nummer,namn,naringsnamn,gruppering,mangd,enhet
1,Nöt talg,"Zink, Zn","Övrigt fett (ister, talg, kokosfett)",0.1,mg
1,Nöt talg,Vitamin E,"Övrigt fett (ister, talg, kokosfett)",0.6,mg
1,Nöt talg,Vitamin D,"Övrigt fett (ister, talg, kokosfett)",0.1,µg
1,Nöt talg,Vitamin C,"Övrigt fett (ister, talg, kokosfett)",0.0,mg
1,Nöt talg,Vitamin B6,"Övrigt fett (ister, talg, kokosfett)",0.0,mg
1,Nöt talg,Vitamin B12,"Övrigt fett (ister, talg, kokosfett)",0.0,µg
1,Nöt talg,Vitamin A,"Övrigt fett (ister, talg, kokosfett)",22.0,RE/µg
1,Nöt talg,Vatten,"Övrigt fett (ister, talg, kokosfett)",21.7,g
1,Nöt talg,Tiamin,"Övrigt fett (ister, talg, kokosfett)",0.0,mg
1,Nöt talg,Tillsatt socker,"Övrigt fett (ister, talg, kokosfett)",0.0,g
1,Nöt talg,Fritt socker,"Övrigt fett (ister, talg, kokosfett)",0.0,g
1,Nöt talg,"Selen, Se","Övrigt fett (ister, talg, kokosfett)",1.0,µg
1,Nöt talg,Sackaros,"Övrigt fett (ister, talg, kokosfett)",0.0,g
1,Nöt talg,Riboflavin,"Övrigt fett (ister, talg, kokosfett)",0.0,mg
1,Nöt talg,Retinol,"Övrigt fett (ister, talg, kokosfett)",19.0,µg
1,Nöt talg,Protein,"Övrigt fett (ister, talg, kokosfett)",7.0,g
1,Nöt talg,Summa fleromättade fettsyror,"Övrigt fett (ister, talg, kokosfett)",2.8,g
1,Nöt talg,"Fosfor, P","Övrigt fett (ister, talg, kokosfett)",7.0,mg
1,Nöt talg,Niacinekvivalenter,"Övrigt fett (ister, talg, kokosfett)",1.28,NE/mg
1,Nöt talg,Niacin,"Övrigt fett (ister, talg, kokosfett)",0.0,mg
1,Nöt talg,"Salt, NaCl","Övrigt fett (ister, talg, kokosfett)",0.0,g
1,Nöt talg,"Natrium, Na","Övrigt fett (ister, talg, kokosfett)",10.0,mg
1,Nöt talg,Monosackarider,"Övrigt fett (ister, talg, kokosfett)",0.0,g
1,Nöt talg,"Sockerarter, totalt","Övrigt fett (ister, talg, kokosfett)",0.0,g
1,Nöt talg,Summa enkelomättade fettsyror,"Övrigt fett (ister, talg, kokosfett)",28.8,g
1,Nöt talg,"Magnesium, Mg","Övrigt fett (ister, talg, kokosfett)",3.0,mg
1,Nöt talg,Summa mättade fettsyror,"Övrigt fett (ister, talg, kokosfett)",35.8,g
1,Nöt talg,"Kolhydrater, tillgängliga","Övrigt fett (ister, talg, kokosfett)",0.0,g
1,Nöt talg,Kolesterol,"Övrigt fett (ister, talg, kokosfett)",109.0,mg
1,Nöt talg,"Kalium, K","Övrigt fett (ister, talg, kokosfett)",6.0,mg
1,Nöt talg,"Jod, I","Övrigt fett (ister, talg, kokosfett)",0.0,µg
1,Nöt talg,Fullkorn totalt,"Övrigt fett (ister, talg, kokosfett)",0.0,g
1,Nöt talg,"Folat, totalt","Övrigt fett (ister, talg, kokosfett)",1.0,µg
1,Nöt talg,Fibrer,"Övrigt fett (ister, talg, kokosfett)",0.0,g
1,Nöt talg,"Fett, totalt","Övrigt fett (ister, talg, kokosfett)",71.0,g
1,Nöt talg,"Järn, Fe","Övrigt fett (ister, talg, kokosfett)",0.3,mg
1,Nöt talg,Energi (kJ),"Övrigt fett (ister, talg, kokosfett)",2746.0,kJ
1,Nöt talg,Energi (kcal),"Övrigt fett (ister, talg, kokosfett)",656.0,kcal
1,Nöt talg,Disackarider,"Övrigt fett (ister, talg, kokosfett)",0.0,g
1,Nöt talg,"Kalcium, Ca","Övrigt fett (ister, talg, kokosfett)",0.0,mg
1,Nöt talg,Fettsyra 4:0-10:0,"Övrigt fett (ister, talg, kokosfett)",0.0,g
1,Nöt talg,DHA (C22:6),"Övrigt fett (ister, talg, kokosfett)",0.0,g
1,Nöt talg,DPA (C22:5),"Övrigt fett (ister, talg, kokosfett)",0.0,g
1,Nöt talg,EPA (C20:5),"Övrigt fett (ister, talg, kokosfett)",0.0,g
1,Nöt talg,Arakidonsyra C20:4,"Övrigt fett (ister, talg, kokosfett)",0.0,g
1,Nöt talg,Arakidinsyra C20:0,"Övrigt fett (ister, talg, kokosfett)",0.5,g
1,Nöt talg,Linolensyra C18:3,"Övrigt fett (ister, talg, kokosfett)",0.3,g
1,Nöt talg,Linolsyra C18:2,"Övrigt fett (ister, talg, kokosfett)",2.4,g
1,Nöt talg,Oljesyra C18:1,"Övrigt fett (ister, talg, kokosfett)",25.3,g
1,Nöt talg,Stearinsyra C18:0,"Övrigt fett (ister, talg, kokosfett)",10.8,g
1,Nöt talg,Palmitoljesyra C16:1,"Övrigt fett (ister, talg, kokosfett)",2.6,g
1,Nöt talg,Palmitinsyra C16:0,"Övrigt fett (ister, talg, kokosfett)",20.2,g
1,Nöt talg,Myristinsyra C14:0,"Övrigt fett (ister, talg, kokosfett)",3.2,g
1,Nöt talg,Laurinsyra C12:0,"Övrigt fett (ister, talg, kokosfett)",0.1,g
1,Nöt talg,Betakaroten/β-Karoten,"Övrigt fett (ister, talg, kokosfett)",36.0,µg
1,Nöt talg,Avfall (skal etc.),"Övrigt fett (ister, talg, kokosfett)",0.0,%
1,Nöt talg,Aska,"Övrigt fett (ister, talg, kokosfett)",0.3,g
1,Nöt talg,Alkohol,"Övrigt fett (ister, talg, kokosfett)",0.0,g
2,Gris späck,"Zink, Zn","Övrigt fett (ister, talg, kokosfett)",0.4,mg
2,Gris späck,Vitamin E,"Övrigt fett (ister, talg, kokosfett)",0.7,mg
2,Gris späck,Vitamin D,"Övrigt fett (ister, talg, kokosfett)",0.6,µg
2,Gris späck,Vitamin C,"Övrigt fett (ister, talg, kokosfett)",0.0,mg
2,Gris späck,Vitamin B6,"Övrigt fett (ister, talg, kokosfett)",0.02,mg
2,Gris späck,Vitamin B12,"Övrigt fett (ister, talg, kokosfett)",0.6,µg
2,Gris späck,Vitamin A,"Övrigt fett (ister, talg, kokosfett)",4.0,RE/µg
2,Gris späck,Vatten,"Övrigt fett (ister, talg, kokosfett)",11.1,g
2,Gris späck,Tiamin,"Övrigt fett (ister, talg, kokosfett)",0.05,mg
2,Gris späck,Tillsatt socker,"Övrigt fett (ister, talg, kokosfett)",0.0,g
2,Gris späck,Fritt socker,"Övrigt fett (ister, talg, kokosfett)",0.0,g
2,Gris späck,"Selen, Se","Övrigt fett (ister, talg, kokosfett)",5.0,µg
2,Gris späck,Sackaros,"Övrigt fett (ister, talg, kokosfett)",0.0,g
2,Gris späck,Riboflavin,"Övrigt fett (ister, talg, kokosfett)",0.07,mg
2,Gris späck,Retinol,"Övrigt fett (ister, talg, kokosfett)",4.0,µg
2,Gris späck,Protein,"Övrigt fett (ister, talg, kokosfett)",2.8,g
2,Gris späck,Summa fleromättade fettsyror,"Övrigt fett (ister, talg, kokosfett)",9.0,g
2,Gris späck,"Fosfor, P","Övrigt fett (ister, talg, kokosfett)",26.0,mg
2,Gris späck,Niacinekvivalenter,"Övrigt fett (ister, talg, kokosfett)",1.01,NE/mg
2,Gris späck,Niacin,"Övrigt fett (ister, talg, kokosfett)",0.5,mg
2,Gris späck,"Salt, NaCl","Övrigt fett (ister, talg, kokosfett)",0.0,g
2,Gris späck,"Natrium, Na","Övrigt fett (ister, talg, kokosfett)",11.0,mg
2,Gris späck,Monosackarider,"Övrigt fett (ister, talg, kokosfett)",0.0,g
2,Gris späck,"Sockerarter, totalt","Övrigt fett (ister, talg, kokosfett)",0.0,g
2,Gris späck,Summa enkelomättade fettsyror,"Övrigt fett (ister, talg, kokosfett)",38.5,g
2,Gris späck,"Magnesium, Mg","Övrigt fett (ister, talg, kokosfett)",1.0,mg
2,Gris späck,Summa mättade fettsyror,"Övrigt fett (ister, talg, kokosfett)",32.8,g
2,Gris späck,"Kolhydrater, tillgängliga","Övrigt fett (ister, talg, kokosfett)",0.0,g
2,Gris späck,Kolesterol,"Övrigt fett (ister, talg, kokosfett)",57.0,mg
2,Gris späck,"Kalium, K","Övrigt fett (ister, talg, kokosfett)",65.0,mg
2,Gris späck,"Jod, I","Övrigt fett (ister, talg, kokosfett)",0.0,µg
2,Gris späck,Fullkorn totalt,"Övrigt fett (ister, talg, kokosfett)",0.0,g
2,Gris späck,"Folat, totalt","Övrigt fett (ister, talg, kokosfett)",1.0,µg
2,Gris späck,Fibrer,"Övrigt fett (ister, talg, kokosfett)",0.0,g
2,Gris späck,"Fett, totalt","Övrigt fett (ister, talg, kokosfett)",85.0,g
2,Gris späck,"Järn, Fe","Övrigt fett (ister, talg, kokosfett)",0.2,mg
2,Gris späck,Energi (kJ),"Övrigt fett (ister, talg, kokosfett)",3193.0,kJ
2,Gris späck,Energi (kcal),"Övrigt fett (ister, talg, kokosfett)",763.0,kcal
2,Gris späck,Disackarider,"Övrigt fett (ister, talg, kokosfett)",0.0,g
2,Gris späck,"Kalcium, Ca","Övrigt fett (ister, talg, kokosfett)",4.0,mg
2,Gris späck,Fettsyra 4:0-10:0,"Övrigt fett (ister, talg, kokosfett)",0.0,g
2,Gris späck,DHA (C22:6),"Övrigt fett (ister, talg, kokosfett)",0.0,g
2,Gris späck,DPA (C22:5),"Övrigt fett (ister, talg, kokosfett)",0.0,g
2,Gris späck,EPA (C20:5),"Övrigt fett (ister, talg, kokosfett)",0.0,g
2,Gris späck,Arakidonsyra C20:4,"Övrigt fett (ister, talg, kokosfett)",0.0,g
2,Gris späck,Arakidinsyra C20:0,"Övrigt fett (ister, talg, kokosfett)",0.2,g
2,Gris späck,Linolensyra C18:3,"Övrigt fett (ister, talg, kokosfett)",0.7,g
2,Gris späck,Linolsyra C18:2,"Övrigt fett (ister, talg, kokosfett)",7.8,g
2,Gris späck,Oljesyra C18:1,"Övrigt fett (ister, talg, kokosfett)",35.2,g
2,Gris späck,Stearinsyra C18:0,"Övrigt fett (ister, talg, kokosfett)",10.6,g
2,Gris späck,Palmitoljesyra C16:1,"Övrigt fett (ister, talg, kokosfett)",2.3,g
2,Gris späck,Palmitinsyra C16:0,"Övrigt fett (ister, talg, kokosfett)",20.7,g
2,Gris späck,Myristinsyra C14:0,"Övrigt fett (ister, talg, kokosfett)",1.0,g
2,Gris späck,Laurinsyra C12:0,"Övrigt fett (ister, talg, kokosfett)",0.1,g
2,Gris späck,Betakaroten/β-Karoten,"Övrigt fett (ister, talg, kokosfett)",0.0,µg
2,Gris späck,Avfall (skal etc.),"Övrigt fett (ister, talg, kokosfett)",0.0,%
2,Gris späck,Aska,"Övrigt fett (ister, talg, kokosfett)",0.7,g
2,Gris späck,Alkohol,"Övrigt fett (ister, talg, kokosfett)",0.0,g
3,Gris ister,"Zink, Zn","Övrigt fett (ister, talg, kokosfett)",0.1,mg
3,Gris ister,Vitamin E,"Övrigt fett (ister, talg, kokosfett)",1.2,mg
3,Gris ister,Vitamin D,"Övrigt fett (ister, talg, kokosfett)",0.0,µg
3,Gris ister,Vitamin C,"Övrigt fett (ister, talg, kokosfett)",0.0,mg
3,Gris ister,Vitamin B6,"Övrigt fett (ister, talg, kokosfett)",0.0,mg
3,Gris ister,Vitamin B12,"Övrigt fett (ister, talg, kokosfett)",0.0,µg
3,Gris ister,Vitamin A,"Övrigt fett (ister, talg, kokosfett)",9.0,RE/µg
3,Gris ister,Vatten,"Övrigt fett (ister, talg, kokosfett)",0.0,g
3,Gris ister,Tiamin,"Övrigt fett (ister, talg, kokosfett)",0.0,mg
3,Gris ister,Tillsatt socker,"Övrigt fett (ister, talg, kokosfett)",0.0,g
3,Gris ister,Fritt socker,"Övrigt fett (ister, talg, kokosfett)",0.0,g
3,Gris ister,"Selen, Se","Övrigt fett (ister, talg, kokosfett)",7.0,µg
3,Gris ister,Sackaros,"Övrigt fett (ister, talg, kokosfett)",0.0,g
3,Gris ister,Riboflavin,"Övrigt fett (ister, talg, kokosfett)",0.0,mg
3,Gris ister,Retinol,"Övrigt fett (ister, talg, kokosfett)",9.0,µg
3,Gris ister,Protein,"Övrigt fett (ister, talg, kokosfett)",0.0,g
3,Gris ister,Summa fleromättade fettsyror,"Övrigt fett (ister, talg, kokosfett)",9.4,g
3,Gris ister,"Fosfor, P","Övrigt fett (ister, talg, kokosfett)",3.0,mg
3,Gris ister,Niacinekvivalenter,"Övrigt fett (ister, talg, kokosfett)",0.0,NE/mg
3,Gris ister,Niacin,"Övrigt fett (ister, talg, kokosfett)",0.0,mg
3,Gris ister,"Salt, NaCl","Övrigt fett (ister, talg, kokosfett)",0.0,g
3,Gris ister,"Natrium, Na","Övrigt fett (ister, talg, kokosfett)",2.0,mg
3,Gris ister,Monosackarider,"Övrigt fett (ister, talg, kokosfett)",0.0,g
3,Gris ister,"Sockerarter, totalt","Övrigt fett (ister, talg, kokosfett)",0.0,g
3,Gris ister,Summa enkelomättade fettsyror,"Övrigt fett (ister, talg, kokosfett)",37.5,g
3,Gris ister,"Magnesium, Mg","Övrigt fett (ister, talg, kokosfett)",1.0,mg
3,Gris ister,Summa mättade fettsyror,"Övrigt fett (ister, talg, kokosfett)",48.8,g
3,Gris ister,"Kolhydrater, tillgängliga","Övrigt fett (ister, talg, kokosfett)",0.0,g
3,Gris ister,Kolesterol,"Övrigt fett (ister, talg, kokosfett)",95.0,mg
3,Gris ister,"Kalium, K","Övrigt fett (ister, talg, kokosfett)",1.0,mg
3,Gris ister,"Jod, I","Övrigt fett (ister, talg, kokosfett)",0.0,µg
3,Gris ister,Fullkorn totalt,"Övrigt fett (ister, talg, kokosfett)",0.0,g
3,Gris ister,"Folat, totalt","Övrigt fett (ister, talg, kokosfett)",0.0,µg
3,Gris ister,Fibrer,"Övrigt fett (ister, talg, kokosfett)",0.0,g
3,Gris ister,"Fett, totalt","Övrigt fett (ister, talg, kokosfett)",100.0,g
3,Gris ister,"Järn, Fe","Övrigt fett (ister, talg, kokosfett)",0.1,mg
3,Gris ister,Energi (kJ),"Övrigt fett (ister, talg, kokosfett)",3700.0,kJ
3,Gris ister,Energi (kcal),"Övrigt fett (ister, talg, kokosfett)",884.0,kcal
3,Gris ister,Disackarider,"Övrigt fett (ister, talg, kokosfett)",0.0,g
3,Gris ister,"Kalcium, Ca","Övrigt fett (ister, talg, kokosfett)",1.0,mg
3,Gris ister,Fettsyra 4:0-10:0,"Övrigt fett (ister, talg, kokosfett)",0.0,g
3,Gris ister,DHA (C22:6),"Övrigt fett (ister, talg, kokosfett)",0.3,g
3,Gris ister,DPA (C22:5),"Övrigt fett (ister, talg, kokosfett)",0.2,g
3,Gris ister,EPA (C20:5),"Övrigt fett (ister, talg, kokosfett)",0.0,g
3,Gris ister,Arakidonsyra C20:4,"Övrigt fett (ister, talg, kokosfett)",0.0,g
3,Gris ister,Arakidinsyra C20:0,"Övrigt fett (ister, talg, kokosfett)",0.2,g
3,Gris ister,Linolensyra C18:3,"Övrigt fett (ister, talg, kokosfett)",0.7,g
3,Gris ister,Linolsyra C18:2,"Övrigt fett (ister, talg, kokosfett)",7.9,g
3,Gris ister,Oljesyra C18:1,"Övrigt fett (ister, talg, kokosfett)",34.1,g
3,Gris ister,Stearinsyra C18:0,"Övrigt fett (ister, talg, kokosfett)",20.0,g
3,Gris ister,Palmitoljesyra C16:1,"Övrigt fett (ister, talg, kokosfett)",2.0,g
3,Gris ister,Palmitinsyra C16:0,"Övrigt fett (ister, talg, kokosfett)",26.7,g
3,Gris ister,Myristinsyra C14:0,"Övrigt fett (ister, talg, kokosfett)",1.5,g
3,Gris ister,Laurinsyra C12:0,"Övrigt fett (ister, talg, kokosfett)",0.1,g
3,Gris ister,Betakaroten/β-Karoten,"Övrigt fett (ister, talg, kokosfett)",0.0,µg
3,Gris ister,Avfall (skal etc.),"Övrigt fett (ister, talg, kokosfett)",0.0,%
3,Gris ister,Aska,"Övrigt fett (ister, talg, kokosfett)",0.0,g
3,Gris ister,Alkohol,"Övrigt fett (ister, talg, kokosfett)",0.0,g
4,Kokosfett,"Zink, Zn","Övrigt fett (ister, talg, kokosfett)",0.0,mg
4,Kokosfett,Vitamin E,"Övrigt fett (ister, talg, kokosfett)",11.0,mg
4,Kokosfett,Vitamin D inkl 25-OH-D3,"Övrigt fett (ister, talg, kokosfett)",0.0,µg
4,Kokosfett,Vitamin D,"Övrigt fett (ister, talg, kokosfett)",0.0,µg
4,Kokosfett,Vitamin C,"Övrigt fett (ister, talg, kokosfett)",0.0,mg
4,Kokosfett,Vitamin B6,"Övrigt fett (ister, talg, kokosfett)",0.0,mg
4,Kokosfett,Vitamin B12,"Övrigt fett (ister, talg, kokosfett)",0.0,µg
4,Kokosfett,Vitamin A,"Övrigt fett (ister, talg, kokosfett)",0.0,RE/µg
4,Kokosfett,Vatten,"Övrigt fett (ister, talg, kokosfett)",0.0,g
4,Kokosfett,Tiamin,"Övrigt fett (ister, talg, kokosfett)",0.0,mg
4,Kokosfett,Tillsatt socker,"Övrigt fett (ister, talg, kokosfett)",0.0,g
4,Kokosfett,Fritt socker,"Övrigt fett (ister, talg, kokosfett)",0.0,g
4,Kokosfett,"Selen, Se","Övrigt fett (ister, talg, kokosfett)",0.0,µg
4,Kokosfett,Sackaros,"Övrigt fett (ister, talg, kokosfett)",0.0,g
4,Kokosfett,Riboflavin,"Övrigt fett (ister, talg, kokosfett)",0.0,mg
4,Kokosfett,Retinol,"Övrigt fett (ister, talg, kokosfett)",0.0,µg
4,Kokosfett,Protein,"Övrigt fett (ister, talg, kokosfett)",0.0,g
4,Kokosfett,Summa fleromättade fettsyror,"Övrigt fett (ister, talg, kokosfett)",1.8,g
4,Kokosfett,"Fosfor, P","Övrigt fett (ister, talg, kokosfett)",0.0,mg
4,Kokosfett,Niacinekvivalenter,"Övrigt fett (ister, talg, kokosfett)",0.0,NE/mg
4,Kokosfett,Niacin,"Övrigt fett (ister, talg, kokosfett)",0.0,mg
4,Kokosfett,"Salt, NaCl","Övrigt fett (ister, talg, kokosfett)",0.0,g
4,Kokosfett,"Natrium, Na","Övrigt fett (ister, talg, kokosfett)",0.0,mg
4,Kokosfett,Monosackarider,"Övrigt fett (ister, talg, kokosfett)",0.0,g
4,Kokosfett,"Sockerarter, totalt","Övrigt fett (ister, talg, kokosfett)",0.0,g
4,Kokosfett,Summa enkelomättade fettsyror,"Övrigt fett (ister, talg, kokosfett)",7.3,g
4,Kokosfett,"Magnesium, Mg","Övrigt fett (ister, talg, kokosfett)",0.0,mg
4,Kokosfett,Summa mättade fettsyror,"Övrigt fett (ister, talg, kokosfett)",90.6,g
4,Kokosfett,"Kolhydrater, tillgängliga","Övrigt fett (ister, talg, kokosfett)",0.0,g
4,Kokosfett,Kolesterol,"Övrigt fett (ister, talg, kokosfett)",0.0,mg
4,Kokosfett,"Kalium, K","Övrigt fett (ister, talg, kokosfett)",0.0,mg
4,Kokosfett,"Jod, I","Övrigt fett (ister, talg, kokosfett)",0.0,µg
4,Kokosfett,Fullkorn totalt,"Övrigt fett (ister, talg, kokosfett)",0.0,g
4,Kokosfett,"Folat, totalt","Övrigt fett (ister, talg, kokosfett)",0.0,µg
4,Kokosfett,Fibrer,"Övrigt fett (ister, talg, kokosfett)",0.0,g
4,Kokosfett,"Fett, totalt","Övrigt fett (ister, talg, kokosfett)",100.0,g
4,Kokosfett,"Järn, Fe","Övrigt fett (ister, talg, kokosfett)",0.0,mg
4,Kokosfett,Energi (kJ),"Övrigt fett (ister, talg, kokosfett)",3700.0,kJ
4,Kokosfett,Energi (kcal),"Övrigt fett (ister, talg, kokosfett)",884.0,kcal
4,Kokosfett,Disackarider,"Övrigt fett (ister, talg, kokosfett)",0.0,g
4,Kokosfett,"Kalcium, Ca","Övrigt fett (ister, talg, kokosfett)",0.0,mg
4,Kokosfett,Fettsyra 4:0-10:0,"Övrigt fett (ister, talg, kokosfett)",13.0,g
4,Kokosfett,DHA (C22:6),"Övrigt fett (ister, talg, kokosfett)",0.0,g
4,Kokosfett,DPA (C22:5),"Övrigt fett (ister, talg, kokosfett)",0.0,g
4,Kokosfett,EPA (C20:5),"Övrigt fett (ister, talg, kokosfett)",0.0,g
4,Kokosfett,Arakidonsyra C20:4,"Övrigt fett (ister, talg, kokosfett)",0.0,g
4,Kokosfett,Arakidinsyra C20:0,"Övrigt fett (ister, talg, kokosfett)",0.0,g
4,Kokosfett,Linolensyra C18:3,"Övrigt fett (ister, talg, kokosfett)",0.0,g
4,Kokosfett,Linolsyra C18:2,"Övrigt fett (ister, talg, kokosfett)",1.8,g
4,Kokosfett,Oljesyra C18:1,"Övrigt fett (ister, talg, kokosfett)",7.2,g
4,Kokosfett,Stearinsyra C18:0,"Övrigt fett (ister, talg, kokosfett)",3.0,g
4,Kokosfett,Palmitoljesyra C16:1,"Övrigt fett (ister, talg, kokosfett)",0.0,g
4,Kokosfett,Palmitinsyra C16:0,"Övrigt fett (ister, talg, kokosfett)",9.6,g
4,Kokosfett,Myristinsyra C14:0,"Övrigt fett (ister, talg, kokosfett)",18.7,g
4,Kokosfett,Laurinsyra C12:0,"Övrigt fett (ister, talg, kokosfett)",46.3,g
4,Kokosfett,Betakaroten/β-Karoten,"Övrigt fett (ister, talg, kokosfett)",0.0,µg
4,Kokosfett,Avfall (skal etc.),"Övrigt fett (ister, talg, kokosfett)",0.0,%
4,Kokosfett,Aska,"Övrigt fett (ister, talg, kokosfett)",0.0,g
4,Kokosfett,Alkohol,"Övrigt fett (ister, talg, kokosfett)",0.0,g
5,Matfettsblandning havssaltat fett 80% berikad typ Bregott,"Zink, Zn",Hård matfettsblandning,0.1,mg
5,Matfettsblandning havssaltat fett 80% berikad typ Bregott,Vitamin E,Hård matfettsblandning,6.8,mg
5,Matfettsblandning havssaltat fett 80% berikad typ Bregott,Vitamin D,Hård matfettsblandning,20.0,µg
5,Matfettsblandning havssaltat fett 80% berikad typ Bregott,Vitamin C,Hård matfettsblandning,0.0,mg
5,Matfettsblandning havssaltat fett 80% berikad typ Bregott,Vitamin B6,Hård matfettsblandning,0.01,mg
5,Matfettsblandning havssaltat fett 80% berikad typ Bregott,Vitamin B12,Hård matfettsblandning,0.1,µg
5,Matfettsblandning havssaltat fett 80% berikad typ Bregott,Vitamin A,Hård matfettsblandning,919.2,RE/µg
5,Matfettsblandning havssaltat fett 80% berikad typ Bregott,Vatten,Hård matfettsblandning,17.5,g
5,Matfettsblandning havssaltat fett 80% berikad typ Bregott,Tiamin,Hård matfettsblandning,0.01,mg
5,Matfettsblandning havssaltat fett 80% berikad typ Bregott,Tillsatt socker,Hård matfettsblandning,0.0,g
5,Matfettsblandning havssaltat fett 80% berikad typ Bregott,Fritt socker,Hård matfettsblandning,0.0,g
5,Matfettsblandning havssaltat fett 80% berikad typ Bregott,"Selen, Se",Hård matfettsblandning,0.0,µg
5,Matfettsblandning havssaltat fett 80% berikad typ Bregott,Sackaros,Hård matfettsblandning,0.0,g
5,Matfettsblandning havssaltat fett 80% berikad typ Bregott,Riboflavin,Hård matfettsblandning,0.02,mg
5,Matfettsblandning havssaltat fett 80% berikad typ Bregott,Retinol,Hård matfettsblandning,900.0,µg
5,Matfettsblandning havssaltat fett 80% berikad typ Bregott,Protein,Hård matfettsblandning,0.5,g
5,Matfettsblandning havssaltat fett 80% berikad typ Bregott,Summa fleromättade fettsyror,Hård matfettsblandning,8.5,g
5,Matfettsblandning havssaltat fett 80% berikad typ Bregott,"Fosfor, P",Hård matfettsblandning,26.0,mg
5,Matfettsblandning havssaltat fett 80% berikad typ Bregott,Niacinekvivalenter,Hård matfettsblandning,0.22,NE/mg
5,Matfettsblandning havssaltat fett 80% berikad typ Bregott,Niacin,Hård matfettsblandning,0.1,mg
5,Matfettsblandning havssaltat fett 80% berikad typ Bregott,"Salt, NaCl",Hård matfettsblandning,2.0,g
5,Matfettsblandning havssaltat fett 80% berikad typ Bregott,"Natrium, Na",Hård matfettsblandning,800.0,mg
5,Matfettsblandning havssaltat fett 80% berikad typ Bregott,Monosackarider,Hård matfettsblandning,0.0,g
5,Matfettsblandning havssaltat fett 80% berikad typ Bregott,"Sockerarter, totalt",Hård matfettsblandning,0.6,g
5,Matfettsblandning havssaltat fett 80% berikad typ Bregott,Summa enkelomättade fettsyror,Hård matfettsblandning,26.5,g
5,Matfettsblandning havssaltat fett 80% berikad typ Bregott,"Magnesium, Mg",Hård matfettsblandning,3.0,mg
5,Matfettsblandning havssaltat fett 80% berikad typ Bregott,Summa mättade fettsyror,Hård matfettsblandning,39.2,g
5,Matfettsblandning havssaltat fett 80% berikad typ Bregott,"Kolhydrater, tillgängliga",Hård matfettsblandning,0.5,g
5,Matfettsblandning havssaltat fett 80% berikad typ Bregott,Kolesterol,Hård matfettsblandning,180.0,mg
5,Matfettsblandning havssaltat fett 80% berikad typ Bregott,"Kalium, K",Hård matfettsblandning,20.0,mg
5,Matfettsblandning havssaltat fett 80% berikad typ Bregott,"Jod, I",Hård matfettsblandning,2.4,µg
5,Matfettsblandning havssaltat fett 80% berikad typ Bregott,Fullkorn totalt,Hård matfettsblandning,0.0,g
5,Matfettsblandning havssaltat fett 80% berikad typ Bregott,"Folat, totalt",Hård matfettsblandning,3.0,µg
5,Matfettsblandning havssaltat fett 80% berikad typ Bregott,Fibrer,Hård matfettsblandning,0.0,g
5,Matfettsblandning havssaltat fett 80% berikad typ Bregott,"Fett, totalt",Hård matfettsblandning,80.0,g
5,Matfettsblandning havssaltat fett 80% berikad typ Bregott,"Järn, Fe",Hård matfettsblandning,0.2,mg
5,Matfettsblandning havssaltat fett 80% berikad typ Bregott,Energi (kJ),Hård matfettsblandning,2977.0,kJ
5,Matfettsblandning havssaltat fett 80% berikad typ Bregott,Energi (kcal),Hård matfettsblandning,712.0,kcal
5,Matfettsblandning havssaltat fett 80% berikad typ Bregott,Disackarider,Hård matfettsblandning,0.6,g
5,Matfettsblandning havssaltat fett 80% berikad typ Bregott,"Kalcium, Ca",Hård matfettsblandning,18.0,mg
5,Matfettsblandning havssaltat fett 80% berikad typ Bregott,Fettsyra 4:0-10:0,Hård matfettsblandning,6.4,g
5,Matfettsblandning havssaltat fett 80% berikad typ Bregott,DHA (C22:6),Hård matfettsblandning,0.0,g
5,Matfettsblandning havssaltat fett 80% berikad typ Bregott,DPA (C22:5),Hård matfettsblandning,0.0,g
5,Matfettsblandning havssaltat fett 80% berikad typ Bregott,EPA (C20:5),Hård matfettsblandning,0.0,g
5,Matfettsblandning havssaltat fett 80% berikad typ Bregott,Arakidonsyra C20:4,Hård matfettsblandning,0.0,g
5,Matfettsblandning havssaltat fett 80% berikad typ Bregott,Arakidinsyra C20:0,Hård matfettsblandning,0.3,g
5,Matfettsblandning havssaltat fett 80% berikad typ Bregott,Linolensyra C18:3,Hård matfettsblandning,2.4,g
5,Matfettsblandning havssaltat fett 80% berikad typ Bregott,Linolsyra C18:2,Hård matfettsblandning,6.1,g
5,Matfettsblandning havssaltat fett 80% berikad typ Bregott,Oljesyra C18:1,Hård matfettsblandning,24.5,g
5,Matfettsblandning havssaltat fett 80% berikad typ Bregott,Stearinsyra C18:0,Hård matfettsblandning,6.5,g
5,Matfettsblandning havssaltat fett 80% berikad typ Bregott,Palmitoljesyra C16:1,Hård matfettsblandning,0.9,g
5,Matfettsblandning havssaltat fett 80% berikad typ Bregott,Palmitinsyra C16:0,Hård matfettsblandning,17.3,g
5,Matfettsblandning havssaltat fett 80% berikad typ Bregott,Myristinsyra C14:0,Hård matfettsblandning,6.0,g
5,Matfettsblandning havssaltat fett 80% berikad typ Bregott,Laurinsyra C12:0,Hård matfettsblandning,2.0,g
5,Matfettsblandning havssaltat fett 80% berikad typ Bregott,Betakaroten/β-Karoten,Hård matfettsblandning,230.0,µg
5,Matfettsblandning havssaltat fett 80% berikad typ Bregott,Avfall (skal etc.),Hård matfettsblandning,0.0,%
5,Matfettsblandning havssaltat fett 80% berikad typ Bregott,Aska,Hård matfettsblandning,1.5,g
5,Matfettsblandning havssaltat fett 80% berikad typ Bregott,Alkohol,Hård matfettsblandning,0.0,g
6,Matfettsblandning fett 60% berikad typ Bregott mellan,"Zink, Zn",Hård matfettsblandning,0.0,mg
6,Matfettsblandning fett 60% berikad typ Bregott mellan,Vitamin E,Hård matfettsblandning,6.5,mg
6,Matfettsblandning fett 60% berikad typ Bregott mellan,Vitamin D,Hård matfettsblandning,20.0,µg
6,Matfettsblandning fett 60% berikad typ Bregott mellan,Vitamin C,Hård matfettsblandning,0.0,mg
6,Matfettsblandning fett 60% berikad typ Bregott mellan,Vitamin B6,Hård matfettsblandning,0.0,mg
6,Matfettsblandning fett 60% berikad typ Bregott mellan,Vitamin B12,Hård matfettsblandning,0.0,µg
6,Matfettsblandning fett 60% berikad typ Bregott mellan,Vitamin A,Hård matfettsblandning,761.6,RE/µg
6,Matfettsblandning fett 60% berikad typ Bregott mellan,Vatten,Hård matfettsblandning,38.1,g
6,Matfettsblandning fett 60% berikad typ Bregott mellan,Tiamin,Hård matfettsblandning,0.0,mg
6,Matfettsblandning fett 60% berikad typ Bregott mellan,Tillsatt socker,Hård matfettsblandning,0.0,g
6,Matfettsblandning fett 60% berikad typ Bregott mellan,Fritt socker,Hård matfettsblandning,0.0,g
6,Matfettsblandning fett 60% berikad typ Bregott mellan,"Selen, Se",Hård matfettsblandning,0.0,µg
6,Matfettsblandning fett 60% berikad typ Bregott mellan,Sackaros,Hård matfettsblandning,0.0,g
6,Matfettsblandning fett 60% berikad typ Bregott mellan,Riboflavin,Hård matfettsblandning,0.0,mg
6,Matfettsblandning fett 60% berikad typ Bregott mellan,Retinol,Hård matfettsblandning,745.0,µg
6,Matfettsblandning fett 60% berikad typ Bregott mellan,Protein,Hård matfettsblandning,0.4,g
6,Matfettsblandning fett 60% berikad typ Bregott mellan,Summa fleromättade fettsyror,Hård matfettsblandning,7.9,g
6,Matfettsblandning fett 60% berikad typ Bregott mellan,"Fosfor, P",Hård matfettsblandning,11.0,mg
6,Matfettsblandning fett 60% berikad typ Bregott mellan,Niacinekvivalenter,Hård matfettsblandning,0.1,NE/mg
6,Matfettsblandning fett 60% berikad typ Bregott mellan,Niacin,Hård matfettsblandning,0.0,mg
6,Matfettsblandning fett 60% berikad typ Bregott mellan,"Salt, NaCl",Hård matfettsblandning,1.0,g
6,Matfettsblandning fett 60% berikad typ Bregott mellan,"Natrium, Na",Hård matfettsblandning,400.0,mg
6,Matfettsblandning fett 60% berikad typ Bregott mellan,Monosackarider,Hård matfettsblandning,0.0,g
6,Matfettsblandning fett 60% berikad typ Bregott mellan,"Sockerarter, totalt",Hård matfettsblandning,0.5,g
6,Matfettsblandning fett 60% berikad typ Bregott mellan,Summa enkelomättade fettsyror,Hård matfettsblandning,22.4,g
6,Matfettsblandning fett 60% berikad typ Bregott mellan,"Magnesium, Mg",Hård matfettsblandning,0.0,mg
6,Matfettsblandning fett 60% berikad typ Bregott mellan,Summa mättade fettsyror,Hård matfettsblandning,26.6,g
6,Matfettsblandning fett 60% berikad typ Bregott mellan,"Kolhydrater, tillgängliga",Hård matfettsblandning,0.5,g
6,Matfettsblandning fett 60% berikad typ Bregott mellan,Kolesterol,Hård matfettsblandning,124.8,mg
6,Matfettsblandning fett 60% berikad typ Bregott mellan,"Kalium, K",Hård matfettsblandning,0.0,mg
6,Matfettsblandning fett 60% berikad typ Bregott mellan,"Jod, I",Hård matfettsblandning,2.7,µg
6,Matfettsblandning fett 60% berikad typ Bregott mellan,Fullkorn totalt,Hård matfettsblandning,0.0,g
6,Matfettsblandning fett 60% berikad typ Bregott mellan,"Folat, totalt",Hård matfettsblandning,0.0,µg
6,Matfettsblandning fett 60% berikad typ Bregott mellan,Fibrer,Hård matfettsblandning,0.0,g
6,Matfettsblandning fett 60% berikad typ Bregott mellan,"Fett, totalt",Hård matfettsblandning,60.0,g
6,Matfettsblandning fett 60% berikad typ Bregott mellan,"Järn, Fe",Hård matfettsblandning,0.0,mg
6,Matfettsblandning fett 60% berikad typ Bregott mellan,Energi (kJ),Hård matfettsblandning,2235.0,kJ
6,Matfettsblandning fett 60% berikad typ Bregott mellan,Energi (kcal),Hård matfettsblandning,534.0,kcal
6,Matfettsblandning fett 60% berikad typ Bregott mellan,Disackarider,Hård matfettsblandning,0.5,g
6,Matfettsblandning fett 60% berikad typ Bregott mellan,"Kalcium, Ca",Hård matfettsblandning,0.0,mg
6,Matfettsblandning fett 60% berikad typ Bregott mellan,Fettsyra 4:0-10:0,Hård matfettsblandning,3.8,g
6,Matfettsblandning fett 60% berikad typ Bregott mellan,DHA (C22:6),Hård matfettsblandning,0.0,g
6,Matfettsblandning fett 60% berikad typ Bregott mellan,DPA (C22:5),Hård matfettsblandning,0.0,g
6,Matfettsblandning fett 60% berikad typ Bregott mellan,EPA (C20:5),Hård matfettsblandning,0.0,g
6,Matfettsblandning fett 60% berikad typ Bregott mellan,Arakidonsyra C20:4,Hård matfettsblandning,0.0,g
6,Matfettsblandning fett 60% berikad typ Bregott mellan,Arakidinsyra C20:0,Hård matfettsblandning,0.2,g
6,Matfettsblandning fett 60% berikad typ Bregott mellan,Linolensyra C18:3,Hård matfettsblandning,2.4,g
6,Matfettsblandning fett 60% berikad typ Bregott mellan,Linolsyra C18:2,Hård matfettsblandning,5.4,g
6,Matfettsblandning fett 60% berikad typ Bregott mellan,Oljesyra C18:1,Hård matfettsblandning,20.9,g
6,Matfettsblandning fett 60% berikad typ Bregott mellan,Stearinsyra C18:0,Hård matfettsblandning,3.9,g
6,Matfettsblandning fett 60% berikad typ Bregott mellan,Palmitoljesyra C16:1,Hård matfettsblandning,0.6,g
6,Matfettsblandning fett 60% berikad typ Bregott mellan,Palmitinsyra C16:0,Hård matfettsblandning,12.1,g
6,Matfettsblandning fett 60% berikad typ Bregott mellan,Myristinsyra C14:0,Hård matfettsblandning,4.0,g
6,Matfettsblandning fett 60% berikad typ Bregott mellan,Laurinsyra C12:0,Hård matfettsblandning,1.2,g
6,Matfettsblandning fett 60% berikad typ Bregott mellan,Betakaroten/β-Karoten,Hård matfettsblandning,199.0,µg
6,Matfettsblandning fett 60% berikad typ Bregott mellan,Avfall (skal etc.),Hård matfettsblandning,0.0,%
6,Matfettsblandning fett 60% berikad typ Bregott mellan,Aska,Hård matfettsblandning,1.0,g
6,Matfettsblandning fett 60% berikad typ Bregott mellan,Alkohol,Hård matfettsblandning,0.0,g
10,Flytande margarin fett 82% berikad typ Milda culinesse,"Zink, Zn",Flytande matfettsblandning,0.0,mg
10,Flytande margarin fett 82% berikad typ Milda culinesse,Vitamin E,Flytande matfettsblandning,23.7,mg
10,Flytande margarin fett 82% berikad typ Milda culinesse,Vitamin D,Flytande matfettsblandning,7.5,µg
10,Flytande margarin fett 82% berikad typ Milda culinesse,Vitamin C,Flytande matfettsblandning,0.0,mg
10,Flytande margarin fett 82% berikad typ Milda culinesse,Vitamin B6,Flytande matfettsblandning,0.0,mg
10,Flytande margarin fett 82% berikad typ Milda culinesse,Vitamin B12,Flytande matfettsblandning,0.0,µg
10,Flytande margarin fett 82% berikad typ Milda culinesse,Vitamin A,Flytande matfettsblandning,693.1,RE/µg
10,Flytande margarin fett 82% berikad typ Milda culinesse,Vatten,Flytande matfettsblandning,16.7,g
10,Flytande margarin fett 82% berikad typ Milda culinesse,Tiamin,Flytande matfettsblandning,0.0,mg
10,Flytande margarin fett 82% berikad typ Milda culinesse,Tillsatt socker,Flytande matfettsblandning,0.0,g
10,Flytande margarin fett 82% berikad typ Milda culinesse,Fritt socker,Flytande matfettsblandning,0.0,g
10,Flytande margarin fett 82% berikad typ Milda culinesse,"Selen, Se",Flytande matfettsblandning,0.0,µg
10,Flytande margarin fett 82% berikad typ Milda culinesse,Sackaros,Flytande matfettsblandning,0.0,g
10,Flytande margarin fett 82% berikad typ Milda culinesse,Riboflavin,Flytande matfettsblandning,0.0,mg
10,Flytande margarin fett 82% berikad typ Milda culinesse,Retinol,Flytande matfettsblandning,645.0,µg
10,Flytande margarin fett 82% berikad typ Milda culinesse,Protein,Flytande matfettsblandning,0.0,g
10,Flytande margarin fett 82% berikad typ Milda culinesse,Summa fleromättade fettsyror,Flytande matfettsblandning,28.7,g
10,Flytande margarin fett 82% berikad typ Milda culinesse,"Fosfor, P",Flytande matfettsblandning,0.0,mg
10,Flytande margarin fett 82% berikad typ Milda culinesse,Niacinekvivalenter,Flytande matfettsblandning,0.0,NE/mg
10,Flytande margarin fett 82% berikad typ Milda culinesse,Niacin,Flytande matfettsblandning,0.0,mg
10,Flytande margarin fett 82% berikad typ Milda culinesse,"Salt, NaCl",Flytande matfettsblandning,1.5,g
10,Flytande margarin fett 82% berikad typ Milda culinesse,"Natrium, Na",Flytande matfettsblandning,600.0,mg
10,Flytande margarin fett 82% berikad typ Milda culinesse,Monosackarider,Flytande matfettsblandning,0.0,g
10,Flytande margarin fett 82% berikad typ Milda culinesse,"Sockerarter, totalt",Flytande matfettsblandning,0.0,g
10,Flytande margarin fett 82% berikad typ Milda culinesse,Summa enkelomättade fettsyror,Flytande matfettsblandning,42.5,g
10,Flytande margarin fett 82% berikad typ Milda culinesse,"Magnesium, Mg",Flytande matfettsblandning,0.0,mg
10,Flytande margarin fett 82% berikad typ Milda culinesse,Summa mättade fettsyror,Flytande matfettsblandning,7.3,g
10,Flytande margarin fett 82% berikad typ Milda culinesse,"Kolhydrater, tillgängliga",Flytande matfettsblandning,0.0,g
10,Flytande margarin fett 82% berikad typ Milda culinesse,Kolesterol,Flytande matfettsblandning,0.0,mg
10,Flytande margarin fett 82% berikad typ Milda culinesse,"Kalium, K",Flytande matfettsblandning,0.0,mg
10,Flytande margarin fett 82% berikad typ Milda culinesse,"Jod, I",Flytande matfettsblandning,0.0,µg
10,Flytande margarin fett 82% berikad typ Milda culinesse,Fullkorn totalt,Flytande matfettsblandning,0.0,g
10,Flytande margarin fett 82% berikad typ Milda culinesse,"Folat, totalt",Flytande matfettsblandning,0.0,µg
10,Flytande margarin fett 82% berikad typ Milda culinesse,Fibrer,Flytande matfettsblandning,0.0,g
10,Flytande margarin fett 82% berikad typ Milda culinesse,"Fett, totalt",Flytande matfettsblandning,82.0,g
10,Flytande margarin fett 82% berikad typ Milda culinesse,"Järn, Fe",Flytande matfettsblandning,0.0,mg
10,Flytande margarin fett 82% berikad typ Milda culinesse,Energi (kJ),Flytande matfettsblandning,3034.0,kJ
10,Flytande margarin fett 82% berikad typ Milda culinesse,Energi (kcal),Flytande matfettsblandning,725.0,kcal
10,Flytande margarin fett 82% berikad typ Milda culinesse,Disackarider,Flytande matfettsblandning,0.0,g
10,Flytande margarin fett 82% berikad typ Milda culinesse,"Kalcium, Ca",Flytande matfettsblandning,0.0,mg
10,Flytande margarin fett 82% berikad typ Milda culinesse,Fettsyra 4:0-10:0,Flytande matfettsblandning,0.0,g
10,Flytande margarin fett 82% berikad typ Milda culinesse,DHA (C22:6),Flytande matfettsblandning,0.0,g
10,Flytande margarin fett 82% berikad typ Milda culinesse,DPA (C22:5),Flytande matfettsblandning,0.0,g
10,Flytande margarin fett 82% berikad typ Milda culinesse,EPA (C20:5),Flytande matfettsblandning,0.0,g
10,Flytande margarin fett 82% berikad typ Milda culinesse,Arakidonsyra C20:4,Flytande matfettsblandning,0.0,g
10,Flytande margarin fett 82% berikad typ Milda culinesse,Arakidinsyra C20:0,Flytande matfettsblandning,0.6,g
10,Flytande margarin fett 82% berikad typ Milda culinesse,Linolensyra C18:3,Flytande matfettsblandning,8.8,g
10,Flytande margarin fett 82% berikad typ Milda culinesse,Linolsyra C18:2,Flytande matfettsblandning,19.8,g
10,Flytande margarin fett 82% berikad typ Milda culinesse,Oljesyra C18:1,Flytande matfettsblandning,41.0,g
10,Flytande margarin fett 82% berikad typ Milda culinesse,Stearinsyra C18:0,Flytande matfettsblandning,2.1,g
10,Flytande margarin fett 82% berikad typ Milda culinesse,Palmitoljesyra C16:1,Flytande matfettsblandning,0.2,g
10,Flytande margarin fett 82% berikad typ Milda culinesse,Palmitinsyra C16:0,Flytande matfettsblandning,3.6,g
10,Flytande margarin fett 82% berikad typ Milda culinesse,Myristinsyra C14:0,Flytande matfettsblandning,0.1,g
10,Flytande margarin fett 82% berikad typ Milda culinesse,Laurinsyra C12:0,Flytande matfettsblandning,0.0,g
10,Flytande margarin fett 82% berikad typ Milda culinesse,Betakaroten/β-Karoten,Flytande matfettsblandning,577.0,µg
10,Flytande margarin fett 82% berikad typ Milda culinesse,Avfall (skal etc.),Flytande matfettsblandning,0.0,%
10,Flytande margarin fett 82% berikad typ Milda culinesse,Aska,Flytande matfettsblandning,1.3,g
10,Flytande margarin fett 82% berikad typ Milda culinesse,Alkohol,Flytande matfettsblandning,0.0,g
12,Hushållsmargarin fett 80% berikad typ Melba,"Zink, Zn",Hård matfettsblandning,0.0,mg
12,Hushållsmargarin fett 80% berikad typ Melba,Vitamin E,Hård matfettsblandning,5.0,mg
12,Hushållsmargarin fett 80% berikad typ Melba,Vitamin D,Hård matfettsblandning,20.0,µg
12,Hushållsmargarin fett 80% berikad typ Melba,Vitamin C,Hård matfettsblandning,0.0,mg
12,Hushållsmargarin fett 80% berikad typ Melba,Vitamin B6,Hård matfettsblandning,0.0,mg
12,Hushållsmargarin fett 80% berikad typ Melba,Vitamin B12,Hård matfettsblandning,0.0,µg
12,Hushållsmargarin fett 80% berikad typ Melba,Vitamin A,Hård matfettsblandning,900.0,RE/µg
12,Hushållsmargarin fett 80% berikad typ Melba,Vatten,Hård matfettsblandning,18.0,g
12,Hushållsmargarin fett 80% berikad typ Melba,Tiamin,Hård matfettsblandning,0.0,mg
12,Hushållsmargarin fett 80% berikad typ Melba,Tillsatt socker,Hård matfettsblandning,0.0,g
12,Hushållsmargarin fett 80% berikad typ Melba,Fritt socker,Hård matfettsblandning,0.0,g
12,Hushållsmargarin fett 80% berikad typ Melba,"Selen, Se",Hård matfettsblandning,0.0,µg
12,Hushållsmargarin fett 80% berikad typ Melba,Sackaros,Hård matfettsblandning,0.0,g
12,Hushållsmargarin fett 80% berikad typ Melba,Riboflavin,Hård matfettsblandning,0.0,mg
12,Hushållsmargarin fett 80% berikad typ Melba,Retinol,Hård matfettsblandning,855.0,µg
12,Hushållsmargarin fett 80% berikad typ Melba,Protein,Hård matfettsblandning,0.1,g
12,Hushållsmargarin fett 80% berikad typ Melba,Summa fleromättade fettsyror,Hård matfettsblandning,10.0,g
12,Hushållsmargarin fett 80% berikad typ Melba,"Fosfor, P",Hård matfettsblandning,0.0,mg
12,Hushållsmargarin fett 80% berikad typ Melba,Niacinekvivalenter,Hård matfettsblandning,0.02,NE/mg
12,Hushållsmargarin fett 80% berikad typ Melba,Niacin,Hård matfettsblandning,0.0,mg
12,Hushållsmargarin fett 80% berikad typ Melba,"Salt, NaCl",Hård matfettsblandning,1.5,g
12,Hushållsmargarin fett 80% berikad typ Melba,"Natrium, Na",Hård matfettsblandning,600.0,mg
12,Hushållsmargarin fett 80% berikad typ Melba,Monosackarider,Hård matfettsblandning,0.0,g
12,Hushållsmargarin fett 80% berikad typ Melba,"Sockerarter, totalt",Hård matfettsblandning,0.4,g
12,Hushållsmargarin fett 80% berikad typ Melba,Summa enkelomättade fettsyror,Hård matfettsblandning,34.0,g
12,Hushållsmargarin fett 80% berikad typ Melba,"Magnesium, Mg",Hård matfettsblandning,0.0,mg
12,Hushållsmargarin fett 80% berikad typ Melba,Summa mättade fettsyror,Hård matfettsblandning,36.0,g
12,Hushållsmargarin fett 80% berikad typ Melba,"Kolhydrater, tillgängliga",Hård matfettsblandning,0.4,g
12,Hushållsmargarin fett 80% berikad typ Melba,Kolesterol,Hård matfettsblandning,0.0,mg
12,Hushållsmargarin fett 80% berikad typ Melba,"Kalium, K",Hård matfettsblandning,0.0,mg
12,Hushållsmargarin fett 80% berikad typ Melba,"Jod, I",Hård matfettsblandning,0.5,µg
12,Hushållsmargarin fett 80% berikad typ Melba,Fullkorn totalt,Hård matfettsblandning,0.0,g
12,Hushållsmargarin fett 80% berikad typ Melba,"Folat, totalt",Hård matfettsblandning,0.0,µg
12,Hushållsmargarin fett 80% berikad typ Melba,Fibrer,Hård matfettsblandning,0.0,g
12,Hushållsmargarin fett 80% berikad typ Melba,"Fett, totalt",Hård matfettsblandning,80.0,g
12,Hushållsmargarin fett 80% berikad typ Melba,"Järn, Fe",Hård matfettsblandning,0.0,mg
12,Hushållsmargarin fett 80% berikad typ Melba,Energi (kJ),Hård matfettsblandning,2968.0,kJ
12,Hushållsmargarin fett 80% berikad typ Melba,Energi (kcal),Hård matfettsblandning,710.0,kcal
12,Hushållsmargarin fett 80% berikad typ Melba,Disackarider,Hård matfettsblandning,0.4,g
12,Hushållsmargarin fett 80% berikad typ Melba,"Kalcium, Ca",Hård matfettsblandning,0.0,mg
12,Hushållsmargarin fett 80% berikad typ Melba,Fettsyra 4:0-10:0,Hård matfettsblandning,0.3,g
12,Hushållsmargarin fett 80% berikad typ Melba,DHA (C22:6),Hård matfettsblandning,0.0,g
12,Hushållsmargarin fett 80% berikad typ Melba,DPA (C22:5),Hård matfettsblandning,0.0,g
12,Hushållsmargarin fett 80% berikad typ Melba,EPA (C20:5),Hård matfettsblandning,0.0,g
12,Hushållsmargarin fett 80% berikad typ Melba,Arakidonsyra C20:4,Hård matfettsblandning,0.0,g
12,Hushållsmargarin fett 80% berikad typ Melba,Arakidinsyra C20:0,Hård matfettsblandning,0.0,g
12,Hushållsmargarin fett 80% berikad typ Melba,Linolensyra C18:3,Hård matfettsblandning,4.3,g
12,Hushållsmargarin fett 80% berikad typ Melba,Linolsyra C18:2,Hård matfettsblandning,10.3,g
12,Hushållsmargarin fett 80% berikad typ Melba,Oljesyra C18:1,Hård matfettsblandning,33.8,g
12,Hushållsmargarin fett 80% berikad typ Melba,Stearinsyra C18:0,Hård matfettsblandning,2.6,g
12,Hushållsmargarin fett 80% berikad typ Melba,Palmitoljesyra C16:1,Hård matfettsblandning,0.0,g
12,Hushållsmargarin fett 80% berikad typ Melba,Palmitinsyra C16:0,Hård matfettsblandning,23.4,g
12,Hushållsmargarin fett 80% berikad typ Melba,Myristinsyra C14:0,Hård matfettsblandning,1.1,g
12,Hushållsmargarin fett 80% berikad typ Melba,Laurinsyra C12:0,Hård matfettsblandning,2.0,g
12,Hushållsmargarin fett 80% berikad typ Melba,Betakaroten/β-Karoten,Hård matfettsblandning,540.0,µg
12,Hushållsmargarin fett 80% berikad typ Melba,Avfall (skal etc.),Hård matfettsblandning,0.0,%
12,Hushållsmargarin fett 80% berikad typ Melba,Aska,Hård matfettsblandning,1.5,g
12,Hushållsmargarin fett 80% berikad typ Melba,Alkohol,Hård matfettsblandning,0.0,g
13,Hushållsmargarin fett 80% berikad typ Milda,"Zink, Zn",Hård matfettsblandning,0.0,mg
13,Hushållsmargarin fett 80% berikad typ Milda,Vitamin E,Hård matfettsblandning,12.0,mg
13,Hushållsmargarin fett 80% berikad typ Milda,Vitamin D,Hård matfettsblandning,20.0,µg
13,Hushållsmargarin fett 80% berikad typ Milda,Vitamin C,Hård matfettsblandning,0.0,mg
13,Hushållsmargarin fett 80% berikad typ Milda,Vitamin B6,Hård matfettsblandning,0.0,mg
13,Hushållsmargarin fett 80% berikad typ Milda,Vitamin B12,Hård matfettsblandning,0.0,µg
13,Hushållsmargarin fett 80% berikad typ Milda,Vitamin A,Hård matfettsblandning,800.0,RE/µg
13,Hushållsmargarin fett 80% berikad typ Milda,Vatten,Hård matfettsblandning,17.5,g
13,Hushållsmargarin fett 80% berikad typ Milda,Tiamin,Hård matfettsblandning,0.0,mg
13,Hushållsmargarin fett 80% berikad typ Milda,Tillsatt socker,Hård matfettsblandning,0.0,g
13,Hushållsmargarin fett 80% berikad typ Milda,Fritt socker,Hård matfettsblandning,0.0,g
13,Hushållsmargarin fett 80% berikad typ Milda,"Selen, Se",Hård matfettsblandning,0.0,µg
13,Hushållsmargarin fett 80% berikad typ Milda,Sackaros,Hård matfettsblandning,0.0,g
13,Hushållsmargarin fett 80% berikad typ Milda,Riboflavin,Hård matfettsblandning,0.0,mg
13,Hushållsmargarin fett 80% berikad typ Milda,Retinol,Hård matfettsblandning,760.0,µg
13,Hushållsmargarin fett 80% berikad typ Milda,Protein,Hård matfettsblandning,0.5,g
13,Hushållsmargarin fett 80% berikad typ Milda,Summa fleromättade fettsyror,Hård matfettsblandning,18.0,g
13,Hushållsmargarin fett 80% berikad typ Milda,"Fosfor, P",Hård matfettsblandning,0.0,mg
13,Hushållsmargarin fett 80% berikad typ Milda,Niacinekvivalenter,Hård matfettsblandning,0.08,NE/mg
13,Hushållsmargarin fett 80% berikad typ Milda,Niacin,Hård matfettsblandning,0.0,mg
13,Hushållsmargarin fett 80% berikad typ Milda,"Salt, NaCl",Hård matfettsblandning,1.5,g
13,Hushållsmargarin fett 80% berikad typ Milda,"Natrium, Na",Hård matfettsblandning,600.0,mg
13,Hushållsmargarin fett 80% berikad typ Milda,Monosackarider,Hård matfettsblandning,0.0,g
13,Hushållsmargarin fett 80% berikad typ Milda,"Sockerarter, totalt",Hård matfettsblandning,0.3,g
13,Hushållsmargarin fett 80% berikad typ Milda,Summa enkelomättade fettsyror,Hård matfettsblandning,30.0,g
13,Hushållsmargarin fett 80% berikad typ Milda,"Magnesium, Mg",Hård matfettsblandning,0.0,mg
13,Hushållsmargarin fett 80% berikad typ Milda,Summa mättade fettsyror,Hård matfettsblandning,32.0,g
13,Hushållsmargarin fett 80% berikad typ Milda,"Kolhydrater, tillgängliga",Hård matfettsblandning,0.5,g
13,Hushållsmargarin fett 80% berikad typ Milda,Kolesterol,Hård matfettsblandning,0.0,mg
13,Hushållsmargarin fett 80% berikad typ Milda,"Kalium, K",Hård matfettsblandning,0.0,mg
13,Hushållsmargarin fett 80% berikad typ Milda,"Jod, I",Hård matfettsblandning,0.5,µg
13,Hushållsmargarin fett 80% berikad typ Milda,Fullkorn totalt,Hård matfettsblandning,0.0,g
13,Hushållsmargarin fett 80% berikad typ Milda,"Folat, totalt",Hård matfettsblandning,0.0,µg
13,Hushållsmargarin fett 80% berikad typ Milda,Fibrer,Hård matfettsblandning,0.0,g
13,Hushållsmargarin fett 80% berikad typ Milda,"Fett, totalt",Hård matfettsblandning,80.0,g
13,Hushållsmargarin fett 80% berikad typ Milda,"Järn, Fe",Hård matfettsblandning,0.0,mg
13,Hushållsmargarin fett 80% berikad typ Milda,Energi (kJ),Hård matfettsblandning,2977.0,kJ
13,Hushållsmargarin fett 80% berikad typ Milda,Energi (kcal),Hård matfettsblandning,712.0,kcal
13,Hushållsmargarin fett 80% berikad typ Milda,Disackarider,Hård matfettsblandning,0.3,g
13,Hushållsmargarin fett 80% berikad typ Milda,"Kalcium, Ca",Hård matfettsblandning,0.0,mg
13,Hushållsmargarin fett 80% berikad typ Milda,Fettsyra 4:0-10:0,Hård matfettsblandning,0.3,g
13,Hushållsmargarin fett 80% berikad typ Milda,DHA (C22:6),Hård matfettsblandning,0.0,g
13,Hushållsmargarin fett 80% berikad typ Milda,DPA (C22:5),Hård matfettsblandning,0.0,g
13,Hushållsmargarin fett 80% berikad typ Milda,EPA (C20:5),Hård matfettsblandning,0.0,g
13,Hushållsmargarin fett 80% berikad typ Milda,Arakidonsyra C20:4,Hård matfettsblandning,0.0,g
13,Hushållsmargarin fett 80% berikad typ Milda,Arakidinsyra C20:0,Hård matfettsblandning,0.0,g
13,Hushållsmargarin fett 80% berikad typ Milda,Linolensyra C18:3,Hård matfettsblandning,4.3,g
13,Hushållsmargarin fett 80% berikad typ Milda,Linolsyra C18:2,Hård matfettsblandning,10.3,g
13,Hushållsmargarin fett 80% berikad typ Milda,Oljesyra C18:1,Hård matfettsblandning,33.8,g
13,Hushållsmargarin fett 80% berikad typ Milda,Stearinsyra C18:0,Hård matfettsblandning,2.6,g
13,Hushållsmargarin fett 80% berikad typ Milda,Palmitoljesyra C16:1,Hård matfettsblandning,0.0,g
13,Hushållsmargarin fett 80% berikad typ Milda,Palmitinsyra C16:0,Hård matfettsblandning,23.4,g
13,Hushållsmargarin fett 80% berikad typ Milda,Myristinsyra C14:0,Hård matfettsblandning,1.1,g
13,Hushållsmargarin fett 80% berikad typ Milda,Laurinsyra C12:0,Hård matfettsblandning,2.0,g
13,Hushållsmargarin fett 80% berikad typ Milda,Betakaroten/β-Karoten,Hård matfettsblandning,480.0,µg
13,Hushållsmargarin fett 80% berikad typ Milda,Avfall (skal etc.),Hård matfettsblandning,0.0,%
13,Hushållsmargarin fett 80% berikad typ Milda,Aska,Hård matfettsblandning,1.5,g
13,Hushållsmargarin fett 80% berikad typ Milda,Alkohol,Hård matfettsblandning,0.0,g
17,Lättmargarin fett 38% berikad typ Becel,"Zink, Zn",Hård matfettsblandning,0.0,mg
17,Lättmargarin fett 38% berikad typ Becel,Vitamin E,Hård matfettsblandning,12.0,mg
17,Lättmargarin fett 38% berikad typ Becel,Vitamin D,Hård matfettsblandning,20.0,µg
17,Lättmargarin fett 38% berikad typ Becel,Vitamin C,Hård matfettsblandning,0.0,mg
17,Lättmargarin fett 38% berikad typ Becel,Vitamin B6,Hård matfettsblandning,0.0,mg
17,Lättmargarin fett 38% berikad typ Becel,Vitamin B12,Hård matfettsblandning,0.0,µg
17,Lättmargarin fett 38% berikad typ Becel,Vitamin A,Hård matfettsblandning,800.0,RE/µg
17,Lättmargarin fett 38% berikad typ Becel,Vatten,Hård matfettsblandning,57.8,g
17,Lättmargarin fett 38% berikad typ Becel,Tiamin,Hård matfettsblandning,0.0,mg
17,Lättmargarin fett 38% berikad typ Becel,Tillsatt socker,Hård matfettsblandning,0.0,g
17,Lättmargarin fett 38% berikad typ Becel,Fritt socker,Hård matfettsblandning,0.0,g
17,Lättmargarin fett 38% berikad typ Becel,"Selen, Se",Hård matfettsblandning,0.0,µg
17,Lättmargarin fett 38% berikad typ Becel,Sackaros,Hård matfettsblandning,0.0,g
17,Lättmargarin fett 38% berikad typ Becel,Riboflavin,Hård matfettsblandning,0.0,mg
17,Lättmargarin fett 38% berikad typ Becel,Retinol,Hård matfettsblandning,760.0,µg
17,Lättmargarin fett 38% berikad typ Becel,Protein,Hård matfettsblandning,0.0,g
17,Lättmargarin fett 38% berikad typ Becel,Summa fleromättade fettsyror,Hård matfettsblandning,19.0,g
17,Lättmargarin fett 38% berikad typ Becel,"Fosfor, P",Hård matfettsblandning,2.0,mg
17,Lättmargarin fett 38% berikad typ Becel,Niacinekvivalenter,Hård matfettsblandning,0.0,NE/mg
17,Lättmargarin fett 38% berikad typ Becel,Niacin,Hård matfettsblandning,0.0,mg
17,Lättmargarin fett 38% berikad typ Becel,"Salt, NaCl",Hård matfettsblandning,1.2,g
17,Lättmargarin fett 38% berikad typ Becel,"Natrium, Na",Hård matfettsblandning,500.0,mg
17,Lättmargarin fett 38% berikad typ Becel,Monosackarider,Hård matfettsblandning,0.0,g
17,Lättmargarin fett 38% berikad typ Becel,"Sockerarter, totalt",Hård matfettsblandning,0.0,g
17,Lättmargarin fett 38% berikad typ Becel,Summa enkelomättade fettsyror,Hård matfettsblandning,11.0,g
17,Lättmargarin fett 38% berikad typ Becel,"Magnesium, Mg",Hård matfettsblandning,0.0,mg
17,Lättmargarin fett 38% berikad typ Becel,Summa mättade fettsyror,Hård matfettsblandning,8.0,g
17,Lättmargarin fett 38% berikad typ Becel,"Kolhydrater, tillgängliga",Hård matfettsblandning,3.0,g
17,Lättmargarin fett 38% berikad typ Becel,Kolesterol,Hård matfettsblandning,0.0,mg
17,Lättmargarin fett 38% berikad typ Becel,"Kalium, K",Hård matfettsblandning,0.0,mg
17,Lättmargarin fett 38% berikad typ Becel,"Jod, I",Hård matfettsblandning,0.0,µg
17,Lättmargarin fett 38% berikad typ Becel,Fullkorn totalt,Hård matfettsblandning,0.0,g
17,Lättmargarin fett 38% berikad typ Becel,"Folat, totalt",Hård matfettsblandning,0.0,µg
17,Lättmargarin fett 38% berikad typ Becel,Fibrer,Hård matfettsblandning,0.0,g
17,Lättmargarin fett 38% berikad typ Becel,"Fett, totalt",Hård matfettsblandning,38.0,g
17,Lättmargarin fett 38% berikad typ Becel,"Järn, Fe",Hård matfettsblandning,0.0,mg
17,Lättmargarin fett 38% berikad typ Becel,Energi (kJ),Hård matfettsblandning,1457.0,kJ
17,Lättmargarin fett 38% berikad typ Becel,Energi (kcal),Hård matfettsblandning,348.0,kcal
17,Lättmargarin fett 38% berikad typ Becel,Disackarider,Hård matfettsblandning,0.0,g
17,Lättmargarin fett 38% berikad typ Becel,"Kalcium, Ca",Hård matfettsblandning,0.0,mg
17,Lättmargarin fett 38% berikad typ Becel,Fettsyra 4:0-10:0,Hård matfettsblandning,0.2,g
17,Lättmargarin fett 38% berikad typ Becel,DHA (C22:6),Hård matfettsblandning,0.0,g
17,Lättmargarin fett 38% berikad typ Becel,DPA (C22:5),Hård matfettsblandning,0.0,g
17,Lättmargarin fett 38% berikad typ Becel,EPA (C20:5),Hård matfettsblandning,0.0,g
17,Lättmargarin fett 38% berikad typ Becel,Arakidonsyra C20:4,Hård matfettsblandning,0.0,g
17,Lättmargarin fett 38% berikad typ Becel,Arakidinsyra C20:0,Hård matfettsblandning,0.0,g
17,Lättmargarin fett 38% berikad typ Becel,Linolensyra C18:3,Hård matfettsblandning,3.7,g
17,Lättmargarin fett 38% berikad typ Becel,Linolsyra C18:2,Hård matfettsblandning,14.2,g
17,Lättmargarin fett 38% berikad typ Becel,Oljesyra C18:1,Hård matfettsblandning,11.9,g
17,Lättmargarin fett 38% berikad typ Becel,Stearinsyra C18:0,Hård matfettsblandning,1.2,g
17,Lättmargarin fett 38% berikad typ Becel,Palmitoljesyra C16:1,Hård matfettsblandning,0.0,g
17,Lättmargarin fett 38% berikad typ Becel,Palmitinsyra C16:0,Hård matfettsblandning,4.9,g
17,Lättmargarin fett 38% berikad typ Becel,Myristinsyra C14:0,Hård matfettsblandning,0.3,g
17,Lättmargarin fett 38% berikad typ Becel,Laurinsyra C12:0,Hård matfettsblandning,0.9,g
17,Lättmargarin fett 38% berikad typ Becel,Betakaroten/β-Karoten,Hård matfettsblandning,480.0,µg
17,Lättmargarin fett 38% berikad typ Becel,Avfall (skal etc.),Hård matfettsblandning,0.0,%
17,Lättmargarin fett 38% berikad typ Becel,Aska,Hård matfettsblandning,1.2,g
17,Lättmargarin fett 38% berikad typ Becel,Alkohol,Hård matfettsblandning,0.0,g
20,Lättmargarin fett 40% berikad typ Lätt & lagom,"Zink, Zn",Hård matfettsblandning,0.0,mg
20,Lättmargarin fett 40% berikad typ Lätt & lagom,Vitamin E,Hård matfettsblandning,6.2,mg
20,Lättmargarin fett 40% berikad typ Lätt & lagom,Vitamin D,Hård matfettsblandning,20.0,µg
20,Lättmargarin fett 40% berikad typ Lätt & lagom,Vitamin C,Hård matfettsblandning,0.0,mg
20,Lättmargarin fett 40% berikad typ Lätt & lagom,Vitamin B6,Hård matfettsblandning,0.01,mg
20,Lättmargarin fett 40% berikad typ Lätt & lagom,Vitamin B12,Hård matfettsblandning,0.1,µg
20,Lättmargarin fett 40% berikad typ Lätt & lagom,Vitamin A,Hård matfettsblandning,789.6,RE/µg
20,Lättmargarin fett 40% berikad typ Lätt & lagom,Vatten,Hård matfettsblandning,48.0,g
20,Lättmargarin fett 40% berikad typ Lätt & lagom,Tiamin,Hård matfettsblandning,0.02,mg
20,Lättmargarin fett 40% berikad typ Lätt & lagom,Tillsatt socker,Hård matfettsblandning,0.0,g
20,Lättmargarin fett 40% berikad typ Lätt & lagom,Fritt socker,Hård matfettsblandning,0.0,g
20,Lättmargarin fett 40% berikad typ Lätt & lagom,"Selen, Se",Hård matfettsblandning,0.0,µg
20,Lättmargarin fett 40% berikad typ Lätt & lagom,Sackaros,Hård matfettsblandning,0.0,g
20,Lättmargarin fett 40% berikad typ Lätt & lagom,Riboflavin,Hård matfettsblandning,0.09,mg
20,Lättmargarin fett 40% berikad typ Lätt & lagom,Retinol,Hård matfettsblandning,761.0,µg
20,Lättmargarin fett 40% berikad typ Lätt & lagom,Protein,Hård matfettsblandning,0.5,g
20,Lättmargarin fett 40% berikad typ Lätt & lagom,Summa fleromättade fettsyror,Hård matfettsblandning,6.9,g
20,Lättmargarin fett 40% berikad typ Lätt & lagom,"Fosfor, P",Hård matfettsblandning,75.0,mg
20,Lättmargarin fett 40% berikad typ Lätt & lagom,Niacinekvivalenter,Hård matfettsblandning,0.1,NE/mg
20,Lättmargarin fett 40% berikad typ Lätt & lagom,Niacin,Hård matfettsblandning,0.1,mg
20,Lättmargarin fett 40% berikad typ Lätt & lagom,"Salt, NaCl",Hård matfettsblandning,1.2,g
20,Lättmargarin fett 40% berikad typ Lätt & lagom,"Natrium, Na",Hård matfettsblandning,500.0,mg
20,Lättmargarin fett 40% berikad typ Lätt & lagom,Monosackarider,Hård matfettsblandning,0.0,g
20,Lättmargarin fett 40% berikad typ Lätt & lagom,"Sockerarter, totalt",Hård matfettsblandning,0.5,g
20,Lättmargarin fett 40% berikad typ Lätt & lagom,Summa enkelomättade fettsyror,Hård matfettsblandning,18.1,g
20,Lättmargarin fett 40% berikad typ Lätt & lagom,"Magnesium, Mg",Hård matfettsblandning,1.0,mg
20,Lättmargarin fett 40% berikad typ Lätt & lagom,Summa mättade fettsyror,Hård matfettsblandning,12.4,g
20,Lättmargarin fett 40% berikad typ Lätt & lagom,"Kolhydrater, tillgängliga",Hård matfettsblandning,6.2,g
20,Lättmargarin fett 40% berikad typ Lätt & lagom,Kolesterol,Hård matfettsblandning,40.0,mg
20,Lättmargarin fett 40% berikad typ Lätt & lagom,"Kalium, K",Hård matfettsblandning,20.0,mg
20,Lättmargarin fett 40% berikad typ Lätt & lagom,"Jod, I",Hård matfettsblandning,1.0,µg
20,Lättmargarin fett 40% berikad typ Lätt & lagom,Fullkorn totalt,Hård matfettsblandning,0.0,g
20,Lättmargarin fett 40% berikad typ Lätt & lagom,"Folat, totalt",Hård matfettsblandning,0.7,µg
20,Lättmargarin fett 40% berikad typ Lätt & lagom,Fibrer,Hård matfettsblandning,0.0,g
20,Lättmargarin fett 40% berikad typ Lätt & lagom,"Fett, totalt",Hård matfettsblandning,40.0,g
20,Lättmargarin fett 40% berikad typ Lätt & lagom,"Järn, Fe",Hård matfettsblandning,0.1,mg
20,Lättmargarin fett 40% berikad typ Lätt & lagom,Energi (kJ),Hård matfettsblandning,1594.0,kJ
20,Lättmargarin fett 40% berikad typ Lätt & lagom,Energi (kcal),Hård matfettsblandning,381.0,kcal
20,Lättmargarin fett 40% berikad typ Lätt & lagom,Disackarider,Hård matfettsblandning,0.5,g
20,Lättmargarin fett 40% berikad typ Lätt & lagom,"Kalcium, Ca",Hård matfettsblandning,60.0,mg
20,Lättmargarin fett 40% berikad typ Lätt & lagom,Fettsyra 4:0-10:0,Hård matfettsblandning,1.0,g
20,Lättmargarin fett 40% berikad typ Lätt & lagom,DHA (C22:6),Hård matfettsblandning,0.0,g
20,Lättmargarin fett 40% berikad typ Lätt & lagom,DPA (C22:5),Hård matfettsblandning,0.0,g
20,Lättmargarin fett 40% berikad typ Lätt & lagom,EPA (C20:5),Hård matfettsblandning,0.0,g
20,Lättmargarin fett 40% berikad typ Lätt & lagom,Arakidonsyra C20:4,Hård matfettsblandning,0.0,g
20,Lättmargarin fett 40% berikad typ Lätt & lagom,Arakidinsyra C20:0,Hård matfettsblandning,0.2,g
20,Lättmargarin fett 40% berikad typ Lätt & lagom,Linolensyra C18:3,Hård matfettsblandning,2.2,g
20,Lättmargarin fett 40% berikad typ Lätt & lagom,Linolsyra C18:2,Hård matfettsblandning,4.6,g
20,Lättmargarin fett 40% berikad typ Lätt & lagom,Oljesyra C18:1,Hård matfettsblandning,16.6,g
20,Lättmargarin fett 40% berikad typ Lätt & lagom,Stearinsyra C18:0,Hård matfettsblandning,1.5,g
20,Lättmargarin fett 40% berikad typ Lätt & lagom,Palmitoljesyra C16:1,Hård matfettsblandning,0.4,g
20,Lättmargarin fett 40% berikad typ Lätt & lagom,Palmitinsyra C16:0,Hård matfettsblandning,6.0,g
20,Lättmargarin fett 40% berikad typ Lätt & lagom,Myristinsyra C14:0,Hård matfettsblandning,1.6,g
20,Lättmargarin fett 40% berikad typ Lätt & lagom,Laurinsyra C12:0,Hård matfettsblandning,1.7,g
20,Lättmargarin fett 40% berikad typ Lätt & lagom,Betakaroten/β-Karoten,Hård matfettsblandning,0.0,µg
20,Lättmargarin fett 40% berikad typ Lätt & lagom,Avfall (skal etc.),Hård matfettsblandning,0.0,%
20,Lättmargarin fett 40% berikad typ Lätt & lagom,Aska,Hård matfettsblandning,2.0,g
20,Lättmargarin fett 40% berikad typ Lätt & lagom,Alkohol,Hård matfettsblandning,0.0,g
21,Majonnäs fett 90% hemlagad,"Zink, Zn",Sås dressing majonnäs ,0.3,mg
21,Majonnäs fett 90% hemlagad,Vitamin E,Sås dressing majonnäs ,20.5,mg
21,Majonnäs fett 90% hemlagad,Vitamin D inkl 25-OH-D3,Sås dressing majonnäs ,0.49,µg
21,Majonnäs fett 90% hemlagad,Vitamin D,Sås dressing majonnäs ,0.29,µg
21,Majonnäs fett 90% hemlagad,Vitamin C,Sås dressing majonnäs ,0.9,mg
21,Majonnäs fett 90% hemlagad,Vitamin B6,Sås dressing majonnäs ,0.02,mg
21,Majonnäs fett 90% hemlagad,Vitamin B12,Sås dressing majonnäs ,0.29,µg
21,Majonnäs fett 90% hemlagad,Vitamin A,Sås dressing majonnäs ,53.6,RE/µg
21,Majonnäs fett 90% hemlagad,Vatten,Sås dressing majonnäs ,9.1,g
21,Majonnäs fett 90% hemlagad,Tiamin,Sås dressing majonnäs ,0.02,mg
21,Majonnäs fett 90% hemlagad,Tillsatt socker,Sås dressing majonnäs ,0.0,g
21,Majonnäs fett 90% hemlagad,Fritt socker,Sås dressing majonnäs ,0.0,g
21,Majonnäs fett 90% hemlagad,"Selen, Se",Sås dressing majonnäs ,4.7,µg
21,Majonnäs fett 90% hemlagad,Sackaros,Sås dressing majonnäs ,0.0,g
21,Majonnäs fett 90% hemlagad,Riboflavin,Sås dressing majonnäs ,0.05,mg
21,Majonnäs fett 90% hemlagad,Retinol,Sås dressing majonnäs ,53.2,µg
21,Majonnäs fett 90% hemlagad,Protein,Sås dressing majonnäs ,1.5,g
21,Majonnäs fett 90% hemlagad,Summa fleromättade fettsyror,Sås dressing majonnäs ,16.9,g
21,Majonnäs fett 90% hemlagad,"Fosfor, P",Sås dressing majonnäs ,44.0,mg
21,Majonnäs fett 90% hemlagad,Niacinekvivalenter,Sås dressing majonnäs ,0.34,NE/mg
21,Majonnäs fett 90% hemlagad,Niacin,Sås dressing majonnäs ,0.0,mg
21,Majonnäs fett 90% hemlagad,"Salt, NaCl",Sås dressing majonnäs ,0.8,g
21,Majonnäs fett 90% hemlagad,"Natrium, Na",Sås dressing majonnäs ,307.0,mg
21,Majonnäs fett 90% hemlagad,Monosackarider,Sås dressing majonnäs ,0.0,g
21,Majonnäs fett 90% hemlagad,"Sockerarter, totalt",Sås dressing majonnäs ,0.1,g
21,Majonnäs fett 90% hemlagad,Summa enkelomättade fettsyror,Sås dressing majonnäs ,57.4,g
21,Majonnäs fett 90% hemlagad,"Magnesium, Mg",Sås dressing majonnäs ,7.0,mg
21,Majonnäs fett 90% hemlagad,Summa mättade fettsyror,Sås dressing majonnäs ,9.3,g
21,Majonnäs fett 90% hemlagad,"Kolhydrater, tillgängliga",Sås dressing majonnäs ,0.4,g
21,Majonnäs fett 90% hemlagad,Kolesterol,Sås dressing majonnäs ,75.2,mg
21,Majonnäs fett 90% hemlagad,"Kalium, K",Sås dressing majonnäs ,22.0,mg
21,Majonnäs fett 90% hemlagad,"Jod, I",Sås dressing majonnäs ,43.8,µg
21,Majonnäs fett 90% hemlagad,Fullkorn totalt,Sås dressing majonnäs ,0.0,g
21,Majonnäs fett 90% hemlagad,"Folat, totalt",Sås dressing majonnäs ,18.7,µg
21,Majonnäs fett 90% hemlagad,Fibrer,Sås dressing majonnäs ,0.1,g
21,Majonnäs fett 90% hemlagad,"Fett, totalt",Sås dressing majonnäs ,87.6,g
21,Majonnäs fett 90% hemlagad,"Järn, Fe",Sås dressing majonnäs ,0.4,mg
21,Majonnäs fett 90% hemlagad,Energi (kJ),Sås dressing majonnäs ,3274.0,kJ
21,Majonnäs fett 90% hemlagad,Energi (kcal),Sås dressing majonnäs ,782.0,kcal
21,Majonnäs fett 90% hemlagad,Disackarider,Sås dressing majonnäs ,0.0,g
21,Majonnäs fett 90% hemlagad,"Kalcium, Ca",Sås dressing majonnäs ,34.0,mg
21,Majonnäs fett 90% hemlagad,Fettsyra 4:0-10:0,Sås dressing majonnäs ,0.0,g
21,Majonnäs fett 90% hemlagad,DHA (C22:6),Sås dressing majonnäs ,0.0,g
21,Majonnäs fett 90% hemlagad,DPA (C22:5),Sås dressing majonnäs ,0.0,g
21,Majonnäs fett 90% hemlagad,EPA (C20:5),Sås dressing majonnäs ,0.0,g
21,Majonnäs fett 90% hemlagad,Arakidonsyra C20:4,Sås dressing majonnäs ,0.0,g
21,Majonnäs fett 90% hemlagad,Arakidinsyra C20:0,Sås dressing majonnäs ,0.4,g
21,Majonnäs fett 90% hemlagad,Linolensyra C18:3,Sås dressing majonnäs ,4.4,g
21,Majonnäs fett 90% hemlagad,Linolsyra C18:2,Sås dressing majonnäs ,12.4,g
21,Majonnäs fett 90% hemlagad,Oljesyra C18:1,Sås dressing majonnäs ,55.6,g
21,Majonnäs fett 90% hemlagad,Stearinsyra C18:0,Sås dressing majonnäs ,1.9,g
21,Majonnäs fett 90% hemlagad,Palmitoljesyra C16:1,Sås dressing majonnäs ,0.6,g
21,Majonnäs fett 90% hemlagad,Palmitinsyra C16:0,Sås dressing majonnäs ,6.6,g
21,Majonnäs fett 90% hemlagad,Myristinsyra C14:0,Sås dressing majonnäs ,0.1,g
21,Majonnäs fett 90% hemlagad,Laurinsyra C12:0,Sås dressing majonnäs ,0.0,g
21,Majonnäs fett 90% hemlagad,Betakaroten/β-Karoten,Sås dressing majonnäs ,4.0,µg
21,Majonnäs fett 90% hemlagad,Avfall (skal etc.),Sås dressing majonnäs ,0.0,%
21,Majonnäs fett 90% hemlagad,Aska,Sås dressing majonnäs ,1.0,g
21,Majonnäs fett 90% hemlagad,Alkohol,Sås dressing majonnäs ,0.0,g
22,Sesamsås m. grädde,"Zink, Zn",Sås dressing majonnäs ,0.4,mg
22,Sesamsås m. grädde,Vitamin E,Sås dressing majonnäs ,5.2,mg
22,Sesamsås m. grädde,Vitamin D,Sås dressing majonnäs ,0.86,µg
22,Sesamsås m. grädde,Vitamin C,Sås dressing majonnäs ,0.8,mg
22,Sesamsås m. grädde,Vitamin B6,Sås dressing majonnäs ,0.04,mg
22,Sesamsås m. grädde,Vitamin B12,Sås dressing majonnäs ,0.27,µg
22,Sesamsås m. grädde,Vitamin A,Sås dressing majonnäs ,229.2,RE/µg
22,Sesamsås m. grädde,Vatten,Sås dressing majonnäs ,53.2,g
22,Sesamsås m. grädde,Tiamin,Sås dressing majonnäs ,0.04,mg
22,Sesamsås m. grädde,Tillsatt socker,Sås dressing majonnäs ,0.0,g
22,Sesamsås m. grädde,Fritt socker,Sås dressing majonnäs ,0.0,g
22,Sesamsås m. grädde,"Selen, Se",Sås dressing majonnäs ,1.9,µg
22,Sesamsås m. grädde,Sackaros,Sås dressing majonnäs ,0.3,g
22,Sesamsås m. grädde,Riboflavin,Sås dressing majonnäs ,0.07,mg
22,Sesamsås m. grädde,Retinol,Sås dressing majonnäs ,189.4,µg
22,Sesamsås m. grädde,Protein,Sås dressing majonnäs ,2.3,g
22,Sesamsås m. grädde,Summa fleromättade fettsyror,Sås dressing majonnäs ,6.0,g
22,Sesamsås m. grädde,"Fosfor, P",Sås dressing majonnäs ,71.0,mg
22,Sesamsås m. grädde,Niacinekvivalenter,Sås dressing majonnäs ,0.66,NE/mg
22,Sesamsås m. grädde,Niacin,Sås dressing majonnäs ,0.16,mg
22,Sesamsås m. grädde,"Salt, NaCl",Sås dressing majonnäs ,1.3,g
22,Sesamsås m. grädde,"Natrium, Na",Sås dressing majonnäs ,506.0,mg
22,Sesamsås m. grädde,Monosackarider,Sås dressing majonnäs ,0.6,g
22,Sesamsås m. grädde,"Sockerarter, totalt",Sås dressing majonnäs ,3.3,g
22,Sesamsås m. grädde,Summa enkelomättade fettsyror,Sås dressing majonnäs ,15.2,g
22,Sesamsås m. grädde,"Magnesium, Mg",Sås dressing majonnäs ,15.0,mg
22,Sesamsås m. grädde,Summa mättade fettsyror,Sås dressing majonnäs ,14.1,g
22,Sesamsås m. grädde,"Kolhydrater, tillgängliga",Sås dressing majonnäs ,3.9,g
22,Sesamsås m. grädde,Kolesterol,Sås dressing majonnäs ,54.6,mg
22,Sesamsås m. grädde,"Kalium, K",Sås dressing majonnäs ,115.0,mg
22,Sesamsås m. grädde,"Jod, I",Sås dressing majonnäs ,64.1,µg
22,Sesamsås m. grädde,Fullkorn totalt,Sås dressing majonnäs ,0.0,g
22,Sesamsås m. grädde,"Folat, totalt",Sås dressing majonnäs ,9.5,µg
22,Sesamsås m. grädde,Fibrer,Sås dressing majonnäs ,0.6,g
22,Sesamsås m. grädde,"Fett, totalt",Sås dressing majonnäs ,37.8,g
22,Sesamsås m. grädde,"Järn, Fe",Sås dressing majonnäs ,0.3,mg
22,Sesamsås m. grädde,Energi (kJ),Sås dressing majonnäs ,1513.0,kJ
22,Sesamsås m. grädde,Energi (kcal),Sås dressing majonnäs ,361.0,kcal
22,Sesamsås m. grädde,Disackarider,Sås dressing majonnäs ,2.7,g
22,Sesamsås m. grädde,"Kalcium, Ca",Sås dressing majonnäs ,87.0,mg
22,Sesamsås m. grädde,Fettsyra 4:0-10:0,Sås dressing majonnäs ,1.4,g
22,Sesamsås m. grädde,DHA (C22:6),Sås dressing majonnäs ,0.0,g
22,Sesamsås m. grädde,DPA (C22:5),Sås dressing majonnäs ,0.0,g
22,Sesamsås m. grädde,EPA (C20:5),Sås dressing majonnäs ,0.0,g
22,Sesamsås m. grädde,Arakidonsyra C20:4,Sås dressing majonnäs ,0.0,g
22,Sesamsås m. grädde,Arakidinsyra C20:0,Sås dressing majonnäs ,0.1,g
22,Sesamsås m. grädde,Linolensyra C18:3,Sås dressing majonnäs ,1.4,g
22,Sesamsås m. grädde,Linolsyra C18:2,Sås dressing majonnäs ,4.6,g
22,Sesamsås m. grädde,Oljesyra C18:1,Sås dressing majonnäs ,14.3,g
22,Sesamsås m. grädde,Stearinsyra C18:0,Sås dressing majonnäs ,2.4,g
22,Sesamsås m. grädde,Palmitoljesyra C16:1,Sås dressing majonnäs ,0.5,g
22,Sesamsås m. grädde,Palmitinsyra C16:0,Sås dressing majonnäs ,7.1,g
22,Sesamsås m. grädde,Myristinsyra C14:0,Sås dressing majonnäs ,2.0,g
22,Sesamsås m. grädde,Laurinsyra C12:0,Sås dressing majonnäs ,0.6,g
22,Sesamsås m. grädde,Betakaroten/β-Karoten,Sås dressing majonnäs ,154.0,µg
22,Sesamsås m. grädde,Avfall (skal etc.),Sås dressing majonnäs ,1.0,%
22,Sesamsås m. grädde,Aska,Sås dressing majonnäs ,1.8,g
22,Sesamsås m. grädde,Alkohol,Sås dressing majonnäs ,0.14,g
23,Gravlaxsås hovmästarsås hemlagad,"Zink, Zn",Sås dressing majonnäs ,0.6,mg
23,Gravlaxsås hovmästarsås hemlagad,Vitamin E,Sås dressing majonnäs ,10.9,mg
23,Gravlaxsås hovmästarsås hemlagad,Vitamin D inkl 25-OH-D3,Sås dressing majonnäs ,0.0,µg
23,Gravlaxsås hovmästarsås hemlagad,Vitamin D,Sås dressing majonnäs ,0.0,µg
23,Gravlaxsås hovmästarsås hemlagad,Vitamin C,Sås dressing majonnäs ,10.9,mg
23,Gravlaxsås hovmästarsås hemlagad,Vitamin B6,Sås dressing majonnäs ,0.08,mg
23,Gravlaxsås hovmästarsås hemlagad,Vitamin B12,Sås dressing majonnäs ,0.0,µg
23,Gravlaxsås hovmästarsås hemlagad,Vitamin A,Sås dressing majonnäs ,58.6,RE/µg
23,Gravlaxsås hovmästarsås hemlagad,Vatten,Sås dressing majonnäs ,39.5,g
23,Gravlaxsås hovmästarsås hemlagad,Tiamin,Sås dressing majonnäs ,0.06,mg
23,Gravlaxsås hovmästarsås hemlagad,Tillsatt socker,Sås dressing majonnäs ,8.0,g
23,Gravlaxsås hovmästarsås hemlagad,Fritt socker,Sås dressing majonnäs ,8.0,g
23,Gravlaxsås hovmästarsås hemlagad,"Selen, Se",Sås dressing majonnäs ,0.1,µg
23,Gravlaxsås hovmästarsås hemlagad,Sackaros,Sås dressing majonnäs ,6.8,g
23,Gravlaxsås hovmästarsås hemlagad,Riboflavin,Sås dressing majonnäs ,0.69,mg
23,Gravlaxsås hovmästarsås hemlagad,Retinol,Sås dressing majonnäs ,0.0,µg
23,Gravlaxsås hovmästarsås hemlagad,Protein,Sås dressing majonnäs ,2.1,g
23,Gravlaxsås hovmästarsås hemlagad,Summa fleromättade fettsyror,Sås dressing majonnäs ,11.6,g
23,Gravlaxsås hovmästarsås hemlagad,"Fosfor, P",Sås dressing majonnäs ,65.0,mg
23,Gravlaxsås hovmästarsås hemlagad,Niacinekvivalenter,Sås dressing majonnäs ,1.09,NE/mg
23,Gravlaxsås hovmästarsås hemlagad,Niacin,Sås dressing majonnäs ,0.76,mg
23,Gravlaxsås hovmästarsås hemlagad,"Salt, NaCl",Sås dressing majonnäs ,1.4,g
23,Gravlaxsås hovmästarsås hemlagad,"Natrium, Na",Sås dressing majonnäs ,572.0,mg
23,Gravlaxsås hovmästarsås hemlagad,Monosackarider,Sås dressing majonnäs ,1.0,g
23,Gravlaxsås hovmästarsås hemlagad,"Sockerarter, totalt",Sås dressing majonnäs ,7.8,g
23,Gravlaxsås hovmästarsås hemlagad,Summa enkelomättade fettsyror,Sås dressing majonnäs ,26.0,g
23,Gravlaxsås hovmästarsås hemlagad,"Magnesium, Mg",Sås dressing majonnäs ,29.0,mg
23,Gravlaxsås hovmästarsås hemlagad,Summa mättade fettsyror,Sås dressing majonnäs ,3.0,g
23,Gravlaxsås hovmästarsås hemlagad,"Kolhydrater, tillgängliga",Sås dressing majonnäs ,13.3,g
23,Gravlaxsås hovmästarsås hemlagad,Kolesterol,Sås dressing majonnäs ,0.0,mg
23,Gravlaxsås hovmästarsås hemlagad,"Kalium, K",Sås dressing majonnäs ,174.0,mg
23,Gravlaxsås hovmästarsås hemlagad,"Jod, I",Sås dressing majonnäs ,52.9,µg
23,Gravlaxsås hovmästarsås hemlagad,Fullkorn totalt,Sås dressing majonnäs ,0.0,g
23,Gravlaxsås hovmästarsås hemlagad,"Folat, totalt",Sås dressing majonnäs ,10.4,µg
23,Gravlaxsås hovmästarsås hemlagad,Fibrer,Sås dressing majonnäs ,0.4,g
23,Gravlaxsås hovmästarsås hemlagad,"Fett, totalt",Sås dressing majonnäs ,42.4,g
23,Gravlaxsås hovmästarsås hemlagad,"Järn, Fe",Sås dressing majonnäs ,1.1,mg
23,Gravlaxsås hovmästarsås hemlagad,Energi (kJ),Sås dressing majonnäs ,1831.0,kJ
23,Gravlaxsås hovmästarsås hemlagad,Energi (kcal),Sås dressing majonnäs ,438.0,kcal
23,Gravlaxsås hovmästarsås hemlagad,Disackarider,Sås dressing majonnäs ,6.8,g
23,Gravlaxsås hovmästarsås hemlagad,"Kalcium, Ca",Sås dressing majonnäs ,88.0,mg
23,Gravlaxsås hovmästarsås hemlagad,Fettsyra 4:0-10:0,Sås dressing majonnäs ,0.0,g
23,Gravlaxsås hovmästarsås hemlagad,DHA (C22:6),Sås dressing majonnäs ,0.0,g
23,Gravlaxsås hovmästarsås hemlagad,DPA (C22:5),Sås dressing majonnäs ,0.0,g
23,Gravlaxsås hovmästarsås hemlagad,EPA (C20:5),Sås dressing majonnäs ,0.0,g
23,Gravlaxsås hovmästarsås hemlagad,Arakidonsyra C20:4,Sås dressing majonnäs ,0.0,g
23,Gravlaxsås hovmästarsås hemlagad,Arakidinsyra C20:0,Sås dressing majonnäs ,0.2,g
23,Gravlaxsås hovmästarsås hemlagad,Linolensyra C18:3,Sås dressing majonnäs ,3.7,g
23,Gravlaxsås hovmästarsås hemlagad,Linolsyra C18:2,Sås dressing majonnäs ,7.9,g
23,Gravlaxsås hovmästarsås hemlagad,Oljesyra C18:1,Sås dressing majonnäs ,24.2,g
23,Gravlaxsås hovmästarsås hemlagad,Stearinsyra C18:0,Sås dressing majonnäs ,0.7,g
23,Gravlaxsås hovmästarsås hemlagad,Palmitoljesyra C16:1,Sås dressing majonnäs ,0.1,g
23,Gravlaxsås hovmästarsås hemlagad,Palmitinsyra C16:0,Sås dressing majonnäs ,1.8,g
23,Gravlaxsås hovmästarsås hemlagad,Myristinsyra C14:0,Sås dressing majonnäs ,0.0,g
23,Gravlaxsås hovmästarsås hemlagad,Laurinsyra C12:0,Sås dressing majonnäs ,0.0,g
23,Gravlaxsås hovmästarsås hemlagad,Betakaroten/β-Karoten,Sås dressing majonnäs ,704.0,µg
23,Gravlaxsås hovmästarsås hemlagad,Avfall (skal etc.),Sås dressing majonnäs ,2.0,%
23,Gravlaxsås hovmästarsås hemlagad,Aska,Sås dressing majonnäs ,2.3,g
23,Gravlaxsås hovmästarsås hemlagad,Alkohol,Sås dressing majonnäs ,0.0,g
24,Gravlaxsås kylvara,"Zink, Zn",Sås dressing majonnäs ,0.1,mg
24,Gravlaxsås kylvara,Vitamin E,Sås dressing majonnäs ,8.0,mg
24,Gravlaxsås kylvara,Vitamin D inkl 25-OH-D3,Sås dressing majonnäs ,0.0,µg
24,Gravlaxsås kylvara,Vitamin D,Sås dressing majonnäs ,0.0,µg
24,Gravlaxsås kylvara,Vitamin C,Sås dressing majonnäs ,10.0,mg
24,Gravlaxsås kylvara,Vitamin B6,Sås dressing majonnäs ,0.02,mg
24,Gravlaxsås kylvara,Vitamin B12,Sås dressing majonnäs ,0.0,µg
24,Gravlaxsås kylvara,Vitamin A,Sås dressing majonnäs ,35.0,RE/µg
24,Gravlaxsås kylvara,Vatten,Sås dressing majonnäs ,28.0,g
24,Gravlaxsås kylvara,Tiamin,Sås dressing majonnäs ,0.01,mg
24,Gravlaxsås kylvara,Tillsatt socker,Sås dressing majonnäs ,10.0,g
24,Gravlaxsås kylvara,Fritt socker,Sås dressing majonnäs ,10.0,g
24,Gravlaxsås kylvara,"Selen, Se",Sås dressing majonnäs ,0.0,µg
24,Gravlaxsås kylvara,Sackaros,Sås dressing majonnäs ,9.5,g
24,Gravlaxsås kylvara,Riboflavin,Sås dressing majonnäs ,0.02,mg
24,Gravlaxsås kylvara,Retinol,Sås dressing majonnäs ,0.0,µg
24,Gravlaxsås kylvara,Protein,Sås dressing majonnäs ,1.6,g
24,Gravlaxsås kylvara,Summa fleromättade fettsyror,Sås dressing majonnäs ,32.0,g
24,Gravlaxsås kylvara,"Fosfor, P",Sås dressing majonnäs ,44.0,mg
24,Gravlaxsås kylvara,Niacinekvivalenter,Sås dressing majonnäs ,0.37,NE/mg
24,Gravlaxsås kylvara,Niacin,Sås dressing majonnäs ,0.1,mg
24,Gravlaxsås kylvara,"Salt, NaCl",Sås dressing majonnäs ,0.7,g
24,Gravlaxsås kylvara,"Natrium, Na",Sås dressing majonnäs ,275.0,mg
24,Gravlaxsås kylvara,Monosackarider,Sås dressing majonnäs ,0.8,g
24,Gravlaxsås kylvara,"Sockerarter, totalt",Sås dressing majonnäs ,10.3,g
24,Gravlaxsås kylvara,Summa enkelomättade fettsyror,Sås dressing majonnäs ,13.4,g
24,Gravlaxsås kylvara,"Magnesium, Mg",Sås dressing majonnäs ,32.0,mg
24,Gravlaxsås kylvara,Summa mättade fettsyror,Sås dressing majonnäs ,8.2,g
24,Gravlaxsås kylvara,"Kolhydrater, tillgängliga",Sås dressing majonnäs ,13.1,g
24,Gravlaxsås kylvara,Kolesterol,Sås dressing majonnäs ,0.0,mg
24,Gravlaxsås kylvara,"Kalium, K",Sås dressing majonnäs ,79.0,mg
24,Gravlaxsås kylvara,Fullkorn totalt,Sås dressing majonnäs ,0.0,g
24,Gravlaxsås kylvara,"Folat, totalt",Sås dressing majonnäs ,0.0,µg
24,Gravlaxsås kylvara,Fibrer,Sås dressing majonnäs ,0.0,g
24,Gravlaxsås kylvara,"Fett, totalt",Sås dressing majonnäs ,56.0,g
24,Gravlaxsås kylvara,"Järn, Fe",Sås dressing majonnäs ,1.9,mg
24,Gravlaxsås kylvara,Energi (kJ),Sås dressing majonnäs ,2322.0,kJ
24,Gravlaxsås kylvara,Energi (kcal),Sås dressing majonnäs ,555.0,kcal
24,Gravlaxsås kylvara,Disackarider,Sås dressing majonnäs ,9.5,g
24,Gravlaxsås kylvara,"Kalcium, Ca",Sås dressing majonnäs ,58.0,mg
24,Gravlaxsås kylvara,Fettsyra 4:0-10:0,Sås dressing majonnäs ,0.0,g
24,Gravlaxsås kylvara,DHA (C22:6),Sås dressing majonnäs ,0.0,g
24,Gravlaxsås kylvara,DPA (C22:5),Sås dressing majonnäs ,0.0,g
24,Gravlaxsås kylvara,EPA (C20:5),Sås dressing majonnäs ,0.0,g
24,Gravlaxsås kylvara,Arakidonsyra C20:4,Sås dressing majonnäs ,0.0,g
24,Gravlaxsås kylvara,Arakidinsyra C20:0,Sås dressing majonnäs ,0.2,g
24,Gravlaxsås kylvara,Linolensyra C18:3,Sås dressing majonnäs ,4.0,g
24,Gravlaxsås kylvara,Linolsyra C18:2,Sås dressing majonnäs ,28.0,g
24,Gravlaxsås kylvara,Oljesyra C18:1,Sås dressing majonnäs ,13.2,g
24,Gravlaxsås kylvara,Stearinsyra C18:0,Sås dressing majonnäs ,1.9,g
24,Gravlaxsås kylvara,Palmitoljesyra C16:1,Sås dressing majonnäs ,0.0,g
24,Gravlaxsås kylvara,Palmitinsyra C16:0,Sås dressing majonnäs ,5.8,g
24,Gravlaxsås kylvara,Myristinsyra C14:0,Sås dressing majonnäs ,0.0,g
24,Gravlaxsås kylvara,Laurinsyra C12:0,Sås dressing majonnäs ,0.0,g
24,Gravlaxsås kylvara,Betakaroten/β-Karoten,Sås dressing majonnäs ,420.0,µg
24,Gravlaxsås kylvara,Avfall (skal etc.),Sås dressing majonnäs ,0.0,%
24,Gravlaxsås kylvara,Aska,Sås dressing majonnäs ,1.3,g
24,Gravlaxsås kylvara,Alkohol,Sås dressing majonnäs ,0.0,g
25,Remouladsås,"Zink, Zn",Sås dressing majonnäs ,0.3,mg
25,Remouladsås,Vitamin E,Sås dressing majonnäs ,18.4,mg
25,Remouladsås,Vitamin D inkl 25-OH-D3,Sås dressing majonnäs ,0.44,µg
25,Remouladsås,Vitamin D,Sås dressing majonnäs ,0.26,µg
25,Remouladsås,Vitamin C,Sås dressing majonnäs ,3.2,mg
25,Remouladsås,Vitamin B6,Sås dressing majonnäs ,0.02,mg
25,Remouladsås,Vitamin B12,Sås dressing majonnäs ,0.26,µg
25,Remouladsås,Vitamin A,Sås dressing majonnäs ,55.6,RE/µg
25,Remouladsås,Vatten,Sås dressing majonnäs ,17.1,g
25,Remouladsås,Tiamin,Sås dressing majonnäs ,0.02,mg
25,Remouladsås,Tillsatt socker,Sås dressing majonnäs ,0.0,g
25,Remouladsås,Fritt socker,Sås dressing majonnäs ,0.0,g
25,Remouladsås,"Selen, Se",Sås dressing majonnäs ,4.4,µg
25,Remouladsås,Sackaros,Sås dressing majonnäs ,0.2,g
25,Remouladsås,Riboflavin,Sås dressing majonnäs ,0.05,mg
25,Remouladsås,Retinol,Sås dressing majonnäs ,47.7,µg
25,Remouladsås,Protein,Sås dressing majonnäs ,1.5,g
25,Remouladsås,Summa fleromättade fettsyror,Sås dressing majonnäs ,15.2,g
25,Remouladsås,"Fosfor, P",Sås dressing majonnäs ,43.0,mg
25,Remouladsås,Niacinekvivalenter,Sås dressing majonnäs ,0.37,NE/mg
25,Remouladsås,Niacin,Sås dressing majonnäs ,0.03,mg
25,Remouladsås,"Salt, NaCl",Sås dressing majonnäs ,0.9,g
25,Remouladsås,"Natrium, Na",Sås dressing majonnäs ,345.0,mg
25,Remouladsås,Monosackarider,Sås dressing majonnäs ,0.3,g
25,Remouladsås,"Sockerarter, totalt",Sås dressing majonnäs ,0.5,g
25,Remouladsås,Summa enkelomättade fettsyror,Sås dressing majonnäs ,51.5,g
25,Remouladsås,"Magnesium, Mg",Sås dressing majonnäs ,8.0,mg
25,Remouladsås,Summa mättade fettsyror,Sås dressing majonnäs ,8.3,g
25,Remouladsås,"Kolhydrater, tillgängliga",Sås dressing majonnäs ,1.1,g
25,Remouladsås,Kolesterol,Sås dressing majonnäs ,67.4,mg
25,Remouladsås,"Kalium, K",Sås dressing majonnäs ,40.0,mg
25,Remouladsås,"Jod, I",Sås dressing majonnäs ,39.6,µg
25,Remouladsås,Fullkorn totalt,Sås dressing majonnäs ,0.0,g
25,Remouladsås,"Folat, totalt",Sås dressing majonnäs ,21.0,µg
25,Remouladsås,Fibrer,Sås dressing majonnäs ,0.3,g
25,Remouladsås,"Fett, totalt",Sås dressing majonnäs ,78.7,g
25,Remouladsås,"Järn, Fe",Sås dressing majonnäs ,0.4,mg
25,Remouladsås,Energi (kJ),Sås dressing majonnäs ,2957.0,kJ
25,Remouladsås,Energi (kcal),Sås dressing majonnäs ,707.0,kcal
25,Remouladsås,Disackarider,Sås dressing majonnäs ,0.2,g
25,Remouladsås,"Kalcium, Ca",Sås dressing majonnäs ,37.0,mg
25,Remouladsås,Fettsyra 4:0-10:0,Sås dressing majonnäs ,0.0,g
25,Remouladsås,DHA (C22:6),Sås dressing majonnäs ,0.0,g
25,Remouladsås,DPA (C22:5),Sås dressing majonnäs ,0.0,g
25,Remouladsås,EPA (C20:5),Sås dressing majonnäs ,0.0,g
25,Remouladsås,Arakidonsyra C20:4,Sås dressing majonnäs ,0.0,g
25,Remouladsås,Arakidinsyra C20:0,Sås dressing majonnäs ,0.4,g
25,Remouladsås,Linolensyra C18:3,Sås dressing majonnäs ,4.0,g
25,Remouladsås,Linolsyra C18:2,Sås dressing majonnäs ,11.1,g
25,Remouladsås,Oljesyra C18:1,Sås dressing majonnäs ,49.9,g
25,Remouladsås,Stearinsyra C18:0,Sås dressing majonnäs ,1.7,g
25,Remouladsås,Palmitoljesyra C16:1,Sås dressing majonnäs ,0.5,g
25,Remouladsås,Palmitinsyra C16:0,Sås dressing majonnäs ,5.9,g
25,Remouladsås,Myristinsyra C14:0,Sås dressing majonnäs ,0.0,g
25,Remouladsås,Laurinsyra C12:0,Sås dressing majonnäs ,0.0,g
25,Remouladsås,Betakaroten/β-Karoten,Sås dressing majonnäs ,94.0,µg
25,Remouladsås,Avfall (skal etc.),Sås dressing majonnäs ,0.0,%
25,Remouladsås,Aska,Sås dressing majonnäs ,1.0,g
25,Remouladsås,Alkohol,Sås dressing majonnäs ,0.0,g
26,Dressing vinägrett fett 45%,"Zink, Zn",Sås dressing majonnäs ,0.1,mg
26,Dressing vinägrett fett 45%,Vitamin E,Sås dressing majonnäs ,11.6,mg
26,Dressing vinägrett fett 45%,Vitamin D inkl 25-OH-D3,Sås dressing majonnäs ,0.0,µg
26,Dressing vinägrett fett 45%,Vitamin D,Sås dressing majonnäs ,0.0,µg
26,Dressing vinägrett fett 45%,Vitamin C,Sås dressing majonnäs ,0.3,mg
26,Dressing vinägrett fett 45%,Vitamin B6,Sås dressing majonnäs ,0.02,mg
26,Dressing vinägrett fett 45%,Vitamin B12,Sås dressing majonnäs ,0.0,µg
26,Dressing vinägrett fett 45%,Vitamin A,Sås dressing majonnäs ,0.0,RE/µg
26,Dressing vinägrett fett 45%,Vatten,Sås dressing majonnäs ,48.4,g
26,Dressing vinägrett fett 45%,Tiamin,Sås dressing majonnäs ,0.01,mg
26,Dressing vinägrett fett 45%,Tillsatt socker,Sås dressing majonnäs ,0.0,g
26,Dressing vinägrett fett 45%,Fritt socker,Sås dressing majonnäs ,0.0,g
26,Dressing vinägrett fett 45%,"Selen, Se",Sås dressing majonnäs ,0.4,µg
26,Dressing vinägrett fett 45%,Sackaros,Sås dressing majonnäs ,0.0,g
26,Dressing vinägrett fett 45%,Riboflavin,Sås dressing majonnäs ,0.02,mg
26,Dressing vinägrett fett 45%,Retinol,Sås dressing majonnäs ,0.0,µg
26,Dressing vinägrett fett 45%,Protein,Sås dressing majonnäs ,0.7,g
26,Dressing vinägrett fett 45%,Summa fleromättade fettsyror,Sås dressing majonnäs ,12.1,g
26,Dressing vinägrett fett 45%,"Fosfor, P",Sås dressing majonnäs ,20.0,mg
26,Dressing vinägrett fett 45%,Niacinekvivalenter,Sås dressing majonnäs ,0.13,NE/mg
26,Dressing vinägrett fett 45%,Niacin,Sås dressing majonnäs ,0.01,mg
26,Dressing vinägrett fett 45%,"Salt, NaCl",Sås dressing majonnäs ,3.3,g
26,Dressing vinägrett fett 45%,"Natrium, Na",Sås dressing majonnäs ,1346.0,mg
26,Dressing vinägrett fett 45%,Monosackarider,Sås dressing majonnäs ,0.3,g
26,Dressing vinägrett fett 45%,"Sockerarter, totalt",Sås dressing majonnäs ,0.4,g
26,Dressing vinägrett fett 45%,Summa enkelomättade fettsyror,Sås dressing majonnäs ,27.1,g
26,Dressing vinägrett fett 45%,"Magnesium, Mg",Sås dressing majonnäs ,17.0,mg
26,Dressing vinägrett fett 45%,Summa mättade fettsyror,Sås dressing majonnäs ,3.1,g
26,Dressing vinägrett fett 45%,"Kolhydrater, tillgängliga",Sås dressing majonnäs ,2.9,g
26,Dressing vinägrett fett 45%,Kolesterol,Sås dressing majonnäs ,0.0,mg
26,Dressing vinägrett fett 45%,"Kalium, K",Sås dressing majonnäs ,55.0,mg
26,Dressing vinägrett fett 45%,"Jod, I",Sås dressing majonnäs ,169.5,µg
26,Dressing vinägrett fett 45%,Fullkorn totalt,Sås dressing majonnäs ,0.0,g
26,Dressing vinägrett fett 45%,"Folat, totalt",Sås dressing majonnäs ,1.8,µg
26,Dressing vinägrett fett 45%,Fibrer,Sås dressing majonnäs ,0.2,g
26,Dressing vinägrett fett 45%,"Fett, totalt",Sås dressing majonnäs ,44.2,g
26,Dressing vinägrett fett 45%,"Järn, Fe",Sås dressing majonnäs ,0.4,mg
26,Dressing vinägrett fett 45%,Energi (kJ),Sås dressing majonnäs ,1699.0,kJ
26,Dressing vinägrett fett 45%,Energi (kcal),Sås dressing majonnäs ,406.0,kcal
26,Dressing vinägrett fett 45%,Disackarider,Sås dressing majonnäs ,0.0,g
26,Dressing vinägrett fett 45%,"Kalcium, Ca",Sås dressing majonnäs ,46.0,mg
26,Dressing vinägrett fett 45%,Fettsyra 4:0-10:0,Sås dressing majonnäs ,0.0,g
26,Dressing vinägrett fett 45%,DHA (C22:6),Sås dressing majonnäs ,0.0,g
26,Dressing vinägrett fett 45%,DPA (C22:5),Sås dressing majonnäs ,0.0,g
26,Dressing vinägrett fett 45%,EPA (C20:5),Sås dressing majonnäs ,0.0,g
26,Dressing vinägrett fett 45%,Arakidonsyra C20:4,Sås dressing majonnäs ,0.0,g
26,Dressing vinägrett fett 45%,Arakidinsyra C20:0,Sås dressing majonnäs ,0.3,g
26,Dressing vinägrett fett 45%,Linolensyra C18:3,Sås dressing majonnäs ,3.8,g
26,Dressing vinägrett fett 45%,Linolsyra C18:2,Sås dressing majonnäs ,8.3,g
26,Dressing vinägrett fett 45%,Oljesyra C18:1,Sås dressing majonnäs ,26.1,g
26,Dressing vinägrett fett 45%,Stearinsyra C18:0,Sås dressing majonnäs ,0.7,g
26,Dressing vinägrett fett 45%,Palmitoljesyra C16:1,Sås dressing majonnäs ,0.1,g
26,Dressing vinägrett fett 45%,Palmitinsyra C16:0,Sås dressing majonnäs ,1.9,g
26,Dressing vinägrett fett 45%,Myristinsyra C14:0,Sås dressing majonnäs ,0.0,g
26,Dressing vinägrett fett 45%,Laurinsyra C12:0,Sås dressing majonnäs ,0.0,g
26,Dressing vinägrett fett 45%,Betakaroten/β-Karoten,Sås dressing majonnäs ,0.0,µg
26,Dressing vinägrett fett 45%,Avfall (skal etc.),Sås dressing majonnäs ,0.0,%
26,Dressing vinägrett fett 45%,Aska,Sås dressing majonnäs ,3.6,g
26,Dressing vinägrett fett 45%,Alkohol,Sås dressing majonnäs ,0.0,g
29,Smör fett 80%,"Zink, Zn",Smör,0.0,mg
29,Smör fett 80%,Vitamin E,Smör,2.1,mg
29,Smör fett 80%,Vitamin D inkl 25-OH-D3,Smör,0.75,µg
29,Smör fett 80%,Vitamin D,Smör,0.51,µg
29,Smör fett 80%,Vitamin C,Smör,0.0,mg
29,Smör fett 80%,Vitamin B6,Smör,0.0,mg
29,Smör fett 80%,Vitamin B12,Smör,0.0,µg
29,Smör fett 80%,Vitamin A,Smör,619.9,RE/µg
29,Smör fett 80%,Vatten,Smör,15.9,g
29,Smör fett 80%,Tiamin,Smör,0.0,mg
29,Smör fett 80%,Tillsatt socker,Smör,0.0,g
29,Smör fett 80%,Fritt socker,Smör,0.0,g
29,Smör fett 80%,"Selen, Se",Smör,0.0,µg
29,Smör fett 80%,Sackaros,Smör,0.0,g
29,Smör fett 80%,Riboflavin,Smör,0.0,mg
29,Smör fett 80%,Retinol,Smör,588.0,µg
29,Smör fett 80%,Protein,Smör,0.4,g
29,Smör fett 80%,Summa fleromättade fettsyror,Smör,3.0,g
29,Smör fett 80%,"Fosfor, P",Smör,21.0,mg
29,Smör fett 80%,Niacinekvivalenter,Smör,0.1,NE/mg
29,Smör fett 80%,Niacin,Smör,0.0,mg
29,Smör fett 80%,"Salt, NaCl",Smör,1.2,g
29,Smör fett 80%,"Natrium, Na",Smör,480.0,mg
29,Smör fett 80%,Monosackarider,Smör,0.0,g
29,Smör fett 80%,"Sockerarter, totalt",Smör,0.5,g
29,Smör fett 80%,Summa enkelomättade fettsyror,Smör,19.1,g
29,Smör fett 80%,"Magnesium, Mg",Smör,0.0,mg
29,Smör fett 80%,Summa mättade fettsyror,Smör,55.0,g
29,Smör fett 80%,"Kolhydrater, tillgängliga",Smör,0.5,g
29,Smör fett 80%,Kolesterol,Smör,256.0,mg
29,Smör fett 80%,"Kalium, K",Smör,0.0,mg
29,Smör fett 80%,"Jod, I",Smör,4.0,µg
29,Smör fett 80%,Fullkorn totalt,Smör,0.0,g
29,Smör fett 80%,"Folat, totalt",Smör,0.0,µg
29,Smör fett 80%,Fibrer,Smör,0.0,g
29,Smör fett 80%,"Fett, totalt",Smör,82.0,g
29,Smör fett 80%,"Järn, Fe",Smör,0.0,mg
29,Smör fett 80%,Energi (kJ),Smör,3049.0,kJ
29,Smör fett 80%,Energi (kcal),Smör,729.0,kcal
29,Smör fett 80%,Disackarider,Smör,0.5,g
29,Smör fett 80%,"Kalcium, Ca",Smör,0.0,mg
29,Smör fett 80%,Fettsyra 4:0-10:0,Smör,8.1,g
29,Smör fett 80%,DHA (C22:6),Smör,0.0,g
29,Smör fett 80%,DPA (C22:5),Smör,0.0,g
29,Smör fett 80%,EPA (C20:5),Smör,0.0,g
29,Smör fett 80%,Arakidonsyra C20:4,Smör,0.1,g
29,Smör fett 80%,Arakidinsyra C20:0,Smör,0.1,g
29,Smör fett 80%,Linolensyra C18:3,Smör,0.5,g
29,Smör fett 80%,Linolsyra C18:2,Smör,2.2,g
29,Smör fett 80%,Oljesyra C18:1,Smör,16.6,g
29,Smör fett 80%,Stearinsyra C18:0,Smör,7.7,g
29,Smör fett 80%,Palmitoljesyra C16:1,Smör,1.3,g
29,Smör fett 80%,Palmitinsyra C16:0,Smör,24.8,g
29,Smör fett 80%,Myristinsyra C14:0,Smör,8.8,g
29,Smör fett 80%,Laurinsyra C12:0,Smör,2.8,g
29,Smör fett 80%,Betakaroten/β-Karoten,Smör,380.0,µg
29,Smör fett 80%,Avfall (skal etc.),Smör,0.0,%
29,Smör fett 80%,Aska,Smör,0.6,g
29,Smör fett 80%,Alkohol,Smör,0.0,g
30,Smör extrasaltat fett 80%,"Zink, Zn",Smör,0.1,mg
30,Smör extrasaltat fett 80%,Vitamin E,Smör,1.8,mg
30,Smör extrasaltat fett 80%,Vitamin D,Smör,0.56,µg
30,Smör extrasaltat fett 80%,Vitamin C,Smör,0.0,mg
30,Smör extrasaltat fett 80%,Vitamin B6,Smör,0.0,mg
30,Smör extrasaltat fett 80%,Vitamin B12,Smör,0.0,µg
30,Smör extrasaltat fett 80%,Vitamin A,Smör,697.0,RE/µg
30,Smör extrasaltat fett 80%,Vatten,Smör,15.9,g
30,Smör extrasaltat fett 80%,Tiamin,Smör,0.01,mg
30,Smör extrasaltat fett 80%,Tillsatt socker,Smör,0.0,g
30,Smör extrasaltat fett 80%,Fritt socker,Smör,0.0,g
30,Smör extrasaltat fett 80%,"Selen, Se",Smör,0.5,µg
30,Smör extrasaltat fett 80%,Sackaros,Smör,0.0,g
30,Smör extrasaltat fett 80%,Riboflavin,Smör,0.02,mg
30,Smör extrasaltat fett 80%,Retinol,Smör,667.3,µg
30,Smör extrasaltat fett 80%,Protein,Smör,0.6,g
30,Smör extrasaltat fett 80%,Summa fleromättade fettsyror,Smör,2.9,g
30,Smör extrasaltat fett 80%,"Fosfor, P",Smör,26.0,mg
30,Smör extrasaltat fett 80%,Niacinekvivalenter,Smör,0.24,NE/mg
30,Smör extrasaltat fett 80%,Niacin,Smör,0.1,mg
30,Smör extrasaltat fett 80%,"Salt, NaCl",Smör,2.0,g
30,Smör extrasaltat fett 80%,"Natrium, Na",Smör,790.0,mg
30,Smör extrasaltat fett 80%,Monosackarider,Smör,0.0,g
30,Smör extrasaltat fett 80%,"Sockerarter, totalt",Smör,0.5,g
30,Smör extrasaltat fett 80%,Summa enkelomättade fettsyror,Smör,22.7,g
30,Smör extrasaltat fett 80%,"Magnesium, Mg",Smör,3.0,mg
30,Smör extrasaltat fett 80%,Summa mättade fettsyror,Smör,52.4,g
30,Smör extrasaltat fett 80%,"Kolhydrater, tillgängliga",Smör,0.5,g
30,Smör extrasaltat fett 80%,Kolesterol,Smör,256.0,mg
30,Smör extrasaltat fett 80%,"Kalium, K",Smör,20.0,mg
30,Smör extrasaltat fett 80%,"Jod, I",Smör,2.7,µg
30,Smör extrasaltat fett 80%,Fullkorn totalt,Smör,0.0,g
30,Smör extrasaltat fett 80%,"Folat, totalt",Smör,3.0,µg
30,Smör extrasaltat fett 80%,Fibrer,Smör,0.0,g
30,Smör extrasaltat fett 80%,"Fett, totalt",Smör,81.8,g
30,Smör extrasaltat fett 80%,"Järn, Fe",Smör,0.2,mg
30,Smör extrasaltat fett 80%,Energi (kJ),Smör,3044.0,kJ
30,Smör extrasaltat fett 80%,Energi (kcal),Smör,728.0,kcal
30,Smör extrasaltat fett 80%,Disackarider,Smör,0.5,g
30,Smör extrasaltat fett 80%,"Kalcium, Ca",Smör,18.0,mg
30,Smör extrasaltat fett 80%,Fettsyra 4:0-10:0,Smör,6.1,g
30,Smör extrasaltat fett 80%,DHA (C22:6),Smör,0.0,g
30,Smör extrasaltat fett 80%,DPA (C22:5),Smör,0.1,g
30,Smör extrasaltat fett 80%,EPA (C20:5),Smör,0.1,g
30,Smör extrasaltat fett 80%,Arakidonsyra C20:4,Smör,0.1,g
30,Smör extrasaltat fett 80%,Arakidinsyra C20:0,Smör,0.2,g
30,Smör extrasaltat fett 80%,Linolensyra C18:3,Smör,0.4,g
30,Smör extrasaltat fett 80%,Linolsyra C18:2,Smör,2.0,g
30,Smör extrasaltat fett 80%,Oljesyra C18:1,Smör,19.8,g
30,Smör extrasaltat fett 80%,Stearinsyra C18:0,Smör,8.4,g
30,Smör extrasaltat fett 80%,Palmitoljesyra C16:1,Smör,1.6,g
30,Smör extrasaltat fett 80%,Palmitinsyra C16:0,Smör,25.3,g
30,Smör extrasaltat fett 80%,Myristinsyra C14:0,Smör,8.5,g
30,Smör extrasaltat fett 80%,Laurinsyra C12:0,Smör,2.6,g
30,Smör extrasaltat fett 80%,Betakaroten/β-Karoten,Smör,369.0,µg
30,Smör extrasaltat fett 80%,Avfall (skal etc.),Smör,0.0,%
30,Smör extrasaltat fett 80%,Aska,Smör,1.2,g
30,Smör extrasaltat fett 80%,Alkohol,Smör,0.0,g
31,Smör osaltat fett 80%,"Zink, Zn",Smör,0.0,mg
31,Smör osaltat fett 80%,Vitamin E,Smör,1.8,mg
31,Smör osaltat fett 80%,Vitamin D,Smör,0.56,µg
31,Smör osaltat fett 80%,Vitamin C,Smör,0.0,mg
31,Smör osaltat fett 80%,Vitamin B6,Smör,0.0,mg
31,Smör osaltat fett 80%,Vitamin B12,Smör,0.0,µg
31,Smör osaltat fett 80%,Vitamin A,Smör,697.0,RE/µg
31,Smör osaltat fett 80%,Vatten,Smör,15.9,g
31,Smör osaltat fett 80%,Tiamin,Smör,0.01,mg
31,Smör osaltat fett 80%,Tillsatt socker,Smör,0.0,g
31,Smör osaltat fett 80%,Fritt socker,Smör,0.0,g
31,Smör osaltat fett 80%,"Selen, Se",Smör,0.5,µg
31,Smör osaltat fett 80%,Sackaros,Smör,0.0,g
31,Smör osaltat fett 80%,Riboflavin,Smör,0.02,mg
31,Smör osaltat fett 80%,Retinol,Smör,667.3,µg
31,Smör osaltat fett 80%,Protein,Smör,0.6,g
31,Smör osaltat fett 80%,Summa fleromättade fettsyror,Smör,2.9,g
31,Smör osaltat fett 80%,"Fosfor, P",Smör,23.0,mg
31,Smör osaltat fett 80%,Niacinekvivalenter,Smör,0.24,NE/mg
31,Smör osaltat fett 80%,Niacin,Smör,0.1,mg
31,Smör osaltat fett 80%,"Salt, NaCl",Smör,0.0,g
31,Smör osaltat fett 80%,"Natrium, Na",Smör,8.0,mg
31,Smör osaltat fett 80%,Monosackarider,Smör,0.0,g
31,Smör osaltat fett 80%,"Sockerarter, totalt",Smör,0.5,g
31,Smör osaltat fett 80%,Summa enkelomättade fettsyror,Smör,22.7,g
31,Smör osaltat fett 80%,"Magnesium, Mg",Smör,2.0,mg
31,Smör osaltat fett 80%,Summa mättade fettsyror,Smör,52.4,g
31,Smör osaltat fett 80%,"Kolhydrater, tillgängliga",Smör,0.5,g
31,Smör osaltat fett 80%,Kolesterol,Smör,256.0,mg
31,Smör osaltat fett 80%,"Kalium, K",Smör,0.0,mg
31,Smör osaltat fett 80%,"Jod, I",Smör,1.5,µg
31,Smör osaltat fett 80%,Fullkorn totalt,Smör,0.0,g
31,Smör osaltat fett 80%,"Folat, totalt",Smör,3.0,µg
31,Smör osaltat fett 80%,Fibrer,Smör,0.0,g
31,Smör osaltat fett 80%,"Fett, totalt",Smör,81.8,g
31,Smör osaltat fett 80%,"Järn, Fe",Smör,0.2,mg
31,Smör osaltat fett 80%,Energi (kJ),Smör,3044.0,kJ
31,Smör osaltat fett 80%,Energi (kcal),Smör,728.0,kcal
31,Smör osaltat fett 80%,Disackarider,Smör,0.5,g
31,Smör osaltat fett 80%,"Kalcium, Ca",Smör,15.0,mg
31,Smör osaltat fett 80%,Fettsyra 4:0-10:0,Smör,6.1,g
31,Smör osaltat fett 80%,DHA (C22:6),Smör,0.0,g
31,Smör osaltat fett 80%,DPA (C22:5),Smör,0.1,g
31,Smör osaltat fett 80%,EPA (C20:5),Smör,0.1,g
31,Smör osaltat fett 80%,Arakidonsyra C20:4,Smör,0.1,g
31,Smör osaltat fett 80%,Arakidinsyra C20:0,Smör,0.2,g
31,Smör osaltat fett 80%,Linolensyra C18:3,Smör,0.4,g
31,Smör osaltat fett 80%,Linolsyra C18:2,Smör,2.0,g
31,Smör osaltat fett 80%,Oljesyra C18:1,Smör,19.8,g
31,Smör osaltat fett 80%,Stearinsyra C18:0,Smör,8.4,g
31,Smör osaltat fett 80%,Palmitoljesyra C16:1,Smör,1.6,g
31,Smör osaltat fett 80%,Palmitinsyra C16:0,Smör,25.3,g
31,Smör osaltat fett 80%,Myristinsyra C14:0,Smör,8.5,g
31,Smör osaltat fett 80%,Laurinsyra C12:0,Smör,2.6,g
31,Smör osaltat fett 80%,Betakaroten/β-Karoten,Smör,369.0,µg
31,Smör osaltat fett 80%,Avfall (skal etc.),Smör,0.0,%
31,Smör osaltat fett 80%,Aska,Smör,1.2,g
31,Smör osaltat fett 80%,Alkohol,Smör,0.0,g
33,Druvkärnolja,"Zink, Zn",Olja,0.0,mg
33,Druvkärnolja,Vitamin E,Olja,29.0,mg
33,Druvkärnolja,Vitamin D inkl 25-OH-D3,Olja,0.0,µg
33,Druvkärnolja,Vitamin D,Olja,0.0,µg
33,Druvkärnolja,Vitamin C,Olja,0.0,mg
33,Druvkärnolja,Vitamin B6,Olja,0.0,mg
33,Druvkärnolja,Vitamin B12,Olja,0.0,µg
33,Druvkärnolja,Vitamin A,Olja,0.0,RE/µg
33,Druvkärnolja,Vatten,Olja,0.0,g
33,Druvkärnolja,Tiamin,Olja,0.0,mg
33,Druvkärnolja,Tillsatt socker,Olja,0.0,g
33,Druvkärnolja,Fritt socker,Olja,0.0,g
33,Druvkärnolja,"Selen, Se",Olja,0.0,µg
33,Druvkärnolja,Sackaros,Olja,0.0,g
33,Druvkärnolja,Riboflavin,Olja,0.0,mg
33,Druvkärnolja,Retinol,Olja,0.0,µg
33,Druvkärnolja,Protein,Olja,0.0,g
33,Druvkärnolja,Summa fleromättade fettsyror,Olja,66.7,g
33,Druvkärnolja,"Fosfor, P",Olja,0.0,mg
33,Druvkärnolja,Niacinekvivalenter,Olja,0.0,NE/mg
33,Druvkärnolja,Niacin,Olja,0.0,mg
33,Druvkärnolja,"Salt, NaCl",Olja,0.0,g
33,Druvkärnolja,"Natrium, Na",Olja,0.0,mg
33,Druvkärnolja,Monosackarider,Olja,0.0,g
33,Druvkärnolja,"Sockerarter, totalt",Olja,0.0,g
33,Druvkärnolja,Summa enkelomättade fettsyror,Olja,18.2,g
33,Druvkärnolja,"Magnesium, Mg",Olja,0.0,mg
33,Druvkärnolja,Summa mättade fettsyror,Olja,11.2,g
33,Druvkärnolja,"Kolhydrater, tillgängliga",Olja,0.0,g
33,Druvkärnolja,Kolesterol,Olja,0.0,mg
33,Druvkärnolja,"Kalium, K",Olja,0.0,mg
33,Druvkärnolja,"Jod, I",Olja,0.0,µg
33,Druvkärnolja,Fullkorn totalt,Olja,0.0,g
33,Druvkärnolja,"Folat, totalt",Olja,0.0,µg
33,Druvkärnolja,Fibrer,Olja,0.0,g
33,Druvkärnolja,"Fett, totalt",Olja,100.0,g
33,Druvkärnolja,"Järn, Fe",Olja,0.0,mg
33,Druvkärnolja,Energi (kJ),Olja,3700.0,kJ
33,Druvkärnolja,Energi (kcal),Olja,884.0,kcal
33,Druvkärnolja,Disackarider,Olja,0.0,g
33,Druvkärnolja,"Kalcium, Ca",Olja,0.0,mg
33,Druvkärnolja,Fettsyra 4:0-10:0,Olja,0.0,g
33,Druvkärnolja,DHA (C22:6),Olja,0.0,g
33,Druvkärnolja,DPA (C22:5),Olja,0.0,g
33,Druvkärnolja,EPA (C20:5),Olja,0.0,g
33,Druvkärnolja,Arakidonsyra C20:4,Olja,0.0,g
33,Druvkärnolja,Arakidinsyra C20:0,Olja,0.4,g
33,Druvkärnolja,Linolensyra C18:3,Olja,0.4,g
33,Druvkärnolja,Linolsyra C18:2,Olja,65.9,g
33,Druvkärnolja,Oljesyra C18:1,Olja,17.8,g
33,Druvkärnolja,Stearinsyra C18:0,Olja,3.6,g
33,Druvkärnolja,Palmitoljesyra C16:1,Olja,0.1,g
33,Druvkärnolja,Palmitinsyra C16:0,Olja,6.8,g
33,Druvkärnolja,Myristinsyra C14:0,Olja,0.0,g
33,Druvkärnolja,Laurinsyra C12:0,Olja,0.0,g
33,Druvkärnolja,Betakaroten/β-Karoten,Olja,0.0,µg
33,Druvkärnolja,Avfall (skal etc.),Olja,0.0,%
33,Druvkärnolja,Aska,Olja,0.0,g
33,Druvkärnolja,Alkohol,Olja,0.0,g
34,Majsolja,"Zink, Zn",Olja,0.0,mg
34,Majsolja,Vitamin E,Olja,16.8,mg
34,Majsolja,Vitamin D inkl 25-OH-D3,Olja,0.0,µg
34,Majsolja,Vitamin D,Olja,0.0,µg
34,Majsolja,Vitamin C,Olja,0.0,mg
34,Majsolja,Vitamin B6,Olja,0.0,mg
34,Majsolja,Vitamin B12,Olja,0.0,µg
34,Majsolja,Vitamin A,Olja,0.0,RE/µg
34,Majsolja,Vatten,Olja,0.0,g
34,Majsolja,Tiamin,Olja,0.0,mg
34,Majsolja,Tillsatt socker,Olja,0.0,g
34,Majsolja,Fritt socker,Olja,0.0,g
34,Majsolja,"Selen, Se",Olja,0.0,µg
34,Majsolja,Sackaros,Olja,0.0,g
34,Majsolja,Riboflavin,Olja,0.0,mg
34,Majsolja,Retinol,Olja,0.0,µg
34,Majsolja,Protein,Olja,0.0,g
34,Majsolja,Summa fleromättade fettsyror,Olja,54.5,g
34,Majsolja,"Fosfor, P",Olja,0.0,mg
34,Majsolja,Niacinekvivalenter,Olja,0.0,NE/mg
34,Majsolja,Niacin,Olja,0.0,mg
34,Majsolja,"Salt, NaCl",Olja,0.0,g
34,Majsolja,"Natrium, Na",Olja,0.0,mg
34,Majsolja,Monosackarider,Olja,0.0,g
34,Majsolja,"Sockerarter, totalt",Olja,0.0,g
34,Majsolja,Summa enkelomättade fettsyror,Olja,28.2,g
34,Majsolja,"Magnesium, Mg",Olja,0.0,mg
34,Majsolja,Summa mättade fettsyror,Olja,12.9,g
34,Majsolja,"Kolhydrater, tillgängliga",Olja,0.0,g
34,Majsolja,Kolesterol,Olja,0.0,mg
34,Majsolja,"Kalium, K",Olja,0.0,mg
34,Majsolja,"Jod, I",Olja,0.0,µg
34,Majsolja,Fullkorn totalt,Olja,0.0,g
34,Majsolja,"Folat, totalt",Olja,0.0,µg
34,Majsolja,Fibrer,Olja,0.0,g
34,Majsolja,"Fett, totalt",Olja,100.0,g
34,Majsolja,"Järn, Fe",Olja,0.0,mg
34,Majsolja,Energi (kJ),Olja,3700.0,kJ
34,Majsolja,Energi (kcal),Olja,884.0,kcal
34,Majsolja,Disackarider,Olja,0.0,g
34,Majsolja,"Kalcium, Ca",Olja,0.0,mg
34,Majsolja,Fettsyra 4:0-10:0,Olja,0.0,g
34,Majsolja,DHA (C22:6),Olja,0.0,g
34,Majsolja,DPA (C22:5),Olja,0.0,g
34,Majsolja,EPA (C20:5),Olja,0.0,g
34,Majsolja,Arakidonsyra C20:4,Olja,0.0,g
34,Majsolja,Arakidinsyra C20:0,Olja,0.4,g
34,Majsolja,Linolensyra C18:3,Olja,0.9,g
34,Majsolja,Linolsyra C18:2,Olja,53.6,g
34,Majsolja,Oljesyra C18:1,Olja,27.7,g
34,Majsolja,Stearinsyra C18:0,Olja,1.8,g
34,Majsolja,Palmitoljesyra C16:1,Olja,0.1,g
34,Majsolja,Palmitinsyra C16:0,Olja,10.3,g
34,Majsolja,Myristinsyra C14:0,Olja,0.0,g
34,Majsolja,Laurinsyra C12:0,Olja,0.0,g
34,Majsolja,Betakaroten/β-Karoten,Olja,0.0,µg
34,Majsolja,Avfall (skal etc.),Olja,0.0,%
34,Majsolja,Aska,Olja,0.0,g
34,Majsolja,Alkohol,Olja,0.0,g
35,Olivolja,"Zink, Zn",Olja,0.0,mg
35,Olivolja,Vitamin E,Olja,17.5,mg
35,Olivolja,Vitamin D inkl 25-OH-D3,Olja,0.0,µg
35,Olivolja,Vitamin D,Olja,0.0,µg
35,Olivolja,Vitamin C,Olja,0.0,mg
35,Olivolja,Vitamin B6,Olja,0.0,mg
35,Olivolja,Vitamin B12,Olja,0.0,µg
35,Olivolja,Vitamin A,Olja,1.0,RE/µg
35,Olivolja,Vatten,Olja,0.0,g
35,Olivolja,Tiamin,Olja,0.0,mg
35,Olivolja,Tillsatt socker,Olja,0.0,g
35,Olivolja,Fritt socker,Olja,0.0,g
35,Olivolja,"Selen, Se",Olja,0.0,µg
35,Olivolja,Sackaros,Olja,0.0,g
35,Olivolja,Riboflavin,Olja,0.0,mg
35,Olivolja,Retinol,Olja,0.0,µg
35,Olivolja,Protein,Olja,0.0,g
35,Olivolja,Summa fleromättade fettsyror,Olja,8.8,g
35,Olivolja,"Fosfor, P",Olja,0.0,mg
35,Olivolja,Niacinekvivalenter,Olja,0.0,NE/mg
35,Olivolja,Niacin,Olja,0.0,mg
35,Olivolja,"Salt, NaCl",Olja,0.0,g
35,Olivolja,"Natrium, Na",Olja,0.0,mg
35,Olivolja,Monosackarider,Olja,0.0,g
35,Olivolja,"Sockerarter, totalt",Olja,0.0,g
35,Olivolja,Summa enkelomättade fettsyror,Olja,72.6,g
35,Olivolja,"Magnesium, Mg",Olja,0.0,mg
35,Olivolja,Summa mättade fettsyror,Olja,14.3,g
35,Olivolja,"Kolhydrater, tillgängliga",Olja,0.0,g
35,Olivolja,Kolesterol,Olja,0.0,mg
35,Olivolja,"Kalium, K",Olja,0.0,mg
35,Olivolja,"Jod, I",Olja,0.0,µg
35,Olivolja,Fullkorn totalt,Olja,0.0,g
35,Olivolja,"Folat, totalt",Olja,0.0,µg
35,Olivolja,Fibrer,Olja,0.0,g
35,Olivolja,"Fett, totalt",Olja,100.0,g
35,Olivolja,"Järn, Fe",Olja,0.0,mg
35,Olivolja,Energi (kJ),Olja,3700.0,kJ
35,Olivolja,Energi (kcal),Olja,884.0,kcal
35,Olivolja,Disackarider,Olja,0.0,g
35,Olivolja,"Kalcium, Ca",Olja,0.0,mg
35,Olivolja,Fettsyra 4:0-10:0,Olja,0.0,g
35,Olivolja,DHA (C22:6),Olja,0.0,g
35,Olivolja,DPA (C22:5),Olja,0.0,g
35,Olivolja,EPA (C20:5),Olja,0.0,g
35,Olivolja,Arakidonsyra C20:4,Olja,0.0,g
35,Olivolja,Arakidinsyra C20:0,Olja,0.4,g
35,Olivolja,Linolensyra C18:3,Olja,0.7,g
35,Olivolja,Linolsyra C18:2,Olja,8.1,g
35,Olivolja,Oljesyra C18:1,Olja,70.7,g
35,Olivolja,Stearinsyra C18:0,Olja,2.7,g
35,Olivolja,Palmitoljesyra C16:1,Olja,1.2,g
35,Olivolja,Palmitinsyra C16:0,Olja,11.1,g
35,Olivolja,Myristinsyra C14:0,Olja,0.0,g
35,Olivolja,Laurinsyra C12:0,Olja,0.0,g
35,Olivolja,Betakaroten/β-Karoten,Olja,11.0,µg
35,Olivolja,Avfall (skal etc.),Olja,0.0,%
35,Olivolja,Aska,Olja,0.0,g
35,Olivolja,Alkohol,Olja,0.0,g
37,Tistelolja,"Zink, Zn",Olja,0.0,mg
37,Tistelolja,Vitamin E,Olja,34.0,mg
37,Tistelolja,Vitamin D inkl 25-OH-D3,Olja,0.0,µg
37,Tistelolja,Vitamin D,Olja,0.0,µg
37,Tistelolja,Vitamin C,Olja,0.0,mg
37,Tistelolja,Vitamin B6,Olja,0.0,mg
37,Tistelolja,Vitamin B12,Olja,0.0,µg
37,Tistelolja,Vitamin A,Olja,0.0,RE/µg
37,Tistelolja,Vatten,Olja,0.0,g
37,Tistelolja,Tiamin,Olja,0.0,mg
37,Tistelolja,Tillsatt socker,Olja,0.0,g
37,Tistelolja,Fritt socker,Olja,0.0,g
37,Tistelolja,"Selen, Se",Olja,0.0,µg
37,Tistelolja,Sackaros,Olja,0.0,g
37,Tistelolja,Riboflavin,Olja,0.0,mg
37,Tistelolja,Retinol,Olja,0.0,µg
37,Tistelolja,Protein,Olja,0.0,g
37,Tistelolja,Summa fleromättade fettsyror,Olja,75.7,g
37,Tistelolja,"Fosfor, P",Olja,0.0,mg
37,Tistelolja,Niacinekvivalenter,Olja,0.0,NE/mg
37,Tistelolja,Niacin,Olja,0.0,mg
37,Tistelolja,"Salt, NaCl",Olja,0.0,g
37,Tistelolja,"Natrium, Na",Olja,0.0,mg
37,Tistelolja,Monosackarider,Olja,0.0,g
37,Tistelolja,"Sockerarter, totalt",Olja,0.0,g
37,Tistelolja,Summa enkelomättade fettsyror,Olja,10.9,g
37,Tistelolja,"Magnesium, Mg",Olja,0.0,mg
37,Tistelolja,Summa mättade fettsyror,Olja,9.0,g
37,Tistelolja,"Kolhydrater, tillgängliga",Olja,0.0,g
37,Tistelolja,Kolesterol,Olja,0.0,mg
37,Tistelolja,"Kalium, K",Olja,0.0,mg
37,Tistelolja,"Jod, I",Olja,0.0,µg
37,Tistelolja,Fullkorn totalt,Olja,0.0,g
37,Tistelolja,"Folat, totalt",Olja,0.0,µg
37,Tistelolja,Fibrer,Olja,0.0,g
37,Tistelolja,"Fett, totalt",Olja,100.0,g
37,Tistelolja,"Järn, Fe",Olja,0.0,mg
37,Tistelolja,Energi (kJ),Olja,3700.0,kJ
37,Tistelolja,Energi (kcal),Olja,884.0,kcal
37,Tistelolja,Disackarider,Olja,0.0,g
37,Tistelolja,"Kalcium, Ca",Olja,0.0,mg
37,Tistelolja,Fettsyra 4:0-10:0,Olja,0.0,g
37,Tistelolja,DHA (C22:6),Olja,0.0,g
37,Tistelolja,DPA (C22:5),Olja,0.0,g
37,Tistelolja,EPA (C20:5),Olja,0.0,g
37,Tistelolja,Arakidonsyra C20:4,Olja,0.0,g
37,Tistelolja,Arakidinsyra C20:0,Olja,0.3,g
37,Tistelolja,Linolensyra C18:3,Olja,0.2,g
37,Tistelolja,Linolsyra C18:2,Olja,75.5,g
37,Tistelolja,Oljesyra C18:1,Olja,10.6,g
37,Tistelolja,Stearinsyra C18:0,Olja,2.2,g
37,Tistelolja,Palmitoljesyra C16:1,Olja,0.0,g
37,Tistelolja,Palmitinsyra C16:0,Olja,6.2,g
37,Tistelolja,Myristinsyra C14:0,Olja,0.0,g
37,Tistelolja,Laurinsyra C12:0,Olja,0.0,g
37,Tistelolja,Betakaroten/β-Karoten,Olja,0.0,µg
37,Tistelolja,Avfall (skal etc.),Olja,0.0,%
37,Tistelolja,Aska,Olja,0.0,g
37,Tistelolja,Alkohol,Olja,0.0,g
38,Sesamolja,"Zink, Zn",Olja,0.0,mg
38,Sesamolja,Vitamin E,Olja,1.4,mg
38,Sesamolja,Vitamin D inkl 25-OH-D3,Olja,0.0,µg
38,Sesamolja,Vitamin D,Olja,0.0,µg
38,Sesamolja,Vitamin C,Olja,0.0,mg
38,Sesamolja,Vitamin B6,Olja,0.0,mg
38,Sesamolja,Vitamin B12,Olja,0.0,µg
38,Sesamolja,Vitamin A,Olja,0.0,RE/µg
38,Sesamolja,Vatten,Olja,0.0,g
38,Sesamolja,Tiamin,Olja,0.0,mg
38,Sesamolja,Tillsatt socker,Olja,0.0,g
38,Sesamolja,Fritt socker,Olja,0.0,g
38,Sesamolja,"Selen, Se",Olja,0.0,µg
38,Sesamolja,Sackaros,Olja,0.0,g
38,Sesamolja,Riboflavin,Olja,0.0,mg
38,Sesamolja,Retinol,Olja,0.0,µg
38,Sesamolja,Protein,Olja,0.0,g
38,Sesamolja,Summa fleromättade fettsyror,Olja,41.7,g
38,Sesamolja,"Fosfor, P",Olja,0.0,mg
38,Sesamolja,Niacinekvivalenter,Olja,0.0,NE/mg
38,Sesamolja,Niacin,Olja,0.0,mg
38,Sesamolja,"Salt, NaCl",Olja,0.0,g
38,Sesamolja,"Natrium, Na",Olja,0.0,mg
38,Sesamolja,Monosackarider,Olja,0.0,g
38,Sesamolja,"Sockerarter, totalt",Olja,0.0,g
38,Sesamolja,Summa enkelomättade fettsyror,Olja,39.1,g
38,Sesamolja,"Magnesium, Mg",Olja,0.0,mg
38,Sesamolja,Summa mättade fettsyror,Olja,14.8,g
38,Sesamolja,"Kolhydrater, tillgängliga",Olja,0.0,g
38,Sesamolja,Kolesterol,Olja,0.0,mg
38,Sesamolja,"Kalium, K",Olja,0.0,mg
38,Sesamolja,"Jod, I",Olja,0.0,µg
38,Sesamolja,Fullkorn totalt,Olja,0.0,g
38,Sesamolja,"Folat, totalt",Olja,0.0,µg
38,Sesamolja,Fibrer,Olja,0.0,g
38,Sesamolja,"Fett, totalt",Olja,100.0,g
38,Sesamolja,"Järn, Fe",Olja,0.0,mg
38,Sesamolja,Energi (kJ),Olja,3700.0,kJ
38,Sesamolja,Energi (kcal),Olja,884.0,kcal
38,Sesamolja,Disackarider,Olja,0.0,g
38,Sesamolja,"Kalcium, Ca",Olja,0.0,mg
38,Sesamolja,Fettsyra 4:0-10:0,Olja,0.0,g
38,Sesamolja,DHA (C22:6),Olja,0.0,g
38,Sesamolja,DPA (C22:5),Olja,0.0,g
38,Sesamolja,EPA (C20:5),Olja,0.0,g
38,Sesamolja,Arakidonsyra C20:4,Olja,0.0,g
38,Sesamolja,Arakidinsyra C20:0,Olja,0.6,g
38,Sesamolja,Linolensyra C18:3,Olja,0.4,g
38,Sesamolja,Linolsyra C18:2,Olja,41.3,g
38,Sesamolja,Oljesyra C18:1,Olja,38.9,g
38,Sesamolja,Stearinsyra C18:0,Olja,5.4,g
38,Sesamolja,Palmitoljesyra C16:1,Olja,0.0,g
38,Sesamolja,Palmitinsyra C16:0,Olja,8.6,g
38,Sesamolja,Myristinsyra C14:0,Olja,0.0,g
38,Sesamolja,Laurinsyra C12:0,Olja,0.0,g
38,Sesamolja,Betakaroten/β-Karoten,Olja,0.0,µg
38,Sesamolja,Avfall (skal etc.),Olja,0.0,%
38,Sesamolja,Aska,Olja,0.0,g
38,Sesamolja,Alkohol,Olja,0.0,g
39,Sojaolja,"Zink, Zn",Olja,0.0,mg
39,Sojaolja,Vitamin E,Olja,12.0,mg
39,Sojaolja,Vitamin D inkl 25-OH-D3,Olja,0.0,µg
39,Sojaolja,Vitamin D,Olja,0.0,µg
39,Sojaolja,Vitamin C,Olja,0.0,mg
39,Sojaolja,Vitamin B6,Olja,0.0,mg
39,Sojaolja,Vitamin B12,Olja,0.0,µg
39,Sojaolja,Vitamin A,Olja,0.0,RE/µg
39,Sojaolja,Vatten,Olja,0.0,g
39,Sojaolja,Tiamin,Olja,0.0,mg
39,Sojaolja,Tillsatt socker,Olja,0.0,g
39,Sojaolja,Fritt socker,Olja,0.0,g
39,Sojaolja,"Selen, Se",Olja,0.0,µg
39,Sojaolja,Sackaros,Olja,0.0,g
39,Sojaolja,Riboflavin,Olja,0.0,mg
39,Sojaolja,Retinol,Olja,0.0,µg
39,Sojaolja,Protein,Olja,0.0,g
39,Sojaolja,Summa fleromättade fettsyror,Olja,58.4,g
39,Sojaolja,"Fosfor, P",Olja,0.0,mg
39,Sojaolja,Niacinekvivalenter,Olja,0.0,NE/mg
39,Sojaolja,Niacin,Olja,0.0,mg
39,Sojaolja,"Salt, NaCl",Olja,0.0,g
39,Sojaolja,"Natrium, Na",Olja,0.0,mg
39,Sojaolja,Monosackarider,Olja,0.0,g
39,Sojaolja,"Sockerarter, totalt",Olja,0.0,g
39,Sojaolja,Summa enkelomättade fettsyror,Olja,22.3,g
39,Sojaolja,"Magnesium, Mg",Olja,0.0,mg
39,Sojaolja,Summa mättade fettsyror,Olja,14.9,g
39,Sojaolja,"Kolhydrater, tillgängliga",Olja,0.0,g
39,Sojaolja,Kolesterol,Olja,0.0,mg
39,Sojaolja,"Kalium, K",Olja,0.0,mg
39,Sojaolja,"Jod, I",Olja,0.0,µg
39,Sojaolja,Fullkorn totalt,Olja,0.0,g
39,Sojaolja,"Folat, totalt",Olja,0.0,µg
39,Sojaolja,Fibrer,Olja,0.0,g
39,Sojaolja,"Fett, totalt",Olja,100.0,g
39,Sojaolja,"Järn, Fe",Olja,0.0,mg
39,Sojaolja,Energi (kJ),Olja,3700.0,kJ
39,Sojaolja,Energi (kcal),Olja,884.0,kcal
39,Sojaolja,Disackarider,Olja,0.0,g
39,Sojaolja,"Kalcium, Ca",Olja,0.0,mg
39,Sojaolja,Fettsyra 4:0-10:0,Olja,0.0,g
39,Sojaolja,DHA (C22:6),Olja,0.0,g
39,Sojaolja,DPA (C22:5),Olja,0.0,g
39,Sojaolja,EPA (C20:5),Olja,0.0,g
39,Sojaolja,Arakidonsyra C20:4,Olja,0.0,g
39,Sojaolja,Arakidinsyra C20:0,Olja,0.3,g
39,Sojaolja,Linolensyra C18:3,Olja,7.4,g
39,Sojaolja,Linolsyra C18:2,Olja,51.1,g
39,Sojaolja,Oljesyra C18:1,Olja,22.0,g
39,Sojaolja,Stearinsyra C18:0,Olja,4.1,g
39,Sojaolja,Palmitoljesyra C16:1,Olja,0.0,g
39,Sojaolja,Palmitinsyra C16:0,Olja,10.1,g
39,Sojaolja,Myristinsyra C14:0,Olja,0.0,g
39,Sojaolja,Laurinsyra C12:0,Olja,0.0,g
39,Sojaolja,Betakaroten/β-Karoten,Olja,0.0,µg
39,Sojaolja,Avfall (skal etc.),Olja,0.0,%
39,Sojaolja,Aska,Olja,0.0,g
39,Sojaolja,Alkohol,Olja,0.0,g
40,Solrosolja,"Zink, Zn",Olja,0.0,mg
40,Solrosolja,Vitamin E,Olja,60.5,mg
40,Solrosolja,Vitamin D inkl 25-OH-D3,Olja,0.0,µg
40,Solrosolja,Vitamin D,Olja,0.0,µg
40,Solrosolja,Vitamin C,Olja,0.0,mg
40,Solrosolja,Vitamin B6,Olja,0.0,mg
40,Solrosolja,Vitamin B12,Olja,0.0,µg
40,Solrosolja,Vitamin A,Olja,0.0,RE/µg
40,Solrosolja,Vatten,Olja,0.0,g
40,Solrosolja,Tiamin,Olja,0.0,mg
40,Solrosolja,Tillsatt socker,Olja,0.0,g
40,Solrosolja,Fritt socker,Olja,0.0,g
40,Solrosolja,"Selen, Se",Olja,0.0,µg
40,Solrosolja,Sackaros,Olja,0.0,g
40,Solrosolja,Riboflavin,Olja,0.0,mg
40,Solrosolja,Retinol,Olja,0.0,µg
40,Solrosolja,Protein,Olja,0.0,g
40,Solrosolja,Summa fleromättade fettsyror,Olja,56.3,g
40,Solrosolja,"Fosfor, P",Olja,0.0,mg
40,Solrosolja,Niacinekvivalenter,Olja,0.0,NE/mg
40,Solrosolja,Niacin,Olja,0.0,mg
40,Solrosolja,"Salt, NaCl",Olja,0.0,g
40,Solrosolja,"Natrium, Na",Olja,0.0,mg
40,Solrosolja,Monosackarider,Olja,0.0,g
40,Solrosolja,"Sockerarter, totalt",Olja,0.0,g
40,Solrosolja,Summa enkelomättade fettsyror,Olja,28.9,g
40,Solrosolja,"Magnesium, Mg",Olja,0.0,mg
40,Solrosolja,Summa mättade fettsyror,Olja,10.4,g
40,Solrosolja,"Kolhydrater, tillgängliga",Olja,0.0,g
40,Solrosolja,Kolesterol,Olja,0.0,mg
40,Solrosolja,"Kalium, K",Olja,0.0,mg
40,Solrosolja,"Jod, I",Olja,0.0,µg
40,Solrosolja,Fullkorn totalt,Olja,0.0,g
40,Solrosolja,"Folat, totalt",Olja,0.0,µg
40,Solrosolja,Fibrer,Olja,0.0,g
40,Solrosolja,"Fett, totalt",Olja,100.0,g
40,Solrosolja,"Järn, Fe",Olja,0.0,mg
40,Solrosolja,Energi (kJ),Olja,3700.0,kJ
40,Solrosolja,Energi (kcal),Olja,884.0,kcal
40,Solrosolja,Disackarider,Olja,0.0,g
40,Solrosolja,"Kalcium, Ca",Olja,0.0,mg
40,Solrosolja,Fettsyra 4:0-10:0,Olja,0.0,g
40,Solrosolja,DHA (C22:6),Olja,0.0,g
40,Solrosolja,DPA (C22:5),Olja,0.0,g
40,Solrosolja,EPA (C20:5),Olja,0.0,g
40,Solrosolja,Arakidonsyra C20:4,Olja,0.0,g
40,Solrosolja,Arakidinsyra C20:0,Olja,0.3,g
40,Solrosolja,Linolensyra C18:3,Olja,0.1,g
40,Solrosolja,Linolsyra C18:2,Olja,56.2,g
40,Solrosolja,Oljesyra C18:1,Olja,28.6,g
40,Solrosolja,Stearinsyra C18:0,Olja,3.2,g
40,Solrosolja,Palmitoljesyra C16:1,Olja,0.1,g
40,Solrosolja,Palmitinsyra C16:0,Olja,5.8,g
40,Solrosolja,Myristinsyra C14:0,Olja,0.1,g
40,Solrosolja,Laurinsyra C12:0,Olja,0.0,g
40,Solrosolja,Betakaroten/β-Karoten,Olja,0.0,µg
40,Solrosolja,Avfall (skal etc.),Olja,0.0,%
40,Solrosolja,Aska,Olja,0.0,g
40,Solrosolja,Alkohol,Olja,0.0,g
41,Vetegroddsolja,"Zink, Zn",Olja,3.8,mg
41,Vetegroddsolja,Vitamin E,Olja,149.0,mg
41,Vetegroddsolja,Vitamin D inkl 25-OH-D3,Olja,0.0,µg
41,Vetegroddsolja,Vitamin D,Olja,0.0,µg
41,Vetegroddsolja,Vitamin C,Olja,0.0,mg
41,Vetegroddsolja,Vitamin B6,Olja,0.0,mg
41,Vetegroddsolja,Vitamin B12,Olja,0.0,µg
41,Vetegroddsolja,Vitamin A,Olja,0.0,RE/µg
41,Vetegroddsolja,Vatten,Olja,0.0,g
41,Vetegroddsolja,Tiamin,Olja,0.0,mg
41,Vetegroddsolja,Tillsatt socker,Olja,0.0,g
41,Vetegroddsolja,Fritt socker,Olja,0.0,g
41,Vetegroddsolja,"Selen, Se",Olja,0.0,µg
41,Vetegroddsolja,Sackaros,Olja,0.0,g
41,Vetegroddsolja,Riboflavin,Olja,0.0,mg
41,Vetegroddsolja,Retinol,Olja,0.0,µg
41,Vetegroddsolja,Protein,Olja,0.0,g
41,Vetegroddsolja,Summa fleromättade fettsyror,Olja,59.7,g
41,Vetegroddsolja,"Fosfor, P",Olja,0.0,mg
41,Vetegroddsolja,Niacinekvivalenter,Olja,0.0,NE/mg
41,Vetegroddsolja,Niacin,Olja,0.0,mg
41,Vetegroddsolja,"Salt, NaCl",Olja,0.0,g
41,Vetegroddsolja,"Natrium, Na",Olja,0.0,mg
41,Vetegroddsolja,Monosackarider,Olja,0.0,g
41,Vetegroddsolja,"Sockerarter, totalt",Olja,0.0,g
41,Vetegroddsolja,Summa enkelomättade fettsyror,Olja,19.3,g
41,Vetegroddsolja,"Magnesium, Mg",Olja,0.0,mg
41,Vetegroddsolja,Summa mättade fettsyror,Olja,16.6,g
41,Vetegroddsolja,"Kolhydrater, tillgängliga",Olja,0.0,g
41,Vetegroddsolja,Kolesterol,Olja,0.0,mg
41,Vetegroddsolja,"Kalium, K",Olja,0.0,mg
41,Vetegroddsolja,"Jod, I",Olja,0.0,µg
41,Vetegroddsolja,Fullkorn totalt,Olja,0.0,g
41,Vetegroddsolja,"Folat, totalt",Olja,0.0,µg
41,Vetegroddsolja,Fibrer,Olja,0.0,g
41,Vetegroddsolja,"Fett, totalt",Olja,100.0,g
41,Vetegroddsolja,"Järn, Fe",Olja,0.0,mg
41,Vetegroddsolja,Energi (kJ),Olja,3700.0,kJ
41,Vetegroddsolja,Energi (kcal),Olja,884.0,kcal
41,Vetegroddsolja,Disackarider,Olja,0.0,g
41,Vetegroddsolja,"Kalcium, Ca",Olja,0.0,mg
41,Vetegroddsolja,Fettsyra 4:0-10:0,Olja,0.0,g
41,Vetegroddsolja,DHA (C22:6),Olja,0.0,g
41,Vetegroddsolja,DPA (C22:5),Olja,0.0,g
41,Vetegroddsolja,EPA (C20:5),Olja,0.0,g
41,Vetegroddsolja,Arakidonsyra C20:4,Olja,0.0,g
41,Vetegroddsolja,Arakidinsyra C20:0,Olja,0.2,g
41,Vetegroddsolja,Linolensyra C18:3,Olja,5.4,g
41,Vetegroddsolja,Linolsyra C18:2,Olja,54.2,g
41,Vetegroddsolja,Oljesyra C18:1,Olja,18.0,g
41,Vetegroddsolja,Stearinsyra C18:0,Olja,1.3,g
41,Vetegroddsolja,Palmitoljesyra C16:1,Olja,0.0,g
41,Vetegroddsolja,Palmitinsyra C16:0,Olja,15.1,g
41,Vetegroddsolja,Myristinsyra C14:0,Olja,0.0,g
41,Vetegroddsolja,Laurinsyra C12:0,Olja,0.0,g
41,Vetegroddsolja,Betakaroten/β-Karoten,Olja,0.0,µg
41,Vetegroddsolja,Avfall (skal etc.),Olja,0.0,%
41,Vetegroddsolja,Aska,Olja,0.0,g
41,Vetegroddsolja,Alkohol,Olja,0.0,g
42,Dressing konserv. fett ca 25%,"Zink, Zn",Sås dressing majonnäs ,0.1,mg
42,Dressing konserv. fett ca 25%,Vitamin E,Sås dressing majonnäs ,2.8,mg
42,Dressing konserv. fett ca 25%,Vitamin D inkl 25-OH-D3,Sås dressing majonnäs ,0.0,µg
42,Dressing konserv. fett ca 25%,Vitamin D,Sås dressing majonnäs ,0.0,µg
42,Dressing konserv. fett ca 25%,Vitamin C,Sås dressing majonnäs ,0.0,mg
42,Dressing konserv. fett ca 25%,Vitamin B6,Sås dressing majonnäs ,0.02,mg
42,Dressing konserv. fett ca 25%,Vitamin B12,Sås dressing majonnäs ,0.0,µg
42,Dressing konserv. fett ca 25%,Vitamin A,Sås dressing majonnäs ,6.0,RE/µg
42,Dressing konserv. fett ca 25%,Vatten,Sås dressing majonnäs ,63.0,g
42,Dressing konserv. fett ca 25%,Tiamin,Sås dressing majonnäs ,0.01,mg
42,Dressing konserv. fett ca 25%,Tillsatt socker,Sås dressing majonnäs ,4.0,g
42,Dressing konserv. fett ca 25%,Fritt socker,Sås dressing majonnäs ,4.0,g
42,Dressing konserv. fett ca 25%,"Selen, Se",Sås dressing majonnäs ,0.5,µg
42,Dressing konserv. fett ca 25%,Sackaros,Sås dressing majonnäs ,1.5,g
42,Dressing konserv. fett ca 25%,Riboflavin,Sås dressing majonnäs ,0.03,mg
42,Dressing konserv. fett ca 25%,Retinol,Sås dressing majonnäs ,6.0,µg
42,Dressing konserv. fett ca 25%,Protein,Sås dressing majonnäs ,0.5,g
42,Dressing konserv. fett ca 25%,Summa fleromättade fettsyror,Sås dressing majonnäs ,14.4,g
42,Dressing konserv. fett ca 25%,"Fosfor, P",Sås dressing majonnäs ,14.0,mg
42,Dressing konserv. fett ca 25%,Niacinekvivalenter,Sås dressing majonnäs ,0.18,NE/mg
42,Dressing konserv. fett ca 25%,Niacin,Sås dressing majonnäs ,0.1,mg
42,Dressing konserv. fett ca 25%,"Salt, NaCl",Sås dressing majonnäs ,1.8,g
42,Dressing konserv. fett ca 25%,"Natrium, Na",Sås dressing majonnäs ,710.0,mg
42,Dressing konserv. fett ca 25%,Monosackarider,Sås dressing majonnäs ,2.1,g
42,Dressing konserv. fett ca 25%,"Sockerarter, totalt",Sås dressing majonnäs ,3.6,g
42,Dressing konserv. fett ca 25%,Summa enkelomättade fettsyror,Sås dressing majonnäs ,5.8,g
42,Dressing konserv. fett ca 25%,"Magnesium, Mg",Sås dressing majonnäs ,2.0,mg
42,Dressing konserv. fett ca 25%,Summa mättade fettsyror,Sås dressing majonnäs ,3.7,g
42,Dressing konserv. fett ca 25%,"Kolhydrater, tillgängliga",Sås dressing majonnäs ,9.7,g
42,Dressing konserv. fett ca 25%,Kolesterol,Sås dressing majonnäs ,26.0,mg
42,Dressing konserv. fett ca 25%,"Kalium, K",Sås dressing majonnäs ,9.0,mg
42,Dressing konserv. fett ca 25%,"Jod, I",Sås dressing majonnäs ,7.0,µg
42,Dressing konserv. fett ca 25%,Fullkorn totalt,Sås dressing majonnäs ,0.0,g
42,Dressing konserv. fett ca 25%,"Folat, totalt",Sås dressing majonnäs ,0.0,µg
42,Dressing konserv. fett ca 25%,Fibrer,Sås dressing majonnäs ,0.0,g
42,Dressing konserv. fett ca 25%,"Fett, totalt",Sås dressing majonnäs ,25.0,g
42,Dressing konserv. fett ca 25%,"Järn, Fe",Sås dressing majonnäs ,0.2,mg
42,Dressing konserv. fett ca 25%,Energi (kJ),Sås dressing majonnäs ,1098.0,kJ
42,Dressing konserv. fett ca 25%,Energi (kcal),Sås dressing majonnäs ,262.0,kcal
42,Dressing konserv. fett ca 25%,Disackarider,Sås dressing majonnäs ,1.5,g
42,Dressing konserv. fett ca 25%,"Kalcium, Ca",Sås dressing majonnäs ,9.0,mg
42,Dressing konserv. fett ca 25%,Fettsyra 4:0-10:0,Sås dressing majonnäs ,0.0,g
42,Dressing konserv. fett ca 25%,DHA (C22:6),Sås dressing majonnäs ,0.0,g
42,Dressing konserv. fett ca 25%,DPA (C22:5),Sås dressing majonnäs ,0.0,g
42,Dressing konserv. fett ca 25%,EPA (C20:5),Sås dressing majonnäs ,0.0,g
42,Dressing konserv. fett ca 25%,Arakidonsyra C20:4,Sås dressing majonnäs ,0.0,g
42,Dressing konserv. fett ca 25%,Arakidinsyra C20:0,Sås dressing majonnäs ,0.0,g
42,Dressing konserv. fett ca 25%,Linolensyra C18:3,Sås dressing majonnäs ,1.8,g
42,Dressing konserv. fett ca 25%,Linolsyra C18:2,Sås dressing majonnäs ,12.5,g
42,Dressing konserv. fett ca 25%,Oljesyra C18:1,Sås dressing majonnäs ,5.7,g
42,Dressing konserv. fett ca 25%,Stearinsyra C18:0,Sås dressing majonnäs ,0.9,g
42,Dressing konserv. fett ca 25%,Palmitoljesyra C16:1,Sås dressing majonnäs ,0.0,g
42,Dressing konserv. fett ca 25%,Palmitinsyra C16:0,Sås dressing majonnäs ,2.7,g
42,Dressing konserv. fett ca 25%,Myristinsyra C14:0,Sås dressing majonnäs ,0.0,g
42,Dressing konserv. fett ca 25%,Laurinsyra C12:0,Sås dressing majonnäs ,0.0,g
42,Dressing konserv. fett ca 25%,Betakaroten/β-Karoten,Sås dressing majonnäs ,0.0,µg
42,Dressing konserv. fett ca 25%,Avfall (skal etc.),Sås dressing majonnäs ,0.0,%
42,Dressing konserv. fett ca 25%,Aska,Sås dressing majonnäs ,1.8,g
42,Dressing konserv. fett ca 25%,Alkohol,Sås dressing majonnäs ,0.0,g
45,Dressing till sallad m. majonnäs fett ca 25% kylvara,"Zink, Zn",Sås dressing majonnäs ,0.1,mg
45,Dressing till sallad m. majonnäs fett ca 25% kylvara,Vitamin E,Sås dressing majonnäs ,1.4,mg
45,Dressing till sallad m. majonnäs fett ca 25% kylvara,Vitamin D inkl 25-OH-D3,Sås dressing majonnäs ,0.0,µg
45,Dressing till sallad m. majonnäs fett ca 25% kylvara,Vitamin D,Sås dressing majonnäs ,0.0,µg
45,Dressing till sallad m. majonnäs fett ca 25% kylvara,Vitamin C,Sås dressing majonnäs ,0.0,mg
45,Dressing till sallad m. majonnäs fett ca 25% kylvara,Vitamin B6,Sås dressing majonnäs ,0.02,mg
45,Dressing till sallad m. majonnäs fett ca 25% kylvara,Vitamin B12,Sås dressing majonnäs ,0.0,µg
45,Dressing till sallad m. majonnäs fett ca 25% kylvara,Vitamin A,Sås dressing majonnäs ,7.0,RE/µg
45,Dressing till sallad m. majonnäs fett ca 25% kylvara,Vatten,Sås dressing majonnäs ,53.4,g
45,Dressing till sallad m. majonnäs fett ca 25% kylvara,Tiamin,Sås dressing majonnäs ,0.01,mg
45,Dressing till sallad m. majonnäs fett ca 25% kylvara,Tillsatt socker,Sås dressing majonnäs ,18.0,g
45,Dressing till sallad m. majonnäs fett ca 25% kylvara,Fritt socker,Sås dressing majonnäs ,18.0,g
45,Dressing till sallad m. majonnäs fett ca 25% kylvara,"Selen, Se",Sås dressing majonnäs ,0.5,µg
45,Dressing till sallad m. majonnäs fett ca 25% kylvara,Sackaros,Sås dressing majonnäs ,16.6,g
45,Dressing till sallad m. majonnäs fett ca 25% kylvara,Riboflavin,Sås dressing majonnäs ,0.02,mg
45,Dressing till sallad m. majonnäs fett ca 25% kylvara,Retinol,Sås dressing majonnäs ,7.0,µg
45,Dressing till sallad m. majonnäs fett ca 25% kylvara,Protein,Sås dressing majonnäs ,0.5,g
45,Dressing till sallad m. majonnäs fett ca 25% kylvara,Summa fleromättade fettsyror,Sås dressing majonnäs ,14.6,g
45,Dressing till sallad m. majonnäs fett ca 25% kylvara,"Fosfor, P",Sås dressing majonnäs ,2.0,mg
45,Dressing till sallad m. majonnäs fett ca 25% kylvara,Niacinekvivalenter,Sås dressing majonnäs ,0.13,NE/mg
45,Dressing till sallad m. majonnäs fett ca 25% kylvara,Niacin,Sås dressing majonnäs ,0.0,mg
45,Dressing till sallad m. majonnäs fett ca 25% kylvara,"Salt, NaCl",Sås dressing majonnäs ,1.7,g
45,Dressing till sallad m. majonnäs fett ca 25% kylvara,"Natrium, Na",Sås dressing majonnäs ,690.0,mg
45,Dressing till sallad m. majonnäs fett ca 25% kylvara,Monosackarider,Sås dressing majonnäs ,1.6,g
45,Dressing till sallad m. majonnäs fett ca 25% kylvara,"Sockerarter, totalt",Sås dressing majonnäs ,18.2,g
45,Dressing till sallad m. majonnäs fett ca 25% kylvara,Summa enkelomättade fettsyror,Sås dressing majonnäs ,5.3,g
45,Dressing till sallad m. majonnäs fett ca 25% kylvara,"Magnesium, Mg",Sås dressing majonnäs ,4.0,mg
45,Dressing till sallad m. majonnäs fett ca 25% kylvara,Summa mättade fettsyror,Sås dressing majonnäs ,3.8,g
45,Dressing till sallad m. majonnäs fett ca 25% kylvara,"Kolhydrater, tillgängliga",Sås dressing majonnäs ,19.7,g
45,Dressing till sallad m. majonnäs fett ca 25% kylvara,Kolesterol,Sås dressing majonnäs ,26.0,mg
45,Dressing till sallad m. majonnäs fett ca 25% kylvara,"Kalium, K",Sås dressing majonnäs ,22.0,mg
45,Dressing till sallad m. majonnäs fett ca 25% kylvara,"Jod, I",Sås dressing majonnäs ,7.0,µg
45,Dressing till sallad m. majonnäs fett ca 25% kylvara,Fullkorn totalt,Sås dressing majonnäs ,0.0,g
45,Dressing till sallad m. majonnäs fett ca 25% kylvara,"Folat, totalt",Sås dressing majonnäs ,4.5,µg
45,Dressing till sallad m. majonnäs fett ca 25% kylvara,Fibrer,Sås dressing majonnäs ,0.0,g
45,Dressing till sallad m. majonnäs fett ca 25% kylvara,"Fett, totalt",Sås dressing majonnäs ,25.0,g
45,Dressing till sallad m. majonnäs fett ca 25% kylvara,"Järn, Fe",Sås dressing majonnäs ,0.1,mg
45,Dressing till sallad m. majonnäs fett ca 25% kylvara,Energi (kJ),Sås dressing majonnäs ,1268.0,kJ
45,Dressing till sallad m. majonnäs fett ca 25% kylvara,Energi (kcal),Sås dressing majonnäs ,303.0,kcal
45,Dressing till sallad m. majonnäs fett ca 25% kylvara,Disackarider,Sås dressing majonnäs ,16.6,g
45,Dressing till sallad m. majonnäs fett ca 25% kylvara,"Kalcium, Ca",Sås dressing majonnäs ,14.0,mg
45,Dressing till sallad m. majonnäs fett ca 25% kylvara,Fettsyra 4:0-10:0,Sås dressing majonnäs ,0.0,g
45,Dressing till sallad m. majonnäs fett ca 25% kylvara,DHA (C22:6),Sås dressing majonnäs ,0.0,g
45,Dressing till sallad m. majonnäs fett ca 25% kylvara,DPA (C22:5),Sås dressing majonnäs ,0.0,g
45,Dressing till sallad m. majonnäs fett ca 25% kylvara,EPA (C20:5),Sås dressing majonnäs ,0.0,g
45,Dressing till sallad m. majonnäs fett ca 25% kylvara,Arakidonsyra C20:4,Sås dressing majonnäs ,0.0,g
45,Dressing till sallad m. majonnäs fett ca 25% kylvara,Arakidinsyra C20:0,Sås dressing majonnäs ,0.1,g
45,Dressing till sallad m. majonnäs fett ca 25% kylvara,Linolensyra C18:3,Sås dressing majonnäs ,1.9,g
45,Dressing till sallad m. majonnäs fett ca 25% kylvara,Linolsyra C18:2,Sås dressing majonnäs ,12.7,g
45,Dressing till sallad m. majonnäs fett ca 25% kylvara,Oljesyra C18:1,Sås dressing majonnäs ,5.2,g
45,Dressing till sallad m. majonnäs fett ca 25% kylvara,Stearinsyra C18:0,Sås dressing majonnäs ,0.9,g
45,Dressing till sallad m. majonnäs fett ca 25% kylvara,Palmitoljesyra C16:1,Sås dressing majonnäs ,0.0,g
45,Dressing till sallad m. majonnäs fett ca 25% kylvara,Palmitinsyra C16:0,Sås dressing majonnäs ,2.6,g
45,Dressing till sallad m. majonnäs fett ca 25% kylvara,Myristinsyra C14:0,Sås dressing majonnäs ,0.0,g
45,Dressing till sallad m. majonnäs fett ca 25% kylvara,Laurinsyra C12:0,Sås dressing majonnäs ,0.0,g
45,Dressing till sallad m. majonnäs fett ca 25% kylvara,Betakaroten/β-Karoten,Sås dressing majonnäs ,0.0,µg
45,Dressing till sallad m. majonnäs fett ca 25% kylvara,Avfall (skal etc.),Sås dressing majonnäs ,0.0,%
45,Dressing till sallad m. majonnäs fett ca 25% kylvara,Aska,Sås dressing majonnäs ,1.4,g
45,Dressing till sallad m. majonnäs fett ca 25% kylvara,Alkohol,Sås dressing majonnäs ,0.0,g
49,Dressing fett 0%,"Zink, Zn",Sås dressing majonnäs ,0.0,mg
49,Dressing fett 0%,Vitamin E,Sås dressing majonnäs ,0.2,mg
49,Dressing fett 0%,Vitamin D inkl 25-OH-D3,Sås dressing majonnäs ,0.0,µg
49,Dressing fett 0%,Vitamin D,Sås dressing majonnäs ,0.0,µg
49,Dressing fett 0%,Vitamin C,Sås dressing majonnäs ,0.0,mg
49,Dressing fett 0%,Vitamin B6,Sås dressing majonnäs ,0.0,mg
49,Dressing fett 0%,Vitamin B12,Sås dressing majonnäs ,0.0,µg
49,Dressing fett 0%,Vitamin A,Sås dressing majonnäs ,1.0,RE/µg
49,Dressing fett 0%,Vatten,Sås dressing majonnäs ,80.0,g
49,Dressing fett 0%,Tiamin,Sås dressing majonnäs ,0.0,mg
49,Dressing fett 0%,Tillsatt socker,Sås dressing majonnäs ,10.0,g
49,Dressing fett 0%,Fritt socker,Sås dressing majonnäs ,10.0,g
49,Dressing fett 0%,"Selen, Se",Sås dressing majonnäs ,0.0,µg
49,Dressing fett 0%,Sackaros,Sås dressing majonnäs ,9.2,g
49,Dressing fett 0%,Riboflavin,Sås dressing majonnäs ,0.0,mg
49,Dressing fett 0%,Retinol,Sås dressing majonnäs ,1.0,µg
49,Dressing fett 0%,Protein,Sås dressing majonnäs ,1.6,g
49,Dressing fett 0%,Summa fleromättade fettsyror,Sås dressing majonnäs ,0.0,g
49,Dressing fett 0%,"Fosfor, P",Sås dressing majonnäs ,5.0,mg
49,Dressing fett 0%,Niacinekvivalenter,Sås dressing majonnäs ,0.27,NE/mg
49,Dressing fett 0%,Niacin,Sås dressing majonnäs ,0.0,mg
49,Dressing fett 0%,"Salt, NaCl",Sås dressing majonnäs ,0.4,g
49,Dressing fett 0%,"Natrium, Na",Sås dressing majonnäs ,150.0,mg
49,Dressing fett 0%,Monosackarider,Sås dressing majonnäs ,1.2,g
49,Dressing fett 0%,"Sockerarter, totalt",Sås dressing majonnäs ,10.4,g
49,Dressing fett 0%,Summa enkelomättade fettsyror,Sås dressing majonnäs ,0.0,g
49,Dressing fett 0%,"Magnesium, Mg",Sås dressing majonnäs ,3.0,mg
49,Dressing fett 0%,Summa mättade fettsyror,Sås dressing majonnäs ,0.0,g
49,Dressing fett 0%,"Kolhydrater, tillgängliga",Sås dressing majonnäs ,13.1,g
49,Dressing fett 0%,Kolesterol,Sås dressing majonnäs ,0.0,mg
49,Dressing fett 0%,"Kalium, K",Sås dressing majonnäs ,21.0,mg
49,Dressing fett 0%,"Jod, I",Sås dressing majonnäs ,0.0,µg
49,Dressing fett 0%,Fullkorn totalt,Sås dressing majonnäs ,0.0,g
49,Dressing fett 0%,"Folat, totalt",Sås dressing majonnäs ,0.0,µg
49,Dressing fett 0%,Fibrer,Sås dressing majonnäs ,0.0,g
49,Dressing fett 0%,"Fett, totalt",Sås dressing majonnäs ,0.0,g
49,Dressing fett 0%,"Järn, Fe",Sås dressing majonnäs ,0.5,mg
49,Dressing fett 0%,Energi (kJ),Sås dressing majonnäs ,250.0,kJ
49,Dressing fett 0%,Energi (kcal),Sås dressing majonnäs ,60.0,kcal
49,Dressing fett 0%,Disackarider,Sås dressing majonnäs ,9.2,g
49,Dressing fett 0%,"Kalcium, Ca",Sås dressing majonnäs ,13.0,mg
49,Dressing fett 0%,Fettsyra 4:0-10:0,Sås dressing majonnäs ,0.0,g
49,Dressing fett 0%,DHA (C22:6),Sås dressing majonnäs ,0.0,g
49,Dressing fett 0%,DPA (C22:5),Sås dressing majonnäs ,0.0,g
49,Dressing fett 0%,EPA (C20:5),Sås dressing majonnäs ,0.0,g
49,Dressing fett 0%,Arakidonsyra C20:4,Sås dressing majonnäs ,0.0,g
49,Dressing fett 0%,Arakidinsyra C20:0,Sås dressing majonnäs ,0.0,g
49,Dressing fett 0%,Linolensyra C18:3,Sås dressing majonnäs ,0.0,g
49,Dressing fett 0%,Linolsyra C18:2,Sås dressing majonnäs ,0.0,g
49,Dressing fett 0%,Oljesyra C18:1,Sås dressing majonnäs ,0.0,g
49,Dressing fett 0%,Stearinsyra C18:0,Sås dressing majonnäs ,0.0,g
49,Dressing fett 0%,Palmitoljesyra C16:1,Sås dressing majonnäs ,0.0,g
49,Dressing fett 0%,Palmitinsyra C16:0,Sås dressing majonnäs ,0.0,g
49,Dressing fett 0%,Myristinsyra C14:0,Sås dressing majonnäs ,0.0,g
49,Dressing fett 0%,Laurinsyra C12:0,Sås dressing majonnäs ,0.0,g
49,Dressing fett 0%,Betakaroten/β-Karoten,Sås dressing majonnäs ,0.0,µg
49,Dressing fett 0%,Avfall (skal etc.),Sås dressing majonnäs ,0.0,%
49,Dressing fett 0%,Aska,Sås dressing majonnäs ,5.3,g
49,Dressing fett 0%,Alkohol,Sås dressing majonnäs ,0.0,g
50,Majonnäs fett 80%,"Zink, Zn",Sås dressing majonnäs ,0.2,mg
50,Majonnäs fett 80%,Vitamin E,Sås dressing majonnäs ,19.3,mg
50,Majonnäs fett 80%,Vitamin D,Sås dressing majonnäs ,0.21,µg
50,Majonnäs fett 80%,Vitamin C,Sås dressing majonnäs ,0.0,mg
50,Majonnäs fett 80%,Vitamin B6,Sås dressing majonnäs ,0.0,mg
50,Majonnäs fett 80%,Vitamin B12,Sås dressing majonnäs ,0.33,µg
50,Majonnäs fett 80%,Vitamin A,Sås dressing majonnäs ,18.9,RE/µg
50,Majonnäs fett 80%,Vatten,Sås dressing majonnäs ,20.2,g
50,Majonnäs fett 80%,Tiamin,Sås dressing majonnäs ,0.01,mg
50,Majonnäs fett 80%,Tillsatt socker,Sås dressing majonnäs ,2.0,g
50,Majonnäs fett 80%,Fritt socker,Sås dressing majonnäs ,2.0,g
50,Majonnäs fett 80%,"Selen, Se",Sås dressing majonnäs ,0.0,µg
50,Majonnäs fett 80%,Sackaros,Sås dressing majonnäs ,1.5,g
50,Majonnäs fett 80%,Riboflavin,Sås dressing majonnäs ,0.04,mg
50,Majonnäs fett 80%,Retinol,Sås dressing majonnäs ,17.3,µg
50,Majonnäs fett 80%,Protein,Sås dressing majonnäs ,1.3,g
50,Majonnäs fett 80%,Summa fleromättade fettsyror,Sås dressing majonnäs ,20.2,g
50,Majonnäs fett 80%,"Fosfor, P",Sås dressing majonnäs ,29.0,mg
50,Majonnäs fett 80%,Niacinekvivalenter,Sås dressing majonnäs ,0.3,NE/mg
50,Majonnäs fett 80%,Niacin,Sås dressing majonnäs ,0.0,mg
50,Majonnäs fett 80%,"Salt, NaCl",Sås dressing majonnäs ,1.1,g
50,Majonnäs fett 80%,"Natrium, Na",Sås dressing majonnäs ,437.0,mg
50,Majonnäs fett 80%,Monosackarider,Sås dressing majonnäs ,0.0,g
50,Majonnäs fett 80%,"Sockerarter, totalt",Sås dressing majonnäs ,1.5,g
50,Majonnäs fett 80%,Summa enkelomättade fettsyror,Sås dressing majonnäs ,43.7,g
50,Majonnäs fett 80%,"Magnesium, Mg",Sås dressing majonnäs ,2.0,mg
50,Majonnäs fett 80%,Summa mättade fettsyror,Sås dressing majonnäs ,5.0,g
50,Majonnäs fett 80%,"Kolhydrater, tillgängliga",Sås dressing majonnäs ,5.0,g
50,Majonnäs fett 80%,Kolesterol,Sås dressing majonnäs ,40.3,mg
50,Majonnäs fett 80%,"Kalium, K",Sås dressing majonnäs ,37.0,mg
50,Majonnäs fett 80%,"Jod, I",Sås dressing majonnäs ,0.0,µg
50,Majonnäs fett 80%,Fullkorn totalt,Sås dressing majonnäs ,0.0,g
50,Majonnäs fett 80%,"Folat, totalt",Sås dressing majonnäs ,2.8,µg
50,Majonnäs fett 80%,Fibrer,Sås dressing majonnäs ,0.0,g
50,Majonnäs fett 80%,"Fett, totalt",Sås dressing majonnäs ,72.4,g
50,Majonnäs fett 80%,"Järn, Fe",Sås dressing majonnäs ,0.3,mg
50,Majonnäs fett 80%,Energi (kJ),Sås dressing majonnäs ,2786.0,kJ
50,Majonnäs fett 80%,Energi (kcal),Sås dressing majonnäs ,666.0,kcal
50,Majonnäs fett 80%,Disackarider,Sås dressing majonnäs ,1.5,g
50,Majonnäs fett 80%,"Kalcium, Ca",Sås dressing majonnäs ,8.0,mg
50,Majonnäs fett 80%,Fettsyra 4:0-10:0,Sås dressing majonnäs ,0.0,g
50,Majonnäs fett 80%,DHA (C22:6),Sås dressing majonnäs ,0.0,g
50,Majonnäs fett 80%,DPA (C22:5),Sås dressing majonnäs ,0.0,g
50,Majonnäs fett 80%,EPA (C20:5),Sås dressing majonnäs ,0.0,g
50,Majonnäs fett 80%,Arakidonsyra C20:4,Sås dressing majonnäs ,0.0,g
50,Majonnäs fett 80%,Arakidinsyra C20:0,Sås dressing majonnäs ,0.4,g
50,Majonnäs fett 80%,Linolensyra C18:3,Sås dressing majonnäs ,6.5,g
50,Majonnäs fett 80%,Linolsyra C18:2,Sås dressing majonnäs ,13.7,g
50,Majonnäs fett 80%,Oljesyra C18:1,Sås dressing majonnäs ,42.4,g
50,Majonnäs fett 80%,Stearinsyra C18:0,Sås dressing majonnäs ,1.0,g
50,Majonnäs fett 80%,Palmitoljesyra C16:1,Sås dressing majonnäs ,0.2,g
50,Majonnäs fett 80%,Palmitinsyra C16:0,Sås dressing majonnäs ,3.4,g
50,Majonnäs fett 80%,Myristinsyra C14:0,Sås dressing majonnäs ,0.0,g
50,Majonnäs fett 80%,Laurinsyra C12:0,Sås dressing majonnäs ,0.0,g
50,Majonnäs fett 80%,Betakaroten/β-Karoten,Sås dressing majonnäs ,20.0,µg
50,Majonnäs fett 80%,Avfall (skal etc.),Sås dressing majonnäs ,0.0,%
50,Majonnäs fett 80%,Aska,Sås dressing majonnäs ,1.0,g
50,Majonnäs fett 80%,Alkohol,Sås dressing majonnäs ,0.0,g
51,Gurkmajonnäs gurksallad gatukök,"Zink, Zn",Majonnässallad röror,0.2,mg
51,Gurkmajonnäs gurksallad gatukök,Vitamin E,Majonnässallad röror,2.1,mg
51,Gurkmajonnäs gurksallad gatukök,Vitamin D inkl 25-OH-D3,Majonnässallad röror,0.0,µg
51,Gurkmajonnäs gurksallad gatukök,Vitamin D,Majonnässallad röror,0.0,µg
51,Gurkmajonnäs gurksallad gatukök,Vitamin C,Majonnässallad röror,0.0,mg
51,Gurkmajonnäs gurksallad gatukök,Vitamin B6,Majonnässallad röror,0.01,mg
51,Gurkmajonnäs gurksallad gatukök,Vitamin B12,Majonnässallad röror,0.2,µg
51,Gurkmajonnäs gurksallad gatukök,Vitamin A,Majonnässallad röror,79.2,RE/µg
51,Gurkmajonnäs gurksallad gatukök,Vatten,Majonnässallad röror,54.0,g
51,Gurkmajonnäs gurksallad gatukök,Tiamin,Majonnässallad röror,0.0,mg
51,Gurkmajonnäs gurksallad gatukök,Tillsatt socker,Majonnässallad röror,10.0,g
51,Gurkmajonnäs gurksallad gatukök,Fritt socker,Majonnässallad röror,10.0,g
51,Gurkmajonnäs gurksallad gatukök,"Selen, Se",Majonnässallad röror,0.4,µg
51,Gurkmajonnäs gurksallad gatukök,Sackaros,Majonnässallad röror,4.6,g
51,Gurkmajonnäs gurksallad gatukök,Riboflavin,Majonnässallad röror,0.01,mg
51,Gurkmajonnäs gurksallad gatukök,Retinol,Majonnässallad röror,60.0,µg
51,Gurkmajonnäs gurksallad gatukök,Protein,Majonnässallad röror,0.8,g
51,Gurkmajonnäs gurksallad gatukök,Summa fleromättade fettsyror,Majonnässallad röror,13.5,g
51,Gurkmajonnäs gurksallad gatukök,"Fosfor, P",Majonnässallad röror,50.0,mg
51,Gurkmajonnäs gurksallad gatukök,Niacinekvivalenter,Majonnässallad röror,0.54,NE/mg
51,Gurkmajonnäs gurksallad gatukök,Niacin,Majonnässallad röror,0.34,mg
51,Gurkmajonnäs gurksallad gatukök,"Salt, NaCl",Majonnässallad röror,0.5,g
51,Gurkmajonnäs gurksallad gatukök,"Natrium, Na",Majonnässallad röror,187.0,mg
51,Gurkmajonnäs gurksallad gatukök,Monosackarider,Majonnässallad röror,5.6,g
51,Gurkmajonnäs gurksallad gatukök,"Sockerarter, totalt",Majonnässallad röror,10.2,g
51,Gurkmajonnäs gurksallad gatukök,Summa enkelomättade fettsyror,Majonnässallad röror,13.2,g
51,Gurkmajonnäs gurksallad gatukök,"Magnesium, Mg",Majonnässallad röror,10.0,mg
51,Gurkmajonnäs gurksallad gatukök,Summa mättade fettsyror,Majonnässallad röror,3.8,g
51,Gurkmajonnäs gurksallad gatukök,"Kolhydrater, tillgängliga",Majonnässallad röror,10.9,g
51,Gurkmajonnäs gurksallad gatukök,Kolesterol,Majonnässallad röror,48.0,mg
51,Gurkmajonnäs gurksallad gatukök,"Kalium, K",Majonnässallad röror,24.0,mg
51,Gurkmajonnäs gurksallad gatukök,"Jod, I",Majonnässallad röror,1.6,µg
51,Gurkmajonnäs gurksallad gatukök,Fullkorn totalt,Majonnässallad röror,0.0,g
51,Gurkmajonnäs gurksallad gatukök,"Folat, totalt",Majonnässallad röror,12.8,µg
51,Gurkmajonnäs gurksallad gatukök,Fibrer,Majonnässallad röror,1.1,g
51,Gurkmajonnäs gurksallad gatukök,"Fett, totalt",Majonnässallad röror,32.0,g
51,Gurkmajonnäs gurksallad gatukök,"Järn, Fe",Majonnässallad röror,0.6,mg
51,Gurkmajonnäs gurksallad gatukök,Energi (kJ),Majonnässallad röror,1392.0,kJ
51,Gurkmajonnäs gurksallad gatukök,Energi (kcal),Majonnässallad röror,333.0,kcal
51,Gurkmajonnäs gurksallad gatukök,Disackarider,Majonnässallad röror,4.6,g
51,Gurkmajonnäs gurksallad gatukök,"Kalcium, Ca",Majonnässallad röror,24.0,mg
51,Gurkmajonnäs gurksallad gatukök,Fettsyra 4:0-10:0,Majonnässallad röror,0.0,g
51,Gurkmajonnäs gurksallad gatukök,DHA (C22:6),Majonnässallad röror,0.0,g
51,Gurkmajonnäs gurksallad gatukök,DPA (C22:5),Majonnässallad röror,0.0,g
51,Gurkmajonnäs gurksallad gatukök,EPA (C20:5),Majonnässallad röror,0.0,g
51,Gurkmajonnäs gurksallad gatukök,Arakidonsyra C20:4,Majonnässallad röror,0.0,g
51,Gurkmajonnäs gurksallad gatukök,Arakidinsyra C20:0,Majonnässallad röror,0.2,g
51,Gurkmajonnäs gurksallad gatukök,Linolensyra C18:3,Majonnässallad röror,2.4,g
51,Gurkmajonnäs gurksallad gatukök,Linolsyra C18:2,Majonnässallad röror,11.1,g
51,Gurkmajonnäs gurksallad gatukök,Oljesyra C18:1,Majonnässallad röror,12.8,g
51,Gurkmajonnäs gurksallad gatukök,Stearinsyra C18:0,Majonnässallad röror,0.9,g
51,Gurkmajonnäs gurksallad gatukök,Palmitoljesyra C16:1,Majonnässallad röror,0.1,g
51,Gurkmajonnäs gurksallad gatukök,Palmitinsyra C16:0,Majonnässallad röror,2.5,g
51,Gurkmajonnäs gurksallad gatukök,Myristinsyra C14:0,Majonnässallad röror,0.0,g
51,Gurkmajonnäs gurksallad gatukök,Laurinsyra C12:0,Majonnässallad röror,0.0,g
51,Gurkmajonnäs gurksallad gatukök,Betakaroten/β-Karoten,Majonnässallad röror,230.0,µg
51,Gurkmajonnäs gurksallad gatukök,Avfall (skal etc.),Majonnässallad röror,0.0,%
51,Gurkmajonnäs gurksallad gatukök,Aska,Majonnässallad röror,1.2,g
51,Gurkmajonnäs gurksallad gatukök,Alkohol,Majonnässallad röror,0.0,g
52,Räkmajonnäs räksallad gatukök,"Zink, Zn",Majonnässallad röror,0.3,mg
52,Räkmajonnäs räksallad gatukök,Vitamin E,Majonnässallad röror,3.2,mg
52,Räkmajonnäs räksallad gatukök,Vitamin D,Majonnässallad röror,0.12,µg
52,Räkmajonnäs räksallad gatukök,Vitamin C,Majonnässallad röror,0.0,mg
52,Räkmajonnäs räksallad gatukök,Vitamin B6,Majonnässallad röror,0.07,mg
52,Räkmajonnäs räksallad gatukök,Vitamin B12,Majonnässallad röror,1.0,µg
52,Räkmajonnäs räksallad gatukök,Vitamin A,Majonnässallad röror,93.0,RE/µg
52,Räkmajonnäs räksallad gatukök,Vatten,Majonnässallad röror,42.5,g
52,Räkmajonnäs räksallad gatukök,Tiamin,Majonnässallad röror,0.01,mg
52,Räkmajonnäs räksallad gatukök,Tillsatt socker,Majonnässallad röror,1.0,g
52,Räkmajonnäs räksallad gatukök,Fritt socker,Majonnässallad röror,1.0,g
52,Räkmajonnäs räksallad gatukök,"Selen, Se",Majonnässallad röror,4.5,µg
52,Räkmajonnäs räksallad gatukök,Sackaros,Majonnässallad röror,1.2,g
52,Räkmajonnäs räksallad gatukök,Riboflavin,Majonnässallad röror,0.03,mg
52,Räkmajonnäs räksallad gatukök,Retinol,Majonnässallad röror,93.0,µg
52,Räkmajonnäs räksallad gatukök,Protein,Majonnässallad röror,5.2,g
52,Räkmajonnäs räksallad gatukök,Summa fleromättade fettsyror,Majonnässallad röror,20.4,g
52,Räkmajonnäs räksallad gatukök,"Fosfor, P",Majonnässallad röror,71.0,mg
52,Räkmajonnäs räksallad gatukök,Niacinekvivalenter,Majonnässallad röror,1.7,NE/mg
52,Räkmajonnäs räksallad gatukök,Niacin,Majonnässallad röror,0.4,mg
52,Räkmajonnäs räksallad gatukök,"Salt, NaCl",Majonnässallad röror,1.0,g
52,Räkmajonnäs räksallad gatukök,"Natrium, Na",Majonnässallad röror,397.0,mg
52,Räkmajonnäs räksallad gatukök,Monosackarider,Majonnässallad röror,0.0,g
52,Räkmajonnäs räksallad gatukök,"Sockerarter, totalt",Majonnässallad röror,1.2,g
52,Räkmajonnäs räksallad gatukök,Summa enkelomättade fettsyror,Majonnässallad röror,19.6,g
52,Räkmajonnäs räksallad gatukök,"Magnesium, Mg",Majonnässallad röror,14.0,mg
52,Räkmajonnäs räksallad gatukök,Summa mättade fettsyror,Majonnässallad röror,5.7,g
52,Räkmajonnäs räksallad gatukök,"Kolhydrater, tillgängliga",Majonnässallad röror,2.9,g
52,Räkmajonnäs räksallad gatukök,Kolesterol,Majonnässallad röror,101.0,mg
52,Räkmajonnäs räksallad gatukök,"Kalium, K",Majonnässallad röror,30.0,mg
52,Räkmajonnäs räksallad gatukök,"Jod, I",Majonnässallad röror,7.9,µg
52,Räkmajonnäs räksallad gatukök,Fullkorn totalt,Majonnässallad röror,0.0,g
52,Räkmajonnäs räksallad gatukök,"Folat, totalt",Majonnässallad röror,10.0,µg
52,Räkmajonnäs räksallad gatukök,Fibrer,Majonnässallad röror,0.0,g
52,Räkmajonnäs räksallad gatukök,"Fett, totalt",Majonnässallad röror,48.0,g
52,Räkmajonnäs räksallad gatukök,"Järn, Fe",Majonnässallad röror,0.7,mg
52,Räkmajonnäs räksallad gatukök,Energi (kJ),Majonnässallad röror,1914.0,kJ
52,Räkmajonnäs räksallad gatukök,Energi (kcal),Majonnässallad röror,457.0,kcal
52,Räkmajonnäs räksallad gatukök,Disackarider,Majonnässallad röror,1.2,g
52,Räkmajonnäs räksallad gatukök,"Kalcium, Ca",Majonnässallad röror,31.0,mg
52,Räkmajonnäs räksallad gatukök,Fettsyra 4:0-10:0,Majonnässallad röror,0.0,g
52,Räkmajonnäs räksallad gatukök,DHA (C22:6),Majonnässallad röror,0.0,g
52,Räkmajonnäs räksallad gatukök,DPA (C22:5),Majonnässallad röror,0.0,g
52,Räkmajonnäs räksallad gatukök,EPA (C20:5),Majonnässallad röror,0.0,g
52,Räkmajonnäs räksallad gatukök,Arakidonsyra C20:4,Majonnässallad röror,0.0,g
52,Räkmajonnäs räksallad gatukök,Arakidinsyra C20:0,Majonnässallad röror,0.2,g
52,Räkmajonnäs räksallad gatukök,Linolensyra C18:3,Majonnässallad röror,3.6,g
52,Räkmajonnäs räksallad gatukök,Linolsyra C18:2,Majonnässallad röror,16.8,g
52,Räkmajonnäs räksallad gatukök,Oljesyra C18:1,Majonnässallad röror,18.9,g
52,Räkmajonnäs räksallad gatukök,Stearinsyra C18:0,Majonnässallad röror,1.4,g
52,Räkmajonnäs räksallad gatukök,Palmitoljesyra C16:1,Majonnässallad röror,0.1,g
52,Räkmajonnäs räksallad gatukök,Palmitinsyra C16:0,Majonnässallad röror,3.8,g
52,Räkmajonnäs räksallad gatukök,Myristinsyra C14:0,Majonnässallad röror,0.0,g
52,Räkmajonnäs räksallad gatukök,Laurinsyra C12:0,Majonnässallad röror,0.0,g
52,Räkmajonnäs räksallad gatukök,Betakaroten/β-Karoten,Majonnässallad röror,0.0,µg
52,Räkmajonnäs räksallad gatukök,Avfall (skal etc.),Majonnässallad röror,0.0,%
52,Räkmajonnäs räksallad gatukök,Aska,Majonnässallad röror,1.4,g
52,Räkmajonnäs räksallad gatukök,Alkohol,Majonnässallad röror,0.0,g
53,Majonnäs lätt fett 30%,"Zink, Zn",Sås dressing majonnäs ,0.2,mg
53,Majonnäs lätt fett 30%,Vitamin E,Sås dressing majonnäs ,9.2,mg
53,Majonnäs lätt fett 30%,Vitamin D inkl 25-OH-D3,Sås dressing majonnäs ,0.0,µg
53,Majonnäs lätt fett 30%,Vitamin D,Sås dressing majonnäs ,0.0,µg
53,Majonnäs lätt fett 30%,Vitamin C,Sås dressing majonnäs ,0.0,mg
53,Majonnäs lätt fett 30%,Vitamin B6,Sås dressing majonnäs ,0.0,mg
53,Majonnäs lätt fett 30%,Vitamin B12,Sås dressing majonnäs ,0.2,µg
53,Majonnäs lätt fett 30%,Vitamin A,Sås dressing majonnäs ,18.0,RE/µg
53,Majonnäs lätt fett 30%,Vatten,Sås dressing majonnäs ,55.7,g
53,Majonnäs lätt fett 30%,Tiamin,Sås dressing majonnäs ,0.02,mg
53,Majonnäs lätt fett 30%,Tillsatt socker,Sås dressing majonnäs ,4.0,g
53,Majonnäs lätt fett 30%,Fritt socker,Sås dressing majonnäs ,4.0,g
53,Majonnäs lätt fett 30%,"Selen, Se",Sås dressing majonnäs ,0.0,µg
53,Majonnäs lätt fett 30%,Sackaros,Sås dressing majonnäs ,2.7,g
53,Majonnäs lätt fett 30%,Riboflavin,Sås dressing majonnäs ,0.05,mg
53,Majonnäs lätt fett 30%,Retinol,Sås dressing majonnäs ,4.4,µg
53,Majonnäs lätt fett 30%,Protein,Sås dressing majonnäs ,1.5,g
53,Majonnäs lätt fett 30%,Summa fleromättade fettsyror,Sås dressing majonnäs ,8.3,g
53,Majonnäs lätt fett 30%,"Fosfor, P",Sås dressing majonnäs ,41.0,mg
53,Majonnäs lätt fett 30%,Niacinekvivalenter,Sås dressing majonnäs ,0.4,NE/mg
53,Majonnäs lätt fett 30%,Niacin,Sås dressing majonnäs ,0.06,mg
53,Majonnäs lätt fett 30%,"Salt, NaCl",Sås dressing majonnäs ,1.4,g
53,Majonnäs lätt fett 30%,"Natrium, Na",Sås dressing majonnäs ,541.0,mg
53,Majonnäs lätt fett 30%,Monosackarider,Sås dressing majonnäs ,0.0,g
53,Majonnäs lätt fett 30%,"Sockerarter, totalt",Sås dressing majonnäs ,3.9,g
53,Majonnäs lätt fett 30%,Summa enkelomättade fettsyror,Sås dressing majonnäs ,19.0,g
53,Majonnäs lätt fett 30%,"Magnesium, Mg",Sås dressing majonnäs ,5.0,mg
53,Majonnäs lätt fett 30%,Summa mättade fettsyror,Sås dressing majonnäs ,2.1,g
53,Majonnäs lätt fett 30%,"Kolhydrater, tillgängliga",Sås dressing majonnäs ,10.7,g
53,Majonnäs lätt fett 30%,Kolesterol,Sås dressing majonnäs ,21.5,mg
53,Majonnäs lätt fett 30%,"Kalium, K",Sås dressing majonnäs ,93.0,mg
53,Majonnäs lätt fett 30%,"Jod, I",Sås dressing majonnäs ,0.0,µg
53,Majonnäs lätt fett 30%,Fullkorn totalt,Sås dressing majonnäs ,0.0,g
53,Majonnäs lätt fett 30%,"Folat, totalt",Sås dressing majonnäs ,1.6,µg
53,Majonnäs lätt fett 30%,Fibrer,Sås dressing majonnäs ,0.0,g
53,Majonnäs lätt fett 30%,"Fett, totalt",Sås dressing majonnäs ,30.9,g
53,Majonnäs lätt fett 30%,"Järn, Fe",Sås dressing majonnäs ,0.3,mg
53,Majonnäs lätt fett 30%,Energi (kJ),Sås dressing majonnäs ,1350.0,kJ
53,Majonnäs lätt fett 30%,Energi (kcal),Sås dressing majonnäs ,323.0,kcal
53,Majonnäs lätt fett 30%,Disackarider,Sås dressing majonnäs ,3.9,g
53,Majonnäs lätt fett 30%,"Kalcium, Ca",Sås dressing majonnäs ,34.0,mg
53,Majonnäs lätt fett 30%,Fettsyra 4:0-10:0,Sås dressing majonnäs ,0.0,g
53,Majonnäs lätt fett 30%,DHA (C22:6),Sås dressing majonnäs ,0.0,g
53,Majonnäs lätt fett 30%,DPA (C22:5),Sås dressing majonnäs ,0.0,g
53,Majonnäs lätt fett 30%,EPA (C20:5),Sås dressing majonnäs ,0.0,g
53,Majonnäs lätt fett 30%,Arakidonsyra C20:4,Sås dressing majonnäs ,0.0,g
53,Majonnäs lätt fett 30%,Arakidinsyra C20:0,Sås dressing majonnäs ,0.2,g
53,Majonnäs lätt fett 30%,Linolensyra C18:3,Sås dressing majonnäs ,2.6,g
53,Majonnäs lätt fett 30%,Linolsyra C18:2,Sås dressing majonnäs ,5.6,g
53,Majonnäs lätt fett 30%,Oljesyra C18:1,Sås dressing majonnäs ,18.5,g
53,Majonnäs lätt fett 30%,Stearinsyra C18:0,Sås dressing majonnäs ,0.4,g
53,Majonnäs lätt fett 30%,Palmitoljesyra C16:1,Sås dressing majonnäs ,0.1,g
53,Majonnäs lätt fett 30%,Palmitinsyra C16:0,Sås dressing majonnäs ,1.4,g
53,Majonnäs lätt fett 30%,Myristinsyra C14:0,Sås dressing majonnäs ,0.0,g
53,Majonnäs lätt fett 30%,Laurinsyra C12:0,Sås dressing majonnäs ,0.0,g
53,Majonnäs lätt fett 30%,Betakaroten/β-Karoten,Sås dressing majonnäs ,160.0,µg
53,Majonnäs lätt fett 30%,Avfall (skal etc.),Sås dressing majonnäs ,0.0,%
53,Majonnäs lätt fett 30%,Aska,Sås dressing majonnäs ,1.3,g
53,Majonnäs lätt fett 30%,Alkohol,Sås dressing majonnäs ,0.0,g
55,Mimosasallad,"Zink, Zn",Majonnässallad röror,0.1,mg
55,Mimosasallad,Vitamin E,Majonnässallad röror,2.4,mg
55,Mimosasallad,Vitamin D inkl 25-OH-D3,Majonnässallad röror,0.07,µg
55,Mimosasallad,Vitamin D,Majonnässallad röror,0.03,µg
55,Mimosasallad,Vitamin C,Majonnässallad röror,15.7,mg
55,Mimosasallad,Vitamin B6,Majonnässallad röror,0.04,mg
55,Mimosasallad,Vitamin B12,Majonnässallad röror,0.06,µg
55,Mimosasallad,Vitamin A,Majonnässallad röror,43.8,RE/µg
55,Mimosasallad,Vatten,Majonnässallad röror,76.2,g
55,Mimosasallad,Tiamin,Majonnässallad röror,0.07,mg
55,Mimosasallad,Tillsatt socker,Majonnässallad röror,0.0,g
55,Mimosasallad,Fritt socker,Majonnässallad röror,0.0,g
55,Mimosasallad,"Selen, Se",Majonnässallad röror,0.6,µg
55,Mimosasallad,Sackaros,Majonnässallad röror,3.1,g
55,Mimosasallad,Riboflavin,Majonnässallad röror,0.03,mg
55,Mimosasallad,Retinol,Majonnässallad röror,37.2,µg
55,Mimosasallad,Protein,Majonnässallad röror,0.8,g
55,Mimosasallad,Summa fleromättade fettsyror,Majonnässallad röror,1.6,g
55,Mimosasallad,"Fosfor, P",Majonnässallad röror,22.0,mg
55,Mimosasallad,Niacinekvivalenter,Majonnässallad röror,0.53,NE/mg
55,Mimosasallad,Niacin,Majonnässallad röror,0.39,mg
55,Mimosasallad,"Salt, NaCl",Majonnässallad röror,0.4,g
55,Mimosasallad,"Natrium, Na",Majonnässallad röror,161.0,mg
55,Mimosasallad,Monosackarider,Majonnässallad röror,4.8,g
55,Mimosasallad,"Sockerarter, totalt",Majonnässallad röror,8.2,g
55,Mimosasallad,Summa enkelomättade fettsyror,Majonnässallad röror,6.1,g
55,Mimosasallad,"Magnesium, Mg",Majonnässallad röror,7.0,mg
55,Mimosasallad,Summa mättade fettsyror,Majonnässallad röror,3.2,g
55,Mimosasallad,"Kolhydrater, tillgängliga",Majonnässallad röror,9.1,g
55,Mimosasallad,Kolesterol,Majonnässallad röror,17.5,mg
55,Mimosasallad,"Kalium, K",Majonnässallad röror,131.0,mg
55,Mimosasallad,"Jod, I",Majonnässallad röror,22.4,µg
55,Mimosasallad,Fullkorn totalt,Majonnässallad röror,0.0,g
55,Mimosasallad,"Folat, totalt",Majonnässallad röror,13.1,µg
55,Mimosasallad,Fibrer,Majonnässallad röror,1.4,g
55,Mimosasallad,"Fett, totalt",Majonnässallad röror,11.7,g
55,Mimosasallad,"Järn, Fe",Majonnässallad röror,0.2,mg
55,Mimosasallad,Energi (kJ),Majonnässallad röror,613.0,kJ
55,Mimosasallad,Energi (kcal),Majonnässallad röror,147.0,kcal
55,Mimosasallad,Disackarider,Majonnässallad röror,3.4,g
55,Mimosasallad,"Kalcium, Ca",Majonnässallad röror,19.0,mg
55,Mimosasallad,Fettsyra 4:0-10:0,Majonnässallad röror,0.3,g
55,Mimosasallad,DHA (C22:6),Majonnässallad röror,0.0,g
55,Mimosasallad,DPA (C22:5),Majonnässallad röror,0.0,g
55,Mimosasallad,EPA (C20:5),Majonnässallad röror,0.0,g
55,Mimosasallad,Arakidonsyra C20:4,Majonnässallad röror,0.0,g
55,Mimosasallad,Arakidinsyra C20:0,Majonnässallad röror,0.0,g
55,Mimosasallad,Linolensyra C18:3,Majonnässallad röror,0.4,g
55,Mimosasallad,Linolsyra C18:2,Majonnässallad röror,1.2,g
55,Mimosasallad,Oljesyra C18:1,Majonnässallad röror,5.8,g
55,Mimosasallad,Stearinsyra C18:0,Majonnässallad röror,0.6,g
55,Mimosasallad,Palmitoljesyra C16:1,Majonnässallad röror,0.1,g
55,Mimosasallad,Palmitinsyra C16:0,Majonnässallad röror,1.8,g
55,Mimosasallad,Myristinsyra C14:0,Majonnässallad röror,0.4,g
55,Mimosasallad,Laurinsyra C12:0,Majonnässallad röror,0.1,g
55,Mimosasallad,Betakaroten/β-Karoten,Majonnässallad röror,60.0,µg
55,Mimosasallad,Avfall (skal etc.),Majonnässallad röror,13.0,%
55,Mimosasallad,Aska,Majonnässallad röror,0.8,g
55,Mimosasallad,Alkohol,Majonnässallad röror,0.0,g
56,Rödbetssallad m. gräddfil hemlagad,"Zink, Zn",Majonnässallad röror,0.2,mg
56,Rödbetssallad m. gräddfil hemlagad,Vitamin E,Majonnässallad röror,0.1,mg
56,Rödbetssallad m. gräddfil hemlagad,Vitamin D,Majonnässallad röror,0.0,µg
56,Rödbetssallad m. gräddfil hemlagad,Vitamin C,Majonnässallad röror,3.2,mg
56,Rödbetssallad m. gräddfil hemlagad,Vitamin B6,Majonnässallad röror,0.05,mg
56,Rödbetssallad m. gräddfil hemlagad,Vitamin B12,Majonnässallad röror,0.0,µg
56,Rödbetssallad m. gräddfil hemlagad,Vitamin A,Majonnässallad röror,18.7,RE/µg
56,Rödbetssallad m. gräddfil hemlagad,Vatten,Majonnässallad röror,84.2,g
56,Rödbetssallad m. gräddfil hemlagad,Tiamin,Majonnässallad röror,0.01,mg
56,Rödbetssallad m. gräddfil hemlagad,Tillsatt socker,Majonnässallad röror,5.0,g
56,Rödbetssallad m. gräddfil hemlagad,Fritt socker,Majonnässallad röror,5.0,g
56,Rödbetssallad m. gräddfil hemlagad,"Selen, Se",Majonnässallad röror,0.2,µg
56,Rödbetssallad m. gräddfil hemlagad,Sackaros,Majonnässallad röror,5.0,g
56,Rödbetssallad m. gräddfil hemlagad,Riboflavin,Majonnässallad röror,0.02,mg
56,Rödbetssallad m. gräddfil hemlagad,Retinol,Majonnässallad röror,17.3,µg
56,Rödbetssallad m. gräddfil hemlagad,Protein,Majonnässallad röror,1.1,g
56,Rödbetssallad m. gräddfil hemlagad,Summa fleromättade fettsyror,Majonnässallad röror,0.1,g
56,Rödbetssallad m. gräddfil hemlagad,"Fosfor, P",Majonnässallad röror,28.0,mg
56,Rödbetssallad m. gräddfil hemlagad,Niacinekvivalenter,Majonnässallad röror,0.36,NE/mg
56,Rödbetssallad m. gräddfil hemlagad,Niacin,Majonnässallad röror,0.1,mg
56,Rödbetssallad m. gräddfil hemlagad,"Salt, NaCl",Majonnässallad röror,1.1,g
56,Rödbetssallad m. gräddfil hemlagad,"Natrium, Na",Majonnässallad röror,459.0,mg
56,Rödbetssallad m. gräddfil hemlagad,Monosackarider,Majonnässallad röror,3.8,g
56,Rödbetssallad m. gräddfil hemlagad,"Sockerarter, totalt",Majonnässallad röror,9.3,g
56,Rödbetssallad m. gräddfil hemlagad,Summa enkelomättade fettsyror,Majonnässallad röror,0.4,g
56,Rödbetssallad m. gräddfil hemlagad,"Magnesium, Mg",Majonnässallad röror,8.0,mg
56,Rödbetssallad m. gräddfil hemlagad,Summa mättade fettsyror,Majonnässallad röror,1.2,g
56,Rödbetssallad m. gräddfil hemlagad,"Kolhydrater, tillgängliga",Majonnässallad röror,9.9,g
56,Rödbetssallad m. gräddfil hemlagad,Kolesterol,Majonnässallad röror,6.0,mg
56,Rödbetssallad m. gräddfil hemlagad,"Kalium, K",Majonnässallad röror,137.0,mg
56,Rödbetssallad m. gräddfil hemlagad,"Jod, I",Majonnässallad röror,45.8,µg
56,Rödbetssallad m. gräddfil hemlagad,Fullkorn totalt,Majonnässallad röror,0.0,g
56,Rödbetssallad m. gräddfil hemlagad,"Folat, totalt",Majonnässallad röror,14.4,µg
56,Rödbetssallad m. gräddfil hemlagad,Fibrer,Majonnässallad röror,1.5,g
56,Rödbetssallad m. gräddfil hemlagad,"Fett, totalt",Majonnässallad röror,1.9,g
56,Rödbetssallad m. gräddfil hemlagad,"Järn, Fe",Majonnässallad röror,0.2,mg
56,Rödbetssallad m. gräddfil hemlagad,Energi (kJ),Majonnässallad röror,269.0,kJ
56,Rödbetssallad m. gräddfil hemlagad,Energi (kcal),Majonnässallad röror,64.0,kcal
56,Rödbetssallad m. gräddfil hemlagad,Disackarider,Majonnässallad röror,5.6,g
56,Rödbetssallad m. gräddfil hemlagad,"Kalcium, Ca",Majonnässallad röror,29.0,mg
56,Rödbetssallad m. gräddfil hemlagad,Fettsyra 4:0-10:0,Majonnässallad röror,0.1,g
56,Rödbetssallad m. gräddfil hemlagad,DHA (C22:6),Majonnässallad röror,0.0,g
56,Rödbetssallad m. gräddfil hemlagad,DPA (C22:5),Majonnässallad röror,0.0,g
56,Rödbetssallad m. gräddfil hemlagad,EPA (C20:5),Majonnässallad röror,0.0,g
56,Rödbetssallad m. gräddfil hemlagad,Arakidonsyra C20:4,Majonnässallad röror,0.0,g
56,Rödbetssallad m. gräddfil hemlagad,Arakidinsyra C20:0,Majonnässallad röror,0.0,g
56,Rödbetssallad m. gräddfil hemlagad,Linolensyra C18:3,Majonnässallad röror,0.0,g
56,Rödbetssallad m. gräddfil hemlagad,Linolsyra C18:2,Majonnässallad röror,0.1,g
56,Rödbetssallad m. gräddfil hemlagad,Oljesyra C18:1,Majonnässallad röror,0.4,g
56,Rödbetssallad m. gräddfil hemlagad,Stearinsyra C18:0,Majonnässallad röror,0.2,g
56,Rödbetssallad m. gräddfil hemlagad,Palmitoljesyra C16:1,Majonnässallad röror,0.0,g
56,Rödbetssallad m. gräddfil hemlagad,Palmitinsyra C16:0,Majonnässallad röror,0.6,g
56,Rödbetssallad m. gräddfil hemlagad,Myristinsyra C14:0,Majonnässallad röror,0.2,g
56,Rödbetssallad m. gräddfil hemlagad,Laurinsyra C12:0,Majonnässallad röror,0.1,g
56,Rödbetssallad m. gräddfil hemlagad,Betakaroten/β-Karoten,Majonnässallad röror,16.0,µg
56,Rödbetssallad m. gräddfil hemlagad,Avfall (skal etc.),Majonnässallad röror,2.0,%
56,Rödbetssallad m. gräddfil hemlagad,Aska,Majonnässallad röror,1.4,g
56,Rödbetssallad m. gräddfil hemlagad,Alkohol,Majonnässallad röror,0.0,g
57,Sallad m. skaldjur majonnäsdressing,"Zink, Zn",Sallad blandad mat,0.7,mg
57,Sallad m. skaldjur majonnäsdressing,Vitamin E,Sallad blandad mat,2.9,mg
57,Sallad m. skaldjur majonnäsdressing,Vitamin D,Sallad blandad mat,0.11,µg
57,Sallad m. skaldjur majonnäsdressing,Vitamin C,Sallad blandad mat,7.8,mg
57,Sallad m. skaldjur majonnäsdressing,Vitamin B6,Sallad blandad mat,0.07,mg
57,Sallad m. skaldjur majonnäsdressing,Vitamin B12,Sallad blandad mat,1.19,µg
57,Sallad m. skaldjur majonnäsdressing,Vitamin A,Sallad blandad mat,54.1,RE/µg
57,Sallad m. skaldjur majonnäsdressing,Vatten,Sallad blandad mat,80.7,g
57,Sallad m. skaldjur majonnäsdressing,Tiamin,Sallad blandad mat,0.05,mg
57,Sallad m. skaldjur majonnäsdressing,Tillsatt socker,Sallad blandad mat,0.0,g
57,Sallad m. skaldjur majonnäsdressing,Fritt socker,Sallad blandad mat,0.0,g
57,Sallad m. skaldjur majonnäsdressing,"Selen, Se",Sallad blandad mat,12.2,µg
57,Sallad m. skaldjur majonnäsdressing,Sackaros,Sallad blandad mat,0.4,g
57,Sallad m. skaldjur majonnäsdressing,Riboflavin,Sallad blandad mat,0.12,mg
57,Sallad m. skaldjur majonnäsdressing,Retinol,Sallad blandad mat,31.0,µg
57,Sallad m. skaldjur majonnäsdressing,Protein,Sallad blandad mat,5.8,g
57,Sallad m. skaldjur majonnäsdressing,Summa fleromättade fettsyror,Sallad blandad mat,1.6,g
57,Sallad m. skaldjur majonnäsdressing,"Fosfor, P",Sallad blandad mat,86.0,mg
57,Sallad m. skaldjur majonnäsdressing,Niacinekvivalenter,Sallad blandad mat,1.97,NE/mg
57,Sallad m. skaldjur majonnäsdressing,Niacin,Sallad blandad mat,0.86,mg
57,Sallad m. skaldjur majonnäsdressing,"Salt, NaCl",Sallad blandad mat,0.7,g
57,Sallad m. skaldjur majonnäsdressing,"Natrium, Na",Sallad blandad mat,272.0,mg
57,Sallad m. skaldjur majonnäsdressing,Monosackarider,Sallad blandad mat,1.1,g
57,Sallad m. skaldjur majonnäsdressing,"Sockerarter, totalt",Sallad blandad mat,1.7,g
57,Sallad m. skaldjur majonnäsdressing,Summa enkelomättade fettsyror,Sallad blandad mat,4.6,g
57,Sallad m. skaldjur majonnäsdressing,"Magnesium, Mg",Sallad blandad mat,19.0,mg
57,Sallad m. skaldjur majonnäsdressing,Summa mättade fettsyror,Sallad blandad mat,1.6,g
57,Sallad m. skaldjur majonnäsdressing,"Kolhydrater, tillgängliga",Sallad blandad mat,2.4,g
57,Sallad m. skaldjur majonnäsdressing,Kolesterol,Sallad blandad mat,52.1,mg
57,Sallad m. skaldjur majonnäsdressing,"Kalium, K",Sallad blandad mat,164.0,mg
57,Sallad m. skaldjur majonnäsdressing,"Jod, I",Sallad blandad mat,36.1,µg
57,Sallad m. skaldjur majonnäsdressing,Fullkorn totalt,Sallad blandad mat,0.0,g
57,Sallad m. skaldjur majonnäsdressing,"Folat, totalt",Sallad blandad mat,33.1,µg
57,Sallad m. skaldjur majonnäsdressing,Fibrer,Sallad blandad mat,1.0,g
57,Sallad m. skaldjur majonnäsdressing,"Fett, totalt",Sallad blandad mat,8.5,g
57,Sallad m. skaldjur majonnäsdressing,"Järn, Fe",Sallad blandad mat,0.8,mg
57,Sallad m. skaldjur majonnäsdressing,Energi (kJ),Sallad blandad mat,461.0,kJ
57,Sallad m. skaldjur majonnäsdressing,Energi (kcal),Sallad blandad mat,110.0,kcal
57,Sallad m. skaldjur majonnäsdressing,Disackarider,Sallad blandad mat,0.6,g
57,Sallad m. skaldjur majonnäsdressing,"Kalcium, Ca",Sallad blandad mat,34.0,mg
57,Sallad m. skaldjur majonnäsdressing,Fettsyra 4:0-10:0,Sallad blandad mat,0.1,g
57,Sallad m. skaldjur majonnäsdressing,DHA (C22:6),Sallad blandad mat,0.0,g
57,Sallad m. skaldjur majonnäsdressing,DPA (C22:5),Sallad blandad mat,0.0,g
57,Sallad m. skaldjur majonnäsdressing,EPA (C20:5),Sallad blandad mat,0.0,g
57,Sallad m. skaldjur majonnäsdressing,Arakidonsyra C20:4,Sallad blandad mat,0.0,g
57,Sallad m. skaldjur majonnäsdressing,Arakidinsyra C20:0,Sallad blandad mat,0.0,g
57,Sallad m. skaldjur majonnäsdressing,Linolensyra C18:3,Sallad blandad mat,0.4,g
57,Sallad m. skaldjur majonnäsdressing,Linolsyra C18:2,Sallad blandad mat,1.1,g
57,Sallad m. skaldjur majonnäsdressing,Oljesyra C18:1,Sallad blandad mat,4.4,g
57,Sallad m. skaldjur majonnäsdressing,Stearinsyra C18:0,Sallad blandad mat,0.3,g
57,Sallad m. skaldjur majonnäsdressing,Palmitoljesyra C16:1,Sallad blandad mat,0.1,g
57,Sallad m. skaldjur majonnäsdressing,Palmitinsyra C16:0,Sallad blandad mat,1.0,g
57,Sallad m. skaldjur majonnäsdressing,Myristinsyra C14:0,Sallad blandad mat,0.1,g
57,Sallad m. skaldjur majonnäsdressing,Laurinsyra C12:0,Sallad blandad mat,0.0,g
57,Sallad m. skaldjur majonnäsdressing,Betakaroten/β-Karoten,Sallad blandad mat,276.0,µg
57,Sallad m. skaldjur majonnäsdressing,Avfall (skal etc.),Sallad blandad mat,17.0,%
57,Sallad m. skaldjur majonnäsdressing,Aska,Sallad blandad mat,1.4,g
57,Sallad m. skaldjur majonnäsdressing,Alkohol,Sallad blandad mat,0.0,g
58,Bearnaisesås hemlagad,"Zink, Zn",Sås dressing majonnäs ,0.6,mg
58,Bearnaisesås hemlagad,Vitamin E,Sås dressing majonnäs ,16.2,mg
58,Bearnaisesås hemlagad,Vitamin D,Sås dressing majonnäs ,2.92,µg
58,Bearnaisesås hemlagad,Vitamin C,Sås dressing majonnäs ,2.1,mg
58,Bearnaisesås hemlagad,Vitamin B6,Sås dressing majonnäs ,0.03,mg
58,Bearnaisesås hemlagad,Vitamin B12,Sås dressing majonnäs ,0.48,µg
58,Bearnaisesås hemlagad,Vitamin A,Sås dressing majonnäs ,270.9,RE/µg
58,Bearnaisesås hemlagad,Vatten,Sås dressing majonnäs ,38.6,g
58,Bearnaisesås hemlagad,Tiamin,Sås dressing majonnäs ,0.03,mg
58,Bearnaisesås hemlagad,Tillsatt socker,Sås dressing majonnäs ,0.0,g
58,Bearnaisesås hemlagad,Fritt socker,Sås dressing majonnäs ,0.0,g
58,Bearnaisesås hemlagad,"Selen, Se",Sås dressing majonnäs ,9.2,µg
58,Bearnaisesås hemlagad,Sackaros,Sås dressing majonnäs ,0.1,g
58,Bearnaisesås hemlagad,Riboflavin,Sås dressing majonnäs ,0.07,mg
58,Bearnaisesås hemlagad,Retinol,Sås dressing majonnäs ,183.9,µg
58,Bearnaisesås hemlagad,Protein,Sås dressing majonnäs ,2.6,g
58,Bearnaisesås hemlagad,Summa fleromättade fettsyror,Sås dressing majonnäs ,15.5,g
58,Bearnaisesås hemlagad,"Fosfor, P",Sås dressing majonnäs ,86.0,mg
58,Bearnaisesås hemlagad,Niacinekvivalenter,Sås dressing majonnäs ,0.64,NE/mg
58,Bearnaisesås hemlagad,Niacin,Sås dressing majonnäs ,0.01,mg
58,Bearnaisesås hemlagad,"Salt, NaCl",Sås dressing majonnäs ,0.7,g
58,Bearnaisesås hemlagad,"Natrium, Na",Sås dressing majonnäs ,266.0,mg
58,Bearnaisesås hemlagad,Monosackarider,Sås dressing majonnäs ,0.2,g
58,Bearnaisesås hemlagad,"Sockerarter, totalt",Sås dressing majonnäs ,0.4,g
58,Bearnaisesås hemlagad,Summa enkelomättade fettsyror,Sås dressing majonnäs ,31.1,g
58,Bearnaisesås hemlagad,"Magnesium, Mg",Sås dressing majonnäs ,6.0,mg
58,Bearnaisesås hemlagad,Summa mättade fettsyror,Sås dressing majonnäs ,6.3,g
58,Bearnaisesås hemlagad,"Kolhydrater, tillgängliga",Sås dressing majonnäs ,1.2,g
58,Bearnaisesås hemlagad,Kolesterol,Sås dressing majonnäs ,152.5,mg
58,Bearnaisesås hemlagad,"Kalium, K",Sås dressing majonnäs ,37.0,mg
58,Bearnaisesås hemlagad,"Jod, I",Sås dressing majonnäs ,31.5,µg
58,Bearnaisesås hemlagad,Fullkorn totalt,Sås dressing majonnäs ,0.0,g
58,Bearnaisesås hemlagad,"Folat, totalt",Sås dressing majonnäs ,38.5,µg
58,Bearnaisesås hemlagad,Fibrer,Sås dressing majonnäs ,0.1,g
58,Bearnaisesås hemlagad,"Fett, totalt",Sås dressing majonnäs ,55.9,g
58,Bearnaisesås hemlagad,"Järn, Fe",Sås dressing majonnäs ,0.6,mg
58,Bearnaisesås hemlagad,Energi (kJ),Sås dressing majonnäs ,2134.0,kJ
58,Bearnaisesås hemlagad,Energi (kcal),Sås dressing majonnäs ,510.0,kcal
58,Bearnaisesås hemlagad,Disackarider,Sås dressing majonnäs ,0.2,g
58,Bearnaisesås hemlagad,"Kalcium, Ca",Sås dressing majonnäs ,30.0,mg
58,Bearnaisesås hemlagad,Fettsyra 4:0-10:0,Sås dressing majonnäs ,0.1,g
58,Bearnaisesås hemlagad,DHA (C22:6),Sås dressing majonnäs ,0.0,g
58,Bearnaisesås hemlagad,DPA (C22:5),Sås dressing majonnäs ,0.0,g
58,Bearnaisesås hemlagad,EPA (C20:5),Sås dressing majonnäs ,0.0,g
58,Bearnaisesås hemlagad,Arakidonsyra C20:4,Sås dressing majonnäs ,0.1,g
58,Bearnaisesås hemlagad,Arakidinsyra C20:0,Sås dressing majonnäs ,0.3,g
58,Bearnaisesås hemlagad,Linolensyra C18:3,Sås dressing majonnäs ,3.7,g
58,Bearnaisesås hemlagad,Linolsyra C18:2,Sås dressing majonnäs ,11.7,g
58,Bearnaisesås hemlagad,Oljesyra C18:1,Sås dressing majonnäs ,30.0,g
58,Bearnaisesås hemlagad,Stearinsyra C18:0,Sås dressing majonnäs ,1.4,g
58,Bearnaisesås hemlagad,Palmitoljesyra C16:1,Sås dressing majonnäs ,0.3,g
58,Bearnaisesås hemlagad,Palmitinsyra C16:0,Sås dressing majonnäs ,4.0,g
58,Bearnaisesås hemlagad,Myristinsyra C14:0,Sås dressing majonnäs ,0.1,g
58,Bearnaisesås hemlagad,Laurinsyra C12:0,Sås dressing majonnäs ,0.0,g
58,Bearnaisesås hemlagad,Betakaroten/β-Karoten,Sås dressing majonnäs ,102.0,µg
58,Bearnaisesås hemlagad,Avfall (skal etc.),Sås dressing majonnäs ,0.0,%
58,Bearnaisesås hemlagad,Aska,Sås dressing majonnäs ,1.0,g
58,Bearnaisesås hemlagad,Alkohol,Sås dressing majonnäs ,0.0,g
59,Hollandaisesås hemlagad,"Zink, Zn",Sås dressing majonnäs ,0.6,mg
59,Hollandaisesås hemlagad,Vitamin E,Sås dressing majonnäs ,7.2,mg
59,Hollandaisesås hemlagad,Vitamin D,Sås dressing majonnäs ,6.28,µg
59,Hollandaisesås hemlagad,Vitamin C,Sås dressing majonnäs ,2.0,mg
59,Hollandaisesås hemlagad,Vitamin B6,Sås dressing majonnäs ,0.03,mg
59,Hollandaisesås hemlagad,Vitamin B12,Sås dressing majonnäs ,0.54,µg
59,Hollandaisesås hemlagad,Vitamin A,Sås dressing majonnäs ,558.4,RE/µg
59,Hollandaisesås hemlagad,Vatten,Sås dressing majonnäs ,39.1,g
59,Hollandaisesås hemlagad,Tiamin,Sås dressing majonnäs ,0.03,mg
59,Hollandaisesås hemlagad,Tillsatt socker,Sås dressing majonnäs ,0.0,g
59,Hollandaisesås hemlagad,Fritt socker,Sås dressing majonnäs ,0.0,g
59,Hollandaisesås hemlagad,"Selen, Se",Sås dressing majonnäs ,10.1,µg
59,Hollandaisesås hemlagad,Sackaros,Sås dressing majonnäs ,0.0,g
59,Hollandaisesås hemlagad,Riboflavin,Sås dressing majonnäs ,0.08,mg
59,Hollandaisesås hemlagad,Retinol,Sås dressing majonnäs ,536.2,µg
59,Hollandaisesås hemlagad,Protein,Sås dressing majonnäs ,3.0,g
59,Hollandaisesås hemlagad,Summa fleromättade fettsyror,Sås dressing majonnäs ,7.2,g
59,Hollandaisesås hemlagad,"Fosfor, P",Sås dressing majonnäs ,97.0,mg
59,Hollandaisesås hemlagad,Niacinekvivalenter,Sås dressing majonnäs ,0.74,NE/mg
59,Hollandaisesås hemlagad,Niacin,Sås dressing majonnäs ,0.0,mg
59,Hollandaisesås hemlagad,"Salt, NaCl",Sås dressing majonnäs ,1.3,g
59,Hollandaisesås hemlagad,"Natrium, Na",Sås dressing majonnäs ,515.0,mg
59,Hollandaisesås hemlagad,Monosackarider,Sås dressing majonnäs ,0.1,g
59,Hollandaisesås hemlagad,"Sockerarter, totalt",Sås dressing majonnäs ,0.4,g
59,Hollandaisesås hemlagad,Summa enkelomättade fettsyror,Sås dressing majonnäs ,17.1,g
59,Hollandaisesås hemlagad,"Magnesium, Mg",Sås dressing majonnäs ,3.0,mg
59,Hollandaisesås hemlagad,Summa mättade fettsyror,Sås dressing majonnäs ,28.1,g
59,Hollandaisesås hemlagad,"Kolhydrater, tillgängliga",Sås dressing majonnäs ,0.7,g
59,Hollandaisesås hemlagad,Kolesterol,Sås dressing majonnäs ,249.9,mg
59,Hollandaisesås hemlagad,"Kalium, K",Sås dressing majonnäs ,24.0,mg
59,Hollandaisesås hemlagad,"Jod, I",Sås dressing majonnäs ,36.3,µg
59,Hollandaisesås hemlagad,Fullkorn totalt,Sås dressing majonnäs ,0.0,g
59,Hollandaisesås hemlagad,"Folat, totalt",Sås dressing majonnäs ,40.5,µg
59,Hollandaisesås hemlagad,Fibrer,Sås dressing majonnäs ,0.0,g
59,Hollandaisesås hemlagad,"Fett, totalt",Sås dressing majonnäs ,54.8,g
59,Hollandaisesås hemlagad,"Järn, Fe",Sås dressing majonnäs ,0.5,mg
59,Hollandaisesås hemlagad,Energi (kJ),Sås dressing majonnäs ,2091.0,kJ
59,Hollandaisesås hemlagad,Energi (kcal),Sås dressing majonnäs ,500.0,kcal
59,Hollandaisesås hemlagad,Disackarider,Sås dressing majonnäs ,0.3,g
59,Hollandaisesås hemlagad,"Kalcium, Ca",Sås dressing majonnäs ,26.0,mg
59,Hollandaisesås hemlagad,Fettsyra 4:0-10:0,Sås dressing majonnäs ,2.6,g
59,Hollandaisesås hemlagad,DHA (C22:6),Sås dressing majonnäs ,0.1,g
59,Hollandaisesås hemlagad,DPA (C22:5),Sås dressing majonnäs ,0.0,g
59,Hollandaisesås hemlagad,EPA (C20:5),Sås dressing majonnäs ,0.0,g
59,Hollandaisesås hemlagad,Arakidonsyra C20:4,Sås dressing majonnäs ,0.1,g
59,Hollandaisesås hemlagad,Arakidinsyra C20:0,Sås dressing majonnäs ,0.0,g
59,Hollandaisesås hemlagad,Linolensyra C18:3,Sås dressing majonnäs ,1.5,g
59,Hollandaisesås hemlagad,Linolsyra C18:2,Sås dressing majonnäs ,4.4,g
59,Hollandaisesås hemlagad,Oljesyra C18:1,Sås dressing majonnäs ,17.4,g
59,Hollandaisesås hemlagad,Stearinsyra C18:0,Sås dressing majonnäs ,3.5,g
59,Hollandaisesås hemlagad,Palmitoljesyra C16:1,Sås dressing majonnäs ,0.5,g
59,Hollandaisesås hemlagad,Palmitinsyra C16:0,Sås dressing majonnäs ,15.8,g
59,Hollandaisesås hemlagad,Myristinsyra C14:0,Sås dressing majonnäs ,3.1,g
59,Hollandaisesås hemlagad,Laurinsyra C12:0,Sås dressing majonnäs ,1.5,g
59,Hollandaisesås hemlagad,Betakaroten/β-Karoten,Sås dressing majonnäs ,265.0,µg
59,Hollandaisesås hemlagad,Avfall (skal etc.),Sås dressing majonnäs ,0.0,%
59,Hollandaisesås hemlagad,Aska,Sås dressing majonnäs ,1.5,g
59,Hollandaisesås hemlagad,Alkohol,Sås dressing majonnäs ,0.0,g
60,Rhode Islandsås hemlagad,"Zink, Zn",Sås dressing majonnäs ,0.3,mg
60,Rhode Islandsås hemlagad,Vitamin E,Sås dressing majonnäs ,7.0,mg
60,Rhode Islandsås hemlagad,Vitamin D,Sås dressing majonnäs ,0.1,µg
60,Rhode Islandsås hemlagad,Vitamin C,Sås dressing majonnäs ,4.5,mg
60,Rhode Islandsås hemlagad,Vitamin B6,Sås dressing majonnäs ,0.05,mg
60,Rhode Islandsås hemlagad,Vitamin B12,Sås dressing majonnäs ,0.15,µg
60,Rhode Islandsås hemlagad,Vitamin A,Sås dressing majonnäs ,144.0,RE/µg
60,Rhode Islandsås hemlagad,Vatten,Sås dressing majonnäs ,53.1,g
60,Rhode Islandsås hemlagad,Tiamin,Sås dressing majonnäs ,0.03,mg
60,Rhode Islandsås hemlagad,Tillsatt socker,Sås dressing majonnäs ,3.0,g
60,Rhode Islandsås hemlagad,Fritt socker,Sås dressing majonnäs ,3.0,g
60,Rhode Islandsås hemlagad,"Selen, Se",Sås dressing majonnäs ,2.1,µg
60,Rhode Islandsås hemlagad,Sackaros,Sås dressing majonnäs ,2.4,g
60,Rhode Islandsås hemlagad,Riboflavin,Sås dressing majonnäs ,0.07,mg
60,Rhode Islandsås hemlagad,Retinol,Sås dressing majonnäs ,98.7,µg
60,Rhode Islandsås hemlagad,Protein,Sås dressing majonnäs ,1.8,g
60,Rhode Islandsås hemlagad,Summa fleromättade fettsyror,Sås dressing majonnäs ,5.5,g
60,Rhode Islandsås hemlagad,"Fosfor, P",Sås dressing majonnäs ,56.0,mg
60,Rhode Islandsås hemlagad,Niacinekvivalenter,Sås dressing majonnäs ,0.76,NE/mg
60,Rhode Islandsås hemlagad,Niacin,Sås dressing majonnäs ,0.37,mg
60,Rhode Islandsås hemlagad,"Salt, NaCl",Sås dressing majonnäs ,1.3,g
60,Rhode Islandsås hemlagad,"Natrium, Na",Sås dressing majonnäs ,529.0,mg
60,Rhode Islandsås hemlagad,Monosackarider,Sås dressing majonnäs ,1.8,g
60,Rhode Islandsås hemlagad,"Sockerarter, totalt",Sås dressing majonnäs ,5.4,g
60,Rhode Islandsås hemlagad,Summa enkelomättade fettsyror,Sås dressing majonnäs ,20.0,g
60,Rhode Islandsås hemlagad,"Magnesium, Mg",Sås dressing majonnäs ,11.0,mg
60,Rhode Islandsås hemlagad,Summa mättade fettsyror,Sås dressing majonnäs ,8.9,g
60,Rhode Islandsås hemlagad,"Kolhydrater, tillgängliga",Sås dressing majonnäs ,6.3,g
60,Rhode Islandsås hemlagad,Kolesterol,Sås dressing majonnäs ,50.9,mg
60,Rhode Islandsås hemlagad,"Kalium, K",Sås dressing majonnäs ,167.0,mg
60,Rhode Islandsås hemlagad,"Jod, I",Sås dressing majonnäs ,56.9,µg
60,Rhode Islandsås hemlagad,Fullkorn totalt,Sås dressing majonnäs ,0.0,g
60,Rhode Islandsås hemlagad,"Folat, totalt",Sås dressing majonnäs ,15.6,µg
60,Rhode Islandsås hemlagad,Fibrer,Sås dressing majonnäs ,0.4,g
60,Rhode Islandsås hemlagad,"Fett, totalt",Sås dressing majonnäs ,36.5,g
60,Rhode Islandsås hemlagad,"Järn, Fe",Sås dressing majonnäs ,0.5,mg
60,Rhode Islandsås hemlagad,Energi (kJ),Sås dressing majonnäs ,1491.0,kJ
60,Rhode Islandsås hemlagad,Energi (kcal),Sås dressing majonnäs ,356.0,kcal
60,Rhode Islandsås hemlagad,Disackarider,Sås dressing majonnäs ,3.6,g
60,Rhode Islandsås hemlagad,"Kalcium, Ca",Sås dressing majonnäs ,51.0,mg
60,Rhode Islandsås hemlagad,Fettsyra 4:0-10:0,Sås dressing majonnäs ,0.7,g
60,Rhode Islandsås hemlagad,DHA (C22:6),Sås dressing majonnäs ,0.0,g
60,Rhode Islandsås hemlagad,DPA (C22:5),Sås dressing majonnäs ,0.0,g
60,Rhode Islandsås hemlagad,EPA (C20:5),Sås dressing majonnäs ,0.0,g
60,Rhode Islandsås hemlagad,Arakidonsyra C20:4,Sås dressing majonnäs ,0.0,g
60,Rhode Islandsås hemlagad,Arakidinsyra C20:0,Sås dressing majonnäs ,0.1,g
60,Rhode Islandsås hemlagad,Linolensyra C18:3,Sås dressing majonnäs ,1.4,g
60,Rhode Islandsås hemlagad,Linolsyra C18:2,Sås dressing majonnäs ,4.1,g
60,Rhode Islandsås hemlagad,Oljesyra C18:1,Sås dressing majonnäs ,19.2,g
60,Rhode Islandsås hemlagad,Stearinsyra C18:0,Sås dressing majonnäs ,1.5,g
60,Rhode Islandsås hemlagad,Palmitoljesyra C16:1,Sås dressing majonnäs ,0.4,g
60,Rhode Islandsås hemlagad,Palmitinsyra C16:0,Sås dressing majonnäs ,5.0,g
60,Rhode Islandsås hemlagad,Myristinsyra C14:0,Sås dressing majonnäs ,1.0,g
60,Rhode Islandsås hemlagad,Laurinsyra C12:0,Sås dressing majonnäs ,0.3,g
60,Rhode Islandsås hemlagad,Betakaroten/β-Karoten,Sås dressing majonnäs ,543.0,µg
60,Rhode Islandsås hemlagad,Avfall (skal etc.),Sås dressing majonnäs ,0.0,%
60,Rhode Islandsås hemlagad,Aska,Sås dressing majonnäs ,1.9,g
60,Rhode Islandsås hemlagad,Alkohol,Sås dressing majonnäs ,0.0,g
62,Dressing vinägrett fett 65%,"Zink, Zn",Sås dressing majonnäs ,0.1,mg
62,Dressing vinägrett fett 65%,Vitamin E,Sås dressing majonnäs ,6.2,mg
62,Dressing vinägrett fett 65%,Vitamin D inkl 25-OH-D3,Sås dressing majonnäs ,0.0,µg
62,Dressing vinägrett fett 65%,Vitamin D,Sås dressing majonnäs ,0.0,µg
62,Dressing vinägrett fett 65%,Vitamin C,Sås dressing majonnäs ,0.0,mg
62,Dressing vinägrett fett 65%,Vitamin B6,Sås dressing majonnäs ,0.0,mg
62,Dressing vinägrett fett 65%,Vitamin B12,Sås dressing majonnäs ,0.0,µg
62,Dressing vinägrett fett 65%,Vitamin A,Sås dressing majonnäs ,0.0,RE/µg
62,Dressing vinägrett fett 65%,Vatten,Sås dressing majonnäs ,30.0,g
62,Dressing vinägrett fett 65%,Tiamin,Sås dressing majonnäs ,0.0,mg
62,Dressing vinägrett fett 65%,Tillsatt socker,Sås dressing majonnäs ,0.0,g
62,Dressing vinägrett fett 65%,Fritt socker,Sås dressing majonnäs ,1.0,g
62,Dressing vinägrett fett 65%,"Selen, Se",Sås dressing majonnäs ,0.0,µg
62,Dressing vinägrett fett 65%,Sackaros,Sås dressing majonnäs ,0.8,g
62,Dressing vinägrett fett 65%,Riboflavin,Sås dressing majonnäs ,0.0,mg
62,Dressing vinägrett fett 65%,Retinol,Sås dressing majonnäs ,0.0,µg
62,Dressing vinägrett fett 65%,Protein,Sås dressing majonnäs ,0.6,g
62,Dressing vinägrett fett 65%,Summa fleromättade fettsyror,Sås dressing majonnäs ,37.1,g
62,Dressing vinägrett fett 65%,"Fosfor, P",Sås dressing majonnäs ,24.0,mg
62,Dressing vinägrett fett 65%,Niacinekvivalenter,Sås dressing majonnäs ,0.1,NE/mg
62,Dressing vinägrett fett 65%,Niacin,Sås dressing majonnäs ,0.0,mg
62,Dressing vinägrett fett 65%,"Salt, NaCl",Sås dressing majonnäs ,2.0,g
62,Dressing vinägrett fett 65%,"Natrium, Na",Sås dressing majonnäs ,780.0,mg
62,Dressing vinägrett fett 65%,Monosackarider,Sås dressing majonnäs ,0.2,g
62,Dressing vinägrett fett 65%,"Sockerarter, totalt",Sås dressing majonnäs ,1.0,g
62,Dressing vinägrett fett 65%,Summa enkelomättade fettsyror,Sås dressing majonnäs ,15.5,g
62,Dressing vinägrett fett 65%,"Magnesium, Mg",Sås dressing majonnäs ,18.0,mg
62,Dressing vinägrett fett 65%,Summa mättade fettsyror,Sås dressing majonnäs ,9.5,g
62,Dressing vinägrett fett 65%,"Kolhydrater, tillgängliga",Sås dressing majonnäs ,2.2,g
62,Dressing vinägrett fett 65%,Kolesterol,Sås dressing majonnäs ,0.0,mg
62,Dressing vinägrett fett 65%,"Kalium, K",Sås dressing majonnäs ,22.0,mg
62,Dressing vinägrett fett 65%,"Jod, I",Sås dressing majonnäs ,0.0,µg
62,Dressing vinägrett fett 65%,Fullkorn totalt,Sås dressing majonnäs ,0.0,g
62,Dressing vinägrett fett 65%,"Folat, totalt",Sås dressing majonnäs ,0.0,µg
62,Dressing vinägrett fett 65%,Fibrer,Sås dressing majonnäs ,0.0,g
62,Dressing vinägrett fett 65%,"Fett, totalt",Sås dressing majonnäs ,65.0,g
62,Dressing vinägrett fett 65%,"Järn, Fe",Sås dressing majonnäs ,0.3,mg
62,Dressing vinägrett fett 65%,Energi (kJ),Sås dressing majonnäs ,2453.0,kJ
62,Dressing vinägrett fett 65%,Energi (kcal),Sås dressing majonnäs ,586.0,kcal
62,Dressing vinägrett fett 65%,Disackarider,Sås dressing majonnäs ,0.8,g
62,Dressing vinägrett fett 65%,"Kalcium, Ca",Sås dressing majonnäs ,22.0,mg
62,Dressing vinägrett fett 65%,Fettsyra 4:0-10:0,Sås dressing majonnäs ,0.0,g
62,Dressing vinägrett fett 65%,DHA (C22:6),Sås dressing majonnäs ,0.0,g
62,Dressing vinägrett fett 65%,DPA (C22:5),Sås dressing majonnäs ,0.0,g
62,Dressing vinägrett fett 65%,EPA (C20:5),Sås dressing majonnäs ,0.0,g
62,Dressing vinägrett fett 65%,Arakidonsyra C20:4,Sås dressing majonnäs ,0.0,g
62,Dressing vinägrett fett 65%,Arakidinsyra C20:0,Sås dressing majonnäs ,0.2,g
62,Dressing vinägrett fett 65%,Linolensyra C18:3,Sås dressing majonnäs ,4.7,g
62,Dressing vinägrett fett 65%,Linolsyra C18:2,Sås dressing majonnäs ,32.4,g
62,Dressing vinägrett fett 65%,Oljesyra C18:1,Sås dressing majonnäs ,15.4,g
62,Dressing vinägrett fett 65%,Stearinsyra C18:0,Sås dressing majonnäs ,2.2,g
62,Dressing vinägrett fett 65%,Palmitoljesyra C16:1,Sås dressing majonnäs ,0.0,g
62,Dressing vinägrett fett 65%,Palmitinsyra C16:0,Sås dressing majonnäs ,6.8,g
62,Dressing vinägrett fett 65%,Myristinsyra C14:0,Sås dressing majonnäs ,0.0,g
62,Dressing vinägrett fett 65%,Laurinsyra C12:0,Sås dressing majonnäs ,0.0,g
62,Dressing vinägrett fett 65%,Betakaroten/β-Karoten,Sås dressing majonnäs ,0.0,µg
62,Dressing vinägrett fett 65%,Avfall (skal etc.),Sås dressing majonnäs ,0.0,%
62,Dressing vinägrett fett 65%,Aska,Sås dressing majonnäs ,2.2,g
62,Dressing vinägrett fett 65%,Alkohol,Sås dressing majonnäs ,0.0,g
63,Bearnaisesås tillagad frysvara el. pulver,"Zink, Zn",Sås dressing majonnäs ,0.0,mg
63,Bearnaisesås tillagad frysvara el. pulver,Vitamin E,Sås dressing majonnäs ,2.1,mg
63,Bearnaisesås tillagad frysvara el. pulver,Vitamin D,Sås dressing majonnäs ,0.2,µg
63,Bearnaisesås tillagad frysvara el. pulver,Vitamin C,Sås dressing majonnäs ,0.0,mg
63,Bearnaisesås tillagad frysvara el. pulver,Vitamin B6,Sås dressing majonnäs ,0.08,mg
63,Bearnaisesås tillagad frysvara el. pulver,Vitamin B12,Sås dressing majonnäs ,0.0,µg
63,Bearnaisesås tillagad frysvara el. pulver,Vitamin A,Sås dressing majonnäs ,90.0,RE/µg
63,Bearnaisesås tillagad frysvara el. pulver,Vatten,Sås dressing majonnäs ,68.0,g
63,Bearnaisesås tillagad frysvara el. pulver,Tiamin,Sås dressing majonnäs ,0.02,mg
63,Bearnaisesås tillagad frysvara el. pulver,Tillsatt socker,Sås dressing majonnäs ,3.0,g
63,Bearnaisesås tillagad frysvara el. pulver,Fritt socker,Sås dressing majonnäs ,3.0,g
63,Bearnaisesås tillagad frysvara el. pulver,"Selen, Se",Sås dressing majonnäs ,3.0,µg
63,Bearnaisesås tillagad frysvara el. pulver,Sackaros,Sås dressing majonnäs ,0.0,g
63,Bearnaisesås tillagad frysvara el. pulver,Riboflavin,Sås dressing majonnäs ,0.09,mg
63,Bearnaisesås tillagad frysvara el. pulver,Retinol,Sås dressing majonnäs ,90.0,µg
63,Bearnaisesås tillagad frysvara el. pulver,Protein,Sås dressing majonnäs ,2.6,g
63,Bearnaisesås tillagad frysvara el. pulver,Summa fleromättade fettsyror,Sås dressing majonnäs ,3.2,g
63,Bearnaisesås tillagad frysvara el. pulver,"Fosfor, P",Sås dressing majonnäs ,80.0,mg
63,Bearnaisesås tillagad frysvara el. pulver,Niacinekvivalenter,Sås dressing majonnäs ,0.46,NE/mg
63,Bearnaisesås tillagad frysvara el. pulver,Niacin,Sås dressing majonnäs ,0.03,mg
63,Bearnaisesås tillagad frysvara el. pulver,"Salt, NaCl",Sås dressing majonnäs ,1.3,g
63,Bearnaisesås tillagad frysvara el. pulver,"Natrium, Na",Sås dressing majonnäs ,520.0,mg
63,Bearnaisesås tillagad frysvara el. pulver,Monosackarider,Sås dressing majonnäs ,0.1,g
63,Bearnaisesås tillagad frysvara el. pulver,"Sockerarter, totalt",Sås dressing majonnäs ,3.1,g
63,Bearnaisesås tillagad frysvara el. pulver,Summa enkelomättade fettsyror,Sås dressing majonnäs ,9.4,g
63,Bearnaisesås tillagad frysvara el. pulver,"Magnesium, Mg",Sås dressing majonnäs ,2.0,mg
63,Bearnaisesås tillagad frysvara el. pulver,Summa mättade fettsyror,Sås dressing majonnäs ,7.5,g
63,Bearnaisesås tillagad frysvara el. pulver,"Kolhydrater, tillgängliga",Sås dressing majonnäs ,6.7,g
63,Bearnaisesås tillagad frysvara el. pulver,Kolesterol,Sås dressing majonnäs ,74.0,mg
63,Bearnaisesås tillagad frysvara el. pulver,"Kalium, K",Sås dressing majonnäs ,96.0,mg
63,Bearnaisesås tillagad frysvara el. pulver,"Jod, I",Sås dressing majonnäs ,26.0,µg
63,Bearnaisesås tillagad frysvara el. pulver,Fullkorn totalt,Sås dressing majonnäs ,0.0,g
63,Bearnaisesås tillagad frysvara el. pulver,"Folat, totalt",Sås dressing majonnäs ,5.0,µg
63,Bearnaisesås tillagad frysvara el. pulver,Fibrer,Sås dressing majonnäs ,0.0,g
63,Bearnaisesås tillagad frysvara el. pulver,"Fett, totalt",Sås dressing majonnäs ,21.0,g
63,Bearnaisesås tillagad frysvara el. pulver,"Järn, Fe",Sås dressing majonnäs ,0.3,mg
63,Bearnaisesås tillagad frysvara el. pulver,Energi (kJ),Sås dressing majonnäs ,935.0,kJ
63,Bearnaisesås tillagad frysvara el. pulver,Energi (kcal),Sås dressing majonnäs ,224.0,kcal
63,Bearnaisesås tillagad frysvara el. pulver,Disackarider,Sås dressing majonnäs ,3.0,g
63,Bearnaisesås tillagad frysvara el. pulver,"Kalcium, Ca",Sås dressing majonnäs ,62.0,mg
63,Bearnaisesås tillagad frysvara el. pulver,Fettsyra 4:0-10:0,Sås dressing majonnäs ,0.3,g
63,Bearnaisesås tillagad frysvara el. pulver,DHA (C22:6),Sås dressing majonnäs ,0.0,g
63,Bearnaisesås tillagad frysvara el. pulver,DPA (C22:5),Sås dressing majonnäs ,0.0,g
63,Bearnaisesås tillagad frysvara el. pulver,EPA (C20:5),Sås dressing majonnäs ,0.0,g
63,Bearnaisesås tillagad frysvara el. pulver,Arakidonsyra C20:4,Sås dressing majonnäs ,0.0,g
63,Bearnaisesås tillagad frysvara el. pulver,Arakidinsyra C20:0,Sås dressing majonnäs ,0.2,g
63,Bearnaisesås tillagad frysvara el. pulver,Linolensyra C18:3,Sås dressing majonnäs ,0.6,g
63,Bearnaisesås tillagad frysvara el. pulver,Linolsyra C18:2,Sås dressing majonnäs ,2.6,g
63,Bearnaisesås tillagad frysvara el. pulver,Oljesyra C18:1,Sås dressing majonnäs ,8.6,g
63,Bearnaisesås tillagad frysvara el. pulver,Stearinsyra C18:0,Sås dressing majonnäs ,2.2,g
63,Bearnaisesås tillagad frysvara el. pulver,Palmitoljesyra C16:1,Sås dressing majonnäs ,0.3,g
63,Bearnaisesås tillagad frysvara el. pulver,Palmitinsyra C16:0,Sås dressing majonnäs ,3.0,g
63,Bearnaisesås tillagad frysvara el. pulver,Myristinsyra C14:0,Sås dressing majonnäs ,0.7,g
63,Bearnaisesås tillagad frysvara el. pulver,Laurinsyra C12:0,Sås dressing majonnäs ,1.0,g
63,Bearnaisesås tillagad frysvara el. pulver,Betakaroten/β-Karoten,Sås dressing majonnäs ,0.0,µg
63,Bearnaisesås tillagad frysvara el. pulver,Avfall (skal etc.),Sås dressing majonnäs ,0.0,%
63,Bearnaisesås tillagad frysvara el. pulver,Aska,Sås dressing majonnäs ,1.7,g
63,Bearnaisesås tillagad frysvara el. pulver,Alkohol,Sås dressing majonnäs ,0.0,g
64,Hollandaisesås tillagad frysvara el. pulver,"Zink, Zn",Sås dressing majonnäs ,0.0,mg
64,Hollandaisesås tillagad frysvara el. pulver,Vitamin E,Sås dressing majonnäs ,2.2,mg
64,Hollandaisesås tillagad frysvara el. pulver,Vitamin D,Sås dressing majonnäs ,0.2,µg
64,Hollandaisesås tillagad frysvara el. pulver,Vitamin C,Sås dressing majonnäs ,0.0,mg
64,Hollandaisesås tillagad frysvara el. pulver,Vitamin B6,Sås dressing majonnäs ,0.07,mg
64,Hollandaisesås tillagad frysvara el. pulver,Vitamin B12,Sås dressing majonnäs ,0.0,µg
64,Hollandaisesås tillagad frysvara el. pulver,Vitamin A,Sås dressing majonnäs ,130.0,RE/µg
64,Hollandaisesås tillagad frysvara el. pulver,Vatten,Sås dressing majonnäs ,67.0,g
64,Hollandaisesås tillagad frysvara el. pulver,Tiamin,Sås dressing majonnäs ,0.02,mg
64,Hollandaisesås tillagad frysvara el. pulver,Tillsatt socker,Sås dressing majonnäs ,3.0,g
64,Hollandaisesås tillagad frysvara el. pulver,Fritt socker,Sås dressing majonnäs ,3.0,g
64,Hollandaisesås tillagad frysvara el. pulver,"Selen, Se",Sås dressing majonnäs ,3.0,µg
64,Hollandaisesås tillagad frysvara el. pulver,Sackaros,Sås dressing majonnäs ,0.0,g
64,Hollandaisesås tillagad frysvara el. pulver,Riboflavin,Sås dressing majonnäs ,0.07,mg
64,Hollandaisesås tillagad frysvara el. pulver,Retinol,Sås dressing majonnäs ,130.0,µg
64,Hollandaisesås tillagad frysvara el. pulver,Protein,Sås dressing majonnäs ,2.6,g
64,Hollandaisesås tillagad frysvara el. pulver,Summa fleromättade fettsyror,Sås dressing majonnäs ,3.4,g
64,Hollandaisesås tillagad frysvara el. pulver,"Fosfor, P",Sås dressing majonnäs ,65.0,mg
64,Hollandaisesås tillagad frysvara el. pulver,Niacinekvivalenter,Sås dressing majonnäs ,0.45,NE/mg
64,Hollandaisesås tillagad frysvara el. pulver,Niacin,Sås dressing majonnäs ,0.02,mg
64,Hollandaisesås tillagad frysvara el. pulver,"Salt, NaCl",Sås dressing majonnäs ,1.4,g
64,Hollandaisesås tillagad frysvara el. pulver,"Natrium, Na",Sås dressing majonnäs ,570.0,mg
64,Hollandaisesås tillagad frysvara el. pulver,Monosackarider,Sås dressing majonnäs ,0.1,g
64,Hollandaisesås tillagad frysvara el. pulver,"Sockerarter, totalt",Sås dressing majonnäs ,3.1,g
64,Hollandaisesås tillagad frysvara el. pulver,Summa enkelomättade fettsyror,Sås dressing majonnäs ,9.8,g
64,Hollandaisesås tillagad frysvara el. pulver,"Magnesium, Mg",Sås dressing majonnäs ,2.0,mg
64,Hollandaisesås tillagad frysvara el. pulver,Summa mättade fettsyror,Sås dressing majonnäs ,7.8,g
64,Hollandaisesås tillagad frysvara el. pulver,"Kolhydrater, tillgängliga",Sås dressing majonnäs ,6.6,g
64,Hollandaisesås tillagad frysvara el. pulver,Kolesterol,Sås dressing majonnäs ,74.0,mg
64,Hollandaisesås tillagad frysvara el. pulver,"Kalium, K",Sås dressing majonnäs ,96.0,mg
64,Hollandaisesås tillagad frysvara el. pulver,Fullkorn totalt,Sås dressing majonnäs ,0.0,g
64,Hollandaisesås tillagad frysvara el. pulver,"Folat, totalt",Sås dressing majonnäs ,5.0,µg
64,Hollandaisesås tillagad frysvara el. pulver,Fibrer,Sås dressing majonnäs ,0.0,g
64,Hollandaisesås tillagad frysvara el. pulver,"Fett, totalt",Sås dressing majonnäs ,22.0,g
64,Hollandaisesås tillagad frysvara el. pulver,"Järn, Fe",Sås dressing majonnäs ,0.3,mg
64,Hollandaisesås tillagad frysvara el. pulver,Energi (kJ),Sås dressing majonnäs ,970.0,kJ
64,Hollandaisesås tillagad frysvara el. pulver,Energi (kcal),Sås dressing majonnäs ,232.0,kcal
64,Hollandaisesås tillagad frysvara el. pulver,Disackarider,Sås dressing majonnäs ,3.0,g
64,Hollandaisesås tillagad frysvara el. pulver,"Kalcium, Ca",Sås dressing majonnäs ,57.0,mg
64,Hollandaisesås tillagad frysvara el. pulver,Fettsyra 4:0-10:0,Sås dressing majonnäs ,0.3,g
64,Hollandaisesås tillagad frysvara el. pulver,DHA (C22:6),Sås dressing majonnäs ,0.0,g
64,Hollandaisesås tillagad frysvara el. pulver,DPA (C22:5),Sås dressing majonnäs ,0.0,g
64,Hollandaisesås tillagad frysvara el. pulver,EPA (C20:5),Sås dressing majonnäs ,0.0,g
64,Hollandaisesås tillagad frysvara el. pulver,Arakidonsyra C20:4,Sås dressing majonnäs ,0.0,g
64,Hollandaisesås tillagad frysvara el. pulver,Arakidinsyra C20:0,Sås dressing majonnäs ,0.2,g
64,Hollandaisesås tillagad frysvara el. pulver,Linolensyra C18:3,Sås dressing majonnäs ,0.6,g
64,Hollandaisesås tillagad frysvara el. pulver,Linolsyra C18:2,Sås dressing majonnäs ,2.7,g
64,Hollandaisesås tillagad frysvara el. pulver,Oljesyra C18:1,Sås dressing majonnäs ,9.0,g
64,Hollandaisesås tillagad frysvara el. pulver,Stearinsyra C18:0,Sås dressing majonnäs ,2.4,g
64,Hollandaisesås tillagad frysvara el. pulver,Palmitoljesyra C16:1,Sås dressing majonnäs ,0.3,g
64,Hollandaisesås tillagad frysvara el. pulver,Palmitinsyra C16:0,Sås dressing majonnäs ,3.1,g
64,Hollandaisesås tillagad frysvara el. pulver,Myristinsyra C14:0,Sås dressing majonnäs ,0.7,g
64,Hollandaisesås tillagad frysvara el. pulver,Laurinsyra C12:0,Sås dressing majonnäs ,1.0,g
64,Hollandaisesås tillagad frysvara el. pulver,Betakaroten/β-Karoten,Sås dressing majonnäs ,0.0,µg
64,Hollandaisesås tillagad frysvara el. pulver,Avfall (skal etc.),Sås dressing majonnäs ,0.0,%
64,Hollandaisesås tillagad frysvara el. pulver,Aska,Sås dressing majonnäs ,1.8,g
64,Hollandaisesås tillagad frysvara el. pulver,Alkohol,Sås dressing majonnäs ,0.0,g
66,Mesost fett ca 30%,"Zink, Zn",Mesvaror,0.6,mg
66,Mesost fett ca 30%,Vitamin E,Mesvaror,0.6,mg
66,Mesost fett ca 30%,Vitamin D,Mesvaror,0.1,µg
66,Mesost fett ca 30%,Vitamin C,Mesvaror,0.0,mg
66,Mesost fett ca 30%,Vitamin B6,Mesvaror,0.11,mg
66,Mesost fett ca 30%,Vitamin B12,Mesvaror,1.1,µg
66,Mesost fett ca 30%,Vitamin A,Mesvaror,311.2,RE/µg
66,Mesost fett ca 30%,Vatten,Mesvaror,19.0,g
66,Mesost fett ca 30%,Tiamin,Mesvaror,0.19,mg
66,Mesost fett ca 30%,Tillsatt socker,Mesvaror,2.0,g
66,Mesost fett ca 30%,Fritt socker,Mesvaror,2.0,g
66,Mesost fett ca 30%,"Selen, Se",Mesvaror,5.0,µg
66,Mesost fett ca 30%,Sackaros,Mesvaror,0.0,g
66,Mesost fett ca 30%,Riboflavin,Mesvaror,1.2,mg
66,Mesost fett ca 30%,Retinol,Mesvaror,298.0,µg
66,Mesost fett ca 30%,Protein,Mesvaror,11.0,g
66,Mesost fett ca 30%,Summa fleromättade fettsyror,Mesvaror,0.4,g
66,Mesost fett ca 30%,"Fosfor, P",Mesvaror,450.0,mg
66,Mesost fett ca 30%,Niacinekvivalenter,Mesvaror,3.47,NE/mg
66,Mesost fett ca 30%,Niacin,Mesvaror,0.9,mg
66,Mesost fett ca 30%,"Salt, NaCl",Mesvaror,0.7,g
66,Mesost fett ca 30%,"Natrium, Na",Mesvaror,290.0,mg
66,Mesost fett ca 30%,Monosackarider,Mesvaror,0.0,g
66,Mesost fett ca 30%,"Sockerarter, totalt",Mesvaror,39.0,g
66,Mesost fett ca 30%,Summa enkelomättade fettsyror,Mesvaror,6.9,g
66,Mesost fett ca 30%,"Magnesium, Mg",Mesvaror,56.0,mg
66,Mesost fett ca 30%,Summa mättade fettsyror,Mesvaror,19.4,g
66,Mesost fett ca 30%,"Kolhydrater, tillgängliga",Mesvaror,39.0,g
66,Mesost fett ca 30%,Kolesterol,Mesvaror,96.0,mg
66,Mesost fett ca 30%,"Kalium, K",Mesvaror,1090.0,mg
66,Mesost fett ca 30%,"Jod, I",Mesvaror,202.6,µg
66,Mesost fett ca 30%,Fullkorn totalt,Mesvaror,0.0,g
66,Mesost fett ca 30%,"Folat, totalt",Mesvaror,21.0,µg
66,Mesost fett ca 30%,Fibrer,Mesvaror,0.0,g
66,Mesost fett ca 30%,"Fett, totalt",Mesvaror,29.0,g
66,Mesost fett ca 30%,"Järn, Fe",Mesvaror,0.3,mg
66,Mesost fett ca 30%,Energi (kJ),Mesvaror,1923.0,kJ
66,Mesost fett ca 30%,Energi (kcal),Mesvaror,460.0,kcal
66,Mesost fett ca 30%,Disackarider,Mesvaror,39.0,g
66,Mesost fett ca 30%,"Kalcium, Ca",Mesvaror,350.0,mg
66,Mesost fett ca 30%,Fettsyra 4:0-10:0,Mesvaror,3.0,g
66,Mesost fett ca 30%,DHA (C22:6),Mesvaror,0.0,g
66,Mesost fett ca 30%,DPA (C22:5),Mesvaror,0.0,g
66,Mesost fett ca 30%,EPA (C20:5),Mesvaror,0.0,g
66,Mesost fett ca 30%,Arakidonsyra C20:4,Mesvaror,0.0,g
66,Mesost fett ca 30%,Arakidinsyra C20:0,Mesvaror,0.1,g
66,Mesost fett ca 30%,Linolensyra C18:3,Mesvaror,0.2,g
66,Mesost fett ca 30%,Linolsyra C18:2,Mesvaror,0.4,g
66,Mesost fett ca 30%,Oljesyra C18:1,Mesvaror,6.4,g
66,Mesost fett ca 30%,Stearinsyra C18:0,Mesvaror,3.4,g
66,Mesost fett ca 30%,Palmitoljesyra C16:1,Mesvaror,0.3,g
66,Mesost fett ca 30%,Palmitinsyra C16:0,Mesvaror,8.5,g
66,Mesost fett ca 30%,Myristinsyra C14:0,Mesvaror,3.0,g
66,Mesost fett ca 30%,Laurinsyra C12:0,Mesvaror,0.9,g
66,Mesost fett ca 30%,Betakaroten/β-Karoten,Mesvaror,158.0,µg
66,Mesost fett ca 30%,Avfall (skal etc.),Mesvaror,0.0,%
66,Mesost fett ca 30%,Aska,Mesvaror,2.0,g
66,Mesost fett ca 30%,Alkohol,Mesvaror,0.0,g
68,Messmör fett 5% berikad,"Zink, Zn",Mesvaror,0.2,mg
68,Messmör fett 5% berikad,Vitamin E,Mesvaror,0.1,mg
68,Messmör fett 5% berikad,Vitamin D,Mesvaror,0.04,µg
68,Messmör fett 5% berikad,Vitamin C,Mesvaror,0.0,mg
68,Messmör fett 5% berikad,Vitamin B6,Mesvaror,0.21,mg
68,Messmör fett 5% berikad,Vitamin B12,Mesvaror,0.4,µg
68,Messmör fett 5% berikad,Vitamin A,Mesvaror,43.6,RE/µg
68,Messmör fett 5% berikad,Vatten,Mesvaror,37.0,g
68,Messmör fett 5% berikad,Tiamin,Mesvaror,0.1,mg
68,Messmör fett 5% berikad,Tillsatt socker,Mesvaror,5.0,g
68,Messmör fett 5% berikad,Fritt socker,Mesvaror,5.0,g
68,Messmör fett 5% berikad,"Selen, Se",Mesvaror,2.2,µg
68,Messmör fett 5% berikad,Sackaros,Mesvaror,6.0,g
68,Messmör fett 5% berikad,Riboflavin,Mesvaror,1.2,mg
68,Messmör fett 5% berikad,Retinol,Mesvaror,41.7,µg
68,Messmör fett 5% berikad,Protein,Mesvaror,7.0,g
68,Messmör fett 5% berikad,Summa fleromättade fettsyror,Mesvaror,0.1,g
68,Messmör fett 5% berikad,"Fosfor, P",Mesvaror,320.0,mg
68,Messmör fett 5% berikad,Niacinekvivalenter,Mesvaror,2.13,NE/mg
68,Messmör fett 5% berikad,Niacin,Mesvaror,0.5,mg
68,Messmör fett 5% berikad,"Salt, NaCl",Mesvaror,1.1,g
68,Messmör fett 5% berikad,"Natrium, Na",Mesvaror,445.0,mg
68,Messmör fett 5% berikad,Monosackarider,Mesvaror,0.0,g
68,Messmör fett 5% berikad,"Sockerarter, totalt",Mesvaror,48.0,g
68,Messmör fett 5% berikad,Summa enkelomättade fettsyror,Mesvaror,1.2,g
68,Messmör fett 5% berikad,"Magnesium, Mg",Mesvaror,28.0,mg
68,Messmör fett 5% berikad,Summa mättade fettsyror,Mesvaror,3.3,g
68,Messmör fett 5% berikad,"Kolhydrater, tillgängliga",Mesvaror,46.0,g
68,Messmör fett 5% berikad,Kolesterol,Mesvaror,17.6,mg
68,Messmör fett 5% berikad,"Kalium, K",Mesvaror,1240.0,mg
68,Messmör fett 5% berikad,"Jod, I",Mesvaror,68.0,µg
68,Messmör fett 5% berikad,Fullkorn totalt,Mesvaror,0.0,g
68,Messmör fett 5% berikad,"Folat, totalt",Mesvaror,12.0,µg
68,Messmör fett 5% berikad,Fibrer,Mesvaror,0.0,g
68,Messmör fett 5% berikad,"Fett, totalt",Mesvaror,5.0,g
68,Messmör fett 5% berikad,"Järn, Fe",Mesvaror,5.0,mg
68,Messmör fett 5% berikad,Energi (kJ),Mesvaror,1086.0,kJ
68,Messmör fett 5% berikad,Energi (kcal),Mesvaror,260.0,kcal
68,Messmör fett 5% berikad,Disackarider,Mesvaror,48.0,g
68,Messmör fett 5% berikad,"Kalcium, Ca",Mesvaror,280.0,mg
68,Messmör fett 5% berikad,Fettsyra 4:0-10:0,Mesvaror,0.5,g
68,Messmör fett 5% berikad,DHA (C22:6),Mesvaror,0.0,g
68,Messmör fett 5% berikad,DPA (C22:5),Mesvaror,0.0,g
68,Messmör fett 5% berikad,EPA (C20:5),Mesvaror,0.0,g
68,Messmör fett 5% berikad,Arakidonsyra C20:4,Mesvaror,0.0,g
68,Messmör fett 5% berikad,Arakidinsyra C20:0,Mesvaror,0.0,g
68,Messmör fett 5% berikad,Linolensyra C18:3,Mesvaror,0.0,g
68,Messmör fett 5% berikad,Linolsyra C18:2,Mesvaror,0.1,g
68,Messmör fett 5% berikad,Oljesyra C18:1,Mesvaror,1.1,g
68,Messmör fett 5% berikad,Stearinsyra C18:0,Mesvaror,0.6,g
68,Messmör fett 5% berikad,Palmitoljesyra C16:1,Mesvaror,0.0,g
68,Messmör fett 5% berikad,Palmitinsyra C16:0,Mesvaror,1.4,g
68,Messmör fett 5% berikad,Myristinsyra C14:0,Mesvaror,0.5,g
68,Messmör fett 5% berikad,Laurinsyra C12:0,Mesvaror,0.2,g
68,Messmör fett 5% berikad,Betakaroten/β-Karoten,Mesvaror,23.0,µg
68,Messmör fett 5% berikad,Avfall (skal etc.),Mesvaror,0.0,%
68,Messmör fett 5% berikad,Aska,Mesvaror,5.0,g
68,Messmör fett 5% berikad,Alkohol,Mesvaror,0.0,g
69,Messmör fett 2% berikad,"Zink, Zn",Mesvaror,0.2,mg
69,Messmör fett 2% berikad,Vitamin E,Mesvaror,0.0,mg
69,Messmör fett 2% berikad,Vitamin D,Mesvaror,0.01,µg
69,Messmör fett 2% berikad,Vitamin C,Mesvaror,0.0,mg
69,Messmör fett 2% berikad,Vitamin B6,Mesvaror,0.21,mg
69,Messmör fett 2% berikad,Vitamin B12,Mesvaror,0.4,µg
69,Messmör fett 2% berikad,Vitamin A,Mesvaror,17.4,RE/µg
69,Messmör fett 2% berikad,Vatten,Mesvaror,37.0,g
69,Messmör fett 2% berikad,Tiamin,Mesvaror,0.1,mg
69,Messmör fett 2% berikad,Tillsatt socker,Mesvaror,4.0,g
69,Messmör fett 2% berikad,Fritt socker,Mesvaror,4.0,g
69,Messmör fett 2% berikad,"Selen, Se",Mesvaror,2.2,µg
69,Messmör fett 2% berikad,Sackaros,Mesvaror,4.5,g
69,Messmör fett 2% berikad,Riboflavin,Mesvaror,1.3,mg
69,Messmör fett 2% berikad,Retinol,Mesvaror,16.7,µg
69,Messmör fett 2% berikad,Protein,Mesvaror,7.0,g
69,Messmör fett 2% berikad,Summa fleromättade fettsyror,Mesvaror,0.0,g
69,Messmör fett 2% berikad,"Fosfor, P",Mesvaror,370.0,mg
69,Messmör fett 2% berikad,Niacinekvivalenter,Mesvaror,2.13,NE/mg
69,Messmör fett 2% berikad,Niacin,Mesvaror,0.5,mg
69,Messmör fett 2% berikad,"Salt, NaCl",Mesvaror,1.4,g
69,Messmör fett 2% berikad,"Natrium, Na",Mesvaror,570.0,mg
69,Messmör fett 2% berikad,Monosackarider,Mesvaror,0.0,g
69,Messmör fett 2% berikad,"Sockerarter, totalt",Mesvaror,49.0,g
69,Messmör fett 2% berikad,Summa enkelomättade fettsyror,Mesvaror,0.5,g
69,Messmör fett 2% berikad,"Magnesium, Mg",Mesvaror,30.0,mg
69,Messmör fett 2% berikad,Summa mättade fettsyror,Mesvaror,1.3,g
69,Messmör fett 2% berikad,"Kolhydrater, tillgängliga",Mesvaror,49.0,g
69,Messmör fett 2% berikad,Kolesterol,Mesvaror,6.4,mg
69,Messmör fett 2% berikad,"Kalium, K",Mesvaror,1400.0,mg
69,Messmör fett 2% berikad,"Jod, I",Mesvaror,68.0,µg
69,Messmör fett 2% berikad,Fullkorn totalt,Mesvaror,0.0,g
69,Messmör fett 2% berikad,"Folat, totalt",Mesvaror,12.0,µg
69,Messmör fett 2% berikad,Fibrer,Mesvaror,0.0,g
69,Messmör fett 2% berikad,"Fett, totalt",Mesvaror,2.0,g
69,Messmör fett 2% berikad,"Järn, Fe",Mesvaror,5.0,mg
69,Messmör fett 2% berikad,Energi (kJ),Mesvaror,1026.0,kJ
69,Messmör fett 2% berikad,Energi (kcal),Mesvaror,245.0,kcal
69,Messmör fett 2% berikad,Disackarider,Mesvaror,49.0,g
69,Messmör fett 2% berikad,"Kalcium, Ca",Mesvaror,280.0,mg
69,Messmör fett 2% berikad,Fettsyra 4:0-10:0,Mesvaror,0.2,g
69,Messmör fett 2% berikad,DHA (C22:6),Mesvaror,0.0,g
69,Messmör fett 2% berikad,DPA (C22:5),Mesvaror,0.0,g
69,Messmör fett 2% berikad,EPA (C20:5),Mesvaror,0.0,g
69,Messmör fett 2% berikad,Arakidonsyra C20:4,Mesvaror,0.0,g
69,Messmör fett 2% berikad,Arakidinsyra C20:0,Mesvaror,0.0,g
69,Messmör fett 2% berikad,Linolensyra C18:3,Mesvaror,0.0,g
69,Messmör fett 2% berikad,Linolsyra C18:2,Mesvaror,0.0,g
69,Messmör fett 2% berikad,Oljesyra C18:1,Mesvaror,0.4,g
69,Messmör fett 2% berikad,Stearinsyra C18:0,Mesvaror,0.2,g
69,Messmör fett 2% berikad,Palmitoljesyra C16:1,Mesvaror,0.0,g
69,Messmör fett 2% berikad,Palmitinsyra C16:0,Mesvaror,0.6,g
69,Messmör fett 2% berikad,Myristinsyra C14:0,Mesvaror,0.2,g
69,Messmör fett 2% berikad,Laurinsyra C12:0,Mesvaror,0.1,g
69,Messmör fett 2% berikad,Betakaroten/β-Karoten,Mesvaror,9.0,µg
69,Messmör fett 2% berikad,Avfall (skal etc.),Mesvaror,0.0,%
69,Messmör fett 2% berikad,Aska,Mesvaror,5.0,g
69,Messmör fett 2% berikad,Alkohol,Mesvaror,0.0,g
70,Färskost cottage cheese naturell fett 4%,"Zink, Zn",Färskost o kvarg,0.3,mg
70,Färskost cottage cheese naturell fett 4%,Vitamin E,Färskost o kvarg,0.1,mg
70,Färskost cottage cheese naturell fett 4%,Vitamin D inkl 25-OH-D3,Färskost o kvarg,0.0,µg
70,Färskost cottage cheese naturell fett 4%,Vitamin D,Färskost o kvarg,0.0,µg
70,Färskost cottage cheese naturell fett 4%,Vitamin C,Färskost o kvarg,0.0,mg
70,Färskost cottage cheese naturell fett 4%,Vitamin B6,Färskost o kvarg,0.0,mg
70,Färskost cottage cheese naturell fett 4%,Vitamin B12,Färskost o kvarg,0.6,µg
70,Färskost cottage cheese naturell fett 4%,Vitamin A,Färskost o kvarg,45.0,RE/µg
70,Färskost cottage cheese naturell fett 4%,Vatten,Färskost o kvarg,79.3,g
70,Färskost cottage cheese naturell fett 4%,Tiamin,Färskost o kvarg,0.01,mg
70,Färskost cottage cheese naturell fett 4%,Tillsatt socker,Färskost o kvarg,0.0,g
70,Färskost cottage cheese naturell fett 4%,Fritt socker,Färskost o kvarg,0.0,g
70,Färskost cottage cheese naturell fett 4%,"Selen, Se",Färskost o kvarg,0.0,µg
70,Färskost cottage cheese naturell fett 4%,Sackaros,Färskost o kvarg,0.0,g
70,Färskost cottage cheese naturell fett 4%,Riboflavin,Färskost o kvarg,0.16,mg
70,Färskost cottage cheese naturell fett 4%,Retinol,Färskost o kvarg,43.3,µg
70,Färskost cottage cheese naturell fett 4%,Protein,Färskost o kvarg,13.4,g
70,Färskost cottage cheese naturell fett 4%,Summa fleromättade fettsyror,Färskost o kvarg,0.2,g
70,Färskost cottage cheese naturell fett 4%,"Fosfor, P",Färskost o kvarg,134.0,mg
70,Färskost cottage cheese naturell fett 4%,Niacinekvivalenter,Färskost o kvarg,3.2,NE/mg
70,Färskost cottage cheese naturell fett 4%,Niacin,Färskost o kvarg,0.08,mg
70,Färskost cottage cheese naturell fett 4%,"Salt, NaCl",Färskost o kvarg,0.7,g
70,Färskost cottage cheese naturell fett 4%,"Natrium, Na",Färskost o kvarg,270.0,mg
70,Färskost cottage cheese naturell fett 4%,Monosackarider,Färskost o kvarg,0.0,g
70,Färskost cottage cheese naturell fett 4%,"Sockerarter, totalt",Färskost o kvarg,1.6,g
70,Färskost cottage cheese naturell fett 4%,Summa enkelomättade fettsyror,Färskost o kvarg,1.0,g
70,Färskost cottage cheese naturell fett 4%,"Magnesium, Mg",Färskost o kvarg,5.0,mg
70,Färskost cottage cheese naturell fett 4%,Summa mättade fettsyror,Färskost o kvarg,2.8,g
70,Färskost cottage cheese naturell fett 4%,"Kolhydrater, tillgängliga",Färskost o kvarg,1.9,g
70,Färskost cottage cheese naturell fett 4%,Kolesterol,Färskost o kvarg,17.4,mg
70,Färskost cottage cheese naturell fett 4%,"Kalium, K",Färskost o kvarg,54.0,mg
70,Färskost cottage cheese naturell fett 4%,"Jod, I",Färskost o kvarg,5.2,µg
70,Färskost cottage cheese naturell fett 4%,Fullkorn totalt,Färskost o kvarg,0.0,g
70,Färskost cottage cheese naturell fett 4%,"Folat, totalt",Färskost o kvarg,30.5,µg
70,Färskost cottage cheese naturell fett 4%,Fibrer,Färskost o kvarg,0.0,g
70,Färskost cottage cheese naturell fett 4%,"Fett, totalt",Färskost o kvarg,4.3,g
70,Färskost cottage cheese naturell fett 4%,"Järn, Fe",Färskost o kvarg,0.0,mg
70,Färskost cottage cheese naturell fett 4%,Energi (kJ),Färskost o kvarg,419.0,kJ
70,Färskost cottage cheese naturell fett 4%,Energi (kcal),Färskost o kvarg,100.0,kcal
70,Färskost cottage cheese naturell fett 4%,Disackarider,Färskost o kvarg,1.6,g
70,Färskost cottage cheese naturell fett 4%,"Kalcium, Ca",Färskost o kvarg,50.0,mg
70,Färskost cottage cheese naturell fett 4%,Fettsyra 4:0-10:0,Färskost o kvarg,0.3,g
70,Färskost cottage cheese naturell fett 4%,DHA (C22:6),Färskost o kvarg,0.0,g
70,Färskost cottage cheese naturell fett 4%,DPA (C22:5),Färskost o kvarg,0.0,g
70,Färskost cottage cheese naturell fett 4%,EPA (C20:5),Färskost o kvarg,0.0,g
70,Färskost cottage cheese naturell fett 4%,Arakidonsyra C20:4,Färskost o kvarg,0.0,g
70,Färskost cottage cheese naturell fett 4%,Arakidinsyra C20:0,Färskost o kvarg,0.0,g
70,Färskost cottage cheese naturell fett 4%,Linolensyra C18:3,Färskost o kvarg,0.0,g
70,Färskost cottage cheese naturell fett 4%,Linolsyra C18:2,Färskost o kvarg,0.1,g
70,Färskost cottage cheese naturell fett 4%,Oljesyra C18:1,Färskost o kvarg,0.9,g
70,Färskost cottage cheese naturell fett 4%,Stearinsyra C18:0,Färskost o kvarg,0.4,g
70,Färskost cottage cheese naturell fett 4%,Palmitoljesyra C16:1,Färskost o kvarg,0.1,g
70,Färskost cottage cheese naturell fett 4%,Palmitinsyra C16:0,Färskost o kvarg,1.3,g
70,Färskost cottage cheese naturell fett 4%,Myristinsyra C14:0,Färskost o kvarg,0.5,g
70,Färskost cottage cheese naturell fett 4%,Laurinsyra C12:0,Färskost o kvarg,0.1,g
70,Färskost cottage cheese naturell fett 4%,Betakaroten/β-Karoten,Färskost o kvarg,21.0,µg
70,Färskost cottage cheese naturell fett 4%,Avfall (skal etc.),Färskost o kvarg,0.0,%
70,Färskost cottage cheese naturell fett 4%,Aska,Färskost o kvarg,1.1,g
70,Färskost cottage cheese naturell fett 4%,Alkohol,Färskost o kvarg,0.0,g
71,Färskost cottage cheese m. frukt fett 3%,"Zink, Zn",Färskost o kvarg,0.3,mg
71,Färskost cottage cheese m. frukt fett 3%,Vitamin E,Färskost o kvarg,0.1,mg
71,Färskost cottage cheese m. frukt fett 3%,Vitamin D,Färskost o kvarg,0.1,µg
71,Färskost cottage cheese m. frukt fett 3%,Vitamin C,Färskost o kvarg,0.0,mg
71,Färskost cottage cheese m. frukt fett 3%,Vitamin B6,Färskost o kvarg,0.04,mg
71,Färskost cottage cheese m. frukt fett 3%,Vitamin B12,Färskost o kvarg,0.26,µg
71,Färskost cottage cheese m. frukt fett 3%,Vitamin A,Färskost o kvarg,31.1,RE/µg
71,Färskost cottage cheese m. frukt fett 3%,Vatten,Färskost o kvarg,75.9,g
71,Färskost cottage cheese m. frukt fett 3%,Tiamin,Färskost o kvarg,0.02,mg
71,Färskost cottage cheese m. frukt fett 3%,Tillsatt socker,Färskost o kvarg,7.0,g
71,Färskost cottage cheese m. frukt fett 3%,Fritt socker,Färskost o kvarg,7.0,g
71,Färskost cottage cheese m. frukt fett 3%,"Selen, Se",Färskost o kvarg,5.4,µg
71,Färskost cottage cheese m. frukt fett 3%,Sackaros,Färskost o kvarg,6.9,g
71,Färskost cottage cheese m. frukt fett 3%,Riboflavin,Färskost o kvarg,0.14,mg
71,Färskost cottage cheese m. frukt fett 3%,Retinol,Färskost o kvarg,29.2,µg
71,Färskost cottage cheese m. frukt fett 3%,Protein,Färskost o kvarg,10.3,g
71,Färskost cottage cheese m. frukt fett 3%,Summa fleromättade fettsyror,Färskost o kvarg,0.1,g
71,Färskost cottage cheese m. frukt fett 3%,"Fosfor, P",Färskost o kvarg,106.0,mg
71,Färskost cottage cheese m. frukt fett 3%,Niacinekvivalenter,Färskost o kvarg,2.5,NE/mg
71,Färskost cottage cheese m. frukt fett 3%,Niacin,Färskost o kvarg,0.13,mg
71,Färskost cottage cheese m. frukt fett 3%,"Salt, NaCl",Färskost o kvarg,0.7,g
71,Färskost cottage cheese m. frukt fett 3%,"Natrium, Na",Färskost o kvarg,282.0,mg
71,Färskost cottage cheese m. frukt fett 3%,Monosackarider,Färskost o kvarg,0.6,g
71,Färskost cottage cheese m. frukt fett 3%,"Sockerarter, totalt",Färskost o kvarg,8.8,g
71,Färskost cottage cheese m. frukt fett 3%,Summa enkelomättade fettsyror,Färskost o kvarg,0.7,g
71,Färskost cottage cheese m. frukt fett 3%,"Magnesium, Mg",Färskost o kvarg,4.0,mg
71,Färskost cottage cheese m. frukt fett 3%,Summa mättade fettsyror,Färskost o kvarg,1.8,g
71,Färskost cottage cheese m. frukt fett 3%,"Kolhydrater, tillgängliga",Färskost o kvarg,9.1,g
71,Färskost cottage cheese m. frukt fett 3%,Kolesterol,Färskost o kvarg,11.8,mg
71,Färskost cottage cheese m. frukt fett 3%,"Kalium, K",Färskost o kvarg,77.0,mg
71,Färskost cottage cheese m. frukt fett 3%,"Jod, I",Färskost o kvarg,5.0,µg
71,Färskost cottage cheese m. frukt fett 3%,Fullkorn totalt,Färskost o kvarg,0.0,g
71,Färskost cottage cheese m. frukt fett 3%,"Folat, totalt",Färskost o kvarg,20.9,µg
71,Färskost cottage cheese m. frukt fett 3%,Fibrer,Färskost o kvarg,1.0,g
71,Färskost cottage cheese m. frukt fett 3%,"Fett, totalt",Färskost o kvarg,2.8,g
71,Färskost cottage cheese m. frukt fett 3%,"Järn, Fe",Färskost o kvarg,0.1,mg
71,Färskost cottage cheese m. frukt fett 3%,Energi (kJ),Färskost o kvarg,440.0,kJ
71,Färskost cottage cheese m. frukt fett 3%,Energi (kcal),Färskost o kvarg,105.0,kcal
71,Färskost cottage cheese m. frukt fett 3%,Disackarider,Färskost o kvarg,8.2,g
71,Färskost cottage cheese m. frukt fett 3%,"Kalcium, Ca",Färskost o kvarg,34.0,mg
71,Färskost cottage cheese m. frukt fett 3%,Fettsyra 4:0-10:0,Färskost o kvarg,0.2,g
71,Färskost cottage cheese m. frukt fett 3%,DHA (C22:6),Färskost o kvarg,0.0,g
71,Färskost cottage cheese m. frukt fett 3%,DPA (C22:5),Färskost o kvarg,0.0,g
71,Färskost cottage cheese m. frukt fett 3%,EPA (C20:5),Färskost o kvarg,0.0,g
71,Färskost cottage cheese m. frukt fett 3%,Arakidonsyra C20:4,Färskost o kvarg,0.0,g
71,Färskost cottage cheese m. frukt fett 3%,Arakidinsyra C20:0,Färskost o kvarg,0.0,g
71,Färskost cottage cheese m. frukt fett 3%,Linolensyra C18:3,Färskost o kvarg,0.0,g
71,Färskost cottage cheese m. frukt fett 3%,Linolsyra C18:2,Färskost o kvarg,0.1,g
71,Färskost cottage cheese m. frukt fett 3%,Oljesyra C18:1,Färskost o kvarg,0.6,g
71,Färskost cottage cheese m. frukt fett 3%,Stearinsyra C18:0,Färskost o kvarg,0.3,g
71,Färskost cottage cheese m. frukt fett 3%,Palmitoljesyra C16:1,Färskost o kvarg,0.0,g
71,Färskost cottage cheese m. frukt fett 3%,Palmitinsyra C16:0,Färskost o kvarg,0.8,g
71,Färskost cottage cheese m. frukt fett 3%,Myristinsyra C14:0,Färskost o kvarg,0.3,g
71,Färskost cottage cheese m. frukt fett 3%,Laurinsyra C12:0,Färskost o kvarg,0.1,g
71,Färskost cottage cheese m. frukt fett 3%,Betakaroten/β-Karoten,Färskost o kvarg,18.0,µg
71,Färskost cottage cheese m. frukt fett 3%,Avfall (skal etc.),Färskost o kvarg,0.0,%
71,Färskost cottage cheese m. frukt fett 3%,Aska,Färskost o kvarg,1.0,g
71,Färskost cottage cheese m. frukt fett 3%,Alkohol,Färskost o kvarg,0.0,g
72,"Färskost cottage cheese m. grönsaker fett 3,5-5%","Zink, Zn",Färskost o kvarg,0.4,mg
72,"Färskost cottage cheese m. grönsaker fett 3,5-5%",Vitamin E,Färskost o kvarg,0.3,mg
72,"Färskost cottage cheese m. grönsaker fett 3,5-5%",Vitamin D,Färskost o kvarg,0.1,µg
72,"Färskost cottage cheese m. grönsaker fett 3,5-5%",Vitamin C,Färskost o kvarg,0.0,mg
72,"Färskost cottage cheese m. grönsaker fett 3,5-5%",Vitamin B6,Färskost o kvarg,0.06,mg
72,"Färskost cottage cheese m. grönsaker fett 3,5-5%",Vitamin B12,Färskost o kvarg,0.24,µg
72,"Färskost cottage cheese m. grönsaker fett 3,5-5%",Vitamin A,Färskost o kvarg,55.7,RE/µg
72,"Färskost cottage cheese m. grönsaker fett 3,5-5%",Vatten,Färskost o kvarg,79.3,g
72,"Färskost cottage cheese m. grönsaker fett 3,5-5%",Tiamin,Färskost o kvarg,0.02,mg
72,"Färskost cottage cheese m. grönsaker fett 3,5-5%",Tillsatt socker,Färskost o kvarg,0.0,g
72,"Färskost cottage cheese m. grönsaker fett 3,5-5%",Fritt socker,Färskost o kvarg,0.0,g
72,"Färskost cottage cheese m. grönsaker fett 3,5-5%","Selen, Se",Färskost o kvarg,5.8,µg
72,"Färskost cottage cheese m. grönsaker fett 3,5-5%",Sackaros,Färskost o kvarg,0.0,g
72,"Färskost cottage cheese m. grönsaker fett 3,5-5%",Riboflavin,Färskost o kvarg,0.19,mg
72,"Färskost cottage cheese m. grönsaker fett 3,5-5%",Retinol,Färskost o kvarg,47.7,µg
72,"Färskost cottage cheese m. grönsaker fett 3,5-5%",Protein,Färskost o kvarg,12.2,g
72,"Färskost cottage cheese m. grönsaker fett 3,5-5%",Summa fleromättade fettsyror,Färskost o kvarg,0.2,g
72,"Färskost cottage cheese m. grönsaker fett 3,5-5%","Fosfor, P",Färskost o kvarg,129.0,mg
72,"Färskost cottage cheese m. grönsaker fett 3,5-5%",Niacinekvivalenter,Färskost o kvarg,3.0,NE/mg
72,"Färskost cottage cheese m. grönsaker fett 3,5-5%",Niacin,Färskost o kvarg,0.15,mg
72,"Färskost cottage cheese m. grönsaker fett 3,5-5%","Salt, NaCl",Färskost o kvarg,1.2,g
72,"Färskost cottage cheese m. grönsaker fett 3,5-5%","Natrium, Na",Färskost o kvarg,491.0,mg
72,"Färskost cottage cheese m. grönsaker fett 3,5-5%",Monosackarider,Färskost o kvarg,0.1,g
72,"Färskost cottage cheese m. grönsaker fett 3,5-5%","Sockerarter, totalt",Färskost o kvarg,1.7,g
72,"Färskost cottage cheese m. grönsaker fett 3,5-5%",Summa enkelomättade fettsyror,Färskost o kvarg,1.1,g
72,"Färskost cottage cheese m. grönsaker fett 3,5-5%","Magnesium, Mg",Färskost o kvarg,6.0,mg
72,"Färskost cottage cheese m. grönsaker fett 3,5-5%",Summa mättade fettsyror,Färskost o kvarg,2.7,g
72,"Färskost cottage cheese m. grönsaker fett 3,5-5%","Kolhydrater, tillgängliga",Färskost o kvarg,0.9,g
72,"Färskost cottage cheese m. grönsaker fett 3,5-5%",Kolesterol,Färskost o kvarg,15.2,mg
72,"Färskost cottage cheese m. grönsaker fett 3,5-5%","Kalium, K",Färskost o kvarg,92.0,mg
72,"Färskost cottage cheese m. grönsaker fett 3,5-5%","Jod, I",Färskost o kvarg,6.0,µg
72,"Färskost cottage cheese m. grönsaker fett 3,5-5%",Fullkorn totalt,Färskost o kvarg,0.0,g
72,"Färskost cottage cheese m. grönsaker fett 3,5-5%","Folat, totalt",Färskost o kvarg,22.5,µg
72,"Färskost cottage cheese m. grönsaker fett 3,5-5%",Fibrer,Färskost o kvarg,1.7,g
72,"Färskost cottage cheese m. grönsaker fett 3,5-5%","Fett, totalt",Färskost o kvarg,4.2,g
72,"Färskost cottage cheese m. grönsaker fett 3,5-5%","Järn, Fe",Färskost o kvarg,0.1,mg
72,"Färskost cottage cheese m. grönsaker fett 3,5-5%",Energi (kJ),Färskost o kvarg,393.0,kJ
72,"Färskost cottage cheese m. grönsaker fett 3,5-5%",Energi (kcal),Färskost o kvarg,94.0,kcal
72,"Färskost cottage cheese m. grönsaker fett 3,5-5%",Disackarider,Färskost o kvarg,1.6,g
72,"Färskost cottage cheese m. grönsaker fett 3,5-5%","Kalcium, Ca",Färskost o kvarg,43.0,mg
72,"Färskost cottage cheese m. grönsaker fett 3,5-5%",Fettsyra 4:0-10:0,Färskost o kvarg,0.4,g
72,"Färskost cottage cheese m. grönsaker fett 3,5-5%",DHA (C22:6),Färskost o kvarg,0.0,g
72,"Färskost cottage cheese m. grönsaker fett 3,5-5%",DPA (C22:5),Färskost o kvarg,0.0,g
72,"Färskost cottage cheese m. grönsaker fett 3,5-5%",EPA (C20:5),Färskost o kvarg,0.0,g
72,"Färskost cottage cheese m. grönsaker fett 3,5-5%",Arakidonsyra C20:4,Färskost o kvarg,0.0,g
72,"Färskost cottage cheese m. grönsaker fett 3,5-5%",Arakidinsyra C20:0,Färskost o kvarg,0.0,g
72,"Färskost cottage cheese m. grönsaker fett 3,5-5%",Linolensyra C18:3,Färskost o kvarg,0.0,g
72,"Färskost cottage cheese m. grönsaker fett 3,5-5%",Linolsyra C18:2,Färskost o kvarg,0.1,g
72,"Färskost cottage cheese m. grönsaker fett 3,5-5%",Oljesyra C18:1,Färskost o kvarg,1.0,g
72,"Färskost cottage cheese m. grönsaker fett 3,5-5%",Stearinsyra C18:0,Färskost o kvarg,0.4,g
72,"Färskost cottage cheese m. grönsaker fett 3,5-5%",Palmitoljesyra C16:1,Färskost o kvarg,0.1,g
72,"Färskost cottage cheese m. grönsaker fett 3,5-5%",Palmitinsyra C16:0,Färskost o kvarg,1.2,g
72,"Färskost cottage cheese m. grönsaker fett 3,5-5%",Myristinsyra C14:0,Färskost o kvarg,0.4,g
72,"Färskost cottage cheese m. grönsaker fett 3,5-5%",Laurinsyra C12:0,Färskost o kvarg,0.1,g
72,"Färskost cottage cheese m. grönsaker fett 3,5-5%",Betakaroten/β-Karoten,Färskost o kvarg,84.0,µg
72,"Färskost cottage cheese m. grönsaker fett 3,5-5%",Avfall (skal etc.),Färskost o kvarg,0.0,%
72,"Färskost cottage cheese m. grönsaker fett 3,5-5%",Aska,Färskost o kvarg,1.6,g
72,"Färskost cottage cheese m. grönsaker fett 3,5-5%",Alkohol,Färskost o kvarg,0.0,g
73,Färskost m. filmjölk fett ca 8%,"Zink, Zn",Färskost o kvarg,0.4,mg
73,Färskost m. filmjölk fett ca 8%,Vitamin E,Färskost o kvarg,0.2,mg
73,Färskost m. filmjölk fett ca 8%,Vitamin D,Färskost o kvarg,0.06,µg
73,Färskost m. filmjölk fett ca 8%,Vitamin C,Färskost o kvarg,0.0,mg
73,Färskost m. filmjölk fett ca 8%,Vitamin B6,Färskost o kvarg,0.03,mg
73,Färskost m. filmjölk fett ca 8%,Vitamin B12,Färskost o kvarg,0.6,µg
73,Färskost m. filmjölk fett ca 8%,Vitamin A,Färskost o kvarg,40.7,RE/µg
73,Färskost m. filmjölk fett ca 8%,Vatten,Färskost o kvarg,80.0,g
73,Färskost m. filmjölk fett ca 8%,Tiamin,Färskost o kvarg,0.02,mg
73,Färskost m. filmjölk fett ca 8%,Tillsatt socker,Färskost o kvarg,0.0,g
73,Färskost m. filmjölk fett ca 8%,Fritt socker,Färskost o kvarg,0.0,g
73,Färskost m. filmjölk fett ca 8%,"Selen, Se",Färskost o kvarg,4.0,µg
73,Färskost m. filmjölk fett ca 8%,Sackaros,Färskost o kvarg,0.0,g
73,Färskost m. filmjölk fett ca 8%,Riboflavin,Färskost o kvarg,0.14,mg
73,Färskost m. filmjölk fett ca 8%,Retinol,Färskost o kvarg,39.0,µg
73,Färskost m. filmjölk fett ca 8%,Protein,Färskost o kvarg,8.0,g
73,Färskost m. filmjölk fett ca 8%,Summa fleromättade fettsyror,Färskost o kvarg,0.2,g
73,Färskost m. filmjölk fett ca 8%,"Fosfor, P",Färskost o kvarg,145.0,mg
73,Färskost m. filmjölk fett ca 8%,Niacinekvivalenter,Färskost o kvarg,1.97,NE/mg
73,Färskost m. filmjölk fett ca 8%,Niacin,Färskost o kvarg,0.1,mg
73,Färskost m. filmjölk fett ca 8%,"Salt, NaCl",Färskost o kvarg,0.1,g
73,Färskost m. filmjölk fett ca 8%,"Natrium, Na",Färskost o kvarg,28.0,mg
73,Färskost m. filmjölk fett ca 8%,Monosackarider,Färskost o kvarg,0.0,g
73,Färskost m. filmjölk fett ca 8%,"Sockerarter, totalt",Färskost o kvarg,2.8,g
73,Färskost m. filmjölk fett ca 8%,Summa enkelomättade fettsyror,Färskost o kvarg,1.9,g
73,Färskost m. filmjölk fett ca 8%,"Magnesium, Mg",Färskost o kvarg,5.0,mg
73,Färskost m. filmjölk fett ca 8%,Summa mättade fettsyror,Färskost o kvarg,5.6,g
73,Färskost m. filmjölk fett ca 8%,"Kolhydrater, tillgängliga",Färskost o kvarg,2.9,g
73,Färskost m. filmjölk fett ca 8%,Kolesterol,Färskost o kvarg,27.0,mg
73,Färskost m. filmjölk fett ca 8%,"Kalium, K",Färskost o kvarg,134.0,mg
73,Färskost m. filmjölk fett ca 8%,"Jod, I",Färskost o kvarg,10.0,µg
73,Färskost m. filmjölk fett ca 8%,Fullkorn totalt,Färskost o kvarg,0.0,g
73,Färskost m. filmjölk fett ca 8%,"Folat, totalt",Färskost o kvarg,12.0,µg
73,Färskost m. filmjölk fett ca 8%,Fibrer,Färskost o kvarg,0.0,g
73,Färskost m. filmjölk fett ca 8%,"Fett, totalt",Färskost o kvarg,8.4,g
73,Färskost m. filmjölk fett ca 8%,"Järn, Fe",Färskost o kvarg,0.1,mg
73,Färskost m. filmjölk fett ca 8%,Energi (kJ),Färskost o kvarg,496.0,kJ
73,Färskost m. filmjölk fett ca 8%,Energi (kcal),Färskost o kvarg,119.0,kcal
73,Färskost m. filmjölk fett ca 8%,Disackarider,Färskost o kvarg,2.8,g
73,Färskost m. filmjölk fett ca 8%,"Kalcium, Ca",Färskost o kvarg,68.0,mg
73,Färskost m. filmjölk fett ca 8%,Fettsyra 4:0-10:0,Färskost o kvarg,1.0,g
73,Färskost m. filmjölk fett ca 8%,DHA (C22:6),Färskost o kvarg,0.0,g
73,Färskost m. filmjölk fett ca 8%,DPA (C22:5),Färskost o kvarg,0.0,g
73,Färskost m. filmjölk fett ca 8%,EPA (C20:5),Färskost o kvarg,0.0,g
73,Färskost m. filmjölk fett ca 8%,Arakidonsyra C20:4,Färskost o kvarg,0.0,g
73,Färskost m. filmjölk fett ca 8%,Arakidinsyra C20:0,Färskost o kvarg,0.0,g
73,Färskost m. filmjölk fett ca 8%,Linolensyra C18:3,Färskost o kvarg,0.0,g
73,Färskost m. filmjölk fett ca 8%,Linolsyra C18:2,Färskost o kvarg,0.1,g
73,Färskost m. filmjölk fett ca 8%,Oljesyra C18:1,Färskost o kvarg,1.7,g
73,Färskost m. filmjölk fett ca 8%,Stearinsyra C18:0,Färskost o kvarg,0.9,g
73,Färskost m. filmjölk fett ca 8%,Palmitoljesyra C16:1,Färskost o kvarg,0.1,g
73,Färskost m. filmjölk fett ca 8%,Palmitinsyra C16:0,Färskost o kvarg,2.4,g
73,Färskost m. filmjölk fett ca 8%,Myristinsyra C14:0,Färskost o kvarg,0.9,g
73,Färskost m. filmjölk fett ca 8%,Laurinsyra C12:0,Färskost o kvarg,0.3,g
73,Färskost m. filmjölk fett ca 8%,Betakaroten/β-Karoten,Färskost o kvarg,20.0,µg
73,Färskost m. filmjölk fett ca 8%,Avfall (skal etc.),Färskost o kvarg,0.0,%
73,Färskost m. filmjölk fett ca 8%,Aska,Färskost o kvarg,0.7,g
73,Färskost m. filmjölk fett ca 8%,Alkohol,Färskost o kvarg,0.0,g
74,Färskost m. filmjölk gräddfil fett ca 14% hemlagad,"Zink, Zn",Färskost o kvarg,0.4,mg
74,Färskost m. filmjölk gräddfil fett ca 14% hemlagad,Vitamin E,Färskost o kvarg,0.2,mg
74,Färskost m. filmjölk gräddfil fett ca 14% hemlagad,Vitamin D,Färskost o kvarg,0.07,µg
74,Färskost m. filmjölk gräddfil fett ca 14% hemlagad,Vitamin C,Färskost o kvarg,0.0,mg
74,Färskost m. filmjölk gräddfil fett ca 14% hemlagad,Vitamin B6,Färskost o kvarg,0.03,mg
74,Färskost m. filmjölk gräddfil fett ca 14% hemlagad,Vitamin B12,Färskost o kvarg,0.5,µg
74,Färskost m. filmjölk gräddfil fett ca 14% hemlagad,Vitamin A,Färskost o kvarg,86.4,RE/µg
74,Färskost m. filmjölk gräddfil fett ca 14% hemlagad,Vatten,Färskost o kvarg,72.3,g
74,Färskost m. filmjölk gräddfil fett ca 14% hemlagad,Tiamin,Färskost o kvarg,0.04,mg
74,Färskost m. filmjölk gräddfil fett ca 14% hemlagad,Tillsatt socker,Färskost o kvarg,0.0,g
74,Färskost m. filmjölk gräddfil fett ca 14% hemlagad,Fritt socker,Färskost o kvarg,0.0,g
74,Färskost m. filmjölk gräddfil fett ca 14% hemlagad,"Selen, Se",Färskost o kvarg,4.0,µg
74,Färskost m. filmjölk gräddfil fett ca 14% hemlagad,Sackaros,Färskost o kvarg,0.0,g
74,Färskost m. filmjölk gräddfil fett ca 14% hemlagad,Riboflavin,Färskost o kvarg,0.15,mg
74,Färskost m. filmjölk gräddfil fett ca 14% hemlagad,Retinol,Färskost o kvarg,83.0,µg
74,Färskost m. filmjölk gräddfil fett ca 14% hemlagad,Protein,Färskost o kvarg,9.7,g
74,Färskost m. filmjölk gräddfil fett ca 14% hemlagad,Summa fleromättade fettsyror,Färskost o kvarg,0.3,g
74,Färskost m. filmjölk gräddfil fett ca 14% hemlagad,"Fosfor, P",Färskost o kvarg,160.0,mg
74,Färskost m. filmjölk gräddfil fett ca 14% hemlagad,Niacinekvivalenter,Färskost o kvarg,2.32,NE/mg
74,Färskost m. filmjölk gräddfil fett ca 14% hemlagad,Niacin,Färskost o kvarg,0.06,mg
74,Färskost m. filmjölk gräddfil fett ca 14% hemlagad,"Salt, NaCl",Färskost o kvarg,0.1,g
74,Färskost m. filmjölk gräddfil fett ca 14% hemlagad,"Natrium, Na",Färskost o kvarg,35.0,mg
74,Färskost m. filmjölk gräddfil fett ca 14% hemlagad,Monosackarider,Färskost o kvarg,1.0,g
74,Färskost m. filmjölk gräddfil fett ca 14% hemlagad,"Sockerarter, totalt",Färskost o kvarg,4.1,g
74,Färskost m. filmjölk gräddfil fett ca 14% hemlagad,Summa enkelomättade fettsyror,Färskost o kvarg,3.3,g
74,Färskost m. filmjölk gräddfil fett ca 14% hemlagad,"Magnesium, Mg",Färskost o kvarg,10.0,mg
74,Färskost m. filmjölk gräddfil fett ca 14% hemlagad,Summa mättade fettsyror,Färskost o kvarg,9.4,g
74,Färskost m. filmjölk gräddfil fett ca 14% hemlagad,"Kolhydrater, tillgängliga",Färskost o kvarg,3.1,g
74,Färskost m. filmjölk gräddfil fett ca 14% hemlagad,Kolesterol,Färskost o kvarg,32.0,mg
74,Färskost m. filmjölk gräddfil fett ca 14% hemlagad,"Kalium, K",Färskost o kvarg,140.0,mg
74,Färskost m. filmjölk gräddfil fett ca 14% hemlagad,"Jod, I",Färskost o kvarg,10.0,µg
74,Färskost m. filmjölk gräddfil fett ca 14% hemlagad,Fullkorn totalt,Färskost o kvarg,0.0,g
74,Färskost m. filmjölk gräddfil fett ca 14% hemlagad,"Folat, totalt",Färskost o kvarg,11.0,µg
74,Färskost m. filmjölk gräddfil fett ca 14% hemlagad,Fibrer,Färskost o kvarg,0.0,g
74,Färskost m. filmjölk gräddfil fett ca 14% hemlagad,"Fett, totalt",Färskost o kvarg,14.2,g
74,Färskost m. filmjölk gräddfil fett ca 14% hemlagad,"Järn, Fe",Färskost o kvarg,0.1,mg
74,Färskost m. filmjölk gräddfil fett ca 14% hemlagad,Energi (kJ),Färskost o kvarg,743.0,kJ
74,Färskost m. filmjölk gräddfil fett ca 14% hemlagad,Energi (kcal),Färskost o kvarg,178.0,kcal
74,Färskost m. filmjölk gräddfil fett ca 14% hemlagad,Disackarider,Färskost o kvarg,3.1,g
74,Färskost m. filmjölk gräddfil fett ca 14% hemlagad,"Kalcium, Ca",Färskost o kvarg,96.0,mg
74,Färskost m. filmjölk gräddfil fett ca 14% hemlagad,Fettsyra 4:0-10:0,Färskost o kvarg,1.6,g
74,Färskost m. filmjölk gräddfil fett ca 14% hemlagad,DHA (C22:6),Färskost o kvarg,0.0,g
74,Färskost m. filmjölk gräddfil fett ca 14% hemlagad,DPA (C22:5),Färskost o kvarg,0.0,g
74,Färskost m. filmjölk gräddfil fett ca 14% hemlagad,EPA (C20:5),Färskost o kvarg,0.0,g
74,Färskost m. filmjölk gräddfil fett ca 14% hemlagad,Arakidonsyra C20:4,Färskost o kvarg,0.0,g
74,Färskost m. filmjölk gräddfil fett ca 14% hemlagad,Arakidinsyra C20:0,Färskost o kvarg,0.0,g
74,Färskost m. filmjölk gräddfil fett ca 14% hemlagad,Linolensyra C18:3,Färskost o kvarg,0.1,g
74,Färskost m. filmjölk gräddfil fett ca 14% hemlagad,Linolsyra C18:2,Färskost o kvarg,0.2,g
74,Färskost m. filmjölk gräddfil fett ca 14% hemlagad,Oljesyra C18:1,Färskost o kvarg,2.9,g
74,Färskost m. filmjölk gräddfil fett ca 14% hemlagad,Stearinsyra C18:0,Färskost o kvarg,1.5,g
74,Färskost m. filmjölk gräddfil fett ca 14% hemlagad,Palmitoljesyra C16:1,Färskost o kvarg,0.2,g
74,Färskost m. filmjölk gräddfil fett ca 14% hemlagad,Palmitinsyra C16:0,Färskost o kvarg,4.1,g
74,Färskost m. filmjölk gräddfil fett ca 14% hemlagad,Myristinsyra C14:0,Färskost o kvarg,1.5,g
74,Färskost m. filmjölk gräddfil fett ca 14% hemlagad,Laurinsyra C12:0,Färskost o kvarg,0.5,g
74,Färskost m. filmjölk gräddfil fett ca 14% hemlagad,Betakaroten/β-Karoten,Färskost o kvarg,41.0,µg
74,Färskost m. filmjölk gräddfil fett ca 14% hemlagad,Avfall (skal etc.),Färskost o kvarg,0.0,%
74,Färskost m. filmjölk gräddfil fett ca 14% hemlagad,Aska,Färskost o kvarg,0.7,g
74,Färskost m. filmjölk gräddfil fett ca 14% hemlagad,Alkohol,Färskost o kvarg,0.0,g
75,Kvarg färskost fett 1%,"Zink, Zn",Färskost o kvarg,0.4,mg
75,Kvarg färskost fett 1%,Vitamin E,Färskost o kvarg,0.0,mg
75,Kvarg färskost fett 1%,Vitamin D,Färskost o kvarg,0.01,µg
75,Kvarg färskost fett 1%,Vitamin C,Färskost o kvarg,0.0,mg
75,Kvarg färskost fett 1%,Vitamin B6,Färskost o kvarg,0.04,mg
75,Kvarg färskost fett 1%,Vitamin B12,Färskost o kvarg,0.7,µg
75,Kvarg färskost fett 1%,Vitamin A,Färskost o kvarg,8.7,RE/µg
75,Kvarg färskost fett 1%,Vatten,Färskost o kvarg,82.0,g
75,Kvarg färskost fett 1%,Tiamin,Färskost o kvarg,0.04,mg
75,Kvarg färskost fett 1%,Tillsatt socker,Färskost o kvarg,0.0,g
75,Kvarg färskost fett 1%,Fritt socker,Färskost o kvarg,0.0,g
75,Kvarg färskost fett 1%,"Selen, Se",Färskost o kvarg,4.0,µg
75,Kvarg färskost fett 1%,Sackaros,Färskost o kvarg,0.0,g
75,Kvarg färskost fett 1%,Riboflavin,Färskost o kvarg,0.15,mg
75,Kvarg färskost fett 1%,Retinol,Färskost o kvarg,8.3,µg
75,Kvarg färskost fett 1%,Protein,Färskost o kvarg,12.7,g
75,Kvarg färskost fett 1%,Summa fleromättade fettsyror,Färskost o kvarg,0.0,g
75,Kvarg färskost fett 1%,"Fosfor, P",Färskost o kvarg,180.0,mg
75,Kvarg färskost fett 1%,Niacinekvivalenter,Färskost o kvarg,3.03,NE/mg
75,Kvarg färskost fett 1%,Niacin,Färskost o kvarg,0.07,mg
75,Kvarg färskost fett 1%,"Salt, NaCl",Färskost o kvarg,0.1,g
75,Kvarg färskost fett 1%,"Natrium, Na",Färskost o kvarg,38.0,mg
75,Kvarg färskost fett 1%,Monosackarider,Färskost o kvarg,0.0,g
75,Kvarg färskost fett 1%,"Sockerarter, totalt",Färskost o kvarg,2.9,g
75,Kvarg färskost fett 1%,Summa enkelomättade fettsyror,Färskost o kvarg,0.2,g
75,Kvarg färskost fett 1%,"Magnesium, Mg",Färskost o kvarg,11.0,mg
75,Kvarg färskost fett 1%,Summa mättade fettsyror,Färskost o kvarg,0.7,g
75,Kvarg färskost fett 1%,"Kolhydrater, tillgängliga",Färskost o kvarg,3.6,g
75,Kvarg färskost fett 1%,Kolesterol,Färskost o kvarg,4.6,mg
75,Kvarg färskost fett 1%,"Kalium, K",Färskost o kvarg,151.0,mg
75,Kvarg färskost fett 1%,"Jod, I",Färskost o kvarg,15.0,µg
75,Kvarg färskost fett 1%,Fullkorn totalt,Färskost o kvarg,0.0,g
75,Kvarg färskost fett 1%,"Folat, totalt",Färskost o kvarg,12.0,µg
75,Kvarg färskost fett 1%,Fibrer,Färskost o kvarg,0.0,g
75,Kvarg färskost fett 1%,"Fett, totalt",Färskost o kvarg,1.0,g
75,Kvarg färskost fett 1%,"Järn, Fe",Färskost o kvarg,0.1,mg
75,Kvarg färskost fett 1%,Energi (kJ),Färskost o kvarg,314.0,kJ
75,Kvarg färskost fett 1%,Energi (kcal),Färskost o kvarg,75.0,kcal
75,Kvarg färskost fett 1%,Disackarider,Färskost o kvarg,2.9,g
75,Kvarg färskost fett 1%,"Kalcium, Ca",Färskost o kvarg,107.0,mg
75,Kvarg färskost fett 1%,Fettsyra 4:0-10:0,Färskost o kvarg,0.1,g
75,Kvarg färskost fett 1%,DHA (C22:6),Färskost o kvarg,0.0,g
75,Kvarg färskost fett 1%,DPA (C22:5),Färskost o kvarg,0.0,g
75,Kvarg färskost fett 1%,EPA (C20:5),Färskost o kvarg,0.0,g
75,Kvarg färskost fett 1%,Arakidonsyra C20:4,Färskost o kvarg,0.0,g
75,Kvarg färskost fett 1%,Arakidinsyra C20:0,Färskost o kvarg,0.0,g
75,Kvarg färskost fett 1%,Linolensyra C18:3,Färskost o kvarg,0.0,g
75,Kvarg färskost fett 1%,Linolsyra C18:2,Färskost o kvarg,0.0,g
75,Kvarg färskost fett 1%,Oljesyra C18:1,Färskost o kvarg,0.2,g
75,Kvarg färskost fett 1%,Stearinsyra C18:0,Färskost o kvarg,0.1,g
75,Kvarg färskost fett 1%,Palmitoljesyra C16:1,Färskost o kvarg,0.0,g
75,Kvarg färskost fett 1%,Palmitinsyra C16:0,Färskost o kvarg,0.3,g
75,Kvarg färskost fett 1%,Myristinsyra C14:0,Färskost o kvarg,0.1,g
75,Kvarg färskost fett 1%,Laurinsyra C12:0,Färskost o kvarg,0.0,g
75,Kvarg färskost fett 1%,Betakaroten/β-Karoten,Färskost o kvarg,5.0,µg
75,Kvarg färskost fett 1%,Avfall (skal etc.),Färskost o kvarg,0.0,%
75,Kvarg färskost fett 1%,Aska,Färskost o kvarg,0.7,g
75,Kvarg färskost fett 1%,Alkohol,Färskost o kvarg,0.0,g
76,Kvarg färskost fett 10%,"Zink, Zn",Färskost o kvarg,0.4,mg
76,Kvarg färskost fett 10%,Vitamin E,Färskost o kvarg,0.0,mg
76,Kvarg färskost fett 10%,Vitamin D,Färskost o kvarg,0.01,µg
76,Kvarg färskost fett 10%,Vitamin C,Färskost o kvarg,0.0,mg
76,Kvarg färskost fett 10%,Vitamin B6,Färskost o kvarg,0.04,mg
76,Kvarg färskost fett 10%,Vitamin B12,Färskost o kvarg,0.7,µg
76,Kvarg färskost fett 10%,Vitamin A,Färskost o kvarg,12.1,RE/µg
76,Kvarg färskost fett 10%,Vatten,Färskost o kvarg,73.7,g
76,Kvarg färskost fett 10%,Tiamin,Färskost o kvarg,0.04,mg
76,Kvarg färskost fett 10%,Tillsatt socker,Färskost o kvarg,0.0,g
76,Kvarg färskost fett 10%,Fritt socker,Färskost o kvarg,0.0,g
76,Kvarg färskost fett 10%,"Selen, Se",Färskost o kvarg,4.0,µg
76,Kvarg färskost fett 10%,Sackaros,Färskost o kvarg,0.0,g
76,Kvarg färskost fett 10%,Riboflavin,Färskost o kvarg,0.15,mg
76,Kvarg färskost fett 10%,Retinol,Färskost o kvarg,8.3,µg
76,Kvarg färskost fett 10%,Protein,Färskost o kvarg,12.7,g
76,Kvarg färskost fett 10%,Summa fleromättade fettsyror,Färskost o kvarg,0.2,g
76,Kvarg färskost fett 10%,"Fosfor, P",Färskost o kvarg,180.0,mg
76,Kvarg färskost fett 10%,Niacinekvivalenter,Färskost o kvarg,3.03,NE/mg
76,Kvarg färskost fett 10%,Niacin,Färskost o kvarg,0.07,mg
76,Kvarg färskost fett 10%,"Salt, NaCl",Färskost o kvarg,0.1,g
76,Kvarg färskost fett 10%,"Natrium, Na",Färskost o kvarg,38.0,mg
76,Kvarg färskost fett 10%,Monosackarider,Färskost o kvarg,0.1,g
76,Kvarg färskost fett 10%,"Sockerarter, totalt",Färskost o kvarg,3.0,g
76,Kvarg färskost fett 10%,Summa enkelomättade fettsyror,Färskost o kvarg,2.3,g
76,Kvarg färskost fett 10%,"Magnesium, Mg",Färskost o kvarg,11.0,mg
76,Kvarg färskost fett 10%,Summa mättade fettsyror,Färskost o kvarg,6.6,g
76,Kvarg färskost fett 10%,"Kolhydrater, tillgängliga",Färskost o kvarg,2.9,g
76,Kvarg färskost fett 10%,Kolesterol,Färskost o kvarg,32.0,mg
76,Kvarg färskost fett 10%,"Kalium, K",Färskost o kvarg,151.0,mg
76,Kvarg färskost fett 10%,"Jod, I",Färskost o kvarg,15.0,µg
76,Kvarg färskost fett 10%,Fullkorn totalt,Färskost o kvarg,0.0,g
76,Kvarg färskost fett 10%,"Folat, totalt",Färskost o kvarg,11.0,µg
76,Kvarg färskost fett 10%,Fibrer,Färskost o kvarg,0.0,g
76,Kvarg färskost fett 10%,"Fett, totalt",Färskost o kvarg,10.0,g
76,Kvarg färskost fett 10%,"Järn, Fe",Färskost o kvarg,0.1,mg
76,Kvarg färskost fett 10%,Energi (kJ),Färskost o kvarg,635.0,kJ
76,Kvarg färskost fett 10%,Energi (kcal),Färskost o kvarg,152.0,kcal
76,Kvarg färskost fett 10%,Disackarider,Färskost o kvarg,2.9,g
76,Kvarg färskost fett 10%,"Kalcium, Ca",Färskost o kvarg,107.0,mg
76,Kvarg färskost fett 10%,Fettsyra 4:0-10:0,Färskost o kvarg,1.0,g
76,Kvarg färskost fett 10%,DHA (C22:6),Färskost o kvarg,0.0,g
76,Kvarg färskost fett 10%,DPA (C22:5),Färskost o kvarg,0.0,g
76,Kvarg färskost fett 10%,EPA (C20:5),Färskost o kvarg,0.0,g
76,Kvarg färskost fett 10%,Arakidonsyra C20:4,Färskost o kvarg,0.0,g
76,Kvarg färskost fett 10%,Arakidinsyra C20:0,Färskost o kvarg,0.0,g
76,Kvarg färskost fett 10%,Linolensyra C18:3,Färskost o kvarg,0.1,g
76,Kvarg färskost fett 10%,Linolsyra C18:2,Färskost o kvarg,0.2,g
76,Kvarg färskost fett 10%,Oljesyra C18:1,Färskost o kvarg,2.2,g
76,Kvarg färskost fett 10%,Stearinsyra C18:0,Färskost o kvarg,1.2,g
76,Kvarg färskost fett 10%,Palmitoljesyra C16:1,Färskost o kvarg,0.1,g
76,Kvarg färskost fett 10%,Palmitinsyra C16:0,Färskost o kvarg,2.9,g
76,Kvarg färskost fett 10%,Myristinsyra C14:0,Färskost o kvarg,1.0,g
76,Kvarg färskost fett 10%,Laurinsyra C12:0,Färskost o kvarg,0.3,g
76,Kvarg färskost fett 10%,Betakaroten/β-Karoten,Färskost o kvarg,46.0,µg
76,Kvarg färskost fett 10%,Avfall (skal etc.),Färskost o kvarg,0.0,%
76,Kvarg färskost fett 10%,Aska,Färskost o kvarg,0.7,g
76,Kvarg färskost fett 10%,Alkohol,Färskost o kvarg,0.0,g
77,Ost hårdost fett 10%,"Zink, Zn",Hård ost mm,4.0,mg
77,Ost hårdost fett 10%,Vitamin E,Hård ost mm,0.2,mg
77,Ost hårdost fett 10%,Vitamin D,Hård ost mm,0.07,µg
77,Ost hårdost fett 10%,Vitamin C,Hård ost mm,0.0,mg
77,Ost hårdost fett 10%,Vitamin B6,Hård ost mm,0.06,mg
77,Ost hårdost fett 10%,Vitamin B12,Hård ost mm,1.9,µg
77,Ost hårdost fett 10%,Vitamin A,Hård ost mm,91.0,RE/µg
77,Ost hårdost fett 10%,Vatten,Hård ost mm,51.3,g
77,Ost hårdost fett 10%,Tiamin,Hård ost mm,0.03,mg
77,Ost hårdost fett 10%,Tillsatt socker,Hård ost mm,0.0,g
77,Ost hårdost fett 10%,Fritt socker,Hård ost mm,0.0,g
77,Ost hårdost fett 10%,"Selen, Se",Hård ost mm,11.8,µg
77,Ost hårdost fett 10%,Sackaros,Hård ost mm,0.0,g
77,Ost hårdost fett 10%,Riboflavin,Hård ost mm,0.38,mg
77,Ost hårdost fett 10%,Retinol,Hård ost mm,83.0,µg
77,Ost hårdost fett 10%,Protein,Hård ost mm,32.4,g
77,Ost hårdost fett 10%,Summa fleromättade fettsyror,Hård ost mm,0.2,g
77,Ost hårdost fett 10%,"Fosfor, P",Hård ost mm,660.0,mg
77,Ost hårdost fett 10%,Niacinekvivalenter,Hård ost mm,7.62,NE/mg
77,Ost hårdost fett 10%,Niacin,Hård ost mm,0.06,mg
77,Ost hårdost fett 10%,"Salt, NaCl",Hård ost mm,1.1,g
77,Ost hårdost fett 10%,"Natrium, Na",Hård ost mm,430.0,mg
77,Ost hårdost fett 10%,Monosackarider,Hård ost mm,0.0,g
77,Ost hårdost fett 10%,"Sockerarter, totalt",Hård ost mm,0.0,g
77,Ost hårdost fett 10%,Summa enkelomättade fettsyror,Hård ost mm,2.3,g
77,Ost hårdost fett 10%,"Magnesium, Mg",Hård ost mm,40.0,mg
77,Ost hårdost fett 10%,Summa mättade fettsyror,Hård ost mm,6.6,g
77,Ost hårdost fett 10%,"Kolhydrater, tillgängliga",Hård ost mm,1.5,g
77,Ost hårdost fett 10%,Kolesterol,Hård ost mm,29.0,mg
77,Ost hårdost fett 10%,"Kalium, K",Hård ost mm,110.0,mg
77,Ost hårdost fett 10%,"Jod, I",Hård ost mm,21.0,µg
77,Ost hårdost fett 10%,Fullkorn totalt,Hård ost mm,0.0,g
77,Ost hårdost fett 10%,"Folat, totalt",Hård ost mm,43.0,µg
77,Ost hårdost fett 10%,Fibrer,Hård ost mm,0.0,g
77,Ost hårdost fett 10%,"Fett, totalt",Hård ost mm,10.0,g
77,Ost hårdost fett 10%,"Järn, Fe",Hård ost mm,0.2,mg
77,Ost hårdost fett 10%,Energi (kJ),Hård ost mm,946.0,kJ
77,Ost hårdost fett 10%,Energi (kcal),Hård ost mm,226.0,kcal
77,Ost hårdost fett 10%,Disackarider,Hård ost mm,0.0,g
77,Ost hårdost fett 10%,"Kalcium, Ca",Hård ost mm,970.0,mg
77,Ost hårdost fett 10%,Fettsyra 4:0-10:0,Hård ost mm,1.0,g
77,Ost hårdost fett 10%,DHA (C22:6),Hård ost mm,0.0,g
77,Ost hårdost fett 10%,DPA (C22:5),Hård ost mm,0.0,g
77,Ost hårdost fett 10%,EPA (C20:5),Hård ost mm,0.0,g
77,Ost hårdost fett 10%,Arakidonsyra C20:4,Hård ost mm,0.0,g
77,Ost hårdost fett 10%,Arakidinsyra C20:0,Hård ost mm,0.0,g
77,Ost hårdost fett 10%,Linolensyra C18:3,Hård ost mm,0.1,g
77,Ost hårdost fett 10%,Linolsyra C18:2,Hård ost mm,0.2,g
77,Ost hårdost fett 10%,Oljesyra C18:1,Hård ost mm,2.2,g
77,Ost hårdost fett 10%,Stearinsyra C18:0,Hård ost mm,1.2,g
77,Ost hårdost fett 10%,Palmitoljesyra C16:1,Hård ost mm,0.1,g
77,Ost hårdost fett 10%,Palmitinsyra C16:0,Hård ost mm,2.9,g
77,Ost hårdost fett 10%,Myristinsyra C14:0,Hård ost mm,1.0,g
77,Ost hårdost fett 10%,Laurinsyra C12:0,Hård ost mm,0.3,g
77,Ost hårdost fett 10%,Betakaroten/β-Karoten,Hård ost mm,46.0,µg
77,Ost hårdost fett 10%,Avfall (skal etc.),Hård ost mm,0.0,%
77,Ost hårdost fett 10%,Aska,Hård ost mm,4.8,g
77,Ost hårdost fett 10%,Alkohol,Hård ost mm,0.0,g
78,Ost hårdost fett 23%,"Zink, Zn",Hård ost mm,3.5,mg
78,Ost hårdost fett 23%,Vitamin E,Hård ost mm,0.5,mg
78,Ost hårdost fett 23%,Vitamin D,Hård ost mm,0.16,µg
78,Ost hårdost fett 23%,Vitamin C,Hård ost mm,0.0,mg
78,Ost hårdost fett 23%,Vitamin B6,Hård ost mm,0.05,mg
78,Ost hårdost fett 23%,Vitamin B12,Hård ost mm,1.6,µg
78,Ost hårdost fett 23%,Vitamin A,Hård ost mm,210.0,RE/µg
78,Ost hårdost fett 23%,Vatten,Hård ost mm,43.0,g
78,Ost hårdost fett 23%,Tiamin,Hård ost mm,0.03,mg
78,Ost hårdost fett 23%,Tillsatt socker,Hård ost mm,0.0,g
78,Ost hårdost fett 23%,Fritt socker,Hård ost mm,0.0,g
78,Ost hårdost fett 23%,"Selen, Se",Hård ost mm,10.4,µg
78,Ost hårdost fett 23%,Sackaros,Hård ost mm,0.0,g
78,Ost hårdost fett 23%,Riboflavin,Hård ost mm,0.32,mg
78,Ost hårdost fett 23%,Retinol,Hård ost mm,192.0,µg
78,Ost hårdost fett 23%,Protein,Hård ost mm,29.2,g
78,Ost hårdost fett 23%,Summa fleromättade fettsyror,Hård ost mm,0.5,g
78,Ost hårdost fett 23%,"Fosfor, P",Hård ost mm,550.0,mg
78,Ost hårdost fett 23%,Niacinekvivalenter,Hård ost mm,6.9,NE/mg
78,Ost hårdost fett 23%,Niacin,Hård ost mm,0.05,mg
78,Ost hårdost fett 23%,"Salt, NaCl",Hård ost mm,1.2,g
78,Ost hårdost fett 23%,"Natrium, Na",Hård ost mm,470.0,mg
78,Ost hårdost fett 23%,Monosackarider,Hård ost mm,0.0,g
78,Ost hårdost fett 23%,"Sockerarter, totalt",Hård ost mm,0.0,g
78,Ost hårdost fett 23%,Summa enkelomättade fettsyror,Hård ost mm,5.4,g
78,Ost hårdost fett 23%,"Magnesium, Mg",Hård ost mm,33.0,mg
78,Ost hårdost fett 23%,Summa mättade fettsyror,Hård ost mm,15.1,g
78,Ost hårdost fett 23%,"Kolhydrater, tillgängliga",Hård ost mm,0.8,g
78,Ost hårdost fett 23%,Kolesterol,Hård ost mm,65.0,mg
78,Ost hårdost fett 23%,"Kalium, K",Hård ost mm,91.0,mg
78,Ost hårdost fett 23%,"Jod, I",Hård ost mm,17.0,µg
78,Ost hårdost fett 23%,Fullkorn totalt,Hård ost mm,0.0,g
78,Ost hårdost fett 23%,"Folat, totalt",Hård ost mm,36.0,µg
78,Ost hårdost fett 23%,Fibrer,Hård ost mm,0.0,g
78,Ost hårdost fett 23%,"Fett, totalt",Hård ost mm,23.0,g
78,Ost hårdost fett 23%,"Järn, Fe",Hård ost mm,0.2,mg
78,Ost hårdost fett 23%,Energi (kJ),Hård ost mm,1361.0,kJ
78,Ost hårdost fett 23%,Energi (kcal),Hård ost mm,325.0,kcal
78,Ost hårdost fett 23%,Disackarider,Hård ost mm,0.0,g
78,Ost hårdost fett 23%,"Kalcium, Ca",Hård ost mm,810.0,mg
78,Ost hårdost fett 23%,Fettsyra 4:0-10:0,Hård ost mm,2.4,g
78,Ost hårdost fett 23%,DHA (C22:6),Hård ost mm,0.0,g
78,Ost hårdost fett 23%,DPA (C22:5),Hård ost mm,0.0,g
78,Ost hårdost fett 23%,EPA (C20:5),Hård ost mm,0.0,g
78,Ost hårdost fett 23%,Arakidonsyra C20:4,Hård ost mm,0.0,g
78,Ost hårdost fett 23%,Arakidinsyra C20:0,Hård ost mm,0.0,g
78,Ost hårdost fett 23%,Linolensyra C18:3,Hård ost mm,0.2,g
78,Ost hårdost fett 23%,Linolsyra C18:2,Hård ost mm,0.4,g
78,Ost hårdost fett 23%,Oljesyra C18:1,Hård ost mm,5.0,g
78,Ost hårdost fett 23%,Stearinsyra C18:0,Hård ost mm,2.6,g
78,Ost hårdost fett 23%,Palmitoljesyra C16:1,Hård ost mm,0.2,g
78,Ost hårdost fett 23%,Palmitinsyra C16:0,Hård ost mm,6.6,g
78,Ost hårdost fett 23%,Myristinsyra C14:0,Hård ost mm,2.4,g
78,Ost hårdost fett 23%,Laurinsyra C12:0,Hård ost mm,0.7,g
78,Ost hårdost fett 23%,Betakaroten/β-Karoten,Hård ost mm,106.0,µg
78,Ost hårdost fett 23%,Avfall (skal etc.),Hård ost mm,0.0,%
78,Ost hårdost fett 23%,Aska,Hård ost mm,4.0,g
78,Ost hårdost fett 23%,Alkohol,Hård ost mm,0.0,g
79,Ost hårdost fett 26%,"Zink, Zn",Hård ost mm,3.0,mg
79,Ost hårdost fett 26%,Vitamin E,Hård ost mm,0.6,mg
79,Ost hårdost fett 26%,Vitamin D,Hård ost mm,0.18,µg
79,Ost hårdost fett 26%,Vitamin C,Hård ost mm,0.0,mg
79,Ost hårdost fett 26%,Vitamin B6,Hård ost mm,0.05,mg
79,Ost hårdost fett 26%,Vitamin B12,Hård ost mm,1.6,µg
79,Ost hårdost fett 26%,Vitamin A,Hård ost mm,227.0,RE/µg
79,Ost hårdost fett 26%,Vatten,Hård ost mm,43.6,g
79,Ost hårdost fett 26%,Tiamin,Hård ost mm,0.03,mg
79,Ost hårdost fett 26%,Tillsatt socker,Hård ost mm,0.0,g
79,Ost hårdost fett 26%,Fritt socker,Hård ost mm,0.0,g
79,Ost hårdost fett 26%,"Selen, Se",Hård ost mm,9.1,µg
79,Ost hårdost fett 26%,Sackaros,Hård ost mm,0.0,g
79,Ost hårdost fett 26%,Riboflavin,Hård ost mm,0.32,mg
79,Ost hårdost fett 26%,Retinol,Hård ost mm,217.0,µg
79,Ost hårdost fett 26%,Protein,Hård ost mm,24.9,g
79,Ost hårdost fett 26%,Summa fleromättade fettsyror,Hård ost mm,0.7,g
79,Ost hårdost fett 26%,"Fosfor, P",Hård ost mm,530.0,mg
79,Ost hårdost fett 26%,Niacinekvivalenter,Hård ost mm,5.5,NE/mg
79,Ost hårdost fett 26%,Niacin,Hård ost mm,0.05,mg
79,Ost hårdost fett 26%,"Salt, NaCl",Hård ost mm,1.0,g
79,Ost hårdost fett 26%,"Natrium, Na",Hård ost mm,390.0,mg
79,Ost hårdost fett 26%,Monosackarider,Hård ost mm,0.0,g
79,Ost hårdost fett 26%,"Sockerarter, totalt",Hård ost mm,0.0,g
79,Ost hårdost fett 26%,Summa enkelomättade fettsyror,Hård ost mm,6.1,g
79,Ost hårdost fett 26%,"Magnesium, Mg",Hård ost mm,32.0,mg
79,Ost hårdost fett 26%,Summa mättade fettsyror,Hård ost mm,17.0,g
79,Ost hårdost fett 26%,"Kolhydrater, tillgängliga",Hård ost mm,1.4,g
79,Ost hårdost fett 26%,Kolesterol,Hård ost mm,73.0,mg
79,Ost hårdost fett 26%,"Kalium, K",Hård ost mm,92.0,mg
79,Ost hårdost fett 26%,"Jod, I",Hård ost mm,12.0,µg
79,Ost hårdost fett 26%,Fullkorn totalt,Hård ost mm,0.0,g
79,Ost hårdost fett 26%,"Folat, totalt",Hård ost mm,34.0,µg
79,Ost hårdost fett 26%,Fibrer,Hård ost mm,0.0,g
79,Ost hårdost fett 26%,"Fett, totalt",Hård ost mm,26.0,g
79,Ost hårdost fett 26%,"Järn, Fe",Hård ost mm,0.1,mg
79,Ost hårdost fett 26%,Energi (kJ),Hård ost mm,1409.0,kJ
79,Ost hårdost fett 26%,Energi (kcal),Hård ost mm,337.0,kcal
79,Ost hårdost fett 26%,Disackarider,Hård ost mm,0.0,g
79,Ost hårdost fett 26%,"Kalcium, Ca",Hård ost mm,770.0,mg
79,Ost hårdost fett 26%,Fettsyra 4:0-10:0,Hård ost mm,2.7,g
79,Ost hårdost fett 26%,DHA (C22:6),Hård ost mm,0.0,g
79,Ost hårdost fett 26%,DPA (C22:5),Hård ost mm,0.0,g
79,Ost hårdost fett 26%,EPA (C20:5),Hård ost mm,0.0,g
79,Ost hårdost fett 26%,Arakidonsyra C20:4,Hård ost mm,0.0,g
79,Ost hårdost fett 26%,Arakidinsyra C20:0,Hård ost mm,0.0,g
79,Ost hårdost fett 26%,Linolensyra C18:3,Hård ost mm,0.2,g
79,Ost hårdost fett 26%,Linolsyra C18:2,Hård ost mm,0.4,g
79,Ost hårdost fett 26%,Oljesyra C18:1,Hård ost mm,5.6,g
79,Ost hårdost fett 26%,Stearinsyra C18:0,Hård ost mm,3.0,g
79,Ost hårdost fett 26%,Palmitoljesyra C16:1,Hård ost mm,0.2,g
79,Ost hårdost fett 26%,Palmitinsyra C16:0,Hård ost mm,7.5,g
79,Ost hårdost fett 26%,Myristinsyra C14:0,Hård ost mm,2.7,g
79,Ost hårdost fett 26%,Laurinsyra C12:0,Hård ost mm,0.8,g
79,Ost hårdost fett 26%,Betakaroten/β-Karoten,Hård ost mm,120.0,µg
79,Ost hårdost fett 26%,Avfall (skal etc.),Hård ost mm,0.0,%
79,Ost hårdost fett 26%,Aska,Hård ost mm,4.1,g
79,Ost hårdost fett 26%,Alkohol,Hård ost mm,0.0,g
80,Ost hårdost fett 38%,"Zink, Zn",Hård ost mm,2.8,mg
80,Ost hårdost fett 38%,Vitamin E,Hård ost mm,0.9,mg
80,Ost hårdost fett 38%,Vitamin D,Hård ost mm,0.0,µg
80,Ost hårdost fett 38%,Vitamin C,Hård ost mm,0.0,mg
80,Ost hårdost fett 38%,Vitamin B6,Hård ost mm,0.03,mg
80,Ost hårdost fett 38%,Vitamin B12,Hård ost mm,1.22,µg
80,Ost hårdost fett 38%,Vitamin A,Hård ost mm,323.8,RE/µg
80,Ost hårdost fett 38%,Vatten,Hård ost mm,38.4,g
80,Ost hårdost fett 38%,Tiamin,Hård ost mm,0.0,mg
80,Ost hårdost fett 38%,Tillsatt socker,Hård ost mm,0.0,g
80,Ost hårdost fett 38%,Fritt socker,Hård ost mm,0.0,g
80,Ost hårdost fett 38%,"Selen, Se",Hård ost mm,9.9,µg
80,Ost hårdost fett 38%,Sackaros,Hård ost mm,0.0,g
80,Ost hårdost fett 38%,Riboflavin,Hård ost mm,0.21,mg
80,Ost hårdost fett 38%,Retinol,Hård ost mm,314.0,µg
80,Ost hårdost fett 38%,Protein,Hård ost mm,19.2,g
80,Ost hårdost fett 38%,Summa fleromättade fettsyror,Hård ost mm,1.3,g
80,Ost hårdost fett 38%,"Fosfor, P",Hård ost mm,390.0,mg
80,Ost hårdost fett 38%,Niacinekvivalenter,Hård ost mm,4.5,NE/mg
80,Ost hårdost fett 38%,Niacin,Hård ost mm,0.0,mg
80,Ost hårdost fett 38%,"Salt, NaCl",Hård ost mm,1.5,g
80,Ost hårdost fett 38%,"Natrium, Na",Hård ost mm,590.0,mg
80,Ost hårdost fett 38%,Monosackarider,Hård ost mm,0.0,g
80,Ost hårdost fett 38%,"Sockerarter, totalt",Hård ost mm,0.0,g
80,Ost hårdost fett 38%,Summa enkelomättade fettsyror,Hård ost mm,10.5,g
80,Ost hårdost fett 38%,"Magnesium, Mg",Hård ost mm,24.0,mg
80,Ost hårdost fett 38%,Summa mättade fettsyror,Hård ost mm,24.0,g
80,Ost hårdost fett 38%,"Kolhydrater, tillgängliga",Hård ost mm,1.0,g
80,Ost hårdost fett 38%,Kolesterol,Hård ost mm,109.0,mg
80,Ost hårdost fett 38%,"Kalium, K",Hård ost mm,58.0,mg
80,Ost hårdost fett 38%,"Jod, I",Hård ost mm,11.0,µg
80,Ost hårdost fett 38%,Fullkorn totalt,Hård ost mm,0.0,g
80,Ost hårdost fett 38%,"Folat, totalt",Hård ost mm,28.0,µg
80,Ost hårdost fett 38%,Fibrer,Hård ost mm,0.0,g
80,Ost hårdost fett 38%,"Fett, totalt",Hård ost mm,38.2,g
80,Ost hårdost fett 38%,"Järn, Fe",Hård ost mm,0.1,mg
80,Ost hårdost fett 38%,Energi (kJ),Hård ost mm,1757.0,kJ
80,Ost hårdost fett 38%,Energi (kcal),Hård ost mm,420.0,kcal
80,Ost hårdost fett 38%,Disackarider,Hård ost mm,0.0,g
80,Ost hårdost fett 38%,"Kalcium, Ca",Hård ost mm,560.0,mg
80,Ost hårdost fett 38%,Fettsyra 4:0-10:0,Hård ost mm,2.6,g
80,Ost hårdost fett 38%,DHA (C22:6),Hård ost mm,0.0,g
80,Ost hårdost fett 38%,DPA (C22:5),Hård ost mm,0.0,g
80,Ost hårdost fett 38%,EPA (C20:5),Hård ost mm,0.0,g
80,Ost hårdost fett 38%,Arakidonsyra C20:4,Hård ost mm,0.0,g
80,Ost hårdost fett 38%,Arakidinsyra C20:0,Hård ost mm,0.0,g
80,Ost hårdost fett 38%,Linolensyra C18:3,Hård ost mm,0.2,g
80,Ost hårdost fett 38%,Linolsyra C18:2,Hård ost mm,1.0,g
80,Ost hårdost fett 38%,Oljesyra C18:1,Hård ost mm,9.1,g
80,Ost hårdost fett 38%,Stearinsyra C18:0,Hård ost mm,3.4,g
80,Ost hårdost fett 38%,Palmitoljesyra C16:1,Hård ost mm,0.7,g
80,Ost hårdost fett 38%,Palmitinsyra C16:0,Hård ost mm,11.2,g
80,Ost hårdost fett 38%,Myristinsyra C14:0,Hård ost mm,4.1,g
80,Ost hårdost fett 38%,Laurinsyra C12:0,Hård ost mm,1.4,g
80,Ost hårdost fett 38%,Betakaroten/β-Karoten,Hård ost mm,117.0,µg
80,Ost hårdost fett 38%,Avfall (skal etc.),Hård ost mm,0.0,%
80,Ost hårdost fett 38%,Aska,Hård ost mm,3.2,g
80,Ost hårdost fett 38%,Alkohol,Hård ost mm,0.0,g
81,Vitmögelost camembert fett ca 22%,"Zink, Zn",Dessertost,2.5,mg
81,Vitmögelost camembert fett ca 22%,Vitamin E,Dessertost,0.5,mg
81,Vitmögelost camembert fett ca 22%,Vitamin D,Dessertost,0.0,µg
81,Vitmögelost camembert fett ca 22%,Vitamin C,Dessertost,0.0,mg
81,Vitmögelost camembert fett ca 22%,Vitamin B6,Dessertost,0.22,mg
81,Vitmögelost camembert fett ca 22%,Vitamin B12,Dessertost,0.85,µg
81,Vitmögelost camembert fett ca 22%,Vitamin A,Dessertost,208.1,RE/µg
81,Vitmögelost camembert fett ca 22%,Vatten,Dessertost,54.0,g
81,Vitmögelost camembert fett ca 22%,Tiamin,Dessertost,0.02,mg
81,Vitmögelost camembert fett ca 22%,Tillsatt socker,Dessertost,0.0,g
81,Vitmögelost camembert fett ca 22%,Fritt socker,Dessertost,0.0,g
81,Vitmögelost camembert fett ca 22%,"Selen, Se",Dessertost,10.0,µg
81,Vitmögelost camembert fett ca 22%,Sackaros,Dessertost,0.0,g
81,Vitmögelost camembert fett ca 22%,Riboflavin,Dessertost,0.54,mg
81,Vitmögelost camembert fett ca 22%,Retinol,Dessertost,204.0,µg
81,Vitmögelost camembert fett ca 22%,Protein,Dessertost,19.3,g
81,Vitmögelost camembert fett ca 22%,Summa fleromättade fettsyror,Dessertost,0.7,g
81,Vitmögelost camembert fett ca 22%,"Fosfor, P",Dessertost,350.0,mg
81,Vitmögelost camembert fett ca 22%,Niacinekvivalenter,Dessertost,5.8,NE/mg
81,Vitmögelost camembert fett ca 22%,Niacin,Dessertost,1.26,mg
81,Vitmögelost camembert fett ca 22%,"Salt, NaCl",Dessertost,1.2,g
81,Vitmögelost camembert fett ca 22%,"Natrium, Na",Dessertost,490.0,mg
81,Vitmögelost camembert fett ca 22%,Monosackarider,Dessertost,0.1,g
81,Vitmögelost camembert fett ca 22%,"Sockerarter, totalt",Dessertost,0.1,g
81,Vitmögelost camembert fett ca 22%,Summa enkelomättade fettsyror,Dessertost,5.6,g
81,Vitmögelost camembert fett ca 22%,"Magnesium, Mg",Dessertost,19.0,mg
81,Vitmögelost camembert fett ca 22%,Summa mättade fettsyror,Dessertost,14.2,g
81,Vitmögelost camembert fett ca 22%,"Kolhydrater, tillgängliga",Dessertost,1.9,g
81,Vitmögelost camembert fett ca 22%,Kolesterol,Dessertost,71.6,mg
81,Vitmögelost camembert fett ca 22%,"Kalium, K",Dessertost,110.0,mg
81,Vitmögelost camembert fett ca 22%,"Jod, I",Dessertost,33.0,µg
81,Vitmögelost camembert fett ca 22%,Fullkorn totalt,Dessertost,0.0,g
81,Vitmögelost camembert fett ca 22%,"Folat, totalt",Dessertost,62.0,µg
81,Vitmögelost camembert fett ca 22%,Fibrer,Dessertost,0.0,g
81,Vitmögelost camembert fett ca 22%,"Fett, totalt",Dessertost,21.9,g
81,Vitmögelost camembert fett ca 22%,"Järn, Fe",Dessertost,0.1,mg
81,Vitmögelost camembert fett ca 22%,Energi (kJ),Dessertost,1171.0,kJ
81,Vitmögelost camembert fett ca 22%,Energi (kcal),Dessertost,280.0,kcal
81,Vitmögelost camembert fett ca 22%,Disackarider,Dessertost,0.0,g
81,Vitmögelost camembert fett ca 22%,"Kalcium, Ca",Dessertost,450.0,mg
81,Vitmögelost camembert fett ca 22%,Fettsyra 4:0-10:0,Dessertost,1.4,g
81,Vitmögelost camembert fett ca 22%,DHA (C22:6),Dessertost,0.0,g
81,Vitmögelost camembert fett ca 22%,DPA (C22:5),Dessertost,0.0,g
81,Vitmögelost camembert fett ca 22%,EPA (C20:5),Dessertost,0.0,g
81,Vitmögelost camembert fett ca 22%,Arakidonsyra C20:4,Dessertost,0.0,g
81,Vitmögelost camembert fett ca 22%,Arakidinsyra C20:0,Dessertost,0.0,g
81,Vitmögelost camembert fett ca 22%,Linolensyra C18:3,Dessertost,0.1,g
81,Vitmögelost camembert fett ca 22%,Linolsyra C18:2,Dessertost,0.6,g
81,Vitmögelost camembert fett ca 22%,Oljesyra C18:1,Dessertost,4.9,g
81,Vitmögelost camembert fett ca 22%,Stearinsyra C18:0,Dessertost,2.4,g
81,Vitmögelost camembert fett ca 22%,Palmitoljesyra C16:1,Dessertost,0.4,g
81,Vitmögelost camembert fett ca 22%,Palmitinsyra C16:0,Dessertost,6.5,g
81,Vitmögelost camembert fett ca 22%,Myristinsyra C14:0,Dessertost,2.4,g
81,Vitmögelost camembert fett ca 22%,Laurinsyra C12:0,Dessertost,0.8,g
81,Vitmögelost camembert fett ca 22%,Betakaroten/β-Karoten,Dessertost,49.0,µg
81,Vitmögelost camembert fett ca 22%,Avfall (skal etc.),Dessertost,0.0,%
81,Vitmögelost camembert fett ca 22%,Aska,Dessertost,2.9,g
81,Vitmögelost camembert fett ca 22%,Alkohol,Dessertost,0.0,g
82,Ädelost blågrön mögelost fett 30%,"Zink, Zn",Dessertost,2.7,mg
82,Ädelost blågrön mögelost fett 30%,Vitamin E,Dessertost,0.7,mg
82,Ädelost blågrön mögelost fett 30%,Vitamin D,Dessertost,0.0,µg
82,Ädelost blågrön mögelost fett 30%,Vitamin C,Dessertost,0.0,mg
82,Ädelost blågrön mögelost fett 30%,Vitamin B6,Dessertost,0.13,mg
82,Ädelost blågrön mögelost fett 30%,Vitamin B12,Dessertost,0.77,µg
82,Ädelost blågrön mögelost fett 30%,Vitamin A,Dessertost,242.2,RE/µg
82,Ädelost blågrön mögelost fett 30%,Vatten,Dessertost,46.7,g
82,Ädelost blågrön mögelost fett 30%,Tiamin,Dessertost,0.0,mg
82,Ädelost blågrön mögelost fett 30%,Tillsatt socker,Dessertost,0.0,g
82,Ädelost blågrön mögelost fett 30%,Fritt socker,Dessertost,0.0,g
82,Ädelost blågrön mögelost fett 30%,"Selen, Se",Dessertost,11.0,µg
82,Ädelost blågrön mögelost fett 30%,Sackaros,Dessertost,0.0,g
82,Ädelost blågrön mögelost fett 30%,Riboflavin,Dessertost,0.34,mg
82,Ädelost blågrön mögelost fett 30%,Retinol,Dessertost,236.0,µg
82,Ädelost blågrön mögelost fett 30%,Protein,Dessertost,21.2,g
82,Ädelost blågrön mögelost fett 30%,Summa fleromättade fettsyror,Dessertost,1.0,g
82,Ädelost blågrön mögelost fett 30%,"Fosfor, P",Dessertost,360.0,mg
82,Ädelost blågrön mögelost fett 30%,Niacinekvivalenter,Dessertost,5.7,NE/mg
82,Ädelost blågrön mögelost fett 30%,Niacin,Dessertost,0.7,mg
82,Ädelost blågrön mögelost fett 30%,"Salt, NaCl",Dessertost,1.6,g
82,Ädelost blågrön mögelost fett 30%,"Natrium, Na",Dessertost,630.0,mg
82,Ädelost blågrön mögelost fett 30%,Monosackarider,Dessertost,0.1,g
82,Ädelost blågrön mögelost fett 30%,"Sockerarter, totalt",Dessertost,0.1,g
82,Ädelost blågrön mögelost fett 30%,Summa enkelomättade fettsyror,Dessertost,7.0,g
82,Ädelost blågrön mögelost fett 30%,"Magnesium, Mg",Dessertost,20.0,mg
82,Ädelost blågrön mögelost fett 30%,Summa mättade fettsyror,Dessertost,18.4,g
82,Ädelost blågrön mögelost fett 30%,"Kolhydrater, tillgängliga",Dessertost,0.2,g
82,Ädelost blågrön mögelost fett 30%,Kolesterol,Dessertost,88.0,mg
82,Ädelost blågrön mögelost fett 30%,"Kalium, K",Dessertost,82.0,mg
82,Ädelost blågrön mögelost fett 30%,"Jod, I",Dessertost,31.0,µg
82,Ädelost blågrön mögelost fett 30%,Fullkorn totalt,Dessertost,0.0,g
82,Ädelost blågrön mögelost fett 30%,"Folat, totalt",Dessertost,36.0,µg
82,Ädelost blågrön mögelost fett 30%,Fibrer,Dessertost,0.0,g
82,Ädelost blågrön mögelost fett 30%,"Fett, totalt",Dessertost,28.2,g
82,Ädelost blågrön mögelost fett 30%,"Järn, Fe",Dessertost,0.1,mg
82,Ädelost blågrön mögelost fett 30%,Energi (kJ),Dessertost,1408.0,kJ
82,Ädelost blågrön mögelost fett 30%,Energi (kcal),Dessertost,336.0,kcal
82,Ädelost blågrön mögelost fett 30%,Disackarider,Dessertost,0.0,g
82,Ädelost blågrön mögelost fett 30%,"Kalcium, Ca",Dessertost,520.0,mg
82,Ädelost blågrön mögelost fett 30%,Fettsyra 4:0-10:0,Dessertost,1.6,g
82,Ädelost blågrön mögelost fett 30%,DHA (C22:6),Dessertost,0.0,g
82,Ädelost blågrön mögelost fett 30%,DPA (C22:5),Dessertost,0.0,g
82,Ädelost blågrön mögelost fett 30%,EPA (C20:5),Dessertost,0.0,g
82,Ädelost blågrön mögelost fett 30%,Arakidonsyra C20:4,Dessertost,0.0,g
82,Ädelost blågrön mögelost fett 30%,Arakidinsyra C20:0,Dessertost,0.0,g
82,Ädelost blågrön mögelost fett 30%,Linolensyra C18:3,Dessertost,0.1,g
82,Ädelost blågrön mögelost fett 30%,Linolsyra C18:2,Dessertost,0.8,g
82,Ädelost blågrön mögelost fett 30%,Oljesyra C18:1,Dessertost,6.2,g
82,Ädelost blågrön mögelost fett 30%,Stearinsyra C18:0,Dessertost,2.8,g
82,Ädelost blågrön mögelost fett 30%,Palmitoljesyra C16:1,Dessertost,0.5,g
82,Ädelost blågrön mögelost fett 30%,Palmitinsyra C16:0,Dessertost,8.9,g
82,Ädelost blågrön mögelost fett 30%,Myristinsyra C14:0,Dessertost,3.1,g
82,Ädelost blågrön mögelost fett 30%,Laurinsyra C12:0,Dessertost,1.0,g
82,Ädelost blågrön mögelost fett 30%,Betakaroten/β-Karoten,Dessertost,74.0,µg
82,Ädelost blågrön mögelost fett 30%,Avfall (skal etc.),Dessertost,0.0,%
82,Ädelost blågrön mögelost fett 30%,Aska,Dessertost,3.7,g
82,Ädelost blågrön mögelost fett 30%,Alkohol,Dessertost,0.0,g
83,Mjukost smältost fett 8%,"Zink, Zn",Smältost,2.2,mg
83,Mjukost smältost fett 8%,Vitamin E,Smältost,0.2,mg
83,Mjukost smältost fett 8%,Vitamin D,Smältost,0.0,µg
83,Mjukost smältost fett 8%,Vitamin C,Smältost,0.0,mg
83,Mjukost smältost fett 8%,Vitamin B6,Smältost,0.02,mg
83,Mjukost smältost fett 8%,Vitamin B12,Smältost,0.6,µg
83,Mjukost smältost fett 8%,Vitamin A,Smältost,59.3,RE/µg
83,Mjukost smältost fett 8%,Vatten,Smältost,70.6,g
83,Mjukost smältost fett 8%,Tiamin,Smältost,0.0,mg
83,Mjukost smältost fett 8%,Tillsatt socker,Smältost,0.0,g
83,Mjukost smältost fett 8%,Fritt socker,Smältost,0.0,g
83,Mjukost smältost fett 8%,"Selen, Se",Smältost,7.0,µg
83,Mjukost smältost fett 8%,Sackaros,Smältost,0.0,g
83,Mjukost smältost fett 8%,Riboflavin,Smältost,0.18,mg
83,Mjukost smältost fett 8%,Retinol,Smältost,56.9,µg
83,Mjukost smältost fett 8%,Protein,Smältost,16.0,g
83,Mjukost smältost fett 8%,Summa fleromättade fettsyror,Smältost,0.2,g
83,Mjukost smältost fett 8%,"Fosfor, P",Smältost,810.0,mg
83,Mjukost smältost fett 8%,Niacinekvivalenter,Smältost,3.7,NE/mg
83,Mjukost smältost fett 8%,Niacin,Smältost,0.0,mg
83,Mjukost smältost fett 8%,"Salt, NaCl",Smältost,2.5,g
83,Mjukost smältost fett 8%,"Natrium, Na",Smältost,990.0,mg
83,Mjukost smältost fett 8%,Monosackarider,Smältost,0.0,g
83,Mjukost smältost fett 8%,"Sockerarter, totalt",Smältost,0.0,g
83,Mjukost smältost fett 8%,Summa enkelomättade fettsyror,Smältost,1.8,g
83,Mjukost smältost fett 8%,"Magnesium, Mg",Smältost,19.0,mg
83,Mjukost smältost fett 8%,Summa mättade fettsyror,Smältost,4.6,g
83,Mjukost smältost fett 8%,"Kolhydrater, tillgängliga",Smältost,1.7,g
83,Mjukost smältost fett 8%,Kolesterol,Smältost,25.1,mg
83,Mjukost smältost fett 8%,"Kalium, K",Smältost,95.0,mg
83,Mjukost smältost fett 8%,"Jod, I",Smältost,7.7,µg
83,Mjukost smältost fett 8%,Fullkorn totalt,Smältost,0.0,g
83,Mjukost smältost fett 8%,"Folat, totalt",Smältost,7.0,µg
83,Mjukost smältost fett 8%,Fibrer,Smältost,0.0,g
83,Mjukost smältost fett 8%,"Fett, totalt",Smältost,7.1,g
83,Mjukost smältost fett 8%,"Järn, Fe",Smältost,0.1,mg
83,Mjukost smältost fett 8%,Energi (kJ),Smältost,565.0,kJ
83,Mjukost smältost fett 8%,Energi (kcal),Smältost,135.0,kcal
83,Mjukost smältost fett 8%,Disackarider,Smältost,0.0,g
83,Mjukost smältost fett 8%,"Kalcium, Ca",Smältost,460.0,mg
83,Mjukost smältost fett 8%,Fettsyra 4:0-10:0,Smältost,0.5,g
83,Mjukost smältost fett 8%,DHA (C22:6),Smältost,0.0,g
83,Mjukost smältost fett 8%,DPA (C22:5),Smältost,0.0,g
83,Mjukost smältost fett 8%,EPA (C20:5),Smältost,0.0,g
83,Mjukost smältost fett 8%,Arakidonsyra C20:4,Smältost,0.0,g
83,Mjukost smältost fett 8%,Arakidinsyra C20:0,Smältost,0.0,g
83,Mjukost smältost fett 8%,Linolensyra C18:3,Smältost,0.0,g
83,Mjukost smältost fett 8%,Linolsyra C18:2,Smältost,0.2,g
83,Mjukost smältost fett 8%,Oljesyra C18:1,Smältost,1.6,g
83,Mjukost smältost fett 8%,Stearinsyra C18:0,Smältost,0.7,g
83,Mjukost smältost fett 8%,Palmitoljesyra C16:1,Smältost,0.1,g
83,Mjukost smältost fett 8%,Palmitinsyra C16:0,Smältost,2.2,g
83,Mjukost smältost fett 8%,Myristinsyra C14:0,Smältost,0.8,g
83,Mjukost smältost fett 8%,Laurinsyra C12:0,Smältost,0.2,g
83,Mjukost smältost fett 8%,Betakaroten/β-Karoten,Smältost,29.0,µg
83,Mjukost smältost fett 8%,Avfall (skal etc.),Smältost,0.0,%
83,Mjukost smältost fett 8%,Aska,Smältost,4.5,g
83,Mjukost smältost fett 8%,Alkohol,Smältost,0.0,g
84,Mjukost smältost fett 10%,"Zink, Zn",Smältost,2.2,mg
84,Mjukost smältost fett 10%,Vitamin E,Smältost,0.2,mg
84,Mjukost smältost fett 10%,Vitamin D,Smältost,0.0,µg
84,Mjukost smältost fett 10%,Vitamin C,Smältost,0.0,mg
84,Mjukost smältost fett 10%,Vitamin B6,Smältost,0.02,mg
84,Mjukost smältost fett 10%,Vitamin B12,Smältost,0.6,µg
84,Mjukost smältost fett 10%,Vitamin A,Smältost,59.3,RE/µg
84,Mjukost smältost fett 10%,Vatten,Smältost,69.4,g
84,Mjukost smältost fett 10%,Tiamin,Smältost,0.0,mg
84,Mjukost smältost fett 10%,Tillsatt socker,Smältost,0.0,g
84,Mjukost smältost fett 10%,Fritt socker,Smältost,0.0,g
84,Mjukost smältost fett 10%,"Selen, Se",Smältost,7.0,µg
84,Mjukost smältost fett 10%,Sackaros,Smältost,0.0,g
84,Mjukost smältost fett 10%,Riboflavin,Smältost,0.18,mg
84,Mjukost smältost fett 10%,Retinol,Smältost,56.9,µg
84,Mjukost smältost fett 10%,Protein,Smältost,16.0,g
84,Mjukost smältost fett 10%,Summa fleromättade fettsyror,Smältost,0.3,g
84,Mjukost smältost fett 10%,"Fosfor, P",Smältost,810.0,mg
84,Mjukost smältost fett 10%,Niacinekvivalenter,Smältost,3.7,NE/mg
84,Mjukost smältost fett 10%,Niacin,Smältost,0.0,mg
84,Mjukost smältost fett 10%,"Salt, NaCl",Smältost,2.5,g
84,Mjukost smältost fett 10%,"Natrium, Na",Smältost,990.0,mg
84,Mjukost smältost fett 10%,Monosackarider,Smältost,0.0,g
84,Mjukost smältost fett 10%,"Sockerarter, totalt",Smältost,0.0,g
84,Mjukost smältost fett 10%,Summa enkelomättade fettsyror,Smältost,2.5,g
84,Mjukost smältost fett 10%,"Magnesium, Mg",Smältost,19.0,mg
84,Mjukost smältost fett 10%,Summa mättade fettsyror,Smältost,6.6,g
84,Mjukost smältost fett 10%,"Kolhydrater, tillgängliga",Smältost,0.0,g
84,Mjukost smältost fett 10%,Kolesterol,Smältost,25.1,mg
84,Mjukost smältost fett 10%,"Kalium, K",Smältost,95.0,mg
84,Mjukost smältost fett 10%,"Jod, I",Smältost,7.7,µg
84,Mjukost smältost fett 10%,Fullkorn totalt,Smältost,0.0,g
84,Mjukost smältost fett 10%,"Folat, totalt",Smältost,7.0,µg
84,Mjukost smältost fett 10%,Fibrer,Smältost,0.0,g
84,Mjukost smältost fett 10%,"Fett, totalt",Smältost,10.1,g
84,Mjukost smältost fett 10%,"Järn, Fe",Smältost,0.1,mg
84,Mjukost smältost fett 10%,Energi (kJ),Smältost,646.0,kJ
84,Mjukost smältost fett 10%,Energi (kcal),Smältost,154.0,kcal
84,Mjukost smältost fett 10%,Disackarider,Smältost,0.0,g
84,Mjukost smältost fett 10%,"Kalcium, Ca",Smältost,460.0,mg
84,Mjukost smältost fett 10%,Fettsyra 4:0-10:0,Smältost,0.7,g
84,Mjukost smältost fett 10%,DHA (C22:6),Smältost,0.0,g
84,Mjukost smältost fett 10%,DPA (C22:5),Smältost,0.0,g
84,Mjukost smältost fett 10%,EPA (C20:5),Smältost,0.0,g
84,Mjukost smältost fett 10%,Arakidonsyra C20:4,Smältost,0.0,g
84,Mjukost smältost fett 10%,Arakidinsyra C20:0,Smältost,0.0,g
84,Mjukost smältost fett 10%,Linolensyra C18:3,Smältost,0.1,g
84,Mjukost smältost fett 10%,Linolsyra C18:2,Smältost,0.3,g
84,Mjukost smältost fett 10%,Oljesyra C18:1,Smältost,2.2,g
84,Mjukost smältost fett 10%,Stearinsyra C18:0,Smältost,1.0,g
84,Mjukost smältost fett 10%,Palmitoljesyra C16:1,Smältost,0.2,g
84,Mjukost smältost fett 10%,Palmitinsyra C16:0,Smältost,3.0,g
84,Mjukost smältost fett 10%,Myristinsyra C14:0,Smältost,1.1,g
84,Mjukost smältost fett 10%,Laurinsyra C12:0,Smältost,0.4,g
84,Mjukost smältost fett 10%,Betakaroten/β-Karoten,Smältost,29.0,µg
84,Mjukost smältost fett 10%,Avfall (skal etc.),Smältost,0.0,%
84,Mjukost smältost fett 10%,Aska,Smältost,4.5,g
84,Mjukost smältost fett 10%,Alkohol,Smältost,0.0,g
85,Mjukost smältost fett ca 20%,"Zink, Zn",Smältost,2.2,mg
85,Mjukost smältost fett ca 20%,Vitamin E,Smältost,0.5,mg
85,Mjukost smältost fett ca 20%,Vitamin D,Smältost,0.0,µg
85,Mjukost smältost fett ca 20%,Vitamin C,Smältost,0.6,mg
85,Mjukost smältost fett ca 20%,Vitamin B6,Smältost,0.04,mg
85,Mjukost smältost fett ca 20%,Vitamin B12,Smältost,0.65,µg
85,Mjukost smältost fett ca 20%,Vitamin A,Smältost,104.6,RE/µg
85,Mjukost smältost fett ca 20%,Vatten,Smältost,59.1,g
85,Mjukost smältost fett ca 20%,Tiamin,Smältost,0.02,mg
85,Mjukost smältost fett ca 20%,Tillsatt socker,Smältost,0.0,g
85,Mjukost smältost fett ca 20%,Fritt socker,Smältost,0.0,g
85,Mjukost smältost fett ca 20%,"Selen, Se",Smältost,10.0,µg
85,Mjukost smältost fett ca 20%,Sackaros,Smältost,0.1,g
85,Mjukost smältost fett ca 20%,Riboflavin,Smältost,0.17,mg
85,Mjukost smältost fett ca 20%,Retinol,Smältost,101.0,µg
85,Mjukost smältost fett ca 20%,Protein,Smältost,15.4,g
85,Mjukost smältost fett ca 20%,Summa fleromättade fettsyror,Smältost,0.8,g
85,Mjukost smältost fett ca 20%,"Fosfor, P",Smältost,780.0,mg
85,Mjukost smältost fett ca 20%,Niacinekvivalenter,Smältost,3.8,NE/mg
85,Mjukost smältost fett ca 20%,Niacin,Smältost,0.26,mg
85,Mjukost smältost fett ca 20%,"Salt, NaCl",Smältost,3.0,g
85,Mjukost smältost fett ca 20%,"Natrium, Na",Smältost,1200.0,mg
85,Mjukost smältost fett ca 20%,Monosackarider,Smältost,0.0,g
85,Mjukost smältost fett ca 20%,"Sockerarter, totalt",Smältost,0.1,g
85,Mjukost smältost fett ca 20%,Summa enkelomättade fettsyror,Smältost,5.6,g
85,Mjukost smältost fett ca 20%,"Magnesium, Mg",Smältost,20.0,mg
85,Mjukost smältost fett ca 20%,Summa mättade fettsyror,Smältost,13.2,g
85,Mjukost smältost fett ca 20%,"Kolhydrater, tillgängliga",Smältost,0.0,g
85,Mjukost smältost fett ca 20%,Kolesterol,Smältost,53.4,mg
85,Mjukost smältost fett ca 20%,"Kalium, K",Smältost,120.0,mg
85,Mjukost smältost fett ca 20%,"Jod, I",Smältost,7.0,µg
85,Mjukost smältost fett ca 20%,Fullkorn totalt,Smältost,0.0,g
85,Mjukost smältost fett ca 20%,"Folat, totalt",Smältost,7.0,µg
85,Mjukost smältost fett ca 20%,Fibrer,Smältost,0.0,g
85,Mjukost smältost fett ca 20%,"Fett, totalt",Smältost,20.8,g
85,Mjukost smältost fett ca 20%,"Järn, Fe",Smältost,0.1,mg
85,Mjukost smältost fett ca 20%,Energi (kJ),Smältost,1031.0,kJ
85,Mjukost smältost fett ca 20%,Energi (kcal),Smältost,246.0,kcal
85,Mjukost smältost fett ca 20%,Disackarider,Smältost,0.1,g
85,Mjukost smältost fett ca 20%,"Kalcium, Ca",Smältost,440.0,mg
85,Mjukost smältost fett ca 20%,Fettsyra 4:0-10:0,Smältost,1.4,g
85,Mjukost smältost fett ca 20%,DHA (C22:6),Smältost,0.0,g
85,Mjukost smältost fett ca 20%,DPA (C22:5),Smältost,0.0,g
85,Mjukost smältost fett ca 20%,EPA (C20:5),Smältost,0.0,g
85,Mjukost smältost fett ca 20%,Arakidonsyra C20:4,Smältost,0.0,g
85,Mjukost smältost fett ca 20%,Arakidinsyra C20:0,Smältost,0.0,g
85,Mjukost smältost fett ca 20%,Linolensyra C18:3,Smältost,0.1,g
85,Mjukost smältost fett ca 20%,Linolsyra C18:2,Smältost,0.6,g
85,Mjukost smältost fett ca 20%,Oljesyra C18:1,Smältost,4.9,g
85,Mjukost smältost fett ca 20%,Stearinsyra C18:0,Smältost,2.1,g
85,Mjukost smältost fett ca 20%,Palmitoljesyra C16:1,Smältost,0.3,g
85,Mjukost smältost fett ca 20%,Palmitinsyra C16:0,Smältost,6.0,g
85,Mjukost smältost fett ca 20%,Myristinsyra C14:0,Smältost,2.2,g
85,Mjukost smältost fett ca 20%,Laurinsyra C12:0,Smältost,0.7,g
85,Mjukost smältost fett ca 20%,Betakaroten/β-Karoten,Smältost,43.0,µg
85,Mjukost smältost fett ca 20%,Avfall (skal etc.),Smältost,0.0,%
85,Mjukost smältost fett ca 20%,Aska,Smältost,4.7,g
85,Mjukost smältost fett ca 20%,Alkohol,Smältost,0.0,g
86,Mjukost smältost fett ca 16%,"Zink, Zn",Smältost,2.2,mg
86,Mjukost smältost fett ca 16%,Vitamin E,Smältost,0.5,mg
86,Mjukost smältost fett ca 16%,Vitamin D,Smältost,0.0,µg
86,Mjukost smältost fett ca 16%,Vitamin C,Smältost,0.6,mg
86,Mjukost smältost fett ca 16%,Vitamin B6,Smältost,0.04,mg
86,Mjukost smältost fett ca 16%,Vitamin B12,Smältost,0.65,µg
86,Mjukost smältost fett ca 16%,Vitamin A,Smältost,104.6,RE/µg
86,Mjukost smältost fett ca 16%,Vatten,Smältost,63.9,g
86,Mjukost smältost fett ca 16%,Tiamin,Smältost,0.02,mg
86,Mjukost smältost fett ca 16%,Tillsatt socker,Smältost,0.0,g
86,Mjukost smältost fett ca 16%,Fritt socker,Smältost,0.0,g
86,Mjukost smältost fett ca 16%,"Selen, Se",Smältost,10.0,µg
86,Mjukost smältost fett ca 16%,Sackaros,Smältost,0.1,g
86,Mjukost smältost fett ca 16%,Riboflavin,Smältost,0.17,mg
86,Mjukost smältost fett ca 16%,Retinol,Smältost,101.0,µg
86,Mjukost smältost fett ca 16%,Protein,Smältost,15.4,g
86,Mjukost smältost fett ca 16%,Summa fleromättade fettsyror,Smältost,0.5,g
86,Mjukost smältost fett ca 16%,"Fosfor, P",Smältost,780.0,mg
86,Mjukost smältost fett ca 16%,Niacinekvivalenter,Smältost,3.8,NE/mg
86,Mjukost smältost fett ca 16%,Niacin,Smältost,0.26,mg
86,Mjukost smältost fett ca 16%,"Salt, NaCl",Smältost,3.0,g
86,Mjukost smältost fett ca 16%,"Natrium, Na",Smältost,1200.0,mg
86,Mjukost smältost fett ca 16%,Monosackarider,Smältost,0.0,g
86,Mjukost smältost fett ca 16%,"Sockerarter, totalt",Smältost,0.1,g
86,Mjukost smältost fett ca 16%,Summa enkelomättade fettsyror,Smältost,3.7,g
86,Mjukost smältost fett ca 16%,"Magnesium, Mg",Smältost,20.0,mg
86,Mjukost smältost fett ca 16%,Summa mättade fettsyror,Smältost,8.8,g
86,Mjukost smältost fett ca 16%,"Kolhydrater, tillgängliga",Smältost,2.0,g
86,Mjukost smältost fett ca 16%,Kolesterol,Smältost,53.4,mg
86,Mjukost smältost fett ca 16%,"Kalium, K",Smältost,120.0,mg
86,Mjukost smältost fett ca 16%,"Jod, I",Smältost,7.0,µg
86,Mjukost smältost fett ca 16%,Fullkorn totalt,Smältost,0.0,g
86,Mjukost smältost fett ca 16%,"Folat, totalt",Smältost,7.0,µg
86,Mjukost smältost fett ca 16%,Fibrer,Smältost,0.0,g
86,Mjukost smältost fett ca 16%,"Fett, totalt",Smältost,14.0,g
86,Mjukost smältost fett ca 16%,"Järn, Fe",Smältost,0.1,mg
86,Mjukost smältost fett ca 16%,Energi (kJ),Smältost,813.0,kJ
86,Mjukost smältost fett ca 16%,Energi (kcal),Smältost,194.0,kcal
86,Mjukost smältost fett ca 16%,Disackarider,Smältost,0.1,g
86,Mjukost smältost fett ca 16%,"Kalcium, Ca",Smältost,440.0,mg
86,Mjukost smältost fett ca 16%,Fettsyra 4:0-10:0,Smältost,1.0,g
86,Mjukost smältost fett ca 16%,DHA (C22:6),Smältost,0.0,g
86,Mjukost smältost fett ca 16%,DPA (C22:5),Smältost,0.0,g
86,Mjukost smältost fett ca 16%,EPA (C20:5),Smältost,0.0,g
86,Mjukost smältost fett ca 16%,Arakidonsyra C20:4,Smältost,0.0,g
86,Mjukost smältost fett ca 16%,Arakidinsyra C20:0,Smältost,0.0,g
86,Mjukost smältost fett ca 16%,Linolensyra C18:3,Smältost,0.1,g
86,Mjukost smältost fett ca 16%,Linolsyra C18:2,Smältost,0.4,g
86,Mjukost smältost fett ca 16%,Oljesyra C18:1,Smältost,3.3,g
86,Mjukost smältost fett ca 16%,Stearinsyra C18:0,Smältost,1.4,g
86,Mjukost smältost fett ca 16%,Palmitoljesyra C16:1,Smältost,0.2,g
86,Mjukost smältost fett ca 16%,Palmitinsyra C16:0,Smältost,4.1,g
86,Mjukost smältost fett ca 16%,Myristinsyra C14:0,Smältost,1.5,g
86,Mjukost smältost fett ca 16%,Laurinsyra C12:0,Smältost,0.5,g
86,Mjukost smältost fett ca 16%,Betakaroten/β-Karoten,Smältost,43.0,µg
86,Mjukost smältost fett ca 16%,Avfall (skal etc.),Smältost,0.0,%
86,Mjukost smältost fett ca 16%,Aska,Smältost,4.7,g
86,Mjukost smältost fett ca 16%,Alkohol,Smältost,0.0,g
87,Mjukost smältost fett 4%,"Zink, Zn",Smältost,2.6,mg
87,Mjukost smältost fett 4%,Vitamin E,Smältost,0.1,mg
87,Mjukost smältost fett 4%,Vitamin D,Smältost,0.02,µg
87,Mjukost smältost fett 4%,Vitamin C,Smältost,0.0,mg
87,Mjukost smältost fett 4%,Vitamin B6,Smältost,0.06,mg
87,Mjukost smältost fett 4%,Vitamin B12,Smältost,0.4,µg
87,Mjukost smältost fett 4%,Vitamin A,Smältost,143.9,RE/µg
87,Mjukost smältost fett 4%,Vatten,Smältost,71.6,g
87,Mjukost smältost fett 4%,Tiamin,Smältost,0.07,mg
87,Mjukost smältost fett 4%,Tillsatt socker,Smältost,0.0,g
87,Mjukost smältost fett 4%,Fritt socker,Smältost,0.0,g
87,Mjukost smältost fett 4%,"Selen, Se",Smältost,1.0,µg
87,Mjukost smältost fett 4%,Sackaros,Smältost,0.0,g
87,Mjukost smältost fett 4%,Riboflavin,Smältost,0.23,mg
87,Mjukost smältost fett 4%,Retinol,Smältost,143.0,µg
87,Mjukost smältost fett 4%,Protein,Smältost,14.3,g
87,Mjukost smältost fett 4%,Summa fleromättade fettsyror,Smältost,0.1,g
87,Mjukost smältost fett 4%,"Fosfor, P",Smältost,741.0,mg
87,Mjukost smältost fett 4%,Niacinekvivalenter,Smältost,3.4,NE/mg
87,Mjukost smältost fett 4%,Niacin,Smältost,0.1,mg
87,Mjukost smältost fett 4%,"Salt, NaCl",Smältost,2.5,g
87,Mjukost smältost fett 4%,"Natrium, Na",Smältost,1000.0,mg
87,Mjukost smältost fett 4%,Monosackarider,Smältost,0.0,g
87,Mjukost smältost fett 4%,"Sockerarter, totalt",Smältost,1.2,g
87,Mjukost smältost fett 4%,Summa enkelomättade fettsyror,Smältost,1.0,g
87,Mjukost smältost fett 4%,"Magnesium, Mg",Smältost,25.0,mg
87,Mjukost smältost fett 4%,Summa mättade fettsyror,Smältost,2.6,g
87,Mjukost smältost fett 4%,"Kolhydrater, tillgängliga",Smältost,5.7,g
87,Mjukost smältost fett 4%,Kolesterol,Smältost,10.0,mg
87,Mjukost smältost fett 4%,"Kalium, K",Smältost,100.0,mg
87,Mjukost smältost fett 4%,"Jod, I",Smältost,6.0,µg
87,Mjukost smältost fett 4%,Fullkorn totalt,Smältost,0.0,g
87,Mjukost smältost fett 4%,"Folat, totalt",Smältost,7.0,µg
87,Mjukost smältost fett 4%,Fibrer,Smältost,0.0,g
87,Mjukost smältost fett 4%,"Fett, totalt",Smältost,4.0,g
87,Mjukost smältost fett 4%,"Järn, Fe",Smältost,0.3,mg
87,Mjukost smältost fett 4%,Energi (kJ),Smältost,488.0,kJ
87,Mjukost smältost fett 4%,Energi (kcal),Smältost,117.0,kcal
87,Mjukost smältost fett 4%,Disackarider,Smältost,1.2,g
87,Mjukost smältost fett 4%,"Kalcium, Ca",Smältost,513.0,mg
87,Mjukost smältost fett 4%,Fettsyra 4:0-10:0,Smältost,0.3,g
87,Mjukost smältost fett 4%,DHA (C22:6),Smältost,0.0,g
87,Mjukost smältost fett 4%,DPA (C22:5),Smältost,0.0,g
87,Mjukost smältost fett 4%,EPA (C20:5),Smältost,0.0,g
87,Mjukost smältost fett 4%,Arakidonsyra C20:4,Smältost,0.0,g
87,Mjukost smältost fett 4%,Arakidinsyra C20:0,Smältost,0.0,g
87,Mjukost smältost fett 4%,Linolensyra C18:3,Smältost,0.0,g
87,Mjukost smältost fett 4%,Linolsyra C18:2,Smältost,0.1,g
87,Mjukost smältost fett 4%,Oljesyra C18:1,Smältost,0.9,g
87,Mjukost smältost fett 4%,Stearinsyra C18:0,Smältost,0.4,g
87,Mjukost smältost fett 4%,Palmitoljesyra C16:1,Smältost,0.1,g
87,Mjukost smältost fett 4%,Palmitinsyra C16:0,Smältost,1.1,g
87,Mjukost smältost fett 4%,Myristinsyra C14:0,Smältost,0.4,g
87,Mjukost smältost fett 4%,Laurinsyra C12:0,Smältost,0.1,g
87,Mjukost smältost fett 4%,Betakaroten/β-Karoten,Smältost,11.0,µg
87,Mjukost smältost fett 4%,Avfall (skal etc.),Smältost,0.0,%
87,Mjukost smältost fett 4%,Aska,Smältost,4.4,g
87,Mjukost smältost fett 4%,Alkohol,Smältost,0.0,g
92,Vitmögelost brie fett ca 38%,"Zink, Zn",Dessertost,2.2,mg
92,Vitmögelost brie fett ca 38%,Vitamin E,Dessertost,0.9,mg
92,Vitmögelost brie fett ca 38%,Vitamin D,Dessertost,0.0,µg
92,Vitmögelost brie fett ca 38%,Vitamin C,Dessertost,0.0,mg
92,Vitmögelost brie fett ca 38%,Vitamin B6,Dessertost,0.11,mg
92,Vitmögelost brie fett ca 38%,Vitamin B12,Dessertost,0.79,µg
92,Vitmögelost brie fett ca 38%,Vitamin A,Dessertost,266.1,RE/µg
92,Vitmögelost brie fett ca 38%,Vatten,Dessertost,45.6,g
92,Vitmögelost brie fett ca 38%,Tiamin,Dessertost,0.0,mg
92,Vitmögelost brie fett ca 38%,Tillsatt socker,Dessertost,0.0,g
92,Vitmögelost brie fett ca 38%,Fritt socker,Dessertost,0.0,g
92,Vitmögelost brie fett ca 38%,"Selen, Se",Dessertost,10.0,µg
92,Vitmögelost brie fett ca 38%,Sackaros,Dessertost,0.0,g
92,Vitmögelost brie fett ca 38%,Riboflavin,Dessertost,0.42,mg
92,Vitmögelost brie fett ca 38%,Retinol,Dessertost,259.0,µg
92,Vitmögelost brie fett ca 38%,Protein,Dessertost,15.6,g
92,Vitmögelost brie fett ca 38%,Summa fleromättade fettsyror,Dessertost,1.0,g
92,Vitmögelost brie fett ca 38%,"Fosfor, P",Dessertost,300.0,mg
92,Vitmögelost brie fett ca 38%,Niacinekvivalenter,Dessertost,4.2,NE/mg
92,Vitmögelost brie fett ca 38%,Niacin,Dessertost,0.53,mg
92,Vitmögelost brie fett ca 38%,"Salt, NaCl",Dessertost,1.0,g
92,Vitmögelost brie fett ca 38%,"Natrium, Na",Dessertost,420.0,mg
92,Vitmögelost brie fett ca 38%,Monosackarider,Dessertost,0.1,g
92,Vitmögelost brie fett ca 38%,"Sockerarter, totalt",Dessertost,0.1,g
92,Vitmögelost brie fett ca 38%,Summa enkelomättade fettsyror,Dessertost,8.0,g
92,Vitmögelost brie fett ca 38%,"Magnesium, Mg",Dessertost,18.0,mg
92,Vitmögelost brie fett ca 38%,Summa mättade fettsyror,Dessertost,23.1,g
92,Vitmögelost brie fett ca 38%,"Kolhydrater, tillgängliga",Dessertost,1.9,g
92,Vitmögelost brie fett ca 38%,Kolesterol,Dessertost,111.0,mg
92,Vitmögelost brie fett ca 38%,"Kalium, K",Dessertost,72.0,mg
92,Vitmögelost brie fett ca 38%,"Jod, I",Dessertost,15.0,µg
92,Vitmögelost brie fett ca 38%,Fullkorn totalt,Dessertost,0.0,g
92,Vitmögelost brie fett ca 38%,"Folat, totalt",Dessertost,40.2,µg
92,Vitmögelost brie fett ca 38%,Fibrer,Dessertost,0.0,g
92,Vitmögelost brie fett ca 38%,"Fett, totalt",Dessertost,34.2,g
92,Vitmögelost brie fett ca 38%,"Järn, Fe",Dessertost,0.1,mg
92,Vitmögelost brie fett ca 38%,Energi (kJ),Dessertost,1563.0,kJ
92,Vitmögelost brie fett ca 38%,Energi (kcal),Dessertost,374.0,kcal
92,Vitmögelost brie fett ca 38%,Disackarider,Dessertost,0.0,g
92,Vitmögelost brie fett ca 38%,"Kalcium, Ca",Dessertost,420.0,mg
92,Vitmögelost brie fett ca 38%,Fettsyra 4:0-10:0,Dessertost,1.8,g
92,Vitmögelost brie fett ca 38%,DHA (C22:6),Dessertost,0.0,g
92,Vitmögelost brie fett ca 38%,DPA (C22:5),Dessertost,0.0,g
92,Vitmögelost brie fett ca 38%,EPA (C20:5),Dessertost,0.0,g
92,Vitmögelost brie fett ca 38%,Arakidonsyra C20:4,Dessertost,0.0,g
92,Vitmögelost brie fett ca 38%,Arakidinsyra C20:0,Dessertost,0.0,g
92,Vitmögelost brie fett ca 38%,Linolensyra C18:3,Dessertost,0.1,g
92,Vitmögelost brie fett ca 38%,Linolsyra C18:2,Dessertost,0.8,g
92,Vitmögelost brie fett ca 38%,Oljesyra C18:1,Dessertost,6.8,g
92,Vitmögelost brie fett ca 38%,Stearinsyra C18:0,Dessertost,2.9,g
92,Vitmögelost brie fett ca 38%,Palmitoljesyra C16:1,Dessertost,0.6,g
92,Vitmögelost brie fett ca 38%,Palmitinsyra C16:0,Dessertost,11.8,g
92,Vitmögelost brie fett ca 38%,Myristinsyra C14:0,Dessertost,4.1,g
92,Vitmögelost brie fett ca 38%,Laurinsyra C12:0,Dessertost,1.2,g
92,Vitmögelost brie fett ca 38%,Betakaroten/β-Karoten,Dessertost,85.0,µg
92,Vitmögelost brie fett ca 38%,Avfall (skal etc.),Dessertost,0.0,%
92,Vitmögelost brie fett ca 38%,Aska,Dessertost,2.7,g
92,Vitmögelost brie fett ca 38%,Alkohol,Dessertost,0.0,g
93,Ädelost grönmögelost fett 17%,"Zink, Zn",Dessertost,4.8,mg
93,Ädelost grönmögelost fett 17%,Vitamin E,Dessertost,0.4,mg
93,Ädelost grönmögelost fett 17%,Vitamin D,Dessertost,0.0,µg
93,Ädelost grönmögelost fett 17%,Vitamin C,Dessertost,0.0,mg
93,Ädelost grönmögelost fett 17%,Vitamin B6,Dessertost,0.26,mg
93,Ädelost grönmögelost fett 17%,Vitamin B12,Dessertost,2.25,µg
93,Ädelost grönmögelost fett 17%,Vitamin A,Dessertost,193.1,RE/µg
93,Ädelost grönmögelost fett 17%,Vatten,Dessertost,41.0,g
93,Ädelost grönmögelost fett 17%,Tiamin,Dessertost,0.03,mg
93,Ädelost grönmögelost fett 17%,Tillsatt socker,Dessertost,0.0,g
93,Ädelost grönmögelost fett 17%,Fritt socker,Dessertost,0.0,g
93,Ädelost grönmögelost fett 17%,"Selen, Se",Dessertost,19.0,µg
93,Ädelost grönmögelost fett 17%,Sackaros,Dessertost,0.0,g
93,Ädelost grönmögelost fett 17%,Riboflavin,Dessertost,0.55,mg
93,Ädelost grönmögelost fett 17%,Retinol,Dessertost,190.5,µg
93,Ädelost grönmögelost fett 17%,Protein,Dessertost,31.4,g
93,Ädelost grönmögelost fett 17%,Summa fleromättade fettsyror,Dessertost,0.9,g
93,Ädelost grönmögelost fett 17%,"Fosfor, P",Dessertost,571.0,mg
93,Ädelost grönmögelost fett 17%,Niacinekvivalenter,Dessertost,8.1,NE/mg
93,Ädelost grönmögelost fett 17%,Niacin,Dessertost,0.74,mg
93,Ädelost grönmögelost fett 17%,"Salt, NaCl",Dessertost,3.2,g
93,Ädelost grönmögelost fett 17%,"Natrium, Na",Dessertost,1287.0,mg
93,Ädelost grönmögelost fett 17%,Monosackarider,Dessertost,0.8,g
93,Ädelost grönmögelost fett 17%,"Sockerarter, totalt",Dessertost,0.8,g
93,Ädelost grönmögelost fett 17%,Summa enkelomättade fettsyror,Dessertost,5.5,g
93,Ädelost grönmögelost fett 17%,"Magnesium, Mg",Dessertost,29.0,mg
93,Ädelost grönmögelost fett 17%,Summa mättade fettsyror,Dessertost,13.1,g
93,Ädelost grönmögelost fett 17%,"Kolhydrater, tillgängliga",Dessertost,0.9,g
93,Ädelost grönmögelost fett 17%,Kolesterol,Dessertost,60.0,mg
93,Ädelost grönmögelost fett 17%,"Kalium, K",Dessertost,114.0,mg
93,Ädelost grönmögelost fett 17%,"Jod, I",Dessertost,50.0,µg
93,Ädelost grönmögelost fett 17%,Fullkorn totalt,Dessertost,0.0,g
93,Ädelost grönmögelost fett 17%,"Folat, totalt",Dessertost,47.5,µg
93,Ädelost grönmögelost fett 17%,Fibrer,Dessertost,0.0,g
93,Ädelost grönmögelost fett 17%,"Fett, totalt",Dessertost,20.8,g
93,Ädelost grönmögelost fett 17%,"Järn, Fe",Dessertost,0.1,mg
93,Ädelost grönmögelost fett 17%,Energi (kJ),Dessertost,1318.0,kJ
93,Ädelost grönmögelost fett 17%,Energi (kcal),Dessertost,315.0,kcal
93,Ädelost grönmögelost fett 17%,Disackarider,Dessertost,0.0,g
93,Ädelost grönmögelost fett 17%,"Kalcium, Ca",Dessertost,829.0,mg
93,Ädelost grönmögelost fett 17%,Fettsyra 4:0-10:0,Dessertost,1.2,g
93,Ädelost grönmögelost fett 17%,DHA (C22:6),Dessertost,0.0,g
93,Ädelost grönmögelost fett 17%,DPA (C22:5),Dessertost,0.0,g
93,Ädelost grönmögelost fett 17%,EPA (C20:5),Dessertost,0.0,g
93,Ädelost grönmögelost fett 17%,Arakidonsyra C20:4,Dessertost,0.0,g
93,Ädelost grönmögelost fett 17%,Arakidinsyra C20:0,Dessertost,0.0,g
93,Ädelost grönmögelost fett 17%,Linolensyra C18:3,Dessertost,0.1,g
93,Ädelost grönmögelost fett 17%,Linolsyra C18:2,Dessertost,0.5,g
93,Ädelost grönmögelost fett 17%,Oljesyra C18:1,Dessertost,4.7,g
93,Ädelost grönmögelost fett 17%,Stearinsyra C18:0,Dessertost,1.8,g
93,Ädelost grönmögelost fett 17%,Palmitoljesyra C16:1,Dessertost,0.4,g
93,Ädelost grönmögelost fett 17%,Palmitinsyra C16:0,Dessertost,6.1,g
93,Ädelost grönmögelost fett 17%,Myristinsyra C14:0,Dessertost,2.2,g
93,Ädelost grönmögelost fett 17%,Laurinsyra C12:0,Dessertost,0.6,g
93,Ädelost grönmögelost fett 17%,Betakaroten/β-Karoten,Dessertost,31.0,µg
93,Ädelost grönmögelost fett 17%,Avfall (skal etc.),Dessertost,0.0,%
93,Ädelost grönmögelost fett 17%,Aska,Dessertost,6.0,g
93,Ädelost grönmögelost fett 17%,Alkohol,Dessertost,0.0,g
94,Salladsost fett 22%,"Zink, Zn",Färskost o kvarg,1.3,mg
94,Salladsost fett 22%,Vitamin E,Färskost o kvarg,0.5,mg
94,Salladsost fett 22%,Vitamin D inkl 25-OH-D3,Färskost o kvarg,0.0,µg
94,Salladsost fett 22%,Vitamin D,Färskost o kvarg,0.0,µg
94,Salladsost fett 22%,Vitamin C,Färskost o kvarg,0.0,mg
94,Salladsost fett 22%,Vitamin B6,Färskost o kvarg,0.0,mg
94,Salladsost fett 22%,Vitamin B12,Färskost o kvarg,0.55,µg
94,Salladsost fett 22%,Vitamin A,Färskost o kvarg,217.3,RE/µg
94,Salladsost fett 22%,Vatten,Färskost o kvarg,55.9,g
94,Salladsost fett 22%,Tiamin,Färskost o kvarg,0.03,mg
94,Salladsost fett 22%,Tillsatt socker,Färskost o kvarg,0.0,g
94,Salladsost fett 22%,Fritt socker,Färskost o kvarg,0.0,g
94,Salladsost fett 22%,"Selen, Se",Färskost o kvarg,0.0,µg
94,Salladsost fett 22%,Sackaros,Färskost o kvarg,0.0,g
94,Salladsost fett 22%,Riboflavin,Färskost o kvarg,0.35,mg
94,Salladsost fett 22%,Retinol,Färskost o kvarg,216.0,µg
94,Salladsost fett 22%,Protein,Färskost o kvarg,16.7,g
94,Salladsost fett 22%,Summa fleromättade fettsyror,Färskost o kvarg,1.0,g
94,Salladsost fett 22%,"Fosfor, P",Färskost o kvarg,222.0,mg
94,Salladsost fett 22%,Niacinekvivalenter,Färskost o kvarg,4.1,NE/mg
94,Salladsost fett 22%,Niacin,Färskost o kvarg,0.24,mg
94,Salladsost fett 22%,"Salt, NaCl",Färskost o kvarg,2.0,g
94,Salladsost fett 22%,"Natrium, Na",Färskost o kvarg,815.0,mg
94,Salladsost fett 22%,Monosackarider,Färskost o kvarg,0.0,g
94,Salladsost fett 22%,"Sockerarter, totalt",Färskost o kvarg,0.2,g
94,Salladsost fett 22%,Summa enkelomättade fettsyror,Färskost o kvarg,4.9,g
94,Salladsost fett 22%,"Magnesium, Mg",Färskost o kvarg,15.0,mg
94,Salladsost fett 22%,Summa mättade fettsyror,Färskost o kvarg,14.2,g
94,Salladsost fett 22%,"Kolhydrater, tillgängliga",Färskost o kvarg,2.1,g
94,Salladsost fett 22%,Kolesterol,Färskost o kvarg,59.8,mg
94,Salladsost fett 22%,"Kalium, K",Färskost o kvarg,55.0,mg
94,Salladsost fett 22%,"Jod, I",Färskost o kvarg,38.3,µg
94,Salladsost fett 22%,Fullkorn totalt,Färskost o kvarg,0.0,g
94,Salladsost fett 22%,"Folat, totalt",Färskost o kvarg,26.7,µg
94,Salladsost fett 22%,Fibrer,Färskost o kvarg,0.0,g
94,Salladsost fett 22%,"Fett, totalt",Färskost o kvarg,22.1,g
94,Salladsost fett 22%,"Järn, Fe",Färskost o kvarg,0.1,mg
94,Salladsost fett 22%,Energi (kJ),Färskost o kvarg,1138.0,kJ
94,Salladsost fett 22%,Energi (kcal),Färskost o kvarg,272.0,kcal
94,Salladsost fett 22%,Disackarider,Färskost o kvarg,0.2,g
94,Salladsost fett 22%,"Kalcium, Ca",Färskost o kvarg,242.0,mg
94,Salladsost fett 22%,Fettsyra 4:0-10:0,Färskost o kvarg,2.6,g
94,Salladsost fett 22%,DHA (C22:6),Färskost o kvarg,0.0,g
94,Salladsost fett 22%,DPA (C22:5),Färskost o kvarg,0.0,g
94,Salladsost fett 22%,EPA (C20:5),Färskost o kvarg,0.0,g
94,Salladsost fett 22%,Arakidonsyra C20:4,Färskost o kvarg,0.0,g
94,Salladsost fett 22%,Arakidinsyra C20:0,Färskost o kvarg,0.1,g
94,Salladsost fett 22%,Linolensyra C18:3,Färskost o kvarg,0.2,g
94,Salladsost fett 22%,Linolsyra C18:2,Färskost o kvarg,0.8,g
94,Salladsost fett 22%,Oljesyra C18:1,Färskost o kvarg,4.4,g
94,Salladsost fett 22%,Stearinsyra C18:0,Färskost o kvarg,2.3,g
94,Salladsost fett 22%,Palmitoljesyra C16:1,Färskost o kvarg,0.3,g
94,Salladsost fett 22%,Palmitinsyra C16:0,Färskost o kvarg,5.5,g
94,Salladsost fett 22%,Myristinsyra C14:0,Färskost o kvarg,2.1,g
94,Salladsost fett 22%,Laurinsyra C12:0,Färskost o kvarg,0.8,g
94,Salladsost fett 22%,Betakaroten/β-Karoten,Färskost o kvarg,16.0,µg
94,Salladsost fett 22%,Avfall (skal etc.),Färskost o kvarg,0.0,%
94,Salladsost fett 22%,Aska,Färskost o kvarg,3.2,g
94,Salladsost fett 22%,Alkohol,Färskost o kvarg,0.0,g
95,Ost hårdost fett 17%,"Zink, Zn",Hård ost mm,4.2,mg
95,Ost hårdost fett 17%,Vitamin E,Hård ost mm,0.4,mg
95,Ost hårdost fett 17%,Vitamin D,Hård ost mm,0.0,µg
95,Ost hårdost fett 17%,Vitamin C,Hård ost mm,0.0,mg
95,Ost hårdost fett 17%,Vitamin B6,Hård ost mm,0.04,mg
95,Ost hårdost fett 17%,Vitamin B12,Hård ost mm,2.06,µg
95,Ost hårdost fett 17%,Vitamin A,Hård ost mm,140.5,RE/µg
95,Ost hårdost fett 17%,Vatten,Hård ost mm,46.3,g
95,Ost hårdost fett 17%,Tiamin,Hård ost mm,0.0,mg
95,Ost hårdost fett 17%,Tillsatt socker,Hård ost mm,0.0,g
95,Ost hårdost fett 17%,Fritt socker,Hård ost mm,0.0,g
95,Ost hårdost fett 17%,"Selen, Se",Hård ost mm,16.0,µg
95,Ost hårdost fett 17%,Sackaros,Hård ost mm,0.0,g
95,Ost hårdost fett 17%,Riboflavin,Hård ost mm,0.26,mg
95,Ost hårdost fett 17%,Retinol,Hård ost mm,136.0,µg
95,Ost hårdost fett 17%,Protein,Hård ost mm,30.4,g
95,Ost hårdost fett 17%,Summa fleromättade fettsyror,Hård ost mm,0.6,g
95,Ost hårdost fett 17%,"Fosfor, P",Hård ost mm,540.0,mg
95,Ost hårdost fett 17%,Niacinekvivalenter,Hård ost mm,7.1,NE/mg
95,Ost hårdost fett 17%,Niacin,Hård ost mm,0.0,mg
95,Ost hårdost fett 17%,"Salt, NaCl",Hård ost mm,1.2,g
95,Ost hårdost fett 17%,"Natrium, Na",Hård ost mm,460.0,mg
95,Ost hårdost fett 17%,Monosackarider,Hård ost mm,0.0,g
95,Ost hårdost fett 17%,"Sockerarter, totalt",Hård ost mm,0.0,g
95,Ost hårdost fett 17%,Summa enkelomättade fettsyror,Hård ost mm,4.6,g
95,Ost hårdost fett 17%,"Magnesium, Mg",Hård ost mm,38.0,mg
95,Ost hårdost fett 17%,Summa mättade fettsyror,Hård ost mm,11.4,g
95,Ost hårdost fett 17%,"Kolhydrater, tillgängliga",Hård ost mm,1.7,g
95,Ost hårdost fett 17%,Kolesterol,Hård ost mm,59.1,mg
95,Ost hårdost fett 17%,"Kalium, K",Hård ost mm,94.0,mg
95,Ost hårdost fett 17%,"Jod, I",Hård ost mm,12.0,µg
95,Ost hårdost fett 17%,Fullkorn totalt,Hård ost mm,0.0,g
95,Ost hårdost fett 17%,"Folat, totalt",Hård ost mm,39.0,µg
95,Ost hårdost fett 17%,Fibrer,Hård ost mm,0.0,g
95,Ost hårdost fett 17%,"Fett, totalt",Hård ost mm,17.7,g
95,Ost hårdost fett 17%,"Järn, Fe",Hård ost mm,0.1,mg
95,Ost hårdost fett 17%,Energi (kJ),Hård ost mm,1200.0,kJ
95,Ost hårdost fett 17%,Energi (kcal),Hård ost mm,287.0,kcal
95,Ost hårdost fett 17%,Disackarider,Hård ost mm,0.0,g
95,Ost hårdost fett 17%,"Kalcium, Ca",Hård ost mm,880.0,mg
95,Ost hårdost fett 17%,Fettsyra 4:0-10:0,Hård ost mm,1.2,g
95,Ost hårdost fett 17%,DHA (C22:6),Hård ost mm,0.0,g
95,Ost hårdost fett 17%,DPA (C22:5),Hård ost mm,0.0,g
95,Ost hårdost fett 17%,EPA (C20:5),Hård ost mm,0.0,g
95,Ost hårdost fett 17%,Arakidonsyra C20:4,Hård ost mm,0.0,g
95,Ost hårdost fett 17%,Arakidinsyra C20:0,Hård ost mm,0.0,g
95,Ost hårdost fett 17%,Linolensyra C18:3,Hård ost mm,0.1,g
95,Ost hårdost fett 17%,Linolsyra C18:2,Hård ost mm,0.5,g
95,Ost hårdost fett 17%,Oljesyra C18:1,Hård ost mm,4.0,g
95,Ost hårdost fett 17%,Stearinsyra C18:0,Hård ost mm,1.6,g
95,Ost hårdost fett 17%,Palmitoljesyra C16:1,Hård ost mm,0.3,g
95,Ost hårdost fett 17%,Palmitinsyra C16:0,Hård ost mm,5.4,g
95,Ost hårdost fett 17%,Myristinsyra C14:0,Hård ost mm,1.9,g
95,Ost hårdost fett 17%,Laurinsyra C12:0,Hård ost mm,0.6,g
95,Ost hårdost fett 17%,Betakaroten/β-Karoten,Hård ost mm,54.0,µg
95,Ost hårdost fett 17%,Avfall (skal etc.),Hård ost mm,0.0,%
95,Ost hårdost fett 17%,Aska,Hård ost mm,4.0,g
95,Ost hårdost fett 17%,Alkohol,Hård ost mm,0.0,g
96,Ost hårdost fett 28%,"Zink, Zn",Hård ost mm,3.5,mg
96,Ost hårdost fett 28%,Vitamin E,Hård ost mm,0.7,mg
96,Ost hårdost fett 28%,Vitamin D,Hård ost mm,0.1,µg
96,Ost hårdost fett 28%,Vitamin C,Hård ost mm,0.0,mg
96,Ost hårdost fett 28%,Vitamin B6,Hård ost mm,0.05,mg
96,Ost hårdost fett 28%,Vitamin B12,Hård ost mm,1.85,µg
96,Ost hårdost fett 28%,Vitamin A,Hård ost mm,263.9,RE/µg
96,Ost hårdost fett 28%,Vatten,Hård ost mm,40.2,g
96,Ost hårdost fett 28%,Tiamin,Hård ost mm,0.01,mg
96,Ost hårdost fett 28%,Tillsatt socker,Hård ost mm,0.0,g
96,Ost hårdost fett 28%,Fritt socker,Hård ost mm,0.0,g
96,Ost hårdost fett 28%,"Selen, Se",Hård ost mm,13.0,µg
96,Ost hårdost fett 28%,Sackaros,Hård ost mm,0.0,g
96,Ost hårdost fett 28%,Riboflavin,Hård ost mm,0.26,mg
96,Ost hårdost fett 28%,Retinol,Hård ost mm,256.0,µg
96,Ost hårdost fett 28%,Protein,Hård ost mm,26.2,g
96,Ost hårdost fett 28%,Summa fleromättade fettsyror,Hård ost mm,1.0,g
96,Ost hårdost fett 28%,"Fosfor, P",Hård ost mm,440.0,mg
96,Ost hårdost fett 28%,Niacinekvivalenter,Hård ost mm,6.1,NE/mg
96,Ost hårdost fett 28%,Niacin,Hård ost mm,0.0,mg
96,Ost hårdost fett 28%,"Salt, NaCl",Hård ost mm,1.1,g
96,Ost hårdost fett 28%,"Natrium, Na",Hård ost mm,424.0,mg
96,Ost hårdost fett 28%,Monosackarider,Hård ost mm,0.0,g
96,Ost hårdost fett 28%,"Sockerarter, totalt",Hård ost mm,0.0,g
96,Ost hårdost fett 28%,Summa enkelomättade fettsyror,Hård ost mm,6.2,g
96,Ost hårdost fett 28%,"Magnesium, Mg",Hård ost mm,31.0,mg
96,Ost hårdost fett 28%,Summa mättade fettsyror,Hård ost mm,17.8,g
96,Ost hårdost fett 28%,"Kolhydrater, tillgängliga",Hård ost mm,3.0,g
96,Ost hårdost fett 28%,Kolesterol,Hård ost mm,66.3,mg
96,Ost hårdost fett 28%,"Kalium, K",Hård ost mm,77.0,mg
96,Ost hårdost fett 28%,"Jod, I",Hård ost mm,12.0,µg
96,Ost hårdost fett 28%,Fullkorn totalt,Hård ost mm,0.0,g
96,Ost hårdost fett 28%,"Folat, totalt",Hård ost mm,24.4,µg
96,Ost hårdost fett 28%,Fibrer,Hård ost mm,0.0,g
96,Ost hårdost fett 28%,"Fett, totalt",Hård ost mm,27.1,g
96,Ost hårdost fett 28%,"Järn, Fe",Hård ost mm,0.1,mg
96,Ost hårdost fett 28%,Energi (kJ),Hård ost mm,1498.0,kJ
96,Ost hårdost fett 28%,Energi (kcal),Hård ost mm,358.0,kcal
96,Ost hårdost fett 28%,Disackarider,Hård ost mm,0.0,g
96,Ost hårdost fett 28%,"Kalcium, Ca",Hård ost mm,689.0,mg
96,Ost hårdost fett 28%,Fettsyra 4:0-10:0,Hård ost mm,2.2,g
96,Ost hårdost fett 28%,DHA (C22:6),Hård ost mm,0.0,g
96,Ost hårdost fett 28%,DPA (C22:5),Hård ost mm,0.0,g
96,Ost hårdost fett 28%,EPA (C20:5),Hård ost mm,0.0,g
96,Ost hårdost fett 28%,Arakidonsyra C20:4,Hård ost mm,0.0,g
96,Ost hårdost fett 28%,Arakidinsyra C20:0,Hård ost mm,0.0,g
96,Ost hårdost fett 28%,Linolensyra C18:3,Hård ost mm,0.2,g
96,Ost hårdost fett 28%,Linolsyra C18:2,Hård ost mm,0.8,g
96,Ost hårdost fett 28%,Oljesyra C18:1,Hård ost mm,5.4,g
96,Ost hårdost fett 28%,Stearinsyra C18:0,Hård ost mm,2.8,g
96,Ost hårdost fett 28%,Palmitoljesyra C16:1,Hård ost mm,0.4,g
96,Ost hårdost fett 28%,Palmitinsyra C16:0,Hård ost mm,8.1,g
96,Ost hårdost fett 28%,Myristinsyra C14:0,Hård ost mm,2.7,g
96,Ost hårdost fett 28%,Laurinsyra C12:0,Hård ost mm,0.9,g
96,Ost hårdost fett 28%,Betakaroten/β-Karoten,Hård ost mm,95.0,µg
96,Ost hårdost fett 28%,Avfall (skal etc.),Hård ost mm,0.0,%
96,Ost hårdost fett 28%,Aska,Hård ost mm,3.5,g
96,Ost hårdost fett 28%,Alkohol,Hård ost mm,0.0,g
97,Ost hårdost fett 31%,"Zink, Zn",Hård ost mm,3.2,mg
97,Ost hårdost fett 31%,Vitamin E,Hård ost mm,0.8,mg
97,Ost hårdost fett 31%,Vitamin D,Hård ost mm,0.09,µg
97,Ost hårdost fett 31%,Vitamin C,Hård ost mm,0.0,mg
97,Ost hårdost fett 31%,Vitamin B6,Hård ost mm,0.04,mg
97,Ost hårdost fett 31%,Vitamin B12,Hård ost mm,1.65,µg
97,Ost hårdost fett 31%,Vitamin A,Hård ost mm,283.5,RE/µg
97,Ost hårdost fett 31%,Vatten,Hård ost mm,37.0,g
97,Ost hårdost fett 31%,Tiamin,Hård ost mm,0.01,mg
97,Ost hårdost fett 31%,Tillsatt socker,Hård ost mm,0.0,g
97,Ost hårdost fett 31%,Fritt socker,Hård ost mm,0.0,g
97,Ost hårdost fett 31%,"Selen, Se",Hård ost mm,10.0,µg
97,Ost hårdost fett 31%,Sackaros,Hård ost mm,0.0,g
97,Ost hårdost fett 31%,Riboflavin,Hård ost mm,0.27,mg
97,Ost hårdost fett 31%,Retinol,Hård ost mm,273.0,µg
97,Ost hårdost fett 31%,Protein,Hård ost mm,25.2,g
97,Ost hårdost fett 31%,Summa fleromättade fettsyror,Hård ost mm,1.1,g
97,Ost hårdost fett 31%,"Fosfor, P",Hård ost mm,412.0,mg
97,Ost hårdost fett 31%,Niacinekvivalenter,Hård ost mm,5.9,NE/mg
97,Ost hårdost fett 31%,Niacin,Hård ost mm,0.0,mg
97,Ost hårdost fett 31%,"Salt, NaCl",Hård ost mm,1.0,g
97,Ost hårdost fett 31%,"Natrium, Na",Hård ost mm,407.0,mg
97,Ost hårdost fett 31%,Monosackarider,Hård ost mm,0.0,g
97,Ost hårdost fett 31%,"Sockerarter, totalt",Hård ost mm,0.0,g
97,Ost hårdost fett 31%,Summa enkelomättade fettsyror,Hård ost mm,7.1,g
97,Ost hårdost fett 31%,"Magnesium, Mg",Hård ost mm,31.0,mg
97,Ost hårdost fett 31%,Summa mättade fettsyror,Hård ost mm,20.7,g
97,Ost hårdost fett 31%,"Kolhydrater, tillgängliga",Hård ost mm,3.3,g
97,Ost hårdost fett 31%,Kolesterol,Hård ost mm,76.8,mg
97,Ost hårdost fett 31%,"Kalium, K",Hård ost mm,76.0,mg
97,Ost hårdost fett 31%,"Jod, I",Hård ost mm,9.0,µg
97,Ost hårdost fett 31%,Fullkorn totalt,Hård ost mm,0.0,g
97,Ost hårdost fett 31%,"Folat, totalt",Hård ost mm,23.6,µg
97,Ost hårdost fett 31%,Fibrer,Hård ost mm,0.0,g
97,Ost hårdost fett 31%,"Fett, totalt",Hård ost mm,31.2,g
97,Ost hårdost fett 31%,"Järn, Fe",Hård ost mm,0.1,mg
97,Ost hårdost fett 31%,Energi (kJ),Hård ost mm,1639.0,kJ
97,Ost hårdost fett 31%,Energi (kcal),Hård ost mm,392.0,kcal
97,Ost hårdost fett 31%,Disackarider,Hård ost mm,0.0,g
97,Ost hårdost fett 31%,"Kalcium, Ca",Hård ost mm,676.0,mg
97,Ost hårdost fett 31%,Fettsyra 4:0-10:0,Hård ost mm,2.6,g
97,Ost hårdost fett 31%,DHA (C22:6),Hård ost mm,0.0,g
97,Ost hårdost fett 31%,DPA (C22:5),Hård ost mm,0.0,g
97,Ost hårdost fett 31%,EPA (C20:5),Hård ost mm,0.0,g
97,Ost hårdost fett 31%,Arakidonsyra C20:4,Hård ost mm,0.0,g
97,Ost hårdost fett 31%,Arakidinsyra C20:0,Hård ost mm,0.0,g
97,Ost hårdost fett 31%,Linolensyra C18:3,Hård ost mm,0.2,g
97,Ost hårdost fett 31%,Linolsyra C18:2,Hård ost mm,0.8,g
97,Ost hårdost fett 31%,Oljesyra C18:1,Hård ost mm,6.2,g
97,Ost hårdost fett 31%,Stearinsyra C18:0,Hård ost mm,3.3,g
97,Ost hårdost fett 31%,Palmitoljesyra C16:1,Hård ost mm,0.5,g
97,Ost hårdost fett 31%,Palmitinsyra C16:0,Hård ost mm,9.6,g
97,Ost hårdost fett 31%,Myristinsyra C14:0,Hård ost mm,3.2,g
97,Ost hårdost fett 31%,Laurinsyra C12:0,Hård ost mm,1.0,g
97,Ost hårdost fett 31%,Betakaroten/β-Karoten,Hård ost mm,125.0,µg
97,Ost hårdost fett 31%,Avfall (skal etc.),Hård ost mm,0.0,%
97,Ost hårdost fett 31%,Aska,Hård ost mm,3.3,g
97,Ost hårdost fett 31%,Alkohol,Hård ost mm,0.0,g
98,Vitmögelost brie fett 30%,"Zink, Zn",Dessertost,2.4,mg
98,Vitmögelost brie fett 30%,Vitamin E,Dessertost,0.9,mg
98,Vitmögelost brie fett 30%,Vitamin D,Dessertost,0.2,µg
98,Vitmögelost brie fett 30%,Vitamin C,Dessertost,0.0,mg
98,Vitmögelost brie fett 30%,Vitamin B6,Dessertost,0.1,mg
98,Vitmögelost brie fett 30%,Vitamin B12,Dessertost,1.13,µg
98,Vitmögelost brie fett 30%,Vitamin A,Dessertost,279.2,RE/µg
98,Vitmögelost brie fett 30%,Vatten,Dessertost,47.4,g
98,Vitmögelost brie fett 30%,Tiamin,Dessertost,0.03,mg
98,Vitmögelost brie fett 30%,Tillsatt socker,Dessertost,0.0,g
98,Vitmögelost brie fett 30%,Fritt socker,Dessertost,0.0,g
98,Vitmögelost brie fett 30%,"Selen, Se",Dessertost,0.0,µg
98,Vitmögelost brie fett 30%,Sackaros,Dessertost,0.0,g
98,Vitmögelost brie fett 30%,Riboflavin,Dessertost,0.37,mg
98,Vitmögelost brie fett 30%,Retinol,Dessertost,272.0,µg
98,Vitmögelost brie fett 30%,Protein,Dessertost,17.0,g
98,Vitmögelost brie fett 30%,Summa fleromättade fettsyror,Dessertost,1.1,g
98,Vitmögelost brie fett 30%,"Fosfor, P",Dessertost,281.0,mg
98,Vitmögelost brie fett 30%,Niacinekvivalenter,Dessertost,4.5,NE/mg
98,Vitmögelost brie fett 30%,Niacin,Dessertost,0.56,mg
98,Vitmögelost brie fett 30%,"Salt, NaCl",Dessertost,1.0,g
98,Vitmögelost brie fett 30%,"Natrium, Na",Dessertost,404.0,mg
98,Vitmögelost brie fett 30%,Monosackarider,Dessertost,0.1,g
98,Vitmögelost brie fett 30%,"Sockerarter, totalt",Dessertost,0.1,g
98,Vitmögelost brie fett 30%,Summa enkelomättade fettsyror,Dessertost,7.3,g
98,Vitmögelost brie fett 30%,"Magnesium, Mg",Dessertost,18.0,mg
98,Vitmögelost brie fett 30%,Summa mättade fettsyror,Dessertost,19.5,g
98,Vitmögelost brie fett 30%,"Kolhydrater, tillgängliga",Dessertost,2.8,g
98,Vitmögelost brie fett 30%,Kolesterol,Dessertost,59.6,mg
98,Vitmögelost brie fett 30%,"Kalium, K",Dessertost,99.0,mg
98,Vitmögelost brie fett 30%,"Jod, I",Dessertost,19.1,µg
98,Vitmögelost brie fett 30%,Fullkorn totalt,Dessertost,0.0,g
98,Vitmögelost brie fett 30%,"Folat, totalt",Dessertost,39.0,µg
98,Vitmögelost brie fett 30%,Fibrer,Dessertost,0.0,g
98,Vitmögelost brie fett 30%,"Fett, totalt",Dessertost,30.2,g
98,Vitmögelost brie fett 30%,"Järn, Fe",Dessertost,0.1,mg
98,Vitmögelost brie fett 30%,Energi (kJ),Dessertost,1455.0,kJ
98,Vitmögelost brie fett 30%,Energi (kcal),Dessertost,348.0,kcal
98,Vitmögelost brie fett 30%,Disackarider,Dessertost,0.0,g
98,Vitmögelost brie fett 30%,"Kalcium, Ca",Dessertost,409.0,mg
98,Vitmögelost brie fett 30%,Fettsyra 4:0-10:0,Dessertost,2.1,g
98,Vitmögelost brie fett 30%,DHA (C22:6),Dessertost,0.0,g
98,Vitmögelost brie fett 30%,DPA (C22:5),Dessertost,0.0,g
98,Vitmögelost brie fett 30%,EPA (C20:5),Dessertost,0.0,g
98,Vitmögelost brie fett 30%,Arakidonsyra C20:4,Dessertost,0.0,g
98,Vitmögelost brie fett 30%,Arakidinsyra C20:0,Dessertost,0.0,g
98,Vitmögelost brie fett 30%,Linolensyra C18:3,Dessertost,0.2,g
98,Vitmögelost brie fett 30%,Linolsyra C18:2,Dessertost,0.8,g
98,Vitmögelost brie fett 30%,Oljesyra C18:1,Dessertost,6.3,g
98,Vitmögelost brie fett 30%,Stearinsyra C18:0,Dessertost,3.0,g
98,Vitmögelost brie fett 30%,Palmitoljesyra C16:1,Dessertost,0.5,g
98,Vitmögelost brie fett 30%,Palmitinsyra C16:0,Dessertost,9.1,g
98,Vitmögelost brie fett 30%,Myristinsyra C14:0,Dessertost,3.1,g
98,Vitmögelost brie fett 30%,Laurinsyra C12:0,Dessertost,0.9,g
98,Vitmögelost brie fett 30%,Betakaroten/β-Karoten,Dessertost,86.0,µg
98,Vitmögelost brie fett 30%,Avfall (skal etc.),Dessertost,0.0,%
98,Vitmögelost brie fett 30%,Aska,Dessertost,2.6,g
98,Vitmögelost brie fett 30%,Alkohol,Dessertost,0.0,g
100,Ost halloumi rå fett 22%,"Zink, Zn",Hård ost mm,3.0,mg
100,Ost halloumi rå fett 22%,Vitamin E,Hård ost mm,0.4,mg
100,Ost halloumi rå fett 22%,Vitamin D,Hård ost mm,0.16,µg
100,Ost halloumi rå fett 22%,Vitamin C,Hård ost mm,0.0,mg
100,Ost halloumi rå fett 22%,Vitamin B6,Hård ost mm,0.04,mg
100,Ost halloumi rå fett 22%,Vitamin B12,Hård ost mm,0.64,µg
100,Ost halloumi rå fett 22%,Vitamin A,Hård ost mm,193.0,RE/µg
100,Ost halloumi rå fett 22%,Vatten,Hård ost mm,48.5,g
100,Ost halloumi rå fett 22%,Tiamin,Hård ost mm,0.02,mg
100,Ost halloumi rå fett 22%,Tillsatt socker,Hård ost mm,0.0,g
100,Ost halloumi rå fett 22%,Fritt socker,Hård ost mm,0.0,g
100,Ost halloumi rå fett 22%,"Selen, Se",Hård ost mm,10.3,µg
100,Ost halloumi rå fett 22%,Sackaros,Hård ost mm,0.0,g
100,Ost halloumi rå fett 22%,Riboflavin,Hård ost mm,0.25,mg
100,Ost halloumi rå fett 22%,Retinol,Hård ost mm,192.0,µg
100,Ost halloumi rå fett 22%,Protein,Hård ost mm,22.3,g
100,Ost halloumi rå fett 22%,Summa fleromättade fettsyror,Hård ost mm,0.8,g
100,Ost halloumi rå fett 22%,"Fosfor, P",Hård ost mm,406.0,mg
100,Ost halloumi rå fett 22%,Niacinekvivalenter,Hård ost mm,5.3,NE/mg
100,Ost halloumi rå fett 22%,Niacin,Hård ost mm,0.08,mg
100,Ost halloumi rå fett 22%,"Salt, NaCl",Hård ost mm,4.2,g
100,Ost halloumi rå fett 22%,"Natrium, Na",Hård ost mm,1680.0,mg
100,Ost halloumi rå fett 22%,Monosackarider,Hård ost mm,0.2,g
100,Ost halloumi rå fett 22%,"Sockerarter, totalt",Hård ost mm,0.9,g
100,Ost halloumi rå fett 22%,Summa enkelomättade fettsyror,Hård ost mm,4.6,g
100,Ost halloumi rå fett 22%,"Magnesium, Mg",Hård ost mm,34.0,mg
100,Ost halloumi rå fett 22%,Summa mättade fettsyror,Hård ost mm,14.9,g
100,Ost halloumi rå fett 22%,"Kolhydrater, tillgängliga",Hård ost mm,1.9,g
100,Ost halloumi rå fett 22%,Kolesterol,Hård ost mm,71.0,mg
100,Ost halloumi rå fett 22%,"Kalium, K",Hård ost mm,74.0,mg
100,Ost halloumi rå fett 22%,"Jod, I",Hård ost mm,34.0,µg
100,Ost halloumi rå fett 22%,Fullkorn totalt,Hård ost mm,0.0,g
100,Ost halloumi rå fett 22%,"Folat, totalt",Hård ost mm,1.6,µg
100,Ost halloumi rå fett 22%,Fibrer,Hård ost mm,0.0,g
100,Ost halloumi rå fett 22%,"Fett, totalt",Hård ost mm,21.9,g
100,Ost halloumi rå fett 22%,"Järn, Fe",Hård ost mm,0.2,mg
100,Ost halloumi rå fett 22%,Energi (kJ),Hård ost mm,1221.0,kJ
100,Ost halloumi rå fett 22%,Energi (kcal),Hård ost mm,292.0,kcal
100,Ost halloumi rå fett 22%,Disackarider,Hård ost mm,0.6,g
100,Ost halloumi rå fett 22%,"Kalcium, Ca",Hård ost mm,633.0,mg
100,Ost halloumi rå fett 22%,Fettsyra 4:0-10:0,Hård ost mm,2.2,g
100,Ost halloumi rå fett 22%,DHA (C22:6),Hård ost mm,0.0,g
100,Ost halloumi rå fett 22%,DPA (C22:5),Hård ost mm,0.0,g
100,Ost halloumi rå fett 22%,EPA (C20:5),Hård ost mm,0.0,g
100,Ost halloumi rå fett 22%,Arakidonsyra C20:4,Hård ost mm,0.0,g
100,Ost halloumi rå fett 22%,Arakidinsyra C20:0,Hård ost mm,0.0,g
100,Ost halloumi rå fett 22%,Linolensyra C18:3,Hård ost mm,0.1,g
100,Ost halloumi rå fett 22%,Linolsyra C18:2,Hård ost mm,0.6,g
100,Ost halloumi rå fett 22%,Oljesyra C18:1,Hård ost mm,4.0,g
100,Ost halloumi rå fett 22%,Stearinsyra C18:0,Hård ost mm,1.9,g
100,Ost halloumi rå fett 22%,Palmitoljesyra C16:1,Hård ost mm,0.3,g
100,Ost halloumi rå fett 22%,Palmitinsyra C16:0,Hård ost mm,6.8,g
100,Ost halloumi rå fett 22%,Myristinsyra C14:0,Hård ost mm,2.3,g
100,Ost halloumi rå fett 22%,Laurinsyra C12:0,Hård ost mm,0.8,g
100,Ost halloumi rå fett 22%,Betakaroten/β-Karoten,Hård ost mm,12.0,µg
100,Ost halloumi rå fett 22%,Avfall (skal etc.),Hård ost mm,0.0,%
100,Ost halloumi rå fett 22%,Aska,Hård ost mm,5.4,g
100,Ost halloumi rå fett 22%,Alkohol,Hård ost mm,0.0,g
101,Färskost fett 33%,"Zink, Zn",Färskost o kvarg,0.5,mg
101,Färskost fett 33%,Vitamin E,Färskost o kvarg,0.7,mg
101,Färskost fett 33%,Vitamin D,Färskost o kvarg,0.33,µg
101,Färskost fett 33%,Vitamin C,Färskost o kvarg,0.0,mg
101,Färskost fett 33%,Vitamin B6,Färskost o kvarg,0.06,mg
101,Färskost fett 33%,Vitamin B12,Färskost o kvarg,0.2,µg
101,Färskost fett 33%,Vitamin A,Färskost o kvarg,311.6,RE/µg
101,Färskost fett 33%,Vatten,Färskost o kvarg,53.0,g
101,Färskost fett 33%,Tiamin,Färskost o kvarg,0.04,mg
101,Färskost fett 33%,Tillsatt socker,Färskost o kvarg,0.0,g
101,Färskost fett 33%,Fritt socker,Färskost o kvarg,0.0,g
101,Färskost fett 33%,"Selen, Se",Färskost o kvarg,5.5,µg
101,Färskost fett 33%,Sackaros,Färskost o kvarg,0.0,g
101,Färskost fett 33%,Riboflavin,Färskost o kvarg,0.2,mg
101,Färskost fett 33%,Retinol,Färskost o kvarg,300.0,µg
101,Färskost fett 33%,Protein,Färskost o kvarg,10.2,g
101,Färskost fett 33%,Summa fleromättade fettsyror,Färskost o kvarg,0.8,g
101,Färskost fett 33%,"Fosfor, P",Färskost o kvarg,160.0,mg
101,Färskost fett 33%,Niacinekvivalenter,Färskost o kvarg,2.48,NE/mg
101,Färskost fett 33%,Niacin,Färskost o kvarg,0.1,mg
101,Färskost fett 33%,"Salt, NaCl",Färskost o kvarg,1.4,g
101,Färskost fett 33%,"Natrium, Na",Färskost o kvarg,570.0,mg
101,Färskost fett 33%,Monosackarider,Färskost o kvarg,0.0,g
101,Färskost fett 33%,"Sockerarter, totalt",Färskost o kvarg,2.7,g
101,Färskost fett 33%,Summa enkelomättade fettsyror,Färskost o kvarg,8.5,g
101,Färskost fett 33%,"Magnesium, Mg",Färskost o kvarg,6.0,mg
101,Färskost fett 33%,Summa mättade fettsyror,Färskost o kvarg,21.4,g
101,Färskost fett 33%,"Kolhydrater, tillgängliga",Färskost o kvarg,2.4,g
101,Färskost fett 33%,Kolesterol,Färskost o kvarg,110.0,mg
101,Färskost fett 33%,"Kalium, K",Färskost o kvarg,119.0,mg
101,Färskost fett 33%,"Jod, I",Färskost o kvarg,12.0,µg
101,Färskost fett 33%,Fullkorn totalt,Färskost o kvarg,0.0,g
101,Färskost fett 33%,"Folat, totalt",Färskost o kvarg,13.0,µg
101,Färskost fett 33%,Fibrer,Färskost o kvarg,0.0,g
101,Färskost fett 33%,"Fett, totalt",Färskost o kvarg,33.0,g
101,Färskost fett 33%,"Järn, Fe",Färskost o kvarg,0.3,mg
101,Färskost fett 33%,Energi (kJ),Färskost o kvarg,1435.0,kJ
101,Färskost fett 33%,Energi (kcal),Färskost o kvarg,343.0,kcal
101,Färskost fett 33%,Disackarider,Färskost o kvarg,2.7,g
101,Färskost fett 33%,"Kalcium, Ca",Färskost o kvarg,200.0,mg
101,Färskost fett 33%,Fettsyra 4:0-10:0,Färskost o kvarg,2.8,g
101,Färskost fett 33%,DHA (C22:6),Färskost o kvarg,0.0,g
101,Färskost fett 33%,DPA (C22:5),Färskost o kvarg,0.0,g
101,Färskost fett 33%,EPA (C20:5),Färskost o kvarg,0.0,g
101,Färskost fett 33%,Arakidonsyra C20:4,Färskost o kvarg,0.0,g
101,Färskost fett 33%,Arakidinsyra C20:0,Färskost o kvarg,0.1,g
101,Färskost fett 33%,Linolensyra C18:3,Färskost o kvarg,0.2,g
101,Färskost fett 33%,Linolsyra C18:2,Färskost o kvarg,0.6,g
101,Färskost fett 33%,Oljesyra C18:1,Färskost o kvarg,7.4,g
101,Färskost fett 33%,Stearinsyra C18:0,Färskost o kvarg,3.7,g
101,Färskost fett 33%,Palmitoljesyra C16:1,Färskost o kvarg,0.5,g
101,Färskost fett 33%,Palmitinsyra C16:0,Färskost o kvarg,9.5,g
101,Färskost fett 33%,Myristinsyra C14:0,Färskost o kvarg,3.5,g
101,Färskost fett 33%,Laurinsyra C12:0,Färskost o kvarg,1.1,g
101,Färskost fett 33%,Betakaroten/β-Karoten,Färskost o kvarg,139.0,µg
101,Färskost fett 33%,Avfall (skal etc.),Färskost o kvarg,0.0,%
101,Färskost fett 33%,Aska,Färskost o kvarg,1.4,g
101,Färskost fett 33%,Alkohol,Färskost o kvarg,0.0,g
102,Ädelost blågrön mögelost fett över 40%,"Zink, Zn",Dessertost,1.9,mg
102,Ädelost blågrön mögelost fett över 40%,Vitamin E,Dessertost,1.2,mg
102,Ädelost blågrön mögelost fett över 40%,Vitamin D,Dessertost,0.0,µg
102,Ädelost blågrön mögelost fett över 40%,Vitamin C,Dessertost,0.0,mg
102,Ädelost blågrön mögelost fett över 40%,Vitamin B6,Dessertost,0.09,mg
102,Ädelost blågrön mögelost fett över 40%,Vitamin B12,Dessertost,0.81,µg
102,Ädelost blågrön mögelost fett över 40%,Vitamin A,Dessertost,388.2,RE/µg
102,Ädelost blågrön mögelost fett över 40%,Vatten,Dessertost,40.1,g
102,Ädelost blågrön mögelost fett över 40%,Tiamin,Dessertost,0.0,mg
102,Ädelost blågrön mögelost fett över 40%,Tillsatt socker,Dessertost,0.0,g
102,Ädelost blågrön mögelost fett över 40%,Fritt socker,Dessertost,0.0,g
102,Ädelost blågrön mögelost fett över 40%,"Selen, Se",Dessertost,7.7,µg
102,Ädelost blågrön mögelost fett över 40%,Sackaros,Dessertost,0.0,g
102,Ädelost blågrön mögelost fett över 40%,Riboflavin,Dessertost,0.26,mg
102,Ädelost blågrön mögelost fett över 40%,Retinol,Dessertost,375.0,µg
102,Ädelost blågrön mögelost fett över 40%,Protein,Dessertost,13.4,g
102,Ädelost blågrön mögelost fett över 40%,Summa fleromättade fettsyror,Dessertost,1.3,g
102,Ädelost blågrön mögelost fett över 40%,"Fosfor, P",Dessertost,240.0,mg
102,Ädelost blågrön mögelost fett över 40%,Niacinekvivalenter,Dessertost,3.9,NE/mg
102,Ädelost blågrön mögelost fett över 40%,Niacin,Dessertost,0.75,mg
102,Ädelost blågrön mögelost fett över 40%,"Salt, NaCl",Dessertost,1.8,g
102,Ädelost blågrön mögelost fett över 40%,"Natrium, Na",Dessertost,700.0,mg
102,Ädelost blågrön mögelost fett över 40%,Monosackarider,Dessertost,0.1,g
102,Ädelost blågrön mögelost fett över 40%,"Sockerarter, totalt",Dessertost,0.1,g
102,Ädelost blågrön mögelost fett över 40%,Summa enkelomättade fettsyror,Dessertost,9.8,g
102,Ädelost blågrön mögelost fett över 40%,"Magnesium, Mg",Dessertost,15.0,mg
102,Ädelost blågrön mögelost fett över 40%,Summa mättade fettsyror,Dessertost,28.3,g
102,Ädelost blågrön mögelost fett över 40%,"Kolhydrater, tillgängliga",Dessertost,1.2,g
102,Ädelost blågrön mögelost fett över 40%,Kolesterol,Dessertost,118.0,mg
102,Ädelost blågrön mögelost fett över 40%,"Kalium, K",Dessertost,71.0,mg
102,Ädelost blågrön mögelost fett över 40%,"Jod, I",Dessertost,20.0,µg
102,Ädelost blågrön mögelost fett över 40%,Fullkorn totalt,Dessertost,0.0,g
102,Ädelost blågrön mögelost fett över 40%,"Folat, totalt",Dessertost,13.0,µg
102,Ädelost blågrön mögelost fett över 40%,Fibrer,Dessertost,0.0,g
102,Ädelost blågrön mögelost fett över 40%,"Fett, totalt",Dessertost,42.1,g
102,Ädelost blågrön mögelost fett över 40%,"Järn, Fe",Dessertost,0.1,mg
102,Ädelost blågrön mögelost fett över 40%,Energi (kJ),Dessertost,1806.0,kJ
102,Ädelost blågrön mögelost fett över 40%,Energi (kcal),Dessertost,432.0,kcal
102,Ädelost blågrön mögelost fett över 40%,Disackarider,Dessertost,0.0,g
102,Ädelost blågrön mögelost fett över 40%,"Kalcium, Ca",Dessertost,340.0,mg
102,Ädelost blågrön mögelost fett över 40%,Fettsyra 4:0-10:0,Dessertost,2.8,g
102,Ädelost blågrön mögelost fett över 40%,DHA (C22:6),Dessertost,0.0,g
102,Ädelost blågrön mögelost fett över 40%,DPA (C22:5),Dessertost,0.0,g
102,Ädelost blågrön mögelost fett över 40%,EPA (C20:5),Dessertost,0.0,g
102,Ädelost blågrön mögelost fett över 40%,Arakidonsyra C20:4,Dessertost,0.0,g
102,Ädelost blågrön mögelost fett över 40%,Arakidinsyra C20:0,Dessertost,0.1,g
102,Ädelost blågrön mögelost fett över 40%,Linolensyra C18:3,Dessertost,0.2,g
102,Ädelost blågrön mögelost fett över 40%,Linolsyra C18:2,Dessertost,1.0,g
102,Ädelost blågrön mögelost fett över 40%,Oljesyra C18:1,Dessertost,8.5,g
102,Ädelost blågrön mögelost fett över 40%,Stearinsyra C18:0,Dessertost,4.0,g
102,Ädelost blågrön mögelost fett över 40%,Palmitoljesyra C16:1,Dessertost,0.7,g
102,Ädelost blågrön mögelost fett över 40%,Palmitinsyra C16:0,Dessertost,13.5,g
102,Ädelost blågrön mögelost fett över 40%,Myristinsyra C14:0,Dessertost,5.0,g
102,Ädelost blågrön mögelost fett över 40%,Laurinsyra C12:0,Dessertost,1.6,g
102,Ädelost blågrön mögelost fett över 40%,Betakaroten/β-Karoten,Dessertost,158.0,µg
102,Ädelost blågrön mögelost fett över 40%,Avfall (skal etc.),Dessertost,0.0,%
102,Ädelost blågrön mögelost fett över 40%,Aska,Dessertost,3.2,g
102,Ädelost blågrön mögelost fett över 40%,Alkohol,Dessertost,0.0,g
103,Ost hårdost parmesan fett 30% typ Parmiggiano Reggiano,"Zink, Zn",Hård ost mm,4.4,mg
103,Ost hårdost parmesan fett 30% typ Parmiggiano Reggiano,Vitamin E,Hård ost mm,0.5,mg
103,Ost hårdost parmesan fett 30% typ Parmiggiano Reggiano,Vitamin D,Hård ost mm,0.0,µg
103,Ost hårdost parmesan fett 30% typ Parmiggiano Reggiano,Vitamin C,Hård ost mm,0.0,mg
103,Ost hårdost parmesan fett 30% typ Parmiggiano Reggiano,Vitamin B6,Hård ost mm,0.76,mg
103,Ost hårdost parmesan fett 30% typ Parmiggiano Reggiano,Vitamin B12,Hård ost mm,1.32,µg
103,Ost hårdost parmesan fett 30% typ Parmiggiano Reggiano,Vitamin A,Hård ost mm,278.3,RE/µg
103,Ost hårdost parmesan fett 30% typ Parmiggiano Reggiano,Vatten,Hård ost mm,28.2,g
103,Ost hårdost parmesan fett 30% typ Parmiggiano Reggiano,Tiamin,Hård ost mm,0.0,mg
103,Ost hårdost parmesan fett 30% typ Parmiggiano Reggiano,Tillsatt socker,Hård ost mm,0.0,g
103,Ost hårdost parmesan fett 30% typ Parmiggiano Reggiano,Fritt socker,Hård ost mm,0.0,g
103,Ost hårdost parmesan fett 30% typ Parmiggiano Reggiano,"Selen, Se",Hård ost mm,23.0,µg
103,Ost hårdost parmesan fett 30% typ Parmiggiano Reggiano,Sackaros,Hård ost mm,0.0,g
103,Ost hårdost parmesan fett 30% typ Parmiggiano Reggiano,Riboflavin,Hård ost mm,0.27,mg
103,Ost hårdost parmesan fett 30% typ Parmiggiano Reggiano,Retinol,Hård ost mm,276.0,µg
103,Ost hårdost parmesan fett 30% typ Parmiggiano Reggiano,Protein,Hård ost mm,31.1,g
103,Ost hårdost parmesan fett 30% typ Parmiggiano Reggiano,Summa fleromättade fettsyror,Hård ost mm,1.3,g
103,Ost hårdost parmesan fett 30% typ Parmiggiano Reggiano,"Fosfor, P",Hård ost mm,590.0,mg
103,Ost hårdost parmesan fett 30% typ Parmiggiano Reggiano,Niacinekvivalenter,Hård ost mm,7.3,NE/mg
103,Ost hårdost parmesan fett 30% typ Parmiggiano Reggiano,Niacin,Hård ost mm,0.06,mg
103,Ost hårdost parmesan fett 30% typ Parmiggiano Reggiano,"Salt, NaCl",Hård ost mm,1.3,g
103,Ost hårdost parmesan fett 30% typ Parmiggiano Reggiano,"Natrium, Na",Hård ost mm,510.0,mg
103,Ost hårdost parmesan fett 30% typ Parmiggiano Reggiano,Monosackarider,Hård ost mm,0.0,g
103,Ost hårdost parmesan fett 30% typ Parmiggiano Reggiano,"Sockerarter, totalt",Hård ost mm,0.0,g
103,Ost hårdost parmesan fett 30% typ Parmiggiano Reggiano,Summa enkelomättade fettsyror,Hård ost mm,8.1,g
103,Ost hårdost parmesan fett 30% typ Parmiggiano Reggiano,"Magnesium, Mg",Hård ost mm,35.0,mg
103,Ost hårdost parmesan fett 30% typ Parmiggiano Reggiano,Summa mättade fettsyror,Hård ost mm,20.7,g
103,Ost hårdost parmesan fett 30% typ Parmiggiano Reggiano,"Kolhydrater, tillgängliga",Hård ost mm,4.2,g
103,Ost hårdost parmesan fett 30% typ Parmiggiano Reggiano,Kolesterol,Hård ost mm,97.2,mg
103,Ost hårdost parmesan fett 30% typ Parmiggiano Reggiano,"Kalium, K",Hård ost mm,87.0,mg
103,Ost hårdost parmesan fett 30% typ Parmiggiano Reggiano,"Jod, I",Hård ost mm,50.0,µg
103,Ost hårdost parmesan fett 30% typ Parmiggiano Reggiano,Fullkorn totalt,Hård ost mm,0.0,g
103,Ost hårdost parmesan fett 30% typ Parmiggiano Reggiano,"Folat, totalt",Hård ost mm,0.4,µg
103,Ost hårdost parmesan fett 30% typ Parmiggiano Reggiano,Fibrer,Hård ost mm,0.0,g
103,Ost hårdost parmesan fett 30% typ Parmiggiano Reggiano,"Fett, totalt",Hård ost mm,32.2,g
103,Ost hårdost parmesan fett 30% typ Parmiggiano Reggiano,"Järn, Fe",Hård ost mm,0.1,mg
103,Ost hårdost parmesan fett 30% typ Parmiggiano Reggiano,Energi (kJ),Hård ost mm,1791.0,kJ
103,Ost hårdost parmesan fett 30% typ Parmiggiano Reggiano,Energi (kcal),Hård ost mm,428.0,kcal
103,Ost hårdost parmesan fett 30% typ Parmiggiano Reggiano,Disackarider,Hård ost mm,0.0,g
103,Ost hårdost parmesan fett 30% typ Parmiggiano Reggiano,"Kalcium, Ca",Hård ost mm,840.0,mg
103,Ost hårdost parmesan fett 30% typ Parmiggiano Reggiano,Fettsyra 4:0-10:0,Hård ost mm,2.0,g
103,Ost hårdost parmesan fett 30% typ Parmiggiano Reggiano,DHA (C22:6),Hård ost mm,0.0,g
103,Ost hårdost parmesan fett 30% typ Parmiggiano Reggiano,DPA (C22:5),Hård ost mm,0.0,g
103,Ost hårdost parmesan fett 30% typ Parmiggiano Reggiano,EPA (C20:5),Hård ost mm,0.0,g
103,Ost hårdost parmesan fett 30% typ Parmiggiano Reggiano,Arakidonsyra C20:4,Hård ost mm,0.0,g
103,Ost hårdost parmesan fett 30% typ Parmiggiano Reggiano,Arakidinsyra C20:0,Hård ost mm,0.0,g
103,Ost hårdost parmesan fett 30% typ Parmiggiano Reggiano,Linolensyra C18:3,Hård ost mm,0.2,g
103,Ost hårdost parmesan fett 30% typ Parmiggiano Reggiano,Linolsyra C18:2,Hård ost mm,1.0,g
103,Ost hårdost parmesan fett 30% typ Parmiggiano Reggiano,Oljesyra C18:1,Hård ost mm,7.1,g
103,Ost hårdost parmesan fett 30% typ Parmiggiano Reggiano,Stearinsyra C18:0,Hård ost mm,2.9,g
103,Ost hårdost parmesan fett 30% typ Parmiggiano Reggiano,Palmitoljesyra C16:1,Hård ost mm,0.5,g
103,Ost hårdost parmesan fett 30% typ Parmiggiano Reggiano,Palmitinsyra C16:0,Hård ost mm,9.7,g
103,Ost hårdost parmesan fett 30% typ Parmiggiano Reggiano,Myristinsyra C14:0,Hård ost mm,3.6,g
103,Ost hårdost parmesan fett 30% typ Parmiggiano Reggiano,Laurinsyra C12:0,Hård ost mm,1.1,g
103,Ost hårdost parmesan fett 30% typ Parmiggiano Reggiano,Betakaroten/β-Karoten,Hård ost mm,28.0,µg
103,Ost hårdost parmesan fett 30% typ Parmiggiano Reggiano,Avfall (skal etc.),Hård ost mm,0.0,%
103,Ost hårdost parmesan fett 30% typ Parmiggiano Reggiano,Aska,Hård ost mm,4.3,g
103,Ost hårdost parmesan fett 30% typ Parmiggiano Reggiano,Alkohol,Hård ost mm,0.0,g
104,Färskost m. vitlök fett 35%,"Zink, Zn",Färskost o kvarg,0.4,mg
104,Färskost m. vitlök fett 35%,Vitamin E,Färskost o kvarg,0.8,mg
104,Färskost m. vitlök fett 35%,Vitamin D,Färskost o kvarg,0.24,µg
104,Färskost m. vitlök fett 35%,Vitamin C,Färskost o kvarg,0.0,mg
104,Färskost m. vitlök fett 35%,Vitamin B6,Färskost o kvarg,0.03,mg
104,Färskost m. vitlök fett 35%,Vitamin B12,Färskost o kvarg,0.6,µg
104,Färskost m. vitlök fett 35%,Vitamin A,Färskost o kvarg,268.7,RE/µg
104,Färskost m. vitlök fett 35%,Vatten,Färskost o kvarg,56.7,g
104,Färskost m. vitlök fett 35%,Tiamin,Färskost o kvarg,0.02,mg
104,Färskost m. vitlök fett 35%,Tillsatt socker,Färskost o kvarg,0.0,g
104,Färskost m. vitlök fett 35%,Fritt socker,Färskost o kvarg,0.0,g
104,Färskost m. vitlök fett 35%,"Selen, Se",Färskost o kvarg,5.5,µg
104,Färskost m. vitlök fett 35%,Sackaros,Färskost o kvarg,0.0,g
104,Färskost m. vitlök fett 35%,Riboflavin,Färskost o kvarg,0.14,mg
104,Färskost m. vitlök fett 35%,Retinol,Färskost o kvarg,262.0,µg
104,Färskost m. vitlök fett 35%,Protein,Färskost o kvarg,4.0,g
104,Färskost m. vitlök fett 35%,Summa fleromättade fettsyror,Färskost o kvarg,0.9,g
104,Färskost m. vitlök fett 35%,"Fosfor, P",Färskost o kvarg,145.0,mg
104,Färskost m. vitlök fett 35%,Niacinekvivalenter,Färskost o kvarg,1.03,NE/mg
104,Färskost m. vitlök fett 35%,Niacin,Färskost o kvarg,0.1,mg
104,Färskost m. vitlök fett 35%,"Salt, NaCl",Färskost o kvarg,0.6,g
104,Färskost m. vitlök fett 35%,"Natrium, Na",Färskost o kvarg,260.0,mg
104,Färskost m. vitlök fett 35%,Monosackarider,Färskost o kvarg,0.0,g
104,Färskost m. vitlök fett 35%,"Sockerarter, totalt",Färskost o kvarg,2.7,g
104,Färskost m. vitlök fett 35%,Summa enkelomättade fettsyror,Färskost o kvarg,9.0,g
104,Färskost m. vitlök fett 35%,"Magnesium, Mg",Färskost o kvarg,5.0,mg
104,Färskost m. vitlök fett 35%,Summa mättade fettsyror,Färskost o kvarg,22.7,g
104,Färskost m. vitlök fett 35%,"Kolhydrater, tillgängliga",Färskost o kvarg,3.5,g
104,Färskost m. vitlök fett 35%,Kolesterol,Färskost o kvarg,120.0,mg
104,Färskost m. vitlök fett 35%,"Kalium, K",Färskost o kvarg,40.0,mg
104,Färskost m. vitlök fett 35%,"Jod, I",Färskost o kvarg,7.1,µg
104,Färskost m. vitlök fett 35%,Fullkorn totalt,Färskost o kvarg,0.0,g
104,Färskost m. vitlök fett 35%,"Folat, totalt",Färskost o kvarg,13.0,µg
104,Färskost m. vitlök fett 35%,Fibrer,Färskost o kvarg,0.0,g
104,Färskost m. vitlök fett 35%,"Fett, totalt",Färskost o kvarg,35.0,g
104,Färskost m. vitlök fett 35%,"Järn, Fe",Färskost o kvarg,0.1,mg
104,Färskost m. vitlök fett 35%,Energi (kJ),Färskost o kvarg,1422.0,kJ
104,Färskost m. vitlök fett 35%,Energi (kcal),Färskost o kvarg,340.0,kcal
104,Färskost m. vitlök fett 35%,Disackarider,Färskost o kvarg,2.7,g
104,Färskost m. vitlök fett 35%,"Kalcium, Ca",Färskost o kvarg,68.0,mg
104,Färskost m. vitlök fett 35%,Fettsyra 4:0-10:0,Färskost o kvarg,3.0,g
104,Färskost m. vitlök fett 35%,DHA (C22:6),Färskost o kvarg,0.0,g
104,Färskost m. vitlök fett 35%,DPA (C22:5),Färskost o kvarg,0.0,g
104,Färskost m. vitlök fett 35%,EPA (C20:5),Färskost o kvarg,0.0,g
104,Färskost m. vitlök fett 35%,Arakidonsyra C20:4,Färskost o kvarg,0.0,g
104,Färskost m. vitlök fett 35%,Arakidinsyra C20:0,Färskost o kvarg,0.1,g
104,Färskost m. vitlök fett 35%,Linolensyra C18:3,Färskost o kvarg,0.2,g
104,Färskost m. vitlök fett 35%,Linolsyra C18:2,Färskost o kvarg,0.7,g
104,Färskost m. vitlök fett 35%,Oljesyra C18:1,Färskost o kvarg,7.9,g
104,Färskost m. vitlök fett 35%,Stearinsyra C18:0,Färskost o kvarg,3.9,g
104,Färskost m. vitlök fett 35%,Palmitoljesyra C16:1,Färskost o kvarg,0.5,g
104,Färskost m. vitlök fett 35%,Palmitinsyra C16:0,Färskost o kvarg,10.0,g
104,Färskost m. vitlök fett 35%,Myristinsyra C14:0,Färskost o kvarg,3.7,g
104,Färskost m. vitlök fett 35%,Laurinsyra C12:0,Färskost o kvarg,1.1,g
104,Färskost m. vitlök fett 35%,Betakaroten/β-Karoten,Färskost o kvarg,80.0,µg
104,Färskost m. vitlök fett 35%,Avfall (skal etc.),Färskost o kvarg,0.0,%
104,Färskost m. vitlök fett 35%,Aska,Färskost o kvarg,0.8,g
104,Färskost m. vitlök fett 35%,Alkohol,Färskost o kvarg,0.0,g
105,Vitmögelost camembert fett 11%,"Zink, Zn",Dessertost,2.4,mg
105,Vitmögelost camembert fett 11%,Vitamin E,Dessertost,0.3,mg
105,Vitmögelost camembert fett 11%,Vitamin D,Dessertost,0.12,µg
105,Vitmögelost camembert fett 11%,Vitamin C,Dessertost,0.0,mg
105,Vitmögelost camembert fett 11%,Vitamin B6,Dessertost,0.25,mg
105,Vitmögelost camembert fett 11%,Vitamin B12,Dessertost,1.1,µg
105,Vitmögelost camembert fett 11%,Vitamin A,Dessertost,89.3,RE/µg
105,Vitmögelost camembert fett 11%,Vatten,Dessertost,64.1,g
105,Vitmögelost camembert fett 11%,Tiamin,Dessertost,0.04,mg
105,Vitmögelost camembert fett 11%,Tillsatt socker,Dessertost,0.0,g
105,Vitmögelost camembert fett 11%,Fritt socker,Dessertost,0.0,g
105,Vitmögelost camembert fett 11%,"Selen, Se",Dessertost,3.0,µg
105,Vitmögelost camembert fett 11%,Sackaros,Dessertost,0.0,g
105,Vitmögelost camembert fett 11%,Riboflavin,Dessertost,0.45,mg
105,Vitmögelost camembert fett 11%,Retinol,Dessertost,86.0,µg
105,Vitmögelost camembert fett 11%,Protein,Dessertost,21.4,g
105,Vitmögelost camembert fett 11%,Summa fleromättade fettsyror,Dessertost,0.3,g
105,Vitmögelost camembert fett 11%,"Fosfor, P",Dessertost,370.0,mg
105,Vitmögelost camembert fett 11%,Niacinekvivalenter,Dessertost,6.79,NE/mg
105,Vitmögelost camembert fett 11%,Niacin,Dessertost,1.8,mg
105,Vitmögelost camembert fett 11%,"Salt, NaCl",Dessertost,1.5,g
105,Vitmögelost camembert fett 11%,"Natrium, Na",Dessertost,605.0,mg
105,Vitmögelost camembert fett 11%,Monosackarider,Dessertost,0.0,g
105,Vitmögelost camembert fett 11%,"Sockerarter, totalt",Dessertost,0.0,g
105,Vitmögelost camembert fett 11%,Summa enkelomättade fettsyror,Dessertost,2.8,g
105,Vitmögelost camembert fett 11%,"Magnesium, Mg",Dessertost,20.0,mg
105,Vitmögelost camembert fett 11%,Summa mättade fettsyror,Dessertost,7.1,g
105,Vitmögelost camembert fett 11%,"Kolhydrater, tillgängliga",Dessertost,0.2,g
105,Vitmögelost camembert fett 11%,Kolesterol,Dessertost,35.0,mg
105,Vitmögelost camembert fett 11%,"Kalium, K",Dessertost,720.0,mg
105,Vitmögelost camembert fett 11%,"Jod, I",Dessertost,19.1,µg
105,Vitmögelost camembert fett 11%,Fullkorn totalt,Dessertost,0.0,g
105,Vitmögelost camembert fett 11%,"Folat, totalt",Dessertost,62.0,µg
105,Vitmögelost camembert fett 11%,Fibrer,Dessertost,0.0,g
105,Vitmögelost camembert fett 11%,"Fett, totalt",Dessertost,11.0,g
105,Vitmögelost camembert fett 11%,"Järn, Fe",Dessertost,0.2,mg
105,Vitmögelost camembert fett 11%,Energi (kJ),Dessertost,774.0,kJ
105,Vitmögelost camembert fett 11%,Energi (kcal),Dessertost,185.0,kcal
105,Vitmögelost camembert fett 11%,Disackarider,Dessertost,0.0,g
105,Vitmögelost camembert fett 11%,"Kalcium, Ca",Dessertost,187.0,mg
105,Vitmögelost camembert fett 11%,Fettsyra 4:0-10:0,Dessertost,0.9,g
105,Vitmögelost camembert fett 11%,DHA (C22:6),Dessertost,0.0,g
105,Vitmögelost camembert fett 11%,DPA (C22:5),Dessertost,0.0,g
105,Vitmögelost camembert fett 11%,EPA (C20:5),Dessertost,0.0,g
105,Vitmögelost camembert fett 11%,Arakidonsyra C20:4,Dessertost,0.0,g
105,Vitmögelost camembert fett 11%,Arakidinsyra C20:0,Dessertost,0.0,g
105,Vitmögelost camembert fett 11%,Linolensyra C18:3,Dessertost,0.1,g
105,Vitmögelost camembert fett 11%,Linolsyra C18:2,Dessertost,0.2,g
105,Vitmögelost camembert fett 11%,Oljesyra C18:1,Dessertost,2.5,g
105,Vitmögelost camembert fett 11%,Stearinsyra C18:0,Dessertost,1.2,g
105,Vitmögelost camembert fett 11%,Palmitoljesyra C16:1,Dessertost,0.2,g
105,Vitmögelost camembert fett 11%,Palmitinsyra C16:0,Dessertost,3.2,g
105,Vitmögelost camembert fett 11%,Myristinsyra C14:0,Dessertost,1.2,g
105,Vitmögelost camembert fett 11%,Laurinsyra C12:0,Dessertost,0.4,g
105,Vitmögelost camembert fett 11%,Betakaroten/β-Karoten,Dessertost,40.0,µg
105,Vitmögelost camembert fett 11%,Avfall (skal etc.),Dessertost,0.0,%
105,Vitmögelost camembert fett 11%,Aska,Dessertost,3.3,g
105,Vitmögelost camembert fett 11%,Alkohol,Dessertost,0.0,g
107,Färskost cream cheese fett 27%,"Zink, Zn",Färskost o kvarg,0.6,mg
107,Färskost cream cheese fett 27%,Vitamin E,Färskost o kvarg,0.6,mg
107,Färskost cream cheese fett 27%,Vitamin D,Färskost o kvarg,0.1,µg
107,Färskost cream cheese fett 27%,Vitamin C,Färskost o kvarg,0.0,mg
107,Färskost cream cheese fett 27%,Vitamin B6,Färskost o kvarg,0.04,mg
107,Färskost cream cheese fett 27%,Vitamin B12,Färskost o kvarg,0.22,µg
107,Färskost cream cheese fett 27%,Vitamin A,Färskost o kvarg,285.3,RE/µg
107,Färskost cream cheese fett 27%,Vatten,Färskost o kvarg,63.1,g
107,Färskost cream cheese fett 27%,Tiamin,Färskost o kvarg,0.03,mg
107,Färskost cream cheese fett 27%,Tillsatt socker,Färskost o kvarg,0.0,g
107,Färskost cream cheese fett 27%,Fritt socker,Färskost o kvarg,0.0,g
107,Färskost cream cheese fett 27%,"Selen, Se",Färskost o kvarg,2.9,µg
107,Färskost cream cheese fett 27%,Sackaros,Färskost o kvarg,0.0,g
107,Färskost cream cheese fett 27%,Riboflavin,Färskost o kvarg,0.17,mg
107,Färskost cream cheese fett 27%,Retinol,Färskost o kvarg,283.6,µg
107,Färskost cream cheese fett 27%,Protein,Färskost o kvarg,6.1,g
107,Färskost cream cheese fett 27%,Summa fleromättade fettsyror,Färskost o kvarg,1.2,g
107,Färskost cream cheese fett 27%,"Fosfor, P",Färskost o kvarg,95.0,mg
107,Färskost cream cheese fett 27%,Niacinekvivalenter,Färskost o kvarg,1.5,NE/mg
107,Färskost cream cheese fett 27%,Niacin,Färskost o kvarg,0.07,mg
107,Färskost cream cheese fett 27%,"Salt, NaCl",Färskost o kvarg,0.7,g
107,Färskost cream cheese fett 27%,"Natrium, Na",Färskost o kvarg,268.0,mg
107,Färskost cream cheese fett 27%,Monosackarider,Färskost o kvarg,0.0,g
107,Färskost cream cheese fett 27%,"Sockerarter, totalt",Färskost o kvarg,2.7,g
107,Färskost cream cheese fett 27%,Summa enkelomättade fettsyror,Färskost o kvarg,6.4,g
107,Färskost cream cheese fett 27%,"Magnesium, Mg",Färskost o kvarg,7.0,mg
107,Färskost cream cheese fett 27%,Summa mättade fettsyror,Färskost o kvarg,18.0,g
107,Färskost cream cheese fett 27%,"Kolhydrater, tillgängliga",Färskost o kvarg,2.4,g
107,Färskost cream cheese fett 27%,Kolesterol,Färskost o kvarg,84.9,mg
107,Färskost cream cheese fett 27%,"Kalium, K",Färskost o kvarg,71.0,mg
107,Färskost cream cheese fett 27%,"Jod, I",Färskost o kvarg,7.1,µg
107,Färskost cream cheese fett 27%,Fullkorn totalt,Färskost o kvarg,0.0,g
107,Färskost cream cheese fett 27%,"Folat, totalt",Färskost o kvarg,15.3,µg
107,Färskost cream cheese fett 27%,Fibrer,Färskost o kvarg,0.0,g
107,Färskost cream cheese fett 27%,"Fett, totalt",Färskost o kvarg,27.3,g
107,Färskost cream cheese fett 27%,"Järn, Fe",Färskost o kvarg,0.1,mg
107,Färskost cream cheese fett 27%,Energi (kJ),Färskost o kvarg,1155.0,kJ
107,Färskost cream cheese fett 27%,Energi (kcal),Färskost o kvarg,276.0,kcal
107,Färskost cream cheese fett 27%,Disackarider,Färskost o kvarg,2.7,g
107,Färskost cream cheese fett 27%,"Kalcium, Ca",Färskost o kvarg,88.0,mg
107,Färskost cream cheese fett 27%,Fettsyra 4:0-10:0,Färskost o kvarg,3.4,g
107,Färskost cream cheese fett 27%,DHA (C22:6),Färskost o kvarg,0.0,g
107,Färskost cream cheese fett 27%,DPA (C22:5),Färskost o kvarg,0.0,g
107,Färskost cream cheese fett 27%,EPA (C20:5),Färskost o kvarg,0.0,g
107,Färskost cream cheese fett 27%,Arakidonsyra C20:4,Färskost o kvarg,0.0,g
107,Färskost cream cheese fett 27%,Arakidinsyra C20:0,Färskost o kvarg,0.0,g
107,Färskost cream cheese fett 27%,Linolensyra C18:3,Färskost o kvarg,0.2,g
107,Färskost cream cheese fett 27%,Linolsyra C18:2,Färskost o kvarg,0.6,g
107,Färskost cream cheese fett 27%,Oljesyra C18:1,Färskost o kvarg,5.5,g
107,Färskost cream cheese fett 27%,Stearinsyra C18:0,Färskost o kvarg,2.6,g
107,Färskost cream cheese fett 27%,Palmitoljesyra C16:1,Färskost o kvarg,0.4,g
107,Färskost cream cheese fett 27%,Palmitinsyra C16:0,Färskost o kvarg,7.2,g
107,Färskost cream cheese fett 27%,Myristinsyra C14:0,Färskost o kvarg,2.8,g
107,Färskost cream cheese fett 27%,Laurinsyra C12:0,Färskost o kvarg,0.9,g
107,Färskost cream cheese fett 27%,Betakaroten/β-Karoten,Färskost o kvarg,19.0,µg
107,Färskost cream cheese fett 27%,Avfall (skal etc.),Färskost o kvarg,0.0,%
107,Färskost cream cheese fett 27%,Aska,Färskost o kvarg,1.1,g
107,Färskost cream cheese fett 27%,Alkohol,Färskost o kvarg,0.0,g
108,Färskost cream cheese lätt fett 15%,"Zink, Zn",Färskost o kvarg,0.4,mg
108,Färskost cream cheese lätt fett 15%,Vitamin E,Färskost o kvarg,0.4,mg
108,Färskost cream cheese lätt fett 15%,Vitamin D,Färskost o kvarg,0.1,µg
108,Färskost cream cheese lätt fett 15%,Vitamin C,Färskost o kvarg,0.0,mg
108,Färskost cream cheese lätt fett 15%,Vitamin B6,Färskost o kvarg,0.02,mg
108,Färskost cream cheese lätt fett 15%,Vitamin B12,Färskost o kvarg,0.13,µg
108,Färskost cream cheese lätt fett 15%,Vitamin A,Färskost o kvarg,169.0,RE/µg
108,Färskost cream cheese lätt fett 15%,Vatten,Färskost o kvarg,72.1,g
108,Färskost cream cheese lätt fett 15%,Tiamin,Färskost o kvarg,0.02,mg
108,Färskost cream cheese lätt fett 15%,Tillsatt socker,Färskost o kvarg,0.0,g
108,Färskost cream cheese lätt fett 15%,Fritt socker,Färskost o kvarg,0.0,g
108,Färskost cream cheese lätt fett 15%,"Selen, Se",Färskost o kvarg,4.0,µg
108,Färskost cream cheese lätt fett 15%,Sackaros,Färskost o kvarg,0.0,g
108,Färskost cream cheese lätt fett 15%,Riboflavin,Färskost o kvarg,0.1,mg
108,Färskost cream cheese lätt fett 15%,Retinol,Färskost o kvarg,168.1,µg
108,Färskost cream cheese lätt fett 15%,Protein,Färskost o kvarg,7.8,g
108,Färskost cream cheese lätt fett 15%,Summa fleromättade fettsyror,Färskost o kvarg,0.7,g
108,Färskost cream cheese lätt fett 15%,"Fosfor, P",Färskost o kvarg,57.0,mg
108,Färskost cream cheese lätt fett 15%,Niacinekvivalenter,Färskost o kvarg,1.86,NE/mg
108,Färskost cream cheese lätt fett 15%,Niacin,Färskost o kvarg,0.04,mg
108,Färskost cream cheese lätt fett 15%,"Salt, NaCl",Färskost o kvarg,0.4,g
108,Färskost cream cheese lätt fett 15%,"Natrium, Na",Färskost o kvarg,159.0,mg
108,Färskost cream cheese lätt fett 15%,Monosackarider,Färskost o kvarg,0.1,g
108,Färskost cream cheese lätt fett 15%,"Sockerarter, totalt",Färskost o kvarg,2.8,g
108,Färskost cream cheese lätt fett 15%,Summa enkelomättade fettsyror,Färskost o kvarg,3.8,g
108,Färskost cream cheese lätt fett 15%,"Magnesium, Mg",Färskost o kvarg,4.0,mg
108,Färskost cream cheese lätt fett 15%,Summa mättade fettsyror,Färskost o kvarg,10.6,g
108,Färskost cream cheese lätt fett 15%,"Kolhydrater, tillgängliga",Färskost o kvarg,3.4,g
108,Färskost cream cheese lätt fett 15%,Kolesterol,Färskost o kvarg,50.3,mg
108,Färskost cream cheese lätt fett 15%,"Kalium, K",Färskost o kvarg,42.0,mg
108,Färskost cream cheese lätt fett 15%,"Jod, I",Färskost o kvarg,7.0,µg
108,Färskost cream cheese lätt fett 15%,Fullkorn totalt,Färskost o kvarg,0.0,g
108,Färskost cream cheese lätt fett 15%,"Folat, totalt",Färskost o kvarg,18.0,µg
108,Färskost cream cheese lätt fett 15%,Fibrer,Färskost o kvarg,0.0,g
108,Färskost cream cheese lätt fett 15%,"Fett, totalt",Färskost o kvarg,16.0,g
108,Färskost cream cheese lätt fett 15%,"Järn, Fe",Färskost o kvarg,0.1,mg
108,Färskost cream cheese lätt fett 15%,Energi (kJ),Färskost o kvarg,782.0,kJ
108,Färskost cream cheese lätt fett 15%,Energi (kcal),Färskost o kvarg,187.0,kcal
108,Färskost cream cheese lätt fett 15%,Disackarider,Färskost o kvarg,2.7,g
108,Färskost cream cheese lätt fett 15%,"Kalcium, Ca",Färskost o kvarg,52.0,mg
108,Färskost cream cheese lätt fett 15%,Fettsyra 4:0-10:0,Färskost o kvarg,2.0,g
108,Färskost cream cheese lätt fett 15%,DHA (C22:6),Färskost o kvarg,0.0,g
108,Färskost cream cheese lätt fett 15%,DPA (C22:5),Färskost o kvarg,0.0,g
108,Färskost cream cheese lätt fett 15%,EPA (C20:5),Färskost o kvarg,0.0,g
108,Färskost cream cheese lätt fett 15%,Arakidonsyra C20:4,Färskost o kvarg,0.0,g
108,Färskost cream cheese lätt fett 15%,Arakidinsyra C20:0,Färskost o kvarg,0.0,g
108,Färskost cream cheese lätt fett 15%,Linolensyra C18:3,Färskost o kvarg,0.1,g
108,Färskost cream cheese lätt fett 15%,Linolsyra C18:2,Färskost o kvarg,0.4,g
108,Färskost cream cheese lätt fett 15%,Oljesyra C18:1,Färskost o kvarg,3.3,g
108,Färskost cream cheese lätt fett 15%,Stearinsyra C18:0,Färskost o kvarg,1.5,g
108,Färskost cream cheese lätt fett 15%,Palmitoljesyra C16:1,Färskost o kvarg,0.3,g
108,Färskost cream cheese lätt fett 15%,Palmitinsyra C16:0,Färskost o kvarg,4.3,g
108,Färskost cream cheese lätt fett 15%,Myristinsyra C14:0,Färskost o kvarg,1.7,g
108,Färskost cream cheese lätt fett 15%,Laurinsyra C12:0,Färskost o kvarg,0.5,g
108,Färskost cream cheese lätt fett 15%,Betakaroten/β-Karoten,Färskost o kvarg,11.0,µg
108,Färskost cream cheese lätt fett 15%,Avfall (skal etc.),Färskost o kvarg,0.0,%
108,Färskost cream cheese lätt fett 15%,Aska,Färskost o kvarg,0.7,g
108,Färskost cream cheese lätt fett 15%,Alkohol,Färskost o kvarg,0.0,g
109,Färskost cream cheese extra light fett 5%,"Zink, Zn",Färskost o kvarg,0.5,mg
109,Färskost cream cheese extra light fett 5%,Vitamin E,Färskost o kvarg,0.1,mg
109,Färskost cream cheese extra light fett 5%,Vitamin D,Färskost o kvarg,0.1,µg
109,Färskost cream cheese extra light fett 5%,Vitamin C,Färskost o kvarg,0.0,mg
109,Färskost cream cheese extra light fett 5%,Vitamin B6,Färskost o kvarg,0.04,mg
109,Färskost cream cheese extra light fett 5%,Vitamin B12,Färskost o kvarg,0.34,µg
109,Färskost cream cheese extra light fett 5%,Vitamin A,Färskost o kvarg,56.3,RE/µg
109,Färskost cream cheese extra light fett 5%,Vatten,Färskost o kvarg,76.2,g
109,Färskost cream cheese extra light fett 5%,Tiamin,Färskost o kvarg,0.03,mg
109,Färskost cream cheese extra light fett 5%,Tillsatt socker,Färskost o kvarg,0.0,g
109,Färskost cream cheese extra light fett 5%,Fritt socker,Färskost o kvarg,0.0,g
109,Färskost cream cheese extra light fett 5%,"Selen, Se",Färskost o kvarg,6.2,µg
109,Färskost cream cheese extra light fett 5%,Sackaros,Färskost o kvarg,0.0,g
109,Färskost cream cheese extra light fett 5%,Riboflavin,Färskost o kvarg,0.25,mg
109,Färskost cream cheese extra light fett 5%,Retinol,Färskost o kvarg,54.6,µg
109,Färskost cream cheese extra light fett 5%,Protein,Färskost o kvarg,12.2,g
109,Färskost cream cheese extra light fett 5%,Summa fleromättade fettsyror,Färskost o kvarg,0.2,g
109,Färskost cream cheese extra light fett 5%,"Fosfor, P",Färskost o kvarg,132.0,mg
109,Färskost cream cheese extra light fett 5%,Niacinekvivalenter,Färskost o kvarg,3.0,NE/mg
109,Färskost cream cheese extra light fett 5%,Niacin,Färskost o kvarg,0.1,mg
109,Färskost cream cheese extra light fett 5%,"Salt, NaCl",Färskost o kvarg,0.8,g
109,Färskost cream cheese extra light fett 5%,"Natrium, Na",Färskost o kvarg,342.0,mg
109,Färskost cream cheese extra light fett 5%,Monosackarider,Färskost o kvarg,0.1,g
109,Färskost cream cheese extra light fett 5%,"Sockerarter, totalt",Färskost o kvarg,3.0,g
109,Färskost cream cheese extra light fett 5%,Summa enkelomättade fettsyror,Färskost o kvarg,1.3,g
109,Färskost cream cheese extra light fett 5%,"Magnesium, Mg",Färskost o kvarg,8.0,mg
109,Färskost cream cheese extra light fett 5%,Summa mättade fettsyror,Färskost o kvarg,3.4,g
109,Färskost cream cheese extra light fett 5%,"Kolhydrater, tillgängliga",Färskost o kvarg,4.7,g
109,Färskost cream cheese extra light fett 5%,Kolesterol,Färskost o kvarg,27.5,mg
109,Färskost cream cheese extra light fett 5%,"Kalium, K",Färskost o kvarg,188.0,mg
109,Färskost cream cheese extra light fett 5%,"Jod, I",Färskost o kvarg,19.0,µg
109,Färskost cream cheese extra light fett 5%,Fullkorn totalt,Färskost o kvarg,0.0,g
109,Färskost cream cheese extra light fett 5%,"Folat, totalt",Färskost o kvarg,23.8,µg
109,Färskost cream cheese extra light fett 5%,Fibrer,Färskost o kvarg,0.0,g
109,Färskost cream cheese extra light fett 5%,"Fett, totalt",Färskost o kvarg,5.3,g
109,Färskost cream cheese extra light fett 5%,"Järn, Fe",Färskost o kvarg,0.1,mg
109,Färskost cream cheese extra light fett 5%,Energi (kJ),Färskost o kvarg,484.0,kJ
109,Färskost cream cheese extra light fett 5%,Energi (kcal),Färskost o kvarg,116.0,kcal
109,Färskost cream cheese extra light fett 5%,Disackarider,Färskost o kvarg,2.9,g
109,Färskost cream cheese extra light fett 5%,"Kalcium, Ca",Färskost o kvarg,57.0,mg
109,Färskost cream cheese extra light fett 5%,Fettsyra 4:0-10:0,Färskost o kvarg,0.4,g
109,Färskost cream cheese extra light fett 5%,DHA (C22:6),Färskost o kvarg,0.0,g
109,Färskost cream cheese extra light fett 5%,DPA (C22:5),Färskost o kvarg,0.0,g
109,Färskost cream cheese extra light fett 5%,EPA (C20:5),Färskost o kvarg,0.0,g
109,Färskost cream cheese extra light fett 5%,Arakidonsyra C20:4,Färskost o kvarg,0.0,g
109,Färskost cream cheese extra light fett 5%,Arakidinsyra C20:0,Färskost o kvarg,0.0,g
109,Färskost cream cheese extra light fett 5%,Linolensyra C18:3,Färskost o kvarg,0.0,g
109,Färskost cream cheese extra light fett 5%,Linolsyra C18:2,Färskost o kvarg,0.2,g
109,Färskost cream cheese extra light fett 5%,Oljesyra C18:1,Färskost o kvarg,1.1,g
109,Färskost cream cheese extra light fett 5%,Stearinsyra C18:0,Färskost o kvarg,0.5,g
109,Färskost cream cheese extra light fett 5%,Palmitoljesyra C16:1,Färskost o kvarg,0.1,g
109,Färskost cream cheese extra light fett 5%,Palmitinsyra C16:0,Färskost o kvarg,1.6,g
109,Färskost cream cheese extra light fett 5%,Myristinsyra C14:0,Färskost o kvarg,0.5,g
109,Färskost cream cheese extra light fett 5%,Laurinsyra C12:0,Färskost o kvarg,0.2,g
109,Färskost cream cheese extra light fett 5%,Betakaroten/β-Karoten,Färskost o kvarg,18.0,µg
109,Färskost cream cheese extra light fett 5%,Avfall (skal etc.),Färskost o kvarg,0.0,%
109,Färskost cream cheese extra light fett 5%,Aska,Färskost o kvarg,1.5,g
109,Färskost cream cheese extra light fett 5%,Alkohol,Färskost o kvarg,0.0,g
110,Vitmögelost camembert friterad,"Zink, Zn",Osträtter,2.0,mg
110,Vitmögelost camembert friterad,Vitamin E,Osträtter,3.0,mg
110,Vitmögelost camembert friterad,Vitamin D,Osträtter,0.18,µg
110,Vitmögelost camembert friterad,Vitamin C,Osträtter,0.2,mg
110,Vitmögelost camembert friterad,Vitamin B6,Osträtter,0.14,mg
110,Vitmögelost camembert friterad,Vitamin B12,Osträtter,0.69,µg
110,Vitmögelost camembert friterad,Vitamin A,Osträtter,176.1,RE/µg
110,Vitmögelost camembert friterad,Vatten,Osträtter,42.7,g
110,Vitmögelost camembert friterad,Tiamin,Osträtter,0.06,mg
110,Vitmögelost camembert friterad,Tillsatt socker,Osträtter,1.0,g
110,Vitmögelost camembert friterad,Fritt socker,Osträtter,1.0,g
110,Vitmögelost camembert friterad,"Selen, Se",Osträtter,11.0,µg
110,Vitmögelost camembert friterad,Sackaros,Osträtter,0.0,g
110,Vitmögelost camembert friterad,Riboflavin,Osträtter,0.4,mg
110,Vitmögelost camembert friterad,Retinol,Osträtter,162.5,µg
110,Vitmögelost camembert friterad,Protein,Osträtter,16.3,g
110,Vitmögelost camembert friterad,Summa fleromättade fettsyror,Osträtter,2.6,g
110,Vitmögelost camembert friterad,"Fosfor, P",Osträtter,281.0,mg
110,Vitmögelost camembert friterad,Niacinekvivalenter,Osträtter,4.81,NE/mg
110,Vitmögelost camembert friterad,Niacin,Osträtter,1.09,mg
110,Vitmögelost camembert friterad,"Salt, NaCl",Osträtter,1.0,g
110,Vitmögelost camembert friterad,"Natrium, Na",Osträtter,393.0,mg
110,Vitmögelost camembert friterad,Monosackarider,Osträtter,0.5,g
110,Vitmögelost camembert friterad,"Sockerarter, totalt",Osträtter,0.9,g
110,Vitmögelost camembert friterad,Summa enkelomättade fettsyror,Osträtter,6.9,g
110,Vitmögelost camembert friterad,"Magnesium, Mg",Osträtter,23.0,mg
110,Vitmögelost camembert friterad,Summa mättade fettsyror,Osträtter,10.1,g
110,Vitmögelost camembert friterad,"Kolhydrater, tillgängliga",Osträtter,16.1,g
110,Vitmögelost camembert friterad,Kolesterol,Osträtter,94.6,mg
110,Vitmögelost camembert friterad,"Kalium, K",Osträtter,143.0,mg
110,Vitmögelost camembert friterad,"Jod, I",Osträtter,27.2,µg
110,Vitmögelost camembert friterad,Fullkorn totalt,Osträtter,2.0,g
110,Vitmögelost camembert friterad,"Folat, totalt",Osträtter,39.2,µg
110,Vitmögelost camembert friterad,Fibrer,Osträtter,1.5,g
110,Vitmögelost camembert friterad,"Fett, totalt",Osträtter,21.0,g
110,Vitmögelost camembert friterad,"Järn, Fe",Osträtter,0.6,mg
110,Vitmögelost camembert friterad,Energi (kJ),Osträtter,1340.0,kJ
110,Vitmögelost camembert friterad,Energi (kcal),Osträtter,320.0,kcal
110,Vitmögelost camembert friterad,Disackarider,Osträtter,0.4,g
110,Vitmögelost camembert friterad,"Kalcium, Ca",Osträtter,302.0,mg
110,Vitmögelost camembert friterad,Fettsyra 4:0-10:0,Osträtter,0.9,g
110,Vitmögelost camembert friterad,DHA (C22:6),Osträtter,0.0,g
110,Vitmögelost camembert friterad,DPA (C22:5),Osträtter,0.0,g
110,Vitmögelost camembert friterad,EPA (C20:5),Osträtter,0.0,g
110,Vitmögelost camembert friterad,Arakidonsyra C20:4,Osträtter,0.0,g
110,Vitmögelost camembert friterad,Arakidinsyra C20:0,Osträtter,0.0,g
110,Vitmögelost camembert friterad,Linolensyra C18:3,Osträtter,0.3,g
110,Vitmögelost camembert friterad,Linolsyra C18:2,Osträtter,2.2,g
110,Vitmögelost camembert friterad,Oljesyra C18:1,Osträtter,6.4,g
110,Vitmögelost camembert friterad,Stearinsyra C18:0,Osträtter,1.8,g
110,Vitmögelost camembert friterad,Palmitoljesyra C16:1,Osträtter,0.3,g
110,Vitmögelost camembert friterad,Palmitinsyra C16:0,Osträtter,4.9,g
110,Vitmögelost camembert friterad,Myristinsyra C14:0,Osträtter,1.5,g
110,Vitmögelost camembert friterad,Laurinsyra C12:0,Osträtter,0.5,g
110,Vitmögelost camembert friterad,Betakaroten/β-Karoten,Osträtter,135.0,µg
110,Vitmögelost camembert friterad,Avfall (skal etc.),Osträtter,2.0,%
110,Vitmögelost camembert friterad,Aska,Osträtter,2.3,g
110,Vitmögelost camembert friterad,Alkohol,Osträtter,0.0,g
111,Vitmögelost getost chèvre fett 25%,"Zink, Zn",Dessertost,0.9,mg
111,Vitmögelost getost chèvre fett 25%,Vitamin E,Dessertost,0.6,mg
111,Vitmögelost getost chèvre fett 25%,Vitamin D,Dessertost,0.15,µg
111,Vitmögelost getost chèvre fett 25%,Vitamin C,Dessertost,0.0,mg
111,Vitmögelost getost chèvre fett 25%,Vitamin B6,Dessertost,0.18,mg
111,Vitmögelost getost chèvre fett 25%,Vitamin B12,Dessertost,0.18,µg
111,Vitmögelost getost chèvre fett 25%,Vitamin A,Dessertost,302.3,RE/µg
111,Vitmögelost getost chèvre fett 25%,Vatten,Dessertost,46.3,g
111,Vitmögelost getost chèvre fett 25%,Tiamin,Dessertost,0.05,mg
111,Vitmögelost getost chèvre fett 25%,Tillsatt socker,Dessertost,0.0,g
111,Vitmögelost getost chèvre fett 25%,Fritt socker,Dessertost,0.0,g
111,Vitmögelost getost chèvre fett 25%,"Selen, Se",Dessertost,11.3,µg
111,Vitmögelost getost chèvre fett 25%,Sackaros,Dessertost,0.0,g
111,Vitmögelost getost chèvre fett 25%,Riboflavin,Dessertost,0.42,mg
111,Vitmögelost getost chèvre fett 25%,Retinol,Dessertost,302.0,µg
111,Vitmögelost getost chèvre fett 25%,Protein,Dessertost,20.6,g
111,Vitmögelost getost chèvre fett 25%,Summa fleromättade fettsyror,Dessertost,1.3,g
111,Vitmögelost getost chèvre fett 25%,"Fosfor, P",Dessertost,263.0,mg
111,Vitmögelost getost chèvre fett 25%,Niacinekvivalenter,Dessertost,5.5,NE/mg
111,Vitmögelost getost chèvre fett 25%,Niacin,Dessertost,0.66,mg
111,Vitmögelost getost chèvre fett 25%,"Salt, NaCl",Dessertost,1.7,g
111,Vitmögelost getost chèvre fett 25%,"Natrium, Na",Dessertost,686.0,mg
111,Vitmögelost getost chèvre fett 25%,Monosackarider,Dessertost,0.0,g
111,Vitmögelost getost chèvre fett 25%,"Sockerarter, totalt",Dessertost,0.4,g
111,Vitmögelost getost chèvre fett 25%,Summa enkelomättade fettsyror,Dessertost,5.9,g
111,Vitmögelost getost chèvre fett 25%,"Magnesium, Mg",Dessertost,17.0,mg
111,Vitmögelost getost chèvre fett 25%,Summa mättade fettsyror,Dessertost,20.0,g
111,Vitmögelost getost chèvre fett 25%,"Kolhydrater, tillgängliga",Dessertost,1.4,g
111,Vitmögelost getost chèvre fett 25%,Kolesterol,Dessertost,97.6,mg
111,Vitmögelost getost chèvre fett 25%,"Kalium, K",Dessertost,134.0,mg
111,Vitmögelost getost chèvre fett 25%,"Jod, I",Dessertost,43.0,µg
111,Vitmögelost getost chèvre fett 25%,Fullkorn totalt,Dessertost,0.0,g
111,Vitmögelost getost chèvre fett 25%,"Folat, totalt",Dessertost,48.0,µg
111,Vitmögelost getost chèvre fett 25%,Fibrer,Dessertost,0.0,g
111,Vitmögelost getost chèvre fett 25%,"Fett, totalt",Dessertost,29.0,g
111,Vitmögelost getost chèvre fett 25%,"Järn, Fe",Dessertost,0.7,mg
111,Vitmögelost getost chèvre fett 25%,Energi (kJ),Dessertost,1445.0,kJ
111,Vitmögelost getost chèvre fett 25%,Energi (kcal),Dessertost,345.0,kcal
111,Vitmögelost getost chèvre fett 25%,Disackarider,Dessertost,0.4,g
111,Vitmögelost getost chèvre fett 25%,"Kalcium, Ca",Dessertost,169.0,mg
111,Vitmögelost getost chèvre fett 25%,Fettsyra 4:0-10:0,Dessertost,3.8,g
111,Vitmögelost getost chèvre fett 25%,DHA (C22:6),Dessertost,0.0,g
111,Vitmögelost getost chèvre fett 25%,DPA (C22:5),Dessertost,0.0,g
111,Vitmögelost getost chèvre fett 25%,EPA (C20:5),Dessertost,0.0,g
111,Vitmögelost getost chèvre fett 25%,Arakidonsyra C20:4,Dessertost,0.0,g
111,Vitmögelost getost chèvre fett 25%,Arakidinsyra C20:0,Dessertost,0.1,g
111,Vitmögelost getost chèvre fett 25%,Linolensyra C18:3,Dessertost,0.2,g
111,Vitmögelost getost chèvre fett 25%,Linolsyra C18:2,Dessertost,0.9,g
111,Vitmögelost getost chèvre fett 25%,Oljesyra C18:1,Dessertost,5.4,g
111,Vitmögelost getost chèvre fett 25%,Stearinsyra C18:0,Dessertost,3.5,g
111,Vitmögelost getost chèvre fett 25%,Palmitoljesyra C16:1,Dessertost,0.3,g
111,Vitmögelost getost chèvre fett 25%,Palmitinsyra C16:0,Dessertost,7.7,g
111,Vitmögelost getost chèvre fett 25%,Myristinsyra C14:0,Dessertost,2.7,g
111,Vitmögelost getost chèvre fett 25%,Laurinsyra C12:0,Dessertost,1.1,g
111,Vitmögelost getost chèvre fett 25%,Betakaroten/β-Karoten,Dessertost,0.0,µg
111,Vitmögelost getost chèvre fett 25%,Avfall (skal etc.),Dessertost,0.0,%
111,Vitmögelost getost chèvre fett 25%,Aska,Dessertost,2.8,g
111,Vitmögelost getost chèvre fett 25%,Alkohol,Dessertost,0.0,g
113,Bröstmjölk humanmjölk,"Zink, Zn",Mjölk,0.3,mg
113,Bröstmjölk humanmjölk,Vitamin E,Mjölk,0.3,mg
113,Bröstmjölk humanmjölk,Vitamin D,Mjölk,0.1,µg
113,Bröstmjölk humanmjölk,Vitamin C,Mjölk,4.0,mg
113,Bröstmjölk humanmjölk,Vitamin B6,Mjölk,0.01,mg
113,Bröstmjölk humanmjölk,Vitamin B12,Mjölk,0.01,µg
113,Bröstmjölk humanmjölk,Vitamin A,Mjölk,60.0,RE/µg
113,Bröstmjölk humanmjölk,Vatten,Mjölk,86.7,g
113,Bröstmjölk humanmjölk,Tiamin,Mjölk,0.02,mg
113,Bröstmjölk humanmjölk,Tillsatt socker,Mjölk,0.0,g
113,Bröstmjölk humanmjölk,Fritt socker,Mjölk,0.0,g
113,Bröstmjölk humanmjölk,"Selen, Se",Mjölk,1.0,µg
113,Bröstmjölk humanmjölk,Sackaros,Mjölk,0.0,g
113,Bröstmjölk humanmjölk,Riboflavin,Mjölk,0.03,mg
113,Bröstmjölk humanmjölk,Retinol,Mjölk,58.0,µg
113,Bröstmjölk humanmjölk,Protein,Mjölk,1.3,g
113,Bröstmjölk humanmjölk,Summa fleromättade fettsyror,Mjölk,0.4,g
113,Bröstmjölk humanmjölk,"Fosfor, P",Mjölk,15.0,mg
113,Bröstmjölk humanmjölk,Niacinekvivalenter,Mjölk,0.5,NE/mg
113,Bröstmjölk humanmjölk,Niacin,Mjölk,0.2,mg
113,Bröstmjölk humanmjölk,"Salt, NaCl",Mjölk,0.0,g
113,Bröstmjölk humanmjölk,"Natrium, Na",Mjölk,15.0,mg
113,Bröstmjölk humanmjölk,Monosackarider,Mjölk,0.0,g
113,Bröstmjölk humanmjölk,"Sockerarter, totalt",Mjölk,7.2,g
113,Bröstmjölk humanmjölk,Summa enkelomättade fettsyror,Mjölk,1.3,g
113,Bröstmjölk humanmjölk,"Magnesium, Mg",Mjölk,3.0,mg
113,Bröstmjölk humanmjölk,Summa mättade fettsyror,Mjölk,1.2,g
113,Bröstmjölk humanmjölk,"Kolhydrater, tillgängliga",Mjölk,8.7,g
113,Bröstmjölk humanmjölk,Kolesterol,Mjölk,14.0,mg
113,Bröstmjölk humanmjölk,"Kalium, K",Mjölk,58.0,mg
113,Bröstmjölk humanmjölk,"Jod, I",Mjölk,7.0,µg
113,Bröstmjölk humanmjölk,Fullkorn totalt,Mjölk,0.0,g
113,Bröstmjölk humanmjölk,"Folat, totalt",Mjölk,5.0,µg
113,Bröstmjölk humanmjölk,Fibrer,Mjölk,0.0,g
113,Bröstmjölk humanmjölk,"Fett, totalt",Mjölk,3.1,g
113,Bröstmjölk humanmjölk,"Järn, Fe",Mjölk,0.1,mg
113,Bröstmjölk humanmjölk,Energi (kJ),Mjölk,285.0,kJ
113,Bröstmjölk humanmjölk,Energi (kcal),Mjölk,68.0,kcal
113,Bröstmjölk humanmjölk,Disackarider,Mjölk,7.2,g
113,Bröstmjölk humanmjölk,"Kalcium, Ca",Mjölk,34.0,mg
113,Bröstmjölk humanmjölk,Fettsyra 4:0-10:0,Mjölk,0.0,g
113,Bröstmjölk humanmjölk,DHA (C22:6),Mjölk,0.0,g
113,Bröstmjölk humanmjölk,DPA (C22:5),Mjölk,0.0,g
113,Bröstmjölk humanmjölk,EPA (C20:5),Mjölk,0.0,g
113,Bröstmjölk humanmjölk,Arakidonsyra C20:4,Mjölk,0.0,g
113,Bröstmjölk humanmjölk,Arakidinsyra C20:0,Mjölk,0.0,g
113,Bröstmjölk humanmjölk,Linolensyra C18:3,Mjölk,0.0,g
113,Bröstmjölk humanmjölk,Linolsyra C18:2,Mjölk,0.3,g
113,Bröstmjölk humanmjölk,Oljesyra C18:1,Mjölk,1.1,g
113,Bröstmjölk humanmjölk,Stearinsyra C18:0,Mjölk,0.2,g
113,Bröstmjölk humanmjölk,Palmitoljesyra C16:1,Mjölk,0.1,g
113,Bröstmjölk humanmjölk,Palmitinsyra C16:0,Mjölk,0.6,g
113,Bröstmjölk humanmjölk,Myristinsyra C14:0,Mjölk,0.2,g
113,Bröstmjölk humanmjölk,Laurinsyra C12:0,Mjölk,0.2,g
113,Bröstmjölk humanmjölk,Betakaroten/β-Karoten,Mjölk,24.0,µg
113,Bröstmjölk humanmjölk,Avfall (skal etc.),Mjölk,0.0,%
113,Bröstmjölk humanmjölk,Aska,Mjölk,0.2,g
113,Bröstmjölk humanmjölk,Alkohol,Mjölk,0.0,g
114,Filmjölk fett 3% berikad,"Zink, Zn",Naturell fil yoghurt,0.7,mg
114,Filmjölk fett 3% berikad,Vitamin E,Naturell fil yoghurt,0.1,mg
114,Filmjölk fett 3% berikad,Vitamin D,Naturell fil yoghurt,1.0,µg
114,Filmjölk fett 3% berikad,Vitamin C,Naturell fil yoghurt,0.0,mg
114,Filmjölk fett 3% berikad,Vitamin B6,Naturell fil yoghurt,0.04,mg
114,Filmjölk fett 3% berikad,Vitamin B12,Naturell fil yoghurt,0.25,µg
114,Filmjölk fett 3% berikad,Vitamin A,Naturell fil yoghurt,27.0,RE/µg
114,Filmjölk fett 3% berikad,Vatten,Naturell fil yoghurt,88.6,g
114,Filmjölk fett 3% berikad,Tiamin,Naturell fil yoghurt,0.04,mg
114,Filmjölk fett 3% berikad,Tillsatt socker,Naturell fil yoghurt,0.0,g
114,Filmjölk fett 3% berikad,Fritt socker,Naturell fil yoghurt,0.0,g
114,Filmjölk fett 3% berikad,"Selen, Se",Naturell fil yoghurt,0.0,µg
114,Filmjölk fett 3% berikad,Sackaros,Naturell fil yoghurt,0.0,g
114,Filmjölk fett 3% berikad,Riboflavin,Naturell fil yoghurt,0.15,mg
114,Filmjölk fett 3% berikad,Retinol,Naturell fil yoghurt,26.0,µg
114,Filmjölk fett 3% berikad,Protein,Naturell fil yoghurt,3.3,g
114,Filmjölk fett 3% berikad,Summa fleromättade fettsyror,Naturell fil yoghurt,0.1,g
114,Filmjölk fett 3% berikad,"Fosfor, P",Naturell fil yoghurt,95.0,mg
114,Filmjölk fett 3% berikad,Niacinekvivalenter,Naturell fil yoghurt,0.9,NE/mg
114,Filmjölk fett 3% berikad,Niacin,Naturell fil yoghurt,0.11,mg
114,Filmjölk fett 3% berikad,"Salt, NaCl",Naturell fil yoghurt,0.1,g
114,Filmjölk fett 3% berikad,"Natrium, Na",Naturell fil yoghurt,39.0,mg
114,Filmjölk fett 3% berikad,Monosackarider,Naturell fil yoghurt,0.0,g
114,Filmjölk fett 3% berikad,"Sockerarter, totalt",Naturell fil yoghurt,3.8,g
114,Filmjölk fett 3% berikad,Summa enkelomättade fettsyror,Naturell fil yoghurt,0.7,g
114,Filmjölk fett 3% berikad,"Magnesium, Mg",Naturell fil yoghurt,12.0,mg
114,Filmjölk fett 3% berikad,Summa mättade fettsyror,Naturell fil yoghurt,1.8,g
114,Filmjölk fett 3% berikad,"Kolhydrater, tillgängliga",Naturell fil yoghurt,4.6,g
114,Filmjölk fett 3% berikad,Kolesterol,Naturell fil yoghurt,9.1,mg
114,Filmjölk fett 3% berikad,"Kalium, K",Naturell fil yoghurt,155.0,mg
114,Filmjölk fett 3% berikad,"Jod, I",Naturell fil yoghurt,10.5,µg
114,Filmjölk fett 3% berikad,Fullkorn totalt,Naturell fil yoghurt,0.0,g
114,Filmjölk fett 3% berikad,"Folat, totalt",Naturell fil yoghurt,10.0,µg
114,Filmjölk fett 3% berikad,Fibrer,Naturell fil yoghurt,0.0,g
114,Filmjölk fett 3% berikad,"Fett, totalt",Naturell fil yoghurt,2.8,g
114,Filmjölk fett 3% berikad,"Järn, Fe",Naturell fil yoghurt,0.0,mg
114,Filmjölk fett 3% berikad,Energi (kJ),Naturell fil yoghurt,239.0,kJ
114,Filmjölk fett 3% berikad,Energi (kcal),Naturell fil yoghurt,57.0,kcal
114,Filmjölk fett 3% berikad,Disackarider,Naturell fil yoghurt,3.8,g
114,Filmjölk fett 3% berikad,"Kalcium, Ca",Naturell fil yoghurt,114.0,mg
114,Filmjölk fett 3% berikad,Fettsyra 4:0-10:0,Naturell fil yoghurt,0.2,g
114,Filmjölk fett 3% berikad,DHA (C22:6),Naturell fil yoghurt,0.0,g
114,Filmjölk fett 3% berikad,DPA (C22:5),Naturell fil yoghurt,0.0,g
114,Filmjölk fett 3% berikad,EPA (C20:5),Naturell fil yoghurt,0.0,g
114,Filmjölk fett 3% berikad,Arakidonsyra C20:4,Naturell fil yoghurt,0.0,g
114,Filmjölk fett 3% berikad,Arakidinsyra C20:0,Naturell fil yoghurt,0.0,g
114,Filmjölk fett 3% berikad,Linolensyra C18:3,Naturell fil yoghurt,0.0,g
114,Filmjölk fett 3% berikad,Linolsyra C18:2,Naturell fil yoghurt,0.1,g
114,Filmjölk fett 3% berikad,Oljesyra C18:1,Naturell fil yoghurt,0.6,g
114,Filmjölk fett 3% berikad,Stearinsyra C18:0,Naturell fil yoghurt,0.3,g
114,Filmjölk fett 3% berikad,Palmitoljesyra C16:1,Naturell fil yoghurt,0.0,g
114,Filmjölk fett 3% berikad,Palmitinsyra C16:0,Naturell fil yoghurt,0.8,g
114,Filmjölk fett 3% berikad,Myristinsyra C14:0,Naturell fil yoghurt,0.3,g
114,Filmjölk fett 3% berikad,Laurinsyra C12:0,Naturell fil yoghurt,0.1,g
114,Filmjölk fett 3% berikad,Betakaroten/β-Karoten,Naturell fil yoghurt,12.0,µg
114,Filmjölk fett 3% berikad,Avfall (skal etc.),Naturell fil yoghurt,0.0,%
114,Filmjölk fett 3% berikad,Aska,Naturell fil yoghurt,0.7,g
114,Filmjölk fett 3% berikad,Alkohol,Naturell fil yoghurt,0.0,g
115,Kondenserad mjölk konserv. fett ca 8%,"Zink, Zn",Mjölk,0.8,mg
115,Kondenserad mjölk konserv. fett ca 8%,Vitamin E,Mjölk,0.2,mg
115,Kondenserad mjölk konserv. fett ca 8%,Vitamin D,Mjölk,0.05,µg
115,Kondenserad mjölk konserv. fett ca 8%,Vitamin C,Mjölk,0.0,mg
115,Kondenserad mjölk konserv. fett ca 8%,Vitamin B6,Mjölk,0.05,mg
115,Kondenserad mjölk konserv. fett ca 8%,Vitamin B12,Mjölk,0.2,µg
115,Kondenserad mjölk konserv. fett ca 8%,Vitamin A,Mjölk,63.3,RE/µg
115,Kondenserad mjölk konserv. fett ca 8%,Vatten,Mjölk,74.0,g
115,Kondenserad mjölk konserv. fett ca 8%,Tiamin,Mjölk,0.05,mg
115,Kondenserad mjölk konserv. fett ca 8%,Tillsatt socker,Mjölk,0.0,g
115,Kondenserad mjölk konserv. fett ca 8%,Fritt socker,Mjölk,0.0,g
115,Kondenserad mjölk konserv. fett ca 8%,"Selen, Se",Mjölk,3.0,µg
115,Kondenserad mjölk konserv. fett ca 8%,Sackaros,Mjölk,0.0,g
115,Kondenserad mjölk konserv. fett ca 8%,Riboflavin,Mjölk,0.32,mg
115,Kondenserad mjölk konserv. fett ca 8%,Retinol,Mjölk,61.0,µg
115,Kondenserad mjölk konserv. fett ca 8%,Protein,Mjölk,6.8,g
115,Kondenserad mjölk konserv. fett ca 8%,Summa fleromättade fettsyror,Mjölk,0.2,g
115,Kondenserad mjölk konserv. fett ca 8%,"Fosfor, P",Mjölk,200.0,mg
115,Kondenserad mjölk konserv. fett ca 8%,Niacinekvivalenter,Mjölk,1.79,NE/mg
115,Kondenserad mjölk konserv. fett ca 8%,Niacin,Mjölk,0.2,mg
115,Kondenserad mjölk konserv. fett ca 8%,"Salt, NaCl",Mjölk,0.3,g
115,Kondenserad mjölk konserv. fett ca 8%,"Natrium, Na",Mjölk,106.0,mg
115,Kondenserad mjölk konserv. fett ca 8%,Monosackarider,Mjölk,0.0,g
115,Kondenserad mjölk konserv. fett ca 8%,"Sockerarter, totalt",Mjölk,10.0,g
115,Kondenserad mjölk konserv. fett ca 8%,Summa enkelomättade fettsyror,Mjölk,2.0,g
115,Kondenserad mjölk konserv. fett ca 8%,"Magnesium, Mg",Mjölk,24.0,mg
115,Kondenserad mjölk konserv. fett ca 8%,Summa mättade fettsyror,Mjölk,4.9,g
115,Kondenserad mjölk konserv. fett ca 8%,"Kolhydrater, tillgängliga",Mjölk,10.0,g
115,Kondenserad mjölk konserv. fett ca 8%,Kolesterol,Mjölk,29.0,mg
115,Kondenserad mjölk konserv. fett ca 8%,"Kalium, K",Mjölk,305.0,mg
115,Kondenserad mjölk konserv. fett ca 8%,"Jod, I",Mjölk,35.0,µg
115,Kondenserad mjölk konserv. fett ca 8%,Fullkorn totalt,Mjölk,0.0,g
115,Kondenserad mjölk konserv. fett ca 8%,"Folat, totalt",Mjölk,8.0,µg
115,Kondenserad mjölk konserv. fett ca 8%,Fibrer,Mjölk,0.0,g
115,Kondenserad mjölk konserv. fett ca 8%,"Fett, totalt",Mjölk,7.6,g
115,Kondenserad mjölk konserv. fett ca 8%,"Järn, Fe",Mjölk,0.2,mg
115,Kondenserad mjölk konserv. fett ca 8%,Energi (kJ),Mjölk,567.0,kJ
115,Kondenserad mjölk konserv. fett ca 8%,Energi (kcal),Mjölk,136.0,kcal
115,Kondenserad mjölk konserv. fett ca 8%,Disackarider,Mjölk,10.0,g
115,Kondenserad mjölk konserv. fett ca 8%,"Kalcium, Ca",Mjölk,260.0,mg
115,Kondenserad mjölk konserv. fett ca 8%,Fettsyra 4:0-10:0,Mjölk,0.6,g
115,Kondenserad mjölk konserv. fett ca 8%,DHA (C22:6),Mjölk,0.0,g
115,Kondenserad mjölk konserv. fett ca 8%,DPA (C22:5),Mjölk,0.0,g
115,Kondenserad mjölk konserv. fett ca 8%,EPA (C20:5),Mjölk,0.0,g
115,Kondenserad mjölk konserv. fett ca 8%,Arakidonsyra C20:4,Mjölk,0.0,g
115,Kondenserad mjölk konserv. fett ca 8%,Arakidinsyra C20:0,Mjölk,0.0,g
115,Kondenserad mjölk konserv. fett ca 8%,Linolensyra C18:3,Mjölk,0.0,g
115,Kondenserad mjölk konserv. fett ca 8%,Linolsyra C18:2,Mjölk,0.1,g
115,Kondenserad mjölk konserv. fett ca 8%,Oljesyra C18:1,Mjölk,1.7,g
115,Kondenserad mjölk konserv. fett ca 8%,Stearinsyra C18:0,Mjölk,0.8,g
115,Kondenserad mjölk konserv. fett ca 8%,Palmitoljesyra C16:1,Mjölk,0.1,g
115,Kondenserad mjölk konserv. fett ca 8%,Palmitinsyra C16:0,Mjölk,2.2,g
115,Kondenserad mjölk konserv. fett ca 8%,Myristinsyra C14:0,Mjölk,0.8,g
115,Kondenserad mjölk konserv. fett ca 8%,Laurinsyra C12:0,Mjölk,0.2,g
115,Kondenserad mjölk konserv. fett ca 8%,Betakaroten/β-Karoten,Mjölk,28.0,µg
115,Kondenserad mjölk konserv. fett ca 8%,Avfall (skal etc.),Mjölk,0.0,%
115,Kondenserad mjölk konserv. fett ca 8%,Aska,Mjölk,1.6,g
115,Kondenserad mjölk konserv. fett ca 8%,Alkohol,Mjölk,0.0,g
116,Kondenserad mjölk konserv. konc. m. socker fett ca 9%,"Zink, Zn",Mjölk,1.0,mg
116,Kondenserad mjölk konserv. konc. m. socker fett ca 9%,Vitamin E,Mjölk,0.2,mg
116,Kondenserad mjölk konserv. konc. m. socker fett ca 9%,Vitamin D,Mjölk,0.06,µg
116,Kondenserad mjölk konserv. konc. m. socker fett ca 9%,Vitamin C,Mjölk,3.0,mg
116,Kondenserad mjölk konserv. konc. m. socker fett ca 9%,Vitamin B6,Mjölk,0.06,mg
116,Kondenserad mjölk konserv. konc. m. socker fett ca 9%,Vitamin B12,Mjölk,0.6,µg
116,Kondenserad mjölk konserv. konc. m. socker fett ca 9%,Vitamin A,Mjölk,60.0,RE/µg
116,Kondenserad mjölk konserv. konc. m. socker fett ca 9%,Vatten,Mjölk,25.6,g
116,Kondenserad mjölk konserv. konc. m. socker fett ca 9%,Tiamin,Mjölk,0.09,mg
116,Kondenserad mjölk konserv. konc. m. socker fett ca 9%,Tillsatt socker,Mjölk,50.0,g
116,Kondenserad mjölk konserv. konc. m. socker fett ca 9%,Fritt socker,Mjölk,50.0,g
116,Kondenserad mjölk konserv. konc. m. socker fett ca 9%,"Selen, Se",Mjölk,4.0,µg
116,Kondenserad mjölk konserv. konc. m. socker fett ca 9%,Sackaros,Mjölk,43.9,g
116,Kondenserad mjölk konserv. konc. m. socker fett ca 9%,Riboflavin,Mjölk,0.52,mg
116,Kondenserad mjölk konserv. konc. m. socker fett ca 9%,Retinol,Mjölk,60.0,µg
116,Kondenserad mjölk konserv. konc. m. socker fett ca 9%,Protein,Mjölk,8.9,g
116,Kondenserad mjölk konserv. konc. m. socker fett ca 9%,Summa fleromättade fettsyror,Mjölk,0.2,g
116,Kondenserad mjölk konserv. konc. m. socker fett ca 9%,"Fosfor, P",Mjölk,220.0,mg
116,Kondenserad mjölk konserv. konc. m. socker fett ca 9%,Niacinekvivalenter,Mjölk,2.3,NE/mg
116,Kondenserad mjölk konserv. konc. m. socker fett ca 9%,Niacin,Mjölk,0.17,mg
116,Kondenserad mjölk konserv. konc. m. socker fett ca 9%,"Salt, NaCl",Mjölk,0.2,g
116,Kondenserad mjölk konserv. konc. m. socker fett ca 9%,"Natrium, Na",Mjölk,82.0,mg
116,Kondenserad mjölk konserv. konc. m. socker fett ca 9%,Monosackarider,Mjölk,0.0,g
116,Kondenserad mjölk konserv. konc. m. socker fett ca 9%,"Sockerarter, totalt",Mjölk,54.7,g
116,Kondenserad mjölk konserv. konc. m. socker fett ca 9%,Summa enkelomättade fettsyror,Mjölk,2.1,g
116,Kondenserad mjölk konserv. konc. m. socker fett ca 9%,"Magnesium, Mg",Mjölk,23.0,mg
116,Kondenserad mjölk konserv. konc. m. socker fett ca 9%,Summa mättade fettsyror,Mjölk,5.0,g
116,Kondenserad mjölk konserv. konc. m. socker fett ca 9%,"Kolhydrater, tillgängliga",Mjölk,55.4,g
116,Kondenserad mjölk konserv. konc. m. socker fett ca 9%,Kolesterol,Mjölk,33.0,mg
116,Kondenserad mjölk konserv. konc. m. socker fett ca 9%,"Kalium, K",Mjölk,290.0,mg
116,Kondenserad mjölk konserv. konc. m. socker fett ca 9%,"Jod, I",Mjölk,25.0,µg
116,Kondenserad mjölk konserv. konc. m. socker fett ca 9%,Fullkorn totalt,Mjölk,0.0,g
116,Kondenserad mjölk konserv. konc. m. socker fett ca 9%,"Folat, totalt",Mjölk,13.0,µg
116,Kondenserad mjölk konserv. konc. m. socker fett ca 9%,Fibrer,Mjölk,0.0,g
116,Kondenserad mjölk konserv. konc. m. socker fett ca 9%,"Fett, totalt",Mjölk,8.2,g
116,Kondenserad mjölk konserv. konc. m. socker fett ca 9%,"Järn, Fe",Mjölk,0.1,mg
116,Kondenserad mjölk konserv. konc. m. socker fett ca 9%,Energi (kJ),Mjölk,1397.0,kJ
116,Kondenserad mjölk konserv. konc. m. socker fett ca 9%,Energi (kcal),Mjölk,334.0,kcal
116,Kondenserad mjölk konserv. konc. m. socker fett ca 9%,Disackarider,Mjölk,54.7,g
116,Kondenserad mjölk konserv. konc. m. socker fett ca 9%,"Kalcium, Ca",Mjölk,290.0,mg
116,Kondenserad mjölk konserv. konc. m. socker fett ca 9%,Fettsyra 4:0-10:0,Mjölk,0.8,g
116,Kondenserad mjölk konserv. konc. m. socker fett ca 9%,DHA (C22:6),Mjölk,0.0,g
116,Kondenserad mjölk konserv. konc. m. socker fett ca 9%,DPA (C22:5),Mjölk,0.0,g
116,Kondenserad mjölk konserv. konc. m. socker fett ca 9%,EPA (C20:5),Mjölk,0.0,g
116,Kondenserad mjölk konserv. konc. m. socker fett ca 9%,Arakidonsyra C20:4,Mjölk,0.0,g
116,Kondenserad mjölk konserv. konc. m. socker fett ca 9%,Arakidinsyra C20:0,Mjölk,0.0,g
116,Kondenserad mjölk konserv. konc. m. socker fett ca 9%,Linolensyra C18:3,Mjölk,0.1,g
116,Kondenserad mjölk konserv. konc. m. socker fett ca 9%,Linolsyra C18:2,Mjölk,0.1,g
116,Kondenserad mjölk konserv. konc. m. socker fett ca 9%,Oljesyra C18:1,Mjölk,1.8,g
116,Kondenserad mjölk konserv. konc. m. socker fett ca 9%,Stearinsyra C18:0,Mjölk,0.8,g
116,Kondenserad mjölk konserv. konc. m. socker fett ca 9%,Palmitoljesyra C16:1,Mjölk,0.2,g
116,Kondenserad mjölk konserv. konc. m. socker fett ca 9%,Palmitinsyra C16:0,Mjölk,2.2,g
116,Kondenserad mjölk konserv. konc. m. socker fett ca 9%,Myristinsyra C14:0,Mjölk,0.8,g
116,Kondenserad mjölk konserv. konc. m. socker fett ca 9%,Laurinsyra C12:0,Mjölk,0.3,g
116,Kondenserad mjölk konserv. konc. m. socker fett ca 9%,Betakaroten/β-Karoten,Mjölk,0.0,µg
116,Kondenserad mjölk konserv. konc. m. socker fett ca 9%,Avfall (skal etc.),Mjölk,0.0,%
116,Kondenserad mjölk konserv. konc. m. socker fett ca 9%,Aska,Mjölk,1.9,g
116,Kondenserad mjölk konserv. konc. m. socker fett ca 9%,Alkohol,Mjölk,0.0,g
118,Mjölkpulver fett 1%,"Zink, Zn",Mjölk,4.1,mg
118,Mjölkpulver fett 1%,Vitamin E,Mjölk,0.0,mg
118,Mjölkpulver fett 1%,Vitamin D,Mjölk,0.01,µg
118,Mjölkpulver fett 1%,Vitamin C,Mjölk,0.0,mg
118,Mjölkpulver fett 1%,Vitamin B6,Mjölk,0.36,mg
118,Mjölkpulver fett 1%,Vitamin B12,Mjölk,4.7,µg
118,Mjölkpulver fett 1%,Vitamin A,Mjölk,6.7,RE/µg
118,Mjölkpulver fett 1%,Vatten,Mjölk,3.2,g
118,Mjölkpulver fett 1%,Tiamin,Mjölk,0.42,mg
118,Mjölkpulver fett 1%,Tillsatt socker,Mjölk,0.0,g
118,Mjölkpulver fett 1%,Fritt socker,Mjölk,0.0,g
118,Mjölkpulver fett 1%,"Selen, Se",Mjölk,10.0,µg
118,Mjölkpulver fett 1%,Sackaros,Mjölk,0.0,g
118,Mjölkpulver fett 1%,Riboflavin,Mjölk,1.55,mg
118,Mjölkpulver fett 1%,Retinol,Mjölk,6.0,µg
118,Mjölkpulver fett 1%,Protein,Mjölk,36.2,g
118,Mjölkpulver fett 1%,Summa fleromättade fettsyror,Mjölk,0.0,g
118,Mjölkpulver fett 1%,"Fosfor, P",Mjölk,968.0,mg
118,Mjölkpulver fett 1%,Niacinekvivalenter,Mjölk,9.39,NE/mg
118,Mjölkpulver fett 1%,Niacin,Mjölk,0.95,mg
118,Mjölkpulver fett 1%,"Salt, NaCl",Mjölk,1.3,g
118,Mjölkpulver fett 1%,"Natrium, Na",Mjölk,535.0,mg
118,Mjölkpulver fett 1%,Monosackarider,Mjölk,0.0,g
118,Mjölkpulver fett 1%,"Sockerarter, totalt",Mjölk,51.0,g
118,Mjölkpulver fett 1%,Summa enkelomättade fettsyror,Mjölk,0.2,g
118,Mjölkpulver fett 1%,"Magnesium, Mg",Mjölk,110.0,mg
118,Mjölkpulver fett 1%,Summa mättade fettsyror,Mjölk,0.5,g
118,Mjölkpulver fett 1%,"Kolhydrater, tillgängliga",Mjölk,52.0,g
118,Mjölkpulver fett 1%,Kolesterol,Mjölk,20.0,mg
118,Mjölkpulver fett 1%,"Kalium, K",Mjölk,1794.0,mg
118,Mjölkpulver fett 1%,"Jod, I",Mjölk,150.0,µg
118,Mjölkpulver fett 1%,Fullkorn totalt,Mjölk,0.0,g
118,Mjölkpulver fett 1%,"Folat, totalt",Mjölk,50.0,µg
118,Mjölkpulver fett 1%,Fibrer,Mjölk,0.0,g
118,Mjölkpulver fett 1%,"Fett, totalt",Mjölk,0.8,g
118,Mjölkpulver fett 1%,"Järn, Fe",Mjölk,0.3,mg
118,Mjölkpulver fett 1%,Energi (kJ),Mjölk,1527.0,kJ
118,Mjölkpulver fett 1%,Energi (kcal),Mjölk,365.0,kcal
118,Mjölkpulver fett 1%,Disackarider,Mjölk,51.0,g
118,Mjölkpulver fett 1%,"Kalcium, Ca",Mjölk,1257.0,mg
118,Mjölkpulver fett 1%,Fettsyra 4:0-10:0,Mjölk,0.1,g
118,Mjölkpulver fett 1%,DHA (C22:6),Mjölk,0.0,g
118,Mjölkpulver fett 1%,DPA (C22:5),Mjölk,0.0,g
118,Mjölkpulver fett 1%,EPA (C20:5),Mjölk,0.0,g
118,Mjölkpulver fett 1%,Arakidonsyra C20:4,Mjölk,0.0,g
118,Mjölkpulver fett 1%,Arakidinsyra C20:0,Mjölk,0.0,g
118,Mjölkpulver fett 1%,Linolensyra C18:3,Mjölk,0.0,g
118,Mjölkpulver fett 1%,Linolsyra C18:2,Mjölk,0.0,g
118,Mjölkpulver fett 1%,Oljesyra C18:1,Mjölk,0.2,g
118,Mjölkpulver fett 1%,Stearinsyra C18:0,Mjölk,0.1,g
118,Mjölkpulver fett 1%,Palmitoljesyra C16:1,Mjölk,0.0,g
118,Mjölkpulver fett 1%,Palmitinsyra C16:0,Mjölk,0.2,g
118,Mjölkpulver fett 1%,Myristinsyra C14:0,Mjölk,0.1,g
118,Mjölkpulver fett 1%,Laurinsyra C12:0,Mjölk,0.0,g
118,Mjölkpulver fett 1%,Betakaroten/β-Karoten,Mjölk,1.0,µg
118,Mjölkpulver fett 1%,Avfall (skal etc.),Mjölk,0.0,%
118,Mjölkpulver fett 1%,Aska,Mjölk,7.9,g
118,Mjölkpulver fett 1%,Alkohol,Mjölk,0.0,g
119,Filmjölk långfil fett 3% berikad,"Zink, Zn",Naturell fil yoghurt,0.4,mg
119,Filmjölk långfil fett 3% berikad,Vitamin E,Naturell fil yoghurt,0.1,mg
119,Filmjölk långfil fett 3% berikad,Vitamin D,Naturell fil yoghurt,1.0,µg
119,Filmjölk långfil fett 3% berikad,Vitamin C,Naturell fil yoghurt,0.0,mg
119,Filmjölk långfil fett 3% berikad,Vitamin B6,Naturell fil yoghurt,0.04,mg
119,Filmjölk långfil fett 3% berikad,Vitamin B12,Naturell fil yoghurt,0.27,µg
119,Filmjölk långfil fett 3% berikad,Vitamin A,Naturell fil yoghurt,26.2,RE/µg
119,Filmjölk långfil fett 3% berikad,Vatten,Naturell fil yoghurt,88.0,g
119,Filmjölk långfil fett 3% berikad,Tiamin,Naturell fil yoghurt,0.04,mg
119,Filmjölk långfil fett 3% berikad,Tillsatt socker,Naturell fil yoghurt,0.0,g
119,Filmjölk långfil fett 3% berikad,Fritt socker,Naturell fil yoghurt,0.0,g
119,Filmjölk långfil fett 3% berikad,"Selen, Se",Naturell fil yoghurt,1.8,µg
119,Filmjölk långfil fett 3% berikad,Sackaros,Naturell fil yoghurt,0.0,g
119,Filmjölk långfil fett 3% berikad,Riboflavin,Naturell fil yoghurt,0.14,mg
119,Filmjölk långfil fett 3% berikad,Retinol,Naturell fil yoghurt,25.0,µg
119,Filmjölk långfil fett 3% berikad,Protein,Naturell fil yoghurt,3.4,g
119,Filmjölk långfil fett 3% berikad,Summa fleromättade fettsyror,Naturell fil yoghurt,0.0,g
119,Filmjölk långfil fett 3% berikad,"Fosfor, P",Naturell fil yoghurt,91.0,mg
119,Filmjölk långfil fett 3% berikad,Niacinekvivalenter,Naturell fil yoghurt,0.86,NE/mg
119,Filmjölk långfil fett 3% berikad,Niacin,Naturell fil yoghurt,0.06,mg
119,Filmjölk långfil fett 3% berikad,"Salt, NaCl",Naturell fil yoghurt,0.1,g
119,Filmjölk långfil fett 3% berikad,"Natrium, Na",Naturell fil yoghurt,41.0,mg
119,Filmjölk långfil fett 3% berikad,Monosackarider,Naturell fil yoghurt,0.0,g
119,Filmjölk långfil fett 3% berikad,"Sockerarter, totalt",Naturell fil yoghurt,3.8,g
119,Filmjölk långfil fett 3% berikad,Summa enkelomättade fettsyror,Naturell fil yoghurt,0.7,g
119,Filmjölk långfil fett 3% berikad,"Magnesium, Mg",Naturell fil yoghurt,12.0,mg
119,Filmjölk långfil fett 3% berikad,Summa mättade fettsyror,Naturell fil yoghurt,2.0,g
119,Filmjölk långfil fett 3% berikad,"Kolhydrater, tillgängliga",Naturell fil yoghurt,4.8,g
119,Filmjölk långfil fett 3% berikad,Kolesterol,Naturell fil yoghurt,10.2,mg
119,Filmjölk långfil fett 3% berikad,"Kalium, K",Naturell fil yoghurt,162.0,mg
119,Filmjölk långfil fett 3% berikad,"Jod, I",Naturell fil yoghurt,10.5,µg
119,Filmjölk långfil fett 3% berikad,Fullkorn totalt,Naturell fil yoghurt,0.0,g
119,Filmjölk långfil fett 3% berikad,"Folat, totalt",Naturell fil yoghurt,11.2,µg
119,Filmjölk långfil fett 3% berikad,Fibrer,Naturell fil yoghurt,0.0,g
119,Filmjölk långfil fett 3% berikad,"Fett, totalt",Naturell fil yoghurt,3.0,g
119,Filmjölk långfil fett 3% berikad,"Järn, Fe",Naturell fil yoghurt,0.0,mg
119,Filmjölk långfil fett 3% berikad,Energi (kJ),Naturell fil yoghurt,251.0,kJ
119,Filmjölk långfil fett 3% berikad,Energi (kcal),Naturell fil yoghurt,60.0,kcal
119,Filmjölk långfil fett 3% berikad,Disackarider,Naturell fil yoghurt,3.8,g
119,Filmjölk långfil fett 3% berikad,"Kalcium, Ca",Naturell fil yoghurt,116.0,mg
119,Filmjölk långfil fett 3% berikad,Fettsyra 4:0-10:0,Naturell fil yoghurt,0.3,g
119,Filmjölk långfil fett 3% berikad,DHA (C22:6),Naturell fil yoghurt,0.0,g
119,Filmjölk långfil fett 3% berikad,DPA (C22:5),Naturell fil yoghurt,0.0,g
119,Filmjölk långfil fett 3% berikad,EPA (C20:5),Naturell fil yoghurt,0.0,g
119,Filmjölk långfil fett 3% berikad,Arakidonsyra C20:4,Naturell fil yoghurt,0.0,g
119,Filmjölk långfil fett 3% berikad,Arakidinsyra C20:0,Naturell fil yoghurt,0.0,g
119,Filmjölk långfil fett 3% berikad,Linolensyra C18:3,Naturell fil yoghurt,0.0,g
119,Filmjölk långfil fett 3% berikad,Linolsyra C18:2,Naturell fil yoghurt,0.0,g
119,Filmjölk långfil fett 3% berikad,Oljesyra C18:1,Naturell fil yoghurt,0.6,g
119,Filmjölk långfil fett 3% berikad,Stearinsyra C18:0,Naturell fil yoghurt,0.4,g
119,Filmjölk långfil fett 3% berikad,Palmitoljesyra C16:1,Naturell fil yoghurt,0.0,g
119,Filmjölk långfil fett 3% berikad,Palmitinsyra C16:0,Naturell fil yoghurt,0.9,g
119,Filmjölk långfil fett 3% berikad,Myristinsyra C14:0,Naturell fil yoghurt,0.3,g
119,Filmjölk långfil fett 3% berikad,Laurinsyra C12:0,Naturell fil yoghurt,0.1,g
119,Filmjölk långfil fett 3% berikad,Betakaroten/β-Karoten,Naturell fil yoghurt,14.0,µg
119,Filmjölk långfil fett 3% berikad,Avfall (skal etc.),Naturell fil yoghurt,0.0,%
119,Filmjölk långfil fett 3% berikad,Aska,Naturell fil yoghurt,0.7,g
119,Filmjölk långfil fett 3% berikad,Alkohol,Naturell fil yoghurt,0.0,g
120,"Lättfil fett 0,5% berikad","Zink, Zn",Naturell fil yoghurt,0.4,mg
120,"Lättfil fett 0,5% berikad",Vitamin E,Naturell fil yoghurt,0.0,mg
120,"Lättfil fett 0,5% berikad",Vitamin D,Naturell fil yoghurt,1.0,µg
120,"Lättfil fett 0,5% berikad",Vitamin C,Naturell fil yoghurt,0.0,mg
120,"Lättfil fett 0,5% berikad",Vitamin B6,Naturell fil yoghurt,0.04,mg
120,"Lättfil fett 0,5% berikad",Vitamin B12,Naturell fil yoghurt,0.27,µg
120,"Lättfil fett 0,5% berikad",Vitamin A,Naturell fil yoghurt,4.8,RE/µg
120,"Lättfil fett 0,5% berikad",Vatten,Naturell fil yoghurt,90.2,g
120,"Lättfil fett 0,5% berikad",Tiamin,Naturell fil yoghurt,0.04,mg
120,"Lättfil fett 0,5% berikad",Tillsatt socker,Naturell fil yoghurt,0.0,g
120,"Lättfil fett 0,5% berikad",Fritt socker,Naturell fil yoghurt,0.0,g
120,"Lättfil fett 0,5% berikad","Selen, Se",Naturell fil yoghurt,1.8,µg
120,"Lättfil fett 0,5% berikad",Sackaros,Naturell fil yoghurt,0.0,g
120,"Lättfil fett 0,5% berikad",Riboflavin,Naturell fil yoghurt,0.15,mg
120,"Lättfil fett 0,5% berikad",Retinol,Naturell fil yoghurt,4.6,µg
120,"Lättfil fett 0,5% berikad",Protein,Naturell fil yoghurt,3.5,g
120,"Lättfil fett 0,5% berikad",Summa fleromättade fettsyror,Naturell fil yoghurt,0.0,g
120,"Lättfil fett 0,5% berikad","Fosfor, P",Naturell fil yoghurt,94.0,mg
120,"Lättfil fett 0,5% berikad",Niacinekvivalenter,Naturell fil yoghurt,0.76,NE/mg
120,"Lättfil fett 0,5% berikad",Niacin,Naturell fil yoghurt,0.07,mg
120,"Lättfil fett 0,5% berikad","Salt, NaCl",Naturell fil yoghurt,0.1,g
120,"Lättfil fett 0,5% berikad","Natrium, Na",Naturell fil yoghurt,42.0,mg
120,"Lättfil fett 0,5% berikad",Monosackarider,Naturell fil yoghurt,0.0,g
120,"Lättfil fett 0,5% berikad","Sockerarter, totalt",Naturell fil yoghurt,3.9,g
120,"Lättfil fett 0,5% berikad",Summa enkelomättade fettsyror,Naturell fil yoghurt,0.1,g
120,"Lättfil fett 0,5% berikad","Magnesium, Mg",Naturell fil yoghurt,12.0,mg
120,"Lättfil fett 0,5% berikad",Summa mättade fettsyror,Naturell fil yoghurt,0.3,g
120,"Lättfil fett 0,5% berikad","Kolhydrater, tillgängliga",Naturell fil yoghurt,5.0,g
120,"Lättfil fett 0,5% berikad",Kolesterol,Naturell fil yoghurt,3.3,mg
120,"Lättfil fett 0,5% berikad","Kalium, K",Naturell fil yoghurt,166.0,mg
120,"Lättfil fett 0,5% berikad","Jod, I",Naturell fil yoghurt,10.5,µg
120,"Lättfil fett 0,5% berikad",Fullkorn totalt,Naturell fil yoghurt,0.0,g
120,"Lättfil fett 0,5% berikad","Folat, totalt",Naturell fil yoghurt,11.5,µg
120,"Lättfil fett 0,5% berikad",Fibrer,Naturell fil yoghurt,0.0,g
120,"Lättfil fett 0,5% berikad","Fett, totalt",Naturell fil yoghurt,0.5,g
120,"Lättfil fett 0,5% berikad","Järn, Fe",Naturell fil yoghurt,0.0,mg
120,"Lättfil fett 0,5% berikad",Energi (kJ),Naturell fil yoghurt,164.0,kJ
120,"Lättfil fett 0,5% berikad",Energi (kcal),Naturell fil yoghurt,39.0,kcal
120,"Lättfil fett 0,5% berikad",Disackarider,Naturell fil yoghurt,3.9,g
120,"Lättfil fett 0,5% berikad","Kalcium, Ca",Naturell fil yoghurt,119.0,mg
120,"Lättfil fett 0,5% berikad",Fettsyra 4:0-10:0,Naturell fil yoghurt,0.0,g
120,"Lättfil fett 0,5% berikad",DHA (C22:6),Naturell fil yoghurt,0.0,g
120,"Lättfil fett 0,5% berikad",DPA (C22:5),Naturell fil yoghurt,0.0,g
120,"Lättfil fett 0,5% berikad",EPA (C20:5),Naturell fil yoghurt,0.0,g
120,"Lättfil fett 0,5% berikad",Arakidonsyra C20:4,Naturell fil yoghurt,0.0,g
120,"Lättfil fett 0,5% berikad",Arakidinsyra C20:0,Naturell fil yoghurt,0.0,g
120,"Lättfil fett 0,5% berikad",Linolensyra C18:3,Naturell fil yoghurt,0.0,g
120,"Lättfil fett 0,5% berikad",Linolsyra C18:2,Naturell fil yoghurt,0.0,g
120,"Lättfil fett 0,5% berikad",Oljesyra C18:1,Naturell fil yoghurt,0.1,g
120,"Lättfil fett 0,5% berikad",Stearinsyra C18:0,Naturell fil yoghurt,0.1,g
120,"Lättfil fett 0,5% berikad",Palmitoljesyra C16:1,Naturell fil yoghurt,0.0,g
120,"Lättfil fett 0,5% berikad",Palmitinsyra C16:0,Naturell fil yoghurt,0.1,g
120,"Lättfil fett 0,5% berikad",Myristinsyra C14:0,Naturell fil yoghurt,0.0,g
120,"Lättfil fett 0,5% berikad",Laurinsyra C12:0,Naturell fil yoghurt,0.0,g
120,"Lättfil fett 0,5% berikad",Betakaroten/β-Karoten,Naturell fil yoghurt,2.0,µg
120,"Lättfil fett 0,5% berikad",Avfall (skal etc.),Naturell fil yoghurt,0.0,%
120,"Lättfil fett 0,5% berikad",Aska,Naturell fil yoghurt,0.8,g
120,"Lättfil fett 0,5% berikad",Alkohol,Naturell fil yoghurt,0.0,g
122,Milkshake choklad jordgubb,"Zink, Zn",Mjölkdryck chokladdryck milkshake smothie m yoghurt,0.3,mg
122,Milkshake choklad jordgubb,Vitamin E,Mjölkdryck chokladdryck milkshake smothie m yoghurt,0.1,mg
122,Milkshake choklad jordgubb,Vitamin D,Mjölkdryck chokladdryck milkshake smothie m yoghurt,0.02,µg
122,Milkshake choklad jordgubb,Vitamin C,Mjölkdryck chokladdryck milkshake smothie m yoghurt,0.0,mg
122,Milkshake choklad jordgubb,Vitamin B6,Mjölkdryck chokladdryck milkshake smothie m yoghurt,0.04,mg
122,Milkshake choklad jordgubb,Vitamin B12,Mjölkdryck chokladdryck milkshake smothie m yoghurt,0.3,µg
122,Milkshake choklad jordgubb,Vitamin A,Mjölkdryck chokladdryck milkshake smothie m yoghurt,29.1,RE/µg
122,Milkshake choklad jordgubb,Vatten,Mjölkdryck chokladdryck milkshake smothie m yoghurt,83.0,g
122,Milkshake choklad jordgubb,Tiamin,Mjölkdryck chokladdryck milkshake smothie m yoghurt,0.03,mg
122,Milkshake choklad jordgubb,Tillsatt socker,Mjölkdryck chokladdryck milkshake smothie m yoghurt,5.0,g
122,Milkshake choklad jordgubb,Fritt socker,Mjölkdryck chokladdryck milkshake smothie m yoghurt,5.0,g
122,Milkshake choklad jordgubb,"Selen, Se",Mjölkdryck chokladdryck milkshake smothie m yoghurt,0.6,µg
122,Milkshake choklad jordgubb,Sackaros,Mjölkdryck chokladdryck milkshake smothie m yoghurt,4.9,g
122,Milkshake choklad jordgubb,Riboflavin,Mjölkdryck chokladdryck milkshake smothie m yoghurt,0.09,mg
122,Milkshake choklad jordgubb,Retinol,Mjölkdryck chokladdryck milkshake smothie m yoghurt,28.0,µg
122,Milkshake choklad jordgubb,Protein,Mjölkdryck chokladdryck milkshake smothie m yoghurt,2.0,g
122,Milkshake choklad jordgubb,Summa fleromättade fettsyror,Mjölkdryck chokladdryck milkshake smothie m yoghurt,0.8,g
122,Milkshake choklad jordgubb,"Fosfor, P",Mjölkdryck chokladdryck milkshake smothie m yoghurt,50.0,mg
122,Milkshake choklad jordgubb,Niacinekvivalenter,Mjölkdryck chokladdryck milkshake smothie m yoghurt,0.57,NE/mg
122,Milkshake choklad jordgubb,Niacin,Mjölkdryck chokladdryck milkshake smothie m yoghurt,0.1,mg
122,Milkshake choklad jordgubb,"Salt, NaCl",Mjölkdryck chokladdryck milkshake smothie m yoghurt,0.1,g
122,Milkshake choklad jordgubb,"Natrium, Na",Mjölkdryck chokladdryck milkshake smothie m yoghurt,45.0,mg
122,Milkshake choklad jordgubb,Monosackarider,Mjölkdryck chokladdryck milkshake smothie m yoghurt,1.6,g
122,Milkshake choklad jordgubb,"Sockerarter, totalt",Mjölkdryck chokladdryck milkshake smothie m yoghurt,10.6,g
122,Milkshake choklad jordgubb,Summa enkelomättade fettsyror,Mjölkdryck chokladdryck milkshake smothie m yoghurt,1.7,g
122,Milkshake choklad jordgubb,"Magnesium, Mg",Mjölkdryck chokladdryck milkshake smothie m yoghurt,13.0,mg
122,Milkshake choklad jordgubb,Summa mättade fettsyror,Mjölkdryck chokladdryck milkshake smothie m yoghurt,1.0,g
122,Milkshake choklad jordgubb,"Kolhydrater, tillgängliga",Mjölkdryck chokladdryck milkshake smothie m yoghurt,10.9,g
122,Milkshake choklad jordgubb,Kolesterol,Mjölkdryck chokladdryck milkshake smothie m yoghurt,10.0,mg
122,Milkshake choklad jordgubb,"Kalium, K",Mjölkdryck chokladdryck milkshake smothie m yoghurt,188.0,mg
122,Milkshake choklad jordgubb,"Jod, I",Mjölkdryck chokladdryck milkshake smothie m yoghurt,8.7,µg
122,Milkshake choklad jordgubb,Fullkorn totalt,Mjölkdryck chokladdryck milkshake smothie m yoghurt,0.0,g
122,Milkshake choklad jordgubb,"Folat, totalt",Mjölkdryck chokladdryck milkshake smothie m yoghurt,5.0,µg
122,Milkshake choklad jordgubb,Fibrer,Mjölkdryck chokladdryck milkshake smothie m yoghurt,0.0,g
122,Milkshake choklad jordgubb,"Fett, totalt",Mjölkdryck chokladdryck milkshake smothie m yoghurt,3.6,g
122,Milkshake choklad jordgubb,"Järn, Fe",Mjölkdryck chokladdryck milkshake smothie m yoghurt,0.1,mg
122,Milkshake choklad jordgubb,Energi (kJ),Mjölkdryck chokladdryck milkshake smothie m yoghurt,352.0,kJ
122,Milkshake choklad jordgubb,Energi (kcal),Mjölkdryck chokladdryck milkshake smothie m yoghurt,84.0,kcal
122,Milkshake choklad jordgubb,Disackarider,Mjölkdryck chokladdryck milkshake smothie m yoghurt,9.0,g
122,Milkshake choklad jordgubb,"Kalcium, Ca",Mjölkdryck chokladdryck milkshake smothie m yoghurt,73.0,mg
122,Milkshake choklad jordgubb,Fettsyra 4:0-10:0,Mjölkdryck chokladdryck milkshake smothie m yoghurt,0.0,g
122,Milkshake choklad jordgubb,DHA (C22:6),Mjölkdryck chokladdryck milkshake smothie m yoghurt,0.0,g
122,Milkshake choklad jordgubb,DPA (C22:5),Mjölkdryck chokladdryck milkshake smothie m yoghurt,0.0,g
122,Milkshake choklad jordgubb,EPA (C20:5),Mjölkdryck chokladdryck milkshake smothie m yoghurt,0.0,g
122,Milkshake choklad jordgubb,Arakidonsyra C20:4,Mjölkdryck chokladdryck milkshake smothie m yoghurt,0.0,g
122,Milkshake choklad jordgubb,Arakidinsyra C20:0,Mjölkdryck chokladdryck milkshake smothie m yoghurt,0.0,g
122,Milkshake choklad jordgubb,Linolensyra C18:3,Mjölkdryck chokladdryck milkshake smothie m yoghurt,0.0,g
122,Milkshake choklad jordgubb,Linolsyra C18:2,Mjölkdryck chokladdryck milkshake smothie m yoghurt,0.8,g
122,Milkshake choklad jordgubb,Oljesyra C18:1,Mjölkdryck chokladdryck milkshake smothie m yoghurt,1.6,g
122,Milkshake choklad jordgubb,Stearinsyra C18:0,Mjölkdryck chokladdryck milkshake smothie m yoghurt,0.3,g
122,Milkshake choklad jordgubb,Palmitoljesyra C16:1,Mjölkdryck chokladdryck milkshake smothie m yoghurt,0.0,g
122,Milkshake choklad jordgubb,Palmitinsyra C16:0,Mjölkdryck chokladdryck milkshake smothie m yoghurt,0.6,g
122,Milkshake choklad jordgubb,Myristinsyra C14:0,Mjölkdryck chokladdryck milkshake smothie m yoghurt,0.0,g
122,Milkshake choklad jordgubb,Laurinsyra C12:0,Mjölkdryck chokladdryck milkshake smothie m yoghurt,0.0,g
122,Milkshake choklad jordgubb,Betakaroten/β-Karoten,Mjölkdryck chokladdryck milkshake smothie m yoghurt,13.0,µg
122,Milkshake choklad jordgubb,Avfall (skal etc.),Mjölkdryck chokladdryck milkshake smothie m yoghurt,0.0,%
122,Milkshake choklad jordgubb,Aska,Mjölkdryck chokladdryck milkshake smothie m yoghurt,0.5,g
122,Milkshake choklad jordgubb,Alkohol,Mjölkdryck chokladdryck milkshake smothie m yoghurt,0.0,g
123,Mjölk fett 3% berikad,"Zink, Zn",Mjölk,0.3,mg
123,Mjölk fett 3% berikad,Vitamin E,Mjölk,0.1,mg
123,Mjölk fett 3% berikad,Vitamin D inkl 25-OH-D3,Mjölk,1.0,µg
123,Mjölk fett 3% berikad,Vitamin D,Mjölk,1.0,µg
123,Mjölk fett 3% berikad,Vitamin C,Mjölk,0.6,mg
123,Mjölk fett 3% berikad,Vitamin B6,Mjölk,0.05,mg
123,Mjölk fett 3% berikad,Vitamin B12,Mjölk,0.44,µg
123,Mjölk fett 3% berikad,Vitamin A,Mjölk,26.5,RE/µg
123,Mjölk fett 3% berikad,Vatten,Mjölk,88.1,g
123,Mjölk fett 3% berikad,Tiamin,Mjölk,0.04,mg
123,Mjölk fett 3% berikad,Tillsatt socker,Mjölk,0.0,g
123,Mjölk fett 3% berikad,Fritt socker,Mjölk,0.0,g
123,Mjölk fett 3% berikad,"Selen, Se",Mjölk,1.7,µg
123,Mjölk fett 3% berikad,Sackaros,Mjölk,0.0,g
123,Mjölk fett 3% berikad,Riboflavin,Mjölk,0.14,mg
123,Mjölk fett 3% berikad,Retinol,Mjölk,25.0,µg
123,Mjölk fett 3% berikad,Protein,Mjölk,3.6,g
123,Mjölk fett 3% berikad,Summa fleromättade fettsyror,Mjölk,0.1,g
123,Mjölk fett 3% berikad,"Fosfor, P",Mjölk,138.0,mg
123,Mjölk fett 3% berikad,Niacinekvivalenter,Mjölk,0.9,NE/mg
123,Mjölk fett 3% berikad,Niacin,Mjölk,0.11,mg
123,Mjölk fett 3% berikad,"Salt, NaCl",Mjölk,0.1,g
123,Mjölk fett 3% berikad,"Natrium, Na",Mjölk,34.0,mg
123,Mjölk fett 3% berikad,Monosackarider,Mjölk,0.0,g
123,Mjölk fett 3% berikad,"Sockerarter, totalt",Mjölk,4.6,g
123,Mjölk fett 3% berikad,Summa enkelomättade fettsyror,Mjölk,0.7,g
123,Mjölk fett 3% berikad,"Magnesium, Mg",Mjölk,11.0,mg
123,Mjölk fett 3% berikad,Summa mättade fettsyror,Mjölk,1.9,g
123,Mjölk fett 3% berikad,"Kolhydrater, tillgängliga",Mjölk,4.6,g
123,Mjölk fett 3% berikad,Kolesterol,Mjölk,11.3,mg
123,Mjölk fett 3% berikad,"Kalium, K",Mjölk,158.0,mg
123,Mjölk fett 3% berikad,"Jod, I",Mjölk,22.0,µg
123,Mjölk fett 3% berikad,Fullkorn totalt,Mjölk,0.0,g
123,Mjölk fett 3% berikad,"Folat, totalt",Mjölk,8.8,µg
123,Mjölk fett 3% berikad,Fibrer,Mjölk,0.0,g
123,Mjölk fett 3% berikad,"Fett, totalt",Mjölk,3.0,g
123,Mjölk fett 3% berikad,"Järn, Fe",Mjölk,0.0,mg
123,Mjölk fett 3% berikad,Energi (kJ),Mjölk,250.0,kJ
123,Mjölk fett 3% berikad,Energi (kcal),Mjölk,60.0,kcal
123,Mjölk fett 3% berikad,Disackarider,Mjölk,4.6,g
123,Mjölk fett 3% berikad,"Kalcium, Ca",Mjölk,123.0,mg
123,Mjölk fett 3% berikad,Fettsyra 4:0-10:0,Mjölk,0.3,g
123,Mjölk fett 3% berikad,DHA (C22:6),Mjölk,0.0,g
123,Mjölk fett 3% berikad,DPA (C22:5),Mjölk,0.0,g
123,Mjölk fett 3% berikad,EPA (C20:5),Mjölk,0.0,g
123,Mjölk fett 3% berikad,Arakidonsyra C20:4,Mjölk,0.0,g
123,Mjölk fett 3% berikad,Arakidinsyra C20:0,Mjölk,0.0,g
123,Mjölk fett 3% berikad,Linolensyra C18:3,Mjölk,0.0,g
123,Mjölk fett 3% berikad,Linolsyra C18:2,Mjölk,0.1,g
123,Mjölk fett 3% berikad,Oljesyra C18:1,Mjölk,0.6,g
123,Mjölk fett 3% berikad,Stearinsyra C18:0,Mjölk,0.3,g
123,Mjölk fett 3% berikad,Palmitoljesyra C16:1,Mjölk,0.1,g
123,Mjölk fett 3% berikad,Palmitinsyra C16:0,Mjölk,0.9,g
123,Mjölk fett 3% berikad,Myristinsyra C14:0,Mjölk,0.3,g
123,Mjölk fett 3% berikad,Laurinsyra C12:0,Mjölk,0.1,g
123,Mjölk fett 3% berikad,Betakaroten/β-Karoten,Mjölk,18.0,µg
123,Mjölk fett 3% berikad,Avfall (skal etc.),Mjölk,0.0,%
123,Mjölk fett 3% berikad,Aska,Mjölk,0.7,g
123,Mjölk fett 3% berikad,Alkohol,Mjölk,0.0,g
124,Yoghurt naturell fett 3% berikad,"Zink, Zn",Naturell fil yoghurt,1.6,mg
124,Yoghurt naturell fett 3% berikad,Vitamin E,Naturell fil yoghurt,0.1,mg
124,Yoghurt naturell fett 3% berikad,Vitamin D,Naturell fil yoghurt,1.0,µg
124,Yoghurt naturell fett 3% berikad,Vitamin C,Naturell fil yoghurt,0.0,mg
124,Yoghurt naturell fett 3% berikad,Vitamin B6,Naturell fil yoghurt,0.04,mg
124,Yoghurt naturell fett 3% berikad,Vitamin B12,Naturell fil yoghurt,0.21,µg
124,Yoghurt naturell fett 3% berikad,Vitamin A,Naturell fil yoghurt,24.1,RE/µg
124,Yoghurt naturell fett 3% berikad,Vatten,Naturell fil yoghurt,88.7,g
124,Yoghurt naturell fett 3% berikad,Tiamin,Naturell fil yoghurt,0.04,mg
124,Yoghurt naturell fett 3% berikad,Tillsatt socker,Naturell fil yoghurt,0.0,g
124,Yoghurt naturell fett 3% berikad,Fritt socker,Naturell fil yoghurt,0.0,g
124,Yoghurt naturell fett 3% berikad,"Selen, Se",Naturell fil yoghurt,0.0,µg
124,Yoghurt naturell fett 3% berikad,Sackaros,Naturell fil yoghurt,0.0,g
124,Yoghurt naturell fett 3% berikad,Riboflavin,Naturell fil yoghurt,0.14,mg
124,Yoghurt naturell fett 3% berikad,Retinol,Naturell fil yoghurt,23.0,µg
124,Yoghurt naturell fett 3% berikad,Protein,Naturell fil yoghurt,3.4,g
124,Yoghurt naturell fett 3% berikad,Summa fleromättade fettsyror,Naturell fil yoghurt,0.1,g
124,Yoghurt naturell fett 3% berikad,"Fosfor, P",Naturell fil yoghurt,91.0,mg
124,Yoghurt naturell fett 3% berikad,Niacinekvivalenter,Naturell fil yoghurt,0.9,NE/mg
124,Yoghurt naturell fett 3% berikad,Niacin,Naturell fil yoghurt,0.11,mg
124,Yoghurt naturell fett 3% berikad,"Salt, NaCl",Naturell fil yoghurt,0.1,g
124,Yoghurt naturell fett 3% berikad,"Natrium, Na",Naturell fil yoghurt,38.0,mg
124,Yoghurt naturell fett 3% berikad,Monosackarider,Naturell fil yoghurt,0.0,g
124,Yoghurt naturell fett 3% berikad,"Sockerarter, totalt",Naturell fil yoghurt,2.9,g
124,Yoghurt naturell fett 3% berikad,Summa enkelomättade fettsyror,Naturell fil yoghurt,0.6,g
124,Yoghurt naturell fett 3% berikad,"Magnesium, Mg",Naturell fil yoghurt,11.0,mg
124,Yoghurt naturell fett 3% berikad,Summa mättade fettsyror,Naturell fil yoghurt,1.8,g
124,Yoghurt naturell fett 3% berikad,"Kolhydrater, tillgängliga",Naturell fil yoghurt,4.5,g
124,Yoghurt naturell fett 3% berikad,Kolesterol,Naturell fil yoghurt,10.6,mg
124,Yoghurt naturell fett 3% berikad,"Kalium, K",Naturell fil yoghurt,162.0,mg
124,Yoghurt naturell fett 3% berikad,"Jod, I",Naturell fil yoghurt,8.0,µg
124,Yoghurt naturell fett 3% berikad,Fullkorn totalt,Naturell fil yoghurt,0.0,g
124,Yoghurt naturell fett 3% berikad,"Folat, totalt",Naturell fil yoghurt,13.8,µg
124,Yoghurt naturell fett 3% berikad,Fibrer,Naturell fil yoghurt,0.0,g
124,Yoghurt naturell fett 3% berikad,"Fett, totalt",Naturell fil yoghurt,2.7,g
124,Yoghurt naturell fett 3% berikad,"Järn, Fe",Naturell fil yoghurt,0.1,mg
124,Yoghurt naturell fett 3% berikad,Energi (kJ),Naturell fil yoghurt,234.0,kJ
124,Yoghurt naturell fett 3% berikad,Energi (kcal),Naturell fil yoghurt,56.0,kcal
124,Yoghurt naturell fett 3% berikad,Disackarider,Naturell fil yoghurt,2.9,g
124,Yoghurt naturell fett 3% berikad,"Kalcium, Ca",Naturell fil yoghurt,116.0,mg
124,Yoghurt naturell fett 3% berikad,Fettsyra 4:0-10:0,Naturell fil yoghurt,0.2,g
124,Yoghurt naturell fett 3% berikad,DHA (C22:6),Naturell fil yoghurt,0.0,g
124,Yoghurt naturell fett 3% berikad,DPA (C22:5),Naturell fil yoghurt,0.0,g
124,Yoghurt naturell fett 3% berikad,EPA (C20:5),Naturell fil yoghurt,0.0,g
124,Yoghurt naturell fett 3% berikad,Arakidonsyra C20:4,Naturell fil yoghurt,0.0,g
124,Yoghurt naturell fett 3% berikad,Arakidinsyra C20:0,Naturell fil yoghurt,0.0,g
124,Yoghurt naturell fett 3% berikad,Linolensyra C18:3,Naturell fil yoghurt,0.0,g
124,Yoghurt naturell fett 3% berikad,Linolsyra C18:2,Naturell fil yoghurt,0.1,g
124,Yoghurt naturell fett 3% berikad,Oljesyra C18:1,Naturell fil yoghurt,0.6,g
124,Yoghurt naturell fett 3% berikad,Stearinsyra C18:0,Naturell fil yoghurt,0.3,g
124,Yoghurt naturell fett 3% berikad,Palmitoljesyra C16:1,Naturell fil yoghurt,0.0,g
124,Yoghurt naturell fett 3% berikad,Palmitinsyra C16:0,Naturell fil yoghurt,0.8,g
124,Yoghurt naturell fett 3% berikad,Myristinsyra C14:0,Naturell fil yoghurt,0.3,g
124,Yoghurt naturell fett 3% berikad,Laurinsyra C12:0,Naturell fil yoghurt,0.1,g
124,Yoghurt naturell fett 3% berikad,Betakaroten/β-Karoten,Naturell fil yoghurt,12.0,µg
124,Yoghurt naturell fett 3% berikad,Avfall (skal etc.),Naturell fil yoghurt,0.0,%
124,Yoghurt naturell fett 3% berikad,Aska,Naturell fil yoghurt,0.7,g
124,Yoghurt naturell fett 3% berikad,Alkohol,Naturell fil yoghurt,0.0,g
126,"Fruktyoghurt lätt fett 0,5% berikad","Zink, Zn",Smaksatt fil yoghurt,0.3,mg
126,"Fruktyoghurt lätt fett 0,5% berikad",Vitamin E,Smaksatt fil yoghurt,0.0,mg
126,"Fruktyoghurt lätt fett 0,5% berikad",Vitamin D,Smaksatt fil yoghurt,1.0,µg
126,"Fruktyoghurt lätt fett 0,5% berikad",Vitamin C,Smaksatt fil yoghurt,2.0,mg
126,"Fruktyoghurt lätt fett 0,5% berikad",Vitamin B6,Smaksatt fil yoghurt,0.04,mg
126,"Fruktyoghurt lätt fett 0,5% berikad",Vitamin B12,Smaksatt fil yoghurt,0.2,µg
126,"Fruktyoghurt lätt fett 0,5% berikad",Vitamin A,Smaksatt fil yoghurt,4.4,RE/µg
126,"Fruktyoghurt lätt fett 0,5% berikad",Vatten,Smaksatt fil yoghurt,81.0,g
126,"Fruktyoghurt lätt fett 0,5% berikad",Tiamin,Smaksatt fil yoghurt,0.04,mg
126,"Fruktyoghurt lätt fett 0,5% berikad",Tillsatt socker,Smaksatt fil yoghurt,11.0,g
126,"Fruktyoghurt lätt fett 0,5% berikad",Fritt socker,Smaksatt fil yoghurt,11.0,g
126,"Fruktyoghurt lätt fett 0,5% berikad","Selen, Se",Smaksatt fil yoghurt,1.1,µg
126,"Fruktyoghurt lätt fett 0,5% berikad",Sackaros,Smaksatt fil yoghurt,8.0,g
126,"Fruktyoghurt lätt fett 0,5% berikad",Riboflavin,Smaksatt fil yoghurt,0.17,mg
126,"Fruktyoghurt lätt fett 0,5% berikad",Retinol,Smaksatt fil yoghurt,4.2,µg
126,"Fruktyoghurt lätt fett 0,5% berikad",Protein,Smaksatt fil yoghurt,3.0,g
126,"Fruktyoghurt lätt fett 0,5% berikad",Summa fleromättade fettsyror,Smaksatt fil yoghurt,0.0,g
126,"Fruktyoghurt lätt fett 0,5% berikad","Fosfor, P",Smaksatt fil yoghurt,92.0,mg
126,"Fruktyoghurt lätt fett 0,5% berikad",Niacinekvivalenter,Smaksatt fil yoghurt,0.8,NE/mg
126,"Fruktyoghurt lätt fett 0,5% berikad",Niacin,Smaksatt fil yoghurt,0.1,mg
126,"Fruktyoghurt lätt fett 0,5% berikad","Salt, NaCl",Smaksatt fil yoghurt,0.1,g
126,"Fruktyoghurt lätt fett 0,5% berikad","Natrium, Na",Smaksatt fil yoghurt,36.0,mg
126,"Fruktyoghurt lätt fett 0,5% berikad",Monosackarider,Smaksatt fil yoghurt,1.3,g
126,"Fruktyoghurt lätt fett 0,5% berikad","Sockerarter, totalt",Smaksatt fil yoghurt,12.7,g
126,"Fruktyoghurt lätt fett 0,5% berikad",Summa enkelomättade fettsyror,Smaksatt fil yoghurt,0.1,g
126,"Fruktyoghurt lätt fett 0,5% berikad","Magnesium, Mg",Smaksatt fil yoghurt,12.0,mg
126,"Fruktyoghurt lätt fett 0,5% berikad",Summa mättade fettsyror,Smaksatt fil yoghurt,0.3,g
126,"Fruktyoghurt lätt fett 0,5% berikad","Kolhydrater, tillgängliga",Smaksatt fil yoghurt,14.3,g
126,"Fruktyoghurt lätt fett 0,5% berikad",Kolesterol,Smaksatt fil yoghurt,1.6,mg
126,"Fruktyoghurt lätt fett 0,5% berikad","Kalium, K",Smaksatt fil yoghurt,152.0,mg
126,"Fruktyoghurt lätt fett 0,5% berikad","Jod, I",Smaksatt fil yoghurt,9.2,µg
126,"Fruktyoghurt lätt fett 0,5% berikad",Fullkorn totalt,Smaksatt fil yoghurt,0.0,g
126,"Fruktyoghurt lätt fett 0,5% berikad","Folat, totalt",Smaksatt fil yoghurt,23.0,µg
126,"Fruktyoghurt lätt fett 0,5% berikad",Fibrer,Smaksatt fil yoghurt,0.5,g
126,"Fruktyoghurt lätt fett 0,5% berikad","Fett, totalt",Smaksatt fil yoghurt,0.5,g
126,"Fruktyoghurt lätt fett 0,5% berikad","Järn, Fe",Smaksatt fil yoghurt,0.1,mg
126,"Fruktyoghurt lätt fett 0,5% berikad",Energi (kJ),Smaksatt fil yoghurt,317.0,kJ
126,"Fruktyoghurt lätt fett 0,5% berikad",Energi (kcal),Smaksatt fil yoghurt,76.0,kcal
126,"Fruktyoghurt lätt fett 0,5% berikad",Disackarider,Smaksatt fil yoghurt,11.4,g
126,"Fruktyoghurt lätt fett 0,5% berikad","Kalcium, Ca",Smaksatt fil yoghurt,104.0,mg
126,"Fruktyoghurt lätt fett 0,5% berikad",Fettsyra 4:0-10:0,Smaksatt fil yoghurt,0.0,g
126,"Fruktyoghurt lätt fett 0,5% berikad",DHA (C22:6),Smaksatt fil yoghurt,0.0,g
126,"Fruktyoghurt lätt fett 0,5% berikad",DPA (C22:5),Smaksatt fil yoghurt,0.0,g
126,"Fruktyoghurt lätt fett 0,5% berikad",EPA (C20:5),Smaksatt fil yoghurt,0.0,g
126,"Fruktyoghurt lätt fett 0,5% berikad",Arakidonsyra C20:4,Smaksatt fil yoghurt,0.0,g
126,"Fruktyoghurt lätt fett 0,5% berikad",Arakidinsyra C20:0,Smaksatt fil yoghurt,0.0,g
126,"Fruktyoghurt lätt fett 0,5% berikad",Linolensyra C18:3,Smaksatt fil yoghurt,0.0,g
126,"Fruktyoghurt lätt fett 0,5% berikad",Linolsyra C18:2,Smaksatt fil yoghurt,0.0,g
126,"Fruktyoghurt lätt fett 0,5% berikad",Oljesyra C18:1,Smaksatt fil yoghurt,0.1,g
126,"Fruktyoghurt lätt fett 0,5% berikad",Stearinsyra C18:0,Smaksatt fil yoghurt,0.1,g
126,"Fruktyoghurt lätt fett 0,5% berikad",Palmitoljesyra C16:1,Smaksatt fil yoghurt,0.0,g
126,"Fruktyoghurt lätt fett 0,5% berikad",Palmitinsyra C16:0,Smaksatt fil yoghurt,0.1,g
126,"Fruktyoghurt lätt fett 0,5% berikad",Myristinsyra C14:0,Smaksatt fil yoghurt,0.0,g
126,"Fruktyoghurt lätt fett 0,5% berikad",Laurinsyra C12:0,Smaksatt fil yoghurt,0.0,g
126,"Fruktyoghurt lätt fett 0,5% berikad",Betakaroten/β-Karoten,Smaksatt fil yoghurt,2.0,µg
126,"Fruktyoghurt lätt fett 0,5% berikad",Avfall (skal etc.),Smaksatt fil yoghurt,0.0,%
126,"Fruktyoghurt lätt fett 0,5% berikad",Aska,Smaksatt fil yoghurt,0.7,g
126,"Fruktyoghurt lätt fett 0,5% berikad",Alkohol,Smaksatt fil yoghurt,0.0,g
127,"Mjölk fett 4,2% typ lantmjölk","Zink, Zn",Mjölk,0.3,mg
127,"Mjölk fett 4,2% typ lantmjölk",Vitamin E,Mjölk,0.1,mg
127,"Mjölk fett 4,2% typ lantmjölk",Vitamin D inkl 25-OH-D3,Mjölk,0.04,µg
127,"Mjölk fett 4,2% typ lantmjölk",Vitamin D,Mjölk,0.02,µg
127,"Mjölk fett 4,2% typ lantmjölk",Vitamin C,Mjölk,0.6,mg
127,"Mjölk fett 4,2% typ lantmjölk",Vitamin B6,Mjölk,0.04,mg
127,"Mjölk fett 4,2% typ lantmjölk",Vitamin B12,Mjölk,0.43,µg
127,"Mjölk fett 4,2% typ lantmjölk",Vitamin A,Mjölk,38.1,RE/µg
127,"Mjölk fett 4,2% typ lantmjölk",Vatten,Mjölk,86.9,g
127,"Mjölk fett 4,2% typ lantmjölk",Tiamin,Mjölk,0.04,mg
127,"Mjölk fett 4,2% typ lantmjölk",Tillsatt socker,Mjölk,0.0,g
127,"Mjölk fett 4,2% typ lantmjölk",Fritt socker,Mjölk,0.0,g
127,"Mjölk fett 4,2% typ lantmjölk","Selen, Se",Mjölk,1.6,µg
127,"Mjölk fett 4,2% typ lantmjölk",Sackaros,Mjölk,0.0,g
127,"Mjölk fett 4,2% typ lantmjölk",Riboflavin,Mjölk,0.14,mg
127,"Mjölk fett 4,2% typ lantmjölk",Retinol,Mjölk,36.0,µg
127,"Mjölk fett 4,2% typ lantmjölk",Protein,Mjölk,3.5,g
127,"Mjölk fett 4,2% typ lantmjölk",Summa fleromättade fettsyror,Mjölk,0.1,g
127,"Mjölk fett 4,2% typ lantmjölk","Fosfor, P",Mjölk,136.0,mg
127,"Mjölk fett 4,2% typ lantmjölk",Niacinekvivalenter,Mjölk,0.9,NE/mg
127,"Mjölk fett 4,2% typ lantmjölk",Niacin,Mjölk,0.11,mg
127,"Mjölk fett 4,2% typ lantmjölk","Salt, NaCl",Mjölk,0.1,g
127,"Mjölk fett 4,2% typ lantmjölk","Natrium, Na",Mjölk,34.0,mg
127,"Mjölk fett 4,2% typ lantmjölk",Monosackarider,Mjölk,0.0,g
127,"Mjölk fett 4,2% typ lantmjölk","Sockerarter, totalt",Mjölk,4.6,g
127,"Mjölk fett 4,2% typ lantmjölk",Summa enkelomättade fettsyror,Mjölk,1.0,g
127,"Mjölk fett 4,2% typ lantmjölk","Magnesium, Mg",Mjölk,11.0,mg
127,"Mjölk fett 4,2% typ lantmjölk",Summa mättade fettsyror,Mjölk,2.7,g
127,"Mjölk fett 4,2% typ lantmjölk","Kolhydrater, tillgängliga",Mjölk,4.7,g
127,"Mjölk fett 4,2% typ lantmjölk",Kolesterol,Mjölk,15.4,mg
127,"Mjölk fett 4,2% typ lantmjölk","Kalium, K",Mjölk,156.0,mg
127,"Mjölk fett 4,2% typ lantmjölk","Jod, I",Mjölk,21.7,µg
127,"Mjölk fett 4,2% typ lantmjölk",Fullkorn totalt,Mjölk,0.0,g
127,"Mjölk fett 4,2% typ lantmjölk","Folat, totalt",Mjölk,8.7,µg
127,"Mjölk fett 4,2% typ lantmjölk",Fibrer,Mjölk,0.0,g
127,"Mjölk fett 4,2% typ lantmjölk","Fett, totalt",Mjölk,4.2,g
127,"Mjölk fett 4,2% typ lantmjölk","Järn, Fe",Mjölk,0.0,mg
127,"Mjölk fett 4,2% typ lantmjölk",Energi (kJ),Mjölk,295.0,kJ
127,"Mjölk fett 4,2% typ lantmjölk",Energi (kcal),Mjölk,70.0,kcal
127,"Mjölk fett 4,2% typ lantmjölk",Disackarider,Mjölk,4.6,g
127,"Mjölk fett 4,2% typ lantmjölk","Kalcium, Ca",Mjölk,121.0,mg
127,"Mjölk fett 4,2% typ lantmjölk",Fettsyra 4:0-10:0,Mjölk,0.4,g
127,"Mjölk fett 4,2% typ lantmjölk",DHA (C22:6),Mjölk,0.0,g
127,"Mjölk fett 4,2% typ lantmjölk",DPA (C22:5),Mjölk,0.0,g
127,"Mjölk fett 4,2% typ lantmjölk",EPA (C20:5),Mjölk,0.0,g
127,"Mjölk fett 4,2% typ lantmjölk",Arakidonsyra C20:4,Mjölk,0.0,g
127,"Mjölk fett 4,2% typ lantmjölk",Arakidinsyra C20:0,Mjölk,0.0,g
127,"Mjölk fett 4,2% typ lantmjölk",Linolensyra C18:3,Mjölk,0.0,g
127,"Mjölk fett 4,2% typ lantmjölk",Linolsyra C18:2,Mjölk,0.1,g
127,"Mjölk fett 4,2% typ lantmjölk",Oljesyra C18:1,Mjölk,0.8,g
127,"Mjölk fett 4,2% typ lantmjölk",Stearinsyra C18:0,Mjölk,0.4,g
127,"Mjölk fett 4,2% typ lantmjölk",Palmitoljesyra C16:1,Mjölk,0.1,g
127,"Mjölk fett 4,2% typ lantmjölk",Palmitinsyra C16:0,Mjölk,1.2,g
127,"Mjölk fett 4,2% typ lantmjölk",Myristinsyra C14:0,Mjölk,0.4,g
127,"Mjölk fett 4,2% typ lantmjölk",Laurinsyra C12:0,Mjölk,0.1,g
127,"Mjölk fett 4,2% typ lantmjölk",Betakaroten/β-Karoten,Mjölk,26.0,µg
127,"Mjölk fett 4,2% typ lantmjölk",Avfall (skal etc.),Mjölk,0.0,%
127,"Mjölk fett 4,2% typ lantmjölk",Aska,Mjölk,0.7,g
127,"Mjölk fett 4,2% typ lantmjölk",Alkohol,Mjölk,0.0,g
128,Filmjölk A-fil fett 3% berikad,"Zink, Zn",Naturell fil yoghurt,0.4,mg
128,Filmjölk A-fil fett 3% berikad,Vitamin E,Naturell fil yoghurt,0.1,mg
128,Filmjölk A-fil fett 3% berikad,Vitamin D,Naturell fil yoghurt,1.0,µg
128,Filmjölk A-fil fett 3% berikad,Vitamin C,Naturell fil yoghurt,0.0,mg
128,Filmjölk A-fil fett 3% berikad,Vitamin B6,Naturell fil yoghurt,0.04,mg
128,Filmjölk A-fil fett 3% berikad,Vitamin B12,Naturell fil yoghurt,0.27,µg
128,Filmjölk A-fil fett 3% berikad,Vitamin A,Naturell fil yoghurt,26.2,RE/µg
128,Filmjölk A-fil fett 3% berikad,Vatten,Naturell fil yoghurt,88.0,g
128,Filmjölk A-fil fett 3% berikad,Tiamin,Naturell fil yoghurt,0.04,mg
128,Filmjölk A-fil fett 3% berikad,Tillsatt socker,Naturell fil yoghurt,0.0,g
128,Filmjölk A-fil fett 3% berikad,Fritt socker,Naturell fil yoghurt,0.0,g
128,Filmjölk A-fil fett 3% berikad,"Selen, Se",Naturell fil yoghurt,1.8,µg
128,Filmjölk A-fil fett 3% berikad,Sackaros,Naturell fil yoghurt,0.0,g
128,Filmjölk A-fil fett 3% berikad,Riboflavin,Naturell fil yoghurt,0.14,mg
128,Filmjölk A-fil fett 3% berikad,Retinol,Naturell fil yoghurt,25.0,µg
128,Filmjölk A-fil fett 3% berikad,Protein,Naturell fil yoghurt,3.4,g
128,Filmjölk A-fil fett 3% berikad,Summa fleromättade fettsyror,Naturell fil yoghurt,0.0,g
128,Filmjölk A-fil fett 3% berikad,"Fosfor, P",Naturell fil yoghurt,91.0,mg
128,Filmjölk A-fil fett 3% berikad,Niacinekvivalenter,Naturell fil yoghurt,0.86,NE/mg
128,Filmjölk A-fil fett 3% berikad,Niacin,Naturell fil yoghurt,0.06,mg
128,Filmjölk A-fil fett 3% berikad,"Salt, NaCl",Naturell fil yoghurt,0.1,g
128,Filmjölk A-fil fett 3% berikad,"Natrium, Na",Naturell fil yoghurt,41.0,mg
128,Filmjölk A-fil fett 3% berikad,Monosackarider,Naturell fil yoghurt,0.0,g
128,Filmjölk A-fil fett 3% berikad,"Sockerarter, totalt",Naturell fil yoghurt,3.8,g
128,Filmjölk A-fil fett 3% berikad,Summa enkelomättade fettsyror,Naturell fil yoghurt,0.7,g
128,Filmjölk A-fil fett 3% berikad,"Magnesium, Mg",Naturell fil yoghurt,12.0,mg
128,Filmjölk A-fil fett 3% berikad,Summa mättade fettsyror,Naturell fil yoghurt,2.0,g
128,Filmjölk A-fil fett 3% berikad,"Kolhydrater, tillgängliga",Naturell fil yoghurt,4.8,g
128,Filmjölk A-fil fett 3% berikad,Kolesterol,Naturell fil yoghurt,10.2,mg
128,Filmjölk A-fil fett 3% berikad,"Kalium, K",Naturell fil yoghurt,162.0,mg
128,Filmjölk A-fil fett 3% berikad,"Jod, I",Naturell fil yoghurt,10.5,µg
128,Filmjölk A-fil fett 3% berikad,Fullkorn totalt,Naturell fil yoghurt,0.0,g
128,Filmjölk A-fil fett 3% berikad,"Folat, totalt",Naturell fil yoghurt,11.2,µg
128,Filmjölk A-fil fett 3% berikad,Fibrer,Naturell fil yoghurt,0.0,g
128,Filmjölk A-fil fett 3% berikad,"Fett, totalt",Naturell fil yoghurt,3.0,g
128,Filmjölk A-fil fett 3% berikad,"Järn, Fe",Naturell fil yoghurt,0.0,mg
128,Filmjölk A-fil fett 3% berikad,Energi (kJ),Naturell fil yoghurt,251.0,kJ
128,Filmjölk A-fil fett 3% berikad,Energi (kcal),Naturell fil yoghurt,60.0,kcal
128,Filmjölk A-fil fett 3% berikad,Disackarider,Naturell fil yoghurt,3.8,g
128,Filmjölk A-fil fett 3% berikad,"Kalcium, Ca",Naturell fil yoghurt,116.0,mg
128,Filmjölk A-fil fett 3% berikad,Fettsyra 4:0-10:0,Naturell fil yoghurt,0.3,g
128,Filmjölk A-fil fett 3% berikad,DHA (C22:6),Naturell fil yoghurt,0.0,g
128,Filmjölk A-fil fett 3% berikad,DPA (C22:5),Naturell fil yoghurt,0.0,g
128,Filmjölk A-fil fett 3% berikad,EPA (C20:5),Naturell fil yoghurt,0.0,g
128,Filmjölk A-fil fett 3% berikad,Arakidonsyra C20:4,Naturell fil yoghurt,0.0,g
128,Filmjölk A-fil fett 3% berikad,Arakidinsyra C20:0,Naturell fil yoghurt,0.0,g
128,Filmjölk A-fil fett 3% berikad,Linolensyra C18:3,Naturell fil yoghurt,0.0,g
128,Filmjölk A-fil fett 3% berikad,Linolsyra C18:2,Naturell fil yoghurt,0.0,g
128,Filmjölk A-fil fett 3% berikad,Oljesyra C18:1,Naturell fil yoghurt,0.6,g
128,Filmjölk A-fil fett 3% berikad,Stearinsyra C18:0,Naturell fil yoghurt,0.4,g
128,Filmjölk A-fil fett 3% berikad,Palmitoljesyra C16:1,Naturell fil yoghurt,0.0,g
128,Filmjölk A-fil fett 3% berikad,Palmitinsyra C16:0,Naturell fil yoghurt,0.9,g
128,Filmjölk A-fil fett 3% berikad,Myristinsyra C14:0,Naturell fil yoghurt,0.3,g
128,Filmjölk A-fil fett 3% berikad,Laurinsyra C12:0,Naturell fil yoghurt,0.1,g
128,Filmjölk A-fil fett 3% berikad,Betakaroten/β-Karoten,Naturell fil yoghurt,14.0,µg
128,Filmjölk A-fil fett 3% berikad,Avfall (skal etc.),Naturell fil yoghurt,0.0,%
128,Filmjölk A-fil fett 3% berikad,Aska,Naturell fil yoghurt,0.7,g
128,Filmjölk A-fil fett 3% berikad,Alkohol,Naturell fil yoghurt,0.0,g
130,"Mellanfil fett 1,5% berikad","Zink, Zn",Naturell fil yoghurt,0.4,mg
130,"Mellanfil fett 1,5% berikad",Vitamin E,Naturell fil yoghurt,0.0,mg
130,"Mellanfil fett 1,5% berikad",Vitamin D,Naturell fil yoghurt,1.0,µg
130,"Mellanfil fett 1,5% berikad",Vitamin C,Naturell fil yoghurt,0.0,mg
130,"Mellanfil fett 1,5% berikad",Vitamin B6,Naturell fil yoghurt,0.04,mg
130,"Mellanfil fett 1,5% berikad",Vitamin B12,Naturell fil yoghurt,0.27,µg
130,"Mellanfil fett 1,5% berikad",Vitamin A,Naturell fil yoghurt,14.4,RE/µg
130,"Mellanfil fett 1,5% berikad",Vatten,Naturell fil yoghurt,89.3,g
130,"Mellanfil fett 1,5% berikad",Tiamin,Naturell fil yoghurt,0.04,mg
130,"Mellanfil fett 1,5% berikad",Tillsatt socker,Naturell fil yoghurt,0.0,g
130,"Mellanfil fett 1,5% berikad",Fritt socker,Naturell fil yoghurt,0.0,g
130,"Mellanfil fett 1,5% berikad","Selen, Se",Naturell fil yoghurt,1.8,µg
130,"Mellanfil fett 1,5% berikad",Sackaros,Naturell fil yoghurt,0.0,g
130,"Mellanfil fett 1,5% berikad",Riboflavin,Naturell fil yoghurt,0.14,mg
130,"Mellanfil fett 1,5% berikad",Retinol,Naturell fil yoghurt,13.8,µg
130,"Mellanfil fett 1,5% berikad",Protein,Naturell fil yoghurt,3.5,g
130,"Mellanfil fett 1,5% berikad",Summa fleromättade fettsyror,Naturell fil yoghurt,0.0,g
130,"Mellanfil fett 1,5% berikad","Fosfor, P",Naturell fil yoghurt,93.0,mg
130,"Mellanfil fett 1,5% berikad",Niacinekvivalenter,Naturell fil yoghurt,0.88,NE/mg
130,"Mellanfil fett 1,5% berikad",Niacin,Naturell fil yoghurt,0.07,mg
130,"Mellanfil fett 1,5% berikad","Salt, NaCl",Naturell fil yoghurt,0.1,g
130,"Mellanfil fett 1,5% berikad","Natrium, Na",Naturell fil yoghurt,41.0,mg
130,"Mellanfil fett 1,5% berikad",Monosackarider,Naturell fil yoghurt,0.0,g
130,"Mellanfil fett 1,5% berikad","Sockerarter, totalt",Naturell fil yoghurt,3.8,g
130,"Mellanfil fett 1,5% berikad",Summa enkelomättade fettsyror,Naturell fil yoghurt,0.4,g
130,"Mellanfil fett 1,5% berikad","Magnesium, Mg",Naturell fil yoghurt,12.0,mg
130,"Mellanfil fett 1,5% berikad",Summa mättade fettsyror,Naturell fil yoghurt,1.0,g
130,"Mellanfil fett 1,5% berikad","Kolhydrater, tillgängliga",Naturell fil yoghurt,5.0,g
130,"Mellanfil fett 1,5% berikad",Kolesterol,Naturell fil yoghurt,6.0,mg
130,"Mellanfil fett 1,5% berikad","Kalium, K",Naturell fil yoghurt,165.0,mg
130,"Mellanfil fett 1,5% berikad","Jod, I",Naturell fil yoghurt,10.5,µg
130,"Mellanfil fett 1,5% berikad",Fullkorn totalt,Naturell fil yoghurt,0.0,g
130,"Mellanfil fett 1,5% berikad","Folat, totalt",Naturell fil yoghurt,11.3,µg
130,"Mellanfil fett 1,5% berikad",Fibrer,Naturell fil yoghurt,0.0,g
130,"Mellanfil fett 1,5% berikad","Fett, totalt",Naturell fil yoghurt,1.5,g
130,"Mellanfil fett 1,5% berikad","Järn, Fe",Naturell fil yoghurt,0.0,mg
130,"Mellanfil fett 1,5% berikad",Energi (kJ),Naturell fil yoghurt,199.0,kJ
130,"Mellanfil fett 1,5% berikad",Energi (kcal),Naturell fil yoghurt,48.0,kcal
130,"Mellanfil fett 1,5% berikad",Disackarider,Naturell fil yoghurt,3.8,g
130,"Mellanfil fett 1,5% berikad","Kalcium, Ca",Naturell fil yoghurt,117.0,mg
130,"Mellanfil fett 1,5% berikad",Fettsyra 4:0-10:0,Naturell fil yoghurt,0.2,g
130,"Mellanfil fett 1,5% berikad",DHA (C22:6),Naturell fil yoghurt,0.0,g
130,"Mellanfil fett 1,5% berikad",DPA (C22:5),Naturell fil yoghurt,0.0,g
130,"Mellanfil fett 1,5% berikad",EPA (C20:5),Naturell fil yoghurt,0.0,g
130,"Mellanfil fett 1,5% berikad",Arakidonsyra C20:4,Naturell fil yoghurt,0.0,g
130,"Mellanfil fett 1,5% berikad",Arakidinsyra C20:0,Naturell fil yoghurt,0.0,g
130,"Mellanfil fett 1,5% berikad",Linolensyra C18:3,Naturell fil yoghurt,0.0,g
130,"Mellanfil fett 1,5% berikad",Linolsyra C18:2,Naturell fil yoghurt,0.0,g
130,"Mellanfil fett 1,5% berikad",Oljesyra C18:1,Naturell fil yoghurt,0.3,g
130,"Mellanfil fett 1,5% berikad",Stearinsyra C18:0,Naturell fil yoghurt,0.2,g
130,"Mellanfil fett 1,5% berikad",Palmitoljesyra C16:1,Naturell fil yoghurt,0.0,g
130,"Mellanfil fett 1,5% berikad",Palmitinsyra C16:0,Naturell fil yoghurt,0.4,g
130,"Mellanfil fett 1,5% berikad",Myristinsyra C14:0,Naturell fil yoghurt,0.2,g
130,"Mellanfil fett 1,5% berikad",Laurinsyra C12:0,Naturell fil yoghurt,0.0,g
130,"Mellanfil fett 1,5% berikad",Betakaroten/β-Karoten,Naturell fil yoghurt,7.0,µg
130,"Mellanfil fett 1,5% berikad",Avfall (skal etc.),Naturell fil yoghurt,0.0,%
130,"Mellanfil fett 1,5% berikad",Aska,Naturell fil yoghurt,0.8,g
130,"Mellanfil fett 1,5% berikad",Alkohol,Naturell fil yoghurt,0.0,g
133,"Mjölkdryck jordgubb fett 1,5% berikad","Zink, Zn",Mjölk,0.4,mg
133,"Mjölkdryck jordgubb fett 1,5% berikad",Vitamin E,Mjölk,0.0,mg
133,"Mjölkdryck jordgubb fett 1,5% berikad",Vitamin D,Mjölk,0.43,µg
133,"Mjölkdryck jordgubb fett 1,5% berikad",Vitamin C,Mjölk,1.1,mg
133,"Mjölkdryck jordgubb fett 1,5% berikad",Vitamin B6,Mjölk,0.06,mg
133,"Mjölkdryck jordgubb fett 1,5% berikad",Vitamin B12,Mjölk,0.39,µg
133,"Mjölkdryck jordgubb fett 1,5% berikad",Vitamin A,Mjölk,23.3,RE/µg
133,"Mjölkdryck jordgubb fett 1,5% berikad",Vatten,Mjölk,89.3,g
133,"Mjölkdryck jordgubb fett 1,5% berikad",Tiamin,Mjölk,0.05,mg
133,"Mjölkdryck jordgubb fett 1,5% berikad",Tillsatt socker,Mjölk,2.0,g
133,"Mjölkdryck jordgubb fett 1,5% berikad",Fritt socker,Mjölk,2.0,g
133,"Mjölkdryck jordgubb fett 1,5% berikad","Selen, Se",Mjölk,2.5,µg
133,"Mjölkdryck jordgubb fett 1,5% berikad",Sackaros,Mjölk,2.8,g
133,"Mjölkdryck jordgubb fett 1,5% berikad",Riboflavin,Mjölk,0.16,mg
133,"Mjölkdryck jordgubb fett 1,5% berikad",Retinol,Mjölk,13.8,µg
133,"Mjölkdryck jordgubb fett 1,5% berikad",Protein,Mjölk,3.3,g
133,"Mjölkdryck jordgubb fett 1,5% berikad",Summa fleromättade fettsyror,Mjölk,0.1,g
133,"Mjölkdryck jordgubb fett 1,5% berikad","Fosfor, P",Mjölk,75.0,mg
133,"Mjölkdryck jordgubb fett 1,5% berikad",Niacinekvivalenter,Mjölk,0.9,NE/mg
133,"Mjölkdryck jordgubb fett 1,5% berikad",Niacin,Mjölk,0.11,mg
133,"Mjölkdryck jordgubb fett 1,5% berikad","Salt, NaCl",Mjölk,0.1,g
133,"Mjölkdryck jordgubb fett 1,5% berikad","Natrium, Na",Mjölk,29.0,mg
133,"Mjölkdryck jordgubb fett 1,5% berikad",Monosackarider,Mjölk,0.0,g
133,"Mjölkdryck jordgubb fett 1,5% berikad","Sockerarter, totalt",Mjölk,7.3,g
133,"Mjölkdryck jordgubb fett 1,5% berikad",Summa enkelomättade fettsyror,Mjölk,0.4,g
133,"Mjölkdryck jordgubb fett 1,5% berikad","Magnesium, Mg",Mjölk,8.0,mg
133,"Mjölkdryck jordgubb fett 1,5% berikad",Summa mättade fettsyror,Mjölk,1.1,g
133,"Mjölkdryck jordgubb fett 1,5% berikad","Kolhydrater, tillgängliga",Mjölk,5.2,g
133,"Mjölkdryck jordgubb fett 1,5% berikad",Kolesterol,Mjölk,6.5,mg
133,"Mjölkdryck jordgubb fett 1,5% berikad","Kalium, K",Mjölk,118.0,mg
133,"Mjölkdryck jordgubb fett 1,5% berikad","Jod, I",Mjölk,6.0,µg
133,"Mjölkdryck jordgubb fett 1,5% berikad",Fullkorn totalt,Mjölk,0.0,g
133,"Mjölkdryck jordgubb fett 1,5% berikad","Folat, totalt",Mjölk,14.1,µg
133,"Mjölkdryck jordgubb fett 1,5% berikad",Fibrer,Mjölk,0.0,g
133,"Mjölkdryck jordgubb fett 1,5% berikad","Fett, totalt",Mjölk,1.7,g
133,"Mjölkdryck jordgubb fett 1,5% berikad","Järn, Fe",Mjölk,0.2,mg
133,"Mjölkdryck jordgubb fett 1,5% berikad",Energi (kJ),Mjölk,209.0,kJ
133,"Mjölkdryck jordgubb fett 1,5% berikad",Energi (kcal),Mjölk,50.0,kcal
133,"Mjölkdryck jordgubb fett 1,5% berikad",Disackarider,Mjölk,7.3,g
133,"Mjölkdryck jordgubb fett 1,5% berikad","Kalcium, Ca",Mjölk,74.0,mg
133,"Mjölkdryck jordgubb fett 1,5% berikad",Fettsyra 4:0-10:0,Mjölk,0.1,g
133,"Mjölkdryck jordgubb fett 1,5% berikad",DHA (C22:6),Mjölk,0.0,g
133,"Mjölkdryck jordgubb fett 1,5% berikad",DPA (C22:5),Mjölk,0.0,g
133,"Mjölkdryck jordgubb fett 1,5% berikad",EPA (C20:5),Mjölk,0.0,g
133,"Mjölkdryck jordgubb fett 1,5% berikad",Arakidonsyra C20:4,Mjölk,0.0,g
133,"Mjölkdryck jordgubb fett 1,5% berikad",Arakidinsyra C20:0,Mjölk,0.0,g
133,"Mjölkdryck jordgubb fett 1,5% berikad",Linolensyra C18:3,Mjölk,0.0,g
133,"Mjölkdryck jordgubb fett 1,5% berikad",Linolsyra C18:2,Mjölk,0.0,g
133,"Mjölkdryck jordgubb fett 1,5% berikad",Oljesyra C18:1,Mjölk,0.4,g
133,"Mjölkdryck jordgubb fett 1,5% berikad",Stearinsyra C18:0,Mjölk,0.2,g
133,"Mjölkdryck jordgubb fett 1,5% berikad",Palmitoljesyra C16:1,Mjölk,0.0,g
133,"Mjölkdryck jordgubb fett 1,5% berikad",Palmitinsyra C16:0,Mjölk,0.5,g
133,"Mjölkdryck jordgubb fett 1,5% berikad",Myristinsyra C14:0,Mjölk,0.2,g
133,"Mjölkdryck jordgubb fett 1,5% berikad",Laurinsyra C12:0,Mjölk,0.1,g
133,"Mjölkdryck jordgubb fett 1,5% berikad",Betakaroten/β-Karoten,Mjölk,114.0,µg
133,"Mjölkdryck jordgubb fett 1,5% berikad",Avfall (skal etc.),Mjölk,0.0,%
133,"Mjölkdryck jordgubb fett 1,5% berikad",Aska,Mjölk,0.5,g
133,"Mjölkdryck jordgubb fett 1,5% berikad",Alkohol,Mjölk,0.0,g
135,"Yoghurt naturell lätt fett 0,5% berikad","Zink, Zn",Naturell fil yoghurt,0.4,mg
135,"Yoghurt naturell lätt fett 0,5% berikad",Vitamin E,Naturell fil yoghurt,0.0,mg
135,"Yoghurt naturell lätt fett 0,5% berikad",Vitamin D,Naturell fil yoghurt,1.0,µg
135,"Yoghurt naturell lätt fett 0,5% berikad",Vitamin C,Naturell fil yoghurt,0.0,mg
135,"Yoghurt naturell lätt fett 0,5% berikad",Vitamin B6,Naturell fil yoghurt,0.04,mg
135,"Yoghurt naturell lätt fett 0,5% berikad",Vitamin B12,Naturell fil yoghurt,0.0,µg
135,"Yoghurt naturell lätt fett 0,5% berikad",Vitamin A,Naturell fil yoghurt,0.0,RE/µg
135,"Yoghurt naturell lätt fett 0,5% berikad",Vatten,Naturell fil yoghurt,90.1,g
135,"Yoghurt naturell lätt fett 0,5% berikad",Tiamin,Naturell fil yoghurt,0.0,mg
135,"Yoghurt naturell lätt fett 0,5% berikad",Tillsatt socker,Naturell fil yoghurt,0.0,g
135,"Yoghurt naturell lätt fett 0,5% berikad",Fritt socker,Naturell fil yoghurt,0.0,g
135,"Yoghurt naturell lätt fett 0,5% berikad","Selen, Se",Naturell fil yoghurt,1.5,µg
135,"Yoghurt naturell lätt fett 0,5% berikad",Sackaros,Naturell fil yoghurt,0.0,g
135,"Yoghurt naturell lätt fett 0,5% berikad",Riboflavin,Naturell fil yoghurt,0.13,mg
135,"Yoghurt naturell lätt fett 0,5% berikad",Retinol,Naturell fil yoghurt,0.0,µg
135,"Yoghurt naturell lätt fett 0,5% berikad",Protein,Naturell fil yoghurt,3.6,g
135,"Yoghurt naturell lätt fett 0,5% berikad",Summa fleromättade fettsyror,Naturell fil yoghurt,0.0,g
135,"Yoghurt naturell lätt fett 0,5% berikad","Fosfor, P",Naturell fil yoghurt,98.0,mg
135,"Yoghurt naturell lätt fett 0,5% berikad",Niacinekvivalenter,Naturell fil yoghurt,1.0,NE/mg
135,"Yoghurt naturell lätt fett 0,5% berikad",Niacin,Naturell fil yoghurt,0.11,mg
135,"Yoghurt naturell lätt fett 0,5% berikad","Salt, NaCl",Naturell fil yoghurt,0.1,g
135,"Yoghurt naturell lätt fett 0,5% berikad","Natrium, Na",Naturell fil yoghurt,44.0,mg
135,"Yoghurt naturell lätt fett 0,5% berikad",Monosackarider,Naturell fil yoghurt,0.0,g
135,"Yoghurt naturell lätt fett 0,5% berikad","Sockerarter, totalt",Naturell fil yoghurt,3.0,g
135,"Yoghurt naturell lätt fett 0,5% berikad",Summa enkelomättade fettsyror,Naturell fil yoghurt,0.1,g
135,"Yoghurt naturell lätt fett 0,5% berikad","Magnesium, Mg",Naturell fil yoghurt,13.0,mg
135,"Yoghurt naturell lätt fett 0,5% berikad",Summa mättade fettsyror,Naturell fil yoghurt,0.3,g
135,"Yoghurt naturell lätt fett 0,5% berikad","Kolhydrater, tillgängliga",Naturell fil yoghurt,5.0,g
135,"Yoghurt naturell lätt fett 0,5% berikad",Kolesterol,Naturell fil yoghurt,3.7,mg
135,"Yoghurt naturell lätt fett 0,5% berikad","Kalium, K",Naturell fil yoghurt,170.0,mg
135,"Yoghurt naturell lätt fett 0,5% berikad","Jod, I",Naturell fil yoghurt,21.0,µg
135,"Yoghurt naturell lätt fett 0,5% berikad",Fullkorn totalt,Naturell fil yoghurt,0.0,g
135,"Yoghurt naturell lätt fett 0,5% berikad","Folat, totalt",Naturell fil yoghurt,12.6,µg
135,"Yoghurt naturell lätt fett 0,5% berikad",Fibrer,Naturell fil yoghurt,0.0,g
135,"Yoghurt naturell lätt fett 0,5% berikad","Fett, totalt",Naturell fil yoghurt,0.5,g
135,"Yoghurt naturell lätt fett 0,5% berikad","Järn, Fe",Naturell fil yoghurt,0.0,mg
135,"Yoghurt naturell lätt fett 0,5% berikad",Energi (kJ),Naturell fil yoghurt,164.0,kJ
135,"Yoghurt naturell lätt fett 0,5% berikad",Energi (kcal),Naturell fil yoghurt,39.0,kcal
135,"Yoghurt naturell lätt fett 0,5% berikad",Disackarider,Naturell fil yoghurt,3.0,g
135,"Yoghurt naturell lätt fett 0,5% berikad","Kalcium, Ca",Naturell fil yoghurt,130.0,mg
135,"Yoghurt naturell lätt fett 0,5% berikad",Fettsyra 4:0-10:0,Naturell fil yoghurt,0.0,g
135,"Yoghurt naturell lätt fett 0,5% berikad",DHA (C22:6),Naturell fil yoghurt,0.0,g
135,"Yoghurt naturell lätt fett 0,5% berikad",DPA (C22:5),Naturell fil yoghurt,0.0,g
135,"Yoghurt naturell lätt fett 0,5% berikad",EPA (C20:5),Naturell fil yoghurt,0.0,g
135,"Yoghurt naturell lätt fett 0,5% berikad",Arakidonsyra C20:4,Naturell fil yoghurt,0.0,g
135,"Yoghurt naturell lätt fett 0,5% berikad",Arakidinsyra C20:0,Naturell fil yoghurt,0.0,g
135,"Yoghurt naturell lätt fett 0,5% berikad",Linolensyra C18:3,Naturell fil yoghurt,0.0,g
135,"Yoghurt naturell lätt fett 0,5% berikad",Linolsyra C18:2,Naturell fil yoghurt,0.0,g
135,"Yoghurt naturell lätt fett 0,5% berikad",Oljesyra C18:1,Naturell fil yoghurt,0.1,g
135,"Yoghurt naturell lätt fett 0,5% berikad",Stearinsyra C18:0,Naturell fil yoghurt,0.0,g
135,"Yoghurt naturell lätt fett 0,5% berikad",Palmitoljesyra C16:1,Naturell fil yoghurt,0.0,g
135,"Yoghurt naturell lätt fett 0,5% berikad",Palmitinsyra C16:0,Naturell fil yoghurt,0.2,g
135,"Yoghurt naturell lätt fett 0,5% berikad",Myristinsyra C14:0,Naturell fil yoghurt,0.0,g
135,"Yoghurt naturell lätt fett 0,5% berikad",Laurinsyra C12:0,Naturell fil yoghurt,0.0,g
135,"Yoghurt naturell lätt fett 0,5% berikad",Betakaroten/β-Karoten,Naturell fil yoghurt,0.0,µg
135,"Yoghurt naturell lätt fett 0,5% berikad",Avfall (skal etc.),Naturell fil yoghurt,0.0,%
135,"Yoghurt naturell lätt fett 0,5% berikad",Aska,Naturell fil yoghurt,0.8,g
135,"Yoghurt naturell lätt fett 0,5% berikad",Alkohol,Naturell fil yoghurt,0.0,g
136,Fruktyoghurt fett 2%,"Zink, Zn",Smaksatt fil yoghurt,0.0,mg
136,Fruktyoghurt fett 2%,Vitamin E,Smaksatt fil yoghurt,0.1,mg
136,Fruktyoghurt fett 2%,Vitamin D,Smaksatt fil yoghurt,0.01,µg
136,Fruktyoghurt fett 2%,Vitamin C,Smaksatt fil yoghurt,0.2,mg
136,Fruktyoghurt fett 2%,Vitamin B6,Smaksatt fil yoghurt,0.04,mg
136,Fruktyoghurt fett 2%,Vitamin B12,Smaksatt fil yoghurt,0.0,µg
136,Fruktyoghurt fett 2%,Vitamin A,Smaksatt fil yoghurt,17.5,RE/µg
136,Fruktyoghurt fett 2%,Vatten,Smaksatt fil yoghurt,82.6,g
136,Fruktyoghurt fett 2%,Tiamin,Smaksatt fil yoghurt,0.0,mg
136,Fruktyoghurt fett 2%,Tillsatt socker,Smaksatt fil yoghurt,7.0,g
136,Fruktyoghurt fett 2%,Fritt socker,Smaksatt fil yoghurt,8.0,g
136,Fruktyoghurt fett 2%,"Selen, Se",Smaksatt fil yoghurt,2.7,µg
136,Fruktyoghurt fett 2%,Sackaros,Smaksatt fil yoghurt,6.0,g
136,Fruktyoghurt fett 2%,Riboflavin,Smaksatt fil yoghurt,0.11,mg
136,Fruktyoghurt fett 2%,Retinol,Smaksatt fil yoghurt,16.6,µg
136,Fruktyoghurt fett 2%,Protein,Smaksatt fil yoghurt,3.0,g
136,Fruktyoghurt fett 2%,Summa fleromättade fettsyror,Smaksatt fil yoghurt,0.0,g
136,Fruktyoghurt fett 2%,"Fosfor, P",Smaksatt fil yoghurt,84.0,mg
136,Fruktyoghurt fett 2%,Niacinekvivalenter,Smaksatt fil yoghurt,0.8,NE/mg
136,Fruktyoghurt fett 2%,Niacin,Smaksatt fil yoghurt,0.13,mg
136,Fruktyoghurt fett 2%,"Salt, NaCl",Smaksatt fil yoghurt,0.1,g
136,Fruktyoghurt fett 2%,"Natrium, Na",Smaksatt fil yoghurt,35.0,mg
136,Fruktyoghurt fett 2%,Monosackarider,Smaksatt fil yoghurt,1.0,g
136,Fruktyoghurt fett 2%,"Sockerarter, totalt",Smaksatt fil yoghurt,10.0,g
136,Fruktyoghurt fett 2%,Summa enkelomättade fettsyror,Smaksatt fil yoghurt,0.4,g
136,Fruktyoghurt fett 2%,"Magnesium, Mg",Smaksatt fil yoghurt,10.0,mg
136,Fruktyoghurt fett 2%,Summa mättade fettsyror,Smaksatt fil yoghurt,1.1,g
136,Fruktyoghurt fett 2%,"Kolhydrater, tillgängliga",Smaksatt fil yoghurt,11.5,g
136,Fruktyoghurt fett 2%,Kolesterol,Smaksatt fil yoghurt,6.5,mg
136,Fruktyoghurt fett 2%,"Kalium, K",Smaksatt fil yoghurt,130.0,mg
136,Fruktyoghurt fett 2%,"Jod, I",Smaksatt fil yoghurt,14.0,µg
136,Fruktyoghurt fett 2%,Fullkorn totalt,Smaksatt fil yoghurt,0.0,g
136,Fruktyoghurt fett 2%,"Folat, totalt",Smaksatt fil yoghurt,23.0,µg
136,Fruktyoghurt fett 2%,Fibrer,Smaksatt fil yoghurt,0.4,g
136,Fruktyoghurt fett 2%,"Fett, totalt",Smaksatt fil yoghurt,1.7,g
136,Fruktyoghurt fett 2%,"Järn, Fe",Smaksatt fil yoghurt,0.0,mg
136,Fruktyoghurt fett 2%,Energi (kJ),Smaksatt fil yoghurt,313.0,kJ
136,Fruktyoghurt fett 2%,Energi (kcal),Smaksatt fil yoghurt,75.0,kcal
136,Fruktyoghurt fett 2%,Disackarider,Smaksatt fil yoghurt,9.0,g
136,Fruktyoghurt fett 2%,"Kalcium, Ca",Smaksatt fil yoghurt,110.0,mg
136,Fruktyoghurt fett 2%,Fettsyra 4:0-10:0,Smaksatt fil yoghurt,0.1,g
136,Fruktyoghurt fett 2%,DHA (C22:6),Smaksatt fil yoghurt,0.0,g
136,Fruktyoghurt fett 2%,DPA (C22:5),Smaksatt fil yoghurt,0.0,g
136,Fruktyoghurt fett 2%,EPA (C20:5),Smaksatt fil yoghurt,0.0,g
136,Fruktyoghurt fett 2%,Arakidonsyra C20:4,Smaksatt fil yoghurt,0.0,g
136,Fruktyoghurt fett 2%,Arakidinsyra C20:0,Smaksatt fil yoghurt,0.0,g
136,Fruktyoghurt fett 2%,Linolensyra C18:3,Smaksatt fil yoghurt,0.0,g
136,Fruktyoghurt fett 2%,Linolsyra C18:2,Smaksatt fil yoghurt,0.0,g
136,Fruktyoghurt fett 2%,Oljesyra C18:1,Smaksatt fil yoghurt,0.3,g
136,Fruktyoghurt fett 2%,Stearinsyra C18:0,Smaksatt fil yoghurt,0.2,g
136,Fruktyoghurt fett 2%,Palmitoljesyra C16:1,Smaksatt fil yoghurt,0.0,g
136,Fruktyoghurt fett 2%,Palmitinsyra C16:0,Smaksatt fil yoghurt,0.6,g
136,Fruktyoghurt fett 2%,Myristinsyra C14:0,Smaksatt fil yoghurt,0.2,g
136,Fruktyoghurt fett 2%,Laurinsyra C12:0,Smaksatt fil yoghurt,0.1,g
136,Fruktyoghurt fett 2%,Betakaroten/β-Karoten,Smaksatt fil yoghurt,11.0,µg
136,Fruktyoghurt fett 2%,Avfall (skal etc.),Smaksatt fil yoghurt,0.0,%
136,Fruktyoghurt fett 2%,Aska,Smaksatt fil yoghurt,0.8,g
136,Fruktyoghurt fett 2%,Alkohol,Smaksatt fil yoghurt,0.0,g
137,Fruktyoghurt delikatessyoghurt fett 7%,"Zink, Zn",Smaksatt fil yoghurt,0.3,mg
137,Fruktyoghurt delikatessyoghurt fett 7%,Vitamin E,Smaksatt fil yoghurt,0.2,mg
137,Fruktyoghurt delikatessyoghurt fett 7%,Vitamin D,Smaksatt fil yoghurt,0.05,µg
137,Fruktyoghurt delikatessyoghurt fett 7%,Vitamin C,Smaksatt fil yoghurt,0.0,mg
137,Fruktyoghurt delikatessyoghurt fett 7%,Vitamin B6,Smaksatt fil yoghurt,0.04,mg
137,Fruktyoghurt delikatessyoghurt fett 7%,Vitamin B12,Smaksatt fil yoghurt,0.2,µg
137,Fruktyoghurt delikatessyoghurt fett 7%,Vitamin A,Smaksatt fil yoghurt,61.1,RE/µg
137,Fruktyoghurt delikatessyoghurt fett 7%,Vatten,Smaksatt fil yoghurt,75.8,g
137,Fruktyoghurt delikatessyoghurt fett 7%,Tiamin,Smaksatt fil yoghurt,0.04,mg
137,Fruktyoghurt delikatessyoghurt fett 7%,Tillsatt socker,Smaksatt fil yoghurt,11.0,g
137,Fruktyoghurt delikatessyoghurt fett 7%,Fritt socker,Smaksatt fil yoghurt,11.0,g
137,Fruktyoghurt delikatessyoghurt fett 7%,"Selen, Se",Smaksatt fil yoghurt,1.1,µg
137,Fruktyoghurt delikatessyoghurt fett 7%,Sackaros,Smaksatt fil yoghurt,8.3,g
137,Fruktyoghurt delikatessyoghurt fett 7%,Riboflavin,Smaksatt fil yoghurt,0.16,mg
137,Fruktyoghurt delikatessyoghurt fett 7%,Retinol,Smaksatt fil yoghurt,58.4,µg
137,Fruktyoghurt delikatessyoghurt fett 7%,Protein,Smaksatt fil yoghurt,2.5,g
137,Fruktyoghurt delikatessyoghurt fett 7%,Summa fleromättade fettsyror,Smaksatt fil yoghurt,0.1,g
137,Fruktyoghurt delikatessyoghurt fett 7%,"Fosfor, P",Smaksatt fil yoghurt,92.0,mg
137,Fruktyoghurt delikatessyoghurt fett 7%,Niacinekvivalenter,Smaksatt fil yoghurt,0.68,NE/mg
137,Fruktyoghurt delikatessyoghurt fett 7%,Niacin,Smaksatt fil yoghurt,0.1,mg
137,Fruktyoghurt delikatessyoghurt fett 7%,"Salt, NaCl",Smaksatt fil yoghurt,0.1,g
137,Fruktyoghurt delikatessyoghurt fett 7%,"Natrium, Na",Smaksatt fil yoghurt,36.0,mg
137,Fruktyoghurt delikatessyoghurt fett 7%,Monosackarider,Smaksatt fil yoghurt,2.5,g
137,Fruktyoghurt delikatessyoghurt fett 7%,"Sockerarter, totalt",Smaksatt fil yoghurt,13.5,g
137,Fruktyoghurt delikatessyoghurt fett 7%,Summa enkelomättade fettsyror,Smaksatt fil yoghurt,1.6,g
137,Fruktyoghurt delikatessyoghurt fett 7%,"Magnesium, Mg",Smaksatt fil yoghurt,12.0,mg
137,Fruktyoghurt delikatessyoghurt fett 7%,Summa mättade fettsyror,Smaksatt fil yoghurt,4.6,g
137,Fruktyoghurt delikatessyoghurt fett 7%,"Kolhydrater, tillgängliga",Smaksatt fil yoghurt,14.0,g
137,Fruktyoghurt delikatessyoghurt fett 7%,Kolesterol,Smaksatt fil yoghurt,22.4,mg
137,Fruktyoghurt delikatessyoghurt fett 7%,"Kalium, K",Smaksatt fil yoghurt,152.0,mg
137,Fruktyoghurt delikatessyoghurt fett 7%,"Jod, I",Smaksatt fil yoghurt,9.9,µg
137,Fruktyoghurt delikatessyoghurt fett 7%,Fullkorn totalt,Smaksatt fil yoghurt,0.0,g
137,Fruktyoghurt delikatessyoghurt fett 7%,"Folat, totalt",Smaksatt fil yoghurt,11.0,µg
137,Fruktyoghurt delikatessyoghurt fett 7%,Fibrer,Smaksatt fil yoghurt,0.0,g
137,Fruktyoghurt delikatessyoghurt fett 7%,"Fett, totalt",Smaksatt fil yoghurt,7.0,g
137,Fruktyoghurt delikatessyoghurt fett 7%,"Järn, Fe",Smaksatt fil yoghurt,0.0,mg
137,Fruktyoghurt delikatessyoghurt fett 7%,Energi (kJ),Smaksatt fil yoghurt,540.0,kJ
137,Fruktyoghurt delikatessyoghurt fett 7%,Energi (kcal),Smaksatt fil yoghurt,129.0,kcal
137,Fruktyoghurt delikatessyoghurt fett 7%,Disackarider,Smaksatt fil yoghurt,11.0,g
137,Fruktyoghurt delikatessyoghurt fett 7%,"Kalcium, Ca",Smaksatt fil yoghurt,100.0,mg
137,Fruktyoghurt delikatessyoghurt fett 7%,Fettsyra 4:0-10:0,Smaksatt fil yoghurt,0.7,g
137,Fruktyoghurt delikatessyoghurt fett 7%,DHA (C22:6),Smaksatt fil yoghurt,0.0,g
137,Fruktyoghurt delikatessyoghurt fett 7%,DPA (C22:5),Smaksatt fil yoghurt,0.0,g
137,Fruktyoghurt delikatessyoghurt fett 7%,EPA (C20:5),Smaksatt fil yoghurt,0.0,g
137,Fruktyoghurt delikatessyoghurt fett 7%,Arakidonsyra C20:4,Smaksatt fil yoghurt,0.0,g
137,Fruktyoghurt delikatessyoghurt fett 7%,Arakidinsyra C20:0,Smaksatt fil yoghurt,0.0,g
137,Fruktyoghurt delikatessyoghurt fett 7%,Linolensyra C18:3,Smaksatt fil yoghurt,0.0,g
137,Fruktyoghurt delikatessyoghurt fett 7%,Linolsyra C18:2,Smaksatt fil yoghurt,0.1,g
137,Fruktyoghurt delikatessyoghurt fett 7%,Oljesyra C18:1,Smaksatt fil yoghurt,1.5,g
137,Fruktyoghurt delikatessyoghurt fett 7%,Stearinsyra C18:0,Smaksatt fil yoghurt,0.8,g
137,Fruktyoghurt delikatessyoghurt fett 7%,Palmitoljesyra C16:1,Smaksatt fil yoghurt,0.1,g
137,Fruktyoghurt delikatessyoghurt fett 7%,Palmitinsyra C16:0,Smaksatt fil yoghurt,2.0,g
137,Fruktyoghurt delikatessyoghurt fett 7%,Myristinsyra C14:0,Smaksatt fil yoghurt,0.7,g
137,Fruktyoghurt delikatessyoghurt fett 7%,Laurinsyra C12:0,Smaksatt fil yoghurt,0.2,g
137,Fruktyoghurt delikatessyoghurt fett 7%,Betakaroten/β-Karoten,Smaksatt fil yoghurt,32.0,µg
137,Fruktyoghurt delikatessyoghurt fett 7%,Avfall (skal etc.),Smaksatt fil yoghurt,0.0,%
137,Fruktyoghurt delikatessyoghurt fett 7%,Aska,Smaksatt fil yoghurt,0.7,g
137,Fruktyoghurt delikatessyoghurt fett 7%,Alkohol,Smaksatt fil yoghurt,0.0,g
142,Kefir fett 3% berikad,"Zink, Zn",Naturell fil yoghurt,0.4,mg
142,Kefir fett 3% berikad,Vitamin E,Naturell fil yoghurt,0.1,mg
142,Kefir fett 3% berikad,Vitamin D,Naturell fil yoghurt,1.0,µg
142,Kefir fett 3% berikad,Vitamin C,Naturell fil yoghurt,0.0,mg
142,Kefir fett 3% berikad,Vitamin B6,Naturell fil yoghurt,0.04,mg
142,Kefir fett 3% berikad,Vitamin B12,Naturell fil yoghurt,0.27,µg
142,Kefir fett 3% berikad,Vitamin A,Naturell fil yoghurt,26.2,RE/µg
142,Kefir fett 3% berikad,Vatten,Naturell fil yoghurt,88.0,g
142,Kefir fett 3% berikad,Tiamin,Naturell fil yoghurt,0.04,mg
142,Kefir fett 3% berikad,Tillsatt socker,Naturell fil yoghurt,0.0,g
142,Kefir fett 3% berikad,Fritt socker,Naturell fil yoghurt,0.0,g
142,Kefir fett 3% berikad,"Selen, Se",Naturell fil yoghurt,1.8,µg
142,Kefir fett 3% berikad,Sackaros,Naturell fil yoghurt,0.0,g
142,Kefir fett 3% berikad,Riboflavin,Naturell fil yoghurt,0.14,mg
142,Kefir fett 3% berikad,Retinol,Naturell fil yoghurt,25.0,µg
142,Kefir fett 3% berikad,Protein,Naturell fil yoghurt,3.4,g
142,Kefir fett 3% berikad,Summa fleromättade fettsyror,Naturell fil yoghurt,0.0,g
142,Kefir fett 3% berikad,"Fosfor, P",Naturell fil yoghurt,91.0,mg
142,Kefir fett 3% berikad,Niacinekvivalenter,Naturell fil yoghurt,0.86,NE/mg
142,Kefir fett 3% berikad,Niacin,Naturell fil yoghurt,0.06,mg
142,Kefir fett 3% berikad,"Salt, NaCl",Naturell fil yoghurt,0.1,g
142,Kefir fett 3% berikad,"Natrium, Na",Naturell fil yoghurt,41.0,mg
142,Kefir fett 3% berikad,Monosackarider,Naturell fil yoghurt,0.0,g
142,Kefir fett 3% berikad,"Sockerarter, totalt",Naturell fil yoghurt,3.8,g
142,Kefir fett 3% berikad,Summa enkelomättade fettsyror,Naturell fil yoghurt,0.7,g
142,Kefir fett 3% berikad,"Magnesium, Mg",Naturell fil yoghurt,12.0,mg
142,Kefir fett 3% berikad,Summa mättade fettsyror,Naturell fil yoghurt,2.0,g
142,Kefir fett 3% berikad,"Kolhydrater, tillgängliga",Naturell fil yoghurt,4.8,g
142,Kefir fett 3% berikad,Kolesterol,Naturell fil yoghurt,10.2,mg
142,Kefir fett 3% berikad,"Kalium, K",Naturell fil yoghurt,162.0,mg
142,Kefir fett 3% berikad,"Jod, I",Naturell fil yoghurt,10.5,µg
142,Kefir fett 3% berikad,Fullkorn totalt,Naturell fil yoghurt,0.0,g
142,Kefir fett 3% berikad,"Folat, totalt",Naturell fil yoghurt,11.2,µg
142,Kefir fett 3% berikad,Fibrer,Naturell fil yoghurt,0.0,g
142,Kefir fett 3% berikad,"Fett, totalt",Naturell fil yoghurt,3.0,g
142,Kefir fett 3% berikad,"Järn, Fe",Naturell fil yoghurt,0.0,mg
142,Kefir fett 3% berikad,Energi (kJ),Naturell fil yoghurt,251.0,kJ
142,Kefir fett 3% berikad,Energi (kcal),Naturell fil yoghurt,60.0,kcal
142,Kefir fett 3% berikad,Disackarider,Naturell fil yoghurt,3.8,g
142,Kefir fett 3% berikad,"Kalcium, Ca",Naturell fil yoghurt,116.0,mg
142,Kefir fett 3% berikad,Fettsyra 4:0-10:0,Naturell fil yoghurt,0.3,g
142,Kefir fett 3% berikad,DHA (C22:6),Naturell fil yoghurt,0.0,g
142,Kefir fett 3% berikad,DPA (C22:5),Naturell fil yoghurt,0.0,g
142,Kefir fett 3% berikad,EPA (C20:5),Naturell fil yoghurt,0.0,g
142,Kefir fett 3% berikad,Arakidonsyra C20:4,Naturell fil yoghurt,0.0,g
142,Kefir fett 3% berikad,Arakidinsyra C20:0,Naturell fil yoghurt,0.0,g
142,Kefir fett 3% berikad,Linolensyra C18:3,Naturell fil yoghurt,0.0,g
142,Kefir fett 3% berikad,Linolsyra C18:2,Naturell fil yoghurt,0.0,g
142,Kefir fett 3% berikad,Oljesyra C18:1,Naturell fil yoghurt,0.6,g
142,Kefir fett 3% berikad,Stearinsyra C18:0,Naturell fil yoghurt,0.4,g
142,Kefir fett 3% berikad,Palmitoljesyra C16:1,Naturell fil yoghurt,0.0,g
142,Kefir fett 3% berikad,Palmitinsyra C16:0,Naturell fil yoghurt,0.9,g
142,Kefir fett 3% berikad,Myristinsyra C14:0,Naturell fil yoghurt,0.3,g
142,Kefir fett 3% berikad,Laurinsyra C12:0,Naturell fil yoghurt,0.1,g
142,Kefir fett 3% berikad,Betakaroten/β-Karoten,Naturell fil yoghurt,14.0,µg
142,Kefir fett 3% berikad,Avfall (skal etc.),Naturell fil yoghurt,0.0,%
142,Kefir fett 3% berikad,Aska,Naturell fil yoghurt,0.7,g
142,Kefir fett 3% berikad,Alkohol,Naturell fil yoghurt,0.0,g
147,"Yoghurt mild vanilj lätt fett 0,5% berikad","Zink, Zn",Smaksatt fil yoghurt,0.4,mg
147,"Yoghurt mild vanilj lätt fett 0,5% berikad",Vitamin E,Smaksatt fil yoghurt,0.0,mg
147,"Yoghurt mild vanilj lätt fett 0,5% berikad",Vitamin D,Smaksatt fil yoghurt,1.0,µg
147,"Yoghurt mild vanilj lätt fett 0,5% berikad",Vitamin C,Smaksatt fil yoghurt,0.0,mg
147,"Yoghurt mild vanilj lätt fett 0,5% berikad",Vitamin B6,Smaksatt fil yoghurt,0.04,mg
147,"Yoghurt mild vanilj lätt fett 0,5% berikad",Vitamin B12,Smaksatt fil yoghurt,0.0,µg
147,"Yoghurt mild vanilj lätt fett 0,5% berikad",Vitamin A,Smaksatt fil yoghurt,0.0,RE/µg
147,"Yoghurt mild vanilj lätt fett 0,5% berikad",Vatten,Smaksatt fil yoghurt,85.2,g
147,"Yoghurt mild vanilj lätt fett 0,5% berikad",Tiamin,Smaksatt fil yoghurt,0.0,mg
147,"Yoghurt mild vanilj lätt fett 0,5% berikad",Tillsatt socker,Smaksatt fil yoghurt,6.0,g
147,"Yoghurt mild vanilj lätt fett 0,5% berikad",Fritt socker,Smaksatt fil yoghurt,6.0,g
147,"Yoghurt mild vanilj lätt fett 0,5% berikad","Selen, Se",Smaksatt fil yoghurt,1.0,µg
147,"Yoghurt mild vanilj lätt fett 0,5% berikad",Sackaros,Smaksatt fil yoghurt,4.9,g
147,"Yoghurt mild vanilj lätt fett 0,5% berikad",Riboflavin,Smaksatt fil yoghurt,0.12,mg
147,"Yoghurt mild vanilj lätt fett 0,5% berikad",Retinol,Smaksatt fil yoghurt,0.0,µg
147,"Yoghurt mild vanilj lätt fett 0,5% berikad",Protein,Smaksatt fil yoghurt,4.0,g
147,"Yoghurt mild vanilj lätt fett 0,5% berikad",Summa fleromättade fettsyror,Smaksatt fil yoghurt,0.0,g
147,"Yoghurt mild vanilj lätt fett 0,5% berikad","Fosfor, P",Smaksatt fil yoghurt,92.0,mg
147,"Yoghurt mild vanilj lätt fett 0,5% berikad",Niacinekvivalenter,Smaksatt fil yoghurt,1.0,NE/mg
147,"Yoghurt mild vanilj lätt fett 0,5% berikad",Niacin,Smaksatt fil yoghurt,0.11,mg
147,"Yoghurt mild vanilj lätt fett 0,5% berikad","Salt, NaCl",Smaksatt fil yoghurt,0.1,g
147,"Yoghurt mild vanilj lätt fett 0,5% berikad","Natrium, Na",Smaksatt fil yoghurt,44.0,mg
147,"Yoghurt mild vanilj lätt fett 0,5% berikad",Monosackarider,Smaksatt fil yoghurt,0.2,g
147,"Yoghurt mild vanilj lätt fett 0,5% berikad","Sockerarter, totalt",Smaksatt fil yoghurt,8.1,g
147,"Yoghurt mild vanilj lätt fett 0,5% berikad",Summa enkelomättade fettsyror,Smaksatt fil yoghurt,0.0,g
147,"Yoghurt mild vanilj lätt fett 0,5% berikad","Magnesium, Mg",Smaksatt fil yoghurt,10.0,mg
147,"Yoghurt mild vanilj lätt fett 0,5% berikad",Summa mättade fettsyror,Smaksatt fil yoghurt,0.3,g
147,"Yoghurt mild vanilj lätt fett 0,5% berikad","Kolhydrater, tillgängliga",Smaksatt fil yoghurt,9.4,g
147,"Yoghurt mild vanilj lätt fett 0,5% berikad",Kolesterol,Smaksatt fil yoghurt,4.0,mg
147,"Yoghurt mild vanilj lätt fett 0,5% berikad","Kalium, K",Smaksatt fil yoghurt,140.0,mg
147,"Yoghurt mild vanilj lätt fett 0,5% berikad","Jod, I",Smaksatt fil yoghurt,17.0,µg
147,"Yoghurt mild vanilj lätt fett 0,5% berikad",Fullkorn totalt,Smaksatt fil yoghurt,0.0,g
147,"Yoghurt mild vanilj lätt fett 0,5% berikad","Folat, totalt",Smaksatt fil yoghurt,12.8,µg
147,"Yoghurt mild vanilj lätt fett 0,5% berikad",Fibrer,Smaksatt fil yoghurt,0.2,g
147,"Yoghurt mild vanilj lätt fett 0,5% berikad","Fett, totalt",Smaksatt fil yoghurt,0.5,g
147,"Yoghurt mild vanilj lätt fett 0,5% berikad","Järn, Fe",Smaksatt fil yoghurt,0.0,mg
147,"Yoghurt mild vanilj lätt fett 0,5% berikad",Energi (kJ),Smaksatt fil yoghurt,246.0,kJ
147,"Yoghurt mild vanilj lätt fett 0,5% berikad",Energi (kcal),Smaksatt fil yoghurt,59.0,kcal
147,"Yoghurt mild vanilj lätt fett 0,5% berikad",Disackarider,Smaksatt fil yoghurt,7.9,g
147,"Yoghurt mild vanilj lätt fett 0,5% berikad","Kalcium, Ca",Smaksatt fil yoghurt,110.0,mg
147,"Yoghurt mild vanilj lätt fett 0,5% berikad",Fettsyra 4:0-10:0,Smaksatt fil yoghurt,0.0,g
147,"Yoghurt mild vanilj lätt fett 0,5% berikad",DHA (C22:6),Smaksatt fil yoghurt,0.0,g
147,"Yoghurt mild vanilj lätt fett 0,5% berikad",DPA (C22:5),Smaksatt fil yoghurt,0.0,g
147,"Yoghurt mild vanilj lätt fett 0,5% berikad",EPA (C20:5),Smaksatt fil yoghurt,0.0,g
147,"Yoghurt mild vanilj lätt fett 0,5% berikad",Arakidonsyra C20:4,Smaksatt fil yoghurt,0.0,g
147,"Yoghurt mild vanilj lätt fett 0,5% berikad",Arakidinsyra C20:0,Smaksatt fil yoghurt,0.0,g
147,"Yoghurt mild vanilj lätt fett 0,5% berikad",Linolensyra C18:3,Smaksatt fil yoghurt,0.0,g
147,"Yoghurt mild vanilj lätt fett 0,5% berikad",Linolsyra C18:2,Smaksatt fil yoghurt,0.0,g
147,"Yoghurt mild vanilj lätt fett 0,5% berikad",Oljesyra C18:1,Smaksatt fil yoghurt,0.1,g
147,"Yoghurt mild vanilj lätt fett 0,5% berikad",Stearinsyra C18:0,Smaksatt fil yoghurt,0.0,g
147,"Yoghurt mild vanilj lätt fett 0,5% berikad",Palmitoljesyra C16:1,Smaksatt fil yoghurt,0.0,g
147,"Yoghurt mild vanilj lätt fett 0,5% berikad",Palmitinsyra C16:0,Smaksatt fil yoghurt,0.2,g
147,"Yoghurt mild vanilj lätt fett 0,5% berikad",Myristinsyra C14:0,Smaksatt fil yoghurt,0.0,g
147,"Yoghurt mild vanilj lätt fett 0,5% berikad",Laurinsyra C12:0,Smaksatt fil yoghurt,0.0,g
147,"Yoghurt mild vanilj lätt fett 0,5% berikad",Betakaroten/β-Karoten,Smaksatt fil yoghurt,0.0,µg
147,"Yoghurt mild vanilj lätt fett 0,5% berikad",Avfall (skal etc.),Smaksatt fil yoghurt,0.0,%
147,"Yoghurt mild vanilj lätt fett 0,5% berikad",Aska,Smaksatt fil yoghurt,0.8,g
147,"Yoghurt mild vanilj lätt fett 0,5% berikad",Alkohol,Smaksatt fil yoghurt,0.0,g
148,Yoghurt mild vanilj fett 2%,"Zink, Zn",Smaksatt fil yoghurt,0.4,mg
148,Yoghurt mild vanilj fett 2%,Vitamin E,Smaksatt fil yoghurt,0.0,mg
148,Yoghurt mild vanilj fett 2%,Vitamin D,Smaksatt fil yoghurt,1.0,µg
148,Yoghurt mild vanilj fett 2%,Vitamin C,Smaksatt fil yoghurt,0.0,mg
148,Yoghurt mild vanilj fett 2%,Vitamin B6,Smaksatt fil yoghurt,0.04,mg
148,Yoghurt mild vanilj fett 2%,Vitamin B12,Smaksatt fil yoghurt,0.0,µg
148,Yoghurt mild vanilj fett 2%,Vitamin A,Smaksatt fil yoghurt,16.5,RE/µg
148,Yoghurt mild vanilj fett 2%,Vatten,Smaksatt fil yoghurt,84.3,g
148,Yoghurt mild vanilj fett 2%,Tiamin,Smaksatt fil yoghurt,0.0,mg
148,Yoghurt mild vanilj fett 2%,Tillsatt socker,Smaksatt fil yoghurt,6.0,g
148,Yoghurt mild vanilj fett 2%,Fritt socker,Smaksatt fil yoghurt,6.0,g
148,Yoghurt mild vanilj fett 2%,"Selen, Se",Smaksatt fil yoghurt,1.4,µg
148,Yoghurt mild vanilj fett 2%,Sackaros,Smaksatt fil yoghurt,4.3,g
148,Yoghurt mild vanilj fett 2%,Riboflavin,Smaksatt fil yoghurt,0.12,mg
148,Yoghurt mild vanilj fett 2%,Retinol,Smaksatt fil yoghurt,15.7,µg
148,Yoghurt mild vanilj fett 2%,Protein,Smaksatt fil yoghurt,3.2,g
148,Yoghurt mild vanilj fett 2%,Summa fleromättade fettsyror,Smaksatt fil yoghurt,0.1,g
148,Yoghurt mild vanilj fett 2%,"Fosfor, P",Smaksatt fil yoghurt,89.0,mg
148,Yoghurt mild vanilj fett 2%,Niacinekvivalenter,Smaksatt fil yoghurt,0.9,NE/mg
148,Yoghurt mild vanilj fett 2%,Niacin,Smaksatt fil yoghurt,0.11,mg
148,Yoghurt mild vanilj fett 2%,"Salt, NaCl",Smaksatt fil yoghurt,0.1,g
148,Yoghurt mild vanilj fett 2%,"Natrium, Na",Smaksatt fil yoghurt,44.0,mg
148,Yoghurt mild vanilj fett 2%,Monosackarider,Smaksatt fil yoghurt,0.6,g
148,Yoghurt mild vanilj fett 2%,"Sockerarter, totalt",Smaksatt fil yoghurt,7.8,g
148,Yoghurt mild vanilj fett 2%,Summa enkelomättade fettsyror,Smaksatt fil yoghurt,0.4,g
148,Yoghurt mild vanilj fett 2%,"Magnesium, Mg",Smaksatt fil yoghurt,11.0,mg
148,Yoghurt mild vanilj fett 2%,Summa mättade fettsyror,Smaksatt fil yoghurt,1.3,g
148,Yoghurt mild vanilj fett 2%,"Kolhydrater, tillgängliga",Smaksatt fil yoghurt,9.9,g
148,Yoghurt mild vanilj fett 2%,Kolesterol,Smaksatt fil yoghurt,6.9,mg
148,Yoghurt mild vanilj fett 2%,"Kalium, K",Smaksatt fil yoghurt,140.0,mg
148,Yoghurt mild vanilj fett 2%,"Jod, I",Smaksatt fil yoghurt,20.0,µg
148,Yoghurt mild vanilj fett 2%,Fullkorn totalt,Smaksatt fil yoghurt,0.0,g
148,Yoghurt mild vanilj fett 2%,"Folat, totalt",Smaksatt fil yoghurt,11.8,µg
148,Yoghurt mild vanilj fett 2%,Fibrer,Smaksatt fil yoghurt,0.0,g
148,Yoghurt mild vanilj fett 2%,"Fett, totalt",Smaksatt fil yoghurt,1.9,g
148,Yoghurt mild vanilj fett 2%,"Järn, Fe",Smaksatt fil yoghurt,0.0,mg
148,Yoghurt mild vanilj fett 2%,Energi (kJ),Smaksatt fil yoghurt,293.0,kJ
148,Yoghurt mild vanilj fett 2%,Energi (kcal),Smaksatt fil yoghurt,70.0,kcal
148,Yoghurt mild vanilj fett 2%,Disackarider,Smaksatt fil yoghurt,7.2,g
148,Yoghurt mild vanilj fett 2%,"Kalcium, Ca",Smaksatt fil yoghurt,110.0,mg
148,Yoghurt mild vanilj fett 2%,Fettsyra 4:0-10:0,Smaksatt fil yoghurt,0.1,g
148,Yoghurt mild vanilj fett 2%,DHA (C22:6),Smaksatt fil yoghurt,0.0,g
148,Yoghurt mild vanilj fett 2%,DPA (C22:5),Smaksatt fil yoghurt,0.0,g
148,Yoghurt mild vanilj fett 2%,EPA (C20:5),Smaksatt fil yoghurt,0.0,g
148,Yoghurt mild vanilj fett 2%,Arakidonsyra C20:4,Smaksatt fil yoghurt,0.0,g
148,Yoghurt mild vanilj fett 2%,Arakidinsyra C20:0,Smaksatt fil yoghurt,0.0,g
148,Yoghurt mild vanilj fett 2%,Linolensyra C18:3,Smaksatt fil yoghurt,0.0,g
148,Yoghurt mild vanilj fett 2%,Linolsyra C18:2,Smaksatt fil yoghurt,0.0,g
148,Yoghurt mild vanilj fett 2%,Oljesyra C18:1,Smaksatt fil yoghurt,0.4,g
148,Yoghurt mild vanilj fett 2%,Stearinsyra C18:0,Smaksatt fil yoghurt,0.2,g
148,Yoghurt mild vanilj fett 2%,Palmitoljesyra C16:1,Smaksatt fil yoghurt,0.0,g
148,Yoghurt mild vanilj fett 2%,Palmitinsyra C16:0,Smaksatt fil yoghurt,0.6,g
148,Yoghurt mild vanilj fett 2%,Myristinsyra C14:0,Smaksatt fil yoghurt,0.2,g
148,Yoghurt mild vanilj fett 2%,Laurinsyra C12:0,Smaksatt fil yoghurt,0.1,g
148,Yoghurt mild vanilj fett 2%,Betakaroten/β-Karoten,Smaksatt fil yoghurt,9.0,µg
148,Yoghurt mild vanilj fett 2%,Avfall (skal etc.),Smaksatt fil yoghurt,0.0,%
148,Yoghurt mild vanilj fett 2%,Aska,Smaksatt fil yoghurt,0.7,g
148,Yoghurt mild vanilj fett 2%,Alkohol,Smaksatt fil yoghurt,0.0,g
150,"Mellanmjölk fett 1,5% berikad","Zink, Zn",Mjölk,0.4,mg
150,"Mellanmjölk fett 1,5% berikad",Vitamin E,Mjölk,0.0,mg
150,"Mellanmjölk fett 1,5% berikad",Vitamin D inkl 25-OH-D3,Mjölk,1.0,µg
150,"Mellanmjölk fett 1,5% berikad",Vitamin D,Mjölk,1.0,µg
150,"Mellanmjölk fett 1,5% berikad",Vitamin C,Mjölk,0.6,mg
150,"Mellanmjölk fett 1,5% berikad",Vitamin B6,Mjölk,0.05,mg
150,"Mellanmjölk fett 1,5% berikad",Vitamin B12,Mjölk,0.44,µg
150,"Mellanmjölk fett 1,5% berikad",Vitamin A,Mjölk,13.2,RE/µg
150,"Mellanmjölk fett 1,5% berikad",Vatten,Mjölk,89.4,g
150,"Mellanmjölk fett 1,5% berikad",Tiamin,Mjölk,0.04,mg
150,"Mellanmjölk fett 1,5% berikad",Tillsatt socker,Mjölk,0.0,g
150,"Mellanmjölk fett 1,5% berikad",Fritt socker,Mjölk,0.0,g
150,"Mellanmjölk fett 1,5% berikad","Selen, Se",Mjölk,1.7,µg
150,"Mellanmjölk fett 1,5% berikad",Sackaros,Mjölk,0.0,g
150,"Mellanmjölk fett 1,5% berikad",Riboflavin,Mjölk,0.14,mg
150,"Mellanmjölk fett 1,5% berikad",Retinol,Mjölk,12.5,µg
150,"Mellanmjölk fett 1,5% berikad",Protein,Mjölk,3.6,g
150,"Mellanmjölk fett 1,5% berikad",Summa fleromättade fettsyror,Mjölk,0.0,g
150,"Mellanmjölk fett 1,5% berikad","Fosfor, P",Mjölk,140.0,mg
150,"Mellanmjölk fett 1,5% berikad",Niacinekvivalenter,Mjölk,1.0,NE/mg
150,"Mellanmjölk fett 1,5% berikad",Niacin,Mjölk,0.11,mg
150,"Mellanmjölk fett 1,5% berikad","Salt, NaCl",Mjölk,0.1,g
150,"Mellanmjölk fett 1,5% berikad","Natrium, Na",Mjölk,35.0,mg
150,"Mellanmjölk fett 1,5% berikad",Monosackarider,Mjölk,0.0,g
150,"Mellanmjölk fett 1,5% berikad","Sockerarter, totalt",Mjölk,4.7,g
150,"Mellanmjölk fett 1,5% berikad",Summa enkelomättade fettsyror,Mjölk,0.3,g
150,"Mellanmjölk fett 1,5% berikad","Magnesium, Mg",Mjölk,11.0,mg
150,"Mellanmjölk fett 1,5% berikad",Summa mättade fettsyror,Mjölk,1.0,g
150,"Mellanmjölk fett 1,5% berikad","Kolhydrater, tillgängliga",Mjölk,4.7,g
150,"Mellanmjölk fett 1,5% berikad",Kolesterol,Mjölk,6.7,mg
150,"Mellanmjölk fett 1,5% berikad","Kalium, K",Mjölk,161.0,mg
150,"Mellanmjölk fett 1,5% berikad","Jod, I",Mjölk,22.3,µg
150,"Mellanmjölk fett 1,5% berikad",Fullkorn totalt,Mjölk,0.0,g
150,"Mellanmjölk fett 1,5% berikad","Folat, totalt",Mjölk,9.0,µg
150,"Mellanmjölk fett 1,5% berikad",Fibrer,Mjölk,0.0,g
150,"Mellanmjölk fett 1,5% berikad","Fett, totalt",Mjölk,1.5,g
150,"Mellanmjölk fett 1,5% berikad","Järn, Fe",Mjölk,0.0,mg
150,"Mellanmjölk fett 1,5% berikad",Energi (kJ),Mjölk,197.0,kJ
150,"Mellanmjölk fett 1,5% berikad",Energi (kcal),Mjölk,47.0,kcal
150,"Mellanmjölk fett 1,5% berikad",Disackarider,Mjölk,4.7,g
150,"Mellanmjölk fett 1,5% berikad","Kalcium, Ca",Mjölk,125.0,mg
150,"Mellanmjölk fett 1,5% berikad",Fettsyra 4:0-10:0,Mjölk,0.1,g
150,"Mellanmjölk fett 1,5% berikad",DHA (C22:6),Mjölk,0.0,g
150,"Mellanmjölk fett 1,5% berikad",DPA (C22:5),Mjölk,0.0,g
150,"Mellanmjölk fett 1,5% berikad",EPA (C20:5),Mjölk,0.0,g
150,"Mellanmjölk fett 1,5% berikad",Arakidonsyra C20:4,Mjölk,0.0,g
150,"Mellanmjölk fett 1,5% berikad",Arakidinsyra C20:0,Mjölk,0.0,g
150,"Mellanmjölk fett 1,5% berikad",Linolensyra C18:3,Mjölk,0.0,g
150,"Mellanmjölk fett 1,5% berikad",Linolsyra C18:2,Mjölk,0.0,g
150,"Mellanmjölk fett 1,5% berikad",Oljesyra C18:1,Mjölk,0.3,g
150,"Mellanmjölk fett 1,5% berikad",Stearinsyra C18:0,Mjölk,0.1,g
150,"Mellanmjölk fett 1,5% berikad",Palmitoljesyra C16:1,Mjölk,0.0,g
150,"Mellanmjölk fett 1,5% berikad",Palmitinsyra C16:0,Mjölk,0.4,g
150,"Mellanmjölk fett 1,5% berikad",Myristinsyra C14:0,Mjölk,0.2,g
150,"Mellanmjölk fett 1,5% berikad",Laurinsyra C12:0,Mjölk,0.0,g
150,"Mellanmjölk fett 1,5% berikad",Betakaroten/β-Karoten,Mjölk,9.0,µg
150,"Mellanmjölk fett 1,5% berikad",Avfall (skal etc.),Mjölk,0.0,%
150,"Mellanmjölk fett 1,5% berikad",Aska,Mjölk,0.8,g
150,"Mellanmjölk fett 1,5% berikad",Alkohol,Mjölk,0.0,g
151,"Lättmjölk fett 0,5% berikad","Zink, Zn",Mjölk,0.4,mg
151,"Lättmjölk fett 0,5% berikad",Vitamin E,Mjölk,0.0,mg
151,"Lättmjölk fett 0,5% berikad",Vitamin D,Mjölk,1.0,µg
151,"Lättmjölk fett 0,5% berikad",Vitamin C,Mjölk,0.6,mg
151,"Lättmjölk fett 0,5% berikad",Vitamin B6,Mjölk,0.05,mg
151,"Lättmjölk fett 0,5% berikad",Vitamin B12,Mjölk,0.45,µg
151,"Lättmjölk fett 0,5% berikad",Vitamin A,Mjölk,4.4,RE/µg
151,"Lättmjölk fett 0,5% berikad",Vatten,Mjölk,90.3,g
151,"Lättmjölk fett 0,5% berikad",Tiamin,Mjölk,0.04,mg
151,"Lättmjölk fett 0,5% berikad",Tillsatt socker,Mjölk,0.0,g
151,"Lättmjölk fett 0,5% berikad",Fritt socker,Mjölk,0.0,g
151,"Lättmjölk fett 0,5% berikad","Selen, Se",Mjölk,1.7,µg
151,"Lättmjölk fett 0,5% berikad",Sackaros,Mjölk,0.0,g
151,"Lättmjölk fett 0,5% berikad",Riboflavin,Mjölk,0.14,mg
151,"Lättmjölk fett 0,5% berikad",Retinol,Mjölk,4.2,µg
151,"Lättmjölk fett 0,5% berikad",Protein,Mjölk,3.6,g
151,"Lättmjölk fett 0,5% berikad",Summa fleromättade fettsyror,Mjölk,0.0,g
151,"Lättmjölk fett 0,5% berikad","Fosfor, P",Mjölk,141.0,mg
151,"Lättmjölk fett 0,5% berikad",Niacinekvivalenter,Mjölk,1.0,NE/mg
151,"Lättmjölk fett 0,5% berikad",Niacin,Mjölk,0.11,mg
151,"Lättmjölk fett 0,5% berikad","Salt, NaCl",Mjölk,0.1,g
151,"Lättmjölk fett 0,5% berikad","Natrium, Na",Mjölk,35.0,mg
151,"Lättmjölk fett 0,5% berikad",Monosackarider,Mjölk,0.0,g
151,"Lättmjölk fett 0,5% berikad","Sockerarter, totalt",Mjölk,4.7,g
151,"Lättmjölk fett 0,5% berikad",Summa enkelomättade fettsyror,Mjölk,0.1,g
151,"Lättmjölk fett 0,5% berikad","Magnesium, Mg",Mjölk,11.0,mg
151,"Lättmjölk fett 0,5% berikad",Summa mättade fettsyror,Mjölk,0.3,g
151,"Lättmjölk fett 0,5% berikad","Kolhydrater, tillgängliga",Mjölk,4.8,g
151,"Lättmjölk fett 0,5% berikad",Kolesterol,Mjölk,3.6,mg
151,"Lättmjölk fett 0,5% berikad","Kalium, K",Mjölk,162.0,mg
151,"Lättmjölk fett 0,5% berikad","Jod, I",Mjölk,22.6,µg
151,"Lättmjölk fett 0,5% berikad",Fullkorn totalt,Mjölk,0.0,g
151,"Lättmjölk fett 0,5% berikad","Folat, totalt",Mjölk,9.0,µg
151,"Lättmjölk fett 0,5% berikad",Fibrer,Mjölk,0.0,g
151,"Lättmjölk fett 0,5% berikad","Fett, totalt",Mjölk,0.5,g
151,"Lättmjölk fett 0,5% berikad","Järn, Fe",Mjölk,0.0,mg
151,"Lättmjölk fett 0,5% berikad",Energi (kJ),Mjölk,162.0,kJ
151,"Lättmjölk fett 0,5% berikad",Energi (kcal),Mjölk,39.0,kcal
151,"Lättmjölk fett 0,5% berikad",Disackarider,Mjölk,4.7,g
151,"Lättmjölk fett 0,5% berikad","Kalcium, Ca",Mjölk,126.0,mg
151,"Lättmjölk fett 0,5% berikad",Fettsyra 4:0-10:0,Mjölk,0.0,g
151,"Lättmjölk fett 0,5% berikad",DHA (C22:6),Mjölk,0.0,g
151,"Lättmjölk fett 0,5% berikad",DPA (C22:5),Mjölk,0.0,g
151,"Lättmjölk fett 0,5% berikad",EPA (C20:5),Mjölk,0.0,g
151,"Lättmjölk fett 0,5% berikad",Arakidonsyra C20:4,Mjölk,0.0,g
151,"Lättmjölk fett 0,5% berikad",Arakidinsyra C20:0,Mjölk,0.0,g
151,"Lättmjölk fett 0,5% berikad",Linolensyra C18:3,Mjölk,0.0,g
151,"Lättmjölk fett 0,5% berikad",Linolsyra C18:2,Mjölk,0.0,g
151,"Lättmjölk fett 0,5% berikad",Oljesyra C18:1,Mjölk,0.1,g
151,"Lättmjölk fett 0,5% berikad",Stearinsyra C18:0,Mjölk,0.0,g
151,"Lättmjölk fett 0,5% berikad",Palmitoljesyra C16:1,Mjölk,0.0,g
151,"Lättmjölk fett 0,5% berikad",Palmitinsyra C16:0,Mjölk,0.2,g
151,"Lättmjölk fett 0,5% berikad",Myristinsyra C14:0,Mjölk,0.0,g
151,"Lättmjölk fett 0,5% berikad",Laurinsyra C12:0,Mjölk,0.0,g
151,"Lättmjölk fett 0,5% berikad",Betakaroten/β-Karoten,Mjölk,3.0,µg
151,"Lättmjölk fett 0,5% berikad",Avfall (skal etc.),Mjölk,0.0,%
151,"Lättmjölk fett 0,5% berikad",Aska,Mjölk,0.8,g
151,"Lättmjölk fett 0,5% berikad",Alkohol,Mjölk,0.0,g
152,Vassle flytande,"Zink, Zn",Mesvaror,0.4,mg
152,Vassle flytande,Vitamin E,Mesvaror,0.0,mg
152,Vassle flytande,Vitamin D,Mesvaror,0.0,µg
152,Vassle flytande,Vitamin C,Mesvaror,0.1,mg
152,Vassle flytande,Vitamin B6,Mesvaror,0.04,mg
152,Vassle flytande,Vitamin B12,Mesvaror,0.18,µg
152,Vassle flytande,Vitamin A,Mesvaror,0.9,RE/µg
152,Vassle flytande,Vatten,Mesvaror,93.4,g
152,Vassle flytande,Tiamin,Mesvaror,0.04,mg
152,Vassle flytande,Tillsatt socker,Mesvaror,0.0,g
152,Vassle flytande,Fritt socker,Mesvaror,0.0,g
152,Vassle flytande,"Selen, Se",Mesvaror,1.8,µg
152,Vassle flytande,Sackaros,Mesvaror,0.0,g
152,Vassle flytande,Riboflavin,Mesvaror,0.14,mg
152,Vassle flytande,Retinol,Mesvaror,0.8,µg
152,Vassle flytande,Protein,Mesvaror,0.8,g
152,Vassle flytande,Summa fleromättade fettsyror,Mesvaror,0.0,g
152,Vassle flytande,"Fosfor, P",Mesvaror,78.0,mg
152,Vassle flytande,Niacinekvivalenter,Mesvaror,0.26,NE/mg
152,Vassle flytande,Niacin,Mesvaror,0.08,mg
152,Vassle flytande,"Salt, NaCl",Mesvaror,0.1,g
152,Vassle flytande,"Natrium, Na",Mesvaror,48.0,mg
152,Vassle flytande,Monosackarider,Mesvaror,0.0,g
152,Vassle flytande,"Sockerarter, totalt",Mesvaror,5.1,g
152,Vassle flytande,Summa enkelomättade fettsyror,Mesvaror,0.0,g
152,Vassle flytande,"Magnesium, Mg",Mesvaror,10.0,mg
152,Vassle flytande,Summa mättade fettsyror,Mesvaror,0.1,g
152,Vassle flytande,"Kolhydrater, tillgängliga",Mesvaror,5.1,g
152,Vassle flytande,Kolesterol,Mesvaror,1.0,mg
152,Vassle flytande,"Kalium, K",Mesvaror,143.0,mg
152,Vassle flytande,Fullkorn totalt,Mesvaror,0.0,g
152,Vassle flytande,"Folat, totalt",Mesvaror,2.0,µg
152,Vassle flytande,Fibrer,Mesvaror,0.0,g
152,Vassle flytande,"Fett, totalt",Mesvaror,0.1,g
152,Vassle flytande,"Järn, Fe",Mesvaror,0.1,mg
152,Vassle flytande,Energi (kJ),Mesvaror,103.0,kJ
152,Vassle flytande,Energi (kcal),Mesvaror,25.0,kcal
152,Vassle flytande,Disackarider,Mesvaror,5.1,g
152,Vassle flytande,"Kalcium, Ca",Mesvaror,103.0,mg
152,Vassle flytande,Fettsyra 4:0-10:0,Mesvaror,0.0,g
152,Vassle flytande,DHA (C22:6),Mesvaror,0.0,g
152,Vassle flytande,DPA (C22:5),Mesvaror,0.0,g
152,Vassle flytande,EPA (C20:5),Mesvaror,0.0,g
152,Vassle flytande,Arakidonsyra C20:4,Mesvaror,0.0,g
152,Vassle flytande,Arakidinsyra C20:0,Mesvaror,0.0,g
152,Vassle flytande,Linolensyra C18:3,Mesvaror,0.0,g
152,Vassle flytande,Linolsyra C18:2,Mesvaror,0.0,g
152,Vassle flytande,Oljesyra C18:1,Mesvaror,0.0,g
152,Vassle flytande,Stearinsyra C18:0,Mesvaror,0.0,g
152,Vassle flytande,Palmitoljesyra C16:1,Mesvaror,0.0,g
152,Vassle flytande,Palmitinsyra C16:0,Mesvaror,0.0,g
152,Vassle flytande,Myristinsyra C14:0,Mesvaror,0.0,g
152,Vassle flytande,Laurinsyra C12:0,Mesvaror,0.0,g
152,Vassle flytande,Betakaroten/β-Karoten,Mesvaror,0.0,µg
152,Vassle flytande,Avfall (skal etc.),Mesvaror,0.0,%
152,Vassle flytande,Aska,Mesvaror,0.6,g
152,Vassle flytande,Alkohol,Mesvaror,0.0,g
154,Filbunke m. grädde,"Zink, Zn",Naturell fil yoghurt,0.4,mg
154,Filbunke m. grädde,Vitamin E,Naturell fil yoghurt,0.1,mg
154,Filbunke m. grädde,Vitamin D,Naturell fil yoghurt,1.0,µg
154,Filbunke m. grädde,Vitamin C,Naturell fil yoghurt,0.5,mg
154,Filbunke m. grädde,Vitamin B6,Naturell fil yoghurt,0.04,mg
154,Filbunke m. grädde,Vitamin B12,Naturell fil yoghurt,0.4,µg
154,Filbunke m. grädde,Vitamin A,Naturell fil yoghurt,41.8,RE/µg
154,Filbunke m. grädde,Vatten,Naturell fil yoghurt,86.3,g
154,Filbunke m. grädde,Tiamin,Naturell fil yoghurt,0.04,mg
154,Filbunke m. grädde,Tillsatt socker,Naturell fil yoghurt,0.0,g
154,Filbunke m. grädde,Fritt socker,Naturell fil yoghurt,0.0,g
154,Filbunke m. grädde,"Selen, Se",Naturell fil yoghurt,1.5,µg
154,Filbunke m. grädde,Sackaros,Naturell fil yoghurt,0.0,g
154,Filbunke m. grädde,Riboflavin,Naturell fil yoghurt,0.14,mg
154,Filbunke m. grädde,Retinol,Naturell fil yoghurt,39.3,µg
154,Filbunke m. grädde,Protein,Naturell fil yoghurt,3.6,g
154,Filbunke m. grädde,Summa fleromättade fettsyror,Naturell fil yoghurt,0.1,g
154,Filbunke m. grädde,"Fosfor, P",Naturell fil yoghurt,133.0,mg
154,Filbunke m. grädde,Niacinekvivalenter,Naturell fil yoghurt,0.92,NE/mg
154,Filbunke m. grädde,Niacin,Naturell fil yoghurt,0.11,mg
154,Filbunke m. grädde,"Salt, NaCl",Naturell fil yoghurt,0.1,g
154,Filbunke m. grädde,"Natrium, Na",Naturell fil yoghurt,36.0,mg
154,Filbunke m. grädde,Monosackarider,Naturell fil yoghurt,0.0,g
154,Filbunke m. grädde,"Sockerarter, totalt",Naturell fil yoghurt,4.6,g
154,Filbunke m. grädde,Summa enkelomättade fettsyror,Naturell fil yoghurt,1.1,g
154,Filbunke m. grädde,"Magnesium, Mg",Naturell fil yoghurt,11.0,mg
154,Filbunke m. grädde,Summa mättade fettsyror,Naturell fil yoghurt,2.9,g
154,Filbunke m. grädde,"Kolhydrater, tillgängliga",Naturell fil yoghurt,4.7,g
154,Filbunke m. grädde,Kolesterol,Naturell fil yoghurt,15.6,mg
154,Filbunke m. grädde,"Kalium, K",Naturell fil yoghurt,161.0,mg
154,Filbunke m. grädde,"Jod, I",Naturell fil yoghurt,20.5,µg
154,Filbunke m. grädde,Fullkorn totalt,Naturell fil yoghurt,0.0,g
154,Filbunke m. grädde,"Folat, totalt",Naturell fil yoghurt,7.9,µg
154,Filbunke m. grädde,Fibrer,Naturell fil yoghurt,0.0,g
154,Filbunke m. grädde,"Fett, totalt",Naturell fil yoghurt,4.6,g
154,Filbunke m. grädde,"Järn, Fe",Naturell fil yoghurt,0.0,mg
154,Filbunke m. grädde,Energi (kJ),Naturell fil yoghurt,312.0,kJ
154,Filbunke m. grädde,Energi (kcal),Naturell fil yoghurt,75.0,kcal
154,Filbunke m. grädde,Disackarider,Naturell fil yoghurt,4.6,g
154,Filbunke m. grädde,"Kalcium, Ca",Naturell fil yoghurt,124.0,mg
154,Filbunke m. grädde,Fettsyra 4:0-10:0,Naturell fil yoghurt,0.4,g
154,Filbunke m. grädde,DHA (C22:6),Naturell fil yoghurt,0.0,g
154,Filbunke m. grädde,DPA (C22:5),Naturell fil yoghurt,0.0,g
154,Filbunke m. grädde,EPA (C20:5),Naturell fil yoghurt,0.0,g
154,Filbunke m. grädde,Arakidonsyra C20:4,Naturell fil yoghurt,0.0,g
154,Filbunke m. grädde,Arakidinsyra C20:0,Naturell fil yoghurt,0.0,g
154,Filbunke m. grädde,Linolensyra C18:3,Naturell fil yoghurt,0.0,g
154,Filbunke m. grädde,Linolsyra C18:2,Naturell fil yoghurt,0.1,g
154,Filbunke m. grädde,Oljesyra C18:1,Naturell fil yoghurt,0.9,g
154,Filbunke m. grädde,Stearinsyra C18:0,Naturell fil yoghurt,0.4,g
154,Filbunke m. grädde,Palmitoljesyra C16:1,Naturell fil yoghurt,0.1,g
154,Filbunke m. grädde,Palmitinsyra C16:0,Naturell fil yoghurt,1.4,g
154,Filbunke m. grädde,Myristinsyra C14:0,Naturell fil yoghurt,0.5,g
154,Filbunke m. grädde,Laurinsyra C12:0,Naturell fil yoghurt,0.2,g
154,Filbunke m. grädde,Betakaroten/β-Karoten,Naturell fil yoghurt,29.0,µg
154,Filbunke m. grädde,Avfall (skal etc.),Naturell fil yoghurt,0.0,%
154,Filbunke m. grädde,Aska,Naturell fil yoghurt,0.7,g
154,Filbunke m. grädde,Alkohol,Naturell fil yoghurt,0.0,g
156,Varm choklad m. mjölk fett 3%,"Zink, Zn",Mjölkdryck chokladdryck milkshake smothie m yoghurt,0.4,mg
156,Varm choklad m. mjölk fett 3%,Vitamin E,Mjölkdryck chokladdryck milkshake smothie m yoghurt,0.1,mg
156,Varm choklad m. mjölk fett 3%,Vitamin D inkl 25-OH-D3,Mjölkdryck chokladdryck milkshake smothie m yoghurt,1.0,µg
156,Varm choklad m. mjölk fett 3%,Vitamin D,Mjölkdryck chokladdryck milkshake smothie m yoghurt,1.0,µg
156,Varm choklad m. mjölk fett 3%,Vitamin C,Mjölkdryck chokladdryck milkshake smothie m yoghurt,0.6,mg
156,Varm choklad m. mjölk fett 3%,Vitamin B6,Mjölkdryck chokladdryck milkshake smothie m yoghurt,0.04,mg
156,Varm choklad m. mjölk fett 3%,Vitamin B12,Mjölkdryck chokladdryck milkshake smothie m yoghurt,0.42,µg
156,Varm choklad m. mjölk fett 3%,Vitamin A,Mjölkdryck chokladdryck milkshake smothie m yoghurt,26.6,RE/µg
156,Varm choklad m. mjölk fett 3%,Vatten,Mjölkdryck chokladdryck milkshake smothie m yoghurt,84.0,g
156,Varm choklad m. mjölk fett 3%,Tiamin,Mjölkdryck chokladdryck milkshake smothie m yoghurt,0.04,mg
156,Varm choklad m. mjölk fett 3%,Tillsatt socker,Mjölkdryck chokladdryck milkshake smothie m yoghurt,3.0,g
156,Varm choklad m. mjölk fett 3%,Fritt socker,Mjölkdryck chokladdryck milkshake smothie m yoghurt,3.0,g
156,Varm choklad m. mjölk fett 3%,"Selen, Se",Mjölkdryck chokladdryck milkshake smothie m yoghurt,1.7,µg
156,Varm choklad m. mjölk fett 3%,Sackaros,Mjölkdryck chokladdryck milkshake smothie m yoghurt,2.8,g
156,Varm choklad m. mjölk fett 3%,Riboflavin,Mjölkdryck chokladdryck milkshake smothie m yoghurt,0.13,mg
156,Varm choklad m. mjölk fett 3%,Retinol,Mjölkdryck chokladdryck milkshake smothie m yoghurt,25.1,µg
156,Varm choklad m. mjölk fett 3%,Protein,Mjölkdryck chokladdryck milkshake smothie m yoghurt,3.8,g
156,Varm choklad m. mjölk fett 3%,Summa fleromättade fettsyror,Mjölkdryck chokladdryck milkshake smothie m yoghurt,0.1,g
156,Varm choklad m. mjölk fett 3%,"Fosfor, P",Mjölkdryck chokladdryck milkshake smothie m yoghurt,145.0,mg
156,Varm choklad m. mjölk fett 3%,Niacinekvivalenter,Mjölkdryck chokladdryck milkshake smothie m yoghurt,0.96,NE/mg
156,Varm choklad m. mjölk fett 3%,Niacin,Mjölkdryck chokladdryck milkshake smothie m yoghurt,0.13,mg
156,Varm choklad m. mjölk fett 3%,"Salt, NaCl",Mjölkdryck chokladdryck milkshake smothie m yoghurt,0.1,g
156,Varm choklad m. mjölk fett 3%,"Natrium, Na",Mjölkdryck chokladdryck milkshake smothie m yoghurt,42.0,mg
156,Varm choklad m. mjölk fett 3%,Monosackarider,Mjölkdryck chokladdryck milkshake smothie m yoghurt,0.7,g
156,Varm choklad m. mjölk fett 3%,"Sockerarter, totalt",Mjölkdryck chokladdryck milkshake smothie m yoghurt,8.0,g
156,Varm choklad m. mjölk fett 3%,Summa enkelomättade fettsyror,Mjölkdryck chokladdryck milkshake smothie m yoghurt,0.7,g
156,Varm choklad m. mjölk fett 3%,"Magnesium, Mg",Mjölkdryck chokladdryck milkshake smothie m yoghurt,16.0,mg
156,Varm choklad m. mjölk fett 3%,Summa mättade fettsyror,Mjölkdryck chokladdryck milkshake smothie m yoghurt,2.0,g
156,Varm choklad m. mjölk fett 3%,"Kolhydrater, tillgängliga",Mjölkdryck chokladdryck milkshake smothie m yoghurt,8.3,g
156,Varm choklad m. mjölk fett 3%,Kolesterol,Mjölkdryck chokladdryck milkshake smothie m yoghurt,11.3,mg
156,Varm choklad m. mjölk fett 3%,"Kalium, K",Mjölkdryck chokladdryck milkshake smothie m yoghurt,177.0,mg
156,Varm choklad m. mjölk fett 3%,"Jod, I",Mjölkdryck chokladdryck milkshake smothie m yoghurt,22.0,µg
156,Varm choklad m. mjölk fett 3%,Fullkorn totalt,Mjölkdryck chokladdryck milkshake smothie m yoghurt,0.0,g
156,Varm choklad m. mjölk fett 3%,"Folat, totalt",Mjölkdryck chokladdryck milkshake smothie m yoghurt,7.3,µg
156,Varm choklad m. mjölk fett 3%,Fibrer,Mjölkdryck chokladdryck milkshake smothie m yoghurt,0.0,g
156,Varm choklad m. mjölk fett 3%,"Fett, totalt",Mjölkdryck chokladdryck milkshake smothie m yoghurt,3.1,g
156,Varm choklad m. mjölk fett 3%,"Järn, Fe",Mjölkdryck chokladdryck milkshake smothie m yoghurt,0.1,mg
156,Varm choklad m. mjölk fett 3%,Energi (kJ),Mjölkdryck chokladdryck milkshake smothie m yoghurt,321.0,kJ
156,Varm choklad m. mjölk fett 3%,Energi (kcal),Mjölkdryck chokladdryck milkshake smothie m yoghurt,77.0,kcal
156,Varm choklad m. mjölk fett 3%,Disackarider,Mjölkdryck chokladdryck milkshake smothie m yoghurt,7.4,g
156,Varm choklad m. mjölk fett 3%,"Kalcium, Ca",Mjölkdryck chokladdryck milkshake smothie m yoghurt,125.0,mg
156,Varm choklad m. mjölk fett 3%,Fettsyra 4:0-10:0,Mjölkdryck chokladdryck milkshake smothie m yoghurt,0.3,g
156,Varm choklad m. mjölk fett 3%,DHA (C22:6),Mjölkdryck chokladdryck milkshake smothie m yoghurt,0.0,g
156,Varm choklad m. mjölk fett 3%,DPA (C22:5),Mjölkdryck chokladdryck milkshake smothie m yoghurt,0.0,g
156,Varm choklad m. mjölk fett 3%,EPA (C20:5),Mjölkdryck chokladdryck milkshake smothie m yoghurt,0.0,g
156,Varm choklad m. mjölk fett 3%,Arakidonsyra C20:4,Mjölkdryck chokladdryck milkshake smothie m yoghurt,0.0,g
156,Varm choklad m. mjölk fett 3%,Arakidinsyra C20:0,Mjölkdryck chokladdryck milkshake smothie m yoghurt,0.0,g
156,Varm choklad m. mjölk fett 3%,Linolensyra C18:3,Mjölkdryck chokladdryck milkshake smothie m yoghurt,0.0,g
156,Varm choklad m. mjölk fett 3%,Linolsyra C18:2,Mjölkdryck chokladdryck milkshake smothie m yoghurt,0.1,g
156,Varm choklad m. mjölk fett 3%,Oljesyra C18:1,Mjölkdryck chokladdryck milkshake smothie m yoghurt,0.6,g
156,Varm choklad m. mjölk fett 3%,Stearinsyra C18:0,Mjölkdryck chokladdryck milkshake smothie m yoghurt,0.3,g
156,Varm choklad m. mjölk fett 3%,Palmitoljesyra C16:1,Mjölkdryck chokladdryck milkshake smothie m yoghurt,0.1,g
156,Varm choklad m. mjölk fett 3%,Palmitinsyra C16:0,Mjölkdryck chokladdryck milkshake smothie m yoghurt,0.9,g
156,Varm choklad m. mjölk fett 3%,Myristinsyra C14:0,Mjölkdryck chokladdryck milkshake smothie m yoghurt,0.3,g
156,Varm choklad m. mjölk fett 3%,Laurinsyra C12:0,Mjölkdryck chokladdryck milkshake smothie m yoghurt,0.1,g
156,Varm choklad m. mjölk fett 3%,Betakaroten/β-Karoten,Mjölkdryck chokladdryck milkshake smothie m yoghurt,18.0,µg
156,Varm choklad m. mjölk fett 3%,Avfall (skal etc.),Mjölkdryck chokladdryck milkshake smothie m yoghurt,0.0,%
156,Varm choklad m. mjölk fett 3%,Aska,Mjölkdryck chokladdryck milkshake smothie m yoghurt,0.8,g
156,Varm choklad m. mjölk fett 3%,Alkohol,Mjölkdryck chokladdryck milkshake smothie m yoghurt,0.0,g
157,"Varm choklad m. mjölk fett 1,5%","Zink, Zn",Mjölkdryck chokladdryck milkshake smothie m yoghurt,0.4,mg
157,"Varm choklad m. mjölk fett 1,5%",Vitamin E,Mjölkdryck chokladdryck milkshake smothie m yoghurt,0.0,mg
157,"Varm choklad m. mjölk fett 1,5%",Vitamin D inkl 25-OH-D3,Mjölkdryck chokladdryck milkshake smothie m yoghurt,1.0,µg
157,"Varm choklad m. mjölk fett 1,5%",Vitamin D,Mjölkdryck chokladdryck milkshake smothie m yoghurt,1.0,µg
157,"Varm choklad m. mjölk fett 1,5%",Vitamin C,Mjölkdryck chokladdryck milkshake smothie m yoghurt,0.6,mg
157,"Varm choklad m. mjölk fett 1,5%",Vitamin B6,Mjölkdryck chokladdryck milkshake smothie m yoghurt,0.04,mg
157,"Varm choklad m. mjölk fett 1,5%",Vitamin B12,Mjölkdryck chokladdryck milkshake smothie m yoghurt,0.42,µg
157,"Varm choklad m. mjölk fett 1,5%",Vitamin A,Mjölkdryck chokladdryck milkshake smothie m yoghurt,13.2,RE/µg
157,"Varm choklad m. mjölk fett 1,5%",Vatten,Mjölkdryck chokladdryck milkshake smothie m yoghurt,85.3,g
157,"Varm choklad m. mjölk fett 1,5%",Tiamin,Mjölkdryck chokladdryck milkshake smothie m yoghurt,0.04,mg
157,"Varm choklad m. mjölk fett 1,5%",Tillsatt socker,Mjölkdryck chokladdryck milkshake smothie m yoghurt,3.0,g
157,"Varm choklad m. mjölk fett 1,5%",Fritt socker,Mjölkdryck chokladdryck milkshake smothie m yoghurt,3.0,g
157,"Varm choklad m. mjölk fett 1,5%","Selen, Se",Mjölkdryck chokladdryck milkshake smothie m yoghurt,1.7,µg
157,"Varm choklad m. mjölk fett 1,5%",Sackaros,Mjölkdryck chokladdryck milkshake smothie m yoghurt,2.8,g
157,"Varm choklad m. mjölk fett 1,5%",Riboflavin,Mjölkdryck chokladdryck milkshake smothie m yoghurt,0.14,mg
157,"Varm choklad m. mjölk fett 1,5%",Retinol,Mjölkdryck chokladdryck milkshake smothie m yoghurt,12.5,µg
157,"Varm choklad m. mjölk fett 1,5%",Protein,Mjölkdryck chokladdryck milkshake smothie m yoghurt,3.8,g
157,"Varm choklad m. mjölk fett 1,5%",Summa fleromättade fettsyror,Mjölkdryck chokladdryck milkshake smothie m yoghurt,0.0,g
157,"Varm choklad m. mjölk fett 1,5%","Fosfor, P",Mjölkdryck chokladdryck milkshake smothie m yoghurt,147.0,mg
157,"Varm choklad m. mjölk fett 1,5%",Niacinekvivalenter,Mjölkdryck chokladdryck milkshake smothie m yoghurt,1.06,NE/mg
157,"Varm choklad m. mjölk fett 1,5%",Niacin,Mjölkdryck chokladdryck milkshake smothie m yoghurt,0.13,mg
157,"Varm choklad m. mjölk fett 1,5%","Salt, NaCl",Mjölkdryck chokladdryck milkshake smothie m yoghurt,0.1,g
157,"Varm choklad m. mjölk fett 1,5%","Natrium, Na",Mjölkdryck chokladdryck milkshake smothie m yoghurt,43.0,mg
157,"Varm choklad m. mjölk fett 1,5%",Monosackarider,Mjölkdryck chokladdryck milkshake smothie m yoghurt,0.7,g
157,"Varm choklad m. mjölk fett 1,5%","Sockerarter, totalt",Mjölkdryck chokladdryck milkshake smothie m yoghurt,8.1,g
157,"Varm choklad m. mjölk fett 1,5%",Summa enkelomättade fettsyror,Mjölkdryck chokladdryck milkshake smothie m yoghurt,0.3,g
157,"Varm choklad m. mjölk fett 1,5%","Magnesium, Mg",Mjölkdryck chokladdryck milkshake smothie m yoghurt,16.0,mg
157,"Varm choklad m. mjölk fett 1,5%",Summa mättade fettsyror,Mjölkdryck chokladdryck milkshake smothie m yoghurt,1.1,g
157,"Varm choklad m. mjölk fett 1,5%","Kolhydrater, tillgängliga",Mjölkdryck chokladdryck milkshake smothie m yoghurt,8.4,g
157,"Varm choklad m. mjölk fett 1,5%",Kolesterol,Mjölkdryck chokladdryck milkshake smothie m yoghurt,6.7,mg
157,"Varm choklad m. mjölk fett 1,5%","Kalium, K",Mjölkdryck chokladdryck milkshake smothie m yoghurt,190.0,mg
157,"Varm choklad m. mjölk fett 1,5%","Jod, I",Mjölkdryck chokladdryck milkshake smothie m yoghurt,22.4,µg
157,"Varm choklad m. mjölk fett 1,5%",Fullkorn totalt,Mjölkdryck chokladdryck milkshake smothie m yoghurt,0.0,g
157,"Varm choklad m. mjölk fett 1,5%","Folat, totalt",Mjölkdryck chokladdryck milkshake smothie m yoghurt,7.6,µg
157,"Varm choklad m. mjölk fett 1,5%",Fibrer,Mjölkdryck chokladdryck milkshake smothie m yoghurt,0.0,g
157,"Varm choklad m. mjölk fett 1,5%","Fett, totalt",Mjölkdryck chokladdryck milkshake smothie m yoghurt,1.6,g
157,"Varm choklad m. mjölk fett 1,5%","Järn, Fe",Mjölkdryck chokladdryck milkshake smothie m yoghurt,0.1,mg
157,"Varm choklad m. mjölk fett 1,5%",Energi (kJ),Mjölkdryck chokladdryck milkshake smothie m yoghurt,268.0,kJ
157,"Varm choklad m. mjölk fett 1,5%",Energi (kcal),Mjölkdryck chokladdryck milkshake smothie m yoghurt,64.0,kcal
157,"Varm choklad m. mjölk fett 1,5%",Disackarider,Mjölkdryck chokladdryck milkshake smothie m yoghurt,7.5,g
157,"Varm choklad m. mjölk fett 1,5%","Kalcium, Ca",Mjölkdryck chokladdryck milkshake smothie m yoghurt,127.0,mg
157,"Varm choklad m. mjölk fett 1,5%",Fettsyra 4:0-10:0,Mjölkdryck chokladdryck milkshake smothie m yoghurt,0.1,g
157,"Varm choklad m. mjölk fett 1,5%",DHA (C22:6),Mjölkdryck chokladdryck milkshake smothie m yoghurt,0.0,g
157,"Varm choklad m. mjölk fett 1,5%",DPA (C22:5),Mjölkdryck chokladdryck milkshake smothie m yoghurt,0.0,g
157,"Varm choklad m. mjölk fett 1,5%",EPA (C20:5),Mjölkdryck chokladdryck milkshake smothie m yoghurt,0.0,g
157,"Varm choklad m. mjölk fett 1,5%",Arakidonsyra C20:4,Mjölkdryck chokladdryck milkshake smothie m yoghurt,0.0,g
157,"Varm choklad m. mjölk fett 1,5%",Arakidinsyra C20:0,Mjölkdryck chokladdryck milkshake smothie m yoghurt,0.0,g
157,"Varm choklad m. mjölk fett 1,5%",Linolensyra C18:3,Mjölkdryck chokladdryck milkshake smothie m yoghurt,0.0,g
157,"Varm choklad m. mjölk fett 1,5%",Linolsyra C18:2,Mjölkdryck chokladdryck milkshake smothie m yoghurt,0.0,g
157,"Varm choklad m. mjölk fett 1,5%",Oljesyra C18:1,Mjölkdryck chokladdryck milkshake smothie m yoghurt,0.3,g
157,"Varm choklad m. mjölk fett 1,5%",Stearinsyra C18:0,Mjölkdryck chokladdryck milkshake smothie m yoghurt,0.2,g
157,"Varm choklad m. mjölk fett 1,5%",Palmitoljesyra C16:1,Mjölkdryck chokladdryck milkshake smothie m yoghurt,0.0,g
157,"Varm choklad m. mjölk fett 1,5%",Palmitinsyra C16:0,Mjölkdryck chokladdryck milkshake smothie m yoghurt,0.5,g
157,"Varm choklad m. mjölk fett 1,5%",Myristinsyra C14:0,Mjölkdryck chokladdryck milkshake smothie m yoghurt,0.2,g
157,"Varm choklad m. mjölk fett 1,5%",Laurinsyra C12:0,Mjölkdryck chokladdryck milkshake smothie m yoghurt,0.1,g
157,"Varm choklad m. mjölk fett 1,5%",Betakaroten/β-Karoten,Mjölkdryck chokladdryck milkshake smothie m yoghurt,9.0,µg
157,"Varm choklad m. mjölk fett 1,5%",Avfall (skal etc.),Mjölkdryck chokladdryck milkshake smothie m yoghurt,0.0,%
157,"Varm choklad m. mjölk fett 1,5%",Aska,Mjölkdryck chokladdryck milkshake smothie m yoghurt,0.9,g
157,"Varm choklad m. mjölk fett 1,5%",Alkohol,Mjölkdryck chokladdryck milkshake smothie m yoghurt,0.0,g
158,"Varm choklad m. mjölk fett 0,5%","Zink, Zn",Mjölkdryck chokladdryck milkshake smothie m yoghurt,0.4,mg
158,"Varm choklad m. mjölk fett 0,5%",Vitamin E,Mjölkdryck chokladdryck milkshake smothie m yoghurt,0.0,mg
158,"Varm choklad m. mjölk fett 0,5%",Vitamin D,Mjölkdryck chokladdryck milkshake smothie m yoghurt,1.0,µg
158,"Varm choklad m. mjölk fett 0,5%",Vitamin C,Mjölkdryck chokladdryck milkshake smothie m yoghurt,0.6,mg
158,"Varm choklad m. mjölk fett 0,5%",Vitamin B6,Mjölkdryck chokladdryck milkshake smothie m yoghurt,0.04,mg
158,"Varm choklad m. mjölk fett 0,5%",Vitamin B12,Mjölkdryck chokladdryck milkshake smothie m yoghurt,0.43,µg
158,"Varm choklad m. mjölk fett 0,5%",Vitamin A,Mjölkdryck chokladdryck milkshake smothie m yoghurt,4.4,RE/µg
158,"Varm choklad m. mjölk fett 0,5%",Vatten,Mjölkdryck chokladdryck milkshake smothie m yoghurt,86.1,g
158,"Varm choklad m. mjölk fett 0,5%",Tiamin,Mjölkdryck chokladdryck milkshake smothie m yoghurt,0.04,mg
158,"Varm choklad m. mjölk fett 0,5%",Tillsatt socker,Mjölkdryck chokladdryck milkshake smothie m yoghurt,3.0,g
158,"Varm choklad m. mjölk fett 0,5%",Fritt socker,Mjölkdryck chokladdryck milkshake smothie m yoghurt,3.0,g
158,"Varm choklad m. mjölk fett 0,5%","Selen, Se",Mjölkdryck chokladdryck milkshake smothie m yoghurt,1.7,µg
158,"Varm choklad m. mjölk fett 0,5%",Sackaros,Mjölkdryck chokladdryck milkshake smothie m yoghurt,2.8,g
158,"Varm choklad m. mjölk fett 0,5%",Riboflavin,Mjölkdryck chokladdryck milkshake smothie m yoghurt,0.14,mg
158,"Varm choklad m. mjölk fett 0,5%",Retinol,Mjölkdryck chokladdryck milkshake smothie m yoghurt,4.2,µg
158,"Varm choklad m. mjölk fett 0,5%",Protein,Mjölkdryck chokladdryck milkshake smothie m yoghurt,3.8,g
158,"Varm choklad m. mjölk fett 0,5%",Summa fleromättade fettsyror,Mjölkdryck chokladdryck milkshake smothie m yoghurt,0.0,g
158,"Varm choklad m. mjölk fett 0,5%","Fosfor, P",Mjölkdryck chokladdryck milkshake smothie m yoghurt,149.0,mg
158,"Varm choklad m. mjölk fett 0,5%",Niacinekvivalenter,Mjölkdryck chokladdryck milkshake smothie m yoghurt,1.06,NE/mg
158,"Varm choklad m. mjölk fett 0,5%",Niacin,Mjölkdryck chokladdryck milkshake smothie m yoghurt,0.13,mg
158,"Varm choklad m. mjölk fett 0,5%","Salt, NaCl",Mjölkdryck chokladdryck milkshake smothie m yoghurt,0.1,g
158,"Varm choklad m. mjölk fett 0,5%","Natrium, Na",Mjölkdryck chokladdryck milkshake smothie m yoghurt,43.0,mg
158,"Varm choklad m. mjölk fett 0,5%",Monosackarider,Mjölkdryck chokladdryck milkshake smothie m yoghurt,0.7,g
158,"Varm choklad m. mjölk fett 0,5%","Sockerarter, totalt",Mjölkdryck chokladdryck milkshake smothie m yoghurt,8.1,g
158,"Varm choklad m. mjölk fett 0,5%",Summa enkelomättade fettsyror,Mjölkdryck chokladdryck milkshake smothie m yoghurt,0.1,g
158,"Varm choklad m. mjölk fett 0,5%","Magnesium, Mg",Mjölkdryck chokladdryck milkshake smothie m yoghurt,16.0,mg
158,"Varm choklad m. mjölk fett 0,5%",Summa mättade fettsyror,Mjölkdryck chokladdryck milkshake smothie m yoghurt,0.4,g
158,"Varm choklad m. mjölk fett 0,5%","Kolhydrater, tillgängliga",Mjölkdryck chokladdryck milkshake smothie m yoghurt,8.5,g
158,"Varm choklad m. mjölk fett 0,5%",Kolesterol,Mjölkdryck chokladdryck milkshake smothie m yoghurt,3.6,mg
158,"Varm choklad m. mjölk fett 0,5%","Kalium, K",Mjölkdryck chokladdryck milkshake smothie m yoghurt,191.0,mg
158,"Varm choklad m. mjölk fett 0,5%","Jod, I",Mjölkdryck chokladdryck milkshake smothie m yoghurt,22.6,µg
158,"Varm choklad m. mjölk fett 0,5%",Fullkorn totalt,Mjölkdryck chokladdryck milkshake smothie m yoghurt,0.0,g
158,"Varm choklad m. mjölk fett 0,5%","Folat, totalt",Mjölkdryck chokladdryck milkshake smothie m yoghurt,7.6,µg
158,"Varm choklad m. mjölk fett 0,5%",Fibrer,Mjölkdryck chokladdryck milkshake smothie m yoghurt,0.0,g
158,"Varm choklad m. mjölk fett 0,5%","Fett, totalt",Mjölkdryck chokladdryck milkshake smothie m yoghurt,0.6,g
158,"Varm choklad m. mjölk fett 0,5%","Järn, Fe",Mjölkdryck chokladdryck milkshake smothie m yoghurt,0.1,mg
158,"Varm choklad m. mjölk fett 0,5%",Energi (kJ),Mjölkdryck chokladdryck milkshake smothie m yoghurt,233.0,kJ
158,"Varm choklad m. mjölk fett 0,5%",Energi (kcal),Mjölkdryck chokladdryck milkshake smothie m yoghurt,56.0,kcal
158,"Varm choklad m. mjölk fett 0,5%",Disackarider,Mjölkdryck chokladdryck milkshake smothie m yoghurt,7.5,g
158,"Varm choklad m. mjölk fett 0,5%","Kalcium, Ca",Mjölkdryck chokladdryck milkshake smothie m yoghurt,128.0,mg
158,"Varm choklad m. mjölk fett 0,5%",Fettsyra 4:0-10:0,Mjölkdryck chokladdryck milkshake smothie m yoghurt,0.1,g
158,"Varm choklad m. mjölk fett 0,5%",DHA (C22:6),Mjölkdryck chokladdryck milkshake smothie m yoghurt,0.0,g
158,"Varm choklad m. mjölk fett 0,5%",DPA (C22:5),Mjölkdryck chokladdryck milkshake smothie m yoghurt,0.0,g
158,"Varm choklad m. mjölk fett 0,5%",EPA (C20:5),Mjölkdryck chokladdryck milkshake smothie m yoghurt,0.0,g
158,"Varm choklad m. mjölk fett 0,5%",Arakidonsyra C20:4,Mjölkdryck chokladdryck milkshake smothie m yoghurt,0.0,g
158,"Varm choklad m. mjölk fett 0,5%",Arakidinsyra C20:0,Mjölkdryck chokladdryck milkshake smothie m yoghurt,0.0,g
158,"Varm choklad m. mjölk fett 0,5%",Linolensyra C18:3,Mjölkdryck chokladdryck milkshake smothie m yoghurt,0.0,g
158,"Varm choklad m. mjölk fett 0,5%",Linolsyra C18:2,Mjölkdryck chokladdryck milkshake smothie m yoghurt,0.0,g
158,"Varm choklad m. mjölk fett 0,5%",Oljesyra C18:1,Mjölkdryck chokladdryck milkshake smothie m yoghurt,0.1,g
158,"Varm choklad m. mjölk fett 0,5%",Stearinsyra C18:0,Mjölkdryck chokladdryck milkshake smothie m yoghurt,0.1,g
158,"Varm choklad m. mjölk fett 0,5%",Palmitoljesyra C16:1,Mjölkdryck chokladdryck milkshake smothie m yoghurt,0.0,g
158,"Varm choklad m. mjölk fett 0,5%",Palmitinsyra C16:0,Mjölkdryck chokladdryck milkshake smothie m yoghurt,0.2,g
158,"Varm choklad m. mjölk fett 0,5%",Myristinsyra C14:0,Mjölkdryck chokladdryck milkshake smothie m yoghurt,0.1,g
158,"Varm choklad m. mjölk fett 0,5%",Laurinsyra C12:0,Mjölkdryck chokladdryck milkshake smothie m yoghurt,0.0,g
158,"Varm choklad m. mjölk fett 0,5%",Betakaroten/β-Karoten,Mjölkdryck chokladdryck milkshake smothie m yoghurt,3.0,µg
158,"Varm choklad m. mjölk fett 0,5%",Avfall (skal etc.),Mjölkdryck chokladdryck milkshake smothie m yoghurt,0.0,%
158,"Varm choklad m. mjölk fett 0,5%",Aska,Mjölkdryck chokladdryck milkshake smothie m yoghurt,0.9,g
158,"Varm choklad m. mjölk fett 0,5%",Alkohol,Mjölkdryck chokladdryck milkshake smothie m yoghurt,0.0,g
160,Smoothie m. yoghurt bär banan juice,"Zink, Zn",Mjölkdryck chokladdryck milkshake smothie m yoghurt,0.7,mg
160,Smoothie m. yoghurt bär banan juice,Vitamin E,Mjölkdryck chokladdryck milkshake smothie m yoghurt,0.2,mg
160,Smoothie m. yoghurt bär banan juice,Vitamin D,Mjölkdryck chokladdryck milkshake smothie m yoghurt,0.63,µg
160,Smoothie m. yoghurt bär banan juice,Vitamin C,Mjölkdryck chokladdryck milkshake smothie m yoghurt,4.8,mg
160,Smoothie m. yoghurt bär banan juice,Vitamin B6,Mjölkdryck chokladdryck milkshake smothie m yoghurt,0.1,mg
160,Smoothie m. yoghurt bär banan juice,Vitamin B12,Mjölkdryck chokladdryck milkshake smothie m yoghurt,0.07,µg
160,Smoothie m. yoghurt bär banan juice,Vitamin A,Mjölkdryck chokladdryck milkshake smothie m yoghurt,8.8,RE/µg
160,Smoothie m. yoghurt bär banan juice,Vatten,Mjölkdryck chokladdryck milkshake smothie m yoghurt,86.3,g
160,Smoothie m. yoghurt bär banan juice,Tiamin,Mjölkdryck chokladdryck milkshake smothie m yoghurt,0.05,mg
160,Smoothie m. yoghurt bär banan juice,Tillsatt socker,Mjölkdryck chokladdryck milkshake smothie m yoghurt,0.0,g
160,Smoothie m. yoghurt bär banan juice,Fritt socker,Mjölkdryck chokladdryck milkshake smothie m yoghurt,0.0,g
160,Smoothie m. yoghurt bär banan juice,"Selen, Se",Mjölkdryck chokladdryck milkshake smothie m yoghurt,0.5,µg
160,Smoothie m. yoghurt bär banan juice,Sackaros,Mjölkdryck chokladdryck milkshake smothie m yoghurt,0.6,g
160,Smoothie m. yoghurt bär banan juice,Riboflavin,Mjölkdryck chokladdryck milkshake smothie m yoghurt,0.1,mg
160,Smoothie m. yoghurt bär banan juice,Retinol,Mjölkdryck chokladdryck milkshake smothie m yoghurt,7.2,µg
160,Smoothie m. yoghurt bär banan juice,Protein,Mjölkdryck chokladdryck milkshake smothie m yoghurt,2.6,g
160,Smoothie m. yoghurt bär banan juice,Summa fleromättade fettsyror,Mjölkdryck chokladdryck milkshake smothie m yoghurt,0.1,g
160,Smoothie m. yoghurt bär banan juice,"Fosfor, P",Mjölkdryck chokladdryck milkshake smothie m yoghurt,68.0,mg
160,Smoothie m. yoghurt bär banan juice,Niacinekvivalenter,Mjölkdryck chokladdryck milkshake smothie m yoghurt,0.87,NE/mg
160,Smoothie m. yoghurt bär banan juice,Niacin,Mjölkdryck chokladdryck milkshake smothie m yoghurt,0.28,mg
160,Smoothie m. yoghurt bär banan juice,"Salt, NaCl",Mjölkdryck chokladdryck milkshake smothie m yoghurt,0.1,g
160,Smoothie m. yoghurt bär banan juice,"Natrium, Na",Mjölkdryck chokladdryck milkshake smothie m yoghurt,26.0,mg
160,Smoothie m. yoghurt bär banan juice,Monosackarider,Mjölkdryck chokladdryck milkshake smothie m yoghurt,3.9,g
160,Smoothie m. yoghurt bär banan juice,"Sockerarter, totalt",Mjölkdryck chokladdryck milkshake smothie m yoghurt,6.4,g
160,Smoothie m. yoghurt bär banan juice,Summa enkelomättade fettsyror,Mjölkdryck chokladdryck milkshake smothie m yoghurt,0.2,g
160,Smoothie m. yoghurt bär banan juice,"Magnesium, Mg",Mjölkdryck chokladdryck milkshake smothie m yoghurt,16.0,mg
160,Smoothie m. yoghurt bär banan juice,Summa mättade fettsyror,Mjölkdryck chokladdryck milkshake smothie m yoghurt,0.7,g
160,Smoothie m. yoghurt bär banan juice,"Kolhydrater, tillgängliga",Mjölkdryck chokladdryck milkshake smothie m yoghurt,8.4,g
160,Smoothie m. yoghurt bär banan juice,Kolesterol,Mjölkdryck chokladdryck milkshake smothie m yoghurt,4.5,mg
160,Smoothie m. yoghurt bär banan juice,"Kalium, K",Mjölkdryck chokladdryck milkshake smothie m yoghurt,190.0,mg
160,Smoothie m. yoghurt bär banan juice,"Jod, I",Mjölkdryck chokladdryck milkshake smothie m yoghurt,9.9,µg
160,Smoothie m. yoghurt bär banan juice,Fullkorn totalt,Mjölkdryck chokladdryck milkshake smothie m yoghurt,0.0,g
160,Smoothie m. yoghurt bär banan juice,"Folat, totalt",Mjölkdryck chokladdryck milkshake smothie m yoghurt,15.9,µg
160,Smoothie m. yoghurt bär banan juice,Fibrer,Mjölkdryck chokladdryck milkshake smothie m yoghurt,0.9,g
160,Smoothie m. yoghurt bär banan juice,"Fett, totalt",Mjölkdryck chokladdryck milkshake smothie m yoghurt,1.1,g
160,Smoothie m. yoghurt bär banan juice,"Järn, Fe",Mjölkdryck chokladdryck milkshake smothie m yoghurt,0.2,mg
160,Smoothie m. yoghurt bär banan juice,Energi (kJ),Mjölkdryck chokladdryck milkshake smothie m yoghurt,235.0,kJ
160,Smoothie m. yoghurt bär banan juice,Energi (kcal),Mjölkdryck chokladdryck milkshake smothie m yoghurt,56.0,kcal
160,Smoothie m. yoghurt bär banan juice,Disackarider,Mjölkdryck chokladdryck milkshake smothie m yoghurt,2.5,g
160,Smoothie m. yoghurt bär banan juice,"Kalcium, Ca",Mjölkdryck chokladdryck milkshake smothie m yoghurt,83.0,mg
160,Smoothie m. yoghurt bär banan juice,Fettsyra 4:0-10:0,Mjölkdryck chokladdryck milkshake smothie m yoghurt,0.1,g
160,Smoothie m. yoghurt bär banan juice,DHA (C22:6),Mjölkdryck chokladdryck milkshake smothie m yoghurt,0.0,g
160,Smoothie m. yoghurt bär banan juice,DPA (C22:5),Mjölkdryck chokladdryck milkshake smothie m yoghurt,0.0,g
160,Smoothie m. yoghurt bär banan juice,EPA (C20:5),Mjölkdryck chokladdryck milkshake smothie m yoghurt,0.0,g
160,Smoothie m. yoghurt bär banan juice,Arakidonsyra C20:4,Mjölkdryck chokladdryck milkshake smothie m yoghurt,0.0,g
160,Smoothie m. yoghurt bär banan juice,Arakidinsyra C20:0,Mjölkdryck chokladdryck milkshake smothie m yoghurt,0.0,g
160,Smoothie m. yoghurt bär banan juice,Linolensyra C18:3,Mjölkdryck chokladdryck milkshake smothie m yoghurt,0.0,g
160,Smoothie m. yoghurt bär banan juice,Linolsyra C18:2,Mjölkdryck chokladdryck milkshake smothie m yoghurt,0.1,g
160,Smoothie m. yoghurt bär banan juice,Oljesyra C18:1,Mjölkdryck chokladdryck milkshake smothie m yoghurt,0.2,g
160,Smoothie m. yoghurt bär banan juice,Stearinsyra C18:0,Mjölkdryck chokladdryck milkshake smothie m yoghurt,0.1,g
160,Smoothie m. yoghurt bär banan juice,Palmitoljesyra C16:1,Mjölkdryck chokladdryck milkshake smothie m yoghurt,0.0,g
160,Smoothie m. yoghurt bär banan juice,Palmitinsyra C16:0,Mjölkdryck chokladdryck milkshake smothie m yoghurt,0.3,g
160,Smoothie m. yoghurt bär banan juice,Myristinsyra C14:0,Mjölkdryck chokladdryck milkshake smothie m yoghurt,0.1,g
160,Smoothie m. yoghurt bär banan juice,Laurinsyra C12:0,Mjölkdryck chokladdryck milkshake smothie m yoghurt,0.0,g
160,Smoothie m. yoghurt bär banan juice,Betakaroten/β-Karoten,Mjölkdryck chokladdryck milkshake smothie m yoghurt,16.0,µg
160,Smoothie m. yoghurt bär banan juice,Avfall (skal etc.),Mjölkdryck chokladdryck milkshake smothie m yoghurt,8.0,%
160,Smoothie m. yoghurt bär banan juice,Aska,Mjölkdryck chokladdryck milkshake smothie m yoghurt,0.8,g
160,Smoothie m. yoghurt bär banan juice,Alkohol,Mjölkdryck chokladdryck milkshake smothie m yoghurt,0.0,g
162,"Hårt bröd fullkorn råg fibrer 15,5% typ Husman","Zink, Zn",Hårt bröd ,2.3,mg
162,"Hårt bröd fullkorn råg fibrer 15,5% typ Husman",Vitamin E,Hårt bröd ,0.7,mg
162,"Hårt bröd fullkorn råg fibrer 15,5% typ Husman",Vitamin D inkl 25-OH-D3,Hårt bröd ,0.0,µg
162,"Hårt bröd fullkorn råg fibrer 15,5% typ Husman",Vitamin D,Hårt bröd ,0.0,µg
162,"Hårt bröd fullkorn råg fibrer 15,5% typ Husman",Vitamin C,Hårt bröd ,0.0,mg
162,"Hårt bröd fullkorn råg fibrer 15,5% typ Husman",Vitamin B6,Hårt bröd ,0.26,mg
162,"Hårt bröd fullkorn råg fibrer 15,5% typ Husman",Vitamin B12,Hårt bröd ,0.0,µg
162,"Hårt bröd fullkorn råg fibrer 15,5% typ Husman",Vitamin A,Hårt bröd ,0.0,RE/µg
162,"Hårt bröd fullkorn råg fibrer 15,5% typ Husman",Vatten,Hårt bröd ,5.2,g
162,"Hårt bröd fullkorn råg fibrer 15,5% typ Husman",Tiamin,Hårt bröd ,0.22,mg
162,"Hårt bröd fullkorn råg fibrer 15,5% typ Husman",Tillsatt socker,Hårt bröd ,0.0,g
162,"Hårt bröd fullkorn råg fibrer 15,5% typ Husman",Fritt socker,Hårt bröd ,0.0,g
162,"Hårt bröd fullkorn råg fibrer 15,5% typ Husman","Selen, Se",Hårt bröd ,2.3,µg
162,"Hårt bröd fullkorn råg fibrer 15,5% typ Husman",Sackaros,Hårt bröd ,0.2,g
162,"Hårt bröd fullkorn råg fibrer 15,5% typ Husman",Riboflavin,Hårt bröd ,0.1,mg
162,"Hårt bröd fullkorn råg fibrer 15,5% typ Husman",Retinol,Hårt bröd ,0.0,µg
162,"Hårt bröd fullkorn råg fibrer 15,5% typ Husman",Protein,Hårt bröd ,10.0,g
162,"Hårt bröd fullkorn råg fibrer 15,5% typ Husman",Summa fleromättade fettsyror,Hårt bröd ,1.1,g
162,"Hårt bröd fullkorn råg fibrer 15,5% typ Husman","Fosfor, P",Hårt bröd ,325.0,mg
162,"Hårt bröd fullkorn råg fibrer 15,5% typ Husman",Niacinekvivalenter,Hårt bröd ,2.64,NE/mg
162,"Hårt bröd fullkorn råg fibrer 15,5% typ Husman",Niacin,Hårt bröd ,0.97,mg
162,"Hårt bröd fullkorn råg fibrer 15,5% typ Husman","Salt, NaCl",Hårt bröd ,1.0,g
162,"Hårt bröd fullkorn råg fibrer 15,5% typ Husman","Natrium, Na",Hårt bröd ,400.0,mg
162,"Hårt bröd fullkorn råg fibrer 15,5% typ Husman",Monosackarider,Hårt bröd ,0.5,g
162,"Hårt bröd fullkorn råg fibrer 15,5% typ Husman","Sockerarter, totalt",Hårt bröd ,1.4,g
162,"Hårt bröd fullkorn råg fibrer 15,5% typ Husman",Summa enkelomättade fettsyror,Hårt bröd ,0.3,g
162,"Hårt bröd fullkorn råg fibrer 15,5% typ Husman","Magnesium, Mg",Hårt bröd ,100.0,mg
162,"Hårt bröd fullkorn råg fibrer 15,5% typ Husman",Summa mättade fettsyror,Hårt bröd ,0.3,g
162,"Hårt bröd fullkorn råg fibrer 15,5% typ Husman","Kolhydrater, tillgängliga",Hårt bröd ,64.4,g
162,"Hårt bröd fullkorn råg fibrer 15,5% typ Husman",Kolesterol,Hårt bröd ,0.0,mg
162,"Hårt bröd fullkorn råg fibrer 15,5% typ Husman","Kalium, K",Hårt bröd ,500.0,mg
162,"Hårt bröd fullkorn råg fibrer 15,5% typ Husman","Jod, I",Hårt bröd ,6.8,µg
162,"Hårt bröd fullkorn råg fibrer 15,5% typ Husman",Fullkorn totalt,Hårt bröd ,100.0,g
162,"Hårt bröd fullkorn råg fibrer 15,5% typ Husman","Folat, totalt",Hårt bröd ,74.5,µg
162,"Hårt bröd fullkorn råg fibrer 15,5% typ Husman",Fibrer,Hårt bröd ,15.5,g
162,"Hårt bröd fullkorn råg fibrer 15,5% typ Husman","Fett, totalt",Hårt bröd ,2.5,g
162,"Hårt bröd fullkorn råg fibrer 15,5% typ Husman","Järn, Fe",Hårt bröd ,2.5,mg
162,"Hårt bröd fullkorn råg fibrer 15,5% typ Husman",Energi (kJ),Hårt bröd ,1481.0,kJ
162,"Hårt bröd fullkorn råg fibrer 15,5% typ Husman",Energi (kcal),Hårt bröd ,354.0,kcal
162,"Hårt bröd fullkorn råg fibrer 15,5% typ Husman",Disackarider,Hårt bröd ,0.9,g
162,"Hårt bröd fullkorn råg fibrer 15,5% typ Husman","Kalcium, Ca",Hårt bröd ,40.0,mg
162,"Hårt bröd fullkorn råg fibrer 15,5% typ Husman",Fettsyra 4:0-10:0,Hårt bröd ,0.0,g
162,"Hårt bröd fullkorn råg fibrer 15,5% typ Husman",DHA (C22:6),Hårt bröd ,0.0,g
162,"Hårt bröd fullkorn råg fibrer 15,5% typ Husman",DPA (C22:5),Hårt bröd ,0.0,g
162,"Hårt bröd fullkorn råg fibrer 15,5% typ Husman",EPA (C20:5),Hårt bröd ,0.0,g
162,"Hårt bröd fullkorn råg fibrer 15,5% typ Husman",Arakidonsyra C20:4,Hårt bröd ,0.0,g
162,"Hårt bröd fullkorn råg fibrer 15,5% typ Husman",Arakidinsyra C20:0,Hårt bröd ,0.0,g
162,"Hårt bröd fullkorn råg fibrer 15,5% typ Husman",Linolensyra C18:3,Hårt bröd ,0.1,g
162,"Hårt bröd fullkorn råg fibrer 15,5% typ Husman",Linolsyra C18:2,Hårt bröd ,1.0,g
162,"Hårt bröd fullkorn råg fibrer 15,5% typ Husman",Oljesyra C18:1,Hårt bröd ,0.3,g
162,"Hårt bröd fullkorn råg fibrer 15,5% typ Husman",Stearinsyra C18:0,Hårt bröd ,0.0,g
162,"Hårt bröd fullkorn råg fibrer 15,5% typ Husman",Palmitoljesyra C16:1,Hårt bröd ,0.0,g
162,"Hårt bröd fullkorn råg fibrer 15,5% typ Husman",Palmitinsyra C16:0,Hårt bröd ,0.3,g
162,"Hårt bröd fullkorn råg fibrer 15,5% typ Husman",Myristinsyra C14:0,Hårt bröd ,0.0,g
162,"Hårt bröd fullkorn råg fibrer 15,5% typ Husman",Laurinsyra C12:0,Hårt bröd ,0.0,g
162,"Hårt bröd fullkorn råg fibrer 15,5% typ Husman",Betakaroten/β-Karoten,Hårt bröd ,0.0,µg
162,"Hårt bröd fullkorn råg fibrer 15,5% typ Husman",Avfall (skal etc.),Hårt bröd ,0.0,%
162,"Hårt bröd fullkorn råg fibrer 15,5% typ Husman",Aska,Hårt bröd ,2.4,g
162,"Hårt bröd fullkorn råg fibrer 15,5% typ Husman",Alkohol,Hårt bröd ,0.0,g
163,Hårt bröd fullkorn råg fibrer ca 18% typ Ryvita mörkt,"Zink, Zn",Hårt bröd ,2.3,mg
163,Hårt bröd fullkorn råg fibrer ca 18% typ Ryvita mörkt,Vitamin E,Hårt bröd ,0.7,mg
163,Hårt bröd fullkorn råg fibrer ca 18% typ Ryvita mörkt,Vitamin D inkl 25-OH-D3,Hårt bröd ,0.0,µg
163,Hårt bröd fullkorn råg fibrer ca 18% typ Ryvita mörkt,Vitamin D,Hårt bröd ,0.0,µg
163,Hårt bröd fullkorn råg fibrer ca 18% typ Ryvita mörkt,Vitamin C,Hårt bröd ,0.0,mg
163,Hårt bröd fullkorn råg fibrer ca 18% typ Ryvita mörkt,Vitamin B6,Hårt bröd ,0.3,mg
163,Hårt bröd fullkorn råg fibrer ca 18% typ Ryvita mörkt,Vitamin B12,Hårt bröd ,0.0,µg
163,Hårt bröd fullkorn råg fibrer ca 18% typ Ryvita mörkt,Vitamin A,Hårt bröd ,0.0,RE/µg
163,Hårt bröd fullkorn råg fibrer ca 18% typ Ryvita mörkt,Vatten,Hårt bröd ,5.4,g
163,Hårt bröd fullkorn råg fibrer ca 18% typ Ryvita mörkt,Tiamin,Hårt bröd ,0.13,mg
163,Hårt bröd fullkorn råg fibrer ca 18% typ Ryvita mörkt,Tillsatt socker,Hårt bröd ,0.0,g
163,Hårt bröd fullkorn råg fibrer ca 18% typ Ryvita mörkt,Fritt socker,Hårt bröd ,0.0,g
163,Hårt bröd fullkorn råg fibrer ca 18% typ Ryvita mörkt,"Selen, Se",Hårt bröd ,5.5,µg
163,Hårt bröd fullkorn råg fibrer ca 18% typ Ryvita mörkt,Sackaros,Hårt bröd ,1.0,g
163,Hårt bröd fullkorn råg fibrer ca 18% typ Ryvita mörkt,Riboflavin,Hårt bröd ,0.11,mg
163,Hårt bröd fullkorn råg fibrer ca 18% typ Ryvita mörkt,Retinol,Hårt bröd ,0.0,µg
163,Hårt bröd fullkorn råg fibrer ca 18% typ Ryvita mörkt,Protein,Hårt bröd ,14.6,g
163,Hårt bröd fullkorn råg fibrer ca 18% typ Ryvita mörkt,Summa fleromättade fettsyror,Hårt bröd ,1.2,g
163,Hårt bröd fullkorn råg fibrer ca 18% typ Ryvita mörkt,"Fosfor, P",Hårt bröd ,350.0,mg
163,Hårt bröd fullkorn råg fibrer ca 18% typ Ryvita mörkt,Niacinekvivalenter,Hårt bröd ,3.3,NE/mg
163,Hårt bröd fullkorn råg fibrer ca 18% typ Ryvita mörkt,Niacin,Hårt bröd ,0.91,mg
163,Hårt bröd fullkorn råg fibrer ca 18% typ Ryvita mörkt,"Salt, NaCl",Hårt bröd ,0.8,g
163,Hårt bröd fullkorn råg fibrer ca 18% typ Ryvita mörkt,"Natrium, Na",Hårt bröd ,300.0,mg
163,Hårt bröd fullkorn råg fibrer ca 18% typ Ryvita mörkt,Monosackarider,Hårt bröd ,0.2,g
163,Hårt bröd fullkorn råg fibrer ca 18% typ Ryvita mörkt,"Sockerarter, totalt",Hårt bröd ,1.8,g
163,Hårt bröd fullkorn råg fibrer ca 18% typ Ryvita mörkt,Summa enkelomättade fettsyror,Hårt bröd ,0.3,g
163,Hårt bröd fullkorn råg fibrer ca 18% typ Ryvita mörkt,"Magnesium, Mg",Hårt bröd ,78.0,mg
163,Hårt bröd fullkorn råg fibrer ca 18% typ Ryvita mörkt,Summa mättade fettsyror,Hårt bröd ,0.3,g
163,Hårt bröd fullkorn råg fibrer ca 18% typ Ryvita mörkt,"Kolhydrater, tillgängliga",Hårt bröd ,57.6,g
163,Hårt bröd fullkorn råg fibrer ca 18% typ Ryvita mörkt,Kolesterol,Hårt bröd ,0.0,mg
163,Hårt bröd fullkorn råg fibrer ca 18% typ Ryvita mörkt,"Kalium, K",Hårt bröd ,505.0,mg
163,Hårt bröd fullkorn råg fibrer ca 18% typ Ryvita mörkt,"Jod, I",Hårt bröd ,11.0,µg
163,Hårt bröd fullkorn råg fibrer ca 18% typ Ryvita mörkt,Fullkorn totalt,Hårt bröd ,100.0,g
163,Hårt bröd fullkorn råg fibrer ca 18% typ Ryvita mörkt,"Folat, totalt",Hårt bröd ,37.3,µg
163,Hårt bröd fullkorn råg fibrer ca 18% typ Ryvita mörkt,Fibrer,Hårt bröd ,17.6,g
163,Hårt bröd fullkorn råg fibrer ca 18% typ Ryvita mörkt,"Fett, totalt",Hårt bröd ,2.5,g
163,Hårt bröd fullkorn råg fibrer ca 18% typ Ryvita mörkt,"Järn, Fe",Hårt bröd ,3.0,mg
163,Hårt bröd fullkorn råg fibrer ca 18% typ Ryvita mörkt,Energi (kJ),Hårt bröd ,1460.0,kJ
163,Hårt bröd fullkorn råg fibrer ca 18% typ Ryvita mörkt,Energi (kcal),Hårt bröd ,349.0,kcal
163,Hårt bröd fullkorn råg fibrer ca 18% typ Ryvita mörkt,Disackarider,Hårt bröd ,1.6,g
163,Hårt bröd fullkorn råg fibrer ca 18% typ Ryvita mörkt,"Kalcium, Ca",Hårt bröd ,43.0,mg
163,Hårt bröd fullkorn råg fibrer ca 18% typ Ryvita mörkt,Fettsyra 4:0-10:0,Hårt bröd ,0.0,g
163,Hårt bröd fullkorn råg fibrer ca 18% typ Ryvita mörkt,DHA (C22:6),Hårt bröd ,0.0,g
163,Hårt bröd fullkorn råg fibrer ca 18% typ Ryvita mörkt,DPA (C22:5),Hårt bröd ,0.0,g
163,Hårt bröd fullkorn råg fibrer ca 18% typ Ryvita mörkt,EPA (C20:5),Hårt bröd ,0.0,g
163,Hårt bröd fullkorn råg fibrer ca 18% typ Ryvita mörkt,Arakidonsyra C20:4,Hårt bröd ,0.0,g
163,Hårt bröd fullkorn råg fibrer ca 18% typ Ryvita mörkt,Arakidinsyra C20:0,Hårt bröd ,0.0,g
163,Hårt bröd fullkorn råg fibrer ca 18% typ Ryvita mörkt,Linolensyra C18:3,Hårt bröd ,0.2,g
163,Hårt bröd fullkorn råg fibrer ca 18% typ Ryvita mörkt,Linolsyra C18:2,Hårt bröd ,1.0,g
163,Hårt bröd fullkorn råg fibrer ca 18% typ Ryvita mörkt,Oljesyra C18:1,Hårt bröd ,0.2,g
163,Hårt bröd fullkorn råg fibrer ca 18% typ Ryvita mörkt,Stearinsyra C18:0,Hårt bröd ,0.0,g
163,Hårt bröd fullkorn råg fibrer ca 18% typ Ryvita mörkt,Palmitoljesyra C16:1,Hårt bröd ,0.0,g
163,Hårt bröd fullkorn råg fibrer ca 18% typ Ryvita mörkt,Palmitinsyra C16:0,Hårt bröd ,0.3,g
163,Hårt bröd fullkorn råg fibrer ca 18% typ Ryvita mörkt,Myristinsyra C14:0,Hårt bröd ,0.0,g
163,Hårt bröd fullkorn råg fibrer ca 18% typ Ryvita mörkt,Laurinsyra C12:0,Hårt bröd ,0.0,g
163,Hårt bröd fullkorn råg fibrer ca 18% typ Ryvita mörkt,Betakaroten/β-Karoten,Hårt bröd ,0.0,µg
163,Hårt bröd fullkorn råg fibrer ca 18% typ Ryvita mörkt,Avfall (skal etc.),Hårt bröd ,0.0,%
163,Hårt bröd fullkorn råg fibrer ca 18% typ Ryvita mörkt,Aska,Hårt bröd ,2.3,g
163,Hårt bröd fullkorn råg fibrer ca 18% typ Ryvita mörkt,Alkohol,Hårt bröd ,0.0,g
164,"Hårt bröd fullkorn vete m. vallmofrö fibrer 5,5%","Zink, Zn",Hårt bröd ,1.2,mg
164,"Hårt bröd fullkorn vete m. vallmofrö fibrer 5,5%",Vitamin E,Hårt bröd ,0.6,mg
164,"Hårt bröd fullkorn vete m. vallmofrö fibrer 5,5%",Vitamin D,Hårt bröd ,0.25,µg
164,"Hårt bröd fullkorn vete m. vallmofrö fibrer 5,5%",Vitamin C,Hårt bröd ,0.0,mg
164,"Hårt bröd fullkorn vete m. vallmofrö fibrer 5,5%",Vitamin B6,Hårt bröd ,0.31,mg
164,"Hårt bröd fullkorn vete m. vallmofrö fibrer 5,5%",Vitamin B12,Hårt bröd ,0.0,µg
164,"Hårt bröd fullkorn vete m. vallmofrö fibrer 5,5%",Vitamin A,Hårt bröd ,22.6,RE/µg
164,"Hårt bröd fullkorn vete m. vallmofrö fibrer 5,5%",Vatten,Hårt bröd ,5.5,g
164,"Hårt bröd fullkorn vete m. vallmofrö fibrer 5,5%",Tiamin,Hårt bröd ,0.3,mg
164,"Hårt bröd fullkorn vete m. vallmofrö fibrer 5,5%",Tillsatt socker,Hårt bröd ,6.0,g
164,"Hårt bröd fullkorn vete m. vallmofrö fibrer 5,5%",Fritt socker,Hårt bröd ,6.0,g
164,"Hårt bröd fullkorn vete m. vallmofrö fibrer 5,5%","Selen, Se",Hårt bröd ,3.6,µg
164,"Hårt bröd fullkorn vete m. vallmofrö fibrer 5,5%",Sackaros,Hårt bröd ,0.2,g
164,"Hårt bröd fullkorn vete m. vallmofrö fibrer 5,5%",Riboflavin,Hårt bröd ,0.18,mg
164,"Hårt bröd fullkorn vete m. vallmofrö fibrer 5,5%",Retinol,Hårt bröd ,21.7,µg
164,"Hårt bröd fullkorn vete m. vallmofrö fibrer 5,5%",Protein,Hårt bröd ,11.1,g
164,"Hårt bröd fullkorn vete m. vallmofrö fibrer 5,5%",Summa fleromättade fettsyror,Hårt bröd ,1.8,g
164,"Hårt bröd fullkorn vete m. vallmofrö fibrer 5,5%","Fosfor, P",Hårt bröd ,170.0,mg
164,"Hårt bröd fullkorn vete m. vallmofrö fibrer 5,5%",Niacinekvivalenter,Hårt bröd ,6.65,NE/mg
164,"Hårt bröd fullkorn vete m. vallmofrö fibrer 5,5%",Niacin,Hårt bröd ,4.81,mg
164,"Hårt bröd fullkorn vete m. vallmofrö fibrer 5,5%","Salt, NaCl",Hårt bröd ,1.1,g
164,"Hårt bröd fullkorn vete m. vallmofrö fibrer 5,5%","Natrium, Na",Hårt bröd ,425.0,mg
164,"Hårt bröd fullkorn vete m. vallmofrö fibrer 5,5%",Monosackarider,Hårt bröd ,3.3,g
164,"Hårt bröd fullkorn vete m. vallmofrö fibrer 5,5%","Sockerarter, totalt",Hårt bröd ,5.6,g
164,"Hårt bröd fullkorn vete m. vallmofrö fibrer 5,5%",Summa enkelomättade fettsyror,Hårt bröd ,2.4,g
164,"Hårt bröd fullkorn vete m. vallmofrö fibrer 5,5%","Magnesium, Mg",Hårt bröd ,34.0,mg
164,"Hårt bröd fullkorn vete m. vallmofrö fibrer 5,5%",Summa mättade fettsyror,Hårt bröd ,0.6,g
164,"Hårt bröd fullkorn vete m. vallmofrö fibrer 5,5%","Kolhydrater, tillgängliga",Hårt bröd ,68.9,g
164,"Hårt bröd fullkorn vete m. vallmofrö fibrer 5,5%",Kolesterol,Hårt bröd ,1.0,mg
164,"Hårt bröd fullkorn vete m. vallmofrö fibrer 5,5%","Kalium, K",Hårt bröd ,260.0,mg
164,"Hårt bröd fullkorn vete m. vallmofrö fibrer 5,5%","Jod, I",Hårt bröd ,11.0,µg
164,"Hårt bröd fullkorn vete m. vallmofrö fibrer 5,5%",Fullkorn totalt,Hårt bröd ,14.0,g
164,"Hårt bröd fullkorn vete m. vallmofrö fibrer 5,5%","Folat, totalt",Hårt bröd ,66.5,µg
164,"Hårt bröd fullkorn vete m. vallmofrö fibrer 5,5%",Fibrer,Hårt bröd ,5.5,g
164,"Hårt bröd fullkorn vete m. vallmofrö fibrer 5,5%","Fett, totalt",Hårt bröd ,7.1,g
164,"Hårt bröd fullkorn vete m. vallmofrö fibrer 5,5%","Järn, Fe",Hårt bröd ,1.7,mg
164,"Hårt bröd fullkorn vete m. vallmofrö fibrer 5,5%",Energi (kJ),Hårt bröd ,1667.0,kJ
164,"Hårt bröd fullkorn vete m. vallmofrö fibrer 5,5%",Energi (kcal),Hårt bröd ,398.0,kcal
164,"Hårt bröd fullkorn vete m. vallmofrö fibrer 5,5%",Disackarider,Hårt bröd ,2.3,g
164,"Hårt bröd fullkorn vete m. vallmofrö fibrer 5,5%","Kalcium, Ca",Hårt bröd ,62.0,mg
164,"Hårt bröd fullkorn vete m. vallmofrö fibrer 5,5%",Fettsyra 4:0-10:0,Hårt bröd ,0.0,g
164,"Hårt bröd fullkorn vete m. vallmofrö fibrer 5,5%",DHA (C22:6),Hårt bröd ,0.0,g
164,"Hårt bröd fullkorn vete m. vallmofrö fibrer 5,5%",DPA (C22:5),Hårt bröd ,0.0,g
164,"Hårt bröd fullkorn vete m. vallmofrö fibrer 5,5%",EPA (C20:5),Hårt bröd ,0.0,g
164,"Hårt bröd fullkorn vete m. vallmofrö fibrer 5,5%",Arakidonsyra C20:4,Hårt bröd ,0.0,g
164,"Hårt bröd fullkorn vete m. vallmofrö fibrer 5,5%",Arakidinsyra C20:0,Hårt bröd ,0.0,g
164,"Hårt bröd fullkorn vete m. vallmofrö fibrer 5,5%",Linolensyra C18:3,Hårt bröd ,0.4,g
164,"Hårt bröd fullkorn vete m. vallmofrö fibrer 5,5%",Linolsyra C18:2,Hårt bröd ,1.4,g
164,"Hårt bröd fullkorn vete m. vallmofrö fibrer 5,5%",Oljesyra C18:1,Hårt bröd ,2.3,g
164,"Hårt bröd fullkorn vete m. vallmofrö fibrer 5,5%",Stearinsyra C18:0,Hårt bröd ,0.2,g
164,"Hårt bröd fullkorn vete m. vallmofrö fibrer 5,5%",Palmitoljesyra C16:1,Hårt bröd ,0.0,g
164,"Hårt bröd fullkorn vete m. vallmofrö fibrer 5,5%",Palmitinsyra C16:0,Hårt bröd ,0.4,g
164,"Hårt bröd fullkorn vete m. vallmofrö fibrer 5,5%",Myristinsyra C14:0,Hårt bröd ,0.0,g
164,"Hårt bröd fullkorn vete m. vallmofrö fibrer 5,5%",Laurinsyra C12:0,Hårt bröd ,0.0,g
164,"Hårt bröd fullkorn vete m. vallmofrö fibrer 5,5%",Betakaroten/β-Karoten,Hårt bröd ,7.0,µg
164,"Hårt bröd fullkorn vete m. vallmofrö fibrer 5,5%",Avfall (skal etc.),Hårt bröd ,0.0,%
164,"Hårt bröd fullkorn vete m. vallmofrö fibrer 5,5%",Aska,Hårt bröd ,1.9,g
164,"Hårt bröd fullkorn vete m. vallmofrö fibrer 5,5%",Alkohol,Hårt bröd ,0.0,g
165,"Hårt bröd fullkorn råg fibrer 14,5% typ Vika","Zink, Zn",Hårt bröd ,2.4,mg
165,"Hårt bröd fullkorn råg fibrer 14,5% typ Vika",Vitamin E,Hårt bröd ,0.7,mg
165,"Hårt bröd fullkorn råg fibrer 14,5% typ Vika",Vitamin D inkl 25-OH-D3,Hårt bröd ,0.0,µg
165,"Hårt bröd fullkorn råg fibrer 14,5% typ Vika",Vitamin D,Hårt bröd ,0.0,µg
165,"Hårt bröd fullkorn råg fibrer 14,5% typ Vika",Vitamin C,Hårt bröd ,0.0,mg
165,"Hårt bröd fullkorn råg fibrer 14,5% typ Vika",Vitamin B6,Hårt bröd ,0.3,mg
165,"Hårt bröd fullkorn råg fibrer 14,5% typ Vika",Vitamin B12,Hårt bröd ,0.0,µg
165,"Hårt bröd fullkorn råg fibrer 14,5% typ Vika",Vitamin A,Hårt bröd ,0.0,RE/µg
165,"Hårt bröd fullkorn råg fibrer 14,5% typ Vika",Vatten,Hårt bröd ,7.2,g
165,"Hårt bröd fullkorn råg fibrer 14,5% typ Vika",Tiamin,Hårt bröd ,0.24,mg
165,"Hårt bröd fullkorn råg fibrer 14,5% typ Vika",Tillsatt socker,Hårt bröd ,0.0,g
165,"Hårt bröd fullkorn råg fibrer 14,5% typ Vika",Fritt socker,Hårt bröd ,0.0,g
165,"Hårt bröd fullkorn råg fibrer 14,5% typ Vika","Selen, Se",Hårt bröd ,9.8,µg
165,"Hårt bröd fullkorn råg fibrer 14,5% typ Vika",Sackaros,Hårt bröd ,0.2,g
165,"Hårt bröd fullkorn råg fibrer 14,5% typ Vika",Riboflavin,Hårt bröd ,0.14,mg
165,"Hårt bröd fullkorn råg fibrer 14,5% typ Vika",Retinol,Hårt bröd ,0.0,µg
165,"Hårt bröd fullkorn råg fibrer 14,5% typ Vika",Protein,Hårt bröd ,9.6,g
165,"Hårt bröd fullkorn råg fibrer 14,5% typ Vika",Summa fleromättade fettsyror,Hårt bröd ,1.0,g
165,"Hårt bröd fullkorn råg fibrer 14,5% typ Vika","Fosfor, P",Hårt bröd ,325.0,mg
165,"Hårt bröd fullkorn råg fibrer 14,5% typ Vika",Niacinekvivalenter,Hårt bröd ,3.0,NE/mg
165,"Hårt bröd fullkorn råg fibrer 14,5% typ Vika",Niacin,Hårt bröd ,1.4,mg
165,"Hårt bröd fullkorn råg fibrer 14,5% typ Vika","Salt, NaCl",Hårt bröd ,1.6,g
165,"Hårt bröd fullkorn råg fibrer 14,5% typ Vika","Natrium, Na",Hårt bröd ,650.0,mg
165,"Hårt bröd fullkorn råg fibrer 14,5% typ Vika",Monosackarider,Hårt bröd ,1.3,g
165,"Hårt bröd fullkorn råg fibrer 14,5% typ Vika","Sockerarter, totalt",Hårt bröd ,2.2,g
165,"Hårt bröd fullkorn råg fibrer 14,5% typ Vika",Summa enkelomättade fettsyror,Hårt bröd ,0.3,g
165,"Hårt bröd fullkorn råg fibrer 14,5% typ Vika","Magnesium, Mg",Hårt bröd ,73.0,mg
165,"Hårt bröd fullkorn råg fibrer 14,5% typ Vika",Summa mättade fettsyror,Hårt bröd ,0.3,g
165,"Hårt bröd fullkorn råg fibrer 14,5% typ Vika","Kolhydrater, tillgängliga",Hårt bröd ,63.3,g
165,"Hårt bröd fullkorn råg fibrer 14,5% typ Vika",Kolesterol,Hårt bröd ,0.0,mg
165,"Hårt bröd fullkorn råg fibrer 14,5% typ Vika","Kalium, K",Hårt bröd ,415.0,mg
165,"Hårt bröd fullkorn råg fibrer 14,5% typ Vika","Jod, I",Hårt bröd ,43.0,µg
165,"Hårt bröd fullkorn råg fibrer 14,5% typ Vika",Fullkorn totalt,Hårt bröd ,100.0,g
165,"Hårt bröd fullkorn råg fibrer 14,5% typ Vika","Folat, totalt",Hårt bröd ,63.1,µg
165,"Hårt bröd fullkorn råg fibrer 14,5% typ Vika",Fibrer,Hårt bröd ,14.5,g
165,"Hårt bröd fullkorn råg fibrer 14,5% typ Vika","Fett, totalt",Hårt bröd ,2.4,g
165,"Hårt bröd fullkorn råg fibrer 14,5% typ Vika","Järn, Fe",Hårt bröd ,3.3,mg
165,"Hårt bröd fullkorn råg fibrer 14,5% typ Vika",Energi (kJ),Hårt bröd ,1444.0,kJ
165,"Hårt bröd fullkorn råg fibrer 14,5% typ Vika",Energi (kcal),Hårt bröd ,345.0,kcal
165,"Hårt bröd fullkorn råg fibrer 14,5% typ Vika",Disackarider,Hårt bröd ,0.9,g
165,"Hårt bröd fullkorn råg fibrer 14,5% typ Vika","Kalcium, Ca",Hårt bröd ,40.0,mg
165,"Hårt bröd fullkorn råg fibrer 14,5% typ Vika",Fettsyra 4:0-10:0,Hårt bröd ,0.0,g
165,"Hårt bröd fullkorn råg fibrer 14,5% typ Vika",DHA (C22:6),Hårt bröd ,0.0,g
165,"Hårt bröd fullkorn råg fibrer 14,5% typ Vika",DPA (C22:5),Hårt bröd ,0.0,g
165,"Hårt bröd fullkorn råg fibrer 14,5% typ Vika",EPA (C20:5),Hårt bröd ,0.0,g
165,"Hårt bröd fullkorn råg fibrer 14,5% typ Vika",Arakidonsyra C20:4,Hårt bröd ,0.0,g
165,"Hårt bröd fullkorn råg fibrer 14,5% typ Vika",Arakidinsyra C20:0,Hårt bröd ,0.0,g
165,"Hårt bröd fullkorn råg fibrer 14,5% typ Vika",Linolensyra C18:3,Hårt bröd ,0.1,g
165,"Hårt bröd fullkorn råg fibrer 14,5% typ Vika",Linolsyra C18:2,Hårt bröd ,0.9,g
165,"Hårt bröd fullkorn råg fibrer 14,5% typ Vika",Oljesyra C18:1,Hårt bröd ,0.3,g
165,"Hårt bröd fullkorn råg fibrer 14,5% typ Vika",Stearinsyra C18:0,Hårt bröd ,0.0,g
165,"Hårt bröd fullkorn råg fibrer 14,5% typ Vika",Palmitoljesyra C16:1,Hårt bröd ,0.0,g
165,"Hårt bröd fullkorn råg fibrer 14,5% typ Vika",Palmitinsyra C16:0,Hårt bröd ,0.3,g
165,"Hårt bröd fullkorn råg fibrer 14,5% typ Vika",Myristinsyra C14:0,Hårt bröd ,0.0,g
165,"Hårt bröd fullkorn råg fibrer 14,5% typ Vika",Laurinsyra C12:0,Hårt bröd ,0.0,g
165,"Hårt bröd fullkorn råg fibrer 14,5% typ Vika",Betakaroten/β-Karoten,Hårt bröd ,0.0,µg
165,"Hårt bröd fullkorn råg fibrer 14,5% typ Vika",Avfall (skal etc.),Hårt bröd ,0.0,%
165,"Hårt bröd fullkorn råg fibrer 14,5% typ Vika",Aska,Hårt bröd ,3.0,g
165,"Hårt bröd fullkorn råg fibrer 14,5% typ Vika",Alkohol,Hårt bröd ,0.0,g
166,Hårt bröd fullkorn råg fibrer 16% typ Finn crisp,"Zink, Zn",Hårt bröd ,3.1,mg
166,Hårt bröd fullkorn råg fibrer 16% typ Finn crisp,Vitamin E,Hårt bröd ,0.7,mg
166,Hårt bröd fullkorn råg fibrer 16% typ Finn crisp,Vitamin D inkl 25-OH-D3,Hårt bröd ,0.0,µg
166,Hårt bröd fullkorn råg fibrer 16% typ Finn crisp,Vitamin D,Hårt bröd ,0.0,µg
166,Hårt bröd fullkorn råg fibrer 16% typ Finn crisp,Vitamin C,Hårt bröd ,0.0,mg
166,Hårt bröd fullkorn råg fibrer 16% typ Finn crisp,Vitamin B6,Hårt bröd ,0.36,mg
166,Hårt bröd fullkorn råg fibrer 16% typ Finn crisp,Vitamin B12,Hårt bröd ,0.0,µg
166,Hårt bröd fullkorn råg fibrer 16% typ Finn crisp,Vitamin A,Hårt bröd ,0.0,RE/µg
166,Hårt bröd fullkorn råg fibrer 16% typ Finn crisp,Vatten,Hårt bröd ,5.0,g
166,Hårt bröd fullkorn råg fibrer 16% typ Finn crisp,Tiamin,Hårt bröd ,0.26,mg
166,Hårt bröd fullkorn råg fibrer 16% typ Finn crisp,Tillsatt socker,Hårt bröd ,0.0,g
166,Hårt bröd fullkorn råg fibrer 16% typ Finn crisp,Fritt socker,Hårt bröd ,0.0,g
166,Hårt bröd fullkorn råg fibrer 16% typ Finn crisp,"Selen, Se",Hårt bröd ,24.2,µg
166,Hårt bröd fullkorn råg fibrer 16% typ Finn crisp,Sackaros,Hårt bröd ,0.4,g
166,Hårt bröd fullkorn råg fibrer 16% typ Finn crisp,Riboflavin,Hårt bröd ,0.18,mg
166,Hårt bröd fullkorn råg fibrer 16% typ Finn crisp,Retinol,Hårt bröd ,0.0,µg
166,Hårt bröd fullkorn råg fibrer 16% typ Finn crisp,Protein,Hårt bröd ,11.1,g
166,Hårt bröd fullkorn råg fibrer 16% typ Finn crisp,Summa fleromättade fettsyror,Hårt bröd ,0.9,g
166,Hårt bröd fullkorn råg fibrer 16% typ Finn crisp,"Fosfor, P",Hårt bröd ,390.0,mg
166,Hårt bröd fullkorn råg fibrer 16% typ Finn crisp,Niacinekvivalenter,Hårt bröd ,3.35,NE/mg
166,Hårt bröd fullkorn råg fibrer 16% typ Finn crisp,Niacin,Hårt bröd ,1.5,mg
166,Hårt bröd fullkorn råg fibrer 16% typ Finn crisp,"Salt, NaCl",Hårt bröd ,1.5,g
166,Hårt bröd fullkorn råg fibrer 16% typ Finn crisp,"Natrium, Na",Hårt bröd ,615.0,mg
166,Hårt bröd fullkorn råg fibrer 16% typ Finn crisp,Monosackarider,Hårt bröd ,1.4,g
166,Hårt bröd fullkorn råg fibrer 16% typ Finn crisp,"Sockerarter, totalt",Hårt bröd ,3.2,g
166,Hårt bröd fullkorn råg fibrer 16% typ Finn crisp,Summa enkelomättade fettsyror,Hårt bröd ,0.2,g
166,Hårt bröd fullkorn råg fibrer 16% typ Finn crisp,"Magnesium, Mg",Hårt bröd ,88.0,mg
166,Hårt bröd fullkorn råg fibrer 16% typ Finn crisp,Summa mättade fettsyror,Hårt bröd ,0.3,g
166,Hårt bröd fullkorn råg fibrer 16% typ Finn crisp,"Kolhydrater, tillgängliga",Hårt bröd ,62.8,g
166,Hårt bröd fullkorn råg fibrer 16% typ Finn crisp,Kolesterol,Hårt bröd ,0.0,mg
166,Hårt bröd fullkorn råg fibrer 16% typ Finn crisp,"Kalium, K",Hårt bröd ,520.0,mg
166,Hårt bröd fullkorn råg fibrer 16% typ Finn crisp,"Jod, I",Hårt bröd ,113.0,µg
166,Hårt bröd fullkorn råg fibrer 16% typ Finn crisp,Fullkorn totalt,Hårt bröd ,94.0,g
166,Hårt bröd fullkorn råg fibrer 16% typ Finn crisp,"Folat, totalt",Hårt bröd ,90.2,µg
166,Hårt bröd fullkorn råg fibrer 16% typ Finn crisp,Fibrer,Hårt bröd ,16.0,g
166,Hårt bröd fullkorn råg fibrer 16% typ Finn crisp,"Fett, totalt",Hårt bröd ,2.0,g
166,Hårt bröd fullkorn råg fibrer 16% typ Finn crisp,"Järn, Fe",Hårt bröd ,4.0,mg
166,Hårt bröd fullkorn råg fibrer 16% typ Finn crisp,Energi (kJ),Hårt bröd ,1458.0,kJ
166,Hårt bröd fullkorn råg fibrer 16% typ Finn crisp,Energi (kcal),Hårt bröd ,348.0,kcal
166,Hårt bröd fullkorn råg fibrer 16% typ Finn crisp,Disackarider,Hårt bröd ,1.8,g
166,Hårt bröd fullkorn råg fibrer 16% typ Finn crisp,"Kalcium, Ca",Hårt bröd ,34.0,mg
166,Hårt bröd fullkorn råg fibrer 16% typ Finn crisp,Fettsyra 4:0-10:0,Hårt bröd ,0.0,g
166,Hårt bröd fullkorn råg fibrer 16% typ Finn crisp,DHA (C22:6),Hårt bröd ,0.0,g
166,Hårt bröd fullkorn råg fibrer 16% typ Finn crisp,DPA (C22:5),Hårt bröd ,0.0,g
166,Hårt bröd fullkorn råg fibrer 16% typ Finn crisp,EPA (C20:5),Hårt bröd ,0.0,g
166,Hårt bröd fullkorn råg fibrer 16% typ Finn crisp,Arakidonsyra C20:4,Hårt bröd ,0.0,g
166,Hårt bröd fullkorn råg fibrer 16% typ Finn crisp,Arakidinsyra C20:0,Hårt bröd ,0.0,g
166,Hårt bröd fullkorn råg fibrer 16% typ Finn crisp,Linolensyra C18:3,Hårt bröd ,0.1,g
166,Hårt bröd fullkorn råg fibrer 16% typ Finn crisp,Linolsyra C18:2,Hårt bröd ,0.8,g
166,Hårt bröd fullkorn råg fibrer 16% typ Finn crisp,Oljesyra C18:1,Hårt bröd ,0.2,g
166,Hårt bröd fullkorn råg fibrer 16% typ Finn crisp,Stearinsyra C18:0,Hårt bröd ,0.0,g
166,Hårt bröd fullkorn råg fibrer 16% typ Finn crisp,Palmitoljesyra C16:1,Hårt bröd ,0.0,g
166,Hårt bröd fullkorn råg fibrer 16% typ Finn crisp,Palmitinsyra C16:0,Hårt bröd ,0.2,g
166,Hårt bröd fullkorn råg fibrer 16% typ Finn crisp,Myristinsyra C14:0,Hårt bröd ,0.0,g
166,Hårt bröd fullkorn råg fibrer 16% typ Finn crisp,Laurinsyra C12:0,Hårt bröd ,0.0,g
166,Hårt bröd fullkorn råg fibrer 16% typ Finn crisp,Betakaroten/β-Karoten,Hårt bröd ,0.0,µg
166,Hårt bröd fullkorn råg fibrer 16% typ Finn crisp,Avfall (skal etc.),Hårt bröd ,0.0,%
166,Hårt bröd fullkorn råg fibrer 16% typ Finn crisp,Aska,Hårt bröd ,3.1,g
166,Hårt bröd fullkorn råg fibrer 16% typ Finn crisp,Alkohol,Hårt bröd ,0.0,g
167,Hårt bröd fullkorn råg fibrer ca 15% typ flatbröd,"Zink, Zn",Hårt bröd ,2.9,mg
167,Hårt bröd fullkorn råg fibrer ca 15% typ flatbröd,Vitamin E,Hårt bröd ,0.7,mg
167,Hårt bröd fullkorn råg fibrer ca 15% typ flatbröd,Vitamin D inkl 25-OH-D3,Hårt bröd ,0.0,µg
167,Hårt bröd fullkorn råg fibrer ca 15% typ flatbröd,Vitamin D,Hårt bröd ,0.0,µg
167,Hårt bröd fullkorn råg fibrer ca 15% typ flatbröd,Vitamin C,Hårt bröd ,0.0,mg
167,Hårt bröd fullkorn råg fibrer ca 15% typ flatbröd,Vitamin B6,Hårt bröd ,0.29,mg
167,Hårt bröd fullkorn råg fibrer ca 15% typ flatbröd,Vitamin B12,Hårt bröd ,0.0,µg
167,Hårt bröd fullkorn råg fibrer ca 15% typ flatbröd,Vitamin A,Hårt bröd ,0.0,RE/µg
167,Hårt bröd fullkorn råg fibrer ca 15% typ flatbröd,Vatten,Hårt bröd ,3.3,g
167,Hårt bröd fullkorn råg fibrer ca 15% typ flatbröd,Tiamin,Hårt bröd ,0.21,mg
167,Hårt bröd fullkorn råg fibrer ca 15% typ flatbröd,Tillsatt socker,Hårt bröd ,4.0,g
167,Hårt bröd fullkorn råg fibrer ca 15% typ flatbröd,Fritt socker,Hårt bröd ,4.0,g
167,Hårt bröd fullkorn råg fibrer ca 15% typ flatbröd,"Selen, Se",Hårt bröd ,4.4,µg
167,Hårt bröd fullkorn råg fibrer ca 15% typ flatbröd,Sackaros,Hårt bröd ,2.3,g
167,Hårt bröd fullkorn råg fibrer ca 15% typ flatbröd,Riboflavin,Hårt bröd ,0.11,mg
167,Hårt bröd fullkorn råg fibrer ca 15% typ flatbröd,Retinol,Hårt bröd ,0.0,µg
167,Hårt bröd fullkorn råg fibrer ca 15% typ flatbröd,Protein,Hårt bröd ,9.5,g
167,Hårt bröd fullkorn råg fibrer ca 15% typ flatbröd,Summa fleromättade fettsyror,Hårt bröd ,0.9,g
167,Hårt bröd fullkorn råg fibrer ca 15% typ flatbröd,"Fosfor, P",Hårt bröd ,260.0,mg
167,Hårt bröd fullkorn råg fibrer ca 15% typ flatbröd,Niacinekvivalenter,Hårt bröd ,2.48,NE/mg
167,Hårt bröd fullkorn råg fibrer ca 15% typ flatbröd,Niacin,Hårt bröd ,0.87,mg
167,Hårt bröd fullkorn råg fibrer ca 15% typ flatbröd,"Salt, NaCl",Hårt bröd ,0.5,g
167,Hårt bröd fullkorn råg fibrer ca 15% typ flatbröd,"Natrium, Na",Hårt bröd ,185.0,mg
167,Hårt bröd fullkorn råg fibrer ca 15% typ flatbröd,Monosackarider,Hårt bröd ,1.1,g
167,Hårt bröd fullkorn råg fibrer ca 15% typ flatbröd,"Sockerarter, totalt",Hårt bröd ,4.5,g
167,Hårt bröd fullkorn råg fibrer ca 15% typ flatbröd,Summa enkelomättade fettsyror,Hårt bröd ,0.2,g
167,Hårt bröd fullkorn råg fibrer ca 15% typ flatbröd,"Magnesium, Mg",Hårt bröd ,70.0,mg
167,Hårt bröd fullkorn råg fibrer ca 15% typ flatbröd,Summa mättade fettsyror,Hårt bröd ,0.3,g
167,Hårt bröd fullkorn råg fibrer ca 15% typ flatbröd,"Kolhydrater, tillgängliga",Hårt bröd ,68.0,g
167,Hårt bröd fullkorn råg fibrer ca 15% typ flatbröd,Kolesterol,Hårt bröd ,0.0,mg
167,Hårt bröd fullkorn råg fibrer ca 15% typ flatbröd,"Kalium, K",Hårt bröd ,420.0,mg
167,Hårt bröd fullkorn råg fibrer ca 15% typ flatbröd,"Jod, I",Hårt bröd ,16.0,µg
167,Hårt bröd fullkorn råg fibrer ca 15% typ flatbröd,Fullkorn totalt,Hårt bröd ,93.0,g
167,Hårt bröd fullkorn råg fibrer ca 15% typ flatbröd,"Folat, totalt",Hårt bröd ,31.4,µg
167,Hårt bröd fullkorn råg fibrer ca 15% typ flatbröd,Fibrer,Hårt bröd ,15.4,g
167,Hårt bröd fullkorn råg fibrer ca 15% typ flatbröd,"Fett, totalt",Hårt bröd ,2.0,g
167,Hårt bröd fullkorn råg fibrer ca 15% typ flatbröd,"Järn, Fe",Hårt bröd ,3.3,mg
167,Hårt bröd fullkorn råg fibrer ca 15% typ flatbröd,Energi (kJ),Hårt bröd ,1515.0,kJ
167,Hårt bröd fullkorn råg fibrer ca 15% typ flatbröd,Energi (kcal),Hårt bröd ,362.0,kcal
167,Hårt bröd fullkorn råg fibrer ca 15% typ flatbröd,Disackarider,Hårt bröd ,3.4,g
167,Hårt bröd fullkorn råg fibrer ca 15% typ flatbröd,"Kalcium, Ca",Hårt bröd ,40.0,mg
167,Hårt bröd fullkorn råg fibrer ca 15% typ flatbröd,Fettsyra 4:0-10:0,Hårt bröd ,0.0,g
167,Hårt bröd fullkorn råg fibrer ca 15% typ flatbröd,DHA (C22:6),Hårt bröd ,0.0,g
167,Hårt bröd fullkorn råg fibrer ca 15% typ flatbröd,DPA (C22:5),Hårt bröd ,0.0,g
167,Hårt bröd fullkorn råg fibrer ca 15% typ flatbröd,EPA (C20:5),Hårt bröd ,0.0,g
167,Hårt bröd fullkorn råg fibrer ca 15% typ flatbröd,Arakidonsyra C20:4,Hårt bröd ,0.0,g
167,Hårt bröd fullkorn råg fibrer ca 15% typ flatbröd,Arakidinsyra C20:0,Hårt bröd ,0.0,g
167,Hårt bröd fullkorn råg fibrer ca 15% typ flatbröd,Linolensyra C18:3,Hårt bröd ,0.1,g
167,Hårt bröd fullkorn råg fibrer ca 15% typ flatbröd,Linolsyra C18:2,Hårt bröd ,0.8,g
167,Hårt bröd fullkorn råg fibrer ca 15% typ flatbröd,Oljesyra C18:1,Hårt bröd ,0.2,g
167,Hårt bröd fullkorn råg fibrer ca 15% typ flatbröd,Stearinsyra C18:0,Hårt bröd ,0.0,g
167,Hårt bröd fullkorn råg fibrer ca 15% typ flatbröd,Palmitoljesyra C16:1,Hårt bröd ,0.0,g
167,Hårt bröd fullkorn råg fibrer ca 15% typ flatbröd,Palmitinsyra C16:0,Hårt bröd ,0.2,g
167,Hårt bröd fullkorn råg fibrer ca 15% typ flatbröd,Myristinsyra C14:0,Hårt bröd ,0.0,g
167,Hårt bröd fullkorn råg fibrer ca 15% typ flatbröd,Laurinsyra C12:0,Hårt bröd ,0.0,g
167,Hårt bröd fullkorn råg fibrer ca 15% typ flatbröd,Betakaroten/β-Karoten,Hårt bröd ,0.0,µg
167,Hårt bröd fullkorn råg fibrer ca 15% typ flatbröd,Avfall (skal etc.),Hårt bröd ,0.0,%
167,Hårt bröd fullkorn råg fibrer ca 15% typ flatbröd,Aska,Hårt bröd ,1.8,g
167,Hårt bröd fullkorn råg fibrer ca 15% typ flatbröd,Alkohol,Hårt bröd ,0.0,g
168,Hårt bröd glutenfritt fibrer ca 7%,"Zink, Zn",Hårt bröd ,1.1,mg
168,Hårt bröd glutenfritt fibrer ca 7%,Vitamin E,Hårt bröd ,0.0,mg
168,Hårt bröd glutenfritt fibrer ca 7%,Vitamin D inkl 25-OH-D3,Hårt bröd ,0.0,µg
168,Hårt bröd glutenfritt fibrer ca 7%,Vitamin D,Hårt bröd ,0.0,µg
168,Hårt bröd glutenfritt fibrer ca 7%,Vitamin C,Hårt bröd ,0.0,mg
168,Hårt bröd glutenfritt fibrer ca 7%,Vitamin B6,Hårt bröd ,0.41,mg
168,Hårt bröd glutenfritt fibrer ca 7%,Vitamin B12,Hårt bröd ,0.4,µg
168,Hårt bröd glutenfritt fibrer ca 7%,Vitamin A,Hårt bröd ,1.1,RE/µg
168,Hårt bröd glutenfritt fibrer ca 7%,Vatten,Hårt bröd ,10.8,g
168,Hårt bröd glutenfritt fibrer ca 7%,Tiamin,Hårt bröd ,0.44,mg
168,Hårt bröd glutenfritt fibrer ca 7%,Tillsatt socker,Hårt bröd ,8.0,g
168,Hårt bröd glutenfritt fibrer ca 7%,Fritt socker,Hårt bröd ,8.0,g
168,Hårt bröd glutenfritt fibrer ca 7%,"Selen, Se",Hårt bröd ,2.3,µg
168,Hårt bröd glutenfritt fibrer ca 7%,Sackaros,Hårt bröd ,0.3,g
168,Hårt bröd glutenfritt fibrer ca 7%,Riboflavin,Hårt bröd ,0.6,mg
168,Hårt bröd glutenfritt fibrer ca 7%,Retinol,Hårt bröd ,1.0,µg
168,Hårt bröd glutenfritt fibrer ca 7%,Protein,Hårt bröd ,6.3,g
168,Hårt bröd glutenfritt fibrer ca 7%,Summa fleromättade fettsyror,Hårt bröd ,0.4,g
168,Hårt bröd glutenfritt fibrer ca 7%,"Fosfor, P",Hårt bröd ,190.0,mg
168,Hårt bröd glutenfritt fibrer ca 7%,Niacinekvivalenter,Hårt bröd ,5.85,NE/mg
168,Hårt bröd glutenfritt fibrer ca 7%,Niacin,Hårt bröd ,4.81,mg
168,Hårt bröd glutenfritt fibrer ca 7%,"Salt, NaCl",Hårt bröd ,1.4,g
168,Hårt bröd glutenfritt fibrer ca 7%,"Natrium, Na",Hårt bröd ,565.0,mg
168,Hårt bröd glutenfritt fibrer ca 7%,Monosackarider,Hårt bröd ,1.8,g
168,Hårt bröd glutenfritt fibrer ca 7%,"Sockerarter, totalt",Hårt bröd ,7.6,g
168,Hårt bröd glutenfritt fibrer ca 7%,Summa enkelomättade fettsyror,Hårt bröd ,0.8,g
168,Hårt bröd glutenfritt fibrer ca 7%,"Magnesium, Mg",Hårt bröd ,24.0,mg
168,Hårt bröd glutenfritt fibrer ca 7%,Summa mättade fettsyror,Hårt bröd ,0.1,g
168,Hårt bröd glutenfritt fibrer ca 7%,"Kolhydrater, tillgängliga",Hårt bröd ,71.1,g
168,Hårt bröd glutenfritt fibrer ca 7%,Kolesterol,Hårt bröd ,2.0,mg
168,Hårt bröd glutenfritt fibrer ca 7%,"Kalium, K",Hårt bröd ,275.0,mg
168,Hårt bröd glutenfritt fibrer ca 7%,"Jod, I",Hårt bröd ,53.0,µg
168,Hårt bröd glutenfritt fibrer ca 7%,Fullkorn totalt,Hårt bröd ,0.0,g
168,Hårt bröd glutenfritt fibrer ca 7%,"Folat, totalt",Hårt bröd ,47.5,µg
168,Hårt bröd glutenfritt fibrer ca 7%,Fibrer,Hårt bröd ,7.0,g
168,Hårt bröd glutenfritt fibrer ca 7%,"Fett, totalt",Hårt bröd ,2.0,g
168,Hårt bröd glutenfritt fibrer ca 7%,"Järn, Fe",Hårt bröd ,8.4,mg
168,Hårt bröd glutenfritt fibrer ca 7%,Energi (kJ),Hårt bröd ,1446.0,kJ
168,Hårt bröd glutenfritt fibrer ca 7%,Energi (kcal),Hårt bröd ,346.0,kcal
168,Hårt bröd glutenfritt fibrer ca 7%,Disackarider,Hårt bröd ,5.8,g
168,Hårt bröd glutenfritt fibrer ca 7%,"Kalcium, Ca",Hårt bröd ,240.0,mg
168,Hårt bröd glutenfritt fibrer ca 7%,Fettsyra 4:0-10:0,Hårt bröd ,0.0,g
168,Hårt bröd glutenfritt fibrer ca 7%,DHA (C22:6),Hårt bröd ,0.0,g
168,Hårt bröd glutenfritt fibrer ca 7%,DPA (C22:5),Hårt bröd ,0.0,g
168,Hårt bröd glutenfritt fibrer ca 7%,EPA (C20:5),Hårt bröd ,0.0,g
168,Hårt bröd glutenfritt fibrer ca 7%,Arakidonsyra C20:4,Hårt bröd ,0.0,g
168,Hårt bröd glutenfritt fibrer ca 7%,Arakidinsyra C20:0,Hårt bröd ,0.0,g
168,Hårt bröd glutenfritt fibrer ca 7%,Linolensyra C18:3,Hårt bröd ,0.1,g
168,Hårt bröd glutenfritt fibrer ca 7%,Linolsyra C18:2,Hårt bröd ,0.3,g
168,Hårt bröd glutenfritt fibrer ca 7%,Oljesyra C18:1,Hårt bröd ,0.7,g
168,Hårt bröd glutenfritt fibrer ca 7%,Stearinsyra C18:0,Hårt bröd ,0.0,g
168,Hårt bröd glutenfritt fibrer ca 7%,Palmitoljesyra C16:1,Hårt bröd ,0.0,g
168,Hårt bröd glutenfritt fibrer ca 7%,Palmitinsyra C16:0,Hårt bröd ,0.1,g
168,Hårt bröd glutenfritt fibrer ca 7%,Myristinsyra C14:0,Hårt bröd ,0.0,g
168,Hårt bröd glutenfritt fibrer ca 7%,Laurinsyra C12:0,Hårt bröd ,0.0,g
168,Hårt bröd glutenfritt fibrer ca 7%,Betakaroten/β-Karoten,Hårt bröd ,1.0,µg
168,Hårt bröd glutenfritt fibrer ca 7%,Avfall (skal etc.),Hårt bröd ,0.0,%
168,Hårt bröd glutenfritt fibrer ca 7%,Aska,Hårt bröd ,2.8,g
168,Hårt bröd glutenfritt fibrer ca 7%,Alkohol,Hårt bröd ,0.0,g
169,Hårt bröd fullkorn råg fibrer ca 13%,"Zink, Zn",Hårt bröd ,2.4,mg
169,Hårt bröd fullkorn råg fibrer ca 13%,Vitamin E,Hårt bröd ,0.7,mg
169,Hårt bröd fullkorn råg fibrer ca 13%,Vitamin D inkl 25-OH-D3,Hårt bröd ,0.0,µg
169,Hårt bröd fullkorn råg fibrer ca 13%,Vitamin D,Hårt bröd ,0.0,µg
169,Hårt bröd fullkorn råg fibrer ca 13%,Vitamin C,Hårt bröd ,0.0,mg
169,Hårt bröd fullkorn råg fibrer ca 13%,Vitamin B6,Hårt bröd ,0.23,mg
169,Hårt bröd fullkorn råg fibrer ca 13%,Vitamin B12,Hårt bröd ,0.0,µg
169,Hårt bröd fullkorn råg fibrer ca 13%,Vitamin A,Hårt bröd ,0.0,RE/µg
169,Hårt bröd fullkorn råg fibrer ca 13%,Vatten,Hårt bröd ,6.6,g
169,Hårt bröd fullkorn råg fibrer ca 13%,Tiamin,Hårt bröd ,0.22,mg
169,Hårt bröd fullkorn råg fibrer ca 13%,Tillsatt socker,Hårt bröd ,0.0,g
169,Hårt bröd fullkorn råg fibrer ca 13%,Fritt socker,Hårt bröd ,0.0,g
169,Hårt bröd fullkorn råg fibrer ca 13%,"Selen, Se",Hårt bröd ,1.6,µg
169,Hårt bröd fullkorn råg fibrer ca 13%,Sackaros,Hårt bröd ,0.2,g
169,Hårt bröd fullkorn råg fibrer ca 13%,Riboflavin,Hårt bröd ,0.18,mg
169,Hårt bröd fullkorn råg fibrer ca 13%,Retinol,Hårt bröd ,0.0,µg
169,Hårt bröd fullkorn råg fibrer ca 13%,Protein,Hårt bröd ,9.3,g
169,Hårt bröd fullkorn råg fibrer ca 13%,Summa fleromättade fettsyror,Hårt bröd ,1.0,g
169,Hårt bröd fullkorn råg fibrer ca 13%,"Fosfor, P",Hårt bröd ,290.0,mg
169,Hårt bröd fullkorn råg fibrer ca 13%,Niacinekvivalenter,Hårt bröd ,2.85,NE/mg
169,Hårt bröd fullkorn råg fibrer ca 13%,Niacin,Hårt bröd ,1.34,mg
169,Hårt bröd fullkorn råg fibrer ca 13%,"Salt, NaCl",Hårt bröd ,1.4,g
169,Hårt bröd fullkorn råg fibrer ca 13%,"Natrium, Na",Hårt bröd ,550.0,mg
169,Hårt bröd fullkorn råg fibrer ca 13%,Monosackarider,Hårt bröd ,1.5,g
169,Hårt bröd fullkorn råg fibrer ca 13%,"Sockerarter, totalt",Hårt bröd ,2.7,g
169,Hårt bröd fullkorn råg fibrer ca 13%,Summa enkelomättade fettsyror,Hårt bröd ,0.3,g
169,Hårt bröd fullkorn råg fibrer ca 13%,"Magnesium, Mg",Hårt bröd ,62.0,mg
169,Hårt bröd fullkorn råg fibrer ca 13%,Summa mättade fettsyror,Hårt bröd ,0.5,g
169,Hårt bröd fullkorn råg fibrer ca 13%,"Kolhydrater, tillgängliga",Hårt bröd ,65.7,g
169,Hårt bröd fullkorn råg fibrer ca 13%,Kolesterol,Hårt bröd ,0.0,mg
169,Hårt bröd fullkorn råg fibrer ca 13%,"Kalium, K",Hårt bröd ,400.0,mg
169,Hårt bröd fullkorn råg fibrer ca 13%,"Jod, I",Hårt bröd ,12.0,µg
169,Hårt bröd fullkorn råg fibrer ca 13%,Fullkorn totalt,Hårt bröd ,73.0,g
169,Hårt bröd fullkorn råg fibrer ca 13%,"Folat, totalt",Hårt bröd ,89.2,µg
169,Hårt bröd fullkorn råg fibrer ca 13%,Fibrer,Hårt bröd ,13.2,g
169,Hårt bröd fullkorn råg fibrer ca 13%,"Fett, totalt",Hårt bröd ,2.6,g
169,Hårt bröd fullkorn råg fibrer ca 13%,"Järn, Fe",Hårt bröd ,2.7,mg
169,Hårt bröd fullkorn råg fibrer ca 13%,Energi (kJ),Hårt bröd ,1477.0,kJ
169,Hårt bröd fullkorn råg fibrer ca 13%,Energi (kcal),Hårt bröd ,353.0,kcal
169,Hårt bröd fullkorn råg fibrer ca 13%,Disackarider,Hårt bröd ,1.2,g
169,Hårt bröd fullkorn råg fibrer ca 13%,"Kalcium, Ca",Hårt bröd ,32.0,mg
169,Hårt bröd fullkorn råg fibrer ca 13%,Fettsyra 4:0-10:0,Hårt bröd ,0.0,g
169,Hårt bröd fullkorn råg fibrer ca 13%,DHA (C22:6),Hårt bröd ,0.0,g
169,Hårt bröd fullkorn råg fibrer ca 13%,DPA (C22:5),Hårt bröd ,0.0,g
169,Hårt bröd fullkorn råg fibrer ca 13%,EPA (C20:5),Hårt bröd ,0.0,g
169,Hårt bröd fullkorn råg fibrer ca 13%,Arakidonsyra C20:4,Hårt bröd ,0.0,g
169,Hårt bröd fullkorn råg fibrer ca 13%,Arakidinsyra C20:0,Hårt bröd ,0.0,g
169,Hårt bröd fullkorn råg fibrer ca 13%,Linolensyra C18:3,Hårt bröd ,0.1,g
169,Hårt bröd fullkorn råg fibrer ca 13%,Linolsyra C18:2,Hårt bröd ,0.9,g
169,Hårt bröd fullkorn råg fibrer ca 13%,Oljesyra C18:1,Hårt bröd ,0.2,g
169,Hårt bröd fullkorn råg fibrer ca 13%,Stearinsyra C18:0,Hårt bröd ,0.1,g
169,Hårt bröd fullkorn råg fibrer ca 13%,Palmitoljesyra C16:1,Hårt bröd ,0.0,g
169,Hårt bröd fullkorn råg fibrer ca 13%,Palmitinsyra C16:0,Hårt bröd ,0.4,g
169,Hårt bröd fullkorn råg fibrer ca 13%,Myristinsyra C14:0,Hårt bröd ,0.0,g
169,Hårt bröd fullkorn råg fibrer ca 13%,Laurinsyra C12:0,Hårt bröd ,0.0,g
169,Hårt bröd fullkorn råg fibrer ca 13%,Betakaroten/β-Karoten,Hårt bröd ,0.0,µg
169,Hårt bröd fullkorn råg fibrer ca 13%,Avfall (skal etc.),Hårt bröd ,0.0,%
169,Hårt bröd fullkorn råg fibrer ca 13%,Aska,Hårt bröd ,2.6,g
169,Hårt bröd fullkorn råg fibrer ca 13%,Alkohol,Hårt bröd ,0.0,g
170,Hårt bröd fullkorn råg kli fibrer ca 15%,"Zink, Zn",Hårt bröd ,2.9,mg
170,Hårt bröd fullkorn råg kli fibrer ca 15%,Vitamin E,Hårt bröd ,0.7,mg
170,Hårt bröd fullkorn råg kli fibrer ca 15%,Vitamin D inkl 25-OH-D3,Hårt bröd ,0.0,µg
170,Hårt bröd fullkorn råg kli fibrer ca 15%,Vitamin D,Hårt bröd ,0.0,µg
170,Hårt bröd fullkorn råg kli fibrer ca 15%,Vitamin C,Hårt bröd ,0.0,mg
170,Hårt bröd fullkorn råg kli fibrer ca 15%,Vitamin B6,Hårt bröd ,0.27,mg
170,Hårt bröd fullkorn råg kli fibrer ca 15%,Vitamin B12,Hårt bröd ,0.0,µg
170,Hårt bröd fullkorn råg kli fibrer ca 15%,Vitamin A,Hårt bröd ,0.0,RE/µg
170,Hårt bröd fullkorn råg kli fibrer ca 15%,Vatten,Hårt bröd ,6.2,g
170,Hårt bröd fullkorn råg kli fibrer ca 15%,Tiamin,Hårt bröd ,0.14,mg
170,Hårt bröd fullkorn råg kli fibrer ca 15%,Tillsatt socker,Hårt bröd ,0.0,g
170,Hårt bröd fullkorn råg kli fibrer ca 15%,Fritt socker,Hårt bröd ,0.0,g
170,Hårt bröd fullkorn råg kli fibrer ca 15%,"Selen, Se",Hårt bröd ,1.4,µg
170,Hårt bröd fullkorn råg kli fibrer ca 15%,Sackaros,Hårt bröd ,0.3,g
170,Hårt bröd fullkorn råg kli fibrer ca 15%,Riboflavin,Hårt bröd ,0.15,mg
170,Hårt bröd fullkorn råg kli fibrer ca 15%,Retinol,Hårt bröd ,0.0,µg
170,Hårt bröd fullkorn råg kli fibrer ca 15%,Protein,Hårt bröd ,9.5,g
170,Hårt bröd fullkorn råg kli fibrer ca 15%,Summa fleromättade fettsyror,Hårt bröd ,1.1,g
170,Hårt bröd fullkorn råg kli fibrer ca 15%,"Fosfor, P",Hårt bröd ,330.0,mg
170,Hårt bröd fullkorn råg kli fibrer ca 15%,Niacinekvivalenter,Hårt bröd ,2.68,NE/mg
170,Hårt bröd fullkorn råg kli fibrer ca 15%,Niacin,Hårt bröd ,1.09,mg
170,Hårt bröd fullkorn råg kli fibrer ca 15%,"Salt, NaCl",Hårt bröd ,1.4,g
170,Hårt bröd fullkorn råg kli fibrer ca 15%,"Natrium, Na",Hårt bröd ,560.0,mg
170,Hårt bröd fullkorn råg kli fibrer ca 15%,Monosackarider,Hårt bröd ,1.2,g
170,Hårt bröd fullkorn råg kli fibrer ca 15%,"Sockerarter, totalt",Hårt bröd ,2.6,g
170,Hårt bröd fullkorn råg kli fibrer ca 15%,Summa enkelomättade fettsyror,Hårt bröd ,0.3,g
170,Hårt bröd fullkorn råg kli fibrer ca 15%,"Magnesium, Mg",Hårt bröd ,75.0,mg
170,Hårt bröd fullkorn råg kli fibrer ca 15%,Summa mättade fettsyror,Hårt bröd ,0.3,g
170,Hårt bröd fullkorn råg kli fibrer ca 15%,"Kolhydrater, tillgängliga",Hårt bröd ,63.9,g
170,Hårt bröd fullkorn råg kli fibrer ca 15%,Kolesterol,Hårt bröd ,0.0,mg
170,Hårt bröd fullkorn råg kli fibrer ca 15%,"Kalium, K",Hårt bröd ,455.0,mg
170,Hårt bröd fullkorn råg kli fibrer ca 15%,"Jod, I",Hårt bröd ,5.0,µg
170,Hårt bröd fullkorn råg kli fibrer ca 15%,Fullkorn totalt,Hårt bröd ,100.0,g
170,Hårt bröd fullkorn råg kli fibrer ca 15%,"Folat, totalt",Hårt bröd ,67.7,µg
170,Hårt bröd fullkorn råg kli fibrer ca 15%,Fibrer,Hårt bröd ,15.1,g
170,Hårt bröd fullkorn råg kli fibrer ca 15%,"Fett, totalt",Hårt bröd ,2.5,g
170,Hårt bröd fullkorn råg kli fibrer ca 15%,"Järn, Fe",Hårt bröd ,3.3,mg
170,Hårt bröd fullkorn råg kli fibrer ca 15%,Energi (kJ),Hårt bröd ,1461.0,kJ
170,Hårt bröd fullkorn råg kli fibrer ca 15%,Energi (kcal),Hårt bröd ,349.0,kcal
170,Hårt bröd fullkorn råg kli fibrer ca 15%,Disackarider,Hårt bröd ,1.4,g
170,Hårt bröd fullkorn råg kli fibrer ca 15%,"Kalcium, Ca",Hårt bröd ,35.0,mg
170,Hårt bröd fullkorn råg kli fibrer ca 15%,Fettsyra 4:0-10:0,Hårt bröd ,0.0,g
170,Hårt bröd fullkorn råg kli fibrer ca 15%,DHA (C22:6),Hårt bröd ,0.0,g
170,Hårt bröd fullkorn råg kli fibrer ca 15%,DPA (C22:5),Hårt bröd ,0.0,g
170,Hårt bröd fullkorn råg kli fibrer ca 15%,EPA (C20:5),Hårt bröd ,0.0,g
170,Hårt bröd fullkorn råg kli fibrer ca 15%,Arakidonsyra C20:4,Hårt bröd ,0.0,g
170,Hårt bröd fullkorn råg kli fibrer ca 15%,Arakidinsyra C20:0,Hårt bröd ,0.0,g
170,Hårt bröd fullkorn råg kli fibrer ca 15%,Linolensyra C18:3,Hårt bröd ,0.1,g
170,Hårt bröd fullkorn råg kli fibrer ca 15%,Linolsyra C18:2,Hårt bröd ,1.0,g
170,Hårt bröd fullkorn råg kli fibrer ca 15%,Oljesyra C18:1,Hårt bröd ,0.2,g
170,Hårt bröd fullkorn råg kli fibrer ca 15%,Stearinsyra C18:0,Hårt bröd ,0.0,g
170,Hårt bröd fullkorn råg kli fibrer ca 15%,Palmitoljesyra C16:1,Hårt bröd ,0.0,g
170,Hårt bröd fullkorn råg kli fibrer ca 15%,Palmitinsyra C16:0,Hårt bröd ,0.3,g
170,Hårt bröd fullkorn råg kli fibrer ca 15%,Myristinsyra C14:0,Hårt bröd ,0.0,g
170,Hårt bröd fullkorn råg kli fibrer ca 15%,Laurinsyra C12:0,Hårt bröd ,0.0,g
170,Hårt bröd fullkorn råg kli fibrer ca 15%,Betakaroten/β-Karoten,Hårt bröd ,0.0,µg
170,Hårt bröd fullkorn råg kli fibrer ca 15%,Avfall (skal etc.),Hårt bröd ,0.0,%
170,Hårt bröd fullkorn råg kli fibrer ca 15%,Aska,Hårt bröd ,2.8,g
170,Hårt bröd fullkorn råg kli fibrer ca 15%,Alkohol,Hårt bröd ,0.0,g
171,Hårt bröd fullkorn råg fibrer ca 14% typ rutknäcke,"Zink, Zn",Hårt bröd ,2.4,mg
171,Hårt bröd fullkorn råg fibrer ca 14% typ rutknäcke,Vitamin E,Hårt bröd ,0.7,mg
171,Hårt bröd fullkorn råg fibrer ca 14% typ rutknäcke,Vitamin D inkl 25-OH-D3,Hårt bröd ,0.0,µg
171,Hårt bröd fullkorn råg fibrer ca 14% typ rutknäcke,Vitamin D,Hårt bröd ,0.0,µg
171,Hårt bröd fullkorn råg fibrer ca 14% typ rutknäcke,Vitamin C,Hårt bröd ,0.0,mg
171,Hårt bröd fullkorn råg fibrer ca 14% typ rutknäcke,Vitamin B6,Hårt bröd ,0.3,mg
171,Hårt bröd fullkorn råg fibrer ca 14% typ rutknäcke,Vitamin B12,Hårt bröd ,0.0,µg
171,Hårt bröd fullkorn råg fibrer ca 14% typ rutknäcke,Vitamin A,Hårt bröd ,0.0,RE/µg
171,Hårt bröd fullkorn råg fibrer ca 14% typ rutknäcke,Vatten,Hårt bröd ,5.3,g
171,Hårt bröd fullkorn råg fibrer ca 14% typ rutknäcke,Tiamin,Hårt bröd ,0.22,mg
171,Hårt bröd fullkorn råg fibrer ca 14% typ rutknäcke,Tillsatt socker,Hårt bröd ,0.0,g
171,Hårt bröd fullkorn råg fibrer ca 14% typ rutknäcke,Fritt socker,Hårt bröd ,0.0,g
171,Hårt bröd fullkorn råg fibrer ca 14% typ rutknäcke,"Selen, Se",Hårt bröd ,1.5,µg
171,Hårt bröd fullkorn råg fibrer ca 14% typ rutknäcke,Sackaros,Hårt bröd ,0.3,g
171,Hårt bröd fullkorn råg fibrer ca 14% typ rutknäcke,Riboflavin,Hårt bröd ,0.22,mg
171,Hårt bröd fullkorn råg fibrer ca 14% typ rutknäcke,Retinol,Hårt bröd ,0.0,µg
171,Hårt bröd fullkorn råg fibrer ca 14% typ rutknäcke,Protein,Hårt bröd ,10.0,g
171,Hårt bröd fullkorn råg fibrer ca 14% typ rutknäcke,Summa fleromättade fettsyror,Hårt bröd ,1.2,g
171,Hårt bröd fullkorn råg fibrer ca 14% typ rutknäcke,"Fosfor, P",Hårt bröd ,325.0,mg
171,Hårt bröd fullkorn råg fibrer ca 14% typ rutknäcke,Niacinekvivalenter,Hårt bröd ,2.7,NE/mg
171,Hårt bröd fullkorn råg fibrer ca 14% typ rutknäcke,Niacin,Hårt bröd ,1.01,mg
171,Hårt bröd fullkorn råg fibrer ca 14% typ rutknäcke,"Salt, NaCl",Hårt bröd ,1.2,g
171,Hårt bröd fullkorn råg fibrer ca 14% typ rutknäcke,"Natrium, Na",Hårt bröd ,500.0,mg
171,Hårt bröd fullkorn råg fibrer ca 14% typ rutknäcke,Monosackarider,Hårt bröd ,0.2,g
171,Hårt bröd fullkorn råg fibrer ca 14% typ rutknäcke,"Sockerarter, totalt",Hårt bröd ,1.2,g
171,Hårt bröd fullkorn råg fibrer ca 14% typ rutknäcke,Summa enkelomättade fettsyror,Hårt bröd ,0.3,g
171,Hårt bröd fullkorn råg fibrer ca 14% typ rutknäcke,"Magnesium, Mg",Hårt bröd ,95.0,mg
171,Hårt bröd fullkorn råg fibrer ca 14% typ rutknäcke,Summa mättade fettsyror,Hårt bröd ,0.4,g
171,Hårt bröd fullkorn råg fibrer ca 14% typ rutknäcke,"Kolhydrater, tillgängliga",Hårt bröd ,65.3,g
171,Hårt bröd fullkorn råg fibrer ca 14% typ rutknäcke,Kolesterol,Hårt bröd ,0.0,mg
171,Hårt bröd fullkorn råg fibrer ca 14% typ rutknäcke,"Kalium, K",Hårt bröd ,470.0,mg
171,Hårt bröd fullkorn råg fibrer ca 14% typ rutknäcke,"Jod, I",Hårt bröd ,6.8,µg
171,Hårt bröd fullkorn råg fibrer ca 14% typ rutknäcke,Fullkorn totalt,Hårt bröd ,100.0,g
171,Hårt bröd fullkorn råg fibrer ca 14% typ rutknäcke,"Folat, totalt",Hårt bröd ,82.8,µg
171,Hårt bröd fullkorn råg fibrer ca 14% typ rutknäcke,Fibrer,Hårt bröd ,14.2,g
171,Hårt bröd fullkorn råg fibrer ca 14% typ rutknäcke,"Fett, totalt",Hårt bröd ,2.6,g
171,Hårt bröd fullkorn råg fibrer ca 14% typ rutknäcke,"Järn, Fe",Hårt bröd ,2.9,mg
171,Hårt bröd fullkorn råg fibrer ca 14% typ rutknäcke,Energi (kJ),Hårt bröd ,1489.0,kJ
171,Hårt bröd fullkorn råg fibrer ca 14% typ rutknäcke,Energi (kcal),Hårt bröd ,356.0,kcal
171,Hårt bröd fullkorn råg fibrer ca 14% typ rutknäcke,Disackarider,Hårt bröd ,1.0,g
171,Hårt bröd fullkorn råg fibrer ca 14% typ rutknäcke,"Kalcium, Ca",Hårt bröd ,50.0,mg
171,Hårt bröd fullkorn råg fibrer ca 14% typ rutknäcke,Fettsyra 4:0-10:0,Hårt bröd ,0.0,g
171,Hårt bröd fullkorn råg fibrer ca 14% typ rutknäcke,DHA (C22:6),Hårt bröd ,0.0,g
171,Hårt bröd fullkorn råg fibrer ca 14% typ rutknäcke,DPA (C22:5),Hårt bröd ,0.0,g
171,Hårt bröd fullkorn råg fibrer ca 14% typ rutknäcke,EPA (C20:5),Hårt bröd ,0.0,g
171,Hårt bröd fullkorn råg fibrer ca 14% typ rutknäcke,Arakidonsyra C20:4,Hårt bröd ,0.0,g
171,Hårt bröd fullkorn råg fibrer ca 14% typ rutknäcke,Arakidinsyra C20:0,Hårt bröd ,0.0,g
171,Hårt bröd fullkorn råg fibrer ca 14% typ rutknäcke,Linolensyra C18:3,Hårt bröd ,0.2,g
171,Hårt bröd fullkorn råg fibrer ca 14% typ rutknäcke,Linolsyra C18:2,Hårt bröd ,1.0,g
171,Hårt bröd fullkorn råg fibrer ca 14% typ rutknäcke,Oljesyra C18:1,Hårt bröd ,0.3,g
171,Hårt bröd fullkorn råg fibrer ca 14% typ rutknäcke,Stearinsyra C18:0,Hårt bröd ,0.0,g
171,Hårt bröd fullkorn råg fibrer ca 14% typ rutknäcke,Palmitoljesyra C16:1,Hårt bröd ,0.0,g
171,Hårt bröd fullkorn råg fibrer ca 14% typ rutknäcke,Palmitinsyra C16:0,Hårt bröd ,0.3,g
171,Hårt bröd fullkorn råg fibrer ca 14% typ rutknäcke,Myristinsyra C14:0,Hårt bröd ,0.0,g
171,Hårt bröd fullkorn råg fibrer ca 14% typ rutknäcke,Laurinsyra C12:0,Hårt bröd ,0.0,g
171,Hårt bröd fullkorn råg fibrer ca 14% typ rutknäcke,Betakaroten/β-Karoten,Hårt bröd ,0.0,µg
171,Hårt bröd fullkorn råg fibrer ca 14% typ rutknäcke,Avfall (skal etc.),Hårt bröd ,0.0,%
171,Hårt bröd fullkorn råg fibrer ca 14% typ rutknäcke,Aska,Hårt bröd ,2.6,g
171,Hårt bröd fullkorn råg fibrer ca 14% typ rutknäcke,Alkohol,Hårt bröd ,0.0,g
172,"Hårt bröd fullkorn råg fibrer 15,5% typ brungräddat","Zink, Zn",Hårt bröd ,2.7,mg
172,"Hårt bröd fullkorn råg fibrer 15,5% typ brungräddat",Vitamin E,Hårt bröd ,0.7,mg
172,"Hårt bröd fullkorn råg fibrer 15,5% typ brungräddat",Vitamin D inkl 25-OH-D3,Hårt bröd ,0.0,µg
172,"Hårt bröd fullkorn råg fibrer 15,5% typ brungräddat",Vitamin D,Hårt bröd ,0.0,µg
172,"Hårt bröd fullkorn råg fibrer 15,5% typ brungräddat",Vitamin C,Hårt bröd ,0.0,mg
172,"Hårt bröd fullkorn råg fibrer 15,5% typ brungräddat",Vitamin B6,Hårt bröd ,0.25,mg
172,"Hårt bröd fullkorn råg fibrer 15,5% typ brungräddat",Vitamin B12,Hårt bröd ,0.0,µg
172,"Hårt bröd fullkorn råg fibrer 15,5% typ brungräddat",Vitamin A,Hårt bröd ,0.0,RE/µg
172,"Hårt bröd fullkorn råg fibrer 15,5% typ brungräddat",Vatten,Hårt bröd ,5.9,g
172,"Hårt bröd fullkorn råg fibrer 15,5% typ brungräddat",Tiamin,Hårt bröd ,0.19,mg
172,"Hårt bröd fullkorn råg fibrer 15,5% typ brungräddat",Tillsatt socker,Hårt bröd ,0.0,g
172,"Hårt bröd fullkorn råg fibrer 15,5% typ brungräddat",Fritt socker,Hårt bröd ,0.0,g
172,"Hårt bröd fullkorn råg fibrer 15,5% typ brungräddat","Selen, Se",Hårt bröd ,1.8,µg
172,"Hårt bröd fullkorn råg fibrer 15,5% typ brungräddat",Sackaros,Hårt bröd ,0.3,g
172,"Hårt bröd fullkorn råg fibrer 15,5% typ brungräddat",Riboflavin,Hårt bröd ,0.17,mg
172,"Hårt bröd fullkorn råg fibrer 15,5% typ brungräddat",Retinol,Hårt bröd ,0.0,µg
172,"Hårt bröd fullkorn råg fibrer 15,5% typ brungräddat",Protein,Hårt bröd ,10.0,g
172,"Hårt bröd fullkorn råg fibrer 15,5% typ brungräddat",Summa fleromättade fettsyror,Hårt bröd ,1.1,g
172,"Hårt bröd fullkorn råg fibrer 15,5% typ brungräddat","Fosfor, P",Hårt bröd ,325.0,mg
172,"Hårt bröd fullkorn råg fibrer 15,5% typ brungräddat",Niacinekvivalenter,Hårt bröd ,2.97,NE/mg
172,"Hårt bröd fullkorn råg fibrer 15,5% typ brungräddat",Niacin,Hårt bröd ,1.3,mg
172,"Hårt bröd fullkorn råg fibrer 15,5% typ brungräddat","Salt, NaCl",Hårt bröd ,1.5,g
172,"Hårt bröd fullkorn råg fibrer 15,5% typ brungräddat","Natrium, Na",Hårt bröd ,600.0,mg
172,"Hårt bröd fullkorn råg fibrer 15,5% typ brungräddat",Monosackarider,Hårt bröd ,0.4,g
172,"Hårt bröd fullkorn råg fibrer 15,5% typ brungräddat","Sockerarter, totalt",Hårt bröd ,1.4,g
172,"Hårt bröd fullkorn råg fibrer 15,5% typ brungräddat",Summa enkelomättade fettsyror,Hårt bröd ,0.3,g
172,"Hårt bröd fullkorn råg fibrer 15,5% typ brungräddat","Magnesium, Mg",Hårt bröd ,100.0,mg
172,"Hårt bröd fullkorn råg fibrer 15,5% typ brungräddat",Summa mättade fettsyror,Hårt bröd ,0.3,g
172,"Hårt bröd fullkorn råg fibrer 15,5% typ brungräddat","Kolhydrater, tillgängliga",Hårt bröd ,63.5,g
172,"Hårt bröd fullkorn råg fibrer 15,5% typ brungräddat",Kolesterol,Hårt bröd ,0.0,mg
172,"Hårt bröd fullkorn råg fibrer 15,5% typ brungräddat","Kalium, K",Hårt bröd ,490.0,mg
172,"Hårt bröd fullkorn råg fibrer 15,5% typ brungräddat","Jod, I",Hårt bröd ,10.0,µg
172,"Hårt bröd fullkorn råg fibrer 15,5% typ brungräddat",Fullkorn totalt,Hårt bröd ,100.0,g
172,"Hårt bröd fullkorn råg fibrer 15,5% typ brungräddat","Folat, totalt",Hårt bröd ,104.4,µg
172,"Hårt bröd fullkorn råg fibrer 15,5% typ brungräddat",Fibrer,Hårt bröd ,15.5,g
172,"Hårt bröd fullkorn råg fibrer 15,5% typ brungräddat","Fett, totalt",Hårt bröd ,2.4,g
172,"Hårt bröd fullkorn råg fibrer 15,5% typ brungräddat","Järn, Fe",Hårt bröd ,3.2,mg
172,"Hårt bröd fullkorn råg fibrer 15,5% typ brungräddat",Energi (kJ),Hårt bröd ,1462.0,kJ
172,"Hårt bröd fullkorn råg fibrer 15,5% typ brungräddat",Energi (kcal),Hårt bröd ,350.0,kcal
172,"Hårt bröd fullkorn råg fibrer 15,5% typ brungräddat",Disackarider,Hårt bröd ,1.0,g
172,"Hårt bröd fullkorn råg fibrer 15,5% typ brungräddat","Kalcium, Ca",Hårt bröd ,45.0,mg
172,"Hårt bröd fullkorn råg fibrer 15,5% typ brungräddat",Fettsyra 4:0-10:0,Hårt bröd ,0.0,g
172,"Hårt bröd fullkorn råg fibrer 15,5% typ brungräddat",DHA (C22:6),Hårt bröd ,0.0,g
172,"Hårt bröd fullkorn råg fibrer 15,5% typ brungräddat",DPA (C22:5),Hårt bröd ,0.0,g
172,"Hårt bröd fullkorn råg fibrer 15,5% typ brungräddat",EPA (C20:5),Hårt bröd ,0.0,g
172,"Hårt bröd fullkorn råg fibrer 15,5% typ brungräddat",Arakidonsyra C20:4,Hårt bröd ,0.0,g
172,"Hårt bröd fullkorn råg fibrer 15,5% typ brungräddat",Arakidinsyra C20:0,Hårt bröd ,0.0,g
172,"Hårt bröd fullkorn råg fibrer 15,5% typ brungräddat",Linolensyra C18:3,Hårt bröd ,0.1,g
172,"Hårt bröd fullkorn råg fibrer 15,5% typ brungräddat",Linolsyra C18:2,Hårt bröd ,0.9,g
172,"Hårt bröd fullkorn råg fibrer 15,5% typ brungräddat",Oljesyra C18:1,Hårt bröd ,0.2,g
172,"Hårt bröd fullkorn råg fibrer 15,5% typ brungräddat",Stearinsyra C18:0,Hårt bröd ,0.0,g
172,"Hårt bröd fullkorn råg fibrer 15,5% typ brungräddat",Palmitoljesyra C16:1,Hårt bröd ,0.0,g
172,"Hårt bröd fullkorn råg fibrer 15,5% typ brungräddat",Palmitinsyra C16:0,Hårt bröd ,0.3,g
172,"Hårt bröd fullkorn råg fibrer 15,5% typ brungräddat",Myristinsyra C14:0,Hårt bröd ,0.0,g
172,"Hårt bröd fullkorn råg fibrer 15,5% typ brungräddat",Laurinsyra C12:0,Hårt bröd ,0.0,g
172,"Hårt bröd fullkorn råg fibrer 15,5% typ brungräddat",Betakaroten/β-Karoten,Hårt bröd ,0.0,µg
172,"Hårt bröd fullkorn råg fibrer 15,5% typ brungräddat",Avfall (skal etc.),Hårt bröd ,0.0,%
172,"Hårt bröd fullkorn råg fibrer 15,5% typ brungräddat",Aska,Hårt bröd ,2.7,g
172,"Hårt bröd fullkorn råg fibrer 15,5% typ brungräddat",Alkohol,Hårt bröd ,0.0,g
173,Hårt bröd fullkorn råg fibrer ca 16% typ sport,"Zink, Zn",Hårt bröd ,3.1,mg
173,Hårt bröd fullkorn råg fibrer ca 16% typ sport,Vitamin E,Hårt bröd ,0.7,mg
173,Hårt bröd fullkorn råg fibrer ca 16% typ sport,Vitamin D inkl 25-OH-D3,Hårt bröd ,0.0,µg
173,Hårt bröd fullkorn råg fibrer ca 16% typ sport,Vitamin D,Hårt bröd ,0.0,µg
173,Hårt bröd fullkorn råg fibrer ca 16% typ sport,Vitamin C,Hårt bröd ,0.0,mg
173,Hårt bröd fullkorn råg fibrer ca 16% typ sport,Vitamin B6,Hårt bröd ,0.31,mg
173,Hårt bröd fullkorn råg fibrer ca 16% typ sport,Vitamin B12,Hårt bröd ,0.0,µg
173,Hårt bröd fullkorn råg fibrer ca 16% typ sport,Vitamin A,Hårt bröd ,0.0,RE/µg
173,Hårt bröd fullkorn råg fibrer ca 16% typ sport,Vatten,Hårt bröd ,7.0,g
173,Hårt bröd fullkorn råg fibrer ca 16% typ sport,Tiamin,Hårt bröd ,0.22,mg
173,Hårt bröd fullkorn råg fibrer ca 16% typ sport,Tillsatt socker,Hårt bröd ,0.0,g
173,Hårt bröd fullkorn råg fibrer ca 16% typ sport,Fritt socker,Hårt bröd ,0.0,g
173,Hårt bröd fullkorn råg fibrer ca 16% typ sport,"Selen, Se",Hårt bröd ,1.5,µg
173,Hårt bröd fullkorn råg fibrer ca 16% typ sport,Sackaros,Hårt bröd ,0.5,g
173,Hårt bröd fullkorn råg fibrer ca 16% typ sport,Riboflavin,Hårt bröd ,0.1,mg
173,Hårt bröd fullkorn råg fibrer ca 16% typ sport,Retinol,Hårt bröd ,0.0,µg
173,Hårt bröd fullkorn råg fibrer ca 16% typ sport,Protein,Hårt bröd ,10.0,g
173,Hårt bröd fullkorn råg fibrer ca 16% typ sport,Summa fleromättade fettsyror,Hårt bröd ,0.8,g
173,Hårt bröd fullkorn råg fibrer ca 16% typ sport,"Fosfor, P",Hårt bröd ,325.0,mg
173,Hårt bröd fullkorn råg fibrer ca 16% typ sport,Niacinekvivalenter,Hårt bröd ,2.77,NE/mg
173,Hårt bröd fullkorn råg fibrer ca 16% typ sport,Niacin,Hårt bröd ,1.14,mg
173,Hårt bröd fullkorn råg fibrer ca 16% typ sport,"Salt, NaCl",Hårt bröd ,1.2,g
173,Hårt bröd fullkorn råg fibrer ca 16% typ sport,"Natrium, Na",Hårt bröd ,500.0,mg
173,Hårt bröd fullkorn råg fibrer ca 16% typ sport,Monosackarider,Hårt bröd ,0.5,g
173,Hårt bröd fullkorn råg fibrer ca 16% typ sport,"Sockerarter, totalt",Hårt bröd ,1.3,g
173,Hårt bröd fullkorn råg fibrer ca 16% typ sport,Summa enkelomättade fettsyror,Hårt bröd ,0.2,g
173,Hårt bröd fullkorn råg fibrer ca 16% typ sport,"Magnesium, Mg",Hårt bröd ,110.0,mg
173,Hårt bröd fullkorn råg fibrer ca 16% typ sport,Summa mättade fettsyror,Hårt bröd ,0.3,g
173,Hårt bröd fullkorn råg fibrer ca 16% typ sport,"Kolhydrater, tillgängliga",Hårt bröd ,62.1,g
173,Hårt bröd fullkorn råg fibrer ca 16% typ sport,Kolesterol,Hårt bröd ,0.0,mg
173,Hårt bröd fullkorn råg fibrer ca 16% typ sport,"Kalium, K",Hårt bröd ,530.0,mg
173,Hårt bröd fullkorn råg fibrer ca 16% typ sport,"Jod, I",Hårt bröd ,6.0,µg
173,Hårt bröd fullkorn råg fibrer ca 16% typ sport,Fullkorn totalt,Hårt bröd ,100.0,g
173,Hårt bröd fullkorn råg fibrer ca 16% typ sport,"Folat, totalt",Hårt bröd ,67.3,µg
173,Hårt bröd fullkorn råg fibrer ca 16% typ sport,Fibrer,Hårt bröd ,16.3,g
173,Hårt bröd fullkorn råg fibrer ca 16% typ sport,"Fett, totalt",Hårt bröd ,1.9,g
173,Hårt bröd fullkorn råg fibrer ca 16% typ sport,"Järn, Fe",Hårt bröd ,3.4,mg
173,Hårt bröd fullkorn råg fibrer ca 16% typ sport,Energi (kJ),Hårt bröd ,1426.0,kJ
173,Hårt bröd fullkorn råg fibrer ca 16% typ sport,Energi (kcal),Hårt bröd ,341.0,kcal
173,Hårt bröd fullkorn råg fibrer ca 16% typ sport,Disackarider,Hårt bröd ,0.8,g
173,Hårt bröd fullkorn råg fibrer ca 16% typ sport,"Kalcium, Ca",Hårt bröd ,55.0,mg
173,Hårt bröd fullkorn råg fibrer ca 16% typ sport,Fettsyra 4:0-10:0,Hårt bröd ,0.0,g
173,Hårt bröd fullkorn råg fibrer ca 16% typ sport,DHA (C22:6),Hårt bröd ,0.0,g
173,Hårt bröd fullkorn råg fibrer ca 16% typ sport,DPA (C22:5),Hårt bröd ,0.0,g
173,Hårt bröd fullkorn råg fibrer ca 16% typ sport,EPA (C20:5),Hårt bröd ,0.0,g
173,Hårt bröd fullkorn råg fibrer ca 16% typ sport,Arakidonsyra C20:4,Hårt bröd ,0.0,g
173,Hårt bröd fullkorn råg fibrer ca 16% typ sport,Arakidinsyra C20:0,Hårt bröd ,0.0,g
173,Hårt bröd fullkorn råg fibrer ca 16% typ sport,Linolensyra C18:3,Hårt bröd ,0.1,g
173,Hårt bröd fullkorn råg fibrer ca 16% typ sport,Linolsyra C18:2,Hårt bröd ,0.7,g
173,Hårt bröd fullkorn råg fibrer ca 16% typ sport,Oljesyra C18:1,Hårt bröd ,0.2,g
173,Hårt bröd fullkorn råg fibrer ca 16% typ sport,Stearinsyra C18:0,Hårt bröd ,0.0,g
173,Hårt bröd fullkorn råg fibrer ca 16% typ sport,Palmitoljesyra C16:1,Hårt bröd ,0.0,g
173,Hårt bröd fullkorn råg fibrer ca 16% typ sport,Palmitinsyra C16:0,Hårt bröd ,0.2,g
173,Hårt bröd fullkorn råg fibrer ca 16% typ sport,Myristinsyra C14:0,Hårt bröd ,0.0,g
173,Hårt bröd fullkorn råg fibrer ca 16% typ sport,Laurinsyra C12:0,Hårt bröd ,0.0,g
173,Hårt bröd fullkorn råg fibrer ca 16% typ sport,Betakaroten/β-Karoten,Hårt bröd ,0.0,µg
173,Hårt bröd fullkorn råg fibrer ca 16% typ sport,Avfall (skal etc.),Hårt bröd ,0.0,%
173,Hårt bröd fullkorn råg fibrer ca 16% typ sport,Aska,Hårt bröd ,2.7,g
173,Hårt bröd fullkorn råg fibrer ca 16% typ sport,Alkohol,Hårt bröd ,0.0,g
174,Hårt bröd fullkorn råg m. sesamfrö vetekli vetegroddar fibrer 24%,"Zink, Zn",Hårt bröd ,5.3,mg
174,Hårt bröd fullkorn råg m. sesamfrö vetekli vetegroddar fibrer 24%,Vitamin E,Hårt bröd ,0.8,mg
174,Hårt bröd fullkorn råg m. sesamfrö vetekli vetegroddar fibrer 24%,Vitamin D inkl 25-OH-D3,Hårt bröd ,0.0,µg
174,Hårt bröd fullkorn råg m. sesamfrö vetekli vetegroddar fibrer 24%,Vitamin D,Hårt bröd ,0.0,µg
174,Hårt bröd fullkorn råg m. sesamfrö vetekli vetegroddar fibrer 24%,Vitamin C,Hårt bröd ,0.0,mg
174,Hårt bröd fullkorn råg m. sesamfrö vetekli vetegroddar fibrer 24%,Vitamin B6,Hårt bröd ,0.66,mg
174,Hårt bröd fullkorn råg m. sesamfrö vetekli vetegroddar fibrer 24%,Vitamin B12,Hårt bröd ,0.0,µg
174,Hårt bröd fullkorn råg m. sesamfrö vetekli vetegroddar fibrer 24%,Vitamin A,Hårt bröd ,0.0,RE/µg
174,Hårt bröd fullkorn råg m. sesamfrö vetekli vetegroddar fibrer 24%,Vatten,Hårt bröd ,5.7,g
174,Hårt bröd fullkorn råg m. sesamfrö vetekli vetegroddar fibrer 24%,Tiamin,Hårt bröd ,0.4,mg
174,Hårt bröd fullkorn råg m. sesamfrö vetekli vetegroddar fibrer 24%,Tillsatt socker,Hårt bröd ,0.0,g
174,Hårt bröd fullkorn råg m. sesamfrö vetekli vetegroddar fibrer 24%,Fritt socker,Hårt bröd ,0.0,g
174,Hårt bröd fullkorn råg m. sesamfrö vetekli vetegroddar fibrer 24%,"Selen, Se",Hårt bröd ,5.0,µg
174,Hårt bröd fullkorn råg m. sesamfrö vetekli vetegroddar fibrer 24%,Sackaros,Hårt bröd ,1.9,g
174,Hårt bröd fullkorn råg m. sesamfrö vetekli vetegroddar fibrer 24%,Riboflavin,Hårt bröd ,0.2,mg
174,Hårt bröd fullkorn råg m. sesamfrö vetekli vetegroddar fibrer 24%,Retinol,Hårt bröd ,0.0,µg
174,Hårt bröd fullkorn råg m. sesamfrö vetekli vetegroddar fibrer 24%,Protein,Hårt bröd ,13.0,g
174,Hårt bröd fullkorn råg m. sesamfrö vetekli vetegroddar fibrer 24%,Summa fleromättade fettsyror,Hårt bröd ,2.5,g
174,Hårt bröd fullkorn råg m. sesamfrö vetekli vetegroddar fibrer 24%,"Fosfor, P",Hårt bröd ,550.0,mg
174,Hårt bröd fullkorn råg m. sesamfrö vetekli vetegroddar fibrer 24%,Niacinekvivalenter,Hårt bröd ,9.14,NE/mg
174,Hårt bröd fullkorn råg m. sesamfrö vetekli vetegroddar fibrer 24%,Niacin,Hårt bröd ,6.97,mg
174,Hårt bröd fullkorn råg m. sesamfrö vetekli vetegroddar fibrer 24%,"Salt, NaCl",Hårt bröd ,1.5,g
174,Hårt bröd fullkorn råg m. sesamfrö vetekli vetegroddar fibrer 24%,"Natrium, Na",Hårt bröd ,600.0,mg
174,Hårt bröd fullkorn råg m. sesamfrö vetekli vetegroddar fibrer 24%,Monosackarider,Hårt bröd ,0.2,g
174,Hårt bröd fullkorn råg m. sesamfrö vetekli vetegroddar fibrer 24%,"Sockerarter, totalt",Hårt bröd ,2.4,g
174,Hårt bröd fullkorn råg m. sesamfrö vetekli vetegroddar fibrer 24%,Summa enkelomättade fettsyror,Hårt bröd ,2.0,g
174,Hårt bröd fullkorn råg m. sesamfrö vetekli vetegroddar fibrer 24%,"Magnesium, Mg",Hårt bröd ,190.0,mg
174,Hårt bröd fullkorn råg m. sesamfrö vetekli vetegroddar fibrer 24%,Summa mättade fettsyror,Hårt bröd ,1.0,g
174,Hårt bröd fullkorn råg m. sesamfrö vetekli vetegroddar fibrer 24%,"Kolhydrater, tillgängliga",Hårt bröd ,45.3,g
174,Hårt bröd fullkorn råg m. sesamfrö vetekli vetegroddar fibrer 24%,Kolesterol,Hårt bröd ,0.0,mg
174,Hårt bröd fullkorn råg m. sesamfrö vetekli vetegroddar fibrer 24%,"Kalium, K",Hårt bröd ,700.0,mg
174,Hårt bröd fullkorn råg m. sesamfrö vetekli vetegroddar fibrer 24%,"Jod, I",Hårt bröd ,8.0,µg
174,Hårt bröd fullkorn råg m. sesamfrö vetekli vetegroddar fibrer 24%,Fullkorn totalt,Hårt bröd ,69.0,g
174,Hårt bröd fullkorn råg m. sesamfrö vetekli vetegroddar fibrer 24%,"Folat, totalt",Hårt bröd ,70.8,µg
174,Hårt bröd fullkorn råg m. sesamfrö vetekli vetegroddar fibrer 24%,Fibrer,Hårt bröd ,24.0,g
174,Hårt bröd fullkorn råg m. sesamfrö vetekli vetegroddar fibrer 24%,"Fett, totalt",Hårt bröd ,8.2,g
174,Hårt bröd fullkorn råg m. sesamfrö vetekli vetegroddar fibrer 24%,"Järn, Fe",Hårt bröd ,8.6,mg
174,Hårt bröd fullkorn råg m. sesamfrö vetekli vetegroddar fibrer 24%,Energi (kJ),Hårt bröd ,1486.0,kJ
174,Hårt bröd fullkorn råg m. sesamfrö vetekli vetegroddar fibrer 24%,Energi (kcal),Hårt bröd ,355.0,kcal
174,Hårt bröd fullkorn råg m. sesamfrö vetekli vetegroddar fibrer 24%,Disackarider,Hårt bröd ,2.2,g
174,Hårt bröd fullkorn råg m. sesamfrö vetekli vetegroddar fibrer 24%,"Kalcium, Ca",Hårt bröd ,160.0,mg
174,Hårt bröd fullkorn råg m. sesamfrö vetekli vetegroddar fibrer 24%,Fettsyra 4:0-10:0,Hårt bröd ,0.0,g
174,Hårt bröd fullkorn råg m. sesamfrö vetekli vetegroddar fibrer 24%,DHA (C22:6),Hårt bröd ,0.0,g
174,Hårt bröd fullkorn råg m. sesamfrö vetekli vetegroddar fibrer 24%,DPA (C22:5),Hårt bröd ,0.0,g
174,Hårt bröd fullkorn råg m. sesamfrö vetekli vetegroddar fibrer 24%,EPA (C20:5),Hårt bröd ,0.0,g
174,Hårt bröd fullkorn råg m. sesamfrö vetekli vetegroddar fibrer 24%,Arakidonsyra C20:4,Hårt bröd ,0.0,g
174,Hårt bröd fullkorn råg m. sesamfrö vetekli vetegroddar fibrer 24%,Arakidinsyra C20:0,Hårt bröd ,0.0,g
174,Hårt bröd fullkorn råg m. sesamfrö vetekli vetegroddar fibrer 24%,Linolensyra C18:3,Hårt bröd ,0.1,g
174,Hårt bröd fullkorn råg m. sesamfrö vetekli vetegroddar fibrer 24%,Linolsyra C18:2,Hårt bröd ,2.4,g
174,Hårt bröd fullkorn råg m. sesamfrö vetekli vetegroddar fibrer 24%,Oljesyra C18:1,Hårt bröd ,2.0,g
174,Hårt bröd fullkorn råg m. sesamfrö vetekli vetegroddar fibrer 24%,Stearinsyra C18:0,Hårt bröd ,0.3,g
174,Hårt bröd fullkorn råg m. sesamfrö vetekli vetegroddar fibrer 24%,Palmitoljesyra C16:1,Hårt bröd ,0.0,g
174,Hårt bröd fullkorn råg m. sesamfrö vetekli vetegroddar fibrer 24%,Palmitinsyra C16:0,Hårt bröd ,0.6,g
174,Hårt bröd fullkorn råg m. sesamfrö vetekli vetegroddar fibrer 24%,Myristinsyra C14:0,Hårt bröd ,0.0,g
174,Hårt bröd fullkorn råg m. sesamfrö vetekli vetegroddar fibrer 24%,Laurinsyra C12:0,Hårt bröd ,0.0,g
174,Hårt bröd fullkorn råg m. sesamfrö vetekli vetegroddar fibrer 24%,Betakaroten/β-Karoten,Hårt bröd ,0.0,µg
174,Hårt bröd fullkorn råg m. sesamfrö vetekli vetegroddar fibrer 24%,Avfall (skal etc.),Hårt bröd ,0.0,%
174,Hårt bröd fullkorn råg m. sesamfrö vetekli vetegroddar fibrer 24%,Aska,Hårt bröd ,3.8,g
174,Hårt bröd fullkorn råg m. sesamfrö vetekli vetegroddar fibrer 24%,Alkohol,Hårt bröd ,0.0,g
175,"Hårt bröd fullkorn råg fibrer 15,5% typ delikatess","Zink, Zn",Hårt bröd ,3.1,mg
175,"Hårt bröd fullkorn råg fibrer 15,5% typ delikatess",Vitamin E,Hårt bröd ,0.7,mg
175,"Hårt bröd fullkorn råg fibrer 15,5% typ delikatess",Vitamin D inkl 25-OH-D3,Hårt bröd ,0.0,µg
175,"Hårt bröd fullkorn råg fibrer 15,5% typ delikatess",Vitamin D,Hårt bröd ,0.0,µg
175,"Hårt bröd fullkorn råg fibrer 15,5% typ delikatess",Vitamin C,Hårt bröd ,0.0,mg
175,"Hårt bröd fullkorn råg fibrer 15,5% typ delikatess",Vitamin B6,Hårt bröd ,0.31,mg
175,"Hårt bröd fullkorn råg fibrer 15,5% typ delikatess",Vitamin B12,Hårt bröd ,0.15,µg
175,"Hårt bröd fullkorn råg fibrer 15,5% typ delikatess",Vitamin A,Hårt bröd ,0.0,RE/µg
175,"Hårt bröd fullkorn råg fibrer 15,5% typ delikatess",Vatten,Hårt bröd ,5.3,g
175,"Hårt bröd fullkorn råg fibrer 15,5% typ delikatess",Tiamin,Hårt bröd ,0.3,mg
175,"Hårt bröd fullkorn råg fibrer 15,5% typ delikatess",Tillsatt socker,Hårt bröd ,0.0,g
175,"Hårt bröd fullkorn råg fibrer 15,5% typ delikatess",Fritt socker,Hårt bröd ,0.0,g
175,"Hårt bröd fullkorn råg fibrer 15,5% typ delikatess","Selen, Se",Hårt bröd ,2.0,µg
175,"Hårt bröd fullkorn råg fibrer 15,5% typ delikatess",Sackaros,Hårt bröd ,1.6,g
175,"Hårt bröd fullkorn råg fibrer 15,5% typ delikatess",Riboflavin,Hårt bröd ,0.3,mg
175,"Hårt bröd fullkorn råg fibrer 15,5% typ delikatess",Retinol,Hårt bröd ,0.0,µg
175,"Hårt bröd fullkorn råg fibrer 15,5% typ delikatess",Protein,Hårt bröd ,10.0,g
175,"Hårt bröd fullkorn råg fibrer 15,5% typ delikatess",Summa fleromättade fettsyror,Hårt bröd ,0.9,g
175,"Hårt bröd fullkorn råg fibrer 15,5% typ delikatess","Fosfor, P",Hårt bröd ,335.0,mg
175,"Hårt bröd fullkorn råg fibrer 15,5% typ delikatess",Niacinekvivalenter,Hårt bröd ,2.57,NE/mg
175,"Hårt bröd fullkorn råg fibrer 15,5% typ delikatess",Niacin,Hårt bröd ,0.92,mg
175,"Hårt bröd fullkorn råg fibrer 15,5% typ delikatess","Salt, NaCl",Hårt bröd ,1.2,g
175,"Hårt bröd fullkorn råg fibrer 15,5% typ delikatess","Natrium, Na",Hårt bröd ,500.0,mg
175,"Hårt bröd fullkorn råg fibrer 15,5% typ delikatess",Monosackarider,Hårt bröd ,0.2,g
175,"Hårt bröd fullkorn råg fibrer 15,5% typ delikatess","Sockerarter, totalt",Hårt bröd ,2.5,g
175,"Hårt bröd fullkorn råg fibrer 15,5% typ delikatess",Summa enkelomättade fettsyror,Hårt bröd ,0.3,g
175,"Hårt bröd fullkorn råg fibrer 15,5% typ delikatess","Magnesium, Mg",Hårt bröd ,110.0,mg
175,"Hårt bröd fullkorn råg fibrer 15,5% typ delikatess",Summa mättade fettsyror,Hårt bröd ,0.3,g
175,"Hårt bröd fullkorn råg fibrer 15,5% typ delikatess","Kolhydrater, tillgängliga",Hårt bröd ,64.7,g
175,"Hårt bröd fullkorn råg fibrer 15,5% typ delikatess",Kolesterol,Hårt bröd ,1.0,mg
175,"Hårt bröd fullkorn råg fibrer 15,5% typ delikatess","Kalium, K",Hårt bröd ,490.0,mg
175,"Hårt bröd fullkorn råg fibrer 15,5% typ delikatess","Jod, I",Hårt bröd ,6.8,µg
175,"Hårt bröd fullkorn råg fibrer 15,5% typ delikatess",Fullkorn totalt,Hårt bröd ,100.0,g
175,"Hårt bröd fullkorn råg fibrer 15,5% typ delikatess","Folat, totalt",Hårt bröd ,39.2,µg
175,"Hårt bröd fullkorn råg fibrer 15,5% typ delikatess",Fibrer,Hårt bröd ,15.5,g
175,"Hårt bröd fullkorn råg fibrer 15,5% typ delikatess","Fett, totalt",Hårt bröd ,2.0,g
175,"Hårt bröd fullkorn råg fibrer 15,5% typ delikatess","Järn, Fe",Hårt bröd ,3.2,mg
175,"Hårt bröd fullkorn råg fibrer 15,5% typ delikatess",Energi (kJ),Hårt bröd ,1468.0,kJ
175,"Hårt bröd fullkorn råg fibrer 15,5% typ delikatess",Energi (kcal),Hårt bröd ,351.0,kcal
175,"Hårt bröd fullkorn råg fibrer 15,5% typ delikatess",Disackarider,Hårt bröd ,2.3,g
175,"Hårt bröd fullkorn råg fibrer 15,5% typ delikatess","Kalcium, Ca",Hårt bröd ,50.0,mg
175,"Hårt bröd fullkorn råg fibrer 15,5% typ delikatess",Fettsyra 4:0-10:0,Hårt bröd ,0.0,g
175,"Hårt bröd fullkorn råg fibrer 15,5% typ delikatess",DHA (C22:6),Hårt bröd ,0.0,g
175,"Hårt bröd fullkorn råg fibrer 15,5% typ delikatess",DPA (C22:5),Hårt bröd ,0.0,g
175,"Hårt bröd fullkorn råg fibrer 15,5% typ delikatess",EPA (C20:5),Hårt bröd ,0.0,g
175,"Hårt bröd fullkorn råg fibrer 15,5% typ delikatess",Arakidonsyra C20:4,Hårt bröd ,0.0,g
175,"Hårt bröd fullkorn råg fibrer 15,5% typ delikatess",Arakidinsyra C20:0,Hårt bröd ,0.0,g
175,"Hårt bröd fullkorn råg fibrer 15,5% typ delikatess",Linolensyra C18:3,Hårt bröd ,0.1,g
175,"Hårt bröd fullkorn råg fibrer 15,5% typ delikatess",Linolsyra C18:2,Hårt bröd ,0.8,g
175,"Hårt bröd fullkorn råg fibrer 15,5% typ delikatess",Oljesyra C18:1,Hårt bröd ,0.2,g
175,"Hårt bröd fullkorn råg fibrer 15,5% typ delikatess",Stearinsyra C18:0,Hårt bröd ,0.0,g
175,"Hårt bröd fullkorn råg fibrer 15,5% typ delikatess",Palmitoljesyra C16:1,Hårt bröd ,0.0,g
175,"Hårt bröd fullkorn råg fibrer 15,5% typ delikatess",Palmitinsyra C16:0,Hårt bröd ,0.2,g
175,"Hårt bröd fullkorn råg fibrer 15,5% typ delikatess",Myristinsyra C14:0,Hårt bröd ,0.0,g
175,"Hårt bröd fullkorn råg fibrer 15,5% typ delikatess",Laurinsyra C12:0,Hårt bröd ,0.0,g
175,"Hårt bröd fullkorn råg fibrer 15,5% typ delikatess",Betakaroten/β-Karoten,Hårt bröd ,0.0,µg
175,"Hårt bröd fullkorn råg fibrer 15,5% typ delikatess",Avfall (skal etc.),Hårt bröd ,0.0,%
175,"Hårt bröd fullkorn råg fibrer 15,5% typ delikatess",Aska,Hårt bröd ,2.5,g
175,"Hårt bröd fullkorn råg fibrer 15,5% typ delikatess",Alkohol,Hårt bröd ,0.0,g
178,Hårt bröd fullkorn havre vete råg m. mjölk fibrer 8%,"Zink, Zn",Hårt bröd ,2.2,mg
178,Hårt bröd fullkorn havre vete råg m. mjölk fibrer 8%,Vitamin E,Hårt bröd ,0.9,mg
178,Hårt bröd fullkorn havre vete råg m. mjölk fibrer 8%,Vitamin D inkl 25-OH-D3,Hårt bröd ,0.0,µg
178,Hårt bröd fullkorn havre vete råg m. mjölk fibrer 8%,Vitamin D,Hårt bröd ,0.0,µg
178,Hårt bröd fullkorn havre vete råg m. mjölk fibrer 8%,Vitamin C,Hårt bröd ,0.0,mg
178,Hårt bröd fullkorn havre vete råg m. mjölk fibrer 8%,Vitamin B6,Hårt bröd ,0.21,mg
178,Hårt bröd fullkorn havre vete råg m. mjölk fibrer 8%,Vitamin B12,Hårt bröd ,0.27,µg
178,Hårt bröd fullkorn havre vete råg m. mjölk fibrer 8%,Vitamin A,Hårt bröd ,2.0,RE/µg
178,Hårt bröd fullkorn havre vete råg m. mjölk fibrer 8%,Vatten,Hårt bröd ,7.5,g
178,Hårt bröd fullkorn havre vete råg m. mjölk fibrer 8%,Tiamin,Hårt bröd ,0.2,mg
178,Hårt bröd fullkorn havre vete råg m. mjölk fibrer 8%,Tillsatt socker,Hårt bröd ,0.0,g
178,Hårt bröd fullkorn havre vete råg m. mjölk fibrer 8%,Fritt socker,Hårt bröd ,0.0,g
178,Hårt bröd fullkorn havre vete råg m. mjölk fibrer 8%,"Selen, Se",Hårt bröd ,2.0,µg
178,Hårt bröd fullkorn havre vete råg m. mjölk fibrer 8%,Sackaros,Hårt bröd ,0.1,g
178,Hårt bröd fullkorn havre vete råg m. mjölk fibrer 8%,Riboflavin,Hårt bröd ,0.1,mg
178,Hårt bröd fullkorn havre vete råg m. mjölk fibrer 8%,Retinol,Hårt bröd ,1.7,µg
178,Hårt bröd fullkorn havre vete råg m. mjölk fibrer 8%,Protein,Hårt bröd ,13.0,g
178,Hårt bröd fullkorn havre vete råg m. mjölk fibrer 8%,Summa fleromättade fettsyror,Hårt bröd ,1.7,g
178,Hårt bröd fullkorn havre vete råg m. mjölk fibrer 8%,"Fosfor, P",Hårt bröd ,350.0,mg
178,Hårt bröd fullkorn havre vete råg m. mjölk fibrer 8%,Niacinekvivalenter,Hårt bröd ,3.57,NE/mg
178,Hårt bröd fullkorn havre vete råg m. mjölk fibrer 8%,Niacin,Hårt bröd ,1.37,mg
178,Hårt bröd fullkorn havre vete råg m. mjölk fibrer 8%,"Salt, NaCl",Hårt bröd ,1.2,g
178,Hårt bröd fullkorn havre vete råg m. mjölk fibrer 8%,"Natrium, Na",Hårt bröd ,500.0,mg
178,Hårt bröd fullkorn havre vete råg m. mjölk fibrer 8%,Monosackarider,Hårt bröd ,0.4,g
178,Hårt bröd fullkorn havre vete råg m. mjölk fibrer 8%,"Sockerarter, totalt",Hårt bröd ,3.1,g
178,Hårt bröd fullkorn havre vete råg m. mjölk fibrer 8%,Summa enkelomättade fettsyror,Hårt bröd ,1.8,g
178,Hårt bröd fullkorn havre vete råg m. mjölk fibrer 8%,"Magnesium, Mg",Hårt bröd ,92.0,mg
178,Hårt bröd fullkorn havre vete råg m. mjölk fibrer 8%,Summa mättade fettsyror,Hårt bröd ,1.0,g
178,Hårt bröd fullkorn havre vete råg m. mjölk fibrer 8%,"Kolhydrater, tillgängliga",Hårt bröd ,61.7,g
178,Hårt bröd fullkorn havre vete råg m. mjölk fibrer 8%,Kolesterol,Hårt bröd ,1.0,mg
178,Hårt bröd fullkorn havre vete råg m. mjölk fibrer 8%,"Kalium, K",Hårt bröd ,430.0,mg
178,Hårt bröd fullkorn havre vete råg m. mjölk fibrer 8%,"Jod, I",Hårt bröd ,12.0,µg
178,Hårt bröd fullkorn havre vete råg m. mjölk fibrer 8%,Fullkorn totalt,Hårt bröd ,57.0,g
178,Hårt bröd fullkorn havre vete råg m. mjölk fibrer 8%,"Folat, totalt",Hårt bröd ,55.4,µg
178,Hårt bröd fullkorn havre vete råg m. mjölk fibrer 8%,Fibrer,Hårt bröd ,8.0,g
178,Hårt bröd fullkorn havre vete råg m. mjölk fibrer 8%,"Fett, totalt",Hårt bröd ,6.8,g
178,Hårt bröd fullkorn havre vete råg m. mjölk fibrer 8%,"Järn, Fe",Hårt bröd ,3.0,mg
178,Hårt bröd fullkorn havre vete råg m. mjölk fibrer 8%,Energi (kJ),Hårt bröd ,1586.0,kJ
178,Hårt bröd fullkorn havre vete råg m. mjölk fibrer 8%,Energi (kcal),Hårt bröd ,379.0,kcal
178,Hårt bröd fullkorn havre vete råg m. mjölk fibrer 8%,Disackarider,Hårt bröd ,2.7,g
178,Hårt bröd fullkorn havre vete råg m. mjölk fibrer 8%,"Kalcium, Ca",Hårt bröd ,105.0,mg
178,Hårt bröd fullkorn havre vete råg m. mjölk fibrer 8%,Fettsyra 4:0-10:0,Hårt bröd ,0.0,g
178,Hårt bröd fullkorn havre vete råg m. mjölk fibrer 8%,DHA (C22:6),Hårt bröd ,0.0,g
178,Hårt bröd fullkorn havre vete råg m. mjölk fibrer 8%,DPA (C22:5),Hårt bröd ,0.0,g
178,Hårt bröd fullkorn havre vete råg m. mjölk fibrer 8%,EPA (C20:5),Hårt bröd ,0.0,g
178,Hårt bröd fullkorn havre vete råg m. mjölk fibrer 8%,Arakidonsyra C20:4,Hårt bröd ,0.0,g
178,Hårt bröd fullkorn havre vete råg m. mjölk fibrer 8%,Arakidinsyra C20:0,Hårt bröd ,0.0,g
178,Hårt bröd fullkorn havre vete råg m. mjölk fibrer 8%,Linolensyra C18:3,Hårt bröd ,0.1,g
178,Hårt bröd fullkorn havre vete råg m. mjölk fibrer 8%,Linolsyra C18:2,Hårt bröd ,1.6,g
178,Hårt bröd fullkorn havre vete råg m. mjölk fibrer 8%,Oljesyra C18:1,Hårt bröd ,1.7,g
178,Hårt bröd fullkorn havre vete råg m. mjölk fibrer 8%,Stearinsyra C18:0,Hårt bröd ,0.2,g
178,Hårt bröd fullkorn havre vete råg m. mjölk fibrer 8%,Palmitoljesyra C16:1,Hårt bröd ,0.0,g
178,Hårt bröd fullkorn havre vete råg m. mjölk fibrer 8%,Palmitinsyra C16:0,Hårt bröd ,0.8,g
178,Hårt bröd fullkorn havre vete råg m. mjölk fibrer 8%,Myristinsyra C14:0,Hårt bröd ,0.0,g
178,Hårt bröd fullkorn havre vete råg m. mjölk fibrer 8%,Laurinsyra C12:0,Hårt bröd ,0.0,g
178,Hårt bröd fullkorn havre vete råg m. mjölk fibrer 8%,Betakaroten/β-Karoten,Hårt bröd ,0.0,µg
178,Hårt bröd fullkorn havre vete råg m. mjölk fibrer 8%,Avfall (skal etc.),Hårt bröd ,0.0,%
178,Hårt bröd fullkorn havre vete råg m. mjölk fibrer 8%,Aska,Hårt bröd ,3.0,g
178,Hårt bröd fullkorn havre vete råg m. mjölk fibrer 8%,Alkohol,Hårt bröd ,0.0,g
180,Hårt bröd vete m. vallmofrö fibrer 6% typ frukost,"Zink, Zn",Hårt bröd ,1.5,mg
180,Hårt bröd vete m. vallmofrö fibrer 6% typ frukost,Vitamin E,Hårt bröd ,1.1,mg
180,Hårt bröd vete m. vallmofrö fibrer 6% typ frukost,Vitamin D inkl 25-OH-D3,Hårt bröd ,0.0,µg
180,Hårt bröd vete m. vallmofrö fibrer 6% typ frukost,Vitamin D,Hårt bröd ,0.0,µg
180,Hårt bröd vete m. vallmofrö fibrer 6% typ frukost,Vitamin C,Hårt bröd ,0.0,mg
180,Hårt bröd vete m. vallmofrö fibrer 6% typ frukost,Vitamin B6,Hårt bröd ,0.17,mg
180,Hårt bröd vete m. vallmofrö fibrer 6% typ frukost,Vitamin B12,Hårt bröd ,0.0,µg
180,Hårt bröd vete m. vallmofrö fibrer 6% typ frukost,Vitamin A,Hårt bröd ,0.4,RE/µg
180,Hårt bröd vete m. vallmofrö fibrer 6% typ frukost,Vatten,Hårt bröd ,5.0,g
180,Hårt bröd vete m. vallmofrö fibrer 6% typ frukost,Tiamin,Hårt bröd ,0.2,mg
180,Hårt bröd vete m. vallmofrö fibrer 6% typ frukost,Tillsatt socker,Hårt bröd ,4.0,g
180,Hårt bröd vete m. vallmofrö fibrer 6% typ frukost,Fritt socker,Hårt bröd ,4.0,g
180,Hårt bröd vete m. vallmofrö fibrer 6% typ frukost,"Selen, Se",Hårt bröd ,2.9,µg
180,Hårt bröd vete m. vallmofrö fibrer 6% typ frukost,Sackaros,Hårt bröd ,0.3,g
180,Hårt bröd vete m. vallmofrö fibrer 6% typ frukost,Riboflavin,Hårt bröd ,0.1,mg
180,Hårt bröd vete m. vallmofrö fibrer 6% typ frukost,Retinol,Hårt bröd ,0.0,µg
180,Hårt bröd vete m. vallmofrö fibrer 6% typ frukost,Protein,Hårt bröd ,11.0,g
180,Hårt bröd vete m. vallmofrö fibrer 6% typ frukost,Summa fleromättade fettsyror,Hårt bröd ,2.2,g
180,Hårt bröd vete m. vallmofrö fibrer 6% typ frukost,"Fosfor, P",Hårt bröd ,220.0,mg
180,Hårt bröd vete m. vallmofrö fibrer 6% typ frukost,Niacinekvivalenter,Hårt bröd ,3.66,NE/mg
180,Hårt bröd vete m. vallmofrö fibrer 6% typ frukost,Niacin,Hårt bröd ,1.83,mg
180,Hårt bröd vete m. vallmofrö fibrer 6% typ frukost,"Salt, NaCl",Hårt bröd ,1.0,g
180,Hårt bröd vete m. vallmofrö fibrer 6% typ frukost,"Natrium, Na",Hårt bröd ,400.0,mg
180,Hårt bröd vete m. vallmofrö fibrer 6% typ frukost,Monosackarider,Hårt bröd ,2.4,g
180,Hårt bröd vete m. vallmofrö fibrer 6% typ frukost,"Sockerarter, totalt",Hårt bröd ,4.2,g
180,Hårt bröd vete m. vallmofrö fibrer 6% typ frukost,Summa enkelomättade fettsyror,Hårt bröd ,2.1,g
180,Hårt bröd vete m. vallmofrö fibrer 6% typ frukost,"Magnesium, Mg",Hårt bröd ,50.0,mg
180,Hårt bröd vete m. vallmofrö fibrer 6% typ frukost,Summa mättade fettsyror,Hårt bröd ,1.4,g
180,Hårt bröd vete m. vallmofrö fibrer 6% typ frukost,"Kolhydrater, tillgängliga",Hårt bröd ,67.7,g
180,Hårt bröd vete m. vallmofrö fibrer 6% typ frukost,Kolesterol,Hårt bröd ,0.0,mg
180,Hårt bröd vete m. vallmofrö fibrer 6% typ frukost,"Kalium, K",Hårt bröd ,260.0,mg
180,Hårt bröd vete m. vallmofrö fibrer 6% typ frukost,"Jod, I",Hårt bröd ,2.0,µg
180,Hårt bröd vete m. vallmofrö fibrer 6% typ frukost,Fullkorn totalt,Hårt bröd ,0.0,g
180,Hårt bröd vete m. vallmofrö fibrer 6% typ frukost,"Folat, totalt",Hårt bröd ,74.9,µg
180,Hårt bröd vete m. vallmofrö fibrer 6% typ frukost,Fibrer,Hårt bröd ,6.0,g
180,Hårt bröd vete m. vallmofrö fibrer 6% typ frukost,"Fett, totalt",Hårt bröd ,8.5,g
180,Hårt bröd vete m. vallmofrö fibrer 6% typ frukost,"Järn, Fe",Hårt bröd ,2.1,mg
180,Hårt bröd vete m. vallmofrö fibrer 6% typ frukost,Energi (kJ),Hårt bröd ,1700.0,kJ
180,Hårt bröd vete m. vallmofrö fibrer 6% typ frukost,Energi (kcal),Hårt bröd ,406.0,kcal
180,Hårt bröd vete m. vallmofrö fibrer 6% typ frukost,Disackarider,Hårt bröd ,1.8,g
180,Hårt bröd vete m. vallmofrö fibrer 6% typ frukost,"Kalcium, Ca",Hårt bröd ,70.0,mg
180,Hårt bröd vete m. vallmofrö fibrer 6% typ frukost,Fettsyra 4:0-10:0,Hårt bröd ,0.0,g
180,Hårt bröd vete m. vallmofrö fibrer 6% typ frukost,DHA (C22:6),Hårt bröd ,0.0,g
180,Hårt bröd vete m. vallmofrö fibrer 6% typ frukost,DPA (C22:5),Hårt bröd ,0.0,g
180,Hårt bröd vete m. vallmofrö fibrer 6% typ frukost,EPA (C20:5),Hårt bröd ,0.0,g
180,Hårt bröd vete m. vallmofrö fibrer 6% typ frukost,Arakidonsyra C20:4,Hårt bröd ,0.0,g
180,Hårt bröd vete m. vallmofrö fibrer 6% typ frukost,Arakidinsyra C20:0,Hårt bröd ,0.0,g
180,Hårt bröd vete m. vallmofrö fibrer 6% typ frukost,Linolensyra C18:3,Hårt bröd ,0.1,g
180,Hårt bröd vete m. vallmofrö fibrer 6% typ frukost,Linolsyra C18:2,Hårt bröd ,2.1,g
180,Hårt bröd vete m. vallmofrö fibrer 6% typ frukost,Oljesyra C18:1,Hårt bröd ,2.1,g
180,Hårt bröd vete m. vallmofrö fibrer 6% typ frukost,Stearinsyra C18:0,Hårt bröd ,0.2,g
180,Hårt bröd vete m. vallmofrö fibrer 6% typ frukost,Palmitoljesyra C16:1,Hårt bröd ,0.0,g
180,Hårt bröd vete m. vallmofrö fibrer 6% typ frukost,Palmitinsyra C16:0,Hårt bröd ,1.1,g
180,Hårt bröd vete m. vallmofrö fibrer 6% typ frukost,Myristinsyra C14:0,Hårt bröd ,0.0,g
180,Hårt bröd vete m. vallmofrö fibrer 6% typ frukost,Laurinsyra C12:0,Hårt bröd ,0.0,g
180,Hårt bröd vete m. vallmofrö fibrer 6% typ frukost,Betakaroten/β-Karoten,Hårt bröd ,5.0,µg
180,Hårt bröd vete m. vallmofrö fibrer 6% typ frukost,Avfall (skal etc.),Hårt bröd ,0.0,%
180,Hårt bröd vete m. vallmofrö fibrer 6% typ frukost,Aska,Hårt bröd ,1.8,g
180,Hårt bröd vete m. vallmofrö fibrer 6% typ frukost,Alkohol,Hårt bröd ,0.0,g
181,Hårt bröd vete m. socker kanel fibrer ca 7%,"Zink, Zn",Hårt bröd ,1.2,mg
181,Hårt bröd vete m. socker kanel fibrer ca 7%,Vitamin E,Hårt bröd ,1.7,mg
181,Hårt bröd vete m. socker kanel fibrer ca 7%,Vitamin D inkl 25-OH-D3,Hårt bröd ,0.0,µg
181,Hårt bröd vete m. socker kanel fibrer ca 7%,Vitamin D,Hårt bröd ,0.0,µg
181,Hårt bröd vete m. socker kanel fibrer ca 7%,Vitamin C,Hårt bröd ,0.0,mg
181,Hårt bröd vete m. socker kanel fibrer ca 7%,Vitamin B6,Hårt bröd ,0.15,mg
181,Hårt bröd vete m. socker kanel fibrer ca 7%,Vitamin B12,Hårt bröd ,0.0,µg
181,Hårt bröd vete m. socker kanel fibrer ca 7%,Vitamin A,Hårt bröd ,0.4,RE/µg
181,Hårt bröd vete m. socker kanel fibrer ca 7%,Vatten,Hårt bröd ,6.2,g
181,Hårt bröd vete m. socker kanel fibrer ca 7%,Tiamin,Hårt bröd ,0.2,mg
181,Hårt bröd vete m. socker kanel fibrer ca 7%,Tillsatt socker,Hårt bröd ,13.0,g
181,Hårt bröd vete m. socker kanel fibrer ca 7%,Fritt socker,Hårt bröd ,13.0,g
181,Hårt bröd vete m. socker kanel fibrer ca 7%,"Selen, Se",Hårt bröd ,1.5,µg
181,Hårt bröd vete m. socker kanel fibrer ca 7%,Sackaros,Hårt bröd ,6.3,g
181,Hårt bröd vete m. socker kanel fibrer ca 7%,Riboflavin,Hårt bröd ,0.1,mg
181,Hårt bröd vete m. socker kanel fibrer ca 7%,Retinol,Hårt bröd ,0.0,µg
181,Hårt bröd vete m. socker kanel fibrer ca 7%,Protein,Hårt bröd ,10.0,g
181,Hårt bröd vete m. socker kanel fibrer ca 7%,Summa fleromättade fettsyror,Hårt bröd ,1.2,g
181,Hårt bröd vete m. socker kanel fibrer ca 7%,"Fosfor, P",Hårt bröd ,190.0,mg
181,Hårt bröd vete m. socker kanel fibrer ca 7%,Niacinekvivalenter,Hårt bröd ,3.9,NE/mg
181,Hårt bröd vete m. socker kanel fibrer ca 7%,Niacin,Hårt bröd ,2.19,mg
181,Hårt bröd vete m. socker kanel fibrer ca 7%,"Salt, NaCl",Hårt bröd ,1.0,g
181,Hårt bröd vete m. socker kanel fibrer ca 7%,"Natrium, Na",Hårt bröd ,400.0,mg
181,Hårt bröd vete m. socker kanel fibrer ca 7%,Monosackarider,Hårt bröd ,5.8,g
181,Hårt bröd vete m. socker kanel fibrer ca 7%,"Sockerarter, totalt",Hårt bröd ,12.8,g
181,Hårt bröd vete m. socker kanel fibrer ca 7%,Summa enkelomättade fettsyror,Hårt bröd ,2.6,g
181,Hårt bröd vete m. socker kanel fibrer ca 7%,"Magnesium, Mg",Hårt bröd ,50.0,mg
181,Hårt bröd vete m. socker kanel fibrer ca 7%,Summa mättade fettsyror,Hårt bröd ,1.8,g
181,Hårt bröd vete m. socker kanel fibrer ca 7%,"Kolhydrater, tillgängliga",Hårt bröd ,67.7,g
181,Hårt bröd vete m. socker kanel fibrer ca 7%,Kolesterol,Hårt bröd ,1.0,mg
181,Hårt bröd vete m. socker kanel fibrer ca 7%,"Kalium, K",Hårt bröd ,150.0,mg
181,Hårt bröd vete m. socker kanel fibrer ca 7%,"Jod, I",Hårt bröd ,2.0,µg
181,Hårt bröd vete m. socker kanel fibrer ca 7%,Fullkorn totalt,Hårt bröd ,0.0,g
181,Hårt bröd vete m. socker kanel fibrer ca 7%,"Folat, totalt",Hårt bröd ,40.3,µg
181,Hårt bröd vete m. socker kanel fibrer ca 7%,Fibrer,Hårt bröd ,6.7,g
181,Hårt bröd vete m. socker kanel fibrer ca 7%,"Fett, totalt",Hårt bröd ,7.8,g
181,Hårt bröd vete m. socker kanel fibrer ca 7%,"Järn, Fe",Hårt bröd ,1.6,mg
181,Hårt bröd vete m. socker kanel fibrer ca 7%,Energi (kJ),Hårt bröd ,1663.0,kJ
181,Hårt bröd vete m. socker kanel fibrer ca 7%,Energi (kcal),Hårt bröd ,398.0,kcal
181,Hårt bröd vete m. socker kanel fibrer ca 7%,Disackarider,Hårt bröd ,7.0,g
181,Hårt bröd vete m. socker kanel fibrer ca 7%,"Kalcium, Ca",Hårt bröd ,45.0,mg
181,Hårt bröd vete m. socker kanel fibrer ca 7%,Fettsyra 4:0-10:0,Hårt bröd ,0.0,g
181,Hårt bröd vete m. socker kanel fibrer ca 7%,DHA (C22:6),Hårt bröd ,0.0,g
181,Hårt bröd vete m. socker kanel fibrer ca 7%,DPA (C22:5),Hårt bröd ,0.0,g
181,Hårt bröd vete m. socker kanel fibrer ca 7%,EPA (C20:5),Hårt bröd ,0.0,g
181,Hårt bröd vete m. socker kanel fibrer ca 7%,Arakidonsyra C20:4,Hårt bröd ,0.0,g
181,Hårt bröd vete m. socker kanel fibrer ca 7%,Arakidinsyra C20:0,Hårt bröd ,0.0,g
181,Hårt bröd vete m. socker kanel fibrer ca 7%,Linolensyra C18:3,Hårt bröd ,0.1,g
181,Hårt bröd vete m. socker kanel fibrer ca 7%,Linolsyra C18:2,Hårt bröd ,1.1,g
181,Hårt bröd vete m. socker kanel fibrer ca 7%,Oljesyra C18:1,Hårt bröd ,2.6,g
181,Hårt bröd vete m. socker kanel fibrer ca 7%,Stearinsyra C18:0,Hårt bröd ,0.3,g
181,Hårt bröd vete m. socker kanel fibrer ca 7%,Palmitoljesyra C16:1,Hårt bröd ,0.0,g
181,Hårt bröd vete m. socker kanel fibrer ca 7%,Palmitinsyra C16:0,Hårt bröd ,1.4,g
181,Hårt bröd vete m. socker kanel fibrer ca 7%,Myristinsyra C14:0,Hårt bröd ,0.0,g
181,Hårt bröd vete m. socker kanel fibrer ca 7%,Laurinsyra C12:0,Hårt bröd ,0.0,g
181,Hårt bröd vete m. socker kanel fibrer ca 7%,Betakaroten/β-Karoten,Hårt bröd ,5.0,µg
181,Hårt bröd vete m. socker kanel fibrer ca 7%,Avfall (skal etc.),Hårt bröd ,0.0,%
181,Hårt bröd vete m. socker kanel fibrer ca 7%,Aska,Hårt bröd ,1.6,g
181,Hårt bröd vete m. socker kanel fibrer ca 7%,Alkohol,Hårt bröd ,0.0,g
182,Hårt bröd glutenfritt fibrer ca 3%,"Zink, Zn",Hårt bröd ,1.2,mg
182,Hårt bröd glutenfritt fibrer ca 3%,Vitamin E,Hårt bröd ,0.9,mg
182,Hårt bröd glutenfritt fibrer ca 3%,Vitamin D inkl 25-OH-D3,Hårt bröd ,0.0,µg
182,Hårt bröd glutenfritt fibrer ca 3%,Vitamin D,Hårt bröd ,0.0,µg
182,Hårt bröd glutenfritt fibrer ca 3%,Vitamin C,Hårt bröd ,0.0,mg
182,Hårt bröd glutenfritt fibrer ca 3%,Vitamin B6,Hårt bröd ,0.16,mg
182,Hårt bröd glutenfritt fibrer ca 3%,Vitamin B12,Hårt bröd ,0.12,µg
182,Hårt bröd glutenfritt fibrer ca 3%,Vitamin A,Hårt bröd ,0.5,RE/µg
182,Hårt bröd glutenfritt fibrer ca 3%,Vatten,Hårt bröd ,8.1,g
182,Hårt bröd glutenfritt fibrer ca 3%,Tiamin,Hårt bröd ,0.1,mg
182,Hårt bröd glutenfritt fibrer ca 3%,Tillsatt socker,Hårt bröd ,4.0,g
182,Hårt bröd glutenfritt fibrer ca 3%,Fritt socker,Hårt bröd ,4.0,g
182,Hårt bröd glutenfritt fibrer ca 3%,"Selen, Se",Hårt bröd ,3.5,µg
182,Hårt bröd glutenfritt fibrer ca 3%,Sackaros,Hårt bröd ,0.1,g
182,Hårt bröd glutenfritt fibrer ca 3%,Riboflavin,Hårt bröd ,0.3,mg
182,Hårt bröd glutenfritt fibrer ca 3%,Retinol,Hårt bröd ,0.0,µg
182,Hårt bröd glutenfritt fibrer ca 3%,Protein,Hårt bröd ,10.0,g
182,Hårt bröd glutenfritt fibrer ca 3%,Summa fleromättade fettsyror,Hårt bröd ,0.5,g
182,Hårt bröd glutenfritt fibrer ca 3%,"Fosfor, P",Hårt bröd ,180.0,mg
182,Hårt bröd glutenfritt fibrer ca 3%,Niacinekvivalenter,Hårt bröd ,3.11,NE/mg
182,Hårt bröd glutenfritt fibrer ca 3%,Niacin,Hårt bröd ,1.44,mg
182,Hårt bröd glutenfritt fibrer ca 3%,"Salt, NaCl",Hårt bröd ,2.0,g
182,Hårt bröd glutenfritt fibrer ca 3%,"Natrium, Na",Hårt bröd ,800.0,mg
182,Hårt bröd glutenfritt fibrer ca 3%,Monosackarider,Hårt bröd ,0.9,g
182,Hårt bröd glutenfritt fibrer ca 3%,"Sockerarter, totalt",Hårt bröd ,3.8,g
182,Hårt bröd glutenfritt fibrer ca 3%,Summa enkelomättade fettsyror,Hårt bröd ,1.6,g
182,Hårt bröd glutenfritt fibrer ca 3%,"Magnesium, Mg",Hårt bröd ,34.0,mg
182,Hårt bröd glutenfritt fibrer ca 3%,Summa mättade fettsyror,Hårt bröd ,2.3,g
182,Hårt bröd glutenfritt fibrer ca 3%,"Kolhydrater, tillgängliga",Hårt bröd ,69.1,g
182,Hårt bröd glutenfritt fibrer ca 3%,Kolesterol,Hårt bröd ,1.0,mg
182,Hårt bröd glutenfritt fibrer ca 3%,"Kalium, K",Hårt bröd ,390.0,mg
182,Hårt bröd glutenfritt fibrer ca 3%,"Jod, I",Hårt bröd ,6.0,µg
182,Hårt bröd glutenfritt fibrer ca 3%,Fullkorn totalt,Hårt bröd ,0.0,g
182,Hårt bröd glutenfritt fibrer ca 3%,"Folat, totalt",Hårt bröd ,50.2,µg
182,Hårt bröd glutenfritt fibrer ca 3%,Fibrer,Hårt bröd ,3.0,g
182,Hårt bröd glutenfritt fibrer ca 3%,"Fett, totalt",Hårt bröd ,6.5,g
182,Hårt bröd glutenfritt fibrer ca 3%,"Järn, Fe",Hårt bröd ,0.7,mg
182,Hårt bröd glutenfritt fibrer ca 3%,Energi (kJ),Hårt bröd ,1609.0,kJ
182,Hårt bröd glutenfritt fibrer ca 3%,Energi (kcal),Hårt bröd ,385.0,kcal
182,Hårt bröd glutenfritt fibrer ca 3%,Disackarider,Hårt bröd ,2.9,g
182,Hårt bröd glutenfritt fibrer ca 3%,"Kalcium, Ca",Hårt bröd ,170.0,mg
182,Hårt bröd glutenfritt fibrer ca 3%,Fettsyra 4:0-10:0,Hårt bröd ,0.0,g
182,Hårt bröd glutenfritt fibrer ca 3%,DHA (C22:6),Hårt bröd ,0.0,g
182,Hårt bröd glutenfritt fibrer ca 3%,DPA (C22:5),Hårt bröd ,0.0,g
182,Hårt bröd glutenfritt fibrer ca 3%,EPA (C20:5),Hårt bröd ,0.0,g
182,Hårt bröd glutenfritt fibrer ca 3%,Arakidonsyra C20:4,Hårt bröd ,0.0,g
182,Hårt bröd glutenfritt fibrer ca 3%,Arakidinsyra C20:0,Hårt bröd ,0.0,g
182,Hårt bröd glutenfritt fibrer ca 3%,Linolensyra C18:3,Hårt bröd ,0.0,g
182,Hårt bröd glutenfritt fibrer ca 3%,Linolsyra C18:2,Hårt bröd ,0.5,g
182,Hårt bröd glutenfritt fibrer ca 3%,Oljesyra C18:1,Hårt bröd ,1.5,g
182,Hårt bröd glutenfritt fibrer ca 3%,Stearinsyra C18:0,Hårt bröd ,0.3,g
182,Hårt bröd glutenfritt fibrer ca 3%,Palmitoljesyra C16:1,Hårt bröd ,0.0,g
182,Hårt bröd glutenfritt fibrer ca 3%,Palmitinsyra C16:0,Hårt bröd ,1.9,g
182,Hårt bröd glutenfritt fibrer ca 3%,Myristinsyra C14:0,Hårt bröd ,0.0,g
182,Hårt bröd glutenfritt fibrer ca 3%,Laurinsyra C12:0,Hårt bröd ,0.0,g
182,Hårt bröd glutenfritt fibrer ca 3%,Betakaroten/β-Karoten,Hårt bröd ,6.0,µg
182,Hårt bröd glutenfritt fibrer ca 3%,Avfall (skal etc.),Hårt bröd ,0.0,%
182,Hårt bröd glutenfritt fibrer ca 3%,Aska,Hårt bröd ,3.3,g
182,Hårt bröd glutenfritt fibrer ca 3%,Alkohol,Hårt bröd ,0.0,g
183,"Hårt bröd fullkorn vete havre kli m. socker örtkryddor fibrer 10,5%","Zink, Zn",Hårt bröd ,2.0,mg
183,"Hårt bröd fullkorn vete havre kli m. socker örtkryddor fibrer 10,5%",Vitamin E,Hårt bröd ,1.5,mg
183,"Hårt bröd fullkorn vete havre kli m. socker örtkryddor fibrer 10,5%",Vitamin D inkl 25-OH-D3,Hårt bröd ,0.0,µg
183,"Hårt bröd fullkorn vete havre kli m. socker örtkryddor fibrer 10,5%",Vitamin D,Hårt bröd ,0.0,µg
183,"Hårt bröd fullkorn vete havre kli m. socker örtkryddor fibrer 10,5%",Vitamin C,Hårt bröd ,0.0,mg
183,"Hårt bröd fullkorn vete havre kli m. socker örtkryddor fibrer 10,5%",Vitamin B6,Hårt bröd ,0.24,mg
183,"Hårt bröd fullkorn vete havre kli m. socker örtkryddor fibrer 10,5%",Vitamin B12,Hårt bröd ,0.0,µg
183,"Hårt bröd fullkorn vete havre kli m. socker örtkryddor fibrer 10,5%",Vitamin A,Hårt bröd ,6.4,RE/µg
183,"Hårt bröd fullkorn vete havre kli m. socker örtkryddor fibrer 10,5%",Vatten,Hårt bröd ,4.0,g
183,"Hårt bröd fullkorn vete havre kli m. socker örtkryddor fibrer 10,5%",Tiamin,Hårt bröd ,0.14,mg
183,"Hårt bröd fullkorn vete havre kli m. socker örtkryddor fibrer 10,5%",Tillsatt socker,Hårt bröd ,8.0,g
183,"Hårt bröd fullkorn vete havre kli m. socker örtkryddor fibrer 10,5%",Fritt socker,Hårt bröd ,8.0,g
183,"Hårt bröd fullkorn vete havre kli m. socker örtkryddor fibrer 10,5%","Selen, Se",Hårt bröd ,11.4,µg
183,"Hårt bröd fullkorn vete havre kli m. socker örtkryddor fibrer 10,5%",Sackaros,Hårt bröd ,7.7,g
183,"Hårt bröd fullkorn vete havre kli m. socker örtkryddor fibrer 10,5%",Riboflavin,Hårt bröd ,0.08,mg
183,"Hårt bröd fullkorn vete havre kli m. socker örtkryddor fibrer 10,5%",Retinol,Hårt bröd ,0.0,µg
183,"Hårt bröd fullkorn vete havre kli m. socker örtkryddor fibrer 10,5%",Protein,Hårt bröd ,12.0,g
183,"Hårt bröd fullkorn vete havre kli m. socker örtkryddor fibrer 10,5%",Summa fleromättade fettsyror,Hårt bröd ,1.2,g
183,"Hårt bröd fullkorn vete havre kli m. socker örtkryddor fibrer 10,5%","Fosfor, P",Hårt bröd ,295.0,mg
183,"Hårt bröd fullkorn vete havre kli m. socker örtkryddor fibrer 10,5%",Niacinekvivalenter,Hårt bröd ,4.42,NE/mg
183,"Hårt bröd fullkorn vete havre kli m. socker örtkryddor fibrer 10,5%",Niacin,Hårt bröd ,2.42,mg
183,"Hårt bröd fullkorn vete havre kli m. socker örtkryddor fibrer 10,5%","Salt, NaCl",Hårt bröd ,0.2,g
183,"Hårt bröd fullkorn vete havre kli m. socker örtkryddor fibrer 10,5%","Natrium, Na",Hårt bröd ,80.0,mg
183,"Hårt bröd fullkorn vete havre kli m. socker örtkryddor fibrer 10,5%",Monosackarider,Hårt bröd ,0.2,g
183,"Hårt bröd fullkorn vete havre kli m. socker örtkryddor fibrer 10,5%","Sockerarter, totalt",Hårt bröd ,8.2,g
183,"Hårt bröd fullkorn vete havre kli m. socker örtkryddor fibrer 10,5%",Summa enkelomättade fettsyror,Hårt bröd ,2.2,g
183,"Hårt bröd fullkorn vete havre kli m. socker örtkryddor fibrer 10,5%","Magnesium, Mg",Hårt bröd ,95.0,mg
183,"Hårt bröd fullkorn vete havre kli m. socker örtkryddor fibrer 10,5%",Summa mättade fettsyror,Hårt bröd ,2.2,g
183,"Hårt bröd fullkorn vete havre kli m. socker örtkryddor fibrer 10,5%","Kolhydrater, tillgängliga",Hårt bröd ,60.9,g
183,"Hårt bröd fullkorn vete havre kli m. socker örtkryddor fibrer 10,5%",Kolesterol,Hårt bröd ,0.0,mg
183,"Hårt bröd fullkorn vete havre kli m. socker örtkryddor fibrer 10,5%","Kalium, K",Hårt bröd ,320.0,mg
183,"Hårt bröd fullkorn vete havre kli m. socker örtkryddor fibrer 10,5%","Jod, I",Hårt bröd ,2.0,µg
183,"Hårt bröd fullkorn vete havre kli m. socker örtkryddor fibrer 10,5%",Fullkorn totalt,Hårt bröd ,52.0,g
183,"Hårt bröd fullkorn vete havre kli m. socker örtkryddor fibrer 10,5%","Folat, totalt",Hårt bröd ,35.5,µg
183,"Hårt bröd fullkorn vete havre kli m. socker örtkryddor fibrer 10,5%",Fibrer,Hårt bröd ,10.5,g
183,"Hårt bröd fullkorn vete havre kli m. socker örtkryddor fibrer 10,5%","Fett, totalt",Hårt bröd ,8.4,g
183,"Hårt bröd fullkorn vete havre kli m. socker örtkryddor fibrer 10,5%","Järn, Fe",Hårt bröd ,3.6,mg
183,"Hårt bröd fullkorn vete havre kli m. socker örtkryddor fibrer 10,5%",Energi (kJ),Hårt bröd ,1634.0,kJ
183,"Hårt bröd fullkorn vete havre kli m. socker örtkryddor fibrer 10,5%",Energi (kcal),Hårt bröd ,390.0,kcal
183,"Hårt bröd fullkorn vete havre kli m. socker örtkryddor fibrer 10,5%",Disackarider,Hårt bröd ,8.0,g
183,"Hårt bröd fullkorn vete havre kli m. socker örtkryddor fibrer 10,5%","Kalcium, Ca",Hårt bröd ,75.0,mg
183,"Hårt bröd fullkorn vete havre kli m. socker örtkryddor fibrer 10,5%",Fettsyra 4:0-10:0,Hårt bröd ,0.0,g
183,"Hårt bröd fullkorn vete havre kli m. socker örtkryddor fibrer 10,5%",DHA (C22:6),Hårt bröd ,0.0,g
183,"Hårt bröd fullkorn vete havre kli m. socker örtkryddor fibrer 10,5%",DPA (C22:5),Hårt bröd ,0.0,g
183,"Hårt bröd fullkorn vete havre kli m. socker örtkryddor fibrer 10,5%",EPA (C20:5),Hårt bröd ,0.0,g
183,"Hårt bröd fullkorn vete havre kli m. socker örtkryddor fibrer 10,5%",Arakidonsyra C20:4,Hårt bröd ,0.0,g
183,"Hårt bröd fullkorn vete havre kli m. socker örtkryddor fibrer 10,5%",Arakidinsyra C20:0,Hårt bröd ,0.0,g
183,"Hårt bröd fullkorn vete havre kli m. socker örtkryddor fibrer 10,5%",Linolensyra C18:3,Hårt bröd ,0.1,g
183,"Hårt bröd fullkorn vete havre kli m. socker örtkryddor fibrer 10,5%",Linolsyra C18:2,Hårt bröd ,1.2,g
183,"Hårt bröd fullkorn vete havre kli m. socker örtkryddor fibrer 10,5%",Oljesyra C18:1,Hårt bröd ,2.1,g
183,"Hårt bröd fullkorn vete havre kli m. socker örtkryddor fibrer 10,5%",Stearinsyra C18:0,Hårt bröd ,0.2,g
183,"Hårt bröd fullkorn vete havre kli m. socker örtkryddor fibrer 10,5%",Palmitoljesyra C16:1,Hårt bröd ,0.0,g
183,"Hårt bröd fullkorn vete havre kli m. socker örtkryddor fibrer 10,5%",Palmitinsyra C16:0,Hårt bröd ,1.9,g
183,"Hårt bröd fullkorn vete havre kli m. socker örtkryddor fibrer 10,5%",Myristinsyra C14:0,Hårt bröd ,0.0,g
183,"Hårt bröd fullkorn vete havre kli m. socker örtkryddor fibrer 10,5%",Laurinsyra C12:0,Hårt bröd ,0.0,g
183,"Hårt bröd fullkorn vete havre kli m. socker örtkryddor fibrer 10,5%",Betakaroten/β-Karoten,Hårt bröd ,77.0,µg
183,"Hårt bröd fullkorn vete havre kli m. socker örtkryddor fibrer 10,5%",Avfall (skal etc.),Hårt bröd ,0.0,%
183,"Hårt bröd fullkorn vete havre kli m. socker örtkryddor fibrer 10,5%",Aska,Hårt bröd ,4.2,g
183,"Hårt bröd fullkorn vete havre kli m. socker örtkryddor fibrer 10,5%",Alkohol,Hårt bröd ,0.0,g
185,Bröd fullkorn korn fibrer 3%,"Zink, Zn",Mjukt bröd ,1.2,mg
185,Bröd fullkorn korn fibrer 3%,Vitamin E,Mjukt bröd ,0.5,mg
185,Bröd fullkorn korn fibrer 3%,Vitamin D,Mjukt bröd ,0.64,µg
185,Bröd fullkorn korn fibrer 3%,Vitamin C,Mjukt bröd ,0.6,mg
185,Bröd fullkorn korn fibrer 3%,Vitamin B6,Mjukt bröd ,0.1,mg
185,Bröd fullkorn korn fibrer 3%,Vitamin B12,Mjukt bröd ,0.15,µg
185,Bröd fullkorn korn fibrer 3%,Vitamin A,Mjukt bröd ,34.0,RE/µg
185,Bröd fullkorn korn fibrer 3%,Vatten,Mjukt bröd ,43.5,g
185,Bröd fullkorn korn fibrer 3%,Tiamin,Mjukt bröd ,0.11,mg
185,Bröd fullkorn korn fibrer 3%,Tillsatt socker,Mjukt bröd ,4.0,g
185,Bröd fullkorn korn fibrer 3%,Fritt socker,Mjukt bröd ,4.0,g
185,Bröd fullkorn korn fibrer 3%,"Selen, Se",Mjukt bröd ,2.9,µg
185,Bröd fullkorn korn fibrer 3%,Sackaros,Mjukt bröd ,1.9,g
185,Bröd fullkorn korn fibrer 3%,Riboflavin,Mjukt bröd ,0.15,mg
185,Bröd fullkorn korn fibrer 3%,Retinol,Mjukt bröd ,32.1,µg
185,Bröd fullkorn korn fibrer 3%,Protein,Mjukt bröd ,6.4,g
185,Bröd fullkorn korn fibrer 3%,Summa fleromättade fettsyror,Mjukt bröd ,1.1,g
185,Bröd fullkorn korn fibrer 3%,"Fosfor, P",Mjukt bröd ,170.0,mg
185,Bröd fullkorn korn fibrer 3%,Niacinekvivalenter,Mjukt bröd ,3.64,NE/mg
185,Bröd fullkorn korn fibrer 3%,Niacin,Mjukt bröd ,2.48,mg
185,Bröd fullkorn korn fibrer 3%,"Salt, NaCl",Mjukt bröd ,0.9,g
185,Bröd fullkorn korn fibrer 3%,"Natrium, Na",Mjukt bröd ,366.0,mg
185,Bröd fullkorn korn fibrer 3%,Monosackarider,Mjukt bröd ,2.2,g
185,Bröd fullkorn korn fibrer 3%,"Sockerarter, totalt",Mjukt bröd ,6.3,g
185,Bröd fullkorn korn fibrer 3%,Summa enkelomättade fettsyror,Mjukt bröd ,1.3,g
185,Bröd fullkorn korn fibrer 3%,"Magnesium, Mg",Mjukt bröd ,40.0,mg
185,Bröd fullkorn korn fibrer 3%,Summa mättade fettsyror,Mjukt bröd ,2.0,g
185,Bröd fullkorn korn fibrer 3%,"Kolhydrater, tillgängliga",Mjukt bröd ,40.1,g
185,Bröd fullkorn korn fibrer 3%,Kolesterol,Mjukt bröd ,5.1,mg
185,Bröd fullkorn korn fibrer 3%,"Kalium, K",Mjukt bröd ,230.0,mg
185,Bröd fullkorn korn fibrer 3%,"Jod, I",Mjukt bröd ,48.3,µg
185,Bröd fullkorn korn fibrer 3%,Fullkorn totalt,Mjukt bröd ,33.0,g
185,Bröd fullkorn korn fibrer 3%,"Folat, totalt",Mjukt bröd ,30.4,µg
185,Bröd fullkorn korn fibrer 3%,Fibrer,Mjukt bröd ,3.1,g
185,Bröd fullkorn korn fibrer 3%,"Fett, totalt",Mjukt bröd ,5.0,g
185,Bröd fullkorn korn fibrer 3%,"Järn, Fe",Mjukt bröd ,1.5,mg
185,Bröd fullkorn korn fibrer 3%,Energi (kJ),Mjukt bröd ,1001.0,kJ
185,Bröd fullkorn korn fibrer 3%,Energi (kcal),Mjukt bröd ,239.0,kcal
185,Bröd fullkorn korn fibrer 3%,Disackarider,Mjukt bröd ,3.9,g
185,Bröd fullkorn korn fibrer 3%,"Kalcium, Ca",Mjukt bröd ,62.0,mg
185,Bröd fullkorn korn fibrer 3%,Fettsyra 4:0-10:0,Mjukt bröd ,0.1,g
185,Bröd fullkorn korn fibrer 3%,DHA (C22:6),Mjukt bröd ,0.0,g
185,Bröd fullkorn korn fibrer 3%,DPA (C22:5),Mjukt bröd ,0.0,g
185,Bröd fullkorn korn fibrer 3%,EPA (C20:5),Mjukt bröd ,0.0,g
185,Bröd fullkorn korn fibrer 3%,Arakidonsyra C20:4,Mjukt bröd ,0.0,g
185,Bröd fullkorn korn fibrer 3%,Arakidinsyra C20:0,Mjukt bröd ,0.0,g
185,Bröd fullkorn korn fibrer 3%,Linolensyra C18:3,Mjukt bröd ,0.2,g
185,Bröd fullkorn korn fibrer 3%,Linolsyra C18:2,Mjukt bröd ,0.9,g
185,Bröd fullkorn korn fibrer 3%,Oljesyra C18:1,Mjukt bröd ,1.4,g
185,Bröd fullkorn korn fibrer 3%,Stearinsyra C18:0,Mjukt bröd ,0.2,g
185,Bröd fullkorn korn fibrer 3%,Palmitoljesyra C16:1,Mjukt bröd ,0.0,g
185,Bröd fullkorn korn fibrer 3%,Palmitinsyra C16:0,Mjukt bröd ,1.3,g
185,Bröd fullkorn korn fibrer 3%,Myristinsyra C14:0,Mjukt bröd ,0.2,g
185,Bröd fullkorn korn fibrer 3%,Laurinsyra C12:0,Mjukt bröd ,0.1,g
185,Bröd fullkorn korn fibrer 3%,Betakaroten/β-Karoten,Mjukt bröd ,22.0,µg
185,Bröd fullkorn korn fibrer 3%,Avfall (skal etc.),Mjukt bröd ,0.0,%
185,Bröd fullkorn korn fibrer 3%,Aska,Mjukt bröd ,1.9,g
185,Bröd fullkorn korn fibrer 3%,Alkohol,Mjukt bröd ,0.0,g
186,Bröd vitt fullkorn graham typ scones,"Zink, Zn",Mjukt bröd ,1.0,mg
186,Bröd vitt fullkorn graham typ scones,Vitamin E,Mjukt bröd ,1.4,mg
186,Bröd vitt fullkorn graham typ scones,Vitamin D,Mjukt bröd ,1.1,µg
186,Bröd vitt fullkorn graham typ scones,Vitamin C,Mjukt bröd ,0.7,mg
186,Bröd vitt fullkorn graham typ scones,Vitamin B6,Mjukt bröd ,0.05,mg
186,Bröd vitt fullkorn graham typ scones,Vitamin B12,Mjukt bröd ,0.11,µg
186,Bröd vitt fullkorn graham typ scones,Vitamin A,Mjukt bröd ,90.7,RE/µg
186,Bröd vitt fullkorn graham typ scones,Vatten,Mjukt bröd ,37.4,g
186,Bröd vitt fullkorn graham typ scones,Tiamin,Mjukt bröd ,0.08,mg
186,Bröd vitt fullkorn graham typ scones,Tillsatt socker,Mjukt bröd ,0.0,g
186,Bröd vitt fullkorn graham typ scones,Fritt socker,Mjukt bröd ,0.0,g
186,Bröd vitt fullkorn graham typ scones,"Selen, Se",Mjukt bröd ,3.7,µg
186,Bröd vitt fullkorn graham typ scones,Sackaros,Mjukt bröd ,0.2,g
186,Bröd vitt fullkorn graham typ scones,Riboflavin,Mjukt bröd ,0.07,mg
186,Bröd vitt fullkorn graham typ scones,Retinol,Mjukt bröd ,86.0,µg
186,Bröd vitt fullkorn graham typ scones,Protein,Mjukt bröd ,6.3,g
186,Bröd vitt fullkorn graham typ scones,Summa fleromättade fettsyror,Mjukt bröd ,1.9,g
186,Bröd vitt fullkorn graham typ scones,"Fosfor, P",Mjukt bröd ,366.0,mg
186,Bröd vitt fullkorn graham typ scones,Niacinekvivalenter,Mjukt bröd ,1.58,NE/mg
186,Bröd vitt fullkorn graham typ scones,Niacin,Mjukt bröd ,0.44,mg
186,Bröd vitt fullkorn graham typ scones,"Salt, NaCl",Mjukt bröd ,1.4,g
186,Bröd vitt fullkorn graham typ scones,"Natrium, Na",Mjukt bröd ,558.0,mg
186,Bröd vitt fullkorn graham typ scones,Monosackarider,Mjukt bröd ,0.1,g
186,Bröd vitt fullkorn graham typ scones,"Sockerarter, totalt",Mjukt bröd ,2.2,g
186,Bröd vitt fullkorn graham typ scones,Summa enkelomättade fettsyror,Mjukt bröd ,3.5,g
186,Bröd vitt fullkorn graham typ scones,"Magnesium, Mg",Mjukt bröd ,36.0,mg
186,Bröd vitt fullkorn graham typ scones,Summa mättade fettsyror,Mjukt bröd ,4.7,g
186,Bröd vitt fullkorn graham typ scones,"Kolhydrater, tillgängliga",Mjukt bröd ,38.1,g
186,Bröd vitt fullkorn graham typ scones,Kolesterol,Mjukt bröd ,9.4,mg
186,Bröd vitt fullkorn graham typ scones,"Kalium, K",Mjukt bröd ,195.0,mg
186,Bröd vitt fullkorn graham typ scones,"Jod, I",Mjukt bröd ,45.1,µg
186,Bröd vitt fullkorn graham typ scones,Fullkorn totalt,Mjukt bröd ,27.0,g
186,Bröd vitt fullkorn graham typ scones,"Folat, totalt",Mjukt bröd ,11.8,µg
186,Bröd vitt fullkorn graham typ scones,Fibrer,Mjukt bröd ,4.6,g
186,Bröd vitt fullkorn graham typ scones,"Fett, totalt",Mjukt bröd ,10.8,g
186,Bröd vitt fullkorn graham typ scones,"Järn, Fe",Mjukt bröd ,1.0,mg
186,Bröd vitt fullkorn graham typ scones,Energi (kJ),Mjukt bröd ,1190.0,kJ
186,Bröd vitt fullkorn graham typ scones,Energi (kcal),Mjukt bröd ,285.0,kcal
186,Bröd vitt fullkorn graham typ scones,Disackarider,Mjukt bröd ,2.1,g
186,Bröd vitt fullkorn graham typ scones,"Kalcium, Ca",Mjukt bröd ,218.0,mg
186,Bröd vitt fullkorn graham typ scones,Fettsyra 4:0-10:0,Mjukt bröd ,0.3,g
186,Bröd vitt fullkorn graham typ scones,DHA (C22:6),Mjukt bröd ,0.0,g
186,Bröd vitt fullkorn graham typ scones,DPA (C22:5),Mjukt bröd ,0.0,g
186,Bröd vitt fullkorn graham typ scones,EPA (C20:5),Mjukt bröd ,0.0,g
186,Bröd vitt fullkorn graham typ scones,Arakidonsyra C20:4,Mjukt bröd ,0.0,g
186,Bröd vitt fullkorn graham typ scones,Arakidinsyra C20:0,Mjukt bröd ,0.0,g
186,Bröd vitt fullkorn graham typ scones,Linolensyra C18:3,Mjukt bröd ,0.4,g
186,Bröd vitt fullkorn graham typ scones,Linolsyra C18:2,Mjukt bröd ,1.4,g
186,Bröd vitt fullkorn graham typ scones,Oljesyra C18:1,Mjukt bröd ,3.6,g
186,Bröd vitt fullkorn graham typ scones,Stearinsyra C18:0,Mjukt bröd ,0.5,g
186,Bröd vitt fullkorn graham typ scones,Palmitoljesyra C16:1,Mjukt bröd ,0.1,g
186,Bröd vitt fullkorn graham typ scones,Palmitinsyra C16:0,Mjukt bröd ,2.9,g
186,Bröd vitt fullkorn graham typ scones,Myristinsyra C14:0,Mjukt bröd ,0.4,g
186,Bröd vitt fullkorn graham typ scones,Laurinsyra C12:0,Mjukt bröd ,0.3,g
186,Bröd vitt fullkorn graham typ scones,Betakaroten/β-Karoten,Mjukt bröd ,57.0,µg
186,Bröd vitt fullkorn graham typ scones,Avfall (skal etc.),Mjukt bröd ,0.0,%
186,Bröd vitt fullkorn graham typ scones,Aska,Mjukt bröd ,2.8,g
186,Bröd vitt fullkorn graham typ scones,Alkohol,Mjukt bröd ,0.0,g
187,Bröd fullkorn råg fibrer ca 10% typ pumpernickel,"Zink, Zn",Mjukt bröd ,2.3,mg
187,Bröd fullkorn råg fibrer ca 10% typ pumpernickel,Vitamin E,Mjukt bröd ,0.5,mg
187,Bröd fullkorn råg fibrer ca 10% typ pumpernickel,Vitamin D inkl 25-OH-D3,Mjukt bröd ,0.0,µg
187,Bröd fullkorn råg fibrer ca 10% typ pumpernickel,Vitamin D,Mjukt bröd ,0.0,µg
187,Bröd fullkorn råg fibrer ca 10% typ pumpernickel,Vitamin C,Mjukt bröd ,0.0,mg
187,Bröd fullkorn råg fibrer ca 10% typ pumpernickel,Vitamin B6,Mjukt bröd ,0.18,mg
187,Bröd fullkorn råg fibrer ca 10% typ pumpernickel,Vitamin B12,Mjukt bröd ,0.0,µg
187,Bröd fullkorn råg fibrer ca 10% typ pumpernickel,Vitamin A,Mjukt bröd ,0.0,RE/µg
187,Bröd fullkorn råg fibrer ca 10% typ pumpernickel,Vatten,Mjukt bröd ,40.0,g
187,Bröd fullkorn råg fibrer ca 10% typ pumpernickel,Tiamin,Mjukt bröd ,0.24,mg
187,Bröd fullkorn råg fibrer ca 10% typ pumpernickel,Tillsatt socker,Mjukt bröd ,0.0,g
187,Bröd fullkorn råg fibrer ca 10% typ pumpernickel,Fritt socker,Mjukt bröd ,0.0,g
187,Bröd fullkorn råg fibrer ca 10% typ pumpernickel,"Selen, Se",Mjukt bröd ,1.0,µg
187,Bröd fullkorn råg fibrer ca 10% typ pumpernickel,Sackaros,Mjukt bröd ,0.0,g
187,Bröd fullkorn råg fibrer ca 10% typ pumpernickel,Riboflavin,Mjukt bröd ,0.15,mg
187,Bröd fullkorn råg fibrer ca 10% typ pumpernickel,Retinol,Mjukt bröd ,0.0,µg
187,Bröd fullkorn råg fibrer ca 10% typ pumpernickel,Protein,Mjukt bröd ,5.4,g
187,Bröd fullkorn råg fibrer ca 10% typ pumpernickel,Summa fleromättade fettsyror,Mjukt bröd ,0.6,g
187,Bröd fullkorn råg fibrer ca 10% typ pumpernickel,"Fosfor, P",Mjukt bröd ,198.0,mg
187,Bröd fullkorn råg fibrer ca 10% typ pumpernickel,Niacinekvivalenter,Mjukt bröd ,1.4,NE/mg
187,Bröd fullkorn råg fibrer ca 10% typ pumpernickel,Niacin,Mjukt bröd ,0.5,mg
187,Bröd fullkorn råg fibrer ca 10% typ pumpernickel,"Salt, NaCl",Mjukt bröd ,0.9,g
187,Bröd fullkorn råg fibrer ca 10% typ pumpernickel,"Natrium, Na",Mjukt bröd ,370.0,mg
187,Bröd fullkorn råg fibrer ca 10% typ pumpernickel,Monosackarider,Mjukt bröd ,1.6,g
187,Bröd fullkorn råg fibrer ca 10% typ pumpernickel,"Sockerarter, totalt",Mjukt bröd ,3.5,g
187,Bröd fullkorn råg fibrer ca 10% typ pumpernickel,Summa enkelomättade fettsyror,Mjukt bröd ,0.3,g
187,Bröd fullkorn råg fibrer ca 10% typ pumpernickel,"Magnesium, Mg",Mjukt bröd ,75.0,mg
187,Bröd fullkorn råg fibrer ca 10% typ pumpernickel,Summa mättade fettsyror,Mjukt bröd ,0.2,g
187,Bröd fullkorn råg fibrer ca 10% typ pumpernickel,"Kolhydrater, tillgängliga",Mjukt bröd ,40.8,g
187,Bröd fullkorn råg fibrer ca 10% typ pumpernickel,Kolesterol,Mjukt bröd ,0.0,mg
187,Bröd fullkorn råg fibrer ca 10% typ pumpernickel,"Kalium, K",Mjukt bröd ,530.0,mg
187,Bröd fullkorn råg fibrer ca 10% typ pumpernickel,"Jod, I",Mjukt bröd ,1.0,µg
187,Bröd fullkorn råg fibrer ca 10% typ pumpernickel,Fullkorn totalt,Mjukt bröd ,66.0,g
187,Bröd fullkorn råg fibrer ca 10% typ pumpernickel,"Folat, totalt",Mjukt bröd ,16.2,µg
187,Bröd fullkorn råg fibrer ca 10% typ pumpernickel,Fibrer,Mjukt bröd ,9.9,g
187,Bröd fullkorn råg fibrer ca 10% typ pumpernickel,"Fett, totalt",Mjukt bröd ,1.6,g
187,Bröd fullkorn råg fibrer ca 10% typ pumpernickel,"Järn, Fe",Mjukt bröd ,3.0,mg
187,Bröd fullkorn råg fibrer ca 10% typ pumpernickel,Energi (kJ),Mjukt bröd ,924.0,kJ
187,Bröd fullkorn råg fibrer ca 10% typ pumpernickel,Energi (kcal),Mjukt bröd ,221.0,kcal
187,Bröd fullkorn råg fibrer ca 10% typ pumpernickel,Disackarider,Mjukt bröd ,1.9,g
187,Bröd fullkorn råg fibrer ca 10% typ pumpernickel,"Kalcium, Ca",Mjukt bröd ,77.0,mg
187,Bröd fullkorn råg fibrer ca 10% typ pumpernickel,Fettsyra 4:0-10:0,Mjukt bröd ,0.0,g
187,Bröd fullkorn råg fibrer ca 10% typ pumpernickel,DHA (C22:6),Mjukt bröd ,0.0,g
187,Bröd fullkorn råg fibrer ca 10% typ pumpernickel,DPA (C22:5),Mjukt bröd ,0.0,g
187,Bröd fullkorn råg fibrer ca 10% typ pumpernickel,EPA (C20:5),Mjukt bröd ,0.0,g
187,Bröd fullkorn råg fibrer ca 10% typ pumpernickel,Arakidonsyra C20:4,Mjukt bröd ,0.0,g
187,Bröd fullkorn råg fibrer ca 10% typ pumpernickel,Arakidinsyra C20:0,Mjukt bröd ,0.0,g
187,Bröd fullkorn råg fibrer ca 10% typ pumpernickel,Linolensyra C18:3,Mjukt bröd ,0.1,g
187,Bröd fullkorn råg fibrer ca 10% typ pumpernickel,Linolsyra C18:2,Mjukt bröd ,0.5,g
187,Bröd fullkorn råg fibrer ca 10% typ pumpernickel,Oljesyra C18:1,Mjukt bröd ,0.3,g
187,Bröd fullkorn råg fibrer ca 10% typ pumpernickel,Stearinsyra C18:0,Mjukt bröd ,0.0,g
187,Bröd fullkorn råg fibrer ca 10% typ pumpernickel,Palmitoljesyra C16:1,Mjukt bröd ,0.0,g
187,Bröd fullkorn råg fibrer ca 10% typ pumpernickel,Palmitinsyra C16:0,Mjukt bröd ,0.1,g
187,Bröd fullkorn råg fibrer ca 10% typ pumpernickel,Myristinsyra C14:0,Mjukt bröd ,0.0,g
187,Bröd fullkorn råg fibrer ca 10% typ pumpernickel,Laurinsyra C12:0,Mjukt bröd ,0.0,g
187,Bröd fullkorn råg fibrer ca 10% typ pumpernickel,Betakaroten/β-Karoten,Mjukt bröd ,0.0,µg
187,Bröd fullkorn råg fibrer ca 10% typ pumpernickel,Avfall (skal etc.),Mjukt bröd ,0.0,%
187,Bröd fullkorn råg fibrer ca 10% typ pumpernickel,Aska,Mjukt bröd ,2.3,g
187,Bröd fullkorn råg fibrer ca 10% typ pumpernickel,Alkohol,Mjukt bröd ,0.0,g
188,Ströbröd malt hårt bröd fullkorn vete råg socker fibrer ca 5%,"Zink, Zn",Mjöl stärkelse kli,1.4,mg
188,Ströbröd malt hårt bröd fullkorn vete råg socker fibrer ca 5%,Vitamin E,Mjöl stärkelse kli,1.5,mg
188,Ströbröd malt hårt bröd fullkorn vete råg socker fibrer ca 5%,Vitamin D inkl 25-OH-D3,Mjöl stärkelse kli,0.0,µg
188,Ströbröd malt hårt bröd fullkorn vete råg socker fibrer ca 5%,Vitamin D,Mjöl stärkelse kli,0.0,µg
188,Ströbröd malt hårt bröd fullkorn vete råg socker fibrer ca 5%,Vitamin C,Mjöl stärkelse kli,0.0,mg
188,Ströbröd malt hårt bröd fullkorn vete råg socker fibrer ca 5%,Vitamin B6,Mjöl stärkelse kli,0.14,mg
188,Ströbröd malt hårt bröd fullkorn vete råg socker fibrer ca 5%,Vitamin B12,Mjöl stärkelse kli,0.0,µg
188,Ströbröd malt hårt bröd fullkorn vete råg socker fibrer ca 5%,Vitamin A,Mjöl stärkelse kli,0.0,RE/µg
188,Ströbröd malt hårt bröd fullkorn vete råg socker fibrer ca 5%,Vatten,Mjöl stärkelse kli,4.4,g
188,Ströbröd malt hårt bröd fullkorn vete råg socker fibrer ca 5%,Tiamin,Mjöl stärkelse kli,0.23,mg
188,Ströbröd malt hårt bröd fullkorn vete råg socker fibrer ca 5%,Tillsatt socker,Mjöl stärkelse kli,5.0,g
188,Ströbröd malt hårt bröd fullkorn vete råg socker fibrer ca 5%,Fritt socker,Mjöl stärkelse kli,5.0,g
188,Ströbröd malt hårt bröd fullkorn vete råg socker fibrer ca 5%,"Selen, Se",Mjöl stärkelse kli,2.0,µg
188,Ströbröd malt hårt bröd fullkorn vete råg socker fibrer ca 5%,Sackaros,Mjöl stärkelse kli,0.1,g
188,Ströbröd malt hårt bröd fullkorn vete råg socker fibrer ca 5%,Riboflavin,Mjöl stärkelse kli,0.12,mg
188,Ströbröd malt hårt bröd fullkorn vete råg socker fibrer ca 5%,Retinol,Mjöl stärkelse kli,0.0,µg
188,Ströbröd malt hårt bröd fullkorn vete råg socker fibrer ca 5%,Protein,Mjöl stärkelse kli,10.3,g
188,Ströbröd malt hårt bröd fullkorn vete råg socker fibrer ca 5%,Summa fleromättade fettsyror,Mjöl stärkelse kli,2.3,g
188,Ströbröd malt hårt bröd fullkorn vete råg socker fibrer ca 5%,"Fosfor, P",Mjöl stärkelse kli,180.0,mg
188,Ströbröd malt hårt bröd fullkorn vete råg socker fibrer ca 5%,Niacinekvivalenter,Mjöl stärkelse kli,3.3,NE/mg
188,Ströbröd malt hårt bröd fullkorn vete råg socker fibrer ca 5%,Niacin,Mjöl stärkelse kli,1.62,mg
188,Ströbröd malt hårt bröd fullkorn vete råg socker fibrer ca 5%,"Salt, NaCl",Mjöl stärkelse kli,1.1,g
188,Ströbröd malt hårt bröd fullkorn vete råg socker fibrer ca 5%,"Natrium, Na",Mjöl stärkelse kli,440.0,mg
188,Ströbröd malt hårt bröd fullkorn vete råg socker fibrer ca 5%,Monosackarider,Mjöl stärkelse kli,2.4,g
188,Ströbröd malt hårt bröd fullkorn vete råg socker fibrer ca 5%,"Sockerarter, totalt",Mjöl stärkelse kli,4.7,g
188,Ströbröd malt hårt bröd fullkorn vete råg socker fibrer ca 5%,Summa enkelomättade fettsyror,Mjöl stärkelse kli,5.1,g
188,Ströbröd malt hårt bröd fullkorn vete råg socker fibrer ca 5%,"Magnesium, Mg",Mjöl stärkelse kli,56.0,mg
188,Ströbröd malt hårt bröd fullkorn vete råg socker fibrer ca 5%,Summa mättade fettsyror,Mjöl stärkelse kli,0.8,g
188,Ströbröd malt hårt bröd fullkorn vete råg socker fibrer ca 5%,"Kolhydrater, tillgängliga",Mjöl stärkelse kli,65.6,g
188,Ströbröd malt hårt bröd fullkorn vete råg socker fibrer ca 5%,Kolesterol,Mjöl stärkelse kli,0.0,mg
188,Ströbröd malt hårt bröd fullkorn vete råg socker fibrer ca 5%,"Kalium, K",Mjöl stärkelse kli,280.0,mg
188,Ströbröd malt hårt bröd fullkorn vete råg socker fibrer ca 5%,"Jod, I",Mjöl stärkelse kli,1.0,µg
188,Ströbröd malt hårt bröd fullkorn vete råg socker fibrer ca 5%,Fullkorn totalt,Mjöl stärkelse kli,17.0,g
188,Ströbröd malt hårt bröd fullkorn vete råg socker fibrer ca 5%,"Folat, totalt",Mjöl stärkelse kli,74.2,µg
188,Ströbröd malt hårt bröd fullkorn vete råg socker fibrer ca 5%,Fibrer,Mjöl stärkelse kli,9.1,g
188,Ströbröd malt hårt bröd fullkorn vete råg socker fibrer ca 5%,"Fett, totalt",Mjöl stärkelse kli,8.6,g
188,Ströbröd malt hårt bröd fullkorn vete råg socker fibrer ca 5%,"Järn, Fe",Mjöl stärkelse kli,1.6,mg
188,Ströbröd malt hårt bröd fullkorn vete råg socker fibrer ca 5%,Energi (kJ),Mjöl stärkelse kli,1681.0,kJ
188,Ströbröd malt hårt bröd fullkorn vete råg socker fibrer ca 5%,Energi (kcal),Mjöl stärkelse kli,402.0,kcal
188,Ströbröd malt hårt bröd fullkorn vete råg socker fibrer ca 5%,Disackarider,Mjöl stärkelse kli,2.3,g
188,Ströbröd malt hårt bröd fullkorn vete råg socker fibrer ca 5%,"Kalcium, Ca",Mjöl stärkelse kli,65.0,mg
188,Ströbröd malt hårt bröd fullkorn vete råg socker fibrer ca 5%,Fettsyra 4:0-10:0,Mjöl stärkelse kli,0.0,g
188,Ströbröd malt hårt bröd fullkorn vete råg socker fibrer ca 5%,DHA (C22:6),Mjöl stärkelse kli,0.0,g
188,Ströbröd malt hårt bröd fullkorn vete råg socker fibrer ca 5%,DPA (C22:5),Mjöl stärkelse kli,0.0,g
188,Ströbröd malt hårt bröd fullkorn vete råg socker fibrer ca 5%,EPA (C20:5),Mjöl stärkelse kli,0.0,g
188,Ströbröd malt hårt bröd fullkorn vete råg socker fibrer ca 5%,Arakidonsyra C20:4,Mjöl stärkelse kli,0.0,g
188,Ströbröd malt hårt bröd fullkorn vete råg socker fibrer ca 5%,Arakidinsyra C20:0,Mjöl stärkelse kli,0.0,g
188,Ströbröd malt hårt bröd fullkorn vete råg socker fibrer ca 5%,Linolensyra C18:3,Mjöl stärkelse kli,0.1,g
188,Ströbröd malt hårt bröd fullkorn vete råg socker fibrer ca 5%,Linolsyra C18:2,Mjöl stärkelse kli,2.2,g
188,Ströbröd malt hårt bröd fullkorn vete råg socker fibrer ca 5%,Oljesyra C18:1,Mjöl stärkelse kli,5.0,g
188,Ströbröd malt hårt bröd fullkorn vete råg socker fibrer ca 5%,Stearinsyra C18:0,Mjöl stärkelse kli,0.2,g
188,Ströbröd malt hårt bröd fullkorn vete råg socker fibrer ca 5%,Palmitoljesyra C16:1,Mjöl stärkelse kli,0.0,g
188,Ströbröd malt hårt bröd fullkorn vete råg socker fibrer ca 5%,Palmitinsyra C16:0,Mjöl stärkelse kli,0.6,g
188,Ströbröd malt hårt bröd fullkorn vete råg socker fibrer ca 5%,Myristinsyra C14:0,Mjöl stärkelse kli,0.0,g
188,Ströbröd malt hårt bröd fullkorn vete råg socker fibrer ca 5%,Laurinsyra C12:0,Mjöl stärkelse kli,0.0,g
188,Ströbröd malt hårt bröd fullkorn vete råg socker fibrer ca 5%,Betakaroten/β-Karoten,Mjöl stärkelse kli,0.0,µg
188,Ströbröd malt hårt bröd fullkorn vete råg socker fibrer ca 5%,Avfall (skal etc.),Mjöl stärkelse kli,0.0,%
188,Ströbröd malt hårt bröd fullkorn vete råg socker fibrer ca 5%,Aska,Mjöl stärkelse kli,2.0,g
188,Ströbröd malt hårt bröd fullkorn vete råg socker fibrer ca 5%,Alkohol,Mjöl stärkelse kli,0.0,g
190,Hårt bröd fullkorn råg fibrer ca 14% typ normalgräddat,"Zink, Zn",Hårt bröd ,2.6,mg
190,Hårt bröd fullkorn råg fibrer ca 14% typ normalgräddat,Vitamin E,Hårt bröd ,0.7,mg
190,Hårt bröd fullkorn råg fibrer ca 14% typ normalgräddat,Vitamin D inkl 25-OH-D3,Hårt bröd ,0.0,µg
190,Hårt bröd fullkorn råg fibrer ca 14% typ normalgräddat,Vitamin D,Hårt bröd ,0.0,µg
190,Hårt bröd fullkorn råg fibrer ca 14% typ normalgräddat,Vitamin C,Hårt bröd ,0.0,mg
190,Hårt bröd fullkorn råg fibrer ca 14% typ normalgräddat,Vitamin B6,Hårt bröd ,0.32,mg
190,Hårt bröd fullkorn råg fibrer ca 14% typ normalgräddat,Vitamin B12,Hårt bröd ,0.0,µg
190,Hårt bröd fullkorn råg fibrer ca 14% typ normalgräddat,Vitamin A,Hårt bröd ,0.0,RE/µg
190,Hårt bröd fullkorn råg fibrer ca 14% typ normalgräddat,Vatten,Hårt bröd ,6.3,g
190,Hårt bröd fullkorn råg fibrer ca 14% typ normalgräddat,Tiamin,Hårt bröd ,0.2,mg
190,Hårt bröd fullkorn råg fibrer ca 14% typ normalgräddat,Tillsatt socker,Hårt bröd ,0.0,g
190,Hårt bröd fullkorn råg fibrer ca 14% typ normalgräddat,Fritt socker,Hårt bröd ,0.0,g
190,Hårt bröd fullkorn råg fibrer ca 14% typ normalgräddat,"Selen, Se",Hårt bröd ,1.7,µg
190,Hårt bröd fullkorn råg fibrer ca 14% typ normalgräddat,Sackaros,Hårt bröd ,0.1,g
190,Hårt bröd fullkorn råg fibrer ca 14% typ normalgräddat,Riboflavin,Hårt bröd ,0.14,mg
190,Hårt bröd fullkorn råg fibrer ca 14% typ normalgräddat,Retinol,Hårt bröd ,0.0,µg
190,Hårt bröd fullkorn råg fibrer ca 14% typ normalgräddat,Protein,Hårt bröd ,9.1,g
190,Hårt bröd fullkorn råg fibrer ca 14% typ normalgräddat,Summa fleromättade fettsyror,Hårt bröd ,0.9,g
190,Hårt bröd fullkorn råg fibrer ca 14% typ normalgräddat,"Fosfor, P",Hårt bröd ,340.0,mg
190,Hårt bröd fullkorn råg fibrer ca 14% typ normalgräddat,Niacinekvivalenter,Hårt bröd ,2.69,NE/mg
190,Hårt bröd fullkorn råg fibrer ca 14% typ normalgräddat,Niacin,Hårt bröd ,1.17,mg
190,Hårt bröd fullkorn råg fibrer ca 14% typ normalgräddat,"Salt, NaCl",Hårt bröd ,1.2,g
190,Hårt bröd fullkorn råg fibrer ca 14% typ normalgräddat,"Natrium, Na",Hårt bröd ,500.0,mg
190,Hårt bröd fullkorn råg fibrer ca 14% typ normalgräddat,Monosackarider,Hårt bröd ,0.5,g
190,Hårt bröd fullkorn råg fibrer ca 14% typ normalgräddat,"Sockerarter, totalt",Hårt bröd ,1.2,g
190,Hårt bröd fullkorn råg fibrer ca 14% typ normalgräddat,Summa enkelomättade fettsyror,Hårt bröd ,0.3,g
190,Hårt bröd fullkorn råg fibrer ca 14% typ normalgräddat,"Magnesium, Mg",Hårt bröd ,76.0,mg
190,Hårt bröd fullkorn råg fibrer ca 14% typ normalgräddat,Summa mättade fettsyror,Hårt bröd ,0.3,g
190,Hårt bröd fullkorn råg fibrer ca 14% typ normalgräddat,"Kolhydrater, tillgängliga",Hårt bröd ,66.0,g
190,Hårt bröd fullkorn råg fibrer ca 14% typ normalgräddat,Kolesterol,Hårt bröd ,0.0,mg
190,Hårt bröd fullkorn råg fibrer ca 14% typ normalgräddat,"Kalium, K",Hårt bröd ,415.0,mg
190,Hårt bröd fullkorn råg fibrer ca 14% typ normalgräddat,"Jod, I",Hårt bröd ,3.0,µg
190,Hårt bröd fullkorn råg fibrer ca 14% typ normalgräddat,Fullkorn totalt,Hårt bröd ,100.0,g
190,Hårt bröd fullkorn råg fibrer ca 14% typ normalgräddat,"Folat, totalt",Hårt bröd ,69.1,µg
190,Hårt bröd fullkorn råg fibrer ca 14% typ normalgräddat,Fibrer,Hårt bröd ,13.9,g
190,Hårt bröd fullkorn råg fibrer ca 14% typ normalgräddat,"Fett, totalt",Hårt bröd ,2.0,g
190,Hårt bröd fullkorn råg fibrer ca 14% typ normalgräddat,"Järn, Fe",Hårt bröd ,3.3,mg
190,Hårt bröd fullkorn råg fibrer ca 14% typ normalgräddat,Energi (kJ),Hårt bröd ,1462.0,kJ
190,Hårt bröd fullkorn råg fibrer ca 14% typ normalgräddat,Energi (kcal),Hårt bröd ,349.0,kcal
190,Hårt bröd fullkorn råg fibrer ca 14% typ normalgräddat,Disackarider,Hårt bröd ,0.7,g
190,Hårt bröd fullkorn råg fibrer ca 14% typ normalgräddat,"Kalcium, Ca",Hårt bröd ,38.0,mg
190,Hårt bröd fullkorn råg fibrer ca 14% typ normalgräddat,Fettsyra 4:0-10:0,Hårt bröd ,0.0,g
190,Hårt bröd fullkorn råg fibrer ca 14% typ normalgräddat,DHA (C22:6),Hårt bröd ,0.0,g
190,Hårt bröd fullkorn råg fibrer ca 14% typ normalgräddat,DPA (C22:5),Hårt bröd ,0.0,g
190,Hårt bröd fullkorn råg fibrer ca 14% typ normalgräddat,EPA (C20:5),Hårt bröd ,0.0,g
190,Hårt bröd fullkorn råg fibrer ca 14% typ normalgräddat,Arakidonsyra C20:4,Hårt bröd ,0.0,g
190,Hårt bröd fullkorn råg fibrer ca 14% typ normalgräddat,Arakidinsyra C20:0,Hårt bröd ,0.0,g
190,Hårt bröd fullkorn råg fibrer ca 14% typ normalgräddat,Linolensyra C18:3,Hårt bröd ,0.1,g
190,Hårt bröd fullkorn råg fibrer ca 14% typ normalgräddat,Linolsyra C18:2,Hårt bröd ,0.8,g
190,Hårt bröd fullkorn råg fibrer ca 14% typ normalgräddat,Oljesyra C18:1,Hårt bröd ,0.2,g
190,Hårt bröd fullkorn råg fibrer ca 14% typ normalgräddat,Stearinsyra C18:0,Hårt bröd ,0.0,g
190,Hårt bröd fullkorn råg fibrer ca 14% typ normalgräddat,Palmitoljesyra C16:1,Hårt bröd ,0.0,g
190,Hårt bröd fullkorn råg fibrer ca 14% typ normalgräddat,Palmitinsyra C16:0,Hårt bröd ,0.2,g
190,Hårt bröd fullkorn råg fibrer ca 14% typ normalgräddat,Myristinsyra C14:0,Hårt bröd ,0.0,g
190,Hårt bröd fullkorn råg fibrer ca 14% typ normalgräddat,Laurinsyra C12:0,Hårt bröd ,0.0,g
190,Hårt bröd fullkorn råg fibrer ca 14% typ normalgräddat,Betakaroten/β-Karoten,Hårt bröd ,0.0,µg
190,Hårt bröd fullkorn råg fibrer ca 14% typ normalgräddat,Avfall (skal etc.),Hårt bröd ,0.0,%
190,Hårt bröd fullkorn råg fibrer ca 14% typ normalgräddat,Aska,Hårt bröd ,2.7,g
190,Hårt bröd fullkorn råg fibrer ca 14% typ normalgräddat,Alkohol,Hårt bröd ,0.0,g
191,Hårt bröd fullkorn råg vete majs m. surdeg fibrer 15% typ spisbröd,"Zink, Zn",Hårt bröd ,2.3,mg
191,Hårt bröd fullkorn råg vete majs m. surdeg fibrer 15% typ spisbröd,Vitamin E,Hårt bröd ,0.3,mg
191,Hårt bröd fullkorn råg vete majs m. surdeg fibrer 15% typ spisbröd,Vitamin D,Hårt bröd ,0.17,µg
191,Hårt bröd fullkorn råg vete majs m. surdeg fibrer 15% typ spisbröd,Vitamin C,Hårt bröd ,0.0,mg
191,Hårt bröd fullkorn råg vete majs m. surdeg fibrer 15% typ spisbröd,Vitamin B6,Hårt bröd ,0.32,mg
191,Hårt bröd fullkorn råg vete majs m. surdeg fibrer 15% typ spisbröd,Vitamin B12,Hårt bröd ,0.22,µg
191,Hårt bröd fullkorn råg vete majs m. surdeg fibrer 15% typ spisbröd,Vitamin A,Hårt bröd ,4.3,RE/µg
191,Hårt bröd fullkorn råg vete majs m. surdeg fibrer 15% typ spisbröd,Vatten,Hårt bröd ,7.4,g
191,Hårt bröd fullkorn råg vete majs m. surdeg fibrer 15% typ spisbröd,Tiamin,Hårt bröd ,0.26,mg
191,Hårt bröd fullkorn råg vete majs m. surdeg fibrer 15% typ spisbröd,Tillsatt socker,Hårt bröd ,0.0,g
191,Hårt bröd fullkorn råg vete majs m. surdeg fibrer 15% typ spisbröd,Fritt socker,Hårt bröd ,0.0,g
191,Hårt bröd fullkorn råg vete majs m. surdeg fibrer 15% typ spisbröd,"Selen, Se",Hårt bröd ,1.1,µg
191,Hårt bröd fullkorn råg vete majs m. surdeg fibrer 15% typ spisbröd,Sackaros,Hårt bröd ,0.0,g
191,Hårt bröd fullkorn råg vete majs m. surdeg fibrer 15% typ spisbröd,Riboflavin,Hårt bröd ,0.17,mg
191,Hårt bröd fullkorn råg vete majs m. surdeg fibrer 15% typ spisbröd,Retinol,Hårt bröd ,4.0,µg
191,Hårt bröd fullkorn råg vete majs m. surdeg fibrer 15% typ spisbröd,Protein,Hårt bröd ,8.3,g
191,Hårt bröd fullkorn råg vete majs m. surdeg fibrer 15% typ spisbröd,Summa fleromättade fettsyror,Hårt bröd ,0.7,g
191,Hårt bröd fullkorn råg vete majs m. surdeg fibrer 15% typ spisbröd,"Fosfor, P",Hårt bröd ,268.0,mg
191,Hårt bröd fullkorn råg vete majs m. surdeg fibrer 15% typ spisbröd,Niacinekvivalenter,Hårt bröd ,2.9,NE/mg
191,Hårt bröd fullkorn råg vete majs m. surdeg fibrer 15% typ spisbröd,Niacin,Hårt bröd ,1.5,mg
191,Hårt bröd fullkorn råg vete majs m. surdeg fibrer 15% typ spisbröd,"Salt, NaCl",Hårt bröd ,2.8,g
191,Hårt bröd fullkorn råg vete majs m. surdeg fibrer 15% typ spisbröd,"Natrium, Na",Hårt bröd ,1098.0,mg
191,Hårt bröd fullkorn råg vete majs m. surdeg fibrer 15% typ spisbröd,Monosackarider,Hårt bröd ,0.3,g
191,Hårt bröd fullkorn råg vete majs m. surdeg fibrer 15% typ spisbröd,"Sockerarter, totalt",Hårt bröd ,0.7,g
191,Hårt bröd fullkorn råg vete majs m. surdeg fibrer 15% typ spisbröd,Summa enkelomättade fettsyror,Hårt bröd ,0.2,g
191,Hårt bröd fullkorn råg vete majs m. surdeg fibrer 15% typ spisbröd,"Magnesium, Mg",Hårt bröd ,83.0,mg
191,Hårt bröd fullkorn råg vete majs m. surdeg fibrer 15% typ spisbröd,Summa mättade fettsyror,Hårt bröd ,0.2,g
191,Hårt bröd fullkorn råg vete majs m. surdeg fibrer 15% typ spisbröd,"Kolhydrater, tillgängliga",Hårt bröd ,63.4,g
191,Hårt bröd fullkorn råg vete majs m. surdeg fibrer 15% typ spisbröd,Kolesterol,Hårt bröd ,2.0,mg
191,Hårt bröd fullkorn råg vete majs m. surdeg fibrer 15% typ spisbröd,"Kalium, K",Hårt bröd ,442.0,mg
191,Hårt bröd fullkorn råg vete majs m. surdeg fibrer 15% typ spisbröd,"Jod, I",Hårt bröd ,3.0,µg
191,Hårt bröd fullkorn råg vete majs m. surdeg fibrer 15% typ spisbröd,Fullkorn totalt,Hårt bröd ,100.0,g
191,Hårt bröd fullkorn råg vete majs m. surdeg fibrer 15% typ spisbröd,"Folat, totalt",Hårt bröd ,60.0,µg
191,Hårt bröd fullkorn råg vete majs m. surdeg fibrer 15% typ spisbröd,Fibrer,Hårt bröd ,14.9,g
191,Hårt bröd fullkorn råg vete majs m. surdeg fibrer 15% typ spisbröd,"Fett, totalt",Hårt bröd ,1.8,g
191,Hårt bröd fullkorn råg vete majs m. surdeg fibrer 15% typ spisbröd,"Järn, Fe",Hårt bröd ,2.4,mg
191,Hårt bröd fullkorn råg vete majs m. surdeg fibrer 15% typ spisbröd,Energi (kJ),Hårt bröd ,1403.0,kJ
191,Hårt bröd fullkorn råg vete majs m. surdeg fibrer 15% typ spisbröd,Energi (kcal),Hårt bröd ,335.0,kcal
191,Hårt bröd fullkorn råg vete majs m. surdeg fibrer 15% typ spisbröd,Disackarider,Hårt bröd ,0.4,g
191,Hårt bröd fullkorn råg vete majs m. surdeg fibrer 15% typ spisbröd,"Kalcium, Ca",Hårt bröd ,32.0,mg
191,Hårt bröd fullkorn råg vete majs m. surdeg fibrer 15% typ spisbröd,Fettsyra 4:0-10:0,Hårt bröd ,0.0,g
191,Hårt bröd fullkorn råg vete majs m. surdeg fibrer 15% typ spisbröd,DHA (C22:6),Hårt bröd ,0.0,g
191,Hårt bröd fullkorn råg vete majs m. surdeg fibrer 15% typ spisbröd,DPA (C22:5),Hårt bröd ,0.0,g
191,Hårt bröd fullkorn råg vete majs m. surdeg fibrer 15% typ spisbröd,EPA (C20:5),Hårt bröd ,0.0,g
191,Hårt bröd fullkorn råg vete majs m. surdeg fibrer 15% typ spisbröd,Arakidonsyra C20:4,Hårt bröd ,0.0,g
191,Hårt bröd fullkorn råg vete majs m. surdeg fibrer 15% typ spisbröd,Arakidinsyra C20:0,Hårt bröd ,0.0,g
191,Hårt bröd fullkorn råg vete majs m. surdeg fibrer 15% typ spisbröd,Linolensyra C18:3,Hårt bröd ,0.1,g
191,Hårt bröd fullkorn råg vete majs m. surdeg fibrer 15% typ spisbröd,Linolsyra C18:2,Hårt bröd ,0.6,g
191,Hårt bröd fullkorn råg vete majs m. surdeg fibrer 15% typ spisbröd,Oljesyra C18:1,Hårt bröd ,0.2,g
191,Hårt bröd fullkorn råg vete majs m. surdeg fibrer 15% typ spisbröd,Stearinsyra C18:0,Hårt bröd ,0.0,g
191,Hårt bröd fullkorn råg vete majs m. surdeg fibrer 15% typ spisbröd,Palmitoljesyra C16:1,Hårt bröd ,0.0,g
191,Hårt bröd fullkorn råg vete majs m. surdeg fibrer 15% typ spisbröd,Palmitinsyra C16:0,Hårt bröd ,0.2,g
191,Hårt bröd fullkorn råg vete majs m. surdeg fibrer 15% typ spisbröd,Myristinsyra C14:0,Hårt bröd ,0.0,g
191,Hårt bröd fullkorn råg vete majs m. surdeg fibrer 15% typ spisbröd,Laurinsyra C12:0,Hårt bröd ,0.0,g
191,Hårt bröd fullkorn råg vete majs m. surdeg fibrer 15% typ spisbröd,Betakaroten/β-Karoten,Hårt bröd ,0.0,µg
191,Hårt bröd fullkorn råg vete majs m. surdeg fibrer 15% typ spisbröd,Avfall (skal etc.),Hårt bröd ,0.0,%
191,Hårt bröd fullkorn råg vete majs m. surdeg fibrer 15% typ spisbröd,Aska,Hårt bröd ,4.2,g
191,Hårt bröd fullkorn råg vete majs m. surdeg fibrer 15% typ spisbröd,Alkohol,Hårt bröd ,0.0,g
193,"Bröd vitt vete vatten fibrer ca 3,5% typ pitabröd","Zink, Zn",Mjukt bröd ,0.9,mg
193,"Bröd vitt vete vatten fibrer ca 3,5% typ pitabröd",Vitamin E,Mjukt bröd ,0.5,mg
193,"Bröd vitt vete vatten fibrer ca 3,5% typ pitabröd",Vitamin D inkl 25-OH-D3,Mjukt bröd ,0.0,µg
193,"Bröd vitt vete vatten fibrer ca 3,5% typ pitabröd",Vitamin D,Mjukt bröd ,0.0,µg
193,"Bröd vitt vete vatten fibrer ca 3,5% typ pitabröd",Vitamin C,Mjukt bröd ,0.0,mg
193,"Bröd vitt vete vatten fibrer ca 3,5% typ pitabröd",Vitamin B6,Mjukt bröd ,0.11,mg
193,"Bröd vitt vete vatten fibrer ca 3,5% typ pitabröd",Vitamin B12,Mjukt bröd ,0.0,µg
193,"Bröd vitt vete vatten fibrer ca 3,5% typ pitabröd",Vitamin A,Mjukt bröd ,0.0,RE/µg
193,"Bröd vitt vete vatten fibrer ca 3,5% typ pitabröd",Vatten,Mjukt bröd ,31.1,g
193,"Bröd vitt vete vatten fibrer ca 3,5% typ pitabröd",Tiamin,Mjukt bröd ,0.16,mg
193,"Bröd vitt vete vatten fibrer ca 3,5% typ pitabröd",Tillsatt socker,Mjukt bröd ,0.0,g
193,"Bröd vitt vete vatten fibrer ca 3,5% typ pitabröd",Fritt socker,Mjukt bröd ,0.0,g
193,"Bröd vitt vete vatten fibrer ca 3,5% typ pitabröd","Selen, Se",Mjukt bröd ,1.4,µg
193,"Bröd vitt vete vatten fibrer ca 3,5% typ pitabröd",Sackaros,Mjukt bröd ,0.0,g
193,"Bröd vitt vete vatten fibrer ca 3,5% typ pitabröd",Riboflavin,Mjukt bröd ,0.03,mg
193,"Bröd vitt vete vatten fibrer ca 3,5% typ pitabröd",Retinol,Mjukt bröd ,0.0,µg
193,"Bröd vitt vete vatten fibrer ca 3,5% typ pitabröd",Protein,Mjukt bröd ,8.6,g
193,"Bröd vitt vete vatten fibrer ca 3,5% typ pitabröd",Summa fleromättade fettsyror,Mjukt bröd ,0.3,g
193,"Bröd vitt vete vatten fibrer ca 3,5% typ pitabröd","Fosfor, P",Mjukt bröd ,112.0,mg
193,"Bröd vitt vete vatten fibrer ca 3,5% typ pitabröd",Niacinekvivalenter,Mjukt bröd ,2.74,NE/mg
193,"Bröd vitt vete vatten fibrer ca 3,5% typ pitabröd",Niacin,Mjukt bröd ,1.3,mg
193,"Bröd vitt vete vatten fibrer ca 3,5% typ pitabröd","Salt, NaCl",Mjukt bröd ,1.2,g
193,"Bröd vitt vete vatten fibrer ca 3,5% typ pitabröd","Natrium, Na",Mjukt bröd ,461.0,mg
193,"Bröd vitt vete vatten fibrer ca 3,5% typ pitabröd",Monosackarider,Mjukt bröd ,0.7,g
193,"Bröd vitt vete vatten fibrer ca 3,5% typ pitabröd","Sockerarter, totalt",Mjukt bröd ,1.8,g
193,"Bröd vitt vete vatten fibrer ca 3,5% typ pitabröd",Summa enkelomättade fettsyror,Mjukt bröd ,0.4,g
193,"Bröd vitt vete vatten fibrer ca 3,5% typ pitabröd","Magnesium, Mg",Mjukt bröd ,37.0,mg
193,"Bröd vitt vete vatten fibrer ca 3,5% typ pitabröd",Summa mättade fettsyror,Mjukt bröd ,0.3,g
193,"Bröd vitt vete vatten fibrer ca 3,5% typ pitabröd","Kolhydrater, tillgängliga",Mjukt bröd ,53.6,g
193,"Bröd vitt vete vatten fibrer ca 3,5% typ pitabröd",Kolesterol,Mjukt bröd ,0.0,mg
193,"Bröd vitt vete vatten fibrer ca 3,5% typ pitabröd","Kalium, K",Mjukt bröd ,141.0,mg
193,"Bröd vitt vete vatten fibrer ca 3,5% typ pitabröd","Jod, I",Mjukt bröd ,0.0,µg
193,"Bröd vitt vete vatten fibrer ca 3,5% typ pitabröd",Fullkorn totalt,Mjukt bröd ,0.0,g
193,"Bröd vitt vete vatten fibrer ca 3,5% typ pitabröd","Folat, totalt",Mjukt bröd ,17.9,µg
193,"Bröd vitt vete vatten fibrer ca 3,5% typ pitabröd",Fibrer,Mjukt bröd ,3.4,g
193,"Bröd vitt vete vatten fibrer ca 3,5% typ pitabröd","Fett, totalt",Mjukt bröd ,1.6,g
193,"Bröd vitt vete vatten fibrer ca 3,5% typ pitabröd","Järn, Fe",Mjukt bröd ,1.1,mg
193,"Bröd vitt vete vatten fibrer ca 3,5% typ pitabröd",Energi (kJ),Mjukt bröd ,1144.0,kJ
193,"Bröd vitt vete vatten fibrer ca 3,5% typ pitabröd",Energi (kcal),Mjukt bröd ,274.0,kcal
193,"Bröd vitt vete vatten fibrer ca 3,5% typ pitabröd",Disackarider,Mjukt bröd ,1.1,g
193,"Bröd vitt vete vatten fibrer ca 3,5% typ pitabröd","Kalcium, Ca",Mjukt bröd ,20.0,mg
193,"Bröd vitt vete vatten fibrer ca 3,5% typ pitabröd",Fettsyra 4:0-10:0,Mjukt bröd ,0.0,g
193,"Bröd vitt vete vatten fibrer ca 3,5% typ pitabröd",DHA (C22:6),Mjukt bröd ,0.0,g
193,"Bröd vitt vete vatten fibrer ca 3,5% typ pitabröd",DPA (C22:5),Mjukt bröd ,0.0,g
193,"Bröd vitt vete vatten fibrer ca 3,5% typ pitabröd",EPA (C20:5),Mjukt bröd ,0.0,g
193,"Bröd vitt vete vatten fibrer ca 3,5% typ pitabröd",Arakidonsyra C20:4,Mjukt bröd ,0.0,g
193,"Bröd vitt vete vatten fibrer ca 3,5% typ pitabröd",Arakidinsyra C20:0,Mjukt bröd ,0.0,g
193,"Bröd vitt vete vatten fibrer ca 3,5% typ pitabröd",Linolensyra C18:3,Mjukt bröd ,0.0,g
193,"Bröd vitt vete vatten fibrer ca 3,5% typ pitabröd",Linolsyra C18:2,Mjukt bröd ,0.3,g
193,"Bröd vitt vete vatten fibrer ca 3,5% typ pitabröd",Oljesyra C18:1,Mjukt bröd ,0.4,g
193,"Bröd vitt vete vatten fibrer ca 3,5% typ pitabröd",Stearinsyra C18:0,Mjukt bröd ,0.1,g
193,"Bröd vitt vete vatten fibrer ca 3,5% typ pitabröd",Palmitoljesyra C16:1,Mjukt bröd ,0.0,g
193,"Bröd vitt vete vatten fibrer ca 3,5% typ pitabröd",Palmitinsyra C16:0,Mjukt bröd ,0.2,g
193,"Bröd vitt vete vatten fibrer ca 3,5% typ pitabröd",Myristinsyra C14:0,Mjukt bröd ,0.0,g
193,"Bröd vitt vete vatten fibrer ca 3,5% typ pitabröd",Laurinsyra C12:0,Mjukt bröd ,0.0,g
193,"Bröd vitt vete vatten fibrer ca 3,5% typ pitabröd",Betakaroten/β-Karoten,Mjukt bröd ,0.0,µg
193,"Bröd vitt vete vatten fibrer ca 3,5% typ pitabröd",Avfall (skal etc.),Mjukt bröd ,0.0,%
193,"Bröd vitt vete vatten fibrer ca 3,5% typ pitabröd",Aska,Mjukt bröd ,1.7,g
193,"Bröd vitt vete vatten fibrer ca 3,5% typ pitabröd",Alkohol,Mjukt bröd ,0.0,g
194,Korvbröd,"Zink, Zn",Mjukt bröd ,0.8,mg
194,Korvbröd,Vitamin E,Mjukt bröd ,0.6,mg
194,Korvbröd,Vitamin D,Mjukt bröd ,0.3,µg
194,Korvbröd,Vitamin C,Mjukt bröd ,0.0,mg
194,Korvbröd,Vitamin B6,Mjukt bröd ,0.18,mg
194,Korvbröd,Vitamin B12,Mjukt bröd ,0.16,µg
194,Korvbröd,Vitamin A,Mjukt bröd ,32.8,RE/µg
194,Korvbröd,Vatten,Mjukt bröd ,31.2,g
194,Korvbröd,Tiamin,Mjukt bröd ,0.22,mg
194,Korvbröd,Tillsatt socker,Mjukt bröd ,3.0,g
194,Korvbröd,Fritt socker,Mjukt bröd ,3.0,g
194,Korvbröd,"Selen, Se",Mjukt bröd ,1.4,µg
194,Korvbröd,Sackaros,Mjukt bröd ,0.0,g
194,Korvbröd,Riboflavin,Mjukt bröd ,0.14,mg
194,Korvbröd,Retinol,Mjukt bröd ,32.8,µg
194,Korvbröd,Protein,Mjukt bröd ,8.1,g
194,Korvbröd,Summa fleromättade fettsyror,Mjukt bröd ,0.8,g
194,Korvbröd,"Fosfor, P",Mjukt bröd ,104.0,mg
194,Korvbröd,Niacinekvivalenter,Mjukt bröd ,3.75,NE/mg
194,Korvbröd,Niacin,Mjukt bröd ,2.4,mg
194,Korvbröd,"Salt, NaCl",Mjukt bröd ,0.7,g
194,Korvbröd,"Natrium, Na",Mjukt bröd ,267.0,mg
194,Korvbröd,Monosackarider,Mjukt bröd ,4.2,g
194,Korvbröd,"Sockerarter, totalt",Mjukt bröd ,6.0,g
194,Korvbröd,Summa enkelomättade fettsyror,Mjukt bröd ,1.2,g
194,Korvbröd,"Magnesium, Mg",Mjukt bröd ,20.0,mg
194,Korvbröd,Summa mättade fettsyror,Mjukt bröd ,0.8,g
194,Korvbröd,"Kolhydrater, tillgängliga",Mjukt bröd ,51.2,g
194,Korvbröd,Kolesterol,Mjukt bröd ,0.8,mg
194,Korvbröd,"Kalium, K",Mjukt bröd ,138.0,mg
194,Korvbröd,"Jod, I",Mjukt bröd ,0.0,µg
194,Korvbröd,Fullkorn totalt,Mjukt bröd ,0.0,g
194,Korvbröd,"Folat, totalt",Mjukt bröd ,32.8,µg
194,Korvbröd,Fibrer,Mjukt bröd ,4.2,g
194,Korvbröd,"Fett, totalt",Mjukt bröd ,4.1,g
194,Korvbröd,"Järn, Fe",Mjukt bröd ,0.8,mg
194,Korvbröd,Energi (kJ),Mjukt bröd ,1194.0,kJ
194,Korvbröd,Energi (kcal),Mjukt bröd ,285.0,kcal
194,Korvbröd,Disackarider,Mjukt bröd ,1.8,g
194,Korvbröd,"Kalcium, Ca",Mjukt bröd ,35.0,mg
194,Korvbröd,Fettsyra 4:0-10:0,Mjukt bröd ,0.0,g
194,Korvbröd,DHA (C22:6),Mjukt bröd ,0.0,g
194,Korvbröd,DPA (C22:5),Mjukt bröd ,0.0,g
194,Korvbröd,EPA (C20:5),Mjukt bröd ,0.0,g
194,Korvbröd,Arakidonsyra C20:4,Mjukt bröd ,0.0,g
194,Korvbröd,Arakidinsyra C20:0,Mjukt bröd ,0.0,g
194,Korvbröd,Linolensyra C18:3,Mjukt bröd ,0.1,g
194,Korvbröd,Linolsyra C18:2,Mjukt bröd ,0.7,g
194,Korvbröd,Oljesyra C18:1,Mjukt bröd ,1.2,g
194,Korvbröd,Stearinsyra C18:0,Mjukt bröd ,0.1,g
194,Korvbröd,Palmitoljesyra C16:1,Mjukt bröd ,0.0,g
194,Korvbröd,Palmitinsyra C16:0,Mjukt bröd ,0.6,g
194,Korvbröd,Myristinsyra C14:0,Mjukt bröd ,0.0,g
194,Korvbröd,Laurinsyra C12:0,Mjukt bröd ,0.0,g
194,Korvbröd,Betakaroten/β-Karoten,Mjukt bröd ,0.0,µg
194,Korvbröd,Avfall (skal etc.),Mjukt bröd ,0.0,%
194,Korvbröd,Aska,Mjukt bröd ,1.2,g
194,Korvbröd,Alkohol,Mjukt bröd ,0.0,g
195,Hårt bröd fullkorn råg fibrer ca 14% typ brungräddat,"Zink, Zn",Hårt bröd ,2.5,mg
195,Hårt bröd fullkorn råg fibrer ca 14% typ brungräddat,Vitamin E,Hårt bröd ,0.7,mg
195,Hårt bröd fullkorn råg fibrer ca 14% typ brungräddat,Vitamin D inkl 25-OH-D3,Hårt bröd ,0.0,µg
195,Hårt bröd fullkorn råg fibrer ca 14% typ brungräddat,Vitamin D,Hårt bröd ,0.0,µg
195,Hårt bröd fullkorn råg fibrer ca 14% typ brungräddat,Vitamin C,Hårt bröd ,0.0,mg
195,Hårt bröd fullkorn råg fibrer ca 14% typ brungräddat,Vitamin B6,Hårt bröd ,0.29,mg
195,Hårt bröd fullkorn råg fibrer ca 14% typ brungräddat,Vitamin B12,Hårt bröd ,0.0,µg
195,Hårt bröd fullkorn råg fibrer ca 14% typ brungräddat,Vitamin A,Hårt bröd ,0.0,RE/µg
195,Hårt bröd fullkorn råg fibrer ca 14% typ brungräddat,Vatten,Hårt bröd ,5.7,g
195,Hårt bröd fullkorn råg fibrer ca 14% typ brungräddat,Tiamin,Hårt bröd ,0.18,mg
195,Hårt bröd fullkorn råg fibrer ca 14% typ brungräddat,Tillsatt socker,Hårt bröd ,0.0,g
195,Hårt bröd fullkorn råg fibrer ca 14% typ brungräddat,Fritt socker,Hårt bröd ,0.0,g
195,Hårt bröd fullkorn råg fibrer ca 14% typ brungräddat,"Selen, Se",Hårt bröd ,1.7,µg
195,Hårt bröd fullkorn råg fibrer ca 14% typ brungräddat,Sackaros,Hårt bröd ,0.1,g
195,Hårt bröd fullkorn råg fibrer ca 14% typ brungräddat,Riboflavin,Hårt bröd ,0.14,mg
195,Hårt bröd fullkorn råg fibrer ca 14% typ brungräddat,Retinol,Hårt bröd ,0.0,µg
195,Hårt bröd fullkorn råg fibrer ca 14% typ brungräddat,Protein,Hårt bröd ,9.1,g
195,Hårt bröd fullkorn råg fibrer ca 14% typ brungräddat,Summa fleromättade fettsyror,Hårt bröd ,1.2,g
195,Hårt bröd fullkorn råg fibrer ca 14% typ brungräddat,"Fosfor, P",Hårt bröd ,340.0,mg
195,Hårt bröd fullkorn råg fibrer ca 14% typ brungräddat,Niacinekvivalenter,Hårt bröd ,2.64,NE/mg
195,Hårt bröd fullkorn råg fibrer ca 14% typ brungräddat,Niacin,Hårt bröd ,1.12,mg
195,Hårt bröd fullkorn råg fibrer ca 14% typ brungräddat,"Salt, NaCl",Hårt bröd ,1.2,g
195,Hårt bröd fullkorn råg fibrer ca 14% typ brungräddat,"Natrium, Na",Hårt bröd ,500.0,mg
195,Hårt bröd fullkorn råg fibrer ca 14% typ brungräddat,Monosackarider,Hårt bröd ,0.5,g
195,Hårt bröd fullkorn råg fibrer ca 14% typ brungräddat,"Sockerarter, totalt",Hårt bröd ,1.2,g
195,Hårt bröd fullkorn råg fibrer ca 14% typ brungräddat,Summa enkelomättade fettsyror,Hårt bröd ,0.3,g
195,Hårt bröd fullkorn råg fibrer ca 14% typ brungräddat,"Magnesium, Mg",Hårt bröd ,76.0,mg
195,Hårt bröd fullkorn råg fibrer ca 14% typ brungräddat,Summa mättade fettsyror,Hårt bröd ,0.4,g
195,Hårt bröd fullkorn råg fibrer ca 14% typ brungräddat,"Kolhydrater, tillgängliga",Hårt bröd ,65.5,g
195,Hårt bröd fullkorn råg fibrer ca 14% typ brungräddat,Kolesterol,Hårt bröd ,0.0,mg
195,Hårt bröd fullkorn råg fibrer ca 14% typ brungräddat,"Kalium, K",Hårt bröd ,415.0,mg
195,Hårt bröd fullkorn råg fibrer ca 14% typ brungräddat,"Jod, I",Hårt bröd ,3.0,µg
195,Hårt bröd fullkorn råg fibrer ca 14% typ brungräddat,Fullkorn totalt,Hårt bröd ,100.0,g
195,Hårt bröd fullkorn råg fibrer ca 14% typ brungräddat,"Folat, totalt",Hårt bröd ,61.6,µg
195,Hårt bröd fullkorn råg fibrer ca 14% typ brungräddat,Fibrer,Hårt bröd ,14.4,g
195,Hårt bröd fullkorn råg fibrer ca 14% typ brungräddat,"Fett, totalt",Hårt bröd ,2.6,g
195,Hårt bröd fullkorn råg fibrer ca 14% typ brungräddat,"Järn, Fe",Hårt bröd ,2.9,mg
195,Hårt bröd fullkorn råg fibrer ca 14% typ brungräddat,Energi (kJ),Hårt bröd ,1480.0,kJ
195,Hårt bröd fullkorn råg fibrer ca 14% typ brungräddat,Energi (kcal),Hårt bröd ,354.0,kcal
195,Hårt bröd fullkorn råg fibrer ca 14% typ brungräddat,Disackarider,Hårt bröd ,0.7,g
195,Hårt bröd fullkorn råg fibrer ca 14% typ brungräddat,"Kalcium, Ca",Hårt bröd ,38.0,mg
195,Hårt bröd fullkorn råg fibrer ca 14% typ brungräddat,Fettsyra 4:0-10:0,Hårt bröd ,0.0,g
195,Hårt bröd fullkorn råg fibrer ca 14% typ brungräddat,DHA (C22:6),Hårt bröd ,0.0,g
195,Hårt bröd fullkorn råg fibrer ca 14% typ brungräddat,DPA (C22:5),Hårt bröd ,0.0,g
195,Hårt bröd fullkorn råg fibrer ca 14% typ brungräddat,EPA (C20:5),Hårt bröd ,0.0,g
195,Hårt bröd fullkorn råg fibrer ca 14% typ brungräddat,Arakidonsyra C20:4,Hårt bröd ,0.0,g
195,Hårt bröd fullkorn råg fibrer ca 14% typ brungräddat,Arakidinsyra C20:0,Hårt bröd ,0.0,g
195,Hårt bröd fullkorn råg fibrer ca 14% typ brungräddat,Linolensyra C18:3,Hårt bröd ,0.2,g
195,Hårt bröd fullkorn råg fibrer ca 14% typ brungräddat,Linolsyra C18:2,Hårt bröd ,1.0,g
195,Hårt bröd fullkorn råg fibrer ca 14% typ brungräddat,Oljesyra C18:1,Hårt bröd ,0.3,g
195,Hårt bröd fullkorn råg fibrer ca 14% typ brungräddat,Stearinsyra C18:0,Hårt bröd ,0.0,g
195,Hårt bröd fullkorn råg fibrer ca 14% typ brungräddat,Palmitoljesyra C16:1,Hårt bröd ,0.0,g
195,Hårt bröd fullkorn råg fibrer ca 14% typ brungräddat,Palmitinsyra C16:0,Hårt bröd ,0.3,g
195,Hårt bröd fullkorn råg fibrer ca 14% typ brungräddat,Myristinsyra C14:0,Hårt bröd ,0.0,g
195,Hårt bröd fullkorn råg fibrer ca 14% typ brungräddat,Laurinsyra C12:0,Hårt bröd ,0.0,g
195,Hårt bröd fullkorn råg fibrer ca 14% typ brungräddat,Betakaroten/β-Karoten,Hårt bröd ,0.0,µg
195,Hårt bröd fullkorn råg fibrer ca 14% typ brungräddat,Avfall (skal etc.),Hårt bröd ,0.0,%
195,Hårt bröd fullkorn råg fibrer ca 14% typ brungräddat,Aska,Hårt bröd ,2.7,g
195,Hårt bröd fullkorn råg fibrer ca 14% typ brungräddat,Alkohol,Hårt bröd ,0.0,g
198,"Bröd vitt osötat fibrer ca 2,5% typ italienskt","Zink, Zn",Mjukt bröd ,0.6,mg
198,"Bröd vitt osötat fibrer ca 2,5% typ italienskt",Vitamin E,Mjukt bröd ,0.3,mg
198,"Bröd vitt osötat fibrer ca 2,5% typ italienskt",Vitamin D inkl 25-OH-D3,Mjukt bröd ,0.0,µg
198,"Bröd vitt osötat fibrer ca 2,5% typ italienskt",Vitamin D,Mjukt bröd ,0.0,µg
198,"Bröd vitt osötat fibrer ca 2,5% typ italienskt",Vitamin C,Mjukt bröd ,0.0,mg
198,"Bröd vitt osötat fibrer ca 2,5% typ italienskt",Vitamin B6,Mjukt bröd ,0.29,mg
198,"Bröd vitt osötat fibrer ca 2,5% typ italienskt",Vitamin B12,Mjukt bröd ,0.0,µg
198,"Bröd vitt osötat fibrer ca 2,5% typ italienskt",Vitamin A,Mjukt bröd ,0.0,RE/µg
198,"Bröd vitt osötat fibrer ca 2,5% typ italienskt",Vatten,Mjukt bröd ,35.7,g
198,"Bröd vitt osötat fibrer ca 2,5% typ italienskt",Tiamin,Mjukt bröd ,0.26,mg
198,"Bröd vitt osötat fibrer ca 2,5% typ italienskt",Tillsatt socker,Mjukt bröd ,0.0,g
198,"Bröd vitt osötat fibrer ca 2,5% typ italienskt",Fritt socker,Mjukt bröd ,0.0,g
198,"Bröd vitt osötat fibrer ca 2,5% typ italienskt","Selen, Se",Mjukt bröd ,1.0,µg
198,"Bröd vitt osötat fibrer ca 2,5% typ italienskt",Sackaros,Mjukt bröd ,0.0,g
198,"Bröd vitt osötat fibrer ca 2,5% typ italienskt",Riboflavin,Mjukt bröd ,0.16,mg
198,"Bröd vitt osötat fibrer ca 2,5% typ italienskt",Retinol,Mjukt bröd ,0.0,µg
198,"Bröd vitt osötat fibrer ca 2,5% typ italienskt",Protein,Mjukt bröd ,8.6,g
198,"Bröd vitt osötat fibrer ca 2,5% typ italienskt",Summa fleromättade fettsyror,Mjukt bröd ,0.3,g
198,"Bröd vitt osötat fibrer ca 2,5% typ italienskt","Fosfor, P",Mjukt bröd ,115.0,mg
198,"Bröd vitt osötat fibrer ca 2,5% typ italienskt",Niacinekvivalenter,Mjukt bröd ,5.13,NE/mg
198,"Bröd vitt osötat fibrer ca 2,5% typ italienskt",Niacin,Mjukt bröd ,3.7,mg
198,"Bröd vitt osötat fibrer ca 2,5% typ italienskt","Salt, NaCl",Mjukt bröd ,1.2,g
198,"Bröd vitt osötat fibrer ca 2,5% typ italienskt","Natrium, Na",Mjukt bröd ,481.0,mg
198,"Bröd vitt osötat fibrer ca 2,5% typ italienskt",Monosackarider,Mjukt bröd ,0.2,g
198,"Bröd vitt osötat fibrer ca 2,5% typ italienskt","Sockerarter, totalt",Mjukt bröd ,2.3,g
198,"Bröd vitt osötat fibrer ca 2,5% typ italienskt",Summa enkelomättade fettsyror,Mjukt bröd ,0.4,g
198,"Bröd vitt osötat fibrer ca 2,5% typ italienskt","Magnesium, Mg",Mjukt bröd ,14.0,mg
198,"Bröd vitt osötat fibrer ca 2,5% typ italienskt",Summa mättade fettsyror,Mjukt bröd ,0.3,g
198,"Bröd vitt osötat fibrer ca 2,5% typ italienskt","Kolhydrater, tillgängliga",Mjukt bröd ,50.2,g
198,"Bröd vitt osötat fibrer ca 2,5% typ italienskt",Kolesterol,Mjukt bröd ,0.0,mg
198,"Bröd vitt osötat fibrer ca 2,5% typ italienskt","Kalium, K",Mjukt bröd ,115.0,mg
198,"Bröd vitt osötat fibrer ca 2,5% typ italienskt","Jod, I",Mjukt bröd ,0.0,µg
198,"Bröd vitt osötat fibrer ca 2,5% typ italienskt",Fullkorn totalt,Mjukt bröd ,0.0,g
198,"Bröd vitt osötat fibrer ca 2,5% typ italienskt","Folat, totalt",Mjukt bröd ,29.7,µg
198,"Bröd vitt osötat fibrer ca 2,5% typ italienskt",Fibrer,Mjukt bröd ,2.4,g
198,"Bröd vitt osötat fibrer ca 2,5% typ italienskt","Fett, totalt",Mjukt bröd ,1.4,g
198,"Bröd vitt osötat fibrer ca 2,5% typ italienskt","Järn, Fe",Mjukt bröd ,0.8,mg
198,"Bröd vitt osötat fibrer ca 2,5% typ italienskt",Energi (kJ),Mjukt bröd ,1070.0,kJ
198,"Bröd vitt osötat fibrer ca 2,5% typ italienskt",Energi (kcal),Mjukt bröd ,256.0,kcal
198,"Bröd vitt osötat fibrer ca 2,5% typ italienskt",Disackarider,Mjukt bröd ,2.0,g
198,"Bröd vitt osötat fibrer ca 2,5% typ italienskt","Kalcium, Ca",Mjukt bröd ,29.0,mg
198,"Bröd vitt osötat fibrer ca 2,5% typ italienskt",Fettsyra 4:0-10:0,Mjukt bröd ,0.0,g
198,"Bröd vitt osötat fibrer ca 2,5% typ italienskt",DHA (C22:6),Mjukt bröd ,0.0,g
198,"Bröd vitt osötat fibrer ca 2,5% typ italienskt",DPA (C22:5),Mjukt bröd ,0.0,g
198,"Bröd vitt osötat fibrer ca 2,5% typ italienskt",EPA (C20:5),Mjukt bröd ,0.0,g
198,"Bröd vitt osötat fibrer ca 2,5% typ italienskt",Arakidonsyra C20:4,Mjukt bröd ,0.0,g
198,"Bröd vitt osötat fibrer ca 2,5% typ italienskt",Arakidinsyra C20:0,Mjukt bröd ,0.0,g
198,"Bröd vitt osötat fibrer ca 2,5% typ italienskt",Linolensyra C18:3,Mjukt bröd ,0.0,g
198,"Bröd vitt osötat fibrer ca 2,5% typ italienskt",Linolsyra C18:2,Mjukt bröd ,0.2,g
198,"Bröd vitt osötat fibrer ca 2,5% typ italienskt",Oljesyra C18:1,Mjukt bröd ,0.3,g
198,"Bröd vitt osötat fibrer ca 2,5% typ italienskt",Stearinsyra C18:0,Mjukt bröd ,0.1,g
198,"Bröd vitt osötat fibrer ca 2,5% typ italienskt",Palmitoljesyra C16:1,Mjukt bröd ,0.0,g
198,"Bröd vitt osötat fibrer ca 2,5% typ italienskt",Palmitinsyra C16:0,Mjukt bröd ,0.2,g
198,"Bröd vitt osötat fibrer ca 2,5% typ italienskt",Myristinsyra C14:0,Mjukt bröd ,0.0,g
198,"Bröd vitt osötat fibrer ca 2,5% typ italienskt",Laurinsyra C12:0,Mjukt bröd ,0.0,g
198,"Bröd vitt osötat fibrer ca 2,5% typ italienskt",Betakaroten/β-Karoten,Mjukt bröd ,0.0,µg
198,"Bröd vitt osötat fibrer ca 2,5% typ italienskt",Avfall (skal etc.),Mjukt bröd ,0.0,%
198,"Bröd vitt osötat fibrer ca 2,5% typ italienskt",Aska,Mjukt bröd ,1.7,g
198,"Bröd vitt osötat fibrer ca 2,5% typ italienskt",Alkohol,Mjukt bröd ,0.0,g
200,"Bröd vitt vete fibrer ca 2,5% typ baguette","Zink, Zn",Mjukt bröd ,0.7,mg
200,"Bröd vitt vete fibrer ca 2,5% typ baguette",Vitamin E,Mjukt bröd ,0.2,mg
200,"Bröd vitt vete fibrer ca 2,5% typ baguette",Vitamin D inkl 25-OH-D3,Mjukt bröd ,0.0,µg
200,"Bröd vitt vete fibrer ca 2,5% typ baguette",Vitamin D,Mjukt bröd ,0.0,µg
200,"Bröd vitt vete fibrer ca 2,5% typ baguette",Vitamin C,Mjukt bröd ,0.0,mg
200,"Bröd vitt vete fibrer ca 2,5% typ baguette",Vitamin B6,Mjukt bröd ,0.08,mg
200,"Bröd vitt vete fibrer ca 2,5% typ baguette",Vitamin B12,Mjukt bröd ,0.0,µg
200,"Bröd vitt vete fibrer ca 2,5% typ baguette",Vitamin A,Mjukt bröd ,0.0,RE/µg
200,"Bröd vitt vete fibrer ca 2,5% typ baguette",Vatten,Mjukt bröd ,32.4,g
200,"Bröd vitt vete fibrer ca 2,5% typ baguette",Tiamin,Mjukt bröd ,0.23,mg
200,"Bröd vitt vete fibrer ca 2,5% typ baguette",Tillsatt socker,Mjukt bröd ,0.0,g
200,"Bröd vitt vete fibrer ca 2,5% typ baguette",Fritt socker,Mjukt bröd ,0.0,g
200,"Bröd vitt vete fibrer ca 2,5% typ baguette","Selen, Se",Mjukt bröd ,0.0,µg
200,"Bröd vitt vete fibrer ca 2,5% typ baguette",Sackaros,Mjukt bröd ,0.0,g
200,"Bröd vitt vete fibrer ca 2,5% typ baguette",Riboflavin,Mjukt bröd ,0.06,mg
200,"Bröd vitt vete fibrer ca 2,5% typ baguette",Retinol,Mjukt bröd ,0.0,µg
200,"Bröd vitt vete fibrer ca 2,5% typ baguette",Protein,Mjukt bröd ,8.5,g
200,"Bröd vitt vete fibrer ca 2,5% typ baguette",Summa fleromättade fettsyror,Mjukt bröd ,0.5,g
200,"Bröd vitt vete fibrer ca 2,5% typ baguette","Fosfor, P",Mjukt bröd ,141.0,mg
200,"Bröd vitt vete fibrer ca 2,5% typ baguette",Niacinekvivalenter,Mjukt bröd ,2.7,NE/mg
200,"Bröd vitt vete fibrer ca 2,5% typ baguette",Niacin,Mjukt bröd ,1.3,mg
200,"Bröd vitt vete fibrer ca 2,5% typ baguette","Salt, NaCl",Mjukt bröd ,1.0,g
200,"Bröd vitt vete fibrer ca 2,5% typ baguette","Natrium, Na",Mjukt bröd ,415.0,mg
200,"Bröd vitt vete fibrer ca 2,5% typ baguette",Monosackarider,Mjukt bröd ,0.5,g
200,"Bröd vitt vete fibrer ca 2,5% typ baguette","Sockerarter, totalt",Mjukt bröd ,3.6,g
200,"Bröd vitt vete fibrer ca 2,5% typ baguette",Summa enkelomättade fettsyror,Mjukt bröd ,0.4,g
200,"Bröd vitt vete fibrer ca 2,5% typ baguette","Magnesium, Mg",Mjukt bröd ,40.0,mg
200,"Bröd vitt vete fibrer ca 2,5% typ baguette",Summa mättade fettsyror,Mjukt bröd ,0.2,g
200,"Bröd vitt vete fibrer ca 2,5% typ baguette","Kolhydrater, tillgängliga",Mjukt bröd ,53.2,g
200,"Bröd vitt vete fibrer ca 2,5% typ baguette",Kolesterol,Mjukt bröd ,0.0,mg
200,"Bröd vitt vete fibrer ca 2,5% typ baguette","Kalium, K",Mjukt bröd ,200.0,mg
200,"Bröd vitt vete fibrer ca 2,5% typ baguette","Jod, I",Mjukt bröd ,4.1,µg
200,"Bröd vitt vete fibrer ca 2,5% typ baguette",Fullkorn totalt,Mjukt bröd ,0.0,g
200,"Bröd vitt vete fibrer ca 2,5% typ baguette","Folat, totalt",Mjukt bröd ,31.2,µg
200,"Bröd vitt vete fibrer ca 2,5% typ baguette",Fibrer,Mjukt bröd ,2.6,g
200,"Bröd vitt vete fibrer ca 2,5% typ baguette","Fett, totalt",Mjukt bröd ,1.7,g
200,"Bröd vitt vete fibrer ca 2,5% typ baguette","Järn, Fe",Mjukt bröd ,0.8,mg
200,"Bröd vitt vete fibrer ca 2,5% typ baguette",Energi (kJ),Mjukt bröd ,1131.0,kJ
200,"Bröd vitt vete fibrer ca 2,5% typ baguette",Energi (kcal),Mjukt bröd ,270.0,kcal
200,"Bröd vitt vete fibrer ca 2,5% typ baguette",Disackarider,Mjukt bröd ,3.1,g
200,"Bröd vitt vete fibrer ca 2,5% typ baguette","Kalcium, Ca",Mjukt bröd ,48.0,mg
200,"Bröd vitt vete fibrer ca 2,5% typ baguette",Fettsyra 4:0-10:0,Mjukt bröd ,0.0,g
200,"Bröd vitt vete fibrer ca 2,5% typ baguette",DHA (C22:6),Mjukt bröd ,0.0,g
200,"Bröd vitt vete fibrer ca 2,5% typ baguette",DPA (C22:5),Mjukt bröd ,0.0,g
200,"Bröd vitt vete fibrer ca 2,5% typ baguette",EPA (C20:5),Mjukt bröd ,0.0,g
200,"Bröd vitt vete fibrer ca 2,5% typ baguette",Arakidonsyra C20:4,Mjukt bröd ,0.0,g
200,"Bröd vitt vete fibrer ca 2,5% typ baguette",Arakidinsyra C20:0,Mjukt bröd ,0.0,g
200,"Bröd vitt vete fibrer ca 2,5% typ baguette",Linolensyra C18:3,Mjukt bröd ,0.0,g
200,"Bröd vitt vete fibrer ca 2,5% typ baguette",Linolsyra C18:2,Mjukt bröd ,0.4,g
200,"Bröd vitt vete fibrer ca 2,5% typ baguette",Oljesyra C18:1,Mjukt bröd ,0.4,g
200,"Bröd vitt vete fibrer ca 2,5% typ baguette",Stearinsyra C18:0,Mjukt bröd ,0.1,g
200,"Bröd vitt vete fibrer ca 2,5% typ baguette",Palmitoljesyra C16:1,Mjukt bröd ,0.0,g
200,"Bröd vitt vete fibrer ca 2,5% typ baguette",Palmitinsyra C16:0,Mjukt bröd ,0.1,g
200,"Bröd vitt vete fibrer ca 2,5% typ baguette",Myristinsyra C14:0,Mjukt bröd ,0.0,g
200,"Bröd vitt vete fibrer ca 2,5% typ baguette",Laurinsyra C12:0,Mjukt bröd ,0.0,g
200,"Bröd vitt vete fibrer ca 2,5% typ baguette",Betakaroten/β-Karoten,Mjukt bröd ,0.0,µg
200,"Bröd vitt vete fibrer ca 2,5% typ baguette",Avfall (skal etc.),Mjukt bröd ,0.0,%
200,"Bröd vitt vete fibrer ca 2,5% typ baguette",Aska,Mjukt bröd ,1.7,g
200,"Bröd vitt vete fibrer ca 2,5% typ baguette",Alkohol,Mjukt bröd ,0.0,g
201,"Bröd vitt fullkorn surdeg fibrer 4,4% bakad i butik typ grov baguette","Zink, Zn",Mjukt bröd ,0.7,mg
201,"Bröd vitt fullkorn surdeg fibrer 4,4% bakad i butik typ grov baguette",Vitamin E,Mjukt bröd ,0.1,mg
201,"Bröd vitt fullkorn surdeg fibrer 4,4% bakad i butik typ grov baguette",Vitamin D inkl 25-OH-D3,Mjukt bröd ,0.0,µg
201,"Bröd vitt fullkorn surdeg fibrer 4,4% bakad i butik typ grov baguette",Vitamin D,Mjukt bröd ,0.0,µg
201,"Bröd vitt fullkorn surdeg fibrer 4,4% bakad i butik typ grov baguette",Vitamin C,Mjukt bröd ,0.5,mg
201,"Bröd vitt fullkorn surdeg fibrer 4,4% bakad i butik typ grov baguette",Vitamin B6,Mjukt bröd ,0.13,mg
201,"Bröd vitt fullkorn surdeg fibrer 4,4% bakad i butik typ grov baguette",Vitamin B12,Mjukt bröd ,0.0,µg
201,"Bröd vitt fullkorn surdeg fibrer 4,4% bakad i butik typ grov baguette",Vitamin A,Mjukt bröd ,4.1,RE/µg
201,"Bröd vitt fullkorn surdeg fibrer 4,4% bakad i butik typ grov baguette",Vatten,Mjukt bröd ,33.3,g
201,"Bröd vitt fullkorn surdeg fibrer 4,4% bakad i butik typ grov baguette",Tiamin,Mjukt bröd ,0.17,mg
201,"Bröd vitt fullkorn surdeg fibrer 4,4% bakad i butik typ grov baguette",Tillsatt socker,Mjukt bröd ,0.0,g
201,"Bröd vitt fullkorn surdeg fibrer 4,4% bakad i butik typ grov baguette",Fritt socker,Mjukt bröd ,0.0,g
201,"Bröd vitt fullkorn surdeg fibrer 4,4% bakad i butik typ grov baguette","Selen, Se",Mjukt bröd ,2.6,µg
201,"Bröd vitt fullkorn surdeg fibrer 4,4% bakad i butik typ grov baguette",Sackaros,Mjukt bröd ,0.0,g
201,"Bröd vitt fullkorn surdeg fibrer 4,4% bakad i butik typ grov baguette",Riboflavin,Mjukt bröd ,0.05,mg
201,"Bröd vitt fullkorn surdeg fibrer 4,4% bakad i butik typ grov baguette",Retinol,Mjukt bröd ,4.0,µg
201,"Bröd vitt fullkorn surdeg fibrer 4,4% bakad i butik typ grov baguette",Protein,Mjukt bröd ,7.6,g
201,"Bröd vitt fullkorn surdeg fibrer 4,4% bakad i butik typ grov baguette",Summa fleromättade fettsyror,Mjukt bröd ,0.5,g
201,"Bröd vitt fullkorn surdeg fibrer 4,4% bakad i butik typ grov baguette","Fosfor, P",Mjukt bröd ,94.0,mg
201,"Bröd vitt fullkorn surdeg fibrer 4,4% bakad i butik typ grov baguette",Niacinekvivalenter,Mjukt bröd ,2.7,NE/mg
201,"Bröd vitt fullkorn surdeg fibrer 4,4% bakad i butik typ grov baguette",Niacin,Mjukt bröd ,1.4,mg
201,"Bröd vitt fullkorn surdeg fibrer 4,4% bakad i butik typ grov baguette","Salt, NaCl",Mjukt bröd ,1.3,g
201,"Bröd vitt fullkorn surdeg fibrer 4,4% bakad i butik typ grov baguette","Natrium, Na",Mjukt bröd ,536.0,mg
201,"Bröd vitt fullkorn surdeg fibrer 4,4% bakad i butik typ grov baguette",Monosackarider,Mjukt bröd ,0.2,g
201,"Bröd vitt fullkorn surdeg fibrer 4,4% bakad i butik typ grov baguette","Sockerarter, totalt",Mjukt bröd ,5.5,g
201,"Bröd vitt fullkorn surdeg fibrer 4,4% bakad i butik typ grov baguette",Summa enkelomättade fettsyror,Mjukt bröd ,0.1,g
201,"Bröd vitt fullkorn surdeg fibrer 4,4% bakad i butik typ grov baguette","Magnesium, Mg",Mjukt bröd ,24.0,mg
201,"Bröd vitt fullkorn surdeg fibrer 4,4% bakad i butik typ grov baguette",Summa mättade fettsyror,Mjukt bröd ,0.2,g
201,"Bröd vitt fullkorn surdeg fibrer 4,4% bakad i butik typ grov baguette","Kolhydrater, tillgängliga",Mjukt bröd ,51.7,g
201,"Bröd vitt fullkorn surdeg fibrer 4,4% bakad i butik typ grov baguette",Kolesterol,Mjukt bröd ,2.0,mg
201,"Bröd vitt fullkorn surdeg fibrer 4,4% bakad i butik typ grov baguette","Kalium, K",Mjukt bröd ,157.0,mg
201,"Bröd vitt fullkorn surdeg fibrer 4,4% bakad i butik typ grov baguette","Jod, I",Mjukt bröd ,1.0,µg
201,"Bröd vitt fullkorn surdeg fibrer 4,4% bakad i butik typ grov baguette",Fullkorn totalt,Mjukt bröd ,5.0,g
201,"Bröd vitt fullkorn surdeg fibrer 4,4% bakad i butik typ grov baguette","Folat, totalt",Mjukt bröd ,32.4,µg
201,"Bröd vitt fullkorn surdeg fibrer 4,4% bakad i butik typ grov baguette",Fibrer,Mjukt bröd ,4.4,g
201,"Bröd vitt fullkorn surdeg fibrer 4,4% bakad i butik typ grov baguette","Fett, totalt",Mjukt bröd ,1.2,g
201,"Bröd vitt fullkorn surdeg fibrer 4,4% bakad i butik typ grov baguette","Järn, Fe",Mjukt bröd ,1.0,mg
201,"Bröd vitt fullkorn surdeg fibrer 4,4% bakad i butik typ grov baguette",Energi (kJ),Mjukt bröd ,1089.0,kJ
201,"Bröd vitt fullkorn surdeg fibrer 4,4% bakad i butik typ grov baguette",Energi (kcal),Mjukt bröd ,260.0,kcal
201,"Bröd vitt fullkorn surdeg fibrer 4,4% bakad i butik typ grov baguette",Disackarider,Mjukt bröd ,5.3,g
201,"Bröd vitt fullkorn surdeg fibrer 4,4% bakad i butik typ grov baguette","Kalcium, Ca",Mjukt bröd ,20.0,mg
201,"Bröd vitt fullkorn surdeg fibrer 4,4% bakad i butik typ grov baguette",Fettsyra 4:0-10:0,Mjukt bröd ,0.0,g
201,"Bröd vitt fullkorn surdeg fibrer 4,4% bakad i butik typ grov baguette",DHA (C22:6),Mjukt bröd ,0.0,g
201,"Bröd vitt fullkorn surdeg fibrer 4,4% bakad i butik typ grov baguette",DPA (C22:5),Mjukt bröd ,0.0,g
201,"Bröd vitt fullkorn surdeg fibrer 4,4% bakad i butik typ grov baguette",EPA (C20:5),Mjukt bröd ,0.0,g
201,"Bröd vitt fullkorn surdeg fibrer 4,4% bakad i butik typ grov baguette",Arakidonsyra C20:4,Mjukt bröd ,0.0,g
201,"Bröd vitt fullkorn surdeg fibrer 4,4% bakad i butik typ grov baguette",Arakidinsyra C20:0,Mjukt bröd ,0.0,g
201,"Bröd vitt fullkorn surdeg fibrer 4,4% bakad i butik typ grov baguette",Linolensyra C18:3,Mjukt bröd ,0.0,g
201,"Bröd vitt fullkorn surdeg fibrer 4,4% bakad i butik typ grov baguette",Linolsyra C18:2,Mjukt bröd ,0.4,g
201,"Bröd vitt fullkorn surdeg fibrer 4,4% bakad i butik typ grov baguette",Oljesyra C18:1,Mjukt bröd ,0.1,g
201,"Bröd vitt fullkorn surdeg fibrer 4,4% bakad i butik typ grov baguette",Stearinsyra C18:0,Mjukt bröd ,0.0,g
201,"Bröd vitt fullkorn surdeg fibrer 4,4% bakad i butik typ grov baguette",Palmitoljesyra C16:1,Mjukt bröd ,0.0,g
201,"Bröd vitt fullkorn surdeg fibrer 4,4% bakad i butik typ grov baguette",Palmitinsyra C16:0,Mjukt bröd ,0.1,g
201,"Bröd vitt fullkorn surdeg fibrer 4,4% bakad i butik typ grov baguette",Myristinsyra C14:0,Mjukt bröd ,0.0,g
201,"Bröd vitt fullkorn surdeg fibrer 4,4% bakad i butik typ grov baguette",Laurinsyra C12:0,Mjukt bröd ,0.0,g
201,"Bröd vitt fullkorn surdeg fibrer 4,4% bakad i butik typ grov baguette",Betakaroten/β-Karoten,Mjukt bröd ,2.0,µg
201,"Bröd vitt fullkorn surdeg fibrer 4,4% bakad i butik typ grov baguette",Avfall (skal etc.),Mjukt bröd ,0.0,%
201,"Bröd vitt fullkorn surdeg fibrer 4,4% bakad i butik typ grov baguette",Aska,Mjukt bröd ,1.8,g
201,"Bröd vitt fullkorn surdeg fibrer 4,4% bakad i butik typ grov baguette",Alkohol,Mjukt bröd ,0.0,g
202,"Bröd vitt fibrer 3,5%","Zink, Zn",Mjukt bröd ,0.8,mg
202,"Bröd vitt fibrer 3,5%",Vitamin E,Mjukt bröd ,1.1,mg
202,"Bröd vitt fibrer 3,5%",Vitamin D inkl 25-OH-D3,Mjukt bröd ,0.0,µg
202,"Bröd vitt fibrer 3,5%",Vitamin D,Mjukt bröd ,0.0,µg
202,"Bröd vitt fibrer 3,5%",Vitamin C,Mjukt bröd ,0.4,mg
202,"Bröd vitt fibrer 3,5%",Vitamin B6,Mjukt bröd ,0.06,mg
202,"Bröd vitt fibrer 3,5%",Vitamin B12,Mjukt bröd ,0.0,µg
202,"Bröd vitt fibrer 3,5%",Vitamin A,Mjukt bröd ,0.0,RE/µg
202,"Bröd vitt fibrer 3,5%",Vatten,Mjukt bröd ,34.0,g
202,"Bröd vitt fibrer 3,5%",Tiamin,Mjukt bröd ,0.18,mg
202,"Bröd vitt fibrer 3,5%",Tillsatt socker,Mjukt bröd ,6.0,g
202,"Bröd vitt fibrer 3,5%",Fritt socker,Mjukt bröd ,6.0,g
202,"Bröd vitt fibrer 3,5%","Selen, Se",Mjukt bröd ,0.8,µg
202,"Bröd vitt fibrer 3,5%",Sackaros,Mjukt bröd ,0.0,g
202,"Bröd vitt fibrer 3,5%",Riboflavin,Mjukt bröd ,0.07,mg
202,"Bröd vitt fibrer 3,5%",Retinol,Mjukt bröd ,0.0,µg
202,"Bröd vitt fibrer 3,5%",Protein,Mjukt bröd ,8.0,g
202,"Bröd vitt fibrer 3,5%",Summa fleromättade fettsyror,Mjukt bröd ,1.6,g
202,"Bröd vitt fibrer 3,5%","Fosfor, P",Mjukt bröd ,90.0,mg
202,"Bröd vitt fibrer 3,5%",Niacinekvivalenter,Mjukt bröd ,2.2,NE/mg
202,"Bröd vitt fibrer 3,5%",Niacin,Mjukt bröd ,0.9,mg
202,"Bröd vitt fibrer 3,5%","Salt, NaCl",Mjukt bröd ,0.7,g
202,"Bröd vitt fibrer 3,5%","Natrium, Na",Mjukt bröd ,288.0,mg
202,"Bröd vitt fibrer 3,5%",Monosackarider,Mjukt bröd ,4.9,g
202,"Bröd vitt fibrer 3,5%","Sockerarter, totalt",Mjukt bröd ,6.0,g
202,"Bröd vitt fibrer 3,5%",Summa enkelomättade fettsyror,Mjukt bröd ,2.9,g
202,"Bröd vitt fibrer 3,5%","Magnesium, Mg",Mjukt bröd ,23.0,mg
202,"Bröd vitt fibrer 3,5%",Summa mättade fettsyror,Mjukt bröd ,0.5,g
202,"Bröd vitt fibrer 3,5%","Kolhydrater, tillgängliga",Mjukt bröd ,46.0,g
202,"Bröd vitt fibrer 3,5%",Kolesterol,Mjukt bröd ,0.0,mg
202,"Bröd vitt fibrer 3,5%","Kalium, K",Mjukt bröd ,148.0,mg
202,"Bröd vitt fibrer 3,5%","Jod, I",Mjukt bröd ,2.5,µg
202,"Bröd vitt fibrer 3,5%",Fullkorn totalt,Mjukt bröd ,0.0,g
202,"Bröd vitt fibrer 3,5%","Folat, totalt",Mjukt bröd ,41.1,µg
202,"Bröd vitt fibrer 3,5%",Fibrer,Mjukt bröd ,4.3,g
202,"Bröd vitt fibrer 3,5%","Fett, totalt",Mjukt bröd ,6.4,g
202,"Bröd vitt fibrer 3,5%","Järn, Fe",Mjukt bröd ,0.8,mg
202,"Bröd vitt fibrer 3,5%",Energi (kJ),Mjukt bröd ,1189.0,kJ
202,"Bröd vitt fibrer 3,5%",Energi (kcal),Mjukt bröd ,284.0,kcal
202,"Bröd vitt fibrer 3,5%",Disackarider,Mjukt bröd ,1.1,g
202,"Bröd vitt fibrer 3,5%","Kalcium, Ca",Mjukt bröd ,74.0,mg
202,"Bröd vitt fibrer 3,5%",Fettsyra 4:0-10:0,Mjukt bröd ,0.0,g
202,"Bröd vitt fibrer 3,5%",DHA (C22:6),Mjukt bröd ,0.0,g
202,"Bröd vitt fibrer 3,5%",DPA (C22:5),Mjukt bröd ,0.0,g
202,"Bröd vitt fibrer 3,5%",EPA (C20:5),Mjukt bröd ,0.0,g
202,"Bröd vitt fibrer 3,5%",Arakidonsyra C20:4,Mjukt bröd ,0.0,g
202,"Bröd vitt fibrer 3,5%",Arakidinsyra C20:0,Mjukt bröd ,0.0,g
202,"Bröd vitt fibrer 3,5%",Linolensyra C18:3,Mjukt bröd ,0.4,g
202,"Bröd vitt fibrer 3,5%",Linolsyra C18:2,Mjukt bröd ,1.2,g
202,"Bröd vitt fibrer 3,5%",Oljesyra C18:1,Mjukt bröd ,2.9,g
202,"Bröd vitt fibrer 3,5%",Stearinsyra C18:0,Mjukt bröd ,0.2,g
202,"Bröd vitt fibrer 3,5%",Palmitoljesyra C16:1,Mjukt bröd ,0.0,g
202,"Bröd vitt fibrer 3,5%",Palmitinsyra C16:0,Mjukt bröd ,0.3,g
202,"Bröd vitt fibrer 3,5%",Myristinsyra C14:0,Mjukt bröd ,0.0,g
202,"Bröd vitt fibrer 3,5%",Laurinsyra C12:0,Mjukt bröd ,0.0,g
202,"Bröd vitt fibrer 3,5%",Betakaroten/β-Karoten,Mjukt bröd ,0.0,µg
202,"Bröd vitt fibrer 3,5%",Avfall (skal etc.),Mjukt bröd ,0.0,%
202,"Bröd vitt fibrer 3,5%",Aska,Mjukt bröd ,1.2,g
202,"Bröd vitt fibrer 3,5%",Alkohol,Mjukt bröd ,0.0,g
204,Bröd vitt mjölk fibrer ca 3% typ Hönökaka,"Zink, Zn",Mjukt bröd ,0.7,mg
204,Bröd vitt mjölk fibrer ca 3% typ Hönökaka,Vitamin E,Mjukt bröd ,0.3,mg
204,Bröd vitt mjölk fibrer ca 3% typ Hönökaka,Vitamin D inkl 25-OH-D3,Mjukt bröd ,0.0,µg
204,Bröd vitt mjölk fibrer ca 3% typ Hönökaka,Vitamin D,Mjukt bröd ,0.0,µg
204,Bröd vitt mjölk fibrer ca 3% typ Hönökaka,Vitamin C,Mjukt bröd ,0.0,mg
204,Bröd vitt mjölk fibrer ca 3% typ Hönökaka,Vitamin B6,Mjukt bröd ,0.24,mg
204,Bröd vitt mjölk fibrer ca 3% typ Hönökaka,Vitamin B12,Mjukt bröd ,0.0,µg
204,Bröd vitt mjölk fibrer ca 3% typ Hönökaka,Vitamin A,Mjukt bröd ,48.0,RE/µg
204,Bröd vitt mjölk fibrer ca 3% typ Hönökaka,Vatten,Mjukt bröd ,28.9,g
204,Bröd vitt mjölk fibrer ca 3% typ Hönökaka,Tiamin,Mjukt bröd ,0.25,mg
204,Bröd vitt mjölk fibrer ca 3% typ Hönökaka,Tillsatt socker,Mjukt bröd ,8.0,g
204,Bröd vitt mjölk fibrer ca 3% typ Hönökaka,Fritt socker,Mjukt bröd ,8.0,g
204,Bröd vitt mjölk fibrer ca 3% typ Hönökaka,"Selen, Se",Mjukt bröd ,1.0,µg
204,Bröd vitt mjölk fibrer ca 3% typ Hönökaka,Sackaros,Mjukt bröd ,0.0,g
204,Bröd vitt mjölk fibrer ca 3% typ Hönökaka,Riboflavin,Mjukt bröd ,0.12,mg
204,Bröd vitt mjölk fibrer ca 3% typ Hönökaka,Retinol,Mjukt bröd ,48.0,µg
204,Bröd vitt mjölk fibrer ca 3% typ Hönökaka,Protein,Mjukt bröd ,7.4,g
204,Bröd vitt mjölk fibrer ca 3% typ Hönökaka,Summa fleromättade fettsyror,Mjukt bröd ,0.6,g
204,Bröd vitt mjölk fibrer ca 3% typ Hönökaka,"Fosfor, P",Mjukt bröd ,92.0,mg
204,Bröd vitt mjölk fibrer ca 3% typ Hönökaka,Niacinekvivalenter,Mjukt bröd ,4.33,NE/mg
204,Bröd vitt mjölk fibrer ca 3% typ Hönökaka,Niacin,Mjukt bröd ,3.1,mg
204,Bröd vitt mjölk fibrer ca 3% typ Hönökaka,"Salt, NaCl",Mjukt bröd ,0.5,g
204,Bröd vitt mjölk fibrer ca 3% typ Hönökaka,"Natrium, Na",Mjukt bröd ,200.0,mg
204,Bröd vitt mjölk fibrer ca 3% typ Hönökaka,Monosackarider,Mjukt bröd ,7.5,g
204,Bröd vitt mjölk fibrer ca 3% typ Hönökaka,"Sockerarter, totalt",Mjukt bröd ,8.4,g
204,Bröd vitt mjölk fibrer ca 3% typ Hönökaka,Summa enkelomättade fettsyror,Mjukt bröd ,0.9,g
204,Bröd vitt mjölk fibrer ca 3% typ Hönökaka,"Magnesium, Mg",Mjukt bröd ,16.0,mg
204,Bröd vitt mjölk fibrer ca 3% typ Hönökaka,Summa mättade fettsyror,Mjukt bröd ,0.6,g
204,Bröd vitt mjölk fibrer ca 3% typ Hönökaka,"Kolhydrater, tillgängliga",Mjukt bröd ,56.7,g
204,Bröd vitt mjölk fibrer ca 3% typ Hönökaka,Kolesterol,Mjukt bröd ,0.0,mg
204,Bröd vitt mjölk fibrer ca 3% typ Hönökaka,"Kalium, K",Mjukt bröd ,125.0,mg
204,Bröd vitt mjölk fibrer ca 3% typ Hönökaka,"Jod, I",Mjukt bröd ,2.5,µg
204,Bröd vitt mjölk fibrer ca 3% typ Hönökaka,Fullkorn totalt,Mjukt bröd ,0.0,g
204,Bröd vitt mjölk fibrer ca 3% typ Hönökaka,"Folat, totalt",Mjukt bröd ,27.1,µg
204,Bröd vitt mjölk fibrer ca 3% typ Hönökaka,Fibrer,Mjukt bröd ,3.0,g
204,Bröd vitt mjölk fibrer ca 3% typ Hönökaka,"Fett, totalt",Mjukt bröd ,3.1,g
204,Bröd vitt mjölk fibrer ca 3% typ Hönökaka,"Järn, Fe",Mjukt bröd ,0.8,mg
204,Bröd vitt mjölk fibrer ca 3% typ Hönökaka,Energi (kJ),Mjukt bröd ,1228.0,kJ
204,Bröd vitt mjölk fibrer ca 3% typ Hönökaka,Energi (kcal),Mjukt bröd ,293.0,kcal
204,Bröd vitt mjölk fibrer ca 3% typ Hönökaka,Disackarider,Mjukt bröd ,0.9,g
204,Bröd vitt mjölk fibrer ca 3% typ Hönökaka,"Kalcium, Ca",Mjukt bröd ,38.0,mg
204,Bröd vitt mjölk fibrer ca 3% typ Hönökaka,Fettsyra 4:0-10:0,Mjukt bröd ,0.0,g
204,Bröd vitt mjölk fibrer ca 3% typ Hönökaka,DHA (C22:6),Mjukt bröd ,0.0,g
204,Bröd vitt mjölk fibrer ca 3% typ Hönökaka,DPA (C22:5),Mjukt bröd ,0.0,g
204,Bröd vitt mjölk fibrer ca 3% typ Hönökaka,EPA (C20:5),Mjukt bröd ,0.0,g
204,Bröd vitt mjölk fibrer ca 3% typ Hönökaka,Arakidonsyra C20:4,Mjukt bröd ,0.0,g
204,Bröd vitt mjölk fibrer ca 3% typ Hönökaka,Arakidinsyra C20:0,Mjukt bröd ,0.0,g
204,Bröd vitt mjölk fibrer ca 3% typ Hönökaka,Linolensyra C18:3,Mjukt bröd ,0.1,g
204,Bröd vitt mjölk fibrer ca 3% typ Hönökaka,Linolsyra C18:2,Mjukt bröd ,0.5,g
204,Bröd vitt mjölk fibrer ca 3% typ Hönökaka,Oljesyra C18:1,Mjukt bröd ,0.8,g
204,Bröd vitt mjölk fibrer ca 3% typ Hönökaka,Stearinsyra C18:0,Mjukt bröd ,0.1,g
204,Bröd vitt mjölk fibrer ca 3% typ Hönökaka,Palmitoljesyra C16:1,Mjukt bröd ,0.0,g
204,Bröd vitt mjölk fibrer ca 3% typ Hönökaka,Palmitinsyra C16:0,Mjukt bröd ,0.4,g
204,Bröd vitt mjölk fibrer ca 3% typ Hönökaka,Myristinsyra C14:0,Mjukt bröd ,0.0,g
204,Bröd vitt mjölk fibrer ca 3% typ Hönökaka,Laurinsyra C12:0,Mjukt bröd ,0.0,g
204,Bröd vitt mjölk fibrer ca 3% typ Hönökaka,Betakaroten/β-Karoten,Mjukt bröd ,0.0,µg
204,Bröd vitt mjölk fibrer ca 3% typ Hönökaka,Avfall (skal etc.),Mjukt bröd ,0.0,%
204,Bröd vitt mjölk fibrer ca 3% typ Hönökaka,Aska,Mjukt bröd ,0.9,g
204,Bröd vitt mjölk fibrer ca 3% typ Hönökaka,Alkohol,Mjukt bröd ,0.0,g
205,Bröd vitt vete typ scones,"Zink, Zn",Mjukt bröd ,1.1,mg
205,Bröd vitt vete typ scones,Vitamin E,Mjukt bröd ,1.4,mg
205,Bröd vitt vete typ scones,Vitamin D,Mjukt bröd ,1.12,µg
205,Bröd vitt vete typ scones,Vitamin C,Mjukt bröd ,0.7,mg
205,Bröd vitt vete typ scones,Vitamin B6,Mjukt bröd ,0.06,mg
205,Bröd vitt vete typ scones,Vitamin B12,Mjukt bröd ,0.11,µg
205,Bröd vitt vete typ scones,Vitamin A,Mjukt bröd ,92.1,RE/µg
205,Bröd vitt vete typ scones,Vatten,Mjukt bröd ,37.7,g
205,Bröd vitt vete typ scones,Tiamin,Mjukt bröd ,0.09,mg
205,Bröd vitt vete typ scones,Tillsatt socker,Mjukt bröd ,0.0,g
205,Bröd vitt vete typ scones,Fritt socker,Mjukt bröd ,0.0,g
205,Bröd vitt vete typ scones,"Selen, Se",Mjukt bröd ,3.3,µg
205,Bröd vitt vete typ scones,Sackaros,Mjukt bröd ,0.2,g
205,Bröd vitt vete typ scones,Riboflavin,Mjukt bröd ,0.07,mg
205,Bröd vitt vete typ scones,Retinol,Mjukt bröd ,87.3,µg
205,Bröd vitt vete typ scones,Protein,Mjukt bröd ,6.5,g
205,Bröd vitt vete typ scones,Summa fleromättade fettsyror,Mjukt bröd ,2.0,g
205,Bröd vitt vete typ scones,"Fosfor, P",Mjukt bröd ,380.0,mg
205,Bröd vitt vete typ scones,Niacinekvivalenter,Mjukt bröd ,2.45,NE/mg
205,Bröd vitt vete typ scones,Niacin,Mjukt bröd ,1.28,mg
205,Bröd vitt vete typ scones,"Salt, NaCl",Mjukt bröd ,1.4,g
205,Bröd vitt vete typ scones,"Natrium, Na",Mjukt bröd ,567.0,mg
205,Bröd vitt vete typ scones,Monosackarider,Mjukt bröd ,0.1,g
205,Bröd vitt vete typ scones,"Sockerarter, totalt",Mjukt bröd ,2.2,g
205,Bröd vitt vete typ scones,Summa enkelomättade fettsyror,Mjukt bröd ,3.6,g
205,Bröd vitt vete typ scones,"Magnesium, Mg",Mjukt bröd ,37.0,mg
205,Bröd vitt vete typ scones,Summa mättade fettsyror,Mjukt bröd ,4.8,g
205,Bröd vitt vete typ scones,"Kolhydrater, tillgängliga",Mjukt bröd ,38.1,g
205,Bröd vitt vete typ scones,Kolesterol,Mjukt bröd ,9.5,mg
205,Bröd vitt vete typ scones,"Kalium, K",Mjukt bröd ,201.0,mg
205,Bröd vitt vete typ scones,"Jod, I",Mjukt bröd ,46.2,µg
205,Bröd vitt vete typ scones,Fullkorn totalt,Mjukt bröd ,25.0,g
205,Bröd vitt vete typ scones,"Folat, totalt",Mjukt bröd ,10.9,µg
205,Bröd vitt vete typ scones,Fibrer,Mjukt bröd ,3.7,g
205,Bröd vitt vete typ scones,"Fett, totalt",Mjukt bröd ,11.1,g
205,Bröd vitt vete typ scones,"Järn, Fe",Mjukt bröd ,1.1,mg
205,Bröd vitt vete typ scones,Energi (kJ),Mjukt bröd ,1199.0,kJ
205,Bröd vitt vete typ scones,Energi (kcal),Mjukt bröd ,287.0,kcal
205,Bröd vitt vete typ scones,Disackarider,Mjukt bröd ,2.1,g
205,Bröd vitt vete typ scones,"Kalcium, Ca",Mjukt bröd ,220.0,mg
205,Bröd vitt vete typ scones,Fettsyra 4:0-10:0,Mjukt bröd ,0.3,g
205,Bröd vitt vete typ scones,DHA (C22:6),Mjukt bröd ,0.0,g
205,Bröd vitt vete typ scones,DPA (C22:5),Mjukt bröd ,0.0,g
205,Bröd vitt vete typ scones,EPA (C20:5),Mjukt bröd ,0.0,g
205,Bröd vitt vete typ scones,Arakidonsyra C20:4,Mjukt bröd ,0.0,g
205,Bröd vitt vete typ scones,Arakidinsyra C20:0,Mjukt bröd ,0.0,g
205,Bröd vitt vete typ scones,Linolensyra C18:3,Mjukt bröd ,0.4,g
205,Bröd vitt vete typ scones,Linolsyra C18:2,Mjukt bröd ,1.5,g
205,Bröd vitt vete typ scones,Oljesyra C18:1,Mjukt bröd ,3.7,g
205,Bröd vitt vete typ scones,Stearinsyra C18:0,Mjukt bröd ,0.5,g
205,Bröd vitt vete typ scones,Palmitoljesyra C16:1,Mjukt bröd ,0.1,g
205,Bröd vitt vete typ scones,Palmitinsyra C16:0,Mjukt bröd ,3.0,g
205,Bröd vitt vete typ scones,Myristinsyra C14:0,Mjukt bröd ,0.4,g
205,Bröd vitt vete typ scones,Laurinsyra C12:0,Mjukt bröd ,0.3,g
205,Bröd vitt vete typ scones,Betakaroten/β-Karoten,Mjukt bröd ,58.0,µg
205,Bröd vitt vete typ scones,Avfall (skal etc.),Mjukt bröd ,0.0,%
205,Bröd vitt vete typ scones,Aska,Mjukt bröd ,2.9,g
205,Bröd vitt vete typ scones,Alkohol,Mjukt bröd ,0.0,g
206,Bröd vitt vete ojäst fibrer 3% typ chapati,"Zink, Zn",Mjukt bröd ,0.6,mg
206,Bröd vitt vete ojäst fibrer 3% typ chapati,Vitamin E,Mjukt bröd ,1.4,mg
206,Bröd vitt vete ojäst fibrer 3% typ chapati,Vitamin D inkl 25-OH-D3,Mjukt bröd ,0.0,µg
206,Bröd vitt vete ojäst fibrer 3% typ chapati,Vitamin D,Mjukt bröd ,0.0,µg
206,Bröd vitt vete ojäst fibrer 3% typ chapati,Vitamin C,Mjukt bröd ,1.1,mg
206,Bröd vitt vete ojäst fibrer 3% typ chapati,Vitamin B6,Mjukt bröd ,0.06,mg
206,Bröd vitt vete ojäst fibrer 3% typ chapati,Vitamin B12,Mjukt bröd ,0.0,µg
206,Bröd vitt vete ojäst fibrer 3% typ chapati,Vitamin A,Mjukt bröd ,0.4,RE/µg
206,Bröd vitt vete ojäst fibrer 3% typ chapati,Vatten,Mjukt bröd ,39.2,g
206,Bröd vitt vete ojäst fibrer 3% typ chapati,Tiamin,Mjukt bröd ,0.11,mg
206,Bröd vitt vete ojäst fibrer 3% typ chapati,Tillsatt socker,Mjukt bröd ,0.0,g
206,Bröd vitt vete ojäst fibrer 3% typ chapati,Fritt socker,Mjukt bröd ,0.0,g
206,Bröd vitt vete ojäst fibrer 3% typ chapati,"Selen, Se",Mjukt bröd ,4.9,µg
206,Bröd vitt vete ojäst fibrer 3% typ chapati,Sackaros,Mjukt bröd ,0.2,g
206,Bröd vitt vete ojäst fibrer 3% typ chapati,Riboflavin,Mjukt bröd ,0.02,mg
206,Bröd vitt vete ojäst fibrer 3% typ chapati,Retinol,Mjukt bröd ,0.0,µg
206,Bröd vitt vete ojäst fibrer 3% typ chapati,Protein,Mjukt bröd ,5.6,g
206,Bröd vitt vete ojäst fibrer 3% typ chapati,Summa fleromättade fettsyror,Mjukt bröd ,1.6,g
206,Bröd vitt vete ojäst fibrer 3% typ chapati,"Fosfor, P",Mjukt bröd ,92.0,mg
206,Bröd vitt vete ojäst fibrer 3% typ chapati,Niacinekvivalenter,Mjukt bröd ,1.46,NE/mg
206,Bröd vitt vete ojäst fibrer 3% typ chapati,Niacin,Mjukt bröd ,0.51,mg
206,Bröd vitt vete ojäst fibrer 3% typ chapati,"Salt, NaCl",Mjukt bröd ,1.1,g
206,Bröd vitt vete ojäst fibrer 3% typ chapati,"Natrium, Na",Mjukt bröd ,460.0,mg
206,Bröd vitt vete ojäst fibrer 3% typ chapati,Monosackarider,Mjukt bröd ,0.1,g
206,Bröd vitt vete ojäst fibrer 3% typ chapati,"Sockerarter, totalt",Mjukt bröd ,0.9,g
206,Bröd vitt vete ojäst fibrer 3% typ chapati,Summa enkelomättade fettsyror,Mjukt bröd ,2.7,g
206,Bröd vitt vete ojäst fibrer 3% typ chapati,"Magnesium, Mg",Mjukt bröd ,24.0,mg
206,Bröd vitt vete ojäst fibrer 3% typ chapati,Summa mättade fettsyror,Mjukt bröd ,0.5,g
206,Bröd vitt vete ojäst fibrer 3% typ chapati,"Kolhydrater, tillgängliga",Mjukt bröd ,44.3,g
206,Bröd vitt vete ojäst fibrer 3% typ chapati,Kolesterol,Mjukt bröd ,0.0,mg
206,Bröd vitt vete ojäst fibrer 3% typ chapati,"Kalium, K",Mjukt bröd ,132.0,mg
206,Bröd vitt vete ojäst fibrer 3% typ chapati,"Jod, I",Mjukt bröd ,59.3,µg
206,Bröd vitt vete ojäst fibrer 3% typ chapati,Fullkorn totalt,Mjukt bröd ,12.0,g
206,Bröd vitt vete ojäst fibrer 3% typ chapati,"Folat, totalt",Mjukt bröd ,15.3,µg
206,Bröd vitt vete ojäst fibrer 3% typ chapati,Fibrer,Mjukt bröd ,3.9,g
206,Bröd vitt vete ojäst fibrer 3% typ chapati,"Fett, totalt",Mjukt bröd ,5.3,g
206,Bröd vitt vete ojäst fibrer 3% typ chapati,"Järn, Fe",Mjukt bröd ,0.8,mg
206,Bröd vitt vete ojäst fibrer 3% typ chapati,Energi (kJ),Mjukt bröd ,1077.0,kJ
206,Bröd vitt vete ojäst fibrer 3% typ chapati,Energi (kcal),Mjukt bröd ,257.0,kcal
206,Bröd vitt vete ojäst fibrer 3% typ chapati,Disackarider,Mjukt bröd ,0.8,g
206,Bröd vitt vete ojäst fibrer 3% typ chapati,"Kalcium, Ca",Mjukt bröd ,17.0,mg
206,Bröd vitt vete ojäst fibrer 3% typ chapati,Fettsyra 4:0-10:0,Mjukt bröd ,0.0,g
206,Bröd vitt vete ojäst fibrer 3% typ chapati,DHA (C22:6),Mjukt bröd ,0.0,g
206,Bröd vitt vete ojäst fibrer 3% typ chapati,DPA (C22:5),Mjukt bröd ,0.0,g
206,Bröd vitt vete ojäst fibrer 3% typ chapati,EPA (C20:5),Mjukt bröd ,0.0,g
206,Bröd vitt vete ojäst fibrer 3% typ chapati,Arakidonsyra C20:4,Mjukt bröd ,0.0,g
206,Bröd vitt vete ojäst fibrer 3% typ chapati,Arakidinsyra C20:0,Mjukt bröd ,0.0,g
206,Bröd vitt vete ojäst fibrer 3% typ chapati,Linolensyra C18:3,Mjukt bröd ,0.4,g
206,Bröd vitt vete ojäst fibrer 3% typ chapati,Linolsyra C18:2,Mjukt bröd ,1.3,g
206,Bröd vitt vete ojäst fibrer 3% typ chapati,Oljesyra C18:1,Mjukt bröd ,2.6,g
206,Bröd vitt vete ojäst fibrer 3% typ chapati,Stearinsyra C18:0,Mjukt bröd ,0.1,g
206,Bröd vitt vete ojäst fibrer 3% typ chapati,Palmitoljesyra C16:1,Mjukt bröd ,0.0,g
206,Bröd vitt vete ojäst fibrer 3% typ chapati,Palmitinsyra C16:0,Mjukt bröd ,0.3,g
206,Bröd vitt vete ojäst fibrer 3% typ chapati,Myristinsyra C14:0,Mjukt bröd ,0.0,g
206,Bröd vitt vete ojäst fibrer 3% typ chapati,Laurinsyra C12:0,Mjukt bröd ,0.0,g
206,Bröd vitt vete ojäst fibrer 3% typ chapati,Betakaroten/β-Karoten,Mjukt bröd ,4.0,µg
206,Bröd vitt vete ojäst fibrer 3% typ chapati,Avfall (skal etc.),Mjukt bröd ,0.0,%
206,Bröd vitt vete ojäst fibrer 3% typ chapati,Aska,Mjukt bröd ,1.6,g
206,Bröd vitt vete ojäst fibrer 3% typ chapati,Alkohol,Mjukt bröd ,0.0,g
207,Bröd fullkorn rågsikt fibrer ca 7% typ kavring,"Zink, Zn",Mjukt bröd ,1.3,mg
207,Bröd fullkorn rågsikt fibrer ca 7% typ kavring,Vitamin E,Mjukt bröd ,1.1,mg
207,Bröd fullkorn rågsikt fibrer ca 7% typ kavring,Vitamin D,Mjukt bröd ,0.28,µg
207,Bröd fullkorn rågsikt fibrer ca 7% typ kavring,Vitamin C,Mjukt bröd ,0.0,mg
207,Bröd fullkorn rågsikt fibrer ca 7% typ kavring,Vitamin B6,Mjukt bröd ,0.17,mg
207,Bröd fullkorn rågsikt fibrer ca 7% typ kavring,Vitamin B12,Mjukt bröd ,0.0,µg
207,Bröd fullkorn rågsikt fibrer ca 7% typ kavring,Vitamin A,Mjukt bröd ,30.3,RE/µg
207,Bröd fullkorn rågsikt fibrer ca 7% typ kavring,Vatten,Mjukt bröd ,34.3,g
207,Bröd fullkorn rågsikt fibrer ca 7% typ kavring,Tiamin,Mjukt bröd ,0.15,mg
207,Bröd fullkorn rågsikt fibrer ca 7% typ kavring,Tillsatt socker,Mjukt bröd ,11.0,g
207,Bröd fullkorn rågsikt fibrer ca 7% typ kavring,Fritt socker,Mjukt bröd ,11.0,g
207,Bröd fullkorn rågsikt fibrer ca 7% typ kavring,"Selen, Se",Mjukt bröd ,1.0,µg
207,Bröd fullkorn rågsikt fibrer ca 7% typ kavring,Sackaros,Mjukt bröd ,0.6,g
207,Bröd fullkorn rågsikt fibrer ca 7% typ kavring,Riboflavin,Mjukt bröd ,0.09,mg
207,Bröd fullkorn rågsikt fibrer ca 7% typ kavring,Retinol,Mjukt bröd ,30.3,µg
207,Bröd fullkorn rågsikt fibrer ca 7% typ kavring,Protein,Mjukt bröd ,5.5,g
207,Bröd fullkorn rågsikt fibrer ca 7% typ kavring,Summa fleromättade fettsyror,Mjukt bröd ,1.2,g
207,Bröd fullkorn rågsikt fibrer ca 7% typ kavring,"Fosfor, P",Mjukt bröd ,121.0,mg
207,Bröd fullkorn rågsikt fibrer ca 7% typ kavring,Niacinekvivalenter,Mjukt bröd ,2.61,NE/mg
207,Bröd fullkorn rågsikt fibrer ca 7% typ kavring,Niacin,Mjukt bröd ,1.7,mg
207,Bröd fullkorn rågsikt fibrer ca 7% typ kavring,"Salt, NaCl",Mjukt bröd ,0.7,g
207,Bröd fullkorn rågsikt fibrer ca 7% typ kavring,"Natrium, Na",Mjukt bröd ,264.0,mg
207,Bröd fullkorn rågsikt fibrer ca 7% typ kavring,Monosackarider,Mjukt bröd ,7.0,g
207,Bröd fullkorn rågsikt fibrer ca 7% typ kavring,"Sockerarter, totalt",Mjukt bröd ,10.8,g
207,Bröd fullkorn rågsikt fibrer ca 7% typ kavring,Summa enkelomättade fettsyror,Mjukt bröd ,1.5,g
207,Bröd fullkorn rågsikt fibrer ca 7% typ kavring,"Magnesium, Mg",Mjukt bröd ,51.0,mg
207,Bröd fullkorn rågsikt fibrer ca 7% typ kavring,Summa mättade fettsyror,Mjukt bröd ,0.5,g
207,Bröd fullkorn rågsikt fibrer ca 7% typ kavring,"Kolhydrater, tillgängliga",Mjukt bröd ,47.3,g
207,Bröd fullkorn rågsikt fibrer ca 7% typ kavring,Kolesterol,Mjukt bröd ,0.0,mg
207,Bröd fullkorn rågsikt fibrer ca 7% typ kavring,"Kalium, K",Mjukt bröd ,172.0,mg
207,Bröd fullkorn rågsikt fibrer ca 7% typ kavring,"Jod, I",Mjukt bröd ,1.0,µg
207,Bröd fullkorn rågsikt fibrer ca 7% typ kavring,Fullkorn totalt,Mjukt bröd ,23.0,g
207,Bröd fullkorn rågsikt fibrer ca 7% typ kavring,"Folat, totalt",Mjukt bröd ,10.2,µg
207,Bröd fullkorn rågsikt fibrer ca 7% typ kavring,Fibrer,Mjukt bröd ,7.0,g
207,Bröd fullkorn rågsikt fibrer ca 7% typ kavring,"Fett, totalt",Mjukt bröd ,4.7,g
207,Bröd fullkorn rågsikt fibrer ca 7% typ kavring,"Järn, Fe",Mjukt bröd ,2.0,mg
207,Bröd fullkorn rågsikt fibrer ca 7% typ kavring,Energi (kJ),Mjukt bröd ,1128.0,kJ
207,Bröd fullkorn rågsikt fibrer ca 7% typ kavring,Energi (kcal),Mjukt bröd ,270.0,kcal
207,Bröd fullkorn rågsikt fibrer ca 7% typ kavring,Disackarider,Mjukt bröd ,3.8,g
207,Bröd fullkorn rågsikt fibrer ca 7% typ kavring,"Kalcium, Ca",Mjukt bröd ,20.0,mg
207,Bröd fullkorn rågsikt fibrer ca 7% typ kavring,Fettsyra 4:0-10:0,Mjukt bröd ,0.0,g
207,Bröd fullkorn rågsikt fibrer ca 7% typ kavring,DHA (C22:6),Mjukt bröd ,0.0,g
207,Bröd fullkorn rågsikt fibrer ca 7% typ kavring,DPA (C22:5),Mjukt bröd ,0.0,g
207,Bröd fullkorn rågsikt fibrer ca 7% typ kavring,EPA (C20:5),Mjukt bröd ,0.0,g
207,Bröd fullkorn rågsikt fibrer ca 7% typ kavring,Arakidonsyra C20:4,Mjukt bröd ,0.0,g
207,Bröd fullkorn rågsikt fibrer ca 7% typ kavring,Arakidinsyra C20:0,Mjukt bröd ,0.0,g
207,Bröd fullkorn rågsikt fibrer ca 7% typ kavring,Linolensyra C18:3,Mjukt bröd ,0.2,g
207,Bröd fullkorn rågsikt fibrer ca 7% typ kavring,Linolsyra C18:2,Mjukt bröd ,1.0,g
207,Bröd fullkorn rågsikt fibrer ca 7% typ kavring,Oljesyra C18:1,Mjukt bröd ,1.4,g
207,Bröd fullkorn rågsikt fibrer ca 7% typ kavring,Stearinsyra C18:0,Mjukt bröd ,0.1,g
207,Bröd fullkorn rågsikt fibrer ca 7% typ kavring,Palmitoljesyra C16:1,Mjukt bröd ,0.0,g
207,Bröd fullkorn rågsikt fibrer ca 7% typ kavring,Palmitinsyra C16:0,Mjukt bröd ,0.4,g
207,Bröd fullkorn rågsikt fibrer ca 7% typ kavring,Myristinsyra C14:0,Mjukt bröd ,0.0,g
207,Bröd fullkorn rågsikt fibrer ca 7% typ kavring,Laurinsyra C12:0,Mjukt bröd ,0.0,g
207,Bröd fullkorn rågsikt fibrer ca 7% typ kavring,Betakaroten/β-Karoten,Mjukt bröd ,0.0,µg
207,Bröd fullkorn rågsikt fibrer ca 7% typ kavring,Avfall (skal etc.),Mjukt bröd ,0.0,%
207,Bröd fullkorn rågsikt fibrer ca 7% typ kavring,Aska,Mjukt bröd ,1.2,g
207,Bröd fullkorn rågsikt fibrer ca 7% typ kavring,Alkohol,Mjukt bröd ,0.0,g
208,"Bröd osötat rågsikt fibrer ca 3,5%","Zink, Zn",Mjukt bröd ,1.3,mg
208,"Bröd osötat rågsikt fibrer ca 3,5%",Vitamin E,Mjukt bröd ,0.6,mg
208,"Bröd osötat rågsikt fibrer ca 3,5%",Vitamin D,Mjukt bröd ,0.11,µg
208,"Bröd osötat rågsikt fibrer ca 3,5%",Vitamin C,Mjukt bröd ,0.0,mg
208,"Bröd osötat rågsikt fibrer ca 3,5%",Vitamin B6,Mjukt bröd ,0.26,mg
208,"Bröd osötat rågsikt fibrer ca 3,5%",Vitamin B12,Mjukt bröd ,0.0,µg
208,"Bröd osötat rågsikt fibrer ca 3,5%",Vitamin A,Mjukt bröd ,11.7,RE/µg
208,"Bröd osötat rågsikt fibrer ca 3,5%",Vatten,Mjukt bröd ,36.2,g
208,"Bröd osötat rågsikt fibrer ca 3,5%",Tiamin,Mjukt bröd ,0.27,mg
208,"Bröd osötat rågsikt fibrer ca 3,5%",Tillsatt socker,Mjukt bröd ,0.0,g
208,"Bröd osötat rågsikt fibrer ca 3,5%",Fritt socker,Mjukt bröd ,0.0,g
208,"Bröd osötat rågsikt fibrer ca 3,5%","Selen, Se",Mjukt bröd ,0.6,µg
208,"Bröd osötat rågsikt fibrer ca 3,5%",Sackaros,Mjukt bröd ,0.0,g
208,"Bröd osötat rågsikt fibrer ca 3,5%",Riboflavin,Mjukt bröd ,0.12,mg
208,"Bröd osötat rågsikt fibrer ca 3,5%",Retinol,Mjukt bröd ,11.6,µg
208,"Bröd osötat rågsikt fibrer ca 3,5%",Protein,Mjukt bröd ,8.4,g
208,"Bröd osötat rågsikt fibrer ca 3,5%",Summa fleromättade fettsyror,Mjukt bröd ,0.6,g
208,"Bröd osötat rågsikt fibrer ca 3,5%","Fosfor, P",Mjukt bröd ,125.0,mg
208,"Bröd osötat rågsikt fibrer ca 3,5%",Niacinekvivalenter,Mjukt bröd ,4.45,NE/mg
208,"Bröd osötat rågsikt fibrer ca 3,5%",Niacin,Mjukt bröd ,3.05,mg
208,"Bröd osötat rågsikt fibrer ca 3,5%","Salt, NaCl",Mjukt bröd ,1.0,g
208,"Bröd osötat rågsikt fibrer ca 3,5%","Natrium, Na",Mjukt bröd ,416.0,mg
208,"Bröd osötat rågsikt fibrer ca 3,5%",Monosackarider,Mjukt bröd ,0.2,g
208,"Bröd osötat rågsikt fibrer ca 3,5%","Sockerarter, totalt",Mjukt bröd ,2.1,g
208,"Bröd osötat rågsikt fibrer ca 3,5%",Summa enkelomättade fettsyror,Mjukt bröd ,0.9,g
208,"Bröd osötat rågsikt fibrer ca 3,5%","Magnesium, Mg",Mjukt bröd ,32.0,mg
208,"Bröd osötat rågsikt fibrer ca 3,5%",Summa mättade fettsyror,Mjukt bröd ,0.6,g
208,"Bröd osötat rågsikt fibrer ca 3,5%","Kolhydrater, tillgängliga",Mjukt bröd ,47.3,g
208,"Bröd osötat rågsikt fibrer ca 3,5%",Kolesterol,Mjukt bröd ,0.0,mg
208,"Bröd osötat rågsikt fibrer ca 3,5%","Kalium, K",Mjukt bröd ,145.0,mg
208,"Bröd osötat rågsikt fibrer ca 3,5%","Jod, I",Mjukt bröd ,0.0,µg
208,"Bröd osötat rågsikt fibrer ca 3,5%",Fullkorn totalt,Mjukt bröd ,0.0,g
208,"Bröd osötat rågsikt fibrer ca 3,5%","Folat, totalt",Mjukt bröd ,21.8,µg
208,"Bröd osötat rågsikt fibrer ca 3,5%",Fibrer,Mjukt bröd ,3.4,g
208,"Bröd osötat rågsikt fibrer ca 3,5%","Fett, totalt",Mjukt bröd ,3.2,g
208,"Bröd osötat rågsikt fibrer ca 3,5%","Järn, Fe",Mjukt bröd ,0.8,mg
208,"Bröd osötat rågsikt fibrer ca 3,5%",Energi (kJ),Mjukt bröd ,1091.0,kJ
208,"Bröd osötat rågsikt fibrer ca 3,5%",Energi (kcal),Mjukt bröd ,261.0,kcal
208,"Bröd osötat rågsikt fibrer ca 3,5%",Disackarider,Mjukt bröd ,2.0,g
208,"Bröd osötat rågsikt fibrer ca 3,5%","Kalcium, Ca",Mjukt bröd ,22.0,mg
208,"Bröd osötat rågsikt fibrer ca 3,5%",Fettsyra 4:0-10:0,Mjukt bröd ,0.0,g
208,"Bröd osötat rågsikt fibrer ca 3,5%",DHA (C22:6),Mjukt bröd ,0.0,g
208,"Bröd osötat rågsikt fibrer ca 3,5%",DPA (C22:5),Mjukt bröd ,0.0,g
208,"Bröd osötat rågsikt fibrer ca 3,5%",EPA (C20:5),Mjukt bröd ,0.0,g
208,"Bröd osötat rågsikt fibrer ca 3,5%",Arakidonsyra C20:4,Mjukt bröd ,0.0,g
208,"Bröd osötat rågsikt fibrer ca 3,5%",Arakidinsyra C20:0,Mjukt bröd ,0.0,g
208,"Bröd osötat rågsikt fibrer ca 3,5%",Linolensyra C18:3,Mjukt bröd ,0.1,g
208,"Bröd osötat rågsikt fibrer ca 3,5%",Linolsyra C18:2,Mjukt bröd ,0.6,g
208,"Bröd osötat rågsikt fibrer ca 3,5%",Oljesyra C18:1,Mjukt bröd ,0.8,g
208,"Bröd osötat rågsikt fibrer ca 3,5%",Stearinsyra C18:0,Mjukt bröd ,0.1,g
208,"Bröd osötat rågsikt fibrer ca 3,5%",Palmitoljesyra C16:1,Mjukt bröd ,0.0,g
208,"Bröd osötat rågsikt fibrer ca 3,5%",Palmitinsyra C16:0,Mjukt bröd ,0.4,g
208,"Bröd osötat rågsikt fibrer ca 3,5%",Myristinsyra C14:0,Mjukt bröd ,0.0,g
208,"Bröd osötat rågsikt fibrer ca 3,5%",Laurinsyra C12:0,Mjukt bröd ,0.0,g
208,"Bröd osötat rågsikt fibrer ca 3,5%",Betakaroten/β-Karoten,Mjukt bröd ,0.0,µg
208,"Bröd osötat rågsikt fibrer ca 3,5%",Avfall (skal etc.),Mjukt bröd ,0.0,%
208,"Bröd osötat rågsikt fibrer ca 3,5%",Aska,Mjukt bröd ,1.6,g
208,"Bröd osötat rågsikt fibrer ca 3,5%",Alkohol,Mjukt bröd ,0.0,g
209,Bröd rågsikt fibrer ca 4%,"Zink, Zn",Mjukt bröd ,1.3,mg
209,Bröd rågsikt fibrer ca 4%,Vitamin E,Mjukt bröd ,0.5,mg
209,Bröd rågsikt fibrer ca 4%,Vitamin D,Mjukt bröd ,0.13,µg
209,Bröd rågsikt fibrer ca 4%,Vitamin C,Mjukt bröd ,0.0,mg
209,Bröd rågsikt fibrer ca 4%,Vitamin B6,Mjukt bröd ,0.25,mg
209,Bröd rågsikt fibrer ca 4%,Vitamin B12,Mjukt bröd ,0.0,µg
209,Bröd rågsikt fibrer ca 4%,Vitamin A,Mjukt bröd ,13.6,RE/µg
209,Bröd rågsikt fibrer ca 4%,Vatten,Mjukt bröd ,34.0,g
209,Bröd rågsikt fibrer ca 4%,Tiamin,Mjukt bröd ,0.24,mg
209,Bröd rågsikt fibrer ca 4%,Tillsatt socker,Mjukt bröd ,8.0,g
209,Bröd rågsikt fibrer ca 4%,Fritt socker,Mjukt bröd ,8.0,g
209,Bröd rågsikt fibrer ca 4%,"Selen, Se",Mjukt bröd ,0.6,µg
209,Bröd rågsikt fibrer ca 4%,Sackaros,Mjukt bröd ,0.1,g
209,Bröd rågsikt fibrer ca 4%,Riboflavin,Mjukt bröd ,0.12,mg
209,Bröd rågsikt fibrer ca 4%,Retinol,Mjukt bröd ,13.6,µg
209,Bröd rågsikt fibrer ca 4%,Protein,Mjukt bröd ,7.1,g
209,Bröd rågsikt fibrer ca 4%,Summa fleromättade fettsyror,Mjukt bröd ,0.5,g
209,Bröd rågsikt fibrer ca 4%,"Fosfor, P",Mjukt bröd ,118.0,mg
209,Bröd rågsikt fibrer ca 4%,Niacinekvivalenter,Mjukt bröd ,3.97,NE/mg
209,Bröd rågsikt fibrer ca 4%,Niacin,Mjukt bröd ,2.79,mg
209,Bröd rågsikt fibrer ca 4%,"Salt, NaCl",Mjukt bröd ,0.8,g
209,Bröd rågsikt fibrer ca 4%,"Natrium, Na",Mjukt bröd ,310.0,mg
209,Bröd rågsikt fibrer ca 4%,Monosackarider,Mjukt bröd ,6.1,g
209,Bröd rågsikt fibrer ca 4%,"Sockerarter, totalt",Mjukt bröd ,8.0,g
209,Bröd rågsikt fibrer ca 4%,Summa enkelomättade fettsyror,Mjukt bröd ,0.6,g
209,Bröd rågsikt fibrer ca 4%,"Magnesium, Mg",Mjukt bröd ,33.0,mg
209,Bröd rågsikt fibrer ca 4%,Summa mättade fettsyror,Mjukt bröd ,0.4,g
209,Bröd rågsikt fibrer ca 4%,"Kolhydrater, tillgängliga",Mjukt bröd ,51.4,g
209,Bröd rågsikt fibrer ca 4%,Kolesterol,Mjukt bröd ,0.0,mg
209,Bröd rågsikt fibrer ca 4%,"Kalium, K",Mjukt bröd ,164.0,mg
209,Bröd rågsikt fibrer ca 4%,"Jod, I",Mjukt bröd ,0.0,µg
209,Bröd rågsikt fibrer ca 4%,Fullkorn totalt,Mjukt bröd ,0.0,g
209,Bröd rågsikt fibrer ca 4%,"Folat, totalt",Mjukt bröd ,32.4,µg
209,Bröd rågsikt fibrer ca 4%,Fibrer,Mjukt bröd ,3.8,g
209,Bröd rågsikt fibrer ca 4%,"Fett, totalt",Mjukt bröd ,2.3,g
209,Bröd rågsikt fibrer ca 4%,"Järn, Fe",Mjukt bröd ,0.8,mg
209,Bröd rågsikt fibrer ca 4%,Energi (kJ),Mjukt bröd ,1112.0,kJ
209,Bröd rågsikt fibrer ca 4%,Energi (kcal),Mjukt bröd ,266.0,kcal
209,Bröd rågsikt fibrer ca 4%,Disackarider,Mjukt bröd ,1.8,g
209,Bröd rågsikt fibrer ca 4%,"Kalcium, Ca",Mjukt bröd ,27.0,mg
209,Bröd rågsikt fibrer ca 4%,Fettsyra 4:0-10:0,Mjukt bröd ,0.0,g
209,Bröd rågsikt fibrer ca 4%,DHA (C22:6),Mjukt bröd ,0.0,g
209,Bröd rågsikt fibrer ca 4%,DPA (C22:5),Mjukt bröd ,0.0,g
209,Bröd rågsikt fibrer ca 4%,EPA (C20:5),Mjukt bröd ,0.0,g
209,Bröd rågsikt fibrer ca 4%,Arakidonsyra C20:4,Mjukt bröd ,0.0,g
209,Bröd rågsikt fibrer ca 4%,Arakidinsyra C20:0,Mjukt bröd ,0.0,g
209,Bröd rågsikt fibrer ca 4%,Linolensyra C18:3,Mjukt bröd ,0.0,g
209,Bröd rågsikt fibrer ca 4%,Linolsyra C18:2,Mjukt bröd ,0.4,g
209,Bröd rågsikt fibrer ca 4%,Oljesyra C18:1,Mjukt bröd ,0.6,g
209,Bröd rågsikt fibrer ca 4%,Stearinsyra C18:0,Mjukt bröd ,0.1,g
209,Bröd rågsikt fibrer ca 4%,Palmitoljesyra C16:1,Mjukt bröd ,0.0,g
209,Bröd rågsikt fibrer ca 4%,Palmitinsyra C16:0,Mjukt bröd ,0.3,g
209,Bröd rågsikt fibrer ca 4%,Myristinsyra C14:0,Mjukt bröd ,0.0,g
209,Bröd rågsikt fibrer ca 4%,Laurinsyra C12:0,Mjukt bröd ,0.0,g
209,Bröd rågsikt fibrer ca 4%,Betakaroten/β-Karoten,Mjukt bröd ,0.0,µg
209,Bröd rågsikt fibrer ca 4%,Avfall (skal etc.),Mjukt bröd ,0.0,%
209,Bröd rågsikt fibrer ca 4%,Aska,Mjukt bröd ,1.3,g
209,Bröd rågsikt fibrer ca 4%,Alkohol,Mjukt bröd ,0.0,g
210,Bröd fullkorn graham m. mjölk fibrer ca 5%,"Zink, Zn",Mjukt bröd ,1.9,mg
210,Bröd fullkorn graham m. mjölk fibrer ca 5%,Vitamin E,Mjukt bröd ,1.1,mg
210,Bröd fullkorn graham m. mjölk fibrer ca 5%,Vitamin D,Mjukt bröd ,0.44,µg
210,Bröd fullkorn graham m. mjölk fibrer ca 5%,Vitamin C,Mjukt bröd ,0.0,mg
210,Bröd fullkorn graham m. mjölk fibrer ca 5%,Vitamin B6,Mjukt bröd ,0.2,mg
210,Bröd fullkorn graham m. mjölk fibrer ca 5%,Vitamin B12,Mjukt bröd ,0.1,µg
210,Bröd fullkorn graham m. mjölk fibrer ca 5%,Vitamin A,Mjukt bröd ,46.9,RE/µg
210,Bröd fullkorn graham m. mjölk fibrer ca 5%,Vatten,Mjukt bröd ,32.8,g
210,Bröd fullkorn graham m. mjölk fibrer ca 5%,Tiamin,Mjukt bröd ,0.27,mg
210,Bröd fullkorn graham m. mjölk fibrer ca 5%,Tillsatt socker,Mjukt bröd ,2.0,g
210,Bröd fullkorn graham m. mjölk fibrer ca 5%,Fritt socker,Mjukt bröd ,2.0,g
210,Bröd fullkorn graham m. mjölk fibrer ca 5%,"Selen, Se",Mjukt bröd ,2.5,µg
210,Bröd fullkorn graham m. mjölk fibrer ca 5%,Sackaros,Mjukt bröd ,0.0,g
210,Bröd fullkorn graham m. mjölk fibrer ca 5%,Riboflavin,Mjukt bröd ,0.15,mg
210,Bröd fullkorn graham m. mjölk fibrer ca 5%,Retinol,Mjukt bröd ,46.9,µg
210,Bröd fullkorn graham m. mjölk fibrer ca 5%,Protein,Mjukt bröd ,8.9,g
210,Bröd fullkorn graham m. mjölk fibrer ca 5%,Summa fleromättade fettsyror,Mjukt bröd ,1.0,g
210,Bröd fullkorn graham m. mjölk fibrer ca 5%,"Fosfor, P",Mjukt bröd ,280.0,mg
210,Bröd fullkorn graham m. mjölk fibrer ca 5%,Niacinekvivalenter,Mjukt bröd ,4.48,NE/mg
210,Bröd fullkorn graham m. mjölk fibrer ca 5%,Niacin,Mjukt bröd ,3.0,mg
210,Bröd fullkorn graham m. mjölk fibrer ca 5%,"Salt, NaCl",Mjukt bröd ,1.2,g
210,Bröd fullkorn graham m. mjölk fibrer ca 5%,"Natrium, Na",Mjukt bröd ,480.0,mg
210,Bröd fullkorn graham m. mjölk fibrer ca 5%,Monosackarider,Mjukt bröd ,0.4,g
210,Bröd fullkorn graham m. mjölk fibrer ca 5%,"Sockerarter, totalt",Mjukt bröd ,1.9,g
210,Bröd fullkorn graham m. mjölk fibrer ca 5%,Summa enkelomättade fettsyror,Mjukt bröd ,1.6,g
210,Bröd fullkorn graham m. mjölk fibrer ca 5%,"Magnesium, Mg",Mjukt bröd ,75.0,mg
210,Bröd fullkorn graham m. mjölk fibrer ca 5%,Summa mättade fettsyror,Mjukt bröd ,1.0,g
210,Bröd fullkorn graham m. mjölk fibrer ca 5%,"Kolhydrater, tillgängliga",Mjukt bröd ,46.1,g
210,Bröd fullkorn graham m. mjölk fibrer ca 5%,Kolesterol,Mjukt bröd ,0.8,mg
210,Bröd fullkorn graham m. mjölk fibrer ca 5%,"Kalium, K",Mjukt bröd ,270.0,mg
210,Bröd fullkorn graham m. mjölk fibrer ca 5%,"Jod, I",Mjukt bröd ,2.3,µg
210,Bröd fullkorn graham m. mjölk fibrer ca 5%,Fullkorn totalt,Mjukt bröd ,37.0,g
210,Bröd fullkorn graham m. mjölk fibrer ca 5%,"Folat, totalt",Mjukt bröd ,27.2,µg
210,Bröd fullkorn graham m. mjölk fibrer ca 5%,Fibrer,Mjukt bröd ,4.9,g
210,Bröd fullkorn graham m. mjölk fibrer ca 5%,"Fett, totalt",Mjukt bröd ,5.2,g
210,Bröd fullkorn graham m. mjölk fibrer ca 5%,"Järn, Fe",Mjukt bröd ,2.8,mg
210,Bröd fullkorn graham m. mjölk fibrer ca 5%,Energi (kJ),Mjukt bröd ,1167.0,kJ
210,Bröd fullkorn graham m. mjölk fibrer ca 5%,Energi (kcal),Mjukt bröd ,279.0,kcal
210,Bröd fullkorn graham m. mjölk fibrer ca 5%,Disackarider,Mjukt bröd ,1.5,g
210,Bröd fullkorn graham m. mjölk fibrer ca 5%,"Kalcium, Ca",Mjukt bröd ,60.0,mg
210,Bröd fullkorn graham m. mjölk fibrer ca 5%,Fettsyra 4:0-10:0,Mjukt bröd ,0.0,g
210,Bröd fullkorn graham m. mjölk fibrer ca 5%,DHA (C22:6),Mjukt bröd ,0.0,g
210,Bröd fullkorn graham m. mjölk fibrer ca 5%,DPA (C22:5),Mjukt bröd ,0.0,g
210,Bröd fullkorn graham m. mjölk fibrer ca 5%,EPA (C20:5),Mjukt bröd ,0.0,g
210,Bröd fullkorn graham m. mjölk fibrer ca 5%,Arakidonsyra C20:4,Mjukt bröd ,0.0,g
210,Bröd fullkorn graham m. mjölk fibrer ca 5%,Arakidinsyra C20:0,Mjukt bröd ,0.0,g
210,Bröd fullkorn graham m. mjölk fibrer ca 5%,Linolensyra C18:3,Mjukt bröd ,0.1,g
210,Bröd fullkorn graham m. mjölk fibrer ca 5%,Linolsyra C18:2,Mjukt bröd ,0.9,g
210,Bröd fullkorn graham m. mjölk fibrer ca 5%,Oljesyra C18:1,Mjukt bröd ,1.6,g
210,Bröd fullkorn graham m. mjölk fibrer ca 5%,Stearinsyra C18:0,Mjukt bröd ,0.2,g
210,Bröd fullkorn graham m. mjölk fibrer ca 5%,Palmitoljesyra C16:1,Mjukt bröd ,0.0,g
210,Bröd fullkorn graham m. mjölk fibrer ca 5%,Palmitinsyra C16:0,Mjukt bröd ,0.8,g
210,Bröd fullkorn graham m. mjölk fibrer ca 5%,Myristinsyra C14:0,Mjukt bröd ,0.0,g
210,Bröd fullkorn graham m. mjölk fibrer ca 5%,Laurinsyra C12:0,Mjukt bröd ,0.0,g
210,Bröd fullkorn graham m. mjölk fibrer ca 5%,Betakaroten/β-Karoten,Mjukt bröd ,0.0,µg
210,Bröd fullkorn graham m. mjölk fibrer ca 5%,Avfall (skal etc.),Mjukt bröd ,0.0,%
210,Bröd fullkorn graham m. mjölk fibrer ca 5%,Aska,Mjukt bröd ,2.1,g
210,Bröd fullkorn graham m. mjölk fibrer ca 5%,Alkohol,Mjukt bröd ,0.0,g
213,Bröd fullkorn råg typ rallarhalvor,"Zink, Zn",Mjukt bröd ,1.5,mg
213,Bröd fullkorn råg typ rallarhalvor,Vitamin E,Mjukt bröd ,0.3,mg
213,Bröd fullkorn råg typ rallarhalvor,Vitamin D inkl 25-OH-D3,Mjukt bröd ,0.0,µg
213,Bröd fullkorn råg typ rallarhalvor,Vitamin D,Mjukt bröd ,0.0,µg
213,Bröd fullkorn råg typ rallarhalvor,Vitamin C,Mjukt bröd ,0.0,mg
213,Bröd fullkorn råg typ rallarhalvor,Vitamin B6,Mjukt bröd ,0.19,mg
213,Bröd fullkorn råg typ rallarhalvor,Vitamin B12,Mjukt bröd ,0.0,µg
213,Bröd fullkorn råg typ rallarhalvor,Vitamin A,Mjukt bröd ,0.0,RE/µg
213,Bröd fullkorn råg typ rallarhalvor,Vatten,Mjukt bröd ,35.4,g
213,Bröd fullkorn råg typ rallarhalvor,Tiamin,Mjukt bröd ,0.17,mg
213,Bröd fullkorn råg typ rallarhalvor,Tillsatt socker,Mjukt bröd ,0.0,g
213,Bröd fullkorn råg typ rallarhalvor,Fritt socker,Mjukt bröd ,0.0,g
213,Bröd fullkorn råg typ rallarhalvor,"Selen, Se",Mjukt bröd ,0.0,µg
213,Bröd fullkorn råg typ rallarhalvor,Sackaros,Mjukt bröd ,0.0,g
213,Bröd fullkorn råg typ rallarhalvor,Riboflavin,Mjukt bröd ,0.11,mg
213,Bröd fullkorn råg typ rallarhalvor,Retinol,Mjukt bröd ,0.0,µg
213,Bröd fullkorn råg typ rallarhalvor,Protein,Mjukt bröd ,5.9,g
213,Bröd fullkorn råg typ rallarhalvor,Summa fleromättade fettsyror,Mjukt bröd ,0.7,g
213,Bröd fullkorn råg typ rallarhalvor,"Fosfor, P",Mjukt bröd ,195.0,mg
213,Bröd fullkorn råg typ rallarhalvor,Niacinekvivalenter,Mjukt bröd ,3.1,NE/mg
213,Bröd fullkorn råg typ rallarhalvor,Niacin,Mjukt bröd ,2.16,mg
213,Bröd fullkorn råg typ rallarhalvor,"Salt, NaCl",Mjukt bröd ,1.2,g
213,Bröd fullkorn råg typ rallarhalvor,"Natrium, Na",Mjukt bröd ,485.0,mg
213,Bröd fullkorn råg typ rallarhalvor,Monosackarider,Mjukt bröd ,1.8,g
213,Bröd fullkorn råg typ rallarhalvor,"Sockerarter, totalt",Mjukt bröd ,3.7,g
213,Bröd fullkorn råg typ rallarhalvor,Summa enkelomättade fettsyror,Mjukt bröd ,0.5,g
213,Bröd fullkorn råg typ rallarhalvor,"Magnesium, Mg",Mjukt bröd ,57.0,mg
213,Bröd fullkorn råg typ rallarhalvor,Summa mättade fettsyror,Mjukt bröd ,0.3,g
213,Bröd fullkorn råg typ rallarhalvor,"Kolhydrater, tillgängliga",Mjukt bröd ,46.1,g
213,Bröd fullkorn råg typ rallarhalvor,Kolesterol,Mjukt bröd ,0.0,mg
213,Bröd fullkorn råg typ rallarhalvor,"Kalium, K",Mjukt bröd ,311.0,mg
213,Bröd fullkorn råg typ rallarhalvor,"Jod, I",Mjukt bröd ,1.6,µg
213,Bröd fullkorn råg typ rallarhalvor,Fullkorn totalt,Mjukt bröd ,49.0,g
213,Bröd fullkorn råg typ rallarhalvor,"Folat, totalt",Mjukt bröd ,50.7,µg
213,Bröd fullkorn råg typ rallarhalvor,Fibrer,Mjukt bröd ,8.5,g
213,Bröd fullkorn råg typ rallarhalvor,"Fett, totalt",Mjukt bröd ,2.1,g
213,Bröd fullkorn råg typ rallarhalvor,"Järn, Fe",Mjukt bröd ,1.6,mg
213,Bröd fullkorn råg typ rallarhalvor,Energi (kJ),Mjukt bröd ,1029.0,kJ
213,Bröd fullkorn råg typ rallarhalvor,Energi (kcal),Mjukt bröd ,246.0,kcal
213,Bröd fullkorn råg typ rallarhalvor,Disackarider,Mjukt bröd ,1.9,g
213,Bröd fullkorn råg typ rallarhalvor,"Kalcium, Ca",Mjukt bröd ,38.0,mg
213,Bröd fullkorn råg typ rallarhalvor,Fettsyra 4:0-10:0,Mjukt bröd ,0.0,g
213,Bröd fullkorn råg typ rallarhalvor,DHA (C22:6),Mjukt bröd ,0.0,g
213,Bröd fullkorn råg typ rallarhalvor,DPA (C22:5),Mjukt bröd ,0.0,g
213,Bröd fullkorn råg typ rallarhalvor,EPA (C20:5),Mjukt bröd ,0.0,g
213,Bröd fullkorn råg typ rallarhalvor,Arakidonsyra C20:4,Mjukt bröd ,0.0,g
213,Bröd fullkorn råg typ rallarhalvor,Arakidinsyra C20:0,Mjukt bröd ,0.0,g
213,Bröd fullkorn råg typ rallarhalvor,Linolensyra C18:3,Mjukt bröd ,0.1,g
213,Bröd fullkorn råg typ rallarhalvor,Linolsyra C18:2,Mjukt bröd ,0.6,g
213,Bröd fullkorn råg typ rallarhalvor,Oljesyra C18:1,Mjukt bröd ,0.4,g
213,Bröd fullkorn råg typ rallarhalvor,Stearinsyra C18:0,Mjukt bröd ,0.0,g
213,Bröd fullkorn råg typ rallarhalvor,Palmitoljesyra C16:1,Mjukt bröd ,0.0,g
213,Bröd fullkorn råg typ rallarhalvor,Palmitinsyra C16:0,Mjukt bröd ,0.2,g
213,Bröd fullkorn råg typ rallarhalvor,Myristinsyra C14:0,Mjukt bröd ,0.0,g
213,Bröd fullkorn råg typ rallarhalvor,Laurinsyra C12:0,Mjukt bröd ,0.0,g
213,Bröd fullkorn råg typ rallarhalvor,Betakaroten/β-Karoten,Mjukt bröd ,0.0,µg
213,Bröd fullkorn råg typ rallarhalvor,Avfall (skal etc.),Mjukt bröd ,0.0,%
213,Bröd fullkorn råg typ rallarhalvor,Aska,Mjukt bröd ,2.1,g
213,Bröd fullkorn råg typ rallarhalvor,Alkohol,Mjukt bröd ,0.0,g
214,Bröd fullkorn råg osötat fibrer ca 5%,"Zink, Zn",Mjukt bröd ,1.3,mg
214,Bröd fullkorn råg osötat fibrer ca 5%,Vitamin E,Mjukt bröd ,0.6,mg
214,Bröd fullkorn råg osötat fibrer ca 5%,Vitamin D inkl 25-OH-D3,Mjukt bröd ,0.0,µg
214,Bröd fullkorn råg osötat fibrer ca 5%,Vitamin D,Mjukt bröd ,0.0,µg
214,Bröd fullkorn råg osötat fibrer ca 5%,Vitamin C,Mjukt bröd ,0.0,mg
214,Bröd fullkorn råg osötat fibrer ca 5%,Vitamin B6,Mjukt bröd ,0.13,mg
214,Bröd fullkorn råg osötat fibrer ca 5%,Vitamin B12,Mjukt bröd ,0.0,µg
214,Bröd fullkorn råg osötat fibrer ca 5%,Vitamin A,Mjukt bröd ,0.0,RE/µg
214,Bröd fullkorn råg osötat fibrer ca 5%,Vatten,Mjukt bröd ,38.8,g
214,Bröd fullkorn råg osötat fibrer ca 5%,Tiamin,Mjukt bröd ,0.17,mg
214,Bröd fullkorn råg osötat fibrer ca 5%,Tillsatt socker,Mjukt bröd ,0.0,g
214,Bröd fullkorn råg osötat fibrer ca 5%,Fritt socker,Mjukt bröd ,0.0,g
214,Bröd fullkorn råg osötat fibrer ca 5%,"Selen, Se",Mjukt bröd ,1.0,µg
214,Bröd fullkorn råg osötat fibrer ca 5%,Sackaros,Mjukt bröd ,0.0,g
214,Bröd fullkorn råg osötat fibrer ca 5%,Riboflavin,Mjukt bröd ,0.1,mg
214,Bröd fullkorn råg osötat fibrer ca 5%,Retinol,Mjukt bröd ,0.0,µg
214,Bröd fullkorn råg osötat fibrer ca 5%,Protein,Mjukt bröd ,7.1,g
214,Bröd fullkorn råg osötat fibrer ca 5%,Summa fleromättade fettsyror,Mjukt bröd ,0.5,g
214,Bröd fullkorn råg osötat fibrer ca 5%,"Fosfor, P",Mjukt bröd ,113.0,mg
214,Bröd fullkorn råg osötat fibrer ca 5%,Niacinekvivalenter,Mjukt bröd ,2.88,NE/mg
214,Bröd fullkorn råg osötat fibrer ca 5%,Niacin,Mjukt bröd ,1.7,mg
214,Bröd fullkorn råg osötat fibrer ca 5%,"Salt, NaCl",Mjukt bröd ,0.8,g
214,Bröd fullkorn råg osötat fibrer ca 5%,"Natrium, Na",Mjukt bröd ,341.0,mg
214,Bröd fullkorn råg osötat fibrer ca 5%,Monosackarider,Mjukt bröd ,0.1,g
214,Bröd fullkorn råg osötat fibrer ca 5%,"Sockerarter, totalt",Mjukt bröd ,4.3,g
214,Bröd fullkorn råg osötat fibrer ca 5%,Summa enkelomättade fettsyror,Mjukt bröd ,0.4,g
214,Bröd fullkorn råg osötat fibrer ca 5%,"Magnesium, Mg",Mjukt bröd ,51.0,mg
214,Bröd fullkorn råg osötat fibrer ca 5%,Summa mättade fettsyror,Mjukt bröd ,0.2,g
214,Bröd fullkorn råg osötat fibrer ca 5%,"Kolhydrater, tillgängliga",Mjukt bröd ,46.1,g
214,Bröd fullkorn råg osötat fibrer ca 5%,Kolesterol,Mjukt bröd ,0.0,mg
214,Bröd fullkorn råg osötat fibrer ca 5%,"Kalium, K",Mjukt bröd ,161.0,mg
214,Bröd fullkorn råg osötat fibrer ca 5%,"Jod, I",Mjukt bröd ,1.0,µg
214,Bröd fullkorn råg osötat fibrer ca 5%,Fullkorn totalt,Mjukt bröd ,18.0,g
214,Bröd fullkorn råg osötat fibrer ca 5%,"Folat, totalt",Mjukt bröd ,30.5,µg
214,Bröd fullkorn råg osötat fibrer ca 5%,Fibrer,Mjukt bröd ,5.0,g
214,Bröd fullkorn råg osötat fibrer ca 5%,"Fett, totalt",Mjukt bröd ,1.6,g
214,Bröd fullkorn råg osötat fibrer ca 5%,"Järn, Fe",Mjukt bröd ,2.0,mg
214,Bröd fullkorn råg osötat fibrer ca 5%,Energi (kJ),Mjukt bröd ,1002.0,kJ
214,Bröd fullkorn råg osötat fibrer ca 5%,Energi (kcal),Mjukt bröd ,239.0,kcal
214,Bröd fullkorn råg osötat fibrer ca 5%,Disackarider,Mjukt bröd ,4.2,g
214,Bröd fullkorn råg osötat fibrer ca 5%,"Kalcium, Ca",Mjukt bröd ,22.0,mg
214,Bröd fullkorn råg osötat fibrer ca 5%,Fettsyra 4:0-10:0,Mjukt bröd ,0.0,g
214,Bröd fullkorn råg osötat fibrer ca 5%,DHA (C22:6),Mjukt bröd ,0.0,g
214,Bröd fullkorn råg osötat fibrer ca 5%,DPA (C22:5),Mjukt bröd ,0.0,g
214,Bröd fullkorn råg osötat fibrer ca 5%,EPA (C20:5),Mjukt bröd ,0.0,g
214,Bröd fullkorn råg osötat fibrer ca 5%,Arakidonsyra C20:4,Mjukt bröd ,0.0,g
214,Bröd fullkorn råg osötat fibrer ca 5%,Arakidinsyra C20:0,Mjukt bröd ,0.0,g
214,Bröd fullkorn råg osötat fibrer ca 5%,Linolensyra C18:3,Mjukt bröd ,0.1,g
214,Bröd fullkorn råg osötat fibrer ca 5%,Linolsyra C18:2,Mjukt bröd ,0.4,g
214,Bröd fullkorn råg osötat fibrer ca 5%,Oljesyra C18:1,Mjukt bröd ,0.3,g
214,Bröd fullkorn råg osötat fibrer ca 5%,Stearinsyra C18:0,Mjukt bröd ,0.0,g
214,Bröd fullkorn råg osötat fibrer ca 5%,Palmitoljesyra C16:1,Mjukt bröd ,0.0,g
214,Bröd fullkorn råg osötat fibrer ca 5%,Palmitinsyra C16:0,Mjukt bröd ,0.2,g
214,Bröd fullkorn råg osötat fibrer ca 5%,Myristinsyra C14:0,Mjukt bröd ,0.0,g
214,Bröd fullkorn råg osötat fibrer ca 5%,Laurinsyra C12:0,Mjukt bröd ,0.0,g
214,Bröd fullkorn råg osötat fibrer ca 5%,Betakaroten/β-Karoten,Mjukt bröd ,0.0,µg
214,Bröd fullkorn råg osötat fibrer ca 5%,Avfall (skal etc.),Mjukt bröd ,0.0,%
214,Bröd fullkorn råg osötat fibrer ca 5%,Aska,Mjukt bröd ,1.4,g
214,Bröd fullkorn råg osötat fibrer ca 5%,Alkohol,Mjukt bröd ,0.0,g
216,Hårt bröd tunnbröd fullkorn vete råg korn havre,"Zink, Zn",Hårt bröd ,1.5,mg
216,Hårt bröd tunnbröd fullkorn vete råg korn havre,Vitamin E,Hårt bröd ,0.3,mg
216,Hårt bröd tunnbröd fullkorn vete råg korn havre,Vitamin D inkl 25-OH-D3,Hårt bröd ,0.0,µg
216,Hårt bröd tunnbröd fullkorn vete råg korn havre,Vitamin D,Hårt bröd ,0.0,µg
216,Hårt bröd tunnbröd fullkorn vete råg korn havre,Vitamin C,Hårt bröd ,0.0,mg
216,Hårt bröd tunnbröd fullkorn vete råg korn havre,Vitamin B6,Hårt bröd ,0.12,mg
216,Hårt bröd tunnbröd fullkorn vete råg korn havre,Vitamin B12,Hårt bröd ,0.0,µg
216,Hårt bröd tunnbröd fullkorn vete råg korn havre,Vitamin A,Hårt bröd ,0.0,RE/µg
216,Hårt bröd tunnbröd fullkorn vete råg korn havre,Vatten,Hårt bröd ,11.8,g
216,Hårt bröd tunnbröd fullkorn vete råg korn havre,Tiamin,Hårt bröd ,0.21,mg
216,Hårt bröd tunnbröd fullkorn vete råg korn havre,Tillsatt socker,Hårt bröd ,0.0,g
216,Hårt bröd tunnbröd fullkorn vete råg korn havre,Fritt socker,Hårt bröd ,0.0,g
216,Hårt bröd tunnbröd fullkorn vete råg korn havre,"Selen, Se",Hårt bröd ,17.6,µg
216,Hårt bröd tunnbröd fullkorn vete råg korn havre,Sackaros,Hårt bröd ,0.4,g
216,Hårt bröd tunnbröd fullkorn vete råg korn havre,Riboflavin,Hårt bröd ,0.06,mg
216,Hårt bröd tunnbröd fullkorn vete råg korn havre,Retinol,Hårt bröd ,0.0,µg
216,Hårt bröd tunnbröd fullkorn vete råg korn havre,Protein,Hårt bröd ,10.1,g
216,Hårt bröd tunnbröd fullkorn vete råg korn havre,Summa fleromättade fettsyror,Hårt bröd ,1.4,g
216,Hårt bröd tunnbröd fullkorn vete råg korn havre,"Fosfor, P",Hårt bröd ,170.0,mg
216,Hårt bröd tunnbröd fullkorn vete råg korn havre,Niacinekvivalenter,Hårt bröd ,3.0,NE/mg
216,Hårt bröd tunnbröd fullkorn vete råg korn havre,Niacin,Hårt bröd ,1.35,mg
216,Hårt bröd tunnbröd fullkorn vete råg korn havre,"Salt, NaCl",Hårt bröd ,0.8,g
216,Hårt bröd tunnbröd fullkorn vete råg korn havre,"Natrium, Na",Hårt bröd ,300.0,mg
216,Hårt bröd tunnbröd fullkorn vete råg korn havre,Monosackarider,Hårt bröd ,0.8,g
216,Hårt bröd tunnbröd fullkorn vete råg korn havre,"Sockerarter, totalt",Hårt bröd ,2.6,g
216,Hårt bröd tunnbröd fullkorn vete råg korn havre,Summa enkelomättade fettsyror,Hårt bröd ,0.7,g
216,Hårt bröd tunnbröd fullkorn vete råg korn havre,"Magnesium, Mg",Hårt bröd ,45.0,mg
216,Hårt bröd tunnbröd fullkorn vete råg korn havre,Summa mättade fettsyror,Hårt bröd ,0.7,g
216,Hårt bröd tunnbröd fullkorn vete råg korn havre,"Kolhydrater, tillgängliga",Hårt bröd ,68.9,g
216,Hårt bröd tunnbröd fullkorn vete råg korn havre,Kolesterol,Hårt bröd ,0.0,mg
216,Hårt bröd tunnbröd fullkorn vete råg korn havre,"Kalium, K",Hårt bröd ,230.0,mg
216,Hårt bröd tunnbröd fullkorn vete råg korn havre,"Jod, I",Hårt bröd ,2.9,µg
216,Hårt bröd tunnbröd fullkorn vete råg korn havre,Fullkorn totalt,Hårt bröd ,14.0,g
216,Hårt bröd tunnbröd fullkorn vete råg korn havre,"Folat, totalt",Hårt bröd ,33.0,µg
216,Hårt bröd tunnbröd fullkorn vete råg korn havre,Fibrer,Hårt bröd ,5.1,g
216,Hårt bröd tunnbröd fullkorn vete råg korn havre,"Fett, totalt",Hårt bröd ,2.5,g
216,Hårt bröd tunnbröd fullkorn vete råg korn havre,"Järn, Fe",Hårt bröd ,1.6,mg
216,Hårt bröd tunnbröd fullkorn vete råg korn havre,Energi (kJ),Hårt bröd ,1476.0,kJ
216,Hårt bröd tunnbröd fullkorn vete råg korn havre,Energi (kcal),Hårt bröd ,353.0,kcal
216,Hårt bröd tunnbröd fullkorn vete råg korn havre,Disackarider,Hårt bröd ,1.8,g
216,Hårt bröd tunnbröd fullkorn vete råg korn havre,"Kalcium, Ca",Hårt bröd ,22.0,mg
216,Hårt bröd tunnbröd fullkorn vete råg korn havre,Fettsyra 4:0-10:0,Hårt bröd ,0.0,g
216,Hårt bröd tunnbröd fullkorn vete råg korn havre,DHA (C22:6),Hårt bröd ,0.0,g
216,Hårt bröd tunnbröd fullkorn vete råg korn havre,DPA (C22:5),Hårt bröd ,0.0,g
216,Hårt bröd tunnbröd fullkorn vete råg korn havre,EPA (C20:5),Hårt bröd ,0.0,g
216,Hårt bröd tunnbröd fullkorn vete råg korn havre,Arakidonsyra C20:4,Hårt bröd ,0.0,g
216,Hårt bröd tunnbröd fullkorn vete råg korn havre,Arakidinsyra C20:0,Hårt bröd ,0.2,g
216,Hårt bröd tunnbröd fullkorn vete råg korn havre,Linolensyra C18:3,Hårt bröd ,0.0,g
216,Hårt bröd tunnbröd fullkorn vete råg korn havre,Linolsyra C18:2,Hårt bröd ,0.1,g
216,Hårt bröd tunnbröd fullkorn vete råg korn havre,Oljesyra C18:1,Hårt bröd ,1.3,g
216,Hårt bröd tunnbröd fullkorn vete råg korn havre,Stearinsyra C18:0,Hårt bröd ,0.0,g
216,Hårt bröd tunnbröd fullkorn vete råg korn havre,Palmitoljesyra C16:1,Hårt bröd ,0.7,g
216,Hårt bröd tunnbröd fullkorn vete råg korn havre,Palmitinsyra C16:0,Hårt bröd ,0.5,g
216,Hårt bröd tunnbröd fullkorn vete råg korn havre,Myristinsyra C14:0,Hårt bröd ,0.0,g
216,Hårt bröd tunnbröd fullkorn vete råg korn havre,Laurinsyra C12:0,Hårt bröd ,0.0,g
216,Hårt bröd tunnbröd fullkorn vete råg korn havre,Betakaroten/β-Karoten,Hårt bröd ,0.0,µg
216,Hårt bröd tunnbröd fullkorn vete råg korn havre,Avfall (skal etc.),Hårt bröd ,0.0,%
216,Hårt bröd tunnbröd fullkorn vete råg korn havre,Aska,Hårt bröd ,1.6,g
216,Hårt bröd tunnbröd fullkorn vete råg korn havre,Alkohol,Hårt bröd ,0.0,g
217,Bröd vitt mjukt m. mjölk fibrer ca 4% typ tunnbröd,"Zink, Zn",Mjukt bröd ,1.5,mg
217,Bröd vitt mjukt m. mjölk fibrer ca 4% typ tunnbröd,Vitamin E,Mjukt bröd ,0.6,mg
217,Bröd vitt mjukt m. mjölk fibrer ca 4% typ tunnbröd,Vitamin D,Mjukt bröd ,0.1,µg
217,Bröd vitt mjukt m. mjölk fibrer ca 4% typ tunnbröd,Vitamin C,Mjukt bröd ,0.0,mg
217,Bröd vitt mjukt m. mjölk fibrer ca 4% typ tunnbröd,Vitamin B6,Mjukt bröd ,0.24,mg
217,Bröd vitt mjukt m. mjölk fibrer ca 4% typ tunnbröd,Vitamin B12,Mjukt bröd ,0.15,µg
217,Bröd vitt mjukt m. mjölk fibrer ca 4% typ tunnbröd,Vitamin A,Mjukt bröd ,10.8,RE/µg
217,Bröd vitt mjukt m. mjölk fibrer ca 4% typ tunnbröd,Vatten,Mjukt bröd ,30.9,g
217,Bröd vitt mjukt m. mjölk fibrer ca 4% typ tunnbröd,Tiamin,Mjukt bröd ,0.33,mg
217,Bröd vitt mjukt m. mjölk fibrer ca 4% typ tunnbröd,Tillsatt socker,Mjukt bröd ,4.0,g
217,Bröd vitt mjukt m. mjölk fibrer ca 4% typ tunnbröd,Fritt socker,Mjukt bröd ,4.0,g
217,Bröd vitt mjukt m. mjölk fibrer ca 4% typ tunnbröd,"Selen, Se",Mjukt bröd ,1.1,µg
217,Bröd vitt mjukt m. mjölk fibrer ca 4% typ tunnbröd,Sackaros,Mjukt bröd ,1.6,g
217,Bröd vitt mjukt m. mjölk fibrer ca 4% typ tunnbröd,Riboflavin,Mjukt bröd ,0.12,mg
217,Bröd vitt mjukt m. mjölk fibrer ca 4% typ tunnbröd,Retinol,Mjukt bröd ,10.8,µg
217,Bröd vitt mjukt m. mjölk fibrer ca 4% typ tunnbröd,Protein,Mjukt bröd ,8.0,g
217,Bröd vitt mjukt m. mjölk fibrer ca 4% typ tunnbröd,Summa fleromättade fettsyror,Mjukt bröd ,0.7,g
217,Bröd vitt mjukt m. mjölk fibrer ca 4% typ tunnbröd,"Fosfor, P",Mjukt bröd ,142.0,mg
217,Bröd vitt mjukt m. mjölk fibrer ca 4% typ tunnbröd,Niacinekvivalenter,Mjukt bröd ,3.93,NE/mg
217,Bröd vitt mjukt m. mjölk fibrer ca 4% typ tunnbröd,Niacin,Mjukt bröd ,2.6,mg
217,Bröd vitt mjukt m. mjölk fibrer ca 4% typ tunnbröd,"Salt, NaCl",Mjukt bröd ,1.0,g
217,Bröd vitt mjukt m. mjölk fibrer ca 4% typ tunnbröd,"Natrium, Na",Mjukt bröd ,410.0,mg
217,Bröd vitt mjukt m. mjölk fibrer ca 4% typ tunnbröd,Monosackarider,Mjukt bröd ,4.8,g
217,Bröd vitt mjukt m. mjölk fibrer ca 4% typ tunnbröd,"Sockerarter, totalt",Mjukt bröd ,8.4,g
217,Bröd vitt mjukt m. mjölk fibrer ca 4% typ tunnbröd,Summa enkelomättade fettsyror,Mjukt bröd ,0.9,g
217,Bröd vitt mjukt m. mjölk fibrer ca 4% typ tunnbröd,"Magnesium, Mg",Mjukt bröd ,38.0,mg
217,Bröd vitt mjukt m. mjölk fibrer ca 4% typ tunnbröd,Summa mättade fettsyror,Mjukt bröd ,0.5,g
217,Bröd vitt mjukt m. mjölk fibrer ca 4% typ tunnbröd,"Kolhydrater, tillgängliga",Mjukt bröd ,52.4,g
217,Bröd vitt mjukt m. mjölk fibrer ca 4% typ tunnbröd,Kolesterol,Mjukt bröd ,0.8,mg
217,Bröd vitt mjukt m. mjölk fibrer ca 4% typ tunnbröd,"Kalium, K",Mjukt bröd ,190.0,mg
217,Bröd vitt mjukt m. mjölk fibrer ca 4% typ tunnbröd,"Jod, I",Mjukt bröd ,0.0,µg
217,Bröd vitt mjukt m. mjölk fibrer ca 4% typ tunnbröd,Fullkorn totalt,Mjukt bröd ,0.0,g
217,Bröd vitt mjukt m. mjölk fibrer ca 4% typ tunnbröd,"Folat, totalt",Mjukt bröd ,30.2,µg
217,Bröd vitt mjukt m. mjölk fibrer ca 4% typ tunnbröd,Fibrer,Mjukt bröd ,3.8,g
217,Bröd vitt mjukt m. mjölk fibrer ca 4% typ tunnbröd,"Fett, totalt",Mjukt bröd ,3.1,g
217,Bröd vitt mjukt m. mjölk fibrer ca 4% typ tunnbröd,"Järn, Fe",Mjukt bröd ,0.8,mg
217,Bröd vitt mjukt m. mjölk fibrer ca 4% typ tunnbröd,Energi (kJ),Mjukt bröd ,1174.0,kJ
217,Bröd vitt mjukt m. mjölk fibrer ca 4% typ tunnbröd,Energi (kcal),Mjukt bröd ,280.0,kcal
217,Bröd vitt mjukt m. mjölk fibrer ca 4% typ tunnbröd,Disackarider,Mjukt bröd ,3.6,g
217,Bröd vitt mjukt m. mjölk fibrer ca 4% typ tunnbröd,"Kalcium, Ca",Mjukt bröd ,64.0,mg
217,Bröd vitt mjukt m. mjölk fibrer ca 4% typ tunnbröd,Fettsyra 4:0-10:0,Mjukt bröd ,0.0,g
217,Bröd vitt mjukt m. mjölk fibrer ca 4% typ tunnbröd,DHA (C22:6),Mjukt bröd ,0.0,g
217,Bröd vitt mjukt m. mjölk fibrer ca 4% typ tunnbröd,DPA (C22:5),Mjukt bröd ,0.0,g
217,Bröd vitt mjukt m. mjölk fibrer ca 4% typ tunnbröd,EPA (C20:5),Mjukt bröd ,0.0,g
217,Bröd vitt mjukt m. mjölk fibrer ca 4% typ tunnbröd,Arakidonsyra C20:4,Mjukt bröd ,0.0,g
217,Bröd vitt mjukt m. mjölk fibrer ca 4% typ tunnbröd,Arakidinsyra C20:0,Mjukt bröd ,0.0,g
217,Bröd vitt mjukt m. mjölk fibrer ca 4% typ tunnbröd,Linolensyra C18:3,Mjukt bröd ,0.1,g
217,Bröd vitt mjukt m. mjölk fibrer ca 4% typ tunnbröd,Linolsyra C18:2,Mjukt bröd ,0.6,g
217,Bröd vitt mjukt m. mjölk fibrer ca 4% typ tunnbröd,Oljesyra C18:1,Mjukt bröd ,0.9,g
217,Bröd vitt mjukt m. mjölk fibrer ca 4% typ tunnbröd,Stearinsyra C18:0,Mjukt bröd ,0.2,g
217,Bröd vitt mjukt m. mjölk fibrer ca 4% typ tunnbröd,Palmitoljesyra C16:1,Mjukt bröd ,0.0,g
217,Bröd vitt mjukt m. mjölk fibrer ca 4% typ tunnbröd,Palmitinsyra C16:0,Mjukt bröd ,0.3,g
217,Bröd vitt mjukt m. mjölk fibrer ca 4% typ tunnbröd,Myristinsyra C14:0,Mjukt bröd ,0.0,g
217,Bröd vitt mjukt m. mjölk fibrer ca 4% typ tunnbröd,Laurinsyra C12:0,Mjukt bröd ,0.0,g
217,Bröd vitt mjukt m. mjölk fibrer ca 4% typ tunnbröd,Betakaroten/β-Karoten,Mjukt bröd ,0.0,µg
217,Bröd vitt mjukt m. mjölk fibrer ca 4% typ tunnbröd,Avfall (skal etc.),Mjukt bröd ,0.0,%
217,Bröd vitt mjukt m. mjölk fibrer ca 4% typ tunnbröd,Aska,Mjukt bröd ,1.7,g
217,Bröd vitt mjukt m. mjölk fibrer ca 4% typ tunnbröd,Alkohol,Mjukt bröd ,0.0,g
219,Bröd fullkorn råg m. potatis fibrer ca 5% ,"Zink, Zn",Mjukt bröd ,1.6,mg
219,Bröd fullkorn råg m. potatis fibrer ca 5% ,Vitamin E,Mjukt bröd ,0.5,mg
219,Bröd fullkorn råg m. potatis fibrer ca 5% ,Vitamin D inkl 25-OH-D3,Mjukt bröd ,0.0,µg
219,Bröd fullkorn råg m. potatis fibrer ca 5% ,Vitamin D,Mjukt bröd ,0.0,µg
219,Bröd fullkorn råg m. potatis fibrer ca 5% ,Vitamin C,Mjukt bröd ,0.0,mg
219,Bröd fullkorn råg m. potatis fibrer ca 5% ,Vitamin B6,Mjukt bröd ,0.19,mg
219,Bröd fullkorn råg m. potatis fibrer ca 5% ,Vitamin B12,Mjukt bröd ,0.0,µg
219,Bröd fullkorn råg m. potatis fibrer ca 5% ,Vitamin A,Mjukt bröd ,0.0,RE/µg
219,Bröd fullkorn råg m. potatis fibrer ca 5% ,Vatten,Mjukt bröd ,33.4,g
219,Bröd fullkorn råg m. potatis fibrer ca 5% ,Tiamin,Mjukt bröd ,0.24,mg
219,Bröd fullkorn råg m. potatis fibrer ca 5% ,Tillsatt socker,Mjukt bröd ,0.0,g
219,Bröd fullkorn råg m. potatis fibrer ca 5% ,Fritt socker,Mjukt bröd ,0.0,g
219,Bröd fullkorn råg m. potatis fibrer ca 5% ,"Selen, Se",Mjukt bröd ,0.7,µg
219,Bröd fullkorn råg m. potatis fibrer ca 5% ,Sackaros,Mjukt bröd ,0.0,g
219,Bröd fullkorn råg m. potatis fibrer ca 5% ,Riboflavin,Mjukt bröd ,0.12,mg
219,Bröd fullkorn råg m. potatis fibrer ca 5% ,Retinol,Mjukt bröd ,0.0,µg
219,Bröd fullkorn råg m. potatis fibrer ca 5% ,Protein,Mjukt bröd ,5.7,g
219,Bröd fullkorn råg m. potatis fibrer ca 5% ,Summa fleromättade fettsyror,Mjukt bröd ,0.4,g
219,Bröd fullkorn råg m. potatis fibrer ca 5% ,"Fosfor, P",Mjukt bröd ,125.0,mg
219,Bröd fullkorn råg m. potatis fibrer ca 5% ,Niacinekvivalenter,Mjukt bröd ,3.44,NE/mg
219,Bröd fullkorn råg m. potatis fibrer ca 5% ,Niacin,Mjukt bröd ,2.5,mg
219,Bröd fullkorn råg m. potatis fibrer ca 5% ,"Salt, NaCl",Mjukt bröd ,1.4,g
219,Bröd fullkorn råg m. potatis fibrer ca 5% ,"Natrium, Na",Mjukt bröd ,552.0,mg
219,Bröd fullkorn råg m. potatis fibrer ca 5% ,Monosackarider,Mjukt bröd ,9.2,g
219,Bröd fullkorn råg m. potatis fibrer ca 5% ,"Sockerarter, totalt",Mjukt bröd ,12.2,g
219,Bröd fullkorn råg m. potatis fibrer ca 5% ,Summa enkelomättade fettsyror,Mjukt bröd ,0.5,g
219,Bröd fullkorn råg m. potatis fibrer ca 5% ,"Magnesium, Mg",Mjukt bröd ,36.0,mg
219,Bröd fullkorn råg m. potatis fibrer ca 5% ,Summa mättade fettsyror,Mjukt bröd ,0.2,g
219,Bröd fullkorn råg m. potatis fibrer ca 5% ,"Kolhydrater, tillgängliga",Mjukt bröd ,52.4,g
219,Bröd fullkorn råg m. potatis fibrer ca 5% ,Kolesterol,Mjukt bröd ,0.0,mg
219,Bröd fullkorn råg m. potatis fibrer ca 5% ,"Kalium, K",Mjukt bröd ,250.0,mg
219,Bröd fullkorn råg m. potatis fibrer ca 5% ,"Jod, I",Mjukt bröd ,2.3,µg
219,Bröd fullkorn råg m. potatis fibrer ca 5% ,Fullkorn totalt,Mjukt bröd ,17.0,g
219,Bröd fullkorn råg m. potatis fibrer ca 5% ,"Folat, totalt",Mjukt bröd ,44.7,µg
219,Bröd fullkorn råg m. potatis fibrer ca 5% ,Fibrer,Mjukt bröd ,5.0,g
219,Bröd fullkorn råg m. potatis fibrer ca 5% ,"Fett, totalt",Mjukt bröd ,1.4,g
219,Bröd fullkorn råg m. potatis fibrer ca 5% ,"Järn, Fe",Mjukt bröd ,1.4,mg
219,Bröd fullkorn råg m. potatis fibrer ca 5% ,Energi (kJ),Mjukt bröd ,1081.0,kJ
219,Bröd fullkorn råg m. potatis fibrer ca 5% ,Energi (kcal),Mjukt bröd ,258.0,kcal
219,Bröd fullkorn råg m. potatis fibrer ca 5% ,Disackarider,Mjukt bröd ,2.9,g
219,Bröd fullkorn råg m. potatis fibrer ca 5% ,"Kalcium, Ca",Mjukt bröd ,45.0,mg
219,Bröd fullkorn råg m. potatis fibrer ca 5% ,Fettsyra 4:0-10:0,Mjukt bröd ,0.0,g
219,Bröd fullkorn råg m. potatis fibrer ca 5% ,DHA (C22:6),Mjukt bröd ,0.0,g
219,Bröd fullkorn råg m. potatis fibrer ca 5% ,DPA (C22:5),Mjukt bröd ,0.0,g
219,Bröd fullkorn råg m. potatis fibrer ca 5% ,EPA (C20:5),Mjukt bröd ,0.0,g
219,Bröd fullkorn råg m. potatis fibrer ca 5% ,Arakidonsyra C20:4,Mjukt bröd ,0.0,g
219,Bröd fullkorn råg m. potatis fibrer ca 5% ,Arakidinsyra C20:0,Mjukt bröd ,0.0,g
219,Bröd fullkorn råg m. potatis fibrer ca 5% ,Linolensyra C18:3,Mjukt bröd ,0.0,g
219,Bröd fullkorn råg m. potatis fibrer ca 5% ,Linolsyra C18:2,Mjukt bröd ,0.4,g
219,Bröd fullkorn råg m. potatis fibrer ca 5% ,Oljesyra C18:1,Mjukt bröd ,0.2,g
219,Bröd fullkorn råg m. potatis fibrer ca 5% ,Stearinsyra C18:0,Mjukt bröd ,0.1,g
219,Bröd fullkorn råg m. potatis fibrer ca 5% ,Palmitoljesyra C16:1,Mjukt bröd ,0.0,g
219,Bröd fullkorn råg m. potatis fibrer ca 5% ,Palmitinsyra C16:0,Mjukt bröd ,0.3,g
219,Bröd fullkorn råg m. potatis fibrer ca 5% ,Myristinsyra C14:0,Mjukt bröd ,0.0,g
219,Bröd fullkorn råg m. potatis fibrer ca 5% ,Laurinsyra C12:0,Mjukt bröd ,0.0,g
219,Bröd fullkorn råg m. potatis fibrer ca 5% ,Betakaroten/β-Karoten,Mjukt bröd ,0.0,µg
219,Bröd fullkorn råg m. potatis fibrer ca 5% ,Avfall (skal etc.),Mjukt bröd ,0.0,%
219,Bröd fullkorn råg m. potatis fibrer ca 5% ,Aska,Mjukt bröd ,2.1,g
219,Bröd fullkorn råg m. potatis fibrer ca 5% ,Alkohol,Mjukt bröd ,0.0,g
222,Bröd vitt vatten fibrer ca 3% typ ostfralla,"Zink, Zn",Mjukt bröd ,0.8,mg
222,Bröd vitt vatten fibrer ca 3% typ ostfralla,Vitamin E,Mjukt bröd ,0.3,mg
222,Bröd vitt vatten fibrer ca 3% typ ostfralla,Vitamin D inkl 25-OH-D3,Mjukt bröd ,0.0,µg
222,Bröd vitt vatten fibrer ca 3% typ ostfralla,Vitamin D,Mjukt bröd ,0.0,µg
222,Bröd vitt vatten fibrer ca 3% typ ostfralla,Vitamin C,Mjukt bröd ,0.0,mg
222,Bröd vitt vatten fibrer ca 3% typ ostfralla,Vitamin B6,Mjukt bröd ,0.2,mg
222,Bröd vitt vatten fibrer ca 3% typ ostfralla,Vitamin B12,Mjukt bröd ,0.0,µg
222,Bröd vitt vatten fibrer ca 3% typ ostfralla,Vitamin A,Mjukt bröd ,21.6,RE/µg
222,Bröd vitt vatten fibrer ca 3% typ ostfralla,Vatten,Mjukt bröd ,32.9,g
222,Bröd vitt vatten fibrer ca 3% typ ostfralla,Tiamin,Mjukt bröd ,0.21,mg
222,Bröd vitt vatten fibrer ca 3% typ ostfralla,Tillsatt socker,Mjukt bröd ,0.0,g
222,Bröd vitt vatten fibrer ca 3% typ ostfralla,Fritt socker,Mjukt bröd ,0.0,g
222,Bröd vitt vatten fibrer ca 3% typ ostfralla,"Selen, Se",Mjukt bröd ,1.5,µg
222,Bröd vitt vatten fibrer ca 3% typ ostfralla,Sackaros,Mjukt bröd ,0.0,g
222,Bröd vitt vatten fibrer ca 3% typ ostfralla,Riboflavin,Mjukt bröd ,0.11,mg
222,Bröd vitt vatten fibrer ca 3% typ ostfralla,Retinol,Mjukt bröd ,20.8,µg
222,Bröd vitt vatten fibrer ca 3% typ ostfralla,Protein,Mjukt bröd ,11.5,g
222,Bröd vitt vatten fibrer ca 3% typ ostfralla,Summa fleromättade fettsyror,Mjukt bröd ,0.6,g
222,Bröd vitt vatten fibrer ca 3% typ ostfralla,"Fosfor, P",Mjukt bröd ,162.0,mg
222,Bröd vitt vatten fibrer ca 3% typ ostfralla,Niacinekvivalenter,Mjukt bröd ,4.21,NE/mg
222,Bröd vitt vatten fibrer ca 3% typ ostfralla,Niacin,Mjukt bröd ,2.3,mg
222,Bröd vitt vatten fibrer ca 3% typ ostfralla,"Salt, NaCl",Mjukt bröd ,1.2,g
222,Bröd vitt vatten fibrer ca 3% typ ostfralla,"Natrium, Na",Mjukt bröd ,468.0,mg
222,Bröd vitt vatten fibrer ca 3% typ ostfralla,Monosackarider,Mjukt bröd ,1.3,g
222,Bröd vitt vatten fibrer ca 3% typ ostfralla,"Sockerarter, totalt",Mjukt bröd ,3.0,g
222,Bröd vitt vatten fibrer ca 3% typ ostfralla,Summa enkelomättade fettsyror,Mjukt bröd ,0.9,g
222,Bröd vitt vatten fibrer ca 3% typ ostfralla,"Magnesium, Mg",Mjukt bröd ,17.0,mg
222,Bröd vitt vatten fibrer ca 3% typ ostfralla,Summa mättade fettsyror,Mjukt bröd ,0.7,g
222,Bröd vitt vatten fibrer ca 3% typ ostfralla,"Kolhydrater, tillgängliga",Mjukt bröd ,47.2,g
222,Bröd vitt vatten fibrer ca 3% typ ostfralla,Kolesterol,Mjukt bröd ,8.4,mg
222,Bröd vitt vatten fibrer ca 3% typ ostfralla,"Kalium, K",Mjukt bröd ,123.0,mg
222,Bröd vitt vatten fibrer ca 3% typ ostfralla,"Jod, I",Mjukt bröd ,0.0,µg
222,Bröd vitt vatten fibrer ca 3% typ ostfralla,Fullkorn totalt,Mjukt bröd ,0.0,g
222,Bröd vitt vatten fibrer ca 3% typ ostfralla,"Folat, totalt",Mjukt bröd ,40.5,µg
222,Bröd vitt vatten fibrer ca 3% typ ostfralla,Fibrer,Mjukt bröd ,3.1,g
222,Bröd vitt vatten fibrer ca 3% typ ostfralla,"Fett, totalt",Mjukt bröd ,3.4,g
222,Bröd vitt vatten fibrer ca 3% typ ostfralla,"Järn, Fe",Mjukt bröd ,0.8,mg
222,Bröd vitt vatten fibrer ca 3% typ ostfralla,Energi (kJ),Mjukt bröd ,1149.0,kJ
222,Bröd vitt vatten fibrer ca 3% typ ostfralla,Energi (kcal),Mjukt bröd ,274.0,kcal
222,Bröd vitt vatten fibrer ca 3% typ ostfralla,Disackarider,Mjukt bröd ,1.7,g
222,Bröd vitt vatten fibrer ca 3% typ ostfralla,"Kalcium, Ca",Mjukt bröd ,109.0,mg
222,Bröd vitt vatten fibrer ca 3% typ ostfralla,Fettsyra 4:0-10:0,Mjukt bröd ,1.5,g
222,Bröd vitt vatten fibrer ca 3% typ ostfralla,DHA (C22:6),Mjukt bröd ,0.0,g
222,Bröd vitt vatten fibrer ca 3% typ ostfralla,DPA (C22:5),Mjukt bröd ,0.0,g
222,Bröd vitt vatten fibrer ca 3% typ ostfralla,EPA (C20:5),Mjukt bröd ,0.0,g
222,Bröd vitt vatten fibrer ca 3% typ ostfralla,Arakidonsyra C20:4,Mjukt bröd ,0.0,g
222,Bröd vitt vatten fibrer ca 3% typ ostfralla,Arakidinsyra C20:0,Mjukt bröd ,0.0,g
222,Bröd vitt vatten fibrer ca 3% typ ostfralla,Linolensyra C18:3,Mjukt bröd ,0.0,g
222,Bröd vitt vatten fibrer ca 3% typ ostfralla,Linolsyra C18:2,Mjukt bröd ,0.6,g
222,Bröd vitt vatten fibrer ca 3% typ ostfralla,Oljesyra C18:1,Mjukt bröd ,0.7,g
222,Bröd vitt vatten fibrer ca 3% typ ostfralla,Stearinsyra C18:0,Mjukt bröd ,0.2,g
222,Bröd vitt vatten fibrer ca 3% typ ostfralla,Palmitoljesyra C16:1,Mjukt bröd ,0.0,g
222,Bröd vitt vatten fibrer ca 3% typ ostfralla,Palmitinsyra C16:0,Mjukt bröd ,0.5,g
222,Bröd vitt vatten fibrer ca 3% typ ostfralla,Myristinsyra C14:0,Mjukt bröd ,0.0,g
222,Bröd vitt vatten fibrer ca 3% typ ostfralla,Laurinsyra C12:0,Mjukt bröd ,0.0,g
222,Bröd vitt vatten fibrer ca 3% typ ostfralla,Betakaroten/β-Karoten,Mjukt bröd ,10.0,µg
222,Bröd vitt vatten fibrer ca 3% typ ostfralla,Avfall (skal etc.),Mjukt bröd ,0.0,%
222,Bröd vitt vatten fibrer ca 3% typ ostfralla,Aska,Mjukt bröd ,1.9,g
222,Bröd vitt vatten fibrer ca 3% typ ostfralla,Alkohol,Mjukt bröd ,0.0,g
224,Riskaka fullkorn solrosfrön majs fett 4% ,"Zink, Zn",Riskakor,1.6,mg
224,Riskaka fullkorn solrosfrön majs fett 4% ,Vitamin E,Riskakor,0.4,mg
224,Riskaka fullkorn solrosfrön majs fett 4% ,Vitamin D,Riskakor,0.1,µg
224,Riskaka fullkorn solrosfrön majs fett 4% ,Vitamin C,Riskakor,0.0,mg
224,Riskaka fullkorn solrosfrön majs fett 4% ,Vitamin B6,Riskakor,0.38,mg
224,Riskaka fullkorn solrosfrön majs fett 4% ,Vitamin B12,Riskakor,0.09,µg
224,Riskaka fullkorn solrosfrön majs fett 4% ,Vitamin A,Riskakor,4.5,RE/µg
224,Riskaka fullkorn solrosfrön majs fett 4% ,Vatten,Riskakor,3.9,g
224,Riskaka fullkorn solrosfrön majs fett 4% ,Tiamin,Riskakor,0.01,mg
224,Riskaka fullkorn solrosfrön majs fett 4% ,Tillsatt socker,Riskakor,0.0,g
224,Riskaka fullkorn solrosfrön majs fett 4% ,Fritt socker,Riskakor,0.0,g
224,Riskaka fullkorn solrosfrön majs fett 4% ,"Selen, Se",Riskakor,6.1,µg
224,Riskaka fullkorn solrosfrön majs fett 4% ,Sackaros,Riskakor,0.5,g
224,Riskaka fullkorn solrosfrön majs fett 4% ,Riboflavin,Riskakor,0.05,mg
224,Riskaka fullkorn solrosfrön majs fett 4% ,Retinol,Riskakor,4.0,µg
224,Riskaka fullkorn solrosfrön majs fett 4% ,Protein,Riskakor,7.9,g
224,Riskaka fullkorn solrosfrön majs fett 4% ,Summa fleromättade fettsyror,Riskakor,2.0,g
224,Riskaka fullkorn solrosfrön majs fett 4% ,"Fosfor, P",Riskakor,305.0,mg
224,Riskaka fullkorn solrosfrön majs fett 4% ,Niacinekvivalenter,Riskakor,7.8,NE/mg
224,Riskaka fullkorn solrosfrön majs fett 4% ,Niacin,Riskakor,6.51,mg
224,Riskaka fullkorn solrosfrön majs fett 4% ,"Salt, NaCl",Riskakor,0.3,g
224,Riskaka fullkorn solrosfrön majs fett 4% ,"Natrium, Na",Riskakor,127.0,mg
224,Riskaka fullkorn solrosfrön majs fett 4% ,Monosackarider,Riskakor,0.1,g
224,Riskaka fullkorn solrosfrön majs fett 4% ,"Sockerarter, totalt",Riskakor,0.7,g
224,Riskaka fullkorn solrosfrön majs fett 4% ,Summa enkelomättade fettsyror,Riskakor,1.5,g
224,Riskaka fullkorn solrosfrön majs fett 4% ,"Magnesium, Mg",Riskakor,113.0,mg
224,Riskaka fullkorn solrosfrön majs fett 4% ,Summa mättade fettsyror,Riskakor,0.7,g
224,Riskaka fullkorn solrosfrön majs fett 4% ,"Kolhydrater, tillgängliga",Riskakor,77.4,g
224,Riskaka fullkorn solrosfrön majs fett 4% ,Kolesterol,Riskakor,0.0,mg
224,Riskaka fullkorn solrosfrön majs fett 4% ,"Kalium, K",Riskakor,268.0,mg
224,Riskaka fullkorn solrosfrön majs fett 4% ,"Jod, I",Riskakor,2.0,µg
224,Riskaka fullkorn solrosfrön majs fett 4% ,Fullkorn totalt,Riskakor,83.0,g
224,Riskaka fullkorn solrosfrön majs fett 4% ,"Folat, totalt",Riskakor,37.5,µg
224,Riskaka fullkorn solrosfrön majs fett 4% ,Fibrer,Riskakor,4.8,g
224,Riskaka fullkorn solrosfrön majs fett 4% ,"Fett, totalt",Riskakor,4.4,g
224,Riskaka fullkorn solrosfrön majs fett 4% ,"Järn, Fe",Riskakor,1.1,mg
224,Riskaka fullkorn solrosfrön majs fett 4% ,Energi (kJ),Riskakor,1650.0,kJ
224,Riskaka fullkorn solrosfrön majs fett 4% ,Energi (kcal),Riskakor,394.0,kcal
224,Riskaka fullkorn solrosfrön majs fett 4% ,Disackarider,Riskakor,0.6,g
224,Riskaka fullkorn solrosfrön majs fett 4% ,"Kalcium, Ca",Riskakor,36.0,mg
224,Riskaka fullkorn solrosfrön majs fett 4% ,Fettsyra 4:0-10:0,Riskakor,0.0,g
224,Riskaka fullkorn solrosfrön majs fett 4% ,DHA (C22:6),Riskakor,0.0,g
224,Riskaka fullkorn solrosfrön majs fett 4% ,DPA (C22:5),Riskakor,0.0,g
224,Riskaka fullkorn solrosfrön majs fett 4% ,EPA (C20:5),Riskakor,0.0,g
224,Riskaka fullkorn solrosfrön majs fett 4% ,Arakidonsyra C20:4,Riskakor,0.0,g
224,Riskaka fullkorn solrosfrön majs fett 4% ,Arakidinsyra C20:0,Riskakor,0.0,g
224,Riskaka fullkorn solrosfrön majs fett 4% ,Linolensyra C18:3,Riskakor,0.0,g
224,Riskaka fullkorn solrosfrön majs fett 4% ,Linolsyra C18:2,Riskakor,1.9,g
224,Riskaka fullkorn solrosfrön majs fett 4% ,Oljesyra C18:1,Riskakor,1.4,g
224,Riskaka fullkorn solrosfrön majs fett 4% ,Stearinsyra C18:0,Riskakor,0.1,g
224,Riskaka fullkorn solrosfrön majs fett 4% ,Palmitoljesyra C16:1,Riskakor,0.0,g
224,Riskaka fullkorn solrosfrön majs fett 4% ,Palmitinsyra C16:0,Riskakor,0.5,g
224,Riskaka fullkorn solrosfrön majs fett 4% ,Myristinsyra C14:0,Riskakor,0.0,g
224,Riskaka fullkorn solrosfrön majs fett 4% ,Laurinsyra C12:0,Riskakor,0.0,g
224,Riskaka fullkorn solrosfrön majs fett 4% ,Betakaroten/β-Karoten,Riskakor,5.0,µg
224,Riskaka fullkorn solrosfrön majs fett 4% ,Avfall (skal etc.),Riskakor,0.0,%
224,Riskaka fullkorn solrosfrön majs fett 4% ,Aska,Riskakor,1.7,g
224,Riskaka fullkorn solrosfrön majs fett 4% ,Alkohol,Riskakor,0.0,g
225,Riskaka fullkorn smaksatt fett 18% ,"Zink, Zn",Riskakor,1.4,mg
225,Riskaka fullkorn smaksatt fett 18% ,Vitamin E,Riskakor,10.2,mg
225,Riskaka fullkorn smaksatt fett 18% ,Vitamin D,Riskakor,0.1,µg
225,Riskaka fullkorn smaksatt fett 18% ,Vitamin C,Riskakor,1.1,mg
225,Riskaka fullkorn smaksatt fett 18% ,Vitamin B6,Riskakor,0.42,mg
225,Riskaka fullkorn smaksatt fett 18% ,Vitamin B12,Riskakor,0.19,µg
225,Riskaka fullkorn smaksatt fett 18% ,Vitamin A,Riskakor,13.5,RE/µg
225,Riskaka fullkorn smaksatt fett 18% ,Vatten,Riskakor,3.1,g
225,Riskaka fullkorn smaksatt fett 18% ,Tiamin,Riskakor,0.06,mg
225,Riskaka fullkorn smaksatt fett 18% ,Tillsatt socker,Riskakor,3.0,g
225,Riskaka fullkorn smaksatt fett 18% ,Fritt socker,Riskakor,3.0,g
225,Riskaka fullkorn smaksatt fett 18% ,"Selen, Se",Riskakor,4.4,µg
225,Riskaka fullkorn smaksatt fett 18% ,Sackaros,Riskakor,0.7,g
225,Riskaka fullkorn smaksatt fett 18% ,Riboflavin,Riskakor,0.15,mg
225,Riskaka fullkorn smaksatt fett 18% ,Retinol,Riskakor,0.0,µg
225,Riskaka fullkorn smaksatt fett 18% ,Protein,Riskakor,7.0,g
225,Riskaka fullkorn smaksatt fett 18% ,Summa fleromättade fettsyror,Riskakor,2.4,g
225,Riskaka fullkorn smaksatt fett 18% ,"Fosfor, P",Riskakor,314.0,mg
225,Riskaka fullkorn smaksatt fett 18% ,Niacinekvivalenter,Riskakor,7.2,NE/mg
225,Riskaka fullkorn smaksatt fett 18% ,Niacin,Riskakor,6.03,mg
225,Riskaka fullkorn smaksatt fett 18% ,"Salt, NaCl",Riskakor,1.6,g
225,Riskaka fullkorn smaksatt fett 18% ,"Natrium, Na",Riskakor,647.0,mg
225,Riskaka fullkorn smaksatt fett 18% ,Monosackarider,Riskakor,0.7,g
225,Riskaka fullkorn smaksatt fett 18% ,"Sockerarter, totalt",Riskakor,3.4,g
225,Riskaka fullkorn smaksatt fett 18% ,Summa enkelomättade fettsyror,Riskakor,12.8,g
225,Riskaka fullkorn smaksatt fett 18% ,"Magnesium, Mg",Riskakor,96.0,mg
225,Riskaka fullkorn smaksatt fett 18% ,Summa mättade fettsyror,Riskakor,2.1,g
225,Riskaka fullkorn smaksatt fett 18% ,"Kolhydrater, tillgängliga",Riskakor,65.8,g
225,Riskaka fullkorn smaksatt fett 18% ,Kolesterol,Riskakor,5.1,mg
225,Riskaka fullkorn smaksatt fett 18% ,"Kalium, K",Riskakor,341.0,mg
225,Riskaka fullkorn smaksatt fett 18% ,"Jod, I",Riskakor,7.0,µg
225,Riskaka fullkorn smaksatt fett 18% ,Fullkorn totalt,Riskakor,76.0,g
225,Riskaka fullkorn smaksatt fett 18% ,"Folat, totalt",Riskakor,40.4,µg
225,Riskaka fullkorn smaksatt fett 18% ,Fibrer,Riskakor,2.9,g
225,Riskaka fullkorn smaksatt fett 18% ,"Fett, totalt",Riskakor,18.1,g
225,Riskaka fullkorn smaksatt fett 18% ,"Järn, Fe",Riskakor,0.7,mg
225,Riskaka fullkorn smaksatt fett 18% ,Energi (kJ),Riskakor,1929.0,kJ
225,Riskaka fullkorn smaksatt fett 18% ,Energi (kcal),Riskakor,461.0,kcal
225,Riskaka fullkorn smaksatt fett 18% ,Disackarider,Riskakor,2.6,g
225,Riskaka fullkorn smaksatt fett 18% ,"Kalcium, Ca",Riskakor,65.0,mg
225,Riskaka fullkorn smaksatt fett 18% ,Fettsyra 4:0-10:0,Riskakor,0.0,g
225,Riskaka fullkorn smaksatt fett 18% ,DHA (C22:6),Riskakor,0.0,g
225,Riskaka fullkorn smaksatt fett 18% ,DPA (C22:5),Riskakor,0.0,g
225,Riskaka fullkorn smaksatt fett 18% ,EPA (C20:5),Riskakor,0.0,g
225,Riskaka fullkorn smaksatt fett 18% ,Arakidonsyra C20:4,Riskakor,0.0,g
225,Riskaka fullkorn smaksatt fett 18% ,Arakidinsyra C20:0,Riskakor,0.1,g
225,Riskaka fullkorn smaksatt fett 18% ,Linolensyra C18:3,Riskakor,0.1,g
225,Riskaka fullkorn smaksatt fett 18% ,Linolsyra C18:2,Riskakor,2.4,g
225,Riskaka fullkorn smaksatt fett 18% ,Oljesyra C18:1,Riskakor,12.7,g
225,Riskaka fullkorn smaksatt fett 18% ,Stearinsyra C18:0,Riskakor,0.6,g
225,Riskaka fullkorn smaksatt fett 18% ,Palmitoljesyra C16:1,Riskakor,0.0,g
225,Riskaka fullkorn smaksatt fett 18% ,Palmitinsyra C16:0,Riskakor,1.1,g
225,Riskaka fullkorn smaksatt fett 18% ,Myristinsyra C14:0,Riskakor,0.1,g
225,Riskaka fullkorn smaksatt fett 18% ,Laurinsyra C12:0,Riskakor,0.0,g
225,Riskaka fullkorn smaksatt fett 18% ,Betakaroten/β-Karoten,Riskakor,160.0,µg
225,Riskaka fullkorn smaksatt fett 18% ,Avfall (skal etc.),Riskakor,0.0,%
225,Riskaka fullkorn smaksatt fett 18% ,Aska,Riskakor,3.1,g
225,Riskaka fullkorn smaksatt fett 18% ,Alkohol,Riskakor,0.0,g
226,Bröd vitt glutenfritt,"Zink, Zn",Mjukt bröd ,0.3,mg
226,Bröd vitt glutenfritt,Vitamin E,Mjukt bröd ,0.6,mg
226,Bröd vitt glutenfritt,Vitamin D inkl 25-OH-D3,Mjukt bröd ,0.0,µg
226,Bröd vitt glutenfritt,Vitamin D,Mjukt bröd ,0.0,µg
226,Bröd vitt glutenfritt,Vitamin C,Mjukt bröd ,0.0,mg
226,Bröd vitt glutenfritt,Vitamin B6,Mjukt bröd ,0.04,mg
226,Bröd vitt glutenfritt,Vitamin B12,Mjukt bröd ,0.0,µg
226,Bröd vitt glutenfritt,Vitamin A,Mjukt bröd ,0.4,RE/µg
226,Bröd vitt glutenfritt,Vatten,Mjukt bröd ,42.6,g
226,Bröd vitt glutenfritt,Tiamin,Mjukt bröd ,0.1,mg
226,Bröd vitt glutenfritt,Tillsatt socker,Mjukt bröd ,4.0,g
226,Bröd vitt glutenfritt,Fritt socker,Mjukt bröd ,4.0,g
226,Bröd vitt glutenfritt,"Selen, Se",Mjukt bröd ,0.0,µg
226,Bröd vitt glutenfritt,Sackaros,Mjukt bröd ,0.0,g
226,Bröd vitt glutenfritt,Riboflavin,Mjukt bröd ,0.06,mg
226,Bröd vitt glutenfritt,Retinol,Mjukt bröd ,0.0,µg
226,Bröd vitt glutenfritt,Protein,Mjukt bröd ,1.8,g
226,Bröd vitt glutenfritt,Summa fleromättade fettsyror,Mjukt bröd ,1.2,g
226,Bröd vitt glutenfritt,"Fosfor, P",Mjukt bröd ,59.0,mg
226,Bröd vitt glutenfritt,Niacinekvivalenter,Mjukt bröd ,1.0,NE/mg
226,Bröd vitt glutenfritt,Niacin,Mjukt bröd ,0.66,mg
226,Bröd vitt glutenfritt,"Salt, NaCl",Mjukt bröd ,1.0,g
226,Bröd vitt glutenfritt,"Natrium, Na",Mjukt bröd ,396.0,mg
226,Bröd vitt glutenfritt,Monosackarider,Mjukt bröd ,3.6,g
226,Bröd vitt glutenfritt,"Sockerarter, totalt",Mjukt bröd ,3.7,g
226,Bröd vitt glutenfritt,Summa enkelomättade fettsyror,Mjukt bröd ,1.4,g
226,Bröd vitt glutenfritt,"Magnesium, Mg",Mjukt bröd ,8.0,mg
226,Bröd vitt glutenfritt,Summa mättade fettsyror,Mjukt bröd ,1.0,g
226,Bröd vitt glutenfritt,"Kolhydrater, tillgängliga",Mjukt bröd ,47.3,g
226,Bröd vitt glutenfritt,Kolesterol,Mjukt bröd ,0.0,mg
226,Bröd vitt glutenfritt,"Kalium, K",Mjukt bröd ,88.0,mg
226,Bröd vitt glutenfritt,"Jod, I",Mjukt bröd ,2.0,µg
226,Bröd vitt glutenfritt,Fullkorn totalt,Mjukt bröd ,0.0,g
226,Bröd vitt glutenfritt,"Folat, totalt",Mjukt bröd ,27.7,µg
226,Bröd vitt glutenfritt,Fibrer,Mjukt bröd ,3.2,g
226,Bröd vitt glutenfritt,"Fett, totalt",Mjukt bröd ,3.6,g
226,Bröd vitt glutenfritt,"Järn, Fe",Mjukt bröd ,1.4,mg
226,Bröd vitt glutenfritt,Energi (kJ),Mjukt bröd ,994.0,kJ
226,Bröd vitt glutenfritt,Energi (kcal),Mjukt bröd ,238.0,kcal
226,Bröd vitt glutenfritt,Disackarider,Mjukt bröd ,0.1,g
226,Bröd vitt glutenfritt,"Kalcium, Ca",Mjukt bröd ,45.0,mg
226,Bröd vitt glutenfritt,Fettsyra 4:0-10:0,Mjukt bröd ,0.0,g
226,Bröd vitt glutenfritt,DHA (C22:6),Mjukt bröd ,0.0,g
226,Bröd vitt glutenfritt,DPA (C22:5),Mjukt bröd ,0.0,g
226,Bröd vitt glutenfritt,EPA (C20:5),Mjukt bröd ,0.0,g
226,Bröd vitt glutenfritt,Arakidonsyra C20:4,Mjukt bröd ,0.0,g
226,Bröd vitt glutenfritt,Arakidinsyra C20:0,Mjukt bröd ,0.0,g
226,Bröd vitt glutenfritt,Linolensyra C18:3,Mjukt bröd ,0.5,g
226,Bröd vitt glutenfritt,Linolsyra C18:2,Mjukt bröd ,0.7,g
226,Bröd vitt glutenfritt,Oljesyra C18:1,Mjukt bröd ,1.4,g
226,Bröd vitt glutenfritt,Stearinsyra C18:0,Mjukt bröd ,0.3,g
226,Bröd vitt glutenfritt,Palmitoljesyra C16:1,Mjukt bröd ,0.0,g
226,Bröd vitt glutenfritt,Palmitinsyra C16:0,Mjukt bröd ,0.7,g
226,Bröd vitt glutenfritt,Myristinsyra C14:0,Mjukt bröd ,0.0,g
226,Bröd vitt glutenfritt,Laurinsyra C12:0,Mjukt bröd ,0.0,g
226,Bröd vitt glutenfritt,Betakaroten/β-Karoten,Mjukt bröd ,5.0,µg
226,Bröd vitt glutenfritt,Avfall (skal etc.),Mjukt bröd ,0.0,%
226,Bröd vitt glutenfritt,Aska,Mjukt bröd ,1.5,g
226,Bröd vitt glutenfritt,Alkohol,Mjukt bröd ,0.0,g
227,Bröd mörkt glutenfritt,"Zink, Zn",Mjukt bröd ,0.7,mg
227,Bröd mörkt glutenfritt,Vitamin E,Mjukt bröd ,1.3,mg
227,Bröd mörkt glutenfritt,Vitamin D inkl 25-OH-D3,Mjukt bröd ,0.0,µg
227,Bröd mörkt glutenfritt,Vitamin D,Mjukt bröd ,0.0,µg
227,Bröd mörkt glutenfritt,Vitamin C,Mjukt bröd ,0.0,mg
227,Bröd mörkt glutenfritt,Vitamin B6,Mjukt bröd ,0.15,mg
227,Bröd mörkt glutenfritt,Vitamin B12,Mjukt bröd ,0.0,µg
227,Bröd mörkt glutenfritt,Vitamin A,Mjukt bröd ,0.7,RE/µg
227,Bröd mörkt glutenfritt,Vatten,Mjukt bröd ,37.1,g
227,Bröd mörkt glutenfritt,Tiamin,Mjukt bröd ,0.13,mg
227,Bröd mörkt glutenfritt,Tillsatt socker,Mjukt bröd ,4.0,g
227,Bröd mörkt glutenfritt,Fritt socker,Mjukt bröd ,4.0,g
227,Bröd mörkt glutenfritt,"Selen, Se",Mjukt bröd ,0.0,µg
227,Bröd mörkt glutenfritt,Sackaros,Mjukt bröd ,0.1,g
227,Bröd mörkt glutenfritt,Riboflavin,Mjukt bröd ,0.08,mg
227,Bröd mörkt glutenfritt,Retinol,Mjukt bröd ,0.0,µg
227,Bröd mörkt glutenfritt,Protein,Mjukt bröd ,2.6,g
227,Bröd mörkt glutenfritt,Summa fleromättade fettsyror,Mjukt bröd ,3.5,g
227,Bröd mörkt glutenfritt,"Fosfor, P",Mjukt bröd ,76.0,mg
227,Bröd mörkt glutenfritt,Niacinekvivalenter,Mjukt bröd ,2.0,NE/mg
227,Bröd mörkt glutenfritt,Niacin,Mjukt bröd ,1.54,mg
227,Bröd mörkt glutenfritt,"Salt, NaCl",Mjukt bröd ,1.0,g
227,Bröd mörkt glutenfritt,"Natrium, Na",Mjukt bröd ,421.0,mg
227,Bröd mörkt glutenfritt,Monosackarider,Mjukt bröd ,3.6,g
227,Bröd mörkt glutenfritt,"Sockerarter, totalt",Mjukt bröd ,3.9,g
227,Bröd mörkt glutenfritt,Summa enkelomättade fettsyror,Mjukt bröd ,1.4,g
227,Bröd mörkt glutenfritt,"Magnesium, Mg",Mjukt bröd ,30.0,mg
227,Bröd mörkt glutenfritt,Summa mättade fettsyror,Mjukt bröd ,0.9,g
227,Bröd mörkt glutenfritt,"Kolhydrater, tillgängliga",Mjukt bröd ,46.2,g
227,Bröd mörkt glutenfritt,Kolesterol,Mjukt bröd ,0.0,mg
227,Bröd mörkt glutenfritt,"Kalium, K",Mjukt bröd ,131.0,mg
227,Bröd mörkt glutenfritt,"Jod, I",Mjukt bröd ,2.3,µg
227,Bröd mörkt glutenfritt,Fullkorn totalt,Mjukt bröd ,0.0,g
227,Bröd mörkt glutenfritt,"Folat, totalt",Mjukt bröd ,41.9,µg
227,Bröd mörkt glutenfritt,Fibrer,Mjukt bröd ,5.5,g
227,Bröd mörkt glutenfritt,"Fett, totalt",Mjukt bröd ,6.8,g
227,Bröd mörkt glutenfritt,"Järn, Fe",Mjukt bröd ,2.9,mg
227,Bröd mörkt glutenfritt,Energi (kJ),Mjukt bröd ,1127.0,kJ
227,Bröd mörkt glutenfritt,Energi (kcal),Mjukt bröd ,269.0,kcal
227,Bröd mörkt glutenfritt,Disackarider,Mjukt bröd ,0.3,g
227,Bröd mörkt glutenfritt,"Kalcium, Ca",Mjukt bröd ,38.0,mg
227,Bröd mörkt glutenfritt,Fettsyra 4:0-10:0,Mjukt bröd ,0.0,g
227,Bröd mörkt glutenfritt,DHA (C22:6),Mjukt bröd ,0.0,g
227,Bröd mörkt glutenfritt,DPA (C22:5),Mjukt bröd ,0.0,g
227,Bröd mörkt glutenfritt,EPA (C20:5),Mjukt bröd ,0.0,g
227,Bröd mörkt glutenfritt,Arakidonsyra C20:4,Mjukt bröd ,0.0,g
227,Bröd mörkt glutenfritt,Arakidinsyra C20:0,Mjukt bröd ,0.0,g
227,Bröd mörkt glutenfritt,Linolensyra C18:3,Mjukt bröd ,0.4,g
227,Bröd mörkt glutenfritt,Linolsyra C18:2,Mjukt bröd ,3.1,g
227,Bröd mörkt glutenfritt,Oljesyra C18:1,Mjukt bröd ,1.3,g
227,Bröd mörkt glutenfritt,Stearinsyra C18:0,Mjukt bröd ,0.2,g
227,Bröd mörkt glutenfritt,Palmitoljesyra C16:1,Mjukt bröd ,0.0,g
227,Bröd mörkt glutenfritt,Palmitinsyra C16:0,Mjukt bröd ,0.6,g
227,Bröd mörkt glutenfritt,Myristinsyra C14:0,Mjukt bröd ,0.0,g
227,Bröd mörkt glutenfritt,Laurinsyra C12:0,Mjukt bröd ,0.0,g
227,Bröd mörkt glutenfritt,Betakaroten/β-Karoten,Mjukt bröd ,8.0,µg
227,Bröd mörkt glutenfritt,Avfall (skal etc.),Mjukt bröd ,0.0,%
227,Bröd mörkt glutenfritt,Aska,Mjukt bröd ,1.7,g
227,Bröd mörkt glutenfritt,Alkohol,Mjukt bröd ,0.0,g
229,Bröd vitt typ croissant fransk giffel,"Zink, Zn",Mjukt bröd ,0.4,mg
229,Bröd vitt typ croissant fransk giffel,Vitamin E,Mjukt bröd ,2.7,mg
229,Bröd vitt typ croissant fransk giffel,Vitamin D,Mjukt bröd ,1.97,µg
229,Bröd vitt typ croissant fransk giffel,Vitamin C,Mjukt bröd ,1.1,mg
229,Bröd vitt typ croissant fransk giffel,Vitamin B6,Mjukt bröd ,0.04,mg
229,Bröd vitt typ croissant fransk giffel,Vitamin B12,Mjukt bröd ,0.15,µg
229,Bröd vitt typ croissant fransk giffel,Vitamin A,Mjukt bröd ,198.8,RE/µg
229,Bröd vitt typ croissant fransk giffel,Vatten,Mjukt bröd ,33.6,g
229,Bröd vitt typ croissant fransk giffel,Tiamin,Mjukt bröd ,0.06,mg
229,Bröd vitt typ croissant fransk giffel,Tillsatt socker,Mjukt bröd ,4.0,g
229,Bröd vitt typ croissant fransk giffel,Fritt socker,Mjukt bröd ,4.0,g
229,Bröd vitt typ croissant fransk giffel,"Selen, Se",Mjukt bröd ,5.5,µg
229,Bröd vitt typ croissant fransk giffel,Sackaros,Mjukt bröd ,4.4,g
229,Bröd vitt typ croissant fransk giffel,Riboflavin,Mjukt bröd ,0.07,mg
229,Bröd vitt typ croissant fransk giffel,Retinol,Mjukt bröd ,188.9,µg
229,Bröd vitt typ croissant fransk giffel,Protein,Mjukt bröd ,5.1,g
229,Bröd vitt typ croissant fransk giffel,Summa fleromättade fettsyror,Mjukt bröd ,3.7,g
229,Bröd vitt typ croissant fransk giffel,"Fosfor, P",Mjukt bröd ,93.0,mg
229,Bröd vitt typ croissant fransk giffel,Niacinekvivalenter,Mjukt bröd ,1.44,NE/mg
229,Bröd vitt typ croissant fransk giffel,Niacin,Mjukt bröd ,0.47,mg
229,Bröd vitt typ croissant fransk giffel,"Salt, NaCl",Mjukt bröd ,1.2,g
229,Bröd vitt typ croissant fransk giffel,"Natrium, Na",Mjukt bröd ,492.0,mg
229,Bröd vitt typ croissant fransk giffel,Monosackarider,Mjukt bröd ,0.1,g
229,Bröd vitt typ croissant fransk giffel,"Sockerarter, totalt",Mjukt bröd ,6.2,g
229,Bröd vitt typ croissant fransk giffel,Summa enkelomättade fettsyror,Mjukt bröd ,7.5,g
229,Bröd vitt typ croissant fransk giffel,"Magnesium, Mg",Mjukt bröd ,13.0,mg
229,Bröd vitt typ croissant fransk giffel,Summa mättade fettsyror,Mjukt bröd ,9.7,g
229,Bröd vitt typ croissant fransk giffel,"Kolhydrater, tillgängliga",Mjukt bröd ,36.4,g
229,Bröd vitt typ croissant fransk giffel,Kolesterol,Mjukt bröd ,28.5,mg
229,Bröd vitt typ croissant fransk giffel,"Kalium, K",Mjukt bröd ,120.0,mg
229,Bröd vitt typ croissant fransk giffel,"Jod, I",Mjukt bröd ,50.8,µg
229,Bröd vitt typ croissant fransk giffel,Fullkorn totalt,Mjukt bröd ,0.0,g
229,Bröd vitt typ croissant fransk giffel,"Folat, totalt",Mjukt bröd ,13.3,µg
229,Bröd vitt typ croissant fransk giffel,Fibrer,Mjukt bröd ,1.5,g
229,Bröd vitt typ croissant fransk giffel,"Fett, totalt",Mjukt bröd ,21.6,g
229,Bröd vitt typ croissant fransk giffel,"Järn, Fe",Mjukt bröd ,0.4,mg
229,Bröd vitt typ croissant fransk giffel,Energi (kJ),Mjukt bröd ,1518.0,kJ
229,Bröd vitt typ croissant fransk giffel,Energi (kcal),Mjukt bröd ,363.0,kcal
229,Bröd vitt typ croissant fransk giffel,Disackarider,Mjukt bröd ,6.1,g
229,Bröd vitt typ croissant fransk giffel,"Kalcium, Ca",Mjukt bröd ,43.0,mg
229,Bröd vitt typ croissant fransk giffel,Fettsyra 4:0-10:0,Mjukt bröd ,0.6,g
229,Bröd vitt typ croissant fransk giffel,DHA (C22:6),Mjukt bröd ,0.0,g
229,Bröd vitt typ croissant fransk giffel,DPA (C22:5),Mjukt bröd ,0.0,g
229,Bröd vitt typ croissant fransk giffel,EPA (C20:5),Mjukt bröd ,0.0,g
229,Bröd vitt typ croissant fransk giffel,Arakidonsyra C20:4,Mjukt bröd ,0.0,g
229,Bröd vitt typ croissant fransk giffel,Arakidinsyra C20:0,Mjukt bröd ,0.0,g
229,Bröd vitt typ croissant fransk giffel,Linolensyra C18:3,Mjukt bröd ,0.8,g
229,Bröd vitt typ croissant fransk giffel,Linolsyra C18:2,Mjukt bröd ,2.4,g
229,Bröd vitt typ croissant fransk giffel,Oljesyra C18:1,Mjukt bröd ,7.8,g
229,Bröd vitt typ croissant fransk giffel,Stearinsyra C18:0,Mjukt bröd ,1.1,g
229,Bröd vitt typ croissant fransk giffel,Palmitoljesyra C16:1,Mjukt bröd ,0.1,g
229,Bröd vitt typ croissant fransk giffel,Palmitinsyra C16:0,Mjukt bröd ,6.1,g
229,Bröd vitt typ croissant fransk giffel,Myristinsyra C14:0,Mjukt bröd ,0.8,g
229,Bröd vitt typ croissant fransk giffel,Laurinsyra C12:0,Mjukt bröd ,0.6,g
229,Bröd vitt typ croissant fransk giffel,Betakaroten/β-Karoten,Mjukt bröd ,118.0,µg
229,Bröd vitt typ croissant fransk giffel,Avfall (skal etc.),Mjukt bröd ,0.0,%
229,Bröd vitt typ croissant fransk giffel,Aska,Mjukt bröd ,1.6,g
229,Bröd vitt typ croissant fransk giffel,Alkohol,Mjukt bröd ,0.0,g
230,Potatis höst rå,"Zink, Zn",Potatis,0.2,mg
230,Potatis höst rå,Vitamin E,Potatis,0.1,mg
230,Potatis höst rå,Vitamin D inkl 25-OH-D3,Potatis,0.0,µg
230,Potatis höst rå,Vitamin D,Potatis,0.0,µg
230,Potatis höst rå,Vitamin C,Potatis,23.8,mg
230,Potatis höst rå,Vitamin B6,Potatis,0.22,mg
230,Potatis höst rå,Vitamin B12,Potatis,0.0,µg
230,Potatis höst rå,Vitamin A,Potatis,0.4,RE/µg
230,Potatis höst rå,Vatten,Potatis,78.2,g
230,Potatis höst rå,Tiamin,Potatis,0.07,mg
230,Potatis höst rå,Tillsatt socker,Potatis,0.0,g
230,Potatis höst rå,Fritt socker,Potatis,0.0,g
230,Potatis höst rå,"Selen, Se",Potatis,0.0,µg
230,Potatis höst rå,Sackaros,Potatis,0.3,g
230,Potatis höst rå,Riboflavin,Potatis,0.02,mg
230,Potatis höst rå,Retinol,Potatis,0.0,µg
230,Potatis höst rå,Protein,Potatis,1.8,g
230,Potatis höst rå,Summa fleromättade fettsyror,Potatis,0.0,g
230,Potatis höst rå,"Fosfor, P",Potatis,44.0,mg
230,Potatis höst rå,Niacinekvivalenter,Potatis,2.4,NE/mg
230,Potatis höst rå,Niacin,Potatis,2.1,mg
230,Potatis höst rå,"Salt, NaCl",Potatis,0.0,g
230,Potatis höst rå,"Natrium, Na",Potatis,3.0,mg
230,Potatis höst rå,Monosackarider,Potatis,0.3,g
230,Potatis höst rå,"Sockerarter, totalt",Potatis,0.6,g
230,Potatis höst rå,Summa enkelomättade fettsyror,Potatis,0.0,g
230,Potatis höst rå,"Magnesium, Mg",Potatis,22.0,mg
230,Potatis höst rå,Summa mättade fettsyror,Potatis,0.0,g
230,Potatis höst rå,"Kolhydrater, tillgängliga",Potatis,16.8,g
230,Potatis höst rå,Kolesterol,Potatis,0.0,mg
230,Potatis höst rå,"Kalium, K",Potatis,384.0,mg
230,Potatis höst rå,"Jod, I",Potatis,0.1,µg
230,Potatis höst rå,Fullkorn totalt,Potatis,0.0,g
230,Potatis höst rå,"Folat, totalt",Potatis,17.8,µg
230,Potatis höst rå,Fibrer,Potatis,2.2,g
230,Potatis höst rå,"Fett, totalt",Potatis,0.1,g
230,Potatis höst rå,"Järn, Fe",Potatis,0.4,mg
230,Potatis höst rå,Energi (kJ),Potatis,338.0,kJ
230,Potatis höst rå,Energi (kcal),Potatis,81.0,kcal
230,Potatis höst rå,Disackarider,Potatis,0.3,g
230,Potatis höst rå,"Kalcium, Ca",Potatis,4.0,mg
230,Potatis höst rå,Fettsyra 4:0-10:0,Potatis,0.0,g
230,Potatis höst rå,DHA (C22:6),Potatis,0.0,g
230,Potatis höst rå,DPA (C22:5),Potatis,0.0,g
230,Potatis höst rå,EPA (C20:5),Potatis,0.0,g
230,Potatis höst rå,Arakidonsyra C20:4,Potatis,0.0,g
230,Potatis höst rå,Arakidinsyra C20:0,Potatis,0.0,g
230,Potatis höst rå,Linolensyra C18:3,Potatis,0.0,g
230,Potatis höst rå,Linolsyra C18:2,Potatis,0.0,g
230,Potatis höst rå,Oljesyra C18:1,Potatis,0.0,g
230,Potatis höst rå,Stearinsyra C18:0,Potatis,0.0,g
230,Potatis höst rå,Palmitoljesyra C16:1,Potatis,0.0,g
230,Potatis höst rå,Palmitinsyra C16:0,Potatis,0.0,g
230,Potatis höst rå,Myristinsyra C14:0,Potatis,0.0,g
230,Potatis höst rå,Laurinsyra C12:0,Potatis,0.0,g
230,Potatis höst rå,Betakaroten/β-Karoten,Potatis,5.0,µg
230,Potatis höst rå,Avfall (skal etc.),Potatis,20.0,%
230,Potatis höst rå,Aska,Potatis,0.9,g
230,Potatis höst rå,Alkohol,Potatis,0.0,g
231,Potatis höst kokt m. salt,"Zink, Zn",Potatis,0.2,mg
231,Potatis höst kokt m. salt,Vitamin E,Potatis,0.1,mg
231,Potatis höst kokt m. salt,Vitamin D inkl 25-OH-D3,Potatis,0.0,µg
231,Potatis höst kokt m. salt,Vitamin D,Potatis,0.0,µg
231,Potatis höst kokt m. salt,Vitamin C,Potatis,17.2,mg
231,Potatis höst kokt m. salt,Vitamin B6,Potatis,0.2,mg
231,Potatis höst kokt m. salt,Vitamin B12,Potatis,0.0,µg
231,Potatis höst kokt m. salt,Vitamin A,Potatis,0.4,RE/µg
231,Potatis höst kokt m. salt,Vatten,Potatis,77.2,g
231,Potatis höst kokt m. salt,Tiamin,Potatis,0.05,mg
231,Potatis höst kokt m. salt,Tillsatt socker,Potatis,0.0,g
231,Potatis höst kokt m. salt,Fritt socker,Potatis,0.0,g
231,Potatis höst kokt m. salt,"Selen, Se",Potatis,0.0,µg
231,Potatis höst kokt m. salt,Sackaros,Potatis,0.2,g
231,Potatis höst kokt m. salt,Riboflavin,Potatis,0.02,mg
231,Potatis höst kokt m. salt,Retinol,Potatis,0.0,µg
231,Potatis höst kokt m. salt,Protein,Potatis,1.9,g
231,Potatis höst kokt m. salt,Summa fleromättade fettsyror,Potatis,0.0,g
231,Potatis höst kokt m. salt,"Fosfor, P",Potatis,43.0,mg
231,Potatis höst kokt m. salt,Niacinekvivalenter,Potatis,2.16,NE/mg
231,Potatis höst kokt m. salt,Niacin,Potatis,1.86,mg
231,Potatis höst kokt m. salt,"Salt, NaCl",Potatis,0.2,g
231,Potatis höst kokt m. salt,"Natrium, Na",Potatis,85.0,mg
231,Potatis höst kokt m. salt,Monosackarider,Potatis,0.3,g
231,Potatis höst kokt m. salt,"Sockerarter, totalt",Potatis,0.5,g
231,Potatis höst kokt m. salt,Summa enkelomättade fettsyror,Potatis,0.0,g
231,Potatis höst kokt m. salt,"Magnesium, Mg",Potatis,19.0,mg
231,Potatis höst kokt m. salt,Summa mättade fettsyror,Potatis,0.0,g
231,Potatis höst kokt m. salt,"Kolhydrater, tillgängliga",Potatis,17.8,g
231,Potatis höst kokt m. salt,Kolesterol,Potatis,0.0,mg
231,Potatis höst kokt m. salt,"Kalium, K",Potatis,323.0,mg
231,Potatis höst kokt m. salt,"Jod, I",Potatis,8.0,µg
231,Potatis höst kokt m. salt,Fullkorn totalt,Potatis,0.0,g
231,Potatis höst kokt m. salt,"Folat, totalt",Potatis,18.6,µg
231,Potatis höst kokt m. salt,Fibrer,Potatis,2.1,g
231,Potatis höst kokt m. salt,"Fett, totalt",Potatis,0.1,g
231,Potatis höst kokt m. salt,"Järn, Fe",Potatis,0.4,mg
231,Potatis höst kokt m. salt,Energi (kJ),Potatis,355.0,kJ
231,Potatis höst kokt m. salt,Energi (kcal),Potatis,85.0,kcal
231,Potatis höst kokt m. salt,Disackarider,Potatis,0.2,g
231,Potatis höst kokt m. salt,"Kalcium, Ca",Potatis,4.0,mg
231,Potatis höst kokt m. salt,Fettsyra 4:0-10:0,Potatis,0.0,g
231,Potatis höst kokt m. salt,DHA (C22:6),Potatis,0.0,g
231,Potatis höst kokt m. salt,DPA (C22:5),Potatis,0.0,g
231,Potatis höst kokt m. salt,EPA (C20:5),Potatis,0.0,g
231,Potatis höst kokt m. salt,Arakidonsyra C20:4,Potatis,0.0,g
231,Potatis höst kokt m. salt,Arakidinsyra C20:0,Potatis,0.0,g
231,Potatis höst kokt m. salt,Linolensyra C18:3,Potatis,0.0,g
231,Potatis höst kokt m. salt,Linolsyra C18:2,Potatis,0.0,g
231,Potatis höst kokt m. salt,Oljesyra C18:1,Potatis,0.0,g
231,Potatis höst kokt m. salt,Stearinsyra C18:0,Potatis,0.0,g
231,Potatis höst kokt m. salt,Palmitoljesyra C16:1,Potatis,0.0,g
231,Potatis höst kokt m. salt,Palmitinsyra C16:0,Potatis,0.0,g
231,Potatis höst kokt m. salt,Myristinsyra C14:0,Potatis,0.0,g
231,Potatis höst kokt m. salt,Laurinsyra C12:0,Potatis,0.0,g
231,Potatis höst kokt m. salt,Betakaroten/β-Karoten,Potatis,5.0,µg
231,Potatis höst kokt m. salt,Avfall (skal etc.),Potatis,0.0,%
231,Potatis höst kokt m. salt,Aska,Potatis,0.9,g
231,Potatis höst kokt m. salt,Alkohol,Potatis,0.0,g
233,Potatis m. skal bakad u. salt,"Zink, Zn",Potatis,0.3,mg
233,Potatis m. skal bakad u. salt,Vitamin E,Potatis,0.0,mg
233,Potatis m. skal bakad u. salt,Vitamin D inkl 25-OH-D3,Potatis,0.0,µg
233,Potatis m. skal bakad u. salt,Vitamin D,Potatis,0.0,µg
233,Potatis m. skal bakad u. salt,Vitamin C,Potatis,9.0,mg
233,Potatis m. skal bakad u. salt,Vitamin B6,Potatis,0.3,mg
233,Potatis m. skal bakad u. salt,Vitamin B12,Potatis,0.0,µg
233,Potatis m. skal bakad u. salt,Vitamin A,Potatis,0.0,RE/µg
233,Potatis m. skal bakad u. salt,Vatten,Potatis,75.3,g
233,Potatis m. skal bakad u. salt,Tiamin,Potatis,0.06,mg
233,Potatis m. skal bakad u. salt,Tillsatt socker,Potatis,0.0,g
233,Potatis m. skal bakad u. salt,Fritt socker,Potatis,0.0,g
233,Potatis m. skal bakad u. salt,"Selen, Se",Potatis,0.1,µg
233,Potatis m. skal bakad u. salt,Sackaros,Potatis,0.1,g
233,Potatis m. skal bakad u. salt,Riboflavin,Potatis,0.03,mg
233,Potatis m. skal bakad u. salt,Retinol,Potatis,0.0,µg
233,Potatis m. skal bakad u. salt,Protein,Potatis,1.7,g
233,Potatis m. skal bakad u. salt,Summa fleromättade fettsyror,Potatis,0.1,g
233,Potatis m. skal bakad u. salt,"Fosfor, P",Potatis,46.0,mg
233,Potatis m. skal bakad u. salt,Niacinekvivalenter,Potatis,2.08,NE/mg
233,Potatis m. skal bakad u. salt,Niacin,Potatis,1.8,mg
233,Potatis m. skal bakad u. salt,"Salt, NaCl",Potatis,0.0,g
233,Potatis m. skal bakad u. salt,"Natrium, Na",Potatis,4.0,mg
233,Potatis m. skal bakad u. salt,Monosackarider,Potatis,0.5,g
233,Potatis m. skal bakad u. salt,"Sockerarter, totalt",Potatis,0.6,g
233,Potatis m. skal bakad u. salt,Summa enkelomättade fettsyror,Potatis,0.0,g
233,Potatis m. skal bakad u. salt,"Magnesium, Mg",Potatis,25.0,mg
233,Potatis m. skal bakad u. salt,Summa mättade fettsyror,Potatis,0.0,g
233,Potatis m. skal bakad u. salt,"Kolhydrater, tillgängliga",Potatis,19.4,g
233,Potatis m. skal bakad u. salt,Kolesterol,Potatis,0.0,mg
233,Potatis m. skal bakad u. salt,"Kalium, K",Potatis,500.0,mg
233,Potatis m. skal bakad u. salt,"Jod, I",Potatis,0.1,µg
233,Potatis m. skal bakad u. salt,Fullkorn totalt,Potatis,0.0,g
233,Potatis m. skal bakad u. salt,"Folat, totalt",Potatis,9.0,µg
233,Potatis m. skal bakad u. salt,Fibrer,Potatis,2.5,g
233,Potatis m. skal bakad u. salt,"Fett, totalt",Potatis,0.1,g
233,Potatis m. skal bakad u. salt,"Järn, Fe",Potatis,0.8,mg
233,Potatis m. skal bakad u. salt,Energi (kJ),Potatis,382.0,kJ
233,Potatis m. skal bakad u. salt,Energi (kcal),Potatis,91.0,kcal
233,Potatis m. skal bakad u. salt,Disackarider,Potatis,0.1,g
233,Potatis m. skal bakad u. salt,"Kalcium, Ca",Potatis,7.0,mg
233,Potatis m. skal bakad u. salt,Fettsyra 4:0-10:0,Potatis,0.0,g
233,Potatis m. skal bakad u. salt,DHA (C22:6),Potatis,0.0,g
233,Potatis m. skal bakad u. salt,DPA (C22:5),Potatis,0.0,g
233,Potatis m. skal bakad u. salt,EPA (C20:5),Potatis,0.0,g
233,Potatis m. skal bakad u. salt,Arakidonsyra C20:4,Potatis,0.0,g
233,Potatis m. skal bakad u. salt,Arakidinsyra C20:0,Potatis,0.0,g
233,Potatis m. skal bakad u. salt,Linolensyra C18:3,Potatis,0.0,g
233,Potatis m. skal bakad u. salt,Linolsyra C18:2,Potatis,0.0,g
233,Potatis m. skal bakad u. salt,Oljesyra C18:1,Potatis,0.0,g
233,Potatis m. skal bakad u. salt,Stearinsyra C18:0,Potatis,0.0,g
233,Potatis m. skal bakad u. salt,Palmitoljesyra C16:1,Potatis,0.0,g
233,Potatis m. skal bakad u. salt,Palmitinsyra C16:0,Potatis,0.0,g
233,Potatis m. skal bakad u. salt,Myristinsyra C14:0,Potatis,0.0,g
233,Potatis m. skal bakad u. salt,Laurinsyra C12:0,Potatis,0.0,g
233,Potatis m. skal bakad u. salt,Betakaroten/β-Karoten,Potatis,0.0,µg
233,Potatis m. skal bakad u. salt,Avfall (skal etc.),Potatis,20.0,%
233,Potatis m. skal bakad u. salt,Aska,Potatis,1.0,g
233,Potatis m. skal bakad u. salt,Alkohol,Potatis,0.0,g
234,Potatis m. skal bakad u. salt i aluminiumfolie ,"Zink, Zn",Potatis,0.3,mg
234,Potatis m. skal bakad u. salt i aluminiumfolie ,Vitamin E,Potatis,0.1,mg
234,Potatis m. skal bakad u. salt i aluminiumfolie ,Vitamin D inkl 25-OH-D3,Potatis,0.0,µg
234,Potatis m. skal bakad u. salt i aluminiumfolie ,Vitamin D,Potatis,0.0,µg
234,Potatis m. skal bakad u. salt i aluminiumfolie ,Vitamin C,Potatis,10.5,mg
234,Potatis m. skal bakad u. salt i aluminiumfolie ,Vitamin B6,Potatis,0.14,mg
234,Potatis m. skal bakad u. salt i aluminiumfolie ,Vitamin B12,Potatis,0.0,µg
234,Potatis m. skal bakad u. salt i aluminiumfolie ,Vitamin A,Potatis,0.0,RE/µg
234,Potatis m. skal bakad u. salt i aluminiumfolie ,Vatten,Potatis,76.8,g
234,Potatis m. skal bakad u. salt i aluminiumfolie ,Tiamin,Potatis,0.05,mg
234,Potatis m. skal bakad u. salt i aluminiumfolie ,Tillsatt socker,Potatis,0.0,g
234,Potatis m. skal bakad u. salt i aluminiumfolie ,Fritt socker,Potatis,0.0,g
234,Potatis m. skal bakad u. salt i aluminiumfolie ,"Selen, Se",Potatis,0.1,µg
234,Potatis m. skal bakad u. salt i aluminiumfolie ,Sackaros,Potatis,0.2,g
234,Potatis m. skal bakad u. salt i aluminiumfolie ,Riboflavin,Potatis,0.04,mg
234,Potatis m. skal bakad u. salt i aluminiumfolie ,Retinol,Potatis,0.0,µg
234,Potatis m. skal bakad u. salt i aluminiumfolie ,Protein,Potatis,1.5,g
234,Potatis m. skal bakad u. salt i aluminiumfolie ,Summa fleromättade fettsyror,Potatis,0.4,g
234,Potatis m. skal bakad u. salt i aluminiumfolie ,"Fosfor, P",Potatis,36.0,mg
234,Potatis m. skal bakad u. salt i aluminiumfolie ,Niacinekvivalenter,Potatis,2.25,NE/mg
234,Potatis m. skal bakad u. salt i aluminiumfolie ,Niacin,Potatis,2.0,mg
234,Potatis m. skal bakad u. salt i aluminiumfolie ,"Salt, NaCl",Potatis,0.0,g
234,Potatis m. skal bakad u. salt i aluminiumfolie ,"Natrium, Na",Potatis,4.0,mg
234,Potatis m. skal bakad u. salt i aluminiumfolie ,Monosackarider,Potatis,0.3,g
234,Potatis m. skal bakad u. salt i aluminiumfolie ,"Sockerarter, totalt",Potatis,0.5,g
234,Potatis m. skal bakad u. salt i aluminiumfolie ,Summa enkelomättade fettsyror,Potatis,0.0,g
234,Potatis m. skal bakad u. salt i aluminiumfolie ,"Magnesium, Mg",Potatis,29.0,mg
234,Potatis m. skal bakad u. salt i aluminiumfolie ,Summa mättade fettsyror,Potatis,0.1,g
234,Potatis m. skal bakad u. salt i aluminiumfolie ,"Kolhydrater, tillgängliga",Potatis,18.1,g
234,Potatis m. skal bakad u. salt i aluminiumfolie ,Kolesterol,Potatis,0.0,mg
234,Potatis m. skal bakad u. salt i aluminiumfolie ,"Kalium, K",Potatis,503.0,mg
234,Potatis m. skal bakad u. salt i aluminiumfolie ,"Jod, I",Potatis,0.1,µg
234,Potatis m. skal bakad u. salt i aluminiumfolie ,Fullkorn totalt,Potatis,0.0,g
234,Potatis m. skal bakad u. salt i aluminiumfolie ,"Folat, totalt",Potatis,9.0,µg
234,Potatis m. skal bakad u. salt i aluminiumfolie ,Fibrer,Potatis,2.0,g
234,Potatis m. skal bakad u. salt i aluminiumfolie ,"Fett, totalt",Potatis,0.6,g
234,Potatis m. skal bakad u. salt i aluminiumfolie ,"Järn, Fe",Potatis,0.8,mg
234,Potatis m. skal bakad u. salt i aluminiumfolie ,Energi (kJ),Potatis,371.0,kJ
234,Potatis m. skal bakad u. salt i aluminiumfolie ,Energi (kcal),Potatis,89.0,kcal
234,Potatis m. skal bakad u. salt i aluminiumfolie ,Disackarider,Potatis,0.2,g
234,Potatis m. skal bakad u. salt i aluminiumfolie ,"Kalcium, Ca",Potatis,7.0,mg
234,Potatis m. skal bakad u. salt i aluminiumfolie ,Fettsyra 4:0-10:0,Potatis,0.0,g
234,Potatis m. skal bakad u. salt i aluminiumfolie ,DHA (C22:6),Potatis,0.0,g
234,Potatis m. skal bakad u. salt i aluminiumfolie ,DPA (C22:5),Potatis,0.0,g
234,Potatis m. skal bakad u. salt i aluminiumfolie ,EPA (C20:5),Potatis,0.0,g
234,Potatis m. skal bakad u. salt i aluminiumfolie ,Arakidonsyra C20:4,Potatis,0.0,g
234,Potatis m. skal bakad u. salt i aluminiumfolie ,Arakidinsyra C20:0,Potatis,0.0,g
234,Potatis m. skal bakad u. salt i aluminiumfolie ,Linolensyra C18:3,Potatis,0.1,g
234,Potatis m. skal bakad u. salt i aluminiumfolie ,Linolsyra C18:2,Potatis,0.3,g
234,Potatis m. skal bakad u. salt i aluminiumfolie ,Oljesyra C18:1,Potatis,0.0,g
234,Potatis m. skal bakad u. salt i aluminiumfolie ,Stearinsyra C18:0,Potatis,0.0,g
234,Potatis m. skal bakad u. salt i aluminiumfolie ,Palmitoljesyra C16:1,Potatis,0.0,g
234,Potatis m. skal bakad u. salt i aluminiumfolie ,Palmitinsyra C16:0,Potatis,0.1,g
234,Potatis m. skal bakad u. salt i aluminiumfolie ,Myristinsyra C14:0,Potatis,0.0,g
234,Potatis m. skal bakad u. salt i aluminiumfolie ,Laurinsyra C12:0,Potatis,0.0,g
234,Potatis m. skal bakad u. salt i aluminiumfolie ,Betakaroten/β-Karoten,Potatis,0.0,µg
234,Potatis m. skal bakad u. salt i aluminiumfolie ,Avfall (skal etc.),Potatis,20.0,%
234,Potatis m. skal bakad u. salt i aluminiumfolie ,Aska,Potatis,1.0,g
234,Potatis m. skal bakad u. salt i aluminiumfolie ,Alkohol,Potatis,0.0,g
235,Potatis tärnad frysvara,"Zink, Zn",Potatis,0.3,mg
235,Potatis tärnad frysvara,Vitamin E,Potatis,0.0,mg
235,Potatis tärnad frysvara,Vitamin D inkl 25-OH-D3,Potatis,0.0,µg
235,Potatis tärnad frysvara,Vitamin D,Potatis,0.0,µg
235,Potatis tärnad frysvara,Vitamin C,Potatis,5.0,mg
235,Potatis tärnad frysvara,Vitamin B6,Potatis,0.26,mg
235,Potatis tärnad frysvara,Vitamin B12,Potatis,0.0,µg
235,Potatis tärnad frysvara,Vitamin A,Potatis,0.0,RE/µg
235,Potatis tärnad frysvara,Vatten,Potatis,79.0,g
235,Potatis tärnad frysvara,Tiamin,Potatis,0.02,mg
235,Potatis tärnad frysvara,Tillsatt socker,Potatis,0.0,g
235,Potatis tärnad frysvara,Fritt socker,Potatis,0.0,g
235,Potatis tärnad frysvara,"Selen, Se",Potatis,0.1,µg
235,Potatis tärnad frysvara,Sackaros,Potatis,0.2,g
235,Potatis tärnad frysvara,Riboflavin,Potatis,0.03,mg
235,Potatis tärnad frysvara,Retinol,Potatis,0.0,µg
235,Potatis tärnad frysvara,Protein,Potatis,1.7,g
235,Potatis tärnad frysvara,Summa fleromättade fettsyror,Potatis,0.1,g
235,Potatis tärnad frysvara,"Fosfor, P",Potatis,32.0,mg
235,Potatis tärnad frysvara,Niacinekvivalenter,Potatis,1.58,NE/mg
235,Potatis tärnad frysvara,Niacin,Potatis,1.3,mg
235,Potatis tärnad frysvara,"Salt, NaCl",Potatis,0.1,g
235,Potatis tärnad frysvara,"Natrium, Na",Potatis,25.0,mg
235,Potatis tärnad frysvara,Monosackarider,Potatis,0.6,g
235,Potatis tärnad frysvara,"Sockerarter, totalt",Potatis,0.8,g
235,Potatis tärnad frysvara,Summa enkelomättade fettsyror,Potatis,0.0,g
235,Potatis tärnad frysvara,"Magnesium, Mg",Potatis,13.0,mg
235,Potatis tärnad frysvara,Summa mättade fettsyror,Potatis,0.0,g
235,Potatis tärnad frysvara,"Kolhydrater, tillgängliga",Potatis,17.3,g
235,Potatis tärnad frysvara,Kolesterol,Potatis,0.0,mg
235,Potatis tärnad frysvara,"Kalium, K",Potatis,346.0,mg
235,Potatis tärnad frysvara,"Jod, I",Potatis,0.1,µg
235,Potatis tärnad frysvara,Fullkorn totalt,Potatis,0.0,g
235,Potatis tärnad frysvara,"Folat, totalt",Potatis,13.0,µg
235,Potatis tärnad frysvara,Fibrer,Potatis,1.4,g
235,Potatis tärnad frysvara,"Fett, totalt",Potatis,0.1,g
235,Potatis tärnad frysvara,"Järn, Fe",Potatis,0.7,mg
235,Potatis tärnad frysvara,Energi (kJ),Potatis,338.0,kJ
235,Potatis tärnad frysvara,Energi (kcal),Potatis,81.0,kcal
235,Potatis tärnad frysvara,Disackarider,Potatis,0.2,g
235,Potatis tärnad frysvara,"Kalcium, Ca",Potatis,8.0,mg
235,Potatis tärnad frysvara,Fettsyra 4:0-10:0,Potatis,0.0,g
235,Potatis tärnad frysvara,DHA (C22:6),Potatis,0.0,g
235,Potatis tärnad frysvara,DPA (C22:5),Potatis,0.0,g
235,Potatis tärnad frysvara,EPA (C20:5),Potatis,0.0,g
235,Potatis tärnad frysvara,Arakidonsyra C20:4,Potatis,0.0,g
235,Potatis tärnad frysvara,Arakidinsyra C20:0,Potatis,0.0,g
235,Potatis tärnad frysvara,Linolensyra C18:3,Potatis,0.0,g
235,Potatis tärnad frysvara,Linolsyra C18:2,Potatis,0.0,g
235,Potatis tärnad frysvara,Oljesyra C18:1,Potatis,0.0,g
235,Potatis tärnad frysvara,Stearinsyra C18:0,Potatis,0.0,g
235,Potatis tärnad frysvara,Palmitoljesyra C16:1,Potatis,0.0,g
235,Potatis tärnad frysvara,Palmitinsyra C16:0,Potatis,0.0,g
235,Potatis tärnad frysvara,Myristinsyra C14:0,Potatis,0.0,g
235,Potatis tärnad frysvara,Laurinsyra C12:0,Potatis,0.0,g
235,Potatis tärnad frysvara,Betakaroten/β-Karoten,Potatis,0.0,µg
235,Potatis tärnad frysvara,Avfall (skal etc.),Potatis,0.0,%
235,Potatis tärnad frysvara,Aska,Potatis,0.5,g
235,Potatis tärnad frysvara,Alkohol,Potatis,0.0,g
236,Färskpotatis kokt u. salt,"Zink, Zn",Potatis,0.2,mg
236,Färskpotatis kokt u. salt,Vitamin E,Potatis,0.2,mg
236,Färskpotatis kokt u. salt,Vitamin D inkl 25-OH-D3,Potatis,0.0,µg
236,Färskpotatis kokt u. salt,Vitamin D,Potatis,0.0,µg
236,Färskpotatis kokt u. salt,Vitamin C,Potatis,19.0,mg
236,Färskpotatis kokt u. salt,Vitamin B6,Potatis,0.13,mg
236,Färskpotatis kokt u. salt,Vitamin B12,Potatis,0.0,µg
236,Färskpotatis kokt u. salt,Vitamin A,Potatis,2.3,RE/µg
236,Färskpotatis kokt u. salt,Vatten,Potatis,80.9,g
236,Färskpotatis kokt u. salt,Tiamin,Potatis,0.03,mg
236,Färskpotatis kokt u. salt,Tillsatt socker,Potatis,0.0,g
236,Färskpotatis kokt u. salt,Fritt socker,Potatis,0.0,g
236,Färskpotatis kokt u. salt,"Selen, Se",Potatis,0.0,µg
236,Färskpotatis kokt u. salt,Sackaros,Potatis,1.2,g
236,Färskpotatis kokt u. salt,Riboflavin,Potatis,0.06,mg
236,Färskpotatis kokt u. salt,Retinol,Potatis,0.0,µg
236,Färskpotatis kokt u. salt,Protein,Potatis,1.4,g
236,Färskpotatis kokt u. salt,Summa fleromättade fettsyror,Potatis,0.0,g
236,Färskpotatis kokt u. salt,"Fosfor, P",Potatis,37.0,mg
236,Färskpotatis kokt u. salt,Niacinekvivalenter,Potatis,1.3,NE/mg
236,Färskpotatis kokt u. salt,Niacin,Potatis,1.09,mg
236,Färskpotatis kokt u. salt,"Salt, NaCl",Potatis,0.0,g
236,Färskpotatis kokt u. salt,"Natrium, Na",Potatis,5.0,mg
236,Färskpotatis kokt u. salt,Monosackarider,Potatis,1.9,g
236,Färskpotatis kokt u. salt,"Sockerarter, totalt",Potatis,3.0,g
236,Färskpotatis kokt u. salt,Summa enkelomättade fettsyror,Potatis,0.0,g
236,Färskpotatis kokt u. salt,"Magnesium, Mg",Potatis,19.0,mg
236,Färskpotatis kokt u. salt,Summa mättade fettsyror,Potatis,0.0,g
236,Färskpotatis kokt u. salt,"Kolhydrater, tillgängliga",Potatis,14.8,g
236,Färskpotatis kokt u. salt,Kolesterol,Potatis,0.0,mg
236,Färskpotatis kokt u. salt,"Kalium, K",Potatis,320.0,mg
236,Färskpotatis kokt u. salt,"Jod, I",Potatis,2.4,µg
236,Färskpotatis kokt u. salt,Fullkorn totalt,Potatis,0.0,g
236,Färskpotatis kokt u. salt,"Folat, totalt",Potatis,32.0,µg
236,Färskpotatis kokt u. salt,Fibrer,Potatis,2.0,g
236,Färskpotatis kokt u. salt,"Fett, totalt",Potatis,0.1,g
236,Färskpotatis kokt u. salt,"Järn, Fe",Potatis,0.6,mg
236,Färskpotatis kokt u. salt,Energi (kJ),Potatis,296.0,kJ
236,Färskpotatis kokt u. salt,Energi (kcal),Potatis,71.0,kcal
236,Färskpotatis kokt u. salt,Disackarider,Potatis,1.2,g
236,Färskpotatis kokt u. salt,"Kalcium, Ca",Potatis,4.0,mg
236,Färskpotatis kokt u. salt,Fettsyra 4:0-10:0,Potatis,0.0,g
236,Färskpotatis kokt u. salt,DHA (C22:6),Potatis,0.0,g
236,Färskpotatis kokt u. salt,DPA (C22:5),Potatis,0.0,g
236,Färskpotatis kokt u. salt,EPA (C20:5),Potatis,0.0,g
236,Färskpotatis kokt u. salt,Arakidonsyra C20:4,Potatis,0.0,g
236,Färskpotatis kokt u. salt,Arakidinsyra C20:0,Potatis,0.0,g
236,Färskpotatis kokt u. salt,Linolensyra C18:3,Potatis,0.0,g
236,Färskpotatis kokt u. salt,Linolsyra C18:2,Potatis,0.0,g
236,Färskpotatis kokt u. salt,Oljesyra C18:1,Potatis,0.0,g
236,Färskpotatis kokt u. salt,Stearinsyra C18:0,Potatis,0.0,g
236,Färskpotatis kokt u. salt,Palmitoljesyra C16:1,Potatis,0.0,g
236,Färskpotatis kokt u. salt,Palmitinsyra C16:0,Potatis,0.0,g
236,Färskpotatis kokt u. salt,Myristinsyra C14:0,Potatis,0.0,g
236,Färskpotatis kokt u. salt,Laurinsyra C12:0,Potatis,0.0,g
236,Färskpotatis kokt u. salt,Betakaroten/β-Karoten,Potatis,27.0,µg
236,Färskpotatis kokt u. salt,Avfall (skal etc.),Potatis,10.0,%
236,Färskpotatis kokt u. salt,Aska,Potatis,0.8,g
236,Färskpotatis kokt u. salt,Alkohol,Potatis,0.0,g
237,Potatis konserv. u. lag,"Zink, Zn",Potatis,0.3,mg
237,Potatis konserv. u. lag,Vitamin E,Potatis,0.1,mg
237,Potatis konserv. u. lag,Vitamin D inkl 25-OH-D3,Potatis,0.0,µg
237,Potatis konserv. u. lag,Vitamin D,Potatis,0.0,µg
237,Potatis konserv. u. lag,Vitamin C,Potatis,17.0,mg
237,Potatis konserv. u. lag,Vitamin B6,Potatis,0.16,mg
237,Potatis konserv. u. lag,Vitamin B12,Potatis,0.0,µg
237,Potatis konserv. u. lag,Vitamin A,Potatis,0.0,RE/µg
237,Potatis konserv. u. lag,Vatten,Potatis,83.0,g
237,Potatis konserv. u. lag,Tiamin,Potatis,0.02,mg
237,Potatis konserv. u. lag,Tillsatt socker,Potatis,0.0,g
237,Potatis konserv. u. lag,Fritt socker,Potatis,0.0,g
237,Potatis konserv. u. lag,"Selen, Se",Potatis,0.1,µg
237,Potatis konserv. u. lag,Sackaros,Potatis,0.1,g
237,Potatis konserv. u. lag,Riboflavin,Potatis,0.03,mg
237,Potatis konserv. u. lag,Retinol,Potatis,0.0,µg
237,Potatis konserv. u. lag,Protein,Potatis,1.3,g
237,Potatis konserv. u. lag,Summa fleromättade fettsyror,Potatis,0.1,g
237,Potatis konserv. u. lag,"Fosfor, P",Potatis,31.0,mg
237,Potatis konserv. u. lag,Niacinekvivalenter,Potatis,0.92,NE/mg
237,Potatis konserv. u. lag,Niacin,Potatis,0.7,mg
237,Potatis konserv. u. lag,"Salt, NaCl",Potatis,0.6,g
237,Potatis konserv. u. lag,"Natrium, Na",Potatis,260.0,mg
237,Potatis konserv. u. lag,Monosackarider,Potatis,0.2,g
237,Potatis konserv. u. lag,"Sockerarter, totalt",Potatis,0.3,g
237,Potatis konserv. u. lag,Summa enkelomättade fettsyror,Potatis,0.0,g
237,Potatis konserv. u. lag,"Magnesium, Mg",Potatis,10.0,mg
237,Potatis konserv. u. lag,Summa mättade fettsyror,Potatis,0.0,g
237,Potatis konserv. u. lag,"Kolhydrater, tillgängliga",Potatis,12.2,g
237,Potatis konserv. u. lag,Kolesterol,Potatis,0.0,mg
237,Potatis konserv. u. lag,"Kalium, K",Potatis,230.0,mg
237,Potatis konserv. u. lag,"Jod, I",Potatis,0.0,µg
237,Potatis konserv. u. lag,Fullkorn totalt,Potatis,0.0,g
237,Potatis konserv. u. lag,"Folat, totalt",Potatis,11.0,µg
237,Potatis konserv. u. lag,Fibrer,Potatis,2.5,g
237,Potatis konserv. u. lag,"Fett, totalt",Potatis,0.1,g
237,Potatis konserv. u. lag,"Järn, Fe",Potatis,0.7,mg
237,Potatis konserv. u. lag,Energi (kJ),Potatis,253.0,kJ
237,Potatis konserv. u. lag,Energi (kcal),Potatis,60.0,kcal
237,Potatis konserv. u. lag,Disackarider,Potatis,0.1,g
237,Potatis konserv. u. lag,"Kalcium, Ca",Potatis,11.0,mg
237,Potatis konserv. u. lag,Fettsyra 4:0-10:0,Potatis,0.0,g
237,Potatis konserv. u. lag,DHA (C22:6),Potatis,0.0,g
237,Potatis konserv. u. lag,DPA (C22:5),Potatis,0.0,g
237,Potatis konserv. u. lag,EPA (C20:5),Potatis,0.0,g
237,Potatis konserv. u. lag,Arakidonsyra C20:4,Potatis,0.0,g
237,Potatis konserv. u. lag,Arakidinsyra C20:0,Potatis,0.0,g
237,Potatis konserv. u. lag,Linolensyra C18:3,Potatis,0.0,g
237,Potatis konserv. u. lag,Linolsyra C18:2,Potatis,0.0,g
237,Potatis konserv. u. lag,Oljesyra C18:1,Potatis,0.0,g
237,Potatis konserv. u. lag,Stearinsyra C18:0,Potatis,0.0,g
237,Potatis konserv. u. lag,Palmitoljesyra C16:1,Potatis,0.0,g
237,Potatis konserv. u. lag,Palmitinsyra C16:0,Potatis,0.0,g
237,Potatis konserv. u. lag,Myristinsyra C14:0,Potatis,0.0,g
237,Potatis konserv. u. lag,Laurinsyra C12:0,Potatis,0.0,g
237,Potatis konserv. u. lag,Betakaroten/β-Karoten,Potatis,0.0,µg
237,Potatis konserv. u. lag,Avfall (skal etc.),Potatis,0.0,%
237,Potatis konserv. u. lag,Aska,Potatis,0.9,g
237,Potatis konserv. u. lag,Alkohol,Potatis,0.0,g
238,Klyftpotatis u. skal ugnsstekt m. rapsolja,"Zink, Zn",Potatisprodukter potatisrätter,0.3,mg
238,Klyftpotatis u. skal ugnsstekt m. rapsolja,Vitamin E,Potatisprodukter potatisrätter,0.4,mg
238,Klyftpotatis u. skal ugnsstekt m. rapsolja,Vitamin D inkl 25-OH-D3,Potatisprodukter potatisrätter,0.0,µg
238,Klyftpotatis u. skal ugnsstekt m. rapsolja,Vitamin D,Potatisprodukter potatisrätter,0.0,µg
238,Klyftpotatis u. skal ugnsstekt m. rapsolja,Vitamin C,Potatisprodukter potatisrätter,18.8,mg
238,Klyftpotatis u. skal ugnsstekt m. rapsolja,Vitamin B6,Potatisprodukter potatisrätter,0.27,mg
238,Klyftpotatis u. skal ugnsstekt m. rapsolja,Vitamin B12,Potatisprodukter potatisrätter,0.0,µg
238,Klyftpotatis u. skal ugnsstekt m. rapsolja,Vitamin A,Potatisprodukter potatisrätter,0.7,RE/µg
238,Klyftpotatis u. skal ugnsstekt m. rapsolja,Vatten,Potatisprodukter potatisrätter,69.7,g
238,Klyftpotatis u. skal ugnsstekt m. rapsolja,Tiamin,Potatisprodukter potatisrätter,0.06,mg
238,Klyftpotatis u. skal ugnsstekt m. rapsolja,Tillsatt socker,Potatisprodukter potatisrätter,0.0,g
238,Klyftpotatis u. skal ugnsstekt m. rapsolja,Fritt socker,Potatisprodukter potatisrätter,0.0,g
238,Klyftpotatis u. skal ugnsstekt m. rapsolja,"Selen, Se",Potatisprodukter potatisrätter,0.0,µg
238,Klyftpotatis u. skal ugnsstekt m. rapsolja,Sackaros,Potatisprodukter potatisrätter,0.2,g
238,Klyftpotatis u. skal ugnsstekt m. rapsolja,Riboflavin,Potatisprodukter potatisrätter,0.04,mg
238,Klyftpotatis u. skal ugnsstekt m. rapsolja,Retinol,Potatisprodukter potatisrätter,0.0,µg
238,Klyftpotatis u. skal ugnsstekt m. rapsolja,Protein,Potatisprodukter potatisrätter,2.2,g
238,Klyftpotatis u. skal ugnsstekt m. rapsolja,Summa fleromättade fettsyror,Potatisprodukter potatisrätter,0.5,g
238,Klyftpotatis u. skal ugnsstekt m. rapsolja,"Fosfor, P",Potatisprodukter potatisrätter,94.0,mg
238,Klyftpotatis u. skal ugnsstekt m. rapsolja,Niacinekvivalenter,Potatisprodukter potatisrätter,2.7,NE/mg
238,Klyftpotatis u. skal ugnsstekt m. rapsolja,Niacin,Potatisprodukter potatisrätter,2.37,mg
238,Klyftpotatis u. skal ugnsstekt m. rapsolja,"Salt, NaCl",Potatisprodukter potatisrätter,0.3,g
238,Klyftpotatis u. skal ugnsstekt m. rapsolja,"Natrium, Na",Potatisprodukter potatisrätter,132.0,mg
238,Klyftpotatis u. skal ugnsstekt m. rapsolja,Monosackarider,Potatisprodukter potatisrätter,0.5,g
238,Klyftpotatis u. skal ugnsstekt m. rapsolja,"Sockerarter, totalt",Potatisprodukter potatisrätter,0.7,g
238,Klyftpotatis u. skal ugnsstekt m. rapsolja,Summa enkelomättade fettsyror,Potatisprodukter potatisrätter,0.9,g
238,Klyftpotatis u. skal ugnsstekt m. rapsolja,"Magnesium, Mg",Potatisprodukter potatisrätter,30.0,mg
238,Klyftpotatis u. skal ugnsstekt m. rapsolja,Summa mättade fettsyror,Potatisprodukter potatisrätter,0.1,g
238,Klyftpotatis u. skal ugnsstekt m. rapsolja,"Kolhydrater, tillgängliga",Potatisprodukter potatisrätter,23.1,g
238,Klyftpotatis u. skal ugnsstekt m. rapsolja,Kolesterol,Potatisprodukter potatisrätter,0.0,mg
238,Klyftpotatis u. skal ugnsstekt m. rapsolja,"Kalium, K",Potatisprodukter potatisrätter,594.0,mg
238,Klyftpotatis u. skal ugnsstekt m. rapsolja,"Jod, I",Potatisprodukter potatisrätter,18.0,µg
238,Klyftpotatis u. skal ugnsstekt m. rapsolja,Fullkorn totalt,Potatisprodukter potatisrätter,0.0,g
238,Klyftpotatis u. skal ugnsstekt m. rapsolja,"Folat, totalt",Potatisprodukter potatisrätter,28.9,µg
238,Klyftpotatis u. skal ugnsstekt m. rapsolja,Fibrer,Potatisprodukter potatisrätter,1.8,g
238,Klyftpotatis u. skal ugnsstekt m. rapsolja,"Fett, totalt",Potatisprodukter potatisrätter,1.6,g
238,Klyftpotatis u. skal ugnsstekt m. rapsolja,"Järn, Fe",Potatisprodukter potatisrätter,0.3,mg
238,Klyftpotatis u. skal ugnsstekt m. rapsolja,Energi (kJ),Potatisprodukter potatisrätter,503.0,kJ
238,Klyftpotatis u. skal ugnsstekt m. rapsolja,Energi (kcal),Potatisprodukter potatisrätter,120.0,kcal
238,Klyftpotatis u. skal ugnsstekt m. rapsolja,Disackarider,Potatisprodukter potatisrätter,0.2,g
238,Klyftpotatis u. skal ugnsstekt m. rapsolja,"Kalcium, Ca",Potatisprodukter potatisrätter,6.0,mg
238,Klyftpotatis u. skal ugnsstekt m. rapsolja,Fettsyra 4:0-10:0,Potatisprodukter potatisrätter,0.0,g
238,Klyftpotatis u. skal ugnsstekt m. rapsolja,DHA (C22:6),Potatisprodukter potatisrätter,0.0,g
238,Klyftpotatis u. skal ugnsstekt m. rapsolja,DPA (C22:5),Potatisprodukter potatisrätter,0.0,g
238,Klyftpotatis u. skal ugnsstekt m. rapsolja,EPA (C20:5),Potatisprodukter potatisrätter,0.0,g
238,Klyftpotatis u. skal ugnsstekt m. rapsolja,Arakidonsyra C20:4,Potatisprodukter potatisrätter,0.0,g
238,Klyftpotatis u. skal ugnsstekt m. rapsolja,Arakidinsyra C20:0,Potatisprodukter potatisrätter,0.0,g
238,Klyftpotatis u. skal ugnsstekt m. rapsolja,Linolensyra C18:3,Potatisprodukter potatisrätter,0.1,g
238,Klyftpotatis u. skal ugnsstekt m. rapsolja,Linolsyra C18:2,Potatisprodukter potatisrätter,0.3,g
238,Klyftpotatis u. skal ugnsstekt m. rapsolja,Oljesyra C18:1,Potatisprodukter potatisrätter,0.9,g
238,Klyftpotatis u. skal ugnsstekt m. rapsolja,Stearinsyra C18:0,Potatisprodukter potatisrätter,0.0,g
238,Klyftpotatis u. skal ugnsstekt m. rapsolja,Palmitoljesyra C16:1,Potatisprodukter potatisrätter,0.0,g
238,Klyftpotatis u. skal ugnsstekt m. rapsolja,Palmitinsyra C16:0,Potatisprodukter potatisrätter,0.1,g
238,Klyftpotatis u. skal ugnsstekt m. rapsolja,Myristinsyra C14:0,Potatisprodukter potatisrätter,0.0,g
238,Klyftpotatis u. skal ugnsstekt m. rapsolja,Laurinsyra C12:0,Potatisprodukter potatisrätter,0.0,g
238,Klyftpotatis u. skal ugnsstekt m. rapsolja,Betakaroten/β-Karoten,Potatisprodukter potatisrätter,9.0,µg
238,Klyftpotatis u. skal ugnsstekt m. rapsolja,Avfall (skal etc.),Potatisprodukter potatisrätter,0.0,%
238,Klyftpotatis u. skal ugnsstekt m. rapsolja,Aska,Potatisprodukter potatisrätter,1.6,g
238,Klyftpotatis u. skal ugnsstekt m. rapsolja,Alkohol,Potatisprodukter potatisrätter,0.0,g
241,Potatis råstekt,"Zink, Zn",Potatisprodukter potatisrätter,0.3,mg
241,Potatis råstekt,Vitamin E,Potatisprodukter potatisrätter,1.3,mg
241,Potatis råstekt,Vitamin D,Potatisprodukter potatisrätter,0.19,µg
241,Potatis råstekt,Vitamin C,Potatisprodukter potatisrätter,17.6,mg
241,Potatis råstekt,Vitamin B6,Potatisprodukter potatisrätter,0.24,mg
241,Potatis råstekt,Vitamin B12,Potatisprodukter potatisrätter,0.0,µg
241,Potatis råstekt,Vitamin A,Potatisprodukter potatisrätter,14.8,RE/µg
241,Potatis råstekt,Vatten,Potatisprodukter potatisrätter,67.7,g
241,Potatis råstekt,Tiamin,Potatisprodukter potatisrätter,0.08,mg
241,Potatis råstekt,Tillsatt socker,Potatisprodukter potatisrätter,0.0,g
241,Potatis råstekt,Fritt socker,Potatisprodukter potatisrätter,0.0,g
241,Potatis råstekt,"Selen, Se",Potatisprodukter potatisrätter,0.1,µg
241,Potatis råstekt,Sackaros,Potatisprodukter potatisrätter,0.4,g
241,Potatis råstekt,Riboflavin,Potatisprodukter potatisrätter,0.02,mg
241,Potatis råstekt,Retinol,Potatisprodukter potatisrätter,6.8,µg
241,Potatis råstekt,Protein,Potatisprodukter potatisrätter,2.2,g
241,Potatis råstekt,Summa fleromättade fettsyror,Potatisprodukter potatisrätter,1.3,g
241,Potatis råstekt,"Fosfor, P",Potatisprodukter potatisrätter,55.0,mg
241,Potatis råstekt,Niacinekvivalenter,Potatisprodukter potatisrätter,2.95,NE/mg
241,Potatis råstekt,Niacin,Potatisprodukter potatisrätter,2.58,mg
241,Potatis råstekt,"Salt, NaCl",Potatisprodukter potatisrätter,0.9,g
241,Potatis råstekt,"Natrium, Na",Potatisprodukter potatisrätter,354.0,mg
241,Potatis råstekt,Monosackarider,Potatisprodukter potatisrätter,0.4,g
241,Potatis råstekt,"Sockerarter, totalt",Potatisprodukter potatisrätter,0.7,g
241,Potatis råstekt,Summa enkelomättade fettsyror,Potatisprodukter potatisrätter,2.6,g
241,Potatis råstekt,"Magnesium, Mg",Potatisprodukter potatisrätter,27.0,mg
241,Potatis råstekt,Summa mättade fettsyror,Potatisprodukter potatisrätter,0.5,g
241,Potatis råstekt,"Kolhydrater, tillgängliga",Potatisprodukter potatisrätter,20.7,g
241,Potatis råstekt,Kolesterol,Potatisprodukter potatisrätter,0.0,mg
241,Potatis råstekt,"Kalium, K",Potatisprodukter potatisrätter,473.0,mg
241,Potatis råstekt,"Jod, I",Potatisprodukter potatisrätter,43.2,µg
241,Potatis råstekt,Fullkorn totalt,Potatisprodukter potatisrätter,0.0,g
241,Potatis råstekt,"Folat, totalt",Potatisprodukter potatisrätter,15.3,µg
241,Potatis råstekt,Fibrer,Potatisprodukter potatisrätter,2.7,g
241,Potatis råstekt,"Fett, totalt",Potatisprodukter potatisrätter,4.7,g
241,Potatis råstekt,"Järn, Fe",Potatisprodukter potatisrätter,0.5,mg
241,Potatis råstekt,Energi (kJ),Potatisprodukter potatisrätter,587.0,kJ
241,Potatis råstekt,Energi (kcal),Potatisprodukter potatisrätter,141.0,kcal
241,Potatis råstekt,Disackarider,Potatisprodukter potatisrätter,0.4,g
241,Potatis råstekt,"Kalcium, Ca",Potatisprodukter potatisrätter,7.0,mg
241,Potatis råstekt,Fettsyra 4:0-10:0,Potatisprodukter potatisrätter,0.0,g
241,Potatis råstekt,DHA (C22:6),Potatisprodukter potatisrätter,0.0,g
241,Potatis råstekt,DPA (C22:5),Potatisprodukter potatisrätter,0.0,g
241,Potatis råstekt,EPA (C20:5),Potatisprodukter potatisrätter,0.0,g
241,Potatis råstekt,Arakidonsyra C20:4,Potatisprodukter potatisrätter,0.0,g
241,Potatis råstekt,Arakidinsyra C20:0,Potatisprodukter potatisrätter,0.0,g
241,Potatis råstekt,Linolensyra C18:3,Potatisprodukter potatisrätter,0.3,g
241,Potatis råstekt,Linolsyra C18:2,Potatisprodukter potatisrätter,1.0,g
241,Potatis råstekt,Oljesyra C18:1,Potatisprodukter potatisrätter,2.5,g
241,Potatis råstekt,Stearinsyra C18:0,Potatisprodukter potatisrätter,0.1,g
241,Potatis råstekt,Palmitoljesyra C16:1,Potatisprodukter potatisrätter,0.0,g
241,Potatis råstekt,Palmitinsyra C16:0,Potatisprodukter potatisrätter,0.3,g
241,Potatis råstekt,Myristinsyra C14:0,Potatisprodukter potatisrätter,0.0,g
241,Potatis råstekt,Laurinsyra C12:0,Potatisprodukter potatisrätter,0.0,g
241,Potatis råstekt,Betakaroten/β-Karoten,Potatisprodukter potatisrätter,12.0,µg
241,Potatis råstekt,Avfall (skal etc.),Potatisprodukter potatisrätter,19.0,%
241,Potatis råstekt,Aska,Potatisprodukter potatisrätter,2.0,g
241,Potatis råstekt,Alkohol,Potatisprodukter potatisrätter,0.0,g
242,Potatis kokt stekt m. salt,"Zink, Zn",Potatisprodukter potatisrätter,0.2,mg
242,Potatis kokt stekt m. salt,Vitamin E,Potatisprodukter potatisrätter,1.4,mg
242,Potatis kokt stekt m. salt,Vitamin D,Potatisprodukter potatisrätter,0.19,µg
242,Potatis kokt stekt m. salt,Vitamin C,Potatisprodukter potatisrätter,12.7,mg
242,Potatis kokt stekt m. salt,Vitamin B6,Potatisprodukter potatisrätter,0.22,mg
242,Potatis kokt stekt m. salt,Vitamin B12,Potatisprodukter potatisrätter,0.0,µg
242,Potatis kokt stekt m. salt,Vitamin A,Potatisprodukter potatisrätter,14.7,RE/µg
242,Potatis kokt stekt m. salt,Vatten,Potatisprodukter potatisrätter,66.5,g
242,Potatis kokt stekt m. salt,Tiamin,Potatisprodukter potatisrätter,0.06,mg
242,Potatis kokt stekt m. salt,Tillsatt socker,Potatisprodukter potatisrätter,0.0,g
242,Potatis kokt stekt m. salt,Fritt socker,Potatisprodukter potatisrätter,0.0,g
242,Potatis kokt stekt m. salt,"Selen, Se",Potatisprodukter potatisrätter,0.0,µg
242,Potatis kokt stekt m. salt,Sackaros,Potatisprodukter potatisrätter,0.3,g
242,Potatis kokt stekt m. salt,Riboflavin,Potatisprodukter potatisrätter,0.03,mg
242,Potatis kokt stekt m. salt,Retinol,Potatisprodukter potatisrätter,6.8,µg
242,Potatis kokt stekt m. salt,Protein,Potatisprodukter potatisrätter,2.3,g
242,Potatis kokt stekt m. salt,Summa fleromättade fettsyror,Potatisprodukter potatisrätter,1.3,g
242,Potatis kokt stekt m. salt,"Fosfor, P",Potatisprodukter potatisrätter,53.0,mg
242,Potatis kokt stekt m. salt,Niacinekvivalenter,Potatisprodukter potatisrätter,2.65,NE/mg
242,Potatis kokt stekt m. salt,Niacin,Potatisprodukter potatisrätter,2.28,mg
242,Potatis kokt stekt m. salt,"Salt, NaCl",Potatisprodukter potatisrätter,1.1,g
242,Potatis kokt stekt m. salt,"Natrium, Na",Potatisprodukter potatisrätter,453.0,mg
242,Potatis kokt stekt m. salt,Monosackarider,Potatisprodukter potatisrätter,0.4,g
242,Potatis kokt stekt m. salt,"Sockerarter, totalt",Potatisprodukter potatisrätter,0.6,g
242,Potatis kokt stekt m. salt,Summa enkelomättade fettsyror,Potatisprodukter potatisrätter,2.6,g
242,Potatis kokt stekt m. salt,"Magnesium, Mg",Potatisprodukter potatisrätter,24.0,mg
242,Potatis kokt stekt m. salt,Summa mättade fettsyror,Potatisprodukter potatisrätter,0.5,g
242,Potatis kokt stekt m. salt,"Kolhydrater, tillgängliga",Potatisprodukter potatisrätter,21.8,g
242,Potatis kokt stekt m. salt,Kolesterol,Potatisprodukter potatisrätter,0.0,mg
242,Potatis kokt stekt m. salt,"Kalium, K",Potatisprodukter potatisrätter,396.0,mg
242,Potatis kokt stekt m. salt,"Jod, I",Potatisprodukter potatisrätter,52.7,µg
242,Potatis kokt stekt m. salt,Fullkorn totalt,Potatisprodukter potatisrätter,0.0,g
242,Potatis kokt stekt m. salt,"Folat, totalt",Potatisprodukter potatisrätter,16.0,µg
242,Potatis kokt stekt m. salt,Fibrer,Potatisprodukter potatisrätter,2.6,g
242,Potatis kokt stekt m. salt,"Fett, totalt",Potatisprodukter potatisrätter,4.7,g
242,Potatis kokt stekt m. salt,"Järn, Fe",Potatisprodukter potatisrätter,0.4,mg
242,Potatis kokt stekt m. salt,Energi (kJ),Potatisprodukter potatisrätter,606.0,kJ
242,Potatis kokt stekt m. salt,Energi (kcal),Potatisprodukter potatisrätter,145.0,kcal
242,Potatis kokt stekt m. salt,Disackarider,Potatisprodukter potatisrätter,0.3,g
242,Potatis kokt stekt m. salt,"Kalcium, Ca",Potatisprodukter potatisrätter,6.0,mg
242,Potatis kokt stekt m. salt,Fettsyra 4:0-10:0,Potatisprodukter potatisrätter,0.0,g
242,Potatis kokt stekt m. salt,DHA (C22:6),Potatisprodukter potatisrätter,0.0,g
242,Potatis kokt stekt m. salt,DPA (C22:5),Potatisprodukter potatisrätter,0.0,g
242,Potatis kokt stekt m. salt,EPA (C20:5),Potatisprodukter potatisrätter,0.0,g
242,Potatis kokt stekt m. salt,Arakidonsyra C20:4,Potatisprodukter potatisrätter,0.0,g
242,Potatis kokt stekt m. salt,Arakidinsyra C20:0,Potatisprodukter potatisrätter,0.0,g
242,Potatis kokt stekt m. salt,Linolensyra C18:3,Potatisprodukter potatisrätter,0.3,g
242,Potatis kokt stekt m. salt,Linolsyra C18:2,Potatisprodukter potatisrätter,1.0,g
242,Potatis kokt stekt m. salt,Oljesyra C18:1,Potatisprodukter potatisrätter,2.5,g
242,Potatis kokt stekt m. salt,Stearinsyra C18:0,Potatisprodukter potatisrätter,0.1,g
242,Potatis kokt stekt m. salt,Palmitoljesyra C16:1,Potatisprodukter potatisrätter,0.0,g
242,Potatis kokt stekt m. salt,Palmitinsyra C16:0,Potatisprodukter potatisrätter,0.3,g
242,Potatis kokt stekt m. salt,Myristinsyra C14:0,Potatisprodukter potatisrätter,0.0,g
242,Potatis kokt stekt m. salt,Laurinsyra C12:0,Potatisprodukter potatisrätter,0.0,g
242,Potatis kokt stekt m. salt,Betakaroten/β-Karoten,Potatisprodukter potatisrätter,12.0,µg
242,Potatis kokt stekt m. salt,Avfall (skal etc.),Potatisprodukter potatisrätter,0.0,%
242,Potatis kokt stekt m. salt,Aska,Potatisprodukter potatisrätter,2.0,g
242,Potatis kokt stekt m. salt,Alkohol,Potatisprodukter potatisrätter,0.0,g
244,Pommes frites friterad potatis värmd i ugn fett ca 7% frysvara,"Zink, Zn",Potatisprodukter potatisrätter,0.4,mg
244,Pommes frites friterad potatis värmd i ugn fett ca 7% frysvara,Vitamin E,Potatisprodukter potatisrätter,1.3,mg
244,Pommes frites friterad potatis värmd i ugn fett ca 7% frysvara,Vitamin D inkl 25-OH-D3,Potatisprodukter potatisrätter,0.0,µg
244,Pommes frites friterad potatis värmd i ugn fett ca 7% frysvara,Vitamin D,Potatisprodukter potatisrätter,0.0,µg
244,Pommes frites friterad potatis värmd i ugn fett ca 7% frysvara,Vitamin C,Potatisprodukter potatisrätter,4.0,mg
244,Pommes frites friterad potatis värmd i ugn fett ca 7% frysvara,Vitamin B6,Potatisprodukter potatisrätter,0.23,mg
244,Pommes frites friterad potatis värmd i ugn fett ca 7% frysvara,Vitamin B12,Potatisprodukter potatisrätter,0.0,µg
244,Pommes frites friterad potatis värmd i ugn fett ca 7% frysvara,Vitamin A,Potatisprodukter potatisrätter,0.0,RE/µg
244,Pommes frites friterad potatis värmd i ugn fett ca 7% frysvara,Vatten,Potatisprodukter potatisrätter,53.0,g
244,Pommes frites friterad potatis värmd i ugn fett ca 7% frysvara,Tiamin,Potatisprodukter potatisrätter,0.05,mg
244,Pommes frites friterad potatis värmd i ugn fett ca 7% frysvara,Tillsatt socker,Potatisprodukter potatisrätter,0.0,g
244,Pommes frites friterad potatis värmd i ugn fett ca 7% frysvara,Fritt socker,Potatisprodukter potatisrätter,0.0,g
244,Pommes frites friterad potatis värmd i ugn fett ca 7% frysvara,"Selen, Se",Potatisprodukter potatisrätter,0.1,µg
244,Pommes frites friterad potatis värmd i ugn fett ca 7% frysvara,Sackaros,Potatisprodukter potatisrätter,0.2,g
244,Pommes frites friterad potatis värmd i ugn fett ca 7% frysvara,Riboflavin,Potatisprodukter potatisrätter,0.03,mg
244,Pommes frites friterad potatis värmd i ugn fett ca 7% frysvara,Retinol,Potatisprodukter potatisrätter,0.0,µg
244,Pommes frites friterad potatis värmd i ugn fett ca 7% frysvara,Protein,Potatisprodukter potatisrätter,3.2,g
244,Pommes frites friterad potatis värmd i ugn fett ca 7% frysvara,Summa fleromättade fettsyror,Potatisprodukter potatisrätter,0.6,g
244,Pommes frites friterad potatis värmd i ugn fett ca 7% frysvara,"Fosfor, P",Potatisprodukter potatisrätter,22.0,mg
244,Pommes frites friterad potatis värmd i ugn fett ca 7% frysvara,Niacinekvivalenter,Potatisprodukter potatisrätter,2.83,NE/mg
244,Pommes frites friterad potatis värmd i ugn fett ca 7% frysvara,Niacin,Potatisprodukter potatisrätter,2.3,mg
244,Pommes frites friterad potatis värmd i ugn fett ca 7% frysvara,"Salt, NaCl",Potatisprodukter potatisrätter,0.0,g
244,Pommes frites friterad potatis värmd i ugn fett ca 7% frysvara,"Natrium, Na",Potatisprodukter potatisrätter,3.0,mg
244,Pommes frites friterad potatis värmd i ugn fett ca 7% frysvara,Monosackarider,Potatisprodukter potatisrätter,0.2,g
244,Pommes frites friterad potatis värmd i ugn fett ca 7% frysvara,"Sockerarter, totalt",Potatisprodukter potatisrätter,0.4,g
244,Pommes frites friterad potatis värmd i ugn fett ca 7% frysvara,Summa enkelomättade fettsyror,Potatisprodukter potatisrätter,3.9,g
244,Pommes frites friterad potatis värmd i ugn fett ca 7% frysvara,"Magnesium, Mg",Potatisprodukter potatisrätter,86.0,mg
244,Pommes frites friterad potatis värmd i ugn fett ca 7% frysvara,Summa mättade fettsyror,Potatisprodukter potatisrätter,2.8,g
244,Pommes frites friterad potatis värmd i ugn fett ca 7% frysvara,"Kolhydrater, tillgängliga",Potatisprodukter potatisrätter,32.0,g
244,Pommes frites friterad potatis värmd i ugn fett ca 7% frysvara,Kolesterol,Potatisprodukter potatisrätter,0.0,mg
244,Pommes frites friterad potatis värmd i ugn fett ca 7% frysvara,"Kalium, K",Potatisprodukter potatisrätter,515.0,mg
244,Pommes frites friterad potatis värmd i ugn fett ca 7% frysvara,"Jod, I",Potatisprodukter potatisrätter,0.2,µg
244,Pommes frites friterad potatis värmd i ugn fett ca 7% frysvara,Fullkorn totalt,Potatisprodukter potatisrätter,0.0,g
244,Pommes frites friterad potatis värmd i ugn fett ca 7% frysvara,"Folat, totalt",Potatisprodukter potatisrätter,16.5,µg
244,Pommes frites friterad potatis värmd i ugn fett ca 7% frysvara,Fibrer,Potatisprodukter potatisrätter,3.2,g
244,Pommes frites friterad potatis värmd i ugn fett ca 7% frysvara,"Fett, totalt",Potatisprodukter potatisrätter,7.6,g
244,Pommes frites friterad potatis värmd i ugn fett ca 7% frysvara,"Järn, Fe",Potatisprodukter potatisrätter,0.9,mg
244,Pommes frites friterad potatis värmd i ugn fett ca 7% frysvara,Energi (kJ),Potatisprodukter potatisrätter,905.0,kJ
244,Pommes frites friterad potatis värmd i ugn fett ca 7% frysvara,Energi (kcal),Potatisprodukter potatisrätter,216.0,kcal
244,Pommes frites friterad potatis värmd i ugn fett ca 7% frysvara,Disackarider,Potatisprodukter potatisrätter,0.2,g
244,Pommes frites friterad potatis värmd i ugn fett ca 7% frysvara,"Kalcium, Ca",Potatisprodukter potatisrätter,9.0,mg
244,Pommes frites friterad potatis värmd i ugn fett ca 7% frysvara,Fettsyra 4:0-10:0,Potatisprodukter potatisrätter,0.0,g
244,Pommes frites friterad potatis värmd i ugn fett ca 7% frysvara,DHA (C22:6),Potatisprodukter potatisrätter,0.0,g
244,Pommes frites friterad potatis värmd i ugn fett ca 7% frysvara,DPA (C22:5),Potatisprodukter potatisrätter,0.0,g
244,Pommes frites friterad potatis värmd i ugn fett ca 7% frysvara,EPA (C20:5),Potatisprodukter potatisrätter,0.0,g
244,Pommes frites friterad potatis värmd i ugn fett ca 7% frysvara,Arakidonsyra C20:4,Potatisprodukter potatisrätter,0.0,g
244,Pommes frites friterad potatis värmd i ugn fett ca 7% frysvara,Arakidinsyra C20:0,Potatisprodukter potatisrätter,0.0,g
244,Pommes frites friterad potatis värmd i ugn fett ca 7% frysvara,Linolensyra C18:3,Potatisprodukter potatisrätter,0.0,g
244,Pommes frites friterad potatis värmd i ugn fett ca 7% frysvara,Linolsyra C18:2,Potatisprodukter potatisrätter,0.5,g
244,Pommes frites friterad potatis värmd i ugn fett ca 7% frysvara,Oljesyra C18:1,Potatisprodukter potatisrätter,3.8,g
244,Pommes frites friterad potatis värmd i ugn fett ca 7% frysvara,Stearinsyra C18:0,Potatisprodukter potatisrätter,0.6,g
244,Pommes frites friterad potatis värmd i ugn fett ca 7% frysvara,Palmitoljesyra C16:1,Potatisprodukter potatisrätter,0.0,g
244,Pommes frites friterad potatis värmd i ugn fett ca 7% frysvara,Palmitinsyra C16:0,Potatisprodukter potatisrätter,2.1,g
244,Pommes frites friterad potatis värmd i ugn fett ca 7% frysvara,Myristinsyra C14:0,Potatisprodukter potatisrätter,0.1,g
244,Pommes frites friterad potatis värmd i ugn fett ca 7% frysvara,Laurinsyra C12:0,Potatisprodukter potatisrätter,0.0,g
244,Pommes frites friterad potatis värmd i ugn fett ca 7% frysvara,Betakaroten/β-Karoten,Potatisprodukter potatisrätter,0.0,µg
244,Pommes frites friterad potatis värmd i ugn fett ca 7% frysvara,Avfall (skal etc.),Potatisprodukter potatisrätter,0.0,%
244,Pommes frites friterad potatis värmd i ugn fett ca 7% frysvara,Aska,Potatisprodukter potatisrätter,1.0,g
244,Pommes frites friterad potatis värmd i ugn fett ca 7% frysvara,Alkohol,Potatisprodukter potatisrätter,0.0,g
245,Pommes frites friterad potatis fett ca 11% frysvara,"Zink, Zn",Potatisprodukter potatisrätter,0.4,mg
245,Pommes frites friterad potatis fett ca 11% frysvara,Vitamin E,Potatisprodukter potatisrätter,2.0,mg
245,Pommes frites friterad potatis fett ca 11% frysvara,Vitamin D inkl 25-OH-D3,Potatisprodukter potatisrätter,0.0,µg
245,Pommes frites friterad potatis fett ca 11% frysvara,Vitamin D,Potatisprodukter potatisrätter,0.0,µg
245,Pommes frites friterad potatis fett ca 11% frysvara,Vitamin C,Potatisprodukter potatisrätter,4.0,mg
245,Pommes frites friterad potatis fett ca 11% frysvara,Vitamin B6,Potatisprodukter potatisrätter,0.24,mg
245,Pommes frites friterad potatis fett ca 11% frysvara,Vitamin B12,Potatisprodukter potatisrätter,0.0,µg
245,Pommes frites friterad potatis fett ca 11% frysvara,Vitamin A,Potatisprodukter potatisrätter,0.0,RE/µg
245,Pommes frites friterad potatis fett ca 11% frysvara,Vatten,Potatisprodukter potatisrätter,51.0,g
245,Pommes frites friterad potatis fett ca 11% frysvara,Tiamin,Potatisprodukter potatisrätter,0.0,mg
245,Pommes frites friterad potatis fett ca 11% frysvara,Tillsatt socker,Potatisprodukter potatisrätter,0.0,g
245,Pommes frites friterad potatis fett ca 11% frysvara,Fritt socker,Potatisprodukter potatisrätter,0.0,g
245,Pommes frites friterad potatis fett ca 11% frysvara,"Selen, Se",Potatisprodukter potatisrätter,0.1,µg
245,Pommes frites friterad potatis fett ca 11% frysvara,Sackaros,Potatisprodukter potatisrätter,0.2,g
245,Pommes frites friterad potatis fett ca 11% frysvara,Riboflavin,Potatisprodukter potatisrätter,0.03,mg
245,Pommes frites friterad potatis fett ca 11% frysvara,Retinol,Potatisprodukter potatisrätter,0.0,µg
245,Pommes frites friterad potatis fett ca 11% frysvara,Protein,Potatisprodukter potatisrätter,3.0,g
245,Pommes frites friterad potatis fett ca 11% frysvara,Summa fleromättade fettsyror,Potatisprodukter potatisrätter,2.8,g
245,Pommes frites friterad potatis fett ca 11% frysvara,"Fosfor, P",Potatisprodukter potatisrätter,93.0,mg
245,Pommes frites friterad potatis fett ca 11% frysvara,Niacinekvivalenter,Potatisprodukter potatisrätter,3.8,NE/mg
245,Pommes frites friterad potatis fett ca 11% frysvara,Niacin,Potatisprodukter potatisrätter,3.3,mg
245,Pommes frites friterad potatis fett ca 11% frysvara,"Salt, NaCl",Potatisprodukter potatisrätter,0.0,g
245,Pommes frites friterad potatis fett ca 11% frysvara,"Natrium, Na",Potatisprodukter potatisrätter,4.0,mg
245,Pommes frites friterad potatis fett ca 11% frysvara,Monosackarider,Potatisprodukter potatisrätter,0.2,g
245,Pommes frites friterad potatis fett ca 11% frysvara,"Sockerarter, totalt",Potatisprodukter potatisrätter,0.4,g
245,Pommes frites friterad potatis fett ca 11% frysvara,Summa enkelomättade fettsyror,Potatisprodukter potatisrätter,4.8,g
245,Pommes frites friterad potatis fett ca 11% frysvara,"Magnesium, Mg",Potatisprodukter potatisrätter,34.0,mg
245,Pommes frites friterad potatis fett ca 11% frysvara,Summa mättade fettsyror,Potatisprodukter potatisrätter,3.4,g
245,Pommes frites friterad potatis fett ca 11% frysvara,"Kolhydrater, tillgängliga",Potatisprodukter potatisrätter,30.6,g
245,Pommes frites friterad potatis fett ca 11% frysvara,Kolesterol,Potatisprodukter potatisrätter,0.0,mg
245,Pommes frites friterad potatis fett ca 11% frysvara,"Kalium, K",Potatisprodukter potatisrätter,500.0,mg
245,Pommes frites friterad potatis fett ca 11% frysvara,"Jod, I",Potatisprodukter potatisrätter,0.2,µg
245,Pommes frites friterad potatis fett ca 11% frysvara,Fullkorn totalt,Potatisprodukter potatisrätter,0.0,g
245,Pommes frites friterad potatis fett ca 11% frysvara,"Folat, totalt",Potatisprodukter potatisrätter,16.5,µg
245,Pommes frites friterad potatis fett ca 11% frysvara,Fibrer,Potatisprodukter potatisrätter,3.0,g
245,Pommes frites friterad potatis fett ca 11% frysvara,"Fett, totalt",Potatisprodukter potatisrätter,11.4,g
245,Pommes frites friterad potatis fett ca 11% frysvara,"Järn, Fe",Potatisprodukter potatisrätter,0.7,mg
245,Pommes frites friterad potatis fett ca 11% frysvara,Energi (kJ),Potatisprodukter potatisrätter,1017.0,kJ
245,Pommes frites friterad potatis fett ca 11% frysvara,Energi (kcal),Potatisprodukter potatisrätter,243.0,kcal
245,Pommes frites friterad potatis fett ca 11% frysvara,Disackarider,Potatisprodukter potatisrätter,0.2,g
245,Pommes frites friterad potatis fett ca 11% frysvara,"Kalcium, Ca",Potatisprodukter potatisrätter,19.0,mg
245,Pommes frites friterad potatis fett ca 11% frysvara,Fettsyra 4:0-10:0,Potatisprodukter potatisrätter,0.0,g
245,Pommes frites friterad potatis fett ca 11% frysvara,DHA (C22:6),Potatisprodukter potatisrätter,0.0,g
245,Pommes frites friterad potatis fett ca 11% frysvara,DPA (C22:5),Potatisprodukter potatisrätter,0.0,g
245,Pommes frites friterad potatis fett ca 11% frysvara,EPA (C20:5),Potatisprodukter potatisrätter,0.0,g
245,Pommes frites friterad potatis fett ca 11% frysvara,Arakidonsyra C20:4,Potatisprodukter potatisrätter,0.0,g
245,Pommes frites friterad potatis fett ca 11% frysvara,Arakidinsyra C20:0,Potatisprodukter potatisrätter,0.0,g
245,Pommes frites friterad potatis fett ca 11% frysvara,Linolensyra C18:3,Potatisprodukter potatisrätter,0.3,g
245,Pommes frites friterad potatis fett ca 11% frysvara,Linolsyra C18:2,Potatisprodukter potatisrätter,2.4,g
245,Pommes frites friterad potatis fett ca 11% frysvara,Oljesyra C18:1,Potatisprodukter potatisrätter,4.7,g
245,Pommes frites friterad potatis fett ca 11% frysvara,Stearinsyra C18:0,Potatisprodukter potatisrätter,0.7,g
245,Pommes frites friterad potatis fett ca 11% frysvara,Palmitoljesyra C16:1,Potatisprodukter potatisrätter,0.0,g
245,Pommes frites friterad potatis fett ca 11% frysvara,Palmitinsyra C16:0,Potatisprodukter potatisrätter,2.5,g
245,Pommes frites friterad potatis fett ca 11% frysvara,Myristinsyra C14:0,Potatisprodukter potatisrätter,0.0,g
245,Pommes frites friterad potatis fett ca 11% frysvara,Laurinsyra C12:0,Potatisprodukter potatisrätter,0.0,g
245,Pommes frites friterad potatis fett ca 11% frysvara,Betakaroten/β-Karoten,Potatisprodukter potatisrätter,0.0,µg
245,Pommes frites friterad potatis fett ca 11% frysvara,Avfall (skal etc.),Potatisprodukter potatisrätter,0.0,%
245,Pommes frites friterad potatis fett ca 11% frysvara,Aska,Potatisprodukter potatisrätter,1.0,g
245,Pommes frites friterad potatis fett ca 11% frysvara,Alkohol,Potatisprodukter potatisrätter,0.0,g
246,Pommes frites friterad potatis fett ca 17% tillagad på restaurang,"Zink, Zn",Potatisprodukter potatisrätter,0.4,mg
246,Pommes frites friterad potatis fett ca 17% tillagad på restaurang,Vitamin E,Potatisprodukter potatisrätter,3.0,mg
246,Pommes frites friterad potatis fett ca 17% tillagad på restaurang,Vitamin D inkl 25-OH-D3,Potatisprodukter potatisrätter,0.0,µg
246,Pommes frites friterad potatis fett ca 17% tillagad på restaurang,Vitamin D,Potatisprodukter potatisrätter,0.0,µg
246,Pommes frites friterad potatis fett ca 17% tillagad på restaurang,Vitamin C,Potatisprodukter potatisrätter,4.0,mg
246,Pommes frites friterad potatis fett ca 17% tillagad på restaurang,Vitamin B6,Potatisprodukter potatisrätter,0.24,mg
246,Pommes frites friterad potatis fett ca 17% tillagad på restaurang,Vitamin B12,Potatisprodukter potatisrätter,0.0,µg
246,Pommes frites friterad potatis fett ca 17% tillagad på restaurang,Vitamin A,Potatisprodukter potatisrätter,0.0,RE/µg
246,Pommes frites friterad potatis fett ca 17% tillagad på restaurang,Vatten,Potatisprodukter potatisrätter,30.3,g
246,Pommes frites friterad potatis fett ca 17% tillagad på restaurang,Tiamin,Potatisprodukter potatisrätter,0.18,mg
246,Pommes frites friterad potatis fett ca 17% tillagad på restaurang,Tillsatt socker,Potatisprodukter potatisrätter,0.0,g
246,Pommes frites friterad potatis fett ca 17% tillagad på restaurang,Fritt socker,Potatisprodukter potatisrätter,0.0,g
246,Pommes frites friterad potatis fett ca 17% tillagad på restaurang,"Selen, Se",Potatisprodukter potatisrätter,0.1,µg
246,Pommes frites friterad potatis fett ca 17% tillagad på restaurang,Sackaros,Potatisprodukter potatisrätter,0.3,g
246,Pommes frites friterad potatis fett ca 17% tillagad på restaurang,Riboflavin,Potatisprodukter potatisrätter,0.03,mg
246,Pommes frites friterad potatis fett ca 17% tillagad på restaurang,Retinol,Potatisprodukter potatisrätter,0.0,µg
246,Pommes frites friterad potatis fett ca 17% tillagad på restaurang,Protein,Potatisprodukter potatisrätter,3.7,g
246,Pommes frites friterad potatis fett ca 17% tillagad på restaurang,Summa fleromättade fettsyror,Potatisprodukter potatisrätter,2.3,g
246,Pommes frites friterad potatis fett ca 17% tillagad på restaurang,"Fosfor, P",Potatisprodukter potatisrätter,93.0,mg
246,Pommes frites friterad potatis fett ca 17% tillagad på restaurang,Niacinekvivalenter,Potatisprodukter potatisrätter,3.82,NE/mg
246,Pommes frites friterad potatis fett ca 17% tillagad på restaurang,Niacin,Potatisprodukter potatisrätter,3.2,mg
246,Pommes frites friterad potatis fett ca 17% tillagad på restaurang,"Salt, NaCl",Potatisprodukter potatisrätter,0.7,g
246,Pommes frites friterad potatis fett ca 17% tillagad på restaurang,"Natrium, Na",Potatisprodukter potatisrätter,295.0,mg
246,Pommes frites friterad potatis fett ca 17% tillagad på restaurang,Monosackarider,Potatisprodukter potatisrätter,0.0,g
246,Pommes frites friterad potatis fett ca 17% tillagad på restaurang,"Sockerarter, totalt",Potatisprodukter potatisrätter,0.3,g
246,Pommes frites friterad potatis fett ca 17% tillagad på restaurang,Summa enkelomättade fettsyror,Potatisprodukter potatisrätter,11.3,g
246,Pommes frites friterad potatis fett ca 17% tillagad på restaurang,"Magnesium, Mg",Potatisprodukter potatisrätter,34.0,mg
246,Pommes frites friterad potatis fett ca 17% tillagad på restaurang,Summa mättade fettsyror,Potatisprodukter potatisrätter,3.1,g
246,Pommes frites friterad potatis fett ca 17% tillagad på restaurang,"Kolhydrater, tillgängliga",Potatisprodukter potatisrätter,43.4,g
246,Pommes frites friterad potatis fett ca 17% tillagad på restaurang,Kolesterol,Potatisprodukter potatisrätter,0.0,mg
246,Pommes frites friterad potatis fett ca 17% tillagad på restaurang,"Kalium, K",Potatisprodukter potatisrätter,730.0,mg
246,Pommes frites friterad potatis fett ca 17% tillagad på restaurang,"Jod, I",Potatisprodukter potatisrätter,3.1,µg
246,Pommes frites friterad potatis fett ca 17% tillagad på restaurang,Fullkorn totalt,Potatisprodukter potatisrätter,0.0,g
246,Pommes frites friterad potatis fett ca 17% tillagad på restaurang,"Folat, totalt",Potatisprodukter potatisrätter,11.0,µg
246,Pommes frites friterad potatis fett ca 17% tillagad på restaurang,Fibrer,Potatisprodukter potatisrätter,3.2,g
246,Pommes frites friterad potatis fett ca 17% tillagad på restaurang,"Fett, totalt",Potatisprodukter potatisrätter,17.5,g
246,Pommes frites friterad potatis fett ca 17% tillagad på restaurang,"Järn, Fe",Potatisprodukter potatisrätter,1.0,mg
246,Pommes frites friterad potatis fett ca 17% tillagad på restaurang,Energi (kJ),Potatisprodukter potatisrätter,1474.0,kJ
246,Pommes frites friterad potatis fett ca 17% tillagad på restaurang,Energi (kcal),Potatisprodukter potatisrätter,352.0,kcal
246,Pommes frites friterad potatis fett ca 17% tillagad på restaurang,Disackarider,Potatisprodukter potatisrätter,0.3,g
246,Pommes frites friterad potatis fett ca 17% tillagad på restaurang,"Kalcium, Ca",Potatisprodukter potatisrätter,19.0,mg
246,Pommes frites friterad potatis fett ca 17% tillagad på restaurang,Fettsyra 4:0-10:0,Potatisprodukter potatisrätter,0.0,g
246,Pommes frites friterad potatis fett ca 17% tillagad på restaurang,DHA (C22:6),Potatisprodukter potatisrätter,0.0,g
246,Pommes frites friterad potatis fett ca 17% tillagad på restaurang,DPA (C22:5),Potatisprodukter potatisrätter,0.0,g
246,Pommes frites friterad potatis fett ca 17% tillagad på restaurang,EPA (C20:5),Potatisprodukter potatisrätter,0.0,g
246,Pommes frites friterad potatis fett ca 17% tillagad på restaurang,Arakidonsyra C20:4,Potatisprodukter potatisrätter,0.0,g
246,Pommes frites friterad potatis fett ca 17% tillagad på restaurang,Arakidinsyra C20:0,Potatisprodukter potatisrätter,0.1,g
246,Pommes frites friterad potatis fett ca 17% tillagad på restaurang,Linolensyra C18:3,Potatisprodukter potatisrätter,0.1,g
246,Pommes frites friterad potatis fett ca 17% tillagad på restaurang,Linolsyra C18:2,Potatisprodukter potatisrätter,1.2,g
246,Pommes frites friterad potatis fett ca 17% tillagad på restaurang,Oljesyra C18:1,Potatisprodukter potatisrätter,10.9,g
246,Pommes frites friterad potatis fett ca 17% tillagad på restaurang,Stearinsyra C18:0,Potatisprodukter potatisrätter,1.0,g
246,Pommes frites friterad potatis fett ca 17% tillagad på restaurang,Palmitoljesyra C16:1,Potatisprodukter potatisrätter,0.0,g
246,Pommes frites friterad potatis fett ca 17% tillagad på restaurang,Palmitinsyra C16:0,Potatisprodukter potatisrätter,1.9,g
246,Pommes frites friterad potatis fett ca 17% tillagad på restaurang,Myristinsyra C14:0,Potatisprodukter potatisrätter,0.1,g
246,Pommes frites friterad potatis fett ca 17% tillagad på restaurang,Laurinsyra C12:0,Potatisprodukter potatisrätter,0.0,g
246,Pommes frites friterad potatis fett ca 17% tillagad på restaurang,Betakaroten/β-Karoten,Potatisprodukter potatisrätter,0.0,µg
246,Pommes frites friterad potatis fett ca 17% tillagad på restaurang,Avfall (skal etc.),Potatisprodukter potatisrätter,0.0,%
246,Pommes frites friterad potatis fett ca 17% tillagad på restaurang,Aska,Potatisprodukter potatisrätter,1.9,g
246,Pommes frites friterad potatis fett ca 17% tillagad på restaurang,Alkohol,Potatisprodukter potatisrätter,0.0,g
248,Kroppkakor el. potatispalt m. fläsk,"Zink, Zn",Potatisprodukter potatisrätter,0.6,mg
248,Kroppkakor el. potatispalt m. fläsk,Vitamin E,Potatisprodukter potatisrätter,0.1,mg
248,Kroppkakor el. potatispalt m. fläsk,Vitamin D,Potatisprodukter potatisrätter,0.05,µg
248,Kroppkakor el. potatispalt m. fläsk,Vitamin C,Potatisprodukter potatisrätter,0.0,mg
248,Kroppkakor el. potatispalt m. fläsk,Vitamin B6,Potatisprodukter potatisrätter,0.22,mg
248,Kroppkakor el. potatispalt m. fläsk,Vitamin B12,Potatisprodukter potatisrätter,0.3,µg
248,Kroppkakor el. potatispalt m. fläsk,Vitamin A,Potatisprodukter potatisrätter,2.0,RE/µg
248,Kroppkakor el. potatispalt m. fläsk,Vatten,Potatisprodukter potatisrätter,62.0,g
248,Kroppkakor el. potatispalt m. fläsk,Tiamin,Potatisprodukter potatisrätter,0.2,mg
248,Kroppkakor el. potatispalt m. fläsk,Tillsatt socker,Potatisprodukter potatisrätter,0.0,g
248,Kroppkakor el. potatispalt m. fläsk,Fritt socker,Potatisprodukter potatisrätter,0.0,g
248,Kroppkakor el. potatispalt m. fläsk,"Selen, Se",Potatisprodukter potatisrätter,2.0,µg
248,Kroppkakor el. potatispalt m. fläsk,Sackaros,Potatisprodukter potatisrätter,0.2,g
248,Kroppkakor el. potatispalt m. fläsk,Riboflavin,Potatisprodukter potatisrätter,0.09,mg
248,Kroppkakor el. potatispalt m. fläsk,Retinol,Potatisprodukter potatisrätter,2.0,µg
248,Kroppkakor el. potatispalt m. fläsk,Protein,Potatisprodukter potatisrätter,5.7,g
248,Kroppkakor el. potatispalt m. fläsk,Summa fleromättade fettsyror,Potatisprodukter potatisrätter,0.6,g
248,Kroppkakor el. potatispalt m. fläsk,"Fosfor, P",Potatisprodukter potatisrätter,82.0,mg
248,Kroppkakor el. potatispalt m. fläsk,Niacinekvivalenter,Potatisprodukter potatisrätter,3.25,NE/mg
248,Kroppkakor el. potatispalt m. fläsk,Niacin,Potatisprodukter potatisrätter,2.2,mg
248,Kroppkakor el. potatispalt m. fläsk,"Salt, NaCl",Potatisprodukter potatisrätter,1.0,g
248,Kroppkakor el. potatispalt m. fläsk,"Natrium, Na",Potatisprodukter potatisrätter,390.0,mg
248,Kroppkakor el. potatispalt m. fläsk,Monosackarider,Potatisprodukter potatisrätter,0.4,g
248,Kroppkakor el. potatispalt m. fläsk,"Sockerarter, totalt",Potatisprodukter potatisrätter,0.6,g
248,Kroppkakor el. potatispalt m. fläsk,Summa enkelomättade fettsyror,Potatisprodukter potatisrätter,2.4,g
248,Kroppkakor el. potatispalt m. fläsk,"Magnesium, Mg",Potatisprodukter potatisrätter,20.0,mg
248,Kroppkakor el. potatispalt m. fläsk,Summa mättade fettsyror,Potatisprodukter potatisrätter,2.5,g
248,Kroppkakor el. potatispalt m. fläsk,"Kolhydrater, tillgängliga",Potatisprodukter potatisrätter,22.8,g
248,Kroppkakor el. potatispalt m. fläsk,Kolesterol,Potatisprodukter potatisrätter,12.0,mg
248,Kroppkakor el. potatispalt m. fläsk,"Kalium, K",Potatisprodukter potatisrätter,245.0,mg
248,Kroppkakor el. potatispalt m. fläsk,Fullkorn totalt,Potatisprodukter potatisrätter,0.0,g
248,Kroppkakor el. potatispalt m. fläsk,"Folat, totalt",Potatisprodukter potatisrätter,12.0,µg
248,Kroppkakor el. potatispalt m. fläsk,Fibrer,Potatisprodukter potatisrätter,1.5,g
248,Kroppkakor el. potatispalt m. fläsk,"Fett, totalt",Potatisprodukter potatisrätter,5.7,g
248,Kroppkakor el. potatispalt m. fläsk,"Järn, Fe",Potatisprodukter potatisrätter,0.8,mg
248,Kroppkakor el. potatispalt m. fläsk,Energi (kJ),Potatisprodukter potatisrätter,707.0,kJ
248,Kroppkakor el. potatispalt m. fläsk,Energi (kcal),Potatisprodukter potatisrätter,169.0,kcal
248,Kroppkakor el. potatispalt m. fläsk,Disackarider,Potatisprodukter potatisrätter,0.2,g
248,Kroppkakor el. potatispalt m. fläsk,"Kalcium, Ca",Potatisprodukter potatisrätter,15.0,mg
248,Kroppkakor el. potatispalt m. fläsk,Fettsyra 4:0-10:0,Potatisprodukter potatisrätter,0.0,g
248,Kroppkakor el. potatispalt m. fläsk,DHA (C22:6),Potatisprodukter potatisrätter,0.0,g
248,Kroppkakor el. potatispalt m. fläsk,DPA (C22:5),Potatisprodukter potatisrätter,0.0,g
248,Kroppkakor el. potatispalt m. fläsk,EPA (C20:5),Potatisprodukter potatisrätter,0.0,g
248,Kroppkakor el. potatispalt m. fläsk,Arakidonsyra C20:4,Potatisprodukter potatisrätter,0.0,g
248,Kroppkakor el. potatispalt m. fläsk,Arakidinsyra C20:0,Potatisprodukter potatisrätter,0.0,g
248,Kroppkakor el. potatispalt m. fläsk,Linolensyra C18:3,Potatisprodukter potatisrätter,0.0,g
248,Kroppkakor el. potatispalt m. fläsk,Linolsyra C18:2,Potatisprodukter potatisrätter,0.5,g
248,Kroppkakor el. potatispalt m. fläsk,Oljesyra C18:1,Potatisprodukter potatisrätter,2.0,g
248,Kroppkakor el. potatispalt m. fläsk,Stearinsyra C18:0,Potatisprodukter potatisrätter,0.8,g
248,Kroppkakor el. potatispalt m. fläsk,Palmitoljesyra C16:1,Potatisprodukter potatisrätter,0.2,g
248,Kroppkakor el. potatispalt m. fläsk,Palmitinsyra C16:0,Potatisprodukter potatisrätter,1.4,g
248,Kroppkakor el. potatispalt m. fläsk,Myristinsyra C14:0,Potatisprodukter potatisrätter,0.1,g
248,Kroppkakor el. potatispalt m. fläsk,Laurinsyra C12:0,Potatisprodukter potatisrätter,0.0,g
248,Kroppkakor el. potatispalt m. fläsk,Betakaroten/β-Karoten,Potatisprodukter potatisrätter,0.0,µg
248,Kroppkakor el. potatispalt m. fläsk,Avfall (skal etc.),Potatisprodukter potatisrätter,0.0,%
248,Kroppkakor el. potatispalt m. fläsk,Aska,Potatisprodukter potatisrätter,2.3,g
248,Kroppkakor el. potatispalt m. fläsk,Alkohol,Potatisprodukter potatisrätter,0.0,g
250,Sjömansbiff hemlagad,"Zink, Zn",Köttprodukter kötträtter,1.1,mg
250,Sjömansbiff hemlagad,Vitamin E,Köttprodukter kötträtter,0.4,mg
250,Sjömansbiff hemlagad,Vitamin D,Köttprodukter kötträtter,0.28,µg
250,Sjömansbiff hemlagad,Vitamin C,Köttprodukter kötträtter,0.0,mg
250,Sjömansbiff hemlagad,Vitamin B6,Köttprodukter kötträtter,0.25,mg
250,Sjömansbiff hemlagad,Vitamin B12,Köttprodukter kötträtter,0.4,µg
250,Sjömansbiff hemlagad,Vitamin A,Köttprodukter kötträtter,24.9,RE/µg
250,Sjömansbiff hemlagad,Vatten,Köttprodukter kötträtter,79.0,g
250,Sjömansbiff hemlagad,Tiamin,Köttprodukter kötträtter,0.03,mg
250,Sjömansbiff hemlagad,Tillsatt socker,Köttprodukter kötträtter,0.0,g
250,Sjömansbiff hemlagad,Fritt socker,Köttprodukter kötträtter,0.0,g
250,Sjömansbiff hemlagad,"Selen, Se",Köttprodukter kötträtter,1.0,µg
250,Sjömansbiff hemlagad,Sackaros,Köttprodukter kötträtter,0.3,g
250,Sjömansbiff hemlagad,Riboflavin,Köttprodukter kötträtter,0.09,mg
250,Sjömansbiff hemlagad,Retinol,Köttprodukter kötträtter,23.0,µg
250,Sjömansbiff hemlagad,Protein,Köttprodukter kötträtter,6.8,g
250,Sjömansbiff hemlagad,Summa fleromättade fettsyror,Köttprodukter kötträtter,0.2,g
250,Sjömansbiff hemlagad,"Fosfor, P",Köttprodukter kötträtter,77.0,mg
250,Sjömansbiff hemlagad,Niacinekvivalenter,Köttprodukter kötträtter,3.45,NE/mg
250,Sjömansbiff hemlagad,Niacin,Köttprodukter kötträtter,2.2,mg
250,Sjömansbiff hemlagad,"Salt, NaCl",Köttprodukter kötträtter,0.8,g
250,Sjömansbiff hemlagad,"Natrium, Na",Köttprodukter kötträtter,300.0,mg
250,Sjömansbiff hemlagad,Monosackarider,Köttprodukter kötträtter,0.9,g
250,Sjömansbiff hemlagad,"Sockerarter, totalt",Köttprodukter kötträtter,1.2,g
250,Sjömansbiff hemlagad,Summa enkelomättade fettsyror,Köttprodukter kötträtter,1.2,g
250,Sjömansbiff hemlagad,"Magnesium, Mg",Köttprodukter kötträtter,2.0,mg
250,Sjömansbiff hemlagad,Summa mättade fettsyror,Köttprodukter kötträtter,1.0,g
250,Sjömansbiff hemlagad,"Kolhydrater, tillgängliga",Köttprodukter kötträtter,9.2,g
250,Sjömansbiff hemlagad,Kolesterol,Köttprodukter kötträtter,20.0,mg
250,Sjömansbiff hemlagad,"Kalium, K",Köttprodukter kötträtter,345.0,mg
250,Sjömansbiff hemlagad,"Jod, I",Köttprodukter kötträtter,5.5,µg
250,Sjömansbiff hemlagad,Fullkorn totalt,Köttprodukter kötträtter,0.0,g
250,Sjömansbiff hemlagad,"Folat, totalt",Köttprodukter kötträtter,7.5,µg
250,Sjömansbiff hemlagad,Fibrer,Köttprodukter kötträtter,0.9,g
250,Sjömansbiff hemlagad,"Fett, totalt",Köttprodukter kötträtter,2.6,g
250,Sjömansbiff hemlagad,"Järn, Fe",Köttprodukter kötträtter,1.7,mg
250,Sjömansbiff hemlagad,Energi (kJ),Köttprodukter kötträtter,375.0,kJ
250,Sjömansbiff hemlagad,Energi (kcal),Köttprodukter kötträtter,90.0,kcal
250,Sjömansbiff hemlagad,Disackarider,Köttprodukter kötträtter,0.3,g
250,Sjömansbiff hemlagad,"Kalcium, Ca",Köttprodukter kötträtter,10.0,mg
250,Sjömansbiff hemlagad,Fettsyra 4:0-10:0,Köttprodukter kötträtter,0.0,g
250,Sjömansbiff hemlagad,DHA (C22:6),Köttprodukter kötträtter,0.0,g
250,Sjömansbiff hemlagad,DPA (C22:5),Köttprodukter kötträtter,0.0,g
250,Sjömansbiff hemlagad,EPA (C20:5),Köttprodukter kötträtter,0.0,g
250,Sjömansbiff hemlagad,Arakidonsyra C20:4,Köttprodukter kötträtter,0.0,g
250,Sjömansbiff hemlagad,Arakidinsyra C20:0,Köttprodukter kötträtter,0.0,g
250,Sjömansbiff hemlagad,Linolensyra C18:3,Köttprodukter kötträtter,0.0,g
250,Sjömansbiff hemlagad,Linolsyra C18:2,Köttprodukter kötträtter,0.2,g
250,Sjömansbiff hemlagad,Oljesyra C18:1,Köttprodukter kötträtter,1.0,g
250,Sjömansbiff hemlagad,Stearinsyra C18:0,Köttprodukter kötträtter,0.3,g
250,Sjömansbiff hemlagad,Palmitoljesyra C16:1,Köttprodukter kötträtter,0.1,g
250,Sjömansbiff hemlagad,Palmitinsyra C16:0,Köttprodukter kötträtter,0.5,g
250,Sjömansbiff hemlagad,Myristinsyra C14:0,Köttprodukter kötträtter,0.1,g
250,Sjömansbiff hemlagad,Laurinsyra C12:0,Köttprodukter kötträtter,0.0,g
250,Sjömansbiff hemlagad,Betakaroten/β-Karoten,Köttprodukter kötträtter,23.0,µg
250,Sjömansbiff hemlagad,Avfall (skal etc.),Köttprodukter kötträtter,0.0,%
250,Sjömansbiff hemlagad,Aska,Köttprodukter kötträtter,1.5,g
250,Sjömansbiff hemlagad,Alkohol,Köttprodukter kötträtter,0.0,g
252,Lapskojs,"Zink, Zn",Köttprodukter kötträtter,1.0,mg
252,Lapskojs,Vitamin E,Köttprodukter kötträtter,0.3,mg
252,Lapskojs,Vitamin D,Köttprodukter kötträtter,0.34,µg
252,Lapskojs,Vitamin C,Köttprodukter kötträtter,12.1,mg
252,Lapskojs,Vitamin B6,Köttprodukter kötträtter,0.17,mg
252,Lapskojs,Vitamin B12,Köttprodukter kötträtter,0.11,µg
252,Lapskojs,Vitamin A,Köttprodukter kötträtter,14.2,RE/µg
252,Lapskojs,Vatten,Köttprodukter kötträtter,75.2,g
252,Lapskojs,Tiamin,Köttprodukter kötträtter,0.05,mg
252,Lapskojs,Tillsatt socker,Köttprodukter kötträtter,0.0,g
252,Lapskojs,Fritt socker,Köttprodukter kötträtter,0.0,g
252,Lapskojs,"Selen, Se",Köttprodukter kötträtter,1.8,µg
252,Lapskojs,Sackaros,Köttprodukter kötträtter,0.2,g
252,Lapskojs,Riboflavin,Köttprodukter kötträtter,0.04,mg
252,Lapskojs,Retinol,Köttprodukter kötträtter,13.1,µg
252,Lapskojs,Protein,Köttprodukter kötträtter,4.9,g
252,Lapskojs,Summa fleromättade fettsyror,Köttprodukter kötträtter,0.3,g
252,Lapskojs,"Fosfor, P",Köttprodukter kötträtter,65.0,mg
252,Lapskojs,Niacinekvivalenter,Köttprodukter kötträtter,3.08,NE/mg
252,Lapskojs,Niacin,Köttprodukter kötträtter,2.21,mg
252,Lapskojs,"Salt, NaCl",Köttprodukter kötträtter,0.9,g
252,Lapskojs,"Natrium, Na",Köttprodukter kötträtter,350.0,mg
252,Lapskojs,Monosackarider,Köttprodukter kötträtter,0.2,g
252,Lapskojs,"Sockerarter, totalt",Köttprodukter kötträtter,0.4,g
252,Lapskojs,Summa enkelomättade fettsyror,Köttprodukter kötträtter,1.6,g
252,Lapskojs,"Magnesium, Mg",Köttprodukter kötträtter,17.0,mg
252,Lapskojs,Summa mättade fettsyror,Köttprodukter kötträtter,1.9,g
252,Lapskojs,"Kolhydrater, tillgängliga",Köttprodukter kötträtter,12.5,g
252,Lapskojs,Kolesterol,Köttprodukter kötträtter,12.9,mg
252,Lapskojs,"Kalium, K",Köttprodukter kötträtter,259.0,mg
252,Lapskojs,"Jod, I",Köttprodukter kötträtter,6.2,µg
252,Lapskojs,Fullkorn totalt,Köttprodukter kötträtter,0.0,g
252,Lapskojs,"Folat, totalt",Köttprodukter kötträtter,14.8,µg
252,Lapskojs,Fibrer,Köttprodukter kötträtter,1.5,g
252,Lapskojs,"Fett, totalt",Köttprodukter kötträtter,4.1,g
252,Lapskojs,"Järn, Fe",Köttprodukter kötträtter,0.9,mg
252,Lapskojs,Energi (kJ),Köttprodukter kötträtter,461.0,kJ
252,Lapskojs,Energi (kcal),Köttprodukter kötträtter,110.0,kcal
252,Lapskojs,Disackarider,Köttprodukter kötträtter,0.2,g
252,Lapskojs,"Kalcium, Ca",Köttprodukter kötträtter,4.0,mg
252,Lapskojs,Fettsyra 4:0-10:0,Köttprodukter kötträtter,0.0,g
252,Lapskojs,DHA (C22:6),Köttprodukter kötträtter,0.0,g
252,Lapskojs,DPA (C22:5),Köttprodukter kötträtter,0.0,g
252,Lapskojs,EPA (C20:5),Köttprodukter kötträtter,0.0,g
252,Lapskojs,Arakidonsyra C20:4,Köttprodukter kötträtter,0.0,g
252,Lapskojs,Arakidinsyra C20:0,Köttprodukter kötträtter,0.0,g
252,Lapskojs,Linolensyra C18:3,Köttprodukter kötträtter,0.1,g
252,Lapskojs,Linolsyra C18:2,Köttprodukter kötträtter,0.2,g
252,Lapskojs,Oljesyra C18:1,Köttprodukter kötträtter,1.5,g
252,Lapskojs,Stearinsyra C18:0,Köttprodukter kötträtter,0.6,g
252,Lapskojs,Palmitoljesyra C16:1,Köttprodukter kötträtter,0.1,g
252,Lapskojs,Palmitinsyra C16:0,Köttprodukter kötträtter,1.0,g
252,Lapskojs,Myristinsyra C14:0,Köttprodukter kötträtter,0.1,g
252,Lapskojs,Laurinsyra C12:0,Köttprodukter kötträtter,0.0,g
252,Lapskojs,Betakaroten/β-Karoten,Köttprodukter kötträtter,14.0,µg
252,Lapskojs,Avfall (skal etc.),Köttprodukter kötträtter,6.0,%
252,Lapskojs,Aska,Köttprodukter kötträtter,1.7,g
252,Lapskojs,Alkohol,Köttprodukter kötträtter,0.0,g
253,Pitepalt,"Zink, Zn",Potatisprodukter potatisrätter,1.1,mg
253,Pitepalt,Vitamin E,Potatisprodukter potatisrätter,0.2,mg
253,Pitepalt,Vitamin D,Potatisprodukter potatisrätter,0.06,µg
253,Pitepalt,Vitamin C,Potatisprodukter potatisrätter,11.4,mg
253,Pitepalt,Vitamin B6,Potatisprodukter potatisrätter,0.18,mg
253,Pitepalt,Vitamin B12,Potatisprodukter potatisrätter,0.03,µg
253,Pitepalt,Vitamin A,Potatisprodukter potatisrätter,1.7,RE/µg
253,Pitepalt,Vatten,Potatisprodukter potatisrätter,59.2,g
253,Pitepalt,Tiamin,Potatisprodukter potatisrätter,0.1,mg
253,Pitepalt,Tillsatt socker,Potatisprodukter potatisrätter,0.0,g
253,Pitepalt,Fritt socker,Potatisprodukter potatisrätter,0.0,g
253,Pitepalt,"Selen, Se",Potatisprodukter potatisrätter,1.9,µg
253,Pitepalt,Sackaros,Potatisprodukter potatisrätter,0.2,g
253,Pitepalt,Riboflavin,Potatisprodukter potatisrätter,0.04,mg
253,Pitepalt,Retinol,Potatisprodukter potatisrätter,1.4,µg
253,Pitepalt,Protein,Potatisprodukter potatisrätter,4.8,g
253,Pitepalt,Summa fleromättade fettsyror,Potatisprodukter potatisrätter,0.8,g
253,Pitepalt,"Fosfor, P",Potatisprodukter potatisrätter,101.0,mg
253,Pitepalt,Niacinekvivalenter,Potatisprodukter potatisrätter,3.21,NE/mg
253,Pitepalt,Niacin,Potatisprodukter potatisrätter,2.38,mg
253,Pitepalt,"Salt, NaCl",Potatisprodukter potatisrätter,1.4,g
253,Pitepalt,"Natrium, Na",Potatisprodukter potatisrätter,572.0,mg
253,Pitepalt,Monosackarider,Potatisprodukter potatisrätter,0.3,g
253,Pitepalt,"Sockerarter, totalt",Potatisprodukter potatisrätter,0.6,g
253,Pitepalt,Summa enkelomättade fettsyror,Potatisprodukter potatisrätter,2.3,g
253,Pitepalt,"Magnesium, Mg",Potatisprodukter potatisrätter,28.0,mg
253,Pitepalt,Summa mättade fettsyror,Potatisprodukter potatisrätter,2.4,g
253,Pitepalt,"Kolhydrater, tillgängliga",Potatisprodukter potatisrätter,25.1,g
253,Pitepalt,Kolesterol,Potatisprodukter potatisrätter,11.4,mg
253,Pitepalt,"Kalium, K",Potatisprodukter potatisrätter,265.0,mg
253,Pitepalt,"Jod, I",Potatisprodukter potatisrätter,46.8,µg
253,Pitepalt,Fullkorn totalt,Potatisprodukter potatisrätter,13.0,g
253,Pitepalt,"Folat, totalt",Potatisprodukter potatisrätter,14.8,µg
253,Pitepalt,Fibrer,Potatisprodukter potatisrätter,2.6,g
253,Pitepalt,"Fett, totalt",Potatisprodukter potatisrätter,6.0,g
253,Pitepalt,"Järn, Fe",Potatisprodukter potatisrätter,0.8,mg
253,Pitepalt,Energi (kJ),Potatisprodukter potatisrätter,754.0,kJ
253,Pitepalt,Energi (kcal),Potatisprodukter potatisrätter,180.0,kcal
253,Pitepalt,Disackarider,Potatisprodukter potatisrätter,0.3,g
253,Pitepalt,"Kalcium, Ca",Potatisprodukter potatisrätter,10.0,mg
253,Pitepalt,Fettsyra 4:0-10:0,Potatisprodukter potatisrätter,0.0,g
253,Pitepalt,DHA (C22:6),Potatisprodukter potatisrätter,0.0,g
253,Pitepalt,DPA (C22:5),Potatisprodukter potatisrätter,0.0,g
253,Pitepalt,EPA (C20:5),Potatisprodukter potatisrätter,0.0,g
253,Pitepalt,Arakidonsyra C20:4,Potatisprodukter potatisrätter,0.0,g
253,Pitepalt,Arakidinsyra C20:0,Potatisprodukter potatisrätter,0.0,g
253,Pitepalt,Linolensyra C18:3,Potatisprodukter potatisrätter,0.0,g
253,Pitepalt,Linolsyra C18:2,Potatisprodukter potatisrätter,0.7,g
253,Pitepalt,Oljesyra C18:1,Potatisprodukter potatisrätter,2.0,g
253,Pitepalt,Stearinsyra C18:0,Potatisprodukter potatisrätter,0.8,g
253,Pitepalt,Palmitoljesyra C16:1,Potatisprodukter potatisrätter,0.2,g
253,Pitepalt,Palmitinsyra C16:0,Potatisprodukter potatisrätter,1.5,g
253,Pitepalt,Myristinsyra C14:0,Potatisprodukter potatisrätter,0.1,g
253,Pitepalt,Laurinsyra C12:0,Potatisprodukter potatisrätter,0.0,g
253,Pitepalt,Betakaroten/β-Karoten,Potatisprodukter potatisrätter,4.0,µg
253,Pitepalt,Avfall (skal etc.),Potatisprodukter potatisrätter,0.0,%
253,Pitepalt,Aska,Potatisprodukter potatisrätter,2.2,g
253,Pitepalt,Alkohol,Potatisprodukter potatisrätter,0.0,g
254,Bakad potatis m. kycklingcurryröra sallad,"Zink, Zn",Potatisprodukter potatisrätter,0.4,mg
254,Bakad potatis m. kycklingcurryröra sallad,Vitamin E,Potatisprodukter potatisrätter,3.3,mg
254,Bakad potatis m. kycklingcurryröra sallad,Vitamin D,Potatisprodukter potatisrätter,0.2,µg
254,Bakad potatis m. kycklingcurryröra sallad,Vitamin C,Potatisprodukter potatisrätter,6.2,mg
254,Bakad potatis m. kycklingcurryröra sallad,Vitamin B6,Potatisprodukter potatisrätter,0.15,mg
254,Bakad potatis m. kycklingcurryröra sallad,Vitamin B12,Potatisprodukter potatisrätter,0.1,µg
254,Bakad potatis m. kycklingcurryröra sallad,Vitamin A,Potatisprodukter potatisrätter,16.5,RE/µg
254,Bakad potatis m. kycklingcurryröra sallad,Vatten,Potatisprodukter potatisrätter,73.3,g
254,Bakad potatis m. kycklingcurryröra sallad,Tiamin,Potatisprodukter potatisrätter,0.05,mg
254,Bakad potatis m. kycklingcurryröra sallad,Tillsatt socker,Potatisprodukter potatisrätter,0.0,g
254,Bakad potatis m. kycklingcurryröra sallad,Fritt socker,Potatisprodukter potatisrätter,0.0,g
254,Bakad potatis m. kycklingcurryröra sallad,"Selen, Se",Potatisprodukter potatisrätter,0.0,µg
254,Bakad potatis m. kycklingcurryröra sallad,Sackaros,Potatisprodukter potatisrätter,0.0,g
254,Bakad potatis m. kycklingcurryröra sallad,Riboflavin,Potatisprodukter potatisrätter,0.04,mg
254,Bakad potatis m. kycklingcurryröra sallad,Retinol,Potatisprodukter potatisrätter,12.9,µg
254,Bakad potatis m. kycklingcurryröra sallad,Protein,Potatisprodukter potatisrätter,3.3,g
254,Bakad potatis m. kycklingcurryröra sallad,Summa fleromättade fettsyror,Potatisprodukter potatisrätter,3.8,g
254,Bakad potatis m. kycklingcurryröra sallad,"Fosfor, P",Potatisprodukter potatisrätter,56.0,mg
254,Bakad potatis m. kycklingcurryröra sallad,Niacinekvivalenter,Potatisprodukter potatisrätter,2.5,NE/mg
254,Bakad potatis m. kycklingcurryröra sallad,Niacin,Potatisprodukter potatisrätter,1.91,mg
254,Bakad potatis m. kycklingcurryröra sallad,"Salt, NaCl",Potatisprodukter potatisrätter,0.3,g
254,Bakad potatis m. kycklingcurryröra sallad,"Natrium, Na",Potatisprodukter potatisrätter,113.0,mg
254,Bakad potatis m. kycklingcurryröra sallad,Monosackarider,Potatisprodukter potatisrätter,1.0,g
254,Bakad potatis m. kycklingcurryröra sallad,"Sockerarter, totalt",Potatisprodukter potatisrätter,1.1,g
254,Bakad potatis m. kycklingcurryröra sallad,Summa enkelomättade fettsyror,Potatisprodukter potatisrätter,6.3,g
254,Bakad potatis m. kycklingcurryröra sallad,"Magnesium, Mg",Potatisprodukter potatisrätter,18.0,mg
254,Bakad potatis m. kycklingcurryröra sallad,Summa mättade fettsyror,Potatisprodukter potatisrätter,1.3,g
254,Bakad potatis m. kycklingcurryröra sallad,"Kolhydrater, tillgängliga",Potatisprodukter potatisrätter,7.1,g
254,Bakad potatis m. kycklingcurryröra sallad,Kolesterol,Potatisprodukter potatisrätter,17.3,mg
254,Bakad potatis m. kycklingcurryröra sallad,"Kalium, K",Potatisprodukter potatisrätter,347.0,mg
254,Bakad potatis m. kycklingcurryröra sallad,"Jod, I",Potatisprodukter potatisrätter,4.9,µg
254,Bakad potatis m. kycklingcurryröra sallad,Fullkorn totalt,Potatisprodukter potatisrätter,0.0,g
254,Bakad potatis m. kycklingcurryröra sallad,"Folat, totalt",Potatisprodukter potatisrätter,17.6,µg
254,Bakad potatis m. kycklingcurryröra sallad,Fibrer,Potatisprodukter potatisrätter,3.0,g
254,Bakad potatis m. kycklingcurryröra sallad,"Fett, totalt",Potatisprodukter potatisrätter,12.2,g
254,Bakad potatis m. kycklingcurryröra sallad,"Järn, Fe",Potatisprodukter potatisrätter,0.5,mg
254,Bakad potatis m. kycklingcurryröra sallad,Energi (kJ),Potatisprodukter potatisrätter,652.0,kJ
254,Bakad potatis m. kycklingcurryröra sallad,Energi (kcal),Potatisprodukter potatisrätter,156.0,kcal
254,Bakad potatis m. kycklingcurryröra sallad,Disackarider,Potatisprodukter potatisrätter,0.1,g
254,Bakad potatis m. kycklingcurryröra sallad,"Kalcium, Ca",Potatisprodukter potatisrätter,15.0,mg
254,Bakad potatis m. kycklingcurryröra sallad,Fettsyra 4:0-10:0,Potatisprodukter potatisrätter,0.0,g
254,Bakad potatis m. kycklingcurryröra sallad,DHA (C22:6),Potatisprodukter potatisrätter,0.0,g
254,Bakad potatis m. kycklingcurryröra sallad,DPA (C22:5),Potatisprodukter potatisrätter,0.0,g
254,Bakad potatis m. kycklingcurryröra sallad,EPA (C20:5),Potatisprodukter potatisrätter,0.0,g
254,Bakad potatis m. kycklingcurryröra sallad,Arakidonsyra C20:4,Potatisprodukter potatisrätter,0.0,g
254,Bakad potatis m. kycklingcurryröra sallad,Arakidinsyra C20:0,Potatisprodukter potatisrätter,0.1,g
254,Bakad potatis m. kycklingcurryröra sallad,Linolensyra C18:3,Potatisprodukter potatisrätter,1.0,g
254,Bakad potatis m. kycklingcurryröra sallad,Linolsyra C18:2,Potatisprodukter potatisrätter,2.9,g
254,Bakad potatis m. kycklingcurryröra sallad,Oljesyra C18:1,Potatisprodukter potatisrätter,6.1,g
254,Bakad potatis m. kycklingcurryröra sallad,Stearinsyra C18:0,Potatisprodukter potatisrätter,0.2,g
254,Bakad potatis m. kycklingcurryröra sallad,Palmitoljesyra C16:1,Potatisprodukter potatisrätter,0.0,g
254,Bakad potatis m. kycklingcurryröra sallad,Palmitinsyra C16:0,Potatisprodukter potatisrätter,0.8,g
254,Bakad potatis m. kycklingcurryröra sallad,Myristinsyra C14:0,Potatisprodukter potatisrätter,0.0,g
254,Bakad potatis m. kycklingcurryröra sallad,Laurinsyra C12:0,Potatisprodukter potatisrätter,0.1,g
254,Bakad potatis m. kycklingcurryröra sallad,Betakaroten/β-Karoten,Potatisprodukter potatisrätter,40.0,µg
254,Bakad potatis m. kycklingcurryröra sallad,Avfall (skal etc.),Potatisprodukter potatisrätter,0.0,%
254,Bakad potatis m. kycklingcurryröra sallad,Aska,Potatisprodukter potatisrätter,1.1,g
254,Bakad potatis m. kycklingcurryröra sallad,Alkohol,Potatisprodukter potatisrätter,0.0,g
255,Pytt i panna tillagad frysvara,"Zink, Zn",Potatisprodukter potatisrätter,0.9,mg
255,Pytt i panna tillagad frysvara,Vitamin E,Potatisprodukter potatisrätter,1.7,mg
255,Pytt i panna tillagad frysvara,Vitamin D inkl 25-OH-D3,Potatisprodukter potatisrätter,0.0,µg
255,Pytt i panna tillagad frysvara,Vitamin D,Potatisprodukter potatisrätter,0.0,µg
255,Pytt i panna tillagad frysvara,Vitamin C,Potatisprodukter potatisrätter,1.0,mg
255,Pytt i panna tillagad frysvara,Vitamin B6,Potatisprodukter potatisrätter,0.29,mg
255,Pytt i panna tillagad frysvara,Vitamin B12,Potatisprodukter potatisrätter,0.18,µg
255,Pytt i panna tillagad frysvara,Vitamin A,Potatisprodukter potatisrätter,0.4,RE/µg
255,Pytt i panna tillagad frysvara,Vatten,Potatisprodukter potatisrätter,58.1,g
255,Pytt i panna tillagad frysvara,Tiamin,Potatisprodukter potatisrätter,0.13,mg
255,Pytt i panna tillagad frysvara,Tillsatt socker,Potatisprodukter potatisrätter,2.0,g
255,Pytt i panna tillagad frysvara,Fritt socker,Potatisprodukter potatisrätter,2.0,g
255,Pytt i panna tillagad frysvara,"Selen, Se",Potatisprodukter potatisrätter,3.4,µg
255,Pytt i panna tillagad frysvara,Sackaros,Potatisprodukter potatisrätter,0.3,g
255,Pytt i panna tillagad frysvara,Riboflavin,Potatisprodukter potatisrätter,0.79,mg
255,Pytt i panna tillagad frysvara,Retinol,Potatisprodukter potatisrätter,0.0,µg
255,Pytt i panna tillagad frysvara,Protein,Potatisprodukter potatisrätter,4.5,g
255,Pytt i panna tillagad frysvara,Summa fleromättade fettsyror,Potatisprodukter potatisrätter,2.4,g
255,Pytt i panna tillagad frysvara,"Fosfor, P",Potatisprodukter potatisrätter,122.0,mg
255,Pytt i panna tillagad frysvara,Niacinekvivalenter,Potatisprodukter potatisrätter,3.3,NE/mg
255,Pytt i panna tillagad frysvara,Niacin,Potatisprodukter potatisrätter,2.49,mg
255,Pytt i panna tillagad frysvara,"Salt, NaCl",Potatisprodukter potatisrätter,1.6,g
255,Pytt i panna tillagad frysvara,"Natrium, Na",Potatisprodukter potatisrätter,658.0,mg
255,Pytt i panna tillagad frysvara,Monosackarider,Potatisprodukter potatisrätter,1.4,g
255,Pytt i panna tillagad frysvara,"Sockerarter, totalt",Potatisprodukter potatisrätter,1.8,g
255,Pytt i panna tillagad frysvara,Summa enkelomättade fettsyror,Potatisprodukter potatisrätter,3.9,g
255,Pytt i panna tillagad frysvara,"Magnesium, Mg",Potatisprodukter potatisrätter,26.0,mg
255,Pytt i panna tillagad frysvara,Summa mättade fettsyror,Potatisprodukter potatisrätter,2.0,g
255,Pytt i panna tillagad frysvara,"Kolhydrater, tillgängliga",Potatisprodukter potatisrätter,23.3,g
255,Pytt i panna tillagad frysvara,Kolesterol,Potatisprodukter potatisrätter,12.0,mg
255,Pytt i panna tillagad frysvara,"Kalium, K",Potatisprodukter potatisrätter,439.0,mg
255,Pytt i panna tillagad frysvara,"Jod, I",Potatisprodukter potatisrätter,0.0,µg
255,Pytt i panna tillagad frysvara,Fullkorn totalt,Potatisprodukter potatisrätter,0.0,g
255,Pytt i panna tillagad frysvara,"Folat, totalt",Potatisprodukter potatisrätter,27.9,µg
255,Pytt i panna tillagad frysvara,Fibrer,Potatisprodukter potatisrätter,2.9,g
255,Pytt i panna tillagad frysvara,"Fett, totalt",Potatisprodukter potatisrätter,8.8,g
255,Pytt i panna tillagad frysvara,"Järn, Fe",Potatisprodukter potatisrätter,0.8,mg
255,Pytt i panna tillagad frysvara,Energi (kJ),Potatisprodukter potatisrätter,822.0,kJ
255,Pytt i panna tillagad frysvara,Energi (kcal),Potatisprodukter potatisrätter,196.0,kcal
255,Pytt i panna tillagad frysvara,Disackarider,Potatisprodukter potatisrätter,0.3,g
255,Pytt i panna tillagad frysvara,"Kalcium, Ca",Potatisprodukter potatisrätter,14.0,mg
255,Pytt i panna tillagad frysvara,Fettsyra 4:0-10:0,Potatisprodukter potatisrätter,0.0,g
255,Pytt i panna tillagad frysvara,DHA (C22:6),Potatisprodukter potatisrätter,0.0,g
255,Pytt i panna tillagad frysvara,DPA (C22:5),Potatisprodukter potatisrätter,0.0,g
255,Pytt i panna tillagad frysvara,EPA (C20:5),Potatisprodukter potatisrätter,0.0,g
255,Pytt i panna tillagad frysvara,Arakidonsyra C20:4,Potatisprodukter potatisrätter,0.0,g
255,Pytt i panna tillagad frysvara,Arakidinsyra C20:0,Potatisprodukter potatisrätter,0.0,g
255,Pytt i panna tillagad frysvara,Linolensyra C18:3,Potatisprodukter potatisrätter,0.1,g
255,Pytt i panna tillagad frysvara,Linolsyra C18:2,Potatisprodukter potatisrätter,2.3,g
255,Pytt i panna tillagad frysvara,Oljesyra C18:1,Potatisprodukter potatisrätter,3.8,g
255,Pytt i panna tillagad frysvara,Stearinsyra C18:0,Potatisprodukter potatisrätter,0.6,g
255,Pytt i panna tillagad frysvara,Palmitoljesyra C16:1,Potatisprodukter potatisrätter,0.1,g
255,Pytt i panna tillagad frysvara,Palmitinsyra C16:0,Potatisprodukter potatisrätter,1.3,g
255,Pytt i panna tillagad frysvara,Myristinsyra C14:0,Potatisprodukter potatisrätter,0.1,g
255,Pytt i panna tillagad frysvara,Laurinsyra C12:0,Potatisprodukter potatisrätter,0.0,g
255,Pytt i panna tillagad frysvara,Betakaroten/β-Karoten,Potatisprodukter potatisrätter,4.0,µg
255,Pytt i panna tillagad frysvara,Avfall (skal etc.),Potatisprodukter potatisrätter,0.0,%
255,Pytt i panna tillagad frysvara,Aska,Potatisprodukter potatisrätter,2.4,g
255,Pytt i panna tillagad frysvara,Alkohol,Potatisprodukter potatisrätter,0.0,g
256,Sjömansbiff frysvara,"Zink, Zn",Köttprodukter kötträtter,1.1,mg
256,Sjömansbiff frysvara,Vitamin E,Köttprodukter kötträtter,0.4,mg
256,Sjömansbiff frysvara,Vitamin D,Köttprodukter kötträtter,0.28,µg
256,Sjömansbiff frysvara,Vitamin C,Köttprodukter kötträtter,0.0,mg
256,Sjömansbiff frysvara,Vitamin B6,Köttprodukter kötträtter,0.13,mg
256,Sjömansbiff frysvara,Vitamin B12,Köttprodukter kötträtter,1.5,µg
256,Sjömansbiff frysvara,Vitamin A,Köttprodukter kötträtter,24.9,RE/µg
256,Sjömansbiff frysvara,Vatten,Köttprodukter kötträtter,80.0,g
256,Sjömansbiff frysvara,Tiamin,Köttprodukter kötträtter,0.48,mg
256,Sjömansbiff frysvara,Tillsatt socker,Köttprodukter kötträtter,0.0,g
256,Sjömansbiff frysvara,Fritt socker,Köttprodukter kötträtter,0.0,g
256,Sjömansbiff frysvara,"Selen, Se",Köttprodukter kötträtter,1.0,µg
256,Sjömansbiff frysvara,Sackaros,Köttprodukter kötträtter,0.0,g
256,Sjömansbiff frysvara,Riboflavin,Köttprodukter kötträtter,0.08,mg
256,Sjömansbiff frysvara,Retinol,Köttprodukter kötträtter,23.0,µg
256,Sjömansbiff frysvara,Protein,Köttprodukter kötträtter,6.7,g
256,Sjömansbiff frysvara,Summa fleromättade fettsyror,Köttprodukter kötträtter,0.3,g
256,Sjömansbiff frysvara,"Fosfor, P",Köttprodukter kötträtter,80.0,mg
256,Sjömansbiff frysvara,Niacinekvivalenter,Köttprodukter kötträtter,3.03,NE/mg
256,Sjömansbiff frysvara,Niacin,Köttprodukter kötträtter,1.8,mg
256,Sjömansbiff frysvara,"Salt, NaCl",Köttprodukter kötträtter,1.2,g
256,Sjömansbiff frysvara,"Natrium, Na",Köttprodukter kötträtter,480.0,mg
256,Sjömansbiff frysvara,Monosackarider,Köttprodukter kötträtter,0.2,g
256,Sjömansbiff frysvara,"Sockerarter, totalt",Köttprodukter kötträtter,0.2,g
256,Sjömansbiff frysvara,Summa enkelomättade fettsyror,Köttprodukter kötträtter,1.0,g
256,Sjömansbiff frysvara,"Magnesium, Mg",Köttprodukter kötträtter,18.0,mg
256,Sjömansbiff frysvara,Summa mättade fettsyror,Köttprodukter kötträtter,0.9,g
256,Sjömansbiff frysvara,"Kolhydrater, tillgängliga",Köttprodukter kötträtter,8.6,g
256,Sjömansbiff frysvara,Kolesterol,Köttprodukter kötträtter,20.0,mg
256,Sjömansbiff frysvara,"Kalium, K",Köttprodukter kötträtter,295.0,mg
256,Sjömansbiff frysvara,Fullkorn totalt,Köttprodukter kötträtter,0.0,g
256,Sjömansbiff frysvara,"Folat, totalt",Köttprodukter kötträtter,7.5,µg
256,Sjömansbiff frysvara,Fibrer,Köttprodukter kötträtter,0.9,g
256,Sjömansbiff frysvara,"Fett, totalt",Köttprodukter kötträtter,2.3,g
256,Sjömansbiff frysvara,"Järn, Fe",Köttprodukter kötträtter,0.9,mg
256,Sjömansbiff frysvara,Energi (kJ),Köttprodukter kötträtter,352.0,kJ
256,Sjömansbiff frysvara,Energi (kcal),Köttprodukter kötträtter,84.0,kcal
256,Sjömansbiff frysvara,Disackarider,Köttprodukter kötträtter,0.0,g
256,Sjömansbiff frysvara,"Kalcium, Ca",Köttprodukter kötträtter,9.0,mg
256,Sjömansbiff frysvara,Fettsyra 4:0-10:0,Köttprodukter kötträtter,0.0,g
256,Sjömansbiff frysvara,DHA (C22:6),Köttprodukter kötträtter,0.0,g
256,Sjömansbiff frysvara,DPA (C22:5),Köttprodukter kötträtter,0.0,g
256,Sjömansbiff frysvara,EPA (C20:5),Köttprodukter kötträtter,0.0,g
256,Sjömansbiff frysvara,Arakidonsyra C20:4,Köttprodukter kötträtter,0.0,g
256,Sjömansbiff frysvara,Arakidinsyra C20:0,Köttprodukter kötträtter,0.0,g
256,Sjömansbiff frysvara,Linolensyra C18:3,Köttprodukter kötträtter,0.0,g
256,Sjömansbiff frysvara,Linolsyra C18:2,Köttprodukter kötträtter,0.2,g
256,Sjömansbiff frysvara,Oljesyra C18:1,Köttprodukter kötträtter,0.9,g
256,Sjömansbiff frysvara,Stearinsyra C18:0,Köttprodukter kötträtter,0.3,g
256,Sjömansbiff frysvara,Palmitoljesyra C16:1,Köttprodukter kötträtter,0.1,g
256,Sjömansbiff frysvara,Palmitinsyra C16:0,Köttprodukter kötträtter,0.4,g
256,Sjömansbiff frysvara,Myristinsyra C14:0,Köttprodukter kötträtter,0.1,g
256,Sjömansbiff frysvara,Laurinsyra C12:0,Köttprodukter kötträtter,0.1,g
256,Sjömansbiff frysvara,Betakaroten/β-Karoten,Köttprodukter kötträtter,23.0,µg
256,Sjömansbiff frysvara,Avfall (skal etc.),Köttprodukter kötträtter,0.0,%
256,Sjömansbiff frysvara,Aska,Köttprodukter kötträtter,1.5,g
256,Sjömansbiff frysvara,Alkohol,Köttprodukter kötträtter,0.0,g
257,Janssons frestelse,"Zink, Zn",Potatisprodukter potatisrätter,0.5,mg
257,Janssons frestelse,Vitamin E,Potatisprodukter potatisrätter,0.4,mg
257,Janssons frestelse,Vitamin D,Potatisprodukter potatisrätter,1.72,µg
257,Janssons frestelse,Vitamin C,Potatisprodukter potatisrätter,10.4,mg
257,Janssons frestelse,Vitamin B6,Potatisprodukter potatisrätter,0.18,mg
257,Janssons frestelse,Vitamin B12,Potatisprodukter potatisrätter,0.84,µg
257,Janssons frestelse,Vitamin A,Potatisprodukter potatisrätter,79.4,RE/µg
257,Janssons frestelse,Vatten,Potatisprodukter potatisrätter,69.0,g
257,Janssons frestelse,Tiamin,Potatisprodukter potatisrätter,0.05,mg
257,Janssons frestelse,Tillsatt socker,Potatisprodukter potatisrätter,0.0,g
257,Janssons frestelse,Fritt socker,Potatisprodukter potatisrätter,0.0,g
257,Janssons frestelse,"Selen, Se",Potatisprodukter potatisrätter,2.9,µg
257,Janssons frestelse,Sackaros,Potatisprodukter potatisrätter,0.7,g
257,Janssons frestelse,Riboflavin,Potatisprodukter potatisrätter,0.06,mg
257,Janssons frestelse,Retinol,Potatisprodukter potatisrätter,74.7,µg
257,Janssons frestelse,Protein,Potatisprodukter potatisrätter,3.6,g
257,Janssons frestelse,Summa fleromättade fettsyror,Potatisprodukter potatisrätter,0.8,g
257,Janssons frestelse,"Fosfor, P",Potatisprodukter potatisrätter,74.0,mg
257,Janssons frestelse,Niacinekvivalenter,Potatisprodukter potatisrätter,2.28,NE/mg
257,Janssons frestelse,Niacin,Potatisprodukter potatisrätter,1.6,mg
257,Janssons frestelse,"Salt, NaCl",Potatisprodukter potatisrätter,0.9,g
257,Janssons frestelse,"Natrium, Na",Potatisprodukter potatisrätter,359.0,mg
257,Janssons frestelse,Monosackarider,Potatisprodukter potatisrätter,0.7,g
257,Janssons frestelse,"Sockerarter, totalt",Potatisprodukter potatisrätter,2.4,g
257,Janssons frestelse,Summa enkelomättade fettsyror,Potatisprodukter potatisrätter,2.8,g
257,Janssons frestelse,"Magnesium, Mg",Potatisprodukter potatisrätter,19.0,mg
257,Janssons frestelse,Summa mättade fettsyror,Potatisprodukter potatisrätter,5.2,g
257,Janssons frestelse,"Kolhydrater, tillgängliga",Potatisprodukter potatisrätter,14.2,g
257,Janssons frestelse,Kolesterol,Potatisprodukter potatisrätter,31.2,mg
257,Janssons frestelse,"Kalium, K",Potatisprodukter potatisrätter,314.0,mg
257,Janssons frestelse,"Jod, I",Potatisprodukter potatisrätter,8.8,µg
257,Janssons frestelse,Fullkorn totalt,Potatisprodukter potatisrätter,0.0,g
257,Janssons frestelse,"Folat, totalt",Potatisprodukter potatisrätter,11.2,µg
257,Janssons frestelse,Fibrer,Potatisprodukter potatisrätter,1.7,g
257,Janssons frestelse,"Fett, totalt",Potatisprodukter potatisrätter,9.6,g
257,Janssons frestelse,"Järn, Fe",Potatisprodukter potatisrätter,0.4,mg
257,Janssons frestelse,Energi (kJ),Potatisprodukter potatisrätter,671.0,kJ
257,Janssons frestelse,Energi (kcal),Potatisprodukter potatisrätter,161.0,kcal
257,Janssons frestelse,Disackarider,Potatisprodukter potatisrätter,1.8,g
257,Janssons frestelse,"Kalcium, Ca",Potatisprodukter potatisrätter,46.0,mg
257,Janssons frestelse,Fettsyra 4:0-10:0,Potatisprodukter potatisrätter,0.5,g
257,Janssons frestelse,DHA (C22:6),Potatisprodukter potatisrätter,0.1,g
257,Janssons frestelse,DPA (C22:5),Potatisprodukter potatisrätter,0.0,g
257,Janssons frestelse,EPA (C20:5),Potatisprodukter potatisrätter,0.1,g
257,Janssons frestelse,Arakidonsyra C20:4,Potatisprodukter potatisrätter,0.0,g
257,Janssons frestelse,Arakidinsyra C20:0,Potatisprodukter potatisrätter,0.0,g
257,Janssons frestelse,Linolensyra C18:3,Potatisprodukter potatisrätter,0.1,g
257,Janssons frestelse,Linolsyra C18:2,Potatisprodukter potatisrätter,0.3,g
257,Janssons frestelse,Oljesyra C18:1,Potatisprodukter potatisrätter,2.1,g
257,Janssons frestelse,Stearinsyra C18:0,Potatisprodukter potatisrätter,0.7,g
257,Janssons frestelse,Palmitoljesyra C16:1,Potatisprodukter potatisrätter,0.2,g
257,Janssons frestelse,Palmitinsyra C16:0,Potatisprodukter potatisrätter,2.6,g
257,Janssons frestelse,Myristinsyra C14:0,Potatisprodukter potatisrätter,0.8,g
257,Janssons frestelse,Laurinsyra C12:0,Potatisprodukter potatisrätter,0.2,g
257,Janssons frestelse,Betakaroten/β-Karoten,Potatisprodukter potatisrätter,56.0,µg
257,Janssons frestelse,Avfall (skal etc.),Potatisprodukter potatisrätter,14.0,%
257,Janssons frestelse,Aska,Potatisprodukter potatisrätter,2.0,g
257,Janssons frestelse,Alkohol,Potatisprodukter potatisrätter,0.0,g
258,Laxpudding,"Zink, Zn",Fisk o skaldjursprodukter o rätter,0.5,mg
258,Laxpudding,Vitamin E,Fisk o skaldjursprodukter o rätter,1.5,mg
258,Laxpudding,Vitamin D,Fisk o skaldjursprodukter o rätter,2.67,µg
258,Laxpudding,Vitamin C,Fisk o skaldjursprodukter o rätter,8.2,mg
258,Laxpudding,Vitamin B6,Fisk o skaldjursprodukter o rätter,0.22,mg
258,Laxpudding,Vitamin B12,Fisk o skaldjursprodukter o rätter,1.05,µg
258,Laxpudding,Vitamin A,Fisk o skaldjursprodukter o rätter,45.2,RE/µg
258,Laxpudding,Vatten,Fisk o skaldjursprodukter o rätter,74.7,g
258,Laxpudding,Tiamin,Fisk o skaldjursprodukter o rätter,0.1,mg
258,Laxpudding,Tillsatt socker,Fisk o skaldjursprodukter o rätter,0.0,g
258,Laxpudding,Fritt socker,Fisk o skaldjursprodukter o rätter,0.0,g
258,Laxpudding,"Selen, Se",Fisk o skaldjursprodukter o rätter,8.4,µg
258,Laxpudding,Sackaros,Fisk o skaldjursprodukter o rätter,0.6,g
258,Laxpudding,Riboflavin,Fisk o skaldjursprodukter o rätter,0.11,mg
258,Laxpudding,Retinol,Fisk o skaldjursprodukter o rätter,35.3,µg
258,Laxpudding,Protein,Fisk o skaldjursprodukter o rätter,8.2,g
258,Laxpudding,Summa fleromättade fettsyror,Fisk o skaldjursprodukter o rätter,0.8,g
258,Laxpudding,"Fosfor, P",Fisk o skaldjursprodukter o rätter,133.0,mg
258,Laxpudding,Niacinekvivalenter,Fisk o skaldjursprodukter o rätter,4.39,NE/mg
258,Laxpudding,Niacin,Fisk o skaldjursprodukter o rätter,2.82,mg
258,Laxpudding,"Salt, NaCl",Fisk o skaldjursprodukter o rätter,1.2,g
258,Laxpudding,"Natrium, Na",Fisk o skaldjursprodukter o rätter,495.0,mg
258,Laxpudding,Monosackarider,Fisk o skaldjursprodukter o rätter,0.4,g
258,Laxpudding,"Sockerarter, totalt",Fisk o skaldjursprodukter o rätter,2.2,g
258,Laxpudding,Summa enkelomättade fettsyror,Fisk o skaldjursprodukter o rätter,1.6,g
258,Laxpudding,"Magnesium, Mg",Fisk o skaldjursprodukter o rätter,22.0,mg
258,Laxpudding,Summa mättade fettsyror,Fisk o skaldjursprodukter o rätter,1.2,g
258,Laxpudding,"Kolhydrater, tillgängliga",Fisk o skaldjursprodukter o rätter,9.5,g
258,Laxpudding,Kolesterol,Fisk o skaldjursprodukter o rätter,55.1,mg
258,Laxpudding,"Kalium, K",Fisk o skaldjursprodukter o rätter,312.0,mg
258,Laxpudding,"Jod, I",Fisk o skaldjursprodukter o rätter,26.0,µg
258,Laxpudding,Fullkorn totalt,Fisk o skaldjursprodukter o rätter,0.0,g
258,Laxpudding,"Folat, totalt",Fisk o skaldjursprodukter o rätter,17.3,µg
258,Laxpudding,Fibrer,Fisk o skaldjursprodukter o rätter,1.1,g
258,Laxpudding,"Fett, totalt",Fisk o skaldjursprodukter o rätter,4.1,g
258,Laxpudding,"Järn, Fe",Fisk o skaldjursprodukter o rätter,0.5,mg
258,Laxpudding,Energi (kJ),Fisk o skaldjursprodukter o rätter,464.0,kJ
258,Laxpudding,Energi (kcal),Fisk o skaldjursprodukter o rätter,111.0,kcal
258,Laxpudding,Disackarider,Fisk o skaldjursprodukter o rätter,1.9,g
258,Laxpudding,"Kalcium, Ca",Fisk o skaldjursprodukter o rätter,55.0,mg
258,Laxpudding,Fettsyra 4:0-10:0,Fisk o skaldjursprodukter o rätter,0.1,g
258,Laxpudding,DHA (C22:6),Fisk o skaldjursprodukter o rätter,0.2,g
258,Laxpudding,DPA (C22:5),Fisk o skaldjursprodukter o rätter,0.0,g
258,Laxpudding,EPA (C20:5),Fisk o skaldjursprodukter o rätter,0.1,g
258,Laxpudding,Arakidonsyra C20:4,Fisk o skaldjursprodukter o rätter,0.0,g
258,Laxpudding,Arakidinsyra C20:0,Fisk o skaldjursprodukter o rätter,0.0,g
258,Laxpudding,Linolensyra C18:3,Fisk o skaldjursprodukter o rätter,0.1,g
258,Laxpudding,Linolsyra C18:2,Fisk o skaldjursprodukter o rätter,0.3,g
258,Laxpudding,Oljesyra C18:1,Fisk o skaldjursprodukter o rätter,1.3,g
258,Laxpudding,Stearinsyra C18:0,Fisk o skaldjursprodukter o rätter,0.2,g
258,Laxpudding,Palmitoljesyra C16:1,Fisk o skaldjursprodukter o rätter,0.2,g
258,Laxpudding,Palmitinsyra C16:0,Fisk o skaldjursprodukter o rätter,0.7,g
258,Laxpudding,Myristinsyra C14:0,Fisk o skaldjursprodukter o rätter,0.1,g
258,Laxpudding,Laurinsyra C12:0,Fisk o skaldjursprodukter o rätter,0.0,g
258,Laxpudding,Betakaroten/β-Karoten,Fisk o skaldjursprodukter o rätter,118.0,µg
258,Laxpudding,Avfall (skal etc.),Fisk o skaldjursprodukter o rätter,11.0,%
258,Laxpudding,Aska,Fisk o skaldjursprodukter o rätter,2.2,g
258,Laxpudding,Alkohol,Fisk o skaldjursprodukter o rätter,0.0,g
259,Sillpudding,"Zink, Zn",Fisk o skaldjursprodukter o rätter,0.6,mg
259,Sillpudding,Vitamin E,Fisk o skaldjursprodukter o rätter,0.9,mg
259,Sillpudding,Vitamin D,Fisk o skaldjursprodukter o rätter,1.55,µg
259,Sillpudding,Vitamin C,Fisk o skaldjursprodukter o rätter,8.2,mg
259,Sillpudding,Vitamin B6,Fisk o skaldjursprodukter o rätter,0.14,mg
259,Sillpudding,Vitamin B12,Fisk o skaldjursprodukter o rätter,1.09,µg
259,Sillpudding,Vitamin A,Fisk o skaldjursprodukter o rätter,42.6,RE/µg
259,Sillpudding,Vatten,Fisk o skaldjursprodukter o rätter,74.3,g
259,Sillpudding,Tiamin,Fisk o skaldjursprodukter o rätter,0.06,mg
259,Sillpudding,Tillsatt socker,Fisk o skaldjursprodukter o rätter,0.0,g
259,Sillpudding,Fritt socker,Fisk o skaldjursprodukter o rätter,0.0,g
259,Sillpudding,"Selen, Se",Fisk o skaldjursprodukter o rätter,8.7,µg
259,Sillpudding,Sackaros,Fisk o skaldjursprodukter o rätter,0.2,g
259,Sillpudding,Riboflavin,Fisk o skaldjursprodukter o rätter,0.13,mg
259,Sillpudding,Retinol,Fisk o skaldjursprodukter o rätter,33.1,µg
259,Sillpudding,Protein,Fisk o skaldjursprodukter o rätter,7.6,g
259,Sillpudding,Summa fleromättade fettsyror,Fisk o skaldjursprodukter o rätter,1.3,g
259,Sillpudding,"Fosfor, P",Fisk o skaldjursprodukter o rätter,94.0,mg
259,Sillpudding,Niacinekvivalenter,Fisk o skaldjursprodukter o rätter,3.17,NE/mg
259,Sillpudding,Niacin,Fisk o skaldjursprodukter o rätter,1.67,mg
259,Sillpudding,"Salt, NaCl",Fisk o skaldjursprodukter o rätter,0.9,g
259,Sillpudding,"Natrium, Na",Fisk o skaldjursprodukter o rätter,361.0,mg
259,Sillpudding,Monosackarider,Fisk o skaldjursprodukter o rätter,0.4,g
259,Sillpudding,"Sockerarter, totalt",Fisk o skaldjursprodukter o rätter,1.9,g
259,Sillpudding,Summa enkelomättade fettsyror,Fisk o skaldjursprodukter o rätter,2.4,g
259,Sillpudding,"Magnesium, Mg",Fisk o skaldjursprodukter o rätter,19.0,mg
259,Sillpudding,Summa mättade fettsyror,Fisk o skaldjursprodukter o rätter,1.8,g
259,Sillpudding,"Kolhydrater, tillgängliga",Fisk o skaldjursprodukter o rätter,9.1,g
259,Sillpudding,Kolesterol,Fisk o skaldjursprodukter o rätter,59.2,mg
259,Sillpudding,"Kalium, K",Fisk o skaldjursprodukter o rätter,261.0,mg
259,Sillpudding,"Jod, I",Fisk o skaldjursprodukter o rätter,31.2,µg
259,Sillpudding,Fullkorn totalt,Fisk o skaldjursprodukter o rätter,0.0,g
259,Sillpudding,"Folat, totalt",Fisk o skaldjursprodukter o rätter,14.8,µg
259,Sillpudding,Fibrer,Fisk o skaldjursprodukter o rätter,1.1,g
259,Sillpudding,"Fett, totalt",Fisk o skaldjursprodukter o rätter,6.2,g
259,Sillpudding,"Järn, Fe",Fisk o skaldjursprodukter o rätter,0.7,mg
259,Sillpudding,Energi (kJ),Fisk o skaldjursprodukter o rätter,522.0,kJ
259,Sillpudding,Energi (kcal),Fisk o skaldjursprodukter o rätter,125.0,kcal
259,Sillpudding,Disackarider,Fisk o skaldjursprodukter o rätter,1.5,g
259,Sillpudding,"Kalcium, Ca",Fisk o skaldjursprodukter o rätter,56.0,mg
259,Sillpudding,Fettsyra 4:0-10:0,Fisk o skaldjursprodukter o rätter,0.1,g
259,Sillpudding,DHA (C22:6),Fisk o skaldjursprodukter o rätter,0.4,g
259,Sillpudding,DPA (C22:5),Fisk o skaldjursprodukter o rätter,0.0,g
259,Sillpudding,EPA (C20:5),Fisk o skaldjursprodukter o rätter,0.2,g
259,Sillpudding,Arakidonsyra C20:4,Fisk o skaldjursprodukter o rätter,0.0,g
259,Sillpudding,Arakidinsyra C20:0,Fisk o skaldjursprodukter o rätter,0.0,g
259,Sillpudding,Linolensyra C18:3,Fisk o skaldjursprodukter o rätter,0.1,g
259,Sillpudding,Linolsyra C18:2,Fisk o skaldjursprodukter o rätter,0.2,g
259,Sillpudding,Oljesyra C18:1,Fisk o skaldjursprodukter o rätter,1.1,g
259,Sillpudding,Stearinsyra C18:0,Fisk o skaldjursprodukter o rätter,0.2,g
259,Sillpudding,Palmitoljesyra C16:1,Fisk o skaldjursprodukter o rätter,0.3,g
259,Sillpudding,Palmitinsyra C16:0,Fisk o skaldjursprodukter o rätter,1.0,g
259,Sillpudding,Myristinsyra C14:0,Fisk o skaldjursprodukter o rätter,0.4,g
259,Sillpudding,Laurinsyra C12:0,Fisk o skaldjursprodukter o rätter,0.0,g
259,Sillpudding,Betakaroten/β-Karoten,Fisk o skaldjursprodukter o rätter,114.0,µg
259,Sillpudding,Avfall (skal etc.),Fisk o skaldjursprodukter o rätter,9.0,%
259,Sillpudding,Aska,Fisk o skaldjursprodukter o rätter,1.6,g
259,Sillpudding,Alkohol,Fisk o skaldjursprodukter o rätter,0.0,g
260,Bakad potatis m. skagenröra sallad,"Zink, Zn",Potatisprodukter potatisrätter,0.4,mg
260,Bakad potatis m. skagenröra sallad,Vitamin E,Potatisprodukter potatisrätter,2.6,mg
260,Bakad potatis m. skagenröra sallad,Vitamin D,Potatisprodukter potatisrätter,0.1,µg
260,Bakad potatis m. skagenröra sallad,Vitamin C,Potatisprodukter potatisrätter,5.9,mg
260,Bakad potatis m. skagenröra sallad,Vitamin B6,Potatisprodukter potatisrätter,0.17,mg
260,Bakad potatis m. skagenröra sallad,Vitamin B12,Potatisprodukter potatisrätter,0.14,µg
260,Bakad potatis m. skagenröra sallad,Vitamin A,Potatisprodukter potatisrätter,21.6,RE/µg
260,Bakad potatis m. skagenröra sallad,Vatten,Potatisprodukter potatisrätter,70.9,g
260,Bakad potatis m. skagenröra sallad,Tiamin,Potatisprodukter potatisrätter,0.05,mg
260,Bakad potatis m. skagenröra sallad,Tillsatt socker,Potatisprodukter potatisrätter,0.0,g
260,Bakad potatis m. skagenröra sallad,Fritt socker,Potatisprodukter potatisrätter,0.0,g
260,Bakad potatis m. skagenröra sallad,"Selen, Se",Potatisprodukter potatisrätter,2.4,µg
260,Bakad potatis m. skagenröra sallad,Sackaros,Potatisprodukter potatisrätter,0.0,g
260,Bakad potatis m. skagenröra sallad,Riboflavin,Potatisprodukter potatisrätter,0.04,mg
260,Bakad potatis m. skagenröra sallad,Retinol,Potatisprodukter potatisrätter,18.3,µg
260,Bakad potatis m. skagenröra sallad,Protein,Potatisprodukter potatisrätter,3.1,g
260,Bakad potatis m. skagenröra sallad,Summa fleromättade fettsyror,Potatisprodukter potatisrätter,3.0,g
260,Bakad potatis m. skagenröra sallad,"Fosfor, P",Potatisprodukter potatisrätter,48.0,mg
260,Bakad potatis m. skagenröra sallad,Niacinekvivalenter,Potatisprodukter potatisrätter,2.1,NE/mg
260,Bakad potatis m. skagenröra sallad,Niacin,Potatisprodukter potatisrätter,1.56,mg
260,Bakad potatis m. skagenröra sallad,"Salt, NaCl",Potatisprodukter potatisrätter,0.4,g
260,Bakad potatis m. skagenröra sallad,"Natrium, Na",Potatisprodukter potatisrätter,151.0,mg
260,Bakad potatis m. skagenröra sallad,Monosackarider,Potatisprodukter potatisrätter,0.8,g
260,Bakad potatis m. skagenröra sallad,"Sockerarter, totalt",Potatisprodukter potatisrätter,1.2,g
260,Bakad potatis m. skagenröra sallad,Summa enkelomättade fettsyror,Potatisprodukter potatisrätter,5.4,g
260,Bakad potatis m. skagenröra sallad,"Magnesium, Mg",Potatisprodukter potatisrätter,22.0,mg
260,Bakad potatis m. skagenröra sallad,Summa mättade fettsyror,Potatisprodukter potatisrätter,1.7,g
260,Bakad potatis m. skagenröra sallad,"Kolhydrater, tillgängliga",Potatisprodukter potatisrätter,11.2,g
260,Bakad potatis m. skagenröra sallad,Kolesterol,Potatisprodukter potatisrätter,20.0,mg
260,Bakad potatis m. skagenröra sallad,"Kalium, K",Potatisprodukter potatisrätter,364.0,mg
260,Bakad potatis m. skagenröra sallad,"Jod, I",Potatisprodukter potatisrätter,12.5,µg
260,Bakad potatis m. skagenröra sallad,Fullkorn totalt,Potatisprodukter potatisrätter,0.0,g
260,Bakad potatis m. skagenröra sallad,"Folat, totalt",Potatisprodukter potatisrätter,14.4,µg
260,Bakad potatis m. skagenröra sallad,Fibrer,Potatisprodukter potatisrätter,2.7,g
260,Bakad potatis m. skagenröra sallad,"Fett, totalt",Potatisprodukter potatisrätter,10.8,g
260,Bakad potatis m. skagenröra sallad,"Järn, Fe",Potatisprodukter potatisrätter,0.4,mg
260,Bakad potatis m. skagenröra sallad,Energi (kJ),Potatisprodukter potatisrätter,666.0,kJ
260,Bakad potatis m. skagenröra sallad,Energi (kcal),Potatisprodukter potatisrätter,159.0,kcal
260,Bakad potatis m. skagenröra sallad,Disackarider,Potatisprodukter potatisrätter,0.4,g
260,Bakad potatis m. skagenröra sallad,"Kalcium, Ca",Potatisprodukter potatisrätter,27.0,mg
260,Bakad potatis m. skagenröra sallad,Fettsyra 4:0-10:0,Potatisprodukter potatisrätter,0.1,g
260,Bakad potatis m. skagenröra sallad,DHA (C22:6),Potatisprodukter potatisrätter,0.0,g
260,Bakad potatis m. skagenröra sallad,DPA (C22:5),Potatisprodukter potatisrätter,0.0,g
260,Bakad potatis m. skagenröra sallad,EPA (C20:5),Potatisprodukter potatisrätter,0.0,g
260,Bakad potatis m. skagenröra sallad,Arakidonsyra C20:4,Potatisprodukter potatisrätter,0.0,g
260,Bakad potatis m. skagenröra sallad,Arakidinsyra C20:0,Potatisprodukter potatisrätter,0.0,g
260,Bakad potatis m. skagenröra sallad,Linolensyra C18:3,Potatisprodukter potatisrätter,0.8,g
260,Bakad potatis m. skagenröra sallad,Linolsyra C18:2,Potatisprodukter potatisrätter,2.3,g
260,Bakad potatis m. skagenröra sallad,Oljesyra C18:1,Potatisprodukter potatisrätter,5.2,g
260,Bakad potatis m. skagenröra sallad,Stearinsyra C18:0,Potatisprodukter potatisrätter,0.3,g
260,Bakad potatis m. skagenröra sallad,Palmitoljesyra C16:1,Potatisprodukter potatisrätter,0.0,g
260,Bakad potatis m. skagenröra sallad,Palmitinsyra C16:0,Potatisprodukter potatisrätter,1.0,g
260,Bakad potatis m. skagenröra sallad,Myristinsyra C14:0,Potatisprodukter potatisrätter,0.1,g
260,Bakad potatis m. skagenröra sallad,Laurinsyra C12:0,Potatisprodukter potatisrätter,0.1,g
260,Bakad potatis m. skagenröra sallad,Betakaroten/β-Karoten,Potatisprodukter potatisrätter,38.0,µg
260,Bakad potatis m. skagenröra sallad,Avfall (skal etc.),Potatisprodukter potatisrätter,0.0,%
260,Bakad potatis m. skagenröra sallad,Aska,Potatisprodukter potatisrätter,1.2,g
260,Bakad potatis m. skagenröra sallad,Alkohol,Potatisprodukter potatisrätter,0.0,g
261,Potatissallad m. gräddfil majonnäs,"Zink, Zn",Potatisprodukter potatisrätter,0.2,mg
261,Potatissallad m. gräddfil majonnäs,Vitamin E,Potatisprodukter potatisrätter,2.1,mg
261,Potatissallad m. gräddfil majonnäs,Vitamin D,Potatisprodukter potatisrätter,0.03,µg
261,Potatissallad m. gräddfil majonnäs,Vitamin C,Potatisprodukter potatisrätter,13.8,mg
261,Potatissallad m. gräddfil majonnäs,Vitamin B6,Potatisprodukter potatisrätter,0.16,mg
261,Potatissallad m. gräddfil majonnäs,Vitamin B12,Potatisprodukter potatisrätter,0.03,µg
261,Potatissallad m. gräddfil majonnäs,Vitamin A,Potatisprodukter potatisrätter,19.6,RE/µg
261,Potatissallad m. gräddfil majonnäs,Vatten,Potatisprodukter potatisrätter,70.7,g
261,Potatissallad m. gräddfil majonnäs,Tiamin,Potatisprodukter potatisrätter,0.05,mg
261,Potatissallad m. gräddfil majonnäs,Tillsatt socker,Potatisprodukter potatisrätter,0.0,g
261,Potatissallad m. gräddfil majonnäs,Fritt socker,Potatisprodukter potatisrätter,0.0,g
261,Potatissallad m. gräddfil majonnäs,"Selen, Se",Potatisprodukter potatisrätter,0.6,µg
261,Potatissallad m. gräddfil majonnäs,Sackaros,Potatisprodukter potatisrätter,0.2,g
261,Potatissallad m. gräddfil majonnäs,Riboflavin,Potatisprodukter potatisrätter,0.04,mg
261,Potatissallad m. gräddfil majonnäs,Retinol,Potatisprodukter potatisrätter,16.1,µg
261,Potatissallad m. gräddfil majonnäs,Protein,Potatisprodukter potatisrätter,1.9,g
261,Potatissallad m. gräddfil majonnäs,Summa fleromättade fettsyror,Potatisprodukter potatisrätter,1.7,g
261,Potatissallad m. gräddfil majonnäs,"Fosfor, P",Potatisprodukter potatisrätter,48.0,mg
261,Potatissallad m. gräddfil majonnäs,Niacinekvivalenter,Potatisprodukter potatisrätter,1.77,NE/mg
261,Potatissallad m. gräddfil majonnäs,Niacin,Potatisprodukter potatisrätter,1.44,mg
261,Potatissallad m. gräddfil majonnäs,"Salt, NaCl",Potatisprodukter potatisrätter,1.3,g
261,Potatissallad m. gräddfil majonnäs,"Natrium, Na",Potatisprodukter potatisrätter,520.0,mg
261,Potatissallad m. gräddfil majonnäs,Monosackarider,Potatisprodukter potatisrätter,0.3,g
261,Potatissallad m. gräddfil majonnäs,"Sockerarter, totalt",Potatisprodukter potatisrätter,0.8,g
261,Potatissallad m. gräddfil majonnäs,Summa enkelomättade fettsyror,Potatisprodukter potatisrätter,5.8,g
261,Potatissallad m. gräddfil majonnäs,"Magnesium, Mg",Potatisprodukter potatisrätter,17.0,mg
261,Potatissallad m. gräddfil majonnäs,Summa mättade fettsyror,Potatisprodukter potatisrätter,1.7,g
261,Potatissallad m. gräddfil majonnäs,"Kolhydrater, tillgängliga",Potatisprodukter potatisrätter,14.1,g
261,Potatissallad m. gräddfil majonnäs,Kolesterol,Potatisprodukter potatisrätter,11.0,mg
261,Potatissallad m. gräddfil majonnäs,"Kalium, K",Potatisprodukter potatisrätter,268.0,mg
261,Potatissallad m. gräddfil majonnäs,"Jod, I",Potatisprodukter potatisrätter,65.6,µg
261,Potatissallad m. gräddfil majonnäs,Fullkorn totalt,Potatisprodukter potatisrätter,0.0,g
261,Potatissallad m. gräddfil majonnäs,"Folat, totalt",Potatisprodukter potatisrätter,18.4,µg
261,Potatissallad m. gräddfil majonnäs,Fibrer,Potatisprodukter potatisrätter,1.7,g
261,Potatissallad m. gräddfil majonnäs,"Fett, totalt",Potatisprodukter potatisrätter,9.7,g
261,Potatissallad m. gräddfil majonnäs,"Järn, Fe",Potatisprodukter potatisrätter,0.3,mg
261,Potatissallad m. gräddfil majonnäs,Energi (kJ),Potatisprodukter potatisrätter,644.0,kJ
261,Potatissallad m. gräddfil majonnäs,Energi (kcal),Potatisprodukter potatisrätter,154.0,kcal
261,Potatissallad m. gräddfil majonnäs,Disackarider,Potatisprodukter potatisrätter,0.5,g
261,Potatissallad m. gräddfil majonnäs,"Kalcium, Ca",Potatisprodukter potatisrätter,19.0,mg
261,Potatissallad m. gräddfil majonnäs,Fettsyra 4:0-10:0,Potatisprodukter potatisrätter,0.1,g
261,Potatissallad m. gräddfil majonnäs,DHA (C22:6),Potatisprodukter potatisrätter,0.0,g
261,Potatissallad m. gräddfil majonnäs,DPA (C22:5),Potatisprodukter potatisrätter,0.0,g
261,Potatissallad m. gräddfil majonnäs,EPA (C20:5),Potatisprodukter potatisrätter,0.0,g
261,Potatissallad m. gräddfil majonnäs,Arakidonsyra C20:4,Potatisprodukter potatisrätter,0.0,g
261,Potatissallad m. gräddfil majonnäs,Arakidinsyra C20:0,Potatisprodukter potatisrätter,0.0,g
261,Potatissallad m. gräddfil majonnäs,Linolensyra C18:3,Potatisprodukter potatisrätter,0.4,g
261,Potatissallad m. gräddfil majonnäs,Linolsyra C18:2,Potatisprodukter potatisrätter,1.2,g
261,Potatissallad m. gräddfil majonnäs,Oljesyra C18:1,Potatisprodukter potatisrätter,5.6,g
261,Potatissallad m. gräddfil majonnäs,Stearinsyra C18:0,Potatisprodukter potatisrätter,0.3,g
261,Potatissallad m. gräddfil majonnäs,Palmitoljesyra C16:1,Potatisprodukter potatisrätter,0.1,g
261,Potatissallad m. gräddfil majonnäs,Palmitinsyra C16:0,Potatisprodukter potatisrätter,1.0,g
261,Potatissallad m. gräddfil majonnäs,Myristinsyra C14:0,Potatisprodukter potatisrätter,0.1,g
261,Potatissallad m. gräddfil majonnäs,Laurinsyra C12:0,Potatisprodukter potatisrätter,0.0,g
261,Potatissallad m. gräddfil majonnäs,Betakaroten/β-Karoten,Potatisprodukter potatisrätter,42.0,µg
261,Potatissallad m. gräddfil majonnäs,Avfall (skal etc.),Potatisprodukter potatisrätter,0.0,%
261,Potatissallad m. gräddfil majonnäs,Aska,Potatisprodukter potatisrätter,1.9,g
261,Potatissallad m. gräddfil majonnäs,Alkohol,Potatisprodukter potatisrätter,0.0,g
262,Potatissoppa m. purjolök,"Zink, Zn",Soppa mat,0.1,mg
262,Potatissoppa m. purjolök,Vitamin E,Soppa mat,0.4,mg
262,Potatissoppa m. purjolök,Vitamin D,Soppa mat,0.04,µg
262,Potatissoppa m. purjolök,Vitamin C,Soppa mat,6.9,mg
262,Potatissoppa m. purjolök,Vitamin B6,Soppa mat,0.08,mg
262,Potatissoppa m. purjolök,Vitamin B12,Soppa mat,0.03,µg
262,Potatissoppa m. purjolök,Vitamin A,Soppa mat,15.1,RE/µg
262,Potatissoppa m. purjolök,Vatten,Soppa mat,88.3,g
262,Potatissoppa m. purjolök,Tiamin,Soppa mat,0.03,mg
262,Potatissoppa m. purjolök,Tillsatt socker,Soppa mat,0.0,g
262,Potatissoppa m. purjolök,Fritt socker,Soppa mat,0.0,g
262,Potatissoppa m. purjolök,"Selen, Se",Soppa mat,0.0,µg
262,Potatissoppa m. purjolök,Sackaros,Soppa mat,0.2,g
262,Potatissoppa m. purjolök,Riboflavin,Soppa mat,0.02,mg
262,Potatissoppa m. purjolök,Retinol,Soppa mat,8.5,µg
262,Potatissoppa m. purjolök,Protein,Soppa mat,1.0,g
262,Potatissoppa m. purjolök,Summa fleromättade fettsyror,Soppa mat,0.3,g
262,Potatissoppa m. purjolök,"Fosfor, P",Soppa mat,21.0,mg
262,Potatissoppa m. purjolök,Niacinekvivalenter,Soppa mat,0.87,NE/mg
262,Potatissoppa m. purjolök,Niacin,Soppa mat,0.7,mg
262,Potatissoppa m. purjolök,"Salt, NaCl",Soppa mat,1.0,g
262,Potatissoppa m. purjolök,"Natrium, Na",Soppa mat,411.0,mg
262,Potatissoppa m. purjolök,Monosackarider,Soppa mat,0.6,g
262,Potatissoppa m. purjolök,"Sockerarter, totalt",Soppa mat,0.8,g
262,Potatissoppa m. purjolök,Summa enkelomättade fettsyror,Soppa mat,0.7,g
262,Potatissoppa m. purjolök,"Magnesium, Mg",Soppa mat,9.0,mg
262,Potatissoppa m. purjolök,Summa mättade fettsyror,Soppa mat,0.6,g
262,Potatissoppa m. purjolök,"Kolhydrater, tillgängliga",Soppa mat,6.6,g
262,Potatissoppa m. purjolök,Kolesterol,Soppa mat,1.6,mg
262,Potatissoppa m. purjolök,"Kalium, K",Soppa mat,133.0,mg
262,Potatissoppa m. purjolök,"Jod, I",Soppa mat,21.0,µg
262,Potatissoppa m. purjolök,Fullkorn totalt,Soppa mat,0.0,g
262,Potatissoppa m. purjolök,"Folat, totalt",Soppa mat,12.4,µg
262,Potatissoppa m. purjolök,Fibrer,Soppa mat,1.0,g
262,Potatissoppa m. purjolök,"Fett, totalt",Soppa mat,1.8,g
262,Potatissoppa m. purjolök,"Järn, Fe",Soppa mat,0.2,mg
262,Potatissoppa m. purjolök,Energi (kJ),Soppa mat,203.0,kJ
262,Potatissoppa m. purjolök,Energi (kcal),Soppa mat,49.0,kcal
262,Potatissoppa m. purjolök,Disackarider,Soppa mat,0.2,g
262,Potatissoppa m. purjolök,"Kalcium, Ca",Soppa mat,11.0,mg
262,Potatissoppa m. purjolök,Fettsyra 4:0-10:0,Soppa mat,0.0,g
262,Potatissoppa m. purjolök,DHA (C22:6),Soppa mat,0.0,g
262,Potatissoppa m. purjolök,DPA (C22:5),Soppa mat,0.0,g
262,Potatissoppa m. purjolök,EPA (C20:5),Soppa mat,0.0,g
262,Potatissoppa m. purjolök,Arakidonsyra C20:4,Soppa mat,0.0,g
262,Potatissoppa m. purjolök,Arakidinsyra C20:0,Soppa mat,0.0,g
262,Potatissoppa m. purjolök,Linolensyra C18:3,Soppa mat,0.1,g
262,Potatissoppa m. purjolök,Linolsyra C18:2,Soppa mat,0.2,g
262,Potatissoppa m. purjolök,Oljesyra C18:1,Soppa mat,0.7,g
262,Potatissoppa m. purjolök,Stearinsyra C18:0,Soppa mat,0.1,g
262,Potatissoppa m. purjolök,Palmitoljesyra C16:1,Soppa mat,0.0,g
262,Potatissoppa m. purjolök,Palmitinsyra C16:0,Soppa mat,0.3,g
262,Potatissoppa m. purjolök,Myristinsyra C14:0,Soppa mat,0.1,g
262,Potatissoppa m. purjolök,Laurinsyra C12:0,Soppa mat,0.0,g
262,Potatissoppa m. purjolök,Betakaroten/β-Karoten,Soppa mat,63.0,µg
262,Potatissoppa m. purjolök,Avfall (skal etc.),Soppa mat,1.0,%
262,Potatissoppa m. purjolök,Aska,Soppa mat,1.4,g
262,Potatissoppa m. purjolök,Alkohol,Soppa mat,0.0,g
263,Pytt i panna m. rotfrukt svamp veg.,"Zink, Zn",Potatisprodukter potatisrätter,0.4,mg
263,Pytt i panna m. rotfrukt svamp veg.,Vitamin E,Potatisprodukter potatisrätter,1.1,mg
263,Pytt i panna m. rotfrukt svamp veg.,Vitamin D,Potatisprodukter potatisrätter,3.13,µg
263,Pytt i panna m. rotfrukt svamp veg.,Vitamin C,Potatisprodukter potatisrätter,8.8,mg
263,Pytt i panna m. rotfrukt svamp veg.,Vitamin B6,Potatisprodukter potatisrätter,0.15,mg
263,Pytt i panna m. rotfrukt svamp veg.,Vitamin B12,Potatisprodukter potatisrätter,0.0,µg
263,Pytt i panna m. rotfrukt svamp veg.,Vitamin A,Potatisprodukter potatisrätter,111.9,RE/µg
263,Pytt i panna m. rotfrukt svamp veg.,Vatten,Potatisprodukter potatisrätter,80.6,g
263,Pytt i panna m. rotfrukt svamp veg.,Tiamin,Potatisprodukter potatisrätter,0.07,mg
263,Pytt i panna m. rotfrukt svamp veg.,Tillsatt socker,Potatisprodukter potatisrätter,0.0,g
263,Pytt i panna m. rotfrukt svamp veg.,Fritt socker,Potatisprodukter potatisrätter,0.0,g
263,Pytt i panna m. rotfrukt svamp veg.,"Selen, Se",Potatisprodukter potatisrätter,2.2,µg
263,Pytt i panna m. rotfrukt svamp veg.,Sackaros,Potatisprodukter potatisrätter,1.5,g
263,Pytt i panna m. rotfrukt svamp veg.,Riboflavin,Potatisprodukter potatisrätter,0.11,mg
263,Pytt i panna m. rotfrukt svamp veg.,Retinol,Potatisprodukter potatisrätter,4.2,µg
263,Pytt i panna m. rotfrukt svamp veg.,Protein,Potatisprodukter potatisrätter,1.8,g
263,Pytt i panna m. rotfrukt svamp veg.,Summa fleromättade fettsyror,Potatisprodukter potatisrätter,0.9,g
263,Pytt i panna m. rotfrukt svamp veg.,"Fosfor, P",Potatisprodukter potatisrätter,43.0,mg
263,Pytt i panna m. rotfrukt svamp veg.,Niacinekvivalenter,Potatisprodukter potatisrätter,2.43,NE/mg
263,Pytt i panna m. rotfrukt svamp veg.,Niacin,Potatisprodukter potatisrätter,2.13,mg
263,Pytt i panna m. rotfrukt svamp veg.,"Salt, NaCl",Potatisprodukter potatisrätter,0.4,g
263,Pytt i panna m. rotfrukt svamp veg.,"Natrium, Na",Potatisprodukter potatisrätter,166.0,mg
263,Pytt i panna m. rotfrukt svamp veg.,Monosackarider,Potatisprodukter potatisrätter,1.8,g
263,Pytt i panna m. rotfrukt svamp veg.,"Sockerarter, totalt",Potatisprodukter potatisrätter,3.3,g
263,Pytt i panna m. rotfrukt svamp veg.,Summa enkelomättade fettsyror,Potatisprodukter potatisrätter,1.6,g
263,Pytt i panna m. rotfrukt svamp veg.,"Magnesium, Mg",Potatisprodukter potatisrätter,15.0,mg
263,Pytt i panna m. rotfrukt svamp veg.,Summa mättade fettsyror,Potatisprodukter potatisrätter,0.3,g
263,Pytt i panna m. rotfrukt svamp veg.,"Kolhydrater, tillgängliga",Potatisprodukter potatisrätter,10.0,g
263,Pytt i panna m. rotfrukt svamp veg.,Kolesterol,Potatisprodukter potatisrätter,0.0,mg
263,Pytt i panna m. rotfrukt svamp veg.,"Kalium, K",Potatisprodukter potatisrätter,340.0,mg
263,Pytt i panna m. rotfrukt svamp veg.,"Jod, I",Potatisprodukter potatisrätter,20.0,µg
263,Pytt i panna m. rotfrukt svamp veg.,Fullkorn totalt,Potatisprodukter potatisrätter,0.0,g
263,Pytt i panna m. rotfrukt svamp veg.,"Folat, totalt",Potatisprodukter potatisrätter,27.2,µg
263,Pytt i panna m. rotfrukt svamp veg.,Fibrer,Potatisprodukter potatisrätter,3.2,g
263,Pytt i panna m. rotfrukt svamp veg.,"Fett, totalt",Potatisprodukter potatisrätter,3.1,g
263,Pytt i panna m. rotfrukt svamp veg.,"Järn, Fe",Potatisprodukter potatisrätter,0.5,mg
263,Pytt i panna m. rotfrukt svamp veg.,Energi (kJ),Potatisprodukter potatisrätter,343.0,kJ
263,Pytt i panna m. rotfrukt svamp veg.,Energi (kcal),Potatisprodukter potatisrätter,82.0,kcal
263,Pytt i panna m. rotfrukt svamp veg.,Disackarider,Potatisprodukter potatisrätter,1.6,g
263,Pytt i panna m. rotfrukt svamp veg.,"Kalcium, Ca",Potatisprodukter potatisrätter,21.0,mg
263,Pytt i panna m. rotfrukt svamp veg.,Fettsyra 4:0-10:0,Potatisprodukter potatisrätter,0.0,g
263,Pytt i panna m. rotfrukt svamp veg.,DHA (C22:6),Potatisprodukter potatisrätter,0.0,g
263,Pytt i panna m. rotfrukt svamp veg.,DPA (C22:5),Potatisprodukter potatisrätter,0.0,g
263,Pytt i panna m. rotfrukt svamp veg.,EPA (C20:5),Potatisprodukter potatisrätter,0.0,g
263,Pytt i panna m. rotfrukt svamp veg.,Arakidonsyra C20:4,Potatisprodukter potatisrätter,0.0,g
263,Pytt i panna m. rotfrukt svamp veg.,Arakidinsyra C20:0,Potatisprodukter potatisrätter,0.0,g
263,Pytt i panna m. rotfrukt svamp veg.,Linolensyra C18:3,Potatisprodukter potatisrätter,0.2,g
263,Pytt i panna m. rotfrukt svamp veg.,Linolsyra C18:2,Potatisprodukter potatisrätter,0.7,g
263,Pytt i panna m. rotfrukt svamp veg.,Oljesyra C18:1,Potatisprodukter potatisrätter,1.6,g
263,Pytt i panna m. rotfrukt svamp veg.,Stearinsyra C18:0,Potatisprodukter potatisrätter,0.1,g
263,Pytt i panna m. rotfrukt svamp veg.,Palmitoljesyra C16:1,Potatisprodukter potatisrätter,0.0,g
263,Pytt i panna m. rotfrukt svamp veg.,Palmitinsyra C16:0,Potatisprodukter potatisrätter,0.2,g
263,Pytt i panna m. rotfrukt svamp veg.,Myristinsyra C14:0,Potatisprodukter potatisrätter,0.0,g
263,Pytt i panna m. rotfrukt svamp veg.,Laurinsyra C12:0,Potatisprodukter potatisrätter,0.0,g
263,Pytt i panna m. rotfrukt svamp veg.,Betakaroten/β-Karoten,Potatisprodukter potatisrätter,1080.0,µg
263,Pytt i panna m. rotfrukt svamp veg.,Avfall (skal etc.),Potatisprodukter potatisrätter,13.0,%
263,Pytt i panna m. rotfrukt svamp veg.,Aska,Potatisprodukter potatisrätter,1.3,g
263,Pytt i panna m. rotfrukt svamp veg.,Alkohol,Potatisprodukter potatisrätter,0.0,g
264,Potatissallad m. vinägrettsås,"Zink, Zn",Potatisprodukter potatisrätter,0.2,mg
264,Potatissallad m. vinägrettsås,Vitamin E,Potatisprodukter potatisrätter,1.4,mg
264,Potatissallad m. vinägrettsås,Vitamin D inkl 25-OH-D3,Potatisprodukter potatisrätter,0.0,µg
264,Potatissallad m. vinägrettsås,Vitamin D,Potatisprodukter potatisrätter,0.0,µg
264,Potatissallad m. vinägrettsås,Vitamin C,Potatisprodukter potatisrätter,16.9,mg
264,Potatissallad m. vinägrettsås,Vitamin B6,Potatisprodukter potatisrätter,0.18,mg
264,Potatissallad m. vinägrettsås,Vitamin B12,Potatisprodukter potatisrätter,0.0,µg
264,Potatissallad m. vinägrettsås,Vitamin A,Potatisprodukter potatisrätter,11.1,RE/µg
264,Potatissallad m. vinägrettsås,Vatten,Potatisprodukter potatisrätter,75.7,g
264,Potatissallad m. vinägrettsås,Tiamin,Potatisprodukter potatisrätter,0.05,mg
264,Potatissallad m. vinägrettsås,Tillsatt socker,Potatisprodukter potatisrätter,0.0,g
264,Potatissallad m. vinägrettsås,Fritt socker,Potatisprodukter potatisrätter,0.0,g
264,Potatissallad m. vinägrettsås,"Selen, Se",Potatisprodukter potatisrätter,0.1,µg
264,Potatissallad m. vinägrettsås,Sackaros,Potatisprodukter potatisrätter,0.2,g
264,Potatissallad m. vinägrettsås,Riboflavin,Potatisprodukter potatisrätter,0.03,mg
264,Potatissallad m. vinägrettsås,Retinol,Potatisprodukter potatisrätter,0.0,µg
264,Potatissallad m. vinägrettsås,Protein,Potatisprodukter potatisrätter,1.8,g
264,Potatissallad m. vinägrettsås,Summa fleromättade fettsyror,Potatisprodukter potatisrätter,1.3,g
264,Potatissallad m. vinägrettsås,"Fosfor, P",Potatisprodukter potatisrätter,40.0,mg
264,Potatissallad m. vinägrettsås,Niacinekvivalenter,Potatisprodukter potatisrätter,1.8,NE/mg
264,Potatissallad m. vinägrettsås,Niacin,Potatisprodukter potatisrätter,1.52,mg
264,Potatissallad m. vinägrettsås,"Salt, NaCl",Potatisprodukter potatisrätter,0.5,g
264,Potatissallad m. vinägrettsås,"Natrium, Na",Potatisprodukter potatisrätter,210.0,mg
264,Potatissallad m. vinägrettsås,Monosackarider,Potatisprodukter potatisrätter,0.6,g
264,Potatissallad m. vinägrettsås,"Sockerarter, totalt",Potatisprodukter potatisrätter,0.8,g
264,Potatissallad m. vinägrettsås,Summa enkelomättade fettsyror,Potatisprodukter potatisrätter,2.9,g
264,Potatissallad m. vinägrettsås,"Magnesium, Mg",Potatisprodukter potatisrätter,20.0,mg
264,Potatissallad m. vinägrettsås,Summa mättade fettsyror,Potatisprodukter potatisrätter,0.3,g
264,Potatissallad m. vinägrettsås,"Kolhydrater, tillgängliga",Potatisprodukter potatisrätter,14.5,g
264,Potatissallad m. vinägrettsås,Kolesterol,Potatisprodukter potatisrätter,0.0,mg
264,Potatissallad m. vinägrettsås,"Kalium, K",Potatisprodukter potatisrätter,293.0,mg
264,Potatissallad m. vinägrettsås,"Jod, I",Potatisprodukter potatisrätter,24.6,µg
264,Potatissallad m. vinägrettsås,Fullkorn totalt,Potatisprodukter potatisrätter,0.0,g
264,Potatissallad m. vinägrettsås,"Folat, totalt",Potatisprodukter potatisrätter,23.5,µg
264,Potatissallad m. vinägrettsås,Fibrer,Potatisprodukter potatisrätter,2.0,g
264,Potatissallad m. vinägrettsås,"Fett, totalt",Potatisprodukter potatisrätter,4.8,g
264,Potatissallad m. vinägrettsås,"Järn, Fe",Potatisprodukter potatisrätter,0.5,mg
264,Potatissallad m. vinägrettsås,Energi (kJ),Potatisprodukter potatisrätter,471.0,kJ
264,Potatissallad m. vinägrettsås,Energi (kcal),Potatisprodukter potatisrätter,113.0,kcal
264,Potatissallad m. vinägrettsås,Disackarider,Potatisprodukter potatisrätter,0.2,g
264,Potatissallad m. vinägrettsås,"Kalcium, Ca",Potatisprodukter potatisrätter,21.0,mg
264,Potatissallad m. vinägrettsås,Fettsyra 4:0-10:0,Potatisprodukter potatisrätter,0.0,g
264,Potatissallad m. vinägrettsås,DHA (C22:6),Potatisprodukter potatisrätter,0.0,g
264,Potatissallad m. vinägrettsås,DPA (C22:5),Potatisprodukter potatisrätter,0.0,g
264,Potatissallad m. vinägrettsås,EPA (C20:5),Potatisprodukter potatisrätter,0.0,g
264,Potatissallad m. vinägrettsås,Arakidonsyra C20:4,Potatisprodukter potatisrätter,0.0,g
264,Potatissallad m. vinägrettsås,Arakidinsyra C20:0,Potatisprodukter potatisrätter,0.0,g
264,Potatissallad m. vinägrettsås,Linolensyra C18:3,Potatisprodukter potatisrätter,0.4,g
264,Potatissallad m. vinägrettsås,Linolsyra C18:2,Potatisprodukter potatisrätter,0.9,g
264,Potatissallad m. vinägrettsås,Oljesyra C18:1,Potatisprodukter potatisrätter,2.8,g
264,Potatissallad m. vinägrettsås,Stearinsyra C18:0,Potatisprodukter potatisrätter,0.1,g
264,Potatissallad m. vinägrettsås,Palmitoljesyra C16:1,Potatisprodukter potatisrätter,0.0,g
264,Potatissallad m. vinägrettsås,Palmitinsyra C16:0,Potatisprodukter potatisrätter,0.2,g
264,Potatissallad m. vinägrettsås,Myristinsyra C14:0,Potatisprodukter potatisrätter,0.0,g
264,Potatissallad m. vinägrettsås,Laurinsyra C12:0,Potatisprodukter potatisrätter,0.0,g
264,Potatissallad m. vinägrettsås,Betakaroten/β-Karoten,Potatisprodukter potatisrätter,133.0,µg
264,Potatissallad m. vinägrettsås,Avfall (skal etc.),Potatisprodukter potatisrätter,1.0,%
264,Potatissallad m. vinägrettsås,Aska,Potatisprodukter potatisrätter,1.2,g
264,Potatissallad m. vinägrettsås,Alkohol,Potatisprodukter potatisrätter,0.0,g
266,Potatispalt,"Zink, Zn",Potatisprodukter potatisrätter,0.3,mg
266,Potatispalt,Vitamin E,Potatisprodukter potatisrätter,0.1,mg
266,Potatispalt,Vitamin D inkl 25-OH-D3,Potatisprodukter potatisrätter,0.0,µg
266,Potatispalt,Vitamin D,Potatisprodukter potatisrätter,0.0,µg
266,Potatispalt,Vitamin C,Potatisprodukter potatisrätter,6.0,mg
266,Potatispalt,Vitamin B6,Potatisprodukter potatisrätter,0.23,mg
266,Potatispalt,Vitamin B12,Potatisprodukter potatisrätter,0.0,µg
266,Potatispalt,Vitamin A,Potatisprodukter potatisrätter,19.0,RE/µg
266,Potatispalt,Vatten,Potatisprodukter potatisrätter,63.4,g
266,Potatispalt,Tiamin,Potatisprodukter potatisrätter,0.11,mg
266,Potatispalt,Tillsatt socker,Potatisprodukter potatisrätter,0.0,g
266,Potatispalt,Fritt socker,Potatisprodukter potatisrätter,0.0,g
266,Potatispalt,"Selen, Se",Potatisprodukter potatisrätter,0.1,µg
266,Potatispalt,Sackaros,Potatisprodukter potatisrätter,0.3,g
266,Potatispalt,Riboflavin,Potatisprodukter potatisrätter,0.08,mg
266,Potatispalt,Retinol,Potatisprodukter potatisrätter,19.0,µg
266,Potatispalt,Protein,Potatisprodukter potatisrätter,4.8,g
266,Potatispalt,Summa fleromättade fettsyror,Potatisprodukter potatisrätter,0.2,g
266,Potatispalt,"Fosfor, P",Potatisprodukter potatisrätter,123.0,mg
266,Potatispalt,Niacinekvivalenter,Potatisprodukter potatisrätter,3.2,NE/mg
266,Potatispalt,Niacin,Potatisprodukter potatisrätter,2.4,mg
266,Potatispalt,"Salt, NaCl",Potatisprodukter potatisrätter,0.6,g
266,Potatispalt,"Natrium, Na",Potatisprodukter potatisrätter,260.0,mg
266,Potatispalt,Monosackarider,Potatisprodukter potatisrätter,0.1,g
266,Potatispalt,"Sockerarter, totalt",Potatisprodukter potatisrätter,0.4,g
266,Potatispalt,Summa enkelomättade fettsyror,Potatisprodukter potatisrätter,0.8,g
266,Potatispalt,"Magnesium, Mg",Potatisprodukter potatisrätter,15.0,mg
266,Potatispalt,Summa mättade fettsyror,Potatisprodukter potatisrätter,0.5,g
266,Potatispalt,"Kolhydrater, tillgängliga",Potatisprodukter potatisrätter,23.8,g
266,Potatispalt,Kolesterol,Potatisprodukter potatisrätter,44.0,mg
266,Potatispalt,"Kalium, K",Potatisprodukter potatisrätter,340.0,mg
266,Potatispalt,Fullkorn totalt,Potatisprodukter potatisrätter,0.0,g
266,Potatispalt,"Folat, totalt",Potatisprodukter potatisrätter,7.0,µg
266,Potatispalt,Fibrer,Potatisprodukter potatisrätter,5.0,g
266,Potatispalt,"Fett, totalt",Potatisprodukter potatisrätter,1.7,g
266,Potatispalt,"Järn, Fe",Potatisprodukter potatisrätter,1.9,mg
266,Potatispalt,Energi (kJ),Potatisprodukter potatisrätter,589.0,kJ
266,Potatispalt,Energi (kcal),Potatisprodukter potatisrätter,141.0,kcal
266,Potatispalt,Disackarider,Potatisprodukter potatisrätter,0.3,g
266,Potatispalt,"Kalcium, Ca",Potatisprodukter potatisrätter,16.0,mg
266,Potatispalt,Fettsyra 4:0-10:0,Potatisprodukter potatisrätter,0.0,g
266,Potatispalt,DHA (C22:6),Potatisprodukter potatisrätter,0.0,g
266,Potatispalt,DPA (C22:5),Potatisprodukter potatisrätter,0.0,g
266,Potatispalt,EPA (C20:5),Potatisprodukter potatisrätter,0.0,g
266,Potatispalt,Arakidonsyra C20:4,Potatisprodukter potatisrätter,0.0,g
266,Potatispalt,Arakidinsyra C20:0,Potatisprodukter potatisrätter,0.0,g
266,Potatispalt,Linolensyra C18:3,Potatisprodukter potatisrätter,0.0,g
266,Potatispalt,Linolsyra C18:2,Potatisprodukter potatisrätter,0.1,g
266,Potatispalt,Oljesyra C18:1,Potatisprodukter potatisrätter,0.7,g
266,Potatispalt,Stearinsyra C18:0,Potatisprodukter potatisrätter,0.1,g
266,Potatispalt,Palmitoljesyra C16:1,Potatisprodukter potatisrätter,0.1,g
266,Potatispalt,Palmitinsyra C16:0,Potatisprodukter potatisrätter,0.4,g
266,Potatispalt,Myristinsyra C14:0,Potatisprodukter potatisrätter,0.0,g
266,Potatispalt,Laurinsyra C12:0,Potatisprodukter potatisrätter,0.0,g
266,Potatispalt,Betakaroten/β-Karoten,Potatisprodukter potatisrätter,0.0,µg
266,Potatispalt,Avfall (skal etc.),Potatisprodukter potatisrätter,0.0,%
266,Potatispalt,Aska,Potatisprodukter potatisrätter,1.3,g
266,Potatispalt,Alkohol,Potatisprodukter potatisrätter,0.0,g
268,Potatis råstuvad hemlagad,"Zink, Zn",Potatisprodukter potatisrätter,0.3,mg
268,Potatis råstuvad hemlagad,Vitamin E,Potatisprodukter potatisrätter,0.1,mg
268,Potatis råstuvad hemlagad,Vitamin D,Potatisprodukter potatisrätter,0.07,µg
268,Potatis råstuvad hemlagad,Vitamin C,Potatisprodukter potatisrätter,2.0,mg
268,Potatis råstuvad hemlagad,Vitamin B6,Potatisprodukter potatisrätter,0.3,mg
268,Potatis råstuvad hemlagad,Vitamin B12,Potatisprodukter potatisrätter,0.2,µg
268,Potatis råstuvad hemlagad,Vitamin A,Potatisprodukter potatisrätter,9.2,RE/µg
268,Potatis råstuvad hemlagad,Vatten,Potatisprodukter potatisrätter,80.0,g
268,Potatis råstuvad hemlagad,Tiamin,Potatisprodukter potatisrätter,0.05,mg
268,Potatis råstuvad hemlagad,Tillsatt socker,Potatisprodukter potatisrätter,0.0,g
268,Potatis råstuvad hemlagad,Fritt socker,Potatisprodukter potatisrätter,0.0,g
268,Potatis råstuvad hemlagad,"Selen, Se",Potatisprodukter potatisrätter,0.5,µg
268,Potatis råstuvad hemlagad,Sackaros,Potatisprodukter potatisrätter,0.1,g
268,Potatis råstuvad hemlagad,Riboflavin,Potatisprodukter potatisrätter,0.07,mg
268,Potatis råstuvad hemlagad,Retinol,Potatisprodukter potatisrätter,7.0,µg
268,Potatis råstuvad hemlagad,Protein,Potatisprodukter potatisrätter,2.2,g
268,Potatis råstuvad hemlagad,Summa fleromättade fettsyror,Potatisprodukter potatisrätter,0.1,g
268,Potatis råstuvad hemlagad,"Fosfor, P",Potatisprodukter potatisrätter,74.0,mg
268,Potatis råstuvad hemlagad,Niacinekvivalenter,Potatisprodukter potatisrätter,1.57,NE/mg
268,Potatis råstuvad hemlagad,Niacin,Potatisprodukter potatisrätter,1.2,mg
268,Potatis råstuvad hemlagad,"Salt, NaCl",Potatisprodukter potatisrätter,1.0,g
268,Potatis råstuvad hemlagad,"Natrium, Na",Potatisprodukter potatisrätter,390.0,mg
268,Potatis råstuvad hemlagad,Monosackarider,Potatisprodukter potatisrätter,0.2,g
268,Potatis råstuvad hemlagad,"Sockerarter, totalt",Potatisprodukter potatisrätter,2.2,g
268,Potatis råstuvad hemlagad,Summa enkelomättade fettsyror,Potatisprodukter potatisrätter,0.3,g
268,Potatis råstuvad hemlagad,"Magnesium, Mg",Potatisprodukter potatisrätter,16.0,mg
268,Potatis råstuvad hemlagad,Summa mättade fettsyror,Potatisprodukter potatisrätter,0.6,g
268,Potatis råstuvad hemlagad,"Kolhydrater, tillgängliga",Potatisprodukter potatisrätter,14.0,g
268,Potatis råstuvad hemlagad,Kolesterol,Potatisprodukter potatisrätter,3.0,mg
268,Potatis råstuvad hemlagad,"Kalium, K",Potatisprodukter potatisrätter,375.0,mg
268,Potatis råstuvad hemlagad,"Jod, I",Potatisprodukter potatisrätter,53.3,µg
268,Potatis råstuvad hemlagad,Fullkorn totalt,Potatisprodukter potatisrätter,0.0,g
268,Potatis råstuvad hemlagad,"Folat, totalt",Potatisprodukter potatisrätter,2.0,µg
268,Potatis råstuvad hemlagad,Fibrer,Potatisprodukter potatisrätter,0.8,g
268,Potatis råstuvad hemlagad,"Fett, totalt",Potatisprodukter potatisrätter,1.2,g
268,Potatis råstuvad hemlagad,"Järn, Fe",Potatisprodukter potatisrätter,0.4,mg
268,Potatis råstuvad hemlagad,Energi (kJ),Potatisprodukter potatisrätter,326.0,kJ
268,Potatis råstuvad hemlagad,Energi (kcal),Potatisprodukter potatisrätter,78.0,kcal
268,Potatis råstuvad hemlagad,Disackarider,Potatisprodukter potatisrätter,2.1,g
268,Potatis råstuvad hemlagad,"Kalcium, Ca",Potatisprodukter potatisrätter,40.0,mg
268,Potatis råstuvad hemlagad,Fettsyra 4:0-10:0,Potatisprodukter potatisrätter,0.1,g
268,Potatis råstuvad hemlagad,DHA (C22:6),Potatisprodukter potatisrätter,0.0,g
268,Potatis råstuvad hemlagad,DPA (C22:5),Potatisprodukter potatisrätter,0.0,g
268,Potatis råstuvad hemlagad,EPA (C20:5),Potatisprodukter potatisrätter,0.0,g
268,Potatis råstuvad hemlagad,Arakidonsyra C20:4,Potatisprodukter potatisrätter,0.0,g
268,Potatis råstuvad hemlagad,Arakidinsyra C20:0,Potatisprodukter potatisrätter,0.0,g
268,Potatis råstuvad hemlagad,Linolensyra C18:3,Potatisprodukter potatisrätter,0.0,g
268,Potatis råstuvad hemlagad,Linolsyra C18:2,Potatisprodukter potatisrätter,0.1,g
268,Potatis råstuvad hemlagad,Oljesyra C18:1,Potatisprodukter potatisrätter,0.3,g
268,Potatis råstuvad hemlagad,Stearinsyra C18:0,Potatisprodukter potatisrätter,0.1,g
268,Potatis råstuvad hemlagad,Palmitoljesyra C16:1,Potatisprodukter potatisrätter,0.0,g
268,Potatis råstuvad hemlagad,Palmitinsyra C16:0,Potatisprodukter potatisrätter,0.3,g
268,Potatis råstuvad hemlagad,Myristinsyra C14:0,Potatisprodukter potatisrätter,0.1,g
268,Potatis råstuvad hemlagad,Laurinsyra C12:0,Potatisprodukter potatisrätter,0.0,g
268,Potatis råstuvad hemlagad,Betakaroten/β-Karoten,Potatisprodukter potatisrätter,27.0,µg
268,Potatis råstuvad hemlagad,Avfall (skal etc.),Potatisprodukter potatisrätter,0.0,%
268,Potatis råstuvad hemlagad,Aska,Potatisprodukter potatisrätter,1.8,g
268,Potatis råstuvad hemlagad,Alkohol,Potatisprodukter potatisrätter,0.0,g
270,Potatisgratäng m. mjölk kaffegrädde ost hemlagad,"Zink, Zn",Potatisprodukter potatisrätter,0.9,mg
270,Potatisgratäng m. mjölk kaffegrädde ost hemlagad,Vitamin E,Potatisprodukter potatisrätter,0.3,mg
270,Potatisgratäng m. mjölk kaffegrädde ost hemlagad,Vitamin D,Potatisprodukter potatisrätter,0.0,µg
270,Potatisgratäng m. mjölk kaffegrädde ost hemlagad,Vitamin C,Potatisprodukter potatisrätter,5.9,mg
270,Potatisgratäng m. mjölk kaffegrädde ost hemlagad,Vitamin B6,Potatisprodukter potatisrätter,0.24,mg
270,Potatisgratäng m. mjölk kaffegrädde ost hemlagad,Vitamin B12,Potatisprodukter potatisrätter,0.2,µg
270,Potatisgratäng m. mjölk kaffegrädde ost hemlagad,Vitamin A,Potatisprodukter potatisrätter,31.3,RE/µg
270,Potatisgratäng m. mjölk kaffegrädde ost hemlagad,Vatten,Potatisprodukter potatisrätter,69.8,g
270,Potatisgratäng m. mjölk kaffegrädde ost hemlagad,Tiamin,Potatisprodukter potatisrätter,0.07,mg
270,Potatisgratäng m. mjölk kaffegrädde ost hemlagad,Tillsatt socker,Potatisprodukter potatisrätter,0.0,g
270,Potatisgratäng m. mjölk kaffegrädde ost hemlagad,Fritt socker,Potatisprodukter potatisrätter,0.0,g
270,Potatisgratäng m. mjölk kaffegrädde ost hemlagad,"Selen, Se",Potatisprodukter potatisrätter,1.9,µg
270,Potatisgratäng m. mjölk kaffegrädde ost hemlagad,Sackaros,Potatisprodukter potatisrätter,0.3,g
270,Potatisgratäng m. mjölk kaffegrädde ost hemlagad,Riboflavin,Potatisprodukter potatisrätter,0.1,mg
270,Potatisgratäng m. mjölk kaffegrädde ost hemlagad,Retinol,Potatisprodukter potatisrätter,29.6,µg
270,Potatisgratäng m. mjölk kaffegrädde ost hemlagad,Protein,Potatisprodukter potatisrätter,5.7,g
270,Potatisgratäng m. mjölk kaffegrädde ost hemlagad,Summa fleromättade fettsyror,Potatisprodukter potatisrätter,0.3,g
270,Potatisgratäng m. mjölk kaffegrädde ost hemlagad,"Fosfor, P",Potatisprodukter potatisrätter,105.0,mg
270,Potatisgratäng m. mjölk kaffegrädde ost hemlagad,Niacinekvivalenter,Potatisprodukter potatisrätter,2.56,NE/mg
270,Potatisgratäng m. mjölk kaffegrädde ost hemlagad,Niacin,Potatisprodukter potatisrätter,1.61,mg
270,Potatisgratäng m. mjölk kaffegrädde ost hemlagad,"Salt, NaCl",Potatisprodukter potatisrätter,1.1,g
270,Potatisgratäng m. mjölk kaffegrädde ost hemlagad,"Natrium, Na",Potatisprodukter potatisrätter,423.0,mg
270,Potatisgratäng m. mjölk kaffegrädde ost hemlagad,Monosackarider,Potatisprodukter potatisrätter,0.7,g
270,Potatisgratäng m. mjölk kaffegrädde ost hemlagad,"Sockerarter, totalt",Potatisprodukter potatisrätter,1.7,g
270,Potatisgratäng m. mjölk kaffegrädde ost hemlagad,Summa enkelomättade fettsyror,Potatisprodukter potatisrätter,1.6,g
270,Potatisgratäng m. mjölk kaffegrädde ost hemlagad,"Magnesium, Mg",Potatisprodukter potatisrätter,22.0,mg
270,Potatisgratäng m. mjölk kaffegrädde ost hemlagad,Summa mättade fettsyror,Potatisprodukter potatisrätter,3.6,g
270,Potatisgratäng m. mjölk kaffegrädde ost hemlagad,"Kolhydrater, tillgängliga",Potatisprodukter potatisrätter,15.0,g
270,Potatisgratäng m. mjölk kaffegrädde ost hemlagad,Kolesterol,Potatisprodukter potatisrätter,14.0,mg
270,Potatisgratäng m. mjölk kaffegrädde ost hemlagad,"Kalium, K",Potatisprodukter potatisrätter,421.0,mg
270,Potatisgratäng m. mjölk kaffegrädde ost hemlagad,"Jod, I",Potatisprodukter potatisrätter,3.7,µg
270,Potatisgratäng m. mjölk kaffegrädde ost hemlagad,Fullkorn totalt,Potatisprodukter potatisrätter,0.0,g
270,Potatisgratäng m. mjölk kaffegrädde ost hemlagad,"Folat, totalt",Potatisprodukter potatisrätter,29.4,µg
270,Potatisgratäng m. mjölk kaffegrädde ost hemlagad,Fibrer,Potatisprodukter potatisrätter,1.4,g
270,Potatisgratäng m. mjölk kaffegrädde ost hemlagad,"Fett, totalt",Potatisprodukter potatisrätter,5.9,g
270,Potatisgratäng m. mjölk kaffegrädde ost hemlagad,"Järn, Fe",Potatisprodukter potatisrätter,0.3,mg
270,Potatisgratäng m. mjölk kaffegrädde ost hemlagad,Energi (kJ),Potatisprodukter potatisrätter,580.0,kJ
270,Potatisgratäng m. mjölk kaffegrädde ost hemlagad,Energi (kcal),Potatisprodukter potatisrätter,139.0,kcal
270,Potatisgratäng m. mjölk kaffegrädde ost hemlagad,Disackarider,Potatisprodukter potatisrätter,1.0,g
270,Potatisgratäng m. mjölk kaffegrädde ost hemlagad,"Kalcium, Ca",Potatisprodukter potatisrätter,98.0,mg
270,Potatisgratäng m. mjölk kaffegrädde ost hemlagad,Fettsyra 4:0-10:0,Potatisprodukter potatisrätter,0.5,g
270,Potatisgratäng m. mjölk kaffegrädde ost hemlagad,DHA (C22:6),Potatisprodukter potatisrätter,0.0,g
270,Potatisgratäng m. mjölk kaffegrädde ost hemlagad,DPA (C22:5),Potatisprodukter potatisrätter,0.0,g
270,Potatisgratäng m. mjölk kaffegrädde ost hemlagad,EPA (C20:5),Potatisprodukter potatisrätter,0.0,g
270,Potatisgratäng m. mjölk kaffegrädde ost hemlagad,Arakidonsyra C20:4,Potatisprodukter potatisrätter,0.0,g
270,Potatisgratäng m. mjölk kaffegrädde ost hemlagad,Arakidinsyra C20:0,Potatisprodukter potatisrätter,0.0,g
270,Potatisgratäng m. mjölk kaffegrädde ost hemlagad,Linolensyra C18:3,Potatisprodukter potatisrätter,0.0,g
270,Potatisgratäng m. mjölk kaffegrädde ost hemlagad,Linolsyra C18:2,Potatisprodukter potatisrätter,0.2,g
270,Potatisgratäng m. mjölk kaffegrädde ost hemlagad,Oljesyra C18:1,Potatisprodukter potatisrätter,1.4,g
270,Potatisgratäng m. mjölk kaffegrädde ost hemlagad,Stearinsyra C18:0,Potatisprodukter potatisrätter,0.6,g
270,Potatisgratäng m. mjölk kaffegrädde ost hemlagad,Palmitoljesyra C16:1,Potatisprodukter potatisrätter,0.1,g
270,Potatisgratäng m. mjölk kaffegrädde ost hemlagad,Palmitinsyra C16:0,Potatisprodukter potatisrätter,1.6,g
270,Potatisgratäng m. mjölk kaffegrädde ost hemlagad,Myristinsyra C14:0,Potatisprodukter potatisrätter,0.6,g
270,Potatisgratäng m. mjölk kaffegrädde ost hemlagad,Laurinsyra C12:0,Potatisprodukter potatisrätter,0.2,g
270,Potatisgratäng m. mjölk kaffegrädde ost hemlagad,Betakaroten/β-Karoten,Potatisprodukter potatisrätter,20.0,µg
270,Potatisgratäng m. mjölk kaffegrädde ost hemlagad,Avfall (skal etc.),Potatisprodukter potatisrätter,0.0,%
270,Potatisgratäng m. mjölk kaffegrädde ost hemlagad,Aska,Potatisprodukter potatisrätter,2.2,g
270,Potatisgratäng m. mjölk kaffegrädde ost hemlagad,Alkohol,Potatisprodukter potatisrätter,0.0,g
271,Raggmunk potatisplätt potatispannkaka hemlagad,"Zink, Zn",Potatisprodukter potatisrätter,0.5,mg
271,Raggmunk potatisplätt potatispannkaka hemlagad,Vitamin E,Potatisprodukter potatisrätter,0.5,mg
271,Raggmunk potatisplätt potatispannkaka hemlagad,Vitamin D,Potatisprodukter potatisrätter,0.3,µg
271,Raggmunk potatisplätt potatispannkaka hemlagad,Vitamin C,Potatisprodukter potatisrätter,4.5,mg
271,Raggmunk potatisplätt potatispannkaka hemlagad,Vitamin B6,Potatisprodukter potatisrätter,0.19,mg
271,Raggmunk potatisplätt potatispannkaka hemlagad,Vitamin B12,Potatisprodukter potatisrätter,0.2,µg
271,Raggmunk potatisplätt potatispannkaka hemlagad,Vitamin A,Potatisprodukter potatisrätter,50.4,RE/µg
271,Raggmunk potatisplätt potatispannkaka hemlagad,Vatten,Potatisprodukter potatisrätter,67.5,g
271,Raggmunk potatisplätt potatispannkaka hemlagad,Tiamin,Potatisprodukter potatisrätter,0.14,mg
271,Raggmunk potatisplätt potatispannkaka hemlagad,Tillsatt socker,Potatisprodukter potatisrätter,0.0,g
271,Raggmunk potatisplätt potatispannkaka hemlagad,Fritt socker,Potatisprodukter potatisrätter,0.0,g
271,Raggmunk potatisplätt potatispannkaka hemlagad,"Selen, Se",Potatisprodukter potatisrätter,1.8,µg
271,Raggmunk potatisplätt potatispannkaka hemlagad,Sackaros,Potatisprodukter potatisrätter,0.0,g
271,Raggmunk potatisplätt potatispannkaka hemlagad,Riboflavin,Potatisprodukter potatisrätter,0.05,mg
271,Raggmunk potatisplätt potatispannkaka hemlagad,Retinol,Potatisprodukter potatisrätter,50.0,µg
271,Raggmunk potatisplätt potatispannkaka hemlagad,Protein,Potatisprodukter potatisrätter,4.2,g
271,Raggmunk potatisplätt potatispannkaka hemlagad,Summa fleromättade fettsyror,Potatisprodukter potatisrätter,0.7,g
271,Raggmunk potatisplätt potatispannkaka hemlagad,"Fosfor, P",Potatisprodukter potatisrätter,90.0,mg
271,Raggmunk potatisplätt potatispannkaka hemlagad,Niacinekvivalenter,Potatisprodukter potatisrätter,2.2,NE/mg
271,Raggmunk potatisplätt potatispannkaka hemlagad,Niacin,Potatisprodukter potatisrätter,1.5,mg
271,Raggmunk potatisplätt potatispannkaka hemlagad,"Salt, NaCl",Potatisprodukter potatisrätter,0.8,g
271,Raggmunk potatisplätt potatispannkaka hemlagad,"Natrium, Na",Potatisprodukter potatisrätter,320.0,mg
271,Raggmunk potatisplätt potatispannkaka hemlagad,Monosackarider,Potatisprodukter potatisrätter,0.2,g
271,Raggmunk potatisplätt potatispannkaka hemlagad,"Sockerarter, totalt",Potatisprodukter potatisrätter,2.4,g
271,Raggmunk potatisplätt potatispannkaka hemlagad,Summa enkelomättade fettsyror,Potatisprodukter potatisrätter,2.1,g
271,Raggmunk potatisplätt potatispannkaka hemlagad,"Magnesium, Mg",Potatisprodukter potatisrätter,21.0,mg
271,Raggmunk potatisplätt potatispannkaka hemlagad,Summa mättade fettsyror,Potatisprodukter potatisrätter,2.2,g
271,Raggmunk potatisplätt potatispannkaka hemlagad,"Kolhydrater, tillgängliga",Potatisprodukter potatisrätter,20.0,g
271,Raggmunk potatisplätt potatispannkaka hemlagad,Kolesterol,Potatisprodukter potatisrätter,25.0,mg
271,Raggmunk potatisplätt potatispannkaka hemlagad,"Kalium, K",Potatisprodukter potatisrätter,290.0,mg
271,Raggmunk potatisplätt potatispannkaka hemlagad,"Jod, I",Potatisprodukter potatisrätter,6.1,µg
271,Raggmunk potatisplätt potatispannkaka hemlagad,Fullkorn totalt,Potatisprodukter potatisrätter,0.0,g
271,Raggmunk potatisplätt potatispannkaka hemlagad,"Folat, totalt",Potatisprodukter potatisrätter,17.6,µg
271,Raggmunk potatisplätt potatispannkaka hemlagad,Fibrer,Potatisprodukter potatisrätter,1.0,g
271,Raggmunk potatisplätt potatispannkaka hemlagad,"Fett, totalt",Potatisprodukter potatisrätter,5.5,g
271,Raggmunk potatisplätt potatispannkaka hemlagad,"Järn, Fe",Potatisprodukter potatisrätter,0.5,mg
271,Raggmunk potatisplätt potatispannkaka hemlagad,Energi (kJ),Potatisprodukter potatisrätter,623.0,kJ
271,Raggmunk potatisplätt potatispannkaka hemlagad,Energi (kcal),Potatisprodukter potatisrätter,149.0,kcal
271,Raggmunk potatisplätt potatispannkaka hemlagad,Disackarider,Potatisprodukter potatisrätter,2.2,g
271,Raggmunk potatisplätt potatispannkaka hemlagad,"Kalcium, Ca",Potatisprodukter potatisrätter,58.0,mg
271,Raggmunk potatisplätt potatispannkaka hemlagad,Fettsyra 4:0-10:0,Potatisprodukter potatisrätter,0.2,g
271,Raggmunk potatisplätt potatispannkaka hemlagad,DHA (C22:6),Potatisprodukter potatisrätter,0.0,g
271,Raggmunk potatisplätt potatispannkaka hemlagad,DPA (C22:5),Potatisprodukter potatisrätter,0.0,g
271,Raggmunk potatisplätt potatispannkaka hemlagad,EPA (C20:5),Potatisprodukter potatisrätter,0.0,g
271,Raggmunk potatisplätt potatispannkaka hemlagad,Arakidonsyra C20:4,Potatisprodukter potatisrätter,0.0,g
271,Raggmunk potatisplätt potatispannkaka hemlagad,Arakidinsyra C20:0,Potatisprodukter potatisrätter,0.0,g
271,Raggmunk potatisplätt potatispannkaka hemlagad,Linolensyra C18:3,Potatisprodukter potatisrätter,0.1,g
271,Raggmunk potatisplätt potatispannkaka hemlagad,Linolsyra C18:2,Potatisprodukter potatisrätter,0.6,g
271,Raggmunk potatisplätt potatispannkaka hemlagad,Oljesyra C18:1,Potatisprodukter potatisrätter,2.0,g
271,Raggmunk potatisplätt potatispannkaka hemlagad,Stearinsyra C18:0,Potatisprodukter potatisrätter,0.6,g
271,Raggmunk potatisplätt potatispannkaka hemlagad,Palmitoljesyra C16:1,Potatisprodukter potatisrätter,0.1,g
271,Raggmunk potatisplätt potatispannkaka hemlagad,Palmitinsyra C16:0,Potatisprodukter potatisrätter,0.9,g
271,Raggmunk potatisplätt potatispannkaka hemlagad,Myristinsyra C14:0,Potatisprodukter potatisrätter,0.2,g
271,Raggmunk potatisplätt potatispannkaka hemlagad,Laurinsyra C12:0,Potatisprodukter potatisrätter,0.2,g
271,Raggmunk potatisplätt potatispannkaka hemlagad,Betakaroten/β-Karoten,Potatisprodukter potatisrätter,5.0,µg
271,Raggmunk potatisplätt potatispannkaka hemlagad,Avfall (skal etc.),Potatisprodukter potatisrätter,0.0,%
271,Raggmunk potatisplätt potatispannkaka hemlagad,Aska,Potatisprodukter potatisrätter,1.8,g
271,Raggmunk potatisplätt potatispannkaka hemlagad,Alkohol,Potatisprodukter potatisrätter,0.0,g
272,Potatis stuvad,"Zink, Zn",Potatisprodukter potatisrätter,0.3,mg
272,Potatis stuvad,Vitamin E,Potatisprodukter potatisrätter,0.4,mg
272,Potatis stuvad,Vitamin D,Potatisprodukter potatisrätter,0.45,µg
272,Potatis stuvad,Vitamin C,Potatisprodukter potatisrätter,12.1,mg
272,Potatis stuvad,Vitamin B6,Potatisprodukter potatisrätter,0.15,mg
272,Potatis stuvad,Vitamin B12,Potatisprodukter potatisrätter,0.16,µg
272,Potatis stuvad,Vitamin A,Potatisprodukter potatisrätter,15.7,RE/µg
272,Potatis stuvad,Vatten,Potatisprodukter potatisrätter,77.5,g
272,Potatis stuvad,Tiamin,Potatisprodukter potatisrätter,0.05,mg
272,Potatis stuvad,Tillsatt socker,Potatisprodukter potatisrätter,0.0,g
272,Potatis stuvad,Fritt socker,Potatisprodukter potatisrätter,0.0,g
272,Potatis stuvad,"Selen, Se",Potatisprodukter potatisrätter,0.9,µg
272,Potatis stuvad,Sackaros,Potatisprodukter potatisrätter,0.2,g
272,Potatis stuvad,Riboflavin,Potatisprodukter potatisrätter,0.07,mg
272,Potatis stuvad,Retinol,Potatisprodukter potatisrätter,11.6,µg
272,Potatis stuvad,Protein,Potatisprodukter potatisrätter,2.8,g
272,Potatis stuvad,Summa fleromättade fettsyror,Potatisprodukter potatisrätter,0.4,g
272,Potatis stuvad,"Fosfor, P",Potatisprodukter potatisrätter,84.0,mg
272,Potatis stuvad,Niacinekvivalenter,Potatisprodukter potatisrätter,1.79,NE/mg
272,Potatis stuvad,Niacin,Potatisprodukter potatisrätter,1.26,mg
272,Potatis stuvad,"Salt, NaCl",Potatisprodukter potatisrätter,0.6,g
272,Potatis stuvad,"Natrium, Na",Potatisprodukter potatisrätter,250.0,mg
272,Potatis stuvad,Monosackarider,Potatisprodukter potatisrätter,0.2,g
272,Potatis stuvad,"Sockerarter, totalt",Potatisprodukter potatisrätter,2.1,g
272,Potatis stuvad,Summa enkelomättade fettsyror,Potatisprodukter potatisrätter,1.0,g
272,Potatis stuvad,"Magnesium, Mg",Potatisprodukter potatisrätter,17.0,mg
272,Potatis stuvad,Summa mättade fettsyror,Potatisprodukter potatisrätter,0.9,g
272,Potatis stuvad,"Kolhydrater, tillgängliga",Potatisprodukter potatisrätter,14.4,g
272,Potatis stuvad,Kolesterol,Potatisprodukter potatisrätter,4.4,mg
272,Potatis stuvad,"Kalium, K",Potatisprodukter potatisrätter,274.0,mg
272,Potatis stuvad,"Jod, I",Potatisprodukter potatisrätter,36.4,µg
272,Potatis stuvad,Fullkorn totalt,Potatisprodukter potatisrätter,0.0,g
272,Potatis stuvad,"Folat, totalt",Potatisprodukter potatisrätter,16.0,µg
272,Potatis stuvad,Fibrer,Potatisprodukter potatisrätter,1.4,g
272,Potatis stuvad,"Fett, totalt",Potatisprodukter potatisrätter,2.5,g
272,Potatis stuvad,"Järn, Fe",Potatisprodukter potatisrätter,0.3,mg
272,Potatis stuvad,Energi (kJ),Potatisprodukter potatisrätter,397.0,kJ
272,Potatis stuvad,Energi (kcal),Potatisprodukter potatisrätter,95.0,kcal
272,Potatis stuvad,Disackarider,Potatisprodukter potatisrätter,2.0,g
272,Potatis stuvad,"Kalcium, Ca",Potatisprodukter potatisrätter,53.0,mg
272,Potatis stuvad,Fettsyra 4:0-10:0,Potatisprodukter potatisrätter,0.1,g
272,Potatis stuvad,DHA (C22:6),Potatisprodukter potatisrätter,0.0,g
272,Potatis stuvad,DPA (C22:5),Potatisprodukter potatisrätter,0.0,g
272,Potatis stuvad,EPA (C20:5),Potatisprodukter potatisrätter,0.0,g
272,Potatis stuvad,Arakidonsyra C20:4,Potatisprodukter potatisrätter,0.0,g
272,Potatis stuvad,Arakidinsyra C20:0,Potatisprodukter potatisrätter,0.0,g
272,Potatis stuvad,Linolensyra C18:3,Potatisprodukter potatisrätter,0.1,g
272,Potatis stuvad,Linolsyra C18:2,Potatisprodukter potatisrätter,0.3,g
272,Potatis stuvad,Oljesyra C18:1,Potatisprodukter potatisrätter,0.9,g
272,Potatis stuvad,Stearinsyra C18:0,Potatisprodukter potatisrätter,0.1,g
272,Potatis stuvad,Palmitoljesyra C16:1,Potatisprodukter potatisrätter,0.0,g
272,Potatis stuvad,Palmitinsyra C16:0,Potatisprodukter potatisrätter,0.4,g
272,Potatis stuvad,Myristinsyra C14:0,Potatisprodukter potatisrätter,0.1,g
272,Potatis stuvad,Laurinsyra C12:0,Potatisprodukter potatisrätter,0.0,g
272,Potatis stuvad,Betakaroten/β-Karoten,Potatisprodukter potatisrätter,26.0,µg
272,Potatis stuvad,Avfall (skal etc.),Potatisprodukter potatisrätter,0.0,%
272,Potatis stuvad,Aska,Potatisprodukter potatisrätter,1.3,g
272,Potatis stuvad,Alkohol,Potatisprodukter potatisrätter,0.0,g
273,Potatisbullar stekta,"Zink, Zn",Potatisprodukter potatisrätter,0.5,mg
273,Potatisbullar stekta,Vitamin E,Potatisprodukter potatisrätter,2.1,mg
273,Potatisbullar stekta,Vitamin D,Potatisprodukter potatisrätter,0.34,µg
273,Potatisbullar stekta,Vitamin C,Potatisprodukter potatisrätter,10.4,mg
273,Potatisbullar stekta,Vitamin B6,Potatisprodukter potatisrätter,0.2,mg
273,Potatisbullar stekta,Vitamin B12,Potatisprodukter potatisrätter,0.17,µg
273,Potatisbullar stekta,Vitamin A,Potatisprodukter potatisrätter,43.0,RE/µg
273,Potatisbullar stekta,Vatten,Potatisprodukter potatisrätter,63.0,g
273,Potatisbullar stekta,Tiamin,Potatisprodukter potatisrätter,0.07,mg
273,Potatisbullar stekta,Tillsatt socker,Potatisprodukter potatisrätter,0.0,g
273,Potatisbullar stekta,Fritt socker,Potatisprodukter potatisrätter,0.0,g
273,Potatisbullar stekta,"Selen, Se",Potatisprodukter potatisrätter,2.9,µg
273,Potatisbullar stekta,Sackaros,Potatisprodukter potatisrätter,0.2,g
273,Potatisbullar stekta,Riboflavin,Potatisprodukter potatisrätter,0.07,mg
273,Potatisbullar stekta,Retinol,Potatisprodukter potatisrätter,35.2,µg
273,Potatisbullar stekta,Protein,Potatisprodukter potatisrätter,4.0,g
273,Potatisbullar stekta,Summa fleromättade fettsyror,Potatisprodukter potatisrätter,1.6,g
273,Potatisbullar stekta,"Fosfor, P",Potatisprodukter potatisrätter,77.0,mg
273,Potatisbullar stekta,Niacinekvivalenter,Potatisprodukter potatisrätter,2.77,NE/mg
273,Potatisbullar stekta,Niacin,Potatisprodukter potatisrätter,1.98,mg
273,Potatisbullar stekta,"Salt, NaCl",Potatisprodukter potatisrätter,1.0,g
273,Potatisbullar stekta,"Natrium, Na",Potatisprodukter potatisrätter,394.0,mg
273,Potatisbullar stekta,Monosackarider,Potatisprodukter potatisrätter,0.5,g
273,Potatisbullar stekta,"Sockerarter, totalt",Potatisprodukter potatisrätter,0.8,g
273,Potatisbullar stekta,Summa enkelomättade fettsyror,Potatisprodukter potatisrätter,3.4,g
273,Potatisbullar stekta,"Magnesium, Mg",Potatisprodukter potatisrätter,24.0,mg
273,Potatisbullar stekta,Summa mättade fettsyror,Potatisprodukter potatisrätter,0.8,g
273,Potatisbullar stekta,"Kolhydrater, tillgängliga",Potatisprodukter potatisrätter,22.1,g
273,Potatisbullar stekta,Kolesterol,Potatisprodukter potatisrätter,41.7,mg
273,Potatisbullar stekta,"Kalium, K",Potatisprodukter potatisrätter,360.0,mg
273,Potatisbullar stekta,"Jod, I",Potatisprodukter potatisrätter,45.5,µg
273,Potatisbullar stekta,Fullkorn totalt,Potatisprodukter potatisrätter,1.0,g
273,Potatisbullar stekta,"Folat, totalt",Potatisprodukter potatisrätter,24.6,µg
273,Potatisbullar stekta,Fibrer,Potatisprodukter potatisrätter,2.7,g
273,Potatisbullar stekta,"Fett, totalt",Potatisprodukter potatisrätter,6.3,g
273,Potatisbullar stekta,"Järn, Fe",Potatisprodukter potatisrätter,0.7,mg
273,Potatisbullar stekta,Energi (kJ),Potatisprodukter potatisrätter,699.0,kJ
273,Potatisbullar stekta,Energi (kcal),Potatisprodukter potatisrätter,167.0,kcal
273,Potatisbullar stekta,Disackarider,Potatisprodukter potatisrätter,0.4,g
273,Potatisbullar stekta,"Kalcium, Ca",Potatisprodukter potatisrätter,15.0,mg
273,Potatisbullar stekta,Fettsyra 4:0-10:0,Potatisprodukter potatisrätter,0.0,g
273,Potatisbullar stekta,DHA (C22:6),Potatisprodukter potatisrätter,0.0,g
273,Potatisbullar stekta,DPA (C22:5),Potatisprodukter potatisrätter,0.0,g
273,Potatisbullar stekta,EPA (C20:5),Potatisprodukter potatisrätter,0.0,g
273,Potatisbullar stekta,Arakidonsyra C20:4,Potatisprodukter potatisrätter,0.0,g
273,Potatisbullar stekta,Arakidinsyra C20:0,Potatisprodukter potatisrätter,0.0,g
273,Potatisbullar stekta,Linolensyra C18:3,Potatisprodukter potatisrätter,0.3,g
273,Potatisbullar stekta,Linolsyra C18:2,Potatisprodukter potatisrätter,1.2,g
273,Potatisbullar stekta,Oljesyra C18:1,Potatisprodukter potatisrätter,3.2,g
273,Potatisbullar stekta,Stearinsyra C18:0,Potatisprodukter potatisrätter,0.2,g
273,Potatisbullar stekta,Palmitoljesyra C16:1,Potatisprodukter potatisrätter,0.0,g
273,Potatisbullar stekta,Palmitinsyra C16:0,Potatisprodukter potatisrätter,0.5,g
273,Potatisbullar stekta,Myristinsyra C14:0,Potatisprodukter potatisrätter,0.0,g
273,Potatisbullar stekta,Laurinsyra C12:0,Potatisprodukter potatisrätter,0.0,g
273,Potatisbullar stekta,Betakaroten/β-Karoten,Potatisprodukter potatisrätter,11.0,µg
273,Potatisbullar stekta,Avfall (skal etc.),Potatisprodukter potatisrätter,1.0,%
273,Potatisbullar stekta,Aska,Potatisprodukter potatisrätter,1.8,g
273,Potatisbullar stekta,Alkohol,Potatisprodukter potatisrätter,0.0,g
274,Potatismos hemlagad,"Zink, Zn",Potatisprodukter potatisrätter,0.2,mg
274,Potatismos hemlagad,Vitamin E,Potatisprodukter potatisrätter,0.1,mg
274,Potatismos hemlagad,Vitamin D,Potatisprodukter potatisrätter,0.28,µg
274,Potatismos hemlagad,Vitamin C,Potatisprodukter potatisrätter,13.4,mg
274,Potatismos hemlagad,Vitamin B6,Potatisprodukter potatisrätter,0.15,mg
274,Potatismos hemlagad,Vitamin B12,Potatisprodukter potatisrätter,0.11,µg
274,Potatismos hemlagad,Vitamin A,Potatisprodukter potatisrätter,15.9,RE/µg
274,Potatismos hemlagad,Vatten,Potatisprodukter potatisrätter,78.7,g
274,Potatismos hemlagad,Tiamin,Potatisprodukter potatisrätter,0.05,mg
274,Potatismos hemlagad,Tillsatt socker,Potatisprodukter potatisrätter,0.0,g
274,Potatismos hemlagad,Fritt socker,Potatisprodukter potatisrätter,0.0,g
274,Potatismos hemlagad,"Selen, Se",Potatisprodukter potatisrätter,0.5,µg
274,Potatismos hemlagad,Sackaros,Potatisprodukter potatisrätter,0.2,g
274,Potatismos hemlagad,Riboflavin,Potatisprodukter potatisrätter,0.05,mg
274,Potatismos hemlagad,Retinol,Potatisprodukter potatisrätter,14.7,µg
274,Potatismos hemlagad,Protein,Potatisprodukter potatisrätter,2.3,g
274,Potatismos hemlagad,Summa fleromättade fettsyror,Potatisprodukter potatisrätter,0.1,g
274,Potatismos hemlagad,"Fosfor, P",Potatisprodukter potatisrätter,69.0,mg
274,Potatismos hemlagad,Niacinekvivalenter,Potatisprodukter potatisrätter,1.92,NE/mg
274,Potatismos hemlagad,Niacin,Potatisprodukter potatisrätter,1.47,mg
274,Potatismos hemlagad,"Salt, NaCl",Potatisprodukter potatisrätter,0.8,g
274,Potatismos hemlagad,"Natrium, Na",Potatisprodukter potatisrätter,326.0,mg
274,Potatismos hemlagad,Monosackarider,Potatisprodukter potatisrätter,0.1,g
274,Potatismos hemlagad,"Sockerarter, totalt",Potatisprodukter potatisrätter,1.6,g
274,Potatismos hemlagad,Summa enkelomättade fettsyror,Potatisprodukter potatisrätter,0.5,g
274,Potatismos hemlagad,"Magnesium, Mg",Potatisprodukter potatisrätter,15.0,mg
274,Potatismos hemlagad,Summa mättade fettsyror,Potatisprodukter potatisrätter,1.3,g
274,Potatismos hemlagad,"Kolhydrater, tillgängliga",Potatisprodukter potatisrätter,14.1,g
274,Potatismos hemlagad,Kolesterol,Potatisprodukter potatisrätter,6.7,mg
274,Potatismos hemlagad,"Kalium, K",Potatisprodukter potatisrätter,267.0,mg
274,Potatismos hemlagad,"Jod, I",Potatisprodukter potatisrätter,42.9,µg
274,Potatismos hemlagad,Fullkorn totalt,Potatisprodukter potatisrätter,0.0,g
274,Potatismos hemlagad,"Folat, totalt",Potatisprodukter potatisrätter,12.8,µg
274,Potatismos hemlagad,Fibrer,Potatisprodukter potatisrätter,1.4,g
274,Potatismos hemlagad,"Fett, totalt",Potatisprodukter potatisrätter,2.0,g
274,Potatismos hemlagad,"Järn, Fe",Potatisprodukter potatisrätter,0.3,mg
274,Potatismos hemlagad,Energi (kJ),Potatisprodukter potatisrätter,365.0,kJ
274,Potatismos hemlagad,Energi (kcal),Potatisprodukter potatisrätter,87.0,kcal
274,Potatismos hemlagad,Disackarider,Potatisprodukter potatisrätter,1.5,g
274,Potatismos hemlagad,"Kalcium, Ca",Potatisprodukter potatisrätter,37.0,mg
274,Potatismos hemlagad,Fettsyra 4:0-10:0,Potatisprodukter potatisrätter,0.2,g
274,Potatismos hemlagad,DHA (C22:6),Potatisprodukter potatisrätter,0.0,g
274,Potatismos hemlagad,DPA (C22:5),Potatisprodukter potatisrätter,0.0,g
274,Potatismos hemlagad,EPA (C20:5),Potatisprodukter potatisrätter,0.0,g
274,Potatismos hemlagad,Arakidonsyra C20:4,Potatisprodukter potatisrätter,0.0,g
274,Potatismos hemlagad,Arakidinsyra C20:0,Potatisprodukter potatisrätter,0.0,g
274,Potatismos hemlagad,Linolensyra C18:3,Potatisprodukter potatisrätter,0.0,g
274,Potatismos hemlagad,Linolsyra C18:2,Potatisprodukter potatisrätter,0.1,g
274,Potatismos hemlagad,Oljesyra C18:1,Potatisprodukter potatisrätter,0.4,g
274,Potatismos hemlagad,Stearinsyra C18:0,Potatisprodukter potatisrätter,0.2,g
274,Potatismos hemlagad,Palmitoljesyra C16:1,Potatisprodukter potatisrätter,0.0,g
274,Potatismos hemlagad,Palmitinsyra C16:0,Potatisprodukter potatisrätter,0.6,g
274,Potatismos hemlagad,Myristinsyra C14:0,Potatisprodukter potatisrätter,0.2,g
274,Potatismos hemlagad,Laurinsyra C12:0,Potatisprodukter potatisrätter,0.1,g
274,Potatismos hemlagad,Betakaroten/β-Karoten,Potatisprodukter potatisrätter,14.0,µg
274,Potatismos hemlagad,Avfall (skal etc.),Potatisprodukter potatisrätter,0.0,%
274,Potatismos hemlagad,Aska,Potatisprodukter potatisrätter,1.5,g
274,Potatismos hemlagad,Alkohol,Potatisprodukter potatisrätter,0.0,g
275,Potatisgratäng m. mjölk ost hemlagad,"Zink, Zn",Potatisprodukter potatisrätter,0.6,mg
275,Potatisgratäng m. mjölk ost hemlagad,Vitamin E,Potatisprodukter potatisrätter,0.2,mg
275,Potatisgratäng m. mjölk ost hemlagad,Vitamin D,Potatisprodukter potatisrätter,0.35,µg
275,Potatisgratäng m. mjölk ost hemlagad,Vitamin C,Potatisprodukter potatisrätter,11.5,mg
275,Potatisgratäng m. mjölk ost hemlagad,Vitamin B6,Potatisprodukter potatisrätter,0.16,mg
275,Potatisgratäng m. mjölk ost hemlagad,Vitamin B12,Potatisprodukter potatisrätter,0.28,µg
275,Potatisgratäng m. mjölk ost hemlagad,Vitamin A,Potatisprodukter potatisrätter,29.7,RE/µg
275,Potatisgratäng m. mjölk ost hemlagad,Vatten,Potatisprodukter potatisrätter,74.8,g
275,Potatisgratäng m. mjölk ost hemlagad,Tiamin,Potatisprodukter potatisrätter,0.06,mg
275,Potatisgratäng m. mjölk ost hemlagad,Tillsatt socker,Potatisprodukter potatisrätter,0.0,g
275,Potatisgratäng m. mjölk ost hemlagad,Fritt socker,Potatisprodukter potatisrätter,0.0,g
275,Potatisgratäng m. mjölk ost hemlagad,"Selen, Se",Potatisprodukter potatisrätter,1.7,µg
275,Potatisgratäng m. mjölk ost hemlagad,Sackaros,Potatisprodukter potatisrätter,0.3,g
275,Potatisgratäng m. mjölk ost hemlagad,Riboflavin,Potatisprodukter potatisrätter,0.09,mg
275,Potatisgratäng m. mjölk ost hemlagad,Retinol,Potatisprodukter potatisrätter,26.7,µg
275,Potatisgratäng m. mjölk ost hemlagad,Protein,Potatisprodukter potatisrätter,5.0,g
275,Potatisgratäng m. mjölk ost hemlagad,Summa fleromättade fettsyror,Potatisprodukter potatisrätter,0.1,g
275,Potatisgratäng m. mjölk ost hemlagad,"Fosfor, P",Potatisprodukter potatisrätter,126.0,mg
275,Potatisgratäng m. mjölk ost hemlagad,Niacinekvivalenter,Potatisprodukter potatisrätter,2.53,NE/mg
275,Potatisgratäng m. mjölk ost hemlagad,Niacin,Potatisprodukter potatisrätter,1.47,mg
275,Potatisgratäng m. mjölk ost hemlagad,"Salt, NaCl",Potatisprodukter potatisrätter,0.8,g
275,Potatisgratäng m. mjölk ost hemlagad,"Natrium, Na",Potatisprodukter potatisrätter,329.0,mg
275,Potatisgratäng m. mjölk ost hemlagad,Monosackarider,Potatisprodukter potatisrätter,0.5,g
275,Potatisgratäng m. mjölk ost hemlagad,"Sockerarter, totalt",Potatisprodukter potatisrätter,2.4,g
275,Potatisgratäng m. mjölk ost hemlagad,Summa enkelomättade fettsyror,Potatisprodukter potatisrätter,0.7,g
275,Potatisgratäng m. mjölk ost hemlagad,"Magnesium, Mg",Potatisprodukter potatisrätter,23.0,mg
275,Potatisgratäng m. mjölk ost hemlagad,Summa mättade fettsyror,Potatisprodukter potatisrätter,2.0,g
275,Potatisgratäng m. mjölk ost hemlagad,"Kolhydrater, tillgängliga",Potatisprodukter potatisrätter,13.5,g
275,Potatisgratäng m. mjölk ost hemlagad,Kolesterol,Potatisprodukter potatisrätter,9.1,mg
275,Potatisgratäng m. mjölk ost hemlagad,"Kalium, K",Potatisprodukter potatisrätter,339.0,mg
275,Potatisgratäng m. mjölk ost hemlagad,"Jod, I",Potatisprodukter potatisrätter,43.9,µg
275,Potatisgratäng m. mjölk ost hemlagad,Fullkorn totalt,Potatisprodukter potatisrätter,0.0,g
275,Potatisgratäng m. mjölk ost hemlagad,"Folat, totalt",Potatisprodukter potatisrätter,13.9,µg
275,Potatisgratäng m. mjölk ost hemlagad,Fibrer,Potatisprodukter potatisrätter,1.7,g
275,Potatisgratäng m. mjölk ost hemlagad,"Fett, totalt",Potatisprodukter potatisrätter,3.1,g
275,Potatisgratäng m. mjölk ost hemlagad,"Järn, Fe",Potatisprodukter potatisrätter,0.3,mg
275,Potatisgratäng m. mjölk ost hemlagad,Energi (kJ),Potatisprodukter potatisrätter,443.0,kJ
275,Potatisgratäng m. mjölk ost hemlagad,Energi (kcal),Potatisprodukter potatisrätter,106.0,kcal
275,Potatisgratäng m. mjölk ost hemlagad,Disackarider,Potatisprodukter potatisrätter,1.9,g
275,Potatisgratäng m. mjölk ost hemlagad,"Kalcium, Ca",Potatisprodukter potatisrätter,119.0,mg
275,Potatisgratäng m. mjölk ost hemlagad,Fettsyra 4:0-10:0,Potatisprodukter potatisrätter,0.3,g
275,Potatisgratäng m. mjölk ost hemlagad,DHA (C22:6),Potatisprodukter potatisrätter,0.0,g
275,Potatisgratäng m. mjölk ost hemlagad,DPA (C22:5),Potatisprodukter potatisrätter,0.0,g
275,Potatisgratäng m. mjölk ost hemlagad,EPA (C20:5),Potatisprodukter potatisrätter,0.0,g
275,Potatisgratäng m. mjölk ost hemlagad,Arakidonsyra C20:4,Potatisprodukter potatisrätter,0.0,g
275,Potatisgratäng m. mjölk ost hemlagad,Arakidinsyra C20:0,Potatisprodukter potatisrätter,0.0,g
275,Potatisgratäng m. mjölk ost hemlagad,Linolensyra C18:3,Potatisprodukter potatisrätter,0.0,g
275,Potatisgratäng m. mjölk ost hemlagad,Linolsyra C18:2,Potatisprodukter potatisrätter,0.1,g
275,Potatisgratäng m. mjölk ost hemlagad,Oljesyra C18:1,Potatisprodukter potatisrätter,0.6,g
275,Potatisgratäng m. mjölk ost hemlagad,Stearinsyra C18:0,Potatisprodukter potatisrätter,0.3,g
275,Potatisgratäng m. mjölk ost hemlagad,Palmitoljesyra C16:1,Potatisprodukter potatisrätter,0.0,g
275,Potatisgratäng m. mjölk ost hemlagad,Palmitinsyra C16:0,Potatisprodukter potatisrätter,0.9,g
275,Potatisgratäng m. mjölk ost hemlagad,Myristinsyra C14:0,Potatisprodukter potatisrätter,0.3,g
275,Potatisgratäng m. mjölk ost hemlagad,Laurinsyra C12:0,Potatisprodukter potatisrätter,0.1,g
275,Potatisgratäng m. mjölk ost hemlagad,Betakaroten/β-Karoten,Potatisprodukter potatisrätter,37.0,µg
275,Potatisgratäng m. mjölk ost hemlagad,Avfall (skal etc.),Potatisprodukter potatisrätter,12.0,%
275,Potatisgratäng m. mjölk ost hemlagad,Aska,Potatisprodukter potatisrätter,2.0,g
275,Potatisgratäng m. mjölk ost hemlagad,Alkohol,Potatisprodukter potatisrätter,0.0,g
277,Potatisgratäng m. vispgrädde ost,"Zink, Zn",Potatisprodukter potatisrätter,0.6,mg
277,Potatisgratäng m. vispgrädde ost,Vitamin E,Potatisprodukter potatisrätter,0.5,mg
277,Potatisgratäng m. vispgrädde ost,Vitamin D,Potatisprodukter potatisrätter,0.04,µg
277,Potatisgratäng m. vispgrädde ost,Vitamin C,Potatisprodukter potatisrätter,11.4,mg
277,Potatisgratäng m. vispgrädde ost,Vitamin B6,Potatisprodukter potatisrätter,0.16,mg
277,Potatisgratäng m. vispgrädde ost,Vitamin B12,Potatisprodukter potatisrätter,0.25,µg
277,Potatisgratäng m. vispgrädde ost,Vitamin A,Potatisprodukter potatisrätter,147.8,RE/µg
277,Potatisgratäng m. vispgrädde ost,Vatten,Potatisprodukter potatisrätter,63.2,g
277,Potatisgratäng m. vispgrädde ost,Tiamin,Potatisprodukter potatisrätter,0.06,mg
277,Potatisgratäng m. vispgrädde ost,Tillsatt socker,Potatisprodukter potatisrätter,0.0,g
277,Potatisgratäng m. vispgrädde ost,Fritt socker,Potatisprodukter potatisrätter,0.0,g
277,Potatisgratäng m. vispgrädde ost,"Selen, Se",Potatisprodukter potatisrätter,1.5,µg
277,Potatisgratäng m. vispgrädde ost,Sackaros,Potatisprodukter potatisrätter,0.3,g
277,Potatisgratäng m. vispgrädde ost,Riboflavin,Potatisprodukter potatisrätter,0.07,mg
277,Potatisgratäng m. vispgrädde ost,Retinol,Potatisprodukter potatisrätter,136.7,µg
277,Potatisgratäng m. vispgrädde ost,Protein,Potatisprodukter potatisrätter,4.5,g
277,Potatisgratäng m. vispgrädde ost,Summa fleromättade fettsyror,Potatisprodukter potatisrätter,0.4,g
277,Potatisgratäng m. vispgrädde ost,"Fosfor, P",Potatisprodukter potatisrätter,99.0,mg
277,Potatisgratäng m. vispgrädde ost,Niacinekvivalenter,Potatisprodukter potatisrätter,2.37,NE/mg
277,Potatisgratäng m. vispgrädde ost,Niacin,Potatisprodukter potatisrätter,1.45,mg
277,Potatisgratäng m. vispgrädde ost,"Salt, NaCl",Potatisprodukter potatisrätter,0.8,g
277,Potatisgratäng m. vispgrädde ost,"Natrium, Na",Potatisprodukter potatisrätter,327.0,mg
277,Potatisgratäng m. vispgrädde ost,Monosackarider,Potatisprodukter potatisrätter,0.5,g
277,Potatisgratäng m. vispgrädde ost,"Sockerarter, totalt",Potatisprodukter potatisrätter,1.7,g
277,Potatisgratäng m. vispgrädde ost,Summa enkelomättade fettsyror,Potatisprodukter potatisrätter,3.9,g
277,Potatisgratäng m. vispgrädde ost,"Magnesium, Mg",Potatisprodukter potatisrätter,21.0,mg
277,Potatisgratäng m. vispgrädde ost,Summa mättade fettsyror,Potatisprodukter potatisrätter,10.2,g
277,Potatisgratäng m. vispgrädde ost,"Kolhydrater, tillgängliga",Potatisprodukter potatisrätter,12.9,g
277,Potatisgratäng m. vispgrädde ost,Kolesterol,Potatisprodukter potatisrätter,44.7,mg
277,Potatisgratäng m. vispgrädde ost,"Kalium, K",Potatisprodukter potatisrätter,319.0,mg
277,Potatisgratäng m. vispgrädde ost,"Jod, I",Potatisprodukter potatisrätter,41.0,µg
277,Potatisgratäng m. vispgrädde ost,Fullkorn totalt,Potatisprodukter potatisrätter,0.0,g
277,Potatisgratäng m. vispgrädde ost,"Folat, totalt",Potatisprodukter potatisrätter,13.9,µg
277,Potatisgratäng m. vispgrädde ost,Fibrer,Potatisprodukter potatisrätter,1.7,g
277,Potatisgratäng m. vispgrädde ost,"Fett, totalt",Potatisprodukter potatisrätter,15.9,g
277,Potatisgratäng m. vispgrädde ost,"Järn, Fe",Potatisprodukter potatisrätter,0.3,mg
277,Potatisgratäng m. vispgrädde ost,Energi (kJ),Potatisprodukter potatisrätter,897.0,kJ
277,Potatisgratäng m. vispgrädde ost,Energi (kcal),Potatisprodukter potatisrätter,214.0,kcal
277,Potatisgratäng m. vispgrädde ost,Disackarider,Potatisprodukter potatisrätter,1.2,g
277,Potatisgratäng m. vispgrädde ost,"Kalcium, Ca",Potatisprodukter potatisrätter,101.0,mg
277,Potatisgratäng m. vispgrädde ost,Fettsyra 4:0-10:0,Potatisprodukter potatisrätter,1.2,g
277,Potatisgratäng m. vispgrädde ost,DHA (C22:6),Potatisprodukter potatisrätter,0.0,g
277,Potatisgratäng m. vispgrädde ost,DPA (C22:5),Potatisprodukter potatisrätter,0.0,g
277,Potatisgratäng m. vispgrädde ost,EPA (C20:5),Potatisprodukter potatisrätter,0.0,g
277,Potatisgratäng m. vispgrädde ost,Arakidonsyra C20:4,Potatisprodukter potatisrätter,0.0,g
277,Potatisgratäng m. vispgrädde ost,Arakidinsyra C20:0,Potatisprodukter potatisrätter,0.0,g
277,Potatisgratäng m. vispgrädde ost,Linolensyra C18:3,Potatisprodukter potatisrätter,0.1,g
277,Potatisgratäng m. vispgrädde ost,Linolsyra C18:2,Potatisprodukter potatisrätter,0.3,g
277,Potatisgratäng m. vispgrädde ost,Oljesyra C18:1,Potatisprodukter potatisrätter,3.4,g
277,Potatisgratäng m. vispgrädde ost,Stearinsyra C18:0,Potatisprodukter potatisrätter,1.6,g
277,Potatisgratäng m. vispgrädde ost,Palmitoljesyra C16:1,Potatisprodukter potatisrätter,0.3,g
277,Potatisgratäng m. vispgrädde ost,Palmitinsyra C16:0,Potatisprodukter potatisrätter,4.9,g
277,Potatisgratäng m. vispgrädde ost,Myristinsyra C14:0,Potatisprodukter potatisrätter,1.6,g
277,Potatisgratäng m. vispgrädde ost,Laurinsyra C12:0,Potatisprodukter potatisrätter,0.5,g
277,Potatisgratäng m. vispgrädde ost,Betakaroten/β-Karoten,Potatisprodukter potatisrätter,133.0,µg
277,Potatisgratäng m. vispgrädde ost,Avfall (skal etc.),Potatisprodukter potatisrätter,12.0,%
277,Potatisgratäng m. vispgrädde ost,Aska,Potatisprodukter potatisrätter,1.9,g
277,Potatisgratäng m. vispgrädde ost,Alkohol,Potatisprodukter potatisrätter,0.0,g
278,Potatismos m. lättmjölk,"Zink, Zn",Potatisprodukter potatisrätter,0.2,mg
278,Potatismos m. lättmjölk,Vitamin E,Potatisprodukter potatisrätter,0.5,mg
278,Potatismos m. lättmjölk,Vitamin D,Potatisprodukter potatisrätter,0.35,µg
278,Potatismos m. lättmjölk,Vitamin C,Potatisprodukter potatisrätter,13.4,mg
278,Potatismos m. lättmjölk,Vitamin B6,Potatisprodukter potatisrätter,0.15,mg
278,Potatismos m. lättmjölk,Vitamin B12,Potatisprodukter potatisrätter,0.12,µg
278,Potatismos m. lättmjölk,Vitamin A,Potatisprodukter potatisrätter,6.9,RE/µg
278,Potatismos m. lättmjölk,Vatten,Potatisprodukter potatisrätter,78.8,g
278,Potatismos m. lättmjölk,Tiamin,Potatisprodukter potatisrätter,0.05,mg
278,Potatismos m. lättmjölk,Tillsatt socker,Potatisprodukter potatisrätter,0.0,g
278,Potatismos m. lättmjölk,Fritt socker,Potatisprodukter potatisrätter,0.0,g
278,Potatismos m. lättmjölk,"Selen, Se",Potatisprodukter potatisrätter,0.5,µg
278,Potatismos m. lättmjölk,Sackaros,Potatisprodukter potatisrätter,0.2,g
278,Potatismos m. lättmjölk,Riboflavin,Potatisprodukter potatisrätter,0.05,mg
278,Potatismos m. lättmjölk,Retinol,Potatisprodukter potatisrätter,3.7,µg
278,Potatismos m. lättmjölk,Protein,Potatisprodukter potatisrätter,2.3,g
278,Potatismos m. lättmjölk,Summa fleromättade fettsyror,Potatisprodukter potatisrätter,0.5,g
278,Potatismos m. lättmjölk,"Fosfor, P",Potatisprodukter potatisrätter,69.0,mg
278,Potatismos m. lättmjölk,Niacinekvivalenter,Potatisprodukter potatisrätter,1.92,NE/mg
278,Potatismos m. lättmjölk,Niacin,Potatisprodukter potatisrätter,1.46,mg
278,Potatismos m. lättmjölk,"Salt, NaCl",Potatisprodukter potatisrätter,0.8,g
278,Potatismos m. lättmjölk,"Natrium, Na",Potatisprodukter potatisrätter,320.0,mg
278,Potatismos m. lättmjölk,Monosackarider,Potatisprodukter potatisrätter,0.1,g
278,Potatismos m. lättmjölk,"Sockerarter, totalt",Potatisprodukter potatisrätter,1.6,g
278,Potatismos m. lättmjölk,Summa enkelomättade fettsyror,Potatisprodukter potatisrätter,1.0,g
278,Potatismos m. lättmjölk,"Magnesium, Mg",Potatisprodukter potatisrätter,15.0,mg
278,Potatismos m. lättmjölk,Summa mättade fettsyror,Potatisprodukter potatisrätter,0.3,g
278,Potatismos m. lättmjölk,"Kolhydrater, tillgängliga",Potatisprodukter potatisrätter,14.1,g
278,Potatismos m. lättmjölk,Kolesterol,Potatisprodukter potatisrätter,1.0,mg
278,Potatismos m. lättmjölk,"Kalium, K",Potatisprodukter potatisrätter,268.0,mg
278,Potatismos m. lättmjölk,"Jod, I",Potatisprodukter potatisrätter,42.8,µg
278,Potatismos m. lättmjölk,Fullkorn totalt,Potatisprodukter potatisrätter,0.0,g
278,Potatismos m. lättmjölk,"Folat, totalt",Potatisprodukter potatisrätter,12.8,µg
278,Potatismos m. lättmjölk,Fibrer,Potatisprodukter potatisrätter,1.4,g
278,Potatismos m. lättmjölk,"Fett, totalt",Potatisprodukter potatisrätter,1.9,g
278,Potatismos m. lättmjölk,"Järn, Fe",Potatisprodukter potatisrätter,0.3,mg
278,Potatismos m. lättmjölk,Energi (kJ),Potatisprodukter potatisrätter,360.0,kJ
278,Potatismos m. lättmjölk,Energi (kcal),Potatisprodukter potatisrätter,86.0,kcal
278,Potatismos m. lättmjölk,Disackarider,Potatisprodukter potatisrätter,1.5,g
278,Potatismos m. lättmjölk,"Kalcium, Ca",Potatisprodukter potatisrätter,38.0,mg
278,Potatismos m. lättmjölk,Fettsyra 4:0-10:0,Potatisprodukter potatisrätter,0.0,g
278,Potatismos m. lättmjölk,DHA (C22:6),Potatisprodukter potatisrätter,0.0,g
278,Potatismos m. lättmjölk,DPA (C22:5),Potatisprodukter potatisrätter,0.0,g
278,Potatismos m. lättmjölk,EPA (C20:5),Potatisprodukter potatisrätter,0.0,g
278,Potatismos m. lättmjölk,Arakidonsyra C20:4,Potatisprodukter potatisrätter,0.0,g
278,Potatismos m. lättmjölk,Arakidinsyra C20:0,Potatisprodukter potatisrätter,0.0,g
278,Potatismos m. lättmjölk,Linolensyra C18:3,Potatisprodukter potatisrätter,0.1,g
278,Potatismos m. lättmjölk,Linolsyra C18:2,Potatisprodukter potatisrätter,0.4,g
278,Potatismos m. lättmjölk,Oljesyra C18:1,Potatisprodukter potatisrätter,1.0,g
278,Potatismos m. lättmjölk,Stearinsyra C18:0,Potatisprodukter potatisrätter,0.1,g
278,Potatismos m. lättmjölk,Palmitoljesyra C16:1,Potatisprodukter potatisrätter,0.0,g
278,Potatismos m. lättmjölk,Palmitinsyra C16:0,Potatisprodukter potatisrätter,0.1,g
278,Potatismos m. lättmjölk,Myristinsyra C14:0,Potatisprodukter potatisrätter,0.0,g
278,Potatismos m. lättmjölk,Laurinsyra C12:0,Potatisprodukter potatisrätter,0.0,g
278,Potatismos m. lättmjölk,Betakaroten/β-Karoten,Potatisprodukter potatisrätter,7.0,µg
278,Potatismos m. lättmjölk,Avfall (skal etc.),Potatisprodukter potatisrätter,0.0,%
278,Potatismos m. lättmjölk,Aska,Potatisprodukter potatisrätter,1.5,g
278,Potatismos m. lättmjölk,Alkohol,Potatisprodukter potatisrätter,0.0,g
279,Potatisgratäng m. lättmjölk ost mager hemlagad,"Zink, Zn",Potatisprodukter potatisrätter,0.7,mg
279,Potatisgratäng m. lättmjölk ost mager hemlagad,Vitamin E,Potatisprodukter potatisrätter,0.1,mg
279,Potatisgratäng m. lättmjölk ost mager hemlagad,Vitamin D,Potatisprodukter potatisrätter,0.34,µg
279,Potatisgratäng m. lättmjölk ost mager hemlagad,Vitamin C,Potatisprodukter potatisrätter,11.4,mg
279,Potatisgratäng m. lättmjölk ost mager hemlagad,Vitamin B6,Potatisprodukter potatisrätter,0.16,mg
279,Potatisgratäng m. lättmjölk ost mager hemlagad,Vitamin B12,Potatisprodukter potatisrätter,0.31,µg
279,Potatisgratäng m. lättmjölk ost mager hemlagad,Vitamin A,Potatisprodukter potatisrätter,16.5,RE/µg
279,Potatisgratäng m. lättmjölk ost mager hemlagad,Vatten,Potatisprodukter potatisrätter,75.6,g
279,Potatisgratäng m. lättmjölk ost mager hemlagad,Tiamin,Potatisprodukter potatisrätter,0.06,mg
279,Potatisgratäng m. lättmjölk ost mager hemlagad,Tillsatt socker,Potatisprodukter potatisrätter,0.0,g
279,Potatisgratäng m. lättmjölk ost mager hemlagad,Fritt socker,Potatisprodukter potatisrätter,0.0,g
279,Potatisgratäng m. lättmjölk ost mager hemlagad,"Selen, Se",Potatisprodukter potatisrätter,2.1,µg
279,Potatisgratäng m. lättmjölk ost mager hemlagad,Sackaros,Potatisprodukter potatisrätter,0.3,g
279,Potatisgratäng m. lättmjölk ost mager hemlagad,Riboflavin,Potatisprodukter potatisrätter,0.09,mg
279,Potatisgratäng m. lättmjölk ost mager hemlagad,Retinol,Potatisprodukter potatisrätter,14.1,µg
279,Potatisgratäng m. lättmjölk ost mager hemlagad,Protein,Potatisprodukter potatisrätter,5.4,g
279,Potatisgratäng m. lättmjölk ost mager hemlagad,Summa fleromättade fettsyror,Potatisprodukter potatisrätter,0.1,g
279,Potatisgratäng m. lättmjölk ost mager hemlagad,"Fosfor, P",Potatisprodukter potatisrätter,131.0,mg
279,Potatisgratäng m. lättmjölk ost mager hemlagad,Niacinekvivalenter,Potatisprodukter potatisrätter,2.65,NE/mg
279,Potatisgratäng m. lättmjölk ost mager hemlagad,Niacin,Potatisprodukter potatisrätter,1.46,mg
279,Potatisgratäng m. lättmjölk ost mager hemlagad,"Salt, NaCl",Potatisprodukter potatisrätter,0.8,g
279,Potatisgratäng m. lättmjölk ost mager hemlagad,"Natrium, Na",Potatisprodukter potatisrätter,333.0,mg
279,Potatisgratäng m. lättmjölk ost mager hemlagad,Monosackarider,Potatisprodukter potatisrätter,0.5,g
279,Potatisgratäng m. lättmjölk ost mager hemlagad,"Sockerarter, totalt",Potatisprodukter potatisrätter,2.4,g
279,Potatisgratäng m. lättmjölk ost mager hemlagad,Summa enkelomättade fettsyror,Potatisprodukter potatisrätter,0.5,g
279,Potatisgratäng m. lättmjölk ost mager hemlagad,"Magnesium, Mg",Potatisprodukter potatisrätter,23.0,mg
279,Potatisgratäng m. lättmjölk ost mager hemlagad,Summa mättade fettsyror,Potatisprodukter potatisrätter,1.2,g
279,Potatisgratäng m. lättmjölk ost mager hemlagad,"Kolhydrater, tillgängliga",Potatisprodukter potatisrätter,13.5,g
279,Potatisgratäng m. lättmjölk ost mager hemlagad,Kolesterol,Potatisprodukter potatisrätter,6.7,mg
279,Potatisgratäng m. lättmjölk ost mager hemlagad,"Kalium, K",Potatisprodukter potatisrätter,341.0,mg
279,Potatisgratäng m. lättmjölk ost mager hemlagad,"Jod, I",Potatisprodukter potatisrätter,44.0,µg
279,Potatisgratäng m. lättmjölk ost mager hemlagad,Fullkorn totalt,Potatisprodukter potatisrätter,0.0,g
279,Potatisgratäng m. lättmjölk ost mager hemlagad,"Folat, totalt",Potatisprodukter potatisrätter,14.3,µg
279,Potatisgratäng m. lättmjölk ost mager hemlagad,Fibrer,Potatisprodukter potatisrätter,1.7,g
279,Potatisgratäng m. lättmjölk ost mager hemlagad,"Fett, totalt",Potatisprodukter potatisrätter,1.9,g
279,Potatisgratäng m. lättmjölk ost mager hemlagad,"Järn, Fe",Potatisprodukter potatisrätter,0.3,mg
279,Potatisgratäng m. lättmjölk ost mager hemlagad,Energi (kJ),Potatisprodukter potatisrätter,405.0,kJ
279,Potatisgratäng m. lättmjölk ost mager hemlagad,Energi (kcal),Potatisprodukter potatisrätter,97.0,kcal
279,Potatisgratäng m. lättmjölk ost mager hemlagad,Disackarider,Potatisprodukter potatisrätter,1.9,g
279,Potatisgratäng m. lättmjölk ost mager hemlagad,"Kalcium, Ca",Potatisprodukter potatisrätter,133.0,mg
279,Potatisgratäng m. lättmjölk ost mager hemlagad,Fettsyra 4:0-10:0,Potatisprodukter potatisrätter,0.1,g
279,Potatisgratäng m. lättmjölk ost mager hemlagad,DHA (C22:6),Potatisprodukter potatisrätter,0.0,g
279,Potatisgratäng m. lättmjölk ost mager hemlagad,DPA (C22:5),Potatisprodukter potatisrätter,0.0,g
279,Potatisgratäng m. lättmjölk ost mager hemlagad,EPA (C20:5),Potatisprodukter potatisrätter,0.0,g
279,Potatisgratäng m. lättmjölk ost mager hemlagad,Arakidonsyra C20:4,Potatisprodukter potatisrätter,0.0,g
279,Potatisgratäng m. lättmjölk ost mager hemlagad,Arakidinsyra C20:0,Potatisprodukter potatisrätter,0.0,g
279,Potatisgratäng m. lättmjölk ost mager hemlagad,Linolensyra C18:3,Potatisprodukter potatisrätter,0.0,g
279,Potatisgratäng m. lättmjölk ost mager hemlagad,Linolsyra C18:2,Potatisprodukter potatisrätter,0.1,g
279,Potatisgratäng m. lättmjölk ost mager hemlagad,Oljesyra C18:1,Potatisprodukter potatisrätter,0.4,g
279,Potatisgratäng m. lättmjölk ost mager hemlagad,Stearinsyra C18:0,Potatisprodukter potatisrätter,0.2,g
279,Potatisgratäng m. lättmjölk ost mager hemlagad,Palmitoljesyra C16:1,Potatisprodukter potatisrätter,0.0,g
279,Potatisgratäng m. lättmjölk ost mager hemlagad,Palmitinsyra C16:0,Potatisprodukter potatisrätter,0.6,g
279,Potatisgratäng m. lättmjölk ost mager hemlagad,Myristinsyra C14:0,Potatisprodukter potatisrätter,0.2,g
279,Potatisgratäng m. lättmjölk ost mager hemlagad,Laurinsyra C12:0,Potatisprodukter potatisrätter,0.1,g
279,Potatisgratäng m. lättmjölk ost mager hemlagad,Betakaroten/β-Karoten,Potatisprodukter potatisrätter,29.0,µg
279,Potatisgratäng m. lättmjölk ost mager hemlagad,Avfall (skal etc.),Potatisprodukter potatisrätter,12.0,%
279,Potatisgratäng m. lättmjölk ost mager hemlagad,Aska,Potatisprodukter potatisrätter,2.0,g
279,Potatisgratäng m. lättmjölk ost mager hemlagad,Alkohol,Potatisprodukter potatisrätter,0.0,g
280,Bakad potatis m. färskoströra paprika veg.,"Zink, Zn",Potatisprodukter potatisrätter,0.3,mg
280,Bakad potatis m. färskoströra paprika veg.,Vitamin E,Potatisprodukter potatisrätter,0.1,mg
280,Bakad potatis m. färskoströra paprika veg.,Vitamin D,Potatisprodukter potatisrätter,0.1,µg
280,Bakad potatis m. färskoströra paprika veg.,Vitamin C,Potatisprodukter potatisrätter,0.0,mg
280,Bakad potatis m. färskoströra paprika veg.,Vitamin B6,Potatisprodukter potatisrätter,0.25,mg
280,Bakad potatis m. färskoströra paprika veg.,Vitamin B12,Potatisprodukter potatisrätter,0.13,µg
280,Bakad potatis m. färskoströra paprika veg.,Vitamin A,Potatisprodukter potatisrätter,7.2,RE/µg
280,Bakad potatis m. färskoströra paprika veg.,Vatten,Potatisprodukter potatisrätter,75.6,g
280,Bakad potatis m. färskoströra paprika veg.,Tiamin,Potatisprodukter potatisrätter,0.04,mg
280,Bakad potatis m. färskoströra paprika veg.,Tillsatt socker,Potatisprodukter potatisrätter,0.0,g
280,Bakad potatis m. färskoströra paprika veg.,Fritt socker,Potatisprodukter potatisrätter,0.0,g
280,Bakad potatis m. färskoströra paprika veg.,"Selen, Se",Potatisprodukter potatisrätter,0.0,µg
280,Bakad potatis m. färskoströra paprika veg.,Sackaros,Potatisprodukter potatisrätter,0.0,g
280,Bakad potatis m. färskoströra paprika veg.,Riboflavin,Potatisprodukter potatisrätter,0.05,mg
280,Bakad potatis m. färskoströra paprika veg.,Retinol,Potatisprodukter potatisrätter,6.3,µg
280,Bakad potatis m. färskoströra paprika veg.,Protein,Potatisprodukter potatisrätter,4.0,g
280,Bakad potatis m. färskoströra paprika veg.,Summa fleromättade fettsyror,Potatisprodukter potatisrätter,0.1,g
280,Bakad potatis m. färskoströra paprika veg.,"Fosfor, P",Potatisprodukter potatisrätter,55.0,mg
280,Bakad potatis m. färskoströra paprika veg.,Niacinekvivalenter,Potatisprodukter potatisrätter,2.2,NE/mg
280,Bakad potatis m. färskoströra paprika veg.,Niacin,Potatisprodukter potatisrätter,1.27,mg
280,Bakad potatis m. färskoströra paprika veg.,"Salt, NaCl",Potatisprodukter potatisrätter,0.4,g
280,Bakad potatis m. färskoströra paprika veg.,"Natrium, Na",Potatisprodukter potatisrätter,151.0,mg
280,Bakad potatis m. färskoströra paprika veg.,Monosackarider,Potatisprodukter potatisrätter,0.7,g
280,Bakad potatis m. färskoströra paprika veg.,"Sockerarter, totalt",Potatisprodukter potatisrätter,1.0,g
280,Bakad potatis m. färskoströra paprika veg.,Summa enkelomättade fettsyror,Potatisprodukter potatisrätter,0.3,g
280,Bakad potatis m. färskoströra paprika veg.,"Magnesium, Mg",Potatisprodukter potatisrätter,21.0,mg
280,Bakad potatis m. färskoströra paprika veg.,Summa mättade fettsyror,Potatisprodukter potatisrätter,0.4,g
280,Bakad potatis m. färskoströra paprika veg.,"Kolhydrater, tillgängliga",Potatisprodukter potatisrätter,15.8,g
280,Bakad potatis m. färskoströra paprika veg.,Kolesterol,Potatisprodukter potatisrätter,2.8,mg
280,Bakad potatis m. färskoströra paprika veg.,"Kalium, K",Potatisprodukter potatisrätter,448.0,mg
280,Bakad potatis m. färskoströra paprika veg.,"Jod, I",Potatisprodukter potatisrätter,2.7,µg
280,Bakad potatis m. färskoströra paprika veg.,Fullkorn totalt,Potatisprodukter potatisrätter,0.0,g
280,Bakad potatis m. färskoströra paprika veg.,"Folat, totalt",Potatisprodukter potatisrätter,23.1,µg
280,Bakad potatis m. färskoströra paprika veg.,Fibrer,Potatisprodukter potatisrätter,2.4,g
280,Bakad potatis m. färskoströra paprika veg.,"Fett, totalt",Potatisprodukter potatisrätter,0.9,g
280,Bakad potatis m. färskoströra paprika veg.,"Järn, Fe",Potatisprodukter potatisrätter,0.4,mg
280,Bakad potatis m. färskoströra paprika veg.,Energi (kJ),Potatisprodukter potatisrätter,390.0,kJ
280,Bakad potatis m. färskoströra paprika veg.,Energi (kcal),Potatisprodukter potatisrätter,93.0,kcal
280,Bakad potatis m. färskoströra paprika veg.,Disackarider,Potatisprodukter potatisrätter,0.3,g
280,Bakad potatis m. färskoströra paprika veg.,"Kalcium, Ca",Potatisprodukter potatisrätter,15.0,mg
280,Bakad potatis m. färskoströra paprika veg.,Fettsyra 4:0-10:0,Potatisprodukter potatisrätter,0.0,g
280,Bakad potatis m. färskoströra paprika veg.,DHA (C22:6),Potatisprodukter potatisrätter,0.0,g
280,Bakad potatis m. färskoströra paprika veg.,DPA (C22:5),Potatisprodukter potatisrätter,0.0,g
280,Bakad potatis m. färskoströra paprika veg.,EPA (C20:5),Potatisprodukter potatisrätter,0.0,g
280,Bakad potatis m. färskoströra paprika veg.,Arakidonsyra C20:4,Potatisprodukter potatisrätter,0.0,g
280,Bakad potatis m. färskoströra paprika veg.,Arakidinsyra C20:0,Potatisprodukter potatisrätter,0.0,g
280,Bakad potatis m. färskoströra paprika veg.,Linolensyra C18:3,Potatisprodukter potatisrätter,0.0,g
280,Bakad potatis m. färskoströra paprika veg.,Linolsyra C18:2,Potatisprodukter potatisrätter,0.1,g
280,Bakad potatis m. färskoströra paprika veg.,Oljesyra C18:1,Potatisprodukter potatisrätter,0.3,g
280,Bakad potatis m. färskoströra paprika veg.,Stearinsyra C18:0,Potatisprodukter potatisrätter,0.1,g
280,Bakad potatis m. färskoströra paprika veg.,Palmitoljesyra C16:1,Potatisprodukter potatisrätter,0.0,g
280,Bakad potatis m. färskoströra paprika veg.,Palmitinsyra C16:0,Potatisprodukter potatisrätter,0.2,g
280,Bakad potatis m. färskoströra paprika veg.,Myristinsyra C14:0,Potatisprodukter potatisrätter,0.1,g
280,Bakad potatis m. färskoströra paprika veg.,Laurinsyra C12:0,Potatisprodukter potatisrätter,0.0,g
280,Bakad potatis m. färskoströra paprika veg.,Betakaroten/β-Karoten,Potatisprodukter potatisrätter,9.0,µg
280,Bakad potatis m. färskoströra paprika veg.,Avfall (skal etc.),Potatisprodukter potatisrätter,0.0,%
280,Bakad potatis m. färskoströra paprika veg.,Aska,Potatisprodukter potatisrätter,1.3,g
280,Bakad potatis m. färskoströra paprika veg.,Alkohol,Potatisprodukter potatisrätter,0.0,g
281,Schweizisk potatiskaka rösti värmd frysvara,"Zink, Zn",Potatisprodukter potatisrätter,0.4,mg
281,Schweizisk potatiskaka rösti värmd frysvara,Vitamin E,Potatisprodukter potatisrätter,0.6,mg
281,Schweizisk potatiskaka rösti värmd frysvara,Vitamin D,Potatisprodukter potatisrätter,1.4,µg
281,Schweizisk potatiskaka rösti värmd frysvara,Vitamin C,Potatisprodukter potatisrätter,0.3,mg
281,Schweizisk potatiskaka rösti värmd frysvara,Vitamin B6,Potatisprodukter potatisrätter,0.33,mg
281,Schweizisk potatiskaka rösti värmd frysvara,Vitamin B12,Potatisprodukter potatisrätter,0.03,µg
281,Schweizisk potatiskaka rösti värmd frysvara,Vitamin A,Potatisprodukter potatisrätter,10.2,RE/µg
281,Schweizisk potatiskaka rösti värmd frysvara,Vatten,Potatisprodukter potatisrätter,56.1,g
281,Schweizisk potatiskaka rösti värmd frysvara,Tiamin,Potatisprodukter potatisrätter,0.08,mg
281,Schweizisk potatiskaka rösti värmd frysvara,Tillsatt socker,Potatisprodukter potatisrätter,0.0,g
281,Schweizisk potatiskaka rösti värmd frysvara,Fritt socker,Potatisprodukter potatisrätter,0.0,g
281,Schweizisk potatiskaka rösti värmd frysvara,"Selen, Se",Potatisprodukter potatisrätter,0.0,µg
281,Schweizisk potatiskaka rösti värmd frysvara,Sackaros,Potatisprodukter potatisrätter,0.3,g
281,Schweizisk potatiskaka rösti värmd frysvara,Riboflavin,Potatisprodukter potatisrätter,0.03,mg
281,Schweizisk potatiskaka rösti värmd frysvara,Retinol,Potatisprodukter potatisrätter,0.0,µg
281,Schweizisk potatiskaka rösti värmd frysvara,Protein,Potatisprodukter potatisrätter,2.4,g
281,Schweizisk potatiskaka rösti värmd frysvara,Summa fleromättade fettsyror,Potatisprodukter potatisrätter,1.1,g
281,Schweizisk potatiskaka rösti värmd frysvara,"Fosfor, P",Potatisprodukter potatisrätter,108.0,mg
281,Schweizisk potatiskaka rösti värmd frysvara,Niacinekvivalenter,Potatisprodukter potatisrätter,2.3,NE/mg
281,Schweizisk potatiskaka rösti värmd frysvara,Niacin,Potatisprodukter potatisrätter,1.89,mg
281,Schweizisk potatiskaka rösti värmd frysvara,"Salt, NaCl",Potatisprodukter potatisrätter,1.3,g
281,Schweizisk potatiskaka rösti värmd frysvara,"Natrium, Na",Potatisprodukter potatisrätter,537.0,mg
281,Schweizisk potatiskaka rösti värmd frysvara,Monosackarider,Potatisprodukter potatisrätter,0.2,g
281,Schweizisk potatiskaka rösti värmd frysvara,"Sockerarter, totalt",Potatisprodukter potatisrätter,0.6,g
281,Schweizisk potatiskaka rösti värmd frysvara,Summa enkelomättade fettsyror,Potatisprodukter potatisrätter,4.4,g
281,Schweizisk potatiskaka rösti värmd frysvara,"Magnesium, Mg",Potatisprodukter potatisrätter,20.0,mg
281,Schweizisk potatiskaka rösti värmd frysvara,Summa mättade fettsyror,Potatisprodukter potatisrätter,5.4,g
281,Schweizisk potatiskaka rösti värmd frysvara,"Kolhydrater, tillgängliga",Potatisprodukter potatisrätter,23.4,g
281,Schweizisk potatiskaka rösti värmd frysvara,Kolesterol,Potatisprodukter potatisrätter,0.0,mg
281,Schweizisk potatiskaka rösti värmd frysvara,"Kalium, K",Potatisprodukter potatisrätter,370.0,mg
281,Schweizisk potatiskaka rösti värmd frysvara,"Jod, I",Potatisprodukter potatisrätter,20.0,µg
281,Schweizisk potatiskaka rösti värmd frysvara,Fullkorn totalt,Potatisprodukter potatisrätter,0.0,g
281,Schweizisk potatiskaka rösti värmd frysvara,"Folat, totalt",Potatisprodukter potatisrätter,24.0,µg
281,Schweizisk potatiskaka rösti värmd frysvara,Fibrer,Potatisprodukter potatisrätter,4.2,g
281,Schweizisk potatiskaka rösti värmd frysvara,"Fett, totalt",Potatisprodukter potatisrätter,11.4,g
281,Schweizisk potatiskaka rösti värmd frysvara,"Järn, Fe",Potatisprodukter potatisrätter,0.6,mg
281,Schweizisk potatiskaka rösti värmd frysvara,Energi (kJ),Potatisprodukter potatisrätter,894.0,kJ
281,Schweizisk potatiskaka rösti värmd frysvara,Energi (kcal),Potatisprodukter potatisrätter,214.0,kcal
281,Schweizisk potatiskaka rösti värmd frysvara,Disackarider,Potatisprodukter potatisrätter,0.3,g
281,Schweizisk potatiskaka rösti värmd frysvara,"Kalcium, Ca",Potatisprodukter potatisrätter,15.0,mg
281,Schweizisk potatiskaka rösti värmd frysvara,Fettsyra 4:0-10:0,Potatisprodukter potatisrätter,0.0,g
281,Schweizisk potatiskaka rösti värmd frysvara,DHA (C22:6),Potatisprodukter potatisrätter,0.0,g
281,Schweizisk potatiskaka rösti värmd frysvara,DPA (C22:5),Potatisprodukter potatisrätter,0.0,g
281,Schweizisk potatiskaka rösti värmd frysvara,EPA (C20:5),Potatisprodukter potatisrätter,0.0,g
281,Schweizisk potatiskaka rösti värmd frysvara,Arakidonsyra C20:4,Potatisprodukter potatisrätter,0.0,g
281,Schweizisk potatiskaka rösti värmd frysvara,Arakidinsyra C20:0,Potatisprodukter potatisrätter,0.0,g
281,Schweizisk potatiskaka rösti värmd frysvara,Linolensyra C18:3,Potatisprodukter potatisrätter,0.0,g
281,Schweizisk potatiskaka rösti värmd frysvara,Linolsyra C18:2,Potatisprodukter potatisrätter,1.0,g
281,Schweizisk potatiskaka rösti värmd frysvara,Oljesyra C18:1,Potatisprodukter potatisrätter,4.3,g
281,Schweizisk potatiskaka rösti värmd frysvara,Stearinsyra C18:0,Potatisprodukter potatisrätter,0.5,g
281,Schweizisk potatiskaka rösti värmd frysvara,Palmitoljesyra C16:1,Potatisprodukter potatisrätter,0.0,g
281,Schweizisk potatiskaka rösti värmd frysvara,Palmitinsyra C16:0,Potatisprodukter potatisrätter,4.7,g
281,Schweizisk potatiskaka rösti värmd frysvara,Myristinsyra C14:0,Potatisprodukter potatisrätter,0.1,g
281,Schweizisk potatiskaka rösti värmd frysvara,Laurinsyra C12:0,Potatisprodukter potatisrätter,0.0,g
281,Schweizisk potatiskaka rösti värmd frysvara,Betakaroten/β-Karoten,Potatisprodukter potatisrätter,2.0,µg
281,Schweizisk potatiskaka rösti värmd frysvara,Avfall (skal etc.),Potatisprodukter potatisrätter,0.0,%
281,Schweizisk potatiskaka rösti värmd frysvara,Aska,Potatisprodukter potatisrätter,2.5,g
281,Schweizisk potatiskaka rösti värmd frysvara,Alkohol,Potatisprodukter potatisrätter,0.0,g
282,Potatiskrokett värmd frysvara,"Zink, Zn",Potatisprodukter potatisrätter,0.5,mg
282,Potatiskrokett värmd frysvara,Vitamin E,Potatisprodukter potatisrätter,0.4,mg
282,Potatiskrokett värmd frysvara,Vitamin D inkl 25-OH-D3,Potatisprodukter potatisrätter,0.0,µg
282,Potatiskrokett värmd frysvara,Vitamin D,Potatisprodukter potatisrätter,0.0,µg
282,Potatiskrokett värmd frysvara,Vitamin C,Potatisprodukter potatisrätter,4.7,mg
282,Potatiskrokett värmd frysvara,Vitamin B6,Potatisprodukter potatisrätter,0.25,mg
282,Potatiskrokett värmd frysvara,Vitamin B12,Potatisprodukter potatisrätter,0.04,µg
282,Potatiskrokett värmd frysvara,Vitamin A,Potatisprodukter potatisrätter,1.3,RE/µg
282,Potatiskrokett värmd frysvara,Vatten,Potatisprodukter potatisrätter,60.9,g
282,Potatiskrokett värmd frysvara,Tiamin,Potatisprodukter potatisrätter,0.07,mg
282,Potatiskrokett värmd frysvara,Tillsatt socker,Potatisprodukter potatisrätter,0.0,g
282,Potatiskrokett värmd frysvara,Fritt socker,Potatisprodukter potatisrätter,0.0,g
282,Potatiskrokett värmd frysvara,"Selen, Se",Potatisprodukter potatisrätter,0.0,µg
282,Potatiskrokett värmd frysvara,Sackaros,Potatisprodukter potatisrätter,0.2,g
282,Potatiskrokett värmd frysvara,Riboflavin,Potatisprodukter potatisrätter,0.05,mg
282,Potatiskrokett värmd frysvara,Retinol,Potatisprodukter potatisrätter,0.0,µg
282,Potatiskrokett värmd frysvara,Protein,Potatisprodukter potatisrätter,2.8,g
282,Potatiskrokett värmd frysvara,Summa fleromättade fettsyror,Potatisprodukter potatisrätter,0.7,g
282,Potatiskrokett värmd frysvara,"Fosfor, P",Potatisprodukter potatisrätter,83.0,mg
282,Potatiskrokett värmd frysvara,Niacinekvivalenter,Potatisprodukter potatisrätter,2.3,NE/mg
282,Potatiskrokett värmd frysvara,Niacin,Potatisprodukter potatisrätter,1.82,mg
282,Potatiskrokett värmd frysvara,"Salt, NaCl",Potatisprodukter potatisrätter,0.9,g
282,Potatiskrokett värmd frysvara,"Natrium, Na",Potatisprodukter potatisrätter,358.0,mg
282,Potatiskrokett värmd frysvara,Monosackarider,Potatisprodukter potatisrätter,0.0,g
282,Potatiskrokett värmd frysvara,"Sockerarter, totalt",Potatisprodukter potatisrätter,0.4,g
282,Potatiskrokett värmd frysvara,Summa enkelomättade fettsyror,Potatisprodukter potatisrätter,3.9,g
282,Potatiskrokett värmd frysvara,"Magnesium, Mg",Potatisprodukter potatisrätter,21.0,mg
282,Potatiskrokett värmd frysvara,Summa mättade fettsyror,Potatisprodukter potatisrätter,2.1,g
282,Potatiskrokett värmd frysvara,"Kolhydrater, tillgängliga",Potatisprodukter potatisrätter,23.9,g
282,Potatiskrokett värmd frysvara,Kolesterol,Potatisprodukter potatisrätter,0.0,mg
282,Potatiskrokett värmd frysvara,"Kalium, K",Potatisprodukter potatisrätter,345.0,mg
282,Potatiskrokett värmd frysvara,"Jod, I",Potatisprodukter potatisrätter,17.0,µg
282,Potatiskrokett värmd frysvara,Fullkorn totalt,Potatisprodukter potatisrätter,0.0,g
282,Potatiskrokett värmd frysvara,"Folat, totalt",Potatisprodukter potatisrätter,21.9,µg
282,Potatiskrokett värmd frysvara,Fibrer,Potatisprodukter potatisrätter,3.6,g
282,Potatiskrokett värmd frysvara,"Fett, totalt",Potatisprodukter potatisrätter,7.0,g
282,Potatiskrokett värmd frysvara,"Järn, Fe",Potatisprodukter potatisrätter,0.7,mg
282,Potatiskrokett värmd frysvara,Energi (kJ),Potatisprodukter potatisrätter,741.0,kJ
282,Potatiskrokett värmd frysvara,Energi (kcal),Potatisprodukter potatisrätter,177.0,kcal
282,Potatiskrokett värmd frysvara,Disackarider,Potatisprodukter potatisrätter,0.4,g
282,Potatiskrokett värmd frysvara,"Kalcium, Ca",Potatisprodukter potatisrätter,21.0,mg
282,Potatiskrokett värmd frysvara,Fettsyra 4:0-10:0,Potatisprodukter potatisrätter,0.0,g
282,Potatiskrokett värmd frysvara,DHA (C22:6),Potatisprodukter potatisrätter,0.0,g
282,Potatiskrokett värmd frysvara,DPA (C22:5),Potatisprodukter potatisrätter,0.0,g
282,Potatiskrokett värmd frysvara,EPA (C20:5),Potatisprodukter potatisrätter,0.0,g
282,Potatiskrokett värmd frysvara,Arakidonsyra C20:4,Potatisprodukter potatisrätter,0.0,g
282,Potatiskrokett värmd frysvara,Arakidinsyra C20:0,Potatisprodukter potatisrätter,0.0,g
282,Potatiskrokett värmd frysvara,Linolensyra C18:3,Potatisprodukter potatisrätter,0.0,g
282,Potatiskrokett värmd frysvara,Linolsyra C18:2,Potatisprodukter potatisrätter,0.6,g
282,Potatiskrokett värmd frysvara,Oljesyra C18:1,Potatisprodukter potatisrätter,3.8,g
282,Potatiskrokett värmd frysvara,Stearinsyra C18:0,Potatisprodukter potatisrätter,0.4,g
282,Potatiskrokett värmd frysvara,Palmitoljesyra C16:1,Potatisprodukter potatisrätter,0.0,g
282,Potatiskrokett värmd frysvara,Palmitinsyra C16:0,Potatisprodukter potatisrätter,1.6,g
282,Potatiskrokett värmd frysvara,Myristinsyra C14:0,Potatisprodukter potatisrätter,0.0,g
282,Potatiskrokett värmd frysvara,Laurinsyra C12:0,Potatisprodukter potatisrätter,0.0,g
282,Potatiskrokett värmd frysvara,Betakaroten/β-Karoten,Potatisprodukter potatisrätter,15.0,µg
282,Potatiskrokett värmd frysvara,Avfall (skal etc.),Potatisprodukter potatisrätter,0.0,%
282,Potatiskrokett värmd frysvara,Aska,Potatisprodukter potatisrätter,1.8,g
282,Potatiskrokett värmd frysvara,Alkohol,Potatisprodukter potatisrätter,0.0,g
284,Potatisgratäng m. grädde ost värmd frysvara,"Zink, Zn",Potatisprodukter potatisrätter,0.8,mg
284,Potatisgratäng m. grädde ost värmd frysvara,Vitamin E,Potatisprodukter potatisrätter,0.7,mg
284,Potatisgratäng m. grädde ost värmd frysvara,Vitamin D,Potatisprodukter potatisrätter,0.2,µg
284,Potatisgratäng m. grädde ost värmd frysvara,Vitamin C,Potatisprodukter potatisrätter,1.4,mg
284,Potatisgratäng m. grädde ost värmd frysvara,Vitamin B6,Potatisprodukter potatisrätter,0.14,mg
284,Potatisgratäng m. grädde ost värmd frysvara,Vitamin B12,Potatisprodukter potatisrätter,0.0,µg
284,Potatisgratäng m. grädde ost värmd frysvara,Vitamin A,Potatisprodukter potatisrätter,56.0,RE/µg
284,Potatisgratäng m. grädde ost värmd frysvara,Vatten,Potatisprodukter potatisrätter,69.8,g
284,Potatisgratäng m. grädde ost värmd frysvara,Tiamin,Potatisprodukter potatisrätter,0.06,mg
284,Potatisgratäng m. grädde ost värmd frysvara,Tillsatt socker,Potatisprodukter potatisrätter,0.0,g
284,Potatisgratäng m. grädde ost värmd frysvara,Fritt socker,Potatisprodukter potatisrätter,0.0,g
284,Potatisgratäng m. grädde ost värmd frysvara,"Selen, Se",Potatisprodukter potatisrätter,1.8,µg
284,Potatisgratäng m. grädde ost värmd frysvara,Sackaros,Potatisprodukter potatisrätter,0.1,g
284,Potatisgratäng m. grädde ost värmd frysvara,Riboflavin,Potatisprodukter potatisrätter,0.13,mg
284,Potatisgratäng m. grädde ost värmd frysvara,Retinol,Potatisprodukter potatisrätter,55.2,µg
284,Potatisgratäng m. grädde ost värmd frysvara,Protein,Potatisprodukter potatisrätter,4.6,g
284,Potatisgratäng m. grädde ost värmd frysvara,Summa fleromättade fettsyror,Potatisprodukter potatisrätter,0.8,g
284,Potatisgratäng m. grädde ost värmd frysvara,"Fosfor, P",Potatisprodukter potatisrätter,110.0,mg
284,Potatisgratäng m. grädde ost värmd frysvara,Niacinekvivalenter,Potatisprodukter potatisrätter,1.85,NE/mg
284,Potatisgratäng m. grädde ost värmd frysvara,Niacin,Potatisprodukter potatisrätter,1.09,mg
284,Potatisgratäng m. grädde ost värmd frysvara,"Salt, NaCl",Potatisprodukter potatisrätter,0.9,g
284,Potatisgratäng m. grädde ost värmd frysvara,"Natrium, Na",Potatisprodukter potatisrätter,356.0,mg
284,Potatisgratäng m. grädde ost värmd frysvara,Monosackarider,Potatisprodukter potatisrätter,0.2,g
284,Potatisgratäng m. grädde ost värmd frysvara,"Sockerarter, totalt",Potatisprodukter potatisrätter,1.9,g
284,Potatisgratäng m. grädde ost värmd frysvara,Summa enkelomättade fettsyror,Potatisprodukter potatisrätter,3.4,g
284,Potatisgratäng m. grädde ost värmd frysvara,"Magnesium, Mg",Potatisprodukter potatisrätter,21.0,mg
284,Potatisgratäng m. grädde ost värmd frysvara,Summa mättade fettsyror,Potatisprodukter potatisrätter,4.7,g
284,Potatisgratäng m. grädde ost värmd frysvara,"Kolhydrater, tillgängliga",Potatisprodukter potatisrätter,13.2,g
284,Potatisgratäng m. grädde ost värmd frysvara,Kolesterol,Potatisprodukter potatisrätter,14.0,mg
284,Potatisgratäng m. grädde ost värmd frysvara,"Kalium, K",Potatisprodukter potatisrätter,258.0,mg
284,Potatisgratäng m. grädde ost värmd frysvara,"Jod, I",Potatisprodukter potatisrätter,3.7,µg
284,Potatisgratäng m. grädde ost värmd frysvara,Fullkorn totalt,Potatisprodukter potatisrätter,0.0,g
284,Potatisgratäng m. grädde ost värmd frysvara,"Folat, totalt",Potatisprodukter potatisrätter,25.8,µg
284,Potatisgratäng m. grädde ost värmd frysvara,Fibrer,Potatisprodukter potatisrätter,1.4,g
284,Potatisgratäng m. grädde ost värmd frysvara,"Fett, totalt",Potatisprodukter potatisrätter,9.4,g
284,Potatisgratäng m. grädde ost värmd frysvara,"Järn, Fe",Potatisprodukter potatisrätter,0.3,mg
284,Potatisgratäng m. grädde ost värmd frysvara,Energi (kJ),Potatisprodukter potatisrätter,660.0,kJ
284,Potatisgratäng m. grädde ost värmd frysvara,Energi (kcal),Potatisprodukter potatisrätter,158.0,kcal
284,Potatisgratäng m. grädde ost värmd frysvara,Disackarider,Potatisprodukter potatisrätter,1.7,g
284,Potatisgratäng m. grädde ost värmd frysvara,"Kalcium, Ca",Potatisprodukter potatisrätter,97.0,mg
284,Potatisgratäng m. grädde ost värmd frysvara,Fettsyra 4:0-10:0,Potatisprodukter potatisrätter,0.4,g
284,Potatisgratäng m. grädde ost värmd frysvara,DHA (C22:6),Potatisprodukter potatisrätter,0.0,g
284,Potatisgratäng m. grädde ost värmd frysvara,DPA (C22:5),Potatisprodukter potatisrätter,0.0,g
284,Potatisgratäng m. grädde ost värmd frysvara,EPA (C20:5),Potatisprodukter potatisrätter,0.0,g
284,Potatisgratäng m. grädde ost värmd frysvara,Arakidonsyra C20:4,Potatisprodukter potatisrätter,0.0,g
284,Potatisgratäng m. grädde ost värmd frysvara,Arakidinsyra C20:0,Potatisprodukter potatisrätter,0.0,g
284,Potatisgratäng m. grädde ost värmd frysvara,Linolensyra C18:3,Potatisprodukter potatisrätter,0.1,g
284,Potatisgratäng m. grädde ost värmd frysvara,Linolsyra C18:2,Potatisprodukter potatisrätter,0.5,g
284,Potatisgratäng m. grädde ost värmd frysvara,Oljesyra C18:1,Potatisprodukter potatisrätter,3.2,g
284,Potatisgratäng m. grädde ost värmd frysvara,Stearinsyra C18:0,Potatisprodukter potatisrätter,1.0,g
284,Potatisgratäng m. grädde ost värmd frysvara,Palmitoljesyra C16:1,Potatisprodukter potatisrätter,0.1,g
284,Potatisgratäng m. grädde ost värmd frysvara,Palmitinsyra C16:0,Potatisprodukter potatisrätter,2.2,g
284,Potatisgratäng m. grädde ost värmd frysvara,Myristinsyra C14:0,Potatisprodukter potatisrätter,0.5,g
284,Potatisgratäng m. grädde ost värmd frysvara,Laurinsyra C12:0,Potatisprodukter potatisrätter,0.3,g
284,Potatisgratäng m. grädde ost värmd frysvara,Betakaroten/β-Karoten,Potatisprodukter potatisrätter,10.0,µg
284,Potatisgratäng m. grädde ost värmd frysvara,Avfall (skal etc.),Potatisprodukter potatisrätter,0.0,%
284,Potatisgratäng m. grädde ost värmd frysvara,Aska,Potatisprodukter potatisrätter,1.7,g
284,Potatisgratäng m. grädde ost värmd frysvara,Alkohol,Potatisprodukter potatisrätter,0.0,g
286,Grönsaksblandning m. morot palsternacka purjolök rotselleri frysvara,"Zink, Zn",Rotfrukter,0.4,mg
286,Grönsaksblandning m. morot palsternacka purjolök rotselleri frysvara,Vitamin E,Rotfrukter,0.3,mg
286,Grönsaksblandning m. morot palsternacka purjolök rotselleri frysvara,Vitamin D inkl 25-OH-D3,Rotfrukter,0.0,µg
286,Grönsaksblandning m. morot palsternacka purjolök rotselleri frysvara,Vitamin D,Rotfrukter,0.0,µg
286,Grönsaksblandning m. morot palsternacka purjolök rotselleri frysvara,Vitamin C,Rotfrukter,8.0,mg
286,Grönsaksblandning m. morot palsternacka purjolök rotselleri frysvara,Vitamin B6,Rotfrukter,0.1,mg
286,Grönsaksblandning m. morot palsternacka purjolök rotselleri frysvara,Vitamin B12,Rotfrukter,0.0,µg
286,Grönsaksblandning m. morot palsternacka purjolök rotselleri frysvara,Vitamin A,Rotfrukter,275.0,RE/µg
286,Grönsaksblandning m. morot palsternacka purjolök rotselleri frysvara,Vatten,Rotfrukter,89.5,g
286,Grönsaksblandning m. morot palsternacka purjolök rotselleri frysvara,Tiamin,Rotfrukter,0.11,mg
286,Grönsaksblandning m. morot palsternacka purjolök rotselleri frysvara,Tillsatt socker,Rotfrukter,0.0,g
286,Grönsaksblandning m. morot palsternacka purjolök rotselleri frysvara,Fritt socker,Rotfrukter,0.0,g
286,Grönsaksblandning m. morot palsternacka purjolök rotselleri frysvara,"Selen, Se",Rotfrukter,0.2,µg
286,Grönsaksblandning m. morot palsternacka purjolök rotselleri frysvara,Sackaros,Rotfrukter,1.6,g
286,Grönsaksblandning m. morot palsternacka purjolök rotselleri frysvara,Riboflavin,Rotfrukter,0.07,mg
286,Grönsaksblandning m. morot palsternacka purjolök rotselleri frysvara,Retinol,Rotfrukter,0.0,µg
286,Grönsaksblandning m. morot palsternacka purjolök rotselleri frysvara,Protein,Rotfrukter,1.2,g
286,Grönsaksblandning m. morot palsternacka purjolök rotselleri frysvara,Summa fleromättade fettsyror,Rotfrukter,0.2,g
286,Grönsaksblandning m. morot palsternacka purjolök rotselleri frysvara,"Fosfor, P",Rotfrukter,40.0,mg
286,Grönsaksblandning m. morot palsternacka purjolök rotselleri frysvara,Niacinekvivalenter,Rotfrukter,0.9,NE/mg
286,Grönsaksblandning m. morot palsternacka purjolök rotselleri frysvara,Niacin,Rotfrukter,0.7,mg
286,Grönsaksblandning m. morot palsternacka purjolök rotselleri frysvara,"Salt, NaCl",Rotfrukter,0.1,g
286,Grönsaksblandning m. morot palsternacka purjolök rotselleri frysvara,"Natrium, Na",Rotfrukter,38.0,mg
286,Grönsaksblandning m. morot palsternacka purjolök rotselleri frysvara,Monosackarider,Rotfrukter,0.3,g
286,Grönsaksblandning m. morot palsternacka purjolök rotselleri frysvara,"Sockerarter, totalt",Rotfrukter,1.9,g
286,Grönsaksblandning m. morot palsternacka purjolök rotselleri frysvara,Summa enkelomättade fettsyror,Rotfrukter,0.0,g
286,Grönsaksblandning m. morot palsternacka purjolök rotselleri frysvara,"Magnesium, Mg",Rotfrukter,24.0,mg
286,Grönsaksblandning m. morot palsternacka purjolök rotselleri frysvara,Summa mättade fettsyror,Rotfrukter,0.1,g
286,Grönsaksblandning m. morot palsternacka purjolök rotselleri frysvara,"Kolhydrater, tillgängliga",Rotfrukter,5.3,g
286,Grönsaksblandning m. morot palsternacka purjolök rotselleri frysvara,Kolesterol,Rotfrukter,0.0,mg
286,Grönsaksblandning m. morot palsternacka purjolök rotselleri frysvara,"Kalium, K",Rotfrukter,250.0,mg
286,Grönsaksblandning m. morot palsternacka purjolök rotselleri frysvara,"Jod, I",Rotfrukter,0.7,µg
286,Grönsaksblandning m. morot palsternacka purjolök rotselleri frysvara,Fullkorn totalt,Rotfrukter,0.0,g
286,Grönsaksblandning m. morot palsternacka purjolök rotselleri frysvara,"Folat, totalt",Rotfrukter,30.0,µg
286,Grönsaksblandning m. morot palsternacka purjolök rotselleri frysvara,Fibrer,Rotfrukter,2.5,g
286,Grönsaksblandning m. morot palsternacka purjolök rotselleri frysvara,"Fett, totalt",Rotfrukter,0.5,g
286,Grönsaksblandning m. morot palsternacka purjolök rotselleri frysvara,"Järn, Fe",Rotfrukter,0.9,mg
286,Grönsaksblandning m. morot palsternacka purjolök rotselleri frysvara,Energi (kJ),Rotfrukter,149.0,kJ
286,Grönsaksblandning m. morot palsternacka purjolök rotselleri frysvara,Energi (kcal),Rotfrukter,36.0,kcal
286,Grönsaksblandning m. morot palsternacka purjolök rotselleri frysvara,Disackarider,Rotfrukter,1.6,g
286,Grönsaksblandning m. morot palsternacka purjolök rotselleri frysvara,"Kalcium, Ca",Rotfrukter,42.0,mg
286,Grönsaksblandning m. morot palsternacka purjolök rotselleri frysvara,Fettsyra 4:0-10:0,Rotfrukter,0.0,g
286,Grönsaksblandning m. morot palsternacka purjolök rotselleri frysvara,DHA (C22:6),Rotfrukter,0.0,g
286,Grönsaksblandning m. morot palsternacka purjolök rotselleri frysvara,DPA (C22:5),Rotfrukter,0.0,g
286,Grönsaksblandning m. morot palsternacka purjolök rotselleri frysvara,EPA (C20:5),Rotfrukter,0.0,g
286,Grönsaksblandning m. morot palsternacka purjolök rotselleri frysvara,Arakidonsyra C20:4,Rotfrukter,0.0,g
286,Grönsaksblandning m. morot palsternacka purjolök rotselleri frysvara,Arakidinsyra C20:0,Rotfrukter,0.0,g
286,Grönsaksblandning m. morot palsternacka purjolök rotselleri frysvara,Linolensyra C18:3,Rotfrukter,0.1,g
286,Grönsaksblandning m. morot palsternacka purjolök rotselleri frysvara,Linolsyra C18:2,Rotfrukter,0.2,g
286,Grönsaksblandning m. morot palsternacka purjolök rotselleri frysvara,Oljesyra C18:1,Rotfrukter,0.0,g
286,Grönsaksblandning m. morot palsternacka purjolök rotselleri frysvara,Stearinsyra C18:0,Rotfrukter,0.0,g
286,Grönsaksblandning m. morot palsternacka purjolök rotselleri frysvara,Palmitoljesyra C16:1,Rotfrukter,0.0,g
286,Grönsaksblandning m. morot palsternacka purjolök rotselleri frysvara,Palmitinsyra C16:0,Rotfrukter,0.1,g
286,Grönsaksblandning m. morot palsternacka purjolök rotselleri frysvara,Myristinsyra C14:0,Rotfrukter,0.0,g
286,Grönsaksblandning m. morot palsternacka purjolök rotselleri frysvara,Laurinsyra C12:0,Rotfrukter,0.0,g
286,Grönsaksblandning m. morot palsternacka purjolök rotselleri frysvara,Betakaroten/β-Karoten,Rotfrukter,3300.0,µg
286,Grönsaksblandning m. morot palsternacka purjolök rotselleri frysvara,Avfall (skal etc.),Rotfrukter,0.0,%
286,Grönsaksblandning m. morot palsternacka purjolök rotselleri frysvara,Aska,Rotfrukter,1.0,g
286,Grönsaksblandning m. morot palsternacka purjolök rotselleri frysvara,Alkohol,Rotfrukter,0.0,g
287,Jordärtskocka,"Zink, Zn",Rotfrukter,0.3,mg
287,Jordärtskocka,Vitamin E,Rotfrukter,0.2,mg
287,Jordärtskocka,Vitamin D inkl 25-OH-D3,Rotfrukter,0.0,µg
287,Jordärtskocka,Vitamin D,Rotfrukter,0.0,µg
287,Jordärtskocka,Vitamin C,Rotfrukter,10.0,mg
287,Jordärtskocka,Vitamin B6,Rotfrukter,0.09,mg
287,Jordärtskocka,Vitamin B12,Rotfrukter,0.0,µg
287,Jordärtskocka,Vitamin A,Rotfrukter,0.0,RE/µg
287,Jordärtskocka,Vatten,Rotfrukter,81.7,g
287,Jordärtskocka,Tiamin,Rotfrukter,0.08,mg
287,Jordärtskocka,Tillsatt socker,Rotfrukter,0.0,g
287,Jordärtskocka,Fritt socker,Rotfrukter,0.0,g
287,Jordärtskocka,"Selen, Se",Rotfrukter,0.0,µg
287,Jordärtskocka,Sackaros,Rotfrukter,0.0,g
287,Jordärtskocka,Riboflavin,Rotfrukter,0.04,mg
287,Jordärtskocka,Retinol,Rotfrukter,0.0,µg
287,Jordärtskocka,Protein,Rotfrukter,1.9,g
287,Jordärtskocka,Summa fleromättade fettsyror,Rotfrukter,0.0,g
287,Jordärtskocka,"Fosfor, P",Rotfrukter,66.0,mg
287,Jordärtskocka,Niacinekvivalenter,Rotfrukter,1.9,NE/mg
287,Jordärtskocka,Niacin,Rotfrukter,1.6,mg
287,Jordärtskocka,"Salt, NaCl",Rotfrukter,0.0,g
287,Jordärtskocka,"Natrium, Na",Rotfrukter,1.0,mg
287,Jordärtskocka,Monosackarider,Rotfrukter,3.2,g
287,Jordärtskocka,"Sockerarter, totalt",Rotfrukter,3.2,g
287,Jordärtskocka,Summa enkelomättade fettsyror,Rotfrukter,0.0,g
287,Jordärtskocka,"Magnesium, Mg",Rotfrukter,16.0,mg
287,Jordärtskocka,Summa mättade fettsyror,Rotfrukter,0.0,g
287,Jordärtskocka,"Kolhydrater, tillgängliga",Rotfrukter,12.8,g
287,Jordärtskocka,Kolesterol,Rotfrukter,0.0,mg
287,Jordärtskocka,"Kalium, K",Rotfrukter,610.0,mg
287,Jordärtskocka,"Jod, I",Rotfrukter,1.0,µg
287,Jordärtskocka,Fullkorn totalt,Rotfrukter,0.0,g
287,Jordärtskocka,"Folat, totalt",Rotfrukter,20.0,µg
287,Jordärtskocka,Fibrer,Rotfrukter,1.9,g
287,Jordärtskocka,"Fett, totalt",Rotfrukter,0.4,g
287,Jordärtskocka,"Järn, Fe",Rotfrukter,0.3,mg
287,Jordärtskocka,Energi (kJ),Rotfrukter,280.0,kJ
287,Jordärtskocka,Energi (kcal),Rotfrukter,67.0,kcal
287,Jordärtskocka,Disackarider,Rotfrukter,0.0,g
287,Jordärtskocka,"Kalcium, Ca",Rotfrukter,14.0,mg
287,Jordärtskocka,Fettsyra 4:0-10:0,Rotfrukter,0.0,g
287,Jordärtskocka,DHA (C22:6),Rotfrukter,0.0,g
287,Jordärtskocka,DPA (C22:5),Rotfrukter,0.0,g
287,Jordärtskocka,EPA (C20:5),Rotfrukter,0.0,g
287,Jordärtskocka,Arakidonsyra C20:4,Rotfrukter,0.0,g
287,Jordärtskocka,Arakidinsyra C20:0,Rotfrukter,0.0,g
287,Jordärtskocka,Linolensyra C18:3,Rotfrukter,0.0,g
287,Jordärtskocka,Linolsyra C18:2,Rotfrukter,0.0,g
287,Jordärtskocka,Oljesyra C18:1,Rotfrukter,0.0,g
287,Jordärtskocka,Stearinsyra C18:0,Rotfrukter,0.0,g
287,Jordärtskocka,Palmitoljesyra C16:1,Rotfrukter,0.0,g
287,Jordärtskocka,Palmitinsyra C16:0,Rotfrukter,0.0,g
287,Jordärtskocka,Myristinsyra C14:0,Rotfrukter,0.0,g
287,Jordärtskocka,Laurinsyra C12:0,Rotfrukter,0.0,g
287,Jordärtskocka,Betakaroten/β-Karoten,Rotfrukter,0.0,µg
287,Jordärtskocka,Avfall (skal etc.),Rotfrukter,31.0,%
287,Jordärtskocka,Aska,Rotfrukter,1.3,g
287,Jordärtskocka,Alkohol,Rotfrukter,0.0,g
288,Kålrot,"Zink, Zn",Rotfrukter,0.2,mg
288,Kålrot,Vitamin E,Rotfrukter,0.0,mg
288,Kålrot,Vitamin D inkl 25-OH-D3,Rotfrukter,0.0,µg
288,Kålrot,Vitamin D,Rotfrukter,0.0,µg
288,Kålrot,Vitamin C,Rotfrukter,57.1,mg
288,Kålrot,Vitamin B6,Rotfrukter,0.22,mg
288,Kålrot,Vitamin B12,Rotfrukter,0.0,µg
288,Kålrot,Vitamin A,Rotfrukter,1.2,RE/µg
288,Kålrot,Vatten,Rotfrukter,88.8,g
288,Kålrot,Tiamin,Rotfrukter,0.05,mg
288,Kålrot,Tillsatt socker,Rotfrukter,0.0,g
288,Kålrot,Fritt socker,Rotfrukter,0.0,g
288,Kålrot,"Selen, Se",Rotfrukter,0.0,µg
288,Kålrot,Sackaros,Rotfrukter,0.4,g
288,Kålrot,Riboflavin,Rotfrukter,0.03,mg
288,Kålrot,Retinol,Rotfrukter,0.0,µg
288,Kålrot,Protein,Rotfrukter,1.4,g
288,Kålrot,Summa fleromättade fettsyror,Rotfrukter,0.0,g
288,Kålrot,"Fosfor, P",Rotfrukter,30.0,mg
288,Kålrot,Niacinekvivalenter,Rotfrukter,1.7,NE/mg
288,Kålrot,Niacin,Rotfrukter,1.48,mg
288,Kålrot,"Salt, NaCl",Rotfrukter,0.0,g
288,Kålrot,"Natrium, Na",Rotfrukter,8.0,mg
288,Kålrot,Monosackarider,Rotfrukter,6.4,g
288,Kålrot,"Sockerarter, totalt",Rotfrukter,6.8,g
288,Kålrot,Summa enkelomättade fettsyror,Rotfrukter,0.0,g
288,Kålrot,"Magnesium, Mg",Rotfrukter,9.0,mg
288,Kålrot,Summa mättade fettsyror,Rotfrukter,0.0,g
288,Kålrot,"Kolhydrater, tillgängliga",Rotfrukter,6.1,g
288,Kålrot,Kolesterol,Rotfrukter,0.0,mg
288,Kålrot,"Kalium, K",Rotfrukter,166.0,mg
288,Kålrot,"Jod, I",Rotfrukter,0.0,µg
288,Kålrot,Fullkorn totalt,Rotfrukter,0.0,g
288,Kålrot,"Folat, totalt",Rotfrukter,50.8,µg
288,Kålrot,Fibrer,Rotfrukter,3.0,g
288,Kålrot,"Fett, totalt",Rotfrukter,0.1,g
288,Kålrot,"Järn, Fe",Rotfrukter,0.2,mg
288,Kålrot,Energi (kJ),Rotfrukter,153.0,kJ
288,Kålrot,Energi (kcal),Rotfrukter,37.0,kcal
288,Kålrot,Disackarider,Rotfrukter,0.4,g
288,Kålrot,"Kalcium, Ca",Rotfrukter,42.0,mg
288,Kålrot,Fettsyra 4:0-10:0,Rotfrukter,0.0,g
288,Kålrot,DHA (C22:6),Rotfrukter,0.0,g
288,Kålrot,DPA (C22:5),Rotfrukter,0.0,g
288,Kålrot,EPA (C20:5),Rotfrukter,0.0,g
288,Kålrot,Arakidonsyra C20:4,Rotfrukter,0.0,g
288,Kålrot,Arakidinsyra C20:0,Rotfrukter,0.0,g
288,Kålrot,Linolensyra C18:3,Rotfrukter,0.0,g
288,Kålrot,Linolsyra C18:2,Rotfrukter,0.0,g
288,Kålrot,Oljesyra C18:1,Rotfrukter,0.0,g
288,Kålrot,Stearinsyra C18:0,Rotfrukter,0.0,g
288,Kålrot,Palmitoljesyra C16:1,Rotfrukter,0.0,g
288,Kålrot,Palmitinsyra C16:0,Rotfrukter,0.0,g
288,Kålrot,Myristinsyra C14:0,Rotfrukter,0.0,g
288,Kålrot,Laurinsyra C12:0,Rotfrukter,0.0,g
288,Kålrot,Betakaroten/β-Karoten,Rotfrukter,14.0,µg
288,Kålrot,Avfall (skal etc.),Rotfrukter,13.0,%
288,Kålrot,Aska,Rotfrukter,0.6,g
288,Kålrot,Alkohol,Rotfrukter,0.0,g
289,Morot,"Zink, Zn",Rotfrukter,0.2,mg
289,Morot,Vitamin E,Rotfrukter,0.6,mg
289,Morot,Vitamin D inkl 25-OH-D3,Rotfrukter,0.0,µg
289,Morot,Vitamin D,Rotfrukter,0.0,µg
289,Morot,Vitamin C,Rotfrukter,4.9,mg
289,Morot,Vitamin B6,Rotfrukter,0.14,mg
289,Morot,Vitamin B12,Rotfrukter,0.0,µg
289,Morot,Vitamin A,Rotfrukter,861.5,RE/µg
289,Morot,Vatten,Rotfrukter,89.4,g
289,Morot,Tiamin,Rotfrukter,0.04,mg
289,Morot,Tillsatt socker,Rotfrukter,0.0,g
289,Morot,Fritt socker,Rotfrukter,0.0,g
289,Morot,"Selen, Se",Rotfrukter,0.0,µg
289,Morot,Sackaros,Rotfrukter,3.0,g
289,Morot,Riboflavin,Rotfrukter,0.0,mg
289,Morot,Retinol,Rotfrukter,0.0,µg
289,Morot,Protein,Rotfrukter,0.7,g
289,Morot,Summa fleromättade fettsyror,Rotfrukter,0.1,g
289,Morot,"Fosfor, P",Rotfrukter,23.0,mg
289,Morot,Niacinekvivalenter,Rotfrukter,0.9,NE/mg
289,Morot,Niacin,Rotfrukter,0.8,mg
289,Morot,"Salt, NaCl",Rotfrukter,0.1,g
289,Morot,"Natrium, Na",Rotfrukter,31.0,mg
289,Morot,Monosackarider,Rotfrukter,3.2,g
289,Morot,"Sockerarter, totalt",Rotfrukter,6.2,g
289,Morot,Summa enkelomättade fettsyror,Rotfrukter,0.0,g
289,Morot,"Magnesium, Mg",Rotfrukter,8.0,mg
289,Morot,Summa mättade fettsyror,Rotfrukter,0.0,g
289,Morot,"Kolhydrater, tillgängliga",Rotfrukter,6.6,g
289,Morot,Kolesterol,Rotfrukter,0.0,mg
289,Morot,"Kalium, K",Rotfrukter,210.0,mg
289,Morot,"Jod, I",Rotfrukter,0.3,µg
289,Morot,Fullkorn totalt,Rotfrukter,0.0,g
289,Morot,"Folat, totalt",Rotfrukter,22.2,µg
289,Morot,Fibrer,Rotfrukter,2.4,g
289,Morot,"Fett, totalt",Rotfrukter,0.2,g
289,Morot,"Järn, Fe",Rotfrukter,0.2,mg
289,Morot,Energi (kJ),Rotfrukter,152.0,kJ
289,Morot,Energi (kcal),Rotfrukter,36.0,kcal
289,Morot,Disackarider,Rotfrukter,3.0,g
289,Morot,"Kalcium, Ca",Rotfrukter,26.0,mg
289,Morot,Fettsyra 4:0-10:0,Rotfrukter,0.0,g
289,Morot,DHA (C22:6),Rotfrukter,0.0,g
289,Morot,DPA (C22:5),Rotfrukter,0.0,g
289,Morot,EPA (C20:5),Rotfrukter,0.0,g
289,Morot,Arakidonsyra C20:4,Rotfrukter,0.0,g
289,Morot,Arakidinsyra C20:0,Rotfrukter,0.0,g
289,Morot,Linolensyra C18:3,Rotfrukter,0.0,g
289,Morot,Linolsyra C18:2,Rotfrukter,0.1,g
289,Morot,Oljesyra C18:1,Rotfrukter,0.0,g
289,Morot,Stearinsyra C18:0,Rotfrukter,0.0,g
289,Morot,Palmitoljesyra C16:1,Rotfrukter,0.0,g
289,Morot,Palmitinsyra C16:0,Rotfrukter,0.0,g
289,Morot,Myristinsyra C14:0,Rotfrukter,0.0,g
289,Morot,Laurinsyra C12:0,Rotfrukter,0.0,g
289,Morot,Betakaroten/β-Karoten,Rotfrukter,8695.0,µg
289,Morot,Avfall (skal etc.),Rotfrukter,5.0,%
289,Morot,Aska,Rotfrukter,0.6,g
289,Morot,Alkohol,Rotfrukter,0.0,g
290,Palsternacka,"Zink, Zn",Rotfrukter,0.5,mg
290,Palsternacka,Vitamin E,Rotfrukter,0.7,mg
290,Palsternacka,Vitamin D inkl 25-OH-D3,Rotfrukter,0.0,µg
290,Palsternacka,Vitamin D,Rotfrukter,0.0,µg
290,Palsternacka,Vitamin C,Rotfrukter,16.6,mg
290,Palsternacka,Vitamin B6,Rotfrukter,0.09,mg
290,Palsternacka,Vitamin B12,Rotfrukter,0.0,µg
290,Palsternacka,Vitamin A,Rotfrukter,0.2,RE/µg
290,Palsternacka,Vatten,Rotfrukter,80.4,g
290,Palsternacka,Tiamin,Rotfrukter,0.09,mg
290,Palsternacka,Tillsatt socker,Rotfrukter,0.0,g
290,Palsternacka,Fritt socker,Rotfrukter,0.0,g
290,Palsternacka,"Selen, Se",Rotfrukter,0.0,µg
290,Palsternacka,Sackaros,Rotfrukter,4.6,g
290,Palsternacka,Riboflavin,Rotfrukter,0.06,mg
290,Palsternacka,Retinol,Rotfrukter,0.0,µg
290,Palsternacka,Protein,Rotfrukter,1.7,g
290,Palsternacka,Summa fleromättade fettsyror,Rotfrukter,0.4,g
290,Palsternacka,"Fosfor, P",Rotfrukter,56.0,mg
290,Palsternacka,Niacinekvivalenter,Rotfrukter,2.5,NE/mg
290,Palsternacka,Niacin,Rotfrukter,2.18,mg
290,Palsternacka,"Salt, NaCl",Rotfrukter,0.0,g
290,Palsternacka,"Natrium, Na",Rotfrukter,3.0,mg
290,Palsternacka,Monosackarider,Rotfrukter,1.3,g
290,Palsternacka,"Sockerarter, totalt",Rotfrukter,6.0,g
290,Palsternacka,Summa enkelomättade fettsyror,Rotfrukter,0.0,g
290,Palsternacka,"Magnesium, Mg",Rotfrukter,18.0,mg
290,Palsternacka,Summa mättade fettsyror,Rotfrukter,0.1,g
290,Palsternacka,"Kolhydrater, tillgängliga",Rotfrukter,12.6,g
290,Palsternacka,Kolesterol,Rotfrukter,0.0,mg
290,Palsternacka,"Kalium, K",Rotfrukter,400.0,mg
290,Palsternacka,"Jod, I",Rotfrukter,0.3,µg
290,Palsternacka,Fullkorn totalt,Rotfrukter,0.0,g
290,Palsternacka,"Folat, totalt",Rotfrukter,77.9,µg
290,Palsternacka,Fibrer,Rotfrukter,3.8,g
290,Palsternacka,"Fett, totalt",Rotfrukter,0.6,g
290,Palsternacka,"Järn, Fe",Rotfrukter,0.4,mg
290,Palsternacka,Energi (kJ),Rotfrukter,295.0,kJ
290,Palsternacka,Energi (kcal),Rotfrukter,71.0,kcal
290,Palsternacka,Disackarider,Rotfrukter,4.7,g
290,Palsternacka,"Kalcium, Ca",Rotfrukter,33.0,mg
290,Palsternacka,Fettsyra 4:0-10:0,Rotfrukter,0.0,g
290,Palsternacka,DHA (C22:6),Rotfrukter,0.0,g
290,Palsternacka,DPA (C22:5),Rotfrukter,0.0,g
290,Palsternacka,EPA (C20:5),Rotfrukter,0.0,g
290,Palsternacka,Arakidonsyra C20:4,Rotfrukter,0.0,g
290,Palsternacka,Arakidinsyra C20:0,Rotfrukter,0.0,g
290,Palsternacka,Linolensyra C18:3,Rotfrukter,0.0,g
290,Palsternacka,Linolsyra C18:2,Rotfrukter,0.3,g
290,Palsternacka,Oljesyra C18:1,Rotfrukter,0.0,g
290,Palsternacka,Stearinsyra C18:0,Rotfrukter,0.0,g
290,Palsternacka,Palmitoljesyra C16:1,Rotfrukter,0.0,g
290,Palsternacka,Palmitinsyra C16:0,Rotfrukter,0.1,g
290,Palsternacka,Myristinsyra C14:0,Rotfrukter,0.0,g
290,Palsternacka,Laurinsyra C12:0,Rotfrukter,0.0,g
290,Palsternacka,Betakaroten/β-Karoten,Rotfrukter,2.0,µg
290,Palsternacka,Avfall (skal etc.),Rotfrukter,22.0,%
290,Palsternacka,Aska,Rotfrukter,0.9,g
290,Palsternacka,Alkohol,Rotfrukter,0.0,g
291,Pepparrot,"Zink, Zn",Rotfrukter,2.3,mg
291,Pepparrot,Vitamin E,Rotfrukter,0.0,mg
291,Pepparrot,Vitamin D inkl 25-OH-D3,Rotfrukter,0.0,µg
291,Pepparrot,Vitamin D,Rotfrukter,0.0,µg
291,Pepparrot,Vitamin C,Rotfrukter,73.0,mg
291,Pepparrot,Vitamin B6,Rotfrukter,0.23,mg
291,Pepparrot,Vitamin B12,Rotfrukter,0.0,µg
291,Pepparrot,Vitamin A,Rotfrukter,0.6,RE/µg
291,Pepparrot,Vatten,Rotfrukter,77.3,g
291,Pepparrot,Tiamin,Rotfrukter,0.1,mg
291,Pepparrot,Tillsatt socker,Rotfrukter,0.0,g
291,Pepparrot,Fritt socker,Rotfrukter,0.0,g
291,Pepparrot,"Selen, Se",Rotfrukter,0.0,µg
291,Pepparrot,Sackaros,Rotfrukter,6.5,g
291,Pepparrot,Riboflavin,Rotfrukter,0.1,mg
291,Pepparrot,Retinol,Rotfrukter,0.0,µg
291,Pepparrot,Protein,Rotfrukter,3.1,g
291,Pepparrot,Summa fleromättade fettsyror,Rotfrukter,0.0,g
291,Pepparrot,"Fosfor, P",Rotfrukter,58.0,mg
291,Pepparrot,Niacinekvivalenter,Rotfrukter,1.0,NE/mg
291,Pepparrot,Niacin,Rotfrukter,0.5,mg
291,Pepparrot,"Salt, NaCl",Rotfrukter,0.0,g
291,Pepparrot,"Natrium, Na",Rotfrukter,1.0,mg
291,Pepparrot,Monosackarider,Rotfrukter,0.8,g
291,Pepparrot,"Sockerarter, totalt",Rotfrukter,7.3,g
291,Pepparrot,Summa enkelomättade fettsyror,Rotfrukter,0.0,g
291,Pepparrot,"Magnesium, Mg",Rotfrukter,65.0,mg
291,Pepparrot,Summa mättade fettsyror,Rotfrukter,0.0,g
291,Pepparrot,"Kolhydrater, tillgängliga",Rotfrukter,9.5,g
291,Pepparrot,Kolesterol,Rotfrukter,0.0,mg
291,Pepparrot,"Kalium, K",Rotfrukter,510.0,mg
291,Pepparrot,"Jod, I",Rotfrukter,0.0,µg
291,Pepparrot,Fullkorn totalt,Rotfrukter,0.0,g
291,Pepparrot,"Folat, totalt",Rotfrukter,99.0,µg
291,Pepparrot,Fibrer,Rotfrukter,8.2,g
291,Pepparrot,"Fett, totalt",Rotfrukter,0.3,g
291,Pepparrot,"Järn, Fe",Rotfrukter,1.0,mg
291,Pepparrot,Energi (kJ),Rotfrukter,291.0,kJ
291,Pepparrot,Energi (kcal),Rotfrukter,70.0,kcal
291,Pepparrot,Disackarider,Rotfrukter,6.5,g
291,Pepparrot,"Kalcium, Ca",Rotfrukter,110.0,mg
291,Pepparrot,Fettsyra 4:0-10:0,Rotfrukter,0.0,g
291,Pepparrot,DHA (C22:6),Rotfrukter,0.0,g
291,Pepparrot,DPA (C22:5),Rotfrukter,0.0,g
291,Pepparrot,EPA (C20:5),Rotfrukter,0.0,g
291,Pepparrot,Arakidonsyra C20:4,Rotfrukter,0.0,g
291,Pepparrot,Arakidinsyra C20:0,Rotfrukter,0.0,g
291,Pepparrot,Linolensyra C18:3,Rotfrukter,0.0,g
291,Pepparrot,Linolsyra C18:2,Rotfrukter,0.0,g
291,Pepparrot,Oljesyra C18:1,Rotfrukter,0.0,g
291,Pepparrot,Stearinsyra C18:0,Rotfrukter,0.0,g
291,Pepparrot,Palmitoljesyra C16:1,Rotfrukter,0.0,g
291,Pepparrot,Palmitinsyra C16:0,Rotfrukter,0.0,g
291,Pepparrot,Myristinsyra C14:0,Rotfrukter,0.0,g
291,Pepparrot,Laurinsyra C12:0,Rotfrukter,0.0,g
291,Pepparrot,Betakaroten/β-Karoten,Rotfrukter,7.0,µg
291,Pepparrot,Avfall (skal etc.),Rotfrukter,27.0,%
291,Pepparrot,Aska,Rotfrukter,1.6,g
291,Pepparrot,Alkohol,Rotfrukter,0.0,g
292,Rotselleri,"Zink, Zn",Rotfrukter,0.3,mg
292,Rotselleri,Vitamin E,Rotfrukter,0.2,mg
292,Rotselleri,Vitamin D inkl 25-OH-D3,Rotfrukter,0.0,µg
292,Rotselleri,Vitamin D,Rotfrukter,0.0,µg
292,Rotselleri,Vitamin C,Rotfrukter,9.2,mg
292,Rotselleri,Vitamin B6,Rotfrukter,0.22,mg
292,Rotselleri,Vitamin B12,Rotfrukter,0.0,µg
292,Rotselleri,Vitamin A,Rotfrukter,0.2,RE/µg
292,Rotselleri,Vatten,Rotfrukter,90.0,g
292,Rotselleri,Tiamin,Rotfrukter,0.05,mg
292,Rotselleri,Tillsatt socker,Rotfrukter,0.0,g
292,Rotselleri,Fritt socker,Rotfrukter,0.0,g
292,Rotselleri,"Selen, Se",Rotfrukter,0.0,µg
292,Rotselleri,Sackaros,Rotfrukter,2.4,g
292,Rotselleri,Riboflavin,Rotfrukter,0.05,mg
292,Rotselleri,Retinol,Rotfrukter,0.0,µg
292,Rotselleri,Protein,Rotfrukter,1.0,g
292,Rotselleri,Summa fleromättade fettsyror,Rotfrukter,0.3,g
292,Rotselleri,"Fosfor, P",Rotfrukter,60.0,mg
292,Rotselleri,Niacinekvivalenter,Rotfrukter,0.7,NE/mg
292,Rotselleri,Niacin,Rotfrukter,0.56,mg
292,Rotselleri,"Salt, NaCl",Rotfrukter,0.1,g
292,Rotselleri,"Natrium, Na",Rotfrukter,45.0,mg
292,Rotselleri,Monosackarider,Rotfrukter,0.0,g
292,Rotselleri,"Sockerarter, totalt",Rotfrukter,2.4,g
292,Rotselleri,Summa enkelomättade fettsyror,Rotfrukter,0.0,g
292,Rotselleri,"Magnesium, Mg",Rotfrukter,12.0,mg
292,Rotselleri,Summa mättade fettsyror,Rotfrukter,0.1,g
292,Rotselleri,"Kolhydrater, tillgängliga",Rotfrukter,4.4,g
292,Rotselleri,Kolesterol,Rotfrukter,0.0,mg
292,Rotselleri,"Kalium, K",Rotfrukter,296.0,mg
292,Rotselleri,"Jod, I",Rotfrukter,0.0,µg
292,Rotselleri,Fullkorn totalt,Rotfrukter,0.0,g
292,Rotselleri,"Folat, totalt",Rotfrukter,58.8,µg
292,Rotselleri,Fibrer,Rotfrukter,3.1,g
292,Rotselleri,"Fett, totalt",Rotfrukter,0.5,g
292,Rotselleri,"Järn, Fe",Rotfrukter,0.3,mg
292,Rotselleri,Energi (kJ),Rotfrukter,135.0,kJ
292,Rotselleri,Energi (kcal),Rotfrukter,32.0,kcal
292,Rotselleri,Disackarider,Rotfrukter,2.4,g
292,Rotselleri,"Kalcium, Ca",Rotfrukter,32.0,mg
292,Rotselleri,Fettsyra 4:0-10:0,Rotfrukter,0.0,g
292,Rotselleri,DHA (C22:6),Rotfrukter,0.0,g
292,Rotselleri,DPA (C22:5),Rotfrukter,0.0,g
292,Rotselleri,EPA (C20:5),Rotfrukter,0.0,g
292,Rotselleri,Arakidonsyra C20:4,Rotfrukter,0.0,g
292,Rotselleri,Arakidinsyra C20:0,Rotfrukter,0.0,g
292,Rotselleri,Linolensyra C18:3,Rotfrukter,0.0,g
292,Rotselleri,Linolsyra C18:2,Rotfrukter,0.0,g
292,Rotselleri,Oljesyra C18:1,Rotfrukter,0.2,g
292,Rotselleri,Stearinsyra C18:0,Rotfrukter,0.0,g
292,Rotselleri,Palmitoljesyra C16:1,Rotfrukter,0.0,g
292,Rotselleri,Palmitinsyra C16:0,Rotfrukter,0.1,g
292,Rotselleri,Myristinsyra C14:0,Rotfrukter,0.0,g
292,Rotselleri,Laurinsyra C12:0,Rotfrukter,0.0,g
292,Rotselleri,Betakaroten/β-Karoten,Rotfrukter,2.0,µg
292,Rotselleri,Avfall (skal etc.),Rotfrukter,25.0,%
292,Rotselleri,Aska,Rotfrukter,1.0,g
292,Rotselleri,Alkohol,Rotfrukter,0.0,g
293,Rädisa,"Zink, Zn",Rotfrukter,0.1,mg
293,Rädisa,Vitamin E,Rotfrukter,0.0,mg
293,Rädisa,Vitamin D inkl 25-OH-D3,Rotfrukter,0.0,µg
293,Rädisa,Vitamin D,Rotfrukter,0.0,µg
293,Rädisa,Vitamin C,Rotfrukter,15.0,mg
293,Rädisa,Vitamin B6,Rotfrukter,0.07,mg
293,Rädisa,Vitamin B12,Rotfrukter,0.0,µg
293,Rädisa,Vitamin A,Rotfrukter,0.3,RE/µg
293,Rädisa,Vatten,Rotfrukter,96.5,g
293,Rädisa,Tiamin,Rotfrukter,0.01,mg
293,Rädisa,Tillsatt socker,Rotfrukter,0.0,g
293,Rädisa,Fritt socker,Rotfrukter,0.0,g
293,Rädisa,"Selen, Se",Rotfrukter,0.0,µg
293,Rädisa,Sackaros,Rotfrukter,0.0,g
293,Rädisa,Riboflavin,Rotfrukter,0.04,mg
293,Rädisa,Retinol,Rotfrukter,0.0,µg
293,Rädisa,Protein,Rotfrukter,0.7,g
293,Rädisa,Summa fleromättade fettsyror,Rotfrukter,0.1,g
293,Rädisa,"Fosfor, P",Rotfrukter,15.0,mg
293,Rädisa,Niacinekvivalenter,Rotfrukter,0.4,NE/mg
293,Rädisa,Niacin,Rotfrukter,0.3,mg
293,Rädisa,"Salt, NaCl",Rotfrukter,0.0,g
293,Rädisa,"Natrium, Na",Rotfrukter,21.0,mg
293,Rädisa,Monosackarider,Rotfrukter,1.4,g
293,Rädisa,"Sockerarter, totalt",Rotfrukter,1.4,g
293,Rädisa,Summa enkelomättade fettsyror,Rotfrukter,0.1,g
293,Rädisa,"Magnesium, Mg",Rotfrukter,6.0,mg
293,Rädisa,Summa mättade fettsyror,Rotfrukter,0.1,g
293,Rädisa,"Kolhydrater, tillgängliga",Rotfrukter,0.7,g
293,Rädisa,Kolesterol,Rotfrukter,0.0,mg
293,Rädisa,"Kalium, K",Rotfrukter,209.0,mg
293,Rädisa,"Jod, I",Rotfrukter,1.0,µg
293,Rädisa,Fullkorn totalt,Rotfrukter,0.0,g
293,Rädisa,"Folat, totalt",Rotfrukter,25.0,µg
293,Rädisa,Fibrer,Rotfrukter,1.1,g
293,Rädisa,"Fett, totalt",Rotfrukter,0.4,g
293,Rädisa,"Järn, Fe",Rotfrukter,0.2,mg
293,Rädisa,Energi (kJ),Rotfrukter,47.0,kJ
293,Rädisa,Energi (kcal),Rotfrukter,11.0,kcal
293,Rädisa,Disackarider,Rotfrukter,0.0,g
293,Rädisa,"Kalcium, Ca",Rotfrukter,24.0,mg
293,Rädisa,Fettsyra 4:0-10:0,Rotfrukter,0.0,g
293,Rädisa,DHA (C22:6),Rotfrukter,0.0,g
293,Rädisa,DPA (C22:5),Rotfrukter,0.0,g
293,Rädisa,EPA (C20:5),Rotfrukter,0.0,g
293,Rädisa,Arakidonsyra C20:4,Rotfrukter,0.0,g
293,Rädisa,Arakidinsyra C20:0,Rotfrukter,0.0,g
293,Rädisa,Linolensyra C18:3,Rotfrukter,0.0,g
293,Rädisa,Linolsyra C18:2,Rotfrukter,0.1,g
293,Rädisa,Oljesyra C18:1,Rotfrukter,0.1,g
293,Rädisa,Stearinsyra C18:0,Rotfrukter,0.0,g
293,Rädisa,Palmitoljesyra C16:1,Rotfrukter,0.0,g
293,Rädisa,Palmitinsyra C16:0,Rotfrukter,0.1,g
293,Rädisa,Myristinsyra C14:0,Rotfrukter,0.0,g
293,Rädisa,Laurinsyra C12:0,Rotfrukter,0.0,g
293,Rädisa,Betakaroten/β-Karoten,Rotfrukter,4.0,µg
293,Rädisa,Avfall (skal etc.),Rotfrukter,5.0,%
293,Rädisa,Aska,Rotfrukter,0.6,g
293,Rädisa,Alkohol,Rotfrukter,0.0,g
294,Rödbeta,"Zink, Zn",Rotfrukter,0.4,mg
294,Rödbeta,Vitamin E,Rotfrukter,0.0,mg
294,Rödbeta,Vitamin D inkl 25-OH-D3,Rotfrukter,0.0,µg
294,Rödbeta,Vitamin D,Rotfrukter,0.0,µg
294,Rödbeta,Vitamin C,Rotfrukter,3.3,mg
294,Rödbeta,Vitamin B6,Rotfrukter,0.04,mg
294,Rödbeta,Vitamin B12,Rotfrukter,0.0,µg
294,Rödbeta,Vitamin A,Rotfrukter,0.0,RE/µg
294,Rödbeta,Vatten,Rotfrukter,85.6,g
294,Rödbeta,Tiamin,Rotfrukter,0.0,mg
294,Rödbeta,Tillsatt socker,Rotfrukter,0.0,g
294,Rödbeta,Fritt socker,Rotfrukter,0.0,g
294,Rödbeta,"Selen, Se",Rotfrukter,0.0,µg
294,Rödbeta,Sackaros,Rotfrukter,9.4,g
294,Rödbeta,Riboflavin,Rotfrukter,0.01,mg
294,Rödbeta,Retinol,Rotfrukter,0.0,µg
294,Rödbeta,Protein,Rotfrukter,1.2,g
294,Rödbeta,Summa fleromättade fettsyror,Rotfrukter,0.0,g
294,Rödbeta,"Fosfor, P",Rotfrukter,28.0,mg
294,Rödbeta,Niacinekvivalenter,Rotfrukter,0.4,NE/mg
294,Rödbeta,Niacin,Rotfrukter,0.18,mg
294,Rödbeta,"Salt, NaCl",Rotfrukter,0.0,g
294,Rödbeta,"Natrium, Na",Rotfrukter,20.0,mg
294,Rödbeta,Monosackarider,Rotfrukter,0.0,g
294,Rödbeta,"Sockerarter, totalt",Rotfrukter,9.4,g
294,Rödbeta,Summa enkelomättade fettsyror,Rotfrukter,0.0,g
294,Rödbeta,"Magnesium, Mg",Rotfrukter,14.0,mg
294,Rödbeta,Summa mättade fettsyror,Rotfrukter,0.0,g
294,Rödbeta,"Kolhydrater, tillgängliga",Rotfrukter,9.8,g
294,Rödbeta,Kolesterol,Rotfrukter,0.0,mg
294,Rödbeta,"Kalium, K",Rotfrukter,280.0,mg
294,Rödbeta,"Jod, I",Rotfrukter,0.5,µg
294,Rödbeta,Fullkorn totalt,Rotfrukter,0.0,g
294,Rödbeta,"Folat, totalt",Rotfrukter,69.3,µg
294,Rödbeta,Fibrer,Rotfrukter,2.6,g
294,Rödbeta,"Fett, totalt",Rotfrukter,0.1,g
294,Rödbeta,"Järn, Fe",Rotfrukter,0.3,mg
294,Rödbeta,Energi (kJ),Rotfrukter,212.0,kJ
294,Rödbeta,Energi (kcal),Rotfrukter,51.0,kcal
294,Rödbeta,Disackarider,Rotfrukter,9.4,g
294,Rödbeta,"Kalcium, Ca",Rotfrukter,22.0,mg
294,Rödbeta,Fettsyra 4:0-10:0,Rotfrukter,0.0,g
294,Rödbeta,DHA (C22:6),Rotfrukter,0.0,g
294,Rödbeta,DPA (C22:5),Rotfrukter,0.0,g
294,Rödbeta,EPA (C20:5),Rotfrukter,0.0,g
294,Rödbeta,Arakidonsyra C20:4,Rotfrukter,0.0,g
294,Rödbeta,Arakidinsyra C20:0,Rotfrukter,0.0,g
294,Rödbeta,Linolensyra C18:3,Rotfrukter,0.0,g
294,Rödbeta,Linolsyra C18:2,Rotfrukter,0.0,g
294,Rödbeta,Oljesyra C18:1,Rotfrukter,0.0,g
294,Rödbeta,Stearinsyra C18:0,Rotfrukter,0.0,g
294,Rödbeta,Palmitoljesyra C16:1,Rotfrukter,0.0,g
294,Rödbeta,Palmitinsyra C16:0,Rotfrukter,0.0,g
294,Rödbeta,Myristinsyra C14:0,Rotfrukter,0.0,g
294,Rödbeta,Laurinsyra C12:0,Rotfrukter,0.0,g
294,Rödbeta,Betakaroten/β-Karoten,Rotfrukter,0.0,µg
294,Rödbeta,Avfall (skal etc.),Rotfrukter,17.0,%
294,Rödbeta,Aska,Rotfrukter,0.7,g
294,Rödbeta,Alkohol,Rotfrukter,0.0,g
295,Rättika,"Zink, Zn",Rotfrukter,0.2,mg
295,Rättika,Vitamin E,Rotfrukter,0.0,mg
295,Rättika,Vitamin D inkl 25-OH-D3,Rotfrukter,0.0,µg
295,Rättika,Vitamin D,Rotfrukter,0.0,µg
295,Rättika,Vitamin C,Rotfrukter,20.0,mg
295,Rättika,Vitamin B6,Rotfrukter,0.11,mg
295,Rättika,Vitamin B12,Rotfrukter,0.0,µg
295,Rättika,Vitamin A,Rotfrukter,1.7,RE/µg
295,Rättika,Vatten,Rotfrukter,94.0,g
295,Rättika,Tiamin,Rotfrukter,0.05,mg
295,Rättika,Tillsatt socker,Rotfrukter,0.0,g
295,Rättika,Fritt socker,Rotfrukter,0.0,g
295,Rättika,"Selen, Se",Rotfrukter,0.1,µg
295,Rättika,Sackaros,Rotfrukter,0.2,g
295,Rättika,Riboflavin,Rotfrukter,0.04,mg
295,Rättika,Retinol,Rotfrukter,0.0,µg
295,Rättika,Protein,Rotfrukter,1.0,g
295,Rättika,Summa fleromättade fettsyror,Rotfrukter,0.0,g
295,Rättika,"Fosfor, P",Rotfrukter,29.0,mg
295,Rättika,Niacinekvivalenter,Rotfrukter,0.57,NE/mg
295,Rättika,Niacin,Rotfrukter,0.4,mg
295,Rättika,"Salt, NaCl",Rotfrukter,0.0,g
295,Rättika,"Natrium, Na",Rotfrukter,9.0,mg
295,Rättika,Monosackarider,Rotfrukter,2.0,g
295,Rättika,"Sockerarter, totalt",Rotfrukter,2.2,g
295,Rättika,Summa enkelomättade fettsyror,Rotfrukter,0.0,g
295,Rättika,"Magnesium, Mg",Rotfrukter,9.0,mg
295,Rättika,Summa mättade fettsyror,Rotfrukter,0.0,g
295,Rättika,"Kolhydrater, tillgängliga",Rotfrukter,2.5,g
295,Rättika,Kolesterol,Rotfrukter,0.0,mg
295,Rättika,"Kalium, K",Rotfrukter,350.0,mg
295,Rättika,"Jod, I",Rotfrukter,1.1,µg
295,Rättika,Fullkorn totalt,Rotfrukter,0.0,g
295,Rättika,"Folat, totalt",Rotfrukter,24.0,µg
295,Rättika,Fibrer,Rotfrukter,1.6,g
295,Rättika,"Fett, totalt",Rotfrukter,0.1,g
295,Rättika,"Järn, Fe",Rotfrukter,0.6,mg
295,Rättika,Energi (kJ),Rotfrukter,76.0,kJ
295,Rättika,Energi (kcal),Rotfrukter,18.0,kcal
295,Rättika,Disackarider,Rotfrukter,0.2,g
295,Rättika,"Kalcium, Ca",Rotfrukter,50.0,mg
295,Rättika,Fettsyra 4:0-10:0,Rotfrukter,0.0,g
295,Rättika,DHA (C22:6),Rotfrukter,0.0,g
295,Rättika,DPA (C22:5),Rotfrukter,0.0,g
295,Rättika,EPA (C20:5),Rotfrukter,0.0,g
295,Rättika,Arakidonsyra C20:4,Rotfrukter,0.0,g
295,Rättika,Arakidinsyra C20:0,Rotfrukter,0.0,g
295,Rättika,Linolensyra C18:3,Rotfrukter,0.0,g
295,Rättika,Linolsyra C18:2,Rotfrukter,0.0,g
295,Rättika,Oljesyra C18:1,Rotfrukter,0.0,g
295,Rättika,Stearinsyra C18:0,Rotfrukter,0.0,g
295,Rättika,Palmitoljesyra C16:1,Rotfrukter,0.0,g
295,Rättika,Palmitinsyra C16:0,Rotfrukter,0.0,g
295,Rättika,Myristinsyra C14:0,Rotfrukter,0.0,g
295,Rättika,Laurinsyra C12:0,Rotfrukter,0.0,g
295,Rättika,Betakaroten/β-Karoten,Rotfrukter,20.0,µg
295,Rättika,Avfall (skal etc.),Rotfrukter,10.0,%
295,Rättika,Aska,Rotfrukter,0.8,g
295,Rättika,Alkohol,Rotfrukter,0.0,g
296,Rotpersilja,"Zink, Zn",Rotfrukter,0.5,mg
296,Rotpersilja,Vitamin E,Rotfrukter,1.7,mg
296,Rotpersilja,Vitamin D inkl 25-OH-D3,Rotfrukter,0.0,µg
296,Rotpersilja,Vitamin D,Rotfrukter,0.0,µg
296,Rotpersilja,Vitamin C,Rotfrukter,41.0,mg
296,Rotpersilja,Vitamin B6,Rotfrukter,0.23,mg
296,Rotpersilja,Vitamin B12,Rotfrukter,0.0,µg
296,Rotpersilja,Vitamin A,Rotfrukter,2.5,RE/µg
296,Rotpersilja,Vatten,Rotfrukter,83.0,g
296,Rotpersilja,Tiamin,Rotfrukter,0.1,mg
296,Rotpersilja,Tillsatt socker,Rotfrukter,0.0,g
296,Rotpersilja,Fritt socker,Rotfrukter,0.0,g
296,Rotpersilja,"Selen, Se",Rotfrukter,0.1,µg
296,Rotpersilja,Sackaros,Rotfrukter,2.2,g
296,Rotpersilja,Riboflavin,Rotfrukter,0.08,mg
296,Rotpersilja,Retinol,Rotfrukter,0.0,µg
296,Rotpersilja,Protein,Rotfrukter,2.3,g
296,Rotpersilja,Summa fleromättade fettsyror,Rotfrukter,0.4,g
296,Rotpersilja,"Fosfor, P",Rotfrukter,77.0,mg
296,Rotpersilja,Niacinekvivalenter,Rotfrukter,2.38,NE/mg
296,Rotpersilja,Niacin,Rotfrukter,2.0,mg
296,Rotpersilja,"Salt, NaCl",Rotfrukter,0.0,g
296,Rotpersilja,"Natrium, Na",Rotfrukter,17.0,mg
296,Rotpersilja,Monosackarider,Rotfrukter,1.5,g
296,Rotpersilja,"Sockerarter, totalt",Rotfrukter,3.7,g
296,Rotpersilja,Summa enkelomättade fettsyror,Rotfrukter,0.0,g
296,Rotpersilja,"Magnesium, Mg",Rotfrukter,36.0,mg
296,Rotpersilja,Summa mättade fettsyror,Rotfrukter,0.1,g
296,Rotpersilja,"Kolhydrater, tillgängliga",Rotfrukter,10.7,g
296,Rotpersilja,Kolesterol,Rotfrukter,0.0,mg
296,Rotpersilja,"Kalium, K",Rotfrukter,562.0,mg
296,Rotpersilja,"Jod, I",Rotfrukter,0.4,µg
296,Rotpersilja,Fullkorn totalt,Rotfrukter,0.0,g
296,Rotpersilja,"Folat, totalt",Rotfrukter,180.0,µg
296,Rotpersilja,Fibrer,Rotfrukter,1.6,g
296,Rotpersilja,"Fett, totalt",Rotfrukter,0.6,g
296,Rotpersilja,"Järn, Fe",Rotfrukter,1.2,mg
296,Rotpersilja,Energi (kJ),Rotfrukter,256.0,kJ
296,Rotpersilja,Energi (kcal),Rotfrukter,61.0,kcal
296,Rotpersilja,Disackarider,Rotfrukter,2.2,g
296,Rotpersilja,"Kalcium, Ca",Rotfrukter,55.0,mg
296,Rotpersilja,Fettsyra 4:0-10:0,Rotfrukter,0.0,g
296,Rotpersilja,DHA (C22:6),Rotfrukter,0.0,g
296,Rotpersilja,DPA (C22:5),Rotfrukter,0.0,g
296,Rotpersilja,EPA (C20:5),Rotfrukter,0.0,g
296,Rotpersilja,Arakidonsyra C20:4,Rotfrukter,0.0,g
296,Rotpersilja,Arakidinsyra C20:0,Rotfrukter,0.0,g
296,Rotpersilja,Linolensyra C18:3,Rotfrukter,0.0,g
296,Rotpersilja,Linolsyra C18:2,Rotfrukter,0.3,g
296,Rotpersilja,Oljesyra C18:1,Rotfrukter,0.0,g
296,Rotpersilja,Stearinsyra C18:0,Rotfrukter,0.1,g
296,Rotpersilja,Palmitoljesyra C16:1,Rotfrukter,0.0,g
296,Rotpersilja,Palmitinsyra C16:0,Rotfrukter,0.0,g
296,Rotpersilja,Myristinsyra C14:0,Rotfrukter,0.0,g
296,Rotpersilja,Laurinsyra C12:0,Rotfrukter,0.0,g
296,Rotpersilja,Betakaroten/β-Karoten,Rotfrukter,30.0,µg
296,Rotpersilja,Avfall (skal etc.),Rotfrukter,20.0,%
296,Rotpersilja,Aska,Rotfrukter,1.8,g
296,Rotpersilja,Alkohol,Rotfrukter,0.0,g
297,Majrova,"Zink, Zn",Rotfrukter,0.2,mg
297,Majrova,Vitamin E,Rotfrukter,0.0,mg
297,Majrova,Vitamin D inkl 25-OH-D3,Rotfrukter,0.0,µg
297,Majrova,Vitamin D,Rotfrukter,0.0,µg
297,Majrova,Vitamin C,Rotfrukter,16.0,mg
297,Majrova,Vitamin B6,Rotfrukter,0.08,mg
297,Majrova,Vitamin B12,Rotfrukter,0.0,µg
297,Majrova,Vitamin A,Rotfrukter,5.0,RE/µg
297,Majrova,Vatten,Rotfrukter,90.0,g
297,Majrova,Tiamin,Rotfrukter,0.04,mg
297,Majrova,Tillsatt socker,Rotfrukter,0.0,g
297,Majrova,Fritt socker,Rotfrukter,0.0,g
297,Majrova,"Selen, Se",Rotfrukter,0.1,µg
297,Majrova,Sackaros,Rotfrukter,0.5,g
297,Majrova,Riboflavin,Rotfrukter,0.04,mg
297,Majrova,Retinol,Rotfrukter,0.0,µg
297,Majrova,Protein,Rotfrukter,1.1,g
297,Majrova,Summa fleromättade fettsyror,Rotfrukter,0.1,g
297,Majrova,"Fosfor, P",Rotfrukter,50.0,mg
297,Majrova,Niacinekvivalenter,Rotfrukter,1.18,NE/mg
297,Majrova,Niacin,Rotfrukter,1.0,mg
297,Majrova,"Salt, NaCl",Rotfrukter,0.0,g
297,Majrova,"Natrium, Na",Rotfrukter,17.0,mg
297,Majrova,Monosackarider,Rotfrukter,3.4,g
297,Majrova,"Sockerarter, totalt",Rotfrukter,3.9,g
297,Majrova,Summa enkelomättade fettsyror,Rotfrukter,0.0,g
297,Majrova,"Magnesium, Mg",Rotfrukter,20.0,mg
297,Majrova,Summa mättade fettsyror,Rotfrukter,0.0,g
297,Majrova,"Kolhydrater, tillgängliga",Rotfrukter,6.0,g
297,Majrova,Kolesterol,Rotfrukter,0.0,mg
297,Majrova,"Kalium, K",Rotfrukter,300.0,mg
297,Majrova,"Jod, I",Rotfrukter,0.0,µg
297,Majrova,Fullkorn totalt,Rotfrukter,0.0,g
297,Majrova,"Folat, totalt",Rotfrukter,20.0,µg
297,Majrova,Fibrer,Rotfrukter,1.9,g
297,Majrova,"Fett, totalt",Rotfrukter,0.3,g
297,Majrova,"Järn, Fe",Rotfrukter,0.3,mg
297,Majrova,Energi (kJ),Rotfrukter,147.0,kJ
297,Majrova,Energi (kcal),Rotfrukter,35.0,kcal
297,Majrova,Disackarider,Rotfrukter,0.5,g
297,Majrova,"Kalcium, Ca",Rotfrukter,35.0,mg
297,Majrova,Fettsyra 4:0-10:0,Rotfrukter,0.0,g
297,Majrova,DHA (C22:6),Rotfrukter,0.0,g
297,Majrova,DPA (C22:5),Rotfrukter,0.0,g
297,Majrova,EPA (C20:5),Rotfrukter,0.0,g
297,Majrova,Arakidonsyra C20:4,Rotfrukter,0.0,g
297,Majrova,Arakidinsyra C20:0,Rotfrukter,0.0,g
297,Majrova,Linolensyra C18:3,Rotfrukter,0.1,g
297,Majrova,Linolsyra C18:2,Rotfrukter,0.0,g
297,Majrova,Oljesyra C18:1,Rotfrukter,0.0,g
297,Majrova,Stearinsyra C18:0,Rotfrukter,0.0,g
297,Majrova,Palmitoljesyra C16:1,Rotfrukter,0.0,g
297,Majrova,Palmitinsyra C16:0,Rotfrukter,0.0,g
297,Majrova,Myristinsyra C14:0,Rotfrukter,0.0,g
297,Majrova,Laurinsyra C12:0,Rotfrukter,0.0,g
297,Majrova,Betakaroten/β-Karoten,Rotfrukter,60.0,µg
297,Majrova,Avfall (skal etc.),Rotfrukter,16.0,%
297,Majrova,Aska,Rotfrukter,0.7,g
297,Majrova,Alkohol,Rotfrukter,0.0,g
298,Svartrot,"Zink, Zn",Rotfrukter,0.2,mg
298,Svartrot,Vitamin E,Rotfrukter,0.8,mg
298,Svartrot,Vitamin D inkl 25-OH-D3,Rotfrukter,0.0,µg
298,Svartrot,Vitamin D,Rotfrukter,0.0,µg
298,Svartrot,Vitamin C,Rotfrukter,4.0,mg
298,Svartrot,Vitamin B6,Rotfrukter,0.05,mg
298,Svartrot,Vitamin B12,Rotfrukter,0.0,µg
298,Svartrot,Vitamin A,Rotfrukter,1.7,RE/µg
298,Svartrot,Vatten,Rotfrukter,79.0,g
298,Svartrot,Tiamin,Rotfrukter,0.11,mg
298,Svartrot,Tillsatt socker,Rotfrukter,0.0,g
298,Svartrot,Fritt socker,Rotfrukter,0.0,g
298,Svartrot,"Selen, Se",Rotfrukter,0.1,µg
298,Svartrot,Sackaros,Rotfrukter,0.0,g
298,Svartrot,Riboflavin,Rotfrukter,0.04,mg
298,Svartrot,Retinol,Rotfrukter,0.0,µg
298,Svartrot,Protein,Rotfrukter,1.4,g
298,Svartrot,Summa fleromättade fettsyror,Rotfrukter,0.2,g
298,Svartrot,"Fosfor, P",Rotfrukter,76.0,mg
298,Svartrot,Niacinekvivalenter,Rotfrukter,0.63,NE/mg
298,Svartrot,Niacin,Rotfrukter,0.4,mg
298,Svartrot,"Salt, NaCl",Rotfrukter,0.0,g
298,Svartrot,"Natrium, Na",Rotfrukter,5.0,mg
298,Svartrot,Monosackarider,Rotfrukter,3.0,g
298,Svartrot,"Sockerarter, totalt",Rotfrukter,3.0,g
298,Svartrot,Summa enkelomättade fettsyror,Rotfrukter,0.1,g
298,Svartrot,"Magnesium, Mg",Rotfrukter,23.0,mg
298,Svartrot,Summa mättade fettsyror,Rotfrukter,0.0,g
298,Svartrot,"Kolhydrater, tillgängliga",Rotfrukter,14.2,g
298,Svartrot,Kolesterol,Rotfrukter,0.0,mg
298,Svartrot,"Kalium, K",Rotfrukter,320.0,mg
298,Svartrot,"Jod, I",Rotfrukter,0.2,µg
298,Svartrot,Fullkorn totalt,Rotfrukter,0.0,g
298,Svartrot,"Folat, totalt",Rotfrukter,31.0,µg
298,Svartrot,Fibrer,Rotfrukter,4.0,g
298,Svartrot,"Fett, totalt",Rotfrukter,0.4,g
298,Svartrot,"Järn, Fe",Rotfrukter,3.3,mg
298,Svartrot,Energi (kJ),Rotfrukter,312.0,kJ
298,Svartrot,Energi (kcal),Rotfrukter,75.0,kcal
298,Svartrot,Disackarider,Rotfrukter,0.0,g
298,Svartrot,"Kalcium, Ca",Rotfrukter,53.0,mg
298,Svartrot,Fettsyra 4:0-10:0,Rotfrukter,0.0,g
298,Svartrot,DHA (C22:6),Rotfrukter,0.0,g
298,Svartrot,DPA (C22:5),Rotfrukter,0.0,g
298,Svartrot,EPA (C20:5),Rotfrukter,0.0,g
298,Svartrot,Arakidonsyra C20:4,Rotfrukter,0.0,g
298,Svartrot,Arakidinsyra C20:0,Rotfrukter,0.0,g
298,Svartrot,Linolensyra C18:3,Rotfrukter,0.0,g
298,Svartrot,Linolsyra C18:2,Rotfrukter,0.0,g
298,Svartrot,Oljesyra C18:1,Rotfrukter,0.0,g
298,Svartrot,Stearinsyra C18:0,Rotfrukter,0.0,g
298,Svartrot,Palmitoljesyra C16:1,Rotfrukter,0.0,g
298,Svartrot,Palmitinsyra C16:0,Rotfrukter,0.0,g
298,Svartrot,Myristinsyra C14:0,Rotfrukter,0.0,g
298,Svartrot,Laurinsyra C12:0,Rotfrukter,0.0,g
298,Svartrot,Betakaroten/β-Karoten,Rotfrukter,20.0,µg
298,Svartrot,Avfall (skal etc.),Rotfrukter,44.0,%
298,Svartrot,Aska,Rotfrukter,1.0,g
298,Svartrot,Alkohol,Rotfrukter,0.0,g
299,Morot konserv. m. lag,"Zink, Zn",Rotfrukter,0.3,mg
299,Morot konserv. m. lag,Vitamin E,Rotfrukter,0.3,mg
299,Morot konserv. m. lag,Vitamin D inkl 25-OH-D3,Rotfrukter,0.0,µg
299,Morot konserv. m. lag,Vitamin D,Rotfrukter,0.0,µg
299,Morot konserv. m. lag,Vitamin C,Rotfrukter,3.0,mg
299,Morot konserv. m. lag,Vitamin B6,Rotfrukter,0.11,mg
299,Morot konserv. m. lag,Vitamin B12,Rotfrukter,0.0,µg
299,Morot konserv. m. lag,Vitamin A,Rotfrukter,412.5,RE/µg
299,Morot konserv. m. lag,Vatten,Rotfrukter,93.0,g
299,Morot konserv. m. lag,Tiamin,Rotfrukter,0.02,mg
299,Morot konserv. m. lag,Tillsatt socker,Rotfrukter,1.0,g
299,Morot konserv. m. lag,Fritt socker,Rotfrukter,1.0,g
299,Morot konserv. m. lag,"Selen, Se",Rotfrukter,0.4,µg
299,Morot konserv. m. lag,Sackaros,Rotfrukter,1.5,g
299,Morot konserv. m. lag,Riboflavin,Rotfrukter,0.03,mg
299,Morot konserv. m. lag,Retinol,Rotfrukter,0.0,µg
299,Morot konserv. m. lag,Protein,Rotfrukter,0.6,g
299,Morot konserv. m. lag,Summa fleromättade fettsyror,Rotfrukter,0.1,g
299,Morot konserv. m. lag,"Fosfor, P",Rotfrukter,20.0,mg
299,Morot konserv. m. lag,Niacinekvivalenter,Rotfrukter,0.5,NE/mg
299,Morot konserv. m. lag,Niacin,Rotfrukter,0.4,mg
299,Morot konserv. m. lag,"Salt, NaCl",Rotfrukter,0.6,g
299,Morot konserv. m. lag,"Natrium, Na",Rotfrukter,240.0,mg
299,Morot konserv. m. lag,Monosackarider,Rotfrukter,1.9,g
299,Morot konserv. m. lag,"Sockerarter, totalt",Rotfrukter,3.4,g
299,Morot konserv. m. lag,Summa enkelomättade fettsyror,Rotfrukter,0.0,g
299,Morot konserv. m. lag,"Magnesium, Mg",Rotfrukter,9.0,mg
299,Morot konserv. m. lag,Summa mättade fettsyror,Rotfrukter,0.0,g
299,Morot konserv. m. lag,"Kolhydrater, tillgängliga",Rotfrukter,3.9,g
299,Morot konserv. m. lag,Kolesterol,Rotfrukter,0.0,mg
299,Morot konserv. m. lag,"Kalium, K",Rotfrukter,173.0,mg
299,Morot konserv. m. lag,"Jod, I",Rotfrukter,0.3,µg
299,Morot konserv. m. lag,Fullkorn totalt,Rotfrukter,0.0,g
299,Morot konserv. m. lag,"Folat, totalt",Rotfrukter,8.0,µg
299,Morot konserv. m. lag,Fibrer,Rotfrukter,1.4,g
299,Morot konserv. m. lag,"Fett, totalt",Rotfrukter,0.2,g
299,Morot konserv. m. lag,"Järn, Fe",Rotfrukter,0.6,mg
299,Morot konserv. m. lag,Energi (kJ),Rotfrukter,95.0,kJ
299,Morot konserv. m. lag,Energi (kcal),Rotfrukter,23.0,kcal
299,Morot konserv. m. lag,Disackarider,Rotfrukter,1.5,g
299,Morot konserv. m. lag,"Kalcium, Ca",Rotfrukter,25.0,mg
299,Morot konserv. m. lag,Fettsyra 4:0-10:0,Rotfrukter,0.0,g
299,Morot konserv. m. lag,DHA (C22:6),Rotfrukter,0.0,g
299,Morot konserv. m. lag,DPA (C22:5),Rotfrukter,0.0,g
299,Morot konserv. m. lag,EPA (C20:5),Rotfrukter,0.0,g
299,Morot konserv. m. lag,Arakidonsyra C20:4,Rotfrukter,0.0,g
299,Morot konserv. m. lag,Arakidinsyra C20:0,Rotfrukter,0.0,g
299,Morot konserv. m. lag,Linolensyra C18:3,Rotfrukter,0.0,g
299,Morot konserv. m. lag,Linolsyra C18:2,Rotfrukter,0.1,g
299,Morot konserv. m. lag,Oljesyra C18:1,Rotfrukter,0.0,g
299,Morot konserv. m. lag,Stearinsyra C18:0,Rotfrukter,0.0,g
299,Morot konserv. m. lag,Palmitoljesyra C16:1,Rotfrukter,0.0,g
299,Morot konserv. m. lag,Palmitinsyra C16:0,Rotfrukter,0.0,g
299,Morot konserv. m. lag,Myristinsyra C14:0,Rotfrukter,0.0,g
299,Morot konserv. m. lag,Laurinsyra C12:0,Rotfrukter,0.0,g
299,Morot konserv. m. lag,Betakaroten/β-Karoten,Rotfrukter,4950.0,µg
299,Morot konserv. m. lag,Avfall (skal etc.),Rotfrukter,0.0,%
299,Morot konserv. m. lag,Aska,Rotfrukter,0.9,g
299,Morot konserv. m. lag,Alkohol,Rotfrukter,0.0,g
300,Morot konserv. u. lag,"Zink, Zn",Rotfrukter,0.3,mg
300,Morot konserv. u. lag,Vitamin E,Rotfrukter,0.3,mg
300,Morot konserv. u. lag,Vitamin D inkl 25-OH-D3,Rotfrukter,0.0,µg
300,Morot konserv. u. lag,Vitamin D,Rotfrukter,0.0,µg
300,Morot konserv. u. lag,Vitamin C,Rotfrukter,3.0,mg
300,Morot konserv. u. lag,Vitamin B6,Rotfrukter,0.11,mg
300,Morot konserv. u. lag,Vitamin B12,Rotfrukter,0.0,µg
300,Morot konserv. u. lag,Vitamin A,Rotfrukter,666.9,RE/µg
300,Morot konserv. u. lag,Vatten,Rotfrukter,93.0,g
300,Morot konserv. u. lag,Tiamin,Rotfrukter,0.02,mg
300,Morot konserv. u. lag,Tillsatt socker,Rotfrukter,0.0,g
300,Morot konserv. u. lag,Fritt socker,Rotfrukter,0.0,g
300,Morot konserv. u. lag,"Selen, Se",Rotfrukter,0.6,µg
300,Morot konserv. u. lag,Sackaros,Rotfrukter,1.7,g
300,Morot konserv. u. lag,Riboflavin,Rotfrukter,0.03,mg
300,Morot konserv. u. lag,Retinol,Rotfrukter,0.0,µg
300,Morot konserv. u. lag,Protein,Rotfrukter,0.6,g
300,Morot konserv. u. lag,Summa fleromättade fettsyror,Rotfrukter,0.1,g
300,Morot konserv. u. lag,"Fosfor, P",Rotfrukter,24.0,mg
300,Morot konserv. u. lag,Niacinekvivalenter,Rotfrukter,0.6,NE/mg
300,Morot konserv. u. lag,Niacin,Rotfrukter,0.5,mg
300,Morot konserv. u. lag,"Salt, NaCl",Rotfrukter,0.6,g
300,Morot konserv. u. lag,"Natrium, Na",Rotfrukter,240.0,mg
300,Morot konserv. u. lag,Monosackarider,Rotfrukter,2.1,g
300,Morot konserv. u. lag,"Sockerarter, totalt",Rotfrukter,3.8,g
300,Morot konserv. u. lag,Summa enkelomättade fettsyror,Rotfrukter,0.0,g
300,Morot konserv. u. lag,"Magnesium, Mg",Rotfrukter,8.0,mg
300,Morot konserv. u. lag,Summa mättade fettsyror,Rotfrukter,0.0,g
300,Morot konserv. u. lag,"Kolhydrater, tillgängliga",Rotfrukter,4.0,g
300,Morot konserv. u. lag,Kolesterol,Rotfrukter,0.0,mg
300,Morot konserv. u. lag,"Kalium, K",Rotfrukter,179.0,mg
300,Morot konserv. u. lag,"Jod, I",Rotfrukter,0.3,µg
300,Morot konserv. u. lag,Fullkorn totalt,Rotfrukter,0.0,g
300,Morot konserv. u. lag,"Folat, totalt",Rotfrukter,9.0,µg
300,Morot konserv. u. lag,Fibrer,Rotfrukter,1.5,g
300,Morot konserv. u. lag,"Fett, totalt",Rotfrukter,0.2,g
300,Morot konserv. u. lag,"Järn, Fe",Rotfrukter,0.6,mg
300,Morot konserv. u. lag,Energi (kJ),Rotfrukter,98.0,kJ
300,Morot konserv. u. lag,Energi (kcal),Rotfrukter,23.0,kcal
300,Morot konserv. u. lag,Disackarider,Rotfrukter,1.7,g
300,Morot konserv. u. lag,"Kalcium, Ca",Rotfrukter,25.0,mg
300,Morot konserv. u. lag,Fettsyra 4:0-10:0,Rotfrukter,0.0,g
300,Morot konserv. u. lag,DHA (C22:6),Rotfrukter,0.0,g
300,Morot konserv. u. lag,DPA (C22:5),Rotfrukter,0.0,g
300,Morot konserv. u. lag,EPA (C20:5),Rotfrukter,0.0,g
300,Morot konserv. u. lag,Arakidonsyra C20:4,Rotfrukter,0.0,g
300,Morot konserv. u. lag,Arakidinsyra C20:0,Rotfrukter,0.0,g
300,Morot konserv. u. lag,Linolensyra C18:3,Rotfrukter,0.0,g
300,Morot konserv. u. lag,Linolsyra C18:2,Rotfrukter,0.1,g
300,Morot konserv. u. lag,Oljesyra C18:1,Rotfrukter,0.0,g
300,Morot konserv. u. lag,Stearinsyra C18:0,Rotfrukter,0.0,g
300,Morot konserv. u. lag,Palmitoljesyra C16:1,Rotfrukter,0.0,g
300,Morot konserv. u. lag,Palmitinsyra C16:0,Rotfrukter,0.0,g
300,Morot konserv. u. lag,Myristinsyra C14:0,Rotfrukter,0.0,g
300,Morot konserv. u. lag,Laurinsyra C12:0,Rotfrukter,0.0,g
300,Morot konserv. u. lag,Betakaroten/β-Karoten,Rotfrukter,6350.0,µg
300,Morot konserv. u. lag,Avfall (skal etc.),Rotfrukter,0.0,%
300,Morot konserv. u. lag,Aska,Rotfrukter,0.7,g
300,Morot konserv. u. lag,Alkohol,Rotfrukter,0.0,g
301,Morotsjuice,"Zink, Zn",Grönsaksjuice rotfruktsjuice,0.2,mg
301,Morotsjuice,Vitamin E,Grönsaksjuice rotfruktsjuice,1.4,mg
301,Morotsjuice,Vitamin D inkl 25-OH-D3,Grönsaksjuice rotfruktsjuice,0.0,µg
301,Morotsjuice,Vitamin D,Grönsaksjuice rotfruktsjuice,0.0,µg
301,Morotsjuice,Vitamin C,Grönsaksjuice rotfruktsjuice,3.8,mg
301,Morotsjuice,Vitamin B6,Grönsaksjuice rotfruktsjuice,0.22,mg
301,Morotsjuice,Vitamin B12,Grönsaksjuice rotfruktsjuice,0.0,µg
301,Morotsjuice,Vitamin A,Grönsaksjuice rotfruktsjuice,218.3,RE/µg
301,Morotsjuice,Vatten,Grönsaksjuice rotfruktsjuice,91.0,g
301,Morotsjuice,Tiamin,Grönsaksjuice rotfruktsjuice,0.09,mg
301,Morotsjuice,Tillsatt socker,Grönsaksjuice rotfruktsjuice,0.0,g
301,Morotsjuice,Fritt socker,Grönsaksjuice rotfruktsjuice,5.0,g
301,Morotsjuice,"Selen, Se",Grönsaksjuice rotfruktsjuice,0.1,µg
301,Morotsjuice,Sackaros,Grönsaksjuice rotfruktsjuice,2.4,g
301,Morotsjuice,Riboflavin,Grönsaksjuice rotfruktsjuice,0.06,mg
301,Morotsjuice,Retinol,Grönsaksjuice rotfruktsjuice,0.0,µg
301,Morotsjuice,Protein,Grönsaksjuice rotfruktsjuice,0.7,g
301,Morotsjuice,Summa fleromättade fettsyror,Grönsaksjuice rotfruktsjuice,0.2,g
301,Morotsjuice,"Fosfor, P",Grönsaksjuice rotfruktsjuice,31.0,mg
301,Morotsjuice,Niacinekvivalenter,Grönsaksjuice rotfruktsjuice,0.51,NE/mg
301,Morotsjuice,Niacin,Grönsaksjuice rotfruktsjuice,0.39,mg
301,Morotsjuice,"Salt, NaCl",Grönsaksjuice rotfruktsjuice,0.1,g
301,Morotsjuice,"Natrium, Na",Grönsaksjuice rotfruktsjuice,39.0,mg
301,Morotsjuice,Monosackarider,Grönsaksjuice rotfruktsjuice,2.3,g
301,Morotsjuice,"Sockerarter, totalt",Grönsaksjuice rotfruktsjuice,4.7,g
301,Morotsjuice,Summa enkelomättade fettsyror,Grönsaksjuice rotfruktsjuice,0.0,g
301,Morotsjuice,"Magnesium, Mg",Grönsaksjuice rotfruktsjuice,23.0,mg
301,Morotsjuice,Summa mättade fettsyror,Grönsaksjuice rotfruktsjuice,0.1,g
301,Morotsjuice,"Kolhydrater, tillgängliga",Grönsaksjuice rotfruktsjuice,6.3,g
301,Morotsjuice,Kolesterol,Grönsaksjuice rotfruktsjuice,0.0,mg
301,Morotsjuice,"Kalium, K",Grönsaksjuice rotfruktsjuice,300.0,mg
301,Morotsjuice,"Jod, I",Grönsaksjuice rotfruktsjuice,3.0,µg
301,Morotsjuice,Fullkorn totalt,Grönsaksjuice rotfruktsjuice,0.0,g
301,Morotsjuice,"Folat, totalt",Grönsaksjuice rotfruktsjuice,14.0,µg
301,Morotsjuice,Fibrer,Grönsaksjuice rotfruktsjuice,1.0,g
301,Morotsjuice,"Fett, totalt",Grönsaksjuice rotfruktsjuice,0.4,g
301,Morotsjuice,"Järn, Fe",Grönsaksjuice rotfruktsjuice,0.6,mg
301,Morotsjuice,Energi (kJ),Grönsaksjuice rotfruktsjuice,142.0,kJ
301,Morotsjuice,Energi (kcal),Grönsaksjuice rotfruktsjuice,34.0,kcal
301,Morotsjuice,Disackarider,Grönsaksjuice rotfruktsjuice,2.4,g
301,Morotsjuice,"Kalcium, Ca",Grönsaksjuice rotfruktsjuice,19.0,mg
301,Morotsjuice,Fettsyra 4:0-10:0,Grönsaksjuice rotfruktsjuice,0.0,g
301,Morotsjuice,DHA (C22:6),Grönsaksjuice rotfruktsjuice,0.0,g
301,Morotsjuice,DPA (C22:5),Grönsaksjuice rotfruktsjuice,0.0,g
301,Morotsjuice,EPA (C20:5),Grönsaksjuice rotfruktsjuice,0.0,g
301,Morotsjuice,Arakidonsyra C20:4,Grönsaksjuice rotfruktsjuice,0.0,g
301,Morotsjuice,Arakidinsyra C20:0,Grönsaksjuice rotfruktsjuice,0.0,g
301,Morotsjuice,Linolensyra C18:3,Grönsaksjuice rotfruktsjuice,0.0,g
301,Morotsjuice,Linolsyra C18:2,Grönsaksjuice rotfruktsjuice,0.2,g
301,Morotsjuice,Oljesyra C18:1,Grönsaksjuice rotfruktsjuice,0.0,g
301,Morotsjuice,Stearinsyra C18:0,Grönsaksjuice rotfruktsjuice,0.0,g
301,Morotsjuice,Palmitoljesyra C16:1,Grönsaksjuice rotfruktsjuice,0.0,g
301,Morotsjuice,Palmitinsyra C16:0,Grönsaksjuice rotfruktsjuice,0.1,g
301,Morotsjuice,Myristinsyra C14:0,Grönsaksjuice rotfruktsjuice,0.0,g
301,Morotsjuice,Laurinsyra C12:0,Grönsaksjuice rotfruktsjuice,0.0,g
301,Morotsjuice,Betakaroten/β-Karoten,Grönsaksjuice rotfruktsjuice,2620.0,µg
301,Morotsjuice,Avfall (skal etc.),Grönsaksjuice rotfruktsjuice,0.0,%
301,Morotsjuice,Aska,Grönsaksjuice rotfruktsjuice,0.6,g
301,Morotsjuice,Alkohol,Grönsaksjuice rotfruktsjuice,0.0,g
302,Rotmos hemlagad,"Zink, Zn",Grönsaks- rotfrukts- baljväxträtter o produkter,0.2,mg
302,Rotmos hemlagad,Vitamin E,Grönsaks- rotfrukts- baljväxträtter o produkter,0.3,mg
302,Rotmos hemlagad,Vitamin D,Grönsaks- rotfrukts- baljväxträtter o produkter,0.13,µg
302,Rotmos hemlagad,Vitamin C,Grönsaks- rotfrukts- baljväxträtter o produkter,23.3,mg
302,Rotmos hemlagad,Vitamin B6,Grönsaks- rotfrukts- baljväxträtter o produkter,0.14,mg
302,Rotmos hemlagad,Vitamin B12,Grönsaks- rotfrukts- baljväxträtter o produkter,0.0,µg
302,Rotmos hemlagad,Vitamin A,Grönsaks- rotfrukts- baljväxträtter o produkter,80.0,RE/µg
302,Rotmos hemlagad,Vatten,Grönsaks- rotfrukts- baljväxträtter o produkter,86.9,g
302,Rotmos hemlagad,Tiamin,Grönsaks- rotfrukts- baljväxträtter o produkter,0.04,mg
302,Rotmos hemlagad,Tillsatt socker,Grönsaks- rotfrukts- baljväxträtter o produkter,0.0,g
302,Rotmos hemlagad,Fritt socker,Grönsaks- rotfrukts- baljväxträtter o produkter,0.0,g
302,Rotmos hemlagad,"Selen, Se",Grönsaks- rotfrukts- baljväxträtter o produkter,0.1,µg
302,Rotmos hemlagad,Sackaros,Grönsaks- rotfrukts- baljväxträtter o produkter,0.7,g
302,Rotmos hemlagad,Riboflavin,Grönsaks- rotfrukts- baljväxträtter o produkter,0.02,mg
302,Rotmos hemlagad,Retinol,Grönsaks- rotfrukts- baljväxträtter o produkter,0.0,µg
302,Rotmos hemlagad,Protein,Grönsaks- rotfrukts- baljväxträtter o produkter,1.0,g
302,Rotmos hemlagad,Summa fleromättade fettsyror,Grönsaks- rotfrukts- baljväxträtter o produkter,0.4,g
302,Rotmos hemlagad,"Fosfor, P",Grönsaks- rotfrukts- baljväxträtter o produkter,30.0,mg
302,Rotmos hemlagad,Niacinekvivalenter,Grönsaks- rotfrukts- baljväxträtter o produkter,1.2,NE/mg
302,Rotmos hemlagad,Niacin,Grönsaks- rotfrukts- baljväxträtter o produkter,1.0,mg
302,Rotmos hemlagad,"Salt, NaCl",Grönsaks- rotfrukts- baljväxträtter o produkter,0.4,g
302,Rotmos hemlagad,"Natrium, Na",Grönsaks- rotfrukts- baljväxträtter o produkter,179.0,mg
302,Rotmos hemlagad,Monosackarider,Grönsaks- rotfrukts- baljväxträtter o produkter,3.0,g
302,Rotmos hemlagad,"Sockerarter, totalt",Grönsaks- rotfrukts- baljväxträtter o produkter,3.6,g
302,Rotmos hemlagad,Summa enkelomättade fettsyror,Grönsaks- rotfrukts- baljväxträtter o produkter,0.7,g
302,Rotmos hemlagad,"Magnesium, Mg",Grönsaks- rotfrukts- baljväxträtter o produkter,13.0,mg
302,Rotmos hemlagad,Summa mättade fettsyror,Grönsaks- rotfrukts- baljväxträtter o produkter,0.1,g
302,Rotmos hemlagad,"Kolhydrater, tillgängliga",Grönsaks- rotfrukts- baljväxträtter o produkter,8.2,g
302,Rotmos hemlagad,Kolesterol,Grönsaks- rotfrukts- baljväxträtter o produkter,0.0,mg
302,Rotmos hemlagad,"Kalium, K",Grönsaks- rotfrukts- baljväxträtter o produkter,210.0,mg
302,Rotmos hemlagad,"Jod, I",Grönsaks- rotfrukts- baljväxträtter o produkter,0.0,µg
302,Rotmos hemlagad,Fullkorn totalt,Grönsaks- rotfrukts- baljväxträtter o produkter,0.0,g
302,Rotmos hemlagad,"Folat, totalt",Grönsaks- rotfrukts- baljväxträtter o produkter,53.0,µg
302,Rotmos hemlagad,Fibrer,Grönsaks- rotfrukts- baljväxträtter o produkter,2.1,g
302,Rotmos hemlagad,"Fett, totalt",Grönsaks- rotfrukts- baljväxträtter o produkter,1.3,g
302,Rotmos hemlagad,"Järn, Fe",Grönsaks- rotfrukts- baljväxträtter o produkter,0.2,mg
302,Rotmos hemlagad,Energi (kJ),Grönsaks- rotfrukts- baljväxträtter o produkter,219.0,kJ
302,Rotmos hemlagad,Energi (kcal),Grönsaks- rotfrukts- baljväxträtter o produkter,52.0,kcal
302,Rotmos hemlagad,Disackarider,Grönsaks- rotfrukts- baljväxträtter o produkter,0.7,g
302,Rotmos hemlagad,"Kalcium, Ca",Grönsaks- rotfrukts- baljväxträtter o produkter,21.0,mg
302,Rotmos hemlagad,Fettsyra 4:0-10:0,Grönsaks- rotfrukts- baljväxträtter o produkter,0.0,g
302,Rotmos hemlagad,DHA (C22:6),Grönsaks- rotfrukts- baljväxträtter o produkter,0.0,g
302,Rotmos hemlagad,DPA (C22:5),Grönsaks- rotfrukts- baljväxträtter o produkter,0.0,g
302,Rotmos hemlagad,EPA (C20:5),Grönsaks- rotfrukts- baljväxträtter o produkter,0.0,g
302,Rotmos hemlagad,Arakidonsyra C20:4,Grönsaks- rotfrukts- baljväxträtter o produkter,0.0,g
302,Rotmos hemlagad,Arakidinsyra C20:0,Grönsaks- rotfrukts- baljväxträtter o produkter,0.0,g
302,Rotmos hemlagad,Linolensyra C18:3,Grönsaks- rotfrukts- baljväxträtter o produkter,0.1,g
302,Rotmos hemlagad,Linolsyra C18:2,Grönsaks- rotfrukts- baljväxträtter o produkter,0.2,g
302,Rotmos hemlagad,Oljesyra C18:1,Grönsaks- rotfrukts- baljväxträtter o produkter,0.7,g
302,Rotmos hemlagad,Stearinsyra C18:0,Grönsaks- rotfrukts- baljväxträtter o produkter,0.0,g
302,Rotmos hemlagad,Palmitoljesyra C16:1,Grönsaks- rotfrukts- baljväxträtter o produkter,0.0,g
302,Rotmos hemlagad,Palmitinsyra C16:0,Grönsaks- rotfrukts- baljväxträtter o produkter,0.1,g
302,Rotmos hemlagad,Myristinsyra C14:0,Grönsaks- rotfrukts- baljväxträtter o produkter,0.0,g
302,Rotmos hemlagad,Laurinsyra C12:0,Grönsaks- rotfrukts- baljväxträtter o produkter,0.0,g
302,Rotmos hemlagad,Betakaroten/β-Karoten,Grönsaks- rotfrukts- baljväxträtter o produkter,718.0,µg
302,Rotmos hemlagad,Avfall (skal etc.),Grönsaks- rotfrukts- baljväxträtter o produkter,0.0,%
302,Rotmos hemlagad,Aska,Grönsaks- rotfrukts- baljväxträtter o produkter,1.0,g
302,Rotmos hemlagad,Alkohol,Grönsaks- rotfrukts- baljväxträtter o produkter,0.0,g
304,Jordärtskockssoppa veg. ,"Zink, Zn",Soppa mat,0.1,mg
304,Jordärtskockssoppa veg. ,Vitamin E,Soppa mat,0.6,mg
304,Jordärtskockssoppa veg. ,Vitamin D,Soppa mat,0.07,µg
304,Jordärtskockssoppa veg. ,Vitamin C,Soppa mat,1.9,mg
304,Jordärtskockssoppa veg. ,Vitamin B6,Soppa mat,0.03,mg
304,Jordärtskockssoppa veg. ,Vitamin B12,Soppa mat,0.0,µg
304,Jordärtskockssoppa veg. ,Vitamin A,Soppa mat,45.6,RE/µg
304,Jordärtskockssoppa veg. ,Vatten,Soppa mat,85.6,g
304,Jordärtskockssoppa veg. ,Tiamin,Soppa mat,0.02,mg
304,Jordärtskockssoppa veg. ,Tillsatt socker,Soppa mat,0.0,g
304,Jordärtskockssoppa veg. ,Fritt socker,Soppa mat,0.0,g
304,Jordärtskockssoppa veg. ,"Selen, Se",Soppa mat,0.2,µg
304,Jordärtskockssoppa veg. ,Sackaros,Soppa mat,0.1,g
304,Jordärtskockssoppa veg. ,Riboflavin,Soppa mat,0.02,mg
304,Jordärtskockssoppa veg. ,Retinol,Soppa mat,39.3,µg
304,Jordärtskockssoppa veg. ,Protein,Soppa mat,1.0,g
304,Jordärtskockssoppa veg. ,Summa fleromättade fettsyror,Soppa mat,0.5,g
304,Jordärtskockssoppa veg. ,"Fosfor, P",Soppa mat,32.0,mg
304,Jordärtskockssoppa veg. ,Niacinekvivalenter,Soppa mat,0.7,NE/mg
304,Jordärtskockssoppa veg. ,Niacin,Soppa mat,0.53,mg
304,Jordärtskockssoppa veg. ,"Salt, NaCl",Soppa mat,0.8,g
304,Jordärtskockssoppa veg. ,"Natrium, Na",Soppa mat,322.0,mg
304,Jordärtskockssoppa veg. ,Monosackarider,Soppa mat,1.3,g
304,Jordärtskockssoppa veg. ,"Sockerarter, totalt",Soppa mat,1.8,g
304,Jordärtskockssoppa veg. ,Summa enkelomättade fettsyror,Soppa mat,1.6,g
304,Jordärtskockssoppa veg. ,"Magnesium, Mg",Soppa mat,9.0,mg
304,Jordärtskockssoppa veg. ,Summa mättade fettsyror,Soppa mat,2.9,g
304,Jordärtskockssoppa veg. ,"Kolhydrater, tillgängliga",Soppa mat,4.7,g
304,Jordärtskockssoppa veg. ,Kolesterol,Soppa mat,6.0,mg
304,Jordärtskockssoppa veg. ,"Kalium, K",Soppa mat,159.0,mg
304,Jordärtskockssoppa veg. ,"Jod, I",Soppa mat,17.8,µg
304,Jordärtskockssoppa veg. ,Fullkorn totalt,Soppa mat,0.0,g
304,Jordärtskockssoppa veg. ,"Folat, totalt",Soppa mat,6.9,µg
304,Jordärtskockssoppa veg. ,Fibrer,Soppa mat,0.7,g
304,Jordärtskockssoppa veg. ,"Fett, totalt",Soppa mat,5.5,g
304,Jordärtskockssoppa veg. ,"Järn, Fe",Soppa mat,0.1,mg
304,Jordärtskockssoppa veg. ,Energi (kJ),Soppa mat,320.0,kJ
304,Jordärtskockssoppa veg. ,Energi (kcal),Soppa mat,76.0,kcal
304,Jordärtskockssoppa veg. ,Disackarider,Soppa mat,0.4,g
304,Jordärtskockssoppa veg. ,"Kalcium, Ca",Soppa mat,16.0,mg
304,Jordärtskockssoppa veg. ,Fettsyra 4:0-10:0,Soppa mat,0.2,g
304,Jordärtskockssoppa veg. ,DHA (C22:6),Soppa mat,0.0,g
304,Jordärtskockssoppa veg. ,DPA (C22:5),Soppa mat,0.0,g
304,Jordärtskockssoppa veg. ,EPA (C20:5),Soppa mat,0.0,g
304,Jordärtskockssoppa veg. ,Arakidonsyra C20:4,Soppa mat,0.0,g
304,Jordärtskockssoppa veg. ,Arakidinsyra C20:0,Soppa mat,0.0,g
304,Jordärtskockssoppa veg. ,Linolensyra C18:3,Soppa mat,0.1,g
304,Jordärtskockssoppa veg. ,Linolsyra C18:2,Soppa mat,0.4,g
304,Jordärtskockssoppa veg. ,Oljesyra C18:1,Soppa mat,1.5,g
304,Jordärtskockssoppa veg. ,Stearinsyra C18:0,Soppa mat,0.5,g
304,Jordärtskockssoppa veg. ,Palmitoljesyra C16:1,Soppa mat,0.1,g
304,Jordärtskockssoppa veg. ,Palmitinsyra C16:0,Soppa mat,1.5,g
304,Jordärtskockssoppa veg. ,Myristinsyra C14:0,Soppa mat,0.5,g
304,Jordärtskockssoppa veg. ,Laurinsyra C12:0,Soppa mat,0.1,g
304,Jordärtskockssoppa veg. ,Betakaroten/β-Karoten,Soppa mat,48.0,µg
304,Jordärtskockssoppa veg. ,Avfall (skal etc.),Soppa mat,8.0,%
304,Jordärtskockssoppa veg. ,Aska,Soppa mat,1.3,g
304,Jordärtskockssoppa veg. ,Alkohol,Soppa mat,0.38,g
305,Morot kokt m. salt,"Zink, Zn",Rotfrukter,0.2,mg
305,Morot kokt m. salt,Vitamin E,Rotfrukter,0.6,mg
305,Morot kokt m. salt,Vitamin D inkl 25-OH-D3,Rotfrukter,0.0,µg
305,Morot kokt m. salt,Vitamin D,Rotfrukter,0.0,µg
305,Morot kokt m. salt,Vitamin C,Rotfrukter,2.7,mg
305,Morot kokt m. salt,Vitamin B6,Rotfrukter,0.1,mg
305,Morot kokt m. salt,Vitamin B12,Rotfrukter,0.0,µg
305,Morot kokt m. salt,Vitamin A,Rotfrukter,858.1,RE/µg
305,Morot kokt m. salt,Vatten,Rotfrukter,89.1,g
305,Morot kokt m. salt,Tiamin,Rotfrukter,0.03,mg
305,Morot kokt m. salt,Tillsatt socker,Rotfrukter,0.0,g
305,Morot kokt m. salt,Fritt socker,Rotfrukter,0.0,g
305,Morot kokt m. salt,"Selen, Se",Rotfrukter,0.0,µg
305,Morot kokt m. salt,Sackaros,Rotfrukter,3.0,g
305,Morot kokt m. salt,Riboflavin,Rotfrukter,0.0,mg
305,Morot kokt m. salt,Retinol,Rotfrukter,0.0,µg
305,Morot kokt m. salt,Protein,Rotfrukter,0.7,g
305,Morot kokt m. salt,Summa fleromättade fettsyror,Rotfrukter,0.1,g
305,Morot kokt m. salt,"Fosfor, P",Rotfrukter,23.0,mg
305,Morot kokt m. salt,Niacinekvivalenter,Rotfrukter,0.9,NE/mg
305,Morot kokt m. salt,Niacin,Rotfrukter,0.8,mg
305,Morot kokt m. salt,"Salt, NaCl",Rotfrukter,0.5,g
305,Morot kokt m. salt,"Natrium, Na",Rotfrukter,189.0,mg
305,Morot kokt m. salt,Monosackarider,Rotfrukter,3.2,g
305,Morot kokt m. salt,"Sockerarter, totalt",Rotfrukter,6.2,g
305,Morot kokt m. salt,Summa enkelomättade fettsyror,Rotfrukter,0.0,g
305,Morot kokt m. salt,"Magnesium, Mg",Rotfrukter,8.0,mg
305,Morot kokt m. salt,Summa mättade fettsyror,Rotfrukter,0.0,g
305,Morot kokt m. salt,"Kolhydrater, tillgängliga",Rotfrukter,6.6,g
305,Morot kokt m. salt,Kolesterol,Rotfrukter,0.0,mg
305,Morot kokt m. salt,"Kalium, K",Rotfrukter,147.0,mg
305,Morot kokt m. salt,"Jod, I",Rotfrukter,20.2,µg
305,Morot kokt m. salt,Fullkorn totalt,Rotfrukter,0.0,g
305,Morot kokt m. salt,"Folat, totalt",Rotfrukter,13.3,µg
305,Morot kokt m. salt,Fibrer,Rotfrukter,2.4,g
305,Morot kokt m. salt,"Fett, totalt",Rotfrukter,0.2,g
305,Morot kokt m. salt,"Järn, Fe",Rotfrukter,0.2,mg
305,Morot kokt m. salt,Energi (kJ),Rotfrukter,151.0,kJ
305,Morot kokt m. salt,Energi (kcal),Rotfrukter,36.0,kcal
305,Morot kokt m. salt,Disackarider,Rotfrukter,3.0,g
305,Morot kokt m. salt,"Kalcium, Ca",Rotfrukter,26.0,mg
305,Morot kokt m. salt,Fettsyra 4:0-10:0,Rotfrukter,0.0,g
305,Morot kokt m. salt,DHA (C22:6),Rotfrukter,0.0,g
305,Morot kokt m. salt,DPA (C22:5),Rotfrukter,0.0,g
305,Morot kokt m. salt,EPA (C20:5),Rotfrukter,0.0,g
305,Morot kokt m. salt,Arakidonsyra C20:4,Rotfrukter,0.0,g
305,Morot kokt m. salt,Arakidinsyra C20:0,Rotfrukter,0.0,g
305,Morot kokt m. salt,Linolensyra C18:3,Rotfrukter,0.0,g
305,Morot kokt m. salt,Linolsyra C18:2,Rotfrukter,0.1,g
305,Morot kokt m. salt,Oljesyra C18:1,Rotfrukter,0.0,g
305,Morot kokt m. salt,Stearinsyra C18:0,Rotfrukter,0.0,g
305,Morot kokt m. salt,Palmitoljesyra C16:1,Rotfrukter,0.0,g
305,Morot kokt m. salt,Palmitinsyra C16:0,Rotfrukter,0.0,g
305,Morot kokt m. salt,Myristinsyra C14:0,Rotfrukter,0.0,g
305,Morot kokt m. salt,Laurinsyra C12:0,Rotfrukter,0.0,g
305,Morot kokt m. salt,Betakaroten/β-Karoten,Rotfrukter,8660.0,µg
305,Morot kokt m. salt,Avfall (skal etc.),Rotfrukter,5.0,%
305,Morot kokt m. salt,Aska,Rotfrukter,1.0,g
305,Morot kokt m. salt,Alkohol,Rotfrukter,0.0,g
306,Morot stuvad,"Zink, Zn",Grönsaks- rotfrukts- baljväxträtter o produkter,0.2,mg
306,Morot stuvad,Vitamin E,Grönsaks- rotfrukts- baljväxträtter o produkter,1.3,mg
306,Morot stuvad,Vitamin D,Grönsaks- rotfrukts- baljväxträtter o produkter,0.53,µg
306,Morot stuvad,Vitamin C,Grönsaks- rotfrukts- baljväxträtter o produkter,2.5,mg
306,Morot stuvad,Vitamin B6,Grönsaks- rotfrukts- baljväxträtter o produkter,0.08,mg
306,Morot stuvad,Vitamin B12,Grönsaks- rotfrukts- baljväxträtter o produkter,0.15,µg
306,Morot stuvad,Vitamin A,Grönsaks- rotfrukts- baljväxträtter o produkter,570.8,RE/µg
306,Morot stuvad,Vatten,Grönsaks- rotfrukts- baljväxträtter o produkter,83.1,g
306,Morot stuvad,Tiamin,Grönsaks- rotfrukts- baljväxträtter o produkter,0.03,mg
306,Morot stuvad,Tillsatt socker,Grönsaks- rotfrukts- baljväxträtter o produkter,0.0,g
306,Morot stuvad,Fritt socker,Grönsaks- rotfrukts- baljväxträtter o produkter,0.0,g
306,Morot stuvad,"Selen, Se",Grönsaks- rotfrukts- baljväxträtter o produkter,0.9,µg
306,Morot stuvad,Sackaros,Grönsaks- rotfrukts- baljväxträtter o produkter,1.9,g
306,Morot stuvad,Riboflavin,Grönsaks- rotfrukts- baljväxträtter o produkter,0.05,mg
306,Morot stuvad,Retinol,Grönsaks- rotfrukts- baljväxträtter o produkter,14.4,µg
306,Morot stuvad,Protein,Grönsaks- rotfrukts- baljväxträtter o produkter,1.9,g
306,Morot stuvad,Summa fleromättade fettsyror,Grönsaks- rotfrukts- baljväxträtter o produkter,1.1,g
306,Morot stuvad,"Fosfor, P",Grönsaks- rotfrukts- baljväxträtter o produkter,68.0,mg
306,Morot stuvad,Niacinekvivalenter,Grönsaks- rotfrukts- baljväxträtter o produkter,0.95,NE/mg
306,Morot stuvad,Niacin,Grönsaks- rotfrukts- baljväxträtter o produkter,0.57,mg
306,Morot stuvad,"Salt, NaCl",Grönsaks- rotfrukts- baljväxträtter o produkter,0.7,g
306,Morot stuvad,"Natrium, Na",Grönsaks- rotfrukts- baljväxträtter o produkter,292.0,mg
306,Morot stuvad,Monosackarider,Grönsaks- rotfrukts- baljväxträtter o produkter,2.0,g
306,Morot stuvad,"Sockerarter, totalt",Grönsaks- rotfrukts- baljväxträtter o produkter,5.7,g
306,Morot stuvad,Summa enkelomättade fettsyror,Grönsaks- rotfrukts- baljväxträtter o produkter,2.3,g
306,Morot stuvad,"Magnesium, Mg",Grönsaks- rotfrukts- baljväxträtter o produkter,10.0,mg
306,Morot stuvad,Summa mättade fettsyror,Grönsaks- rotfrukts- baljväxträtter o produkter,1.1,g
306,Morot stuvad,"Kolhydrater, tillgängliga",Grönsaks- rotfrukts- baljväxträtter o produkter,7.1,g
306,Morot stuvad,Kolesterol,Grönsaks- rotfrukts- baljväxträtter o produkter,4.1,mg
306,Morot stuvad,"Kalium, K",Grönsaks- rotfrukts- baljväxträtter o produkter,155.0,mg
306,Morot stuvad,"Jod, I",Grönsaks- rotfrukts- baljväxträtter o produkter,40.1,µg
306,Morot stuvad,Fullkorn totalt,Grönsaks- rotfrukts- baljväxträtter o produkter,0.0,g
306,Morot stuvad,"Folat, totalt",Grönsaks- rotfrukts- baljväxträtter o produkter,12.1,µg
306,Morot stuvad,Fibrer,Grönsaks- rotfrukts- baljväxträtter o produkter,1.6,g
306,Morot stuvad,"Fett, totalt",Grönsaks- rotfrukts- baljväxträtter o produkter,4.9,g
306,Morot stuvad,"Järn, Fe",Grönsaks- rotfrukts- baljväxträtter o produkter,0.2,mg
306,Morot stuvad,Energi (kJ),Grönsaks- rotfrukts- baljväxträtter o produkter,347.0,kJ
306,Morot stuvad,Energi (kcal),Grönsaks- rotfrukts- baljväxträtter o produkter,83.0,kcal
306,Morot stuvad,Disackarider,Grönsaks- rotfrukts- baljväxträtter o produkter,3.6,g
306,Morot stuvad,"Kalcium, Ca",Grönsaks- rotfrukts- baljväxträtter o produkter,65.0,mg
306,Morot stuvad,Fettsyra 4:0-10:0,Grönsaks- rotfrukts- baljväxträtter o produkter,0.1,g
306,Morot stuvad,DHA (C22:6),Grönsaks- rotfrukts- baljväxträtter o produkter,0.0,g
306,Morot stuvad,DPA (C22:5),Grönsaks- rotfrukts- baljväxträtter o produkter,0.0,g
306,Morot stuvad,EPA (C20:5),Grönsaks- rotfrukts- baljväxträtter o produkter,0.0,g
306,Morot stuvad,Arakidonsyra C20:4,Grönsaks- rotfrukts- baljväxträtter o produkter,0.0,g
306,Morot stuvad,Arakidinsyra C20:0,Grönsaks- rotfrukts- baljväxträtter o produkter,0.0,g
306,Morot stuvad,Linolensyra C18:3,Grönsaks- rotfrukts- baljväxträtter o produkter,0.3,g
306,Morot stuvad,Linolsyra C18:2,Grönsaks- rotfrukts- baljväxträtter o produkter,0.9,g
306,Morot stuvad,Oljesyra C18:1,Grönsaks- rotfrukts- baljväxträtter o produkter,2.2,g
306,Morot stuvad,Stearinsyra C18:0,Grönsaks- rotfrukts- baljväxträtter o produkter,0.2,g
306,Morot stuvad,Palmitoljesyra C16:1,Grönsaks- rotfrukts- baljväxträtter o produkter,0.0,g
306,Morot stuvad,Palmitinsyra C16:0,Grönsaks- rotfrukts- baljväxträtter o produkter,0.6,g
306,Morot stuvad,Myristinsyra C14:0,Grönsaks- rotfrukts- baljväxträtter o produkter,0.1,g
306,Morot stuvad,Laurinsyra C12:0,Grönsaks- rotfrukts- baljväxträtter o produkter,0.0,g
306,Morot stuvad,Betakaroten/β-Karoten,Grönsaks- rotfrukts- baljväxträtter o produkter,5566.0,µg
306,Morot stuvad,Avfall (skal etc.),Grönsaks- rotfrukts- baljväxträtter o produkter,3.0,%
306,Morot stuvad,Aska,Grönsaks- rotfrukts- baljväxträtter o produkter,1.3,g
306,Morot stuvad,Alkohol,Grönsaks- rotfrukts- baljväxträtter o produkter,0.0,g
307,Morotssoppa veg. ,"Zink, Zn",Soppa mat,0.1,mg
307,Morotssoppa veg. ,Vitamin E,Soppa mat,0.2,mg
307,Morotssoppa veg. ,Vitamin D,Soppa mat,0.0,µg
307,Morotssoppa veg. ,Vitamin C,Soppa mat,2.4,mg
307,Morotssoppa veg. ,Vitamin B6,Soppa mat,0.05,mg
307,Morotssoppa veg. ,Vitamin B12,Soppa mat,0.02,µg
307,Morotssoppa veg. ,Vitamin A,Soppa mat,242.4,RE/µg
307,Morotssoppa veg. ,Vatten,Soppa mat,91.8,g
307,Morotssoppa veg. ,Tiamin,Soppa mat,0.01,mg
307,Morotssoppa veg. ,Tillsatt socker,Soppa mat,0.0,g
307,Morotssoppa veg. ,Fritt socker,Soppa mat,0.0,g
307,Morotssoppa veg. ,"Selen, Se",Soppa mat,0.1,µg
307,Morotssoppa veg. ,Sackaros,Soppa mat,1.0,g
307,Morotssoppa veg. ,Riboflavin,Soppa mat,0.01,mg
307,Morotssoppa veg. ,Retinol,Soppa mat,11.9,µg
307,Morotssoppa veg. ,Protein,Soppa mat,0.7,g
307,Morotssoppa veg. ,Summa fleromättade fettsyror,Soppa mat,0.1,g
307,Morotssoppa veg. ,"Fosfor, P",Soppa mat,18.0,mg
307,Morotssoppa veg. ,Niacinekvivalenter,Soppa mat,0.51,NE/mg
307,Morotssoppa veg. ,Niacin,Soppa mat,0.39,mg
307,Morotssoppa veg. ,"Salt, NaCl",Soppa mat,0.6,g
307,Morotssoppa veg. ,"Natrium, Na",Soppa mat,251.0,mg
307,Morotssoppa veg. ,Monosackarider,Soppa mat,1.2,g
307,Morotssoppa veg. ,"Sockerarter, totalt",Soppa mat,2.4,g
307,Morotssoppa veg. ,Summa enkelomättade fettsyror,Soppa mat,0.4,g
307,Morotssoppa veg. ,"Magnesium, Mg",Soppa mat,6.0,mg
307,Morotssoppa veg. ,Summa mättade fettsyror,Soppa mat,0.9,g
307,Morotssoppa veg. ,"Kolhydrater, tillgängliga",Soppa mat,4.1,g
307,Morotssoppa veg. ,Kolesterol,Soppa mat,4.0,mg
307,Morotssoppa veg. ,"Kalium, K",Soppa mat,89.0,mg
307,Morotssoppa veg. ,"Jod, I",Soppa mat,10.9,µg
307,Morotssoppa veg. ,Fullkorn totalt,Soppa mat,0.0,g
307,Morotssoppa veg. ,"Folat, totalt",Soppa mat,7.5,µg
307,Morotssoppa veg. ,Fibrer,Soppa mat,1.0,g
307,Morotssoppa veg. ,"Fett, totalt",Soppa mat,1.5,g
307,Morotssoppa veg. ,"Järn, Fe",Soppa mat,0.1,mg
307,Morotssoppa veg. ,Energi (kJ),Soppa mat,147.0,kJ
307,Morotssoppa veg. ,Energi (kcal),Soppa mat,35.0,kcal
307,Morotssoppa veg. ,Disackarider,Soppa mat,1.2,g
307,Morotssoppa veg. ,"Kalcium, Ca",Soppa mat,17.0,mg
307,Morotssoppa veg. ,Fettsyra 4:0-10:0,Soppa mat,0.1,g
307,Morotssoppa veg. ,DHA (C22:6),Soppa mat,0.0,g
307,Morotssoppa veg. ,DPA (C22:5),Soppa mat,0.0,g
307,Morotssoppa veg. ,EPA (C20:5),Soppa mat,0.0,g
307,Morotssoppa veg. ,Arakidonsyra C20:4,Soppa mat,0.0,g
307,Morotssoppa veg. ,Arakidinsyra C20:0,Soppa mat,0.0,g
307,Morotssoppa veg. ,Linolensyra C18:3,Soppa mat,0.0,g
307,Morotssoppa veg. ,Linolsyra C18:2,Soppa mat,0.1,g
307,Morotssoppa veg. ,Oljesyra C18:1,Soppa mat,0.3,g
307,Morotssoppa veg. ,Stearinsyra C18:0,Soppa mat,0.2,g
307,Morotssoppa veg. ,Palmitoljesyra C16:1,Soppa mat,0.0,g
307,Morotssoppa veg. ,Palmitinsyra C16:0,Soppa mat,0.5,g
307,Morotssoppa veg. ,Myristinsyra C14:0,Soppa mat,0.1,g
307,Morotssoppa veg. ,Laurinsyra C12:0,Soppa mat,0.0,g
307,Morotssoppa veg. ,Betakaroten/β-Karoten,Soppa mat,2332.0,µg
307,Morotssoppa veg. ,Avfall (skal etc.),Soppa mat,2.0,%
307,Morotssoppa veg. ,Aska,Soppa mat,0.9,g
307,Morotssoppa veg. ,Alkohol,Soppa mat,0.0,g
308,Ärtsoppa m. morot veg. ,"Zink, Zn",Soppa mat,0.7,mg
308,Ärtsoppa m. morot veg. ,Vitamin E,Soppa mat,0.1,mg
308,Ärtsoppa m. morot veg. ,Vitamin D inkl 25-OH-D3,Soppa mat,0.0,µg
308,Ärtsoppa m. morot veg. ,Vitamin D,Soppa mat,0.0,µg
308,Ärtsoppa m. morot veg. ,Vitamin C,Soppa mat,0.8,mg
308,Ärtsoppa m. morot veg. ,Vitamin B6,Soppa mat,0.03,mg
308,Ärtsoppa m. morot veg. ,Vitamin B12,Soppa mat,0.0,µg
308,Ärtsoppa m. morot veg. ,Vitamin A,Soppa mat,98.1,RE/µg
308,Ärtsoppa m. morot veg. ,Vatten,Soppa mat,81.2,g
308,Ärtsoppa m. morot veg. ,Tiamin,Soppa mat,0.1,mg
308,Ärtsoppa m. morot veg. ,Tillsatt socker,Soppa mat,0.0,g
308,Ärtsoppa m. morot veg. ,Fritt socker,Soppa mat,0.0,g
308,Ärtsoppa m. morot veg. ,"Selen, Se",Soppa mat,0.4,µg
308,Ärtsoppa m. morot veg. ,Sackaros,Soppa mat,0.8,g
308,Ärtsoppa m. morot veg. ,Riboflavin,Soppa mat,0.03,mg
308,Ärtsoppa m. morot veg. ,Retinol,Soppa mat,0.0,µg
308,Ärtsoppa m. morot veg. ,Protein,Soppa mat,4.3,g
308,Ärtsoppa m. morot veg. ,Summa fleromättade fettsyror,Soppa mat,0.1,g
308,Ärtsoppa m. morot veg. ,"Fosfor, P",Soppa mat,78.0,mg
308,Ärtsoppa m. morot veg. ,Niacinekvivalenter,Soppa mat,1.31,NE/mg
308,Ärtsoppa m. morot veg. ,Niacin,Soppa mat,0.59,mg
308,Ärtsoppa m. morot veg. ,"Salt, NaCl",Soppa mat,0.4,g
308,Ärtsoppa m. morot veg. ,"Natrium, Na",Soppa mat,159.0,mg
308,Ärtsoppa m. morot veg. ,Monosackarider,Soppa mat,0.7,g
308,Ärtsoppa m. morot veg. ,"Sockerarter, totalt",Soppa mat,1.5,g
308,Ärtsoppa m. morot veg. ,Summa enkelomättade fettsyror,Soppa mat,0.0,g
308,Ärtsoppa m. morot veg. ,"Magnesium, Mg",Soppa mat,25.0,mg
308,Ärtsoppa m. morot veg. ,Summa mättade fettsyror,Soppa mat,0.1,g
308,Ärtsoppa m. morot veg. ,"Kolhydrater, tillgängliga",Soppa mat,10.8,g
308,Ärtsoppa m. morot veg. ,Kolesterol,Soppa mat,0.0,mg
308,Ärtsoppa m. morot veg. ,"Kalium, K",Soppa mat,178.0,mg
308,Ärtsoppa m. morot veg. ,"Jod, I",Soppa mat,14.8,µg
308,Ärtsoppa m. morot veg. ,Fullkorn totalt,Soppa mat,0.0,g
308,Ärtsoppa m. morot veg. ,"Folat, totalt",Soppa mat,7.0,µg
308,Ärtsoppa m. morot veg. ,Fibrer,Soppa mat,2.4,g
308,Ärtsoppa m. morot veg. ,"Fett, totalt",Soppa mat,0.3,g
308,Ärtsoppa m. morot veg. ,"Järn, Fe",Soppa mat,1.2,mg
308,Ärtsoppa m. morot veg. ,Energi (kJ),Soppa mat,287.0,kJ
308,Ärtsoppa m. morot veg. ,Energi (kcal),Soppa mat,69.0,kcal
308,Ärtsoppa m. morot veg. ,Disackarider,Soppa mat,0.8,g
308,Ärtsoppa m. morot veg. ,"Kalcium, Ca",Soppa mat,18.0,mg
308,Ärtsoppa m. morot veg. ,Fettsyra 4:0-10:0,Soppa mat,0.0,g
308,Ärtsoppa m. morot veg. ,DHA (C22:6),Soppa mat,0.0,g
308,Ärtsoppa m. morot veg. ,DPA (C22:5),Soppa mat,0.0,g
308,Ärtsoppa m. morot veg. ,EPA (C20:5),Soppa mat,0.0,g
308,Ärtsoppa m. morot veg. ,Arakidonsyra C20:4,Soppa mat,0.0,g
308,Ärtsoppa m. morot veg. ,Arakidinsyra C20:0,Soppa mat,0.0,g
308,Ärtsoppa m. morot veg. ,Linolensyra C18:3,Soppa mat,0.0,g
308,Ärtsoppa m. morot veg. ,Linolsyra C18:2,Soppa mat,0.1,g
308,Ärtsoppa m. morot veg. ,Oljesyra C18:1,Soppa mat,0.0,g
308,Ärtsoppa m. morot veg. ,Stearinsyra C18:0,Soppa mat,0.0,g
308,Ärtsoppa m. morot veg. ,Palmitoljesyra C16:1,Soppa mat,0.0,g
308,Ärtsoppa m. morot veg. ,Palmitinsyra C16:0,Soppa mat,0.1,g
308,Ärtsoppa m. morot veg. ,Myristinsyra C14:0,Soppa mat,0.0,g
308,Ärtsoppa m. morot veg. ,Laurinsyra C12:0,Soppa mat,0.0,g
308,Ärtsoppa m. morot veg. ,Betakaroten/β-Karoten,Soppa mat,993.0,µg
308,Ärtsoppa m. morot veg. ,Avfall (skal etc.),Soppa mat,2.0,%
308,Ärtsoppa m. morot veg. ,Aska,Soppa mat,1.0,g
308,Ärtsoppa m. morot veg. ,Alkohol,Soppa mat,0.0,g
310,Jordärtskocka kokt m. salt,"Zink, Zn",Rotfrukter,0.3,mg
310,Jordärtskocka kokt m. salt,Vitamin E,Rotfrukter,0.2,mg
310,Jordärtskocka kokt m. salt,Vitamin D inkl 25-OH-D3,Rotfrukter,0.0,µg
310,Jordärtskocka kokt m. salt,Vitamin D,Rotfrukter,0.0,µg
310,Jordärtskocka kokt m. salt,Vitamin C,Rotfrukter,5.5,mg
310,Jordärtskocka kokt m. salt,Vitamin B6,Rotfrukter,0.06,mg
310,Jordärtskocka kokt m. salt,Vitamin B12,Rotfrukter,0.0,µg
310,Jordärtskocka kokt m. salt,Vitamin A,Rotfrukter,0.0,RE/µg
310,Jordärtskocka kokt m. salt,Vatten,Rotfrukter,81.4,g
310,Jordärtskocka kokt m. salt,Tiamin,Rotfrukter,0.05,mg
310,Jordärtskocka kokt m. salt,Tillsatt socker,Rotfrukter,0.0,g
310,Jordärtskocka kokt m. salt,Fritt socker,Rotfrukter,0.0,g
310,Jordärtskocka kokt m. salt,"Selen, Se",Rotfrukter,0.0,µg
310,Jordärtskocka kokt m. salt,Sackaros,Rotfrukter,0.0,g
310,Jordärtskocka kokt m. salt,Riboflavin,Rotfrukter,0.03,mg
310,Jordärtskocka kokt m. salt,Retinol,Rotfrukter,0.0,µg
310,Jordärtskocka kokt m. salt,Protein,Rotfrukter,1.9,g
310,Jordärtskocka kokt m. salt,Summa fleromättade fettsyror,Rotfrukter,0.0,g
310,Jordärtskocka kokt m. salt,"Fosfor, P",Rotfrukter,66.0,mg
310,Jordärtskocka kokt m. salt,Niacinekvivalenter,Rotfrukter,1.89,NE/mg
310,Jordärtskocka kokt m. salt,Niacin,Rotfrukter,1.59,mg
310,Jordärtskocka kokt m. salt,"Salt, NaCl",Rotfrukter,0.4,g
310,Jordärtskocka kokt m. salt,"Natrium, Na",Rotfrukter,159.0,mg
310,Jordärtskocka kokt m. salt,Monosackarider,Rotfrukter,3.2,g
310,Jordärtskocka kokt m. salt,"Sockerarter, totalt",Rotfrukter,3.2,g
310,Jordärtskocka kokt m. salt,Summa enkelomättade fettsyror,Rotfrukter,0.0,g
310,Jordärtskocka kokt m. salt,"Magnesium, Mg",Rotfrukter,16.0,mg
310,Jordärtskocka kokt m. salt,Summa mättade fettsyror,Rotfrukter,0.0,g
310,Jordärtskocka kokt m. salt,"Kolhydrater, tillgängliga",Rotfrukter,12.7,g
310,Jordärtskocka kokt m. salt,Kolesterol,Rotfrukter,0.0,mg
310,Jordärtskocka kokt m. salt,"Kalium, K",Rotfrukter,425.0,mg
310,Jordärtskocka kokt m. salt,"Jod, I",Rotfrukter,20.9,µg
310,Jordärtskocka kokt m. salt,Fullkorn totalt,Rotfrukter,0.0,g
310,Jordärtskocka kokt m. salt,"Folat, totalt",Rotfrukter,12.0,µg
310,Jordärtskocka kokt m. salt,Fibrer,Rotfrukter,1.9,g
310,Jordärtskocka kokt m. salt,"Fett, totalt",Rotfrukter,0.4,g
310,Jordärtskocka kokt m. salt,"Järn, Fe",Rotfrukter,0.3,mg
310,Jordärtskocka kokt m. salt,Energi (kJ),Rotfrukter,279.0,kJ
310,Jordärtskocka kokt m. salt,Energi (kcal),Rotfrukter,67.0,kcal
310,Jordärtskocka kokt m. salt,Disackarider,Rotfrukter,0.0,g
310,Jordärtskocka kokt m. salt,"Kalcium, Ca",Rotfrukter,15.0,mg
310,Jordärtskocka kokt m. salt,Fettsyra 4:0-10:0,Rotfrukter,0.0,g
310,Jordärtskocka kokt m. salt,DHA (C22:6),Rotfrukter,0.0,g
310,Jordärtskocka kokt m. salt,DPA (C22:5),Rotfrukter,0.0,g
310,Jordärtskocka kokt m. salt,EPA (C20:5),Rotfrukter,0.0,g
310,Jordärtskocka kokt m. salt,Arakidonsyra C20:4,Rotfrukter,0.0,g
310,Jordärtskocka kokt m. salt,Arakidinsyra C20:0,Rotfrukter,0.0,g
310,Jordärtskocka kokt m. salt,Linolensyra C18:3,Rotfrukter,0.0,g
310,Jordärtskocka kokt m. salt,Linolsyra C18:2,Rotfrukter,0.0,g
310,Jordärtskocka kokt m. salt,Oljesyra C18:1,Rotfrukter,0.0,g
310,Jordärtskocka kokt m. salt,Stearinsyra C18:0,Rotfrukter,0.0,g
310,Jordärtskocka kokt m. salt,Palmitoljesyra C16:1,Rotfrukter,0.0,g
310,Jordärtskocka kokt m. salt,Palmitinsyra C16:0,Rotfrukter,0.0,g
310,Jordärtskocka kokt m. salt,Myristinsyra C14:0,Rotfrukter,0.0,g
310,Jordärtskocka kokt m. salt,Laurinsyra C12:0,Rotfrukter,0.0,g
310,Jordärtskocka kokt m. salt,Betakaroten/β-Karoten,Rotfrukter,0.0,µg
310,Jordärtskocka kokt m. salt,Avfall (skal etc.),Rotfrukter,31.0,%
310,Jordärtskocka kokt m. salt,Aska,Rotfrukter,1.7,g
310,Jordärtskocka kokt m. salt,Alkohol,Rotfrukter,0.0,g
314,Rotfrukter stekta glacerade m. honung,"Zink, Zn",Grönsaks- rotfrukts- baljväxträtter o produkter,0.2,mg
314,Rotfrukter stekta glacerade m. honung,Vitamin E,Grönsaks- rotfrukts- baljväxträtter o produkter,0.7,mg
314,Rotfrukter stekta glacerade m. honung,Vitamin D inkl 25-OH-D3,Grönsaks- rotfrukts- baljväxträtter o produkter,0.02,µg
314,Rotfrukter stekta glacerade m. honung,Vitamin D,Grönsaks- rotfrukts- baljväxträtter o produkter,0.01,µg
314,Rotfrukter stekta glacerade m. honung,Vitamin C,Grönsaks- rotfrukts- baljväxträtter o produkter,17.4,mg
314,Rotfrukter stekta glacerade m. honung,Vitamin B6,Grönsaks- rotfrukts- baljväxträtter o produkter,0.15,mg
314,Rotfrukter stekta glacerade m. honung,Vitamin B12,Grönsaks- rotfrukts- baljväxträtter o produkter,0.0,µg
314,Rotfrukter stekta glacerade m. honung,Vitamin A,Grönsaks- rotfrukts- baljväxträtter o produkter,138.1,RE/µg
314,Rotfrukter stekta glacerade m. honung,Vatten,Grönsaks- rotfrukts- baljväxträtter o produkter,79.7,g
314,Rotfrukter stekta glacerade m. honung,Tiamin,Grönsaks- rotfrukts- baljväxträtter o produkter,0.05,mg
314,Rotfrukter stekta glacerade m. honung,Tillsatt socker,Grönsaks- rotfrukts- baljväxträtter o produkter,0.0,g
314,Rotfrukter stekta glacerade m. honung,Fritt socker,Grönsaks- rotfrukts- baljväxträtter o produkter,3.0,g
314,Rotfrukter stekta glacerade m. honung,"Selen, Se",Grönsaks- rotfrukts- baljväxträtter o produkter,0.0,µg
314,Rotfrukter stekta glacerade m. honung,Sackaros,Grönsaks- rotfrukts- baljväxträtter o produkter,1.9,g
314,Rotfrukter stekta glacerade m. honung,Riboflavin,Grönsaks- rotfrukts- baljväxträtter o produkter,0.03,mg
314,Rotfrukter stekta glacerade m. honung,Retinol,Grönsaks- rotfrukts- baljväxträtter o produkter,14.1,µg
314,Rotfrukter stekta glacerade m. honung,Protein,Grönsaks- rotfrukts- baljväxträtter o produkter,1.3,g
314,Rotfrukter stekta glacerade m. honung,Summa fleromättade fettsyror,Grönsaks- rotfrukts- baljväxträtter o produkter,0.4,g
314,Rotfrukter stekta glacerade m. honung,"Fosfor, P",Grönsaks- rotfrukts- baljväxträtter o produkter,36.0,mg
314,Rotfrukter stekta glacerade m. honung,Niacinekvivalenter,Grönsaks- rotfrukts- baljväxträtter o produkter,1.44,NE/mg
314,Rotfrukter stekta glacerade m. honung,Niacin,Grönsaks- rotfrukts- baljväxträtter o produkter,1.23,mg
314,Rotfrukter stekta glacerade m. honung,"Salt, NaCl",Grönsaks- rotfrukts- baljväxträtter o produkter,0.5,g
314,Rotfrukter stekta glacerade m. honung,"Natrium, Na",Grönsaks- rotfrukts- baljväxträtter o produkter,223.0,mg
314,Rotfrukter stekta glacerade m. honung,Monosackarider,Grönsaks- rotfrukts- baljväxträtter o produkter,6.4,g
314,Rotfrukter stekta glacerade m. honung,"Sockerarter, totalt",Grönsaks- rotfrukts- baljväxträtter o produkter,8.4,g
314,Rotfrukter stekta glacerade m. honung,Summa enkelomättade fettsyror,Grönsaks- rotfrukts- baljväxträtter o produkter,2.3,g
314,Rotfrukter stekta glacerade m. honung,"Magnesium, Mg",Grönsaks- rotfrukts- baljväxträtter o produkter,11.0,mg
314,Rotfrukter stekta glacerade m. honung,Summa mättade fettsyror,Grönsaks- rotfrukts- baljväxträtter o produkter,1.7,g
314,Rotfrukter stekta glacerade m. honung,"Kolhydrater, tillgängliga",Grönsaks- rotfrukts- baljväxträtter o produkter,10.4,g
314,Rotfrukter stekta glacerade m. honung,Kolesterol,Grönsaks- rotfrukts- baljväxträtter o produkter,6.2,mg
314,Rotfrukter stekta glacerade m. honung,"Kalium, K",Grönsaks- rotfrukts- baljväxträtter o produkter,222.0,mg
314,Rotfrukter stekta glacerade m. honung,"Jod, I",Grönsaks- rotfrukts- baljväxträtter o produkter,25.7,µg
314,Rotfrukter stekta glacerade m. honung,Fullkorn totalt,Grönsaks- rotfrukts- baljväxträtter o produkter,0.0,g
314,Rotfrukter stekta glacerade m. honung,"Folat, totalt",Grönsaks- rotfrukts- baljväxträtter o produkter,32.7,µg
314,Rotfrukter stekta glacerade m. honung,Fibrer,Grönsaks- rotfrukts- baljväxträtter o produkter,2.8,g
314,Rotfrukter stekta glacerade m. honung,"Fett, totalt",Grönsaks- rotfrukts- baljväxträtter o produkter,4.7,g
314,Rotfrukter stekta glacerade m. honung,"Järn, Fe",Grönsaks- rotfrukts- baljväxträtter o produkter,0.3,mg
314,Rotfrukter stekta glacerade m. honung,Energi (kJ),Grönsaks- rotfrukts- baljväxträtter o produkter,393.0,kJ
314,Rotfrukter stekta glacerade m. honung,Energi (kcal),Grönsaks- rotfrukts- baljväxträtter o produkter,94.0,kcal
314,Rotfrukter stekta glacerade m. honung,Disackarider,Grönsaks- rotfrukts- baljväxträtter o produkter,2.0,g
314,Rotfrukter stekta glacerade m. honung,"Kalcium, Ca",Grönsaks- rotfrukts- baljväxträtter o produkter,33.0,mg
314,Rotfrukter stekta glacerade m. honung,Fettsyra 4:0-10:0,Grönsaks- rotfrukts- baljväxträtter o produkter,0.2,g
314,Rotfrukter stekta glacerade m. honung,DHA (C22:6),Grönsaks- rotfrukts- baljväxträtter o produkter,0.0,g
314,Rotfrukter stekta glacerade m. honung,DPA (C22:5),Grönsaks- rotfrukts- baljväxträtter o produkter,0.0,g
314,Rotfrukter stekta glacerade m. honung,EPA (C20:5),Grönsaks- rotfrukts- baljväxträtter o produkter,0.0,g
314,Rotfrukter stekta glacerade m. honung,Arakidonsyra C20:4,Grönsaks- rotfrukts- baljväxträtter o produkter,0.0,g
314,Rotfrukter stekta glacerade m. honung,Arakidinsyra C20:0,Grönsaks- rotfrukts- baljväxträtter o produkter,0.0,g
314,Rotfrukter stekta glacerade m. honung,Linolensyra C18:3,Grönsaks- rotfrukts- baljväxträtter o produkter,0.0,g
314,Rotfrukter stekta glacerade m. honung,Linolsyra C18:2,Grönsaks- rotfrukts- baljväxträtter o produkter,0.4,g
314,Rotfrukter stekta glacerade m. honung,Oljesyra C18:1,Grönsaks- rotfrukts- baljväxträtter o produkter,2.2,g
314,Rotfrukter stekta glacerade m. honung,Stearinsyra C18:0,Grönsaks- rotfrukts- baljväxträtter o produkter,0.3,g
314,Rotfrukter stekta glacerade m. honung,Palmitoljesyra C16:1,Grönsaks- rotfrukts- baljväxträtter o produkter,0.1,g
314,Rotfrukter stekta glacerade m. honung,Palmitinsyra C16:0,Grönsaks- rotfrukts- baljväxträtter o produkter,0.9,g
314,Rotfrukter stekta glacerade m. honung,Myristinsyra C14:0,Grönsaks- rotfrukts- baljväxträtter o produkter,0.2,g
314,Rotfrukter stekta glacerade m. honung,Laurinsyra C12:0,Grönsaks- rotfrukts- baljväxträtter o produkter,0.1,g
314,Rotfrukter stekta glacerade m. honung,Betakaroten/β-Karoten,Grönsaks- rotfrukts- baljväxträtter o produkter,1253.0,µg
314,Rotfrukter stekta glacerade m. honung,Avfall (skal etc.),Grönsaks- rotfrukts- baljväxträtter o produkter,13.0,%
314,Rotfrukter stekta glacerade m. honung,Aska,Grönsaks- rotfrukts- baljväxträtter o produkter,1.2,g
314,Rotfrukter stekta glacerade m. honung,Alkohol,Grönsaks- rotfrukts- baljväxträtter o produkter,0.0,g
315,Grönsaksbiff rotfruktsbiff stekt veg.,"Zink, Zn",Grönsaks- rotfrukts- baljväxträtter o produkter,0.8,mg
315,Grönsaksbiff rotfruktsbiff stekt veg.,Vitamin E,Grönsaks- rotfrukts- baljväxträtter o produkter,2.6,mg
315,Grönsaksbiff rotfruktsbiff stekt veg.,Vitamin D,Grönsaks- rotfrukts- baljväxträtter o produkter,0.45,µg
315,Grönsaksbiff rotfruktsbiff stekt veg.,Vitamin C,Grönsaks- rotfrukts- baljväxträtter o produkter,4.4,mg
315,Grönsaksbiff rotfruktsbiff stekt veg.,Vitamin B6,Grönsaks- rotfrukts- baljväxträtter o produkter,0.12,mg
315,Grönsaksbiff rotfruktsbiff stekt veg.,Vitamin B12,Grönsaks- rotfrukts- baljväxträtter o produkter,0.51,µg
315,Grönsaksbiff rotfruktsbiff stekt veg.,Vitamin A,Grönsaks- rotfrukts- baljväxträtter o produkter,273.0,RE/µg
315,Grönsaksbiff rotfruktsbiff stekt veg.,Vatten,Grönsaks- rotfrukts- baljväxträtter o produkter,77.1,g
315,Grönsaksbiff rotfruktsbiff stekt veg.,Tiamin,Grönsaks- rotfrukts- baljväxträtter o produkter,0.06,mg
315,Grönsaksbiff rotfruktsbiff stekt veg.,Tillsatt socker,Grönsaks- rotfrukts- baljväxträtter o produkter,0.0,g
315,Grönsaksbiff rotfruktsbiff stekt veg.,Fritt socker,Grönsaks- rotfrukts- baljväxträtter o produkter,0.0,g
315,Grönsaksbiff rotfruktsbiff stekt veg.,"Selen, Se",Grönsaks- rotfrukts- baljväxträtter o produkter,7.2,µg
315,Grönsaksbiff rotfruktsbiff stekt veg.,Sackaros,Grönsaks- rotfrukts- baljväxträtter o produkter,2.0,g
315,Grönsaksbiff rotfruktsbiff stekt veg.,Riboflavin,Grönsaks- rotfrukts- baljväxträtter o produkter,0.15,mg
315,Grönsaksbiff rotfruktsbiff stekt veg.,Retinol,Grönsaks- rotfrukts- baljväxträtter o produkter,86.8,µg
315,Grönsaksbiff rotfruktsbiff stekt veg.,Protein,Grönsaks- rotfrukts- baljväxträtter o produkter,6.1,g
315,Grönsaksbiff rotfruktsbiff stekt veg.,Summa fleromättade fettsyror,Grönsaks- rotfrukts- baljväxträtter o produkter,1.3,g
315,Grönsaksbiff rotfruktsbiff stekt veg.,"Fosfor, P",Grönsaks- rotfrukts- baljväxträtter o produkter,119.0,mg
315,Grönsaksbiff rotfruktsbiff stekt veg.,Niacinekvivalenter,Grönsaks- rotfrukts- baljväxträtter o produkter,2.13,NE/mg
315,Grönsaksbiff rotfruktsbiff stekt veg.,Niacin,Grönsaks- rotfrukts- baljväxträtter o produkter,0.69,mg
315,Grönsaksbiff rotfruktsbiff stekt veg.,"Salt, NaCl",Grönsaks- rotfrukts- baljväxträtter o produkter,1.2,g
315,Grönsaksbiff rotfruktsbiff stekt veg.,"Natrium, Na",Grönsaks- rotfrukts- baljväxträtter o produkter,484.0,mg
315,Grönsaksbiff rotfruktsbiff stekt veg.,Monosackarider,Grönsaks- rotfrukts- baljväxträtter o produkter,1.2,g
315,Grönsaksbiff rotfruktsbiff stekt veg.,"Sockerarter, totalt",Grönsaks- rotfrukts- baljväxträtter o produkter,3.2,g
315,Grönsaksbiff rotfruktsbiff stekt veg.,Summa enkelomättade fettsyror,Grönsaks- rotfrukts- baljväxträtter o produkter,3.0,g
315,Grönsaksbiff rotfruktsbiff stekt veg.,"Magnesium, Mg",Grönsaks- rotfrukts- baljväxträtter o produkter,14.0,mg
315,Grönsaksbiff rotfruktsbiff stekt veg.,Summa mättade fettsyror,Grönsaks- rotfrukts- baljväxträtter o produkter,2.3,g
315,Grönsaksbiff rotfruktsbiff stekt veg.,"Kolhydrater, tillgängliga",Grönsaks- rotfrukts- baljväxträtter o produkter,5.1,g
315,Grönsaksbiff rotfruktsbiff stekt veg.,Kolesterol,Grönsaks- rotfrukts- baljväxträtter o produkter,101.1,mg
315,Grönsaksbiff rotfruktsbiff stekt veg.,"Kalium, K",Grönsaks- rotfrukts- baljväxträtter o produkter,237.0,mg
315,Grönsaksbiff rotfruktsbiff stekt veg.,"Jod, I",Grönsaks- rotfrukts- baljväxträtter o produkter,62.3,µg
315,Grönsaksbiff rotfruktsbiff stekt veg.,Fullkorn totalt,Grönsaks- rotfrukts- baljväxträtter o produkter,0.0,g
315,Grönsaksbiff rotfruktsbiff stekt veg.,"Folat, totalt",Grönsaks- rotfrukts- baljväxträtter o produkter,42.9,µg
315,Grönsaksbiff rotfruktsbiff stekt veg.,Fibrer,Grönsaks- rotfrukts- baljväxträtter o produkter,2.0,g
315,Grönsaksbiff rotfruktsbiff stekt veg.,"Fett, totalt",Grönsaks- rotfrukts- baljväxträtter o produkter,7.5,g
315,Grönsaksbiff rotfruktsbiff stekt veg.,"Järn, Fe",Grönsaks- rotfrukts- baljväxträtter o produkter,0.7,mg
315,Grönsaksbiff rotfruktsbiff stekt veg.,Energi (kJ),Grönsaks- rotfrukts- baljväxträtter o produkter,482.0,kJ
315,Grönsaksbiff rotfruktsbiff stekt veg.,Energi (kcal),Grönsaks- rotfrukts- baljväxträtter o produkter,115.0,kcal
315,Grönsaksbiff rotfruktsbiff stekt veg.,Disackarider,Grönsaks- rotfrukts- baljväxträtter o produkter,2.0,g
315,Grönsaksbiff rotfruktsbiff stekt veg.,"Kalcium, Ca",Grönsaks- rotfrukts- baljväxträtter o produkter,92.0,mg
315,Grönsaksbiff rotfruktsbiff stekt veg.,Fettsyra 4:0-10:0,Grönsaks- rotfrukts- baljväxträtter o produkter,0.2,g
315,Grönsaksbiff rotfruktsbiff stekt veg.,DHA (C22:6),Grönsaks- rotfrukts- baljväxträtter o produkter,0.0,g
315,Grönsaksbiff rotfruktsbiff stekt veg.,DPA (C22:5),Grönsaks- rotfrukts- baljväxträtter o produkter,0.0,g
315,Grönsaksbiff rotfruktsbiff stekt veg.,EPA (C20:5),Grönsaks- rotfrukts- baljväxträtter o produkter,0.0,g
315,Grönsaksbiff rotfruktsbiff stekt veg.,Arakidonsyra C20:4,Grönsaks- rotfrukts- baljväxträtter o produkter,0.0,g
315,Grönsaksbiff rotfruktsbiff stekt veg.,Arakidinsyra C20:0,Grönsaks- rotfrukts- baljväxträtter o produkter,0.0,g
315,Grönsaksbiff rotfruktsbiff stekt veg.,Linolensyra C18:3,Grönsaks- rotfrukts- baljväxträtter o produkter,0.2,g
315,Grönsaksbiff rotfruktsbiff stekt veg.,Linolsyra C18:2,Grönsaks- rotfrukts- baljväxträtter o produkter,1.0,g
315,Grönsaksbiff rotfruktsbiff stekt veg.,Oljesyra C18:1,Grönsaks- rotfrukts- baljväxträtter o produkter,2.9,g
315,Grönsaksbiff rotfruktsbiff stekt veg.,Stearinsyra C18:0,Grönsaks- rotfrukts- baljväxträtter o produkter,0.5,g
315,Grönsaksbiff rotfruktsbiff stekt veg.,Palmitoljesyra C16:1,Grönsaks- rotfrukts- baljväxträtter o produkter,0.1,g
315,Grönsaksbiff rotfruktsbiff stekt veg.,Palmitinsyra C16:0,Grönsaks- rotfrukts- baljväxträtter o produkter,1.3,g
315,Grönsaksbiff rotfruktsbiff stekt veg.,Myristinsyra C14:0,Grönsaks- rotfrukts- baljväxträtter o produkter,0.2,g
315,Grönsaksbiff rotfruktsbiff stekt veg.,Laurinsyra C12:0,Grönsaks- rotfrukts- baljväxträtter o produkter,0.1,g
315,Grönsaksbiff rotfruktsbiff stekt veg.,Betakaroten/β-Karoten,Grönsaks- rotfrukts- baljväxträtter o produkter,1846.0,µg
315,Grönsaksbiff rotfruktsbiff stekt veg.,Avfall (skal etc.),Grönsaks- rotfrukts- baljväxträtter o produkter,13.0,%
315,Grönsaksbiff rotfruktsbiff stekt veg.,Aska,Grönsaks- rotfrukts- baljväxträtter o produkter,2.0,g
315,Grönsaksbiff rotfruktsbiff stekt veg.,Alkohol,Grönsaks- rotfrukts- baljväxträtter o produkter,0.0,g
316,Rödbeta kokt u. salt,"Zink, Zn",Rotfrukter,0.4,mg
316,Rödbeta kokt u. salt,Vitamin E,Rotfrukter,0.0,mg
316,Rödbeta kokt u. salt,Vitamin D inkl 25-OH-D3,Rotfrukter,0.0,µg
316,Rödbeta kokt u. salt,Vitamin D,Rotfrukter,0.0,µg
316,Rödbeta kokt u. salt,Vitamin C,Rotfrukter,1.8,mg
316,Rödbeta kokt u. salt,Vitamin B6,Rotfrukter,0.03,mg
316,Rödbeta kokt u. salt,Vitamin B12,Rotfrukter,0.0,µg
316,Rödbeta kokt u. salt,Vitamin A,Rotfrukter,0.0,RE/µg
316,Rödbeta kokt u. salt,Vatten,Rotfrukter,85.6,g
316,Rödbeta kokt u. salt,Tiamin,Rotfrukter,0.0,mg
316,Rödbeta kokt u. salt,Tillsatt socker,Rotfrukter,0.0,g
316,Rödbeta kokt u. salt,Fritt socker,Rotfrukter,0.0,g
316,Rödbeta kokt u. salt,"Selen, Se",Rotfrukter,0.0,µg
316,Rödbeta kokt u. salt,Sackaros,Rotfrukter,9.4,g
316,Rödbeta kokt u. salt,Riboflavin,Rotfrukter,0.01,mg
316,Rödbeta kokt u. salt,Retinol,Rotfrukter,0.0,µg
316,Rödbeta kokt u. salt,Protein,Rotfrukter,1.2,g
316,Rödbeta kokt u. salt,Summa fleromättade fettsyror,Rotfrukter,0.0,g
316,Rödbeta kokt u. salt,"Fosfor, P",Rotfrukter,28.0,mg
316,Rödbeta kokt u. salt,Niacinekvivalenter,Rotfrukter,0.4,NE/mg
316,Rödbeta kokt u. salt,Niacin,Rotfrukter,0.18,mg
316,Rödbeta kokt u. salt,"Salt, NaCl",Rotfrukter,0.0,g
316,Rödbeta kokt u. salt,"Natrium, Na",Rotfrukter,20.0,mg
316,Rödbeta kokt u. salt,Monosackarider,Rotfrukter,0.0,g
316,Rödbeta kokt u. salt,"Sockerarter, totalt",Rotfrukter,9.4,g
316,Rödbeta kokt u. salt,Summa enkelomättade fettsyror,Rotfrukter,0.0,g
316,Rödbeta kokt u. salt,"Magnesium, Mg",Rotfrukter,14.0,mg
316,Rödbeta kokt u. salt,Summa mättade fettsyror,Rotfrukter,0.0,g
316,Rödbeta kokt u. salt,"Kolhydrater, tillgängliga",Rotfrukter,9.8,g
316,Rödbeta kokt u. salt,Kolesterol,Rotfrukter,0.0,mg
316,Rödbeta kokt u. salt,"Kalium, K",Rotfrukter,196.0,mg
316,Rödbeta kokt u. salt,"Jod, I",Rotfrukter,0.5,µg
316,Rödbeta kokt u. salt,Fullkorn totalt,Rotfrukter,0.0,g
316,Rödbeta kokt u. salt,"Folat, totalt",Rotfrukter,41.6,µg
316,Rödbeta kokt u. salt,Fibrer,Rotfrukter,2.6,g
316,Rödbeta kokt u. salt,"Fett, totalt",Rotfrukter,0.1,g
316,Rödbeta kokt u. salt,"Järn, Fe",Rotfrukter,0.3,mg
316,Rödbeta kokt u. salt,Energi (kJ),Rotfrukter,212.0,kJ
316,Rödbeta kokt u. salt,Energi (kcal),Rotfrukter,51.0,kcal
316,Rödbeta kokt u. salt,Disackarider,Rotfrukter,9.4,g
316,Rödbeta kokt u. salt,"Kalcium, Ca",Rotfrukter,22.0,mg
316,Rödbeta kokt u. salt,Fettsyra 4:0-10:0,Rotfrukter,0.0,g
316,Rödbeta kokt u. salt,DHA (C22:6),Rotfrukter,0.0,g
316,Rödbeta kokt u. salt,DPA (C22:5),Rotfrukter,0.0,g
316,Rödbeta kokt u. salt,EPA (C20:5),Rotfrukter,0.0,g
316,Rödbeta kokt u. salt,Arakidonsyra C20:4,Rotfrukter,0.0,g
316,Rödbeta kokt u. salt,Arakidinsyra C20:0,Rotfrukter,0.0,g
316,Rödbeta kokt u. salt,Linolensyra C18:3,Rotfrukter,0.0,g
316,Rödbeta kokt u. salt,Linolsyra C18:2,Rotfrukter,0.0,g
316,Rödbeta kokt u. salt,Oljesyra C18:1,Rotfrukter,0.0,g
316,Rödbeta kokt u. salt,Stearinsyra C18:0,Rotfrukter,0.0,g
316,Rödbeta kokt u. salt,Palmitoljesyra C16:1,Rotfrukter,0.0,g
316,Rödbeta kokt u. salt,Palmitinsyra C16:0,Rotfrukter,0.0,g
316,Rödbeta kokt u. salt,Myristinsyra C14:0,Rotfrukter,0.0,g
316,Rödbeta kokt u. salt,Laurinsyra C12:0,Rotfrukter,0.0,g
316,Rödbeta kokt u. salt,Betakaroten/β-Karoten,Rotfrukter,0.0,µg
316,Rödbeta kokt u. salt,Avfall (skal etc.),Rotfrukter,17.0,%
316,Rödbeta kokt u. salt,Aska,Rotfrukter,0.7,g
316,Rödbeta kokt u. salt,Alkohol,Rotfrukter,0.0,g
317,Borsjtj rödbetssoppa,"Zink, Zn",Soppa mat,0.1,mg
317,Borsjtj rödbetssoppa,Vitamin E,Soppa mat,0.3,mg
317,Borsjtj rödbetssoppa,Vitamin D,Soppa mat,0.04,µg
317,Borsjtj rödbetssoppa,Vitamin C,Soppa mat,3.6,mg
317,Borsjtj rödbetssoppa,Vitamin B6,Soppa mat,0.04,mg
317,Borsjtj rödbetssoppa,Vitamin B12,Soppa mat,0.02,µg
317,Borsjtj rödbetssoppa,Vitamin A,Soppa mat,58.7,RE/µg
317,Borsjtj rödbetssoppa,Vatten,Soppa mat,92.1,g
317,Borsjtj rödbetssoppa,Tiamin,Soppa mat,0.01,mg
317,Borsjtj rödbetssoppa,Tillsatt socker,Soppa mat,0.0,g
317,Borsjtj rödbetssoppa,Fritt socker,Soppa mat,0.0,g
317,Borsjtj rödbetssoppa,"Selen, Se",Soppa mat,0.0,µg
317,Borsjtj rödbetssoppa,Sackaros,Soppa mat,2.4,g
317,Borsjtj rödbetssoppa,Riboflavin,Soppa mat,0.0,mg
317,Borsjtj rödbetssoppa,Retinol,Soppa mat,1.4,µg
317,Borsjtj rödbetssoppa,Protein,Soppa mat,0.7,g
317,Borsjtj rödbetssoppa,Summa fleromättade fettsyror,Soppa mat,0.3,g
317,Borsjtj rödbetssoppa,"Fosfor, P",Soppa mat,15.0,mg
317,Borsjtj rödbetssoppa,Niacinekvivalenter,Soppa mat,0.28,NE/mg
317,Borsjtj rödbetssoppa,Niacin,Soppa mat,0.16,mg
317,Borsjtj rödbetssoppa,"Salt, NaCl",Soppa mat,0.7,g
317,Borsjtj rödbetssoppa,"Natrium, Na",Soppa mat,303.0,mg
317,Borsjtj rödbetssoppa,Monosackarider,Soppa mat,1.1,g
317,Borsjtj rödbetssoppa,"Sockerarter, totalt",Soppa mat,3.5,g
317,Borsjtj rödbetssoppa,Summa enkelomättade fettsyror,Soppa mat,0.5,g
317,Borsjtj rödbetssoppa,"Magnesium, Mg",Soppa mat,7.0,mg
317,Borsjtj rödbetssoppa,Summa mättade fettsyror,Soppa mat,0.1,g
317,Borsjtj rödbetssoppa,"Kolhydrater, tillgängliga",Soppa mat,4.0,g
317,Borsjtj rödbetssoppa,Kolesterol,Soppa mat,0.0,mg
317,Borsjtj rödbetssoppa,"Kalium, K",Soppa mat,89.0,mg
317,Borsjtj rödbetssoppa,"Jod, I",Soppa mat,8.9,µg
317,Borsjtj rödbetssoppa,Fullkorn totalt,Soppa mat,0.0,g
317,Borsjtj rödbetssoppa,"Folat, totalt",Soppa mat,12.9,µg
317,Borsjtj rödbetssoppa,Fibrer,Soppa mat,1.1,g
317,Borsjtj rödbetssoppa,"Fett, totalt",Soppa mat,1.0,g
317,Borsjtj rödbetssoppa,"Järn, Fe",Soppa mat,0.1,mg
317,Borsjtj rödbetssoppa,Energi (kJ),Soppa mat,126.0,kJ
317,Borsjtj rödbetssoppa,Energi (kcal),Soppa mat,30.0,kcal
317,Borsjtj rödbetssoppa,Disackarider,Soppa mat,2.4,g
317,Borsjtj rödbetssoppa,"Kalcium, Ca",Soppa mat,16.0,mg
317,Borsjtj rödbetssoppa,Fettsyra 4:0-10:0,Soppa mat,0.0,g
317,Borsjtj rödbetssoppa,DHA (C22:6),Soppa mat,0.0,g
317,Borsjtj rödbetssoppa,DPA (C22:5),Soppa mat,0.0,g
317,Borsjtj rödbetssoppa,EPA (C20:5),Soppa mat,0.0,g
317,Borsjtj rödbetssoppa,Arakidonsyra C20:4,Soppa mat,0.0,g
317,Borsjtj rödbetssoppa,Arakidinsyra C20:0,Soppa mat,0.0,g
317,Borsjtj rödbetssoppa,Linolensyra C18:3,Soppa mat,0.1,g
317,Borsjtj rödbetssoppa,Linolsyra C18:2,Soppa mat,0.2,g
317,Borsjtj rödbetssoppa,Oljesyra C18:1,Soppa mat,0.5,g
317,Borsjtj rödbetssoppa,Stearinsyra C18:0,Soppa mat,0.0,g
317,Borsjtj rödbetssoppa,Palmitoljesyra C16:1,Soppa mat,0.0,g
317,Borsjtj rödbetssoppa,Palmitinsyra C16:0,Soppa mat,0.1,g
317,Borsjtj rödbetssoppa,Myristinsyra C14:0,Soppa mat,0.0,g
317,Borsjtj rödbetssoppa,Laurinsyra C12:0,Soppa mat,0.0,g
317,Borsjtj rödbetssoppa,Betakaroten/β-Karoten,Soppa mat,569.0,µg
317,Borsjtj rödbetssoppa,Avfall (skal etc.),Soppa mat,5.0,%
317,Borsjtj rödbetssoppa,Aska,Soppa mat,1.1,g
317,Borsjtj rödbetssoppa,Alkohol,Soppa mat,0.0,g
319,Rödbeta inlagd u. lag,"Zink, Zn",Rotfrukter,0.3,mg
319,Rödbeta inlagd u. lag,Vitamin E,Rotfrukter,0.0,mg
319,Rödbeta inlagd u. lag,Vitamin D inkl 25-OH-D3,Rotfrukter,0.0,µg
319,Rödbeta inlagd u. lag,Vitamin D,Rotfrukter,0.0,µg
319,Rödbeta inlagd u. lag,Vitamin C,Rotfrukter,2.6,mg
319,Rödbeta inlagd u. lag,Vitamin B6,Rotfrukter,0.04,mg
319,Rödbeta inlagd u. lag,Vitamin B12,Rotfrukter,0.0,µg
319,Rödbeta inlagd u. lag,Vitamin A,Rotfrukter,0.0,RE/µg
319,Rödbeta inlagd u. lag,Vatten,Rotfrukter,84.1,g
319,Rödbeta inlagd u. lag,Tiamin,Rotfrukter,0.0,mg
319,Rödbeta inlagd u. lag,Tillsatt socker,Rotfrukter,10.0,g
319,Rödbeta inlagd u. lag,Fritt socker,Rotfrukter,10.0,g
319,Rödbeta inlagd u. lag,"Selen, Se",Rotfrukter,0.0,µg
319,Rödbeta inlagd u. lag,Sackaros,Rotfrukter,7.8,g
319,Rödbeta inlagd u. lag,Riboflavin,Rotfrukter,0.0,mg
319,Rödbeta inlagd u. lag,Retinol,Rotfrukter,0.0,µg
319,Rödbeta inlagd u. lag,Protein,Rotfrukter,1.3,g
319,Rödbeta inlagd u. lag,Summa fleromättade fettsyror,Rotfrukter,0.0,g
319,Rödbeta inlagd u. lag,"Fosfor, P",Rotfrukter,17.0,mg
319,Rödbeta inlagd u. lag,Niacinekvivalenter,Rotfrukter,0.4,NE/mg
319,Rödbeta inlagd u. lag,Niacin,Rotfrukter,0.08,mg
319,Rödbeta inlagd u. lag,"Salt, NaCl",Rotfrukter,0.4,g
319,Rödbeta inlagd u. lag,"Natrium, Na",Rotfrukter,170.0,mg
319,Rödbeta inlagd u. lag,Monosackarider,Rotfrukter,4.6,g
319,Rödbeta inlagd u. lag,"Sockerarter, totalt",Rotfrukter,12.4,g
319,Rödbeta inlagd u. lag,Summa enkelomättade fettsyror,Rotfrukter,0.0,g
319,Rödbeta inlagd u. lag,"Magnesium, Mg",Rotfrukter,9.0,mg
319,Rödbeta inlagd u. lag,Summa mättade fettsyror,Rotfrukter,0.0,g
319,Rödbeta inlagd u. lag,"Kolhydrater, tillgängliga",Rotfrukter,12.0,g
319,Rödbeta inlagd u. lag,Kolesterol,Rotfrukter,0.0,mg
319,Rödbeta inlagd u. lag,"Kalium, K",Rotfrukter,180.0,mg
319,Rödbeta inlagd u. lag,"Jod, I",Rotfrukter,0.5,µg
319,Rödbeta inlagd u. lag,Fullkorn totalt,Rotfrukter,0.0,g
319,Rödbeta inlagd u. lag,"Folat, totalt",Rotfrukter,22.3,µg
319,Rödbeta inlagd u. lag,Fibrer,Rotfrukter,1.7,g
319,Rödbeta inlagd u. lag,"Fett, totalt",Rotfrukter,0.1,g
319,Rödbeta inlagd u. lag,"Järn, Fe",Rotfrukter,0.3,mg
319,Rödbeta inlagd u. lag,Energi (kJ),Rotfrukter,243.0,kJ
319,Rödbeta inlagd u. lag,Energi (kcal),Rotfrukter,58.0,kcal
319,Rödbeta inlagd u. lag,Disackarider,Rotfrukter,7.8,g
319,Rödbeta inlagd u. lag,"Kalcium, Ca",Rotfrukter,17.0,mg
319,Rödbeta inlagd u. lag,Fettsyra 4:0-10:0,Rotfrukter,0.0,g
319,Rödbeta inlagd u. lag,DHA (C22:6),Rotfrukter,0.0,g
319,Rödbeta inlagd u. lag,DPA (C22:5),Rotfrukter,0.0,g
319,Rödbeta inlagd u. lag,EPA (C20:5),Rotfrukter,0.0,g
319,Rödbeta inlagd u. lag,Arakidonsyra C20:4,Rotfrukter,0.0,g
319,Rödbeta inlagd u. lag,Arakidinsyra C20:0,Rotfrukter,0.0,g
319,Rödbeta inlagd u. lag,Linolensyra C18:3,Rotfrukter,0.0,g
319,Rödbeta inlagd u. lag,Linolsyra C18:2,Rotfrukter,0.0,g
319,Rödbeta inlagd u. lag,Oljesyra C18:1,Rotfrukter,0.0,g
319,Rödbeta inlagd u. lag,Stearinsyra C18:0,Rotfrukter,0.0,g
319,Rödbeta inlagd u. lag,Palmitoljesyra C16:1,Rotfrukter,0.0,g
319,Rödbeta inlagd u. lag,Palmitinsyra C16:0,Rotfrukter,0.0,g
319,Rödbeta inlagd u. lag,Myristinsyra C14:0,Rotfrukter,0.0,g
319,Rödbeta inlagd u. lag,Laurinsyra C12:0,Rotfrukter,0.0,g
319,Rödbeta inlagd u. lag,Betakaroten/β-Karoten,Rotfrukter,0.0,µg
319,Rödbeta inlagd u. lag,Avfall (skal etc.),Rotfrukter,0.0,%
319,Rödbeta inlagd u. lag,Aska,Rotfrukter,0.8,g
319,Rödbeta inlagd u. lag,Alkohol,Rotfrukter,0.0,g
320,Avokado,"Zink, Zn",Grönsaker,0.4,mg
320,Avokado,Vitamin E,Grönsaker,3.4,mg
320,Avokado,Vitamin D inkl 25-OH-D3,Grönsaker,0.0,µg
320,Avokado,Vitamin D,Grönsaker,0.0,µg
320,Avokado,Vitamin C,Grönsaker,3.3,mg
320,Avokado,Vitamin B6,Grönsaker,0.37,mg
320,Avokado,Vitamin B12,Grönsaker,0.0,µg
320,Avokado,Vitamin A,Grönsaker,6.2,RE/µg
320,Avokado,Vatten,Grönsaker,70.0,g
320,Avokado,Tiamin,Grönsaker,0.07,mg
320,Avokado,Tillsatt socker,Grönsaker,0.0,g
320,Avokado,Fritt socker,Grönsaker,0.0,g
320,Avokado,"Selen, Se",Grönsaker,0.0,µg
320,Avokado,Sackaros,Grönsaker,0.2,g
320,Avokado,Riboflavin,Grönsaker,0.1,mg
320,Avokado,Retinol,Grönsaker,0.0,µg
320,Avokado,Protein,Grönsaker,1.9,g
320,Avokado,Summa fleromättade fettsyror,Grönsaker,2.6,g
320,Avokado,"Fosfor, P",Grönsaker,67.0,mg
320,Avokado,Niacinekvivalenter,Grönsaker,2.1,NE/mg
320,Avokado,Niacin,Grönsaker,1.79,mg
320,Avokado,"Salt, NaCl",Grönsaker,0.0,g
320,Avokado,"Natrium, Na",Grönsaker,5.0,mg
320,Avokado,Monosackarider,Grönsaker,0.2,g
320,Avokado,"Sockerarter, totalt",Grönsaker,0.5,g
320,Avokado,Summa enkelomättade fettsyror,Grönsaker,12.7,g
320,Avokado,"Magnesium, Mg",Grönsaker,32.0,mg
320,Avokado,Summa mättade fettsyror,Grönsaker,3.4,g
320,Avokado,"Kolhydrater, tillgängliga",Grönsaker,1.7,g
320,Avokado,Kolesterol,Grönsaker,0.0,mg
320,Avokado,"Kalium, K",Grönsaker,600.0,mg
320,Avokado,"Jod, I",Grönsaker,0.6,µg
320,Avokado,Fullkorn totalt,Grönsaker,0.0,g
320,Avokado,"Folat, totalt",Grönsaker,116.0,µg
320,Avokado,Fibrer,Grönsaker,4.8,g
320,Avokado,"Fett, totalt",Grönsaker,19.6,g
320,Avokado,"Järn, Fe",Grönsaker,0.3,mg
320,Avokado,Energi (kJ),Grönsaker,825.0,kJ
320,Avokado,Energi (kcal),Grönsaker,197.0,kcal
320,Avokado,Disackarider,Grönsaker,0.3,g
320,Avokado,"Kalcium, Ca",Grönsaker,14.0,mg
320,Avokado,Fettsyra 4:0-10:0,Grönsaker,0.0,g
320,Avokado,DHA (C22:6),Grönsaker,0.0,g
320,Avokado,DPA (C22:5),Grönsaker,0.0,g
320,Avokado,EPA (C20:5),Grönsaker,0.0,g
320,Avokado,Arakidonsyra C20:4,Grönsaker,0.0,g
320,Avokado,Arakidinsyra C20:0,Grönsaker,0.0,g
320,Avokado,Linolensyra C18:3,Grönsaker,0.2,g
320,Avokado,Linolsyra C18:2,Grönsaker,2.4,g
320,Avokado,Oljesyra C18:1,Grönsaker,11.2,g
320,Avokado,Stearinsyra C18:0,Grönsaker,0.1,g
320,Avokado,Palmitoljesyra C16:1,Grönsaker,1.5,g
320,Avokado,Palmitinsyra C16:0,Grönsaker,3.3,g
320,Avokado,Myristinsyra C14:0,Grönsaker,0.0,g
320,Avokado,Laurinsyra C12:0,Grönsaker,0.0,g
320,Avokado,Betakaroten/β-Karoten,Grönsaker,48.0,µg
320,Avokado,Avfall (skal etc.),Grönsaker,32.0,%
320,Avokado,Aska,Grönsaker,2.0,g
320,Avokado,Alkohol,Grönsaker,0.0,g
321,Stjälkselleri,"Zink, Zn",Grönsaker,0.2,mg
321,Stjälkselleri,Vitamin E,Grönsaker,0.0,mg
321,Stjälkselleri,Vitamin D inkl 25-OH-D3,Grönsaker,0.0,µg
321,Stjälkselleri,Vitamin D,Grönsaker,0.0,µg
321,Stjälkselleri,Vitamin C,Grönsaker,12.3,mg
321,Stjälkselleri,Vitamin B6,Grönsaker,0.06,mg
321,Stjälkselleri,Vitamin B12,Grönsaker,0.0,µg
321,Stjälkselleri,Vitamin A,Grönsaker,38.8,RE/µg
321,Stjälkselleri,Vatten,Grönsaker,92.9,g
321,Stjälkselleri,Tiamin,Grönsaker,0.03,mg
321,Stjälkselleri,Tillsatt socker,Grönsaker,0.0,g
321,Stjälkselleri,Fritt socker,Grönsaker,0.0,g
321,Stjälkselleri,"Selen, Se",Grönsaker,3.6,µg
321,Stjälkselleri,Sackaros,Grönsaker,0.4,g
321,Stjälkselleri,Riboflavin,Grönsaker,0.04,mg
321,Stjälkselleri,Retinol,Grönsaker,0.0,µg
321,Stjälkselleri,Protein,Grönsaker,1.0,g
321,Stjälkselleri,Summa fleromättade fettsyror,Grönsaker,0.1,g
321,Stjälkselleri,"Fosfor, P",Grönsaker,45.0,mg
321,Stjälkselleri,Niacinekvivalenter,Grönsaker,0.6,NE/mg
321,Stjälkselleri,Niacin,Grönsaker,0.48,mg
321,Stjälkselleri,"Salt, NaCl",Grönsaker,0.0,g
321,Stjälkselleri,"Natrium, Na",Grönsaker,11.0,mg
321,Stjälkselleri,Monosackarider,Grönsaker,0.4,g
321,Stjälkselleri,"Sockerarter, totalt",Grönsaker,0.8,g
321,Stjälkselleri,Summa enkelomättade fettsyror,Grönsaker,0.0,g
321,Stjälkselleri,"Magnesium, Mg",Grönsaker,17.0,mg
321,Stjälkselleri,Summa mättade fettsyror,Grönsaker,0.1,g
321,Stjälkselleri,"Kolhydrater, tillgängliga",Grönsaker,2.3,g
321,Stjälkselleri,Kolesterol,Grönsaker,0.0,mg
321,Stjälkselleri,"Kalium, K",Grönsaker,298.0,mg
321,Stjälkselleri,"Jod, I",Grönsaker,1.1,µg
321,Stjälkselleri,Fullkorn totalt,Grönsaker,0.0,g
321,Stjälkselleri,"Folat, totalt",Grönsaker,22.5,µg
321,Stjälkselleri,Fibrer,Grönsaker,2.1,g
321,Stjälkselleri,"Fett, totalt",Grönsaker,0.2,g
321,Stjälkselleri,"Järn, Fe",Grönsaker,1.4,mg
321,Stjälkselleri,Energi (kJ),Grönsaker,81.0,kJ
321,Stjälkselleri,Energi (kcal),Grönsaker,19.0,kcal
321,Stjälkselleri,Disackarider,Grönsaker,0.4,g
321,Stjälkselleri,"Kalcium, Ca",Grönsaker,39.0,mg
321,Stjälkselleri,Fettsyra 4:0-10:0,Grönsaker,0.0,g
321,Stjälkselleri,DHA (C22:6),Grönsaker,0.0,g
321,Stjälkselleri,DPA (C22:5),Grönsaker,0.0,g
321,Stjälkselleri,EPA (C20:5),Grönsaker,0.0,g
321,Stjälkselleri,Arakidonsyra C20:4,Grönsaker,0.0,g
321,Stjälkselleri,Arakidinsyra C20:0,Grönsaker,0.0,g
321,Stjälkselleri,Linolensyra C18:3,Grönsaker,0.0,g
321,Stjälkselleri,Linolsyra C18:2,Grönsaker,0.1,g
321,Stjälkselleri,Oljesyra C18:1,Grönsaker,0.0,g
321,Stjälkselleri,Stearinsyra C18:0,Grönsaker,0.0,g
321,Stjälkselleri,Palmitoljesyra C16:1,Grönsaker,0.0,g
321,Stjälkselleri,Palmitinsyra C16:0,Grönsaker,0.1,g
321,Stjälkselleri,Myristinsyra C14:0,Grönsaker,0.0,g
321,Stjälkselleri,Laurinsyra C12:0,Grönsaker,0.0,g
321,Stjälkselleri,Betakaroten/β-Karoten,Grönsaker,465.0,µg
321,Stjälkselleri,Avfall (skal etc.),Grönsaker,20.0,%
321,Stjälkselleri,Aska,Grönsaker,1.5,g
321,Stjälkselleri,Alkohol,Grönsaker,0.0,g
322,Blomkål,"Zink, Zn",Grönsaker,0.2,mg
322,Blomkål,Vitamin E,Grönsaker,0.1,mg
322,Blomkål,Vitamin D inkl 25-OH-D3,Grönsaker,0.0,µg
322,Blomkål,Vitamin D,Grönsaker,0.0,µg
322,Blomkål,Vitamin C,Grönsaker,79.1,mg
322,Blomkål,Vitamin B6,Grönsaker,0.18,mg
322,Blomkål,Vitamin B12,Grönsaker,0.0,µg
322,Blomkål,Vitamin A,Grönsaker,0.5,RE/µg
322,Blomkål,Vatten,Grönsaker,92.2,g
322,Blomkål,Tiamin,Grönsaker,0.06,mg
322,Blomkål,Tillsatt socker,Grönsaker,0.0,g
322,Blomkål,Fritt socker,Grönsaker,0.0,g
322,Blomkål,"Selen, Se",Grönsaker,0.0,µg
322,Blomkål,Sackaros,Grönsaker,0.6,g
322,Blomkål,Riboflavin,Grönsaker,0.05,mg
322,Blomkål,Retinol,Grönsaker,0.0,µg
322,Blomkål,Protein,Grönsaker,1.9,g
322,Blomkål,Summa fleromättade fettsyror,Grönsaker,0.1,g
322,Blomkål,"Fosfor, P",Grönsaker,43.0,mg
322,Blomkål,Niacinekvivalenter,Grönsaker,0.8,NE/mg
322,Blomkål,Niacin,Grönsaker,0.52,mg
322,Blomkål,"Salt, NaCl",Grönsaker,0.0,g
322,Blomkål,"Natrium, Na",Grönsaker,6.0,mg
322,Blomkål,Monosackarider,Grönsaker,2.1,g
322,Blomkål,"Sockerarter, totalt",Grönsaker,2.7,g
322,Blomkål,Summa enkelomättade fettsyror,Grönsaker,0.0,g
322,Blomkål,"Magnesium, Mg",Grönsaker,11.0,mg
322,Blomkål,Summa mättade fettsyror,Grönsaker,0.0,g
322,Blomkål,"Kolhydrater, tillgängliga",Grönsaker,2.6,g
322,Blomkål,Kolesterol,Grönsaker,0.0,mg
322,Blomkål,"Kalium, K",Grönsaker,340.0,mg
322,Blomkål,"Jod, I",Grönsaker,0.8,µg
322,Blomkål,Fullkorn totalt,Grönsaker,0.0,g
322,Blomkål,"Folat, totalt",Grönsaker,88.4,µg
322,Blomkål,Fibrer,Grönsaker,2.3,g
322,Blomkål,"Fett, totalt",Grönsaker,0.2,g
322,Blomkål,"Järn, Fe",Grönsaker,0.3,mg
322,Blomkål,Energi (kJ),Grönsaker,102.0,kJ
322,Blomkål,Energi (kcal),Grönsaker,24.0,kcal
322,Blomkål,Disackarider,Grönsaker,0.6,g
322,Blomkål,"Kalcium, Ca",Grönsaker,23.0,mg
322,Blomkål,Fettsyra 4:0-10:0,Grönsaker,0.0,g
322,Blomkål,DHA (C22:6),Grönsaker,0.0,g
322,Blomkål,DPA (C22:5),Grönsaker,0.0,g
322,Blomkål,EPA (C20:5),Grönsaker,0.0,g
322,Blomkål,Arakidonsyra C20:4,Grönsaker,0.0,g
322,Blomkål,Arakidinsyra C20:0,Grönsaker,0.0,g
322,Blomkål,Linolensyra C18:3,Grönsaker,0.0,g
322,Blomkål,Linolsyra C18:2,Grönsaker,0.0,g
322,Blomkål,Oljesyra C18:1,Grönsaker,0.0,g
322,Blomkål,Stearinsyra C18:0,Grönsaker,0.0,g
322,Blomkål,Palmitoljesyra C16:1,Grönsaker,0.0,g
322,Blomkål,Palmitinsyra C16:0,Grönsaker,0.0,g
322,Blomkål,Myristinsyra C14:0,Grönsaker,0.0,g
322,Blomkål,Laurinsyra C12:0,Grönsaker,0.0,g
322,Blomkål,Betakaroten/β-Karoten,Grönsaker,6.0,µg
322,Blomkål,Avfall (skal etc.),Grönsaker,33.0,%
322,Blomkål,Aska,Grönsaker,0.8,g
322,Blomkål,Alkohol,Grönsaker,0.0,g
323,Blomkål frysvara,"Zink, Zn",Grönsaker,0.3,mg
323,Blomkål frysvara,Vitamin E,Grönsaker,0.1,mg
323,Blomkål frysvara,Vitamin D inkl 25-OH-D3,Grönsaker,0.0,µg
323,Blomkål frysvara,Vitamin D,Grönsaker,0.0,µg
323,Blomkål frysvara,Vitamin C,Grönsaker,49.0,mg
323,Blomkål frysvara,Vitamin B6,Grönsaker,0.12,mg
323,Blomkål frysvara,Vitamin B12,Grönsaker,0.0,µg
323,Blomkål frysvara,Vitamin A,Grönsaker,1.5,RE/µg
323,Blomkål frysvara,Vatten,Grönsaker,93.0,g
323,Blomkål frysvara,Tiamin,Grönsaker,0.05,mg
323,Blomkål frysvara,Tillsatt socker,Grönsaker,0.0,g
323,Blomkål frysvara,Fritt socker,Grönsaker,0.0,g
323,Blomkål frysvara,"Selen, Se",Grönsaker,0.5,µg
323,Blomkål frysvara,Sackaros,Grönsaker,0.1,g
323,Blomkål frysvara,Riboflavin,Grönsaker,0.07,mg
323,Blomkål frysvara,Retinol,Grönsaker,0.0,µg
323,Blomkål frysvara,Protein,Grönsaker,2.0,g
323,Blomkål frysvara,Summa fleromättade fettsyror,Grönsaker,0.2,g
323,Blomkål frysvara,"Fosfor, P",Grönsaker,34.0,mg
323,Blomkål frysvara,Niacinekvivalenter,Grönsaker,0.73,NE/mg
323,Blomkål frysvara,Niacin,Grönsaker,0.4,mg
323,Blomkål frysvara,"Salt, NaCl",Grönsaker,0.0,g
323,Blomkål frysvara,"Natrium, Na",Grönsaker,9.0,mg
323,Blomkål frysvara,Monosackarider,Grönsaker,2.0,g
323,Blomkål frysvara,"Sockerarter, totalt",Grönsaker,2.1,g
323,Blomkål frysvara,Summa enkelomättade fettsyror,Grönsaker,0.0,g
323,Blomkål frysvara,"Magnesium, Mg",Grönsaker,10.0,mg
323,Blomkål frysvara,Summa mättade fettsyror,Grönsaker,0.1,g
323,Blomkål frysvara,"Kolhydrater, tillgängliga",Grönsaker,2.3,g
323,Blomkål frysvara,Kolesterol,Grönsaker,0.0,mg
323,Blomkål frysvara,"Kalium, K",Grönsaker,220.0,mg
323,Blomkål frysvara,"Jod, I",Grönsaker,0.8,µg
323,Blomkål frysvara,Fullkorn totalt,Grönsaker,0.0,g
323,Blomkål frysvara,"Folat, totalt",Grönsaker,64.0,µg
323,Blomkål frysvara,Fibrer,Grönsaker,1.9,g
323,Blomkål frysvara,"Fett, totalt",Grönsaker,0.3,g
323,Blomkål frysvara,"Järn, Fe",Grönsaker,0.5,mg
323,Blomkål frysvara,Energi (kJ),Grönsaker,99.0,kJ
323,Blomkål frysvara,Energi (kcal),Grönsaker,24.0,kcal
323,Blomkål frysvara,Disackarider,Grönsaker,0.1,g
323,Blomkål frysvara,"Kalcium, Ca",Grönsaker,22.0,mg
323,Blomkål frysvara,Fettsyra 4:0-10:0,Grönsaker,0.0,g
323,Blomkål frysvara,DHA (C22:6),Grönsaker,0.0,g
323,Blomkål frysvara,DPA (C22:5),Grönsaker,0.0,g
323,Blomkål frysvara,EPA (C20:5),Grönsaker,0.0,g
323,Blomkål frysvara,Arakidonsyra C20:4,Grönsaker,0.0,g
323,Blomkål frysvara,Arakidinsyra C20:0,Grönsaker,0.0,g
323,Blomkål frysvara,Linolensyra C18:3,Grönsaker,0.1,g
323,Blomkål frysvara,Linolsyra C18:2,Grönsaker,0.0,g
323,Blomkål frysvara,Oljesyra C18:1,Grönsaker,0.0,g
323,Blomkål frysvara,Stearinsyra C18:0,Grönsaker,0.0,g
323,Blomkål frysvara,Palmitoljesyra C16:1,Grönsaker,0.0,g
323,Blomkål frysvara,Palmitinsyra C16:0,Grönsaker,0.0,g
323,Blomkål frysvara,Myristinsyra C14:0,Grönsaker,0.0,g
323,Blomkål frysvara,Laurinsyra C12:0,Grönsaker,0.0,g
323,Blomkål frysvara,Betakaroten/β-Karoten,Grönsaker,18.0,µg
323,Blomkål frysvara,Avfall (skal etc.),Grönsaker,0.0,%
323,Blomkål frysvara,Aska,Grönsaker,0.5,g
323,Blomkål frysvara,Alkohol,Grönsaker,0.0,g
324,Bondbönor färska kokta u. salt,"Zink, Zn","Baljväxter (bönor, linser och ärter)",1.1,mg
324,Bondbönor färska kokta u. salt,Vitamin E,"Baljväxter (bönor, linser och ärter)",0.0,mg
324,Bondbönor färska kokta u. salt,Vitamin D inkl 25-OH-D3,"Baljväxter (bönor, linser och ärter)",0.0,µg
324,Bondbönor färska kokta u. salt,Vitamin D,"Baljväxter (bönor, linser och ärter)",0.0,µg
324,Bondbönor färska kokta u. salt,Vitamin C,"Baljväxter (bönor, linser och ärter)",2.0,mg
324,Bondbönor färska kokta u. salt,Vitamin B6,"Baljväxter (bönor, linser och ärter)",0.16,mg
324,Bondbönor färska kokta u. salt,Vitamin B12,"Baljväxter (bönor, linser och ärter)",0.0,µg
324,Bondbönor färska kokta u. salt,Vitamin A,"Baljväxter (bönor, linser och ärter)",8.1,RE/µg
324,Bondbönor färska kokta u. salt,Vatten,"Baljväxter (bönor, linser och ärter)",70.2,g
324,Bondbönor färska kokta u. salt,Tiamin,"Baljväxter (bönor, linser och ärter)",0.15,mg
324,Bondbönor färska kokta u. salt,Tillsatt socker,"Baljväxter (bönor, linser och ärter)",0.0,g
324,Bondbönor färska kokta u. salt,Fritt socker,"Baljväxter (bönor, linser och ärter)",0.0,g
324,Bondbönor färska kokta u. salt,"Selen, Se","Baljväxter (bönor, linser och ärter)",0.0,µg
324,Bondbönor färska kokta u. salt,Sackaros,"Baljväxter (bönor, linser och ärter)",1.1,g
324,Bondbönor färska kokta u. salt,Riboflavin,"Baljväxter (bönor, linser och ärter)",0.14,mg
324,Bondbönor färska kokta u. salt,Retinol,"Baljväxter (bönor, linser och ärter)",0.0,µg
324,Bondbönor färska kokta u. salt,Protein,"Baljväxter (bönor, linser och ärter)",9.0,g
324,Bondbönor färska kokta u. salt,Summa fleromättade fettsyror,"Baljväxter (bönor, linser och ärter)",0.4,g
324,Bondbönor färska kokta u. salt,"Fosfor, P","Baljväxter (bönor, linser och ärter)",162.0,mg
324,Bondbönor färska kokta u. salt,Niacinekvivalenter,"Baljväxter (bönor, linser och ärter)",3.2,NE/mg
324,Bondbönor färska kokta u. salt,Niacin,"Baljväxter (bönor, linser och ärter)",1.7,mg
324,Bondbönor färska kokta u. salt,"Salt, NaCl","Baljväxter (bönor, linser och ärter)",0.0,g
324,Bondbönor färska kokta u. salt,"Natrium, Na","Baljväxter (bönor, linser och ärter)",2.0,mg
324,Bondbönor färska kokta u. salt,Monosackarider,"Baljväxter (bönor, linser och ärter)",0.0,g
324,Bondbönor färska kokta u. salt,"Sockerarter, totalt","Baljväxter (bönor, linser och ärter)",1.1,g
324,Bondbönor färska kokta u. salt,Summa enkelomättade fettsyror,"Baljväxter (bönor, linser och ärter)",0.2,g
324,Bondbönor färska kokta u. salt,"Magnesium, Mg","Baljväxter (bönor, linser och ärter)",41.0,mg
324,Bondbönor färska kokta u. salt,Summa mättade fettsyror,"Baljväxter (bönor, linser och ärter)",0.2,g
324,Bondbönor färska kokta u. salt,"Kolhydrater, tillgängliga","Baljväxter (bönor, linser och ärter)",9.7,g
324,Bondbönor färska kokta u. salt,Kolesterol,"Baljväxter (bönor, linser och ärter)",0.0,mg
324,Bondbönor färska kokta u. salt,"Kalium, K","Baljväxter (bönor, linser och ärter)",413.0,mg
324,Bondbönor färska kokta u. salt,"Jod, I","Baljväxter (bönor, linser och ärter)",4.0,µg
324,Bondbönor färska kokta u. salt,Fullkorn totalt,"Baljväxter (bönor, linser och ärter)",0.0,g
324,Bondbönor färska kokta u. salt,"Folat, totalt","Baljväxter (bönor, linser och ärter)",66.0,µg
324,Bondbönor färska kokta u. salt,Fibrer,"Baljväxter (bönor, linser och ärter)",9.0,g
324,Bondbönor färska kokta u. salt,"Fett, totalt","Baljväxter (bönor, linser och ärter)",1.0,g
324,Bondbönor färska kokta u. salt,"Järn, Fe","Baljväxter (bönor, linser och ärter)",1.8,mg
324,Bondbönor färska kokta u. salt,Energi (kJ),"Baljväxter (bönor, linser och ärter)",427.0,kJ
324,Bondbönor färska kokta u. salt,Energi (kcal),"Baljväxter (bönor, linser och ärter)",102.0,kcal
324,Bondbönor färska kokta u. salt,Disackarider,"Baljväxter (bönor, linser och ärter)",1.1,g
324,Bondbönor färska kokta u. salt,"Kalcium, Ca","Baljväxter (bönor, linser och ärter)",35.0,mg
324,Bondbönor färska kokta u. salt,Fettsyra 4:0-10:0,"Baljväxter (bönor, linser och ärter)",0.0,g
324,Bondbönor färska kokta u. salt,DHA (C22:6),"Baljväxter (bönor, linser och ärter)",0.0,g
324,Bondbönor färska kokta u. salt,DPA (C22:5),"Baljväxter (bönor, linser och ärter)",0.0,g
324,Bondbönor färska kokta u. salt,EPA (C20:5),"Baljväxter (bönor, linser och ärter)",0.0,g
324,Bondbönor färska kokta u. salt,Arakidonsyra C20:4,"Baljväxter (bönor, linser och ärter)",0.0,g
324,Bondbönor färska kokta u. salt,Arakidinsyra C20:0,"Baljväxter (bönor, linser och ärter)",0.0,g
324,Bondbönor färska kokta u. salt,Linolensyra C18:3,"Baljväxter (bönor, linser och ärter)",0.0,g
324,Bondbönor färska kokta u. salt,Linolsyra C18:2,"Baljväxter (bönor, linser och ärter)",0.4,g
324,Bondbönor färska kokta u. salt,Oljesyra C18:1,"Baljväxter (bönor, linser och ärter)",0.2,g
324,Bondbönor färska kokta u. salt,Stearinsyra C18:0,"Baljväxter (bönor, linser och ärter)",0.0,g
324,Bondbönor färska kokta u. salt,Palmitoljesyra C16:1,"Baljväxter (bönor, linser och ärter)",0.0,g
324,Bondbönor färska kokta u. salt,Palmitinsyra C16:0,"Baljväxter (bönor, linser och ärter)",0.1,g
324,Bondbönor färska kokta u. salt,Myristinsyra C14:0,"Baljväxter (bönor, linser och ärter)",0.0,g
324,Bondbönor färska kokta u. salt,Laurinsyra C12:0,"Baljväxter (bönor, linser och ärter)",0.0,g
324,Bondbönor färska kokta u. salt,Betakaroten/β-Karoten,"Baljväxter (bönor, linser och ärter)",96.0,µg
324,Bondbönor färska kokta u. salt,Avfall (skal etc.),"Baljväxter (bönor, linser och ärter)",66.0,%
324,Bondbönor färska kokta u. salt,Aska,"Baljväxter (bönor, linser och ärter)",1.1,g
324,Bondbönor färska kokta u. salt,Alkohol,"Baljväxter (bönor, linser och ärter)",0.0,g
325,Broccoli,"Zink, Zn",Grönsaker,0.7,mg
325,Broccoli,Vitamin E,Grönsaker,1.6,mg
325,Broccoli,Vitamin D inkl 25-OH-D3,Grönsaker,0.0,µg
325,Broccoli,Vitamin D,Grönsaker,0.0,µg
325,Broccoli,Vitamin C,Grönsaker,79.0,mg
325,Broccoli,Vitamin B6,Grönsaker,0.13,mg
325,Broccoli,Vitamin B12,Grönsaker,0.0,µg
325,Broccoli,Vitamin A,Grönsaker,48.4,RE/µg
325,Broccoli,Vatten,Grönsaker,88.2,g
325,Broccoli,Tiamin,Grönsaker,0.15,mg
325,Broccoli,Tillsatt socker,Grönsaker,0.0,g
325,Broccoli,Fritt socker,Grönsaker,0.0,g
325,Broccoli,"Selen, Se",Grönsaker,1.0,µg
325,Broccoli,Sackaros,Grönsaker,0.0,g
325,Broccoli,Riboflavin,Grönsaker,0.12,mg
325,Broccoli,Retinol,Grönsaker,0.0,µg
325,Broccoli,Protein,Grönsaker,4.3,g
325,Broccoli,Summa fleromättade fettsyror,Grönsaker,0.3,g
325,Broccoli,"Fosfor, P",Grönsaker,81.0,mg
325,Broccoli,Niacinekvivalenter,Grönsaker,1.5,NE/mg
325,Broccoli,Niacin,Grönsaker,0.8,mg
325,Broccoli,"Salt, NaCl",Grönsaker,0.0,g
325,Broccoli,"Natrium, Na",Grönsaker,9.0,mg
325,Broccoli,Monosackarider,Grönsaker,1.9,g
325,Broccoli,"Sockerarter, totalt",Grönsaker,1.9,g
325,Broccoli,Summa enkelomättade fettsyror,Grönsaker,0.1,g
325,Broccoli,"Magnesium, Mg",Grönsaker,22.0,mg
325,Broccoli,Summa mättade fettsyror,Grönsaker,0.2,g
325,Broccoli,"Kolhydrater, tillgängliga",Grönsaker,2.3,g
325,Broccoli,Kolesterol,Grönsaker,0.0,mg
325,Broccoli,"Kalium, K",Grönsaker,397.0,mg
325,Broccoli,"Jod, I",Grönsaker,2.0,µg
325,Broccoli,Fullkorn totalt,Grönsaker,0.0,g
325,Broccoli,"Folat, totalt",Grönsaker,95.0,µg
325,Broccoli,Fibrer,Grönsaker,4.0,g
325,Broccoli,"Fett, totalt",Grönsaker,0.6,g
325,Broccoli,"Järn, Fe",Grönsaker,1.1,mg
325,Broccoli,Energi (kJ),Grönsaker,167.0,kJ
325,Broccoli,Energi (kcal),Grönsaker,40.0,kcal
325,Broccoli,Disackarider,Grönsaker,0.0,g
325,Broccoli,"Kalcium, Ca",Grönsaker,48.0,mg
325,Broccoli,Fettsyra 4:0-10:0,Grönsaker,0.0,g
325,Broccoli,DHA (C22:6),Grönsaker,0.0,g
325,Broccoli,DPA (C22:5),Grönsaker,0.0,g
325,Broccoli,EPA (C20:5),Grönsaker,0.0,g
325,Broccoli,Arakidonsyra C20:4,Grönsaker,0.0,g
325,Broccoli,Arakidinsyra C20:0,Grönsaker,0.0,g
325,Broccoli,Linolensyra C18:3,Grönsaker,0.2,g
325,Broccoli,Linolsyra C18:2,Grönsaker,0.1,g
325,Broccoli,Oljesyra C18:1,Grönsaker,0.1,g
325,Broccoli,Stearinsyra C18:0,Grönsaker,0.0,g
325,Broccoli,Palmitoljesyra C16:1,Grönsaker,0.0,g
325,Broccoli,Palmitinsyra C16:0,Grönsaker,0.1,g
325,Broccoli,Myristinsyra C14:0,Grönsaker,0.0,g
325,Broccoli,Laurinsyra C12:0,Grönsaker,0.0,g
325,Broccoli,Betakaroten/β-Karoten,Grönsaker,578.0,µg
325,Broccoli,Avfall (skal etc.),Grönsaker,39.0,%
325,Broccoli,Aska,Grönsaker,0.6,g
325,Broccoli,Alkohol,Grönsaker,0.0,g
326,Broccoli frysvara,"Zink, Zn",Grönsaker,0.3,mg
326,Broccoli frysvara,Vitamin E,Grönsaker,1.3,mg
326,Broccoli frysvara,Vitamin D inkl 25-OH-D3,Grönsaker,0.0,µg
326,Broccoli frysvara,Vitamin D,Grönsaker,0.0,µg
326,Broccoli frysvara,Vitamin C,Grönsaker,53.8,mg
326,Broccoli frysvara,Vitamin B6,Grönsaker,0.12,mg
326,Broccoli frysvara,Vitamin B12,Grönsaker,0.0,µg
326,Broccoli frysvara,Vitamin A,Grönsaker,39.5,RE/µg
326,Broccoli frysvara,Vatten,Grönsaker,92.7,g
326,Broccoli frysvara,Tiamin,Grönsaker,0.05,mg
326,Broccoli frysvara,Tillsatt socker,Grönsaker,0.0,g
326,Broccoli frysvara,Fritt socker,Grönsaker,0.0,g
326,Broccoli frysvara,"Selen, Se",Grönsaker,0.0,µg
326,Broccoli frysvara,Sackaros,Grönsaker,0.2,g
326,Broccoli frysvara,Riboflavin,Grönsaker,0.03,mg
326,Broccoli frysvara,Retinol,Grönsaker,0.0,µg
326,Broccoli frysvara,Protein,Grönsaker,2.4,g
326,Broccoli frysvara,Summa fleromättade fettsyror,Grönsaker,0.1,g
326,Broccoli frysvara,"Fosfor, P",Grönsaker,51.0,mg
326,Broccoli frysvara,Niacinekvivalenter,Grönsaker,0.8,NE/mg
326,Broccoli frysvara,Niacin,Grönsaker,0.37,mg
326,Broccoli frysvara,"Salt, NaCl",Grönsaker,0.0,g
326,Broccoli frysvara,"Natrium, Na",Grönsaker,16.0,mg
326,Broccoli frysvara,Monosackarider,Grönsaker,1.4,g
326,Broccoli frysvara,"Sockerarter, totalt",Grönsaker,1.6,g
326,Broccoli frysvara,Summa enkelomättade fettsyror,Grönsaker,0.0,g
326,Broccoli frysvara,"Magnesium, Mg",Grönsaker,18.0,mg
326,Broccoli frysvara,Summa mättade fettsyror,Grönsaker,0.0,g
326,Broccoli frysvara,"Kolhydrater, tillgängliga",Grönsaker,1.8,g
326,Broccoli frysvara,Kolesterol,Grönsaker,0.0,mg
326,Broccoli frysvara,"Kalium, K",Grönsaker,190.0,mg
326,Broccoli frysvara,"Jod, I",Grönsaker,2.0,µg
326,Broccoli frysvara,Fullkorn totalt,Grönsaker,0.0,g
326,Broccoli frysvara,"Folat, totalt",Grönsaker,99.0,µg
326,Broccoli frysvara,Fibrer,Grönsaker,2.3,g
326,Broccoli frysvara,"Fett, totalt",Grönsaker,0.3,g
326,Broccoli frysvara,"Järn, Fe",Grönsaker,0.5,mg
326,Broccoli frysvara,Energi (kJ),Grönsaker,100.0,kJ
326,Broccoli frysvara,Energi (kcal),Grönsaker,24.0,kcal
326,Broccoli frysvara,Disackarider,Grönsaker,0.2,g
326,Broccoli frysvara,"Kalcium, Ca",Grönsaker,31.0,mg
326,Broccoli frysvara,Fettsyra 4:0-10:0,Grönsaker,0.0,g
326,Broccoli frysvara,DHA (C22:6),Grönsaker,0.0,g
326,Broccoli frysvara,DPA (C22:5),Grönsaker,0.0,g
326,Broccoli frysvara,EPA (C20:5),Grönsaker,0.0,g
326,Broccoli frysvara,Arakidonsyra C20:4,Grönsaker,0.0,g
326,Broccoli frysvara,Arakidinsyra C20:0,Grönsaker,0.0,g
326,Broccoli frysvara,Linolensyra C18:3,Grönsaker,0.1,g
326,Broccoli frysvara,Linolsyra C18:2,Grönsaker,0.0,g
326,Broccoli frysvara,Oljesyra C18:1,Grönsaker,0.0,g
326,Broccoli frysvara,Stearinsyra C18:0,Grönsaker,0.0,g
326,Broccoli frysvara,Palmitoljesyra C16:1,Grönsaker,0.0,g
326,Broccoli frysvara,Palmitinsyra C16:0,Grönsaker,0.0,g
326,Broccoli frysvara,Myristinsyra C14:0,Grönsaker,0.0,g
326,Broccoli frysvara,Laurinsyra C12:0,Grönsaker,0.0,g
326,Broccoli frysvara,Betakaroten/β-Karoten,Grönsaker,469.0,µg
326,Broccoli frysvara,Avfall (skal etc.),Grönsaker,0.0,%
326,Broccoli frysvara,Aska,Grönsaker,0.6,g
326,Broccoli frysvara,Alkohol,Grönsaker,0.0,g
327,Brysselkål,"Zink, Zn",Grönsaker,0.5,mg
327,Brysselkål,Vitamin E,Grönsaker,0.9,mg
327,Brysselkål,Vitamin D inkl 25-OH-D3,Grönsaker,0.0,µg
327,Brysselkål,Vitamin D,Grönsaker,0.0,µg
327,Brysselkål,Vitamin C,Grönsaker,85.0,mg
327,Brysselkål,Vitamin B6,Grönsaker,0.22,mg
327,Brysselkål,Vitamin B12,Grönsaker,0.0,µg
327,Brysselkål,Vitamin A,Grönsaker,35.8,RE/µg
327,Brysselkål,Vatten,Grönsaker,86.0,g
327,Brysselkål,Tiamin,Grönsaker,0.14,mg
327,Brysselkål,Tillsatt socker,Grönsaker,0.0,g
327,Brysselkål,Fritt socker,Grönsaker,0.0,g
327,Brysselkål,"Selen, Se",Grönsaker,1.0,µg
327,Brysselkål,Sackaros,Grönsaker,0.6,g
327,Brysselkål,Riboflavin,Grönsaker,0.09,mg
327,Brysselkål,Retinol,Grönsaker,0.0,µg
327,Brysselkål,Protein,Grönsaker,3.4,g
327,Brysselkål,Summa fleromättade fettsyror,Grönsaker,0.2,g
327,Brysselkål,"Fosfor, P",Grönsaker,69.0,mg
327,Brysselkål,Niacinekvivalenter,Grönsaker,1.27,NE/mg
327,Brysselkål,Niacin,Grönsaker,0.7,mg
327,Brysselkål,"Salt, NaCl",Grönsaker,0.0,g
327,Brysselkål,"Natrium, Na",Grönsaker,7.0,mg
327,Brysselkål,Monosackarider,Grönsaker,2.0,g
327,Brysselkål,"Sockerarter, totalt",Grönsaker,2.6,g
327,Brysselkål,Summa enkelomättade fettsyror,Grönsaker,0.0,g
327,Brysselkål,"Magnesium, Mg",Grönsaker,23.0,mg
327,Brysselkål,Summa mättade fettsyror,Grönsaker,0.0,g
327,Brysselkål,"Kolhydrater, tillgängliga",Grönsaker,4.7,g
327,Brysselkål,Kolesterol,Grönsaker,0.0,mg
327,Brysselkål,"Kalium, K",Grönsaker,390.0,mg
327,Brysselkål,"Jod, I",Grönsaker,0.3,µg
327,Brysselkål,Fullkorn totalt,Grönsaker,0.0,g
327,Brysselkål,"Folat, totalt",Grönsaker,159.0,µg
327,Brysselkål,Fibrer,Grönsaker,4.2,g
327,Brysselkål,"Fett, totalt",Grönsaker,0.3,g
327,Brysselkål,"Järn, Fe",Grönsaker,1.4,mg
327,Brysselkål,Energi (kJ),Grönsaker,182.0,kJ
327,Brysselkål,Energi (kcal),Grönsaker,44.0,kcal
327,Brysselkål,Disackarider,Grönsaker,0.6,g
327,Brysselkål,"Kalcium, Ca",Grönsaker,42.0,mg
327,Brysselkål,Fettsyra 4:0-10:0,Grönsaker,0.0,g
327,Brysselkål,DHA (C22:6),Grönsaker,0.0,g
327,Brysselkål,DPA (C22:5),Grönsaker,0.0,g
327,Brysselkål,EPA (C20:5),Grönsaker,0.0,g
327,Brysselkål,Arakidonsyra C20:4,Grönsaker,0.0,g
327,Brysselkål,Arakidinsyra C20:0,Grönsaker,0.0,g
327,Brysselkål,Linolensyra C18:3,Grönsaker,0.1,g
327,Brysselkål,Linolsyra C18:2,Grönsaker,0.0,g
327,Brysselkål,Oljesyra C18:1,Grönsaker,0.0,g
327,Brysselkål,Stearinsyra C18:0,Grönsaker,0.0,g
327,Brysselkål,Palmitoljesyra C16:1,Grönsaker,0.0,g
327,Brysselkål,Palmitinsyra C16:0,Grönsaker,0.0,g
327,Brysselkål,Myristinsyra C14:0,Grönsaker,0.0,g
327,Brysselkål,Laurinsyra C12:0,Grönsaker,0.0,g
327,Brysselkål,Betakaroten/β-Karoten,Grönsaker,430.0,µg
327,Brysselkål,Avfall (skal etc.),Grönsaker,23.0,%
327,Brysselkål,Aska,Grönsaker,1.4,g
327,Brysselkål,Alkohol,Grönsaker,0.0,g
328,Brysselkål frysvara,"Zink, Zn",Grönsaker,0.3,mg
328,Brysselkål frysvara,Vitamin E,Grönsaker,0.3,mg
328,Brysselkål frysvara,Vitamin D inkl 25-OH-D3,Grönsaker,0.0,µg
328,Brysselkål frysvara,Vitamin D,Grönsaker,0.0,µg
328,Brysselkål frysvara,Vitamin C,Grönsaker,74.0,mg
328,Brysselkål frysvara,Vitamin B6,Grönsaker,0.2,mg
328,Brysselkål frysvara,Vitamin B12,Grönsaker,0.0,µg
328,Brysselkål frysvara,Vitamin A,Grönsaker,20.0,RE/µg
328,Brysselkål frysvara,Vatten,Grönsaker,87.0,g
328,Brysselkål frysvara,Tiamin,Grönsaker,0.11,mg
328,Brysselkål frysvara,Tillsatt socker,Grönsaker,0.0,g
328,Brysselkål frysvara,Fritt socker,Grönsaker,0.0,g
328,Brysselkål frysvara,"Selen, Se",Grönsaker,1.0,µg
328,Brysselkål frysvara,Sackaros,Grönsaker,0.5,g
328,Brysselkål frysvara,Riboflavin,Grönsaker,0.12,mg
328,Brysselkål frysvara,Retinol,Grönsaker,0.0,µg
328,Brysselkål frysvara,Protein,Grönsaker,3.8,g
328,Brysselkål frysvara,Summa fleromättade fettsyror,Grönsaker,0.2,g
328,Brysselkål frysvara,"Fosfor, P",Grönsaker,62.0,mg
328,Brysselkål frysvara,Niacinekvivalenter,Grönsaker,1.23,NE/mg
328,Brysselkål frysvara,Niacin,Grönsaker,0.6,mg
328,Brysselkål frysvara,"Salt, NaCl",Grönsaker,0.0,g
328,Brysselkål frysvara,"Natrium, Na",Grönsaker,10.0,mg
328,Brysselkål frysvara,Monosackarider,Grönsaker,1.8,g
328,Brysselkål frysvara,"Sockerarter, totalt",Grönsaker,2.3,g
328,Brysselkål frysvara,Summa enkelomättade fettsyror,Grönsaker,0.0,g
328,Brysselkål frysvara,"Magnesium, Mg",Grönsaker,20.0,mg
328,Brysselkål frysvara,Summa mättade fettsyror,Grönsaker,0.1,g
328,Brysselkål frysvara,"Kolhydrater, tillgängliga",Grönsaker,3.4,g
328,Brysselkål frysvara,Kolesterol,Grönsaker,0.0,mg
328,Brysselkål frysvara,"Kalium, K",Grönsaker,370.0,mg
328,Brysselkål frysvara,"Jod, I",Grönsaker,0.0,µg
328,Brysselkål frysvara,Fullkorn totalt,Grönsaker,0.0,g
328,Brysselkål frysvara,"Folat, totalt",Grönsaker,136.0,µg
328,Brysselkål frysvara,Fibrer,Grönsaker,4.5,g
328,Brysselkål frysvara,"Fett, totalt",Grönsaker,0.4,g
328,Brysselkål frysvara,"Järn, Fe",Grönsaker,0.9,mg
328,Brysselkål frysvara,Energi (kJ),Grönsaker,173.0,kJ
328,Brysselkål frysvara,Energi (kcal),Grönsaker,41.0,kcal
328,Brysselkål frysvara,Disackarider,Grönsaker,0.5,g
328,Brysselkål frysvara,"Kalcium, Ca",Grönsaker,26.0,mg
328,Brysselkål frysvara,Fettsyra 4:0-10:0,Grönsaker,0.0,g
328,Brysselkål frysvara,DHA (C22:6),Grönsaker,0.0,g
328,Brysselkål frysvara,DPA (C22:5),Grönsaker,0.0,g
328,Brysselkål frysvara,EPA (C20:5),Grönsaker,0.0,g
328,Brysselkål frysvara,Arakidonsyra C20:4,Grönsaker,0.0,g
328,Brysselkål frysvara,Arakidinsyra C20:0,Grönsaker,0.0,g
328,Brysselkål frysvara,Linolensyra C18:3,Grönsaker,0.2,g
328,Brysselkål frysvara,Linolsyra C18:2,Grönsaker,0.0,g
328,Brysselkål frysvara,Oljesyra C18:1,Grönsaker,0.0,g
328,Brysselkål frysvara,Stearinsyra C18:0,Grönsaker,0.0,g
328,Brysselkål frysvara,Palmitoljesyra C16:1,Grönsaker,0.0,g
328,Brysselkål frysvara,Palmitinsyra C16:0,Grönsaker,0.0,g
328,Brysselkål frysvara,Myristinsyra C14:0,Grönsaker,0.0,g
328,Brysselkål frysvara,Laurinsyra C12:0,Grönsaker,0.0,g
328,Brysselkål frysvara,Betakaroten/β-Karoten,Grönsaker,240.0,µg
328,Brysselkål frysvara,Avfall (skal etc.),Grönsaker,0.0,%
328,Brysselkål frysvara,Aska,Grönsaker,0.9,g
328,Brysselkål frysvara,Alkohol,Grönsaker,0.0,g
329,Mungbönsgroddar,"Zink, Zn","Baljväxter (bönor, linser och ärter)",0.4,mg
329,Mungbönsgroddar,Vitamin E,"Baljväxter (bönor, linser och ärter)",0.2,mg
329,Mungbönsgroddar,Vitamin D inkl 25-OH-D3,"Baljväxter (bönor, linser och ärter)",0.0,µg
329,Mungbönsgroddar,Vitamin D,"Baljväxter (bönor, linser och ärter)",0.0,µg
329,Mungbönsgroddar,Vitamin C,"Baljväxter (bönor, linser och ärter)",13.0,mg
329,Mungbönsgroddar,Vitamin B6,"Baljväxter (bönor, linser och ärter)",0.09,mg
329,Mungbönsgroddar,Vitamin B12,"Baljväxter (bönor, linser och ärter)",0.0,µg
329,Mungbönsgroddar,Vitamin A,"Baljväxter (bönor, linser och ärter)",1.0,RE/µg
329,Mungbönsgroddar,Vatten,"Baljväxter (bönor, linser och ärter)",90.0,g
329,Mungbönsgroddar,Tiamin,"Baljväxter (bönor, linser och ärter)",0.08,mg
329,Mungbönsgroddar,Tillsatt socker,"Baljväxter (bönor, linser och ärter)",0.0,g
329,Mungbönsgroddar,Fritt socker,"Baljväxter (bönor, linser och ärter)",0.0,g
329,Mungbönsgroddar,"Selen, Se","Baljväxter (bönor, linser och ärter)",1.0,µg
329,Mungbönsgroddar,Sackaros,"Baljväxter (bönor, linser och ärter)",0.0,g
329,Mungbönsgroddar,Riboflavin,"Baljväxter (bönor, linser och ärter)",0.12,mg
329,Mungbönsgroddar,Retinol,"Baljväxter (bönor, linser och ärter)",0.0,µg
329,Mungbönsgroddar,Protein,"Baljväxter (bönor, linser och ärter)",3.0,g
329,Mungbönsgroddar,Summa fleromättade fettsyror,"Baljväxter (bönor, linser och ärter)",0.1,g
329,Mungbönsgroddar,"Fosfor, P","Baljväxter (bönor, linser och ärter)",54.0,mg
329,Mungbönsgroddar,Niacinekvivalenter,"Baljväxter (bönor, linser och ärter)",1.2,NE/mg
329,Mungbönsgroddar,Niacin,"Baljväxter (bönor, linser och ärter)",0.7,mg
329,Mungbönsgroddar,"Salt, NaCl","Baljväxter (bönor, linser och ärter)",0.0,g
329,Mungbönsgroddar,"Natrium, Na","Baljväxter (bönor, linser och ärter)",6.0,mg
329,Mungbönsgroddar,Monosackarider,"Baljväxter (bönor, linser och ärter)",0.4,g
329,Mungbönsgroddar,"Sockerarter, totalt","Baljväxter (bönor, linser och ärter)",0.8,g
329,Mungbönsgroddar,Summa enkelomättade fettsyror,"Baljväxter (bönor, linser och ärter)",0.0,g
329,Mungbönsgroddar,"Magnesium, Mg","Baljväxter (bönor, linser och ärter)",21.0,mg
329,Mungbönsgroddar,Summa mättade fettsyror,"Baljväxter (bönor, linser och ärter)",0.1,g
329,Mungbönsgroddar,"Kolhydrater, tillgängliga","Baljväxter (bönor, linser och ärter)",3.2,g
329,Mungbönsgroddar,Kolesterol,"Baljväxter (bönor, linser och ärter)",0.0,mg
329,Mungbönsgroddar,"Kalium, K","Baljväxter (bönor, linser och ärter)",149.0,mg
329,Mungbönsgroddar,"Jod, I","Baljväxter (bönor, linser och ärter)",2.0,µg
329,Mungbönsgroddar,Fullkorn totalt,"Baljväxter (bönor, linser och ärter)",0.0,g
329,Mungbönsgroddar,"Folat, totalt","Baljväxter (bönor, linser och ärter)",61.0,µg
329,Mungbönsgroddar,Fibrer,"Baljväxter (bönor, linser och ärter)",3.0,g
329,Mungbönsgroddar,"Fett, totalt","Baljväxter (bönor, linser och ärter)",0.4,g
329,Mungbönsgroddar,"Järn, Fe","Baljväxter (bönor, linser och ärter)",0.9,mg
329,Mungbönsgroddar,Energi (kJ),"Baljväxter (bönor, linser och ärter)",144.0,kJ
329,Mungbönsgroddar,Energi (kcal),"Baljväxter (bönor, linser och ärter)",34.0,kcal
329,Mungbönsgroddar,Disackarider,"Baljväxter (bönor, linser och ärter)",0.4,g
329,Mungbönsgroddar,"Kalcium, Ca","Baljväxter (bönor, linser och ärter)",13.0,mg
329,Mungbönsgroddar,Fettsyra 4:0-10:0,"Baljväxter (bönor, linser och ärter)",0.0,g
329,Mungbönsgroddar,DHA (C22:6),"Baljväxter (bönor, linser och ärter)",0.0,g
329,Mungbönsgroddar,DPA (C22:5),"Baljväxter (bönor, linser och ärter)",0.0,g
329,Mungbönsgroddar,EPA (C20:5),"Baljväxter (bönor, linser och ärter)",0.0,g
329,Mungbönsgroddar,Arakidonsyra C20:4,"Baljväxter (bönor, linser och ärter)",0.0,g
329,Mungbönsgroddar,Arakidinsyra C20:0,"Baljväxter (bönor, linser och ärter)",0.0,g
329,Mungbönsgroddar,Linolensyra C18:3,"Baljväxter (bönor, linser och ärter)",0.0,g
329,Mungbönsgroddar,Linolsyra C18:2,"Baljväxter (bönor, linser och ärter)",0.1,g
329,Mungbönsgroddar,Oljesyra C18:1,"Baljväxter (bönor, linser och ärter)",0.0,g
329,Mungbönsgroddar,Stearinsyra C18:0,"Baljväxter (bönor, linser och ärter)",0.0,g
329,Mungbönsgroddar,Palmitoljesyra C16:1,"Baljväxter (bönor, linser och ärter)",0.0,g
329,Mungbönsgroddar,Palmitinsyra C16:0,"Baljväxter (bönor, linser och ärter)",0.1,g
329,Mungbönsgroddar,Myristinsyra C14:0,"Baljväxter (bönor, linser och ärter)",0.0,g
329,Mungbönsgroddar,Laurinsyra C12:0,"Baljväxter (bönor, linser och ärter)",0.0,g
329,Mungbönsgroddar,Betakaroten/β-Karoten,"Baljväxter (bönor, linser och ärter)",12.0,µg
329,Mungbönsgroddar,Avfall (skal etc.),"Baljväxter (bönor, linser och ärter)",0.0,%
329,Mungbönsgroddar,Aska,"Baljväxter (bönor, linser och ärter)",0.4,g
329,Mungbönsgroddar,Alkohol,"Baljväxter (bönor, linser och ärter)",0.0,g
330,Sojabönsgroddar,"Zink, Zn","Baljväxter (bönor, linser och ärter)",1.2,mg
330,Sojabönsgroddar,Vitamin E,"Baljväxter (bönor, linser och ärter)",0.2,mg
330,Sojabönsgroddar,Vitamin D inkl 25-OH-D3,"Baljväxter (bönor, linser och ärter)",0.0,µg
330,Sojabönsgroddar,Vitamin D,"Baljväxter (bönor, linser och ärter)",0.0,µg
330,Sojabönsgroddar,Vitamin C,"Baljväxter (bönor, linser och ärter)",15.0,mg
330,Sojabönsgroddar,Vitamin B6,"Baljväxter (bönor, linser och ärter)",0.18,mg
330,Sojabönsgroddar,Vitamin B12,"Baljväxter (bönor, linser och ärter)",0.0,µg
330,Sojabönsgroddar,Vitamin A,"Baljväxter (bönor, linser och ärter)",0.5,RE/µg
330,Sojabönsgroddar,Vatten,"Baljväxter (bönor, linser och ärter)",69.0,g
330,Sojabönsgroddar,Tiamin,"Baljväxter (bönor, linser och ärter)",0.34,mg
330,Sojabönsgroddar,Tillsatt socker,"Baljväxter (bönor, linser och ärter)",0.0,g
330,Sojabönsgroddar,Fritt socker,"Baljväxter (bönor, linser och ärter)",0.0,g
330,Sojabönsgroddar,"Selen, Se","Baljväxter (bönor, linser och ärter)",1.0,µg
330,Sojabönsgroddar,Sackaros,"Baljväxter (bönor, linser och ärter)",0.0,g
330,Sojabönsgroddar,Riboflavin,"Baljväxter (bönor, linser och ärter)",0.12,mg
330,Sojabönsgroddar,Retinol,"Baljväxter (bönor, linser och ärter)",0.0,µg
330,Sojabönsgroddar,Protein,"Baljväxter (bönor, linser och ärter)",13.1,g
330,Sojabönsgroddar,Summa fleromättade fettsyror,"Baljväxter (bönor, linser och ärter)",3.8,g
330,Sojabönsgroddar,"Fosfor, P","Baljväxter (bönor, linser och ärter)",164.0,mg
330,Sojabönsgroddar,Niacinekvivalenter,"Baljväxter (bönor, linser och ärter)",3.28,NE/mg
330,Sojabönsgroddar,Niacin,"Baljväxter (bönor, linser och ärter)",1.1,mg
330,Sojabönsgroddar,"Salt, NaCl","Baljväxter (bönor, linser och ärter)",0.0,g
330,Sojabönsgroddar,"Natrium, Na","Baljväxter (bönor, linser och ärter)",14.0,mg
330,Sojabönsgroddar,Monosackarider,"Baljväxter (bönor, linser och ärter)",0.2,g
330,Sojabönsgroddar,"Sockerarter, totalt","Baljväxter (bönor, linser och ärter)",0.4,g
330,Sojabönsgroddar,Summa enkelomättade fettsyror,"Baljväxter (bönor, linser och ärter)",0.8,g
330,Sojabönsgroddar,"Magnesium, Mg","Baljväxter (bönor, linser och ärter)",72.0,mg
330,Sojabönsgroddar,Summa mättade fettsyror,"Baljväxter (bönor, linser och ärter)",0.8,g
330,Sojabönsgroddar,"Kolhydrater, tillgängliga","Baljväxter (bönor, linser och ärter)",7.0,g
330,Sojabönsgroddar,Kolesterol,"Baljväxter (bönor, linser och ärter)",0.0,mg
330,Sojabönsgroddar,"Kalium, K","Baljväxter (bönor, linser och ärter)",484.0,mg
330,Sojabönsgroddar,"Jod, I","Baljväxter (bönor, linser och ärter)",0.0,µg
330,Sojabönsgroddar,Fullkorn totalt,"Baljväxter (bönor, linser och ärter)",0.0,g
330,Sojabönsgroddar,"Folat, totalt","Baljväxter (bönor, linser och ärter)",172.0,µg
330,Sojabönsgroddar,Fibrer,"Baljväxter (bönor, linser och ärter)",2.6,g
330,Sojabönsgroddar,"Fett, totalt","Baljväxter (bönor, linser och ärter)",6.7,g
330,Sojabönsgroddar,"Järn, Fe","Baljväxter (bönor, linser och ärter)",2.1,mg
330,Sojabönsgroddar,Energi (kJ),"Baljväxter (bönor, linser och ärter)",610.0,kJ
330,Sojabönsgroddar,Energi (kcal),"Baljväxter (bönor, linser och ärter)",146.0,kcal
330,Sojabönsgroddar,Disackarider,"Baljväxter (bönor, linser och ärter)",0.2,g
330,Sojabönsgroddar,"Kalcium, Ca","Baljväxter (bönor, linser och ärter)",67.0,mg
330,Sojabönsgroddar,Fettsyra 4:0-10:0,"Baljväxter (bönor, linser och ärter)",0.0,g
330,Sojabönsgroddar,DHA (C22:6),"Baljväxter (bönor, linser och ärter)",0.0,g
330,Sojabönsgroddar,DPA (C22:5),"Baljväxter (bönor, linser och ärter)",0.0,g
330,Sojabönsgroddar,EPA (C20:5),"Baljväxter (bönor, linser och ärter)",0.0,g
330,Sojabönsgroddar,Arakidonsyra C20:4,"Baljväxter (bönor, linser och ärter)",0.0,g
330,Sojabönsgroddar,Arakidinsyra C20:0,"Baljväxter (bönor, linser och ärter)",0.0,g
330,Sojabönsgroddar,Linolensyra C18:3,"Baljväxter (bönor, linser och ärter)",0.6,g
330,Sojabönsgroddar,Linolsyra C18:2,"Baljväxter (bönor, linser och ärter)",3.2,g
330,Sojabönsgroddar,Oljesyra C18:1,"Baljväxter (bönor, linser och ärter)",0.1,g
330,Sojabönsgroddar,Stearinsyra C18:0,"Baljväxter (bönor, linser och ärter)",0.8,g
330,Sojabönsgroddar,Palmitoljesyra C16:1,"Baljväxter (bönor, linser och ärter)",0.7,g
330,Sojabönsgroddar,Palmitinsyra C16:0,"Baljväxter (bönor, linser och ärter)",0.0,g
330,Sojabönsgroddar,Myristinsyra C14:0,"Baljväxter (bönor, linser och ärter)",0.0,g
330,Sojabönsgroddar,Laurinsyra C12:0,"Baljväxter (bönor, linser och ärter)",0.0,g
330,Sojabönsgroddar,Betakaroten/β-Karoten,"Baljväxter (bönor, linser och ärter)",6.0,µg
330,Sojabönsgroddar,Avfall (skal etc.),"Baljväxter (bönor, linser och ärter)",0.0,%
330,Sojabönsgroddar,Aska,"Baljväxter (bönor, linser och ärter)",1.6,g
330,Sojabönsgroddar,Alkohol,"Baljväxter (bönor, linser och ärter)",0.0,g
331,Gröna bönor,"Zink, Zn","Baljväxter (bönor, linser och ärter)",0.4,mg
331,Gröna bönor,Vitamin E,"Baljväxter (bönor, linser och ärter)",0.4,mg
331,Gröna bönor,Vitamin D inkl 25-OH-D3,"Baljväxter (bönor, linser och ärter)",0.0,µg
331,Gröna bönor,Vitamin D,"Baljväxter (bönor, linser och ärter)",0.0,µg
331,Gröna bönor,Vitamin C,"Baljväxter (bönor, linser och ärter)",8.0,mg
331,Gröna bönor,Vitamin B6,"Baljväxter (bönor, linser och ärter)",0.06,mg
331,Gröna bönor,Vitamin B12,"Baljväxter (bönor, linser och ärter)",0.0,µg
331,Gröna bönor,Vitamin A,"Baljväxter (bönor, linser och ärter)",21.0,RE/µg
331,Gröna bönor,Vatten,"Baljväxter (bönor, linser och ärter)",91.3,g
331,Gröna bönor,Tiamin,"Baljväxter (bönor, linser och ärter)",0.12,mg
331,Gröna bönor,Tillsatt socker,"Baljväxter (bönor, linser och ärter)",0.0,g
331,Gröna bönor,Fritt socker,"Baljväxter (bönor, linser och ärter)",0.0,g
331,Gröna bönor,"Selen, Se","Baljväxter (bönor, linser och ärter)",1.0,µg
331,Gröna bönor,Sackaros,"Baljväxter (bönor, linser och ärter)",0.0,g
331,Gröna bönor,Riboflavin,"Baljväxter (bönor, linser och ärter)",0.09,mg
331,Gröna bönor,Retinol,"Baljväxter (bönor, linser och ärter)",0.0,µg
331,Gröna bönor,Protein,"Baljväxter (bönor, linser och ärter)",2.1,g
331,Gröna bönor,Summa fleromättade fettsyror,"Baljväxter (bönor, linser och ärter)",0.1,g
331,Gröna bönor,"Fosfor, P","Baljväxter (bönor, linser och ärter)",38.0,mg
331,Gröna bönor,Niacinekvivalenter,"Baljväxter (bönor, linser och ärter)",1.1,NE/mg
331,Gröna bönor,Niacin,"Baljväxter (bönor, linser och ärter)",0.8,mg
331,Gröna bönor,"Salt, NaCl","Baljväxter (bönor, linser och ärter)",0.0,g
331,Gröna bönor,"Natrium, Na","Baljväxter (bönor, linser och ärter)",0.0,mg
331,Gröna bönor,Monosackarider,"Baljväxter (bönor, linser och ärter)",2.2,g
331,Gröna bönor,"Sockerarter, totalt","Baljväxter (bönor, linser och ärter)",2.2,g
331,Gröna bönor,Summa enkelomättade fettsyror,"Baljväxter (bönor, linser och ärter)",0.0,g
331,Gröna bönor,"Magnesium, Mg","Baljväxter (bönor, linser och ärter)",25.0,mg
331,Gröna bönor,Summa mättade fettsyror,"Baljväxter (bönor, linser och ärter)",0.1,g
331,Gröna bönor,"Kolhydrater, tillgängliga","Baljväxter (bönor, linser och ärter)",2.1,g
331,Gröna bönor,Kolesterol,"Baljväxter (bönor, linser och ärter)",0.0,mg
331,Gröna bönor,"Kalium, K","Baljväxter (bönor, linser och ärter)",286.0,mg
331,Gröna bönor,"Jod, I","Baljväxter (bönor, linser och ärter)",2.0,µg
331,Gröna bönor,Fullkorn totalt,"Baljväxter (bönor, linser och ärter)",0.0,g
331,Gröna bönor,"Folat, totalt","Baljväxter (bönor, linser och ärter)",58.0,µg
331,Gröna bönor,Fibrer,"Baljväxter (bönor, linser och ärter)",3.4,g
331,Gröna bönor,"Fett, totalt","Baljväxter (bönor, linser och ärter)",0.4,g
331,Gröna bönor,"Järn, Fe","Baljväxter (bönor, linser och ärter)",1.0,mg
331,Gröna bönor,Energi (kJ),"Baljväxter (bönor, linser och ärter)",113.0,kJ
331,Gröna bönor,Energi (kcal),"Baljväxter (bönor, linser och ärter)",27.0,kcal
331,Gröna bönor,Disackarider,"Baljväxter (bönor, linser och ärter)",0.0,g
331,Gröna bönor,"Kalcium, Ca","Baljväxter (bönor, linser och ärter)",52.0,mg
331,Gröna bönor,Fettsyra 4:0-10:0,"Baljväxter (bönor, linser och ärter)",0.0,g
331,Gröna bönor,DHA (C22:6),"Baljväxter (bönor, linser och ärter)",0.0,g
331,Gröna bönor,DPA (C22:5),"Baljväxter (bönor, linser och ärter)",0.0,g
331,Gröna bönor,EPA (C20:5),"Baljväxter (bönor, linser och ärter)",0.0,g
331,Gröna bönor,Arakidonsyra C20:4,"Baljväxter (bönor, linser och ärter)",0.0,g
331,Gröna bönor,Arakidinsyra C20:0,"Baljväxter (bönor, linser och ärter)",0.0,g
331,Gröna bönor,Linolensyra C18:3,"Baljväxter (bönor, linser och ärter)",0.1,g
331,Gröna bönor,Linolsyra C18:2,"Baljväxter (bönor, linser och ärter)",0.1,g
331,Gröna bönor,Oljesyra C18:1,"Baljväxter (bönor, linser och ärter)",0.0,g
331,Gröna bönor,Stearinsyra C18:0,"Baljväxter (bönor, linser och ärter)",0.0,g
331,Gröna bönor,Palmitoljesyra C16:1,"Baljväxter (bönor, linser och ärter)",0.0,g
331,Gröna bönor,Palmitinsyra C16:0,"Baljväxter (bönor, linser och ärter)",0.1,g
331,Gröna bönor,Myristinsyra C14:0,"Baljväxter (bönor, linser och ärter)",0.0,g
331,Gröna bönor,Laurinsyra C12:0,"Baljväxter (bönor, linser och ärter)",0.0,g
331,Gröna bönor,Betakaroten/β-Karoten,"Baljväxter (bönor, linser och ärter)",179.0,µg
331,Gröna bönor,Avfall (skal etc.),"Baljväxter (bönor, linser och ärter)",6.0,%
331,Gröna bönor,Aska,"Baljväxter (bönor, linser och ärter)",0.7,g
331,Gröna bönor,Alkohol,"Baljväxter (bönor, linser och ärter)",0.0,g
332,Gröna bönor frysvara,"Zink, Zn","Baljväxter (bönor, linser och ärter)",0.4,mg
332,Gröna bönor frysvara,Vitamin E,"Baljväxter (bönor, linser och ärter)",0.2,mg
332,Gröna bönor frysvara,Vitamin D inkl 25-OH-D3,"Baljväxter (bönor, linser och ärter)",0.0,µg
332,Gröna bönor frysvara,Vitamin D,"Baljväxter (bönor, linser och ärter)",0.0,µg
332,Gröna bönor frysvara,Vitamin C,"Baljväxter (bönor, linser och ärter)",14.3,mg
332,Gröna bönor frysvara,Vitamin B6,"Baljväxter (bönor, linser och ärter)",0.09,mg
332,Gröna bönor frysvara,Vitamin B12,"Baljväxter (bönor, linser och ärter)",0.0,µg
332,Gröna bönor frysvara,Vitamin A,"Baljväxter (bönor, linser och ärter)",31.8,RE/µg
332,Gröna bönor frysvara,Vatten,"Baljväxter (bönor, linser och ärter)",89.4,g
332,Gröna bönor frysvara,Tiamin,"Baljväxter (bönor, linser och ärter)",0.06,mg
332,Gröna bönor frysvara,Tillsatt socker,"Baljväxter (bönor, linser och ärter)",0.0,g
332,Gröna bönor frysvara,Fritt socker,"Baljväxter (bönor, linser och ärter)",0.0,g
332,Gröna bönor frysvara,"Selen, Se","Baljväxter (bönor, linser och ärter)",0.0,µg
332,Gröna bönor frysvara,Sackaros,"Baljväxter (bönor, linser och ärter)",0.3,g
332,Gröna bönor frysvara,Riboflavin,"Baljväxter (bönor, linser och ärter)",0.12,mg
332,Gröna bönor frysvara,Retinol,"Baljväxter (bönor, linser och ärter)",0.0,µg
332,Gröna bönor frysvara,Protein,"Baljväxter (bönor, linser och ärter)",2.2,g
332,Gröna bönor frysvara,Summa fleromättade fettsyror,"Baljväxter (bönor, linser och ärter)",0.1,g
332,Gröna bönor frysvara,"Fosfor, P","Baljväxter (bönor, linser och ärter)",46.0,mg
332,Gröna bönor frysvara,Niacinekvivalenter,"Baljväxter (bönor, linser och ärter)",0.9,NE/mg
332,Gröna bönor frysvara,Niacin,"Baljväxter (bönor, linser och ärter)",0.51,mg
332,Gröna bönor frysvara,"Salt, NaCl","Baljväxter (bönor, linser och ärter)",0.0,g
332,Gröna bönor frysvara,"Natrium, Na","Baljväxter (bönor, linser och ärter)",2.0,mg
332,Gröna bönor frysvara,Monosackarider,"Baljväxter (bönor, linser och ärter)",1.2,g
332,Gröna bönor frysvara,"Sockerarter, totalt","Baljväxter (bönor, linser och ärter)",1.6,g
332,Gröna bönor frysvara,Summa enkelomättade fettsyror,"Baljväxter (bönor, linser och ärter)",0.0,g
332,Gröna bönor frysvara,"Magnesium, Mg","Baljväxter (bönor, linser och ärter)",24.0,mg
332,Gröna bönor frysvara,Summa mättade fettsyror,"Baljväxter (bönor, linser och ärter)",0.1,g
332,Gröna bönor frysvara,"Kolhydrater, tillgängliga","Baljväxter (bönor, linser och ärter)",4.5,g
332,Gröna bönor frysvara,Kolesterol,"Baljväxter (bönor, linser och ärter)",0.0,mg
332,Gröna bönor frysvara,"Kalium, K","Baljväxter (bönor, linser och ärter)",300.0,mg
332,Gröna bönor frysvara,"Jod, I","Baljväxter (bönor, linser och ärter)",1.4,µg
332,Gröna bönor frysvara,Fullkorn totalt,"Baljväxter (bönor, linser och ärter)",0.0,g
332,Gröna bönor frysvara,"Folat, totalt","Baljväxter (bönor, linser och ärter)",69.3,µg
332,Gröna bönor frysvara,Fibrer,"Baljväxter (bönor, linser och ärter)",2.9,g
332,Gröna bönor frysvara,"Fett, totalt","Baljväxter (bönor, linser och ärter)",0.2,g
332,Gröna bönor frysvara,"Järn, Fe","Baljväxter (bönor, linser och ärter)",0.9,mg
332,Gröna bönor frysvara,Energi (kJ),"Baljväxter (bönor, linser och ärter)",146.0,kJ
332,Gröna bönor frysvara,Energi (kcal),"Baljväxter (bönor, linser och ärter)",35.0,kcal
332,Gröna bönor frysvara,Disackarider,"Baljväxter (bönor, linser och ärter)",0.4,g
332,Gröna bönor frysvara,"Kalcium, Ca","Baljväxter (bönor, linser och ärter)",76.0,mg
332,Gröna bönor frysvara,Fettsyra 4:0-10:0,"Baljväxter (bönor, linser och ärter)",0.0,g
332,Gröna bönor frysvara,DHA (C22:6),"Baljväxter (bönor, linser och ärter)",0.0,g
332,Gröna bönor frysvara,DPA (C22:5),"Baljväxter (bönor, linser och ärter)",0.0,g
332,Gröna bönor frysvara,EPA (C20:5),"Baljväxter (bönor, linser och ärter)",0.0,g
332,Gröna bönor frysvara,Arakidonsyra C20:4,"Baljväxter (bönor, linser och ärter)",0.0,g
332,Gröna bönor frysvara,Arakidinsyra C20:0,"Baljväxter (bönor, linser och ärter)",0.0,g
332,Gröna bönor frysvara,Linolensyra C18:3,"Baljväxter (bönor, linser och ärter)",0.0,g
332,Gröna bönor frysvara,Linolsyra C18:2,"Baljväxter (bönor, linser och ärter)",0.0,g
332,Gröna bönor frysvara,Oljesyra C18:1,"Baljväxter (bönor, linser och ärter)",0.0,g
332,Gröna bönor frysvara,Stearinsyra C18:0,"Baljväxter (bönor, linser och ärter)",0.0,g
332,Gröna bönor frysvara,Palmitoljesyra C16:1,"Baljväxter (bönor, linser och ärter)",0.0,g
332,Gröna bönor frysvara,Palmitinsyra C16:0,"Baljväxter (bönor, linser och ärter)",0.0,g
332,Gröna bönor frysvara,Myristinsyra C14:0,"Baljväxter (bönor, linser och ärter)",0.0,g
332,Gröna bönor frysvara,Laurinsyra C12:0,"Baljväxter (bönor, linser och ärter)",0.0,g
332,Gröna bönor frysvara,Betakaroten/β-Karoten,"Baljväxter (bönor, linser och ärter)",354.0,µg
332,Gröna bönor frysvara,Avfall (skal etc.),"Baljväxter (bönor, linser och ärter)",0.0,%
332,Gröna bönor frysvara,Aska,"Baljväxter (bönor, linser och ärter)",0.7,g
332,Gröna bönor frysvara,Alkohol,"Baljväxter (bönor, linser och ärter)",0.0,g
333,Champinjon,"Zink, Zn",Svamp,0.5,mg
333,Champinjon,Vitamin E,Svamp,0.0,mg
333,Champinjon,Vitamin D inkl 25-OH-D3,Svamp,0.15,µg
333,Champinjon,Vitamin D,Svamp,0.15,µg
333,Champinjon,Vitamin C,Svamp,0.0,mg
333,Champinjon,Vitamin B6,Svamp,0.04,mg
333,Champinjon,Vitamin B12,Svamp,0.0,µg
333,Champinjon,Vitamin A,Svamp,0.0,RE/µg
333,Champinjon,Vatten,Svamp,91.4,g
333,Champinjon,Tiamin,Svamp,0.07,mg
333,Champinjon,Tillsatt socker,Svamp,0.0,g
333,Champinjon,Fritt socker,Svamp,0.0,g
333,Champinjon,"Selen, Se",Svamp,17.0,µg
333,Champinjon,Sackaros,Svamp,0.0,g
333,Champinjon,Riboflavin,Svamp,0.43,mg
333,Champinjon,Retinol,Svamp,0.0,µg
333,Champinjon,Protein,Svamp,2.4,g
333,Champinjon,Summa fleromättade fettsyror,Svamp,0.0,g
333,Champinjon,"Fosfor, P",Svamp,15.0,mg
333,Champinjon,Niacinekvivalenter,Svamp,3.0,NE/mg
333,Champinjon,Niacin,Svamp,2.6,mg
333,Champinjon,"Salt, NaCl",Svamp,0.0,g
333,Champinjon,"Natrium, Na",Svamp,0.0,mg
333,Champinjon,Monosackarider,Svamp,0.1,g
333,Champinjon,"Sockerarter, totalt",Svamp,0.1,g
333,Champinjon,Summa enkelomättade fettsyror,Svamp,0.0,g
333,Champinjon,"Magnesium, Mg",Svamp,8.0,mg
333,Champinjon,Summa mättade fettsyror,Svamp,0.0,g
333,Champinjon,"Kolhydrater, tillgängliga",Svamp,2.7,g
333,Champinjon,Kolesterol,Svamp,0.0,mg
333,Champinjon,"Kalium, K",Svamp,110.0,mg
333,Champinjon,"Jod, I",Svamp,0.0,µg
333,Champinjon,Fullkorn totalt,Svamp,0.0,g
333,Champinjon,"Folat, totalt",Svamp,32.9,µg
333,Champinjon,Fibrer,Svamp,2.4,g
333,Champinjon,"Fett, totalt",Svamp,0.2,g
333,Champinjon,"Järn, Fe",Svamp,0.2,mg
333,Champinjon,Energi (kJ),Svamp,114.0,kJ
333,Champinjon,Energi (kcal),Svamp,27.0,kcal
333,Champinjon,Disackarider,Svamp,0.0,g
333,Champinjon,"Kalcium, Ca",Svamp,10.0,mg
333,Champinjon,Fettsyra 4:0-10:0,Svamp,0.0,g
333,Champinjon,DHA (C22:6),Svamp,0.0,g
333,Champinjon,DPA (C22:5),Svamp,0.0,g
333,Champinjon,EPA (C20:5),Svamp,0.0,g
333,Champinjon,Arakidonsyra C20:4,Svamp,0.0,g
333,Champinjon,Arakidinsyra C20:0,Svamp,0.0,g
333,Champinjon,Linolensyra C18:3,Svamp,0.0,g
333,Champinjon,Linolsyra C18:2,Svamp,0.0,g
333,Champinjon,Oljesyra C18:1,Svamp,0.0,g
333,Champinjon,Stearinsyra C18:0,Svamp,0.0,g
333,Champinjon,Palmitoljesyra C16:1,Svamp,0.0,g
333,Champinjon,Palmitinsyra C16:0,Svamp,0.0,g
333,Champinjon,Myristinsyra C14:0,Svamp,0.0,g
333,Champinjon,Laurinsyra C12:0,Svamp,0.0,g
333,Champinjon,Betakaroten/β-Karoten,Svamp,0.0,µg
333,Champinjon,Avfall (skal etc.),Svamp,0.0,%
333,Champinjon,Aska,Svamp,0.9,g
333,Champinjon,Alkohol,Svamp,0.0,g
334,Friséesallat,"Zink, Zn",Grönsaker,0.2,mg
334,Friséesallat,Vitamin E,Grönsaker,0.0,mg
334,Friséesallat,Vitamin D inkl 25-OH-D3,Grönsaker,0.0,µg
334,Friséesallat,Vitamin D,Grönsaker,0.0,µg
334,Friséesallat,Vitamin C,Grönsaker,12.0,mg
334,Friséesallat,Vitamin B6,Grönsaker,0.02,mg
334,Friséesallat,Vitamin B12,Grönsaker,0.0,µg
334,Friséesallat,Vitamin A,Grönsaker,103.0,RE/µg
334,Friséesallat,Vatten,Grönsaker,93.7,g
334,Friséesallat,Tiamin,Grönsaker,0.06,mg
334,Friséesallat,Tillsatt socker,Grönsaker,0.0,g
334,Friséesallat,Fritt socker,Grönsaker,0.0,g
334,Friséesallat,"Selen, Se",Grönsaker,1.0,µg
334,Friséesallat,Sackaros,Grönsaker,0.1,g
334,Friséesallat,Riboflavin,Grönsaker,0.1,mg
334,Friséesallat,Retinol,Grönsaker,0.0,µg
334,Friséesallat,Protein,Grönsaker,1.8,g
334,Friséesallat,Summa fleromättade fettsyror,Grönsaker,0.1,g
334,Friséesallat,"Fosfor, P",Grönsaker,67.0,mg
334,Friséesallat,Niacinekvivalenter,Grönsaker,0.7,NE/mg
334,Friséesallat,Niacin,Grönsaker,0.4,mg
334,Friséesallat,"Salt, NaCl",Grönsaker,0.0,g
334,Friséesallat,"Natrium, Na",Grönsaker,10.0,mg
334,Friséesallat,Monosackarider,Grönsaker,0.9,g
334,Friséesallat,"Sockerarter, totalt",Grönsaker,1.0,g
334,Friséesallat,Summa enkelomättade fettsyror,Grönsaker,0.0,g
334,Friséesallat,"Magnesium, Mg",Grönsaker,10.0,mg
334,Friséesallat,Summa mättade fettsyror,Grönsaker,0.1,g
334,Friséesallat,"Kolhydrater, tillgängliga",Grönsaker,1.0,g
334,Friséesallat,Kolesterol,Grönsaker,0.0,mg
334,Friséesallat,"Kalium, K",Grönsaker,380.0,mg
334,Friséesallat,"Jod, I",Grönsaker,1.0,µg
334,Friséesallat,Fullkorn totalt,Grönsaker,0.0,g
334,Friséesallat,"Folat, totalt",Grönsaker,140.0,µg
334,Friséesallat,Fibrer,Grönsaker,2.0,g
334,Friséesallat,"Fett, totalt",Grönsaker,0.2,g
334,Friséesallat,"Järn, Fe",Grönsaker,2.8,mg
334,Friséesallat,Energi (kJ),Grönsaker,71.0,kJ
334,Friséesallat,Energi (kcal),Grönsaker,17.0,kcal
334,Friséesallat,Disackarider,Grönsaker,0.1,g
334,Friséesallat,"Kalcium, Ca",Grönsaker,44.0,mg
334,Friséesallat,Fettsyra 4:0-10:0,Grönsaker,0.0,g
334,Friséesallat,DHA (C22:6),Grönsaker,0.0,g
334,Friséesallat,DPA (C22:5),Grönsaker,0.0,g
334,Friséesallat,EPA (C20:5),Grönsaker,0.0,g
334,Friséesallat,Arakidonsyra C20:4,Grönsaker,0.0,g
334,Friséesallat,Arakidinsyra C20:0,Grönsaker,0.0,g
334,Friséesallat,Linolensyra C18:3,Grönsaker,0.1,g
334,Friséesallat,Linolsyra C18:2,Grönsaker,0.0,g
334,Friséesallat,Oljesyra C18:1,Grönsaker,0.0,g
334,Friséesallat,Stearinsyra C18:0,Grönsaker,0.0,g
334,Friséesallat,Palmitoljesyra C16:1,Grönsaker,0.0,g
334,Friséesallat,Palmitinsyra C16:0,Grönsaker,0.0,g
334,Friséesallat,Myristinsyra C14:0,Grönsaker,0.0,g
334,Friséesallat,Laurinsyra C12:0,Grönsaker,0.0,g
334,Friséesallat,Betakaroten/β-Karoten,Grönsaker,1230.0,µg
334,Friséesallat,Avfall (skal etc.),Grönsaker,14.0,%
334,Friséesallat,Aska,Grönsaker,1.4,g
334,Friséesallat,Alkohol,Grönsaker,0.0,g
335,Endivesallat,"Zink, Zn",Grönsaker,0.2,mg
335,Endivesallat,Vitamin E,Grönsaker,0.1,mg
335,Endivesallat,Vitamin D inkl 25-OH-D3,Grönsaker,0.0,µg
335,Endivesallat,Vitamin D,Grönsaker,0.0,µg
335,Endivesallat,Vitamin C,Grönsaker,4.0,mg
335,Endivesallat,Vitamin B6,Grönsaker,0.05,mg
335,Endivesallat,Vitamin B12,Grönsaker,0.0,µg
335,Endivesallat,Vitamin A,Grönsaker,4.0,RE/µg
335,Endivesallat,Vatten,Grönsaker,95.0,g
335,Endivesallat,Tiamin,Grönsaker,0.07,mg
335,Endivesallat,Tillsatt socker,Grönsaker,0.0,g
335,Endivesallat,Fritt socker,Grönsaker,0.0,g
335,Endivesallat,"Selen, Se",Grönsaker,1.0,µg
335,Endivesallat,Sackaros,Grönsaker,0.7,g
335,Endivesallat,Riboflavin,Grönsaker,0.14,mg
335,Endivesallat,Retinol,Grönsaker,0.0,µg
335,Endivesallat,Protein,Grönsaker,1.0,g
335,Endivesallat,Summa fleromättade fettsyror,Grönsaker,0.0,g
335,Endivesallat,"Fosfor, P",Grönsaker,21.0,mg
335,Endivesallat,Niacinekvivalenter,Grönsaker,0.67,NE/mg
335,Endivesallat,Niacin,Grönsaker,0.5,mg
335,Endivesallat,"Salt, NaCl",Grönsaker,0.0,g
335,Endivesallat,"Natrium, Na",Grönsaker,2.0,mg
335,Endivesallat,Monosackarider,Grönsaker,0.2,g
335,Endivesallat,"Sockerarter, totalt",Grönsaker,0.9,g
335,Endivesallat,Summa enkelomättade fettsyror,Grönsaker,0.0,g
335,Endivesallat,"Magnesium, Mg",Grönsaker,7.0,mg
335,Endivesallat,Summa mättade fettsyror,Grönsaker,0.0,g
335,Endivesallat,"Kolhydrater, tillgängliga",Grönsaker,1.1,g
335,Endivesallat,Kolesterol,Grönsaker,0.0,mg
335,Endivesallat,"Kalium, K",Grönsaker,187.0,mg
335,Endivesallat,"Jod, I",Grönsaker,1.0,µg
335,Endivesallat,Fullkorn totalt,Grönsaker,0.0,g
335,Endivesallat,"Folat, totalt",Grönsaker,52.0,µg
335,Endivesallat,Fibrer,Grönsaker,2.2,g
335,Endivesallat,"Fett, totalt",Grönsaker,0.1,g
335,Endivesallat,"Järn, Fe",Grönsaker,0.5,mg
335,Endivesallat,Energi (kJ),Grönsaker,57.0,kJ
335,Endivesallat,Energi (kcal),Grönsaker,14.0,kcal
335,Endivesallat,Disackarider,Grönsaker,0.7,g
335,Endivesallat,"Kalcium, Ca",Grönsaker,22.0,mg
335,Endivesallat,Fettsyra 4:0-10:0,Grönsaker,0.0,g
335,Endivesallat,DHA (C22:6),Grönsaker,0.0,g
335,Endivesallat,DPA (C22:5),Grönsaker,0.0,g
335,Endivesallat,EPA (C20:5),Grönsaker,0.0,g
335,Endivesallat,Arakidonsyra C20:4,Grönsaker,0.0,g
335,Endivesallat,Arakidinsyra C20:0,Grönsaker,0.0,g
335,Endivesallat,Linolensyra C18:3,Grönsaker,0.0,g
335,Endivesallat,Linolsyra C18:2,Grönsaker,0.0,g
335,Endivesallat,Oljesyra C18:1,Grönsaker,0.0,g
335,Endivesallat,Stearinsyra C18:0,Grönsaker,0.0,g
335,Endivesallat,Palmitoljesyra C16:1,Grönsaker,0.0,g
335,Endivesallat,Palmitinsyra C16:0,Grönsaker,0.0,g
335,Endivesallat,Myristinsyra C14:0,Grönsaker,0.0,g
335,Endivesallat,Laurinsyra C12:0,Grönsaker,0.0,g
335,Endivesallat,Betakaroten/β-Karoten,Grönsaker,48.0,µg
335,Endivesallat,Avfall (skal etc.),Grönsaker,11.0,%
335,Endivesallat,Aska,Grönsaker,0.6,g
335,Endivesallat,Alkohol,Grönsaker,0.0,g
336,Fänkål,"Zink, Zn",Grönsaker,0.5,mg
336,Fänkål,Vitamin E,Grönsaker,0.2,mg
336,Fänkål,Vitamin D inkl 25-OH-D3,Grönsaker,0.0,µg
336,Fänkål,Vitamin D,Grönsaker,0.0,µg
336,Fänkål,Vitamin C,Grönsaker,31.0,mg
336,Fänkål,Vitamin B6,Grönsaker,0.1,mg
336,Fänkål,Vitamin B12,Grönsaker,0.0,µg
336,Fänkål,Vitamin A,Grönsaker,175.0,RE/µg
336,Fänkål,Vatten,Grönsaker,90.0,g
336,Fänkål,Tiamin,Grönsaker,0.23,mg
336,Fänkål,Tillsatt socker,Grönsaker,0.0,g
336,Fänkål,Fritt socker,Grönsaker,0.0,g
336,Fänkål,"Selen, Se",Grönsaker,1.0,µg
336,Fänkål,Sackaros,Grönsaker,0.3,g
336,Fänkål,Riboflavin,Grönsaker,0.11,mg
336,Fänkål,Retinol,Grönsaker,0.0,µg
336,Fänkål,Protein,Grönsaker,2.8,g
336,Fänkål,Summa fleromättade fettsyror,Grönsaker,0.2,g
336,Fänkål,"Fosfor, P",Grönsaker,51.0,mg
336,Fänkål,Niacinekvivalenter,Grönsaker,0.67,NE/mg
336,Fänkål,Niacin,Grönsaker,0.2,mg
336,Fänkål,"Salt, NaCl",Grönsaker,0.0,g
336,Fänkål,"Natrium, Na",Grönsaker,7.0,mg
336,Fänkål,Monosackarider,Grönsaker,2.3,g
336,Fänkål,"Sockerarter, totalt",Grönsaker,2.6,g
336,Fänkål,Summa enkelomättade fettsyror,Grönsaker,0.1,g
336,Fänkål,"Magnesium, Mg",Grönsaker,14.0,mg
336,Fänkål,Summa mättade fettsyror,Grönsaker,0.1,g
336,Fänkål,"Kolhydrater, tillgängliga",Grönsaker,1.8,g
336,Fänkål,Kolesterol,Grönsaker,0.0,mg
336,Fänkål,"Kalium, K",Grönsaker,396.0,mg
336,Fänkål,"Jod, I",Grönsaker,0.5,µg
336,Fänkål,Fullkorn totalt,Grönsaker,0.0,g
336,Fänkål,"Folat, totalt",Grönsaker,3.3,µg
336,Fänkål,Fibrer,Grönsaker,3.3,g
336,Fänkål,"Fett, totalt",Grönsaker,0.4,g
336,Fänkål,"Järn, Fe",Grönsaker,2.7,mg
336,Fänkål,Energi (kJ),Grönsaker,119.0,kJ
336,Fänkål,Energi (kcal),Grönsaker,28.0,kcal
336,Fänkål,Disackarider,Grönsaker,0.3,g
336,Fänkål,"Kalcium, Ca",Grönsaker,64.0,mg
336,Fänkål,Fettsyra 4:0-10:0,Grönsaker,0.0,g
336,Fänkål,DHA (C22:6),Grönsaker,0.0,g
336,Fänkål,DPA (C22:5),Grönsaker,0.0,g
336,Fänkål,EPA (C20:5),Grönsaker,0.0,g
336,Fänkål,Arakidonsyra C20:4,Grönsaker,0.0,g
336,Fänkål,Arakidinsyra C20:0,Grönsaker,0.0,g
336,Fänkål,Linolensyra C18:3,Grönsaker,0.1,g
336,Fänkål,Linolsyra C18:2,Grönsaker,0.0,g
336,Fänkål,Oljesyra C18:1,Grönsaker,0.0,g
336,Fänkål,Stearinsyra C18:0,Grönsaker,0.0,g
336,Fänkål,Palmitoljesyra C16:1,Grönsaker,0.0,g
336,Fänkål,Palmitinsyra C16:0,Grönsaker,0.0,g
336,Fänkål,Myristinsyra C14:0,Grönsaker,0.0,g
336,Fänkål,Laurinsyra C12:0,Grönsaker,0.0,g
336,Fänkål,Betakaroten/β-Karoten,Grönsaker,2100.0,µg
336,Fänkål,Avfall (skal etc.),Grönsaker,7.0,%
336,Fänkål,Aska,Grönsaker,1.7,g
336,Fänkål,Alkohol,Grönsaker,0.0,g
337,Grönkål,"Zink, Zn",Grönsaker,0.4,mg
337,Grönkål,Vitamin E,Grönsaker,2.1,mg
337,Grönkål,Vitamin D inkl 25-OH-D3,Grönsaker,0.0,µg
337,Grönkål,Vitamin D,Grönsaker,0.0,µg
337,Grönkål,Vitamin C,Grönsaker,74.0,mg
337,Grönkål,Vitamin B6,Grönsaker,0.2,mg
337,Grönkål,Vitamin B12,Grönsaker,0.0,µg
337,Grönkål,Vitamin A,Grönsaker,263.0,RE/µg
337,Grönkål,Vatten,Grönsaker,87.5,g
337,Grönkål,Tiamin,Grönsaker,0.08,mg
337,Grönkål,Tillsatt socker,Grönsaker,0.0,g
337,Grönkål,Fritt socker,Grönsaker,0.0,g
337,Grönkål,"Selen, Se",Grönsaker,0.0,µg
337,Grönkål,Sackaros,Grönsaker,0.7,g
337,Grönkål,Riboflavin,Grönsaker,0.15,mg
337,Grönkål,Retinol,Grönsaker,0.0,µg
337,Grönkål,Protein,Grönsaker,3.4,g
337,Grönkål,Summa fleromättade fettsyror,Grönsaker,0.0,g
337,Grönkål,"Fosfor, P",Grönsaker,69.0,mg
337,Grönkål,Niacinekvivalenter,Grönsaker,2.5,NE/mg
337,Grönkål,Niacin,Grönsaker,1.89,mg
337,Grönkål,"Salt, NaCl",Grönsaker,0.0,g
337,Grönkål,"Natrium, Na",Grönsaker,22.0,mg
337,Grönkål,Monosackarider,Grönsaker,1.4,g
337,Grönkål,"Sockerarter, totalt",Grönsaker,2.1,g
337,Grönkål,Summa enkelomättade fettsyror,Grönsaker,0.0,g
337,Grönkål,"Magnesium, Mg",Grönsaker,20.0,mg
337,Grönkål,Summa mättade fettsyror,Grönsaker,0.0,g
337,Grönkål,"Kolhydrater, tillgängliga",Grönsaker,3.2,g
337,Grönkål,Kolesterol,Grönsaker,0.0,mg
337,Grönkål,"Kalium, K",Grönsaker,378.0,mg
337,Grönkål,"Jod, I",Grönsaker,0.0,µg
337,Grönkål,Fullkorn totalt,Grönsaker,0.0,g
337,Grönkål,"Folat, totalt",Grönsaker,111.0,µg
337,Grönkål,Fibrer,Grönsaker,3.7,g
337,Grönkål,"Fett, totalt",Grönsaker,0.7,g
337,Grönkål,"Järn, Fe",Grönsaker,0.9,mg
337,Grönkål,Energi (kJ),Grönsaker,167.0,kJ
337,Grönkål,Energi (kcal),Grönsaker,40.0,kcal
337,Grönkål,Disackarider,Grönsaker,0.7,g
337,Grönkål,"Kalcium, Ca",Grönsaker,128.0,mg
337,Grönkål,Fettsyra 4:0-10:0,Grönsaker,0.0,g
337,Grönkål,DHA (C22:6),Grönsaker,0.0,g
337,Grönkål,DPA (C22:5),Grönsaker,0.0,g
337,Grönkål,EPA (C20:5),Grönsaker,0.0,g
337,Grönkål,Arakidonsyra C20:4,Grönsaker,0.0,g
337,Grönkål,Arakidinsyra C20:0,Grönsaker,0.0,g
337,Grönkål,Linolensyra C18:3,Grönsaker,0.0,g
337,Grönkål,Linolsyra C18:2,Grönsaker,0.0,g
337,Grönkål,Oljesyra C18:1,Grönsaker,0.0,g
337,Grönkål,Stearinsyra C18:0,Grönsaker,0.0,g
337,Grönkål,Palmitoljesyra C16:1,Grönsaker,0.0,g
337,Grönkål,Palmitinsyra C16:0,Grönsaker,0.0,g
337,Grönkål,Myristinsyra C14:0,Grönsaker,0.0,g
337,Grönkål,Laurinsyra C12:0,Grönsaker,0.0,g
337,Grönkål,Betakaroten/β-Karoten,Grönsaker,3150.0,µg
337,Grönkål,Avfall (skal etc.),Grönsaker,38.0,%
337,Grönkål,Aska,Grönsaker,1.5,g
337,Grönkål,Alkohol,Grönsaker,0.0,g
338,Grönkål frysvara,"Zink, Zn",Grönsaker,0.2,mg
338,Grönkål frysvara,Vitamin E,Grönsaker,2.4,mg
338,Grönkål frysvara,Vitamin D inkl 25-OH-D3,Grönsaker,0.0,µg
338,Grönkål frysvara,Vitamin D,Grönsaker,0.0,µg
338,Grönkål frysvara,Vitamin C,Grönsaker,28.0,mg
338,Grönkål frysvara,Vitamin B6,Grönsaker,0.09,mg
338,Grönkål frysvara,Vitamin B12,Grönsaker,0.0,µg
338,Grönkål frysvara,Vitamin A,Grönsaker,175.0,RE/µg
338,Grönkål frysvara,Vatten,Grönsaker,91.0,g
338,Grönkål frysvara,Tiamin,Grönsaker,0.06,mg
338,Grönkål frysvara,Tillsatt socker,Grönsaker,0.0,g
338,Grönkål frysvara,Fritt socker,Grönsaker,0.0,g
338,Grönkål frysvara,"Selen, Se",Grönsaker,2.3,µg
338,Grönkål frysvara,Sackaros,Grönsaker,0.4,g
338,Grönkål frysvara,Riboflavin,Grönsaker,0.11,mg
338,Grönkål frysvara,Retinol,Grönsaker,0.0,µg
338,Grönkål frysvara,Protein,Grönsaker,2.7,g
338,Grönkål frysvara,Summa fleromättade fettsyror,Grönsaker,0.3,g
338,Grönkål frysvara,"Fosfor, P",Grönsaker,29.0,mg
338,Grönkål frysvara,Niacinekvivalenter,Grönsaker,1.15,NE/mg
338,Grönkål frysvara,Niacin,Grönsaker,0.7,mg
338,Grönkål frysvara,"Salt, NaCl",Grönsaker,0.0,g
338,Grönkål frysvara,"Natrium, Na",Grönsaker,15.0,mg
338,Grönkål frysvara,Monosackarider,Grönsaker,0.7,g
338,Grönkål frysvara,"Sockerarter, totalt",Grönsaker,1.1,g
338,Grönkål frysvara,Summa enkelomättade fettsyror,Grönsaker,0.0,g
338,Grönkål frysvara,"Magnesium, Mg",Grönsaker,18.0,mg
338,Grönkål frysvara,Summa mättade fettsyror,Grönsaker,0.1,g
338,Grönkål frysvara,"Kolhydrater, tillgängliga",Grönsaker,2.3,g
338,Grönkål frysvara,Kolesterol,Grönsaker,0.0,mg
338,Grönkål frysvara,"Kalium, K",Grönsaker,330.0,mg
338,Grönkål frysvara,"Jod, I",Grönsaker,0.0,µg
338,Grönkål frysvara,Fullkorn totalt,Grönsaker,0.0,g
338,Grönkål frysvara,"Folat, totalt",Grönsaker,17.0,µg
338,Grönkål frysvara,Fibrer,Grönsaker,2.6,g
338,Grönkål frysvara,"Fett, totalt",Grönsaker,0.5,g
338,Grönkål frysvara,"Järn, Fe",Grönsaker,0.4,mg
338,Grönkål frysvara,Energi (kJ),Grönsaker,124.0,kJ
338,Grönkål frysvara,Energi (kcal),Grönsaker,30.0,kcal
338,Grönkål frysvara,Disackarider,Grönsaker,0.4,g
338,Grönkål frysvara,"Kalcium, Ca",Grönsaker,136.0,mg
338,Grönkål frysvara,Fettsyra 4:0-10:0,Grönsaker,0.0,g
338,Grönkål frysvara,DHA (C22:6),Grönsaker,0.0,g
338,Grönkål frysvara,DPA (C22:5),Grönsaker,0.0,g
338,Grönkål frysvara,EPA (C20:5),Grönsaker,0.0,g
338,Grönkål frysvara,Arakidonsyra C20:4,Grönsaker,0.0,g
338,Grönkål frysvara,Arakidinsyra C20:0,Grönsaker,0.0,g
338,Grönkål frysvara,Linolensyra C18:3,Grönsaker,0.2,g
338,Grönkål frysvara,Linolsyra C18:2,Grönsaker,0.1,g
338,Grönkål frysvara,Oljesyra C18:1,Grönsaker,0.0,g
338,Grönkål frysvara,Stearinsyra C18:0,Grönsaker,0.0,g
338,Grönkål frysvara,Palmitoljesyra C16:1,Grönsaker,0.0,g
338,Grönkål frysvara,Palmitinsyra C16:0,Grönsaker,0.0,g
338,Grönkål frysvara,Myristinsyra C14:0,Grönsaker,0.0,g
338,Grönkål frysvara,Laurinsyra C12:0,Grönsaker,0.0,g
338,Grönkål frysvara,Betakaroten/β-Karoten,Grönsaker,2100.0,µg
338,Grönkål frysvara,Avfall (skal etc.),Grönsaker,0.0,%
338,Grönkål frysvara,Aska,Grönsaker,0.9,g
338,Grönkål frysvara,Alkohol,Grönsaker,0.0,g
339,Gurka,"Zink, Zn",Grönsaker,0.2,mg
339,Gurka,Vitamin E,Grönsaker,0.2,mg
339,Gurka,Vitamin D inkl 25-OH-D3,Grönsaker,0.0,µg
339,Gurka,Vitamin D,Grönsaker,0.0,µg
339,Gurka,Vitamin C,Grönsaker,10.1,mg
339,Gurka,Vitamin B6,Grönsaker,0.05,mg
339,Gurka,Vitamin B12,Grönsaker,0.0,µg
339,Gurka,Vitamin A,Grönsaker,10.0,RE/µg
339,Gurka,Vatten,Grönsaker,96.5,g
339,Gurka,Tiamin,Grönsaker,0.02,mg
339,Gurka,Tillsatt socker,Grönsaker,0.0,g
339,Gurka,Fritt socker,Grönsaker,0.0,g
339,Gurka,"Selen, Se",Grönsaker,0.0,µg
339,Gurka,Sackaros,Grönsaker,0.0,g
339,Gurka,Riboflavin,Grönsaker,0.0,mg
339,Gurka,Retinol,Grönsaker,0.0,µg
339,Gurka,Protein,Grönsaker,0.8,g
339,Gurka,Summa fleromättade fettsyror,Grönsaker,0.0,g
339,Gurka,"Fosfor, P",Grönsaker,25.0,mg
339,Gurka,Niacinekvivalenter,Grönsaker,0.3,NE/mg
339,Gurka,Niacin,Grönsaker,0.19,mg
339,Gurka,"Salt, NaCl",Grönsaker,0.0,g
339,Gurka,"Natrium, Na",Grönsaker,3.0,mg
339,Gurka,Monosackarider,Grönsaker,1.7,g
339,Gurka,"Sockerarter, totalt",Grönsaker,1.7,g
339,Gurka,Summa enkelomättade fettsyror,Grönsaker,0.0,g
339,Gurka,"Magnesium, Mg",Grönsaker,10.0,mg
339,Gurka,Summa mättade fettsyror,Grönsaker,0.0,g
339,Gurka,"Kolhydrater, tillgängliga",Grönsaker,2.3,g
339,Gurka,Kolesterol,Grönsaker,0.0,mg
339,Gurka,"Kalium, K",Grönsaker,160.0,mg
339,Gurka,"Jod, I",Grönsaker,3.0,µg
339,Gurka,Fullkorn totalt,Grönsaker,0.0,g
339,Gurka,"Folat, totalt",Grönsaker,10.4,µg
339,Gurka,Fibrer,Grönsaker,0.0,g
339,Gurka,"Fett, totalt",Grönsaker,0.1,g
339,Gurka,"Järn, Fe",Grönsaker,0.3,mg
339,Gurka,Energi (kJ),Grönsaker,55.0,kJ
339,Gurka,Energi (kcal),Grönsaker,13.0,kcal
339,Gurka,Disackarider,Grönsaker,0.0,g
339,Gurka,"Kalcium, Ca",Grönsaker,17.0,mg
339,Gurka,Fettsyra 4:0-10:0,Grönsaker,0.0,g
339,Gurka,DHA (C22:6),Grönsaker,0.0,g
339,Gurka,DPA (C22:5),Grönsaker,0.0,g
339,Gurka,EPA (C20:5),Grönsaker,0.0,g
339,Gurka,Arakidonsyra C20:4,Grönsaker,0.0,g
339,Gurka,Arakidinsyra C20:0,Grönsaker,0.0,g
339,Gurka,Linolensyra C18:3,Grönsaker,0.0,g
339,Gurka,Linolsyra C18:2,Grönsaker,0.0,g
339,Gurka,Oljesyra C18:1,Grönsaker,0.0,g
339,Gurka,Stearinsyra C18:0,Grönsaker,0.0,g
339,Gurka,Palmitoljesyra C16:1,Grönsaker,0.0,g
339,Gurka,Palmitinsyra C16:0,Grönsaker,0.0,g
339,Gurka,Myristinsyra C14:0,Grönsaker,0.0,g
339,Gurka,Laurinsyra C12:0,Grönsaker,0.0,g
339,Gurka,Betakaroten/β-Karoten,Grönsaker,119.0,µg
339,Gurka,Avfall (skal etc.),Grönsaker,8.0,%
339,Gurka,Aska,Grönsaker,0.4,g
339,Gurka,Alkohol,Grönsaker,0.0,g
340,Isbergssallat,"Zink, Zn",Grönsaker,0.2,mg
340,Isbergssallat,Vitamin E,Grönsaker,0.8,mg
340,Isbergssallat,Vitamin D inkl 25-OH-D3,Grönsaker,0.0,µg
340,Isbergssallat,Vitamin D,Grönsaker,0.0,µg
340,Isbergssallat,Vitamin C,Grönsaker,5.0,mg
340,Isbergssallat,Vitamin B6,Grönsaker,0.05,mg
340,Isbergssallat,Vitamin B12,Grönsaker,0.0,µg
340,Isbergssallat,Vitamin A,Grönsaker,9.2,RE/µg
340,Isbergssallat,Vatten,Grönsaker,96.2,g
340,Isbergssallat,Tiamin,Grönsaker,0.03,mg
340,Isbergssallat,Tillsatt socker,Grönsaker,0.0,g
340,Isbergssallat,Fritt socker,Grönsaker,0.0,g
340,Isbergssallat,"Selen, Se",Grönsaker,0.0,µg
340,Isbergssallat,Sackaros,Grönsaker,0.1,g
340,Isbergssallat,Riboflavin,Grönsaker,0.0,mg
340,Isbergssallat,Retinol,Grönsaker,0.0,µg
340,Isbergssallat,Protein,Grönsaker,0.8,g
340,Isbergssallat,Summa fleromättade fettsyror,Grönsaker,0.1,g
340,Isbergssallat,"Fosfor, P",Grönsaker,23.0,mg
340,Isbergssallat,Niacinekvivalenter,Grönsaker,0.4,NE/mg
340,Isbergssallat,Niacin,Grönsaker,0.22,mg
340,Isbergssallat,"Salt, NaCl",Grönsaker,0.0,g
340,Isbergssallat,"Natrium, Na",Grönsaker,3.0,mg
340,Isbergssallat,Monosackarider,Grönsaker,2.1,g
340,Isbergssallat,"Sockerarter, totalt",Grönsaker,2.2,g
340,Isbergssallat,Summa enkelomättade fettsyror,Grönsaker,0.0,g
340,Isbergssallat,"Magnesium, Mg",Grönsaker,11.0,mg
340,Isbergssallat,Summa mättade fettsyror,Grönsaker,0.0,g
340,Isbergssallat,"Kolhydrater, tillgängliga",Grönsaker,2.5,g
340,Isbergssallat,Kolesterol,Grönsaker,0.0,mg
340,Isbergssallat,"Kalium, K",Grönsaker,180.0,mg
340,Isbergssallat,"Jod, I",Grönsaker,1.0,µg
340,Isbergssallat,Fullkorn totalt,Grönsaker,0.0,g
340,Isbergssallat,"Folat, totalt",Grönsaker,57.0,µg
340,Isbergssallat,Fibrer,Grönsaker,0.0,g
340,Isbergssallat,"Fett, totalt",Grönsaker,0.1,g
340,Isbergssallat,"Järn, Fe",Grönsaker,0.3,mg
340,Isbergssallat,Energi (kJ),Grönsaker,61.0,kJ
340,Isbergssallat,Energi (kcal),Grönsaker,14.0,kcal
340,Isbergssallat,Disackarider,Grönsaker,0.1,g
340,Isbergssallat,"Kalcium, Ca",Grönsaker,25.0,mg
340,Isbergssallat,Fettsyra 4:0-10:0,Grönsaker,0.0,g
340,Isbergssallat,DHA (C22:6),Grönsaker,0.0,g
340,Isbergssallat,DPA (C22:5),Grönsaker,0.0,g
340,Isbergssallat,EPA (C20:5),Grönsaker,0.0,g
340,Isbergssallat,Arakidonsyra C20:4,Grönsaker,0.0,g
340,Isbergssallat,Arakidinsyra C20:0,Grönsaker,0.0,g
340,Isbergssallat,Linolensyra C18:3,Grönsaker,0.0,g
340,Isbergssallat,Linolsyra C18:2,Grönsaker,0.0,g
340,Isbergssallat,Oljesyra C18:1,Grönsaker,0.0,g
340,Isbergssallat,Stearinsyra C18:0,Grönsaker,0.0,g
340,Isbergssallat,Palmitoljesyra C16:1,Grönsaker,0.0,g
340,Isbergssallat,Palmitinsyra C16:0,Grönsaker,0.0,g
340,Isbergssallat,Myristinsyra C14:0,Grönsaker,0.0,g
340,Isbergssallat,Laurinsyra C12:0,Grönsaker,0.0,g
340,Isbergssallat,Betakaroten/β-Karoten,Grönsaker,108.0,µg
340,Isbergssallat,Avfall (skal etc.),Grönsaker,5.0,%
340,Isbergssallat,Aska,Grönsaker,0.4,g
340,Isbergssallat,Alkohol,Grönsaker,0.0,g
342,Kronärtskocka,"Zink, Zn",Grönsaker,0.4,mg
342,Kronärtskocka,Vitamin E,Grönsaker,0.2,mg
342,Kronärtskocka,Vitamin D inkl 25-OH-D3,Grönsaker,0.0,µg
342,Kronärtskocka,Vitamin D,Grönsaker,0.0,µg
342,Kronärtskocka,Vitamin C,Grönsaker,11.0,mg
342,Kronärtskocka,Vitamin B6,Grönsaker,0.11,mg
342,Kronärtskocka,Vitamin B12,Grönsaker,0.0,µg
342,Kronärtskocka,Vitamin A,Grönsaker,3.9,RE/µg
342,Kronärtskocka,Vatten,Grönsaker,84.0,g
342,Kronärtskocka,Tiamin,Grönsaker,0.08,mg
342,Kronärtskocka,Tillsatt socker,Grönsaker,0.0,g
342,Kronärtskocka,Fritt socker,Grönsaker,0.0,g
342,Kronärtskocka,"Selen, Se",Grönsaker,1.0,µg
342,Kronärtskocka,Sackaros,Grönsaker,0.1,g
342,Kronärtskocka,Riboflavin,Grönsaker,0.06,mg
342,Kronärtskocka,Retinol,Grönsaker,0.0,µg
342,Kronärtskocka,Protein,Grönsaker,2.7,g
342,Kronärtskocka,Summa fleromättade fettsyror,Grönsaker,0.1,g
342,Kronärtskocka,"Fosfor, P",Grönsaker,77.0,mg
342,Kronärtskocka,Niacinekvivalenter,Grönsaker,1.25,NE/mg
342,Kronärtskocka,Niacin,Grönsaker,0.8,mg
342,Kronärtskocka,"Salt, NaCl",Grönsaker,0.2,g
342,Kronärtskocka,"Natrium, Na",Grönsaker,80.0,mg
342,Kronärtskocka,Monosackarider,Grönsaker,2.5,g
342,Kronärtskocka,"Sockerarter, totalt",Grönsaker,2.6,g
342,Kronärtskocka,Summa enkelomättade fettsyror,Grönsaker,0.0,g
342,Kronärtskocka,"Magnesium, Mg",Grönsaker,47.0,mg
342,Kronärtskocka,Summa mättade fettsyror,Grönsaker,0.0,g
342,Kronärtskocka,"Kolhydrater, tillgängliga",Grönsaker,7.3,g
342,Kronärtskocka,Kolesterol,Grönsaker,0.0,mg
342,Kronärtskocka,"Kalium, K",Grönsaker,340.0,mg
342,Kronärtskocka,"Jod, I",Grönsaker,0.0,µg
342,Kronärtskocka,Fullkorn totalt,Grönsaker,0.0,g
342,Kronärtskocka,"Folat, totalt",Grönsaker,74.0,µg
342,Kronärtskocka,Fibrer,Grönsaker,5.0,g
342,Kronärtskocka,"Fett, totalt",Grönsaker,0.2,g
342,Kronärtskocka,"Järn, Fe",Grönsaker,1.6,mg
342,Kronärtskocka,Energi (kJ),Grönsaker,217.0,kJ
342,Kronärtskocka,Energi (kcal),Grönsaker,52.0,kcal
342,Kronärtskocka,Disackarider,Grönsaker,0.1,g
342,Kronärtskocka,"Kalcium, Ca",Grönsaker,48.0,mg
342,Kronärtskocka,Fettsyra 4:0-10:0,Grönsaker,0.0,g
342,Kronärtskocka,DHA (C22:6),Grönsaker,0.0,g
342,Kronärtskocka,DPA (C22:5),Grönsaker,0.0,g
342,Kronärtskocka,EPA (C20:5),Grönsaker,0.0,g
342,Kronärtskocka,Arakidonsyra C20:4,Grönsaker,0.0,g
342,Kronärtskocka,Arakidinsyra C20:0,Grönsaker,0.0,g
342,Kronärtskocka,Linolensyra C18:3,Grönsaker,0.0,g
342,Kronärtskocka,Linolsyra C18:2,Grönsaker,0.1,g
342,Kronärtskocka,Oljesyra C18:1,Grönsaker,0.0,g
342,Kronärtskocka,Stearinsyra C18:0,Grönsaker,0.0,g
342,Kronärtskocka,Palmitoljesyra C16:1,Grönsaker,0.0,g
342,Kronärtskocka,Palmitinsyra C16:0,Grönsaker,0.0,g
342,Kronärtskocka,Myristinsyra C14:0,Grönsaker,0.0,g
342,Kronärtskocka,Laurinsyra C12:0,Grönsaker,0.0,g
342,Kronärtskocka,Betakaroten/β-Karoten,Grönsaker,47.0,µg
342,Kronärtskocka,Avfall (skal etc.),Grönsaker,60.0,%
342,Kronärtskocka,Aska,Grönsaker,0.8,g
342,Kronärtskocka,Alkohol,Grönsaker,0.0,g
343,Kålrabbi,"Zink, Zn",Grönsaker,0.3,mg
343,Kålrabbi,Vitamin E,Grönsaker,0.2,mg
343,Kålrabbi,Vitamin D inkl 25-OH-D3,Grönsaker,0.0,µg
343,Kålrabbi,Vitamin D,Grönsaker,0.0,µg
343,Kålrabbi,Vitamin C,Grönsaker,62.0,mg
343,Kålrabbi,Vitamin B6,Grönsaker,0.15,mg
343,Kålrabbi,Vitamin B12,Grönsaker,0.0,µg
343,Kålrabbi,Vitamin A,Grönsaker,2.0,RE/µg
343,Kålrabbi,Vatten,Grönsaker,91.0,g
343,Kålrabbi,Tiamin,Grönsaker,0.05,mg
343,Kålrabbi,Tillsatt socker,Grönsaker,0.0,g
343,Kålrabbi,Fritt socker,Grönsaker,0.0,g
343,Kålrabbi,"Selen, Se",Grönsaker,0.5,µg
343,Kålrabbi,Sackaros,Grönsaker,0.9,g
343,Kålrabbi,Riboflavin,Grönsaker,0.02,mg
343,Kålrabbi,Retinol,Grönsaker,0.0,µg
343,Kålrabbi,Protein,Grönsaker,1.7,g
343,Kålrabbi,Summa fleromättade fettsyror,Grönsaker,0.0,g
343,Kålrabbi,"Fosfor, P",Grönsaker,46.0,mg
343,Kålrabbi,Niacinekvivalenter,Grönsaker,0.68,NE/mg
343,Kålrabbi,Niacin,Grönsaker,0.4,mg
343,Kålrabbi,"Salt, NaCl",Grönsaker,0.0,g
343,Kålrabbi,"Natrium, Na",Grönsaker,20.0,mg
343,Kålrabbi,Monosackarider,Grönsaker,2.0,g
343,Kålrabbi,"Sockerarter, totalt",Grönsaker,2.9,g
343,Kålrabbi,Summa enkelomättade fettsyror,Grönsaker,0.0,g
343,Kålrabbi,"Magnesium, Mg",Grönsaker,19.0,mg
343,Kålrabbi,Summa mättade fettsyror,Grönsaker,0.0,g
343,Kålrabbi,"Kolhydrater, tillgängliga",Grönsaker,4.4,g
343,Kålrabbi,Kolesterol,Grönsaker,0.0,mg
343,Kålrabbi,"Kalium, K",Grönsaker,350.0,mg
343,Kålrabbi,"Jod, I",Grönsaker,1.0,µg
343,Kålrabbi,Fullkorn totalt,Grönsaker,0.0,g
343,Kålrabbi,"Folat, totalt",Grönsaker,20.0,µg
343,Kålrabbi,Fibrer,Grönsaker,1.8,g
343,Kålrabbi,"Fett, totalt",Grönsaker,0.1,g
343,Kålrabbi,"Järn, Fe",Grönsaker,0.4,mg
343,Kålrabbi,Energi (kJ),Grönsaker,122.0,kJ
343,Kålrabbi,Energi (kcal),Grönsaker,29.0,kcal
343,Kålrabbi,Disackarider,Grönsaker,0.9,g
343,Kålrabbi,"Kalcium, Ca",Grönsaker,24.0,mg
343,Kålrabbi,Fettsyra 4:0-10:0,Grönsaker,0.0,g
343,Kålrabbi,DHA (C22:6),Grönsaker,0.0,g
343,Kålrabbi,DPA (C22:5),Grönsaker,0.0,g
343,Kålrabbi,EPA (C20:5),Grönsaker,0.0,g
343,Kålrabbi,Arakidonsyra C20:4,Grönsaker,0.0,g
343,Kålrabbi,Arakidinsyra C20:0,Grönsaker,0.0,g
343,Kålrabbi,Linolensyra C18:3,Grönsaker,0.0,g
343,Kålrabbi,Linolsyra C18:2,Grönsaker,0.0,g
343,Kålrabbi,Oljesyra C18:1,Grönsaker,0.0,g
343,Kålrabbi,Stearinsyra C18:0,Grönsaker,0.0,g
343,Kålrabbi,Palmitoljesyra C16:1,Grönsaker,0.0,g
343,Kålrabbi,Palmitinsyra C16:0,Grönsaker,0.0,g
343,Kålrabbi,Myristinsyra C14:0,Grönsaker,0.0,g
343,Kålrabbi,Laurinsyra C12:0,Grönsaker,0.0,g
343,Kålrabbi,Betakaroten/β-Karoten,Grönsaker,24.0,µg
343,Kålrabbi,Avfall (skal etc.),Grönsaker,54.0,%
343,Kålrabbi,Aska,Grönsaker,1.0,g
343,Kålrabbi,Alkohol,Grönsaker,0.0,g
344,Lök gul,"Zink, Zn",Grönsaker,0.1,mg
344,Lök gul,Vitamin E,Grönsaker,0.0,mg
344,Lök gul,Vitamin D inkl 25-OH-D3,Grönsaker,0.0,µg
344,Lök gul,Vitamin D,Grönsaker,0.0,µg
344,Lök gul,Vitamin C,Grönsaker,7.8,mg
344,Lök gul,Vitamin B6,Grönsaker,0.16,mg
344,Lök gul,Vitamin B12,Grönsaker,0.0,µg
344,Lök gul,Vitamin A,Grönsaker,0.2,RE/µg
344,Lök gul,Vatten,Grönsaker,89.1,g
344,Lök gul,Tiamin,Grönsaker,0.04,mg
344,Lök gul,Tillsatt socker,Grönsaker,0.0,g
344,Lök gul,Fritt socker,Grönsaker,0.0,g
344,Lök gul,"Selen, Se",Grönsaker,0.0,µg
344,Lök gul,Sackaros,Grönsaker,1.5,g
344,Lök gul,Riboflavin,Grönsaker,0.0,mg
344,Lök gul,Retinol,Grönsaker,0.0,µg
344,Lök gul,Protein,Grönsaker,1.2,g
344,Lök gul,Summa fleromättade fettsyror,Grönsaker,0.0,g
344,Lök gul,"Fosfor, P",Grönsaker,33.0,mg
344,Lök gul,Niacinekvivalenter,Grönsaker,0.3,NE/mg
344,Lök gul,Niacin,Grönsaker,0.14,mg
344,Lök gul,"Salt, NaCl",Grönsaker,0.0,g
344,Lök gul,"Natrium, Na",Grönsaker,3.0,mg
344,Lök gul,Monosackarider,Grönsaker,3.0,g
344,Lök gul,"Sockerarter, totalt",Grönsaker,4.5,g
344,Lök gul,Summa enkelomättade fettsyror,Grönsaker,0.0,g
344,Lök gul,"Magnesium, Mg",Grönsaker,11.0,mg
344,Lök gul,Summa mättade fettsyror,Grönsaker,0.0,g
344,Lök gul,"Kolhydrater, tillgängliga",Grönsaker,7.3,g
344,Lök gul,Kolesterol,Grönsaker,0.0,mg
344,Lök gul,"Kalium, K",Grönsaker,190.0,mg
344,Lök gul,"Jod, I",Grönsaker,2.0,µg
344,Lök gul,Fullkorn totalt,Grönsaker,0.0,g
344,Lök gul,"Folat, totalt",Grönsaker,20.4,µg
344,Lök gul,Fibrer,Grönsaker,1.9,g
344,Lök gul,"Fett, totalt",Grönsaker,0.1,g
344,Lök gul,"Järn, Fe",Grönsaker,0.2,mg
344,Lök gul,Energi (kJ),Grönsaker,163.0,kJ
344,Lök gul,Energi (kcal),Grönsaker,39.0,kcal
344,Lök gul,Disackarider,Grönsaker,1.5,g
344,Lök gul,"Kalcium, Ca",Grönsaker,31.0,mg
344,Lök gul,Fettsyra 4:0-10:0,Grönsaker,0.0,g
344,Lök gul,DHA (C22:6),Grönsaker,0.0,g
344,Lök gul,DPA (C22:5),Grönsaker,0.0,g
344,Lök gul,EPA (C20:5),Grönsaker,0.0,g
344,Lök gul,Arakidonsyra C20:4,Grönsaker,0.0,g
344,Lök gul,Arakidinsyra C20:0,Grönsaker,0.0,g
344,Lök gul,Linolensyra C18:3,Grönsaker,0.0,g
344,Lök gul,Linolsyra C18:2,Grönsaker,0.0,g
344,Lök gul,Oljesyra C18:1,Grönsaker,0.0,g
344,Lök gul,Stearinsyra C18:0,Grönsaker,0.0,g
344,Lök gul,Palmitoljesyra C16:1,Grönsaker,0.0,g
344,Lök gul,Palmitinsyra C16:0,Grönsaker,0.0,g
344,Lök gul,Myristinsyra C14:0,Grönsaker,0.0,g
344,Lök gul,Laurinsyra C12:0,Grönsaker,0.0,g
344,Lök gul,Betakaroten/β-Karoten,Grönsaker,2.0,µg
344,Lök gul,Avfall (skal etc.),Grönsaker,6.0,%
344,Lök gul,Aska,Grönsaker,0.5,g
344,Lök gul,Alkohol,Grönsaker,0.0,g
345,Majskolv,"Zink, Zn",Grönsaker,0.5,mg
345,Majskolv,Vitamin E,Grönsaker,0.1,mg
345,Majskolv,Vitamin D inkl 25-OH-D3,Grönsaker,0.0,µg
345,Majskolv,Vitamin D,Grönsaker,0.0,µg
345,Majskolv,Vitamin C,Grönsaker,7.0,mg
345,Majskolv,Vitamin B6,Grönsaker,0.18,mg
345,Majskolv,Vitamin B12,Grönsaker,0.0,µg
345,Majskolv,Vitamin A,Grönsaker,17.5,RE/µg
345,Majskolv,Vatten,Grönsaker,68.8,g
345,Majskolv,Tiamin,Grönsaker,0.14,mg
345,Majskolv,Tillsatt socker,Grönsaker,0.0,g
345,Majskolv,Fritt socker,Grönsaker,0.0,g
345,Majskolv,"Selen, Se",Grönsaker,0.5,µg
345,Majskolv,Sackaros,Grönsaker,2.3,g
345,Majskolv,Riboflavin,Grönsaker,0.08,mg
345,Majskolv,Retinol,Grönsaker,0.0,µg
345,Majskolv,Protein,Grönsaker,3.9,g
345,Majskolv,Summa fleromättade fettsyror,Grönsaker,0.7,g
345,Majskolv,"Fosfor, P",Grönsaker,105.0,mg
345,Majskolv,Niacinekvivalenter,Grönsaker,2.09,NE/mg
345,Majskolv,Niacin,Grönsaker,1.7,mg
345,Majskolv,"Salt, NaCl",Grönsaker,0.0,g
345,Majskolv,"Natrium, Na",Grönsaker,0.0,mg
345,Majskolv,Monosackarider,Grönsaker,0.7,g
345,Majskolv,"Sockerarter, totalt",Grönsaker,3.3,g
345,Majskolv,Summa enkelomättade fettsyror,Grönsaker,0.5,g
345,Majskolv,"Magnesium, Mg",Grönsaker,39.0,mg
345,Majskolv,Summa mättade fettsyror,Grönsaker,0.2,g
345,Majskolv,"Kolhydrater, tillgängliga",Grönsaker,22.1,g
345,Majskolv,Kolesterol,Grönsaker,0.0,mg
345,Majskolv,"Kalium, K",Grönsaker,294.0,mg
345,Majskolv,"Jod, I",Grönsaker,0.5,µg
345,Majskolv,Fullkorn totalt,Grönsaker,100.0,g
345,Majskolv,"Folat, totalt",Grönsaker,97.5,µg
345,Majskolv,Fibrer,Grönsaker,2.9,g
345,Majskolv,"Fett, totalt",Grönsaker,1.6,g
345,Majskolv,"Järn, Fe",Grönsaker,0.5,mg
345,Majskolv,Energi (kJ),Grönsaker,524.0,kJ
345,Majskolv,Energi (kcal),Grönsaker,125.0,kcal
345,Majskolv,Disackarider,Grönsaker,2.6,g
345,Majskolv,"Kalcium, Ca",Grönsaker,3.0,mg
345,Majskolv,Fettsyra 4:0-10:0,Grönsaker,0.0,g
345,Majskolv,DHA (C22:6),Grönsaker,0.0,g
345,Majskolv,DPA (C22:5),Grönsaker,0.0,g
345,Majskolv,EPA (C20:5),Grönsaker,0.0,g
345,Majskolv,Arakidonsyra C20:4,Grönsaker,0.0,g
345,Majskolv,Arakidinsyra C20:0,Grönsaker,0.0,g
345,Majskolv,Linolensyra C18:3,Grönsaker,0.0,g
345,Majskolv,Linolsyra C18:2,Grönsaker,0.7,g
345,Majskolv,Oljesyra C18:1,Grönsaker,0.5,g
345,Majskolv,Stearinsyra C18:0,Grönsaker,0.0,g
345,Majskolv,Palmitoljesyra C16:1,Grönsaker,0.0,g
345,Majskolv,Palmitinsyra C16:0,Grönsaker,0.2,g
345,Majskolv,Myristinsyra C14:0,Grönsaker,0.0,g
345,Majskolv,Laurinsyra C12:0,Grönsaker,0.0,g
345,Majskolv,Betakaroten/β-Karoten,Grönsaker,168.0,µg
345,Majskolv,Avfall (skal etc.),Grönsaker,64.0,%
345,Majskolv,Aska,Grönsaker,0.8,g
345,Majskolv,Alkohol,Grönsaker,0.0,g
346,Majskolv frysvara,"Zink, Zn",Grönsaker,0.7,mg
346,Majskolv frysvara,Vitamin E,Grönsaker,0.5,mg
346,Majskolv frysvara,Vitamin D inkl 25-OH-D3,Grönsaker,0.0,µg
346,Majskolv frysvara,Vitamin D,Grönsaker,0.0,µg
346,Majskolv frysvara,Vitamin C,Grönsaker,7.0,mg
346,Majskolv frysvara,Vitamin B6,Grönsaker,0.18,mg
346,Majskolv frysvara,Vitamin B12,Grönsaker,0.0,µg
346,Majskolv frysvara,Vitamin A,Grönsaker,12.5,RE/µg
346,Majskolv frysvara,Vatten,Grönsaker,72.0,g
346,Majskolv frysvara,Tiamin,Grönsaker,0.1,mg
346,Majskolv frysvara,Tillsatt socker,Grönsaker,0.0,g
346,Majskolv frysvara,Fritt socker,Grönsaker,0.0,g
346,Majskolv frysvara,"Selen, Se",Grönsaker,0.5,µg
346,Majskolv frysvara,Sackaros,Grönsaker,0.8,g
346,Majskolv frysvara,Riboflavin,Grönsaker,0.09,mg
346,Majskolv frysvara,Retinol,Grönsaker,0.0,µg
346,Majskolv frysvara,Protein,Grönsaker,3.3,g
346,Majskolv frysvara,Summa fleromättade fettsyror,Grönsaker,0.4,g
346,Majskolv frysvara,"Fosfor, P",Grönsaker,87.0,mg
346,Majskolv frysvara,Niacinekvivalenter,Grönsaker,2.03,NE/mg
346,Majskolv frysvara,Niacin,Grönsaker,1.7,mg
346,Majskolv frysvara,"Salt, NaCl",Grönsaker,0.0,g
346,Majskolv frysvara,"Natrium, Na",Grönsaker,5.0,mg
346,Majskolv frysvara,Monosackarider,Grönsaker,0.8,g
346,Majskolv frysvara,"Sockerarter, totalt",Grönsaker,1.7,g
346,Majskolv frysvara,Summa enkelomättade fettsyror,Grönsaker,0.2,g
346,Majskolv frysvara,"Magnesium, Mg",Grönsaker,32.0,mg
346,Majskolv frysvara,Summa mättade fettsyror,Grönsaker,0.1,g
346,Majskolv frysvara,"Kolhydrater, tillgängliga",Grönsaker,21.5,g
346,Majskolv frysvara,Kolesterol,Grönsaker,0.0,mg
346,Majskolv frysvara,"Kalium, K",Grönsaker,294.0,mg
346,Majskolv frysvara,"Jod, I",Grönsaker,0.5,µg
346,Majskolv frysvara,Fullkorn totalt,Grönsaker,100.0,g
346,Majskolv frysvara,"Folat, totalt",Grönsaker,40.0,µg
346,Majskolv frysvara,Fibrer,Grönsaker,1.8,g
346,Majskolv frysvara,"Fett, totalt",Grönsaker,0.8,g
346,Majskolv frysvara,"Järn, Fe",Grönsaker,0.7,mg
346,Majskolv frysvara,Energi (kJ),Grönsaker,466.0,kJ
346,Majskolv frysvara,Energi (kcal),Grönsaker,111.0,kcal
346,Majskolv frysvara,Disackarider,Grönsaker,0.9,g
346,Majskolv frysvara,"Kalcium, Ca",Grönsaker,4.0,mg
346,Majskolv frysvara,Fettsyra 4:0-10:0,Grönsaker,0.0,g
346,Majskolv frysvara,DHA (C22:6),Grönsaker,0.0,g
346,Majskolv frysvara,DPA (C22:5),Grönsaker,0.0,g
346,Majskolv frysvara,EPA (C20:5),Grönsaker,0.0,g
346,Majskolv frysvara,Arakidonsyra C20:4,Grönsaker,0.0,g
346,Majskolv frysvara,Arakidinsyra C20:0,Grönsaker,0.0,g
346,Majskolv frysvara,Linolensyra C18:3,Grönsaker,0.0,g
346,Majskolv frysvara,Linolsyra C18:2,Grönsaker,0.4,g
346,Majskolv frysvara,Oljesyra C18:1,Grönsaker,0.2,g
346,Majskolv frysvara,Stearinsyra C18:0,Grönsaker,0.0,g
346,Majskolv frysvara,Palmitoljesyra C16:1,Grönsaker,0.0,g
346,Majskolv frysvara,Palmitinsyra C16:0,Grönsaker,0.1,g
346,Majskolv frysvara,Myristinsyra C14:0,Grönsaker,0.0,g
346,Majskolv frysvara,Laurinsyra C12:0,Grönsaker,0.0,g
346,Majskolv frysvara,Betakaroten/β-Karoten,Grönsaker,150.0,µg
346,Majskolv frysvara,Avfall (skal etc.),Grönsaker,45.0,%
346,Majskolv frysvara,Aska,Grönsaker,0.6,g
346,Majskolv frysvara,Alkohol,Grönsaker,0.0,g
347,Majskorn frysvara,"Zink, Zn",Grönsaker,0.4,mg
347,Majskorn frysvara,Vitamin E,Grönsaker,0.1,mg
347,Majskorn frysvara,Vitamin D inkl 25-OH-D3,Grönsaker,0.0,µg
347,Majskorn frysvara,Vitamin D,Grönsaker,0.0,µg
347,Majskorn frysvara,Vitamin C,Grönsaker,5.7,mg
347,Majskorn frysvara,Vitamin B6,Grönsaker,0.16,mg
347,Majskorn frysvara,Vitamin B12,Grönsaker,0.0,µg
347,Majskorn frysvara,Vitamin A,Grönsaker,4.5,RE/µg
347,Majskorn frysvara,Vatten,Grönsaker,74.1,g
347,Majskorn frysvara,Tiamin,Grönsaker,0.1,mg
347,Majskorn frysvara,Tillsatt socker,Grönsaker,0.0,g
347,Majskorn frysvara,Fritt socker,Grönsaker,0.0,g
347,Majskorn frysvara,"Selen, Se",Grönsaker,4.0,µg
347,Majskorn frysvara,Sackaros,Grönsaker,3.2,g
347,Majskorn frysvara,Riboflavin,Grönsaker,0.06,mg
347,Majskorn frysvara,Retinol,Grönsaker,0.0,µg
347,Majskorn frysvara,Protein,Grönsaker,3.0,g
347,Majskorn frysvara,Summa fleromättade fettsyror,Grönsaker,0.3,g
347,Majskorn frysvara,"Fosfor, P",Grönsaker,66.0,mg
347,Majskorn frysvara,Niacinekvivalenter,Grönsaker,1.9,NE/mg
347,Majskorn frysvara,Niacin,Grönsaker,1.56,mg
347,Majskorn frysvara,"Salt, NaCl",Grönsaker,0.0,g
347,Majskorn frysvara,"Natrium, Na",Grönsaker,1.0,mg
347,Majskorn frysvara,Monosackarider,Grönsaker,0.4,g
347,Majskorn frysvara,"Sockerarter, totalt",Grönsaker,3.6,g
347,Majskorn frysvara,Summa enkelomättade fettsyror,Grönsaker,0.3,g
347,Majskorn frysvara,"Magnesium, Mg",Grönsaker,23.0,mg
347,Majskorn frysvara,Summa mättade fettsyror,Grönsaker,0.6,g
347,Majskorn frysvara,"Kolhydrater, tillgängliga",Grönsaker,15.6,g
347,Majskorn frysvara,Kolesterol,Grönsaker,0.0,mg
347,Majskorn frysvara,"Kalium, K",Grönsaker,147.0,mg
347,Majskorn frysvara,"Jod, I",Grönsaker,0.0,µg
347,Majskorn frysvara,Fullkorn totalt,Grönsaker,100.0,g
347,Majskorn frysvara,"Folat, totalt",Grönsaker,68.3,µg
347,Majskorn frysvara,Fibrer,Grönsaker,5.2,g
347,Majskorn frysvara,"Fett, totalt",Grönsaker,1.5,g
347,Majskorn frysvara,"Järn, Fe",Grönsaker,0.4,mg
347,Majskorn frysvara,Energi (kJ),Grönsaker,414.0,kJ
347,Majskorn frysvara,Energi (kcal),Grönsaker,99.0,kcal
347,Majskorn frysvara,Disackarider,Grönsaker,3.2,g
347,Majskorn frysvara,"Kalcium, Ca",Grönsaker,6.0,mg
347,Majskorn frysvara,Fettsyra 4:0-10:0,Grönsaker,0.3,g
347,Majskorn frysvara,DHA (C22:6),Grönsaker,0.0,g
347,Majskorn frysvara,DPA (C22:5),Grönsaker,0.0,g
347,Majskorn frysvara,EPA (C20:5),Grönsaker,0.0,g
347,Majskorn frysvara,Arakidonsyra C20:4,Grönsaker,0.0,g
347,Majskorn frysvara,Arakidinsyra C20:0,Grönsaker,0.0,g
347,Majskorn frysvara,Linolensyra C18:3,Grönsaker,0.0,g
347,Majskorn frysvara,Linolsyra C18:2,Grönsaker,0.3,g
347,Majskorn frysvara,Oljesyra C18:1,Grönsaker,0.3,g
347,Majskorn frysvara,Stearinsyra C18:0,Grönsaker,0.1,g
347,Majskorn frysvara,Palmitoljesyra C16:1,Grönsaker,0.0,g
347,Majskorn frysvara,Palmitinsyra C16:0,Grönsaker,0.2,g
347,Majskorn frysvara,Myristinsyra C14:0,Grönsaker,0.0,g
347,Majskorn frysvara,Laurinsyra C12:0,Grönsaker,0.0,g
347,Majskorn frysvara,Betakaroten/β-Karoten,Grönsaker,36.0,µg
347,Majskorn frysvara,Avfall (skal etc.),Grönsaker,0.0,%
347,Majskorn frysvara,Aska,Grönsaker,0.5,g
347,Majskorn frysvara,Alkohol,Grönsaker,0.0,g
348,Mangold,"Zink, Zn",Grönsaker,0.6,mg
348,Mangold,Vitamin E,Grönsaker,1.5,mg
348,Mangold,Vitamin D inkl 25-OH-D3,Grönsaker,0.0,µg
348,Mangold,Vitamin D,Grönsaker,0.0,µg
348,Mangold,Vitamin C,Grönsaker,30.0,mg
348,Mangold,Vitamin B6,Grönsaker,0.2,mg
348,Mangold,Vitamin B12,Grönsaker,0.0,µg
348,Mangold,Vitamin A,Grönsaker,165.0,RE/µg
348,Mangold,Vatten,Grönsaker,93.0,g
348,Mangold,Tiamin,Grönsaker,0.04,mg
348,Mangold,Tillsatt socker,Grönsaker,0.0,g
348,Mangold,Fritt socker,Grönsaker,0.0,g
348,Mangold,"Selen, Se",Grönsaker,0.5,µg
348,Mangold,Sackaros,Grönsaker,0.1,g
348,Mangold,Riboflavin,Grönsaker,0.09,mg
348,Mangold,Retinol,Grönsaker,0.0,µg
348,Mangold,Protein,Grönsaker,1.8,g
348,Mangold,Summa fleromättade fettsyror,Grönsaker,0.1,g
348,Mangold,"Fosfor, P",Grönsaker,46.0,mg
348,Mangold,Niacinekvivalenter,Grönsaker,0.7,NE/mg
348,Mangold,Niacin,Grönsaker,0.4,mg
348,Mangold,"Salt, NaCl",Grönsaker,0.5,g
348,Mangold,"Natrium, Na",Grönsaker,215.0,mg
348,Mangold,Monosackarider,Grönsaker,0.2,g
348,Mangold,"Sockerarter, totalt",Grönsaker,0.3,g
348,Mangold,Summa enkelomättade fettsyror,Grönsaker,0.0,g
348,Mangold,"Magnesium, Mg",Grönsaker,81.0,mg
348,Mangold,Summa mättade fettsyror,Grönsaker,0.0,g
348,Mangold,"Kolhydrater, tillgängliga",Grönsaker,2.6,g
348,Mangold,Kolesterol,Grönsaker,0.0,mg
348,Mangold,"Kalium, K",Grönsaker,380.0,mg
348,Mangold,"Jod, I",Grönsaker,4.0,µg
348,Mangold,Fullkorn totalt,Grönsaker,0.0,g
348,Mangold,"Folat, totalt",Grönsaker,30.0,µg
348,Mangold,Fibrer,Grönsaker,0.8,g
348,Mangold,"Fett, totalt",Grönsaker,0.2,g
348,Mangold,"Järn, Fe",Grönsaker,1.8,mg
348,Mangold,Energi (kJ),Grönsaker,89.0,kJ
348,Mangold,Energi (kcal),Grönsaker,21.0,kcal
348,Mangold,Disackarider,Grönsaker,0.1,g
348,Mangold,"Kalcium, Ca",Grönsaker,51.0,mg
348,Mangold,Fettsyra 4:0-10:0,Grönsaker,0.0,g
348,Mangold,DHA (C22:6),Grönsaker,0.0,g
348,Mangold,DPA (C22:5),Grönsaker,0.0,g
348,Mangold,EPA (C20:5),Grönsaker,0.0,g
348,Mangold,Arakidonsyra C20:4,Grönsaker,0.0,g
348,Mangold,Arakidinsyra C20:0,Grönsaker,0.0,g
348,Mangold,Linolensyra C18:3,Grönsaker,0.1,g
348,Mangold,Linolsyra C18:2,Grönsaker,0.0,g
348,Mangold,Oljesyra C18:1,Grönsaker,0.0,g
348,Mangold,Stearinsyra C18:0,Grönsaker,0.0,g
348,Mangold,Palmitoljesyra C16:1,Grönsaker,0.0,g
348,Mangold,Palmitinsyra C16:0,Grönsaker,0.0,g
348,Mangold,Myristinsyra C14:0,Grönsaker,0.0,g
348,Mangold,Laurinsyra C12:0,Grönsaker,0.0,g
348,Mangold,Betakaroten/β-Karoten,Grönsaker,1980.0,µg
348,Mangold,Avfall (skal etc.),Grönsaker,8.0,%
348,Mangold,Aska,Grönsaker,1.6,g
348,Mangold,Alkohol,Grönsaker,0.0,g
349,Nässlor förvällda,"Zink, Zn",Grönsaker,0.3,mg
349,Nässlor förvällda,Vitamin E,Grönsaker,3.6,mg
349,Nässlor förvällda,Vitamin D inkl 25-OH-D3,Grönsaker,0.0,µg
349,Nässlor förvällda,Vitamin D,Grönsaker,0.0,µg
349,Nässlor förvällda,Vitamin C,Grönsaker,6.9,mg
349,Nässlor förvällda,Vitamin B6,Grönsaker,0.06,mg
349,Nässlor förvällda,Vitamin B12,Grönsaker,0.0,µg
349,Nässlor förvällda,Vitamin A,Grönsaker,227.5,RE/µg
349,Nässlor förvällda,Vatten,Grönsaker,90.7,g
349,Nässlor förvällda,Tiamin,Grönsaker,0.01,mg
349,Nässlor förvällda,Tillsatt socker,Grönsaker,0.0,g
349,Nässlor förvällda,Fritt socker,Grönsaker,0.0,g
349,Nässlor förvällda,"Selen, Se",Grönsaker,0.0,µg
349,Nässlor förvällda,Sackaros,Grönsaker,0.1,g
349,Nässlor förvällda,Riboflavin,Grönsaker,0.12,mg
349,Nässlor förvällda,Retinol,Grönsaker,0.0,µg
349,Nässlor förvällda,Protein,Grönsaker,4.1,g
349,Nässlor förvällda,Summa fleromättade fettsyror,Grönsaker,0.4,g
349,Nässlor förvällda,"Fosfor, P",Grönsaker,85.0,mg
349,Nässlor förvällda,Niacinekvivalenter,Grönsaker,1.1,NE/mg
349,Nässlor förvällda,Niacin,Grönsaker,0.38,mg
349,Nässlor förvällda,"Salt, NaCl",Grönsaker,0.0,g
349,Nässlor förvällda,"Natrium, Na",Grönsaker,3.0,mg
349,Nässlor förvällda,Monosackarider,Grönsaker,0.0,g
349,Nässlor förvällda,"Sockerarter, totalt",Grönsaker,0.1,g
349,Nässlor förvällda,Summa enkelomättade fettsyror,Grönsaker,0.0,g
349,Nässlor förvällda,"Magnesium, Mg",Grönsaker,30.0,mg
349,Nässlor förvällda,Summa mättade fettsyror,Grönsaker,0.1,g
349,Nässlor förvällda,"Kolhydrater, tillgängliga",Grönsaker,0.6,g
349,Nässlor förvällda,Kolesterol,Grönsaker,0.0,mg
349,Nässlor förvällda,"Kalium, K",Grönsaker,150.0,mg
349,Nässlor förvällda,"Jod, I",Grönsaker,0.0,µg
349,Nässlor förvällda,Fullkorn totalt,Grönsaker,0.0,g
349,Nässlor förvällda,"Folat, totalt",Grönsaker,82.6,µg
349,Nässlor förvällda,Fibrer,Grönsaker,2.7,g
349,Nässlor förvällda,"Fett, totalt",Grönsaker,0.7,g
349,Nässlor förvällda,"Järn, Fe",Grönsaker,2.8,mg
349,Nässlor förvällda,Energi (kJ),Grönsaker,128.0,kJ
349,Nässlor förvällda,Energi (kcal),Grönsaker,30.0,kcal
349,Nässlor förvällda,Disackarider,Grönsaker,0.1,g
349,Nässlor förvällda,"Kalcium, Ca",Grönsaker,280.0,mg
349,Nässlor förvällda,Fettsyra 4:0-10:0,Grönsaker,0.0,g
349,Nässlor förvällda,DHA (C22:6),Grönsaker,0.0,g
349,Nässlor förvällda,DPA (C22:5),Grönsaker,0.0,g
349,Nässlor förvällda,EPA (C20:5),Grönsaker,0.0,g
349,Nässlor förvällda,Arakidonsyra C20:4,Grönsaker,0.0,g
349,Nässlor förvällda,Arakidinsyra C20:0,Grönsaker,0.0,g
349,Nässlor förvällda,Linolensyra C18:3,Grönsaker,0.3,g
349,Nässlor förvällda,Linolsyra C18:2,Grönsaker,0.1,g
349,Nässlor förvällda,Oljesyra C18:1,Grönsaker,0.0,g
349,Nässlor förvällda,Stearinsyra C18:0,Grönsaker,0.0,g
349,Nässlor förvällda,Palmitoljesyra C16:1,Grönsaker,0.0,g
349,Nässlor förvällda,Palmitinsyra C16:0,Grönsaker,0.1,g
349,Nässlor förvällda,Myristinsyra C14:0,Grönsaker,0.0,g
349,Nässlor förvällda,Laurinsyra C12:0,Grönsaker,0.0,g
349,Nässlor förvällda,Betakaroten/β-Karoten,Grönsaker,2730.0,µg
349,Nässlor förvällda,Avfall (skal etc.),Grönsaker,0.0,%
349,Nässlor förvällda,Aska,Grönsaker,1.2,g
349,Nässlor förvällda,Alkohol,Grönsaker,0.0,g
350,Paprika grön,"Zink, Zn",Grönsaker,0.1,mg
350,Paprika grön,Vitamin E,Grönsaker,0.6,mg
350,Paprika grön,Vitamin D inkl 25-OH-D3,Grönsaker,0.0,µg
350,Paprika grön,Vitamin D,Grönsaker,0.0,µg
350,Paprika grön,Vitamin C,Grönsaker,109.0,mg
350,Paprika grön,Vitamin B6,Grönsaker,0.18,mg
350,Paprika grön,Vitamin B12,Grönsaker,0.0,µg
350,Paprika grön,Vitamin A,Grönsaker,13.7,RE/µg
350,Paprika grön,Vatten,Grönsaker,94.1,g
350,Paprika grön,Tiamin,Grönsaker,0.02,mg
350,Paprika grön,Tillsatt socker,Grönsaker,0.0,g
350,Paprika grön,Fritt socker,Grönsaker,0.0,g
350,Paprika grön,"Selen, Se",Grönsaker,0.0,µg
350,Paprika grön,Sackaros,Grönsaker,0.1,g
350,Paprika grön,Riboflavin,Grönsaker,0.0,mg
350,Paprika grön,Retinol,Grönsaker,0.0,µg
350,Paprika grön,Protein,Grönsaker,0.5,g
350,Paprika grön,Summa fleromättade fettsyror,Grönsaker,0.0,g
350,Paprika grön,"Fosfor, P",Grönsaker,15.0,mg
350,Paprika grön,Niacinekvivalenter,Grönsaker,0.8,NE/mg
350,Paprika grön,Niacin,Grönsaker,0.68,mg
350,Paprika grön,"Salt, NaCl",Grönsaker,0.0,g
350,Paprika grön,"Natrium, Na",Grönsaker,0.0,mg
350,Paprika grön,Monosackarider,Grönsaker,2.9,g
350,Paprika grön,"Sockerarter, totalt",Grönsaker,3.0,g
350,Paprika grön,Summa enkelomättade fettsyror,Grönsaker,0.0,g
350,Paprika grön,"Magnesium, Mg",Grönsaker,8.0,mg
350,Paprika grön,Summa mättade fettsyror,Grönsaker,0.0,g
350,Paprika grön,"Kolhydrater, tillgängliga",Grönsaker,3.0,g
350,Paprika grön,Kolesterol,Grönsaker,0.0,mg
350,Paprika grön,"Kalium, K",Grönsaker,110.0,mg
350,Paprika grön,"Jod, I",Grönsaker,0.0,µg
350,Paprika grön,Fullkorn totalt,Grönsaker,0.0,g
350,Paprika grön,"Folat, totalt",Grönsaker,19.5,µg
350,Paprika grön,Fibrer,Grönsaker,2.0,g
350,Paprika grön,"Fett, totalt",Grönsaker,0.1,g
350,Paprika grön,"Järn, Fe",Grönsaker,0.3,mg
350,Paprika grön,Energi (kJ),Grönsaker,78.0,kJ
350,Paprika grön,Energi (kcal),Grönsaker,18.0,kcal
350,Paprika grön,Disackarider,Grönsaker,0.1,g
350,Paprika grön,"Kalcium, Ca",Grönsaker,10.0,mg
350,Paprika grön,Fettsyra 4:0-10:0,Grönsaker,0.0,g
350,Paprika grön,DHA (C22:6),Grönsaker,0.0,g
350,Paprika grön,DPA (C22:5),Grönsaker,0.0,g
350,Paprika grön,EPA (C20:5),Grönsaker,0.0,g
350,Paprika grön,Arakidonsyra C20:4,Grönsaker,0.0,g
350,Paprika grön,Arakidinsyra C20:0,Grönsaker,0.0,g
350,Paprika grön,Linolensyra C18:3,Grönsaker,0.0,g
350,Paprika grön,Linolsyra C18:2,Grönsaker,0.0,g
350,Paprika grön,Oljesyra C18:1,Grönsaker,0.0,g
350,Paprika grön,Stearinsyra C18:0,Grönsaker,0.0,g
350,Paprika grön,Palmitoljesyra C16:1,Grönsaker,0.0,g
350,Paprika grön,Palmitinsyra C16:0,Grönsaker,0.0,g
350,Paprika grön,Myristinsyra C14:0,Grönsaker,0.0,g
350,Paprika grön,Laurinsyra C12:0,Grönsaker,0.0,g
350,Paprika grön,Betakaroten/β-Karoten,Grönsaker,161.0,µg
350,Paprika grön,Avfall (skal etc.),Grönsaker,18.0,%
350,Paprika grön,Aska,Grönsaker,0.4,g
350,Paprika grön,Alkohol,Grönsaker,0.0,g
351,Paprika röd,"Zink, Zn",Grönsaker,0.2,mg
351,Paprika röd,Vitamin E,Grönsaker,2.6,mg
351,Paprika röd,Vitamin D inkl 25-OH-D3,Grönsaker,0.0,µg
351,Paprika röd,Vitamin D,Grönsaker,0.0,µg
351,Paprika röd,Vitamin C,Grönsaker,144.0,mg
351,Paprika röd,Vitamin B6,Grönsaker,0.24,mg
351,Paprika röd,Vitamin B12,Grönsaker,0.0,µg
351,Paprika röd,Vitamin A,Grönsaker,39.9,RE/µg
351,Paprika röd,Vatten,Grönsaker,93.4,g
351,Paprika röd,Tiamin,Grönsaker,0.02,mg
351,Paprika röd,Tillsatt socker,Grönsaker,0.0,g
351,Paprika röd,Fritt socker,Grönsaker,0.0,g
351,Paprika röd,"Selen, Se",Grönsaker,0.0,µg
351,Paprika röd,Sackaros,Grönsaker,0.1,g
351,Paprika röd,Riboflavin,Grönsaker,0.05,mg
351,Paprika röd,Retinol,Grönsaker,0.0,µg
351,Paprika röd,Protein,Grönsaker,0.5,g
351,Paprika röd,Summa fleromättade fettsyror,Grönsaker,0.0,g
351,Paprika röd,"Fosfor, P",Grönsaker,15.0,mg
351,Paprika röd,Niacinekvivalenter,Grönsaker,0.9,NE/mg
351,Paprika röd,Niacin,Grönsaker,0.79,mg
351,Paprika röd,"Salt, NaCl",Grönsaker,0.0,g
351,Paprika röd,"Natrium, Na",Grönsaker,0.0,mg
351,Paprika röd,Monosackarider,Grönsaker,4.8,g
351,Paprika röd,"Sockerarter, totalt",Grönsaker,4.9,g
351,Paprika röd,Summa enkelomättade fettsyror,Grönsaker,0.0,g
351,Paprika röd,"Magnesium, Mg",Grönsaker,8.0,mg
351,Paprika röd,Summa mättade fettsyror,Grönsaker,0.0,g
351,Paprika röd,"Kolhydrater, tillgängliga",Grönsaker,4.1,g
351,Paprika röd,Kolesterol,Grönsaker,0.0,mg
351,Paprika röd,"Kalium, K",Grönsaker,116.0,mg
351,Paprika röd,"Jod, I",Grönsaker,0.0,µg
351,Paprika röd,Fullkorn totalt,Grönsaker,0.0,g
351,Paprika röd,"Folat, totalt",Grönsaker,56.7,µg
351,Paprika röd,Fibrer,Grönsaker,0.9,g
351,Paprika röd,"Fett, totalt",Grönsaker,0.2,g
351,Paprika röd,"Järn, Fe",Grönsaker,0.3,mg
351,Paprika röd,Energi (kJ),Grönsaker,94.0,kJ
351,Paprika röd,Energi (kcal),Grönsaker,22.0,kcal
351,Paprika röd,Disackarider,Grönsaker,0.1,g
351,Paprika röd,"Kalcium, Ca",Grönsaker,8.0,mg
351,Paprika röd,Fettsyra 4:0-10:0,Grönsaker,0.0,g
351,Paprika röd,DHA (C22:6),Grönsaker,0.0,g
351,Paprika röd,DPA (C22:5),Grönsaker,0.0,g
351,Paprika röd,EPA (C20:5),Grönsaker,0.0,g
351,Paprika röd,Arakidonsyra C20:4,Grönsaker,0.0,g
351,Paprika röd,Arakidinsyra C20:0,Grönsaker,0.0,g
351,Paprika röd,Linolensyra C18:3,Grönsaker,0.0,g
351,Paprika röd,Linolsyra C18:2,Grönsaker,0.0,g
351,Paprika röd,Oljesyra C18:1,Grönsaker,0.0,g
351,Paprika röd,Stearinsyra C18:0,Grönsaker,0.0,g
351,Paprika röd,Palmitoljesyra C16:1,Grönsaker,0.0,g
351,Paprika röd,Palmitinsyra C16:0,Grönsaker,0.0,g
351,Paprika röd,Myristinsyra C14:0,Grönsaker,0.0,g
351,Paprika röd,Laurinsyra C12:0,Grönsaker,0.0,g
351,Paprika röd,Betakaroten/β-Karoten,Grönsaker,417.0,µg
351,Paprika röd,Avfall (skal etc.),Grönsaker,15.0,%
351,Paprika röd,Aska,Grönsaker,0.9,g
351,Paprika röd,Alkohol,Grönsaker,0.0,g
352,Persilja blad,"Zink, Zn",Grönsaker,1.3,mg
352,Persilja blad,Vitamin E,Grönsaker,0.4,mg
352,Persilja blad,Vitamin D inkl 25-OH-D3,Grönsaker,0.0,µg
352,Persilja blad,Vitamin D,Grönsaker,0.0,µg
352,Persilja blad,Vitamin C,Grönsaker,133.0,mg
352,Persilja blad,Vitamin B6,Grönsaker,0.19,mg
352,Persilja blad,Vitamin B12,Grönsaker,0.0,µg
352,Persilja blad,Vitamin A,Grönsaker,225.8,RE/µg
352,Persilja blad,Vatten,Grönsaker,77.8,g
352,Persilja blad,Tiamin,Grönsaker,0.19,mg
352,Persilja blad,Tillsatt socker,Grönsaker,0.0,g
352,Persilja blad,Fritt socker,Grönsaker,0.0,g
352,Persilja blad,"Selen, Se",Grönsaker,10.2,µg
352,Persilja blad,Sackaros,Grönsaker,0.2,g
352,Persilja blad,Riboflavin,Grönsaker,0.1,mg
352,Persilja blad,Retinol,Grönsaker,0.0,µg
352,Persilja blad,Protein,Grönsaker,5.6,g
352,Persilja blad,Summa fleromättade fettsyror,Grönsaker,0.5,g
352,Persilja blad,"Fosfor, P",Grönsaker,79.0,mg
352,Persilja blad,Niacinekvivalenter,Grönsaker,1.3,NE/mg
352,Persilja blad,Niacin,Grönsaker,0.36,mg
352,Persilja blad,"Salt, NaCl",Grönsaker,0.1,g
352,Persilja blad,"Natrium, Na",Grönsaker,53.0,mg
352,Persilja blad,Monosackarider,Grönsaker,0.5,g
352,Persilja blad,"Sockerarter, totalt",Grönsaker,0.7,g
352,Persilja blad,Summa enkelomättade fettsyror,Grönsaker,0.0,g
352,Persilja blad,"Magnesium, Mg",Grönsaker,49.0,mg
352,Persilja blad,Summa mättade fettsyror,Grönsaker,0.3,g
352,Persilja blad,"Kolhydrater, tillgängliga",Grönsaker,9.4,g
352,Persilja blad,Kolesterol,Grönsaker,0.0,mg
352,Persilja blad,"Kalium, K",Grönsaker,466.0,mg
352,Persilja blad,"Jod, I",Grönsaker,6.0,µg
352,Persilja blad,Fullkorn totalt,Grönsaker,0.0,g
352,Persilja blad,"Folat, totalt",Grönsaker,197.0,µg
352,Persilja blad,Fibrer,Grönsaker,3.9,g
352,Persilja blad,"Fett, totalt",Grönsaker,1.1,g
352,Persilja blad,"Järn, Fe",Grönsaker,5.5,mg
352,Persilja blad,Energi (kJ),Grönsaker,327.0,kJ
352,Persilja blad,Energi (kcal),Grönsaker,78.0,kcal
352,Persilja blad,Disackarider,Grönsaker,0.2,g
352,Persilja blad,"Kalcium, Ca",Grönsaker,288.0,mg
352,Persilja blad,Fettsyra 4:0-10:0,Grönsaker,0.0,g
352,Persilja blad,DHA (C22:6),Grönsaker,0.0,g
352,Persilja blad,DPA (C22:5),Grönsaker,0.0,g
352,Persilja blad,EPA (C20:5),Grönsaker,0.0,g
352,Persilja blad,Arakidonsyra C20:4,Grönsaker,0.0,g
352,Persilja blad,Arakidinsyra C20:0,Grönsaker,0.0,g
352,Persilja blad,Linolensyra C18:3,Grönsaker,0.3,g
352,Persilja blad,Linolsyra C18:2,Grönsaker,0.2,g
352,Persilja blad,Oljesyra C18:1,Grönsaker,0.0,g
352,Persilja blad,Stearinsyra C18:0,Grönsaker,0.1,g
352,Persilja blad,Palmitoljesyra C16:1,Grönsaker,0.0,g
352,Persilja blad,Palmitinsyra C16:0,Grönsaker,0.2,g
352,Persilja blad,Myristinsyra C14:0,Grönsaker,0.0,g
352,Persilja blad,Laurinsyra C12:0,Grönsaker,0.0,g
352,Persilja blad,Betakaroten/β-Karoten,Grönsaker,2710.0,µg
352,Persilja blad,Avfall (skal etc.),Grönsaker,0.0,%
352,Persilja blad,Aska,Grönsaker,2.2,g
352,Persilja blad,Alkohol,Grönsaker,0.0,g
353,Pumpa,"Zink, Zn",Grönsaker,0.1,mg
353,Pumpa,Vitamin E,Grönsaker,1.0,mg
353,Pumpa,Vitamin D inkl 25-OH-D3,Grönsaker,0.0,µg
353,Pumpa,Vitamin D,Grönsaker,0.0,µg
353,Pumpa,Vitamin C,Grönsaker,9.0,mg
353,Pumpa,Vitamin B6,Grönsaker,0.04,mg
353,Pumpa,Vitamin B12,Grönsaker,0.0,µg
353,Pumpa,Vitamin A,Grönsaker,80.0,RE/µg
353,Pumpa,Vatten,Grönsaker,92.0,g
353,Pumpa,Tiamin,Grönsaker,0.05,mg
353,Pumpa,Tillsatt socker,Grönsaker,0.0,g
353,Pumpa,Fritt socker,Grönsaker,0.0,g
353,Pumpa,"Selen, Se",Grönsaker,0.0,µg
353,Pumpa,Sackaros,Grönsaker,0.7,g
353,Pumpa,Riboflavin,Grönsaker,0.11,mg
353,Pumpa,Retinol,Grönsaker,0.0,µg
353,Pumpa,Protein,Grönsaker,1.0,g
353,Pumpa,Summa fleromättade fettsyror,Grönsaker,0.0,g
353,Pumpa,"Fosfor, P",Grönsaker,44.0,mg
353,Pumpa,Niacinekvivalenter,Grönsaker,0.77,NE/mg
353,Pumpa,Niacin,Grönsaker,0.6,mg
353,Pumpa,"Salt, NaCl",Grönsaker,0.0,g
353,Pumpa,"Natrium, Na",Grönsaker,1.0,mg
353,Pumpa,Monosackarider,Grönsaker,2.0,g
353,Pumpa,"Sockerarter, totalt",Grönsaker,2.7,g
353,Pumpa,Summa enkelomättade fettsyror,Grönsaker,0.0,g
353,Pumpa,"Magnesium, Mg",Grönsaker,12.0,mg
353,Pumpa,Summa mättade fettsyror,Grönsaker,0.0,g
353,Pumpa,"Kolhydrater, tillgängliga",Grönsaker,4.4,g
353,Pumpa,Kolesterol,Grönsaker,0.0,mg
353,Pumpa,"Kalium, K",Grönsaker,340.0,mg
353,Pumpa,"Jod, I",Grönsaker,0.0,µg
353,Pumpa,Fullkorn totalt,Grönsaker,0.0,g
353,Pumpa,"Folat, totalt",Grönsaker,22.0,µg
353,Pumpa,Fibrer,Grönsaker,1.7,g
353,Pumpa,"Fett, totalt",Grönsaker,0.1,g
353,Pumpa,"Järn, Fe",Grönsaker,0.8,mg
353,Pumpa,Energi (kJ),Grönsaker,109.0,kJ
353,Pumpa,Energi (kcal),Grönsaker,26.0,kcal
353,Pumpa,Disackarider,Grönsaker,0.7,g
353,Pumpa,"Kalcium, Ca",Grönsaker,21.0,mg
353,Pumpa,Fettsyra 4:0-10:0,Grönsaker,0.0,g
353,Pumpa,DHA (C22:6),Grönsaker,0.0,g
353,Pumpa,DPA (C22:5),Grönsaker,0.0,g
353,Pumpa,EPA (C20:5),Grönsaker,0.0,g
353,Pumpa,Arakidonsyra C20:4,Grönsaker,0.0,g
353,Pumpa,Arakidinsyra C20:0,Grönsaker,0.0,g
353,Pumpa,Linolensyra C18:3,Grönsaker,0.0,g
353,Pumpa,Linolsyra C18:2,Grönsaker,0.0,g
353,Pumpa,Oljesyra C18:1,Grönsaker,0.0,g
353,Pumpa,Stearinsyra C18:0,Grönsaker,0.0,g
353,Pumpa,Palmitoljesyra C16:1,Grönsaker,0.0,g
353,Pumpa,Palmitinsyra C16:0,Grönsaker,0.0,g
353,Pumpa,Myristinsyra C14:0,Grönsaker,0.0,g
353,Pumpa,Laurinsyra C12:0,Grönsaker,0.0,g
353,Pumpa,Betakaroten/β-Karoten,Grönsaker,960.0,µg
353,Pumpa,Avfall (skal etc.),Grönsaker,29.0,%
353,Pumpa,Aska,Grönsaker,0.8,g
353,Pumpa,Alkohol,Grönsaker,0.0,g
354,Purjolök,"Zink, Zn",Grönsaker,0.2,mg
354,Purjolök,Vitamin E,Grönsaker,0.8,mg
354,Purjolök,Vitamin D inkl 25-OH-D3,Grönsaker,0.0,µg
354,Purjolök,Vitamin D,Grönsaker,0.0,µg
354,Purjolök,Vitamin C,Grönsaker,20.3,mg
354,Purjolök,Vitamin B6,Grönsaker,0.21,mg
354,Purjolök,Vitamin B12,Grönsaker,0.0,µg
354,Purjolök,Vitamin A,Grönsaker,27.8,RE/µg
354,Purjolök,Vatten,Grönsaker,90.9,g
354,Purjolök,Tiamin,Grönsaker,0.08,mg
354,Purjolök,Tillsatt socker,Grönsaker,0.0,g
354,Purjolök,Fritt socker,Grönsaker,0.0,g
354,Purjolök,"Selen, Se",Grönsaker,0.0,µg
354,Purjolök,Sackaros,Grönsaker,0.5,g
354,Purjolök,Riboflavin,Grönsaker,0.06,mg
354,Purjolök,Retinol,Grönsaker,0.0,µg
354,Purjolök,Protein,Grönsaker,1.6,g
354,Purjolök,Summa fleromättade fettsyror,Grönsaker,0.1,g
354,Purjolök,"Fosfor, P",Grönsaker,29.0,mg
354,Purjolök,Niacinekvivalenter,Grönsaker,0.7,NE/mg
354,Purjolök,Niacin,Grönsaker,0.48,mg
354,Purjolök,"Salt, NaCl",Grönsaker,0.0,g
354,Purjolök,"Natrium, Na",Grönsaker,6.0,mg
354,Purjolök,Monosackarider,Grönsaker,3.5,g
354,Purjolök,"Sockerarter, totalt",Grönsaker,4.0,g
354,Purjolök,Summa enkelomättade fettsyror,Grönsaker,0.0,g
354,Purjolök,"Magnesium, Mg",Grönsaker,11.0,mg
354,Purjolök,Summa mättade fettsyror,Grönsaker,0.0,g
354,Purjolök,"Kolhydrater, tillgängliga",Grönsaker,4.1,g
354,Purjolök,Kolesterol,Grönsaker,0.0,mg
354,Purjolök,"Kalium, K",Grönsaker,240.0,mg
354,Purjolök,"Jod, I",Grönsaker,2.0,µg
354,Purjolök,Fullkorn totalt,Grönsaker,0.0,g
354,Purjolök,"Folat, totalt",Grönsaker,72.4,µg
354,Purjolök,Fibrer,Grönsaker,2.7,g
354,Purjolök,"Fett, totalt",Grönsaker,0.2,g
354,Purjolök,"Järn, Fe",Grönsaker,0.6,mg
354,Purjolök,Energi (kJ),Grönsaker,123.0,kJ
354,Purjolök,Energi (kcal),Grönsaker,30.0,kcal
354,Purjolök,Disackarider,Grönsaker,0.5,g
354,Purjolök,"Kalcium, Ca",Grönsaker,44.0,mg
354,Purjolök,Fettsyra 4:0-10:0,Grönsaker,0.0,g
354,Purjolök,DHA (C22:6),Grönsaker,0.0,g
354,Purjolök,DPA (C22:5),Grönsaker,0.0,g
354,Purjolök,EPA (C20:5),Grönsaker,0.0,g
354,Purjolök,Arakidonsyra C20:4,Grönsaker,0.0,g
354,Purjolök,Arakidinsyra C20:0,Grönsaker,0.0,g
354,Purjolök,Linolensyra C18:3,Grönsaker,0.0,g
354,Purjolök,Linolsyra C18:2,Grönsaker,0.0,g
354,Purjolök,Oljesyra C18:1,Grönsaker,0.0,g
354,Purjolök,Stearinsyra C18:0,Grönsaker,0.0,g
354,Purjolök,Palmitoljesyra C16:1,Grönsaker,0.0,g
354,Purjolök,Palmitinsyra C16:0,Grönsaker,0.0,g
354,Purjolök,Myristinsyra C14:0,Grönsaker,0.0,g
354,Purjolök,Laurinsyra C12:0,Grönsaker,0.0,g
354,Purjolök,Betakaroten/β-Karoten,Grönsaker,332.0,µg
354,Purjolök,Avfall (skal etc.),Grönsaker,8.0,%
354,Purjolök,Aska,Grönsaker,0.6,g
354,Purjolök,Alkohol,Grönsaker,0.0,g
355,Rödkål,"Zink, Zn",Grönsaker,0.2,mg
355,Rödkål,Vitamin E,Grönsaker,0.0,mg
355,Rödkål,Vitamin D inkl 25-OH-D3,Grönsaker,0.0,µg
355,Rödkål,Vitamin D,Grönsaker,0.0,µg
355,Rödkål,Vitamin C,Grönsaker,58.9,mg
355,Rödkål,Vitamin B6,Grönsaker,0.17,mg
355,Rödkål,Vitamin B12,Grönsaker,0.0,µg
355,Rödkål,Vitamin A,Grönsaker,0.2,RE/µg
355,Rödkål,Vatten,Grönsaker,90.5,g
355,Rödkål,Tiamin,Grönsaker,0.06,mg
355,Rödkål,Tillsatt socker,Grönsaker,0.0,g
355,Rödkål,Fritt socker,Grönsaker,0.0,g
355,Rödkål,"Selen, Se",Grönsaker,0.0,µg
355,Rödkål,Sackaros,Grönsaker,0.7,g
355,Rödkål,Riboflavin,Grönsaker,0.0,mg
355,Rödkål,Retinol,Grönsaker,0.0,µg
355,Rödkål,Protein,Grönsaker,1.1,g
355,Rödkål,Summa fleromättade fettsyror,Grönsaker,0.2,g
355,Rödkål,"Fosfor, P",Grönsaker,25.0,mg
355,Rödkål,Niacinekvivalenter,Grönsaker,0.6,NE/mg
355,Rödkål,Niacin,Grönsaker,0.39,mg
355,Rödkål,"Salt, NaCl",Grönsaker,0.0,g
355,Rödkål,"Natrium, Na",Grönsaker,8.0,mg
355,Rödkål,Monosackarider,Grönsaker,4.3,g
355,Rödkål,"Sockerarter, totalt",Grönsaker,5.0,g
355,Rödkål,Summa enkelomättade fettsyror,Grönsaker,0.0,g
355,Rödkål,"Magnesium, Mg",Grönsaker,11.0,mg
355,Rödkål,Summa mättade fettsyror,Grönsaker,0.1,g
355,Rödkål,"Kolhydrater, tillgängliga",Grönsaker,4.7,g
355,Rödkål,Kolesterol,Grönsaker,0.0,mg
355,Rödkål,"Kalium, K",Grönsaker,260.0,mg
355,Rödkål,"Jod, I",Grönsaker,1.4,µg
355,Rödkål,Fullkorn totalt,Grönsaker,0.0,g
355,Rödkål,"Folat, totalt",Grönsaker,45.9,µg
355,Rödkål,Fibrer,Grönsaker,2.6,g
355,Rödkål,"Fett, totalt",Grönsaker,0.3,g
355,Rödkål,"Järn, Fe",Grönsaker,0.3,mg
355,Rödkål,Energi (kJ),Grönsaker,131.0,kJ
355,Rödkål,Energi (kcal),Grönsaker,31.0,kcal
355,Rödkål,Disackarider,Grönsaker,0.7,g
355,Rödkål,"Kalcium, Ca",Grönsaker,33.0,mg
355,Rödkål,Fettsyra 4:0-10:0,Grönsaker,0.0,g
355,Rödkål,DHA (C22:6),Grönsaker,0.0,g
355,Rödkål,DPA (C22:5),Grönsaker,0.0,g
355,Rödkål,EPA (C20:5),Grönsaker,0.0,g
355,Rödkål,Arakidonsyra C20:4,Grönsaker,0.0,g
355,Rödkål,Arakidinsyra C20:0,Grönsaker,0.0,g
355,Rödkål,Linolensyra C18:3,Grönsaker,0.0,g
355,Rödkål,Linolsyra C18:2,Grönsaker,0.1,g
355,Rödkål,Oljesyra C18:1,Grönsaker,0.0,g
355,Rödkål,Stearinsyra C18:0,Grönsaker,0.0,g
355,Rödkål,Palmitoljesyra C16:1,Grönsaker,0.0,g
355,Rödkål,Palmitinsyra C16:0,Grönsaker,0.0,g
355,Rödkål,Myristinsyra C14:0,Grönsaker,0.0,g
355,Rödkål,Laurinsyra C12:0,Grönsaker,0.0,g
355,Rödkål,Betakaroten/β-Karoten,Grönsaker,2.0,µg
355,Rödkål,Avfall (skal etc.),Grönsaker,9.0,%
355,Rödkål,Aska,Grönsaker,0.7,g
355,Rödkål,Alkohol,Grönsaker,0.0,g
357,Savojkål,"Zink, Zn",Grönsaker,0.5,mg
357,Savojkål,Vitamin E,Grönsaker,0.6,mg
357,Savojkål,Vitamin D inkl 25-OH-D3,Grönsaker,0.0,µg
357,Savojkål,Vitamin D,Grönsaker,0.0,µg
357,Savojkål,Vitamin C,Grönsaker,31.0,mg
357,Savojkål,Vitamin B6,Grönsaker,0.19,mg
357,Savojkål,Vitamin B12,Grönsaker,0.0,µg
357,Savojkål,Vitamin A,Grönsaker,50.0,RE/µg
357,Savojkål,Vatten,Grönsaker,91.0,g
357,Savojkål,Tiamin,Grönsaker,0.07,mg
357,Savojkål,Tillsatt socker,Grönsaker,0.0,g
357,Savojkål,Fritt socker,Grönsaker,0.0,g
357,Savojkål,"Selen, Se",Grönsaker,3.8,µg
357,Savojkål,Sackaros,Grönsaker,0.1,g
357,Savojkål,Riboflavin,Grönsaker,0.03,mg
357,Savojkål,Retinol,Grönsaker,0.0,µg
357,Savojkål,Protein,Grönsaker,2.0,g
357,Savojkål,Summa fleromättade fettsyror,Grönsaker,0.0,g
357,Savojkål,"Fosfor, P",Grönsaker,42.0,mg
357,Savojkål,Niacinekvivalenter,Grönsaker,0.63,NE/mg
357,Savojkål,Niacin,Grönsaker,0.3,mg
357,Savojkål,"Salt, NaCl",Grönsaker,0.1,g
357,Savojkål,"Natrium, Na",Grönsaker,28.0,mg
357,Savojkål,Monosackarider,Grönsaker,3.1,g
357,Savojkål,"Sockerarter, totalt",Grönsaker,3.2,g
357,Savojkål,Summa enkelomättade fettsyror,Grönsaker,0.0,g
357,Savojkål,"Magnesium, Mg",Grönsaker,28.0,mg
357,Savojkål,Summa mättade fettsyror,Grönsaker,0.0,g
357,Savojkål,"Kolhydrater, tillgängliga",Grönsaker,3.6,g
357,Savojkål,Kolesterol,Grönsaker,0.0,mg
357,Savojkål,"Kalium, K",Grönsaker,230.0,mg
357,Savojkål,"Jod, I",Grönsaker,2.6,µg
357,Savojkål,Fullkorn totalt,Grönsaker,0.0,g
357,Savojkål,"Folat, totalt",Grönsaker,79.0,µg
357,Savojkål,Fibrer,Grönsaker,2.5,g
357,Savojkål,"Fett, totalt",Grönsaker,0.1,g
357,Savojkål,"Järn, Fe",Grönsaker,0.4,mg
357,Savojkål,Energi (kJ),Grönsaker,119.0,kJ
357,Savojkål,Energi (kcal),Grönsaker,28.0,kcal
357,Savojkål,Disackarider,Grönsaker,0.1,g
357,Savojkål,"Kalcium, Ca",Grönsaker,35.0,mg
357,Savojkål,Fettsyra 4:0-10:0,Grönsaker,0.0,g
357,Savojkål,DHA (C22:6),Grönsaker,0.0,g
357,Savojkål,DPA (C22:5),Grönsaker,0.0,g
357,Savojkål,EPA (C20:5),Grönsaker,0.0,g
357,Savojkål,Arakidonsyra C20:4,Grönsaker,0.0,g
357,Savojkål,Arakidinsyra C20:0,Grönsaker,0.0,g
357,Savojkål,Linolensyra C18:3,Grönsaker,0.0,g
357,Savojkål,Linolsyra C18:2,Grönsaker,0.0,g
357,Savojkål,Oljesyra C18:1,Grönsaker,0.0,g
357,Savojkål,Stearinsyra C18:0,Grönsaker,0.0,g
357,Savojkål,Palmitoljesyra C16:1,Grönsaker,0.0,g
357,Savojkål,Palmitinsyra C16:0,Grönsaker,0.0,g
357,Savojkål,Myristinsyra C14:0,Grönsaker,0.0,g
357,Savojkål,Laurinsyra C12:0,Grönsaker,0.0,g
357,Savojkål,Betakaroten/β-Karoten,Grönsaker,600.0,µg
357,Savojkål,Avfall (skal etc.),Grönsaker,20.0,%
357,Savojkål,Aska,Grönsaker,0.8,g
357,Savojkål,Alkohol,Grönsaker,0.0,g
358,Salladskål,"Zink, Zn",Grönsaker,0.3,mg
358,Salladskål,Vitamin E,Grönsaker,0.3,mg
358,Salladskål,Vitamin D inkl 25-OH-D3,Grönsaker,0.0,µg
358,Salladskål,Vitamin D,Grönsaker,0.0,µg
358,Salladskål,Vitamin C,Grönsaker,39.0,mg
358,Salladskål,Vitamin B6,Grönsaker,0.14,mg
358,Salladskål,Vitamin B12,Grönsaker,0.0,µg
358,Salladskål,Vitamin A,Grönsaker,1.2,RE/µg
358,Salladskål,Vatten,Grönsaker,93.7,g
358,Salladskål,Tiamin,Grönsaker,0.05,mg
358,Salladskål,Tillsatt socker,Grönsaker,0.0,g
358,Salladskål,Fritt socker,Grönsaker,0.0,g
358,Salladskål,"Selen, Se",Grönsaker,0.2,µg
358,Salladskål,Sackaros,Grönsaker,0.1,g
358,Salladskål,Riboflavin,Grönsaker,0.05,mg
358,Salladskål,Retinol,Grönsaker,0.0,µg
358,Salladskål,Protein,Grönsaker,1.3,g
358,Salladskål,Summa fleromättade fettsyror,Grönsaker,0.1,g
358,Salladskål,"Fosfor, P",Grönsaker,38.0,mg
358,Salladskål,Niacinekvivalenter,Grönsaker,0.99,NE/mg
358,Salladskål,Niacin,Grönsaker,0.78,mg
358,Salladskål,"Salt, NaCl",Grönsaker,0.0,g
358,Salladskål,"Natrium, Na",Grönsaker,9.0,mg
358,Salladskål,Monosackarider,Grönsaker,2.4,g
358,Salladskål,"Sockerarter, totalt",Grönsaker,2.5,g
358,Salladskål,Summa enkelomättade fettsyror,Grönsaker,0.0,g
358,Salladskål,"Magnesium, Mg",Grönsaker,15.0,mg
358,Salladskål,Summa mättade fettsyror,Grönsaker,0.0,g
358,Salladskål,"Kolhydrater, tillgängliga",Grönsaker,2.7,g
358,Salladskål,Kolesterol,Grönsaker,0.0,mg
358,Salladskål,"Kalium, K",Grönsaker,204.0,mg
358,Salladskål,"Jod, I",Grönsaker,1.7,µg
358,Salladskål,Fullkorn totalt,Grönsaker,0.0,g
358,Salladskål,"Folat, totalt",Grönsaker,150.0,µg
358,Salladskål,Fibrer,Grönsaker,1.6,g
358,Salladskål,"Fett, totalt",Grönsaker,0.1,g
358,Salladskål,"Järn, Fe",Grönsaker,0.3,mg
358,Salladskål,Energi (kJ),Grönsaker,86.0,kJ
358,Salladskål,Energi (kcal),Grönsaker,21.0,kcal
358,Salladskål,Disackarider,Grönsaker,0.1,g
358,Salladskål,"Kalcium, Ca",Grönsaker,26.0,mg
358,Salladskål,Fettsyra 4:0-10:0,Grönsaker,0.0,g
358,Salladskål,DHA (C22:6),Grönsaker,0.0,g
358,Salladskål,DPA (C22:5),Grönsaker,0.0,g
358,Salladskål,EPA (C20:5),Grönsaker,0.0,g
358,Salladskål,Arakidonsyra C20:4,Grönsaker,0.0,g
358,Salladskål,Arakidinsyra C20:0,Grönsaker,0.0,g
358,Salladskål,Linolensyra C18:3,Grönsaker,0.0,g
358,Salladskål,Linolsyra C18:2,Grönsaker,0.0,g
358,Salladskål,Oljesyra C18:1,Grönsaker,0.0,g
358,Salladskål,Stearinsyra C18:0,Grönsaker,0.0,g
358,Salladskål,Palmitoljesyra C16:1,Grönsaker,0.0,g
358,Salladskål,Palmitinsyra C16:0,Grönsaker,0.0,g
358,Salladskål,Myristinsyra C14:0,Grönsaker,0.0,g
358,Salladskål,Laurinsyra C12:0,Grönsaker,0.0,g
358,Salladskål,Betakaroten/β-Karoten,Grönsaker,15.0,µg
358,Salladskål,Avfall (skal etc.),Grönsaker,7.0,%
358,Salladskål,Aska,Grönsaker,0.6,g
358,Salladskål,Alkohol,Grönsaker,0.0,g
359,Sockerärtor,"Zink, Zn","Baljväxter (bönor, linser och ärter)",0.6,mg
359,Sockerärtor,Vitamin E,"Baljväxter (bönor, linser och ärter)",0.4,mg
359,Sockerärtor,Vitamin D inkl 25-OH-D3,"Baljväxter (bönor, linser och ärter)",0.0,µg
359,Sockerärtor,Vitamin D,"Baljväxter (bönor, linser och ärter)",0.0,µg
359,Sockerärtor,Vitamin C,"Baljväxter (bönor, linser och ärter)",66.4,mg
359,Sockerärtor,Vitamin B6,"Baljväxter (bönor, linser och ärter)",0.12,mg
359,Sockerärtor,Vitamin B12,"Baljväxter (bönor, linser och ärter)",0.0,µg
359,Sockerärtor,Vitamin A,"Baljväxter (bönor, linser och ärter)",36.2,RE/µg
359,Sockerärtor,Vatten,"Baljväxter (bönor, linser och ärter)",89.3,g
359,Sockerärtor,Tiamin,"Baljväxter (bönor, linser och ärter)",0.17,mg
359,Sockerärtor,Tillsatt socker,"Baljväxter (bönor, linser och ärter)",0.0,g
359,Sockerärtor,Fritt socker,"Baljväxter (bönor, linser och ärter)",0.0,g
359,Sockerärtor,"Selen, Se","Baljväxter (bönor, linser och ärter)",4.0,µg
359,Sockerärtor,Sackaros,"Baljväxter (bönor, linser och ärter)",0.9,g
359,Sockerärtor,Riboflavin,"Baljväxter (bönor, linser och ärter)",0.09,mg
359,Sockerärtor,Retinol,"Baljväxter (bönor, linser och ärter)",0.0,µg
359,Sockerärtor,Protein,"Baljväxter (bönor, linser och ärter)",3.4,g
359,Sockerärtor,Summa fleromättade fettsyror,"Baljväxter (bönor, linser och ärter)",0.1,g
359,Sockerärtor,"Fosfor, P","Baljväxter (bönor, linser och ärter)",67.0,mg
359,Sockerärtor,Niacinekvivalenter,"Baljväxter (bönor, linser och ärter)",1.4,NE/mg
359,Sockerärtor,Niacin,"Baljväxter (bönor, linser och ärter)",0.82,mg
359,Sockerärtor,"Salt, NaCl","Baljväxter (bönor, linser och ärter)",0.0,g
359,Sockerärtor,"Natrium, Na","Baljväxter (bönor, linser och ärter)",1.0,mg
359,Sockerärtor,Monosackarider,"Baljväxter (bönor, linser och ärter)",2.5,g
359,Sockerärtor,"Sockerarter, totalt","Baljväxter (bönor, linser och ärter)",3.5,g
359,Sockerärtor,Summa enkelomättade fettsyror,"Baljväxter (bönor, linser och ärter)",0.0,g
359,Sockerärtor,"Magnesium, Mg","Baljväxter (bönor, linser och ärter)",33.0,mg
359,Sockerärtor,Summa mättade fettsyror,"Baljväxter (bönor, linser och ärter)",0.0,g
359,Sockerärtor,"Kolhydrater, tillgängliga","Baljväxter (bönor, linser och ärter)",4.3,g
359,Sockerärtor,Kolesterol,"Baljväxter (bönor, linser och ärter)",0.0,mg
359,Sockerärtor,"Kalium, K","Baljväxter (bönor, linser och ärter)",230.0,mg
359,Sockerärtor,"Jod, I","Baljväxter (bönor, linser och ärter)",1.7,µg
359,Sockerärtor,Fullkorn totalt,"Baljväxter (bönor, linser och ärter)",0.0,g
359,Sockerärtor,"Folat, totalt","Baljväxter (bönor, linser och ärter)",46.8,µg
359,Sockerärtor,Fibrer,"Baljväxter (bönor, linser och ärter)",2.2,g
359,Sockerärtor,"Fett, totalt","Baljväxter (bönor, linser och ärter)",0.2,g
359,Sockerärtor,"Järn, Fe","Baljväxter (bönor, linser och ärter)",1.2,mg
359,Sockerärtor,Energi (kJ),"Baljväxter (bönor, linser och ärter)",155.0,kJ
359,Sockerärtor,Energi (kcal),"Baljväxter (bönor, linser och ärter)",37.0,kcal
359,Sockerärtor,Disackarider,"Baljväxter (bönor, linser och ärter)",1.0,g
359,Sockerärtor,"Kalcium, Ca","Baljväxter (bönor, linser och ärter)",60.0,mg
359,Sockerärtor,Fettsyra 4:0-10:0,"Baljväxter (bönor, linser och ärter)",0.0,g
359,Sockerärtor,DHA (C22:6),"Baljväxter (bönor, linser och ärter)",0.0,g
359,Sockerärtor,DPA (C22:5),"Baljväxter (bönor, linser och ärter)",0.0,g
359,Sockerärtor,EPA (C20:5),"Baljväxter (bönor, linser och ärter)",0.0,g
359,Sockerärtor,Arakidonsyra C20:4,"Baljväxter (bönor, linser och ärter)",0.0,g
359,Sockerärtor,Arakidinsyra C20:0,"Baljväxter (bönor, linser och ärter)",0.0,g
359,Sockerärtor,Linolensyra C18:3,"Baljväxter (bönor, linser och ärter)",0.0,g
359,Sockerärtor,Linolsyra C18:2,"Baljväxter (bönor, linser och ärter)",0.1,g
359,Sockerärtor,Oljesyra C18:1,"Baljväxter (bönor, linser och ärter)",0.0,g
359,Sockerärtor,Stearinsyra C18:0,"Baljväxter (bönor, linser och ärter)",0.0,g
359,Sockerärtor,Palmitoljesyra C16:1,"Baljväxter (bönor, linser och ärter)",0.0,g
359,Sockerärtor,Palmitinsyra C16:0,"Baljväxter (bönor, linser och ärter)",0.0,g
359,Sockerärtor,Myristinsyra C14:0,"Baljväxter (bönor, linser och ärter)",0.0,g
359,Sockerärtor,Laurinsyra C12:0,"Baljväxter (bönor, linser och ärter)",0.0,g
359,Sockerärtor,Betakaroten/β-Karoten,"Baljväxter (bönor, linser och ärter)",432.0,µg
359,Sockerärtor,Avfall (skal etc.),"Baljväxter (bönor, linser och ärter)",6.0,%
359,Sockerärtor,Aska,"Baljväxter (bönor, linser och ärter)",0.6,g
359,Sockerärtor,Alkohol,"Baljväxter (bönor, linser och ärter)",0.0,g
361,Spenat frysvara,"Zink, Zn",Grönsaker,0.8,mg
361,Spenat frysvara,Vitamin E,Grönsaker,1.2,mg
361,Spenat frysvara,Vitamin D inkl 25-OH-D3,Grönsaker,0.0,µg
361,Spenat frysvara,Vitamin D,Grönsaker,0.0,µg
361,Spenat frysvara,Vitamin C,Grönsaker,11.9,mg
361,Spenat frysvara,Vitamin B6,Grönsaker,0.1,mg
361,Spenat frysvara,Vitamin B12,Grönsaker,0.0,µg
361,Spenat frysvara,Vitamin A,Grönsaker,242.9,RE/µg
361,Spenat frysvara,Vatten,Grönsaker,93.8,g
361,Spenat frysvara,Tiamin,Grönsaker,0.04,mg
361,Spenat frysvara,Tillsatt socker,Grönsaker,0.0,g
361,Spenat frysvara,Fritt socker,Grönsaker,0.0,g
361,Spenat frysvara,"Selen, Se",Grönsaker,0.0,µg
361,Spenat frysvara,Sackaros,Grönsaker,0.3,g
361,Spenat frysvara,Riboflavin,Grönsaker,0.1,mg
361,Spenat frysvara,Retinol,Grönsaker,0.0,µg
361,Spenat frysvara,Protein,Grönsaker,2.2,g
361,Spenat frysvara,Summa fleromättade fettsyror,Grönsaker,0.3,g
361,Spenat frysvara,"Fosfor, P",Grönsaker,33.0,mg
361,Spenat frysvara,Niacinekvivalenter,Grönsaker,0.6,NE/mg
361,Spenat frysvara,Niacin,Grönsaker,0.23,mg
361,Spenat frysvara,"Salt, NaCl",Grönsaker,0.0,g
361,Spenat frysvara,"Natrium, Na",Grönsaker,18.0,mg
361,Spenat frysvara,Monosackarider,Grönsaker,0.3,g
361,Spenat frysvara,"Sockerarter, totalt",Grönsaker,0.6,g
361,Spenat frysvara,Summa enkelomättade fettsyror,Grönsaker,0.0,g
361,Spenat frysvara,"Magnesium, Mg",Grönsaker,32.0,mg
361,Spenat frysvara,Summa mättade fettsyror,Grönsaker,0.1,g
361,Spenat frysvara,"Kolhydrater, tillgängliga",Grönsaker,0.5,g
361,Spenat frysvara,Kolesterol,Grönsaker,0.0,mg
361,Spenat frysvara,"Kalium, K",Grönsaker,230.0,mg
361,Spenat frysvara,"Jod, I",Grönsaker,4.0,µg
361,Spenat frysvara,Fullkorn totalt,Grönsaker,0.0,g
361,Spenat frysvara,"Folat, totalt",Grönsaker,95.1,µg
361,Spenat frysvara,Fibrer,Grönsaker,2.0,g
361,Spenat frysvara,"Fett, totalt",Grönsaker,0.6,g
361,Spenat frysvara,"Järn, Fe",Grönsaker,0.8,mg
361,Spenat frysvara,Energi (kJ),Grönsaker,84.0,kJ
361,Spenat frysvara,Energi (kcal),Grönsaker,20.0,kcal
361,Spenat frysvara,Disackarider,Grönsaker,0.3,g
361,Spenat frysvara,"Kalcium, Ca",Grönsaker,120.0,mg
361,Spenat frysvara,Fettsyra 4:0-10:0,Grönsaker,0.0,g
361,Spenat frysvara,DHA (C22:6),Grönsaker,0.0,g
361,Spenat frysvara,DPA (C22:5),Grönsaker,0.0,g
361,Spenat frysvara,EPA (C20:5),Grönsaker,0.0,g
361,Spenat frysvara,Arakidonsyra C20:4,Grönsaker,0.0,g
361,Spenat frysvara,Arakidinsyra C20:0,Grönsaker,0.0,g
361,Spenat frysvara,Linolensyra C18:3,Grönsaker,0.2,g
361,Spenat frysvara,Linolsyra C18:2,Grönsaker,0.0,g
361,Spenat frysvara,Oljesyra C18:1,Grönsaker,0.0,g
361,Spenat frysvara,Stearinsyra C18:0,Grönsaker,0.0,g
361,Spenat frysvara,Palmitoljesyra C16:1,Grönsaker,0.0,g
361,Spenat frysvara,Palmitinsyra C16:0,Grönsaker,0.0,g
361,Spenat frysvara,Myristinsyra C14:0,Grönsaker,0.0,g
361,Spenat frysvara,Laurinsyra C12:0,Grönsaker,0.0,g
361,Spenat frysvara,Betakaroten/β-Karoten,Grönsaker,2900.0,µg
361,Spenat frysvara,Avfall (skal etc.),Grönsaker,0.0,%
361,Spenat frysvara,Aska,Grönsaker,0.9,g
361,Spenat frysvara,Alkohol,Grönsaker,0.0,g
362,Squash,"Zink, Zn",Grönsaker,0.4,mg
362,Squash,Vitamin E,Grönsaker,0.6,mg
362,Squash,Vitamin D inkl 25-OH-D3,Grönsaker,0.0,µg
362,Squash,Vitamin D,Grönsaker,0.0,µg
362,Squash,Vitamin C,Grönsaker,23.9,mg
362,Squash,Vitamin B6,Grönsaker,0.09,mg
362,Squash,Vitamin B12,Grönsaker,0.0,µg
362,Squash,Vitamin A,Grönsaker,15.1,RE/µg
362,Squash,Vatten,Grönsaker,95.0,g
362,Squash,Tiamin,Grönsaker,0.03,mg
362,Squash,Tillsatt socker,Grönsaker,0.0,g
362,Squash,Fritt socker,Grönsaker,0.0,g
362,Squash,"Selen, Se",Grönsaker,0.0,µg
362,Squash,Sackaros,Grönsaker,0.1,g
362,Squash,Riboflavin,Grönsaker,0.04,mg
362,Squash,Retinol,Grönsaker,0.0,µg
362,Squash,Protein,Grönsaker,0.0,g
362,Squash,Summa fleromättade fettsyror,Grönsaker,0.0,g
362,Squash,"Fosfor, P",Grönsaker,28.0,mg
362,Squash,Niacinekvivalenter,Grönsaker,0.5,NE/mg
362,Squash,Niacin,Grönsaker,0.45,mg
362,Squash,"Salt, NaCl",Grönsaker,0.0,g
362,Squash,"Natrium, Na",Grönsaker,0.0,mg
362,Squash,Monosackarider,Grönsaker,2.9,g
362,Squash,"Sockerarter, totalt",Grönsaker,3.0,g
362,Squash,Summa enkelomättade fettsyror,Grönsaker,0.0,g
362,Squash,"Magnesium, Mg",Grönsaker,17.0,mg
362,Squash,Summa mättade fettsyror,Grönsaker,0.0,g
362,Squash,"Kolhydrater, tillgängliga",Grönsaker,2.5,g
362,Squash,Kolesterol,Grönsaker,0.0,mg
362,Squash,"Kalium, K",Grönsaker,148.0,mg
362,Squash,"Jod, I",Grönsaker,0.0,µg
362,Squash,Fullkorn totalt,Grönsaker,0.0,g
362,Squash,"Folat, totalt",Grönsaker,30.4,µg
362,Squash,Fibrer,Grönsaker,1.8,g
362,Squash,"Fett, totalt",Grönsaker,0.1,g
362,Squash,"Järn, Fe",Grönsaker,0.3,mg
362,Squash,Energi (kJ),Grönsaker,61.0,kJ
362,Squash,Energi (kcal),Grönsaker,14.0,kcal
362,Squash,Disackarider,Grönsaker,0.1,g
362,Squash,"Kalcium, Ca",Grönsaker,20.0,mg
362,Squash,Fettsyra 4:0-10:0,Grönsaker,0.0,g
362,Squash,DHA (C22:6),Grönsaker,0.0,g
362,Squash,DPA (C22:5),Grönsaker,0.0,g
362,Squash,EPA (C20:5),Grönsaker,0.0,g
362,Squash,Arakidonsyra C20:4,Grönsaker,0.0,g
362,Squash,Arakidinsyra C20:0,Grönsaker,0.0,g
362,Squash,Linolensyra C18:3,Grönsaker,0.0,g
362,Squash,Linolsyra C18:2,Grönsaker,0.0,g
362,Squash,Oljesyra C18:1,Grönsaker,0.0,g
362,Squash,Stearinsyra C18:0,Grönsaker,0.0,g
362,Squash,Palmitoljesyra C16:1,Grönsaker,0.0,g
362,Squash,Palmitinsyra C16:0,Grönsaker,0.0,g
362,Squash,Myristinsyra C14:0,Grönsaker,0.0,g
362,Squash,Laurinsyra C12:0,Grönsaker,0.0,g
362,Squash,Betakaroten/β-Karoten,Grönsaker,177.0,µg
362,Squash,Avfall (skal etc.),Grönsaker,5.0,%
362,Squash,Aska,Grönsaker,0.6,g
362,Squash,Alkohol,Grönsaker,0.0,g
364,Tomat,"Zink, Zn",Grönsaker,0.1,mg
364,Tomat,Vitamin E,Grönsaker,0.7,mg
364,Tomat,Vitamin D inkl 25-OH-D3,Grönsaker,0.0,µg
364,Tomat,Vitamin D,Grönsaker,0.0,µg
364,Tomat,Vitamin C,Grönsaker,14.8,mg
364,Tomat,Vitamin B6,Grönsaker,0.1,mg
364,Tomat,Vitamin B12,Grönsaker,0.0,µg
364,Tomat,Vitamin A,Grönsaker,43.2,RE/µg
364,Tomat,Vatten,Grönsaker,94.7,g
364,Tomat,Tiamin,Grönsaker,0.03,mg
364,Tomat,Tillsatt socker,Grönsaker,0.0,g
364,Tomat,Fritt socker,Grönsaker,0.0,g
364,Tomat,"Selen, Se",Grönsaker,0.0,µg
364,Tomat,Sackaros,Grönsaker,0.0,g
364,Tomat,Riboflavin,Grönsaker,0.0,mg
364,Tomat,Retinol,Grönsaker,0.0,µg
364,Tomat,Protein,Grönsaker,0.8,g
364,Tomat,Summa fleromättade fettsyror,Grönsaker,0.1,g
364,Tomat,"Fosfor, P",Grönsaker,22.0,mg
364,Tomat,Niacinekvivalenter,Grönsaker,0.7,NE/mg
364,Tomat,Niacin,Grönsaker,0.58,mg
364,Tomat,"Salt, NaCl",Grönsaker,0.0,g
364,Tomat,"Natrium, Na",Grönsaker,2.0,mg
364,Tomat,Monosackarider,Grönsaker,2.8,g
364,Tomat,"Sockerarter, totalt",Grönsaker,2.8,g
364,Tomat,Summa enkelomättade fettsyror,Grönsaker,0.0,g
364,Tomat,"Magnesium, Mg",Grönsaker,9.0,mg
364,Tomat,Summa mättade fettsyror,Grönsaker,0.0,g
364,Tomat,"Kolhydrater, tillgängliga",Grönsaker,2.6,g
364,Tomat,Kolesterol,Grönsaker,0.0,mg
364,Tomat,"Kalium, K",Grönsaker,240.0,mg
364,Tomat,"Jod, I",Grönsaker,2.0,µg
364,Tomat,Fullkorn totalt,Grönsaker,0.0,g
364,Tomat,"Folat, totalt",Grönsaker,16.6,µg
364,Tomat,Fibrer,Grönsaker,1.3,g
364,Tomat,"Fett, totalt",Grönsaker,0.1,g
364,Tomat,"Järn, Fe",Grönsaker,0.2,mg
364,Tomat,Energi (kJ),Grönsaker,73.0,kJ
364,Tomat,Energi (kcal),Grönsaker,18.0,kcal
364,Tomat,Disackarider,Grönsaker,0.0,g
364,Tomat,"Kalcium, Ca",Grönsaker,12.0,mg
364,Tomat,Fettsyra 4:0-10:0,Grönsaker,0.0,g
364,Tomat,DHA (C22:6),Grönsaker,0.0,g
364,Tomat,DPA (C22:5),Grönsaker,0.0,g
364,Tomat,EPA (C20:5),Grönsaker,0.0,g
364,Tomat,Arakidonsyra C20:4,Grönsaker,0.0,g
364,Tomat,Arakidinsyra C20:0,Grönsaker,0.0,g
364,Tomat,Linolensyra C18:3,Grönsaker,0.0,g
364,Tomat,Linolsyra C18:2,Grönsaker,0.1,g
364,Tomat,Oljesyra C18:1,Grönsaker,0.0,g
364,Tomat,Stearinsyra C18:0,Grönsaker,0.0,g
364,Tomat,Palmitoljesyra C16:1,Grönsaker,0.0,g
364,Tomat,Palmitinsyra C16:0,Grönsaker,0.0,g
364,Tomat,Myristinsyra C14:0,Grönsaker,0.0,g
364,Tomat,Laurinsyra C12:0,Grönsaker,0.0,g
364,Tomat,Betakaroten/β-Karoten,Grönsaker,518.0,µg
364,Tomat,Avfall (skal etc.),Grönsaker,0.0,%
364,Tomat,Aska,Grönsaker,0.5,g
364,Tomat,Alkohol,Grönsaker,0.0,g
365,Tomat torkad m. olja,"Zink, Zn",Grönsaks- rotfrukts- baljväxträtter o produkter,0.6,mg
365,Tomat torkad m. olja,Vitamin E,Grönsaks- rotfrukts- baljväxträtter o produkter,9.1,mg
365,Tomat torkad m. olja,Vitamin D inkl 25-OH-D3,Grönsaks- rotfrukts- baljväxträtter o produkter,0.0,µg
365,Tomat torkad m. olja,Vitamin D,Grönsaks- rotfrukts- baljväxträtter o produkter,0.0,µg
365,Tomat torkad m. olja,Vitamin C,Grönsaks- rotfrukts- baljväxträtter o produkter,11.5,mg
365,Tomat torkad m. olja,Vitamin B6,Grönsaks- rotfrukts- baljväxträtter o produkter,0.2,mg
365,Tomat torkad m. olja,Vitamin B12,Grönsaks- rotfrukts- baljväxträtter o produkter,0.07,µg
365,Tomat torkad m. olja,Vitamin A,Grönsaks- rotfrukts- baljväxträtter o produkter,51.2,RE/µg
365,Tomat torkad m. olja,Vatten,Grönsaks- rotfrukts- baljväxträtter o produkter,55.0,g
365,Tomat torkad m. olja,Tiamin,Grönsaks- rotfrukts- baljväxträtter o produkter,0.05,mg
365,Tomat torkad m. olja,Tillsatt socker,Grönsaks- rotfrukts- baljväxträtter o produkter,3.0,g
365,Tomat torkad m. olja,Fritt socker,Grönsaks- rotfrukts- baljväxträtter o produkter,3.0,g
365,Tomat torkad m. olja,"Selen, Se",Grönsaks- rotfrukts- baljväxträtter o produkter,0.0,µg
365,Tomat torkad m. olja,Sackaros,Grönsaks- rotfrukts- baljväxträtter o produkter,0.0,g
365,Tomat torkad m. olja,Riboflavin,Grönsaks- rotfrukts- baljväxträtter o produkter,0.06,mg
365,Tomat torkad m. olja,Retinol,Grönsaks- rotfrukts- baljväxträtter o produkter,0.0,µg
365,Tomat torkad m. olja,Protein,Grönsaks- rotfrukts- baljväxträtter o produkter,5.0,g
365,Tomat torkad m. olja,Summa fleromättade fettsyror,Grönsaks- rotfrukts- baljväxträtter o produkter,5.8,g
365,Tomat torkad m. olja,"Fosfor, P",Grönsaks- rotfrukts- baljväxträtter o produkter,103.0,mg
365,Tomat torkad m. olja,Niacinekvivalenter,Grönsaks- rotfrukts- baljväxträtter o produkter,3.0,NE/mg
365,Tomat torkad m. olja,Niacin,Grönsaks- rotfrukts- baljväxträtter o produkter,2.17,mg
365,Tomat torkad m. olja,"Salt, NaCl",Grönsaks- rotfrukts- baljväxträtter o produkter,3.1,g
365,Tomat torkad m. olja,"Natrium, Na",Grönsaks- rotfrukts- baljväxträtter o produkter,1238.0,mg
365,Tomat torkad m. olja,Monosackarider,Grönsaks- rotfrukts- baljväxträtter o produkter,8.7,g
365,Tomat torkad m. olja,"Sockerarter, totalt",Grönsaks- rotfrukts- baljväxträtter o produkter,8.7,g
365,Tomat torkad m. olja,Summa enkelomättade fettsyror,Grönsaks- rotfrukts- baljväxträtter o produkter,4.9,g
365,Tomat torkad m. olja,"Magnesium, Mg",Grönsaks- rotfrukts- baljväxträtter o produkter,62.0,mg
365,Tomat torkad m. olja,Summa mättade fettsyror,Grönsaks- rotfrukts- baljväxträtter o produkter,1.3,g
365,Tomat torkad m. olja,"Kolhydrater, tillgängliga",Grönsaks- rotfrukts- baljväxträtter o produkter,8.7,g
365,Tomat torkad m. olja,Kolesterol,Grönsaks- rotfrukts- baljväxträtter o produkter,0.0,mg
365,Tomat torkad m. olja,"Kalium, K",Grönsaks- rotfrukts- baljväxträtter o produkter,882.0,mg
365,Tomat torkad m. olja,"Jod, I",Grönsaks- rotfrukts- baljväxträtter o produkter,130.0,µg
365,Tomat torkad m. olja,Fullkorn totalt,Grönsaks- rotfrukts- baljväxträtter o produkter,0.0,g
365,Tomat torkad m. olja,"Folat, totalt",Grönsaks- rotfrukts- baljväxträtter o produkter,28.7,µg
365,Tomat torkad m. olja,Fibrer,Grönsaks- rotfrukts- baljväxträtter o produkter,12.7,g
365,Tomat torkad m. olja,"Fett, totalt",Grönsaks- rotfrukts- baljväxträtter o produkter,12.5,g
365,Tomat torkad m. olja,"Järn, Fe",Grönsaks- rotfrukts- baljväxträtter o produkter,3.4,mg
365,Tomat torkad m. olja,Energi (kJ),Grönsaks- rotfrukts- baljväxträtter o produkter,797.0,kJ
365,Tomat torkad m. olja,Energi (kcal),Grönsaks- rotfrukts- baljväxträtter o produkter,190.0,kcal
365,Tomat torkad m. olja,Disackarider,Grönsaks- rotfrukts- baljväxträtter o produkter,0.0,g
365,Tomat torkad m. olja,"Kalcium, Ca",Grönsaks- rotfrukts- baljväxträtter o produkter,69.0,mg
365,Tomat torkad m. olja,Fettsyra 4:0-10:0,Grönsaks- rotfrukts- baljväxträtter o produkter,0.0,g
365,Tomat torkad m. olja,DHA (C22:6),Grönsaks- rotfrukts- baljväxträtter o produkter,0.0,g
365,Tomat torkad m. olja,DPA (C22:5),Grönsaks- rotfrukts- baljväxträtter o produkter,0.0,g
365,Tomat torkad m. olja,EPA (C20:5),Grönsaks- rotfrukts- baljväxträtter o produkter,0.0,g
365,Tomat torkad m. olja,Arakidonsyra C20:4,Grönsaks- rotfrukts- baljväxträtter o produkter,0.0,g
365,Tomat torkad m. olja,Arakidinsyra C20:0,Grönsaks- rotfrukts- baljväxträtter o produkter,0.0,g
365,Tomat torkad m. olja,Linolensyra C18:3,Grönsaks- rotfrukts- baljväxträtter o produkter,0.4,g
365,Tomat torkad m. olja,Linolsyra C18:2,Grönsaks- rotfrukts- baljväxträtter o produkter,5.3,g
365,Tomat torkad m. olja,Oljesyra C18:1,Grönsaks- rotfrukts- baljväxträtter o produkter,4.7,g
365,Tomat torkad m. olja,Stearinsyra C18:0,Grönsaks- rotfrukts- baljväxträtter o produkter,0.3,g
365,Tomat torkad m. olja,Palmitoljesyra C16:1,Grönsaks- rotfrukts- baljväxträtter o produkter,0.0,g
365,Tomat torkad m. olja,Palmitinsyra C16:0,Grönsaks- rotfrukts- baljväxträtter o produkter,0.8,g
365,Tomat torkad m. olja,Myristinsyra C14:0,Grönsaks- rotfrukts- baljväxträtter o produkter,0.0,g
365,Tomat torkad m. olja,Laurinsyra C12:0,Grönsaks- rotfrukts- baljväxträtter o produkter,0.0,g
365,Tomat torkad m. olja,Betakaroten/β-Karoten,Grönsaks- rotfrukts- baljväxträtter o produkter,615.0,µg
365,Tomat torkad m. olja,Avfall (skal etc.),Grönsaks- rotfrukts- baljväxträtter o produkter,0.0,%
365,Tomat torkad m. olja,Aska,Grönsaks- rotfrukts- baljväxträtter o produkter,6.1,g
365,Tomat torkad m. olja,Alkohol,Grönsaks- rotfrukts- baljväxträtter o produkter,0.0,g
366,Trädgårdskrasse,"Zink, Zn",Grönsaker,0.2,mg
366,Trädgårdskrasse,Vitamin E,Grönsaker,0.7,mg
366,Trädgårdskrasse,Vitamin D inkl 25-OH-D3,Grönsaker,0.0,µg
366,Trädgårdskrasse,Vitamin D,Grönsaker,0.0,µg
366,Trädgårdskrasse,Vitamin C,Grönsaker,35.0,mg
366,Trädgårdskrasse,Vitamin B6,Grönsaker,0.25,mg
366,Trädgårdskrasse,Vitamin B12,Grönsaker,0.0,µg
366,Trädgårdskrasse,Vitamin A,Grönsaker,216.7,RE/µg
366,Trädgårdskrasse,Vatten,Grönsaker,89.0,g
366,Trädgårdskrasse,Tiamin,Grönsaker,0.08,mg
366,Trädgårdskrasse,Tillsatt socker,Grönsaker,0.0,g
366,Trädgårdskrasse,Fritt socker,Grönsaker,0.0,g
366,Trädgårdskrasse,"Selen, Se",Grönsaker,0.0,µg
366,Trädgårdskrasse,Sackaros,Grönsaker,0.0,g
366,Trädgårdskrasse,Riboflavin,Grönsaker,0.26,mg
366,Trädgårdskrasse,Retinol,Grönsaker,0.0,µg
366,Trädgårdskrasse,Protein,Grönsaker,2.6,g
366,Trädgårdskrasse,Summa fleromättade fettsyror,Grönsaker,0.2,g
366,Trädgårdskrasse,"Fosfor, P",Grönsaker,76.0,mg
366,Trädgårdskrasse,Niacinekvivalenter,Grönsaker,1.43,NE/mg
366,Trädgårdskrasse,Niacin,Grönsaker,1.0,mg
366,Trädgårdskrasse,"Salt, NaCl",Grönsaker,0.0,g
366,Trädgårdskrasse,"Natrium, Na",Grönsaker,14.0,mg
366,Trädgårdskrasse,Monosackarider,Grönsaker,0.2,g
366,Trädgårdskrasse,"Sockerarter, totalt",Grönsaker,0.2,g
366,Trädgårdskrasse,Summa enkelomättade fettsyror,Grönsaker,0.2,g
366,Trädgårdskrasse,"Magnesium, Mg",Grönsaker,25.0,mg
366,Trädgårdskrasse,Summa mättade fettsyror,Grönsaker,0.0,g
366,Trädgårdskrasse,"Kolhydrater, tillgängliga",Grönsaker,4.3,g
366,Trädgårdskrasse,Kolesterol,Grönsaker,0.0,mg
366,Trädgårdskrasse,"Kalium, K",Grönsaker,600.0,mg
366,Trädgårdskrasse,"Jod, I",Grönsaker,0.9,µg
366,Trädgårdskrasse,Fullkorn totalt,Grönsaker,0.0,g
366,Trädgårdskrasse,"Folat, totalt",Grönsaker,30.0,µg
366,Trädgårdskrasse,Fibrer,Grönsaker,1.6,g
366,Trädgårdskrasse,"Fett, totalt",Grönsaker,0.7,g
366,Trädgårdskrasse,"Järn, Fe",Grönsaker,1.3,mg
366,Trädgårdskrasse,Energi (kJ),Grönsaker,156.0,kJ
366,Trädgårdskrasse,Energi (kcal),Grönsaker,37.0,kcal
366,Trädgårdskrasse,Disackarider,Grönsaker,0.0,g
366,Trädgårdskrasse,"Kalcium, Ca",Grönsaker,81.0,mg
366,Trädgårdskrasse,Fettsyra 4:0-10:0,Grönsaker,0.0,g
366,Trädgårdskrasse,DHA (C22:6),Grönsaker,0.0,g
366,Trädgårdskrasse,DPA (C22:5),Grönsaker,0.0,g
366,Trädgårdskrasse,EPA (C20:5),Grönsaker,0.0,g
366,Trädgårdskrasse,Arakidonsyra C20:4,Grönsaker,0.0,g
366,Trädgårdskrasse,Arakidinsyra C20:0,Grönsaker,0.0,g
366,Trädgårdskrasse,Linolensyra C18:3,Grönsaker,0.1,g
366,Trädgårdskrasse,Linolsyra C18:2,Grönsaker,0.2,g
366,Trädgårdskrasse,Oljesyra C18:1,Grönsaker,0.1,g
366,Trädgårdskrasse,Stearinsyra C18:0,Grönsaker,0.0,g
366,Trädgårdskrasse,Palmitoljesyra C16:1,Grönsaker,0.0,g
366,Trädgårdskrasse,Palmitinsyra C16:0,Grönsaker,0.0,g
366,Trädgårdskrasse,Myristinsyra C14:0,Grönsaker,0.0,g
366,Trädgårdskrasse,Laurinsyra C12:0,Grönsaker,0.0,g
366,Trädgårdskrasse,Betakaroten/β-Karoten,Grönsaker,2600.0,µg
366,Trädgårdskrasse,Avfall (skal etc.),Grönsaker,29.0,%
366,Trädgårdskrasse,Aska,Grönsaker,1.8,g
366,Trädgårdskrasse,Alkohol,Grönsaker,0.0,g
367,Vattenkrasse,"Zink, Zn",Grönsaker,0.5,mg
367,Vattenkrasse,Vitamin E,Grönsaker,1.0,mg
367,Vattenkrasse,Vitamin D inkl 25-OH-D3,Grönsaker,0.0,µg
367,Vattenkrasse,Vitamin D,Grönsaker,0.0,µg
367,Vattenkrasse,Vitamin C,Grönsaker,3.0,mg
367,Vattenkrasse,Vitamin B6,Grönsaker,0.13,mg
367,Vattenkrasse,Vitamin B12,Grönsaker,0.0,µg
367,Vattenkrasse,Vitamin A,Grönsaker,132.4,RE/µg
367,Vattenkrasse,Vatten,Grönsaker,94.8,g
367,Vattenkrasse,Tiamin,Grönsaker,0.09,mg
367,Vattenkrasse,Tillsatt socker,Grönsaker,0.0,g
367,Vattenkrasse,Fritt socker,Grönsaker,0.0,g
367,Vattenkrasse,"Selen, Se",Grönsaker,1.0,µg
367,Vattenkrasse,Sackaros,Grönsaker,0.0,g
367,Vattenkrasse,Riboflavin,Grönsaker,0.12,mg
367,Vattenkrasse,Retinol,Grönsaker,0.0,µg
367,Vattenkrasse,Protein,Grönsaker,1.9,g
367,Vattenkrasse,Summa fleromättade fettsyror,Grönsaker,0.0,g
367,Vattenkrasse,"Fosfor, P",Grönsaker,61.0,mg
367,Vattenkrasse,Niacinekvivalenter,Grönsaker,0.5,NE/mg
367,Vattenkrasse,Niacin,Grönsaker,0.2,mg
367,Vattenkrasse,"Salt, NaCl",Grönsaker,0.1,g
367,Vattenkrasse,"Natrium, Na",Grönsaker,37.0,mg
367,Vattenkrasse,Monosackarider,Grönsaker,0.0,g
367,Vattenkrasse,"Sockerarter, totalt",Grönsaker,0.0,g
367,Vattenkrasse,Summa enkelomättade fettsyror,Grönsaker,0.0,g
367,Vattenkrasse,"Magnesium, Mg",Grönsaker,16.0,mg
367,Vattenkrasse,Summa mättade fettsyror,Grönsaker,0.1,g
367,Vattenkrasse,"Kolhydrater, tillgängliga",Grönsaker,0.5,g
367,Vattenkrasse,Kolesterol,Grönsaker,0.0,mg
367,Vattenkrasse,"Kalium, K",Grönsaker,300.0,mg
367,Vattenkrasse,"Jod, I",Grönsaker,7.0,µg
367,Vattenkrasse,Fullkorn totalt,Grönsaker,0.0,g
367,Vattenkrasse,"Folat, totalt",Grönsaker,43.0,µg
367,Vattenkrasse,Fibrer,Grönsaker,1.5,g
367,Vattenkrasse,"Fett, totalt",Grönsaker,0.3,g
367,Vattenkrasse,"Järn, Fe",Grönsaker,0.7,mg
367,Vattenkrasse,Energi (kJ),Grönsaker,64.0,kJ
367,Vattenkrasse,Energi (kcal),Grönsaker,15.0,kcal
367,Vattenkrasse,Disackarider,Grönsaker,0.0,g
367,Vattenkrasse,"Kalcium, Ca",Grönsaker,138.0,mg
367,Vattenkrasse,Fettsyra 4:0-10:0,Grönsaker,0.0,g
367,Vattenkrasse,DHA (C22:6),Grönsaker,0.0,g
367,Vattenkrasse,DPA (C22:5),Grönsaker,0.0,g
367,Vattenkrasse,EPA (C20:5),Grönsaker,0.0,g
367,Vattenkrasse,Arakidonsyra C20:4,Grönsaker,0.0,g
367,Vattenkrasse,Arakidinsyra C20:0,Grönsaker,0.0,g
367,Vattenkrasse,Linolensyra C18:3,Grönsaker,0.1,g
367,Vattenkrasse,Linolsyra C18:2,Grönsaker,0.0,g
367,Vattenkrasse,Oljesyra C18:1,Grönsaker,0.0,g
367,Vattenkrasse,Stearinsyra C18:0,Grönsaker,0.0,g
367,Vattenkrasse,Palmitoljesyra C16:1,Grönsaker,0.0,g
367,Vattenkrasse,Palmitinsyra C16:0,Grönsaker,0.1,g
367,Vattenkrasse,Myristinsyra C14:0,Grönsaker,0.0,g
367,Vattenkrasse,Laurinsyra C12:0,Grönsaker,0.0,g
367,Vattenkrasse,Betakaroten/β-Karoten,Grönsaker,1589.0,µg
367,Vattenkrasse,Avfall (skal etc.),Grönsaker,8.0,%
367,Vattenkrasse,Aska,Grönsaker,1.0,g
367,Vattenkrasse,Alkohol,Grönsaker,0.0,g
368,Vaxbönor,"Zink, Zn","Baljväxter (bönor, linser och ärter)",0.2,mg
368,Vaxbönor,Vitamin E,"Baljväxter (bönor, linser och ärter)",0.4,mg
368,Vaxbönor,Vitamin D inkl 25-OH-D3,"Baljväxter (bönor, linser och ärter)",0.0,µg
368,Vaxbönor,Vitamin D,"Baljväxter (bönor, linser och ärter)",0.0,µg
368,Vaxbönor,Vitamin C,"Baljväxter (bönor, linser och ärter)",21.0,mg
368,Vaxbönor,Vitamin B6,"Baljväxter (bönor, linser och ärter)",0.1,mg
368,Vaxbönor,Vitamin B12,"Baljväxter (bönor, linser och ärter)",0.0,µg
368,Vaxbönor,Vitamin A,"Baljväxter (bönor, linser och ärter)",4.6,RE/µg
368,Vaxbönor,Vatten,"Baljväxter (bönor, linser och ärter)",90.0,g
368,Vaxbönor,Tiamin,"Baljväxter (bönor, linser och ärter)",0.08,mg
368,Vaxbönor,Tillsatt socker,"Baljväxter (bönor, linser och ärter)",0.0,g
368,Vaxbönor,Fritt socker,"Baljväxter (bönor, linser och ärter)",0.0,g
368,Vaxbönor,"Selen, Se","Baljväxter (bönor, linser och ärter)",0.5,µg
368,Vaxbönor,Sackaros,"Baljväxter (bönor, linser och ärter)",0.4,g
368,Vaxbönor,Riboflavin,"Baljväxter (bönor, linser och ärter)",0.13,mg
368,Vaxbönor,Retinol,"Baljväxter (bönor, linser och ärter)",0.0,µg
368,Vaxbönor,Protein,"Baljväxter (bönor, linser och ärter)",1.8,g
368,Vaxbönor,Summa fleromättade fettsyror,"Baljväxter (bönor, linser och ärter)",0.0,g
368,Vaxbönor,"Fosfor, P","Baljväxter (bönor, linser och ärter)",38.0,mg
368,Vaxbönor,Niacinekvivalenter,"Baljväxter (bönor, linser och ärter)",0.9,NE/mg
368,Vaxbönor,Niacin,"Baljväxter (bönor, linser och ärter)",0.6,mg
368,Vaxbönor,"Salt, NaCl","Baljväxter (bönor, linser och ärter)",0.0,g
368,Vaxbönor,"Natrium, Na","Baljväxter (bönor, linser och ärter)",6.0,mg
368,Vaxbönor,Monosackarider,"Baljväxter (bönor, linser och ärter)",1.0,g
368,Vaxbönor,"Sockerarter, totalt","Baljväxter (bönor, linser och ärter)",1.4,g
368,Vaxbönor,Summa enkelomättade fettsyror,"Baljväxter (bönor, linser och ärter)",0.0,g
368,Vaxbönor,"Magnesium, Mg","Baljväxter (bönor, linser och ärter)",25.0,mg
368,Vaxbönor,Summa mättade fettsyror,"Baljväxter (bönor, linser och ärter)",0.0,g
368,Vaxbönor,"Kolhydrater, tillgängliga","Baljväxter (bönor, linser och ärter)",4.7,g
368,Vaxbönor,Kolesterol,"Baljväxter (bönor, linser och ärter)",0.0,mg
368,Vaxbönor,"Kalium, K","Baljväxter (bönor, linser och ärter)",210.0,mg
368,Vaxbönor,"Jod, I","Baljväxter (bönor, linser och ärter)",0.2,µg
368,Vaxbönor,Fullkorn totalt,"Baljväxter (bönor, linser och ärter)",0.0,g
368,Vaxbönor,"Folat, totalt","Baljväxter (bönor, linser och ärter)",36.0,µg
368,Vaxbönor,Fibrer,"Baljväxter (bönor, linser och ärter)",2.7,g
368,Vaxbönor,"Fett, totalt","Baljväxter (bönor, linser och ärter)",0.1,g
368,Vaxbönor,"Järn, Fe","Baljväxter (bönor, linser och ärter)",1.1,mg
368,Vaxbönor,Energi (kJ),"Baljväxter (bönor, linser och ärter)",136.0,kJ
368,Vaxbönor,Energi (kcal),"Baljväxter (bönor, linser och ärter)",32.0,kcal
368,Vaxbönor,Disackarider,"Baljväxter (bönor, linser och ärter)",0.4,g
368,Vaxbönor,"Kalcium, Ca","Baljväxter (bönor, linser och ärter)",45.0,mg
368,Vaxbönor,Fettsyra 4:0-10:0,"Baljväxter (bönor, linser och ärter)",0.0,g
368,Vaxbönor,DHA (C22:6),"Baljväxter (bönor, linser och ärter)",0.0,g
368,Vaxbönor,DPA (C22:5),"Baljväxter (bönor, linser och ärter)",0.0,g
368,Vaxbönor,EPA (C20:5),"Baljväxter (bönor, linser och ärter)",0.0,g
368,Vaxbönor,Arakidonsyra C20:4,"Baljväxter (bönor, linser och ärter)",0.0,g
368,Vaxbönor,Arakidinsyra C20:0,"Baljväxter (bönor, linser och ärter)",0.0,g
368,Vaxbönor,Linolensyra C18:3,"Baljväxter (bönor, linser och ärter)",0.0,g
368,Vaxbönor,Linolsyra C18:2,"Baljväxter (bönor, linser och ärter)",0.0,g
368,Vaxbönor,Oljesyra C18:1,"Baljväxter (bönor, linser och ärter)",0.0,g
368,Vaxbönor,Stearinsyra C18:0,"Baljväxter (bönor, linser och ärter)",0.0,g
368,Vaxbönor,Palmitoljesyra C16:1,"Baljväxter (bönor, linser och ärter)",0.0,g
368,Vaxbönor,Palmitinsyra C16:0,"Baljväxter (bönor, linser och ärter)",0.0,g
368,Vaxbönor,Myristinsyra C14:0,"Baljväxter (bönor, linser och ärter)",0.0,g
368,Vaxbönor,Laurinsyra C12:0,"Baljväxter (bönor, linser och ärter)",0.0,g
368,Vaxbönor,Betakaroten/β-Karoten,"Baljväxter (bönor, linser och ärter)",55.0,µg
368,Vaxbönor,Avfall (skal etc.),"Baljväxter (bönor, linser och ärter)",6.0,%
368,Vaxbönor,Aska,"Baljväxter (bönor, linser och ärter)",0.7,g
368,Vaxbönor,Alkohol,"Baljväxter (bönor, linser och ärter)",0.0,g
369,Vaxbönor frysvara,"Zink, Zn","Baljväxter (bönor, linser och ärter)",0.3,mg
369,Vaxbönor frysvara,Vitamin E,"Baljväxter (bönor, linser och ärter)",0.3,mg
369,Vaxbönor frysvara,Vitamin D inkl 25-OH-D3,"Baljväxter (bönor, linser och ärter)",0.0,µg
369,Vaxbönor frysvara,Vitamin D,"Baljväxter (bönor, linser och ärter)",0.0,µg
369,Vaxbönor frysvara,Vitamin C,"Baljväxter (bönor, linser och ärter)",12.0,mg
369,Vaxbönor frysvara,Vitamin B6,"Baljväxter (bönor, linser och ärter)",0.08,mg
369,Vaxbönor frysvara,Vitamin B12,"Baljväxter (bönor, linser och ärter)",0.0,µg
369,Vaxbönor frysvara,Vitamin A,"Baljväxter (bönor, linser och ärter)",5.0,RE/µg
369,Vaxbönor frysvara,Vatten,"Baljväxter (bönor, linser och ärter)",91.1,g
369,Vaxbönor frysvara,Tiamin,"Baljväxter (bönor, linser och ärter)",0.08,mg
369,Vaxbönor frysvara,Tillsatt socker,"Baljväxter (bönor, linser och ärter)",0.0,g
369,Vaxbönor frysvara,Fritt socker,"Baljväxter (bönor, linser och ärter)",0.0,g
369,Vaxbönor frysvara,"Selen, Se","Baljväxter (bönor, linser och ärter)",0.5,µg
369,Vaxbönor frysvara,Sackaros,"Baljväxter (bönor, linser och ärter)",0.4,g
369,Vaxbönor frysvara,Riboflavin,"Baljväxter (bönor, linser och ärter)",0.09,mg
369,Vaxbönor frysvara,Retinol,"Baljväxter (bönor, linser och ärter)",0.0,µg
369,Vaxbönor frysvara,Protein,"Baljväxter (bönor, linser och ärter)",1.8,g
369,Vaxbönor frysvara,Summa fleromättade fettsyror,"Baljväxter (bönor, linser och ärter)",0.0,g
369,Vaxbönor frysvara,"Fosfor, P","Baljväxter (bönor, linser och ärter)",32.0,mg
369,Vaxbönor frysvara,Niacinekvivalenter,"Baljväxter (bönor, linser och ärter)",0.8,NE/mg
369,Vaxbönor frysvara,Niacin,"Baljväxter (bönor, linser och ärter)",0.5,mg
369,Vaxbönor frysvara,"Salt, NaCl","Baljväxter (bönor, linser och ärter)",0.0,g
369,Vaxbönor frysvara,"Natrium, Na","Baljväxter (bönor, linser och ärter)",1.0,mg
369,Vaxbönor frysvara,Monosackarider,"Baljväxter (bönor, linser och ärter)",1.0,g
369,Vaxbönor frysvara,"Sockerarter, totalt","Baljväxter (bönor, linser och ärter)",1.4,g
369,Vaxbönor frysvara,Summa enkelomättade fettsyror,"Baljväxter (bönor, linser och ärter)",0.0,g
369,Vaxbönor frysvara,"Magnesium, Mg","Baljväxter (bönor, linser och ärter)",22.0,mg
369,Vaxbönor frysvara,Summa mättade fettsyror,"Baljväxter (bönor, linser och ärter)",0.0,g
369,Vaxbönor frysvara,"Kolhydrater, tillgängliga","Baljväxter (bönor, linser och ärter)",3.8,g
369,Vaxbönor frysvara,Kolesterol,"Baljväxter (bönor, linser och ärter)",0.0,mg
369,Vaxbönor frysvara,"Kalium, K","Baljväxter (bönor, linser och ärter)",180.0,mg
369,Vaxbönor frysvara,"Jod, I","Baljväxter (bönor, linser och ärter)",0.2,µg
369,Vaxbönor frysvara,Fullkorn totalt,"Baljväxter (bönor, linser och ärter)",0.0,g
369,Vaxbönor frysvara,"Folat, totalt","Baljväxter (bönor, linser och ärter)",36.0,µg
369,Vaxbönor frysvara,Fibrer,"Baljväxter (bönor, linser och ärter)",2.7,g
369,Vaxbönor frysvara,"Fett, totalt","Baljväxter (bönor, linser och ärter)",0.1,g
369,Vaxbönor frysvara,"Järn, Fe","Baljväxter (bönor, linser och ärter)",0.8,mg
369,Vaxbönor frysvara,Energi (kJ),"Baljväxter (bönor, linser och ärter)",120.0,kJ
369,Vaxbönor frysvara,Energi (kcal),"Baljväxter (bönor, linser och ärter)",29.0,kcal
369,Vaxbönor frysvara,Disackarider,"Baljväxter (bönor, linser och ärter)",0.4,g
369,Vaxbönor frysvara,"Kalcium, Ca","Baljväxter (bönor, linser och ärter)",36.0,mg
369,Vaxbönor frysvara,Fettsyra 4:0-10:0,"Baljväxter (bönor, linser och ärter)",0.0,g
369,Vaxbönor frysvara,DHA (C22:6),"Baljväxter (bönor, linser och ärter)",0.0,g
369,Vaxbönor frysvara,DPA (C22:5),"Baljväxter (bönor, linser och ärter)",0.0,g
369,Vaxbönor frysvara,EPA (C20:5),"Baljväxter (bönor, linser och ärter)",0.0,g
369,Vaxbönor frysvara,Arakidonsyra C20:4,"Baljväxter (bönor, linser och ärter)",0.0,g
369,Vaxbönor frysvara,Arakidinsyra C20:0,"Baljväxter (bönor, linser och ärter)",0.0,g
369,Vaxbönor frysvara,Linolensyra C18:3,"Baljväxter (bönor, linser och ärter)",0.0,g
369,Vaxbönor frysvara,Linolsyra C18:2,"Baljväxter (bönor, linser och ärter)",0.0,g
369,Vaxbönor frysvara,Oljesyra C18:1,"Baljväxter (bönor, linser och ärter)",0.0,g
369,Vaxbönor frysvara,Stearinsyra C18:0,"Baljväxter (bönor, linser och ärter)",0.0,g
369,Vaxbönor frysvara,Palmitoljesyra C16:1,"Baljväxter (bönor, linser och ärter)",0.0,g
369,Vaxbönor frysvara,Palmitinsyra C16:0,"Baljväxter (bönor, linser och ärter)",0.0,g
369,Vaxbönor frysvara,Myristinsyra C14:0,"Baljväxter (bönor, linser och ärter)",0.0,g
369,Vaxbönor frysvara,Laurinsyra C12:0,"Baljväxter (bönor, linser och ärter)",0.0,g
369,Vaxbönor frysvara,Betakaroten/β-Karoten,"Baljväxter (bönor, linser och ärter)",60.0,µg
369,Vaxbönor frysvara,Avfall (skal etc.),"Baljväxter (bönor, linser och ärter)",0.0,%
369,Vaxbönor frysvara,Aska,"Baljväxter (bönor, linser och ärter)",0.5,g
369,Vaxbönor frysvara,Alkohol,"Baljväxter (bönor, linser och ärter)",0.0,g
370,Vitkål,"Zink, Zn",Grönsaker,0.1,mg
370,Vitkål,Vitamin E,Grönsaker,0.0,mg
370,Vitkål,Vitamin D inkl 25-OH-D3,Grönsaker,0.0,µg
370,Vitkål,Vitamin D,Grönsaker,0.0,µg
370,Vitkål,Vitamin C,Grönsaker,46.2,mg
370,Vitkål,Vitamin B6,Grönsaker,0.17,mg
370,Vitkål,Vitamin B12,Grönsaker,0.0,µg
370,Vitkål,Vitamin A,Grönsaker,0.5,RE/µg
370,Vitkål,Vatten,Grönsaker,90.8,g
370,Vitkål,Tiamin,Grönsaker,0.05,mg
370,Vitkål,Tillsatt socker,Grönsaker,0.0,g
370,Vitkål,Fritt socker,Grönsaker,0.0,g
370,Vitkål,"Selen, Se",Grönsaker,0.0,µg
370,Vitkål,Sackaros,Grönsaker,0.4,g
370,Vitkål,Riboflavin,Grönsaker,0.0,mg
370,Vitkål,Retinol,Grönsaker,0.0,µg
370,Vitkål,Protein,Grönsaker,1.1,g
370,Vitkål,Summa fleromättade fettsyror,Grönsaker,0.1,g
370,Vitkål,"Fosfor, P",Grönsaker,24.0,mg
370,Vitkål,Niacinekvivalenter,Grönsaker,0.5,NE/mg
370,Vitkål,Niacin,Grönsaker,0.32,mg
370,Vitkål,"Salt, NaCl",Grönsaker,0.0,g
370,Vitkål,"Natrium, Na",Grönsaker,7.0,mg
370,Vitkål,Monosackarider,Grönsaker,5.3,g
370,Vitkål,"Sockerarter, totalt",Grönsaker,5.7,g
370,Vitkål,Summa enkelomättade fettsyror,Grönsaker,0.0,g
370,Vitkål,"Magnesium, Mg",Grönsaker,11.0,mg
370,Vitkål,Summa mättade fettsyror,Grönsaker,0.0,g
370,Vitkål,"Kolhydrater, tillgängliga",Grönsaker,4.7,g
370,Vitkål,Kolesterol,Grönsaker,0.0,mg
370,Vitkål,"Kalium, K",Grönsaker,240.0,mg
370,Vitkål,"Jod, I",Grönsaker,2.0,µg
370,Vitkål,Fullkorn totalt,Grönsaker,0.0,g
370,Vitkål,"Folat, totalt",Grönsaker,19.1,µg
370,Vitkål,Fibrer,Grönsaker,2.6,g
370,Vitkål,"Fett, totalt",Grönsaker,0.1,g
370,Vitkål,"Järn, Fe",Grönsaker,0.2,mg
370,Vitkål,Energi (kJ),Grönsaker,123.0,kJ
370,Vitkål,Energi (kcal),Grönsaker,30.0,kcal
370,Vitkål,Disackarider,Grönsaker,0.4,g
370,Vitkål,"Kalcium, Ca",Grönsaker,41.0,mg
370,Vitkål,Fettsyra 4:0-10:0,Grönsaker,0.0,g
370,Vitkål,DHA (C22:6),Grönsaker,0.0,g
370,Vitkål,DPA (C22:5),Grönsaker,0.0,g
370,Vitkål,EPA (C20:5),Grönsaker,0.0,g
370,Vitkål,Arakidonsyra C20:4,Grönsaker,0.0,g
370,Vitkål,Arakidinsyra C20:0,Grönsaker,0.0,g
370,Vitkål,Linolensyra C18:3,Grönsaker,0.0,g
370,Vitkål,Linolsyra C18:2,Grönsaker,0.0,g
370,Vitkål,Oljesyra C18:1,Grönsaker,0.0,g
370,Vitkål,Stearinsyra C18:0,Grönsaker,0.0,g
370,Vitkål,Palmitoljesyra C16:1,Grönsaker,0.0,g
370,Vitkål,Palmitinsyra C16:0,Grönsaker,0.0,g
370,Vitkål,Myristinsyra C14:0,Grönsaker,0.0,g
370,Vitkål,Laurinsyra C12:0,Grönsaker,0.0,g
370,Vitkål,Betakaroten/β-Karoten,Grönsaker,6.0,µg
370,Vitkål,Avfall (skal etc.),Grönsaker,14.0,%
370,Vitkål,Aska,Grönsaker,0.6,g
370,Vitkål,Alkohol,Grönsaker,0.0,g
371,Vitlök,"Zink, Zn",Grönsaker,0.8,mg
371,Vitlök,Vitamin E,Grönsaker,0.1,mg
371,Vitlök,Vitamin D inkl 25-OH-D3,Grönsaker,0.0,µg
371,Vitlök,Vitamin D,Grönsaker,0.0,µg
371,Vitlök,Vitamin C,Grönsaker,13.1,mg
371,Vitlök,Vitamin B6,Grönsaker,0.66,mg
371,Vitlök,Vitamin B12,Grönsaker,0.0,µg
371,Vitlök,Vitamin A,Grönsaker,0.0,RE/µg
371,Vitlök,Vatten,Grönsaker,64.4,g
371,Vitlök,Tiamin,Grönsaker,0.2,mg
371,Vitlök,Tillsatt socker,Grönsaker,0.0,g
371,Vitlök,Fritt socker,Grönsaker,0.0,g
371,Vitlök,"Selen, Se",Grönsaker,0.2,µg
371,Vitlök,Sackaros,Grönsaker,1.4,g
371,Vitlök,Riboflavin,Grönsaker,0.24,mg
371,Vitlök,Retinol,Grönsaker,0.0,µg
371,Vitlök,Protein,Grönsaker,6.8,g
371,Vitlök,Summa fleromättade fettsyror,Grönsaker,0.1,g
371,Vitlök,"Fosfor, P",Grönsaker,118.0,mg
371,Vitlök,Niacinekvivalenter,Grönsaker,1.5,NE/mg
371,Vitlök,Niacin,Grönsaker,0.37,mg
371,Vitlök,"Salt, NaCl",Grönsaker,0.0,g
371,Vitlök,"Natrium, Na",Grönsaker,10.0,mg
371,Vitlök,Monosackarider,Grönsaker,4.0,g
371,Vitlök,"Sockerarter, totalt",Grönsaker,5.4,g
371,Vitlök,Summa enkelomättade fettsyror,Grönsaker,0.0,g
371,Vitlök,"Magnesium, Mg",Grönsaker,26.0,mg
371,Vitlök,Summa mättade fettsyror,Grönsaker,0.0,g
371,Vitlök,"Kolhydrater, tillgängliga",Grönsaker,21.9,g
371,Vitlök,Kolesterol,Grönsaker,0.0,mg
371,Vitlök,"Kalium, K",Grönsaker,442.0,mg
371,Vitlök,"Jod, I",Grönsaker,2.0,µg
371,Vitlök,Fullkorn totalt,Grönsaker,0.0,g
371,Vitlök,"Folat, totalt",Grönsaker,82.3,µg
371,Vitlök,Fibrer,Grönsaker,5.3,g
371,Vitlök,"Fett, totalt",Grönsaker,0.2,g
371,Vitlök,"Järn, Fe",Grönsaker,1.0,mg
371,Vitlök,Energi (kJ),Grönsaker,537.0,kJ
371,Vitlök,Energi (kcal),Grönsaker,128.0,kcal
371,Vitlök,Disackarider,Grönsaker,1.4,g
371,Vitlök,"Kalcium, Ca",Grönsaker,19.0,mg
371,Vitlök,Fettsyra 4:0-10:0,Grönsaker,0.0,g
371,Vitlök,DHA (C22:6),Grönsaker,0.0,g
371,Vitlök,DPA (C22:5),Grönsaker,0.0,g
371,Vitlök,EPA (C20:5),Grönsaker,0.0,g
371,Vitlök,Arakidonsyra C20:4,Grönsaker,0.0,g
371,Vitlök,Arakidinsyra C20:0,Grönsaker,0.0,g
371,Vitlök,Linolensyra C18:3,Grönsaker,0.0,g
371,Vitlök,Linolsyra C18:2,Grönsaker,0.1,g
371,Vitlök,Oljesyra C18:1,Grönsaker,0.0,g
371,Vitlök,Stearinsyra C18:0,Grönsaker,0.0,g
371,Vitlök,Palmitoljesyra C16:1,Grönsaker,0.0,g
371,Vitlök,Palmitinsyra C16:0,Grönsaker,0.0,g
371,Vitlök,Myristinsyra C14:0,Grönsaker,0.0,g
371,Vitlök,Laurinsyra C12:0,Grönsaker,0.0,g
371,Vitlök,Betakaroten/β-Karoten,Grönsaker,0.0,µg
371,Vitlök,Avfall (skal etc.),Grönsaker,13.0,%
371,Vitlök,Aska,Grönsaker,1.4,g
371,Vitlök,Alkohol,Grönsaker,0.0,g
372,Aubergine,"Zink, Zn",Grönsaker,0.2,mg
372,Aubergine,Vitamin E,Grönsaker,0.1,mg
372,Aubergine,Vitamin D inkl 25-OH-D3,Grönsaker,0.0,µg
372,Aubergine,Vitamin D,Grönsaker,0.0,µg
372,Aubergine,Vitamin C,Grönsaker,3.3,mg
372,Aubergine,Vitamin B6,Grönsaker,0.04,mg
372,Aubergine,Vitamin B12,Grönsaker,0.0,µg
372,Aubergine,Vitamin A,Grönsaker,2.6,RE/µg
372,Aubergine,Vatten,Grönsaker,93.7,g
372,Aubergine,Tiamin,Grönsaker,0.02,mg
372,Aubergine,Tillsatt socker,Grönsaker,0.0,g
372,Aubergine,Fritt socker,Grönsaker,0.0,g
372,Aubergine,"Selen, Se",Grönsaker,0.0,µg
372,Aubergine,Sackaros,Grönsaker,0.2,g
372,Aubergine,Riboflavin,Grönsaker,0.0,mg
372,Aubergine,Retinol,Grönsaker,0.0,µg
372,Aubergine,Protein,Grönsaker,1.1,g
372,Aubergine,Summa fleromättade fettsyror,Grönsaker,0.0,g
372,Aubergine,"Fosfor, P",Grönsaker,24.0,mg
372,Aubergine,Niacinekvivalenter,Grönsaker,0.8,NE/mg
372,Aubergine,Niacin,Grönsaker,0.58,mg
372,Aubergine,"Salt, NaCl",Grönsaker,0.0,g
372,Aubergine,"Natrium, Na",Grönsaker,2.0,mg
372,Aubergine,Monosackarider,Grönsaker,2.4,g
372,Aubergine,"Sockerarter, totalt",Grönsaker,2.6,g
372,Aubergine,Summa enkelomättade fettsyror,Grönsaker,0.0,g
372,Aubergine,"Magnesium, Mg",Grönsaker,14.0,mg
372,Aubergine,Summa mättade fettsyror,Grönsaker,0.0,g
372,Aubergine,"Kolhydrater, tillgängliga",Grönsaker,2.2,g
372,Aubergine,Kolesterol,Grönsaker,0.0,mg
372,Aubergine,"Kalium, K",Grönsaker,210.0,mg
372,Aubergine,"Jod, I",Grönsaker,0.0,µg
372,Aubergine,Fullkorn totalt,Grönsaker,0.0,g
372,Aubergine,"Folat, totalt",Grönsaker,21.3,µg
372,Aubergine,Fibrer,Grönsaker,2.4,g
372,Aubergine,"Fett, totalt",Grönsaker,0.1,g
372,Aubergine,"Järn, Fe",Grönsaker,0.2,mg
372,Aubergine,Energi (kJ),Grönsaker,79.0,kJ
372,Aubergine,Energi (kcal),Grönsaker,19.0,kcal
372,Aubergine,Disackarider,Grönsaker,0.2,g
372,Aubergine,"Kalcium, Ca",Grönsaker,10.0,mg
372,Aubergine,Fettsyra 4:0-10:0,Grönsaker,0.0,g
372,Aubergine,DHA (C22:6),Grönsaker,0.0,g
372,Aubergine,DPA (C22:5),Grönsaker,0.0,g
372,Aubergine,EPA (C20:5),Grönsaker,0.0,g
372,Aubergine,Arakidonsyra C20:4,Grönsaker,0.0,g
372,Aubergine,Arakidinsyra C20:0,Grönsaker,0.0,g
372,Aubergine,Linolensyra C18:3,Grönsaker,0.0,g
372,Aubergine,Linolsyra C18:2,Grönsaker,0.0,g
372,Aubergine,Oljesyra C18:1,Grönsaker,0.0,g
372,Aubergine,Stearinsyra C18:0,Grönsaker,0.0,g
372,Aubergine,Palmitoljesyra C16:1,Grönsaker,0.0,g
372,Aubergine,Palmitinsyra C16:0,Grönsaker,0.0,g
372,Aubergine,Myristinsyra C14:0,Grönsaker,0.0,g
372,Aubergine,Laurinsyra C12:0,Grönsaker,0.0,g
372,Aubergine,Betakaroten/β-Karoten,Grönsaker,31.0,µg
372,Aubergine,Avfall (skal etc.),Grönsaker,5.0,%
372,Aubergine,Aska,Grönsaker,0.5,g
372,Aubergine,Alkohol,Grönsaker,0.0,g
374,Gröna ärtor frysvara,"Zink, Zn","Baljväxter (bönor, linser och ärter)",0.7,mg
374,Gröna ärtor frysvara,Vitamin E,"Baljväxter (bönor, linser och ärter)",0.0,mg
374,Gröna ärtor frysvara,Vitamin D inkl 25-OH-D3,"Baljväxter (bönor, linser och ärter)",0.0,µg
374,Gröna ärtor frysvara,Vitamin D,"Baljväxter (bönor, linser och ärter)",0.0,µg
374,Gröna ärtor frysvara,Vitamin C,"Baljväxter (bönor, linser och ärter)",22.9,mg
374,Gröna ärtor frysvara,Vitamin B6,"Baljväxter (bönor, linser och ärter)",0.12,mg
374,Gröna ärtor frysvara,Vitamin B12,"Baljväxter (bönor, linser och ärter)",0.0,µg
374,Gröna ärtor frysvara,Vitamin A,"Baljväxter (bönor, linser och ärter)",31.0,RE/µg
374,Gröna ärtor frysvara,Vatten,"Baljväxter (bönor, linser och ärter)",80.4,g
374,Gröna ärtor frysvara,Tiamin,"Baljväxter (bönor, linser och ärter)",0.21,mg
374,Gröna ärtor frysvara,Tillsatt socker,"Baljväxter (bönor, linser och ärter)",0.0,g
374,Gröna ärtor frysvara,Fritt socker,"Baljväxter (bönor, linser och ärter)",0.0,g
374,Gröna ärtor frysvara,"Selen, Se","Baljväxter (bönor, linser och ärter)",0.0,µg
374,Gröna ärtor frysvara,Sackaros,"Baljväxter (bönor, linser och ärter)",5.0,g
374,Gröna ärtor frysvara,Riboflavin,"Baljväxter (bönor, linser och ärter)",0.11,mg
374,Gröna ärtor frysvara,Retinol,"Baljväxter (bönor, linser och ärter)",0.0,µg
374,Gröna ärtor frysvara,Protein,"Baljväxter (bönor, linser och ärter)",5.2,g
374,Gröna ärtor frysvara,Summa fleromättade fettsyror,"Baljväxter (bönor, linser och ärter)",0.2,g
374,Gröna ärtor frysvara,"Fosfor, P","Baljväxter (bönor, linser och ärter)",88.0,mg
374,Gröna ärtor frysvara,Niacinekvivalenter,"Baljväxter (bönor, linser och ärter)",2.5,NE/mg
374,Gröna ärtor frysvara,Niacin,"Baljväxter (bönor, linser och ärter)",1.61,mg
374,Gröna ärtor frysvara,"Salt, NaCl","Baljväxter (bönor, linser och ärter)",0.1,g
374,Gröna ärtor frysvara,"Natrium, Na","Baljväxter (bönor, linser och ärter)",56.0,mg
374,Gröna ärtor frysvara,Monosackarider,"Baljväxter (bönor, linser och ärter)",0.0,g
374,Gröna ärtor frysvara,"Sockerarter, totalt","Baljväxter (bönor, linser och ärter)",5.0,g
374,Gröna ärtor frysvara,Summa enkelomättade fettsyror,"Baljväxter (bönor, linser och ärter)",0.0,g
374,Gröna ärtor frysvara,"Magnesium, Mg","Baljväxter (bönor, linser och ärter)",21.0,mg
374,Gröna ärtor frysvara,Summa mättade fettsyror,"Baljväxter (bönor, linser och ärter)",0.1,g
374,Gröna ärtor frysvara,"Kolhydrater, tillgängliga","Baljväxter (bönor, linser och ärter)",8.9,g
374,Gröna ärtor frysvara,Kolesterol,"Baljväxter (bönor, linser och ärter)",0.0,mg
374,Gröna ärtor frysvara,"Kalium, K","Baljväxter (bönor, linser och ärter)",150.0,mg
374,Gröna ärtor frysvara,"Jod, I","Baljväxter (bönor, linser och ärter)",1.8,µg
374,Gröna ärtor frysvara,Fullkorn totalt,"Baljväxter (bönor, linser och ärter)",0.0,g
374,Gröna ärtor frysvara,"Folat, totalt","Baljväxter (bönor, linser och ärter)",83.1,µg
374,Gröna ärtor frysvara,Fibrer,"Baljväxter (bönor, linser och ärter)",4.4,g
374,Gröna ärtor frysvara,"Fett, totalt","Baljväxter (bönor, linser och ärter)",0.4,g
374,Gröna ärtor frysvara,"Järn, Fe","Baljväxter (bönor, linser och ärter)",1.3,mg
374,Gröna ärtor frysvara,Energi (kJ),"Baljväxter (bönor, linser och ärter)",290.0,kJ
374,Gröna ärtor frysvara,Energi (kcal),"Baljväxter (bönor, linser och ärter)",69.0,kcal
374,Gröna ärtor frysvara,Disackarider,"Baljväxter (bönor, linser och ärter)",5.0,g
374,Gröna ärtor frysvara,"Kalcium, Ca","Baljväxter (bönor, linser och ärter)",21.0,mg
374,Gröna ärtor frysvara,Fettsyra 4:0-10:0,"Baljväxter (bönor, linser och ärter)",0.0,g
374,Gröna ärtor frysvara,DHA (C22:6),"Baljväxter (bönor, linser och ärter)",0.0,g
374,Gröna ärtor frysvara,DPA (C22:5),"Baljväxter (bönor, linser och ärter)",0.0,g
374,Gröna ärtor frysvara,EPA (C20:5),"Baljväxter (bönor, linser och ärter)",0.0,g
374,Gröna ärtor frysvara,Arakidonsyra C20:4,"Baljväxter (bönor, linser och ärter)",0.0,g
374,Gröna ärtor frysvara,Arakidinsyra C20:0,"Baljväxter (bönor, linser och ärter)",0.0,g
374,Gröna ärtor frysvara,Linolensyra C18:3,"Baljväxter (bönor, linser och ärter)",0.0,g
374,Gröna ärtor frysvara,Linolsyra C18:2,"Baljväxter (bönor, linser och ärter)",0.2,g
374,Gröna ärtor frysvara,Oljesyra C18:1,"Baljväxter (bönor, linser och ärter)",0.0,g
374,Gröna ärtor frysvara,Stearinsyra C18:0,"Baljväxter (bönor, linser och ärter)",0.0,g
374,Gröna ärtor frysvara,Palmitoljesyra C16:1,"Baljväxter (bönor, linser och ärter)",0.0,g
374,Gröna ärtor frysvara,Palmitinsyra C16:0,"Baljväxter (bönor, linser och ärter)",0.1,g
374,Gröna ärtor frysvara,Myristinsyra C14:0,"Baljväxter (bönor, linser och ärter)",0.0,g
374,Gröna ärtor frysvara,Laurinsyra C12:0,"Baljväxter (bönor, linser och ärter)",0.0,g
374,Gröna ärtor frysvara,Betakaroten/β-Karoten,"Baljväxter (bönor, linser och ärter)",365.0,µg
374,Gröna ärtor frysvara,Avfall (skal etc.),"Baljväxter (bönor, linser och ärter)",0.0,%
374,Gröna ärtor frysvara,Aska,"Baljväxter (bönor, linser och ärter)",0.7,g
374,Gröna ärtor frysvara,Alkohol,"Baljväxter (bönor, linser och ärter)",0.0,g
376,Alfalfagroddar,"Zink, Zn","Baljväxter (bönor, linser och ärter)",0.9,mg
376,Alfalfagroddar,Vitamin E,"Baljväxter (bönor, linser och ärter)",0.2,mg
376,Alfalfagroddar,Vitamin D inkl 25-OH-D3,"Baljväxter (bönor, linser och ärter)",0.0,µg
376,Alfalfagroddar,Vitamin D,"Baljväxter (bönor, linser och ärter)",0.0,µg
376,Alfalfagroddar,Vitamin C,"Baljväxter (bönor, linser och ärter)",8.0,mg
376,Alfalfagroddar,Vitamin B6,"Baljväxter (bönor, linser och ärter)",0.03,mg
376,Alfalfagroddar,Vitamin B12,"Baljväxter (bönor, linser och ärter)",0.0,µg
376,Alfalfagroddar,Vitamin A,"Baljväxter (bönor, linser och ärter)",8.0,RE/µg
376,Alfalfagroddar,Vatten,"Baljväxter (bönor, linser och ärter)",91.0,g
376,Alfalfagroddar,Tiamin,"Baljväxter (bönor, linser och ärter)",0.08,mg
376,Alfalfagroddar,Tillsatt socker,"Baljväxter (bönor, linser och ärter)",0.0,g
376,Alfalfagroddar,Fritt socker,"Baljväxter (bönor, linser och ärter)",0.0,g
376,Alfalfagroddar,"Selen, Se","Baljväxter (bönor, linser och ärter)",1.0,µg
376,Alfalfagroddar,Sackaros,"Baljväxter (bönor, linser och ärter)",0.0,g
376,Alfalfagroddar,Riboflavin,"Baljväxter (bönor, linser och ärter)",0.13,mg
376,Alfalfagroddar,Retinol,"Baljväxter (bönor, linser och ärter)",0.0,µg
376,Alfalfagroddar,Protein,"Baljväxter (bönor, linser och ärter)",4.0,g
376,Alfalfagroddar,Summa fleromättade fettsyror,"Baljväxter (bönor, linser och ärter)",0.4,g
376,Alfalfagroddar,"Fosfor, P","Baljväxter (bönor, linser och ärter)",70.0,mg
376,Alfalfagroddar,Niacinekvivalenter,"Baljväxter (bönor, linser och ärter)",1.17,NE/mg
376,Alfalfagroddar,Niacin,"Baljväxter (bönor, linser och ärter)",0.5,mg
376,Alfalfagroddar,"Salt, NaCl","Baljväxter (bönor, linser och ärter)",0.0,g
376,Alfalfagroddar,"Natrium, Na","Baljväxter (bönor, linser och ärter)",6.0,mg
376,Alfalfagroddar,Monosackarider,"Baljväxter (bönor, linser och ärter)",0.4,g
376,Alfalfagroddar,"Sockerarter, totalt","Baljväxter (bönor, linser och ärter)",0.8,g
376,Alfalfagroddar,Summa enkelomättade fettsyror,"Baljväxter (bönor, linser och ärter)",0.1,g
376,Alfalfagroddar,"Magnesium, Mg","Baljväxter (bönor, linser och ärter)",27.0,mg
376,Alfalfagroddar,Summa mättade fettsyror,"Baljväxter (bönor, linser och ärter)",0.1,g
376,Alfalfagroddar,"Kolhydrater, tillgängliga","Baljväxter (bönor, linser och ärter)",0.9,g
376,Alfalfagroddar,Kolesterol,"Baljväxter (bönor, linser och ärter)",0.0,mg
376,Alfalfagroddar,"Kalium, K","Baljväxter (bönor, linser och ärter)",79.0,mg
376,Alfalfagroddar,"Jod, I","Baljväxter (bönor, linser och ärter)",1.0,µg
376,Alfalfagroddar,Fullkorn totalt,"Baljväxter (bönor, linser och ärter)",0.0,g
376,Alfalfagroddar,"Folat, totalt","Baljväxter (bönor, linser och ärter)",36.0,µg
376,Alfalfagroddar,Fibrer,"Baljväxter (bönor, linser och ärter)",3.0,g
376,Alfalfagroddar,"Fett, totalt","Baljväxter (bönor, linser och ärter)",0.7,g
376,Alfalfagroddar,"Järn, Fe","Baljväxter (bönor, linser och ärter)",1.0,mg
376,Alfalfagroddar,Energi (kJ),"Baljväxter (bönor, linser och ärter)",133.0,kJ
376,Alfalfagroddar,Energi (kcal),"Baljväxter (bönor, linser och ärter)",32.0,kcal
376,Alfalfagroddar,Disackarider,"Baljväxter (bönor, linser och ärter)",0.4,g
376,Alfalfagroddar,"Kalcium, Ca","Baljväxter (bönor, linser och ärter)",32.0,mg
376,Alfalfagroddar,Fettsyra 4:0-10:0,"Baljväxter (bönor, linser och ärter)",0.0,g
376,Alfalfagroddar,DHA (C22:6),"Baljväxter (bönor, linser och ärter)",0.0,g
376,Alfalfagroddar,DPA (C22:5),"Baljväxter (bönor, linser och ärter)",0.0,g
376,Alfalfagroddar,EPA (C20:5),"Baljväxter (bönor, linser och ärter)",0.0,g
376,Alfalfagroddar,Arakidonsyra C20:4,"Baljväxter (bönor, linser och ärter)",0.0,g
376,Alfalfagroddar,Arakidinsyra C20:0,"Baljväxter (bönor, linser och ärter)",0.0,g
376,Alfalfagroddar,Linolensyra C18:3,"Baljväxter (bönor, linser och ärter)",0.2,g
376,Alfalfagroddar,Linolsyra C18:2,"Baljväxter (bönor, linser och ärter)",0.2,g
376,Alfalfagroddar,Oljesyra C18:1,"Baljväxter (bönor, linser och ärter)",0.1,g
376,Alfalfagroddar,Stearinsyra C18:0,"Baljväxter (bönor, linser och ärter)",0.0,g
376,Alfalfagroddar,Palmitoljesyra C16:1,"Baljväxter (bönor, linser och ärter)",0.0,g
376,Alfalfagroddar,Palmitinsyra C16:0,"Baljväxter (bönor, linser och ärter)",0.1,g
376,Alfalfagroddar,Myristinsyra C14:0,"Baljväxter (bönor, linser och ärter)",0.0,g
376,Alfalfagroddar,Laurinsyra C12:0,"Baljväxter (bönor, linser och ärter)",0.0,g
376,Alfalfagroddar,Betakaroten/β-Karoten,"Baljväxter (bönor, linser och ärter)",96.0,µg
376,Alfalfagroddar,Avfall (skal etc.),"Baljväxter (bönor, linser och ärter)",0.0,%
376,Alfalfagroddar,Aska,"Baljväxter (bönor, linser och ärter)",0.4,g
376,Alfalfagroddar,Alkohol,"Baljväxter (bönor, linser och ärter)",0.0,g
377,Dill färsk,"Zink, Zn",Grönsaker,1.8,mg
377,Dill färsk,Vitamin E,Grönsaker,1.7,mg
377,Dill färsk,Vitamin D inkl 25-OH-D3,Grönsaker,0.0,µg
377,Dill färsk,Vitamin D,Grönsaker,0.0,µg
377,Dill färsk,Vitamin C,Grönsaker,70.0,mg
377,Dill färsk,Vitamin B6,Grönsaker,0.3,mg
377,Dill färsk,Vitamin B12,Grönsaker,0.0,µg
377,Dill färsk,Vitamin A,Grönsaker,375.0,RE/µg
377,Dill färsk,Vatten,Grönsaker,83.0,g
377,Dill färsk,Tiamin,Grönsaker,0.19,mg
377,Dill färsk,Tillsatt socker,Grönsaker,0.0,g
377,Dill färsk,Fritt socker,Grönsaker,0.0,g
377,Dill färsk,"Selen, Se",Grönsaker,0.5,µg
377,Dill färsk,Sackaros,Grönsaker,0.3,g
377,Dill färsk,Riboflavin,Grönsaker,0.43,mg
377,Dill färsk,Retinol,Grönsaker,0.0,µg
377,Dill färsk,Protein,Grönsaker,3.7,g
377,Dill färsk,Summa fleromättade fettsyror,Grönsaker,0.5,g
377,Dill färsk,"Fosfor, P",Grönsaker,85.0,mg
377,Dill färsk,Niacinekvivalenter,Grönsaker,3.02,NE/mg
377,Dill färsk,Niacin,Grönsaker,2.4,mg
377,Dill färsk,"Salt, NaCl",Grönsaker,0.1,g
377,Dill färsk,"Natrium, Na",Grönsaker,26.0,mg
377,Dill färsk,Monosackarider,Grönsaker,0.5,g
377,Dill färsk,"Sockerarter, totalt",Grönsaker,0.8,g
377,Dill färsk,Summa enkelomättade fettsyror,Grönsaker,0.0,g
377,Dill färsk,"Magnesium, Mg",Grönsaker,44.0,mg
377,Dill färsk,Summa mättade fettsyror,Grönsaker,0.1,g
377,Dill färsk,"Kolhydrater, tillgängliga",Grönsaker,7.4,g
377,Dill färsk,Kolesterol,Grönsaker,0.0,mg
377,Dill färsk,"Kalium, K",Grönsaker,750.0,mg
377,Dill färsk,"Jod, I",Grönsaker,6.0,µg
377,Dill färsk,Fullkorn totalt,Grönsaker,0.0,g
377,Dill färsk,"Folat, totalt",Grönsaker,36.0,µg
377,Dill färsk,Fibrer,Grönsaker,2.8,g
377,Dill färsk,"Fett, totalt",Grönsaker,0.8,g
377,Dill färsk,"Järn, Fe",Grönsaker,3.2,mg
377,Dill färsk,Energi (kJ),Grönsaker,241.0,kJ
377,Dill färsk,Energi (kcal),Grönsaker,58.0,kcal
377,Dill färsk,Disackarider,Grönsaker,0.3,g
377,Dill färsk,"Kalcium, Ca",Grönsaker,343.0,mg
377,Dill färsk,Fettsyra 4:0-10:0,Grönsaker,0.0,g
377,Dill färsk,DHA (C22:6),Grönsaker,0.0,g
377,Dill färsk,DPA (C22:5),Grönsaker,0.0,g
377,Dill färsk,EPA (C20:5),Grönsaker,0.0,g
377,Dill färsk,Arakidonsyra C20:4,Grönsaker,0.0,g
377,Dill färsk,Arakidinsyra C20:0,Grönsaker,0.0,g
377,Dill färsk,Linolensyra C18:3,Grönsaker,0.3,g
377,Dill färsk,Linolsyra C18:2,Grönsaker,0.2,g
377,Dill färsk,Oljesyra C18:1,Grönsaker,0.0,g
377,Dill färsk,Stearinsyra C18:0,Grönsaker,0.0,g
377,Dill färsk,Palmitoljesyra C16:1,Grönsaker,0.0,g
377,Dill färsk,Palmitinsyra C16:0,Grönsaker,0.1,g
377,Dill färsk,Myristinsyra C14:0,Grönsaker,0.0,g
377,Dill färsk,Laurinsyra C12:0,Grönsaker,0.0,g
377,Dill färsk,Betakaroten/β-Karoten,Grönsaker,4500.0,µg
377,Dill färsk,Avfall (skal etc.),Grönsaker,10.0,%
377,Dill färsk,Aska,Grönsaker,2.3,g
377,Dill färsk,Alkohol,Grönsaker,0.0,g
378,Gräslök,"Zink, Zn",Grönsaker,0.4,mg
378,Gräslök,Vitamin E,Grönsaker,1.6,mg
378,Gräslök,Vitamin D inkl 25-OH-D3,Grönsaker,0.0,µg
378,Gräslök,Vitamin D,Grönsaker,0.0,µg
378,Gräslök,Vitamin C,Grönsaker,41.0,mg
378,Gräslök,Vitamin B6,Grönsaker,0.22,mg
378,Gräslök,Vitamin B12,Grönsaker,0.0,µg
378,Gräslök,Vitamin A,Grönsaker,283.3,RE/µg
378,Gräslök,Vatten,Grönsaker,92.0,g
378,Gräslök,Tiamin,Grönsaker,0.07,mg
378,Gräslök,Tillsatt socker,Grönsaker,0.0,g
378,Gräslök,Fritt socker,Grönsaker,0.0,g
378,Gräslök,"Selen, Se",Grönsaker,0.5,µg
378,Gräslök,Sackaros,Grönsaker,0.0,g
378,Gräslök,Riboflavin,Grönsaker,0.2,mg
378,Gräslök,Retinol,Grönsaker,0.0,µg
378,Gräslök,Protein,Grönsaker,2.8,g
378,Gräslök,Summa fleromättade fettsyror,Grönsaker,0.4,g
378,Gräslök,"Fosfor, P",Grönsaker,51.0,mg
378,Gräslök,Niacinekvivalenter,Grönsaker,1.07,NE/mg
378,Gräslök,Niacin,Grönsaker,0.6,mg
378,Gräslök,"Salt, NaCl",Grönsaker,0.0,g
378,Gräslök,"Natrium, Na",Grönsaker,3.0,mg
378,Gräslök,Monosackarider,Grönsaker,1.7,g
378,Gräslök,"Sockerarter, totalt",Grönsaker,1.7,g
378,Gräslök,Summa enkelomättade fettsyror,Grönsaker,0.0,g
378,Gräslök,"Magnesium, Mg",Grönsaker,17.0,mg
378,Gräslök,Summa mättade fettsyror,Grönsaker,0.1,g
378,Gräslök,"Kolhydrater, tillgängliga",Grönsaker,1.7,g
378,Gräslök,Kolesterol,Grönsaker,0.0,mg
378,Gräslök,"Kalium, K",Grönsaker,215.0,mg
378,Gräslök,"Jod, I",Grönsaker,2.0,µg
378,Gräslök,Fullkorn totalt,Grönsaker,0.0,g
378,Gräslök,"Folat, totalt",Grönsaker,64.0,µg
378,Gräslök,Fibrer,Grönsaker,2.1,g
378,Gräslök,"Fett, totalt",Grönsaker,0.6,g
378,Gräslök,"Järn, Fe",Grönsaker,1.3,mg
378,Gräslök,Energi (kJ),Grönsaker,116.0,kJ
378,Gräslök,Energi (kcal),Grönsaker,28.0,kcal
378,Gräslök,Disackarider,Grönsaker,0.0,g
378,Gräslök,"Kalcium, Ca",Grönsaker,77.0,mg
378,Gräslök,Fettsyra 4:0-10:0,Grönsaker,0.0,g
378,Gräslök,DHA (C22:6),Grönsaker,0.0,g
378,Gräslök,DPA (C22:5),Grönsaker,0.0,g
378,Gräslök,EPA (C20:5),Grönsaker,0.0,g
378,Gräslök,Arakidonsyra C20:4,Grönsaker,0.0,g
378,Gräslök,Arakidinsyra C20:0,Grönsaker,0.0,g
378,Gräslök,Linolensyra C18:3,Grönsaker,0.3,g
378,Gräslök,Linolsyra C18:2,Grönsaker,0.1,g
378,Gräslök,Oljesyra C18:1,Grönsaker,0.0,g
378,Gräslök,Stearinsyra C18:0,Grönsaker,0.0,g
378,Gräslök,Palmitoljesyra C16:1,Grönsaker,0.0,g
378,Gräslök,Palmitinsyra C16:0,Grönsaker,0.1,g
378,Gräslök,Myristinsyra C14:0,Grönsaker,0.0,g
378,Gräslök,Laurinsyra C12:0,Grönsaker,0.0,g
378,Gräslök,Betakaroten/β-Karoten,Grönsaker,3400.0,µg
378,Gräslök,Avfall (skal etc.),Grönsaker,0.0,%
378,Gräslök,Aska,Grönsaker,0.8,g
378,Gräslök,Alkohol,Grönsaker,0.0,g
379,Basilika färsk,"Zink, Zn",Grönsaker,0.8,mg
379,Basilika färsk,Vitamin E,Grönsaker,0.8,mg
379,Basilika färsk,Vitamin D inkl 25-OH-D3,Grönsaker,0.0,µg
379,Basilika färsk,Vitamin D,Grönsaker,0.0,µg
379,Basilika färsk,Vitamin C,Grönsaker,18.0,mg
379,Basilika färsk,Vitamin B6,Grönsaker,0.13,mg
379,Basilika färsk,Vitamin B12,Grönsaker,0.0,µg
379,Basilika färsk,Vitamin A,Grönsaker,263.8,RE/µg
379,Basilika färsk,Vatten,Grönsaker,91.0,g
379,Basilika färsk,Tiamin,Grönsaker,0.03,mg
379,Basilika färsk,Tillsatt socker,Grönsaker,0.0,g
379,Basilika färsk,Fritt socker,Grönsaker,0.0,g
379,Basilika färsk,"Selen, Se",Grönsaker,0.3,µg
379,Basilika färsk,Sackaros,Grönsaker,0.3,g
379,Basilika färsk,Riboflavin,Grönsaker,0.07,mg
379,Basilika färsk,Retinol,Grönsaker,0.0,µg
379,Basilika färsk,Protein,Grönsaker,2.5,g
379,Basilika färsk,Summa fleromättade fettsyror,Grönsaker,0.4,g
379,Basilika färsk,"Fosfor, P",Grönsaker,69.0,mg
379,Basilika färsk,Niacinekvivalenter,Grönsaker,1.35,NE/mg
379,Basilika färsk,Niacin,Grönsaker,0.92,mg
379,Basilika färsk,"Salt, NaCl",Grönsaker,0.0,g
379,Basilika färsk,"Natrium, Na",Grönsaker,4.0,mg
379,Basilika färsk,Monosackarider,Grönsaker,0.0,g
379,Basilika färsk,"Sockerarter, totalt",Grönsaker,0.3,g
379,Basilika färsk,Summa enkelomättade fettsyror,Grönsaker,0.1,g
379,Basilika färsk,"Magnesium, Mg",Grönsaker,81.0,mg
379,Basilika färsk,Summa mättade fettsyror,Grönsaker,0.0,g
379,Basilika färsk,"Kolhydrater, tillgängliga",Grönsaker,0.4,g
379,Basilika färsk,Kolesterol,Grönsaker,0.0,mg
379,Basilika färsk,"Kalium, K",Grönsaker,462.0,mg
379,Basilika färsk,"Jod, I",Grönsaker,6.0,µg
379,Basilika färsk,Fullkorn totalt,Grönsaker,0.0,g
379,Basilika färsk,"Folat, totalt",Grönsaker,64.0,µg
379,Basilika färsk,Fibrer,Grönsaker,3.9,g
379,Basilika färsk,"Fett, totalt",Grönsaker,0.6,g
379,Basilika färsk,"Järn, Fe",Grönsaker,3.2,mg
379,Basilika färsk,Energi (kJ),Grönsaker,104.0,kJ
379,Basilika färsk,Energi (kcal),Grönsaker,25.0,kcal
379,Basilika färsk,Disackarider,Grönsaker,0.3,g
379,Basilika färsk,"Kalcium, Ca",Grönsaker,154.0,mg
379,Basilika färsk,Fettsyra 4:0-10:0,Grönsaker,0.0,g
379,Basilika färsk,DHA (C22:6),Grönsaker,0.0,g
379,Basilika färsk,DPA (C22:5),Grönsaker,0.0,g
379,Basilika färsk,EPA (C20:5),Grönsaker,0.0,g
379,Basilika färsk,Arakidonsyra C20:4,Grönsaker,0.0,g
379,Basilika färsk,Arakidinsyra C20:0,Grönsaker,0.0,g
379,Basilika färsk,Linolensyra C18:3,Grönsaker,0.3,g
379,Basilika färsk,Linolsyra C18:2,Grönsaker,0.1,g
379,Basilika färsk,Oljesyra C18:1,Grönsaker,0.1,g
379,Basilika färsk,Stearinsyra C18:0,Grönsaker,0.0,g
379,Basilika färsk,Palmitoljesyra C16:1,Grönsaker,0.0,g
379,Basilika färsk,Palmitinsyra C16:0,Grönsaker,0.0,g
379,Basilika färsk,Myristinsyra C14:0,Grönsaker,0.0,g
379,Basilika färsk,Laurinsyra C12:0,Grönsaker,0.0,g
379,Basilika färsk,Betakaroten/β-Karoten,Grönsaker,3142.0,µg
379,Basilika färsk,Avfall (skal etc.),Grönsaker,0.0,%
379,Basilika färsk,Aska,Grönsaker,1.6,g
379,Basilika färsk,Alkohol,Grönsaker,0.0,g
380,Chilipeppar färsk,"Zink, Zn",Grönsaker,0.3,mg
380,Chilipeppar färsk,Vitamin E,Grönsaker,0.1,mg
380,Chilipeppar färsk,Vitamin D inkl 25-OH-D3,Grönsaker,0.0,µg
380,Chilipeppar färsk,Vitamin D,Grönsaker,0.0,µg
380,Chilipeppar färsk,Vitamin C,Grönsaker,94.1,mg
380,Chilipeppar färsk,Vitamin B6,Grönsaker,0.28,mg
380,Chilipeppar färsk,Vitamin B12,Grönsaker,0.0,µg
380,Chilipeppar färsk,Vitamin A,Grönsaker,10.4,RE/µg
380,Chilipeppar färsk,Vatten,Grönsaker,85.4,g
380,Chilipeppar färsk,Tiamin,Grönsaker,0.09,mg
380,Chilipeppar färsk,Tillsatt socker,Grönsaker,0.0,g
380,Chilipeppar färsk,Fritt socker,Grönsaker,0.0,g
380,Chilipeppar färsk,"Selen, Se",Grönsaker,0.0,µg
380,Chilipeppar färsk,Sackaros,Grönsaker,0.0,g
380,Chilipeppar färsk,Riboflavin,Grönsaker,0.11,mg
380,Chilipeppar färsk,Retinol,Grönsaker,0.0,µg
380,Chilipeppar färsk,Protein,Grönsaker,2.4,g
380,Chilipeppar färsk,Summa fleromättade fettsyror,Grönsaker,0.4,g
380,Chilipeppar färsk,"Fosfor, P",Grönsaker,51.0,mg
380,Chilipeppar färsk,Niacinekvivalenter,Grönsaker,1.3,NE/mg
380,Chilipeppar färsk,Niacin,Grönsaker,0.89,mg
380,Chilipeppar färsk,"Salt, NaCl",Grönsaker,0.0,g
380,Chilipeppar färsk,"Natrium, Na",Grönsaker,2.0,mg
380,Chilipeppar färsk,Monosackarider,Grönsaker,0.7,g
380,Chilipeppar färsk,"Sockerarter, totalt",Grönsaker,0.7,g
380,Chilipeppar färsk,Summa enkelomättade fettsyror,Grönsaker,0.0,g
380,Chilipeppar färsk,"Magnesium, Mg",Grönsaker,30.0,mg
380,Chilipeppar färsk,Summa mättade fettsyror,Grönsaker,0.1,g
380,Chilipeppar färsk,"Kolhydrater, tillgängliga",Grönsaker,5.9,g
380,Chilipeppar färsk,Kolesterol,Grönsaker,0.0,mg
380,Chilipeppar färsk,"Kalium, K",Grönsaker,341.0,mg
380,Chilipeppar färsk,"Jod, I",Grönsaker,0.0,µg
380,Chilipeppar färsk,Fullkorn totalt,Grönsaker,0.0,g
380,Chilipeppar färsk,"Folat, totalt",Grönsaker,21.5,µg
380,Chilipeppar färsk,Fibrer,Grönsaker,4.8,g
380,Chilipeppar färsk,"Fett, totalt",Grönsaker,0.7,g
380,Chilipeppar färsk,"Järn, Fe",Grönsaker,1.2,mg
380,Chilipeppar färsk,Energi (kJ),Grönsaker,205.0,kJ
380,Chilipeppar färsk,Energi (kcal),Grönsaker,49.0,kcal
380,Chilipeppar färsk,Disackarider,Grönsaker,0.0,g
380,Chilipeppar färsk,"Kalcium, Ca",Grönsaker,18.0,mg
380,Chilipeppar färsk,Fettsyra 4:0-10:0,Grönsaker,0.0,g
380,Chilipeppar färsk,DHA (C22:6),Grönsaker,0.0,g
380,Chilipeppar färsk,DPA (C22:5),Grönsaker,0.0,g
380,Chilipeppar färsk,EPA (C20:5),Grönsaker,0.0,g
380,Chilipeppar färsk,Arakidonsyra C20:4,Grönsaker,0.0,g
380,Chilipeppar färsk,Arakidinsyra C20:0,Grönsaker,0.0,g
380,Chilipeppar färsk,Linolensyra C18:3,Grönsaker,0.0,g
380,Chilipeppar färsk,Linolsyra C18:2,Grönsaker,0.4,g
380,Chilipeppar färsk,Oljesyra C18:1,Grönsaker,0.0,g
380,Chilipeppar färsk,Stearinsyra C18:0,Grönsaker,0.0,g
380,Chilipeppar färsk,Palmitoljesyra C16:1,Grönsaker,0.0,g
380,Chilipeppar färsk,Palmitinsyra C16:0,Grönsaker,0.1,g
380,Chilipeppar färsk,Myristinsyra C14:0,Grönsaker,0.0,g
380,Chilipeppar färsk,Laurinsyra C12:0,Grönsaker,0.0,g
380,Chilipeppar färsk,Betakaroten/β-Karoten,Grönsaker,125.0,µg
380,Chilipeppar färsk,Avfall (skal etc.),Grönsaker,15.0,%
380,Chilipeppar färsk,Aska,Grönsaker,0.9,g
380,Chilipeppar färsk,Alkohol,Grönsaker,0.0,g
381,Paprika gul,"Zink, Zn",Grönsaker,0.1,mg
381,Paprika gul,Vitamin E,Grönsaker,2.1,mg
381,Paprika gul,Vitamin D inkl 25-OH-D3,Grönsaker,0.0,µg
381,Paprika gul,Vitamin D,Grönsaker,0.0,µg
381,Paprika gul,Vitamin C,Grönsaker,163.0,mg
381,Paprika gul,Vitamin B6,Grönsaker,0.22,mg
381,Paprika gul,Vitamin B12,Grönsaker,0.0,µg
381,Paprika gul,Vitamin A,Grönsaker,16.8,RE/µg
381,Paprika gul,Vatten,Grönsaker,93.2,g
381,Paprika gul,Tiamin,Grönsaker,0.03,mg
381,Paprika gul,Tillsatt socker,Grönsaker,0.0,g
381,Paprika gul,Fritt socker,Grönsaker,0.0,g
381,Paprika gul,"Selen, Se",Grönsaker,0.0,µg
381,Paprika gul,Sackaros,Grönsaker,0.2,g
381,Paprika gul,Riboflavin,Grönsaker,0.0,mg
381,Paprika gul,Retinol,Grönsaker,0.0,µg
381,Paprika gul,Protein,Grönsaker,0.5,g
381,Paprika gul,Summa fleromättade fettsyror,Grönsaker,0.0,g
381,Paprika gul,"Fosfor, P",Grönsaker,16.0,mg
381,Paprika gul,Niacinekvivalenter,Grönsaker,0.9,NE/mg
381,Paprika gul,Niacin,Grönsaker,0.81,mg
381,Paprika gul,"Salt, NaCl",Grönsaker,0.0,g
381,Paprika gul,"Natrium, Na",Grönsaker,0.0,mg
381,Paprika gul,Monosackarider,Grönsaker,4.8,g
381,Paprika gul,"Sockerarter, totalt",Grönsaker,5.0,g
381,Paprika gul,Summa enkelomättade fettsyror,Grönsaker,0.0,g
381,Paprika gul,"Magnesium, Mg",Grönsaker,8.0,mg
381,Paprika gul,Summa mättade fettsyror,Grönsaker,0.0,g
381,Paprika gul,"Kolhydrater, tillgängliga",Grönsaker,4.3,g
381,Paprika gul,Kolesterol,Grönsaker,0.0,mg
381,Paprika gul,"Kalium, K",Grönsaker,123.0,mg
381,Paprika gul,"Jod, I",Grönsaker,0.0,µg
381,Paprika gul,Fullkorn totalt,Grönsaker,0.0,g
381,Paprika gul,"Folat, totalt",Grönsaker,41.2,µg
381,Paprika gul,Fibrer,Grönsaker,1.4,g
381,Paprika gul,"Fett, totalt",Grönsaker,0.2,g
381,Paprika gul,"Järn, Fe",Grönsaker,0.3,mg
381,Paprika gul,Energi (kJ),Grönsaker,98.0,kJ
381,Paprika gul,Energi (kcal),Grönsaker,24.0,kcal
381,Paprika gul,Disackarider,Grönsaker,0.2,g
381,Paprika gul,"Kalcium, Ca",Grönsaker,7.0,mg
381,Paprika gul,Fettsyra 4:0-10:0,Grönsaker,0.0,g
381,Paprika gul,DHA (C22:6),Grönsaker,0.0,g
381,Paprika gul,DPA (C22:5),Grönsaker,0.0,g
381,Paprika gul,EPA (C20:5),Grönsaker,0.0,g
381,Paprika gul,Arakidonsyra C20:4,Grönsaker,0.0,g
381,Paprika gul,Arakidinsyra C20:0,Grönsaker,0.0,g
381,Paprika gul,Linolensyra C18:3,Grönsaker,0.0,g
381,Paprika gul,Linolsyra C18:2,Grönsaker,0.0,g
381,Paprika gul,Oljesyra C18:1,Grönsaker,0.0,g
381,Paprika gul,Stearinsyra C18:0,Grönsaker,0.0,g
381,Paprika gul,Palmitoljesyra C16:1,Grönsaker,0.0,g
381,Paprika gul,Palmitinsyra C16:0,Grönsaker,0.0,g
381,Paprika gul,Myristinsyra C14:0,Grönsaker,0.0,g
381,Paprika gul,Laurinsyra C12:0,Grönsaker,0.0,g
381,Paprika gul,Betakaroten/β-Karoten,Grönsaker,133.0,µg
381,Paprika gul,Avfall (skal etc.),Grönsaker,18.0,%
381,Paprika gul,Aska,Grönsaker,0.5,g
381,Paprika gul,Alkohol,Grönsaker,0.0,g
382,Paprika grön röd frysvara,"Zink, Zn",Grönsaker,0.1,mg
382,Paprika grön röd frysvara,Vitamin E,Grönsaker,1.7,mg
382,Paprika grön röd frysvara,Vitamin D inkl 25-OH-D3,Grönsaker,0.0,µg
382,Paprika grön röd frysvara,Vitamin D,Grönsaker,0.0,µg
382,Paprika grön röd frysvara,Vitamin C,Grönsaker,100.0,mg
382,Paprika grön röd frysvara,Vitamin B6,Grönsaker,0.14,mg
382,Paprika grön röd frysvara,Vitamin B12,Grönsaker,0.0,µg
382,Paprika grön röd frysvara,Vitamin A,Grönsaker,125.0,RE/µg
382,Paprika grön röd frysvara,Vatten,Grönsaker,92.0,g
382,Paprika grön röd frysvara,Tiamin,Grönsaker,0.08,mg
382,Paprika grön röd frysvara,Tillsatt socker,Grönsaker,0.0,g
382,Paprika grön röd frysvara,Fritt socker,Grönsaker,0.0,g
382,Paprika grön röd frysvara,"Selen, Se",Grönsaker,0.5,µg
382,Paprika grön röd frysvara,Sackaros,Grönsaker,0.1,g
382,Paprika grön röd frysvara,Riboflavin,Grönsaker,0.08,mg
382,Paprika grön röd frysvara,Retinol,Grönsaker,0.0,µg
382,Paprika grön röd frysvara,Protein,Grönsaker,1.0,g
382,Paprika grön röd frysvara,Summa fleromättade fettsyror,Grönsaker,0.2,g
382,Paprika grön röd frysvara,"Fosfor, P",Grönsaker,10.0,mg
382,Paprika grön röd frysvara,Niacinekvivalenter,Grönsaker,1.67,NE/mg
382,Paprika grön röd frysvara,Niacin,Grönsaker,1.5,mg
382,Paprika grön röd frysvara,"Salt, NaCl",Grönsaker,0.2,g
382,Paprika grön röd frysvara,"Natrium, Na",Grönsaker,65.0,mg
382,Paprika grön röd frysvara,Monosackarider,Grönsaker,2.9,g
382,Paprika grön röd frysvara,"Sockerarter, totalt",Grönsaker,3.0,g
382,Paprika grön röd frysvara,Summa enkelomättade fettsyror,Grönsaker,0.0,g
382,Paprika grön röd frysvara,"Magnesium, Mg",Grönsaker,8.0,mg
382,Paprika grön röd frysvara,Summa mättade fettsyror,Grönsaker,0.1,g
382,Paprika grön röd frysvara,"Kolhydrater, tillgängliga",Grönsaker,3.0,g
382,Paprika grön röd frysvara,Kolesterol,Grönsaker,0.0,mg
382,Paprika grön röd frysvara,"Kalium, K",Grönsaker,91.0,mg
382,Paprika grön röd frysvara,"Jod, I",Grönsaker,0.0,µg
382,Paprika grön röd frysvara,Fullkorn totalt,Grönsaker,0.0,g
382,Paprika grön röd frysvara,"Folat, totalt",Grönsaker,14.0,µg
382,Paprika grön röd frysvara,Fibrer,Grönsaker,3.0,g
382,Paprika grön röd frysvara,"Fett, totalt",Grönsaker,0.4,g
382,Paprika grön röd frysvara,"Järn, Fe",Grönsaker,0.5,mg
382,Paprika grön röd frysvara,Energi (kJ),Grönsaker,107.0,kJ
382,Paprika grön röd frysvara,Energi (kcal),Grönsaker,26.0,kcal
382,Paprika grön röd frysvara,Disackarider,Grönsaker,0.1,g
382,Paprika grön röd frysvara,"Kalcium, Ca",Grönsaker,30.0,mg
382,Paprika grön röd frysvara,Fettsyra 4:0-10:0,Grönsaker,0.0,g
382,Paprika grön röd frysvara,DHA (C22:6),Grönsaker,0.0,g
382,Paprika grön röd frysvara,DPA (C22:5),Grönsaker,0.0,g
382,Paprika grön röd frysvara,EPA (C20:5),Grönsaker,0.0,g
382,Paprika grön röd frysvara,Arakidonsyra C20:4,Grönsaker,0.0,g
382,Paprika grön röd frysvara,Arakidinsyra C20:0,Grönsaker,0.0,g
382,Paprika grön röd frysvara,Linolensyra C18:3,Grönsaker,0.1,g
382,Paprika grön röd frysvara,Linolsyra C18:2,Grönsaker,0.1,g
382,Paprika grön röd frysvara,Oljesyra C18:1,Grönsaker,0.0,g
382,Paprika grön röd frysvara,Stearinsyra C18:0,Grönsaker,0.0,g
382,Paprika grön röd frysvara,Palmitoljesyra C16:1,Grönsaker,0.0,g
382,Paprika grön röd frysvara,Palmitinsyra C16:0,Grönsaker,0.1,g
382,Paprika grön röd frysvara,Myristinsyra C14:0,Grönsaker,0.0,g
382,Paprika grön röd frysvara,Laurinsyra C12:0,Grönsaker,0.0,g
382,Paprika grön röd frysvara,Betakaroten/β-Karoten,Grönsaker,1500.0,µg
382,Paprika grön röd frysvara,Avfall (skal etc.),Grönsaker,0.0,%
382,Paprika grön röd frysvara,Aska,Grönsaker,0.6,g
382,Paprika grön röd frysvara,Alkohol,Grönsaker,0.0,g
383,Champinjon skivad frysvara,"Zink, Zn",Svamp,0.5,mg
383,Champinjon skivad frysvara,Vitamin E,Svamp,0.1,mg
383,Champinjon skivad frysvara,Vitamin D inkl 25-OH-D3,Svamp,0.0,µg
383,Champinjon skivad frysvara,Vitamin D,Svamp,0.0,µg
383,Champinjon skivad frysvara,Vitamin C,Svamp,10.0,mg
383,Champinjon skivad frysvara,Vitamin B6,Svamp,0.18,mg
383,Champinjon skivad frysvara,Vitamin B12,Svamp,0.0,µg
383,Champinjon skivad frysvara,Vitamin A,Svamp,0.8,RE/µg
383,Champinjon skivad frysvara,Vatten,Svamp,94.0,g
383,Champinjon skivad frysvara,Tiamin,Svamp,0.09,mg
383,Champinjon skivad frysvara,Tillsatt socker,Svamp,0.0,g
383,Champinjon skivad frysvara,Fritt socker,Svamp,0.0,g
383,Champinjon skivad frysvara,"Selen, Se",Svamp,2.0,µg
383,Champinjon skivad frysvara,Sackaros,Svamp,0.0,g
383,Champinjon skivad frysvara,Riboflavin,Svamp,0.32,mg
383,Champinjon skivad frysvara,Retinol,Svamp,0.0,µg
383,Champinjon skivad frysvara,Protein,Svamp,2.0,g
383,Champinjon skivad frysvara,Summa fleromättade fettsyror,Svamp,0.2,g
383,Champinjon skivad frysvara,"Fosfor, P",Svamp,75.0,mg
383,Champinjon skivad frysvara,Niacinekvivalenter,Svamp,5.83,NE/mg
383,Champinjon skivad frysvara,Niacin,Svamp,5.5,mg
383,Champinjon skivad frysvara,"Salt, NaCl",Svamp,0.0,g
383,Champinjon skivad frysvara,"Natrium, Na",Svamp,15.0,mg
383,Champinjon skivad frysvara,Monosackarider,Svamp,0.2,g
383,Champinjon skivad frysvara,"Sockerarter, totalt",Svamp,0.2,g
383,Champinjon skivad frysvara,Summa enkelomättade fettsyror,Svamp,0.0,g
383,Champinjon skivad frysvara,"Magnesium, Mg",Svamp,12.0,mg
383,Champinjon skivad frysvara,Summa mättade fettsyror,Svamp,0.1,g
383,Champinjon skivad frysvara,"Kolhydrater, tillgängliga",Svamp,0.8,g
383,Champinjon skivad frysvara,Kolesterol,Svamp,0.0,mg
383,Champinjon skivad frysvara,"Kalium, K",Svamp,270.0,mg
383,Champinjon skivad frysvara,"Jod, I",Svamp,0.0,µg
383,Champinjon skivad frysvara,Fullkorn totalt,Svamp,0.0,g
383,Champinjon skivad frysvara,"Folat, totalt",Svamp,12.0,µg
383,Champinjon skivad frysvara,Fibrer,Svamp,2.0,g
383,Champinjon skivad frysvara,"Fett, totalt",Svamp,0.4,g
383,Champinjon skivad frysvara,"Järn, Fe",Svamp,0.3,mg
383,Champinjon skivad frysvara,Energi (kJ),Svamp,78.0,kJ
383,Champinjon skivad frysvara,Energi (kcal),Svamp,19.0,kcal
383,Champinjon skivad frysvara,Disackarider,Svamp,0.0,g
383,Champinjon skivad frysvara,"Kalcium, Ca",Svamp,12.0,mg
383,Champinjon skivad frysvara,Fettsyra 4:0-10:0,Svamp,0.0,g
383,Champinjon skivad frysvara,DHA (C22:6),Svamp,0.0,g
383,Champinjon skivad frysvara,DPA (C22:5),Svamp,0.0,g
383,Champinjon skivad frysvara,EPA (C20:5),Svamp,0.0,g
383,Champinjon skivad frysvara,Arakidonsyra C20:4,Svamp,0.0,g
383,Champinjon skivad frysvara,Arakidinsyra C20:0,Svamp,0.0,g
383,Champinjon skivad frysvara,Linolensyra C18:3,Svamp,0.2,g
383,Champinjon skivad frysvara,Linolsyra C18:2,Svamp,0.0,g
383,Champinjon skivad frysvara,Oljesyra C18:1,Svamp,0.0,g
383,Champinjon skivad frysvara,Stearinsyra C18:0,Svamp,0.0,g
383,Champinjon skivad frysvara,Palmitoljesyra C16:1,Svamp,0.0,g
383,Champinjon skivad frysvara,Palmitinsyra C16:0,Svamp,0.1,g
383,Champinjon skivad frysvara,Myristinsyra C14:0,Svamp,0.0,g
383,Champinjon skivad frysvara,Laurinsyra C12:0,Svamp,0.0,g
383,Champinjon skivad frysvara,Betakaroten/β-Karoten,Svamp,10.0,µg
383,Champinjon skivad frysvara,Avfall (skal etc.),Svamp,0.0,%
383,Champinjon skivad frysvara,Aska,Svamp,0.8,g
383,Champinjon skivad frysvara,Alkohol,Svamp,0.0,g
384,Linsgroddar,"Zink, Zn","Baljväxter (bönor, linser och ärter)",1.5,mg
384,Linsgroddar,Vitamin E,"Baljväxter (bönor, linser och ärter)",0.4,mg
384,Linsgroddar,Vitamin D inkl 25-OH-D3,"Baljväxter (bönor, linser och ärter)",0.0,µg
384,Linsgroddar,Vitamin D,"Baljväxter (bönor, linser och ärter)",0.0,µg
384,Linsgroddar,Vitamin C,"Baljväxter (bönor, linser och ärter)",16.5,mg
384,Linsgroddar,Vitamin B6,"Baljväxter (bönor, linser och ärter)",0.19,mg
384,Linsgroddar,Vitamin B12,"Baljväxter (bönor, linser och ärter)",0.0,µg
384,Linsgroddar,Vitamin A,"Baljväxter (bönor, linser och ärter)",2.5,RE/µg
384,Linsgroddar,Vatten,"Baljväxter (bönor, linser och ärter)",67.3,g
384,Linsgroddar,Tiamin,"Baljväxter (bönor, linser och ärter)",0.23,mg
384,Linsgroddar,Tillsatt socker,"Baljväxter (bönor, linser och ärter)",0.0,g
384,Linsgroddar,Fritt socker,"Baljväxter (bönor, linser och ärter)",0.0,g
384,Linsgroddar,"Selen, Se","Baljväxter (bönor, linser och ärter)",1.0,µg
384,Linsgroddar,Sackaros,"Baljväxter (bönor, linser och ärter)",0.0,g
384,Linsgroddar,Riboflavin,"Baljväxter (bönor, linser och ärter)",0.13,mg
384,Linsgroddar,Retinol,"Baljväxter (bönor, linser och ärter)",0.0,µg
384,Linsgroddar,Protein,"Baljväxter (bönor, linser och ärter)",9.0,g
384,Linsgroddar,Summa fleromättade fettsyror,"Baljväxter (bönor, linser och ärter)",0.2,g
384,Linsgroddar,"Fosfor, P","Baljväxter (bönor, linser och ärter)",173.0,mg
384,Linsgroddar,Niacinekvivalenter,"Baljväxter (bönor, linser och ärter)",2.63,NE/mg
384,Linsgroddar,Niacin,"Baljväxter (bönor, linser och ärter)",1.13,mg
384,Linsgroddar,"Salt, NaCl","Baljväxter (bönor, linser och ärter)",0.0,g
384,Linsgroddar,"Natrium, Na","Baljväxter (bönor, linser och ärter)",11.0,mg
384,Linsgroddar,Monosackarider,"Baljväxter (bönor, linser och ärter)",0.4,g
384,Linsgroddar,"Sockerarter, totalt","Baljväxter (bönor, linser och ärter)",0.8,g
384,Linsgroddar,Summa enkelomättade fettsyror,"Baljväxter (bönor, linser och ärter)",0.1,g
384,Linsgroddar,"Magnesium, Mg","Baljväxter (bönor, linser och ärter)",37.0,mg
384,Linsgroddar,Summa mättade fettsyror,"Baljväxter (bönor, linser och ärter)",0.1,g
384,Linsgroddar,"Kolhydrater, tillgängliga","Baljväxter (bönor, linser och ärter)",19.1,g
384,Linsgroddar,Kolesterol,"Baljväxter (bönor, linser och ärter)",0.0,mg
384,Linsgroddar,"Kalium, K","Baljväxter (bönor, linser och ärter)",322.0,mg
384,Linsgroddar,"Jod, I","Baljväxter (bönor, linser och ärter)",2.8,µg
384,Linsgroddar,Fullkorn totalt,"Baljväxter (bönor, linser och ärter)",0.0,g
384,Linsgroddar,"Folat, totalt","Baljväxter (bönor, linser och ärter)",61.0,µg
384,Linsgroddar,Fibrer,"Baljväxter (bönor, linser och ärter)",3.0,g
384,Linsgroddar,"Fett, totalt","Baljväxter (bönor, linser och ärter)",0.6,g
384,Linsgroddar,"Järn, Fe","Baljväxter (bönor, linser och ärter)",3.2,mg
384,Linsgroddar,Energi (kJ),"Baljväxter (bönor, linser och ärter)",524.0,kJ
384,Linsgroddar,Energi (kcal),"Baljväxter (bönor, linser och ärter)",125.0,kcal
384,Linsgroddar,Disackarider,"Baljväxter (bönor, linser och ärter)",0.4,g
384,Linsgroddar,"Kalcium, Ca","Baljväxter (bönor, linser och ärter)",25.0,mg
384,Linsgroddar,Fettsyra 4:0-10:0,"Baljväxter (bönor, linser och ärter)",0.0,g
384,Linsgroddar,DHA (C22:6),"Baljväxter (bönor, linser och ärter)",0.0,g
384,Linsgroddar,DPA (C22:5),"Baljväxter (bönor, linser och ärter)",0.0,g
384,Linsgroddar,EPA (C20:5),"Baljväxter (bönor, linser och ärter)",0.0,g
384,Linsgroddar,Arakidonsyra C20:4,"Baljväxter (bönor, linser och ärter)",0.0,g
384,Linsgroddar,Arakidinsyra C20:0,"Baljväxter (bönor, linser och ärter)",0.0,g
384,Linsgroddar,Linolensyra C18:3,"Baljväxter (bönor, linser och ärter)",0.0,g
384,Linsgroddar,Linolsyra C18:2,"Baljväxter (bönor, linser och ärter)",0.2,g
384,Linsgroddar,Oljesyra C18:1,"Baljväxter (bönor, linser och ärter)",0.1,g
384,Linsgroddar,Stearinsyra C18:0,"Baljväxter (bönor, linser och ärter)",0.0,g
384,Linsgroddar,Palmitoljesyra C16:1,"Baljväxter (bönor, linser och ärter)",0.0,g
384,Linsgroddar,Palmitinsyra C16:0,"Baljväxter (bönor, linser och ärter)",0.1,g
384,Linsgroddar,Myristinsyra C14:0,"Baljväxter (bönor, linser och ärter)",0.0,g
384,Linsgroddar,Laurinsyra C12:0,"Baljväxter (bönor, linser och ärter)",0.0,g
384,Linsgroddar,Betakaroten/β-Karoten,"Baljväxter (bönor, linser och ärter)",30.0,µg
384,Linsgroddar,Avfall (skal etc.),"Baljväxter (bönor, linser och ärter)",0.0,%
384,Linsgroddar,Aska,"Baljväxter (bönor, linser och ärter)",1.0,g
384,Linsgroddar,Alkohol,"Baljväxter (bönor, linser och ärter)",0.0,g
385,Lök gul frysvara,"Zink, Zn",Grönsaker,0.1,mg
385,Lök gul frysvara,Vitamin E,Grönsaker,0.3,mg
385,Lök gul frysvara,Vitamin D inkl 25-OH-D3,Grönsaker,0.0,µg
385,Lök gul frysvara,Vitamin D,Grönsaker,0.0,µg
385,Lök gul frysvara,Vitamin C,Grönsaker,10.0,mg
385,Lök gul frysvara,Vitamin B6,Grönsaker,0.09,mg
385,Lök gul frysvara,Vitamin B12,Grönsaker,0.0,µg
385,Lök gul frysvara,Vitamin A,Grönsaker,1.5,RE/µg
385,Lök gul frysvara,Vatten,Grönsaker,91.0,g
385,Lök gul frysvara,Tiamin,Grönsaker,0.03,mg
385,Lök gul frysvara,Tillsatt socker,Grönsaker,0.0,g
385,Lök gul frysvara,Fritt socker,Grönsaker,0.0,g
385,Lök gul frysvara,"Selen, Se",Grönsaker,0.5,µg
385,Lök gul frysvara,Sackaros,Grönsaker,1.7,g
385,Lök gul frysvara,Riboflavin,Grönsaker,0.04,mg
385,Lök gul frysvara,Retinol,Grönsaker,0.0,µg
385,Lök gul frysvara,Protein,Grönsaker,1.5,g
385,Lök gul frysvara,Summa fleromättade fettsyror,Grönsaker,0.0,g
385,Lök gul frysvara,"Fosfor, P",Grönsaker,25.0,mg
385,Lök gul frysvara,Niacinekvivalenter,Grönsaker,0.45,NE/mg
385,Lök gul frysvara,Niacin,Grönsaker,0.2,mg
385,Lök gul frysvara,"Salt, NaCl",Grönsaker,0.0,g
385,Lök gul frysvara,"Natrium, Na",Grönsaker,10.0,mg
385,Lök gul frysvara,Monosackarider,Grönsaker,3.1,g
385,Lök gul frysvara,"Sockerarter, totalt",Grönsaker,4.8,g
385,Lök gul frysvara,Summa enkelomättade fettsyror,Grönsaker,0.0,g
385,Lök gul frysvara,"Magnesium, Mg",Grönsaker,10.0,mg
385,Lök gul frysvara,Summa mättade fettsyror,Grönsaker,0.0,g
385,Lök gul frysvara,"Kolhydrater, tillgängliga",Grönsaker,4.1,g
385,Lök gul frysvara,Kolesterol,Grönsaker,0.0,mg
385,Lök gul frysvara,"Kalium, K",Grönsaker,142.0,mg
385,Lök gul frysvara,"Jod, I",Grönsaker,2.0,µg
385,Lök gul frysvara,Fullkorn totalt,Grönsaker,0.0,g
385,Lök gul frysvara,"Folat, totalt",Grönsaker,21.0,µg
385,Lök gul frysvara,Fibrer,Grönsaker,3.0,g
385,Lök gul frysvara,"Fett, totalt",Grönsaker,0.0,g
385,Lök gul frysvara,"Järn, Fe",Grönsaker,0.5,mg
385,Lök gul frysvara,Energi (kJ),Grönsaker,119.0,kJ
385,Lök gul frysvara,Energi (kcal),Grönsaker,28.0,kcal
385,Lök gul frysvara,Disackarider,Grönsaker,1.7,g
385,Lök gul frysvara,"Kalcium, Ca",Grönsaker,35.0,mg
385,Lök gul frysvara,Fettsyra 4:0-10:0,Grönsaker,0.0,g
385,Lök gul frysvara,DHA (C22:6),Grönsaker,0.0,g
385,Lök gul frysvara,DPA (C22:5),Grönsaker,0.0,g
385,Lök gul frysvara,EPA (C20:5),Grönsaker,0.0,g
385,Lök gul frysvara,Arakidonsyra C20:4,Grönsaker,0.0,g
385,Lök gul frysvara,Arakidinsyra C20:0,Grönsaker,0.0,g
385,Lök gul frysvara,Linolensyra C18:3,Grönsaker,0.0,g
385,Lök gul frysvara,Linolsyra C18:2,Grönsaker,0.0,g
385,Lök gul frysvara,Oljesyra C18:1,Grönsaker,0.0,g
385,Lök gul frysvara,Stearinsyra C18:0,Grönsaker,0.0,g
385,Lök gul frysvara,Palmitoljesyra C16:1,Grönsaker,0.0,g
385,Lök gul frysvara,Palmitinsyra C16:0,Grönsaker,0.0,g
385,Lök gul frysvara,Myristinsyra C14:0,Grönsaker,0.0,g
385,Lök gul frysvara,Laurinsyra C12:0,Grönsaker,0.0,g
385,Lök gul frysvara,Betakaroten/β-Karoten,Grönsaker,18.0,µg
385,Lök gul frysvara,Avfall (skal etc.),Grönsaker,0.0,%
385,Lök gul frysvara,Aska,Grönsaker,0.4,g
385,Lök gul frysvara,Alkohol,Grönsaker,0.0,g
386,Grönsaksblandning m. ärtor bönor majs morot typ amerikansk frysvara,"Zink, Zn",Grönsaksblandningar med rotfrukter och eller baljväxter,0.5,mg
386,Grönsaksblandning m. ärtor bönor majs morot typ amerikansk frysvara,Vitamin E,Grönsaksblandningar med rotfrukter och eller baljväxter,0.3,mg
386,Grönsaksblandning m. ärtor bönor majs morot typ amerikansk frysvara,Vitamin D inkl 25-OH-D3,Grönsaksblandningar med rotfrukter och eller baljväxter,0.0,µg
386,Grönsaksblandning m. ärtor bönor majs morot typ amerikansk frysvara,Vitamin D,Grönsaksblandningar med rotfrukter och eller baljväxter,0.0,µg
386,Grönsaksblandning m. ärtor bönor majs morot typ amerikansk frysvara,Vitamin C,Grönsaksblandningar med rotfrukter och eller baljväxter,10.0,mg
386,Grönsaksblandning m. ärtor bönor majs morot typ amerikansk frysvara,Vitamin B6,Grönsaksblandningar med rotfrukter och eller baljväxter,0.1,mg
386,Grönsaksblandning m. ärtor bönor majs morot typ amerikansk frysvara,Vitamin B12,Grönsaksblandningar med rotfrukter och eller baljväxter,0.0,µg
386,Grönsaksblandning m. ärtor bönor majs morot typ amerikansk frysvara,Vitamin A,Grönsaksblandningar med rotfrukter och eller baljväxter,200.0,RE/µg
386,Grönsaksblandning m. ärtor bönor majs morot typ amerikansk frysvara,Vatten,Grönsaksblandningar med rotfrukter och eller baljväxter,82.0,g
386,Grönsaksblandning m. ärtor bönor majs morot typ amerikansk frysvara,Tiamin,Grönsaksblandningar med rotfrukter och eller baljväxter,0.12,mg
386,Grönsaksblandning m. ärtor bönor majs morot typ amerikansk frysvara,Tillsatt socker,Grönsaksblandningar med rotfrukter och eller baljväxter,0.0,g
386,Grönsaksblandning m. ärtor bönor majs morot typ amerikansk frysvara,Fritt socker,Grönsaksblandningar med rotfrukter och eller baljväxter,0.0,g
386,Grönsaksblandning m. ärtor bönor majs morot typ amerikansk frysvara,"Selen, Se",Grönsaksblandningar med rotfrukter och eller baljväxter,0.5,µg
386,Grönsaksblandning m. ärtor bönor majs morot typ amerikansk frysvara,Sackaros,Grönsaksblandningar med rotfrukter och eller baljväxter,1.6,g
386,Grönsaksblandning m. ärtor bönor majs morot typ amerikansk frysvara,Riboflavin,Grönsaksblandningar med rotfrukter och eller baljväxter,0.08,mg
386,Grönsaksblandning m. ärtor bönor majs morot typ amerikansk frysvara,Retinol,Grönsaksblandningar med rotfrukter och eller baljväxter,0.0,µg
386,Grönsaksblandning m. ärtor bönor majs morot typ amerikansk frysvara,Protein,Grönsaksblandningar med rotfrukter och eller baljväxter,3.3,g
386,Grönsaksblandning m. ärtor bönor majs morot typ amerikansk frysvara,Summa fleromättade fettsyror,Grönsaksblandningar med rotfrukter och eller baljväxter,0.3,g
386,Grönsaksblandning m. ärtor bönor majs morot typ amerikansk frysvara,"Fosfor, P",Grönsaksblandningar med rotfrukter och eller baljväxter,59.0,mg
386,Grönsaksblandning m. ärtor bönor majs morot typ amerikansk frysvara,Niacinekvivalenter,Grönsaksblandningar med rotfrukter och eller baljväxter,1.75,NE/mg
386,Grönsaksblandning m. ärtor bönor majs morot typ amerikansk frysvara,Niacin,Grönsaksblandningar med rotfrukter och eller baljväxter,1.2,mg
386,Grönsaksblandning m. ärtor bönor majs morot typ amerikansk frysvara,"Salt, NaCl",Grönsaksblandningar med rotfrukter och eller baljväxter,0.1,g
386,Grönsaksblandning m. ärtor bönor majs morot typ amerikansk frysvara,"Natrium, Na",Grönsaksblandningar med rotfrukter och eller baljväxter,30.0,mg
386,Grönsaksblandning m. ärtor bönor majs morot typ amerikansk frysvara,Monosackarider,Grönsaksblandningar med rotfrukter och eller baljväxter,0.3,g
386,Grönsaksblandning m. ärtor bönor majs morot typ amerikansk frysvara,"Sockerarter, totalt",Grönsaksblandningar med rotfrukter och eller baljväxter,1.9,g
386,Grönsaksblandning m. ärtor bönor majs morot typ amerikansk frysvara,Summa enkelomättade fettsyror,Grönsaksblandningar med rotfrukter och eller baljväxter,0.0,g
386,Grönsaksblandning m. ärtor bönor majs morot typ amerikansk frysvara,"Magnesium, Mg",Grönsaksblandningar med rotfrukter och eller baljväxter,24.0,mg
386,Grönsaksblandning m. ärtor bönor majs morot typ amerikansk frysvara,Summa mättade fettsyror,Grönsaksblandningar med rotfrukter och eller baljväxter,0.1,g
386,Grönsaksblandning m. ärtor bönor majs morot typ amerikansk frysvara,"Kolhydrater, tillgängliga",Grönsaksblandningar med rotfrukter och eller baljväxter,11.1,g
386,Grönsaksblandning m. ärtor bönor majs morot typ amerikansk frysvara,Kolesterol,Grönsaksblandningar med rotfrukter och eller baljväxter,0.0,mg
386,Grönsaksblandning m. ärtor bönor majs morot typ amerikansk frysvara,"Kalium, K",Grönsaksblandningar med rotfrukter och eller baljväxter,170.0,mg
386,Grönsaksblandning m. ärtor bönor majs morot typ amerikansk frysvara,"Jod, I",Grönsaksblandningar med rotfrukter och eller baljväxter,4.1,µg
386,Grönsaksblandning m. ärtor bönor majs morot typ amerikansk frysvara,Fullkorn totalt,Grönsaksblandningar med rotfrukter och eller baljväxter,31.0,g
386,Grönsaksblandning m. ärtor bönor majs morot typ amerikansk frysvara,"Folat, totalt",Grönsaksblandningar med rotfrukter och eller baljväxter,29.0,µg
386,Grönsaksblandning m. ärtor bönor majs morot typ amerikansk frysvara,Fibrer,Grönsaksblandningar med rotfrukter och eller baljväxter,2.5,g
386,Grönsaksblandning m. ärtor bönor majs morot typ amerikansk frysvara,"Fett, totalt",Grönsaksblandningar med rotfrukter och eller baljväxter,0.5,g
386,Grönsaksblandning m. ärtor bönor majs morot typ amerikansk frysvara,"Järn, Fe",Grönsaksblandningar med rotfrukter och eller baljväxter,0.7,mg
386,Grönsaksblandning m. ärtor bönor majs morot typ amerikansk frysvara,Energi (kJ),Grönsaksblandningar med rotfrukter och eller baljväxter,283.0,kJ
386,Grönsaksblandning m. ärtor bönor majs morot typ amerikansk frysvara,Energi (kcal),Grönsaksblandningar med rotfrukter och eller baljväxter,68.0,kcal
386,Grönsaksblandning m. ärtor bönor majs morot typ amerikansk frysvara,Disackarider,Grönsaksblandningar med rotfrukter och eller baljväxter,1.6,g
386,Grönsaksblandning m. ärtor bönor majs morot typ amerikansk frysvara,"Kalcium, Ca",Grönsaksblandningar med rotfrukter och eller baljväxter,30.0,mg
386,Grönsaksblandning m. ärtor bönor majs morot typ amerikansk frysvara,Fettsyra 4:0-10:0,Grönsaksblandningar med rotfrukter och eller baljväxter,0.0,g
386,Grönsaksblandning m. ärtor bönor majs morot typ amerikansk frysvara,DHA (C22:6),Grönsaksblandningar med rotfrukter och eller baljväxter,0.0,g
386,Grönsaksblandning m. ärtor bönor majs morot typ amerikansk frysvara,DPA (C22:5),Grönsaksblandningar med rotfrukter och eller baljväxter,0.0,g
386,Grönsaksblandning m. ärtor bönor majs morot typ amerikansk frysvara,EPA (C20:5),Grönsaksblandningar med rotfrukter och eller baljväxter,0.0,g
386,Grönsaksblandning m. ärtor bönor majs morot typ amerikansk frysvara,Arakidonsyra C20:4,Grönsaksblandningar med rotfrukter och eller baljväxter,0.0,g
386,Grönsaksblandning m. ärtor bönor majs morot typ amerikansk frysvara,Arakidinsyra C20:0,Grönsaksblandningar med rotfrukter och eller baljväxter,0.0,g
386,Grönsaksblandning m. ärtor bönor majs morot typ amerikansk frysvara,Linolensyra C18:3,Grönsaksblandningar med rotfrukter och eller baljväxter,0.1,g
386,Grönsaksblandning m. ärtor bönor majs morot typ amerikansk frysvara,Linolsyra C18:2,Grönsaksblandningar med rotfrukter och eller baljväxter,0.2,g
386,Grönsaksblandning m. ärtor bönor majs morot typ amerikansk frysvara,Oljesyra C18:1,Grönsaksblandningar med rotfrukter och eller baljväxter,0.0,g
386,Grönsaksblandning m. ärtor bönor majs morot typ amerikansk frysvara,Stearinsyra C18:0,Grönsaksblandningar med rotfrukter och eller baljväxter,0.0,g
386,Grönsaksblandning m. ärtor bönor majs morot typ amerikansk frysvara,Palmitoljesyra C16:1,Grönsaksblandningar med rotfrukter och eller baljväxter,0.0,g
386,Grönsaksblandning m. ärtor bönor majs morot typ amerikansk frysvara,Palmitinsyra C16:0,Grönsaksblandningar med rotfrukter och eller baljväxter,0.1,g
386,Grönsaksblandning m. ärtor bönor majs morot typ amerikansk frysvara,Myristinsyra C14:0,Grönsaksblandningar med rotfrukter och eller baljväxter,0.0,g
386,Grönsaksblandning m. ärtor bönor majs morot typ amerikansk frysvara,Laurinsyra C12:0,Grönsaksblandningar med rotfrukter och eller baljväxter,0.0,g
386,Grönsaksblandning m. ärtor bönor majs morot typ amerikansk frysvara,Betakaroten/β-Karoten,Grönsaksblandningar med rotfrukter och eller baljväxter,2400.0,µg
386,Grönsaksblandning m. ärtor bönor majs morot typ amerikansk frysvara,Avfall (skal etc.),Grönsaksblandningar med rotfrukter och eller baljväxter,0.0,%
386,Grönsaksblandning m. ärtor bönor majs morot typ amerikansk frysvara,Aska,Grönsaksblandningar med rotfrukter och eller baljväxter,0.6,g
386,Grönsaksblandning m. ärtor bönor majs morot typ amerikansk frysvara,Alkohol,Grönsaksblandningar med rotfrukter och eller baljväxter,0.0,g
387,Grönsaksblandning m. ärtor bönor morot blomkål typ sommargrönsaker frysvara,"Zink, Zn",Grönsaksblandningar med rotfrukter och eller baljväxter,0.3,mg
387,Grönsaksblandning m. ärtor bönor morot blomkål typ sommargrönsaker frysvara,Vitamin E,Grönsaksblandningar med rotfrukter och eller baljväxter,0.3,mg
387,Grönsaksblandning m. ärtor bönor morot blomkål typ sommargrönsaker frysvara,Vitamin D inkl 25-OH-D3,Grönsaksblandningar med rotfrukter och eller baljväxter,0.0,µg
387,Grönsaksblandning m. ärtor bönor morot blomkål typ sommargrönsaker frysvara,Vitamin D,Grönsaksblandningar med rotfrukter och eller baljväxter,0.0,µg
387,Grönsaksblandning m. ärtor bönor morot blomkål typ sommargrönsaker frysvara,Vitamin C,Grönsaksblandningar med rotfrukter och eller baljväxter,15.0,mg
387,Grönsaksblandning m. ärtor bönor morot blomkål typ sommargrönsaker frysvara,Vitamin B6,Grönsaksblandningar med rotfrukter och eller baljväxter,0.09,mg
387,Grönsaksblandning m. ärtor bönor morot blomkål typ sommargrönsaker frysvara,Vitamin B12,Grönsaksblandningar med rotfrukter och eller baljväxter,0.0,µg
387,Grönsaksblandning m. ärtor bönor morot blomkål typ sommargrönsaker frysvara,Vitamin A,Grönsaksblandningar med rotfrukter och eller baljväxter,275.0,RE/µg
387,Grönsaksblandning m. ärtor bönor morot blomkål typ sommargrönsaker frysvara,Vatten,Grönsaksblandningar med rotfrukter och eller baljväxter,89.0,g
387,Grönsaksblandning m. ärtor bönor morot blomkål typ sommargrönsaker frysvara,Tiamin,Grönsaksblandningar med rotfrukter och eller baljväxter,0.09,mg
387,Grönsaksblandning m. ärtor bönor morot blomkål typ sommargrönsaker frysvara,Tillsatt socker,Grönsaksblandningar med rotfrukter och eller baljväxter,0.0,g
387,Grönsaksblandning m. ärtor bönor morot blomkål typ sommargrönsaker frysvara,Fritt socker,Grönsaksblandningar med rotfrukter och eller baljväxter,0.0,g
387,Grönsaksblandning m. ärtor bönor morot blomkål typ sommargrönsaker frysvara,"Selen, Se",Grönsaksblandningar med rotfrukter och eller baljväxter,0.3,µg
387,Grönsaksblandning m. ärtor bönor morot blomkål typ sommargrönsaker frysvara,Sackaros,Grönsaksblandningar med rotfrukter och eller baljväxter,1.6,g
387,Grönsaksblandning m. ärtor bönor morot blomkål typ sommargrönsaker frysvara,Riboflavin,Grönsaksblandningar med rotfrukter och eller baljväxter,0.12,mg
387,Grönsaksblandning m. ärtor bönor morot blomkål typ sommargrönsaker frysvara,Retinol,Grönsaksblandningar med rotfrukter och eller baljväxter,0.0,µg
387,Grönsaksblandning m. ärtor bönor morot blomkål typ sommargrönsaker frysvara,Protein,Grönsaksblandningar med rotfrukter och eller baljväxter,2.4,g
387,Grönsaksblandning m. ärtor bönor morot blomkål typ sommargrönsaker frysvara,Summa fleromättade fettsyror,Grönsaksblandningar med rotfrukter och eller baljväxter,0.3,g
387,Grönsaksblandning m. ärtor bönor morot blomkål typ sommargrönsaker frysvara,"Fosfor, P",Grönsaksblandningar med rotfrukter och eller baljväxter,48.0,mg
387,Grönsaksblandning m. ärtor bönor morot blomkål typ sommargrönsaker frysvara,Niacinekvivalenter,Grönsaksblandningar med rotfrukter och eller baljväxter,1.2,NE/mg
387,Grönsaksblandning m. ärtor bönor morot blomkål typ sommargrönsaker frysvara,Niacin,Grönsaksblandningar med rotfrukter och eller baljväxter,0.8,mg
387,Grönsaksblandning m. ärtor bönor morot blomkål typ sommargrönsaker frysvara,"Salt, NaCl",Grönsaksblandningar med rotfrukter och eller baljväxter,0.1,g
387,Grönsaksblandning m. ärtor bönor morot blomkål typ sommargrönsaker frysvara,"Natrium, Na",Grönsaksblandningar med rotfrukter och eller baljväxter,40.0,mg
387,Grönsaksblandning m. ärtor bönor morot blomkål typ sommargrönsaker frysvara,Monosackarider,Grönsaksblandningar med rotfrukter och eller baljväxter,0.3,g
387,Grönsaksblandning m. ärtor bönor morot blomkål typ sommargrönsaker frysvara,"Sockerarter, totalt",Grönsaksblandningar med rotfrukter och eller baljväxter,1.9,g
387,Grönsaksblandning m. ärtor bönor morot blomkål typ sommargrönsaker frysvara,Summa enkelomättade fettsyror,Grönsaksblandningar med rotfrukter och eller baljväxter,0.0,g
387,Grönsaksblandning m. ärtor bönor morot blomkål typ sommargrönsaker frysvara,"Magnesium, Mg",Grönsaksblandningar med rotfrukter och eller baljväxter,20.0,mg
387,Grönsaksblandning m. ärtor bönor morot blomkål typ sommargrönsaker frysvara,Summa mättade fettsyror,Grönsaksblandningar med rotfrukter och eller baljväxter,0.1,g
387,Grönsaksblandning m. ärtor bönor morot blomkål typ sommargrönsaker frysvara,"Kolhydrater, tillgängliga",Grönsaksblandningar med rotfrukter och eller baljväxter,4.5,g
387,Grönsaksblandning m. ärtor bönor morot blomkål typ sommargrönsaker frysvara,Kolesterol,Grönsaksblandningar med rotfrukter och eller baljväxter,0.0,mg
387,Grönsaksblandning m. ärtor bönor morot blomkål typ sommargrönsaker frysvara,"Kalium, K",Grönsaksblandningar med rotfrukter och eller baljväxter,150.0,mg
387,Grönsaksblandning m. ärtor bönor morot blomkål typ sommargrönsaker frysvara,"Jod, I",Grönsaksblandningar med rotfrukter och eller baljväxter,4.9,µg
387,Grönsaksblandning m. ärtor bönor morot blomkål typ sommargrönsaker frysvara,Fullkorn totalt,Grönsaksblandningar med rotfrukter och eller baljväxter,0.0,g
387,Grönsaksblandning m. ärtor bönor morot blomkål typ sommargrönsaker frysvara,"Folat, totalt",Grönsaksblandningar med rotfrukter och eller baljväxter,30.0,µg
387,Grönsaksblandning m. ärtor bönor morot blomkål typ sommargrönsaker frysvara,Fibrer,Grönsaksblandningar med rotfrukter och eller baljväxter,3.0,g
387,Grönsaksblandning m. ärtor bönor morot blomkål typ sommargrönsaker frysvara,"Fett, totalt",Grönsaksblandningar med rotfrukter och eller baljväxter,0.5,g
387,Grönsaksblandning m. ärtor bönor morot blomkål typ sommargrönsaker frysvara,"Järn, Fe",Grönsaksblandningar med rotfrukter och eller baljväxter,1.1,mg
387,Grönsaksblandning m. ärtor bönor morot blomkål typ sommargrönsaker frysvara,Energi (kJ),Grönsaksblandningar med rotfrukter och eller baljväxter,160.0,kJ
387,Grönsaksblandning m. ärtor bönor morot blomkål typ sommargrönsaker frysvara,Energi (kcal),Grönsaksblandningar med rotfrukter och eller baljväxter,38.0,kcal
387,Grönsaksblandning m. ärtor bönor morot blomkål typ sommargrönsaker frysvara,Disackarider,Grönsaksblandningar med rotfrukter och eller baljväxter,1.6,g
387,Grönsaksblandning m. ärtor bönor morot blomkål typ sommargrönsaker frysvara,"Kalcium, Ca",Grönsaksblandningar med rotfrukter och eller baljväxter,40.0,mg
387,Grönsaksblandning m. ärtor bönor morot blomkål typ sommargrönsaker frysvara,Fettsyra 4:0-10:0,Grönsaksblandningar med rotfrukter och eller baljväxter,0.0,g
387,Grönsaksblandning m. ärtor bönor morot blomkål typ sommargrönsaker frysvara,DHA (C22:6),Grönsaksblandningar med rotfrukter och eller baljväxter,0.0,g
387,Grönsaksblandning m. ärtor bönor morot blomkål typ sommargrönsaker frysvara,DPA (C22:5),Grönsaksblandningar med rotfrukter och eller baljväxter,0.0,g
387,Grönsaksblandning m. ärtor bönor morot blomkål typ sommargrönsaker frysvara,EPA (C20:5),Grönsaksblandningar med rotfrukter och eller baljväxter,0.0,g
387,Grönsaksblandning m. ärtor bönor morot blomkål typ sommargrönsaker frysvara,Arakidonsyra C20:4,Grönsaksblandningar med rotfrukter och eller baljväxter,0.0,g
387,Grönsaksblandning m. ärtor bönor morot blomkål typ sommargrönsaker frysvara,Arakidinsyra C20:0,Grönsaksblandningar med rotfrukter och eller baljväxter,0.0,g
387,Grönsaksblandning m. ärtor bönor morot blomkål typ sommargrönsaker frysvara,Linolensyra C18:3,Grönsaksblandningar med rotfrukter och eller baljväxter,0.1,g
387,Grönsaksblandning m. ärtor bönor morot blomkål typ sommargrönsaker frysvara,Linolsyra C18:2,Grönsaksblandningar med rotfrukter och eller baljväxter,0.2,g
387,Grönsaksblandning m. ärtor bönor morot blomkål typ sommargrönsaker frysvara,Oljesyra C18:1,Grönsaksblandningar med rotfrukter och eller baljväxter,0.0,g
387,Grönsaksblandning m. ärtor bönor morot blomkål typ sommargrönsaker frysvara,Stearinsyra C18:0,Grönsaksblandningar med rotfrukter och eller baljväxter,0.0,g
387,Grönsaksblandning m. ärtor bönor morot blomkål typ sommargrönsaker frysvara,Palmitoljesyra C16:1,Grönsaksblandningar med rotfrukter och eller baljväxter,0.0,g
387,Grönsaksblandning m. ärtor bönor morot blomkål typ sommargrönsaker frysvara,Palmitinsyra C16:0,Grönsaksblandningar med rotfrukter och eller baljväxter,0.1,g
387,Grönsaksblandning m. ärtor bönor morot blomkål typ sommargrönsaker frysvara,Myristinsyra C14:0,Grönsaksblandningar med rotfrukter och eller baljväxter,0.0,g
387,Grönsaksblandning m. ärtor bönor morot blomkål typ sommargrönsaker frysvara,Laurinsyra C12:0,Grönsaksblandningar med rotfrukter och eller baljväxter,0.0,g
387,Grönsaksblandning m. ärtor bönor morot blomkål typ sommargrönsaker frysvara,Betakaroten/β-Karoten,Grönsaksblandningar med rotfrukter och eller baljväxter,3300.0,µg
387,Grönsaksblandning m. ärtor bönor morot blomkål typ sommargrönsaker frysvara,Avfall (skal etc.),Grönsaksblandningar med rotfrukter och eller baljväxter,0.0,%
387,Grönsaksblandning m. ärtor bönor morot blomkål typ sommargrönsaker frysvara,Aska,Grönsaksblandningar med rotfrukter och eller baljväxter,0.6,g
387,Grönsaksblandning m. ärtor bönor morot blomkål typ sommargrönsaker frysvara,Alkohol,Grönsaksblandningar med rotfrukter och eller baljväxter,0.0,g
388,Grönsaksblandning m. ärtor morot frysvara,"Zink, Zn",Grönsaksblandningar med rotfrukter och eller baljväxter,0.5,mg
388,Grönsaksblandning m. ärtor morot frysvara,Vitamin E,Grönsaksblandningar med rotfrukter och eller baljväxter,0.3,mg
388,Grönsaksblandning m. ärtor morot frysvara,Vitamin D inkl 25-OH-D3,Grönsaksblandningar med rotfrukter och eller baljväxter,0.0,µg
388,Grönsaksblandning m. ärtor morot frysvara,Vitamin D,Grönsaksblandningar med rotfrukter och eller baljväxter,0.0,µg
388,Grönsaksblandning m. ärtor morot frysvara,Vitamin C,Grönsaksblandningar med rotfrukter och eller baljväxter,12.0,mg
388,Grönsaksblandning m. ärtor morot frysvara,Vitamin B6,Grönsaksblandningar med rotfrukter och eller baljväxter,0.1,mg
388,Grönsaksblandning m. ärtor morot frysvara,Vitamin B12,Grönsaksblandningar med rotfrukter och eller baljväxter,0.0,µg
388,Grönsaksblandning m. ärtor morot frysvara,Vitamin A,Grönsaksblandningar med rotfrukter och eller baljväxter,258.3,RE/µg
388,Grönsaksblandning m. ärtor morot frysvara,Vatten,Grönsaksblandningar med rotfrukter och eller baljväxter,84.0,g
388,Grönsaksblandning m. ärtor morot frysvara,Tiamin,Grönsaksblandningar med rotfrukter och eller baljväxter,0.18,mg
388,Grönsaksblandning m. ärtor morot frysvara,Tillsatt socker,Grönsaksblandningar med rotfrukter och eller baljväxter,0.0,g
388,Grönsaksblandning m. ärtor morot frysvara,Fritt socker,Grönsaksblandningar med rotfrukter och eller baljväxter,0.0,g
388,Grönsaksblandning m. ärtor morot frysvara,"Selen, Se",Grönsaksblandningar med rotfrukter och eller baljväxter,0.2,µg
388,Grönsaksblandning m. ärtor morot frysvara,Sackaros,Grönsaksblandningar med rotfrukter och eller baljväxter,1.6,g
388,Grönsaksblandning m. ärtor morot frysvara,Riboflavin,Grönsaksblandningar med rotfrukter och eller baljväxter,0.11,mg
388,Grönsaksblandning m. ärtor morot frysvara,Retinol,Grönsaksblandningar med rotfrukter och eller baljväxter,0.0,µg
388,Grönsaksblandning m. ärtor morot frysvara,Protein,Grönsaksblandningar med rotfrukter och eller baljväxter,3.7,g
388,Grönsaksblandning m. ärtor morot frysvara,Summa fleromättade fettsyror,Grönsaksblandningar med rotfrukter och eller baljväxter,0.2,g
388,Grönsaksblandning m. ärtor morot frysvara,"Fosfor, P",Grönsaksblandningar med rotfrukter och eller baljväxter,28.0,mg
388,Grönsaksblandning m. ärtor morot frysvara,Niacinekvivalenter,Grönsaksblandningar med rotfrukter och eller baljväxter,1.82,NE/mg
388,Grönsaksblandning m. ärtor morot frysvara,Niacin,Grönsaksblandningar med rotfrukter och eller baljväxter,1.2,mg
388,Grönsaksblandning m. ärtor morot frysvara,"Salt, NaCl",Grönsaksblandningar med rotfrukter och eller baljväxter,0.1,g
388,Grönsaksblandning m. ärtor morot frysvara,"Natrium, Na",Grönsaksblandningar med rotfrukter och eller baljväxter,50.0,mg
388,Grönsaksblandning m. ärtor morot frysvara,Monosackarider,Grönsaksblandningar med rotfrukter och eller baljväxter,0.3,g
388,Grönsaksblandning m. ärtor morot frysvara,"Sockerarter, totalt",Grönsaksblandningar med rotfrukter och eller baljväxter,1.9,g
388,Grönsaksblandning m. ärtor morot frysvara,Summa enkelomättade fettsyror,Grönsaksblandningar med rotfrukter och eller baljväxter,0.0,g
388,Grönsaksblandning m. ärtor morot frysvara,"Magnesium, Mg",Grönsaksblandningar med rotfrukter och eller baljväxter,18.0,mg
388,Grönsaksblandning m. ärtor morot frysvara,Summa mättade fettsyror,Grönsaksblandningar med rotfrukter och eller baljväxter,0.1,g
388,Grönsaksblandning m. ärtor morot frysvara,"Kolhydrater, tillgängliga",Grönsaksblandningar med rotfrukter och eller baljväxter,9.0,g
388,Grönsaksblandning m. ärtor morot frysvara,Kolesterol,Grönsaksblandningar med rotfrukter och eller baljväxter,0.0,mg
388,Grönsaksblandning m. ärtor morot frysvara,"Kalium, K",Grönsaksblandningar med rotfrukter och eller baljväxter,145.0,mg
388,Grönsaksblandning m. ärtor morot frysvara,"Jod, I",Grönsaksblandningar med rotfrukter och eller baljväxter,2.1,µg
388,Grönsaksblandning m. ärtor morot frysvara,Fullkorn totalt,Grönsaksblandningar med rotfrukter och eller baljväxter,0.0,g
388,Grönsaksblandning m. ärtor morot frysvara,"Folat, totalt",Grönsaksblandningar med rotfrukter och eller baljväxter,36.0,µg
388,Grönsaksblandning m. ärtor morot frysvara,Fibrer,Grönsaksblandningar med rotfrukter och eller baljväxter,2.2,g
388,Grönsaksblandning m. ärtor morot frysvara,"Fett, totalt",Grönsaksblandningar med rotfrukter och eller baljväxter,0.5,g
388,Grönsaksblandning m. ärtor morot frysvara,"Järn, Fe",Grönsaksblandningar med rotfrukter och eller baljväxter,1.1,mg
388,Grönsaksblandning m. ärtor morot frysvara,Energi (kJ),Grönsaksblandningar med rotfrukter och eller baljväxter,252.0,kJ
388,Grönsaksblandning m. ärtor morot frysvara,Energi (kcal),Grönsaksblandningar med rotfrukter och eller baljväxter,60.0,kcal
388,Grönsaksblandning m. ärtor morot frysvara,Disackarider,Grönsaksblandningar med rotfrukter och eller baljväxter,1.6,g
388,Grönsaksblandning m. ärtor morot frysvara,"Kalcium, Ca",Grönsaksblandningar med rotfrukter och eller baljväxter,49.0,mg
388,Grönsaksblandning m. ärtor morot frysvara,Fettsyra 4:0-10:0,Grönsaksblandningar med rotfrukter och eller baljväxter,0.0,g
388,Grönsaksblandning m. ärtor morot frysvara,DHA (C22:6),Grönsaksblandningar med rotfrukter och eller baljväxter,0.0,g
388,Grönsaksblandning m. ärtor morot frysvara,DPA (C22:5),Grönsaksblandningar med rotfrukter och eller baljväxter,0.0,g
388,Grönsaksblandning m. ärtor morot frysvara,EPA (C20:5),Grönsaksblandningar med rotfrukter och eller baljväxter,0.0,g
388,Grönsaksblandning m. ärtor morot frysvara,Arakidonsyra C20:4,Grönsaksblandningar med rotfrukter och eller baljväxter,0.0,g
388,Grönsaksblandning m. ärtor morot frysvara,Arakidinsyra C20:0,Grönsaksblandningar med rotfrukter och eller baljväxter,0.0,g
388,Grönsaksblandning m. ärtor morot frysvara,Linolensyra C18:3,Grönsaksblandningar med rotfrukter och eller baljväxter,0.1,g
388,Grönsaksblandning m. ärtor morot frysvara,Linolsyra C18:2,Grönsaksblandningar med rotfrukter och eller baljväxter,0.2,g
388,Grönsaksblandning m. ärtor morot frysvara,Oljesyra C18:1,Grönsaksblandningar med rotfrukter och eller baljväxter,0.0,g
388,Grönsaksblandning m. ärtor morot frysvara,Stearinsyra C18:0,Grönsaksblandningar med rotfrukter och eller baljväxter,0.0,g
388,Grönsaksblandning m. ärtor morot frysvara,Palmitoljesyra C16:1,Grönsaksblandningar med rotfrukter och eller baljväxter,0.0,g
388,Grönsaksblandning m. ärtor morot frysvara,Palmitinsyra C16:0,Grönsaksblandningar med rotfrukter och eller baljväxter,0.1,g
388,Grönsaksblandning m. ärtor morot frysvara,Myristinsyra C14:0,Grönsaksblandningar med rotfrukter och eller baljväxter,0.0,g
388,Grönsaksblandning m. ärtor morot frysvara,Laurinsyra C12:0,Grönsaksblandningar med rotfrukter och eller baljväxter,0.0,g
388,Grönsaksblandning m. ärtor morot frysvara,Betakaroten/β-Karoten,Grönsaksblandningar med rotfrukter och eller baljväxter,3100.0,µg
388,Grönsaksblandning m. ärtor morot frysvara,Avfall (skal etc.),Grönsaksblandningar med rotfrukter och eller baljväxter,0.0,%
388,Grönsaksblandning m. ärtor morot frysvara,Aska,Grönsaksblandningar med rotfrukter och eller baljväxter,0.6,g
388,Grönsaksblandning m. ärtor morot frysvara,Alkohol,Grönsaksblandningar med rotfrukter och eller baljväxter,0.0,g
389,Grönsaksblandning m. ärtor majs paprika frysvara,"Zink, Zn",Grönsaksblandningar med rotfrukter och eller baljväxter,0.4,mg
389,Grönsaksblandning m. ärtor majs paprika frysvara,Vitamin E,Grönsaksblandningar med rotfrukter och eller baljväxter,0.3,mg
389,Grönsaksblandning m. ärtor majs paprika frysvara,Vitamin D inkl 25-OH-D3,Grönsaksblandningar med rotfrukter och eller baljväxter,0.0,µg
389,Grönsaksblandning m. ärtor majs paprika frysvara,Vitamin D,Grönsaksblandningar med rotfrukter och eller baljväxter,0.0,µg
389,Grönsaksblandning m. ärtor majs paprika frysvara,Vitamin C,Grönsaksblandningar med rotfrukter och eller baljväxter,28.0,mg
389,Grönsaksblandning m. ärtor majs paprika frysvara,Vitamin B6,Grönsaksblandningar med rotfrukter och eller baljväxter,0.1,mg
389,Grönsaksblandning m. ärtor majs paprika frysvara,Vitamin B12,Grönsaksblandningar med rotfrukter och eller baljväxter,0.0,µg
389,Grönsaksblandning m. ärtor majs paprika frysvara,Vitamin A,Grönsaksblandningar med rotfrukter och eller baljväxter,28.8,RE/µg
389,Grönsaksblandning m. ärtor majs paprika frysvara,Vatten,Grönsaksblandningar med rotfrukter och eller baljväxter,81.0,g
389,Grönsaksblandning m. ärtor majs paprika frysvara,Tiamin,Grönsaksblandningar med rotfrukter och eller baljväxter,0.19,mg
389,Grönsaksblandning m. ärtor majs paprika frysvara,Tillsatt socker,Grönsaksblandningar med rotfrukter och eller baljväxter,0.0,g
389,Grönsaksblandning m. ärtor majs paprika frysvara,Fritt socker,Grönsaksblandningar med rotfrukter och eller baljväxter,0.0,g
389,Grönsaksblandning m. ärtor majs paprika frysvara,"Selen, Se",Grönsaksblandningar med rotfrukter och eller baljväxter,0.4,µg
389,Grönsaksblandning m. ärtor majs paprika frysvara,Sackaros,Grönsaksblandningar med rotfrukter och eller baljväxter,1.6,g
389,Grönsaksblandning m. ärtor majs paprika frysvara,Riboflavin,Grönsaksblandningar med rotfrukter och eller baljväxter,0.12,mg
389,Grönsaksblandning m. ärtor majs paprika frysvara,Retinol,Grönsaksblandningar med rotfrukter och eller baljväxter,0.0,µg
389,Grönsaksblandning m. ärtor majs paprika frysvara,Protein,Grönsaksblandningar med rotfrukter och eller baljväxter,4.2,g
389,Grönsaksblandning m. ärtor majs paprika frysvara,Summa fleromättade fettsyror,Grönsaksblandningar med rotfrukter och eller baljväxter,0.2,g
389,Grönsaksblandning m. ärtor majs paprika frysvara,"Fosfor, P",Grönsaksblandningar med rotfrukter och eller baljväxter,15.0,mg
389,Grönsaksblandning m. ärtor majs paprika frysvara,Niacinekvivalenter,Grönsaksblandningar med rotfrukter och eller baljväxter,2.5,NE/mg
389,Grönsaksblandning m. ärtor majs paprika frysvara,Niacin,Grönsaksblandningar med rotfrukter och eller baljväxter,1.8,mg
389,Grönsaksblandning m. ärtor majs paprika frysvara,"Salt, NaCl",Grönsaksblandningar med rotfrukter och eller baljväxter,0.0,g
389,Grönsaksblandning m. ärtor majs paprika frysvara,"Natrium, Na",Grönsaksblandningar med rotfrukter och eller baljväxter,20.0,mg
389,Grönsaksblandning m. ärtor majs paprika frysvara,Monosackarider,Grönsaksblandningar med rotfrukter och eller baljväxter,0.3,g
389,Grönsaksblandning m. ärtor majs paprika frysvara,"Sockerarter, totalt",Grönsaksblandningar med rotfrukter och eller baljväxter,1.9,g
389,Grönsaksblandning m. ärtor majs paprika frysvara,Summa enkelomättade fettsyror,Grönsaksblandningar med rotfrukter och eller baljväxter,0.0,g
389,Grönsaksblandning m. ärtor majs paprika frysvara,"Magnesium, Mg",Grönsaksblandningar med rotfrukter och eller baljväxter,20.0,mg
389,Grönsaksblandning m. ärtor majs paprika frysvara,Summa mättade fettsyror,Grönsaksblandningar med rotfrukter och eller baljväxter,0.1,g
389,Grönsaksblandning m. ärtor majs paprika frysvara,"Kolhydrater, tillgängliga",Grönsaksblandningar med rotfrukter och eller baljväxter,8.7,g
389,Grönsaksblandning m. ärtor majs paprika frysvara,Kolesterol,Grönsaksblandningar med rotfrukter och eller baljväxter,0.0,mg
389,Grönsaksblandning m. ärtor majs paprika frysvara,"Kalium, K",Grönsaksblandningar med rotfrukter och eller baljväxter,220.0,mg
389,Grönsaksblandning m. ärtor majs paprika frysvara,"Jod, I",Grönsaksblandningar med rotfrukter och eller baljväxter,1.8,µg
389,Grönsaksblandning m. ärtor majs paprika frysvara,Fullkorn totalt,Grönsaksblandningar med rotfrukter och eller baljväxter,31.0,g
389,Grönsaksblandning m. ärtor majs paprika frysvara,"Folat, totalt",Grönsaksblandningar med rotfrukter och eller baljväxter,40.0,µg
389,Grönsaksblandning m. ärtor majs paprika frysvara,Fibrer,Grönsaksblandningar med rotfrukter och eller baljväxter,5.0,g
389,Grönsaksblandning m. ärtor majs paprika frysvara,"Fett, totalt",Grönsaksblandningar med rotfrukter och eller baljväxter,0.5,g
389,Grönsaksblandning m. ärtor majs paprika frysvara,"Järn, Fe",Grönsaksblandningar med rotfrukter och eller baljväxter,0.9,mg
389,Grönsaksblandning m. ärtor majs paprika frysvara,Energi (kJ),Grönsaksblandningar med rotfrukter och eller baljväxter,278.0,kJ
389,Grönsaksblandning m. ärtor majs paprika frysvara,Energi (kcal),Grönsaksblandningar med rotfrukter och eller baljväxter,66.0,kcal
389,Grönsaksblandning m. ärtor majs paprika frysvara,Disackarider,Grönsaksblandningar med rotfrukter och eller baljväxter,1.6,g
389,Grönsaksblandning m. ärtor majs paprika frysvara,"Kalcium, Ca",Grönsaksblandningar med rotfrukter och eller baljväxter,52.0,mg
389,Grönsaksblandning m. ärtor majs paprika frysvara,Fettsyra 4:0-10:0,Grönsaksblandningar med rotfrukter och eller baljväxter,0.0,g
389,Grönsaksblandning m. ärtor majs paprika frysvara,DHA (C22:6),Grönsaksblandningar med rotfrukter och eller baljväxter,0.0,g
389,Grönsaksblandning m. ärtor majs paprika frysvara,DPA (C22:5),Grönsaksblandningar med rotfrukter och eller baljväxter,0.0,g
389,Grönsaksblandning m. ärtor majs paprika frysvara,EPA (C20:5),Grönsaksblandningar med rotfrukter och eller baljväxter,0.0,g
389,Grönsaksblandning m. ärtor majs paprika frysvara,Arakidonsyra C20:4,Grönsaksblandningar med rotfrukter och eller baljväxter,0.0,g
389,Grönsaksblandning m. ärtor majs paprika frysvara,Arakidinsyra C20:0,Grönsaksblandningar med rotfrukter och eller baljväxter,0.0,g
389,Grönsaksblandning m. ärtor majs paprika frysvara,Linolensyra C18:3,Grönsaksblandningar med rotfrukter och eller baljväxter,0.1,g
389,Grönsaksblandning m. ärtor majs paprika frysvara,Linolsyra C18:2,Grönsaksblandningar med rotfrukter och eller baljväxter,0.2,g
389,Grönsaksblandning m. ärtor majs paprika frysvara,Oljesyra C18:1,Grönsaksblandningar med rotfrukter och eller baljväxter,0.0,g
389,Grönsaksblandning m. ärtor majs paprika frysvara,Stearinsyra C18:0,Grönsaksblandningar med rotfrukter och eller baljväxter,0.0,g
389,Grönsaksblandning m. ärtor majs paprika frysvara,Palmitoljesyra C16:1,Grönsaksblandningar med rotfrukter och eller baljväxter,0.0,g
389,Grönsaksblandning m. ärtor majs paprika frysvara,Palmitinsyra C16:0,Grönsaksblandningar med rotfrukter och eller baljväxter,0.1,g
389,Grönsaksblandning m. ärtor majs paprika frysvara,Myristinsyra C14:0,Grönsaksblandningar med rotfrukter och eller baljväxter,0.0,g
389,Grönsaksblandning m. ärtor majs paprika frysvara,Laurinsyra C12:0,Grönsaksblandningar med rotfrukter och eller baljväxter,0.0,g
389,Grönsaksblandning m. ärtor majs paprika frysvara,Betakaroten/β-Karoten,Grönsaksblandningar med rotfrukter och eller baljväxter,345.0,µg
389,Grönsaksblandning m. ärtor majs paprika frysvara,Avfall (skal etc.),Grönsaksblandningar med rotfrukter och eller baljväxter,0.0,%
389,Grönsaksblandning m. ärtor majs paprika frysvara,Aska,Grönsaksblandningar med rotfrukter och eller baljväxter,0.6,g
389,Grönsaksblandning m. ärtor majs paprika frysvara,Alkohol,Grönsaksblandningar med rotfrukter och eller baljväxter,0.0,g
390,Sallad m. grönsallat gurka tomat u. dressing,"Zink, Zn",Grönsaker,0.2,mg
390,Sallad m. grönsallat gurka tomat u. dressing,Vitamin E,Grönsaker,0.5,mg
390,Sallad m. grönsallat gurka tomat u. dressing,Vitamin D inkl 25-OH-D3,Grönsaker,0.0,µg
390,Sallad m. grönsallat gurka tomat u. dressing,Vitamin D,Grönsaker,0.0,µg
390,Sallad m. grönsallat gurka tomat u. dressing,Vitamin C,Grönsaker,14.7,mg
390,Sallad m. grönsallat gurka tomat u. dressing,Vitamin B6,Grönsaker,0.08,mg
390,Sallad m. grönsallat gurka tomat u. dressing,Vitamin B12,Grönsaker,0.0,µg
390,Sallad m. grönsallat gurka tomat u. dressing,Vitamin A,Grönsaker,23.8,RE/µg
390,Sallad m. grönsallat gurka tomat u. dressing,Vatten,Grönsaker,95.4,g
390,Sallad m. grönsallat gurka tomat u. dressing,Tiamin,Grönsaker,0.03,mg
390,Sallad m. grönsallat gurka tomat u. dressing,Tillsatt socker,Grönsaker,0.0,g
390,Sallad m. grönsallat gurka tomat u. dressing,Fritt socker,Grönsaker,0.0,g
390,Sallad m. grönsallat gurka tomat u. dressing,"Selen, Se",Grönsaker,0.0,µg
390,Sallad m. grönsallat gurka tomat u. dressing,Sackaros,Grönsaker,0.0,g
390,Sallad m. grönsallat gurka tomat u. dressing,Riboflavin,Grönsaker,0.01,mg
390,Sallad m. grönsallat gurka tomat u. dressing,Retinol,Grönsaker,0.0,µg
390,Sallad m. grönsallat gurka tomat u. dressing,Protein,Grönsaker,0.9,g
390,Sallad m. grönsallat gurka tomat u. dressing,Summa fleromättade fettsyror,Grönsaker,0.1,g
390,Sallad m. grönsallat gurka tomat u. dressing,"Fosfor, P",Grönsaker,26.0,mg
390,Sallad m. grönsallat gurka tomat u. dressing,Niacinekvivalenter,Grönsaker,0.56,NE/mg
390,Sallad m. grönsallat gurka tomat u. dressing,Niacin,Grönsaker,0.41,mg
390,Sallad m. grönsallat gurka tomat u. dressing,"Salt, NaCl",Grönsaker,0.0,g
390,Sallad m. grönsallat gurka tomat u. dressing,"Natrium, Na",Grönsaker,4.0,mg
390,Sallad m. grönsallat gurka tomat u. dressing,Monosackarider,Grönsaker,2.2,g
390,Sallad m. grönsallat gurka tomat u. dressing,"Sockerarter, totalt",Grönsaker,2.2,g
390,Sallad m. grönsallat gurka tomat u. dressing,Summa enkelomättade fettsyror,Grönsaker,0.0,g
390,Sallad m. grönsallat gurka tomat u. dressing,"Magnesium, Mg",Grönsaker,10.0,mg
390,Sallad m. grönsallat gurka tomat u. dressing,Summa mättade fettsyror,Grönsaker,0.0,g
390,Sallad m. grönsallat gurka tomat u. dressing,"Kolhydrater, tillgängliga",Grönsaker,2.4,g
390,Sallad m. grönsallat gurka tomat u. dressing,Kolesterol,Grönsaker,0.0,mg
390,Sallad m. grönsallat gurka tomat u. dressing,"Kalium, K",Grönsaker,201.0,mg
390,Sallad m. grönsallat gurka tomat u. dressing,"Jod, I",Grönsaker,2.2,µg
390,Sallad m. grönsallat gurka tomat u. dressing,Fullkorn totalt,Grönsaker,0.0,g
390,Sallad m. grönsallat gurka tomat u. dressing,"Folat, totalt",Grönsaker,37.0,µg
390,Sallad m. grönsallat gurka tomat u. dressing,Fibrer,Grönsaker,0.8,g
390,Sallad m. grönsallat gurka tomat u. dressing,"Fett, totalt",Grönsaker,0.1,g
390,Sallad m. grönsallat gurka tomat u. dressing,"Järn, Fe",Grönsaker,0.3,mg
390,Sallad m. grönsallat gurka tomat u. dressing,Energi (kJ),Grönsaker,66.0,kJ
390,Sallad m. grönsallat gurka tomat u. dressing,Energi (kcal),Grönsaker,16.0,kcal
390,Sallad m. grönsallat gurka tomat u. dressing,Disackarider,Grönsaker,0.0,g
390,Sallad m. grönsallat gurka tomat u. dressing,"Kalcium, Ca",Grönsaker,18.0,mg
390,Sallad m. grönsallat gurka tomat u. dressing,Fettsyra 4:0-10:0,Grönsaker,0.0,g
390,Sallad m. grönsallat gurka tomat u. dressing,DHA (C22:6),Grönsaker,0.0,g
390,Sallad m. grönsallat gurka tomat u. dressing,DPA (C22:5),Grönsaker,0.0,g
390,Sallad m. grönsallat gurka tomat u. dressing,EPA (C20:5),Grönsaker,0.0,g
390,Sallad m. grönsallat gurka tomat u. dressing,Arakidonsyra C20:4,Grönsaker,0.0,g
390,Sallad m. grönsallat gurka tomat u. dressing,Arakidinsyra C20:0,Grönsaker,0.0,g
390,Sallad m. grönsallat gurka tomat u. dressing,Linolensyra C18:3,Grönsaker,0.0,g
390,Sallad m. grönsallat gurka tomat u. dressing,Linolsyra C18:2,Grönsaker,0.0,g
390,Sallad m. grönsallat gurka tomat u. dressing,Oljesyra C18:1,Grönsaker,0.0,g
390,Sallad m. grönsallat gurka tomat u. dressing,Stearinsyra C18:0,Grönsaker,0.0,g
390,Sallad m. grönsallat gurka tomat u. dressing,Palmitoljesyra C16:1,Grönsaker,0.0,g
390,Sallad m. grönsallat gurka tomat u. dressing,Palmitinsyra C16:0,Grönsaker,0.0,g
390,Sallad m. grönsallat gurka tomat u. dressing,Myristinsyra C14:0,Grönsaker,0.0,g
390,Sallad m. grönsallat gurka tomat u. dressing,Laurinsyra C12:0,Grönsaker,0.0,g
390,Sallad m. grönsallat gurka tomat u. dressing,Betakaroten/β-Karoten,Grönsaker,285.0,µg
390,Sallad m. grönsallat gurka tomat u. dressing,Avfall (skal etc.),Grönsaker,5.0,%
390,Sallad m. grönsallat gurka tomat u. dressing,Aska,Grönsaker,0.5,g
390,Sallad m. grönsallat gurka tomat u. dressing,Alkohol,Grönsaker,0.0,g
392,Paprika grön gul röd,"Zink, Zn",Grönsaker,0.1,mg
392,Paprika grön gul röd,Vitamin E,Grönsaker,2.0,mg
392,Paprika grön gul röd,Vitamin D inkl 25-OH-D3,Grönsaker,0.0,µg
392,Paprika grön gul röd,Vitamin D,Grönsaker,0.0,µg
392,Paprika grön gul röd,Vitamin C,Grönsaker,144.6,mg
392,Paprika grön gul röd,Vitamin B6,Grönsaker,0.22,mg
392,Paprika grön gul röd,Vitamin B12,Grönsaker,0.0,µg
392,Paprika grön gul röd,Vitamin A,Grönsaker,25.4,RE/µg
392,Paprika grön gul röd,Vatten,Grönsaker,93.5,g
392,Paprika grön gul röd,Tiamin,Grönsaker,0.02,mg
392,Paprika grön gul röd,Tillsatt socker,Grönsaker,0.0,g
392,Paprika grön gul röd,Fritt socker,Grönsaker,0.0,g
392,Paprika grön gul röd,"Selen, Se",Grönsaker,0.0,µg
392,Paprika grön gul röd,Sackaros,Grönsaker,0.1,g
392,Paprika grön gul röd,Riboflavin,Grönsaker,0.02,mg
392,Paprika grön gul röd,Retinol,Grönsaker,0.0,µg
392,Paprika grön gul röd,Protein,Grönsaker,0.5,g
392,Paprika grön gul röd,Summa fleromättade fettsyror,Grönsaker,0.0,g
392,Paprika grön gul röd,"Fosfor, P",Grönsaker,15.0,mg
392,Paprika grön gul röd,Niacinekvivalenter,Grönsaker,0.88,NE/mg
392,Paprika grön gul röd,Niacin,Grönsaker,0.78,mg
392,Paprika grön gul röd,"Salt, NaCl",Grönsaker,0.0,g
392,Paprika grön gul röd,"Natrium, Na",Grönsaker,0.0,mg
392,Paprika grön gul röd,Monosackarider,Grönsaker,4.4,g
392,Paprika grön gul röd,"Sockerarter, totalt",Grönsaker,4.6,g
392,Paprika grön gul röd,Summa enkelomättade fettsyror,Grönsaker,0.0,g
392,Paprika grön gul röd,"Magnesium, Mg",Grönsaker,8.0,mg
392,Paprika grön gul röd,Summa mättade fettsyror,Grönsaker,0.0,g
392,Paprika grön gul röd,"Kolhydrater, tillgängliga",Grönsaker,4.0,g
392,Paprika grön gul röd,Kolesterol,Grönsaker,0.0,mg
392,Paprika grön gul röd,"Kalium, K",Grönsaker,118.0,mg
392,Paprika grön gul röd,"Jod, I",Grönsaker,0.0,µg
392,Paprika grön gul röd,Fullkorn totalt,Grönsaker,0.0,g
392,Paprika grön gul röd,"Folat, totalt",Grönsaker,43.1,µg
392,Paprika grön gul röd,Fibrer,Grönsaker,1.3,g
392,Paprika grön gul röd,"Fett, totalt",Grönsaker,0.2,g
392,Paprika grön gul röd,"Järn, Fe",Grönsaker,0.3,mg
392,Paprika grön gul röd,Energi (kJ),Grönsaker,92.0,kJ
392,Paprika grön gul röd,Energi (kcal),Grönsaker,22.0,kcal
392,Paprika grön gul röd,Disackarider,Grönsaker,0.1,g
392,Paprika grön gul röd,"Kalcium, Ca",Grönsaker,8.0,mg
392,Paprika grön gul röd,Fettsyra 4:0-10:0,Grönsaker,0.0,g
392,Paprika grön gul röd,DHA (C22:6),Grönsaker,0.0,g
392,Paprika grön gul röd,DPA (C22:5),Grönsaker,0.0,g
392,Paprika grön gul röd,EPA (C20:5),Grönsaker,0.0,g
392,Paprika grön gul röd,Arakidonsyra C20:4,Grönsaker,0.0,g
392,Paprika grön gul röd,Arakidinsyra C20:0,Grönsaker,0.0,g
392,Paprika grön gul röd,Linolensyra C18:3,Grönsaker,0.0,g
392,Paprika grön gul röd,Linolsyra C18:2,Grönsaker,0.0,g
392,Paprika grön gul röd,Oljesyra C18:1,Grönsaker,0.0,g
392,Paprika grön gul röd,Stearinsyra C18:0,Grönsaker,0.0,g
392,Paprika grön gul röd,Palmitoljesyra C16:1,Grönsaker,0.0,g
392,Paprika grön gul röd,Palmitinsyra C16:0,Grönsaker,0.0,g
392,Paprika grön gul röd,Myristinsyra C14:0,Grönsaker,0.0,g
392,Paprika grön gul röd,Laurinsyra C12:0,Grönsaker,0.0,g
392,Paprika grön gul röd,Betakaroten/β-Karoten,Grönsaker,252.0,µg
392,Paprika grön gul röd,Avfall (skal etc.),Grönsaker,17.0,%
392,Paprika grön gul röd,Aska,Grönsaker,0.6,g
392,Paprika grön gul röd,Alkohol,Grönsaker,0.0,g
393,Bambuskott konserv. u. lag,"Zink, Zn",Grönsaker,0.4,mg
393,Bambuskott konserv. u. lag,Vitamin E,Grönsaker,1.0,mg
393,Bambuskott konserv. u. lag,Vitamin D inkl 25-OH-D3,Grönsaker,0.0,µg
393,Bambuskott konserv. u. lag,Vitamin D,Grönsaker,0.0,µg
393,Bambuskott konserv. u. lag,Vitamin C,Grönsaker,0.0,mg
393,Bambuskott konserv. u. lag,Vitamin B6,Grönsaker,0.02,mg
393,Bambuskott konserv. u. lag,Vitamin B12,Grönsaker,0.0,µg
393,Bambuskott konserv. u. lag,Vitamin A,Grönsaker,0.0,RE/µg
393,Bambuskott konserv. u. lag,Vatten,Grönsaker,92.8,g
393,Bambuskott konserv. u. lag,Tiamin,Grönsaker,0.01,mg
393,Bambuskott konserv. u. lag,Tillsatt socker,Grönsaker,0.0,g
393,Bambuskott konserv. u. lag,Fritt socker,Grönsaker,0.0,g
393,Bambuskott konserv. u. lag,"Selen, Se",Grönsaker,0.0,µg
393,Bambuskott konserv. u. lag,Sackaros,Grönsaker,0.3,g
393,Bambuskott konserv. u. lag,Riboflavin,Grönsaker,0.04,mg
393,Bambuskott konserv. u. lag,Retinol,Grönsaker,0.0,µg
393,Bambuskott konserv. u. lag,Protein,Grönsaker,2.7,g
393,Bambuskott konserv. u. lag,Summa fleromättade fettsyror,Grönsaker,0.0,g
393,Bambuskott konserv. u. lag,"Fosfor, P",Grönsaker,38.0,mg
393,Bambuskott konserv. u. lag,Niacinekvivalenter,Grönsaker,0.6,NE/mg
393,Bambuskott konserv. u. lag,Niacin,Grönsaker,0.1,mg
393,Bambuskott konserv. u. lag,"Salt, NaCl",Grönsaker,0.0,g
393,Bambuskott konserv. u. lag,"Natrium, Na",Grönsaker,3.0,mg
393,Bambuskott konserv. u. lag,Monosackarider,Grönsaker,0.9,g
393,Bambuskott konserv. u. lag,"Sockerarter, totalt",Grönsaker,1.2,g
393,Bambuskott konserv. u. lag,Summa enkelomättade fettsyror,Grönsaker,0.0,g
393,Bambuskott konserv. u. lag,"Magnesium, Mg",Grönsaker,4.0,mg
393,Bambuskott konserv. u. lag,Summa mättade fettsyror,Grönsaker,0.0,g
393,Bambuskott konserv. u. lag,"Kolhydrater, tillgängliga",Grönsaker,1.7,g
393,Bambuskott konserv. u. lag,Kolesterol,Grönsaker,0.0,mg
393,Bambuskott konserv. u. lag,"Kalium, K",Grönsaker,77.0,mg
393,Bambuskott konserv. u. lag,"Jod, I",Grönsaker,0.0,µg
393,Bambuskott konserv. u. lag,Fullkorn totalt,Grönsaker,0.0,g
393,Bambuskott konserv. u. lag,"Folat, totalt",Grönsaker,36.0,µg
393,Bambuskott konserv. u. lag,Fibrer,Grönsaker,2.3,g
393,Bambuskott konserv. u. lag,"Fett, totalt",Grönsaker,0.2,g
393,Bambuskott konserv. u. lag,"Järn, Fe",Grönsaker,0.3,mg
393,Bambuskott konserv. u. lag,Energi (kJ),Grönsaker,101.0,kJ
393,Bambuskott konserv. u. lag,Energi (kcal),Grönsaker,24.0,kcal
393,Bambuskott konserv. u. lag,Disackarider,Grönsaker,0.3,g
393,Bambuskott konserv. u. lag,"Kalcium, Ca",Grönsaker,19.0,mg
393,Bambuskott konserv. u. lag,Fettsyra 4:0-10:0,Grönsaker,0.0,g
393,Bambuskott konserv. u. lag,DHA (C22:6),Grönsaker,0.0,g
393,Bambuskott konserv. u. lag,DPA (C22:5),Grönsaker,0.0,g
393,Bambuskott konserv. u. lag,EPA (C20:5),Grönsaker,0.0,g
393,Bambuskott konserv. u. lag,Arakidonsyra C20:4,Grönsaker,0.0,g
393,Bambuskott konserv. u. lag,Arakidinsyra C20:0,Grönsaker,0.0,g
393,Bambuskott konserv. u. lag,Linolensyra C18:3,Grönsaker,0.0,g
393,Bambuskott konserv. u. lag,Linolsyra C18:2,Grönsaker,0.0,g
393,Bambuskott konserv. u. lag,Oljesyra C18:1,Grönsaker,0.0,g
393,Bambuskott konserv. u. lag,Stearinsyra C18:0,Grönsaker,0.0,g
393,Bambuskott konserv. u. lag,Palmitoljesyra C16:1,Grönsaker,0.0,g
393,Bambuskott konserv. u. lag,Palmitinsyra C16:0,Grönsaker,0.0,g
393,Bambuskott konserv. u. lag,Myristinsyra C14:0,Grönsaker,0.0,g
393,Bambuskott konserv. u. lag,Laurinsyra C12:0,Grönsaker,0.0,g
393,Bambuskott konserv. u. lag,Betakaroten/β-Karoten,Grönsaker,0.0,µg
393,Bambuskott konserv. u. lag,Avfall (skal etc.),Grönsaker,0.0,%
393,Bambuskott konserv. u. lag,Aska,Grönsaker,0.3,g
393,Bambuskott konserv. u. lag,Alkohol,Grönsaker,0.0,g
395,Gröna bönor konserv. u. lag,"Zink, Zn","Baljväxter (bönor, linser och ärter)",0.2,mg
395,Gröna bönor konserv. u. lag,Vitamin E,"Baljväxter (bönor, linser och ärter)",0.2,mg
395,Gröna bönor konserv. u. lag,Vitamin D inkl 25-OH-D3,"Baljväxter (bönor, linser och ärter)",0.0,µg
395,Gröna bönor konserv. u. lag,Vitamin D,"Baljväxter (bönor, linser och ärter)",0.0,µg
395,Gröna bönor konserv. u. lag,Vitamin C,"Baljväxter (bönor, linser och ärter)",5.0,mg
395,Gröna bönor konserv. u. lag,Vitamin B6,"Baljväxter (bönor, linser och ärter)",0.04,mg
395,Gröna bönor konserv. u. lag,Vitamin B12,"Baljväxter (bönor, linser och ärter)",0.0,µg
395,Gröna bönor konserv. u. lag,Vitamin A,"Baljväxter (bönor, linser och ärter)",17.5,RE/µg
395,Gröna bönor konserv. u. lag,Vatten,"Baljväxter (bönor, linser och ärter)",93.0,g
395,Gröna bönor konserv. u. lag,Tiamin,"Baljväxter (bönor, linser och ärter)",0.09,mg
395,Gröna bönor konserv. u. lag,Tillsatt socker,"Baljväxter (bönor, linser och ärter)",0.0,g
395,Gröna bönor konserv. u. lag,Fritt socker,"Baljväxter (bönor, linser och ärter)",0.0,g
395,Gröna bönor konserv. u. lag,"Selen, Se","Baljväxter (bönor, linser och ärter)",0.5,µg
395,Gröna bönor konserv. u. lag,Sackaros,"Baljväxter (bönor, linser och ärter)",0.3,g
395,Gröna bönor konserv. u. lag,Riboflavin,"Baljväxter (bönor, linser och ärter)",0.06,mg
395,Gröna bönor konserv. u. lag,Retinol,"Baljväxter (bönor, linser och ärter)",0.0,µg
395,Gröna bönor konserv. u. lag,Protein,"Baljväxter (bönor, linser och ärter)",1.2,g
395,Gröna bönor konserv. u. lag,Summa fleromättade fettsyror,"Baljväxter (bönor, linser och ärter)",0.0,g
395,Gröna bönor konserv. u. lag,"Fosfor, P","Baljväxter (bönor, linser och ärter)",19.0,mg
395,Gröna bönor konserv. u. lag,Niacinekvivalenter,"Baljväxter (bönor, linser och ärter)",0.3,NE/mg
395,Gröna bönor konserv. u. lag,Niacin,"Baljväxter (bönor, linser och ärter)",0.1,mg
395,Gröna bönor konserv. u. lag,"Salt, NaCl","Baljväxter (bönor, linser och ärter)",0.6,g
395,Gröna bönor konserv. u. lag,"Natrium, Na","Baljväxter (bönor, linser och ärter)",251.0,mg
395,Gröna bönor konserv. u. lag,Monosackarider,"Baljväxter (bönor, linser och ärter)",1.0,g
395,Gröna bönor konserv. u. lag,"Sockerarter, totalt","Baljväxter (bönor, linser och ärter)",1.3,g
395,Gröna bönor konserv. u. lag,Summa enkelomättade fettsyror,"Baljväxter (bönor, linser och ärter)",0.0,g
395,Gröna bönor konserv. u. lag,"Magnesium, Mg","Baljväxter (bönor, linser och ärter)",13.0,mg
395,Gröna bönor konserv. u. lag,Summa mättade fettsyror,"Baljväxter (bönor, linser och ärter)",0.0,g
395,Gröna bönor konserv. u. lag,"Kolhydrater, tillgängliga","Baljväxter (bönor, linser och ärter)",3.0,g
395,Gröna bönor konserv. u. lag,Kolesterol,"Baljväxter (bönor, linser och ärter)",0.0,mg
395,Gröna bönor konserv. u. lag,"Kalium, K","Baljväxter (bönor, linser och ärter)",109.0,mg
395,Gröna bönor konserv. u. lag,"Jod, I","Baljväxter (bönor, linser och ärter)",1.0,µg
395,Gröna bönor konserv. u. lag,Fullkorn totalt,"Baljväxter (bönor, linser och ärter)",0.0,g
395,Gröna bönor konserv. u. lag,"Folat, totalt","Baljväxter (bönor, linser och ärter)",32.0,µg
395,Gröna bönor konserv. u. lag,Fibrer,"Baljväxter (bönor, linser och ärter)",1.7,g
395,Gröna bönor konserv. u. lag,"Fett, totalt","Baljväxter (bönor, linser och ärter)",0.1,g
395,Gröna bönor konserv. u. lag,"Järn, Fe","Baljväxter (bönor, linser och ärter)",0.5,mg
395,Gröna bönor konserv. u. lag,Energi (kJ),"Baljväxter (bönor, linser och ärter)",89.0,kJ
395,Gröna bönor konserv. u. lag,Energi (kcal),"Baljväxter (bönor, linser och ärter)",21.0,kcal
395,Gröna bönor konserv. u. lag,Disackarider,"Baljväxter (bönor, linser och ärter)",0.3,g
395,Gröna bönor konserv. u. lag,"Kalcium, Ca","Baljväxter (bönor, linser och ärter)",26.0,mg
395,Gröna bönor konserv. u. lag,Fettsyra 4:0-10:0,"Baljväxter (bönor, linser och ärter)",0.0,g
395,Gröna bönor konserv. u. lag,DHA (C22:6),"Baljväxter (bönor, linser och ärter)",0.0,g
395,Gröna bönor konserv. u. lag,DPA (C22:5),"Baljväxter (bönor, linser och ärter)",0.0,g
395,Gröna bönor konserv. u. lag,EPA (C20:5),"Baljväxter (bönor, linser och ärter)",0.0,g
395,Gröna bönor konserv. u. lag,Arakidonsyra C20:4,"Baljväxter (bönor, linser och ärter)",0.0,g
395,Gröna bönor konserv. u. lag,Arakidinsyra C20:0,"Baljväxter (bönor, linser och ärter)",0.0,g
395,Gröna bönor konserv. u. lag,Linolensyra C18:3,"Baljväxter (bönor, linser och ärter)",0.0,g
395,Gröna bönor konserv. u. lag,Linolsyra C18:2,"Baljväxter (bönor, linser och ärter)",0.0,g
395,Gröna bönor konserv. u. lag,Oljesyra C18:1,"Baljväxter (bönor, linser och ärter)",0.0,g
395,Gröna bönor konserv. u. lag,Stearinsyra C18:0,"Baljväxter (bönor, linser och ärter)",0.0,g
395,Gröna bönor konserv. u. lag,Palmitoljesyra C16:1,"Baljväxter (bönor, linser och ärter)",0.0,g
395,Gröna bönor konserv. u. lag,Palmitinsyra C16:0,"Baljväxter (bönor, linser och ärter)",0.0,g
395,Gröna bönor konserv. u. lag,Myristinsyra C14:0,"Baljväxter (bönor, linser och ärter)",0.0,g
395,Gröna bönor konserv. u. lag,Laurinsyra C12:0,"Baljväxter (bönor, linser och ärter)",0.0,g
395,Gröna bönor konserv. u. lag,Betakaroten/β-Karoten,"Baljväxter (bönor, linser och ärter)",210.0,µg
395,Gröna bönor konserv. u. lag,Avfall (skal etc.),"Baljväxter (bönor, linser och ärter)",0.0,%
395,Gröna bönor konserv. u. lag,Aska,"Baljväxter (bönor, linser och ärter)",1.0,g
395,Gröna bönor konserv. u. lag,Alkohol,"Baljväxter (bönor, linser och ärter)",0.0,g
397,Champinjon konserv. m. lag,"Zink, Zn",Svamp,0.9,mg
397,Champinjon konserv. m. lag,Vitamin E,Svamp,0.0,mg
397,Champinjon konserv. m. lag,Vitamin D inkl 25-OH-D3,Svamp,0.0,µg
397,Champinjon konserv. m. lag,Vitamin D,Svamp,0.0,µg
397,Champinjon konserv. m. lag,Vitamin C,Svamp,2.0,mg
397,Champinjon konserv. m. lag,Vitamin B6,Svamp,0.06,mg
397,Champinjon konserv. m. lag,Vitamin B12,Svamp,0.0,µg
397,Champinjon konserv. m. lag,Vitamin A,Svamp,0.5,RE/µg
397,Champinjon konserv. m. lag,Vatten,Svamp,94.0,g
397,Champinjon konserv. m. lag,Tiamin,Svamp,0.02,mg
397,Champinjon konserv. m. lag,Tillsatt socker,Svamp,0.0,g
397,Champinjon konserv. m. lag,Fritt socker,Svamp,0.0,g
397,Champinjon konserv. m. lag,"Selen, Se",Svamp,2.0,µg
397,Champinjon konserv. m. lag,Sackaros,Svamp,0.0,g
397,Champinjon konserv. m. lag,Riboflavin,Svamp,0.25,mg
397,Champinjon konserv. m. lag,Retinol,Svamp,0.0,µg
397,Champinjon konserv. m. lag,Protein,Svamp,1.9,g
397,Champinjon konserv. m. lag,Summa fleromättade fettsyror,Svamp,0.0,g
397,Champinjon konserv. m. lag,"Fosfor, P",Svamp,68.0,mg
397,Champinjon konserv. m. lag,Niacinekvivalenter,Svamp,2.32,NE/mg
397,Champinjon konserv. m. lag,Niacin,Svamp,2.0,mg
397,Champinjon konserv. m. lag,"Salt, NaCl",Svamp,1.0,g
397,Champinjon konserv. m. lag,"Natrium, Na",Svamp,400.0,mg
397,Champinjon konserv. m. lag,Monosackarider,Svamp,0.2,g
397,Champinjon konserv. m. lag,"Sockerarter, totalt",Svamp,0.2,g
397,Champinjon konserv. m. lag,Summa enkelomättade fettsyror,Svamp,0.0,g
397,Champinjon konserv. m. lag,"Magnesium, Mg",Svamp,8.0,mg
397,Champinjon konserv. m. lag,Summa mättade fettsyror,Svamp,0.0,g
397,Champinjon konserv. m. lag,"Kolhydrater, tillgängliga",Svamp,0.9,g
397,Champinjon konserv. m. lag,Kolesterol,Svamp,0.0,mg
397,Champinjon konserv. m. lag,"Kalium, K",Svamp,197.0,mg
397,Champinjon konserv. m. lag,"Jod, I",Svamp,0.0,µg
397,Champinjon konserv. m. lag,Fullkorn totalt,Svamp,0.0,g
397,Champinjon konserv. m. lag,"Folat, totalt",Svamp,12.0,µg
397,Champinjon konserv. m. lag,Fibrer,Svamp,1.5,g
397,Champinjon konserv. m. lag,"Fett, totalt",Svamp,0.1,g
397,Champinjon konserv. m. lag,"Järn, Fe",Svamp,0.5,mg
397,Champinjon konserv. m. lag,Energi (kJ),Svamp,63.0,kJ
397,Champinjon konserv. m. lag,Energi (kcal),Svamp,15.0,kcal
397,Champinjon konserv. m. lag,Disackarider,Svamp,0.0,g
397,Champinjon konserv. m. lag,"Kalcium, Ca",Svamp,6.0,mg
397,Champinjon konserv. m. lag,Fettsyra 4:0-10:0,Svamp,0.0,g
397,Champinjon konserv. m. lag,DHA (C22:6),Svamp,0.0,g
397,Champinjon konserv. m. lag,DPA (C22:5),Svamp,0.0,g
397,Champinjon konserv. m. lag,EPA (C20:5),Svamp,0.0,g
397,Champinjon konserv. m. lag,Arakidonsyra C20:4,Svamp,0.0,g
397,Champinjon konserv. m. lag,Arakidinsyra C20:0,Svamp,0.0,g
397,Champinjon konserv. m. lag,Linolensyra C18:3,Svamp,0.0,g
397,Champinjon konserv. m. lag,Linolsyra C18:2,Svamp,0.0,g
397,Champinjon konserv. m. lag,Oljesyra C18:1,Svamp,0.0,g
397,Champinjon konserv. m. lag,Stearinsyra C18:0,Svamp,0.0,g
397,Champinjon konserv. m. lag,Palmitoljesyra C16:1,Svamp,0.0,g
397,Champinjon konserv. m. lag,Palmitinsyra C16:0,Svamp,0.0,g
397,Champinjon konserv. m. lag,Myristinsyra C14:0,Svamp,0.0,g
397,Champinjon konserv. m. lag,Laurinsyra C12:0,Svamp,0.0,g
397,Champinjon konserv. m. lag,Betakaroten/β-Karoten,Svamp,6.0,µg
397,Champinjon konserv. m. lag,Avfall (skal etc.),Svamp,0.0,%
397,Champinjon konserv. m. lag,Aska,Svamp,1.6,g
397,Champinjon konserv. m. lag,Alkohol,Svamp,0.0,g
400,Majskorn konserv. u. lag,"Zink, Zn",Grönsaker,0.4,mg
400,Majskorn konserv. u. lag,Vitamin E,Grönsaker,0.1,mg
400,Majskorn konserv. u. lag,Vitamin D inkl 25-OH-D3,Grönsaker,0.0,µg
400,Majskorn konserv. u. lag,Vitamin D,Grönsaker,0.0,µg
400,Majskorn konserv. u. lag,Vitamin C,Grönsaker,3.3,mg
400,Majskorn konserv. u. lag,Vitamin B6,Grönsaker,0.1,mg
400,Majskorn konserv. u. lag,Vitamin B12,Grönsaker,0.0,µg
400,Majskorn konserv. u. lag,Vitamin A,Grönsaker,3.8,RE/µg
400,Majskorn konserv. u. lag,Vatten,Grönsaker,79.6,g
400,Majskorn konserv. u. lag,Tiamin,Grönsaker,0.03,mg
400,Majskorn konserv. u. lag,Tillsatt socker,Grönsaker,0.0,g
400,Majskorn konserv. u. lag,Fritt socker,Grönsaker,0.0,g
400,Majskorn konserv. u. lag,"Selen, Se",Grönsaker,0.0,µg
400,Majskorn konserv. u. lag,Sackaros,Grönsaker,5.5,g
400,Majskorn konserv. u. lag,Riboflavin,Grönsaker,0.07,mg
400,Majskorn konserv. u. lag,Retinol,Grönsaker,0.0,µg
400,Majskorn konserv. u. lag,Protein,Grönsaker,2.1,g
400,Majskorn konserv. u. lag,Summa fleromättade fettsyror,Grönsaker,0.5,g
400,Majskorn konserv. u. lag,"Fosfor, P",Grönsaker,46.0,mg
400,Majskorn konserv. u. lag,Niacinekvivalenter,Grönsaker,1.7,NE/mg
400,Majskorn konserv. u. lag,Niacin,Grönsaker,1.44,mg
400,Majskorn konserv. u. lag,"Salt, NaCl",Grönsaker,0.4,g
400,Majskorn konserv. u. lag,"Natrium, Na",Grönsaker,170.0,mg
400,Majskorn konserv. u. lag,Monosackarider,Grönsaker,0.3,g
400,Majskorn konserv. u. lag,"Sockerarter, totalt",Grönsaker,5.8,g
400,Majskorn konserv. u. lag,Summa enkelomättade fettsyror,Grönsaker,0.4,g
400,Majskorn konserv. u. lag,"Magnesium, Mg",Grönsaker,15.0,mg
400,Majskorn konserv. u. lag,Summa mättade fettsyror,Grönsaker,0.3,g
400,Majskorn konserv. u. lag,"Kolhydrater, tillgängliga",Grönsaker,12.9,g
400,Majskorn konserv. u. lag,Kolesterol,Grönsaker,0.0,mg
400,Majskorn konserv. u. lag,"Kalium, K",Grönsaker,151.0,mg
400,Majskorn konserv. u. lag,"Jod, I",Grönsaker,0.0,µg
400,Majskorn konserv. u. lag,Fullkorn totalt,Grönsaker,100.0,g
400,Majskorn konserv. u. lag,"Folat, totalt",Grönsaker,53.7,µg
400,Majskorn konserv. u. lag,Fibrer,Grönsaker,2.9,g
400,Majskorn konserv. u. lag,"Fett, totalt",Grönsaker,1.5,g
400,Majskorn konserv. u. lag,"Järn, Fe",Grönsaker,0.3,mg
400,Majskorn konserv. u. lag,Energi (kJ),Grönsaker,334.0,kJ
400,Majskorn konserv. u. lag,Energi (kcal),Grönsaker,80.0,kcal
400,Majskorn konserv. u. lag,Disackarider,Grönsaker,5.5,g
400,Majskorn konserv. u. lag,"Kalcium, Ca",Grönsaker,3.0,mg
400,Majskorn konserv. u. lag,Fettsyra 4:0-10:0,Grönsaker,0.1,g
400,Majskorn konserv. u. lag,DHA (C22:6),Grönsaker,0.0,g
400,Majskorn konserv. u. lag,DPA (C22:5),Grönsaker,0.0,g
400,Majskorn konserv. u. lag,EPA (C20:5),Grönsaker,0.0,g
400,Majskorn konserv. u. lag,Arakidonsyra C20:4,Grönsaker,0.0,g
400,Majskorn konserv. u. lag,Arakidinsyra C20:0,Grönsaker,0.0,g
400,Majskorn konserv. u. lag,Linolensyra C18:3,Grönsaker,0.0,g
400,Majskorn konserv. u. lag,Linolsyra C18:2,Grönsaker,0.5,g
400,Majskorn konserv. u. lag,Oljesyra C18:1,Grönsaker,0.4,g
400,Majskorn konserv. u. lag,Stearinsyra C18:0,Grönsaker,0.0,g
400,Majskorn konserv. u. lag,Palmitoljesyra C16:1,Grönsaker,0.0,g
400,Majskorn konserv. u. lag,Palmitinsyra C16:0,Grönsaker,0.2,g
400,Majskorn konserv. u. lag,Myristinsyra C14:0,Grönsaker,0.0,g
400,Majskorn konserv. u. lag,Laurinsyra C12:0,Grönsaker,0.0,g
400,Majskorn konserv. u. lag,Betakaroten/β-Karoten,Grönsaker,26.0,µg
400,Majskorn konserv. u. lag,Avfall (skal etc.),Grönsaker,0.0,%
400,Majskorn konserv. u. lag,Aska,Grönsaker,0.9,g
400,Majskorn konserv. u. lag,Alkohol,Grönsaker,0.0,g
401,Oliver gröna m. paprikafyllning avrunna,"Zink, Zn",Grönsaker,0.1,mg
401,Oliver gröna m. paprikafyllning avrunna,Vitamin E,Grönsaker,4.4,mg
401,Oliver gröna m. paprikafyllning avrunna,Vitamin D inkl 25-OH-D3,Grönsaker,0.0,µg
401,Oliver gröna m. paprikafyllning avrunna,Vitamin D,Grönsaker,0.0,µg
401,Oliver gröna m. paprikafyllning avrunna,Vitamin C,Grönsaker,4.4,mg
401,Oliver gröna m. paprikafyllning avrunna,Vitamin B6,Grönsaker,0.02,mg
401,Oliver gröna m. paprikafyllning avrunna,Vitamin B12,Grönsaker,0.0,µg
401,Oliver gröna m. paprikafyllning avrunna,Vitamin A,Grönsaker,22.0,RE/µg
401,Oliver gröna m. paprikafyllning avrunna,Vatten,Grönsaker,78.8,g
401,Oliver gröna m. paprikafyllning avrunna,Tiamin,Grönsaker,0.0,mg
401,Oliver gröna m. paprikafyllning avrunna,Tillsatt socker,Grönsaker,0.0,g
401,Oliver gröna m. paprikafyllning avrunna,Fritt socker,Grönsaker,0.0,g
401,Oliver gröna m. paprikafyllning avrunna,"Selen, Se",Grönsaker,0.0,µg
401,Oliver gröna m. paprikafyllning avrunna,Sackaros,Grönsaker,0.0,g
401,Oliver gröna m. paprikafyllning avrunna,Riboflavin,Grönsaker,0.0,mg
401,Oliver gröna m. paprikafyllning avrunna,Retinol,Grönsaker,0.0,µg
401,Oliver gröna m. paprikafyllning avrunna,Protein,Grönsaker,0.6,g
401,Oliver gröna m. paprikafyllning avrunna,Summa fleromättade fettsyror,Grönsaker,0.7,g
401,Oliver gröna m. paprikafyllning avrunna,"Fosfor, P",Grönsaker,5.0,mg
401,Oliver gröna m. paprikafyllning avrunna,Niacinekvivalenter,Grönsaker,0.2,NE/mg
401,Oliver gröna m. paprikafyllning avrunna,Niacin,Grönsaker,0.07,mg
401,Oliver gröna m. paprikafyllning avrunna,"Salt, NaCl",Grönsaker,3.4,g
401,Oliver gröna m. paprikafyllning avrunna,"Natrium, Na",Grönsaker,1360.0,mg
401,Oliver gröna m. paprikafyllning avrunna,Monosackarider,Grönsaker,0.0,g
401,Oliver gröna m. paprikafyllning avrunna,"Sockerarter, totalt",Grönsaker,0.0,g
401,Oliver gröna m. paprikafyllning avrunna,Summa enkelomättade fettsyror,Grönsaker,7.8,g
401,Oliver gröna m. paprikafyllning avrunna,"Magnesium, Mg",Grönsaker,15.0,mg
401,Oliver gröna m. paprikafyllning avrunna,Summa mättade fettsyror,Grönsaker,2.0,g
401,Oliver gröna m. paprikafyllning avrunna,"Kolhydrater, tillgängliga",Grönsaker,1.1,g
401,Oliver gröna m. paprikafyllning avrunna,Kolesterol,Grönsaker,0.0,mg
401,Oliver gröna m. paprikafyllning avrunna,"Kalium, K",Grönsaker,47.0,mg
401,Oliver gröna m. paprikafyllning avrunna,"Jod, I",Grönsaker,22.1,µg
401,Oliver gröna m. paprikafyllning avrunna,Fullkorn totalt,Grönsaker,0.0,g
401,Oliver gröna m. paprikafyllning avrunna,"Folat, totalt",Grönsaker,1.2,µg
401,Oliver gröna m. paprikafyllning avrunna,Fibrer,Grönsaker,2.6,g
401,Oliver gröna m. paprikafyllning avrunna,"Fett, totalt",Grönsaker,13.1,g
401,Oliver gröna m. paprikafyllning avrunna,"Järn, Fe",Grönsaker,0.2,mg
401,Oliver gröna m. paprikafyllning avrunna,Energi (kJ),Grönsaker,535.0,kJ
401,Oliver gröna m. paprikafyllning avrunna,Energi (kcal),Grönsaker,128.0,kcal
401,Oliver gröna m. paprikafyllning avrunna,Disackarider,Grönsaker,0.0,g
401,Oliver gröna m. paprikafyllning avrunna,"Kalcium, Ca",Grönsaker,102.0,mg
401,Oliver gröna m. paprikafyllning avrunna,Fettsyra 4:0-10:0,Grönsaker,0.0,g
401,Oliver gröna m. paprikafyllning avrunna,DHA (C22:6),Grönsaker,0.0,g
401,Oliver gröna m. paprikafyllning avrunna,DPA (C22:5),Grönsaker,0.0,g
401,Oliver gröna m. paprikafyllning avrunna,EPA (C20:5),Grönsaker,0.0,g
401,Oliver gröna m. paprikafyllning avrunna,Arakidonsyra C20:4,Grönsaker,0.0,g
401,Oliver gröna m. paprikafyllning avrunna,Arakidinsyra C20:0,Grönsaker,0.0,g
401,Oliver gröna m. paprikafyllning avrunna,Linolensyra C18:3,Grönsaker,0.1,g
401,Oliver gröna m. paprikafyllning avrunna,Linolsyra C18:2,Grönsaker,0.5,g
401,Oliver gröna m. paprikafyllning avrunna,Oljesyra C18:1,Grönsaker,7.6,g
401,Oliver gröna m. paprikafyllning avrunna,Stearinsyra C18:0,Grönsaker,0.3,g
401,Oliver gröna m. paprikafyllning avrunna,Palmitoljesyra C16:1,Grönsaker,0.1,g
401,Oliver gröna m. paprikafyllning avrunna,Palmitinsyra C16:0,Grönsaker,1.6,g
401,Oliver gröna m. paprikafyllning avrunna,Myristinsyra C14:0,Grönsaker,0.0,g
401,Oliver gröna m. paprikafyllning avrunna,Laurinsyra C12:0,Grönsaker,0.0,g
401,Oliver gröna m. paprikafyllning avrunna,Betakaroten/β-Karoten,Grönsaker,243.0,µg
401,Oliver gröna m. paprikafyllning avrunna,Avfall (skal etc.),Grönsaker,0.0,%
401,Oliver gröna m. paprikafyllning avrunna,Aska,Grönsaker,3.8,g
401,Oliver gröna m. paprikafyllning avrunna,Alkohol,Grönsaker,0.0,g
402,Oliver svarta m. olja avrunna,"Zink, Zn",Grönsaker,0.2,mg
402,Oliver svarta m. olja avrunna,Vitamin E,Grönsaker,7.0,mg
402,Oliver svarta m. olja avrunna,Vitamin D inkl 25-OH-D3,Grönsaker,0.0,µg
402,Oliver svarta m. olja avrunna,Vitamin D,Grönsaker,0.0,µg
402,Oliver svarta m. olja avrunna,Vitamin C,Grönsaker,0.0,mg
402,Oliver svarta m. olja avrunna,Vitamin B6,Grönsaker,0.01,mg
402,Oliver svarta m. olja avrunna,Vitamin B12,Grönsaker,0.0,µg
402,Oliver svarta m. olja avrunna,Vitamin A,Grönsaker,18.0,RE/µg
402,Oliver svarta m. olja avrunna,Vatten,Grönsaker,77.4,g
402,Oliver svarta m. olja avrunna,Tiamin,Grönsaker,0.0,mg
402,Oliver svarta m. olja avrunna,Tillsatt socker,Grönsaker,0.0,g
402,Oliver svarta m. olja avrunna,Fritt socker,Grönsaker,0.0,g
402,Oliver svarta m. olja avrunna,"Selen, Se",Grönsaker,0.0,µg
402,Oliver svarta m. olja avrunna,Sackaros,Grönsaker,0.0,g
402,Oliver svarta m. olja avrunna,Riboflavin,Grönsaker,0.01,mg
402,Oliver svarta m. olja avrunna,Retinol,Grönsaker,0.0,µg
402,Oliver svarta m. olja avrunna,Protein,Grönsaker,0.8,g
402,Oliver svarta m. olja avrunna,Summa fleromättade fettsyror,Grönsaker,1.1,g
402,Oliver svarta m. olja avrunna,"Fosfor, P",Grönsaker,5.0,mg
402,Oliver svarta m. olja avrunna,Niacinekvivalenter,Grönsaker,0.2,NE/mg
402,Oliver svarta m. olja avrunna,Niacin,Grönsaker,0.04,mg
402,Oliver svarta m. olja avrunna,"Salt, NaCl",Grönsaker,2.0,g
402,Oliver svarta m. olja avrunna,"Natrium, Na",Grönsaker,815.0,mg
402,Oliver svarta m. olja avrunna,Monosackarider,Grönsaker,0.0,g
402,Oliver svarta m. olja avrunna,"Sockerarter, totalt",Grönsaker,0.0,g
402,Oliver svarta m. olja avrunna,Summa enkelomättade fettsyror,Grönsaker,8.5,g
402,Oliver svarta m. olja avrunna,"Magnesium, Mg",Grönsaker,12.0,mg
402,Oliver svarta m. olja avrunna,Summa mättade fettsyror,Grönsaker,1.6,g
402,Oliver svarta m. olja avrunna,"Kolhydrater, tillgängliga",Grönsaker,1.8,g
402,Oliver svarta m. olja avrunna,Kolesterol,Grönsaker,0.0,mg
402,Oliver svarta m. olja avrunna,"Kalium, K",Grönsaker,24.0,mg
402,Oliver svarta m. olja avrunna,"Jod, I",Grönsaker,0.0,µg
402,Oliver svarta m. olja avrunna,Fullkorn totalt,Grönsaker,0.0,g
402,Oliver svarta m. olja avrunna,"Folat, totalt",Grönsaker,1.1,µg
402,Oliver svarta m. olja avrunna,Fibrer,Grönsaker,3.5,g
402,Oliver svarta m. olja avrunna,"Fett, totalt",Grönsaker,14.1,g
402,Oliver svarta m. olja avrunna,"Järn, Fe",Grönsaker,1.5,mg
402,Oliver svarta m. olja avrunna,Energi (kJ),Grönsaker,594.0,kJ
402,Oliver svarta m. olja avrunna,Energi (kcal),Grönsaker,142.0,kcal
402,Oliver svarta m. olja avrunna,Disackarider,Grönsaker,0.0,g
402,Oliver svarta m. olja avrunna,"Kalcium, Ca",Grönsaker,88.0,mg
402,Oliver svarta m. olja avrunna,Fettsyra 4:0-10:0,Grönsaker,0.0,g
402,Oliver svarta m. olja avrunna,DHA (C22:6),Grönsaker,0.0,g
402,Oliver svarta m. olja avrunna,DPA (C22:5),Grönsaker,0.0,g
402,Oliver svarta m. olja avrunna,EPA (C20:5),Grönsaker,0.0,g
402,Oliver svarta m. olja avrunna,Arakidonsyra C20:4,Grönsaker,0.0,g
402,Oliver svarta m. olja avrunna,Arakidinsyra C20:0,Grönsaker,0.0,g
402,Oliver svarta m. olja avrunna,Linolensyra C18:3,Grönsaker,0.1,g
402,Oliver svarta m. olja avrunna,Linolsyra C18:2,Grönsaker,0.9,g
402,Oliver svarta m. olja avrunna,Oljesyra C18:1,Grönsaker,8.4,g
402,Oliver svarta m. olja avrunna,Stearinsyra C18:0,Grönsaker,0.3,g
402,Oliver svarta m. olja avrunna,Palmitoljesyra C16:1,Grönsaker,0.1,g
402,Oliver svarta m. olja avrunna,Palmitinsyra C16:0,Grönsaker,1.3,g
402,Oliver svarta m. olja avrunna,Myristinsyra C14:0,Grönsaker,0.0,g
402,Oliver svarta m. olja avrunna,Laurinsyra C12:0,Grönsaker,0.0,g
402,Oliver svarta m. olja avrunna,Betakaroten/β-Karoten,Grönsaker,214.0,µg
402,Oliver svarta m. olja avrunna,Avfall (skal etc.),Grönsaker,0.0,%
402,Oliver svarta m. olja avrunna,Aska,Grönsaker,2.4,g
402,Oliver svarta m. olja avrunna,Alkohol,Grönsaker,0.0,g
403,Grönsaksblandning el. pickels sockrad inlagd u. lag,"Zink, Zn",Grönsaks- rotfrukts- baljväxträtter o produkter,0.1,mg
403,Grönsaksblandning el. pickels sockrad inlagd u. lag,Vitamin E,Grönsaks- rotfrukts- baljväxträtter o produkter,0.2,mg
403,Grönsaksblandning el. pickels sockrad inlagd u. lag,Vitamin D inkl 25-OH-D3,Grönsaks- rotfrukts- baljväxträtter o produkter,0.0,µg
403,Grönsaksblandning el. pickels sockrad inlagd u. lag,Vitamin D,Grönsaks- rotfrukts- baljväxträtter o produkter,0.0,µg
403,Grönsaksblandning el. pickels sockrad inlagd u. lag,Vitamin C,Grönsaks- rotfrukts- baljväxträtter o produkter,10.0,mg
403,Grönsaksblandning el. pickels sockrad inlagd u. lag,Vitamin B6,Grönsaks- rotfrukts- baljväxträtter o produkter,0.01,mg
403,Grönsaksblandning el. pickels sockrad inlagd u. lag,Vitamin B12,Grönsaks- rotfrukts- baljväxträtter o produkter,0.0,µg
403,Grönsaksblandning el. pickels sockrad inlagd u. lag,Vitamin A,Grönsaks- rotfrukts- baljväxträtter o produkter,175.0,RE/µg
403,Grönsaksblandning el. pickels sockrad inlagd u. lag,Vatten,Grönsaks- rotfrukts- baljväxträtter o produkter,68.9,g
403,Grönsaksblandning el. pickels sockrad inlagd u. lag,Tiamin,Grönsaks- rotfrukts- baljväxträtter o produkter,0.02,mg
403,Grönsaksblandning el. pickels sockrad inlagd u. lag,Tillsatt socker,Grönsaks- rotfrukts- baljväxträtter o produkter,26.0,g
403,Grönsaksblandning el. pickels sockrad inlagd u. lag,Fritt socker,Grönsaks- rotfrukts- baljväxträtter o produkter,26.0,g
403,Grönsaksblandning el. pickels sockrad inlagd u. lag,"Selen, Se",Grönsaks- rotfrukts- baljväxträtter o produkter,0.5,µg
403,Grönsaksblandning el. pickels sockrad inlagd u. lag,Sackaros,Grönsaks- rotfrukts- baljväxträtter o produkter,3.4,g
403,Grönsaksblandning el. pickels sockrad inlagd u. lag,Riboflavin,Grönsaks- rotfrukts- baljväxträtter o produkter,0.03,mg
403,Grönsaksblandning el. pickels sockrad inlagd u. lag,Retinol,Grönsaks- rotfrukts- baljväxträtter o produkter,0.0,µg
403,Grönsaksblandning el. pickels sockrad inlagd u. lag,Protein,Grönsaks- rotfrukts- baljväxträtter o produkter,1.5,g
403,Grönsaksblandning el. pickels sockrad inlagd u. lag,Summa fleromättade fettsyror,Grönsaks- rotfrukts- baljväxträtter o produkter,0.0,g
403,Grönsaksblandning el. pickels sockrad inlagd u. lag,"Fosfor, P",Grönsaks- rotfrukts- baljväxträtter o produkter,21.0,mg
403,Grönsaksblandning el. pickels sockrad inlagd u. lag,Niacinekvivalenter,Grönsaks- rotfrukts- baljväxträtter o produkter,0.45,NE/mg
403,Grönsaksblandning el. pickels sockrad inlagd u. lag,Niacin,Grönsaks- rotfrukts- baljväxträtter o produkter,0.2,mg
403,Grönsaksblandning el. pickels sockrad inlagd u. lag,"Salt, NaCl",Grönsaks- rotfrukts- baljväxträtter o produkter,0.0,g
403,Grönsaksblandning el. pickels sockrad inlagd u. lag,"Natrium, Na",Grönsaks- rotfrukts- baljväxträtter o produkter,20.0,mg
403,Grönsaksblandning el. pickels sockrad inlagd u. lag,Monosackarider,Grönsaks- rotfrukts- baljväxträtter o produkter,23.1,g
403,Grönsaksblandning el. pickels sockrad inlagd u. lag,"Sockerarter, totalt",Grönsaks- rotfrukts- baljväxträtter o produkter,26.5,g
403,Grönsaksblandning el. pickels sockrad inlagd u. lag,Summa enkelomättade fettsyror,Grönsaks- rotfrukts- baljväxträtter o produkter,0.0,g
403,Grönsaksblandning el. pickels sockrad inlagd u. lag,"Magnesium, Mg",Grönsaks- rotfrukts- baljväxträtter o produkter,6.0,mg
403,Grönsaksblandning el. pickels sockrad inlagd u. lag,Summa mättade fettsyror,Grönsaks- rotfrukts- baljväxträtter o produkter,0.0,g
403,Grönsaksblandning el. pickels sockrad inlagd u. lag,"Kolhydrater, tillgängliga",Grönsaks- rotfrukts- baljväxträtter o produkter,26.1,g
403,Grönsaksblandning el. pickels sockrad inlagd u. lag,Kolesterol,Grönsaks- rotfrukts- baljväxträtter o produkter,0.0,mg
403,Grönsaksblandning el. pickels sockrad inlagd u. lag,"Kalium, K",Grönsaks- rotfrukts- baljväxträtter o produkter,156.0,mg
403,Grönsaksblandning el. pickels sockrad inlagd u. lag,"Jod, I",Grönsaks- rotfrukts- baljväxträtter o produkter,0.0,µg
403,Grönsaksblandning el. pickels sockrad inlagd u. lag,Fullkorn totalt,Grönsaks- rotfrukts- baljväxträtter o produkter,0.0,g
403,Grönsaksblandning el. pickels sockrad inlagd u. lag,"Folat, totalt",Grönsaks- rotfrukts- baljväxträtter o produkter,55.0,µg
403,Grönsaksblandning el. pickels sockrad inlagd u. lag,Fibrer,Grönsaks- rotfrukts- baljväxträtter o produkter,1.7,g
403,Grönsaksblandning el. pickels sockrad inlagd u. lag,"Fett, totalt",Grönsaks- rotfrukts- baljväxträtter o produkter,0.1,g
403,Grönsaksblandning el. pickels sockrad inlagd u. lag,"Järn, Fe",Grönsaks- rotfrukts- baljväxträtter o produkter,0.5,mg
403,Grönsaksblandning el. pickels sockrad inlagd u. lag,Energi (kJ),Grönsaks- rotfrukts- baljväxträtter o produkter,486.0,kJ
403,Grönsaksblandning el. pickels sockrad inlagd u. lag,Energi (kcal),Grönsaks- rotfrukts- baljväxträtter o produkter,116.0,kcal
403,Grönsaksblandning el. pickels sockrad inlagd u. lag,Disackarider,Grönsaks- rotfrukts- baljväxträtter o produkter,3.4,g
403,Grönsaksblandning el. pickels sockrad inlagd u. lag,"Kalcium, Ca",Grönsaks- rotfrukts- baljväxträtter o produkter,17.0,mg
403,Grönsaksblandning el. pickels sockrad inlagd u. lag,Fettsyra 4:0-10:0,Grönsaks- rotfrukts- baljväxträtter o produkter,0.0,g
403,Grönsaksblandning el. pickels sockrad inlagd u. lag,DHA (C22:6),Grönsaks- rotfrukts- baljväxträtter o produkter,0.0,g
403,Grönsaksblandning el. pickels sockrad inlagd u. lag,DPA (C22:5),Grönsaks- rotfrukts- baljväxträtter o produkter,0.0,g
403,Grönsaksblandning el. pickels sockrad inlagd u. lag,EPA (C20:5),Grönsaks- rotfrukts- baljväxträtter o produkter,0.0,g
403,Grönsaksblandning el. pickels sockrad inlagd u. lag,Arakidonsyra C20:4,Grönsaks- rotfrukts- baljväxträtter o produkter,0.0,g
403,Grönsaksblandning el. pickels sockrad inlagd u. lag,Arakidinsyra C20:0,Grönsaks- rotfrukts- baljväxträtter o produkter,0.0,g
403,Grönsaksblandning el. pickels sockrad inlagd u. lag,Linolensyra C18:3,Grönsaks- rotfrukts- baljväxträtter o produkter,0.0,g
403,Grönsaksblandning el. pickels sockrad inlagd u. lag,Linolsyra C18:2,Grönsaks- rotfrukts- baljväxträtter o produkter,0.0,g
403,Grönsaksblandning el. pickels sockrad inlagd u. lag,Oljesyra C18:1,Grönsaks- rotfrukts- baljväxträtter o produkter,0.0,g
403,Grönsaksblandning el. pickels sockrad inlagd u. lag,Stearinsyra C18:0,Grönsaks- rotfrukts- baljväxträtter o produkter,0.0,g
403,Grönsaksblandning el. pickels sockrad inlagd u. lag,Palmitoljesyra C16:1,Grönsaks- rotfrukts- baljväxträtter o produkter,0.0,g
403,Grönsaksblandning el. pickels sockrad inlagd u. lag,Palmitinsyra C16:0,Grönsaks- rotfrukts- baljväxträtter o produkter,0.0,g
403,Grönsaksblandning el. pickels sockrad inlagd u. lag,Myristinsyra C14:0,Grönsaks- rotfrukts- baljväxträtter o produkter,0.0,g
403,Grönsaksblandning el. pickels sockrad inlagd u. lag,Laurinsyra C12:0,Grönsaks- rotfrukts- baljväxträtter o produkter,0.0,g
403,Grönsaksblandning el. pickels sockrad inlagd u. lag,Betakaroten/β-Karoten,Grönsaks- rotfrukts- baljväxträtter o produkter,2100.0,µg
403,Grönsaksblandning el. pickels sockrad inlagd u. lag,Avfall (skal etc.),Grönsaks- rotfrukts- baljväxträtter o produkter,0.0,%
403,Grönsaksblandning el. pickels sockrad inlagd u. lag,Aska,Grönsaks- rotfrukts- baljväxträtter o produkter,1.7,g
403,Grönsaksblandning el. pickels sockrad inlagd u. lag,Alkohol,Grönsaks- rotfrukts- baljväxträtter o produkter,0.0,g
404,Sparris vit konserv. u. lag,"Zink, Zn",Grönsaker,0.2,mg
404,Sparris vit konserv. u. lag,Vitamin E,Grönsaker,0.2,mg
404,Sparris vit konserv. u. lag,Vitamin D inkl 25-OH-D3,Grönsaker,0.0,µg
404,Sparris vit konserv. u. lag,Vitamin D,Grönsaker,0.0,µg
404,Sparris vit konserv. u. lag,Vitamin C,Grönsaker,8.0,mg
404,Sparris vit konserv. u. lag,Vitamin B6,Grönsaker,0.03,mg
404,Sparris vit konserv. u. lag,Vitamin B12,Grönsaker,0.0,µg
404,Sparris vit konserv. u. lag,Vitamin A,Grönsaker,0.6,RE/µg
404,Sparris vit konserv. u. lag,Vatten,Grönsaker,95.0,g
404,Sparris vit konserv. u. lag,Tiamin,Grönsaker,0.03,mg
404,Sparris vit konserv. u. lag,Tillsatt socker,Grönsaker,0.0,g
404,Sparris vit konserv. u. lag,Fritt socker,Grönsaker,0.0,g
404,Sparris vit konserv. u. lag,"Selen, Se",Grönsaker,0.0,µg
404,Sparris vit konserv. u. lag,Sackaros,Grönsaker,0.0,g
404,Sparris vit konserv. u. lag,Riboflavin,Grönsaker,0.03,mg
404,Sparris vit konserv. u. lag,Retinol,Grönsaker,0.0,µg
404,Sparris vit konserv. u. lag,Protein,Grönsaker,0.9,g
404,Sparris vit konserv. u. lag,Summa fleromättade fettsyror,Grönsaker,0.0,g
404,Sparris vit konserv. u. lag,"Fosfor, P",Grönsaker,19.0,mg
404,Sparris vit konserv. u. lag,Niacinekvivalenter,Grönsaker,0.6,NE/mg
404,Sparris vit konserv. u. lag,Niacin,Grönsaker,0.41,mg
404,Sparris vit konserv. u. lag,"Salt, NaCl",Grönsaker,0.7,g
404,Sparris vit konserv. u. lag,"Natrium, Na",Grönsaker,262.0,mg
404,Sparris vit konserv. u. lag,Monosackarider,Grönsaker,1.1,g
404,Sparris vit konserv. u. lag,"Sockerarter, totalt",Grönsaker,1.1,g
404,Sparris vit konserv. u. lag,Summa enkelomättade fettsyror,Grönsaker,0.0,g
404,Sparris vit konserv. u. lag,"Magnesium, Mg",Grönsaker,5.0,mg
404,Sparris vit konserv. u. lag,Summa mättade fettsyror,Grönsaker,0.0,g
404,Sparris vit konserv. u. lag,"Kolhydrater, tillgängliga",Grönsaker,0.5,g
404,Sparris vit konserv. u. lag,Kolesterol,Grönsaker,0.0,mg
404,Sparris vit konserv. u. lag,"Kalium, K",Grönsaker,86.0,mg
404,Sparris vit konserv. u. lag,"Jod, I",Grönsaker,30.6,µg
404,Sparris vit konserv. u. lag,Fullkorn totalt,Grönsaker,0.0,g
404,Sparris vit konserv. u. lag,"Folat, totalt",Grönsaker,59.1,µg
404,Sparris vit konserv. u. lag,Fibrer,Grönsaker,1.9,g
404,Sparris vit konserv. u. lag,"Fett, totalt",Grönsaker,0.7,g
404,Sparris vit konserv. u. lag,"Järn, Fe",Grönsaker,1.3,mg
404,Sparris vit konserv. u. lag,Energi (kJ),Grönsaker,65.0,kJ
404,Sparris vit konserv. u. lag,Energi (kcal),Grönsaker,15.0,kcal
404,Sparris vit konserv. u. lag,Disackarider,Grönsaker,0.0,g
404,Sparris vit konserv. u. lag,"Kalcium, Ca",Grönsaker,8.0,mg
404,Sparris vit konserv. u. lag,Fettsyra 4:0-10:0,Grönsaker,0.0,g
404,Sparris vit konserv. u. lag,DHA (C22:6),Grönsaker,0.0,g
404,Sparris vit konserv. u. lag,DPA (C22:5),Grönsaker,0.0,g
404,Sparris vit konserv. u. lag,EPA (C20:5),Grönsaker,0.0,g
404,Sparris vit konserv. u. lag,Arakidonsyra C20:4,Grönsaker,0.0,g
404,Sparris vit konserv. u. lag,Arakidinsyra C20:0,Grönsaker,0.0,g
404,Sparris vit konserv. u. lag,Linolensyra C18:3,Grönsaker,0.0,g
404,Sparris vit konserv. u. lag,Linolsyra C18:2,Grönsaker,0.0,g
404,Sparris vit konserv. u. lag,Oljesyra C18:1,Grönsaker,0.0,g
404,Sparris vit konserv. u. lag,Stearinsyra C18:0,Grönsaker,0.0,g
404,Sparris vit konserv. u. lag,Palmitoljesyra C16:1,Grönsaker,0.0,g
404,Sparris vit konserv. u. lag,Palmitinsyra C16:0,Grönsaker,0.0,g
404,Sparris vit konserv. u. lag,Myristinsyra C14:0,Grönsaker,0.0,g
404,Sparris vit konserv. u. lag,Laurinsyra C12:0,Grönsaker,0.0,g
404,Sparris vit konserv. u. lag,Betakaroten/β-Karoten,Grönsaker,7.0,µg
404,Sparris vit konserv. u. lag,Avfall (skal etc.),Grönsaker,0.0,%
404,Sparris vit konserv. u. lag,Aska,Grönsaker,1.1,g
404,Sparris vit konserv. u. lag,Alkohol,Grönsaker,0.0,g
405,Sparrissoppa tillagad redd konserv. veg.,"Zink, Zn",Soppa mat,0.4,mg
405,Sparrissoppa tillagad redd konserv. veg.,Vitamin E,Soppa mat,0.0,mg
405,Sparrissoppa tillagad redd konserv. veg.,Vitamin D inkl 25-OH-D3,Soppa mat,0.0,µg
405,Sparrissoppa tillagad redd konserv. veg.,Vitamin D,Soppa mat,0.0,µg
405,Sparrissoppa tillagad redd konserv. veg.,Vitamin C,Soppa mat,1.0,mg
405,Sparrissoppa tillagad redd konserv. veg.,Vitamin B6,Soppa mat,0.0,mg
405,Sparrissoppa tillagad redd konserv. veg.,Vitamin B12,Soppa mat,0.0,µg
405,Sparrissoppa tillagad redd konserv. veg.,Vitamin A,Soppa mat,9.0,RE/µg
405,Sparrissoppa tillagad redd konserv. veg.,Vatten,Soppa mat,92.0,g
405,Sparrissoppa tillagad redd konserv. veg.,Tiamin,Soppa mat,0.02,mg
405,Sparrissoppa tillagad redd konserv. veg.,Tillsatt socker,Soppa mat,1.0,g
405,Sparrissoppa tillagad redd konserv. veg.,Fritt socker,Soppa mat,1.0,g
405,Sparrissoppa tillagad redd konserv. veg.,"Selen, Se",Soppa mat,0.2,µg
405,Sparrissoppa tillagad redd konserv. veg.,Sackaros,Soppa mat,0.1,g
405,Sparrissoppa tillagad redd konserv. veg.,Riboflavin,Soppa mat,0.03,mg
405,Sparrissoppa tillagad redd konserv. veg.,Retinol,Soppa mat,0.0,µg
405,Sparrissoppa tillagad redd konserv. veg.,Protein,Soppa mat,0.9,g
405,Sparrissoppa tillagad redd konserv. veg.,Summa fleromättade fettsyror,Soppa mat,0.8,g
405,Sparrissoppa tillagad redd konserv. veg.,"Fosfor, P",Soppa mat,16.0,mg
405,Sparrissoppa tillagad redd konserv. veg.,Niacinekvivalenter,Soppa mat,0.45,NE/mg
405,Sparrissoppa tillagad redd konserv. veg.,Niacin,Soppa mat,0.3,mg
405,Sparrissoppa tillagad redd konserv. veg.,"Salt, NaCl",Soppa mat,1.0,g
405,Sparrissoppa tillagad redd konserv. veg.,"Natrium, Na",Soppa mat,402.0,mg
405,Sparrissoppa tillagad redd konserv. veg.,Monosackarider,Soppa mat,0.5,g
405,Sparrissoppa tillagad redd konserv. veg.,"Sockerarter, totalt",Soppa mat,1.4,g
405,Sparrissoppa tillagad redd konserv. veg.,Summa enkelomättade fettsyror,Soppa mat,0.4,g
405,Sparrissoppa tillagad redd konserv. veg.,"Magnesium, Mg",Soppa mat,2.0,mg
405,Sparrissoppa tillagad redd konserv. veg.,Summa mättade fettsyror,Soppa mat,0.4,g
405,Sparrissoppa tillagad redd konserv. veg.,"Kolhydrater, tillgängliga",Soppa mat,3.7,g
405,Sparrissoppa tillagad redd konserv. veg.,Kolesterol,Soppa mat,0.0,mg
405,Sparrissoppa tillagad redd konserv. veg.,"Kalium, K",Soppa mat,71.0,mg
405,Sparrissoppa tillagad redd konserv. veg.,Fullkorn totalt,Soppa mat,0.0,g
405,Sparrissoppa tillagad redd konserv. veg.,"Folat, totalt",Soppa mat,19.0,µg
405,Sparrissoppa tillagad redd konserv. veg.,Fibrer,Soppa mat,0.5,g
405,Sparrissoppa tillagad redd konserv. veg.,"Fett, totalt",Soppa mat,1.7,g
405,Sparrissoppa tillagad redd konserv. veg.,"Järn, Fe",Soppa mat,0.3,mg
405,Sparrissoppa tillagad redd konserv. veg.,Energi (kJ),Soppa mat,145.0,kJ
405,Sparrissoppa tillagad redd konserv. veg.,Energi (kcal),Soppa mat,35.0,kcal
405,Sparrissoppa tillagad redd konserv. veg.,Disackarider,Soppa mat,0.9,g
405,Sparrissoppa tillagad redd konserv. veg.,"Kalcium, Ca",Soppa mat,12.0,mg
405,Sparrissoppa tillagad redd konserv. veg.,Fettsyra 4:0-10:0,Soppa mat,0.1,g
405,Sparrissoppa tillagad redd konserv. veg.,DHA (C22:6),Soppa mat,0.0,g
405,Sparrissoppa tillagad redd konserv. veg.,DPA (C22:5),Soppa mat,0.0,g
405,Sparrissoppa tillagad redd konserv. veg.,EPA (C20:5),Soppa mat,0.0,g
405,Sparrissoppa tillagad redd konserv. veg.,Arakidonsyra C20:4,Soppa mat,0.0,g
405,Sparrissoppa tillagad redd konserv. veg.,Arakidinsyra C20:0,Soppa mat,0.0,g
405,Sparrissoppa tillagad redd konserv. veg.,Linolensyra C18:3,Soppa mat,0.0,g
405,Sparrissoppa tillagad redd konserv. veg.,Linolsyra C18:2,Soppa mat,0.8,g
405,Sparrissoppa tillagad redd konserv. veg.,Oljesyra C18:1,Soppa mat,0.4,g
405,Sparrissoppa tillagad redd konserv. veg.,Stearinsyra C18:0,Soppa mat,0.1,g
405,Sparrissoppa tillagad redd konserv. veg.,Palmitoljesyra C16:1,Soppa mat,0.0,g
405,Sparrissoppa tillagad redd konserv. veg.,Palmitinsyra C16:0,Soppa mat,0.2,g
405,Sparrissoppa tillagad redd konserv. veg.,Myristinsyra C14:0,Soppa mat,0.1,g
405,Sparrissoppa tillagad redd konserv. veg.,Laurinsyra C12:0,Soppa mat,0.0,g
405,Sparrissoppa tillagad redd konserv. veg.,Betakaroten/β-Karoten,Soppa mat,108.0,µg
405,Sparrissoppa tillagad redd konserv. veg.,Avfall (skal etc.),Soppa mat,0.0,%
405,Sparrissoppa tillagad redd konserv. veg.,Aska,Soppa mat,1.2,g
405,Sparrissoppa tillagad redd konserv. veg.,Alkohol,Soppa mat,0.0,g
406,Surkål konserv. m. lag,"Zink, Zn",Grönsaker,0.3,mg
406,Surkål konserv. m. lag,Vitamin E,Grönsaker,0.0,mg
406,Surkål konserv. m. lag,Vitamin D inkl 25-OH-D3,Grönsaker,0.0,µg
406,Surkål konserv. m. lag,Vitamin D,Grönsaker,0.0,µg
406,Surkål konserv. m. lag,Vitamin C,Grönsaker,15.0,mg
406,Surkål konserv. m. lag,Vitamin B6,Grönsaker,0.1,mg
406,Surkål konserv. m. lag,Vitamin B12,Grönsaker,0.0,µg
406,Surkål konserv. m. lag,Vitamin A,Grönsaker,1.0,RE/µg
406,Surkål konserv. m. lag,Vatten,Grönsaker,93.0,g
406,Surkål konserv. m. lag,Tiamin,Grönsaker,0.02,mg
406,Surkål konserv. m. lag,Tillsatt socker,Grönsaker,0.0,g
406,Surkål konserv. m. lag,Fritt socker,Grönsaker,0.0,g
406,Surkål konserv. m. lag,"Selen, Se",Grönsaker,0.0,µg
406,Surkål konserv. m. lag,Sackaros,Grönsaker,0.1,g
406,Surkål konserv. m. lag,Riboflavin,Grönsaker,0.02,mg
406,Surkål konserv. m. lag,Retinol,Grönsaker,0.0,µg
406,Surkål konserv. m. lag,Protein,Grönsaker,0.9,g
406,Surkål konserv. m. lag,Summa fleromättade fettsyror,Grönsaker,0.1,g
406,Surkål konserv. m. lag,"Fosfor, P",Grönsaker,28.0,mg
406,Surkål konserv. m. lag,Niacinekvivalenter,Grönsaker,0.25,NE/mg
406,Surkål konserv. m. lag,Niacin,Grönsaker,0.1,mg
406,Surkål konserv. m. lag,"Salt, NaCl",Grönsaker,0.8,g
406,Surkål konserv. m. lag,"Natrium, Na",Grönsaker,320.0,mg
406,Surkål konserv. m. lag,Monosackarider,Grönsaker,0.0,g
406,Surkål konserv. m. lag,"Sockerarter, totalt",Grönsaker,0.1,g
406,Surkål konserv. m. lag,Summa enkelomättade fettsyror,Grönsaker,0.0,g
406,Surkål konserv. m. lag,"Magnesium, Mg",Grönsaker,13.0,mg
406,Surkål konserv. m. lag,Summa mättade fettsyror,Grönsaker,0.0,g
406,Surkål konserv. m. lag,"Kolhydrater, tillgängliga",Grönsaker,2.0,g
406,Surkål konserv. m. lag,Kolesterol,Grönsaker,0.0,mg
406,Surkål konserv. m. lag,"Kalium, K",Grönsaker,260.0,mg
406,Surkål konserv. m. lag,"Jod, I",Grönsaker,0.7,µg
406,Surkål konserv. m. lag,Fullkorn totalt,Grönsaker,0.0,g
406,Surkål konserv. m. lag,"Folat, totalt",Grönsaker,40.0,µg
406,Surkål konserv. m. lag,Fibrer,Grönsaker,1.7,g
406,Surkål konserv. m. lag,"Fett, totalt",Grönsaker,0.2,g
406,Surkål konserv. m. lag,"Järn, Fe",Grönsaker,1.1,mg
406,Surkål konserv. m. lag,Energi (kJ),Grönsaker,70.0,kJ
406,Surkål konserv. m. lag,Energi (kcal),Grönsaker,17.0,kcal
406,Surkål konserv. m. lag,Disackarider,Grönsaker,0.1,g
406,Surkål konserv. m. lag,"Kalcium, Ca",Grönsaker,42.0,mg
406,Surkål konserv. m. lag,Fettsyra 4:0-10:0,Grönsaker,0.0,g
406,Surkål konserv. m. lag,DHA (C22:6),Grönsaker,0.0,g
406,Surkål konserv. m. lag,DPA (C22:5),Grönsaker,0.0,g
406,Surkål konserv. m. lag,EPA (C20:5),Grönsaker,0.0,g
406,Surkål konserv. m. lag,Arakidonsyra C20:4,Grönsaker,0.0,g
406,Surkål konserv. m. lag,Arakidinsyra C20:0,Grönsaker,0.0,g
406,Surkål konserv. m. lag,Linolensyra C18:3,Grönsaker,0.1,g
406,Surkål konserv. m. lag,Linolsyra C18:2,Grönsaker,0.0,g
406,Surkål konserv. m. lag,Oljesyra C18:1,Grönsaker,0.0,g
406,Surkål konserv. m. lag,Stearinsyra C18:0,Grönsaker,0.0,g
406,Surkål konserv. m. lag,Palmitoljesyra C16:1,Grönsaker,0.0,g
406,Surkål konserv. m. lag,Palmitinsyra C16:0,Grönsaker,0.0,g
406,Surkål konserv. m. lag,Myristinsyra C14:0,Grönsaker,0.0,g
406,Surkål konserv. m. lag,Laurinsyra C12:0,Grönsaker,0.0,g
406,Surkål konserv. m. lag,Betakaroten/β-Karoten,Grönsaker,12.0,µg
406,Surkål konserv. m. lag,Avfall (skal etc.),Grönsaker,0.0,%
406,Surkål konserv. m. lag,Aska,Grönsaker,2.2,g
406,Surkål konserv. m. lag,Alkohol,Grönsaker,0.0,g
407,Tomat hel konserv. m. lag,"Zink, Zn",Grönsaker,0.1,mg
407,Tomat hel konserv. m. lag,Vitamin E,Grönsaker,1.3,mg
407,Tomat hel konserv. m. lag,Vitamin D inkl 25-OH-D3,Grönsaker,0.0,µg
407,Tomat hel konserv. m. lag,Vitamin D,Grönsaker,0.0,µg
407,Tomat hel konserv. m. lag,Vitamin C,Grönsaker,11.0,mg
407,Tomat hel konserv. m. lag,Vitamin B6,Grönsaker,0.12,mg
407,Tomat hel konserv. m. lag,Vitamin B12,Grönsaker,0.0,µg
407,Tomat hel konserv. m. lag,Vitamin A,Grönsaker,27.3,RE/µg
407,Tomat hel konserv. m. lag,Vatten,Grönsaker,92.9,g
407,Tomat hel konserv. m. lag,Tiamin,Grönsaker,0.13,mg
407,Tomat hel konserv. m. lag,Tillsatt socker,Grönsaker,0.0,g
407,Tomat hel konserv. m. lag,Fritt socker,Grönsaker,1.0,g
407,Tomat hel konserv. m. lag,"Selen, Se",Grönsaker,0.0,µg
407,Tomat hel konserv. m. lag,Sackaros,Grönsaker,0.0,g
407,Tomat hel konserv. m. lag,Riboflavin,Grönsaker,0.04,mg
407,Tomat hel konserv. m. lag,Retinol,Grönsaker,0.0,µg
407,Tomat hel konserv. m. lag,Protein,Grönsaker,1.1,g
407,Tomat hel konserv. m. lag,Summa fleromättade fettsyror,Grönsaker,0.0,g
407,Tomat hel konserv. m. lag,"Fosfor, P",Grönsaker,17.0,mg
407,Tomat hel konserv. m. lag,Niacinekvivalenter,Grönsaker,1.2,NE/mg
407,Tomat hel konserv. m. lag,Niacin,Grönsaker,1.0,mg
407,Tomat hel konserv. m. lag,"Salt, NaCl",Grönsaker,0.0,g
407,Tomat hel konserv. m. lag,"Natrium, Na",Grönsaker,5.0,mg
407,Tomat hel konserv. m. lag,Monosackarider,Grönsaker,3.8,g
407,Tomat hel konserv. m. lag,"Sockerarter, totalt",Grönsaker,3.8,g
407,Tomat hel konserv. m. lag,Summa enkelomättade fettsyror,Grönsaker,0.0,g
407,Tomat hel konserv. m. lag,"Magnesium, Mg",Grönsaker,10.0,mg
407,Tomat hel konserv. m. lag,Summa mättade fettsyror,Grönsaker,0.0,g
407,Tomat hel konserv. m. lag,"Kolhydrater, tillgängliga",Grönsaker,4.4,g
407,Tomat hel konserv. m. lag,Kolesterol,Grönsaker,0.0,mg
407,Tomat hel konserv. m. lag,"Kalium, K",Grönsaker,212.0,mg
407,Tomat hel konserv. m. lag,"Jod, I",Grönsaker,3.0,µg
407,Tomat hel konserv. m. lag,Fullkorn totalt,Grönsaker,0.0,g
407,Tomat hel konserv. m. lag,"Folat, totalt",Grönsaker,11.0,µg
407,Tomat hel konserv. m. lag,Fibrer,Grönsaker,0.8,g
407,Tomat hel konserv. m. lag,"Fett, totalt",Grönsaker,0.1,g
407,Tomat hel konserv. m. lag,"Järn, Fe",Grönsaker,0.6,mg
407,Tomat hel konserv. m. lag,Energi (kJ),Grönsaker,104.0,kJ
407,Tomat hel konserv. m. lag,Energi (kcal),Grönsaker,25.0,kcal
407,Tomat hel konserv. m. lag,Disackarider,Grönsaker,0.0,g
407,Tomat hel konserv. m. lag,"Kalcium, Ca",Grönsaker,11.0,mg
407,Tomat hel konserv. m. lag,Fettsyra 4:0-10:0,Grönsaker,0.0,g
407,Tomat hel konserv. m. lag,DHA (C22:6),Grönsaker,0.0,g
407,Tomat hel konserv. m. lag,DPA (C22:5),Grönsaker,0.0,g
407,Tomat hel konserv. m. lag,EPA (C20:5),Grönsaker,0.0,g
407,Tomat hel konserv. m. lag,Arakidonsyra C20:4,Grönsaker,0.0,g
407,Tomat hel konserv. m. lag,Arakidinsyra C20:0,Grönsaker,0.0,g
407,Tomat hel konserv. m. lag,Linolensyra C18:3,Grönsaker,0.0,g
407,Tomat hel konserv. m. lag,Linolsyra C18:2,Grönsaker,0.0,g
407,Tomat hel konserv. m. lag,Oljesyra C18:1,Grönsaker,0.0,g
407,Tomat hel konserv. m. lag,Stearinsyra C18:0,Grönsaker,0.0,g
407,Tomat hel konserv. m. lag,Palmitoljesyra C16:1,Grönsaker,0.0,g
407,Tomat hel konserv. m. lag,Palmitinsyra C16:0,Grönsaker,0.0,g
407,Tomat hel konserv. m. lag,Myristinsyra C14:0,Grönsaker,0.0,g
407,Tomat hel konserv. m. lag,Laurinsyra C12:0,Grönsaker,0.0,g
407,Tomat hel konserv. m. lag,Betakaroten/β-Karoten,Grönsaker,300.0,µg
407,Tomat hel konserv. m. lag,Avfall (skal etc.),Grönsaker,0.0,%
407,Tomat hel konserv. m. lag,Aska,Grönsaker,0.7,g
407,Tomat hel konserv. m. lag,Alkohol,Grönsaker,0.0,g
408,Tomatjuice konserv. drickf.,"Zink, Zn",Grönsaksjuice rotfruktsjuice,0.1,mg
408,Tomatjuice konserv. drickf.,Vitamin E,Grönsaksjuice rotfruktsjuice,0.2,mg
408,Tomatjuice konserv. drickf.,Vitamin D inkl 25-OH-D3,Grönsaksjuice rotfruktsjuice,0.0,µg
408,Tomatjuice konserv. drickf.,Vitamin D,Grönsaksjuice rotfruktsjuice,0.0,µg
408,Tomatjuice konserv. drickf.,Vitamin C,Grönsaksjuice rotfruktsjuice,8.0,mg
408,Tomatjuice konserv. drickf.,Vitamin B6,Grönsaksjuice rotfruktsjuice,0.11,mg
408,Tomatjuice konserv. drickf.,Vitamin B12,Grönsaksjuice rotfruktsjuice,0.0,µg
408,Tomatjuice konserv. drickf.,Vitamin A,Grönsaksjuice rotfruktsjuice,49.2,RE/µg
408,Tomatjuice konserv. drickf.,Vatten,Grönsaksjuice rotfruktsjuice,94.0,g
408,Tomatjuice konserv. drickf.,Tiamin,Grönsaksjuice rotfruktsjuice,0.05,mg
408,Tomatjuice konserv. drickf.,Tillsatt socker,Grönsaksjuice rotfruktsjuice,0.0,g
408,Tomatjuice konserv. drickf.,Fritt socker,Grönsaksjuice rotfruktsjuice,3.0,g
408,Tomatjuice konserv. drickf.,"Selen, Se",Grönsaksjuice rotfruktsjuice,0.5,µg
408,Tomatjuice konserv. drickf.,Sackaros,Grönsaksjuice rotfruktsjuice,0.1,g
408,Tomatjuice konserv. drickf.,Riboflavin,Grönsaksjuice rotfruktsjuice,0.03,mg
408,Tomatjuice konserv. drickf.,Retinol,Grönsaksjuice rotfruktsjuice,0.0,µg
408,Tomatjuice konserv. drickf.,Protein,Grönsaksjuice rotfruktsjuice,0.8,g
408,Tomatjuice konserv. drickf.,Summa fleromättade fettsyror,Grönsaksjuice rotfruktsjuice,0.0,g
408,Tomatjuice konserv. drickf.,"Fosfor, P",Grönsaksjuice rotfruktsjuice,19.0,mg
408,Tomatjuice konserv. drickf.,Niacinekvivalenter,Grönsaksjuice rotfruktsjuice,0.83,NE/mg
408,Tomatjuice konserv. drickf.,Niacin,Grönsaksjuice rotfruktsjuice,0.7,mg
408,Tomatjuice konserv. drickf.,"Salt, NaCl",Grönsaksjuice rotfruktsjuice,0.9,g
408,Tomatjuice konserv. drickf.,"Natrium, Na",Grönsaksjuice rotfruktsjuice,360.0,mg
408,Tomatjuice konserv. drickf.,Monosackarider,Grönsaksjuice rotfruktsjuice,3.1,g
408,Tomatjuice konserv. drickf.,"Sockerarter, totalt",Grönsaksjuice rotfruktsjuice,3.2,g
408,Tomatjuice konserv. drickf.,Summa enkelomättade fettsyror,Grönsaksjuice rotfruktsjuice,0.0,g
408,Tomatjuice konserv. drickf.,"Magnesium, Mg",Grönsaksjuice rotfruktsjuice,11.0,mg
408,Tomatjuice konserv. drickf.,Summa mättade fettsyror,Grönsaksjuice rotfruktsjuice,0.0,g
408,Tomatjuice konserv. drickf.,"Kolhydrater, tillgängliga",Grönsaksjuice rotfruktsjuice,2.7,g
408,Tomatjuice konserv. drickf.,Kolesterol,Grönsaksjuice rotfruktsjuice,0.0,mg
408,Tomatjuice konserv. drickf.,"Kalium, K",Grönsaksjuice rotfruktsjuice,220.0,mg
408,Tomatjuice konserv. drickf.,"Jod, I",Grönsaksjuice rotfruktsjuice,2.0,µg
408,Tomatjuice konserv. drickf.,Fullkorn totalt,Grönsaksjuice rotfruktsjuice,0.0,g
408,Tomatjuice konserv. drickf.,"Folat, totalt",Grönsaksjuice rotfruktsjuice,20.0,µg
408,Tomatjuice konserv. drickf.,Fibrer,Grönsaksjuice rotfruktsjuice,1.4,g
408,Tomatjuice konserv. drickf.,"Fett, totalt",Grönsaksjuice rotfruktsjuice,0.1,g
408,Tomatjuice konserv. drickf.,"Järn, Fe",Grönsaksjuice rotfruktsjuice,0.6,mg
408,Tomatjuice konserv. drickf.,Energi (kJ),Grönsaksjuice rotfruktsjuice,74.0,kJ
408,Tomatjuice konserv. drickf.,Energi (kcal),Grönsaksjuice rotfruktsjuice,18.0,kcal
408,Tomatjuice konserv. drickf.,Disackarider,Grönsaksjuice rotfruktsjuice,0.1,g
408,Tomatjuice konserv. drickf.,"Kalcium, Ca",Grönsaksjuice rotfruktsjuice,9.0,mg
408,Tomatjuice konserv. drickf.,Fettsyra 4:0-10:0,Grönsaksjuice rotfruktsjuice,0.0,g
408,Tomatjuice konserv. drickf.,DHA (C22:6),Grönsaksjuice rotfruktsjuice,0.0,g
408,Tomatjuice konserv. drickf.,DPA (C22:5),Grönsaksjuice rotfruktsjuice,0.0,g
408,Tomatjuice konserv. drickf.,EPA (C20:5),Grönsaksjuice rotfruktsjuice,0.0,g
408,Tomatjuice konserv. drickf.,Arakidonsyra C20:4,Grönsaksjuice rotfruktsjuice,0.0,g
408,Tomatjuice konserv. drickf.,Arakidinsyra C20:0,Grönsaksjuice rotfruktsjuice,0.0,g
408,Tomatjuice konserv. drickf.,Linolensyra C18:3,Grönsaksjuice rotfruktsjuice,0.0,g
408,Tomatjuice konserv. drickf.,Linolsyra C18:2,Grönsaksjuice rotfruktsjuice,0.0,g
408,Tomatjuice konserv. drickf.,Oljesyra C18:1,Grönsaksjuice rotfruktsjuice,0.0,g
408,Tomatjuice konserv. drickf.,Stearinsyra C18:0,Grönsaksjuice rotfruktsjuice,0.0,g
408,Tomatjuice konserv. drickf.,Palmitoljesyra C16:1,Grönsaksjuice rotfruktsjuice,0.0,g
408,Tomatjuice konserv. drickf.,Palmitinsyra C16:0,Grönsaksjuice rotfruktsjuice,0.0,g
408,Tomatjuice konserv. drickf.,Myristinsyra C14:0,Grönsaksjuice rotfruktsjuice,0.0,g
408,Tomatjuice konserv. drickf.,Laurinsyra C12:0,Grönsaksjuice rotfruktsjuice,0.0,g
408,Tomatjuice konserv. drickf.,Betakaroten/β-Karoten,Grönsaksjuice rotfruktsjuice,590.0,µg
408,Tomatjuice konserv. drickf.,Avfall (skal etc.),Grönsaksjuice rotfruktsjuice,0.0,%
408,Tomatjuice konserv. drickf.,Aska,Grönsaksjuice rotfruktsjuice,1.0,g
408,Tomatjuice konserv. drickf.,Alkohol,Grönsaksjuice rotfruktsjuice,0.0,g
410,Tomatpuré konc. konserv.,"Zink, Zn",Grönsaks- rotfrukts- baljväxträtter o produkter,0.6,mg
410,Tomatpuré konc. konserv.,Vitamin E,Grönsaks- rotfrukts- baljväxträtter o produkter,5.1,mg
410,Tomatpuré konc. konserv.,Vitamin D inkl 25-OH-D3,Grönsaks- rotfrukts- baljväxträtter o produkter,0.0,µg
410,Tomatpuré konc. konserv.,Vitamin D,Grönsaks- rotfrukts- baljväxträtter o produkter,0.0,µg
410,Tomatpuré konc. konserv.,Vitamin C,Grönsaks- rotfrukts- baljväxträtter o produkter,43.0,mg
410,Tomatpuré konc. konserv.,Vitamin B6,Grönsaks- rotfrukts- baljväxträtter o produkter,0.28,mg
410,Tomatpuré konc. konserv.,Vitamin B12,Grönsaks- rotfrukts- baljväxträtter o produkter,0.0,µg
410,Tomatpuré konc. konserv.,Vitamin A,Grönsaks- rotfrukts- baljväxträtter o produkter,146.2,RE/µg
410,Tomatpuré konc. konserv.,Vatten,Grönsaks- rotfrukts- baljväxträtter o produkter,72.5,g
410,Tomatpuré konc. konserv.,Tiamin,Grönsaks- rotfrukts- baljväxträtter o produkter,0.98,mg
410,Tomatpuré konc. konserv.,Tillsatt socker,Grönsaks- rotfrukts- baljväxträtter o produkter,0.0,g
410,Tomatpuré konc. konserv.,Fritt socker,Grönsaks- rotfrukts- baljväxträtter o produkter,0.0,g
410,Tomatpuré konc. konserv.,"Selen, Se",Grönsaks- rotfrukts- baljväxträtter o produkter,1.0,µg
410,Tomatpuré konc. konserv.,Sackaros,Grönsaks- rotfrukts- baljväxträtter o produkter,0.0,g
410,Tomatpuré konc. konserv.,Riboflavin,Grönsaks- rotfrukts- baljväxträtter o produkter,0.12,mg
410,Tomatpuré konc. konserv.,Retinol,Grönsaks- rotfrukts- baljväxträtter o produkter,0.0,µg
410,Tomatpuré konc. konserv.,Protein,Grönsaks- rotfrukts- baljväxträtter o produkter,4.4,g
410,Tomatpuré konc. konserv.,Summa fleromättade fettsyror,Grönsaks- rotfrukts- baljväxträtter o produkter,0.1,g
410,Tomatpuré konc. konserv.,"Fosfor, P",Grönsaks- rotfrukts- baljväxträtter o produkter,94.0,mg
410,Tomatpuré konc. konserv.,Niacinekvivalenter,Grönsaks- rotfrukts- baljväxträtter o produkter,4.3,NE/mg
410,Tomatpuré konc. konserv.,Niacin,Grönsaks- rotfrukts- baljväxträtter o produkter,3.6,mg
410,Tomatpuré konc. konserv.,"Salt, NaCl",Grönsaks- rotfrukts- baljväxträtter o produkter,0.1,g
410,Tomatpuré konc. konserv.,"Natrium, Na",Grönsaks- rotfrukts- baljväxträtter o produkter,49.0,mg
410,Tomatpuré konc. konserv.,Monosackarider,Grönsaks- rotfrukts- baljväxträtter o produkter,12.9,g
410,Tomatpuré konc. konserv.,"Sockerarter, totalt",Grönsaks- rotfrukts- baljväxträtter o produkter,12.9,g
410,Tomatpuré konc. konserv.,Summa enkelomättade fettsyror,Grönsaks- rotfrukts- baljväxträtter o produkter,0.0,g
410,Tomatpuré konc. konserv.,"Magnesium, Mg",Grönsaks- rotfrukts- baljväxträtter o produkter,57.0,mg
410,Tomatpuré konc. konserv.,Summa mättade fettsyror,Grönsaks- rotfrukts- baljväxträtter o produkter,0.0,g
410,Tomatpuré konc. konserv.,"Kolhydrater, tillgängliga",Grönsaks- rotfrukts- baljväxträtter o produkter,13.5,g
410,Tomatpuré konc. konserv.,Kolesterol,Grönsaks- rotfrukts- baljväxträtter o produkter,0.0,mg
410,Tomatpuré konc. konserv.,"Kalium, K",Grönsaks- rotfrukts- baljväxträtter o produkter,1257.0,mg
410,Tomatpuré konc. konserv.,"Jod, I",Grönsaks- rotfrukts- baljväxträtter o produkter,24.0,µg
410,Tomatpuré konc. konserv.,Fullkorn totalt,Grönsaks- rotfrukts- baljväxträtter o produkter,0.0,g
410,Tomatpuré konc. konserv.,"Folat, totalt",Grönsaks- rotfrukts- baljväxträtter o produkter,39.0,µg
410,Tomatpuré konc. konserv.,Fibrer,Grönsaks- rotfrukts- baljväxträtter o produkter,4.7,g
410,Tomatpuré konc. konserv.,"Fett, totalt",Grönsaks- rotfrukts- baljväxträtter o produkter,0.2,g
410,Tomatpuré konc. konserv.,"Järn, Fe",Grönsaks- rotfrukts- baljväxträtter o produkter,1.4,mg
410,Tomatpuré konc. konserv.,Energi (kJ),Grönsaks- rotfrukts- baljväxträtter o produkter,350.0,kJ
410,Tomatpuré konc. konserv.,Energi (kcal),Grönsaks- rotfrukts- baljväxträtter o produkter,84.0,kcal
410,Tomatpuré konc. konserv.,Disackarider,Grönsaks- rotfrukts- baljväxträtter o produkter,0.0,g
410,Tomatpuré konc. konserv.,"Kalcium, Ca",Grönsaks- rotfrukts- baljväxträtter o produkter,45.0,mg
410,Tomatpuré konc. konserv.,Fettsyra 4:0-10:0,Grönsaks- rotfrukts- baljväxträtter o produkter,0.0,g
410,Tomatpuré konc. konserv.,DHA (C22:6),Grönsaks- rotfrukts- baljväxträtter o produkter,0.0,g
410,Tomatpuré konc. konserv.,DPA (C22:5),Grönsaks- rotfrukts- baljväxträtter o produkter,0.0,g
410,Tomatpuré konc. konserv.,EPA (C20:5),Grönsaks- rotfrukts- baljväxträtter o produkter,0.0,g
410,Tomatpuré konc. konserv.,Arakidonsyra C20:4,Grönsaks- rotfrukts- baljväxträtter o produkter,0.0,g
410,Tomatpuré konc. konserv.,Arakidinsyra C20:0,Grönsaks- rotfrukts- baljväxträtter o produkter,0.0,g
410,Tomatpuré konc. konserv.,Linolensyra C18:3,Grönsaks- rotfrukts- baljväxträtter o produkter,0.0,g
410,Tomatpuré konc. konserv.,Linolsyra C18:2,Grönsaks- rotfrukts- baljväxträtter o produkter,0.1,g
410,Tomatpuré konc. konserv.,Oljesyra C18:1,Grönsaks- rotfrukts- baljväxträtter o produkter,0.0,g
410,Tomatpuré konc. konserv.,Stearinsyra C18:0,Grönsaks- rotfrukts- baljväxträtter o produkter,0.0,g
410,Tomatpuré konc. konserv.,Palmitoljesyra C16:1,Grönsaks- rotfrukts- baljväxträtter o produkter,0.0,g
410,Tomatpuré konc. konserv.,Palmitinsyra C16:0,Grönsaks- rotfrukts- baljväxträtter o produkter,0.0,g
410,Tomatpuré konc. konserv.,Myristinsyra C14:0,Grönsaks- rotfrukts- baljväxträtter o produkter,0.0,g
410,Tomatpuré konc. konserv.,Laurinsyra C12:0,Grönsaks- rotfrukts- baljväxträtter o produkter,0.0,g
410,Tomatpuré konc. konserv.,Betakaroten/β-Karoten,Grönsaks- rotfrukts- baljväxträtter o produkter,1633.0,µg
410,Tomatpuré konc. konserv.,Avfall (skal etc.),Grönsaks- rotfrukts- baljväxträtter o produkter,0.0,%
410,Tomatpuré konc. konserv.,Aska,Grönsaks- rotfrukts- baljväxträtter o produkter,4.7,g
410,Tomatpuré konc. konserv.,Alkohol,Grönsaks- rotfrukts- baljväxträtter o produkter,0.0,g
411,Vaxbönor konserv. u. lag,"Zink, Zn","Baljväxter (bönor, linser och ärter)",0.3,mg
411,Vaxbönor konserv. u. lag,Vitamin E,"Baljväxter (bönor, linser och ärter)",0.2,mg
411,Vaxbönor konserv. u. lag,Vitamin D inkl 25-OH-D3,"Baljväxter (bönor, linser och ärter)",0.0,µg
411,Vaxbönor konserv. u. lag,Vitamin D,"Baljväxter (bönor, linser och ärter)",0.0,µg
411,Vaxbönor konserv. u. lag,Vitamin C,"Baljväxter (bönor, linser och ärter)",5.0,mg
411,Vaxbönor konserv. u. lag,Vitamin B6,"Baljväxter (bönor, linser och ärter)",0.04,mg
411,Vaxbönor konserv. u. lag,Vitamin B12,"Baljväxter (bönor, linser och ärter)",0.0,µg
411,Vaxbönor konserv. u. lag,Vitamin A,"Baljväxter (bönor, linser och ärter)",5.0,RE/µg
411,Vaxbönor konserv. u. lag,Vatten,"Baljväxter (bönor, linser och ärter)",92.2,g
411,Vaxbönor konserv. u. lag,Tiamin,"Baljväxter (bönor, linser och ärter)",0.03,mg
411,Vaxbönor konserv. u. lag,Tillsatt socker,"Baljväxter (bönor, linser och ärter)",0.0,g
411,Vaxbönor konserv. u. lag,Fritt socker,"Baljväxter (bönor, linser och ärter)",0.0,g
411,Vaxbönor konserv. u. lag,"Selen, Se","Baljväxter (bönor, linser och ärter)",0.5,µg
411,Vaxbönor konserv. u. lag,Sackaros,"Baljväxter (bönor, linser och ärter)",0.4,g
411,Vaxbönor konserv. u. lag,Riboflavin,"Baljväxter (bönor, linser och ärter)",0.05,mg
411,Vaxbönor konserv. u. lag,Retinol,"Baljväxter (bönor, linser och ärter)",0.0,µg
411,Vaxbönor konserv. u. lag,Protein,"Baljväxter (bönor, linser och ärter)",1.4,g
411,Vaxbönor konserv. u. lag,Summa fleromättade fettsyror,"Baljväxter (bönor, linser och ärter)",0.2,g
411,Vaxbönor konserv. u. lag,"Fosfor, P","Baljväxter (bönor, linser och ärter)",25.0,mg
411,Vaxbönor konserv. u. lag,Niacinekvivalenter,"Baljväxter (bönor, linser och ärter)",0.53,NE/mg
411,Vaxbönor konserv. u. lag,Niacin,"Baljväxter (bönor, linser och ärter)",0.3,mg
411,Vaxbönor konserv. u. lag,"Salt, NaCl","Baljväxter (bönor, linser och ärter)",0.6,g
411,Vaxbönor konserv. u. lag,"Natrium, Na","Baljväxter (bönor, linser och ärter)",236.0,mg
411,Vaxbönor konserv. u. lag,Monosackarider,"Baljväxter (bönor, linser och ärter)",0.9,g
411,Vaxbönor konserv. u. lag,"Sockerarter, totalt","Baljväxter (bönor, linser och ärter)",1.3,g
411,Vaxbönor konserv. u. lag,Summa enkelomättade fettsyror,"Baljväxter (bönor, linser och ärter)",0.0,g
411,Vaxbönor konserv. u. lag,"Magnesium, Mg","Baljväxter (bönor, linser och ärter)",14.0,mg
411,Vaxbönor konserv. u. lag,Summa mättade fettsyror,"Baljväxter (bönor, linser och ärter)",0.1,g
411,Vaxbönor konserv. u. lag,"Kolhydrater, tillgängliga","Baljväxter (bönor, linser och ärter)",2.5,g
411,Vaxbönor konserv. u. lag,Kolesterol,"Baljväxter (bönor, linser och ärter)",0.0,mg
411,Vaxbönor konserv. u. lag,"Kalium, K","Baljväxter (bönor, linser och ärter)",95.0,mg
411,Vaxbönor konserv. u. lag,"Jod, I","Baljväxter (bönor, linser och ärter)",0.2,µg
411,Vaxbönor konserv. u. lag,Fullkorn totalt,"Baljväxter (bönor, linser och ärter)",0.0,g
411,Vaxbönor konserv. u. lag,"Folat, totalt","Baljväxter (bönor, linser och ärter)",14.0,µg
411,Vaxbönor konserv. u. lag,Fibrer,"Baljväxter (bönor, linser och ärter)",2.7,g
411,Vaxbönor konserv. u. lag,"Fett, totalt","Baljväxter (bönor, linser och ärter)",0.3,g
411,Vaxbönor konserv. u. lag,"Järn, Fe","Baljväxter (bönor, linser och ärter)",1.5,mg
411,Vaxbönor konserv. u. lag,Energi (kJ),"Baljväxter (bönor, linser och ärter)",99.0,kJ
411,Vaxbönor konserv. u. lag,Energi (kcal),"Baljväxter (bönor, linser och ärter)",24.0,kcal
411,Vaxbönor konserv. u. lag,Disackarider,"Baljväxter (bönor, linser och ärter)",0.4,g
411,Vaxbönor konserv. u. lag,"Kalcium, Ca","Baljväxter (bönor, linser och ärter)",45.0,mg
411,Vaxbönor konserv. u. lag,Fettsyra 4:0-10:0,"Baljväxter (bönor, linser och ärter)",0.0,g
411,Vaxbönor konserv. u. lag,DHA (C22:6),"Baljväxter (bönor, linser och ärter)",0.0,g
411,Vaxbönor konserv. u. lag,DPA (C22:5),"Baljväxter (bönor, linser och ärter)",0.0,g
411,Vaxbönor konserv. u. lag,EPA (C20:5),"Baljväxter (bönor, linser och ärter)",0.0,g
411,Vaxbönor konserv. u. lag,Arakidonsyra C20:4,"Baljväxter (bönor, linser och ärter)",0.0,g
411,Vaxbönor konserv. u. lag,Arakidinsyra C20:0,"Baljväxter (bönor, linser och ärter)",0.0,g
411,Vaxbönor konserv. u. lag,Linolensyra C18:3,"Baljväxter (bönor, linser och ärter)",0.1,g
411,Vaxbönor konserv. u. lag,Linolsyra C18:2,"Baljväxter (bönor, linser och ärter)",0.1,g
411,Vaxbönor konserv. u. lag,Oljesyra C18:1,"Baljväxter (bönor, linser och ärter)",0.0,g
411,Vaxbönor konserv. u. lag,Stearinsyra C18:0,"Baljväxter (bönor, linser och ärter)",0.0,g
411,Vaxbönor konserv. u. lag,Palmitoljesyra C16:1,"Baljväxter (bönor, linser och ärter)",0.0,g
411,Vaxbönor konserv. u. lag,Palmitinsyra C16:0,"Baljväxter (bönor, linser och ärter)",0.1,g
411,Vaxbönor konserv. u. lag,Myristinsyra C14:0,"Baljväxter (bönor, linser och ärter)",0.0,g
411,Vaxbönor konserv. u. lag,Laurinsyra C12:0,"Baljväxter (bönor, linser och ärter)",0.0,g
411,Vaxbönor konserv. u. lag,Betakaroten/β-Karoten,"Baljväxter (bönor, linser och ärter)",60.0,µg
411,Vaxbönor konserv. u. lag,Avfall (skal etc.),"Baljväxter (bönor, linser och ärter)",0.0,%
411,Vaxbönor konserv. u. lag,Aska,"Baljväxter (bönor, linser och ärter)",0.9,g
411,Vaxbönor konserv. u. lag,Alkohol,"Baljväxter (bönor, linser och ärter)",0.0,g
412,Gröna ärtor konserv. m. lag,"Zink, Zn","Baljväxter (bönor, linser och ärter)",0.7,mg
412,Gröna ärtor konserv. m. lag,Vitamin E,"Baljväxter (bönor, linser och ärter)",0.1,mg
412,Gröna ärtor konserv. m. lag,Vitamin D inkl 25-OH-D3,"Baljväxter (bönor, linser och ärter)",0.0,µg
412,Gröna ärtor konserv. m. lag,Vitamin D,"Baljväxter (bönor, linser och ärter)",0.0,µg
412,Gröna ärtor konserv. m. lag,Vitamin C,"Baljväxter (bönor, linser och ärter)",9.0,mg
412,Gröna ärtor konserv. m. lag,Vitamin B6,"Baljväxter (bönor, linser och ärter)",0.05,mg
412,Gröna ärtor konserv. m. lag,Vitamin B12,"Baljväxter (bönor, linser och ärter)",0.0,µg
412,Gröna ärtor konserv. m. lag,Vitamin A,"Baljväxter (bönor, linser och ärter)",22.5,RE/µg
412,Gröna ärtor konserv. m. lag,Vatten,"Baljväxter (bönor, linser och ärter)",82.6,g
412,Gröna ärtor konserv. m. lag,Tiamin,"Baljväxter (bönor, linser och ärter)",0.16,mg
412,Gröna ärtor konserv. m. lag,Tillsatt socker,"Baljväxter (bönor, linser och ärter)",0.0,g
412,Gröna ärtor konserv. m. lag,Fritt socker,"Baljväxter (bönor, linser och ärter)",0.0,g
412,Gröna ärtor konserv. m. lag,"Selen, Se","Baljväxter (bönor, linser och ärter)",0.3,µg
412,Gröna ärtor konserv. m. lag,Sackaros,"Baljväxter (bönor, linser och ärter)",3.7,g
412,Gröna ärtor konserv. m. lag,Riboflavin,"Baljväxter (bönor, linser och ärter)",0.05,mg
412,Gröna ärtor konserv. m. lag,Retinol,"Baljväxter (bönor, linser och ärter)",0.0,µg
412,Gröna ärtor konserv. m. lag,Protein,"Baljväxter (bönor, linser och ärter)",3.5,g
412,Gröna ärtor konserv. m. lag,Summa fleromättade fettsyror,"Baljväxter (bönor, linser och ärter)",0.2,g
412,Gröna ärtor konserv. m. lag,"Fosfor, P","Baljväxter (bönor, linser och ärter)",66.0,mg
412,Gröna ärtor konserv. m. lag,Niacinekvivalenter,"Baljväxter (bönor, linser och ärter)",1.48,NE/mg
412,Gröna ärtor konserv. m. lag,Niacin,"Baljväxter (bönor, linser och ärter)",0.9,mg
412,Gröna ärtor konserv. m. lag,"Salt, NaCl","Baljväxter (bönor, linser och ärter)",0.6,g
412,Gröna ärtor konserv. m. lag,"Natrium, Na","Baljväxter (bönor, linser och ärter)",236.0,mg
412,Gröna ärtor konserv. m. lag,Monosackarider,"Baljväxter (bönor, linser och ärter)",0.3,g
412,Gröna ärtor konserv. m. lag,"Sockerarter, totalt","Baljväxter (bönor, linser och ärter)",4.0,g
412,Gröna ärtor konserv. m. lag,Summa enkelomättade fettsyror,"Baljväxter (bönor, linser och ärter)",0.0,g
412,Gröna ärtor konserv. m. lag,"Magnesium, Mg","Baljväxter (bönor, linser och ärter)",20.0,mg
412,Gröna ärtor konserv. m. lag,Summa mättade fettsyror,"Baljväxter (bönor, linser och ärter)",0.1,g
412,Gröna ärtor konserv. m. lag,"Kolhydrater, tillgängliga","Baljväxter (bönor, linser och ärter)",10.5,g
412,Gröna ärtor konserv. m. lag,Kolesterol,"Baljväxter (bönor, linser och ärter)",0.0,mg
412,Gröna ärtor konserv. m. lag,"Kalium, K","Baljväxter (bönor, linser och ärter)",96.0,mg
412,Gröna ärtor konserv. m. lag,"Jod, I","Baljväxter (bönor, linser och ärter)",2.0,µg
412,Gröna ärtor konserv. m. lag,Fullkorn totalt,"Baljväxter (bönor, linser och ärter)",0.0,g
412,Gröna ärtor konserv. m. lag,"Folat, totalt","Baljväxter (bönor, linser och ärter)",28.0,µg
412,Gröna ärtor konserv. m. lag,Fibrer,"Baljväxter (bönor, linser och ärter)",2.0,g
412,Gröna ärtor konserv. m. lag,"Fett, totalt","Baljväxter (bönor, linser och ärter)",0.3,g
412,Gröna ärtor konserv. m. lag,"Järn, Fe","Baljväxter (bönor, linser och ärter)",1.7,mg
412,Gröna ärtor konserv. m. lag,Energi (kJ),"Baljväxter (bönor, linser och ärter)",265.0,kJ
412,Gröna ärtor konserv. m. lag,Energi (kcal),"Baljväxter (bönor, linser och ärter)",63.0,kcal
412,Gröna ärtor konserv. m. lag,Disackarider,"Baljväxter (bönor, linser och ärter)",3.7,g
412,Gröna ärtor konserv. m. lag,"Kalcium, Ca","Baljväxter (bönor, linser och ärter)",20.0,mg
412,Gröna ärtor konserv. m. lag,Fettsyra 4:0-10:0,"Baljväxter (bönor, linser och ärter)",0.0,g
412,Gröna ärtor konserv. m. lag,DHA (C22:6),"Baljväxter (bönor, linser och ärter)",0.0,g
412,Gröna ärtor konserv. m. lag,DPA (C22:5),"Baljväxter (bönor, linser och ärter)",0.0,g
412,Gröna ärtor konserv. m. lag,EPA (C20:5),"Baljväxter (bönor, linser och ärter)",0.0,g
412,Gröna ärtor konserv. m. lag,Arakidonsyra C20:4,"Baljväxter (bönor, linser och ärter)",0.0,g
412,Gröna ärtor konserv. m. lag,Arakidinsyra C20:0,"Baljväxter (bönor, linser och ärter)",0.0,g
412,Gröna ärtor konserv. m. lag,Linolensyra C18:3,"Baljväxter (bönor, linser och ärter)",0.0,g
412,Gröna ärtor konserv. m. lag,Linolsyra C18:2,"Baljväxter (bönor, linser och ärter)",0.1,g
412,Gröna ärtor konserv. m. lag,Oljesyra C18:1,"Baljväxter (bönor, linser och ärter)",0.0,g
412,Gröna ärtor konserv. m. lag,Stearinsyra C18:0,"Baljväxter (bönor, linser och ärter)",0.0,g
412,Gröna ärtor konserv. m. lag,Palmitoljesyra C16:1,"Baljväxter (bönor, linser och ärter)",0.0,g
412,Gröna ärtor konserv. m. lag,Palmitinsyra C16:0,"Baljväxter (bönor, linser och ärter)",0.0,g
412,Gröna ärtor konserv. m. lag,Myristinsyra C14:0,"Baljväxter (bönor, linser och ärter)",0.0,g
412,Gröna ärtor konserv. m. lag,Laurinsyra C12:0,"Baljväxter (bönor, linser och ärter)",0.0,g
412,Gröna ärtor konserv. m. lag,Betakaroten/β-Karoten,"Baljväxter (bönor, linser och ärter)",270.0,µg
412,Gröna ärtor konserv. m. lag,Avfall (skal etc.),"Baljväxter (bönor, linser och ärter)",0.0,%
412,Gröna ärtor konserv. m. lag,Aska,"Baljväxter (bönor, linser och ärter)",1.1,g
412,Gröna ärtor konserv. m. lag,Alkohol,"Baljväxter (bönor, linser och ärter)",0.0,g
413,Gröna ärtor konserv. u. lag,"Zink, Zn","Baljväxter (bönor, linser och ärter)",0.7,mg
413,Gröna ärtor konserv. u. lag,Vitamin E,"Baljväxter (bönor, linser och ärter)",0.0,mg
413,Gröna ärtor konserv. u. lag,Vitamin D inkl 25-OH-D3,"Baljväxter (bönor, linser och ärter)",0.0,µg
413,Gröna ärtor konserv. u. lag,Vitamin D,"Baljväxter (bönor, linser och ärter)",0.0,µg
413,Gröna ärtor konserv. u. lag,Vitamin C,"Baljväxter (bönor, linser och ärter)",10.0,mg
413,Gröna ärtor konserv. u. lag,Vitamin B6,"Baljväxter (bönor, linser och ärter)",0.06,mg
413,Gröna ärtor konserv. u. lag,Vitamin B12,"Baljväxter (bönor, linser och ärter)",0.0,µg
413,Gröna ärtor konserv. u. lag,Vitamin A,"Baljväxter (bönor, linser och ärter)",33.3,RE/µg
413,Gröna ärtor konserv. u. lag,Vatten,"Baljväxter (bönor, linser och ärter)",82.0,g
413,Gröna ärtor konserv. u. lag,Tiamin,"Baljväxter (bönor, linser och ärter)",0.16,mg
413,Gröna ärtor konserv. u. lag,Tillsatt socker,"Baljväxter (bönor, linser och ärter)",0.0,g
413,Gröna ärtor konserv. u. lag,Fritt socker,"Baljväxter (bönor, linser och ärter)",0.0,g
413,Gröna ärtor konserv. u. lag,"Selen, Se","Baljväxter (bönor, linser och ärter)",0.3,µg
413,Gröna ärtor konserv. u. lag,Sackaros,"Baljväxter (bönor, linser och ärter)",3.4,g
413,Gröna ärtor konserv. u. lag,Riboflavin,"Baljväxter (bönor, linser och ärter)",0.08,mg
413,Gröna ärtor konserv. u. lag,Retinol,"Baljväxter (bönor, linser och ärter)",0.0,µg
413,Gröna ärtor konserv. u. lag,Protein,"Baljväxter (bönor, linser och ärter)",4.4,g
413,Gröna ärtor konserv. u. lag,Summa fleromättade fettsyror,"Baljväxter (bönor, linser och ärter)",0.2,g
413,Gröna ärtor konserv. u. lag,"Fosfor, P","Baljväxter (bönor, linser och ärter)",67.0,mg
413,Gröna ärtor konserv. u. lag,Niacinekvivalenter,"Baljväxter (bönor, linser och ärter)",1.43,NE/mg
413,Gröna ärtor konserv. u. lag,Niacin,"Baljväxter (bönor, linser och ärter)",0.7,mg
413,Gröna ärtor konserv. u. lag,"Salt, NaCl","Baljväxter (bönor, linser och ärter)",0.5,g
413,Gröna ärtor konserv. u. lag,"Natrium, Na","Baljväxter (bönor, linser och ärter)",200.0,mg
413,Gröna ärtor konserv. u. lag,Monosackarider,"Baljväxter (bönor, linser och ärter)",0.2,g
413,Gröna ärtor konserv. u. lag,"Sockerarter, totalt","Baljväxter (bönor, linser och ärter)",3.6,g
413,Gröna ärtor konserv. u. lag,Summa enkelomättade fettsyror,"Baljväxter (bönor, linser och ärter)",0.0,g
413,Gröna ärtor konserv. u. lag,"Magnesium, Mg","Baljväxter (bönor, linser och ärter)",17.0,mg
413,Gröna ärtor konserv. u. lag,Summa mättade fettsyror,"Baljväxter (bönor, linser och ärter)",0.1,g
413,Gröna ärtor konserv. u. lag,"Kolhydrater, tillgängliga","Baljväxter (bönor, linser och ärter)",7.3,g
413,Gröna ärtor konserv. u. lag,Kolesterol,"Baljväxter (bönor, linser och ärter)",0.0,mg
413,Gröna ärtor konserv. u. lag,"Kalium, K","Baljväxter (bönor, linser och ärter)",73.0,mg
413,Gröna ärtor konserv. u. lag,"Jod, I","Baljväxter (bönor, linser och ärter)",3.0,µg
413,Gröna ärtor konserv. u. lag,Fullkorn totalt,"Baljväxter (bönor, linser och ärter)",0.0,g
413,Gröna ärtor konserv. u. lag,"Folat, totalt","Baljväxter (bönor, linser och ärter)",44.0,µg
413,Gröna ärtor konserv. u. lag,Fibrer,"Baljväxter (bönor, linser och ärter)",4.9,g
413,Gröna ärtor konserv. u. lag,"Fett, totalt","Baljväxter (bönor, linser och ärter)",0.4,g
413,Gröna ärtor konserv. u. lag,"Järn, Fe","Baljväxter (bönor, linser och ärter)",1.0,mg
413,Gröna ärtor konserv. u. lag,Energi (kJ),"Baljväxter (bönor, linser och ärter)",253.0,kJ
413,Gröna ärtor konserv. u. lag,Energi (kcal),"Baljväxter (bönor, linser och ärter)",60.0,kcal
413,Gröna ärtor konserv. u. lag,Disackarider,"Baljväxter (bönor, linser och ärter)",3.4,g
413,Gröna ärtor konserv. u. lag,"Kalcium, Ca","Baljväxter (bönor, linser och ärter)",20.0,mg
413,Gröna ärtor konserv. u. lag,Fettsyra 4:0-10:0,"Baljväxter (bönor, linser och ärter)",0.0,g
413,Gröna ärtor konserv. u. lag,DHA (C22:6),"Baljväxter (bönor, linser och ärter)",0.0,g
413,Gröna ärtor konserv. u. lag,DPA (C22:5),"Baljväxter (bönor, linser och ärter)",0.0,g
413,Gröna ärtor konserv. u. lag,EPA (C20:5),"Baljväxter (bönor, linser och ärter)",0.0,g
413,Gröna ärtor konserv. u. lag,Arakidonsyra C20:4,"Baljväxter (bönor, linser och ärter)",0.0,g
413,Gröna ärtor konserv. u. lag,Arakidinsyra C20:0,"Baljväxter (bönor, linser och ärter)",0.0,g
413,Gröna ärtor konserv. u. lag,Linolensyra C18:3,"Baljväxter (bönor, linser och ärter)",0.0,g
413,Gröna ärtor konserv. u. lag,Linolsyra C18:2,"Baljväxter (bönor, linser och ärter)",0.2,g
413,Gröna ärtor konserv. u. lag,Oljesyra C18:1,"Baljväxter (bönor, linser och ärter)",0.0,g
413,Gröna ärtor konserv. u. lag,Stearinsyra C18:0,"Baljväxter (bönor, linser och ärter)",0.0,g
413,Gröna ärtor konserv. u. lag,Palmitoljesyra C16:1,"Baljväxter (bönor, linser och ärter)",0.0,g
413,Gröna ärtor konserv. u. lag,Palmitinsyra C16:0,"Baljväxter (bönor, linser och ärter)",0.1,g
413,Gröna ärtor konserv. u. lag,Myristinsyra C14:0,"Baljväxter (bönor, linser och ärter)",0.0,g
413,Gröna ärtor konserv. u. lag,Laurinsyra C12:0,"Baljväxter (bönor, linser och ärter)",0.0,g
413,Gröna ärtor konserv. u. lag,Betakaroten/β-Karoten,"Baljväxter (bönor, linser och ärter)",400.0,µg
413,Gröna ärtor konserv. u. lag,Avfall (skal etc.),"Baljväxter (bönor, linser och ärter)",0.0,%
413,Gröna ärtor konserv. u. lag,Aska,"Baljväxter (bönor, linser och ärter)",1.0,g
413,Gröna ärtor konserv. u. lag,Alkohol,"Baljväxter (bönor, linser och ärter)",0.0,g
414,Mungbönsgroddar konserv. u. lag,"Zink, Zn","Baljväxter (bönor, linser och ärter)",0.2,mg
414,Mungbönsgroddar konserv. u. lag,Vitamin E,"Baljväxter (bönor, linser och ärter)",0.2,mg
414,Mungbönsgroddar konserv. u. lag,Vitamin D inkl 25-OH-D3,"Baljväxter (bönor, linser och ärter)",0.0,µg
414,Mungbönsgroddar konserv. u. lag,Vitamin D,"Baljväxter (bönor, linser och ärter)",0.0,µg
414,Mungbönsgroddar konserv. u. lag,Vitamin C,"Baljväxter (bönor, linser och ärter)",0.3,mg
414,Mungbönsgroddar konserv. u. lag,Vitamin B6,"Baljväxter (bönor, linser och ärter)",0.04,mg
414,Mungbönsgroddar konserv. u. lag,Vitamin B12,"Baljväxter (bönor, linser och ärter)",0.0,µg
414,Mungbönsgroddar konserv. u. lag,Vitamin A,"Baljväxter (bönor, linser och ärter)",1.0,RE/µg
414,Mungbönsgroddar konserv. u. lag,Vatten,"Baljväxter (bönor, linser och ärter)",94.4,g
414,Mungbönsgroddar konserv. u. lag,Tiamin,"Baljväxter (bönor, linser och ärter)",0.03,mg
414,Mungbönsgroddar konserv. u. lag,Tillsatt socker,"Baljväxter (bönor, linser och ärter)",0.0,g
414,Mungbönsgroddar konserv. u. lag,Fritt socker,"Baljväxter (bönor, linser och ärter)",0.0,g
414,Mungbönsgroddar konserv. u. lag,"Selen, Se","Baljväxter (bönor, linser och ärter)",1.0,µg
414,Mungbönsgroddar konserv. u. lag,Sackaros,"Baljväxter (bönor, linser och ärter)",0.0,g
414,Mungbönsgroddar konserv. u. lag,Riboflavin,"Baljväxter (bönor, linser och ärter)",0.07,mg
414,Mungbönsgroddar konserv. u. lag,Retinol,"Baljväxter (bönor, linser och ärter)",0.0,µg
414,Mungbönsgroddar konserv. u. lag,Protein,"Baljväxter (bönor, linser och ärter)",1.4,g
414,Mungbönsgroddar konserv. u. lag,Summa fleromättade fettsyror,"Baljväxter (bönor, linser och ärter)",0.0,g
414,Mungbönsgroddar konserv. u. lag,"Fosfor, P","Baljväxter (bönor, linser och ärter)",32.0,mg
414,Mungbönsgroddar konserv. u. lag,Niacinekvivalenter,"Baljväxter (bönor, linser och ärter)",0.43,NE/mg
414,Mungbönsgroddar konserv. u. lag,Niacin,"Baljväxter (bönor, linser och ärter)",0.2,mg
414,Mungbönsgroddar konserv. u. lag,"Salt, NaCl","Baljväxter (bönor, linser och ärter)",0.6,g
414,Mungbönsgroddar konserv. u. lag,"Natrium, Na","Baljväxter (bönor, linser och ärter)",250.0,mg
414,Mungbönsgroddar konserv. u. lag,Monosackarider,"Baljväxter (bönor, linser och ärter)",0.4,g
414,Mungbönsgroddar konserv. u. lag,"Sockerarter, totalt","Baljväxter (bönor, linser och ärter)",0.8,g
414,Mungbönsgroddar konserv. u. lag,Summa enkelomättade fettsyror,"Baljväxter (bönor, linser och ärter)",0.0,g
414,Mungbönsgroddar konserv. u. lag,"Magnesium, Mg","Baljväxter (bönor, linser och ärter)",9.0,mg
414,Mungbönsgroddar konserv. u. lag,Summa mättade fettsyror,"Baljväxter (bönor, linser och ärter)",0.0,g
414,Mungbönsgroddar konserv. u. lag,"Kolhydrater, tillgängliga","Baljväxter (bönor, linser och ärter)",0.8,g
414,Mungbönsgroddar konserv. u. lag,Kolesterol,"Baljväxter (bönor, linser och ärter)",0.0,mg
414,Mungbönsgroddar konserv. u. lag,"Kalium, K","Baljväxter (bönor, linser och ärter)",27.0,mg
414,Mungbönsgroddar konserv. u. lag,"Jod, I","Baljväxter (bönor, linser och ärter)",0.0,µg
414,Mungbönsgroddar konserv. u. lag,Fullkorn totalt,"Baljväxter (bönor, linser och ärter)",0.0,g
414,Mungbönsgroddar konserv. u. lag,"Folat, totalt","Baljväxter (bönor, linser och ärter)",10.0,µg
414,Mungbönsgroddar konserv. u. lag,Fibrer,"Baljväxter (bönor, linser och ärter)",3.0,g
414,Mungbönsgroddar konserv. u. lag,"Fett, totalt","Baljväxter (bönor, linser och ärter)",0.1,g
414,Mungbönsgroddar konserv. u. lag,"Järn, Fe","Baljväxter (bönor, linser och ärter)",0.4,mg
414,Mungbönsgroddar konserv. u. lag,Energi (kJ),"Baljväxter (bönor, linser och ärter)",65.0,kJ
414,Mungbönsgroddar konserv. u. lag,Energi (kcal),"Baljväxter (bönor, linser och ärter)",16.0,kcal
414,Mungbönsgroddar konserv. u. lag,Disackarider,"Baljväxter (bönor, linser och ärter)",0.4,g
414,Mungbönsgroddar konserv. u. lag,"Kalcium, Ca","Baljväxter (bönor, linser och ärter)",14.0,mg
414,Mungbönsgroddar konserv. u. lag,Fettsyra 4:0-10:0,"Baljväxter (bönor, linser och ärter)",0.0,g
414,Mungbönsgroddar konserv. u. lag,DHA (C22:6),"Baljväxter (bönor, linser och ärter)",0.0,g
414,Mungbönsgroddar konserv. u. lag,DPA (C22:5),"Baljväxter (bönor, linser och ärter)",0.0,g
414,Mungbönsgroddar konserv. u. lag,EPA (C20:5),"Baljväxter (bönor, linser och ärter)",0.0,g
414,Mungbönsgroddar konserv. u. lag,Arakidonsyra C20:4,"Baljväxter (bönor, linser och ärter)",0.0,g
414,Mungbönsgroddar konserv. u. lag,Arakidinsyra C20:0,"Baljväxter (bönor, linser och ärter)",0.0,g
414,Mungbönsgroddar konserv. u. lag,Linolensyra C18:3,"Baljväxter (bönor, linser och ärter)",0.0,g
414,Mungbönsgroddar konserv. u. lag,Linolsyra C18:2,"Baljväxter (bönor, linser och ärter)",0.0,g
414,Mungbönsgroddar konserv. u. lag,Oljesyra C18:1,"Baljväxter (bönor, linser och ärter)",0.0,g
414,Mungbönsgroddar konserv. u. lag,Stearinsyra C18:0,"Baljväxter (bönor, linser och ärter)",0.0,g
414,Mungbönsgroddar konserv. u. lag,Palmitoljesyra C16:1,"Baljväxter (bönor, linser och ärter)",0.0,g
414,Mungbönsgroddar konserv. u. lag,Palmitinsyra C16:0,"Baljväxter (bönor, linser och ärter)",0.0,g
414,Mungbönsgroddar konserv. u. lag,Myristinsyra C14:0,"Baljväxter (bönor, linser och ärter)",0.0,g
414,Mungbönsgroddar konserv. u. lag,Laurinsyra C12:0,"Baljväxter (bönor, linser och ärter)",0.0,g
414,Mungbönsgroddar konserv. u. lag,Betakaroten/β-Karoten,"Baljväxter (bönor, linser och ärter)",12.0,µg
414,Mungbönsgroddar konserv. u. lag,Avfall (skal etc.),"Baljväxter (bönor, linser och ärter)",0.0,%
414,Mungbönsgroddar konserv. u. lag,Aska,"Baljväxter (bönor, linser och ärter)",0.3,g
414,Mungbönsgroddar konserv. u. lag,Alkohol,"Baljväxter (bönor, linser och ärter)",0.0,g
415,Sojabönsgroddar konserv. u. lag,"Zink, Zn","Baljväxter (bönor, linser och ärter)",0.8,mg
415,Sojabönsgroddar konserv. u. lag,Vitamin E,"Baljväxter (bönor, linser och ärter)",0.2,mg
415,Sojabönsgroddar konserv. u. lag,Vitamin D inkl 25-OH-D3,"Baljväxter (bönor, linser och ärter)",0.0,µg
415,Sojabönsgroddar konserv. u. lag,Vitamin D,"Baljväxter (bönor, linser och ärter)",0.0,µg
415,Sojabönsgroddar konserv. u. lag,Vitamin C,"Baljväxter (bönor, linser och ärter)",1.0,mg
415,Sojabönsgroddar konserv. u. lag,Vitamin B6,"Baljväxter (bönor, linser och ärter)",0.03,mg
415,Sojabönsgroddar konserv. u. lag,Vitamin B12,"Baljväxter (bönor, linser och ärter)",0.0,µg
415,Sojabönsgroddar konserv. u. lag,Vitamin A,"Baljväxter (bönor, linser och ärter)",0.5,RE/µg
415,Sojabönsgroddar konserv. u. lag,Vatten,"Baljväxter (bönor, linser och ärter)",94.0,g
415,Sojabönsgroddar konserv. u. lag,Tiamin,"Baljväxter (bönor, linser och ärter)",0.02,mg
415,Sojabönsgroddar konserv. u. lag,Tillsatt socker,"Baljväxter (bönor, linser och ärter)",0.0,g
415,Sojabönsgroddar konserv. u. lag,Fritt socker,"Baljväxter (bönor, linser och ärter)",0.0,g
415,Sojabönsgroddar konserv. u. lag,"Selen, Se","Baljväxter (bönor, linser och ärter)",1.0,µg
415,Sojabönsgroddar konserv. u. lag,Sackaros,"Baljväxter (bönor, linser och ärter)",0.0,g
415,Sojabönsgroddar konserv. u. lag,Riboflavin,"Baljväxter (bönor, linser och ärter)",0.01,mg
415,Sojabönsgroddar konserv. u. lag,Retinol,"Baljväxter (bönor, linser och ärter)",0.0,µg
415,Sojabönsgroddar konserv. u. lag,Protein,"Baljväxter (bönor, linser och ärter)",1.6,g
415,Sojabönsgroddar konserv. u. lag,Summa fleromättade fettsyror,"Baljväxter (bönor, linser och ärter)",0.1,g
415,Sojabönsgroddar konserv. u. lag,"Fosfor, P","Baljväxter (bönor, linser och ärter)",20.0,mg
415,Sojabönsgroddar konserv. u. lag,Niacinekvivalenter,"Baljväxter (bönor, linser och ärter)",0.47,NE/mg
415,Sojabönsgroddar konserv. u. lag,Niacin,"Baljväxter (bönor, linser och ärter)",0.2,mg
415,Sojabönsgroddar konserv. u. lag,"Salt, NaCl","Baljväxter (bönor, linser och ärter)",0.2,g
415,Sojabönsgroddar konserv. u. lag,"Natrium, Na","Baljväxter (bönor, linser och ärter)",80.0,mg
415,Sojabönsgroddar konserv. u. lag,Monosackarider,"Baljväxter (bönor, linser och ärter)",0.2,g
415,Sojabönsgroddar konserv. u. lag,"Sockerarter, totalt","Baljväxter (bönor, linser och ärter)",0.4,g
415,Sojabönsgroddar konserv. u. lag,Summa enkelomättade fettsyror,"Baljväxter (bönor, linser och ärter)",0.0,g
415,Sojabönsgroddar konserv. u. lag,"Magnesium, Mg","Baljväxter (bönor, linser och ärter)",10.0,mg
415,Sojabönsgroddar konserv. u. lag,Summa mättade fettsyror,"Baljväxter (bönor, linser och ärter)",0.0,g
415,Sojabönsgroddar konserv. u. lag,"Kolhydrater, tillgängliga","Baljväxter (bönor, linser och ärter)",0.6,g
415,Sojabönsgroddar konserv. u. lag,Kolesterol,"Baljväxter (bönor, linser och ärter)",0.0,mg
415,Sojabönsgroddar konserv. u. lag,"Kalium, K","Baljväxter (bönor, linser och ärter)",36.0,mg
415,Sojabönsgroddar konserv. u. lag,"Jod, I","Baljväxter (bönor, linser och ärter)",0.0,µg
415,Sojabönsgroddar konserv. u. lag,Fullkorn totalt,"Baljväxter (bönor, linser och ärter)",0.0,g
415,Sojabönsgroddar konserv. u. lag,"Folat, totalt","Baljväxter (bönor, linser och ärter)",12.0,µg
415,Sojabönsgroddar konserv. u. lag,Fibrer,"Baljväxter (bönor, linser och ärter)",3.0,g
415,Sojabönsgroddar konserv. u. lag,"Fett, totalt","Baljväxter (bönor, linser och ärter)",0.2,g
415,Sojabönsgroddar konserv. u. lag,"Järn, Fe","Baljväxter (bönor, linser och ärter)",1.0,mg
415,Sojabönsgroddar konserv. u. lag,Energi (kJ),"Baljväxter (bönor, linser och ärter)",69.0,kJ
415,Sojabönsgroddar konserv. u. lag,Energi (kcal),"Baljväxter (bönor, linser och ärter)",16.0,kcal
415,Sojabönsgroddar konserv. u. lag,Disackarider,"Baljväxter (bönor, linser och ärter)",0.2,g
415,Sojabönsgroddar konserv. u. lag,"Kalcium, Ca","Baljväxter (bönor, linser och ärter)",13.0,mg
415,Sojabönsgroddar konserv. u. lag,Fettsyra 4:0-10:0,"Baljväxter (bönor, linser och ärter)",0.0,g
415,Sojabönsgroddar konserv. u. lag,DHA (C22:6),"Baljväxter (bönor, linser och ärter)",0.0,g
415,Sojabönsgroddar konserv. u. lag,DPA (C22:5),"Baljväxter (bönor, linser och ärter)",0.0,g
415,Sojabönsgroddar konserv. u. lag,EPA (C20:5),"Baljväxter (bönor, linser och ärter)",0.0,g
415,Sojabönsgroddar konserv. u. lag,Arakidonsyra C20:4,"Baljväxter (bönor, linser och ärter)",0.0,g
415,Sojabönsgroddar konserv. u. lag,Arakidinsyra C20:0,"Baljväxter (bönor, linser och ärter)",0.0,g
415,Sojabönsgroddar konserv. u. lag,Linolensyra C18:3,"Baljväxter (bönor, linser och ärter)",0.1,g
415,Sojabönsgroddar konserv. u. lag,Linolsyra C18:2,"Baljväxter (bönor, linser och ärter)",0.0,g
415,Sojabönsgroddar konserv. u. lag,Oljesyra C18:1,"Baljväxter (bönor, linser och ärter)",0.0,g
415,Sojabönsgroddar konserv. u. lag,Stearinsyra C18:0,"Baljväxter (bönor, linser och ärter)",0.0,g
415,Sojabönsgroddar konserv. u. lag,Palmitoljesyra C16:1,"Baljväxter (bönor, linser och ärter)",0.0,g
415,Sojabönsgroddar konserv. u. lag,Palmitinsyra C16:0,"Baljväxter (bönor, linser och ärter)",0.0,g
415,Sojabönsgroddar konserv. u. lag,Myristinsyra C14:0,"Baljväxter (bönor, linser och ärter)",0.0,g
415,Sojabönsgroddar konserv. u. lag,Laurinsyra C12:0,"Baljväxter (bönor, linser och ärter)",0.0,g
415,Sojabönsgroddar konserv. u. lag,Betakaroten/β-Karoten,"Baljväxter (bönor, linser och ärter)",6.0,µg
415,Sojabönsgroddar konserv. u. lag,Avfall (skal etc.),"Baljväxter (bönor, linser och ärter)",0.0,%
415,Sojabönsgroddar konserv. u. lag,Aska,"Baljväxter (bönor, linser och ärter)",0.6,g
415,Sojabönsgroddar konserv. u. lag,Alkohol,"Baljväxter (bönor, linser och ärter)",0.0,g
416,Paprikasallad inlagd u. lag,"Zink, Zn",Grönsaks- rotfrukts- baljväxträtter o produkter,0.3,mg
416,Paprikasallad inlagd u. lag,Vitamin E,Grönsaks- rotfrukts- baljväxträtter o produkter,0.8,mg
416,Paprikasallad inlagd u. lag,Vitamin D inkl 25-OH-D3,Grönsaks- rotfrukts- baljväxträtter o produkter,0.0,µg
416,Paprikasallad inlagd u. lag,Vitamin D,Grönsaks- rotfrukts- baljväxträtter o produkter,0.0,µg
416,Paprikasallad inlagd u. lag,Vitamin C,Grönsaks- rotfrukts- baljväxträtter o produkter,60.0,mg
416,Paprikasallad inlagd u. lag,Vitamin B6,Grönsaks- rotfrukts- baljväxträtter o produkter,0.1,mg
416,Paprikasallad inlagd u. lag,Vitamin B12,Grönsaks- rotfrukts- baljväxträtter o produkter,0.0,µg
416,Paprikasallad inlagd u. lag,Vitamin A,Grönsaks- rotfrukts- baljväxträtter o produkter,250.0,RE/µg
416,Paprikasallad inlagd u. lag,Vatten,Grönsaks- rotfrukts- baljväxträtter o produkter,90.0,g
416,Paprikasallad inlagd u. lag,Tiamin,Grönsaks- rotfrukts- baljväxträtter o produkter,0.02,mg
416,Paprikasallad inlagd u. lag,Tillsatt socker,Grönsaks- rotfrukts- baljväxträtter o produkter,4.0,g
416,Paprikasallad inlagd u. lag,Fritt socker,Grönsaks- rotfrukts- baljväxträtter o produkter,4.0,g
416,Paprikasallad inlagd u. lag,"Selen, Se",Grönsaks- rotfrukts- baljväxträtter o produkter,1.0,µg
416,Paprikasallad inlagd u. lag,Sackaros,Grönsaks- rotfrukts- baljväxträtter o produkter,0.0,g
416,Paprikasallad inlagd u. lag,Riboflavin,Grönsaks- rotfrukts- baljväxträtter o produkter,0.04,mg
416,Paprikasallad inlagd u. lag,Retinol,Grönsaks- rotfrukts- baljväxträtter o produkter,0.0,µg
416,Paprikasallad inlagd u. lag,Protein,Grönsaks- rotfrukts- baljväxträtter o produkter,1.0,g
416,Paprikasallad inlagd u. lag,Summa fleromättade fettsyror,Grönsaks- rotfrukts- baljväxträtter o produkter,0.2,g
416,Paprikasallad inlagd u. lag,"Fosfor, P",Grönsaks- rotfrukts- baljväxträtter o produkter,15.0,mg
416,Paprikasallad inlagd u. lag,Niacinekvivalenter,Grönsaks- rotfrukts- baljväxträtter o produkter,0.37,NE/mg
416,Paprikasallad inlagd u. lag,Niacin,Grönsaks- rotfrukts- baljväxträtter o produkter,0.2,mg
416,Paprikasallad inlagd u. lag,"Salt, NaCl",Grönsaks- rotfrukts- baljväxträtter o produkter,1.3,g
416,Paprikasallad inlagd u. lag,"Natrium, Na",Grönsaks- rotfrukts- baljväxträtter o produkter,527.0,mg
416,Paprikasallad inlagd u. lag,Monosackarider,Grönsaks- rotfrukts- baljväxträtter o produkter,4.4,g
416,Paprikasallad inlagd u. lag,"Sockerarter, totalt",Grönsaks- rotfrukts- baljväxträtter o produkter,4.5,g
416,Paprikasallad inlagd u. lag,Summa enkelomättade fettsyror,Grönsaks- rotfrukts- baljväxträtter o produkter,0.0,g
416,Paprikasallad inlagd u. lag,"Magnesium, Mg",Grönsaks- rotfrukts- baljväxträtter o produkter,11.0,mg
416,Paprikasallad inlagd u. lag,Summa mättade fettsyror,Grönsaks- rotfrukts- baljväxträtter o produkter,0.1,g
416,Paprikasallad inlagd u. lag,"Kolhydrater, tillgängliga",Grönsaks- rotfrukts- baljväxträtter o produkter,4.3,g
416,Paprikasallad inlagd u. lag,Kolesterol,Grönsaks- rotfrukts- baljväxträtter o produkter,0.0,mg
416,Paprikasallad inlagd u. lag,"Kalium, K",Grönsaks- rotfrukts- baljväxträtter o produkter,170.0,mg
416,Paprikasallad inlagd u. lag,Fullkorn totalt,Grönsaks- rotfrukts- baljväxträtter o produkter,0.0,g
416,Paprikasallad inlagd u. lag,"Folat, totalt",Grönsaks- rotfrukts- baljväxträtter o produkter,52.0,µg
416,Paprikasallad inlagd u. lag,Fibrer,Grönsaks- rotfrukts- baljväxträtter o produkter,3.0,g
416,Paprikasallad inlagd u. lag,"Fett, totalt",Grönsaks- rotfrukts- baljväxträtter o produkter,0.4,g
416,Paprikasallad inlagd u. lag,"Järn, Fe",Grönsaks- rotfrukts- baljväxträtter o produkter,0.2,mg
416,Paprikasallad inlagd u. lag,Energi (kJ),Grönsaks- rotfrukts- baljväxträtter o produkter,129.0,kJ
416,Paprikasallad inlagd u. lag,Energi (kcal),Grönsaks- rotfrukts- baljväxträtter o produkter,31.0,kcal
416,Paprikasallad inlagd u. lag,Disackarider,Grönsaks- rotfrukts- baljväxträtter o produkter,0.1,g
416,Paprikasallad inlagd u. lag,"Kalcium, Ca",Grönsaks- rotfrukts- baljväxträtter o produkter,6.0,mg
416,Paprikasallad inlagd u. lag,Fettsyra 4:0-10:0,Grönsaks- rotfrukts- baljväxträtter o produkter,0.0,g
416,Paprikasallad inlagd u. lag,DHA (C22:6),Grönsaks- rotfrukts- baljväxträtter o produkter,0.0,g
416,Paprikasallad inlagd u. lag,DPA (C22:5),Grönsaks- rotfrukts- baljväxträtter o produkter,0.0,g
416,Paprikasallad inlagd u. lag,EPA (C20:5),Grönsaks- rotfrukts- baljväxträtter o produkter,0.0,g
416,Paprikasallad inlagd u. lag,Arakidonsyra C20:4,Grönsaks- rotfrukts- baljväxträtter o produkter,0.0,g
416,Paprikasallad inlagd u. lag,Arakidinsyra C20:0,Grönsaks- rotfrukts- baljväxträtter o produkter,0.0,g
416,Paprikasallad inlagd u. lag,Linolensyra C18:3,Grönsaks- rotfrukts- baljväxträtter o produkter,0.1,g
416,Paprikasallad inlagd u. lag,Linolsyra C18:2,Grönsaks- rotfrukts- baljväxträtter o produkter,0.1,g
416,Paprikasallad inlagd u. lag,Oljesyra C18:1,Grönsaks- rotfrukts- baljväxträtter o produkter,0.0,g
416,Paprikasallad inlagd u. lag,Stearinsyra C18:0,Grönsaks- rotfrukts- baljväxträtter o produkter,0.0,g
416,Paprikasallad inlagd u. lag,Palmitoljesyra C16:1,Grönsaks- rotfrukts- baljväxträtter o produkter,0.0,g
416,Paprikasallad inlagd u. lag,Palmitinsyra C16:0,Grönsaks- rotfrukts- baljväxträtter o produkter,0.1,g
416,Paprikasallad inlagd u. lag,Myristinsyra C14:0,Grönsaks- rotfrukts- baljväxträtter o produkter,0.0,g
416,Paprikasallad inlagd u. lag,Laurinsyra C12:0,Grönsaks- rotfrukts- baljväxträtter o produkter,0.0,g
416,Paprikasallad inlagd u. lag,Betakaroten/β-Karoten,Grönsaks- rotfrukts- baljväxträtter o produkter,3000.0,µg
416,Paprikasallad inlagd u. lag,Avfall (skal etc.),Grönsaks- rotfrukts- baljväxträtter o produkter,0.0,%
416,Paprikasallad inlagd u. lag,Aska,Grönsaks- rotfrukts- baljväxträtter o produkter,1.3,g
416,Paprikasallad inlagd u. lag,Alkohol,Grönsaks- rotfrukts- baljväxträtter o produkter,0.0,g
417,Ajvar relish,"Zink, Zn",Grönsaks- rotfrukts- baljväxträtter o produkter,0.2,mg
417,Ajvar relish,Vitamin E,Grönsaks- rotfrukts- baljväxträtter o produkter,5.4,mg
417,Ajvar relish,Vitamin D inkl 25-OH-D3,Grönsaks- rotfrukts- baljväxträtter o produkter,0.0,µg
417,Ajvar relish,Vitamin D,Grönsaks- rotfrukts- baljväxträtter o produkter,0.0,µg
417,Ajvar relish,Vitamin C,Grönsaks- rotfrukts- baljväxträtter o produkter,60.7,mg
417,Ajvar relish,Vitamin B6,Grönsaks- rotfrukts- baljväxträtter o produkter,0.59,mg
417,Ajvar relish,Vitamin B12,Grönsaks- rotfrukts- baljväxträtter o produkter,0.0,µg
417,Ajvar relish,Vitamin A,Grönsaks- rotfrukts- baljväxträtter o produkter,211.0,RE/µg
417,Ajvar relish,Vatten,Grönsaks- rotfrukts- baljväxträtter o produkter,83.4,g
417,Ajvar relish,Tiamin,Grönsaks- rotfrukts- baljväxträtter o produkter,0.03,mg
417,Ajvar relish,Tillsatt socker,Grönsaks- rotfrukts- baljväxträtter o produkter,5.0,g
417,Ajvar relish,Fritt socker,Grönsaks- rotfrukts- baljväxträtter o produkter,5.0,g
417,Ajvar relish,"Selen, Se",Grönsaks- rotfrukts- baljväxträtter o produkter,0.3,µg
417,Ajvar relish,Sackaros,Grönsaks- rotfrukts- baljväxträtter o produkter,2.6,g
417,Ajvar relish,Riboflavin,Grönsaks- rotfrukts- baljväxträtter o produkter,0.2,mg
417,Ajvar relish,Retinol,Grönsaks- rotfrukts- baljväxträtter o produkter,4.0,µg
417,Ajvar relish,Protein,Grönsaks- rotfrukts- baljväxträtter o produkter,1.2,g
417,Ajvar relish,Summa fleromättade fettsyror,Grönsaks- rotfrukts- baljväxträtter o produkter,1.6,g
417,Ajvar relish,"Fosfor, P",Grönsaks- rotfrukts- baljväxträtter o produkter,27.0,mg
417,Ajvar relish,Niacinekvivalenter,Grönsaks- rotfrukts- baljväxträtter o produkter,1.4,NE/mg
417,Ajvar relish,Niacin,Grönsaks- rotfrukts- baljväxträtter o produkter,1.2,mg
417,Ajvar relish,"Salt, NaCl",Grönsaks- rotfrukts- baljväxträtter o produkter,1.2,g
417,Ajvar relish,"Natrium, Na",Grönsaks- rotfrukts- baljväxträtter o produkter,493.0,mg
417,Ajvar relish,Monosackarider,Grönsaks- rotfrukts- baljväxträtter o produkter,5.0,g
417,Ajvar relish,"Sockerarter, totalt",Grönsaks- rotfrukts- baljväxträtter o produkter,7.6,g
417,Ajvar relish,Summa enkelomättade fettsyror,Grönsaks- rotfrukts- baljväxträtter o produkter,0.8,g
417,Ajvar relish,"Magnesium, Mg",Grönsaks- rotfrukts- baljväxträtter o produkter,12.0,mg
417,Ajvar relish,Summa mättade fettsyror,Grönsaks- rotfrukts- baljväxträtter o produkter,0.4,g
417,Ajvar relish,"Kolhydrater, tillgängliga",Grönsaks- rotfrukts- baljväxträtter o produkter,6.9,g
417,Ajvar relish,Kolesterol,Grönsaks- rotfrukts- baljväxträtter o produkter,0.0,mg
417,Ajvar relish,"Kalium, K",Grönsaks- rotfrukts- baljväxträtter o produkter,228.0,mg
417,Ajvar relish,"Jod, I",Grönsaks- rotfrukts- baljväxträtter o produkter,8.0,µg
417,Ajvar relish,Fullkorn totalt,Grönsaks- rotfrukts- baljväxträtter o produkter,0.0,g
417,Ajvar relish,"Folat, totalt",Grönsaks- rotfrukts- baljväxträtter o produkter,51.7,µg
417,Ajvar relish,Fibrer,Grönsaks- rotfrukts- baljväxträtter o produkter,3.2,g
417,Ajvar relish,"Fett, totalt",Grönsaks- rotfrukts- baljväxträtter o produkter,3.5,g
417,Ajvar relish,"Järn, Fe",Grönsaks- rotfrukts- baljväxträtter o produkter,0.9,mg
417,Ajvar relish,Energi (kJ),Grönsaks- rotfrukts- baljväxträtter o produkter,294.0,kJ
417,Ajvar relish,Energi (kcal),Grönsaks- rotfrukts- baljväxträtter o produkter,70.0,kcal
417,Ajvar relish,Disackarider,Grönsaks- rotfrukts- baljväxträtter o produkter,2.6,g
417,Ajvar relish,"Kalcium, Ca",Grönsaks- rotfrukts- baljväxträtter o produkter,11.0,mg
417,Ajvar relish,Fettsyra 4:0-10:0,Grönsaks- rotfrukts- baljväxträtter o produkter,0.0,g
417,Ajvar relish,DHA (C22:6),Grönsaks- rotfrukts- baljväxträtter o produkter,0.0,g
417,Ajvar relish,DPA (C22:5),Grönsaks- rotfrukts- baljväxträtter o produkter,0.0,g
417,Ajvar relish,EPA (C20:5),Grönsaks- rotfrukts- baljväxträtter o produkter,0.0,g
417,Ajvar relish,Arakidonsyra C20:4,Grönsaks- rotfrukts- baljväxträtter o produkter,0.0,g
417,Ajvar relish,Arakidinsyra C20:0,Grönsaks- rotfrukts- baljväxträtter o produkter,0.0,g
417,Ajvar relish,Linolensyra C18:3,Grönsaks- rotfrukts- baljväxträtter o produkter,0.0,g
417,Ajvar relish,Linolsyra C18:2,Grönsaks- rotfrukts- baljväxträtter o produkter,1.6,g
417,Ajvar relish,Oljesyra C18:1,Grönsaks- rotfrukts- baljväxträtter o produkter,0.8,g
417,Ajvar relish,Stearinsyra C18:0,Grönsaks- rotfrukts- baljväxträtter o produkter,0.1,g
417,Ajvar relish,Palmitoljesyra C16:1,Grönsaks- rotfrukts- baljväxträtter o produkter,0.0,g
417,Ajvar relish,Palmitinsyra C16:0,Grönsaks- rotfrukts- baljväxträtter o produkter,0.2,g
417,Ajvar relish,Myristinsyra C14:0,Grönsaks- rotfrukts- baljväxträtter o produkter,0.0,g
417,Ajvar relish,Laurinsyra C12:0,Grönsaks- rotfrukts- baljväxträtter o produkter,0.0,g
417,Ajvar relish,Betakaroten/β-Karoten,Grönsaks- rotfrukts- baljväxträtter o produkter,1900.0,µg
417,Ajvar relish,Avfall (skal etc.),Grönsaks- rotfrukts- baljväxträtter o produkter,0.0,%
417,Ajvar relish,Aska,Grönsaks- rotfrukts- baljväxträtter o produkter,1.7,g
417,Ajvar relish,Alkohol,Grönsaks- rotfrukts- baljväxträtter o produkter,0.0,g
418,Svamp konserv. u. lag,"Zink, Zn",Svamp,0.9,mg
418,Svamp konserv. u. lag,Vitamin E,Svamp,0.0,mg
418,Svamp konserv. u. lag,Vitamin D inkl 25-OH-D3,Svamp,0.0,µg
418,Svamp konserv. u. lag,Vitamin D,Svamp,0.0,µg
418,Svamp konserv. u. lag,Vitamin C,Svamp,2.0,mg
418,Svamp konserv. u. lag,Vitamin B6,Svamp,0.0,mg
418,Svamp konserv. u. lag,Vitamin B12,Svamp,0.0,µg
418,Svamp konserv. u. lag,Vitamin A,Svamp,0.8,RE/µg
418,Svamp konserv. u. lag,Vatten,Svamp,93.0,g
418,Svamp konserv. u. lag,Tiamin,Svamp,0.02,mg
418,Svamp konserv. u. lag,Tillsatt socker,Svamp,0.0,g
418,Svamp konserv. u. lag,Fritt socker,Svamp,0.0,g
418,Svamp konserv. u. lag,"Selen, Se",Svamp,2.0,µg
418,Svamp konserv. u. lag,Sackaros,Svamp,0.0,g
418,Svamp konserv. u. lag,Riboflavin,Svamp,0.2,mg
418,Svamp konserv. u. lag,Retinol,Svamp,0.0,µg
418,Svamp konserv. u. lag,Protein,Svamp,2.5,g
418,Svamp konserv. u. lag,Summa fleromättade fettsyror,Svamp,0.2,g
418,Svamp konserv. u. lag,"Fosfor, P",Svamp,40.0,mg
418,Svamp konserv. u. lag,Niacinekvivalenter,Svamp,3.92,NE/mg
418,Svamp konserv. u. lag,Niacin,Svamp,3.5,mg
418,Svamp konserv. u. lag,"Salt, NaCl",Svamp,0.4,g
418,Svamp konserv. u. lag,"Natrium, Na",Svamp,165.0,mg
418,Svamp konserv. u. lag,Monosackarider,Svamp,0.2,g
418,Svamp konserv. u. lag,"Sockerarter, totalt",Svamp,0.2,g
418,Svamp konserv. u. lag,Summa enkelomättade fettsyror,Svamp,0.0,g
418,Svamp konserv. u. lag,"Magnesium, Mg",Svamp,6.0,mg
418,Svamp konserv. u. lag,Summa mättade fettsyror,Svamp,0.1,g
418,Svamp konserv. u. lag,"Kolhydrater, tillgängliga",Svamp,0.9,g
418,Svamp konserv. u. lag,Kolesterol,Svamp,0.0,mg
418,Svamp konserv. u. lag,"Kalium, K",Svamp,160.0,mg
418,Svamp konserv. u. lag,"Jod, I",Svamp,0.0,µg
418,Svamp konserv. u. lag,Fullkorn totalt,Svamp,0.0,g
418,Svamp konserv. u. lag,"Folat, totalt",Svamp,12.0,µg
418,Svamp konserv. u. lag,Fibrer,Svamp,2.3,g
418,Svamp konserv. u. lag,"Fett, totalt",Svamp,0.5,g
418,Svamp konserv. u. lag,"Järn, Fe",Svamp,0.6,mg
418,Svamp konserv. u. lag,Energi (kJ),Svamp,95.0,kJ
418,Svamp konserv. u. lag,Energi (kcal),Svamp,23.0,kcal
418,Svamp konserv. u. lag,Disackarider,Svamp,0.0,g
418,Svamp konserv. u. lag,"Kalcium, Ca",Svamp,1.0,mg
418,Svamp konserv. u. lag,Fettsyra 4:0-10:0,Svamp,0.0,g
418,Svamp konserv. u. lag,DHA (C22:6),Svamp,0.0,g
418,Svamp konserv. u. lag,DPA (C22:5),Svamp,0.0,g
418,Svamp konserv. u. lag,EPA (C20:5),Svamp,0.0,g
418,Svamp konserv. u. lag,Arakidonsyra C20:4,Svamp,0.0,g
418,Svamp konserv. u. lag,Arakidinsyra C20:0,Svamp,0.0,g
418,Svamp konserv. u. lag,Linolensyra C18:3,Svamp,0.0,g
418,Svamp konserv. u. lag,Linolsyra C18:2,Svamp,0.2,g
418,Svamp konserv. u. lag,Oljesyra C18:1,Svamp,0.0,g
418,Svamp konserv. u. lag,Stearinsyra C18:0,Svamp,0.0,g
418,Svamp konserv. u. lag,Palmitoljesyra C16:1,Svamp,0.0,g
418,Svamp konserv. u. lag,Palmitinsyra C16:0,Svamp,0.0,g
418,Svamp konserv. u. lag,Myristinsyra C14:0,Svamp,0.0,g
418,Svamp konserv. u. lag,Laurinsyra C12:0,Svamp,0.0,g
418,Svamp konserv. u. lag,Betakaroten/β-Karoten,Svamp,10.0,µg
418,Svamp konserv. u. lag,Avfall (skal etc.),Svamp,0.0,%
418,Svamp konserv. u. lag,Aska,Svamp,0.8,g
418,Svamp konserv. u. lag,Alkohol,Svamp,0.0,g
419,Kantarell konserv. u. lag,"Zink, Zn",Svamp,0.9,mg
419,Kantarell konserv. u. lag,Vitamin E,Svamp,0.1,mg
419,Kantarell konserv. u. lag,Vitamin D,Svamp,2.5,µg
419,Kantarell konserv. u. lag,Vitamin C,Svamp,3.0,mg
419,Kantarell konserv. u. lag,Vitamin B6,Svamp,0.06,mg
419,Kantarell konserv. u. lag,Vitamin B12,Svamp,0.0,µg
419,Kantarell konserv. u. lag,Vitamin A,Svamp,108.3,RE/µg
419,Kantarell konserv. u. lag,Vatten,Svamp,90.0,g
419,Kantarell konserv. u. lag,Tiamin,Svamp,0.05,mg
419,Kantarell konserv. u. lag,Tillsatt socker,Svamp,0.0,g
419,Kantarell konserv. u. lag,Fritt socker,Svamp,0.0,g
419,Kantarell konserv. u. lag,"Selen, Se",Svamp,2.0,µg
419,Kantarell konserv. u. lag,Sackaros,Svamp,0.0,g
419,Kantarell konserv. u. lag,Riboflavin,Svamp,0.3,mg
419,Kantarell konserv. u. lag,Retinol,Svamp,0.0,µg
419,Kantarell konserv. u. lag,Protein,Svamp,1.4,g
419,Kantarell konserv. u. lag,Summa fleromättade fettsyror,Svamp,0.4,g
419,Kantarell konserv. u. lag,"Fosfor, P",Svamp,50.0,mg
419,Kantarell konserv. u. lag,Niacinekvivalenter,Svamp,5.13,NE/mg
419,Kantarell konserv. u. lag,Niacin,Svamp,4.9,mg
419,Kantarell konserv. u. lag,"Salt, NaCl",Svamp,0.4,g
419,Kantarell konserv. u. lag,"Natrium, Na",Svamp,165.0,mg
419,Kantarell konserv. u. lag,Monosackarider,Svamp,0.4,g
419,Kantarell konserv. u. lag,"Sockerarter, totalt",Svamp,0.4,g
419,Kantarell konserv. u. lag,Summa enkelomättade fettsyror,Svamp,0.0,g
419,Kantarell konserv. u. lag,"Magnesium, Mg",Svamp,6.0,mg
419,Kantarell konserv. u. lag,Summa mättade fettsyror,Svamp,0.2,g
419,Kantarell konserv. u. lag,"Kolhydrater, tillgängliga",Svamp,4.8,g
419,Kantarell konserv. u. lag,Kolesterol,Svamp,0.0,mg
419,Kantarell konserv. u. lag,"Kalium, K",Svamp,155.0,mg
419,Kantarell konserv. u. lag,"Jod, I",Svamp,3.3,µg
419,Kantarell konserv. u. lag,Fullkorn totalt,Svamp,0.0,g
419,Kantarell konserv. u. lag,"Folat, totalt",Svamp,12.0,µg
419,Kantarell konserv. u. lag,Fibrer,Svamp,2.3,g
419,Kantarell konserv. u. lag,"Fett, totalt",Svamp,0.7,g
419,Kantarell konserv. u. lag,"Järn, Fe",Svamp,1.0,mg
419,Kantarell konserv. u. lag,Energi (kJ),Svamp,150.0,kJ
419,Kantarell konserv. u. lag,Energi (kcal),Svamp,36.0,kcal
419,Kantarell konserv. u. lag,Disackarider,Svamp,0.0,g
419,Kantarell konserv. u. lag,"Kalcium, Ca",Svamp,5.0,mg
419,Kantarell konserv. u. lag,Fettsyra 4:0-10:0,Svamp,0.0,g
419,Kantarell konserv. u. lag,DHA (C22:6),Svamp,0.0,g
419,Kantarell konserv. u. lag,DPA (C22:5),Svamp,0.0,g
419,Kantarell konserv. u. lag,EPA (C20:5),Svamp,0.0,g
419,Kantarell konserv. u. lag,Arakidonsyra C20:4,Svamp,0.0,g
419,Kantarell konserv. u. lag,Arakidinsyra C20:0,Svamp,0.0,g
419,Kantarell konserv. u. lag,Linolensyra C18:3,Svamp,0.3,g
419,Kantarell konserv. u. lag,Linolsyra C18:2,Svamp,0.1,g
419,Kantarell konserv. u. lag,Oljesyra C18:1,Svamp,0.0,g
419,Kantarell konserv. u. lag,Stearinsyra C18:0,Svamp,0.0,g
419,Kantarell konserv. u. lag,Palmitoljesyra C16:1,Svamp,0.0,g
419,Kantarell konserv. u. lag,Palmitinsyra C16:0,Svamp,0.2,g
419,Kantarell konserv. u. lag,Myristinsyra C14:0,Svamp,0.0,g
419,Kantarell konserv. u. lag,Laurinsyra C12:0,Svamp,0.0,g
419,Kantarell konserv. u. lag,Betakaroten/β-Karoten,Svamp,1300.0,µg
419,Kantarell konserv. u. lag,Avfall (skal etc.),Svamp,0.0,%
419,Kantarell konserv. u. lag,Aska,Svamp,0.8,g
419,Kantarell konserv. u. lag,Alkohol,Svamp,0.0,g
420,Syltlök inlagd,"Zink, Zn",Grönsaker,0.1,mg
420,Syltlök inlagd,Vitamin E,Grönsaker,0.1,mg
420,Syltlök inlagd,Vitamin D inkl 25-OH-D3,Grönsaker,0.0,µg
420,Syltlök inlagd,Vitamin D,Grönsaker,0.0,µg
420,Syltlök inlagd,Vitamin C,Grönsaker,5.0,mg
420,Syltlök inlagd,Vitamin B6,Grönsaker,0.1,mg
420,Syltlök inlagd,Vitamin B12,Grönsaker,0.0,µg
420,Syltlök inlagd,Vitamin A,Grönsaker,1.5,RE/µg
420,Syltlök inlagd,Vatten,Grönsaker,77.0,g
420,Syltlök inlagd,Tiamin,Grönsaker,0.02,mg
420,Syltlök inlagd,Tillsatt socker,Grönsaker,5.0,g
420,Syltlök inlagd,Fritt socker,Grönsaker,5.0,g
420,Syltlök inlagd,"Selen, Se",Grönsaker,0.5,µg
420,Syltlök inlagd,Sackaros,Grönsaker,1.5,g
420,Syltlök inlagd,Riboflavin,Grönsaker,0.03,mg
420,Syltlök inlagd,Retinol,Grönsaker,0.0,µg
420,Syltlök inlagd,Protein,Grönsaker,0.9,g
420,Syltlök inlagd,Summa fleromättade fettsyror,Grönsaker,0.0,g
420,Syltlök inlagd,"Fosfor, P",Grönsaker,23.0,mg
420,Syltlök inlagd,Niacinekvivalenter,Grönsaker,0.25,NE/mg
420,Syltlök inlagd,Niacin,Grönsaker,0.1,mg
420,Syltlök inlagd,"Salt, NaCl",Grönsaker,0.4,g
420,Syltlök inlagd,"Natrium, Na",Grönsaker,148.0,mg
420,Syltlök inlagd,Monosackarider,Grönsaker,3.5,g
420,Syltlök inlagd,"Sockerarter, totalt",Grönsaker,5.0,g
420,Syltlök inlagd,Summa enkelomättade fettsyror,Grönsaker,0.0,g
420,Syltlök inlagd,"Magnesium, Mg",Grönsaker,3.0,mg
420,Syltlök inlagd,Summa mättade fettsyror,Grönsaker,0.0,g
420,Syltlök inlagd,"Kolhydrater, tillgängliga",Grönsaker,18.7,g
420,Syltlök inlagd,Kolesterol,Grönsaker,0.0,mg
420,Syltlök inlagd,"Kalium, K",Grönsaker,109.0,mg
420,Syltlök inlagd,"Jod, I",Grönsaker,2.0,µg
420,Syltlök inlagd,Fullkorn totalt,Grönsaker,0.0,g
420,Syltlök inlagd,"Folat, totalt",Grönsaker,20.0,µg
420,Syltlök inlagd,Fibrer,Grönsaker,1.5,g
420,Syltlök inlagd,"Fett, totalt",Grönsaker,0.1,g
420,Syltlök inlagd,"Järn, Fe",Grönsaker,0.3,mg
420,Syltlök inlagd,Energi (kJ),Grönsaker,349.0,kJ
420,Syltlök inlagd,Energi (kcal),Grönsaker,83.0,kcal
420,Syltlök inlagd,Disackarider,Grönsaker,1.5,g
420,Syltlök inlagd,"Kalcium, Ca",Grönsaker,17.0,mg
420,Syltlök inlagd,Fettsyra 4:0-10:0,Grönsaker,0.0,g
420,Syltlök inlagd,DHA (C22:6),Grönsaker,0.0,g
420,Syltlök inlagd,DPA (C22:5),Grönsaker,0.0,g
420,Syltlök inlagd,EPA (C20:5),Grönsaker,0.0,g
420,Syltlök inlagd,Arakidonsyra C20:4,Grönsaker,0.0,g
420,Syltlök inlagd,Arakidinsyra C20:0,Grönsaker,0.0,g
420,Syltlök inlagd,Linolensyra C18:3,Grönsaker,0.0,g
420,Syltlök inlagd,Linolsyra C18:2,Grönsaker,0.0,g
420,Syltlök inlagd,Oljesyra C18:1,Grönsaker,0.0,g
420,Syltlök inlagd,Stearinsyra C18:0,Grönsaker,0.0,g
420,Syltlök inlagd,Palmitoljesyra C16:1,Grönsaker,0.0,g
420,Syltlök inlagd,Palmitinsyra C16:0,Grönsaker,0.0,g
420,Syltlök inlagd,Myristinsyra C14:0,Grönsaker,0.0,g
420,Syltlök inlagd,Laurinsyra C12:0,Grönsaker,0.0,g
420,Syltlök inlagd,Betakaroten/β-Karoten,Grönsaker,18.0,µg
420,Syltlök inlagd,Avfall (skal etc.),Grönsaker,0.0,%
420,Syltlök inlagd,Aska,Grönsaker,1.8,g
420,Syltlök inlagd,Alkohol,Grönsaker,0.0,g
421,Tomater gröna syltade,"Zink, Zn",Grönsaker,0.1,mg
421,Tomater gröna syltade,Vitamin E,Grönsaker,0.7,mg
421,Tomater gröna syltade,Vitamin D inkl 25-OH-D3,Grönsaker,0.0,µg
421,Tomater gröna syltade,Vitamin D,Grönsaker,0.0,µg
421,Tomater gröna syltade,Vitamin C,Grönsaker,12.0,mg
421,Tomater gröna syltade,Vitamin B6,Grönsaker,0.5,mg
421,Tomater gröna syltade,Vitamin B12,Grönsaker,0.0,µg
421,Tomater gröna syltade,Vitamin A,Grönsaker,30.0,RE/µg
421,Tomater gröna syltade,Vatten,Grönsaker,77.5,g
421,Tomater gröna syltade,Tiamin,Grönsaker,0.06,mg
421,Tomater gröna syltade,Tillsatt socker,Grönsaker,20.0,g
421,Tomater gröna syltade,Fritt socker,Grönsaker,20.0,g
421,Tomater gröna syltade,"Selen, Se",Grönsaker,0.5,µg
421,Tomater gröna syltade,Sackaros,Grönsaker,16.0,g
421,Tomater gröna syltade,Riboflavin,Grönsaker,0.04,mg
421,Tomater gröna syltade,Retinol,Grönsaker,0.0,µg
421,Tomater gröna syltade,Protein,Grönsaker,1.2,g
421,Tomater gröna syltade,Summa fleromättade fettsyror,Grönsaker,0.1,g
421,Tomater gröna syltade,"Fosfor, P",Grönsaker,28.0,mg
421,Tomater gröna syltade,Niacinekvivalenter,Grönsaker,0.7,NE/mg
421,Tomater gröna syltade,Niacin,Grönsaker,0.5,mg
421,Tomater gröna syltade,"Salt, NaCl",Grönsaker,0.0,g
421,Tomater gröna syltade,"Natrium, Na",Grönsaker,13.0,mg
421,Tomater gröna syltade,Monosackarider,Grönsaker,3.5,g
421,Tomater gröna syltade,"Sockerarter, totalt",Grönsaker,19.5,g
421,Tomater gröna syltade,Summa enkelomättade fettsyror,Grönsaker,0.0,g
421,Tomater gröna syltade,"Magnesium, Mg",Grönsaker,10.0,mg
421,Tomater gröna syltade,Summa mättade fettsyror,Grönsaker,0.0,g
421,Tomater gröna syltade,"Kolhydrater, tillgängliga",Grönsaker,18.6,g
421,Tomater gröna syltade,Kolesterol,Grönsaker,0.0,mg
421,Tomater gröna syltade,"Kalium, K",Grönsaker,204.0,mg
421,Tomater gröna syltade,"Jod, I",Grönsaker,2.0,µg
421,Tomater gröna syltade,Fullkorn totalt,Grönsaker,0.0,g
421,Tomater gröna syltade,"Folat, totalt",Grönsaker,9.0,µg
421,Tomater gröna syltade,Fibrer,Grönsaker,2.0,g
421,Tomater gröna syltade,"Fett, totalt",Grönsaker,0.2,g
421,Tomater gröna syltade,"Järn, Fe",Grönsaker,0.5,mg
421,Tomater gröna syltade,Energi (kJ),Grönsaker,360.0,kJ
421,Tomater gröna syltade,Energi (kcal),Grönsaker,86.0,kcal
421,Tomater gröna syltade,Disackarider,Grönsaker,16.0,g
421,Tomater gröna syltade,"Kalcium, Ca",Grönsaker,13.0,mg
421,Tomater gröna syltade,Fettsyra 4:0-10:0,Grönsaker,0.0,g
421,Tomater gröna syltade,DHA (C22:6),Grönsaker,0.0,g
421,Tomater gröna syltade,DPA (C22:5),Grönsaker,0.0,g
421,Tomater gröna syltade,EPA (C20:5),Grönsaker,0.0,g
421,Tomater gröna syltade,Arakidonsyra C20:4,Grönsaker,0.0,g
421,Tomater gröna syltade,Arakidinsyra C20:0,Grönsaker,0.0,g
421,Tomater gröna syltade,Linolensyra C18:3,Grönsaker,0.0,g
421,Tomater gröna syltade,Linolsyra C18:2,Grönsaker,0.1,g
421,Tomater gröna syltade,Oljesyra C18:1,Grönsaker,0.0,g
421,Tomater gröna syltade,Stearinsyra C18:0,Grönsaker,0.0,g
421,Tomater gröna syltade,Palmitoljesyra C16:1,Grönsaker,0.0,g
421,Tomater gröna syltade,Palmitinsyra C16:0,Grönsaker,0.0,g
421,Tomater gröna syltade,Myristinsyra C14:0,Grönsaker,0.0,g
421,Tomater gröna syltade,Laurinsyra C12:0,Grönsaker,0.0,g
421,Tomater gröna syltade,Betakaroten/β-Karoten,Grönsaker,360.0,µg
421,Tomater gröna syltade,Avfall (skal etc.),Grönsaker,0.0,%
421,Tomater gröna syltade,Aska,Grönsaker,0.5,g
421,Tomater gröna syltade,Alkohol,Grönsaker,0.0,g
422,Tomat krossad konserv. m. lag,"Zink, Zn",Grönsaker,0.1,mg
422,Tomat krossad konserv. m. lag,Vitamin E,Grönsaker,1.6,mg
422,Tomat krossad konserv. m. lag,Vitamin D inkl 25-OH-D3,Grönsaker,0.0,µg
422,Tomat krossad konserv. m. lag,Vitamin D,Grönsaker,0.0,µg
422,Tomat krossad konserv. m. lag,Vitamin C,Grönsaker,15.0,mg
422,Tomat krossad konserv. m. lag,Vitamin B6,Grönsaker,0.13,mg
422,Tomat krossad konserv. m. lag,Vitamin B12,Grönsaker,0.0,µg
422,Tomat krossad konserv. m. lag,Vitamin A,Grönsaker,28.5,RE/µg
422,Tomat krossad konserv. m. lag,Vatten,Grönsaker,93.4,g
422,Tomat krossad konserv. m. lag,Tiamin,Grönsaker,0.04,mg
422,Tomat krossad konserv. m. lag,Tillsatt socker,Grönsaker,0.0,g
422,Tomat krossad konserv. m. lag,Fritt socker,Grönsaker,1.0,g
422,Tomat krossad konserv. m. lag,"Selen, Se",Grönsaker,0.0,µg
422,Tomat krossad konserv. m. lag,Sackaros,Grönsaker,0.0,g
422,Tomat krossad konserv. m. lag,Riboflavin,Grönsaker,0.02,mg
422,Tomat krossad konserv. m. lag,Retinol,Grönsaker,0.0,µg
422,Tomat krossad konserv. m. lag,Protein,Grönsaker,0.8,g
422,Tomat krossad konserv. m. lag,Summa fleromättade fettsyror,Grönsaker,0.1,g
422,Tomat krossad konserv. m. lag,"Fosfor, P",Grönsaker,22.0,mg
422,Tomat krossad konserv. m. lag,Niacinekvivalenter,Grönsaker,1.1,NE/mg
422,Tomat krossad konserv. m. lag,Niacin,Grönsaker,0.94,mg
422,Tomat krossad konserv. m. lag,"Salt, NaCl",Grönsaker,0.0,g
422,Tomat krossad konserv. m. lag,"Natrium, Na",Grönsaker,16.0,mg
422,Tomat krossad konserv. m. lag,Monosackarider,Grönsaker,3.6,g
422,Tomat krossad konserv. m. lag,"Sockerarter, totalt",Grönsaker,3.6,g
422,Tomat krossad konserv. m. lag,Summa enkelomättade fettsyror,Grönsaker,0.0,g
422,Tomat krossad konserv. m. lag,"Magnesium, Mg",Grönsaker,12.0,mg
422,Tomat krossad konserv. m. lag,Summa mättade fettsyror,Grönsaker,0.0,g
422,Tomat krossad konserv. m. lag,"Kolhydrater, tillgängliga",Grönsaker,3.7,g
422,Tomat krossad konserv. m. lag,Kolesterol,Grönsaker,0.0,mg
422,Tomat krossad konserv. m. lag,"Kalium, K",Grönsaker,295.0,mg
422,Tomat krossad konserv. m. lag,"Jod, I",Grönsaker,2.0,µg
422,Tomat krossad konserv. m. lag,Fullkorn totalt,Grönsaker,0.0,g
422,Tomat krossad konserv. m. lag,"Folat, totalt",Grönsaker,28.1,µg
422,Tomat krossad konserv. m. lag,Fibrer,Grönsaker,1.2,g
422,Tomat krossad konserv. m. lag,"Fett, totalt",Grönsaker,0.2,g
422,Tomat krossad konserv. m. lag,"Järn, Fe",Grönsaker,0.6,mg
422,Tomat krossad konserv. m. lag,Energi (kJ),Grönsaker,94.0,kJ
422,Tomat krossad konserv. m. lag,Energi (kcal),Grönsaker,22.0,kcal
422,Tomat krossad konserv. m. lag,Disackarider,Grönsaker,0.0,g
422,Tomat krossad konserv. m. lag,"Kalcium, Ca",Grönsaker,12.0,mg
422,Tomat krossad konserv. m. lag,Fettsyra 4:0-10:0,Grönsaker,0.0,g
422,Tomat krossad konserv. m. lag,DHA (C22:6),Grönsaker,0.0,g
422,Tomat krossad konserv. m. lag,DPA (C22:5),Grönsaker,0.0,g
422,Tomat krossad konserv. m. lag,EPA (C20:5),Grönsaker,0.0,g
422,Tomat krossad konserv. m. lag,Arakidonsyra C20:4,Grönsaker,0.0,g
422,Tomat krossad konserv. m. lag,Arakidinsyra C20:0,Grönsaker,0.0,g
422,Tomat krossad konserv. m. lag,Linolensyra C18:3,Grönsaker,0.0,g
422,Tomat krossad konserv. m. lag,Linolsyra C18:2,Grönsaker,0.1,g
422,Tomat krossad konserv. m. lag,Oljesyra C18:1,Grönsaker,0.0,g
422,Tomat krossad konserv. m. lag,Stearinsyra C18:0,Grönsaker,0.0,g
422,Tomat krossad konserv. m. lag,Palmitoljesyra C16:1,Grönsaker,0.0,g
422,Tomat krossad konserv. m. lag,Palmitinsyra C16:0,Grönsaker,0.0,g
422,Tomat krossad konserv. m. lag,Myristinsyra C14:0,Grönsaker,0.0,g
422,Tomat krossad konserv. m. lag,Laurinsyra C12:0,Grönsaker,0.0,g
422,Tomat krossad konserv. m. lag,Betakaroten/β-Karoten,Grönsaker,342.0,µg
422,Tomat krossad konserv. m. lag,Avfall (skal etc.),Grönsaker,0.0,%
422,Tomat krossad konserv. m. lag,Aska,Grönsaker,0.7,g
422,Tomat krossad konserv. m. lag,Alkohol,Grönsaker,0.0,g
423,Fefferoni konserv. inlagd,"Zink, Zn",Grönsaker,0.2,mg
423,Fefferoni konserv. inlagd,Vitamin E,Grönsaker,1.1,mg
423,Fefferoni konserv. inlagd,Vitamin D inkl 25-OH-D3,Grönsaker,0.0,µg
423,Fefferoni konserv. inlagd,Vitamin D,Grönsaker,0.0,µg
423,Fefferoni konserv. inlagd,Vitamin C,Grönsaker,0.3,mg
423,Fefferoni konserv. inlagd,Vitamin B6,Grönsaker,0.12,mg
423,Fefferoni konserv. inlagd,Vitamin B12,Grönsaker,0.0,µg
423,Fefferoni konserv. inlagd,Vitamin A,Grönsaker,8.0,RE/µg
423,Fefferoni konserv. inlagd,Vatten,Grönsaker,88.2,g
423,Fefferoni konserv. inlagd,Tiamin,Grönsaker,0.01,mg
423,Fefferoni konserv. inlagd,Tillsatt socker,Grönsaker,0.0,g
423,Fefferoni konserv. inlagd,Fritt socker,Grönsaker,0.0,g
423,Fefferoni konserv. inlagd,"Selen, Se",Grönsaker,0.7,µg
423,Fefferoni konserv. inlagd,Sackaros,Grönsaker,0.1,g
423,Fefferoni konserv. inlagd,Riboflavin,Grönsaker,0.03,mg
423,Fefferoni konserv. inlagd,Retinol,Grönsaker,0.0,µg
423,Fefferoni konserv. inlagd,Protein,Grönsaker,0.7,g
423,Fefferoni konserv. inlagd,Summa fleromättade fettsyror,Grönsaker,0.0,g
423,Fefferoni konserv. inlagd,"Fosfor, P",Grönsaker,11.0,mg
423,Fefferoni konserv. inlagd,Niacinekvivalenter,Grönsaker,0.6,NE/mg
423,Fefferoni konserv. inlagd,Niacin,Grönsaker,0.46,mg
423,Fefferoni konserv. inlagd,"Salt, NaCl",Grönsaker,4.3,g
423,Fefferoni konserv. inlagd,"Natrium, Na",Grönsaker,1725.0,mg
423,Fefferoni konserv. inlagd,Monosackarider,Grönsaker,0.5,g
423,Fefferoni konserv. inlagd,"Sockerarter, totalt",Grönsaker,0.6,g
423,Fefferoni konserv. inlagd,Summa enkelomättade fettsyror,Grönsaker,0.0,g
423,Fefferoni konserv. inlagd,"Magnesium, Mg",Grönsaker,13.0,mg
423,Fefferoni konserv. inlagd,Summa mättade fettsyror,Grönsaker,0.0,g
423,Fefferoni konserv. inlagd,"Kolhydrater, tillgängliga",Grönsaker,1.7,g
423,Fefferoni konserv. inlagd,Kolesterol,Grönsaker,0.0,mg
423,Fefferoni konserv. inlagd,"Kalium, K",Grönsaker,86.0,mg
423,Fefferoni konserv. inlagd,"Jod, I",Grönsaker,49.0,µg
423,Fefferoni konserv. inlagd,Fullkorn totalt,Grönsaker,0.0,g
423,Fefferoni konserv. inlagd,"Folat, totalt",Grönsaker,13.6,µg
423,Fefferoni konserv. inlagd,Fibrer,Grönsaker,4.5,g
423,Fefferoni konserv. inlagd,"Fett, totalt",Grönsaker,0.1,g
423,Fefferoni konserv. inlagd,"Järn, Fe",Grönsaker,0.7,mg
423,Fefferoni konserv. inlagd,Energi (kJ),Grönsaker,80.0,kJ
423,Fefferoni konserv. inlagd,Energi (kcal),Grönsaker,19.0,kcal
423,Fefferoni konserv. inlagd,Disackarider,Grönsaker,0.1,g
423,Fefferoni konserv. inlagd,"Kalcium, Ca",Grönsaker,32.0,mg
423,Fefferoni konserv. inlagd,Fettsyra 4:0-10:0,Grönsaker,0.0,g
423,Fefferoni konserv. inlagd,DHA (C22:6),Grönsaker,0.0,g
423,Fefferoni konserv. inlagd,DPA (C22:5),Grönsaker,0.0,g
423,Fefferoni konserv. inlagd,EPA (C20:5),Grönsaker,0.0,g
423,Fefferoni konserv. inlagd,Arakidonsyra C20:4,Grönsaker,0.0,g
423,Fefferoni konserv. inlagd,Arakidinsyra C20:0,Grönsaker,0.0,g
423,Fefferoni konserv. inlagd,Linolensyra C18:3,Grönsaker,0.0,g
423,Fefferoni konserv. inlagd,Linolsyra C18:2,Grönsaker,0.0,g
423,Fefferoni konserv. inlagd,Oljesyra C18:1,Grönsaker,0.0,g
423,Fefferoni konserv. inlagd,Stearinsyra C18:0,Grönsaker,0.0,g
423,Fefferoni konserv. inlagd,Palmitoljesyra C16:1,Grönsaker,0.0,g
423,Fefferoni konserv. inlagd,Palmitinsyra C16:0,Grönsaker,0.0,g
423,Fefferoni konserv. inlagd,Myristinsyra C14:0,Grönsaker,0.0,g
423,Fefferoni konserv. inlagd,Laurinsyra C12:0,Grönsaker,0.0,g
423,Fefferoni konserv. inlagd,Betakaroten/β-Karoten,Grönsaker,92.0,µg
423,Fefferoni konserv. inlagd,Avfall (skal etc.),Grönsaker,0.0,%
423,Fefferoni konserv. inlagd,Aska,Grönsaker,4.8,g
423,Fefferoni konserv. inlagd,Alkohol,Grönsaker,0.0,g
424,Wokgrönsaker Asiatiska wokade m. rapsolja,"Zink, Zn",Grönsaks- rotfrukts- baljväxträtter o produkter,0.4,mg
424,Wokgrönsaker Asiatiska wokade m. rapsolja,Vitamin E,Grönsaks- rotfrukts- baljväxträtter o produkter,1.3,mg
424,Wokgrönsaker Asiatiska wokade m. rapsolja,Vitamin D inkl 25-OH-D3,Grönsaks- rotfrukts- baljväxträtter o produkter,0.0,µg
424,Wokgrönsaker Asiatiska wokade m. rapsolja,Vitamin D,Grönsaks- rotfrukts- baljväxträtter o produkter,0.0,µg
424,Wokgrönsaker Asiatiska wokade m. rapsolja,Vitamin C,Grönsaks- rotfrukts- baljväxträtter o produkter,9.7,mg
424,Wokgrönsaker Asiatiska wokade m. rapsolja,Vitamin B6,Grönsaks- rotfrukts- baljväxträtter o produkter,0.15,mg
424,Wokgrönsaker Asiatiska wokade m. rapsolja,Vitamin B12,Grönsaks- rotfrukts- baljväxträtter o produkter,0.06,µg
424,Wokgrönsaker Asiatiska wokade m. rapsolja,Vitamin A,Grönsaks- rotfrukts- baljväxträtter o produkter,256.9,RE/µg
424,Wokgrönsaker Asiatiska wokade m. rapsolja,Vatten,Grönsaks- rotfrukts- baljväxträtter o produkter,86.0,g
424,Wokgrönsaker Asiatiska wokade m. rapsolja,Tiamin,Grönsaks- rotfrukts- baljväxträtter o produkter,0.06,mg
424,Wokgrönsaker Asiatiska wokade m. rapsolja,Tillsatt socker,Grönsaks- rotfrukts- baljväxträtter o produkter,0.0,g
424,Wokgrönsaker Asiatiska wokade m. rapsolja,Fritt socker,Grönsaks- rotfrukts- baljväxträtter o produkter,0.0,g
424,Wokgrönsaker Asiatiska wokade m. rapsolja,"Selen, Se",Grönsaks- rotfrukts- baljväxträtter o produkter,0.0,µg
424,Wokgrönsaker Asiatiska wokade m. rapsolja,Sackaros,Grönsaks- rotfrukts- baljväxträtter o produkter,2.3,g
424,Wokgrönsaker Asiatiska wokade m. rapsolja,Riboflavin,Grönsaks- rotfrukts- baljväxträtter o produkter,0.06,mg
424,Wokgrönsaker Asiatiska wokade m. rapsolja,Retinol,Grönsaks- rotfrukts- baljväxträtter o produkter,0.0,µg
424,Wokgrönsaker Asiatiska wokade m. rapsolja,Protein,Grönsaks- rotfrukts- baljväxträtter o produkter,1.4,g
424,Wokgrönsaker Asiatiska wokade m. rapsolja,Summa fleromättade fettsyror,Grönsaks- rotfrukts- baljväxträtter o produkter,0.4,g
424,Wokgrönsaker Asiatiska wokade m. rapsolja,"Fosfor, P",Grönsaks- rotfrukts- baljväxträtter o produkter,37.0,mg
424,Wokgrönsaker Asiatiska wokade m. rapsolja,Niacinekvivalenter,Grönsaks- rotfrukts- baljväxträtter o produkter,0.7,NE/mg
424,Wokgrönsaker Asiatiska wokade m. rapsolja,Niacin,Grönsaks- rotfrukts- baljväxträtter o produkter,0.48,mg
424,Wokgrönsaker Asiatiska wokade m. rapsolja,"Salt, NaCl",Grönsaks- rotfrukts- baljväxträtter o produkter,0.6,g
424,Wokgrönsaker Asiatiska wokade m. rapsolja,"Natrium, Na",Grönsaks- rotfrukts- baljväxträtter o produkter,220.0,mg
424,Wokgrönsaker Asiatiska wokade m. rapsolja,Monosackarider,Grönsaks- rotfrukts- baljväxträtter o produkter,2.1,g
424,Wokgrönsaker Asiatiska wokade m. rapsolja,"Sockerarter, totalt",Grönsaks- rotfrukts- baljväxträtter o produkter,4.4,g
424,Wokgrönsaker Asiatiska wokade m. rapsolja,Summa enkelomättade fettsyror,Grönsaks- rotfrukts- baljväxträtter o produkter,0.7,g
424,Wokgrönsaker Asiatiska wokade m. rapsolja,"Magnesium, Mg",Grönsaks- rotfrukts- baljväxträtter o produkter,16.0,mg
424,Wokgrönsaker Asiatiska wokade m. rapsolja,Summa mättade fettsyror,Grönsaks- rotfrukts- baljväxträtter o produkter,0.1,g
424,Wokgrönsaker Asiatiska wokade m. rapsolja,"Kolhydrater, tillgängliga",Grönsaks- rotfrukts- baljväxträtter o produkter,5.7,g
424,Wokgrönsaker Asiatiska wokade m. rapsolja,Kolesterol,Grönsaks- rotfrukts- baljväxträtter o produkter,0.0,mg
424,Wokgrönsaker Asiatiska wokade m. rapsolja,"Kalium, K",Grönsaks- rotfrukts- baljväxträtter o produkter,226.0,mg
424,Wokgrönsaker Asiatiska wokade m. rapsolja,"Jod, I",Grönsaks- rotfrukts- baljväxträtter o produkter,2.0,µg
424,Wokgrönsaker Asiatiska wokade m. rapsolja,Fullkorn totalt,Grönsaks- rotfrukts- baljväxträtter o produkter,0.0,g
424,Wokgrönsaker Asiatiska wokade m. rapsolja,"Folat, totalt",Grönsaks- rotfrukts- baljväxträtter o produkter,42.4,µg
424,Wokgrönsaker Asiatiska wokade m. rapsolja,Fibrer,Grönsaks- rotfrukts- baljväxträtter o produkter,4.3,g
424,Wokgrönsaker Asiatiska wokade m. rapsolja,"Fett, totalt",Grönsaks- rotfrukts- baljväxträtter o produkter,1.3,g
424,Wokgrönsaker Asiatiska wokade m. rapsolja,"Järn, Fe",Grönsaks- rotfrukts- baljväxträtter o produkter,0.6,mg
424,Wokgrönsaker Asiatiska wokade m. rapsolja,Energi (kJ),Grönsaks- rotfrukts- baljväxträtter o produkter,204.0,kJ
424,Wokgrönsaker Asiatiska wokade m. rapsolja,Energi (kcal),Grönsaks- rotfrukts- baljväxträtter o produkter,49.0,kcal
424,Wokgrönsaker Asiatiska wokade m. rapsolja,Disackarider,Grönsaks- rotfrukts- baljväxträtter o produkter,2.3,g
424,Wokgrönsaker Asiatiska wokade m. rapsolja,"Kalcium, Ca",Grönsaks- rotfrukts- baljväxträtter o produkter,44.0,mg
424,Wokgrönsaker Asiatiska wokade m. rapsolja,Fettsyra 4:0-10:0,Grönsaks- rotfrukts- baljväxträtter o produkter,0.0,g
424,Wokgrönsaker Asiatiska wokade m. rapsolja,DHA (C22:6),Grönsaks- rotfrukts- baljväxträtter o produkter,0.0,g
424,Wokgrönsaker Asiatiska wokade m. rapsolja,DPA (C22:5),Grönsaks- rotfrukts- baljväxträtter o produkter,0.0,g
424,Wokgrönsaker Asiatiska wokade m. rapsolja,EPA (C20:5),Grönsaks- rotfrukts- baljväxträtter o produkter,0.0,g
424,Wokgrönsaker Asiatiska wokade m. rapsolja,Arakidonsyra C20:4,Grönsaks- rotfrukts- baljväxträtter o produkter,0.0,g
424,Wokgrönsaker Asiatiska wokade m. rapsolja,Arakidinsyra C20:0,Grönsaks- rotfrukts- baljväxträtter o produkter,0.0,g
424,Wokgrönsaker Asiatiska wokade m. rapsolja,Linolensyra C18:3,Grönsaks- rotfrukts- baljväxträtter o produkter,0.1,g
424,Wokgrönsaker Asiatiska wokade m. rapsolja,Linolsyra C18:2,Grönsaks- rotfrukts- baljväxträtter o produkter,0.0,g
424,Wokgrönsaker Asiatiska wokade m. rapsolja,Oljesyra C18:1,Grönsaks- rotfrukts- baljväxträtter o produkter,0.6,g
424,Wokgrönsaker Asiatiska wokade m. rapsolja,Stearinsyra C18:0,Grönsaks- rotfrukts- baljväxträtter o produkter,0.0,g
424,Wokgrönsaker Asiatiska wokade m. rapsolja,Palmitoljesyra C16:1,Grönsaks- rotfrukts- baljväxträtter o produkter,0.0,g
424,Wokgrönsaker Asiatiska wokade m. rapsolja,Palmitinsyra C16:0,Grönsaks- rotfrukts- baljväxträtter o produkter,0.1,g
424,Wokgrönsaker Asiatiska wokade m. rapsolja,Myristinsyra C14:0,Grönsaks- rotfrukts- baljväxträtter o produkter,0.0,g
424,Wokgrönsaker Asiatiska wokade m. rapsolja,Laurinsyra C12:0,Grönsaks- rotfrukts- baljväxträtter o produkter,0.0,g
424,Wokgrönsaker Asiatiska wokade m. rapsolja,Betakaroten/β-Karoten,Grönsaks- rotfrukts- baljväxträtter o produkter,2600.0,µg
424,Wokgrönsaker Asiatiska wokade m. rapsolja,Avfall (skal etc.),Grönsaks- rotfrukts- baljväxträtter o produkter,0.0,%
424,Wokgrönsaker Asiatiska wokade m. rapsolja,Aska,Grönsaks- rotfrukts- baljväxträtter o produkter,1.3,g
424,Wokgrönsaker Asiatiska wokade m. rapsolja,Alkohol,Grönsaks- rotfrukts- baljväxträtter o produkter,0.0,g
425,Wokgrönsaker Classic wokade m. rapsolja,"Zink, Zn",Grönsaks- rotfrukts- baljväxträtter o produkter,0.5,mg
425,Wokgrönsaker Classic wokade m. rapsolja,Vitamin E,Grönsaks- rotfrukts- baljväxträtter o produkter,1.4,mg
425,Wokgrönsaker Classic wokade m. rapsolja,Vitamin D inkl 25-OH-D3,Grönsaks- rotfrukts- baljväxträtter o produkter,0.0,µg
425,Wokgrönsaker Classic wokade m. rapsolja,Vitamin D,Grönsaks- rotfrukts- baljväxträtter o produkter,0.0,µg
425,Wokgrönsaker Classic wokade m. rapsolja,Vitamin C,Grönsaks- rotfrukts- baljväxträtter o produkter,11.4,mg
425,Wokgrönsaker Classic wokade m. rapsolja,Vitamin B6,Grönsaks- rotfrukts- baljväxträtter o produkter,0.17,mg
425,Wokgrönsaker Classic wokade m. rapsolja,Vitamin B12,Grönsaks- rotfrukts- baljväxträtter o produkter,0.08,µg
425,Wokgrönsaker Classic wokade m. rapsolja,Vitamin A,Grönsaks- rotfrukts- baljväxträtter o produkter,325.8,RE/µg
425,Wokgrönsaker Classic wokade m. rapsolja,Vatten,Grönsaks- rotfrukts- baljväxträtter o produkter,87.8,g
425,Wokgrönsaker Classic wokade m. rapsolja,Tiamin,Grönsaks- rotfrukts- baljväxträtter o produkter,0.04,mg
425,Wokgrönsaker Classic wokade m. rapsolja,Tillsatt socker,Grönsaks- rotfrukts- baljväxträtter o produkter,0.0,g
425,Wokgrönsaker Classic wokade m. rapsolja,Fritt socker,Grönsaks- rotfrukts- baljväxträtter o produkter,0.0,g
425,Wokgrönsaker Classic wokade m. rapsolja,"Selen, Se",Grönsaks- rotfrukts- baljväxträtter o produkter,0.0,µg
425,Wokgrönsaker Classic wokade m. rapsolja,Sackaros,Grönsaks- rotfrukts- baljväxträtter o produkter,1.6,g
425,Wokgrönsaker Classic wokade m. rapsolja,Riboflavin,Grönsaks- rotfrukts- baljväxträtter o produkter,0.07,mg
425,Wokgrönsaker Classic wokade m. rapsolja,Retinol,Grönsaks- rotfrukts- baljväxträtter o produkter,0.0,µg
425,Wokgrönsaker Classic wokade m. rapsolja,Protein,Grönsaks- rotfrukts- baljväxträtter o produkter,1.8,g
425,Wokgrönsaker Classic wokade m. rapsolja,Summa fleromättade fettsyror,Grönsaks- rotfrukts- baljväxträtter o produkter,0.5,g
425,Wokgrönsaker Classic wokade m. rapsolja,"Fosfor, P",Grönsaks- rotfrukts- baljväxträtter o produkter,47.0,mg
425,Wokgrönsaker Classic wokade m. rapsolja,Niacinekvivalenter,Grönsaks- rotfrukts- baljväxträtter o produkter,1.0,NE/mg
425,Wokgrönsaker Classic wokade m. rapsolja,Niacin,Grönsaks- rotfrukts- baljväxträtter o produkter,0.67,mg
425,Wokgrönsaker Classic wokade m. rapsolja,"Salt, NaCl",Grönsaks- rotfrukts- baljväxträtter o produkter,0.2,g
425,Wokgrönsaker Classic wokade m. rapsolja,"Natrium, Na",Grönsaks- rotfrukts- baljväxträtter o produkter,79.0,mg
425,Wokgrönsaker Classic wokade m. rapsolja,Monosackarider,Grönsaks- rotfrukts- baljväxträtter o produkter,1.8,g
425,Wokgrönsaker Classic wokade m. rapsolja,"Sockerarter, totalt",Grönsaks- rotfrukts- baljväxträtter o produkter,3.4,g
425,Wokgrönsaker Classic wokade m. rapsolja,Summa enkelomättade fettsyror,Grönsaks- rotfrukts- baljväxträtter o produkter,0.8,g
425,Wokgrönsaker Classic wokade m. rapsolja,"Magnesium, Mg",Grönsaks- rotfrukts- baljväxträtter o produkter,18.0,mg
425,Wokgrönsaker Classic wokade m. rapsolja,Summa mättade fettsyror,Grönsaks- rotfrukts- baljväxträtter o produkter,0.2,g
425,Wokgrönsaker Classic wokade m. rapsolja,"Kolhydrater, tillgängliga",Grönsaks- rotfrukts- baljväxträtter o produkter,4.9,g
425,Wokgrönsaker Classic wokade m. rapsolja,Kolesterol,Grönsaks- rotfrukts- baljväxträtter o produkter,0.0,mg
425,Wokgrönsaker Classic wokade m. rapsolja,"Kalium, K",Grönsaks- rotfrukts- baljväxträtter o produkter,229.0,mg
425,Wokgrönsaker Classic wokade m. rapsolja,"Jod, I",Grönsaks- rotfrukts- baljväxträtter o produkter,2.0,µg
425,Wokgrönsaker Classic wokade m. rapsolja,Fullkorn totalt,Grönsaks- rotfrukts- baljväxträtter o produkter,0.0,g
425,Wokgrönsaker Classic wokade m. rapsolja,"Folat, totalt",Grönsaks- rotfrukts- baljväxträtter o produkter,75.1,µg
425,Wokgrönsaker Classic wokade m. rapsolja,Fibrer,Grönsaks- rotfrukts- baljväxträtter o produkter,3.1,g
425,Wokgrönsaker Classic wokade m. rapsolja,"Fett, totalt",Grönsaks- rotfrukts- baljväxträtter o produkter,1.6,g
425,Wokgrönsaker Classic wokade m. rapsolja,"Järn, Fe",Grönsaks- rotfrukts- baljväxträtter o produkter,0.6,mg
425,Wokgrönsaker Classic wokade m. rapsolja,Energi (kJ),Grönsaks- rotfrukts- baljväxträtter o produkter,198.0,kJ
425,Wokgrönsaker Classic wokade m. rapsolja,Energi (kcal),Grönsaks- rotfrukts- baljväxträtter o produkter,47.0,kcal
425,Wokgrönsaker Classic wokade m. rapsolja,Disackarider,Grönsaks- rotfrukts- baljväxträtter o produkter,1.6,g
425,Wokgrönsaker Classic wokade m. rapsolja,"Kalcium, Ca",Grönsaks- rotfrukts- baljväxträtter o produkter,33.0,mg
425,Wokgrönsaker Classic wokade m. rapsolja,Fettsyra 4:0-10:0,Grönsaks- rotfrukts- baljväxträtter o produkter,0.0,g
425,Wokgrönsaker Classic wokade m. rapsolja,DHA (C22:6),Grönsaks- rotfrukts- baljväxträtter o produkter,0.0,g
425,Wokgrönsaker Classic wokade m. rapsolja,DPA (C22:5),Grönsaks- rotfrukts- baljväxträtter o produkter,0.0,g
425,Wokgrönsaker Classic wokade m. rapsolja,EPA (C20:5),Grönsaks- rotfrukts- baljväxträtter o produkter,0.0,g
425,Wokgrönsaker Classic wokade m. rapsolja,Arakidonsyra C20:4,Grönsaks- rotfrukts- baljväxträtter o produkter,0.0,g
425,Wokgrönsaker Classic wokade m. rapsolja,Arakidinsyra C20:0,Grönsaks- rotfrukts- baljväxträtter o produkter,0.0,g
425,Wokgrönsaker Classic wokade m. rapsolja,Linolensyra C18:3,Grönsaks- rotfrukts- baljväxträtter o produkter,0.2,g
425,Wokgrönsaker Classic wokade m. rapsolja,Linolsyra C18:2,Grönsaks- rotfrukts- baljväxträtter o produkter,0.4,g
425,Wokgrönsaker Classic wokade m. rapsolja,Oljesyra C18:1,Grönsaks- rotfrukts- baljväxträtter o produkter,0.8,g
425,Wokgrönsaker Classic wokade m. rapsolja,Stearinsyra C18:0,Grönsaks- rotfrukts- baljväxträtter o produkter,0.0,g
425,Wokgrönsaker Classic wokade m. rapsolja,Palmitoljesyra C16:1,Grönsaks- rotfrukts- baljväxträtter o produkter,0.0,g
425,Wokgrönsaker Classic wokade m. rapsolja,Palmitinsyra C16:0,Grönsaks- rotfrukts- baljväxträtter o produkter,0.1,g
425,Wokgrönsaker Classic wokade m. rapsolja,Myristinsyra C14:0,Grönsaks- rotfrukts- baljväxträtter o produkter,0.0,g
425,Wokgrönsaker Classic wokade m. rapsolja,Laurinsyra C12:0,Grönsaks- rotfrukts- baljväxträtter o produkter,0.0,g
425,Wokgrönsaker Classic wokade m. rapsolja,Betakaroten/β-Karoten,Grönsaks- rotfrukts- baljväxträtter o produkter,3310.0,µg
425,Wokgrönsaker Classic wokade m. rapsolja,Avfall (skal etc.),Grönsaks- rotfrukts- baljväxträtter o produkter,0.0,%
425,Wokgrönsaker Classic wokade m. rapsolja,Aska,Grönsaks- rotfrukts- baljväxträtter o produkter,0.8,g
425,Wokgrönsaker Classic wokade m. rapsolja,Alkohol,Grönsaks- rotfrukts- baljväxträtter o produkter,0.0,g
426,Grönsaksblandning ärtor morot konserv. m. lag,"Zink, Zn",Grönsaksblandningar med rotfrukter och eller baljväxter,0.6,mg
426,Grönsaksblandning ärtor morot konserv. m. lag,Vitamin E,Grönsaksblandningar med rotfrukter och eller baljväxter,0.2,mg
426,Grönsaksblandning ärtor morot konserv. m. lag,Vitamin D inkl 25-OH-D3,Grönsaksblandningar med rotfrukter och eller baljväxter,0.0,µg
426,Grönsaksblandning ärtor morot konserv. m. lag,Vitamin D,Grönsaksblandningar med rotfrukter och eller baljväxter,0.0,µg
426,Grönsaksblandning ärtor morot konserv. m. lag,Vitamin C,Grönsaksblandningar med rotfrukter och eller baljväxter,5.0,mg
426,Grönsaksblandning ärtor morot konserv. m. lag,Vitamin B6,Grönsaksblandningar med rotfrukter och eller baljväxter,0.09,mg
426,Grönsaksblandning ärtor morot konserv. m. lag,Vitamin B12,Grönsaksblandningar med rotfrukter och eller baljväxter,0.0,µg
426,Grönsaksblandning ärtor morot konserv. m. lag,Vitamin A,Grönsaksblandningar med rotfrukter och eller baljväxter,450.0,RE/µg
426,Grönsaksblandning ärtor morot konserv. m. lag,Vatten,Grönsaksblandningar med rotfrukter och eller baljväxter,88.0,g
426,Grönsaksblandning ärtor morot konserv. m. lag,Tiamin,Grönsaksblandningar med rotfrukter och eller baljväxter,0.08,mg
426,Grönsaksblandning ärtor morot konserv. m. lag,Tillsatt socker,Grönsaksblandningar med rotfrukter och eller baljväxter,0.0,g
426,Grönsaksblandning ärtor morot konserv. m. lag,Fritt socker,Grönsaksblandningar med rotfrukter och eller baljväxter,0.0,g
426,Grönsaksblandning ärtor morot konserv. m. lag,"Selen, Se",Grönsaksblandningar med rotfrukter och eller baljväxter,0.5,µg
426,Grönsaksblandning ärtor morot konserv. m. lag,Sackaros,Grönsaksblandningar med rotfrukter och eller baljväxter,1.6,g
426,Grönsaksblandning ärtor morot konserv. m. lag,Riboflavin,Grönsaksblandningar med rotfrukter och eller baljväxter,0.05,mg
426,Grönsaksblandning ärtor morot konserv. m. lag,Retinol,Grönsaksblandningar med rotfrukter och eller baljväxter,0.0,µg
426,Grönsaksblandning ärtor morot konserv. m. lag,Protein,Grönsaksblandningar med rotfrukter och eller baljväxter,2.2,g
426,Grönsaksblandning ärtor morot konserv. m. lag,Summa fleromättade fettsyror,Grönsaksblandningar med rotfrukter och eller baljväxter,0.2,g
426,Grönsaksblandning ärtor morot konserv. m. lag,"Fosfor, P",Grönsaksblandningar med rotfrukter och eller baljväxter,46.0,mg
426,Grönsaksblandning ärtor morot konserv. m. lag,Niacinekvivalenter,Grönsaksblandningar med rotfrukter och eller baljväxter,0.97,NE/mg
426,Grönsaksblandning ärtor morot konserv. m. lag,Niacin,Grönsaksblandningar med rotfrukter och eller baljväxter,0.6,mg
426,Grönsaksblandning ärtor morot konserv. m. lag,"Salt, NaCl",Grönsaksblandningar med rotfrukter och eller baljväxter,0.9,g
426,Grönsaksblandning ärtor morot konserv. m. lag,"Natrium, Na",Grönsaksblandningar med rotfrukter och eller baljväxter,370.0,mg
426,Grönsaksblandning ärtor morot konserv. m. lag,Monosackarider,Grönsaksblandningar med rotfrukter och eller baljväxter,0.3,g
426,Grönsaksblandning ärtor morot konserv. m. lag,"Sockerarter, totalt",Grönsaksblandningar med rotfrukter och eller baljväxter,1.9,g
426,Grönsaksblandning ärtor morot konserv. m. lag,Summa enkelomättade fettsyror,Grönsaksblandningar med rotfrukter och eller baljväxter,0.0,g
426,Grönsaksblandning ärtor morot konserv. m. lag,"Magnesium, Mg",Grönsaksblandningar med rotfrukter och eller baljväxter,14.0,mg
426,Grönsaksblandning ärtor morot konserv. m. lag,Summa mättade fettsyror,Grönsaksblandningar med rotfrukter och eller baljväxter,0.1,g
426,Grönsaksblandning ärtor morot konserv. m. lag,"Kolhydrater, tillgängliga",Grönsaksblandningar med rotfrukter och eller baljväxter,6.1,g
426,Grönsaksblandning ärtor morot konserv. m. lag,Kolesterol,Grönsaksblandningar med rotfrukter och eller baljväxter,0.0,mg
426,Grönsaksblandning ärtor morot konserv. m. lag,"Kalium, K",Grönsaksblandningar med rotfrukter och eller baljväxter,20.0,mg
426,Grönsaksblandning ärtor morot konserv. m. lag,"Jod, I",Grönsaksblandningar med rotfrukter och eller baljväxter,3.3,µg
426,Grönsaksblandning ärtor morot konserv. m. lag,Fullkorn totalt,Grönsaksblandningar med rotfrukter och eller baljväxter,0.0,g
426,Grönsaksblandning ärtor morot konserv. m. lag,"Folat, totalt",Grönsaksblandningar med rotfrukter och eller baljväxter,18.0,µg
426,Grönsaksblandning ärtor morot konserv. m. lag,Fibrer,Grönsaksblandningar med rotfrukter och eller baljväxter,2.5,g
426,Grönsaksblandning ärtor morot konserv. m. lag,"Fett, totalt",Grönsaksblandningar med rotfrukter och eller baljväxter,0.3,g
426,Grönsaksblandning ärtor morot konserv. m. lag,"Järn, Fe",Grönsaksblandningar med rotfrukter och eller baljväxter,0.8,mg
426,Grönsaksblandning ärtor morot konserv. m. lag,Energi (kJ),Grönsaksblandningar med rotfrukter och eller baljväxter,172.0,kJ
426,Grönsaksblandning ärtor morot konserv. m. lag,Energi (kcal),Grönsaksblandningar med rotfrukter och eller baljväxter,41.0,kcal
426,Grönsaksblandning ärtor morot konserv. m. lag,Disackarider,Grönsaksblandningar med rotfrukter och eller baljväxter,1.6,g
426,Grönsaksblandning ärtor morot konserv. m. lag,"Kalcium, Ca",Grönsaksblandningar med rotfrukter och eller baljväxter,30.0,mg
426,Grönsaksblandning ärtor morot konserv. m. lag,Fettsyra 4:0-10:0,Grönsaksblandningar med rotfrukter och eller baljväxter,0.0,g
426,Grönsaksblandning ärtor morot konserv. m. lag,DHA (C22:6),Grönsaksblandningar med rotfrukter och eller baljväxter,0.0,g
426,Grönsaksblandning ärtor morot konserv. m. lag,DPA (C22:5),Grönsaksblandningar med rotfrukter och eller baljväxter,0.0,g
426,Grönsaksblandning ärtor morot konserv. m. lag,EPA (C20:5),Grönsaksblandningar med rotfrukter och eller baljväxter,0.0,g
426,Grönsaksblandning ärtor morot konserv. m. lag,Arakidonsyra C20:4,Grönsaksblandningar med rotfrukter och eller baljväxter,0.0,g
426,Grönsaksblandning ärtor morot konserv. m. lag,Arakidinsyra C20:0,Grönsaksblandningar med rotfrukter och eller baljväxter,0.0,g
426,Grönsaksblandning ärtor morot konserv. m. lag,Linolensyra C18:3,Grönsaksblandningar med rotfrukter och eller baljväxter,0.0,g
426,Grönsaksblandning ärtor morot konserv. m. lag,Linolsyra C18:2,Grönsaksblandningar med rotfrukter och eller baljväxter,0.1,g
426,Grönsaksblandning ärtor morot konserv. m. lag,Oljesyra C18:1,Grönsaksblandningar med rotfrukter och eller baljväxter,0.0,g
426,Grönsaksblandning ärtor morot konserv. m. lag,Stearinsyra C18:0,Grönsaksblandningar med rotfrukter och eller baljväxter,0.0,g
426,Grönsaksblandning ärtor morot konserv. m. lag,Palmitoljesyra C16:1,Grönsaksblandningar med rotfrukter och eller baljväxter,0.0,g
426,Grönsaksblandning ärtor morot konserv. m. lag,Palmitinsyra C16:0,Grönsaksblandningar med rotfrukter och eller baljväxter,0.0,g
426,Grönsaksblandning ärtor morot konserv. m. lag,Myristinsyra C14:0,Grönsaksblandningar med rotfrukter och eller baljväxter,0.0,g
426,Grönsaksblandning ärtor morot konserv. m. lag,Laurinsyra C12:0,Grönsaksblandningar med rotfrukter och eller baljväxter,0.0,g
426,Grönsaksblandning ärtor morot konserv. m. lag,Betakaroten/β-Karoten,Grönsaksblandningar med rotfrukter och eller baljväxter,5400.0,µg
426,Grönsaksblandning ärtor morot konserv. m. lag,Avfall (skal etc.),Grönsaksblandningar med rotfrukter och eller baljväxter,0.0,%
426,Grönsaksblandning ärtor morot konserv. m. lag,Aska,Grönsaksblandningar med rotfrukter och eller baljväxter,0.9,g
426,Grönsaksblandning ärtor morot konserv. m. lag,Alkohol,Grönsaksblandningar med rotfrukter och eller baljväxter,0.0,g
427,Grönsaksjuice konserv. el. pastöriserad drickf.,"Zink, Zn",Grönsaksjuice rotfruktsjuice,0.2,mg
427,Grönsaksjuice konserv. el. pastöriserad drickf.,Vitamin E,Grönsaksjuice rotfruktsjuice,0.1,mg
427,Grönsaksjuice konserv. el. pastöriserad drickf.,Vitamin D inkl 25-OH-D3,Grönsaksjuice rotfruktsjuice,0.0,µg
427,Grönsaksjuice konserv. el. pastöriserad drickf.,Vitamin D,Grönsaksjuice rotfruktsjuice,0.0,µg
427,Grönsaksjuice konserv. el. pastöriserad drickf.,Vitamin C,Grönsaksjuice rotfruktsjuice,28.0,mg
427,Grönsaksjuice konserv. el. pastöriserad drickf.,Vitamin B6,Grönsaksjuice rotfruktsjuice,0.14,mg
427,Grönsaksjuice konserv. el. pastöriserad drickf.,Vitamin B12,Grönsaksjuice rotfruktsjuice,0.0,µg
427,Grönsaksjuice konserv. el. pastöriserad drickf.,Vitamin A,Grönsaksjuice rotfruktsjuice,58.3,RE/µg
427,Grönsaksjuice konserv. el. pastöriserad drickf.,Vatten,Grönsaksjuice rotfruktsjuice,94.0,g
427,Grönsaksjuice konserv. el. pastöriserad drickf.,Tiamin,Grönsaksjuice rotfruktsjuice,0.04,mg
427,Grönsaksjuice konserv. el. pastöriserad drickf.,Tillsatt socker,Grönsaksjuice rotfruktsjuice,0.0,g
427,Grönsaksjuice konserv. el. pastöriserad drickf.,Fritt socker,Grönsaksjuice rotfruktsjuice,3.0,g
427,Grönsaksjuice konserv. el. pastöriserad drickf.,"Selen, Se",Grönsaksjuice rotfruktsjuice,0.5,µg
427,Grönsaksjuice konserv. el. pastöriserad drickf.,Sackaros,Grönsaksjuice rotfruktsjuice,0.1,g
427,Grönsaksjuice konserv. el. pastöriserad drickf.,Riboflavin,Grönsaksjuice rotfruktsjuice,0.03,mg
427,Grönsaksjuice konserv. el. pastöriserad drickf.,Retinol,Grönsaksjuice rotfruktsjuice,0.0,µg
427,Grönsaksjuice konserv. el. pastöriserad drickf.,Protein,Grönsaksjuice rotfruktsjuice,0.6,g
427,Grönsaksjuice konserv. el. pastöriserad drickf.,Summa fleromättade fettsyror,Grönsaksjuice rotfruktsjuice,0.0,g
427,Grönsaksjuice konserv. el. pastöriserad drickf.,"Fosfor, P",Grönsaksjuice rotfruktsjuice,17.0,mg
427,Grönsaksjuice konserv. el. pastöriserad drickf.,Niacinekvivalenter,Grönsaksjuice rotfruktsjuice,0.8,NE/mg
427,Grönsaksjuice konserv. el. pastöriserad drickf.,Niacin,Grönsaksjuice rotfruktsjuice,0.7,mg
427,Grönsaksjuice konserv. el. pastöriserad drickf.,"Salt, NaCl",Grönsaksjuice rotfruktsjuice,0.9,g
427,Grönsaksjuice konserv. el. pastöriserad drickf.,"Natrium, Na",Grönsaksjuice rotfruktsjuice,365.0,mg
427,Grönsaksjuice konserv. el. pastöriserad drickf.,Monosackarider,Grönsaksjuice rotfruktsjuice,3.1,g
427,Grönsaksjuice konserv. el. pastöriserad drickf.,"Sockerarter, totalt",Grönsaksjuice rotfruktsjuice,3.2,g
427,Grönsaksjuice konserv. el. pastöriserad drickf.,Summa enkelomättade fettsyror,Grönsaksjuice rotfruktsjuice,0.0,g
427,Grönsaksjuice konserv. el. pastöriserad drickf.,"Magnesium, Mg",Grönsaksjuice rotfruktsjuice,11.0,mg
427,Grönsaksjuice konserv. el. pastöriserad drickf.,Summa mättade fettsyror,Grönsaksjuice rotfruktsjuice,0.0,g
427,Grönsaksjuice konserv. el. pastöriserad drickf.,"Kolhydrater, tillgängliga",Grönsaksjuice rotfruktsjuice,3.7,g
427,Grönsaksjuice konserv. el. pastöriserad drickf.,Kolesterol,Grönsaksjuice rotfruktsjuice,0.0,mg
427,Grönsaksjuice konserv. el. pastöriserad drickf.,"Kalium, K",Grönsaksjuice rotfruktsjuice,193.0,mg
427,Grönsaksjuice konserv. el. pastöriserad drickf.,"Jod, I",Grönsaksjuice rotfruktsjuice,1.8,µg
427,Grönsaksjuice konserv. el. pastöriserad drickf.,Fullkorn totalt,Grönsaksjuice rotfruktsjuice,0.0,g
427,Grönsaksjuice konserv. el. pastöriserad drickf.,"Folat, totalt",Grönsaksjuice rotfruktsjuice,13.0,µg
427,Grönsaksjuice konserv. el. pastöriserad drickf.,Fibrer,Grönsaksjuice rotfruktsjuice,0.4,g
427,Grönsaksjuice konserv. el. pastöriserad drickf.,"Fett, totalt",Grönsaksjuice rotfruktsjuice,0.1,g
427,Grönsaksjuice konserv. el. pastöriserad drickf.,"Järn, Fe",Grönsaksjuice rotfruktsjuice,0.4,mg
427,Grönsaksjuice konserv. el. pastöriserad drickf.,Energi (kJ),Grönsaksjuice rotfruktsjuice,80.0,kJ
427,Grönsaksjuice konserv. el. pastöriserad drickf.,Energi (kcal),Grönsaksjuice rotfruktsjuice,19.0,kcal
427,Grönsaksjuice konserv. el. pastöriserad drickf.,Disackarider,Grönsaksjuice rotfruktsjuice,0.1,g
427,Grönsaksjuice konserv. el. pastöriserad drickf.,"Kalcium, Ca",Grönsaksjuice rotfruktsjuice,11.0,mg
427,Grönsaksjuice konserv. el. pastöriserad drickf.,Fettsyra 4:0-10:0,Grönsaksjuice rotfruktsjuice,0.0,g
427,Grönsaksjuice konserv. el. pastöriserad drickf.,DHA (C22:6),Grönsaksjuice rotfruktsjuice,0.0,g
427,Grönsaksjuice konserv. el. pastöriserad drickf.,DPA (C22:5),Grönsaksjuice rotfruktsjuice,0.0,g
427,Grönsaksjuice konserv. el. pastöriserad drickf.,EPA (C20:5),Grönsaksjuice rotfruktsjuice,0.0,g
427,Grönsaksjuice konserv. el. pastöriserad drickf.,Arakidonsyra C20:4,Grönsaksjuice rotfruktsjuice,0.0,g
427,Grönsaksjuice konserv. el. pastöriserad drickf.,Arakidinsyra C20:0,Grönsaksjuice rotfruktsjuice,0.0,g
427,Grönsaksjuice konserv. el. pastöriserad drickf.,Linolensyra C18:3,Grönsaksjuice rotfruktsjuice,0.0,g
427,Grönsaksjuice konserv. el. pastöriserad drickf.,Linolsyra C18:2,Grönsaksjuice rotfruktsjuice,0.0,g
427,Grönsaksjuice konserv. el. pastöriserad drickf.,Oljesyra C18:1,Grönsaksjuice rotfruktsjuice,0.0,g
427,Grönsaksjuice konserv. el. pastöriserad drickf.,Stearinsyra C18:0,Grönsaksjuice rotfruktsjuice,0.0,g
427,Grönsaksjuice konserv. el. pastöriserad drickf.,Palmitoljesyra C16:1,Grönsaksjuice rotfruktsjuice,0.0,g
427,Grönsaksjuice konserv. el. pastöriserad drickf.,Palmitinsyra C16:0,Grönsaksjuice rotfruktsjuice,0.0,g
427,Grönsaksjuice konserv. el. pastöriserad drickf.,Myristinsyra C14:0,Grönsaksjuice rotfruktsjuice,0.0,g
427,Grönsaksjuice konserv. el. pastöriserad drickf.,Laurinsyra C12:0,Grönsaksjuice rotfruktsjuice,0.0,g
427,Grönsaksjuice konserv. el. pastöriserad drickf.,Betakaroten/β-Karoten,Grönsaksjuice rotfruktsjuice,700.0,µg
427,Grönsaksjuice konserv. el. pastöriserad drickf.,Avfall (skal etc.),Grönsaksjuice rotfruktsjuice,0.0,%
427,Grönsaksjuice konserv. el. pastöriserad drickf.,Aska,Grönsaksjuice rotfruktsjuice,1.2,g
427,Grönsaksjuice konserv. el. pastöriserad drickf.,Alkohol,Grönsaksjuice rotfruktsjuice,0.0,g
428,Champinjon konserv. u. lag,"Zink, Zn",Svamp,0.3,mg
428,Champinjon konserv. u. lag,Vitamin E,Svamp,0.0,mg
428,Champinjon konserv. u. lag,Vitamin D inkl 25-OH-D3,Svamp,0.0,µg
428,Champinjon konserv. u. lag,Vitamin D,Svamp,0.0,µg
428,Champinjon konserv. u. lag,Vitamin C,Svamp,15.3,mg
428,Champinjon konserv. u. lag,Vitamin B6,Svamp,0.02,mg
428,Champinjon konserv. u. lag,Vitamin B12,Svamp,0.0,µg
428,Champinjon konserv. u. lag,Vitamin A,Svamp,0.0,RE/µg
428,Champinjon konserv. u. lag,Vatten,Svamp,93.6,g
428,Champinjon konserv. u. lag,Tiamin,Svamp,0.0,mg
428,Champinjon konserv. u. lag,Tillsatt socker,Svamp,0.0,g
428,Champinjon konserv. u. lag,Fritt socker,Svamp,0.0,g
428,Champinjon konserv. u. lag,"Selen, Se",Svamp,4.4,µg
428,Champinjon konserv. u. lag,Sackaros,Svamp,0.0,g
428,Champinjon konserv. u. lag,Riboflavin,Svamp,0.12,mg
428,Champinjon konserv. u. lag,Retinol,Svamp,0.0,µg
428,Champinjon konserv. u. lag,Protein,Svamp,2.4,g
428,Champinjon konserv. u. lag,Summa fleromättade fettsyror,Svamp,0.0,g
428,Champinjon konserv. u. lag,"Fosfor, P",Svamp,37.0,mg
428,Champinjon konserv. u. lag,Niacinekvivalenter,Svamp,0.9,NE/mg
428,Champinjon konserv. u. lag,Niacin,Svamp,0.54,mg
428,Champinjon konserv. u. lag,"Salt, NaCl",Svamp,0.6,g
428,Champinjon konserv. u. lag,"Natrium, Na",Svamp,223.0,mg
428,Champinjon konserv. u. lag,Monosackarider,Svamp,0.2,g
428,Champinjon konserv. u. lag,"Sockerarter, totalt",Svamp,0.2,g
428,Champinjon konserv. u. lag,Summa enkelomättade fettsyror,Svamp,0.0,g
428,Champinjon konserv. u. lag,"Magnesium, Mg",Svamp,3.0,mg
428,Champinjon konserv. u. lag,Summa mättade fettsyror,Svamp,0.0,g
428,Champinjon konserv. u. lag,"Kolhydrater, tillgängliga",Svamp,0.3,g
428,Champinjon konserv. u. lag,Kolesterol,Svamp,0.0,mg
428,Champinjon konserv. u. lag,"Kalium, K",Svamp,62.0,mg
428,Champinjon konserv. u. lag,"Jod, I",Svamp,0.0,µg
428,Champinjon konserv. u. lag,Fullkorn totalt,Svamp,0.0,g
428,Champinjon konserv. u. lag,"Folat, totalt",Svamp,6.4,µg
428,Champinjon konserv. u. lag,Fibrer,Svamp,2.5,g
428,Champinjon konserv. u. lag,"Fett, totalt",Svamp,0.3,g
428,Champinjon konserv. u. lag,"Järn, Fe",Svamp,0.3,mg
428,Champinjon konserv. u. lag,Energi (kJ),Svamp,77.0,kJ
428,Champinjon konserv. u. lag,Energi (kcal),Svamp,18.0,kcal
428,Champinjon konserv. u. lag,Disackarider,Svamp,0.0,g
428,Champinjon konserv. u. lag,"Kalcium, Ca",Svamp,9.0,mg
428,Champinjon konserv. u. lag,Fettsyra 4:0-10:0,Svamp,0.0,g
428,Champinjon konserv. u. lag,DHA (C22:6),Svamp,0.0,g
428,Champinjon konserv. u. lag,DPA (C22:5),Svamp,0.0,g
428,Champinjon konserv. u. lag,EPA (C20:5),Svamp,0.0,g
428,Champinjon konserv. u. lag,Arakidonsyra C20:4,Svamp,0.0,g
428,Champinjon konserv. u. lag,Arakidinsyra C20:0,Svamp,0.0,g
428,Champinjon konserv. u. lag,Linolensyra C18:3,Svamp,0.0,g
428,Champinjon konserv. u. lag,Linolsyra C18:2,Svamp,0.0,g
428,Champinjon konserv. u. lag,Oljesyra C18:1,Svamp,0.0,g
428,Champinjon konserv. u. lag,Stearinsyra C18:0,Svamp,0.0,g
428,Champinjon konserv. u. lag,Palmitoljesyra C16:1,Svamp,0.0,g
428,Champinjon konserv. u. lag,Palmitinsyra C16:0,Svamp,0.0,g
428,Champinjon konserv. u. lag,Myristinsyra C14:0,Svamp,0.0,g
428,Champinjon konserv. u. lag,Laurinsyra C12:0,Svamp,0.0,g
428,Champinjon konserv. u. lag,Betakaroten/β-Karoten,Svamp,0.0,µg
428,Champinjon konserv. u. lag,Avfall (skal etc.),Svamp,0.0,%
428,Champinjon konserv. u. lag,Aska,Svamp,0.9,g
428,Champinjon konserv. u. lag,Alkohol,Svamp,0.0,g
429,Pumpasallad m. paprika inlagd sockrad u. lag,"Zink, Zn",Grönsaks- rotfrukts- baljväxträtter o produkter,0.1,mg
429,Pumpasallad m. paprika inlagd sockrad u. lag,Vitamin E,Grönsaks- rotfrukts- baljväxträtter o produkter,0.5,mg
429,Pumpasallad m. paprika inlagd sockrad u. lag,Vitamin D inkl 25-OH-D3,Grönsaks- rotfrukts- baljväxträtter o produkter,0.0,µg
429,Pumpasallad m. paprika inlagd sockrad u. lag,Vitamin D,Grönsaks- rotfrukts- baljväxträtter o produkter,0.0,µg
429,Pumpasallad m. paprika inlagd sockrad u. lag,Vitamin C,Grönsaks- rotfrukts- baljväxträtter o produkter,10.0,mg
429,Pumpasallad m. paprika inlagd sockrad u. lag,Vitamin B6,Grönsaks- rotfrukts- baljväxträtter o produkter,0.1,mg
429,Pumpasallad m. paprika inlagd sockrad u. lag,Vitamin B12,Grönsaks- rotfrukts- baljväxträtter o produkter,0.0,µg
429,Pumpasallad m. paprika inlagd sockrad u. lag,Vitamin A,Grönsaks- rotfrukts- baljväxträtter o produkter,150.0,RE/µg
429,Pumpasallad m. paprika inlagd sockrad u. lag,Vatten,Grönsaks- rotfrukts- baljväxträtter o produkter,83.0,g
429,Pumpasallad m. paprika inlagd sockrad u. lag,Tiamin,Grönsaks- rotfrukts- baljväxträtter o produkter,0.05,mg
429,Pumpasallad m. paprika inlagd sockrad u. lag,Tillsatt socker,Grönsaks- rotfrukts- baljväxträtter o produkter,11.0,g
429,Pumpasallad m. paprika inlagd sockrad u. lag,Fritt socker,Grönsaks- rotfrukts- baljväxträtter o produkter,11.0,g
429,Pumpasallad m. paprika inlagd sockrad u. lag,"Selen, Se",Grönsaks- rotfrukts- baljväxträtter o produkter,1.0,µg
429,Pumpasallad m. paprika inlagd sockrad u. lag,Sackaros,Grönsaks- rotfrukts- baljväxträtter o produkter,6.8,g
429,Pumpasallad m. paprika inlagd sockrad u. lag,Riboflavin,Grönsaks- rotfrukts- baljväxträtter o produkter,0.09,mg
429,Pumpasallad m. paprika inlagd sockrad u. lag,Retinol,Grönsaks- rotfrukts- baljväxträtter o produkter,0.0,µg
429,Pumpasallad m. paprika inlagd sockrad u. lag,Protein,Grönsaks- rotfrukts- baljväxträtter o produkter,0.9,g
429,Pumpasallad m. paprika inlagd sockrad u. lag,Summa fleromättade fettsyror,Grönsaks- rotfrukts- baljväxträtter o produkter,0.1,g
429,Pumpasallad m. paprika inlagd sockrad u. lag,"Fosfor, P",Grönsaks- rotfrukts- baljväxträtter o produkter,3.0,mg
429,Pumpasallad m. paprika inlagd sockrad u. lag,Niacinekvivalenter,Grönsaks- rotfrukts- baljväxträtter o produkter,0.25,NE/mg
429,Pumpasallad m. paprika inlagd sockrad u. lag,Niacin,Grönsaks- rotfrukts- baljväxträtter o produkter,0.1,mg
429,Pumpasallad m. paprika inlagd sockrad u. lag,"Salt, NaCl",Grönsaks- rotfrukts- baljväxträtter o produkter,0.0,g
429,Pumpasallad m. paprika inlagd sockrad u. lag,"Natrium, Na",Grönsaks- rotfrukts- baljväxträtter o produkter,6.0,mg
429,Pumpasallad m. paprika inlagd sockrad u. lag,Monosackarider,Grönsaks- rotfrukts- baljväxträtter o produkter,6.8,g
429,Pumpasallad m. paprika inlagd sockrad u. lag,"Sockerarter, totalt",Grönsaks- rotfrukts- baljväxträtter o produkter,13.6,g
429,Pumpasallad m. paprika inlagd sockrad u. lag,Summa enkelomättade fettsyror,Grönsaks- rotfrukts- baljväxträtter o produkter,0.0,g
429,Pumpasallad m. paprika inlagd sockrad u. lag,"Magnesium, Mg",Grönsaks- rotfrukts- baljväxträtter o produkter,7.0,mg
429,Pumpasallad m. paprika inlagd sockrad u. lag,Summa mättade fettsyror,Grönsaks- rotfrukts- baljväxträtter o produkter,0.1,g
429,Pumpasallad m. paprika inlagd sockrad u. lag,"Kolhydrater, tillgängliga",Grönsaks- rotfrukts- baljväxträtter o produkter,13.5,g
429,Pumpasallad m. paprika inlagd sockrad u. lag,Kolesterol,Grönsaks- rotfrukts- baljväxträtter o produkter,0.0,mg
429,Pumpasallad m. paprika inlagd sockrad u. lag,"Kalium, K",Grönsaks- rotfrukts- baljväxträtter o produkter,265.0,mg
429,Pumpasallad m. paprika inlagd sockrad u. lag,Fullkorn totalt,Grönsaks- rotfrukts- baljväxträtter o produkter,0.0,g
429,Pumpasallad m. paprika inlagd sockrad u. lag,"Folat, totalt",Grönsaks- rotfrukts- baljväxträtter o produkter,19.0,µg
429,Pumpasallad m. paprika inlagd sockrad u. lag,Fibrer,Grönsaks- rotfrukts- baljväxträtter o produkter,2.0,g
429,Pumpasallad m. paprika inlagd sockrad u. lag,"Fett, totalt",Grönsaks- rotfrukts- baljväxträtter o produkter,0.2,g
429,Pumpasallad m. paprika inlagd sockrad u. lag,"Järn, Fe",Grönsaks- rotfrukts- baljväxträtter o produkter,0.5,mg
429,Pumpasallad m. paprika inlagd sockrad u. lag,Energi (kJ),Grönsaks- rotfrukts- baljväxträtter o produkter,268.0,kJ
429,Pumpasallad m. paprika inlagd sockrad u. lag,Energi (kcal),Grönsaks- rotfrukts- baljväxträtter o produkter,64.0,kcal
429,Pumpasallad m. paprika inlagd sockrad u. lag,Disackarider,Grönsaks- rotfrukts- baljväxträtter o produkter,6.8,g
429,Pumpasallad m. paprika inlagd sockrad u. lag,"Kalcium, Ca",Grönsaks- rotfrukts- baljväxträtter o produkter,16.0,mg
429,Pumpasallad m. paprika inlagd sockrad u. lag,Fettsyra 4:0-10:0,Grönsaks- rotfrukts- baljväxträtter o produkter,0.0,g
429,Pumpasallad m. paprika inlagd sockrad u. lag,DHA (C22:6),Grönsaks- rotfrukts- baljväxträtter o produkter,0.0,g
429,Pumpasallad m. paprika inlagd sockrad u. lag,DPA (C22:5),Grönsaks- rotfrukts- baljväxträtter o produkter,0.0,g
429,Pumpasallad m. paprika inlagd sockrad u. lag,EPA (C20:5),Grönsaks- rotfrukts- baljväxträtter o produkter,0.0,g
429,Pumpasallad m. paprika inlagd sockrad u. lag,Arakidonsyra C20:4,Grönsaks- rotfrukts- baljväxträtter o produkter,0.0,g
429,Pumpasallad m. paprika inlagd sockrad u. lag,Arakidinsyra C20:0,Grönsaks- rotfrukts- baljväxträtter o produkter,0.0,g
429,Pumpasallad m. paprika inlagd sockrad u. lag,Linolensyra C18:3,Grönsaks- rotfrukts- baljväxträtter o produkter,0.0,g
429,Pumpasallad m. paprika inlagd sockrad u. lag,Linolsyra C18:2,Grönsaks- rotfrukts- baljväxträtter o produkter,0.0,g
429,Pumpasallad m. paprika inlagd sockrad u. lag,Oljesyra C18:1,Grönsaks- rotfrukts- baljväxträtter o produkter,0.0,g
429,Pumpasallad m. paprika inlagd sockrad u. lag,Stearinsyra C18:0,Grönsaks- rotfrukts- baljväxträtter o produkter,0.0,g
429,Pumpasallad m. paprika inlagd sockrad u. lag,Palmitoljesyra C16:1,Grönsaks- rotfrukts- baljväxträtter o produkter,0.0,g
429,Pumpasallad m. paprika inlagd sockrad u. lag,Palmitinsyra C16:0,Grönsaks- rotfrukts- baljväxträtter o produkter,0.0,g
429,Pumpasallad m. paprika inlagd sockrad u. lag,Myristinsyra C14:0,Grönsaks- rotfrukts- baljväxträtter o produkter,0.0,g
429,Pumpasallad m. paprika inlagd sockrad u. lag,Laurinsyra C12:0,Grönsaks- rotfrukts- baljväxträtter o produkter,0.0,g
429,Pumpasallad m. paprika inlagd sockrad u. lag,Betakaroten/β-Karoten,Grönsaks- rotfrukts- baljväxträtter o produkter,1800.0,µg
429,Pumpasallad m. paprika inlagd sockrad u. lag,Avfall (skal etc.),Grönsaks- rotfrukts- baljväxträtter o produkter,0.0,%
429,Pumpasallad m. paprika inlagd sockrad u. lag,Aska,Grönsaks- rotfrukts- baljväxträtter o produkter,0.4,g
429,Pumpasallad m. paprika inlagd sockrad u. lag,Alkohol,Grönsaks- rotfrukts- baljväxträtter o produkter,0.0,g
430,Grönsakssoppa klar veg. ,"Zink, Zn",Soppa mat,0.1,mg
430,Grönsakssoppa klar veg. ,Vitamin E,Soppa mat,0.1,mg
430,Grönsakssoppa klar veg. ,Vitamin D inkl 25-OH-D3,Soppa mat,0.0,µg
430,Grönsakssoppa klar veg. ,Vitamin D,Soppa mat,0.0,µg
430,Grönsakssoppa klar veg. ,Vitamin C,Soppa mat,1.0,mg
430,Grönsakssoppa klar veg. ,Vitamin B6,Soppa mat,0.02,mg
430,Grönsakssoppa klar veg. ,Vitamin B12,Soppa mat,0.0,µg
430,Grönsakssoppa klar veg. ,Vitamin A,Soppa mat,145.8,RE/µg
430,Grönsakssoppa klar veg. ,Vatten,Soppa mat,93.0,g
430,Grönsakssoppa klar veg. ,Tiamin,Soppa mat,0.02,mg
430,Grönsakssoppa klar veg. ,Tillsatt socker,Soppa mat,0.0,g
430,Grönsakssoppa klar veg. ,Fritt socker,Soppa mat,0.0,g
430,Grönsakssoppa klar veg. ,"Selen, Se",Soppa mat,0.1,µg
430,Grönsakssoppa klar veg. ,Sackaros,Soppa mat,0.6,g
430,Grönsakssoppa klar veg. ,Riboflavin,Soppa mat,0.02,mg
430,Grönsakssoppa klar veg. ,Retinol,Soppa mat,0.0,µg
430,Grönsakssoppa klar veg. ,Protein,Soppa mat,0.9,g
430,Grönsakssoppa klar veg. ,Summa fleromättade fettsyror,Soppa mat,0.1,g
430,Grönsakssoppa klar veg. ,"Fosfor, P",Soppa mat,22.0,mg
430,Grönsakssoppa klar veg. ,Niacinekvivalenter,Soppa mat,0.55,NE/mg
430,Grönsakssoppa klar veg. ,Niacin,Soppa mat,0.4,mg
430,Grönsakssoppa klar veg. ,"Salt, NaCl",Soppa mat,0.6,g
430,Grönsakssoppa klar veg. ,"Natrium, Na",Soppa mat,253.0,mg
430,Grönsakssoppa klar veg. ,Monosackarider,Soppa mat,0.8,g
430,Grönsakssoppa klar veg. ,"Sockerarter, totalt",Soppa mat,1.4,g
430,Grönsakssoppa klar veg. ,Summa enkelomättade fettsyror,Soppa mat,0.1,g
430,Grönsakssoppa klar veg. ,"Magnesium, Mg",Soppa mat,6.0,mg
430,Grönsakssoppa klar veg. ,Summa mättade fettsyror,Soppa mat,0.1,g
430,Grönsakssoppa klar veg. ,"Kolhydrater, tillgängliga",Soppa mat,3.9,g
430,Grönsakssoppa klar veg. ,Kolesterol,Soppa mat,0.0,mg
430,Grönsakssoppa klar veg. ,"Kalium, K",Soppa mat,109.0,mg
430,Grönsakssoppa klar veg. ,"Jod, I",Soppa mat,0.4,µg
430,Grönsakssoppa klar veg. ,Fullkorn totalt,Soppa mat,0.0,g
430,Grönsakssoppa klar veg. ,"Folat, totalt",Soppa mat,4.0,µg
430,Grönsakssoppa klar veg. ,Fibrer,Soppa mat,0.9,g
430,Grönsakssoppa klar veg. ,"Fett, totalt",Soppa mat,0.2,g
430,Grönsakssoppa klar veg. ,"Järn, Fe",Soppa mat,0.3,mg
430,Grönsakssoppa klar veg. ,Energi (kJ),Soppa mat,97.0,kJ
430,Grönsakssoppa klar veg. ,Energi (kcal),Soppa mat,23.0,kcal
430,Grönsakssoppa klar veg. ,Disackarider,Soppa mat,0.6,g
430,Grönsakssoppa klar veg. ,"Kalcium, Ca",Soppa mat,10.0,mg
430,Grönsakssoppa klar veg. ,Fettsyra 4:0-10:0,Soppa mat,0.0,g
430,Grönsakssoppa klar veg. ,DHA (C22:6),Soppa mat,0.0,g
430,Grönsakssoppa klar veg. ,DPA (C22:5),Soppa mat,0.0,g
430,Grönsakssoppa klar veg. ,EPA (C20:5),Soppa mat,0.0,g
430,Grönsakssoppa klar veg. ,Arakidonsyra C20:4,Soppa mat,0.0,g
430,Grönsakssoppa klar veg. ,Arakidinsyra C20:0,Soppa mat,0.0,g
430,Grönsakssoppa klar veg. ,Linolensyra C18:3,Soppa mat,0.0,g
430,Grönsakssoppa klar veg. ,Linolsyra C18:2,Soppa mat,0.0,g
430,Grönsakssoppa klar veg. ,Oljesyra C18:1,Soppa mat,0.1,g
430,Grönsakssoppa klar veg. ,Stearinsyra C18:0,Soppa mat,0.0,g
430,Grönsakssoppa klar veg. ,Palmitoljesyra C16:1,Soppa mat,0.0,g
430,Grönsakssoppa klar veg. ,Palmitinsyra C16:0,Soppa mat,0.0,g
430,Grönsakssoppa klar veg. ,Myristinsyra C14:0,Soppa mat,0.0,g
430,Grönsakssoppa klar veg. ,Laurinsyra C12:0,Soppa mat,0.0,g
430,Grönsakssoppa klar veg. ,Betakaroten/β-Karoten,Soppa mat,1750.0,µg
430,Grönsakssoppa klar veg. ,Avfall (skal etc.),Soppa mat,0.0,%
430,Grönsakssoppa klar veg. ,Aska,Soppa mat,1.1,g
430,Grönsakssoppa klar veg. ,Alkohol,Soppa mat,0.0,g
431,Spenatsoppa veg. hemlagad,"Zink, Zn",Soppa mat,0.3,mg
431,Spenatsoppa veg. hemlagad,Vitamin E,Soppa mat,0.3,mg
431,Spenatsoppa veg. hemlagad,Vitamin D inkl 25-OH-D3,Soppa mat,0.0,µg
431,Spenatsoppa veg. hemlagad,Vitamin D,Soppa mat,0.0,µg
431,Spenatsoppa veg. hemlagad,Vitamin C,Soppa mat,3.6,mg
431,Spenatsoppa veg. hemlagad,Vitamin B6,Soppa mat,0.05,mg
431,Spenatsoppa veg. hemlagad,Vitamin B12,Soppa mat,0.1,µg
431,Spenatsoppa veg. hemlagad,Vitamin A,Soppa mat,116.3,RE/µg
431,Spenatsoppa veg. hemlagad,Vatten,Soppa mat,92.0,g
431,Spenatsoppa veg. hemlagad,Tiamin,Soppa mat,0.03,mg
431,Spenatsoppa veg. hemlagad,Tillsatt socker,Soppa mat,0.0,g
431,Spenatsoppa veg. hemlagad,Fritt socker,Soppa mat,0.0,g
431,Spenatsoppa veg. hemlagad,"Selen, Se",Soppa mat,0.4,µg
431,Spenatsoppa veg. hemlagad,Sackaros,Soppa mat,0.0,g
431,Spenatsoppa veg. hemlagad,Riboflavin,Soppa mat,0.07,mg
431,Spenatsoppa veg. hemlagad,Retinol,Soppa mat,19.0,µg
431,Spenatsoppa veg. hemlagad,Protein,Soppa mat,1.9,g
431,Spenatsoppa veg. hemlagad,Summa fleromättade fettsyror,Soppa mat,0.3,g
431,Spenatsoppa veg. hemlagad,"Fosfor, P",Soppa mat,32.0,mg
431,Spenatsoppa veg. hemlagad,Niacinekvivalenter,Soppa mat,0.75,NE/mg
431,Spenatsoppa veg. hemlagad,Niacin,Soppa mat,0.43,mg
431,Spenatsoppa veg. hemlagad,"Salt, NaCl",Soppa mat,0.3,g
431,Spenatsoppa veg. hemlagad,"Natrium, Na",Soppa mat,129.0,mg
431,Spenatsoppa veg. hemlagad,Monosackarider,Soppa mat,0.1,g
431,Spenatsoppa veg. hemlagad,"Sockerarter, totalt",Soppa mat,0.9,g
431,Spenatsoppa veg. hemlagad,Summa enkelomättade fettsyror,Soppa mat,0.8,g
431,Spenatsoppa veg. hemlagad,"Magnesium, Mg",Soppa mat,12.0,mg
431,Spenatsoppa veg. hemlagad,Summa mättade fettsyror,Soppa mat,0.8,g
431,Spenatsoppa veg. hemlagad,"Kolhydrater, tillgängliga",Soppa mat,2.2,g
431,Spenatsoppa veg. hemlagad,Kolesterol,Soppa mat,0.0,mg
431,Spenatsoppa veg. hemlagad,"Kalium, K",Soppa mat,117.0,mg
431,Spenatsoppa veg. hemlagad,"Jod, I",Soppa mat,3.7,µg
431,Spenatsoppa veg. hemlagad,Fullkorn totalt,Soppa mat,0.0,g
431,Spenatsoppa veg. hemlagad,"Folat, totalt",Soppa mat,38.5,µg
431,Spenatsoppa veg. hemlagad,Fibrer,Soppa mat,0.7,g
431,Spenatsoppa veg. hemlagad,"Fett, totalt",Soppa mat,2.0,g
431,Spenatsoppa veg. hemlagad,"Järn, Fe",Soppa mat,0.4,mg
431,Spenatsoppa veg. hemlagad,Energi (kJ),Soppa mat,149.0,kJ
431,Spenatsoppa veg. hemlagad,Energi (kcal),Soppa mat,36.0,kcal
431,Spenatsoppa veg. hemlagad,Disackarider,Soppa mat,0.8,g
431,Spenatsoppa veg. hemlagad,"Kalcium, Ca",Soppa mat,61.0,mg
431,Spenatsoppa veg. hemlagad,Fettsyra 4:0-10:0,Soppa mat,0.1,g
431,Spenatsoppa veg. hemlagad,DHA (C22:6),Soppa mat,0.0,g
431,Spenatsoppa veg. hemlagad,DPA (C22:5),Soppa mat,0.0,g
431,Spenatsoppa veg. hemlagad,EPA (C20:5),Soppa mat,0.0,g
431,Spenatsoppa veg. hemlagad,Arakidonsyra C20:4,Soppa mat,0.0,g
431,Spenatsoppa veg. hemlagad,Arakidinsyra C20:0,Soppa mat,0.0,g
431,Spenatsoppa veg. hemlagad,Linolensyra C18:3,Soppa mat,0.1,g
431,Spenatsoppa veg. hemlagad,Linolsyra C18:2,Soppa mat,0.2,g
431,Spenatsoppa veg. hemlagad,Oljesyra C18:1,Soppa mat,0.7,g
431,Spenatsoppa veg. hemlagad,Stearinsyra C18:0,Soppa mat,0.2,g
431,Spenatsoppa veg. hemlagad,Palmitoljesyra C16:1,Soppa mat,0.0,g
431,Spenatsoppa veg. hemlagad,Palmitinsyra C16:0,Soppa mat,0.4,g
431,Spenatsoppa veg. hemlagad,Myristinsyra C14:0,Soppa mat,0.1,g
431,Spenatsoppa veg. hemlagad,Laurinsyra C12:0,Soppa mat,0.1,g
431,Spenatsoppa veg. hemlagad,Betakaroten/β-Karoten,Soppa mat,1168.0,µg
431,Spenatsoppa veg. hemlagad,Avfall (skal etc.),Soppa mat,0.0,%
431,Spenatsoppa veg. hemlagad,Aska,Soppa mat,1.2,g
431,Spenatsoppa veg. hemlagad,Alkohol,Soppa mat,0.0,g
432,Vitkål stuvad hemlagad,"Zink, Zn",Grönsaks- rotfrukts- baljväxträtter o produkter,0.2,mg
432,Vitkål stuvad hemlagad,Vitamin E,Grönsaks- rotfrukts- baljväxträtter o produkter,0.3,mg
432,Vitkål stuvad hemlagad,Vitamin D,Grönsaks- rotfrukts- baljväxträtter o produkter,0.21,µg
432,Vitkål stuvad hemlagad,Vitamin C,Grönsaks- rotfrukts- baljväxträtter o produkter,19.0,mg
432,Vitkål stuvad hemlagad,Vitamin B6,Grönsaks- rotfrukts- baljväxträtter o produkter,0.08,mg
432,Vitkål stuvad hemlagad,Vitamin B12,Grönsaks- rotfrukts- baljväxträtter o produkter,0.2,µg
432,Vitkål stuvad hemlagad,Vitamin A,Grönsaks- rotfrukts- baljväxträtter o produkter,41.0,RE/µg
432,Vitkål stuvad hemlagad,Vatten,Grönsaks- rotfrukts- baljväxträtter o produkter,85.0,g
432,Vitkål stuvad hemlagad,Tiamin,Grönsaks- rotfrukts- baljväxträtter o produkter,0.04,mg
432,Vitkål stuvad hemlagad,Tillsatt socker,Grönsaks- rotfrukts- baljväxträtter o produkter,0.0,g
432,Vitkål stuvad hemlagad,Fritt socker,Grönsaks- rotfrukts- baljväxträtter o produkter,0.0,g
432,Vitkål stuvad hemlagad,"Selen, Se",Grönsaks- rotfrukts- baljväxträtter o produkter,0.8,µg
432,Vitkål stuvad hemlagad,Sackaros,Grönsaks- rotfrukts- baljväxträtter o produkter,0.1,g
432,Vitkål stuvad hemlagad,Riboflavin,Grönsaks- rotfrukts- baljväxträtter o produkter,0.08,mg
432,Vitkål stuvad hemlagad,Retinol,Grönsaks- rotfrukts- baljväxträtter o produkter,34.0,µg
432,Vitkål stuvad hemlagad,Protein,Grönsaks- rotfrukts- baljväxträtter o produkter,2.3,g
432,Vitkål stuvad hemlagad,Summa fleromättade fettsyror,Grönsaks- rotfrukts- baljväxträtter o produkter,0.4,g
432,Vitkål stuvad hemlagad,"Fosfor, P",Grönsaks- rotfrukts- baljväxträtter o produkter,52.0,mg
432,Vitkål stuvad hemlagad,Niacinekvivalenter,Grönsaks- rotfrukts- baljväxträtter o produkter,0.75,NE/mg
432,Vitkål stuvad hemlagad,Niacin,Grönsaks- rotfrukts- baljväxträtter o produkter,0.37,mg
432,Vitkål stuvad hemlagad,"Salt, NaCl",Grönsaks- rotfrukts- baljväxträtter o produkter,0.7,g
432,Vitkål stuvad hemlagad,"Natrium, Na",Grönsaks- rotfrukts- baljväxträtter o produkter,270.0,mg
432,Vitkål stuvad hemlagad,Monosackarider,Grönsaks- rotfrukts- baljväxträtter o produkter,2.0,g
432,Vitkål stuvad hemlagad,"Sockerarter, totalt",Grönsaks- rotfrukts- baljväxträtter o produkter,4.1,g
432,Vitkål stuvad hemlagad,Summa enkelomättade fettsyror,Grönsaks- rotfrukts- baljväxträtter o produkter,1.1,g
432,Vitkål stuvad hemlagad,"Magnesium, Mg",Grönsaks- rotfrukts- baljväxträtter o produkter,9.0,mg
432,Vitkål stuvad hemlagad,Summa mättade fettsyror,Grönsaks- rotfrukts- baljväxträtter o produkter,1.2,g
432,Vitkål stuvad hemlagad,"Kolhydrater, tillgängliga",Grönsaks- rotfrukts- baljväxträtter o produkter,6.8,g
432,Vitkål stuvad hemlagad,Kolesterol,Grönsaks- rotfrukts- baljväxträtter o produkter,6.0,mg
432,Vitkål stuvad hemlagad,"Kalium, K",Grönsaks- rotfrukts- baljväxträtter o produkter,137.0,mg
432,Vitkål stuvad hemlagad,"Jod, I",Grönsaks- rotfrukts- baljväxträtter o produkter,4.8,µg
432,Vitkål stuvad hemlagad,Fullkorn totalt,Grönsaks- rotfrukts- baljväxträtter o produkter,0.0,g
432,Vitkål stuvad hemlagad,"Folat, totalt",Grönsaks- rotfrukts- baljväxträtter o produkter,38.0,µg
432,Vitkål stuvad hemlagad,Fibrer,Grönsaks- rotfrukts- baljväxträtter o produkter,1.3,g
432,Vitkål stuvad hemlagad,"Fett, totalt",Grönsaks- rotfrukts- baljväxträtter o produkter,3.3,g
432,Vitkål stuvad hemlagad,"Järn, Fe",Grönsaks- rotfrukts- baljväxträtter o produkter,0.4,mg
432,Vitkål stuvad hemlagad,Energi (kJ),Grönsaks- rotfrukts- baljväxträtter o produkter,287.0,kJ
432,Vitkål stuvad hemlagad,Energi (kcal),Grönsaks- rotfrukts- baljväxträtter o produkter,69.0,kcal
432,Vitkål stuvad hemlagad,Disackarider,Grönsaks- rotfrukts- baljväxträtter o produkter,2.1,g
432,Vitkål stuvad hemlagad,"Kalcium, Ca",Grönsaks- rotfrukts- baljväxträtter o produkter,59.0,mg
432,Vitkål stuvad hemlagad,Fettsyra 4:0-10:0,Grönsaks- rotfrukts- baljväxträtter o produkter,0.2,g
432,Vitkål stuvad hemlagad,DHA (C22:6),Grönsaks- rotfrukts- baljväxträtter o produkter,0.0,g
432,Vitkål stuvad hemlagad,DPA (C22:5),Grönsaks- rotfrukts- baljväxträtter o produkter,0.0,g
432,Vitkål stuvad hemlagad,EPA (C20:5),Grönsaks- rotfrukts- baljväxträtter o produkter,0.0,g
432,Vitkål stuvad hemlagad,Arakidonsyra C20:4,Grönsaks- rotfrukts- baljväxträtter o produkter,0.0,g
432,Vitkål stuvad hemlagad,Arakidinsyra C20:0,Grönsaks- rotfrukts- baljväxträtter o produkter,0.0,g
432,Vitkål stuvad hemlagad,Linolensyra C18:3,Grönsaks- rotfrukts- baljväxträtter o produkter,0.1,g
432,Vitkål stuvad hemlagad,Linolsyra C18:2,Grönsaks- rotfrukts- baljväxträtter o produkter,0.3,g
432,Vitkål stuvad hemlagad,Oljesyra C18:1,Grönsaks- rotfrukts- baljväxträtter o produkter,1.1,g
432,Vitkål stuvad hemlagad,Stearinsyra C18:0,Grönsaks- rotfrukts- baljväxträtter o produkter,0.0,g
432,Vitkål stuvad hemlagad,Palmitoljesyra C16:1,Grönsaks- rotfrukts- baljväxträtter o produkter,0.0,g
432,Vitkål stuvad hemlagad,Palmitinsyra C16:0,Grönsaks- rotfrukts- baljväxträtter o produkter,0.6,g
432,Vitkål stuvad hemlagad,Myristinsyra C14:0,Grönsaks- rotfrukts- baljväxträtter o produkter,0.2,g
432,Vitkål stuvad hemlagad,Laurinsyra C12:0,Grönsaks- rotfrukts- baljväxträtter o produkter,0.1,g
432,Vitkål stuvad hemlagad,Betakaroten/β-Karoten,Grönsaks- rotfrukts- baljväxträtter o produkter,84.0,µg
432,Vitkål stuvad hemlagad,Avfall (skal etc.),Grönsaks- rotfrukts- baljväxträtter o produkter,0.0,%
432,Vitkål stuvad hemlagad,Aska,Grönsaks- rotfrukts- baljväxträtter o produkter,1.3,g
432,Vitkål stuvad hemlagad,Alkohol,Grönsaks- rotfrukts- baljväxträtter o produkter,0.0,g
433,Blomkål gratinerad,"Zink, Zn",Grönsaks- rotfrukts- baljväxträtter o produkter,0.6,mg
433,Blomkål gratinerad,Vitamin E,Grönsaks- rotfrukts- baljväxträtter o produkter,0.5,mg
433,Blomkål gratinerad,Vitamin D,Grönsaks- rotfrukts- baljväxträtter o produkter,0.56,µg
433,Blomkål gratinerad,Vitamin C,Grönsaks- rotfrukts- baljväxträtter o produkter,18.7,mg
433,Blomkål gratinerad,Vitamin B6,Grönsaks- rotfrukts- baljväxträtter o produkter,0.09,mg
433,Blomkål gratinerad,Vitamin B12,Grönsaks- rotfrukts- baljväxträtter o produkter,0.32,µg
433,Blomkål gratinerad,Vitamin A,Grönsaks- rotfrukts- baljväxträtter o produkter,36.2,RE/µg
433,Blomkål gratinerad,Vatten,Grönsaks- rotfrukts- baljväxträtter o produkter,80.2,g
433,Blomkål gratinerad,Tiamin,Grönsaks- rotfrukts- baljväxträtter o produkter,0.04,mg
433,Blomkål gratinerad,Tillsatt socker,Grönsaks- rotfrukts- baljväxträtter o produkter,0.0,g
433,Blomkål gratinerad,Fritt socker,Grönsaks- rotfrukts- baljväxträtter o produkter,0.0,g
433,Blomkål gratinerad,"Selen, Se",Grönsaks- rotfrukts- baljväxträtter o produkter,2.0,µg
433,Blomkål gratinerad,Sackaros,Grönsaks- rotfrukts- baljväxträtter o produkter,0.4,g
433,Blomkål gratinerad,Riboflavin,Grönsaks- rotfrukts- baljväxträtter o produkter,0.11,mg
433,Blomkål gratinerad,Retinol,Grönsaks- rotfrukts- baljväxträtter o produkter,31.4,µg
433,Blomkål gratinerad,Protein,Grönsaks- rotfrukts- baljväxträtter o produkter,5.1,g
433,Blomkål gratinerad,Summa fleromättade fettsyror,Grönsaks- rotfrukts- baljväxträtter o produkter,0.6,g
433,Blomkål gratinerad,"Fosfor, P",Grönsaks- rotfrukts- baljväxträtter o produkter,137.0,mg
433,Blomkål gratinerad,Niacinekvivalenter,Grönsaks- rotfrukts- baljväxträtter o produkter,1.45,NE/mg
433,Blomkål gratinerad,Niacin,Grönsaks- rotfrukts- baljväxträtter o produkter,0.41,mg
433,Blomkål gratinerad,"Salt, NaCl",Grönsaks- rotfrukts- baljväxträtter o produkter,0.9,g
433,Blomkål gratinerad,"Natrium, Na",Grönsaks- rotfrukts- baljväxträtter o produkter,363.0,mg
433,Blomkål gratinerad,Monosackarider,Grönsaks- rotfrukts- baljväxträtter o produkter,1.3,g
433,Blomkål gratinerad,"Sockerarter, totalt",Grönsaks- rotfrukts- baljväxträtter o produkter,4.1,g
433,Blomkål gratinerad,Summa enkelomättade fettsyror,Grönsaks- rotfrukts- baljväxträtter o produkter,1.6,g
433,Blomkål gratinerad,"Magnesium, Mg",Grönsaks- rotfrukts- baljväxträtter o produkter,16.0,mg
433,Blomkål gratinerad,Summa mättade fettsyror,Grönsaks- rotfrukts- baljväxträtter o produkter,2.3,g
433,Blomkål gratinerad,"Kolhydrater, tillgängliga",Grönsaks- rotfrukts- baljväxträtter o produkter,6.2,g
433,Blomkål gratinerad,Kolesterol,Grönsaks- rotfrukts- baljväxträtter o produkter,10.8,mg
433,Blomkål gratinerad,"Kalium, K",Grönsaks- rotfrukts- baljväxträtter o produkter,245.0,mg
433,Blomkål gratinerad,"Jod, I",Grönsaks- rotfrukts- baljväxträtter o produkter,52.0,µg
433,Blomkål gratinerad,Fullkorn totalt,Grönsaks- rotfrukts- baljväxträtter o produkter,0.0,g
433,Blomkål gratinerad,"Folat, totalt",Grönsaks- rotfrukts- baljväxträtter o produkter,26.2,µg
433,Blomkål gratinerad,Fibrer,Grönsaks- rotfrukts- baljväxträtter o produkter,1.6,g
433,Blomkål gratinerad,"Fett, totalt",Grönsaks- rotfrukts- baljväxträtter o produkter,4.9,g
433,Blomkål gratinerad,"Järn, Fe",Grönsaks- rotfrukts- baljväxträtter o produkter,0.3,mg
433,Blomkål gratinerad,Energi (kJ),Grönsaks- rotfrukts- baljväxträtter o produkter,387.0,kJ
433,Blomkål gratinerad,Energi (kcal),Grönsaks- rotfrukts- baljväxträtter o produkter,92.0,kcal
433,Blomkål gratinerad,Disackarider,Grönsaks- rotfrukts- baljväxträtter o produkter,2.8,g
433,Blomkål gratinerad,"Kalcium, Ca",Grönsaks- rotfrukts- baljväxträtter o produkter,133.0,mg
433,Blomkål gratinerad,Fettsyra 4:0-10:0,Grönsaks- rotfrukts- baljväxträtter o produkter,0.3,g
433,Blomkål gratinerad,DHA (C22:6),Grönsaks- rotfrukts- baljväxträtter o produkter,0.0,g
433,Blomkål gratinerad,DPA (C22:5),Grönsaks- rotfrukts- baljväxträtter o produkter,0.0,g
433,Blomkål gratinerad,EPA (C20:5),Grönsaks- rotfrukts- baljväxträtter o produkter,0.0,g
433,Blomkål gratinerad,Arakidonsyra C20:4,Grönsaks- rotfrukts- baljväxträtter o produkter,0.0,g
433,Blomkål gratinerad,Arakidinsyra C20:0,Grönsaks- rotfrukts- baljväxträtter o produkter,0.0,g
433,Blomkål gratinerad,Linolensyra C18:3,Grönsaks- rotfrukts- baljväxträtter o produkter,0.1,g
433,Blomkål gratinerad,Linolsyra C18:2,Grönsaks- rotfrukts- baljväxträtter o produkter,0.4,g
433,Blomkål gratinerad,Oljesyra C18:1,Grönsaks- rotfrukts- baljväxträtter o produkter,1.4,g
433,Blomkål gratinerad,Stearinsyra C18:0,Grönsaks- rotfrukts- baljväxträtter o produkter,0.4,g
433,Blomkål gratinerad,Palmitoljesyra C16:1,Grönsaks- rotfrukts- baljväxträtter o produkter,0.1,g
433,Blomkål gratinerad,Palmitinsyra C16:0,Grönsaks- rotfrukts- baljväxträtter o produkter,1.1,g
433,Blomkål gratinerad,Myristinsyra C14:0,Grönsaks- rotfrukts- baljväxträtter o produkter,0.4,g
433,Blomkål gratinerad,Laurinsyra C12:0,Grönsaks- rotfrukts- baljväxträtter o produkter,0.1,g
433,Blomkål gratinerad,Betakaroten/β-Karoten,Grönsaks- rotfrukts- baljväxträtter o produkter,33.0,µg
433,Blomkål gratinerad,Avfall (skal etc.),Grönsaks- rotfrukts- baljväxträtter o produkter,16.0,%
433,Blomkål gratinerad,Aska,Grönsaks- rotfrukts- baljväxträtter o produkter,1.9,g
433,Blomkål gratinerad,Alkohol,Grönsaks- rotfrukts- baljväxträtter o produkter,0.0,g
434,Blomkål kokt m. salt,"Zink, Zn",Grönsaker,0.2,mg
434,Blomkål kokt m. salt,Vitamin E,Grönsaker,0.1,mg
434,Blomkål kokt m. salt,Vitamin D inkl 25-OH-D3,Grönsaker,0.0,µg
434,Blomkål kokt m. salt,Vitamin D,Grönsaker,0.0,µg
434,Blomkål kokt m. salt,Vitamin C,Grönsaker,43.3,mg
434,Blomkål kokt m. salt,Vitamin B6,Grönsaker,0.13,mg
434,Blomkål kokt m. salt,Vitamin B12,Grönsaker,0.0,µg
434,Blomkål kokt m. salt,Vitamin A,Grönsaker,0.5,RE/µg
434,Blomkål kokt m. salt,Vatten,Grönsaker,91.8,g
434,Blomkål kokt m. salt,Tiamin,Grönsaker,0.04,mg
434,Blomkål kokt m. salt,Tillsatt socker,Grönsaker,0.0,g
434,Blomkål kokt m. salt,Fritt socker,Grönsaker,0.0,g
434,Blomkål kokt m. salt,"Selen, Se",Grönsaker,0.0,µg
434,Blomkål kokt m. salt,Sackaros,Grönsaker,0.6,g
434,Blomkål kokt m. salt,Riboflavin,Grönsaker,0.04,mg
434,Blomkål kokt m. salt,Retinol,Grönsaker,0.0,µg
434,Blomkål kokt m. salt,Protein,Grönsaker,1.9,g
434,Blomkål kokt m. salt,Summa fleromättade fettsyror,Grönsaker,0.1,g
434,Blomkål kokt m. salt,"Fosfor, P",Grönsaker,43.0,mg
434,Blomkål kokt m. salt,Niacinekvivalenter,Grönsaker,0.8,NE/mg
434,Blomkål kokt m. salt,Niacin,Grönsaker,0.52,mg
434,Blomkål kokt m. salt,"Salt, NaCl",Grönsaker,0.4,g
434,Blomkål kokt m. salt,"Natrium, Na",Grönsaker,164.0,mg
434,Blomkål kokt m. salt,Monosackarider,Grönsaker,2.1,g
434,Blomkål kokt m. salt,"Sockerarter, totalt",Grönsaker,2.7,g
434,Blomkål kokt m. salt,Summa enkelomättade fettsyror,Grönsaker,0.0,g
434,Blomkål kokt m. salt,"Magnesium, Mg",Grönsaker,11.0,mg
434,Blomkål kokt m. salt,Summa mättade fettsyror,Grönsaker,0.0,g
434,Blomkål kokt m. salt,"Kolhydrater, tillgängliga",Grönsaker,2.6,g
434,Blomkål kokt m. salt,Kolesterol,Grönsaker,0.0,mg
434,Blomkål kokt m. salt,"Kalium, K",Grönsaker,237.0,mg
434,Blomkål kokt m. salt,"Jod, I",Grönsaker,20.7,µg
434,Blomkål kokt m. salt,Fullkorn totalt,Grönsaker,0.0,g
434,Blomkål kokt m. salt,"Folat, totalt",Grönsaker,52.8,µg
434,Blomkål kokt m. salt,Fibrer,Grönsaker,2.3,g
434,Blomkål kokt m. salt,"Fett, totalt",Grönsaker,0.2,g
434,Blomkål kokt m. salt,"Järn, Fe",Grönsaker,0.3,mg
434,Blomkål kokt m. salt,Energi (kJ),Grönsaker,102.0,kJ
434,Blomkål kokt m. salt,Energi (kcal),Grönsaker,24.0,kcal
434,Blomkål kokt m. salt,Disackarider,Grönsaker,0.6,g
434,Blomkål kokt m. salt,"Kalcium, Ca",Grönsaker,24.0,mg
434,Blomkål kokt m. salt,Fettsyra 4:0-10:0,Grönsaker,0.0,g
434,Blomkål kokt m. salt,DHA (C22:6),Grönsaker,0.0,g
434,Blomkål kokt m. salt,DPA (C22:5),Grönsaker,0.0,g
434,Blomkål kokt m. salt,EPA (C20:5),Grönsaker,0.0,g
434,Blomkål kokt m. salt,Arakidonsyra C20:4,Grönsaker,0.0,g
434,Blomkål kokt m. salt,Arakidinsyra C20:0,Grönsaker,0.0,g
434,Blomkål kokt m. salt,Linolensyra C18:3,Grönsaker,0.0,g
434,Blomkål kokt m. salt,Linolsyra C18:2,Grönsaker,0.0,g
434,Blomkål kokt m. salt,Oljesyra C18:1,Grönsaker,0.0,g
434,Blomkål kokt m. salt,Stearinsyra C18:0,Grönsaker,0.0,g
434,Blomkål kokt m. salt,Palmitoljesyra C16:1,Grönsaker,0.0,g
434,Blomkål kokt m. salt,Palmitinsyra C16:0,Grönsaker,0.0,g
434,Blomkål kokt m. salt,Myristinsyra C14:0,Grönsaker,0.0,g
434,Blomkål kokt m. salt,Laurinsyra C12:0,Grönsaker,0.0,g
434,Blomkål kokt m. salt,Betakaroten/β-Karoten,Grönsaker,6.0,µg
434,Blomkål kokt m. salt,Avfall (skal etc.),Grönsaker,33.0,%
434,Blomkål kokt m. salt,Aska,Grönsaker,1.2,g
434,Blomkål kokt m. salt,Alkohol,Grönsaker,0.0,g
435,Blomkål stuvad,"Zink, Zn",Grönsaks- rotfrukts- baljväxträtter o produkter,0.3,mg
435,Blomkål stuvad,Vitamin E,Grönsaks- rotfrukts- baljväxträtter o produkter,0.4,mg
435,Blomkål stuvad,Vitamin D,Grönsaks- rotfrukts- baljväxträtter o produkter,0.47,µg
435,Blomkål stuvad,Vitamin C,Grönsaks- rotfrukts- baljväxträtter o produkter,27.6,mg
435,Blomkål stuvad,Vitamin B6,Grönsaks- rotfrukts- baljväxträtter o produkter,0.1,mg
435,Blomkål stuvad,Vitamin B12,Grönsaks- rotfrukts- baljväxträtter o produkter,0.17,µg
435,Blomkål stuvad,Vitamin A,Grönsaks- rotfrukts- baljväxträtter o produkter,16.0,RE/µg
435,Blomkål stuvad,Vatten,Grönsaks- rotfrukts- baljväxträtter o produkter,85.9,g
435,Blomkål stuvad,Tiamin,Grönsaks- rotfrukts- baljväxträtter o produkter,0.04,mg
435,Blomkål stuvad,Tillsatt socker,Grönsaks- rotfrukts- baljväxträtter o produkter,0.0,g
435,Blomkål stuvad,Fritt socker,Grönsaks- rotfrukts- baljväxträtter o produkter,0.0,g
435,Blomkål stuvad,"Selen, Se",Grönsaks- rotfrukts- baljväxträtter o produkter,1.0,µg
435,Blomkål stuvad,Sackaros,Grönsaks- rotfrukts- baljväxträtter o produkter,0.4,g
435,Blomkål stuvad,Riboflavin,Grönsaks- rotfrukts- baljväxträtter o produkter,0.08,mg
435,Blomkål stuvad,Retinol,Grönsaks- rotfrukts- baljväxträtter o produkter,12.1,µg
435,Blomkål stuvad,Protein,Grönsaks- rotfrukts- baljväxträtter o produkter,2.9,g
435,Blomkål stuvad,Summa fleromättade fettsyror,Grönsaks- rotfrukts- baljväxträtter o produkter,0.5,g
435,Blomkål stuvad,"Fosfor, P",Grönsaks- rotfrukts- baljväxträtter o produkter,87.0,mg
435,Blomkål stuvad,Niacinekvivalenter,Grönsaks- rotfrukts- baljväxträtter o produkter,0.93,NE/mg
435,Blomkål stuvad,Niacin,Grönsaks- rotfrukts- baljväxträtter o produkter,0.39,mg
435,Blomkål stuvad,"Salt, NaCl",Grönsaks- rotfrukts- baljväxträtter o produkter,0.8,g
435,Blomkål stuvad,"Natrium, Na",Grönsaks- rotfrukts- baljväxträtter o produkter,323.0,mg
435,Blomkål stuvad,Monosackarider,Grönsaks- rotfrukts- baljväxträtter o produkter,1.3,g
435,Blomkål stuvad,"Sockerarter, totalt",Grönsaks- rotfrukts- baljväxträtter o produkter,3.6,g
435,Blomkål stuvad,Summa enkelomättade fettsyror,Grönsaks- rotfrukts- baljväxträtter o produkter,1.0,g
435,Blomkål stuvad,"Magnesium, Mg",Grönsaks- rotfrukts- baljväxträtter o produkter,12.0,mg
435,Blomkål stuvad,Summa mättade fettsyror,Grönsaks- rotfrukts- baljväxträtter o produkter,0.9,g
435,Blomkål stuvad,"Kolhydrater, tillgängliga",Grönsaks- rotfrukts- baljväxträtter o produkter,5.4,g
435,Blomkål stuvad,Kolesterol,Grönsaks- rotfrukts- baljväxträtter o produkter,4.6,mg
435,Blomkål stuvad,"Kalium, K",Grönsaks- rotfrukts- baljväxträtter o produkter,216.0,mg
435,Blomkål stuvad,"Jod, I",Grönsaks- rotfrukts- baljväxträtter o produkter,47.8,µg
435,Blomkål stuvad,Fullkorn totalt,Grönsaks- rotfrukts- baljväxträtter o produkter,0.0,g
435,Blomkål stuvad,"Folat, totalt",Grönsaks- rotfrukts- baljväxträtter o produkter,36.7,µg
435,Blomkål stuvad,Fibrer,Grönsaks- rotfrukts- baljväxträtter o produkter,1.5,g
435,Blomkål stuvad,"Fett, totalt",Grönsaks- rotfrukts- baljväxträtter o produkter,2.7,g
435,Blomkål stuvad,"Järn, Fe",Grönsaks- rotfrukts- baljväxträtter o produkter,0.3,mg
435,Blomkål stuvad,Energi (kJ),Grönsaks- rotfrukts- baljväxträtter o produkter,253.0,kJ
435,Blomkål stuvad,Energi (kcal),Grönsaks- rotfrukts- baljväxträtter o produkter,60.0,kcal
435,Blomkål stuvad,Disackarider,Grönsaks- rotfrukts- baljväxträtter o produkter,2.3,g
435,Blomkål stuvad,"Kalcium, Ca",Grönsaks- rotfrukts- baljväxträtter o produkter,67.0,mg
435,Blomkål stuvad,Fettsyra 4:0-10:0,Grönsaks- rotfrukts- baljväxträtter o produkter,0.1,g
435,Blomkål stuvad,DHA (C22:6),Grönsaks- rotfrukts- baljväxträtter o produkter,0.0,g
435,Blomkål stuvad,DPA (C22:5),Grönsaks- rotfrukts- baljväxträtter o produkter,0.0,g
435,Blomkål stuvad,EPA (C20:5),Grönsaks- rotfrukts- baljväxträtter o produkter,0.0,g
435,Blomkål stuvad,Arakidonsyra C20:4,Grönsaks- rotfrukts- baljväxträtter o produkter,0.0,g
435,Blomkål stuvad,Arakidinsyra C20:0,Grönsaks- rotfrukts- baljväxträtter o produkter,0.0,g
435,Blomkål stuvad,Linolensyra C18:3,Grönsaks- rotfrukts- baljväxträtter o produkter,0.1,g
435,Blomkål stuvad,Linolsyra C18:2,Grönsaks- rotfrukts- baljväxträtter o produkter,0.3,g
435,Blomkål stuvad,Oljesyra C18:1,Grönsaks- rotfrukts- baljväxträtter o produkter,1.0,g
435,Blomkål stuvad,Stearinsyra C18:0,Grönsaks- rotfrukts- baljväxträtter o produkter,0.1,g
435,Blomkål stuvad,Palmitoljesyra C16:1,Grönsaks- rotfrukts- baljväxträtter o produkter,0.0,g
435,Blomkål stuvad,Palmitinsyra C16:0,Grönsaks- rotfrukts- baljväxträtter o produkter,0.5,g
435,Blomkål stuvad,Myristinsyra C14:0,Grönsaks- rotfrukts- baljväxträtter o produkter,0.1,g
435,Blomkål stuvad,Laurinsyra C12:0,Grönsaks- rotfrukts- baljväxträtter o produkter,0.0,g
435,Blomkål stuvad,Betakaroten/β-Karoten,Grönsaks- rotfrukts- baljväxträtter o produkter,23.0,µg
435,Blomkål stuvad,Avfall (skal etc.),Grönsaks- rotfrukts- baljväxträtter o produkter,19.0,%
435,Blomkål stuvad,Aska,Grönsaks- rotfrukts- baljväxträtter o produkter,1.6,g
435,Blomkål stuvad,Alkohol,Grönsaks- rotfrukts- baljväxträtter o produkter,0.0,g
436,Gröna bönor stuvade,"Zink, Zn",Grönsaks- rotfrukts- baljväxträtter o produkter,0.3,mg
436,Gröna bönor stuvade,Vitamin E,Grönsaks- rotfrukts- baljväxträtter o produkter,0.5,mg
436,Gröna bönor stuvade,Vitamin D,Grönsaks- rotfrukts- baljväxträtter o produkter,0.27,µg
436,Gröna bönor stuvade,Vitamin C,Grönsaks- rotfrukts- baljväxträtter o produkter,7.4,mg
436,Gröna bönor stuvade,Vitamin B6,Grönsaks- rotfrukts- baljväxträtter o produkter,0.05,mg
436,Gröna bönor stuvade,Vitamin B12,Grönsaks- rotfrukts- baljväxträtter o produkter,0.09,µg
436,Gröna bönor stuvade,Vitamin A,Grönsaks- rotfrukts- baljväxträtter o produkter,31.3,RE/µg
436,Gröna bönor stuvade,Vatten,Grönsaks- rotfrukts- baljväxträtter o produkter,86.3,g
436,Gröna bönor stuvade,Tiamin,Grönsaks- rotfrukts- baljväxträtter o produkter,0.04,mg
436,Gröna bönor stuvade,Tillsatt socker,Grönsaks- rotfrukts- baljväxträtter o produkter,0.0,g
436,Gröna bönor stuvade,Fritt socker,Grönsaks- rotfrukts- baljväxträtter o produkter,0.0,g
436,Gröna bönor stuvade,"Selen, Se",Grönsaks- rotfrukts- baljväxträtter o produkter,0.7,µg
436,Gröna bönor stuvade,Sackaros,Grönsaks- rotfrukts- baljväxträtter o produkter,0.2,g
436,Gröna bönor stuvade,Riboflavin,Grönsaks- rotfrukts- baljväxträtter o produkter,0.09,mg
436,Gröna bönor stuvade,Retinol,Grönsaks- rotfrukts- baljväxträtter o produkter,7.1,µg
436,Gröna bönor stuvade,Protein,Grönsaks- rotfrukts- baljväxträtter o produkter,2.4,g
436,Gröna bönor stuvade,Summa fleromättade fettsyror,Grönsaks- rotfrukts- baljväxträtter o produkter,0.5,g
436,Gröna bönor stuvade,"Fosfor, P",Grönsaks- rotfrukts- baljväxträtter o produkter,62.0,mg
436,Gröna bönor stuvade,Niacinekvivalenter,Grönsaks- rotfrukts- baljväxträtter o produkter,0.97,NE/mg
436,Gröna bönor stuvade,Niacin,Grönsaks- rotfrukts- baljväxträtter o produkter,0.51,mg
436,Gröna bönor stuvade,"Salt, NaCl",Grönsaks- rotfrukts- baljväxträtter o produkter,0.7,g
436,Gröna bönor stuvade,"Natrium, Na",Grönsaks- rotfrukts- baljväxträtter o produkter,266.0,mg
436,Gröna bönor stuvade,Monosackarider,Grönsaks- rotfrukts- baljväxträtter o produkter,0.8,g
436,Gröna bönor stuvade,"Sockerarter, totalt",Grönsaks- rotfrukts- baljväxträtter o produkter,2.0,g
436,Gröna bönor stuvade,Summa enkelomättade fettsyror,Grönsaks- rotfrukts- baljväxträtter o produkter,0.9,g
436,Gröna bönor stuvade,"Magnesium, Mg",Grönsaks- rotfrukts- baljväxträtter o produkter,19.0,mg
436,Gröna bönor stuvade,Summa mättade fettsyror,Grönsaks- rotfrukts- baljväxträtter o produkter,0.6,g
436,Gröna bönor stuvade,"Kolhydrater, tillgängliga",Grönsaks- rotfrukts- baljväxträtter o produkter,5.8,g
436,Gröna bönor stuvade,Kolesterol,Grönsaks- rotfrukts- baljväxträtter o produkter,2.3,mg
436,Gröna bönor stuvade,"Kalium, K",Grönsaks- rotfrukts- baljväxträtter o produkter,170.0,mg
436,Gröna bönor stuvade,"Jod, I",Grönsaks- rotfrukts- baljväxträtter o produkter,31.7,µg
436,Gröna bönor stuvade,Fullkorn totalt,Grönsaks- rotfrukts- baljväxträtter o produkter,0.0,g
436,Gröna bönor stuvade,"Folat, totalt",Grönsaks- rotfrukts- baljväxträtter o produkter,29.2,µg
436,Gröna bönor stuvade,Fibrer,Grönsaks- rotfrukts- baljväxträtter o produkter,1.9,g
436,Gröna bönor stuvade,"Fett, totalt",Grönsaks- rotfrukts- baljväxträtter o produkter,2.1,g
436,Gröna bönor stuvade,"Järn, Fe",Grönsaks- rotfrukts- baljväxträtter o produkter,0.6,mg
436,Gröna bönor stuvade,Energi (kJ),Grönsaks- rotfrukts- baljväxträtter o produkter,236.0,kJ
436,Gröna bönor stuvade,Energi (kcal),Grönsaks- rotfrukts- baljväxträtter o produkter,57.0,kcal
436,Gröna bönor stuvade,Disackarider,Grönsaks- rotfrukts- baljväxträtter o produkter,1.3,g
436,Gröna bönor stuvade,"Kalcium, Ca",Grönsaks- rotfrukts- baljväxträtter o produkter,76.0,mg
436,Gröna bönor stuvade,Fettsyra 4:0-10:0,Grönsaks- rotfrukts- baljväxträtter o produkter,0.1,g
436,Gröna bönor stuvade,DHA (C22:6),Grönsaks- rotfrukts- baljväxträtter o produkter,0.0,g
436,Gröna bönor stuvade,DPA (C22:5),Grönsaks- rotfrukts- baljväxträtter o produkter,0.0,g
436,Gröna bönor stuvade,EPA (C20:5),Grönsaks- rotfrukts- baljväxträtter o produkter,0.0,g
436,Gröna bönor stuvade,Arakidonsyra C20:4,Grönsaks- rotfrukts- baljväxträtter o produkter,0.0,g
436,Gröna bönor stuvade,Arakidinsyra C20:0,Grönsaks- rotfrukts- baljväxträtter o produkter,0.0,g
436,Gröna bönor stuvade,Linolensyra C18:3,Grönsaks- rotfrukts- baljväxträtter o produkter,0.1,g
436,Gröna bönor stuvade,Linolsyra C18:2,Grönsaks- rotfrukts- baljväxträtter o produkter,0.3,g
436,Gröna bönor stuvade,Oljesyra C18:1,Grönsaks- rotfrukts- baljväxträtter o produkter,0.9,g
436,Gröna bönor stuvade,Stearinsyra C18:0,Grönsaks- rotfrukts- baljväxträtter o produkter,0.1,g
436,Gröna bönor stuvade,Palmitoljesyra C16:1,Grönsaks- rotfrukts- baljväxträtter o produkter,0.0,g
436,Gröna bönor stuvade,Palmitinsyra C16:0,Grönsaks- rotfrukts- baljväxträtter o produkter,0.3,g
436,Gröna bönor stuvade,Myristinsyra C14:0,Grönsaks- rotfrukts- baljväxträtter o produkter,0.1,g
436,Gröna bönor stuvade,Laurinsyra C12:0,Grönsaks- rotfrukts- baljväxträtter o produkter,0.0,g
436,Gröna bönor stuvade,Betakaroten/β-Karoten,Grönsaks- rotfrukts- baljväxträtter o produkter,249.0,µg
436,Gröna bönor stuvade,Avfall (skal etc.),Grönsaks- rotfrukts- baljväxträtter o produkter,0.0,%
436,Gröna bönor stuvade,Aska,Grönsaks- rotfrukts- baljväxträtter o produkter,1.3,g
436,Gröna bönor stuvade,Alkohol,Grönsaks- rotfrukts- baljväxträtter o produkter,0.0,g
437,Grönkålssoppa,"Zink, Zn",Soppa mat,0.1,mg
437,Grönkålssoppa,Vitamin E,Soppa mat,1.2,mg
437,Grönkålssoppa,Vitamin D,Soppa mat,0.08,µg
437,Grönkålssoppa,Vitamin C,Soppa mat,5.1,mg
437,Grönkålssoppa,Vitamin B6,Soppa mat,0.02,mg
437,Grönkålssoppa,Vitamin B12,Soppa mat,0.03,µg
437,Grönkålssoppa,Vitamin A,Soppa mat,63.8,RE/µg
437,Grönkålssoppa,Vatten,Soppa mat,92.4,g
437,Grönkålssoppa,Tiamin,Soppa mat,0.01,mg
437,Grönkålssoppa,Tillsatt socker,Soppa mat,0.0,g
437,Grönkålssoppa,Fritt socker,Soppa mat,0.0,g
437,Grönkålssoppa,"Selen, Se",Soppa mat,0.9,µg
437,Grönkålssoppa,Sackaros,Soppa mat,0.2,g
437,Grönkålssoppa,Riboflavin,Soppa mat,0.03,mg
437,Grönkålssoppa,Retinol,Soppa mat,2.7,µg
437,Grönkålssoppa,Protein,Soppa mat,1.2,g
437,Grönkålssoppa,Summa fleromättade fettsyror,Soppa mat,0.6,g
437,Grönkålssoppa,"Fosfor, P",Soppa mat,14.0,mg
437,Grönkålssoppa,Niacinekvivalenter,Soppa mat,0.5,NE/mg
437,Grönkålssoppa,Niacin,Soppa mat,0.29,mg
437,Grönkålssoppa,"Salt, NaCl",Soppa mat,1.2,g
437,Grönkålssoppa,"Natrium, Na",Soppa mat,475.0,mg
437,Grönkålssoppa,Monosackarider,Soppa mat,0.3,g
437,Grönkålssoppa,"Sockerarter, totalt",Soppa mat,0.5,g
437,Grönkålssoppa,Summa enkelomättade fettsyror,Soppa mat,1.0,g
437,Grönkålssoppa,"Magnesium, Mg",Soppa mat,8.0,mg
437,Grönkålssoppa,Summa mättade fettsyror,Soppa mat,0.2,g
437,Grönkålssoppa,"Kolhydrater, tillgängliga",Soppa mat,2.1,g
437,Grönkålssoppa,Kolesterol,Soppa mat,0.0,mg
437,Grönkålssoppa,"Kalium, K",Soppa mat,84.0,mg
437,Grönkålssoppa,"Jod, I",Soppa mat,22.1,µg
437,Grönkålssoppa,Fullkorn totalt,Soppa mat,0.0,g
437,Grönkålssoppa,"Folat, totalt",Soppa mat,5.1,µg
437,Grönkålssoppa,Fibrer,Soppa mat,0.9,g
437,Grönkålssoppa,"Fett, totalt",Soppa mat,1.9,g
437,Grönkålssoppa,"Järn, Fe",Soppa mat,0.2,mg
437,Grönkålssoppa,Energi (kJ),Soppa mat,135.0,kJ
437,Grönkålssoppa,Energi (kcal),Soppa mat,32.0,kcal
437,Grönkålssoppa,Disackarider,Soppa mat,0.2,g
437,Grönkålssoppa,"Kalcium, Ca",Soppa mat,47.0,mg
437,Grönkålssoppa,Fettsyra 4:0-10:0,Soppa mat,0.0,g
437,Grönkålssoppa,DHA (C22:6),Soppa mat,0.0,g
437,Grönkålssoppa,DPA (C22:5),Soppa mat,0.0,g
437,Grönkålssoppa,EPA (C20:5),Soppa mat,0.0,g
437,Grönkålssoppa,Arakidonsyra C20:4,Soppa mat,0.0,g
437,Grönkålssoppa,Arakidinsyra C20:0,Soppa mat,0.0,g
437,Grönkålssoppa,Linolensyra C18:3,Soppa mat,0.2,g
437,Grönkålssoppa,Linolsyra C18:2,Soppa mat,0.4,g
437,Grönkålssoppa,Oljesyra C18:1,Soppa mat,0.9,g
437,Grönkålssoppa,Stearinsyra C18:0,Soppa mat,0.1,g
437,Grönkålssoppa,Palmitoljesyra C16:1,Soppa mat,0.0,g
437,Grönkålssoppa,Palmitinsyra C16:0,Soppa mat,0.2,g
437,Grönkålssoppa,Myristinsyra C14:0,Soppa mat,0.0,g
437,Grönkålssoppa,Laurinsyra C12:0,Soppa mat,0.0,g
437,Grönkålssoppa,Betakaroten/β-Karoten,Soppa mat,705.0,µg
437,Grönkålssoppa,Avfall (skal etc.),Soppa mat,0.0,%
437,Grönkålssoppa,Aska,Soppa mat,1.5,g
437,Grönkålssoppa,Alkohol,Soppa mat,0.0,g
438,Grönsakssoppa redd ängamat veg. ,"Zink, Zn",Soppa mat,0.3,mg
438,Grönsakssoppa redd ängamat veg. ,Vitamin E,Soppa mat,0.6,mg
438,Grönsakssoppa redd ängamat veg. ,Vitamin D,Soppa mat,0.29,µg
438,Grönsakssoppa redd ängamat veg. ,Vitamin C,Soppa mat,11.6,mg
438,Grönsakssoppa redd ängamat veg. ,Vitamin B6,Soppa mat,0.07,mg
438,Grönsakssoppa redd ängamat veg. ,Vitamin B12,Soppa mat,0.19,µg
438,Grönsakssoppa redd ängamat veg. ,Vitamin A,Soppa mat,139.5,RE/µg
438,Grönsakssoppa redd ängamat veg. ,Vatten,Soppa mat,89.7,g
438,Grönsakssoppa redd ängamat veg. ,Tiamin,Soppa mat,0.03,mg
438,Grönsakssoppa redd ängamat veg. ,Tillsatt socker,Soppa mat,0.0,g
438,Grönsakssoppa redd ängamat veg. ,Fritt socker,Soppa mat,0.0,g
438,Grönsakssoppa redd ängamat veg. ,"Selen, Se",Soppa mat,2.0,µg
438,Grönsakssoppa redd ängamat veg. ,Sackaros,Soppa mat,0.5,g
438,Grönsakssoppa redd ängamat veg. ,Riboflavin,Soppa mat,0.06,mg
438,Grönsakssoppa redd ängamat veg. ,Retinol,Soppa mat,33.8,µg
438,Grönsakssoppa redd ängamat veg. ,Protein,Soppa mat,2.0,g
438,Grönsakssoppa redd ängamat veg. ,Summa fleromättade fettsyror,Soppa mat,0.2,g
438,Grönsakssoppa redd ängamat veg. ,"Fosfor, P",Soppa mat,61.0,mg
438,Grönsakssoppa redd ängamat veg. ,Niacinekvivalenter,Soppa mat,0.7,NE/mg
438,Grönsakssoppa redd ängamat veg. ,Niacin,Soppa mat,0.28,mg
438,Grönsakssoppa redd ängamat veg. ,"Salt, NaCl",Soppa mat,0.6,g
438,Grönsakssoppa redd ängamat veg. ,"Natrium, Na",Soppa mat,260.0,mg
438,Grönsakssoppa redd ängamat veg. ,Monosackarider,Soppa mat,1.1,g
438,Grönsakssoppa redd ängamat veg. ,"Sockerarter, totalt",Soppa mat,2.7,g
438,Grönsakssoppa redd ängamat veg. ,Summa enkelomättade fettsyror,Soppa mat,0.8,g
438,Grönsakssoppa redd ängamat veg. ,"Magnesium, Mg",Soppa mat,10.0,mg
438,Grönsakssoppa redd ängamat veg. ,Summa mättade fettsyror,Soppa mat,1.7,g
438,Grönsakssoppa redd ängamat veg. ,"Kolhydrater, tillgängliga",Soppa mat,2.9,g
438,Grönsakssoppa redd ängamat veg. ,Kolesterol,Soppa mat,28.0,mg
438,Grönsakssoppa redd ängamat veg. ,"Kalium, K",Soppa mat,128.0,mg
438,Grönsakssoppa redd ängamat veg. ,"Jod, I",Soppa mat,38.1,µg
438,Grönsakssoppa redd ängamat veg. ,Fullkorn totalt,Soppa mat,0.0,g
438,Grönsakssoppa redd ängamat veg. ,"Folat, totalt",Soppa mat,26.7,µg
438,Grönsakssoppa redd ängamat veg. ,Fibrer,Soppa mat,1.1,g
438,Grönsakssoppa redd ängamat veg. ,"Fett, totalt",Soppa mat,3.0,g
438,Grönsakssoppa redd ängamat veg. ,"Järn, Fe",Soppa mat,0.4,mg
438,Grönsakssoppa redd ängamat veg. ,Energi (kJ),Soppa mat,205.0,kJ
438,Grönsakssoppa redd ängamat veg. ,Energi (kcal),Soppa mat,49.0,kcal
438,Grönsakssoppa redd ängamat veg. ,Disackarider,Soppa mat,1.6,g
438,Grönsakssoppa redd ängamat veg. ,"Kalcium, Ca",Soppa mat,57.0,mg
438,Grönsakssoppa redd ängamat veg. ,Fettsyra 4:0-10:0,Soppa mat,0.2,g
438,Grönsakssoppa redd ängamat veg. ,DHA (C22:6),Soppa mat,0.0,g
438,Grönsakssoppa redd ängamat veg. ,DPA (C22:5),Soppa mat,0.0,g
438,Grönsakssoppa redd ängamat veg. ,EPA (C20:5),Soppa mat,0.0,g
438,Grönsakssoppa redd ängamat veg. ,Arakidonsyra C20:4,Soppa mat,0.0,g
438,Grönsakssoppa redd ängamat veg. ,Arakidinsyra C20:0,Soppa mat,0.0,g
438,Grönsakssoppa redd ängamat veg. ,Linolensyra C18:3,Soppa mat,0.0,g
438,Grönsakssoppa redd ängamat veg. ,Linolsyra C18:2,Soppa mat,0.1,g
438,Grönsakssoppa redd ängamat veg. ,Oljesyra C18:1,Soppa mat,0.7,g
438,Grönsakssoppa redd ängamat veg. ,Stearinsyra C18:0,Soppa mat,0.3,g
438,Grönsakssoppa redd ängamat veg. ,Palmitoljesyra C16:1,Soppa mat,0.1,g
438,Grönsakssoppa redd ängamat veg. ,Palmitinsyra C16:0,Soppa mat,0.9,g
438,Grönsakssoppa redd ängamat veg. ,Myristinsyra C14:0,Soppa mat,0.2,g
438,Grönsakssoppa redd ängamat veg. ,Laurinsyra C12:0,Soppa mat,0.1,g
438,Grönsakssoppa redd ängamat veg. ,Betakaroten/β-Karoten,Soppa mat,1104.0,µg
438,Grönsakssoppa redd ängamat veg. ,Avfall (skal etc.),Soppa mat,6.0,%
438,Grönsakssoppa redd ängamat veg. ,Aska,Soppa mat,1.2,g
438,Grönsakssoppa redd ängamat veg. ,Alkohol,Soppa mat,0.0,g
439,Grönsaksbiff stekt veg.,"Zink, Zn",Grönsaks- rotfrukts- baljväxträtter o produkter,0.7,mg
439,Grönsaksbiff stekt veg.,Vitamin E,Grönsaks- rotfrukts- baljväxträtter o produkter,1.9,mg
439,Grönsaksbiff stekt veg.,Vitamin D,Grönsaks- rotfrukts- baljväxträtter o produkter,0.27,µg
439,Grönsaksbiff stekt veg.,Vitamin C,Grönsaks- rotfrukts- baljväxträtter o produkter,4.4,mg
439,Grönsaksbiff stekt veg.,Vitamin B6,Grönsaks- rotfrukts- baljväxträtter o produkter,0.19,mg
439,Grönsaksbiff stekt veg.,Vitamin B12,Grönsaks- rotfrukts- baljväxträtter o produkter,0.21,µg
439,Grönsaksbiff stekt veg.,Vitamin A,Grönsaks- rotfrukts- baljväxträtter o produkter,103.3,RE/µg
439,Grönsaksbiff stekt veg.,Vatten,Grönsaks- rotfrukts- baljväxträtter o produkter,73.1,g
439,Grönsaksbiff stekt veg.,Tiamin,Grönsaks- rotfrukts- baljväxträtter o produkter,0.07,mg
439,Grönsaksbiff stekt veg.,Tillsatt socker,Grönsaks- rotfrukts- baljväxträtter o produkter,0.0,g
439,Grönsaksbiff stekt veg.,Fritt socker,Grönsaks- rotfrukts- baljväxträtter o produkter,0.0,g
439,Grönsaksbiff stekt veg.,"Selen, Se",Grönsaks- rotfrukts- baljväxträtter o produkter,4.5,µg
439,Grönsaksbiff stekt veg.,Sackaros,Grönsaks- rotfrukts- baljväxträtter o produkter,0.8,g
439,Grönsaksbiff stekt veg.,Riboflavin,Grönsaks- rotfrukts- baljväxträtter o produkter,0.1,mg
439,Grönsaksbiff stekt veg.,Retinol,Grönsaks- rotfrukts- baljväxträtter o produkter,38.7,µg
439,Grönsaksbiff stekt veg.,Protein,Grönsaks- rotfrukts- baljväxträtter o produkter,4.7,g
439,Grönsaksbiff stekt veg.,Summa fleromättade fettsyror,Grönsaks- rotfrukts- baljväxträtter o produkter,1.2,g
439,Grönsaksbiff stekt veg.,"Fosfor, P",Grönsaks- rotfrukts- baljväxträtter o produkter,111.0,mg
439,Grönsaksbiff stekt veg.,Niacinekvivalenter,Grönsaks- rotfrukts- baljväxträtter o produkter,1.78,NE/mg
439,Grönsaksbiff stekt veg.,Niacin,Grönsaks- rotfrukts- baljväxträtter o produkter,0.84,mg
439,Grönsaksbiff stekt veg.,"Salt, NaCl",Grönsaks- rotfrukts- baljväxträtter o produkter,1.4,g
439,Grönsaksbiff stekt veg.,"Natrium, Na",Grönsaks- rotfrukts- baljväxträtter o produkter,547.0,mg
439,Grönsaksbiff stekt veg.,Monosackarider,Grönsaks- rotfrukts- baljväxträtter o produkter,0.6,g
439,Grönsaksbiff stekt veg.,"Sockerarter, totalt",Grönsaks- rotfrukts- baljväxträtter o produkter,1.5,g
439,Grönsaksbiff stekt veg.,Summa enkelomättade fettsyror,Grönsaks- rotfrukts- baljväxträtter o produkter,2.4,g
439,Grönsaksbiff stekt veg.,"Magnesium, Mg",Grönsaks- rotfrukts- baljväxträtter o produkter,21.0,mg
439,Grönsaksbiff stekt veg.,Summa mättade fettsyror,Grönsaks- rotfrukts- baljväxträtter o produkter,1.1,g
439,Grönsaksbiff stekt veg.,"Kolhydrater, tillgängliga",Grönsaks- rotfrukts- baljväxträtter o produkter,10.3,g
439,Grönsaksbiff stekt veg.,Kolesterol,Grönsaks- rotfrukts- baljväxträtter o produkter,43.7,mg
439,Grönsaksbiff stekt veg.,"Kalium, K",Grönsaks- rotfrukts- baljväxträtter o produkter,299.0,mg
439,Grönsaksbiff stekt veg.,"Jod, I",Grönsaks- rotfrukts- baljväxträtter o produkter,64.2,µg
439,Grönsaksbiff stekt veg.,Fullkorn totalt,Grönsaks- rotfrukts- baljväxträtter o produkter,0.0,g
439,Grönsaksbiff stekt veg.,"Folat, totalt",Grönsaks- rotfrukts- baljväxträtter o produkter,47.9,µg
439,Grönsaksbiff stekt veg.,Fibrer,Grönsaks- rotfrukts- baljväxträtter o produkter,4.0,g
439,Grönsaksbiff stekt veg.,"Fett, totalt",Grönsaks- rotfrukts- baljväxträtter o produkter,5.4,g
439,Grönsaksbiff stekt veg.,"Järn, Fe",Grönsaks- rotfrukts- baljväxträtter o produkter,0.9,mg
439,Grönsaksbiff stekt veg.,Energi (kJ),Grönsaks- rotfrukts- baljväxträtter o produkter,490.0,kJ
439,Grönsaksbiff stekt veg.,Energi (kcal),Grönsaks- rotfrukts- baljväxträtter o produkter,117.0,kcal
439,Grönsaksbiff stekt veg.,Disackarider,Grönsaks- rotfrukts- baljväxträtter o produkter,0.9,g
439,Grönsaksbiff stekt veg.,"Kalcium, Ca",Grönsaks- rotfrukts- baljväxträtter o produkter,59.0,mg
439,Grönsaksbiff stekt veg.,Fettsyra 4:0-10:0,Grönsaks- rotfrukts- baljväxträtter o produkter,0.1,g
439,Grönsaksbiff stekt veg.,DHA (C22:6),Grönsaks- rotfrukts- baljväxträtter o produkter,0.0,g
439,Grönsaksbiff stekt veg.,DPA (C22:5),Grönsaks- rotfrukts- baljväxträtter o produkter,0.0,g
439,Grönsaksbiff stekt veg.,EPA (C20:5),Grönsaks- rotfrukts- baljväxträtter o produkter,0.0,g
439,Grönsaksbiff stekt veg.,Arakidonsyra C20:4,Grönsaks- rotfrukts- baljväxträtter o produkter,0.0,g
439,Grönsaksbiff stekt veg.,Arakidinsyra C20:0,Grönsaks- rotfrukts- baljväxträtter o produkter,0.0,g
439,Grönsaksbiff stekt veg.,Linolensyra C18:3,Grönsaks- rotfrukts- baljväxträtter o produkter,0.2,g
439,Grönsaksbiff stekt veg.,Linolsyra C18:2,Grönsaks- rotfrukts- baljväxträtter o produkter,0.9,g
439,Grönsaksbiff stekt veg.,Oljesyra C18:1,Grönsaks- rotfrukts- baljväxträtter o produkter,2.3,g
439,Grönsaksbiff stekt veg.,Stearinsyra C18:0,Grönsaks- rotfrukts- baljväxträtter o produkter,0.2,g
439,Grönsaksbiff stekt veg.,Palmitoljesyra C16:1,Grönsaks- rotfrukts- baljväxträtter o produkter,0.0,g
439,Grönsaksbiff stekt veg.,Palmitinsyra C16:0,Grönsaks- rotfrukts- baljväxträtter o produkter,0.6,g
439,Grönsaksbiff stekt veg.,Myristinsyra C14:0,Grönsaks- rotfrukts- baljväxträtter o produkter,0.1,g
439,Grönsaksbiff stekt veg.,Laurinsyra C12:0,Grönsaks- rotfrukts- baljväxträtter o produkter,0.0,g
439,Grönsaksbiff stekt veg.,Betakaroten/β-Karoten,Grönsaks- rotfrukts- baljväxträtter o produkter,611.0,µg
439,Grönsaksbiff stekt veg.,Avfall (skal etc.),Grönsaks- rotfrukts- baljväxträtter o produkter,4.0,%
439,Grönsaksbiff stekt veg.,Aska,Grönsaks- rotfrukts- baljväxträtter o produkter,2.3,g
439,Grönsaksbiff stekt veg.,Alkohol,Grönsaks- rotfrukts- baljväxträtter o produkter,0.0,g
440,Grönsallat m. vinägrettsås,"Zink, Zn",Grönsaks- rotfrukts- baljväxträtter o produkter,0.2,mg
440,Grönsallat m. vinägrettsås,Vitamin E,Grönsaks- rotfrukts- baljväxträtter o produkter,3.7,mg
440,Grönsallat m. vinägrettsås,Vitamin D inkl 25-OH-D3,Grönsaks- rotfrukts- baljväxträtter o produkter,0.0,µg
440,Grönsallat m. vinägrettsås,Vitamin D,Grönsaks- rotfrukts- baljväxträtter o produkter,0.0,µg
440,Grönsallat m. vinägrettsås,Vitamin C,Grönsaks- rotfrukts- baljväxträtter o produkter,15.0,mg
440,Grönsallat m. vinägrettsås,Vitamin B6,Grönsaks- rotfrukts- baljväxträtter o produkter,0.08,mg
440,Grönsallat m. vinägrettsås,Vitamin B12,Grönsaks- rotfrukts- baljväxträtter o produkter,0.0,µg
440,Grönsallat m. vinägrettsås,Vitamin A,Grönsaks- rotfrukts- baljväxträtter o produkter,22.9,RE/µg
440,Grönsallat m. vinägrettsås,Vatten,Grönsaks- rotfrukts- baljväxträtter o produkter,81.4,g
440,Grönsallat m. vinägrettsås,Tiamin,Grönsaks- rotfrukts- baljväxträtter o produkter,0.05,mg
440,Grönsallat m. vinägrettsås,Tillsatt socker,Grönsaks- rotfrukts- baljväxträtter o produkter,0.0,g
440,Grönsallat m. vinägrettsås,Fritt socker,Grönsaks- rotfrukts- baljväxträtter o produkter,0.0,g
440,Grönsallat m. vinägrettsås,"Selen, Se",Grönsaks- rotfrukts- baljväxträtter o produkter,0.3,µg
440,Grönsallat m. vinägrettsås,Sackaros,Grönsaks- rotfrukts- baljväxträtter o produkter,0.1,g
440,Grönsallat m. vinägrettsås,Riboflavin,Grönsaks- rotfrukts- baljväxträtter o produkter,0.03,mg
440,Grönsallat m. vinägrettsås,Retinol,Grönsaks- rotfrukts- baljväxträtter o produkter,0.0,µg
440,Grönsallat m. vinägrettsås,Protein,Grönsaks- rotfrukts- baljväxträtter o produkter,1.0,g
440,Grönsallat m. vinägrettsås,Summa fleromättade fettsyror,Grönsaks- rotfrukts- baljväxträtter o produkter,3.6,g
440,Grönsallat m. vinägrettsås,"Fosfor, P",Grönsaks- rotfrukts- baljväxträtter o produkter,30.0,mg
440,Grönsallat m. vinägrettsås,Niacinekvivalenter,Grönsaks- rotfrukts- baljväxträtter o produkter,0.55,NE/mg
440,Grönsallat m. vinägrettsås,Niacin,Grönsaks- rotfrukts- baljväxträtter o produkter,0.38,mg
440,Grönsallat m. vinägrettsås,"Salt, NaCl",Grönsaks- rotfrukts- baljväxträtter o produkter,1.0,g
440,Grönsallat m. vinägrettsås,"Natrium, Na",Grönsaks- rotfrukts- baljväxträtter o produkter,393.0,mg
440,Grönsallat m. vinägrettsås,Monosackarider,Grönsaks- rotfrukts- baljväxträtter o produkter,1.5,g
440,Grönsallat m. vinägrettsås,"Sockerarter, totalt",Grönsaks- rotfrukts- baljväxträtter o produkter,1.6,g
440,Grönsallat m. vinägrettsås,Summa enkelomättade fettsyror,Grönsaks- rotfrukts- baljväxträtter o produkter,7.8,g
440,Grönsallat m. vinägrettsås,"Magnesium, Mg",Grönsaks- rotfrukts- baljväxträtter o produkter,14.0,mg
440,Grönsallat m. vinägrettsås,Summa mättade fettsyror,Grönsaks- rotfrukts- baljväxträtter o produkter,0.9,g
440,Grönsallat m. vinägrettsås,"Kolhydrater, tillgängliga",Grönsaks- rotfrukts- baljväxträtter o produkter,2.5,g
440,Grönsallat m. vinägrettsås,Kolesterol,Grönsaks- rotfrukts- baljväxträtter o produkter,0.0,mg
440,Grönsallat m. vinägrettsås,"Kalium, K",Grönsaks- rotfrukts- baljväxträtter o produkter,176.0,mg
440,Grönsallat m. vinägrettsås,"Jod, I",Grönsaks- rotfrukts- baljväxträtter o produkter,50.0,µg
440,Grönsallat m. vinägrettsås,Fullkorn totalt,Grönsaks- rotfrukts- baljväxträtter o produkter,0.0,g
440,Grönsallat m. vinägrettsås,"Folat, totalt",Grönsaks- rotfrukts- baljväxträtter o produkter,71.5,µg
440,Grönsallat m. vinägrettsås,Fibrer,Grönsaks- rotfrukts- baljväxträtter o produkter,0.8,g
440,Grönsallat m. vinägrettsås,"Fett, totalt",Grönsaks- rotfrukts- baljväxträtter o produkter,12.9,g
440,Grönsallat m. vinägrettsås,"Järn, Fe",Grönsaks- rotfrukts- baljväxträtter o produkter,0.5,mg
440,Grönsallat m. vinägrettsås,Energi (kJ),Grönsaks- rotfrukts- baljväxträtter o produkter,543.0,kJ
440,Grönsallat m. vinägrettsås,Energi (kcal),Grönsaks- rotfrukts- baljväxträtter o produkter,130.0,kcal
440,Grönsallat m. vinägrettsås,Disackarider,Grönsaks- rotfrukts- baljväxträtter o produkter,0.1,g
440,Grönsallat m. vinägrettsås,"Kalcium, Ca",Grönsaks- rotfrukts- baljväxträtter o produkter,35.0,mg
440,Grönsallat m. vinägrettsås,Fettsyra 4:0-10:0,Grönsaks- rotfrukts- baljväxträtter o produkter,0.0,g
440,Grönsallat m. vinägrettsås,DHA (C22:6),Grönsaks- rotfrukts- baljväxträtter o produkter,0.0,g
440,Grönsallat m. vinägrettsås,DPA (C22:5),Grönsaks- rotfrukts- baljväxträtter o produkter,0.0,g
440,Grönsallat m. vinägrettsås,EPA (C20:5),Grönsaks- rotfrukts- baljväxträtter o produkter,0.0,g
440,Grönsallat m. vinägrettsås,Arakidonsyra C20:4,Grönsaks- rotfrukts- baljväxträtter o produkter,0.0,g
440,Grönsallat m. vinägrettsås,Arakidinsyra C20:0,Grönsaks- rotfrukts- baljväxträtter o produkter,0.1,g
440,Grönsallat m. vinägrettsås,Linolensyra C18:3,Grönsaks- rotfrukts- baljväxträtter o produkter,1.1,g
440,Grönsallat m. vinägrettsås,Linolsyra C18:2,Grönsaks- rotfrukts- baljväxträtter o produkter,2.4,g
440,Grönsallat m. vinägrettsås,Oljesyra C18:1,Grönsaks- rotfrukts- baljväxträtter o produkter,7.5,g
440,Grönsallat m. vinägrettsås,Stearinsyra C18:0,Grönsaks- rotfrukts- baljväxträtter o produkter,0.2,g
440,Grönsallat m. vinägrettsås,Palmitoljesyra C16:1,Grönsaks- rotfrukts- baljväxträtter o produkter,0.0,g
440,Grönsallat m. vinägrettsås,Palmitinsyra C16:0,Grönsaks- rotfrukts- baljväxträtter o produkter,0.6,g
440,Grönsallat m. vinägrettsås,Myristinsyra C14:0,Grönsaks- rotfrukts- baljväxträtter o produkter,0.0,g
440,Grönsallat m. vinägrettsås,Laurinsyra C12:0,Grönsaks- rotfrukts- baljväxträtter o produkter,0.0,g
440,Grönsallat m. vinägrettsås,Betakaroten/β-Karoten,Grönsaks- rotfrukts- baljväxträtter o produkter,274.0,µg
440,Grönsallat m. vinägrettsås,Avfall (skal etc.),Grönsaks- rotfrukts- baljväxträtter o produkter,5.0,%
440,Grönsallat m. vinägrettsås,Aska,Grönsaks- rotfrukts- baljväxträtter o produkter,1.5,g
440,Grönsallat m. vinägrettsås,Alkohol,Grönsaks- rotfrukts- baljväxträtter o produkter,0.0,g
441,Sallad m. grönsallat gurka tomat vinägrettsås,"Zink, Zn",Grönsaks- rotfrukts- baljväxträtter o produkter,0.2,mg
441,Sallad m. grönsallat gurka tomat vinägrettsås,Vitamin E,Grönsaks- rotfrukts- baljväxträtter o produkter,3.2,mg
441,Sallad m. grönsallat gurka tomat vinägrettsås,Vitamin D inkl 25-OH-D3,Grönsaks- rotfrukts- baljväxträtter o produkter,0.0,µg
441,Sallad m. grönsallat gurka tomat vinägrettsås,Vitamin D,Grönsaks- rotfrukts- baljväxträtter o produkter,0.0,µg
441,Sallad m. grönsallat gurka tomat vinägrettsås,Vitamin C,Grönsaks- rotfrukts- baljväxträtter o produkter,11.2,mg
441,Sallad m. grönsallat gurka tomat vinägrettsås,Vitamin B6,Grönsaks- rotfrukts- baljväxträtter o produkter,0.07,mg
441,Sallad m. grönsallat gurka tomat vinägrettsås,Vitamin B12,Grönsaks- rotfrukts- baljväxträtter o produkter,0.0,µg
441,Sallad m. grönsallat gurka tomat vinägrettsås,Vitamin A,Grönsaks- rotfrukts- baljväxträtter o produkter,21.2,RE/µg
441,Sallad m. grönsallat gurka tomat vinägrettsås,Vatten,Grönsaks- rotfrukts- baljväxträtter o produkter,83.7,g
441,Sallad m. grönsallat gurka tomat vinägrettsås,Tiamin,Grönsaks- rotfrukts- baljväxträtter o produkter,0.03,mg
441,Sallad m. grönsallat gurka tomat vinägrettsås,Tillsatt socker,Grönsaks- rotfrukts- baljväxträtter o produkter,0.0,g
441,Sallad m. grönsallat gurka tomat vinägrettsås,Fritt socker,Grönsaks- rotfrukts- baljväxträtter o produkter,0.0,g
441,Sallad m. grönsallat gurka tomat vinägrettsås,"Selen, Se",Grönsaks- rotfrukts- baljväxträtter o produkter,0.1,µg
441,Sallad m. grönsallat gurka tomat vinägrettsås,Sackaros,Grönsaks- rotfrukts- baljväxträtter o produkter,0.0,g
441,Sallad m. grönsallat gurka tomat vinägrettsås,Riboflavin,Grönsaks- rotfrukts- baljväxträtter o produkter,0.01,mg
441,Sallad m. grönsallat gurka tomat vinägrettsås,Retinol,Grönsaks- rotfrukts- baljväxträtter o produkter,0.0,µg
441,Sallad m. grönsallat gurka tomat vinägrettsås,Protein,Grönsaks- rotfrukts- baljväxträtter o produkter,0.8,g
441,Sallad m. grönsallat gurka tomat vinägrettsås,Summa fleromättade fettsyror,Grönsaks- rotfrukts- baljväxträtter o produkter,3.1,g
441,Sallad m. grönsallat gurka tomat vinägrettsås,"Fosfor, P",Grönsaks- rotfrukts- baljväxträtter o produkter,25.0,mg
441,Sallad m. grönsallat gurka tomat vinägrettsås,Niacinekvivalenter,Grönsaks- rotfrukts- baljväxträtter o produkter,0.45,NE/mg
441,Sallad m. grönsallat gurka tomat vinägrettsås,Niacin,Grönsaks- rotfrukts- baljväxträtter o produkter,0.32,mg
441,Sallad m. grönsallat gurka tomat vinägrettsås,"Salt, NaCl",Grönsaks- rotfrukts- baljväxträtter o produkter,0.8,g
441,Sallad m. grönsallat gurka tomat vinägrettsås,"Natrium, Na",Grönsaks- rotfrukts- baljväxträtter o produkter,335.0,mg
441,Sallad m. grönsallat gurka tomat vinägrettsås,Monosackarider,Grönsaks- rotfrukts- baljväxträtter o produkter,1.7,g
441,Sallad m. grönsallat gurka tomat vinägrettsås,"Sockerarter, totalt",Grönsaks- rotfrukts- baljväxträtter o produkter,1.8,g
441,Sallad m. grönsallat gurka tomat vinägrettsås,Summa enkelomättade fettsyror,Grönsaks- rotfrukts- baljväxträtter o produkter,6.7,g
441,Sallad m. grönsallat gurka tomat vinägrettsås,"Magnesium, Mg",Grönsaks- rotfrukts- baljväxträtter o produkter,12.0,mg
441,Sallad m. grönsallat gurka tomat vinägrettsås,Summa mättade fettsyror,Grönsaks- rotfrukts- baljväxträtter o produkter,0.8,g
441,Sallad m. grönsallat gurka tomat vinägrettsås,"Kolhydrater, tillgängliga",Grönsaks- rotfrukts- baljväxträtter o produkter,2.5,g
441,Sallad m. grönsallat gurka tomat vinägrettsås,Kolesterol,Grönsaks- rotfrukts- baljväxträtter o produkter,0.0,mg
441,Sallad m. grönsallat gurka tomat vinägrettsås,"Kalium, K",Grönsaks- rotfrukts- baljväxträtter o produkter,169.0,mg
441,Sallad m. grönsallat gurka tomat vinägrettsås,"Jod, I",Grönsaks- rotfrukts- baljväxträtter o produkter,43.6,µg
441,Sallad m. grönsallat gurka tomat vinägrettsås,Fullkorn totalt,Grönsaks- rotfrukts- baljväxträtter o produkter,0.0,g
441,Sallad m. grönsallat gurka tomat vinägrettsås,"Folat, totalt",Grönsaks- rotfrukts- baljväxträtter o produkter,28.1,µg
441,Sallad m. grönsallat gurka tomat vinägrettsås,Fibrer,Grönsaks- rotfrukts- baljväxträtter o produkter,0.6,g
441,Sallad m. grönsallat gurka tomat vinägrettsås,"Fett, totalt",Grönsaks- rotfrukts- baljväxträtter o produkter,11.0,g
441,Sallad m. grönsallat gurka tomat vinägrettsås,"Järn, Fe",Grönsaks- rotfrukts- baljväxträtter o produkter,0.3,mg
441,Sallad m. grönsallat gurka tomat vinägrettsås,Energi (kJ),Grönsaks- rotfrukts- baljväxträtter o produkter,470.0,kJ
441,Sallad m. grönsallat gurka tomat vinägrettsås,Energi (kcal),Grönsaks- rotfrukts- baljväxträtter o produkter,112.0,kcal
441,Sallad m. grönsallat gurka tomat vinägrettsås,Disackarider,Grönsaks- rotfrukts- baljväxträtter o produkter,0.0,g
441,Sallad m. grönsallat gurka tomat vinägrettsås,"Kalcium, Ca",Grönsaks- rotfrukts- baljväxträtter o produkter,26.0,mg
441,Sallad m. grönsallat gurka tomat vinägrettsås,Fettsyra 4:0-10:0,Grönsaks- rotfrukts- baljväxträtter o produkter,0.0,g
441,Sallad m. grönsallat gurka tomat vinägrettsås,DHA (C22:6),Grönsaks- rotfrukts- baljväxträtter o produkter,0.0,g
441,Sallad m. grönsallat gurka tomat vinägrettsås,DPA (C22:5),Grönsaks- rotfrukts- baljväxträtter o produkter,0.0,g
441,Sallad m. grönsallat gurka tomat vinägrettsås,EPA (C20:5),Grönsaks- rotfrukts- baljväxträtter o produkter,0.0,g
441,Sallad m. grönsallat gurka tomat vinägrettsås,Arakidonsyra C20:4,Grönsaks- rotfrukts- baljväxträtter o produkter,0.0,g
441,Sallad m. grönsallat gurka tomat vinägrettsås,Arakidinsyra C20:0,Grönsaks- rotfrukts- baljväxträtter o produkter,0.1,g
441,Sallad m. grönsallat gurka tomat vinägrettsås,Linolensyra C18:3,Grönsaks- rotfrukts- baljväxträtter o produkter,0.9,g
441,Sallad m. grönsallat gurka tomat vinägrettsås,Linolsyra C18:2,Grönsaks- rotfrukts- baljväxträtter o produkter,2.1,g
441,Sallad m. grönsallat gurka tomat vinägrettsås,Oljesyra C18:1,Grönsaks- rotfrukts- baljväxträtter o produkter,6.4,g
441,Sallad m. grönsallat gurka tomat vinägrettsås,Stearinsyra C18:0,Grönsaks- rotfrukts- baljväxträtter o produkter,0.2,g
441,Sallad m. grönsallat gurka tomat vinägrettsås,Palmitoljesyra C16:1,Grönsaks- rotfrukts- baljväxträtter o produkter,0.0,g
441,Sallad m. grönsallat gurka tomat vinägrettsås,Palmitinsyra C16:0,Grönsaks- rotfrukts- baljväxträtter o produkter,0.5,g
441,Sallad m. grönsallat gurka tomat vinägrettsås,Myristinsyra C14:0,Grönsaks- rotfrukts- baljväxträtter o produkter,0.0,g
441,Sallad m. grönsallat gurka tomat vinägrettsås,Laurinsyra C12:0,Grönsaks- rotfrukts- baljväxträtter o produkter,0.0,g
441,Sallad m. grönsallat gurka tomat vinägrettsås,Betakaroten/β-Karoten,Grönsaks- rotfrukts- baljväxträtter o produkter,253.0,µg
441,Sallad m. grönsallat gurka tomat vinägrettsås,Avfall (skal etc.),Grönsaks- rotfrukts- baljväxträtter o produkter,4.0,%
441,Sallad m. grönsallat gurka tomat vinägrettsås,Aska,Grönsaks- rotfrukts- baljväxträtter o produkter,1.3,g
441,Sallad m. grönsallat gurka tomat vinägrettsås,Alkohol,Grönsaks- rotfrukts- baljväxträtter o produkter,0.0,g
442,Grönsallat m. gräddfilsås,"Zink, Zn",Grönsaks- rotfrukts- baljväxträtter o produkter,0.4,mg
442,Grönsallat m. gräddfilsås,Vitamin E,Grönsaks- rotfrukts- baljväxträtter o produkter,3.5,mg
442,Grönsallat m. gräddfilsås,Vitamin D,Grönsaks- rotfrukts- baljväxträtter o produkter,0.05,µg
442,Grönsallat m. gräddfilsås,Vitamin C,Grönsaks- rotfrukts- baljväxträtter o produkter,15.6,mg
442,Grönsallat m. gräddfilsås,Vitamin B6,Grönsaks- rotfrukts- baljväxträtter o produkter,0.08,mg
442,Grönsallat m. gräddfilsås,Vitamin B12,Grönsaks- rotfrukts- baljväxträtter o produkter,0.06,µg
442,Grönsallat m. gräddfilsås,Vitamin A,Grönsaks- rotfrukts- baljväxträtter o produkter,86.7,RE/µg
442,Grönsallat m. gräddfilsås,Vatten,Grönsaks- rotfrukts- baljväxträtter o produkter,75.2,g
442,Grönsallat m. gräddfilsås,Tiamin,Grönsaks- rotfrukts- baljväxträtter o produkter,0.05,mg
442,Grönsallat m. gräddfilsås,Tillsatt socker,Grönsaks- rotfrukts- baljväxträtter o produkter,1.0,g
442,Grönsallat m. gräddfilsås,Fritt socker,Grönsaks- rotfrukts- baljväxträtter o produkter,1.0,g
442,Grönsallat m. gräddfilsås,"Selen, Se",Grönsaks- rotfrukts- baljväxträtter o produkter,1.3,µg
442,Grönsallat m. gräddfilsås,Sackaros,Grönsaks- rotfrukts- baljväxträtter o produkter,0.9,g
442,Grönsallat m. gräddfilsås,Riboflavin,Grönsaks- rotfrukts- baljväxträtter o produkter,0.07,mg
442,Grönsallat m. gräddfilsås,Retinol,Grönsaks- rotfrukts- baljväxträtter o produkter,44.0,µg
442,Grönsallat m. gräddfilsås,Protein,Grönsaks- rotfrukts- baljväxträtter o produkter,1.6,g
442,Grönsallat m. gräddfilsås,Summa fleromättade fettsyror,Grönsaks- rotfrukts- baljväxträtter o produkter,2.7,g
442,Grönsallat m. gräddfilsås,"Fosfor, P",Grönsaks- rotfrukts- baljväxträtter o produkter,51.0,mg
442,Grönsallat m. gräddfilsås,Niacinekvivalenter,Grönsaks- rotfrukts- baljväxträtter o produkter,0.77,NE/mg
442,Grönsallat m. gräddfilsås,Niacin,Grönsaks- rotfrukts- baljväxträtter o produkter,0.43,mg
442,Grönsallat m. gräddfilsås,"Salt, NaCl",Grönsaks- rotfrukts- baljväxträtter o produkter,0.8,g
442,Grönsallat m. gräddfilsås,"Natrium, Na",Grönsaks- rotfrukts- baljväxträtter o produkter,311.0,mg
442,Grönsallat m. gräddfilsås,Monosackarider,Grönsaks- rotfrukts- baljväxträtter o produkter,1.6,g
442,Grönsallat m. gräddfilsås,"Sockerarter, totalt",Grönsaks- rotfrukts- baljväxträtter o produkter,3.3,g
442,Grönsallat m. gräddfilsås,Summa enkelomättade fettsyror,Grönsaks- rotfrukts- baljväxträtter o produkter,9.3,g
442,Grönsallat m. gräddfilsås,"Magnesium, Mg",Grönsaks- rotfrukts- baljväxträtter o produkter,13.0,mg
442,Grönsallat m. gräddfilsås,Summa mättade fettsyror,Grönsaks- rotfrukts- baljväxträtter o produkter,4.0,g
442,Grönsallat m. gräddfilsås,"Kolhydrater, tillgängliga",Grönsaks- rotfrukts- baljväxträtter o produkter,4.1,g
442,Grönsallat m. gräddfilsås,Kolesterol,Grönsaks- rotfrukts- baljväxträtter o produkter,23.3,mg
442,Grönsallat m. gräddfilsås,"Kalium, K",Grönsaks- rotfrukts- baljväxträtter o produkter,199.0,mg
442,Grönsallat m. gräddfilsås,"Jod, I",Grönsaks- rotfrukts- baljväxträtter o produkter,39.5,µg
442,Grönsallat m. gräddfilsås,Fullkorn totalt,Grönsaks- rotfrukts- baljväxträtter o produkter,0.0,g
442,Grönsallat m. gräddfilsås,"Folat, totalt",Grönsaks- rotfrukts- baljväxträtter o produkter,59.3,µg
442,Grönsallat m. gräddfilsås,Fibrer,Grönsaks- rotfrukts- baljväxträtter o produkter,0.7,g
442,Grönsallat m. gräddfilsås,"Fett, totalt",Grönsaks- rotfrukts- baljväxträtter o produkter,17.0,g
442,Grönsallat m. gräddfilsås,"Järn, Fe",Grönsaks- rotfrukts- baljväxträtter o produkter,0.6,mg
442,Grönsallat m. gräddfilsås,Energi (kJ),Grönsaks- rotfrukts- baljväxträtter o produkter,730.0,kJ
442,Grönsallat m. gräddfilsås,Energi (kcal),Grönsaks- rotfrukts- baljväxträtter o produkter,174.0,kcal
442,Grönsallat m. gräddfilsås,Disackarider,Grönsaks- rotfrukts- baljväxträtter o produkter,1.6,g
442,Grönsallat m. gräddfilsås,"Kalcium, Ca",Grönsaks- rotfrukts- baljväxträtter o produkter,58.0,mg
442,Grönsallat m. gräddfilsås,Fettsyra 4:0-10:0,Grönsaks- rotfrukts- baljväxträtter o produkter,0.3,g
442,Grönsallat m. gräddfilsås,DHA (C22:6),Grönsaks- rotfrukts- baljväxträtter o produkter,0.0,g
442,Grönsallat m. gräddfilsås,DPA (C22:5),Grönsaks- rotfrukts- baljväxträtter o produkter,0.0,g
442,Grönsallat m. gräddfilsås,EPA (C20:5),Grönsaks- rotfrukts- baljväxträtter o produkter,0.0,g
442,Grönsallat m. gräddfilsås,Arakidonsyra C20:4,Grönsaks- rotfrukts- baljväxträtter o produkter,0.0,g
442,Grönsallat m. gräddfilsås,Arakidinsyra C20:0,Grönsaks- rotfrukts- baljväxträtter o produkter,0.1,g
442,Grönsallat m. gräddfilsås,Linolensyra C18:3,Grönsaks- rotfrukts- baljväxträtter o produkter,0.7,g
442,Grönsallat m. gräddfilsås,Linolsyra C18:2,Grönsaks- rotfrukts- baljväxträtter o produkter,1.9,g
442,Grönsallat m. gräddfilsås,Oljesyra C18:1,Grönsaks- rotfrukts- baljväxträtter o produkter,8.9,g
442,Grönsallat m. gräddfilsås,Stearinsyra C18:0,Grönsaks- rotfrukts- baljväxträtter o produkter,0.7,g
442,Grönsallat m. gräddfilsås,Palmitoljesyra C16:1,Grönsaks- rotfrukts- baljväxträtter o produkter,0.2,g
442,Grönsallat m. gräddfilsås,Palmitinsyra C16:0,Grönsaks- rotfrukts- baljväxträtter o produkter,2.2,g
442,Grönsallat m. gräddfilsås,Myristinsyra C14:0,Grönsaks- rotfrukts- baljväxträtter o produkter,0.5,g
442,Grönsallat m. gräddfilsås,Laurinsyra C12:0,Grönsaks- rotfrukts- baljväxträtter o produkter,0.1,g
442,Grönsallat m. gräddfilsås,Betakaroten/β-Karoten,Grönsaks- rotfrukts- baljväxträtter o produkter,512.0,µg
442,Grönsallat m. gräddfilsås,Avfall (skal etc.),Grönsaks- rotfrukts- baljväxträtter o produkter,4.0,%
442,Grönsallat m. gräddfilsås,Aska,Grönsaks- rotfrukts- baljväxträtter o produkter,1.4,g
442,Grönsallat m. gräddfilsås,Alkohol,Grönsaks- rotfrukts- baljväxträtter o produkter,0.0,g
443,Sallad m. grönsallat gurka tomat gräddfilsås,"Zink, Zn",Grönsaks- rotfrukts- baljväxträtter o produkter,0.3,mg
443,Sallad m. grönsallat gurka tomat gräddfilsås,Vitamin E,Grönsaks- rotfrukts- baljväxträtter o produkter,3.2,mg
443,Sallad m. grönsallat gurka tomat gräddfilsås,Vitamin D,Grönsaks- rotfrukts- baljväxträtter o produkter,0.04,µg
443,Sallad m. grönsallat gurka tomat gräddfilsås,Vitamin C,Grönsaks- rotfrukts- baljväxträtter o produkter,12.8,mg
443,Sallad m. grönsallat gurka tomat gräddfilsås,Vitamin B6,Grönsaks- rotfrukts- baljväxträtter o produkter,0.07,mg
443,Sallad m. grönsallat gurka tomat gräddfilsås,Vitamin B12,Grönsaks- rotfrukts- baljväxträtter o produkter,0.05,µg
443,Sallad m. grönsallat gurka tomat gräddfilsås,Vitamin A,Grönsaks- rotfrukts- baljväxträtter o produkter,79.0,RE/µg
443,Sallad m. grönsallat gurka tomat gräddfilsås,Vatten,Grönsaks- rotfrukts- baljväxträtter o produkter,77.5,g
443,Sallad m. grönsallat gurka tomat gräddfilsås,Tiamin,Grönsaks- rotfrukts- baljväxträtter o produkter,0.03,mg
443,Sallad m. grönsallat gurka tomat gräddfilsås,Tillsatt socker,Grönsaks- rotfrukts- baljväxträtter o produkter,1.0,g
443,Sallad m. grönsallat gurka tomat gräddfilsås,Fritt socker,Grönsaks- rotfrukts- baljväxträtter o produkter,1.0,g
443,Sallad m. grönsallat gurka tomat gräddfilsås,"Selen, Se",Grönsaks- rotfrukts- baljväxträtter o produkter,1.1,µg
443,Sallad m. grönsallat gurka tomat gräddfilsås,Sackaros,Grönsaks- rotfrukts- baljväxträtter o produkter,0.7,g
443,Sallad m. grönsallat gurka tomat gräddfilsås,Riboflavin,Grönsaks- rotfrukts- baljväxträtter o produkter,0.05,mg
443,Sallad m. grönsallat gurka tomat gräddfilsås,Retinol,Grönsaks- rotfrukts- baljväxträtter o produkter,39.6,µg
443,Sallad m. grönsallat gurka tomat gräddfilsås,Protein,Grönsaks- rotfrukts- baljväxträtter o produkter,1.5,g
443,Sallad m. grönsallat gurka tomat gräddfilsås,Summa fleromättade fettsyror,Grönsaks- rotfrukts- baljväxträtter o produkter,2.4,g
443,Sallad m. grönsallat gurka tomat gräddfilsås,"Fosfor, P",Grönsaks- rotfrukts- baljväxträtter o produkter,45.0,mg
443,Sallad m. grönsallat gurka tomat gräddfilsås,Niacinekvivalenter,Grönsaks- rotfrukts- baljväxträtter o produkter,0.68,NE/mg
443,Sallad m. grönsallat gurka tomat gräddfilsås,Niacin,Grönsaks- rotfrukts- baljväxträtter o produkter,0.39,mg
443,Sallad m. grönsallat gurka tomat gräddfilsås,"Salt, NaCl",Grönsaks- rotfrukts- baljväxträtter o produkter,0.7,g
443,Sallad m. grönsallat gurka tomat gräddfilsås,"Natrium, Na",Grönsaks- rotfrukts- baljväxträtter o produkter,279.0,mg
443,Sallad m. grönsallat gurka tomat gräddfilsås,Monosackarider,Grönsaks- rotfrukts- baljväxträtter o produkter,1.8,g
443,Sallad m. grönsallat gurka tomat gräddfilsås,"Sockerarter, totalt",Grönsaks- rotfrukts- baljväxträtter o produkter,3.2,g
443,Sallad m. grönsallat gurka tomat gräddfilsås,Summa enkelomättade fettsyror,Grönsaks- rotfrukts- baljväxträtter o produkter,8.4,g
443,Sallad m. grönsallat gurka tomat gräddfilsås,"Magnesium, Mg",Grönsaks- rotfrukts- baljväxträtter o produkter,12.0,mg
443,Sallad m. grönsallat gurka tomat gräddfilsås,Summa mättade fettsyror,Grönsaks- rotfrukts- baljväxträtter o produkter,3.6,g
443,Sallad m. grönsallat gurka tomat gräddfilsås,"Kolhydrater, tillgängliga",Grönsaks- rotfrukts- baljväxträtter o produkter,3.9,g
443,Sallad m. grönsallat gurka tomat gräddfilsås,Kolesterol,Grönsaks- rotfrukts- baljväxträtter o produkter,20.9,mg
443,Sallad m. grönsallat gurka tomat gräddfilsås,"Kalium, K",Grönsaks- rotfrukts- baljväxträtter o produkter,192.0,mg
443,Sallad m. grönsallat gurka tomat gräddfilsås,"Jod, I",Grönsaks- rotfrukts- baljväxträtter o produkter,36.1,µg
443,Sallad m. grönsallat gurka tomat gräddfilsås,Fullkorn totalt,Grönsaks- rotfrukts- baljväxträtter o produkter,0.0,g
443,Sallad m. grönsallat gurka tomat gräddfilsås,"Folat, totalt",Grönsaks- rotfrukts- baljväxträtter o produkter,29.8,µg
443,Sallad m. grönsallat gurka tomat gräddfilsås,Fibrer,Grönsaks- rotfrukts- baljväxträtter o produkter,0.6,g
443,Sallad m. grönsallat gurka tomat gräddfilsås,"Fett, totalt",Grönsaks- rotfrukts- baljväxträtter o produkter,15.2,g
443,Sallad m. grönsallat gurka tomat gräddfilsås,"Järn, Fe",Grönsaks- rotfrukts- baljväxträtter o produkter,0.5,mg
443,Sallad m. grönsallat gurka tomat gräddfilsås,Energi (kJ),Grönsaks- rotfrukts- baljväxträtter o produkter,660.0,kJ
443,Sallad m. grönsallat gurka tomat gräddfilsås,Energi (kcal),Grönsaks- rotfrukts- baljväxträtter o produkter,158.0,kcal
443,Sallad m. grönsallat gurka tomat gräddfilsås,Disackarider,Grönsaks- rotfrukts- baljväxträtter o produkter,1.4,g
443,Sallad m. grönsallat gurka tomat gräddfilsås,"Kalcium, Ca",Grönsaks- rotfrukts- baljväxträtter o produkter,49.0,mg
443,Sallad m. grönsallat gurka tomat gräddfilsås,Fettsyra 4:0-10:0,Grönsaks- rotfrukts- baljväxträtter o produkter,0.3,g
443,Sallad m. grönsallat gurka tomat gräddfilsås,DHA (C22:6),Grönsaks- rotfrukts- baljväxträtter o produkter,0.0,g
443,Sallad m. grönsallat gurka tomat gräddfilsås,DPA (C22:5),Grönsaks- rotfrukts- baljväxträtter o produkter,0.0,g
443,Sallad m. grönsallat gurka tomat gräddfilsås,EPA (C20:5),Grönsaks- rotfrukts- baljväxträtter o produkter,0.0,g
443,Sallad m. grönsallat gurka tomat gräddfilsås,Arakidonsyra C20:4,Grönsaks- rotfrukts- baljväxträtter o produkter,0.0,g
443,Sallad m. grönsallat gurka tomat gräddfilsås,Arakidinsyra C20:0,Grönsaks- rotfrukts- baljväxträtter o produkter,0.1,g
443,Sallad m. grönsallat gurka tomat gräddfilsås,Linolensyra C18:3,Grönsaks- rotfrukts- baljväxträtter o produkter,0.6,g
443,Sallad m. grönsallat gurka tomat gräddfilsås,Linolsyra C18:2,Grönsaks- rotfrukts- baljväxträtter o produkter,1.7,g
443,Sallad m. grönsallat gurka tomat gräddfilsås,Oljesyra C18:1,Grönsaks- rotfrukts- baljväxträtter o produkter,8.0,g
443,Sallad m. grönsallat gurka tomat gräddfilsås,Stearinsyra C18:0,Grönsaks- rotfrukts- baljväxträtter o produkter,0.6,g
443,Sallad m. grönsallat gurka tomat gräddfilsås,Palmitoljesyra C16:1,Grönsaks- rotfrukts- baljväxträtter o produkter,0.1,g
443,Sallad m. grönsallat gurka tomat gräddfilsås,Palmitinsyra C16:0,Grönsaks- rotfrukts- baljväxträtter o produkter,2.0,g
443,Sallad m. grönsallat gurka tomat gräddfilsås,Myristinsyra C14:0,Grönsaks- rotfrukts- baljväxträtter o produkter,0.4,g
443,Sallad m. grönsallat gurka tomat gräddfilsås,Laurinsyra C12:0,Grönsaks- rotfrukts- baljväxträtter o produkter,0.1,g
443,Sallad m. grönsallat gurka tomat gräddfilsås,Betakaroten/β-Karoten,Grönsaks- rotfrukts- baljväxträtter o produkter,473.0,µg
443,Sallad m. grönsallat gurka tomat gräddfilsås,Avfall (skal etc.),Grönsaks- rotfrukts- baljväxträtter o produkter,3.0,%
443,Sallad m. grönsallat gurka tomat gräddfilsås,Aska,Grönsaks- rotfrukts- baljväxträtter o produkter,1.3,g
443,Sallad m. grönsallat gurka tomat gräddfilsås,Alkohol,Grönsaks- rotfrukts- baljväxträtter o produkter,0.0,g
444,Sallad m. grönsallat gurka tomat paprika u. dressing,"Zink, Zn",Grönsaker,0.2,mg
444,Sallad m. grönsallat gurka tomat paprika u. dressing,Vitamin E,Grönsaker,0.7,mg
444,Sallad m. grönsallat gurka tomat paprika u. dressing,Vitamin D inkl 25-OH-D3,Grönsaker,0.0,µg
444,Sallad m. grönsallat gurka tomat paprika u. dressing,Vitamin D,Grönsaker,0.0,µg
444,Sallad m. grönsallat gurka tomat paprika u. dressing,Vitamin C,Grönsaker,38.0,mg
444,Sallad m. grönsallat gurka tomat paprika u. dressing,Vitamin B6,Grönsaker,0.11,mg
444,Sallad m. grönsallat gurka tomat paprika u. dressing,Vitamin B12,Grönsaker,0.0,µg
444,Sallad m. grönsallat gurka tomat paprika u. dressing,Vitamin A,Grönsaker,24.1,RE/µg
444,Sallad m. grönsallat gurka tomat paprika u. dressing,Vatten,Grönsaker,95.1,g
444,Sallad m. grönsallat gurka tomat paprika u. dressing,Tiamin,Grönsaker,0.03,mg
444,Sallad m. grönsallat gurka tomat paprika u. dressing,Tillsatt socker,Grönsaker,0.0,g
444,Sallad m. grönsallat gurka tomat paprika u. dressing,Fritt socker,Grönsaker,0.0,g
444,Sallad m. grönsallat gurka tomat paprika u. dressing,"Selen, Se",Grönsaker,0.0,µg
444,Sallad m. grönsallat gurka tomat paprika u. dressing,Sackaros,Grönsaker,0.0,g
444,Sallad m. grönsallat gurka tomat paprika u. dressing,Riboflavin,Grönsaker,0.01,mg
444,Sallad m. grönsallat gurka tomat paprika u. dressing,Retinol,Grönsaker,0.0,µg
444,Sallad m. grönsallat gurka tomat paprika u. dressing,Protein,Grönsaker,0.8,g
444,Sallad m. grönsallat gurka tomat paprika u. dressing,Summa fleromättade fettsyror,Grönsaker,0.1,g
444,Sallad m. grönsallat gurka tomat paprika u. dressing,"Fosfor, P",Grönsaker,24.0,mg
444,Sallad m. grönsallat gurka tomat paprika u. dressing,Niacinekvivalenter,Grönsaker,0.61,NE/mg
444,Sallad m. grönsallat gurka tomat paprika u. dressing,Niacin,Grönsaker,0.48,mg
444,Sallad m. grönsallat gurka tomat paprika u. dressing,"Salt, NaCl",Grönsaker,0.0,g
444,Sallad m. grönsallat gurka tomat paprika u. dressing,"Natrium, Na",Grönsaker,3.0,mg
444,Sallad m. grönsallat gurka tomat paprika u. dressing,Monosackarider,Grönsaker,2.6,g
444,Sallad m. grönsallat gurka tomat paprika u. dressing,"Sockerarter, totalt",Grönsaker,2.6,g
444,Sallad m. grönsallat gurka tomat paprika u. dressing,Summa enkelomättade fettsyror,Grönsaker,0.0,g
444,Sallad m. grönsallat gurka tomat paprika u. dressing,"Magnesium, Mg",Grönsaker,10.0,mg
444,Sallad m. grönsallat gurka tomat paprika u. dressing,Summa mättade fettsyror,Grönsaker,0.0,g
444,Sallad m. grönsallat gurka tomat paprika u. dressing,"Kolhydrater, tillgängliga",Grönsaker,2.6,g
444,Sallad m. grönsallat gurka tomat paprika u. dressing,Kolesterol,Grönsaker,0.0,mg
444,Sallad m. grönsallat gurka tomat paprika u. dressing,"Kalium, K",Grönsaker,186.0,mg
444,Sallad m. grönsallat gurka tomat paprika u. dressing,"Jod, I",Grönsaker,1.8,µg
444,Sallad m. grönsallat gurka tomat paprika u. dressing,Fullkorn totalt,Grönsaker,0.0,g
444,Sallad m. grönsallat gurka tomat paprika u. dressing,"Folat, totalt",Grönsaker,38.1,µg
444,Sallad m. grönsallat gurka tomat paprika u. dressing,Fibrer,Grönsaker,0.9,g
444,Sallad m. grönsallat gurka tomat paprika u. dressing,"Fett, totalt",Grönsaker,0.1,g
444,Sallad m. grönsallat gurka tomat paprika u. dressing,"Järn, Fe",Grönsaker,0.3,mg
444,Sallad m. grönsallat gurka tomat paprika u. dressing,Energi (kJ),Grönsaker,71.0,kJ
444,Sallad m. grönsallat gurka tomat paprika u. dressing,Energi (kcal),Grönsaker,17.0,kcal
444,Sallad m. grönsallat gurka tomat paprika u. dressing,Disackarider,Grönsaker,0.0,g
444,Sallad m. grönsallat gurka tomat paprika u. dressing,"Kalcium, Ca",Grönsaker,17.0,mg
444,Sallad m. grönsallat gurka tomat paprika u. dressing,Fettsyra 4:0-10:0,Grönsaker,0.0,g
444,Sallad m. grönsallat gurka tomat paprika u. dressing,DHA (C22:6),Grönsaker,0.0,g
444,Sallad m. grönsallat gurka tomat paprika u. dressing,DPA (C22:5),Grönsaker,0.0,g
444,Sallad m. grönsallat gurka tomat paprika u. dressing,EPA (C20:5),Grönsaker,0.0,g
444,Sallad m. grönsallat gurka tomat paprika u. dressing,Arakidonsyra C20:4,Grönsaker,0.0,g
444,Sallad m. grönsallat gurka tomat paprika u. dressing,Arakidinsyra C20:0,Grönsaker,0.0,g
444,Sallad m. grönsallat gurka tomat paprika u. dressing,Linolensyra C18:3,Grönsaker,0.0,g
444,Sallad m. grönsallat gurka tomat paprika u. dressing,Linolsyra C18:2,Grönsaker,0.0,g
444,Sallad m. grönsallat gurka tomat paprika u. dressing,Oljesyra C18:1,Grönsaker,0.0,g
444,Sallad m. grönsallat gurka tomat paprika u. dressing,Stearinsyra C18:0,Grönsaker,0.0,g
444,Sallad m. grönsallat gurka tomat paprika u. dressing,Palmitoljesyra C16:1,Grönsaker,0.0,g
444,Sallad m. grönsallat gurka tomat paprika u. dressing,Palmitinsyra C16:0,Grönsaker,0.0,g
444,Sallad m. grönsallat gurka tomat paprika u. dressing,Myristinsyra C14:0,Grönsaker,0.0,g
444,Sallad m. grönsallat gurka tomat paprika u. dressing,Laurinsyra C12:0,Grönsaker,0.0,g
444,Sallad m. grönsallat gurka tomat paprika u. dressing,Betakaroten/β-Karoten,Grönsaker,279.0,µg
444,Sallad m. grönsallat gurka tomat paprika u. dressing,Avfall (skal etc.),Grönsaker,7.0,%
444,Sallad m. grönsallat gurka tomat paprika u. dressing,Aska,Grönsaker,0.5,g
444,Sallad m. grönsallat gurka tomat paprika u. dressing,Alkohol,Grönsaker,0.0,g
445,Gurka inlagd m. lag hemlagad,"Zink, Zn",Grönsaker,0.2,mg
445,Gurka inlagd m. lag hemlagad,Vitamin E,Grönsaker,0.1,mg
445,Gurka inlagd m. lag hemlagad,Vitamin D inkl 25-OH-D3,Grönsaker,0.0,µg
445,Gurka inlagd m. lag hemlagad,Vitamin D,Grönsaker,0.0,µg
445,Gurka inlagd m. lag hemlagad,Vitamin C,Grönsaker,9.6,mg
445,Gurka inlagd m. lag hemlagad,Vitamin B6,Grönsaker,0.05,mg
445,Gurka inlagd m. lag hemlagad,Vitamin B12,Grönsaker,0.0,µg
445,Gurka inlagd m. lag hemlagad,Vitamin A,Grönsaker,10.0,RE/µg
445,Gurka inlagd m. lag hemlagad,Vatten,Grönsaker,89.0,g
445,Gurka inlagd m. lag hemlagad,Tiamin,Grönsaker,0.02,mg
445,Gurka inlagd m. lag hemlagad,Tillsatt socker,Grönsaker,7.0,g
445,Gurka inlagd m. lag hemlagad,Fritt socker,Grönsaker,7.0,g
445,Gurka inlagd m. lag hemlagad,"Selen, Se",Grönsaker,0.1,µg
445,Gurka inlagd m. lag hemlagad,Sackaros,Grönsaker,7.1,g
445,Gurka inlagd m. lag hemlagad,Riboflavin,Grönsaker,0.0,mg
445,Gurka inlagd m. lag hemlagad,Retinol,Grönsaker,0.0,µg
445,Gurka inlagd m. lag hemlagad,Protein,Grönsaker,0.7,g
445,Gurka inlagd m. lag hemlagad,Summa fleromättade fettsyror,Grönsaker,0.0,g
445,Gurka inlagd m. lag hemlagad,"Fosfor, P",Grönsaker,23.0,mg
445,Gurka inlagd m. lag hemlagad,Niacinekvivalenter,Grönsaker,0.27,NE/mg
445,Gurka inlagd m. lag hemlagad,Niacin,Grönsaker,0.17,mg
445,Gurka inlagd m. lag hemlagad,"Salt, NaCl",Grönsaker,0.4,g
445,Gurka inlagd m. lag hemlagad,"Natrium, Na",Grönsaker,143.0,mg
445,Gurka inlagd m. lag hemlagad,Monosackarider,Grönsaker,1.5,g
445,Gurka inlagd m. lag hemlagad,"Sockerarter, totalt",Grönsaker,8.6,g
445,Gurka inlagd m. lag hemlagad,Summa enkelomättade fettsyror,Grönsaker,0.0,g
445,Gurka inlagd m. lag hemlagad,"Magnesium, Mg",Grönsaker,9.0,mg
445,Gurka inlagd m. lag hemlagad,Summa mättade fettsyror,Grönsaker,0.0,g
445,Gurka inlagd m. lag hemlagad,"Kolhydrater, tillgängliga",Grönsaker,9.6,g
445,Gurka inlagd m. lag hemlagad,Kolesterol,Grönsaker,0.0,mg
445,Gurka inlagd m. lag hemlagad,"Kalium, K",Grönsaker,144.0,mg
445,Gurka inlagd m. lag hemlagad,"Jod, I",Grönsaker,20.4,µg
445,Gurka inlagd m. lag hemlagad,Fullkorn totalt,Grönsaker,0.0,g
445,Gurka inlagd m. lag hemlagad,"Folat, totalt",Grönsaker,10.2,µg
445,Gurka inlagd m. lag hemlagad,Fibrer,Grönsaker,0.0,g
445,Gurka inlagd m. lag hemlagad,"Fett, totalt",Grönsaker,0.0,g
445,Gurka inlagd m. lag hemlagad,"Järn, Fe",Grönsaker,0.3,mg
445,Gurka inlagd m. lag hemlagad,Energi (kJ),Grönsaker,178.0,kJ
445,Gurka inlagd m. lag hemlagad,Energi (kcal),Grönsaker,42.0,kcal
445,Gurka inlagd m. lag hemlagad,Disackarider,Grönsaker,7.1,g
445,Gurka inlagd m. lag hemlagad,"Kalcium, Ca",Grönsaker,17.0,mg
445,Gurka inlagd m. lag hemlagad,Fettsyra 4:0-10:0,Grönsaker,0.0,g
445,Gurka inlagd m. lag hemlagad,DHA (C22:6),Grönsaker,0.0,g
445,Gurka inlagd m. lag hemlagad,DPA (C22:5),Grönsaker,0.0,g
445,Gurka inlagd m. lag hemlagad,EPA (C20:5),Grönsaker,0.0,g
445,Gurka inlagd m. lag hemlagad,Arakidonsyra C20:4,Grönsaker,0.0,g
445,Gurka inlagd m. lag hemlagad,Arakidinsyra C20:0,Grönsaker,0.0,g
445,Gurka inlagd m. lag hemlagad,Linolensyra C18:3,Grönsaker,0.0,g
445,Gurka inlagd m. lag hemlagad,Linolsyra C18:2,Grönsaker,0.0,g
445,Gurka inlagd m. lag hemlagad,Oljesyra C18:1,Grönsaker,0.0,g
445,Gurka inlagd m. lag hemlagad,Stearinsyra C18:0,Grönsaker,0.0,g
445,Gurka inlagd m. lag hemlagad,Palmitoljesyra C16:1,Grönsaker,0.0,g
445,Gurka inlagd m. lag hemlagad,Palmitinsyra C16:0,Grönsaker,0.0,g
445,Gurka inlagd m. lag hemlagad,Myristinsyra C14:0,Grönsaker,0.0,g
445,Gurka inlagd m. lag hemlagad,Laurinsyra C12:0,Grönsaker,0.0,g
445,Gurka inlagd m. lag hemlagad,Betakaroten/β-Karoten,Grönsaker,119.0,µg
445,Gurka inlagd m. lag hemlagad,Avfall (skal etc.),Grönsaker,7.0,%
445,Gurka inlagd m. lag hemlagad,Aska,Grönsaker,0.7,g
445,Gurka inlagd m. lag hemlagad,Alkohol,Grönsaker,0.0,g
446,Lök stekt m. olja el. flytande margarin salt,"Zink, Zn",Grönsaks- rotfrukts- baljväxträtter o produkter,0.1,mg
446,Lök stekt m. olja el. flytande margarin salt,Vitamin E,Grönsaks- rotfrukts- baljväxträtter o produkter,0.3,mg
446,Lök stekt m. olja el. flytande margarin salt,Vitamin D inkl 25-OH-D3,Grönsaks- rotfrukts- baljväxträtter o produkter,0.04,µg
446,Lök stekt m. olja el. flytande margarin salt,Vitamin D,Grönsaks- rotfrukts- baljväxträtter o produkter,0.04,µg
446,Lök stekt m. olja el. flytande margarin salt,Vitamin C,Grönsaks- rotfrukts- baljväxträtter o produkter,5.3,mg
446,Lök stekt m. olja el. flytande margarin salt,Vitamin B6,Grönsaks- rotfrukts- baljväxträtter o produkter,0.16,mg
446,Lök stekt m. olja el. flytande margarin salt,Vitamin B12,Grönsaks- rotfrukts- baljväxträtter o produkter,0.0,µg
446,Lök stekt m. olja el. flytande margarin salt,Vitamin A,Grönsaks- rotfrukts- baljväxträtter o produkter,3.5,RE/µg
446,Lök stekt m. olja el. flytande margarin salt,Vatten,Grönsaks- rotfrukts- baljväxträtter o produkter,85.5,g
446,Lök stekt m. olja el. flytande margarin salt,Tiamin,Grönsaks- rotfrukts- baljväxträtter o produkter,0.04,mg
446,Lök stekt m. olja el. flytande margarin salt,Tillsatt socker,Grönsaks- rotfrukts- baljväxträtter o produkter,0.0,g
446,Lök stekt m. olja el. flytande margarin salt,Fritt socker,Grönsaks- rotfrukts- baljväxträtter o produkter,0.0,g
446,Lök stekt m. olja el. flytande margarin salt,"Selen, Se",Grönsaks- rotfrukts- baljväxträtter o produkter,0.0,µg
446,Lök stekt m. olja el. flytande margarin salt,Sackaros,Grönsaks- rotfrukts- baljväxträtter o produkter,1.7,g
446,Lök stekt m. olja el. flytande margarin salt,Riboflavin,Grönsaks- rotfrukts- baljväxträtter o produkter,0.0,mg
446,Lök stekt m. olja el. flytande margarin salt,Retinol,Grönsaks- rotfrukts- baljväxträtter o produkter,1.6,µg
446,Lök stekt m. olja el. flytande margarin salt,Protein,Grönsaks- rotfrukts- baljväxträtter o produkter,1.4,g
446,Lök stekt m. olja el. flytande margarin salt,Summa fleromättade fettsyror,Grönsaks- rotfrukts- baljväxträtter o produkter,0.3,g
446,Lök stekt m. olja el. flytande margarin salt,"Fosfor, P",Grönsaks- rotfrukts- baljväxträtter o produkter,38.0,mg
446,Lök stekt m. olja el. flytande margarin salt,Niacinekvivalenter,Grönsaks- rotfrukts- baljväxträtter o produkter,0.34,NE/mg
446,Lök stekt m. olja el. flytande margarin salt,Niacin,Grönsaks- rotfrukts- baljväxträtter o produkter,0.16,mg
446,Lök stekt m. olja el. flytande margarin salt,"Salt, NaCl",Grönsaks- rotfrukts- baljväxträtter o produkter,1.2,g
446,Lök stekt m. olja el. flytande margarin salt,"Natrium, Na",Grönsaks- rotfrukts- baljväxträtter o produkter,474.0,mg
446,Lök stekt m. olja el. flytande margarin salt,Monosackarider,Grönsaks- rotfrukts- baljväxträtter o produkter,3.4,g
446,Lök stekt m. olja el. flytande margarin salt,"Sockerarter, totalt",Grönsaks- rotfrukts- baljväxträtter o produkter,5.1,g
446,Lök stekt m. olja el. flytande margarin salt,Summa enkelomättade fettsyror,Grönsaks- rotfrukts- baljväxträtter o produkter,0.6,g
446,Lök stekt m. olja el. flytande margarin salt,"Magnesium, Mg",Grönsaks- rotfrukts- baljväxträtter o produkter,13.0,mg
446,Lök stekt m. olja el. flytande margarin salt,Summa mättade fettsyror,Grönsaks- rotfrukts- baljväxträtter o produkter,0.1,g
446,Lök stekt m. olja el. flytande margarin salt,"Kolhydrater, tillgängliga",Grönsaks- rotfrukts- baljväxträtter o produkter,8.2,g
446,Lök stekt m. olja el. flytande margarin salt,Kolesterol,Grönsaks- rotfrukts- baljväxträtter o produkter,0.0,mg
446,Lök stekt m. olja el. flytande margarin salt,"Kalium, K",Grönsaks- rotfrukts- baljväxträtter o produkter,215.0,mg
446,Lök stekt m. olja el. flytande margarin salt,"Jod, I",Grönsaks- rotfrukts- baljväxträtter o produkter,61.5,µg
446,Lök stekt m. olja el. flytande margarin salt,Fullkorn totalt,Grönsaks- rotfrukts- baljväxträtter o produkter,0.0,g
446,Lök stekt m. olja el. flytande margarin salt,"Folat, totalt",Grönsaks- rotfrukts- baljväxträtter o produkter,16.1,µg
446,Lök stekt m. olja el. flytande margarin salt,Fibrer,Grönsaks- rotfrukts- baljväxträtter o produkter,2.1,g
446,Lök stekt m. olja el. flytande margarin salt,"Fett, totalt",Grönsaks- rotfrukts- baljväxträtter o produkter,1.2,g
446,Lök stekt m. olja el. flytande margarin salt,"Järn, Fe",Grönsaks- rotfrukts- baljväxträtter o produkter,0.2,mg
446,Lök stekt m. olja el. flytande margarin salt,Energi (kJ),Grönsaks- rotfrukts- baljväxträtter o produkter,223.0,kJ
446,Lök stekt m. olja el. flytande margarin salt,Energi (kcal),Grönsaks- rotfrukts- baljväxträtter o produkter,53.0,kcal
446,Lök stekt m. olja el. flytande margarin salt,Disackarider,Grönsaks- rotfrukts- baljväxträtter o produkter,1.7,g
446,Lök stekt m. olja el. flytande margarin salt,"Kalcium, Ca",Grönsaks- rotfrukts- baljväxträtter o produkter,37.0,mg
446,Lök stekt m. olja el. flytande margarin salt,Fettsyra 4:0-10:0,Grönsaks- rotfrukts- baljväxträtter o produkter,0.0,g
446,Lök stekt m. olja el. flytande margarin salt,DHA (C22:6),Grönsaks- rotfrukts- baljväxträtter o produkter,0.0,g
446,Lök stekt m. olja el. flytande margarin salt,DPA (C22:5),Grönsaks- rotfrukts- baljväxträtter o produkter,0.0,g
446,Lök stekt m. olja el. flytande margarin salt,EPA (C20:5),Grönsaks- rotfrukts- baljväxträtter o produkter,0.0,g
446,Lök stekt m. olja el. flytande margarin salt,Arakidonsyra C20:4,Grönsaks- rotfrukts- baljväxträtter o produkter,0.0,g
446,Lök stekt m. olja el. flytande margarin salt,Arakidinsyra C20:0,Grönsaks- rotfrukts- baljväxträtter o produkter,0.0,g
446,Lök stekt m. olja el. flytande margarin salt,Linolensyra C18:3,Grönsaks- rotfrukts- baljväxträtter o produkter,0.1,g
446,Lök stekt m. olja el. flytande margarin salt,Linolsyra C18:2,Grönsaks- rotfrukts- baljväxträtter o produkter,0.3,g
446,Lök stekt m. olja el. flytande margarin salt,Oljesyra C18:1,Grönsaks- rotfrukts- baljväxträtter o produkter,0.6,g
446,Lök stekt m. olja el. flytande margarin salt,Stearinsyra C18:0,Grönsaks- rotfrukts- baljväxträtter o produkter,0.0,g
446,Lök stekt m. olja el. flytande margarin salt,Palmitoljesyra C16:1,Grönsaks- rotfrukts- baljväxträtter o produkter,0.0,g
446,Lök stekt m. olja el. flytande margarin salt,Palmitinsyra C16:0,Grönsaks- rotfrukts- baljväxträtter o produkter,0.1,g
446,Lök stekt m. olja el. flytande margarin salt,Myristinsyra C14:0,Grönsaks- rotfrukts- baljväxträtter o produkter,0.0,g
446,Lök stekt m. olja el. flytande margarin salt,Laurinsyra C12:0,Grönsaks- rotfrukts- baljväxträtter o produkter,0.0,g
446,Lök stekt m. olja el. flytande margarin salt,Betakaroten/β-Karoten,Grönsaks- rotfrukts- baljväxträtter o produkter,3.0,µg
446,Lök stekt m. olja el. flytande margarin salt,Avfall (skal etc.),Grönsaks- rotfrukts- baljväxträtter o produkter,6.0,%
446,Lök stekt m. olja el. flytande margarin salt,Aska,Grönsaks- rotfrukts- baljväxträtter o produkter,1.7,g
446,Lök stekt m. olja el. flytande margarin salt,Alkohol,Grönsaks- rotfrukts- baljväxträtter o produkter,0.0,g
447,Löksås,"Zink, Zn",Sås dressing majonnäs ,0.1,mg
447,Löksås,Vitamin E,Sås dressing majonnäs ,1.4,mg
447,Löksås,Vitamin D,Sås dressing majonnäs ,0.23,µg
447,Löksås,Vitamin C,Sås dressing majonnäs ,1.5,mg
447,Löksås,Vitamin B6,Sås dressing majonnäs ,0.05,mg
447,Löksås,Vitamin B12,Sås dressing majonnäs ,0.09,µg
447,Löksås,Vitamin A,Sås dressing majonnäs ,38.5,RE/µg
447,Löksås,Vatten,Sås dressing majonnäs ,77.8,g
447,Löksås,Tiamin,Sås dressing majonnäs ,0.01,mg
447,Löksås,Tillsatt socker,Sås dressing majonnäs ,6.0,g
447,Löksås,Fritt socker,Sås dressing majonnäs ,6.0,g
447,Löksås,"Selen, Se",Sås dressing majonnäs ,0.3,µg
447,Löksås,Sackaros,Sås dressing majonnäs ,3.2,g
447,Löksås,Riboflavin,Sås dressing majonnäs ,0.02,mg
447,Löksås,Retinol,Sås dressing majonnäs ,29.4,µg
447,Löksås,Protein,Sås dressing majonnäs ,1.1,g
447,Löksås,Summa fleromättade fettsyror,Sås dressing majonnäs ,1.4,g
447,Löksås,"Fosfor, P",Sås dressing majonnäs ,32.0,mg
447,Löksås,Niacinekvivalenter,Sås dressing majonnäs ,0.39,NE/mg
447,Löksås,Niacin,Sås dressing majonnäs ,0.21,mg
447,Löksås,"Salt, NaCl",Sås dressing majonnäs ,1.9,g
447,Löksås,"Natrium, Na",Sås dressing majonnäs ,765.0,mg
447,Löksås,Monosackarider,Sås dressing majonnäs ,4.5,g
447,Löksås,"Sockerarter, totalt",Sås dressing majonnäs ,8.1,g
447,Löksås,Summa enkelomättade fettsyror,Sås dressing majonnäs ,3.3,g
447,Löksås,"Magnesium, Mg",Sås dressing majonnäs ,9.0,mg
447,Löksås,Summa mättade fettsyror,Sås dressing majonnäs ,2.2,g
447,Löksås,"Kolhydrater, tillgängliga",Sås dressing majonnäs ,10.7,g
447,Löksås,Kolesterol,Sås dressing majonnäs ,7.3,mg
447,Löksås,"Kalium, K",Sås dressing majonnäs ,85.0,mg
447,Löksås,"Jod, I",Sås dressing majonnäs ,48.9,µg
447,Löksås,Fullkorn totalt,Sås dressing majonnäs ,0.0,g
447,Löksås,"Folat, totalt",Sås dressing majonnäs ,8.0,µg
447,Löksås,Fibrer,Sås dressing majonnäs ,0.7,g
447,Löksås,"Fett, totalt",Sås dressing majonnäs ,7.4,g
447,Löksås,"Järn, Fe",Sås dressing majonnäs ,0.1,mg
447,Löksås,Energi (kJ),Sås dressing majonnäs ,481.0,kJ
447,Löksås,Energi (kcal),Sås dressing majonnäs ,115.0,kcal
447,Löksås,Disackarider,Sås dressing majonnäs ,3.7,g
447,Löksås,"Kalcium, Ca",Sås dressing majonnäs ,24.0,mg
447,Löksås,Fettsyra 4:0-10:0,Sås dressing majonnäs ,0.2,g
447,Löksås,DHA (C22:6),Sås dressing majonnäs ,0.0,g
447,Löksås,DPA (C22:5),Sås dressing majonnäs ,0.0,g
447,Löksås,EPA (C20:5),Sås dressing majonnäs ,0.0,g
447,Löksås,Arakidonsyra C20:4,Sås dressing majonnäs ,0.0,g
447,Löksås,Arakidinsyra C20:0,Sås dressing majonnäs ,0.0,g
447,Löksås,Linolensyra C18:3,Sås dressing majonnäs ,0.4,g
447,Löksås,Linolsyra C18:2,Sås dressing majonnäs ,1.1,g
447,Löksås,Oljesyra C18:1,Sås dressing majonnäs ,3.2,g
447,Löksås,Stearinsyra C18:0,Sås dressing majonnäs ,0.4,g
447,Löksås,Palmitoljesyra C16:1,Sås dressing majonnäs ,0.1,g
447,Löksås,Palmitinsyra C16:0,Sås dressing majonnäs ,1.1,g
447,Löksås,Myristinsyra C14:0,Sås dressing majonnäs ,0.3,g
447,Löksås,Laurinsyra C12:0,Sås dressing majonnäs ,0.1,g
447,Löksås,Betakaroten/β-Karoten,Sås dressing majonnäs ,24.0,µg
447,Löksås,Avfall (skal etc.),Sås dressing majonnäs ,2.0,%
447,Löksås,Aska,Sås dressing majonnäs ,2.2,g
447,Löksås,Alkohol,Sås dressing majonnäs ,0.07,g
448,Lök gul kokt m. salt,"Zink, Zn",Grönsaker,0.1,mg
448,Lök gul kokt m. salt,Vitamin E,Grönsaker,0.0,mg
448,Lök gul kokt m. salt,Vitamin D inkl 25-OH-D3,Grönsaker,0.0,µg
448,Lök gul kokt m. salt,Vitamin D,Grönsaker,0.0,µg
448,Lök gul kokt m. salt,Vitamin C,Grönsaker,4.3,mg
448,Lök gul kokt m. salt,Vitamin B6,Grönsaker,0.11,mg
448,Lök gul kokt m. salt,Vitamin B12,Grönsaker,0.0,µg
448,Lök gul kokt m. salt,Vitamin A,Grönsaker,0.2,RE/µg
448,Lök gul kokt m. salt,Vatten,Grönsaker,88.7,g
448,Lök gul kokt m. salt,Tiamin,Grönsaker,0.02,mg
448,Lök gul kokt m. salt,Tillsatt socker,Grönsaker,0.0,g
448,Lök gul kokt m. salt,Fritt socker,Grönsaker,0.0,g
448,Lök gul kokt m. salt,"Selen, Se",Grönsaker,0.0,µg
448,Lök gul kokt m. salt,Sackaros,Grönsaker,1.5,g
448,Lök gul kokt m. salt,Riboflavin,Grönsaker,0.0,mg
448,Lök gul kokt m. salt,Retinol,Grönsaker,0.0,µg
448,Lök gul kokt m. salt,Protein,Grönsaker,1.2,g
448,Lök gul kokt m. salt,Summa fleromättade fettsyror,Grönsaker,0.0,g
448,Lök gul kokt m. salt,"Fosfor, P",Grönsaker,33.0,mg
448,Lök gul kokt m. salt,Niacinekvivalenter,Grönsaker,0.3,NE/mg
448,Lök gul kokt m. salt,Niacin,Grönsaker,0.14,mg
448,Lök gul kokt m. salt,"Salt, NaCl",Grönsaker,0.4,g
448,Lök gul kokt m. salt,"Natrium, Na",Grönsaker,161.0,mg
448,Lök gul kokt m. salt,Monosackarider,Grönsaker,3.0,g
448,Lök gul kokt m. salt,"Sockerarter, totalt",Grönsaker,4.5,g
448,Lök gul kokt m. salt,Summa enkelomättade fettsyror,Grönsaker,0.0,g
448,Lök gul kokt m. salt,"Magnesium, Mg",Grönsaker,11.0,mg
448,Lök gul kokt m. salt,Summa mättade fettsyror,Grönsaker,0.0,g
448,Lök gul kokt m. salt,"Kolhydrater, tillgängliga",Grönsaker,7.3,g
448,Lök gul kokt m. salt,Kolesterol,Grönsaker,0.0,mg
448,Lök gul kokt m. salt,"Kalium, K",Grönsaker,133.0,mg
448,Lök gul kokt m. salt,"Jod, I",Grönsaker,21.9,µg
448,Lök gul kokt m. salt,Fullkorn totalt,Grönsaker,0.0,g
448,Lök gul kokt m. salt,"Folat, totalt",Grönsaker,12.2,µg
448,Lök gul kokt m. salt,Fibrer,Grönsaker,1.9,g
448,Lök gul kokt m. salt,"Fett, totalt",Grönsaker,0.1,g
448,Lök gul kokt m. salt,"Järn, Fe",Grönsaker,0.2,mg
448,Lök gul kokt m. salt,Energi (kJ),Grönsaker,162.0,kJ
448,Lök gul kokt m. salt,Energi (kcal),Grönsaker,39.0,kcal
448,Lök gul kokt m. salt,Disackarider,Grönsaker,1.5,g
448,Lök gul kokt m. salt,"Kalcium, Ca",Grönsaker,31.0,mg
448,Lök gul kokt m. salt,Fettsyra 4:0-10:0,Grönsaker,0.0,g
448,Lök gul kokt m. salt,DHA (C22:6),Grönsaker,0.0,g
448,Lök gul kokt m. salt,DPA (C22:5),Grönsaker,0.0,g
448,Lök gul kokt m. salt,EPA (C20:5),Grönsaker,0.0,g
448,Lök gul kokt m. salt,Arakidonsyra C20:4,Grönsaker,0.0,g
448,Lök gul kokt m. salt,Arakidinsyra C20:0,Grönsaker,0.0,g
448,Lök gul kokt m. salt,Linolensyra C18:3,Grönsaker,0.0,g
448,Lök gul kokt m. salt,Linolsyra C18:2,Grönsaker,0.0,g
448,Lök gul kokt m. salt,Oljesyra C18:1,Grönsaker,0.0,g
448,Lök gul kokt m. salt,Stearinsyra C18:0,Grönsaker,0.0,g
448,Lök gul kokt m. salt,Palmitoljesyra C16:1,Grönsaker,0.0,g
448,Lök gul kokt m. salt,Palmitinsyra C16:0,Grönsaker,0.0,g
448,Lök gul kokt m. salt,Myristinsyra C14:0,Grönsaker,0.0,g
448,Lök gul kokt m. salt,Laurinsyra C12:0,Grönsaker,0.0,g
448,Lök gul kokt m. salt,Betakaroten/β-Karoten,Grönsaker,2.0,µg
448,Lök gul kokt m. salt,Avfall (skal etc.),Grönsaker,6.0,%
448,Lök gul kokt m. salt,Aska,Grönsaker,0.9,g
448,Lök gul kokt m. salt,Alkohol,Grönsaker,0.0,g
450,Nässelsoppa,"Zink, Zn",Soppa mat,0.1,mg
450,Nässelsoppa,Vitamin E,Soppa mat,1.5,mg
450,Nässelsoppa,Vitamin D,Soppa mat,0.11,µg
450,Nässelsoppa,Vitamin C,Soppa mat,1.2,mg
450,Nässelsoppa,Vitamin B6,Soppa mat,0.01,mg
450,Nässelsoppa,Vitamin B12,Soppa mat,0.04,µg
450,Nässelsoppa,Vitamin A,Soppa mat,61.3,RE/µg
450,Nässelsoppa,Vatten,Soppa mat,91.9,g
450,Nässelsoppa,Tiamin,Soppa mat,0.01,mg
450,Nässelsoppa,Tillsatt socker,Soppa mat,0.0,g
450,Nässelsoppa,Fritt socker,Soppa mat,0.0,g
450,Nässelsoppa,"Selen, Se",Soppa mat,0.2,µg
450,Nässelsoppa,Sackaros,Soppa mat,0.1,g
450,Nässelsoppa,Riboflavin,Soppa mat,0.03,mg
450,Nässelsoppa,Retinol,Soppa mat,3.9,µg
450,Nässelsoppa,Protein,Soppa mat,1.3,g
450,Nässelsoppa,Summa fleromättade fettsyror,Soppa mat,0.8,g
450,Nässelsoppa,"Fosfor, P",Soppa mat,24.0,mg
450,Nässelsoppa,Niacinekvivalenter,Soppa mat,0.39,NE/mg
450,Nässelsoppa,Niacin,Soppa mat,0.16,mg
450,Nässelsoppa,"Salt, NaCl",Soppa mat,1.3,g
450,Nässelsoppa,"Natrium, Na",Soppa mat,535.0,mg
450,Nässelsoppa,Monosackarider,Soppa mat,0.1,g
450,Nässelsoppa,"Sockerarter, totalt",Soppa mat,0.2,g
450,Nässelsoppa,Summa enkelomättade fettsyror,Soppa mat,1.4,g
450,Nässelsoppa,"Magnesium, Mg",Soppa mat,9.0,mg
450,Nässelsoppa,Summa mättade fettsyror,Soppa mat,0.3,g
450,Nässelsoppa,"Kolhydrater, tillgängliga",Soppa mat,1.7,g
450,Nässelsoppa,Kolesterol,Soppa mat,0.0,mg
450,Nässelsoppa,"Kalium, K",Soppa mat,36.0,mg
450,Nässelsoppa,"Jod, I",Soppa mat,25.0,µg
450,Nässelsoppa,Fullkorn totalt,Soppa mat,0.0,g
450,Nässelsoppa,"Folat, totalt",Soppa mat,13.0,µg
450,Nässelsoppa,Fibrer,Soppa mat,0.7,g
450,Nässelsoppa,"Fett, totalt",Soppa mat,2.7,g
450,Nässelsoppa,"Järn, Fe",Soppa mat,0.7,mg
450,Nässelsoppa,Energi (kJ),Soppa mat,158.0,kJ
450,Nässelsoppa,Energi (kcal),Soppa mat,38.0,kcal
450,Nässelsoppa,Disackarider,Soppa mat,0.1,g
450,Nässelsoppa,"Kalcium, Ca",Soppa mat,65.0,mg
450,Nässelsoppa,Fettsyra 4:0-10:0,Soppa mat,0.0,g
450,Nässelsoppa,DHA (C22:6),Soppa mat,0.0,g
450,Nässelsoppa,DPA (C22:5),Soppa mat,0.0,g
450,Nässelsoppa,EPA (C20:5),Soppa mat,0.0,g
450,Nässelsoppa,Arakidonsyra C20:4,Soppa mat,0.0,g
450,Nässelsoppa,Arakidinsyra C20:0,Soppa mat,0.0,g
450,Nässelsoppa,Linolensyra C18:3,Soppa mat,0.2,g
450,Nässelsoppa,Linolsyra C18:2,Soppa mat,0.6,g
450,Nässelsoppa,Oljesyra C18:1,Soppa mat,1.4,g
450,Nässelsoppa,Stearinsyra C18:0,Soppa mat,0.1,g
450,Nässelsoppa,Palmitoljesyra C16:1,Soppa mat,0.0,g
450,Nässelsoppa,Palmitinsyra C16:0,Soppa mat,0.2,g
450,Nässelsoppa,Myristinsyra C14:0,Soppa mat,0.0,g
450,Nässelsoppa,Laurinsyra C12:0,Soppa mat,0.0,g
450,Nässelsoppa,Betakaroten/β-Karoten,Soppa mat,646.0,µg
450,Nässelsoppa,Avfall (skal etc.),Soppa mat,0.0,%
450,Nässelsoppa,Aska,Soppa mat,1.7,g
450,Nässelsoppa,Alkohol,Soppa mat,0.0,g
451,Paprika förvälld,"Zink, Zn",Grönsaker,0.2,mg
451,Paprika förvälld,Vitamin E,Grönsaker,2.5,mg
451,Paprika förvälld,Vitamin D inkl 25-OH-D3,Grönsaker,0.0,µg
451,Paprika förvälld,Vitamin D,Grönsaker,0.0,µg
451,Paprika förvälld,Vitamin C,Grönsaker,100.8,mg
451,Paprika förvälld,Vitamin B6,Grönsaker,0.2,mg
451,Paprika förvälld,Vitamin B12,Grönsaker,0.0,µg
451,Paprika förvälld,Vitamin A,Grönsaker,32.2,RE/µg
451,Paprika förvälld,Vatten,Grönsaker,91.2,g
451,Paprika förvälld,Tiamin,Grönsaker,0.02,mg
451,Paprika förvälld,Tillsatt socker,Grönsaker,0.0,g
451,Paprika förvälld,Fritt socker,Grönsaker,0.0,g
451,Paprika förvälld,"Selen, Se",Grönsaker,0.0,µg
451,Paprika förvälld,Sackaros,Grönsaker,0.2,g
451,Paprika förvälld,Riboflavin,Grönsaker,0.02,mg
451,Paprika förvälld,Retinol,Grönsaker,0.0,µg
451,Paprika förvälld,Protein,Grönsaker,0.6,g
451,Paprika förvälld,Summa fleromättade fettsyror,Grönsaker,0.0,g
451,Paprika förvälld,"Fosfor, P",Grönsaker,20.0,mg
451,Paprika förvälld,Niacinekvivalenter,Grönsaker,1.12,NE/mg
451,Paprika förvälld,Niacin,Grönsaker,0.98,mg
451,Paprika förvälld,"Salt, NaCl",Grönsaker,0.5,g
451,Paprika förvälld,"Natrium, Na",Grönsaker,201.0,mg
451,Paprika förvälld,Monosackarider,Grönsaker,5.6,g
451,Paprika förvälld,"Sockerarter, totalt",Grönsaker,5.8,g
451,Paprika förvälld,Summa enkelomättade fettsyror,Grönsaker,0.0,g
451,Paprika förvälld,"Magnesium, Mg",Grönsaker,10.0,mg
451,Paprika förvälld,Summa mättade fettsyror,Grönsaker,0.0,g
451,Paprika förvälld,"Kolhydrater, tillgängliga",Grönsaker,5.0,g
451,Paprika förvälld,Kolesterol,Grönsaker,0.0,mg
451,Paprika förvälld,"Kalium, K",Grönsaker,104.0,mg
451,Paprika förvälld,"Jod, I",Grönsaker,25.3,µg
451,Paprika förvälld,Fullkorn totalt,Grönsaker,0.0,g
451,Paprika förvälld,"Folat, totalt",Grönsaker,32.7,µg
451,Paprika förvälld,Fibrer,Grönsaker,1.7,g
451,Paprika förvälld,"Fett, totalt",Grönsaker,0.2,g
451,Paprika förvälld,"Järn, Fe",Grönsaker,0.4,mg
451,Paprika förvälld,Energi (kJ),Grönsaker,117.0,kJ
451,Paprika förvälld,Energi (kcal),Grönsaker,28.0,kcal
451,Paprika förvälld,Disackarider,Grönsaker,0.2,g
451,Paprika förvälld,"Kalcium, Ca",Grönsaker,11.0,mg
451,Paprika förvälld,Fettsyra 4:0-10:0,Grönsaker,0.0,g
451,Paprika förvälld,DHA (C22:6),Grönsaker,0.0,g
451,Paprika förvälld,DPA (C22:5),Grönsaker,0.0,g
451,Paprika förvälld,EPA (C20:5),Grönsaker,0.0,g
451,Paprika förvälld,Arakidonsyra C20:4,Grönsaker,0.0,g
451,Paprika förvälld,Arakidinsyra C20:0,Grönsaker,0.0,g
451,Paprika förvälld,Linolensyra C18:3,Grönsaker,0.0,g
451,Paprika förvälld,Linolsyra C18:2,Grönsaker,0.0,g
451,Paprika förvälld,Oljesyra C18:1,Grönsaker,0.0,g
451,Paprika förvälld,Stearinsyra C18:0,Grönsaker,0.0,g
451,Paprika förvälld,Palmitoljesyra C16:1,Grönsaker,0.0,g
451,Paprika förvälld,Palmitinsyra C16:0,Grönsaker,0.0,g
451,Paprika förvälld,Myristinsyra C14:0,Grönsaker,0.0,g
451,Paprika förvälld,Laurinsyra C12:0,Grönsaker,0.0,g
451,Paprika förvälld,Betakaroten/β-Karoten,Grönsaker,320.0,µg
451,Paprika förvälld,Avfall (skal etc.),Grönsaker,17.0,%
451,Paprika förvälld,Aska,Grönsaker,1.3,g
451,Paprika förvälld,Alkohol,Grönsaker,0.0,g
452,Purjolök kokt m. salt,"Zink, Zn",Grönsaker,0.2,mg
452,Purjolök kokt m. salt,Vitamin E,Grönsaker,0.8,mg
452,Purjolök kokt m. salt,Vitamin D inkl 25-OH-D3,Grönsaker,0.0,µg
452,Purjolök kokt m. salt,Vitamin D,Grönsaker,0.0,µg
452,Purjolök kokt m. salt,Vitamin C,Grönsaker,11.1,mg
452,Purjolök kokt m. salt,Vitamin B6,Grönsaker,0.15,mg
452,Purjolök kokt m. salt,Vitamin B12,Grönsaker,0.0,µg
452,Purjolök kokt m. salt,Vitamin A,Grönsaker,27.7,RE/µg
452,Purjolök kokt m. salt,Vatten,Grönsaker,90.5,g
452,Purjolök kokt m. salt,Tiamin,Grönsaker,0.05,mg
452,Purjolök kokt m. salt,Tillsatt socker,Grönsaker,0.0,g
452,Purjolök kokt m. salt,Fritt socker,Grönsaker,0.0,g
452,Purjolök kokt m. salt,"Selen, Se",Grönsaker,0.0,µg
452,Purjolök kokt m. salt,Sackaros,Grönsaker,0.5,g
452,Purjolök kokt m. salt,Riboflavin,Grönsaker,0.05,mg
452,Purjolök kokt m. salt,Retinol,Grönsaker,0.0,µg
452,Purjolök kokt m. salt,Protein,Grönsaker,1.6,g
452,Purjolök kokt m. salt,Summa fleromättade fettsyror,Grönsaker,0.1,g
452,Purjolök kokt m. salt,"Fosfor, P",Grönsaker,29.0,mg
452,Purjolök kokt m. salt,Niacinekvivalenter,Grönsaker,0.7,NE/mg
452,Purjolök kokt m. salt,Niacin,Grönsaker,0.48,mg
452,Purjolök kokt m. salt,"Salt, NaCl",Grönsaker,0.4,g
452,Purjolök kokt m. salt,"Natrium, Na",Grönsaker,164.0,mg
452,Purjolök kokt m. salt,Monosackarider,Grönsaker,3.5,g
452,Purjolök kokt m. salt,"Sockerarter, totalt",Grönsaker,4.0,g
452,Purjolök kokt m. salt,Summa enkelomättade fettsyror,Grönsaker,0.0,g
452,Purjolök kokt m. salt,"Magnesium, Mg",Grönsaker,11.0,mg
452,Purjolök kokt m. salt,Summa mättade fettsyror,Grönsaker,0.0,g
452,Purjolök kokt m. salt,"Kolhydrater, tillgängliga",Grönsaker,4.1,g
452,Purjolök kokt m. salt,Kolesterol,Grönsaker,0.0,mg
452,Purjolök kokt m. salt,"Kalium, K",Grönsaker,167.0,mg
452,Purjolök kokt m. salt,"Jod, I",Grönsaker,21.9,µg
452,Purjolök kokt m. salt,Fullkorn totalt,Grönsaker,0.0,g
452,Purjolök kokt m. salt,"Folat, totalt",Grönsaker,43.3,µg
452,Purjolök kokt m. salt,Fibrer,Grönsaker,2.7,g
452,Purjolök kokt m. salt,"Fett, totalt",Grönsaker,0.1,g
452,Purjolök kokt m. salt,"Järn, Fe",Grönsaker,0.6,mg
452,Purjolök kokt m. salt,Energi (kJ),Grönsaker,123.0,kJ
452,Purjolök kokt m. salt,Energi (kcal),Grönsaker,30.0,kcal
452,Purjolök kokt m. salt,Disackarider,Grönsaker,0.5,g
452,Purjolök kokt m. salt,"Kalcium, Ca",Grönsaker,44.0,mg
452,Purjolök kokt m. salt,Fettsyra 4:0-10:0,Grönsaker,0.0,g
452,Purjolök kokt m. salt,DHA (C22:6),Grönsaker,0.0,g
452,Purjolök kokt m. salt,DPA (C22:5),Grönsaker,0.0,g
452,Purjolök kokt m. salt,EPA (C20:5),Grönsaker,0.0,g
452,Purjolök kokt m. salt,Arakidonsyra C20:4,Grönsaker,0.0,g
452,Purjolök kokt m. salt,Arakidinsyra C20:0,Grönsaker,0.0,g
452,Purjolök kokt m. salt,Linolensyra C18:3,Grönsaker,0.0,g
452,Purjolök kokt m. salt,Linolsyra C18:2,Grönsaker,0.0,g
452,Purjolök kokt m. salt,Oljesyra C18:1,Grönsaker,0.0,g
452,Purjolök kokt m. salt,Stearinsyra C18:0,Grönsaker,0.0,g
452,Purjolök kokt m. salt,Palmitoljesyra C16:1,Grönsaker,0.0,g
452,Purjolök kokt m. salt,Palmitinsyra C16:0,Grönsaker,0.0,g
452,Purjolök kokt m. salt,Myristinsyra C14:0,Grönsaker,0.0,g
452,Purjolök kokt m. salt,Laurinsyra C12:0,Grönsaker,0.0,g
452,Purjolök kokt m. salt,Betakaroten/β-Karoten,Grönsaker,331.0,µg
452,Purjolök kokt m. salt,Avfall (skal etc.),Grönsaker,8.0,%
452,Purjolök kokt m. salt,Aska,Grönsaker,1.0,g
452,Purjolök kokt m. salt,Alkohol,Grönsaker,0.0,g
453,Rödkål tillagad,"Zink, Zn",Grönsaks- rotfrukts- baljväxträtter o produkter,0.1,mg
453,Rödkål tillagad,Vitamin E,Grönsaks- rotfrukts- baljväxträtter o produkter,0.6,mg
453,Rödkål tillagad,Vitamin D,Grönsaks- rotfrukts- baljväxträtter o produkter,0.08,µg
453,Rödkål tillagad,Vitamin C,Grönsaks- rotfrukts- baljväxträtter o produkter,22.0,mg
453,Rödkål tillagad,Vitamin B6,Grönsaks- rotfrukts- baljväxträtter o produkter,0.12,mg
453,Rödkål tillagad,Vitamin B12,Grönsaks- rotfrukts- baljväxträtter o produkter,0.0,µg
453,Rödkål tillagad,Vitamin A,Grönsaks- rotfrukts- baljväxträtter o produkter,6.8,RE/µg
453,Rödkål tillagad,Vatten,Grönsaks- rotfrukts- baljväxträtter o produkter,84.9,g
453,Rödkål tillagad,Tiamin,Grönsaks- rotfrukts- baljväxträtter o produkter,0.04,mg
453,Rödkål tillagad,Tillsatt socker,Grönsaks- rotfrukts- baljväxträtter o produkter,1.0,g
453,Rödkål tillagad,Fritt socker,Grönsaks- rotfrukts- baljväxträtter o produkter,1.0,g
453,Rödkål tillagad,"Selen, Se",Grönsaks- rotfrukts- baljväxträtter o produkter,0.0,µg
453,Rödkål tillagad,Sackaros,Grönsaks- rotfrukts- baljväxträtter o produkter,2.1,g
453,Rödkål tillagad,Riboflavin,Grönsaks- rotfrukts- baljväxträtter o produkter,0.0,mg
453,Rödkål tillagad,Retinol,Grönsaks- rotfrukts- baljväxträtter o produkter,2.9,µg
453,Rödkål tillagad,Protein,Grönsaks- rotfrukts- baljväxträtter o produkter,0.8,g
453,Rödkål tillagad,Summa fleromättade fettsyror,Grönsaks- rotfrukts- baljväxträtter o produkter,0.7,g
453,Rödkål tillagad,"Fosfor, P",Grönsaks- rotfrukts- baljväxträtter o produkter,22.0,mg
453,Rödkål tillagad,Niacinekvivalenter,Grönsaks- rotfrukts- baljväxträtter o produkter,0.42,NE/mg
453,Rödkål tillagad,Niacin,Grönsaks- rotfrukts- baljväxträtter o produkter,0.28,mg
453,Rödkål tillagad,"Salt, NaCl",Grönsaks- rotfrukts- baljväxträtter o produkter,0.7,g
453,Rödkål tillagad,"Natrium, Na",Grönsaks- rotfrukts- baljväxträtter o produkter,271.0,mg
453,Rödkål tillagad,Monosackarider,Grönsaks- rotfrukts- baljväxträtter o produkter,5.7,g
453,Rödkål tillagad,"Sockerarter, totalt",Grönsaks- rotfrukts- baljväxträtter o produkter,7.8,g
453,Rödkål tillagad,Summa enkelomättade fettsyror,Grönsaks- rotfrukts- baljväxträtter o produkter,1.1,g
453,Rödkål tillagad,"Magnesium, Mg",Grönsaks- rotfrukts- baljväxträtter o produkter,10.0,mg
453,Rödkål tillagad,Summa mättade fettsyror,Grönsaks- rotfrukts- baljväxträtter o produkter,0.2,g
453,Rödkål tillagad,"Kolhydrater, tillgängliga",Grönsaks- rotfrukts- baljväxträtter o produkter,8.3,g
453,Rödkål tillagad,Kolesterol,Grönsaks- rotfrukts- baljväxträtter o produkter,0.0,mg
453,Rödkål tillagad,"Kalium, K",Grönsaks- rotfrukts- baljväxträtter o produkter,199.0,mg
453,Rödkål tillagad,"Jod, I",Grönsaks- rotfrukts- baljväxträtter o produkter,36.2,µg
453,Rödkål tillagad,Fullkorn totalt,Grönsaks- rotfrukts- baljväxträtter o produkter,0.0,g
453,Rödkål tillagad,"Folat, totalt",Grönsaks- rotfrukts- baljväxträtter o produkter,20.4,µg
453,Rödkål tillagad,Fibrer,Grönsaks- rotfrukts- baljväxträtter o produkter,2.4,g
453,Rödkål tillagad,"Fett, totalt",Grönsaks- rotfrukts- baljväxträtter o produkter,2.2,g
453,Rödkål tillagad,"Järn, Fe",Grönsaks- rotfrukts- baljväxträtter o produkter,0.3,mg
453,Rödkål tillagad,Energi (kJ),Grönsaks- rotfrukts- baljväxträtter o produkter,256.0,kJ
453,Rödkål tillagad,Energi (kcal),Grönsaks- rotfrukts- baljväxträtter o produkter,61.0,kcal
453,Rödkål tillagad,Disackarider,Grönsaks- rotfrukts- baljväxträtter o produkter,2.1,g
453,Rödkål tillagad,"Kalcium, Ca",Grönsaks- rotfrukts- baljväxträtter o produkter,25.0,mg
453,Rödkål tillagad,Fettsyra 4:0-10:0,Grönsaks- rotfrukts- baljväxträtter o produkter,0.0,g
453,Rödkål tillagad,DHA (C22:6),Grönsaks- rotfrukts- baljväxträtter o produkter,0.0,g
453,Rödkål tillagad,DPA (C22:5),Grönsaks- rotfrukts- baljväxträtter o produkter,0.0,g
453,Rödkål tillagad,EPA (C20:5),Grönsaks- rotfrukts- baljväxträtter o produkter,0.0,g
453,Rödkål tillagad,Arakidonsyra C20:4,Grönsaks- rotfrukts- baljväxträtter o produkter,0.0,g
453,Rödkål tillagad,Arakidinsyra C20:0,Grönsaks- rotfrukts- baljväxträtter o produkter,0.0,g
453,Rödkål tillagad,Linolensyra C18:3,Grönsaks- rotfrukts- baljväxträtter o produkter,0.2,g
453,Rödkål tillagad,Linolsyra C18:2,Grönsaks- rotfrukts- baljväxträtter o produkter,0.5,g
453,Rödkål tillagad,Oljesyra C18:1,Grönsaks- rotfrukts- baljväxträtter o produkter,1.1,g
453,Rödkål tillagad,Stearinsyra C18:0,Grönsaks- rotfrukts- baljväxträtter o produkter,0.0,g
453,Rödkål tillagad,Palmitoljesyra C16:1,Grönsaks- rotfrukts- baljväxträtter o produkter,0.0,g
453,Rödkål tillagad,Palmitinsyra C16:0,Grönsaks- rotfrukts- baljväxträtter o produkter,0.2,g
453,Rödkål tillagad,Myristinsyra C14:0,Grönsaks- rotfrukts- baljväxträtter o produkter,0.0,g
453,Rödkål tillagad,Laurinsyra C12:0,Grönsaks- rotfrukts- baljväxträtter o produkter,0.0,g
453,Rödkål tillagad,Betakaroten/β-Karoten,Grönsaks- rotfrukts- baljväxträtter o produkter,9.0,µg
453,Rödkål tillagad,Avfall (skal etc.),Grönsaks- rotfrukts- baljväxträtter o produkter,8.0,%
453,Rödkål tillagad,Aska,Grönsaks- rotfrukts- baljväxträtter o produkter,1.3,g
453,Rödkål tillagad,Alkohol,Grönsaks- rotfrukts- baljväxträtter o produkter,0.08,g
454,Sparris stuvad,"Zink, Zn",Grönsaks- rotfrukts- baljväxträtter o produkter,0.4,mg
454,Sparris stuvad,Vitamin E,Grönsaks- rotfrukts- baljväxträtter o produkter,1.1,mg
454,Sparris stuvad,Vitamin D,Grönsaks- rotfrukts- baljväxträtter o produkter,0.47,µg
454,Sparris stuvad,Vitamin C,Grönsaks- rotfrukts- baljväxträtter o produkter,2.7,mg
454,Sparris stuvad,Vitamin B6,Grönsaks- rotfrukts- baljväxträtter o produkter,0.05,mg
454,Sparris stuvad,Vitamin B12,Grönsaks- rotfrukts- baljväxträtter o produkter,0.17,µg
454,Sparris stuvad,Vitamin A,Grönsaks- rotfrukts- baljväxträtter o produkter,30.9,RE/µg
454,Sparris stuvad,Vatten,Grönsaks- rotfrukts- baljväxträtter o produkter,86.5,g
454,Sparris stuvad,Tiamin,Grönsaks- rotfrukts- baljväxträtter o produkter,0.05,mg
454,Sparris stuvad,Tillsatt socker,Grönsaks- rotfrukts- baljväxträtter o produkter,0.0,g
454,Sparris stuvad,Fritt socker,Grönsaks- rotfrukts- baljväxträtter o produkter,0.0,g
454,Sparris stuvad,"Selen, Se",Grönsaks- rotfrukts- baljväxträtter o produkter,3.4,µg
454,Sparris stuvad,Sackaros,Grönsaks- rotfrukts- baljväxträtter o produkter,0.0,g
454,Sparris stuvad,Riboflavin,Grönsaks- rotfrukts- baljväxträtter o produkter,0.11,mg
454,Sparris stuvad,Retinol,Grönsaks- rotfrukts- baljväxträtter o produkter,12.1,µg
454,Sparris stuvad,Protein,Grönsaks- rotfrukts- baljväxträtter o produkter,2.9,g
454,Sparris stuvad,Summa fleromättade fettsyror,Grönsaks- rotfrukts- baljväxträtter o produkter,0.4,g
454,Sparris stuvad,"Fosfor, P",Grönsaks- rotfrukts- baljväxträtter o produkter,83.0,mg
454,Sparris stuvad,Niacinekvivalenter,Grönsaks- rotfrukts- baljväxträtter o produkter,1.18,NE/mg
454,Sparris stuvad,Niacin,Grönsaks- rotfrukts- baljväxträtter o produkter,0.64,mg
454,Sparris stuvad,"Salt, NaCl",Grönsaks- rotfrukts- baljväxträtter o produkter,0.6,g
454,Sparris stuvad,"Natrium, Na",Grönsaks- rotfrukts- baljväxträtter o produkter,245.0,mg
454,Sparris stuvad,Monosackarider,Grönsaks- rotfrukts- baljväxträtter o produkter,1.1,g
454,Sparris stuvad,"Sockerarter, totalt",Grönsaks- rotfrukts- baljväxträtter o produkter,3.0,g
454,Sparris stuvad,Summa enkelomättade fettsyror,Grönsaks- rotfrukts- baljväxträtter o produkter,1.0,g
454,Sparris stuvad,"Magnesium, Mg",Grönsaks- rotfrukts- baljväxträtter o produkter,11.0,mg
454,Sparris stuvad,Summa mättade fettsyror,Grönsaks- rotfrukts- baljväxträtter o produkter,0.9,g
454,Sparris stuvad,"Kolhydrater, tillgängliga",Grönsaks- rotfrukts- baljväxträtter o produkter,5.0,g
454,Sparris stuvad,Kolesterol,Grönsaks- rotfrukts- baljväxträtter o produkter,4.6,mg
454,Sparris stuvad,"Kalium, K",Grönsaks- rotfrukts- baljväxträtter o produkter,140.0,mg
454,Sparris stuvad,"Jod, I",Grönsaks- rotfrukts- baljväxträtter o produkter,35.0,µg
454,Sparris stuvad,Fullkorn totalt,Grönsaks- rotfrukts- baljväxträtter o produkter,0.0,g
454,Sparris stuvad,"Folat, totalt",Grönsaks- rotfrukts- baljväxträtter o produkter,73.0,µg
454,Sparris stuvad,Fibrer,Grönsaks- rotfrukts- baljväxträtter o produkter,1.7,g
454,Sparris stuvad,"Fett, totalt",Grönsaks- rotfrukts- baljväxträtter o produkter,2.7,g
454,Sparris stuvad,"Järn, Fe",Grönsaks- rotfrukts- baljväxträtter o produkter,0.3,mg
454,Sparris stuvad,Energi (kJ),Grönsaks- rotfrukts- baljväxträtter o produkter,247.0,kJ
454,Sparris stuvad,Energi (kcal),Grönsaks- rotfrukts- baljväxträtter o produkter,59.0,kcal
454,Sparris stuvad,Disackarider,Grönsaks- rotfrukts- baljväxträtter o produkter,1.9,g
454,Sparris stuvad,"Kalcium, Ca",Grönsaks- rotfrukts- baljväxträtter o produkter,64.0,mg
454,Sparris stuvad,Fettsyra 4:0-10:0,Grönsaks- rotfrukts- baljväxträtter o produkter,0.1,g
454,Sparris stuvad,DHA (C22:6),Grönsaks- rotfrukts- baljväxträtter o produkter,0.0,g
454,Sparris stuvad,DPA (C22:5),Grönsaks- rotfrukts- baljväxträtter o produkter,0.0,g
454,Sparris stuvad,EPA (C20:5),Grönsaks- rotfrukts- baljväxträtter o produkter,0.0,g
454,Sparris stuvad,Arakidonsyra C20:4,Grönsaks- rotfrukts- baljväxträtter o produkter,0.0,g
454,Sparris stuvad,Arakidinsyra C20:0,Grönsaks- rotfrukts- baljväxträtter o produkter,0.0,g
454,Sparris stuvad,Linolensyra C18:3,Grönsaks- rotfrukts- baljväxträtter o produkter,0.1,g
454,Sparris stuvad,Linolsyra C18:2,Grönsaks- rotfrukts- baljväxträtter o produkter,0.3,g
454,Sparris stuvad,Oljesyra C18:1,Grönsaks- rotfrukts- baljväxträtter o produkter,1.0,g
454,Sparris stuvad,Stearinsyra C18:0,Grönsaks- rotfrukts- baljväxträtter o produkter,0.1,g
454,Sparris stuvad,Palmitoljesyra C16:1,Grönsaks- rotfrukts- baljväxträtter o produkter,0.0,g
454,Sparris stuvad,Palmitinsyra C16:0,Grönsaks- rotfrukts- baljväxträtter o produkter,0.4,g
454,Sparris stuvad,Myristinsyra C14:0,Grönsaks- rotfrukts- baljväxträtter o produkter,0.1,g
454,Sparris stuvad,Laurinsyra C12:0,Grönsaks- rotfrukts- baljväxträtter o produkter,0.0,g
454,Sparris stuvad,Betakaroten/β-Karoten,Grönsaks- rotfrukts- baljväxträtter o produkter,198.0,µg
454,Sparris stuvad,Avfall (skal etc.),Grönsaks- rotfrukts- baljväxträtter o produkter,0.0,%
454,Sparris stuvad,Aska,Grönsaks- rotfrukts- baljväxträtter o produkter,1.3,g
454,Sparris stuvad,Alkohol,Grönsaks- rotfrukts- baljväxträtter o produkter,0.0,g
455,Spenat fräst m. olja el. flytande margarin salt,"Zink, Zn",Grönsaker,1.0,mg
455,Spenat fräst m. olja el. flytande margarin salt,Vitamin E,Grönsaker,1.6,mg
455,Spenat fräst m. olja el. flytande margarin salt,Vitamin D,Grönsaker,0.01,µg
455,Spenat fräst m. olja el. flytande margarin salt,Vitamin C,Grönsaker,8.9,mg
455,Spenat fräst m. olja el. flytande margarin salt,Vitamin B6,Grönsaker,0.11,mg
455,Spenat fräst m. olja el. flytande margarin salt,Vitamin B12,Grönsaker,0.0,µg
455,Spenat fräst m. olja el. flytande margarin salt,Vitamin A,Grönsaker,304.6,RE/µg
455,Spenat fräst m. olja el. flytande margarin salt,Vatten,Grönsaker,90.3,g
455,Spenat fräst m. olja el. flytande margarin salt,Tiamin,Grönsaker,0.05,mg
455,Spenat fräst m. olja el. flytande margarin salt,Tillsatt socker,Grönsaker,0.0,g
455,Spenat fräst m. olja el. flytande margarin salt,Fritt socker,Grönsaker,0.0,g
455,Spenat fräst m. olja el. flytande margarin salt,"Selen, Se",Grönsaker,0.0,µg
455,Spenat fräst m. olja el. flytande margarin salt,Sackaros,Grönsaker,0.4,g
455,Spenat fräst m. olja el. flytande margarin salt,Riboflavin,Grönsaker,0.12,mg
455,Spenat fräst m. olja el. flytande margarin salt,Retinol,Grönsaker,0.4,µg
455,Spenat fräst m. olja el. flytande margarin salt,Protein,Grönsaker,2.8,g
455,Spenat fräst m. olja el. flytande margarin salt,Summa fleromättade fettsyror,Grönsaker,0.5,g
455,Spenat fräst m. olja el. flytande margarin salt,"Fosfor, P",Grönsaker,42.0,mg
455,Spenat fräst m. olja el. flytande margarin salt,Niacinekvivalenter,Grönsaker,0.75,NE/mg
455,Spenat fräst m. olja el. flytande margarin salt,Niacin,Grönsaker,0.29,mg
455,Spenat fräst m. olja el. flytande margarin salt,"Salt, NaCl",Grönsaker,1.6,g
455,Spenat fräst m. olja el. flytande margarin salt,"Natrium, Na",Grönsaker,673.0,mg
455,Spenat fräst m. olja el. flytande margarin salt,Monosackarider,Grönsaker,0.4,g
455,Spenat fräst m. olja el. flytande margarin salt,"Sockerarter, totalt",Grönsaker,0.8,g
455,Spenat fräst m. olja el. flytande margarin salt,Summa enkelomättade fettsyror,Grönsaker,0.2,g
455,Spenat fräst m. olja el. flytande margarin salt,"Magnesium, Mg",Grönsaker,41.0,mg
455,Spenat fräst m. olja el. flytande margarin salt,Summa mättade fettsyror,Grönsaker,0.1,g
455,Spenat fräst m. olja el. flytande margarin salt,"Kolhydrater, tillgängliga",Grönsaker,0.6,g
455,Spenat fräst m. olja el. flytande margarin salt,Kolesterol,Grönsaker,0.0,mg
455,Spenat fräst m. olja el. flytande margarin salt,"Kalium, K",Grönsaker,288.0,mg
455,Spenat fräst m. olja el. flytande margarin salt,"Jod, I",Grönsaker,87.0,µg
455,Spenat fräst m. olja el. flytande margarin salt,Fullkorn totalt,Grönsaker,0.0,g
455,Spenat fräst m. olja el. flytande margarin salt,"Folat, totalt",Grönsaker,83.2,µg
455,Spenat fräst m. olja el. flytande margarin salt,Fibrer,Grönsaker,2.5,g
455,Spenat fräst m. olja el. flytande margarin salt,"Fett, totalt",Grönsaker,1.0,g
455,Spenat fräst m. olja el. flytande margarin salt,"Järn, Fe",Grönsaker,1.0,mg
455,Spenat fräst m. olja el. flytande margarin salt,Energi (kJ),Grönsaker,116.0,kJ
455,Spenat fräst m. olja el. flytande margarin salt,Energi (kcal),Grönsaker,28.0,kcal
455,Spenat fräst m. olja el. flytande margarin salt,Disackarider,Grönsaker,0.4,g
455,Spenat fräst m. olja el. flytande margarin salt,"Kalcium, Ca",Grönsaker,152.0,mg
455,Spenat fräst m. olja el. flytande margarin salt,Fettsyra 4:0-10:0,Grönsaker,0.0,g
455,Spenat fräst m. olja el. flytande margarin salt,DHA (C22:6),Grönsaker,0.0,g
455,Spenat fräst m. olja el. flytande margarin salt,DPA (C22:5),Grönsaker,0.0,g
455,Spenat fräst m. olja el. flytande margarin salt,EPA (C20:5),Grönsaker,0.0,g
455,Spenat fräst m. olja el. flytande margarin salt,Arakidonsyra C20:4,Grönsaker,0.0,g
455,Spenat fräst m. olja el. flytande margarin salt,Arakidinsyra C20:0,Grönsaker,0.0,g
455,Spenat fräst m. olja el. flytande margarin salt,Linolensyra C18:3,Grönsaker,0.3,g
455,Spenat fräst m. olja el. flytande margarin salt,Linolsyra C18:2,Grönsaker,0.1,g
455,Spenat fräst m. olja el. flytande margarin salt,Oljesyra C18:1,Grönsaker,0.2,g
455,Spenat fräst m. olja el. flytande margarin salt,Stearinsyra C18:0,Grönsaker,0.0,g
455,Spenat fräst m. olja el. flytande margarin salt,Palmitoljesyra C16:1,Grönsaker,0.0,g
455,Spenat fräst m. olja el. flytande margarin salt,Palmitinsyra C16:0,Grönsaker,0.1,g
455,Spenat fräst m. olja el. flytande margarin salt,Myristinsyra C14:0,Grönsaker,0.0,g
455,Spenat fräst m. olja el. flytande margarin salt,Laurinsyra C12:0,Grönsaker,0.0,g
455,Spenat fräst m. olja el. flytande margarin salt,Betakaroten/β-Karoten,Grönsaker,3626.0,µg
455,Spenat fräst m. olja el. flytande margarin salt,Avfall (skal etc.),Grönsaker,0.0,%
455,Spenat fräst m. olja el. flytande margarin salt,Aska,Grönsaker,2.8,g
455,Spenat fräst m. olja el. flytande margarin salt,Alkohol,Grönsaker,0.0,g
456,Spenat stuvad,"Zink, Zn",Grönsaks- rotfrukts- baljväxträtter o produkter,0.7,mg
456,Spenat stuvad,Vitamin E,Grönsaks- rotfrukts- baljväxträtter o produkter,1.0,mg
456,Spenat stuvad,Vitamin D,Grönsaks- rotfrukts- baljväxträtter o produkter,0.11,µg
456,Spenat stuvad,Vitamin C,Grönsaks- rotfrukts- baljväxträtter o produkter,5.5,mg
456,Spenat stuvad,Vitamin B6,Grönsaks- rotfrukts- baljväxträtter o produkter,0.06,mg
456,Spenat stuvad,Vitamin B12,Grönsaks- rotfrukts- baljväxträtter o produkter,0.08,µg
456,Spenat stuvad,Vitamin A,Grönsaks- rotfrukts- baljväxträtter o produkter,225.4,RE/µg
456,Spenat stuvad,Vatten,Grönsaks- rotfrukts- baljväxträtter o produkter,88.9,g
456,Spenat stuvad,Tiamin,Grönsaks- rotfrukts- baljväxträtter o produkter,0.03,mg
456,Spenat stuvad,Tillsatt socker,Grönsaks- rotfrukts- baljväxträtter o produkter,0.0,g
456,Spenat stuvad,Fritt socker,Grönsaks- rotfrukts- baljväxträtter o produkter,0.0,g
456,Spenat stuvad,"Selen, Se",Grönsaks- rotfrukts- baljväxträtter o produkter,0.5,µg
456,Spenat stuvad,Sackaros,Grönsaks- rotfrukts- baljväxträtter o produkter,0.2,g
456,Spenat stuvad,Riboflavin,Grönsaks- rotfrukts- baljväxträtter o produkter,0.09,mg
456,Spenat stuvad,Retinol,Grönsaks- rotfrukts- baljväxträtter o produkter,26.4,µg
456,Spenat stuvad,Protein,Grönsaks- rotfrukts- baljväxträtter o produkter,2.5,g
456,Spenat stuvad,Summa fleromättade fettsyror,Grönsaks- rotfrukts- baljväxträtter o produkter,0.3,g
456,Spenat stuvad,"Fosfor, P",Grönsaks- rotfrukts- baljväxträtter o produkter,51.0,mg
456,Spenat stuvad,Niacinekvivalenter,Grönsaks- rotfrukts- baljväxträtter o produkter,0.69,NE/mg
456,Spenat stuvad,Niacin,Grönsaks- rotfrukts- baljväxträtter o produkter,0.21,mg
456,Spenat stuvad,"Salt, NaCl",Grönsaks- rotfrukts- baljväxträtter o produkter,0.2,g
456,Spenat stuvad,"Natrium, Na",Grönsaks- rotfrukts- baljväxträtter o produkter,78.0,mg
456,Spenat stuvad,Monosackarider,Grönsaks- rotfrukts- baljväxträtter o produkter,0.2,g
456,Spenat stuvad,"Sockerarter, totalt",Grönsaks- rotfrukts- baljväxträtter o produkter,1.4,g
456,Spenat stuvad,Summa enkelomättade fettsyror,Grönsaks- rotfrukts- baljväxträtter o produkter,0.8,g
456,Spenat stuvad,"Magnesium, Mg",Grönsaks- rotfrukts- baljväxträtter o produkter,28.0,mg
456,Spenat stuvad,Summa mättade fettsyror,Grönsaks- rotfrukts- baljväxträtter o produkter,2.0,g
456,Spenat stuvad,"Kolhydrater, tillgängliga",Grönsaks- rotfrukts- baljväxträtter o produkter,2.2,g
456,Spenat stuvad,Kolesterol,Grönsaks- rotfrukts- baljväxträtter o produkter,9.1,mg
456,Spenat stuvad,"Kalium, K",Grönsaks- rotfrukts- baljväxträtter o produkter,161.0,mg
456,Spenat stuvad,"Jod, I",Grönsaks- rotfrukts- baljväxträtter o produkter,13.7,µg
456,Spenat stuvad,Fullkorn totalt,Grönsaks- rotfrukts- baljväxträtter o produkter,0.0,g
456,Spenat stuvad,"Folat, totalt",Grönsaks- rotfrukts- baljväxträtter o produkter,48.1,µg
456,Spenat stuvad,Fibrer,Grönsaks- rotfrukts- baljväxträtter o produkter,1.7,g
456,Spenat stuvad,"Fett, totalt",Grönsaks- rotfrukts- baljväxträtter o produkter,3.6,g
456,Spenat stuvad,"Järn, Fe",Grönsaks- rotfrukts- baljväxträtter o produkter,0.7,mg
456,Spenat stuvad,Energi (kJ),Grönsaks- rotfrukts- baljväxträtter o produkter,227.0,kJ
456,Spenat stuvad,Energi (kcal),Grönsaks- rotfrukts- baljväxträtter o produkter,54.0,kcal
456,Spenat stuvad,Disackarider,Grönsaks- rotfrukts- baljväxträtter o produkter,1.1,g
456,Spenat stuvad,"Kalcium, Ca",Grönsaks- rotfrukts- baljväxträtter o produkter,120.0,mg
456,Spenat stuvad,Fettsyra 4:0-10:0,Grönsaks- rotfrukts- baljväxträtter o produkter,0.2,g
456,Spenat stuvad,DHA (C22:6),Grönsaks- rotfrukts- baljväxträtter o produkter,0.0,g
456,Spenat stuvad,DPA (C22:5),Grönsaks- rotfrukts- baljväxträtter o produkter,0.0,g
456,Spenat stuvad,EPA (C20:5),Grönsaks- rotfrukts- baljväxträtter o produkter,0.0,g
456,Spenat stuvad,Arakidonsyra C20:4,Grönsaks- rotfrukts- baljväxträtter o produkter,0.0,g
456,Spenat stuvad,Arakidinsyra C20:0,Grönsaks- rotfrukts- baljväxträtter o produkter,0.0,g
456,Spenat stuvad,Linolensyra C18:3,Grönsaks- rotfrukts- baljväxträtter o produkter,0.2,g
456,Spenat stuvad,Linolsyra C18:2,Grönsaks- rotfrukts- baljväxträtter o produkter,0.1,g
456,Spenat stuvad,Oljesyra C18:1,Grönsaks- rotfrukts- baljväxträtter o produkter,0.7,g
456,Spenat stuvad,Stearinsyra C18:0,Grönsaks- rotfrukts- baljväxträtter o produkter,0.3,g
456,Spenat stuvad,Palmitoljesyra C16:1,Grönsaks- rotfrukts- baljväxträtter o produkter,0.1,g
456,Spenat stuvad,Palmitinsyra C16:0,Grönsaks- rotfrukts- baljväxträtter o produkter,1.0,g
456,Spenat stuvad,Myristinsyra C14:0,Grönsaks- rotfrukts- baljväxträtter o produkter,0.3,g
456,Spenat stuvad,Laurinsyra C12:0,Grönsaks- rotfrukts- baljväxträtter o produkter,0.1,g
456,Spenat stuvad,Betakaroten/β-Karoten,Grönsaks- rotfrukts- baljväxträtter o produkter,2377.0,µg
456,Spenat stuvad,Avfall (skal etc.),Grönsaks- rotfrukts- baljväxträtter o produkter,0.0,%
456,Spenat stuvad,Aska,Grönsaks- rotfrukts- baljväxträtter o produkter,1.0,g
456,Spenat stuvad,Alkohol,Grönsaks- rotfrukts- baljväxträtter o produkter,0.0,g
457,Champinjon stekt m. salt,"Zink, Zn",Svamp,0.6,mg
457,Champinjon stekt m. salt,Vitamin E,Svamp,0.3,mg
457,Champinjon stekt m. salt,Vitamin D,Svamp,0.22,µg
457,Champinjon stekt m. salt,Vitamin C,Svamp,0.0,mg
457,Champinjon stekt m. salt,Vitamin B6,Svamp,0.05,mg
457,Champinjon stekt m. salt,Vitamin B12,Svamp,0.0,µg
457,Champinjon stekt m. salt,Vitamin A,Svamp,3.7,RE/µg
457,Champinjon stekt m. salt,Vatten,Svamp,86.7,g
457,Champinjon stekt m. salt,Tiamin,Svamp,0.08,mg
457,Champinjon stekt m. salt,Tillsatt socker,Svamp,0.0,g
457,Champinjon stekt m. salt,Fritt socker,Svamp,0.0,g
457,Champinjon stekt m. salt,"Selen, Se",Svamp,21.5,µg
457,Champinjon stekt m. salt,Sackaros,Svamp,0.0,g
457,Champinjon stekt m. salt,Riboflavin,Svamp,0.52,mg
457,Champinjon stekt m. salt,Retinol,Svamp,1.7,µg
457,Champinjon stekt m. salt,Protein,Svamp,3.0,g
457,Champinjon stekt m. salt,Summa fleromättade fettsyror,Svamp,0.3,g
457,Champinjon stekt m. salt,"Fosfor, P",Svamp,20.0,mg
457,Champinjon stekt m. salt,Niacinekvivalenter,Svamp,3.79,NE/mg
457,Champinjon stekt m. salt,Niacin,Svamp,3.29,mg
457,Champinjon stekt m. salt,"Salt, NaCl",Svamp,1.2,g
457,Champinjon stekt m. salt,"Natrium, Na",Svamp,489.0,mg
457,Champinjon stekt m. salt,Monosackarider,Svamp,0.1,g
457,Champinjon stekt m. salt,"Sockerarter, totalt",Svamp,0.1,g
457,Champinjon stekt m. salt,Summa enkelomättade fettsyror,Svamp,0.7,g
457,Champinjon stekt m. salt,"Magnesium, Mg",Svamp,11.0,mg
457,Champinjon stekt m. salt,Summa mättade fettsyror,Svamp,0.1,g
457,Champinjon stekt m. salt,"Kolhydrater, tillgängliga",Svamp,3.4,g
457,Champinjon stekt m. salt,Kolesterol,Svamp,0.0,mg
457,Champinjon stekt m. salt,"Kalium, K",Svamp,139.0,mg
457,Champinjon stekt m. salt,"Jod, I",Svamp,61.4,µg
457,Champinjon stekt m. salt,Fullkorn totalt,Svamp,0.0,g
457,Champinjon stekt m. salt,"Folat, totalt",Svamp,29.1,µg
457,Champinjon stekt m. salt,Fibrer,Svamp,3.0,g
457,Champinjon stekt m. salt,"Fett, totalt",Svamp,1.5,g
457,Champinjon stekt m. salt,"Järn, Fe",Svamp,0.3,mg
457,Champinjon stekt m. salt,Energi (kJ),Svamp,188.0,kJ
457,Champinjon stekt m. salt,Energi (kcal),Svamp,45.0,kcal
457,Champinjon stekt m. salt,Disackarider,Svamp,0.0,g
457,Champinjon stekt m. salt,"Kalcium, Ca",Svamp,14.0,mg
457,Champinjon stekt m. salt,Fettsyra 4:0-10:0,Svamp,0.0,g
457,Champinjon stekt m. salt,DHA (C22:6),Svamp,0.0,g
457,Champinjon stekt m. salt,DPA (C22:5),Svamp,0.0,g
457,Champinjon stekt m. salt,EPA (C20:5),Svamp,0.0,g
457,Champinjon stekt m. salt,Arakidonsyra C20:4,Svamp,0.0,g
457,Champinjon stekt m. salt,Arakidinsyra C20:0,Svamp,0.0,g
457,Champinjon stekt m. salt,Linolensyra C18:3,Svamp,0.1,g
457,Champinjon stekt m. salt,Linolsyra C18:2,Svamp,0.3,g
457,Champinjon stekt m. salt,Oljesyra C18:1,Svamp,0.7,g
457,Champinjon stekt m. salt,Stearinsyra C18:0,Svamp,0.0,g
457,Champinjon stekt m. salt,Palmitoljesyra C16:1,Svamp,0.0,g
457,Champinjon stekt m. salt,Palmitinsyra C16:0,Svamp,0.1,g
457,Champinjon stekt m. salt,Myristinsyra C14:0,Svamp,0.0,g
457,Champinjon stekt m. salt,Laurinsyra C12:0,Svamp,0.0,g
457,Champinjon stekt m. salt,Betakaroten/β-Karoten,Svamp,1.0,µg
457,Champinjon stekt m. salt,Avfall (skal etc.),Svamp,0.0,%
457,Champinjon stekt m. salt,Aska,Svamp,2.4,g
457,Champinjon stekt m. salt,Alkohol,Svamp,0.0,g
458,Champinjon stuvad,"Zink, Zn",Grönsaks- rotfrukts- baljväxträtter o produkter,0.5,mg
458,Champinjon stuvad,Vitamin E,Grönsaks- rotfrukts- baljväxträtter o produkter,2.1,mg
458,Champinjon stuvad,Vitamin D,Grönsaks- rotfrukts- baljväxträtter o produkter,0.86,µg
458,Champinjon stuvad,Vitamin C,Grönsaks- rotfrukts- baljväxträtter o produkter,0.4,mg
458,Champinjon stuvad,Vitamin B6,Grönsaks- rotfrukts- baljväxträtter o produkter,0.04,mg
458,Champinjon stuvad,Vitamin B12,Grönsaks- rotfrukts- baljväxträtter o produkter,0.28,µg
458,Champinjon stuvad,Vitamin A,Grönsaks- rotfrukts- baljväxträtter o produkter,86.3,RE/µg
458,Champinjon stuvad,Vatten,Grönsaks- rotfrukts- baljväxträtter o produkter,73.6,g
458,Champinjon stuvad,Tiamin,Grönsaks- rotfrukts- baljväxträtter o produkter,0.04,mg
458,Champinjon stuvad,Tillsatt socker,Grönsaks- rotfrukts- baljväxträtter o produkter,0.0,g
458,Champinjon stuvad,Fritt socker,Grönsaks- rotfrukts- baljväxträtter o produkter,0.0,g
458,Champinjon stuvad,"Selen, Se",Grönsaks- rotfrukts- baljväxträtter o produkter,8.7,µg
458,Champinjon stuvad,Sackaros,Grönsaks- rotfrukts- baljväxträtter o produkter,0.0,g
458,Champinjon stuvad,Riboflavin,Grönsaks- rotfrukts- baljväxträtter o produkter,0.22,mg
458,Champinjon stuvad,Retinol,Grönsaks- rotfrukts- baljväxträtter o produkter,70.7,µg
458,Champinjon stuvad,Protein,Grönsaks- rotfrukts- baljväxträtter o produkter,3.4,g
458,Champinjon stuvad,Summa fleromättade fettsyror,Grönsaks- rotfrukts- baljväxträtter o produkter,2.2,g
458,Champinjon stuvad,"Fosfor, P",Grönsaks- rotfrukts- baljväxträtter o produkter,89.0,mg
458,Champinjon stuvad,Niacinekvivalenter,Grönsaks- rotfrukts- baljväxträtter o produkter,1.95,NE/mg
458,Champinjon stuvad,Niacin,Grönsaks- rotfrukts- baljväxträtter o produkter,1.22,mg
458,Champinjon stuvad,"Salt, NaCl",Grönsaks- rotfrukts- baljväxträtter o produkter,0.9,g
458,Champinjon stuvad,"Natrium, Na",Grönsaks- rotfrukts- baljväxträtter o produkter,339.0,mg
458,Champinjon stuvad,Monosackarider,Grönsaks- rotfrukts- baljväxträtter o produkter,0.0,g
458,Champinjon stuvad,"Sockerarter, totalt",Grönsaks- rotfrukts- baljväxträtter o produkter,3.0,g
458,Champinjon stuvad,Summa enkelomättade fettsyror,Grönsaks- rotfrukts- baljväxträtter o produkter,5.8,g
458,Champinjon stuvad,"Magnesium, Mg",Grönsaks- rotfrukts- baljväxträtter o produkter,11.0,mg
458,Champinjon stuvad,Summa mättade fettsyror,Grönsaks- rotfrukts- baljväxträtter o produkter,5.2,g
458,Champinjon stuvad,"Kolhydrater, tillgängliga",Grönsaks- rotfrukts- baljväxträtter o produkter,5.8,g
458,Champinjon stuvad,Kolesterol,Grönsaks- rotfrukts- baljväxträtter o produkter,21.2,mg
458,Champinjon stuvad,"Kalium, K",Grönsaks- rotfrukts- baljväxträtter o produkter,135.0,mg
458,Champinjon stuvad,"Jod, I",Grönsaks- rotfrukts- baljväxträtter o produkter,50.5,µg
458,Champinjon stuvad,Fullkorn totalt,Grönsaks- rotfrukts- baljväxträtter o produkter,0.0,g
458,Champinjon stuvad,"Folat, totalt",Grönsaks- rotfrukts- baljväxträtter o produkter,14.0,µg
458,Champinjon stuvad,Fibrer,Grönsaks- rotfrukts- baljväxträtter o produkter,1.1,g
458,Champinjon stuvad,"Fett, totalt",Grönsaks- rotfrukts- baljväxträtter o produkter,14.3,g
458,Champinjon stuvad,"Järn, Fe",Grönsaks- rotfrukts- baljväxträtter o produkter,0.1,mg
458,Champinjon stuvad,Energi (kJ),Grönsaks- rotfrukts- baljväxträtter o produkter,696.0,kJ
458,Champinjon stuvad,Energi (kcal),Grönsaks- rotfrukts- baljväxträtter o produkter,166.0,kcal
458,Champinjon stuvad,Disackarider,Grönsaks- rotfrukts- baljväxträtter o produkter,2.9,g
458,Champinjon stuvad,"Kalcium, Ca",Grönsaks- rotfrukts- baljväxträtter o produkter,81.0,mg
458,Champinjon stuvad,Fettsyra 4:0-10:0,Grönsaks- rotfrukts- baljväxträtter o produkter,0.5,g
458,Champinjon stuvad,DHA (C22:6),Grönsaks- rotfrukts- baljväxträtter o produkter,0.0,g
458,Champinjon stuvad,DPA (C22:5),Grönsaks- rotfrukts- baljväxträtter o produkter,0.0,g
458,Champinjon stuvad,EPA (C20:5),Grönsaks- rotfrukts- baljväxträtter o produkter,0.0,g
458,Champinjon stuvad,Arakidonsyra C20:4,Grönsaks- rotfrukts- baljväxträtter o produkter,0.0,g
458,Champinjon stuvad,Arakidinsyra C20:0,Grönsaks- rotfrukts- baljväxträtter o produkter,0.1,g
458,Champinjon stuvad,Linolensyra C18:3,Grönsaks- rotfrukts- baljväxträtter o produkter,0.6,g
458,Champinjon stuvad,Linolsyra C18:2,Grönsaks- rotfrukts- baljväxträtter o produkter,1.7,g
458,Champinjon stuvad,Oljesyra C18:1,Grönsaks- rotfrukts- baljväxträtter o produkter,5.4,g
458,Champinjon stuvad,Stearinsyra C18:0,Grönsaks- rotfrukts- baljväxträtter o produkter,0.9,g
458,Champinjon stuvad,Palmitoljesyra C16:1,Grönsaks- rotfrukts- baljväxträtter o produkter,0.2,g
458,Champinjon stuvad,Palmitinsyra C16:0,Grönsaks- rotfrukts- baljväxträtter o produkter,2.6,g
458,Champinjon stuvad,Myristinsyra C14:0,Grönsaks- rotfrukts- baljväxträtter o produkter,0.7,g
458,Champinjon stuvad,Laurinsyra C12:0,Grönsaks- rotfrukts- baljväxträtter o produkter,0.2,g
458,Champinjon stuvad,Betakaroten/β-Karoten,Grönsaks- rotfrukts- baljväxträtter o produkter,57.0,µg
458,Champinjon stuvad,Avfall (skal etc.),Grönsaks- rotfrukts- baljväxträtter o produkter,0.0,%
458,Champinjon stuvad,Aska,Grönsaks- rotfrukts- baljväxträtter o produkter,1.7,g
458,Champinjon stuvad,Alkohol,Grönsaks- rotfrukts- baljväxträtter o produkter,0.0,g
459,Champinjonsås hemlagad,"Zink, Zn",Sås dressing majonnäs ,0.3,mg
459,Champinjonsås hemlagad,Vitamin E,Sås dressing majonnäs ,1.8,mg
459,Champinjonsås hemlagad,Vitamin D,Sås dressing majonnäs ,0.34,µg
459,Champinjonsås hemlagad,Vitamin C,Sås dressing majonnäs ,0.2,mg
459,Champinjonsås hemlagad,Vitamin B6,Sås dressing majonnäs ,0.02,mg
459,Champinjonsås hemlagad,Vitamin B12,Sås dressing majonnäs ,0.07,µg
459,Champinjonsås hemlagad,Vitamin A,Sås dressing majonnäs ,67.8,RE/µg
459,Champinjonsås hemlagad,Vatten,Sås dressing majonnäs ,77.8,g
459,Champinjonsås hemlagad,Tiamin,Sås dressing majonnäs ,0.03,mg
459,Champinjonsås hemlagad,Tillsatt socker,Sås dressing majonnäs ,0.0,g
459,Champinjonsås hemlagad,Fritt socker,Sås dressing majonnäs ,0.0,g
459,Champinjonsås hemlagad,"Selen, Se",Sås dressing majonnäs ,8.3,µg
459,Champinjonsås hemlagad,Sackaros,Sås dressing majonnäs ,0.1,g
459,Champinjonsås hemlagad,Riboflavin,Sås dressing majonnäs ,0.16,mg
459,Champinjonsås hemlagad,Retinol,Sås dressing majonnäs ,52.2,µg
459,Champinjonsås hemlagad,Protein,Sås dressing majonnäs ,2.1,g
459,Champinjonsås hemlagad,Summa fleromättade fettsyror,Sås dressing majonnäs ,1.8,g
459,Champinjonsås hemlagad,"Fosfor, P",Sås dressing majonnäs ,30.0,mg
459,Champinjonsås hemlagad,Niacinekvivalenter,Sås dressing majonnäs ,1.66,NE/mg
459,Champinjonsås hemlagad,Niacin,Sås dressing majonnäs ,1.28,mg
459,Champinjonsås hemlagad,"Salt, NaCl",Sås dressing majonnäs ,2.1,g
459,Champinjonsås hemlagad,"Natrium, Na",Sås dressing majonnäs ,839.0,mg
459,Champinjonsås hemlagad,Monosackarider,Sås dressing majonnäs ,0.3,g
459,Champinjonsås hemlagad,"Sockerarter, totalt",Sås dressing majonnäs ,1.0,g
459,Champinjonsås hemlagad,Summa enkelomättade fettsyror,Sås dressing majonnäs ,4.6,g
459,Champinjonsås hemlagad,"Magnesium, Mg",Sås dressing majonnäs ,9.0,mg
459,Champinjonsås hemlagad,Summa mättade fettsyror,Sås dressing majonnäs ,3.9,g
459,Champinjonsås hemlagad,"Kolhydrater, tillgängliga",Sås dressing majonnäs ,4.7,g
459,Champinjonsås hemlagad,Kolesterol,Sås dressing majonnäs ,14.6,mg
459,Champinjonsås hemlagad,"Kalium, K",Sås dressing majonnäs ,78.0,mg
459,Champinjonsås hemlagad,"Jod, I",Sås dressing majonnäs ,71.7,µg
459,Champinjonsås hemlagad,Fullkorn totalt,Sås dressing majonnäs ,0.0,g
459,Champinjonsås hemlagad,"Folat, totalt",Sås dressing majonnäs ,9.9,µg
459,Champinjonsås hemlagad,Fibrer,Sås dressing majonnäs ,1.2,g
459,Champinjonsås hemlagad,"Fett, totalt",Sås dressing majonnäs ,11.2,g
459,Champinjonsås hemlagad,"Järn, Fe",Sås dressing majonnäs ,0.3,mg
459,Champinjonsås hemlagad,Energi (kJ),Sås dressing majonnäs ,542.0,kJ
459,Champinjonsås hemlagad,Energi (kcal),Sås dressing majonnäs ,129.0,kcal
459,Champinjonsås hemlagad,Disackarider,Sås dressing majonnäs ,0.7,g
459,Champinjonsås hemlagad,"Kalcium, Ca",Sås dressing majonnäs ,25.0,mg
459,Champinjonsås hemlagad,Fettsyra 4:0-10:0,Sås dressing majonnäs ,0.4,g
459,Champinjonsås hemlagad,DHA (C22:6),Sås dressing majonnäs ,0.0,g
459,Champinjonsås hemlagad,DPA (C22:5),Sås dressing majonnäs ,0.0,g
459,Champinjonsås hemlagad,EPA (C20:5),Sås dressing majonnäs ,0.0,g
459,Champinjonsås hemlagad,Arakidonsyra C20:4,Sås dressing majonnäs ,0.0,g
459,Champinjonsås hemlagad,Arakidinsyra C20:0,Sås dressing majonnäs ,0.0,g
459,Champinjonsås hemlagad,Linolensyra C18:3,Sås dressing majonnäs ,0.4,g
459,Champinjonsås hemlagad,Linolsyra C18:2,Sås dressing majonnäs ,1.4,g
459,Champinjonsås hemlagad,Oljesyra C18:1,Sås dressing majonnäs ,4.4,g
459,Champinjonsås hemlagad,Stearinsyra C18:0,Sås dressing majonnäs ,0.7,g
459,Champinjonsås hemlagad,Palmitoljesyra C16:1,Sås dressing majonnäs ,0.1,g
459,Champinjonsås hemlagad,Palmitinsyra C16:0,Sås dressing majonnäs ,2.0,g
459,Champinjonsås hemlagad,Myristinsyra C14:0,Sås dressing majonnäs ,0.5,g
459,Champinjonsås hemlagad,Laurinsyra C12:0,Sås dressing majonnäs ,0.2,g
459,Champinjonsås hemlagad,Betakaroten/β-Karoten,Sås dressing majonnäs ,80.0,µg
459,Champinjonsås hemlagad,Avfall (skal etc.),Sås dressing majonnäs ,0.0,%
459,Champinjonsås hemlagad,Aska,Sås dressing majonnäs ,2.7,g
459,Champinjonsås hemlagad,Alkohol,Sås dressing majonnäs ,0.15,g
460,Tomatsallad m. vinägrett,"Zink, Zn",Grönsaks- rotfrukts- baljväxträtter o produkter,0.1,mg
460,Tomatsallad m. vinägrett,Vitamin E,Grönsaks- rotfrukts- baljväxträtter o produkter,1.7,mg
460,Tomatsallad m. vinägrett,Vitamin D inkl 25-OH-D3,Grönsaks- rotfrukts- baljväxträtter o produkter,0.0,µg
460,Tomatsallad m. vinägrett,Vitamin D,Grönsaks- rotfrukts- baljväxträtter o produkter,0.0,µg
460,Tomatsallad m. vinägrett,Vitamin C,Grönsaks- rotfrukts- baljväxträtter o produkter,13.3,mg
460,Tomatsallad m. vinägrett,Vitamin B6,Grönsaks- rotfrukts- baljväxträtter o produkter,0.09,mg
460,Tomatsallad m. vinägrett,Vitamin B12,Grönsaks- rotfrukts- baljväxträtter o produkter,0.0,µg
460,Tomatsallad m. vinägrett,Vitamin A,Grönsaks- rotfrukts- baljväxträtter o produkter,38.0,RE/µg
460,Tomatsallad m. vinägrett,Vatten,Grönsaks- rotfrukts- baljväxträtter o produkter,90.2,g
460,Tomatsallad m. vinägrett,Tiamin,Grönsaks- rotfrukts- baljväxträtter o produkter,0.03,mg
460,Tomatsallad m. vinägrett,Tillsatt socker,Grönsaks- rotfrukts- baljväxträtter o produkter,0.0,g
460,Tomatsallad m. vinägrett,Fritt socker,Grönsaks- rotfrukts- baljväxträtter o produkter,0.0,g
460,Tomatsallad m. vinägrett,"Selen, Se",Grönsaks- rotfrukts- baljväxträtter o produkter,0.0,µg
460,Tomatsallad m. vinägrett,Sackaros,Grönsaks- rotfrukts- baljväxträtter o produkter,0.0,g
460,Tomatsallad m. vinägrett,Riboflavin,Grönsaks- rotfrukts- baljväxträtter o produkter,0.0,mg
460,Tomatsallad m. vinägrett,Retinol,Grönsaks- rotfrukts- baljväxträtter o produkter,0.0,µg
460,Tomatsallad m. vinägrett,Protein,Grönsaks- rotfrukts- baljväxträtter o produkter,0.8,g
460,Tomatsallad m. vinägrett,Summa fleromättade fettsyror,Grönsaks- rotfrukts- baljväxträtter o produkter,1.2,g
460,Tomatsallad m. vinägrett,"Fosfor, P",Grönsaks- rotfrukts- baljväxträtter o produkter,22.0,mg
460,Tomatsallad m. vinägrett,Niacinekvivalenter,Grönsaks- rotfrukts- baljväxträtter o produkter,0.63,NE/mg
460,Tomatsallad m. vinägrett,Niacin,Grönsaks- rotfrukts- baljväxträtter o produkter,0.51,mg
460,Tomatsallad m. vinägrett,"Salt, NaCl",Grönsaks- rotfrukts- baljväxträtter o produkter,0.5,g
460,Tomatsallad m. vinägrett,"Natrium, Na",Grönsaks- rotfrukts- baljväxträtter o produkter,220.0,mg
460,Tomatsallad m. vinägrett,Monosackarider,Grönsaks- rotfrukts- baljväxträtter o produkter,2.6,g
460,Tomatsallad m. vinägrett,"Sockerarter, totalt",Grönsaks- rotfrukts- baljväxträtter o produkter,2.6,g
460,Tomatsallad m. vinägrett,Summa enkelomättade fettsyror,Grönsaks- rotfrukts- baljväxträtter o produkter,2.5,g
460,Tomatsallad m. vinägrett,"Magnesium, Mg",Grönsaks- rotfrukts- baljväxträtter o produkter,9.0,mg
460,Tomatsallad m. vinägrett,Summa mättade fettsyror,Grönsaks- rotfrukts- baljväxträtter o produkter,0.3,g
460,Tomatsallad m. vinägrett,"Kolhydrater, tillgängliga",Grönsaks- rotfrukts- baljväxträtter o produkter,2.7,g
460,Tomatsallad m. vinägrett,Kolesterol,Grönsaks- rotfrukts- baljväxträtter o produkter,0.0,mg
460,Tomatsallad m. vinägrett,"Kalium, K",Grönsaks- rotfrukts- baljväxträtter o produkter,219.0,mg
460,Tomatsallad m. vinägrett,"Jod, I",Grönsaks- rotfrukts- baljväxträtter o produkter,29.3,µg
460,Tomatsallad m. vinägrett,Fullkorn totalt,Grönsaks- rotfrukts- baljväxträtter o produkter,0.0,g
460,Tomatsallad m. vinägrett,"Folat, totalt",Grönsaks- rotfrukts- baljväxträtter o produkter,15.4,µg
460,Tomatsallad m. vinägrett,Fibrer,Grönsaks- rotfrukts- baljväxträtter o produkter,1.2,g
460,Tomatsallad m. vinägrett,"Fett, totalt",Grönsaks- rotfrukts- baljväxträtter o produkter,4.2,g
460,Tomatsallad m. vinägrett,"Järn, Fe",Grönsaks- rotfrukts- baljväxträtter o produkter,0.2,mg
460,Tomatsallad m. vinägrett,Energi (kJ),Grönsaks- rotfrukts- baljväxträtter o produkter,224.0,kJ
460,Tomatsallad m. vinägrett,Energi (kcal),Grönsaks- rotfrukts- baljväxträtter o produkter,54.0,kcal
460,Tomatsallad m. vinägrett,Disackarider,Grönsaks- rotfrukts- baljväxträtter o produkter,0.0,g
460,Tomatsallad m. vinägrett,"Kalcium, Ca",Grönsaks- rotfrukts- baljväxträtter o produkter,13.0,mg
460,Tomatsallad m. vinägrett,Fettsyra 4:0-10:0,Grönsaks- rotfrukts- baljväxträtter o produkter,0.0,g
460,Tomatsallad m. vinägrett,DHA (C22:6),Grönsaks- rotfrukts- baljväxträtter o produkter,0.0,g
460,Tomatsallad m. vinägrett,DPA (C22:5),Grönsaks- rotfrukts- baljväxträtter o produkter,0.0,g
460,Tomatsallad m. vinägrett,EPA (C20:5),Grönsaks- rotfrukts- baljväxträtter o produkter,0.0,g
460,Tomatsallad m. vinägrett,Arakidonsyra C20:4,Grönsaks- rotfrukts- baljväxträtter o produkter,0.0,g
460,Tomatsallad m. vinägrett,Arakidinsyra C20:0,Grönsaks- rotfrukts- baljväxträtter o produkter,0.0,g
460,Tomatsallad m. vinägrett,Linolensyra C18:3,Grönsaks- rotfrukts- baljväxträtter o produkter,0.4,g
460,Tomatsallad m. vinägrett,Linolsyra C18:2,Grönsaks- rotfrukts- baljväxträtter o produkter,0.8,g
460,Tomatsallad m. vinägrett,Oljesyra C18:1,Grönsaks- rotfrukts- baljväxträtter o produkter,2.4,g
460,Tomatsallad m. vinägrett,Stearinsyra C18:0,Grönsaks- rotfrukts- baljväxträtter o produkter,0.1,g
460,Tomatsallad m. vinägrett,Palmitoljesyra C16:1,Grönsaks- rotfrukts- baljväxträtter o produkter,0.0,g
460,Tomatsallad m. vinägrett,Palmitinsyra C16:0,Grönsaks- rotfrukts- baljväxträtter o produkter,0.2,g
460,Tomatsallad m. vinägrett,Myristinsyra C14:0,Grönsaks- rotfrukts- baljväxträtter o produkter,0.0,g
460,Tomatsallad m. vinägrett,Laurinsyra C12:0,Grönsaks- rotfrukts- baljväxträtter o produkter,0.0,g
460,Tomatsallad m. vinägrett,Betakaroten/β-Karoten,Grönsaks- rotfrukts- baljväxträtter o produkter,456.0,µg
460,Tomatsallad m. vinägrett,Avfall (skal etc.),Grönsaks- rotfrukts- baljväxträtter o produkter,0.0,%
460,Tomatsallad m. vinägrett,Aska,Grönsaks- rotfrukts- baljväxträtter o produkter,1.0,g
460,Tomatsallad m. vinägrett,Alkohol,Grönsaks- rotfrukts- baljväxträtter o produkter,0.0,g
461,Tomatsås italiensk,"Zink, Zn",Sås dressing majonnäs ,0.2,mg
461,Tomatsås italiensk,Vitamin E,Sås dressing majonnäs ,2.7,mg
461,Tomatsås italiensk,Vitamin D inkl 25-OH-D3,Sås dressing majonnäs ,0.0,µg
461,Tomatsås italiensk,Vitamin D,Sås dressing majonnäs ,0.0,µg
461,Tomatsås italiensk,Vitamin C,Sås dressing majonnäs ,6.7,mg
461,Tomatsås italiensk,Vitamin B6,Sås dressing majonnäs ,0.08,mg
461,Tomatsås italiensk,Vitamin B12,Sås dressing majonnäs ,0.0,µg
461,Tomatsås italiensk,Vitamin A,Sås dressing majonnäs ,45.5,RE/µg
461,Tomatsås italiensk,Vatten,Sås dressing majonnäs ,82.8,g
461,Tomatsås italiensk,Tiamin,Sås dressing majonnäs ,0.02,mg
461,Tomatsås italiensk,Tillsatt socker,Sås dressing majonnäs ,1.0,g
461,Tomatsås italiensk,Fritt socker,Sås dressing majonnäs ,2.0,g
461,Tomatsås italiensk,"Selen, Se",Sås dressing majonnäs ,0.0,µg
461,Tomatsås italiensk,Sackaros,Sås dressing majonnäs ,0.9,g
461,Tomatsås italiensk,Riboflavin,Sås dressing majonnäs ,0.01,mg
461,Tomatsås italiensk,Retinol,Sås dressing majonnäs ,0.0,µg
461,Tomatsås italiensk,Protein,Sås dressing majonnäs ,1.1,g
461,Tomatsås italiensk,Summa fleromättade fettsyror,Sås dressing majonnäs ,2.1,g
461,Tomatsås italiensk,"Fosfor, P",Sås dressing majonnäs ,29.0,mg
461,Tomatsås italiensk,Niacinekvivalenter,Sås dressing majonnäs ,0.79,NE/mg
461,Tomatsås italiensk,Niacin,Sås dressing majonnäs ,0.61,mg
461,Tomatsås italiensk,"Salt, NaCl",Sås dressing majonnäs ,1.4,g
461,Tomatsås italiensk,"Natrium, Na",Sås dressing majonnäs ,581.0,mg
461,Tomatsås italiensk,Monosackarider,Sås dressing majonnäs ,3.2,g
461,Tomatsås italiensk,"Sockerarter, totalt",Sås dressing majonnäs ,4.1,g
461,Tomatsås italiensk,Summa enkelomättade fettsyror,Sås dressing majonnäs ,4.4,g
461,Tomatsås italiensk,"Magnesium, Mg",Sås dressing majonnäs ,17.0,mg
461,Tomatsås italiensk,Summa mättade fettsyror,Sås dressing majonnäs ,0.6,g
461,Tomatsås italiensk,"Kolhydrater, tillgängliga",Sås dressing majonnäs ,4.9,g
461,Tomatsås italiensk,Kolesterol,Sås dressing majonnäs ,0.0,mg
461,Tomatsås italiensk,"Kalium, K",Sås dressing majonnäs ,178.0,mg
461,Tomatsås italiensk,"Jod, I",Sås dressing majonnäs ,57.7,µg
461,Tomatsås italiensk,Fullkorn totalt,Sås dressing majonnäs ,0.0,g
461,Tomatsås italiensk,"Folat, totalt",Sås dressing majonnäs ,14.8,µg
461,Tomatsås italiensk,Fibrer,Sås dressing majonnäs ,1.4,g
461,Tomatsås italiensk,"Fett, totalt",Sås dressing majonnäs ,7.4,g
461,Tomatsås italiensk,"Järn, Fe",Sås dressing majonnäs ,0.6,mg
461,Tomatsås italiensk,Energi (kJ),Sås dressing majonnäs ,389.0,kJ
461,Tomatsås italiensk,Energi (kcal),Sås dressing majonnäs ,93.0,kcal
461,Tomatsås italiensk,Disackarider,Sås dressing majonnäs ,0.9,g
461,Tomatsås italiensk,"Kalcium, Ca",Sås dressing majonnäs ,27.0,mg
461,Tomatsås italiensk,Fettsyra 4:0-10:0,Sås dressing majonnäs ,0.0,g
461,Tomatsås italiensk,DHA (C22:6),Sås dressing majonnäs ,0.0,g
461,Tomatsås italiensk,DPA (C22:5),Sås dressing majonnäs ,0.0,g
461,Tomatsås italiensk,EPA (C20:5),Sås dressing majonnäs ,0.0,g
461,Tomatsås italiensk,Arakidonsyra C20:4,Sås dressing majonnäs ,0.0,g
461,Tomatsås italiensk,Arakidinsyra C20:0,Sås dressing majonnäs ,0.0,g
461,Tomatsås italiensk,Linolensyra C18:3,Sås dressing majonnäs ,0.6,g
461,Tomatsås italiensk,Linolsyra C18:2,Sås dressing majonnäs ,1.4,g
461,Tomatsås italiensk,Oljesyra C18:1,Sås dressing majonnäs ,4.3,g
461,Tomatsås italiensk,Stearinsyra C18:0,Sås dressing majonnäs ,0.1,g
461,Tomatsås italiensk,Palmitoljesyra C16:1,Sås dressing majonnäs ,0.0,g
461,Tomatsås italiensk,Palmitinsyra C16:0,Sås dressing majonnäs ,0.3,g
461,Tomatsås italiensk,Myristinsyra C14:0,Sås dressing majonnäs ,0.0,g
461,Tomatsås italiensk,Laurinsyra C12:0,Sås dressing majonnäs ,0.0,g
461,Tomatsås italiensk,Betakaroten/β-Karoten,Sås dressing majonnäs ,544.0,µg
461,Tomatsås italiensk,Avfall (skal etc.),Sås dressing majonnäs ,1.0,%
461,Tomatsås italiensk,Aska,Sås dressing majonnäs ,2.1,g
461,Tomatsås italiensk,Alkohol,Sås dressing majonnäs ,0.13,g
462,Tomatsalsa kall,"Zink, Zn",Sås dressing majonnäs ,0.2,mg
462,Tomatsalsa kall,Vitamin E,Sås dressing majonnäs ,0.6,mg
462,Tomatsalsa kall,Vitamin D inkl 25-OH-D3,Sås dressing majonnäs ,0.0,µg
462,Tomatsalsa kall,Vitamin D,Sås dressing majonnäs ,0.0,µg
462,Tomatsalsa kall,Vitamin C,Sås dressing majonnäs ,23.5,mg
462,Tomatsalsa kall,Vitamin B6,Sås dressing majonnäs ,0.12,mg
462,Tomatsalsa kall,Vitamin B12,Sås dressing majonnäs ,0.0,µg
462,Tomatsalsa kall,Vitamin A,Sås dressing majonnäs ,50.7,RE/µg
462,Tomatsalsa kall,Vatten,Sås dressing majonnäs ,91.4,g
462,Tomatsalsa kall,Tiamin,Sås dressing majonnäs ,0.04,mg
462,Tomatsalsa kall,Tillsatt socker,Sås dressing majonnäs ,0.0,g
462,Tomatsalsa kall,Fritt socker,Sås dressing majonnäs ,0.0,g
462,Tomatsalsa kall,"Selen, Se",Sås dressing majonnäs ,0.8,µg
462,Tomatsalsa kall,Sackaros,Sås dressing majonnäs ,0.2,g
462,Tomatsalsa kall,Riboflavin,Sås dressing majonnäs ,0.01,mg
462,Tomatsalsa kall,Retinol,Sås dressing majonnäs ,0.0,µg
462,Tomatsalsa kall,Protein,Sås dressing majonnäs ,1.2,g
462,Tomatsalsa kall,Summa fleromättade fettsyror,Sås dressing majonnäs ,0.1,g
462,Tomatsalsa kall,"Fosfor, P",Sås dressing majonnäs ,29.0,mg
462,Tomatsalsa kall,Niacinekvivalenter,Sås dressing majonnäs ,0.7,NE/mg
462,Tomatsalsa kall,Niacin,Sås dressing majonnäs ,0.51,mg
462,Tomatsalsa kall,"Salt, NaCl",Sås dressing majonnäs ,1.3,g
462,Tomatsalsa kall,"Natrium, Na",Sås dressing majonnäs ,516.0,mg
462,Tomatsalsa kall,Monosackarider,Sås dressing majonnäs ,2.6,g
462,Tomatsalsa kall,"Sockerarter, totalt",Sås dressing majonnäs ,2.8,g
462,Tomatsalsa kall,Summa enkelomättade fettsyror,Sås dressing majonnäs ,0.0,g
462,Tomatsalsa kall,"Magnesium, Mg",Sås dressing majonnäs ,13.0,mg
462,Tomatsalsa kall,Summa mättade fettsyror,Sås dressing majonnäs ,0.0,g
462,Tomatsalsa kall,"Kolhydrater, tillgängliga",Sås dressing majonnäs ,3.8,g
462,Tomatsalsa kall,Kolesterol,Sås dressing majonnäs ,0.0,mg
462,Tomatsalsa kall,"Kalium, K",Sås dressing majonnäs ,250.0,mg
462,Tomatsalsa kall,"Jod, I",Sås dressing majonnäs ,66.6,µg
462,Tomatsalsa kall,Fullkorn totalt,Sås dressing majonnäs ,0.0,g
462,Tomatsalsa kall,"Folat, totalt",Sås dressing majonnäs ,30.6,µg
462,Tomatsalsa kall,Fibrer,Sås dressing majonnäs ,1.6,g
462,Tomatsalsa kall,"Fett, totalt",Sås dressing majonnäs ,0.2,g
462,Tomatsalsa kall,"Järn, Fe",Sås dressing majonnäs ,0.6,mg
462,Tomatsalsa kall,Energi (kJ),Sås dressing majonnäs ,105.0,kJ
462,Tomatsalsa kall,Energi (kcal),Sås dressing majonnäs ,25.0,kcal
462,Tomatsalsa kall,Disackarider,Sås dressing majonnäs ,0.2,g
462,Tomatsalsa kall,"Kalcium, Ca",Sås dressing majonnäs ,36.0,mg
462,Tomatsalsa kall,Fettsyra 4:0-10:0,Sås dressing majonnäs ,0.0,g
462,Tomatsalsa kall,DHA (C22:6),Sås dressing majonnäs ,0.0,g
462,Tomatsalsa kall,DPA (C22:5),Sås dressing majonnäs ,0.0,g
462,Tomatsalsa kall,EPA (C20:5),Sås dressing majonnäs ,0.0,g
462,Tomatsalsa kall,Arakidonsyra C20:4,Sås dressing majonnäs ,0.0,g
462,Tomatsalsa kall,Arakidinsyra C20:0,Sås dressing majonnäs ,0.0,g
462,Tomatsalsa kall,Linolensyra C18:3,Sås dressing majonnäs ,0.0,g
462,Tomatsalsa kall,Linolsyra C18:2,Sås dressing majonnäs ,0.1,g
462,Tomatsalsa kall,Oljesyra C18:1,Sås dressing majonnäs ,0.0,g
462,Tomatsalsa kall,Stearinsyra C18:0,Sås dressing majonnäs ,0.0,g
462,Tomatsalsa kall,Palmitoljesyra C16:1,Sås dressing majonnäs ,0.0,g
462,Tomatsalsa kall,Palmitinsyra C16:0,Sås dressing majonnäs ,0.0,g
462,Tomatsalsa kall,Myristinsyra C14:0,Sås dressing majonnäs ,0.0,g
462,Tomatsalsa kall,Laurinsyra C12:0,Sås dressing majonnäs ,0.0,g
462,Tomatsalsa kall,Betakaroten/β-Karoten,Sås dressing majonnäs ,608.0,µg
462,Tomatsalsa kall,Avfall (skal etc.),Sås dressing majonnäs ,1.0,%
462,Tomatsalsa kall,Aska,Sås dressing majonnäs ,1.9,g
462,Tomatsalsa kall,Alkohol,Sås dressing majonnäs ,0.0,g
464,Vitkålssoppa tillagad veg.,"Zink, Zn",Soppa mat,0.1,mg
464,Vitkålssoppa tillagad veg.,Vitamin E,Soppa mat,0.5,mg
464,Vitkålssoppa tillagad veg.,Vitamin D,Soppa mat,0.08,µg
464,Vitkålssoppa tillagad veg.,Vitamin C,Soppa mat,11.9,mg
464,Vitkålssoppa tillagad veg.,Vitamin B6,Soppa mat,0.06,mg
464,Vitkålssoppa tillagad veg.,Vitamin B12,Soppa mat,0.0,µg
464,Vitkålssoppa tillagad veg.,Vitamin A,Soppa mat,8.3,RE/µg
464,Vitkålssoppa tillagad veg.,Vatten,Soppa mat,92.6,g
464,Vitkålssoppa tillagad veg.,Tiamin,Soppa mat,0.01,mg
464,Vitkålssoppa tillagad veg.,Tillsatt socker,Soppa mat,0.0,g
464,Vitkålssoppa tillagad veg.,Fritt socker,Soppa mat,0.0,g
464,Vitkålssoppa tillagad veg.,"Selen, Se",Soppa mat,0.0,µg
464,Vitkålssoppa tillagad veg.,Sackaros,Soppa mat,0.2,g
464,Vitkålssoppa tillagad veg.,Riboflavin,Soppa mat,0.01,mg
464,Vitkålssoppa tillagad veg.,Retinol,Soppa mat,2.4,µg
464,Vitkålssoppa tillagad veg.,Protein,Soppa mat,0.8,g
464,Vitkålssoppa tillagad veg.,Summa fleromättade fettsyror,Soppa mat,0.5,g
464,Vitkålssoppa tillagad veg.,"Fosfor, P",Soppa mat,15.0,mg
464,Vitkålssoppa tillagad veg.,Niacinekvivalenter,Soppa mat,0.33,NE/mg
464,Vitkålssoppa tillagad veg.,Niacin,Soppa mat,0.2,mg
464,Vitkålssoppa tillagad veg.,"Salt, NaCl",Soppa mat,0.7,g
464,Vitkålssoppa tillagad veg.,"Natrium, Na",Soppa mat,270.0,mg
464,Vitkålssoppa tillagad veg.,Monosackarider,Soppa mat,2.6,g
464,Vitkålssoppa tillagad veg.,"Sockerarter, totalt",Soppa mat,2.8,g
464,Vitkålssoppa tillagad veg.,Summa enkelomättade fettsyror,Soppa mat,1.0,g
464,Vitkålssoppa tillagad veg.,"Magnesium, Mg",Soppa mat,7.0,mg
464,Vitkålssoppa tillagad veg.,Summa mättade fettsyror,Soppa mat,0.2,g
464,Vitkålssoppa tillagad veg.,"Kolhydrater, tillgängliga",Soppa mat,2.6,g
464,Vitkålssoppa tillagad veg.,Kolesterol,Soppa mat,0.0,mg
464,Vitkålssoppa tillagad veg.,"Kalium, K",Soppa mat,93.0,mg
464,Vitkålssoppa tillagad veg.,"Jod, I",Soppa mat,1.9,µg
464,Vitkålssoppa tillagad veg.,Fullkorn totalt,Soppa mat,0.0,g
464,Vitkålssoppa tillagad veg.,"Folat, totalt",Soppa mat,7.0,µg
464,Vitkålssoppa tillagad veg.,Fibrer,Soppa mat,1.2,g
464,Vitkålssoppa tillagad veg.,"Fett, totalt",Soppa mat,1.8,g
464,Vitkålssoppa tillagad veg.,"Järn, Fe",Soppa mat,0.1,mg
464,Vitkålssoppa tillagad veg.,Energi (kJ),Soppa mat,133.0,kJ
464,Vitkålssoppa tillagad veg.,Energi (kcal),Soppa mat,32.0,kcal
464,Vitkålssoppa tillagad veg.,Disackarider,Soppa mat,0.2,g
464,Vitkålssoppa tillagad veg.,"Kalcium, Ca",Soppa mat,21.0,mg
464,Vitkålssoppa tillagad veg.,Fettsyra 4:0-10:0,Soppa mat,0.0,g
464,Vitkålssoppa tillagad veg.,DHA (C22:6),Soppa mat,0.0,g
464,Vitkålssoppa tillagad veg.,DPA (C22:5),Soppa mat,0.0,g
464,Vitkålssoppa tillagad veg.,EPA (C20:5),Soppa mat,0.0,g
464,Vitkålssoppa tillagad veg.,Arakidonsyra C20:4,Soppa mat,0.0,g
464,Vitkålssoppa tillagad veg.,Arakidinsyra C20:0,Soppa mat,0.0,g
464,Vitkålssoppa tillagad veg.,Linolensyra C18:3,Soppa mat,0.1,g
464,Vitkålssoppa tillagad veg.,Linolsyra C18:2,Soppa mat,0.4,g
464,Vitkålssoppa tillagad veg.,Oljesyra C18:1,Soppa mat,0.9,g
464,Vitkålssoppa tillagad veg.,Stearinsyra C18:0,Soppa mat,0.1,g
464,Vitkålssoppa tillagad veg.,Palmitoljesyra C16:1,Soppa mat,0.0,g
464,Vitkålssoppa tillagad veg.,Palmitinsyra C16:0,Soppa mat,0.1,g
464,Vitkålssoppa tillagad veg.,Myristinsyra C14:0,Soppa mat,0.0,g
464,Vitkålssoppa tillagad veg.,Laurinsyra C12:0,Soppa mat,0.0,g
464,Vitkålssoppa tillagad veg.,Betakaroten/β-Karoten,Soppa mat,40.0,µg
464,Vitkålssoppa tillagad veg.,Avfall (skal etc.),Soppa mat,6.0,%
464,Vitkålssoppa tillagad veg.,Aska,Soppa mat,1.0,g
464,Vitkålssoppa tillagad veg.,Alkohol,Soppa mat,0.0,g
465,Vitkål kokt m. salt,"Zink, Zn",Grönsaker,0.1,mg
465,Vitkål kokt m. salt,Vitamin E,Grönsaker,0.0,mg
465,Vitkål kokt m. salt,Vitamin D inkl 25-OH-D3,Grönsaker,0.0,µg
465,Vitkål kokt m. salt,Vitamin D,Grönsaker,0.0,µg
465,Vitkål kokt m. salt,Vitamin C,Grönsaker,25.3,mg
465,Vitkål kokt m. salt,Vitamin B6,Grönsaker,0.12,mg
465,Vitkål kokt m. salt,Vitamin B12,Grönsaker,0.0,µg
465,Vitkål kokt m. salt,Vitamin A,Grönsaker,0.5,RE/µg
465,Vitkål kokt m. salt,Vatten,Grönsaker,90.4,g
465,Vitkål kokt m. salt,Tiamin,Grönsaker,0.03,mg
465,Vitkål kokt m. salt,Tillsatt socker,Grönsaker,0.0,g
465,Vitkål kokt m. salt,Fritt socker,Grönsaker,0.0,g
465,Vitkål kokt m. salt,"Selen, Se",Grönsaker,0.0,µg
465,Vitkål kokt m. salt,Sackaros,Grönsaker,0.4,g
465,Vitkål kokt m. salt,Riboflavin,Grönsaker,0.0,mg
465,Vitkål kokt m. salt,Retinol,Grönsaker,0.0,µg
465,Vitkål kokt m. salt,Protein,Grönsaker,1.1,g
465,Vitkål kokt m. salt,Summa fleromättade fettsyror,Grönsaker,0.1,g
465,Vitkål kokt m. salt,"Fosfor, P",Grönsaker,24.0,mg
465,Vitkål kokt m. salt,Niacinekvivalenter,Grönsaker,0.5,NE/mg
465,Vitkål kokt m. salt,Niacin,Grönsaker,0.32,mg
465,Vitkål kokt m. salt,"Salt, NaCl",Grönsaker,0.4,g
465,Vitkål kokt m. salt,"Natrium, Na",Grönsaker,169.0,mg
465,Vitkål kokt m. salt,Monosackarider,Grönsaker,5.3,g
465,Vitkål kokt m. salt,"Sockerarter, totalt",Grönsaker,5.7,g
465,Vitkål kokt m. salt,Summa enkelomättade fettsyror,Grönsaker,0.0,g
465,Vitkål kokt m. salt,"Magnesium, Mg",Grönsaker,11.0,mg
465,Vitkål kokt m. salt,Summa mättade fettsyror,Grönsaker,0.0,g
465,Vitkål kokt m. salt,"Kolhydrater, tillgängliga",Grönsaker,4.7,g
465,Vitkål kokt m. salt,Kolesterol,Grönsaker,0.0,mg
465,Vitkål kokt m. salt,"Kalium, K",Grönsaker,167.0,mg
465,Vitkål kokt m. salt,"Jod, I",Grönsaker,22.5,µg
465,Vitkål kokt m. salt,Fullkorn totalt,Grönsaker,0.0,g
465,Vitkål kokt m. salt,"Folat, totalt",Grönsaker,11.4,µg
465,Vitkål kokt m. salt,Fibrer,Grönsaker,2.6,g
465,Vitkål kokt m. salt,"Fett, totalt",Grönsaker,0.1,g
465,Vitkål kokt m. salt,"Järn, Fe",Grönsaker,0.2,mg
465,Vitkål kokt m. salt,Energi (kJ),Grönsaker,122.0,kJ
465,Vitkål kokt m. salt,Energi (kcal),Grönsaker,30.0,kcal
465,Vitkål kokt m. salt,Disackarider,Grönsaker,0.4,g
465,Vitkål kokt m. salt,"Kalcium, Ca",Grönsaker,41.0,mg
465,Vitkål kokt m. salt,Fettsyra 4:0-10:0,Grönsaker,0.0,g
465,Vitkål kokt m. salt,DHA (C22:6),Grönsaker,0.0,g
465,Vitkål kokt m. salt,DPA (C22:5),Grönsaker,0.0,g
465,Vitkål kokt m. salt,EPA (C20:5),Grönsaker,0.0,g
465,Vitkål kokt m. salt,Arakidonsyra C20:4,Grönsaker,0.0,g
465,Vitkål kokt m. salt,Arakidinsyra C20:0,Grönsaker,0.0,g
465,Vitkål kokt m. salt,Linolensyra C18:3,Grönsaker,0.0,g
465,Vitkål kokt m. salt,Linolsyra C18:2,Grönsaker,0.0,g
465,Vitkål kokt m. salt,Oljesyra C18:1,Grönsaker,0.0,g
465,Vitkål kokt m. salt,Stearinsyra C18:0,Grönsaker,0.0,g
465,Vitkål kokt m. salt,Palmitoljesyra C16:1,Grönsaker,0.0,g
465,Vitkål kokt m. salt,Palmitinsyra C16:0,Grönsaker,0.0,g
465,Vitkål kokt m. salt,Myristinsyra C14:0,Grönsaker,0.0,g
465,Vitkål kokt m. salt,Laurinsyra C12:0,Grönsaker,0.0,g
465,Vitkål kokt m. salt,Betakaroten/β-Karoten,Grönsaker,6.0,µg
465,Vitkål kokt m. salt,Avfall (skal etc.),Grönsaker,14.0,%
465,Vitkål kokt m. salt,Aska,Grönsaker,1.0,g
465,Vitkål kokt m. salt,Alkohol,Grönsaker,0.0,g
466,Brunkål,"Zink, Zn",Grönsaks- rotfrukts- baljväxträtter o produkter,0.1,mg
466,Brunkål,Vitamin E,Grönsaks- rotfrukts- baljväxträtter o produkter,0.3,mg
466,Brunkål,Vitamin D,Grönsaks- rotfrukts- baljväxträtter o produkter,0.02,µg
466,Brunkål,Vitamin C,Grönsaks- rotfrukts- baljväxträtter o produkter,15.6,mg
466,Brunkål,Vitamin B6,Grönsaks- rotfrukts- baljväxträtter o produkter,0.1,mg
466,Brunkål,Vitamin B12,Grönsaks- rotfrukts- baljväxträtter o produkter,0.01,µg
466,Brunkål,Vitamin A,Grönsaks- rotfrukts- baljväxträtter o produkter,3.5,RE/µg
466,Brunkål,Vatten,Grönsaks- rotfrukts- baljväxträtter o produkter,86.2,g
466,Brunkål,Tiamin,Grönsaks- rotfrukts- baljväxträtter o produkter,0.03,mg
466,Brunkål,Tillsatt socker,Grönsaks- rotfrukts- baljväxträtter o produkter,2.0,g
466,Brunkål,Fritt socker,Grönsaks- rotfrukts- baljväxträtter o produkter,2.0,g
466,Brunkål,"Selen, Se",Grönsaks- rotfrukts- baljväxträtter o produkter,0.1,µg
466,Brunkål,Sackaros,Grönsaks- rotfrukts- baljväxträtter o produkter,1.4,g
466,Brunkål,Riboflavin,Grönsaks- rotfrukts- baljväxträtter o produkter,0.01,mg
466,Brunkål,Retinol,Grönsaks- rotfrukts- baljväxträtter o produkter,1.5,µg
466,Brunkål,Protein,Grönsaks- rotfrukts- baljväxträtter o produkter,1.3,g
466,Brunkål,Summa fleromättade fettsyror,Grönsaks- rotfrukts- baljväxträtter o produkter,0.3,g
466,Brunkål,"Fosfor, P",Grönsaks- rotfrukts- baljväxträtter o produkter,28.0,mg
466,Brunkål,Niacinekvivalenter,Grönsaks- rotfrukts- baljväxträtter o produkter,0.56,NE/mg
466,Brunkål,Niacin,Grönsaks- rotfrukts- baljväxträtter o produkter,0.34,mg
466,Brunkål,"Salt, NaCl",Grönsaks- rotfrukts- baljväxträtter o produkter,1.3,g
466,Brunkål,"Natrium, Na",Grönsaks- rotfrukts- baljväxträtter o produkter,509.0,mg
466,Brunkål,Monosackarider,Grönsaks- rotfrukts- baljväxträtter o produkter,6.3,g
466,Brunkål,"Sockerarter, totalt",Grönsaks- rotfrukts- baljväxträtter o produkter,7.7,g
466,Brunkål,Summa enkelomättade fettsyror,Grönsaks- rotfrukts- baljväxträtter o produkter,0.5,g
466,Brunkål,"Magnesium, Mg",Grönsaks- rotfrukts- baljväxträtter o produkter,12.0,mg
466,Brunkål,Summa mättade fettsyror,Grönsaks- rotfrukts- baljväxträtter o produkter,0.1,g
466,Brunkål,"Kolhydrater, tillgängliga",Grönsaks- rotfrukts- baljväxträtter o produkter,7.0,g
466,Brunkål,Kolesterol,Grönsaks- rotfrukts- baljväxträtter o produkter,0.0,mg
466,Brunkål,"Kalium, K",Grönsaks- rotfrukts- baljväxträtter o produkter,176.0,mg
466,Brunkål,"Jod, I",Grönsaks- rotfrukts- baljväxträtter o produkter,29.3,µg
466,Brunkål,Fullkorn totalt,Grönsaks- rotfrukts- baljväxträtter o produkter,0.0,g
466,Brunkål,"Folat, totalt",Grönsaks- rotfrukts- baljväxträtter o produkter,7.6,µg
466,Brunkål,Fibrer,Grönsaks- rotfrukts- baljväxträtter o produkter,2.4,g
466,Brunkål,"Fett, totalt",Grönsaks- rotfrukts- baljväxträtter o produkter,1.0,g
466,Brunkål,"Järn, Fe",Grönsaks- rotfrukts- baljväxträtter o produkter,0.3,mg
466,Brunkål,Energi (kJ),Grönsaks- rotfrukts- baljväxträtter o produkter,200.0,kJ
466,Brunkål,Energi (kcal),Grönsaks- rotfrukts- baljväxträtter o produkter,48.0,kcal
466,Brunkål,Disackarider,Grönsaks- rotfrukts- baljväxträtter o produkter,1.4,g
466,Brunkål,"Kalcium, Ca",Grönsaks- rotfrukts- baljväxträtter o produkter,41.0,mg
466,Brunkål,Fettsyra 4:0-10:0,Grönsaks- rotfrukts- baljväxträtter o produkter,0.0,g
466,Brunkål,DHA (C22:6),Grönsaks- rotfrukts- baljväxträtter o produkter,0.0,g
466,Brunkål,DPA (C22:5),Grönsaks- rotfrukts- baljväxträtter o produkter,0.0,g
466,Brunkål,EPA (C20:5),Grönsaks- rotfrukts- baljväxträtter o produkter,0.0,g
466,Brunkål,Arakidonsyra C20:4,Grönsaks- rotfrukts- baljväxträtter o produkter,0.0,g
466,Brunkål,Arakidinsyra C20:0,Grönsaks- rotfrukts- baljväxträtter o produkter,0.0,g
466,Brunkål,Linolensyra C18:3,Grönsaks- rotfrukts- baljväxträtter o produkter,0.1,g
466,Brunkål,Linolsyra C18:2,Grönsaks- rotfrukts- baljväxträtter o produkter,0.2,g
466,Brunkål,Oljesyra C18:1,Grönsaks- rotfrukts- baljväxträtter o produkter,0.5,g
466,Brunkål,Stearinsyra C18:0,Grönsaks- rotfrukts- baljväxträtter o produkter,0.0,g
466,Brunkål,Palmitoljesyra C16:1,Grönsaks- rotfrukts- baljväxträtter o produkter,0.0,g
466,Brunkål,Palmitinsyra C16:0,Grönsaks- rotfrukts- baljväxträtter o produkter,0.1,g
466,Brunkål,Myristinsyra C14:0,Grönsaks- rotfrukts- baljväxträtter o produkter,0.0,g
466,Brunkål,Laurinsyra C12:0,Grönsaks- rotfrukts- baljväxträtter o produkter,0.0,g
466,Brunkål,Betakaroten/β-Karoten,Grönsaks- rotfrukts- baljväxträtter o produkter,7.0,µg
466,Brunkål,Avfall (skal etc.),Grönsaks- rotfrukts- baljväxträtter o produkter,10.0,%
466,Brunkål,Aska,Grönsaks- rotfrukts- baljväxträtter o produkter,1.9,g
466,Brunkål,Alkohol,Grönsaks- rotfrukts- baljväxträtter o produkter,0.0,g
467,Vitkålssallad pizzasallad,"Zink, Zn",Grönsaks- rotfrukts- baljväxträtter o produkter,0.1,mg
467,Vitkålssallad pizzasallad,Vitamin E,Grönsaks- rotfrukts- baljväxträtter o produkter,1.9,mg
467,Vitkålssallad pizzasallad,Vitamin D inkl 25-OH-D3,Grönsaks- rotfrukts- baljväxträtter o produkter,0.0,µg
467,Vitkålssallad pizzasallad,Vitamin D,Grönsaks- rotfrukts- baljväxträtter o produkter,0.0,µg
467,Vitkålssallad pizzasallad,Vitamin C,Grönsaks- rotfrukts- baljväxträtter o produkter,38.9,mg
467,Vitkålssallad pizzasallad,Vitamin B6,Grönsaks- rotfrukts- baljväxträtter o produkter,0.13,mg
467,Vitkålssallad pizzasallad,Vitamin B12,Grönsaks- rotfrukts- baljväxträtter o produkter,0.0,µg
467,Vitkålssallad pizzasallad,Vitamin A,Grönsaks- rotfrukts- baljväxträtter o produkter,0.4,RE/µg
467,Vitkålssallad pizzasallad,Vatten,Grönsaks- rotfrukts- baljväxträtter o produkter,84.6,g
467,Vitkålssallad pizzasallad,Tiamin,Grönsaks- rotfrukts- baljväxträtter o produkter,0.04,mg
467,Vitkålssallad pizzasallad,Tillsatt socker,Grönsaks- rotfrukts- baljväxträtter o produkter,0.0,g
467,Vitkålssallad pizzasallad,Fritt socker,Grönsaks- rotfrukts- baljväxträtter o produkter,0.0,g
467,Vitkålssallad pizzasallad,"Selen, Se",Grönsaks- rotfrukts- baljväxträtter o produkter,0.0,µg
467,Vitkålssallad pizzasallad,Sackaros,Grönsaks- rotfrukts- baljväxträtter o produkter,0.3,g
467,Vitkålssallad pizzasallad,Riboflavin,Grönsaks- rotfrukts- baljväxträtter o produkter,0.0,mg
467,Vitkålssallad pizzasallad,Retinol,Grönsaks- rotfrukts- baljväxträtter o produkter,0.0,µg
467,Vitkålssallad pizzasallad,Protein,Grönsaks- rotfrukts- baljväxträtter o produkter,0.9,g
467,Vitkålssallad pizzasallad,Summa fleromättade fettsyror,Grönsaks- rotfrukts- baljväxträtter o produkter,2.0,g
467,Vitkålssallad pizzasallad,"Fosfor, P",Grönsaks- rotfrukts- baljväxträtter o produkter,20.0,mg
467,Vitkålssallad pizzasallad,Niacinekvivalenter,Grönsaks- rotfrukts- baljväxträtter o produkter,0.4,NE/mg
467,Vitkålssallad pizzasallad,Niacin,Grönsaks- rotfrukts- baljväxträtter o produkter,0.26,mg
467,Vitkålssallad pizzasallad,"Salt, NaCl",Grönsaks- rotfrukts- baljväxträtter o produkter,0.5,g
467,Vitkålssallad pizzasallad,"Natrium, Na",Grönsaks- rotfrukts- baljväxträtter o produkter,223.0,mg
467,Vitkålssallad pizzasallad,Monosackarider,Grönsaks- rotfrukts- baljväxträtter o produkter,4.2,g
467,Vitkålssallad pizzasallad,"Sockerarter, totalt",Grönsaks- rotfrukts- baljväxträtter o produkter,4.5,g
467,Vitkålssallad pizzasallad,Summa enkelomättade fettsyror,Grönsaks- rotfrukts- baljväxträtter o produkter,4.4,g
467,Vitkålssallad pizzasallad,"Magnesium, Mg",Grönsaks- rotfrukts- baljväxträtter o produkter,9.0,mg
467,Vitkålssallad pizzasallad,Summa mättade fettsyror,Grönsaks- rotfrukts- baljväxträtter o produkter,0.5,g
467,Vitkålssallad pizzasallad,"Kolhydrater, tillgängliga",Grönsaks- rotfrukts- baljväxträtter o produkter,4.1,g
467,Vitkålssallad pizzasallad,Kolesterol,Grönsaks- rotfrukts- baljväxträtter o produkter,0.0,mg
467,Vitkålssallad pizzasallad,"Kalium, K",Grönsaks- rotfrukts- baljväxträtter o produkter,195.0,mg
467,Vitkålssallad pizzasallad,"Jod, I",Grönsaks- rotfrukts- baljväxträtter o produkter,29.2,µg
467,Vitkålssallad pizzasallad,Fullkorn totalt,Grönsaks- rotfrukts- baljväxträtter o produkter,0.0,g
467,Vitkålssallad pizzasallad,"Folat, totalt",Grönsaks- rotfrukts- baljväxträtter o produkter,16.3,µg
467,Vitkålssallad pizzasallad,Fibrer,Grönsaks- rotfrukts- baljväxträtter o produkter,2.0,g
467,Vitkålssallad pizzasallad,"Fett, totalt",Grönsaks- rotfrukts- baljväxträtter o produkter,7.2,g
467,Vitkålssallad pizzasallad,"Järn, Fe",Grönsaks- rotfrukts- baljväxträtter o produkter,0.2,mg
467,Vitkålssallad pizzasallad,Energi (kJ),Grönsaks- rotfrukts- baljväxträtter o produkter,368.0,kJ
467,Vitkålssallad pizzasallad,Energi (kcal),Grönsaks- rotfrukts- baljväxträtter o produkter,88.0,kcal
467,Vitkålssallad pizzasallad,Disackarider,Grönsaks- rotfrukts- baljväxträtter o produkter,0.3,g
467,Vitkålssallad pizzasallad,"Kalcium, Ca",Grönsaks- rotfrukts- baljväxträtter o produkter,34.0,mg
467,Vitkålssallad pizzasallad,Fettsyra 4:0-10:0,Grönsaks- rotfrukts- baljväxträtter o produkter,0.0,g
467,Vitkålssallad pizzasallad,DHA (C22:6),Grönsaks- rotfrukts- baljväxträtter o produkter,0.0,g
467,Vitkålssallad pizzasallad,DPA (C22:5),Grönsaks- rotfrukts- baljväxträtter o produkter,0.0,g
467,Vitkålssallad pizzasallad,EPA (C20:5),Grönsaks- rotfrukts- baljväxträtter o produkter,0.0,g
467,Vitkålssallad pizzasallad,Arakidonsyra C20:4,Grönsaks- rotfrukts- baljväxträtter o produkter,0.0,g
467,Vitkålssallad pizzasallad,Arakidinsyra C20:0,Grönsaks- rotfrukts- baljväxträtter o produkter,0.0,g
467,Vitkålssallad pizzasallad,Linolensyra C18:3,Grönsaks- rotfrukts- baljväxträtter o produkter,0.6,g
467,Vitkålssallad pizzasallad,Linolsyra C18:2,Grönsaks- rotfrukts- baljväxträtter o produkter,1.4,g
467,Vitkålssallad pizzasallad,Oljesyra C18:1,Grönsaks- rotfrukts- baljväxträtter o produkter,4.2,g
467,Vitkålssallad pizzasallad,Stearinsyra C18:0,Grönsaks- rotfrukts- baljväxträtter o produkter,0.1,g
467,Vitkålssallad pizzasallad,Palmitoljesyra C16:1,Grönsaks- rotfrukts- baljväxträtter o produkter,0.0,g
467,Vitkålssallad pizzasallad,Palmitinsyra C16:0,Grönsaks- rotfrukts- baljväxträtter o produkter,0.3,g
467,Vitkålssallad pizzasallad,Myristinsyra C14:0,Grönsaks- rotfrukts- baljväxträtter o produkter,0.0,g
467,Vitkålssallad pizzasallad,Laurinsyra C12:0,Grönsaks- rotfrukts- baljväxträtter o produkter,0.0,g
467,Vitkålssallad pizzasallad,Betakaroten/β-Karoten,Grönsaks- rotfrukts- baljväxträtter o produkter,5.0,µg
467,Vitkålssallad pizzasallad,Avfall (skal etc.),Grönsaks- rotfrukts- baljväxträtter o produkter,11.0,%
467,Vitkålssallad pizzasallad,Aska,Grönsaks- rotfrukts- baljväxträtter o produkter,1.0,g
467,Vitkålssallad pizzasallad,Alkohol,Grönsaks- rotfrukts- baljväxträtter o produkter,0.0,g
468,Vitkålssallad m. lingonsylt,"Zink, Zn",Grönsaks- rotfrukts- baljväxträtter o produkter,0.1,mg
468,Vitkålssallad m. lingonsylt,Vitamin E,Grönsaks- rotfrukts- baljväxträtter o produkter,0.1,mg
468,Vitkålssallad m. lingonsylt,Vitamin D inkl 25-OH-D3,Grönsaks- rotfrukts- baljväxträtter o produkter,0.0,µg
468,Vitkålssallad m. lingonsylt,Vitamin D,Grönsaks- rotfrukts- baljväxträtter o produkter,0.0,µg
468,Vitkålssallad m. lingonsylt,Vitamin C,Grönsaks- rotfrukts- baljväxträtter o produkter,34.1,mg
468,Vitkålssallad m. lingonsylt,Vitamin B6,Grönsaks- rotfrukts- baljväxträtter o produkter,0.12,mg
468,Vitkålssallad m. lingonsylt,Vitamin B12,Grönsaks- rotfrukts- baljväxträtter o produkter,0.0,µg
468,Vitkålssallad m. lingonsylt,Vitamin A,Grönsaks- rotfrukts- baljväxträtter o produkter,0.4,RE/µg
468,Vitkålssallad m. lingonsylt,Vatten,Grönsaks- rotfrukts- baljväxträtter o produkter,83.5,g
468,Vitkålssallad m. lingonsylt,Tiamin,Grönsaks- rotfrukts- baljväxträtter o produkter,0.03,mg
468,Vitkålssallad m. lingonsylt,Tillsatt socker,Grönsaks- rotfrukts- baljväxträtter o produkter,7.0,g
468,Vitkålssallad m. lingonsylt,Fritt socker,Grönsaks- rotfrukts- baljväxträtter o produkter,7.0,g
468,Vitkålssallad m. lingonsylt,"Selen, Se",Grönsaks- rotfrukts- baljväxträtter o produkter,0.0,µg
468,Vitkålssallad m. lingonsylt,Sackaros,Grönsaks- rotfrukts- baljväxträtter o produkter,2.7,g
468,Vitkålssallad m. lingonsylt,Riboflavin,Grönsaks- rotfrukts- baljväxträtter o produkter,0.0,mg
468,Vitkålssallad m. lingonsylt,Retinol,Grönsaks- rotfrukts- baljväxträtter o produkter,0.0,µg
468,Vitkålssallad m. lingonsylt,Protein,Grönsaks- rotfrukts- baljväxträtter o produkter,0.9,g
468,Vitkålssallad m. lingonsylt,Summa fleromättade fettsyror,Grönsaks- rotfrukts- baljväxträtter o produkter,0.0,g
468,Vitkålssallad m. lingonsylt,"Fosfor, P",Grönsaks- rotfrukts- baljväxträtter o produkter,19.0,mg
468,Vitkålssallad m. lingonsylt,Niacinekvivalenter,Grönsaks- rotfrukts- baljväxträtter o produkter,0.42,NE/mg
468,Vitkålssallad m. lingonsylt,Niacin,Grönsaks- rotfrukts- baljväxträtter o produkter,0.29,mg
468,Vitkålssallad m. lingonsylt,"Salt, NaCl",Grönsaks- rotfrukts- baljväxträtter o produkter,0.0,g
468,Vitkålssallad m. lingonsylt,"Natrium, Na",Grönsaks- rotfrukts- baljväxträtter o produkter,8.0,mg
468,Vitkålssallad m. lingonsylt,Monosackarider,Grönsaks- rotfrukts- baljväxträtter o produkter,9.3,g
468,Vitkålssallad m. lingonsylt,"Sockerarter, totalt",Grönsaks- rotfrukts- baljväxträtter o produkter,12.3,g
468,Vitkålssallad m. lingonsylt,Summa enkelomättade fettsyror,Grönsaks- rotfrukts- baljväxträtter o produkter,0.0,g
468,Vitkålssallad m. lingonsylt,"Magnesium, Mg",Grönsaks- rotfrukts- baljväxträtter o produkter,9.0,mg
468,Vitkålssallad m. lingonsylt,Summa mättade fettsyror,Grönsaks- rotfrukts- baljväxträtter o produkter,0.0,g
468,Vitkålssallad m. lingonsylt,"Kolhydrater, tillgängliga",Grönsaks- rotfrukts- baljväxträtter o produkter,12.8,g
468,Vitkålssallad m. lingonsylt,Kolesterol,Grönsaks- rotfrukts- baljväxträtter o produkter,0.0,mg
468,Vitkålssallad m. lingonsylt,"Kalium, K",Grönsaks- rotfrukts- baljväxträtter o produkter,185.0,mg
468,Vitkålssallad m. lingonsylt,"Jod, I",Grönsaks- rotfrukts- baljväxträtter o produkter,1.5,µg
468,Vitkålssallad m. lingonsylt,Fullkorn totalt,Grönsaks- rotfrukts- baljväxträtter o produkter,0.0,g
468,Vitkålssallad m. lingonsylt,"Folat, totalt",Grönsaks- rotfrukts- baljväxträtter o produkter,14.6,µg
468,Vitkålssallad m. lingonsylt,Fibrer,Grönsaks- rotfrukts- baljväxträtter o produkter,2.2,g
468,Vitkålssallad m. lingonsylt,"Fett, totalt",Grönsaks- rotfrukts- baljväxträtter o produkter,0.1,g
468,Vitkålssallad m. lingonsylt,"Järn, Fe",Grönsaks- rotfrukts- baljväxträtter o produkter,0.2,mg
468,Vitkålssallad m. lingonsylt,Energi (kJ),Grönsaks- rotfrukts- baljväxträtter o produkter,254.0,kJ
468,Vitkålssallad m. lingonsylt,Energi (kcal),Grönsaks- rotfrukts- baljväxträtter o produkter,61.0,kcal
468,Vitkålssallad m. lingonsylt,Disackarider,Grönsaks- rotfrukts- baljväxträtter o produkter,3.0,g
468,Vitkålssallad m. lingonsylt,"Kalcium, Ca",Grönsaks- rotfrukts- baljväxträtter o produkter,33.0,mg
468,Vitkålssallad m. lingonsylt,Fettsyra 4:0-10:0,Grönsaks- rotfrukts- baljväxträtter o produkter,0.0,g
468,Vitkålssallad m. lingonsylt,DHA (C22:6),Grönsaks- rotfrukts- baljväxträtter o produkter,0.0,g
468,Vitkålssallad m. lingonsylt,DPA (C22:5),Grönsaks- rotfrukts- baljväxträtter o produkter,0.0,g
468,Vitkålssallad m. lingonsylt,EPA (C20:5),Grönsaks- rotfrukts- baljväxträtter o produkter,0.0,g
468,Vitkålssallad m. lingonsylt,Arakidonsyra C20:4,Grönsaks- rotfrukts- baljväxträtter o produkter,0.0,g
468,Vitkålssallad m. lingonsylt,Arakidinsyra C20:0,Grönsaks- rotfrukts- baljväxträtter o produkter,0.0,g
468,Vitkålssallad m. lingonsylt,Linolensyra C18:3,Grönsaks- rotfrukts- baljväxträtter o produkter,0.0,g
468,Vitkålssallad m. lingonsylt,Linolsyra C18:2,Grönsaks- rotfrukts- baljväxträtter o produkter,0.0,g
468,Vitkålssallad m. lingonsylt,Oljesyra C18:1,Grönsaks- rotfrukts- baljväxträtter o produkter,0.0,g
468,Vitkålssallad m. lingonsylt,Stearinsyra C18:0,Grönsaks- rotfrukts- baljväxträtter o produkter,0.0,g
468,Vitkålssallad m. lingonsylt,Palmitoljesyra C16:1,Grönsaks- rotfrukts- baljväxträtter o produkter,0.0,g
468,Vitkålssallad m. lingonsylt,Palmitinsyra C16:0,Grönsaks- rotfrukts- baljväxträtter o produkter,0.0,g
468,Vitkålssallad m. lingonsylt,Myristinsyra C14:0,Grönsaks- rotfrukts- baljväxträtter o produkter,0.0,g
468,Vitkålssallad m. lingonsylt,Laurinsyra C12:0,Grönsaks- rotfrukts- baljväxträtter o produkter,0.0,g
468,Vitkålssallad m. lingonsylt,Betakaroten/β-Karoten,Grönsaks- rotfrukts- baljväxträtter o produkter,5.0,µg
468,Vitkålssallad m. lingonsylt,Avfall (skal etc.),Grönsaks- rotfrukts- baljväxträtter o produkter,10.0,%
468,Vitkålssallad m. lingonsylt,Aska,Grönsaks- rotfrukts- baljväxträtter o produkter,0.5,g
468,Vitkålssallad m. lingonsylt,Alkohol,Grönsaks- rotfrukts- baljväxträtter o produkter,0.0,g
469,Aubergine kokt m. salt,"Zink, Zn",Grönsaker,0.2,mg
469,Aubergine kokt m. salt,Vitamin E,Grönsaker,0.1,mg
469,Aubergine kokt m. salt,Vitamin D inkl 25-OH-D3,Grönsaker,0.0,µg
469,Aubergine kokt m. salt,Vitamin D,Grönsaker,0.0,µg
469,Aubergine kokt m. salt,Vitamin C,Grönsaker,2.3,mg
469,Aubergine kokt m. salt,Vitamin B6,Grönsaker,0.03,mg
469,Aubergine kokt m. salt,Vitamin B12,Grönsaker,0.0,µg
469,Aubergine kokt m. salt,Vitamin A,Grönsaker,3.3,RE/µg
469,Aubergine kokt m. salt,Vatten,Grönsaker,91.5,g
469,Aubergine kokt m. salt,Tiamin,Grönsaker,0.02,mg
469,Aubergine kokt m. salt,Tillsatt socker,Grönsaker,0.0,g
469,Aubergine kokt m. salt,Fritt socker,Grönsaker,0.0,g
469,Aubergine kokt m. salt,"Selen, Se",Grönsaker,0.0,µg
469,Aubergine kokt m. salt,Sackaros,Grönsaker,0.3,g
469,Aubergine kokt m. salt,Riboflavin,Grönsaker,0.0,mg
469,Aubergine kokt m. salt,Retinol,Grönsaker,0.0,µg
469,Aubergine kokt m. salt,Protein,Grönsaker,1.4,g
469,Aubergine kokt m. salt,Summa fleromättade fettsyror,Grönsaker,0.1,g
469,Aubergine kokt m. salt,"Fosfor, P",Grönsaker,31.0,mg
469,Aubergine kokt m. salt,Niacinekvivalenter,Grönsaker,1.01,NE/mg
469,Aubergine kokt m. salt,Niacin,Grönsaker,0.74,mg
469,Aubergine kokt m. salt,"Salt, NaCl",Grönsaker,0.5,g
469,Aubergine kokt m. salt,"Natrium, Na",Grönsaker,203.0,mg
469,Aubergine kokt m. salt,Monosackarider,Grönsaker,3.0,g
469,Aubergine kokt m. salt,"Sockerarter, totalt",Grönsaker,3.3,g
469,Aubergine kokt m. salt,Summa enkelomättade fettsyror,Grönsaker,0.0,g
469,Aubergine kokt m. salt,"Magnesium, Mg",Grönsaker,18.0,mg
469,Aubergine kokt m. salt,Summa mättade fettsyror,Grönsaker,0.0,g
469,Aubergine kokt m. salt,"Kolhydrater, tillgängliga",Grönsaker,2.8,g
469,Aubergine kokt m. salt,Kolesterol,Grönsaker,0.0,mg
469,Aubergine kokt m. salt,"Kalium, K",Grönsaker,187.0,mg
469,Aubergine kokt m. salt,"Jod, I",Grönsaker,25.4,µg
469,Aubergine kokt m. salt,Fullkorn totalt,Grönsaker,0.0,g
469,Aubergine kokt m. salt,"Folat, totalt",Grönsaker,16.2,µg
469,Aubergine kokt m. salt,Fibrer,Grönsaker,3.0,g
469,Aubergine kokt m. salt,"Fett, totalt",Grönsaker,0.1,g
469,Aubergine kokt m. salt,"Järn, Fe",Grönsaker,0.3,mg
469,Aubergine kokt m. salt,Energi (kJ),Grönsaker,100.0,kJ
469,Aubergine kokt m. salt,Energi (kcal),Grönsaker,24.0,kcal
469,Aubergine kokt m. salt,Disackarider,Grönsaker,0.3,g
469,Aubergine kokt m. salt,"Kalcium, Ca",Grönsaker,13.0,mg
469,Aubergine kokt m. salt,Fettsyra 4:0-10:0,Grönsaker,0.0,g
469,Aubergine kokt m. salt,DHA (C22:6),Grönsaker,0.0,g
469,Aubergine kokt m. salt,DPA (C22:5),Grönsaker,0.0,g
469,Aubergine kokt m. salt,EPA (C20:5),Grönsaker,0.0,g
469,Aubergine kokt m. salt,Arakidonsyra C20:4,Grönsaker,0.0,g
469,Aubergine kokt m. salt,Arakidinsyra C20:0,Grönsaker,0.0,g
469,Aubergine kokt m. salt,Linolensyra C18:3,Grönsaker,0.0,g
469,Aubergine kokt m. salt,Linolsyra C18:2,Grönsaker,0.0,g
469,Aubergine kokt m. salt,Oljesyra C18:1,Grönsaker,0.0,g
469,Aubergine kokt m. salt,Stearinsyra C18:0,Grönsaker,0.0,g
469,Aubergine kokt m. salt,Palmitoljesyra C16:1,Grönsaker,0.0,g
469,Aubergine kokt m. salt,Palmitinsyra C16:0,Grönsaker,0.0,g
469,Aubergine kokt m. salt,Myristinsyra C14:0,Grönsaker,0.0,g
469,Aubergine kokt m. salt,Laurinsyra C12:0,Grönsaker,0.0,g
469,Aubergine kokt m. salt,Betakaroten/β-Karoten,Grönsaker,40.0,µg
469,Aubergine kokt m. salt,Avfall (skal etc.),Grönsaker,5.0,%
469,Aubergine kokt m. salt,Aska,Grönsaker,1.1,g
469,Aubergine kokt m. salt,Alkohol,Grönsaker,0.0,g
470,Aubergine stekt m. olja el. flytande margarin salt,"Zink, Zn",Grönsaker,0.2,mg
470,Aubergine stekt m. olja el. flytande margarin salt,Vitamin E,Grönsaker,1.7,mg
470,Aubergine stekt m. olja el. flytande margarin salt,Vitamin D,Grönsaker,0.24,µg
470,Aubergine stekt m. olja el. flytande margarin salt,Vitamin C,Grönsaker,2.3,mg
470,Aubergine stekt m. olja el. flytande margarin salt,Vitamin B6,Grönsaker,0.04,mg
470,Aubergine stekt m. olja el. flytande margarin salt,Vitamin B12,Grönsaker,0.0,µg
470,Aubergine stekt m. olja el. flytande margarin salt,Vitamin A,Grönsaker,21.1,RE/µg
470,Aubergine stekt m. olja el. flytande margarin salt,Vatten,Grönsaker,85.1,g
470,Aubergine stekt m. olja el. flytande margarin salt,Tiamin,Grönsaker,0.02,mg
470,Aubergine stekt m. olja el. flytande margarin salt,Tillsatt socker,Grönsaker,0.0,g
470,Aubergine stekt m. olja el. flytande margarin salt,Fritt socker,Grönsaker,0.0,g
470,Aubergine stekt m. olja el. flytande margarin salt,"Selen, Se",Grönsaker,0.0,µg
470,Aubergine stekt m. olja el. flytande margarin salt,Sackaros,Grönsaker,0.2,g
470,Aubergine stekt m. olja el. flytande margarin salt,Riboflavin,Grönsaker,0.0,mg
470,Aubergine stekt m. olja el. flytande margarin salt,Retinol,Grönsaker,8.6,µg
470,Aubergine stekt m. olja el. flytande margarin salt,Protein,Grönsaker,1.3,g
470,Aubergine stekt m. olja el. flytande margarin salt,Summa fleromättade fettsyror,Grönsaker,1.7,g
470,Aubergine stekt m. olja el. flytande margarin salt,"Fosfor, P",Grönsaker,29.0,mg
470,Aubergine stekt m. olja el. flytande margarin salt,Niacinekvivalenter,Grönsaker,0.94,NE/mg
470,Aubergine stekt m. olja el. flytande margarin salt,Niacin,Grönsaker,0.68,mg
470,Aubergine stekt m. olja el. flytande margarin salt,"Salt, NaCl",Grönsaker,1.7,g
470,Aubergine stekt m. olja el. flytande margarin salt,"Natrium, Na",Grönsaker,674.0,mg
470,Aubergine stekt m. olja el. flytande margarin salt,Monosackarider,Grönsaker,2.8,g
470,Aubergine stekt m. olja el. flytande margarin salt,"Sockerarter, totalt",Grönsaker,3.1,g
470,Aubergine stekt m. olja el. flytande margarin salt,Summa enkelomättade fettsyror,Grönsaker,3.3,g
470,Aubergine stekt m. olja el. flytande margarin salt,"Magnesium, Mg",Grönsaker,17.0,mg
470,Aubergine stekt m. olja el. flytande margarin salt,Summa mättade fettsyror,Grönsaker,0.6,g
470,Aubergine stekt m. olja el. flytande margarin salt,"Kolhydrater, tillgängliga",Grönsaker,2.6,g
470,Aubergine stekt m. olja el. flytande margarin salt,Kolesterol,Grönsaker,0.0,mg
470,Aubergine stekt m. olja el. flytande margarin salt,"Kalium, K",Grönsaker,247.0,mg
470,Aubergine stekt m. olja el. flytande margarin salt,"Jod, I",Grönsaker,83.4,µg
470,Aubergine stekt m. olja el. flytande margarin salt,Fullkorn totalt,Grönsaker,0.0,g
470,Aubergine stekt m. olja el. flytande margarin salt,"Folat, totalt",Grönsaker,17.5,µg
470,Aubergine stekt m. olja el. flytande margarin salt,Fibrer,Grönsaker,2.8,g
470,Aubergine stekt m. olja el. flytande margarin salt,"Fett, totalt",Grönsaker,6.0,g
470,Aubergine stekt m. olja el. flytande margarin salt,"Järn, Fe",Grönsaker,0.3,mg
470,Aubergine stekt m. olja el. flytande margarin salt,Energi (kJ),Grönsaker,309.0,kJ
470,Aubergine stekt m. olja el. flytande margarin salt,Energi (kcal),Grönsaker,74.0,kcal
470,Aubergine stekt m. olja el. flytande margarin salt,Disackarider,Grönsaker,0.2,g
470,Aubergine stekt m. olja el. flytande margarin salt,"Kalcium, Ca",Grönsaker,14.0,mg
470,Aubergine stekt m. olja el. flytande margarin salt,Fettsyra 4:0-10:0,Grönsaker,0.0,g
470,Aubergine stekt m. olja el. flytande margarin salt,DHA (C22:6),Grönsaker,0.0,g
470,Aubergine stekt m. olja el. flytande margarin salt,DPA (C22:5),Grönsaker,0.0,g
470,Aubergine stekt m. olja el. flytande margarin salt,EPA (C20:5),Grönsaker,0.0,g
470,Aubergine stekt m. olja el. flytande margarin salt,Arakidonsyra C20:4,Grönsaker,0.0,g
470,Aubergine stekt m. olja el. flytande margarin salt,Arakidinsyra C20:0,Grönsaker,0.0,g
470,Aubergine stekt m. olja el. flytande margarin salt,Linolensyra C18:3,Grönsaker,0.4,g
470,Aubergine stekt m. olja el. flytande margarin salt,Linolsyra C18:2,Grönsaker,1.3,g
470,Aubergine stekt m. olja el. flytande margarin salt,Oljesyra C18:1,Grönsaker,3.2,g
470,Aubergine stekt m. olja el. flytande margarin salt,Stearinsyra C18:0,Grönsaker,0.1,g
470,Aubergine stekt m. olja el. flytande margarin salt,Palmitoljesyra C16:1,Grönsaker,0.0,g
470,Aubergine stekt m. olja el. flytande margarin salt,Palmitinsyra C16:0,Grönsaker,0.4,g
470,Aubergine stekt m. olja el. flytande margarin salt,Myristinsyra C14:0,Grönsaker,0.0,g
470,Aubergine stekt m. olja el. flytande margarin salt,Laurinsyra C12:0,Grönsaker,0.0,g
470,Aubergine stekt m. olja el. flytande margarin salt,Betakaroten/β-Karoten,Grönsaker,44.0,µg
470,Aubergine stekt m. olja el. flytande margarin salt,Avfall (skal etc.),Grönsaker,5.0,%
470,Aubergine stekt m. olja el. flytande margarin salt,Aska,Grönsaker,2.3,g
470,Aubergine stekt m. olja el. flytande margarin salt,Alkohol,Grönsaker,0.0,g
471,Ärtor morot kokta m. salt,"Zink, Zn",Grönsaksblandningar med rotfrukter och eller baljväxter,0.4,mg
471,Ärtor morot kokta m. salt,Vitamin E,Grönsaksblandningar med rotfrukter och eller baljväxter,0.3,mg
471,Ärtor morot kokta m. salt,Vitamin D inkl 25-OH-D3,Grönsaksblandningar med rotfrukter och eller baljväxter,0.0,µg
471,Ärtor morot kokta m. salt,Vitamin D,Grönsaksblandningar med rotfrukter och eller baljväxter,0.0,µg
471,Ärtor morot kokta m. salt,Vitamin C,Grönsaksblandningar med rotfrukter och eller baljväxter,7.6,mg
471,Ärtor morot kokta m. salt,Vitamin B6,Grönsaksblandningar med rotfrukter och eller baljväxter,0.09,mg
471,Ärtor morot kokta m. salt,Vitamin B12,Grönsaksblandningar med rotfrukter och eller baljväxter,0.0,µg
471,Ärtor morot kokta m. salt,Vitamin A,Grönsaksblandningar med rotfrukter och eller baljväxter,444.5,RE/µg
471,Ärtor morot kokta m. salt,Vatten,Grönsaksblandningar med rotfrukter och eller baljväxter,84.6,g
471,Ärtor morot kokta m. salt,Tiamin,Grönsaksblandningar med rotfrukter och eller baljväxter,0.08,mg
471,Ärtor morot kokta m. salt,Tillsatt socker,Grönsaksblandningar med rotfrukter och eller baljväxter,0.0,g
471,Ärtor morot kokta m. salt,Fritt socker,Grönsaksblandningar med rotfrukter och eller baljväxter,0.0,g
471,Ärtor morot kokta m. salt,"Selen, Se",Grönsaksblandningar med rotfrukter och eller baljväxter,0.0,µg
471,Ärtor morot kokta m. salt,Sackaros,Grönsaksblandningar med rotfrukter och eller baljväxter,4.0,g
471,Ärtor morot kokta m. salt,Riboflavin,Grönsaksblandningar med rotfrukter och eller baljväxter,0.04,mg
471,Ärtor morot kokta m. salt,Retinol,Grönsaksblandningar med rotfrukter och eller baljväxter,0.0,µg
471,Ärtor morot kokta m. salt,Protein,Grönsaksblandningar med rotfrukter och eller baljväxter,2.9,g
471,Ärtor morot kokta m. salt,Summa fleromättade fettsyror,Grönsaksblandningar med rotfrukter och eller baljväxter,0.2,g
471,Ärtor morot kokta m. salt,"Fosfor, P",Grönsaksblandningar med rotfrukter och eller baljväxter,56.0,mg
471,Ärtor morot kokta m. salt,Niacinekvivalenter,Grönsaksblandningar med rotfrukter och eller baljväxter,1.69,NE/mg
471,Ärtor morot kokta m. salt,Niacin,Grönsaksblandningar med rotfrukter och eller baljväxter,1.2,mg
471,Ärtor morot kokta m. salt,"Salt, NaCl",Grönsaksblandningar med rotfrukter och eller baljväxter,0.5,g
471,Ärtor morot kokta m. salt,"Natrium, Na",Grönsaksblandningar med rotfrukter och eller baljväxter,201.0,mg
471,Ärtor morot kokta m. salt,Monosackarider,Grönsaksblandningar med rotfrukter och eller baljväxter,1.6,g
471,Ärtor morot kokta m. salt,"Sockerarter, totalt",Grönsaksblandningar med rotfrukter och eller baljväxter,5.6,g
471,Ärtor morot kokta m. salt,Summa enkelomättade fettsyror,Grönsaksblandningar med rotfrukter och eller baljväxter,0.0,g
471,Ärtor morot kokta m. salt,"Magnesium, Mg",Grönsaksblandningar med rotfrukter och eller baljväxter,15.0,mg
471,Ärtor morot kokta m. salt,Summa mättade fettsyror,Grönsaksblandningar med rotfrukter och eller baljväxter,0.0,g
471,Ärtor morot kokta m. salt,"Kolhydrater, tillgängliga",Grönsaksblandningar med rotfrukter och eller baljväxter,7.7,g
471,Ärtor morot kokta m. salt,Kolesterol,Grönsaksblandningar med rotfrukter och eller baljväxter,0.0,mg
471,Ärtor morot kokta m. salt,"Kalium, K",Grönsaksblandningar med rotfrukter och eller baljväxter,126.0,mg
471,Ärtor morot kokta m. salt,"Jod, I",Grönsaksblandningar med rotfrukter och eller baljväxter,21.0,µg
471,Ärtor morot kokta m. salt,Fullkorn totalt,Grönsaksblandningar med rotfrukter och eller baljväxter,0.0,g
471,Ärtor morot kokta m. salt,"Folat, totalt",Grönsaksblandningar med rotfrukter och eller baljväxter,31.5,µg
471,Ärtor morot kokta m. salt,Fibrer,Grönsaksblandningar med rotfrukter och eller baljväxter,3.4,g
471,Ärtor morot kokta m. salt,"Fett, totalt",Grönsaksblandningar med rotfrukter och eller baljväxter,0.3,g
471,Ärtor morot kokta m. salt,"Järn, Fe",Grönsaksblandningar med rotfrukter och eller baljväxter,0.7,mg
471,Ärtor morot kokta m. salt,Energi (kJ),Grönsaksblandningar med rotfrukter och eller baljväxter,220.0,kJ
471,Ärtor morot kokta m. salt,Energi (kcal),Grönsaksblandningar med rotfrukter och eller baljväxter,52.0,kcal
471,Ärtor morot kokta m. salt,Disackarider,Grönsaksblandningar med rotfrukter och eller baljväxter,4.0,g
471,Ärtor morot kokta m. salt,"Kalcium, Ca",Grönsaksblandningar med rotfrukter och eller baljväxter,24.0,mg
471,Ärtor morot kokta m. salt,Fettsyra 4:0-10:0,Grönsaksblandningar med rotfrukter och eller baljväxter,0.0,g
471,Ärtor morot kokta m. salt,DHA (C22:6),Grönsaksblandningar med rotfrukter och eller baljväxter,0.0,g
471,Ärtor morot kokta m. salt,DPA (C22:5),Grönsaksblandningar med rotfrukter och eller baljväxter,0.0,g
471,Ärtor morot kokta m. salt,EPA (C20:5),Grönsaksblandningar med rotfrukter och eller baljväxter,0.0,g
471,Ärtor morot kokta m. salt,Arakidonsyra C20:4,Grönsaksblandningar med rotfrukter och eller baljväxter,0.0,g
471,Ärtor morot kokta m. salt,Arakidinsyra C20:0,Grönsaksblandningar med rotfrukter och eller baljväxter,0.0,g
471,Ärtor morot kokta m. salt,Linolensyra C18:3,Grönsaksblandningar med rotfrukter och eller baljväxter,0.0,g
471,Ärtor morot kokta m. salt,Linolsyra C18:2,Grönsaksblandningar med rotfrukter och eller baljväxter,0.1,g
471,Ärtor morot kokta m. salt,Oljesyra C18:1,Grönsaksblandningar med rotfrukter och eller baljväxter,0.0,g
471,Ärtor morot kokta m. salt,Stearinsyra C18:0,Grönsaksblandningar med rotfrukter och eller baljväxter,0.0,g
471,Ärtor morot kokta m. salt,Palmitoljesyra C16:1,Grönsaksblandningar med rotfrukter och eller baljväxter,0.0,g
471,Ärtor morot kokta m. salt,Palmitinsyra C16:0,Grönsaksblandningar med rotfrukter och eller baljväxter,0.1,g
471,Ärtor morot kokta m. salt,Myristinsyra C14:0,Grönsaksblandningar med rotfrukter och eller baljväxter,0.0,g
471,Ärtor morot kokta m. salt,Laurinsyra C12:0,Grönsaksblandningar med rotfrukter och eller baljväxter,0.0,g
471,Ärtor morot kokta m. salt,Betakaroten/β-Karoten,Grönsaksblandningar med rotfrukter och eller baljväxter,4512.0,µg
471,Ärtor morot kokta m. salt,Avfall (skal etc.),Grönsaksblandningar med rotfrukter och eller baljväxter,2.0,%
471,Ärtor morot kokta m. salt,Aska,Grönsaksblandningar med rotfrukter och eller baljväxter,1.0,g
471,Ärtor morot kokta m. salt,Alkohol,Grönsaksblandningar med rotfrukter och eller baljväxter,0.0,g
472,Ärtor morot stuvade,"Zink, Zn",Grönsaks- rotfrukts- baljväxträtter o produkter,0.4,mg
472,Ärtor morot stuvade,Vitamin E,Grönsaks- rotfrukts- baljväxträtter o produkter,0.6,mg
472,Ärtor morot stuvade,Vitamin D,Grönsaks- rotfrukts- baljväxträtter o produkter,0.27,µg
472,Ärtor morot stuvade,Vitamin C,Grönsaks- rotfrukts- baljväxträtter o produkter,7.3,mg
472,Ärtor morot stuvade,Vitamin B6,Grönsaks- rotfrukts- baljväxträtter o produkter,0.07,mg
472,Ärtor morot stuvade,Vitamin B12,Grönsaks- rotfrukts- baljväxträtter o produkter,0.09,µg
472,Ärtor morot stuvade,Vitamin A,Grönsaks- rotfrukts- baljväxträtter o produkter,288.7,RE/µg
472,Ärtor morot stuvade,Vatten,Grönsaks- rotfrukts- baljväxträtter o produkter,83.2,g
472,Ärtor morot stuvade,Tiamin,Grönsaks- rotfrukts- baljväxträtter o produkter,0.07,mg
472,Ärtor morot stuvade,Tillsatt socker,Grönsaks- rotfrukts- baljväxträtter o produkter,0.0,g
472,Ärtor morot stuvade,Fritt socker,Grönsaks- rotfrukts- baljväxträtter o produkter,0.0,g
472,Ärtor morot stuvade,"Selen, Se",Grönsaks- rotfrukts- baljväxträtter o produkter,0.7,µg
472,Ärtor morot stuvade,Sackaros,Grönsaks- rotfrukts- baljväxträtter o produkter,2.5,g
472,Ärtor morot stuvade,Riboflavin,Grönsaks- rotfrukts- baljväxträtter o produkter,0.06,mg
472,Ärtor morot stuvade,Retinol,Grönsaks- rotfrukts- baljväxträtter o produkter,7.1,µg
472,Ärtor morot stuvade,Protein,Grönsaks- rotfrukts- baljväxträtter o produkter,2.9,g
472,Ärtor morot stuvade,Summa fleromättade fettsyror,Grönsaks- rotfrukts- baljväxträtter o produkter,0.5,g
472,Ärtor morot stuvade,"Fosfor, P",Grönsaks- rotfrukts- baljväxträtter o produkter,67.0,mg
472,Ärtor morot stuvade,Niacinekvivalenter,Grönsaks- rotfrukts- baljväxträtter o produkter,1.46,NE/mg
472,Ärtor morot stuvade,Niacin,Grönsaks- rotfrukts- baljväxträtter o produkter,0.93,mg
472,Ärtor morot stuvade,"Salt, NaCl",Grönsaks- rotfrukts- baljväxträtter o produkter,1.0,g
472,Ärtor morot stuvade,"Natrium, Na",Grönsaks- rotfrukts- baljväxträtter o produkter,410.0,mg
472,Ärtor morot stuvade,Monosackarider,Grönsaks- rotfrukts- baljväxträtter o produkter,1.0,g
472,Ärtor morot stuvade,"Sockerarter, totalt",Grönsaks- rotfrukts- baljväxträtter o produkter,4.5,g
472,Ärtor morot stuvade,Summa enkelomättade fettsyror,Grönsaks- rotfrukts- baljväxträtter o produkter,0.9,g
472,Ärtor morot stuvade,"Magnesium, Mg",Grönsaks- rotfrukts- baljväxträtter o produkter,13.0,mg
472,Ärtor morot stuvade,Summa mättade fettsyror,Grönsaks- rotfrukts- baljväxträtter o produkter,0.6,g
472,Ärtor morot stuvade,"Kolhydrater, tillgängliga",Grönsaks- rotfrukts- baljväxträtter o produkter,7.8,g
472,Ärtor morot stuvade,Kolesterol,Grönsaks- rotfrukts- baljväxträtter o produkter,2.3,mg
472,Ärtor morot stuvade,"Kalium, K",Grönsaks- rotfrukts- baljväxträtter o produkter,117.0,mg
472,Ärtor morot stuvade,"Jod, I",Grönsaks- rotfrukts- baljväxträtter o produkter,46.4,µg
472,Ärtor morot stuvade,Fullkorn totalt,Grönsaks- rotfrukts- baljväxträtter o produkter,0.0,g
472,Ärtor morot stuvade,"Folat, totalt",Grönsaks- rotfrukts- baljväxträtter o produkter,22.8,µg
472,Ärtor morot stuvade,Fibrer,Grönsaks- rotfrukts- baljväxträtter o produkter,2.2,g
472,Ärtor morot stuvade,"Fett, totalt",Grönsaks- rotfrukts- baljväxträtter o produkter,2.2,g
472,Ärtor morot stuvade,"Järn, Fe",Grönsaks- rotfrukts- baljväxträtter o produkter,0.5,mg
472,Ärtor morot stuvade,Energi (kJ),Grönsaks- rotfrukts- baljväxträtter o produkter,282.0,kJ
472,Ärtor morot stuvade,Energi (kcal),Grönsaks- rotfrukts- baljväxträtter o produkter,67.0,kcal
472,Ärtor morot stuvade,Disackarider,Grönsaks- rotfrukts- baljväxträtter o produkter,3.5,g
472,Ärtor morot stuvade,"Kalcium, Ca",Grönsaks- rotfrukts- baljväxträtter o produkter,44.0,mg
472,Ärtor morot stuvade,Fettsyra 4:0-10:0,Grönsaks- rotfrukts- baljväxträtter o produkter,0.1,g
472,Ärtor morot stuvade,DHA (C22:6),Grönsaks- rotfrukts- baljväxträtter o produkter,0.0,g
472,Ärtor morot stuvade,DPA (C22:5),Grönsaks- rotfrukts- baljväxträtter o produkter,0.0,g
472,Ärtor morot stuvade,EPA (C20:5),Grönsaks- rotfrukts- baljväxträtter o produkter,0.0,g
472,Ärtor morot stuvade,Arakidonsyra C20:4,Grönsaks- rotfrukts- baljväxträtter o produkter,0.0,g
472,Ärtor morot stuvade,Arakidinsyra C20:0,Grönsaks- rotfrukts- baljväxträtter o produkter,0.0,g
472,Ärtor morot stuvade,Linolensyra C18:3,Grönsaks- rotfrukts- baljväxträtter o produkter,0.1,g
472,Ärtor morot stuvade,Linolsyra C18:2,Grönsaks- rotfrukts- baljväxträtter o produkter,0.4,g
472,Ärtor morot stuvade,Oljesyra C18:1,Grönsaks- rotfrukts- baljväxträtter o produkter,0.9,g
472,Ärtor morot stuvade,Stearinsyra C18:0,Grönsaks- rotfrukts- baljväxträtter o produkter,0.1,g
472,Ärtor morot stuvade,Palmitoljesyra C16:1,Grönsaks- rotfrukts- baljväxträtter o produkter,0.0,g
472,Ärtor morot stuvade,Palmitinsyra C16:0,Grönsaks- rotfrukts- baljväxträtter o produkter,0.3,g
472,Ärtor morot stuvade,Myristinsyra C14:0,Grönsaks- rotfrukts- baljväxträtter o produkter,0.1,g
472,Ärtor morot stuvade,Laurinsyra C12:0,Grönsaks- rotfrukts- baljväxträtter o produkter,0.0,g
472,Ärtor morot stuvade,Betakaroten/β-Karoten,Grönsaks- rotfrukts- baljväxträtter o produkter,2842.0,µg
472,Ärtor morot stuvade,Avfall (skal etc.),Grönsaks- rotfrukts- baljväxträtter o produkter,1.0,%
472,Ärtor morot stuvade,Aska,Grönsaks- rotfrukts- baljväxträtter o produkter,1.6,g
472,Ärtor morot stuvade,Alkohol,Grönsaks- rotfrukts- baljväxträtter o produkter,0.0,g
473,Ärtpurésoppa gröna ärtor tillagad veg. ,"Zink, Zn",Soppa mat,0.2,mg
473,Ärtpurésoppa gröna ärtor tillagad veg. ,Vitamin E,Soppa mat,0.1,mg
473,Ärtpurésoppa gröna ärtor tillagad veg. ,Vitamin D inkl 25-OH-D3,Soppa mat,0.02,µg
473,Ärtpurésoppa gröna ärtor tillagad veg. ,Vitamin D,Soppa mat,0.01,µg
473,Ärtpurésoppa gröna ärtor tillagad veg. ,Vitamin C,Soppa mat,3.3,mg
473,Ärtpurésoppa gröna ärtor tillagad veg. ,Vitamin B6,Soppa mat,0.03,mg
473,Ärtpurésoppa gröna ärtor tillagad veg. ,Vitamin B12,Soppa mat,0.02,µg
473,Ärtpurésoppa gröna ärtor tillagad veg. ,Vitamin A,Soppa mat,60.3,RE/µg
473,Ärtpurésoppa gröna ärtor tillagad veg. ,Vatten,Soppa mat,88.6,g
473,Ärtpurésoppa gröna ärtor tillagad veg. ,Tiamin,Soppa mat,0.03,mg
473,Ärtpurésoppa gröna ärtor tillagad veg. ,Tillsatt socker,Soppa mat,0.0,g
473,Ärtpurésoppa gröna ärtor tillagad veg. ,Fritt socker,Soppa mat,0.0,g
473,Ärtpurésoppa gröna ärtor tillagad veg. ,"Selen, Se",Soppa mat,0.1,µg
473,Ärtpurésoppa gröna ärtor tillagad veg. ,Sackaros,Soppa mat,1.3,g
473,Ärtpurésoppa gröna ärtor tillagad veg. ,Riboflavin,Soppa mat,0.02,mg
473,Ärtpurésoppa gröna ärtor tillagad veg. ,Retinol,Soppa mat,22.6,µg
473,Ärtpurésoppa gröna ärtor tillagad veg. ,Protein,Soppa mat,1.4,g
473,Ärtpurésoppa gröna ärtor tillagad veg. ,Summa fleromättade fettsyror,Soppa mat,0.1,g
473,Ärtpurésoppa gröna ärtor tillagad veg. ,"Fosfor, P",Soppa mat,29.0,mg
473,Ärtpurésoppa gröna ärtor tillagad veg. ,Niacinekvivalenter,Soppa mat,0.66,NE/mg
473,Ärtpurésoppa gröna ärtor tillagad veg. ,Niacin,Soppa mat,0.42,mg
473,Ärtpurésoppa gröna ärtor tillagad veg. ,"Salt, NaCl",Soppa mat,1.0,g
473,Ärtpurésoppa gröna ärtor tillagad veg. ,"Natrium, Na",Soppa mat,406.0,mg
473,Ärtpurésoppa gröna ärtor tillagad veg. ,Monosackarider,Soppa mat,0.5,g
473,Ärtpurésoppa gröna ärtor tillagad veg. ,"Sockerarter, totalt",Soppa mat,2.0,g
473,Ärtpurésoppa gröna ärtor tillagad veg. ,Summa enkelomättade fettsyror,Soppa mat,0.7,g
473,Ärtpurésoppa gröna ärtor tillagad veg. ,"Magnesium, Mg",Soppa mat,8.0,mg
473,Ärtpurésoppa gröna ärtor tillagad veg. ,Summa mättade fettsyror,Soppa mat,1.9,g
473,Ärtpurésoppa gröna ärtor tillagad veg. ,"Kolhydrater, tillgängliga",Soppa mat,3.1,g
473,Ärtpurésoppa gröna ärtor tillagad veg. ,Kolesterol,Soppa mat,8.3,mg
473,Ärtpurésoppa gröna ärtor tillagad veg. ,"Kalium, K",Soppa mat,55.0,mg
473,Ärtpurésoppa gröna ärtor tillagad veg. ,"Jod, I",Soppa mat,41.0,µg
473,Ärtpurésoppa gröna ärtor tillagad veg. ,Fullkorn totalt,Soppa mat,0.0,g
473,Ärtpurésoppa gröna ärtor tillagad veg. ,"Folat, totalt",Soppa mat,13.5,µg
473,Ärtpurésoppa gröna ärtor tillagad veg. ,Fibrer,Soppa mat,1.2,g
473,Ärtpurésoppa gröna ärtor tillagad veg. ,"Fett, totalt",Soppa mat,2.9,g
473,Ärtpurésoppa gröna ärtor tillagad veg. ,"Järn, Fe",Soppa mat,0.4,mg
473,Ärtpurésoppa gröna ärtor tillagad veg. ,Energi (kJ),Soppa mat,210.0,kJ
473,Ärtpurésoppa gröna ärtor tillagad veg. ,Energi (kcal),Soppa mat,50.0,kcal
473,Ärtpurésoppa gröna ärtor tillagad veg. ,Disackarider,Soppa mat,1.4,g
473,Ärtpurésoppa gröna ärtor tillagad veg. ,"Kalcium, Ca",Soppa mat,14.0,mg
473,Ärtpurésoppa gröna ärtor tillagad veg. ,Fettsyra 4:0-10:0,Soppa mat,0.2,g
473,Ärtpurésoppa gröna ärtor tillagad veg. ,DHA (C22:6),Soppa mat,0.0,g
473,Ärtpurésoppa gröna ärtor tillagad veg. ,DPA (C22:5),Soppa mat,0.0,g
473,Ärtpurésoppa gröna ärtor tillagad veg. ,EPA (C20:5),Soppa mat,0.0,g
473,Ärtpurésoppa gröna ärtor tillagad veg. ,Arakidonsyra C20:4,Soppa mat,0.0,g
473,Ärtpurésoppa gröna ärtor tillagad veg. ,Arakidinsyra C20:0,Soppa mat,0.0,g
473,Ärtpurésoppa gröna ärtor tillagad veg. ,Linolensyra C18:3,Soppa mat,0.0,g
473,Ärtpurésoppa gröna ärtor tillagad veg. ,Linolsyra C18:2,Soppa mat,0.1,g
473,Ärtpurésoppa gröna ärtor tillagad veg. ,Oljesyra C18:1,Soppa mat,0.6,g
473,Ärtpurésoppa gröna ärtor tillagad veg. ,Stearinsyra C18:0,Soppa mat,0.3,g
473,Ärtpurésoppa gröna ärtor tillagad veg. ,Palmitoljesyra C16:1,Soppa mat,0.1,g
473,Ärtpurésoppa gröna ärtor tillagad veg. ,Palmitinsyra C16:0,Soppa mat,0.9,g
473,Ärtpurésoppa gröna ärtor tillagad veg. ,Myristinsyra C14:0,Soppa mat,0.3,g
473,Ärtpurésoppa gröna ärtor tillagad veg. ,Laurinsyra C12:0,Soppa mat,0.1,g
473,Ärtpurésoppa gröna ärtor tillagad veg. ,Betakaroten/β-Karoten,Soppa mat,397.0,µg
473,Ärtpurésoppa gröna ärtor tillagad veg. ,Avfall (skal etc.),Soppa mat,0.0,%
473,Ärtpurésoppa gröna ärtor tillagad veg. ,Aska,Soppa mat,1.2,g
473,Ärtpurésoppa gröna ärtor tillagad veg. ,Alkohol,Soppa mat,0.54,g
478,Gryta kikärtsgryta grönsaksgryta veg. ,"Zink, Zn",Grönsaks- rotfrukts- baljväxträtter o produkter,0.3,mg
478,Gryta kikärtsgryta grönsaksgryta veg. ,Vitamin E,Grönsaks- rotfrukts- baljväxträtter o produkter,0.9,mg
478,Gryta kikärtsgryta grönsaksgryta veg. ,Vitamin D inkl 25-OH-D3,Grönsaks- rotfrukts- baljväxträtter o produkter,0.0,µg
478,Gryta kikärtsgryta grönsaksgryta veg. ,Vitamin D,Grönsaks- rotfrukts- baljväxträtter o produkter,0.0,µg
478,Gryta kikärtsgryta grönsaksgryta veg. ,Vitamin C,Grönsaks- rotfrukts- baljväxträtter o produkter,6.8,mg
478,Gryta kikärtsgryta grönsaksgryta veg. ,Vitamin B6,Grönsaks- rotfrukts- baljväxträtter o produkter,0.1,mg
478,Gryta kikärtsgryta grönsaksgryta veg. ,Vitamin B12,Grönsaks- rotfrukts- baljväxträtter o produkter,0.0,µg
478,Gryta kikärtsgryta grönsaksgryta veg. ,Vitamin A,Grönsaks- rotfrukts- baljväxträtter o produkter,130.8,RE/µg
478,Gryta kikärtsgryta grönsaksgryta veg. ,Vatten,Grönsaks- rotfrukts- baljväxträtter o produkter,84.2,g
478,Gryta kikärtsgryta grönsaksgryta veg. ,Tiamin,Grönsaks- rotfrukts- baljväxträtter o produkter,0.05,mg
478,Gryta kikärtsgryta grönsaksgryta veg. ,Tillsatt socker,Grönsaks- rotfrukts- baljväxträtter o produkter,0.0,g
478,Gryta kikärtsgryta grönsaksgryta veg. ,Fritt socker,Grönsaks- rotfrukts- baljväxträtter o produkter,0.0,g
478,Gryta kikärtsgryta grönsaksgryta veg. ,"Selen, Se",Grönsaks- rotfrukts- baljväxträtter o produkter,0.8,µg
478,Gryta kikärtsgryta grönsaksgryta veg. ,Sackaros,Grönsaks- rotfrukts- baljväxträtter o produkter,1.0,g
478,Gryta kikärtsgryta grönsaksgryta veg. ,Riboflavin,Grönsaks- rotfrukts- baljväxträtter o produkter,0.02,mg
478,Gryta kikärtsgryta grönsaksgryta veg. ,Retinol,Grönsaks- rotfrukts- baljväxträtter o produkter,0.0,µg
478,Gryta kikärtsgryta grönsaksgryta veg. ,Protein,Grönsaks- rotfrukts- baljväxträtter o produkter,2.4,g
478,Gryta kikärtsgryta grönsaksgryta veg. ,Summa fleromättade fettsyror,Grönsaks- rotfrukts- baljväxträtter o produkter,0.6,g
478,Gryta kikärtsgryta grönsaksgryta veg. ,"Fosfor, P",Grönsaks- rotfrukts- baljväxträtter o produkter,44.0,mg
478,Gryta kikärtsgryta grönsaksgryta veg. ,Niacinekvivalenter,Grönsaks- rotfrukts- baljväxträtter o produkter,0.88,NE/mg
478,Gryta kikärtsgryta grönsaksgryta veg. ,Niacin,Grönsaks- rotfrukts- baljväxträtter o produkter,0.5,mg
478,Gryta kikärtsgryta grönsaksgryta veg. ,"Salt, NaCl",Grönsaks- rotfrukts- baljväxträtter o produkter,0.6,g
478,Gryta kikärtsgryta grönsaksgryta veg. ,"Natrium, Na",Grönsaks- rotfrukts- baljväxträtter o produkter,229.0,mg
478,Gryta kikärtsgryta grönsaksgryta veg. ,Monosackarider,Grönsaks- rotfrukts- baljväxträtter o produkter,2.7,g
478,Gryta kikärtsgryta grönsaksgryta veg. ,"Sockerarter, totalt",Grönsaks- rotfrukts- baljväxträtter o produkter,3.8,g
478,Gryta kikärtsgryta grönsaksgryta veg. ,Summa enkelomättade fettsyror,Grönsaks- rotfrukts- baljväxträtter o produkter,0.9,g
478,Gryta kikärtsgryta grönsaksgryta veg. ,"Magnesium, Mg",Grönsaks- rotfrukts- baljväxträtter o produkter,15.0,mg
478,Gryta kikärtsgryta grönsaksgryta veg. ,Summa mättade fettsyror,Grönsaks- rotfrukts- baljväxträtter o produkter,0.2,g
478,Gryta kikärtsgryta grönsaksgryta veg. ,"Kolhydrater, tillgängliga",Grönsaks- rotfrukts- baljväxträtter o produkter,6.6,g
478,Gryta kikärtsgryta grönsaksgryta veg. ,Kolesterol,Grönsaks- rotfrukts- baljväxträtter o produkter,0.0,mg
478,Gryta kikärtsgryta grönsaksgryta veg. ,"Kalium, K",Grönsaks- rotfrukts- baljväxträtter o produkter,134.0,mg
478,Gryta kikärtsgryta grönsaksgryta veg. ,"Jod, I",Grönsaks- rotfrukts- baljväxträtter o produkter,18.9,µg
478,Gryta kikärtsgryta grönsaksgryta veg. ,Fullkorn totalt,Grönsaks- rotfrukts- baljväxträtter o produkter,0.0,g
478,Gryta kikärtsgryta grönsaksgryta veg. ,"Folat, totalt",Grönsaks- rotfrukts- baljväxträtter o produkter,26.1,µg
478,Gryta kikärtsgryta grönsaksgryta veg. ,Fibrer,Grönsaks- rotfrukts- baljväxträtter o produkter,3.8,g
478,Gryta kikärtsgryta grönsaksgryta veg. ,"Fett, totalt",Grönsaks- rotfrukts- baljväxträtter o produkter,1.9,g
478,Gryta kikärtsgryta grönsaksgryta veg. ,"Järn, Fe",Grönsaks- rotfrukts- baljväxträtter o produkter,0.5,mg
478,Gryta kikärtsgryta grönsaksgryta veg. ,Energi (kJ),Grönsaks- rotfrukts- baljväxträtter o produkter,253.0,kJ
478,Gryta kikärtsgryta grönsaksgryta veg. ,Energi (kcal),Grönsaks- rotfrukts- baljväxträtter o produkter,61.0,kcal
478,Gryta kikärtsgryta grönsaksgryta veg. ,Disackarider,Grönsaks- rotfrukts- baljväxträtter o produkter,1.1,g
478,Gryta kikärtsgryta grönsaksgryta veg. ,"Kalcium, Ca",Grönsaks- rotfrukts- baljväxträtter o produkter,33.0,mg
478,Gryta kikärtsgryta grönsaksgryta veg. ,Fettsyra 4:0-10:0,Grönsaks- rotfrukts- baljväxträtter o produkter,0.0,g
478,Gryta kikärtsgryta grönsaksgryta veg. ,DHA (C22:6),Grönsaks- rotfrukts- baljväxträtter o produkter,0.0,g
478,Gryta kikärtsgryta grönsaksgryta veg. ,DPA (C22:5),Grönsaks- rotfrukts- baljväxträtter o produkter,0.0,g
478,Gryta kikärtsgryta grönsaksgryta veg. ,EPA (C20:5),Grönsaks- rotfrukts- baljväxträtter o produkter,0.0,g
478,Gryta kikärtsgryta grönsaksgryta veg. ,Arakidonsyra C20:4,Grönsaks- rotfrukts- baljväxträtter o produkter,0.0,g
478,Gryta kikärtsgryta grönsaksgryta veg. ,Arakidinsyra C20:0,Grönsaks- rotfrukts- baljväxträtter o produkter,0.0,g
478,Gryta kikärtsgryta grönsaksgryta veg. ,Linolensyra C18:3,Grönsaks- rotfrukts- baljväxträtter o produkter,0.1,g
478,Gryta kikärtsgryta grönsaksgryta veg. ,Linolsyra C18:2,Grönsaks- rotfrukts- baljväxträtter o produkter,0.5,g
478,Gryta kikärtsgryta grönsaksgryta veg. ,Oljesyra C18:1,Grönsaks- rotfrukts- baljväxträtter o produkter,0.9,g
478,Gryta kikärtsgryta grönsaksgryta veg. ,Stearinsyra C18:0,Grönsaks- rotfrukts- baljväxträtter o produkter,0.0,g
478,Gryta kikärtsgryta grönsaksgryta veg. ,Palmitoljesyra C16:1,Grönsaks- rotfrukts- baljväxträtter o produkter,0.0,g
478,Gryta kikärtsgryta grönsaksgryta veg. ,Palmitinsyra C16:0,Grönsaks- rotfrukts- baljväxträtter o produkter,0.1,g
478,Gryta kikärtsgryta grönsaksgryta veg. ,Myristinsyra C14:0,Grönsaks- rotfrukts- baljväxträtter o produkter,0.0,g
478,Gryta kikärtsgryta grönsaksgryta veg. ,Laurinsyra C12:0,Grönsaks- rotfrukts- baljväxträtter o produkter,0.0,g
478,Gryta kikärtsgryta grönsaksgryta veg. ,Betakaroten/β-Karoten,Grönsaks- rotfrukts- baljväxträtter o produkter,1334.0,µg
478,Gryta kikärtsgryta grönsaksgryta veg. ,Avfall (skal etc.),Grönsaks- rotfrukts- baljväxträtter o produkter,5.0,%
478,Gryta kikärtsgryta grönsaksgryta veg. ,Aska,Grönsaks- rotfrukts- baljväxträtter o produkter,1.2,g
478,Gryta kikärtsgryta grönsaksgryta veg. ,Alkohol,Grönsaks- rotfrukts- baljväxträtter o produkter,0.0,g
479,Gratäng m. grönsaker rotfrukter veg.,"Zink, Zn",Grönsaks- rotfrukts- baljväxträtter o produkter,0.5,mg
479,Gratäng m. grönsaker rotfrukter veg.,Vitamin E,Grönsaks- rotfrukts- baljväxträtter o produkter,0.5,mg
479,Gratäng m. grönsaker rotfrukter veg.,Vitamin D,Grönsaks- rotfrukts- baljväxträtter o produkter,0.24,µg
479,Gratäng m. grönsaker rotfrukter veg.,Vitamin C,Grönsaks- rotfrukts- baljväxträtter o produkter,8.9,mg
479,Gratäng m. grönsaker rotfrukter veg.,Vitamin B6,Grönsaks- rotfrukts- baljväxträtter o produkter,0.08,mg
479,Gratäng m. grönsaker rotfrukter veg.,Vitamin B12,Grönsaks- rotfrukts- baljväxträtter o produkter,0.16,µg
479,Gratäng m. grönsaker rotfrukter veg.,Vitamin A,Grönsaks- rotfrukts- baljväxträtter o produkter,121.5,RE/µg
479,Gratäng m. grönsaker rotfrukter veg.,Vatten,Grönsaks- rotfrukts- baljväxträtter o produkter,80.2,g
479,Gratäng m. grönsaker rotfrukter veg.,Tiamin,Grönsaks- rotfrukts- baljväxträtter o produkter,0.04,mg
479,Gratäng m. grönsaker rotfrukter veg.,Tillsatt socker,Grönsaks- rotfrukts- baljväxträtter o produkter,0.0,g
479,Gratäng m. grönsaker rotfrukter veg.,Fritt socker,Grönsaks- rotfrukts- baljväxträtter o produkter,0.0,g
479,Gratäng m. grönsaker rotfrukter veg.,"Selen, Se",Grönsaks- rotfrukts- baljväxträtter o produkter,1.0,µg
479,Gratäng m. grönsaker rotfrukter veg.,Sackaros,Grönsaks- rotfrukts- baljväxträtter o produkter,0.7,g
479,Gratäng m. grönsaker rotfrukter veg.,Riboflavin,Grönsaks- rotfrukts- baljväxträtter o produkter,0.08,mg
479,Gratäng m. grönsaker rotfrukter veg.,Retinol,Grönsaks- rotfrukts- baljväxträtter o produkter,34.7,µg
479,Gratäng m. grönsaker rotfrukter veg.,Protein,Grönsaks- rotfrukts- baljväxträtter o produkter,3.7,g
479,Gratäng m. grönsaker rotfrukter veg.,Summa fleromättade fettsyror,Grönsaks- rotfrukts- baljväxträtter o produkter,0.3,g
479,Gratäng m. grönsaker rotfrukter veg.,"Fosfor, P",Grönsaks- rotfrukts- baljväxträtter o produkter,84.0,mg
479,Gratäng m. grönsaker rotfrukter veg.,Niacinekvivalenter,Grönsaks- rotfrukts- baljväxträtter o produkter,1.3,NE/mg
479,Gratäng m. grönsaker rotfrukter veg.,Niacin,Grönsaks- rotfrukts- baljväxträtter o produkter,0.56,mg
479,Gratäng m. grönsaker rotfrukter veg.,"Salt, NaCl",Grönsaks- rotfrukts- baljväxträtter o produkter,0.4,g
479,Gratäng m. grönsaker rotfrukter veg.,"Natrium, Na",Grönsaks- rotfrukts- baljväxträtter o produkter,179.0,mg
479,Gratäng m. grönsaker rotfrukter veg.,Monosackarider,Grönsaks- rotfrukts- baljväxträtter o produkter,0.9,g
479,Gratäng m. grönsaker rotfrukter veg.,"Sockerarter, totalt",Grönsaks- rotfrukts- baljväxträtter o produkter,3.0,g
479,Gratäng m. grönsaker rotfrukter veg.,Summa enkelomättade fettsyror,Grönsaks- rotfrukts- baljväxträtter o produkter,1.1,g
479,Gratäng m. grönsaker rotfrukter veg.,"Magnesium, Mg",Grönsaks- rotfrukts- baljväxträtter o produkter,15.0,mg
479,Gratäng m. grönsaker rotfrukter veg.,Summa mättade fettsyror,Grönsaks- rotfrukts- baljväxträtter o produkter,2.6,g
479,Gratäng m. grönsaker rotfrukter veg.,"Kolhydrater, tillgängliga",Grönsaks- rotfrukts- baljväxträtter o produkter,8.8,g
479,Gratäng m. grönsaker rotfrukter veg.,Kolesterol,Grönsaks- rotfrukts- baljväxträtter o produkter,10.4,mg
479,Gratäng m. grönsaker rotfrukter veg.,"Kalium, K",Grönsaks- rotfrukts- baljväxträtter o produkter,183.0,mg
479,Gratäng m. grönsaker rotfrukter veg.,"Jod, I",Grönsaks- rotfrukts- baljväxträtter o produkter,14.6,µg
479,Gratäng m. grönsaker rotfrukter veg.,Fullkorn totalt,Grönsaks- rotfrukts- baljväxträtter o produkter,0.0,g
479,Gratäng m. grönsaker rotfrukter veg.,"Folat, totalt",Grönsaks- rotfrukts- baljväxträtter o produkter,17.1,µg
479,Gratäng m. grönsaker rotfrukter veg.,Fibrer,Grönsaks- rotfrukts- baljväxträtter o produkter,1.9,g
479,Gratäng m. grönsaker rotfrukter veg.,"Fett, totalt",Grönsaks- rotfrukts- baljväxträtter o produkter,4.4,g
479,Gratäng m. grönsaker rotfrukter veg.,"Järn, Fe",Grönsaks- rotfrukts- baljväxträtter o produkter,0.4,mg
479,Gratäng m. grönsaker rotfrukter veg.,Energi (kJ),Grönsaks- rotfrukts- baljväxträtter o produkter,391.0,kJ
479,Gratäng m. grönsaker rotfrukter veg.,Energi (kcal),Grönsaks- rotfrukts- baljväxträtter o produkter,93.0,kcal
479,Gratäng m. grönsaker rotfrukter veg.,Disackarider,Grönsaks- rotfrukts- baljväxträtter o produkter,2.1,g
479,Gratäng m. grönsaker rotfrukter veg.,"Kalcium, Ca",Grönsaks- rotfrukts- baljväxträtter o produkter,75.0,mg
479,Gratäng m. grönsaker rotfrukter veg.,Fettsyra 4:0-10:0,Grönsaks- rotfrukts- baljväxträtter o produkter,0.3,g
479,Gratäng m. grönsaker rotfrukter veg.,DHA (C22:6),Grönsaks- rotfrukts- baljväxträtter o produkter,0.0,g
479,Gratäng m. grönsaker rotfrukter veg.,DPA (C22:5),Grönsaks- rotfrukts- baljväxträtter o produkter,0.0,g
479,Gratäng m. grönsaker rotfrukter veg.,EPA (C20:5),Grönsaks- rotfrukts- baljväxträtter o produkter,0.0,g
479,Gratäng m. grönsaker rotfrukter veg.,Arakidonsyra C20:4,Grönsaks- rotfrukts- baljväxträtter o produkter,0.0,g
479,Gratäng m. grönsaker rotfrukter veg.,Arakidinsyra C20:0,Grönsaks- rotfrukts- baljväxträtter o produkter,0.0,g
479,Gratäng m. grönsaker rotfrukter veg.,Linolensyra C18:3,Grönsaks- rotfrukts- baljväxträtter o produkter,0.1,g
479,Gratäng m. grönsaker rotfrukter veg.,Linolsyra C18:2,Grönsaks- rotfrukts- baljväxträtter o produkter,0.2,g
479,Gratäng m. grönsaker rotfrukter veg.,Oljesyra C18:1,Grönsaks- rotfrukts- baljväxträtter o produkter,1.0,g
479,Gratäng m. grönsaker rotfrukter veg.,Stearinsyra C18:0,Grönsaks- rotfrukts- baljväxträtter o produkter,0.4,g
479,Gratäng m. grönsaker rotfrukter veg.,Palmitoljesyra C16:1,Grönsaks- rotfrukts- baljväxträtter o produkter,0.1,g
479,Gratäng m. grönsaker rotfrukter veg.,Palmitinsyra C16:0,Grönsaks- rotfrukts- baljväxträtter o produkter,1.3,g
479,Gratäng m. grönsaker rotfrukter veg.,Myristinsyra C14:0,Grönsaks- rotfrukts- baljväxträtter o produkter,0.4,g
479,Gratäng m. grönsaker rotfrukter veg.,Laurinsyra C12:0,Grönsaks- rotfrukts- baljväxträtter o produkter,0.1,g
479,Gratäng m. grönsaker rotfrukter veg.,Betakaroten/β-Karoten,Grönsaks- rotfrukts- baljväxträtter o produkter,888.0,µg
479,Gratäng m. grönsaker rotfrukter veg.,Avfall (skal etc.),Grönsaks- rotfrukts- baljväxträtter o produkter,3.0,%
479,Gratäng m. grönsaker rotfrukter veg.,Aska,Grönsaks- rotfrukts- baljväxträtter o produkter,1.1,g
479,Gratäng m. grönsaker rotfrukter veg.,Alkohol,Grönsaks- rotfrukts- baljväxträtter o produkter,0.0,g
480,Grönsakssoppa m. pasta tillagad pulver,"Zink, Zn",Soppa mat,0.2,mg
480,Grönsakssoppa m. pasta tillagad pulver,Vitamin E,Soppa mat,0.1,mg
480,Grönsakssoppa m. pasta tillagad pulver,Vitamin D inkl 25-OH-D3,Soppa mat,0.0,µg
480,Grönsakssoppa m. pasta tillagad pulver,Vitamin D,Soppa mat,0.0,µg
480,Grönsakssoppa m. pasta tillagad pulver,Vitamin C,Soppa mat,1.0,mg
480,Grönsakssoppa m. pasta tillagad pulver,Vitamin B6,Soppa mat,0.03,mg
480,Grönsakssoppa m. pasta tillagad pulver,Vitamin B12,Soppa mat,0.0,µg
480,Grönsakssoppa m. pasta tillagad pulver,Vitamin A,Soppa mat,62.5,RE/µg
480,Grönsakssoppa m. pasta tillagad pulver,Vatten,Soppa mat,92.0,g
480,Grönsakssoppa m. pasta tillagad pulver,Tiamin,Soppa mat,0.02,mg
480,Grönsakssoppa m. pasta tillagad pulver,Tillsatt socker,Soppa mat,0.0,g
480,Grönsakssoppa m. pasta tillagad pulver,Fritt socker,Soppa mat,0.0,g
480,Grönsakssoppa m. pasta tillagad pulver,"Selen, Se",Soppa mat,0.8,µg
480,Grönsakssoppa m. pasta tillagad pulver,Sackaros,Soppa mat,0.8,g
480,Grönsakssoppa m. pasta tillagad pulver,Riboflavin,Soppa mat,0.02,mg
480,Grönsakssoppa m. pasta tillagad pulver,Retinol,Soppa mat,0.0,µg
480,Grönsakssoppa m. pasta tillagad pulver,Protein,Soppa mat,0.9,g
480,Grönsakssoppa m. pasta tillagad pulver,Summa fleromättade fettsyror,Soppa mat,0.3,g
480,Grönsakssoppa m. pasta tillagad pulver,"Fosfor, P",Soppa mat,16.0,mg
480,Grönsakssoppa m. pasta tillagad pulver,Niacinekvivalenter,Soppa mat,0.55,NE/mg
480,Grönsakssoppa m. pasta tillagad pulver,Niacin,Soppa mat,0.4,mg
480,Grönsakssoppa m. pasta tillagad pulver,"Salt, NaCl",Soppa mat,1.0,g
480,Grönsakssoppa m. pasta tillagad pulver,"Natrium, Na",Soppa mat,392.0,mg
480,Grönsakssoppa m. pasta tillagad pulver,Monosackarider,Soppa mat,0.1,g
480,Grönsakssoppa m. pasta tillagad pulver,"Sockerarter, totalt",Soppa mat,2.5,g
480,Grönsakssoppa m. pasta tillagad pulver,Summa enkelomättade fettsyror,Soppa mat,0.3,g
480,Grönsakssoppa m. pasta tillagad pulver,"Magnesium, Mg",Soppa mat,3.0,mg
480,Grönsakssoppa m. pasta tillagad pulver,Summa mättade fettsyror,Soppa mat,0.1,g
480,Grönsakssoppa m. pasta tillagad pulver,"Kolhydrater, tillgängliga",Soppa mat,4.2,g
480,Grönsakssoppa m. pasta tillagad pulver,Kolesterol,Soppa mat,0.0,mg
480,Grönsakssoppa m. pasta tillagad pulver,"Kalium, K",Soppa mat,84.0,mg
480,Grönsakssoppa m. pasta tillagad pulver,Fullkorn totalt,Soppa mat,0.0,g
480,Grönsakssoppa m. pasta tillagad pulver,"Folat, totalt",Soppa mat,4.0,µg
480,Grönsakssoppa m. pasta tillagad pulver,Fibrer,Soppa mat,1.1,g
480,Grönsakssoppa m. pasta tillagad pulver,"Fett, totalt",Soppa mat,0.8,g
480,Grönsakssoppa m. pasta tillagad pulver,"Järn, Fe",Soppa mat,0.2,mg
480,Grönsakssoppa m. pasta tillagad pulver,Energi (kJ),Soppa mat,125.0,kJ
480,Grönsakssoppa m. pasta tillagad pulver,Energi (kcal),Soppa mat,30.0,kcal
480,Grönsakssoppa m. pasta tillagad pulver,Disackarider,Soppa mat,2.4,g
480,Grönsakssoppa m. pasta tillagad pulver,"Kalcium, Ca",Soppa mat,9.0,mg
480,Grönsakssoppa m. pasta tillagad pulver,Fettsyra 4:0-10:0,Soppa mat,0.0,g
480,Grönsakssoppa m. pasta tillagad pulver,DHA (C22:6),Soppa mat,0.0,g
480,Grönsakssoppa m. pasta tillagad pulver,DPA (C22:5),Soppa mat,0.0,g
480,Grönsakssoppa m. pasta tillagad pulver,EPA (C20:5),Soppa mat,0.0,g
480,Grönsakssoppa m. pasta tillagad pulver,Arakidonsyra C20:4,Soppa mat,0.0,g
480,Grönsakssoppa m. pasta tillagad pulver,Arakidinsyra C20:0,Soppa mat,0.0,g
480,Grönsakssoppa m. pasta tillagad pulver,Linolensyra C18:3,Soppa mat,0.0,g
480,Grönsakssoppa m. pasta tillagad pulver,Linolsyra C18:2,Soppa mat,0.3,g
480,Grönsakssoppa m. pasta tillagad pulver,Oljesyra C18:1,Soppa mat,0.3,g
480,Grönsakssoppa m. pasta tillagad pulver,Stearinsyra C18:0,Soppa mat,0.0,g
480,Grönsakssoppa m. pasta tillagad pulver,Palmitoljesyra C16:1,Soppa mat,0.0,g
480,Grönsakssoppa m. pasta tillagad pulver,Palmitinsyra C16:0,Soppa mat,0.1,g
480,Grönsakssoppa m. pasta tillagad pulver,Myristinsyra C14:0,Soppa mat,0.0,g
480,Grönsakssoppa m. pasta tillagad pulver,Laurinsyra C12:0,Soppa mat,0.0,g
480,Grönsakssoppa m. pasta tillagad pulver,Betakaroten/β-Karoten,Soppa mat,750.0,µg
480,Grönsakssoppa m. pasta tillagad pulver,Avfall (skal etc.),Soppa mat,0.0,%
480,Grönsakssoppa m. pasta tillagad pulver,Aska,Soppa mat,1.0,g
480,Grönsakssoppa m. pasta tillagad pulver,Alkohol,Soppa mat,0.0,g
481,Löksoppa fransk tillagad pulver m. vatten,"Zink, Zn",Soppa mat,0.0,mg
481,Löksoppa fransk tillagad pulver m. vatten,Vitamin E,Soppa mat,0.0,mg
481,Löksoppa fransk tillagad pulver m. vatten,Vitamin D inkl 25-OH-D3,Soppa mat,0.0,µg
481,Löksoppa fransk tillagad pulver m. vatten,Vitamin D,Soppa mat,0.0,µg
481,Löksoppa fransk tillagad pulver m. vatten,Vitamin C,Soppa mat,0.0,mg
481,Löksoppa fransk tillagad pulver m. vatten,Vitamin B6,Soppa mat,0.05,mg
481,Löksoppa fransk tillagad pulver m. vatten,Vitamin B12,Soppa mat,0.03,µg
481,Löksoppa fransk tillagad pulver m. vatten,Vitamin A,Soppa mat,0.0,RE/µg
481,Löksoppa fransk tillagad pulver m. vatten,Vatten,Soppa mat,92.9,g
481,Löksoppa fransk tillagad pulver m. vatten,Tiamin,Soppa mat,0.75,mg
481,Löksoppa fransk tillagad pulver m. vatten,Tillsatt socker,Soppa mat,0.0,g
481,Löksoppa fransk tillagad pulver m. vatten,Fritt socker,Soppa mat,0.0,g
481,Löksoppa fransk tillagad pulver m. vatten,"Selen, Se",Soppa mat,0.6,µg
481,Löksoppa fransk tillagad pulver m. vatten,Sackaros,Soppa mat,0.2,g
481,Löksoppa fransk tillagad pulver m. vatten,Riboflavin,Soppa mat,0.02,mg
481,Löksoppa fransk tillagad pulver m. vatten,Retinol,Soppa mat,0.0,µg
481,Löksoppa fransk tillagad pulver m. vatten,Protein,Soppa mat,0.4,g
481,Löksoppa fransk tillagad pulver m. vatten,Summa fleromättade fettsyror,Soppa mat,0.0,g
481,Löksoppa fransk tillagad pulver m. vatten,"Fosfor, P",Soppa mat,12.0,mg
481,Löksoppa fransk tillagad pulver m. vatten,Niacinekvivalenter,Soppa mat,0.16,NE/mg
481,Löksoppa fransk tillagad pulver m. vatten,Niacin,Soppa mat,0.09,mg
481,Löksoppa fransk tillagad pulver m. vatten,"Salt, NaCl",Soppa mat,0.9,g
481,Löksoppa fransk tillagad pulver m. vatten,"Natrium, Na",Soppa mat,353.0,mg
481,Löksoppa fransk tillagad pulver m. vatten,Monosackarider,Soppa mat,0.0,g
481,Löksoppa fransk tillagad pulver m. vatten,"Sockerarter, totalt",Soppa mat,0.3,g
481,Löksoppa fransk tillagad pulver m. vatten,Summa enkelomättade fettsyror,Soppa mat,0.1,g
481,Löksoppa fransk tillagad pulver m. vatten,"Magnesium, Mg",Soppa mat,1.0,mg
481,Löksoppa fransk tillagad pulver m. vatten,Summa mättade fettsyror,Soppa mat,0.1,g
481,Löksoppa fransk tillagad pulver m. vatten,"Kolhydrater, tillgängliga",Soppa mat,5.2,g
481,Löksoppa fransk tillagad pulver m. vatten,Kolesterol,Soppa mat,0.0,mg
481,Löksoppa fransk tillagad pulver m. vatten,"Kalium, K",Soppa mat,42.0,mg
481,Löksoppa fransk tillagad pulver m. vatten,Fullkorn totalt,Soppa mat,0.0,g
481,Löksoppa fransk tillagad pulver m. vatten,"Folat, totalt",Soppa mat,16.4,µg
481,Löksoppa fransk tillagad pulver m. vatten,Fibrer,Soppa mat,0.2,g
481,Löksoppa fransk tillagad pulver m. vatten,"Fett, totalt",Soppa mat,0.2,g
481,Löksoppa fransk tillagad pulver m. vatten,"Järn, Fe",Soppa mat,0.1,mg
481,Löksoppa fransk tillagad pulver m. vatten,Energi (kJ),Soppa mat,105.0,kJ
481,Löksoppa fransk tillagad pulver m. vatten,Energi (kcal),Soppa mat,25.0,kcal
481,Löksoppa fransk tillagad pulver m. vatten,Disackarider,Soppa mat,0.3,g
481,Löksoppa fransk tillagad pulver m. vatten,"Kalcium, Ca",Soppa mat,10.0,mg
481,Löksoppa fransk tillagad pulver m. vatten,Fettsyra 4:0-10:0,Soppa mat,0.0,g
481,Löksoppa fransk tillagad pulver m. vatten,DHA (C22:6),Soppa mat,0.0,g
481,Löksoppa fransk tillagad pulver m. vatten,DPA (C22:5),Soppa mat,0.0,g
481,Löksoppa fransk tillagad pulver m. vatten,EPA (C20:5),Soppa mat,0.0,g
481,Löksoppa fransk tillagad pulver m. vatten,Arakidonsyra C20:4,Soppa mat,0.0,g
481,Löksoppa fransk tillagad pulver m. vatten,Arakidinsyra C20:0,Soppa mat,0.0,g
481,Löksoppa fransk tillagad pulver m. vatten,Linolensyra C18:3,Soppa mat,0.0,g
481,Löksoppa fransk tillagad pulver m. vatten,Linolsyra C18:2,Soppa mat,0.0,g
481,Löksoppa fransk tillagad pulver m. vatten,Oljesyra C18:1,Soppa mat,0.1,g
481,Löksoppa fransk tillagad pulver m. vatten,Stearinsyra C18:0,Soppa mat,0.0,g
481,Löksoppa fransk tillagad pulver m. vatten,Palmitoljesyra C16:1,Soppa mat,0.0,g
481,Löksoppa fransk tillagad pulver m. vatten,Palmitinsyra C16:0,Soppa mat,0.0,g
481,Löksoppa fransk tillagad pulver m. vatten,Myristinsyra C14:0,Soppa mat,0.0,g
481,Löksoppa fransk tillagad pulver m. vatten,Laurinsyra C12:0,Soppa mat,0.0,g
481,Löksoppa fransk tillagad pulver m. vatten,Betakaroten/β-Karoten,Soppa mat,0.0,µg
481,Löksoppa fransk tillagad pulver m. vatten,Avfall (skal etc.),Soppa mat,0.0,%
481,Löksoppa fransk tillagad pulver m. vatten,Aska,Soppa mat,1.0,g
481,Löksoppa fransk tillagad pulver m. vatten,Alkohol,Soppa mat,0.0,g
482,Grönsakssoppa tillagad klar konserv.,"Zink, Zn",Soppa mat,0.2,mg
482,Grönsakssoppa tillagad klar konserv.,Vitamin E,Soppa mat,0.3,mg
482,Grönsakssoppa tillagad klar konserv.,Vitamin D inkl 25-OH-D3,Soppa mat,0.0,µg
482,Grönsakssoppa tillagad klar konserv.,Vitamin D,Soppa mat,0.0,µg
482,Grönsakssoppa tillagad klar konserv.,Vitamin C,Soppa mat,0.0,mg
482,Grönsakssoppa tillagad klar konserv.,Vitamin B6,Soppa mat,0.04,mg
482,Grönsakssoppa tillagad klar konserv.,Vitamin B12,Soppa mat,0.06,µg
482,Grönsakssoppa tillagad klar konserv.,Vitamin A,Soppa mat,158.3,RE/µg
482,Grönsakssoppa tillagad klar konserv.,Vatten,Soppa mat,94.4,g
482,Grönsakssoppa tillagad klar konserv.,Tiamin,Soppa mat,0.02,mg
482,Grönsakssoppa tillagad klar konserv.,Tillsatt socker,Soppa mat,0.0,g
482,Grönsakssoppa tillagad klar konserv.,Fritt socker,Soppa mat,0.0,g
482,Grönsakssoppa tillagad klar konserv.,"Selen, Se",Soppa mat,0.5,µg
482,Grönsakssoppa tillagad klar konserv.,Sackaros,Soppa mat,1.0,g
482,Grönsakssoppa tillagad klar konserv.,Riboflavin,Soppa mat,0.02,mg
482,Grönsakssoppa tillagad klar konserv.,Retinol,Soppa mat,0.0,µg
482,Grönsakssoppa tillagad klar konserv.,Protein,Soppa mat,0.6,g
482,Grönsakssoppa tillagad klar konserv.,Summa fleromättade fettsyror,Soppa mat,0.0,g
482,Grönsakssoppa tillagad klar konserv.,"Fosfor, P",Soppa mat,13.0,mg
482,Grönsakssoppa tillagad klar konserv.,Niacinekvivalenter,Soppa mat,0.35,NE/mg
482,Grönsakssoppa tillagad klar konserv.,Niacin,Soppa mat,0.24,mg
482,Grönsakssoppa tillagad klar konserv.,"Salt, NaCl",Soppa mat,1.0,g
482,Grönsakssoppa tillagad klar konserv.,"Natrium, Na",Soppa mat,386.0,mg
482,Grönsakssoppa tillagad klar konserv.,Monosackarider,Soppa mat,0.6,g
482,Grönsakssoppa tillagad klar konserv.,"Sockerarter, totalt",Soppa mat,1.6,g
482,Grönsakssoppa tillagad klar konserv.,Summa enkelomättade fettsyror,Soppa mat,0.0,g
482,Grönsakssoppa tillagad klar konserv.,"Magnesium, Mg",Soppa mat,9.0,mg
482,Grönsakssoppa tillagad klar konserv.,Summa mättade fettsyror,Soppa mat,0.0,g
482,Grönsakssoppa tillagad klar konserv.,"Kolhydrater, tillgängliga",Soppa mat,2.3,g
482,Grönsakssoppa tillagad klar konserv.,Kolesterol,Soppa mat,0.0,mg
482,Grönsakssoppa tillagad klar konserv.,"Kalium, K",Soppa mat,808.0,mg
482,Grönsakssoppa tillagad klar konserv.,"Jod, I",Soppa mat,0.9,µg
482,Grönsakssoppa tillagad klar konserv.,Fullkorn totalt,Soppa mat,0.0,g
482,Grönsakssoppa tillagad klar konserv.,"Folat, totalt",Soppa mat,17.8,µg
482,Grönsakssoppa tillagad klar konserv.,Fibrer,Soppa mat,1.5,g
482,Grönsakssoppa tillagad klar konserv.,"Fett, totalt",Soppa mat,0.1,g
482,Grönsakssoppa tillagad klar konserv.,"Järn, Fe",Soppa mat,0.2,mg
482,Grönsakssoppa tillagad klar konserv.,Energi (kJ),Soppa mat,63.0,kJ
482,Grönsakssoppa tillagad klar konserv.,Energi (kcal),Soppa mat,15.0,kcal
482,Grönsakssoppa tillagad klar konserv.,Disackarider,Soppa mat,1.0,g
482,Grönsakssoppa tillagad klar konserv.,"Kalcium, Ca",Soppa mat,224.0,mg
482,Grönsakssoppa tillagad klar konserv.,Fettsyra 4:0-10:0,Soppa mat,0.0,g
482,Grönsakssoppa tillagad klar konserv.,DHA (C22:6),Soppa mat,0.0,g
482,Grönsakssoppa tillagad klar konserv.,DPA (C22:5),Soppa mat,0.0,g
482,Grönsakssoppa tillagad klar konserv.,EPA (C20:5),Soppa mat,0.0,g
482,Grönsakssoppa tillagad klar konserv.,Arakidonsyra C20:4,Soppa mat,0.0,g
482,Grönsakssoppa tillagad klar konserv.,Arakidinsyra C20:0,Soppa mat,0.0,g
482,Grönsakssoppa tillagad klar konserv.,Linolensyra C18:3,Soppa mat,0.0,g
482,Grönsakssoppa tillagad klar konserv.,Linolsyra C18:2,Soppa mat,0.0,g
482,Grönsakssoppa tillagad klar konserv.,Oljesyra C18:1,Soppa mat,0.0,g
482,Grönsakssoppa tillagad klar konserv.,Stearinsyra C18:0,Soppa mat,0.0,g
482,Grönsakssoppa tillagad klar konserv.,Palmitoljesyra C16:1,Soppa mat,0.0,g
482,Grönsakssoppa tillagad klar konserv.,Palmitinsyra C16:0,Soppa mat,0.0,g
482,Grönsakssoppa tillagad klar konserv.,Myristinsyra C14:0,Soppa mat,0.0,g
482,Grönsakssoppa tillagad klar konserv.,Laurinsyra C12:0,Soppa mat,0.0,g
482,Grönsakssoppa tillagad klar konserv.,Betakaroten/β-Karoten,Soppa mat,1900.0,µg
482,Grönsakssoppa tillagad klar konserv.,Avfall (skal etc.),Soppa mat,0.0,%
482,Grönsakssoppa tillagad klar konserv.,Aska,Soppa mat,1.2,g
482,Grönsakssoppa tillagad klar konserv.,Alkohol,Soppa mat,0.0,g
484,Grönsakssoppa tillagad redd pulver m. vatten mjölk,"Zink, Zn",Soppa mat,0.3,mg
484,Grönsakssoppa tillagad redd pulver m. vatten mjölk,Vitamin E,Soppa mat,0.4,mg
484,Grönsakssoppa tillagad redd pulver m. vatten mjölk,Vitamin D inkl 25-OH-D3,Soppa mat,0.0,µg
484,Grönsakssoppa tillagad redd pulver m. vatten mjölk,Vitamin D,Soppa mat,0.0,µg
484,Grönsakssoppa tillagad redd pulver m. vatten mjölk,Vitamin C,Soppa mat,0.0,mg
484,Grönsakssoppa tillagad redd pulver m. vatten mjölk,Vitamin B6,Soppa mat,0.06,mg
484,Grönsakssoppa tillagad redd pulver m. vatten mjölk,Vitamin B12,Soppa mat,0.07,µg
484,Grönsakssoppa tillagad redd pulver m. vatten mjölk,Vitamin A,Soppa mat,98.3,RE/µg
484,Grönsakssoppa tillagad redd pulver m. vatten mjölk,Vatten,Soppa mat,88.3,g
484,Grönsakssoppa tillagad redd pulver m. vatten mjölk,Tiamin,Soppa mat,0.04,mg
484,Grönsakssoppa tillagad redd pulver m. vatten mjölk,Tillsatt socker,Soppa mat,1.0,g
484,Grönsakssoppa tillagad redd pulver m. vatten mjölk,Fritt socker,Soppa mat,1.0,g
484,Grönsakssoppa tillagad redd pulver m. vatten mjölk,"Selen, Se",Soppa mat,0.9,µg
484,Grönsakssoppa tillagad redd pulver m. vatten mjölk,Sackaros,Soppa mat,0.4,g
484,Grönsakssoppa tillagad redd pulver m. vatten mjölk,Riboflavin,Soppa mat,0.07,mg
484,Grönsakssoppa tillagad redd pulver m. vatten mjölk,Retinol,Soppa mat,5.4,µg
484,Grönsakssoppa tillagad redd pulver m. vatten mjölk,Protein,Soppa mat,1.7,g
484,Grönsakssoppa tillagad redd pulver m. vatten mjölk,Summa fleromättade fettsyror,Soppa mat,0.1,g
484,Grönsakssoppa tillagad redd pulver m. vatten mjölk,"Fosfor, P",Soppa mat,46.0,mg
484,Grönsakssoppa tillagad redd pulver m. vatten mjölk,Niacinekvivalenter,Soppa mat,0.54,NE/mg
484,Grönsakssoppa tillagad redd pulver m. vatten mjölk,Niacin,Soppa mat,0.25,mg
484,Grönsakssoppa tillagad redd pulver m. vatten mjölk,"Salt, NaCl",Soppa mat,1.0,g
484,Grönsakssoppa tillagad redd pulver m. vatten mjölk,"Natrium, Na",Soppa mat,418.0,mg
484,Grönsakssoppa tillagad redd pulver m. vatten mjölk,Monosackarider,Soppa mat,0.2,g
484,Grönsakssoppa tillagad redd pulver m. vatten mjölk,"Sockerarter, totalt",Soppa mat,2.4,g
484,Grönsakssoppa tillagad redd pulver m. vatten mjölk,Summa enkelomättade fettsyror,Soppa mat,1.0,g
484,Grönsakssoppa tillagad redd pulver m. vatten mjölk,"Magnesium, Mg",Soppa mat,13.0,mg
484,Grönsakssoppa tillagad redd pulver m. vatten mjölk,Summa mättade fettsyror,Soppa mat,0.9,g
484,Grönsakssoppa tillagad redd pulver m. vatten mjölk,"Kolhydrater, tillgängliga",Soppa mat,5.1,g
484,Grönsakssoppa tillagad redd pulver m. vatten mjölk,Kolesterol,Soppa mat,2.0,mg
484,Grönsakssoppa tillagad redd pulver m. vatten mjölk,"Kalium, K",Soppa mat,124.0,mg
484,Grönsakssoppa tillagad redd pulver m. vatten mjölk,Fullkorn totalt,Soppa mat,0.0,g
484,Grönsakssoppa tillagad redd pulver m. vatten mjölk,"Folat, totalt",Soppa mat,27.6,µg
484,Grönsakssoppa tillagad redd pulver m. vatten mjölk,Fibrer,Soppa mat,1.3,g
484,Grönsakssoppa tillagad redd pulver m. vatten mjölk,"Fett, totalt",Soppa mat,2.2,g
484,Grönsakssoppa tillagad redd pulver m. vatten mjölk,"Järn, Fe",Soppa mat,0.2,mg
484,Grönsakssoppa tillagad redd pulver m. vatten mjölk,Energi (kJ),Soppa mat,206.0,kJ
484,Grönsakssoppa tillagad redd pulver m. vatten mjölk,Energi (kcal),Soppa mat,49.0,kcal
484,Grönsakssoppa tillagad redd pulver m. vatten mjölk,Disackarider,Soppa mat,2.2,g
484,Grönsakssoppa tillagad redd pulver m. vatten mjölk,"Kalcium, Ca",Soppa mat,33.0,mg
484,Grönsakssoppa tillagad redd pulver m. vatten mjölk,Fettsyra 4:0-10:0,Soppa mat,0.1,g
484,Grönsakssoppa tillagad redd pulver m. vatten mjölk,DHA (C22:6),Soppa mat,0.0,g
484,Grönsakssoppa tillagad redd pulver m. vatten mjölk,DPA (C22:5),Soppa mat,0.0,g
484,Grönsakssoppa tillagad redd pulver m. vatten mjölk,EPA (C20:5),Soppa mat,0.0,g
484,Grönsakssoppa tillagad redd pulver m. vatten mjölk,Arakidonsyra C20:4,Soppa mat,0.0,g
484,Grönsakssoppa tillagad redd pulver m. vatten mjölk,Arakidinsyra C20:0,Soppa mat,0.0,g
484,Grönsakssoppa tillagad redd pulver m. vatten mjölk,Linolensyra C18:3,Soppa mat,0.0,g
484,Grönsakssoppa tillagad redd pulver m. vatten mjölk,Linolsyra C18:2,Soppa mat,0.1,g
484,Grönsakssoppa tillagad redd pulver m. vatten mjölk,Oljesyra C18:1,Soppa mat,1.0,g
484,Grönsakssoppa tillagad redd pulver m. vatten mjölk,Stearinsyra C18:0,Soppa mat,0.3,g
484,Grönsakssoppa tillagad redd pulver m. vatten mjölk,Palmitoljesyra C16:1,Soppa mat,0.0,g
484,Grönsakssoppa tillagad redd pulver m. vatten mjölk,Palmitinsyra C16:0,Soppa mat,0.4,g
484,Grönsakssoppa tillagad redd pulver m. vatten mjölk,Myristinsyra C14:0,Soppa mat,0.1,g
484,Grönsakssoppa tillagad redd pulver m. vatten mjölk,Laurinsyra C12:0,Soppa mat,0.0,g
484,Grönsakssoppa tillagad redd pulver m. vatten mjölk,Betakaroten/β-Karoten,Soppa mat,1114.0,µg
484,Grönsakssoppa tillagad redd pulver m. vatten mjölk,Avfall (skal etc.),Soppa mat,0.0,%
484,Grönsakssoppa tillagad redd pulver m. vatten mjölk,Aska,Soppa mat,1.5,g
484,Grönsakssoppa tillagad redd pulver m. vatten mjölk,Alkohol,Soppa mat,0.0,g
486,Grönsakssoppa tillagad redd pulver,"Zink, Zn",Soppa mat,0.1,mg
486,Grönsakssoppa tillagad redd pulver,Vitamin E,Soppa mat,0.4,mg
486,Grönsakssoppa tillagad redd pulver,Vitamin D inkl 25-OH-D3,Soppa mat,0.0,µg
486,Grönsakssoppa tillagad redd pulver,Vitamin D,Soppa mat,0.0,µg
486,Grönsakssoppa tillagad redd pulver,Vitamin C,Soppa mat,0.0,mg
486,Grönsakssoppa tillagad redd pulver,Vitamin B6,Soppa mat,0.02,mg
486,Grönsakssoppa tillagad redd pulver,Vitamin B12,Soppa mat,0.04,µg
486,Grönsakssoppa tillagad redd pulver,Vitamin A,Soppa mat,92.9,RE/µg
486,Grönsakssoppa tillagad redd pulver,Vatten,Soppa mat,89.8,g
486,Grönsakssoppa tillagad redd pulver,Tiamin,Soppa mat,0.42,mg
486,Grönsakssoppa tillagad redd pulver,Tillsatt socker,Soppa mat,1.0,g
486,Grönsakssoppa tillagad redd pulver,Fritt socker,Soppa mat,1.0,g
486,Grönsakssoppa tillagad redd pulver,"Selen, Se",Soppa mat,0.3,µg
486,Grönsakssoppa tillagad redd pulver,Sackaros,Soppa mat,0.2,g
486,Grönsakssoppa tillagad redd pulver,Riboflavin,Soppa mat,0.01,mg
486,Grönsakssoppa tillagad redd pulver,Retinol,Soppa mat,0.0,µg
486,Grönsakssoppa tillagad redd pulver,Protein,Soppa mat,0.5,g
486,Grönsakssoppa tillagad redd pulver,Summa fleromättade fettsyror,Soppa mat,0.1,g
486,Grönsakssoppa tillagad redd pulver,"Fosfor, P",Soppa mat,11.0,mg
486,Grönsakssoppa tillagad redd pulver,Niacinekvivalenter,Soppa mat,0.18,NE/mg
486,Grönsakssoppa tillagad redd pulver,Niacin,Soppa mat,0.09,mg
486,Grönsakssoppa tillagad redd pulver,"Salt, NaCl",Soppa mat,0.9,g
486,Grönsakssoppa tillagad redd pulver,"Natrium, Na",Soppa mat,352.0,mg
486,Grönsakssoppa tillagad redd pulver,Monosackarider,Soppa mat,0.1,g
486,Grönsakssoppa tillagad redd pulver,"Sockerarter, totalt",Soppa mat,0.8,g
486,Grönsakssoppa tillagad redd pulver,Summa enkelomättade fettsyror,Soppa mat,1.0,g
486,Grönsakssoppa tillagad redd pulver,"Magnesium, Mg",Soppa mat,13.0,mg
486,Grönsakssoppa tillagad redd pulver,Summa mättade fettsyror,Soppa mat,1.0,g
486,Grönsakssoppa tillagad redd pulver,"Kolhydrater, tillgängliga",Soppa mat,5.3,g
486,Grönsakssoppa tillagad redd pulver,Kolesterol,Soppa mat,0.0,mg
486,Grönsakssoppa tillagad redd pulver,"Kalium, K",Soppa mat,29.0,mg
486,Grönsakssoppa tillagad redd pulver,Fullkorn totalt,Soppa mat,0.0,g
486,Grönsakssoppa tillagad redd pulver,"Folat, totalt",Soppa mat,13.8,µg
486,Grönsakssoppa tillagad redd pulver,Fibrer,Soppa mat,1.3,g
486,Grönsakssoppa tillagad redd pulver,"Fett, totalt",Soppa mat,2.2,g
486,Grönsakssoppa tillagad redd pulver,"Järn, Fe",Soppa mat,0.0,mg
486,Grönsakssoppa tillagad redd pulver,Energi (kJ),Soppa mat,188.0,kJ
486,Grönsakssoppa tillagad redd pulver,Energi (kcal),Soppa mat,45.0,kcal
486,Grönsakssoppa tillagad redd pulver,Disackarider,Soppa mat,0.7,g
486,Grönsakssoppa tillagad redd pulver,"Kalcium, Ca",Soppa mat,7.0,mg
486,Grönsakssoppa tillagad redd pulver,Fettsyra 4:0-10:0,Soppa mat,0.0,g
486,Grönsakssoppa tillagad redd pulver,DHA (C22:6),Soppa mat,0.0,g
486,Grönsakssoppa tillagad redd pulver,DPA (C22:5),Soppa mat,0.0,g
486,Grönsakssoppa tillagad redd pulver,EPA (C20:5),Soppa mat,0.0,g
486,Grönsakssoppa tillagad redd pulver,Arakidonsyra C20:4,Soppa mat,0.0,g
486,Grönsakssoppa tillagad redd pulver,Arakidinsyra C20:0,Soppa mat,0.0,g
486,Grönsakssoppa tillagad redd pulver,Linolensyra C18:3,Soppa mat,0.0,g
486,Grönsakssoppa tillagad redd pulver,Linolsyra C18:2,Soppa mat,0.1,g
486,Grönsakssoppa tillagad redd pulver,Oljesyra C18:1,Soppa mat,1.0,g
486,Grönsakssoppa tillagad redd pulver,Stearinsyra C18:0,Soppa mat,0.3,g
486,Grönsakssoppa tillagad redd pulver,Palmitoljesyra C16:1,Soppa mat,0.0,g
486,Grönsakssoppa tillagad redd pulver,Palmitinsyra C16:0,Soppa mat,0.7,g
486,Grönsakssoppa tillagad redd pulver,Myristinsyra C14:0,Soppa mat,0.0,g
486,Grönsakssoppa tillagad redd pulver,Laurinsyra C12:0,Soppa mat,0.0,g
486,Grönsakssoppa tillagad redd pulver,Betakaroten/β-Karoten,Soppa mat,1114.0,µg
486,Grönsakssoppa tillagad redd pulver,Avfall (skal etc.),Soppa mat,0.0,%
486,Grönsakssoppa tillagad redd pulver,Aska,Soppa mat,1.0,g
486,Grönsakssoppa tillagad redd pulver,Alkohol,Soppa mat,0.0,g
487,Gurka inlagd,"Zink, Zn",Grönsaker,0.2,mg
487,Gurka inlagd,Vitamin E,Grönsaker,0.2,mg
487,Gurka inlagd,Vitamin D inkl 25-OH-D3,Grönsaker,0.0,µg
487,Gurka inlagd,Vitamin D,Grönsaker,0.0,µg
487,Gurka inlagd,Vitamin C,Grönsaker,0.0,mg
487,Gurka inlagd,Vitamin B6,Grönsaker,0.04,mg
487,Gurka inlagd,Vitamin B12,Grönsaker,0.0,µg
487,Gurka inlagd,Vitamin A,Grönsaker,15.0,RE/µg
487,Gurka inlagd,Vatten,Grönsaker,82.8,g
487,Gurka inlagd,Tiamin,Grönsaker,0.04,mg
487,Gurka inlagd,Tillsatt socker,Grönsaker,6.0,g
487,Gurka inlagd,Fritt socker,Grönsaker,6.0,g
487,Gurka inlagd,"Selen, Se",Grönsaker,0.0,µg
487,Gurka inlagd,Sackaros,Grönsaker,2.7,g
487,Gurka inlagd,Riboflavin,Grönsaker,0.09,mg
487,Gurka inlagd,Retinol,Grönsaker,0.0,µg
487,Gurka inlagd,Protein,Grönsaker,0.7,g
487,Gurka inlagd,Summa fleromättade fettsyror,Grönsaker,0.3,g
487,Gurka inlagd,"Fosfor, P",Grönsaker,23.0,mg
487,Gurka inlagd,Niacinekvivalenter,Grönsaker,0.32,NE/mg
487,Gurka inlagd,Niacin,Grönsaker,0.2,mg
487,Gurka inlagd,"Salt, NaCl",Grönsaker,2.1,g
487,Gurka inlagd,"Natrium, Na",Grönsaker,825.0,mg
487,Gurka inlagd,Monosackarider,Grönsaker,3.4,g
487,Gurka inlagd,"Sockerarter, totalt",Grönsaker,6.1,g
487,Gurka inlagd,Summa enkelomättade fettsyror,Grönsaker,0.0,g
487,Gurka inlagd,"Magnesium, Mg",Grönsaker,11.0,mg
487,Gurka inlagd,Summa mättade fettsyror,Grönsaker,0.2,g
487,Gurka inlagd,"Kolhydrater, tillgängliga",Grönsaker,11.4,g
487,Gurka inlagd,Kolesterol,Grönsaker,0.0,mg
487,Gurka inlagd,"Kalium, K",Grönsaker,129.0,mg
487,Gurka inlagd,"Jod, I",Grönsaker,3.0,µg
487,Gurka inlagd,Fullkorn totalt,Grönsaker,0.0,g
487,Gurka inlagd,"Folat, totalt",Grönsaker,8.0,µg
487,Gurka inlagd,Fibrer,Grönsaker,1.8,g
487,Gurka inlagd,"Fett, totalt",Grönsaker,0.7,g
487,Gurka inlagd,"Järn, Fe",Grönsaker,0.2,mg
487,Gurka inlagd,Energi (kJ),Grönsaker,246.0,kJ
487,Gurka inlagd,Energi (kcal),Grönsaker,59.0,kcal
487,Gurka inlagd,Disackarider,Grönsaker,2.7,g
487,Gurka inlagd,"Kalcium, Ca",Grönsaker,17.0,mg
487,Gurka inlagd,Fettsyra 4:0-10:0,Grönsaker,0.0,g
487,Gurka inlagd,DHA (C22:6),Grönsaker,0.0,g
487,Gurka inlagd,DPA (C22:5),Grönsaker,0.0,g
487,Gurka inlagd,EPA (C20:5),Grönsaker,0.0,g
487,Gurka inlagd,Arakidonsyra C20:4,Grönsaker,0.0,g
487,Gurka inlagd,Arakidinsyra C20:0,Grönsaker,0.0,g
487,Gurka inlagd,Linolensyra C18:3,Grönsaker,0.2,g
487,Gurka inlagd,Linolsyra C18:2,Grönsaker,0.2,g
487,Gurka inlagd,Oljesyra C18:1,Grönsaker,0.0,g
487,Gurka inlagd,Stearinsyra C18:0,Grönsaker,0.0,g
487,Gurka inlagd,Palmitoljesyra C16:1,Grönsaker,0.0,g
487,Gurka inlagd,Palmitinsyra C16:0,Grönsaker,0.2,g
487,Gurka inlagd,Myristinsyra C14:0,Grönsaker,0.0,g
487,Gurka inlagd,Laurinsyra C12:0,Grönsaker,0.0,g
487,Gurka inlagd,Betakaroten/β-Karoten,Grönsaker,180.0,µg
487,Gurka inlagd,Avfall (skal etc.),Grönsaker,0.0,%
487,Gurka inlagd,Aska,Grönsaker,2.6,g
487,Gurka inlagd,Alkohol,Grönsaker,0.0,g
488,Bostongurka,"Zink, Zn",Grönsaks- rotfrukts- baljväxträtter o produkter,0.2,mg
488,Bostongurka,Vitamin E,Grönsaks- rotfrukts- baljväxträtter o produkter,0.2,mg
488,Bostongurka,Vitamin D inkl 25-OH-D3,Grönsaks- rotfrukts- baljväxträtter o produkter,0.0,µg
488,Bostongurka,Vitamin D,Grönsaks- rotfrukts- baljväxträtter o produkter,0.0,µg
488,Bostongurka,Vitamin C,Grönsaks- rotfrukts- baljväxträtter o produkter,0.0,mg
488,Bostongurka,Vitamin B6,Grönsaks- rotfrukts- baljväxträtter o produkter,0.0,mg
488,Bostongurka,Vitamin B12,Grönsaks- rotfrukts- baljväxträtter o produkter,0.0,µg
488,Bostongurka,Vitamin A,Grönsaks- rotfrukts- baljväxträtter o produkter,32.0,RE/µg
488,Bostongurka,Vatten,Grönsaks- rotfrukts- baljväxträtter o produkter,79.0,g
488,Bostongurka,Tiamin,Grönsaks- rotfrukts- baljväxträtter o produkter,0.0,mg
488,Bostongurka,Tillsatt socker,Grönsaks- rotfrukts- baljväxträtter o produkter,16.0,g
488,Bostongurka,Fritt socker,Grönsaks- rotfrukts- baljväxträtter o produkter,16.0,g
488,Bostongurka,"Selen, Se",Grönsaks- rotfrukts- baljväxträtter o produkter,0.0,µg
488,Bostongurka,Sackaros,Grönsaks- rotfrukts- baljväxträtter o produkter,6.4,g
488,Bostongurka,Riboflavin,Grönsaks- rotfrukts- baljväxträtter o produkter,0.0,mg
488,Bostongurka,Retinol,Grönsaks- rotfrukts- baljväxträtter o produkter,0.0,µg
488,Bostongurka,Protein,Grönsaks- rotfrukts- baljväxträtter o produkter,1.0,g
488,Bostongurka,Summa fleromättade fettsyror,Grönsaks- rotfrukts- baljväxträtter o produkter,0.2,g
488,Bostongurka,"Fosfor, P",Grönsaks- rotfrukts- baljväxträtter o produkter,4.0,mg
488,Bostongurka,Niacinekvivalenter,Grönsaks- rotfrukts- baljväxträtter o produkter,0.37,NE/mg
488,Bostongurka,Niacin,Grönsaks- rotfrukts- baljväxträtter o produkter,0.2,mg
488,Bostongurka,"Salt, NaCl",Grönsaks- rotfrukts- baljväxträtter o produkter,1.5,g
488,Bostongurka,"Natrium, Na",Grönsaks- rotfrukts- baljväxträtter o produkter,600.0,mg
488,Bostongurka,Monosackarider,Grönsaks- rotfrukts- baljväxträtter o produkter,9.3,g
488,Bostongurka,"Sockerarter, totalt",Grönsaks- rotfrukts- baljväxträtter o produkter,15.7,g
488,Bostongurka,Summa enkelomättade fettsyror,Grönsaks- rotfrukts- baljväxträtter o produkter,0.0,g
488,Bostongurka,"Magnesium, Mg",Grönsaks- rotfrukts- baljväxträtter o produkter,11.0,mg
488,Bostongurka,Summa mättade fettsyror,Grönsaks- rotfrukts- baljväxträtter o produkter,0.1,g
488,Bostongurka,"Kolhydrater, tillgängliga",Grönsaks- rotfrukts- baljväxträtter o produkter,16.6,g
488,Bostongurka,Kolesterol,Grönsaks- rotfrukts- baljväxträtter o produkter,0.0,mg
488,Bostongurka,"Kalium, K",Grönsaks- rotfrukts- baljväxträtter o produkter,170.0,mg
488,Bostongurka,"Jod, I",Grönsaks- rotfrukts- baljväxträtter o produkter,0.5,µg
488,Bostongurka,Fullkorn totalt,Grönsaks- rotfrukts- baljväxträtter o produkter,0.0,g
488,Bostongurka,"Folat, totalt",Grönsaks- rotfrukts- baljväxträtter o produkter,8.0,µg
488,Bostongurka,Fibrer,Grönsaks- rotfrukts- baljväxträtter o produkter,1.8,g
488,Bostongurka,"Fett, totalt",Grönsaks- rotfrukts- baljväxträtter o produkter,0.4,g
488,Bostongurka,"Järn, Fe",Grönsaks- rotfrukts- baljväxträtter o produkter,0.1,mg
488,Bostongurka,Energi (kJ),Grönsaks- rotfrukts- baljväxträtter o produkter,328.0,kJ
488,Bostongurka,Energi (kcal),Grönsaks- rotfrukts- baljväxträtter o produkter,78.0,kcal
488,Bostongurka,Disackarider,Grönsaks- rotfrukts- baljväxträtter o produkter,6.4,g
488,Bostongurka,"Kalcium, Ca",Grönsaks- rotfrukts- baljväxträtter o produkter,3.0,mg
488,Bostongurka,Fettsyra 4:0-10:0,Grönsaks- rotfrukts- baljväxträtter o produkter,0.0,g
488,Bostongurka,DHA (C22:6),Grönsaks- rotfrukts- baljväxträtter o produkter,0.0,g
488,Bostongurka,DPA (C22:5),Grönsaks- rotfrukts- baljväxträtter o produkter,0.0,g
488,Bostongurka,EPA (C20:5),Grönsaks- rotfrukts- baljväxträtter o produkter,0.0,g
488,Bostongurka,Arakidonsyra C20:4,Grönsaks- rotfrukts- baljväxträtter o produkter,0.0,g
488,Bostongurka,Arakidinsyra C20:0,Grönsaks- rotfrukts- baljväxträtter o produkter,0.0,g
488,Bostongurka,Linolensyra C18:3,Grönsaks- rotfrukts- baljväxträtter o produkter,0.1,g
488,Bostongurka,Linolsyra C18:2,Grönsaks- rotfrukts- baljväxträtter o produkter,0.1,g
488,Bostongurka,Oljesyra C18:1,Grönsaks- rotfrukts- baljväxträtter o produkter,0.0,g
488,Bostongurka,Stearinsyra C18:0,Grönsaks- rotfrukts- baljväxträtter o produkter,0.0,g
488,Bostongurka,Palmitoljesyra C16:1,Grönsaks- rotfrukts- baljväxträtter o produkter,0.0,g
488,Bostongurka,Palmitinsyra C16:0,Grönsaks- rotfrukts- baljväxträtter o produkter,0.1,g
488,Bostongurka,Myristinsyra C14:0,Grönsaks- rotfrukts- baljväxträtter o produkter,0.0,g
488,Bostongurka,Laurinsyra C12:0,Grönsaks- rotfrukts- baljväxträtter o produkter,0.0,g
488,Bostongurka,Betakaroten/β-Karoten,Grönsaks- rotfrukts- baljväxträtter o produkter,384.0,µg
488,Bostongurka,Avfall (skal etc.),Grönsaks- rotfrukts- baljväxträtter o produkter,0.0,%
488,Bostongurka,Aska,Grönsaks- rotfrukts- baljväxträtter o produkter,1.2,g
488,Bostongurka,Alkohol,Grönsaks- rotfrukts- baljväxträtter o produkter,0.0,g
489,Gurka fermenterad u. lag,"Zink, Zn",Grönsaker,0.2,mg
489,Gurka fermenterad u. lag,Vitamin E,Grönsaker,0.2,mg
489,Gurka fermenterad u. lag,Vitamin D inkl 25-OH-D3,Grönsaker,0.0,µg
489,Gurka fermenterad u. lag,Vitamin D,Grönsaker,0.0,µg
489,Gurka fermenterad u. lag,Vitamin C,Grönsaker,0.0,mg
489,Gurka fermenterad u. lag,Vitamin B6,Grönsaker,0.04,mg
489,Gurka fermenterad u. lag,Vitamin B12,Grönsaker,0.0,µg
489,Gurka fermenterad u. lag,Vitamin A,Grönsaker,8.0,RE/µg
489,Gurka fermenterad u. lag,Vatten,Grönsaker,97.1,g
489,Gurka fermenterad u. lag,Tiamin,Grönsaker,0.0,mg
489,Gurka fermenterad u. lag,Tillsatt socker,Grönsaker,0.0,g
489,Gurka fermenterad u. lag,Fritt socker,Grönsaker,0.0,g
489,Gurka fermenterad u. lag,"Selen, Se",Grönsaker,0.0,µg
489,Gurka fermenterad u. lag,Sackaros,Grönsaker,0.1,g
489,Gurka fermenterad u. lag,Riboflavin,Grönsaker,0.0,mg
489,Gurka fermenterad u. lag,Retinol,Grönsaker,0.0,µg
489,Gurka fermenterad u. lag,Protein,Grönsaker,1.0,g
489,Gurka fermenterad u. lag,Summa fleromättade fettsyror,Grönsaker,0.0,g
489,Gurka fermenterad u. lag,"Fosfor, P",Grönsaker,4.0,mg
489,Gurka fermenterad u. lag,Niacinekvivalenter,Grönsaker,0.27,NE/mg
489,Gurka fermenterad u. lag,Niacin,Grönsaker,0.1,mg
489,Gurka fermenterad u. lag,"Salt, NaCl",Grönsaker,2.1,g
489,Gurka fermenterad u. lag,"Natrium, Na",Grönsaker,853.0,mg
489,Gurka fermenterad u. lag,Monosackarider,Grönsaker,0.2,g
489,Gurka fermenterad u. lag,"Sockerarter, totalt",Grönsaker,0.3,g
489,Gurka fermenterad u. lag,Summa enkelomättade fettsyror,Grönsaker,0.0,g
489,Gurka fermenterad u. lag,"Magnesium, Mg",Grönsaker,11.0,mg
489,Gurka fermenterad u. lag,Summa mättade fettsyror,Grönsaker,0.0,g
489,Gurka fermenterad u. lag,"Kolhydrater, tillgängliga",Grönsaker,1.0,g
489,Gurka fermenterad u. lag,Kolesterol,Grönsaker,0.0,mg
489,Gurka fermenterad u. lag,"Kalium, K",Grönsaker,183.0,mg
489,Gurka fermenterad u. lag,Fullkorn totalt,Grönsaker,0.0,g
489,Gurka fermenterad u. lag,"Folat, totalt",Grönsaker,8.0,µg
489,Gurka fermenterad u. lag,Fibrer,Grönsaker,0.5,g
489,Gurka fermenterad u. lag,"Fett, totalt",Grönsaker,0.0,g
489,Gurka fermenterad u. lag,"Järn, Fe",Grönsaker,0.1,mg
489,Gurka fermenterad u. lag,Energi (kJ),Grönsaker,38.0,kJ
489,Gurka fermenterad u. lag,Energi (kcal),Grönsaker,9.0,kcal
489,Gurka fermenterad u. lag,Disackarider,Grönsaker,0.1,g
489,Gurka fermenterad u. lag,"Kalcium, Ca",Grönsaker,33.0,mg
489,Gurka fermenterad u. lag,Fettsyra 4:0-10:0,Grönsaker,0.0,g
489,Gurka fermenterad u. lag,DHA (C22:6),Grönsaker,0.0,g
489,Gurka fermenterad u. lag,DPA (C22:5),Grönsaker,0.0,g
489,Gurka fermenterad u. lag,EPA (C20:5),Grönsaker,0.0,g
489,Gurka fermenterad u. lag,Arakidonsyra C20:4,Grönsaker,0.0,g
489,Gurka fermenterad u. lag,Arakidinsyra C20:0,Grönsaker,0.0,g
489,Gurka fermenterad u. lag,Linolensyra C18:3,Grönsaker,0.0,g
489,Gurka fermenterad u. lag,Linolsyra C18:2,Grönsaker,0.0,g
489,Gurka fermenterad u. lag,Oljesyra C18:1,Grönsaker,0.0,g
489,Gurka fermenterad u. lag,Stearinsyra C18:0,Grönsaker,0.0,g
489,Gurka fermenterad u. lag,Palmitoljesyra C16:1,Grönsaker,0.0,g
489,Gurka fermenterad u. lag,Palmitinsyra C16:0,Grönsaker,0.0,g
489,Gurka fermenterad u. lag,Myristinsyra C14:0,Grönsaker,0.0,g
489,Gurka fermenterad u. lag,Laurinsyra C12:0,Grönsaker,0.0,g
489,Gurka fermenterad u. lag,Betakaroten/β-Karoten,Grönsaker,96.0,µg
489,Gurka fermenterad u. lag,Avfall (skal etc.),Grönsaker,0.0,%
489,Gurka fermenterad u. lag,Aska,Grönsaker,0.4,g
489,Gurka fermenterad u. lag,Alkohol,Grönsaker,0.0,g
490,Saltgurka u. lag,"Zink, Zn",Grönsaker,0.2,mg
490,Saltgurka u. lag,Vitamin E,Grönsaker,0.1,mg
490,Saltgurka u. lag,Vitamin D inkl 25-OH-D3,Grönsaker,0.0,µg
490,Saltgurka u. lag,Vitamin D,Grönsaker,0.0,µg
490,Saltgurka u. lag,Vitamin C,Grönsaker,0.0,mg
490,Saltgurka u. lag,Vitamin B6,Grönsaker,0.0,mg
490,Saltgurka u. lag,Vitamin B12,Grönsaker,0.0,µg
490,Saltgurka u. lag,Vitamin A,Grönsaker,8.0,RE/µg
490,Saltgurka u. lag,Vatten,Grönsaker,92.0,g
490,Saltgurka u. lag,Tiamin,Grönsaker,0.02,mg
490,Saltgurka u. lag,Tillsatt socker,Grönsaker,0.0,g
490,Saltgurka u. lag,Fritt socker,Grönsaker,0.0,g
490,Saltgurka u. lag,"Selen, Se",Grönsaker,0.0,µg
490,Saltgurka u. lag,Sackaros,Grönsaker,0.0,g
490,Saltgurka u. lag,Riboflavin,Grönsaker,0.03,mg
490,Saltgurka u. lag,Retinol,Grönsaker,0.0,µg
490,Saltgurka u. lag,Protein,Grönsaker,0.9,g
490,Saltgurka u. lag,Summa fleromättade fettsyror,Grönsaker,0.1,g
490,Saltgurka u. lag,"Fosfor, P",Grönsaker,23.0,mg
490,Saltgurka u. lag,Niacinekvivalenter,Grönsaker,0.25,NE/mg
490,Saltgurka u. lag,Niacin,Grönsaker,0.1,mg
490,Saltgurka u. lag,"Salt, NaCl",Grönsaker,3.5,g
490,Saltgurka u. lag,"Natrium, Na",Grönsaker,1400.0,mg
490,Saltgurka u. lag,Monosackarider,Grönsaker,0.0,g
490,Saltgurka u. lag,"Sockerarter, totalt",Grönsaker,0.0,g
490,Saltgurka u. lag,Summa enkelomättade fettsyror,Grönsaker,0.0,g
490,Saltgurka u. lag,"Magnesium, Mg",Grönsaker,10.0,mg
490,Saltgurka u. lag,Summa mättade fettsyror,Grönsaker,0.1,g
490,Saltgurka u. lag,"Kolhydrater, tillgängliga",Grönsaker,1.4,g
490,Saltgurka u. lag,Kolesterol,Grönsaker,0.0,mg
490,Saltgurka u. lag,"Kalium, K",Grönsaker,119.0,mg
490,Saltgurka u. lag,"Jod, I",Grönsaker,3.0,µg
490,Saltgurka u. lag,Fullkorn totalt,Grönsaker,0.0,g
490,Saltgurka u. lag,"Folat, totalt",Grönsaker,8.0,µg
490,Saltgurka u. lag,Fibrer,Grönsaker,1.8,g
490,Saltgurka u. lag,"Fett, totalt",Grönsaker,0.2,g
490,Saltgurka u. lag,"Järn, Fe",Grönsaker,0.2,mg
490,Saltgurka u. lag,Energi (kJ),Grönsaker,61.0,kJ
490,Saltgurka u. lag,Energi (kcal),Grönsaker,15.0,kcal
490,Saltgurka u. lag,Disackarider,Grönsaker,0.0,g
490,Saltgurka u. lag,"Kalcium, Ca",Grönsaker,17.0,mg
490,Saltgurka u. lag,Fettsyra 4:0-10:0,Grönsaker,0.0,g
490,Saltgurka u. lag,DHA (C22:6),Grönsaker,0.0,g
490,Saltgurka u. lag,DPA (C22:5),Grönsaker,0.0,g
490,Saltgurka u. lag,EPA (C20:5),Grönsaker,0.0,g
490,Saltgurka u. lag,Arakidonsyra C20:4,Grönsaker,0.0,g
490,Saltgurka u. lag,Arakidinsyra C20:0,Grönsaker,0.0,g
490,Saltgurka u. lag,Linolensyra C18:3,Grönsaker,0.0,g
490,Saltgurka u. lag,Linolsyra C18:2,Grönsaker,0.0,g
490,Saltgurka u. lag,Oljesyra C18:1,Grönsaker,0.0,g
490,Saltgurka u. lag,Stearinsyra C18:0,Grönsaker,0.0,g
490,Saltgurka u. lag,Palmitoljesyra C16:1,Grönsaker,0.0,g
490,Saltgurka u. lag,Palmitinsyra C16:0,Grönsaker,0.1,g
490,Saltgurka u. lag,Myristinsyra C14:0,Grönsaker,0.0,g
490,Saltgurka u. lag,Laurinsyra C12:0,Grönsaker,0.0,g
490,Saltgurka u. lag,Betakaroten/β-Karoten,Grönsaker,96.0,µg
490,Saltgurka u. lag,Avfall (skal etc.),Grönsaker,0.0,%
490,Saltgurka u. lag,Aska,Grönsaker,3.7,g
490,Saltgurka u. lag,Alkohol,Grönsaker,0.0,g
491,Ättiksgurka u. lag,"Zink, Zn",Grönsaker,0.2,mg
491,Ättiksgurka u. lag,Vitamin E,Grönsaker,0.1,mg
491,Ättiksgurka u. lag,Vitamin D inkl 25-OH-D3,Grönsaker,0.0,µg
491,Ättiksgurka u. lag,Vitamin D,Grönsaker,0.0,µg
491,Ättiksgurka u. lag,Vitamin C,Grönsaker,0.0,mg
491,Ättiksgurka u. lag,Vitamin B6,Grönsaker,0.0,mg
491,Ättiksgurka u. lag,Vitamin B12,Grönsaker,0.0,µg
491,Ättiksgurka u. lag,Vitamin A,Grönsaker,7.5,RE/µg
491,Ättiksgurka u. lag,Vatten,Grönsaker,88.0,g
491,Ättiksgurka u. lag,Tiamin,Grönsaker,0.02,mg
491,Ättiksgurka u. lag,Tillsatt socker,Grönsaker,4.0,g
491,Ättiksgurka u. lag,Fritt socker,Grönsaker,4.0,g
491,Ättiksgurka u. lag,"Selen, Se",Grönsaker,0.0,µg
491,Ättiksgurka u. lag,Sackaros,Grönsaker,2.0,g
491,Ättiksgurka u. lag,Riboflavin,Grönsaker,0.03,mg
491,Ättiksgurka u. lag,Retinol,Grönsaker,0.0,µg
491,Ättiksgurka u. lag,Protein,Grönsaker,0.9,g
491,Ättiksgurka u. lag,Summa fleromättade fettsyror,Grönsaker,0.1,g
491,Ättiksgurka u. lag,"Fosfor, P",Grönsaker,23.0,mg
491,Ättiksgurka u. lag,Niacinekvivalenter,Grönsaker,0.35,NE/mg
491,Ättiksgurka u. lag,Niacin,Grönsaker,0.2,mg
491,Ättiksgurka u. lag,"Salt, NaCl",Grönsaker,2.3,g
491,Ättiksgurka u. lag,"Natrium, Na",Grönsaker,910.0,mg
491,Ättiksgurka u. lag,Monosackarider,Grönsaker,2.5,g
491,Ättiksgurka u. lag,"Sockerarter, totalt",Grönsaker,4.5,g
491,Ättiksgurka u. lag,Summa enkelomättade fettsyror,Grönsaker,0.0,g
491,Ättiksgurka u. lag,"Magnesium, Mg",Grönsaker,10.0,mg
491,Ättiksgurka u. lag,Summa mättade fettsyror,Grönsaker,0.1,g
491,Ättiksgurka u. lag,"Kolhydrater, tillgängliga",Grönsaker,8.2,g
491,Ättiksgurka u. lag,Kolesterol,Grönsaker,0.0,mg
491,Ättiksgurka u. lag,"Kalium, K",Grönsaker,140.0,mg
491,Ättiksgurka u. lag,"Jod, I",Grönsaker,3.0,µg
491,Ättiksgurka u. lag,Fullkorn totalt,Grönsaker,0.0,g
491,Ättiksgurka u. lag,"Folat, totalt",Grönsaker,8.0,µg
491,Ättiksgurka u. lag,Fibrer,Grönsaker,1.8,g
491,Ättiksgurka u. lag,"Fett, totalt",Grönsaker,0.3,g
491,Ättiksgurka u. lag,"Järn, Fe",Grönsaker,0.3,mg
491,Ättiksgurka u. lag,Energi (kJ),Grönsaker,180.0,kJ
491,Ättiksgurka u. lag,Energi (kcal),Grönsaker,43.0,kcal
491,Ättiksgurka u. lag,Disackarider,Grönsaker,2.0,g
491,Ättiksgurka u. lag,"Kalcium, Ca",Grönsaker,17.0,mg
491,Ättiksgurka u. lag,Fettsyra 4:0-10:0,Grönsaker,0.0,g
491,Ättiksgurka u. lag,DHA (C22:6),Grönsaker,0.0,g
491,Ättiksgurka u. lag,DPA (C22:5),Grönsaker,0.0,g
491,Ättiksgurka u. lag,EPA (C20:5),Grönsaker,0.0,g
491,Ättiksgurka u. lag,Arakidonsyra C20:4,Grönsaker,0.0,g
491,Ättiksgurka u. lag,Arakidinsyra C20:0,Grönsaker,0.0,g
491,Ättiksgurka u. lag,Linolensyra C18:3,Grönsaker,0.1,g
491,Ättiksgurka u. lag,Linolsyra C18:2,Grönsaker,0.1,g
491,Ättiksgurka u. lag,Oljesyra C18:1,Grönsaker,0.0,g
491,Ättiksgurka u. lag,Stearinsyra C18:0,Grönsaker,0.0,g
491,Ättiksgurka u. lag,Palmitoljesyra C16:1,Grönsaker,0.0,g
491,Ättiksgurka u. lag,Palmitinsyra C16:0,Grönsaker,0.1,g
491,Ättiksgurka u. lag,Myristinsyra C14:0,Grönsaker,0.0,g
491,Ättiksgurka u. lag,Laurinsyra C12:0,Grönsaker,0.0,g
491,Ättiksgurka u. lag,Betakaroten/β-Karoten,Grönsaker,90.0,µg
491,Ättiksgurka u. lag,Avfall (skal etc.),Grönsaker,0.0,%
491,Ättiksgurka u. lag,Aska,Grönsaker,0.8,g
491,Ättiksgurka u. lag,Alkohol,Grönsaker,0.0,g
492,Kronärtskocka kokt,"Zink, Zn",Grönsaker,0.4,mg
492,Kronärtskocka kokt,Vitamin E,Grönsaker,0.2,mg
492,Kronärtskocka kokt,Vitamin D inkl 25-OH-D3,Grönsaker,0.0,µg
492,Kronärtskocka kokt,Vitamin D,Grönsaker,0.0,µg
492,Kronärtskocka kokt,Vitamin C,Grönsaker,8.0,mg
492,Kronärtskocka kokt,Vitamin B6,Grönsaker,0.07,mg
492,Kronärtskocka kokt,Vitamin B12,Grönsaker,0.0,µg
492,Kronärtskocka kokt,Vitamin A,Grönsaker,7.5,RE/µg
492,Kronärtskocka kokt,Vatten,Grönsaker,86.5,g
492,Kronärtskocka kokt,Tiamin,Grönsaker,0.07,mg
492,Kronärtskocka kokt,Tillsatt socker,Grönsaker,0.0,g
492,Kronärtskocka kokt,Fritt socker,Grönsaker,0.0,g
492,Kronärtskocka kokt,"Selen, Se",Grönsaker,1.0,µg
492,Kronärtskocka kokt,Sackaros,Grönsaker,1.0,g
492,Kronärtskocka kokt,Riboflavin,Grönsaker,0.04,mg
492,Kronärtskocka kokt,Retinol,Grönsaker,0.0,µg
492,Kronärtskocka kokt,Protein,Grönsaker,2.8,g
492,Kronärtskocka kokt,Summa fleromättade fettsyror,Grönsaker,0.1,g
492,Kronärtskocka kokt,"Fosfor, P",Grönsaker,69.0,mg
492,Kronärtskocka kokt,Niacinekvivalenter,Grönsaker,1.17,NE/mg
492,Kronärtskocka kokt,Niacin,Grönsaker,0.7,mg
492,Kronärtskocka kokt,"Salt, NaCl",Grönsaker,0.1,g
492,Kronärtskocka kokt,"Natrium, Na",Grönsaker,30.0,mg
492,Kronärtskocka kokt,Monosackarider,Grönsaker,1.0,g
492,Kronärtskocka kokt,"Sockerarter, totalt",Grönsaker,2.0,g
492,Kronärtskocka kokt,Summa enkelomättade fettsyror,Grönsaker,0.0,g
492,Kronärtskocka kokt,"Magnesium, Mg",Grönsaker,27.0,mg
492,Kronärtskocka kokt,Summa mättade fettsyror,Grönsaker,0.0,g
492,Kronärtskocka kokt,"Kolhydrater, tillgängliga",Grönsaker,9.4,g
492,Kronärtskocka kokt,Kolesterol,Grönsaker,0.0,mg
492,Kronärtskocka kokt,"Kalium, K",Grönsaker,301.0,mg
492,Kronärtskocka kokt,"Jod, I",Grönsaker,0.5,µg
492,Kronärtskocka kokt,Fullkorn totalt,Grönsaker,0.0,g
492,Kronärtskocka kokt,"Folat, totalt",Grönsaker,44.0,µg
492,Kronärtskocka kokt,Fibrer,Grönsaker,0.5,g
492,Kronärtskocka kokt,"Fett, totalt",Grönsaker,0.2,g
492,Kronärtskocka kokt,"Järn, Fe",Grönsaker,1.1,mg
492,Kronärtskocka kokt,Energi (kJ),Grönsaker,219.0,kJ
492,Kronärtskocka kokt,Energi (kcal),Grönsaker,52.0,kcal
492,Kronärtskocka kokt,Disackarider,Grönsaker,1.0,g
492,Kronärtskocka kokt,"Kalcium, Ca",Grönsaker,51.0,mg
492,Kronärtskocka kokt,Fettsyra 4:0-10:0,Grönsaker,0.0,g
492,Kronärtskocka kokt,DHA (C22:6),Grönsaker,0.0,g
492,Kronärtskocka kokt,DPA (C22:5),Grönsaker,0.0,g
492,Kronärtskocka kokt,EPA (C20:5),Grönsaker,0.0,g
492,Kronärtskocka kokt,Arakidonsyra C20:4,Grönsaker,0.0,g
492,Kronärtskocka kokt,Arakidinsyra C20:0,Grönsaker,0.0,g
492,Kronärtskocka kokt,Linolensyra C18:3,Grönsaker,0.0,g
492,Kronärtskocka kokt,Linolsyra C18:2,Grönsaker,0.1,g
492,Kronärtskocka kokt,Oljesyra C18:1,Grönsaker,0.0,g
492,Kronärtskocka kokt,Stearinsyra C18:0,Grönsaker,0.0,g
492,Kronärtskocka kokt,Palmitoljesyra C16:1,Grönsaker,0.0,g
492,Kronärtskocka kokt,Palmitinsyra C16:0,Grönsaker,0.0,g
492,Kronärtskocka kokt,Myristinsyra C14:0,Grönsaker,0.0,g
492,Kronärtskocka kokt,Laurinsyra C12:0,Grönsaker,0.0,g
492,Kronärtskocka kokt,Betakaroten/β-Karoten,Grönsaker,90.0,µg
492,Kronärtskocka kokt,Avfall (skal etc.),Grönsaker,0.0,%
492,Kronärtskocka kokt,Aska,Grönsaker,0.6,g
492,Kronärtskocka kokt,Alkohol,Grönsaker,0.0,g
493,Champinjonsoppa tillagad pulver m. vatten mjölk,"Zink, Zn",Soppa mat,0.2,mg
493,Champinjonsoppa tillagad pulver m. vatten mjölk,Vitamin E,Soppa mat,0.5,mg
493,Champinjonsoppa tillagad pulver m. vatten mjölk,Vitamin D inkl 25-OH-D3,Soppa mat,0.0,µg
493,Champinjonsoppa tillagad pulver m. vatten mjölk,Vitamin D,Soppa mat,0.0,µg
493,Champinjonsoppa tillagad pulver m. vatten mjölk,Vitamin C,Soppa mat,0.0,mg
493,Champinjonsoppa tillagad pulver m. vatten mjölk,Vitamin B6,Soppa mat,0.03,mg
493,Champinjonsoppa tillagad pulver m. vatten mjölk,Vitamin B12,Soppa mat,0.06,µg
493,Champinjonsoppa tillagad pulver m. vatten mjölk,Vitamin A,Soppa mat,6.5,RE/µg
493,Champinjonsoppa tillagad pulver m. vatten mjölk,Vatten,Soppa mat,87.8,g
493,Champinjonsoppa tillagad pulver m. vatten mjölk,Tiamin,Soppa mat,0.16,mg
493,Champinjonsoppa tillagad pulver m. vatten mjölk,Tillsatt socker,Soppa mat,0.0,g
493,Champinjonsoppa tillagad pulver m. vatten mjölk,Fritt socker,Soppa mat,0.0,g
493,Champinjonsoppa tillagad pulver m. vatten mjölk,"Selen, Se",Soppa mat,1.4,µg
493,Champinjonsoppa tillagad pulver m. vatten mjölk,Sackaros,Soppa mat,0.0,g
493,Champinjonsoppa tillagad pulver m. vatten mjölk,Riboflavin,Soppa mat,0.08,mg
493,Champinjonsoppa tillagad pulver m. vatten mjölk,Retinol,Soppa mat,6.2,µg
493,Champinjonsoppa tillagad pulver m. vatten mjölk,Protein,Soppa mat,1.6,g
493,Champinjonsoppa tillagad pulver m. vatten mjölk,Summa fleromättade fettsyror,Soppa mat,0.2,g
493,Champinjonsoppa tillagad pulver m. vatten mjölk,"Fosfor, P",Soppa mat,38.0,mg
493,Champinjonsoppa tillagad pulver m. vatten mjölk,Niacinekvivalenter,Soppa mat,0.83,NE/mg
493,Champinjonsoppa tillagad pulver m. vatten mjölk,Niacin,Soppa mat,0.56,mg
493,Champinjonsoppa tillagad pulver m. vatten mjölk,"Salt, NaCl",Soppa mat,1.0,g
493,Champinjonsoppa tillagad pulver m. vatten mjölk,"Natrium, Na",Soppa mat,392.0,mg
493,Champinjonsoppa tillagad pulver m. vatten mjölk,Monosackarider,Soppa mat,0.0,g
493,Champinjonsoppa tillagad pulver m. vatten mjölk,"Sockerarter, totalt",Soppa mat,1.8,g
493,Champinjonsoppa tillagad pulver m. vatten mjölk,Summa enkelomättade fettsyror,Soppa mat,1.2,g
493,Champinjonsoppa tillagad pulver m. vatten mjölk,"Magnesium, Mg",Soppa mat,5.0,mg
493,Champinjonsoppa tillagad pulver m. vatten mjölk,Summa mättade fettsyror,Soppa mat,1.1,g
493,Champinjonsoppa tillagad pulver m. vatten mjölk,"Kolhydrater, tillgängliga",Soppa mat,6.5,g
493,Champinjonsoppa tillagad pulver m. vatten mjölk,Kolesterol,Soppa mat,2.0,mg
493,Champinjonsoppa tillagad pulver m. vatten mjölk,"Kalium, K",Soppa mat,111.0,mg
493,Champinjonsoppa tillagad pulver m. vatten mjölk,Fullkorn totalt,Soppa mat,0.0,g
493,Champinjonsoppa tillagad pulver m. vatten mjölk,"Folat, totalt",Soppa mat,21.1,µg
493,Champinjonsoppa tillagad pulver m. vatten mjölk,Fibrer,Soppa mat,0.2,g
493,Champinjonsoppa tillagad pulver m. vatten mjölk,"Fett, totalt",Soppa mat,2.6,g
493,Champinjonsoppa tillagad pulver m. vatten mjölk,"Järn, Fe",Soppa mat,0.3,mg
493,Champinjonsoppa tillagad pulver m. vatten mjölk,Energi (kJ),Soppa mat,236.0,kJ
493,Champinjonsoppa tillagad pulver m. vatten mjölk,Energi (kcal),Soppa mat,56.0,kcal
493,Champinjonsoppa tillagad pulver m. vatten mjölk,Disackarider,Soppa mat,1.8,g
493,Champinjonsoppa tillagad pulver m. vatten mjölk,"Kalcium, Ca",Soppa mat,34.0,mg
493,Champinjonsoppa tillagad pulver m. vatten mjölk,Fettsyra 4:0-10:0,Soppa mat,0.1,g
493,Champinjonsoppa tillagad pulver m. vatten mjölk,DHA (C22:6),Soppa mat,0.0,g
493,Champinjonsoppa tillagad pulver m. vatten mjölk,DPA (C22:5),Soppa mat,0.0,g
493,Champinjonsoppa tillagad pulver m. vatten mjölk,EPA (C20:5),Soppa mat,0.0,g
493,Champinjonsoppa tillagad pulver m. vatten mjölk,Arakidonsyra C20:4,Soppa mat,0.0,g
493,Champinjonsoppa tillagad pulver m. vatten mjölk,Arakidinsyra C20:0,Soppa mat,0.0,g
493,Champinjonsoppa tillagad pulver m. vatten mjölk,Linolensyra C18:3,Soppa mat,0.0,g
493,Champinjonsoppa tillagad pulver m. vatten mjölk,Linolsyra C18:2,Soppa mat,0.1,g
493,Champinjonsoppa tillagad pulver m. vatten mjölk,Oljesyra C18:1,Soppa mat,1.2,g
493,Champinjonsoppa tillagad pulver m. vatten mjölk,Stearinsyra C18:0,Soppa mat,0.3,g
493,Champinjonsoppa tillagad pulver m. vatten mjölk,Palmitoljesyra C16:1,Soppa mat,0.0,g
493,Champinjonsoppa tillagad pulver m. vatten mjölk,Palmitinsyra C16:0,Soppa mat,0.5,g
493,Champinjonsoppa tillagad pulver m. vatten mjölk,Myristinsyra C14:0,Soppa mat,0.1,g
493,Champinjonsoppa tillagad pulver m. vatten mjölk,Laurinsyra C12:0,Soppa mat,0.0,g
493,Champinjonsoppa tillagad pulver m. vatten mjölk,Betakaroten/β-Karoten,Soppa mat,4.0,µg
493,Champinjonsoppa tillagad pulver m. vatten mjölk,Avfall (skal etc.),Soppa mat,0.0,%
493,Champinjonsoppa tillagad pulver m. vatten mjölk,Aska,Soppa mat,1.3,g
493,Champinjonsoppa tillagad pulver m. vatten mjölk,Alkohol,Soppa mat,0.0,g
494,Champinjonsoppa tillagad redd m. mjölk konserv.,"Zink, Zn",Soppa mat,0.3,mg
494,Champinjonsoppa tillagad redd m. mjölk konserv.,Vitamin E,Soppa mat,0.4,mg
494,Champinjonsoppa tillagad redd m. mjölk konserv.,Vitamin D inkl 25-OH-D3,Soppa mat,0.0,µg
494,Champinjonsoppa tillagad redd m. mjölk konserv.,Vitamin D,Soppa mat,0.0,µg
494,Champinjonsoppa tillagad redd m. mjölk konserv.,Vitamin C,Soppa mat,0.0,mg
494,Champinjonsoppa tillagad redd m. mjölk konserv.,Vitamin B6,Soppa mat,0.04,mg
494,Champinjonsoppa tillagad redd m. mjölk konserv.,Vitamin B12,Soppa mat,0.1,µg
494,Champinjonsoppa tillagad redd m. mjölk konserv.,Vitamin A,Soppa mat,31.5,RE/µg
494,Champinjonsoppa tillagad redd m. mjölk konserv.,Vatten,Soppa mat,87.0,g
494,Champinjonsoppa tillagad redd m. mjölk konserv.,Tiamin,Soppa mat,0.41,mg
494,Champinjonsoppa tillagad redd m. mjölk konserv.,Tillsatt socker,Soppa mat,0.0,g
494,Champinjonsoppa tillagad redd m. mjölk konserv.,Fritt socker,Soppa mat,0.0,g
494,Champinjonsoppa tillagad redd m. mjölk konserv.,"Selen, Se",Soppa mat,1.3,µg
494,Champinjonsoppa tillagad redd m. mjölk konserv.,Sackaros,Soppa mat,0.0,g
494,Champinjonsoppa tillagad redd m. mjölk konserv.,Riboflavin,Soppa mat,0.1,mg
494,Champinjonsoppa tillagad redd m. mjölk konserv.,Retinol,Soppa mat,14.8,µg
494,Champinjonsoppa tillagad redd m. mjölk konserv.,Protein,Soppa mat,2.2,g
494,Champinjonsoppa tillagad redd m. mjölk konserv.,Summa fleromättade fettsyror,Soppa mat,0.6,g
494,Champinjonsoppa tillagad redd m. mjölk konserv.,"Fosfor, P",Soppa mat,52.0,mg
494,Champinjonsoppa tillagad redd m. mjölk konserv.,Niacinekvivalenter,Soppa mat,0.67,NE/mg
494,Champinjonsoppa tillagad redd m. mjölk konserv.,Niacin,Soppa mat,0.29,mg
494,Champinjonsoppa tillagad redd m. mjölk konserv.,"Salt, NaCl",Soppa mat,1.0,g
494,Champinjonsoppa tillagad redd m. mjölk konserv.,"Natrium, Na",Soppa mat,399.0,mg
494,Champinjonsoppa tillagad redd m. mjölk konserv.,Monosackarider,Soppa mat,0.0,g
494,Champinjonsoppa tillagad redd m. mjölk konserv.,"Sockerarter, totalt",Soppa mat,2.7,g
494,Champinjonsoppa tillagad redd m. mjölk konserv.,Summa enkelomättade fettsyror,Soppa mat,1.5,g
494,Champinjonsoppa tillagad redd m. mjölk konserv.,"Magnesium, Mg",Soppa mat,2.0,mg
494,Champinjonsoppa tillagad redd m. mjölk konserv.,Summa mättade fettsyror,Soppa mat,1.3,g
494,Champinjonsoppa tillagad redd m. mjölk konserv.,"Kolhydrater, tillgängliga",Soppa mat,5.5,g
494,Champinjonsoppa tillagad redd m. mjölk konserv.,Kolesterol,Soppa mat,6.3,mg
494,Champinjonsoppa tillagad redd m. mjölk konserv.,"Kalium, K",Soppa mat,1160.0,mg
494,Champinjonsoppa tillagad redd m. mjölk konserv.,Fullkorn totalt,Soppa mat,0.0,g
494,Champinjonsoppa tillagad redd m. mjölk konserv.,"Folat, totalt",Soppa mat,15.2,µg
494,Champinjonsoppa tillagad redd m. mjölk konserv.,Fibrer,Soppa mat,0.2,g
494,Champinjonsoppa tillagad redd m. mjölk konserv.,"Fett, totalt",Soppa mat,3.7,g
494,Champinjonsoppa tillagad redd m. mjölk konserv.,"Järn, Fe",Soppa mat,0.2,mg
494,Champinjonsoppa tillagad redd m. mjölk konserv.,Energi (kJ),Soppa mat,269.0,kJ
494,Champinjonsoppa tillagad redd m. mjölk konserv.,Energi (kcal),Soppa mat,64.0,kcal
494,Champinjonsoppa tillagad redd m. mjölk konserv.,Disackarider,Soppa mat,2.7,g
494,Champinjonsoppa tillagad redd m. mjölk konserv.,"Kalcium, Ca",Soppa mat,557.0,mg
494,Champinjonsoppa tillagad redd m. mjölk konserv.,Fettsyra 4:0-10:0,Soppa mat,0.1,g
494,Champinjonsoppa tillagad redd m. mjölk konserv.,DHA (C22:6),Soppa mat,0.0,g
494,Champinjonsoppa tillagad redd m. mjölk konserv.,DPA (C22:5),Soppa mat,0.0,g
494,Champinjonsoppa tillagad redd m. mjölk konserv.,EPA (C20:5),Soppa mat,0.0,g
494,Champinjonsoppa tillagad redd m. mjölk konserv.,Arakidonsyra C20:4,Soppa mat,0.0,g
494,Champinjonsoppa tillagad redd m. mjölk konserv.,Arakidinsyra C20:0,Soppa mat,0.0,g
494,Champinjonsoppa tillagad redd m. mjölk konserv.,Linolensyra C18:3,Soppa mat,0.2,g
494,Champinjonsoppa tillagad redd m. mjölk konserv.,Linolsyra C18:2,Soppa mat,0.4,g
494,Champinjonsoppa tillagad redd m. mjölk konserv.,Oljesyra C18:1,Soppa mat,1.4,g
494,Champinjonsoppa tillagad redd m. mjölk konserv.,Stearinsyra C18:0,Soppa mat,0.3,g
494,Champinjonsoppa tillagad redd m. mjölk konserv.,Palmitoljesyra C16:1,Soppa mat,0.0,g
494,Champinjonsoppa tillagad redd m. mjölk konserv.,Palmitinsyra C16:0,Soppa mat,0.6,g
494,Champinjonsoppa tillagad redd m. mjölk konserv.,Myristinsyra C14:0,Soppa mat,0.2,g
494,Champinjonsoppa tillagad redd m. mjölk konserv.,Laurinsyra C12:0,Soppa mat,0.0,g
494,Champinjonsoppa tillagad redd m. mjölk konserv.,Betakaroten/β-Karoten,Soppa mat,200.0,µg
494,Champinjonsoppa tillagad redd m. mjölk konserv.,Avfall (skal etc.),Soppa mat,0.0,%
494,Champinjonsoppa tillagad redd m. mjölk konserv.,Aska,Soppa mat,1.4,g
494,Champinjonsoppa tillagad redd m. mjölk konserv.,Alkohol,Soppa mat,0.0,g
495,Majskolv kokt,"Zink, Zn",Grönsaker,0.5,mg
495,Majskolv kokt,Vitamin E,Grönsaker,0.8,mg
495,Majskolv kokt,Vitamin D inkl 25-OH-D3,Grönsaker,0.0,µg
495,Majskolv kokt,Vitamin D,Grönsaker,0.0,µg
495,Majskolv kokt,Vitamin C,Grönsaker,9.0,mg
495,Majskolv kokt,Vitamin B6,Grönsaker,0.16,mg
495,Majskolv kokt,Vitamin B12,Grönsaker,0.0,µg
495,Majskolv kokt,Vitamin A,Grönsaker,20.0,RE/µg
495,Majskolv kokt,Vatten,Grönsaker,74.1,g
495,Majskolv kokt,Tiamin,Grönsaker,0.12,mg
495,Majskolv kokt,Tillsatt socker,Grönsaker,0.0,g
495,Majskolv kokt,Fritt socker,Grönsaker,0.0,g
495,Majskolv kokt,"Selen, Se",Grönsaker,0.5,µg
495,Majskolv kokt,Sackaros,Grönsaker,0.8,g
495,Majskolv kokt,Riboflavin,Grönsaker,0.1,mg
495,Majskolv kokt,Retinol,Grönsaker,0.0,µg
495,Majskolv kokt,Protein,Grönsaker,3.3,g
495,Majskolv kokt,Summa fleromättade fettsyror,Grönsaker,0.5,g
495,Majskolv kokt,"Fosfor, P",Grönsaker,89.0,mg
495,Majskolv kokt,Niacinekvivalenter,Grönsaker,1.73,NE/mg
495,Majskolv kokt,Niacin,Grönsaker,1.4,mg
495,Majskolv kokt,"Salt, NaCl",Grönsaker,0.6,g
495,Majskolv kokt,"Natrium, Na",Grönsaker,255.0,mg
495,Majskolv kokt,Monosackarider,Grönsaker,0.8,g
495,Majskolv kokt,"Sockerarter, totalt",Grönsaker,1.7,g
495,Majskolv kokt,Summa enkelomättade fettsyror,Grönsaker,0.2,g
495,Majskolv kokt,"Magnesium, Mg",Grönsaker,19.0,mg
495,Majskolv kokt,Summa mättade fettsyror,Grönsaker,0.1,g
495,Majskolv kokt,"Kolhydrater, tillgängliga",Grönsaker,17.3,g
495,Majskolv kokt,Kolesterol,Grönsaker,0.0,mg
495,Majskolv kokt,"Kalium, K",Grönsaker,196.0,mg
495,Majskolv kokt,"Jod, I",Grönsaker,0.0,µg
495,Majskolv kokt,Fullkorn totalt,Grönsaker,100.0,g
495,Majskolv kokt,"Folat, totalt",Grönsaker,32.0,µg
495,Majskolv kokt,Fibrer,Grönsaker,3.7,g
495,Majskolv kokt,"Fett, totalt",Grönsaker,1.0,g
495,Majskolv kokt,"Järn, Fe",Grönsaker,0.6,mg
495,Majskolv kokt,Energi (kJ),Grönsaker,417.0,kJ
495,Majskolv kokt,Energi (kcal),Grönsaker,100.0,kcal
495,Majskolv kokt,Disackarider,Grönsaker,0.9,g
495,Majskolv kokt,"Kalcium, Ca",Grönsaker,3.0,mg
495,Majskolv kokt,Fettsyra 4:0-10:0,Grönsaker,0.0,g
495,Majskolv kokt,DHA (C22:6),Grönsaker,0.0,g
495,Majskolv kokt,DPA (C22:5),Grönsaker,0.0,g
495,Majskolv kokt,EPA (C20:5),Grönsaker,0.0,g
495,Majskolv kokt,Arakidonsyra C20:4,Grönsaker,0.0,g
495,Majskolv kokt,Arakidinsyra C20:0,Grönsaker,0.0,g
495,Majskolv kokt,Linolensyra C18:3,Grönsaker,0.0,g
495,Majskolv kokt,Linolsyra C18:2,Grönsaker,0.5,g
495,Majskolv kokt,Oljesyra C18:1,Grönsaker,0.2,g
495,Majskolv kokt,Stearinsyra C18:0,Grönsaker,0.0,g
495,Majskolv kokt,Palmitoljesyra C16:1,Grönsaker,0.0,g
495,Majskolv kokt,Palmitinsyra C16:0,Grönsaker,0.1,g
495,Majskolv kokt,Myristinsyra C14:0,Grönsaker,0.0,g
495,Majskolv kokt,Laurinsyra C12:0,Grönsaker,0.0,g
495,Majskolv kokt,Betakaroten/β-Karoten,Grönsaker,240.0,µg
495,Majskolv kokt,Avfall (skal etc.),Grönsaker,43.0,%
495,Majskolv kokt,Aska,Grönsaker,0.6,g
495,Majskolv kokt,Alkohol,Grönsaker,0.0,g
496,Blomkålssoppa tillagad pulver m. vatten mjölk,"Zink, Zn",Soppa mat,0.2,mg
496,Blomkålssoppa tillagad pulver m. vatten mjölk,Vitamin E,Soppa mat,0.4,mg
496,Blomkålssoppa tillagad pulver m. vatten mjölk,Vitamin D inkl 25-OH-D3,Soppa mat,0.0,µg
496,Blomkålssoppa tillagad pulver m. vatten mjölk,Vitamin D,Soppa mat,0.0,µg
496,Blomkålssoppa tillagad pulver m. vatten mjölk,Vitamin C,Soppa mat,0.0,mg
496,Blomkålssoppa tillagad pulver m. vatten mjölk,Vitamin B6,Soppa mat,0.04,mg
496,Blomkålssoppa tillagad pulver m. vatten mjölk,Vitamin B12,Soppa mat,0.08,µg
496,Blomkålssoppa tillagad pulver m. vatten mjölk,Vitamin A,Soppa mat,6.9,RE/µg
496,Blomkålssoppa tillagad pulver m. vatten mjölk,Vatten,Soppa mat,88.7,g
496,Blomkålssoppa tillagad pulver m. vatten mjölk,Tiamin,Soppa mat,0.23,mg
496,Blomkålssoppa tillagad pulver m. vatten mjölk,Tillsatt socker,Soppa mat,0.0,g
496,Blomkålssoppa tillagad pulver m. vatten mjölk,Fritt socker,Soppa mat,0.0,g
496,Blomkålssoppa tillagad pulver m. vatten mjölk,"Selen, Se",Soppa mat,0.5,µg
496,Blomkålssoppa tillagad pulver m. vatten mjölk,Sackaros,Soppa mat,0.0,g
496,Blomkålssoppa tillagad pulver m. vatten mjölk,Riboflavin,Soppa mat,0.06,mg
496,Blomkålssoppa tillagad pulver m. vatten mjölk,Retinol,Soppa mat,6.6,µg
496,Blomkålssoppa tillagad pulver m. vatten mjölk,Protein,Soppa mat,1.6,g
496,Blomkålssoppa tillagad pulver m. vatten mjölk,Summa fleromättade fettsyror,Soppa mat,0.1,g
496,Blomkålssoppa tillagad pulver m. vatten mjölk,"Fosfor, P",Soppa mat,45.0,mg
496,Blomkålssoppa tillagad pulver m. vatten mjölk,Niacinekvivalenter,Soppa mat,0.41,NE/mg
496,Blomkålssoppa tillagad pulver m. vatten mjölk,Niacin,Soppa mat,0.15,mg
496,Blomkålssoppa tillagad pulver m. vatten mjölk,"Salt, NaCl",Soppa mat,0.9,g
496,Blomkålssoppa tillagad pulver m. vatten mjölk,"Natrium, Na",Soppa mat,374.0,mg
496,Blomkålssoppa tillagad pulver m. vatten mjölk,Monosackarider,Soppa mat,0.2,g
496,Blomkålssoppa tillagad pulver m. vatten mjölk,"Sockerarter, totalt",Soppa mat,1.8,g
496,Blomkålssoppa tillagad pulver m. vatten mjölk,Summa enkelomättade fettsyror,Soppa mat,1.0,g
496,Blomkålssoppa tillagad pulver m. vatten mjölk,"Magnesium, Mg",Soppa mat,4.0,mg
496,Blomkålssoppa tillagad pulver m. vatten mjölk,Summa mättade fettsyror,Soppa mat,1.0,g
496,Blomkålssoppa tillagad pulver m. vatten mjölk,"Kolhydrater, tillgängliga",Soppa mat,5.9,g
496,Blomkålssoppa tillagad pulver m. vatten mjölk,Kolesterol,Soppa mat,2.0,mg
496,Blomkålssoppa tillagad pulver m. vatten mjölk,"Kalium, K",Soppa mat,86.0,mg
496,Blomkålssoppa tillagad pulver m. vatten mjölk,Fullkorn totalt,Soppa mat,0.0,g
496,Blomkålssoppa tillagad pulver m. vatten mjölk,"Folat, totalt",Soppa mat,21.8,µg
496,Blomkålssoppa tillagad pulver m. vatten mjölk,Fibrer,Soppa mat,0.3,g
496,Blomkålssoppa tillagad pulver m. vatten mjölk,"Fett, totalt",Soppa mat,2.2,g
496,Blomkålssoppa tillagad pulver m. vatten mjölk,"Järn, Fe",Soppa mat,0.1,mg
496,Blomkålssoppa tillagad pulver m. vatten mjölk,Energi (kJ),Soppa mat,213.0,kJ
496,Blomkålssoppa tillagad pulver m. vatten mjölk,Energi (kcal),Soppa mat,51.0,kcal
496,Blomkålssoppa tillagad pulver m. vatten mjölk,Disackarider,Soppa mat,1.6,g
496,Blomkålssoppa tillagad pulver m. vatten mjölk,"Kalcium, Ca",Soppa mat,33.0,mg
496,Blomkålssoppa tillagad pulver m. vatten mjölk,Fettsyra 4:0-10:0,Soppa mat,0.1,g
496,Blomkålssoppa tillagad pulver m. vatten mjölk,DHA (C22:6),Soppa mat,0.0,g
496,Blomkålssoppa tillagad pulver m. vatten mjölk,DPA (C22:5),Soppa mat,0.0,g
496,Blomkålssoppa tillagad pulver m. vatten mjölk,EPA (C20:5),Soppa mat,0.0,g
496,Blomkålssoppa tillagad pulver m. vatten mjölk,Arakidonsyra C20:4,Soppa mat,0.0,g
496,Blomkålssoppa tillagad pulver m. vatten mjölk,Arakidinsyra C20:0,Soppa mat,0.0,g
496,Blomkålssoppa tillagad pulver m. vatten mjölk,Linolensyra C18:3,Soppa mat,0.0,g
496,Blomkålssoppa tillagad pulver m. vatten mjölk,Linolsyra C18:2,Soppa mat,0.1,g
496,Blomkålssoppa tillagad pulver m. vatten mjölk,Oljesyra C18:1,Soppa mat,0.9,g
496,Blomkålssoppa tillagad pulver m. vatten mjölk,Stearinsyra C18:0,Soppa mat,0.3,g
496,Blomkålssoppa tillagad pulver m. vatten mjölk,Palmitoljesyra C16:1,Soppa mat,0.0,g
496,Blomkålssoppa tillagad pulver m. vatten mjölk,Palmitinsyra C16:0,Soppa mat,0.5,g
496,Blomkålssoppa tillagad pulver m. vatten mjölk,Myristinsyra C14:0,Soppa mat,0.1,g
496,Blomkålssoppa tillagad pulver m. vatten mjölk,Laurinsyra C12:0,Soppa mat,0.0,g
496,Blomkålssoppa tillagad pulver m. vatten mjölk,Betakaroten/β-Karoten,Soppa mat,4.0,µg
496,Blomkålssoppa tillagad pulver m. vatten mjölk,Avfall (skal etc.),Soppa mat,0.0,%
496,Blomkålssoppa tillagad pulver m. vatten mjölk,Aska,Soppa mat,1.3,g
496,Blomkålssoppa tillagad pulver m. vatten mjölk,Alkohol,Soppa mat,0.0,g
497,Tomatsoppa tillagad pulver m. vatten,"Zink, Zn",Soppa mat,0.1,mg
497,Tomatsoppa tillagad pulver m. vatten,Vitamin E,Soppa mat,0.3,mg
497,Tomatsoppa tillagad pulver m. vatten,Vitamin D inkl 25-OH-D3,Soppa mat,0.0,µg
497,Tomatsoppa tillagad pulver m. vatten,Vitamin D,Soppa mat,0.0,µg
497,Tomatsoppa tillagad pulver m. vatten,Vitamin C,Soppa mat,2.0,mg
497,Tomatsoppa tillagad pulver m. vatten,Vitamin B6,Soppa mat,0.04,mg
497,Tomatsoppa tillagad pulver m. vatten,Vitamin B12,Soppa mat,0.0,µg
497,Tomatsoppa tillagad pulver m. vatten,Vitamin A,Soppa mat,14.0,RE/µg
497,Tomatsoppa tillagad pulver m. vatten,Vatten,Soppa mat,91.0,g
497,Tomatsoppa tillagad pulver m. vatten,Tiamin,Soppa mat,0.02,mg
497,Tomatsoppa tillagad pulver m. vatten,Tillsatt socker,Soppa mat,2.0,g
497,Tomatsoppa tillagad pulver m. vatten,Fritt socker,Soppa mat,2.0,g
497,Tomatsoppa tillagad pulver m. vatten,"Selen, Se",Soppa mat,0.2,µg
497,Tomatsoppa tillagad pulver m. vatten,Sackaros,Soppa mat,1.2,g
497,Tomatsoppa tillagad pulver m. vatten,Riboflavin,Soppa mat,0.02,mg
497,Tomatsoppa tillagad pulver m. vatten,Retinol,Soppa mat,0.0,µg
497,Tomatsoppa tillagad pulver m. vatten,Protein,Soppa mat,1.0,g
497,Tomatsoppa tillagad pulver m. vatten,Summa fleromättade fettsyror,Soppa mat,0.4,g
497,Tomatsoppa tillagad pulver m. vatten,"Fosfor, P",Soppa mat,22.0,mg
497,Tomatsoppa tillagad pulver m. vatten,Niacinekvivalenter,Soppa mat,0.47,NE/mg
497,Tomatsoppa tillagad pulver m. vatten,Niacin,Soppa mat,0.3,mg
497,Tomatsoppa tillagad pulver m. vatten,"Salt, NaCl",Soppa mat,0.8,g
497,Tomatsoppa tillagad pulver m. vatten,"Natrium, Na",Soppa mat,310.0,mg
497,Tomatsoppa tillagad pulver m. vatten,Monosackarider,Soppa mat,1.4,g
497,Tomatsoppa tillagad pulver m. vatten,"Sockerarter, totalt",Soppa mat,2.6,g
497,Tomatsoppa tillagad pulver m. vatten,Summa enkelomättade fettsyror,Soppa mat,0.2,g
497,Tomatsoppa tillagad pulver m. vatten,"Magnesium, Mg",Soppa mat,5.0,mg
497,Tomatsoppa tillagad pulver m. vatten,Summa mättade fettsyror,Soppa mat,0.2,g
497,Tomatsoppa tillagad pulver m. vatten,"Kolhydrater, tillgängliga",Soppa mat,4.6,g
497,Tomatsoppa tillagad pulver m. vatten,Kolesterol,Soppa mat,0.0,mg
497,Tomatsoppa tillagad pulver m. vatten,"Kalium, K",Soppa mat,133.0,mg
497,Tomatsoppa tillagad pulver m. vatten,Fullkorn totalt,Soppa mat,0.0,g
497,Tomatsoppa tillagad pulver m. vatten,"Folat, totalt",Soppa mat,1.0,µg
497,Tomatsoppa tillagad pulver m. vatten,Fibrer,Soppa mat,1.4,g
497,Tomatsoppa tillagad pulver m. vatten,"Fett, totalt",Soppa mat,0.8,g
497,Tomatsoppa tillagad pulver m. vatten,"Järn, Fe",Soppa mat,0.2,mg
497,Tomatsoppa tillagad pulver m. vatten,Energi (kJ),Soppa mat,136.0,kJ
497,Tomatsoppa tillagad pulver m. vatten,Energi (kcal),Soppa mat,32.0,kcal
497,Tomatsoppa tillagad pulver m. vatten,Disackarider,Soppa mat,1.2,g
497,Tomatsoppa tillagad pulver m. vatten,"Kalcium, Ca",Soppa mat,8.0,mg
497,Tomatsoppa tillagad pulver m. vatten,Fettsyra 4:0-10:0,Soppa mat,0.0,g
497,Tomatsoppa tillagad pulver m. vatten,DHA (C22:6),Soppa mat,0.0,g
497,Tomatsoppa tillagad pulver m. vatten,DPA (C22:5),Soppa mat,0.0,g
497,Tomatsoppa tillagad pulver m. vatten,EPA (C20:5),Soppa mat,0.0,g
497,Tomatsoppa tillagad pulver m. vatten,Arakidonsyra C20:4,Soppa mat,0.0,g
497,Tomatsoppa tillagad pulver m. vatten,Arakidinsyra C20:0,Soppa mat,0.0,g
497,Tomatsoppa tillagad pulver m. vatten,Linolensyra C18:3,Soppa mat,0.1,g
497,Tomatsoppa tillagad pulver m. vatten,Linolsyra C18:2,Soppa mat,0.3,g
497,Tomatsoppa tillagad pulver m. vatten,Oljesyra C18:1,Soppa mat,0.2,g
497,Tomatsoppa tillagad pulver m. vatten,Stearinsyra C18:0,Soppa mat,0.0,g
497,Tomatsoppa tillagad pulver m. vatten,Palmitoljesyra C16:1,Soppa mat,0.0,g
497,Tomatsoppa tillagad pulver m. vatten,Palmitinsyra C16:0,Soppa mat,0.1,g
497,Tomatsoppa tillagad pulver m. vatten,Myristinsyra C14:0,Soppa mat,0.0,g
497,Tomatsoppa tillagad pulver m. vatten,Laurinsyra C12:0,Soppa mat,0.0,g
497,Tomatsoppa tillagad pulver m. vatten,Betakaroten/β-Karoten,Soppa mat,168.0,µg
497,Tomatsoppa tillagad pulver m. vatten,Avfall (skal etc.),Soppa mat,0.0,%
497,Tomatsoppa tillagad pulver m. vatten,Aska,Soppa mat,1.2,g
497,Tomatsoppa tillagad pulver m. vatten,Alkohol,Soppa mat,0.0,g
498,Tomatsoppa tillagad konserv. m. vatten mjölk,"Zink, Zn",Soppa mat,0.2,mg
498,Tomatsoppa tillagad konserv. m. vatten mjölk,Vitamin E,Soppa mat,0.8,mg
498,Tomatsoppa tillagad konserv. m. vatten mjölk,Vitamin D inkl 25-OH-D3,Soppa mat,0.0,µg
498,Tomatsoppa tillagad konserv. m. vatten mjölk,Vitamin D,Soppa mat,0.0,µg
498,Tomatsoppa tillagad konserv. m. vatten mjölk,Vitamin C,Soppa mat,0.0,mg
498,Tomatsoppa tillagad konserv. m. vatten mjölk,Vitamin B6,Soppa mat,0.07,mg
498,Tomatsoppa tillagad konserv. m. vatten mjölk,Vitamin B12,Soppa mat,0.09,µg
498,Tomatsoppa tillagad konserv. m. vatten mjölk,Vitamin A,Soppa mat,39.9,RE/µg
498,Tomatsoppa tillagad konserv. m. vatten mjölk,Vatten,Soppa mat,88.6,g
498,Tomatsoppa tillagad konserv. m. vatten mjölk,Tiamin,Soppa mat,0.03,mg
498,Tomatsoppa tillagad konserv. m. vatten mjölk,Tillsatt socker,Soppa mat,2.0,g
498,Tomatsoppa tillagad konserv. m. vatten mjölk,Fritt socker,Soppa mat,2.0,g
498,Tomatsoppa tillagad konserv. m. vatten mjölk,"Selen, Se",Soppa mat,0.7,µg
498,Tomatsoppa tillagad konserv. m. vatten mjölk,Sackaros,Soppa mat,1.2,g
498,Tomatsoppa tillagad konserv. m. vatten mjölk,Riboflavin,Soppa mat,0.04,mg
498,Tomatsoppa tillagad konserv. m. vatten mjölk,Retinol,Soppa mat,6.6,µg
498,Tomatsoppa tillagad konserv. m. vatten mjölk,Protein,Soppa mat,1.2,g
498,Tomatsoppa tillagad konserv. m. vatten mjölk,Summa fleromättade fettsyror,Soppa mat,0.2,g
498,Tomatsoppa tillagad konserv. m. vatten mjölk,"Fosfor, P",Soppa mat,26.0,mg
498,Tomatsoppa tillagad konserv. m. vatten mjölk,Niacinekvivalenter,Soppa mat,0.71,NE/mg
498,Tomatsoppa tillagad konserv. m. vatten mjölk,Niacin,Soppa mat,0.51,mg
498,Tomatsoppa tillagad konserv. m. vatten mjölk,"Salt, NaCl",Soppa mat,1.0,g
498,Tomatsoppa tillagad konserv. m. vatten mjölk,"Natrium, Na",Soppa mat,416.0,mg
498,Tomatsoppa tillagad konserv. m. vatten mjölk,Monosackarider,Soppa mat,2.6,g
498,Tomatsoppa tillagad konserv. m. vatten mjölk,"Sockerarter, totalt",Soppa mat,4.6,g
498,Tomatsoppa tillagad konserv. m. vatten mjölk,Summa enkelomättade fettsyror,Soppa mat,0.6,g
498,Tomatsoppa tillagad konserv. m. vatten mjölk,"Magnesium, Mg",Soppa mat,14.0,mg
498,Tomatsoppa tillagad konserv. m. vatten mjölk,Summa mättade fettsyror,Soppa mat,0.5,g
498,Tomatsoppa tillagad konserv. m. vatten mjölk,"Kolhydrater, tillgängliga",Soppa mat,6.3,g
498,Tomatsoppa tillagad konserv. m. vatten mjölk,Kolesterol,Soppa mat,1.8,mg
498,Tomatsoppa tillagad konserv. m. vatten mjölk,"Kalium, K",Soppa mat,1520.0,mg
498,Tomatsoppa tillagad konserv. m. vatten mjölk,"Jod, I",Soppa mat,0.7,µg
498,Tomatsoppa tillagad konserv. m. vatten mjölk,Fullkorn totalt,Soppa mat,0.0,g
498,Tomatsoppa tillagad konserv. m. vatten mjölk,"Folat, totalt",Soppa mat,18.6,µg
498,Tomatsoppa tillagad konserv. m. vatten mjölk,Fibrer,Soppa mat,1.1,g
498,Tomatsoppa tillagad konserv. m. vatten mjölk,"Fett, totalt",Soppa mat,1.4,g
498,Tomatsoppa tillagad konserv. m. vatten mjölk,"Järn, Fe",Soppa mat,0.6,mg
498,Tomatsoppa tillagad konserv. m. vatten mjölk,Energi (kJ),Soppa mat,189.0,kJ
498,Tomatsoppa tillagad konserv. m. vatten mjölk,Energi (kcal),Soppa mat,45.0,kcal
498,Tomatsoppa tillagad konserv. m. vatten mjölk,Disackarider,Soppa mat,2.0,g
498,Tomatsoppa tillagad konserv. m. vatten mjölk,"Kalcium, Ca",Soppa mat,326.0,mg
498,Tomatsoppa tillagad konserv. m. vatten mjölk,Fettsyra 4:0-10:0,Soppa mat,0.1,g
498,Tomatsoppa tillagad konserv. m. vatten mjölk,DHA (C22:6),Soppa mat,0.0,g
498,Tomatsoppa tillagad konserv. m. vatten mjölk,DPA (C22:5),Soppa mat,0.0,g
498,Tomatsoppa tillagad konserv. m. vatten mjölk,EPA (C20:5),Soppa mat,0.0,g
498,Tomatsoppa tillagad konserv. m. vatten mjölk,Arakidonsyra C20:4,Soppa mat,0.0,g
498,Tomatsoppa tillagad konserv. m. vatten mjölk,Arakidinsyra C20:0,Soppa mat,0.0,g
498,Tomatsoppa tillagad konserv. m. vatten mjölk,Linolensyra C18:3,Soppa mat,0.1,g
498,Tomatsoppa tillagad konserv. m. vatten mjölk,Linolsyra C18:2,Soppa mat,0.2,g
498,Tomatsoppa tillagad konserv. m. vatten mjölk,Oljesyra C18:1,Soppa mat,0.5,g
498,Tomatsoppa tillagad konserv. m. vatten mjölk,Stearinsyra C18:0,Soppa mat,0.1,g
498,Tomatsoppa tillagad konserv. m. vatten mjölk,Palmitoljesyra C16:1,Soppa mat,0.0,g
498,Tomatsoppa tillagad konserv. m. vatten mjölk,Palmitinsyra C16:0,Soppa mat,0.2,g
498,Tomatsoppa tillagad konserv. m. vatten mjölk,Myristinsyra C14:0,Soppa mat,0.1,g
498,Tomatsoppa tillagad konserv. m. vatten mjölk,Laurinsyra C12:0,Soppa mat,0.0,g
498,Tomatsoppa tillagad konserv. m. vatten mjölk,Betakaroten/β-Karoten,Soppa mat,400.0,µg
498,Tomatsoppa tillagad konserv. m. vatten mjölk,Avfall (skal etc.),Soppa mat,0.0,%
498,Tomatsoppa tillagad konserv. m. vatten mjölk,Aska,Soppa mat,1.4,g
498,Tomatsoppa tillagad konserv. m. vatten mjölk,Alkohol,Soppa mat,0.0,g
499,Sparrissoppa tillagad pulver m. vatten mjölk veg.,"Zink, Zn",Soppa mat,0.2,mg
499,Sparrissoppa tillagad pulver m. vatten mjölk veg.,Vitamin E,Soppa mat,0.3,mg
499,Sparrissoppa tillagad pulver m. vatten mjölk veg.,Vitamin D,Soppa mat,0.0,µg
499,Sparrissoppa tillagad pulver m. vatten mjölk veg.,Vitamin C,Soppa mat,0.0,mg
499,Sparrissoppa tillagad pulver m. vatten mjölk veg.,Vitamin B6,Soppa mat,0.03,mg
499,Sparrissoppa tillagad pulver m. vatten mjölk veg.,Vitamin B12,Soppa mat,0.09,µg
499,Sparrissoppa tillagad pulver m. vatten mjölk veg.,Vitamin A,Soppa mat,12.6,RE/µg
499,Sparrissoppa tillagad pulver m. vatten mjölk veg.,Vatten,Soppa mat,88.8,g
499,Sparrissoppa tillagad pulver m. vatten mjölk veg.,Tiamin,Soppa mat,0.03,mg
499,Sparrissoppa tillagad pulver m. vatten mjölk veg.,Tillsatt socker,Soppa mat,0.0,g
499,Sparrissoppa tillagad pulver m. vatten mjölk veg.,Fritt socker,Soppa mat,0.0,g
499,Sparrissoppa tillagad pulver m. vatten mjölk veg.,"Selen, Se",Soppa mat,0.9,µg
499,Sparrissoppa tillagad pulver m. vatten mjölk veg.,Sackaros,Soppa mat,0.2,g
499,Sparrissoppa tillagad pulver m. vatten mjölk veg.,Riboflavin,Soppa mat,0.34,mg
499,Sparrissoppa tillagad pulver m. vatten mjölk veg.,Retinol,Soppa mat,9.5,µg
499,Sparrissoppa tillagad pulver m. vatten mjölk veg.,Protein,Soppa mat,1.4,g
499,Sparrissoppa tillagad pulver m. vatten mjölk veg.,Summa fleromättade fettsyror,Soppa mat,0.1,g
499,Sparrissoppa tillagad pulver m. vatten mjölk veg.,"Fosfor, P",Soppa mat,43.0,mg
499,Sparrissoppa tillagad pulver m. vatten mjölk veg.,Niacinekvivalenter,Soppa mat,0.4,NE/mg
499,Sparrissoppa tillagad pulver m. vatten mjölk veg.,Niacin,Soppa mat,0.16,mg
499,Sparrissoppa tillagad pulver m. vatten mjölk veg.,"Salt, NaCl",Soppa mat,1.0,g
499,Sparrissoppa tillagad pulver m. vatten mjölk veg.,"Natrium, Na",Soppa mat,416.0,mg
499,Sparrissoppa tillagad pulver m. vatten mjölk veg.,Monosackarider,Soppa mat,0.2,g
499,Sparrissoppa tillagad pulver m. vatten mjölk veg.,"Sockerarter, totalt",Soppa mat,1.9,g
499,Sparrissoppa tillagad pulver m. vatten mjölk veg.,Summa enkelomättade fettsyror,Soppa mat,1.0,g
499,Sparrissoppa tillagad pulver m. vatten mjölk veg.,"Magnesium, Mg",Soppa mat,3.0,mg
499,Sparrissoppa tillagad pulver m. vatten mjölk veg.,Summa mättade fettsyror,Soppa mat,1.1,g
499,Sparrissoppa tillagad pulver m. vatten mjölk veg.,"Kolhydrater, tillgängliga",Soppa mat,5.9,g
499,Sparrissoppa tillagad pulver m. vatten mjölk veg.,Kolesterol,Soppa mat,2.0,mg
499,Sparrissoppa tillagad pulver m. vatten mjölk veg.,"Kalium, K",Soppa mat,79.0,mg
499,Sparrissoppa tillagad pulver m. vatten mjölk veg.,Fullkorn totalt,Soppa mat,0.0,g
499,Sparrissoppa tillagad pulver m. vatten mjölk veg.,"Folat, totalt",Soppa mat,20.3,µg
499,Sparrissoppa tillagad pulver m. vatten mjölk veg.,Fibrer,Soppa mat,0.2,g
499,Sparrissoppa tillagad pulver m. vatten mjölk veg.,"Fett, totalt",Soppa mat,2.3,g
499,Sparrissoppa tillagad pulver m. vatten mjölk veg.,"Järn, Fe",Soppa mat,0.1,mg
499,Sparrissoppa tillagad pulver m. vatten mjölk veg.,Energi (kJ),Soppa mat,211.0,kJ
499,Sparrissoppa tillagad pulver m. vatten mjölk veg.,Energi (kcal),Soppa mat,50.0,kcal
499,Sparrissoppa tillagad pulver m. vatten mjölk veg.,Disackarider,Soppa mat,1.7,g
499,Sparrissoppa tillagad pulver m. vatten mjölk veg.,"Kalcium, Ca",Soppa mat,27.0,mg
499,Sparrissoppa tillagad pulver m. vatten mjölk veg.,Fettsyra 4:0-10:0,Soppa mat,0.1,g
499,Sparrissoppa tillagad pulver m. vatten mjölk veg.,DHA (C22:6),Soppa mat,0.0,g
499,Sparrissoppa tillagad pulver m. vatten mjölk veg.,DPA (C22:5),Soppa mat,0.0,g
499,Sparrissoppa tillagad pulver m. vatten mjölk veg.,EPA (C20:5),Soppa mat,0.0,g
499,Sparrissoppa tillagad pulver m. vatten mjölk veg.,Arakidonsyra C20:4,Soppa mat,0.0,g
499,Sparrissoppa tillagad pulver m. vatten mjölk veg.,Arakidinsyra C20:0,Soppa mat,0.0,g
499,Sparrissoppa tillagad pulver m. vatten mjölk veg.,Linolensyra C18:3,Soppa mat,0.0,g
499,Sparrissoppa tillagad pulver m. vatten mjölk veg.,Linolsyra C18:2,Soppa mat,0.1,g
499,Sparrissoppa tillagad pulver m. vatten mjölk veg.,Oljesyra C18:1,Soppa mat,0.9,g
499,Sparrissoppa tillagad pulver m. vatten mjölk veg.,Stearinsyra C18:0,Soppa mat,0.3,g
499,Sparrissoppa tillagad pulver m. vatten mjölk veg.,Palmitoljesyra C16:1,Soppa mat,0.0,g
499,Sparrissoppa tillagad pulver m. vatten mjölk veg.,Palmitinsyra C16:0,Soppa mat,0.6,g
499,Sparrissoppa tillagad pulver m. vatten mjölk veg.,Myristinsyra C14:0,Soppa mat,0.1,g
499,Sparrissoppa tillagad pulver m. vatten mjölk veg.,Laurinsyra C12:0,Soppa mat,0.0,g
499,Sparrissoppa tillagad pulver m. vatten mjölk veg.,Betakaroten/β-Karoten,Soppa mat,38.0,µg
499,Sparrissoppa tillagad pulver m. vatten mjölk veg.,Avfall (skal etc.),Soppa mat,0.0,%
499,Sparrissoppa tillagad pulver m. vatten mjölk veg.,Aska,Soppa mat,1.3,g
499,Sparrissoppa tillagad pulver m. vatten mjölk veg.,Alkohol,Soppa mat,0.0,g
500,Rödkål konserv.,"Zink, Zn",Grönsaker,0.6,mg
500,Rödkål konserv.,Vitamin E,Grönsaker,0.0,mg
500,Rödkål konserv.,Vitamin D inkl 25-OH-D3,Grönsaker,0.0,µg
500,Rödkål konserv.,Vitamin D,Grönsaker,0.0,µg
500,Rödkål konserv.,Vitamin C,Grönsaker,0.0,mg
500,Rödkål konserv.,Vitamin B6,Grönsaker,0.15,mg
500,Rödkål konserv.,Vitamin B12,Grönsaker,0.0,µg
500,Rödkål konserv.,Vitamin A,Grönsaker,1.5,RE/µg
500,Rödkål konserv.,Vatten,Grönsaker,80.2,g
500,Rödkål konserv.,Tiamin,Grönsaker,0.03,mg
500,Rödkål konserv.,Tillsatt socker,Grönsaker,15.0,g
500,Rödkål konserv.,Fritt socker,Grönsaker,15.0,g
500,Rödkål konserv.,"Selen, Se",Grönsaker,0.3,µg
500,Rödkål konserv.,Sackaros,Grönsaker,12.0,g
500,Rödkål konserv.,Riboflavin,Grönsaker,0.02,mg
500,Rödkål konserv.,Retinol,Grönsaker,0.0,µg
500,Rödkål konserv.,Protein,Grönsaker,1.5,g
500,Rödkål konserv.,Summa fleromättade fettsyror,Grönsaker,0.1,g
500,Rödkål konserv.,"Fosfor, P",Grönsaker,16.0,mg
500,Rödkål konserv.,Niacinekvivalenter,Grönsaker,0.55,NE/mg
500,Rödkål konserv.,Niacin,Grönsaker,0.3,mg
500,Rödkål konserv.,"Salt, NaCl",Grönsaker,0.0,g
500,Rödkål konserv.,"Natrium, Na",Grönsaker,7.0,mg
500,Rödkål konserv.,Monosackarider,Grönsaker,3.0,g
500,Rödkål konserv.,"Sockerarter, totalt",Grönsaker,15.0,g
500,Rödkål konserv.,Summa enkelomättade fettsyror,Grönsaker,0.0,g
500,Rödkål konserv.,"Magnesium, Mg",Grönsaker,6.0,mg
500,Rödkål konserv.,Summa mättade fettsyror,Grönsaker,0.0,g
500,Rödkål konserv.,"Kolhydrater, tillgängliga",Grönsaker,15.0,g
500,Rödkål konserv.,Kolesterol,Grönsaker,0.0,mg
500,Rödkål konserv.,"Kalium, K",Grönsaker,100.0,mg
500,Rödkål konserv.,"Jod, I",Grönsaker,2.9,µg
500,Rödkål konserv.,Fullkorn totalt,Grönsaker,0.0,g
500,Rödkål konserv.,"Folat, totalt",Grönsaker,35.0,µg
500,Rödkål konserv.,Fibrer,Grönsaker,1.5,g
500,Rödkål konserv.,"Fett, totalt",Grönsaker,0.2,g
500,Rödkål konserv.,"Järn, Fe",Grönsaker,0.8,mg
500,Rödkål konserv.,Energi (kJ),Grönsaker,300.0,kJ
500,Rödkål konserv.,Energi (kcal),Grönsaker,72.0,kcal
500,Rödkål konserv.,Disackarider,Grönsaker,12.0,g
500,Rödkål konserv.,"Kalcium, Ca",Grönsaker,27.0,mg
500,Rödkål konserv.,Fettsyra 4:0-10:0,Grönsaker,0.0,g
500,Rödkål konserv.,DHA (C22:6),Grönsaker,0.0,g
500,Rödkål konserv.,DPA (C22:5),Grönsaker,0.0,g
500,Rödkål konserv.,EPA (C20:5),Grönsaker,0.0,g
500,Rödkål konserv.,Arakidonsyra C20:4,Grönsaker,0.0,g
500,Rödkål konserv.,Arakidinsyra C20:0,Grönsaker,0.0,g
500,Rödkål konserv.,Linolensyra C18:3,Grönsaker,0.1,g
500,Rödkål konserv.,Linolsyra C18:2,Grönsaker,0.0,g
500,Rödkål konserv.,Oljesyra C18:1,Grönsaker,0.0,g
500,Rödkål konserv.,Stearinsyra C18:0,Grönsaker,0.0,g
500,Rödkål konserv.,Palmitoljesyra C16:1,Grönsaker,0.0,g
500,Rödkål konserv.,Palmitinsyra C16:0,Grönsaker,0.0,g
500,Rödkål konserv.,Myristinsyra C14:0,Grönsaker,0.0,g
500,Rödkål konserv.,Laurinsyra C12:0,Grönsaker,0.0,g
500,Rödkål konserv.,Betakaroten/β-Karoten,Grönsaker,18.0,µg
500,Rödkål konserv.,Avfall (skal etc.),Grönsaker,0.0,%
500,Rödkål konserv.,Aska,Grönsaker,1.6,g
500,Rödkål konserv.,Alkohol,Grönsaker,0.0,g
501,Champinjonsås tillagad pulver m. mjölk smör,"Zink, Zn",Sås dressing majonnäs ,0.5,mg
501,Champinjonsås tillagad pulver m. mjölk smör,Vitamin E,Sås dressing majonnäs ,0.7,mg
501,Champinjonsås tillagad pulver m. mjölk smör,Vitamin D,Sås dressing majonnäs ,0.14,µg
501,Champinjonsås tillagad pulver m. mjölk smör,Vitamin C,Sås dressing majonnäs ,0.0,mg
501,Champinjonsås tillagad pulver m. mjölk smör,Vitamin B6,Sås dressing majonnäs ,0.06,mg
501,Champinjonsås tillagad pulver m. mjölk smör,Vitamin B12,Sås dressing majonnäs ,0.11,µg
501,Champinjonsås tillagad pulver m. mjölk smör,Vitamin A,Sås dressing majonnäs ,58.7,RE/µg
501,Champinjonsås tillagad pulver m. mjölk smör,Vatten,Sås dressing majonnäs ,78.9,g
501,Champinjonsås tillagad pulver m. mjölk smör,Tiamin,Sås dressing majonnäs ,0.44,mg
501,Champinjonsås tillagad pulver m. mjölk smör,Tillsatt socker,Sås dressing majonnäs ,4.0,g
501,Champinjonsås tillagad pulver m. mjölk smör,Fritt socker,Sås dressing majonnäs ,4.0,g
501,Champinjonsås tillagad pulver m. mjölk smör,"Selen, Se",Sås dressing majonnäs ,2.4,µg
501,Champinjonsås tillagad pulver m. mjölk smör,Sackaros,Sås dressing majonnäs ,0.0,g
501,Champinjonsås tillagad pulver m. mjölk smör,Riboflavin,Sås dressing majonnäs ,0.17,mg
501,Champinjonsås tillagad pulver m. mjölk smör,Retinol,Sås dressing majonnäs ,56.8,µg
501,Champinjonsås tillagad pulver m. mjölk smör,Protein,Sås dressing majonnäs ,3.6,g
501,Champinjonsås tillagad pulver m. mjölk smör,Summa fleromättade fettsyror,Sås dressing majonnäs ,0.4,g
501,Champinjonsås tillagad pulver m. mjölk smör,"Fosfor, P",Sås dressing majonnäs ,93.0,mg
501,Champinjonsås tillagad pulver m. mjölk smör,Niacinekvivalenter,Sås dressing majonnäs ,1.29,NE/mg
501,Champinjonsås tillagad pulver m. mjölk smör,Niacin,Sås dressing majonnäs ,0.68,mg
501,Champinjonsås tillagad pulver m. mjölk smör,"Salt, NaCl",Sås dressing majonnäs ,1.2,g
501,Champinjonsås tillagad pulver m. mjölk smör,"Natrium, Na",Sås dressing majonnäs ,469.0,mg
501,Champinjonsås tillagad pulver m. mjölk smör,Monosackarider,Sås dressing majonnäs ,0.0,g
501,Champinjonsås tillagad pulver m. mjölk smör,"Sockerarter, totalt",Sås dressing majonnäs ,4.1,g
501,Champinjonsås tillagad pulver m. mjölk smör,Summa enkelomättade fettsyror,Sås dressing majonnäs ,2.6,g
501,Champinjonsås tillagad pulver m. mjölk smör,"Magnesium, Mg",Sås dressing majonnäs ,16.0,mg
501,Champinjonsås tillagad pulver m. mjölk smör,Summa mättade fettsyror,Sås dressing majonnäs ,4.1,g
501,Champinjonsås tillagad pulver m. mjölk smör,"Kolhydrater, tillgängliga",Sås dressing majonnäs ,7.6,g
501,Champinjonsås tillagad pulver m. mjölk smör,Kolesterol,Sås dressing majonnäs ,4.7,mg
501,Champinjonsås tillagad pulver m. mjölk smör,"Kalium, K",Sås dressing majonnäs ,175.0,mg
501,Champinjonsås tillagad pulver m. mjölk smör,Fullkorn totalt,Sås dressing majonnäs ,0.0,g
501,Champinjonsås tillagad pulver m. mjölk smör,"Folat, totalt",Sås dressing majonnäs ,21.0,µg
501,Champinjonsås tillagad pulver m. mjölk smör,Fibrer,Sås dressing majonnäs ,0.8,g
501,Champinjonsås tillagad pulver m. mjölk smör,"Fett, totalt",Sås dressing majonnäs ,7.5,g
501,Champinjonsås tillagad pulver m. mjölk smör,"Järn, Fe",Sås dressing majonnäs ,0.2,mg
501,Champinjonsås tillagad pulver m. mjölk smör,Energi (kJ),Sås dressing majonnäs ,474.0,kJ
501,Champinjonsås tillagad pulver m. mjölk smör,Energi (kcal),Sås dressing majonnäs ,113.0,kcal
501,Champinjonsås tillagad pulver m. mjölk smör,Disackarider,Sås dressing majonnäs ,4.1,g
501,Champinjonsås tillagad pulver m. mjölk smör,"Kalcium, Ca",Sås dressing majonnäs ,74.0,mg
501,Champinjonsås tillagad pulver m. mjölk smör,Fettsyra 4:0-10:0,Sås dressing majonnäs ,0.5,g
501,Champinjonsås tillagad pulver m. mjölk smör,DHA (C22:6),Sås dressing majonnäs ,0.0,g
501,Champinjonsås tillagad pulver m. mjölk smör,DPA (C22:5),Sås dressing majonnäs ,0.0,g
501,Champinjonsås tillagad pulver m. mjölk smör,EPA (C20:5),Sås dressing majonnäs ,0.0,g
501,Champinjonsås tillagad pulver m. mjölk smör,Arakidonsyra C20:4,Sås dressing majonnäs ,0.0,g
501,Champinjonsås tillagad pulver m. mjölk smör,Arakidinsyra C20:0,Sås dressing majonnäs ,0.0,g
501,Champinjonsås tillagad pulver m. mjölk smör,Linolensyra C18:3,Sås dressing majonnäs ,0.0,g
501,Champinjonsås tillagad pulver m. mjölk smör,Linolsyra C18:2,Sås dressing majonnäs ,0.2,g
501,Champinjonsås tillagad pulver m. mjölk smör,Oljesyra C18:1,Sås dressing majonnäs ,2.4,g
501,Champinjonsås tillagad pulver m. mjölk smör,Stearinsyra C18:0,Sås dressing majonnäs ,0.9,g
501,Champinjonsås tillagad pulver m. mjölk smör,Palmitoljesyra C16:1,Sås dressing majonnäs ,0.1,g
501,Champinjonsås tillagad pulver m. mjölk smör,Palmitinsyra C16:0,Sås dressing majonnäs ,1.8,g
501,Champinjonsås tillagad pulver m. mjölk smör,Myristinsyra C14:0,Sås dressing majonnäs ,0.6,g
501,Champinjonsås tillagad pulver m. mjölk smör,Laurinsyra C12:0,Sås dressing majonnäs ,0.2,g
501,Champinjonsås tillagad pulver m. mjölk smör,Betakaroten/β-Karoten,Sås dressing majonnäs ,22.0,µg
501,Champinjonsås tillagad pulver m. mjölk smör,Avfall (skal etc.),Sås dressing majonnäs ,0.0,%
501,Champinjonsås tillagad pulver m. mjölk smör,Aska,Sås dressing majonnäs ,1.7,g
501,Champinjonsås tillagad pulver m. mjölk smör,Alkohol,Sås dressing majonnäs ,0.0,g
502,Grönsaker blandade fermenterade,"Zink, Zn",Grönsaks- rotfrukts- baljväxträtter o produkter,0.4,mg
502,Grönsaker blandade fermenterade,Vitamin E,Grönsaks- rotfrukts- baljväxträtter o produkter,1.0,mg
502,Grönsaker blandade fermenterade,Vitamin D inkl 25-OH-D3,Grönsaks- rotfrukts- baljväxträtter o produkter,0.0,µg
502,Grönsaker blandade fermenterade,Vitamin D,Grönsaks- rotfrukts- baljväxträtter o produkter,0.0,µg
502,Grönsaker blandade fermenterade,Vitamin C,Grönsaks- rotfrukts- baljväxträtter o produkter,15.0,mg
502,Grönsaker blandade fermenterade,Vitamin B6,Grönsaks- rotfrukts- baljväxträtter o produkter,0.01,mg
502,Grönsaker blandade fermenterade,Vitamin B12,Grönsaks- rotfrukts- baljväxträtter o produkter,0.0,µg
502,Grönsaker blandade fermenterade,Vitamin A,Grönsaks- rotfrukts- baljväxträtter o produkter,275.0,RE/µg
502,Grönsaker blandade fermenterade,Vatten,Grönsaks- rotfrukts- baljväxträtter o produkter,94.5,g
502,Grönsaker blandade fermenterade,Tiamin,Grönsaks- rotfrukts- baljväxträtter o produkter,0.09,mg
502,Grönsaker blandade fermenterade,Tillsatt socker,Grönsaks- rotfrukts- baljväxträtter o produkter,0.0,g
502,Grönsaker blandade fermenterade,Fritt socker,Grönsaks- rotfrukts- baljväxträtter o produkter,0.0,g
502,Grönsaker blandade fermenterade,"Selen, Se",Grönsaks- rotfrukts- baljväxträtter o produkter,1.0,µg
502,Grönsaker blandade fermenterade,Sackaros,Grönsaks- rotfrukts- baljväxträtter o produkter,0.4,g
502,Grönsaker blandade fermenterade,Riboflavin,Grönsaks- rotfrukts- baljväxträtter o produkter,0.12,mg
502,Grönsaker blandade fermenterade,Retinol,Grönsaks- rotfrukts- baljväxträtter o produkter,0.0,µg
502,Grönsaker blandade fermenterade,Protein,Grönsaks- rotfrukts- baljväxträtter o produkter,1.2,g
502,Grönsaker blandade fermenterade,Summa fleromättade fettsyror,Grönsaks- rotfrukts- baljväxträtter o produkter,0.0,g
502,Grönsaker blandade fermenterade,"Fosfor, P",Grönsaks- rotfrukts- baljväxträtter o produkter,48.0,mg
502,Grönsaker blandade fermenterade,Niacinekvivalenter,Grönsaks- rotfrukts- baljväxträtter o produkter,1.0,NE/mg
502,Grönsaker blandade fermenterade,Niacin,Grönsaks- rotfrukts- baljväxträtter o produkter,0.8,mg
502,Grönsaker blandade fermenterade,"Salt, NaCl",Grönsaks- rotfrukts- baljväxträtter o produkter,1.5,g
502,Grönsaker blandade fermenterade,"Natrium, Na",Grönsaks- rotfrukts- baljväxträtter o produkter,609.0,mg
502,Grönsaker blandade fermenterade,Monosackarider,Grönsaks- rotfrukts- baljväxträtter o produkter,0.5,g
502,Grönsaker blandade fermenterade,"Sockerarter, totalt",Grönsaks- rotfrukts- baljväxträtter o produkter,1.1,g
502,Grönsaker blandade fermenterade,Summa enkelomättade fettsyror,Grönsaks- rotfrukts- baljväxträtter o produkter,0.0,g
502,Grönsaker blandade fermenterade,"Magnesium, Mg",Grönsaks- rotfrukts- baljväxträtter o produkter,18.0,mg
502,Grönsaker blandade fermenterade,Summa mättade fettsyror,Grönsaks- rotfrukts- baljväxträtter o produkter,0.0,g
502,Grönsaker blandade fermenterade,"Kolhydrater, tillgängliga",Grönsaks- rotfrukts- baljväxträtter o produkter,1.1,g
502,Grönsaker blandade fermenterade,Kolesterol,Grönsaks- rotfrukts- baljväxträtter o produkter,0.0,mg
502,Grönsaker blandade fermenterade,"Kalium, K",Grönsaks- rotfrukts- baljväxträtter o produkter,152.0,mg
502,Grönsaker blandade fermenterade,"Jod, I",Grönsaks- rotfrukts- baljväxträtter o produkter,2.0,µg
502,Grönsaker blandade fermenterade,Fullkorn totalt,Grönsaks- rotfrukts- baljväxträtter o produkter,0.0,g
502,Grönsaker blandade fermenterade,"Folat, totalt",Grönsaks- rotfrukts- baljväxträtter o produkter,29.0,µg
502,Grönsaker blandade fermenterade,Fibrer,Grönsaks- rotfrukts- baljväxträtter o produkter,2.5,g
502,Grönsaker blandade fermenterade,"Fett, totalt",Grönsaks- rotfrukts- baljväxträtter o produkter,0.1,g
502,Grönsaker blandade fermenterade,"Järn, Fe",Grönsaks- rotfrukts- baljväxträtter o produkter,1.1,mg
502,Grönsaker blandade fermenterade,Energi (kJ),Grönsaks- rotfrukts- baljväxträtter o produkter,63.0,kJ
502,Grönsaker blandade fermenterade,Energi (kcal),Grönsaks- rotfrukts- baljväxträtter o produkter,15.0,kcal
502,Grönsaker blandade fermenterade,Disackarider,Grönsaks- rotfrukts- baljväxträtter o produkter,1.0,g
502,Grönsaker blandade fermenterade,"Kalcium, Ca",Grönsaks- rotfrukts- baljväxträtter o produkter,38.0,mg
502,Grönsaker blandade fermenterade,Fettsyra 4:0-10:0,Grönsaks- rotfrukts- baljväxträtter o produkter,0.0,g
502,Grönsaker blandade fermenterade,DHA (C22:6),Grönsaks- rotfrukts- baljväxträtter o produkter,0.0,g
502,Grönsaker blandade fermenterade,DPA (C22:5),Grönsaks- rotfrukts- baljväxträtter o produkter,0.0,g
502,Grönsaker blandade fermenterade,EPA (C20:5),Grönsaks- rotfrukts- baljväxträtter o produkter,0.0,g
502,Grönsaker blandade fermenterade,Arakidonsyra C20:4,Grönsaks- rotfrukts- baljväxträtter o produkter,0.0,g
502,Grönsaker blandade fermenterade,Arakidinsyra C20:0,Grönsaks- rotfrukts- baljväxträtter o produkter,0.0,g
502,Grönsaker blandade fermenterade,Linolensyra C18:3,Grönsaks- rotfrukts- baljväxträtter o produkter,0.0,g
502,Grönsaker blandade fermenterade,Linolsyra C18:2,Grönsaks- rotfrukts- baljväxträtter o produkter,0.0,g
502,Grönsaker blandade fermenterade,Oljesyra C18:1,Grönsaks- rotfrukts- baljväxträtter o produkter,0.0,g
502,Grönsaker blandade fermenterade,Stearinsyra C18:0,Grönsaks- rotfrukts- baljväxträtter o produkter,0.0,g
502,Grönsaker blandade fermenterade,Palmitoljesyra C16:1,Grönsaks- rotfrukts- baljväxträtter o produkter,0.0,g
502,Grönsaker blandade fermenterade,Palmitinsyra C16:0,Grönsaks- rotfrukts- baljväxträtter o produkter,0.0,g
502,Grönsaker blandade fermenterade,Myristinsyra C14:0,Grönsaks- rotfrukts- baljväxträtter o produkter,0.0,g
502,Grönsaker blandade fermenterade,Laurinsyra C12:0,Grönsaks- rotfrukts- baljväxträtter o produkter,0.0,g
502,Grönsaker blandade fermenterade,Betakaroten/β-Karoten,Grönsaks- rotfrukts- baljväxträtter o produkter,3300.0,µg
502,Grönsaker blandade fermenterade,Avfall (skal etc.),Grönsaks- rotfrukts- baljväxträtter o produkter,0.0,%
502,Grönsaker blandade fermenterade,Aska,Grönsaks- rotfrukts- baljväxträtter o produkter,0.6,g
502,Grönsaker blandade fermenterade,Alkohol,Grönsaks- rotfrukts- baljväxträtter o produkter,0.0,g
503,Grönsaksjuice fermenterad,"Zink, Zn",Grönsaksjuice rotfruktsjuice,0.2,mg
503,Grönsaksjuice fermenterad,Vitamin E,Grönsaksjuice rotfruktsjuice,0.2,mg
503,Grönsaksjuice fermenterad,Vitamin D inkl 25-OH-D3,Grönsaksjuice rotfruktsjuice,0.0,µg
503,Grönsaksjuice fermenterad,Vitamin D,Grönsaksjuice rotfruktsjuice,0.0,µg
503,Grönsaksjuice fermenterad,Vitamin C,Grönsaksjuice rotfruktsjuice,14.0,mg
503,Grönsaksjuice fermenterad,Vitamin B6,Grönsaksjuice rotfruktsjuice,0.09,mg
503,Grönsaksjuice fermenterad,Vitamin B12,Grönsaksjuice rotfruktsjuice,0.0,µg
503,Grönsaksjuice fermenterad,Vitamin A,Grönsaksjuice rotfruktsjuice,0.4,RE/µg
503,Grönsaksjuice fermenterad,Vatten,Grönsaksjuice rotfruktsjuice,93.4,g
503,Grönsaksjuice fermenterad,Tiamin,Grönsaksjuice rotfruktsjuice,0.03,mg
503,Grönsaksjuice fermenterad,Tillsatt socker,Grönsaksjuice rotfruktsjuice,0.0,g
503,Grönsaksjuice fermenterad,Fritt socker,Grönsaksjuice rotfruktsjuice,2.0,g
503,Grönsaksjuice fermenterad,"Selen, Se",Grönsaksjuice rotfruktsjuice,0.5,µg
503,Grönsaksjuice fermenterad,Sackaros,Grönsaksjuice rotfruktsjuice,1.1,g
503,Grönsaksjuice fermenterad,Riboflavin,Grönsaksjuice rotfruktsjuice,0.05,mg
503,Grönsaksjuice fermenterad,Retinol,Grönsaksjuice rotfruktsjuice,0.0,µg
503,Grönsaksjuice fermenterad,Protein,Grönsaksjuice rotfruktsjuice,1.5,g
503,Grönsaksjuice fermenterad,Summa fleromättade fettsyror,Grönsaksjuice rotfruktsjuice,0.0,g
503,Grönsaksjuice fermenterad,"Fosfor, P",Grönsaksjuice rotfruktsjuice,45.0,mg
503,Grönsaksjuice fermenterad,Niacinekvivalenter,Grönsaksjuice rotfruktsjuice,0.95,NE/mg
503,Grönsaksjuice fermenterad,Niacin,Grönsaksjuice rotfruktsjuice,0.7,mg
503,Grönsaksjuice fermenterad,"Salt, NaCl",Grönsaksjuice rotfruktsjuice,0.2,g
503,Grönsaksjuice fermenterad,"Natrium, Na",Grönsaksjuice rotfruktsjuice,100.0,mg
503,Grönsaksjuice fermenterad,Monosackarider,Grönsaksjuice rotfruktsjuice,1.0,g
503,Grönsaksjuice fermenterad,"Sockerarter, totalt",Grönsaksjuice rotfruktsjuice,2.1,g
503,Grönsaksjuice fermenterad,Summa enkelomättade fettsyror,Grönsaksjuice rotfruktsjuice,0.0,g
503,Grönsaksjuice fermenterad,"Magnesium, Mg",Grönsaksjuice rotfruktsjuice,11.0,mg
503,Grönsaksjuice fermenterad,Summa mättade fettsyror,Grönsaksjuice rotfruktsjuice,0.0,g
503,Grönsaksjuice fermenterad,"Kolhydrater, tillgängliga",Grönsaksjuice rotfruktsjuice,3.5,g
503,Grönsaksjuice fermenterad,Kolesterol,Grönsaksjuice rotfruktsjuice,0.0,mg
503,Grönsaksjuice fermenterad,"Kalium, K",Grönsaksjuice rotfruktsjuice,336.0,mg
503,Grönsaksjuice fermenterad,"Jod, I",Grönsaksjuice rotfruktsjuice,1.8,µg
503,Grönsaksjuice fermenterad,Fullkorn totalt,Grönsaksjuice rotfruktsjuice,0.0,g
503,Grönsaksjuice fermenterad,"Folat, totalt",Grönsaksjuice rotfruktsjuice,12.0,µg
503,Grönsaksjuice fermenterad,Fibrer,Grönsaksjuice rotfruktsjuice,0.5,g
503,Grönsaksjuice fermenterad,"Fett, totalt",Grönsaksjuice rotfruktsjuice,0.1,g
503,Grönsaksjuice fermenterad,"Järn, Fe",Grönsaksjuice rotfruktsjuice,0.4,mg
503,Grönsaksjuice fermenterad,Energi (kJ),Grönsaksjuice rotfruktsjuice,93.0,kJ
503,Grönsaksjuice fermenterad,Energi (kcal),Grönsaksjuice rotfruktsjuice,22.0,kcal
503,Grönsaksjuice fermenterad,Disackarider,Grönsaksjuice rotfruktsjuice,1.1,g
503,Grönsaksjuice fermenterad,"Kalcium, Ca",Grönsaksjuice rotfruktsjuice,40.0,mg
503,Grönsaksjuice fermenterad,Fettsyra 4:0-10:0,Grönsaksjuice rotfruktsjuice,0.0,g
503,Grönsaksjuice fermenterad,DHA (C22:6),Grönsaksjuice rotfruktsjuice,0.0,g
503,Grönsaksjuice fermenterad,DPA (C22:5),Grönsaksjuice rotfruktsjuice,0.0,g
503,Grönsaksjuice fermenterad,EPA (C20:5),Grönsaksjuice rotfruktsjuice,0.0,g
503,Grönsaksjuice fermenterad,Arakidonsyra C20:4,Grönsaksjuice rotfruktsjuice,0.0,g
503,Grönsaksjuice fermenterad,Arakidinsyra C20:0,Grönsaksjuice rotfruktsjuice,0.0,g
503,Grönsaksjuice fermenterad,Linolensyra C18:3,Grönsaksjuice rotfruktsjuice,0.0,g
503,Grönsaksjuice fermenterad,Linolsyra C18:2,Grönsaksjuice rotfruktsjuice,0.0,g
503,Grönsaksjuice fermenterad,Oljesyra C18:1,Grönsaksjuice rotfruktsjuice,0.0,g
503,Grönsaksjuice fermenterad,Stearinsyra C18:0,Grönsaksjuice rotfruktsjuice,0.0,g
503,Grönsaksjuice fermenterad,Palmitoljesyra C16:1,Grönsaksjuice rotfruktsjuice,0.0,g
503,Grönsaksjuice fermenterad,Palmitinsyra C16:0,Grönsaksjuice rotfruktsjuice,0.0,g
503,Grönsaksjuice fermenterad,Myristinsyra C14:0,Grönsaksjuice rotfruktsjuice,0.0,g
503,Grönsaksjuice fermenterad,Laurinsyra C12:0,Grönsaksjuice rotfruktsjuice,0.0,g
503,Grönsaksjuice fermenterad,Betakaroten/β-Karoten,Grönsaksjuice rotfruktsjuice,5.0,µg
503,Grönsaksjuice fermenterad,Avfall (skal etc.),Grönsaksjuice rotfruktsjuice,0.0,%
503,Grönsaksjuice fermenterad,Aska,Grönsaksjuice rotfruktsjuice,1.0,g
503,Grönsaksjuice fermenterad,Alkohol,Grönsaksjuice rotfruktsjuice,0.0,g
504,Kåldolmar råa u. sås frysvara,"Zink, Zn",Köttprodukter kötträtter,0.9,mg
504,Kåldolmar råa u. sås frysvara,Vitamin E,Köttprodukter kötträtter,0.1,mg
504,Kåldolmar råa u. sås frysvara,Vitamin D,Köttprodukter kötträtter,0.12,µg
504,Kåldolmar råa u. sås frysvara,Vitamin C,Köttprodukter kötträtter,0.0,mg
504,Kåldolmar råa u. sås frysvara,Vitamin B6,Köttprodukter kötträtter,0.2,mg
504,Kåldolmar råa u. sås frysvara,Vitamin B12,Köttprodukter kötträtter,1.5,µg
504,Kåldolmar råa u. sås frysvara,Vitamin A,Köttprodukter kötträtter,1.2,RE/µg
504,Kåldolmar råa u. sås frysvara,Vatten,Köttprodukter kötträtter,82.0,g
504,Kåldolmar råa u. sås frysvara,Tiamin,Köttprodukter kötträtter,0.15,mg
504,Kåldolmar råa u. sås frysvara,Tillsatt socker,Köttprodukter kötträtter,0.0,g
504,Kåldolmar råa u. sås frysvara,Fritt socker,Köttprodukter kötträtter,0.0,g
504,Kåldolmar råa u. sås frysvara,"Selen, Se",Köttprodukter kötträtter,1.0,µg
504,Kåldolmar råa u. sås frysvara,Sackaros,Köttprodukter kötträtter,0.1,g
504,Kåldolmar råa u. sås frysvara,Riboflavin,Köttprodukter kötträtter,0.11,mg
504,Kåldolmar råa u. sås frysvara,Retinol,Köttprodukter kötträtter,1.0,µg
504,Kåldolmar råa u. sås frysvara,Protein,Köttprodukter kötträtter,5.0,g
504,Kåldolmar råa u. sås frysvara,Summa fleromättade fettsyror,Köttprodukter kötträtter,0.3,g
504,Kåldolmar råa u. sås frysvara,"Fosfor, P",Köttprodukter kötträtter,110.0,mg
504,Kåldolmar råa u. sås frysvara,Niacinekvivalenter,Köttprodukter kötträtter,2.62,NE/mg
504,Kåldolmar råa u. sås frysvara,Niacin,Köttprodukter kötträtter,1.7,mg
504,Kåldolmar råa u. sås frysvara,"Salt, NaCl",Köttprodukter kötträtter,1.1,g
504,Kåldolmar råa u. sås frysvara,"Natrium, Na",Köttprodukter kötträtter,430.0,mg
504,Kåldolmar råa u. sås frysvara,Monosackarider,Köttprodukter kötträtter,2.3,g
504,Kåldolmar råa u. sås frysvara,"Sockerarter, totalt",Köttprodukter kötträtter,2.7,g
504,Kåldolmar råa u. sås frysvara,Summa enkelomättade fettsyror,Köttprodukter kötträtter,2.3,g
504,Kåldolmar råa u. sås frysvara,"Magnesium, Mg",Köttprodukter kötträtter,18.0,mg
504,Kåldolmar råa u. sås frysvara,Summa mättade fettsyror,Köttprodukter kötträtter,2.1,g
504,Kåldolmar råa u. sås frysvara,"Kolhydrater, tillgängliga",Köttprodukter kötträtter,5.2,g
504,Kåldolmar råa u. sås frysvara,Kolesterol,Köttprodukter kötträtter,14.0,mg
504,Kåldolmar råa u. sås frysvara,"Kalium, K",Köttprodukter kötträtter,360.0,mg
504,Kåldolmar råa u. sås frysvara,"Jod, I",Köttprodukter kötträtter,16.3,µg
504,Kåldolmar råa u. sås frysvara,Fullkorn totalt,Köttprodukter kötträtter,0.0,g
504,Kåldolmar råa u. sås frysvara,"Folat, totalt",Köttprodukter kötträtter,4.0,µg
504,Kåldolmar råa u. sås frysvara,Fibrer,Köttprodukter kötträtter,1.4,g
504,Kåldolmar råa u. sås frysvara,"Fett, totalt",Köttprodukter kötträtter,5.0,g
504,Kåldolmar råa u. sås frysvara,"Järn, Fe",Köttprodukter kötträtter,0.5,mg
504,Kåldolmar råa u. sås frysvara,Energi (kJ),Köttprodukter kötträtter,370.0,kJ
504,Kåldolmar råa u. sås frysvara,Energi (kcal),Köttprodukter kötträtter,88.0,kcal
504,Kåldolmar råa u. sås frysvara,Disackarider,Köttprodukter kötträtter,0.4,g
504,Kåldolmar råa u. sås frysvara,"Kalcium, Ca",Köttprodukter kötträtter,38.0,mg
504,Kåldolmar råa u. sås frysvara,Fettsyra 4:0-10:0,Köttprodukter kötträtter,0.0,g
504,Kåldolmar råa u. sås frysvara,DHA (C22:6),Köttprodukter kötträtter,0.0,g
504,Kåldolmar råa u. sås frysvara,DPA (C22:5),Köttprodukter kötträtter,0.0,g
504,Kåldolmar råa u. sås frysvara,EPA (C20:5),Köttprodukter kötträtter,0.0,g
504,Kåldolmar råa u. sås frysvara,Arakidonsyra C20:4,Köttprodukter kötträtter,0.0,g
504,Kåldolmar råa u. sås frysvara,Arakidinsyra C20:0,Köttprodukter kötträtter,0.0,g
504,Kåldolmar råa u. sås frysvara,Linolensyra C18:3,Köttprodukter kötträtter,0.0,g
504,Kåldolmar råa u. sås frysvara,Linolsyra C18:2,Köttprodukter kötträtter,0.2,g
504,Kåldolmar råa u. sås frysvara,Oljesyra C18:1,Köttprodukter kötträtter,2.0,g
504,Kåldolmar råa u. sås frysvara,Stearinsyra C18:0,Köttprodukter kötträtter,0.6,g
504,Kåldolmar råa u. sås frysvara,Palmitoljesyra C16:1,Köttprodukter kötträtter,0.2,g
504,Kåldolmar råa u. sås frysvara,Palmitinsyra C16:0,Köttprodukter kötträtter,1.2,g
504,Kåldolmar råa u. sås frysvara,Myristinsyra C14:0,Köttprodukter kötträtter,0.1,g
504,Kåldolmar råa u. sås frysvara,Laurinsyra C12:0,Köttprodukter kötträtter,0.0,g
504,Kåldolmar råa u. sås frysvara,Betakaroten/β-Karoten,Köttprodukter kötträtter,3.0,µg
504,Kåldolmar råa u. sås frysvara,Avfall (skal etc.),Köttprodukter kötträtter,0.0,%
504,Kåldolmar råa u. sås frysvara,Aska,Köttprodukter kötträtter,1.4,g
504,Kåldolmar råa u. sås frysvara,Alkohol,Köttprodukter kötträtter,0.0,g
505,Vitkålssoppa m. fläskkorv hemlagad,"Zink, Zn",Soppa mat,0.2,mg
505,Vitkålssoppa m. fläskkorv hemlagad,Vitamin E,Soppa mat,0.1,mg
505,Vitkålssoppa m. fläskkorv hemlagad,Vitamin D,Soppa mat,0.04,µg
505,Vitkålssoppa m. fläskkorv hemlagad,Vitamin C,Soppa mat,7.0,mg
505,Vitkålssoppa m. fläskkorv hemlagad,Vitamin B6,Soppa mat,0.05,mg
505,Vitkålssoppa m. fläskkorv hemlagad,Vitamin B12,Soppa mat,0.2,µg
505,Vitkålssoppa m. fläskkorv hemlagad,Vitamin A,Soppa mat,3.2,RE/µg
505,Vitkålssoppa m. fläskkorv hemlagad,Vatten,Soppa mat,91.0,g
505,Vitkålssoppa m. fläskkorv hemlagad,Tiamin,Soppa mat,0.01,mg
505,Vitkålssoppa m. fläskkorv hemlagad,Tillsatt socker,Soppa mat,0.0,g
505,Vitkålssoppa m. fläskkorv hemlagad,Fritt socker,Soppa mat,0.0,g
505,Vitkålssoppa m. fläskkorv hemlagad,"Selen, Se",Soppa mat,0.5,µg
505,Vitkålssoppa m. fläskkorv hemlagad,Sackaros,Soppa mat,0.0,g
505,Vitkålssoppa m. fläskkorv hemlagad,Riboflavin,Soppa mat,0.03,mg
505,Vitkålssoppa m. fläskkorv hemlagad,Retinol,Soppa mat,1.0,µg
505,Vitkålssoppa m. fläskkorv hemlagad,Protein,Soppa mat,2.2,g
505,Vitkålssoppa m. fläskkorv hemlagad,Summa fleromättade fettsyror,Soppa mat,0.4,g
505,Vitkålssoppa m. fläskkorv hemlagad,"Fosfor, P",Soppa mat,29.0,mg
505,Vitkålssoppa m. fläskkorv hemlagad,Niacinekvivalenter,Soppa mat,1.08,NE/mg
505,Vitkålssoppa m. fläskkorv hemlagad,Niacin,Soppa mat,0.68,mg
505,Vitkålssoppa m. fläskkorv hemlagad,"Salt, NaCl",Soppa mat,0.6,g
505,Vitkålssoppa m. fläskkorv hemlagad,"Natrium, Na",Soppa mat,250.0,mg
505,Vitkålssoppa m. fläskkorv hemlagad,Monosackarider,Soppa mat,1.1,g
505,Vitkålssoppa m. fläskkorv hemlagad,"Sockerarter, totalt",Soppa mat,1.1,g
505,Vitkålssoppa m. fläskkorv hemlagad,Summa enkelomättade fettsyror,Soppa mat,1.4,g
505,Vitkålssoppa m. fläskkorv hemlagad,"Magnesium, Mg",Soppa mat,6.0,mg
505,Vitkålssoppa m. fläskkorv hemlagad,Summa mättade fettsyror,Soppa mat,1.6,g
505,Vitkålssoppa m. fläskkorv hemlagad,"Kolhydrater, tillgängliga",Soppa mat,1.6,g
505,Vitkålssoppa m. fläskkorv hemlagad,Kolesterol,Soppa mat,11.0,mg
505,Vitkålssoppa m. fläskkorv hemlagad,"Kalium, K",Soppa mat,94.0,mg
505,Vitkålssoppa m. fläskkorv hemlagad,"Jod, I",Soppa mat,0.9,µg
505,Vitkålssoppa m. fläskkorv hemlagad,Fullkorn totalt,Soppa mat,0.0,g
505,Vitkålssoppa m. fläskkorv hemlagad,"Folat, totalt",Soppa mat,21.0,µg
505,Vitkålssoppa m. fläskkorv hemlagad,Fibrer,Soppa mat,0.7,g
505,Vitkålssoppa m. fläskkorv hemlagad,"Fett, totalt",Soppa mat,3.4,g
505,Vitkålssoppa m. fläskkorv hemlagad,"Järn, Fe",Soppa mat,0.3,mg
505,Vitkålssoppa m. fläskkorv hemlagad,Energi (kJ),Soppa mat,196.0,kJ
505,Vitkålssoppa m. fläskkorv hemlagad,Energi (kcal),Soppa mat,47.0,kcal
505,Vitkålssoppa m. fläskkorv hemlagad,Disackarider,Soppa mat,0.0,g
505,Vitkålssoppa m. fläskkorv hemlagad,"Kalcium, Ca",Soppa mat,15.0,mg
505,Vitkålssoppa m. fläskkorv hemlagad,Fettsyra 4:0-10:0,Soppa mat,0.0,g
505,Vitkålssoppa m. fläskkorv hemlagad,DHA (C22:6),Soppa mat,0.0,g
505,Vitkålssoppa m. fläskkorv hemlagad,DPA (C22:5),Soppa mat,0.0,g
505,Vitkålssoppa m. fläskkorv hemlagad,EPA (C20:5),Soppa mat,0.0,g
505,Vitkålssoppa m. fläskkorv hemlagad,Arakidonsyra C20:4,Soppa mat,0.0,g
505,Vitkålssoppa m. fläskkorv hemlagad,Arakidinsyra C20:0,Soppa mat,0.0,g
505,Vitkålssoppa m. fläskkorv hemlagad,Linolensyra C18:3,Soppa mat,0.0,g
505,Vitkålssoppa m. fläskkorv hemlagad,Linolsyra C18:2,Soppa mat,0.3,g
505,Vitkålssoppa m. fläskkorv hemlagad,Oljesyra C18:1,Soppa mat,1.3,g
505,Vitkålssoppa m. fläskkorv hemlagad,Stearinsyra C18:0,Soppa mat,0.5,g
505,Vitkålssoppa m. fläskkorv hemlagad,Palmitoljesyra C16:1,Soppa mat,0.1,g
505,Vitkålssoppa m. fläskkorv hemlagad,Palmitinsyra C16:0,Soppa mat,0.9,g
505,Vitkålssoppa m. fläskkorv hemlagad,Myristinsyra C14:0,Soppa mat,0.1,g
505,Vitkålssoppa m. fläskkorv hemlagad,Laurinsyra C12:0,Soppa mat,0.0,g
505,Vitkålssoppa m. fläskkorv hemlagad,Betakaroten/β-Karoten,Soppa mat,26.0,µg
505,Vitkålssoppa m. fläskkorv hemlagad,Avfall (skal etc.),Soppa mat,0.0,%
505,Vitkålssoppa m. fläskkorv hemlagad,Aska,Soppa mat,1.1,g
505,Vitkålssoppa m. fläskkorv hemlagad,Alkohol,Soppa mat,0.0,g
506,Minestronesoppa,"Zink, Zn",Soppa mat,0.3,mg
506,Minestronesoppa,Vitamin E,Soppa mat,0.7,mg
506,Minestronesoppa,Vitamin D,Soppa mat,0.02,µg
506,Minestronesoppa,Vitamin C,Soppa mat,5.5,mg
506,Minestronesoppa,Vitamin B6,Soppa mat,0.07,mg
506,Minestronesoppa,Vitamin B12,Soppa mat,0.02,µg
506,Minestronesoppa,Vitamin A,Soppa mat,86.4,RE/µg
506,Minestronesoppa,Vatten,Soppa mat,88.0,g
506,Minestronesoppa,Tiamin,Soppa mat,0.04,mg
506,Minestronesoppa,Tillsatt socker,Soppa mat,0.0,g
506,Minestronesoppa,Fritt socker,Soppa mat,0.0,g
506,Minestronesoppa,"Selen, Se",Soppa mat,0.4,µg
506,Minestronesoppa,Sackaros,Soppa mat,0.6,g
506,Minestronesoppa,Riboflavin,Soppa mat,0.02,mg
506,Minestronesoppa,Retinol,Soppa mat,0.5,µg
506,Minestronesoppa,Protein,Soppa mat,2.0,g
506,Minestronesoppa,Summa fleromättade fettsyror,Soppa mat,0.3,g
506,Minestronesoppa,"Fosfor, P",Soppa mat,33.0,mg
506,Minestronesoppa,Niacinekvivalenter,Soppa mat,1.0,NE/mg
506,Minestronesoppa,Niacin,Soppa mat,0.66,mg
506,Minestronesoppa,"Salt, NaCl",Soppa mat,0.8,g
506,Minestronesoppa,"Natrium, Na",Soppa mat,323.0,mg
506,Minestronesoppa,Monosackarider,Soppa mat,1.9,g
506,Minestronesoppa,"Sockerarter, totalt",Soppa mat,2.5,g
506,Minestronesoppa,Summa enkelomättade fettsyror,Soppa mat,1.0,g
506,Minestronesoppa,"Magnesium, Mg",Soppa mat,11.0,mg
506,Minestronesoppa,Summa mättade fettsyror,Soppa mat,0.7,g
506,Minestronesoppa,"Kolhydrater, tillgängliga",Soppa mat,5.3,g
506,Minestronesoppa,Kolesterol,Soppa mat,3.2,mg
506,Minestronesoppa,"Kalium, K",Soppa mat,127.0,mg
506,Minestronesoppa,"Jod, I",Soppa mat,15.2,µg
506,Minestronesoppa,Fullkorn totalt,Soppa mat,0.0,g
506,Minestronesoppa,"Folat, totalt",Soppa mat,15.6,µg
506,Minestronesoppa,Fibrer,Soppa mat,1.4,g
506,Minestronesoppa,"Fett, totalt",Soppa mat,2.1,g
506,Minestronesoppa,"Järn, Fe",Soppa mat,0.3,mg
506,Minestronesoppa,Energi (kJ),Soppa mat,211.0,kJ
506,Minestronesoppa,Energi (kcal),Soppa mat,50.0,kcal
506,Minestronesoppa,Disackarider,Soppa mat,0.6,g
506,Minestronesoppa,"Kalcium, Ca",Soppa mat,21.0,mg
506,Minestronesoppa,Fettsyra 4:0-10:0,Soppa mat,0.0,g
506,Minestronesoppa,DHA (C22:6),Soppa mat,0.0,g
506,Minestronesoppa,DPA (C22:5),Soppa mat,0.0,g
506,Minestronesoppa,EPA (C20:5),Soppa mat,0.0,g
506,Minestronesoppa,Arakidonsyra C20:4,Soppa mat,0.0,g
506,Minestronesoppa,Arakidinsyra C20:0,Soppa mat,0.0,g
506,Minestronesoppa,Linolensyra C18:3,Soppa mat,0.0,g
506,Minestronesoppa,Linolsyra C18:2,Soppa mat,0.2,g
506,Minestronesoppa,Oljesyra C18:1,Soppa mat,1.0,g
506,Minestronesoppa,Stearinsyra C18:0,Soppa mat,0.2,g
506,Minestronesoppa,Palmitoljesyra C16:1,Soppa mat,0.0,g
506,Minestronesoppa,Palmitinsyra C16:0,Soppa mat,0.4,g
506,Minestronesoppa,Myristinsyra C14:0,Soppa mat,0.0,g
506,Minestronesoppa,Laurinsyra C12:0,Soppa mat,0.0,g
506,Minestronesoppa,Betakaroten/β-Karoten,Soppa mat,889.0,µg
506,Minestronesoppa,Avfall (skal etc.),Soppa mat,3.0,%
506,Minestronesoppa,Aska,Soppa mat,1.3,g
506,Minestronesoppa,Alkohol,Soppa mat,0.0,g
508,Vitkålssoppa m. frikadeller,"Zink, Zn",Soppa mat,0.6,mg
508,Vitkålssoppa m. frikadeller,Vitamin E,Soppa mat,0.6,mg
508,Vitkålssoppa m. frikadeller,Vitamin D,Soppa mat,0.17,µg
508,Vitkålssoppa m. frikadeller,Vitamin C,Soppa mat,9.5,mg
508,Vitkålssoppa m. frikadeller,Vitamin B6,Soppa mat,0.07,mg
508,Vitkålssoppa m. frikadeller,Vitamin B12,Soppa mat,0.1,µg
508,Vitkålssoppa m. frikadeller,Vitamin A,Soppa mat,11.4,RE/µg
508,Vitkålssoppa m. frikadeller,Vatten,Soppa mat,87.9,g
508,Vitkålssoppa m. frikadeller,Tiamin,Soppa mat,0.04,mg
508,Vitkålssoppa m. frikadeller,Tillsatt socker,Soppa mat,0.0,g
508,Vitkålssoppa m. frikadeller,Fritt socker,Soppa mat,0.0,g
508,Vitkålssoppa m. frikadeller,"Selen, Se",Soppa mat,1.1,µg
508,Vitkålssoppa m. frikadeller,Sackaros,Soppa mat,0.3,g
508,Vitkålssoppa m. frikadeller,Riboflavin,Soppa mat,0.03,mg
508,Vitkålssoppa m. frikadeller,Retinol,Soppa mat,7.2,µg
508,Vitkålssoppa m. frikadeller,Protein,Soppa mat,3.1,g
508,Vitkålssoppa m. frikadeller,Summa fleromättade fettsyror,Soppa mat,0.7,g
508,Vitkålssoppa m. frikadeller,"Fosfor, P",Soppa mat,42.0,mg
508,Vitkålssoppa m. frikadeller,Niacinekvivalenter,Soppa mat,1.22,NE/mg
508,Vitkålssoppa m. frikadeller,Niacin,Soppa mat,0.65,mg
508,Vitkålssoppa m. frikadeller,"Salt, NaCl",Soppa mat,0.9,g
508,Vitkålssoppa m. frikadeller,"Natrium, Na",Soppa mat,384.0,mg
508,Vitkålssoppa m. frikadeller,Monosackarider,Soppa mat,2.2,g
508,Vitkålssoppa m. frikadeller,"Sockerarter, totalt",Soppa mat,2.7,g
508,Vitkålssoppa m. frikadeller,Summa enkelomättade fettsyror,Soppa mat,1.8,g
508,Vitkålssoppa m. frikadeller,"Magnesium, Mg",Soppa mat,9.0,mg
508,Vitkålssoppa m. frikadeller,Summa mättade fettsyror,Soppa mat,1.1,g
508,Vitkålssoppa m. frikadeller,"Kolhydrater, tillgängliga",Soppa mat,2.8,g
508,Vitkålssoppa m. frikadeller,Kolesterol,Soppa mat,11.8,mg
508,Vitkålssoppa m. frikadeller,"Kalium, K",Soppa mat,100.0,mg
508,Vitkålssoppa m. frikadeller,"Jod, I",Soppa mat,38.3,µg
508,Vitkålssoppa m. frikadeller,Fullkorn totalt,Soppa mat,0.0,g
508,Vitkålssoppa m. frikadeller,"Folat, totalt",Soppa mat,6.5,µg
508,Vitkålssoppa m. frikadeller,Fibrer,Soppa mat,1.0,g
508,Vitkålssoppa m. frikadeller,"Fett, totalt",Soppa mat,3.9,g
508,Vitkålssoppa m. frikadeller,"Järn, Fe",Soppa mat,0.3,mg
508,Vitkålssoppa m. frikadeller,Energi (kJ),Soppa mat,250.0,kJ
508,Vitkålssoppa m. frikadeller,Energi (kcal),Soppa mat,60.0,kcal
508,Vitkålssoppa m. frikadeller,Disackarider,Soppa mat,0.5,g
508,Vitkålssoppa m. frikadeller,"Kalcium, Ca",Soppa mat,26.0,mg
508,Vitkålssoppa m. frikadeller,Fettsyra 4:0-10:0,Soppa mat,0.0,g
508,Vitkålssoppa m. frikadeller,DHA (C22:6),Soppa mat,0.0,g
508,Vitkålssoppa m. frikadeller,DPA (C22:5),Soppa mat,0.0,g
508,Vitkålssoppa m. frikadeller,EPA (C20:5),Soppa mat,0.0,g
508,Vitkålssoppa m. frikadeller,Arakidonsyra C20:4,Soppa mat,0.0,g
508,Vitkålssoppa m. frikadeller,Arakidinsyra C20:0,Soppa mat,0.0,g
508,Vitkålssoppa m. frikadeller,Linolensyra C18:3,Soppa mat,0.1,g
508,Vitkålssoppa m. frikadeller,Linolsyra C18:2,Soppa mat,0.5,g
508,Vitkålssoppa m. frikadeller,Oljesyra C18:1,Soppa mat,1.7,g
508,Vitkålssoppa m. frikadeller,Stearinsyra C18:0,Soppa mat,0.3,g
508,Vitkålssoppa m. frikadeller,Palmitoljesyra C16:1,Soppa mat,0.1,g
508,Vitkålssoppa m. frikadeller,Palmitinsyra C16:0,Soppa mat,0.6,g
508,Vitkålssoppa m. frikadeller,Myristinsyra C14:0,Soppa mat,0.1,g
508,Vitkålssoppa m. frikadeller,Laurinsyra C12:0,Soppa mat,0.0,g
508,Vitkålssoppa m. frikadeller,Betakaroten/β-Karoten,Soppa mat,21.0,µg
508,Vitkålssoppa m. frikadeller,Avfall (skal etc.),Soppa mat,5.0,%
508,Vitkålssoppa m. frikadeller,Aska,Soppa mat,1.3,g
508,Vitkålssoppa m. frikadeller,Alkohol,Soppa mat,0.0,g
510,Gryta får i kål,"Zink, Zn",Köttprodukter kötträtter,1.2,mg
510,Gryta får i kål,Vitamin E,Köttprodukter kötträtter,0.1,mg
510,Gryta får i kål,Vitamin D,Köttprodukter kötträtter,0.0,µg
510,Gryta får i kål,Vitamin C,Köttprodukter kötträtter,11.6,mg
510,Gryta får i kål,Vitamin B6,Köttprodukter kötträtter,0.09,mg
510,Gryta får i kål,Vitamin B12,Köttprodukter kötträtter,0.36,µg
510,Gryta får i kål,Vitamin A,Köttprodukter kötträtter,2.7,RE/µg
510,Gryta får i kål,Vatten,Köttprodukter kötträtter,87.1,g
510,Gryta får i kål,Tiamin,Köttprodukter kötträtter,0.04,mg
510,Gryta får i kål,Tillsatt socker,Köttprodukter kötträtter,0.0,g
510,Gryta får i kål,Fritt socker,Köttprodukter kötträtter,0.0,g
510,Gryta får i kål,"Selen, Se",Köttprodukter kötträtter,2.3,µg
510,Gryta får i kål,Sackaros,Köttprodukter kötträtter,0.2,g
510,Gryta får i kål,Riboflavin,Köttprodukter kötträtter,0.05,mg
510,Gryta får i kål,Retinol,Köttprodukter kötträtter,2.0,µg
510,Gryta får i kål,Protein,Köttprodukter kötträtter,6.6,g
510,Gryta får i kål,Summa fleromättade fettsyror,Köttprodukter kötträtter,0.1,g
510,Gryta får i kål,"Fosfor, P",Köttprodukter kötträtter,69.0,mg
510,Gryta får i kål,Niacinekvivalenter,Köttprodukter kötträtter,2.98,NE/mg
510,Gryta får i kål,Niacin,Köttprodukter kötträtter,1.78,mg
510,Gryta får i kål,"Salt, NaCl",Köttprodukter kötträtter,0.6,g
510,Gryta får i kål,"Natrium, Na",Köttprodukter kötträtter,240.0,mg
510,Gryta får i kål,Monosackarider,Köttprodukter kötträtter,2.4,g
510,Gryta får i kål,"Sockerarter, totalt",Köttprodukter kötträtter,2.5,g
510,Gryta får i kål,Summa enkelomättade fettsyror,Köttprodukter kötträtter,0.7,g
510,Gryta får i kål,"Magnesium, Mg",Köttprodukter kötträtter,12.0,mg
510,Gryta får i kål,Summa mättade fettsyror,Köttprodukter kötträtter,0.7,g
510,Gryta får i kål,"Kolhydrater, tillgängliga",Köttprodukter kötträtter,2.1,g
510,Gryta får i kål,Kolesterol,Köttprodukter kötträtter,19.3,mg
510,Gryta får i kål,"Kalium, K",Köttprodukter kötträtter,133.0,mg
510,Gryta får i kål,"Jod, I",Köttprodukter kötträtter,29.4,µg
510,Gryta får i kål,Fullkorn totalt,Köttprodukter kötträtter,0.0,g
510,Gryta får i kål,"Folat, totalt",Köttprodukter kötträtter,5.7,µg
510,Gryta får i kål,Fibrer,Köttprodukter kötträtter,1.2,g
510,Gryta får i kål,"Fett, totalt",Köttprodukter kötträtter,1.8,g
510,Gryta får i kål,"Järn, Fe",Köttprodukter kötträtter,0.5,mg
510,Gryta får i kål,Energi (kJ),Köttprodukter kötträtter,227.0,kJ
510,Gryta får i kål,Energi (kcal),Köttprodukter kötträtter,54.0,kcal
510,Gryta får i kål,Disackarider,Köttprodukter kötträtter,0.2,g
510,Gryta får i kål,"Kalcium, Ca",Köttprodukter kötträtter,22.0,mg
510,Gryta får i kål,Fettsyra 4:0-10:0,Köttprodukter kötträtter,0.0,g
510,Gryta får i kål,DHA (C22:6),Köttprodukter kötträtter,0.0,g
510,Gryta får i kål,DPA (C22:5),Köttprodukter kötträtter,0.0,g
510,Gryta får i kål,EPA (C20:5),Köttprodukter kötträtter,0.0,g
510,Gryta får i kål,Arakidonsyra C20:4,Köttprodukter kötträtter,0.0,g
510,Gryta får i kål,Arakidinsyra C20:0,Köttprodukter kötträtter,0.0,g
510,Gryta får i kål,Linolensyra C18:3,Köttprodukter kötträtter,0.0,g
510,Gryta får i kål,Linolsyra C18:2,Köttprodukter kötträtter,0.1,g
510,Gryta får i kål,Oljesyra C18:1,Köttprodukter kötträtter,0.7,g
510,Gryta får i kål,Stearinsyra C18:0,Köttprodukter kötträtter,0.2,g
510,Gryta får i kål,Palmitoljesyra C16:1,Köttprodukter kötträtter,0.0,g
510,Gryta får i kål,Palmitinsyra C16:0,Köttprodukter kötträtter,0.4,g
510,Gryta får i kål,Myristinsyra C14:0,Köttprodukter kötträtter,0.1,g
510,Gryta får i kål,Laurinsyra C12:0,Köttprodukter kötträtter,0.0,g
510,Gryta får i kål,Betakaroten/β-Karoten,Köttprodukter kötträtter,8.0,µg
510,Gryta får i kål,Avfall (skal etc.),Köttprodukter kötträtter,5.0,%
510,Gryta får i kål,Aska,Köttprodukter kötträtter,1.1,g
510,Gryta får i kål,Alkohol,Köttprodukter kötträtter,0.0,g
511,Kåldolmar stekta hemlagade,"Zink, Zn",Köttprodukter kötträtter,1.0,mg
511,Kåldolmar stekta hemlagade,Vitamin E,Köttprodukter kötträtter,0.7,mg
511,Kåldolmar stekta hemlagade,Vitamin D,Köttprodukter kötträtter,0.19,µg
511,Kåldolmar stekta hemlagade,Vitamin C,Köttprodukter kötträtter,7.9,mg
511,Kåldolmar stekta hemlagade,Vitamin B6,Köttprodukter kötträtter,0.11,mg
511,Kåldolmar stekta hemlagade,Vitamin B12,Köttprodukter kötträtter,0.21,µg
511,Kåldolmar stekta hemlagade,Vitamin A,Köttprodukter kötträtter,9.7,RE/µg
511,Kåldolmar stekta hemlagade,Vatten,Köttprodukter kötträtter,77.9,g
511,Kåldolmar stekta hemlagade,Tiamin,Köttprodukter kötträtter,0.07,mg
511,Kåldolmar stekta hemlagade,Tillsatt socker,Köttprodukter kötträtter,2.0,g
511,Kåldolmar stekta hemlagade,Fritt socker,Köttprodukter kötträtter,2.0,g
511,Kåldolmar stekta hemlagade,"Selen, Se",Köttprodukter kötträtter,1.4,µg
511,Kåldolmar stekta hemlagade,Sackaros,Köttprodukter kötträtter,1.1,g
511,Kåldolmar stekta hemlagade,Riboflavin,Köttprodukter kötträtter,0.05,mg
511,Kåldolmar stekta hemlagade,Retinol,Köttprodukter kötträtter,5.9,µg
511,Kåldolmar stekta hemlagade,Protein,Köttprodukter kötträtter,5.2,g
511,Kåldolmar stekta hemlagade,Summa fleromättade fettsyror,Köttprodukter kötträtter,0.9,g
511,Kåldolmar stekta hemlagade,"Fosfor, P",Köttprodukter kötträtter,67.0,mg
511,Kåldolmar stekta hemlagade,Niacinekvivalenter,Köttprodukter kötträtter,2.05,NE/mg
511,Kåldolmar stekta hemlagade,Niacin,Köttprodukter kötträtter,1.11,mg
511,Kåldolmar stekta hemlagade,"Salt, NaCl",Köttprodukter kötträtter,1.1,g
511,Kåldolmar stekta hemlagade,"Natrium, Na",Köttprodukter kötträtter,460.0,mg
511,Kåldolmar stekta hemlagade,Monosackarider,Köttprodukter kötträtter,3.8,g
511,Kåldolmar stekta hemlagade,"Sockerarter, totalt",Köttprodukter kötträtter,5.1,g
511,Kåldolmar stekta hemlagade,Summa enkelomättade fettsyror,Köttprodukter kötträtter,2.6,g
511,Kåldolmar stekta hemlagade,"Magnesium, Mg",Köttprodukter kötträtter,12.0,mg
511,Kåldolmar stekta hemlagade,Summa mättade fettsyror,Köttprodukter kötträtter,1.8,g
511,Kåldolmar stekta hemlagade,"Kolhydrater, tillgängliga",Köttprodukter kötträtter,8.0,g
511,Kåldolmar stekta hemlagade,Kolesterol,Köttprodukter kötträtter,13.6,mg
511,Kåldolmar stekta hemlagade,"Kalium, K",Köttprodukter kötträtter,151.0,mg
511,Kåldolmar stekta hemlagade,"Jod, I",Köttprodukter kötträtter,56.4,µg
511,Kåldolmar stekta hemlagade,Fullkorn totalt,Köttprodukter kötträtter,0.0,g
511,Kåldolmar stekta hemlagade,"Folat, totalt",Köttprodukter kötträtter,5.5,µg
511,Kåldolmar stekta hemlagade,Fibrer,Köttprodukter kötträtter,1.4,g
511,Kåldolmar stekta hemlagade,"Fett, totalt",Köttprodukter kötträtter,5.7,g
511,Kåldolmar stekta hemlagade,"Järn, Fe",Köttprodukter kötträtter,0.5,mg
511,Kåldolmar stekta hemlagade,Energi (kJ),Köttprodukter kötträtter,446.0,kJ
511,Kåldolmar stekta hemlagade,Energi (kcal),Köttprodukter kötträtter,107.0,kcal
511,Kåldolmar stekta hemlagade,Disackarider,Köttprodukter kötträtter,1.3,g
511,Kåldolmar stekta hemlagade,"Kalcium, Ca",Köttprodukter kötträtter,32.0,mg
511,Kåldolmar stekta hemlagade,Fettsyra 4:0-10:0,Köttprodukter kötträtter,0.0,g
511,Kåldolmar stekta hemlagade,DHA (C22:6),Köttprodukter kötträtter,0.0,g
511,Kåldolmar stekta hemlagade,DPA (C22:5),Köttprodukter kötträtter,0.0,g
511,Kåldolmar stekta hemlagade,EPA (C20:5),Köttprodukter kötträtter,0.0,g
511,Kåldolmar stekta hemlagade,Arakidonsyra C20:4,Köttprodukter kötträtter,0.0,g
511,Kåldolmar stekta hemlagade,Arakidinsyra C20:0,Köttprodukter kötträtter,0.0,g
511,Kåldolmar stekta hemlagade,Linolensyra C18:3,Köttprodukter kötträtter,0.2,g
511,Kåldolmar stekta hemlagade,Linolsyra C18:2,Köttprodukter kötträtter,0.7,g
511,Kåldolmar stekta hemlagade,Oljesyra C18:1,Köttprodukter kötträtter,2.4,g
511,Kåldolmar stekta hemlagade,Stearinsyra C18:0,Köttprodukter kötträtter,0.6,g
511,Kåldolmar stekta hemlagade,Palmitoljesyra C16:1,Köttprodukter kötträtter,0.1,g
511,Kåldolmar stekta hemlagade,Palmitinsyra C16:0,Köttprodukter kötträtter,1.0,g
511,Kåldolmar stekta hemlagade,Myristinsyra C14:0,Köttprodukter kötträtter,0.1,g
511,Kåldolmar stekta hemlagade,Laurinsyra C12:0,Köttprodukter kötträtter,0.0,g
511,Kåldolmar stekta hemlagade,Betakaroten/β-Karoten,Köttprodukter kötträtter,9.0,µg
511,Kåldolmar stekta hemlagade,Avfall (skal etc.),Köttprodukter kötträtter,7.0,%
511,Kåldolmar stekta hemlagade,Aska,Köttprodukter kötträtter,1.7,g
511,Kåldolmar stekta hemlagade,Alkohol,Köttprodukter kötträtter,0.0,g
512,Kålpudding,"Zink, Zn",Köttprodukter kötträtter,1.4,mg
512,Kålpudding,Vitamin E,Köttprodukter kötträtter,0.4,mg
512,Kålpudding,Vitamin D,Köttprodukter kötträtter,0.28,µg
512,Kålpudding,Vitamin C,Köttprodukter kötträtter,9.4,mg
512,Kålpudding,Vitamin B6,Köttprodukter kötträtter,0.16,mg
512,Kålpudding,Vitamin B12,Köttprodukter kötträtter,0.38,µg
512,Kålpudding,Vitamin A,Köttprodukter kötträtter,20.1,RE/µg
512,Kålpudding,Vatten,Köttprodukter kötträtter,74.5,g
512,Kålpudding,Tiamin,Köttprodukter kötträtter,0.1,mg
512,Kålpudding,Tillsatt socker,Köttprodukter kötträtter,3.0,g
512,Kålpudding,Fritt socker,Köttprodukter kötträtter,3.0,g
512,Kålpudding,"Selen, Se",Köttprodukter kötträtter,3.1,µg
512,Kålpudding,Sackaros,Köttprodukter kötträtter,1.5,g
512,Kålpudding,Riboflavin,Köttprodukter kötträtter,0.1,mg
512,Kålpudding,Retinol,Köttprodukter kötträtter,16.2,µg
512,Kålpudding,Protein,Köttprodukter kötträtter,7.3,g
512,Kålpudding,Summa fleromättade fettsyror,Köttprodukter kötträtter,0.5,g
512,Kålpudding,"Fosfor, P",Köttprodukter kötträtter,104.0,mg
512,Kålpudding,Niacinekvivalenter,Köttprodukter kötträtter,2.74,NE/mg
512,Kålpudding,Niacin,Köttprodukter kötträtter,1.34,mg
512,Kålpudding,"Salt, NaCl",Köttprodukter kötträtter,1.3,g
512,Kålpudding,"Natrium, Na",Köttprodukter kötträtter,517.0,mg
512,Kålpudding,Monosackarider,Köttprodukter kötträtter,4.3,g
512,Kålpudding,"Sockerarter, totalt",Köttprodukter kötträtter,6.7,g
512,Kålpudding,Summa enkelomättade fettsyror,Köttprodukter kötträtter,2.1,g
512,Kålpudding,"Magnesium, Mg",Köttprodukter kötträtter,16.0,mg
512,Kålpudding,Summa mättade fettsyror,Köttprodukter kötträtter,2.2,g
512,Kålpudding,"Kolhydrater, tillgängliga",Köttprodukter kötträtter,9.6,g
512,Kålpudding,Kolesterol,Köttprodukter kötträtter,33.3,mg
512,Kålpudding,"Kalium, K",Köttprodukter kötträtter,198.0,mg
512,Kålpudding,"Jod, I",Köttprodukter kötträtter,53.7,µg
512,Kålpudding,Fullkorn totalt,Köttprodukter kötträtter,0.0,g
512,Kålpudding,"Folat, totalt",Köttprodukter kötträtter,10.1,µg
512,Kålpudding,Fibrer,Köttprodukter kötträtter,1.4,g
512,Kålpudding,"Fett, totalt",Köttprodukter kötträtter,5.2,g
512,Kålpudding,"Järn, Fe",Köttprodukter kötträtter,0.7,mg
512,Kålpudding,Energi (kJ),Köttprodukter kötträtter,491.0,kJ
512,Kålpudding,Energi (kcal),Köttprodukter kötträtter,117.0,kcal
512,Kålpudding,Disackarider,Köttprodukter kötträtter,2.4,g
512,Kålpudding,"Kalcium, Ca",Köttprodukter kötträtter,54.0,mg
512,Kålpudding,Fettsyra 4:0-10:0,Köttprodukter kötträtter,0.0,g
512,Kålpudding,DHA (C22:6),Köttprodukter kötträtter,0.0,g
512,Kålpudding,DPA (C22:5),Köttprodukter kötträtter,0.0,g
512,Kålpudding,EPA (C20:5),Köttprodukter kötträtter,0.0,g
512,Kålpudding,Arakidonsyra C20:4,Köttprodukter kötträtter,0.0,g
512,Kålpudding,Arakidinsyra C20:0,Köttprodukter kötträtter,0.0,g
512,Kålpudding,Linolensyra C18:3,Köttprodukter kötträtter,0.1,g
512,Kålpudding,Linolsyra C18:2,Köttprodukter kötträtter,0.4,g
512,Kålpudding,Oljesyra C18:1,Köttprodukter kötträtter,1.9,g
512,Kålpudding,Stearinsyra C18:0,Köttprodukter kötträtter,0.7,g
512,Kålpudding,Palmitoljesyra C16:1,Köttprodukter kötträtter,0.2,g
512,Kålpudding,Palmitinsyra C16:0,Köttprodukter kötträtter,1.3,g
512,Kålpudding,Myristinsyra C14:0,Köttprodukter kötträtter,0.1,g
512,Kålpudding,Laurinsyra C12:0,Köttprodukter kötträtter,0.0,g
512,Kålpudding,Betakaroten/β-Karoten,Köttprodukter kötträtter,47.0,µg
512,Kålpudding,Avfall (skal etc.),Köttprodukter kötträtter,6.0,%
512,Kålpudding,Aska,Köttprodukter kötträtter,2.0,g
512,Kålpudding,Alkohol,Köttprodukter kötträtter,0.0,g
513,Sallad Caesarsallad el. kycklingsallad m. dressing,"Zink, Zn",Sallad blandad mat,0.8,mg
513,Sallad Caesarsallad el. kycklingsallad m. dressing,Vitamin E,Sallad blandad mat,4.4,mg
513,Sallad Caesarsallad el. kycklingsallad m. dressing,Vitamin D,Sallad blandad mat,0.33,µg
513,Sallad Caesarsallad el. kycklingsallad m. dressing,Vitamin C,Sallad blandad mat,1.9,mg
513,Sallad Caesarsallad el. kycklingsallad m. dressing,Vitamin B6,Sallad blandad mat,0.29,mg
513,Sallad Caesarsallad el. kycklingsallad m. dressing,Vitamin B12,Sallad blandad mat,0.32,µg
513,Sallad Caesarsallad el. kycklingsallad m. dressing,Vitamin A,Sallad blandad mat,42.2,RE/µg
513,Sallad Caesarsallad el. kycklingsallad m. dressing,Vatten,Sallad blandad mat,51.3,g
513,Sallad Caesarsallad el. kycklingsallad m. dressing,Tiamin,Sallad blandad mat,0.11,mg
513,Sallad Caesarsallad el. kycklingsallad m. dressing,Tillsatt socker,Sallad blandad mat,1.0,g
513,Sallad Caesarsallad el. kycklingsallad m. dressing,Fritt socker,Sallad blandad mat,1.0,g
513,Sallad Caesarsallad el. kycklingsallad m. dressing,"Selen, Se",Sallad blandad mat,8.3,µg
513,Sallad Caesarsallad el. kycklingsallad m. dressing,Sackaros,Sallad blandad mat,0.0,g
513,Sallad Caesarsallad el. kycklingsallad m. dressing,Riboflavin,Sallad blandad mat,0.11,mg
513,Sallad Caesarsallad el. kycklingsallad m. dressing,Retinol,Sallad blandad mat,30.5,µg
513,Sallad Caesarsallad el. kycklingsallad m. dressing,Protein,Sallad blandad mat,12.0,g
513,Sallad Caesarsallad el. kycklingsallad m. dressing,Summa fleromättade fettsyror,Sallad blandad mat,2.3,g
513,Sallad Caesarsallad el. kycklingsallad m. dressing,"Fosfor, P",Sallad blandad mat,172.0,mg
513,Sallad Caesarsallad el. kycklingsallad m. dressing,Niacinekvivalenter,Sallad blandad mat,7.31,NE/mg
513,Sallad Caesarsallad el. kycklingsallad m. dressing,Niacin,Sallad blandad mat,5.05,mg
513,Sallad Caesarsallad el. kycklingsallad m. dressing,"Salt, NaCl",Sallad blandad mat,1.0,g
513,Sallad Caesarsallad el. kycklingsallad m. dressing,"Natrium, Na",Sallad blandad mat,400.0,mg
513,Sallad Caesarsallad el. kycklingsallad m. dressing,Monosackarider,Sallad blandad mat,0.4,g
513,Sallad Caesarsallad el. kycklingsallad m. dressing,"Sockerarter, totalt",Sallad blandad mat,1.1,g
513,Sallad Caesarsallad el. kycklingsallad m. dressing,Summa enkelomättade fettsyror,Sallad blandad mat,15.8,g
513,Sallad Caesarsallad el. kycklingsallad m. dressing,"Magnesium, Mg",Sallad blandad mat,24.0,mg
513,Sallad Caesarsallad el. kycklingsallad m. dressing,Summa mättade fettsyror,Sallad blandad mat,4.4,g
513,Sallad Caesarsallad el. kycklingsallad m. dressing,"Kolhydrater, tillgängliga",Sallad blandad mat,9.6,g
513,Sallad Caesarsallad el. kycklingsallad m. dressing,Kolesterol,Sallad blandad mat,53.4,mg
513,Sallad Caesarsallad el. kycklingsallad m. dressing,"Kalium, K",Sallad blandad mat,208.0,mg
513,Sallad Caesarsallad el. kycklingsallad m. dressing,"Jod, I",Sallad blandad mat,34.2,µg
513,Sallad Caesarsallad el. kycklingsallad m. dressing,Fullkorn totalt,Sallad blandad mat,0.0,g
513,Sallad Caesarsallad el. kycklingsallad m. dressing,"Folat, totalt",Sallad blandad mat,27.4,µg
513,Sallad Caesarsallad el. kycklingsallad m. dressing,Fibrer,Sallad blandad mat,1.3,g
513,Sallad Caesarsallad el. kycklingsallad m. dressing,"Fett, totalt",Sallad blandad mat,23.9,g
513,Sallad Caesarsallad el. kycklingsallad m. dressing,"Järn, Fe",Sallad blandad mat,0.5,mg
513,Sallad Caesarsallad el. kycklingsallad m. dressing,Energi (kJ),Sallad blandad mat,1262.0,kJ
513,Sallad Caesarsallad el. kycklingsallad m. dressing,Energi (kcal),Sallad blandad mat,301.0,kcal
513,Sallad Caesarsallad el. kycklingsallad m. dressing,Disackarider,Sallad blandad mat,0.7,g
513,Sallad Caesarsallad el. kycklingsallad m. dressing,"Kalcium, Ca",Sallad blandad mat,77.0,mg
513,Sallad Caesarsallad el. kycklingsallad m. dressing,Fettsyra 4:0-10:0,Sallad blandad mat,0.1,g
513,Sallad Caesarsallad el. kycklingsallad m. dressing,DHA (C22:6),Sallad blandad mat,0.0,g
513,Sallad Caesarsallad el. kycklingsallad m. dressing,DPA (C22:5),Sallad blandad mat,0.0,g
513,Sallad Caesarsallad el. kycklingsallad m. dressing,EPA (C20:5),Sallad blandad mat,0.0,g
513,Sallad Caesarsallad el. kycklingsallad m. dressing,Arakidonsyra C20:4,Sallad blandad mat,0.0,g
513,Sallad Caesarsallad el. kycklingsallad m. dressing,Arakidinsyra C20:0,Sallad blandad mat,0.1,g
513,Sallad Caesarsallad el. kycklingsallad m. dressing,Linolensyra C18:3,Sallad blandad mat,0.2,g
513,Sallad Caesarsallad el. kycklingsallad m. dressing,Linolsyra C18:2,Sallad blandad mat,2.0,g
513,Sallad Caesarsallad el. kycklingsallad m. dressing,Oljesyra C18:1,Sallad blandad mat,15.3,g
513,Sallad Caesarsallad el. kycklingsallad m. dressing,Stearinsyra C18:0,Sallad blandad mat,0.8,g
513,Sallad Caesarsallad el. kycklingsallad m. dressing,Palmitoljesyra C16:1,Sallad blandad mat,0.3,g
513,Sallad Caesarsallad el. kycklingsallad m. dressing,Palmitinsyra C16:0,Sallad blandad mat,3.1,g
513,Sallad Caesarsallad el. kycklingsallad m. dressing,Myristinsyra C14:0,Sallad blandad mat,0.2,g
513,Sallad Caesarsallad el. kycklingsallad m. dressing,Laurinsyra C12:0,Sallad blandad mat,0.1,g
513,Sallad Caesarsallad el. kycklingsallad m. dressing,Betakaroten/β-Karoten,Sallad blandad mat,140.0,µg
513,Sallad Caesarsallad el. kycklingsallad m. dressing,Avfall (skal etc.),Sallad blandad mat,1.0,%
513,Sallad Caesarsallad el. kycklingsallad m. dressing,Aska,Sallad blandad mat,1.9,g
513,Sallad Caesarsallad el. kycklingsallad m. dressing,Alkohol,Sallad blandad mat,0.0,g
515,Moussaka ugnsstekt,"Zink, Zn",Köttprodukter kötträtter,1.2,mg
515,Moussaka ugnsstekt,Vitamin E,Köttprodukter kötträtter,1.6,mg
515,Moussaka ugnsstekt,Vitamin D,Köttprodukter kötträtter,0.36,µg
515,Moussaka ugnsstekt,Vitamin C,Köttprodukter kötträtter,3.7,mg
515,Moussaka ugnsstekt,Vitamin B6,Köttprodukter kötträtter,0.08,mg
515,Moussaka ugnsstekt,Vitamin B12,Köttprodukter kötträtter,0.35,µg
515,Moussaka ugnsstekt,Vitamin A,Köttprodukter kötträtter,45.4,RE/µg
515,Moussaka ugnsstekt,Vatten,Köttprodukter kötträtter,77.7,g
515,Moussaka ugnsstekt,Tiamin,Köttprodukter kötträtter,0.04,mg
515,Moussaka ugnsstekt,Tillsatt socker,Köttprodukter kötträtter,0.0,g
515,Moussaka ugnsstekt,Fritt socker,Köttprodukter kötträtter,0.0,g
515,Moussaka ugnsstekt,"Selen, Se",Köttprodukter kötträtter,3.4,µg
515,Moussaka ugnsstekt,Sackaros,Köttprodukter kötträtter,0.2,g
515,Moussaka ugnsstekt,Riboflavin,Köttprodukter kötträtter,0.09,mg
515,Moussaka ugnsstekt,Retinol,Köttprodukter kötträtter,31.6,µg
515,Moussaka ugnsstekt,Protein,Köttprodukter kötträtter,6.8,g
515,Moussaka ugnsstekt,Summa fleromättade fettsyror,Köttprodukter kötträtter,0.9,g
515,Moussaka ugnsstekt,"Fosfor, P",Köttprodukter kötträtter,113.0,mg
515,Moussaka ugnsstekt,Niacinekvivalenter,Köttprodukter kötträtter,2.72,NE/mg
515,Moussaka ugnsstekt,Niacin,Köttprodukter kötträtter,1.33,mg
515,Moussaka ugnsstekt,"Salt, NaCl",Köttprodukter kötträtter,0.8,g
515,Moussaka ugnsstekt,"Natrium, Na",Köttprodukter kötträtter,307.0,mg
515,Moussaka ugnsstekt,Monosackarider,Köttprodukter kötträtter,2.2,g
515,Moussaka ugnsstekt,"Sockerarter, totalt",Köttprodukter kötträtter,3.5,g
515,Moussaka ugnsstekt,Summa enkelomättade fettsyror,Köttprodukter kötträtter,3.4,g
515,Moussaka ugnsstekt,"Magnesium, Mg",Köttprodukter kötträtter,18.0,mg
515,Moussaka ugnsstekt,Summa mättade fettsyror,Köttprodukter kötträtter,2.8,g
515,Moussaka ugnsstekt,"Kolhydrater, tillgängliga",Köttprodukter kötträtter,4.7,g
515,Moussaka ugnsstekt,Kolesterol,Köttprodukter kötträtter,32.7,mg
515,Moussaka ugnsstekt,"Kalium, K",Köttprodukter kötträtter,227.0,mg
515,Moussaka ugnsstekt,"Jod, I",Köttprodukter kötträtter,41.1,µg
515,Moussaka ugnsstekt,Fullkorn totalt,Köttprodukter kötträtter,0.0,g
515,Moussaka ugnsstekt,"Folat, totalt",Köttprodukter kötträtter,14.3,µg
515,Moussaka ugnsstekt,Fibrer,Köttprodukter kötträtter,1.4,g
515,Moussaka ugnsstekt,"Fett, totalt",Köttprodukter kötträtter,7.7,g
515,Moussaka ugnsstekt,"Järn, Fe",Köttprodukter kötträtter,0.7,mg
515,Moussaka ugnsstekt,Energi (kJ),Köttprodukter kötträtter,490.0,kJ
515,Moussaka ugnsstekt,Energi (kcal),Köttprodukter kötträtter,117.0,kcal
515,Moussaka ugnsstekt,Disackarider,Köttprodukter kötträtter,1.3,g
515,Moussaka ugnsstekt,"Kalcium, Ca",Köttprodukter kötträtter,80.0,mg
515,Moussaka ugnsstekt,Fettsyra 4:0-10:0,Köttprodukter kötträtter,0.2,g
515,Moussaka ugnsstekt,DHA (C22:6),Köttprodukter kötträtter,0.0,g
515,Moussaka ugnsstekt,DPA (C22:5),Köttprodukter kötträtter,0.0,g
515,Moussaka ugnsstekt,EPA (C20:5),Köttprodukter kötträtter,0.0,g
515,Moussaka ugnsstekt,Arakidonsyra C20:4,Köttprodukter kötträtter,0.0,g
515,Moussaka ugnsstekt,Arakidinsyra C20:0,Köttprodukter kötträtter,0.0,g
515,Moussaka ugnsstekt,Linolensyra C18:3,Köttprodukter kötträtter,0.2,g
515,Moussaka ugnsstekt,Linolsyra C18:2,Köttprodukter kötträtter,0.7,g
515,Moussaka ugnsstekt,Oljesyra C18:1,Köttprodukter kötträtter,3.2,g
515,Moussaka ugnsstekt,Stearinsyra C18:0,Köttprodukter kötträtter,0.7,g
515,Moussaka ugnsstekt,Palmitoljesyra C16:1,Köttprodukter kötträtter,0.1,g
515,Moussaka ugnsstekt,Palmitinsyra C16:0,Köttprodukter kötträtter,1.4,g
515,Moussaka ugnsstekt,Myristinsyra C14:0,Köttprodukter kötträtter,0.3,g
515,Moussaka ugnsstekt,Laurinsyra C12:0,Köttprodukter kötträtter,0.1,g
515,Moussaka ugnsstekt,Betakaroten/β-Karoten,Köttprodukter kötträtter,134.0,µg
515,Moussaka ugnsstekt,Avfall (skal etc.),Köttprodukter kötträtter,2.0,%
515,Moussaka ugnsstekt,Aska,Köttprodukter kötträtter,1.6,g
515,Moussaka ugnsstekt,Alkohol,Köttprodukter kötträtter,0.0,g
518,Wokgrönsaker m. nudlar kyckling,"Zink, Zn",Pastarätter,0.5,mg
518,Wokgrönsaker m. nudlar kyckling,Vitamin E,Pastarätter,1.5,mg
518,Wokgrönsaker m. nudlar kyckling,Vitamin D,Pastarätter,0.29,µg
518,Wokgrönsaker m. nudlar kyckling,Vitamin C,Pastarätter,11.4,mg
518,Wokgrönsaker m. nudlar kyckling,Vitamin B6,Pastarätter,0.19,mg
518,Wokgrönsaker m. nudlar kyckling,Vitamin B12,Pastarätter,0.16,µg
518,Wokgrönsaker m. nudlar kyckling,Vitamin A,Pastarätter,124.9,RE/µg
518,Wokgrönsaker m. nudlar kyckling,Vatten,Pastarätter,78.6,g
518,Wokgrönsaker m. nudlar kyckling,Tiamin,Pastarätter,0.04,mg
518,Wokgrönsaker m. nudlar kyckling,Tillsatt socker,Pastarätter,0.0,g
518,Wokgrönsaker m. nudlar kyckling,Fritt socker,Pastarätter,0.0,g
518,Wokgrönsaker m. nudlar kyckling,"Selen, Se",Pastarätter,4.3,µg
518,Wokgrönsaker m. nudlar kyckling,Sackaros,Pastarätter,1.6,g
518,Wokgrönsaker m. nudlar kyckling,Riboflavin,Pastarätter,0.07,mg
518,Wokgrönsaker m. nudlar kyckling,Retinol,Pastarätter,22.2,µg
518,Wokgrönsaker m. nudlar kyckling,Protein,Pastarätter,5.6,g
518,Wokgrönsaker m. nudlar kyckling,Summa fleromättade fettsyror,Pastarätter,1.0,g
518,Wokgrönsaker m. nudlar kyckling,"Fosfor, P",Pastarätter,81.0,mg
518,Wokgrönsaker m. nudlar kyckling,Niacinekvivalenter,Pastarätter,2.5,NE/mg
518,Wokgrönsaker m. nudlar kyckling,Niacin,Pastarätter,1.5,mg
518,Wokgrönsaker m. nudlar kyckling,"Salt, NaCl",Pastarätter,0.8,g
518,Wokgrönsaker m. nudlar kyckling,"Natrium, Na",Pastarätter,340.0,mg
518,Wokgrönsaker m. nudlar kyckling,Monosackarider,Pastarätter,2.8,g
518,Wokgrönsaker m. nudlar kyckling,"Sockerarter, totalt",Pastarätter,4.5,g
518,Wokgrönsaker m. nudlar kyckling,Summa enkelomättade fettsyror,Pastarätter,2.2,g
518,Wokgrönsaker m. nudlar kyckling,"Magnesium, Mg",Pastarätter,14.0,mg
518,Wokgrönsaker m. nudlar kyckling,Summa mättade fettsyror,Pastarätter,1.1,g
518,Wokgrönsaker m. nudlar kyckling,"Kolhydrater, tillgängliga",Pastarätter,8.6,g
518,Wokgrönsaker m. nudlar kyckling,Kolesterol,Pastarätter,15.6,mg
518,Wokgrönsaker m. nudlar kyckling,"Kalium, K",Pastarätter,175.0,mg
518,Wokgrönsaker m. nudlar kyckling,"Jod, I",Pastarätter,5.0,µg
518,Wokgrönsaker m. nudlar kyckling,Fullkorn totalt,Pastarätter,0.0,g
518,Wokgrönsaker m. nudlar kyckling,"Folat, totalt",Pastarätter,34.2,µg
518,Wokgrönsaker m. nudlar kyckling,Fibrer,Pastarätter,1.2,g
518,Wokgrönsaker m. nudlar kyckling,"Fett, totalt",Pastarätter,4.6,g
518,Wokgrönsaker m. nudlar kyckling,"Järn, Fe",Pastarätter,1.4,mg
518,Wokgrönsaker m. nudlar kyckling,Energi (kJ),Pastarätter,422.0,kJ
518,Wokgrönsaker m. nudlar kyckling,Energi (kcal),Pastarätter,101.0,kcal
518,Wokgrönsaker m. nudlar kyckling,Disackarider,Pastarätter,1.6,g
518,Wokgrönsaker m. nudlar kyckling,"Kalcium, Ca",Pastarätter,25.0,mg
518,Wokgrönsaker m. nudlar kyckling,Fettsyra 4:0-10:0,Pastarätter,0.0,g
518,Wokgrönsaker m. nudlar kyckling,DHA (C22:6),Pastarätter,0.0,g
518,Wokgrönsaker m. nudlar kyckling,DPA (C22:5),Pastarätter,0.0,g
518,Wokgrönsaker m. nudlar kyckling,EPA (C20:5),Pastarätter,0.0,g
518,Wokgrönsaker m. nudlar kyckling,Arakidonsyra C20:4,Pastarätter,0.0,g
518,Wokgrönsaker m. nudlar kyckling,Arakidinsyra C20:0,Pastarätter,0.0,g
518,Wokgrönsaker m. nudlar kyckling,Linolensyra C18:3,Pastarätter,0.2,g
518,Wokgrönsaker m. nudlar kyckling,Linolsyra C18:2,Pastarätter,0.8,g
518,Wokgrönsaker m. nudlar kyckling,Oljesyra C18:1,Pastarätter,2.1,g
518,Wokgrönsaker m. nudlar kyckling,Stearinsyra C18:0,Pastarätter,0.2,g
518,Wokgrönsaker m. nudlar kyckling,Palmitoljesyra C16:1,Pastarätter,0.1,g
518,Wokgrönsaker m. nudlar kyckling,Palmitinsyra C16:0,Pastarätter,0.9,g
518,Wokgrönsaker m. nudlar kyckling,Myristinsyra C14:0,Pastarätter,0.0,g
518,Wokgrönsaker m. nudlar kyckling,Laurinsyra C12:0,Pastarätter,0.0,g
518,Wokgrönsaker m. nudlar kyckling,Betakaroten/β-Karoten,Pastarätter,1160.0,µg
518,Wokgrönsaker m. nudlar kyckling,Avfall (skal etc.),Pastarätter,0.0,%
518,Wokgrönsaker m. nudlar kyckling,Aska,Pastarätter,1.4,g
518,Wokgrönsaker m. nudlar kyckling,Alkohol,Pastarätter,0.0,g
519,Kycklingsallad m. ananas paprika vitlöksdressing,"Zink, Zn",Sallad blandad mat,0.3,mg
519,Kycklingsallad m. ananas paprika vitlöksdressing,Vitamin E,Sallad blandad mat,1.2,mg
519,Kycklingsallad m. ananas paprika vitlöksdressing,Vitamin D inkl 25-OH-D3,Sallad blandad mat,0.0,µg
519,Kycklingsallad m. ananas paprika vitlöksdressing,Vitamin D,Sallad blandad mat,0.0,µg
519,Kycklingsallad m. ananas paprika vitlöksdressing,Vitamin C,Sallad blandad mat,5.5,mg
519,Kycklingsallad m. ananas paprika vitlöksdressing,Vitamin B6,Sallad blandad mat,0.13,mg
519,Kycklingsallad m. ananas paprika vitlöksdressing,Vitamin B12,Sallad blandad mat,0.16,µg
519,Kycklingsallad m. ananas paprika vitlöksdressing,Vitamin A,Sallad blandad mat,41.7,RE/µg
519,Kycklingsallad m. ananas paprika vitlöksdressing,Vatten,Sallad blandad mat,86.3,g
519,Kycklingsallad m. ananas paprika vitlöksdressing,Tiamin,Sallad blandad mat,0.04,mg
519,Kycklingsallad m. ananas paprika vitlöksdressing,Tillsatt socker,Sallad blandad mat,1.0,g
519,Kycklingsallad m. ananas paprika vitlöksdressing,Fritt socker,Sallad blandad mat,1.0,g
519,Kycklingsallad m. ananas paprika vitlöksdressing,"Selen, Se",Sallad blandad mat,2.0,µg
519,Kycklingsallad m. ananas paprika vitlöksdressing,Sackaros,Sallad blandad mat,0.0,g
519,Kycklingsallad m. ananas paprika vitlöksdressing,Riboflavin,Sallad blandad mat,0.05,mg
519,Kycklingsallad m. ananas paprika vitlöksdressing,Retinol,Sallad blandad mat,0.0,µg
519,Kycklingsallad m. ananas paprika vitlöksdressing,Protein,Sallad blandad mat,4.4,g
519,Kycklingsallad m. ananas paprika vitlöksdressing,Summa fleromättade fettsyror,Sallad blandad mat,1.3,g
519,Kycklingsallad m. ananas paprika vitlöksdressing,"Fosfor, P",Sallad blandad mat,67.0,mg
519,Kycklingsallad m. ananas paprika vitlöksdressing,Niacinekvivalenter,Sallad blandad mat,2.2,NE/mg
519,Kycklingsallad m. ananas paprika vitlöksdressing,Niacin,Sallad blandad mat,1.35,mg
519,Kycklingsallad m. ananas paprika vitlöksdressing,"Salt, NaCl",Sallad blandad mat,0.4,g
519,Kycklingsallad m. ananas paprika vitlöksdressing,"Natrium, Na",Sallad blandad mat,147.0,mg
519,Kycklingsallad m. ananas paprika vitlöksdressing,Monosackarider,Sallad blandad mat,1.1,g
519,Kycklingsallad m. ananas paprika vitlöksdressing,"Sockerarter, totalt",Sallad blandad mat,1.1,g
519,Kycklingsallad m. ananas paprika vitlöksdressing,Summa enkelomättade fettsyror,Sallad blandad mat,3.0,g
519,Kycklingsallad m. ananas paprika vitlöksdressing,"Magnesium, Mg",Sallad blandad mat,100.0,mg
519,Kycklingsallad m. ananas paprika vitlöksdressing,Summa mättade fettsyror,Sallad blandad mat,0.6,g
519,Kycklingsallad m. ananas paprika vitlöksdressing,"Kolhydrater, tillgängliga",Sallad blandad mat,2.4,g
519,Kycklingsallad m. ananas paprika vitlöksdressing,Kolesterol,Sallad blandad mat,17.0,mg
519,Kycklingsallad m. ananas paprika vitlöksdressing,"Kalium, K",Sallad blandad mat,177.0,mg
519,Kycklingsallad m. ananas paprika vitlöksdressing,"Jod, I",Sallad blandad mat,2.4,µg
519,Kycklingsallad m. ananas paprika vitlöksdressing,Fullkorn totalt,Sallad blandad mat,0.0,g
519,Kycklingsallad m. ananas paprika vitlöksdressing,"Folat, totalt",Sallad blandad mat,22.0,µg
519,Kycklingsallad m. ananas paprika vitlöksdressing,Fibrer,Sallad blandad mat,0.8,g
519,Kycklingsallad m. ananas paprika vitlöksdressing,"Fett, totalt",Sallad blandad mat,5.2,g
519,Kycklingsallad m. ananas paprika vitlöksdressing,"Järn, Fe",Sallad blandad mat,0.3,mg
519,Kycklingsallad m. ananas paprika vitlöksdressing,Energi (kJ),Sallad blandad mat,314.0,kJ
519,Kycklingsallad m. ananas paprika vitlöksdressing,Energi (kcal),Sallad blandad mat,75.0,kcal
519,Kycklingsallad m. ananas paprika vitlöksdressing,Disackarider,Sallad blandad mat,0.0,g
519,Kycklingsallad m. ananas paprika vitlöksdressing,"Kalcium, Ca",Sallad blandad mat,21.0,mg
519,Kycklingsallad m. ananas paprika vitlöksdressing,Fettsyra 4:0-10:0,Sallad blandad mat,0.0,g
519,Kycklingsallad m. ananas paprika vitlöksdressing,DHA (C22:6),Sallad blandad mat,0.0,g
519,Kycklingsallad m. ananas paprika vitlöksdressing,DPA (C22:5),Sallad blandad mat,0.0,g
519,Kycklingsallad m. ananas paprika vitlöksdressing,EPA (C20:5),Sallad blandad mat,0.0,g
519,Kycklingsallad m. ananas paprika vitlöksdressing,Arakidonsyra C20:4,Sallad blandad mat,0.0,g
519,Kycklingsallad m. ananas paprika vitlöksdressing,Arakidinsyra C20:0,Sallad blandad mat,0.0,g
519,Kycklingsallad m. ananas paprika vitlöksdressing,Linolensyra C18:3,Sallad blandad mat,0.4,g
519,Kycklingsallad m. ananas paprika vitlöksdressing,Linolsyra C18:2,Sallad blandad mat,0.9,g
519,Kycklingsallad m. ananas paprika vitlöksdressing,Oljesyra C18:1,Sallad blandad mat,2.8,g
519,Kycklingsallad m. ananas paprika vitlöksdressing,Stearinsyra C18:0,Sallad blandad mat,0.1,g
519,Kycklingsallad m. ananas paprika vitlöksdressing,Palmitoljesyra C16:1,Sallad blandad mat,0.1,g
519,Kycklingsallad m. ananas paprika vitlöksdressing,Palmitinsyra C16:0,Sallad blandad mat,0.4,g
519,Kycklingsallad m. ananas paprika vitlöksdressing,Myristinsyra C14:0,Sallad blandad mat,0.0,g
519,Kycklingsallad m. ananas paprika vitlöksdressing,Laurinsyra C12:0,Sallad blandad mat,0.0,g
519,Kycklingsallad m. ananas paprika vitlöksdressing,Betakaroten/β-Karoten,Sallad blandad mat,475.0,µg
519,Kycklingsallad m. ananas paprika vitlöksdressing,Avfall (skal etc.),Sallad blandad mat,0.0,%
519,Kycklingsallad m. ananas paprika vitlöksdressing,Aska,Sallad blandad mat,0.9,g
519,Kycklingsallad m. ananas paprika vitlöksdressing,Alkohol,Sallad blandad mat,0.0,g
520,Granatäpple,"Zink, Zn",Frukt färsk fryst,0.2,mg
520,Granatäpple,Vitamin E,Frukt färsk fryst,0.9,mg
520,Granatäpple,Vitamin D inkl 25-OH-D3,Frukt färsk fryst,0.0,µg
520,Granatäpple,Vitamin D,Frukt färsk fryst,0.0,µg
520,Granatäpple,Vitamin C,Frukt färsk fryst,6.0,mg
520,Granatäpple,Vitamin B6,Frukt färsk fryst,0.1,mg
520,Granatäpple,Vitamin B12,Frukt färsk fryst,0.0,µg
520,Granatäpple,Vitamin A,Frukt färsk fryst,3.3,RE/µg
520,Granatäpple,Vatten,Frukt färsk fryst,81.0,g
520,Granatäpple,Tiamin,Frukt färsk fryst,0.03,mg
520,Granatäpple,Tillsatt socker,Frukt färsk fryst,0.0,g
520,Granatäpple,Fritt socker,Frukt färsk fryst,0.0,g
520,Granatäpple,"Selen, Se",Frukt färsk fryst,1.0,µg
520,Granatäpple,Sackaros,Frukt färsk fryst,1.0,g
520,Granatäpple,Riboflavin,Frukt färsk fryst,0.03,mg
520,Granatäpple,Retinol,Frukt färsk fryst,0.0,µg
520,Granatäpple,Protein,Frukt färsk fryst,0.7,g
520,Granatäpple,Summa fleromättade fettsyror,Frukt färsk fryst,0.1,g
520,Granatäpple,"Fosfor, P",Frukt färsk fryst,8.0,mg
520,Granatäpple,Niacinekvivalenter,Frukt färsk fryst,0.42,NE/mg
520,Granatäpple,Niacin,Frukt färsk fryst,0.3,mg
520,Granatäpple,"Salt, NaCl",Frukt färsk fryst,0.0,g
520,Granatäpple,"Natrium, Na",Frukt färsk fryst,3.0,mg
520,Granatäpple,Monosackarider,Frukt färsk fryst,9.0,g
520,Granatäpple,"Sockerarter, totalt",Frukt färsk fryst,10.0,g
520,Granatäpple,Summa enkelomättade fettsyror,Frukt färsk fryst,0.2,g
520,Granatäpple,"Magnesium, Mg",Frukt färsk fryst,3.0,mg
520,Granatäpple,Summa mättade fettsyror,Frukt färsk fryst,0.1,g
520,Granatäpple,"Kolhydrater, tillgängliga",Frukt färsk fryst,7.0,g
520,Granatäpple,Kolesterol,Frukt färsk fryst,0.0,mg
520,Granatäpple,"Kalium, K",Frukt färsk fryst,260.0,mg
520,Granatäpple,"Jod, I",Frukt färsk fryst,0.0,µg
520,Granatäpple,Fullkorn totalt,Frukt färsk fryst,0.0,g
520,Granatäpple,"Folat, totalt",Frukt färsk fryst,10.0,µg
520,Granatäpple,Fibrer,Frukt färsk fryst,10.0,g
520,Granatäpple,"Fett, totalt",Frukt färsk fryst,0.6,g
520,Granatäpple,"Järn, Fe",Frukt färsk fryst,0.3,mg
520,Granatäpple,Energi (kJ),Frukt färsk fryst,233.0,kJ
520,Granatäpple,Energi (kcal),Frukt färsk fryst,56.0,kcal
520,Granatäpple,Disackarider,Frukt färsk fryst,1.0,g
520,Granatäpple,"Kalcium, Ca",Frukt färsk fryst,3.0,mg
520,Granatäpple,Fettsyra 4:0-10:0,Frukt färsk fryst,0.0,g
520,Granatäpple,DHA (C22:6),Frukt färsk fryst,0.0,g
520,Granatäpple,DPA (C22:5),Frukt färsk fryst,0.0,g
520,Granatäpple,EPA (C20:5),Frukt färsk fryst,0.0,g
520,Granatäpple,Arakidonsyra C20:4,Frukt färsk fryst,0.0,g
520,Granatäpple,Arakidinsyra C20:0,Frukt färsk fryst,0.0,g
520,Granatäpple,Linolensyra C18:3,Frukt färsk fryst,0.0,g
520,Granatäpple,Linolsyra C18:2,Frukt färsk fryst,0.1,g
520,Granatäpple,Oljesyra C18:1,Frukt färsk fryst,0.2,g
520,Granatäpple,Stearinsyra C18:0,Frukt färsk fryst,0.0,g
520,Granatäpple,Palmitoljesyra C16:1,Frukt färsk fryst,0.0,g
520,Granatäpple,Palmitinsyra C16:0,Frukt färsk fryst,0.1,g
520,Granatäpple,Myristinsyra C14:0,Frukt färsk fryst,0.0,g
520,Granatäpple,Laurinsyra C12:0,Frukt färsk fryst,0.0,g
520,Granatäpple,Betakaroten/β-Karoten,Frukt färsk fryst,40.0,µg
520,Granatäpple,Avfall (skal etc.),Frukt färsk fryst,44.0,%
520,Granatäpple,Aska,Frukt färsk fryst,0.7,g
520,Granatäpple,Alkohol,Frukt färsk fryst,0.0,g
521,Grapefrukt,"Zink, Zn",Frukt färsk fryst,0.1,mg
521,Grapefrukt,Vitamin E,Frukt färsk fryst,0.3,mg
521,Grapefrukt,Vitamin D inkl 25-OH-D3,Frukt färsk fryst,0.0,µg
521,Grapefrukt,Vitamin D,Frukt färsk fryst,0.0,µg
521,Grapefrukt,Vitamin C,Frukt färsk fryst,35.0,mg
521,Grapefrukt,Vitamin B6,Frukt färsk fryst,0.02,mg
521,Grapefrukt,Vitamin B12,Frukt färsk fryst,0.0,µg
521,Grapefrukt,Vitamin A,Frukt färsk fryst,25.8,RE/µg
521,Grapefrukt,Vatten,Frukt färsk fryst,88.6,g
521,Grapefrukt,Tiamin,Frukt färsk fryst,0.07,mg
521,Grapefrukt,Tillsatt socker,Frukt färsk fryst,0.0,g
521,Grapefrukt,Fritt socker,Frukt färsk fryst,0.0,g
521,Grapefrukt,"Selen, Se",Frukt färsk fryst,0.0,µg
521,Grapefrukt,Sackaros,Frukt färsk fryst,2.9,g
521,Grapefrukt,Riboflavin,Frukt färsk fryst,0.02,mg
521,Grapefrukt,Retinol,Frukt färsk fryst,0.0,µg
521,Grapefrukt,Protein,Frukt färsk fryst,0.9,g
521,Grapefrukt,Summa fleromättade fettsyror,Frukt färsk fryst,0.1,g
521,Grapefrukt,"Fosfor, P",Frukt färsk fryst,18.0,mg
521,Grapefrukt,Niacinekvivalenter,Frukt färsk fryst,0.4,NE/mg
521,Grapefrukt,Niacin,Frukt färsk fryst,0.3,mg
521,Grapefrukt,"Salt, NaCl",Frukt färsk fryst,0.0,g
521,Grapefrukt,"Natrium, Na",Frukt färsk fryst,1.0,mg
521,Grapefrukt,Monosackarider,Frukt färsk fryst,4.0,g
521,Grapefrukt,"Sockerarter, totalt",Frukt färsk fryst,6.9,g
521,Grapefrukt,Summa enkelomättade fettsyror,Frukt färsk fryst,0.1,g
521,Grapefrukt,"Magnesium, Mg",Frukt färsk fryst,8.0,mg
521,Grapefrukt,Summa mättade fettsyror,Frukt färsk fryst,0.1,g
521,Grapefrukt,"Kolhydrater, tillgängliga",Frukt färsk fryst,8.3,g
521,Grapefrukt,Kolesterol,Frukt färsk fryst,0.0,mg
521,Grapefrukt,"Kalium, K",Frukt färsk fryst,129.0,mg
521,Grapefrukt,"Jod, I",Frukt färsk fryst,0.3,µg
521,Grapefrukt,Fullkorn totalt,Frukt färsk fryst,0.0,g
521,Grapefrukt,"Folat, totalt",Frukt färsk fryst,23.0,µg
521,Grapefrukt,Fibrer,Frukt färsk fryst,0.9,g
521,Grapefrukt,"Fett, totalt",Frukt färsk fryst,0.5,g
521,Grapefrukt,"Järn, Fe",Frukt färsk fryst,0.1,mg
521,Grapefrukt,Energi (kJ),Frukt färsk fryst,182.0,kJ
521,Grapefrukt,Energi (kcal),Frukt färsk fryst,43.0,kcal
521,Grapefrukt,Disackarider,Frukt färsk fryst,2.9,g
521,Grapefrukt,"Kalcium, Ca",Frukt färsk fryst,23.0,mg
521,Grapefrukt,Fettsyra 4:0-10:0,Frukt färsk fryst,0.0,g
521,Grapefrukt,DHA (C22:6),Frukt färsk fryst,0.0,g
521,Grapefrukt,DPA (C22:5),Frukt färsk fryst,0.0,g
521,Grapefrukt,EPA (C20:5),Frukt färsk fryst,0.0,g
521,Grapefrukt,Arakidonsyra C20:4,Frukt färsk fryst,0.0,g
521,Grapefrukt,Arakidinsyra C20:0,Frukt färsk fryst,0.0,g
521,Grapefrukt,Linolensyra C18:3,Frukt färsk fryst,0.0,g
521,Grapefrukt,Linolsyra C18:2,Frukt färsk fryst,0.1,g
521,Grapefrukt,Oljesyra C18:1,Frukt färsk fryst,0.1,g
521,Grapefrukt,Stearinsyra C18:0,Frukt färsk fryst,0.0,g
521,Grapefrukt,Palmitoljesyra C16:1,Frukt färsk fryst,0.0,g
521,Grapefrukt,Palmitinsyra C16:0,Frukt färsk fryst,0.1,g
521,Grapefrukt,Myristinsyra C14:0,Frukt färsk fryst,0.0,g
521,Grapefrukt,Laurinsyra C12:0,Frukt färsk fryst,0.0,g
521,Grapefrukt,Betakaroten/β-Karoten,Frukt färsk fryst,265.0,µg
521,Grapefrukt,Avfall (skal etc.),Frukt färsk fryst,51.0,%
521,Grapefrukt,Aska,Frukt färsk fryst,0.8,g
521,Grapefrukt,Alkohol,Frukt färsk fryst,0.0,g
522,Guava,"Zink, Zn",Frukt färsk fryst,0.1,mg
522,Guava,Vitamin E,Frukt färsk fryst,0.3,mg
522,Guava,Vitamin D inkl 25-OH-D3,Frukt färsk fryst,0.0,µg
522,Guava,Vitamin D,Frukt färsk fryst,0.0,µg
522,Guava,Vitamin C,Frukt färsk fryst,220.0,mg
522,Guava,Vitamin B6,Frukt färsk fryst,0.06,mg
522,Guava,Vitamin B12,Frukt färsk fryst,0.0,µg
522,Guava,Vitamin A,Frukt färsk fryst,7.2,RE/µg
522,Guava,Vatten,Frukt färsk fryst,88.9,g
522,Guava,Tiamin,Frukt färsk fryst,0.03,mg
522,Guava,Tillsatt socker,Frukt färsk fryst,0.0,g
522,Guava,Fritt socker,Frukt färsk fryst,0.0,g
522,Guava,"Selen, Se",Frukt färsk fryst,1.0,µg
522,Guava,Sackaros,Frukt färsk fryst,0.5,g
522,Guava,Riboflavin,Frukt färsk fryst,0.04,mg
522,Guava,Retinol,Frukt färsk fryst,0.0,µg
522,Guava,Protein,Frukt färsk fryst,0.6,g
522,Guava,Summa fleromättade fettsyror,Frukt färsk fryst,0.0,g
522,Guava,"Fosfor, P",Frukt färsk fryst,16.0,mg
522,Guava,Niacinekvivalenter,Frukt färsk fryst,0.9,NE/mg
522,Guava,Niacin,Frukt färsk fryst,0.8,mg
522,Guava,"Salt, NaCl",Frukt färsk fryst,0.0,g
522,Guava,"Natrium, Na",Frukt färsk fryst,3.0,mg
522,Guava,Monosackarider,Frukt färsk fryst,4.4,g
522,Guava,"Sockerarter, totalt",Frukt färsk fryst,4.9,g
522,Guava,Summa enkelomättade fettsyror,Frukt färsk fryst,0.0,g
522,Guava,"Magnesium, Mg",Frukt färsk fryst,8.0,mg
522,Guava,Summa mättade fettsyror,Frukt färsk fryst,0.0,g
522,Guava,"Kolhydrater, tillgängliga",Frukt färsk fryst,4.8,g
522,Guava,Kolesterol,Frukt färsk fryst,0.0,mg
522,Guava,"Kalium, K",Frukt färsk fryst,240.0,mg
522,Guava,"Jod, I",Frukt färsk fryst,0.7,µg
522,Guava,Fullkorn totalt,Frukt färsk fryst,0.0,g
522,Guava,"Folat, totalt",Frukt färsk fryst,41.0,µg
522,Guava,Fibrer,Frukt färsk fryst,5.1,g
522,Guava,"Fett, totalt",Frukt färsk fryst,0.1,g
522,Guava,"Järn, Fe",Frukt färsk fryst,0.1,mg
522,Guava,Energi (kJ),Frukt färsk fryst,136.0,kJ
522,Guava,Energi (kcal),Frukt färsk fryst,33.0,kcal
522,Guava,Disackarider,Frukt färsk fryst,0.5,g
522,Guava,"Kalcium, Ca",Frukt färsk fryst,8.0,mg
522,Guava,Fettsyra 4:0-10:0,Frukt färsk fryst,0.0,g
522,Guava,DHA (C22:6),Frukt färsk fryst,0.0,g
522,Guava,DPA (C22:5),Frukt färsk fryst,0.0,g
522,Guava,EPA (C20:5),Frukt färsk fryst,0.0,g
522,Guava,Arakidonsyra C20:4,Frukt färsk fryst,0.0,g
522,Guava,Arakidinsyra C20:0,Frukt färsk fryst,0.0,g
522,Guava,Linolensyra C18:3,Frukt färsk fryst,0.0,g
522,Guava,Linolsyra C18:2,Frukt färsk fryst,0.0,g
522,Guava,Oljesyra C18:1,Frukt färsk fryst,0.0,g
522,Guava,Stearinsyra C18:0,Frukt färsk fryst,0.0,g
522,Guava,Palmitoljesyra C16:1,Frukt färsk fryst,0.0,g
522,Guava,Palmitinsyra C16:0,Frukt färsk fryst,0.0,g
522,Guava,Myristinsyra C14:0,Frukt färsk fryst,0.0,g
522,Guava,Laurinsyra C12:0,Frukt färsk fryst,0.0,g
522,Guava,Betakaroten/β-Karoten,Frukt färsk fryst,58.0,µg
522,Guava,Avfall (skal etc.),Frukt färsk fryst,20.0,%
522,Guava,Aska,Frukt färsk fryst,0.5,g
522,Guava,Alkohol,Frukt färsk fryst,0.0,g
523,Hallon,"Zink, Zn",Bär färska frysta,0.3,mg
523,Hallon,Vitamin E,Bär färska frysta,1.4,mg
523,Hallon,Vitamin D inkl 25-OH-D3,Bär färska frysta,0.0,µg
523,Hallon,Vitamin D,Bär färska frysta,0.0,µg
523,Hallon,Vitamin C,Bär färska frysta,27.0,mg
523,Hallon,Vitamin B6,Bär färska frysta,0.09,mg
523,Hallon,Vitamin B12,Bär färska frysta,0.0,µg
523,Hallon,Vitamin A,Bär färska frysta,0.8,RE/µg
523,Hallon,Vatten,Bär färska frysta,90.0,g
523,Hallon,Tiamin,Bär färska frysta,0.03,mg
523,Hallon,Tillsatt socker,Bär färska frysta,0.0,g
523,Hallon,Fritt socker,Bär färska frysta,0.0,g
523,Hallon,"Selen, Se",Bär färska frysta,0.0,µg
523,Hallon,Sackaros,Bär färska frysta,0.3,g
523,Hallon,Riboflavin,Bär färska frysta,0.05,mg
523,Hallon,Retinol,Bär färska frysta,0.0,µg
523,Hallon,Protein,Bär färska frysta,1.2,g
523,Hallon,Summa fleromättade fettsyror,Bär färska frysta,0.4,g
523,Hallon,"Fosfor, P",Bär färska frysta,28.0,mg
523,Hallon,Niacinekvivalenter,Bär färska frysta,0.7,NE/mg
523,Hallon,Niacin,Bär färska frysta,0.5,mg
523,Hallon,"Salt, NaCl",Bär färska frysta,0.0,g
523,Hallon,"Natrium, Na",Bär färska frysta,1.0,mg
523,Hallon,Monosackarider,Bär färska frysta,3.8,g
523,Hallon,"Sockerarter, totalt",Bär färska frysta,4.1,g
523,Hallon,Summa enkelomättade fettsyror,Bär färska frysta,0.0,g
523,Hallon,"Magnesium, Mg",Bär färska frysta,25.0,mg
523,Hallon,Summa mättade fettsyror,Bär färska frysta,0.0,g
523,Hallon,"Kolhydrater, tillgängliga",Bär färska frysta,4.1,g
523,Hallon,Kolesterol,Bär färska frysta,0.0,mg
523,Hallon,"Kalium, K",Bär färska frysta,150.0,mg
523,Hallon,"Jod, I",Bär färska frysta,0.4,µg
523,Hallon,Fullkorn totalt,Bär färska frysta,0.0,g
523,Hallon,"Folat, totalt",Bär färska frysta,45.9,µg
523,Hallon,Fibrer,Bär färska frysta,3.7,g
523,Hallon,"Fett, totalt",Bär färska frysta,0.6,g
523,Hallon,"Järn, Fe",Bär färska frysta,1.1,mg
523,Hallon,Energi (kJ),Bär färska frysta,142.0,kJ
523,Hallon,Energi (kcal),Bär färska frysta,34.0,kcal
523,Hallon,Disackarider,Bär färska frysta,0.3,g
523,Hallon,"Kalcium, Ca",Bär färska frysta,27.0,mg
523,Hallon,Fettsyra 4:0-10:0,Bär färska frysta,0.0,g
523,Hallon,DHA (C22:6),Bär färska frysta,0.0,g
523,Hallon,DPA (C22:5),Bär färska frysta,0.0,g
523,Hallon,EPA (C20:5),Bär färska frysta,0.0,g
523,Hallon,Arakidonsyra C20:4,Bär färska frysta,0.0,g
523,Hallon,Arakidinsyra C20:0,Bär färska frysta,0.0,g
523,Hallon,Linolensyra C18:3,Bär färska frysta,0.2,g
523,Hallon,Linolsyra C18:2,Bär färska frysta,0.2,g
523,Hallon,Oljesyra C18:1,Bär färska frysta,0.0,g
523,Hallon,Stearinsyra C18:0,Bär färska frysta,0.0,g
523,Hallon,Palmitoljesyra C16:1,Bär färska frysta,0.0,g
523,Hallon,Palmitinsyra C16:0,Bär färska frysta,0.0,g
523,Hallon,Myristinsyra C14:0,Bär färska frysta,0.0,g
523,Hallon,Laurinsyra C12:0,Bär färska frysta,0.0,g
523,Hallon,Betakaroten/β-Karoten,Bär färska frysta,3.0,µg
523,Hallon,Avfall (skal etc.),Bär färska frysta,0.0,%
523,Hallon,Aska,Bär färska frysta,0.4,g
523,Hallon,Alkohol,Bär färska frysta,0.0,g
524,Hallon m. socker frysvara,"Zink, Zn",Bär färska frysta,0.2,mg
524,Hallon m. socker frysvara,Vitamin E,Bär färska frysta,1.3,mg
524,Hallon m. socker frysvara,Vitamin D inkl 25-OH-D3,Bär färska frysta,0.0,µg
524,Hallon m. socker frysvara,Vitamin D,Bär färska frysta,0.0,µg
524,Hallon m. socker frysvara,Vitamin C,Bär färska frysta,16.0,mg
524,Hallon m. socker frysvara,Vitamin B6,Bär färska frysta,0.03,mg
524,Hallon m. socker frysvara,Vitamin B12,Bär färska frysta,0.0,µg
524,Hallon m. socker frysvara,Vitamin A,Bär färska frysta,3.0,RE/µg
524,Hallon m. socker frysvara,Vatten,Bär färska frysta,78.0,g
524,Hallon m. socker frysvara,Tiamin,Bär färska frysta,0.02,mg
524,Hallon m. socker frysvara,Tillsatt socker,Bär färska frysta,11.0,g
524,Hallon m. socker frysvara,Fritt socker,Bär färska frysta,11.0,g
524,Hallon m. socker frysvara,"Selen, Se",Bär färska frysta,0.0,µg
524,Hallon m. socker frysvara,Sackaros,Bär färska frysta,10.3,g
524,Hallon m. socker frysvara,Riboflavin,Bär färska frysta,0.04,mg
524,Hallon m. socker frysvara,Retinol,Bär färska frysta,0.0,µg
524,Hallon m. socker frysvara,Protein,Bär färska frysta,0.7,g
524,Hallon m. socker frysvara,Summa fleromättade fettsyror,Bär färska frysta,0.1,g
524,Hallon m. socker frysvara,"Fosfor, P",Bär färska frysta,17.0,mg
524,Hallon m. socker frysvara,Niacinekvivalenter,Bär färska frysta,0.32,NE/mg
524,Hallon m. socker frysvara,Niacin,Bär färska frysta,0.2,mg
524,Hallon m. socker frysvara,"Salt, NaCl",Bär färska frysta,0.0,g
524,Hallon m. socker frysvara,"Natrium, Na",Bär färska frysta,1.0,mg
524,Hallon m. socker frysvara,Monosackarider,Bär färska frysta,4.0,g
524,Hallon m. socker frysvara,"Sockerarter, totalt",Bär färska frysta,14.3,g
524,Hallon m. socker frysvara,Summa enkelomättade fettsyror,Bär färska frysta,0.0,g
524,Hallon m. socker frysvara,"Magnesium, Mg",Bär färska frysta,13.0,mg
524,Hallon m. socker frysvara,Summa mättade fettsyror,Bär färska frysta,0.0,g
524,Hallon m. socker frysvara,"Kolhydrater, tillgängliga",Bär färska frysta,17.6,g
524,Hallon m. socker frysvara,Kolesterol,Bär färska frysta,0.0,mg
524,Hallon m. socker frysvara,"Kalium, K",Bär färska frysta,114.0,mg
524,Hallon m. socker frysvara,"Jod, I",Bär färska frysta,0.4,µg
524,Hallon m. socker frysvara,Fullkorn totalt,Bär färska frysta,0.0,g
524,Hallon m. socker frysvara,"Folat, totalt",Bär färska frysta,26.0,µg
524,Hallon m. socker frysvara,Fibrer,Bär färska frysta,3.3,g
524,Hallon m. socker frysvara,"Fett, totalt",Bär färska frysta,0.2,g
524,Hallon m. socker frysvara,"Järn, Fe",Bär färska frysta,0.6,mg
524,Hallon m. socker frysvara,Energi (kJ),Bär färska frysta,345.0,kJ
524,Hallon m. socker frysvara,Energi (kcal),Bär färska frysta,82.0,kcal
524,Hallon m. socker frysvara,Disackarider,Bär färska frysta,10.3,g
524,Hallon m. socker frysvara,"Kalcium, Ca",Bär färska frysta,15.0,mg
524,Hallon m. socker frysvara,Fettsyra 4:0-10:0,Bär färska frysta,0.0,g
524,Hallon m. socker frysvara,DHA (C22:6),Bär färska frysta,0.0,g
524,Hallon m. socker frysvara,DPA (C22:5),Bär färska frysta,0.0,g
524,Hallon m. socker frysvara,EPA (C20:5),Bär färska frysta,0.0,g
524,Hallon m. socker frysvara,Arakidonsyra C20:4,Bär färska frysta,0.0,g
524,Hallon m. socker frysvara,Arakidinsyra C20:0,Bär färska frysta,0.0,g
524,Hallon m. socker frysvara,Linolensyra C18:3,Bär färska frysta,0.1,g
524,Hallon m. socker frysvara,Linolsyra C18:2,Bär färska frysta,0.1,g
524,Hallon m. socker frysvara,Oljesyra C18:1,Bär färska frysta,0.0,g
524,Hallon m. socker frysvara,Stearinsyra C18:0,Bär färska frysta,0.0,g
524,Hallon m. socker frysvara,Palmitoljesyra C16:1,Bär färska frysta,0.0,g
524,Hallon m. socker frysvara,Palmitinsyra C16:0,Bär färska frysta,0.0,g
524,Hallon m. socker frysvara,Myristinsyra C14:0,Bär färska frysta,0.0,g
524,Hallon m. socker frysvara,Laurinsyra C12:0,Bär färska frysta,0.0,g
524,Hallon m. socker frysvara,Betakaroten/β-Karoten,Bär färska frysta,36.0,µg
524,Hallon m. socker frysvara,Avfall (skal etc.),Bär färska frysta,0.0,%
524,Hallon m. socker frysvara,Aska,Bär färska frysta,0.2,g
524,Hallon m. socker frysvara,Alkohol,Bär färska frysta,0.0,g
525,Hjortron,"Zink, Zn",Bär färska frysta,0.6,mg
525,Hjortron,Vitamin E,Bär färska frysta,3.0,mg
525,Hjortron,Vitamin D inkl 25-OH-D3,Bär färska frysta,0.0,µg
525,Hjortron,Vitamin D,Bär färska frysta,0.0,µg
525,Hjortron,Vitamin C,Bär färska frysta,61.6,mg
525,Hjortron,Vitamin B6,Bär färska frysta,0.09,mg
525,Hjortron,Vitamin B12,Bär färska frysta,0.0,µg
525,Hjortron,Vitamin A,Bär färska frysta,11.7,RE/µg
525,Hjortron,Vatten,Bär färska frysta,85.7,g
525,Hjortron,Tiamin,Bär färska frysta,0.07,mg
525,Hjortron,Tillsatt socker,Bär färska frysta,0.0,g
525,Hjortron,Fritt socker,Bär färska frysta,0.0,g
525,Hjortron,"Selen, Se",Bär färska frysta,0.1,µg
525,Hjortron,Sackaros,Bär färska frysta,0.0,g
525,Hjortron,Riboflavin,Bär färska frysta,0.02,mg
525,Hjortron,Retinol,Bär färska frysta,0.0,µg
525,Hjortron,Protein,Bär färska frysta,1.5,g
525,Hjortron,Summa fleromättade fettsyror,Bär färska frysta,0.6,g
525,Hjortron,"Fosfor, P",Bär färska frysta,36.0,mg
525,Hjortron,Niacinekvivalenter,Bär färska frysta,0.7,NE/mg
525,Hjortron,Niacin,Bär färska frysta,0.5,mg
525,Hjortron,"Salt, NaCl",Bär färska frysta,0.0,g
525,Hjortron,"Natrium, Na",Bär färska frysta,2.0,mg
525,Hjortron,Monosackarider,Bär färska frysta,5.7,g
525,Hjortron,"Sockerarter, totalt",Bär färska frysta,5.7,g
525,Hjortron,Summa enkelomättade fettsyror,Bär färska frysta,0.1,g
525,Hjortron,"Magnesium, Mg",Bär färska frysta,29.0,mg
525,Hjortron,Summa mättade fettsyror,Bär färska frysta,0.1,g
525,Hjortron,"Kolhydrater, tillgängliga",Bär färska frysta,5.1,g
525,Hjortron,Kolesterol,Bär färska frysta,0.0,mg
525,Hjortron,"Kalium, K",Bär färska frysta,170.0,mg
525,Hjortron,"Jod, I",Bär färska frysta,1.0,µg
525,Hjortron,Fullkorn totalt,Bär färska frysta,0.0,g
525,Hjortron,"Folat, totalt",Bär färska frysta,37.9,µg
525,Hjortron,Fibrer,Bär färska frysta,6.3,g
525,Hjortron,"Fett, totalt",Bär färska frysta,1.1,g
525,Hjortron,"Järn, Fe",Bär färska frysta,0.7,mg
525,Hjortron,Energi (kJ),Bär färska frysta,201.0,kJ
525,Hjortron,Energi (kcal),Bär färska frysta,48.0,kcal
525,Hjortron,Disackarider,Bär färska frysta,0.0,g
525,Hjortron,"Kalcium, Ca",Bär färska frysta,16.0,mg
525,Hjortron,Fettsyra 4:0-10:0,Bär färska frysta,0.0,g
525,Hjortron,DHA (C22:6),Bär färska frysta,0.0,g
525,Hjortron,DPA (C22:5),Bär färska frysta,0.0,g
525,Hjortron,EPA (C20:5),Bär färska frysta,0.0,g
525,Hjortron,Arakidonsyra C20:4,Bär färska frysta,0.0,g
525,Hjortron,Arakidinsyra C20:0,Bär färska frysta,0.0,g
525,Hjortron,Linolensyra C18:3,Bär färska frysta,0.3,g
525,Hjortron,Linolsyra C18:2,Bär färska frysta,0.3,g
525,Hjortron,Oljesyra C18:1,Bär färska frysta,0.1,g
525,Hjortron,Stearinsyra C18:0,Bär färska frysta,0.0,g
525,Hjortron,Palmitoljesyra C16:1,Bär färska frysta,0.0,g
525,Hjortron,Palmitinsyra C16:0,Bär färska frysta,0.1,g
525,Hjortron,Myristinsyra C14:0,Bär färska frysta,0.0,g
525,Hjortron,Laurinsyra C12:0,Bär färska frysta,0.0,g
525,Hjortron,Betakaroten/β-Karoten,Bär färska frysta,140.0,µg
525,Hjortron,Avfall (skal etc.),Bär färska frysta,0.0,%
525,Hjortron,Aska,Bär färska frysta,0.4,g
525,Hjortron,Alkohol,Bär färska frysta,0.0,g
526,Jordgubbar,"Zink, Zn",Bär färska frysta,0.2,mg
526,Jordgubbar,Vitamin E,Bär färska frysta,0.6,mg
526,Jordgubbar,Vitamin D inkl 25-OH-D3,Bär färska frysta,0.0,µg
526,Jordgubbar,Vitamin D,Bär färska frysta,0.0,µg
526,Jordgubbar,Vitamin C,Bär färska frysta,60.8,mg
526,Jordgubbar,Vitamin B6,Bär färska frysta,0.07,mg
526,Jordgubbar,Vitamin B12,Bär färska frysta,0.0,µg
526,Jordgubbar,Vitamin A,Bär färska frysta,0.8,RE/µg
526,Jordgubbar,Vatten,Bär färska frysta,88.7,g
526,Jordgubbar,Tiamin,Bär färska frysta,0.01,mg
526,Jordgubbar,Tillsatt socker,Bär färska frysta,0.0,g
526,Jordgubbar,Fritt socker,Bär färska frysta,0.0,g
526,Jordgubbar,"Selen, Se",Bär färska frysta,0.0,µg
526,Jordgubbar,Sackaros,Bär färska frysta,0.6,g
526,Jordgubbar,Riboflavin,Bär färska frysta,0.02,mg
526,Jordgubbar,Retinol,Bär färska frysta,0.0,µg
526,Jordgubbar,Protein,Bär färska frysta,0.5,g
526,Jordgubbar,Summa fleromättade fettsyror,Bär färska frysta,0.1,g
526,Jordgubbar,"Fosfor, P",Bär färska frysta,20.0,mg
526,Jordgubbar,Niacinekvivalenter,Bär färska frysta,0.5,NE/mg
526,Jordgubbar,Niacin,Bär färska frysta,0.44,mg
526,Jordgubbar,"Salt, NaCl",Bär färska frysta,0.0,g
526,Jordgubbar,"Natrium, Na",Bär färska frysta,1.0,mg
526,Jordgubbar,Monosackarider,Bär färska frysta,7.3,g
526,Jordgubbar,"Sockerarter, totalt",Bär färska frysta,7.9,g
526,Jordgubbar,Summa enkelomättade fettsyror,Bär färska frysta,0.0,g
526,Jordgubbar,"Magnesium, Mg",Bär färska frysta,11.0,mg
526,Jordgubbar,Summa mättade fettsyror,Bär färska frysta,0.0,g
526,Jordgubbar,"Kolhydrater, tillgängliga",Bär färska frysta,8.3,g
526,Jordgubbar,Kolesterol,Bär färska frysta,0.0,mg
526,Jordgubbar,"Kalium, K",Bär färska frysta,130.0,mg
526,Jordgubbar,"Jod, I",Bär färska frysta,1.0,µg
526,Jordgubbar,Fullkorn totalt,Bär färska frysta,0.0,g
526,Jordgubbar,"Folat, totalt",Bär färska frysta,85.7,µg
526,Jordgubbar,Fibrer,Bär färska frysta,1.9,g
526,Jordgubbar,"Fett, totalt",Bär färska frysta,0.2,g
526,Jordgubbar,"Järn, Fe",Bär färska frysta,0.3,mg
526,Jordgubbar,Energi (kJ),Bär färska frysta,172.0,kJ
526,Jordgubbar,Energi (kcal),Bär färska frysta,41.0,kcal
526,Jordgubbar,Disackarider,Bär färska frysta,0.6,g
526,Jordgubbar,"Kalcium, Ca",Bär färska frysta,18.0,mg
526,Jordgubbar,Fettsyra 4:0-10:0,Bär färska frysta,0.0,g
526,Jordgubbar,DHA (C22:6),Bär färska frysta,0.0,g
526,Jordgubbar,DPA (C22:5),Bär färska frysta,0.0,g
526,Jordgubbar,EPA (C20:5),Bär färska frysta,0.0,g
526,Jordgubbar,Arakidonsyra C20:4,Bär färska frysta,0.0,g
526,Jordgubbar,Arakidinsyra C20:0,Bär färska frysta,0.0,g
526,Jordgubbar,Linolensyra C18:3,Bär färska frysta,0.0,g
526,Jordgubbar,Linolsyra C18:2,Bär färska frysta,0.1,g
526,Jordgubbar,Oljesyra C18:1,Bär färska frysta,0.0,g
526,Jordgubbar,Stearinsyra C18:0,Bär färska frysta,0.0,g
526,Jordgubbar,Palmitoljesyra C16:1,Bär färska frysta,0.0,g
526,Jordgubbar,Palmitinsyra C16:0,Bär färska frysta,0.0,g
526,Jordgubbar,Myristinsyra C14:0,Bär färska frysta,0.0,g
526,Jordgubbar,Laurinsyra C12:0,Bär färska frysta,0.0,g
526,Jordgubbar,Betakaroten/β-Karoten,Bär färska frysta,10.0,µg
526,Jordgubbar,Avfall (skal etc.),Bär färska frysta,3.0,%
526,Jordgubbar,Aska,Bär färska frysta,0.4,g
526,Jordgubbar,Alkohol,Bär färska frysta,0.0,g
527,Jordgubbar hela m. socker frysvara,"Zink, Zn",Bär färska frysta,0.1,mg
527,Jordgubbar hela m. socker frysvara,Vitamin E,Bär färska frysta,0.1,mg
527,Jordgubbar hela m. socker frysvara,Vitamin D inkl 25-OH-D3,Bär färska frysta,0.0,µg
527,Jordgubbar hela m. socker frysvara,Vitamin D,Bär färska frysta,0.0,µg
527,Jordgubbar hela m. socker frysvara,Vitamin C,Bär färska frysta,40.0,mg
527,Jordgubbar hela m. socker frysvara,Vitamin B6,Bär färska frysta,0.03,mg
527,Jordgubbar hela m. socker frysvara,Vitamin B12,Bär färska frysta,0.0,µg
527,Jordgubbar hela m. socker frysvara,Vitamin A,Bär färska frysta,1.5,RE/µg
527,Jordgubbar hela m. socker frysvara,Vatten,Bär färska frysta,78.0,g
527,Jordgubbar hela m. socker frysvara,Tiamin,Bär färska frysta,0.02,mg
527,Jordgubbar hela m. socker frysvara,Tillsatt socker,Bär färska frysta,11.0,g
527,Jordgubbar hela m. socker frysvara,Fritt socker,Bär färska frysta,11.0,g
527,Jordgubbar hela m. socker frysvara,"Selen, Se",Bär färska frysta,0.0,µg
527,Jordgubbar hela m. socker frysvara,Sackaros,Bär färska frysta,10.9,g
527,Jordgubbar hela m. socker frysvara,Riboflavin,Bär färska frysta,0.08,mg
527,Jordgubbar hela m. socker frysvara,Retinol,Bär färska frysta,0.0,µg
527,Jordgubbar hela m. socker frysvara,Protein,Bär färska frysta,0.5,g
527,Jordgubbar hela m. socker frysvara,Summa fleromättade fettsyror,Bär färska frysta,0.0,g
527,Jordgubbar hela m. socker frysvara,"Fosfor, P",Bär färska frysta,12.0,mg
527,Jordgubbar hela m. socker frysvara,Niacinekvivalenter,Bär färska frysta,0.38,NE/mg
527,Jordgubbar hela m. socker frysvara,Niacin,Bär färska frysta,0.3,mg
527,Jordgubbar hela m. socker frysvara,"Salt, NaCl",Bär färska frysta,0.0,g
527,Jordgubbar hela m. socker frysvara,"Natrium, Na",Bär färska frysta,1.0,mg
527,Jordgubbar hela m. socker frysvara,Monosackarider,Bär färska frysta,4.5,g
527,Jordgubbar hela m. socker frysvara,"Sockerarter, totalt",Bär färska frysta,15.4,g
527,Jordgubbar hela m. socker frysvara,Summa enkelomättade fettsyror,Bär färska frysta,0.0,g
527,Jordgubbar hela m. socker frysvara,"Magnesium, Mg",Bär färska frysta,6.0,mg
527,Jordgubbar hela m. socker frysvara,Summa mättade fettsyror,Bär färska frysta,0.0,g
527,Jordgubbar hela m. socker frysvara,"Kolhydrater, tillgängliga",Bär färska frysta,19.7,g
527,Jordgubbar hela m. socker frysvara,Kolesterol,Bär färska frysta,0.0,mg
527,Jordgubbar hela m. socker frysvara,"Kalium, K",Bär färska frysta,98.0,mg
527,Jordgubbar hela m. socker frysvara,"Jod, I",Bär färska frysta,1.0,µg
527,Jordgubbar hela m. socker frysvara,Fullkorn totalt,Bär färska frysta,0.0,g
527,Jordgubbar hela m. socker frysvara,"Folat, totalt",Bär färska frysta,87.8,µg
527,Jordgubbar hela m. socker frysvara,Fibrer,Bär färska frysta,1.4,g
527,Jordgubbar hela m. socker frysvara,"Fett, totalt",Bär färska frysta,0.1,g
527,Jordgubbar hela m. socker frysvara,"Järn, Fe",Bär färska frysta,0.5,mg
527,Jordgubbar hela m. socker frysvara,Energi (kJ),Bär färska frysta,358.0,kJ
527,Jordgubbar hela m. socker frysvara,Energi (kcal),Bär färska frysta,86.0,kcal
527,Jordgubbar hela m. socker frysvara,Disackarider,Bär färska frysta,10.9,g
527,Jordgubbar hela m. socker frysvara,"Kalcium, Ca",Bär färska frysta,11.0,mg
527,Jordgubbar hela m. socker frysvara,Fettsyra 4:0-10:0,Bär färska frysta,0.0,g
527,Jordgubbar hela m. socker frysvara,DHA (C22:6),Bär färska frysta,0.0,g
527,Jordgubbar hela m. socker frysvara,DPA (C22:5),Bär färska frysta,0.0,g
527,Jordgubbar hela m. socker frysvara,EPA (C20:5),Bär färska frysta,0.0,g
527,Jordgubbar hela m. socker frysvara,Arakidonsyra C20:4,Bär färska frysta,0.0,g
527,Jordgubbar hela m. socker frysvara,Arakidinsyra C20:0,Bär färska frysta,0.0,g
527,Jordgubbar hela m. socker frysvara,Linolensyra C18:3,Bär färska frysta,0.0,g
527,Jordgubbar hela m. socker frysvara,Linolsyra C18:2,Bär färska frysta,0.0,g
527,Jordgubbar hela m. socker frysvara,Oljesyra C18:1,Bär färska frysta,0.0,g
527,Jordgubbar hela m. socker frysvara,Stearinsyra C18:0,Bär färska frysta,0.0,g
527,Jordgubbar hela m. socker frysvara,Palmitoljesyra C16:1,Bär färska frysta,0.0,g
527,Jordgubbar hela m. socker frysvara,Palmitinsyra C16:0,Bär färska frysta,0.0,g
527,Jordgubbar hela m. socker frysvara,Myristinsyra C14:0,Bär färska frysta,0.0,g
527,Jordgubbar hela m. socker frysvara,Laurinsyra C12:0,Bär färska frysta,0.0,g
527,Jordgubbar hela m. socker frysvara,Betakaroten/β-Karoten,Bär färska frysta,18.0,µg
527,Jordgubbar hela m. socker frysvara,Avfall (skal etc.),Bär färska frysta,0.0,%
527,Jordgubbar hela m. socker frysvara,Aska,Bär färska frysta,0.3,g
527,Jordgubbar hela m. socker frysvara,Alkohol,Bär färska frysta,0.0,g
528,Gratäng broccoligratäng veg. ,"Zink, Zn",Grönsaks- rotfrukts- baljväxträtter o produkter,1.5,mg
528,Gratäng broccoligratäng veg. ,Vitamin E,Grönsaks- rotfrukts- baljväxträtter o produkter,1.6,mg
528,Gratäng broccoligratäng veg. ,Vitamin D,Grönsaks- rotfrukts- baljväxträtter o produkter,0.35,µg
528,Gratäng broccoligratäng veg. ,Vitamin C,Grönsaks- rotfrukts- baljväxträtter o produkter,15.4,mg
528,Gratäng broccoligratäng veg. ,Vitamin B6,Grönsaks- rotfrukts- baljväxträtter o produkter,0.07,mg
528,Gratäng broccoligratäng veg. ,Vitamin B12,Grönsaks- rotfrukts- baljväxträtter o produkter,0.28,µg
528,Gratäng broccoligratäng veg. ,Vitamin A,Grönsaks- rotfrukts- baljväxträtter o produkter,63.2,RE/µg
528,Gratäng broccoligratäng veg. ,Vatten,Grönsaks- rotfrukts- baljväxträtter o produkter,80.8,g
528,Gratäng broccoligratäng veg. ,Tiamin,Grönsaks- rotfrukts- baljväxträtter o produkter,0.05,mg
528,Gratäng broccoligratäng veg. ,Tillsatt socker,Grönsaks- rotfrukts- baljväxträtter o produkter,0.0,g
528,Gratäng broccoligratäng veg. ,Fritt socker,Grönsaks- rotfrukts- baljväxträtter o produkter,0.0,g
528,Gratäng broccoligratäng veg. ,"Selen, Se",Grönsaks- rotfrukts- baljväxträtter o produkter,4.0,µg
528,Gratäng broccoligratäng veg. ,Sackaros,Grönsaks- rotfrukts- baljväxträtter o produkter,0.1,g
528,Gratäng broccoligratäng veg. ,Riboflavin,Grönsaks- rotfrukts- baljväxträtter o produkter,0.14,mg
528,Gratäng broccoligratäng veg. ,Retinol,Grönsaks- rotfrukts- baljväxträtter o produkter,48.2,µg
528,Gratäng broccoligratäng veg. ,Protein,Grönsaks- rotfrukts- baljväxträtter o produkter,6.2,g
528,Gratäng broccoligratäng veg. ,Summa fleromättade fettsyror,Grönsaks- rotfrukts- baljväxträtter o produkter,0.7,g
528,Gratäng broccoligratäng veg. ,"Fosfor, P",Grönsaks- rotfrukts- baljväxträtter o produkter,115.0,mg
528,Gratäng broccoligratäng veg. ,Niacinekvivalenter,Grönsaks- rotfrukts- baljväxträtter o produkter,1.6,NE/mg
528,Gratäng broccoligratäng veg. ,Niacin,Grönsaks- rotfrukts- baljväxträtter o produkter,0.16,mg
528,Gratäng broccoligratäng veg. ,"Salt, NaCl",Grönsaks- rotfrukts- baljväxträtter o produkter,0.7,g
528,Gratäng broccoligratäng veg. ,"Natrium, Na",Grönsaks- rotfrukts- baljväxträtter o produkter,272.0,mg
528,Gratäng broccoligratäng veg. ,Monosackarider,Grönsaks- rotfrukts- baljväxträtter o produkter,0.6,g
528,Gratäng broccoligratäng veg. ,"Sockerarter, totalt",Grönsaks- rotfrukts- baljväxträtter o produkter,2.5,g
528,Gratäng broccoligratäng veg. ,Summa enkelomättade fettsyror,Grönsaks- rotfrukts- baljväxträtter o produkter,2.1,g
528,Gratäng broccoligratäng veg. ,"Magnesium, Mg",Grönsaks- rotfrukts- baljväxträtter o produkter,21.0,mg
528,Gratäng broccoligratäng veg. ,Summa mättade fettsyror,Grönsaks- rotfrukts- baljväxträtter o produkter,3.4,g
528,Gratäng broccoligratäng veg. ,"Kolhydrater, tillgängliga",Grönsaks- rotfrukts- baljväxträtter o produkter,3.4,g
528,Gratäng broccoligratäng veg. ,Kolesterol,Grönsaks- rotfrukts- baljväxträtter o produkter,85.7,mg
528,Gratäng broccoligratäng veg. ,"Kalium, K",Grönsaks- rotfrukts- baljväxträtter o produkter,123.0,mg
528,Gratäng broccoligratäng veg. ,"Jod, I",Grönsaks- rotfrukts- baljväxträtter o produkter,0.0,µg
528,Gratäng broccoligratäng veg. ,Fullkorn totalt,Grönsaks- rotfrukts- baljväxträtter o produkter,0.0,g
528,Gratäng broccoligratäng veg. ,"Folat, totalt",Grönsaks- rotfrukts- baljväxträtter o produkter,58.7,µg
528,Gratäng broccoligratäng veg. ,Fibrer,Grönsaks- rotfrukts- baljväxträtter o produkter,1.7,g
528,Gratäng broccoligratäng veg. ,"Fett, totalt",Grönsaks- rotfrukts- baljväxträtter o produkter,6.5,g
528,Gratäng broccoligratäng veg. ,"Järn, Fe",Grönsaks- rotfrukts- baljväxträtter o produkter,0.5,mg
528,Gratäng broccoligratäng veg. ,Energi (kJ),Grönsaks- rotfrukts- baljväxträtter o produkter,417.0,kJ
528,Gratäng broccoligratäng veg. ,Energi (kcal),Grönsaks- rotfrukts- baljväxträtter o produkter,100.0,kcal
528,Gratäng broccoligratäng veg. ,Disackarider,Grönsaks- rotfrukts- baljväxträtter o produkter,1.8,g
528,Gratäng broccoligratäng veg. ,"Kalcium, Ca",Grönsaks- rotfrukts- baljväxträtter o produkter,95.0,mg
528,Gratäng broccoligratäng veg. ,Fettsyra 4:0-10:0,Grönsaks- rotfrukts- baljväxträtter o produkter,0.4,g
528,Gratäng broccoligratäng veg. ,DHA (C22:6),Grönsaks- rotfrukts- baljväxträtter o produkter,0.0,g
528,Gratäng broccoligratäng veg. ,DPA (C22:5),Grönsaks- rotfrukts- baljväxträtter o produkter,0.0,g
528,Gratäng broccoligratäng veg. ,EPA (C20:5),Grönsaks- rotfrukts- baljväxträtter o produkter,0.0,g
528,Gratäng broccoligratäng veg. ,Arakidonsyra C20:4,Grönsaks- rotfrukts- baljväxträtter o produkter,0.0,g
528,Gratäng broccoligratäng veg. ,Arakidinsyra C20:0,Grönsaks- rotfrukts- baljväxträtter o produkter,0.0,g
528,Gratäng broccoligratäng veg. ,Linolensyra C18:3,Grönsaks- rotfrukts- baljväxträtter o produkter,0.2,g
528,Gratäng broccoligratäng veg. ,Linolsyra C18:2,Grönsaks- rotfrukts- baljväxträtter o produkter,0.4,g
528,Gratäng broccoligratäng veg. ,Oljesyra C18:1,Grönsaks- rotfrukts- baljväxträtter o produkter,1.9,g
528,Gratäng broccoligratäng veg. ,Stearinsyra C18:0,Grönsaks- rotfrukts- baljväxträtter o produkter,0.6,g
528,Gratäng broccoligratäng veg. ,Palmitoljesyra C16:1,Grönsaks- rotfrukts- baljväxträtter o produkter,0.1,g
528,Gratäng broccoligratäng veg. ,Palmitinsyra C16:0,Grönsaks- rotfrukts- baljväxträtter o produkter,1.7,g
528,Gratäng broccoligratäng veg. ,Myristinsyra C14:0,Grönsaks- rotfrukts- baljväxträtter o produkter,0.4,g
528,Gratäng broccoligratäng veg. ,Laurinsyra C12:0,Grönsaks- rotfrukts- baljväxträtter o produkter,0.2,g
528,Gratäng broccoligratäng veg. ,Betakaroten/β-Karoten,Grönsaks- rotfrukts- baljväxträtter o produkter,180.0,µg
528,Gratäng broccoligratäng veg. ,Avfall (skal etc.),Grönsaks- rotfrukts- baljväxträtter o produkter,0.0,%
528,Gratäng broccoligratäng veg. ,Aska,Grönsaks- rotfrukts- baljväxträtter o produkter,1.4,g
528,Gratäng broccoligratäng veg. ,Alkohol,Grönsaks- rotfrukts- baljväxträtter o produkter,0.0,g
529,Sallad grekisk m. salladsost oliver,"Zink, Zn",Sallad blandad mat,0.3,mg
529,Sallad grekisk m. salladsost oliver,Vitamin E,Sallad blandad mat,1.4,mg
529,Sallad grekisk m. salladsost oliver,Vitamin D inkl 25-OH-D3,Sallad blandad mat,0.0,µg
529,Sallad grekisk m. salladsost oliver,Vitamin D,Sallad blandad mat,0.0,µg
529,Sallad grekisk m. salladsost oliver,Vitamin C,Sallad blandad mat,29.0,mg
529,Sallad grekisk m. salladsost oliver,Vitamin B6,Sallad blandad mat,0.1,mg
529,Sallad grekisk m. salladsost oliver,Vitamin B12,Sallad blandad mat,0.07,µg
529,Sallad grekisk m. salladsost oliver,Vitamin A,Sallad blandad mat,43.3,RE/µg
529,Sallad grekisk m. salladsost oliver,Vatten,Sallad blandad mat,85.0,g
529,Sallad grekisk m. salladsost oliver,Tiamin,Sallad blandad mat,0.02,mg
529,Sallad grekisk m. salladsost oliver,Tillsatt socker,Sallad blandad mat,0.0,g
529,Sallad grekisk m. salladsost oliver,Fritt socker,Sallad blandad mat,0.0,g
529,Sallad grekisk m. salladsost oliver,"Selen, Se",Sallad blandad mat,0.0,µg
529,Sallad grekisk m. salladsost oliver,Sackaros,Sallad blandad mat,0.2,g
529,Sallad grekisk m. salladsost oliver,Riboflavin,Sallad blandad mat,0.04,mg
529,Sallad grekisk m. salladsost oliver,Retinol,Sallad blandad mat,26.5,µg
529,Sallad grekisk m. salladsost oliver,Protein,Sallad blandad mat,2.7,g
529,Sallad grekisk m. salladsost oliver,Summa fleromättade fettsyror,Sallad blandad mat,0.5,g
529,Sallad grekisk m. salladsost oliver,"Fosfor, P",Sallad blandad mat,46.0,mg
529,Sallad grekisk m. salladsost oliver,Niacinekvivalenter,Sallad blandad mat,0.96,NE/mg
529,Sallad grekisk m. salladsost oliver,Niacin,Sallad blandad mat,0.37,mg
529,Sallad grekisk m. salladsost oliver,"Salt, NaCl",Sallad blandad mat,0.6,g
529,Sallad grekisk m. salladsost oliver,"Natrium, Na",Sallad blandad mat,230.0,mg
529,Sallad grekisk m. salladsost oliver,Monosackarider,Sallad blandad mat,2.0,g
529,Sallad grekisk m. salladsost oliver,"Sockerarter, totalt",Sallad blandad mat,2.3,g
529,Sallad grekisk m. salladsost oliver,Summa enkelomättade fettsyror,Sallad blandad mat,3.4,g
529,Sallad grekisk m. salladsost oliver,"Magnesium, Mg",Sallad blandad mat,10.0,mg
529,Sallad grekisk m. salladsost oliver,Summa mättade fettsyror,Sallad blandad mat,2.3,g
529,Sallad grekisk m. salladsost oliver,"Kolhydrater, tillgängliga",Sallad blandad mat,3.2,g
529,Sallad grekisk m. salladsost oliver,Kolesterol,Sallad blandad mat,7.3,mg
529,Sallad grekisk m. salladsost oliver,"Kalium, K",Sallad blandad mat,147.0,mg
529,Sallad grekisk m. salladsost oliver,"Jod, I",Sallad blandad mat,15.8,µg
529,Sallad grekisk m. salladsost oliver,Fullkorn totalt,Sallad blandad mat,0.0,g
529,Sallad grekisk m. salladsost oliver,"Folat, totalt",Sallad blandad mat,16.6,µg
529,Sallad grekisk m. salladsost oliver,Fibrer,Sallad blandad mat,1.2,g
529,Sallad grekisk m. salladsost oliver,"Fett, totalt",Sallad blandad mat,6.8,g
529,Sallad grekisk m. salladsost oliver,"Järn, Fe",Sallad blandad mat,0.3,mg
529,Sallad grekisk m. salladsost oliver,Energi (kJ),Sallad blandad mat,364.0,kJ
529,Sallad grekisk m. salladsost oliver,Energi (kcal),Sallad blandad mat,87.0,kcal
529,Sallad grekisk m. salladsost oliver,Disackarider,Sallad blandad mat,0.3,g
529,Sallad grekisk m. salladsost oliver,"Kalcium, Ca",Sallad blandad mat,48.0,mg
529,Sallad grekisk m. salladsost oliver,Fettsyra 4:0-10:0,Sallad blandad mat,0.3,g
529,Sallad grekisk m. salladsost oliver,DHA (C22:6),Sallad blandad mat,0.0,g
529,Sallad grekisk m. salladsost oliver,DPA (C22:5),Sallad blandad mat,0.0,g
529,Sallad grekisk m. salladsost oliver,EPA (C20:5),Sallad blandad mat,0.0,g
529,Sallad grekisk m. salladsost oliver,Arakidonsyra C20:4,Sallad blandad mat,0.0,g
529,Sallad grekisk m. salladsost oliver,Arakidinsyra C20:0,Sallad blandad mat,0.0,g
529,Sallad grekisk m. salladsost oliver,Linolensyra C18:3,Sallad blandad mat,0.1,g
529,Sallad grekisk m. salladsost oliver,Linolsyra C18:2,Sallad blandad mat,0.4,g
529,Sallad grekisk m. salladsost oliver,Oljesyra C18:1,Sallad blandad mat,3.3,g
529,Sallad grekisk m. salladsost oliver,Stearinsyra C18:0,Sallad blandad mat,0.4,g
529,Sallad grekisk m. salladsost oliver,Palmitoljesyra C16:1,Sallad blandad mat,0.1,g
529,Sallad grekisk m. salladsost oliver,Palmitinsyra C16:0,Sallad blandad mat,1.1,g
529,Sallad grekisk m. salladsost oliver,Myristinsyra C14:0,Sallad blandad mat,0.3,g
529,Sallad grekisk m. salladsost oliver,Laurinsyra C12:0,Sallad blandad mat,0.1,g
529,Sallad grekisk m. salladsost oliver,Betakaroten/β-Karoten,Sallad blandad mat,200.0,µg
529,Sallad grekisk m. salladsost oliver,Avfall (skal etc.),Sallad blandad mat,6.0,%
529,Sallad grekisk m. salladsost oliver,Aska,Sallad blandad mat,1.1,g
529,Sallad grekisk m. salladsost oliver,Alkohol,Sallad blandad mat,0.0,g
530,Grönsakssufflé,"Zink, Zn",Grönsaks- rotfrukts- baljväxträtter o produkter,0.9,mg
530,Grönsakssufflé,Vitamin E,Grönsaks- rotfrukts- baljväxträtter o produkter,1.7,mg
530,Grönsakssufflé,Vitamin D,Grönsaks- rotfrukts- baljväxträtter o produkter,0.43,µg
530,Grönsakssufflé,Vitamin C,Grönsaks- rotfrukts- baljväxträtter o produkter,4.4,mg
530,Grönsakssufflé,Vitamin B6,Grönsaks- rotfrukts- baljväxträtter o produkter,0.08,mg
530,Grönsakssufflé,Vitamin B12,Grönsaks- rotfrukts- baljväxträtter o produkter,0.54,µg
530,Grönsakssufflé,Vitamin A,Grönsaks- rotfrukts- baljväxträtter o produkter,86.6,RE/µg
530,Grönsakssufflé,Vatten,Grönsaks- rotfrukts- baljväxträtter o produkter,76.3,g
530,Grönsakssufflé,Tiamin,Grönsaks- rotfrukts- baljväxträtter o produkter,0.05,mg
530,Grönsakssufflé,Tillsatt socker,Grönsaks- rotfrukts- baljväxträtter o produkter,0.0,g
530,Grönsakssufflé,Fritt socker,Grönsaks- rotfrukts- baljväxträtter o produkter,0.0,g
530,Grönsakssufflé,"Selen, Se",Grönsaks- rotfrukts- baljväxträtter o produkter,6.1,µg
530,Grönsakssufflé,Sackaros,Grönsaks- rotfrukts- baljväxträtter o produkter,0.5,g
530,Grönsakssufflé,Riboflavin,Grönsaks- rotfrukts- baljväxträtter o produkter,0.17,mg
530,Grönsakssufflé,Retinol,Grönsaks- rotfrukts- baljväxträtter o produkter,74.9,µg
530,Grönsakssufflé,Protein,Grönsaks- rotfrukts- baljväxträtter o produkter,7.2,g
530,Grönsakssufflé,Summa fleromättade fettsyror,Grönsaks- rotfrukts- baljväxträtter o produkter,0.8,g
530,Grönsakssufflé,"Fosfor, P",Grönsaks- rotfrukts- baljväxträtter o produkter,157.0,mg
530,Grönsakssufflé,Niacinekvivalenter,Grönsaks- rotfrukts- baljväxträtter o produkter,2.16,NE/mg
530,Grönsakssufflé,Niacin,Grönsaks- rotfrukts- baljväxträtter o produkter,0.51,mg
530,Grönsakssufflé,"Salt, NaCl",Grönsaks- rotfrukts- baljväxträtter o produkter,0.7,g
530,Grönsakssufflé,"Natrium, Na",Grönsaks- rotfrukts- baljväxträtter o produkter,257.0,mg
530,Grönsakssufflé,Monosackarider,Grönsaks- rotfrukts- baljväxträtter o produkter,0.9,g
530,Grönsakssufflé,"Sockerarter, totalt",Grönsaks- rotfrukts- baljväxträtter o produkter,2.7,g
530,Grönsakssufflé,Summa enkelomättade fettsyror,Grönsaks- rotfrukts- baljväxträtter o produkter,2.2,g
530,Grönsakssufflé,"Magnesium, Mg",Grönsaks- rotfrukts- baljväxträtter o produkter,17.0,mg
530,Grönsakssufflé,Summa mättade fettsyror,Grönsaks- rotfrukts- baljväxträtter o produkter,2.9,g
530,Grönsakssufflé,"Kolhydrater, tillgängliga",Grönsaks- rotfrukts- baljväxträtter o produkter,6.6,g
530,Grönsakssufflé,Kolesterol,Grönsaks- rotfrukts- baljväxträtter o produkter,72.0,mg
530,Grönsakssufflé,"Kalium, K",Grönsaks- rotfrukts- baljväxträtter o produkter,212.0,mg
530,Grönsakssufflé,"Jod, I",Grönsaks- rotfrukts- baljväxträtter o produkter,36.8,µg
530,Grönsakssufflé,Fullkorn totalt,Grönsaks- rotfrukts- baljväxträtter o produkter,0.0,g
530,Grönsakssufflé,"Folat, totalt",Grönsaks- rotfrukts- baljväxträtter o produkter,31.5,µg
530,Grönsakssufflé,Fibrer,Grönsaks- rotfrukts- baljväxträtter o produkter,1.5,g
530,Grönsakssufflé,"Fett, totalt",Grönsaks- rotfrukts- baljväxträtter o produkter,6.7,g
530,Grönsakssufflé,"Järn, Fe",Grönsaks- rotfrukts- baljväxträtter o produkter,0.6,mg
530,Grönsakssufflé,Energi (kJ),Grönsaks- rotfrukts- baljväxträtter o produkter,495.0,kJ
530,Grönsakssufflé,Energi (kcal),Grönsaks- rotfrukts- baljväxträtter o produkter,118.0,kcal
530,Grönsakssufflé,Disackarider,Grönsaks- rotfrukts- baljväxträtter o produkter,1.8,g
530,Grönsakssufflé,"Kalcium, Ca",Grönsaks- rotfrukts- baljväxträtter o produkter,148.0,mg
530,Grönsakssufflé,Fettsyra 4:0-10:0,Grönsaks- rotfrukts- baljväxträtter o produkter,0.3,g
530,Grönsakssufflé,DHA (C22:6),Grönsaks- rotfrukts- baljväxträtter o produkter,0.0,g
530,Grönsakssufflé,DPA (C22:5),Grönsaks- rotfrukts- baljväxträtter o produkter,0.0,g
530,Grönsakssufflé,EPA (C20:5),Grönsaks- rotfrukts- baljväxträtter o produkter,0.0,g
530,Grönsakssufflé,Arakidonsyra C20:4,Grönsaks- rotfrukts- baljväxträtter o produkter,0.0,g
530,Grönsakssufflé,Arakidinsyra C20:0,Grönsaks- rotfrukts- baljväxträtter o produkter,0.0,g
530,Grönsakssufflé,Linolensyra C18:3,Grönsaks- rotfrukts- baljväxträtter o produkter,0.1,g
530,Grönsakssufflé,Linolsyra C18:2,Grönsaks- rotfrukts- baljväxträtter o produkter,0.6,g
530,Grönsakssufflé,Oljesyra C18:1,Grönsaks- rotfrukts- baljväxträtter o produkter,2.1,g
530,Grönsakssufflé,Stearinsyra C18:0,Grönsaks- rotfrukts- baljväxträtter o produkter,0.5,g
530,Grönsakssufflé,Palmitoljesyra C16:1,Grönsaks- rotfrukts- baljväxträtter o produkter,0.1,g
530,Grönsakssufflé,Palmitinsyra C16:0,Grönsaks- rotfrukts- baljväxträtter o produkter,1.5,g
530,Grönsakssufflé,Myristinsyra C14:0,Grönsaks- rotfrukts- baljväxträtter o produkter,0.4,g
530,Grönsakssufflé,Laurinsyra C12:0,Grönsaks- rotfrukts- baljväxträtter o produkter,0.1,g
530,Grönsakssufflé,Betakaroten/β-Karoten,Grönsaks- rotfrukts- baljväxträtter o produkter,115.0,µg
530,Grönsakssufflé,Avfall (skal etc.),Grönsaks- rotfrukts- baljväxträtter o produkter,7.0,%
530,Grönsakssufflé,Aska,Grönsaks- rotfrukts- baljväxträtter o produkter,1.6,g
530,Grönsakssufflé,Alkohol,Grönsaks- rotfrukts- baljväxträtter o produkter,0.0,g
531,Gratäng grönsaksgratäng veg.,"Zink, Zn",Grönsaks- rotfrukts- baljväxträtter o produkter,0.5,mg
531,Gratäng grönsaksgratäng veg.,Vitamin E,Grönsaks- rotfrukts- baljväxträtter o produkter,1.6,mg
531,Gratäng grönsaksgratäng veg.,Vitamin D inkl 25-OH-D3,Grönsaks- rotfrukts- baljväxträtter o produkter,0.33,µg
531,Gratäng grönsaksgratäng veg.,Vitamin D,Grönsaks- rotfrukts- baljväxträtter o produkter,0.37,µg
531,Gratäng grönsaksgratäng veg.,Vitamin C,Grönsaks- rotfrukts- baljväxträtter o produkter,14.7,mg
531,Gratäng grönsaksgratäng veg.,Vitamin B6,Grönsaks- rotfrukts- baljväxträtter o produkter,0.08,mg
531,Gratäng grönsaksgratäng veg.,Vitamin B12,Grönsaks- rotfrukts- baljväxträtter o produkter,0.22,µg
531,Gratäng grönsaksgratäng veg.,Vitamin A,Grönsaks- rotfrukts- baljväxträtter o produkter,59.6,RE/µg
531,Gratäng grönsaksgratäng veg.,Vatten,Grönsaks- rotfrukts- baljväxträtter o produkter,81.5,g
531,Gratäng grönsaksgratäng veg.,Tiamin,Grönsaks- rotfrukts- baljväxträtter o produkter,0.03,mg
531,Gratäng grönsaksgratäng veg.,Tillsatt socker,Grönsaks- rotfrukts- baljväxträtter o produkter,0.0,g
531,Gratäng grönsaksgratäng veg.,Fritt socker,Grönsaks- rotfrukts- baljväxträtter o produkter,0.0,g
531,Gratäng grönsaksgratäng veg.,"Selen, Se",Grönsaks- rotfrukts- baljväxträtter o produkter,2.4,µg
531,Gratäng grönsaksgratäng veg.,Sackaros,Grönsaks- rotfrukts- baljväxträtter o produkter,0.4,g
531,Gratäng grönsaksgratäng veg.,Riboflavin,Grönsaks- rotfrukts- baljväxträtter o produkter,0.1,mg
531,Gratäng grönsaksgratäng veg.,Retinol,Grönsaks- rotfrukts- baljväxträtter o produkter,34.9,µg
531,Gratäng grönsaksgratäng veg.,Protein,Grönsaks- rotfrukts- baljväxträtter o produkter,4.1,g
531,Gratäng grönsaksgratäng veg.,Summa fleromättade fettsyror,Grönsaks- rotfrukts- baljväxträtter o produkter,0.7,g
531,Gratäng grönsaksgratäng veg.,"Fosfor, P",Grönsaks- rotfrukts- baljväxträtter o produkter,94.0,mg
531,Gratäng grönsaksgratäng veg.,Niacinekvivalenter,Grönsaks- rotfrukts- baljväxträtter o produkter,1.17,NE/mg
531,Gratäng grönsaksgratäng veg.,Niacin,Grönsaks- rotfrukts- baljväxträtter o produkter,0.33,mg
531,Gratäng grönsaksgratäng veg.,"Salt, NaCl",Grönsaks- rotfrukts- baljväxträtter o produkter,1.1,g
531,Gratäng grönsaksgratäng veg.,"Natrium, Na",Grönsaks- rotfrukts- baljväxträtter o produkter,447.0,mg
531,Gratäng grönsaksgratäng veg.,Monosackarider,Grönsaks- rotfrukts- baljväxträtter o produkter,1.7,g
531,Gratäng grönsaksgratäng veg.,"Sockerarter, totalt",Grönsaks- rotfrukts- baljväxträtter o produkter,3.2,g
531,Gratäng grönsaksgratäng veg.,Summa enkelomättade fettsyror,Grönsaks- rotfrukts- baljväxträtter o produkter,1.8,g
531,Gratäng grönsaksgratäng veg.,"Magnesium, Mg",Grönsaks- rotfrukts- baljväxträtter o produkter,15.0,mg
531,Gratäng grönsaksgratäng veg.,Summa mättade fettsyror,Grönsaks- rotfrukts- baljväxträtter o produkter,2.0,g
531,Gratäng grönsaksgratäng veg.,"Kolhydrater, tillgängliga",Grönsaks- rotfrukts- baljväxträtter o produkter,5.8,g
531,Gratäng grönsaksgratäng veg.,Kolesterol,Grönsaks- rotfrukts- baljväxträtter o produkter,23.1,mg
531,Gratäng grönsaksgratäng veg.,"Kalium, K",Grönsaks- rotfrukts- baljväxträtter o produkter,160.0,mg
531,Gratäng grönsaksgratäng veg.,"Jod, I",Grönsaks- rotfrukts- baljväxträtter o produkter,39.9,µg
531,Gratäng grönsaksgratäng veg.,Fullkorn totalt,Grönsaks- rotfrukts- baljväxträtter o produkter,0.0,g
531,Gratäng grönsaksgratäng veg.,"Folat, totalt",Grönsaks- rotfrukts- baljväxträtter o produkter,35.8,µg
531,Gratäng grönsaksgratäng veg.,Fibrer,Grönsaks- rotfrukts- baljväxträtter o produkter,1.7,g
531,Gratäng grönsaksgratäng veg.,"Fett, totalt",Grönsaks- rotfrukts- baljväxträtter o produkter,5.0,g
531,Gratäng grönsaksgratäng veg.,"Järn, Fe",Grönsaks- rotfrukts- baljväxträtter o produkter,0.4,mg
531,Gratäng grönsaksgratäng veg.,Energi (kJ),Grönsaks- rotfrukts- baljväxträtter o produkter,368.0,kJ
531,Gratäng grönsaksgratäng veg.,Energi (kcal),Grönsaks- rotfrukts- baljväxträtter o produkter,88.0,kcal
531,Gratäng grönsaksgratäng veg.,Disackarider,Grönsaks- rotfrukts- baljväxträtter o produkter,1.5,g
531,Gratäng grönsaksgratäng veg.,"Kalcium, Ca",Grönsaks- rotfrukts- baljväxträtter o produkter,86.0,mg
531,Gratäng grönsaksgratäng veg.,Fettsyra 4:0-10:0,Grönsaks- rotfrukts- baljväxträtter o produkter,0.2,g
531,Gratäng grönsaksgratäng veg.,DHA (C22:6),Grönsaks- rotfrukts- baljväxträtter o produkter,0.0,g
531,Gratäng grönsaksgratäng veg.,DPA (C22:5),Grönsaks- rotfrukts- baljväxträtter o produkter,0.0,g
531,Gratäng grönsaksgratäng veg.,EPA (C20:5),Grönsaks- rotfrukts- baljväxträtter o produkter,0.0,g
531,Gratäng grönsaksgratäng veg.,Arakidonsyra C20:4,Grönsaks- rotfrukts- baljväxträtter o produkter,0.0,g
531,Gratäng grönsaksgratäng veg.,Arakidinsyra C20:0,Grönsaks- rotfrukts- baljväxträtter o produkter,0.0,g
531,Gratäng grönsaksgratäng veg.,Linolensyra C18:3,Grönsaks- rotfrukts- baljväxträtter o produkter,0.2,g
531,Gratäng grönsaksgratäng veg.,Linolsyra C18:2,Grönsaks- rotfrukts- baljväxträtter o produkter,0.5,g
531,Gratäng grönsaksgratäng veg.,Oljesyra C18:1,Grönsaks- rotfrukts- baljväxträtter o produkter,1.7,g
531,Gratäng grönsaksgratäng veg.,Stearinsyra C18:0,Grönsaks- rotfrukts- baljväxträtter o produkter,0.3,g
531,Gratäng grönsaksgratäng veg.,Palmitoljesyra C16:1,Grönsaks- rotfrukts- baljväxträtter o produkter,0.1,g
531,Gratäng grönsaksgratäng veg.,Palmitinsyra C16:0,Grönsaks- rotfrukts- baljväxträtter o produkter,1.0,g
531,Gratäng grönsaksgratäng veg.,Myristinsyra C14:0,Grönsaks- rotfrukts- baljväxträtter o produkter,0.3,g
531,Gratäng grönsaksgratäng veg.,Laurinsyra C12:0,Grönsaks- rotfrukts- baljväxträtter o produkter,0.1,g
531,Gratäng grönsaksgratäng veg.,Betakaroten/β-Karoten,Grönsaks- rotfrukts- baljväxträtter o produkter,255.0,µg
531,Gratäng grönsaksgratäng veg.,Avfall (skal etc.),Grönsaks- rotfrukts- baljväxträtter o produkter,4.0,%
531,Gratäng grönsaksgratäng veg.,Aska,Grönsaks- rotfrukts- baljväxträtter o produkter,1.8,g
531,Gratäng grönsaksgratäng veg.,Alkohol,Grönsaks- rotfrukts- baljväxträtter o produkter,0.0,g
532,Grekisk sallad m. fetaost,"Zink, Zn",Sallad blandad mat,0.3,mg
532,Grekisk sallad m. fetaost,Vitamin E,Sallad blandad mat,0.9,mg
532,Grekisk sallad m. fetaost,Vitamin D,Sallad blandad mat,0.1,µg
532,Grekisk sallad m. fetaost,Vitamin C,Sallad blandad mat,5.2,mg
532,Grekisk sallad m. fetaost,Vitamin B6,Sallad blandad mat,0.08,mg
532,Grekisk sallad m. fetaost,Vitamin B12,Sallad blandad mat,0.25,µg
532,Grekisk sallad m. fetaost,Vitamin A,Sallad blandad mat,10.0,RE/µg
532,Grekisk sallad m. fetaost,Vatten,Sallad blandad mat,85.7,g
532,Grekisk sallad m. fetaost,Tiamin,Sallad blandad mat,0.02,mg
532,Grekisk sallad m. fetaost,Tillsatt socker,Sallad blandad mat,0.0,g
532,Grekisk sallad m. fetaost,Fritt socker,Sallad blandad mat,0.0,g
532,Grekisk sallad m. fetaost,"Selen, Se",Sallad blandad mat,0.0,µg
532,Grekisk sallad m. fetaost,Sackaros,Sallad blandad mat,0.0,g
532,Grekisk sallad m. fetaost,Riboflavin,Sallad blandad mat,0.05,mg
532,Grekisk sallad m. fetaost,Retinol,Sallad blandad mat,0.0,µg
532,Grekisk sallad m. fetaost,Protein,Sallad blandad mat,2.9,g
532,Grekisk sallad m. fetaost,Summa fleromättade fettsyror,Sallad blandad mat,0.5,g
532,Grekisk sallad m. fetaost,"Fosfor, P",Sallad blandad mat,60.0,mg
532,Grekisk sallad m. fetaost,Niacinekvivalenter,Sallad blandad mat,0.9,NE/mg
532,Grekisk sallad m. fetaost,Niacin,Sallad blandad mat,0.23,mg
532,Grekisk sallad m. fetaost,"Salt, NaCl",Sallad blandad mat,1.2,g
532,Grekisk sallad m. fetaost,"Natrium, Na",Sallad blandad mat,466.0,mg
532,Grekisk sallad m. fetaost,Monosackarider,Sallad blandad mat,1.8,g
532,Grekisk sallad m. fetaost,"Sockerarter, totalt",Sallad blandad mat,2.0,g
532,Grekisk sallad m. fetaost,Summa enkelomättade fettsyror,Sallad blandad mat,1.1,g
532,Grekisk sallad m. fetaost,"Magnesium, Mg",Sallad blandad mat,10.0,mg
532,Grekisk sallad m. fetaost,Summa mättade fettsyror,Sallad blandad mat,4.1,g
532,Grekisk sallad m. fetaost,"Kolhydrater, tillgängliga",Sallad blandad mat,2.0,g
532,Grekisk sallad m. fetaost,Kolesterol,Sallad blandad mat,2.3,mg
532,Grekisk sallad m. fetaost,"Kalium, K",Sallad blandad mat,153.0,mg
532,Grekisk sallad m. fetaost,"Jod, I",Sallad blandad mat,7.9,µg
532,Grekisk sallad m. fetaost,Fullkorn totalt,Sallad blandad mat,0.0,g
532,Grekisk sallad m. fetaost,"Folat, totalt",Sallad blandad mat,15.4,µg
532,Grekisk sallad m. fetaost,Fibrer,Sallad blandad mat,1.4,g
532,Grekisk sallad m. fetaost,"Fett, totalt",Sallad blandad mat,6.1,g
532,Grekisk sallad m. fetaost,"Järn, Fe",Sallad blandad mat,0.2,mg
532,Grekisk sallad m. fetaost,Energi (kJ),Sallad blandad mat,322.0,kJ
532,Grekisk sallad m. fetaost,Energi (kcal),Sallad blandad mat,77.0,kcal
532,Grekisk sallad m. fetaost,Disackarider,Sallad blandad mat,0.2,g
532,Grekisk sallad m. fetaost,"Kalcium, Ca",Sallad blandad mat,69.0,mg
532,Grekisk sallad m. fetaost,Fettsyra 4:0-10:0,Sallad blandad mat,0.3,g
532,Grekisk sallad m. fetaost,DHA (C22:6),Sallad blandad mat,0.0,g
532,Grekisk sallad m. fetaost,DPA (C22:5),Sallad blandad mat,0.0,g
532,Grekisk sallad m. fetaost,EPA (C20:5),Sallad blandad mat,0.0,g
532,Grekisk sallad m. fetaost,Arakidonsyra C20:4,Sallad blandad mat,0.0,g
532,Grekisk sallad m. fetaost,Arakidinsyra C20:0,Sallad blandad mat,0.0,g
532,Grekisk sallad m. fetaost,Linolensyra C18:3,Sallad blandad mat,0.0,g
532,Grekisk sallad m. fetaost,Linolsyra C18:2,Sallad blandad mat,0.5,g
532,Grekisk sallad m. fetaost,Oljesyra C18:1,Sallad blandad mat,1.1,g
532,Grekisk sallad m. fetaost,Stearinsyra C18:0,Sallad blandad mat,0.5,g
532,Grekisk sallad m. fetaost,Palmitoljesyra C16:1,Sallad blandad mat,0.0,g
532,Grekisk sallad m. fetaost,Palmitinsyra C16:0,Sallad blandad mat,0.6,g
532,Grekisk sallad m. fetaost,Myristinsyra C14:0,Sallad blandad mat,0.7,g
532,Grekisk sallad m. fetaost,Laurinsyra C12:0,Sallad blandad mat,2.0,g
532,Grekisk sallad m. fetaost,Betakaroten/β-Karoten,Sallad blandad mat,120.0,µg
532,Grekisk sallad m. fetaost,Avfall (skal etc.),Sallad blandad mat,0.0,%
532,Grekisk sallad m. fetaost,Aska,Sallad blandad mat,1.8,g
532,Grekisk sallad m. fetaost,Alkohol,Sallad blandad mat,0.0,g
535,Grönsaksbuljong pasta el. pulver storhushåll,"Zink, Zn",Buljong,0.0,mg
535,Grönsaksbuljong pasta el. pulver storhushåll,Vitamin E,Buljong,4.7,mg
535,Grönsaksbuljong pasta el. pulver storhushåll,Vitamin D inkl 25-OH-D3,Buljong,0.0,µg
535,Grönsaksbuljong pasta el. pulver storhushåll,Vitamin D,Buljong,0.0,µg
535,Grönsaksbuljong pasta el. pulver storhushåll,Vitamin C,Buljong,1.1,mg
535,Grönsaksbuljong pasta el. pulver storhushåll,Vitamin B6,Buljong,0.47,mg
535,Grönsaksbuljong pasta el. pulver storhushåll,Vitamin B12,Buljong,0.0,µg
535,Grönsaksbuljong pasta el. pulver storhushåll,Vitamin A,Buljong,235.9,RE/µg
535,Grönsaksbuljong pasta el. pulver storhushåll,Vatten,Buljong,5.7,g
535,Grönsaksbuljong pasta el. pulver storhushåll,Tiamin,Buljong,0.1,mg
535,Grönsaksbuljong pasta el. pulver storhushåll,Tillsatt socker,Buljong,12.0,g
535,Grönsaksbuljong pasta el. pulver storhushåll,Fritt socker,Buljong,12.0,g
535,Grönsaksbuljong pasta el. pulver storhushåll,"Selen, Se",Buljong,0.0,µg
535,Grönsaksbuljong pasta el. pulver storhushåll,Sackaros,Buljong,4.0,g
535,Grönsaksbuljong pasta el. pulver storhushåll,Riboflavin,Buljong,0.45,mg
535,Grönsaksbuljong pasta el. pulver storhushåll,Retinol,Buljong,0.0,µg
535,Grönsaksbuljong pasta el. pulver storhushåll,Protein,Buljong,14.9,g
535,Grönsaksbuljong pasta el. pulver storhushåll,Summa fleromättade fettsyror,Buljong,0.4,g
535,Grönsaksbuljong pasta el. pulver storhushåll,"Fosfor, P",Buljong,189.0,mg
535,Grönsaksbuljong pasta el. pulver storhushåll,Niacinekvivalenter,Buljong,5.85,NE/mg
535,Grönsaksbuljong pasta el. pulver storhushåll,Niacin,Buljong,3.38,mg
535,Grönsaksbuljong pasta el. pulver storhushåll,"Salt, NaCl",Buljong,42.6,g
535,Grönsaksbuljong pasta el. pulver storhushåll,"Natrium, Na",Buljong,17050.0,mg
535,Grönsaksbuljong pasta el. pulver storhushåll,Monosackarider,Buljong,8.0,g
535,Grönsaksbuljong pasta el. pulver storhushåll,"Sockerarter, totalt",Buljong,12.0,g
535,Grönsaksbuljong pasta el. pulver storhushåll,Summa enkelomättade fettsyror,Buljong,3.5,g
535,Grönsaksbuljong pasta el. pulver storhushåll,"Magnesium, Mg",Buljong,118.0,mg
535,Grönsaksbuljong pasta el. pulver storhushåll,Summa mättade fettsyror,Buljong,4.4,g
535,Grönsaksbuljong pasta el. pulver storhushåll,"Kolhydrater, tillgängliga",Buljong,24.6,g
535,Grönsaksbuljong pasta el. pulver storhushåll,Kolesterol,Buljong,0.0,mg
535,Grönsaksbuljong pasta el. pulver storhushåll,"Kalium, K",Buljong,1347.0,mg
535,Grönsaksbuljong pasta el. pulver storhushåll,"Jod, I",Buljong,15.0,µg
535,Grönsaksbuljong pasta el. pulver storhushåll,Fullkorn totalt,Buljong,0.0,g
535,Grönsaksbuljong pasta el. pulver storhushåll,"Folat, totalt",Buljong,188.7,µg
535,Grönsaksbuljong pasta el. pulver storhushåll,Fibrer,Buljong,0.0,g
535,Grönsaksbuljong pasta el. pulver storhushåll,"Fett, totalt",Buljong,8.8,g
535,Grönsaksbuljong pasta el. pulver storhushåll,"Järn, Fe",Buljong,1.6,mg
535,Grönsaksbuljong pasta el. pulver storhushåll,Energi (kJ),Buljong,997.0,kJ
535,Grönsaksbuljong pasta el. pulver storhushåll,Energi (kcal),Buljong,238.0,kcal
535,Grönsaksbuljong pasta el. pulver storhushåll,Disackarider,Buljong,4.0,g
535,Grönsaksbuljong pasta el. pulver storhushåll,"Kalcium, Ca",Buljong,38.0,mg
535,Grönsaksbuljong pasta el. pulver storhushåll,Fettsyra 4:0-10:0,Buljong,0.0,g
535,Grönsaksbuljong pasta el. pulver storhushåll,DHA (C22:6),Buljong,0.0,g
535,Grönsaksbuljong pasta el. pulver storhushåll,DPA (C22:5),Buljong,0.0,g
535,Grönsaksbuljong pasta el. pulver storhushåll,EPA (C20:5),Buljong,0.0,g
535,Grönsaksbuljong pasta el. pulver storhushåll,Arakidonsyra C20:4,Buljong,0.0,g
535,Grönsaksbuljong pasta el. pulver storhushåll,Arakidinsyra C20:0,Buljong,0.0,g
535,Grönsaksbuljong pasta el. pulver storhushåll,Linolensyra C18:3,Buljong,0.0,g
535,Grönsaksbuljong pasta el. pulver storhushåll,Linolsyra C18:2,Buljong,0.4,g
535,Grönsaksbuljong pasta el. pulver storhushåll,Oljesyra C18:1,Buljong,3.1,g
535,Grönsaksbuljong pasta el. pulver storhushåll,Stearinsyra C18:0,Buljong,1.8,g
535,Grönsaksbuljong pasta el. pulver storhushåll,Palmitoljesyra C16:1,Buljong,0.4,g
535,Grönsaksbuljong pasta el. pulver storhushåll,Palmitinsyra C16:0,Buljong,2.2,g
535,Grönsaksbuljong pasta el. pulver storhushåll,Myristinsyra C14:0,Buljong,0.4,g
535,Grönsaksbuljong pasta el. pulver storhushåll,Laurinsyra C12:0,Buljong,0.0,g
535,Grönsaksbuljong pasta el. pulver storhushåll,Betakaroten/β-Karoten,Buljong,2830.0,µg
535,Grönsaksbuljong pasta el. pulver storhushåll,Avfall (skal etc.),Buljong,0.0,%
535,Grönsaksbuljong pasta el. pulver storhushåll,Aska,Buljong,46.0,g
535,Grönsaksbuljong pasta el. pulver storhushåll,Alkohol,Buljong,0.0,g
537,Agar torkad,"Zink, Zn",Gelatin agar agar,0.3,mg
537,Agar torkad,Vitamin E,Gelatin agar agar,0.0,mg
537,Agar torkad,Vitamin D inkl 25-OH-D3,Gelatin agar agar,0.0,µg
537,Agar torkad,Vitamin D,Gelatin agar agar,0.0,µg
537,Agar torkad,Vitamin C,Gelatin agar agar,0.0,mg
537,Agar torkad,Vitamin B6,Gelatin agar agar,0.0,mg
537,Agar torkad,Vitamin B12,Gelatin agar agar,0.2,µg
537,Agar torkad,Vitamin A,Gelatin agar agar,0.0,RE/µg
537,Agar torkad,Vatten,Gelatin agar agar,16.7,g
537,Agar torkad,Tiamin,Gelatin agar agar,0.0,mg
537,Agar torkad,Tillsatt socker,Gelatin agar agar,0.0,g
537,Agar torkad,Fritt socker,Gelatin agar agar,0.0,g
537,Agar torkad,"Selen, Se",Gelatin agar agar,0.0,µg
537,Agar torkad,Sackaros,Gelatin agar agar,0.0,g
537,Agar torkad,Riboflavin,Gelatin agar agar,0.0,mg
537,Agar torkad,Retinol,Gelatin agar agar,0.0,µg
537,Agar torkad,Protein,Gelatin agar agar,0.2,g
537,Agar torkad,Summa fleromättade fettsyror,Gelatin agar agar,0.0,g
537,Agar torkad,"Fosfor, P",Gelatin agar agar,39.0,mg
537,Agar torkad,Niacinekvivalenter,Gelatin agar agar,0.1,NE/mg
537,Agar torkad,Niacin,Gelatin agar agar,0.1,mg
537,Agar torkad,"Salt, NaCl",Gelatin agar agar,0.4,g
537,Agar torkad,"Natrium, Na",Gelatin agar agar,170.0,mg
537,Agar torkad,Monosackarider,Gelatin agar agar,0.0,g
537,Agar torkad,"Sockerarter, totalt",Gelatin agar agar,0.0,g
537,Agar torkad,Summa enkelomättade fettsyror,Gelatin agar agar,0.0,g
537,Agar torkad,"Magnesium, Mg",Gelatin agar agar,39.0,mg
537,Agar torkad,Summa mättade fettsyror,Gelatin agar agar,0.0,g
537,Agar torkad,"Kolhydrater, tillgängliga",Gelatin agar agar,2.6,g
537,Agar torkad,Kolesterol,Gelatin agar agar,0.0,mg
537,Agar torkad,"Kalium, K",Gelatin agar agar,30.0,mg
537,Agar torkad,"Jod, I",Gelatin agar agar,81.0,µg
537,Agar torkad,Fullkorn totalt,Gelatin agar agar,0.0,g
537,Agar torkad,"Folat, totalt",Gelatin agar agar,1.0,µg
537,Agar torkad,Fibrer,Gelatin agar agar,79.0,g
537,Agar torkad,"Fett, totalt",Gelatin agar agar,0.3,g
537,Agar torkad,"Järn, Fe",Gelatin agar agar,7.3,mg
537,Agar torkad,Energi (kJ),Gelatin agar agar,691.0,kJ
537,Agar torkad,Energi (kcal),Gelatin agar agar,165.0,kcal
537,Agar torkad,Disackarider,Gelatin agar agar,0.0,g
537,Agar torkad,"Kalcium, Ca",Gelatin agar agar,120.0,mg
537,Agar torkad,Fettsyra 4:0-10:0,Gelatin agar agar,0.0,g
537,Agar torkad,DHA (C22:6),Gelatin agar agar,0.0,g
537,Agar torkad,DPA (C22:5),Gelatin agar agar,0.0,g
537,Agar torkad,EPA (C20:5),Gelatin agar agar,0.0,g
537,Agar torkad,Arakidonsyra C20:4,Gelatin agar agar,0.0,g
537,Agar torkad,Arakidinsyra C20:0,Gelatin agar agar,0.0,g
537,Agar torkad,Linolensyra C18:3,Gelatin agar agar,0.0,g
537,Agar torkad,Linolsyra C18:2,Gelatin agar agar,0.0,g
537,Agar torkad,Oljesyra C18:1,Gelatin agar agar,0.0,g
537,Agar torkad,Stearinsyra C18:0,Gelatin agar agar,0.0,g
537,Agar torkad,Palmitoljesyra C16:1,Gelatin agar agar,0.0,g
537,Agar torkad,Palmitinsyra C16:0,Gelatin agar agar,0.0,g
537,Agar torkad,Myristinsyra C14:0,Gelatin agar agar,0.0,g
537,Agar torkad,Laurinsyra C12:0,Gelatin agar agar,0.0,g
537,Agar torkad,Betakaroten/β-Karoten,Gelatin agar agar,0.0,µg
537,Agar torkad,Avfall (skal etc.),Gelatin agar agar,0.0,%
537,Agar torkad,Aska,Gelatin agar agar,1.2,g
537,Agar torkad,Alkohol,Gelatin agar agar,0.0,g
538,Mykoprotein färs bitar filé kylvara el. frysvara,"Zink, Zn",Vegetabiliskt protein produkter och rätter,7.2,mg
538,Mykoprotein färs bitar filé kylvara el. frysvara,Vitamin E,Vegetabiliskt protein produkter och rätter,0.2,mg
538,Mykoprotein färs bitar filé kylvara el. frysvara,Vitamin D inkl 25-OH-D3,Vegetabiliskt protein produkter och rätter,0.0,µg
538,Mykoprotein färs bitar filé kylvara el. frysvara,Vitamin D,Vegetabiliskt protein produkter och rätter,0.0,µg
538,Mykoprotein färs bitar filé kylvara el. frysvara,Vitamin C,Vegetabiliskt protein produkter och rätter,0.1,mg
538,Mykoprotein färs bitar filé kylvara el. frysvara,Vitamin B6,Vegetabiliskt protein produkter och rätter,0.1,mg
538,Mykoprotein färs bitar filé kylvara el. frysvara,Vitamin B12,Vegetabiliskt protein produkter och rätter,0.0,µg
538,Mykoprotein färs bitar filé kylvara el. frysvara,Vitamin A,Vegetabiliskt protein produkter och rätter,0.4,RE/µg
538,Mykoprotein färs bitar filé kylvara el. frysvara,Vatten,Vegetabiliskt protein produkter och rätter,73.2,g
538,Mykoprotein färs bitar filé kylvara el. frysvara,Tiamin,Vegetabiliskt protein produkter och rätter,0.02,mg
538,Mykoprotein färs bitar filé kylvara el. frysvara,Tillsatt socker,Vegetabiliskt protein produkter och rätter,0.0,g
538,Mykoprotein färs bitar filé kylvara el. frysvara,Fritt socker,Vegetabiliskt protein produkter och rätter,0.0,g
538,Mykoprotein färs bitar filé kylvara el. frysvara,"Selen, Se",Vegetabiliskt protein produkter och rätter,0.0,µg
538,Mykoprotein färs bitar filé kylvara el. frysvara,Sackaros,Vegetabiliskt protein produkter och rätter,0.0,g
538,Mykoprotein färs bitar filé kylvara el. frysvara,Riboflavin,Vegetabiliskt protein produkter och rätter,0.35,mg
538,Mykoprotein färs bitar filé kylvara el. frysvara,Retinol,Vegetabiliskt protein produkter och rätter,0.0,µg
538,Mykoprotein färs bitar filé kylvara el. frysvara,Protein,Vegetabiliskt protein produkter och rätter,15.7,g
538,Mykoprotein färs bitar filé kylvara el. frysvara,Summa fleromättade fettsyror,Vegetabiliskt protein produkter och rätter,0.8,g
538,Mykoprotein färs bitar filé kylvara el. frysvara,"Fosfor, P",Vegetabiliskt protein produkter och rätter,250.0,mg
538,Mykoprotein färs bitar filé kylvara el. frysvara,Niacinekvivalenter,Vegetabiliskt protein produkter och rätter,3.4,NE/mg
538,Mykoprotein färs bitar filé kylvara el. frysvara,Niacin,Vegetabiliskt protein produkter och rätter,0.76,mg
538,Mykoprotein färs bitar filé kylvara el. frysvara,"Salt, NaCl",Vegetabiliskt protein produkter och rätter,0.6,g
538,Mykoprotein färs bitar filé kylvara el. frysvara,"Natrium, Na",Vegetabiliskt protein produkter och rätter,250.0,mg
538,Mykoprotein färs bitar filé kylvara el. frysvara,Monosackarider,Vegetabiliskt protein produkter och rätter,0.2,g
538,Mykoprotein färs bitar filé kylvara el. frysvara,"Sockerarter, totalt",Vegetabiliskt protein produkter och rätter,0.2,g
538,Mykoprotein färs bitar filé kylvara el. frysvara,Summa enkelomättade fettsyror,Vegetabiliskt protein produkter och rätter,0.3,g
538,Mykoprotein färs bitar filé kylvara el. frysvara,"Magnesium, Mg",Vegetabiliskt protein produkter och rätter,42.0,mg
538,Mykoprotein färs bitar filé kylvara el. frysvara,Summa mättade fettsyror,Vegetabiliskt protein produkter och rätter,0.3,g
538,Mykoprotein färs bitar filé kylvara el. frysvara,"Kolhydrater, tillgängliga",Vegetabiliskt protein produkter och rätter,2.2,g
538,Mykoprotein färs bitar filé kylvara el. frysvara,Kolesterol,Vegetabiliskt protein produkter och rätter,0.0,mg
538,Mykoprotein färs bitar filé kylvara el. frysvara,"Kalium, K",Vegetabiliskt protein produkter och rätter,170.0,mg
538,Mykoprotein färs bitar filé kylvara el. frysvara,"Jod, I",Vegetabiliskt protein produkter och rätter,0.0,µg
538,Mykoprotein färs bitar filé kylvara el. frysvara,Fullkorn totalt,Vegetabiliskt protein produkter och rätter,0.0,g
538,Mykoprotein färs bitar filé kylvara el. frysvara,"Folat, totalt",Vegetabiliskt protein produkter och rätter,124.0,µg
538,Mykoprotein färs bitar filé kylvara el. frysvara,Fibrer,Vegetabiliskt protein produkter och rätter,5.5,g
538,Mykoprotein färs bitar filé kylvara el. frysvara,"Fett, totalt",Vegetabiliskt protein produkter och rätter,1.8,g
538,Mykoprotein färs bitar filé kylvara el. frysvara,"Järn, Fe",Vegetabiliskt protein produkter och rätter,0.4,mg
538,Mykoprotein färs bitar filé kylvara el. frysvara,Energi (kJ),Vegetabiliskt protein produkter och rätter,415.0,kJ
538,Mykoprotein färs bitar filé kylvara el. frysvara,Energi (kcal),Vegetabiliskt protein produkter och rätter,99.0,kcal
538,Mykoprotein färs bitar filé kylvara el. frysvara,Disackarider,Vegetabiliskt protein produkter och rätter,0.0,g
538,Mykoprotein färs bitar filé kylvara el. frysvara,"Kalcium, Ca",Vegetabiliskt protein produkter och rätter,190.0,mg
538,Mykoprotein färs bitar filé kylvara el. frysvara,Fettsyra 4:0-10:0,Vegetabiliskt protein produkter och rätter,0.0,g
538,Mykoprotein färs bitar filé kylvara el. frysvara,DHA (C22:6),Vegetabiliskt protein produkter och rätter,0.0,g
538,Mykoprotein färs bitar filé kylvara el. frysvara,DPA (C22:5),Vegetabiliskt protein produkter och rätter,0.0,g
538,Mykoprotein färs bitar filé kylvara el. frysvara,EPA (C20:5),Vegetabiliskt protein produkter och rätter,0.0,g
538,Mykoprotein färs bitar filé kylvara el. frysvara,Arakidonsyra C20:4,Vegetabiliskt protein produkter och rätter,0.0,g
538,Mykoprotein färs bitar filé kylvara el. frysvara,Arakidinsyra C20:0,Vegetabiliskt protein produkter och rätter,0.0,g
538,Mykoprotein färs bitar filé kylvara el. frysvara,Linolensyra C18:3,Vegetabiliskt protein produkter och rätter,0.1,g
538,Mykoprotein färs bitar filé kylvara el. frysvara,Linolsyra C18:2,Vegetabiliskt protein produkter och rätter,0.7,g
538,Mykoprotein färs bitar filé kylvara el. frysvara,Oljesyra C18:1,Vegetabiliskt protein produkter och rätter,0.3,g
538,Mykoprotein färs bitar filé kylvara el. frysvara,Stearinsyra C18:0,Vegetabiliskt protein produkter och rätter,0.0,g
538,Mykoprotein färs bitar filé kylvara el. frysvara,Palmitoljesyra C16:1,Vegetabiliskt protein produkter och rätter,0.0,g
538,Mykoprotein färs bitar filé kylvara el. frysvara,Palmitinsyra C16:0,Vegetabiliskt protein produkter och rätter,0.2,g
538,Mykoprotein färs bitar filé kylvara el. frysvara,Myristinsyra C14:0,Vegetabiliskt protein produkter och rätter,0.0,g
538,Mykoprotein färs bitar filé kylvara el. frysvara,Laurinsyra C12:0,Vegetabiliskt protein produkter och rätter,0.0,g
538,Mykoprotein färs bitar filé kylvara el. frysvara,Betakaroten/β-Karoten,Vegetabiliskt protein produkter och rätter,4.0,µg
538,Mykoprotein färs bitar filé kylvara el. frysvara,Avfall (skal etc.),Vegetabiliskt protein produkter och rätter,0.0,%
538,Mykoprotein färs bitar filé kylvara el. frysvara,Aska,Vegetabiliskt protein produkter och rätter,1.6,g
538,Mykoprotein färs bitar filé kylvara el. frysvara,Alkohol,Vegetabiliskt protein produkter och rätter,0.0,g
539,Gratäng broccoligratäng m. skinka,"Zink, Zn",Köttprodukter kötträtter,1.4,mg
539,Gratäng broccoligratäng m. skinka,Vitamin E,Köttprodukter kötträtter,1.6,mg
539,Gratäng broccoligratäng m. skinka,Vitamin D,Köttprodukter kötträtter,0.42,µg
539,Gratäng broccoligratäng m. skinka,Vitamin C,Köttprodukter kötträtter,12.2,mg
539,Gratäng broccoligratäng m. skinka,Vitamin B6,Köttprodukter kötträtter,0.16,mg
539,Gratäng broccoligratäng m. skinka,Vitamin B12,Köttprodukter kötträtter,0.37,µg
539,Gratäng broccoligratäng m. skinka,Vitamin A,Köttprodukter kötträtter,59.3,RE/µg
539,Gratäng broccoligratäng m. skinka,Vatten,Köttprodukter kötträtter,78.4,g
539,Gratäng broccoligratäng m. skinka,Tiamin,Köttprodukter kötträtter,0.12,mg
539,Gratäng broccoligratäng m. skinka,Tillsatt socker,Köttprodukter kötträtter,0.0,g
539,Gratäng broccoligratäng m. skinka,Fritt socker,Köttprodukter kötträtter,0.0,g
539,Gratäng broccoligratäng m. skinka,"Selen, Se",Köttprodukter kötträtter,3.3,µg
539,Gratäng broccoligratäng m. skinka,Sackaros,Köttprodukter kötträtter,0.1,g
539,Gratäng broccoligratäng m. skinka,Riboflavin,Köttprodukter kötträtter,0.14,mg
539,Gratäng broccoligratäng m. skinka,Retinol,Köttprodukter kötträtter,29.1,µg
539,Gratäng broccoligratäng m. skinka,Protein,Köttprodukter kötträtter,9.3,g
539,Gratäng broccoligratäng m. skinka,Summa fleromättade fettsyror,Köttprodukter kötträtter,0.7,g
539,Gratäng broccoligratäng m. skinka,"Fosfor, P",Köttprodukter kötträtter,137.0,mg
539,Gratäng broccoligratäng m. skinka,Niacinekvivalenter,Köttprodukter kötträtter,2.85,NE/mg
539,Gratäng broccoligratäng m. skinka,Niacin,Köttprodukter kötträtter,1.09,mg
539,Gratäng broccoligratäng m. skinka,"Salt, NaCl",Köttprodukter kötträtter,1.9,g
539,Gratäng broccoligratäng m. skinka,"Natrium, Na",Köttprodukter kötträtter,781.0,mg
539,Gratäng broccoligratäng m. skinka,Monosackarider,Köttprodukter kötträtter,0.6,g
539,Gratäng broccoligratäng m. skinka,"Sockerarter, totalt",Köttprodukter kötträtter,1.6,g
539,Gratäng broccoligratäng m. skinka,Summa enkelomättade fettsyror,Köttprodukter kötträtter,1.7,g
539,Gratäng broccoligratäng m. skinka,"Magnesium, Mg",Köttprodukter kötträtter,19.0,mg
539,Gratäng broccoligratäng m. skinka,Summa mättade fettsyror,Köttprodukter kötträtter,1.7,g
539,Gratäng broccoligratäng m. skinka,"Kolhydrater, tillgängliga",Köttprodukter kötträtter,3.6,g
539,Gratäng broccoligratäng m. skinka,Kolesterol,Köttprodukter kötträtter,33.5,mg
539,Gratäng broccoligratäng m. skinka,"Kalium, K",Köttprodukter kötträtter,188.0,mg
539,Gratäng broccoligratäng m. skinka,"Jod, I",Köttprodukter kötträtter,25.3,µg
539,Gratäng broccoligratäng m. skinka,Fullkorn totalt,Köttprodukter kötträtter,0.0,g
539,Gratäng broccoligratäng m. skinka,"Folat, totalt",Köttprodukter kötträtter,37.1,µg
539,Gratäng broccoligratäng m. skinka,Fibrer,Köttprodukter kötträtter,1.5,g
539,Gratäng broccoligratäng m. skinka,"Fett, totalt",Köttprodukter kötträtter,4.5,g
539,Gratäng broccoligratäng m. skinka,"Järn, Fe",Köttprodukter kötträtter,0.6,mg
539,Gratäng broccoligratäng m. skinka,Energi (kJ),Köttprodukter kötträtter,396.0,kJ
539,Gratäng broccoligratäng m. skinka,Energi (kcal),Köttprodukter kötträtter,95.0,kcal
539,Gratäng broccoligratäng m. skinka,Disackarider,Köttprodukter kötträtter,0.9,g
539,Gratäng broccoligratäng m. skinka,"Kalcium, Ca",Köttprodukter kötträtter,71.0,mg
539,Gratäng broccoligratäng m. skinka,Fettsyra 4:0-10:0,Köttprodukter kötträtter,0.2,g
539,Gratäng broccoligratäng m. skinka,DHA (C22:6),Köttprodukter kötträtter,0.0,g
539,Gratäng broccoligratäng m. skinka,DPA (C22:5),Köttprodukter kötträtter,0.0,g
539,Gratäng broccoligratäng m. skinka,EPA (C20:5),Köttprodukter kötträtter,0.0,g
539,Gratäng broccoligratäng m. skinka,Arakidonsyra C20:4,Köttprodukter kötträtter,0.0,g
539,Gratäng broccoligratäng m. skinka,Arakidinsyra C20:0,Köttprodukter kötträtter,0.0,g
539,Gratäng broccoligratäng m. skinka,Linolensyra C18:3,Köttprodukter kötträtter,0.2,g
539,Gratäng broccoligratäng m. skinka,Linolsyra C18:2,Köttprodukter kötträtter,0.5,g
539,Gratäng broccoligratäng m. skinka,Oljesyra C18:1,Köttprodukter kötträtter,1.6,g
539,Gratäng broccoligratäng m. skinka,Stearinsyra C18:0,Köttprodukter kötträtter,0.3,g
539,Gratäng broccoligratäng m. skinka,Palmitoljesyra C16:1,Köttprodukter kötträtter,0.1,g
539,Gratäng broccoligratäng m. skinka,Palmitinsyra C16:0,Köttprodukter kötträtter,0.9,g
539,Gratäng broccoligratäng m. skinka,Myristinsyra C14:0,Köttprodukter kötträtter,0.2,g
539,Gratäng broccoligratäng m. skinka,Laurinsyra C12:0,Köttprodukter kötträtter,0.1,g
539,Gratäng broccoligratäng m. skinka,Betakaroten/β-Karoten,Köttprodukter kötträtter,333.0,µg
539,Gratäng broccoligratäng m. skinka,Avfall (skal etc.),Köttprodukter kötträtter,0.0,%
539,Gratäng broccoligratäng m. skinka,Aska,Köttprodukter kötträtter,2.8,g
539,Gratäng broccoligratäng m. skinka,Alkohol,Köttprodukter kötträtter,0.0,g
543,Wokgrönsaker m. nudlar veg.,"Zink, Zn",Pastarätter,0.2,mg
543,Wokgrönsaker m. nudlar veg.,Vitamin E,Pastarätter,1.2,mg
543,Wokgrönsaker m. nudlar veg.,Vitamin D,Pastarätter,0.28,µg
543,Wokgrönsaker m. nudlar veg.,Vitamin C,Pastarätter,8.9,mg
543,Wokgrönsaker m. nudlar veg.,Vitamin B6,Pastarätter,0.18,mg
543,Wokgrönsaker m. nudlar veg.,Vitamin B12,Pastarätter,0.12,µg
543,Wokgrönsaker m. nudlar veg.,Vitamin A,Pastarätter,149.6,RE/µg
543,Wokgrönsaker m. nudlar veg.,Vatten,Pastarätter,82.3,g
543,Wokgrönsaker m. nudlar veg.,Tiamin,Pastarätter,0.04,mg
543,Wokgrönsaker m. nudlar veg.,Tillsatt socker,Pastarätter,0.0,g
543,Wokgrönsaker m. nudlar veg.,Fritt socker,Pastarätter,0.0,g
543,Wokgrönsaker m. nudlar veg.,"Selen, Se",Pastarätter,3.2,µg
543,Wokgrönsaker m. nudlar veg.,Sackaros,Pastarätter,1.6,g
543,Wokgrönsaker m. nudlar veg.,Riboflavin,Pastarätter,0.04,mg
543,Wokgrönsaker m. nudlar veg.,Retinol,Pastarätter,20.6,µg
543,Wokgrönsaker m. nudlar veg.,Protein,Pastarätter,1.7,g
543,Wokgrönsaker m. nudlar veg.,Summa fleromättade fettsyror,Pastarätter,0.9,g
543,Wokgrönsaker m. nudlar veg.,"Fosfor, P",Pastarätter,35.0,mg
543,Wokgrönsaker m. nudlar veg.,Niacinekvivalenter,Pastarätter,0.8,NE/mg
543,Wokgrönsaker m. nudlar veg.,Niacin,Pastarätter,0.49,mg
543,Wokgrönsaker m. nudlar veg.,"Salt, NaCl",Pastarätter,0.7,g
543,Wokgrönsaker m. nudlar veg.,"Natrium, Na",Pastarätter,262.0,mg
543,Wokgrönsaker m. nudlar veg.,Monosackarider,Pastarätter,2.9,g
543,Wokgrönsaker m. nudlar veg.,"Sockerarter, totalt",Pastarätter,4.6,g
543,Wokgrönsaker m. nudlar veg.,Summa enkelomättade fettsyror,Pastarätter,1.8,g
543,Wokgrönsaker m. nudlar veg.,"Magnesium, Mg",Pastarätter,13.0,mg
543,Wokgrönsaker m. nudlar veg.,Summa mättade fettsyror,Pastarätter,0.6,g
543,Wokgrönsaker m. nudlar veg.,"Kolhydrater, tillgängliga",Pastarätter,8.1,g
543,Wokgrönsaker m. nudlar veg.,Kolesterol,Pastarätter,0.0,mg
543,Wokgrönsaker m. nudlar veg.,"Kalium, K",Pastarätter,191.0,mg
543,Wokgrönsaker m. nudlar veg.,"Jod, I",Pastarätter,5.1,µg
543,Wokgrönsaker m. nudlar veg.,Fullkorn totalt,Pastarätter,0.0,g
543,Wokgrönsaker m. nudlar veg.,"Folat, totalt",Pastarätter,28.1,µg
543,Wokgrönsaker m. nudlar veg.,Fibrer,Pastarätter,2.5,g
543,Wokgrönsaker m. nudlar veg.,"Fett, totalt",Pastarätter,4.1,g
543,Wokgrönsaker m. nudlar veg.,"Järn, Fe",Pastarätter,2.0,mg
543,Wokgrönsaker m. nudlar veg.,Energi (kJ),Pastarätter,340.0,kJ
543,Wokgrönsaker m. nudlar veg.,Energi (kcal),Pastarätter,81.0,kcal
543,Wokgrönsaker m. nudlar veg.,Disackarider,Pastarätter,1.7,g
543,Wokgrönsaker m. nudlar veg.,"Kalcium, Ca",Pastarätter,32.0,mg
543,Wokgrönsaker m. nudlar veg.,Fettsyra 4:0-10:0,Pastarätter,0.0,g
543,Wokgrönsaker m. nudlar veg.,DHA (C22:6),Pastarätter,0.0,g
543,Wokgrönsaker m. nudlar veg.,DPA (C22:5),Pastarätter,0.0,g
543,Wokgrönsaker m. nudlar veg.,EPA (C20:5),Pastarätter,0.0,g
543,Wokgrönsaker m. nudlar veg.,Arakidonsyra C20:4,Pastarätter,0.0,g
543,Wokgrönsaker m. nudlar veg.,Arakidinsyra C20:0,Pastarätter,0.0,g
543,Wokgrönsaker m. nudlar veg.,Linolensyra C18:3,Pastarätter,0.2,g
543,Wokgrönsaker m. nudlar veg.,Linolsyra C18:2,Pastarätter,0.6,g
543,Wokgrönsaker m. nudlar veg.,Oljesyra C18:1,Pastarätter,1.7,g
543,Wokgrönsaker m. nudlar veg.,Stearinsyra C18:0,Pastarätter,0.1,g
543,Wokgrönsaker m. nudlar veg.,Palmitoljesyra C16:1,Pastarätter,0.0,g
543,Wokgrönsaker m. nudlar veg.,Palmitinsyra C16:0,Pastarätter,0.5,g
543,Wokgrönsaker m. nudlar veg.,Myristinsyra C14:0,Pastarätter,0.0,g
543,Wokgrönsaker m. nudlar veg.,Laurinsyra C12:0,Pastarätter,0.0,g
543,Wokgrönsaker m. nudlar veg.,Betakaroten/β-Karoten,Pastarätter,1450.0,µg
543,Wokgrönsaker m. nudlar veg.,Avfall (skal etc.),Pastarätter,0.0,%
543,Wokgrönsaker m. nudlar veg.,Aska,Pastarätter,1.3,g
543,Wokgrönsaker m. nudlar veg.,Alkohol,Pastarätter,0.0,g
544,Pastej veg.,"Zink, Zn",Grönsaks- rotfrukts- baljväxträtter o produkter,2.0,mg
544,Pastej veg.,Vitamin E,Grönsaks- rotfrukts- baljväxträtter o produkter,1.5,mg
544,Pastej veg.,Vitamin D inkl 25-OH-D3,Grönsaks- rotfrukts- baljväxträtter o produkter,0.0,µg
544,Pastej veg.,Vitamin D,Grönsaks- rotfrukts- baljväxträtter o produkter,0.0,µg
544,Pastej veg.,Vitamin C,Grönsaks- rotfrukts- baljväxträtter o produkter,0.0,mg
544,Pastej veg.,Vitamin B6,Grönsaks- rotfrukts- baljväxträtter o produkter,0.2,mg
544,Pastej veg.,Vitamin B12,Grönsaks- rotfrukts- baljväxträtter o produkter,0.0,µg
544,Pastej veg.,Vitamin A,Grönsaks- rotfrukts- baljväxträtter o produkter,2.6,RE/µg
544,Pastej veg.,Vatten,Grönsaks- rotfrukts- baljväxträtter o produkter,58.8,g
544,Pastej veg.,Tiamin,Grönsaks- rotfrukts- baljväxträtter o produkter,0.18,mg
544,Pastej veg.,Tillsatt socker,Grönsaks- rotfrukts- baljväxträtter o produkter,0.0,g
544,Pastej veg.,Fritt socker,Grönsaks- rotfrukts- baljväxträtter o produkter,0.0,g
544,Pastej veg.,"Selen, Se",Grönsaks- rotfrukts- baljväxträtter o produkter,2.9,µg
544,Pastej veg.,Sackaros,Grönsaks- rotfrukts- baljväxträtter o produkter,0.0,g
544,Pastej veg.,Riboflavin,Grönsaks- rotfrukts- baljväxträtter o produkter,0.47,mg
544,Pastej veg.,Retinol,Grönsaks- rotfrukts- baljväxträtter o produkter,0.0,µg
544,Pastej veg.,Protein,Grönsaks- rotfrukts- baljväxträtter o produkter,7.6,g
544,Pastej veg.,Summa fleromättade fettsyror,Grönsaks- rotfrukts- baljväxträtter o produkter,2.0,g
544,Pastej veg.,"Fosfor, P",Grönsaks- rotfrukts- baljväxträtter o produkter,157.0,mg
544,Pastej veg.,Niacinekvivalenter,Grönsaks- rotfrukts- baljväxträtter o produkter,4.1,NE/mg
544,Pastej veg.,Niacin,Grönsaks- rotfrukts- baljväxträtter o produkter,2.84,mg
544,Pastej veg.,"Salt, NaCl",Grönsaks- rotfrukts- baljväxträtter o produkter,1.5,g
544,Pastej veg.,"Natrium, Na",Grönsaks- rotfrukts- baljväxträtter o produkter,596.0,mg
544,Pastej veg.,Monosackarider,Grönsaks- rotfrukts- baljväxträtter o produkter,0.0,g
544,Pastej veg.,"Sockerarter, totalt",Grönsaks- rotfrukts- baljväxträtter o produkter,1.9,g
544,Pastej veg.,Summa enkelomättade fettsyror,Grönsaks- rotfrukts- baljväxträtter o produkter,3.2,g
544,Pastej veg.,"Magnesium, Mg",Grönsaks- rotfrukts- baljväxträtter o produkter,28.0,mg
544,Pastej veg.,Summa mättade fettsyror,Grönsaks- rotfrukts- baljväxträtter o produkter,14.0,g
544,Pastej veg.,"Kolhydrater, tillgängliga",Grönsaks- rotfrukts- baljväxträtter o produkter,9.1,g
544,Pastej veg.,Kolesterol,Grönsaks- rotfrukts- baljväxträtter o produkter,0.0,mg
544,Pastej veg.,"Kalium, K",Grönsaks- rotfrukts- baljväxträtter o produkter,263.0,mg
544,Pastej veg.,"Jod, I",Grönsaks- rotfrukts- baljväxträtter o produkter,0.0,µg
544,Pastej veg.,Fullkorn totalt,Grönsaks- rotfrukts- baljväxträtter o produkter,0.0,g
544,Pastej veg.,"Folat, totalt",Grönsaks- rotfrukts- baljväxträtter o produkter,261.0,µg
544,Pastej veg.,Fibrer,Grönsaks- rotfrukts- baljväxträtter o produkter,2.4,g
544,Pastej veg.,"Fett, totalt",Grönsaks- rotfrukts- baljväxträtter o produkter,20.0,g
544,Pastej veg.,"Järn, Fe",Grönsaks- rotfrukts- baljväxträtter o produkter,1.3,mg
544,Pastej veg.,Energi (kJ),Grönsaks- rotfrukts- baljväxträtter o produkter,1042.0,kJ
544,Pastej veg.,Energi (kcal),Grönsaks- rotfrukts- baljväxträtter o produkter,249.0,kcal
544,Pastej veg.,Disackarider,Grönsaks- rotfrukts- baljväxträtter o produkter,1.9,g
544,Pastej veg.,"Kalcium, Ca",Grönsaks- rotfrukts- baljväxträtter o produkter,35.0,mg
544,Pastej veg.,Fettsyra 4:0-10:0,Grönsaks- rotfrukts- baljväxträtter o produkter,1.3,g
544,Pastej veg.,DHA (C22:6),Grönsaks- rotfrukts- baljväxträtter o produkter,0.0,g
544,Pastej veg.,DPA (C22:5),Grönsaks- rotfrukts- baljväxträtter o produkter,0.0,g
544,Pastej veg.,EPA (C20:5),Grönsaks- rotfrukts- baljväxträtter o produkter,0.0,g
544,Pastej veg.,Arakidonsyra C20:4,Grönsaks- rotfrukts- baljväxträtter o produkter,0.0,g
544,Pastej veg.,Arakidinsyra C20:0,Grönsaks- rotfrukts- baljväxträtter o produkter,0.0,g
544,Pastej veg.,Linolensyra C18:3,Grönsaks- rotfrukts- baljväxträtter o produkter,0.0,g
544,Pastej veg.,Linolsyra C18:2,Grönsaks- rotfrukts- baljväxträtter o produkter,1.9,g
544,Pastej veg.,Oljesyra C18:1,Grönsaks- rotfrukts- baljväxträtter o produkter,3.1,g
544,Pastej veg.,Stearinsyra C18:0,Grönsaks- rotfrukts- baljväxträtter o produkter,0.8,g
544,Pastej veg.,Palmitoljesyra C16:1,Grönsaks- rotfrukts- baljväxträtter o produkter,0.1,g
544,Pastej veg.,Palmitinsyra C16:0,Grönsaks- rotfrukts- baljväxträtter o produkter,2.6,g
544,Pastej veg.,Myristinsyra C14:0,Grönsaks- rotfrukts- baljväxträtter o produkter,2.9,g
544,Pastej veg.,Laurinsyra C12:0,Grönsaks- rotfrukts- baljväxträtter o produkter,6.4,g
544,Pastej veg.,Betakaroten/β-Karoten,Grönsaks- rotfrukts- baljväxträtter o produkter,31.0,µg
544,Pastej veg.,Avfall (skal etc.),Grönsaks- rotfrukts- baljväxträtter o produkter,0.0,%
544,Pastej veg.,Aska,Grönsaks- rotfrukts- baljväxträtter o produkter,2.1,g
544,Pastej veg.,Alkohol,Grönsaks- rotfrukts- baljväxträtter o produkter,0.0,g
545,Grönsaksbuljong ätf.,"Zink, Zn",Buljong,0.0,mg
545,Grönsaksbuljong ätf.,Vitamin E,Buljong,0.1,mg
545,Grönsaksbuljong ätf.,Vitamin D inkl 25-OH-D3,Buljong,0.0,µg
545,Grönsaksbuljong ätf.,Vitamin D,Buljong,0.0,µg
545,Grönsaksbuljong ätf.,Vitamin C,Buljong,9.0,mg
545,Grönsaksbuljong ätf.,Vitamin B6,Buljong,0.01,mg
545,Grönsaksbuljong ätf.,Vitamin B12,Buljong,0.0,µg
545,Grönsaksbuljong ätf.,Vitamin A,Buljong,5.0,RE/µg
545,Grönsaksbuljong ätf.,Vatten,Buljong,98.0,g
545,Grönsaksbuljong ätf.,Tiamin,Buljong,0.06,mg
545,Grönsaksbuljong ätf.,Tillsatt socker,Buljong,0.0,g
545,Grönsaksbuljong ätf.,Fritt socker,Buljong,0.0,g
545,Grönsaksbuljong ätf.,"Selen, Se",Buljong,0.0,µg
545,Grönsaksbuljong ätf.,Sackaros,Buljong,0.1,g
545,Grönsaksbuljong ätf.,Riboflavin,Buljong,0.04,mg
545,Grönsaksbuljong ätf.,Retinol,Buljong,0.0,µg
545,Grönsaksbuljong ätf.,Protein,Buljong,0.4,g
545,Grönsaksbuljong ätf.,Summa fleromättade fettsyror,Buljong,0.0,g
545,Grönsaksbuljong ätf.,"Fosfor, P",Buljong,4.0,mg
545,Grönsaksbuljong ätf.,Niacinekvivalenter,Buljong,0.77,NE/mg
545,Grönsaksbuljong ätf.,Niacin,Buljong,0.7,mg
545,Grönsaksbuljong ätf.,"Salt, NaCl",Buljong,0.6,g
545,Grönsaksbuljong ätf.,"Natrium, Na",Buljong,240.0,mg
545,Grönsaksbuljong ätf.,Monosackarider,Buljong,0.1,g
545,Grönsaksbuljong ätf.,"Sockerarter, totalt",Buljong,0.2,g
545,Grönsaksbuljong ätf.,Summa enkelomättade fettsyror,Buljong,0.1,g
545,Grönsaksbuljong ätf.,"Magnesium, Mg",Buljong,2.0,mg
545,Grönsaksbuljong ätf.,Summa mättade fettsyror,Buljong,0.1,g
545,Grönsaksbuljong ätf.,"Kolhydrater, tillgängliga",Buljong,0.4,g
545,Grönsaksbuljong ätf.,Kolesterol,Buljong,0.0,mg
545,Grönsaksbuljong ätf.,"Kalium, K",Buljong,8.0,mg
545,Grönsaksbuljong ätf.,"Jod, I",Buljong,0.3,µg
545,Grönsaksbuljong ätf.,Fullkorn totalt,Buljong,0.0,g
545,Grönsaksbuljong ätf.,"Folat, totalt",Buljong,4.0,µg
545,Grönsaksbuljong ätf.,Fibrer,Buljong,0.0,g
545,Grönsaksbuljong ätf.,"Fett, totalt",Buljong,0.2,g
545,Grönsaksbuljong ätf.,"Järn, Fe",Buljong,0.1,mg
545,Grönsaksbuljong ätf.,Energi (kJ),Buljong,21.0,kJ
545,Grönsaksbuljong ätf.,Energi (kcal),Buljong,5.0,kcal
545,Grönsaksbuljong ätf.,Disackarider,Buljong,0.1,g
545,Grönsaksbuljong ätf.,"Kalcium, Ca",Buljong,4.0,mg
545,Grönsaksbuljong ätf.,Fettsyra 4:0-10:0,Buljong,0.0,g
545,Grönsaksbuljong ätf.,DHA (C22:6),Buljong,0.0,g
545,Grönsaksbuljong ätf.,DPA (C22:5),Buljong,0.0,g
545,Grönsaksbuljong ätf.,EPA (C20:5),Buljong,0.0,g
545,Grönsaksbuljong ätf.,Arakidonsyra C20:4,Buljong,0.0,g
545,Grönsaksbuljong ätf.,Arakidinsyra C20:0,Buljong,0.0,g
545,Grönsaksbuljong ätf.,Linolensyra C18:3,Buljong,0.0,g
545,Grönsaksbuljong ätf.,Linolsyra C18:2,Buljong,0.0,g
545,Grönsaksbuljong ätf.,Oljesyra C18:1,Buljong,0.1,g
545,Grönsaksbuljong ätf.,Stearinsyra C18:0,Buljong,0.0,g
545,Grönsaksbuljong ätf.,Palmitoljesyra C16:1,Buljong,0.0,g
545,Grönsaksbuljong ätf.,Palmitinsyra C16:0,Buljong,0.0,g
545,Grönsaksbuljong ätf.,Myristinsyra C14:0,Buljong,0.0,g
545,Grönsaksbuljong ätf.,Laurinsyra C12:0,Buljong,0.0,g
545,Grönsaksbuljong ätf.,Betakaroten/β-Karoten,Buljong,60.0,µg
545,Grönsaksbuljong ätf.,Avfall (skal etc.),Buljong,0.0,%
545,Grönsaksbuljong ätf.,Aska,Buljong,1.0,g
545,Grönsaksbuljong ätf.,Alkohol,Buljong,0.0,g
546,Honungsmelon,"Zink, Zn",Frukt färsk fryst,0.1,mg
546,Honungsmelon,Vitamin E,Frukt färsk fryst,0.1,mg
546,Honungsmelon,Vitamin D inkl 25-OH-D3,Frukt färsk fryst,0.0,µg
546,Honungsmelon,Vitamin D,Frukt färsk fryst,0.0,µg
546,Honungsmelon,Vitamin C,Frukt färsk fryst,8.0,mg
546,Honungsmelon,Vitamin B6,Frukt färsk fryst,0.07,mg
546,Honungsmelon,Vitamin B12,Frukt färsk fryst,0.0,µg
546,Honungsmelon,Vitamin A,Frukt färsk fryst,0.6,RE/µg
546,Honungsmelon,Vatten,Frukt färsk fryst,91.0,g
546,Honungsmelon,Tiamin,Frukt färsk fryst,0.07,mg
546,Honungsmelon,Tillsatt socker,Frukt färsk fryst,0.0,g
546,Honungsmelon,Fritt socker,Frukt färsk fryst,0.0,g
546,Honungsmelon,"Selen, Se",Frukt färsk fryst,0.0,µg
546,Honungsmelon,Sackaros,Frukt färsk fryst,2.6,g
546,Honungsmelon,Riboflavin,Frukt färsk fryst,0.01,mg
546,Honungsmelon,Retinol,Frukt färsk fryst,0.0,µg
546,Honungsmelon,Protein,Frukt färsk fryst,0.5,g
546,Honungsmelon,Summa fleromättade fettsyror,Frukt färsk fryst,0.0,g
546,Honungsmelon,"Fosfor, P",Frukt färsk fryst,6.0,mg
546,Honungsmelon,Niacinekvivalenter,Frukt färsk fryst,0.5,NE/mg
546,Honungsmelon,Niacin,Frukt färsk fryst,0.4,mg
546,Honungsmelon,"Salt, NaCl",Frukt färsk fryst,0.0,g
546,Honungsmelon,"Natrium, Na",Frukt färsk fryst,11.0,mg
546,Honungsmelon,Monosackarider,Frukt färsk fryst,4.2,g
546,Honungsmelon,"Sockerarter, totalt",Frukt färsk fryst,6.8,g
546,Honungsmelon,Summa enkelomättade fettsyror,Frukt färsk fryst,0.0,g
546,Honungsmelon,"Magnesium, Mg",Frukt färsk fryst,6.0,mg
546,Honungsmelon,Summa mättade fettsyror,Frukt färsk fryst,0.0,g
546,Honungsmelon,"Kolhydrater, tillgängliga",Frukt färsk fryst,7.0,g
546,Honungsmelon,Kolesterol,Frukt färsk fryst,0.0,mg
546,Honungsmelon,"Kalium, K",Frukt färsk fryst,180.0,mg
546,Honungsmelon,"Jod, I",Frukt färsk fryst,0.0,µg
546,Honungsmelon,Fullkorn totalt,Frukt färsk fryst,0.0,g
546,Honungsmelon,"Folat, totalt",Frukt färsk fryst,13.0,µg
546,Honungsmelon,Fibrer,Frukt färsk fryst,0.7,g
546,Honungsmelon,"Fett, totalt",Frukt färsk fryst,0.1,g
546,Honungsmelon,"Järn, Fe",Frukt färsk fryst,0.2,mg
546,Honungsmelon,Energi (kJ),Frukt färsk fryst,137.0,kJ
546,Honungsmelon,Energi (kcal),Frukt färsk fryst,33.0,kcal
546,Honungsmelon,Disackarider,Frukt färsk fryst,2.6,g
546,Honungsmelon,"Kalcium, Ca",Frukt färsk fryst,6.0,mg
546,Honungsmelon,Fettsyra 4:0-10:0,Frukt färsk fryst,0.0,g
546,Honungsmelon,DHA (C22:6),Frukt färsk fryst,0.0,g
546,Honungsmelon,DPA (C22:5),Frukt färsk fryst,0.0,g
546,Honungsmelon,EPA (C20:5),Frukt färsk fryst,0.0,g
546,Honungsmelon,Arakidonsyra C20:4,Frukt färsk fryst,0.0,g
546,Honungsmelon,Arakidinsyra C20:0,Frukt färsk fryst,0.0,g
546,Honungsmelon,Linolensyra C18:3,Frukt färsk fryst,0.0,g
546,Honungsmelon,Linolsyra C18:2,Frukt färsk fryst,0.0,g
546,Honungsmelon,Oljesyra C18:1,Frukt färsk fryst,0.0,g
546,Honungsmelon,Stearinsyra C18:0,Frukt färsk fryst,0.0,g
546,Honungsmelon,Palmitoljesyra C16:1,Frukt färsk fryst,0.0,g
546,Honungsmelon,Palmitinsyra C16:0,Frukt färsk fryst,0.0,g
546,Honungsmelon,Myristinsyra C14:0,Frukt färsk fryst,0.0,g
546,Honungsmelon,Laurinsyra C12:0,Frukt färsk fryst,0.0,g
546,Honungsmelon,Betakaroten/β-Karoten,Frukt färsk fryst,7.0,µg
546,Honungsmelon,Avfall (skal etc.),Frukt färsk fryst,54.0,%
546,Honungsmelon,Aska,Frukt färsk fryst,0.7,g
546,Honungsmelon,Alkohol,Frukt färsk fryst,0.0,g
547,Nätmelon,"Zink, Zn",Frukt färsk fryst,0.2,mg
547,Nätmelon,Vitamin E,Frukt färsk fryst,0.1,mg
547,Nätmelon,Vitamin D inkl 25-OH-D3,Frukt färsk fryst,0.0,µg
547,Nätmelon,Vitamin D,Frukt färsk fryst,0.0,µg
547,Nätmelon,Vitamin C,Frukt färsk fryst,42.0,mg
547,Nätmelon,Vitamin B6,Frukt färsk fryst,0.12,mg
547,Nätmelon,Vitamin B12,Frukt färsk fryst,0.0,µg
547,Nätmelon,Vitamin A,Frukt färsk fryst,91.7,RE/µg
547,Nätmelon,Vatten,Frukt färsk fryst,90.0,g
547,Nätmelon,Tiamin,Frukt färsk fryst,0.04,mg
547,Nätmelon,Tillsatt socker,Frukt färsk fryst,0.0,g
547,Nätmelon,Fritt socker,Frukt färsk fryst,0.0,g
547,Nätmelon,"Selen, Se",Frukt färsk fryst,0.0,µg
547,Nätmelon,Sackaros,Frukt färsk fryst,3.0,g
547,Nätmelon,Riboflavin,Frukt färsk fryst,0.02,mg
547,Nätmelon,Retinol,Frukt färsk fryst,0.0,µg
547,Nätmelon,Protein,Frukt färsk fryst,0.9,g
547,Nätmelon,Summa fleromättade fettsyror,Frukt färsk fryst,0.1,g
547,Nätmelon,"Fosfor, P",Frukt färsk fryst,17.0,mg
547,Nätmelon,Niacinekvivalenter,Frukt färsk fryst,0.75,NE/mg
547,Nätmelon,Niacin,Frukt färsk fryst,0.6,mg
547,Nätmelon,"Salt, NaCl",Frukt färsk fryst,0.0,g
547,Nätmelon,"Natrium, Na",Frukt färsk fryst,9.0,mg
547,Nätmelon,Monosackarider,Frukt färsk fryst,2.0,g
547,Nätmelon,"Sockerarter, totalt",Frukt färsk fryst,5.0,g
547,Nätmelon,Summa enkelomättade fettsyror,Frukt färsk fryst,0.0,g
547,Nätmelon,"Magnesium, Mg",Frukt färsk fryst,11.0,mg
547,Nätmelon,Summa mättade fettsyror,Frukt färsk fryst,0.1,g
547,Nätmelon,"Kolhydrater, tillgängliga",Frukt färsk fryst,7.1,g
547,Nätmelon,Kolesterol,Frukt färsk fryst,0.0,mg
547,Nätmelon,"Kalium, K",Frukt färsk fryst,310.0,mg
547,Nätmelon,"Jod, I",Frukt färsk fryst,0.4,µg
547,Nätmelon,Fullkorn totalt,Frukt färsk fryst,0.0,g
547,Nätmelon,"Folat, totalt",Frukt färsk fryst,17.0,µg
547,Nätmelon,Fibrer,Frukt färsk fryst,1.0,g
547,Nätmelon,"Fett, totalt",Frukt färsk fryst,0.3,g
547,Nätmelon,"Järn, Fe",Frukt färsk fryst,0.2,mg
547,Nätmelon,Energi (kJ),Frukt färsk fryst,155.0,kJ
547,Nätmelon,Energi (kcal),Frukt färsk fryst,37.0,kcal
547,Nätmelon,Disackarider,Frukt färsk fryst,3.0,g
547,Nätmelon,"Kalcium, Ca",Frukt färsk fryst,11.0,mg
547,Nätmelon,Fettsyra 4:0-10:0,Frukt färsk fryst,0.0,g
547,Nätmelon,DHA (C22:6),Frukt färsk fryst,0.0,g
547,Nätmelon,DPA (C22:5),Frukt färsk fryst,0.0,g
547,Nätmelon,EPA (C20:5),Frukt färsk fryst,0.0,g
547,Nätmelon,Arakidonsyra C20:4,Frukt färsk fryst,0.0,g
547,Nätmelon,Arakidinsyra C20:0,Frukt färsk fryst,0.0,g
547,Nätmelon,Linolensyra C18:3,Frukt färsk fryst,0.1,g
547,Nätmelon,Linolsyra C18:2,Frukt färsk fryst,0.0,g
547,Nätmelon,Oljesyra C18:1,Frukt färsk fryst,0.0,g
547,Nätmelon,Stearinsyra C18:0,Frukt färsk fryst,0.0,g
547,Nätmelon,Palmitoljesyra C16:1,Frukt färsk fryst,0.0,g
547,Nätmelon,Palmitinsyra C16:0,Frukt färsk fryst,0.1,g
547,Nätmelon,Myristinsyra C14:0,Frukt färsk fryst,0.0,g
547,Nätmelon,Laurinsyra C12:0,Frukt färsk fryst,0.0,g
547,Nätmelon,Betakaroten/β-Karoten,Frukt färsk fryst,1100.0,µg
547,Nätmelon,Avfall (skal etc.),Frukt färsk fryst,49.0,%
547,Nätmelon,Aska,Frukt färsk fryst,0.7,g
547,Nätmelon,Alkohol,Frukt färsk fryst,0.0,g
548,Rabarber tillagad u. socker,"Zink, Zn",Frukt färsk fryst,0.2,mg
548,Rabarber tillagad u. socker,Vitamin E,Frukt färsk fryst,0.3,mg
548,Rabarber tillagad u. socker,Vitamin D inkl 25-OH-D3,Frukt färsk fryst,0.0,µg
548,Rabarber tillagad u. socker,Vitamin D,Frukt färsk fryst,0.0,µg
548,Rabarber tillagad u. socker,Vitamin C,Frukt färsk fryst,6.9,mg
548,Rabarber tillagad u. socker,Vitamin B6,Frukt färsk fryst,0.03,mg
548,Rabarber tillagad u. socker,Vitamin B12,Frukt färsk fryst,0.0,µg
548,Rabarber tillagad u. socker,Vitamin A,Frukt färsk fryst,6.0,RE/µg
548,Rabarber tillagad u. socker,Vatten,Frukt färsk fryst,94.6,g
548,Rabarber tillagad u. socker,Tiamin,Frukt färsk fryst,0.02,mg
548,Rabarber tillagad u. socker,Tillsatt socker,Frukt färsk fryst,0.0,g
548,Rabarber tillagad u. socker,Fritt socker,Frukt färsk fryst,0.0,g
548,Rabarber tillagad u. socker,"Selen, Se",Frukt färsk fryst,0.0,µg
548,Rabarber tillagad u. socker,Sackaros,Frukt färsk fryst,0.1,g
548,Rabarber tillagad u. socker,Riboflavin,Frukt färsk fryst,0.0,mg
548,Rabarber tillagad u. socker,Retinol,Frukt färsk fryst,0.0,µg
548,Rabarber tillagad u. socker,Protein,Frukt färsk fryst,0.4,g
548,Rabarber tillagad u. socker,Summa fleromättade fettsyror,Frukt färsk fryst,0.0,g
548,Rabarber tillagad u. socker,"Fosfor, P",Frukt färsk fryst,20.0,mg
548,Rabarber tillagad u. socker,Niacinekvivalenter,Frukt färsk fryst,0.3,NE/mg
548,Rabarber tillagad u. socker,Niacin,Frukt färsk fryst,0.22,mg
548,Rabarber tillagad u. socker,"Salt, NaCl",Frukt färsk fryst,0.0,g
548,Rabarber tillagad u. socker,"Natrium, Na",Frukt färsk fryst,0.0,mg
548,Rabarber tillagad u. socker,Monosackarider,Frukt färsk fryst,0.9,g
548,Rabarber tillagad u. socker,"Sockerarter, totalt",Frukt färsk fryst,1.0,g
548,Rabarber tillagad u. socker,Summa enkelomättade fettsyror,Frukt färsk fryst,0.0,g
548,Rabarber tillagad u. socker,"Magnesium, Mg",Frukt färsk fryst,8.0,mg
548,Rabarber tillagad u. socker,Summa mättade fettsyror,Frukt färsk fryst,0.0,g
548,Rabarber tillagad u. socker,"Kolhydrater, tillgängliga",Frukt färsk fryst,0.4,g
548,Rabarber tillagad u. socker,Kolesterol,Frukt färsk fryst,0.0,mg
548,Rabarber tillagad u. socker,"Kalium, K",Frukt färsk fryst,191.0,mg
548,Rabarber tillagad u. socker,"Jod, I",Frukt färsk fryst,0.0,µg
548,Rabarber tillagad u. socker,Fullkorn totalt,Frukt färsk fryst,0.0,g
548,Rabarber tillagad u. socker,"Folat, totalt",Frukt färsk fryst,55.2,µg
548,Rabarber tillagad u. socker,Fibrer,Frukt färsk fryst,3.8,g
548,Rabarber tillagad u. socker,"Fett, totalt",Frukt färsk fryst,0.2,g
548,Rabarber tillagad u. socker,"Järn, Fe",Frukt färsk fryst,0.2,mg
548,Rabarber tillagad u. socker,Energi (kJ),Frukt färsk fryst,52.0,kJ
548,Rabarber tillagad u. socker,Energi (kcal),Frukt färsk fryst,12.0,kcal
548,Rabarber tillagad u. socker,Disackarider,Frukt färsk fryst,0.1,g
548,Rabarber tillagad u. socker,"Kalcium, Ca",Frukt färsk fryst,12.0,mg
548,Rabarber tillagad u. socker,Fettsyra 4:0-10:0,Frukt färsk fryst,0.0,g
548,Rabarber tillagad u. socker,DHA (C22:6),Frukt färsk fryst,0.0,g
548,Rabarber tillagad u. socker,DPA (C22:5),Frukt färsk fryst,0.0,g
548,Rabarber tillagad u. socker,EPA (C20:5),Frukt färsk fryst,0.0,g
548,Rabarber tillagad u. socker,Arakidonsyra C20:4,Frukt färsk fryst,0.0,g
548,Rabarber tillagad u. socker,Arakidinsyra C20:0,Frukt färsk fryst,0.0,g
548,Rabarber tillagad u. socker,Linolensyra C18:3,Frukt färsk fryst,0.0,g
548,Rabarber tillagad u. socker,Linolsyra C18:2,Frukt färsk fryst,0.0,g
548,Rabarber tillagad u. socker,Oljesyra C18:1,Frukt färsk fryst,0.0,g
548,Rabarber tillagad u. socker,Stearinsyra C18:0,Frukt färsk fryst,0.0,g
548,Rabarber tillagad u. socker,Palmitoljesyra C16:1,Frukt färsk fryst,0.0,g
548,Rabarber tillagad u. socker,Palmitinsyra C16:0,Frukt färsk fryst,0.0,g
548,Rabarber tillagad u. socker,Myristinsyra C14:0,Frukt färsk fryst,0.0,g
548,Rabarber tillagad u. socker,Laurinsyra C12:0,Frukt färsk fryst,0.0,g
548,Rabarber tillagad u. socker,Betakaroten/β-Karoten,Frukt färsk fryst,72.0,µg
548,Rabarber tillagad u. socker,Avfall (skal etc.),Frukt färsk fryst,0.0,%
548,Rabarber tillagad u. socker,Aska,Frukt färsk fryst,0.6,g
548,Rabarber tillagad u. socker,Alkohol,Frukt färsk fryst,0.0,g
549,Vattenmelon,"Zink, Zn",Frukt färsk fryst,0.1,mg
549,Vattenmelon,Vitamin E,Frukt färsk fryst,0.1,mg
549,Vattenmelon,Vitamin D inkl 25-OH-D3,Frukt färsk fryst,0.0,µg
549,Vattenmelon,Vitamin D,Frukt färsk fryst,0.0,µg
549,Vattenmelon,Vitamin C,Frukt färsk fryst,10.0,mg
549,Vattenmelon,Vitamin B6,Frukt färsk fryst,0.14,mg
549,Vattenmelon,Vitamin B12,Frukt färsk fryst,0.0,µg
549,Vattenmelon,Vitamin A,Frukt färsk fryst,19.2,RE/µg
549,Vattenmelon,Vatten,Frukt färsk fryst,91.0,g
549,Vattenmelon,Tiamin,Frukt färsk fryst,0.08,mg
549,Vattenmelon,Tillsatt socker,Frukt färsk fryst,0.0,g
549,Vattenmelon,Fritt socker,Frukt färsk fryst,0.0,g
549,Vattenmelon,"Selen, Se",Frukt färsk fryst,0.0,µg
549,Vattenmelon,Sackaros,Frukt färsk fryst,2.4,g
549,Vattenmelon,Riboflavin,Frukt färsk fryst,0.02,mg
549,Vattenmelon,Retinol,Frukt färsk fryst,0.0,µg
549,Vattenmelon,Protein,Frukt färsk fryst,0.6,g
549,Vattenmelon,Summa fleromättade fettsyror,Frukt färsk fryst,0.0,g
549,Vattenmelon,"Fosfor, P",Frukt färsk fryst,9.0,mg
549,Vattenmelon,Niacinekvivalenter,Frukt färsk fryst,0.3,NE/mg
549,Vattenmelon,Niacin,Frukt färsk fryst,0.2,mg
549,Vattenmelon,"Salt, NaCl",Frukt färsk fryst,0.0,g
549,Vattenmelon,"Natrium, Na",Frukt färsk fryst,2.0,mg
549,Vattenmelon,Monosackarider,Frukt färsk fryst,6.3,g
549,Vattenmelon,"Sockerarter, totalt",Frukt färsk fryst,8.7,g
549,Vattenmelon,Summa enkelomättade fettsyror,Frukt färsk fryst,0.0,g
549,Vattenmelon,"Magnesium, Mg",Frukt färsk fryst,11.0,mg
549,Vattenmelon,Summa mättade fettsyror,Frukt färsk fryst,0.0,g
549,Vattenmelon,"Kolhydrater, tillgängliga",Frukt färsk fryst,7.5,g
549,Vattenmelon,Kolesterol,Frukt färsk fryst,0.0,mg
549,Vattenmelon,"Kalium, K",Frukt färsk fryst,116.0,mg
549,Vattenmelon,"Jod, I",Frukt färsk fryst,0.4,µg
549,Vattenmelon,Fullkorn totalt,Frukt färsk fryst,0.0,g
549,Vattenmelon,"Folat, totalt",Frukt färsk fryst,2.0,µg
549,Vattenmelon,Fibrer,Frukt färsk fryst,0.6,g
549,Vattenmelon,"Fett, totalt",Frukt färsk fryst,0.0,g
549,Vattenmelon,"Järn, Fe",Frukt färsk fryst,0.2,mg
549,Vattenmelon,Energi (kJ),Frukt färsk fryst,142.0,kJ
549,Vattenmelon,Energi (kcal),Frukt färsk fryst,34.0,kcal
549,Vattenmelon,Disackarider,Frukt färsk fryst,2.4,g
549,Vattenmelon,"Kalcium, Ca",Frukt färsk fryst,8.0,mg
549,Vattenmelon,Fettsyra 4:0-10:0,Frukt färsk fryst,0.0,g
549,Vattenmelon,DHA (C22:6),Frukt färsk fryst,0.0,g
549,Vattenmelon,DPA (C22:5),Frukt färsk fryst,0.0,g
549,Vattenmelon,EPA (C20:5),Frukt färsk fryst,0.0,g
549,Vattenmelon,Arakidonsyra C20:4,Frukt färsk fryst,0.0,g
549,Vattenmelon,Arakidinsyra C20:0,Frukt färsk fryst,0.0,g
549,Vattenmelon,Linolensyra C18:3,Frukt färsk fryst,0.0,g
549,Vattenmelon,Linolsyra C18:2,Frukt färsk fryst,0.0,g
549,Vattenmelon,Oljesyra C18:1,Frukt färsk fryst,0.0,g
549,Vattenmelon,Stearinsyra C18:0,Frukt färsk fryst,0.0,g
549,Vattenmelon,Palmitoljesyra C16:1,Frukt färsk fryst,0.0,g
549,Vattenmelon,Palmitinsyra C16:0,Frukt färsk fryst,0.0,g
549,Vattenmelon,Myristinsyra C14:0,Frukt färsk fryst,0.0,g
549,Vattenmelon,Laurinsyra C12:0,Frukt färsk fryst,0.0,g
549,Vattenmelon,Betakaroten/β-Karoten,Frukt färsk fryst,230.0,µg
549,Vattenmelon,Avfall (skal etc.),Frukt färsk fryst,48.0,%
549,Vattenmelon,Aska,Frukt färsk fryst,0.3,g
549,Vattenmelon,Alkohol,Frukt färsk fryst,0.0,g
550,Ananas,"Zink, Zn",Frukt färsk fryst,0.1,mg
550,Ananas,Vitamin E,Frukt färsk fryst,0.0,mg
550,Ananas,Vitamin D inkl 25-OH-D3,Frukt färsk fryst,0.0,µg
550,Ananas,Vitamin D,Frukt färsk fryst,0.0,µg
550,Ananas,Vitamin C,Frukt färsk fryst,53.0,mg
550,Ananas,Vitamin B6,Frukt färsk fryst,0.1,mg
550,Ananas,Vitamin B12,Frukt färsk fryst,0.0,µg
550,Ananas,Vitamin A,Frukt färsk fryst,2.9,RE/µg
550,Ananas,Vatten,Frukt färsk fryst,86.4,g
550,Ananas,Tiamin,Frukt färsk fryst,0.08,mg
550,Ananas,Tillsatt socker,Frukt färsk fryst,0.0,g
550,Ananas,Fritt socker,Frukt färsk fryst,0.0,g
550,Ananas,"Selen, Se",Frukt färsk fryst,0.0,µg
550,Ananas,Sackaros,Frukt färsk fryst,5.3,g
550,Ananas,Riboflavin,Frukt färsk fryst,0.0,mg
550,Ananas,Retinol,Frukt färsk fryst,0.0,µg
550,Ananas,Protein,Frukt färsk fryst,0.5,g
550,Ananas,Summa fleromättade fettsyror,Frukt färsk fryst,0.0,g
550,Ananas,"Fosfor, P",Frukt färsk fryst,6.0,mg
550,Ananas,Niacinekvivalenter,Frukt färsk fryst,0.4,NE/mg
550,Ananas,Niacin,Frukt färsk fryst,0.3,mg
550,Ananas,"Salt, NaCl",Frukt färsk fryst,0.0,g
550,Ananas,"Natrium, Na",Frukt färsk fryst,0.0,mg
550,Ananas,Monosackarider,Frukt färsk fryst,6.1,g
550,Ananas,"Sockerarter, totalt",Frukt färsk fryst,11.4,g
550,Ananas,Summa enkelomättade fettsyror,Frukt färsk fryst,0.0,g
550,Ananas,"Magnesium, Mg",Frukt färsk fryst,11.0,mg
550,Ananas,Summa mättade fettsyror,Frukt färsk fryst,0.0,g
550,Ananas,"Kolhydrater, tillgängliga",Frukt färsk fryst,11.5,g
550,Ananas,Kolesterol,Frukt färsk fryst,0.0,mg
550,Ananas,"Kalium, K",Frukt färsk fryst,121.0,mg
550,Ananas,"Jod, I",Frukt färsk fryst,0.0,µg
550,Ananas,Fullkorn totalt,Frukt färsk fryst,0.0,g
550,Ananas,"Folat, totalt",Frukt färsk fryst,12.0,µg
550,Ananas,Fibrer,Frukt färsk fryst,1.2,g
550,Ananas,"Fett, totalt",Frukt färsk fryst,0.1,g
550,Ananas,"Järn, Fe",Frukt färsk fryst,0.2,mg
550,Ananas,Energi (kJ),Frukt färsk fryst,217.0,kJ
550,Ananas,Energi (kcal),Frukt färsk fryst,52.0,kcal
550,Ananas,Disackarider,Frukt färsk fryst,5.3,g
550,Ananas,"Kalcium, Ca",Frukt färsk fryst,14.0,mg
550,Ananas,Fettsyra 4:0-10:0,Frukt färsk fryst,0.0,g
550,Ananas,DHA (C22:6),Frukt färsk fryst,0.0,g
550,Ananas,DPA (C22:5),Frukt färsk fryst,0.0,g
550,Ananas,EPA (C20:5),Frukt färsk fryst,0.0,g
550,Ananas,Arakidonsyra C20:4,Frukt färsk fryst,0.0,g
550,Ananas,Arakidinsyra C20:0,Frukt färsk fryst,0.0,g
550,Ananas,Linolensyra C18:3,Frukt färsk fryst,0.0,g
550,Ananas,Linolsyra C18:2,Frukt färsk fryst,0.0,g
550,Ananas,Oljesyra C18:1,Frukt färsk fryst,0.0,g
550,Ananas,Stearinsyra C18:0,Frukt färsk fryst,0.0,g
550,Ananas,Palmitoljesyra C16:1,Frukt färsk fryst,0.0,g
550,Ananas,Palmitinsyra C16:0,Frukt färsk fryst,0.0,g
550,Ananas,Myristinsyra C14:0,Frukt färsk fryst,0.0,g
550,Ananas,Laurinsyra C12:0,Frukt färsk fryst,0.0,g
550,Ananas,Betakaroten/β-Karoten,Frukt färsk fryst,35.0,µg
550,Ananas,Avfall (skal etc.),Frukt färsk fryst,48.0,%
550,Ananas,Aska,Frukt färsk fryst,0.3,g
550,Ananas,Alkohol,Frukt färsk fryst,0.0,g
551,Apelsin,"Zink, Zn",Frukt färsk fryst,0.0,mg
551,Apelsin,Vitamin E,Frukt färsk fryst,0.4,mg
551,Apelsin,Vitamin D inkl 25-OH-D3,Frukt färsk fryst,0.0,µg
551,Apelsin,Vitamin D,Frukt färsk fryst,0.0,µg
551,Apelsin,Vitamin C,Frukt färsk fryst,52.0,mg
551,Apelsin,Vitamin B6,Frukt färsk fryst,0.05,mg
551,Apelsin,Vitamin B12,Frukt färsk fryst,0.0,µg
551,Apelsin,Vitamin A,Frukt färsk fryst,4.6,RE/µg
551,Apelsin,Vatten,Frukt färsk fryst,87.0,g
551,Apelsin,Tiamin,Frukt färsk fryst,0.22,mg
551,Apelsin,Tillsatt socker,Frukt färsk fryst,0.0,g
551,Apelsin,Fritt socker,Frukt färsk fryst,0.0,g
551,Apelsin,"Selen, Se",Frukt färsk fryst,0.0,µg
551,Apelsin,Sackaros,Frukt färsk fryst,4.0,g
551,Apelsin,Riboflavin,Frukt färsk fryst,0.03,mg
551,Apelsin,Retinol,Frukt färsk fryst,0.0,µg
551,Apelsin,Protein,Frukt färsk fryst,0.8,g
551,Apelsin,Summa fleromättade fettsyror,Frukt färsk fryst,0.0,g
551,Apelsin,"Fosfor, P",Frukt färsk fryst,16.0,mg
551,Apelsin,Niacinekvivalenter,Frukt färsk fryst,0.6,NE/mg
551,Apelsin,Niacin,Frukt färsk fryst,0.5,mg
551,Apelsin,"Salt, NaCl",Frukt färsk fryst,0.0,g
551,Apelsin,"Natrium, Na",Frukt färsk fryst,1.0,mg
551,Apelsin,Monosackarider,Frukt färsk fryst,4.2,g
551,Apelsin,"Sockerarter, totalt",Frukt färsk fryst,8.2,g
551,Apelsin,Summa enkelomättade fettsyror,Frukt färsk fryst,0.0,g
551,Apelsin,"Magnesium, Mg",Frukt färsk fryst,8.0,mg
551,Apelsin,Summa mättade fettsyror,Frukt färsk fryst,0.0,g
551,Apelsin,"Kolhydrater, tillgängliga",Frukt färsk fryst,10.4,g
551,Apelsin,Kolesterol,Frukt färsk fryst,0.0,mg
551,Apelsin,"Kalium, K",Frukt färsk fryst,122.0,mg
551,Apelsin,"Jod, I",Frukt färsk fryst,1.0,µg
551,Apelsin,Fullkorn totalt,Frukt färsk fryst,0.0,g
551,Apelsin,"Folat, totalt",Frukt färsk fryst,33.0,µg
551,Apelsin,Fibrer,Frukt färsk fryst,1.2,g
551,Apelsin,"Fett, totalt",Frukt färsk fryst,0.2,g
551,Apelsin,"Järn, Fe",Frukt färsk fryst,0.1,mg
551,Apelsin,Energi (kJ),Frukt färsk fryst,208.0,kJ
551,Apelsin,Energi (kcal),Frukt färsk fryst,50.0,kcal
551,Apelsin,Disackarider,Frukt färsk fryst,4.0,g
551,Apelsin,"Kalcium, Ca",Frukt färsk fryst,24.0,mg
551,Apelsin,Fettsyra 4:0-10:0,Frukt färsk fryst,0.0,g
551,Apelsin,DHA (C22:6),Frukt färsk fryst,0.0,g
551,Apelsin,DPA (C22:5),Frukt färsk fryst,0.0,g
551,Apelsin,EPA (C20:5),Frukt färsk fryst,0.0,g
551,Apelsin,Arakidonsyra C20:4,Frukt färsk fryst,0.0,g
551,Apelsin,Arakidinsyra C20:0,Frukt färsk fryst,0.0,g
551,Apelsin,Linolensyra C18:3,Frukt färsk fryst,0.0,g
551,Apelsin,Linolsyra C18:2,Frukt färsk fryst,0.0,g
551,Apelsin,Oljesyra C18:1,Frukt färsk fryst,0.0,g
551,Apelsin,Stearinsyra C18:0,Frukt färsk fryst,0.0,g
551,Apelsin,Palmitoljesyra C16:1,Frukt färsk fryst,0.0,g
551,Apelsin,Palmitinsyra C16:0,Frukt färsk fryst,0.0,g
551,Apelsin,Myristinsyra C14:0,Frukt färsk fryst,0.0,g
551,Apelsin,Laurinsyra C12:0,Frukt färsk fryst,0.0,g
551,Apelsin,Betakaroten/β-Karoten,Frukt färsk fryst,6.0,µg
551,Apelsin,Avfall (skal etc.),Frukt färsk fryst,29.0,%
551,Apelsin,Aska,Frukt färsk fryst,0.4,g
551,Apelsin,Alkohol,Frukt färsk fryst,0.0,g
552,Aprikos,"Zink, Zn",Frukt färsk fryst,0.3,mg
552,Aprikos,Vitamin E,Frukt färsk fryst,4.0,mg
552,Aprikos,Vitamin D inkl 25-OH-D3,Frukt färsk fryst,0.0,µg
552,Aprikos,Vitamin D,Frukt färsk fryst,0.0,µg
552,Aprikos,Vitamin C,Frukt färsk fryst,10.0,mg
552,Aprikos,Vitamin B6,Frukt färsk fryst,0.05,mg
552,Aprikos,Vitamin B12,Frukt färsk fryst,0.0,µg
552,Aprikos,Vitamin A,Frukt färsk fryst,130.8,RE/µg
552,Aprikos,Vatten,Frukt färsk fryst,86.0,g
552,Aprikos,Tiamin,Frukt färsk fryst,0.03,mg
552,Aprikos,Tillsatt socker,Frukt färsk fryst,0.0,g
552,Aprikos,Fritt socker,Frukt färsk fryst,0.0,g
552,Aprikos,"Selen, Se",Frukt färsk fryst,0.2,µg
552,Aprikos,Sackaros,Frukt färsk fryst,5.8,g
552,Aprikos,Riboflavin,Frukt färsk fryst,0.04,mg
552,Aprikos,Retinol,Frukt färsk fryst,0.0,µg
552,Aprikos,Protein,Frukt färsk fryst,1.4,g
552,Aprikos,Summa fleromättade fettsyror,Frukt färsk fryst,0.1,g
552,Aprikos,"Fosfor, P",Frukt färsk fryst,19.0,mg
552,Aprikos,Niacinekvivalenter,Frukt färsk fryst,0.83,NE/mg
552,Aprikos,Niacin,Frukt färsk fryst,0.6,mg
552,Aprikos,"Salt, NaCl",Frukt färsk fryst,0.0,g
552,Aprikos,"Natrium, Na",Frukt färsk fryst,1.0,mg
552,Aprikos,Monosackarider,Frukt färsk fryst,2.5,g
552,Aprikos,"Sockerarter, totalt",Frukt färsk fryst,8.3,g
552,Aprikos,Summa enkelomättade fettsyror,Frukt färsk fryst,0.2,g
552,Aprikos,"Magnesium, Mg",Frukt färsk fryst,8.0,mg
552,Aprikos,Summa mättade fettsyror,Frukt färsk fryst,0.0,g
552,Aprikos,"Kolhydrater, tillgängliga",Frukt färsk fryst,9.3,g
552,Aprikos,Kolesterol,Frukt färsk fryst,0.0,mg
552,Aprikos,"Kalium, K",Frukt färsk fryst,295.0,mg
552,Aprikos,"Jod, I",Frukt färsk fryst,0.5,µg
552,Aprikos,Fullkorn totalt,Frukt färsk fryst,0.0,g
552,Aprikos,"Folat, totalt",Frukt färsk fryst,9.0,µg
552,Aprikos,Fibrer,Frukt färsk fryst,2.1,g
552,Aprikos,"Fett, totalt",Frukt färsk fryst,0.4,g
552,Aprikos,"Järn, Fe",Frukt färsk fryst,0.5,mg
552,Aprikos,Energi (kJ),Frukt färsk fryst,214.0,kJ
552,Aprikos,Energi (kcal),Frukt färsk fryst,51.0,kcal
552,Aprikos,Disackarider,Frukt färsk fryst,5.8,g
552,Aprikos,"Kalcium, Ca",Frukt färsk fryst,14.0,mg
552,Aprikos,Fettsyra 4:0-10:0,Frukt färsk fryst,0.0,g
552,Aprikos,DHA (C22:6),Frukt färsk fryst,0.0,g
552,Aprikos,DPA (C22:5),Frukt färsk fryst,0.0,g
552,Aprikos,EPA (C20:5),Frukt färsk fryst,0.0,g
552,Aprikos,Arakidonsyra C20:4,Frukt färsk fryst,0.0,g
552,Aprikos,Arakidinsyra C20:0,Frukt färsk fryst,0.0,g
552,Aprikos,Linolensyra C18:3,Frukt färsk fryst,0.0,g
552,Aprikos,Linolsyra C18:2,Frukt färsk fryst,0.1,g
552,Aprikos,Oljesyra C18:1,Frukt färsk fryst,0.2,g
552,Aprikos,Stearinsyra C18:0,Frukt färsk fryst,0.0,g
552,Aprikos,Palmitoljesyra C16:1,Frukt färsk fryst,0.0,g
552,Aprikos,Palmitinsyra C16:0,Frukt färsk fryst,0.0,g
552,Aprikos,Myristinsyra C14:0,Frukt färsk fryst,0.0,g
552,Aprikos,Laurinsyra C12:0,Frukt färsk fryst,0.0,g
552,Aprikos,Betakaroten/β-Karoten,Frukt färsk fryst,1570.0,µg
552,Aprikos,Avfall (skal etc.),Frukt färsk fryst,7.0,%
552,Aprikos,Aska,Frukt färsk fryst,0.8,g
552,Aprikos,Alkohol,Frukt färsk fryst,0.0,g
553,Banan,"Zink, Zn",Frukt färsk fryst,0.2,mg
553,Banan,Vitamin E,Frukt färsk fryst,0.2,mg
553,Banan,Vitamin D inkl 25-OH-D3,Frukt färsk fryst,0.0,µg
553,Banan,Vitamin D,Frukt färsk fryst,0.0,µg
553,Banan,Vitamin C,Frukt färsk fryst,9.0,mg
553,Banan,Vitamin B6,Frukt färsk fryst,0.31,mg
553,Banan,Vitamin B12,Frukt färsk fryst,0.0,µg
553,Banan,Vitamin A,Frukt färsk fryst,2.2,RE/µg
553,Banan,Vatten,Frukt färsk fryst,75.0,g
553,Banan,Tiamin,Frukt färsk fryst,0.15,mg
553,Banan,Tillsatt socker,Frukt färsk fryst,0.0,g
553,Banan,Fritt socker,Frukt färsk fryst,0.0,g
553,Banan,"Selen, Se",Frukt färsk fryst,0.0,µg
553,Banan,Sackaros,Frukt färsk fryst,2.7,g
553,Banan,Riboflavin,Frukt färsk fryst,0.04,mg
553,Banan,Retinol,Frukt färsk fryst,0.0,µg
553,Banan,Protein,Frukt färsk fryst,1.1,g
553,Banan,Summa fleromättade fettsyror,Frukt färsk fryst,0.0,g
553,Banan,"Fosfor, P",Frukt färsk fryst,23.0,mg
553,Banan,Niacinekvivalenter,Frukt färsk fryst,0.9,NE/mg
553,Banan,Niacin,Frukt färsk fryst,0.7,mg
553,Banan,"Salt, NaCl",Frukt färsk fryst,0.0,g
553,Banan,"Natrium, Na",Frukt färsk fryst,0.0,mg
553,Banan,Monosackarider,Frukt färsk fryst,15.4,g
553,Banan,"Sockerarter, totalt",Frukt färsk fryst,18.1,g
553,Banan,Summa enkelomättade fettsyror,Frukt färsk fryst,0.0,g
553,Banan,"Magnesium, Mg",Frukt färsk fryst,27.0,mg
553,Banan,Summa mättade fettsyror,Frukt färsk fryst,0.0,g
553,Banan,"Kolhydrater, tillgängliga",Frukt färsk fryst,21.3,g
553,Banan,Kolesterol,Frukt färsk fryst,0.0,mg
553,Banan,"Kalium, K",Frukt färsk fryst,330.0,mg
553,Banan,"Jod, I",Frukt färsk fryst,3.0,µg
553,Banan,Fullkorn totalt,Frukt färsk fryst,0.0,g
553,Banan,"Folat, totalt",Frukt färsk fryst,14.0,µg
553,Banan,Fibrer,Frukt färsk fryst,1.4,g
553,Banan,"Fett, totalt",Frukt färsk fryst,0.1,g
553,Banan,"Järn, Fe",Frukt färsk fryst,0.0,mg
553,Banan,Energi (kJ),Frukt färsk fryst,396.0,kJ
553,Banan,Energi (kcal),Frukt färsk fryst,95.0,kcal
553,Banan,Disackarider,Frukt färsk fryst,2.7,g
553,Banan,"Kalcium, Ca",Frukt färsk fryst,6.0,mg
553,Banan,Fettsyra 4:0-10:0,Frukt färsk fryst,0.0,g
553,Banan,DHA (C22:6),Frukt färsk fryst,0.0,g
553,Banan,DPA (C22:5),Frukt färsk fryst,0.0,g
553,Banan,EPA (C20:5),Frukt färsk fryst,0.0,g
553,Banan,Arakidonsyra C20:4,Frukt färsk fryst,0.0,g
553,Banan,Arakidinsyra C20:0,Frukt färsk fryst,0.0,g
553,Banan,Linolensyra C18:3,Frukt färsk fryst,0.0,g
553,Banan,Linolsyra C18:2,Frukt färsk fryst,0.0,g
553,Banan,Oljesyra C18:1,Frukt färsk fryst,0.0,g
553,Banan,Stearinsyra C18:0,Frukt färsk fryst,0.0,g
553,Banan,Palmitoljesyra C16:1,Frukt färsk fryst,0.0,g
553,Banan,Palmitinsyra C16:0,Frukt färsk fryst,0.0,g
553,Banan,Myristinsyra C14:0,Frukt färsk fryst,0.0,g
553,Banan,Laurinsyra C12:0,Frukt färsk fryst,0.0,g
553,Banan,Betakaroten/β-Karoten,Frukt färsk fryst,20.0,µg
553,Banan,Avfall (skal etc.),Frukt färsk fryst,37.0,%
553,Banan,Aska,Frukt färsk fryst,1.1,g
553,Banan,Alkohol,Frukt färsk fryst,0.0,g
554,Björnbär,"Zink, Zn",Bär färska frysta,0.2,mg
554,Björnbär,Vitamin E,Bär färska frysta,1.2,mg
554,Björnbär,Vitamin D inkl 25-OH-D3,Bär färska frysta,0.0,µg
554,Björnbär,Vitamin D,Bär färska frysta,0.0,µg
554,Björnbär,Vitamin C,Bär färska frysta,7.0,mg
554,Björnbär,Vitamin B6,Bär färska frysta,0.05,mg
554,Björnbär,Vitamin B12,Bär färska frysta,0.0,µg
554,Björnbär,Vitamin A,Bär färska frysta,3.4,RE/µg
554,Björnbär,Vatten,Bär färska frysta,87.5,g
554,Björnbär,Tiamin,Bär färska frysta,0.02,mg
554,Björnbär,Tillsatt socker,Bär färska frysta,0.0,g
554,Björnbär,Fritt socker,Bär färska frysta,0.0,g
554,Björnbär,"Selen, Se",Bär färska frysta,0.0,µg
554,Björnbär,Sackaros,Bär färska frysta,0.0,g
554,Björnbär,Riboflavin,Bär färska frysta,0.05,mg
554,Björnbär,Retinol,Bär färska frysta,0.0,µg
554,Björnbär,Protein,Bär färska frysta,1.1,g
554,Björnbär,Summa fleromättade fettsyror,Bär färska frysta,0.1,g
554,Björnbär,"Fosfor, P",Bär färska frysta,24.0,mg
554,Björnbär,Niacinekvivalenter,Bär färska frysta,0.7,NE/mg
554,Björnbär,Niacin,Bär färska frysta,0.5,mg
554,Björnbär,"Salt, NaCl",Bär färska frysta,0.0,g
554,Björnbär,"Natrium, Na",Bär färska frysta,1.0,mg
554,Björnbär,Monosackarider,Bär färska frysta,5.6,g
554,Björnbär,"Sockerarter, totalt",Bär färska frysta,5.6,g
554,Björnbär,Summa enkelomättade fettsyror,Bär färska frysta,0.0,g
554,Björnbär,"Magnesium, Mg",Bär färska frysta,18.0,mg
554,Björnbär,Summa mättade fettsyror,Bär färska frysta,0.0,g
554,Björnbär,"Kolhydrater, tillgängliga",Bär färska frysta,7.5,g
554,Björnbär,Kolesterol,Bär färska frysta,0.0,mg
554,Björnbär,"Kalium, K",Bär färska frysta,154.0,mg
554,Björnbär,"Jod, I",Bär färska frysta,1.0,µg
554,Björnbär,Fullkorn totalt,Bär färska frysta,0.0,g
554,Björnbär,"Folat, totalt",Bär färska frysta,34.0,µg
554,Björnbär,Fibrer,Bär färska frysta,3.4,g
554,Björnbär,"Fett, totalt",Bär färska frysta,0.2,g
554,Björnbär,"Järn, Fe",Bär färska frysta,0.3,mg
554,Björnbär,Energi (kJ),Bär färska frysta,181.0,kJ
554,Björnbär,Energi (kcal),Bär färska frysta,43.0,kcal
554,Björnbär,Disackarider,Bär färska frysta,0.0,g
554,Björnbär,"Kalcium, Ca",Bär färska frysta,24.0,mg
554,Björnbär,Fettsyra 4:0-10:0,Bär färska frysta,0.0,g
554,Björnbär,DHA (C22:6),Bär färska frysta,0.0,g
554,Björnbär,DPA (C22:5),Bär färska frysta,0.0,g
554,Björnbär,EPA (C20:5),Bär färska frysta,0.0,g
554,Björnbär,Arakidonsyra C20:4,Bär färska frysta,0.0,g
554,Björnbär,Arakidinsyra C20:0,Bär färska frysta,0.0,g
554,Björnbär,Linolensyra C18:3,Bär färska frysta,0.0,g
554,Björnbär,Linolsyra C18:2,Bär färska frysta,0.1,g
554,Björnbär,Oljesyra C18:1,Bär färska frysta,0.0,g
554,Björnbär,Stearinsyra C18:0,Bär färska frysta,0.0,g
554,Björnbär,Palmitoljesyra C16:1,Bär färska frysta,0.0,g
554,Björnbär,Palmitinsyra C16:0,Bär färska frysta,0.0,g
554,Björnbär,Myristinsyra C14:0,Bär färska frysta,0.0,g
554,Björnbär,Laurinsyra C12:0,Bär färska frysta,0.0,g
554,Björnbär,Betakaroten/β-Karoten,Bär färska frysta,38.0,µg
554,Björnbär,Avfall (skal etc.),Bär färska frysta,4.0,%
554,Björnbär,Aska,Bär färska frysta,0.3,g
554,Björnbär,Alkohol,Bär färska frysta,0.0,g
555,Blåbär,"Zink, Zn",Bär färska frysta,0.2,mg
555,Blåbär,Vitamin E,Bär färska frysta,0.1,mg
555,Blåbär,Vitamin D inkl 25-OH-D3,Bär färska frysta,0.0,µg
555,Blåbär,Vitamin D,Bär färska frysta,0.0,µg
555,Blåbär,Vitamin C,Bär färska frysta,8.1,mg
555,Blåbär,Vitamin B6,Bär färska frysta,0.06,mg
555,Blåbär,Vitamin B12,Bär färska frysta,0.0,µg
555,Blåbär,Vitamin A,Bär färska frysta,8.5,RE/µg
555,Blåbär,Vatten,Bär färska frysta,86.0,g
555,Blåbär,Tiamin,Bär färska frysta,0.04,mg
555,Blåbär,Tillsatt socker,Bär färska frysta,0.0,g
555,Blåbär,Fritt socker,Bär färska frysta,0.0,g
555,Blåbär,"Selen, Se",Bär färska frysta,0.0,µg
555,Blåbär,Sackaros,Bär färska frysta,0.5,g
555,Blåbär,Riboflavin,Bär färska frysta,0.07,mg
555,Blåbär,Retinol,Bär färska frysta,0.0,µg
555,Blåbär,Protein,Bär färska frysta,0.7,g
555,Blåbär,Summa fleromättade fettsyror,Bär färska frysta,0.5,g
555,Blåbär,"Fosfor, P",Bär färska frysta,20.0,mg
555,Blåbär,Niacinekvivalenter,Bär färska frysta,0.42,NE/mg
555,Blåbär,Niacin,Bär färska frysta,0.3,mg
555,Blåbär,"Salt, NaCl",Bär färska frysta,0.0,g
555,Blåbär,"Natrium, Na",Bär färska frysta,3.0,mg
555,Blåbär,Monosackarider,Bär färska frysta,5.9,g
555,Blåbär,"Sockerarter, totalt",Bär färska frysta,6.4,g
555,Blåbär,Summa enkelomättade fettsyror,Bär färska frysta,0.1,g
555,Blåbär,"Magnesium, Mg",Bär färska frysta,9.0,mg
555,Blåbär,Summa mättade fettsyror,Bär färska frysta,0.0,g
555,Blåbär,"Kolhydrater, tillgängliga",Bär färska frysta,9.1,g
555,Blåbär,Kolesterol,Bär färska frysta,0.0,mg
555,Blåbär,"Kalium, K",Bär färska frysta,86.0,mg
555,Blåbär,"Jod, I",Bär färska frysta,2.0,µg
555,Blåbär,Fullkorn totalt,Bär färska frysta,0.0,g
555,Blåbär,"Folat, totalt",Bär färska frysta,10.2,µg
555,Blåbär,Fibrer,Bär färska frysta,3.1,g
555,Blåbär,"Fett, totalt",Bär färska frysta,0.8,g
555,Blåbär,"Järn, Fe",Bär färska frysta,0.6,mg
555,Blåbär,Energi (kJ),Bär färska frysta,221.0,kJ
555,Blåbär,Energi (kcal),Bär färska frysta,53.0,kcal
555,Blåbär,Disackarider,Bär färska frysta,0.5,g
555,Blåbär,"Kalcium, Ca",Bär färska frysta,23.0,mg
555,Blåbär,Fettsyra 4:0-10:0,Bär färska frysta,0.0,g
555,Blåbär,DHA (C22:6),Bär färska frysta,0.0,g
555,Blåbär,DPA (C22:5),Bär färska frysta,0.0,g
555,Blåbär,EPA (C20:5),Bär färska frysta,0.0,g
555,Blåbär,Arakidonsyra C20:4,Bär färska frysta,0.0,g
555,Blåbär,Arakidinsyra C20:0,Bär färska frysta,0.0,g
555,Blåbär,Linolensyra C18:3,Bär färska frysta,0.3,g
555,Blåbär,Linolsyra C18:2,Bär färska frysta,0.2,g
555,Blåbär,Oljesyra C18:1,Bär färska frysta,0.1,g
555,Blåbär,Stearinsyra C18:0,Bär färska frysta,0.0,g
555,Blåbär,Palmitoljesyra C16:1,Bär färska frysta,0.0,g
555,Blåbär,Palmitinsyra C16:0,Bär färska frysta,0.0,g
555,Blåbär,Myristinsyra C14:0,Bär färska frysta,0.0,g
555,Blåbär,Laurinsyra C12:0,Bär färska frysta,0.0,g
555,Blåbär,Betakaroten/β-Karoten,Bär färska frysta,96.0,µg
555,Blåbär,Avfall (skal etc.),Bär färska frysta,2.0,%
555,Blåbär,Aska,Bär färska frysta,0.3,g
555,Blåbär,Alkohol,Bär färska frysta,0.0,g
556,Blåbär frysvara,"Zink, Zn",Bär färska frysta,0.2,mg
556,Blåbär frysvara,Vitamin E,Bär färska frysta,0.1,mg
556,Blåbär frysvara,Vitamin D inkl 25-OH-D3,Bär färska frysta,0.0,µg
556,Blåbär frysvara,Vitamin D,Bär färska frysta,0.0,µg
556,Blåbär frysvara,Vitamin C,Bär färska frysta,5.0,mg
556,Blåbär frysvara,Vitamin B6,Bär färska frysta,0.06,mg
556,Blåbär frysvara,Vitamin B12,Bär färska frysta,0.0,µg
556,Blåbär frysvara,Vitamin A,Bär färska frysta,1.1,RE/µg
556,Blåbär frysvara,Vatten,Bär färska frysta,88.0,g
556,Blåbär frysvara,Tiamin,Bär färska frysta,0.04,mg
556,Blåbär frysvara,Tillsatt socker,Bär färska frysta,0.0,g
556,Blåbär frysvara,Fritt socker,Bär färska frysta,0.0,g
556,Blåbär frysvara,"Selen, Se",Bär färska frysta,0.0,µg
556,Blåbär frysvara,Sackaros,Bär färska frysta,0.5,g
556,Blåbär frysvara,Riboflavin,Bär färska frysta,0.07,mg
556,Blåbär frysvara,Retinol,Bär färska frysta,0.0,µg
556,Blåbär frysvara,Protein,Bär färska frysta,0.5,g
556,Blåbär frysvara,Summa fleromättade fettsyror,Bär färska frysta,0.3,g
556,Blåbär frysvara,"Fosfor, P",Bär färska frysta,20.0,mg
556,Blåbär frysvara,Niacinekvivalenter,Bär färska frysta,0.38,NE/mg
556,Blåbär frysvara,Niacin,Bär färska frysta,0.3,mg
556,Blåbär frysvara,"Salt, NaCl",Bär färska frysta,0.0,g
556,Blåbär frysvara,"Natrium, Na",Bär färska frysta,3.0,mg
556,Blåbär frysvara,Monosackarider,Bär färska frysta,5.9,g
556,Blåbär frysvara,"Sockerarter, totalt",Bär färska frysta,6.4,g
556,Blåbär frysvara,Summa enkelomättade fettsyror,Bär färska frysta,0.0,g
556,Blåbär frysvara,"Magnesium, Mg",Bär färska frysta,9.0,mg
556,Blåbär frysvara,Summa mättade fettsyror,Bär färska frysta,0.0,g
556,Blåbär frysvara,"Kolhydrater, tillgängliga",Bär färska frysta,7.6,g
556,Blåbär frysvara,Kolesterol,Bär färska frysta,0.0,mg
556,Blåbär frysvara,"Kalium, K",Bär färska frysta,86.0,mg
556,Blåbär frysvara,"Jod, I",Bär färska frysta,2.0,µg
556,Blåbär frysvara,Fullkorn totalt,Bär färska frysta,0.0,g
556,Blåbär frysvara,"Folat, totalt",Bär färska frysta,6.0,µg
556,Blåbär frysvara,Fibrer,Bär färska frysta,3.1,g
556,Blåbär frysvara,"Fett, totalt",Bär färska frysta,0.5,g
556,Blåbär frysvara,"Järn, Fe",Bär färska frysta,0.6,mg
556,Blåbär frysvara,Energi (kJ),Bär färska frysta,181.0,kJ
556,Blåbär frysvara,Energi (kcal),Bär färska frysta,43.0,kcal
556,Blåbär frysvara,Disackarider,Bär färska frysta,0.5,g
556,Blåbär frysvara,"Kalcium, Ca",Bär färska frysta,20.0,mg
556,Blåbär frysvara,Fettsyra 4:0-10:0,Bär färska frysta,0.0,g
556,Blåbär frysvara,DHA (C22:6),Bär färska frysta,0.0,g
556,Blåbär frysvara,DPA (C22:5),Bär färska frysta,0.0,g
556,Blåbär frysvara,EPA (C20:5),Bär färska frysta,0.0,g
556,Blåbär frysvara,Arakidonsyra C20:4,Bär färska frysta,0.0,g
556,Blåbär frysvara,Arakidinsyra C20:0,Bär färska frysta,0.0,g
556,Blåbär frysvara,Linolensyra C18:3,Bär färska frysta,0.2,g
556,Blåbär frysvara,Linolsyra C18:2,Bär färska frysta,0.1,g
556,Blåbär frysvara,Oljesyra C18:1,Bär färska frysta,0.1,g
556,Blåbär frysvara,Stearinsyra C18:0,Bär färska frysta,0.0,g
556,Blåbär frysvara,Palmitoljesyra C16:1,Bär färska frysta,0.0,g
556,Blåbär frysvara,Palmitinsyra C16:0,Bär färska frysta,0.0,g
556,Blåbär frysvara,Myristinsyra C14:0,Bär färska frysta,0.0,g
556,Blåbär frysvara,Laurinsyra C12:0,Bär färska frysta,0.0,g
556,Blåbär frysvara,Betakaroten/β-Karoten,Bär färska frysta,13.0,µg
556,Blåbär frysvara,Avfall (skal etc.),Bär färska frysta,0.0,%
556,Blåbär frysvara,Aska,Bär färska frysta,0.3,g
556,Blåbär frysvara,Alkohol,Bär färska frysta,0.0,g
557,Blåbär m. socker frysvara,"Zink, Zn",Bär färska frysta,0.1,mg
557,Blåbär m. socker frysvara,Vitamin E,Bär färska frysta,0.1,mg
557,Blåbär m. socker frysvara,Vitamin D inkl 25-OH-D3,Bär färska frysta,0.0,µg
557,Blåbär m. socker frysvara,Vitamin D,Bär färska frysta,0.0,µg
557,Blåbär m. socker frysvara,Vitamin C,Bär färska frysta,1.0,mg
557,Blåbär m. socker frysvara,Vitamin B6,Bär färska frysta,0.06,mg
557,Blåbär m. socker frysvara,Vitamin B12,Bär färska frysta,0.0,µg
557,Blåbär m. socker frysvara,Vitamin A,Bär färska frysta,1.1,RE/µg
557,Blåbär m. socker frysvara,Vatten,Bär färska frysta,78.0,g
557,Blåbär m. socker frysvara,Tiamin,Bär färska frysta,0.02,mg
557,Blåbär m. socker frysvara,Tillsatt socker,Bär färska frysta,11.0,g
557,Blåbär m. socker frysvara,Fritt socker,Bär färska frysta,11.0,g
557,Blåbär m. socker frysvara,"Selen, Se",Bär färska frysta,0.0,µg
557,Blåbär m. socker frysvara,Sackaros,Bär färska frysta,10.5,g
557,Blåbär m. socker frysvara,Riboflavin,Bär färska frysta,0.05,mg
557,Blåbär m. socker frysvara,Retinol,Bär färska frysta,0.0,µg
557,Blåbär m. socker frysvara,Protein,Bär färska frysta,0.4,g
557,Blåbär m. socker frysvara,Summa fleromättade fettsyror,Bär färska frysta,0.1,g
557,Blåbär m. socker frysvara,"Fosfor, P",Bär färska frysta,7.0,mg
557,Blåbär m. socker frysvara,Niacinekvivalenter,Bär färska frysta,0.37,NE/mg
557,Blåbär m. socker frysvara,Niacin,Bär färska frysta,0.3,mg
557,Blåbär m. socker frysvara,"Salt, NaCl",Bär färska frysta,0.0,g
557,Blåbär m. socker frysvara,"Natrium, Na",Bär färska frysta,3.0,mg
557,Blåbär m. socker frysvara,Monosackarider,Bär färska frysta,5.9,g
557,Blåbär m. socker frysvara,"Sockerarter, totalt",Bär färska frysta,16.4,g
557,Blåbär m. socker frysvara,Summa enkelomättade fettsyror,Bär färska frysta,0.0,g
557,Blåbär m. socker frysvara,"Magnesium, Mg",Bär färska frysta,2.0,mg
557,Blåbär m. socker frysvara,Summa mättade fettsyror,Bär färska frysta,0.0,g
557,Blåbär m. socker frysvara,"Kolhydrater, tillgängliga",Bär färska frysta,18.3,g
557,Blåbär m. socker frysvara,Kolesterol,Bär färska frysta,0.0,mg
557,Blåbär m. socker frysvara,"Kalium, K",Bär färska frysta,60.0,mg
557,Blåbär m. socker frysvara,"Jod, I",Bär färska frysta,2.0,µg
557,Blåbär m. socker frysvara,Fullkorn totalt,Bär färska frysta,0.0,g
557,Blåbär m. socker frysvara,"Folat, totalt",Bär färska frysta,6.0,µg
557,Blåbär m. socker frysvara,Fibrer,Bär färska frysta,3.1,g
557,Blåbär m. socker frysvara,"Fett, totalt",Bär färska frysta,0.1,g
557,Blåbär m. socker frysvara,"Järn, Fe",Bär färska frysta,0.4,mg
557,Blåbär m. socker frysvara,Energi (kJ),Bär färska frysta,346.0,kJ
557,Blåbär m. socker frysvara,Energi (kcal),Bär färska frysta,83.0,kcal
557,Blåbär m. socker frysvara,Disackarider,Bär färska frysta,10.5,g
557,Blåbär m. socker frysvara,"Kalcium, Ca",Bär färska frysta,6.0,mg
557,Blåbär m. socker frysvara,Fettsyra 4:0-10:0,Bär färska frysta,0.0,g
557,Blåbär m. socker frysvara,DHA (C22:6),Bär färska frysta,0.0,g
557,Blåbär m. socker frysvara,DPA (C22:5),Bär färska frysta,0.0,g
557,Blåbär m. socker frysvara,EPA (C20:5),Bär färska frysta,0.0,g
557,Blåbär m. socker frysvara,Arakidonsyra C20:4,Bär färska frysta,0.0,g
557,Blåbär m. socker frysvara,Arakidinsyra C20:0,Bär färska frysta,0.0,g
557,Blåbär m. socker frysvara,Linolensyra C18:3,Bär färska frysta,0.0,g
557,Blåbär m. socker frysvara,Linolsyra C18:2,Bär färska frysta,0.0,g
557,Blåbär m. socker frysvara,Oljesyra C18:1,Bär färska frysta,0.0,g
557,Blåbär m. socker frysvara,Stearinsyra C18:0,Bär färska frysta,0.0,g
557,Blåbär m. socker frysvara,Palmitoljesyra C16:1,Bär färska frysta,0.0,g
557,Blåbär m. socker frysvara,Palmitinsyra C16:0,Bär färska frysta,0.0,g
557,Blåbär m. socker frysvara,Myristinsyra C14:0,Bär färska frysta,0.0,g
557,Blåbär m. socker frysvara,Laurinsyra C12:0,Bär färska frysta,0.0,g
557,Blåbär m. socker frysvara,Betakaroten/β-Karoten,Bär färska frysta,13.0,µg
557,Blåbär m. socker frysvara,Avfall (skal etc.),Bär färska frysta,0.0,%
557,Blåbär m. socker frysvara,Aska,Bär färska frysta,0.1,g
557,Blåbär m. socker frysvara,Alkohol,Bär färska frysta,0.0,g
558,Cherimoya,"Zink, Zn",Frukt färsk fryst,0.1,mg
558,Cherimoya,Vitamin E,Frukt färsk fryst,0.2,mg
558,Cherimoya,Vitamin D inkl 25-OH-D3,Frukt färsk fryst,0.0,µg
558,Cherimoya,Vitamin D,Frukt färsk fryst,0.0,µg
558,Cherimoya,Vitamin C,Frukt färsk fryst,34.0,mg
558,Cherimoya,Vitamin B6,Frukt färsk fryst,0.23,mg
558,Cherimoya,Vitamin B12,Frukt färsk fryst,0.0,µg
558,Cherimoya,Vitamin A,Frukt färsk fryst,6.0,RE/µg
558,Cherimoya,Vatten,Frukt färsk fryst,78.1,g
558,Cherimoya,Tiamin,Frukt färsk fryst,0.09,mg
558,Cherimoya,Tillsatt socker,Frukt färsk fryst,0.0,g
558,Cherimoya,Fritt socker,Frukt färsk fryst,0.0,g
558,Cherimoya,"Selen, Se",Frukt färsk fryst,1.0,µg
558,Cherimoya,Sackaros,Frukt färsk fryst,0.5,g
558,Cherimoya,Riboflavin,Frukt färsk fryst,0.09,mg
558,Cherimoya,Retinol,Frukt färsk fryst,0.0,µg
558,Cherimoya,Protein,Frukt färsk fryst,1.2,g
558,Cherimoya,Summa fleromättade fettsyror,Frukt färsk fryst,0.0,g
558,Cherimoya,"Fosfor, P",Frukt färsk fryst,20.0,mg
558,Cherimoya,Niacinekvivalenter,Frukt färsk fryst,0.9,NE/mg
558,Cherimoya,Niacin,Frukt färsk fryst,0.7,mg
558,Cherimoya,"Salt, NaCl",Frukt färsk fryst,0.0,g
558,Cherimoya,"Natrium, Na",Frukt färsk fryst,8.0,mg
558,Cherimoya,Monosackarider,Frukt färsk fryst,11.2,g
558,Cherimoya,"Sockerarter, totalt",Frukt färsk fryst,11.7,g
558,Cherimoya,Summa enkelomättade fettsyror,Frukt färsk fryst,0.0,g
558,Cherimoya,"Magnesium, Mg",Frukt färsk fryst,12.0,mg
558,Cherimoya,Summa mättade fettsyror,Frukt färsk fryst,0.0,g
558,Cherimoya,"Kolhydrater, tillgängliga",Frukt färsk fryst,17.7,g
558,Cherimoya,Kolesterol,Frukt färsk fryst,0.0,mg
558,Cherimoya,"Kalium, K",Frukt färsk fryst,230.0,mg
558,Cherimoya,"Jod, I",Frukt färsk fryst,1.0,µg
558,Cherimoya,Fullkorn totalt,Frukt färsk fryst,0.0,g
558,Cherimoya,"Folat, totalt",Frukt färsk fryst,90.0,µg
558,Cherimoya,Fibrer,Frukt färsk fryst,2.2,g
558,Cherimoya,"Fett, totalt",Frukt färsk fryst,0.3,g
558,Cherimoya,"Järn, Fe",Frukt färsk fryst,0.2,mg
558,Cherimoya,Energi (kJ),Frukt färsk fryst,351.0,kJ
558,Cherimoya,Energi (kcal),Frukt färsk fryst,84.0,kcal
558,Cherimoya,Disackarider,Frukt färsk fryst,0.5,g
558,Cherimoya,"Kalcium, Ca",Frukt färsk fryst,9.0,mg
558,Cherimoya,Fettsyra 4:0-10:0,Frukt färsk fryst,0.0,g
558,Cherimoya,DHA (C22:6),Frukt färsk fryst,0.0,g
558,Cherimoya,DPA (C22:5),Frukt färsk fryst,0.0,g
558,Cherimoya,EPA (C20:5),Frukt färsk fryst,0.0,g
558,Cherimoya,Arakidonsyra C20:4,Frukt färsk fryst,0.0,g
558,Cherimoya,Arakidinsyra C20:0,Frukt färsk fryst,0.0,g
558,Cherimoya,Linolensyra C18:3,Frukt färsk fryst,0.0,g
558,Cherimoya,Linolsyra C18:2,Frukt färsk fryst,0.0,g
558,Cherimoya,Oljesyra C18:1,Frukt färsk fryst,0.0,g
558,Cherimoya,Stearinsyra C18:0,Frukt färsk fryst,0.0,g
558,Cherimoya,Palmitoljesyra C16:1,Frukt färsk fryst,0.0,g
558,Cherimoya,Palmitinsyra C16:0,Frukt färsk fryst,0.0,g
558,Cherimoya,Myristinsyra C14:0,Frukt färsk fryst,0.0,g
558,Cherimoya,Laurinsyra C12:0,Frukt färsk fryst,0.0,g
558,Cherimoya,Betakaroten/β-Karoten,Frukt färsk fryst,64.0,µg
558,Cherimoya,Avfall (skal etc.),Frukt färsk fryst,35.0,%
558,Cherimoya,Aska,Frukt färsk fryst,0.5,g
558,Cherimoya,Alkohol,Frukt färsk fryst,0.0,g
559,Citron,"Zink, Zn",Frukt färsk fryst,0.1,mg
559,Citron,Vitamin E,Frukt färsk fryst,1.6,mg
559,Citron,Vitamin D inkl 25-OH-D3,Frukt färsk fryst,0.0,µg
559,Citron,Vitamin D,Frukt färsk fryst,0.0,µg
559,Citron,Vitamin C,Frukt färsk fryst,100.0,mg
559,Citron,Vitamin B6,Frukt färsk fryst,0.08,mg
559,Citron,Vitamin B12,Frukt färsk fryst,0.0,µg
559,Citron,Vitamin A,Frukt färsk fryst,2.1,RE/µg
559,Citron,Vatten,Frukt färsk fryst,85.3,g
559,Citron,Tiamin,Frukt färsk fryst,0.07,mg
559,Citron,Tillsatt socker,Frukt färsk fryst,0.0,g
559,Citron,Fritt socker,Frukt färsk fryst,0.0,g
559,Citron,"Selen, Se",Frukt färsk fryst,0.0,µg
559,Citron,Sackaros,Frukt färsk fryst,0.4,g
559,Citron,Riboflavin,Frukt färsk fryst,0.07,mg
559,Citron,Retinol,Frukt färsk fryst,0.0,µg
559,Citron,Protein,Frukt färsk fryst,0.9,g
559,Citron,Summa fleromättade fettsyror,Frukt färsk fryst,0.1,g
559,Citron,"Fosfor, P",Frukt färsk fryst,15.0,mg
559,Citron,Niacinekvivalenter,Frukt färsk fryst,0.4,NE/mg
559,Citron,Niacin,Frukt färsk fryst,0.2,mg
559,Citron,"Salt, NaCl",Frukt färsk fryst,0.0,g
559,Citron,"Natrium, Na",Frukt färsk fryst,4.0,mg
559,Citron,Monosackarider,Frukt färsk fryst,2.2,g
559,Citron,"Sockerarter, totalt",Frukt färsk fryst,2.6,g
559,Citron,Summa enkelomättade fettsyror,Frukt färsk fryst,0.0,g
559,Citron,"Magnesium, Mg",Frukt färsk fryst,11.0,mg
559,Citron,Summa mättade fettsyror,Frukt färsk fryst,0.0,g
559,Citron,"Kolhydrater, tillgängliga",Frukt färsk fryst,7.6,g
559,Citron,Kolesterol,Frukt färsk fryst,0.0,mg
559,Citron,"Kalium, K",Frukt färsk fryst,130.0,mg
559,Citron,"Jod, I",Frukt färsk fryst,0.0,µg
559,Citron,Fullkorn totalt,Frukt färsk fryst,0.0,g
559,Citron,"Folat, totalt",Frukt färsk fryst,31.0,µg
559,Citron,Fibrer,Frukt färsk fryst,4.9,g
559,Citron,"Fett, totalt",Frukt färsk fryst,0.7,g
559,Citron,"Järn, Fe",Frukt färsk fryst,0.2,mg
559,Citron,Energi (kJ),Frukt färsk fryst,210.0,kJ
559,Citron,Energi (kcal),Frukt färsk fryst,50.0,kcal
559,Citron,Disackarider,Frukt färsk fryst,0.4,g
559,Citron,"Kalcium, Ca",Frukt färsk fryst,67.0,mg
559,Citron,Fettsyra 4:0-10:0,Frukt färsk fryst,0.0,g
559,Citron,DHA (C22:6),Frukt färsk fryst,0.0,g
559,Citron,DPA (C22:5),Frukt färsk fryst,0.0,g
559,Citron,EPA (C20:5),Frukt färsk fryst,0.0,g
559,Citron,Arakidonsyra C20:4,Frukt färsk fryst,0.0,g
559,Citron,Arakidinsyra C20:0,Frukt färsk fryst,0.0,g
559,Citron,Linolensyra C18:3,Frukt färsk fryst,0.0,g
559,Citron,Linolsyra C18:2,Frukt färsk fryst,0.1,g
559,Citron,Oljesyra C18:1,Frukt färsk fryst,0.0,g
559,Citron,Stearinsyra C18:0,Frukt färsk fryst,0.0,g
559,Citron,Palmitoljesyra C16:1,Frukt färsk fryst,0.0,g
559,Citron,Palmitinsyra C16:0,Frukt färsk fryst,0.0,g
559,Citron,Myristinsyra C14:0,Frukt färsk fryst,0.0,g
559,Citron,Laurinsyra C12:0,Frukt färsk fryst,0.0,g
559,Citron,Betakaroten/β-Karoten,Frukt färsk fryst,7.0,µg
559,Citron,Avfall (skal etc.),Frukt färsk fryst,47.0,%
559,Citron,Aska,Frukt färsk fryst,0.6,g
559,Citron,Alkohol,Frukt färsk fryst,0.0,g
560,Småcitrus clementin mandarin tangerin satsumas,"Zink, Zn",Frukt färsk fryst,0.0,mg
560,Småcitrus clementin mandarin tangerin satsumas,Vitamin E,Frukt färsk fryst,0.2,mg
560,Småcitrus clementin mandarin tangerin satsumas,Vitamin D inkl 25-OH-D3,Frukt färsk fryst,0.0,µg
560,Småcitrus clementin mandarin tangerin satsumas,Vitamin D,Frukt färsk fryst,0.0,µg
560,Småcitrus clementin mandarin tangerin satsumas,Vitamin C,Frukt färsk fryst,42.0,mg
560,Småcitrus clementin mandarin tangerin satsumas,Vitamin B6,Frukt färsk fryst,0.06,mg
560,Småcitrus clementin mandarin tangerin satsumas,Vitamin B12,Frukt färsk fryst,0.0,µg
560,Småcitrus clementin mandarin tangerin satsumas,Vitamin A,Frukt färsk fryst,8.8,RE/µg
560,Småcitrus clementin mandarin tangerin satsumas,Vatten,Frukt färsk fryst,85.8,g
560,Småcitrus clementin mandarin tangerin satsumas,Tiamin,Frukt färsk fryst,0.17,mg
560,Småcitrus clementin mandarin tangerin satsumas,Tillsatt socker,Frukt färsk fryst,0.0,g
560,Småcitrus clementin mandarin tangerin satsumas,Fritt socker,Frukt färsk fryst,0.0,g
560,Småcitrus clementin mandarin tangerin satsumas,"Selen, Se",Frukt färsk fryst,0.0,µg
560,Småcitrus clementin mandarin tangerin satsumas,Sackaros,Frukt färsk fryst,6.1,g
560,Småcitrus clementin mandarin tangerin satsumas,Riboflavin,Frukt färsk fryst,0.03,mg
560,Småcitrus clementin mandarin tangerin satsumas,Retinol,Frukt färsk fryst,0.0,µg
560,Småcitrus clementin mandarin tangerin satsumas,Protein,Frukt färsk fryst,0.8,g
560,Småcitrus clementin mandarin tangerin satsumas,Summa fleromättade fettsyror,Frukt färsk fryst,0.0,g
560,Småcitrus clementin mandarin tangerin satsumas,"Fosfor, P",Frukt färsk fryst,15.0,mg
560,Småcitrus clementin mandarin tangerin satsumas,Niacinekvivalenter,Frukt färsk fryst,0.5,NE/mg
560,Småcitrus clementin mandarin tangerin satsumas,Niacin,Frukt färsk fryst,0.4,mg
560,Småcitrus clementin mandarin tangerin satsumas,"Salt, NaCl",Frukt färsk fryst,0.0,g
560,Småcitrus clementin mandarin tangerin satsumas,"Natrium, Na",Frukt färsk fryst,1.0,mg
560,Småcitrus clementin mandarin tangerin satsumas,Monosackarider,Frukt färsk fryst,3.5,g
560,Småcitrus clementin mandarin tangerin satsumas,"Sockerarter, totalt",Frukt färsk fryst,9.6,g
560,Småcitrus clementin mandarin tangerin satsumas,Summa enkelomättade fettsyror,Frukt färsk fryst,0.0,g
560,Småcitrus clementin mandarin tangerin satsumas,"Magnesium, Mg",Frukt färsk fryst,9.0,mg
560,Småcitrus clementin mandarin tangerin satsumas,Summa mättade fettsyror,Frukt färsk fryst,0.0,g
560,Småcitrus clementin mandarin tangerin satsumas,"Kolhydrater, tillgängliga",Frukt färsk fryst,11.4,g
560,Småcitrus clementin mandarin tangerin satsumas,Kolesterol,Frukt färsk fryst,0.0,mg
560,Småcitrus clementin mandarin tangerin satsumas,"Kalium, K",Frukt färsk fryst,128.0,mg
560,Småcitrus clementin mandarin tangerin satsumas,"Jod, I",Frukt färsk fryst,1.0,µg
560,Småcitrus clementin mandarin tangerin satsumas,Fullkorn totalt,Frukt färsk fryst,0.0,g
560,Småcitrus clementin mandarin tangerin satsumas,"Folat, totalt",Frukt färsk fryst,19.0,µg
560,Småcitrus clementin mandarin tangerin satsumas,Fibrer,Frukt färsk fryst,1.5,g
560,Småcitrus clementin mandarin tangerin satsumas,"Fett, totalt",Frukt färsk fryst,0.2,g
560,Småcitrus clementin mandarin tangerin satsumas,"Järn, Fe",Frukt färsk fryst,0.1,mg
560,Småcitrus clementin mandarin tangerin satsumas,Energi (kJ),Frukt färsk fryst,226.0,kJ
560,Småcitrus clementin mandarin tangerin satsumas,Energi (kcal),Frukt färsk fryst,54.0,kcal
560,Småcitrus clementin mandarin tangerin satsumas,Disackarider,Frukt färsk fryst,6.1,g
560,Småcitrus clementin mandarin tangerin satsumas,"Kalcium, Ca",Frukt färsk fryst,25.0,mg
560,Småcitrus clementin mandarin tangerin satsumas,Fettsyra 4:0-10:0,Frukt färsk fryst,0.0,g
560,Småcitrus clementin mandarin tangerin satsumas,DHA (C22:6),Frukt färsk fryst,0.0,g
560,Småcitrus clementin mandarin tangerin satsumas,DPA (C22:5),Frukt färsk fryst,0.0,g
560,Småcitrus clementin mandarin tangerin satsumas,EPA (C20:5),Frukt färsk fryst,0.0,g
560,Småcitrus clementin mandarin tangerin satsumas,Arakidonsyra C20:4,Frukt färsk fryst,0.0,g
560,Småcitrus clementin mandarin tangerin satsumas,Arakidinsyra C20:0,Frukt färsk fryst,0.0,g
560,Småcitrus clementin mandarin tangerin satsumas,Linolensyra C18:3,Frukt färsk fryst,0.0,g
560,Småcitrus clementin mandarin tangerin satsumas,Linolsyra C18:2,Frukt färsk fryst,0.0,g
560,Småcitrus clementin mandarin tangerin satsumas,Oljesyra C18:1,Frukt färsk fryst,0.0,g
560,Småcitrus clementin mandarin tangerin satsumas,Stearinsyra C18:0,Frukt färsk fryst,0.0,g
560,Småcitrus clementin mandarin tangerin satsumas,Palmitoljesyra C16:1,Frukt färsk fryst,0.0,g
560,Småcitrus clementin mandarin tangerin satsumas,Palmitinsyra C16:0,Frukt färsk fryst,0.0,g
560,Småcitrus clementin mandarin tangerin satsumas,Myristinsyra C14:0,Frukt färsk fryst,0.0,g
560,Småcitrus clementin mandarin tangerin satsumas,Laurinsyra C12:0,Frukt färsk fryst,0.0,g
560,Småcitrus clementin mandarin tangerin satsumas,Betakaroten/β-Karoten,Frukt färsk fryst,67.0,µg
560,Småcitrus clementin mandarin tangerin satsumas,Avfall (skal etc.),Frukt färsk fryst,25.0,%
560,Småcitrus clementin mandarin tangerin satsumas,Aska,Frukt färsk fryst,0.4,g
560,Småcitrus clementin mandarin tangerin satsumas,Alkohol,Frukt färsk fryst,0.0,g
561,Fikon,"Zink, Zn",Frukt färsk fryst,0.2,mg
561,Fikon,Vitamin E,Frukt färsk fryst,0.4,mg
561,Fikon,Vitamin D inkl 25-OH-D3,Frukt färsk fryst,0.0,µg
561,Fikon,Vitamin D,Frukt färsk fryst,0.0,µg
561,Fikon,Vitamin C,Frukt färsk fryst,16.9,mg
561,Fikon,Vitamin B6,Frukt färsk fryst,0.15,mg
561,Fikon,Vitamin B12,Frukt färsk fryst,0.0,µg
561,Fikon,Vitamin A,Frukt färsk fryst,0.2,RE/µg
561,Fikon,Vatten,Frukt färsk fryst,75.6,g
561,Fikon,Tiamin,Frukt färsk fryst,0.04,mg
561,Fikon,Tillsatt socker,Frukt färsk fryst,0.0,g
561,Fikon,Fritt socker,Frukt färsk fryst,0.0,g
561,Fikon,"Selen, Se",Frukt färsk fryst,0.0,µg
561,Fikon,Sackaros,Frukt färsk fryst,1.6,g
561,Fikon,Riboflavin,Frukt färsk fryst,0.02,mg
561,Fikon,Retinol,Frukt färsk fryst,0.0,µg
561,Fikon,Protein,Frukt färsk fryst,2.0,g
561,Fikon,Summa fleromättade fettsyror,Frukt färsk fryst,0.1,g
561,Fikon,"Fosfor, P",Frukt färsk fryst,22.0,mg
561,Fikon,Niacinekvivalenter,Frukt färsk fryst,0.6,NE/mg
561,Fikon,Niacin,Frukt färsk fryst,0.27,mg
561,Fikon,"Salt, NaCl",Frukt färsk fryst,0.0,g
561,Fikon,"Natrium, Na",Frukt färsk fryst,2.0,mg
561,Fikon,Monosackarider,Frukt färsk fryst,7.1,g
561,Fikon,"Sockerarter, totalt",Frukt färsk fryst,8.6,g
561,Fikon,Summa enkelomättade fettsyror,Frukt färsk fryst,0.0,g
561,Fikon,"Magnesium, Mg",Frukt färsk fryst,26.0,mg
561,Fikon,Summa mättade fettsyror,Frukt färsk fryst,0.1,g
561,Fikon,"Kolhydrater, tillgängliga",Frukt färsk fryst,16.3,g
561,Fikon,Kolesterol,Frukt färsk fryst,0.0,mg
561,Fikon,"Kalium, K",Frukt färsk fryst,231.0,mg
561,Fikon,"Jod, I",Frukt färsk fryst,1.5,µg
561,Fikon,Fullkorn totalt,Frukt färsk fryst,0.0,g
561,Fikon,"Folat, totalt",Frukt färsk fryst,13.7,µg
561,Fikon,Fibrer,Frukt färsk fryst,4.6,g
561,Fikon,"Fett, totalt",Frukt färsk fryst,0.4,g
561,Fikon,"Järn, Fe",Frukt färsk fryst,0.7,mg
561,Fikon,Energi (kJ),Frukt färsk fryst,362.0,kJ
561,Fikon,Energi (kcal),Frukt färsk fryst,87.0,kcal
561,Fikon,Disackarider,Frukt färsk fryst,1.6,g
561,Fikon,"Kalcium, Ca",Frukt färsk fryst,79.0,mg
561,Fikon,Fettsyra 4:0-10:0,Frukt färsk fryst,0.0,g
561,Fikon,DHA (C22:6),Frukt färsk fryst,0.0,g
561,Fikon,DPA (C22:5),Frukt färsk fryst,0.0,g
561,Fikon,EPA (C20:5),Frukt färsk fryst,0.0,g
561,Fikon,Arakidonsyra C20:4,Frukt färsk fryst,0.0,g
561,Fikon,Arakidinsyra C20:0,Frukt färsk fryst,0.0,g
561,Fikon,Linolensyra C18:3,Frukt färsk fryst,0.0,g
561,Fikon,Linolsyra C18:2,Frukt färsk fryst,0.1,g
561,Fikon,Oljesyra C18:1,Frukt färsk fryst,0.0,g
561,Fikon,Stearinsyra C18:0,Frukt färsk fryst,0.0,g
561,Fikon,Palmitoljesyra C16:1,Frukt färsk fryst,0.0,g
561,Fikon,Palmitinsyra C16:0,Frukt färsk fryst,0.1,g
561,Fikon,Myristinsyra C14:0,Frukt färsk fryst,0.0,g
561,Fikon,Laurinsyra C12:0,Frukt färsk fryst,0.0,g
561,Fikon,Betakaroten/β-Karoten,Frukt färsk fryst,2.0,µg
561,Fikon,Avfall (skal etc.),Frukt färsk fryst,27.0,%
561,Fikon,Aska,Frukt färsk fryst,1.1,g
561,Fikon,Alkohol,Frukt färsk fryst,0.0,g
562,Fläderbär,"Zink, Zn",Bär färska frysta,0.3,mg
562,Fläderbär,Vitamin E,Bär färska frysta,1.0,mg
562,Fläderbär,Vitamin D inkl 25-OH-D3,Bär färska frysta,0.0,µg
562,Fläderbär,Vitamin D,Bär färska frysta,0.0,µg
562,Fläderbär,Vitamin C,Bär färska frysta,36.0,mg
562,Fläderbär,Vitamin B6,Bär färska frysta,0.23,mg
562,Fläderbär,Vitamin B12,Bär färska frysta,0.0,µg
562,Fläderbär,Vitamin A,Bär färska frysta,30.0,RE/µg
562,Fläderbär,Vatten,Bär färska frysta,80.0,g
562,Fläderbär,Tiamin,Bär färska frysta,0.07,mg
562,Fläderbär,Tillsatt socker,Bär färska frysta,0.0,g
562,Fläderbär,Fritt socker,Bär färska frysta,0.0,g
562,Fläderbär,"Selen, Se",Bär färska frysta,0.0,µg
562,Fläderbär,Sackaros,Bär färska frysta,0.2,g
562,Fläderbär,Riboflavin,Bär färska frysta,0.06,mg
562,Fläderbär,Retinol,Bär färska frysta,0.0,µg
562,Fläderbär,Protein,Bär färska frysta,0.7,g
562,Fläderbär,Summa fleromättade fettsyror,Bär färska frysta,0.3,g
562,Fläderbär,"Fosfor, P",Bär färska frysta,39.0,mg
562,Fläderbär,Niacinekvivalenter,Bär färska frysta,0.62,NE/mg
562,Fläderbär,Niacin,Bär färska frysta,0.5,mg
562,Fläderbär,"Salt, NaCl",Bär färska frysta,0.0,g
562,Fläderbär,"Natrium, Na",Bär färska frysta,5.0,mg
562,Fläderbär,Monosackarider,Bär färska frysta,6.3,g
562,Fläderbär,"Sockerarter, totalt",Bär färska frysta,6.5,g
562,Fläderbär,Summa enkelomättade fettsyror,Bär färska frysta,0.0,g
562,Fläderbär,"Magnesium, Mg",Bär färska frysta,17.0,mg
562,Fläderbär,Summa mättade fettsyror,Bär färska frysta,0.0,g
562,Fläderbär,"Kolhydrater, tillgängliga",Bär färska frysta,11.4,g
562,Fläderbär,Kolesterol,Bär färska frysta,0.0,mg
562,Fläderbär,"Kalium, K",Bär färska frysta,280.0,mg
562,Fläderbär,"Jod, I",Bär färska frysta,3.0,µg
562,Fläderbär,Fullkorn totalt,Bär färska frysta,0.0,g
562,Fläderbär,"Folat, totalt",Bär färska frysta,17.0,µg
562,Fläderbär,Fibrer,Bär färska frysta,6.8,g
562,Fläderbär,"Fett, totalt",Bär färska frysta,0.5,g
562,Fläderbär,"Järn, Fe",Bär färska frysta,1.6,mg
562,Fläderbär,Energi (kJ),Bär färska frysta,279.0,kJ
562,Fläderbär,Energi (kcal),Bär färska frysta,67.0,kcal
562,Fläderbär,Disackarider,Bär färska frysta,0.2,g
562,Fläderbär,"Kalcium, Ca",Bär färska frysta,38.0,mg
562,Fläderbär,Fettsyra 4:0-10:0,Bär färska frysta,0.0,g
562,Fläderbär,DHA (C22:6),Bär färska frysta,0.0,g
562,Fläderbär,DPA (C22:5),Bär färska frysta,0.0,g
562,Fläderbär,EPA (C20:5),Bär färska frysta,0.0,g
562,Fläderbär,Arakidonsyra C20:4,Bär färska frysta,0.0,g
562,Fläderbär,Arakidinsyra C20:0,Bär färska frysta,0.0,g
562,Fläderbär,Linolensyra C18:3,Bär färska frysta,0.1,g
562,Fläderbär,Linolsyra C18:2,Bär färska frysta,0.2,g
562,Fläderbär,Oljesyra C18:1,Bär färska frysta,0.0,g
562,Fläderbär,Stearinsyra C18:0,Bär färska frysta,0.0,g
562,Fläderbär,Palmitoljesyra C16:1,Bär färska frysta,0.0,g
562,Fläderbär,Palmitinsyra C16:0,Bär färska frysta,0.0,g
562,Fläderbär,Myristinsyra C14:0,Bär färska frysta,0.0,g
562,Fläderbär,Laurinsyra C12:0,Bär färska frysta,0.0,g
562,Fläderbär,Betakaroten/β-Karoten,Bär färska frysta,360.0,µg
562,Fläderbär,Avfall (skal etc.),Bär färska frysta,6.0,%
562,Fläderbär,Aska,Bär färska frysta,0.6,g
562,Fläderbär,Alkohol,Bär färska frysta,0.0,g
563,Jordgubbar skivade m. socker frysvara,"Zink, Zn",Bär färska frysta,0.1,mg
563,Jordgubbar skivade m. socker frysvara,Vitamin E,Bär färska frysta,0.1,mg
563,Jordgubbar skivade m. socker frysvara,Vitamin D inkl 25-OH-D3,Bär färska frysta,0.0,µg
563,Jordgubbar skivade m. socker frysvara,Vitamin D,Bär färska frysta,0.0,µg
563,Jordgubbar skivade m. socker frysvara,Vitamin C,Bär färska frysta,42.0,mg
563,Jordgubbar skivade m. socker frysvara,Vitamin B6,Bär färska frysta,0.03,mg
563,Jordgubbar skivade m. socker frysvara,Vitamin B12,Bär färska frysta,0.0,µg
563,Jordgubbar skivade m. socker frysvara,Vitamin A,Bär färska frysta,1.0,RE/µg
563,Jordgubbar skivade m. socker frysvara,Vatten,Bär färska frysta,74.0,g
563,Jordgubbar skivade m. socker frysvara,Tiamin,Bär färska frysta,0.02,mg
563,Jordgubbar skivade m. socker frysvara,Tillsatt socker,Bär färska frysta,11.0,g
563,Jordgubbar skivade m. socker frysvara,Fritt socker,Bär färska frysta,11.0,g
563,Jordgubbar skivade m. socker frysvara,"Selen, Se",Bär färska frysta,0.0,µg
563,Jordgubbar skivade m. socker frysvara,Sackaros,Bär färska frysta,10.9,g
563,Jordgubbar skivade m. socker frysvara,Riboflavin,Bär färska frysta,0.05,mg
563,Jordgubbar skivade m. socker frysvara,Retinol,Bär färska frysta,0.0,µg
563,Jordgubbar skivade m. socker frysvara,Protein,Bär färska frysta,0.5,g
563,Jordgubbar skivade m. socker frysvara,Summa fleromättade fettsyror,Bär färska frysta,0.0,g
563,Jordgubbar skivade m. socker frysvara,"Fosfor, P",Bär färska frysta,13.0,mg
563,Jordgubbar skivade m. socker frysvara,Niacinekvivalenter,Bär färska frysta,0.48,NE/mg
563,Jordgubbar skivade m. socker frysvara,Niacin,Bär färska frysta,0.4,mg
563,Jordgubbar skivade m. socker frysvara,"Salt, NaCl",Bär färska frysta,0.0,g
563,Jordgubbar skivade m. socker frysvara,"Natrium, Na",Bär färska frysta,3.0,mg
563,Jordgubbar skivade m. socker frysvara,Monosackarider,Bär färska frysta,4.5,g
563,Jordgubbar skivade m. socker frysvara,"Sockerarter, totalt",Bär färska frysta,15.4,g
563,Jordgubbar skivade m. socker frysvara,Summa enkelomättade fettsyror,Bär färska frysta,0.0,g
563,Jordgubbar skivade m. socker frysvara,"Magnesium, Mg",Bär färska frysta,7.0,mg
563,Jordgubbar skivade m. socker frysvara,Summa mättade fettsyror,Bär färska frysta,0.0,g
563,Jordgubbar skivade m. socker frysvara,"Kolhydrater, tillgängliga",Bär färska frysta,23.8,g
563,Jordgubbar skivade m. socker frysvara,Kolesterol,Bär färska frysta,0.0,mg
563,Jordgubbar skivade m. socker frysvara,"Kalium, K",Bär färska frysta,98.0,mg
563,Jordgubbar skivade m. socker frysvara,"Jod, I",Bär färska frysta,1.0,µg
563,Jordgubbar skivade m. socker frysvara,Fullkorn totalt,Bär färska frysta,0.0,g
563,Jordgubbar skivade m. socker frysvara,"Folat, totalt",Bär färska frysta,87.8,µg
563,Jordgubbar skivade m. socker frysvara,Fibrer,Bär färska frysta,1.4,g
563,Jordgubbar skivade m. socker frysvara,"Fett, totalt",Bär färska frysta,0.1,g
563,Jordgubbar skivade m. socker frysvara,"Järn, Fe",Bär färska frysta,0.6,mg
563,Jordgubbar skivade m. socker frysvara,Energi (kJ),Bär färska frysta,428.0,kJ
563,Jordgubbar skivade m. socker frysvara,Energi (kcal),Bär färska frysta,102.0,kcal
563,Jordgubbar skivade m. socker frysvara,Disackarider,Bär färska frysta,10.9,g
563,Jordgubbar skivade m. socker frysvara,"Kalcium, Ca",Bär färska frysta,11.0,mg
563,Jordgubbar skivade m. socker frysvara,Fettsyra 4:0-10:0,Bär färska frysta,0.0,g
563,Jordgubbar skivade m. socker frysvara,DHA (C22:6),Bär färska frysta,0.0,g
563,Jordgubbar skivade m. socker frysvara,DPA (C22:5),Bär färska frysta,0.0,g
563,Jordgubbar skivade m. socker frysvara,EPA (C20:5),Bär färska frysta,0.0,g
563,Jordgubbar skivade m. socker frysvara,Arakidonsyra C20:4,Bär färska frysta,0.0,g
563,Jordgubbar skivade m. socker frysvara,Arakidinsyra C20:0,Bär färska frysta,0.0,g
563,Jordgubbar skivade m. socker frysvara,Linolensyra C18:3,Bär färska frysta,0.0,g
563,Jordgubbar skivade m. socker frysvara,Linolsyra C18:2,Bär färska frysta,0.0,g
563,Jordgubbar skivade m. socker frysvara,Oljesyra C18:1,Bär färska frysta,0.0,g
563,Jordgubbar skivade m. socker frysvara,Stearinsyra C18:0,Bär färska frysta,0.0,g
563,Jordgubbar skivade m. socker frysvara,Palmitoljesyra C16:1,Bär färska frysta,0.0,g
563,Jordgubbar skivade m. socker frysvara,Palmitinsyra C16:0,Bär färska frysta,0.0,g
563,Jordgubbar skivade m. socker frysvara,Myristinsyra C14:0,Bär färska frysta,0.0,g
563,Jordgubbar skivade m. socker frysvara,Laurinsyra C12:0,Bär färska frysta,0.0,g
563,Jordgubbar skivade m. socker frysvara,Betakaroten/β-Karoten,Bär färska frysta,12.0,µg
563,Jordgubbar skivade m. socker frysvara,Avfall (skal etc.),Bär färska frysta,0.0,%
563,Jordgubbar skivade m. socker frysvara,Aska,Bär färska frysta,0.2,g
563,Jordgubbar skivade m. socker frysvara,Alkohol,Bär färska frysta,0.0,g
564,Kaktusfikon,"Zink, Zn",Frukt färsk fryst,0.1,mg
564,Kaktusfikon,Vitamin E,Frukt färsk fryst,0.0,mg
564,Kaktusfikon,Vitamin D inkl 25-OH-D3,Frukt färsk fryst,0.0,µg
564,Kaktusfikon,Vitamin D,Frukt färsk fryst,0.0,µg
564,Kaktusfikon,Vitamin C,Frukt färsk fryst,14.0,mg
564,Kaktusfikon,Vitamin B6,Frukt färsk fryst,0.02,mg
564,Kaktusfikon,Vitamin B12,Frukt färsk fryst,0.0,µg
564,Kaktusfikon,Vitamin A,Frukt färsk fryst,2.5,RE/µg
564,Kaktusfikon,Vatten,Frukt färsk fryst,88.0,g
564,Kaktusfikon,Tiamin,Frukt färsk fryst,0.01,mg
564,Kaktusfikon,Tillsatt socker,Frukt färsk fryst,0.0,g
564,Kaktusfikon,Fritt socker,Frukt färsk fryst,0.0,g
564,Kaktusfikon,"Selen, Se",Frukt färsk fryst,1.0,µg
564,Kaktusfikon,Sackaros,Frukt färsk fryst,0.0,g
564,Kaktusfikon,Riboflavin,Frukt färsk fryst,0.06,mg
564,Kaktusfikon,Retinol,Frukt färsk fryst,0.0,µg
564,Kaktusfikon,Protein,Frukt färsk fryst,0.7,g
564,Kaktusfikon,Summa fleromättade fettsyror,Frukt färsk fryst,0.0,g
564,Kaktusfikon,"Fosfor, P",Frukt färsk fryst,24.0,mg
564,Kaktusfikon,Niacinekvivalenter,Frukt färsk fryst,0.62,NE/mg
564,Kaktusfikon,Niacin,Frukt färsk fryst,0.5,mg
564,Kaktusfikon,"Salt, NaCl",Frukt färsk fryst,0.0,g
564,Kaktusfikon,"Natrium, Na",Frukt färsk fryst,5.0,mg
564,Kaktusfikon,Monosackarider,Frukt färsk fryst,7.1,g
564,Kaktusfikon,"Sockerarter, totalt",Frukt färsk fryst,7.1,g
564,Kaktusfikon,Summa enkelomättade fettsyror,Frukt färsk fryst,0.0,g
564,Kaktusfikon,"Magnesium, Mg",Frukt färsk fryst,85.0,mg
564,Kaktusfikon,Summa mättade fettsyror,Frukt färsk fryst,0.0,g
564,Kaktusfikon,"Kolhydrater, tillgängliga",Frukt färsk fryst,6.7,g
564,Kaktusfikon,Kolesterol,Frukt färsk fryst,0.0,mg
564,Kaktusfikon,"Kalium, K",Frukt färsk fryst,220.0,mg
564,Kaktusfikon,"Jod, I",Frukt färsk fryst,1.5,µg
564,Kaktusfikon,Fullkorn totalt,Frukt färsk fryst,0.0,g
564,Kaktusfikon,"Folat, totalt",Frukt färsk fryst,5.0,µg
564,Kaktusfikon,Fibrer,Frukt färsk fryst,2.5,g
564,Kaktusfikon,"Fett, totalt",Frukt färsk fryst,0.5,g
564,Kaktusfikon,"Järn, Fe",Frukt färsk fryst,0.3,mg
564,Kaktusfikon,Energi (kJ),Frukt färsk fryst,164.0,kJ
564,Kaktusfikon,Energi (kcal),Frukt färsk fryst,39.0,kcal
564,Kaktusfikon,Disackarider,Frukt färsk fryst,0.0,g
564,Kaktusfikon,"Kalcium, Ca",Frukt färsk fryst,56.0,mg
564,Kaktusfikon,Fettsyra 4:0-10:0,Frukt färsk fryst,0.0,g
564,Kaktusfikon,DHA (C22:6),Frukt färsk fryst,0.0,g
564,Kaktusfikon,DPA (C22:5),Frukt färsk fryst,0.0,g
564,Kaktusfikon,EPA (C20:5),Frukt färsk fryst,0.0,g
564,Kaktusfikon,Arakidonsyra C20:4,Frukt färsk fryst,0.0,g
564,Kaktusfikon,Arakidinsyra C20:0,Frukt färsk fryst,0.0,g
564,Kaktusfikon,Linolensyra C18:3,Frukt färsk fryst,0.0,g
564,Kaktusfikon,Linolsyra C18:2,Frukt färsk fryst,0.0,g
564,Kaktusfikon,Oljesyra C18:1,Frukt färsk fryst,0.0,g
564,Kaktusfikon,Stearinsyra C18:0,Frukt färsk fryst,0.0,g
564,Kaktusfikon,Palmitoljesyra C16:1,Frukt färsk fryst,0.0,g
564,Kaktusfikon,Palmitinsyra C16:0,Frukt färsk fryst,0.0,g
564,Kaktusfikon,Myristinsyra C14:0,Frukt färsk fryst,0.0,g
564,Kaktusfikon,Laurinsyra C12:0,Frukt färsk fryst,0.0,g
564,Kaktusfikon,Betakaroten/β-Karoten,Frukt färsk fryst,30.0,µg
564,Kaktusfikon,Avfall (skal etc.),Frukt färsk fryst,25.0,%
564,Kaktusfikon,Aska,Frukt färsk fryst,1.6,g
564,Kaktusfikon,Alkohol,Frukt färsk fryst,0.0,g
565,Kiwi grön,"Zink, Zn",Frukt färsk fryst,0.1,mg
565,Kiwi grön,Vitamin E,Frukt färsk fryst,2.2,mg
565,Kiwi grön,Vitamin D inkl 25-OH-D3,Frukt färsk fryst,0.0,µg
565,Kiwi grön,Vitamin D,Frukt färsk fryst,0.0,µg
565,Kiwi grön,Vitamin C,Frukt färsk fryst,71.0,mg
565,Kiwi grön,Vitamin B6,Frukt färsk fryst,0.09,mg
565,Kiwi grön,Vitamin B12,Frukt färsk fryst,0.0,µg
565,Kiwi grön,Vitamin A,Frukt färsk fryst,3.3,RE/µg
565,Kiwi grön,Vatten,Frukt färsk fryst,85.4,g
565,Kiwi grön,Tiamin,Frukt färsk fryst,0.0,mg
565,Kiwi grön,Tillsatt socker,Frukt färsk fryst,0.0,g
565,Kiwi grön,Fritt socker,Frukt färsk fryst,0.0,g
565,Kiwi grön,"Selen, Se",Frukt färsk fryst,0.0,µg
565,Kiwi grön,Sackaros,Frukt färsk fryst,0.0,g
565,Kiwi grön,Riboflavin,Frukt färsk fryst,0.0,mg
565,Kiwi grön,Retinol,Frukt färsk fryst,0.0,µg
565,Kiwi grön,Protein,Frukt färsk fryst,0.8,g
565,Kiwi grön,Summa fleromättade fettsyror,Frukt färsk fryst,0.4,g
565,Kiwi grön,"Fosfor, P",Frukt färsk fryst,33.0,mg
565,Kiwi grön,Niacinekvivalenter,Frukt färsk fryst,0.4,NE/mg
565,Kiwi grön,Niacin,Frukt färsk fryst,0.3,mg
565,Kiwi grön,"Salt, NaCl",Frukt färsk fryst,0.0,g
565,Kiwi grön,"Natrium, Na",Frukt färsk fryst,1.0,mg
565,Kiwi grön,Monosackarider,Frukt färsk fryst,8.1,g
565,Kiwi grön,"Sockerarter, totalt",Frukt färsk fryst,8.3,g
565,Kiwi grön,Summa enkelomättade fettsyror,Frukt färsk fryst,0.1,g
565,Kiwi grön,"Magnesium, Mg",Frukt färsk fryst,13.0,mg
565,Kiwi grön,Summa mättade fettsyror,Frukt färsk fryst,0.0,g
565,Kiwi grön,"Kolhydrater, tillgängliga",Frukt färsk fryst,9.6,g
565,Kiwi grön,Kolesterol,Frukt färsk fryst,0.0,mg
565,Kiwi grön,"Kalium, K",Frukt färsk fryst,289.0,mg
565,Kiwi grön,"Jod, I",Frukt färsk fryst,2.0,µg
565,Kiwi grön,Fullkorn totalt,Frukt färsk fryst,0.0,g
565,Kiwi grön,"Folat, totalt",Frukt färsk fryst,33.0,µg
565,Kiwi grön,Fibrer,Frukt färsk fryst,2.7,g
565,Kiwi grön,"Fett, totalt",Frukt färsk fryst,0.9,g
565,Kiwi grön,"Järn, Fe",Frukt färsk fryst,0.2,mg
565,Kiwi grön,Energi (kJ),Frukt färsk fryst,232.0,kJ
565,Kiwi grön,Energi (kcal),Frukt färsk fryst,55.0,kcal
565,Kiwi grön,Disackarider,Frukt färsk fryst,0.2,g
565,Kiwi grön,"Kalcium, Ca",Frukt färsk fryst,33.0,mg
565,Kiwi grön,Fettsyra 4:0-10:0,Frukt färsk fryst,0.0,g
565,Kiwi grön,DHA (C22:6),Frukt färsk fryst,0.0,g
565,Kiwi grön,DPA (C22:5),Frukt färsk fryst,0.0,g
565,Kiwi grön,EPA (C20:5),Frukt färsk fryst,0.0,g
565,Kiwi grön,Arakidonsyra C20:4,Frukt färsk fryst,0.0,g
565,Kiwi grön,Arakidinsyra C20:0,Frukt färsk fryst,0.0,g
565,Kiwi grön,Linolensyra C18:3,Frukt färsk fryst,0.1,g
565,Kiwi grön,Linolsyra C18:2,Frukt färsk fryst,0.4,g
565,Kiwi grön,Oljesyra C18:1,Frukt färsk fryst,0.1,g
565,Kiwi grön,Stearinsyra C18:0,Frukt färsk fryst,0.0,g
565,Kiwi grön,Palmitoljesyra C16:1,Frukt färsk fryst,0.0,g
565,Kiwi grön,Palmitinsyra C16:0,Frukt färsk fryst,0.0,g
565,Kiwi grön,Myristinsyra C14:0,Frukt färsk fryst,0.0,g
565,Kiwi grön,Laurinsyra C12:0,Frukt färsk fryst,0.0,g
565,Kiwi grön,Betakaroten/β-Karoten,Frukt färsk fryst,39.0,µg
565,Kiwi grön,Avfall (skal etc.),Frukt färsk fryst,15.0,%
565,Kiwi grön,Aska,Frukt färsk fryst,0.6,g
565,Kiwi grön,Alkohol,Frukt färsk fryst,0.0,g
566,Krusbär,"Zink, Zn",Bär färska frysta,0.1,mg
566,Krusbär,Vitamin E,Bär färska frysta,0.4,mg
566,Krusbär,Vitamin D inkl 25-OH-D3,Bär färska frysta,0.0,µg
566,Krusbär,Vitamin D,Bär färska frysta,0.0,µg
566,Krusbär,Vitamin C,Bär färska frysta,28.3,mg
566,Krusbär,Vitamin B6,Bär färska frysta,0.08,mg
566,Krusbär,Vitamin B12,Bär färska frysta,0.0,µg
566,Krusbär,Vitamin A,Bär färska frysta,10.4,RE/µg
566,Krusbär,Vatten,Bär färska frysta,89.0,g
566,Krusbär,Tiamin,Bär färska frysta,0.04,mg
566,Krusbär,Tillsatt socker,Bär färska frysta,0.0,g
566,Krusbär,Fritt socker,Bär färska frysta,0.0,g
566,Krusbär,"Selen, Se",Bär färska frysta,0.0,µg
566,Krusbär,Sackaros,Bär färska frysta,0.2,g
566,Krusbär,Riboflavin,Bär färska frysta,0.03,mg
566,Krusbär,Retinol,Bär färska frysta,0.0,µg
566,Krusbär,Protein,Bär färska frysta,0.8,g
566,Krusbär,Summa fleromättade fettsyror,Bär färska frysta,0.4,g
566,Krusbär,"Fosfor, P",Bär färska frysta,28.0,mg
566,Krusbär,Niacinekvivalenter,Bär färska frysta,0.43,NE/mg
566,Krusbär,Niacin,Bär färska frysta,0.3,mg
566,Krusbär,"Salt, NaCl",Bär färska frysta,0.0,g
566,Krusbär,"Natrium, Na",Bär färska frysta,3.0,mg
566,Krusbär,Monosackarider,Bär färska frysta,5.2,g
566,Krusbär,"Sockerarter, totalt",Bär färska frysta,5.4,g
566,Krusbär,Summa enkelomättade fettsyror,Bär färska frysta,0.1,g
566,Krusbär,"Magnesium, Mg",Bär färska frysta,10.0,mg
566,Krusbär,Summa mättade fettsyror,Bär färska frysta,0.1,g
566,Krusbär,"Kolhydrater, tillgängliga",Bär färska frysta,5.7,g
566,Krusbär,Kolesterol,Bär färska frysta,0.0,mg
566,Krusbär,"Kalium, K",Bär färska frysta,148.0,mg
566,Krusbär,"Jod, I",Bär färska frysta,0.3,µg
566,Krusbär,Fullkorn totalt,Bär färska frysta,0.0,g
566,Krusbär,"Folat, totalt",Bär färska frysta,9.3,µg
566,Krusbär,Fibrer,Bär färska frysta,3.4,g
566,Krusbär,"Fett, totalt",Bär färska frysta,0.6,g
566,Krusbär,"Järn, Fe",Bär färska frysta,0.4,mg
566,Krusbär,Energi (kJ),Bär färska frysta,160.0,kJ
566,Krusbär,Energi (kcal),Bär färska frysta,38.0,kcal
566,Krusbär,Disackarider,Bär färska frysta,0.2,g
566,Krusbär,"Kalcium, Ca",Bär färska frysta,34.0,mg
566,Krusbär,Fettsyra 4:0-10:0,Bär färska frysta,0.0,g
566,Krusbär,DHA (C22:6),Bär färska frysta,0.0,g
566,Krusbär,DPA (C22:5),Bär färska frysta,0.0,g
566,Krusbär,EPA (C20:5),Bär färska frysta,0.0,g
566,Krusbär,Arakidonsyra C20:4,Bär färska frysta,0.0,g
566,Krusbär,Arakidinsyra C20:0,Bär färska frysta,0.0,g
566,Krusbär,Linolensyra C18:3,Bär färska frysta,0.1,g
566,Krusbär,Linolsyra C18:2,Bär färska frysta,0.2,g
566,Krusbär,Oljesyra C18:1,Bär färska frysta,0.1,g
566,Krusbär,Stearinsyra C18:0,Bär färska frysta,0.0,g
566,Krusbär,Palmitoljesyra C16:1,Bär färska frysta,0.0,g
566,Krusbär,Palmitinsyra C16:0,Bär färska frysta,0.1,g
566,Krusbär,Myristinsyra C14:0,Bär färska frysta,0.0,g
566,Krusbär,Laurinsyra C12:0,Bär färska frysta,0.0,g
566,Krusbär,Betakaroten/β-Karoten,Bär färska frysta,119.0,µg
566,Krusbär,Avfall (skal etc.),Bär färska frysta,1.0,%
566,Krusbär,Aska,Bär färska frysta,0.5,g
566,Krusbär,Alkohol,Bär färska frysta,0.0,g
567,Physalis,"Zink, Zn",Frukt färsk fryst,0.4,mg
567,Physalis,Vitamin E,Frukt färsk fryst,0.7,mg
567,Physalis,Vitamin D inkl 25-OH-D3,Frukt färsk fryst,0.0,µg
567,Physalis,Vitamin D,Frukt färsk fryst,0.0,µg
567,Physalis,Vitamin C,Frukt färsk fryst,45.5,mg
567,Physalis,Vitamin B6,Frukt färsk fryst,0.26,mg
567,Physalis,Vitamin B12,Frukt färsk fryst,0.0,µg
567,Physalis,Vitamin A,Frukt färsk fryst,139.8,RE/µg
567,Physalis,Vatten,Frukt färsk fryst,80.3,g
567,Physalis,Tiamin,Frukt färsk fryst,0.1,mg
567,Physalis,Tillsatt socker,Frukt färsk fryst,0.0,g
567,Physalis,Fritt socker,Frukt färsk fryst,0.0,g
567,Physalis,"Selen, Se",Frukt färsk fryst,1.6,µg
567,Physalis,Sackaros,Frukt färsk fryst,3.4,g
567,Physalis,Riboflavin,Frukt färsk fryst,0.06,mg
567,Physalis,Retinol,Frukt färsk fryst,0.0,µg
567,Physalis,Protein,Frukt färsk fryst,1.8,g
567,Physalis,Summa fleromättade fettsyror,Frukt färsk fryst,0.1,g
567,Physalis,"Fosfor, P",Frukt färsk fryst,39.0,mg
567,Physalis,Niacinekvivalenter,Frukt färsk fryst,1.8,NE/mg
567,Physalis,Niacin,Frukt färsk fryst,1.5,mg
567,Physalis,"Salt, NaCl",Frukt färsk fryst,0.0,g
567,Physalis,"Natrium, Na",Frukt färsk fryst,1.0,mg
567,Physalis,Monosackarider,Frukt färsk fryst,8.3,g
567,Physalis,"Sockerarter, totalt",Frukt färsk fryst,11.7,g
567,Physalis,Summa enkelomättade fettsyror,Frukt färsk fryst,0.1,g
567,Physalis,"Magnesium, Mg",Frukt färsk fryst,23.0,mg
567,Physalis,Summa mättade fettsyror,Frukt färsk fryst,0.2,g
567,Physalis,"Kolhydrater, tillgängliga",Frukt färsk fryst,8.9,g
567,Physalis,Kolesterol,Frukt färsk fryst,0.0,mg
567,Physalis,"Kalium, K",Frukt färsk fryst,382.0,mg
567,Physalis,"Jod, I",Frukt färsk fryst,1.0,µg
567,Physalis,Fullkorn totalt,Frukt färsk fryst,0.0,g
567,Physalis,"Folat, totalt",Frukt färsk fryst,50.5,µg
567,Physalis,Fibrer,Frukt färsk fryst,4.2,g
567,Physalis,"Fett, totalt",Frukt färsk fryst,0.6,g
567,Physalis,"Järn, Fe",Frukt färsk fryst,0.8,mg
567,Physalis,Energi (kJ),Frukt färsk fryst,239.0,kJ
567,Physalis,Energi (kcal),Frukt färsk fryst,57.0,kcal
567,Physalis,Disackarider,Frukt färsk fryst,3.4,g
567,Physalis,"Kalcium, Ca",Frukt färsk fryst,8.0,mg
567,Physalis,Fettsyra 4:0-10:0,Frukt färsk fryst,0.1,g
567,Physalis,DHA (C22:6),Frukt färsk fryst,0.0,g
567,Physalis,DPA (C22:5),Frukt färsk fryst,0.0,g
567,Physalis,EPA (C20:5),Frukt färsk fryst,0.0,g
567,Physalis,Arakidonsyra C20:4,Frukt färsk fryst,0.0,g
567,Physalis,Arakidinsyra C20:0,Frukt färsk fryst,0.0,g
567,Physalis,Linolensyra C18:3,Frukt färsk fryst,0.1,g
567,Physalis,Linolsyra C18:2,Frukt färsk fryst,0.0,g
567,Physalis,Oljesyra C18:1,Frukt färsk fryst,0.1,g
567,Physalis,Stearinsyra C18:0,Frukt färsk fryst,0.0,g
567,Physalis,Palmitoljesyra C16:1,Frukt färsk fryst,0.0,g
567,Physalis,Palmitinsyra C16:0,Frukt färsk fryst,0.1,g
567,Physalis,Myristinsyra C14:0,Frukt färsk fryst,0.0,g
567,Physalis,Laurinsyra C12:0,Frukt färsk fryst,0.0,g
567,Physalis,Betakaroten/β-Karoten,Frukt färsk fryst,1650.0,µg
567,Physalis,Avfall (skal etc.),Frukt färsk fryst,5.0,%
567,Physalis,Aska,Frukt färsk fryst,4.2,g
567,Physalis,Alkohol,Frukt färsk fryst,0.0,g
568,Kumquat,"Zink, Zn",Frukt färsk fryst,0.1,mg
568,Kumquat,Vitamin E,Frukt färsk fryst,2.6,mg
568,Kumquat,Vitamin D inkl 25-OH-D3,Frukt färsk fryst,0.0,µg
568,Kumquat,Vitamin D,Frukt färsk fryst,0.0,µg
568,Kumquat,Vitamin C,Frukt färsk fryst,49.0,mg
568,Kumquat,Vitamin B6,Frukt färsk fryst,0.06,mg
568,Kumquat,Vitamin B12,Frukt färsk fryst,0.0,µg
568,Kumquat,Vitamin A,Frukt färsk fryst,10.7,RE/µg
568,Kumquat,Vatten,Frukt färsk fryst,80.8,g
568,Kumquat,Tiamin,Frukt färsk fryst,0.1,mg
568,Kumquat,Tillsatt socker,Frukt färsk fryst,0.0,g
568,Kumquat,Fritt socker,Frukt färsk fryst,0.0,g
568,Kumquat,"Selen, Se",Frukt färsk fryst,2.0,µg
568,Kumquat,Sackaros,Frukt färsk fryst,3.6,g
568,Kumquat,Riboflavin,Frukt färsk fryst,0.06,mg
568,Kumquat,Retinol,Frukt färsk fryst,0.0,µg
568,Kumquat,Protein,Frukt färsk fryst,0.5,g
568,Kumquat,Summa fleromättade fettsyror,Frukt färsk fryst,0.2,g
568,Kumquat,"Fosfor, P",Frukt färsk fryst,12.0,mg
568,Kumquat,Niacinekvivalenter,Frukt färsk fryst,0.7,NE/mg
568,Kumquat,Niacin,Frukt färsk fryst,0.6,mg
568,Kumquat,"Salt, NaCl",Frukt färsk fryst,0.0,g
568,Kumquat,"Natrium, Na",Frukt färsk fryst,2.0,mg
568,Kumquat,Monosackarider,Frukt färsk fryst,5.7,g
568,Kumquat,"Sockerarter, totalt",Frukt färsk fryst,9.3,g
568,Kumquat,Summa enkelomättade fettsyror,Frukt färsk fryst,0.1,g
568,Kumquat,"Magnesium, Mg",Frukt färsk fryst,19.0,mg
568,Kumquat,Summa mättade fettsyror,Frukt färsk fryst,0.1,g
568,Kumquat,"Kolhydrater, tillgängliga",Frukt färsk fryst,12.9,g
568,Kumquat,Kolesterol,Frukt färsk fryst,0.0,mg
568,Kumquat,"Kalium, K",Frukt färsk fryst,180.0,mg
568,Kumquat,"Jod, I",Frukt färsk fryst,0.5,µg
568,Kumquat,Fullkorn totalt,Frukt färsk fryst,0.0,g
568,Kumquat,"Folat, totalt",Frukt färsk fryst,20.0,µg
568,Kumquat,Fibrer,Frukt färsk fryst,4.6,g
568,Kumquat,"Fett, totalt",Frukt färsk fryst,0.7,g
568,Kumquat,"Järn, Fe",Frukt färsk fryst,0.3,mg
568,Kumquat,Energi (kJ),Frukt färsk fryst,290.0,kJ
568,Kumquat,Energi (kcal),Frukt färsk fryst,69.0,kcal
568,Kumquat,Disackarider,Frukt färsk fryst,3.6,g
568,Kumquat,"Kalcium, Ca",Frukt färsk fryst,80.0,mg
568,Kumquat,Fettsyra 4:0-10:0,Frukt färsk fryst,0.0,g
568,Kumquat,DHA (C22:6),Frukt färsk fryst,0.0,g
568,Kumquat,DPA (C22:5),Frukt färsk fryst,0.0,g
568,Kumquat,EPA (C20:5),Frukt färsk fryst,0.0,g
568,Kumquat,Arakidonsyra C20:4,Frukt färsk fryst,0.0,g
568,Kumquat,Arakidinsyra C20:0,Frukt färsk fryst,0.0,g
568,Kumquat,Linolensyra C18:3,Frukt färsk fryst,0.1,g
568,Kumquat,Linolsyra C18:2,Frukt färsk fryst,0.1,g
568,Kumquat,Oljesyra C18:1,Frukt färsk fryst,0.1,g
568,Kumquat,Stearinsyra C18:0,Frukt färsk fryst,0.0,g
568,Kumquat,Palmitoljesyra C16:1,Frukt färsk fryst,0.0,g
568,Kumquat,Palmitinsyra C16:0,Frukt färsk fryst,0.1,g
568,Kumquat,Myristinsyra C14:0,Frukt färsk fryst,0.0,g
568,Kumquat,Laurinsyra C12:0,Frukt färsk fryst,0.0,g
568,Kumquat,Betakaroten/β-Karoten,Frukt färsk fryst,28.0,µg
568,Kumquat,Avfall (skal etc.),Frukt färsk fryst,7.0,%
568,Kumquat,Aska,Frukt färsk fryst,0.5,g
568,Kumquat,Alkohol,Frukt färsk fryst,0.0,g
569,Kvitten,"Zink, Zn",Frukt färsk fryst,0.1,mg
569,Kvitten,Vitamin E,Frukt färsk fryst,0.1,mg
569,Kvitten,Vitamin D inkl 25-OH-D3,Frukt färsk fryst,0.0,µg
569,Kvitten,Vitamin D,Frukt färsk fryst,0.0,µg
569,Kvitten,Vitamin C,Frukt färsk fryst,15.0,mg
569,Kvitten,Vitamin B6,Frukt färsk fryst,0.04,mg
569,Kvitten,Vitamin B12,Frukt färsk fryst,0.0,µg
569,Kvitten,Vitamin A,Frukt färsk fryst,2.0,RE/µg
569,Kvitten,Vatten,Frukt färsk fryst,82.0,g
569,Kvitten,Tiamin,Frukt färsk fryst,0.02,mg
569,Kvitten,Tillsatt socker,Frukt färsk fryst,0.0,g
569,Kvitten,Fritt socker,Frukt färsk fryst,0.0,g
569,Kvitten,"Selen, Se",Frukt färsk fryst,1.0,µg
569,Kvitten,Sackaros,Frukt färsk fryst,0.6,g
569,Kvitten,Riboflavin,Frukt färsk fryst,0.03,mg
569,Kvitten,Retinol,Frukt färsk fryst,0.0,µg
569,Kvitten,Protein,Frukt färsk fryst,0.4,g
569,Kvitten,Summa fleromättade fettsyror,Frukt färsk fryst,0.0,g
569,Kvitten,"Fosfor, P",Frukt färsk fryst,17.0,mg
569,Kvitten,Niacinekvivalenter,Frukt färsk fryst,0.27,NE/mg
569,Kvitten,Niacin,Frukt färsk fryst,0.2,mg
569,Kvitten,"Salt, NaCl",Frukt färsk fryst,0.0,g
569,Kvitten,"Natrium, Na",Frukt färsk fryst,4.0,mg
569,Kvitten,Monosackarider,Frukt färsk fryst,6.7,g
569,Kvitten,"Sockerarter, totalt",Frukt färsk fryst,7.3,g
569,Kvitten,Summa enkelomättade fettsyror,Frukt färsk fryst,0.0,g
569,Kvitten,"Magnesium, Mg",Frukt färsk fryst,8.0,mg
569,Kvitten,Summa mättade fettsyror,Frukt färsk fryst,0.0,g
569,Kvitten,"Kolhydrater, tillgängliga",Frukt färsk fryst,13.1,g
569,Kvitten,Kolesterol,Frukt färsk fryst,0.0,mg
569,Kvitten,"Kalium, K",Frukt färsk fryst,197.0,mg
569,Kvitten,"Jod, I",Frukt färsk fryst,0.4,µg
569,Kvitten,Fullkorn totalt,Frukt färsk fryst,0.0,g
569,Kvitten,"Folat, totalt",Frukt färsk fryst,3.0,µg
569,Kvitten,Fibrer,Frukt färsk fryst,4.0,g
569,Kvitten,"Fett, totalt",Frukt färsk fryst,0.1,g
569,Kvitten,"Järn, Fe",Frukt färsk fryst,0.7,mg
569,Kvitten,Energi (kJ),Frukt färsk fryst,265.0,kJ
569,Kvitten,Energi (kcal),Frukt färsk fryst,63.0,kcal
569,Kvitten,Disackarider,Frukt färsk fryst,0.6,g
569,Kvitten,"Kalcium, Ca",Frukt färsk fryst,11.0,mg
569,Kvitten,Fettsyra 4:0-10:0,Frukt färsk fryst,0.0,g
569,Kvitten,DHA (C22:6),Frukt färsk fryst,0.0,g
569,Kvitten,DPA (C22:5),Frukt färsk fryst,0.0,g
569,Kvitten,EPA (C20:5),Frukt färsk fryst,0.0,g
569,Kvitten,Arakidonsyra C20:4,Frukt färsk fryst,0.0,g
569,Kvitten,Arakidinsyra C20:0,Frukt färsk fryst,0.0,g
569,Kvitten,Linolensyra C18:3,Frukt färsk fryst,0.0,g
569,Kvitten,Linolsyra C18:2,Frukt färsk fryst,0.0,g
569,Kvitten,Oljesyra C18:1,Frukt färsk fryst,0.0,g
569,Kvitten,Stearinsyra C18:0,Frukt färsk fryst,0.0,g
569,Kvitten,Palmitoljesyra C16:1,Frukt färsk fryst,0.0,g
569,Kvitten,Palmitinsyra C16:0,Frukt färsk fryst,0.0,g
569,Kvitten,Myristinsyra C14:0,Frukt färsk fryst,0.0,g
569,Kvitten,Laurinsyra C12:0,Frukt färsk fryst,0.0,g
569,Kvitten,Betakaroten/β-Karoten,Frukt färsk fryst,24.0,µg
569,Kvitten,Avfall (skal etc.),Frukt färsk fryst,39.0,%
569,Kvitten,Aska,Frukt färsk fryst,0.4,g
569,Kvitten,Alkohol,Frukt färsk fryst,0.0,g
570,Surkörsbär,"Zink, Zn",Bär färska frysta,0.1,mg
570,Surkörsbär,Vitamin E,Bär färska frysta,0.6,mg
570,Surkörsbär,Vitamin D inkl 25-OH-D3,Bär färska frysta,0.0,µg
570,Surkörsbär,Vitamin D,Bär färska frysta,0.0,µg
570,Surkörsbär,Vitamin C,Bär färska frysta,4.4,mg
570,Surkörsbär,Vitamin B6,Bär färska frysta,0.05,mg
570,Surkörsbär,Vitamin B12,Bär färska frysta,0.0,µg
570,Surkörsbär,Vitamin A,Bär färska frysta,16.0,RE/µg
570,Surkörsbär,Vatten,Bär färska frysta,83.8,g
570,Surkörsbär,Tiamin,Bär färska frysta,0.01,mg
570,Surkörsbär,Tillsatt socker,Bär färska frysta,0.0,g
570,Surkörsbär,Fritt socker,Bär färska frysta,0.0,g
570,Surkörsbär,"Selen, Se",Bär färska frysta,0.0,µg
570,Surkörsbär,Sackaros,Bär färska frysta,0.0,g
570,Surkörsbär,Riboflavin,Bär färska frysta,0.02,mg
570,Surkörsbär,Retinol,Bär färska frysta,0.0,µg
570,Surkörsbär,Protein,Bär färska frysta,0.9,g
570,Surkörsbär,Summa fleromättade fettsyror,Bär färska frysta,0.0,g
570,Surkörsbär,"Fosfor, P",Bär färska frysta,18.0,mg
570,Surkörsbär,Niacinekvivalenter,Bär färska frysta,0.4,NE/mg
570,Surkörsbär,Niacin,Bär färska frysta,0.3,mg
570,Surkörsbär,"Salt, NaCl",Bär färska frysta,0.0,g
570,Surkörsbär,"Natrium, Na",Bär färska frysta,0.0,mg
570,Surkörsbär,Monosackarider,Bär färska frysta,15.4,g
570,Surkörsbär,"Sockerarter, totalt",Bär färska frysta,15.4,g
570,Surkörsbär,Summa enkelomättade fettsyror,Bär färska frysta,0.0,g
570,Surkörsbär,"Magnesium, Mg",Bär färska frysta,9.0,mg
570,Surkörsbär,Summa mättade fettsyror,Bär färska frysta,0.0,g
570,Surkörsbär,"Kolhydrater, tillgängliga",Bär färska frysta,13.3,g
570,Surkörsbär,Kolesterol,Bär färska frysta,0.0,mg
570,Surkörsbär,"Kalium, K",Bär färska frysta,220.0,mg
570,Surkörsbär,"Jod, I",Bär färska frysta,0.2,µg
570,Surkörsbär,Fullkorn totalt,Bär färska frysta,0.0,g
570,Surkörsbär,"Folat, totalt",Bär färska frysta,9.7,µg
570,Surkörsbär,Fibrer,Bär färska frysta,1.4,g
570,Surkörsbär,"Fett, totalt",Bär färska frysta,0.1,g
570,Surkörsbär,"Järn, Fe",Bär färska frysta,0.2,mg
570,Surkörsbär,Energi (kJ),Bär färska frysta,256.0,kJ
570,Surkörsbär,Energi (kcal),Bär färska frysta,61.0,kcal
570,Surkörsbär,Disackarider,Bär färska frysta,0.0,g
570,Surkörsbär,"Kalcium, Ca",Bär färska frysta,16.0,mg
570,Surkörsbär,Fettsyra 4:0-10:0,Bär färska frysta,0.0,g
570,Surkörsbär,DHA (C22:6),Bär färska frysta,0.0,g
570,Surkörsbär,DPA (C22:5),Bär färska frysta,0.0,g
570,Surkörsbär,EPA (C20:5),Bär färska frysta,0.0,g
570,Surkörsbär,Arakidonsyra C20:4,Bär färska frysta,0.0,g
570,Surkörsbär,Arakidinsyra C20:0,Bär färska frysta,0.0,g
570,Surkörsbär,Linolensyra C18:3,Bär färska frysta,0.0,g
570,Surkörsbär,Linolsyra C18:2,Bär färska frysta,0.0,g
570,Surkörsbär,Oljesyra C18:1,Bär färska frysta,0.0,g
570,Surkörsbär,Stearinsyra C18:0,Bär färska frysta,0.0,g
570,Surkörsbär,Palmitoljesyra C16:1,Bär färska frysta,0.0,g
570,Surkörsbär,Palmitinsyra C16:0,Bär färska frysta,0.0,g
570,Surkörsbär,Myristinsyra C14:0,Bär färska frysta,0.0,g
570,Surkörsbär,Laurinsyra C12:0,Bär färska frysta,0.0,g
570,Surkörsbär,Betakaroten/β-Karoten,Bär färska frysta,178.0,µg
570,Surkörsbär,Avfall (skal etc.),Bär färska frysta,10.0,%
570,Surkörsbär,Aska,Bär färska frysta,0.5,g
570,Surkörsbär,Alkohol,Bär färska frysta,0.0,g
571,Sötkörsbär,"Zink, Zn",Frukt färsk fryst,0.1,mg
571,Sötkörsbär,Vitamin E,Frukt färsk fryst,0.6,mg
571,Sötkörsbär,Vitamin D inkl 25-OH-D3,Frukt färsk fryst,0.0,µg
571,Sötkörsbär,Vitamin D,Frukt färsk fryst,0.0,µg
571,Sötkörsbär,Vitamin C,Frukt färsk fryst,12.3,mg
571,Sötkörsbär,Vitamin B6,Frukt färsk fryst,0.07,mg
571,Sötkörsbär,Vitamin B12,Frukt färsk fryst,0.0,µg
571,Sötkörsbär,Vitamin A,Frukt färsk fryst,5.9,RE/µg
571,Sötkörsbär,Vatten,Frukt färsk fryst,81.6,g
571,Sötkörsbär,Tiamin,Frukt färsk fryst,0.02,mg
571,Sötkörsbär,Tillsatt socker,Frukt färsk fryst,0.0,g
571,Sötkörsbär,Fritt socker,Frukt färsk fryst,0.0,g
571,Sötkörsbär,"Selen, Se",Frukt färsk fryst,0.0,µg
571,Sötkörsbär,Sackaros,Frukt färsk fryst,0.0,g
571,Sötkörsbär,Riboflavin,Frukt färsk fryst,0.03,mg
571,Sötkörsbär,Retinol,Frukt färsk fryst,0.0,µg
571,Sötkörsbär,Protein,Frukt färsk fryst,1.1,g
571,Sötkörsbär,Summa fleromättade fettsyror,Frukt färsk fryst,0.0,g
571,Sötkörsbär,"Fosfor, P",Frukt färsk fryst,22.0,mg
571,Sötkörsbär,Niacinekvivalenter,Frukt färsk fryst,0.33,NE/mg
571,Sötkörsbär,Niacin,Frukt färsk fryst,0.2,mg
571,Sötkörsbär,"Salt, NaCl",Frukt färsk fryst,0.0,g
571,Sötkörsbär,"Natrium, Na",Frukt färsk fryst,1.0,mg
571,Sötkörsbär,Monosackarider,Frukt färsk fryst,14.6,g
571,Sötkörsbär,"Sockerarter, totalt",Frukt färsk fryst,14.6,g
571,Sötkörsbär,Summa enkelomättade fettsyror,Frukt färsk fryst,0.0,g
571,Sötkörsbär,"Magnesium, Mg",Frukt färsk fryst,8.0,mg
571,Sötkörsbär,Summa mättade fettsyror,Frukt färsk fryst,0.0,g
571,Sötkörsbär,"Kolhydrater, tillgängliga",Frukt färsk fryst,14.7,g
571,Sötkörsbär,Kolesterol,Frukt färsk fryst,0.0,mg
571,Sötkörsbär,"Kalium, K",Frukt färsk fryst,286.0,mg
571,Sötkörsbär,"Jod, I",Frukt färsk fryst,0.2,µg
571,Sötkörsbär,Fullkorn totalt,Frukt färsk fryst,0.0,g
571,Sötkörsbär,"Folat, totalt",Frukt färsk fryst,24.7,µg
571,Sötkörsbär,Fibrer,Frukt färsk fryst,1.9,g
571,Sötkörsbär,"Fett, totalt",Frukt färsk fryst,0.1,g
571,Sötkörsbär,"Järn, Fe",Frukt färsk fryst,0.3,mg
571,Sötkörsbär,Energi (kJ),Frukt färsk fryst,287.0,kJ
571,Sötkörsbär,Energi (kcal),Frukt färsk fryst,69.0,kcal
571,Sötkörsbär,Disackarider,Frukt färsk fryst,0.0,g
571,Sötkörsbär,"Kalcium, Ca",Frukt färsk fryst,17.0,mg
571,Sötkörsbär,Fettsyra 4:0-10:0,Frukt färsk fryst,0.0,g
571,Sötkörsbär,DHA (C22:6),Frukt färsk fryst,0.0,g
571,Sötkörsbär,DPA (C22:5),Frukt färsk fryst,0.0,g
571,Sötkörsbär,EPA (C20:5),Frukt färsk fryst,0.0,g
571,Sötkörsbär,Arakidonsyra C20:4,Frukt färsk fryst,0.0,g
571,Sötkörsbär,Arakidinsyra C20:0,Frukt färsk fryst,0.0,g
571,Sötkörsbär,Linolensyra C18:3,Frukt färsk fryst,0.0,g
571,Sötkörsbär,Linolsyra C18:2,Frukt färsk fryst,0.0,g
571,Sötkörsbär,Oljesyra C18:1,Frukt färsk fryst,0.0,g
571,Sötkörsbär,Stearinsyra C18:0,Frukt färsk fryst,0.0,g
571,Sötkörsbär,Palmitoljesyra C16:1,Frukt färsk fryst,0.0,g
571,Sötkörsbär,Palmitinsyra C16:0,Frukt färsk fryst,0.0,g
571,Sötkörsbär,Myristinsyra C14:0,Frukt färsk fryst,0.0,g
571,Sötkörsbär,Laurinsyra C12:0,Frukt färsk fryst,0.0,g
571,Sötkörsbär,Betakaroten/β-Karoten,Frukt färsk fryst,61.0,µg
571,Sötkörsbär,Avfall (skal etc.),Frukt färsk fryst,10.0,%
571,Sötkörsbär,Aska,Frukt färsk fryst,0.6,g
571,Sötkörsbär,Alkohol,Frukt färsk fryst,0.0,g
572,Lime,"Zink, Zn",Frukt färsk fryst,0.1,mg
572,Lime,Vitamin E,Frukt färsk fryst,0.2,mg
572,Lime,Vitamin D inkl 25-OH-D3,Frukt färsk fryst,0.0,µg
572,Lime,Vitamin D,Frukt färsk fryst,0.0,µg
572,Lime,Vitamin C,Frukt färsk fryst,29.0,mg
572,Lime,Vitamin B6,Frukt färsk fryst,0.08,mg
572,Lime,Vitamin B12,Frukt färsk fryst,0.0,µg
572,Lime,Vitamin A,Frukt färsk fryst,0.5,RE/µg
572,Lime,Vatten,Frukt färsk fryst,88.0,g
572,Lime,Tiamin,Frukt färsk fryst,0.03,mg
572,Lime,Tillsatt socker,Frukt färsk fryst,0.0,g
572,Lime,Fritt socker,Frukt färsk fryst,0.0,g
572,Lime,"Selen, Se",Frukt färsk fryst,0.2,µg
572,Lime,Sackaros,Frukt färsk fryst,0.0,g
572,Lime,Riboflavin,Frukt färsk fryst,0.02,mg
572,Lime,Retinol,Frukt färsk fryst,0.0,µg
572,Lime,Protein,Frukt färsk fryst,0.7,g
572,Lime,Summa fleromättade fettsyror,Frukt färsk fryst,0.1,g
572,Lime,"Fosfor, P",Frukt färsk fryst,18.0,mg
572,Lime,Niacinekvivalenter,Frukt färsk fryst,0.32,NE/mg
572,Lime,Niacin,Frukt färsk fryst,0.2,mg
572,Lime,"Salt, NaCl",Frukt färsk fryst,0.0,g
572,Lime,"Natrium, Na",Frukt färsk fryst,2.0,mg
572,Lime,Monosackarider,Frukt färsk fryst,0.6,g
572,Lime,"Sockerarter, totalt",Frukt färsk fryst,0.6,g
572,Lime,Summa enkelomättade fettsyror,Frukt färsk fryst,0.0,g
572,Lime,"Magnesium, Mg",Frukt färsk fryst,9.0,mg
572,Lime,Summa mättade fettsyror,Frukt färsk fryst,0.0,g
572,Lime,"Kolhydrater, tillgängliga",Frukt färsk fryst,10.3,g
572,Lime,Kolesterol,Frukt färsk fryst,0.0,mg
572,Lime,"Kalium, K",Frukt färsk fryst,102.0,mg
572,Lime,"Jod, I",Frukt färsk fryst,0.0,µg
572,Lime,Fullkorn totalt,Frukt färsk fryst,0.0,g
572,Lime,"Folat, totalt",Frukt färsk fryst,8.0,µg
572,Lime,Fibrer,Frukt färsk fryst,0.5,g
572,Lime,"Fett, totalt",Frukt färsk fryst,0.2,g
572,Lime,"Järn, Fe",Frukt färsk fryst,0.6,mg
572,Lime,Energi (kJ),Frukt färsk fryst,198.0,kJ
572,Lime,Energi (kcal),Frukt färsk fryst,47.0,kcal
572,Lime,Disackarider,Frukt färsk fryst,0.0,g
572,Lime,"Kalcium, Ca",Frukt färsk fryst,33.0,mg
572,Lime,Fettsyra 4:0-10:0,Frukt färsk fryst,0.0,g
572,Lime,DHA (C22:6),Frukt färsk fryst,0.0,g
572,Lime,DPA (C22:5),Frukt färsk fryst,0.0,g
572,Lime,EPA (C20:5),Frukt färsk fryst,0.0,g
572,Lime,Arakidonsyra C20:4,Frukt färsk fryst,0.0,g
572,Lime,Arakidinsyra C20:0,Frukt färsk fryst,0.0,g
572,Lime,Linolensyra C18:3,Frukt färsk fryst,0.0,g
572,Lime,Linolsyra C18:2,Frukt färsk fryst,0.0,g
572,Lime,Oljesyra C18:1,Frukt färsk fryst,0.0,g
572,Lime,Stearinsyra C18:0,Frukt färsk fryst,0.0,g
572,Lime,Palmitoljesyra C16:1,Frukt färsk fryst,0.0,g
572,Lime,Palmitinsyra C16:0,Frukt färsk fryst,0.0,g
572,Lime,Myristinsyra C14:0,Frukt färsk fryst,0.0,g
572,Lime,Laurinsyra C12:0,Frukt färsk fryst,0.0,g
572,Lime,Betakaroten/β-Karoten,Frukt färsk fryst,6.0,µg
572,Lime,Avfall (skal etc.),Frukt färsk fryst,16.0,%
572,Lime,Aska,Frukt färsk fryst,0.3,g
572,Lime,Alkohol,Frukt färsk fryst,0.0,g
573,Lingon,"Zink, Zn",Bär färska frysta,0.2,mg
573,Lingon,Vitamin E,Bär färska frysta,1.5,mg
573,Lingon,Vitamin D inkl 25-OH-D3,Bär färska frysta,0.0,µg
573,Lingon,Vitamin D,Bär färska frysta,0.0,µg
573,Lingon,Vitamin C,Bär färska frysta,10.7,mg
573,Lingon,Vitamin B6,Bär färska frysta,0.0,mg
573,Lingon,Vitamin B12,Bär färska frysta,0.0,µg
573,Lingon,Vitamin A,Bär färska frysta,0.7,RE/µg
573,Lingon,Vatten,Bär färska frysta,85.3,g
573,Lingon,Tiamin,Bär färska frysta,0.06,mg
573,Lingon,Tillsatt socker,Bär färska frysta,0.0,g
573,Lingon,Fritt socker,Bär färska frysta,0.0,g
573,Lingon,"Selen, Se",Bär färska frysta,0.1,µg
573,Lingon,Sackaros,Bär färska frysta,0.2,g
573,Lingon,Riboflavin,Bär färska frysta,0.0,mg
573,Lingon,Retinol,Bär färska frysta,0.0,µg
573,Lingon,Protein,Bär färska frysta,0.5,g
573,Lingon,Summa fleromättade fettsyror,Bär färska frysta,0.3,g
573,Lingon,"Fosfor, P",Bär färska frysta,17.0,mg
573,Lingon,Niacinekvivalenter,Bär färska frysta,0.6,NE/mg
573,Lingon,Niacin,Bär färska frysta,0.5,mg
573,Lingon,"Salt, NaCl",Bär färska frysta,0.0,g
573,Lingon,"Natrium, Na",Bär färska frysta,2.0,mg
573,Lingon,Monosackarider,Bär färska frysta,7.9,g
573,Lingon,"Sockerarter, totalt",Bär färska frysta,8.1,g
573,Lingon,Summa enkelomättade fettsyror,Bär färska frysta,0.1,g
573,Lingon,"Magnesium, Mg",Bär färska frysta,9.0,mg
573,Lingon,Summa mättade fettsyror,Bär färska frysta,0.0,g
573,Lingon,"Kolhydrater, tillgängliga",Bär färska frysta,10.7,g
573,Lingon,Kolesterol,Bär färska frysta,0.0,mg
573,Lingon,"Kalium, K",Bär färska frysta,80.0,mg
573,Lingon,"Jod, I",Bär färska frysta,1.0,µg
573,Lingon,Fullkorn totalt,Bär färska frysta,0.0,g
573,Lingon,"Folat, totalt",Bär färska frysta,19.6,µg
573,Lingon,Fibrer,Bär färska frysta,2.6,g
573,Lingon,"Fett, totalt",Bär färska frysta,0.7,g
573,Lingon,"Järn, Fe",Bär färska frysta,0.4,mg
573,Lingon,Energi (kJ),Bär färska frysta,236.0,kJ
573,Lingon,Energi (kcal),Bär färska frysta,56.0,kcal
573,Lingon,Disackarider,Bär färska frysta,0.2,g
573,Lingon,"Kalcium, Ca",Bär färska frysta,22.0,mg
573,Lingon,Fettsyra 4:0-10:0,Bär färska frysta,0.0,g
573,Lingon,DHA (C22:6),Bär färska frysta,0.0,g
573,Lingon,DPA (C22:5),Bär färska frysta,0.0,g
573,Lingon,EPA (C20:5),Bär färska frysta,0.0,g
573,Lingon,Arakidonsyra C20:4,Bär färska frysta,0.0,g
573,Lingon,Arakidinsyra C20:0,Bär färska frysta,0.0,g
573,Lingon,Linolensyra C18:3,Bär färska frysta,0.2,g
573,Lingon,Linolsyra C18:2,Bär färska frysta,0.1,g
573,Lingon,Oljesyra C18:1,Bär färska frysta,0.0,g
573,Lingon,Stearinsyra C18:0,Bär färska frysta,0.0,g
573,Lingon,Palmitoljesyra C16:1,Bär färska frysta,0.0,g
573,Lingon,Palmitinsyra C16:0,Bär färska frysta,0.0,g
573,Lingon,Myristinsyra C14:0,Bär färska frysta,0.0,g
573,Lingon,Laurinsyra C12:0,Bär färska frysta,0.0,g
573,Lingon,Betakaroten/β-Karoten,Bär färska frysta,8.0,µg
573,Lingon,Avfall (skal etc.),Bär färska frysta,0.0,%
573,Lingon,Aska,Bär färska frysta,0.2,g
573,Lingon,Alkohol,Bär färska frysta,0.0,g
574,Mango,"Zink, Zn",Frukt färsk fryst,0.1,mg
574,Mango,Vitamin E,Frukt färsk fryst,0.9,mg
574,Mango,Vitamin D inkl 25-OH-D3,Frukt färsk fryst,0.0,µg
574,Mango,Vitamin D,Frukt färsk fryst,0.0,µg
574,Mango,Vitamin C,Frukt färsk fryst,26.0,mg
574,Mango,Vitamin B6,Frukt färsk fryst,0.07,mg
574,Mango,Vitamin B12,Frukt färsk fryst,0.0,µg
574,Mango,Vitamin A,Frukt färsk fryst,58.0,RE/µg
574,Mango,Vatten,Frukt färsk fryst,86.0,g
574,Mango,Tiamin,Frukt färsk fryst,0.05,mg
574,Mango,Tillsatt socker,Frukt färsk fryst,0.0,g
574,Mango,Fritt socker,Frukt färsk fryst,0.0,g
574,Mango,"Selen, Se",Frukt färsk fryst,0.0,µg
574,Mango,Sackaros,Frukt färsk fryst,6.0,g
574,Mango,Riboflavin,Frukt färsk fryst,0.03,mg
574,Mango,Retinol,Frukt färsk fryst,0.0,µg
574,Mango,Protein,Frukt färsk fryst,0.7,g
574,Mango,Summa fleromättade fettsyror,Frukt färsk fryst,0.0,g
574,Mango,"Fosfor, P",Frukt färsk fryst,13.0,mg
574,Mango,Niacinekvivalenter,Frukt färsk fryst,1.0,NE/mg
574,Mango,Niacin,Frukt färsk fryst,0.9,mg
574,Mango,"Salt, NaCl",Frukt färsk fryst,0.0,g
574,Mango,"Natrium, Na",Frukt färsk fryst,4.0,mg
574,Mango,Monosackarider,Frukt färsk fryst,4.4,g
574,Mango,"Sockerarter, totalt",Frukt färsk fryst,10.4,g
574,Mango,Summa enkelomättade fettsyror,Frukt färsk fryst,0.2,g
574,Mango,"Magnesium, Mg",Frukt färsk fryst,9.0,mg
574,Mango,Summa mättade fettsyror,Frukt färsk fryst,0.1,g
574,Mango,"Kolhydrater, tillgängliga",Frukt färsk fryst,11.3,g
574,Mango,Kolesterol,Frukt färsk fryst,0.0,mg
574,Mango,"Kalium, K",Frukt färsk fryst,150.0,mg
574,Mango,"Jod, I",Frukt färsk fryst,0.0,µg
574,Mango,Fullkorn totalt,Frukt färsk fryst,0.0,g
574,Mango,"Folat, totalt",Frukt färsk fryst,24.0,µg
574,Mango,Fibrer,Frukt färsk fryst,1.1,g
574,Mango,"Fett, totalt",Frukt färsk fryst,0.6,g
574,Mango,"Järn, Fe",Frukt färsk fryst,0.1,mg
574,Mango,Energi (kJ),Frukt färsk fryst,235.0,kJ
574,Mango,Energi (kcal),Frukt färsk fryst,56.0,kcal
574,Mango,Disackarider,Frukt färsk fryst,6.0,g
574,Mango,"Kalcium, Ca",Frukt färsk fryst,15.0,mg
574,Mango,Fettsyra 4:0-10:0,Frukt färsk fryst,0.0,g
574,Mango,DHA (C22:6),Frukt färsk fryst,0.0,g
574,Mango,DPA (C22:5),Frukt färsk fryst,0.0,g
574,Mango,EPA (C20:5),Frukt färsk fryst,0.0,g
574,Mango,Arakidonsyra C20:4,Frukt färsk fryst,0.0,g
574,Mango,Arakidinsyra C20:0,Frukt färsk fryst,0.0,g
574,Mango,Linolensyra C18:3,Frukt färsk fryst,0.1,g
574,Mango,Linolsyra C18:2,Frukt färsk fryst,0.0,g
574,Mango,Oljesyra C18:1,Frukt färsk fryst,0.1,g
574,Mango,Stearinsyra C18:0,Frukt färsk fryst,0.0,g
574,Mango,Palmitoljesyra C16:1,Frukt färsk fryst,0.1,g
574,Mango,Palmitinsyra C16:0,Frukt färsk fryst,0.1,g
574,Mango,Myristinsyra C14:0,Frukt färsk fryst,0.0,g
574,Mango,Laurinsyra C12:0,Frukt färsk fryst,0.0,g
574,Mango,Betakaroten/β-Karoten,Frukt färsk fryst,682.0,µg
574,Mango,Avfall (skal etc.),Frukt färsk fryst,31.0,%
574,Mango,Aska,Frukt färsk fryst,0.3,g
574,Mango,Alkohol,Frukt färsk fryst,0.0,g
575,Banan kokbanan,"Zink, Zn",Frukt färsk fryst,0.1,mg
575,Banan kokbanan,Vitamin E,Frukt färsk fryst,0.6,mg
575,Banan kokbanan,Vitamin D inkl 25-OH-D3,Frukt färsk fryst,0.0,µg
575,Banan kokbanan,Vitamin D,Frukt färsk fryst,0.0,µg
575,Banan kokbanan,Vitamin C,Frukt färsk fryst,18.0,mg
575,Banan kokbanan,Vitamin B6,Frukt färsk fryst,0.3,mg
575,Banan kokbanan,Vitamin B12,Frukt färsk fryst,0.0,µg
575,Banan kokbanan,Vitamin A,Frukt färsk fryst,56.7,RE/µg
575,Banan kokbanan,Vatten,Frukt färsk fryst,65.0,g
575,Banan kokbanan,Tiamin,Frukt färsk fryst,0.05,mg
575,Banan kokbanan,Tillsatt socker,Frukt färsk fryst,0.0,g
575,Banan kokbanan,Fritt socker,Frukt färsk fryst,0.0,g
575,Banan kokbanan,"Selen, Se",Frukt färsk fryst,0.5,µg
575,Banan kokbanan,Sackaros,Frukt färsk fryst,0.3,g
575,Banan kokbanan,Riboflavin,Frukt färsk fryst,0.05,mg
575,Banan kokbanan,Retinol,Frukt färsk fryst,0.0,µg
575,Banan kokbanan,Protein,Frukt färsk fryst,1.3,g
575,Banan kokbanan,Summa fleromättade fettsyror,Frukt färsk fryst,0.1,g
575,Banan kokbanan,"Fosfor, P",Frukt färsk fryst,34.0,mg
575,Banan kokbanan,Niacinekvivalenter,Frukt färsk fryst,0.92,NE/mg
575,Banan kokbanan,Niacin,Frukt färsk fryst,0.7,mg
575,Banan kokbanan,"Salt, NaCl",Frukt färsk fryst,0.0,g
575,Banan kokbanan,"Natrium, Na",Frukt färsk fryst,4.0,mg
575,Banan kokbanan,Monosackarider,Frukt färsk fryst,1.1,g
575,Banan kokbanan,"Sockerarter, totalt",Frukt färsk fryst,1.4,g
575,Banan kokbanan,Summa enkelomättade fettsyror,Frukt färsk fryst,0.0,g
575,Banan kokbanan,"Magnesium, Mg",Frukt färsk fryst,37.0,mg
575,Banan kokbanan,Summa mättade fettsyror,Frukt färsk fryst,0.2,g
575,Banan kokbanan,"Kolhydrater, tillgängliga",Frukt färsk fryst,30.4,g
575,Banan kokbanan,Kolesterol,Frukt färsk fryst,0.0,mg
575,Banan kokbanan,"Kalium, K",Frukt färsk fryst,500.0,mg
575,Banan kokbanan,"Jod, I",Frukt färsk fryst,3.0,µg
575,Banan kokbanan,Fullkorn totalt,Frukt färsk fryst,0.0,g
575,Banan kokbanan,"Folat, totalt",Frukt färsk fryst,22.0,µg
575,Banan kokbanan,Fibrer,Frukt färsk fryst,1.7,g
575,Banan kokbanan,"Fett, totalt",Frukt färsk fryst,0.4,g
575,Banan kokbanan,"Järn, Fe",Frukt färsk fryst,0.6,mg
575,Banan kokbanan,Energi (kJ),Frukt färsk fryst,567.0,kJ
575,Banan kokbanan,Energi (kcal),Frukt färsk fryst,136.0,kcal
575,Banan kokbanan,Disackarider,Frukt färsk fryst,0.3,g
575,Banan kokbanan,"Kalcium, Ca",Frukt färsk fryst,3.0,mg
575,Banan kokbanan,Fettsyra 4:0-10:0,Frukt färsk fryst,0.0,g
575,Banan kokbanan,DHA (C22:6),Frukt färsk fryst,0.0,g
575,Banan kokbanan,DPA (C22:5),Frukt färsk fryst,0.0,g
575,Banan kokbanan,EPA (C20:5),Frukt färsk fryst,0.0,g
575,Banan kokbanan,Arakidonsyra C20:4,Frukt färsk fryst,0.0,g
575,Banan kokbanan,Arakidinsyra C20:0,Frukt färsk fryst,0.0,g
575,Banan kokbanan,Linolensyra C18:3,Frukt färsk fryst,0.0,g
575,Banan kokbanan,Linolsyra C18:2,Frukt färsk fryst,0.0,g
575,Banan kokbanan,Oljesyra C18:1,Frukt färsk fryst,0.0,g
575,Banan kokbanan,Stearinsyra C18:0,Frukt färsk fryst,0.0,g
575,Banan kokbanan,Palmitoljesyra C16:1,Frukt färsk fryst,0.0,g
575,Banan kokbanan,Palmitinsyra C16:0,Frukt färsk fryst,0.1,g
575,Banan kokbanan,Myristinsyra C14:0,Frukt färsk fryst,0.0,g
575,Banan kokbanan,Laurinsyra C12:0,Frukt färsk fryst,0.0,g
575,Banan kokbanan,Betakaroten/β-Karoten,Frukt färsk fryst,680.0,µg
575,Banan kokbanan,Avfall (skal etc.),Frukt färsk fryst,35.0,%
575,Banan kokbanan,Aska,Frukt färsk fryst,1.2,g
575,Banan kokbanan,Alkohol,Frukt färsk fryst,0.0,g
576,Nektarin,"Zink, Zn",Frukt färsk fryst,0.1,mg
576,Nektarin,Vitamin E,Frukt färsk fryst,0.4,mg
576,Nektarin,Vitamin D inkl 25-OH-D3,Frukt färsk fryst,0.0,µg
576,Nektarin,Vitamin D,Frukt färsk fryst,0.0,µg
576,Nektarin,Vitamin C,Frukt färsk fryst,3.0,mg
576,Nektarin,Vitamin B6,Frukt färsk fryst,0.04,mg
576,Nektarin,Vitamin B12,Frukt färsk fryst,0.0,µg
576,Nektarin,Vitamin A,Frukt färsk fryst,12.9,RE/µg
576,Nektarin,Vatten,Frukt färsk fryst,86.1,g
576,Nektarin,Tiamin,Frukt färsk fryst,0.02,mg
576,Nektarin,Tillsatt socker,Frukt färsk fryst,0.0,g
576,Nektarin,Fritt socker,Frukt färsk fryst,0.0,g
576,Nektarin,"Selen, Se",Frukt färsk fryst,0.0,µg
576,Nektarin,Sackaros,Frukt färsk fryst,5.6,g
576,Nektarin,Riboflavin,Frukt färsk fryst,0.02,mg
576,Nektarin,Retinol,Frukt färsk fryst,0.0,µg
576,Nektarin,Protein,Frukt färsk fryst,0.9,g
576,Nektarin,Summa fleromättade fettsyror,Frukt färsk fryst,0.1,g
576,Nektarin,"Fosfor, P",Frukt färsk fryst,25.0,mg
576,Nektarin,Niacinekvivalenter,Frukt färsk fryst,0.9,NE/mg
576,Nektarin,Niacin,Frukt färsk fryst,0.7,mg
576,Nektarin,"Salt, NaCl",Frukt färsk fryst,0.0,g
576,Nektarin,"Natrium, Na",Frukt färsk fryst,0.0,mg
576,Nektarin,Monosackarider,Frukt färsk fryst,4.2,g
576,Nektarin,"Sockerarter, totalt",Frukt färsk fryst,9.8,g
576,Nektarin,Summa enkelomättade fettsyror,Frukt färsk fryst,0.1,g
576,Nektarin,"Magnesium, Mg",Frukt färsk fryst,9.0,mg
576,Nektarin,Summa mättade fettsyror,Frukt färsk fryst,0.0,g
576,Nektarin,"Kolhydrater, tillgängliga",Frukt färsk fryst,10.9,g
576,Nektarin,Kolesterol,Frukt färsk fryst,0.0,mg
576,Nektarin,"Kalium, K",Frukt färsk fryst,257.0,mg
576,Nektarin,"Jod, I",Frukt färsk fryst,3.0,µg
576,Nektarin,Fullkorn totalt,Frukt färsk fryst,0.0,g
576,Nektarin,"Folat, totalt",Frukt färsk fryst,8.0,µg
576,Nektarin,Fibrer,Frukt färsk fryst,1.3,g
576,Nektarin,"Fett, totalt",Frukt färsk fryst,0.3,g
576,Nektarin,"Järn, Fe",Frukt färsk fryst,0.2,mg
576,Nektarin,Energi (kJ),Frukt färsk fryst,223.0,kJ
576,Nektarin,Energi (kcal),Frukt färsk fryst,53.0,kcal
576,Nektarin,Disackarider,Frukt färsk fryst,5.6,g
576,Nektarin,"Kalcium, Ca",Frukt färsk fryst,7.0,mg
576,Nektarin,Fettsyra 4:0-10:0,Frukt färsk fryst,0.0,g
576,Nektarin,DHA (C22:6),Frukt färsk fryst,0.0,g
576,Nektarin,DPA (C22:5),Frukt färsk fryst,0.0,g
576,Nektarin,EPA (C20:5),Frukt färsk fryst,0.0,g
576,Nektarin,Arakidonsyra C20:4,Frukt färsk fryst,0.0,g
576,Nektarin,Arakidinsyra C20:0,Frukt färsk fryst,0.0,g
576,Nektarin,Linolensyra C18:3,Frukt färsk fryst,0.0,g
576,Nektarin,Linolsyra C18:2,Frukt färsk fryst,0.1,g
576,Nektarin,Oljesyra C18:1,Frukt färsk fryst,0.1,g
576,Nektarin,Stearinsyra C18:0,Frukt färsk fryst,0.0,g
576,Nektarin,Palmitoljesyra C16:1,Frukt färsk fryst,0.0,g
576,Nektarin,Palmitinsyra C16:0,Frukt färsk fryst,0.0,g
576,Nektarin,Myristinsyra C14:0,Frukt färsk fryst,0.0,g
576,Nektarin,Laurinsyra C12:0,Frukt färsk fryst,0.0,g
576,Nektarin,Betakaroten/β-Karoten,Frukt färsk fryst,106.0,µg
576,Nektarin,Avfall (skal etc.),Frukt färsk fryst,9.0,%
576,Nektarin,Aska,Frukt färsk fryst,0.5,g
576,Nektarin,Alkohol,Frukt färsk fryst,0.0,g
577,Papaya,"Zink, Zn",Frukt färsk fryst,0.1,mg
577,Papaya,Vitamin E,Frukt färsk fryst,0.3,mg
577,Papaya,Vitamin D inkl 25-OH-D3,Frukt färsk fryst,0.0,µg
577,Papaya,Vitamin D,Frukt färsk fryst,0.0,µg
577,Papaya,Vitamin C,Frukt färsk fryst,68.0,mg
577,Papaya,Vitamin B6,Frukt färsk fryst,0.04,mg
577,Papaya,Vitamin B12,Frukt färsk fryst,0.0,µg
577,Papaya,Vitamin A,Frukt färsk fryst,38.8,RE/µg
577,Papaya,Vatten,Frukt färsk fryst,87.6,g
577,Papaya,Tiamin,Frukt färsk fryst,0.02,mg
577,Papaya,Tillsatt socker,Frukt färsk fryst,0.0,g
577,Papaya,Fritt socker,Frukt färsk fryst,0.0,g
577,Papaya,"Selen, Se",Frukt färsk fryst,1.0,µg
577,Papaya,Sackaros,Frukt färsk fryst,0.0,g
577,Papaya,Riboflavin,Frukt färsk fryst,0.03,mg
577,Papaya,Retinol,Frukt färsk fryst,0.0,µg
577,Papaya,Protein,Frukt färsk fryst,0.8,g
577,Papaya,Summa fleromättade fettsyror,Frukt färsk fryst,0.0,g
577,Papaya,"Fosfor, P",Frukt färsk fryst,9.0,mg
577,Papaya,Niacinekvivalenter,Frukt färsk fryst,0.5,NE/mg
577,Papaya,Niacin,Frukt färsk fryst,0.4,mg
577,Papaya,"Salt, NaCl",Frukt färsk fryst,0.0,g
577,Papaya,"Natrium, Na",Frukt färsk fryst,14.0,mg
577,Papaya,Monosackarider,Frukt färsk fryst,9.5,g
577,Papaya,"Sockerarter, totalt",Frukt färsk fryst,9.5,g
577,Papaya,Summa enkelomättade fettsyror,Frukt färsk fryst,0.2,g
577,Papaya,"Magnesium, Mg",Frukt färsk fryst,17.0,mg
577,Papaya,Summa mättade fettsyror,Frukt färsk fryst,0.2,g
577,Papaya,"Kolhydrater, tillgängliga",Frukt färsk fryst,8.9,g
577,Papaya,Kolesterol,Frukt färsk fryst,0.0,mg
577,Papaya,"Kalium, K",Frukt färsk fryst,215.0,mg
577,Papaya,"Jod, I",Frukt färsk fryst,0.1,µg
577,Papaya,Fullkorn totalt,Frukt färsk fryst,0.0,g
577,Papaya,"Folat, totalt",Frukt färsk fryst,37.0,µg
577,Papaya,Fibrer,Frukt färsk fryst,1.8,g
577,Papaya,"Fett, totalt",Frukt färsk fryst,0.6,g
577,Papaya,"Järn, Fe",Frukt färsk fryst,0.2,mg
577,Papaya,Energi (kJ),Frukt färsk fryst,201.0,kJ
577,Papaya,Energi (kcal),Frukt färsk fryst,48.0,kcal
577,Papaya,Disackarider,Frukt färsk fryst,0.0,g
577,Papaya,"Kalcium, Ca",Frukt färsk fryst,21.0,mg
577,Papaya,Fettsyra 4:0-10:0,Frukt färsk fryst,0.0,g
577,Papaya,DHA (C22:6),Frukt färsk fryst,0.0,g
577,Papaya,DPA (C22:5),Frukt färsk fryst,0.0,g
577,Papaya,EPA (C20:5),Frukt färsk fryst,0.0,g
577,Papaya,Arakidonsyra C20:4,Frukt färsk fryst,0.0,g
577,Papaya,Arakidinsyra C20:0,Frukt färsk fryst,0.0,g
577,Papaya,Linolensyra C18:3,Frukt färsk fryst,0.1,g
577,Papaya,Linolsyra C18:2,Frukt färsk fryst,0.0,g
577,Papaya,Oljesyra C18:1,Frukt färsk fryst,0.1,g
577,Papaya,Stearinsyra C18:0,Frukt färsk fryst,0.0,g
577,Papaya,Palmitoljesyra C16:1,Frukt färsk fryst,0.1,g
577,Papaya,Palmitinsyra C16:0,Frukt färsk fryst,0.1,g
577,Papaya,Myristinsyra C14:0,Frukt färsk fryst,0.0,g
577,Papaya,Laurinsyra C12:0,Frukt färsk fryst,0.0,g
577,Papaya,Betakaroten/β-Karoten,Frukt färsk fryst,185.0,µg
577,Papaya,Avfall (skal etc.),Frukt färsk fryst,33.0,%
577,Papaya,Aska,Frukt färsk fryst,0.4,g
577,Papaya,Alkohol,Frukt färsk fryst,0.0,g
578,Paradisäpple,"Zink, Zn",Frukt färsk fryst,0.0,mg
578,Paradisäpple,Vitamin E,Frukt färsk fryst,0.6,mg
578,Paradisäpple,Vitamin D inkl 25-OH-D3,Frukt färsk fryst,0.0,µg
578,Paradisäpple,Vitamin D,Frukt färsk fryst,0.0,µg
578,Paradisäpple,Vitamin C,Frukt färsk fryst,8.0,mg
578,Paradisäpple,Vitamin B6,Frukt färsk fryst,0.05,mg
578,Paradisäpple,Vitamin B12,Frukt färsk fryst,0.0,µg
578,Paradisäpple,Vitamin A,Frukt färsk fryst,2.0,RE/µg
578,Paradisäpple,Vatten,Frukt färsk fryst,79.0,g
578,Paradisäpple,Tiamin,Frukt färsk fryst,0.03,mg
578,Paradisäpple,Tillsatt socker,Frukt färsk fryst,0.0,g
578,Paradisäpple,Fritt socker,Frukt färsk fryst,0.0,g
578,Paradisäpple,"Selen, Se",Frukt färsk fryst,1.0,µg
578,Paradisäpple,Sackaros,Frukt färsk fryst,1.0,g
578,Paradisäpple,Riboflavin,Frukt färsk fryst,0.02,mg
578,Paradisäpple,Retinol,Frukt färsk fryst,0.0,µg
578,Paradisäpple,Protein,Frukt färsk fryst,0.4,g
578,Paradisäpple,Summa fleromättade fettsyror,Frukt färsk fryst,0.1,g
578,Paradisäpple,"Fosfor, P",Frukt färsk fryst,15.0,mg
578,Paradisäpple,Niacinekvivalenter,Frukt färsk fryst,0.17,NE/mg
578,Paradisäpple,Niacin,Frukt färsk fryst,0.1,mg
578,Paradisäpple,"Salt, NaCl",Frukt färsk fryst,0.0,g
578,Paradisäpple,"Natrium, Na",Frukt färsk fryst,1.0,mg
578,Paradisäpple,Monosackarider,Frukt färsk fryst,4.8,g
578,Paradisäpple,"Sockerarter, totalt",Frukt färsk fryst,5.8,g
578,Paradisäpple,Summa enkelomättade fettsyror,Frukt färsk fryst,0.0,g
578,Paradisäpple,"Magnesium, Mg",Frukt färsk fryst,7.0,mg
578,Paradisäpple,Summa mättade fettsyror,Frukt färsk fryst,0.0,g
578,Paradisäpple,"Kolhydrater, tillgängliga",Frukt färsk fryst,17.9,g
578,Paradisäpple,Kolesterol,Frukt färsk fryst,0.0,mg
578,Paradisäpple,"Kalium, K",Frukt färsk fryst,194.0,mg
578,Paradisäpple,"Jod, I",Frukt färsk fryst,0.0,µg
578,Paradisäpple,Fullkorn totalt,Frukt färsk fryst,0.0,g
578,Paradisäpple,"Folat, totalt",Frukt färsk fryst,3.0,µg
578,Paradisäpple,Fibrer,Frukt färsk fryst,2.0,g
578,Paradisäpple,"Fett, totalt",Frukt färsk fryst,0.3,g
578,Paradisäpple,"Järn, Fe",Frukt färsk fryst,0.4,mg
578,Paradisäpple,Energi (kJ),Frukt färsk fryst,338.0,kJ
578,Paradisäpple,Energi (kcal),Frukt färsk fryst,81.0,kcal
578,Paradisäpple,Disackarider,Frukt färsk fryst,1.0,g
578,Paradisäpple,"Kalcium, Ca",Frukt färsk fryst,18.0,mg
578,Paradisäpple,Fettsyra 4:0-10:0,Frukt färsk fryst,0.0,g
578,Paradisäpple,DHA (C22:6),Frukt färsk fryst,0.0,g
578,Paradisäpple,DPA (C22:5),Frukt färsk fryst,0.0,g
578,Paradisäpple,EPA (C20:5),Frukt färsk fryst,0.0,g
578,Paradisäpple,Arakidonsyra C20:4,Frukt färsk fryst,0.0,g
578,Paradisäpple,Arakidinsyra C20:0,Frukt färsk fryst,0.0,g
578,Paradisäpple,Linolensyra C18:3,Frukt färsk fryst,0.0,g
578,Paradisäpple,Linolsyra C18:2,Frukt färsk fryst,0.1,g
578,Paradisäpple,Oljesyra C18:1,Frukt färsk fryst,0.0,g
578,Paradisäpple,Stearinsyra C18:0,Frukt färsk fryst,0.0,g
578,Paradisäpple,Palmitoljesyra C16:1,Frukt färsk fryst,0.0,g
578,Paradisäpple,Palmitinsyra C16:0,Frukt färsk fryst,0.0,g
578,Paradisäpple,Myristinsyra C14:0,Frukt färsk fryst,0.0,g
578,Paradisäpple,Laurinsyra C12:0,Frukt färsk fryst,0.0,g
578,Paradisäpple,Betakaroten/β-Karoten,Frukt färsk fryst,24.0,µg
578,Paradisäpple,Avfall (skal etc.),Frukt färsk fryst,8.0,%
578,Paradisäpple,Aska,Frukt färsk fryst,0.4,g
578,Paradisäpple,Alkohol,Frukt färsk fryst,0.0,g
579,Passionsfrukt,"Zink, Zn",Frukt färsk fryst,0.1,mg
579,Passionsfrukt,Vitamin E,Frukt färsk fryst,1.8,mg
579,Passionsfrukt,Vitamin D inkl 25-OH-D3,Frukt färsk fryst,0.0,µg
579,Passionsfrukt,Vitamin D,Frukt färsk fryst,0.0,µg
579,Passionsfrukt,Vitamin C,Frukt färsk fryst,30.0,mg
579,Passionsfrukt,Vitamin B6,Frukt färsk fryst,0.02,mg
579,Passionsfrukt,Vitamin B12,Frukt färsk fryst,0.0,µg
579,Passionsfrukt,Vitamin A,Frukt färsk fryst,35.0,RE/µg
579,Passionsfrukt,Vatten,Frukt färsk fryst,73.0,g
579,Passionsfrukt,Tiamin,Frukt färsk fryst,0.0,mg
579,Passionsfrukt,Tillsatt socker,Frukt färsk fryst,0.0,g
579,Passionsfrukt,Fritt socker,Frukt färsk fryst,0.0,g
579,Passionsfrukt,"Selen, Se",Frukt färsk fryst,1.0,µg
579,Passionsfrukt,Sackaros,Frukt färsk fryst,3.1,g
579,Passionsfrukt,Riboflavin,Frukt färsk fryst,0.13,mg
579,Passionsfrukt,Retinol,Frukt färsk fryst,0.0,µg
579,Passionsfrukt,Protein,Frukt färsk fryst,2.2,g
579,Passionsfrukt,Summa fleromättade fettsyror,Frukt färsk fryst,0.4,g
579,Passionsfrukt,"Fosfor, P",Frukt färsk fryst,68.0,mg
579,Passionsfrukt,Niacinekvivalenter,Frukt färsk fryst,1.87,NE/mg
579,Passionsfrukt,Niacin,Frukt färsk fryst,1.5,mg
579,Passionsfrukt,"Salt, NaCl",Frukt färsk fryst,0.1,g
579,Passionsfrukt,"Natrium, Na",Frukt färsk fryst,28.0,mg
579,Passionsfrukt,Monosackarider,Frukt färsk fryst,3.1,g
579,Passionsfrukt,"Sockerarter, totalt",Frukt färsk fryst,6.2,g
579,Passionsfrukt,Summa enkelomättade fettsyror,Frukt färsk fryst,0.1,g
579,Passionsfrukt,"Magnesium, Mg",Frukt färsk fryst,29.0,mg
579,Passionsfrukt,Summa mättade fettsyror,Frukt färsk fryst,0.1,g
579,Passionsfrukt,"Kolhydrater, tillgängliga",Frukt färsk fryst,12.9,g
579,Passionsfrukt,Kolesterol,Frukt färsk fryst,0.0,mg
579,Passionsfrukt,"Kalium, K",Frukt färsk fryst,350.0,mg
579,Passionsfrukt,"Jod, I",Frukt färsk fryst,0.9,µg
579,Passionsfrukt,Fullkorn totalt,Frukt färsk fryst,0.0,g
579,Passionsfrukt,"Folat, totalt",Frukt färsk fryst,10.0,µg
579,Passionsfrukt,Fibrer,Frukt färsk fryst,10.4,g
579,Passionsfrukt,"Fett, totalt",Frukt färsk fryst,0.7,g
579,Passionsfrukt,"Järn, Fe",Frukt färsk fryst,1.6,mg
579,Passionsfrukt,Energi (kJ),Frukt färsk fryst,366.0,kJ
579,Passionsfrukt,Energi (kcal),Frukt färsk fryst,87.0,kcal
579,Passionsfrukt,Disackarider,Frukt färsk fryst,3.1,g
579,Passionsfrukt,"Kalcium, Ca",Frukt färsk fryst,12.0,mg
579,Passionsfrukt,Fettsyra 4:0-10:0,Frukt färsk fryst,0.0,g
579,Passionsfrukt,DHA (C22:6),Frukt färsk fryst,0.0,g
579,Passionsfrukt,DPA (C22:5),Frukt färsk fryst,0.0,g
579,Passionsfrukt,EPA (C20:5),Frukt färsk fryst,0.0,g
579,Passionsfrukt,Arakidonsyra C20:4,Frukt färsk fryst,0.0,g
579,Passionsfrukt,Arakidinsyra C20:0,Frukt färsk fryst,0.0,g
579,Passionsfrukt,Linolensyra C18:3,Frukt färsk fryst,0.2,g
579,Passionsfrukt,Linolsyra C18:2,Frukt färsk fryst,0.2,g
579,Passionsfrukt,Oljesyra C18:1,Frukt färsk fryst,0.1,g
579,Passionsfrukt,Stearinsyra C18:0,Frukt färsk fryst,0.0,g
579,Passionsfrukt,Palmitoljesyra C16:1,Frukt färsk fryst,0.0,g
579,Passionsfrukt,Palmitinsyra C16:0,Frukt färsk fryst,0.0,g
579,Passionsfrukt,Myristinsyra C14:0,Frukt färsk fryst,0.0,g
579,Passionsfrukt,Laurinsyra C12:0,Frukt färsk fryst,0.0,g
579,Passionsfrukt,Betakaroten/β-Karoten,Frukt färsk fryst,420.0,µg
579,Passionsfrukt,Avfall (skal etc.),Frukt färsk fryst,48.0,%
579,Passionsfrukt,Aska,Frukt färsk fryst,0.8,g
579,Passionsfrukt,Alkohol,Frukt färsk fryst,0.0,g
580,Persika nektarin,"Zink, Zn",Frukt färsk fryst,0.1,mg
580,Persika nektarin,Vitamin E,Frukt färsk fryst,1.8,mg
580,Persika nektarin,Vitamin D inkl 25-OH-D3,Frukt färsk fryst,0.0,µg
580,Persika nektarin,Vitamin D,Frukt färsk fryst,0.0,µg
580,Persika nektarin,Vitamin C,Frukt färsk fryst,8.0,mg
580,Persika nektarin,Vitamin B6,Frukt färsk fryst,0.02,mg
580,Persika nektarin,Vitamin B12,Frukt färsk fryst,0.0,µg
580,Persika nektarin,Vitamin A,Frukt färsk fryst,7.2,RE/µg
580,Persika nektarin,Vatten,Frukt färsk fryst,88.0,g
580,Persika nektarin,Tiamin,Frukt färsk fryst,0.02,mg
580,Persika nektarin,Tillsatt socker,Frukt färsk fryst,0.0,g
580,Persika nektarin,Fritt socker,Frukt färsk fryst,0.0,g
580,Persika nektarin,"Selen, Se",Frukt färsk fryst,0.4,µg
580,Persika nektarin,Sackaros,Frukt färsk fryst,5.1,g
580,Persika nektarin,Riboflavin,Frukt färsk fryst,0.04,mg
580,Persika nektarin,Retinol,Frukt färsk fryst,0.0,µg
580,Persika nektarin,Protein,Frukt färsk fryst,0.7,g
580,Persika nektarin,Summa fleromättade fettsyror,Frukt färsk fryst,0.0,g
580,Persika nektarin,"Fosfor, P",Frukt färsk fryst,12.0,mg
580,Persika nektarin,Niacinekvivalenter,Frukt färsk fryst,1.12,NE/mg
580,Persika nektarin,Niacin,Frukt färsk fryst,1.0,mg
580,Persika nektarin,"Salt, NaCl",Frukt färsk fryst,0.0,g
580,Persika nektarin,"Natrium, Na",Frukt färsk fryst,3.0,mg
580,Persika nektarin,Monosackarider,Frukt färsk fryst,2.7,g
580,Persika nektarin,"Sockerarter, totalt",Frukt färsk fryst,7.8,g
580,Persika nektarin,Summa enkelomättade fettsyror,Frukt färsk fryst,0.0,g
580,Persika nektarin,"Magnesium, Mg",Frukt färsk fryst,11.0,mg
580,Persika nektarin,Summa mättade fettsyror,Frukt färsk fryst,0.0,g
580,Persika nektarin,"Kolhydrater, tillgängliga",Frukt färsk fryst,8.6,g
580,Persika nektarin,Kolesterol,Frukt färsk fryst,0.0,mg
580,Persika nektarin,"Kalium, K",Frukt färsk fryst,197.0,mg
580,Persika nektarin,"Jod, I",Frukt färsk fryst,0.3,µg
580,Persika nektarin,Fullkorn totalt,Frukt färsk fryst,0.0,g
580,Persika nektarin,"Folat, totalt",Frukt färsk fryst,4.2,µg
580,Persika nektarin,Fibrer,Frukt färsk fryst,2.1,g
580,Persika nektarin,"Fett, totalt",Frukt färsk fryst,0.1,g
580,Persika nektarin,"Järn, Fe",Frukt färsk fryst,0.5,mg
580,Persika nektarin,Energi (kJ),Frukt färsk fryst,179.0,kJ
580,Persika nektarin,Energi (kcal),Frukt färsk fryst,43.0,kcal
580,Persika nektarin,Disackarider,Frukt färsk fryst,5.1,g
580,Persika nektarin,"Kalcium, Ca",Frukt färsk fryst,5.0,mg
580,Persika nektarin,Fettsyra 4:0-10:0,Frukt färsk fryst,0.0,g
580,Persika nektarin,DHA (C22:6),Frukt färsk fryst,0.0,g
580,Persika nektarin,DPA (C22:5),Frukt färsk fryst,0.0,g
580,Persika nektarin,EPA (C20:5),Frukt färsk fryst,0.0,g
580,Persika nektarin,Arakidonsyra C20:4,Frukt färsk fryst,0.0,g
580,Persika nektarin,Arakidinsyra C20:0,Frukt färsk fryst,0.0,g
580,Persika nektarin,Linolensyra C18:3,Frukt färsk fryst,0.0,g
580,Persika nektarin,Linolsyra C18:2,Frukt färsk fryst,0.0,g
580,Persika nektarin,Oljesyra C18:1,Frukt färsk fryst,0.0,g
580,Persika nektarin,Stearinsyra C18:0,Frukt färsk fryst,0.0,g
580,Persika nektarin,Palmitoljesyra C16:1,Frukt färsk fryst,0.0,g
580,Persika nektarin,Palmitinsyra C16:0,Frukt färsk fryst,0.0,g
580,Persika nektarin,Myristinsyra C14:0,Frukt färsk fryst,0.0,g
580,Persika nektarin,Laurinsyra C12:0,Frukt färsk fryst,0.0,g
580,Persika nektarin,Betakaroten/β-Karoten,Frukt färsk fryst,86.0,µg
580,Persika nektarin,Avfall (skal etc.),Frukt färsk fryst,24.0,%
580,Persika nektarin,Aska,Frukt färsk fryst,0.5,g
580,Persika nektarin,Alkohol,Frukt färsk fryst,0.0,g
581,Sharon,"Zink, Zn",Frukt färsk fryst,0.1,mg
581,Sharon,Vitamin E,Frukt färsk fryst,0.1,mg
581,Sharon,Vitamin D inkl 25-OH-D3,Frukt färsk fryst,0.0,µg
581,Sharon,Vitamin D,Frukt färsk fryst,0.0,µg
581,Sharon,Vitamin C,Frukt färsk fryst,70.0,mg
581,Sharon,Vitamin B6,Frukt färsk fryst,0.06,mg
581,Sharon,Vitamin B12,Frukt färsk fryst,0.0,µg
581,Sharon,Vitamin A,Frukt färsk fryst,34.9,RE/µg
581,Sharon,Vatten,Frukt färsk fryst,83.1,g
581,Sharon,Tiamin,Frukt färsk fryst,0.03,mg
581,Sharon,Tillsatt socker,Frukt färsk fryst,0.0,g
581,Sharon,Fritt socker,Frukt färsk fryst,0.0,g
581,Sharon,"Selen, Se",Frukt färsk fryst,0.0,µg
581,Sharon,Sackaros,Frukt färsk fryst,0.0,g
581,Sharon,Riboflavin,Frukt färsk fryst,0.02,mg
581,Sharon,Retinol,Frukt färsk fryst,0.0,µg
581,Sharon,Protein,Frukt färsk fryst,0.4,g
581,Sharon,Summa fleromättade fettsyror,Frukt färsk fryst,0.0,g
581,Sharon,"Fosfor, P",Frukt färsk fryst,14.0,mg
581,Sharon,Niacinekvivalenter,Frukt färsk fryst,0.4,NE/mg
581,Sharon,Niacin,Frukt färsk fryst,0.3,mg
581,Sharon,"Salt, NaCl",Frukt färsk fryst,0.0,g
581,Sharon,"Natrium, Na",Frukt färsk fryst,1.0,mg
581,Sharon,Monosackarider,Frukt färsk fryst,18.6,g
581,Sharon,"Sockerarter, totalt",Frukt färsk fryst,18.6,g
581,Sharon,Summa enkelomättade fettsyror,Frukt färsk fryst,0.0,g
581,Sharon,"Magnesium, Mg",Frukt färsk fryst,6.0,mg
581,Sharon,Summa mättade fettsyror,Frukt färsk fryst,0.0,g
581,Sharon,"Kolhydrater, tillgängliga",Frukt färsk fryst,14.3,g
581,Sharon,Kolesterol,Frukt färsk fryst,0.0,mg
581,Sharon,"Kalium, K",Frukt färsk fryst,170.0,mg
581,Sharon,"Jod, I",Frukt färsk fryst,0.0,µg
581,Sharon,Fullkorn totalt,Frukt färsk fryst,0.0,g
581,Sharon,"Folat, totalt",Frukt färsk fryst,18.0,µg
581,Sharon,Fibrer,Frukt färsk fryst,1.6,g
581,Sharon,"Fett, totalt",Frukt färsk fryst,0.2,g
581,Sharon,"Järn, Fe",Frukt färsk fryst,0.2,mg
581,Sharon,Energi (kJ),Frukt färsk fryst,270.0,kJ
581,Sharon,Energi (kcal),Frukt färsk fryst,65.0,kcal
581,Sharon,Disackarider,Frukt färsk fryst,0.0,g
581,Sharon,"Kalcium, Ca",Frukt färsk fryst,9.0,mg
581,Sharon,Fettsyra 4:0-10:0,Frukt färsk fryst,0.0,g
581,Sharon,DHA (C22:6),Frukt färsk fryst,0.0,g
581,Sharon,DPA (C22:5),Frukt färsk fryst,0.0,g
581,Sharon,EPA (C20:5),Frukt färsk fryst,0.0,g
581,Sharon,Arakidonsyra C20:4,Frukt färsk fryst,0.0,g
581,Sharon,Arakidinsyra C20:0,Frukt färsk fryst,0.0,g
581,Sharon,Linolensyra C18:3,Frukt färsk fryst,0.0,g
581,Sharon,Linolsyra C18:2,Frukt färsk fryst,0.0,g
581,Sharon,Oljesyra C18:1,Frukt färsk fryst,0.0,g
581,Sharon,Stearinsyra C18:0,Frukt färsk fryst,0.0,g
581,Sharon,Palmitoljesyra C16:1,Frukt färsk fryst,0.0,g
581,Sharon,Palmitinsyra C16:0,Frukt färsk fryst,0.0,g
581,Sharon,Myristinsyra C14:0,Frukt färsk fryst,0.0,g
581,Sharon,Laurinsyra C12:0,Frukt färsk fryst,0.0,g
581,Sharon,Betakaroten/β-Karoten,Frukt färsk fryst,160.0,µg
581,Sharon,Avfall (skal etc.),Frukt färsk fryst,16.0,%
581,Sharon,Aska,Frukt färsk fryst,0.4,g
581,Sharon,Alkohol,Frukt färsk fryst,0.0,g
582,Plommon,"Zink, Zn",Frukt färsk fryst,0.1,mg
582,Plommon,Vitamin E,Frukt färsk fryst,0.3,mg
582,Plommon,Vitamin D inkl 25-OH-D3,Frukt färsk fryst,0.0,µg
582,Plommon,Vitamin D,Frukt färsk fryst,0.0,µg
582,Plommon,Vitamin C,Frukt färsk fryst,10.0,mg
582,Plommon,Vitamin B6,Frukt färsk fryst,0.04,mg
582,Plommon,Vitamin B12,Frukt färsk fryst,0.0,µg
582,Plommon,Vitamin A,Frukt färsk fryst,35.8,RE/µg
582,Plommon,Vatten,Frukt färsk fryst,87.1,g
582,Plommon,Tiamin,Frukt färsk fryst,0.01,mg
582,Plommon,Tillsatt socker,Frukt färsk fryst,0.0,g
582,Plommon,Fritt socker,Frukt färsk fryst,0.0,g
582,Plommon,"Selen, Se",Frukt färsk fryst,0.2,µg
582,Plommon,Sackaros,Frukt färsk fryst,4.4,g
582,Plommon,Riboflavin,Frukt färsk fryst,0.02,mg
582,Plommon,Retinol,Frukt färsk fryst,0.0,µg
582,Plommon,Protein,Frukt färsk fryst,0.5,g
582,Plommon,Summa fleromättade fettsyror,Frukt färsk fryst,0.0,g
582,Plommon,"Fosfor, P",Frukt färsk fryst,14.0,mg
582,Plommon,Niacinekvivalenter,Frukt färsk fryst,0.4,NE/mg
582,Plommon,Niacin,Frukt färsk fryst,0.3,mg
582,Plommon,"Salt, NaCl",Frukt färsk fryst,0.0,g
582,Plommon,"Natrium, Na",Frukt färsk fryst,0.0,mg
582,Plommon,Monosackarider,Frukt färsk fryst,2.8,g
582,Plommon,"Sockerarter, totalt",Frukt färsk fryst,7.2,g
582,Plommon,Summa enkelomättade fettsyror,Frukt färsk fryst,0.0,g
582,Plommon,"Magnesium, Mg",Frukt färsk fryst,10.0,mg
582,Plommon,Summa mättade fettsyror,Frukt färsk fryst,0.0,g
582,Plommon,"Kolhydrater, tillgängliga",Frukt färsk fryst,10.2,g
582,Plommon,Kolesterol,Frukt färsk fryst,0.0,mg
582,Plommon,"Kalium, K",Frukt färsk fryst,154.0,mg
582,Plommon,"Jod, I",Frukt färsk fryst,0.4,µg
582,Plommon,Fullkorn totalt,Frukt färsk fryst,0.0,g
582,Plommon,"Folat, totalt",Frukt färsk fryst,1.2,µg
582,Plommon,Fibrer,Frukt färsk fryst,1.8,g
582,Plommon,"Fett, totalt",Frukt färsk fryst,0.1,g
582,Plommon,"Järn, Fe",Frukt färsk fryst,0.1,mg
582,Plommon,Energi (kJ),Frukt färsk fryst,198.0,kJ
582,Plommon,Energi (kcal),Frukt färsk fryst,47.0,kcal
582,Plommon,Disackarider,Frukt färsk fryst,4.4,g
582,Plommon,"Kalcium, Ca",Frukt färsk fryst,8.0,mg
582,Plommon,Fettsyra 4:0-10:0,Frukt färsk fryst,0.0,g
582,Plommon,DHA (C22:6),Frukt färsk fryst,0.0,g
582,Plommon,DPA (C22:5),Frukt färsk fryst,0.0,g
582,Plommon,EPA (C20:5),Frukt färsk fryst,0.0,g
582,Plommon,Arakidonsyra C20:4,Frukt färsk fryst,0.0,g
582,Plommon,Arakidinsyra C20:0,Frukt färsk fryst,0.0,g
582,Plommon,Linolensyra C18:3,Frukt färsk fryst,0.0,g
582,Plommon,Linolsyra C18:2,Frukt färsk fryst,0.0,g
582,Plommon,Oljesyra C18:1,Frukt färsk fryst,0.0,g
582,Plommon,Stearinsyra C18:0,Frukt färsk fryst,0.0,g
582,Plommon,Palmitoljesyra C16:1,Frukt färsk fryst,0.0,g
582,Plommon,Palmitinsyra C16:0,Frukt färsk fryst,0.0,g
582,Plommon,Myristinsyra C14:0,Frukt färsk fryst,0.0,g
582,Plommon,Laurinsyra C12:0,Frukt färsk fryst,0.0,g
582,Plommon,Betakaroten/β-Karoten,Frukt färsk fryst,430.0,µg
582,Plommon,Avfall (skal etc.),Frukt färsk fryst,6.0,%
582,Plommon,Aska,Frukt färsk fryst,0.3,g
582,Plommon,Alkohol,Frukt färsk fryst,0.0,g
583,Päron,"Zink, Zn",Frukt färsk fryst,0.1,mg
583,Päron,Vitamin E,Frukt färsk fryst,0.1,mg
583,Päron,Vitamin D inkl 25-OH-D3,Frukt färsk fryst,0.0,µg
583,Päron,Vitamin D,Frukt färsk fryst,0.0,µg
583,Päron,Vitamin C,Frukt färsk fryst,3.0,mg
583,Päron,Vitamin B6,Frukt färsk fryst,0.04,mg
583,Päron,Vitamin B12,Frukt färsk fryst,0.0,µg
583,Päron,Vitamin A,Frukt färsk fryst,1.2,RE/µg
583,Päron,Vatten,Frukt färsk fryst,85.2,g
583,Päron,Tiamin,Frukt färsk fryst,0.03,mg
583,Päron,Tillsatt socker,Frukt färsk fryst,0.0,g
583,Päron,Fritt socker,Frukt färsk fryst,0.0,g
583,Päron,"Selen, Se",Frukt färsk fryst,0.0,µg
583,Päron,Sackaros,Frukt färsk fryst,1.2,g
583,Päron,Riboflavin,Frukt färsk fryst,0.04,mg
583,Päron,Retinol,Frukt färsk fryst,0.0,µg
583,Päron,Protein,Frukt färsk fryst,0.3,g
583,Päron,Summa fleromättade fettsyror,Frukt färsk fryst,0.0,g
583,Päron,"Fosfor, P",Frukt färsk fryst,9.0,mg
583,Päron,Niacinekvivalenter,Frukt färsk fryst,0.3,NE/mg
583,Päron,Niacin,Frukt färsk fryst,0.2,mg
583,Päron,"Salt, NaCl",Frukt färsk fryst,0.0,g
583,Päron,"Natrium, Na",Frukt färsk fryst,1.0,mg
583,Päron,Monosackarider,Frukt färsk fryst,10.1,g
583,Päron,"Sockerarter, totalt",Frukt färsk fryst,11.3,g
583,Päron,Summa enkelomättade fettsyror,Frukt färsk fryst,0.0,g
583,Päron,"Magnesium, Mg",Frukt färsk fryst,5.0,mg
583,Päron,Summa mättade fettsyror,Frukt färsk fryst,0.0,g
583,Päron,"Kolhydrater, tillgängliga",Frukt färsk fryst,11.5,g
583,Päron,Kolesterol,Frukt färsk fryst,0.0,mg
583,Päron,"Kalium, K",Frukt färsk fryst,105.0,mg
583,Päron,"Jod, I",Frukt färsk fryst,1.0,µg
583,Päron,Fullkorn totalt,Frukt färsk fryst,0.0,g
583,Päron,"Folat, totalt",Frukt färsk fryst,6.0,µg
583,Päron,Fibrer,Frukt färsk fryst,2.7,g
583,Päron,"Fett, totalt",Frukt färsk fryst,0.1,g
583,Päron,"Järn, Fe",Frukt färsk fryst,0.1,mg
583,Päron,Energi (kJ),Frukt färsk fryst,226.0,kJ
583,Päron,Energi (kcal),Frukt färsk fryst,54.0,kcal
583,Päron,Disackarider,Frukt färsk fryst,1.2,g
583,Päron,"Kalcium, Ca",Frukt färsk fryst,7.0,mg
583,Päron,Fettsyra 4:0-10:0,Frukt färsk fryst,0.0,g
583,Päron,DHA (C22:6),Frukt färsk fryst,0.0,g
583,Päron,DPA (C22:5),Frukt färsk fryst,0.0,g
583,Päron,EPA (C20:5),Frukt färsk fryst,0.0,g
583,Päron,Arakidonsyra C20:4,Frukt färsk fryst,0.0,g
583,Päron,Arakidinsyra C20:0,Frukt färsk fryst,0.0,g
583,Päron,Linolensyra C18:3,Frukt färsk fryst,0.0,g
583,Päron,Linolsyra C18:2,Frukt färsk fryst,0.0,g
583,Päron,Oljesyra C18:1,Frukt färsk fryst,0.0,g
583,Päron,Stearinsyra C18:0,Frukt färsk fryst,0.0,g
583,Päron,Palmitoljesyra C16:1,Frukt färsk fryst,0.0,g
583,Päron,Palmitinsyra C16:0,Frukt färsk fryst,0.0,g
583,Päron,Myristinsyra C14:0,Frukt färsk fryst,0.0,g
583,Päron,Laurinsyra C12:0,Frukt färsk fryst,0.0,g
583,Päron,Betakaroten/β-Karoten,Frukt färsk fryst,14.0,µg
583,Päron,Avfall (skal etc.),Frukt färsk fryst,8.0,%
583,Päron,Aska,Frukt färsk fryst,0.2,g
583,Päron,Alkohol,Frukt färsk fryst,0.0,g
584,Tranbär,"Zink, Zn",Bär färska frysta,0.3,mg
584,Tranbär,Vitamin E,Bär färska frysta,1.6,mg
584,Tranbär,Vitamin D inkl 25-OH-D3,Bär färska frysta,0.0,µg
584,Tranbär,Vitamin D,Bär färska frysta,0.0,µg
584,Tranbär,Vitamin C,Bär färska frysta,10.0,mg
584,Tranbär,Vitamin B6,Bär färska frysta,0.06,mg
584,Tranbär,Vitamin B12,Bär färska frysta,0.0,µg
584,Tranbär,Vitamin A,Bär färska frysta,1.8,RE/µg
584,Tranbär,Vatten,Bär färska frysta,87.0,g
584,Tranbär,Tiamin,Bär färska frysta,0.05,mg
584,Tranbär,Tillsatt socker,Bär färska frysta,0.0,g
584,Tranbär,Fritt socker,Bär färska frysta,0.0,g
584,Tranbär,"Selen, Se",Bär färska frysta,0.0,µg
584,Tranbär,Sackaros,Bär färska frysta,0.0,g
584,Tranbär,Riboflavin,Bär färska frysta,0.07,mg
584,Tranbär,Retinol,Bär färska frysta,0.0,µg
584,Tranbär,Protein,Bär färska frysta,0.4,g
584,Tranbär,Summa fleromättade fettsyror,Bär färska frysta,0.1,g
584,Tranbär,"Fosfor, P",Bär färska frysta,9.0,mg
584,Tranbär,Niacinekvivalenter,Bär färska frysta,0.17,NE/mg
584,Tranbär,Niacin,Bär färska frysta,0.1,mg
584,Tranbär,"Salt, NaCl",Bär färska frysta,0.0,g
584,Tranbär,"Natrium, Na",Bär färska frysta,1.0,mg
584,Tranbär,Monosackarider,Bär färska frysta,3.4,g
584,Tranbär,"Sockerarter, totalt",Bär färska frysta,3.4,g
584,Tranbär,Summa enkelomättade fettsyror,Bär färska frysta,0.0,g
584,Tranbär,"Magnesium, Mg",Bär färska frysta,8.0,mg
584,Tranbär,Summa mättade fettsyror,Bär färska frysta,0.0,g
584,Tranbär,"Kolhydrater, tillgängliga",Bär färska frysta,8.9,g
584,Tranbär,Kolesterol,Bär färska frysta,0.0,mg
584,Tranbär,"Kalium, K",Bär färska frysta,80.0,mg
584,Tranbär,"Jod, I",Bär färska frysta,0.0,µg
584,Tranbär,Fullkorn totalt,Bär färska frysta,0.0,g
584,Tranbär,"Folat, totalt",Bär färska frysta,2.0,µg
584,Tranbär,Fibrer,Bär färska frysta,3.3,g
584,Tranbär,"Fett, totalt",Bär färska frysta,0.2,g
584,Tranbär,"Järn, Fe",Bär färska frysta,0.7,mg
584,Tranbär,Energi (kJ),Bär färska frysta,192.0,kJ
584,Tranbär,Energi (kcal),Bär färska frysta,46.0,kcal
584,Tranbär,Disackarider,Bär färska frysta,0.0,g
584,Tranbär,"Kalcium, Ca",Bär färska frysta,15.0,mg
584,Tranbär,Fettsyra 4:0-10:0,Bär färska frysta,0.0,g
584,Tranbär,DHA (C22:6),Bär färska frysta,0.0,g
584,Tranbär,DPA (C22:5),Bär färska frysta,0.0,g
584,Tranbär,EPA (C20:5),Bär färska frysta,0.0,g
584,Tranbär,Arakidonsyra C20:4,Bär färska frysta,0.0,g
584,Tranbär,Arakidinsyra C20:0,Bär färska frysta,0.0,g
584,Tranbär,Linolensyra C18:3,Bär färska frysta,0.1,g
584,Tranbär,Linolsyra C18:2,Bär färska frysta,0.1,g
584,Tranbär,Oljesyra C18:1,Bär färska frysta,0.0,g
584,Tranbär,Stearinsyra C18:0,Bär färska frysta,0.0,g
584,Tranbär,Palmitoljesyra C16:1,Bär färska frysta,0.0,g
584,Tranbär,Palmitinsyra C16:0,Bär färska frysta,0.0,g
584,Tranbär,Myristinsyra C14:0,Bär färska frysta,0.0,g
584,Tranbär,Laurinsyra C12:0,Bär färska frysta,0.0,g
584,Tranbär,Betakaroten/β-Karoten,Bär färska frysta,22.0,µg
584,Tranbär,Avfall (skal etc.),Bär färska frysta,5.0,%
584,Tranbär,Aska,Bär färska frysta,0.2,g
584,Tranbär,Alkohol,Bär färska frysta,0.0,g
585,Vinbär röda,"Zink, Zn",Bär färska frysta,0.2,mg
585,Vinbär röda,Vitamin E,Bär färska frysta,0.8,mg
585,Vinbär röda,Vitamin D inkl 25-OH-D3,Bär färska frysta,0.0,µg
585,Vinbär röda,Vitamin D,Bär färska frysta,0.0,µg
585,Vinbär röda,Vitamin C,Bär färska frysta,134.0,mg
585,Vinbär röda,Vitamin B6,Bär färska frysta,0.04,mg
585,Vinbär röda,Vitamin B12,Bär färska frysta,0.0,µg
585,Vinbär röda,Vitamin A,Bär färska frysta,1.5,RE/µg
585,Vinbär röda,Vatten,Bär färska frysta,86.0,g
585,Vinbär röda,Tiamin,Bär färska frysta,0.02,mg
585,Vinbär röda,Tillsatt socker,Bär färska frysta,0.0,g
585,Vinbär röda,Fritt socker,Bär färska frysta,0.0,g
585,Vinbär röda,"Selen, Se",Bär färska frysta,0.0,µg
585,Vinbär röda,Sackaros,Bär färska frysta,0.2,g
585,Vinbär röda,Riboflavin,Bär färska frysta,0.02,mg
585,Vinbär röda,Retinol,Bär färska frysta,0.0,µg
585,Vinbär röda,Protein,Bär färska frysta,1.2,g
585,Vinbär röda,Summa fleromättade fettsyror,Bär färska frysta,0.1,g
585,Vinbär röda,"Fosfor, P",Bär färska frysta,35.0,mg
585,Vinbär röda,Niacinekvivalenter,Bär färska frysta,0.5,NE/mg
585,Vinbär röda,Niacin,Bär färska frysta,0.3,mg
585,Vinbär röda,"Salt, NaCl",Bär färska frysta,0.0,g
585,Vinbär röda,"Natrium, Na",Bär färska frysta,4.0,mg
585,Vinbär röda,Monosackarider,Bär färska frysta,7.3,g
585,Vinbär röda,"Sockerarter, totalt",Bär färska frysta,7.5,g
585,Vinbär röda,Summa enkelomättade fettsyror,Bär färska frysta,0.0,g
585,Vinbär röda,"Magnesium, Mg",Bär färska frysta,14.0,mg
585,Vinbär röda,Summa mättade fettsyror,Bär färska frysta,0.0,g
585,Vinbär röda,"Kolhydrater, tillgängliga",Bär färska frysta,8.7,g
585,Vinbär röda,Kolesterol,Bär färska frysta,0.0,mg
585,Vinbär röda,"Kalium, K",Bär färska frysta,260.0,mg
585,Vinbär röda,"Jod, I",Bär färska frysta,1.1,µg
585,Vinbär röda,Fullkorn totalt,Bär färska frysta,0.0,g
585,Vinbär röda,"Folat, totalt",Bär färska frysta,10.3,µg
585,Vinbär röda,Fibrer,Bär färska frysta,3.4,g
585,Vinbär röda,"Fett, totalt",Bär färska frysta,0.2,g
585,Vinbär röda,"Järn, Fe",Bär färska frysta,0.8,mg
585,Vinbär röda,Energi (kJ),Bär färska frysta,203.0,kJ
585,Vinbär röda,Energi (kcal),Bär färska frysta,48.0,kcal
585,Vinbär röda,Disackarider,Bär färska frysta,0.2,g
585,Vinbär röda,"Kalcium, Ca",Bär färska frysta,43.0,mg
585,Vinbär röda,Fettsyra 4:0-10:0,Bär färska frysta,0.0,g
585,Vinbär röda,DHA (C22:6),Bär färska frysta,0.0,g
585,Vinbär röda,DPA (C22:5),Bär färska frysta,0.0,g
585,Vinbär röda,EPA (C20:5),Bär färska frysta,0.0,g
585,Vinbär röda,Arakidonsyra C20:4,Bär färska frysta,0.0,g
585,Vinbär röda,Arakidinsyra C20:0,Bär färska frysta,0.0,g
585,Vinbär röda,Linolensyra C18:3,Bär färska frysta,0.0,g
585,Vinbär röda,Linolsyra C18:2,Bär färska frysta,0.0,g
585,Vinbär röda,Oljesyra C18:1,Bär färska frysta,0.0,g
585,Vinbär röda,Stearinsyra C18:0,Bär färska frysta,0.0,g
585,Vinbär röda,Palmitoljesyra C16:1,Bär färska frysta,0.0,g
585,Vinbär röda,Palmitinsyra C16:0,Bär färska frysta,0.0,g
585,Vinbär röda,Myristinsyra C14:0,Bär färska frysta,0.0,g
585,Vinbär röda,Laurinsyra C12:0,Bär färska frysta,0.0,g
585,Vinbär röda,Betakaroten/β-Karoten,Bär färska frysta,18.0,µg
585,Vinbär röda,Avfall (skal etc.),Bär färska frysta,2.0,%
585,Vinbär röda,Aska,Bär färska frysta,0.5,g
585,Vinbär röda,Alkohol,Bär färska frysta,0.0,g
586,Vinbär svarta,"Zink, Zn",Bär färska frysta,0.3,mg
586,Vinbär svarta,Vitamin E,Bär färska frysta,2.2,mg
586,Vinbär svarta,Vitamin D inkl 25-OH-D3,Bär färska frysta,0.0,µg
586,Vinbär svarta,Vitamin D,Bär färska frysta,0.0,µg
586,Vinbär svarta,Vitamin C,Bär färska frysta,128.0,mg
586,Vinbär svarta,Vitamin B6,Bär färska frysta,0.08,mg
586,Vinbär svarta,Vitamin B12,Bär färska frysta,0.0,µg
586,Vinbär svarta,Vitamin A,Bär färska frysta,8.6,RE/µg
586,Vinbär svarta,Vatten,Bär färska frysta,80.7,g
586,Vinbär svarta,Tiamin,Bär färska frysta,0.04,mg
586,Vinbär svarta,Tillsatt socker,Bär färska frysta,0.0,g
586,Vinbär svarta,Fritt socker,Bär färska frysta,0.0,g
586,Vinbär svarta,"Selen, Se",Bär färska frysta,0.1,µg
586,Vinbär svarta,Sackaros,Bär färska frysta,0.6,g
586,Vinbär svarta,Riboflavin,Bär färska frysta,0.02,mg
586,Vinbär svarta,Retinol,Bär färska frysta,0.0,µg
586,Vinbär svarta,Protein,Bär färska frysta,1.4,g
586,Vinbär svarta,Summa fleromättade fettsyror,Bär färska frysta,0.7,g
586,Vinbär svarta,"Fosfor, P",Bär färska frysta,58.0,mg
586,Vinbär svarta,Niacinekvivalenter,Bär färska frysta,0.5,NE/mg
586,Vinbär svarta,Niacin,Bär färska frysta,0.3,mg
586,Vinbär svarta,"Salt, NaCl",Bär färska frysta,0.0,g
586,Vinbär svarta,"Natrium, Na",Bär färska frysta,2.0,mg
586,Vinbär svarta,Monosackarider,Bär färska frysta,8.0,g
586,Vinbär svarta,"Sockerarter, totalt",Bär färska frysta,8.5,g
586,Vinbär svarta,Summa enkelomättade fettsyror,Bär färska frysta,0.1,g
586,Vinbär svarta,"Magnesium, Mg",Bär färska frysta,24.0,mg
586,Vinbär svarta,Summa mättade fettsyror,Bär färska frysta,0.2,g
586,Vinbär svarta,"Kolhydrater, tillgängliga",Bär färska frysta,10.2,g
586,Vinbär svarta,Kolesterol,Bär färska frysta,0.0,mg
586,Vinbär svarta,"Kalium, K",Bär färska frysta,340.0,mg
586,Vinbär svarta,"Jod, I",Bär färska frysta,1.0,µg
586,Vinbär svarta,Fullkorn totalt,Bär färska frysta,0.0,g
586,Vinbär svarta,"Folat, totalt",Bär färska frysta,14.2,µg
586,Vinbär svarta,Fibrer,Bär färska frysta,5.8,g
586,Vinbär svarta,"Fett, totalt",Bär färska frysta,1.1,g
586,Vinbär svarta,"Järn, Fe",Bär färska frysta,1.2,mg
586,Vinbär svarta,Energi (kJ),Bär färska frysta,284.0,kJ
586,Vinbär svarta,Energi (kcal),Bär färska frysta,68.0,kcal
586,Vinbär svarta,Disackarider,Bär färska frysta,0.6,g
586,Vinbär svarta,"Kalcium, Ca",Bär färska frysta,72.0,mg
586,Vinbär svarta,Fettsyra 4:0-10:0,Bär färska frysta,0.0,g
586,Vinbär svarta,DHA (C22:6),Bär färska frysta,0.0,g
586,Vinbär svarta,DPA (C22:5),Bär färska frysta,0.0,g
586,Vinbär svarta,EPA (C20:5),Bär färska frysta,0.0,g
586,Vinbär svarta,Arakidonsyra C20:4,Bär färska frysta,0.0,g
586,Vinbär svarta,Arakidinsyra C20:0,Bär färska frysta,0.0,g
586,Vinbär svarta,Linolensyra C18:3,Bär färska frysta,0.2,g
586,Vinbär svarta,Linolsyra C18:2,Bär färska frysta,0.4,g
586,Vinbär svarta,Oljesyra C18:1,Bär färska frysta,0.1,g
586,Vinbär svarta,Stearinsyra C18:0,Bär färska frysta,0.0,g
586,Vinbär svarta,Palmitoljesyra C16:1,Bär färska frysta,0.0,g
586,Vinbär svarta,Palmitinsyra C16:0,Bär färska frysta,0.2,g
586,Vinbär svarta,Myristinsyra C14:0,Bär färska frysta,0.0,g
586,Vinbär svarta,Laurinsyra C12:0,Bär färska frysta,0.0,g
586,Vinbär svarta,Betakaroten/β-Karoten,Bär färska frysta,103.0,µg
586,Vinbär svarta,Avfall (skal etc.),Bär färska frysta,0.0,%
586,Vinbär svarta,Aska,Bär färska frysta,0.9,g
586,Vinbär svarta,Alkohol,Bär färska frysta,0.0,g
587,Vindruvor,"Zink, Zn",Frukt färsk fryst,0.0,mg
587,Vindruvor,Vitamin E,Frukt färsk fryst,0.2,mg
587,Vindruvor,Vitamin D inkl 25-OH-D3,Frukt färsk fryst,0.0,µg
587,Vindruvor,Vitamin D,Frukt färsk fryst,0.0,µg
587,Vindruvor,Vitamin C,Frukt färsk fryst,2.5,mg
587,Vindruvor,Vitamin B6,Frukt färsk fryst,0.04,mg
587,Vindruvor,Vitamin B12,Frukt färsk fryst,0.0,µg
587,Vindruvor,Vitamin A,Frukt färsk fryst,0.6,RE/µg
587,Vindruvor,Vatten,Frukt färsk fryst,81.9,g
587,Vindruvor,Tiamin,Frukt färsk fryst,0.06,mg
587,Vindruvor,Tillsatt socker,Frukt färsk fryst,0.0,g
587,Vindruvor,Fritt socker,Frukt färsk fryst,0.0,g
587,Vindruvor,"Selen, Se",Frukt färsk fryst,0.0,µg
587,Vindruvor,Sackaros,Frukt färsk fryst,0.0,g
587,Vindruvor,Riboflavin,Frukt färsk fryst,0.01,mg
587,Vindruvor,Retinol,Frukt färsk fryst,0.0,µg
587,Vindruvor,Protein,Frukt färsk fryst,0.6,g
587,Vindruvor,Summa fleromättade fettsyror,Frukt färsk fryst,0.0,g
587,Vindruvor,"Fosfor, P",Frukt färsk fryst,18.0,mg
587,Vindruvor,Niacinekvivalenter,Frukt färsk fryst,0.3,NE/mg
587,Vindruvor,Niacin,Frukt färsk fryst,0.2,mg
587,Vindruvor,"Salt, NaCl",Frukt färsk fryst,0.0,g
587,Vindruvor,"Natrium, Na",Frukt färsk fryst,1.0,mg
587,Vindruvor,Monosackarider,Frukt färsk fryst,16.1,g
587,Vindruvor,"Sockerarter, totalt",Frukt färsk fryst,16.1,g
587,Vindruvor,Summa enkelomättade fettsyror,Frukt färsk fryst,0.0,g
587,Vindruvor,"Magnesium, Mg",Frukt färsk fryst,7.0,mg
587,Vindruvor,Summa mättade fettsyror,Frukt färsk fryst,0.0,g
587,Vindruvor,"Kolhydrater, tillgängliga",Frukt färsk fryst,15.6,g
587,Vindruvor,Kolesterol,Frukt färsk fryst,0.0,mg
587,Vindruvor,"Kalium, K",Frukt färsk fryst,215.0,mg
587,Vindruvor,"Jod, I",Frukt färsk fryst,1.0,µg
587,Vindruvor,Fullkorn totalt,Frukt färsk fryst,0.0,g
587,Vindruvor,"Folat, totalt",Frukt färsk fryst,6.0,µg
587,Vindruvor,Fibrer,Frukt färsk fryst,1.2,g
587,Vindruvor,"Fett, totalt",Frukt färsk fryst,0.2,g
587,Vindruvor,"Järn, Fe",Frukt färsk fryst,0.2,mg
587,Vindruvor,Energi (kJ),Frukt färsk fryst,291.0,kJ
587,Vindruvor,Energi (kcal),Frukt färsk fryst,70.0,kcal
587,Vindruvor,Disackarider,Frukt färsk fryst,0.0,g
587,Vindruvor,"Kalcium, Ca",Frukt färsk fryst,10.0,mg
587,Vindruvor,Fettsyra 4:0-10:0,Frukt färsk fryst,0.0,g
587,Vindruvor,DHA (C22:6),Frukt färsk fryst,0.0,g
587,Vindruvor,DPA (C22:5),Frukt färsk fryst,0.0,g
587,Vindruvor,EPA (C20:5),Frukt färsk fryst,0.0,g
587,Vindruvor,Arakidonsyra C20:4,Frukt färsk fryst,0.0,g
587,Vindruvor,Arakidinsyra C20:0,Frukt färsk fryst,0.0,g
587,Vindruvor,Linolensyra C18:3,Frukt färsk fryst,0.0,g
587,Vindruvor,Linolsyra C18:2,Frukt färsk fryst,0.0,g
587,Vindruvor,Oljesyra C18:1,Frukt färsk fryst,0.0,g
587,Vindruvor,Stearinsyra C18:0,Frukt färsk fryst,0.0,g
587,Vindruvor,Palmitoljesyra C16:1,Frukt färsk fryst,0.0,g
587,Vindruvor,Palmitinsyra C16:0,Frukt färsk fryst,0.0,g
587,Vindruvor,Myristinsyra C14:0,Frukt färsk fryst,0.0,g
587,Vindruvor,Laurinsyra C12:0,Frukt färsk fryst,0.0,g
587,Vindruvor,Betakaroten/β-Karoten,Frukt färsk fryst,7.0,µg
587,Vindruvor,Avfall (skal etc.),Frukt färsk fryst,4.0,%
587,Vindruvor,Aska,Frukt färsk fryst,0.5,g
587,Vindruvor,Alkohol,Frukt färsk fryst,0.0,g
588,Äpple m. skal,"Zink, Zn",Frukt färsk fryst,0.0,mg
588,Äpple m. skal,Vitamin E,Frukt färsk fryst,0.3,mg
588,Äpple m. skal,Vitamin D inkl 25-OH-D3,Frukt färsk fryst,0.0,µg
588,Äpple m. skal,Vitamin D,Frukt färsk fryst,0.0,µg
588,Äpple m. skal,Vitamin C,Frukt färsk fryst,7.2,mg
588,Äpple m. skal,Vitamin B6,Frukt färsk fryst,0.04,mg
588,Äpple m. skal,Vitamin B12,Frukt färsk fryst,0.0,µg
588,Äpple m. skal,Vitamin A,Frukt färsk fryst,2.0,RE/µg
588,Äpple m. skal,Vatten,Frukt färsk fryst,86.9,g
588,Äpple m. skal,Tiamin,Frukt färsk fryst,0.01,mg
588,Äpple m. skal,Tillsatt socker,Frukt färsk fryst,0.0,g
588,Äpple m. skal,Fritt socker,Frukt färsk fryst,0.0,g
588,Äpple m. skal,"Selen, Se",Frukt färsk fryst,0.0,µg
588,Äpple m. skal,Sackaros,Frukt färsk fryst,3.4,g
588,Äpple m. skal,Riboflavin,Frukt färsk fryst,0.0,mg
588,Äpple m. skal,Retinol,Frukt färsk fryst,0.0,µg
588,Äpple m. skal,Protein,Frukt färsk fryst,0.0,g
588,Äpple m. skal,Summa fleromättade fettsyror,Frukt färsk fryst,0.0,g
588,Äpple m. skal,"Fosfor, P",Frukt färsk fryst,7.0,mg
588,Äpple m. skal,Niacinekvivalenter,Frukt färsk fryst,0.12,NE/mg
588,Äpple m. skal,Niacin,Frukt färsk fryst,0.12,mg
588,Äpple m. skal,"Salt, NaCl",Frukt färsk fryst,0.0,g
588,Äpple m. skal,"Natrium, Na",Frukt färsk fryst,0.0,mg
588,Äpple m. skal,Monosackarider,Frukt färsk fryst,6.5,g
588,Äpple m. skal,"Sockerarter, totalt",Frukt färsk fryst,9.9,g
588,Äpple m. skal,Summa enkelomättade fettsyror,Frukt färsk fryst,0.0,g
588,Äpple m. skal,"Magnesium, Mg",Frukt färsk fryst,4.0,mg
588,Äpple m. skal,Summa mättade fettsyror,Frukt färsk fryst,0.0,g
588,Äpple m. skal,"Kolhydrater, tillgängliga",Frukt färsk fryst,10.6,g
588,Äpple m. skal,Kolesterol,Frukt färsk fryst,0.0,mg
588,Äpple m. skal,"Kalium, K",Frukt färsk fryst,62.0,mg
588,Äpple m. skal,"Jod, I",Frukt färsk fryst,0.0,µg
588,Äpple m. skal,Fullkorn totalt,Frukt färsk fryst,0.0,g
588,Äpple m. skal,"Folat, totalt",Frukt färsk fryst,2.9,µg
588,Äpple m. skal,Fibrer,Frukt färsk fryst,2.3,g
588,Äpple m. skal,"Fett, totalt",Frukt färsk fryst,0.0,g
588,Äpple m. skal,"Järn, Fe",Frukt färsk fryst,0.1,mg
588,Äpple m. skal,Energi (kJ),Frukt färsk fryst,200.0,kJ
588,Äpple m. skal,Energi (kcal),Frukt färsk fryst,48.0,kcal
588,Äpple m. skal,Disackarider,Frukt färsk fryst,3.4,g
588,Äpple m. skal,"Kalcium, Ca",Frukt färsk fryst,3.0,mg
588,Äpple m. skal,Fettsyra 4:0-10:0,Frukt färsk fryst,0.0,g
588,Äpple m. skal,DHA (C22:6),Frukt färsk fryst,0.0,g
588,Äpple m. skal,DPA (C22:5),Frukt färsk fryst,0.0,g
588,Äpple m. skal,EPA (C20:5),Frukt färsk fryst,0.0,g
588,Äpple m. skal,Arakidonsyra C20:4,Frukt färsk fryst,0.0,g
588,Äpple m. skal,Arakidinsyra C20:0,Frukt färsk fryst,0.0,g
588,Äpple m. skal,Linolensyra C18:3,Frukt färsk fryst,0.0,g
588,Äpple m. skal,Linolsyra C18:2,Frukt färsk fryst,0.0,g
588,Äpple m. skal,Oljesyra C18:1,Frukt färsk fryst,0.0,g
588,Äpple m. skal,Stearinsyra C18:0,Frukt färsk fryst,0.0,g
588,Äpple m. skal,Palmitoljesyra C16:1,Frukt färsk fryst,0.0,g
588,Äpple m. skal,Palmitinsyra C16:0,Frukt färsk fryst,0.0,g
588,Äpple m. skal,Myristinsyra C14:0,Frukt färsk fryst,0.0,g
588,Äpple m. skal,Laurinsyra C12:0,Frukt färsk fryst,0.0,g
588,Äpple m. skal,Betakaroten/β-Karoten,Frukt färsk fryst,22.0,µg
588,Äpple m. skal,Avfall (skal etc.),Frukt färsk fryst,8.0,%
588,Äpple m. skal,Aska,Frukt färsk fryst,0.2,g
588,Äpple m. skal,Alkohol,Frukt färsk fryst,0.0,g
589,Äpple u. skal ,"Zink, Zn",Frukt färsk fryst,0.0,mg
589,Äpple u. skal ,Vitamin E,Frukt färsk fryst,0.5,mg
589,Äpple u. skal ,Vitamin D inkl 25-OH-D3,Frukt färsk fryst,0.0,µg
589,Äpple u. skal ,Vitamin D,Frukt färsk fryst,0.0,µg
589,Äpple u. skal ,Vitamin C,Frukt färsk fryst,8.0,mg
589,Äpple u. skal ,Vitamin B6,Frukt färsk fryst,0.05,mg
589,Äpple u. skal ,Vitamin B12,Frukt färsk fryst,0.0,µg
589,Äpple u. skal ,Vitamin A,Frukt färsk fryst,2.0,RE/µg
589,Äpple u. skal ,Vatten,Frukt färsk fryst,85.1,g
589,Äpple u. skal ,Tiamin,Frukt färsk fryst,0.02,mg
589,Äpple u. skal ,Tillsatt socker,Frukt färsk fryst,0.0,g
589,Äpple u. skal ,Fritt socker,Frukt färsk fryst,0.0,g
589,Äpple u. skal ,"Selen, Se",Frukt färsk fryst,0.0,µg
589,Äpple u. skal ,Sackaros,Frukt färsk fryst,3.0,g
589,Äpple u. skal ,Riboflavin,Frukt färsk fryst,0.01,mg
589,Äpple u. skal ,Retinol,Frukt färsk fryst,0.0,µg
589,Äpple u. skal ,Protein,Frukt färsk fryst,0.0,g
589,Äpple u. skal ,Summa fleromättade fettsyror,Frukt färsk fryst,0.0,g
589,Äpple u. skal ,"Fosfor, P",Frukt färsk fryst,10.0,mg
589,Äpple u. skal ,Niacinekvivalenter,Frukt färsk fryst,0.13,NE/mg
589,Äpple u. skal ,Niacin,Frukt färsk fryst,0.1,mg
589,Äpple u. skal ,"Salt, NaCl",Frukt färsk fryst,0.0,g
589,Äpple u. skal ,"Natrium, Na",Frukt färsk fryst,1.0,mg
589,Äpple u. skal ,Monosackarider,Frukt färsk fryst,7.5,g
589,Äpple u. skal ,"Sockerarter, totalt",Frukt färsk fryst,10.5,g
589,Äpple u. skal ,Summa enkelomättade fettsyror,Frukt färsk fryst,0.0,g
589,Äpple u. skal ,"Magnesium, Mg",Frukt färsk fryst,3.0,mg
589,Äpple u. skal ,Summa mättade fettsyror,Frukt färsk fryst,0.0,g
589,Äpple u. skal ,"Kolhydrater, tillgängliga",Frukt färsk fryst,13.4,g
589,Äpple u. skal ,Kolesterol,Frukt färsk fryst,0.0,mg
589,Äpple u. skal ,"Kalium, K",Frukt färsk fryst,109.0,mg
589,Äpple u. skal ,"Jod, I",Frukt färsk fryst,0.0,µg
589,Äpple u. skal ,Fullkorn totalt,Frukt färsk fryst,0.0,g
589,Äpple u. skal ,"Folat, totalt",Frukt färsk fryst,0.4,µg
589,Äpple u. skal ,Fibrer,Frukt färsk fryst,0.9,g
589,Äpple u. skal ,"Fett, totalt",Frukt färsk fryst,0.1,g
589,Äpple u. skal ,"Järn, Fe",Frukt färsk fryst,0.1,mg
589,Äpple u. skal ,Energi (kJ),Frukt färsk fryst,239.0,kJ
589,Äpple u. skal ,Energi (kcal),Frukt färsk fryst,57.0,kcal
589,Äpple u. skal ,Disackarider,Frukt färsk fryst,3.0,g
589,Äpple u. skal ,"Kalcium, Ca",Frukt färsk fryst,4.0,mg
589,Äpple u. skal ,Fettsyra 4:0-10:0,Frukt färsk fryst,0.0,g
589,Äpple u. skal ,DHA (C22:6),Frukt färsk fryst,0.0,g
589,Äpple u. skal ,DPA (C22:5),Frukt färsk fryst,0.0,g
589,Äpple u. skal ,EPA (C20:5),Frukt färsk fryst,0.0,g
589,Äpple u. skal ,Arakidonsyra C20:4,Frukt färsk fryst,0.0,g
589,Äpple u. skal ,Arakidinsyra C20:0,Frukt färsk fryst,0.0,g
589,Äpple u. skal ,Linolensyra C18:3,Frukt färsk fryst,0.0,g
589,Äpple u. skal ,Linolsyra C18:2,Frukt färsk fryst,0.0,g
589,Äpple u. skal ,Oljesyra C18:1,Frukt färsk fryst,0.0,g
589,Äpple u. skal ,Stearinsyra C18:0,Frukt färsk fryst,0.0,g
589,Äpple u. skal ,Palmitoljesyra C16:1,Frukt färsk fryst,0.0,g
589,Äpple u. skal ,Palmitinsyra C16:0,Frukt färsk fryst,0.0,g
589,Äpple u. skal ,Myristinsyra C14:0,Frukt färsk fryst,0.0,g
589,Äpple u. skal ,Laurinsyra C12:0,Frukt färsk fryst,0.0,g
589,Äpple u. skal ,Betakaroten/β-Karoten,Frukt färsk fryst,24.0,µg
589,Äpple u. skal ,Avfall (skal etc.),Frukt färsk fryst,20.0,%
589,Äpple u. skal ,Aska,Frukt färsk fryst,0.3,g
589,Äpple u. skal ,Alkohol,Frukt färsk fryst,0.0,g
590,Hallon frysvara,"Zink, Zn",Bär färska frysta,0.3,mg
590,Hallon frysvara,Vitamin E,Bär färska frysta,1.4,mg
590,Hallon frysvara,Vitamin D inkl 25-OH-D3,Bär färska frysta,0.0,µg
590,Hallon frysvara,Vitamin D,Bär färska frysta,0.0,µg
590,Hallon frysvara,Vitamin C,Bär färska frysta,25.0,mg
590,Hallon frysvara,Vitamin B6,Bär färska frysta,0.03,mg
590,Hallon frysvara,Vitamin B12,Bär färska frysta,0.0,µg
590,Hallon frysvara,Vitamin A,Bär färska frysta,0.5,RE/µg
590,Hallon frysvara,Vatten,Bär färska frysta,89.0,g
590,Hallon frysvara,Tiamin,Bär färska frysta,0.02,mg
590,Hallon frysvara,Tillsatt socker,Bär färska frysta,0.0,g
590,Hallon frysvara,Fritt socker,Bär färska frysta,0.0,g
590,Hallon frysvara,"Selen, Se",Bär färska frysta,0.0,µg
590,Hallon frysvara,Sackaros,Bär färska frysta,0.7,g
590,Hallon frysvara,Riboflavin,Bär färska frysta,0.05,mg
590,Hallon frysvara,Retinol,Bär färska frysta,0.0,µg
590,Hallon frysvara,Protein,Bär färska frysta,1.0,g
590,Hallon frysvara,Summa fleromättade fettsyror,Bär färska frysta,0.3,g
590,Hallon frysvara,"Fosfor, P",Bär färska frysta,30.0,mg
590,Hallon frysvara,Niacinekvivalenter,Bär färska frysta,0.67,NE/mg
590,Hallon frysvara,Niacin,Bär färska frysta,0.5,mg
590,Hallon frysvara,"Salt, NaCl",Bär färska frysta,0.0,g
590,Hallon frysvara,"Natrium, Na",Bär färska frysta,1.0,mg
590,Hallon frysvara,Monosackarider,Bär färska frysta,2.7,g
590,Hallon frysvara,"Sockerarter, totalt",Bär färska frysta,3.4,g
590,Hallon frysvara,Summa enkelomättade fettsyror,Bär färska frysta,0.0,g
590,Hallon frysvara,"Magnesium, Mg",Bär färska frysta,25.0,mg
590,Hallon frysvara,Summa mättade fettsyror,Bär färska frysta,0.0,g
590,Hallon frysvara,"Kolhydrater, tillgängliga",Bär färska frysta,5.4,g
590,Hallon frysvara,Kolesterol,Bär färska frysta,0.0,mg
590,Hallon frysvara,"Kalium, K",Bär färska frysta,200.0,mg
590,Hallon frysvara,"Jod, I",Bär färska frysta,0.4,µg
590,Hallon frysvara,Fullkorn totalt,Bär färska frysta,0.0,g
590,Hallon frysvara,"Folat, totalt",Bär färska frysta,26.0,µg
590,Hallon frysvara,Fibrer,Bär färska frysta,3.7,g
590,Hallon frysvara,"Fett, totalt",Bär färska frysta,0.5,g
590,Hallon frysvara,"Järn, Fe",Bär färska frysta,1.0,mg
590,Hallon frysvara,Energi (kJ),Bär färska frysta,157.0,kJ
590,Hallon frysvara,Energi (kcal),Bär färska frysta,38.0,kcal
590,Hallon frysvara,Disackarider,Bär färska frysta,0.7,g
590,Hallon frysvara,"Kalcium, Ca",Bär färska frysta,20.0,mg
590,Hallon frysvara,Fettsyra 4:0-10:0,Bär färska frysta,0.0,g
590,Hallon frysvara,DHA (C22:6),Bär färska frysta,0.0,g
590,Hallon frysvara,DPA (C22:5),Bär färska frysta,0.0,g
590,Hallon frysvara,EPA (C20:5),Bär färska frysta,0.0,g
590,Hallon frysvara,Arakidonsyra C20:4,Bär färska frysta,0.0,g
590,Hallon frysvara,Arakidinsyra C20:0,Bär färska frysta,0.0,g
590,Hallon frysvara,Linolensyra C18:3,Bär färska frysta,0.2,g
590,Hallon frysvara,Linolsyra C18:2,Bär färska frysta,0.2,g
590,Hallon frysvara,Oljesyra C18:1,Bär färska frysta,0.0,g
590,Hallon frysvara,Stearinsyra C18:0,Bär färska frysta,0.0,g
590,Hallon frysvara,Palmitoljesyra C16:1,Bär färska frysta,0.0,g
590,Hallon frysvara,Palmitinsyra C16:0,Bär färska frysta,0.0,g
590,Hallon frysvara,Myristinsyra C14:0,Bär färska frysta,0.0,g
590,Hallon frysvara,Laurinsyra C12:0,Bär färska frysta,0.0,g
590,Hallon frysvara,Betakaroten/β-Karoten,Bär färska frysta,6.0,µg
590,Hallon frysvara,Avfall (skal etc.),Bär färska frysta,0.0,%
590,Hallon frysvara,Aska,Bär färska frysta,0.4,g
590,Hallon frysvara,Alkohol,Bär färska frysta,0.0,g
591,Björnbär frysvara,"Zink, Zn",Bär färska frysta,0.3,mg
591,Björnbär frysvara,Vitamin E,Bär färska frysta,0.6,mg
591,Björnbär frysvara,Vitamin D inkl 25-OH-D3,Bär färska frysta,0.0,µg
591,Björnbär frysvara,Vitamin D,Bär färska frysta,0.0,µg
591,Björnbär frysvara,Vitamin C,Bär färska frysta,5.0,mg
591,Björnbär frysvara,Vitamin B6,Bär färska frysta,0.06,mg
591,Björnbär frysvara,Vitamin B12,Bär färska frysta,0.0,µg
591,Björnbär frysvara,Vitamin A,Bär färska frysta,5.5,RE/µg
591,Björnbär frysvara,Vatten,Bär färska frysta,82.0,g
591,Björnbär frysvara,Tiamin,Bär färska frysta,0.03,mg
591,Björnbär frysvara,Tillsatt socker,Bär färska frysta,0.0,g
591,Björnbär frysvara,Fritt socker,Bär färska frysta,0.0,g
591,Björnbär frysvara,"Selen, Se",Bär färska frysta,0.0,µg
591,Björnbär frysvara,Sackaros,Bär färska frysta,0.6,g
591,Björnbär frysvara,Riboflavin,Bär färska frysta,0.05,mg
591,Björnbär frysvara,Retinol,Bär färska frysta,0.0,µg
591,Björnbär frysvara,Protein,Bär färska frysta,1.0,g
591,Björnbär frysvara,Summa fleromättade fettsyror,Bär färska frysta,0.3,g
591,Björnbär frysvara,"Fosfor, P",Bär färska frysta,30.0,mg
591,Björnbär frysvara,Niacinekvivalenter,Bär färska frysta,1.37,NE/mg
591,Björnbär frysvara,Niacin,Bär färska frysta,1.2,mg
591,Björnbär frysvara,"Salt, NaCl",Bär färska frysta,0.0,g
591,Björnbär frysvara,"Natrium, Na",Bär färska frysta,1.0,mg
591,Björnbär frysvara,Monosackarider,Bär färska frysta,6.4,g
591,Björnbär frysvara,"Sockerarter, totalt",Bär färska frysta,7.9,g
591,Björnbär frysvara,Summa enkelomättade fettsyror,Bär färska frysta,0.0,g
591,Björnbär frysvara,"Magnesium, Mg",Bär färska frysta,22.0,mg
591,Björnbär frysvara,Summa mättade fettsyror,Bär färska frysta,0.0,g
591,Björnbär frysvara,"Kolhydrater, tillgängliga",Bär färska frysta,8.8,g
591,Björnbär frysvara,Kolesterol,Bär färska frysta,0.0,mg
591,Björnbär frysvara,"Kalium, K",Bär färska frysta,160.0,mg
591,Björnbär frysvara,"Jod, I",Bär färska frysta,0.4,µg
591,Björnbär frysvara,Fullkorn totalt,Bär färska frysta,0.0,g
591,Björnbär frysvara,"Folat, totalt",Bär färska frysta,34.0,µg
591,Björnbär frysvara,Fibrer,Bär färska frysta,7.2,g
591,Björnbär frysvara,"Fett, totalt",Bär färska frysta,0.5,g
591,Björnbär frysvara,"Järn, Fe",Bär färska frysta,0.4,mg
591,Björnbär frysvara,Energi (kJ),Bär färska frysta,243.0,kJ
591,Björnbär frysvara,Energi (kcal),Bär färska frysta,58.0,kcal
591,Björnbär frysvara,Disackarider,Bär färska frysta,1.5,g
591,Björnbär frysvara,"Kalcium, Ca",Bär färska frysta,20.0,mg
591,Björnbär frysvara,Fettsyra 4:0-10:0,Bär färska frysta,0.0,g
591,Björnbär frysvara,DHA (C22:6),Bär färska frysta,0.0,g
591,Björnbär frysvara,DPA (C22:5),Bär färska frysta,0.0,g
591,Björnbär frysvara,EPA (C20:5),Bär färska frysta,0.0,g
591,Björnbär frysvara,Arakidonsyra C20:4,Bär färska frysta,0.0,g
591,Björnbär frysvara,Arakidinsyra C20:0,Bär färska frysta,0.0,g
591,Björnbär frysvara,Linolensyra C18:3,Bär färska frysta,0.2,g
591,Björnbär frysvara,Linolsyra C18:2,Bär färska frysta,0.2,g
591,Björnbär frysvara,Oljesyra C18:1,Bär färska frysta,0.0,g
591,Björnbär frysvara,Stearinsyra C18:0,Bär färska frysta,0.0,g
591,Björnbär frysvara,Palmitoljesyra C16:1,Bär färska frysta,0.0,g
591,Björnbär frysvara,Palmitinsyra C16:0,Bär färska frysta,0.0,g
591,Björnbär frysvara,Myristinsyra C14:0,Bär färska frysta,0.0,g
591,Björnbär frysvara,Laurinsyra C12:0,Bär färska frysta,0.0,g
591,Björnbär frysvara,Betakaroten/β-Karoten,Bär färska frysta,66.0,µg
591,Björnbär frysvara,Avfall (skal etc.),Bär färska frysta,0.0,%
591,Björnbär frysvara,Aska,Bär färska frysta,0.5,g
591,Björnbär frysvara,Alkohol,Bär färska frysta,0.0,g
592,Björnbär m. socker frysvara,"Zink, Zn",Bär färska frysta,0.2,mg
592,Björnbär m. socker frysvara,Vitamin E,Bär färska frysta,0.5,mg
592,Björnbär m. socker frysvara,Vitamin D inkl 25-OH-D3,Bär färska frysta,0.0,µg
592,Björnbär m. socker frysvara,Vitamin D,Bär färska frysta,0.0,µg
592,Björnbär m. socker frysvara,Vitamin C,Bär färska frysta,10.0,mg
592,Björnbär m. socker frysvara,Vitamin B6,Bär färska frysta,0.06,mg
592,Björnbär m. socker frysvara,Vitamin B12,Bär färska frysta,0.0,µg
592,Björnbär m. socker frysvara,Vitamin A,Bär färska frysta,5.0,RE/µg
592,Björnbär m. socker frysvara,Vatten,Bär färska frysta,80.0,g
592,Björnbär m. socker frysvara,Tiamin,Bär färska frysta,0.03,mg
592,Björnbär m. socker frysvara,Tillsatt socker,Bär färska frysta,4.0,g
592,Björnbär m. socker frysvara,Fritt socker,Bär färska frysta,4.0,g
592,Björnbär m. socker frysvara,"Selen, Se",Bär färska frysta,0.0,µg
592,Björnbär m. socker frysvara,Sackaros,Bär färska frysta,7.8,g
592,Björnbär m. socker frysvara,Riboflavin,Bär färska frysta,0.05,mg
592,Björnbär m. socker frysvara,Retinol,Bär färska frysta,0.0,µg
592,Björnbär m. socker frysvara,Protein,Bär färska frysta,1.0,g
592,Björnbär m. socker frysvara,Summa fleromättade fettsyror,Bär färska frysta,0.3,g
592,Björnbär m. socker frysvara,"Fosfor, P",Bär färska frysta,27.0,mg
592,Björnbär m. socker frysvara,Niacinekvivalenter,Bär färska frysta,1.27,NE/mg
592,Björnbär m. socker frysvara,Niacin,Bär färska frysta,1.1,mg
592,Björnbär m. socker frysvara,"Salt, NaCl",Bär färska frysta,0.0,g
592,Björnbär m. socker frysvara,"Natrium, Na",Bär färska frysta,1.0,mg
592,Björnbär m. socker frysvara,Monosackarider,Bär färska frysta,4.2,g
592,Björnbär m. socker frysvara,"Sockerarter, totalt",Bär färska frysta,12.0,g
592,Björnbär m. socker frysvara,Summa enkelomättade fettsyror,Bär färska frysta,0.0,g
592,Björnbär m. socker frysvara,"Magnesium, Mg",Bär färska frysta,20.0,mg
592,Björnbär m. socker frysvara,Summa mättade fettsyror,Bär färska frysta,0.0,g
592,Björnbär m. socker frysvara,"Kolhydrater, tillgängliga",Bär färska frysta,12.0,g
592,Björnbär m. socker frysvara,Kolesterol,Bär färska frysta,0.0,mg
592,Björnbär m. socker frysvara,"Kalium, K",Bär färska frysta,146.0,mg
592,Björnbär m. socker frysvara,"Jod, I",Bär färska frysta,0.4,µg
592,Björnbär m. socker frysvara,Fullkorn totalt,Bär färska frysta,0.0,g
592,Björnbär m. socker frysvara,"Folat, totalt",Bär färska frysta,26.0,µg
592,Björnbär m. socker frysvara,Fibrer,Bär färska frysta,6.0,g
592,Björnbär m. socker frysvara,"Fett, totalt",Bär färska frysta,0.5,g
592,Björnbär m. socker frysvara,"Järn, Fe",Bär färska frysta,0.4,mg
592,Björnbär m. socker frysvara,Energi (kJ),Bär färska frysta,288.0,kJ
592,Björnbär m. socker frysvara,Energi (kcal),Bär färska frysta,69.0,kcal
592,Björnbär m. socker frysvara,Disackarider,Bär färska frysta,7.8,g
592,Björnbär m. socker frysvara,"Kalcium, Ca",Bär färska frysta,18.0,mg
592,Björnbär m. socker frysvara,Fettsyra 4:0-10:0,Bär färska frysta,0.0,g
592,Björnbär m. socker frysvara,DHA (C22:6),Bär färska frysta,0.0,g
592,Björnbär m. socker frysvara,DPA (C22:5),Bär färska frysta,0.0,g
592,Björnbär m. socker frysvara,EPA (C20:5),Bär färska frysta,0.0,g
592,Björnbär m. socker frysvara,Arakidonsyra C20:4,Bär färska frysta,0.0,g
592,Björnbär m. socker frysvara,Arakidinsyra C20:0,Bär färska frysta,0.0,g
592,Björnbär m. socker frysvara,Linolensyra C18:3,Bär färska frysta,0.2,g
592,Björnbär m. socker frysvara,Linolsyra C18:2,Bär färska frysta,0.2,g
592,Björnbär m. socker frysvara,Oljesyra C18:1,Bär färska frysta,0.0,g
592,Björnbär m. socker frysvara,Stearinsyra C18:0,Bär färska frysta,0.0,g
592,Björnbär m. socker frysvara,Palmitoljesyra C16:1,Bär färska frysta,0.0,g
592,Björnbär m. socker frysvara,Palmitinsyra C16:0,Bär färska frysta,0.0,g
592,Björnbär m. socker frysvara,Myristinsyra C14:0,Bär färska frysta,0.0,g
592,Björnbär m. socker frysvara,Laurinsyra C12:0,Bär färska frysta,0.0,g
592,Björnbär m. socker frysvara,Betakaroten/β-Karoten,Bär färska frysta,60.0,µg
592,Björnbär m. socker frysvara,Avfall (skal etc.),Bär färska frysta,0.0,%
592,Björnbär m. socker frysvara,Aska,Bär färska frysta,0.5,g
592,Björnbär m. socker frysvara,Alkohol,Bär färska frysta,0.0,g
593,Jordgubbar frysvara,"Zink, Zn",Bär färska frysta,0.2,mg
593,Jordgubbar frysvara,Vitamin E,Bär färska frysta,0.0,mg
593,Jordgubbar frysvara,Vitamin D inkl 25-OH-D3,Bär färska frysta,0.0,µg
593,Jordgubbar frysvara,Vitamin D,Bär färska frysta,0.0,µg
593,Jordgubbar frysvara,Vitamin C,Bär färska frysta,35.0,mg
593,Jordgubbar frysvara,Vitamin B6,Bär färska frysta,0.03,mg
593,Jordgubbar frysvara,Vitamin B12,Bär färska frysta,0.0,µg
593,Jordgubbar frysvara,Vitamin A,Bär färska frysta,1.5,RE/µg
593,Jordgubbar frysvara,Vatten,Bär färska frysta,91.0,g
593,Jordgubbar frysvara,Tiamin,Bär färska frysta,0.03,mg
593,Jordgubbar frysvara,Tillsatt socker,Bär färska frysta,0.0,g
593,Jordgubbar frysvara,Fritt socker,Bär färska frysta,0.0,g
593,Jordgubbar frysvara,"Selen, Se",Bär färska frysta,0.0,µg
593,Jordgubbar frysvara,Sackaros,Bär färska frysta,0.4,g
593,Jordgubbar frysvara,Riboflavin,Bär färska frysta,0.05,mg
593,Jordgubbar frysvara,Retinol,Bär färska frysta,0.0,µg
593,Jordgubbar frysvara,Protein,Bär färska frysta,0.5,g
593,Jordgubbar frysvara,Summa fleromättade fettsyror,Bär färska frysta,0.2,g
593,Jordgubbar frysvara,"Fosfor, P",Bär färska frysta,28.0,mg
593,Jordgubbar frysvara,Niacinekvivalenter,Bär färska frysta,0.38,NE/mg
593,Jordgubbar frysvara,Niacin,Bär färska frysta,0.3,mg
593,Jordgubbar frysvara,"Salt, NaCl",Bär färska frysta,0.0,g
593,Jordgubbar frysvara,"Natrium, Na",Bär färska frysta,2.0,mg
593,Jordgubbar frysvara,Monosackarider,Bär färska frysta,4.3,g
593,Jordgubbar frysvara,"Sockerarter, totalt",Bär färska frysta,4.7,g
593,Jordgubbar frysvara,Summa enkelomättade fettsyror,Bär färska frysta,0.1,g
593,Jordgubbar frysvara,"Magnesium, Mg",Bär färska frysta,15.0,mg
593,Jordgubbar frysvara,Summa mättade fettsyror,Bär färska frysta,0.0,g
593,Jordgubbar frysvara,"Kolhydrater, tillgängliga",Bär färska frysta,6.4,g
593,Jordgubbar frysvara,Kolesterol,Bär färska frysta,0.0,mg
593,Jordgubbar frysvara,"Kalium, K",Bär färska frysta,190.0,mg
593,Jordgubbar frysvara,"Jod, I",Bär färska frysta,1.0,µg
593,Jordgubbar frysvara,Fullkorn totalt,Bär färska frysta,0.0,g
593,Jordgubbar frysvara,"Folat, totalt",Bär färska frysta,98.5,µg
593,Jordgubbar frysvara,Fibrer,Bär färska frysta,1.4,g
593,Jordgubbar frysvara,"Fett, totalt",Bär färska frysta,0.3,g
593,Jordgubbar frysvara,"Järn, Fe",Bär färska frysta,0.5,mg
593,Jordgubbar frysvara,Energi (kJ),Bär färska frysta,140.0,kJ
593,Jordgubbar frysvara,Energi (kcal),Bär färska frysta,33.0,kcal
593,Jordgubbar frysvara,Disackarider,Bär färska frysta,0.4,g
593,Jordgubbar frysvara,"Kalcium, Ca",Bär färska frysta,21.0,mg
593,Jordgubbar frysvara,Fettsyra 4:0-10:0,Bär färska frysta,0.0,g
593,Jordgubbar frysvara,DHA (C22:6),Bär färska frysta,0.0,g
593,Jordgubbar frysvara,DPA (C22:5),Bär färska frysta,0.0,g
593,Jordgubbar frysvara,EPA (C20:5),Bär färska frysta,0.0,g
593,Jordgubbar frysvara,Arakidonsyra C20:4,Bär färska frysta,0.0,g
593,Jordgubbar frysvara,Arakidinsyra C20:0,Bär färska frysta,0.0,g
593,Jordgubbar frysvara,Linolensyra C18:3,Bär färska frysta,0.1,g
593,Jordgubbar frysvara,Linolsyra C18:2,Bär färska frysta,0.1,g
593,Jordgubbar frysvara,Oljesyra C18:1,Bär färska frysta,0.0,g
593,Jordgubbar frysvara,Stearinsyra C18:0,Bär färska frysta,0.0,g
593,Jordgubbar frysvara,Palmitoljesyra C16:1,Bär färska frysta,0.0,g
593,Jordgubbar frysvara,Palmitinsyra C16:0,Bär färska frysta,0.0,g
593,Jordgubbar frysvara,Myristinsyra C14:0,Bär färska frysta,0.0,g
593,Jordgubbar frysvara,Laurinsyra C12:0,Bär färska frysta,0.0,g
593,Jordgubbar frysvara,Betakaroten/β-Karoten,Bär färska frysta,18.0,µg
593,Jordgubbar frysvara,Avfall (skal etc.),Bär färska frysta,0.0,%
593,Jordgubbar frysvara,Aska,Bär färska frysta,0.4,g
593,Jordgubbar frysvara,Alkohol,Bär färska frysta,0.0,g
597,Hallon blåbär frysvara,"Zink, Zn",Bär färska frysta,0.2,mg
597,Hallon blåbär frysvara,Vitamin E,Bär färska frysta,0.8,mg
597,Hallon blåbär frysvara,Vitamin D inkl 25-OH-D3,Bär färska frysta,0.0,µg
597,Hallon blåbär frysvara,Vitamin D,Bär färska frysta,0.0,µg
597,Hallon blåbär frysvara,Vitamin C,Bär färska frysta,17.6,mg
597,Hallon blåbär frysvara,Vitamin B6,Bär färska frysta,0.08,mg
597,Hallon blåbär frysvara,Vitamin B12,Bär färska frysta,0.0,µg
597,Hallon blåbär frysvara,Vitamin A,Bär färska frysta,4.6,RE/µg
597,Hallon blåbär frysvara,Vatten,Bär färska frysta,88.0,g
597,Hallon blåbär frysvara,Tiamin,Bär färska frysta,0.04,mg
597,Hallon blåbär frysvara,Tillsatt socker,Bär färska frysta,0.0,g
597,Hallon blåbär frysvara,Fritt socker,Bär färska frysta,0.0,g
597,Hallon blåbär frysvara,"Selen, Se",Bär färska frysta,0.0,µg
597,Hallon blåbär frysvara,Sackaros,Bär färska frysta,0.4,g
597,Hallon blåbär frysvara,Riboflavin,Bär färska frysta,0.06,mg
597,Hallon blåbär frysvara,Retinol,Bär färska frysta,0.0,µg
597,Hallon blåbär frysvara,Protein,Bär färska frysta,1.0,g
597,Hallon blåbär frysvara,Summa fleromättade fettsyror,Bär färska frysta,0.4,g
597,Hallon blåbär frysvara,"Fosfor, P",Bär färska frysta,24.0,mg
597,Hallon blåbär frysvara,Niacinekvivalenter,Bär färska frysta,0.56,NE/mg
597,Hallon blåbär frysvara,Niacin,Bär färska frysta,0.4,mg
597,Hallon blåbär frysvara,"Salt, NaCl",Bär färska frysta,0.0,g
597,Hallon blåbär frysvara,"Natrium, Na",Bär färska frysta,2.0,mg
597,Hallon blåbär frysvara,Monosackarider,Bär färska frysta,4.8,g
597,Hallon blåbär frysvara,"Sockerarter, totalt",Bär färska frysta,5.2,g
597,Hallon blåbär frysvara,Summa enkelomättade fettsyror,Bär färska frysta,0.1,g
597,Hallon blåbär frysvara,"Magnesium, Mg",Bär färska frysta,17.0,mg
597,Hallon blåbär frysvara,Summa mättade fettsyror,Bär färska frysta,0.0,g
597,Hallon blåbär frysvara,"Kolhydrater, tillgängliga",Bär färska frysta,6.6,g
597,Hallon blåbär frysvara,Kolesterol,Bär färska frysta,0.0,mg
597,Hallon blåbär frysvara,"Kalium, K",Bär färska frysta,118.0,mg
597,Hallon blåbär frysvara,"Jod, I",Bär färska frysta,1.2,µg
597,Hallon blåbär frysvara,Fullkorn totalt,Bär färska frysta,0.0,g
597,Hallon blåbär frysvara,"Folat, totalt",Bär färska frysta,28.0,µg
597,Hallon blåbär frysvara,Fibrer,Bär färska frysta,3.4,g
597,Hallon blåbär frysvara,"Fett, totalt",Bär färska frysta,0.7,g
597,Hallon blåbär frysvara,"Järn, Fe",Bär färska frysta,0.8,mg
597,Hallon blåbär frysvara,Energi (kJ),Bär färska frysta,182.0,kJ
597,Hallon blåbär frysvara,Energi (kcal),Bär färska frysta,44.0,kcal
597,Hallon blåbär frysvara,Disackarider,Bär färska frysta,0.4,g
597,Hallon blåbär frysvara,"Kalcium, Ca",Bär färska frysta,25.0,mg
597,Hallon blåbär frysvara,Fettsyra 4:0-10:0,Bär färska frysta,0.0,g
597,Hallon blåbär frysvara,DHA (C22:6),Bär färska frysta,0.0,g
597,Hallon blåbär frysvara,DPA (C22:5),Bär färska frysta,0.0,g
597,Hallon blåbär frysvara,EPA (C20:5),Bär färska frysta,0.0,g
597,Hallon blåbär frysvara,Arakidonsyra C20:4,Bär färska frysta,0.0,g
597,Hallon blåbär frysvara,Arakidinsyra C20:0,Bär färska frysta,0.0,g
597,Hallon blåbär frysvara,Linolensyra C18:3,Bär färska frysta,0.2,g
597,Hallon blåbär frysvara,Linolsyra C18:2,Bär färska frysta,0.2,g
597,Hallon blåbär frysvara,Oljesyra C18:1,Bär färska frysta,0.1,g
597,Hallon blåbär frysvara,Stearinsyra C18:0,Bär färska frysta,0.0,g
597,Hallon blåbär frysvara,Palmitoljesyra C16:1,Bär färska frysta,0.0,g
597,Hallon blåbär frysvara,Palmitinsyra C16:0,Bär färska frysta,0.0,g
597,Hallon blåbär frysvara,Myristinsyra C14:0,Bär färska frysta,0.0,g
597,Hallon blåbär frysvara,Laurinsyra C12:0,Bär färska frysta,0.0,g
597,Hallon blåbär frysvara,Betakaroten/β-Karoten,Bär färska frysta,50.0,µg
597,Hallon blåbär frysvara,Avfall (skal etc.),Bär färska frysta,1.0,%
597,Hallon blåbär frysvara,Aska,Bär färska frysta,0.4,g
597,Hallon blåbär frysvara,Alkohol,Bär färska frysta,0.0,g
598,Apelsinskal,"Zink, Zn",Frukt färsk fryst,0.0,mg
598,Apelsinskal,Vitamin E,Frukt färsk fryst,0.0,mg
598,Apelsinskal,Vitamin D inkl 25-OH-D3,Frukt färsk fryst,0.0,µg
598,Apelsinskal,Vitamin D,Frukt färsk fryst,0.0,µg
598,Apelsinskal,Vitamin C,Frukt färsk fryst,136.0,mg
598,Apelsinskal,Vitamin B6,Frukt färsk fryst,0.18,mg
598,Apelsinskal,Vitamin B12,Frukt färsk fryst,0.0,µg
598,Apelsinskal,Vitamin A,Frukt färsk fryst,20.8,RE/µg
598,Apelsinskal,Vatten,Frukt färsk fryst,72.0,g
598,Apelsinskal,Tiamin,Frukt färsk fryst,0.12,mg
598,Apelsinskal,Tillsatt socker,Frukt färsk fryst,0.0,g
598,Apelsinskal,Fritt socker,Frukt färsk fryst,0.0,g
598,Apelsinskal,"Selen, Se",Frukt färsk fryst,0.2,µg
598,Apelsinskal,Sackaros,Frukt färsk fryst,0.0,g
598,Apelsinskal,Riboflavin,Frukt färsk fryst,0.09,mg
598,Apelsinskal,Retinol,Frukt färsk fryst,0.0,µg
598,Apelsinskal,Protein,Frukt färsk fryst,1.5,g
598,Apelsinskal,Summa fleromättade fettsyror,Frukt färsk fryst,0.0,g
598,Apelsinskal,"Fosfor, P",Frukt färsk fryst,21.0,mg
598,Apelsinskal,Niacinekvivalenter,Frukt färsk fryst,1.15,NE/mg
598,Apelsinskal,Niacin,Frukt färsk fryst,0.9,mg
598,Apelsinskal,"Salt, NaCl",Frukt färsk fryst,0.0,g
598,Apelsinskal,"Natrium, Na",Frukt färsk fryst,3.0,mg
598,Apelsinskal,Monosackarider,Frukt färsk fryst,0.0,g
598,Apelsinskal,"Sockerarter, totalt",Frukt färsk fryst,0.0,g
598,Apelsinskal,Summa enkelomättade fettsyror,Frukt färsk fryst,0.0,g
598,Apelsinskal,"Magnesium, Mg",Frukt färsk fryst,22.0,mg
598,Apelsinskal,Summa mättade fettsyror,Frukt färsk fryst,0.0,g
598,Apelsinskal,"Kolhydrater, tillgängliga",Frukt färsk fryst,21.8,g
598,Apelsinskal,Kolesterol,Frukt färsk fryst,0.0,mg
598,Apelsinskal,"Kalium, K",Frukt färsk fryst,210.0,mg
598,Apelsinskal,"Jod, I",Frukt färsk fryst,0.0,µg
598,Apelsinskal,Fullkorn totalt,Frukt färsk fryst,0.0,g
598,Apelsinskal,"Folat, totalt",Frukt färsk fryst,2.0,µg
598,Apelsinskal,Fibrer,Frukt färsk fryst,3.7,g
598,Apelsinskal,"Fett, totalt",Frukt färsk fryst,0.2,g
598,Apelsinskal,"Järn, Fe",Frukt färsk fryst,0.8,mg
598,Apelsinskal,Energi (kJ),Frukt färsk fryst,433.0,kJ
598,Apelsinskal,Energi (kcal),Frukt färsk fryst,104.0,kcal
598,Apelsinskal,Disackarider,Frukt färsk fryst,0.0,g
598,Apelsinskal,"Kalcium, Ca",Frukt färsk fryst,161.0,mg
598,Apelsinskal,Fettsyra 4:0-10:0,Frukt färsk fryst,0.0,g
598,Apelsinskal,DHA (C22:6),Frukt färsk fryst,0.0,g
598,Apelsinskal,DPA (C22:5),Frukt färsk fryst,0.0,g
598,Apelsinskal,EPA (C20:5),Frukt färsk fryst,0.0,g
598,Apelsinskal,Arakidonsyra C20:4,Frukt färsk fryst,0.0,g
598,Apelsinskal,Arakidinsyra C20:0,Frukt färsk fryst,0.0,g
598,Apelsinskal,Linolensyra C18:3,Frukt färsk fryst,0.0,g
598,Apelsinskal,Linolsyra C18:2,Frukt färsk fryst,0.0,g
598,Apelsinskal,Oljesyra C18:1,Frukt färsk fryst,0.0,g
598,Apelsinskal,Stearinsyra C18:0,Frukt färsk fryst,0.0,g
598,Apelsinskal,Palmitoljesyra C16:1,Frukt färsk fryst,0.0,g
598,Apelsinskal,Palmitinsyra C16:0,Frukt färsk fryst,0.0,g
598,Apelsinskal,Myristinsyra C14:0,Frukt färsk fryst,0.0,g
598,Apelsinskal,Laurinsyra C12:0,Frukt färsk fryst,0.0,g
598,Apelsinskal,Betakaroten/β-Karoten,Frukt färsk fryst,250.0,µg
598,Apelsinskal,Avfall (skal etc.),Frukt färsk fryst,0.0,%
598,Apelsinskal,Aska,Frukt färsk fryst,0.8,g
598,Apelsinskal,Alkohol,Frukt färsk fryst,0.0,g
599,Aprikos torkad,"Zink, Zn",Frukt o bär torkade,0.3,mg
599,Aprikos torkad,Vitamin E,Frukt o bär torkade,3.6,mg
599,Aprikos torkad,Vitamin D inkl 25-OH-D3,Frukt o bär torkade,0.0,µg
599,Aprikos torkad,Vitamin D,Frukt o bär torkade,0.0,µg
599,Aprikos torkad,Vitamin C,Frukt o bär torkade,1.0,mg
599,Aprikos torkad,Vitamin B6,Frukt o bär torkade,0.09,mg
599,Aprikos torkad,Vitamin B12,Frukt o bär torkade,0.0,µg
599,Aprikos torkad,Vitamin A,Frukt o bär torkade,45.8,RE/µg
599,Aprikos torkad,Vatten,Frukt o bär torkade,39.6,g
599,Aprikos torkad,Tiamin,Frukt o bär torkade,0.02,mg
599,Aprikos torkad,Tillsatt socker,Frukt o bär torkade,0.0,g
599,Aprikos torkad,Fritt socker,Frukt o bär torkade,0.0,g
599,Aprikos torkad,"Selen, Se",Frukt o bär torkade,0.0,µg
599,Aprikos torkad,Sackaros,Frukt o bär torkade,3.9,g
599,Aprikos torkad,Riboflavin,Frukt o bär torkade,0.01,mg
599,Aprikos torkad,Retinol,Frukt o bär torkade,0.0,µg
599,Aprikos torkad,Protein,Frukt o bär torkade,2.2,g
599,Aprikos torkad,Summa fleromättade fettsyror,Frukt o bär torkade,0.2,g
599,Aprikos torkad,"Fosfor, P",Frukt o bär torkade,67.0,mg
599,Aprikos torkad,Niacinekvivalenter,Frukt o bär torkade,2.9,NE/mg
599,Aprikos torkad,Niacin,Frukt o bär torkade,2.5,mg
599,Aprikos torkad,"Salt, NaCl",Frukt o bär torkade,0.0,g
599,Aprikos torkad,"Natrium, Na",Frukt o bär torkade,9.0,mg
599,Aprikos torkad,Monosackarider,Frukt o bär torkade,35.5,g
599,Aprikos torkad,"Sockerarter, totalt",Frukt o bär torkade,39.4,g
599,Aprikos torkad,Summa enkelomättade fettsyror,Frukt o bär torkade,0.0,g
599,Aprikos torkad,"Magnesium, Mg",Frukt o bär torkade,34.0,mg
599,Aprikos torkad,Summa mättade fettsyror,Frukt o bär torkade,0.1,g
599,Aprikos torkad,"Kolhydrater, tillgängliga",Frukt o bär torkade,41.0,g
599,Aprikos torkad,Kolesterol,Frukt o bär torkade,0.0,mg
599,Aprikos torkad,"Kalium, K",Frukt o bär torkade,1039.0,mg
599,Aprikos torkad,"Jod, I",Frukt o bär torkade,18.0,µg
599,Aprikos torkad,Fullkorn totalt,Frukt o bär torkade,0.0,g
599,Aprikos torkad,"Folat, totalt",Frukt o bär torkade,13.0,µg
599,Aprikos torkad,Fibrer,Frukt o bär torkade,5.3,g
599,Aprikos torkad,"Fett, totalt",Frukt o bär torkade,0.5,g
599,Aprikos torkad,"Järn, Fe",Frukt o bär torkade,1.4,mg
599,Aprikos torkad,Energi (kJ),Frukt o bär torkade,795.0,kJ
599,Aprikos torkad,Energi (kcal),Frukt o bär torkade,190.0,kcal
599,Aprikos torkad,Disackarider,Frukt o bär torkade,3.9,g
599,Aprikos torkad,"Kalcium, Ca",Frukt o bär torkade,71.0,mg
599,Aprikos torkad,Fettsyra 4:0-10:0,Frukt o bär torkade,0.0,g
599,Aprikos torkad,DHA (C22:6),Frukt o bär torkade,0.0,g
599,Aprikos torkad,DPA (C22:5),Frukt o bär torkade,0.0,g
599,Aprikos torkad,EPA (C20:5),Frukt o bär torkade,0.0,g
599,Aprikos torkad,Arakidonsyra C20:4,Frukt o bär torkade,0.0,g
599,Aprikos torkad,Arakidinsyra C20:0,Frukt o bär torkade,0.0,g
599,Aprikos torkad,Linolensyra C18:3,Frukt o bär torkade,0.1,g
599,Aprikos torkad,Linolsyra C18:2,Frukt o bär torkade,0.1,g
599,Aprikos torkad,Oljesyra C18:1,Frukt o bär torkade,0.0,g
599,Aprikos torkad,Stearinsyra C18:0,Frukt o bär torkade,0.0,g
599,Aprikos torkad,Palmitoljesyra C16:1,Frukt o bär torkade,0.0,g
599,Aprikos torkad,Palmitinsyra C16:0,Frukt o bär torkade,0.1,g
599,Aprikos torkad,Myristinsyra C14:0,Frukt o bär torkade,0.0,g
599,Aprikos torkad,Laurinsyra C12:0,Frukt o bär torkade,0.0,g
599,Aprikos torkad,Betakaroten/β-Karoten,Frukt o bär torkade,525.0,µg
599,Aprikos torkad,Avfall (skal etc.),Frukt o bär torkade,0.0,%
599,Aprikos torkad,Aska,Frukt o bär torkade,11.4,g
599,Aprikos torkad,Alkohol,Frukt o bär torkade,0.0,g
600,Banan torkad,"Zink, Zn",Frukt o bär torkade,0.6,mg
600,Banan torkad,Vitamin E,Frukt o bär torkade,0.0,mg
600,Banan torkad,Vitamin D inkl 25-OH-D3,Frukt o bär torkade,0.0,µg
600,Banan torkad,Vitamin D,Frukt o bär torkade,0.0,µg
600,Banan torkad,Vitamin C,Frukt o bär torkade,7.0,mg
600,Banan torkad,Vitamin B6,Frukt o bär torkade,0.0,mg
600,Banan torkad,Vitamin B12,Frukt o bär torkade,0.0,µg
600,Banan torkad,Vitamin A,Frukt o bär torkade,15.5,RE/µg
600,Banan torkad,Vatten,Frukt o bär torkade,3.0,g
600,Banan torkad,Tiamin,Frukt o bär torkade,0.18,mg
600,Banan torkad,Tillsatt socker,Frukt o bär torkade,0.0,g
600,Banan torkad,Fritt socker,Frukt o bär torkade,0.0,g
600,Banan torkad,"Selen, Se",Frukt o bär torkade,1.9,µg
600,Banan torkad,Sackaros,Frukt o bär torkade,27.9,g
600,Banan torkad,Riboflavin,Frukt o bär torkade,0.24,mg
600,Banan torkad,Retinol,Frukt o bär torkade,0.0,µg
600,Banan torkad,Protein,Frukt o bär torkade,3.9,g
600,Banan torkad,Summa fleromättade fettsyror,Frukt o bär torkade,0.3,g
600,Banan torkad,"Fosfor, P",Frukt o bär torkade,74.0,mg
600,Banan torkad,Niacinekvivalenter,Frukt o bär torkade,3.45,NE/mg
600,Banan torkad,Niacin,Frukt o bär torkade,2.8,mg
600,Banan torkad,"Salt, NaCl",Frukt o bär torkade,0.0,g
600,Banan torkad,"Natrium, Na",Frukt o bär torkade,3.0,mg
600,Banan torkad,Monosackarider,Frukt o bär torkade,31.0,g
600,Banan torkad,"Sockerarter, totalt",Frukt o bär torkade,58.9,g
600,Banan torkad,Summa enkelomättade fettsyror,Frukt o bär torkade,0.2,g
600,Banan torkad,"Magnesium, Mg",Frukt o bär torkade,108.0,mg
600,Banan torkad,Summa mättade fettsyror,Frukt o bär torkade,0.7,g
600,Banan torkad,"Kolhydrater, tillgängliga",Frukt o bär torkade,80.8,g
600,Banan torkad,Kolesterol,Frukt o bär torkade,0.0,mg
600,Banan torkad,"Kalium, K",Frukt o bär torkade,1490.0,mg
600,Banan torkad,"Jod, I",Frukt o bär torkade,1.0,µg
600,Banan torkad,Fullkorn totalt,Frukt o bär torkade,0.0,g
600,Banan torkad,"Folat, totalt",Frukt o bär torkade,35.5,µg
600,Banan torkad,Fibrer,Frukt o bär torkade,7.5,g
600,Banan torkad,"Fett, totalt",Frukt o bär torkade,1.8,g
600,Banan torkad,"Järn, Fe",Frukt o bär torkade,1.2,mg
600,Banan torkad,Energi (kJ),Frukt o bär torkade,1566.0,kJ
600,Banan torkad,Energi (kcal),Frukt o bär torkade,374.0,kcal
600,Banan torkad,Disackarider,Frukt o bär torkade,27.9,g
600,Banan torkad,"Kalcium, Ca",Frukt o bär torkade,22.0,mg
600,Banan torkad,Fettsyra 4:0-10:0,Frukt o bär torkade,0.0,g
600,Banan torkad,DHA (C22:6),Frukt o bär torkade,0.0,g
600,Banan torkad,DPA (C22:5),Frukt o bär torkade,0.0,g
600,Banan torkad,EPA (C20:5),Frukt o bär torkade,0.0,g
600,Banan torkad,Arakidonsyra C20:4,Frukt o bär torkade,0.0,g
600,Banan torkad,Arakidinsyra C20:0,Frukt o bär torkade,0.0,g
600,Banan torkad,Linolensyra C18:3,Frukt o bär torkade,0.1,g
600,Banan torkad,Linolsyra C18:2,Frukt o bär torkade,0.2,g
600,Banan torkad,Oljesyra C18:1,Frukt o bär torkade,0.1,g
600,Banan torkad,Stearinsyra C18:0,Frukt o bär torkade,0.0,g
600,Banan torkad,Palmitoljesyra C16:1,Frukt o bär torkade,0.0,g
600,Banan torkad,Palmitinsyra C16:0,Frukt o bär torkade,0.6,g
600,Banan torkad,Myristinsyra C14:0,Frukt o bär torkade,0.0,g
600,Banan torkad,Laurinsyra C12:0,Frukt o bär torkade,0.0,g
600,Banan torkad,Betakaroten/β-Karoten,Frukt o bär torkade,186.0,µg
600,Banan torkad,Avfall (skal etc.),Frukt o bär torkade,0.0,%
600,Banan torkad,Aska,Frukt o bär torkade,3.0,g
600,Banan torkad,Alkohol,Frukt o bär torkade,0.0,g
601,Blåbär torkade,"Zink, Zn",Frukt o bär torkade,0.3,mg
601,Blåbär torkade,Vitamin E,Frukt o bär torkade,4.0,mg
601,Blåbär torkade,Vitamin D inkl 25-OH-D3,Frukt o bär torkade,0.0,µg
601,Blåbär torkade,Vitamin D,Frukt o bär torkade,0.0,µg
601,Blåbär torkade,Vitamin C,Frukt o bär torkade,0.0,mg
601,Blåbär torkade,Vitamin B6,Frukt o bär torkade,0.13,mg
601,Blåbär torkade,Vitamin B12,Frukt o bär torkade,0.0,µg
601,Blåbär torkade,Vitamin A,Frukt o bär torkade,2.9,RE/µg
601,Blåbär torkade,Vatten,Frukt o bär torkade,22.7,g
601,Blåbär torkade,Tiamin,Frukt o bär torkade,0.04,mg
601,Blåbär torkade,Tillsatt socker,Frukt o bär torkade,0.0,g
601,Blåbär torkade,Fritt socker,Frukt o bär torkade,30.0,g
601,Blåbär torkade,"Selen, Se",Frukt o bär torkade,0.0,µg
601,Blåbär torkade,Sackaros,Frukt o bär torkade,0.0,g
601,Blåbär torkade,Riboflavin,Frukt o bär torkade,0.04,mg
601,Blåbär torkade,Retinol,Frukt o bär torkade,0.0,µg
601,Blåbär torkade,Protein,Frukt o bär torkade,1.7,g
601,Blåbär torkade,Summa fleromättade fettsyror,Frukt o bär torkade,0.4,g
601,Blåbär torkade,"Fosfor, P",Frukt o bär torkade,53.0,mg
601,Blåbär torkade,Niacinekvivalenter,Frukt o bär torkade,0.9,NE/mg
601,Blåbär torkade,Niacin,Frukt o bär torkade,0.59,mg
601,Blåbär torkade,"Salt, NaCl",Frukt o bär torkade,0.0,g
601,Blåbär torkade,"Natrium, Na",Frukt o bär torkade,0.0,mg
601,Blåbär torkade,Monosackarider,Frukt o bär torkade,62.4,g
601,Blåbär torkade,"Sockerarter, totalt",Frukt o bär torkade,62.4,g
601,Blåbär torkade,Summa enkelomättade fettsyror,Frukt o bär torkade,1.7,g
601,Blåbär torkade,"Magnesium, Mg",Frukt o bär torkade,24.0,mg
601,Blåbär torkade,Summa mättade fettsyror,Frukt o bär torkade,0.2,g
601,Blåbär torkade,"Kolhydrater, tillgängliga",Frukt o bär torkade,63.8,g
601,Blåbär torkade,Kolesterol,Frukt o bär torkade,0.0,mg
601,Blåbär torkade,"Kalium, K",Frukt o bär torkade,430.0,mg
601,Blåbär torkade,"Jod, I",Frukt o bär torkade,0.0,µg
601,Blåbär torkade,Fullkorn totalt,Frukt o bär torkade,0.0,g
601,Blåbär torkade,"Folat, totalt",Frukt o bär torkade,0.0,µg
601,Blåbär torkade,Fibrer,Frukt o bär torkade,8.4,g
601,Blåbär torkade,"Fett, totalt",Frukt o bär torkade,2.4,g
601,Blåbär torkade,"Järn, Fe",Frukt o bär torkade,0.9,mg
601,Blåbär torkade,Energi (kJ),Frukt o bär torkade,1270.0,kJ
601,Blåbär torkade,Energi (kcal),Frukt o bär torkade,303.0,kcal
601,Blåbär torkade,Disackarider,Frukt o bär torkade,0.0,g
601,Blåbär torkade,"Kalcium, Ca",Frukt o bär torkade,45.0,mg
601,Blåbär torkade,Fettsyra 4:0-10:0,Frukt o bär torkade,0.0,g
601,Blåbär torkade,DHA (C22:6),Frukt o bär torkade,0.0,g
601,Blåbär torkade,DPA (C22:5),Frukt o bär torkade,0.0,g
601,Blåbär torkade,EPA (C20:5),Frukt o bär torkade,0.0,g
601,Blåbär torkade,Arakidonsyra C20:4,Frukt o bär torkade,0.0,g
601,Blåbär torkade,Arakidinsyra C20:0,Frukt o bär torkade,0.0,g
601,Blåbär torkade,Linolensyra C18:3,Frukt o bär torkade,0.1,g
601,Blåbär torkade,Linolsyra C18:2,Frukt o bär torkade,0.3,g
601,Blåbär torkade,Oljesyra C18:1,Frukt o bär torkade,1.7,g
601,Blåbär torkade,Stearinsyra C18:0,Frukt o bär torkade,0.1,g
601,Blåbär torkade,Palmitoljesyra C16:1,Frukt o bär torkade,0.0,g
601,Blåbär torkade,Palmitinsyra C16:0,Frukt o bär torkade,0.1,g
601,Blåbär torkade,Myristinsyra C14:0,Frukt o bär torkade,0.0,g
601,Blåbär torkade,Laurinsyra C12:0,Frukt o bär torkade,0.0,g
601,Blåbär torkade,Betakaroten/β-Karoten,Frukt o bär torkade,35.0,µg
601,Blåbär torkade,Avfall (skal etc.),Frukt o bär torkade,0.0,%
601,Blåbär torkade,Aska,Frukt o bär torkade,1.0,g
601,Blåbär torkade,Alkohol,Frukt o bär torkade,0.0,g
602,Citronskal,"Zink, Zn",Frukt färsk fryst,0.0,mg
602,Citronskal,Vitamin E,Frukt färsk fryst,0.0,mg
602,Citronskal,Vitamin D inkl 25-OH-D3,Frukt färsk fryst,0.0,µg
602,Citronskal,Vitamin D,Frukt färsk fryst,0.0,µg
602,Citronskal,Vitamin C,Frukt färsk fryst,129.0,mg
602,Citronskal,Vitamin B6,Frukt färsk fryst,0.17,mg
602,Citronskal,Vitamin B12,Frukt färsk fryst,0.0,µg
602,Citronskal,Vitamin A,Frukt färsk fryst,2.5,RE/µg
602,Citronskal,Vatten,Frukt färsk fryst,82.0,g
602,Citronskal,Tiamin,Frukt färsk fryst,0.06,mg
602,Citronskal,Tillsatt socker,Frukt färsk fryst,0.0,g
602,Citronskal,Fritt socker,Frukt färsk fryst,0.0,g
602,Citronskal,"Selen, Se",Frukt färsk fryst,2.0,µg
602,Citronskal,Sackaros,Frukt färsk fryst,0.0,g
602,Citronskal,Riboflavin,Frukt färsk fryst,0.08,mg
602,Citronskal,Retinol,Frukt färsk fryst,0.0,µg
602,Citronskal,Protein,Frukt färsk fryst,1.5,g
602,Citronskal,Summa fleromättade fettsyror,Frukt färsk fryst,0.1,g
602,Citronskal,"Fosfor, P",Frukt färsk fryst,12.0,mg
602,Citronskal,Niacinekvivalenter,Frukt färsk fryst,0.65,NE/mg
602,Citronskal,Niacin,Frukt färsk fryst,0.4,mg
602,Citronskal,"Salt, NaCl",Frukt färsk fryst,0.0,g
602,Citronskal,"Natrium, Na",Frukt färsk fryst,6.0,mg
602,Citronskal,Monosackarider,Frukt färsk fryst,0.0,g
602,Citronskal,"Sockerarter, totalt",Frukt färsk fryst,0.0,g
602,Citronskal,Summa enkelomättade fettsyror,Frukt färsk fryst,0.0,g
602,Citronskal,"Magnesium, Mg",Frukt färsk fryst,15.0,mg
602,Citronskal,Summa mättade fettsyror,Frukt färsk fryst,0.0,g
602,Citronskal,"Kolhydrater, tillgängliga",Frukt färsk fryst,11.9,g
602,Citronskal,Kolesterol,Frukt färsk fryst,0.0,mg
602,Citronskal,"Kalium, K",Frukt färsk fryst,160.0,mg
602,Citronskal,"Jod, I",Frukt färsk fryst,0.0,µg
602,Citronskal,Fullkorn totalt,Frukt färsk fryst,0.0,g
602,Citronskal,"Folat, totalt",Frukt färsk fryst,2.0,µg
602,Citronskal,Fibrer,Frukt färsk fryst,3.7,g
602,Citronskal,"Fett, totalt",Frukt färsk fryst,0.3,g
602,Citronskal,"Järn, Fe",Frukt färsk fryst,0.8,mg
602,Citronskal,Energi (kJ),Frukt färsk fryst,268.0,kJ
602,Citronskal,Energi (kcal),Frukt färsk fryst,64.0,kcal
602,Citronskal,Disackarider,Frukt färsk fryst,0.0,g
602,Citronskal,"Kalcium, Ca",Frukt färsk fryst,134.0,mg
602,Citronskal,Fettsyra 4:0-10:0,Frukt färsk fryst,0.0,g
602,Citronskal,DHA (C22:6),Frukt färsk fryst,0.0,g
602,Citronskal,DPA (C22:5),Frukt färsk fryst,0.0,g
602,Citronskal,EPA (C20:5),Frukt färsk fryst,0.0,g
602,Citronskal,Arakidonsyra C20:4,Frukt färsk fryst,0.0,g
602,Citronskal,Arakidinsyra C20:0,Frukt färsk fryst,0.0,g
602,Citronskal,Linolensyra C18:3,Frukt färsk fryst,0.0,g
602,Citronskal,Linolsyra C18:2,Frukt färsk fryst,0.1,g
602,Citronskal,Oljesyra C18:1,Frukt färsk fryst,0.0,g
602,Citronskal,Stearinsyra C18:0,Frukt färsk fryst,0.0,g
602,Citronskal,Palmitoljesyra C16:1,Frukt färsk fryst,0.0,g
602,Citronskal,Palmitinsyra C16:0,Frukt färsk fryst,0.0,g
602,Citronskal,Myristinsyra C14:0,Frukt färsk fryst,0.0,g
602,Citronskal,Laurinsyra C12:0,Frukt färsk fryst,0.0,g
602,Citronskal,Betakaroten/β-Karoten,Frukt färsk fryst,30.0,µg
602,Citronskal,Avfall (skal etc.),Frukt färsk fryst,0.0,%
602,Citronskal,Aska,Frukt färsk fryst,0.6,g
602,Citronskal,Alkohol,Frukt färsk fryst,0.0,g
603,Dadlar torkade,"Zink, Zn",Frukt o bär torkade,0.4,mg
603,Dadlar torkade,Vitamin E,Frukt o bär torkade,0.7,mg
603,Dadlar torkade,Vitamin D inkl 25-OH-D3,Frukt o bär torkade,0.0,µg
603,Dadlar torkade,Vitamin D,Frukt o bär torkade,0.0,µg
603,Dadlar torkade,Vitamin C,Frukt o bär torkade,0.4,mg
603,Dadlar torkade,Vitamin B6,Frukt o bär torkade,0.17,mg
603,Dadlar torkade,Vitamin B12,Frukt o bär torkade,0.0,µg
603,Dadlar torkade,Vitamin A,Frukt o bär torkade,0.8,RE/µg
603,Dadlar torkade,Vatten,Frukt o bär torkade,16.0,g
603,Dadlar torkade,Tiamin,Frukt o bär torkade,0.05,mg
603,Dadlar torkade,Tillsatt socker,Frukt o bär torkade,0.0,g
603,Dadlar torkade,Fritt socker,Frukt o bär torkade,0.0,g
603,Dadlar torkade,"Selen, Se",Frukt o bär torkade,3.0,µg
603,Dadlar torkade,Sackaros,Frukt o bär torkade,0.0,g
603,Dadlar torkade,Riboflavin,Frukt o bär torkade,0.07,mg
603,Dadlar torkade,Retinol,Frukt o bär torkade,0.0,µg
603,Dadlar torkade,Protein,Frukt o bär torkade,2.4,g
603,Dadlar torkade,Summa fleromättade fettsyror,Frukt o bär torkade,0.0,g
603,Dadlar torkade,"Fosfor, P",Frukt o bär torkade,68.0,mg
603,Dadlar torkade,Niacinekvivalenter,Frukt o bär torkade,1.7,NE/mg
603,Dadlar torkade,Niacin,Frukt o bär torkade,1.3,mg
603,Dadlar torkade,"Salt, NaCl",Frukt o bär torkade,0.0,g
603,Dadlar torkade,"Natrium, Na",Frukt o bär torkade,11.0,mg
603,Dadlar torkade,Monosackarider,Frukt o bär torkade,58.0,g
603,Dadlar torkade,"Sockerarter, totalt",Frukt o bär torkade,58.0,g
603,Dadlar torkade,Summa enkelomättade fettsyror,Frukt o bär torkade,0.1,g
603,Dadlar torkade,"Magnesium, Mg",Frukt o bär torkade,55.0,mg
603,Dadlar torkade,Summa mättade fettsyror,Frukt o bär torkade,0.0,g
603,Dadlar torkade,"Kolhydrater, tillgängliga",Frukt o bär torkade,71.9,g
603,Dadlar torkade,Kolesterol,Frukt o bär torkade,0.0,mg
603,Dadlar torkade,"Kalium, K",Frukt o bär torkade,727.0,mg
603,Dadlar torkade,"Jod, I",Frukt o bär torkade,17.0,µg
603,Dadlar torkade,Fullkorn totalt,Frukt o bär torkade,0.0,g
603,Dadlar torkade,"Folat, totalt",Frukt o bär torkade,19.0,µg
603,Dadlar torkade,Fibrer,Frukt o bär torkade,7.5,g
603,Dadlar torkade,"Fett, totalt",Frukt o bär torkade,0.6,g
603,Dadlar torkade,"Järn, Fe",Frukt o bär torkade,2.2,mg
603,Dadlar torkade,Energi (kJ),Frukt o bär torkade,1345.0,kJ
603,Dadlar torkade,Energi (kcal),Frukt o bär torkade,321.0,kcal
603,Dadlar torkade,Disackarider,Frukt o bär torkade,0.0,g
603,Dadlar torkade,"Kalcium, Ca",Frukt o bär torkade,68.0,mg
603,Dadlar torkade,Fettsyra 4:0-10:0,Frukt o bär torkade,0.0,g
603,Dadlar torkade,DHA (C22:6),Frukt o bär torkade,0.0,g
603,Dadlar torkade,DPA (C22:5),Frukt o bär torkade,0.0,g
603,Dadlar torkade,EPA (C20:5),Frukt o bär torkade,0.0,g
603,Dadlar torkade,Arakidonsyra C20:4,Frukt o bär torkade,0.0,g
603,Dadlar torkade,Arakidinsyra C20:0,Frukt o bär torkade,0.0,g
603,Dadlar torkade,Linolensyra C18:3,Frukt o bär torkade,0.0,g
603,Dadlar torkade,Linolsyra C18:2,Frukt o bär torkade,0.0,g
603,Dadlar torkade,Oljesyra C18:1,Frukt o bär torkade,0.0,g
603,Dadlar torkade,Stearinsyra C18:0,Frukt o bär torkade,0.0,g
603,Dadlar torkade,Palmitoljesyra C16:1,Frukt o bär torkade,0.0,g
603,Dadlar torkade,Palmitinsyra C16:0,Frukt o bär torkade,0.0,g
603,Dadlar torkade,Myristinsyra C14:0,Frukt o bär torkade,0.0,g
603,Dadlar torkade,Laurinsyra C12:0,Frukt o bär torkade,0.0,g
603,Dadlar torkade,Betakaroten/β-Karoten,Frukt o bär torkade,9.0,µg
603,Dadlar torkade,Avfall (skal etc.),Frukt o bär torkade,10.0,%
603,Dadlar torkade,Aska,Frukt o bär torkade,1.6,g
603,Dadlar torkade,Alkohol,Frukt o bär torkade,0.0,g
604,Fikon torkade,"Zink, Zn",Frukt o bär torkade,0.5,mg
604,Fikon torkade,Vitamin E,Frukt o bär torkade,0.3,mg
604,Fikon torkade,Vitamin D inkl 25-OH-D3,Frukt o bär torkade,0.0,µg
604,Fikon torkade,Vitamin D,Frukt o bär torkade,0.0,µg
604,Fikon torkade,Vitamin C,Frukt o bär torkade,1.0,mg
604,Fikon torkade,Vitamin B6,Frukt o bär torkade,0.35,mg
604,Fikon torkade,Vitamin B12,Frukt o bär torkade,0.0,µg
604,Fikon torkade,Vitamin A,Frukt o bär torkade,0.5,RE/µg
604,Fikon torkade,Vatten,Frukt o bär torkade,27.5,g
604,Fikon torkade,Tiamin,Frukt o bär torkade,0.07,mg
604,Fikon torkade,Tillsatt socker,Frukt o bär torkade,0.0,g
604,Fikon torkade,Fritt socker,Frukt o bär torkade,0.0,g
604,Fikon torkade,"Selen, Se",Frukt o bär torkade,0.6,µg
604,Fikon torkade,Sackaros,Frukt o bär torkade,0.0,g
604,Fikon torkade,Riboflavin,Frukt o bär torkade,0.04,mg
604,Fikon torkade,Retinol,Frukt o bär torkade,0.0,µg
604,Fikon torkade,Protein,Frukt o bär torkade,3.1,g
604,Fikon torkade,Summa fleromättade fettsyror,Frukt o bär torkade,0.7,g
604,Fikon torkade,"Fosfor, P",Frukt o bär torkade,75.0,mg
604,Fikon torkade,Niacinekvivalenter,Frukt o bär torkade,1.4,NE/mg
604,Fikon torkade,Niacin,Frukt o bär torkade,0.9,mg
604,Fikon torkade,"Salt, NaCl",Frukt o bär torkade,0.3,g
604,Fikon torkade,"Natrium, Na",Frukt o bär torkade,111.0,mg
604,Fikon torkade,Monosackarider,Frukt o bär torkade,43.3,g
604,Fikon torkade,"Sockerarter, totalt",Frukt o bär torkade,43.3,g
604,Fikon torkade,Summa enkelomättade fettsyror,Frukt o bär torkade,0.2,g
604,Fikon torkade,"Magnesium, Mg",Frukt o bär torkade,67.0,mg
604,Fikon torkade,Summa mättade fettsyror,Frukt o bär torkade,0.1,g
604,Fikon torkade,"Kolhydrater, tillgängliga",Frukt o bär torkade,55.9,g
604,Fikon torkade,Kolesterol,Frukt o bär torkade,0.0,mg
604,Fikon torkade,"Kalium, K",Frukt o bär torkade,784.0,mg
604,Fikon torkade,"Jod, I",Frukt o bär torkade,2.0,µg
604,Fikon torkade,Fullkorn totalt,Frukt o bär torkade,0.0,g
604,Fikon torkade,"Folat, totalt",Frukt o bär torkade,3.0,µg
604,Fikon torkade,Fibrer,Frukt o bär torkade,10.0,g
604,Fikon torkade,"Fett, totalt",Frukt o bär torkade,1.2,g
604,Fikon torkade,"Järn, Fe",Frukt o bär torkade,1.4,mg
604,Fikon torkade,Energi (kJ),Frukt o bär torkade,1127.0,kJ
604,Fikon torkade,Energi (kcal),Frukt o bär torkade,269.0,kcal
604,Fikon torkade,Disackarider,Frukt o bär torkade,0.0,g
604,Fikon torkade,"Kalcium, Ca",Frukt o bär torkade,191.0,mg
604,Fikon torkade,Fettsyra 4:0-10:0,Frukt o bär torkade,0.0,g
604,Fikon torkade,DHA (C22:6),Frukt o bär torkade,0.0,g
604,Fikon torkade,DPA (C22:5),Frukt o bär torkade,0.0,g
604,Fikon torkade,EPA (C20:5),Frukt o bär torkade,0.0,g
604,Fikon torkade,Arakidonsyra C20:4,Frukt o bär torkade,0.0,g
604,Fikon torkade,Arakidinsyra C20:0,Frukt o bär torkade,0.0,g
604,Fikon torkade,Linolensyra C18:3,Frukt o bär torkade,0.4,g
604,Fikon torkade,Linolsyra C18:2,Frukt o bär torkade,0.3,g
604,Fikon torkade,Oljesyra C18:1,Frukt o bär torkade,0.2,g
604,Fikon torkade,Stearinsyra C18:0,Frukt o bär torkade,0.0,g
604,Fikon torkade,Palmitoljesyra C16:1,Frukt o bär torkade,0.0,g
604,Fikon torkade,Palmitinsyra C16:0,Frukt o bär torkade,0.1,g
604,Fikon torkade,Myristinsyra C14:0,Frukt o bär torkade,0.0,g
604,Fikon torkade,Laurinsyra C12:0,Frukt o bär torkade,0.0,g
604,Fikon torkade,Betakaroten/β-Karoten,Frukt o bär torkade,6.0,µg
604,Fikon torkade,Avfall (skal etc.),Frukt o bär torkade,1.0,%
604,Fikon torkade,Aska,Frukt o bär torkade,2.3,g
604,Fikon torkade,Alkohol,Frukt o bär torkade,0.0,g
605,Katrinplommon torkade,"Zink, Zn",Frukt o bär torkade,0.4,mg
605,Katrinplommon torkade,Vitamin E,Frukt o bär torkade,1.0,mg
605,Katrinplommon torkade,Vitamin D inkl 25-OH-D3,Frukt o bär torkade,0.0,µg
605,Katrinplommon torkade,Vitamin D,Frukt o bär torkade,0.0,µg
605,Katrinplommon torkade,Vitamin C,Frukt o bär torkade,0.6,mg
605,Katrinplommon torkade,Vitamin B6,Frukt o bär torkade,0.04,mg
605,Katrinplommon torkade,Vitamin B12,Frukt o bär torkade,0.0,µg
605,Katrinplommon torkade,Vitamin A,Frukt o bär torkade,19.3,RE/µg
605,Katrinplommon torkade,Vatten,Frukt o bär torkade,37.3,g
605,Katrinplommon torkade,Tiamin,Frukt o bär torkade,0.03,mg
605,Katrinplommon torkade,Tillsatt socker,Frukt o bär torkade,0.0,g
605,Katrinplommon torkade,Fritt socker,Frukt o bär torkade,0.0,g
605,Katrinplommon torkade,"Selen, Se",Frukt o bär torkade,0.0,µg
605,Katrinplommon torkade,Sackaros,Frukt o bär torkade,0.0,g
605,Katrinplommon torkade,Riboflavin,Frukt o bär torkade,0.03,mg
605,Katrinplommon torkade,Retinol,Frukt o bär torkade,0.0,µg
605,Katrinplommon torkade,Protein,Frukt o bär torkade,2.3,g
605,Katrinplommon torkade,Summa fleromättade fettsyror,Frukt o bär torkade,0.1,g
605,Katrinplommon torkade,"Fosfor, P",Frukt o bär torkade,69.0,mg
605,Katrinplommon torkade,Niacinekvivalenter,Frukt o bär torkade,3.1,NE/mg
605,Katrinplommon torkade,Niacin,Frukt o bär torkade,2.7,mg
605,Katrinplommon torkade,"Salt, NaCl",Frukt o bär torkade,0.0,g
605,Katrinplommon torkade,"Natrium, Na",Frukt o bär torkade,3.0,mg
605,Katrinplommon torkade,Monosackarider,Frukt o bär torkade,36.5,g
605,Katrinplommon torkade,"Sockerarter, totalt",Frukt o bär torkade,36.5,g
605,Katrinplommon torkade,Summa enkelomättade fettsyror,Frukt o bär torkade,0.0,g
605,Katrinplommon torkade,"Magnesium, Mg",Frukt o bär torkade,36.0,mg
605,Katrinplommon torkade,Summa mättade fettsyror,Frukt o bär torkade,0.1,g
605,Katrinplommon torkade,"Kolhydrater, tillgängliga",Frukt o bär torkade,48.6,g
605,Katrinplommon torkade,Kolesterol,Frukt o bär torkade,0.0,mg
605,Katrinplommon torkade,"Kalium, K",Frukt o bär torkade,734.0,mg
605,Katrinplommon torkade,"Jod, I",Frukt o bär torkade,2.0,µg
605,Katrinplommon torkade,Fullkorn totalt,Frukt o bär torkade,0.0,g
605,Katrinplommon torkade,"Folat, totalt",Frukt o bär torkade,1.0,µg
605,Katrinplommon torkade,Fibrer,Frukt o bär torkade,5.2,g
605,Katrinplommon torkade,"Fett, totalt",Frukt o bär torkade,0.3,g
605,Katrinplommon torkade,"Järn, Fe",Frukt o bär torkade,1.4,mg
605,Katrinplommon torkade,Energi (kJ),Frukt o bär torkade,918.0,kJ
605,Katrinplommon torkade,Energi (kcal),Frukt o bär torkade,219.0,kcal
605,Katrinplommon torkade,Disackarider,Frukt o bär torkade,0.0,g
605,Katrinplommon torkade,"Kalcium, Ca",Frukt o bär torkade,64.0,mg
605,Katrinplommon torkade,Fettsyra 4:0-10:0,Frukt o bär torkade,0.0,g
605,Katrinplommon torkade,DHA (C22:6),Frukt o bär torkade,0.0,g
605,Katrinplommon torkade,DPA (C22:5),Frukt o bär torkade,0.0,g
605,Katrinplommon torkade,EPA (C20:5),Frukt o bär torkade,0.0,g
605,Katrinplommon torkade,Arakidonsyra C20:4,Frukt o bär torkade,0.0,g
605,Katrinplommon torkade,Arakidinsyra C20:0,Frukt o bär torkade,0.0,g
605,Katrinplommon torkade,Linolensyra C18:3,Frukt o bär torkade,0.0,g
605,Katrinplommon torkade,Linolsyra C18:2,Frukt o bär torkade,0.1,g
605,Katrinplommon torkade,Oljesyra C18:1,Frukt o bär torkade,0.0,g
605,Katrinplommon torkade,Stearinsyra C18:0,Frukt o bär torkade,0.0,g
605,Katrinplommon torkade,Palmitoljesyra C16:1,Frukt o bär torkade,0.0,g
605,Katrinplommon torkade,Palmitinsyra C16:0,Frukt o bär torkade,0.0,g
605,Katrinplommon torkade,Myristinsyra C14:0,Frukt o bär torkade,0.0,g
605,Katrinplommon torkade,Laurinsyra C12:0,Frukt o bär torkade,0.0,g
605,Katrinplommon torkade,Betakaroten/β-Karoten,Frukt o bär torkade,193.0,µg
605,Katrinplommon torkade,Avfall (skal etc.),Frukt o bär torkade,0.0,%
605,Katrinplommon torkade,Aska,Frukt o bär torkade,6.3,g
605,Katrinplommon torkade,Alkohol,Frukt o bär torkade,0.0,g
606,Nypon torkat u. frön,"Zink, Zn",Frukt o bär torkade,0.6,mg
606,Nypon torkat u. frön,Vitamin E,Frukt o bär torkade,0.0,mg
606,Nypon torkat u. frön,Vitamin D inkl 25-OH-D3,Frukt o bär torkade,0.0,µg
606,Nypon torkat u. frön,Vitamin D,Frukt o bär torkade,0.0,µg
606,Nypon torkat u. frön,Vitamin C,Frukt o bär torkade,270.0,mg
606,Nypon torkat u. frön,Vitamin B6,Frukt o bär torkade,0.0,mg
606,Nypon torkat u. frön,Vitamin B12,Frukt o bär torkade,0.0,µg
606,Nypon torkat u. frön,Vitamin A,Frukt o bär torkade,583.3,RE/µg
606,Nypon torkat u. frön,Vatten,Frukt o bär torkade,9.1,g
606,Nypon torkat u. frön,Tiamin,Frukt o bär torkade,0.05,mg
606,Nypon torkat u. frön,Tillsatt socker,Frukt o bär torkade,0.0,g
606,Nypon torkat u. frön,Fritt socker,Frukt o bär torkade,0.0,g
606,Nypon torkat u. frön,"Selen, Se",Frukt o bär torkade,0.5,µg
606,Nypon torkat u. frön,Sackaros,Frukt o bär torkade,6.0,g
606,Nypon torkat u. frön,Riboflavin,Frukt o bär torkade,0.3,mg
606,Nypon torkat u. frön,Retinol,Frukt o bär torkade,0.0,µg
606,Nypon torkat u. frön,Protein,Frukt o bär torkade,3.7,g
606,Nypon torkat u. frön,Summa fleromättade fettsyror,Frukt o bär torkade,0.0,g
606,Nypon torkat u. frön,"Fosfor, P",Frukt o bär torkade,123.0,mg
606,Nypon torkat u. frön,Niacinekvivalenter,Frukt o bär torkade,2.12,NE/mg
606,Nypon torkat u. frön,Niacin,Frukt o bär torkade,1.5,mg
606,Nypon torkat u. frön,"Salt, NaCl",Frukt o bär torkade,0.0,g
606,Nypon torkat u. frön,"Natrium, Na",Frukt o bär torkade,8.0,mg
606,Nypon torkat u. frön,Monosackarider,Frukt o bär torkade,55.0,g
606,Nypon torkat u. frön,"Sockerarter, totalt",Frukt o bär torkade,61.0,g
606,Nypon torkat u. frön,Summa enkelomättade fettsyror,Frukt o bär torkade,0.0,g
606,Nypon torkat u. frön,"Magnesium, Mg",Frukt o bär torkade,240.0,mg
606,Nypon torkat u. frön,Summa mättade fettsyror,Frukt o bär torkade,0.0,g
606,Nypon torkat u. frön,"Kolhydrater, tillgängliga",Frukt o bär torkade,68.4,g
606,Nypon torkat u. frön,Kolesterol,Frukt o bär torkade,0.0,mg
606,Nypon torkat u. frön,"Kalium, K",Frukt o bär torkade,1600.0,mg
606,Nypon torkat u. frön,"Jod, I",Frukt o bär torkade,0.9,µg
606,Nypon torkat u. frön,Fullkorn totalt,Frukt o bär torkade,0.0,g
606,Nypon torkat u. frön,"Folat, totalt",Frukt o bär torkade,1.9,µg
606,Nypon torkat u. frön,Fibrer,Frukt o bär torkade,12.0,g
606,Nypon torkat u. frön,"Fett, totalt",Frukt o bär torkade,1.4,g
606,Nypon torkat u. frön,"Järn, Fe",Frukt o bär torkade,4.2,mg
606,Nypon torkat u. frön,Energi (kJ),Frukt o bär torkade,1374.0,kJ
606,Nypon torkat u. frön,Energi (kcal),Frukt o bär torkade,328.0,kcal
606,Nypon torkat u. frön,Disackarider,Frukt o bär torkade,6.0,g
606,Nypon torkat u. frön,"Kalcium, Ca",Frukt o bär torkade,310.0,mg
606,Nypon torkat u. frön,Fettsyra 4:0-10:0,Frukt o bär torkade,0.0,g
606,Nypon torkat u. frön,DHA (C22:6),Frukt o bär torkade,0.0,g
606,Nypon torkat u. frön,DPA (C22:5),Frukt o bär torkade,0.0,g
606,Nypon torkat u. frön,EPA (C20:5),Frukt o bär torkade,0.0,g
606,Nypon torkat u. frön,Arakidonsyra C20:4,Frukt o bär torkade,0.0,g
606,Nypon torkat u. frön,Arakidinsyra C20:0,Frukt o bär torkade,0.0,g
606,Nypon torkat u. frön,Linolensyra C18:3,Frukt o bär torkade,0.0,g
606,Nypon torkat u. frön,Linolsyra C18:2,Frukt o bär torkade,0.0,g
606,Nypon torkat u. frön,Oljesyra C18:1,Frukt o bär torkade,0.0,g
606,Nypon torkat u. frön,Stearinsyra C18:0,Frukt o bär torkade,0.0,g
606,Nypon torkat u. frön,Palmitoljesyra C16:1,Frukt o bär torkade,0.0,g
606,Nypon torkat u. frön,Palmitinsyra C16:0,Frukt o bär torkade,0.0,g
606,Nypon torkat u. frön,Myristinsyra C14:0,Frukt o bär torkade,0.0,g
606,Nypon torkat u. frön,Laurinsyra C12:0,Frukt o bär torkade,0.0,g
606,Nypon torkat u. frön,Betakaroten/β-Karoten,Frukt o bär torkade,7000.0,µg
606,Nypon torkat u. frön,Avfall (skal etc.),Frukt o bär torkade,0.0,%
606,Nypon torkat u. frön,Aska,Frukt o bär torkade,5.4,g
606,Nypon torkat u. frön,Alkohol,Frukt o bär torkade,0.0,g
607,Nyponsoppapulver berikad,"Zink, Zn",Söta soppor kräm o efterrättssås,0.1,mg
607,Nyponsoppapulver berikad,Vitamin E,Söta soppor kräm o efterrättssås,0.0,mg
607,Nyponsoppapulver berikad,Vitamin D inkl 25-OH-D3,Söta soppor kräm o efterrättssås,0.0,µg
607,Nyponsoppapulver berikad,Vitamin D,Söta soppor kräm o efterrättssås,0.0,µg
607,Nyponsoppapulver berikad,Vitamin C,Söta soppor kräm o efterrättssås,190.0,mg
607,Nyponsoppapulver berikad,Vitamin B6,Söta soppor kräm o efterrättssås,0.0,mg
607,Nyponsoppapulver berikad,Vitamin B12,Söta soppor kräm o efterrättssås,0.0,µg
607,Nyponsoppapulver berikad,Vitamin A,Söta soppor kräm o efterrättssås,48.3,RE/µg
607,Nyponsoppapulver berikad,Vatten,Söta soppor kräm o efterrättssås,1.8,g
607,Nyponsoppapulver berikad,Tiamin,Söta soppor kräm o efterrättssås,0.01,mg
607,Nyponsoppapulver berikad,Tillsatt socker,Söta soppor kräm o efterrättssås,71.0,g
607,Nyponsoppapulver berikad,Fritt socker,Söta soppor kräm o efterrättssås,71.0,g
607,Nyponsoppapulver berikad,"Selen, Se",Söta soppor kräm o efterrättssås,0.4,µg
607,Nyponsoppapulver berikad,Sackaros,Söta soppor kräm o efterrättssås,68.0,g
607,Nyponsoppapulver berikad,Riboflavin,Söta soppor kräm o efterrättssås,0.24,mg
607,Nyponsoppapulver berikad,Retinol,Söta soppor kräm o efterrättssås,0.0,µg
607,Nyponsoppapulver berikad,Protein,Söta soppor kräm o efterrättssås,0.7,g
607,Nyponsoppapulver berikad,Summa fleromättade fettsyror,Söta soppor kräm o efterrättssås,0.0,g
607,Nyponsoppapulver berikad,"Fosfor, P",Söta soppor kräm o efterrättssås,35.0,mg
607,Nyponsoppapulver berikad,Niacinekvivalenter,Söta soppor kräm o efterrättssås,0.42,NE/mg
607,Nyponsoppapulver berikad,Niacin,Söta soppor kräm o efterrättssås,0.3,mg
607,Nyponsoppapulver berikad,"Salt, NaCl",Söta soppor kräm o efterrättssås,0.1,g
607,Nyponsoppapulver berikad,"Natrium, Na",Söta soppor kräm o efterrättssås,32.0,mg
607,Nyponsoppapulver berikad,Monosackarider,Söta soppor kräm o efterrättssås,3.0,g
607,Nyponsoppapulver berikad,"Sockerarter, totalt",Söta soppor kräm o efterrättssås,71.0,g
607,Nyponsoppapulver berikad,Summa enkelomättade fettsyror,Söta soppor kräm o efterrättssås,0.0,g
607,Nyponsoppapulver berikad,"Magnesium, Mg",Söta soppor kräm o efterrättssås,39.0,mg
607,Nyponsoppapulver berikad,Summa mättade fettsyror,Söta soppor kräm o efterrättssås,0.0,g
607,Nyponsoppapulver berikad,"Kolhydrater, tillgängliga",Söta soppor kräm o efterrättssås,91.1,g
607,Nyponsoppapulver berikad,Kolesterol,Söta soppor kräm o efterrättssås,0.0,mg
607,Nyponsoppapulver berikad,"Kalium, K",Söta soppor kräm o efterrättssås,469.0,mg
607,Nyponsoppapulver berikad,"Jod, I",Söta soppor kräm o efterrättssås,0.9,µg
607,Nyponsoppapulver berikad,Fullkorn totalt,Söta soppor kräm o efterrättssås,0.0,g
607,Nyponsoppapulver berikad,"Folat, totalt",Söta soppor kräm o efterrättssås,0.4,µg
607,Nyponsoppapulver berikad,Fibrer,Söta soppor kräm o efterrättssås,5.0,g
607,Nyponsoppapulver berikad,"Fett, totalt",Söta soppor kräm o efterrättssås,0.2,g
607,Nyponsoppapulver berikad,"Järn, Fe",Söta soppor kräm o efterrättssås,1.3,mg
607,Nyponsoppapulver berikad,Energi (kJ),Söta soppor kräm o efterrättssås,1608.0,kJ
607,Nyponsoppapulver berikad,Energi (kcal),Söta soppor kräm o efterrättssås,384.0,kcal
607,Nyponsoppapulver berikad,Disackarider,Söta soppor kräm o efterrättssås,68.0,g
607,Nyponsoppapulver berikad,"Kalcium, Ca",Söta soppor kräm o efterrättssås,155.0,mg
607,Nyponsoppapulver berikad,Fettsyra 4:0-10:0,Söta soppor kräm o efterrättssås,0.0,g
607,Nyponsoppapulver berikad,DHA (C22:6),Söta soppor kräm o efterrättssås,0.0,g
607,Nyponsoppapulver berikad,DPA (C22:5),Söta soppor kräm o efterrättssås,0.0,g
607,Nyponsoppapulver berikad,EPA (C20:5),Söta soppor kräm o efterrättssås,0.0,g
607,Nyponsoppapulver berikad,Arakidonsyra C20:4,Söta soppor kräm o efterrättssås,0.0,g
607,Nyponsoppapulver berikad,Arakidinsyra C20:0,Söta soppor kräm o efterrättssås,0.0,g
607,Nyponsoppapulver berikad,Linolensyra C18:3,Söta soppor kräm o efterrättssås,0.0,g
607,Nyponsoppapulver berikad,Linolsyra C18:2,Söta soppor kräm o efterrättssås,0.0,g
607,Nyponsoppapulver berikad,Oljesyra C18:1,Söta soppor kräm o efterrättssås,0.0,g
607,Nyponsoppapulver berikad,Stearinsyra C18:0,Söta soppor kräm o efterrättssås,0.0,g
607,Nyponsoppapulver berikad,Palmitoljesyra C16:1,Söta soppor kräm o efterrättssås,0.0,g
607,Nyponsoppapulver berikad,Palmitinsyra C16:0,Söta soppor kräm o efterrättssås,0.0,g
607,Nyponsoppapulver berikad,Myristinsyra C14:0,Söta soppor kräm o efterrättssås,0.0,g
607,Nyponsoppapulver berikad,Laurinsyra C12:0,Söta soppor kräm o efterrättssås,0.0,g
607,Nyponsoppapulver berikad,Betakaroten/β-Karoten,Söta soppor kräm o efterrättssås,580.0,µg
607,Nyponsoppapulver berikad,Avfall (skal etc.),Söta soppor kräm o efterrättssås,0.0,%
607,Nyponsoppapulver berikad,Aska,Söta soppor kräm o efterrättssås,1.2,g
607,Nyponsoppapulver berikad,Alkohol,Söta soppor kräm o efterrättssås,0.0,g
608,Persika torkad,"Zink, Zn",Frukt o bär torkade,0.6,mg
608,Persika torkad,Vitamin E,Frukt o bär torkade,0.5,mg
608,Persika torkad,Vitamin D inkl 25-OH-D3,Frukt o bär torkade,0.0,µg
608,Persika torkad,Vitamin D,Frukt o bär torkade,0.0,µg
608,Persika torkad,Vitamin C,Frukt o bär torkade,5.0,mg
608,Persika torkad,Vitamin B6,Frukt o bär torkade,0.07,mg
608,Persika torkad,Vitamin B12,Frukt o bär torkade,0.0,µg
608,Persika torkad,Vitamin A,Frukt o bär torkade,107.5,RE/µg
608,Persika torkad,Vatten,Frukt o bär torkade,32.0,g
608,Persika torkad,Tiamin,Frukt o bär torkade,0.0,mg
608,Persika torkad,Tillsatt socker,Frukt o bär torkade,0.0,g
608,Persika torkad,Fritt socker,Frukt o bär torkade,0.0,g
608,Persika torkad,"Selen, Se",Frukt o bär torkade,0.5,µg
608,Persika torkad,Sackaros,Frukt o bär torkade,38.0,g
608,Persika torkad,Riboflavin,Frukt o bär torkade,0.2,mg
608,Persika torkad,Retinol,Frukt o bär torkade,0.0,µg
608,Persika torkad,Protein,Frukt o bär torkade,3.6,g
608,Persika torkad,Summa fleromättade fettsyror,Frukt o bär torkade,0.3,g
608,Persika torkad,"Fosfor, P",Frukt o bär torkade,119.0,mg
608,Persika torkad,Niacinekvivalenter,Frukt o bär torkade,5.0,NE/mg
608,Persika torkad,Niacin,Frukt o bär torkade,4.4,mg
608,Persika torkad,"Salt, NaCl",Frukt o bär torkade,0.0,g
608,Persika torkad,"Natrium, Na",Frukt o bär torkade,7.0,mg
608,Persika torkad,Monosackarider,Frukt o bär torkade,12.8,g
608,Persika torkad,"Sockerarter, totalt",Frukt o bär torkade,50.8,g
608,Persika torkad,Summa enkelomättade fettsyror,Frukt o bär torkade,0.2,g
608,Persika torkad,"Magnesium, Mg",Frukt o bär torkade,42.0,mg
608,Persika torkad,Summa mättade fettsyror,Frukt o bär torkade,0.1,g
608,Persika torkad,"Kolhydrater, tillgängliga",Frukt o bär torkade,52.9,g
608,Persika torkad,Kolesterol,Frukt o bär torkade,0.0,mg
608,Persika torkad,"Kalium, K",Frukt o bär torkade,1000.0,mg
608,Persika torkad,"Jod, I",Frukt o bär torkade,2.8,µg
608,Persika torkad,Fullkorn totalt,Frukt o bär torkade,0.0,g
608,Persika torkad,"Folat, totalt",Frukt o bär torkade,14.0,µg
608,Persika torkad,Fibrer,Frukt o bär torkade,8.2,g
608,Persika torkad,"Fett, totalt",Frukt o bär torkade,0.8,g
608,Persika torkad,"Järn, Fe",Frukt o bär torkade,4.1,mg
608,Persika torkad,Energi (kJ),Frukt o bär torkade,1056.0,kJ
608,Persika torkad,Energi (kcal),Frukt o bär torkade,252.0,kcal
608,Persika torkad,Disackarider,Frukt o bär torkade,38.0,g
608,Persika torkad,"Kalcium, Ca",Frukt o bär torkade,28.0,mg
608,Persika torkad,Fettsyra 4:0-10:0,Frukt o bär torkade,0.0,g
608,Persika torkad,DHA (C22:6),Frukt o bär torkade,0.0,g
608,Persika torkad,DPA (C22:5),Frukt o bär torkade,0.0,g
608,Persika torkad,EPA (C20:5),Frukt o bär torkade,0.0,g
608,Persika torkad,Arakidonsyra C20:4,Frukt o bär torkade,0.0,g
608,Persika torkad,Arakidinsyra C20:0,Frukt o bär torkade,0.0,g
608,Persika torkad,Linolensyra C18:3,Frukt o bär torkade,0.0,g
608,Persika torkad,Linolsyra C18:2,Frukt o bär torkade,0.3,g
608,Persika torkad,Oljesyra C18:1,Frukt o bär torkade,0.2,g
608,Persika torkad,Stearinsyra C18:0,Frukt o bär torkade,0.0,g
608,Persika torkad,Palmitoljesyra C16:1,Frukt o bär torkade,0.0,g
608,Persika torkad,Palmitinsyra C16:0,Frukt o bär torkade,0.1,g
608,Persika torkad,Myristinsyra C14:0,Frukt o bär torkade,0.0,g
608,Persika torkad,Laurinsyra C12:0,Frukt o bär torkade,0.0,g
608,Persika torkad,Betakaroten/β-Karoten,Frukt o bär torkade,1290.0,µg
608,Persika torkad,Avfall (skal etc.),Frukt o bär torkade,0.0,%
608,Persika torkad,Aska,Frukt o bär torkade,2.5,g
608,Persika torkad,Alkohol,Frukt o bär torkade,0.0,g
609,Päron torkade,"Zink, Zn",Frukt o bär torkade,0.4,mg
609,Päron torkade,Vitamin E,Frukt o bär torkade,0.4,mg
609,Päron torkade,Vitamin D inkl 25-OH-D3,Frukt o bär torkade,0.0,µg
609,Päron torkade,Vitamin D,Frukt o bär torkade,0.0,µg
609,Päron torkade,Vitamin C,Frukt o bär torkade,7.0,mg
609,Päron torkade,Vitamin B6,Frukt o bär torkade,0.07,mg
609,Päron torkade,Vitamin B12,Frukt o bär torkade,0.0,µg
609,Päron torkade,Vitamin A,Frukt o bär torkade,0.0,RE/µg
609,Päron torkade,Vatten,Frukt o bär torkade,27.0,g
609,Päron torkade,Tiamin,Frukt o bär torkade,0.01,mg
609,Päron torkade,Tillsatt socker,Frukt o bär torkade,0.0,g
609,Päron torkade,Fritt socker,Frukt o bär torkade,0.0,g
609,Päron torkade,"Selen, Se",Frukt o bär torkade,1.0,µg
609,Päron torkade,Sackaros,Frukt o bär torkade,11.0,g
609,Päron torkade,Riboflavin,Frukt o bär torkade,0.14,mg
609,Päron torkade,Retinol,Frukt o bär torkade,0.0,µg
609,Päron torkade,Protein,Frukt o bär torkade,1.9,g
609,Päron torkade,Summa fleromättade fettsyror,Frukt o bär torkade,0.3,g
609,Päron torkade,"Fosfor, P",Frukt o bär torkade,59.0,mg
609,Päron torkade,Niacinekvivalenter,Frukt o bär torkade,1.72,NE/mg
609,Päron torkade,Niacin,Frukt o bär torkade,1.4,mg
609,Päron torkade,"Salt, NaCl",Frukt o bär torkade,0.0,g
609,Päron torkade,"Natrium, Na",Frukt o bär torkade,6.0,mg
609,Päron torkade,Monosackarider,Frukt o bär torkade,31.3,g
609,Päron torkade,"Sockerarter, totalt",Frukt o bär torkade,42.3,g
609,Päron torkade,Summa enkelomättade fettsyror,Frukt o bär torkade,0.1,g
609,Päron torkade,"Magnesium, Mg",Frukt o bär torkade,33.0,mg
609,Päron torkade,Summa mättade fettsyror,Frukt o bär torkade,0.1,g
609,Päron torkade,"Kolhydrater, tillgängliga",Frukt o bär torkade,63.4,g
609,Päron torkade,Kolesterol,Frukt o bär torkade,0.0,mg
609,Päron torkade,"Kalium, K",Frukt o bär torkade,530.0,mg
609,Päron torkade,Fullkorn totalt,Frukt o bär torkade,0.0,g
609,Päron torkade,"Folat, totalt",Frukt o bär torkade,13.0,µg
609,Päron torkade,Fibrer,Frukt o bär torkade,6.0,g
609,Päron torkade,"Fett, totalt",Frukt o bär torkade,0.6,g
609,Päron torkade,"Järn, Fe",Frukt o bär torkade,2.1,mg
609,Päron torkade,Energi (kJ),Frukt o bär torkade,1180.0,kJ
609,Päron torkade,Energi (kcal),Frukt o bär torkade,282.0,kcal
609,Päron torkade,Disackarider,Frukt o bär torkade,11.0,g
609,Päron torkade,"Kalcium, Ca",Frukt o bär torkade,34.0,mg
609,Päron torkade,Fettsyra 4:0-10:0,Frukt o bär torkade,0.0,g
609,Päron torkade,DHA (C22:6),Frukt o bär torkade,0.0,g
609,Päron torkade,DPA (C22:5),Frukt o bär torkade,0.0,g
609,Päron torkade,EPA (C20:5),Frukt o bär torkade,0.0,g
609,Päron torkade,Arakidonsyra C20:4,Frukt o bär torkade,0.0,g
609,Päron torkade,Arakidinsyra C20:0,Frukt o bär torkade,0.0,g
609,Päron torkade,Linolensyra C18:3,Frukt o bär torkade,0.1,g
609,Päron torkade,Linolsyra C18:2,Frukt o bär torkade,0.2,g
609,Päron torkade,Oljesyra C18:1,Frukt o bär torkade,0.1,g
609,Päron torkade,Stearinsyra C18:0,Frukt o bär torkade,0.0,g
609,Päron torkade,Palmitoljesyra C16:1,Frukt o bär torkade,0.0,g
609,Päron torkade,Palmitinsyra C16:0,Frukt o bär torkade,0.1,g
609,Päron torkade,Myristinsyra C14:0,Frukt o bär torkade,0.0,g
609,Päron torkade,Laurinsyra C12:0,Frukt o bär torkade,0.0,g
609,Päron torkade,Betakaroten/β-Karoten,Frukt o bär torkade,0.0,µg
609,Päron torkade,Avfall (skal etc.),Frukt o bär torkade,0.0,%
609,Päron torkade,Aska,Frukt o bär torkade,1.1,g
609,Päron torkade,Alkohol,Frukt o bär torkade,0.0,g
610,Russin,"Zink, Zn",Frukt o bär torkade,0.2,mg
610,Russin,Vitamin E,Frukt o bär torkade,1.5,mg
610,Russin,Vitamin D inkl 25-OH-D3,Frukt o bär torkade,0.0,µg
610,Russin,Vitamin D,Frukt o bär torkade,0.0,µg
610,Russin,Vitamin C,Frukt o bär torkade,0.0,mg
610,Russin,Vitamin B6,Frukt o bär torkade,0.3,mg
610,Russin,Vitamin B12,Frukt o bär torkade,0.0,µg
610,Russin,Vitamin A,Frukt o bär torkade,0.7,RE/µg
610,Russin,Vatten,Frukt o bär torkade,22.6,g
610,Russin,Tiamin,Frukt o bär torkade,0.1,mg
610,Russin,Tillsatt socker,Frukt o bär torkade,0.0,g
610,Russin,Fritt socker,Frukt o bär torkade,0.0,g
610,Russin,"Selen, Se",Frukt o bär torkade,0.0,µg
610,Russin,Sackaros,Frukt o bär torkade,1.5,g
610,Russin,Riboflavin,Frukt o bär torkade,0.0,mg
610,Russin,Retinol,Frukt o bär torkade,0.0,µg
610,Russin,Protein,Frukt o bär torkade,1.9,g
610,Russin,Summa fleromättade fettsyror,Frukt o bär torkade,0.0,g
610,Russin,"Fosfor, P",Frukt o bär torkade,79.0,mg
610,Russin,Niacinekvivalenter,Frukt o bär torkade,0.9,NE/mg
610,Russin,Niacin,Frukt o bär torkade,0.6,mg
610,Russin,"Salt, NaCl",Frukt o bär torkade,0.0,g
610,Russin,"Natrium, Na",Frukt o bär torkade,15.0,mg
610,Russin,Monosackarider,Frukt o bär torkade,58.5,g
610,Russin,"Sockerarter, totalt",Frukt o bär torkade,60.0,g
610,Russin,Summa enkelomättade fettsyror,Frukt o bär torkade,0.0,g
610,Russin,"Magnesium, Mg",Frukt o bär torkade,31.0,mg
610,Russin,Summa mättade fettsyror,Frukt o bär torkade,0.0,g
610,Russin,"Kolhydrater, tillgängliga",Frukt o bär torkade,64.4,g
610,Russin,Kolesterol,Frukt o bär torkade,0.0,mg
610,Russin,"Kalium, K",Frukt o bär torkade,598.0,mg
610,Russin,"Jod, I",Frukt o bär torkade,90.1,µg
610,Russin,Fullkorn totalt,Frukt o bär torkade,0.0,g
610,Russin,"Folat, totalt",Frukt o bär torkade,8.1,µg
610,Russin,Fibrer,Frukt o bär torkade,6.1,g
610,Russin,"Fett, totalt",Frukt o bär torkade,0.5,g
610,Russin,"Järn, Fe",Frukt o bär torkade,1.9,mg
610,Russin,Energi (kJ),Frukt o bär torkade,1194.0,kJ
610,Russin,Energi (kcal),Frukt o bär torkade,285.0,kcal
610,Russin,Disackarider,Frukt o bär torkade,0.0,g
610,Russin,"Kalcium, Ca",Frukt o bär torkade,48.0,mg
610,Russin,Fettsyra 4:0-10:0,Frukt o bär torkade,0.0,g
610,Russin,DHA (C22:6),Frukt o bär torkade,0.0,g
610,Russin,DPA (C22:5),Frukt o bär torkade,0.0,g
610,Russin,EPA (C20:5),Frukt o bär torkade,0.0,g
610,Russin,Arakidonsyra C20:4,Frukt o bär torkade,0.0,g
610,Russin,Arakidinsyra C20:0,Frukt o bär torkade,0.0,g
610,Russin,Linolensyra C18:3,Frukt o bär torkade,0.0,g
610,Russin,Linolsyra C18:2,Frukt o bär torkade,0.0,g
610,Russin,Oljesyra C18:1,Frukt o bär torkade,0.0,g
610,Russin,Stearinsyra C18:0,Frukt o bär torkade,0.0,g
610,Russin,Palmitoljesyra C16:1,Frukt o bär torkade,0.0,g
610,Russin,Palmitinsyra C16:0,Frukt o bär torkade,0.0,g
610,Russin,Myristinsyra C14:0,Frukt o bär torkade,0.0,g
610,Russin,Laurinsyra C12:0,Frukt o bär torkade,0.0,g
610,Russin,Betakaroten/β-Karoten,Frukt o bär torkade,8.0,µg
610,Russin,Avfall (skal etc.),Frukt o bär torkade,0.0,%
610,Russin,Aska,Frukt o bär torkade,4.5,g
610,Russin,Alkohol,Frukt o bär torkade,0.0,g
611,Äpple torkat,"Zink, Zn",Frukt o bär torkade,0.2,mg
611,Äpple torkat,Vitamin E,Frukt o bär torkade,0.2,mg
611,Äpple torkat,Vitamin D inkl 25-OH-D3,Frukt o bär torkade,0.0,µg
611,Äpple torkat,Vitamin D,Frukt o bär torkade,0.0,µg
611,Äpple torkat,Vitamin C,Frukt o bär torkade,4.0,mg
611,Äpple torkat,Vitamin B6,Frukt o bär torkade,0.12,mg
611,Äpple torkat,Vitamin B12,Frukt o bär torkade,0.0,µg
611,Äpple torkat,Vitamin A,Frukt o bär torkade,1.0,RE/µg
611,Äpple torkat,Vatten,Frukt o bär torkade,31.0,g
611,Äpple torkat,Tiamin,Frukt o bär torkade,0.0,mg
611,Äpple torkat,Tillsatt socker,Frukt o bär torkade,0.0,g
611,Äpple torkat,Fritt socker,Frukt o bär torkade,0.0,g
611,Äpple torkat,"Selen, Se",Frukt o bär torkade,0.2,µg
611,Äpple torkat,Sackaros,Frukt o bär torkade,13.2,g
611,Äpple torkat,Riboflavin,Frukt o bär torkade,0.16,mg
611,Äpple torkat,Retinol,Frukt o bär torkade,0.0,µg
611,Äpple torkat,Protein,Frukt o bär torkade,0.9,g
611,Äpple torkat,Summa fleromättade fettsyror,Frukt o bär torkade,0.1,g
611,Äpple torkat,"Fosfor, P",Frukt o bär torkade,38.0,mg
611,Äpple torkat,Niacinekvivalenter,Frukt o bär torkade,1.05,NE/mg
611,Äpple torkat,Niacin,Frukt o bär torkade,0.9,mg
611,Äpple torkat,"Salt, NaCl",Frukt o bär torkade,0.2,g
611,Äpple torkat,"Natrium, Na",Frukt o bär torkade,87.0,mg
611,Äpple torkat,Monosackarider,Frukt o bär torkade,44.0,g
611,Äpple torkat,"Sockerarter, totalt",Frukt o bär torkade,57.2,g
611,Äpple torkat,Summa enkelomättade fettsyror,Frukt o bär torkade,0.0,g
611,Äpple torkat,"Magnesium, Mg",Frukt o bär torkade,16.0,mg
611,Äpple torkat,Summa mättade fettsyror,Frukt o bär torkade,0.0,g
611,Äpple torkat,"Kolhydrater, tillgängliga",Frukt o bär torkade,57.2,g
611,Äpple torkat,Kolesterol,Frukt o bär torkade,0.0,mg
611,Äpple torkat,"Kalium, K",Frukt o bär torkade,450.0,mg
611,Äpple torkat,"Jod, I",Frukt o bär torkade,8.0,µg
611,Äpple torkat,Fullkorn totalt,Frukt o bär torkade,0.0,g
611,Äpple torkat,"Folat, totalt",Frukt o bär torkade,1.0,µg
611,Äpple torkat,Fibrer,Frukt o bär torkade,9.5,g
611,Äpple torkat,"Fett, totalt",Frukt o bär torkade,0.3,g
611,Äpple torkat,"Järn, Fe",Frukt o bär torkade,0.1,mg
611,Äpple torkat,Energi (kJ),Frukt o bär torkade,1075.0,kJ
611,Äpple torkat,Energi (kcal),Frukt o bär torkade,257.0,kcal
611,Äpple torkat,Disackarider,Frukt o bär torkade,13.2,g
611,Äpple torkat,"Kalcium, Ca",Frukt o bär torkade,14.0,mg
611,Äpple torkat,Fettsyra 4:0-10:0,Frukt o bär torkade,0.0,g
611,Äpple torkat,DHA (C22:6),Frukt o bär torkade,0.0,g
611,Äpple torkat,DPA (C22:5),Frukt o bär torkade,0.0,g
611,Äpple torkat,EPA (C20:5),Frukt o bär torkade,0.0,g
611,Äpple torkat,Arakidonsyra C20:4,Frukt o bär torkade,0.0,g
611,Äpple torkat,Arakidinsyra C20:0,Frukt o bär torkade,0.0,g
611,Äpple torkat,Linolensyra C18:3,Frukt o bär torkade,0.0,g
611,Äpple torkat,Linolsyra C18:2,Frukt o bär torkade,0.1,g
611,Äpple torkat,Oljesyra C18:1,Frukt o bär torkade,0.0,g
611,Äpple torkat,Stearinsyra C18:0,Frukt o bär torkade,0.0,g
611,Äpple torkat,Palmitoljesyra C16:1,Frukt o bär torkade,0.0,g
611,Äpple torkat,Palmitinsyra C16:0,Frukt o bär torkade,0.0,g
611,Äpple torkat,Myristinsyra C14:0,Frukt o bär torkade,0.0,g
611,Äpple torkat,Laurinsyra C12:0,Frukt o bär torkade,0.0,g
611,Äpple torkat,Betakaroten/β-Karoten,Frukt o bär torkade,12.0,µg
611,Äpple torkat,Avfall (skal etc.),Frukt o bär torkade,0.0,%
611,Äpple torkat,Aska,Frukt o bär torkade,1.1,g
611,Äpple torkat,Alkohol,Frukt o bär torkade,0.0,g
612,Frukt torkad,"Zink, Zn",Frukt o bär torkade,0.5,mg
612,Frukt torkad,Vitamin E,Frukt o bär torkade,0.3,mg
612,Frukt torkad,Vitamin D inkl 25-OH-D3,Frukt o bär torkade,0.0,µg
612,Frukt torkad,Vitamin D,Frukt o bär torkade,0.0,µg
612,Frukt torkad,Vitamin C,Frukt o bär torkade,4.0,mg
612,Frukt torkad,Vitamin B6,Frukt o bär torkade,0.16,mg
612,Frukt torkad,Vitamin B12,Frukt o bär torkade,0.0,µg
612,Frukt torkad,Vitamin A,Frukt o bär torkade,121.7,RE/µg
612,Frukt torkad,Vatten,Frukt o bär torkade,28.0,g
612,Frukt torkad,Tiamin,Frukt o bär torkade,0.04,mg
612,Frukt torkad,Tillsatt socker,Frukt o bär torkade,0.0,g
612,Frukt torkad,Fritt socker,Frukt o bär torkade,0.0,g
612,Frukt torkad,"Selen, Se",Frukt o bär torkade,0.5,µg
612,Frukt torkad,Sackaros,Frukt o bär torkade,8.1,g
612,Frukt torkad,Riboflavin,Frukt o bär torkade,0.16,mg
612,Frukt torkad,Retinol,Frukt o bär torkade,0.0,µg
612,Frukt torkad,Protein,Frukt o bär torkade,3.3,g
612,Frukt torkad,Summa fleromättade fettsyror,Frukt o bär torkade,0.1,g
612,Frukt torkad,"Fosfor, P",Frukt o bär torkade,79.0,mg
612,Frukt torkad,Niacinekvivalenter,Frukt o bär torkade,2.45,NE/mg
612,Frukt torkad,Niacin,Frukt o bär torkade,1.9,mg
612,Frukt torkad,"Salt, NaCl",Frukt o bär torkade,0.1,g
612,Frukt torkad,"Natrium, Na",Frukt o bär torkade,34.0,mg
612,Frukt torkad,Monosackarider,Frukt o bär torkade,34.0,g
612,Frukt torkad,"Sockerarter, totalt",Frukt o bär torkade,42.1,g
612,Frukt torkad,Summa enkelomättade fettsyror,Frukt o bär torkade,0.2,g
612,Frukt torkad,"Magnesium, Mg",Frukt o bär torkade,39.0,mg
612,Frukt torkad,Summa mättade fettsyror,Frukt o bär torkade,0.0,g
612,Frukt torkad,"Kolhydrater, tillgängliga",Frukt o bär torkade,56.8,g
612,Frukt torkad,Kolesterol,Frukt o bär torkade,0.0,mg
612,Frukt torkad,"Kalium, K",Frukt o bär torkade,880.0,mg
612,Frukt torkad,Fullkorn totalt,Frukt o bär torkade,0.0,g
612,Frukt torkad,"Folat, totalt",Frukt o bär torkade,7.0,µg
612,Frukt torkad,Fibrer,Frukt o bär torkade,9.0,g
612,Frukt torkad,"Fett, totalt",Frukt o bär torkade,0.5,g
612,Frukt torkad,"Järn, Fe",Frukt o bär torkade,4.0,mg
612,Frukt torkad,Energi (kJ),Frukt o bär torkade,1112.0,kJ
612,Frukt torkad,Energi (kcal),Frukt o bär torkade,266.0,kcal
612,Frukt torkad,Disackarider,Frukt o bär torkade,8.1,g
612,Frukt torkad,"Kalcium, Ca",Frukt o bär torkade,45.0,mg
612,Frukt torkad,Fettsyra 4:0-10:0,Frukt o bär torkade,0.0,g
612,Frukt torkad,DHA (C22:6),Frukt o bär torkade,0.0,g
612,Frukt torkad,DPA (C22:5),Frukt o bär torkade,0.0,g
612,Frukt torkad,EPA (C20:5),Frukt o bär torkade,0.0,g
612,Frukt torkad,Arakidonsyra C20:4,Frukt o bär torkade,0.0,g
612,Frukt torkad,Arakidinsyra C20:0,Frukt o bär torkade,0.0,g
612,Frukt torkad,Linolensyra C18:3,Frukt o bär torkade,0.0,g
612,Frukt torkad,Linolsyra C18:2,Frukt o bär torkade,0.1,g
612,Frukt torkad,Oljesyra C18:1,Frukt o bär torkade,0.2,g
612,Frukt torkad,Stearinsyra C18:0,Frukt o bär torkade,0.0,g
612,Frukt torkad,Palmitoljesyra C16:1,Frukt o bär torkade,0.0,g
612,Frukt torkad,Palmitinsyra C16:0,Frukt o bär torkade,0.0,g
612,Frukt torkad,Myristinsyra C14:0,Frukt o bär torkade,0.0,g
612,Frukt torkad,Laurinsyra C12:0,Frukt o bär torkade,0.0,g
612,Frukt torkad,Betakaroten/β-Karoten,Frukt o bär torkade,1460.0,µg
612,Frukt torkad,Avfall (skal etc.),Frukt o bär torkade,0.0,%
612,Frukt torkad,Aska,Frukt o bär torkade,2.4,g
612,Frukt torkad,Alkohol,Frukt o bär torkade,0.0,g
613,Papaya torkad,"Zink, Zn",Frukt o bär torkade,0.4,mg
613,Papaya torkad,Vitamin E,Frukt o bär torkade,0.5,mg
613,Papaya torkad,Vitamin D inkl 25-OH-D3,Frukt o bär torkade,0.0,µg
613,Papaya torkad,Vitamin D,Frukt o bär torkade,0.0,µg
613,Papaya torkad,Vitamin C,Frukt o bär torkade,219.0,mg
613,Papaya torkad,Vitamin B6,Frukt o bär torkade,0.11,mg
613,Papaya torkad,Vitamin B12,Frukt o bär torkade,0.0,µg
613,Papaya torkad,Vitamin A,Frukt o bär torkade,566.7,RE/µg
613,Papaya torkad,Vatten,Frukt o bär torkade,30.0,g
613,Papaya torkad,Tiamin,Frukt o bär torkade,0.18,mg
613,Papaya torkad,Tillsatt socker,Frukt o bär torkade,0.0,g
613,Papaya torkad,Fritt socker,Frukt o bär torkade,0.0,g
613,Papaya torkad,"Selen, Se",Frukt o bär torkade,1.0,µg
613,Papaya torkad,Sackaros,Frukt o bär torkade,25.0,g
613,Papaya torkad,Riboflavin,Frukt o bär torkade,0.17,mg
613,Papaya torkad,Retinol,Frukt o bär torkade,0.0,µg
613,Papaya torkad,Protein,Frukt o bär torkade,3.4,g
613,Papaya torkad,Summa fleromättade fettsyror,Frukt o bär torkade,0.2,g
613,Papaya torkad,"Fosfor, P",Frukt o bär torkade,28.0,mg
613,Papaya torkad,Niacinekvivalenter,Frukt o bär torkade,1.94,NE/mg
613,Papaya torkad,Niacin,Frukt o bär torkade,1.37,mg
613,Papaya torkad,"Salt, NaCl",Frukt o bär torkade,0.0,g
613,Papaya torkad,"Natrium, Na",Frukt o bär torkade,17.0,mg
613,Papaya torkad,Monosackarider,Frukt o bär torkade,27.2,g
613,Papaya torkad,"Sockerarter, totalt",Frukt o bär torkade,52.2,g
613,Papaya torkad,Summa enkelomättade fettsyror,Frukt o bär torkade,0.2,g
613,Papaya torkad,"Magnesium, Mg",Frukt o bär torkade,56.0,mg
613,Papaya torkad,Summa mättade fettsyror,Frukt o bär torkade,0.2,g
613,Papaya torkad,"Kolhydrater, tillgängliga",Frukt o bär torkade,57.6,g
613,Papaya torkad,Kolesterol,Frukt o bär torkade,0.0,mg
613,Papaya torkad,"Kalium, K",Frukt o bär torkade,1439.0,mg
613,Papaya torkad,"Jod, I",Frukt o bär torkade,2.3,µg
613,Papaya torkad,Fullkorn totalt,Frukt o bär torkade,0.0,g
613,Papaya torkad,"Folat, totalt",Frukt o bär torkade,3.0,µg
613,Papaya torkad,Fibrer,Frukt o bär torkade,5.0,g
613,Papaya torkad,"Fett, totalt",Frukt o bär torkade,0.6,g
613,Papaya torkad,"Järn, Fe",Frukt o bär torkade,0.6,mg
613,Papaya torkad,Energi (kJ),Frukt o bär torkade,1099.0,kJ
613,Papaya torkad,Energi (kcal),Frukt o bär torkade,263.0,kcal
613,Papaya torkad,Disackarider,Frukt o bär torkade,25.0,g
613,Papaya torkad,"Kalcium, Ca",Frukt o bär torkade,135.0,mg
613,Papaya torkad,Fettsyra 4:0-10:0,Frukt o bär torkade,0.0,g
613,Papaya torkad,DHA (C22:6),Frukt o bär torkade,0.0,g
613,Papaya torkad,DPA (C22:5),Frukt o bär torkade,0.0,g
613,Papaya torkad,EPA (C20:5),Frukt o bär torkade,0.0,g
613,Papaya torkad,Arakidonsyra C20:4,Frukt o bär torkade,0.0,g
613,Papaya torkad,Arakidinsyra C20:0,Frukt o bär torkade,0.0,g
613,Papaya torkad,Linolensyra C18:3,Frukt o bär torkade,0.1,g
613,Papaya torkad,Linolsyra C18:2,Frukt o bär torkade,0.0,g
613,Papaya torkad,Oljesyra C18:1,Frukt o bär torkade,0.1,g
613,Papaya torkad,Stearinsyra C18:0,Frukt o bär torkade,0.0,g
613,Papaya torkad,Palmitoljesyra C16:1,Frukt o bär torkade,0.1,g
613,Papaya torkad,Palmitinsyra C16:0,Frukt o bär torkade,0.1,g
613,Papaya torkad,Myristinsyra C14:0,Frukt o bär torkade,0.0,g
613,Papaya torkad,Laurinsyra C12:0,Frukt o bär torkade,0.0,g
613,Papaya torkad,Betakaroten/β-Karoten,Frukt o bär torkade,6800.0,µg
613,Papaya torkad,Avfall (skal etc.),Frukt o bär torkade,0.0,%
613,Papaya torkad,Aska,Frukt o bär torkade,3.4,g
613,Papaya torkad,Alkohol,Frukt o bär torkade,0.0,g
614,Ananas konserv. m. juice,"Zink, Zn",Frukt o bär konserverade,0.1,mg
614,Ananas konserv. m. juice,Vitamin E,Frukt o bär konserverade,0.0,mg
614,Ananas konserv. m. juice,Vitamin D inkl 25-OH-D3,Frukt o bär konserverade,0.0,µg
614,Ananas konserv. m. juice,Vitamin D,Frukt o bär konserverade,0.0,µg
614,Ananas konserv. m. juice,Vitamin C,Frukt o bär konserverade,10.0,mg
614,Ananas konserv. m. juice,Vitamin B6,Frukt o bär konserverade,0.08,mg
614,Ananas konserv. m. juice,Vitamin B12,Frukt o bär konserverade,0.0,µg
614,Ananas konserv. m. juice,Vitamin A,Frukt o bär konserverade,2.0,RE/µg
614,Ananas konserv. m. juice,Vatten,Frukt o bär konserverade,84.0,g
614,Ananas konserv. m. juice,Tiamin,Frukt o bär konserverade,0.1,mg
614,Ananas konserv. m. juice,Tillsatt socker,Frukt o bär konserverade,0.0,g
614,Ananas konserv. m. juice,Fritt socker,Frukt o bär konserverade,7.0,g
614,Ananas konserv. m. juice,"Selen, Se",Frukt o bär konserverade,0.2,µg
614,Ananas konserv. m. juice,Sackaros,Frukt o bär konserverade,8.5,g
614,Ananas konserv. m. juice,Riboflavin,Frukt o bär konserverade,0.02,mg
614,Ananas konserv. m. juice,Retinol,Frukt o bär konserverade,0.0,µg
614,Ananas konserv. m. juice,Protein,Frukt o bär konserverade,0.4,g
614,Ananas konserv. m. juice,Summa fleromättade fettsyror,Frukt o bär konserverade,0.0,g
614,Ananas konserv. m. juice,"Fosfor, P",Frukt o bär konserverade,6.0,mg
614,Ananas konserv. m. juice,Niacinekvivalenter,Frukt o bär konserverade,0.37,NE/mg
614,Ananas konserv. m. juice,Niacin,Frukt o bär konserverade,0.3,mg
614,Ananas konserv. m. juice,"Salt, NaCl",Frukt o bär konserverade,0.0,g
614,Ananas konserv. m. juice,"Natrium, Na",Frukt o bär konserverade,1.0,mg
614,Ananas konserv. m. juice,Monosackarider,Frukt o bär konserverade,6.2,g
614,Ananas konserv. m. juice,"Sockerarter, totalt",Frukt o bär konserverade,14.7,g
614,Ananas konserv. m. juice,Summa enkelomättade fettsyror,Frukt o bär konserverade,0.0,g
614,Ananas konserv. m. juice,"Magnesium, Mg",Frukt o bär konserverade,14.0,mg
614,Ananas konserv. m. juice,Summa mättade fettsyror,Frukt o bär konserverade,0.0,g
614,Ananas konserv. m. juice,"Kolhydrater, tillgängliga",Frukt o bär konserverade,14.2,g
614,Ananas konserv. m. juice,Kolesterol,Frukt o bär konserverade,0.0,mg
614,Ananas konserv. m. juice,"Kalium, K",Frukt o bär konserverade,122.0,mg
614,Ananas konserv. m. juice,"Jod, I",Frukt o bär konserverade,1.0,µg
614,Ananas konserv. m. juice,Fullkorn totalt,Frukt o bär konserverade,0.0,g
614,Ananas konserv. m. juice,"Folat, totalt",Frukt o bär konserverade,5.0,µg
614,Ananas konserv. m. juice,Fibrer,Frukt o bär konserverade,1.0,g
614,Ananas konserv. m. juice,"Fett, totalt",Frukt o bär konserverade,0.1,g
614,Ananas konserv. m. juice,"Järn, Fe",Frukt o bär konserverade,0.3,mg
614,Ananas konserv. m. juice,Energi (kJ),Frukt o bär konserverade,260.0,kJ
614,Ananas konserv. m. juice,Energi (kcal),Frukt o bär konserverade,62.0,kcal
614,Ananas konserv. m. juice,Disackarider,Frukt o bär konserverade,8.5,g
614,Ananas konserv. m. juice,"Kalcium, Ca",Frukt o bär konserverade,14.0,mg
614,Ananas konserv. m. juice,Fettsyra 4:0-10:0,Frukt o bär konserverade,0.0,g
614,Ananas konserv. m. juice,DHA (C22:6),Frukt o bär konserverade,0.0,g
614,Ananas konserv. m. juice,DPA (C22:5),Frukt o bär konserverade,0.0,g
614,Ananas konserv. m. juice,EPA (C20:5),Frukt o bär konserverade,0.0,g
614,Ananas konserv. m. juice,Arakidonsyra C20:4,Frukt o bär konserverade,0.0,g
614,Ananas konserv. m. juice,Arakidinsyra C20:0,Frukt o bär konserverade,0.0,g
614,Ananas konserv. m. juice,Linolensyra C18:3,Frukt o bär konserverade,0.0,g
614,Ananas konserv. m. juice,Linolsyra C18:2,Frukt o bär konserverade,0.0,g
614,Ananas konserv. m. juice,Oljesyra C18:1,Frukt o bär konserverade,0.0,g
614,Ananas konserv. m. juice,Stearinsyra C18:0,Frukt o bär konserverade,0.0,g
614,Ananas konserv. m. juice,Palmitoljesyra C16:1,Frukt o bär konserverade,0.0,g
614,Ananas konserv. m. juice,Palmitinsyra C16:0,Frukt o bär konserverade,0.0,g
614,Ananas konserv. m. juice,Myristinsyra C14:0,Frukt o bär konserverade,0.0,g
614,Ananas konserv. m. juice,Laurinsyra C12:0,Frukt o bär konserverade,0.0,g
614,Ananas konserv. m. juice,Betakaroten/β-Karoten,Frukt o bär konserverade,24.0,µg
614,Ananas konserv. m. juice,Avfall (skal etc.),Frukt o bär konserverade,0.0,%
614,Ananas konserv. m. juice,Aska,Frukt o bär konserverade,0.3,g
614,Ananas konserv. m. juice,Alkohol,Frukt o bär konserverade,0.0,g
617,Ananas konserv. m. sockerlag,"Zink, Zn",Frukt o bär konserverade,0.1,mg
617,Ananas konserv. m. sockerlag,Vitamin E,Frukt o bär konserverade,0.0,mg
617,Ananas konserv. m. sockerlag,Vitamin D inkl 25-OH-D3,Frukt o bär konserverade,0.0,µg
617,Ananas konserv. m. sockerlag,Vitamin D,Frukt o bär konserverade,0.0,µg
617,Ananas konserv. m. sockerlag,Vitamin C,Frukt o bär konserverade,7.0,mg
617,Ananas konserv. m. sockerlag,Vitamin B6,Frukt o bär konserverade,0.07,mg
617,Ananas konserv. m. sockerlag,Vitamin B12,Frukt o bär konserverade,0.0,µg
617,Ananas konserv. m. sockerlag,Vitamin A,Frukt o bär konserverade,0.5,RE/µg
617,Ananas konserv. m. sockerlag,Vatten,Frukt o bär konserverade,78.0,g
617,Ananas konserv. m. sockerlag,Tiamin,Frukt o bär konserverade,0.09,mg
617,Ananas konserv. m. sockerlag,Tillsatt socker,Frukt o bär konserverade,0.0,g
617,Ananas konserv. m. sockerlag,Fritt socker,Frukt o bär konserverade,10.0,g
617,Ananas konserv. m. sockerlag,"Selen, Se",Frukt o bär konserverade,0.2,µg
617,Ananas konserv. m. sockerlag,Sackaros,Frukt o bär konserverade,16.3,g
617,Ananas konserv. m. sockerlag,Riboflavin,Frukt o bär konserverade,0.02,mg
617,Ananas konserv. m. sockerlag,Retinol,Frukt o bär konserverade,0.0,µg
617,Ananas konserv. m. sockerlag,Protein,Frukt o bär konserverade,0.4,g
617,Ananas konserv. m. sockerlag,Summa fleromättade fettsyror,Frukt o bär konserverade,0.0,g
617,Ananas konserv. m. sockerlag,"Fosfor, P",Frukt o bär konserverade,7.0,mg
617,Ananas konserv. m. sockerlag,Niacinekvivalenter,Frukt o bär konserverade,0.37,NE/mg
617,Ananas konserv. m. sockerlag,Niacin,Frukt o bär konserverade,0.3,mg
617,Ananas konserv. m. sockerlag,"Salt, NaCl",Frukt o bär konserverade,0.0,g
617,Ananas konserv. m. sockerlag,"Natrium, Na",Frukt o bär konserverade,1.0,mg
617,Ananas konserv. m. sockerlag,Monosackarider,Frukt o bär konserverade,3.7,g
617,Ananas konserv. m. sockerlag,"Sockerarter, totalt",Frukt o bär konserverade,20.0,g
617,Ananas konserv. m. sockerlag,Summa enkelomättade fettsyror,Frukt o bär konserverade,0.0,g
617,Ananas konserv. m. sockerlag,"Magnesium, Mg",Frukt o bär konserverade,17.0,mg
617,Ananas konserv. m. sockerlag,Summa mättade fettsyror,Frukt o bär konserverade,0.0,g
617,Ananas konserv. m. sockerlag,"Kolhydrater, tillgängliga",Frukt o bär konserverade,20.2,g
617,Ananas konserv. m. sockerlag,Kolesterol,Frukt o bär konserverade,0.0,mg
617,Ananas konserv. m. sockerlag,"Kalium, K",Frukt o bär konserverade,104.0,mg
617,Ananas konserv. m. sockerlag,"Jod, I",Frukt o bär konserverade,1.0,µg
617,Ananas konserv. m. sockerlag,Fullkorn totalt,Frukt o bär konserverade,0.0,g
617,Ananas konserv. m. sockerlag,"Folat, totalt",Frukt o bär konserverade,5.0,µg
617,Ananas konserv. m. sockerlag,Fibrer,Frukt o bär konserverade,1.0,g
617,Ananas konserv. m. sockerlag,"Fett, totalt",Frukt o bär konserverade,0.1,g
617,Ananas konserv. m. sockerlag,"Järn, Fe",Frukt o bär konserverade,0.3,mg
617,Ananas konserv. m. sockerlag,Energi (kJ),Frukt o bär konserverade,362.0,kJ
617,Ananas konserv. m. sockerlag,Energi (kcal),Frukt o bär konserverade,86.0,kcal
617,Ananas konserv. m. sockerlag,Disackarider,Frukt o bär konserverade,16.3,g
617,Ananas konserv. m. sockerlag,"Kalcium, Ca",Frukt o bär konserverade,14.0,mg
617,Ananas konserv. m. sockerlag,Fettsyra 4:0-10:0,Frukt o bär konserverade,0.0,g
617,Ananas konserv. m. sockerlag,DHA (C22:6),Frukt o bär konserverade,0.0,g
617,Ananas konserv. m. sockerlag,DPA (C22:5),Frukt o bär konserverade,0.0,g
617,Ananas konserv. m. sockerlag,EPA (C20:5),Frukt o bär konserverade,0.0,g
617,Ananas konserv. m. sockerlag,Arakidonsyra C20:4,Frukt o bär konserverade,0.0,g
617,Ananas konserv. m. sockerlag,Arakidinsyra C20:0,Frukt o bär konserverade,0.0,g
617,Ananas konserv. m. sockerlag,Linolensyra C18:3,Frukt o bär konserverade,0.0,g
617,Ananas konserv. m. sockerlag,Linolsyra C18:2,Frukt o bär konserverade,0.0,g
617,Ananas konserv. m. sockerlag,Oljesyra C18:1,Frukt o bär konserverade,0.0,g
617,Ananas konserv. m. sockerlag,Stearinsyra C18:0,Frukt o bär konserverade,0.0,g
617,Ananas konserv. m. sockerlag,Palmitoljesyra C16:1,Frukt o bär konserverade,0.0,g
617,Ananas konserv. m. sockerlag,Palmitinsyra C16:0,Frukt o bär konserverade,0.0,g
617,Ananas konserv. m. sockerlag,Myristinsyra C14:0,Frukt o bär konserverade,0.0,g
617,Ananas konserv. m. sockerlag,Laurinsyra C12:0,Frukt o bär konserverade,0.0,g
617,Ananas konserv. m. sockerlag,Betakaroten/β-Karoten,Frukt o bär konserverade,6.0,µg
617,Ananas konserv. m. sockerlag,Avfall (skal etc.),Frukt o bär konserverade,0.0,%
617,Ananas konserv. m. sockerlag,Aska,Frukt o bär konserverade,0.3,g
617,Ananas konserv. m. sockerlag,Alkohol,Frukt o bär konserverade,0.0,g
618,Aprikos konserv. m. juice,"Zink, Zn",Frukt o bär konserverade,0.1,mg
618,Aprikos konserv. m. juice,Vitamin E,Frukt o bär konserverade,2.0,mg
618,Aprikos konserv. m. juice,Vitamin D inkl 25-OH-D3,Frukt o bär konserverade,0.0,µg
618,Aprikos konserv. m. juice,Vitamin D,Frukt o bär konserverade,0.0,µg
618,Aprikos konserv. m. juice,Vitamin C,Frukt o bär konserverade,5.0,mg
618,Aprikos konserv. m. juice,Vitamin B6,Frukt o bär konserverade,0.05,mg
618,Aprikos konserv. m. juice,Vitamin B12,Frukt o bär konserverade,0.0,µg
618,Aprikos konserv. m. juice,Vitamin A,Frukt o bär konserverade,46.7,RE/µg
618,Aprikos konserv. m. juice,Vatten,Frukt o bär konserverade,86.0,g
618,Aprikos konserv. m. juice,Tiamin,Frukt o bär konserverade,0.02,mg
618,Aprikos konserv. m. juice,Tillsatt socker,Frukt o bär konserverade,0.0,g
618,Aprikos konserv. m. juice,Fritt socker,Frukt o bär konserverade,5.0,g
618,Aprikos konserv. m. juice,"Selen, Se",Frukt o bär konserverade,0.2,µg
618,Aprikos konserv. m. juice,Sackaros,Frukt o bär konserverade,5.8,g
618,Aprikos konserv. m. juice,Riboflavin,Frukt o bär konserverade,0.02,mg
618,Aprikos konserv. m. juice,Retinol,Frukt o bär konserverade,0.0,µg
618,Aprikos konserv. m. juice,Protein,Frukt o bär konserverade,0.6,g
618,Aprikos konserv. m. juice,Summa fleromättade fettsyror,Frukt o bär konserverade,0.0,g
618,Aprikos konserv. m. juice,"Fosfor, P",Frukt o bär konserverade,20.0,mg
618,Aprikos konserv. m. juice,Niacinekvivalenter,Frukt o bär konserverade,0.4,NE/mg
618,Aprikos konserv. m. juice,Niacin,Frukt o bär konserverade,0.3,mg
618,Aprikos konserv. m. juice,"Salt, NaCl",Frukt o bär konserverade,0.0,g
618,Aprikos konserv. m. juice,"Natrium, Na",Frukt o bär konserverade,4.0,mg
618,Aprikos konserv. m. juice,Monosackarider,Frukt o bär konserverade,2.5,g
618,Aprikos konserv. m. juice,"Sockerarter, totalt",Frukt o bär konserverade,8.3,g
618,Aprikos konserv. m. juice,Summa enkelomättade fettsyror,Frukt o bär konserverade,0.0,g
618,Aprikos konserv. m. juice,"Magnesium, Mg",Frukt o bär konserverade,10.0,mg
618,Aprikos konserv. m. juice,Summa mättade fettsyror,Frukt o bär konserverade,0.0,g
618,Aprikos konserv. m. juice,"Kolhydrater, tillgängliga",Frukt o bär konserverade,11.4,g
618,Aprikos konserv. m. juice,Kolesterol,Frukt o bär konserverade,0.0,mg
618,Aprikos konserv. m. juice,"Kalium, K",Frukt o bär konserverade,165.0,mg
618,Aprikos konserv. m. juice,"Jod, I",Frukt o bär konserverade,0.5,µg
618,Aprikos konserv. m. juice,Fullkorn totalt,Frukt o bär konserverade,0.0,g
618,Aprikos konserv. m. juice,"Folat, totalt",Frukt o bär konserverade,2.0,µg
618,Aprikos konserv. m. juice,Fibrer,Frukt o bär konserverade,1.6,g
618,Aprikos konserv. m. juice,"Fett, totalt",Frukt o bär konserverade,0.0,g
618,Aprikos konserv. m. juice,"Järn, Fe",Frukt o bär konserverade,0.3,mg
618,Aprikos konserv. m. juice,Energi (kJ),Frukt o bär konserverade,217.0,kJ
618,Aprikos konserv. m. juice,Energi (kcal),Frukt o bär konserverade,52.0,kcal
618,Aprikos konserv. m. juice,Disackarider,Frukt o bär konserverade,5.8,g
618,Aprikos konserv. m. juice,"Kalcium, Ca",Frukt o bär konserverade,12.0,mg
618,Aprikos konserv. m. juice,Fettsyra 4:0-10:0,Frukt o bär konserverade,0.0,g
618,Aprikos konserv. m. juice,DHA (C22:6),Frukt o bär konserverade,0.0,g
618,Aprikos konserv. m. juice,DPA (C22:5),Frukt o bär konserverade,0.0,g
618,Aprikos konserv. m. juice,EPA (C20:5),Frukt o bär konserverade,0.0,g
618,Aprikos konserv. m. juice,Arakidonsyra C20:4,Frukt o bär konserverade,0.0,g
618,Aprikos konserv. m. juice,Arakidinsyra C20:0,Frukt o bär konserverade,0.0,g
618,Aprikos konserv. m. juice,Linolensyra C18:3,Frukt o bär konserverade,0.0,g
618,Aprikos konserv. m. juice,Linolsyra C18:2,Frukt o bär konserverade,0.0,g
618,Aprikos konserv. m. juice,Oljesyra C18:1,Frukt o bär konserverade,0.0,g
618,Aprikos konserv. m. juice,Stearinsyra C18:0,Frukt o bär konserverade,0.0,g
618,Aprikos konserv. m. juice,Palmitoljesyra C16:1,Frukt o bär konserverade,0.0,g
618,Aprikos konserv. m. juice,Palmitinsyra C16:0,Frukt o bär konserverade,0.0,g
618,Aprikos konserv. m. juice,Myristinsyra C14:0,Frukt o bär konserverade,0.0,g
618,Aprikos konserv. m. juice,Laurinsyra C12:0,Frukt o bär konserverade,0.0,g
618,Aprikos konserv. m. juice,Betakaroten/β-Karoten,Frukt o bär konserverade,560.0,µg
618,Aprikos konserv. m. juice,Avfall (skal etc.),Frukt o bär konserverade,0.0,%
618,Aprikos konserv. m. juice,Aska,Frukt o bär konserverade,0.4,g
618,Aprikos konserv. m. juice,Alkohol,Frukt o bär konserverade,0.0,g
619,Aprikos konserv. m. sockerlag,"Zink, Zn",Frukt o bär konserverade,0.3,mg
619,Aprikos konserv. m. sockerlag,Vitamin E,Frukt o bär konserverade,0.9,mg
619,Aprikos konserv. m. sockerlag,Vitamin D inkl 25-OH-D3,Frukt o bär konserverade,0.0,µg
619,Aprikos konserv. m. sockerlag,Vitamin D,Frukt o bär konserverade,0.0,µg
619,Aprikos konserv. m. sockerlag,Vitamin C,Frukt o bär konserverade,3.0,mg
619,Aprikos konserv. m. sockerlag,Vitamin B6,Frukt o bär konserverade,0.05,mg
619,Aprikos konserv. m. sockerlag,Vitamin B12,Frukt o bär konserverade,0.0,µg
619,Aprikos konserv. m. sockerlag,Vitamin A,Frukt o bär konserverade,61.7,RE/µg
619,Aprikos konserv. m. sockerlag,Vatten,Frukt o bär konserverade,70.0,g
619,Aprikos konserv. m. sockerlag,Tiamin,Frukt o bär konserverade,0.02,mg
619,Aprikos konserv. m. sockerlag,Tillsatt socker,Frukt o bär konserverade,11.0,g
619,Aprikos konserv. m. sockerlag,Fritt socker,Frukt o bär konserverade,11.0,g
619,Aprikos konserv. m. sockerlag,"Selen, Se",Frukt o bär konserverade,0.2,µg
619,Aprikos konserv. m. sockerlag,Sackaros,Frukt o bär konserverade,16.0,g
619,Aprikos konserv. m. sockerlag,Riboflavin,Frukt o bär konserverade,0.02,mg
619,Aprikos konserv. m. sockerlag,Retinol,Frukt o bär konserverade,0.0,µg
619,Aprikos konserv. m. sockerlag,Protein,Frukt o bär konserverade,0.5,g
619,Aprikos konserv. m. sockerlag,Summa fleromättade fettsyror,Frukt o bär konserverade,0.0,g
619,Aprikos konserv. m. sockerlag,"Fosfor, P",Frukt o bär konserverade,12.0,mg
619,Aprikos konserv. m. sockerlag,Niacinekvivalenter,Frukt o bär konserverade,0.46,NE/mg
619,Aprikos konserv. m. sockerlag,Niacin,Frukt o bär konserverade,0.38,mg
619,Aprikos konserv. m. sockerlag,"Salt, NaCl",Frukt o bär konserverade,0.0,g
619,Aprikos konserv. m. sockerlag,"Natrium, Na",Frukt o bär konserverade,4.0,mg
619,Aprikos konserv. m. sockerlag,Monosackarider,Frukt o bär konserverade,2.5,g
619,Aprikos konserv. m. sockerlag,"Sockerarter, totalt",Frukt o bär konserverade,18.5,g
619,Aprikos konserv. m. sockerlag,Summa enkelomättade fettsyror,Frukt o bär konserverade,0.0,g
619,Aprikos konserv. m. sockerlag,"Magnesium, Mg",Frukt o bär konserverade,9.0,mg
619,Aprikos konserv. m. sockerlag,Summa mättade fettsyror,Frukt o bär konserverade,0.0,g
619,Aprikos konserv. m. sockerlag,"Kolhydrater, tillgängliga",Frukt o bär konserverade,27.7,g
619,Aprikos konserv. m. sockerlag,Kolesterol,Frukt o bär konserverade,0.0,mg
619,Aprikos konserv. m. sockerlag,"Kalium, K",Frukt o bär konserverade,140.0,mg
619,Aprikos konserv. m. sockerlag,"Jod, I",Frukt o bär konserverade,0.3,µg
619,Aprikos konserv. m. sockerlag,Fullkorn totalt,Frukt o bär konserverade,0.0,g
619,Aprikos konserv. m. sockerlag,"Folat, totalt",Frukt o bär konserverade,1.7,µg
619,Aprikos konserv. m. sockerlag,Fibrer,Frukt o bär konserverade,1.3,g
619,Aprikos konserv. m. sockerlag,"Fett, totalt",Frukt o bär konserverade,0.1,g
619,Aprikos konserv. m. sockerlag,"Järn, Fe",Frukt o bär konserverade,0.4,mg
619,Aprikos konserv. m. sockerlag,Energi (kJ),Frukt o bär konserverade,494.0,kJ
619,Aprikos konserv. m. sockerlag,Energi (kcal),Frukt o bär konserverade,118.0,kcal
619,Aprikos konserv. m. sockerlag,Disackarider,Frukt o bär konserverade,16.0,g
619,Aprikos konserv. m. sockerlag,"Kalcium, Ca",Frukt o bär konserverade,9.0,mg
619,Aprikos konserv. m. sockerlag,Fettsyra 4:0-10:0,Frukt o bär konserverade,0.0,g
619,Aprikos konserv. m. sockerlag,DHA (C22:6),Frukt o bär konserverade,0.0,g
619,Aprikos konserv. m. sockerlag,DPA (C22:5),Frukt o bär konserverade,0.0,g
619,Aprikos konserv. m. sockerlag,EPA (C20:5),Frukt o bär konserverade,0.0,g
619,Aprikos konserv. m. sockerlag,Arakidonsyra C20:4,Frukt o bär konserverade,0.0,g
619,Aprikos konserv. m. sockerlag,Arakidinsyra C20:0,Frukt o bär konserverade,0.0,g
619,Aprikos konserv. m. sockerlag,Linolensyra C18:3,Frukt o bär konserverade,0.0,g
619,Aprikos konserv. m. sockerlag,Linolsyra C18:2,Frukt o bär konserverade,0.0,g
619,Aprikos konserv. m. sockerlag,Oljesyra C18:1,Frukt o bär konserverade,0.0,g
619,Aprikos konserv. m. sockerlag,Stearinsyra C18:0,Frukt o bär konserverade,0.0,g
619,Aprikos konserv. m. sockerlag,Palmitoljesyra C16:1,Frukt o bär konserverade,0.0,g
619,Aprikos konserv. m. sockerlag,Palmitinsyra C16:0,Frukt o bär konserverade,0.0,g
619,Aprikos konserv. m. sockerlag,Myristinsyra C14:0,Frukt o bär konserverade,0.0,g
619,Aprikos konserv. m. sockerlag,Laurinsyra C12:0,Frukt o bär konserverade,0.0,g
619,Aprikos konserv. m. sockerlag,Betakaroten/β-Karoten,Frukt o bär konserverade,740.0,µg
619,Aprikos konserv. m. sockerlag,Avfall (skal etc.),Frukt o bär konserverade,0.0,%
619,Aprikos konserv. m. sockerlag,Aska,Frukt o bär konserverade,0.4,g
619,Aprikos konserv. m. sockerlag,Alkohol,Frukt o bär konserverade,0.0,g
624,Körsbär surkörsbär konserv. m. sockerlag,"Zink, Zn",Frukt o bär konserverade,0.1,mg
624,Körsbär surkörsbär konserv. m. sockerlag,Vitamin E,Frukt o bär konserverade,0.0,mg
624,Körsbär surkörsbär konserv. m. sockerlag,Vitamin D inkl 25-OH-D3,Frukt o bär konserverade,0.0,µg
624,Körsbär surkörsbär konserv. m. sockerlag,Vitamin D,Frukt o bär konserverade,0.0,µg
624,Körsbär surkörsbär konserv. m. sockerlag,Vitamin C,Frukt o bär konserverade,2.0,mg
624,Körsbär surkörsbär konserv. m. sockerlag,Vitamin B6,Frukt o bär konserverade,0.04,mg
624,Körsbär surkörsbär konserv. m. sockerlag,Vitamin B12,Frukt o bär konserverade,0.0,µg
624,Körsbär surkörsbär konserv. m. sockerlag,Vitamin A,Frukt o bär konserverade,35.5,RE/µg
624,Körsbär surkörsbär konserv. m. sockerlag,Vatten,Frukt o bär konserverade,76.0,g
624,Körsbär surkörsbär konserv. m. sockerlag,Tiamin,Frukt o bär konserverade,0.02,mg
624,Körsbär surkörsbär konserv. m. sockerlag,Tillsatt socker,Frukt o bär konserverade,8.0,g
624,Körsbär surkörsbär konserv. m. sockerlag,Fritt socker,Frukt o bär konserverade,8.0,g
624,Körsbär surkörsbär konserv. m. sockerlag,"Selen, Se",Frukt o bär konserverade,0.0,µg
624,Körsbär surkörsbär konserv. m. sockerlag,Sackaros,Frukt o bär konserverade,16.5,g
624,Körsbär surkörsbär konserv. m. sockerlag,Riboflavin,Frukt o bär konserverade,0.04,mg
624,Körsbär surkörsbär konserv. m. sockerlag,Retinol,Frukt o bär konserverade,0.0,µg
624,Körsbär surkörsbär konserv. m. sockerlag,Protein,Frukt o bär konserverade,0.7,g
624,Körsbär surkörsbär konserv. m. sockerlag,Summa fleromättade fettsyror,Frukt o bär konserverade,0.0,g
624,Körsbär surkörsbär konserv. m. sockerlag,"Fosfor, P",Frukt o bär konserverade,10.0,mg
624,Körsbär surkörsbär konserv. m. sockerlag,Niacinekvivalenter,Frukt o bär konserverade,0.32,NE/mg
624,Körsbär surkörsbär konserv. m. sockerlag,Niacin,Frukt o bär konserverade,0.2,mg
624,Körsbär surkörsbär konserv. m. sockerlag,"Salt, NaCl",Frukt o bär konserverade,0.0,g
624,Körsbär surkörsbär konserv. m. sockerlag,"Natrium, Na",Frukt o bär konserverade,7.0,mg
624,Körsbär surkörsbär konserv. m. sockerlag,Monosackarider,Frukt o bär konserverade,3.7,g
624,Körsbär surkörsbär konserv. m. sockerlag,"Sockerarter, totalt",Frukt o bär konserverade,20.2,g
624,Körsbär surkörsbär konserv. m. sockerlag,Summa enkelomättade fettsyror,Frukt o bär konserverade,0.0,g
624,Körsbär surkörsbär konserv. m. sockerlag,"Magnesium, Mg",Frukt o bär konserverade,6.0,mg
624,Körsbär surkörsbär konserv. m. sockerlag,Summa mättade fettsyror,Frukt o bär konserverade,0.0,g
624,Körsbär surkörsbär konserv. m. sockerlag,"Kolhydrater, tillgängliga",Frukt o bär konserverade,21.5,g
624,Körsbär surkörsbär konserv. m. sockerlag,Kolesterol,Frukt o bär konserverade,0.0,mg
624,Körsbär surkörsbär konserv. m. sockerlag,"Kalium, K",Frukt o bär konserverade,93.0,mg
624,Körsbär surkörsbär konserv. m. sockerlag,"Jod, I",Frukt o bär konserverade,0.2,µg
624,Körsbär surkörsbär konserv. m. sockerlag,Fullkorn totalt,Frukt o bär konserverade,0.0,g
624,Körsbär surkörsbär konserv. m. sockerlag,"Folat, totalt",Frukt o bär konserverade,7.7,µg
624,Körsbär surkörsbär konserv. m. sockerlag,Fibrer,Frukt o bär konserverade,1.5,g
624,Körsbär surkörsbär konserv. m. sockerlag,"Fett, totalt",Frukt o bär konserverade,0.1,g
624,Körsbär surkörsbär konserv. m. sockerlag,"Järn, Fe",Frukt o bär konserverade,1.3,mg
624,Körsbär surkörsbär konserv. m. sockerlag,Energi (kJ),Frukt o bär konserverade,393.0,kJ
624,Körsbär surkörsbär konserv. m. sockerlag,Energi (kcal),Frukt o bär konserverade,94.0,kcal
624,Körsbär surkörsbär konserv. m. sockerlag,Disackarider,Frukt o bär konserverade,16.5,g
624,Körsbär surkörsbär konserv. m. sockerlag,"Kalcium, Ca",Frukt o bär konserverade,10.0,mg
624,Körsbär surkörsbär konserv. m. sockerlag,Fettsyra 4:0-10:0,Frukt o bär konserverade,0.0,g
624,Körsbär surkörsbär konserv. m. sockerlag,DHA (C22:6),Frukt o bär konserverade,0.0,g
624,Körsbär surkörsbär konserv. m. sockerlag,DPA (C22:5),Frukt o bär konserverade,0.0,g
624,Körsbär surkörsbär konserv. m. sockerlag,EPA (C20:5),Frukt o bär konserverade,0.0,g
624,Körsbär surkörsbär konserv. m. sockerlag,Arakidonsyra C20:4,Frukt o bär konserverade,0.0,g
624,Körsbär surkörsbär konserv. m. sockerlag,Arakidinsyra C20:0,Frukt o bär konserverade,0.0,g
624,Körsbär surkörsbär konserv. m. sockerlag,Linolensyra C18:3,Frukt o bär konserverade,0.0,g
624,Körsbär surkörsbär konserv. m. sockerlag,Linolsyra C18:2,Frukt o bär konserverade,0.0,g
624,Körsbär surkörsbär konserv. m. sockerlag,Oljesyra C18:1,Frukt o bär konserverade,0.0,g
624,Körsbär surkörsbär konserv. m. sockerlag,Stearinsyra C18:0,Frukt o bär konserverade,0.0,g
624,Körsbär surkörsbär konserv. m. sockerlag,Palmitoljesyra C16:1,Frukt o bär konserverade,0.0,g
624,Körsbär surkörsbär konserv. m. sockerlag,Palmitinsyra C16:0,Frukt o bär konserverade,0.0,g
624,Körsbär surkörsbär konserv. m. sockerlag,Myristinsyra C14:0,Frukt o bär konserverade,0.0,g
624,Körsbär surkörsbär konserv. m. sockerlag,Laurinsyra C12:0,Frukt o bär konserverade,0.0,g
624,Körsbär surkörsbär konserv. m. sockerlag,Betakaroten/β-Karoten,Frukt o bär konserverade,426.0,µg
624,Körsbär surkörsbär konserv. m. sockerlag,Avfall (skal etc.),Frukt o bär konserverade,8.0,%
624,Körsbär surkörsbär konserv. m. sockerlag,Aska,Frukt o bär konserverade,0.2,g
624,Körsbär surkörsbär konserv. m. sockerlag,Alkohol,Frukt o bär konserverade,0.0,g
625,Persika konserv. m. sockerlag,"Zink, Zn",Frukt o bär konserverade,0.3,mg
625,Persika konserv. m. sockerlag,Vitamin E,Frukt o bär konserverade,0.4,mg
625,Persika konserv. m. sockerlag,Vitamin D inkl 25-OH-D3,Frukt o bär konserverade,0.0,µg
625,Persika konserv. m. sockerlag,Vitamin D,Frukt o bär konserverade,0.0,µg
625,Persika konserv. m. sockerlag,Vitamin C,Frukt o bär konserverade,3.0,mg
625,Persika konserv. m. sockerlag,Vitamin B6,Frukt o bär konserverade,0.02,mg
625,Persika konserv. m. sockerlag,Vitamin B12,Frukt o bär konserverade,0.0,µg
625,Persika konserv. m. sockerlag,Vitamin A,Frukt o bär konserverade,8.3,RE/µg
625,Persika konserv. m. sockerlag,Vatten,Frukt o bär konserverade,79.0,g
625,Persika konserv. m. sockerlag,Tiamin,Frukt o bär konserverade,0.01,mg
625,Persika konserv. m. sockerlag,Tillsatt socker,Frukt o bär konserverade,11.0,g
625,Persika konserv. m. sockerlag,Fritt socker,Frukt o bär konserverade,11.0,g
625,Persika konserv. m. sockerlag,"Selen, Se",Frukt o bär konserverade,0.3,µg
625,Persika konserv. m. sockerlag,Sackaros,Frukt o bär konserverade,7.8,g
625,Persika konserv. m. sockerlag,Riboflavin,Frukt o bär konserverade,0.02,mg
625,Persika konserv. m. sockerlag,Retinol,Frukt o bär konserverade,0.0,µg
625,Persika konserv. m. sockerlag,Protein,Frukt o bär konserverade,0.4,g
625,Persika konserv. m. sockerlag,Summa fleromättade fettsyror,Frukt o bär konserverade,0.0,g
625,Persika konserv. m. sockerlag,"Fosfor, P",Frukt o bär konserverade,11.0,mg
625,Persika konserv. m. sockerlag,Niacinekvivalenter,Frukt o bär konserverade,0.67,NE/mg
625,Persika konserv. m. sockerlag,Niacin,Frukt o bär konserverade,0.6,mg
625,Persika konserv. m. sockerlag,"Salt, NaCl",Frukt o bär konserverade,0.0,g
625,Persika konserv. m. sockerlag,"Natrium, Na",Frukt o bär konserverade,6.0,mg
625,Persika konserv. m. sockerlag,Monosackarider,Frukt o bär konserverade,7.4,g
625,Persika konserv. m. sockerlag,"Sockerarter, totalt",Frukt o bär konserverade,16.6,g
625,Persika konserv. m. sockerlag,Summa enkelomättade fettsyror,Frukt o bär konserverade,0.0,g
625,Persika konserv. m. sockerlag,"Magnesium, Mg",Frukt o bär konserverade,6.0,mg
625,Persika konserv. m. sockerlag,Summa mättade fettsyror,Frukt o bär konserverade,0.0,g
625,Persika konserv. m. sockerlag,"Kolhydrater, tillgängliga",Frukt o bär konserverade,19.5,g
625,Persika konserv. m. sockerlag,Kolesterol,Frukt o bär konserverade,0.0,mg
625,Persika konserv. m. sockerlag,"Kalium, K",Frukt o bär konserverade,92.0,mg
625,Persika konserv. m. sockerlag,"Jod, I",Frukt o bär konserverade,1.8,µg
625,Persika konserv. m. sockerlag,Fullkorn totalt,Frukt o bär konserverade,0.0,g
625,Persika konserv. m. sockerlag,"Folat, totalt",Frukt o bär konserverade,3.0,µg
625,Persika konserv. m. sockerlag,Fibrer,Frukt o bär konserverade,0.8,g
625,Persika konserv. m. sockerlag,"Fett, totalt",Frukt o bär konserverade,0.1,g
625,Persika konserv. m. sockerlag,"Järn, Fe",Frukt o bär konserverade,0.3,mg
625,Persika konserv. m. sockerlag,Energi (kJ),Frukt o bär konserverade,348.0,kJ
625,Persika konserv. m. sockerlag,Energi (kcal),Frukt o bär konserverade,83.0,kcal
625,Persika konserv. m. sockerlag,Disackarider,Frukt o bär konserverade,9.2,g
625,Persika konserv. m. sockerlag,"Kalcium, Ca",Frukt o bär konserverade,3.0,mg
625,Persika konserv. m. sockerlag,Fettsyra 4:0-10:0,Frukt o bär konserverade,0.0,g
625,Persika konserv. m. sockerlag,DHA (C22:6),Frukt o bär konserverade,0.0,g
625,Persika konserv. m. sockerlag,DPA (C22:5),Frukt o bär konserverade,0.0,g
625,Persika konserv. m. sockerlag,EPA (C20:5),Frukt o bär konserverade,0.0,g
625,Persika konserv. m. sockerlag,Arakidonsyra C20:4,Frukt o bär konserverade,0.0,g
625,Persika konserv. m. sockerlag,Arakidinsyra C20:0,Frukt o bär konserverade,0.0,g
625,Persika konserv. m. sockerlag,Linolensyra C18:3,Frukt o bär konserverade,0.0,g
625,Persika konserv. m. sockerlag,Linolsyra C18:2,Frukt o bär konserverade,0.0,g
625,Persika konserv. m. sockerlag,Oljesyra C18:1,Frukt o bär konserverade,0.0,g
625,Persika konserv. m. sockerlag,Stearinsyra C18:0,Frukt o bär konserverade,0.0,g
625,Persika konserv. m. sockerlag,Palmitoljesyra C16:1,Frukt o bär konserverade,0.0,g
625,Persika konserv. m. sockerlag,Palmitinsyra C16:0,Frukt o bär konserverade,0.0,g
625,Persika konserv. m. sockerlag,Myristinsyra C14:0,Frukt o bär konserverade,0.0,g
625,Persika konserv. m. sockerlag,Laurinsyra C12:0,Frukt o bär konserverade,0.0,g
625,Persika konserv. m. sockerlag,Betakaroten/β-Karoten,Frukt o bär konserverade,100.0,µg
625,Persika konserv. m. sockerlag,Avfall (skal etc.),Frukt o bär konserverade,0.0,%
625,Persika konserv. m. sockerlag,Aska,Frukt o bär konserverade,0.2,g
625,Persika konserv. m. sockerlag,Alkohol,Frukt o bär konserverade,0.0,g
626,Plommon konserv. m. sockerlag,"Zink, Zn",Frukt o bär konserverade,0.1,mg
626,Plommon konserv. m. sockerlag,Vitamin E,Frukt o bär konserverade,0.4,mg
626,Plommon konserv. m. sockerlag,Vitamin D inkl 25-OH-D3,Frukt o bär konserverade,0.0,µg
626,Plommon konserv. m. sockerlag,Vitamin D,Frukt o bär konserverade,0.0,µg
626,Plommon konserv. m. sockerlag,Vitamin C,Frukt o bär konserverade,5.0,mg
626,Plommon konserv. m. sockerlag,Vitamin B6,Frukt o bär konserverade,0.03,mg
626,Plommon konserv. m. sockerlag,Vitamin B12,Frukt o bär konserverade,0.0,µg
626,Plommon konserv. m. sockerlag,Vitamin A,Frukt o bär konserverade,13.0,RE/µg
626,Plommon konserv. m. sockerlag,Vatten,Frukt o bär konserverade,76.0,g
626,Plommon konserv. m. sockerlag,Tiamin,Frukt o bär konserverade,0.02,mg
626,Plommon konserv. m. sockerlag,Tillsatt socker,Frukt o bär konserverade,14.0,g
626,Plommon konserv. m. sockerlag,Fritt socker,Frukt o bär konserverade,14.0,g
626,Plommon konserv. m. sockerlag,"Selen, Se",Frukt o bär konserverade,0.1,µg
626,Plommon konserv. m. sockerlag,Sackaros,Frukt o bär konserverade,9.2,g
626,Plommon konserv. m. sockerlag,Riboflavin,Frukt o bär konserverade,0.04,mg
626,Plommon konserv. m. sockerlag,Retinol,Frukt o bär konserverade,0.0,µg
626,Plommon konserv. m. sockerlag,Protein,Frukt o bär konserverade,0.4,g
626,Plommon konserv. m. sockerlag,Summa fleromättade fettsyror,Frukt o bär konserverade,0.1,g
626,Plommon konserv. m. sockerlag,"Fosfor, P",Frukt o bär konserverade,13.0,mg
626,Plommon konserv. m. sockerlag,Niacinekvivalenter,Frukt o bär konserverade,0.37,NE/mg
626,Plommon konserv. m. sockerlag,Niacin,Frukt o bär konserverade,0.3,mg
626,Plommon konserv. m. sockerlag,"Salt, NaCl",Frukt o bär konserverade,0.0,g
626,Plommon konserv. m. sockerlag,"Natrium, Na",Frukt o bär konserverade,19.0,mg
626,Plommon konserv. m. sockerlag,Monosackarider,Frukt o bär konserverade,8.5,g
626,Plommon konserv. m. sockerlag,"Sockerarter, totalt",Frukt o bär konserverade,19.1,g
626,Plommon konserv. m. sockerlag,Summa enkelomättade fettsyror,Frukt o bär konserverade,0.0,g
626,Plommon konserv. m. sockerlag,"Magnesium, Mg",Frukt o bär konserverade,5.0,mg
626,Plommon konserv. m. sockerlag,Summa mättade fettsyror,Frukt o bär konserverade,0.0,g
626,Plommon konserv. m. sockerlag,"Kolhydrater, tillgängliga",Frukt o bär konserverade,21.8,g
626,Plommon konserv. m. sockerlag,Kolesterol,Frukt o bär konserverade,0.0,mg
626,Plommon konserv. m. sockerlag,"Kalium, K",Frukt o bär konserverade,91.0,mg
626,Plommon konserv. m. sockerlag,"Jod, I",Frukt o bär konserverade,0.4,µg
626,Plommon konserv. m. sockerlag,Fullkorn totalt,Frukt o bär konserverade,0.0,g
626,Plommon konserv. m. sockerlag,"Folat, totalt",Frukt o bär konserverade,2.0,µg
626,Plommon konserv. m. sockerlag,Fibrer,Frukt o bär konserverade,1.5,g
626,Plommon konserv. m. sockerlag,"Fett, totalt",Frukt o bär konserverade,0.1,g
626,Plommon konserv. m. sockerlag,"Järn, Fe",Frukt o bär konserverade,0.8,mg
626,Plommon konserv. m. sockerlag,Energi (kJ),Frukt o bär konserverade,393.0,kJ
626,Plommon konserv. m. sockerlag,Energi (kcal),Frukt o bär konserverade,94.0,kcal
626,Plommon konserv. m. sockerlag,Disackarider,Frukt o bär konserverade,10.6,g
626,Plommon konserv. m. sockerlag,"Kalcium, Ca",Frukt o bär konserverade,9.0,mg
626,Plommon konserv. m. sockerlag,Fettsyra 4:0-10:0,Frukt o bär konserverade,0.0,g
626,Plommon konserv. m. sockerlag,DHA (C22:6),Frukt o bär konserverade,0.0,g
626,Plommon konserv. m. sockerlag,DPA (C22:5),Frukt o bär konserverade,0.0,g
626,Plommon konserv. m. sockerlag,EPA (C20:5),Frukt o bär konserverade,0.0,g
626,Plommon konserv. m. sockerlag,Arakidonsyra C20:4,Frukt o bär konserverade,0.0,g
626,Plommon konserv. m. sockerlag,Arakidinsyra C20:0,Frukt o bär konserverade,0.0,g
626,Plommon konserv. m. sockerlag,Linolensyra C18:3,Frukt o bär konserverade,0.0,g
626,Plommon konserv. m. sockerlag,Linolsyra C18:2,Frukt o bär konserverade,0.0,g
626,Plommon konserv. m. sockerlag,Oljesyra C18:1,Frukt o bär konserverade,0.0,g
626,Plommon konserv. m. sockerlag,Stearinsyra C18:0,Frukt o bär konserverade,0.0,g
626,Plommon konserv. m. sockerlag,Palmitoljesyra C16:1,Frukt o bär konserverade,0.0,g
626,Plommon konserv. m. sockerlag,Palmitinsyra C16:0,Frukt o bär konserverade,0.0,g
626,Plommon konserv. m. sockerlag,Myristinsyra C14:0,Frukt o bär konserverade,0.0,g
626,Plommon konserv. m. sockerlag,Laurinsyra C12:0,Frukt o bär konserverade,0.0,g
626,Plommon konserv. m. sockerlag,Betakaroten/β-Karoten,Frukt o bär konserverade,156.0,µg
626,Plommon konserv. m. sockerlag,Avfall (skal etc.),Frukt o bär konserverade,5.0,%
626,Plommon konserv. m. sockerlag,Aska,Frukt o bär konserverade,0.2,g
626,Plommon konserv. m. sockerlag,Alkohol,Frukt o bär konserverade,0.0,g
627,Päron konserv. m. lättsockrad lag,"Zink, Zn",Frukt o bär konserverade,0.1,mg
627,Päron konserv. m. lättsockrad lag,Vitamin E,Frukt o bär konserverade,0.2,mg
627,Päron konserv. m. lättsockrad lag,Vitamin D inkl 25-OH-D3,Frukt o bär konserverade,0.0,µg
627,Päron konserv. m. lättsockrad lag,Vitamin D,Frukt o bär konserverade,0.0,µg
627,Päron konserv. m. lättsockrad lag,Vitamin C,Frukt o bär konserverade,1.0,mg
627,Päron konserv. m. lättsockrad lag,Vitamin B6,Frukt o bär konserverade,0.01,mg
627,Päron konserv. m. lättsockrad lag,Vitamin B12,Frukt o bär konserverade,0.0,µg
627,Päron konserv. m. lättsockrad lag,Vitamin A,Frukt o bär konserverade,0.0,RE/µg
627,Päron konserv. m. lättsockrad lag,Vatten,Frukt o bär konserverade,84.0,g
627,Päron konserv. m. lättsockrad lag,Tiamin,Frukt o bär konserverade,0.01,mg
627,Päron konserv. m. lättsockrad lag,Tillsatt socker,Frukt o bär konserverade,5.0,g
627,Päron konserv. m. lättsockrad lag,Fritt socker,Frukt o bär konserverade,5.0,g
627,Päron konserv. m. lättsockrad lag,"Selen, Se",Frukt o bär konserverade,0.2,µg
627,Päron konserv. m. lättsockrad lag,Sackaros,Frukt o bär konserverade,3.0,g
627,Päron konserv. m. lättsockrad lag,Riboflavin,Frukt o bär konserverade,0.02,mg
627,Päron konserv. m. lättsockrad lag,Retinol,Frukt o bär konserverade,0.0,µg
627,Päron konserv. m. lättsockrad lag,Protein,Frukt o bär konserverade,0.2,g
627,Päron konserv. m. lättsockrad lag,Summa fleromättade fettsyror,Frukt o bär konserverade,0.0,g
627,Päron konserv. m. lättsockrad lag,"Fosfor, P",Frukt o bär konserverade,7.0,mg
627,Päron konserv. m. lättsockrad lag,Niacinekvivalenter,Frukt o bär konserverade,0.23,NE/mg
627,Päron konserv. m. lättsockrad lag,Niacin,Frukt o bär konserverade,0.2,mg
627,Päron konserv. m. lättsockrad lag,"Salt, NaCl",Frukt o bär konserverade,0.0,g
627,Päron konserv. m. lättsockrad lag,"Natrium, Na",Frukt o bär konserverade,5.0,mg
627,Päron konserv. m. lättsockrad lag,Monosackarider,Frukt o bär konserverade,5.6,g
627,Päron konserv. m. lättsockrad lag,"Sockerarter, totalt",Frukt o bär konserverade,9.1,g
627,Päron konserv. m. lättsockrad lag,Summa enkelomättade fettsyror,Frukt o bär konserverade,0.0,g
627,Päron konserv. m. lättsockrad lag,"Magnesium, Mg",Frukt o bär konserverade,4.0,mg
627,Päron konserv. m. lättsockrad lag,Summa mättade fettsyror,Frukt o bär konserverade,0.0,g
627,Päron konserv. m. lättsockrad lag,"Kolhydrater, tillgängliga",Frukt o bär konserverade,13.8,g
627,Päron konserv. m. lättsockrad lag,Kolesterol,Frukt o bär konserverade,0.0,mg
627,Päron konserv. m. lättsockrad lag,"Kalium, K",Frukt o bär konserverade,66.0,mg
627,Päron konserv. m. lättsockrad lag,"Jod, I",Frukt o bär konserverade,0.0,µg
627,Päron konserv. m. lättsockrad lag,Fullkorn totalt,Frukt o bär konserverade,0.0,g
627,Päron konserv. m. lättsockrad lag,"Folat, totalt",Frukt o bär konserverade,1.0,µg
627,Päron konserv. m. lättsockrad lag,Fibrer,Frukt o bär konserverade,1.9,g
627,Päron konserv. m. lättsockrad lag,"Fett, totalt",Frukt o bär konserverade,0.0,g
627,Päron konserv. m. lättsockrad lag,"Järn, Fe",Frukt o bär konserverade,0.3,mg
627,Päron konserv. m. lättsockrad lag,Energi (kJ),Frukt o bär konserverade,253.0,kJ
627,Päron konserv. m. lättsockrad lag,Energi (kcal),Frukt o bär konserverade,60.0,kcal
627,Päron konserv. m. lättsockrad lag,Disackarider,Frukt o bär konserverade,3.5,g
627,Päron konserv. m. lättsockrad lag,"Kalcium, Ca",Frukt o bär konserverade,5.0,mg
627,Päron konserv. m. lättsockrad lag,Fettsyra 4:0-10:0,Frukt o bär konserverade,0.0,g
627,Päron konserv. m. lättsockrad lag,DHA (C22:6),Frukt o bär konserverade,0.0,g
627,Päron konserv. m. lättsockrad lag,DPA (C22:5),Frukt o bär konserverade,0.0,g
627,Päron konserv. m. lättsockrad lag,EPA (C20:5),Frukt o bär konserverade,0.0,g
627,Päron konserv. m. lättsockrad lag,Arakidonsyra C20:4,Frukt o bär konserverade,0.0,g
627,Päron konserv. m. lättsockrad lag,Arakidinsyra C20:0,Frukt o bär konserverade,0.0,g
627,Päron konserv. m. lättsockrad lag,Linolensyra C18:3,Frukt o bär konserverade,0.0,g
627,Päron konserv. m. lättsockrad lag,Linolsyra C18:2,Frukt o bär konserverade,0.0,g
627,Päron konserv. m. lättsockrad lag,Oljesyra C18:1,Frukt o bär konserverade,0.0,g
627,Päron konserv. m. lättsockrad lag,Stearinsyra C18:0,Frukt o bär konserverade,0.0,g
627,Päron konserv. m. lättsockrad lag,Palmitoljesyra C16:1,Frukt o bär konserverade,0.0,g
627,Päron konserv. m. lättsockrad lag,Palmitinsyra C16:0,Frukt o bär konserverade,0.0,g
627,Päron konserv. m. lättsockrad lag,Myristinsyra C14:0,Frukt o bär konserverade,0.0,g
627,Päron konserv. m. lättsockrad lag,Laurinsyra C12:0,Frukt o bär konserverade,0.0,g
627,Päron konserv. m. lättsockrad lag,Betakaroten/β-Karoten,Frukt o bär konserverade,0.0,µg
627,Päron konserv. m. lättsockrad lag,Avfall (skal etc.),Frukt o bär konserverade,0.0,%
627,Päron konserv. m. lättsockrad lag,Aska,Frukt o bär konserverade,0.1,g
627,Päron konserv. m. lättsockrad lag,Alkohol,Frukt o bär konserverade,0.0,g
628,Päron konserv. m. sockerlag,"Zink, Zn",Frukt o bär konserverade,0.1,mg
628,Päron konserv. m. sockerlag,Vitamin E,Frukt o bär konserverade,0.2,mg
628,Päron konserv. m. sockerlag,Vitamin D inkl 25-OH-D3,Frukt o bär konserverade,0.0,µg
628,Päron konserv. m. sockerlag,Vitamin D,Frukt o bär konserverade,0.0,µg
628,Päron konserv. m. sockerlag,Vitamin C,Frukt o bär konserverade,1.0,mg
628,Päron konserv. m. sockerlag,Vitamin B6,Frukt o bär konserverade,0.01,mg
628,Päron konserv. m. sockerlag,Vitamin B12,Frukt o bär konserverade,0.0,µg
628,Päron konserv. m. sockerlag,Vitamin A,Frukt o bär konserverade,0.0,RE/µg
628,Päron konserv. m. sockerlag,Vatten,Frukt o bär konserverade,80.0,g
628,Päron konserv. m. sockerlag,Tiamin,Frukt o bär konserverade,0.01,mg
628,Päron konserv. m. sockerlag,Tillsatt socker,Frukt o bär konserverade,10.0,g
628,Päron konserv. m. sockerlag,Fritt socker,Frukt o bär konserverade,10.0,g
628,Päron konserv. m. sockerlag,"Selen, Se",Frukt o bär konserverade,0.2,µg
628,Päron konserv. m. sockerlag,Sackaros,Frukt o bär konserverade,7.7,g
628,Päron konserv. m. sockerlag,Riboflavin,Frukt o bär konserverade,0.02,mg
628,Päron konserv. m. sockerlag,Retinol,Frukt o bär konserverade,0.0,µg
628,Päron konserv. m. sockerlag,Protein,Frukt o bär konserverade,0.2,g
628,Päron konserv. m. sockerlag,Summa fleromättade fettsyror,Frukt o bär konserverade,0.0,g
628,Päron konserv. m. sockerlag,"Fosfor, P",Frukt o bär konserverade,7.0,mg
628,Päron konserv. m. sockerlag,Niacinekvivalenter,Frukt o bär konserverade,0.23,NE/mg
628,Päron konserv. m. sockerlag,Niacin,Frukt o bär konserverade,0.2,mg
628,Päron konserv. m. sockerlag,"Salt, NaCl",Frukt o bär konserverade,0.0,g
628,Päron konserv. m. sockerlag,"Natrium, Na",Frukt o bär konserverade,5.0,mg
628,Päron konserv. m. sockerlag,Monosackarider,Frukt o bär konserverade,7.1,g
628,Päron konserv. m. sockerlag,"Sockerarter, totalt",Frukt o bär konserverade,15.9,g
628,Päron konserv. m. sockerlag,Summa enkelomättade fettsyror,Frukt o bär konserverade,0.0,g
628,Päron konserv. m. sockerlag,"Magnesium, Mg",Frukt o bär konserverade,4.0,mg
628,Päron konserv. m. sockerlag,Summa mättade fettsyror,Frukt o bär konserverade,0.0,g
628,Päron konserv. m. sockerlag,"Kolhydrater, tillgängliga",Frukt o bär konserverade,17.6,g
628,Päron konserv. m. sockerlag,Kolesterol,Frukt o bär konserverade,0.0,mg
628,Päron konserv. m. sockerlag,"Kalium, K",Frukt o bär konserverade,65.0,mg
628,Päron konserv. m. sockerlag,"Jod, I",Frukt o bär konserverade,0.9,µg
628,Päron konserv. m. sockerlag,Fullkorn totalt,Frukt o bär konserverade,0.0,g
628,Päron konserv. m. sockerlag,"Folat, totalt",Frukt o bär konserverade,1.0,µg
628,Päron konserv. m. sockerlag,Fibrer,Frukt o bär konserverade,1.9,g
628,Päron konserv. m. sockerlag,"Fett, totalt",Frukt o bär konserverade,0.1,g
628,Päron konserv. m. sockerlag,"Järn, Fe",Frukt o bär konserverade,0.1,mg
628,Päron konserv. m. sockerlag,Energi (kJ),Frukt o bär konserverade,322.0,kJ
628,Päron konserv. m. sockerlag,Energi (kcal),Frukt o bär konserverade,77.0,kcal
628,Päron konserv. m. sockerlag,Disackarider,Frukt o bär konserverade,8.8,g
628,Päron konserv. m. sockerlag,"Kalcium, Ca",Frukt o bär konserverade,5.0,mg
628,Päron konserv. m. sockerlag,Fettsyra 4:0-10:0,Frukt o bär konserverade,0.0,g
628,Päron konserv. m. sockerlag,DHA (C22:6),Frukt o bär konserverade,0.0,g
628,Päron konserv. m. sockerlag,DPA (C22:5),Frukt o bär konserverade,0.0,g
628,Päron konserv. m. sockerlag,EPA (C20:5),Frukt o bär konserverade,0.0,g
628,Päron konserv. m. sockerlag,Arakidonsyra C20:4,Frukt o bär konserverade,0.0,g
628,Päron konserv. m. sockerlag,Arakidinsyra C20:0,Frukt o bär konserverade,0.0,g
628,Päron konserv. m. sockerlag,Linolensyra C18:3,Frukt o bär konserverade,0.0,g
628,Päron konserv. m. sockerlag,Linolsyra C18:2,Frukt o bär konserverade,0.0,g
628,Päron konserv. m. sockerlag,Oljesyra C18:1,Frukt o bär konserverade,0.0,g
628,Päron konserv. m. sockerlag,Stearinsyra C18:0,Frukt o bär konserverade,0.0,g
628,Päron konserv. m. sockerlag,Palmitoljesyra C16:1,Frukt o bär konserverade,0.0,g
628,Päron konserv. m. sockerlag,Palmitinsyra C16:0,Frukt o bär konserverade,0.0,g
628,Päron konserv. m. sockerlag,Myristinsyra C14:0,Frukt o bär konserverade,0.0,g
628,Päron konserv. m. sockerlag,Laurinsyra C12:0,Frukt o bär konserverade,0.0,g
628,Päron konserv. m. sockerlag,Betakaroten/β-Karoten,Frukt o bär konserverade,0.0,µg
628,Päron konserv. m. sockerlag,Avfall (skal etc.),Frukt o bär konserverade,0.0,%
628,Päron konserv. m. sockerlag,Aska,Frukt o bär konserverade,0.2,g
628,Päron konserv. m. sockerlag,Alkohol,Frukt o bär konserverade,0.0,g
629,Äpple konserv.,"Zink, Zn",Frukt o bär konserverade,0.0,mg
629,Äpple konserv.,Vitamin E,Frukt o bär konserverade,0.1,mg
629,Äpple konserv.,Vitamin D inkl 25-OH-D3,Frukt o bär konserverade,0.0,µg
629,Äpple konserv.,Vitamin D,Frukt o bär konserverade,0.0,µg
629,Äpple konserv.,Vitamin C,Frukt o bär konserverade,0.4,mg
629,Äpple konserv.,Vitamin B6,Frukt o bär konserverade,0.03,mg
629,Äpple konserv.,Vitamin B12,Frukt o bär konserverade,0.0,µg
629,Äpple konserv.,Vitamin A,Frukt o bär konserverade,2.5,RE/µg
629,Äpple konserv.,Vatten,Frukt o bär konserverade,82.4,g
629,Äpple konserv.,Tiamin,Frukt o bär konserverade,0.09,mg
629,Äpple konserv.,Tillsatt socker,Frukt o bär konserverade,0.0,g
629,Äpple konserv.,Fritt socker,Frukt o bär konserverade,0.0,g
629,Äpple konserv.,"Selen, Se",Frukt o bär konserverade,0.0,µg
629,Äpple konserv.,Sackaros,Frukt o bär konserverade,12.0,g
629,Äpple konserv.,Riboflavin,Frukt o bär konserverade,0.01,mg
629,Äpple konserv.,Retinol,Frukt o bär konserverade,0.0,µg
629,Äpple konserv.,Protein,Frukt o bär konserverade,0.2,g
629,Äpple konserv.,Summa fleromättade fettsyror,Frukt o bär konserverade,0.2,g
629,Äpple konserv.,"Fosfor, P",Frukt o bär konserverade,5.0,mg
629,Äpple konserv.,Niacinekvivalenter,Frukt o bär konserverade,0.04,NE/mg
629,Äpple konserv.,Niacin,Frukt o bär konserverade,0.01,mg
629,Äpple konserv.,"Salt, NaCl",Frukt o bär konserverade,0.0,g
629,Äpple konserv.,"Natrium, Na",Frukt o bär konserverade,4.0,mg
629,Äpple konserv.,Monosackarider,Frukt o bär konserverade,3.0,g
629,Äpple konserv.,"Sockerarter, totalt",Frukt o bär konserverade,15.0,g
629,Äpple konserv.,Summa enkelomättade fettsyror,Frukt o bär konserverade,0.0,g
629,Äpple konserv.,"Magnesium, Mg",Frukt o bär konserverade,2.0,mg
629,Äpple konserv.,Summa mättade fettsyror,Frukt o bär konserverade,0.1,g
629,Äpple konserv.,"Kolhydrater, tillgängliga",Frukt o bär konserverade,14.9,g
629,Äpple konserv.,Kolesterol,Frukt o bär konserverade,0.0,mg
629,Äpple konserv.,"Kalium, K",Frukt o bär konserverade,112.0,mg
629,Äpple konserv.,"Jod, I",Frukt o bär konserverade,0.0,µg
629,Äpple konserv.,Fullkorn totalt,Frukt o bär konserverade,0.0,g
629,Äpple konserv.,"Folat, totalt",Frukt o bär konserverade,1.0,µg
629,Äpple konserv.,Fibrer,Frukt o bär konserverade,1.8,g
629,Äpple konserv.,"Fett, totalt",Frukt o bär konserverade,0.5,g
629,Äpple konserv.,"Järn, Fe",Frukt o bär konserverade,0.2,mg
629,Äpple konserv.,Energi (kJ),Frukt o bär konserverade,290.0,kJ
629,Äpple konserv.,Energi (kcal),Frukt o bär konserverade,69.0,kcal
629,Äpple konserv.,Disackarider,Frukt o bär konserverade,12.0,g
629,Äpple konserv.,"Kalcium, Ca",Frukt o bär konserverade,4.0,mg
629,Äpple konserv.,Fettsyra 4:0-10:0,Frukt o bär konserverade,0.0,g
629,Äpple konserv.,DHA (C22:6),Frukt o bär konserverade,0.0,g
629,Äpple konserv.,DPA (C22:5),Frukt o bär konserverade,0.0,g
629,Äpple konserv.,EPA (C20:5),Frukt o bär konserverade,0.0,g
629,Äpple konserv.,Arakidonsyra C20:4,Frukt o bär konserverade,0.0,g
629,Äpple konserv.,Arakidinsyra C20:0,Frukt o bär konserverade,0.0,g
629,Äpple konserv.,Linolensyra C18:3,Frukt o bär konserverade,0.0,g
629,Äpple konserv.,Linolsyra C18:2,Frukt o bär konserverade,0.1,g
629,Äpple konserv.,Oljesyra C18:1,Frukt o bär konserverade,0.0,g
629,Äpple konserv.,Stearinsyra C18:0,Frukt o bär konserverade,0.0,g
629,Äpple konserv.,Palmitoljesyra C16:1,Frukt o bär konserverade,0.0,g
629,Äpple konserv.,Palmitinsyra C16:0,Frukt o bär konserverade,0.1,g
629,Äpple konserv.,Myristinsyra C14:0,Frukt o bär konserverade,0.0,g
629,Äpple konserv.,Laurinsyra C12:0,Frukt o bär konserverade,0.0,g
629,Äpple konserv.,Betakaroten/β-Karoten,Frukt o bär konserverade,30.0,µg
629,Äpple konserv.,Avfall (skal etc.),Frukt o bär konserverade,0.0,%
629,Äpple konserv.,Aska,Frukt o bär konserverade,0.2,g
629,Äpple konserv.,Alkohol,Frukt o bär konserverade,0.0,g
630,Grapefrukt konserv. m. lättsockrad lag,"Zink, Zn",Frukt o bär konserverade,0.1,mg
630,Grapefrukt konserv. m. lättsockrad lag,Vitamin E,Frukt o bär konserverade,0.2,mg
630,Grapefrukt konserv. m. lättsockrad lag,Vitamin D inkl 25-OH-D3,Frukt o bär konserverade,0.0,µg
630,Grapefrukt konserv. m. lättsockrad lag,Vitamin D,Frukt o bär konserverade,0.0,µg
630,Grapefrukt konserv. m. lättsockrad lag,Vitamin C,Frukt o bär konserverade,22.0,mg
630,Grapefrukt konserv. m. lättsockrad lag,Vitamin B6,Frukt o bär konserverade,0.02,mg
630,Grapefrukt konserv. m. lättsockrad lag,Vitamin B12,Frukt o bär konserverade,0.0,µg
630,Grapefrukt konserv. m. lättsockrad lag,Vitamin A,Frukt o bär konserverade,0.0,RE/µg
630,Grapefrukt konserv. m. lättsockrad lag,Vatten,Frukt o bär konserverade,84.0,g
630,Grapefrukt konserv. m. lättsockrad lag,Tiamin,Frukt o bär konserverade,0.04,mg
630,Grapefrukt konserv. m. lättsockrad lag,Tillsatt socker,Frukt o bär konserverade,11.0,g
630,Grapefrukt konserv. m. lättsockrad lag,Fritt socker,Frukt o bär konserverade,11.0,g
630,Grapefrukt konserv. m. lättsockrad lag,"Selen, Se",Frukt o bär konserverade,0.2,µg
630,Grapefrukt konserv. m. lättsockrad lag,Sackaros,Frukt o bär konserverade,1.9,g
630,Grapefrukt konserv. m. lättsockrad lag,Riboflavin,Frukt o bär konserverade,0.02,mg
630,Grapefrukt konserv. m. lättsockrad lag,Retinol,Frukt o bär konserverade,0.0,µg
630,Grapefrukt konserv. m. lättsockrad lag,Protein,Frukt o bär konserverade,0.6,g
630,Grapefrukt konserv. m. lättsockrad lag,Summa fleromättade fettsyror,Frukt o bär konserverade,0.0,g
630,Grapefrukt konserv. m. lättsockrad lag,"Fosfor, P",Frukt o bär konserverade,10.0,mg
630,Grapefrukt konserv. m. lättsockrad lag,Niacinekvivalenter,Frukt o bär konserverade,0.3,NE/mg
630,Grapefrukt konserv. m. lättsockrad lag,Niacin,Frukt o bär konserverade,0.2,mg
630,Grapefrukt konserv. m. lättsockrad lag,"Salt, NaCl",Frukt o bär konserverade,0.0,g
630,Grapefrukt konserv. m. lättsockrad lag,"Natrium, Na",Frukt o bär konserverade,2.0,mg
630,Grapefrukt konserv. m. lättsockrad lag,Monosackarider,Frukt o bär konserverade,13.6,g
630,Grapefrukt konserv. m. lättsockrad lag,"Sockerarter, totalt",Frukt o bär konserverade,15.5,g
630,Grapefrukt konserv. m. lättsockrad lag,Summa enkelomättade fettsyror,Frukt o bär konserverade,0.0,g
630,Grapefrukt konserv. m. lättsockrad lag,"Magnesium, Mg",Frukt o bär konserverade,10.0,mg
630,Grapefrukt konserv. m. lättsockrad lag,Summa mättade fettsyror,Frukt o bär konserverade,0.0,g
630,Grapefrukt konserv. m. lättsockrad lag,"Kolhydrater, tillgängliga",Frukt o bär konserverade,14.6,g
630,Grapefrukt konserv. m. lättsockrad lag,Kolesterol,Frukt o bär konserverade,0.0,mg
630,Grapefrukt konserv. m. lättsockrad lag,"Kalium, K",Frukt o bär konserverade,129.0,mg
630,Grapefrukt konserv. m. lättsockrad lag,"Jod, I",Frukt o bär konserverade,0.0,µg
630,Grapefrukt konserv. m. lättsockrad lag,Fullkorn totalt,Frukt o bär konserverade,0.0,g
630,Grapefrukt konserv. m. lättsockrad lag,"Folat, totalt",Frukt o bär konserverade,8.0,µg
630,Grapefrukt konserv. m. lättsockrad lag,Fibrer,Frukt o bär konserverade,0.4,g
630,Grapefrukt konserv. m. lättsockrad lag,"Fett, totalt",Frukt o bär konserverade,0.1,g
630,Grapefrukt konserv. m. lättsockrad lag,"Järn, Fe",Frukt o bär konserverade,0.4,mg
630,Grapefrukt konserv. m. lättsockrad lag,Energi (kJ),Frukt o bär konserverade,265.0,kJ
630,Grapefrukt konserv. m. lättsockrad lag,Energi (kcal),Frukt o bär konserverade,63.0,kcal
630,Grapefrukt konserv. m. lättsockrad lag,Disackarider,Frukt o bär konserverade,1.9,g
630,Grapefrukt konserv. m. lättsockrad lag,"Kalcium, Ca",Frukt o bär konserverade,14.0,mg
630,Grapefrukt konserv. m. lättsockrad lag,Fettsyra 4:0-10:0,Frukt o bär konserverade,0.0,g
630,Grapefrukt konserv. m. lättsockrad lag,DHA (C22:6),Frukt o bär konserverade,0.0,g
630,Grapefrukt konserv. m. lättsockrad lag,DPA (C22:5),Frukt o bär konserverade,0.0,g
630,Grapefrukt konserv. m. lättsockrad lag,EPA (C20:5),Frukt o bär konserverade,0.0,g
630,Grapefrukt konserv. m. lättsockrad lag,Arakidonsyra C20:4,Frukt o bär konserverade,0.0,g
630,Grapefrukt konserv. m. lättsockrad lag,Arakidinsyra C20:0,Frukt o bär konserverade,0.0,g
630,Grapefrukt konserv. m. lättsockrad lag,Linolensyra C18:3,Frukt o bär konserverade,0.0,g
630,Grapefrukt konserv. m. lättsockrad lag,Linolsyra C18:2,Frukt o bär konserverade,0.0,g
630,Grapefrukt konserv. m. lättsockrad lag,Oljesyra C18:1,Frukt o bär konserverade,0.0,g
630,Grapefrukt konserv. m. lättsockrad lag,Stearinsyra C18:0,Frukt o bär konserverade,0.0,g
630,Grapefrukt konserv. m. lättsockrad lag,Palmitoljesyra C16:1,Frukt o bär konserverade,0.0,g
630,Grapefrukt konserv. m. lättsockrad lag,Palmitinsyra C16:0,Frukt o bär konserverade,0.0,g
630,Grapefrukt konserv. m. lättsockrad lag,Myristinsyra C14:0,Frukt o bär konserverade,0.0,g
630,Grapefrukt konserv. m. lättsockrad lag,Laurinsyra C12:0,Frukt o bär konserverade,0.0,g
630,Grapefrukt konserv. m. lättsockrad lag,Betakaroten/β-Karoten,Frukt o bär konserverade,0.0,µg
630,Grapefrukt konserv. m. lättsockrad lag,Avfall (skal etc.),Frukt o bär konserverade,0.0,%
630,Grapefrukt konserv. m. lättsockrad lag,Aska,Frukt o bär konserverade,0.3,g
630,Grapefrukt konserv. m. lättsockrad lag,Alkohol,Frukt o bär konserverade,0.0,g
632,Fruktcocktail konserv. m. sockerlag,"Zink, Zn",Frukt o bär konserverade,0.1,mg
632,Fruktcocktail konserv. m. sockerlag,Vitamin E,Frukt o bär konserverade,0.4,mg
632,Fruktcocktail konserv. m. sockerlag,Vitamin D inkl 25-OH-D3,Frukt o bär konserverade,0.0,µg
632,Fruktcocktail konserv. m. sockerlag,Vitamin D,Frukt o bär konserverade,0.0,µg
632,Fruktcocktail konserv. m. sockerlag,Vitamin C,Frukt o bär konserverade,2.0,mg
632,Fruktcocktail konserv. m. sockerlag,Vitamin B6,Frukt o bär konserverade,0.05,mg
632,Fruktcocktail konserv. m. sockerlag,Vitamin B12,Frukt o bär konserverade,0.0,µg
632,Fruktcocktail konserv. m. sockerlag,Vitamin A,Frukt o bär konserverade,10.0,RE/µg
632,Fruktcocktail konserv. m. sockerlag,Vatten,Frukt o bär konserverade,79.0,g
632,Fruktcocktail konserv. m. sockerlag,Tiamin,Frukt o bär konserverade,0.02,mg
632,Fruktcocktail konserv. m. sockerlag,Tillsatt socker,Frukt o bär konserverade,12.0,g
632,Fruktcocktail konserv. m. sockerlag,Fritt socker,Frukt o bär konserverade,12.0,g
632,Fruktcocktail konserv. m. sockerlag,"Selen, Se",Frukt o bär konserverade,1.0,µg
632,Fruktcocktail konserv. m. sockerlag,Sackaros,Frukt o bär konserverade,2.8,g
632,Fruktcocktail konserv. m. sockerlag,Riboflavin,Frukt o bär konserverade,0.02,mg
632,Fruktcocktail konserv. m. sockerlag,Retinol,Frukt o bär konserverade,0.0,µg
632,Fruktcocktail konserv. m. sockerlag,Protein,Frukt o bär konserverade,0.4,g
632,Fruktcocktail konserv. m. sockerlag,Summa fleromättade fettsyror,Frukt o bär konserverade,0.0,g
632,Fruktcocktail konserv. m. sockerlag,"Fosfor, P",Frukt o bär konserverade,11.0,mg
632,Fruktcocktail konserv. m. sockerlag,Niacinekvivalenter,Frukt o bär konserverade,0.47,NE/mg
632,Fruktcocktail konserv. m. sockerlag,Niacin,Frukt o bär konserverade,0.4,mg
632,Fruktcocktail konserv. m. sockerlag,"Salt, NaCl",Frukt o bär konserverade,0.0,g
632,Fruktcocktail konserv. m. sockerlag,"Natrium, Na",Frukt o bär konserverade,6.0,mg
632,Fruktcocktail konserv. m. sockerlag,Monosackarider,Frukt o bär konserverade,16.4,g
632,Fruktcocktail konserv. m. sockerlag,"Sockerarter, totalt",Frukt o bär konserverade,19.2,g
632,Fruktcocktail konserv. m. sockerlag,Summa enkelomättade fettsyror,Frukt o bär konserverade,0.0,g
632,Fruktcocktail konserv. m. sockerlag,"Magnesium, Mg",Frukt o bär konserverade,5.0,mg
632,Fruktcocktail konserv. m. sockerlag,Summa mättade fettsyror,Frukt o bär konserverade,0.0,g
632,Fruktcocktail konserv. m. sockerlag,"Kolhydrater, tillgängliga",Frukt o bär konserverade,18.9,g
632,Fruktcocktail konserv. m. sockerlag,Kolesterol,Frukt o bär konserverade,0.0,mg
632,Fruktcocktail konserv. m. sockerlag,"Kalium, K",Frukt o bär konserverade,88.0,mg
632,Fruktcocktail konserv. m. sockerlag,"Jod, I",Frukt o bär konserverade,1.0,µg
632,Fruktcocktail konserv. m. sockerlag,Fullkorn totalt,Frukt o bär konserverade,0.0,g
632,Fruktcocktail konserv. m. sockerlag,"Folat, totalt",Frukt o bär konserverade,2.5,µg
632,Fruktcocktail konserv. m. sockerlag,Fibrer,Frukt o bär konserverade,1.5,g
632,Fruktcocktail konserv. m. sockerlag,"Fett, totalt",Frukt o bär konserverade,0.0,g
632,Fruktcocktail konserv. m. sockerlag,"Järn, Fe",Frukt o bär konserverade,0.3,mg
632,Fruktcocktail konserv. m. sockerlag,Energi (kJ),Frukt o bär konserverade,340.0,kJ
632,Fruktcocktail konserv. m. sockerlag,Energi (kcal),Frukt o bär konserverade,81.0,kcal
632,Fruktcocktail konserv. m. sockerlag,Disackarider,Frukt o bär konserverade,2.8,g
632,Fruktcocktail konserv. m. sockerlag,"Kalcium, Ca",Frukt o bär konserverade,6.0,mg
632,Fruktcocktail konserv. m. sockerlag,Fettsyra 4:0-10:0,Frukt o bär konserverade,0.0,g
632,Fruktcocktail konserv. m. sockerlag,DHA (C22:6),Frukt o bär konserverade,0.0,g
632,Fruktcocktail konserv. m. sockerlag,DPA (C22:5),Frukt o bär konserverade,0.0,g
632,Fruktcocktail konserv. m. sockerlag,EPA (C20:5),Frukt o bär konserverade,0.0,g
632,Fruktcocktail konserv. m. sockerlag,Arakidonsyra C20:4,Frukt o bär konserverade,0.0,g
632,Fruktcocktail konserv. m. sockerlag,Arakidinsyra C20:0,Frukt o bär konserverade,0.0,g
632,Fruktcocktail konserv. m. sockerlag,Linolensyra C18:3,Frukt o bär konserverade,0.0,g
632,Fruktcocktail konserv. m. sockerlag,Linolsyra C18:2,Frukt o bär konserverade,0.0,g
632,Fruktcocktail konserv. m. sockerlag,Oljesyra C18:1,Frukt o bär konserverade,0.0,g
632,Fruktcocktail konserv. m. sockerlag,Stearinsyra C18:0,Frukt o bär konserverade,0.0,g
632,Fruktcocktail konserv. m. sockerlag,Palmitoljesyra C16:1,Frukt o bär konserverade,0.0,g
632,Fruktcocktail konserv. m. sockerlag,Palmitinsyra C16:0,Frukt o bär konserverade,0.0,g
632,Fruktcocktail konserv. m. sockerlag,Myristinsyra C14:0,Frukt o bär konserverade,0.0,g
632,Fruktcocktail konserv. m. sockerlag,Laurinsyra C12:0,Frukt o bär konserverade,0.0,g
632,Fruktcocktail konserv. m. sockerlag,Betakaroten/β-Karoten,Frukt o bär konserverade,120.0,µg
632,Fruktcocktail konserv. m. sockerlag,Avfall (skal etc.),Frukt o bär konserverade,0.0,%
632,Fruktcocktail konserv. m. sockerlag,Aska,Frukt o bär konserverade,0.2,g
632,Fruktcocktail konserv. m. sockerlag,Alkohol,Frukt o bär konserverade,0.0,g
633,Mandarin konserv. m. lättsockrad lag,"Zink, Zn",Frukt o bär konserverade,0.2,mg
633,Mandarin konserv. m. lättsockrad lag,Vitamin E,Frukt o bär konserverade,0.1,mg
633,Mandarin konserv. m. lättsockrad lag,Vitamin D inkl 25-OH-D3,Frukt o bär konserverade,0.0,µg
633,Mandarin konserv. m. lättsockrad lag,Vitamin D,Frukt o bär konserverade,0.0,µg
633,Mandarin konserv. m. lättsockrad lag,Vitamin C,Frukt o bär konserverade,20.0,mg
633,Mandarin konserv. m. lättsockrad lag,Vitamin B6,Frukt o bär konserverade,0.02,mg
633,Mandarin konserv. m. lättsockrad lag,Vitamin B12,Frukt o bär konserverade,0.0,µg
633,Mandarin konserv. m. lättsockrad lag,Vitamin A,Frukt o bär konserverade,41.7,RE/µg
633,Mandarin konserv. m. lättsockrad lag,Vatten,Frukt o bär konserverade,83.0,g
633,Mandarin konserv. m. lättsockrad lag,Tiamin,Frukt o bär konserverade,0.05,mg
633,Mandarin konserv. m. lättsockrad lag,Tillsatt socker,Frukt o bär konserverade,10.0,g
633,Mandarin konserv. m. lättsockrad lag,Fritt socker,Frukt o bär konserverade,10.0,g
633,Mandarin konserv. m. lättsockrad lag,"Selen, Se",Frukt o bär konserverade,0.2,µg
633,Mandarin konserv. m. lättsockrad lag,Sackaros,Frukt o bär konserverade,5.9,g
633,Mandarin konserv. m. lättsockrad lag,Riboflavin,Frukt o bär konserverade,0.04,mg
633,Mandarin konserv. m. lättsockrad lag,Retinol,Frukt o bär konserverade,0.0,µg
633,Mandarin konserv. m. lättsockrad lag,Protein,Frukt o bär konserverade,0.4,g
633,Mandarin konserv. m. lättsockrad lag,Summa fleromättade fettsyror,Frukt o bär konserverade,0.0,g
633,Mandarin konserv. m. lättsockrad lag,"Fosfor, P",Frukt o bär konserverade,10.0,mg
633,Mandarin konserv. m. lättsockrad lag,Niacinekvivalenter,Frukt o bär konserverade,0.47,NE/mg
633,Mandarin konserv. m. lättsockrad lag,Niacin,Frukt o bär konserverade,0.4,mg
633,Mandarin konserv. m. lättsockrad lag,"Salt, NaCl",Frukt o bär konserverade,0.0,g
633,Mandarin konserv. m. lättsockrad lag,"Natrium, Na",Frukt o bär konserverade,6.0,mg
633,Mandarin konserv. m. lättsockrad lag,Monosackarider,Frukt o bär konserverade,8.6,g
633,Mandarin konserv. m. lättsockrad lag,"Sockerarter, totalt",Frukt o bär konserverade,14.5,g
633,Mandarin konserv. m. lättsockrad lag,Summa enkelomättade fettsyror,Frukt o bär konserverade,0.0,g
633,Mandarin konserv. m. lättsockrad lag,"Magnesium, Mg",Frukt o bär konserverade,8.0,mg
633,Mandarin konserv. m. lättsockrad lag,Summa mättade fettsyror,Frukt o bär konserverade,0.0,g
633,Mandarin konserv. m. lättsockrad lag,"Kolhydrater, tillgängliga",Frukt o bär konserverade,14.6,g
633,Mandarin konserv. m. lättsockrad lag,Kolesterol,Frukt o bär konserverade,0.0,mg
633,Mandarin konserv. m. lättsockrad lag,"Kalium, K",Frukt o bär konserverade,78.0,mg
633,Mandarin konserv. m. lättsockrad lag,"Jod, I",Frukt o bär konserverade,0.5,µg
633,Mandarin konserv. m. lättsockrad lag,Fullkorn totalt,Frukt o bär konserverade,0.0,g
633,Mandarin konserv. m. lättsockrad lag,"Folat, totalt",Frukt o bär konserverade,3.2,µg
633,Mandarin konserv. m. lättsockrad lag,Fibrer,Frukt o bär konserverade,1.7,g
633,Mandarin konserv. m. lättsockrad lag,"Fett, totalt",Frukt o bär konserverade,0.1,g
633,Mandarin konserv. m. lättsockrad lag,"Järn, Fe",Frukt o bär konserverade,0.4,mg
633,Mandarin konserv. m. lättsockrad lag,Energi (kJ),Frukt o bär konserverade,272.0,kJ
633,Mandarin konserv. m. lättsockrad lag,Energi (kcal),Frukt o bär konserverade,65.0,kcal
633,Mandarin konserv. m. lättsockrad lag,Disackarider,Frukt o bär konserverade,5.9,g
633,Mandarin konserv. m. lättsockrad lag,"Kalcium, Ca",Frukt o bär konserverade,7.0,mg
633,Mandarin konserv. m. lättsockrad lag,Fettsyra 4:0-10:0,Frukt o bär konserverade,0.0,g
633,Mandarin konserv. m. lättsockrad lag,DHA (C22:6),Frukt o bär konserverade,0.0,g
633,Mandarin konserv. m. lättsockrad lag,DPA (C22:5),Frukt o bär konserverade,0.0,g
633,Mandarin konserv. m. lättsockrad lag,EPA (C20:5),Frukt o bär konserverade,0.0,g
633,Mandarin konserv. m. lättsockrad lag,Arakidonsyra C20:4,Frukt o bär konserverade,0.0,g
633,Mandarin konserv. m. lättsockrad lag,Arakidinsyra C20:0,Frukt o bär konserverade,0.0,g
633,Mandarin konserv. m. lättsockrad lag,Linolensyra C18:3,Frukt o bär konserverade,0.0,g
633,Mandarin konserv. m. lättsockrad lag,Linolsyra C18:2,Frukt o bär konserverade,0.0,g
633,Mandarin konserv. m. lättsockrad lag,Oljesyra C18:1,Frukt o bär konserverade,0.0,g
633,Mandarin konserv. m. lättsockrad lag,Stearinsyra C18:0,Frukt o bär konserverade,0.0,g
633,Mandarin konserv. m. lättsockrad lag,Palmitoljesyra C16:1,Frukt o bär konserverade,0.0,g
633,Mandarin konserv. m. lättsockrad lag,Palmitinsyra C16:0,Frukt o bär konserverade,0.0,g
633,Mandarin konserv. m. lättsockrad lag,Myristinsyra C14:0,Frukt o bär konserverade,0.0,g
633,Mandarin konserv. m. lättsockrad lag,Laurinsyra C12:0,Frukt o bär konserverade,0.0,g
633,Mandarin konserv. m. lättsockrad lag,Betakaroten/β-Karoten,Frukt o bär konserverade,500.0,µg
633,Mandarin konserv. m. lättsockrad lag,Avfall (skal etc.),Frukt o bär konserverade,0.0,%
633,Mandarin konserv. m. lättsockrad lag,Aska,Frukt o bär konserverade,0.2,g
633,Mandarin konserv. m. lättsockrad lag,Alkohol,Frukt o bär konserverade,0.0,g
634,Mango konserv. m. sockerlag,"Zink, Zn",Frukt o bär konserverade,0.0,mg
634,Mango konserv. m. sockerlag,Vitamin E,Frukt o bär konserverade,0.9,mg
634,Mango konserv. m. sockerlag,Vitamin D inkl 25-OH-D3,Frukt o bär konserverade,0.0,µg
634,Mango konserv. m. sockerlag,Vitamin D,Frukt o bär konserverade,0.0,µg
634,Mango konserv. m. sockerlag,Vitamin C,Frukt o bär konserverade,10.0,mg
634,Mango konserv. m. sockerlag,Vitamin B6,Frukt o bär konserverade,0.02,mg
634,Mango konserv. m. sockerlag,Vitamin B12,Frukt o bär konserverade,0.0,µg
634,Mango konserv. m. sockerlag,Vitamin A,Frukt o bär konserverade,16.5,RE/µg
634,Mango konserv. m. sockerlag,Vatten,Frukt o bär konserverade,75.0,g
634,Mango konserv. m. sockerlag,Tiamin,Frukt o bär konserverade,0.01,mg
634,Mango konserv. m. sockerlag,Tillsatt socker,Frukt o bär konserverade,14.0,g
634,Mango konserv. m. sockerlag,Fritt socker,Frukt o bär konserverade,14.0,g
634,Mango konserv. m. sockerlag,"Selen, Se",Frukt o bär konserverade,1.0,µg
634,Mango konserv. m. sockerlag,Sackaros,Frukt o bär konserverade,4.4,g
634,Mango konserv. m. sockerlag,Riboflavin,Frukt o bär konserverade,0.02,mg
634,Mango konserv. m. sockerlag,Retinol,Frukt o bär konserverade,0.0,µg
634,Mango konserv. m. sockerlag,Protein,Frukt o bär konserverade,0.3,g
634,Mango konserv. m. sockerlag,Summa fleromättade fettsyror,Frukt o bär konserverade,0.0,g
634,Mango konserv. m. sockerlag,"Fosfor, P",Frukt o bär konserverade,10.0,mg
634,Mango konserv. m. sockerlag,Niacinekvivalenter,Frukt o bär konserverade,0.65,NE/mg
634,Mango konserv. m. sockerlag,Niacin,Frukt o bär konserverade,0.6,mg
634,Mango konserv. m. sockerlag,"Salt, NaCl",Frukt o bär konserverade,0.0,g
634,Mango konserv. m. sockerlag,"Natrium, Na",Frukt o bär konserverade,3.0,mg
634,Mango konserv. m. sockerlag,Monosackarider,Frukt o bär konserverade,15.8,g
634,Mango konserv. m. sockerlag,"Sockerarter, totalt",Frukt o bär konserverade,20.2,g
634,Mango konserv. m. sockerlag,Summa enkelomättade fettsyror,Frukt o bär konserverade,0.0,g
634,Mango konserv. m. sockerlag,"Magnesium, Mg",Frukt o bär konserverade,7.0,mg
634,Mango konserv. m. sockerlag,Summa mättade fettsyror,Frukt o bär konserverade,0.0,g
634,Mango konserv. m. sockerlag,"Kolhydrater, tillgängliga",Frukt o bär konserverade,23.3,g
634,Mango konserv. m. sockerlag,Kolesterol,Frukt o bär konserverade,0.0,mg
634,Mango konserv. m. sockerlag,"Kalium, K",Frukt o bär konserverade,100.0,mg
634,Mango konserv. m. sockerlag,"Jod, I",Frukt o bär konserverade,0.0,µg
634,Mango konserv. m. sockerlag,Fullkorn totalt,Frukt o bär konserverade,0.0,g
634,Mango konserv. m. sockerlag,"Folat, totalt",Frukt o bär konserverade,18.0,µg
634,Mango konserv. m. sockerlag,Fibrer,Frukt o bär konserverade,1.0,g
634,Mango konserv. m. sockerlag,"Fett, totalt",Frukt o bär konserverade,0.1,g
634,Mango konserv. m. sockerlag,"Järn, Fe",Frukt o bär konserverade,0.1,mg
634,Mango konserv. m. sockerlag,Energi (kJ),Frukt o bär konserverade,413.0,kJ
634,Mango konserv. m. sockerlag,Energi (kcal),Frukt o bär konserverade,99.0,kcal
634,Mango konserv. m. sockerlag,Disackarider,Frukt o bär konserverade,4.4,g
634,Mango konserv. m. sockerlag,"Kalcium, Ca",Frukt o bär konserverade,10.0,mg
634,Mango konserv. m. sockerlag,Fettsyra 4:0-10:0,Frukt o bär konserverade,0.0,g
634,Mango konserv. m. sockerlag,DHA (C22:6),Frukt o bär konserverade,0.0,g
634,Mango konserv. m. sockerlag,DPA (C22:5),Frukt o bär konserverade,0.0,g
634,Mango konserv. m. sockerlag,EPA (C20:5),Frukt o bär konserverade,0.0,g
634,Mango konserv. m. sockerlag,Arakidonsyra C20:4,Frukt o bär konserverade,0.0,g
634,Mango konserv. m. sockerlag,Arakidinsyra C20:0,Frukt o bär konserverade,0.0,g
634,Mango konserv. m. sockerlag,Linolensyra C18:3,Frukt o bär konserverade,0.0,g
634,Mango konserv. m. sockerlag,Linolsyra C18:2,Frukt o bär konserverade,0.0,g
634,Mango konserv. m. sockerlag,Oljesyra C18:1,Frukt o bär konserverade,0.0,g
634,Mango konserv. m. sockerlag,Stearinsyra C18:0,Frukt o bär konserverade,0.0,g
634,Mango konserv. m. sockerlag,Palmitoljesyra C16:1,Frukt o bär konserverade,0.0,g
634,Mango konserv. m. sockerlag,Palmitinsyra C16:0,Frukt o bär konserverade,0.0,g
634,Mango konserv. m. sockerlag,Myristinsyra C14:0,Frukt o bär konserverade,0.0,g
634,Mango konserv. m. sockerlag,Laurinsyra C12:0,Frukt o bär konserverade,0.0,g
634,Mango konserv. m. sockerlag,Betakaroten/β-Karoten,Frukt o bär konserverade,198.0,µg
634,Mango konserv. m. sockerlag,Avfall (skal etc.),Frukt o bär konserverade,0.0,%
634,Mango konserv. m. sockerlag,Aska,Frukt o bär konserverade,0.3,g
634,Mango konserv. m. sockerlag,Alkohol,Frukt o bär konserverade,0.0,g
635,Apelsinsallad,"Zink, Zn",Frukt färsk fryst,0.1,mg
635,Apelsinsallad,Vitamin E,Frukt färsk fryst,2.0,mg
635,Apelsinsallad,Vitamin D inkl 25-OH-D3,Frukt färsk fryst,0.0,µg
635,Apelsinsallad,Vitamin D,Frukt färsk fryst,0.0,µg
635,Apelsinsallad,Vitamin C,Frukt färsk fryst,43.7,mg
635,Apelsinsallad,Vitamin B6,Frukt färsk fryst,0.08,mg
635,Apelsinsallad,Vitamin B12,Frukt färsk fryst,0.0,µg
635,Apelsinsallad,Vitamin A,Frukt färsk fryst,4.4,RE/µg
635,Apelsinsallad,Vatten,Frukt färsk fryst,77.4,g
635,Apelsinsallad,Tiamin,Frukt färsk fryst,0.22,mg
635,Apelsinsallad,Tillsatt socker,Frukt färsk fryst,1.0,g
635,Apelsinsallad,Fritt socker,Frukt färsk fryst,4.0,g
635,Apelsinsallad,"Selen, Se",Frukt färsk fryst,0.4,µg
635,Apelsinsallad,Sackaros,Frukt färsk fryst,5.1,g
635,Apelsinsallad,Riboflavin,Frukt färsk fryst,0.03,mg
635,Apelsinsallad,Retinol,Frukt färsk fryst,0.0,µg
635,Apelsinsallad,Protein,Frukt färsk fryst,1.6,g
635,Apelsinsallad,Summa fleromättade fettsyror,Frukt färsk fryst,0.7,g
635,Apelsinsallad,"Fosfor, P",Frukt färsk fryst,35.0,mg
635,Apelsinsallad,Niacinekvivalenter,Frukt färsk fryst,0.71,NE/mg
635,Apelsinsallad,Niacin,Frukt färsk fryst,0.46,mg
635,Apelsinsallad,"Salt, NaCl",Frukt färsk fryst,0.2,g
635,Apelsinsallad,"Natrium, Na",Frukt färsk fryst,95.0,mg
635,Apelsinsallad,Monosackarider,Frukt färsk fryst,6.6,g
635,Apelsinsallad,"Sockerarter, totalt",Frukt färsk fryst,11.8,g
635,Apelsinsallad,Summa enkelomättade fettsyror,Frukt färsk fryst,2.7,g
635,Apelsinsallad,"Magnesium, Mg",Frukt färsk fryst,13.0,mg
635,Apelsinsallad,Summa mättade fettsyror,Frukt färsk fryst,0.5,g
635,Apelsinsallad,"Kolhydrater, tillgängliga",Frukt färsk fryst,14.1,g
635,Apelsinsallad,Kolesterol,Frukt färsk fryst,0.0,mg
635,Apelsinsallad,"Kalium, K",Frukt färsk fryst,158.0,mg
635,Apelsinsallad,"Jod, I",Frukt färsk fryst,13.0,µg
635,Apelsinsallad,Fullkorn totalt,Frukt färsk fryst,0.0,g
635,Apelsinsallad,"Folat, totalt",Frukt färsk fryst,31.5,µg
635,Apelsinsallad,Fibrer,Frukt färsk fryst,1.7,g
635,Apelsinsallad,"Fett, totalt",Frukt färsk fryst,4.5,g
635,Apelsinsallad,"Järn, Fe",Frukt färsk fryst,0.3,mg
635,Apelsinsallad,Energi (kJ),Frukt färsk fryst,447.0,kJ
635,Apelsinsallad,Energi (kcal),Frukt färsk fryst,107.0,kcal
635,Apelsinsallad,Disackarider,Frukt färsk fryst,5.2,g
635,Apelsinsallad,"Kalcium, Ca",Frukt färsk fryst,26.0,mg
635,Apelsinsallad,Fettsyra 4:0-10:0,Frukt färsk fryst,0.0,g
635,Apelsinsallad,DHA (C22:6),Frukt färsk fryst,0.0,g
635,Apelsinsallad,DPA (C22:5),Frukt färsk fryst,0.0,g
635,Apelsinsallad,EPA (C20:5),Frukt färsk fryst,0.0,g
635,Apelsinsallad,Arakidonsyra C20:4,Frukt färsk fryst,0.0,g
635,Apelsinsallad,Arakidinsyra C20:0,Frukt färsk fryst,0.0,g
635,Apelsinsallad,Linolensyra C18:3,Frukt färsk fryst,0.0,g
635,Apelsinsallad,Linolsyra C18:2,Frukt färsk fryst,0.7,g
635,Apelsinsallad,Oljesyra C18:1,Frukt färsk fryst,2.6,g
635,Apelsinsallad,Stearinsyra C18:0,Frukt färsk fryst,0.1,g
635,Apelsinsallad,Palmitoljesyra C16:1,Frukt färsk fryst,0.0,g
635,Apelsinsallad,Palmitinsyra C16:0,Frukt färsk fryst,0.4,g
635,Apelsinsallad,Myristinsyra C14:0,Frukt färsk fryst,0.0,g
635,Apelsinsallad,Laurinsyra C12:0,Frukt färsk fryst,0.0,g
635,Apelsinsallad,Betakaroten/β-Karoten,Frukt färsk fryst,13.0,µg
635,Apelsinsallad,Avfall (skal etc.),Frukt färsk fryst,26.0,%
635,Apelsinsallad,Aska,Frukt färsk fryst,0.7,g
635,Apelsinsallad,Alkohol,Frukt färsk fryst,0.0,g
637,Frukt bär konserv. osötad el. sötningsm.,"Zink, Zn",Frukt o bär konserverade,0.0,mg
637,Frukt bär konserv. osötad el. sötningsm.,Vitamin E,Frukt o bär konserverade,0.1,mg
637,Frukt bär konserv. osötad el. sötningsm.,Vitamin D inkl 25-OH-D3,Frukt o bär konserverade,0.0,µg
637,Frukt bär konserv. osötad el. sötningsm.,Vitamin D,Frukt o bär konserverade,0.0,µg
637,Frukt bär konserv. osötad el. sötningsm.,Vitamin C,Frukt o bär konserverade,3.5,mg
637,Frukt bär konserv. osötad el. sötningsm.,Vitamin B6,Frukt o bär konserverade,0.07,mg
637,Frukt bär konserv. osötad el. sötningsm.,Vitamin B12,Frukt o bär konserverade,0.0,µg
637,Frukt bär konserv. osötad el. sötningsm.,Vitamin A,Frukt o bär konserverade,8.0,RE/µg
637,Frukt bär konserv. osötad el. sötningsm.,Vatten,Frukt o bär konserverade,90.8,g
637,Frukt bär konserv. osötad el. sötningsm.,Tiamin,Frukt o bär konserverade,0.03,mg
637,Frukt bär konserv. osötad el. sötningsm.,Tillsatt socker,Frukt o bär konserverade,0.0,g
637,Frukt bär konserv. osötad el. sötningsm.,Fritt socker,Frukt o bär konserverade,0.0,g
637,Frukt bär konserv. osötad el. sötningsm.,"Selen, Se",Frukt o bär konserverade,0.1,µg
637,Frukt bär konserv. osötad el. sötningsm.,Sackaros,Frukt o bär konserverade,1.7,g
637,Frukt bär konserv. osötad el. sötningsm.,Riboflavin,Frukt o bär konserverade,0.05,mg
637,Frukt bär konserv. osötad el. sötningsm.,Retinol,Frukt o bär konserverade,0.0,µg
637,Frukt bär konserv. osötad el. sötningsm.,Protein,Frukt o bär konserverade,0.4,g
637,Frukt bär konserv. osötad el. sötningsm.,Summa fleromättade fettsyror,Frukt o bär konserverade,0.0,g
637,Frukt bär konserv. osötad el. sötningsm.,"Fosfor, P",Frukt o bär konserverade,8.0,mg
637,Frukt bär konserv. osötad el. sötningsm.,Niacinekvivalenter,Frukt o bär konserverade,0.37,NE/mg
637,Frukt bär konserv. osötad el. sötningsm.,Niacin,Frukt o bär konserverade,0.3,mg
637,Frukt bär konserv. osötad el. sötningsm.,"Salt, NaCl",Frukt o bär konserverade,0.0,g
637,Frukt bär konserv. osötad el. sötningsm.,"Natrium, Na",Frukt o bär konserverade,2.0,mg
637,Frukt bär konserv. osötad el. sötningsm.,Monosackarider,Frukt o bär konserverade,5.7,g
637,Frukt bär konserv. osötad el. sötningsm.,"Sockerarter, totalt",Frukt o bär konserverade,7.4,g
637,Frukt bär konserv. osötad el. sötningsm.,Summa enkelomättade fettsyror,Frukt o bär konserverade,0.0,g
637,Frukt bär konserv. osötad el. sötningsm.,"Magnesium, Mg",Frukt o bär konserverade,6.0,mg
637,Frukt bär konserv. osötad el. sötningsm.,Summa mättade fettsyror,Frukt o bär konserverade,0.0,g
637,Frukt bär konserv. osötad el. sötningsm.,"Kolhydrater, tillgängliga",Frukt o bär konserverade,7.6,g
637,Frukt bär konserv. osötad el. sötningsm.,Kolesterol,Frukt o bär konserverade,0.0,mg
637,Frukt bär konserv. osötad el. sötningsm.,"Kalium, K",Frukt o bär konserverade,105.0,mg
637,Frukt bär konserv. osötad el. sötningsm.,"Jod, I",Frukt o bär konserverade,1.0,µg
637,Frukt bär konserv. osötad el. sötningsm.,Fullkorn totalt,Frukt o bär konserverade,0.0,g
637,Frukt bär konserv. osötad el. sötningsm.,"Folat, totalt",Frukt o bär konserverade,2.5,µg
637,Frukt bär konserv. osötad el. sötningsm.,Fibrer,Frukt o bär konserverade,0.8,g
637,Frukt bär konserv. osötad el. sötningsm.,"Fett, totalt",Frukt o bär konserverade,0.1,g
637,Frukt bär konserv. osötad el. sötningsm.,"Järn, Fe",Frukt o bär konserverade,0.2,mg
637,Frukt bär konserv. osötad el. sötningsm.,Energi (kJ),Frukt o bär konserverade,146.0,kJ
637,Frukt bär konserv. osötad el. sötningsm.,Energi (kcal),Frukt o bär konserverade,35.0,kcal
637,Frukt bär konserv. osötad el. sötningsm.,Disackarider,Frukt o bär konserverade,1.7,g
637,Frukt bär konserv. osötad el. sötningsm.,"Kalcium, Ca",Frukt o bär konserverade,6.0,mg
637,Frukt bär konserv. osötad el. sötningsm.,Fettsyra 4:0-10:0,Frukt o bär konserverade,0.0,g
637,Frukt bär konserv. osötad el. sötningsm.,DHA (C22:6),Frukt o bär konserverade,0.0,g
637,Frukt bär konserv. osötad el. sötningsm.,DPA (C22:5),Frukt o bär konserverade,0.0,g
637,Frukt bär konserv. osötad el. sötningsm.,EPA (C20:5),Frukt o bär konserverade,0.0,g
637,Frukt bär konserv. osötad el. sötningsm.,Arakidonsyra C20:4,Frukt o bär konserverade,0.0,g
637,Frukt bär konserv. osötad el. sötningsm.,Arakidinsyra C20:0,Frukt o bär konserverade,0.0,g
637,Frukt bär konserv. osötad el. sötningsm.,Linolensyra C18:3,Frukt o bär konserverade,0.0,g
637,Frukt bär konserv. osötad el. sötningsm.,Linolsyra C18:2,Frukt o bär konserverade,0.0,g
637,Frukt bär konserv. osötad el. sötningsm.,Oljesyra C18:1,Frukt o bär konserverade,0.0,g
637,Frukt bär konserv. osötad el. sötningsm.,Stearinsyra C18:0,Frukt o bär konserverade,0.0,g
637,Frukt bär konserv. osötad el. sötningsm.,Palmitoljesyra C16:1,Frukt o bär konserverade,0.0,g
637,Frukt bär konserv. osötad el. sötningsm.,Palmitinsyra C16:0,Frukt o bär konserverade,0.0,g
637,Frukt bär konserv. osötad el. sötningsm.,Myristinsyra C14:0,Frukt o bär konserverade,0.0,g
637,Frukt bär konserv. osötad el. sötningsm.,Laurinsyra C12:0,Frukt o bär konserverade,0.0,g
637,Frukt bär konserv. osötad el. sötningsm.,Betakaroten/β-Karoten,Frukt o bär konserverade,96.0,µg
637,Frukt bär konserv. osötad el. sötningsm.,Avfall (skal etc.),Frukt o bär konserverade,0.0,%
637,Frukt bär konserv. osötad el. sötningsm.,Aska,Frukt o bär konserverade,0.3,g
637,Frukt bär konserv. osötad el. sötningsm.,Alkohol,Frukt o bär konserverade,0.0,g
638,Fruktsallad,"Zink, Zn",Frukt färsk fryst,0.1,mg
638,Fruktsallad,Vitamin E,Frukt färsk fryst,0.6,mg
638,Fruktsallad,Vitamin D inkl 25-OH-D3,Frukt färsk fryst,0.0,µg
638,Fruktsallad,Vitamin D,Frukt färsk fryst,0.0,µg
638,Fruktsallad,Vitamin C,Frukt färsk fryst,32.7,mg
638,Fruktsallad,Vitamin B6,Frukt färsk fryst,0.09,mg
638,Fruktsallad,Vitamin B12,Frukt färsk fryst,0.0,µg
638,Fruktsallad,Vitamin A,Frukt färsk fryst,2.7,RE/µg
638,Fruktsallad,Vatten,Frukt färsk fryst,85.0,g
638,Fruktsallad,Tiamin,Frukt färsk fryst,0.08,mg
638,Fruktsallad,Tillsatt socker,Frukt färsk fryst,0.0,g
638,Fruktsallad,Fritt socker,Frukt färsk fryst,0.0,g
638,Fruktsallad,"Selen, Se",Frukt färsk fryst,0.0,µg
638,Fruktsallad,Sackaros,Frukt färsk fryst,2.7,g
638,Fruktsallad,Riboflavin,Frukt färsk fryst,0.02,mg
638,Fruktsallad,Retinol,Frukt färsk fryst,0.0,µg
638,Fruktsallad,Protein,Frukt färsk fryst,0.6,g
638,Fruktsallad,Summa fleromättade fettsyror,Frukt färsk fryst,0.1,g
638,Fruktsallad,"Fosfor, P",Frukt färsk fryst,17.0,mg
638,Fruktsallad,Niacinekvivalenter,Frukt färsk fryst,0.43,NE/mg
638,Fruktsallad,Niacin,Frukt färsk fryst,0.34,mg
638,Fruktsallad,"Salt, NaCl",Frukt färsk fryst,0.0,g
638,Fruktsallad,"Natrium, Na",Frukt färsk fryst,1.0,mg
638,Fruktsallad,Monosackarider,Frukt färsk fryst,7.6,g
638,Fruktsallad,"Sockerarter, totalt",Frukt färsk fryst,10.4,g
638,Fruktsallad,Summa enkelomättade fettsyror,Frukt färsk fryst,0.0,g
638,Fruktsallad,"Magnesium, Mg",Frukt färsk fryst,10.0,mg
638,Fruktsallad,Summa mättade fettsyror,Frukt färsk fryst,0.0,g
638,Fruktsallad,"Kolhydrater, tillgängliga",Frukt färsk fryst,11.8,g
638,Fruktsallad,Kolesterol,Frukt färsk fryst,0.0,mg
638,Fruktsallad,"Kalium, K",Frukt färsk fryst,164.0,mg
638,Fruktsallad,"Jod, I",Frukt färsk fryst,1.1,µg
638,Fruktsallad,Fullkorn totalt,Frukt färsk fryst,0.0,g
638,Fruktsallad,"Folat, totalt",Frukt färsk fryst,21.2,µg
638,Fruktsallad,Fibrer,Frukt färsk fryst,1.9,g
638,Fruktsallad,"Fett, totalt",Frukt färsk fryst,0.3,g
638,Fruktsallad,"Järn, Fe",Frukt färsk fryst,0.1,mg
638,Fruktsallad,Energi (kJ),Frukt färsk fryst,235.0,kJ
638,Fruktsallad,Energi (kcal),Frukt färsk fryst,56.0,kcal
638,Fruktsallad,Disackarider,Frukt färsk fryst,2.7,g
638,Fruktsallad,"Kalcium, Ca",Frukt färsk fryst,15.0,mg
638,Fruktsallad,Fettsyra 4:0-10:0,Frukt färsk fryst,0.0,g
638,Fruktsallad,DHA (C22:6),Frukt färsk fryst,0.0,g
638,Fruktsallad,DPA (C22:5),Frukt färsk fryst,0.0,g
638,Fruktsallad,EPA (C20:5),Frukt färsk fryst,0.0,g
638,Fruktsallad,Arakidonsyra C20:4,Frukt färsk fryst,0.0,g
638,Fruktsallad,Arakidinsyra C20:0,Frukt färsk fryst,0.0,g
638,Fruktsallad,Linolensyra C18:3,Frukt färsk fryst,0.0,g
638,Fruktsallad,Linolsyra C18:2,Frukt färsk fryst,0.1,g
638,Fruktsallad,Oljesyra C18:1,Frukt färsk fryst,0.0,g
638,Fruktsallad,Stearinsyra C18:0,Frukt färsk fryst,0.0,g
638,Fruktsallad,Palmitoljesyra C16:1,Frukt färsk fryst,0.0,g
638,Fruktsallad,Palmitinsyra C16:0,Frukt färsk fryst,0.0,g
638,Fruktsallad,Myristinsyra C14:0,Frukt färsk fryst,0.0,g
638,Fruktsallad,Laurinsyra C12:0,Frukt färsk fryst,0.0,g
638,Fruktsallad,Betakaroten/β-Karoten,Frukt färsk fryst,21.0,µg
638,Fruktsallad,Avfall (skal etc.),Frukt färsk fryst,19.0,%
638,Fruktsallad,Aska,Frukt färsk fryst,0.5,g
638,Fruktsallad,Alkohol,Frukt färsk fryst,0.0,g
641,Apelsinjuice färskpressad,"Zink, Zn",Fruktjuice mm,0.1,mg
641,Apelsinjuice färskpressad,Vitamin E,Fruktjuice mm,0.2,mg
641,Apelsinjuice färskpressad,Vitamin D inkl 25-OH-D3,Fruktjuice mm,0.0,µg
641,Apelsinjuice färskpressad,Vitamin D,Fruktjuice mm,0.0,µg
641,Apelsinjuice färskpressad,Vitamin C,Fruktjuice mm,50.0,mg
641,Apelsinjuice färskpressad,Vitamin B6,Fruktjuice mm,0.04,mg
641,Apelsinjuice färskpressad,Vitamin B12,Fruktjuice mm,0.0,µg
641,Apelsinjuice färskpressad,Vitamin A,Fruktjuice mm,10.0,RE/µg
641,Apelsinjuice färskpressad,Vatten,Fruktjuice mm,88.0,g
641,Apelsinjuice färskpressad,Tiamin,Fruktjuice mm,0.09,mg
641,Apelsinjuice färskpressad,Tillsatt socker,Fruktjuice mm,0.0,g
641,Apelsinjuice färskpressad,Fritt socker,Fruktjuice mm,6.0,g
641,Apelsinjuice färskpressad,"Selen, Se",Fruktjuice mm,0.2,µg
641,Apelsinjuice färskpressad,Sackaros,Fruktjuice mm,4.0,g
641,Apelsinjuice färskpressad,Riboflavin,Fruktjuice mm,0.03,mg
641,Apelsinjuice färskpressad,Retinol,Fruktjuice mm,0.0,µg
641,Apelsinjuice färskpressad,Protein,Fruktjuice mm,0.7,g
641,Apelsinjuice färskpressad,Summa fleromättade fettsyror,Fruktjuice mm,0.1,g
641,Apelsinjuice färskpressad,"Fosfor, P",Fruktjuice mm,17.0,mg
641,Apelsinjuice färskpressad,Niacinekvivalenter,Fruktjuice mm,0.52,NE/mg
641,Apelsinjuice färskpressad,Niacin,Fruktjuice mm,0.4,mg
641,Apelsinjuice färskpressad,"Salt, NaCl",Fruktjuice mm,0.0,g
641,Apelsinjuice färskpressad,"Natrium, Na",Fruktjuice mm,1.0,mg
641,Apelsinjuice färskpressad,Monosackarider,Fruktjuice mm,4.2,g
641,Apelsinjuice färskpressad,"Sockerarter, totalt",Fruktjuice mm,8.2,g
641,Apelsinjuice färskpressad,Summa enkelomättade fettsyror,Fruktjuice mm,0.0,g
641,Apelsinjuice färskpressad,"Magnesium, Mg",Fruktjuice mm,11.0,mg
641,Apelsinjuice färskpressad,Summa mättade fettsyror,Fruktjuice mm,0.0,g
641,Apelsinjuice färskpressad,"Kolhydrater, tillgängliga",Fruktjuice mm,10.6,g
641,Apelsinjuice färskpressad,Kolesterol,Fruktjuice mm,0.0,mg
641,Apelsinjuice färskpressad,"Kalium, K",Fruktjuice mm,200.0,mg
641,Apelsinjuice färskpressad,"Jod, I",Fruktjuice mm,0.3,µg
641,Apelsinjuice färskpressad,Fullkorn totalt,Fruktjuice mm,0.0,g
641,Apelsinjuice färskpressad,"Folat, totalt",Fruktjuice mm,30.0,µg
641,Apelsinjuice färskpressad,Fibrer,Fruktjuice mm,0.1,g
641,Apelsinjuice färskpressad,"Fett, totalt",Fruktjuice mm,0.2,g
641,Apelsinjuice färskpressad,"Järn, Fe",Fruktjuice mm,0.2,mg
641,Apelsinjuice färskpressad,Energi (kJ),Fruktjuice mm,200.0,kJ
641,Apelsinjuice färskpressad,Energi (kcal),Fruktjuice mm,48.0,kcal
641,Apelsinjuice färskpressad,Disackarider,Fruktjuice mm,4.0,g
641,Apelsinjuice färskpressad,"Kalcium, Ca",Fruktjuice mm,11.0,mg
641,Apelsinjuice färskpressad,Fettsyra 4:0-10:0,Fruktjuice mm,0.0,g
641,Apelsinjuice färskpressad,DHA (C22:6),Fruktjuice mm,0.0,g
641,Apelsinjuice färskpressad,DPA (C22:5),Fruktjuice mm,0.0,g
641,Apelsinjuice färskpressad,EPA (C20:5),Fruktjuice mm,0.0,g
641,Apelsinjuice färskpressad,Arakidonsyra C20:4,Fruktjuice mm,0.0,g
641,Apelsinjuice färskpressad,Arakidinsyra C20:0,Fruktjuice mm,0.0,g
641,Apelsinjuice färskpressad,Linolensyra C18:3,Fruktjuice mm,0.0,g
641,Apelsinjuice färskpressad,Linolsyra C18:2,Fruktjuice mm,0.0,g
641,Apelsinjuice färskpressad,Oljesyra C18:1,Fruktjuice mm,0.0,g
641,Apelsinjuice färskpressad,Stearinsyra C18:0,Fruktjuice mm,0.0,g
641,Apelsinjuice färskpressad,Palmitoljesyra C16:1,Fruktjuice mm,0.0,g
641,Apelsinjuice färskpressad,Palmitinsyra C16:0,Fruktjuice mm,0.0,g
641,Apelsinjuice färskpressad,Myristinsyra C14:0,Fruktjuice mm,0.0,g
641,Apelsinjuice färskpressad,Laurinsyra C12:0,Fruktjuice mm,0.0,g
641,Apelsinjuice färskpressad,Betakaroten/β-Karoten,Fruktjuice mm,120.0,µg
641,Apelsinjuice färskpressad,Avfall (skal etc.),Fruktjuice mm,0.0,%
641,Apelsinjuice färskpressad,Aska,Fruktjuice mm,0.4,g
641,Apelsinjuice färskpressad,Alkohol,Fruktjuice mm,0.0,g
642,Apelsinjuice konc. frysvara,"Zink, Zn",Fruktjuice mm,0.2,mg
642,Apelsinjuice konc. frysvara,Vitamin E,Fruktjuice mm,1.0,mg
642,Apelsinjuice konc. frysvara,Vitamin D inkl 25-OH-D3,Fruktjuice mm,0.0,µg
642,Apelsinjuice konc. frysvara,Vitamin D,Fruktjuice mm,0.0,µg
642,Apelsinjuice konc. frysvara,Vitamin C,Fruktjuice mm,138.0,mg
642,Apelsinjuice konc. frysvara,Vitamin B6,Fruktjuice mm,0.16,mg
642,Apelsinjuice konc. frysvara,Vitamin B12,Fruktjuice mm,0.0,µg
642,Apelsinjuice konc. frysvara,Vitamin A,Fruktjuice mm,14.0,RE/µg
642,Apelsinjuice konc. frysvara,Vatten,Fruktjuice mm,58.0,g
642,Apelsinjuice konc. frysvara,Tiamin,Fruktjuice mm,0.28,mg
642,Apelsinjuice konc. frysvara,Tillsatt socker,Fruktjuice mm,0.0,g
642,Apelsinjuice konc. frysvara,Fritt socker,Fruktjuice mm,0.0,g
642,Apelsinjuice konc. frysvara,"Selen, Se",Fruktjuice mm,0.5,µg
642,Apelsinjuice konc. frysvara,Sackaros,Fruktjuice mm,18.0,g
642,Apelsinjuice konc. frysvara,Riboflavin,Fruktjuice mm,0.06,mg
642,Apelsinjuice konc. frysvara,Retinol,Fruktjuice mm,0.0,µg
642,Apelsinjuice konc. frysvara,Protein,Fruktjuice mm,2.4,g
642,Apelsinjuice konc. frysvara,Summa fleromättade fettsyror,Fruktjuice mm,0.0,g
642,Apelsinjuice konc. frysvara,"Fosfor, P",Fruktjuice mm,57.0,mg
642,Apelsinjuice konc. frysvara,Niacinekvivalenter,Fruktjuice mm,1.1,NE/mg
642,Apelsinjuice konc. frysvara,Niacin,Fruktjuice mm,0.7,mg
642,Apelsinjuice konc. frysvara,"Salt, NaCl",Fruktjuice mm,0.0,g
642,Apelsinjuice konc. frysvara,"Natrium, Na",Fruktjuice mm,3.0,mg
642,Apelsinjuice konc. frysvara,Monosackarider,Fruktjuice mm,14.0,g
642,Apelsinjuice konc. frysvara,"Sockerarter, totalt",Fruktjuice mm,32.0,g
642,Apelsinjuice konc. frysvara,Summa enkelomättade fettsyror,Fruktjuice mm,0.0,g
642,Apelsinjuice konc. frysvara,"Magnesium, Mg",Fruktjuice mm,34.0,mg
642,Apelsinjuice konc. frysvara,Summa mättade fettsyror,Fruktjuice mm,0.0,g
642,Apelsinjuice konc. frysvara,"Kolhydrater, tillgängliga",Fruktjuice mm,37.5,g
642,Apelsinjuice konc. frysvara,Kolesterol,Fruktjuice mm,0.0,mg
642,Apelsinjuice konc. frysvara,"Kalium, K",Fruktjuice mm,670.0,mg
642,Apelsinjuice konc. frysvara,"Jod, I",Fruktjuice mm,1.5,µg
642,Apelsinjuice konc. frysvara,Fullkorn totalt,Fruktjuice mm,0.0,g
642,Apelsinjuice konc. frysvara,"Folat, totalt",Fruktjuice mm,155.0,µg
642,Apelsinjuice konc. frysvara,Fibrer,Fruktjuice mm,0.5,g
642,Apelsinjuice konc. frysvara,"Fett, totalt",Fruktjuice mm,0.2,g
642,Apelsinjuice konc. frysvara,"Järn, Fe",Fruktjuice mm,0.4,mg
642,Apelsinjuice konc. frysvara,Energi (kJ),Fruktjuice mm,690.0,kJ
642,Apelsinjuice konc. frysvara,Energi (kcal),Fruktjuice mm,165.0,kcal
642,Apelsinjuice konc. frysvara,Disackarider,Fruktjuice mm,18.0,g
642,Apelsinjuice konc. frysvara,"Kalcium, Ca",Fruktjuice mm,32.0,mg
642,Apelsinjuice konc. frysvara,Fettsyra 4:0-10:0,Fruktjuice mm,0.0,g
642,Apelsinjuice konc. frysvara,DHA (C22:6),Fruktjuice mm,0.0,g
642,Apelsinjuice konc. frysvara,DPA (C22:5),Fruktjuice mm,0.0,g
642,Apelsinjuice konc. frysvara,EPA (C20:5),Fruktjuice mm,0.0,g
642,Apelsinjuice konc. frysvara,Arakidonsyra C20:4,Fruktjuice mm,0.0,g
642,Apelsinjuice konc. frysvara,Arakidinsyra C20:0,Fruktjuice mm,0.0,g
642,Apelsinjuice konc. frysvara,Linolensyra C18:3,Fruktjuice mm,0.0,g
642,Apelsinjuice konc. frysvara,Linolsyra C18:2,Fruktjuice mm,0.0,g
642,Apelsinjuice konc. frysvara,Oljesyra C18:1,Fruktjuice mm,0.0,g
642,Apelsinjuice konc. frysvara,Stearinsyra C18:0,Fruktjuice mm,0.0,g
642,Apelsinjuice konc. frysvara,Palmitoljesyra C16:1,Fruktjuice mm,0.0,g
642,Apelsinjuice konc. frysvara,Palmitinsyra C16:0,Fruktjuice mm,0.0,g
642,Apelsinjuice konc. frysvara,Myristinsyra C14:0,Fruktjuice mm,0.0,g
642,Apelsinjuice konc. frysvara,Laurinsyra C12:0,Fruktjuice mm,0.0,g
642,Apelsinjuice konc. frysvara,Betakaroten/β-Karoten,Fruktjuice mm,168.0,µg
642,Apelsinjuice konc. frysvara,Avfall (skal etc.),Fruktjuice mm,0.0,%
642,Apelsinjuice konc. frysvara,Aska,Fruktjuice mm,1.4,g
642,Apelsinjuice konc. frysvara,Alkohol,Fruktjuice mm,0.0,g
643,Apelsinjuice drickf.,"Zink, Zn",Fruktjuice mm,0.0,mg
643,Apelsinjuice drickf.,Vitamin E,Fruktjuice mm,0.2,mg
643,Apelsinjuice drickf.,Vitamin D inkl 25-OH-D3,Fruktjuice mm,0.0,µg
643,Apelsinjuice drickf.,Vitamin D,Fruktjuice mm,0.0,µg
643,Apelsinjuice drickf.,Vitamin C,Fruktjuice mm,32.3,mg
643,Apelsinjuice drickf.,Vitamin B6,Fruktjuice mm,0.05,mg
643,Apelsinjuice drickf.,Vitamin B12,Fruktjuice mm,0.0,µg
643,Apelsinjuice drickf.,Vitamin A,Fruktjuice mm,3.5,RE/µg
643,Apelsinjuice drickf.,Vatten,Fruktjuice mm,89.9,g
643,Apelsinjuice drickf.,Tiamin,Fruktjuice mm,0.06,mg
643,Apelsinjuice drickf.,Tillsatt socker,Fruktjuice mm,0.0,g
643,Apelsinjuice drickf.,Fritt socker,Fruktjuice mm,8.0,g
643,Apelsinjuice drickf.,"Selen, Se",Fruktjuice mm,0.0,µg
643,Apelsinjuice drickf.,Sackaros,Fruktjuice mm,3.8,g
643,Apelsinjuice drickf.,Riboflavin,Fruktjuice mm,0.0,mg
643,Apelsinjuice drickf.,Retinol,Fruktjuice mm,0.0,µg
643,Apelsinjuice drickf.,Protein,Fruktjuice mm,0.7,g
643,Apelsinjuice drickf.,Summa fleromättade fettsyror,Fruktjuice mm,0.0,g
643,Apelsinjuice drickf.,"Fosfor, P",Fruktjuice mm,14.0,mg
643,Apelsinjuice drickf.,Niacinekvivalenter,Fruktjuice mm,0.3,NE/mg
643,Apelsinjuice drickf.,Niacin,Fruktjuice mm,0.19,mg
643,Apelsinjuice drickf.,"Salt, NaCl",Fruktjuice mm,0.0,g
643,Apelsinjuice drickf.,"Natrium, Na",Fruktjuice mm,2.0,mg
643,Apelsinjuice drickf.,Monosackarider,Fruktjuice mm,4.2,g
643,Apelsinjuice drickf.,"Sockerarter, totalt",Fruktjuice mm,8.0,g
643,Apelsinjuice drickf.,Summa enkelomättade fettsyror,Fruktjuice mm,0.0,g
643,Apelsinjuice drickf.,"Magnesium, Mg",Fruktjuice mm,9.0,mg
643,Apelsinjuice drickf.,Summa mättade fettsyror,Fruktjuice mm,0.0,g
643,Apelsinjuice drickf.,"Kolhydrater, tillgängliga",Fruktjuice mm,8.6,g
643,Apelsinjuice drickf.,Kolesterol,Fruktjuice mm,0.0,mg
643,Apelsinjuice drickf.,"Kalium, K",Fruktjuice mm,119.0,mg
643,Apelsinjuice drickf.,"Jod, I",Fruktjuice mm,0.3,µg
643,Apelsinjuice drickf.,Fullkorn totalt,Fruktjuice mm,0.0,g
643,Apelsinjuice drickf.,"Folat, totalt",Fruktjuice mm,25.0,µg
643,Apelsinjuice drickf.,Fibrer,Fruktjuice mm,0.0,g
643,Apelsinjuice drickf.,"Fett, totalt",Fruktjuice mm,0.1,g
643,Apelsinjuice drickf.,"Järn, Fe",Fruktjuice mm,0.1,mg
643,Apelsinjuice drickf.,Energi (kJ),Fruktjuice mm,162.0,kJ
643,Apelsinjuice drickf.,Energi (kcal),Fruktjuice mm,39.0,kcal
643,Apelsinjuice drickf.,Disackarider,Fruktjuice mm,3.8,g
643,Apelsinjuice drickf.,"Kalcium, Ca",Fruktjuice mm,12.0,mg
643,Apelsinjuice drickf.,Fettsyra 4:0-10:0,Fruktjuice mm,0.0,g
643,Apelsinjuice drickf.,DHA (C22:6),Fruktjuice mm,0.0,g
643,Apelsinjuice drickf.,DPA (C22:5),Fruktjuice mm,0.0,g
643,Apelsinjuice drickf.,EPA (C20:5),Fruktjuice mm,0.0,g
643,Apelsinjuice drickf.,Arakidonsyra C20:4,Fruktjuice mm,0.0,g
643,Apelsinjuice drickf.,Arakidinsyra C20:0,Fruktjuice mm,0.0,g
643,Apelsinjuice drickf.,Linolensyra C18:3,Fruktjuice mm,0.0,g
643,Apelsinjuice drickf.,Linolsyra C18:2,Fruktjuice mm,0.0,g
643,Apelsinjuice drickf.,Oljesyra C18:1,Fruktjuice mm,0.0,g
643,Apelsinjuice drickf.,Stearinsyra C18:0,Fruktjuice mm,0.0,g
643,Apelsinjuice drickf.,Palmitoljesyra C16:1,Fruktjuice mm,0.0,g
643,Apelsinjuice drickf.,Palmitinsyra C16:0,Fruktjuice mm,0.0,g
643,Apelsinjuice drickf.,Myristinsyra C14:0,Fruktjuice mm,0.0,g
643,Apelsinjuice drickf.,Laurinsyra C12:0,Fruktjuice mm,0.0,g
643,Apelsinjuice drickf.,Betakaroten/β-Karoten,Fruktjuice mm,13.0,µg
643,Apelsinjuice drickf.,Avfall (skal etc.),Fruktjuice mm,0.0,%
643,Apelsinjuice drickf.,Aska,Fruktjuice mm,0.7,g
643,Apelsinjuice drickf.,Alkohol,Fruktjuice mm,0.0,g
645,Citronjuice färskpressad,"Zink, Zn",Fruktjuice mm,0.0,mg
645,Citronjuice färskpressad,Vitamin E,Fruktjuice mm,0.2,mg
645,Citronjuice färskpressad,Vitamin D inkl 25-OH-D3,Fruktjuice mm,0.0,µg
645,Citronjuice färskpressad,Vitamin D,Fruktjuice mm,0.0,µg
645,Citronjuice färskpressad,Vitamin C,Fruktjuice mm,44.1,mg
645,Citronjuice färskpressad,Vitamin B6,Fruktjuice mm,0.04,mg
645,Citronjuice färskpressad,Vitamin B12,Fruktjuice mm,0.0,µg
645,Citronjuice färskpressad,Vitamin A,Fruktjuice mm,0.4,RE/µg
645,Citronjuice färskpressad,Vatten,Fruktjuice mm,92.7,g
645,Citronjuice färskpressad,Tiamin,Fruktjuice mm,0.02,mg
645,Citronjuice färskpressad,Tillsatt socker,Fruktjuice mm,0.0,g
645,Citronjuice färskpressad,Fritt socker,Fruktjuice mm,1.0,g
645,Citronjuice färskpressad,"Selen, Se",Fruktjuice mm,0.0,µg
645,Citronjuice färskpressad,Sackaros,Fruktjuice mm,0.2,g
645,Citronjuice färskpressad,Riboflavin,Fruktjuice mm,0.01,mg
645,Citronjuice färskpressad,Retinol,Fruktjuice mm,0.0,µg
645,Citronjuice färskpressad,Protein,Fruktjuice mm,0.6,g
645,Citronjuice färskpressad,Summa fleromättade fettsyror,Fruktjuice mm,0.0,g
645,Citronjuice färskpressad,"Fosfor, P",Fruktjuice mm,12.0,mg
645,Citronjuice färskpressad,Niacinekvivalenter,Fruktjuice mm,0.2,NE/mg
645,Citronjuice färskpressad,Niacin,Fruktjuice mm,0.08,mg
645,Citronjuice färskpressad,"Salt, NaCl",Fruktjuice mm,0.0,g
645,Citronjuice färskpressad,"Natrium, Na",Fruktjuice mm,0.0,mg
645,Citronjuice färskpressad,Monosackarider,Fruktjuice mm,1.0,g
645,Citronjuice färskpressad,"Sockerarter, totalt",Fruktjuice mm,1.2,g
645,Citronjuice färskpressad,Summa enkelomättade fettsyror,Fruktjuice mm,0.0,g
645,Citronjuice färskpressad,"Magnesium, Mg",Fruktjuice mm,9.0,mg
645,Citronjuice färskpressad,Summa mättade fettsyror,Fruktjuice mm,0.0,g
645,Citronjuice färskpressad,"Kolhydrater, tillgängliga",Fruktjuice mm,6.5,g
645,Citronjuice färskpressad,Kolesterol,Fruktjuice mm,0.0,mg
645,Citronjuice färskpressad,"Kalium, K",Fruktjuice mm,104.0,mg
645,Citronjuice färskpressad,"Jod, I",Fruktjuice mm,0.0,µg
645,Citronjuice färskpressad,Fullkorn totalt,Fruktjuice mm,0.0,g
645,Citronjuice färskpressad,"Folat, totalt",Fruktjuice mm,22.1,µg
645,Citronjuice färskpressad,Fibrer,Fruktjuice mm,0.0,g
645,Citronjuice färskpressad,"Fett, totalt",Fruktjuice mm,0.0,g
645,Citronjuice färskpressad,"Järn, Fe",Fruktjuice mm,0.0,mg
645,Citronjuice färskpressad,Energi (kJ),Fruktjuice mm,120.0,kJ
645,Citronjuice färskpressad,Energi (kcal),Fruktjuice mm,29.0,kcal
645,Citronjuice färskpressad,Disackarider,Fruktjuice mm,0.2,g
645,Citronjuice färskpressad,"Kalcium, Ca",Fruktjuice mm,6.0,mg
645,Citronjuice färskpressad,Fettsyra 4:0-10:0,Fruktjuice mm,0.0,g
645,Citronjuice färskpressad,DHA (C22:6),Fruktjuice mm,0.0,g
645,Citronjuice färskpressad,DPA (C22:5),Fruktjuice mm,0.0,g
645,Citronjuice färskpressad,EPA (C20:5),Fruktjuice mm,0.0,g
645,Citronjuice färskpressad,Arakidonsyra C20:4,Fruktjuice mm,0.0,g
645,Citronjuice färskpressad,Arakidinsyra C20:0,Fruktjuice mm,0.0,g
645,Citronjuice färskpressad,Linolensyra C18:3,Fruktjuice mm,0.0,g
645,Citronjuice färskpressad,Linolsyra C18:2,Fruktjuice mm,0.0,g
645,Citronjuice färskpressad,Oljesyra C18:1,Fruktjuice mm,0.0,g
645,Citronjuice färskpressad,Stearinsyra C18:0,Fruktjuice mm,0.0,g
645,Citronjuice färskpressad,Palmitoljesyra C16:1,Fruktjuice mm,0.0,g
645,Citronjuice färskpressad,Palmitinsyra C16:0,Fruktjuice mm,0.0,g
645,Citronjuice färskpressad,Myristinsyra C14:0,Fruktjuice mm,0.0,g
645,Citronjuice färskpressad,Laurinsyra C12:0,Fruktjuice mm,0.0,g
645,Citronjuice färskpressad,Betakaroten/β-Karoten,Fruktjuice mm,1.0,µg
645,Citronjuice färskpressad,Avfall (skal etc.),Fruktjuice mm,0.0,%
645,Citronjuice färskpressad,Aska,Fruktjuice mm,0.2,g
645,Citronjuice färskpressad,Alkohol,Fruktjuice mm,0.0,g
646,Citronjuice konc. konserv.,"Zink, Zn",Fruktjuice mm,0.1,mg
646,Citronjuice konc. konserv.,Vitamin E,Fruktjuice mm,0.1,mg
646,Citronjuice konc. konserv.,Vitamin D inkl 25-OH-D3,Fruktjuice mm,0.0,µg
646,Citronjuice konc. konserv.,Vitamin D,Fruktjuice mm,0.0,µg
646,Citronjuice konc. konserv.,Vitamin C,Fruktjuice mm,25.0,mg
646,Citronjuice konc. konserv.,Vitamin B6,Fruktjuice mm,0.04,mg
646,Citronjuice konc. konserv.,Vitamin B12,Fruktjuice mm,0.0,µg
646,Citronjuice konc. konserv.,Vitamin A,Fruktjuice mm,1.0,RE/µg
646,Citronjuice konc. konserv.,Vatten,Fruktjuice mm,92.0,g
646,Citronjuice konc. konserv.,Tiamin,Fruktjuice mm,0.04,mg
646,Citronjuice konc. konserv.,Tillsatt socker,Fruktjuice mm,0.0,g
646,Citronjuice konc. konserv.,Fritt socker,Fruktjuice mm,0.0,g
646,Citronjuice konc. konserv.,"Selen, Se",Fruktjuice mm,1.8,µg
646,Citronjuice konc. konserv.,Sackaros,Fruktjuice mm,0.1,g
646,Citronjuice konc. konserv.,Riboflavin,Fruktjuice mm,0.01,mg
646,Citronjuice konc. konserv.,Retinol,Fruktjuice mm,0.0,µg
646,Citronjuice konc. konserv.,Protein,Fruktjuice mm,0.4,g
646,Citronjuice konc. konserv.,Summa fleromättade fettsyror,Fruktjuice mm,0.1,g
646,Citronjuice konc. konserv.,"Fosfor, P",Fruktjuice mm,9.0,mg
646,Citronjuice konc. konserv.,Niacinekvivalenter,Fruktjuice mm,0.27,NE/mg
646,Citronjuice konc. konserv.,Niacin,Fruktjuice mm,0.2,mg
646,Citronjuice konc. konserv.,"Salt, NaCl",Fruktjuice mm,0.0,g
646,Citronjuice konc. konserv.,"Natrium, Na",Fruktjuice mm,21.0,mg
646,Citronjuice konc. konserv.,Monosackarider,Fruktjuice mm,1.4,g
646,Citronjuice konc. konserv.,"Sockerarter, totalt",Fruktjuice mm,1.5,g
646,Citronjuice konc. konserv.,Summa enkelomättade fettsyror,Fruktjuice mm,0.0,g
646,Citronjuice konc. konserv.,"Magnesium, Mg",Fruktjuice mm,8.0,mg
646,Citronjuice konc. konserv.,Summa mättade fettsyror,Fruktjuice mm,0.0,g
646,Citronjuice konc. konserv.,"Kolhydrater, tillgängliga",Fruktjuice mm,6.8,g
646,Citronjuice konc. konserv.,Kolesterol,Fruktjuice mm,0.0,mg
646,Citronjuice konc. konserv.,"Kalium, K",Fruktjuice mm,102.0,mg
646,Citronjuice konc. konserv.,"Jod, I",Fruktjuice mm,0.0,µg
646,Citronjuice konc. konserv.,Fullkorn totalt,Fruktjuice mm,0.0,g
646,Citronjuice konc. konserv.,"Folat, totalt",Fruktjuice mm,10.0,µg
646,Citronjuice konc. konserv.,Fibrer,Fruktjuice mm,0.1,g
646,Citronjuice konc. konserv.,"Fett, totalt",Fruktjuice mm,0.3,g
646,Citronjuice konc. konserv.,"Järn, Fe",Fruktjuice mm,0.1,mg
646,Citronjuice konc. konserv.,Energi (kJ),Fruktjuice mm,134.0,kJ
646,Citronjuice konc. konserv.,Energi (kcal),Fruktjuice mm,32.0,kcal
646,Citronjuice konc. konserv.,Disackarider,Fruktjuice mm,0.1,g
646,Citronjuice konc. konserv.,"Kalcium, Ca",Fruktjuice mm,11.0,mg
646,Citronjuice konc. konserv.,Fettsyra 4:0-10:0,Fruktjuice mm,0.0,g
646,Citronjuice konc. konserv.,DHA (C22:6),Fruktjuice mm,0.0,g
646,Citronjuice konc. konserv.,DPA (C22:5),Fruktjuice mm,0.0,g
646,Citronjuice konc. konserv.,EPA (C20:5),Fruktjuice mm,0.0,g
646,Citronjuice konc. konserv.,Arakidonsyra C20:4,Fruktjuice mm,0.0,g
646,Citronjuice konc. konserv.,Arakidinsyra C20:0,Fruktjuice mm,0.0,g
646,Citronjuice konc. konserv.,Linolensyra C18:3,Fruktjuice mm,0.0,g
646,Citronjuice konc. konserv.,Linolsyra C18:2,Fruktjuice mm,0.1,g
646,Citronjuice konc. konserv.,Oljesyra C18:1,Fruktjuice mm,0.0,g
646,Citronjuice konc. konserv.,Stearinsyra C18:0,Fruktjuice mm,0.0,g
646,Citronjuice konc. konserv.,Palmitoljesyra C16:1,Fruktjuice mm,0.0,g
646,Citronjuice konc. konserv.,Palmitinsyra C16:0,Fruktjuice mm,0.0,g
646,Citronjuice konc. konserv.,Myristinsyra C14:0,Fruktjuice mm,0.0,g
646,Citronjuice konc. konserv.,Laurinsyra C12:0,Fruktjuice mm,0.0,g
646,Citronjuice konc. konserv.,Betakaroten/β-Karoten,Fruktjuice mm,12.0,µg
646,Citronjuice konc. konserv.,Avfall (skal etc.),Fruktjuice mm,0.0,%
646,Citronjuice konc. konserv.,Aska,Fruktjuice mm,0.4,g
646,Citronjuice konc. konserv.,Alkohol,Fruktjuice mm,0.0,g
647,Småcitrusjuice färskpressad,"Zink, Zn",Fruktjuice mm,0.0,mg
647,Småcitrusjuice färskpressad,Vitamin E,Fruktjuice mm,0.2,mg
647,Småcitrusjuice färskpressad,Vitamin D inkl 25-OH-D3,Fruktjuice mm,0.0,µg
647,Småcitrusjuice färskpressad,Vitamin D,Fruktjuice mm,0.0,µg
647,Småcitrusjuice färskpressad,Vitamin C,Fruktjuice mm,31.0,mg
647,Småcitrusjuice färskpressad,Vitamin B6,Fruktjuice mm,0.06,mg
647,Småcitrusjuice färskpressad,Vitamin B12,Fruktjuice mm,0.0,µg
647,Småcitrusjuice färskpressad,Vitamin A,Fruktjuice mm,20.8,RE/µg
647,Småcitrusjuice färskpressad,Vatten,Fruktjuice mm,89.0,g
647,Småcitrusjuice färskpressad,Tiamin,Fruktjuice mm,0.06,mg
647,Småcitrusjuice färskpressad,Tillsatt socker,Fruktjuice mm,0.0,g
647,Småcitrusjuice färskpressad,Fritt socker,Fruktjuice mm,6.0,g
647,Småcitrusjuice färskpressad,"Selen, Se",Fruktjuice mm,0.2,µg
647,Småcitrusjuice färskpressad,Sackaros,Fruktjuice mm,0.7,g
647,Småcitrusjuice färskpressad,Riboflavin,Fruktjuice mm,0.02,mg
647,Småcitrusjuice färskpressad,Retinol,Fruktjuice mm,0.0,µg
647,Småcitrusjuice färskpressad,Protein,Fruktjuice mm,0.5,g
647,Småcitrusjuice färskpressad,Summa fleromättade fettsyror,Fruktjuice mm,0.0,g
647,Småcitrusjuice färskpressad,"Fosfor, P",Fruktjuice mm,14.0,mg
647,Småcitrusjuice färskpressad,Niacinekvivalenter,Fruktjuice mm,0.18,NE/mg
647,Småcitrusjuice färskpressad,Niacin,Fruktjuice mm,0.1,mg
647,Småcitrusjuice färskpressad,"Salt, NaCl",Fruktjuice mm,0.0,g
647,Småcitrusjuice färskpressad,"Natrium, Na",Fruktjuice mm,1.0,mg
647,Småcitrusjuice färskpressad,Monosackarider,Fruktjuice mm,4.8,g
647,Småcitrusjuice färskpressad,"Sockerarter, totalt",Fruktjuice mm,5.5,g
647,Småcitrusjuice färskpressad,Summa enkelomättade fettsyror,Fruktjuice mm,0.0,g
647,Småcitrusjuice färskpressad,"Magnesium, Mg",Fruktjuice mm,8.0,mg
647,Småcitrusjuice färskpressad,Summa mättade fettsyror,Fruktjuice mm,0.0,g
647,Småcitrusjuice färskpressad,"Kolhydrater, tillgängliga",Fruktjuice mm,9.9,g
647,Småcitrusjuice färskpressad,Kolesterol,Fruktjuice mm,0.0,mg
647,Småcitrusjuice färskpressad,"Kalium, K",Fruktjuice mm,178.0,mg
647,Småcitrusjuice färskpressad,"Jod, I",Fruktjuice mm,0.0,µg
647,Småcitrusjuice färskpressad,Fullkorn totalt,Fruktjuice mm,0.0,g
647,Småcitrusjuice färskpressad,"Folat, totalt",Fruktjuice mm,20.0,µg
647,Småcitrusjuice färskpressad,Fibrer,Fruktjuice mm,0.1,g
647,Småcitrusjuice färskpressad,"Fett, totalt",Fruktjuice mm,0.2,g
647,Småcitrusjuice färskpressad,"Järn, Fe",Fruktjuice mm,0.2,mg
647,Småcitrusjuice färskpressad,Energi (kJ),Fruktjuice mm,185.0,kJ
647,Småcitrusjuice färskpressad,Energi (kcal),Fruktjuice mm,44.0,kcal
647,Småcitrusjuice färskpressad,Disackarider,Fruktjuice mm,0.7,g
647,Småcitrusjuice färskpressad,"Kalcium, Ca",Fruktjuice mm,18.0,mg
647,Småcitrusjuice färskpressad,Fettsyra 4:0-10:0,Fruktjuice mm,0.0,g
647,Småcitrusjuice färskpressad,DHA (C22:6),Fruktjuice mm,0.0,g
647,Småcitrusjuice färskpressad,DPA (C22:5),Fruktjuice mm,0.0,g
647,Småcitrusjuice färskpressad,EPA (C20:5),Fruktjuice mm,0.0,g
647,Småcitrusjuice färskpressad,Arakidonsyra C20:4,Fruktjuice mm,0.0,g
647,Småcitrusjuice färskpressad,Arakidinsyra C20:0,Fruktjuice mm,0.0,g
647,Småcitrusjuice färskpressad,Linolensyra C18:3,Fruktjuice mm,0.0,g
647,Småcitrusjuice färskpressad,Linolsyra C18:2,Fruktjuice mm,0.0,g
647,Småcitrusjuice färskpressad,Oljesyra C18:1,Fruktjuice mm,0.0,g
647,Småcitrusjuice färskpressad,Stearinsyra C18:0,Fruktjuice mm,0.0,g
647,Småcitrusjuice färskpressad,Palmitoljesyra C16:1,Fruktjuice mm,0.0,g
647,Småcitrusjuice färskpressad,Palmitinsyra C16:0,Fruktjuice mm,0.0,g
647,Småcitrusjuice färskpressad,Myristinsyra C14:0,Fruktjuice mm,0.0,g
647,Småcitrusjuice färskpressad,Laurinsyra C12:0,Fruktjuice mm,0.0,g
647,Småcitrusjuice färskpressad,Betakaroten/β-Karoten,Fruktjuice mm,250.0,µg
647,Småcitrusjuice färskpressad,Avfall (skal etc.),Fruktjuice mm,0.0,%
647,Småcitrusjuice färskpressad,Aska,Fruktjuice mm,0.3,g
647,Småcitrusjuice färskpressad,Alkohol,Fruktjuice mm,0.0,g
649,Grapefruktjuice färskpressad,"Zink, Zn",Fruktjuice mm,0.0,mg
649,Grapefruktjuice färskpressad,Vitamin E,Fruktjuice mm,0.2,mg
649,Grapefruktjuice färskpressad,Vitamin D inkl 25-OH-D3,Fruktjuice mm,0.0,µg
649,Grapefruktjuice färskpressad,Vitamin D,Fruktjuice mm,0.0,µg
649,Grapefruktjuice färskpressad,Vitamin C,Fruktjuice mm,38.0,mg
649,Grapefruktjuice färskpressad,Vitamin B6,Fruktjuice mm,0.03,mg
649,Grapefruktjuice färskpressad,Vitamin B12,Fruktjuice mm,0.0,µg
649,Grapefruktjuice färskpressad,Vitamin A,Fruktjuice mm,0.0,RE/µg
649,Grapefruktjuice färskpressad,Vatten,Fruktjuice mm,88.7,g
649,Grapefruktjuice färskpressad,Tiamin,Fruktjuice mm,0.04,mg
649,Grapefruktjuice färskpressad,Tillsatt socker,Fruktjuice mm,0.0,g
649,Grapefruktjuice färskpressad,Fritt socker,Fruktjuice mm,8.0,g
649,Grapefruktjuice färskpressad,"Selen, Se",Fruktjuice mm,1.0,µg
649,Grapefruktjuice färskpressad,Sackaros,Fruktjuice mm,2.0,g
649,Grapefruktjuice färskpressad,Riboflavin,Fruktjuice mm,0.01,mg
649,Grapefruktjuice färskpressad,Retinol,Fruktjuice mm,0.0,µg
649,Grapefruktjuice färskpressad,Protein,Fruktjuice mm,0.6,g
649,Grapefruktjuice färskpressad,Summa fleromättade fettsyror,Fruktjuice mm,0.0,g
649,Grapefruktjuice färskpressad,"Fosfor, P",Fruktjuice mm,12.0,mg
649,Grapefruktjuice färskpressad,Niacinekvivalenter,Fruktjuice mm,0.3,NE/mg
649,Grapefruktjuice färskpressad,Niacin,Fruktjuice mm,0.2,mg
649,Grapefruktjuice färskpressad,"Salt, NaCl",Fruktjuice mm,0.0,g
649,Grapefruktjuice färskpressad,"Natrium, Na",Fruktjuice mm,1.0,mg
649,Grapefruktjuice färskpressad,Monosackarider,Fruktjuice mm,6.3,g
649,Grapefruktjuice färskpressad,"Sockerarter, totalt",Fruktjuice mm,8.3,g
649,Grapefruktjuice färskpressad,Summa enkelomättade fettsyror,Fruktjuice mm,0.0,g
649,Grapefruktjuice färskpressad,"Magnesium, Mg",Fruktjuice mm,9.0,mg
649,Grapefruktjuice färskpressad,Summa mättade fettsyror,Fruktjuice mm,0.0,g
649,Grapefruktjuice färskpressad,"Kolhydrater, tillgängliga",Fruktjuice mm,10.2,g
649,Grapefruktjuice färskpressad,Kolesterol,Fruktjuice mm,0.0,mg
649,Grapefruktjuice färskpressad,"Kalium, K",Fruktjuice mm,180.0,mg
649,Grapefruktjuice färskpressad,"Jod, I",Fruktjuice mm,0.1,µg
649,Grapefruktjuice färskpressad,Fullkorn totalt,Fruktjuice mm,0.0,g
649,Grapefruktjuice färskpressad,"Folat, totalt",Fruktjuice mm,11.0,µg
649,Grapefruktjuice färskpressad,Fibrer,Fruktjuice mm,0.1,g
649,Grapefruktjuice färskpressad,"Fett, totalt",Fruktjuice mm,0.1,g
649,Grapefruktjuice färskpressad,"Järn, Fe",Fruktjuice mm,0.1,mg
649,Grapefruktjuice färskpressad,Energi (kJ),Fruktjuice mm,188.0,kJ
649,Grapefruktjuice färskpressad,Energi (kcal),Fruktjuice mm,45.0,kcal
649,Grapefruktjuice färskpressad,Disackarider,Fruktjuice mm,2.0,g
649,Grapefruktjuice färskpressad,"Kalcium, Ca",Fruktjuice mm,9.0,mg
649,Grapefruktjuice färskpressad,Fettsyra 4:0-10:0,Fruktjuice mm,0.0,g
649,Grapefruktjuice färskpressad,DHA (C22:6),Fruktjuice mm,0.0,g
649,Grapefruktjuice färskpressad,DPA (C22:5),Fruktjuice mm,0.0,g
649,Grapefruktjuice färskpressad,EPA (C20:5),Fruktjuice mm,0.0,g
649,Grapefruktjuice färskpressad,Arakidonsyra C20:4,Fruktjuice mm,0.0,g
649,Grapefruktjuice färskpressad,Arakidinsyra C20:0,Fruktjuice mm,0.0,g
649,Grapefruktjuice färskpressad,Linolensyra C18:3,Fruktjuice mm,0.0,g
649,Grapefruktjuice färskpressad,Linolsyra C18:2,Fruktjuice mm,0.0,g
649,Grapefruktjuice färskpressad,Oljesyra C18:1,Fruktjuice mm,0.0,g
649,Grapefruktjuice färskpressad,Stearinsyra C18:0,Fruktjuice mm,0.0,g
649,Grapefruktjuice färskpressad,Palmitoljesyra C16:1,Fruktjuice mm,0.0,g
649,Grapefruktjuice färskpressad,Palmitinsyra C16:0,Fruktjuice mm,0.0,g
649,Grapefruktjuice färskpressad,Myristinsyra C14:0,Fruktjuice mm,0.0,g
649,Grapefruktjuice färskpressad,Laurinsyra C12:0,Fruktjuice mm,0.0,g
649,Grapefruktjuice färskpressad,Betakaroten/β-Karoten,Fruktjuice mm,0.0,µg
649,Grapefruktjuice färskpressad,Avfall (skal etc.),Fruktjuice mm,0.0,%
649,Grapefruktjuice färskpressad,Aska,Fruktjuice mm,0.3,g
649,Grapefruktjuice färskpressad,Alkohol,Fruktjuice mm,0.0,g
652,Limejuice färskpressad,"Zink, Zn",Fruktjuice mm,0.1,mg
652,Limejuice färskpressad,Vitamin E,Fruktjuice mm,0.2,mg
652,Limejuice färskpressad,Vitamin D inkl 25-OH-D3,Fruktjuice mm,0.0,µg
652,Limejuice färskpressad,Vitamin D,Fruktjuice mm,0.0,µg
652,Limejuice färskpressad,Vitamin C,Fruktjuice mm,33.0,mg
652,Limejuice färskpressad,Vitamin B6,Fruktjuice mm,0.05,mg
652,Limejuice färskpressad,Vitamin B12,Fruktjuice mm,0.0,µg
652,Limejuice färskpressad,Vitamin A,Fruktjuice mm,0.0,RE/µg
652,Limejuice färskpressad,Vatten,Fruktjuice mm,89.8,g
652,Limejuice färskpressad,Tiamin,Fruktjuice mm,0.03,mg
652,Limejuice färskpressad,Tillsatt socker,Fruktjuice mm,0.0,g
652,Limejuice färskpressad,Fritt socker,Fruktjuice mm,2.0,g
652,Limejuice färskpressad,"Selen, Se",Fruktjuice mm,0.2,µg
652,Limejuice färskpressad,Sackaros,Fruktjuice mm,0.4,g
652,Limejuice färskpressad,Riboflavin,Fruktjuice mm,0.02,mg
652,Limejuice färskpressad,Retinol,Fruktjuice mm,0.0,µg
652,Limejuice färskpressad,Protein,Fruktjuice mm,0.4,g
652,Limejuice färskpressad,Summa fleromättade fettsyror,Fruktjuice mm,0.0,g
652,Limejuice färskpressad,"Fosfor, P",Fruktjuice mm,16.0,mg
652,Limejuice färskpressad,Niacinekvivalenter,Fruktjuice mm,0.2,NE/mg
652,Limejuice färskpressad,Niacin,Fruktjuice mm,0.1,mg
652,Limejuice färskpressad,"Salt, NaCl",Fruktjuice mm,0.0,g
652,Limejuice färskpressad,"Natrium, Na",Fruktjuice mm,1.0,mg
652,Limejuice färskpressad,Monosackarider,Fruktjuice mm,1.2,g
652,Limejuice färskpressad,"Sockerarter, totalt",Fruktjuice mm,1.6,g
652,Limejuice färskpressad,Summa enkelomättade fettsyror,Fruktjuice mm,0.0,g
652,Limejuice färskpressad,"Magnesium, Mg",Fruktjuice mm,9.0,mg
652,Limejuice färskpressad,Summa mättade fettsyror,Fruktjuice mm,0.0,g
652,Limejuice färskpressad,"Kolhydrater, tillgängliga",Fruktjuice mm,9.1,g
652,Limejuice färskpressad,Kolesterol,Fruktjuice mm,0.0,mg
652,Limejuice färskpressad,"Kalium, K",Fruktjuice mm,160.0,mg
652,Limejuice färskpressad,"Jod, I",Fruktjuice mm,0.0,µg
652,Limejuice färskpressad,Fullkorn totalt,Fruktjuice mm,0.0,g
652,Limejuice färskpressad,"Folat, totalt",Fruktjuice mm,17.0,µg
652,Limejuice färskpressad,Fibrer,Fruktjuice mm,0.2,g
652,Limejuice färskpressad,"Fett, totalt",Fruktjuice mm,0.1,g
652,Limejuice färskpressad,"Järn, Fe",Fruktjuice mm,0.2,mg
652,Limejuice färskpressad,Energi (kJ),Fruktjuice mm,167.0,kJ
652,Limejuice färskpressad,Energi (kcal),Fruktjuice mm,40.0,kcal
652,Limejuice färskpressad,Disackarider,Fruktjuice mm,0.4,g
652,Limejuice färskpressad,"Kalcium, Ca",Fruktjuice mm,16.0,mg
652,Limejuice färskpressad,Fettsyra 4:0-10:0,Fruktjuice mm,0.0,g
652,Limejuice färskpressad,DHA (C22:6),Fruktjuice mm,0.0,g
652,Limejuice färskpressad,DPA (C22:5),Fruktjuice mm,0.0,g
652,Limejuice färskpressad,EPA (C20:5),Fruktjuice mm,0.0,g
652,Limejuice färskpressad,Arakidonsyra C20:4,Fruktjuice mm,0.0,g
652,Limejuice färskpressad,Arakidinsyra C20:0,Fruktjuice mm,0.0,g
652,Limejuice färskpressad,Linolensyra C18:3,Fruktjuice mm,0.0,g
652,Limejuice färskpressad,Linolsyra C18:2,Fruktjuice mm,0.0,g
652,Limejuice färskpressad,Oljesyra C18:1,Fruktjuice mm,0.0,g
652,Limejuice färskpressad,Stearinsyra C18:0,Fruktjuice mm,0.0,g
652,Limejuice färskpressad,Palmitoljesyra C16:1,Fruktjuice mm,0.0,g
652,Limejuice färskpressad,Palmitinsyra C16:0,Fruktjuice mm,0.0,g
652,Limejuice färskpressad,Myristinsyra C14:0,Fruktjuice mm,0.0,g
652,Limejuice färskpressad,Laurinsyra C12:0,Fruktjuice mm,0.0,g
652,Limejuice färskpressad,Betakaroten/β-Karoten,Fruktjuice mm,0.0,µg
652,Limejuice färskpressad,Avfall (skal etc.),Fruktjuice mm,0.0,%
652,Limejuice färskpressad,Aska,Fruktjuice mm,0.4,g
652,Limejuice färskpressad,Alkohol,Fruktjuice mm,0.0,g
654,Risgrynsgröt lättmjölk fett ca 1%,"Zink, Zn",Gröt,0.4,mg
654,Risgrynsgröt lättmjölk fett ca 1%,Vitamin E,Gröt,0.1,mg
654,Risgrynsgröt lättmjölk fett ca 1%,Vitamin D,Gröt,0.81,µg
654,Risgrynsgröt lättmjölk fett ca 1%,Vitamin C,Gröt,0.4,mg
654,Risgrynsgröt lättmjölk fett ca 1%,Vitamin B6,Gröt,0.04,mg
654,Risgrynsgröt lättmjölk fett ca 1%,Vitamin B12,Gröt,0.29,µg
654,Risgrynsgröt lättmjölk fett ca 1%,Vitamin A,Gröt,10.7,RE/µg
654,Risgrynsgröt lättmjölk fett ca 1%,Vatten,Gröt,81.2,g
654,Risgrynsgröt lättmjölk fett ca 1%,Tiamin,Gröt,0.04,mg
654,Risgrynsgröt lättmjölk fett ca 1%,Tillsatt socker,Gröt,0.0,g
654,Risgrynsgröt lättmjölk fett ca 1%,Fritt socker,Gröt,0.0,g
654,Risgrynsgröt lättmjölk fett ca 1%,"Selen, Se",Gröt,1.1,µg
654,Risgrynsgröt lättmjölk fett ca 1%,Sackaros,Gröt,0.0,g
654,Risgrynsgröt lättmjölk fett ca 1%,Riboflavin,Gröt,0.09,mg
654,Risgrynsgröt lättmjölk fett ca 1%,Retinol,Gröt,10.2,µg
654,Risgrynsgröt lättmjölk fett ca 1%,Protein,Gröt,3.2,g
654,Risgrynsgröt lättmjölk fett ca 1%,Summa fleromättade fettsyror,Gröt,0.2,g
654,Risgrynsgröt lättmjölk fett ca 1%,"Fosfor, P",Gröt,106.0,mg
654,Risgrynsgröt lättmjölk fett ca 1%,Niacinekvivalenter,Gröt,0.97,NE/mg
654,Risgrynsgröt lättmjölk fett ca 1%,Niacin,Gröt,0.24,mg
654,Risgrynsgröt lättmjölk fett ca 1%,"Salt, NaCl",Gröt,0.4,g
654,Risgrynsgröt lättmjölk fett ca 1%,"Natrium, Na",Gröt,139.0,mg
654,Risgrynsgröt lättmjölk fett ca 1%,Monosackarider,Gröt,0.0,g
654,Risgrynsgröt lättmjölk fett ca 1%,"Sockerarter, totalt",Gröt,3.2,g
654,Risgrynsgröt lättmjölk fett ca 1%,Summa enkelomättade fettsyror,Gröt,0.4,g
654,Risgrynsgröt lättmjölk fett ca 1%,"Magnesium, Mg",Gröt,11.0,mg
654,Risgrynsgröt lättmjölk fett ca 1%,Summa mättade fettsyror,Gröt,0.6,g
654,Risgrynsgröt lättmjölk fett ca 1%,"Kolhydrater, tillgängliga",Gröt,13.3,g
654,Risgrynsgröt lättmjölk fett ca 1%,Kolesterol,Gröt,3.0,mg
654,Risgrynsgröt lättmjölk fett ca 1%,"Kalium, K",Gröt,116.0,mg
654,Risgrynsgröt lättmjölk fett ca 1%,"Jod, I",Gröt,29.2,µg
654,Risgrynsgröt lättmjölk fett ca 1%,Fullkorn totalt,Gröt,0.0,g
654,Risgrynsgröt lättmjölk fett ca 1%,"Folat, totalt",Gröt,5.5,µg
654,Risgrynsgröt lättmjölk fett ca 1%,Fibrer,Gröt,0.1,g
654,Risgrynsgröt lättmjölk fett ca 1%,"Fett, totalt",Gröt,1.3,g
654,Risgrynsgröt lättmjölk fett ca 1%,"Järn, Fe",Gröt,0.0,mg
654,Risgrynsgröt lättmjölk fett ca 1%,Energi (kJ),Gröt,329.0,kJ
654,Risgrynsgröt lättmjölk fett ca 1%,Energi (kcal),Gröt,79.0,kcal
654,Risgrynsgröt lättmjölk fett ca 1%,Disackarider,Gröt,3.2,g
654,Risgrynsgröt lättmjölk fett ca 1%,"Kalcium, Ca",Gröt,84.0,mg
654,Risgrynsgröt lättmjölk fett ca 1%,Fettsyra 4:0-10:0,Gröt,0.1,g
654,Risgrynsgröt lättmjölk fett ca 1%,DHA (C22:6),Gröt,0.0,g
654,Risgrynsgröt lättmjölk fett ca 1%,DPA (C22:5),Gröt,0.0,g
654,Risgrynsgröt lättmjölk fett ca 1%,EPA (C20:5),Gröt,0.0,g
654,Risgrynsgröt lättmjölk fett ca 1%,Arakidonsyra C20:4,Gröt,0.0,g
654,Risgrynsgröt lättmjölk fett ca 1%,Arakidinsyra C20:0,Gröt,0.0,g
654,Risgrynsgröt lättmjölk fett ca 1%,Linolensyra C18:3,Gröt,0.0,g
654,Risgrynsgröt lättmjölk fett ca 1%,Linolsyra C18:2,Gröt,0.1,g
654,Risgrynsgröt lättmjölk fett ca 1%,Oljesyra C18:1,Gröt,0.4,g
654,Risgrynsgröt lättmjölk fett ca 1%,Stearinsyra C18:0,Gröt,0.1,g
654,Risgrynsgröt lättmjölk fett ca 1%,Palmitoljesyra C16:1,Gröt,0.0,g
654,Risgrynsgröt lättmjölk fett ca 1%,Palmitinsyra C16:0,Gröt,0.4,g
654,Risgrynsgröt lättmjölk fett ca 1%,Myristinsyra C14:0,Gröt,0.1,g
654,Risgrynsgröt lättmjölk fett ca 1%,Laurinsyra C12:0,Gröt,0.0,g
654,Risgrynsgröt lättmjölk fett ca 1%,Betakaroten/β-Karoten,Gröt,7.0,µg
654,Risgrynsgröt lättmjölk fett ca 1%,Avfall (skal etc.),Gröt,0.0,%
654,Risgrynsgröt lättmjölk fett ca 1%,Aska,Gröt,0.9,g
654,Risgrynsgröt lättmjölk fett ca 1%,Alkohol,Gröt,0.0,g
655,Risgrynsgröt,"Zink, Zn",Gröt,0.4,mg
655,Risgrynsgröt,Vitamin E,Gröt,0.1,mg
655,Risgrynsgröt,Vitamin D,Gröt,0.81,µg
655,Risgrynsgröt,Vitamin C,Gröt,0.4,mg
655,Risgrynsgröt,Vitamin B6,Gröt,0.04,mg
655,Risgrynsgröt,Vitamin B12,Gröt,0.28,µg
655,Risgrynsgröt,Vitamin A,Gröt,18.2,RE/µg
655,Risgrynsgröt,Vatten,Gröt,80.3,g
655,Risgrynsgröt,Tiamin,Gröt,0.04,mg
655,Risgrynsgröt,Tillsatt socker,Gröt,0.0,g
655,Risgrynsgröt,Fritt socker,Gröt,0.0,g
655,Risgrynsgröt,"Selen, Se",Gröt,1.1,µg
655,Risgrynsgröt,Sackaros,Gröt,0.0,g
655,Risgrynsgröt,Riboflavin,Gröt,0.09,mg
655,Risgrynsgröt,Retinol,Gröt,17.2,µg
655,Risgrynsgröt,Protein,Gröt,3.2,g
655,Risgrynsgröt,Summa fleromättade fettsyror,Gröt,0.2,g
655,Risgrynsgröt,"Fosfor, P",Gröt,105.0,mg
655,Risgrynsgröt,Niacinekvivalenter,Gröt,0.95,NE/mg
655,Risgrynsgröt,Niacin,Gröt,0.24,mg
655,Risgrynsgröt,"Salt, NaCl",Gröt,0.4,g
655,Risgrynsgröt,"Natrium, Na",Gröt,167.0,mg
655,Risgrynsgröt,Monosackarider,Gröt,0.0,g
655,Risgrynsgröt,"Sockerarter, totalt",Gröt,3.1,g
655,Risgrynsgröt,Summa enkelomättade fettsyror,Gröt,0.6,g
655,Risgrynsgröt,"Magnesium, Mg",Gröt,11.0,mg
655,Risgrynsgröt,Summa mättade fettsyror,Gröt,1.2,g
655,Risgrynsgröt,"Kolhydrater, tillgängliga",Gröt,13.3,g
655,Risgrynsgröt,Kolesterol,Gröt,5.6,mg
655,Risgrynsgröt,"Kalium, K",Gröt,114.0,mg
655,Risgrynsgröt,"Jod, I",Gröt,32.5,µg
655,Risgrynsgröt,Fullkorn totalt,Gröt,0.0,g
655,Risgrynsgröt,"Folat, totalt",Gröt,5.4,µg
655,Risgrynsgröt,Fibrer,Gröt,0.1,g
655,Risgrynsgröt,"Fett, totalt",Gröt,2.1,g
655,Risgrynsgröt,"Järn, Fe",Gröt,0.0,mg
655,Risgrynsgröt,Energi (kJ),Gröt,359.0,kJ
655,Risgrynsgröt,Energi (kcal),Gröt,86.0,kcal
655,Risgrynsgröt,Disackarider,Gröt,3.1,g
655,Risgrynsgröt,"Kalcium, Ca",Gröt,83.0,mg
655,Risgrynsgröt,Fettsyra 4:0-10:0,Gröt,0.1,g
655,Risgrynsgröt,DHA (C22:6),Gröt,0.0,g
655,Risgrynsgröt,DPA (C22:5),Gröt,0.0,g
655,Risgrynsgröt,EPA (C20:5),Gröt,0.0,g
655,Risgrynsgröt,Arakidonsyra C20:4,Gröt,0.0,g
655,Risgrynsgröt,Arakidinsyra C20:0,Gröt,0.0,g
655,Risgrynsgröt,Linolensyra C18:3,Gröt,0.0,g
655,Risgrynsgröt,Linolsyra C18:2,Gröt,0.2,g
655,Risgrynsgröt,Oljesyra C18:1,Gröt,0.6,g
655,Risgrynsgröt,Stearinsyra C18:0,Gröt,0.2,g
655,Risgrynsgröt,Palmitoljesyra C16:1,Gröt,0.0,g
655,Risgrynsgröt,Palmitinsyra C16:0,Gröt,0.6,g
655,Risgrynsgröt,Myristinsyra C14:0,Gröt,0.2,g
655,Risgrynsgröt,Laurinsyra C12:0,Gröt,0.1,g
655,Risgrynsgröt,Betakaroten/β-Karoten,Gröt,12.0,µg
655,Risgrynsgröt,Avfall (skal etc.),Gröt,0.0,%
655,Risgrynsgröt,Aska,Gröt,0.9,g
655,Risgrynsgröt,Alkohol,Gröt,0.0,g
657,Limejuice konc. konserv.,"Zink, Zn",Fruktjuice mm,0.1,mg
657,Limejuice konc. konserv.,Vitamin E,Fruktjuice mm,0.0,mg
657,Limejuice konc. konserv.,Vitamin D inkl 25-OH-D3,Fruktjuice mm,0.0,µg
657,Limejuice konc. konserv.,Vitamin D,Fruktjuice mm,0.0,µg
657,Limejuice konc. konserv.,Vitamin C,Fruktjuice mm,6.0,mg
657,Limejuice konc. konserv.,Vitamin B6,Fruktjuice mm,0.03,mg
657,Limejuice konc. konserv.,Vitamin B12,Fruktjuice mm,0.0,µg
657,Limejuice konc. konserv.,Vitamin A,Fruktjuice mm,1.0,RE/µg
657,Limejuice konc. konserv.,Vatten,Fruktjuice mm,93.0,g
657,Limejuice konc. konserv.,Tiamin,Fruktjuice mm,0.03,mg
657,Limejuice konc. konserv.,Tillsatt socker,Fruktjuice mm,0.0,g
657,Limejuice konc. konserv.,Fritt socker,Fruktjuice mm,0.0,g
657,Limejuice konc. konserv.,"Selen, Se",Fruktjuice mm,0.2,µg
657,Limejuice konc. konserv.,Sackaros,Fruktjuice mm,0.0,g
657,Limejuice konc. konserv.,Riboflavin,Fruktjuice mm,0.0,mg
657,Limejuice konc. konserv.,Retinol,Fruktjuice mm,0.0,µg
657,Limejuice konc. konserv.,Protein,Fruktjuice mm,0.2,g
657,Limejuice konc. konserv.,Summa fleromättade fettsyror,Fruktjuice mm,0.1,g
657,Limejuice konc. konserv.,"Fosfor, P",Fruktjuice mm,10.0,mg
657,Limejuice konc. konserv.,Niacinekvivalenter,Fruktjuice mm,0.13,NE/mg
657,Limejuice konc. konserv.,Niacin,Fruktjuice mm,0.1,mg
657,Limejuice konc. konserv.,"Salt, NaCl",Fruktjuice mm,0.0,g
657,Limejuice konc. konserv.,"Natrium, Na",Fruktjuice mm,16.0,mg
657,Limejuice konc. konserv.,Monosackarider,Fruktjuice mm,0.7,g
657,Limejuice konc. konserv.,"Sockerarter, totalt",Fruktjuice mm,0.7,g
657,Limejuice konc. konserv.,Summa enkelomättade fettsyror,Fruktjuice mm,0.0,g
657,Limejuice konc. konserv.,"Magnesium, Mg",Fruktjuice mm,7.0,mg
657,Limejuice konc. konserv.,Summa mättade fettsyror,Fruktjuice mm,0.0,g
657,Limejuice konc. konserv.,"Kolhydrater, tillgängliga",Fruktjuice mm,6.2,g
657,Limejuice konc. konserv.,Kolesterol,Fruktjuice mm,0.0,mg
657,Limejuice konc. konserv.,"Kalium, K",Fruktjuice mm,75.0,mg
657,Limejuice konc. konserv.,"Jod, I",Fruktjuice mm,1.0,µg
657,Limejuice konc. konserv.,Fullkorn totalt,Fruktjuice mm,0.0,g
657,Limejuice konc. konserv.,"Folat, totalt",Fruktjuice mm,8.0,µg
657,Limejuice konc. konserv.,Fibrer,Fruktjuice mm,0.1,g
657,Limejuice konc. konserv.,"Fett, totalt",Fruktjuice mm,0.2,g
657,Limejuice konc. konserv.,"Järn, Fe",Fruktjuice mm,0.2,mg
657,Limejuice konc. konserv.,Energi (kJ),Fruktjuice mm,117.0,kJ
657,Limejuice konc. konserv.,Energi (kcal),Fruktjuice mm,28.0,kcal
657,Limejuice konc. konserv.,Disackarider,Fruktjuice mm,0.0,g
657,Limejuice konc. konserv.,"Kalcium, Ca",Fruktjuice mm,12.0,mg
657,Limejuice konc. konserv.,Fettsyra 4:0-10:0,Fruktjuice mm,0.0,g
657,Limejuice konc. konserv.,DHA (C22:6),Fruktjuice mm,0.0,g
657,Limejuice konc. konserv.,DPA (C22:5),Fruktjuice mm,0.0,g
657,Limejuice konc. konserv.,EPA (C20:5),Fruktjuice mm,0.0,g
657,Limejuice konc. konserv.,Arakidonsyra C20:4,Fruktjuice mm,0.0,g
657,Limejuice konc. konserv.,Arakidinsyra C20:0,Fruktjuice mm,0.0,g
657,Limejuice konc. konserv.,Linolensyra C18:3,Fruktjuice mm,0.0,g
657,Limejuice konc. konserv.,Linolsyra C18:2,Fruktjuice mm,0.0,g
657,Limejuice konc. konserv.,Oljesyra C18:1,Fruktjuice mm,0.0,g
657,Limejuice konc. konserv.,Stearinsyra C18:0,Fruktjuice mm,0.0,g
657,Limejuice konc. konserv.,Palmitoljesyra C16:1,Fruktjuice mm,0.0,g
657,Limejuice konc. konserv.,Palmitinsyra C16:0,Fruktjuice mm,0.0,g
657,Limejuice konc. konserv.,Myristinsyra C14:0,Fruktjuice mm,0.0,g
657,Limejuice konc. konserv.,Laurinsyra C12:0,Fruktjuice mm,0.0,g
657,Limejuice konc. konserv.,Betakaroten/β-Karoten,Fruktjuice mm,12.0,µg
657,Limejuice konc. konserv.,Avfall (skal etc.),Fruktjuice mm,0.0,%
657,Limejuice konc. konserv.,Aska,Fruktjuice mm,0.3,g
657,Limejuice konc. konserv.,Alkohol,Fruktjuice mm,0.0,g
658,Druvjuice konserv. drickf.,"Zink, Zn",Fruktjuice mm,0.1,mg
658,Druvjuice konserv. drickf.,Vitamin E,Fruktjuice mm,0.2,mg
658,Druvjuice konserv. drickf.,Vitamin D inkl 25-OH-D3,Fruktjuice mm,0.0,µg
658,Druvjuice konserv. drickf.,Vitamin D,Fruktjuice mm,0.0,µg
658,Druvjuice konserv. drickf.,Vitamin C,Fruktjuice mm,3.0,mg
658,Druvjuice konserv. drickf.,Vitamin B6,Fruktjuice mm,0.07,mg
658,Druvjuice konserv. drickf.,Vitamin B12,Fruktjuice mm,0.0,µg
658,Druvjuice konserv. drickf.,Vitamin A,Fruktjuice mm,0.5,RE/µg
658,Druvjuice konserv. drickf.,Vatten,Fruktjuice mm,84.0,g
658,Druvjuice konserv. drickf.,Tiamin,Fruktjuice mm,0.03,mg
658,Druvjuice konserv. drickf.,Tillsatt socker,Fruktjuice mm,0.0,g
658,Druvjuice konserv. drickf.,Fritt socker,Fruktjuice mm,0.0,g
658,Druvjuice konserv. drickf.,"Selen, Se",Fruktjuice mm,0.1,µg
658,Druvjuice konserv. drickf.,Sackaros,Fruktjuice mm,0.2,g
658,Druvjuice konserv. drickf.,Riboflavin,Fruktjuice mm,0.04,mg
658,Druvjuice konserv. drickf.,Retinol,Fruktjuice mm,0.0,µg
658,Druvjuice konserv. drickf.,Protein,Fruktjuice mm,0.6,g
658,Druvjuice konserv. drickf.,Summa fleromättade fettsyror,Fruktjuice mm,0.0,g
658,Druvjuice konserv. drickf.,"Fosfor, P",Fruktjuice mm,11.0,mg
658,Druvjuice konserv. drickf.,Niacinekvivalenter,Fruktjuice mm,0.4,NE/mg
658,Druvjuice konserv. drickf.,Niacin,Fruktjuice mm,0.3,mg
658,Druvjuice konserv. drickf.,"Salt, NaCl",Fruktjuice mm,0.0,g
658,Druvjuice konserv. drickf.,"Natrium, Na",Fruktjuice mm,3.0,mg
658,Druvjuice konserv. drickf.,Monosackarider,Fruktjuice mm,13.9,g
658,Druvjuice konserv. drickf.,"Sockerarter, totalt",Fruktjuice mm,14.1,g
658,Druvjuice konserv. drickf.,Summa enkelomättade fettsyror,Fruktjuice mm,0.0,g
658,Druvjuice konserv. drickf.,"Magnesium, Mg",Fruktjuice mm,10.0,mg
658,Druvjuice konserv. drickf.,Summa mättade fettsyror,Fruktjuice mm,0.0,g
658,Druvjuice konserv. drickf.,"Kolhydrater, tillgängliga",Fruktjuice mm,14.6,g
658,Druvjuice konserv. drickf.,Kolesterol,Fruktjuice mm,0.0,mg
658,Druvjuice konserv. drickf.,"Kalium, K",Fruktjuice mm,132.0,mg
658,Druvjuice konserv. drickf.,"Jod, I",Fruktjuice mm,1.0,µg
658,Druvjuice konserv. drickf.,Fullkorn totalt,Fruktjuice mm,0.0,g
658,Druvjuice konserv. drickf.,"Folat, totalt",Fruktjuice mm,3.0,µg
658,Druvjuice konserv. drickf.,Fibrer,Fruktjuice mm,0.5,g
658,Druvjuice konserv. drickf.,"Fett, totalt",Fruktjuice mm,0.0,g
658,Druvjuice konserv. drickf.,"Järn, Fe",Fruktjuice mm,0.2,mg
658,Druvjuice konserv. drickf.,Energi (kJ),Fruktjuice mm,262.0,kJ
658,Druvjuice konserv. drickf.,Energi (kcal),Fruktjuice mm,63.0,kcal
658,Druvjuice konserv. drickf.,Disackarider,Fruktjuice mm,0.2,g
658,Druvjuice konserv. drickf.,"Kalcium, Ca",Fruktjuice mm,9.0,mg
658,Druvjuice konserv. drickf.,Fettsyra 4:0-10:0,Fruktjuice mm,0.0,g
658,Druvjuice konserv. drickf.,DHA (C22:6),Fruktjuice mm,0.0,g
658,Druvjuice konserv. drickf.,DPA (C22:5),Fruktjuice mm,0.0,g
658,Druvjuice konserv. drickf.,EPA (C20:5),Fruktjuice mm,0.0,g
658,Druvjuice konserv. drickf.,Arakidonsyra C20:4,Fruktjuice mm,0.0,g
658,Druvjuice konserv. drickf.,Arakidinsyra C20:0,Fruktjuice mm,0.0,g
658,Druvjuice konserv. drickf.,Linolensyra C18:3,Fruktjuice mm,0.0,g
658,Druvjuice konserv. drickf.,Linolsyra C18:2,Fruktjuice mm,0.0,g
658,Druvjuice konserv. drickf.,Oljesyra C18:1,Fruktjuice mm,0.0,g
658,Druvjuice konserv. drickf.,Stearinsyra C18:0,Fruktjuice mm,0.0,g
658,Druvjuice konserv. drickf.,Palmitoljesyra C16:1,Fruktjuice mm,0.0,g
658,Druvjuice konserv. drickf.,Palmitinsyra C16:0,Fruktjuice mm,0.0,g
658,Druvjuice konserv. drickf.,Myristinsyra C14:0,Fruktjuice mm,0.0,g
658,Druvjuice konserv. drickf.,Laurinsyra C12:0,Fruktjuice mm,0.0,g
658,Druvjuice konserv. drickf.,Betakaroten/β-Karoten,Fruktjuice mm,6.0,µg
658,Druvjuice konserv. drickf.,Avfall (skal etc.),Fruktjuice mm,0.0,%
658,Druvjuice konserv. drickf.,Aska,Fruktjuice mm,0.3,g
658,Druvjuice konserv. drickf.,Alkohol,Fruktjuice mm,0.0,g
659,Äppeljuice drickf.,"Zink, Zn",Fruktjuice mm,0.0,mg
659,Äppeljuice drickf.,Vitamin E,Fruktjuice mm,0.0,mg
659,Äppeljuice drickf.,Vitamin D inkl 25-OH-D3,Fruktjuice mm,0.0,µg
659,Äppeljuice drickf.,Vitamin D,Fruktjuice mm,0.0,µg
659,Äppeljuice drickf.,Vitamin C,Fruktjuice mm,0.2,mg
659,Äppeljuice drickf.,Vitamin B6,Fruktjuice mm,0.05,mg
659,Äppeljuice drickf.,Vitamin B12,Fruktjuice mm,0.0,µg
659,Äppeljuice drickf.,Vitamin A,Fruktjuice mm,0.0,RE/µg
659,Äppeljuice drickf.,Vatten,Fruktjuice mm,89.8,g
659,Äppeljuice drickf.,Tiamin,Fruktjuice mm,0.0,mg
659,Äppeljuice drickf.,Tillsatt socker,Fruktjuice mm,0.0,g
659,Äppeljuice drickf.,Fritt socker,Fruktjuice mm,10.0,g
659,Äppeljuice drickf.,"Selen, Se",Fruktjuice mm,0.0,µg
659,Äppeljuice drickf.,Sackaros,Fruktjuice mm,1.7,g
659,Äppeljuice drickf.,Riboflavin,Fruktjuice mm,0.0,mg
659,Äppeljuice drickf.,Retinol,Fruktjuice mm,0.0,µg
659,Äppeljuice drickf.,Protein,Fruktjuice mm,0.2,g
659,Äppeljuice drickf.,Summa fleromättade fettsyror,Fruktjuice mm,0.0,g
659,Äppeljuice drickf.,"Fosfor, P",Fruktjuice mm,5.0,mg
659,Äppeljuice drickf.,Niacinekvivalenter,Fruktjuice mm,0.1,NE/mg
659,Äppeljuice drickf.,Niacin,Fruktjuice mm,0.11,mg
659,Äppeljuice drickf.,"Salt, NaCl",Fruktjuice mm,0.0,g
659,Äppeljuice drickf.,"Natrium, Na",Fruktjuice mm,3.0,mg
659,Äppeljuice drickf.,Monosackarider,Fruktjuice mm,8.7,g
659,Äppeljuice drickf.,"Sockerarter, totalt",Fruktjuice mm,10.4,g
659,Äppeljuice drickf.,Summa enkelomättade fettsyror,Fruktjuice mm,0.0,g
659,Äppeljuice drickf.,"Magnesium, Mg",Fruktjuice mm,4.0,mg
659,Äppeljuice drickf.,Summa mättade fettsyror,Fruktjuice mm,0.0,g
659,Äppeljuice drickf.,"Kolhydrater, tillgängliga",Fruktjuice mm,9.7,g
659,Äppeljuice drickf.,Kolesterol,Fruktjuice mm,0.0,mg
659,Äppeljuice drickf.,"Kalium, K",Fruktjuice mm,67.0,mg
659,Äppeljuice drickf.,"Jod, I",Fruktjuice mm,0.6,µg
659,Äppeljuice drickf.,Fullkorn totalt,Fruktjuice mm,0.0,g
659,Äppeljuice drickf.,"Folat, totalt",Fruktjuice mm,0.1,µg
659,Äppeljuice drickf.,Fibrer,Fruktjuice mm,0.0,g
659,Äppeljuice drickf.,"Fett, totalt",Fruktjuice mm,0.0,g
659,Äppeljuice drickf.,"Järn, Fe",Fruktjuice mm,0.1,mg
659,Äppeljuice drickf.,Energi (kJ),Fruktjuice mm,169.0,kJ
659,Äppeljuice drickf.,Energi (kcal),Fruktjuice mm,40.0,kcal
659,Äppeljuice drickf.,Disackarider,Fruktjuice mm,1.7,g
659,Äppeljuice drickf.,"Kalcium, Ca",Fruktjuice mm,9.0,mg
659,Äppeljuice drickf.,Fettsyra 4:0-10:0,Fruktjuice mm,0.0,g
659,Äppeljuice drickf.,DHA (C22:6),Fruktjuice mm,0.0,g
659,Äppeljuice drickf.,DPA (C22:5),Fruktjuice mm,0.0,g
659,Äppeljuice drickf.,EPA (C20:5),Fruktjuice mm,0.0,g
659,Äppeljuice drickf.,Arakidonsyra C20:4,Fruktjuice mm,0.0,g
659,Äppeljuice drickf.,Arakidinsyra C20:0,Fruktjuice mm,0.0,g
659,Äppeljuice drickf.,Linolensyra C18:3,Fruktjuice mm,0.0,g
659,Äppeljuice drickf.,Linolsyra C18:2,Fruktjuice mm,0.0,g
659,Äppeljuice drickf.,Oljesyra C18:1,Fruktjuice mm,0.0,g
659,Äppeljuice drickf.,Stearinsyra C18:0,Fruktjuice mm,0.0,g
659,Äppeljuice drickf.,Palmitoljesyra C16:1,Fruktjuice mm,0.0,g
659,Äppeljuice drickf.,Palmitinsyra C16:0,Fruktjuice mm,0.0,g
659,Äppeljuice drickf.,Myristinsyra C14:0,Fruktjuice mm,0.0,g
659,Äppeljuice drickf.,Laurinsyra C12:0,Fruktjuice mm,0.0,g
659,Äppeljuice drickf.,Betakaroten/β-Karoten,Fruktjuice mm,0.0,µg
659,Äppeljuice drickf.,Avfall (skal etc.),Fruktjuice mm,0.0,%
659,Äppeljuice drickf.,Aska,Fruktjuice mm,0.2,g
659,Äppeljuice drickf.,Alkohol,Fruktjuice mm,0.0,g
660,Ananasjuice konserv. drickf.,"Zink, Zn",Fruktjuice mm,0.1,mg
660,Ananasjuice konserv. drickf.,Vitamin E,Fruktjuice mm,0.0,mg
660,Ananasjuice konserv. drickf.,Vitamin D inkl 25-OH-D3,Fruktjuice mm,0.0,µg
660,Ananasjuice konserv. drickf.,Vitamin D,Fruktjuice mm,0.0,µg
660,Ananasjuice konserv. drickf.,Vitamin C,Fruktjuice mm,11.0,mg
660,Ananasjuice konserv. drickf.,Vitamin B6,Fruktjuice mm,0.1,mg
660,Ananasjuice konserv. drickf.,Vitamin B12,Fruktjuice mm,0.0,µg
660,Ananasjuice konserv. drickf.,Vitamin A,Fruktjuice mm,1.5,RE/µg
660,Ananasjuice konserv. drickf.,Vatten,Fruktjuice mm,86.0,g
660,Ananasjuice konserv. drickf.,Tiamin,Fruktjuice mm,0.06,mg
660,Ananasjuice konserv. drickf.,Tillsatt socker,Fruktjuice mm,0.0,g
660,Ananasjuice konserv. drickf.,Fritt socker,Fruktjuice mm,0.0,g
660,Ananasjuice konserv. drickf.,"Selen, Se",Fruktjuice mm,0.2,µg
660,Ananasjuice konserv. drickf.,Sackaros,Fruktjuice mm,4.4,g
660,Ananasjuice konserv. drickf.,Riboflavin,Fruktjuice mm,0.02,mg
660,Ananasjuice konserv. drickf.,Retinol,Fruktjuice mm,0.0,µg
660,Ananasjuice konserv. drickf.,Protein,Fruktjuice mm,0.3,g
660,Ananasjuice konserv. drickf.,Summa fleromättade fettsyror,Fruktjuice mm,0.0,g
660,Ananasjuice konserv. drickf.,"Fosfor, P",Fruktjuice mm,8.0,mg
660,Ananasjuice konserv. drickf.,Niacinekvivalenter,Fruktjuice mm,0.35,NE/mg
660,Ananasjuice konserv. drickf.,Niacin,Fruktjuice mm,0.3,mg
660,Ananasjuice konserv. drickf.,"Salt, NaCl",Fruktjuice mm,0.0,g
660,Ananasjuice konserv. drickf.,"Natrium, Na",Fruktjuice mm,1.0,mg
660,Ananasjuice konserv. drickf.,Monosackarider,Fruktjuice mm,7.4,g
660,Ananasjuice konserv. drickf.,"Sockerarter, totalt",Fruktjuice mm,11.8,g
660,Ananasjuice konserv. drickf.,Summa enkelomättade fettsyror,Fruktjuice mm,0.0,g
660,Ananasjuice konserv. drickf.,"Magnesium, Mg",Fruktjuice mm,13.0,mg
660,Ananasjuice konserv. drickf.,Summa mättade fettsyror,Fruktjuice mm,0.0,g
660,Ananasjuice konserv. drickf.,"Kolhydrater, tillgängliga",Fruktjuice mm,12.8,g
660,Ananasjuice konserv. drickf.,Kolesterol,Fruktjuice mm,0.0,mg
660,Ananasjuice konserv. drickf.,"Kalium, K",Fruktjuice mm,134.0,mg
660,Ananasjuice konserv. drickf.,"Jod, I",Fruktjuice mm,0.0,µg
660,Ananasjuice konserv. drickf.,Fullkorn totalt,Fruktjuice mm,0.0,g
660,Ananasjuice konserv. drickf.,"Folat, totalt",Fruktjuice mm,23.0,µg
660,Ananasjuice konserv. drickf.,Fibrer,Fruktjuice mm,0.5,g
660,Ananasjuice konserv. drickf.,"Fett, totalt",Fruktjuice mm,0.1,g
660,Ananasjuice konserv. drickf.,"Järn, Fe",Fruktjuice mm,0.3,mg
660,Ananasjuice konserv. drickf.,Energi (kJ),Fruktjuice mm,230.0,kJ
660,Ananasjuice konserv. drickf.,Energi (kcal),Fruktjuice mm,55.0,kcal
660,Ananasjuice konserv. drickf.,Disackarider,Fruktjuice mm,4.4,g
660,Ananasjuice konserv. drickf.,"Kalcium, Ca",Fruktjuice mm,17.0,mg
660,Ananasjuice konserv. drickf.,Fettsyra 4:0-10:0,Fruktjuice mm,0.0,g
660,Ananasjuice konserv. drickf.,DHA (C22:6),Fruktjuice mm,0.0,g
660,Ananasjuice konserv. drickf.,DPA (C22:5),Fruktjuice mm,0.0,g
660,Ananasjuice konserv. drickf.,EPA (C20:5),Fruktjuice mm,0.0,g
660,Ananasjuice konserv. drickf.,Arakidonsyra C20:4,Fruktjuice mm,0.0,g
660,Ananasjuice konserv. drickf.,Arakidinsyra C20:0,Fruktjuice mm,0.0,g
660,Ananasjuice konserv. drickf.,Linolensyra C18:3,Fruktjuice mm,0.0,g
660,Ananasjuice konserv. drickf.,Linolsyra C18:2,Fruktjuice mm,0.0,g
660,Ananasjuice konserv. drickf.,Oljesyra C18:1,Fruktjuice mm,0.0,g
660,Ananasjuice konserv. drickf.,Stearinsyra C18:0,Fruktjuice mm,0.0,g
660,Ananasjuice konserv. drickf.,Palmitoljesyra C16:1,Fruktjuice mm,0.0,g
660,Ananasjuice konserv. drickf.,Palmitinsyra C16:0,Fruktjuice mm,0.0,g
660,Ananasjuice konserv. drickf.,Myristinsyra C14:0,Fruktjuice mm,0.0,g
660,Ananasjuice konserv. drickf.,Laurinsyra C12:0,Fruktjuice mm,0.0,g
660,Ananasjuice konserv. drickf.,Betakaroten/β-Karoten,Fruktjuice mm,18.0,µg
660,Ananasjuice konserv. drickf.,Avfall (skal etc.),Fruktjuice mm,0.0,%
660,Ananasjuice konserv. drickf.,Aska,Fruktjuice mm,0.3,g
660,Ananasjuice konserv. drickf.,Alkohol,Fruktjuice mm,0.0,g
661,Apelsinjuice pastöriserad drickf.,"Zink, Zn",Fruktjuice mm,0.0,mg
661,Apelsinjuice pastöriserad drickf.,Vitamin E,Fruktjuice mm,0.1,mg
661,Apelsinjuice pastöriserad drickf.,Vitamin D inkl 25-OH-D3,Fruktjuice mm,0.0,µg
661,Apelsinjuice pastöriserad drickf.,Vitamin D,Fruktjuice mm,0.0,µg
661,Apelsinjuice pastöriserad drickf.,Vitamin C,Fruktjuice mm,35.0,mg
661,Apelsinjuice pastöriserad drickf.,Vitamin B6,Fruktjuice mm,0.09,mg
661,Apelsinjuice pastöriserad drickf.,Vitamin B12,Fruktjuice mm,0.0,µg
661,Apelsinjuice pastöriserad drickf.,Vitamin A,Fruktjuice mm,0.2,RE/µg
661,Apelsinjuice pastöriserad drickf.,Vatten,Fruktjuice mm,89.0,g
661,Apelsinjuice pastöriserad drickf.,Tiamin,Fruktjuice mm,0.06,mg
661,Apelsinjuice pastöriserad drickf.,Tillsatt socker,Fruktjuice mm,0.0,g
661,Apelsinjuice pastöriserad drickf.,Fritt socker,Fruktjuice mm,8.0,g
661,Apelsinjuice pastöriserad drickf.,"Selen, Se",Fruktjuice mm,0.2,µg
661,Apelsinjuice pastöriserad drickf.,Sackaros,Fruktjuice mm,2.2,g
661,Apelsinjuice pastöriserad drickf.,Riboflavin,Fruktjuice mm,0.03,mg
661,Apelsinjuice pastöriserad drickf.,Retinol,Fruktjuice mm,0.0,µg
661,Apelsinjuice pastöriserad drickf.,Protein,Fruktjuice mm,0.6,g
661,Apelsinjuice pastöriserad drickf.,Summa fleromättade fettsyror,Fruktjuice mm,0.0,g
661,Apelsinjuice pastöriserad drickf.,"Fosfor, P",Fruktjuice mm,14.0,mg
661,Apelsinjuice pastöriserad drickf.,Niacinekvivalenter,Fruktjuice mm,0.4,NE/mg
661,Apelsinjuice pastöriserad drickf.,Niacin,Fruktjuice mm,0.3,mg
661,Apelsinjuice pastöriserad drickf.,"Salt, NaCl",Fruktjuice mm,0.0,g
661,Apelsinjuice pastöriserad drickf.,"Natrium, Na",Fruktjuice mm,2.0,mg
661,Apelsinjuice pastöriserad drickf.,Monosackarider,Fruktjuice mm,6.2,g
661,Apelsinjuice pastöriserad drickf.,"Sockerarter, totalt",Fruktjuice mm,8.4,g
661,Apelsinjuice pastöriserad drickf.,Summa enkelomättade fettsyror,Fruktjuice mm,0.0,g
661,Apelsinjuice pastöriserad drickf.,"Magnesium, Mg",Fruktjuice mm,11.0,mg
661,Apelsinjuice pastöriserad drickf.,Summa mättade fettsyror,Fruktjuice mm,0.0,g
661,Apelsinjuice pastöriserad drickf.,"Kolhydrater, tillgängliga",Fruktjuice mm,9.8,g
661,Apelsinjuice pastöriserad drickf.,Kolesterol,Fruktjuice mm,0.0,mg
661,Apelsinjuice pastöriserad drickf.,"Kalium, K",Fruktjuice mm,175.0,mg
661,Apelsinjuice pastöriserad drickf.,"Jod, I",Fruktjuice mm,0.3,µg
661,Apelsinjuice pastöriserad drickf.,Fullkorn totalt,Fruktjuice mm,0.0,g
661,Apelsinjuice pastöriserad drickf.,"Folat, totalt",Fruktjuice mm,15.0,µg
661,Apelsinjuice pastöriserad drickf.,Fibrer,Fruktjuice mm,0.1,g
661,Apelsinjuice pastöriserad drickf.,"Fett, totalt",Fruktjuice mm,0.1,g
661,Apelsinjuice pastöriserad drickf.,"Järn, Fe",Fruktjuice mm,0.4,mg
661,Apelsinjuice pastöriserad drickf.,Energi (kJ),Fruktjuice mm,181.0,kJ
661,Apelsinjuice pastöriserad drickf.,Energi (kcal),Fruktjuice mm,43.0,kcal
661,Apelsinjuice pastöriserad drickf.,Disackarider,Fruktjuice mm,2.2,g
661,Apelsinjuice pastöriserad drickf.,"Kalcium, Ca",Fruktjuice mm,8.0,mg
661,Apelsinjuice pastöriserad drickf.,Fettsyra 4:0-10:0,Fruktjuice mm,0.0,g
661,Apelsinjuice pastöriserad drickf.,DHA (C22:6),Fruktjuice mm,0.0,g
661,Apelsinjuice pastöriserad drickf.,DPA (C22:5),Fruktjuice mm,0.0,g
661,Apelsinjuice pastöriserad drickf.,EPA (C20:5),Fruktjuice mm,0.0,g
661,Apelsinjuice pastöriserad drickf.,Arakidonsyra C20:4,Fruktjuice mm,0.0,g
661,Apelsinjuice pastöriserad drickf.,Arakidinsyra C20:0,Fruktjuice mm,0.0,g
661,Apelsinjuice pastöriserad drickf.,Linolensyra C18:3,Fruktjuice mm,0.0,g
661,Apelsinjuice pastöriserad drickf.,Linolsyra C18:2,Fruktjuice mm,0.0,g
661,Apelsinjuice pastöriserad drickf.,Oljesyra C18:1,Fruktjuice mm,0.0,g
661,Apelsinjuice pastöriserad drickf.,Stearinsyra C18:0,Fruktjuice mm,0.0,g
661,Apelsinjuice pastöriserad drickf.,Palmitoljesyra C16:1,Fruktjuice mm,0.0,g
661,Apelsinjuice pastöriserad drickf.,Palmitinsyra C16:0,Fruktjuice mm,0.0,g
661,Apelsinjuice pastöriserad drickf.,Myristinsyra C14:0,Fruktjuice mm,0.0,g
661,Apelsinjuice pastöriserad drickf.,Laurinsyra C12:0,Fruktjuice mm,0.0,g
661,Apelsinjuice pastöriserad drickf.,Betakaroten/β-Karoten,Fruktjuice mm,3.0,µg
661,Apelsinjuice pastöriserad drickf.,Avfall (skal etc.),Fruktjuice mm,0.0,%
661,Apelsinjuice pastöriserad drickf.,Aska,Fruktjuice mm,0.4,g
661,Apelsinjuice pastöriserad drickf.,Alkohol,Fruktjuice mm,0.0,g
662,Juice,"Zink, Zn",Fruktjuice mm,0.0,mg
662,Juice,Vitamin E,Fruktjuice mm,0.2,mg
662,Juice,Vitamin D inkl 25-OH-D3,Fruktjuice mm,0.0,µg
662,Juice,Vitamin D,Fruktjuice mm,0.0,µg
662,Juice,Vitamin C,Fruktjuice mm,25.0,mg
662,Juice,Vitamin B6,Fruktjuice mm,0.05,mg
662,Juice,Vitamin B12,Fruktjuice mm,0.0,µg
662,Juice,Vitamin A,Fruktjuice mm,3.2,RE/µg
662,Juice,Vatten,Fruktjuice mm,89.8,g
662,Juice,Tiamin,Fruktjuice mm,0.05,mg
662,Juice,Tillsatt socker,Fruktjuice mm,0.0,g
662,Juice,Fritt socker,Fruktjuice mm,8.0,g
662,Juice,"Selen, Se",Fruktjuice mm,0.0,µg
662,Juice,Sackaros,Fruktjuice mm,3.4,g
662,Juice,Riboflavin,Fruktjuice mm,0.0,mg
662,Juice,Retinol,Fruktjuice mm,0.0,µg
662,Juice,Protein,Fruktjuice mm,0.6,g
662,Juice,Summa fleromättade fettsyror,Fruktjuice mm,0.0,g
662,Juice,"Fosfor, P",Fruktjuice mm,12.0,mg
662,Juice,Niacinekvivalenter,Fruktjuice mm,0.26,NE/mg
662,Juice,Niacin,Fruktjuice mm,0.18,mg
662,Juice,"Salt, NaCl",Fruktjuice mm,0.0,g
662,Juice,"Natrium, Na",Fruktjuice mm,3.0,mg
662,Juice,Monosackarider,Fruktjuice mm,5.1,g
662,Juice,"Sockerarter, totalt",Fruktjuice mm,8.5,g
662,Juice,Summa enkelomättade fettsyror,Fruktjuice mm,0.0,g
662,Juice,"Magnesium, Mg",Fruktjuice mm,8.0,mg
662,Juice,Summa mättade fettsyror,Fruktjuice mm,0.0,g
662,Juice,"Kolhydrater, tillgängliga",Fruktjuice mm,8.9,g
662,Juice,Kolesterol,Fruktjuice mm,0.0,mg
662,Juice,"Kalium, K",Fruktjuice mm,109.0,mg
662,Juice,"Jod, I",Fruktjuice mm,0.4,µg
662,Juice,Fullkorn totalt,Fruktjuice mm,0.0,g
662,Juice,"Folat, totalt",Fruktjuice mm,19.8,µg
662,Juice,Fibrer,Fruktjuice mm,0.0,g
662,Juice,"Fett, totalt",Fruktjuice mm,0.1,g
662,Juice,"Järn, Fe",Fruktjuice mm,0.1,mg
662,Juice,Energi (kJ),Fruktjuice mm,165.0,kJ
662,Juice,Energi (kcal),Fruktjuice mm,40.0,kcal
662,Juice,Disackarider,Fruktjuice mm,3.4,g
662,Juice,"Kalcium, Ca",Fruktjuice mm,11.0,mg
662,Juice,Fettsyra 4:0-10:0,Fruktjuice mm,0.0,g
662,Juice,DHA (C22:6),Fruktjuice mm,0.0,g
662,Juice,DPA (C22:5),Fruktjuice mm,0.0,g
662,Juice,EPA (C20:5),Fruktjuice mm,0.0,g
662,Juice,Arakidonsyra C20:4,Fruktjuice mm,0.0,g
662,Juice,Arakidinsyra C20:0,Fruktjuice mm,0.0,g
662,Juice,Linolensyra C18:3,Fruktjuice mm,0.0,g
662,Juice,Linolsyra C18:2,Fruktjuice mm,0.0,g
662,Juice,Oljesyra C18:1,Fruktjuice mm,0.0,g
662,Juice,Stearinsyra C18:0,Fruktjuice mm,0.0,g
662,Juice,Palmitoljesyra C16:1,Fruktjuice mm,0.0,g
662,Juice,Palmitinsyra C16:0,Fruktjuice mm,0.0,g
662,Juice,Myristinsyra C14:0,Fruktjuice mm,0.0,g
662,Juice,Laurinsyra C12:0,Fruktjuice mm,0.0,g
662,Juice,Betakaroten/β-Karoten,Fruktjuice mm,15.0,µg
662,Juice,Avfall (skal etc.),Fruktjuice mm,0.0,%
662,Juice,Aska,Fruktjuice mm,0.6,g
662,Juice,Alkohol,Fruktjuice mm,0.0,g
664,Aprikosnektar pastöriserad drickf.,"Zink, Zn",Fruktjuice mm,0.1,mg
664,Aprikosnektar pastöriserad drickf.,Vitamin E,Fruktjuice mm,0.5,mg
664,Aprikosnektar pastöriserad drickf.,Vitamin D inkl 25-OH-D3,Fruktjuice mm,0.0,µg
664,Aprikosnektar pastöriserad drickf.,Vitamin D,Fruktjuice mm,0.0,µg
664,Aprikosnektar pastöriserad drickf.,Vitamin C,Fruktjuice mm,0.0,mg
664,Aprikosnektar pastöriserad drickf.,Vitamin B6,Fruktjuice mm,0.02,mg
664,Aprikosnektar pastöriserad drickf.,Vitamin B12,Fruktjuice mm,0.0,µg
664,Aprikosnektar pastöriserad drickf.,Vitamin A,Fruktjuice mm,65.8,RE/µg
664,Aprikosnektar pastöriserad drickf.,Vatten,Fruktjuice mm,85.0,g
664,Aprikosnektar pastöriserad drickf.,Tiamin,Fruktjuice mm,0.01,mg
664,Aprikosnektar pastöriserad drickf.,Tillsatt socker,Fruktjuice mm,5.0,g
664,Aprikosnektar pastöriserad drickf.,Fritt socker,Fruktjuice mm,7.0,g
664,Aprikosnektar pastöriserad drickf.,"Selen, Se",Fruktjuice mm,0.1,µg
664,Aprikosnektar pastöriserad drickf.,Sackaros,Fruktjuice mm,5.0,g
664,Aprikosnektar pastöriserad drickf.,Riboflavin,Fruktjuice mm,0.01,mg
664,Aprikosnektar pastöriserad drickf.,Retinol,Fruktjuice mm,0.0,µg
664,Aprikosnektar pastöriserad drickf.,Protein,Fruktjuice mm,0.3,g
664,Aprikosnektar pastöriserad drickf.,Summa fleromättade fettsyror,Fruktjuice mm,0.0,g
664,Aprikosnektar pastöriserad drickf.,"Fosfor, P",Fruktjuice mm,9.0,mg
664,Aprikosnektar pastöriserad drickf.,Niacinekvivalenter,Fruktjuice mm,0.35,NE/mg
664,Aprikosnektar pastöriserad drickf.,Niacin,Fruktjuice mm,0.3,mg
664,Aprikosnektar pastöriserad drickf.,"Salt, NaCl",Fruktjuice mm,0.0,g
664,Aprikosnektar pastöriserad drickf.,"Natrium, Na",Fruktjuice mm,1.0,mg
664,Aprikosnektar pastöriserad drickf.,Monosackarider,Fruktjuice mm,2.1,g
664,Aprikosnektar pastöriserad drickf.,"Sockerarter, totalt",Fruktjuice mm,7.1,g
664,Aprikosnektar pastöriserad drickf.,Summa enkelomättade fettsyror,Fruktjuice mm,0.0,g
664,Aprikosnektar pastöriserad drickf.,"Magnesium, Mg",Fruktjuice mm,5.0,mg
664,Aprikosnektar pastöriserad drickf.,Summa mättade fettsyror,Fruktjuice mm,0.0,g
664,Aprikosnektar pastöriserad drickf.,"Kolhydrater, tillgängliga",Fruktjuice mm,13.1,g
664,Aprikosnektar pastöriserad drickf.,Kolesterol,Fruktjuice mm,0.0,mg
664,Aprikosnektar pastöriserad drickf.,"Kalium, K",Fruktjuice mm,82.0,mg
664,Aprikosnektar pastöriserad drickf.,"Jod, I",Fruktjuice mm,0.5,µg
664,Aprikosnektar pastöriserad drickf.,Fullkorn totalt,Fruktjuice mm,0.0,g
664,Aprikosnektar pastöriserad drickf.,"Folat, totalt",Fruktjuice mm,1.0,µg
664,Aprikosnektar pastöriserad drickf.,Fibrer,Fruktjuice mm,1.3,g
664,Aprikosnektar pastöriserad drickf.,"Fett, totalt",Fruktjuice mm,0.1,g
664,Aprikosnektar pastöriserad drickf.,"Järn, Fe",Fruktjuice mm,0.4,mg
664,Aprikosnektar pastöriserad drickf.,Energi (kJ),Fruktjuice mm,242.0,kJ
664,Aprikosnektar pastöriserad drickf.,Energi (kcal),Fruktjuice mm,58.0,kcal
664,Aprikosnektar pastöriserad drickf.,Disackarider,Fruktjuice mm,5.0,g
664,Aprikosnektar pastöriserad drickf.,"Kalcium, Ca",Fruktjuice mm,7.0,mg
664,Aprikosnektar pastöriserad drickf.,Fettsyra 4:0-10:0,Fruktjuice mm,0.0,g
664,Aprikosnektar pastöriserad drickf.,DHA (C22:6),Fruktjuice mm,0.0,g
664,Aprikosnektar pastöriserad drickf.,DPA (C22:5),Fruktjuice mm,0.0,g
664,Aprikosnektar pastöriserad drickf.,EPA (C20:5),Fruktjuice mm,0.0,g
664,Aprikosnektar pastöriserad drickf.,Arakidonsyra C20:4,Fruktjuice mm,0.0,g
664,Aprikosnektar pastöriserad drickf.,Arakidinsyra C20:0,Fruktjuice mm,0.0,g
664,Aprikosnektar pastöriserad drickf.,Linolensyra C18:3,Fruktjuice mm,0.0,g
664,Aprikosnektar pastöriserad drickf.,Linolsyra C18:2,Fruktjuice mm,0.0,g
664,Aprikosnektar pastöriserad drickf.,Oljesyra C18:1,Fruktjuice mm,0.0,g
664,Aprikosnektar pastöriserad drickf.,Stearinsyra C18:0,Fruktjuice mm,0.0,g
664,Aprikosnektar pastöriserad drickf.,Palmitoljesyra C16:1,Fruktjuice mm,0.0,g
664,Aprikosnektar pastöriserad drickf.,Palmitinsyra C16:0,Fruktjuice mm,0.0,g
664,Aprikosnektar pastöriserad drickf.,Myristinsyra C14:0,Fruktjuice mm,0.0,g
664,Aprikosnektar pastöriserad drickf.,Laurinsyra C12:0,Fruktjuice mm,0.0,g
664,Aprikosnektar pastöriserad drickf.,Betakaroten/β-Karoten,Fruktjuice mm,790.0,µg
664,Aprikosnektar pastöriserad drickf.,Avfall (skal etc.),Fruktjuice mm,0.0,%
664,Aprikosnektar pastöriserad drickf.,Aska,Fruktjuice mm,0.2,g
664,Aprikosnektar pastöriserad drickf.,Alkohol,Fruktjuice mm,0.0,g
665,Persikonektar pastöriserad drickf.,"Zink, Zn",Fruktjuice mm,0.1,mg
665,Persikonektar pastöriserad drickf.,Vitamin E,Fruktjuice mm,0.4,mg
665,Persikonektar pastöriserad drickf.,Vitamin D inkl 25-OH-D3,Fruktjuice mm,0.0,µg
665,Persikonektar pastöriserad drickf.,Vitamin D,Fruktjuice mm,0.0,µg
665,Persikonektar pastöriserad drickf.,Vitamin C,Fruktjuice mm,5.0,mg
665,Persikonektar pastöriserad drickf.,Vitamin B6,Fruktjuice mm,0.01,mg
665,Persikonektar pastöriserad drickf.,Vitamin B12,Fruktjuice mm,0.0,µg
665,Persikonektar pastöriserad drickf.,Vitamin A,Fruktjuice mm,13.0,RE/µg
665,Persikonektar pastöriserad drickf.,Vatten,Fruktjuice mm,86.0,g
665,Persikonektar pastöriserad drickf.,Tiamin,Fruktjuice mm,0.01,mg
665,Persikonektar pastöriserad drickf.,Tillsatt socker,Fruktjuice mm,8.0,g
665,Persikonektar pastöriserad drickf.,Fritt socker,Fruktjuice mm,12.0,g
665,Persikonektar pastöriserad drickf.,"Selen, Se",Fruktjuice mm,0.1,µg
665,Persikonektar pastöriserad drickf.,Sackaros,Fruktjuice mm,6.4,g
665,Persikonektar pastöriserad drickf.,Riboflavin,Fruktjuice mm,0.01,mg
665,Persikonektar pastöriserad drickf.,Retinol,Fruktjuice mm,0.0,µg
665,Persikonektar pastöriserad drickf.,Protein,Fruktjuice mm,0.3,g
665,Persikonektar pastöriserad drickf.,Summa fleromättade fettsyror,Fruktjuice mm,0.0,g
665,Persikonektar pastöriserad drickf.,"Fosfor, P",Fruktjuice mm,6.0,mg
665,Persikonektar pastöriserad drickf.,Niacinekvivalenter,Fruktjuice mm,0.35,NE/mg
665,Persikonektar pastöriserad drickf.,Niacin,Fruktjuice mm,0.3,mg
665,Persikonektar pastöriserad drickf.,"Salt, NaCl",Fruktjuice mm,0.0,g
665,Persikonektar pastöriserad drickf.,"Natrium, Na",Fruktjuice mm,7.0,mg
665,Persikonektar pastöriserad drickf.,Monosackarider,Fruktjuice mm,5.1,g
665,Persikonektar pastöriserad drickf.,"Sockerarter, totalt",Fruktjuice mm,11.5,g
665,Persikonektar pastöriserad drickf.,Summa enkelomättade fettsyror,Fruktjuice mm,0.0,g
665,Persikonektar pastöriserad drickf.,"Magnesium, Mg",Fruktjuice mm,4.0,mg
665,Persikonektar pastöriserad drickf.,Summa mättade fettsyror,Fruktjuice mm,0.0,g
665,Persikonektar pastöriserad drickf.,"Kolhydrater, tillgängliga",Fruktjuice mm,13.0,g
665,Persikonektar pastöriserad drickf.,Kolesterol,Fruktjuice mm,0.0,mg
665,Persikonektar pastöriserad drickf.,"Kalium, K",Fruktjuice mm,40.0,mg
665,Persikonektar pastöriserad drickf.,Fullkorn totalt,Fruktjuice mm,0.0,g
665,Persikonektar pastöriserad drickf.,"Folat, totalt",Fruktjuice mm,1.0,µg
665,Persikonektar pastöriserad drickf.,Fibrer,Fruktjuice mm,0.5,g
665,Persikonektar pastöriserad drickf.,"Fett, totalt",Fruktjuice mm,0.0,g
665,Persikonektar pastöriserad drickf.,"Järn, Fe",Fruktjuice mm,0.2,mg
665,Persikonektar pastöriserad drickf.,Energi (kJ),Fruktjuice mm,230.0,kJ
665,Persikonektar pastöriserad drickf.,Energi (kcal),Fruktjuice mm,55.0,kcal
665,Persikonektar pastöriserad drickf.,Disackarider,Fruktjuice mm,6.4,g
665,Persikonektar pastöriserad drickf.,"Kalcium, Ca",Fruktjuice mm,5.0,mg
665,Persikonektar pastöriserad drickf.,Fettsyra 4:0-10:0,Fruktjuice mm,0.0,g
665,Persikonektar pastöriserad drickf.,DHA (C22:6),Fruktjuice mm,0.0,g
665,Persikonektar pastöriserad drickf.,DPA (C22:5),Fruktjuice mm,0.0,g
665,Persikonektar pastöriserad drickf.,EPA (C20:5),Fruktjuice mm,0.0,g
665,Persikonektar pastöriserad drickf.,Arakidonsyra C20:4,Fruktjuice mm,0.0,g
665,Persikonektar pastöriserad drickf.,Arakidinsyra C20:0,Fruktjuice mm,0.0,g
665,Persikonektar pastöriserad drickf.,Linolensyra C18:3,Fruktjuice mm,0.0,g
665,Persikonektar pastöriserad drickf.,Linolsyra C18:2,Fruktjuice mm,0.0,g
665,Persikonektar pastöriserad drickf.,Oljesyra C18:1,Fruktjuice mm,0.0,g
665,Persikonektar pastöriserad drickf.,Stearinsyra C18:0,Fruktjuice mm,0.0,g
665,Persikonektar pastöriserad drickf.,Palmitoljesyra C16:1,Fruktjuice mm,0.0,g
665,Persikonektar pastöriserad drickf.,Palmitinsyra C16:0,Fruktjuice mm,0.0,g
665,Persikonektar pastöriserad drickf.,Myristinsyra C14:0,Fruktjuice mm,0.0,g
665,Persikonektar pastöriserad drickf.,Laurinsyra C12:0,Fruktjuice mm,0.0,g
665,Persikonektar pastöriserad drickf.,Betakaroten/β-Karoten,Fruktjuice mm,156.0,µg
665,Persikonektar pastöriserad drickf.,Avfall (skal etc.),Fruktjuice mm,0.0,%
665,Persikonektar pastöriserad drickf.,Aska,Fruktjuice mm,0.2,g
665,Persikonektar pastöriserad drickf.,Alkohol,Fruktjuice mm,0.0,g
670,Katrinplommondryck konserv. drickf.,"Zink, Zn",Fruktjuice mm,0.0,mg
670,Katrinplommondryck konserv. drickf.,Vitamin E,Fruktjuice mm,0.4,mg
670,Katrinplommondryck konserv. drickf.,Vitamin D inkl 25-OH-D3,Fruktjuice mm,0.0,µg
670,Katrinplommondryck konserv. drickf.,Vitamin D,Fruktjuice mm,0.0,µg
670,Katrinplommondryck konserv. drickf.,Vitamin C,Fruktjuice mm,4.1,mg
670,Katrinplommondryck konserv. drickf.,Vitamin B6,Fruktjuice mm,0.08,mg
670,Katrinplommondryck konserv. drickf.,Vitamin B12,Fruktjuice mm,0.0,µg
670,Katrinplommondryck konserv. drickf.,Vitamin A,Fruktjuice mm,21.7,RE/µg
670,Katrinplommondryck konserv. drickf.,Vatten,Fruktjuice mm,81.0,g
670,Katrinplommondryck konserv. drickf.,Tiamin,Fruktjuice mm,0.02,mg
670,Katrinplommondryck konserv. drickf.,Tillsatt socker,Fruktjuice mm,0.0,g
670,Katrinplommondryck konserv. drickf.,Fritt socker,Fruktjuice mm,0.0,g
670,Katrinplommondryck konserv. drickf.,"Selen, Se",Fruktjuice mm,0.3,µg
670,Katrinplommondryck konserv. drickf.,Sackaros,Fruktjuice mm,5.9,g
670,Katrinplommondryck konserv. drickf.,Riboflavin,Fruktjuice mm,0.05,mg
670,Katrinplommondryck konserv. drickf.,Retinol,Fruktjuice mm,0.0,µg
670,Katrinplommondryck konserv. drickf.,Protein,Fruktjuice mm,0.6,g
670,Katrinplommondryck konserv. drickf.,Summa fleromättade fettsyror,Fruktjuice mm,0.0,g
670,Katrinplommondryck konserv. drickf.,"Fosfor, P",Fruktjuice mm,28.0,mg
670,Katrinplommondryck konserv. drickf.,Niacinekvivalenter,Fruktjuice mm,0.6,NE/mg
670,Katrinplommondryck konserv. drickf.,Niacin,Fruktjuice mm,0.5,mg
670,Katrinplommondryck konserv. drickf.,"Salt, NaCl",Fruktjuice mm,0.0,g
670,Katrinplommondryck konserv. drickf.,"Natrium, Na",Fruktjuice mm,2.0,mg
670,Katrinplommondryck konserv. drickf.,Monosackarider,Fruktjuice mm,7.3,g
670,Katrinplommondryck konserv. drickf.,"Sockerarter, totalt",Fruktjuice mm,13.2,g
670,Katrinplommondryck konserv. drickf.,Summa enkelomättade fettsyror,Fruktjuice mm,0.0,g
670,Katrinplommondryck konserv. drickf.,"Magnesium, Mg",Fruktjuice mm,30.0,mg
670,Katrinplommondryck konserv. drickf.,Summa mättade fettsyror,Fruktjuice mm,0.0,g
670,Katrinplommondryck konserv. drickf.,"Kolhydrater, tillgängliga",Fruktjuice mm,15.5,g
670,Katrinplommondryck konserv. drickf.,Kolesterol,Fruktjuice mm,0.0,mg
670,Katrinplommondryck konserv. drickf.,"Kalium, K",Fruktjuice mm,250.0,mg
670,Katrinplommondryck konserv. drickf.,"Jod, I",Fruktjuice mm,1.0,µg
670,Katrinplommondryck konserv. drickf.,Fullkorn totalt,Fruktjuice mm,0.0,g
670,Katrinplommondryck konserv. drickf.,"Folat, totalt",Fruktjuice mm,1.0,µg
670,Katrinplommondryck konserv. drickf.,Fibrer,Fruktjuice mm,2.2,g
670,Katrinplommondryck konserv. drickf.,"Fett, totalt",Fruktjuice mm,0.0,g
670,Katrinplommondryck konserv. drickf.,"Järn, Fe",Fruktjuice mm,0.3,mg
670,Katrinplommondryck konserv. drickf.,Energi (kJ),Fruktjuice mm,291.0,kJ
670,Katrinplommondryck konserv. drickf.,Energi (kcal),Fruktjuice mm,70.0,kcal
670,Katrinplommondryck konserv. drickf.,Disackarider,Fruktjuice mm,5.9,g
670,Katrinplommondryck konserv. drickf.,"Kalcium, Ca",Fruktjuice mm,25.0,mg
670,Katrinplommondryck konserv. drickf.,Fettsyra 4:0-10:0,Fruktjuice mm,0.0,g
670,Katrinplommondryck konserv. drickf.,DHA (C22:6),Fruktjuice mm,0.0,g
670,Katrinplommondryck konserv. drickf.,DPA (C22:5),Fruktjuice mm,0.0,g
670,Katrinplommondryck konserv. drickf.,EPA (C20:5),Fruktjuice mm,0.0,g
670,Katrinplommondryck konserv. drickf.,Arakidonsyra C20:4,Fruktjuice mm,0.0,g
670,Katrinplommondryck konserv. drickf.,Arakidinsyra C20:0,Fruktjuice mm,0.0,g
670,Katrinplommondryck konserv. drickf.,Linolensyra C18:3,Fruktjuice mm,0.0,g
670,Katrinplommondryck konserv. drickf.,Linolsyra C18:2,Fruktjuice mm,0.0,g
670,Katrinplommondryck konserv. drickf.,Oljesyra C18:1,Fruktjuice mm,0.0,g
670,Katrinplommondryck konserv. drickf.,Stearinsyra C18:0,Fruktjuice mm,0.0,g
670,Katrinplommondryck konserv. drickf.,Palmitoljesyra C16:1,Fruktjuice mm,0.0,g
670,Katrinplommondryck konserv. drickf.,Palmitinsyra C16:0,Fruktjuice mm,0.0,g
670,Katrinplommondryck konserv. drickf.,Myristinsyra C14:0,Fruktjuice mm,0.0,g
670,Katrinplommondryck konserv. drickf.,Laurinsyra C12:0,Fruktjuice mm,0.0,g
670,Katrinplommondryck konserv. drickf.,Betakaroten/β-Karoten,Fruktjuice mm,260.0,µg
670,Katrinplommondryck konserv. drickf.,Avfall (skal etc.),Fruktjuice mm,0.0,%
670,Katrinplommondryck konserv. drickf.,Aska,Fruktjuice mm,0.7,g
670,Katrinplommondryck konserv. drickf.,Alkohol,Fruktjuice mm,0.0,g
672,"Havredryck choklad fett 1,5%  berikad","Zink, Zn",Vegetabiliska produkter och mjölkersättning,0.2,mg
672,"Havredryck choklad fett 1,5%  berikad",Vitamin E,Vegetabiliska produkter och mjölkersättning,0.6,mg
672,"Havredryck choklad fett 1,5%  berikad",Vitamin D inkl 25-OH-D3,Vegetabiliska produkter och mjölkersättning,1.04,µg
672,"Havredryck choklad fett 1,5%  berikad",Vitamin D,Vegetabiliska produkter och mjölkersättning,1.04,µg
672,"Havredryck choklad fett 1,5%  berikad",Vitamin C,Vegetabiliska produkter och mjölkersättning,0.0,mg
672,"Havredryck choklad fett 1,5%  berikad",Vitamin B6,Vegetabiliska produkter och mjölkersättning,0.0,mg
672,"Havredryck choklad fett 1,5%  berikad",Vitamin B12,Vegetabiliska produkter och mjölkersättning,0.38,µg
672,"Havredryck choklad fett 1,5%  berikad",Vitamin A,Vegetabiliska produkter och mjölkersättning,0.0,RE/µg
672,"Havredryck choklad fett 1,5%  berikad",Vatten,Vegetabiliska produkter och mjölkersättning,83.1,g
672,"Havredryck choklad fett 1,5%  berikad",Tiamin,Vegetabiliska produkter och mjölkersättning,0.03,mg
672,"Havredryck choklad fett 1,5%  berikad",Tillsatt socker,Vegetabiliska produkter och mjölkersättning,3.0,g
672,"Havredryck choklad fett 1,5%  berikad",Fritt socker,Vegetabiliska produkter och mjölkersättning,3.0,g
672,"Havredryck choklad fett 1,5%  berikad","Selen, Se",Vegetabiliska produkter och mjölkersättning,0.0,µg
672,"Havredryck choklad fett 1,5%  berikad",Sackaros,Vegetabiliska produkter och mjölkersättning,3.5,g
672,"Havredryck choklad fett 1,5%  berikad",Riboflavin,Vegetabiliska produkter och mjölkersättning,0.29,mg
672,"Havredryck choklad fett 1,5%  berikad",Retinol,Vegetabiliska produkter och mjölkersättning,0.0,µg
672,"Havredryck choklad fett 1,5%  berikad",Protein,Vegetabiliska produkter och mjölkersättning,1.2,g
672,"Havredryck choklad fett 1,5%  berikad",Summa fleromättade fettsyror,Vegetabiliska produkter och mjölkersättning,0.5,g
672,"Havredryck choklad fett 1,5%  berikad","Fosfor, P",Vegetabiliska produkter och mjölkersättning,51.0,mg
672,"Havredryck choklad fett 1,5%  berikad",Niacinekvivalenter,Vegetabiliska produkter och mjölkersättning,0.3,NE/mg
672,"Havredryck choklad fett 1,5%  berikad",Niacin,Vegetabiliska produkter och mjölkersättning,0.08,mg
672,"Havredryck choklad fett 1,5%  berikad","Salt, NaCl",Vegetabiliska produkter och mjölkersättning,0.2,g
672,"Havredryck choklad fett 1,5%  berikad","Natrium, Na",Vegetabiliska produkter och mjölkersättning,64.0,mg
672,"Havredryck choklad fett 1,5%  berikad",Monosackarider,Vegetabiliska produkter och mjölkersättning,0.0,g
672,"Havredryck choklad fett 1,5%  berikad","Sockerarter, totalt",Vegetabiliska produkter och mjölkersättning,7.2,g
672,"Havredryck choklad fett 1,5%  berikad",Summa enkelomättade fettsyror,Vegetabiliska produkter och mjölkersättning,0.8,g
672,"Havredryck choklad fett 1,5%  berikad","Magnesium, Mg",Vegetabiliska produkter och mjölkersättning,10.0,mg
672,"Havredryck choklad fett 1,5%  berikad",Summa mättade fettsyror,Vegetabiliska produkter och mjölkersättning,0.2,g
672,"Havredryck choklad fett 1,5%  berikad","Kolhydrater, tillgängliga",Vegetabiliska produkter och mjölkersättning,12.3,g
672,"Havredryck choklad fett 1,5%  berikad",Kolesterol,Vegetabiliska produkter och mjölkersättning,0.0,mg
672,"Havredryck choklad fett 1,5%  berikad","Kalium, K",Vegetabiliska produkter och mjölkersättning,66.0,mg
672,"Havredryck choklad fett 1,5%  berikad","Jod, I",Vegetabiliska produkter och mjölkersättning,0.0,µg
672,"Havredryck choklad fett 1,5%  berikad",Fullkorn totalt,Vegetabiliska produkter och mjölkersättning,0.0,g
672,"Havredryck choklad fett 1,5%  berikad","Folat, totalt",Vegetabiliska produkter och mjölkersättning,6.2,µg
672,"Havredryck choklad fett 1,5%  berikad",Fibrer,Vegetabiliska produkter och mjölkersättning,1.1,g
672,"Havredryck choklad fett 1,5%  berikad","Fett, totalt",Vegetabiliska produkter och mjölkersättning,1.6,g
672,"Havredryck choklad fett 1,5%  berikad","Järn, Fe",Vegetabiliska produkter och mjölkersättning,0.9,mg
672,"Havredryck choklad fett 1,5%  berikad",Energi (kJ),Vegetabiliska produkter och mjölkersättning,297.0,kJ
672,"Havredryck choklad fett 1,5%  berikad",Energi (kcal),Vegetabiliska produkter och mjölkersättning,71.0,kcal
672,"Havredryck choklad fett 1,5%  berikad",Disackarider,Vegetabiliska produkter och mjölkersättning,7.1,g
672,"Havredryck choklad fett 1,5%  berikad","Kalcium, Ca",Vegetabiliska produkter och mjölkersättning,110.0,mg
672,"Havredryck choklad fett 1,5%  berikad",Fettsyra 4:0-10:0,Vegetabiliska produkter och mjölkersättning,0.0,g
672,"Havredryck choklad fett 1,5%  berikad",DHA (C22:6),Vegetabiliska produkter och mjölkersättning,0.0,g
672,"Havredryck choklad fett 1,5%  berikad",DPA (C22:5),Vegetabiliska produkter och mjölkersättning,0.0,g
672,"Havredryck choklad fett 1,5%  berikad",EPA (C20:5),Vegetabiliska produkter och mjölkersättning,0.0,g
672,"Havredryck choklad fett 1,5%  berikad",Arakidonsyra C20:4,Vegetabiliska produkter och mjölkersättning,0.0,g
672,"Havredryck choklad fett 1,5%  berikad",Arakidinsyra C20:0,Vegetabiliska produkter och mjölkersättning,0.0,g
672,"Havredryck choklad fett 1,5%  berikad",Linolensyra C18:3,Vegetabiliska produkter och mjölkersättning,0.1,g
672,"Havredryck choklad fett 1,5%  berikad",Linolsyra C18:2,Vegetabiliska produkter och mjölkersättning,0.4,g
672,"Havredryck choklad fett 1,5%  berikad",Oljesyra C18:1,Vegetabiliska produkter och mjölkersättning,0.8,g
672,"Havredryck choklad fett 1,5%  berikad",Stearinsyra C18:0,Vegetabiliska produkter och mjölkersättning,0.0,g
672,"Havredryck choklad fett 1,5%  berikad",Palmitoljesyra C16:1,Vegetabiliska produkter och mjölkersättning,0.0,g
672,"Havredryck choklad fett 1,5%  berikad",Palmitinsyra C16:0,Vegetabiliska produkter och mjölkersättning,0.2,g
672,"Havredryck choklad fett 1,5%  berikad",Myristinsyra C14:0,Vegetabiliska produkter och mjölkersättning,0.0,g
672,"Havredryck choklad fett 1,5%  berikad",Laurinsyra C12:0,Vegetabiliska produkter och mjölkersättning,0.0,g
672,"Havredryck choklad fett 1,5%  berikad",Betakaroten/β-Karoten,Vegetabiliska produkter och mjölkersättning,0.0,µg
672,"Havredryck choklad fett 1,5%  berikad",Avfall (skal etc.),Vegetabiliska produkter och mjölkersättning,0.0,%
672,"Havredryck choklad fett 1,5%  berikad",Aska,Vegetabiliska produkter och mjölkersättning,0.7,g
672,"Havredryck choklad fett 1,5%  berikad",Alkohol,Vegetabiliska produkter och mjölkersättning,0.0,g
675,Bovetegröt m. russin,"Zink, Zn",Gröt,0.3,mg
675,Bovetegröt m. russin,Vitamin E,Gröt,0.2,mg
675,Bovetegröt m. russin,Vitamin D,Gröt,0.07,µg
675,Bovetegröt m. russin,Vitamin C,Gröt,0.1,mg
675,Bovetegröt m. russin,Vitamin B6,Gröt,0.08,mg
675,Bovetegröt m. russin,Vitamin B12,Gröt,0.03,µg
675,Bovetegröt m. russin,Vitamin A,Gröt,1.2,RE/µg
675,Bovetegröt m. russin,Vatten,Gröt,72.5,g
675,Bovetegröt m. russin,Tiamin,Gröt,0.06,mg
675,Bovetegröt m. russin,Tillsatt socker,Gröt,0.0,g
675,Bovetegröt m. russin,Fritt socker,Gröt,2.0,g
675,Bovetegröt m. russin,"Selen, Se",Gröt,1.5,µg
675,Bovetegröt m. russin,Sackaros,Gröt,0.4,g
675,Bovetegröt m. russin,Riboflavin,Gröt,0.02,mg
675,Bovetegröt m. russin,Retinol,Gröt,1.0,µg
675,Bovetegröt m. russin,Protein,Gröt,2.0,g
675,Bovetegröt m. russin,Summa fleromättade fettsyror,Gröt,0.1,g
675,Bovetegröt m. russin,"Fosfor, P",Gröt,61.0,mg
675,Bovetegröt m. russin,Niacinekvivalenter,Gröt,1.11,NE/mg
675,Bovetegröt m. russin,Niacin,Gröt,0.77,mg
675,Bovetegröt m. russin,"Salt, NaCl",Gröt,0.5,g
675,Bovetegröt m. russin,"Natrium, Na",Gröt,184.0,mg
675,Bovetegröt m. russin,Monosackarider,Gröt,9.9,g
675,Bovetegröt m. russin,"Sockerarter, totalt",Gröt,10.7,g
675,Bovetegröt m. russin,Summa enkelomättade fettsyror,Gröt,0.1,g
675,Bovetegröt m. russin,"Magnesium, Mg",Gröt,29.0,mg
675,Bovetegröt m. russin,Summa mättade fettsyror,Gröt,0.1,g
675,Bovetegröt m. russin,"Kolhydrater, tillgängliga",Gröt,22.2,g
675,Bovetegröt m. russin,Kolesterol,Gröt,0.5,mg
675,Bovetegröt m. russin,"Kalium, K",Gröt,134.0,mg
675,Bovetegröt m. russin,"Jod, I",Gröt,37.2,µg
675,Bovetegröt m. russin,Fullkorn totalt,Gröt,0.0,g
675,Bovetegröt m. russin,"Folat, totalt",Gröt,3.7,µg
675,Bovetegröt m. russin,Fibrer,Gröt,1.4,g
675,Bovetegröt m. russin,"Fett, totalt",Gröt,0.6,g
675,Bovetegröt m. russin,"Järn, Fe",Gröt,0.5,mg
675,Bovetegröt m. russin,Energi (kJ),Gröt,444.0,kJ
675,Bovetegröt m. russin,Energi (kcal),Gröt,106.0,kcal
675,Bovetegröt m. russin,Disackarider,Gröt,0.6,g
675,Bovetegröt m. russin,"Kalcium, Ca",Gröt,18.0,mg
675,Bovetegröt m. russin,Fettsyra 4:0-10:0,Gröt,0.0,g
675,Bovetegröt m. russin,DHA (C22:6),Gröt,0.0,g
675,Bovetegröt m. russin,DPA (C22:5),Gröt,0.0,g
675,Bovetegröt m. russin,EPA (C20:5),Gröt,0.0,g
675,Bovetegröt m. russin,Arakidonsyra C20:4,Gröt,0.0,g
675,Bovetegröt m. russin,Arakidinsyra C20:0,Gröt,0.0,g
675,Bovetegröt m. russin,Linolensyra C18:3,Gröt,0.0,g
675,Bovetegröt m. russin,Linolsyra C18:2,Gröt,0.1,g
675,Bovetegröt m. russin,Oljesyra C18:1,Gröt,0.1,g
675,Bovetegröt m. russin,Stearinsyra C18:0,Gröt,0.0,g
675,Bovetegröt m. russin,Palmitoljesyra C16:1,Gröt,0.0,g
675,Bovetegröt m. russin,Palmitinsyra C16:0,Gröt,0.1,g
675,Bovetegröt m. russin,Myristinsyra C14:0,Gröt,0.0,g
675,Bovetegröt m. russin,Laurinsyra C12:0,Gröt,0.0,g
675,Bovetegröt m. russin,Betakaroten/β-Karoten,Gröt,2.0,µg
675,Bovetegröt m. russin,Avfall (skal etc.),Gröt,0.0,%
675,Bovetegröt m. russin,Aska,Gröt,1.3,g
675,Bovetegröt m. russin,Alkohol,Gröt,0.0,g
676,Grahamsgröt,"Zink, Zn",Gröt,0.5,mg
676,Grahamsgröt,Vitamin E,Gröt,0.2,mg
676,Grahamsgröt,Vitamin D inkl 25-OH-D3,Gröt,0.0,µg
676,Grahamsgröt,Vitamin D,Gröt,0.0,µg
676,Grahamsgröt,Vitamin C,Gröt,0.0,mg
676,Grahamsgröt,Vitamin B6,Gröt,0.03,mg
676,Grahamsgröt,Vitamin B12,Gröt,0.0,µg
676,Grahamsgröt,Vitamin A,Gröt,0.0,RE/µg
676,Grahamsgröt,Vatten,Gröt,79.4,g
676,Grahamsgröt,Tiamin,Gröt,0.04,mg
676,Grahamsgröt,Tillsatt socker,Gröt,0.0,g
676,Grahamsgröt,Fritt socker,Gröt,0.0,g
676,Grahamsgröt,"Selen, Se",Gröt,0.6,µg
676,Grahamsgröt,Sackaros,Gröt,0.1,g
676,Grahamsgröt,Riboflavin,Gröt,0.01,mg
676,Grahamsgröt,Retinol,Gröt,0.0,µg
676,Grahamsgröt,Protein,Gröt,2.4,g
676,Grahamsgröt,Summa fleromättade fettsyror,Gröt,0.2,g
676,Grahamsgröt,"Fosfor, P",Gröt,64.0,mg
676,Grahamsgröt,Niacinekvivalenter,Gröt,0.54,NE/mg
676,Grahamsgröt,Niacin,Gröt,0.14,mg
676,Grahamsgröt,"Salt, NaCl",Gröt,0.8,g
676,Grahamsgröt,"Natrium, Na",Gröt,303.0,mg
676,Grahamsgröt,Monosackarider,Gröt,0.1,g
676,Grahamsgröt,"Sockerarter, totalt",Gröt,0.3,g
676,Grahamsgröt,Summa enkelomättade fettsyror,Gröt,0.1,g
676,Grahamsgröt,"Magnesium, Mg",Gröt,22.0,mg
676,Grahamsgröt,Summa mättade fettsyror,Gröt,0.0,g
676,Grahamsgröt,"Kolhydrater, tillgängliga",Gröt,13.6,g
676,Grahamsgröt,Kolesterol,Gröt,0.0,mg
676,Grahamsgröt,"Kalium, K",Gröt,52.0,mg
676,Grahamsgröt,"Jod, I",Gröt,38.2,µg
676,Grahamsgröt,Fullkorn totalt,Gröt,22.0,g
676,Grahamsgröt,"Folat, totalt",Gröt,5.5,µg
676,Grahamsgröt,Fibrer,Gröt,3.1,g
676,Grahamsgröt,"Fett, totalt",Gröt,0.4,g
676,Grahamsgröt,"Järn, Fe",Gröt,0.7,mg
676,Grahamsgröt,Energi (kJ),Gröt,314.0,kJ
676,Grahamsgröt,Energi (kcal),Gröt,75.0,kcal
676,Grahamsgröt,Disackarider,Gröt,0.2,g
676,Grahamsgröt,"Kalcium, Ca",Gröt,8.0,mg
676,Grahamsgröt,Fettsyra 4:0-10:0,Gröt,0.0,g
676,Grahamsgröt,DHA (C22:6),Gröt,0.0,g
676,Grahamsgröt,DPA (C22:5),Gröt,0.0,g
676,Grahamsgröt,EPA (C20:5),Gröt,0.0,g
676,Grahamsgröt,Arakidonsyra C20:4,Gröt,0.0,g
676,Grahamsgröt,Arakidinsyra C20:0,Gröt,0.0,g
676,Grahamsgröt,Linolensyra C18:3,Gröt,0.0,g
676,Grahamsgröt,Linolsyra C18:2,Gröt,0.2,g
676,Grahamsgröt,Oljesyra C18:1,Gröt,0.1,g
676,Grahamsgröt,Stearinsyra C18:0,Gröt,0.0,g
676,Grahamsgröt,Palmitoljesyra C16:1,Gröt,0.0,g
676,Grahamsgröt,Palmitinsyra C16:0,Gröt,0.1,g
676,Grahamsgröt,Myristinsyra C14:0,Gröt,0.0,g
676,Grahamsgröt,Laurinsyra C12:0,Gröt,0.0,g
676,Grahamsgröt,Betakaroten/β-Karoten,Gröt,1.0,µg
676,Grahamsgröt,Avfall (skal etc.),Gröt,0.0,%
676,Grahamsgröt,Aska,Gröt,1.1,g
676,Grahamsgröt,Alkohol,Gröt,0.0,g
677,Havregrynsgröt fullkorn,"Zink, Zn",Gröt,0.5,mg
677,Havregrynsgröt fullkorn,Vitamin E,Gröt,0.1,mg
677,Havregrynsgröt fullkorn,Vitamin D inkl 25-OH-D3,Gröt,0.0,µg
677,Havregrynsgröt fullkorn,Vitamin D,Gröt,0.0,µg
677,Havregrynsgröt fullkorn,Vitamin C,Gröt,0.0,mg
677,Havregrynsgröt fullkorn,Vitamin B6,Gröt,0.01,mg
677,Havregrynsgröt fullkorn,Vitamin B12,Gröt,0.0,µg
677,Havregrynsgröt fullkorn,Vitamin A,Gröt,0.0,RE/µg
677,Havregrynsgröt fullkorn,Vatten,Gröt,83.3,g
677,Havregrynsgröt fullkorn,Tiamin,Gröt,0.03,mg
677,Havregrynsgröt fullkorn,Tillsatt socker,Gröt,0.0,g
677,Havregrynsgröt fullkorn,Fritt socker,Gröt,0.0,g
677,Havregrynsgröt fullkorn,"Selen, Se",Gröt,2.1,µg
677,Havregrynsgröt fullkorn,Sackaros,Gröt,0.2,g
677,Havregrynsgröt fullkorn,Riboflavin,Gröt,0.01,mg
677,Havregrynsgröt fullkorn,Retinol,Gröt,0.0,µg
677,Havregrynsgröt fullkorn,Protein,Gröt,1.7,g
677,Havregrynsgröt fullkorn,Summa fleromättade fettsyror,Gröt,0.5,g
677,Havregrynsgröt fullkorn,"Fosfor, P",Gröt,64.0,mg
677,Havregrynsgröt fullkorn,Niacinekvivalenter,Gröt,0.42,NE/mg
677,Havregrynsgröt fullkorn,Niacin,Gröt,0.14,mg
677,Havregrynsgröt fullkorn,"Salt, NaCl",Gröt,0.8,g
677,Havregrynsgröt fullkorn,"Natrium, Na",Gröt,308.0,mg
677,Havregrynsgröt fullkorn,Monosackarider,Gröt,0.0,g
677,Havregrynsgröt fullkorn,"Sockerarter, totalt",Gröt,0.2,g
677,Havregrynsgröt fullkorn,Summa enkelomättade fettsyror,Gröt,0.5,g
677,Havregrynsgröt fullkorn,"Magnesium, Mg",Gröt,20.0,mg
677,Havregrynsgröt fullkorn,Summa mättade fettsyror,Gröt,0.2,g
677,Havregrynsgröt fullkorn,"Kolhydrater, tillgängliga",Gröt,11.3,g
677,Havregrynsgröt fullkorn,Kolesterol,Gröt,0.0,mg
677,Havregrynsgröt fullkorn,"Kalium, K",Gröt,39.0,mg
677,Havregrynsgröt fullkorn,"Jod, I",Gröt,40.1,µg
677,Havregrynsgröt fullkorn,Fullkorn totalt,Gröt,18.0,g
677,Havregrynsgröt fullkorn,"Folat, totalt",Gröt,3.2,µg
677,Havregrynsgröt fullkorn,Fibrer,Gröt,1.3,g
677,Havregrynsgröt fullkorn,"Fett, totalt",Gröt,1.2,g
677,Havregrynsgröt fullkorn,"Järn, Fe",Gröt,0.6,mg
677,Havregrynsgröt fullkorn,Energi (kJ),Gröt,277.0,kJ
677,Havregrynsgröt fullkorn,Energi (kcal),Gröt,66.0,kcal
677,Havregrynsgröt fullkorn,Disackarider,Gröt,0.2,g
677,Havregrynsgröt fullkorn,"Kalcium, Ca",Gröt,9.0,mg
677,Havregrynsgröt fullkorn,Fettsyra 4:0-10:0,Gröt,0.0,g
677,Havregrynsgröt fullkorn,DHA (C22:6),Gröt,0.0,g
677,Havregrynsgröt fullkorn,DPA (C22:5),Gröt,0.0,g
677,Havregrynsgröt fullkorn,EPA (C20:5),Gröt,0.0,g
677,Havregrynsgröt fullkorn,Arakidonsyra C20:4,Gröt,0.0,g
677,Havregrynsgröt fullkorn,Arakidinsyra C20:0,Gröt,0.0,g
677,Havregrynsgröt fullkorn,Linolensyra C18:3,Gröt,0.0,g
677,Havregrynsgröt fullkorn,Linolsyra C18:2,Gröt,0.5,g
677,Havregrynsgröt fullkorn,Oljesyra C18:1,Gröt,0.4,g
677,Havregrynsgröt fullkorn,Stearinsyra C18:0,Gröt,0.0,g
677,Havregrynsgröt fullkorn,Palmitoljesyra C16:1,Gröt,0.0,g
677,Havregrynsgröt fullkorn,Palmitinsyra C16:0,Gröt,0.2,g
677,Havregrynsgröt fullkorn,Myristinsyra C14:0,Gröt,0.0,g
677,Havregrynsgröt fullkorn,Laurinsyra C12:0,Gröt,0.0,g
677,Havregrynsgröt fullkorn,Betakaroten/β-Karoten,Gröt,0.0,µg
677,Havregrynsgröt fullkorn,Avfall (skal etc.),Gröt,0.0,%
677,Havregrynsgröt fullkorn,Aska,Gröt,1.1,g
677,Havregrynsgröt fullkorn,Alkohol,Gröt,0.0,g
678,Molinogröt grahamsmjöl m. torkad frukt linfrö,"Zink, Zn",Gröt,0.7,mg
678,Molinogröt grahamsmjöl m. torkad frukt linfrö,Vitamin E,Gröt,0.2,mg
678,Molinogröt grahamsmjöl m. torkad frukt linfrö,Vitamin D inkl 25-OH-D3,Gröt,0.0,µg
678,Molinogröt grahamsmjöl m. torkad frukt linfrö,Vitamin D,Gröt,0.0,µg
678,Molinogröt grahamsmjöl m. torkad frukt linfrö,Vitamin C,Gröt,0.0,mg
678,Molinogröt grahamsmjöl m. torkad frukt linfrö,Vitamin B6,Gröt,0.06,mg
678,Molinogröt grahamsmjöl m. torkad frukt linfrö,Vitamin B12,Gröt,0.0,µg
678,Molinogröt grahamsmjöl m. torkad frukt linfrö,Vitamin A,Gröt,0.8,RE/µg
678,Molinogröt grahamsmjöl m. torkad frukt linfrö,Vatten,Gröt,77.8,g
678,Molinogröt grahamsmjöl m. torkad frukt linfrö,Tiamin,Gröt,0.11,mg
678,Molinogröt grahamsmjöl m. torkad frukt linfrö,Tillsatt socker,Gröt,0.0,g
678,Molinogröt grahamsmjöl m. torkad frukt linfrö,Fritt socker,Gröt,0.0,g
678,Molinogröt grahamsmjöl m. torkad frukt linfrö,"Selen, Se",Gröt,1.1,µg
678,Molinogröt grahamsmjöl m. torkad frukt linfrö,Sackaros,Gröt,0.2,g
678,Molinogröt grahamsmjöl m. torkad frukt linfrö,Riboflavin,Gröt,0.02,mg
678,Molinogröt grahamsmjöl m. torkad frukt linfrö,Retinol,Gröt,0.0,µg
678,Molinogröt grahamsmjöl m. torkad frukt linfrö,Protein,Gröt,2.4,g
678,Molinogröt grahamsmjöl m. torkad frukt linfrö,Summa fleromättade fettsyror,Gröt,1.6,g
678,Molinogröt grahamsmjöl m. torkad frukt linfrö,"Fosfor, P",Gröt,88.0,mg
678,Molinogröt grahamsmjöl m. torkad frukt linfrö,Niacinekvivalenter,Gröt,0.99,NE/mg
678,Molinogröt grahamsmjöl m. torkad frukt linfrö,Niacin,Gröt,0.59,mg
678,Molinogröt grahamsmjöl m. torkad frukt linfrö,"Salt, NaCl",Gröt,0.3,g
678,Molinogröt grahamsmjöl m. torkad frukt linfrö,"Natrium, Na",Gröt,101.0,mg
678,Molinogröt grahamsmjöl m. torkad frukt linfrö,Monosackarider,Gröt,5.1,g
678,Molinogröt grahamsmjöl m. torkad frukt linfrö,"Sockerarter, totalt",Gröt,5.3,g
678,Molinogröt grahamsmjöl m. torkad frukt linfrö,Summa enkelomättade fettsyror,Gröt,0.4,g
678,Molinogröt grahamsmjöl m. torkad frukt linfrö,"Magnesium, Mg",Gröt,41.0,mg
678,Molinogröt grahamsmjöl m. torkad frukt linfrö,Summa mättade fettsyror,Gröt,0.2,g
678,Molinogröt grahamsmjöl m. torkad frukt linfrö,"Kolhydrater, tillgängliga",Gröt,12.4,g
678,Molinogröt grahamsmjöl m. torkad frukt linfrö,Kolesterol,Gröt,0.0,mg
678,Molinogröt grahamsmjöl m. torkad frukt linfrö,"Kalium, K",Gröt,119.0,mg
678,Molinogröt grahamsmjöl m. torkad frukt linfrö,"Jod, I",Gröt,18.1,µg
678,Molinogröt grahamsmjöl m. torkad frukt linfrö,Fullkorn totalt,Gröt,10.0,g
678,Molinogröt grahamsmjöl m. torkad frukt linfrö,"Folat, totalt",Gröt,7.5,µg
678,Molinogröt grahamsmjöl m. torkad frukt linfrö,Fibrer,Gröt,3.9,g
678,Molinogröt grahamsmjöl m. torkad frukt linfrö,"Fett, totalt",Gröt,2.5,g
678,Molinogröt grahamsmjöl m. torkad frukt linfrö,"Järn, Fe",Gröt,1.1,mg
678,Molinogröt grahamsmjöl m. torkad frukt linfrö,Energi (kJ),Gröt,374.0,kJ
678,Molinogröt grahamsmjöl m. torkad frukt linfrö,Energi (kcal),Gröt,89.0,kcal
678,Molinogröt grahamsmjöl m. torkad frukt linfrö,Disackarider,Gröt,0.1,g
678,Molinogröt grahamsmjöl m. torkad frukt linfrö,"Kalcium, Ca",Gröt,22.0,mg
678,Molinogröt grahamsmjöl m. torkad frukt linfrö,Fettsyra 4:0-10:0,Gröt,0.0,g
678,Molinogröt grahamsmjöl m. torkad frukt linfrö,DHA (C22:6),Gröt,0.0,g
678,Molinogröt grahamsmjöl m. torkad frukt linfrö,DPA (C22:5),Gröt,0.0,g
678,Molinogröt grahamsmjöl m. torkad frukt linfrö,EPA (C20:5),Gröt,0.0,g
678,Molinogröt grahamsmjöl m. torkad frukt linfrö,Arakidonsyra C20:4,Gröt,0.0,g
678,Molinogröt grahamsmjöl m. torkad frukt linfrö,Arakidinsyra C20:0,Gröt,0.0,g
678,Molinogröt grahamsmjöl m. torkad frukt linfrö,Linolensyra C18:3,Gröt,1.2,g
678,Molinogröt grahamsmjöl m. torkad frukt linfrö,Linolsyra C18:2,Gröt,0.4,g
678,Molinogröt grahamsmjöl m. torkad frukt linfrö,Oljesyra C18:1,Gröt,0.4,g
678,Molinogröt grahamsmjöl m. torkad frukt linfrö,Stearinsyra C18:0,Gröt,0.1,g
678,Molinogröt grahamsmjöl m. torkad frukt linfrö,Palmitoljesyra C16:1,Gröt,0.0,g
678,Molinogröt grahamsmjöl m. torkad frukt linfrö,Palmitinsyra C16:0,Gröt,0.1,g
678,Molinogröt grahamsmjöl m. torkad frukt linfrö,Myristinsyra C14:0,Gröt,0.0,g
678,Molinogröt grahamsmjöl m. torkad frukt linfrö,Laurinsyra C12:0,Gröt,0.0,g
678,Molinogröt grahamsmjöl m. torkad frukt linfrö,Betakaroten/β-Karoten,Gröt,9.0,µg
678,Molinogröt grahamsmjöl m. torkad frukt linfrö,Avfall (skal etc.),Gröt,0.0,%
678,Molinogröt grahamsmjöl m. torkad frukt linfrö,Aska,Gröt,1.1,g
678,Molinogröt grahamsmjöl m. torkad frukt linfrö,Alkohol,Gröt,0.0,g
679,Frukostflingor ris puffat rostat osötat,"Zink, Zn",Flingor - frukostflingor,1.5,mg
679,Frukostflingor ris puffat rostat osötat,Vitamin E,Flingor - frukostflingor,0.1,mg
679,Frukostflingor ris puffat rostat osötat,Vitamin D inkl 25-OH-D3,Flingor - frukostflingor,0.0,µg
679,Frukostflingor ris puffat rostat osötat,Vitamin D,Flingor - frukostflingor,0.0,µg
679,Frukostflingor ris puffat rostat osötat,Vitamin C,Flingor - frukostflingor,0.0,mg
679,Frukostflingor ris puffat rostat osötat,Vitamin B6,Flingor - frukostflingor,0.08,mg
679,Frukostflingor ris puffat rostat osötat,Vitamin B12,Flingor - frukostflingor,0.05,µg
679,Frukostflingor ris puffat rostat osötat,Vitamin A,Flingor - frukostflingor,0.5,RE/µg
679,Frukostflingor ris puffat rostat osötat,Vatten,Flingor - frukostflingor,6.0,g
679,Frukostflingor ris puffat rostat osötat,Tiamin,Flingor - frukostflingor,0.0,mg
679,Frukostflingor ris puffat rostat osötat,Tillsatt socker,Flingor - frukostflingor,0.0,g
679,Frukostflingor ris puffat rostat osötat,Fritt socker,Flingor - frukostflingor,0.0,g
679,Frukostflingor ris puffat rostat osötat,"Selen, Se",Flingor - frukostflingor,2.4,µg
679,Frukostflingor ris puffat rostat osötat,Sackaros,Flingor - frukostflingor,0.3,g
679,Frukostflingor ris puffat rostat osötat,Riboflavin,Flingor - frukostflingor,0.02,mg
679,Frukostflingor ris puffat rostat osötat,Retinol,Flingor - frukostflingor,0.0,µg
679,Frukostflingor ris puffat rostat osötat,Protein,Flingor - frukostflingor,6.0,g
679,Frukostflingor ris puffat rostat osötat,Summa fleromättade fettsyror,Flingor - frukostflingor,0.3,g
679,Frukostflingor ris puffat rostat osötat,"Fosfor, P",Flingor - frukostflingor,91.0,mg
679,Frukostflingor ris puffat rostat osötat,Niacinekvivalenter,Flingor - frukostflingor,2.1,NE/mg
679,Frukostflingor ris puffat rostat osötat,Niacin,Flingor - frukostflingor,1.05,mg
679,Frukostflingor ris puffat rostat osötat,"Salt, NaCl",Flingor - frukostflingor,0.0,g
679,Frukostflingor ris puffat rostat osötat,"Natrium, Na",Flingor - frukostflingor,4.0,mg
679,Frukostflingor ris puffat rostat osötat,Monosackarider,Flingor - frukostflingor,0.0,g
679,Frukostflingor ris puffat rostat osötat,"Sockerarter, totalt",Flingor - frukostflingor,0.3,g
679,Frukostflingor ris puffat rostat osötat,Summa enkelomättade fettsyror,Flingor - frukostflingor,0.3,g
679,Frukostflingor ris puffat rostat osötat,"Magnesium, Mg",Flingor - frukostflingor,21.0,mg
679,Frukostflingor ris puffat rostat osötat,Summa mättade fettsyror,Flingor - frukostflingor,0.2,g
679,Frukostflingor ris puffat rostat osötat,"Kolhydrater, tillgängliga",Flingor - frukostflingor,86.0,g
679,Frukostflingor ris puffat rostat osötat,Kolesterol,Flingor - frukostflingor,0.0,mg
679,Frukostflingor ris puffat rostat osötat,"Kalium, K",Flingor - frukostflingor,84.0,mg
679,Frukostflingor ris puffat rostat osötat,"Jod, I",Flingor - frukostflingor,0.0,µg
679,Frukostflingor ris puffat rostat osötat,Fullkorn totalt,Flingor - frukostflingor,0.0,g
679,Frukostflingor ris puffat rostat osötat,"Folat, totalt",Flingor - frukostflingor,15.1,µg
679,Frukostflingor ris puffat rostat osötat,Fibrer,Flingor - frukostflingor,0.8,g
679,Frukostflingor ris puffat rostat osötat,"Fett, totalt",Flingor - frukostflingor,0.9,g
679,Frukostflingor ris puffat rostat osötat,"Järn, Fe",Flingor - frukostflingor,0.4,mg
679,Frukostflingor ris puffat rostat osötat,Energi (kJ),Flingor - frukostflingor,1603.0,kJ
679,Frukostflingor ris puffat rostat osötat,Energi (kcal),Flingor - frukostflingor,383.0,kcal
679,Frukostflingor ris puffat rostat osötat,Disackarider,Flingor - frukostflingor,0.3,g
679,Frukostflingor ris puffat rostat osötat,"Kalcium, Ca",Flingor - frukostflingor,3.0,mg
679,Frukostflingor ris puffat rostat osötat,Fettsyra 4:0-10:0,Flingor - frukostflingor,0.0,g
679,Frukostflingor ris puffat rostat osötat,DHA (C22:6),Flingor - frukostflingor,0.0,g
679,Frukostflingor ris puffat rostat osötat,DPA (C22:5),Flingor - frukostflingor,0.0,g
679,Frukostflingor ris puffat rostat osötat,EPA (C20:5),Flingor - frukostflingor,0.0,g
679,Frukostflingor ris puffat rostat osötat,Arakidonsyra C20:4,Flingor - frukostflingor,0.0,g
679,Frukostflingor ris puffat rostat osötat,Arakidinsyra C20:0,Flingor - frukostflingor,0.0,g
679,Frukostflingor ris puffat rostat osötat,Linolensyra C18:3,Flingor - frukostflingor,0.0,g
679,Frukostflingor ris puffat rostat osötat,Linolsyra C18:2,Flingor - frukostflingor,0.3,g
679,Frukostflingor ris puffat rostat osötat,Oljesyra C18:1,Flingor - frukostflingor,0.2,g
679,Frukostflingor ris puffat rostat osötat,Stearinsyra C18:0,Flingor - frukostflingor,0.0,g
679,Frukostflingor ris puffat rostat osötat,Palmitoljesyra C16:1,Flingor - frukostflingor,0.0,g
679,Frukostflingor ris puffat rostat osötat,Palmitinsyra C16:0,Flingor - frukostflingor,0.2,g
679,Frukostflingor ris puffat rostat osötat,Myristinsyra C14:0,Flingor - frukostflingor,0.0,g
679,Frukostflingor ris puffat rostat osötat,Laurinsyra C12:0,Flingor - frukostflingor,0.0,g
679,Frukostflingor ris puffat rostat osötat,Betakaroten/β-Karoten,Flingor - frukostflingor,6.0,µg
679,Frukostflingor ris puffat rostat osötat,Avfall (skal etc.),Flingor - frukostflingor,0.0,%
679,Frukostflingor ris puffat rostat osötat,Aska,Flingor - frukostflingor,0.4,g
679,Frukostflingor ris puffat rostat osötat,Alkohol,Flingor - frukostflingor,0.0,g
680,Rågkross ångprep. fullkorn,"Zink, Zn",Mjöl stärkelse kli,2.7,mg
680,Rågkross ångprep. fullkorn,Vitamin E,Mjöl stärkelse kli,1.0,mg
680,Rågkross ångprep. fullkorn,Vitamin D inkl 25-OH-D3,Mjöl stärkelse kli,0.0,µg
680,Rågkross ångprep. fullkorn,Vitamin D,Mjöl stärkelse kli,0.0,µg
680,Rågkross ångprep. fullkorn,Vitamin C,Mjöl stärkelse kli,0.0,mg
680,Rågkross ångprep. fullkorn,Vitamin B6,Mjöl stärkelse kli,0.28,mg
680,Rågkross ångprep. fullkorn,Vitamin B12,Mjöl stärkelse kli,0.0,µg
680,Rågkross ångprep. fullkorn,Vitamin A,Mjöl stärkelse kli,0.0,RE/µg
680,Rågkross ångprep. fullkorn,Vatten,Mjöl stärkelse kli,11.7,g
680,Rågkross ångprep. fullkorn,Tiamin,Mjöl stärkelse kli,0.28,mg
680,Rågkross ångprep. fullkorn,Tillsatt socker,Mjöl stärkelse kli,0.0,g
680,Rågkross ångprep. fullkorn,Fritt socker,Mjöl stärkelse kli,0.0,g
680,Rågkross ångprep. fullkorn,"Selen, Se",Mjöl stärkelse kli,4.9,µg
680,Rågkross ångprep. fullkorn,Sackaros,Mjöl stärkelse kli,0.6,g
680,Rågkross ångprep. fullkorn,Riboflavin,Mjöl stärkelse kli,0.1,mg
680,Rågkross ångprep. fullkorn,Retinol,Mjöl stärkelse kli,0.0,µg
680,Rågkross ångprep. fullkorn,Protein,Mjöl stärkelse kli,9.0,g
680,Rågkross ångprep. fullkorn,Summa fleromättade fettsyror,Mjöl stärkelse kli,1.0,g
680,Rågkross ångprep. fullkorn,"Fosfor, P",Mjöl stärkelse kli,298.0,mg
680,Rågkross ångprep. fullkorn,Niacinekvivalenter,Mjöl stärkelse kli,1.7,NE/mg
680,Rågkross ångprep. fullkorn,Niacin,Mjöl stärkelse kli,0.2,mg
680,Rågkross ångprep. fullkorn,"Salt, NaCl",Mjöl stärkelse kli,0.0,g
680,Rågkross ångprep. fullkorn,"Natrium, Na",Mjöl stärkelse kli,1.0,mg
680,Rågkross ångprep. fullkorn,Monosackarider,Mjöl stärkelse kli,0.6,g
680,Rågkross ångprep. fullkorn,"Sockerarter, totalt",Mjöl stärkelse kli,1.3,g
680,Rågkross ångprep. fullkorn,Summa enkelomättade fettsyror,Mjöl stärkelse kli,0.3,g
680,Rågkross ångprep. fullkorn,"Magnesium, Mg",Mjöl stärkelse kli,103.0,mg
680,Rågkross ångprep. fullkorn,Summa mättade fettsyror,Mjöl stärkelse kli,0.3,g
680,Rågkross ångprep. fullkorn,"Kolhydrater, tillgängliga",Mjöl stärkelse kli,57.2,g
680,Rågkross ångprep. fullkorn,Kolesterol,Mjöl stärkelse kli,0.0,mg
680,Rågkross ångprep. fullkorn,"Kalium, K",Mjöl stärkelse kli,450.0,mg
680,Rågkross ångprep. fullkorn,"Jod, I",Mjöl stärkelse kli,5.0,µg
680,Rågkross ångprep. fullkorn,Fullkorn totalt,Mjöl stärkelse kli,100.0,g
680,Rågkross ångprep. fullkorn,"Folat, totalt",Mjöl stärkelse kli,40.0,µg
680,Rågkross ångprep. fullkorn,Fibrer,Mjöl stärkelse kli,18.1,g
680,Rågkross ångprep. fullkorn,"Fett, totalt",Mjöl stärkelse kli,2.5,g
680,Rågkross ångprep. fullkorn,"Järn, Fe",Mjöl stärkelse kli,3.0,mg
680,Rågkross ångprep. fullkorn,Energi (kJ),Mjöl stärkelse kli,1363.0,kJ
680,Rågkross ångprep. fullkorn,Energi (kcal),Mjöl stärkelse kli,326.0,kcal
680,Rågkross ångprep. fullkorn,Disackarider,Mjöl stärkelse kli,0.8,g
680,Rågkross ångprep. fullkorn,"Kalcium, Ca",Mjöl stärkelse kli,34.0,mg
680,Rågkross ångprep. fullkorn,Fettsyra 4:0-10:0,Mjöl stärkelse kli,0.0,g
680,Rågkross ångprep. fullkorn,DHA (C22:6),Mjöl stärkelse kli,0.0,g
680,Rågkross ångprep. fullkorn,DPA (C22:5),Mjöl stärkelse kli,0.0,g
680,Rågkross ångprep. fullkorn,EPA (C20:5),Mjöl stärkelse kli,0.0,g
680,Rågkross ångprep. fullkorn,Arakidonsyra C20:4,Mjöl stärkelse kli,0.0,g
680,Rågkross ångprep. fullkorn,Arakidinsyra C20:0,Mjöl stärkelse kli,0.0,g
680,Rågkross ångprep. fullkorn,Linolensyra C18:3,Mjöl stärkelse kli,0.1,g
680,Rågkross ångprep. fullkorn,Linolsyra C18:2,Mjöl stärkelse kli,0.9,g
680,Rågkross ångprep. fullkorn,Oljesyra C18:1,Mjöl stärkelse kli,0.2,g
680,Rågkross ångprep. fullkorn,Stearinsyra C18:0,Mjöl stärkelse kli,0.0,g
680,Rågkross ångprep. fullkorn,Palmitoljesyra C16:1,Mjöl stärkelse kli,0.0,g
680,Rågkross ångprep. fullkorn,Palmitinsyra C16:0,Mjöl stärkelse kli,0.2,g
680,Rågkross ångprep. fullkorn,Myristinsyra C14:0,Mjöl stärkelse kli,0.0,g
680,Rågkross ångprep. fullkorn,Laurinsyra C12:0,Mjöl stärkelse kli,0.0,g
680,Rågkross ångprep. fullkorn,Betakaroten/β-Karoten,Mjöl stärkelse kli,0.0,µg
680,Rågkross ångprep. fullkorn,Avfall (skal etc.),Mjöl stärkelse kli,0.0,%
680,Rågkross ångprep. fullkorn,Aska,Mjöl stärkelse kli,1.5,g
680,Rågkross ångprep. fullkorn,Alkohol,Mjöl stärkelse kli,0.0,g
681,Kornmjölsgröt,"Zink, Zn",Gröt,0.4,mg
681,Kornmjölsgröt,Vitamin E,Gröt,0.0,mg
681,Kornmjölsgröt,Vitamin D inkl 25-OH-D3,Gröt,0.0,µg
681,Kornmjölsgröt,Vitamin D,Gröt,0.0,µg
681,Kornmjölsgröt,Vitamin C,Gröt,0.0,mg
681,Kornmjölsgröt,Vitamin B6,Gröt,0.04,mg
681,Kornmjölsgröt,Vitamin B12,Gröt,0.0,µg
681,Kornmjölsgröt,Vitamin A,Gröt,0.0,RE/µg
681,Kornmjölsgröt,Vatten,Gröt,83.4,g
681,Kornmjölsgröt,Tiamin,Gröt,0.04,mg
681,Kornmjölsgröt,Tillsatt socker,Gröt,0.0,g
681,Kornmjölsgröt,Fritt socker,Gröt,0.0,g
681,Kornmjölsgröt,"Selen, Se",Gröt,0.2,µg
681,Kornmjölsgröt,Sackaros,Gröt,0.1,g
681,Kornmjölsgröt,Riboflavin,Gröt,0.01,mg
681,Kornmjölsgröt,Retinol,Gröt,0.0,µg
681,Kornmjölsgröt,Protein,Gröt,1.7,g
681,Kornmjölsgröt,Summa fleromättade fettsyror,Gröt,0.3,g
681,Kornmjölsgröt,"Fosfor, P",Gröt,47.0,mg
681,Kornmjölsgröt,Niacinekvivalenter,Gröt,1.33,NE/mg
681,Kornmjölsgröt,Niacin,Gröt,1.05,mg
681,Kornmjölsgröt,"Salt, NaCl",Gröt,0.7,g
681,Kornmjölsgröt,"Natrium, Na",Gröt,273.0,mg
681,Kornmjölsgröt,Monosackarider,Gröt,0.1,g
681,Kornmjölsgröt,"Sockerarter, totalt",Gröt,0.2,g
681,Kornmjölsgröt,Summa enkelomättade fettsyror,Gröt,0.0,g
681,Kornmjölsgröt,"Magnesium, Mg",Gröt,17.0,mg
681,Kornmjölsgröt,Summa mättade fettsyror,Gröt,0.1,g
681,Kornmjölsgröt,"Kolhydrater, tillgängliga",Gröt,11.9,g
681,Kornmjölsgröt,Kolesterol,Gröt,0.0,mg
681,Kornmjölsgröt,"Kalium, K",Gröt,42.0,mg
681,Kornmjölsgröt,"Jod, I",Gröt,34.5,µg
681,Kornmjölsgröt,Fullkorn totalt,Gröt,18.0,g
681,Kornmjölsgröt,"Folat, totalt",Gröt,2.2,µg
681,Kornmjölsgröt,Fibrer,Gröt,1.4,g
681,Kornmjölsgröt,"Fett, totalt",Gröt,0.6,g
681,Kornmjölsgröt,"Järn, Fe",Gröt,0.7,mg
681,Kornmjölsgröt,Energi (kJ),Gröt,264.0,kJ
681,Kornmjölsgröt,Energi (kcal),Gröt,63.0,kcal
681,Kornmjölsgröt,Disackarider,Gröt,0.1,g
681,Kornmjölsgröt,"Kalcium, Ca",Gröt,6.0,mg
681,Kornmjölsgröt,Fettsyra 4:0-10:0,Gröt,0.0,g
681,Kornmjölsgröt,DHA (C22:6),Gröt,0.0,g
681,Kornmjölsgröt,DPA (C22:5),Gröt,0.0,g
681,Kornmjölsgröt,EPA (C20:5),Gröt,0.0,g
681,Kornmjölsgröt,Arakidonsyra C20:4,Gröt,0.0,g
681,Kornmjölsgröt,Arakidinsyra C20:0,Gröt,0.0,g
681,Kornmjölsgröt,Linolensyra C18:3,Gröt,0.0,g
681,Kornmjölsgröt,Linolsyra C18:2,Gröt,0.2,g
681,Kornmjölsgröt,Oljesyra C18:1,Gröt,0.0,g
681,Kornmjölsgröt,Stearinsyra C18:0,Gröt,0.0,g
681,Kornmjölsgröt,Palmitoljesyra C16:1,Gröt,0.0,g
681,Kornmjölsgröt,Palmitinsyra C16:0,Gröt,0.1,g
681,Kornmjölsgröt,Myristinsyra C14:0,Gröt,0.0,g
681,Kornmjölsgröt,Laurinsyra C12:0,Gröt,0.0,g
681,Kornmjölsgröt,Betakaroten/β-Karoten,Gröt,0.0,µg
681,Kornmjölsgröt,Avfall (skal etc.),Gröt,0.0,%
681,Kornmjölsgröt,Aska,Gröt,1.0,g
681,Kornmjölsgröt,Alkohol,Gröt,0.0,g
682,Mannagrynsgröt,"Zink, Zn",Gröt,0.4,mg
682,Mannagrynsgröt,Vitamin E,Gröt,0.0,mg
682,Mannagrynsgröt,Vitamin D,Gröt,0.94,µg
682,Mannagrynsgröt,Vitamin C,Gröt,0.6,mg
682,Mannagrynsgröt,Vitamin B6,Gröt,0.04,mg
682,Mannagrynsgröt,Vitamin B12,Gröt,0.4,µg
682,Mannagrynsgröt,Vitamin A,Gröt,14.7,RE/µg
682,Mannagrynsgröt,Vatten,Gröt,81.4,g
682,Mannagrynsgröt,Tiamin,Gröt,0.04,mg
682,Mannagrynsgröt,Tillsatt socker,Gröt,0.0,g
682,Mannagrynsgröt,Fritt socker,Gröt,0.0,g
682,Mannagrynsgröt,"Selen, Se",Gröt,1.7,µg
682,Mannagrynsgröt,Sackaros,Gröt,0.0,g
682,Mannagrynsgröt,Riboflavin,Gröt,0.13,mg
682,Mannagrynsgröt,Retinol,Gröt,13.9,µg
682,Mannagrynsgröt,Protein,Gröt,4.3,g
682,Mannagrynsgröt,Summa fleromättade fettsyror,Gröt,0.1,g
682,Mannagrynsgröt,"Fosfor, P",Gröt,140.0,mg
682,Mannagrynsgröt,Niacinekvivalenter,Gröt,1.13,NE/mg
682,Mannagrynsgröt,Niacin,Gröt,0.17,mg
682,Mannagrynsgröt,"Salt, NaCl",Gröt,0.6,g
682,Mannagrynsgröt,"Natrium, Na",Gröt,223.0,mg
682,Mannagrynsgröt,Monosackarider,Gröt,0.0,g
682,Mannagrynsgröt,"Sockerarter, totalt",Gröt,4.4,g
682,Mannagrynsgröt,Summa enkelomättade fettsyror,Gröt,0.4,g
682,Mannagrynsgröt,"Magnesium, Mg",Gröt,12.0,mg
682,Mannagrynsgröt,Summa mättade fettsyror,Gröt,1.1,g
682,Mannagrynsgröt,"Kolhydrater, tillgängliga",Gröt,11.0,g
682,Mannagrynsgröt,Kolesterol,Gröt,7.1,mg
682,Mannagrynsgröt,"Kalium, K",Gröt,157.0,mg
682,Mannagrynsgröt,"Jod, I",Gröt,45.2,µg
682,Mannagrynsgröt,Fullkorn totalt,Gröt,0.0,g
682,Mannagrynsgröt,"Folat, totalt",Gröt,7.9,µg
682,Mannagrynsgröt,Fibrer,Gröt,0.3,g
682,Mannagrynsgröt,"Fett, totalt",Gröt,1.8,g
682,Mannagrynsgröt,"Järn, Fe",Gröt,0.2,mg
682,Mannagrynsgröt,Energi (kJ),Gröt,329.0,kJ
682,Mannagrynsgröt,Energi (kcal),Gröt,79.0,kcal
682,Mannagrynsgröt,Disackarider,Gröt,4.4,g
682,Mannagrynsgröt,"Kalcium, Ca",Gröt,120.0,mg
682,Mannagrynsgröt,Fettsyra 4:0-10:0,Gröt,0.2,g
682,Mannagrynsgröt,DHA (C22:6),Gröt,0.0,g
682,Mannagrynsgröt,DPA (C22:5),Gröt,0.0,g
682,Mannagrynsgröt,EPA (C20:5),Gröt,0.0,g
682,Mannagrynsgröt,Arakidonsyra C20:4,Gröt,0.0,g
682,Mannagrynsgröt,Arakidinsyra C20:0,Gröt,0.0,g
682,Mannagrynsgröt,Linolensyra C18:3,Gröt,0.0,g
682,Mannagrynsgröt,Linolsyra C18:2,Gröt,0.1,g
682,Mannagrynsgröt,Oljesyra C18:1,Gröt,0.3,g
682,Mannagrynsgröt,Stearinsyra C18:0,Gröt,0.2,g
682,Mannagrynsgröt,Palmitoljesyra C16:1,Gröt,0.0,g
682,Mannagrynsgröt,Palmitinsyra C16:0,Gröt,0.5,g
682,Mannagrynsgröt,Myristinsyra C14:0,Gröt,0.2,g
682,Mannagrynsgröt,Laurinsyra C12:0,Gröt,0.1,g
682,Mannagrynsgröt,Betakaroten/β-Karoten,Gröt,10.0,µg
682,Mannagrynsgröt,Avfall (skal etc.),Gröt,0.0,%
682,Mannagrynsgröt,Aska,Gröt,1.2,g
682,Mannagrynsgröt,Alkohol,Gröt,0.0,g
683,Kruskagröt fullkorn m. havregryn vetekli russin,"Zink, Zn",Gröt,0.5,mg
683,Kruskagröt fullkorn m. havregryn vetekli russin,Vitamin E,Gröt,0.3,mg
683,Kruskagröt fullkorn m. havregryn vetekli russin,Vitamin D inkl 25-OH-D3,Gröt,0.0,µg
683,Kruskagröt fullkorn m. havregryn vetekli russin,Vitamin D,Gröt,0.0,µg
683,Kruskagröt fullkorn m. havregryn vetekli russin,Vitamin C,Gröt,0.0,mg
683,Kruskagröt fullkorn m. havregryn vetekli russin,Vitamin B6,Gröt,0.06,mg
683,Kruskagröt fullkorn m. havregryn vetekli russin,Vitamin B12,Gröt,0.0,µg
683,Kruskagröt fullkorn m. havregryn vetekli russin,Vitamin A,Gröt,0.1,RE/µg
683,Kruskagröt fullkorn m. havregryn vetekli russin,Vatten,Gröt,81.9,g
683,Kruskagröt fullkorn m. havregryn vetekli russin,Tiamin,Gröt,0.04,mg
683,Kruskagröt fullkorn m. havregryn vetekli russin,Tillsatt socker,Gröt,0.0,g
683,Kruskagröt fullkorn m. havregryn vetekli russin,Fritt socker,Gröt,0.0,g
683,Kruskagröt fullkorn m. havregryn vetekli russin,"Selen, Se",Gröt,1.0,µg
683,Kruskagröt fullkorn m. havregryn vetekli russin,Sackaros,Gröt,0.3,g
683,Kruskagröt fullkorn m. havregryn vetekli russin,Riboflavin,Gröt,0.01,mg
683,Kruskagröt fullkorn m. havregryn vetekli russin,Retinol,Gröt,0.0,µg
683,Kruskagröt fullkorn m. havregryn vetekli russin,Protein,Gröt,1.5,g
683,Kruskagröt fullkorn m. havregryn vetekli russin,Summa fleromättade fettsyror,Gröt,0.3,g
683,Kruskagröt fullkorn m. havregryn vetekli russin,"Fosfor, P",Gröt,83.0,mg
683,Kruskagröt fullkorn m. havregryn vetekli russin,Niacinekvivalenter,Gröt,1.37,NE/mg
683,Kruskagröt fullkorn m. havregryn vetekli russin,Niacin,Gröt,1.12,mg
683,Kruskagröt fullkorn m. havregryn vetekli russin,"Salt, NaCl",Gröt,0.6,g
683,Kruskagröt fullkorn m. havregryn vetekli russin,"Natrium, Na",Gröt,245.0,mg
683,Kruskagröt fullkorn m. havregryn vetekli russin,Monosackarider,Gröt,5.2,g
683,Kruskagröt fullkorn m. havregryn vetekli russin,"Sockerarter, totalt",Gröt,5.4,g
683,Kruskagröt fullkorn m. havregryn vetekli russin,Summa enkelomättade fettsyror,Gröt,0.2,g
683,Kruskagröt fullkorn m. havregryn vetekli russin,"Magnesium, Mg",Gröt,32.0,mg
683,Kruskagröt fullkorn m. havregryn vetekli russin,Summa mättade fettsyror,Gröt,0.1,g
683,Kruskagröt fullkorn m. havregryn vetekli russin,"Kolhydrater, tillgängliga",Gröt,11.7,g
683,Kruskagröt fullkorn m. havregryn vetekli russin,Kolesterol,Gröt,0.0,mg
683,Kruskagröt fullkorn m. havregryn vetekli russin,"Kalium, K",Gröt,87.0,mg
683,Kruskagröt fullkorn m. havregryn vetekli russin,"Jod, I",Gröt,39.3,µg
683,Kruskagröt fullkorn m. havregryn vetekli russin,Fullkorn totalt,Gröt,8.0,g
683,Kruskagröt fullkorn m. havregryn vetekli russin,"Folat, totalt",Gröt,8.6,µg
683,Kruskagröt fullkorn m. havregryn vetekli russin,Fibrer,Gröt,2.8,g
683,Kruskagröt fullkorn m. havregryn vetekli russin,"Fett, totalt",Gröt,0.8,g
683,Kruskagröt fullkorn m. havregryn vetekli russin,"Järn, Fe",Gröt,0.9,mg
683,Kruskagröt fullkorn m. havregryn vetekli russin,Energi (kJ),Gröt,275.0,kJ
683,Kruskagröt fullkorn m. havregryn vetekli russin,Energi (kcal),Gröt,66.0,kcal
683,Kruskagröt fullkorn m. havregryn vetekli russin,Disackarider,Gröt,0.1,g
683,Kruskagröt fullkorn m. havregryn vetekli russin,"Kalcium, Ca",Gröt,12.0,mg
683,Kruskagröt fullkorn m. havregryn vetekli russin,Fettsyra 4:0-10:0,Gröt,0.0,g
683,Kruskagröt fullkorn m. havregryn vetekli russin,DHA (C22:6),Gröt,0.0,g
683,Kruskagröt fullkorn m. havregryn vetekli russin,DPA (C22:5),Gröt,0.0,g
683,Kruskagröt fullkorn m. havregryn vetekli russin,EPA (C20:5),Gröt,0.0,g
683,Kruskagröt fullkorn m. havregryn vetekli russin,Arakidonsyra C20:4,Gröt,0.0,g
683,Kruskagröt fullkorn m. havregryn vetekli russin,Arakidinsyra C20:0,Gröt,0.0,g
683,Kruskagröt fullkorn m. havregryn vetekli russin,Linolensyra C18:3,Gröt,0.0,g
683,Kruskagröt fullkorn m. havregryn vetekli russin,Linolsyra C18:2,Gröt,0.3,g
683,Kruskagröt fullkorn m. havregryn vetekli russin,Oljesyra C18:1,Gröt,0.2,g
683,Kruskagröt fullkorn m. havregryn vetekli russin,Stearinsyra C18:0,Gröt,0.0,g
683,Kruskagröt fullkorn m. havregryn vetekli russin,Palmitoljesyra C16:1,Gröt,0.0,g
683,Kruskagröt fullkorn m. havregryn vetekli russin,Palmitinsyra C16:0,Gröt,0.1,g
683,Kruskagröt fullkorn m. havregryn vetekli russin,Myristinsyra C14:0,Gröt,0.0,g
683,Kruskagröt fullkorn m. havregryn vetekli russin,Laurinsyra C12:0,Gröt,0.0,g
683,Kruskagröt fullkorn m. havregryn vetekli russin,Betakaroten/β-Karoten,Gröt,1.0,µg
683,Kruskagröt fullkorn m. havregryn vetekli russin,Avfall (skal etc.),Gröt,0.0,%
683,Kruskagröt fullkorn m. havregryn vetekli russin,Aska,Gröt,1.4,g
683,Kruskagröt fullkorn m. havregryn vetekli russin,Alkohol,Gröt,0.0,g
684,Rågmjölsgröt,"Zink, Zn",Gröt,0.6,mg
684,Rågmjölsgröt,Vitamin E,Gröt,0.2,mg
684,Rågmjölsgröt,Vitamin D inkl 25-OH-D3,Gröt,0.0,µg
684,Rågmjölsgröt,Vitamin D,Gröt,0.0,µg
684,Rågmjölsgröt,Vitamin C,Gröt,0.0,mg
684,Rågmjölsgröt,Vitamin B6,Gröt,0.02,mg
684,Rågmjölsgröt,Vitamin B12,Gröt,0.0,µg
684,Rågmjölsgröt,Vitamin A,Gröt,0.0,RE/µg
684,Rågmjölsgröt,Vatten,Gröt,78.6,g
684,Rågmjölsgröt,Tiamin,Gröt,0.03,mg
684,Rågmjölsgröt,Tillsatt socker,Gröt,0.0,g
684,Rågmjölsgröt,Fritt socker,Gröt,0.0,g
684,Rågmjölsgröt,"Selen, Se",Gröt,0.7,µg
684,Rågmjölsgröt,Sackaros,Gröt,0.2,g
684,Rågmjölsgröt,Riboflavin,Gröt,0.01,mg
684,Rågmjölsgröt,Retinol,Gröt,0.0,µg
684,Rågmjölsgröt,Protein,Gröt,1.9,g
684,Rågmjölsgröt,Summa fleromättade fettsyror,Gröt,0.2,g
684,Rågmjölsgröt,"Fosfor, P",Gröt,67.0,mg
684,Rågmjölsgröt,Niacinekvivalenter,Gröt,0.51,NE/mg
684,Rågmjölsgröt,Niacin,Gröt,0.19,mg
684,Rågmjölsgröt,"Salt, NaCl",Gröt,0.8,g
684,Rågmjölsgröt,"Natrium, Na",Gröt,340.0,mg
684,Rågmjölsgröt,Monosackarider,Gröt,0.2,g
684,Rågmjölsgröt,"Sockerarter, totalt",Gröt,0.5,g
684,Rågmjölsgröt,Summa enkelomättade fettsyror,Gröt,0.0,g
684,Rågmjölsgröt,"Magnesium, Mg",Gröt,20.0,mg
684,Rågmjölsgröt,Summa mättade fettsyror,Gröt,0.1,g
684,Rågmjölsgröt,"Kolhydrater, tillgängliga",Gröt,13.6,g
684,Rågmjölsgröt,Kolesterol,Gröt,0.0,mg
684,Rågmjölsgröt,"Kalium, K",Gröt,64.0,mg
684,Rågmjölsgröt,"Jod, I",Gröt,42.9,µg
684,Rågmjölsgröt,Fullkorn totalt,Gröt,23.0,g
684,Rågmjölsgröt,"Folat, totalt",Gröt,9.4,µg
684,Rågmjölsgröt,Fibrer,Gröt,4.3,g
684,Rågmjölsgröt,"Fett, totalt",Gröt,0.4,g
684,Rågmjölsgröt,"Järn, Fe",Gröt,0.6,mg
684,Rågmjölsgröt,Energi (kJ),Gröt,312.0,kJ
684,Rågmjölsgröt,Energi (kcal),Gröt,75.0,kcal
684,Rågmjölsgröt,Disackarider,Gröt,0.3,g
684,Rågmjölsgröt,"Kalcium, Ca",Gröt,9.0,mg
684,Rågmjölsgröt,Fettsyra 4:0-10:0,Gröt,0.0,g
684,Rågmjölsgröt,DHA (C22:6),Gröt,0.0,g
684,Rågmjölsgröt,DPA (C22:5),Gröt,0.0,g
684,Rågmjölsgröt,EPA (C20:5),Gröt,0.0,g
684,Rågmjölsgröt,Arakidonsyra C20:4,Gröt,0.0,g
684,Rågmjölsgröt,Arakidinsyra C20:0,Gröt,0.0,g
684,Rågmjölsgröt,Linolensyra C18:3,Gröt,0.0,g
684,Rågmjölsgröt,Linolsyra C18:2,Gröt,0.2,g
684,Rågmjölsgröt,Oljesyra C18:1,Gröt,0.0,g
684,Rågmjölsgröt,Stearinsyra C18:0,Gröt,0.0,g
684,Rågmjölsgröt,Palmitoljesyra C16:1,Gröt,0.0,g
684,Rågmjölsgröt,Palmitinsyra C16:0,Gröt,0.1,g
684,Rågmjölsgröt,Myristinsyra C14:0,Gröt,0.0,g
684,Rågmjölsgröt,Laurinsyra C12:0,Gröt,0.0,g
684,Rågmjölsgröt,Betakaroten/β-Karoten,Gröt,0.0,µg
684,Rågmjölsgröt,Avfall (skal etc.),Gröt,0.0,%
684,Rågmjölsgröt,Aska,Gröt,1.2,g
684,Rågmjölsgröt,Alkohol,Gröt,0.0,g
685,Stuvning vit,"Zink, Zn",Sås dressing majonnäs ,0.4,mg
685,Stuvning vit,Vitamin E,Sås dressing majonnäs ,1.0,mg
685,Stuvning vit,Vitamin D,Sås dressing majonnäs ,1.28,µg
685,Stuvning vit,Vitamin C,Sås dressing majonnäs ,0.8,mg
685,Stuvning vit,Vitamin B6,Sås dressing majonnäs ,0.05,mg
685,Stuvning vit,Vitamin B12,Sås dressing majonnäs ,0.47,µg
685,Stuvning vit,Vitamin A,Sås dressing majonnäs ,28.5,RE/µg
685,Stuvning vit,Vatten,Sås dressing majonnäs ,79.5,g
685,Stuvning vit,Tiamin,Sås dressing majonnäs ,0.05,mg
685,Stuvning vit,Tillsatt socker,Sås dressing majonnäs ,0.0,g
685,Stuvning vit,Fritt socker,Sås dressing majonnäs ,0.0,g
685,Stuvning vit,"Selen, Se",Sås dressing majonnäs ,2.3,µg
685,Stuvning vit,Sackaros,Sås dressing majonnäs ,0.0,g
685,Stuvning vit,Riboflavin,Sås dressing majonnäs ,0.15,mg
685,Stuvning vit,Retinol,Sås dressing majonnäs ,21.7,µg
685,Stuvning vit,Protein,Sås dressing majonnäs ,4.4,g
685,Stuvning vit,Summa fleromättade fettsyror,Sås dressing majonnäs ,1.1,g
685,Stuvning vit,"Fosfor, P",Sås dressing majonnäs ,161.0,mg
685,Stuvning vit,Niacinekvivalenter,Sås dressing majonnäs ,1.18,NE/mg
685,Stuvning vit,Niacin,Sås dressing majonnäs ,0.16,mg
685,Stuvning vit,"Salt, NaCl",Sås dressing majonnäs ,1.4,g
685,Stuvning vit,"Natrium, Na",Sås dressing majonnäs ,547.0,mg
685,Stuvning vit,Monosackarider,Sås dressing majonnäs ,0.0,g
685,Stuvning vit,"Sockerarter, totalt",Sås dressing majonnäs ,5.3,g
685,Stuvning vit,Summa enkelomättade fettsyror,Sås dressing majonnäs ,2.5,g
685,Stuvning vit,"Magnesium, Mg",Sås dressing majonnäs ,14.0,mg
685,Stuvning vit,Summa mättade fettsyror,Sås dressing majonnäs ,1.6,g
685,Stuvning vit,"Kolhydrater, tillgängliga",Sås dressing majonnäs ,8.2,g
685,Stuvning vit,Kolesterol,Sås dressing majonnäs ,8.4,mg
685,Stuvning vit,"Kalium, K",Sås dressing majonnäs ,184.0,mg
685,Stuvning vit,"Jod, I",Sås dressing majonnäs ,88.3,µg
685,Stuvning vit,Fullkorn totalt,Sås dressing majonnäs ,0.0,g
685,Stuvning vit,"Folat, totalt",Sås dressing majonnäs ,8.6,µg
685,Stuvning vit,Fibrer,Sås dressing majonnäs ,0.1,g
685,Stuvning vit,"Fett, totalt",Sås dressing majonnäs ,5.6,g
685,Stuvning vit,"Järn, Fe",Sås dressing majonnäs ,0.1,mg
685,Stuvning vit,Energi (kJ),Sås dressing majonnäs ,423.0,kJ
685,Stuvning vit,Energi (kcal),Sås dressing majonnäs ,101.0,kcal
685,Stuvning vit,Disackarider,Sås dressing majonnäs ,5.3,g
685,Stuvning vit,"Kalcium, Ca",Sås dressing majonnäs ,142.0,mg
685,Stuvning vit,Fettsyra 4:0-10:0,Sås dressing majonnäs ,0.2,g
685,Stuvning vit,DHA (C22:6),Sås dressing majonnäs ,0.0,g
685,Stuvning vit,DPA (C22:5),Sås dressing majonnäs ,0.0,g
685,Stuvning vit,EPA (C20:5),Sås dressing majonnäs ,0.0,g
685,Stuvning vit,Arakidonsyra C20:4,Sås dressing majonnäs ,0.0,g
685,Stuvning vit,Arakidinsyra C20:0,Sås dressing majonnäs ,0.0,g
685,Stuvning vit,Linolensyra C18:3,Sås dressing majonnäs ,0.3,g
685,Stuvning vit,Linolsyra C18:2,Sås dressing majonnäs ,0.9,g
685,Stuvning vit,Oljesyra C18:1,Sås dressing majonnäs ,2.3,g
685,Stuvning vit,Stearinsyra C18:0,Sås dressing majonnäs ,0.3,g
685,Stuvning vit,Palmitoljesyra C16:1,Sås dressing majonnäs ,0.1,g
685,Stuvning vit,Palmitinsyra C16:0,Sås dressing majonnäs ,0.8,g
685,Stuvning vit,Myristinsyra C14:0,Sås dressing majonnäs ,0.2,g
685,Stuvning vit,Laurinsyra C12:0,Sås dressing majonnäs ,0.1,g
685,Stuvning vit,Betakaroten/β-Karoten,Sås dressing majonnäs ,16.0,µg
685,Stuvning vit,Avfall (skal etc.),Sås dressing majonnäs ,0.0,%
685,Stuvning vit,Aska,Sås dressing majonnäs ,2.2,g
685,Stuvning vit,Alkohol,Sås dressing majonnäs ,0.0,g
694,Välling fullkorn berikad,"Zink, Zn",Välling,0.4,mg
694,Välling fullkorn berikad,Vitamin E,Välling,1.9,mg
694,Välling fullkorn berikad,Vitamin D,Välling,0.8,µg
694,Välling fullkorn berikad,Vitamin C,Välling,4.5,mg
694,Välling fullkorn berikad,Vitamin B6,Välling,0.19,mg
694,Välling fullkorn berikad,Vitamin B12,Välling,0.2,µg
694,Välling fullkorn berikad,Vitamin A,Välling,90.0,RE/µg
694,Välling fullkorn berikad,Vatten,Välling,83.6,g
694,Välling fullkorn berikad,Tiamin,Välling,0.12,mg
694,Välling fullkorn berikad,Tillsatt socker,Välling,0.0,g
694,Välling fullkorn berikad,Fritt socker,Välling,0.0,g
694,Välling fullkorn berikad,"Selen, Se",Välling,0.9,µg
694,Välling fullkorn berikad,Sackaros,Välling,0.7,g
694,Välling fullkorn berikad,Riboflavin,Välling,0.12,mg
694,Välling fullkorn berikad,Retinol,Välling,90.0,µg
694,Välling fullkorn berikad,Protein,Välling,3.6,g
694,Välling fullkorn berikad,Summa fleromättade fettsyror,Välling,0.4,g
694,Välling fullkorn berikad,"Fosfor, P",Välling,100.0,mg
694,Välling fullkorn berikad,Niacinekvivalenter,Välling,1.06,NE/mg
694,Välling fullkorn berikad,Niacin,Välling,0.46,mg
694,Välling fullkorn berikad,"Salt, NaCl",Välling,0.2,g
694,Välling fullkorn berikad,"Natrium, Na",Välling,100.0,mg
694,Välling fullkorn berikad,Monosackarider,Välling,0.2,g
694,Välling fullkorn berikad,"Sockerarter, totalt",Välling,4.4,g
694,Välling fullkorn berikad,Summa enkelomättade fettsyror,Välling,0.7,g
694,Välling fullkorn berikad,"Magnesium, Mg",Välling,10.0,mg
694,Välling fullkorn berikad,Summa mättade fettsyror,Välling,0.8,g
694,Välling fullkorn berikad,"Kolhydrater, tillgängliga",Välling,9.2,g
694,Välling fullkorn berikad,Kolesterol,Välling,0.0,mg
694,Välling fullkorn berikad,"Kalium, K",Välling,160.0,mg
694,Välling fullkorn berikad,"Jod, I",Välling,10.7,µg
694,Välling fullkorn berikad,Fullkorn totalt,Välling,48.0,g
694,Välling fullkorn berikad,"Folat, totalt",Välling,6.8,µg
694,Välling fullkorn berikad,Fibrer,Välling,0.9,g
694,Välling fullkorn berikad,"Fett, totalt",Välling,1.9,g
694,Välling fullkorn berikad,"Järn, Fe",Välling,1.9,mg
694,Välling fullkorn berikad,Energi (kJ),Välling,295.0,kJ
694,Välling fullkorn berikad,Energi (kcal),Välling,70.0,kcal
694,Välling fullkorn berikad,Disackarider,Välling,4.2,g
694,Välling fullkorn berikad,"Kalcium, Ca",Välling,110.0,mg
694,Välling fullkorn berikad,Fettsyra 4:0-10:0,Välling,0.0,g
694,Välling fullkorn berikad,DHA (C22:6),Välling,0.0,g
694,Välling fullkorn berikad,DPA (C22:5),Välling,0.0,g
694,Välling fullkorn berikad,EPA (C20:5),Välling,0.0,g
694,Välling fullkorn berikad,Arakidonsyra C20:4,Välling,0.0,g
694,Välling fullkorn berikad,Arakidinsyra C20:0,Välling,0.0,g
694,Välling fullkorn berikad,Linolensyra C18:3,Välling,0.0,g
694,Välling fullkorn berikad,Linolsyra C18:2,Välling,0.4,g
694,Välling fullkorn berikad,Oljesyra C18:1,Välling,0.7,g
694,Välling fullkorn berikad,Stearinsyra C18:0,Välling,0.1,g
694,Välling fullkorn berikad,Palmitoljesyra C16:1,Välling,0.0,g
694,Välling fullkorn berikad,Palmitinsyra C16:0,Välling,0.6,g
694,Välling fullkorn berikad,Myristinsyra C14:0,Välling,0.0,g
694,Välling fullkorn berikad,Laurinsyra C12:0,Välling,0.0,g
694,Välling fullkorn berikad,Betakaroten/β-Karoten,Välling,0.0,µg
694,Välling fullkorn berikad,Avfall (skal etc.),Välling,0.0,%
694,Välling fullkorn berikad,Aska,Välling,0.8,g
694,Välling fullkorn berikad,Alkohol,Välling,0.0,g
695,Havrevälling hemlagad,"Zink, Zn",Välling,0.4,mg
695,Havrevälling hemlagad,Vitamin E,Välling,0.2,mg
695,Havrevälling hemlagad,Vitamin D,Välling,0.62,µg
695,Havrevälling hemlagad,Vitamin C,Välling,0.4,mg
695,Havrevälling hemlagad,Vitamin B6,Välling,0.04,mg
695,Havrevälling hemlagad,Vitamin B12,Välling,0.26,µg
695,Havrevälling hemlagad,Vitamin A,Välling,9.7,RE/µg
695,Havrevälling hemlagad,Vatten,Välling,80.6,g
695,Havrevälling hemlagad,Tiamin,Välling,0.04,mg
695,Havrevälling hemlagad,Tillsatt socker,Välling,2.0,g
695,Havrevälling hemlagad,Fritt socker,Välling,2.0,g
695,Havrevälling hemlagad,"Selen, Se",Välling,1.7,µg
695,Havrevälling hemlagad,Sackaros,Välling,1.9,g
695,Havrevälling hemlagad,Riboflavin,Välling,0.08,mg
695,Havrevälling hemlagad,Retinol,Välling,9.1,µg
695,Havrevälling hemlagad,Protein,Välling,2.9,g
695,Havrevälling hemlagad,Summa fleromättade fettsyror,Välling,0.2,g
695,Havrevälling hemlagad,"Fosfor, P",Välling,112.0,mg
695,Havrevälling hemlagad,Niacinekvivalenter,Välling,0.79,NE/mg
695,Havrevälling hemlagad,Niacin,Välling,0.15,mg
695,Havrevälling hemlagad,"Salt, NaCl",Välling,0.7,g
695,Havrevälling hemlagad,"Natrium, Na",Välling,273.0,mg
695,Havrevälling hemlagad,Monosackarider,Välling,4.3,g
695,Havrevälling hemlagad,"Sockerarter, totalt",Välling,9.0,g
695,Havrevälling hemlagad,Summa enkelomättade fettsyror,Välling,0.4,g
695,Havrevälling hemlagad,"Magnesium, Mg",Välling,15.0,mg
695,Havrevälling hemlagad,Summa mättade fettsyror,Välling,0.8,g
695,Havrevälling hemlagad,"Kolhydrater, tillgängliga",Välling,12.7,g
695,Havrevälling hemlagad,Kolesterol,Välling,4.7,mg
695,Havrevälling hemlagad,"Kalium, K",Välling,138.0,mg
695,Havrevälling hemlagad,"Jod, I",Välling,52.4,µg
695,Havrevälling hemlagad,Fullkorn totalt,Välling,5.0,g
695,Havrevälling hemlagad,"Folat, totalt",Välling,5.7,µg
695,Havrevälling hemlagad,Fibrer,Välling,0.8,g
695,Havrevälling hemlagad,"Fett, totalt",Välling,1.5,g
695,Havrevälling hemlagad,"Järn, Fe",Välling,0.3,mg
695,Havrevälling hemlagad,Energi (kJ),Välling,327.0,kJ
695,Havrevälling hemlagad,Energi (kcal),Välling,78.0,kcal
695,Havrevälling hemlagad,Disackarider,Välling,4.6,g
695,Havrevälling hemlagad,"Kalcium, Ca",Välling,84.0,mg
695,Havrevälling hemlagad,Fettsyra 4:0-10:0,Välling,0.1,g
695,Havrevälling hemlagad,DHA (C22:6),Välling,0.0,g
695,Havrevälling hemlagad,DPA (C22:5),Välling,0.0,g
695,Havrevälling hemlagad,EPA (C20:5),Välling,0.0,g
695,Havrevälling hemlagad,Arakidonsyra C20:4,Välling,0.0,g
695,Havrevälling hemlagad,Arakidinsyra C20:0,Välling,0.0,g
695,Havrevälling hemlagad,Linolensyra C18:3,Välling,0.0,g
695,Havrevälling hemlagad,Linolsyra C18:2,Välling,0.2,g
695,Havrevälling hemlagad,Oljesyra C18:1,Välling,0.3,g
695,Havrevälling hemlagad,Stearinsyra C18:0,Välling,0.1,g
695,Havrevälling hemlagad,Palmitoljesyra C16:1,Välling,0.0,g
695,Havrevälling hemlagad,Palmitinsyra C16:0,Välling,0.4,g
695,Havrevälling hemlagad,Myristinsyra C14:0,Välling,0.1,g
695,Havrevälling hemlagad,Laurinsyra C12:0,Välling,0.0,g
695,Havrevälling hemlagad,Betakaroten/β-Karoten,Välling,7.0,µg
695,Havrevälling hemlagad,Avfall (skal etc.),Välling,0.0,%
695,Havrevälling hemlagad,Aska,Välling,1.5,g
695,Havrevälling hemlagad,Alkohol,Välling,0.0,g
696,Mannagrynsvälling hemlagad,"Zink, Zn",Välling,0.4,mg
696,Mannagrynsvälling hemlagad,Vitamin E,Välling,0.0,mg
696,Mannagrynsvälling hemlagad,Vitamin D,Välling,0.93,µg
696,Mannagrynsvälling hemlagad,Vitamin C,Välling,0.6,mg
696,Mannagrynsvälling hemlagad,Vitamin B6,Välling,0.04,mg
696,Mannagrynsvälling hemlagad,Vitamin B12,Välling,0.39,µg
696,Mannagrynsvälling hemlagad,Vitamin A,Välling,14.5,RE/µg
696,Mannagrynsvälling hemlagad,Vatten,Välling,83.9,g
696,Mannagrynsvälling hemlagad,Tiamin,Välling,0.04,mg
696,Mannagrynsvälling hemlagad,Tillsatt socker,Välling,2.0,g
696,Mannagrynsvälling hemlagad,Fritt socker,Välling,2.0,g
696,Mannagrynsvälling hemlagad,"Selen, Se",Välling,1.6,µg
696,Mannagrynsvälling hemlagad,Sackaros,Välling,1.7,g
696,Mannagrynsvälling hemlagad,Riboflavin,Välling,0.13,mg
696,Mannagrynsvälling hemlagad,Retinol,Välling,13.8,µg
696,Mannagrynsvälling hemlagad,Protein,Välling,3.8,g
696,Mannagrynsvälling hemlagad,Summa fleromättade fettsyror,Välling,0.1,g
696,Mannagrynsvälling hemlagad,"Fosfor, P",Välling,135.0,mg
696,Mannagrynsvälling hemlagad,Niacinekvivalenter,Välling,1.01,NE/mg
696,Mannagrynsvälling hemlagad,Niacin,Välling,0.13,mg
696,Mannagrynsvälling hemlagad,"Salt, NaCl",Välling,0.7,g
696,Mannagrynsvälling hemlagad,"Natrium, Na",Välling,284.0,mg
696,Mannagrynsvälling hemlagad,Monosackarider,Välling,0.0,g
696,Mannagrynsvälling hemlagad,"Sockerarter, totalt",Välling,6.1,g
696,Mannagrynsvälling hemlagad,Summa enkelomättade fettsyror,Välling,0.4,g
696,Mannagrynsvälling hemlagad,"Magnesium, Mg",Välling,11.0,mg
696,Mannagrynsvälling hemlagad,Summa mättade fettsyror,Välling,1.1,g
696,Mannagrynsvälling hemlagad,"Kolhydrater, tillgängliga",Välling,9.1,g
696,Mannagrynsvälling hemlagad,Kolesterol,Välling,7.0,mg
696,Mannagrynsvälling hemlagad,"Kalium, K",Välling,152.0,mg
696,Mannagrynsvälling hemlagad,"Jod, I",Välling,52.6,µg
696,Mannagrynsvälling hemlagad,Fullkorn totalt,Välling,0.0,g
696,Mannagrynsvälling hemlagad,"Folat, totalt",Välling,7.2,µg
696,Mannagrynsvälling hemlagad,Fibrer,Välling,0.1,g
696,Mannagrynsvälling hemlagad,"Fett, totalt",Välling,1.7,g
696,Mannagrynsvälling hemlagad,"Järn, Fe",Välling,0.1,mg
696,Mannagrynsvälling hemlagad,Energi (kJ),Välling,283.0,kJ
696,Mannagrynsvälling hemlagad,Energi (kcal),Välling,68.0,kcal
696,Mannagrynsvälling hemlagad,Disackarider,Välling,6.1,g
696,Mannagrynsvälling hemlagad,"Kalcium, Ca",Välling,118.0,mg
696,Mannagrynsvälling hemlagad,Fettsyra 4:0-10:0,Välling,0.2,g
696,Mannagrynsvälling hemlagad,DHA (C22:6),Välling,0.0,g
696,Mannagrynsvälling hemlagad,DPA (C22:5),Välling,0.0,g
696,Mannagrynsvälling hemlagad,EPA (C20:5),Välling,0.0,g
696,Mannagrynsvälling hemlagad,Arakidonsyra C20:4,Välling,0.0,g
696,Mannagrynsvälling hemlagad,Arakidinsyra C20:0,Välling,0.0,g
696,Mannagrynsvälling hemlagad,Linolensyra C18:3,Välling,0.0,g
696,Mannagrynsvälling hemlagad,Linolsyra C18:2,Välling,0.1,g
696,Mannagrynsvälling hemlagad,Oljesyra C18:1,Välling,0.3,g
696,Mannagrynsvälling hemlagad,Stearinsyra C18:0,Välling,0.2,g
696,Mannagrynsvälling hemlagad,Palmitoljesyra C16:1,Välling,0.0,g
696,Mannagrynsvälling hemlagad,Palmitinsyra C16:0,Välling,0.5,g
696,Mannagrynsvälling hemlagad,Myristinsyra C14:0,Välling,0.2,g
696,Mannagrynsvälling hemlagad,Laurinsyra C12:0,Välling,0.1,g
696,Mannagrynsvälling hemlagad,Betakaroten/β-Karoten,Välling,10.0,µg
696,Mannagrynsvälling hemlagad,Avfall (skal etc.),Välling,0.0,%
696,Mannagrynsvälling hemlagad,Aska,Välling,1.4,g
696,Mannagrynsvälling hemlagad,Alkohol,Välling,0.0,g
699,Välling berikad,"Zink, Zn",Välling,0.4,mg
699,Välling berikad,Vitamin E,Välling,2.4,mg
699,Välling berikad,Vitamin D,Välling,0.9,µg
699,Välling berikad,Vitamin C,Välling,5.8,mg
699,Välling berikad,Vitamin B6,Välling,0.22,mg
699,Välling berikad,Vitamin B12,Välling,0.2,µg
699,Välling berikad,Vitamin A,Välling,90.0,RE/µg
699,Välling berikad,Vatten,Välling,85.0,g
699,Välling berikad,Tiamin,Välling,0.12,mg
699,Välling berikad,Tillsatt socker,Välling,2.0,g
699,Välling berikad,Fritt socker,Välling,2.0,g
699,Välling berikad,"Selen, Se",Välling,4.5,µg
699,Välling berikad,Sackaros,Välling,0.6,g
699,Välling berikad,Riboflavin,Välling,0.14,mg
699,Välling berikad,Retinol,Välling,90.0,µg
699,Välling berikad,Protein,Välling,3.3,g
699,Välling berikad,Summa fleromättade fettsyror,Välling,0.3,g
699,Välling berikad,"Fosfor, P",Välling,78.0,mg
699,Välling berikad,Niacinekvivalenter,Välling,2.35,NE/mg
699,Välling berikad,Niacin,Välling,1.8,mg
699,Välling berikad,"Salt, NaCl",Välling,0.2,g
699,Välling berikad,"Natrium, Na",Välling,98.0,mg
699,Välling berikad,Monosackarider,Välling,0.2,g
699,Välling berikad,"Sockerarter, totalt",Välling,4.3,g
699,Välling berikad,Summa enkelomättade fettsyror,Välling,0.6,g
699,Välling berikad,"Magnesium, Mg",Välling,10.0,mg
699,Välling berikad,Summa mättade fettsyror,Välling,0.7,g
699,Välling berikad,"Kolhydrater, tillgängliga",Välling,8.6,g
699,Välling berikad,Kolesterol,Välling,0.0,mg
699,Välling berikad,"Kalium, K",Välling,135.0,mg
699,Välling berikad,Fullkorn totalt,Välling,10.0,g
699,Välling berikad,"Folat, totalt",Välling,6.8,µg
699,Välling berikad,Fibrer,Välling,0.4,g
699,Välling berikad,"Fett, totalt",Välling,1.7,g
699,Välling berikad,"Järn, Fe",Välling,1.8,mg
699,Välling berikad,Energi (kJ),Välling,268.0,kJ
699,Välling berikad,Energi (kcal),Välling,64.0,kcal
699,Välling berikad,Disackarider,Välling,4.1,g
699,Välling berikad,"Kalcium, Ca",Välling,100.0,mg
699,Välling berikad,Fettsyra 4:0-10:0,Välling,0.0,g
699,Välling berikad,DHA (C22:6),Välling,0.0,g
699,Välling berikad,DPA (C22:5),Välling,0.0,g
699,Välling berikad,EPA (C20:5),Välling,0.0,g
699,Välling berikad,Arakidonsyra C20:4,Välling,0.0,g
699,Välling berikad,Arakidinsyra C20:0,Välling,0.0,g
699,Välling berikad,Linolensyra C18:3,Välling,0.0,g
699,Välling berikad,Linolsyra C18:2,Välling,0.3,g
699,Välling berikad,Oljesyra C18:1,Välling,0.6,g
699,Välling berikad,Stearinsyra C18:0,Välling,0.1,g
699,Välling berikad,Palmitoljesyra C16:1,Välling,0.0,g
699,Välling berikad,Palmitinsyra C16:0,Välling,0.6,g
699,Välling berikad,Myristinsyra C14:0,Välling,0.0,g
699,Välling berikad,Laurinsyra C12:0,Välling,0.0,g
699,Välling berikad,Betakaroten/β-Karoten,Välling,0.0,µg
699,Välling berikad,Avfall (skal etc.),Välling,0.0,%
699,Välling berikad,Aska,Välling,1.0,g
699,Välling berikad,Alkohol,Välling,0.0,g
700,"Havredryck fett 1,5% berikad","Zink, Zn",Vegetabiliska produkter och mjölkersättning,0.1,mg
700,"Havredryck fett 1,5% berikad",Vitamin E,Vegetabiliska produkter och mjölkersättning,0.6,mg
700,"Havredryck fett 1,5% berikad",Vitamin D inkl 25-OH-D3,Vegetabiliska produkter och mjölkersättning,1.32,µg
700,"Havredryck fett 1,5% berikad",Vitamin D,Vegetabiliska produkter och mjölkersättning,1.32,µg
700,"Havredryck fett 1,5% berikad",Vitamin C,Vegetabiliska produkter och mjölkersättning,0.0,mg
700,"Havredryck fett 1,5% berikad",Vitamin B6,Vegetabiliska produkter och mjölkersättning,0.0,mg
700,"Havredryck fett 1,5% berikad",Vitamin B12,Vegetabiliska produkter och mjölkersättning,0.38,µg
700,"Havredryck fett 1,5% berikad",Vitamin A,Vegetabiliska produkter och mjölkersättning,0.0,RE/µg
700,"Havredryck fett 1,5% berikad",Vatten,Vegetabiliska produkter och mjölkersättning,89.2,g
700,"Havredryck fett 1,5% berikad",Tiamin,Vegetabiliska produkter och mjölkersättning,0.03,mg
700,"Havredryck fett 1,5% berikad",Tillsatt socker,Vegetabiliska produkter och mjölkersättning,0.0,g
700,"Havredryck fett 1,5% berikad",Fritt socker,Vegetabiliska produkter och mjölkersättning,0.0,g
700,"Havredryck fett 1,5% berikad","Selen, Se",Vegetabiliska produkter och mjölkersättning,0.0,µg
700,"Havredryck fett 1,5% berikad",Sackaros,Vegetabiliska produkter och mjölkersättning,0.1,g
700,"Havredryck fett 1,5% berikad",Riboflavin,Vegetabiliska produkter och mjölkersättning,0.29,mg
700,"Havredryck fett 1,5% berikad",Retinol,Vegetabiliska produkter och mjölkersättning,0.0,µg
700,"Havredryck fett 1,5% berikad",Protein,Vegetabiliska produkter och mjölkersättning,1.0,g
700,"Havredryck fett 1,5% berikad",Summa fleromättade fettsyror,Vegetabiliska produkter och mjölkersättning,0.5,g
700,"Havredryck fett 1,5% berikad","Fosfor, P",Vegetabiliska produkter och mjölkersättning,65.0,mg
700,"Havredryck fett 1,5% berikad",Niacinekvivalenter,Vegetabiliska produkter och mjölkersättning,0.2,NE/mg
700,"Havredryck fett 1,5% berikad",Niacin,Vegetabiliska produkter och mjölkersättning,0.08,mg
700,"Havredryck fett 1,5% berikad","Salt, NaCl",Vegetabiliska produkter och mjölkersättning,0.1,g
700,"Havredryck fett 1,5% berikad","Natrium, Na",Vegetabiliska produkter och mjölkersättning,44.0,mg
700,"Havredryck fett 1,5% berikad",Monosackarider,Vegetabiliska produkter och mjölkersättning,0.0,g
700,"Havredryck fett 1,5% berikad","Sockerarter, totalt",Vegetabiliska produkter och mjölkersättning,3.4,g
700,"Havredryck fett 1,5% berikad",Summa enkelomättade fettsyror,Vegetabiliska produkter och mjölkersättning,0.8,g
700,"Havredryck fett 1,5% berikad","Magnesium, Mg",Vegetabiliska produkter och mjölkersättning,0.0,mg
700,"Havredryck fett 1,5% berikad",Summa mättade fettsyror,Vegetabiliska produkter och mjölkersättning,0.2,g
700,"Havredryck fett 1,5% berikad","Kolhydrater, tillgängliga",Vegetabiliska produkter och mjölkersättning,7.1,g
700,"Havredryck fett 1,5% berikad",Kolesterol,Vegetabiliska produkter och mjölkersättning,0.0,mg
700,"Havredryck fett 1,5% berikad","Kalium, K",Vegetabiliska produkter och mjölkersättning,102.0,mg
700,"Havredryck fett 1,5% berikad","Jod, I",Vegetabiliska produkter och mjölkersättning,20.0,µg
700,"Havredryck fett 1,5% berikad",Fullkorn totalt,Vegetabiliska produkter och mjölkersättning,0.0,g
700,"Havredryck fett 1,5% berikad","Folat, totalt",Vegetabiliska produkter och mjölkersättning,0.0,µg
700,"Havredryck fett 1,5% berikad",Fibrer,Vegetabiliska produkter och mjölkersättning,0.8,g
700,"Havredryck fett 1,5% berikad","Fett, totalt",Vegetabiliska produkter och mjölkersättning,1.5,g
700,"Havredryck fett 1,5% berikad","Järn, Fe",Vegetabiliska produkter och mjölkersättning,0.0,mg
700,"Havredryck fett 1,5% berikad",Energi (kJ),Vegetabiliska produkter och mjölkersättning,199.0,kJ
700,"Havredryck fett 1,5% berikad",Energi (kcal),Vegetabiliska produkter och mjölkersättning,48.0,kcal
700,"Havredryck fett 1,5% berikad",Disackarider,Vegetabiliska produkter och mjölkersättning,3.4,g
700,"Havredryck fett 1,5% berikad","Kalcium, Ca",Vegetabiliska produkter och mjölkersättning,125.0,mg
700,"Havredryck fett 1,5% berikad",Fettsyra 4:0-10:0,Vegetabiliska produkter och mjölkersättning,0.0,g
700,"Havredryck fett 1,5% berikad",DHA (C22:6),Vegetabiliska produkter och mjölkersättning,0.0,g
700,"Havredryck fett 1,5% berikad",DPA (C22:5),Vegetabiliska produkter och mjölkersättning,0.0,g
700,"Havredryck fett 1,5% berikad",EPA (C20:5),Vegetabiliska produkter och mjölkersättning,0.0,g
700,"Havredryck fett 1,5% berikad",Arakidonsyra C20:4,Vegetabiliska produkter och mjölkersättning,0.0,g
700,"Havredryck fett 1,5% berikad",Arakidinsyra C20:0,Vegetabiliska produkter och mjölkersättning,0.0,g
700,"Havredryck fett 1,5% berikad",Linolensyra C18:3,Vegetabiliska produkter och mjölkersättning,0.1,g
700,"Havredryck fett 1,5% berikad",Linolsyra C18:2,Vegetabiliska produkter och mjölkersättning,0.4,g
700,"Havredryck fett 1,5% berikad",Oljesyra C18:1,Vegetabiliska produkter och mjölkersättning,0.8,g
700,"Havredryck fett 1,5% berikad",Stearinsyra C18:0,Vegetabiliska produkter och mjölkersättning,0.0,g
700,"Havredryck fett 1,5% berikad",Palmitoljesyra C16:1,Vegetabiliska produkter och mjölkersättning,0.0,g
700,"Havredryck fett 1,5% berikad",Palmitinsyra C16:0,Vegetabiliska produkter och mjölkersättning,0.1,g
700,"Havredryck fett 1,5% berikad",Myristinsyra C14:0,Vegetabiliska produkter och mjölkersättning,0.0,g
700,"Havredryck fett 1,5% berikad",Laurinsyra C12:0,Vegetabiliska produkter och mjölkersättning,0.0,g
700,"Havredryck fett 1,5% berikad",Betakaroten/β-Karoten,Vegetabiliska produkter och mjölkersättning,0.0,µg
700,"Havredryck fett 1,5% berikad",Avfall (skal etc.),Vegetabiliska produkter och mjölkersättning,0.0,%
700,"Havredryck fett 1,5% berikad",Aska,Vegetabiliska produkter och mjölkersättning,0.5,g
700,"Havredryck fett 1,5% berikad",Alkohol,Vegetabiliska produkter och mjölkersättning,0.0,g
702,Havregryn fullkorn,"Zink, Zn",Mjöl stärkelse kli,2.6,mg
702,Havregryn fullkorn,Vitamin E,Mjöl stärkelse kli,0.8,mg
702,Havregryn fullkorn,Vitamin D inkl 25-OH-D3,Mjöl stärkelse kli,0.0,µg
702,Havregryn fullkorn,Vitamin D,Mjöl stärkelse kli,0.0,µg
702,Havregryn fullkorn,Vitamin C,Mjöl stärkelse kli,0.0,mg
702,Havregryn fullkorn,Vitamin B6,Mjöl stärkelse kli,0.11,mg
702,Havregryn fullkorn,Vitamin B12,Mjöl stärkelse kli,0.0,µg
702,Havregryn fullkorn,Vitamin A,Mjöl stärkelse kli,0.0,RE/µg
702,Havregryn fullkorn,Vatten,Mjöl stärkelse kli,10.2,g
702,Havregryn fullkorn,Tiamin,Mjöl stärkelse kli,0.29,mg
702,Havregryn fullkorn,Tillsatt socker,Mjöl stärkelse kli,0.0,g
702,Havregryn fullkorn,Fritt socker,Mjöl stärkelse kli,0.0,g
702,Havregryn fullkorn,"Selen, Se",Mjöl stärkelse kli,11.6,µg
702,Havregryn fullkorn,Sackaros,Mjöl stärkelse kli,1.0,g
702,Havregryn fullkorn,Riboflavin,Mjöl stärkelse kli,0.07,mg
702,Havregryn fullkorn,Retinol,Mjöl stärkelse kli,0.0,µg
702,Havregryn fullkorn,Protein,Mjöl stärkelse kli,9.5,g
702,Havregryn fullkorn,Summa fleromättade fettsyror,Mjöl stärkelse kli,2.8,g
702,Havregryn fullkorn,"Fosfor, P",Mjöl stärkelse kli,360.0,mg
702,Havregryn fullkorn,Niacinekvivalenter,Mjöl stärkelse kli,2.4,NE/mg
702,Havregryn fullkorn,Niacin,Mjöl stärkelse kli,0.8,mg
702,Havregryn fullkorn,"Salt, NaCl",Mjöl stärkelse kli,0.0,g
702,Havregryn fullkorn,"Natrium, Na",Mjöl stärkelse kli,1.0,mg
702,Havregryn fullkorn,Monosackarider,Mjöl stärkelse kli,0.0,g
702,Havregryn fullkorn,"Sockerarter, totalt",Mjöl stärkelse kli,1.0,g
702,Havregryn fullkorn,Summa enkelomättade fettsyror,Mjöl stärkelse kli,2.6,g
702,Havregryn fullkorn,"Magnesium, Mg",Mjöl stärkelse kli,110.0,mg
702,Havregryn fullkorn,Summa mättade fettsyror,Mjöl stärkelse kli,1.1,g
702,Havregryn fullkorn,"Kolhydrater, tillgängliga",Mjöl stärkelse kli,64.1,g
702,Havregryn fullkorn,Kolesterol,Mjöl stärkelse kli,0.0,mg
702,Havregryn fullkorn,"Kalium, K",Mjöl stärkelse kli,340.0,mg
702,Havregryn fullkorn,"Jod, I",Mjöl stärkelse kli,6.8,µg
702,Havregryn fullkorn,Fullkorn totalt,Mjöl stärkelse kli,100.0,g
702,Havregryn fullkorn,"Folat, totalt",Mjöl stärkelse kli,30.2,µg
702,Havregryn fullkorn,Fibrer,Mjöl stärkelse kli,7.5,g
702,Havregryn fullkorn,"Fett, totalt",Mjöl stärkelse kli,7.0,g
702,Havregryn fullkorn,"Järn, Fe",Mjöl stärkelse kli,3.4,mg
702,Havregryn fullkorn,Energi (kJ),Mjöl stärkelse kli,1569.0,kJ
702,Havregryn fullkorn,Energi (kcal),Mjöl stärkelse kli,375.0,kcal
702,Havregryn fullkorn,Disackarider,Mjöl stärkelse kli,1.0,g
702,Havregryn fullkorn,"Kalcium, Ca",Mjöl stärkelse kli,43.0,mg
702,Havregryn fullkorn,Fettsyra 4:0-10:0,Mjöl stärkelse kli,0.0,g
702,Havregryn fullkorn,DHA (C22:6),Mjöl stärkelse kli,0.0,g
702,Havregryn fullkorn,DPA (C22:5),Mjöl stärkelse kli,0.0,g
702,Havregryn fullkorn,EPA (C20:5),Mjöl stärkelse kli,0.0,g
702,Havregryn fullkorn,Arakidonsyra C20:4,Mjöl stärkelse kli,0.0,g
702,Havregryn fullkorn,Arakidinsyra C20:0,Mjöl stärkelse kli,0.0,g
702,Havregryn fullkorn,Linolensyra C18:3,Mjöl stärkelse kli,0.1,g
702,Havregryn fullkorn,Linolsyra C18:2,Mjöl stärkelse kli,2.7,g
702,Havregryn fullkorn,Oljesyra C18:1,Mjöl stärkelse kli,2.4,g
702,Havregryn fullkorn,Stearinsyra C18:0,Mjöl stärkelse kli,0.1,g
702,Havregryn fullkorn,Palmitoljesyra C16:1,Mjöl stärkelse kli,0.0,g
702,Havregryn fullkorn,Palmitinsyra C16:0,Mjöl stärkelse kli,1.0,g
702,Havregryn fullkorn,Myristinsyra C14:0,Mjöl stärkelse kli,0.0,g
702,Havregryn fullkorn,Laurinsyra C12:0,Mjöl stärkelse kli,0.0,g
702,Havregryn fullkorn,Betakaroten/β-Karoten,Mjöl stärkelse kli,0.0,µg
702,Havregryn fullkorn,Avfall (skal etc.),Mjöl stärkelse kli,0.0,%
702,Havregryn fullkorn,Aska,Mjöl stärkelse kli,1.7,g
702,Havregryn fullkorn,Alkohol,Mjöl stärkelse kli,0.0,g
703,Fiberhavregryn fullkorn havre m. vetekli,"Zink, Zn",Mjöl stärkelse kli,3.0,mg
703,Fiberhavregryn fullkorn havre m. vetekli,Vitamin E,Mjöl stärkelse kli,0.8,mg
703,Fiberhavregryn fullkorn havre m. vetekli,Vitamin D inkl 25-OH-D3,Mjöl stärkelse kli,0.0,µg
703,Fiberhavregryn fullkorn havre m. vetekli,Vitamin D,Mjöl stärkelse kli,0.0,µg
703,Fiberhavregryn fullkorn havre m. vetekli,Vitamin C,Mjöl stärkelse kli,0.0,mg
703,Fiberhavregryn fullkorn havre m. vetekli,Vitamin B6,Mjöl stärkelse kli,0.16,mg
703,Fiberhavregryn fullkorn havre m. vetekli,Vitamin B12,Mjöl stärkelse kli,0.0,µg
703,Fiberhavregryn fullkorn havre m. vetekli,Vitamin A,Mjöl stärkelse kli,0.0,RE/µg
703,Fiberhavregryn fullkorn havre m. vetekli,Vatten,Mjöl stärkelse kli,9.7,g
703,Fiberhavregryn fullkorn havre m. vetekli,Tiamin,Mjöl stärkelse kli,0.32,mg
703,Fiberhavregryn fullkorn havre m. vetekli,Tillsatt socker,Mjöl stärkelse kli,0.0,g
703,Fiberhavregryn fullkorn havre m. vetekli,Fritt socker,Mjöl stärkelse kli,0.0,g
703,Fiberhavregryn fullkorn havre m. vetekli,"Selen, Se",Mjöl stärkelse kli,0.0,µg
703,Fiberhavregryn fullkorn havre m. vetekli,Sackaros,Mjöl stärkelse kli,1.2,g
703,Fiberhavregryn fullkorn havre m. vetekli,Riboflavin,Mjöl stärkelse kli,0.08,mg
703,Fiberhavregryn fullkorn havre m. vetekli,Retinol,Mjöl stärkelse kli,0.0,µg
703,Fiberhavregryn fullkorn havre m. vetekli,Protein,Mjöl stärkelse kli,10.0,g
703,Fiberhavregryn fullkorn havre m. vetekli,Summa fleromättade fettsyror,Mjöl stärkelse kli,3.0,g
703,Fiberhavregryn fullkorn havre m. vetekli,"Fosfor, P",Mjöl stärkelse kli,460.0,mg
703,Fiberhavregryn fullkorn havre m. vetekli,Niacinekvivalenter,Mjöl stärkelse kli,5.2,NE/mg
703,Fiberhavregryn fullkorn havre m. vetekli,Niacin,Mjöl stärkelse kli,3.58,mg
703,Fiberhavregryn fullkorn havre m. vetekli,"Salt, NaCl",Mjöl stärkelse kli,0.0,g
703,Fiberhavregryn fullkorn havre m. vetekli,"Natrium, Na",Mjöl stärkelse kli,2.0,mg
703,Fiberhavregryn fullkorn havre m. vetekli,Monosackarider,Mjöl stärkelse kli,0.0,g
703,Fiberhavregryn fullkorn havre m. vetekli,"Sockerarter, totalt",Mjöl stärkelse kli,1.2,g
703,Fiberhavregryn fullkorn havre m. vetekli,Summa enkelomättade fettsyror,Mjöl stärkelse kli,2.6,g
703,Fiberhavregryn fullkorn havre m. vetekli,"Magnesium, Mg",Mjöl stärkelse kli,140.0,mg
703,Fiberhavregryn fullkorn havre m. vetekli,Summa mättade fettsyror,Mjöl stärkelse kli,1.2,g
703,Fiberhavregryn fullkorn havre m. vetekli,"Kolhydrater, tillgängliga",Mjöl stärkelse kli,60.5,g
703,Fiberhavregryn fullkorn havre m. vetekli,Kolesterol,Mjöl stärkelse kli,0.0,mg
703,Fiberhavregryn fullkorn havre m. vetekli,"Kalium, K",Mjöl stärkelse kli,440.0,mg
703,Fiberhavregryn fullkorn havre m. vetekli,"Jod, I",Mjöl stärkelse kli,3.3,µg
703,Fiberhavregryn fullkorn havre m. vetekli,Fullkorn totalt,Mjöl stärkelse kli,85.0,g
703,Fiberhavregryn fullkorn havre m. vetekli,"Folat, totalt",Mjöl stärkelse kli,40.1,µg
703,Fiberhavregryn fullkorn havre m. vetekli,Fibrer,Mjöl stärkelse kli,10.5,g
703,Fiberhavregryn fullkorn havre m. vetekli,"Fett, totalt",Mjöl stärkelse kli,7.3,g
703,Fiberhavregryn fullkorn havre m. vetekli,"Järn, Fe",Mjöl stärkelse kli,4.1,mg
703,Fiberhavregryn fullkorn havre m. vetekli,Energi (kJ),Mjöl stärkelse kli,1552.0,kJ
703,Fiberhavregryn fullkorn havre m. vetekli,Energi (kcal),Mjöl stärkelse kli,371.0,kcal
703,Fiberhavregryn fullkorn havre m. vetekli,Disackarider,Mjöl stärkelse kli,1.2,g
703,Fiberhavregryn fullkorn havre m. vetekli,"Kalcium, Ca",Mjöl stärkelse kli,49.0,mg
703,Fiberhavregryn fullkorn havre m. vetekli,Fettsyra 4:0-10:0,Mjöl stärkelse kli,0.0,g
703,Fiberhavregryn fullkorn havre m. vetekli,DHA (C22:6),Mjöl stärkelse kli,0.0,g
703,Fiberhavregryn fullkorn havre m. vetekli,DPA (C22:5),Mjöl stärkelse kli,0.0,g
703,Fiberhavregryn fullkorn havre m. vetekli,EPA (C20:5),Mjöl stärkelse kli,0.0,g
703,Fiberhavregryn fullkorn havre m. vetekli,Arakidonsyra C20:4,Mjöl stärkelse kli,0.0,g
703,Fiberhavregryn fullkorn havre m. vetekli,Arakidinsyra C20:0,Mjöl stärkelse kli,0.0,g
703,Fiberhavregryn fullkorn havre m. vetekli,Linolensyra C18:3,Mjöl stärkelse kli,0.1,g
703,Fiberhavregryn fullkorn havre m. vetekli,Linolsyra C18:2,Mjöl stärkelse kli,2.9,g
703,Fiberhavregryn fullkorn havre m. vetekli,Oljesyra C18:1,Mjöl stärkelse kli,2.5,g
703,Fiberhavregryn fullkorn havre m. vetekli,Stearinsyra C18:0,Mjöl stärkelse kli,0.1,g
703,Fiberhavregryn fullkorn havre m. vetekli,Palmitoljesyra C16:1,Mjöl stärkelse kli,0.0,g
703,Fiberhavregryn fullkorn havre m. vetekli,Palmitinsyra C16:0,Mjöl stärkelse kli,1.1,g
703,Fiberhavregryn fullkorn havre m. vetekli,Myristinsyra C14:0,Mjöl stärkelse kli,0.0,g
703,Fiberhavregryn fullkorn havre m. vetekli,Laurinsyra C12:0,Mjöl stärkelse kli,0.0,g
703,Fiberhavregryn fullkorn havre m. vetekli,Betakaroten/β-Karoten,Mjöl stärkelse kli,0.0,µg
703,Fiberhavregryn fullkorn havre m. vetekli,Avfall (skal etc.),Mjöl stärkelse kli,0.0,%
703,Fiberhavregryn fullkorn havre m. vetekli,Aska,Mjöl stärkelse kli,2.1,g
703,Fiberhavregryn fullkorn havre m. vetekli,Alkohol,Mjöl stärkelse kli,0.0,g
704,Havrekli,"Zink, Zn",Mjöl stärkelse kli,5.0,mg
704,Havrekli,Vitamin E,Mjöl stärkelse kli,0.8,mg
704,Havrekli,Vitamin D inkl 25-OH-D3,Mjöl stärkelse kli,0.0,µg
704,Havrekli,Vitamin D,Mjöl stärkelse kli,0.0,µg
704,Havrekli,Vitamin C,Mjöl stärkelse kli,0.0,mg
704,Havrekli,Vitamin B6,Mjöl stärkelse kli,0.17,mg
704,Havrekli,Vitamin B12,Mjöl stärkelse kli,0.0,µg
704,Havrekli,Vitamin A,Mjöl stärkelse kli,0.0,RE/µg
704,Havrekli,Vatten,Mjöl stärkelse kli,9.3,g
704,Havrekli,Tiamin,Mjöl stärkelse kli,1.0,mg
704,Havrekli,Tillsatt socker,Mjöl stärkelse kli,0.0,g
704,Havrekli,Fritt socker,Mjöl stärkelse kli,0.0,g
704,Havrekli,"Selen, Se",Mjöl stärkelse kli,13.0,µg
704,Havrekli,Sackaros,Mjöl stärkelse kli,1.2,g
704,Havrekli,Riboflavin,Mjöl stärkelse kli,0.17,mg
704,Havrekli,Retinol,Mjöl stärkelse kli,0.0,µg
704,Havrekli,Protein,Mjöl stärkelse kli,15.1,g
704,Havrekli,Summa fleromättade fettsyror,Mjöl stärkelse kli,2.7,g
704,Havrekli,"Fosfor, P",Mjöl stärkelse kli,718.0,mg
704,Havrekli,Niacinekvivalenter,Mjöl stärkelse kli,3.3,NE/mg
704,Havrekli,Niacin,Mjöl stärkelse kli,0.8,mg
704,Havrekli,"Salt, NaCl",Mjöl stärkelse kli,0.0,g
704,Havrekli,"Natrium, Na",Mjöl stärkelse kli,1.0,mg
704,Havrekli,Monosackarider,Mjöl stärkelse kli,0.0,g
704,Havrekli,"Sockerarter, totalt",Mjöl stärkelse kli,1.2,g
704,Havrekli,Summa enkelomättade fettsyror,Mjöl stärkelse kli,2.7,g
704,Havrekli,"Magnesium, Mg",Mjöl stärkelse kli,230.0,mg
704,Havrekli,Summa mättade fettsyror,Mjöl stärkelse kli,1.3,g
704,Havrekli,"Kolhydrater, tillgängliga",Mjöl stärkelse kli,48.4,g
704,Havrekli,Kolesterol,Mjöl stärkelse kli,0.0,mg
704,Havrekli,"Kalium, K",Mjöl stärkelse kli,638.0,mg
704,Havrekli,"Jod, I",Mjöl stärkelse kli,20.0,µg
704,Havrekli,Fullkorn totalt,Mjöl stärkelse kli,0.0,g
704,Havrekli,"Folat, totalt",Mjöl stärkelse kli,51.0,µg
704,Havrekli,Fibrer,Mjöl stärkelse kli,17.5,g
704,Havrekli,"Fett, totalt",Mjöl stärkelse kli,7.3,g
704,Havrekli,"Järn, Fe",Mjöl stärkelse kli,8.0,mg
704,Havrekli,Energi (kJ),Mjöl stärkelse kli,1492.0,kJ
704,Havrekli,Energi (kcal),Mjöl stärkelse kli,356.0,kcal
704,Havrekli,Disackarider,Mjöl stärkelse kli,1.2,g
704,Havrekli,"Kalcium, Ca",Mjöl stärkelse kli,85.0,mg
704,Havrekli,Fettsyra 4:0-10:0,Mjöl stärkelse kli,0.0,g
704,Havrekli,DHA (C22:6),Mjöl stärkelse kli,0.0,g
704,Havrekli,DPA (C22:5),Mjöl stärkelse kli,0.0,g
704,Havrekli,EPA (C20:5),Mjöl stärkelse kli,0.0,g
704,Havrekli,Arakidonsyra C20:4,Mjöl stärkelse kli,0.0,g
704,Havrekli,Arakidinsyra C20:0,Mjöl stärkelse kli,0.0,g
704,Havrekli,Linolensyra C18:3,Mjöl stärkelse kli,0.1,g
704,Havrekli,Linolsyra C18:2,Mjöl stärkelse kli,2.6,g
704,Havrekli,Oljesyra C18:1,Mjöl stärkelse kli,2.4,g
704,Havrekli,Stearinsyra C18:0,Mjöl stärkelse kli,0.1,g
704,Havrekli,Palmitoljesyra C16:1,Mjöl stärkelse kli,0.0,g
704,Havrekli,Palmitinsyra C16:0,Mjöl stärkelse kli,1.0,g
704,Havrekli,Myristinsyra C14:0,Mjöl stärkelse kli,0.1,g
704,Havrekli,Laurinsyra C12:0,Mjöl stärkelse kli,0.0,g
704,Havrekli,Betakaroten/β-Karoten,Mjöl stärkelse kli,0.0,µg
704,Havrekli,Avfall (skal etc.),Mjöl stärkelse kli,0.0,%
704,Havrekli,Aska,Mjöl stärkelse kli,2.4,g
704,Havrekli,Alkohol,Mjöl stärkelse kli,0.0,g
705,Korngryn ångprep. fullkorn,"Zink, Zn",Mjöl stärkelse kli,1.7,mg
705,Korngryn ångprep. fullkorn,Vitamin E,Mjöl stärkelse kli,0.2,mg
705,Korngryn ångprep. fullkorn,Vitamin D inkl 25-OH-D3,Mjöl stärkelse kli,0.0,µg
705,Korngryn ångprep. fullkorn,Vitamin D,Mjöl stärkelse kli,0.0,µg
705,Korngryn ångprep. fullkorn,Vitamin C,Mjöl stärkelse kli,0.0,mg
705,Korngryn ångprep. fullkorn,Vitamin B6,Mjöl stärkelse kli,0.33,mg
705,Korngryn ångprep. fullkorn,Vitamin B12,Mjöl stärkelse kli,0.0,µg
705,Korngryn ångprep. fullkorn,Vitamin A,Mjöl stärkelse kli,0.0,RE/µg
705,Korngryn ångprep. fullkorn,Vatten,Mjöl stärkelse kli,10.2,g
705,Korngryn ångprep. fullkorn,Tiamin,Mjöl stärkelse kli,0.33,mg
705,Korngryn ångprep. fullkorn,Tillsatt socker,Mjöl stärkelse kli,0.0,g
705,Korngryn ångprep. fullkorn,Fritt socker,Mjöl stärkelse kli,0.0,g
705,Korngryn ångprep. fullkorn,"Selen, Se",Mjöl stärkelse kli,1.0,µg
705,Korngryn ångprep. fullkorn,Sackaros,Mjöl stärkelse kli,0.5,g
705,Korngryn ångprep. fullkorn,Riboflavin,Mjöl stärkelse kli,0.11,mg
705,Korngryn ångprep. fullkorn,Retinol,Mjöl stärkelse kli,0.0,µg
705,Korngryn ångprep. fullkorn,Protein,Mjöl stärkelse kli,9.2,g
705,Korngryn ångprep. fullkorn,Summa fleromättade fettsyror,Mjöl stärkelse kli,1.3,g
705,Korngryn ångprep. fullkorn,"Fosfor, P",Mjöl stärkelse kli,285.0,mg
705,Korngryn ångprep. fullkorn,Niacinekvivalenter,Mjöl stärkelse kli,7.23,NE/mg
705,Korngryn ångprep. fullkorn,Niacin,Mjöl stärkelse kli,5.7,mg
705,Korngryn ångprep. fullkorn,"Salt, NaCl",Mjöl stärkelse kli,0.0,g
705,Korngryn ångprep. fullkorn,"Natrium, Na",Mjöl stärkelse kli,11.0,mg
705,Korngryn ångprep. fullkorn,Monosackarider,Mjöl stärkelse kli,0.4,g
705,Korngryn ångprep. fullkorn,"Sockerarter, totalt",Mjöl stärkelse kli,0.9,g
705,Korngryn ångprep. fullkorn,Summa enkelomättade fettsyror,Mjöl stärkelse kli,0.4,g
705,Korngryn ångprep. fullkorn,"Magnesium, Mg",Mjöl stärkelse kli,65.0,mg
705,Korngryn ångprep. fullkorn,Summa mättade fettsyror,Mjöl stärkelse kli,0.6,g
705,Korngryn ångprep. fullkorn,"Kolhydrater, tillgängliga",Mjöl stärkelse kli,65.4,g
705,Korngryn ångprep. fullkorn,Kolesterol,Mjöl stärkelse kli,0.0,mg
705,Korngryn ångprep. fullkorn,"Kalium, K",Mjöl stärkelse kli,365.0,mg
705,Korngryn ångprep. fullkorn,"Jod, I",Mjöl stärkelse kli,0.5,µg
705,Korngryn ångprep. fullkorn,Fullkorn totalt,Mjöl stärkelse kli,100.0,g
705,Korngryn ångprep. fullkorn,"Folat, totalt",Mjöl stärkelse kli,20.0,µg
705,Korngryn ångprep. fullkorn,Fibrer,Mjöl stärkelse kli,10.7,g
705,Korngryn ångprep. fullkorn,"Fett, totalt",Mjöl stärkelse kli,3.1,g
705,Korngryn ångprep. fullkorn,"Järn, Fe",Mjöl stärkelse kli,3.6,mg
705,Korngryn ångprep. fullkorn,Energi (kJ),Mjöl stärkelse kli,1468.0,kJ
705,Korngryn ångprep. fullkorn,Energi (kcal),Mjöl stärkelse kli,351.0,kcal
705,Korngryn ångprep. fullkorn,Disackarider,Mjöl stärkelse kli,0.5,g
705,Korngryn ångprep. fullkorn,"Kalcium, Ca",Mjöl stärkelse kli,24.0,mg
705,Korngryn ångprep. fullkorn,Fettsyra 4:0-10:0,Mjöl stärkelse kli,0.0,g
705,Korngryn ångprep. fullkorn,DHA (C22:6),Mjöl stärkelse kli,0.0,g
705,Korngryn ångprep. fullkorn,DPA (C22:5),Mjöl stärkelse kli,0.0,g
705,Korngryn ångprep. fullkorn,EPA (C20:5),Mjöl stärkelse kli,0.0,g
705,Korngryn ångprep. fullkorn,Arakidonsyra C20:4,Mjöl stärkelse kli,0.0,g
705,Korngryn ångprep. fullkorn,Arakidinsyra C20:0,Mjöl stärkelse kli,0.0,g
705,Korngryn ångprep. fullkorn,Linolensyra C18:3,Mjöl stärkelse kli,0.1,g
705,Korngryn ångprep. fullkorn,Linolsyra C18:2,Mjöl stärkelse kli,1.2,g
705,Korngryn ångprep. fullkorn,Oljesyra C18:1,Mjöl stärkelse kli,0.3,g
705,Korngryn ångprep. fullkorn,Stearinsyra C18:0,Mjöl stärkelse kli,0.0,g
705,Korngryn ångprep. fullkorn,Palmitoljesyra C16:1,Mjöl stärkelse kli,0.0,g
705,Korngryn ångprep. fullkorn,Palmitinsyra C16:0,Mjöl stärkelse kli,0.5,g
705,Korngryn ångprep. fullkorn,Myristinsyra C14:0,Mjöl stärkelse kli,0.0,g
705,Korngryn ångprep. fullkorn,Laurinsyra C12:0,Mjöl stärkelse kli,0.0,g
705,Korngryn ångprep. fullkorn,Betakaroten/β-Karoten,Mjöl stärkelse kli,0.0,µg
705,Korngryn ångprep. fullkorn,Avfall (skal etc.),Mjöl stärkelse kli,0.0,%
705,Korngryn ångprep. fullkorn,Aska,Mjöl stärkelse kli,1.4,g
705,Korngryn ångprep. fullkorn,Alkohol,Mjöl stärkelse kli,0.0,g
706,Frukostflingor majs osötad berikad typ cornflakes,"Zink, Zn",Flingor - frukostflingor,0.4,mg
706,Frukostflingor majs osötad berikad typ cornflakes,Vitamin E,Flingor - frukostflingor,0.0,mg
706,Frukostflingor majs osötad berikad typ cornflakes,Vitamin D inkl 25-OH-D3,Flingor - frukostflingor,0.0,µg
706,Frukostflingor majs osötad berikad typ cornflakes,Vitamin D,Flingor - frukostflingor,0.0,µg
706,Frukostflingor majs osötad berikad typ cornflakes,Vitamin C,Flingor - frukostflingor,0.0,mg
706,Frukostflingor majs osötad berikad typ cornflakes,Vitamin B6,Flingor - frukostflingor,1.7,mg
706,Frukostflingor majs osötad berikad typ cornflakes,Vitamin B12,Flingor - frukostflingor,0.83,µg
706,Frukostflingor majs osötad berikad typ cornflakes,Vitamin A,Flingor - frukostflingor,0.5,RE/µg
706,Frukostflingor majs osötad berikad typ cornflakes,Vatten,Flingor - frukostflingor,3.2,g
706,Frukostflingor majs osötad berikad typ cornflakes,Tiamin,Flingor - frukostflingor,1.19,mg
706,Frukostflingor majs osötad berikad typ cornflakes,Tillsatt socker,Flingor - frukostflingor,9.0,g
706,Frukostflingor majs osötad berikad typ cornflakes,Fritt socker,Flingor - frukostflingor,9.0,g
706,Frukostflingor majs osötad berikad typ cornflakes,"Selen, Se",Flingor - frukostflingor,7.0,µg
706,Frukostflingor majs osötad berikad typ cornflakes,Sackaros,Flingor - frukostflingor,5.0,g
706,Frukostflingor majs osötad berikad typ cornflakes,Riboflavin,Flingor - frukostflingor,1.73,mg
706,Frukostflingor majs osötad berikad typ cornflakes,Retinol,Flingor - frukostflingor,0.0,µg
706,Frukostflingor majs osötad berikad typ cornflakes,Protein,Flingor - frukostflingor,8.0,g
706,Frukostflingor majs osötad berikad typ cornflakes,Summa fleromättade fettsyror,Flingor - frukostflingor,0.3,g
706,Frukostflingor majs osötad berikad typ cornflakes,"Fosfor, P",Flingor - frukostflingor,68.0,mg
706,Frukostflingor majs osötad berikad typ cornflakes,Niacinekvivalenter,Flingor - frukostflingor,14.0,NE/mg
706,Frukostflingor majs osötad berikad typ cornflakes,Niacin,Flingor - frukostflingor,13.2,mg
706,Frukostflingor majs osötad berikad typ cornflakes,"Salt, NaCl",Flingor - frukostflingor,1.8,g
706,Frukostflingor majs osötad berikad typ cornflakes,"Natrium, Na",Flingor - frukostflingor,700.0,mg
706,Frukostflingor majs osötad berikad typ cornflakes,Monosackarider,Flingor - frukostflingor,2.9,g
706,Frukostflingor majs osötad berikad typ cornflakes,"Sockerarter, totalt",Flingor - frukostflingor,9.3,g
706,Frukostflingor majs osötad berikad typ cornflakes,Summa enkelomättade fettsyror,Flingor - frukostflingor,0.2,g
706,Frukostflingor majs osötad berikad typ cornflakes,"Magnesium, Mg",Flingor - frukostflingor,20.0,mg
706,Frukostflingor majs osötad berikad typ cornflakes,Summa mättade fettsyror,Flingor - frukostflingor,0.2,g
706,Frukostflingor majs osötad berikad typ cornflakes,"Kolhydrater, tillgängliga",Flingor - frukostflingor,82.5,g
706,Frukostflingor majs osötad berikad typ cornflakes,Kolesterol,Flingor - frukostflingor,0.0,mg
706,Frukostflingor majs osötad berikad typ cornflakes,"Kalium, K",Flingor - frukostflingor,85.0,mg
706,Frukostflingor majs osötad berikad typ cornflakes,"Jod, I",Flingor - frukostflingor,0.0,µg
706,Frukostflingor majs osötad berikad typ cornflakes,Fullkorn totalt,Flingor - frukostflingor,0.0,g
706,Frukostflingor majs osötad berikad typ cornflakes,"Folat, totalt",Flingor - frukostflingor,166.0,µg
706,Frukostflingor majs osötad berikad typ cornflakes,Fibrer,Flingor - frukostflingor,2.5,g
706,Frukostflingor majs osötad berikad typ cornflakes,"Fett, totalt",Flingor - frukostflingor,0.9,g
706,Frukostflingor majs osötad berikad typ cornflakes,"Järn, Fe",Flingor - frukostflingor,7.2,mg
706,Frukostflingor majs osötad berikad typ cornflakes,Energi (kJ),Flingor - frukostflingor,1591.0,kJ
706,Frukostflingor majs osötad berikad typ cornflakes,Energi (kcal),Flingor - frukostflingor,380.0,kcal
706,Frukostflingor majs osötad berikad typ cornflakes,Disackarider,Flingor - frukostflingor,6.4,g
706,Frukostflingor majs osötad berikad typ cornflakes,"Kalcium, Ca",Flingor - frukostflingor,19.0,mg
706,Frukostflingor majs osötad berikad typ cornflakes,Fettsyra 4:0-10:0,Flingor - frukostflingor,0.0,g
706,Frukostflingor majs osötad berikad typ cornflakes,DHA (C22:6),Flingor - frukostflingor,0.0,g
706,Frukostflingor majs osötad berikad typ cornflakes,DPA (C22:5),Flingor - frukostflingor,0.0,g
706,Frukostflingor majs osötad berikad typ cornflakes,EPA (C20:5),Flingor - frukostflingor,0.0,g
706,Frukostflingor majs osötad berikad typ cornflakes,Arakidonsyra C20:4,Flingor - frukostflingor,0.0,g
706,Frukostflingor majs osötad berikad typ cornflakes,Arakidinsyra C20:0,Flingor - frukostflingor,0.0,g
706,Frukostflingor majs osötad berikad typ cornflakes,Linolensyra C18:3,Flingor - frukostflingor,0.0,g
706,Frukostflingor majs osötad berikad typ cornflakes,Linolsyra C18:2,Flingor - frukostflingor,0.3,g
706,Frukostflingor majs osötad berikad typ cornflakes,Oljesyra C18:1,Flingor - frukostflingor,0.2,g
706,Frukostflingor majs osötad berikad typ cornflakes,Stearinsyra C18:0,Flingor - frukostflingor,0.0,g
706,Frukostflingor majs osötad berikad typ cornflakes,Palmitoljesyra C16:1,Flingor - frukostflingor,0.0,g
706,Frukostflingor majs osötad berikad typ cornflakes,Palmitinsyra C16:0,Flingor - frukostflingor,0.2,g
706,Frukostflingor majs osötad berikad typ cornflakes,Myristinsyra C14:0,Flingor - frukostflingor,0.0,g
706,Frukostflingor majs osötad berikad typ cornflakes,Laurinsyra C12:0,Flingor - frukostflingor,0.0,g
706,Frukostflingor majs osötad berikad typ cornflakes,Betakaroten/β-Karoten,Flingor - frukostflingor,6.0,µg
706,Frukostflingor majs osötad berikad typ cornflakes,Avfall (skal etc.),Flingor - frukostflingor,0.0,%
706,Frukostflingor majs osötad berikad typ cornflakes,Aska,Flingor - frukostflingor,2.9,g
706,Frukostflingor majs osötad berikad typ cornflakes,Alkohol,Flingor - frukostflingor,0.0,g
707,Vetekross ångprep. fullkorn,"Zink, Zn",Mjöl stärkelse kli,2.8,mg
707,Vetekross ångprep. fullkorn,Vitamin E,Mjöl stärkelse kli,1.4,mg
707,Vetekross ångprep. fullkorn,Vitamin D inkl 25-OH-D3,Mjöl stärkelse kli,0.0,µg
707,Vetekross ångprep. fullkorn,Vitamin D,Mjöl stärkelse kli,0.0,µg
707,Vetekross ångprep. fullkorn,Vitamin C,Mjöl stärkelse kli,0.0,mg
707,Vetekross ångprep. fullkorn,Vitamin B6,Mjöl stärkelse kli,0.2,mg
707,Vetekross ångprep. fullkorn,Vitamin B12,Mjöl stärkelse kli,0.0,µg
707,Vetekross ångprep. fullkorn,Vitamin A,Mjöl stärkelse kli,0.0,RE/µg
707,Vetekross ångprep. fullkorn,Vatten,Mjöl stärkelse kli,14.0,g
707,Vetekross ångprep. fullkorn,Tiamin,Mjöl stärkelse kli,0.4,mg
707,Vetekross ångprep. fullkorn,Tillsatt socker,Mjöl stärkelse kli,0.0,g
707,Vetekross ångprep. fullkorn,Fritt socker,Mjöl stärkelse kli,0.0,g
707,Vetekross ångprep. fullkorn,"Selen, Se",Mjöl stärkelse kli,3.4,µg
707,Vetekross ångprep. fullkorn,Sackaros,Mjöl stärkelse kli,0.5,g
707,Vetekross ångprep. fullkorn,Riboflavin,Mjöl stärkelse kli,0.12,mg
707,Vetekross ångprep. fullkorn,Retinol,Mjöl stärkelse kli,0.0,µg
707,Vetekross ångprep. fullkorn,Protein,Mjöl stärkelse kli,10.2,g
707,Vetekross ångprep. fullkorn,Summa fleromättade fettsyror,Mjöl stärkelse kli,0.9,g
707,Vetekross ångprep. fullkorn,"Fosfor, P",Mjöl stärkelse kli,360.0,mg
707,Vetekross ångprep. fullkorn,Niacinekvivalenter,Mjöl stärkelse kli,5.7,NE/mg
707,Vetekross ångprep. fullkorn,Niacin,Mjöl stärkelse kli,4.0,mg
707,Vetekross ångprep. fullkorn,"Salt, NaCl",Mjöl stärkelse kli,0.0,g
707,Vetekross ångprep. fullkorn,"Natrium, Na",Mjöl stärkelse kli,3.0,mg
707,Vetekross ångprep. fullkorn,Monosackarider,Mjöl stärkelse kli,0.0,g
707,Vetekross ångprep. fullkorn,"Sockerarter, totalt",Mjöl stärkelse kli,0.5,g
707,Vetekross ångprep. fullkorn,Summa enkelomättade fettsyror,Mjöl stärkelse kli,0.3,g
707,Vetekross ångprep. fullkorn,"Magnesium, Mg",Mjöl stärkelse kli,110.0,mg
707,Vetekross ångprep. fullkorn,Summa mättade fettsyror,Mjöl stärkelse kli,0.2,g
707,Vetekross ångprep. fullkorn,"Kolhydrater, tillgängliga",Mjöl stärkelse kli,61.0,g
707,Vetekross ångprep. fullkorn,Kolesterol,Mjöl stärkelse kli,0.0,mg
707,Vetekross ångprep. fullkorn,"Kalium, K",Mjöl stärkelse kli,380.0,mg
707,Vetekross ångprep. fullkorn,"Jod, I",Mjöl stärkelse kli,1.9,µg
707,Vetekross ångprep. fullkorn,Fullkorn totalt,Mjöl stärkelse kli,100.0,g
707,Vetekross ångprep. fullkorn,"Folat, totalt",Mjöl stärkelse kli,40.0,µg
707,Vetekross ångprep. fullkorn,Fibrer,Mjöl stärkelse kli,11.3,g
707,Vetekross ångprep. fullkorn,"Fett, totalt",Mjöl stärkelse kli,2.0,g
707,Vetekross ångprep. fullkorn,"Järn, Fe",Mjöl stärkelse kli,5.0,mg
707,Vetekross ångprep. fullkorn,Energi (kJ),Mjöl stärkelse kli,1375.0,kJ
707,Vetekross ångprep. fullkorn,Energi (kcal),Mjöl stärkelse kli,328.0,kcal
707,Vetekross ångprep. fullkorn,Disackarider,Mjöl stärkelse kli,0.5,g
707,Vetekross ångprep. fullkorn,"Kalcium, Ca",Mjöl stärkelse kli,35.0,mg
707,Vetekross ångprep. fullkorn,Fettsyra 4:0-10:0,Mjöl stärkelse kli,0.0,g
707,Vetekross ångprep. fullkorn,DHA (C22:6),Mjöl stärkelse kli,0.0,g
707,Vetekross ångprep. fullkorn,DPA (C22:5),Mjöl stärkelse kli,0.0,g
707,Vetekross ångprep. fullkorn,EPA (C20:5),Mjöl stärkelse kli,0.0,g
707,Vetekross ångprep. fullkorn,Arakidonsyra C20:4,Mjöl stärkelse kli,0.0,g
707,Vetekross ångprep. fullkorn,Arakidinsyra C20:0,Mjöl stärkelse kli,0.0,g
707,Vetekross ångprep. fullkorn,Linolensyra C18:3,Mjöl stärkelse kli,0.1,g
707,Vetekross ångprep. fullkorn,Linolsyra C18:2,Mjöl stärkelse kli,0.8,g
707,Vetekross ångprep. fullkorn,Oljesyra C18:1,Mjöl stärkelse kli,0.3,g
707,Vetekross ångprep. fullkorn,Stearinsyra C18:0,Mjöl stärkelse kli,0.0,g
707,Vetekross ångprep. fullkorn,Palmitoljesyra C16:1,Mjöl stärkelse kli,0.0,g
707,Vetekross ångprep. fullkorn,Palmitinsyra C16:0,Mjöl stärkelse kli,0.2,g
707,Vetekross ångprep. fullkorn,Myristinsyra C14:0,Mjöl stärkelse kli,0.0,g
707,Vetekross ångprep. fullkorn,Laurinsyra C12:0,Mjöl stärkelse kli,0.0,g
707,Vetekross ångprep. fullkorn,Betakaroten/β-Karoten,Mjöl stärkelse kli,0.0,µg
707,Vetekross ångprep. fullkorn,Avfall (skal etc.),Mjöl stärkelse kli,0.0,%
707,Vetekross ångprep. fullkorn,Aska,Mjöl stärkelse kli,1.5,g
707,Vetekross ångprep. fullkorn,Alkohol,Mjöl stärkelse kli,0.0,g
708,Vetegroddar,"Zink, Zn",Mjöl stärkelse kli,17.8,mg
708,Vetegroddar,Vitamin E,Mjöl stärkelse kli,11.0,mg
708,Vetegroddar,Vitamin D inkl 25-OH-D3,Mjöl stärkelse kli,0.0,µg
708,Vetegroddar,Vitamin D,Mjöl stärkelse kli,0.0,µg
708,Vetegroddar,Vitamin C,Mjöl stärkelse kli,0.0,mg
708,Vetegroddar,Vitamin B6,Mjöl stärkelse kli,1.82,mg
708,Vetegroddar,Vitamin B12,Mjöl stärkelse kli,0.0,µg
708,Vetegroddar,Vitamin A,Mjöl stärkelse kli,5.2,RE/µg
708,Vetegroddar,Vatten,Mjöl stärkelse kli,13.3,g
708,Vetegroddar,Tiamin,Mjöl stärkelse kli,1.72,mg
708,Vetegroddar,Tillsatt socker,Mjöl stärkelse kli,0.0,g
708,Vetegroddar,Fritt socker,Mjöl stärkelse kli,0.0,g
708,Vetegroddar,"Selen, Se",Mjöl stärkelse kli,3.0,µg
708,Vetegroddar,Sackaros,Mjöl stärkelse kli,15.2,g
708,Vetegroddar,Riboflavin,Mjöl stärkelse kli,1.0,mg
708,Vetegroddar,Retinol,Mjöl stärkelse kli,0.0,µg
708,Vetegroddar,Protein,Mjöl stärkelse kli,27.5,g
708,Vetegroddar,Summa fleromättade fettsyror,Mjöl stärkelse kli,5.7,g
708,Vetegroddar,"Fosfor, P",Mjöl stärkelse kli,1000.0,mg
708,Vetegroddar,Niacinekvivalenter,Mjöl stärkelse kli,8.38,NE/mg
708,Vetegroddar,Niacin,Mjöl stärkelse kli,3.8,mg
708,Vetegroddar,"Salt, NaCl",Mjöl stärkelse kli,0.0,g
708,Vetegroddar,"Natrium, Na",Mjöl stärkelse kli,2.0,mg
708,Vetegroddar,Monosackarider,Mjöl stärkelse kli,1.2,g
708,Vetegroddar,"Sockerarter, totalt",Mjöl stärkelse kli,16.4,g
708,Vetegroddar,Summa enkelomättade fettsyror,Mjöl stärkelse kli,1.4,g
708,Vetegroddar,"Magnesium, Mg",Mjöl stärkelse kli,290.0,mg
708,Vetegroddar,Summa mättade fettsyror,Mjöl stärkelse kli,1.6,g
708,Vetegroddar,"Kolhydrater, tillgängliga",Mjöl stärkelse kli,31.4,g
708,Vetegroddar,Kolesterol,Mjöl stärkelse kli,0.0,mg
708,Vetegroddar,"Kalium, K",Mjöl stärkelse kli,1060.0,mg
708,Vetegroddar,"Jod, I",Mjöl stärkelse kli,0.3,µg
708,Vetegroddar,Fullkorn totalt,Mjöl stärkelse kli,0.0,g
708,Vetegroddar,"Folat, totalt",Mjöl stärkelse kli,330.0,µg
708,Vetegroddar,Fibrer,Mjöl stärkelse kli,14.0,g
708,Vetegroddar,"Fett, totalt",Mjöl stärkelse kli,9.4,g
708,Vetegroddar,"Järn, Fe",Mjöl stärkelse kli,8.0,mg
708,Vetegroddar,Energi (kJ),Mjöl stärkelse kli,1461.0,kJ
708,Vetegroddar,Energi (kcal),Mjöl stärkelse kli,349.0,kcal
708,Vetegroddar,Disackarider,Mjöl stärkelse kli,15.2,g
708,Vetegroddar,"Kalcium, Ca",Mjöl stärkelse kli,41.0,mg
708,Vetegroddar,Fettsyra 4:0-10:0,Mjöl stärkelse kli,0.0,g
708,Vetegroddar,DHA (C22:6),Mjöl stärkelse kli,0.0,g
708,Vetegroddar,DPA (C22:5),Mjöl stärkelse kli,0.0,g
708,Vetegroddar,EPA (C20:5),Mjöl stärkelse kli,0.0,g
708,Vetegroddar,Arakidonsyra C20:4,Mjöl stärkelse kli,0.0,g
708,Vetegroddar,Arakidinsyra C20:0,Mjöl stärkelse kli,0.0,g
708,Vetegroddar,Linolensyra C18:3,Mjöl stärkelse kli,0.6,g
708,Vetegroddar,Linolsyra C18:2,Mjöl stärkelse kli,5.0,g
708,Vetegroddar,Oljesyra C18:1,Mjöl stärkelse kli,1.3,g
708,Vetegroddar,Stearinsyra C18:0,Mjöl stärkelse kli,0.0,g
708,Vetegroddar,Palmitoljesyra C16:1,Mjöl stärkelse kli,0.0,g
708,Vetegroddar,Palmitinsyra C16:0,Mjöl stärkelse kli,1.6,g
708,Vetegroddar,Myristinsyra C14:0,Mjöl stärkelse kli,0.0,g
708,Vetegroddar,Laurinsyra C12:0,Mjöl stärkelse kli,0.0,g
708,Vetegroddar,Betakaroten/β-Karoten,Mjöl stärkelse kli,62.0,µg
708,Vetegroddar,Avfall (skal etc.),Mjöl stärkelse kli,0.0,%
708,Vetegroddar,Aska,Mjöl stärkelse kli,4.4,g
708,Vetegroddar,Alkohol,Mjöl stärkelse kli,0.0,g
709,Vetekli,"Zink, Zn",Mjöl stärkelse kli,13.0,mg
709,Vetekli,Vitamin E,Mjöl stärkelse kli,1.6,mg
709,Vetekli,Vitamin D inkl 25-OH-D3,Mjöl stärkelse kli,0.0,µg
709,Vetekli,Vitamin D,Mjöl stärkelse kli,0.0,µg
709,Vetekli,Vitamin C,Mjöl stärkelse kli,0.0,mg
709,Vetekli,Vitamin B6,Mjöl stärkelse kli,1.0,mg
709,Vetekli,Vitamin B12,Mjöl stärkelse kli,0.0,µg
709,Vetekli,Vitamin A,Mjöl stärkelse kli,0.8,RE/µg
709,Vetekli,Vatten,Mjöl stärkelse kli,11.5,g
709,Vetekli,Tiamin,Mjöl stärkelse kli,0.8,mg
709,Vetekli,Tillsatt socker,Mjöl stärkelse kli,0.0,g
709,Vetekli,Fritt socker,Mjöl stärkelse kli,0.0,g
709,Vetekli,"Selen, Se",Mjöl stärkelse kli,17.0,µg
709,Vetekli,Sackaros,Mjöl stärkelse kli,1.1,g
709,Vetekli,Riboflavin,Mjöl stärkelse kli,0.35,mg
709,Vetekli,Retinol,Mjöl stärkelse kli,0.0,µg
709,Vetekli,Protein,Mjöl stärkelse kli,14.9,g
709,Vetekli,Summa fleromättade fettsyror,Mjöl stärkelse kli,2.4,g
709,Vetekli,"Fosfor, P",Mjöl stärkelse kli,1850.0,mg
709,Vetekli,Niacinekvivalenter,Mjöl stärkelse kli,25.5,NE/mg
709,Vetekli,Niacin,Mjöl stärkelse kli,23.0,mg
709,Vetekli,"Salt, NaCl",Mjöl stärkelse kli,0.0,g
709,Vetekli,"Natrium, Na",Mjöl stärkelse kli,1.0,mg
709,Vetekli,Monosackarider,Mjöl stärkelse kli,0.9,g
709,Vetekli,"Sockerarter, totalt",Mjöl stärkelse kli,2.1,g
709,Vetekli,Summa enkelomättade fettsyror,Mjöl stärkelse kli,0.8,g
709,Vetekli,"Magnesium, Mg",Mjöl stärkelse kli,822.0,mg
709,Vetekli,Summa mättade fettsyror,Mjöl stärkelse kli,0.7,g
709,Vetekli,"Kolhydrater, tillgängliga",Mjöl stärkelse kli,25.5,g
709,Vetekli,Kolesterol,Mjöl stärkelse kli,0.0,mg
709,Vetekli,"Kalium, K",Mjöl stärkelse kli,2260.0,mg
709,Vetekli,"Jod, I",Mjöl stärkelse kli,5.0,µg
709,Vetekli,Fullkorn totalt,Mjöl stärkelse kli,0.0,g
709,Vetekli,"Folat, totalt",Mjöl stärkelse kli,63.0,µg
709,Vetekli,Fibrer,Mjöl stärkelse kli,37.5,g
709,Vetekli,"Fett, totalt",Mjöl stärkelse kli,4.6,g
709,Vetekli,"Järn, Fe",Mjöl stärkelse kli,20.0,mg
709,Vetekli,Energi (kJ),Mjöl stärkelse kli,1158.0,kJ
709,Vetekli,Energi (kcal),Mjöl stärkelse kli,277.0,kcal
709,Vetekli,Disackarider,Mjöl stärkelse kli,1.1,g
709,Vetekli,"Kalcium, Ca",Mjöl stärkelse kli,116.0,mg
709,Vetekli,Fettsyra 4:0-10:0,Mjöl stärkelse kli,0.0,g
709,Vetekli,DHA (C22:6),Mjöl stärkelse kli,0.0,g
709,Vetekli,DPA (C22:5),Mjöl stärkelse kli,0.0,g
709,Vetekli,EPA (C20:5),Mjöl stärkelse kli,0.0,g
709,Vetekli,Arakidonsyra C20:4,Mjöl stärkelse kli,0.0,g
709,Vetekli,Arakidinsyra C20:0,Mjöl stärkelse kli,0.0,g
709,Vetekli,Linolensyra C18:3,Mjöl stärkelse kli,0.2,g
709,Vetekli,Linolsyra C18:2,Mjöl stärkelse kli,2.2,g
709,Vetekli,Oljesyra C18:1,Mjöl stärkelse kli,0.3,g
709,Vetekli,Stearinsyra C18:0,Mjöl stärkelse kli,0.0,g
709,Vetekli,Palmitoljesyra C16:1,Mjöl stärkelse kli,0.0,g
709,Vetekli,Palmitinsyra C16:0,Mjöl stärkelse kli,0.6,g
709,Vetekli,Myristinsyra C14:0,Mjöl stärkelse kli,0.0,g
709,Vetekli,Laurinsyra C12:0,Mjöl stärkelse kli,0.0,g
709,Vetekli,Betakaroten/β-Karoten,Mjöl stärkelse kli,8.0,µg
709,Vetekli,Avfall (skal etc.),Mjöl stärkelse kli,0.0,%
709,Vetekli,Aska,Mjöl stärkelse kli,6.0,g
709,Vetekli,Alkohol,Mjöl stärkelse kli,0.0,g
710,Frukostflingor vete fullkorn typ Weetabix,"Zink, Zn",Flingor - frukostflingor,2.3,mg
710,Frukostflingor vete fullkorn typ Weetabix,Vitamin E,Flingor - frukostflingor,0.8,mg
710,Frukostflingor vete fullkorn typ Weetabix,Vitamin D inkl 25-OH-D3,Flingor - frukostflingor,0.0,µg
710,Frukostflingor vete fullkorn typ Weetabix,Vitamin D,Flingor - frukostflingor,0.0,µg
710,Frukostflingor vete fullkorn typ Weetabix,Vitamin C,Flingor - frukostflingor,0.0,mg
710,Frukostflingor vete fullkorn typ Weetabix,Vitamin B6,Flingor - frukostflingor,0.28,mg
710,Frukostflingor vete fullkorn typ Weetabix,Vitamin B12,Flingor - frukostflingor,0.0,µg
710,Frukostflingor vete fullkorn typ Weetabix,Vitamin A,Flingor - frukostflingor,0.0,RE/µg
710,Frukostflingor vete fullkorn typ Weetabix,Vatten,Flingor - frukostflingor,5.2,g
710,Frukostflingor vete fullkorn typ Weetabix,Tiamin,Flingor - frukostflingor,0.25,mg
710,Frukostflingor vete fullkorn typ Weetabix,Tillsatt socker,Flingor - frukostflingor,5.0,g
710,Frukostflingor vete fullkorn typ Weetabix,Fritt socker,Flingor - frukostflingor,5.0,g
710,Frukostflingor vete fullkorn typ Weetabix,"Selen, Se",Flingor - frukostflingor,3.3,µg
710,Frukostflingor vete fullkorn typ Weetabix,Sackaros,Flingor - frukostflingor,2.9,g
710,Frukostflingor vete fullkorn typ Weetabix,Riboflavin,Flingor - frukostflingor,0.07,mg
710,Frukostflingor vete fullkorn typ Weetabix,Retinol,Flingor - frukostflingor,0.0,µg
710,Frukostflingor vete fullkorn typ Weetabix,Protein,Flingor - frukostflingor,11.3,g
710,Frukostflingor vete fullkorn typ Weetabix,Summa fleromättade fettsyror,Flingor - frukostflingor,1.2,g
710,Frukostflingor vete fullkorn typ Weetabix,"Fosfor, P",Flingor - frukostflingor,297.0,mg
710,Frukostflingor vete fullkorn typ Weetabix,Niacinekvivalenter,Flingor - frukostflingor,30.7,NE/mg
710,Frukostflingor vete fullkorn typ Weetabix,Niacin,Flingor - frukostflingor,5.1,mg
710,Frukostflingor vete fullkorn typ Weetabix,"Salt, NaCl",Flingor - frukostflingor,0.8,g
710,Frukostflingor vete fullkorn typ Weetabix,"Natrium, Na",Flingor - frukostflingor,298.0,mg
710,Frukostflingor vete fullkorn typ Weetabix,Monosackarider,Flingor - frukostflingor,1.1,g
710,Frukostflingor vete fullkorn typ Weetabix,"Sockerarter, totalt",Flingor - frukostflingor,5.0,g
710,Frukostflingor vete fullkorn typ Weetabix,Summa enkelomättade fettsyror,Flingor - frukostflingor,0.3,g
710,Frukostflingor vete fullkorn typ Weetabix,"Magnesium, Mg",Flingor - frukostflingor,90.0,mg
710,Frukostflingor vete fullkorn typ Weetabix,Summa mättade fettsyror,Flingor - frukostflingor,0.3,g
710,Frukostflingor vete fullkorn typ Weetabix,"Kolhydrater, tillgängliga",Flingor - frukostflingor,68.4,g
710,Frukostflingor vete fullkorn typ Weetabix,Kolesterol,Flingor - frukostflingor,0.0,mg
710,Frukostflingor vete fullkorn typ Weetabix,"Kalium, K",Flingor - frukostflingor,443.0,mg
710,Frukostflingor vete fullkorn typ Weetabix,"Jod, I",Flingor - frukostflingor,0.0,µg
710,Frukostflingor vete fullkorn typ Weetabix,Fullkorn totalt,Flingor - frukostflingor,95.0,g
710,Frukostflingor vete fullkorn typ Weetabix,"Folat, totalt",Flingor - frukostflingor,35.0,µg
710,Frukostflingor vete fullkorn typ Weetabix,Fibrer,Flingor - frukostflingor,10.5,g
710,Frukostflingor vete fullkorn typ Weetabix,"Fett, totalt",Flingor - frukostflingor,2.5,g
710,Frukostflingor vete fullkorn typ Weetabix,"Järn, Fe",Flingor - frukostflingor,3.2,mg
710,Frukostflingor vete fullkorn typ Weetabix,Energi (kJ),Flingor - frukostflingor,1532.0,kJ
710,Frukostflingor vete fullkorn typ Weetabix,Energi (kcal),Flingor - frukostflingor,366.0,kcal
710,Frukostflingor vete fullkorn typ Weetabix,Disackarider,Flingor - frukostflingor,3.9,g
710,Frukostflingor vete fullkorn typ Weetabix,"Kalcium, Ca",Flingor - frukostflingor,26.0,mg
710,Frukostflingor vete fullkorn typ Weetabix,Fettsyra 4:0-10:0,Flingor - frukostflingor,0.0,g
710,Frukostflingor vete fullkorn typ Weetabix,DHA (C22:6),Flingor - frukostflingor,0.0,g
710,Frukostflingor vete fullkorn typ Weetabix,DPA (C22:5),Flingor - frukostflingor,0.0,g
710,Frukostflingor vete fullkorn typ Weetabix,EPA (C20:5),Flingor - frukostflingor,0.0,g
710,Frukostflingor vete fullkorn typ Weetabix,Arakidonsyra C20:4,Flingor - frukostflingor,0.0,g
710,Frukostflingor vete fullkorn typ Weetabix,Arakidinsyra C20:0,Flingor - frukostflingor,0.0,g
710,Frukostflingor vete fullkorn typ Weetabix,Linolensyra C18:3,Flingor - frukostflingor,0.1,g
710,Frukostflingor vete fullkorn typ Weetabix,Linolsyra C18:2,Flingor - frukostflingor,1.1,g
710,Frukostflingor vete fullkorn typ Weetabix,Oljesyra C18:1,Flingor - frukostflingor,0.2,g
710,Frukostflingor vete fullkorn typ Weetabix,Stearinsyra C18:0,Flingor - frukostflingor,0.0,g
710,Frukostflingor vete fullkorn typ Weetabix,Palmitoljesyra C16:1,Flingor - frukostflingor,0.0,g
710,Frukostflingor vete fullkorn typ Weetabix,Palmitinsyra C16:0,Flingor - frukostflingor,0.3,g
710,Frukostflingor vete fullkorn typ Weetabix,Myristinsyra C14:0,Flingor - frukostflingor,0.0,g
710,Frukostflingor vete fullkorn typ Weetabix,Laurinsyra C12:0,Flingor - frukostflingor,0.0,g
710,Frukostflingor vete fullkorn typ Weetabix,Betakaroten/β-Karoten,Flingor - frukostflingor,0.0,µg
710,Frukostflingor vete fullkorn typ Weetabix,Avfall (skal etc.),Flingor - frukostflingor,0.0,%
710,Frukostflingor vete fullkorn typ Weetabix,Aska,Flingor - frukostflingor,2.0,g
710,Frukostflingor vete fullkorn typ Weetabix,Alkohol,Flingor - frukostflingor,0.0,g
711,Kruskakli grovt vetekli,"Zink, Zn",Mjöl stärkelse kli,7.3,mg
711,Kruskakli grovt vetekli,Vitamin E,Mjöl stärkelse kli,1.6,mg
711,Kruskakli grovt vetekli,Vitamin D inkl 25-OH-D3,Mjöl stärkelse kli,0.0,µg
711,Kruskakli grovt vetekli,Vitamin D,Mjöl stärkelse kli,0.0,µg
711,Kruskakli grovt vetekli,Vitamin C,Mjöl stärkelse kli,0.0,mg
711,Kruskakli grovt vetekli,Vitamin B6,Mjöl stärkelse kli,1.35,mg
711,Kruskakli grovt vetekli,Vitamin B12,Mjöl stärkelse kli,0.0,µg
711,Kruskakli grovt vetekli,Vitamin A,Mjöl stärkelse kli,0.0,RE/µg
711,Kruskakli grovt vetekli,Vatten,Mjöl stärkelse kli,14.0,g
711,Kruskakli grovt vetekli,Tiamin,Mjöl stärkelse kli,0.66,mg
711,Kruskakli grovt vetekli,Tillsatt socker,Mjöl stärkelse kli,0.0,g
711,Kruskakli grovt vetekli,Fritt socker,Mjöl stärkelse kli,0.0,g
711,Kruskakli grovt vetekli,"Selen, Se",Mjöl stärkelse kli,2.0,µg
711,Kruskakli grovt vetekli,Sackaros,Mjöl stärkelse kli,0.9,g
711,Kruskakli grovt vetekli,Riboflavin,Mjöl stärkelse kli,0.32,mg
711,Kruskakli grovt vetekli,Retinol,Mjöl stärkelse kli,0.0,µg
711,Kruskakli grovt vetekli,Protein,Mjöl stärkelse kli,12.7,g
711,Kruskakli grovt vetekli,Summa fleromättade fettsyror,Mjöl stärkelse kli,2.6,g
711,Kruskakli grovt vetekli,"Fosfor, P",Mjöl stärkelse kli,1100.0,mg
711,Kruskakli grovt vetekli,Niacinekvivalenter,Mjöl stärkelse kli,25.12,NE/mg
711,Kruskakli grovt vetekli,Niacin,Mjöl stärkelse kli,23.0,mg
711,Kruskakli grovt vetekli,"Salt, NaCl",Mjöl stärkelse kli,0.0,g
711,Kruskakli grovt vetekli,"Natrium, Na",Mjöl stärkelse kli,3.0,mg
711,Kruskakli grovt vetekli,Monosackarider,Mjöl stärkelse kli,0.4,g
711,Kruskakli grovt vetekli,"Sockerarter, totalt",Mjöl stärkelse kli,1.3,g
711,Kruskakli grovt vetekli,Summa enkelomättade fettsyror,Mjöl stärkelse kli,0.8,g
711,Kruskakli grovt vetekli,"Magnesium, Mg",Mjöl stärkelse kli,480.0,mg
711,Kruskakli grovt vetekli,Summa mättade fettsyror,Mjöl stärkelse kli,0.8,g
711,Kruskakli grovt vetekli,"Kolhydrater, tillgängliga",Mjöl stärkelse kli,24.9,g
711,Kruskakli grovt vetekli,Kolesterol,Mjöl stärkelse kli,0.0,mg
711,Kruskakli grovt vetekli,"Kalium, K",Mjöl stärkelse kli,1340.0,mg
711,Kruskakli grovt vetekli,"Jod, I",Mjöl stärkelse kli,2.4,µg
711,Kruskakli grovt vetekli,Fullkorn totalt,Mjöl stärkelse kli,0.0,g
711,Kruskakli grovt vetekli,"Folat, totalt",Mjöl stärkelse kli,260.0,µg
711,Kruskakli grovt vetekli,Fibrer,Mjöl stärkelse kli,37.5,g
711,Kruskakli grovt vetekli,"Fett, totalt",Mjöl stärkelse kli,5.0,g
711,Kruskakli grovt vetekli,"Järn, Fe",Mjöl stärkelse kli,11.0,mg
711,Kruskakli grovt vetekli,Energi (kJ),Mjöl stärkelse kli,1124.0,kJ
711,Kruskakli grovt vetekli,Energi (kcal),Mjöl stärkelse kli,269.0,kcal
711,Kruskakli grovt vetekli,Disackarider,Mjöl stärkelse kli,0.9,g
711,Kruskakli grovt vetekli,"Kalcium, Ca",Mjöl stärkelse kli,76.0,mg
711,Kruskakli grovt vetekli,Fettsyra 4:0-10:0,Mjöl stärkelse kli,0.0,g
711,Kruskakli grovt vetekli,DHA (C22:6),Mjöl stärkelse kli,0.0,g
711,Kruskakli grovt vetekli,DPA (C22:5),Mjöl stärkelse kli,0.0,g
711,Kruskakli grovt vetekli,EPA (C20:5),Mjöl stärkelse kli,0.0,g
711,Kruskakli grovt vetekli,Arakidonsyra C20:4,Mjöl stärkelse kli,0.0,g
711,Kruskakli grovt vetekli,Arakidinsyra C20:0,Mjöl stärkelse kli,0.0,g
711,Kruskakli grovt vetekli,Linolensyra C18:3,Mjöl stärkelse kli,0.2,g
711,Kruskakli grovt vetekli,Linolsyra C18:2,Mjöl stärkelse kli,2.4,g
711,Kruskakli grovt vetekli,Oljesyra C18:1,Mjöl stärkelse kli,0.8,g
711,Kruskakli grovt vetekli,Stearinsyra C18:0,Mjöl stärkelse kli,0.0,g
711,Kruskakli grovt vetekli,Palmitoljesyra C16:1,Mjöl stärkelse kli,0.0,g
711,Kruskakli grovt vetekli,Palmitinsyra C16:0,Mjöl stärkelse kli,0.8,g
711,Kruskakli grovt vetekli,Myristinsyra C14:0,Mjöl stärkelse kli,0.0,g
711,Kruskakli grovt vetekli,Laurinsyra C12:0,Mjöl stärkelse kli,0.0,g
711,Kruskakli grovt vetekli,Betakaroten/β-Karoten,Mjöl stärkelse kli,0.0,µg
711,Kruskakli grovt vetekli,Avfall (skal etc.),Mjöl stärkelse kli,0.0,%
711,Kruskakli grovt vetekli,Aska,Mjöl stärkelse kli,5.9,g
711,Kruskakli grovt vetekli,Alkohol,Mjöl stärkelse kli,0.0,g
712,Frukostflingor flingblandning fullkorn typ basmüsli,"Zink, Zn",Flingor - frukostflingor,2.2,mg
712,Frukostflingor flingblandning fullkorn typ basmüsli,Vitamin E,Flingor - frukostflingor,0.4,mg
712,Frukostflingor flingblandning fullkorn typ basmüsli,Vitamin D inkl 25-OH-D3,Flingor - frukostflingor,0.0,µg
712,Frukostflingor flingblandning fullkorn typ basmüsli,Vitamin D,Flingor - frukostflingor,0.0,µg
712,Frukostflingor flingblandning fullkorn typ basmüsli,Vitamin C,Flingor - frukostflingor,0.0,mg
712,Frukostflingor flingblandning fullkorn typ basmüsli,Vitamin B6,Flingor - frukostflingor,0.29,mg
712,Frukostflingor flingblandning fullkorn typ basmüsli,Vitamin B12,Flingor - frukostflingor,0.12,µg
712,Frukostflingor flingblandning fullkorn typ basmüsli,Vitamin A,Flingor - frukostflingor,0.0,RE/µg
712,Frukostflingor flingblandning fullkorn typ basmüsli,Vatten,Flingor - frukostflingor,7.8,g
712,Frukostflingor flingblandning fullkorn typ basmüsli,Tiamin,Flingor - frukostflingor,0.27,mg
712,Frukostflingor flingblandning fullkorn typ basmüsli,Tillsatt socker,Flingor - frukostflingor,2.0,g
712,Frukostflingor flingblandning fullkorn typ basmüsli,Fritt socker,Flingor - frukostflingor,2.0,g
712,Frukostflingor flingblandning fullkorn typ basmüsli,"Selen, Se",Flingor - frukostflingor,1.4,µg
712,Frukostflingor flingblandning fullkorn typ basmüsli,Sackaros,Flingor - frukostflingor,1.3,g
712,Frukostflingor flingblandning fullkorn typ basmüsli,Riboflavin,Flingor - frukostflingor,0.06,mg
712,Frukostflingor flingblandning fullkorn typ basmüsli,Retinol,Flingor - frukostflingor,0.0,µg
712,Frukostflingor flingblandning fullkorn typ basmüsli,Protein,Flingor - frukostflingor,9.3,g
712,Frukostflingor flingblandning fullkorn typ basmüsli,Summa fleromättade fettsyror,Flingor - frukostflingor,1.3,g
712,Frukostflingor flingblandning fullkorn typ basmüsli,"Fosfor, P",Flingor - frukostflingor,273.0,mg
712,Frukostflingor flingblandning fullkorn typ basmüsli,Niacinekvivalenter,Flingor - frukostflingor,5.14,NE/mg
712,Frukostflingor flingblandning fullkorn typ basmüsli,Niacin,Flingor - frukostflingor,3.41,mg
712,Frukostflingor flingblandning fullkorn typ basmüsli,"Salt, NaCl",Flingor - frukostflingor,0.4,g
712,Frukostflingor flingblandning fullkorn typ basmüsli,"Natrium, Na",Flingor - frukostflingor,163.0,mg
712,Frukostflingor flingblandning fullkorn typ basmüsli,Monosackarider,Flingor - frukostflingor,0.2,g
712,Frukostflingor flingblandning fullkorn typ basmüsli,"Sockerarter, totalt",Flingor - frukostflingor,1.8,g
712,Frukostflingor flingblandning fullkorn typ basmüsli,Summa enkelomättade fettsyror,Flingor - frukostflingor,1.0,g
712,Frukostflingor flingblandning fullkorn typ basmüsli,"Magnesium, Mg",Flingor - frukostflingor,86.0,mg
712,Frukostflingor flingblandning fullkorn typ basmüsli,Summa mättade fettsyror,Flingor - frukostflingor,0.6,g
712,Frukostflingor flingblandning fullkorn typ basmüsli,"Kolhydrater, tillgängliga",Flingor - frukostflingor,67.6,g
712,Frukostflingor flingblandning fullkorn typ basmüsli,Kolesterol,Flingor - frukostflingor,0.0,mg
712,Frukostflingor flingblandning fullkorn typ basmüsli,"Kalium, K",Flingor - frukostflingor,370.0,mg
712,Frukostflingor flingblandning fullkorn typ basmüsli,"Jod, I",Flingor - frukostflingor,0.0,µg
712,Frukostflingor flingblandning fullkorn typ basmüsli,Fullkorn totalt,Flingor - frukostflingor,85.0,g
712,Frukostflingor flingblandning fullkorn typ basmüsli,"Folat, totalt",Flingor - frukostflingor,35.1,µg
712,Frukostflingor flingblandning fullkorn typ basmüsli,Fibrer,Flingor - frukostflingor,9.6,g
712,Frukostflingor flingblandning fullkorn typ basmüsli,"Fett, totalt",Flingor - frukostflingor,4.1,g
712,Frukostflingor flingblandning fullkorn typ basmüsli,"Järn, Fe",Flingor - frukostflingor,3.0,mg
712,Frukostflingor flingblandning fullkorn typ basmüsli,Energi (kJ),Flingor - frukostflingor,1536.0,kJ
712,Frukostflingor flingblandning fullkorn typ basmüsli,Energi (kcal),Flingor - frukostflingor,367.0,kcal
712,Frukostflingor flingblandning fullkorn typ basmüsli,Disackarider,Flingor - frukostflingor,1.6,g
712,Frukostflingor flingblandning fullkorn typ basmüsli,"Kalcium, Ca",Flingor - frukostflingor,22.0,mg
712,Frukostflingor flingblandning fullkorn typ basmüsli,Fettsyra 4:0-10:0,Flingor - frukostflingor,0.0,g
712,Frukostflingor flingblandning fullkorn typ basmüsli,DHA (C22:6),Flingor - frukostflingor,0.0,g
712,Frukostflingor flingblandning fullkorn typ basmüsli,DPA (C22:5),Flingor - frukostflingor,0.0,g
712,Frukostflingor flingblandning fullkorn typ basmüsli,EPA (C20:5),Flingor - frukostflingor,0.0,g
712,Frukostflingor flingblandning fullkorn typ basmüsli,Arakidonsyra C20:4,Flingor - frukostflingor,0.0,g
712,Frukostflingor flingblandning fullkorn typ basmüsli,Arakidinsyra C20:0,Flingor - frukostflingor,0.0,g
712,Frukostflingor flingblandning fullkorn typ basmüsli,Linolensyra C18:3,Flingor - frukostflingor,0.1,g
712,Frukostflingor flingblandning fullkorn typ basmüsli,Linolsyra C18:2,Flingor - frukostflingor,1.3,g
712,Frukostflingor flingblandning fullkorn typ basmüsli,Oljesyra C18:1,Flingor - frukostflingor,1.0,g
712,Frukostflingor flingblandning fullkorn typ basmüsli,Stearinsyra C18:0,Flingor - frukostflingor,0.1,g
712,Frukostflingor flingblandning fullkorn typ basmüsli,Palmitoljesyra C16:1,Flingor - frukostflingor,0.0,g
712,Frukostflingor flingblandning fullkorn typ basmüsli,Palmitinsyra C16:0,Flingor - frukostflingor,0.5,g
712,Frukostflingor flingblandning fullkorn typ basmüsli,Myristinsyra C14:0,Flingor - frukostflingor,0.0,g
712,Frukostflingor flingblandning fullkorn typ basmüsli,Laurinsyra C12:0,Flingor - frukostflingor,0.0,g
712,Frukostflingor flingblandning fullkorn typ basmüsli,Betakaroten/β-Karoten,Flingor - frukostflingor,0.0,µg
712,Frukostflingor flingblandning fullkorn typ basmüsli,Avfall (skal etc.),Flingor - frukostflingor,0.0,%
712,Frukostflingor flingblandning fullkorn typ basmüsli,Aska,Flingor - frukostflingor,1.6,g
712,Frukostflingor flingblandning fullkorn typ basmüsli,Alkohol,Flingor - frukostflingor,0.0,g
713,Frukostflingor ris puffat m. socker berikad,"Zink, Zn",Flingor - frukostflingor,1.0,mg
713,Frukostflingor ris puffat m. socker berikad,Vitamin E,Flingor - frukostflingor,0.2,mg
713,Frukostflingor ris puffat m. socker berikad,Vitamin D inkl 25-OH-D3,Flingor - frukostflingor,0.0,µg
713,Frukostflingor ris puffat m. socker berikad,Vitamin D,Flingor - frukostflingor,0.0,µg
713,Frukostflingor ris puffat m. socker berikad,Vitamin C,Flingor - frukostflingor,0.0,mg
713,Frukostflingor ris puffat m. socker berikad,Vitamin B6,Flingor - frukostflingor,0.24,mg
713,Frukostflingor ris puffat m. socker berikad,Vitamin B12,Flingor - frukostflingor,0.04,µg
713,Frukostflingor ris puffat m. socker berikad,Vitamin A,Flingor - frukostflingor,0.5,RE/µg
713,Frukostflingor ris puffat m. socker berikad,Vatten,Flingor - frukostflingor,2.8,g
713,Frukostflingor ris puffat m. socker berikad,Tiamin,Flingor - frukostflingor,2.09,mg
713,Frukostflingor ris puffat m. socker berikad,Tillsatt socker,Flingor - frukostflingor,9.0,g
713,Frukostflingor ris puffat m. socker berikad,Fritt socker,Flingor - frukostflingor,9.0,g
713,Frukostflingor ris puffat m. socker berikad,"Selen, Se",Flingor - frukostflingor,2.4,µg
713,Frukostflingor ris puffat m. socker berikad,Sackaros,Flingor - frukostflingor,8.2,g
713,Frukostflingor ris puffat m. socker berikad,Riboflavin,Flingor - frukostflingor,1.61,mg
713,Frukostflingor ris puffat m. socker berikad,Retinol,Flingor - frukostflingor,0.0,µg
713,Frukostflingor ris puffat m. socker berikad,Protein,Flingor - frukostflingor,5.4,g
713,Frukostflingor ris puffat m. socker berikad,Summa fleromättade fettsyror,Flingor - frukostflingor,0.4,g
713,Frukostflingor ris puffat m. socker berikad,"Fosfor, P",Flingor - frukostflingor,127.0,mg
713,Frukostflingor ris puffat m. socker berikad,Niacinekvivalenter,Flingor - frukostflingor,17.7,NE/mg
713,Frukostflingor ris puffat m. socker berikad,Niacin,Flingor - frukostflingor,16.8,mg
713,Frukostflingor ris puffat m. socker berikad,"Salt, NaCl",Flingor - frukostflingor,1.1,g
713,Frukostflingor ris puffat m. socker berikad,"Natrium, Na",Flingor - frukostflingor,450.0,mg
713,Frukostflingor ris puffat m. socker berikad,Monosackarider,Flingor - frukostflingor,0.8,g
713,Frukostflingor ris puffat m. socker berikad,"Sockerarter, totalt",Flingor - frukostflingor,9.4,g
713,Frukostflingor ris puffat m. socker berikad,Summa enkelomättade fettsyror,Flingor - frukostflingor,0.4,g
713,Frukostflingor ris puffat m. socker berikad,"Magnesium, Mg",Flingor - frukostflingor,39.0,mg
713,Frukostflingor ris puffat m. socker berikad,Summa mättade fettsyror,Flingor - frukostflingor,0.2,g
713,Frukostflingor ris puffat m. socker berikad,"Kolhydrater, tillgängliga",Flingor - frukostflingor,86.3,g
713,Frukostflingor ris puffat m. socker berikad,Kolesterol,Flingor - frukostflingor,0.0,mg
713,Frukostflingor ris puffat m. socker berikad,"Kalium, K",Flingor - frukostflingor,130.0,mg
713,Frukostflingor ris puffat m. socker berikad,"Jod, I",Flingor - frukostflingor,0.0,µg
713,Frukostflingor ris puffat m. socker berikad,Fullkorn totalt,Flingor - frukostflingor,0.0,g
713,Frukostflingor ris puffat m. socker berikad,"Folat, totalt",Flingor - frukostflingor,45.8,µg
713,Frukostflingor ris puffat m. socker berikad,Fibrer,Flingor - frukostflingor,1.2,g
713,Frukostflingor ris puffat m. socker berikad,"Fett, totalt",Flingor - frukostflingor,1.2,g
713,Frukostflingor ris puffat m. socker berikad,"Järn, Fe",Flingor - frukostflingor,7.2,mg
713,Frukostflingor ris puffat m. socker berikad,Energi (kJ),Flingor - frukostflingor,1612.0,kJ
713,Frukostflingor ris puffat m. socker berikad,Energi (kcal),Flingor - frukostflingor,385.0,kcal
713,Frukostflingor ris puffat m. socker berikad,Disackarider,Flingor - frukostflingor,8.6,g
713,Frukostflingor ris puffat m. socker berikad,"Kalcium, Ca",Flingor - frukostflingor,18.0,mg
713,Frukostflingor ris puffat m. socker berikad,Fettsyra 4:0-10:0,Flingor - frukostflingor,0.0,g
713,Frukostflingor ris puffat m. socker berikad,DHA (C22:6),Flingor - frukostflingor,0.0,g
713,Frukostflingor ris puffat m. socker berikad,DPA (C22:5),Flingor - frukostflingor,0.0,g
713,Frukostflingor ris puffat m. socker berikad,EPA (C20:5),Flingor - frukostflingor,0.0,g
713,Frukostflingor ris puffat m. socker berikad,Arakidonsyra C20:4,Flingor - frukostflingor,0.0,g
713,Frukostflingor ris puffat m. socker berikad,Arakidinsyra C20:0,Flingor - frukostflingor,0.0,g
713,Frukostflingor ris puffat m. socker berikad,Linolensyra C18:3,Flingor - frukostflingor,0.0,g
713,Frukostflingor ris puffat m. socker berikad,Linolsyra C18:2,Flingor - frukostflingor,0.4,g
713,Frukostflingor ris puffat m. socker berikad,Oljesyra C18:1,Flingor - frukostflingor,0.3,g
713,Frukostflingor ris puffat m. socker berikad,Stearinsyra C18:0,Flingor - frukostflingor,0.0,g
713,Frukostflingor ris puffat m. socker berikad,Palmitoljesyra C16:1,Flingor - frukostflingor,0.0,g
713,Frukostflingor ris puffat m. socker berikad,Palmitinsyra C16:0,Flingor - frukostflingor,0.2,g
713,Frukostflingor ris puffat m. socker berikad,Myristinsyra C14:0,Flingor - frukostflingor,0.0,g
713,Frukostflingor ris puffat m. socker berikad,Laurinsyra C12:0,Flingor - frukostflingor,0.0,g
713,Frukostflingor ris puffat m. socker berikad,Betakaroten/β-Karoten,Flingor - frukostflingor,6.0,µg
713,Frukostflingor ris puffat m. socker berikad,Avfall (skal etc.),Flingor - frukostflingor,0.0,%
713,Frukostflingor ris puffat m. socker berikad,Aska,Flingor - frukostflingor,3.2,g
713,Frukostflingor ris puffat m. socker berikad,Alkohol,Flingor - frukostflingor,0.0,g
714,Frukostflingor vetekli rostat m. kornmalt,"Zink, Zn",Flingor - frukostflingor,2.4,mg
714,Frukostflingor vetekli rostat m. kornmalt,Vitamin E,Flingor - frukostflingor,1.5,mg
714,Frukostflingor vetekli rostat m. kornmalt,Vitamin D inkl 25-OH-D3,Flingor - frukostflingor,0.0,µg
714,Frukostflingor vetekli rostat m. kornmalt,Vitamin D,Flingor - frukostflingor,0.0,µg
714,Frukostflingor vetekli rostat m. kornmalt,Vitamin C,Flingor - frukostflingor,0.0,mg
714,Frukostflingor vetekli rostat m. kornmalt,Vitamin B6,Flingor - frukostflingor,0.91,mg
714,Frukostflingor vetekli rostat m. kornmalt,Vitamin B12,Flingor - frukostflingor,0.0,µg
714,Frukostflingor vetekli rostat m. kornmalt,Vitamin A,Flingor - frukostflingor,0.1,RE/µg
714,Frukostflingor vetekli rostat m. kornmalt,Vatten,Flingor - frukostflingor,4.3,g
714,Frukostflingor vetekli rostat m. kornmalt,Tiamin,Flingor - frukostflingor,0.72,mg
714,Frukostflingor vetekli rostat m. kornmalt,Tillsatt socker,Flingor - frukostflingor,13.0,g
714,Frukostflingor vetekli rostat m. kornmalt,Fritt socker,Flingor - frukostflingor,13.0,g
714,Frukostflingor vetekli rostat m. kornmalt,"Selen, Se",Flingor - frukostflingor,0.0,µg
714,Frukostflingor vetekli rostat m. kornmalt,Sackaros,Flingor - frukostflingor,8.5,g
714,Frukostflingor vetekli rostat m. kornmalt,Riboflavin,Flingor - frukostflingor,0.54,mg
714,Frukostflingor vetekli rostat m. kornmalt,Retinol,Flingor - frukostflingor,0.0,µg
714,Frukostflingor vetekli rostat m. kornmalt,Protein,Flingor - frukostflingor,10.3,g
714,Frukostflingor vetekli rostat m. kornmalt,Summa fleromättade fettsyror,Flingor - frukostflingor,1.8,g
714,Frukostflingor vetekli rostat m. kornmalt,"Fosfor, P",Flingor - frukostflingor,310.0,mg
714,Frukostflingor vetekli rostat m. kornmalt,Niacinekvivalenter,Flingor - frukostflingor,18.5,NE/mg
714,Frukostflingor vetekli rostat m. kornmalt,Niacin,Flingor - frukostflingor,16.79,mg
714,Frukostflingor vetekli rostat m. kornmalt,"Salt, NaCl",Flingor - frukostflingor,0.6,g
714,Frukostflingor vetekli rostat m. kornmalt,"Natrium, Na",Flingor - frukostflingor,230.0,mg
714,Frukostflingor vetekli rostat m. kornmalt,Monosackarider,Flingor - frukostflingor,2.8,g
714,Frukostflingor vetekli rostat m. kornmalt,"Sockerarter, totalt",Flingor - frukostflingor,12.8,g
714,Frukostflingor vetekli rostat m. kornmalt,Summa enkelomättade fettsyror,Flingor - frukostflingor,0.6,g
714,Frukostflingor vetekli rostat m. kornmalt,"Magnesium, Mg",Flingor - frukostflingor,120.0,mg
714,Frukostflingor vetekli rostat m. kornmalt,Summa mättade fettsyror,Flingor - frukostflingor,0.7,g
714,Frukostflingor vetekli rostat m. kornmalt,"Kolhydrater, tillgängliga",Flingor - frukostflingor,65.5,g
714,Frukostflingor vetekli rostat m. kornmalt,Kolesterol,Flingor - frukostflingor,0.0,mg
714,Frukostflingor vetekli rostat m. kornmalt,"Kalium, K",Flingor - frukostflingor,440.0,mg
714,Frukostflingor vetekli rostat m. kornmalt,"Jod, I",Flingor - frukostflingor,1.4,µg
714,Frukostflingor vetekli rostat m. kornmalt,Fullkorn totalt,Flingor - frukostflingor,66.0,g
714,Frukostflingor vetekli rostat m. kornmalt,"Folat, totalt",Flingor - frukostflingor,97.8,µg
714,Frukostflingor vetekli rostat m. kornmalt,Fibrer,Flingor - frukostflingor,14.0,g
714,Frukostflingor vetekli rostat m. kornmalt,"Fett, totalt",Flingor - frukostflingor,3.6,g
714,Frukostflingor vetekli rostat m. kornmalt,"Järn, Fe",Flingor - frukostflingor,5.3,mg
714,Frukostflingor vetekli rostat m. kornmalt,Energi (kJ),Flingor - frukostflingor,1534.0,kJ
714,Frukostflingor vetekli rostat m. kornmalt,Energi (kcal),Flingor - frukostflingor,367.0,kcal
714,Frukostflingor vetekli rostat m. kornmalt,Disackarider,Flingor - frukostflingor,10.0,g
714,Frukostflingor vetekli rostat m. kornmalt,"Kalcium, Ca",Flingor - frukostflingor,35.0,mg
714,Frukostflingor vetekli rostat m. kornmalt,Fettsyra 4:0-10:0,Flingor - frukostflingor,0.0,g
714,Frukostflingor vetekli rostat m. kornmalt,DHA (C22:6),Flingor - frukostflingor,0.0,g
714,Frukostflingor vetekli rostat m. kornmalt,DPA (C22:5),Flingor - frukostflingor,0.0,g
714,Frukostflingor vetekli rostat m. kornmalt,EPA (C20:5),Flingor - frukostflingor,0.0,g
714,Frukostflingor vetekli rostat m. kornmalt,Arakidonsyra C20:4,Flingor - frukostflingor,0.0,g
714,Frukostflingor vetekli rostat m. kornmalt,Arakidinsyra C20:0,Flingor - frukostflingor,0.0,g
714,Frukostflingor vetekli rostat m. kornmalt,Linolensyra C18:3,Flingor - frukostflingor,0.1,g
714,Frukostflingor vetekli rostat m. kornmalt,Linolsyra C18:2,Flingor - frukostflingor,1.7,g
714,Frukostflingor vetekli rostat m. kornmalt,Oljesyra C18:1,Flingor - frukostflingor,0.5,g
714,Frukostflingor vetekli rostat m. kornmalt,Stearinsyra C18:0,Flingor - frukostflingor,0.1,g
714,Frukostflingor vetekli rostat m. kornmalt,Palmitoljesyra C16:1,Flingor - frukostflingor,0.0,g
714,Frukostflingor vetekli rostat m. kornmalt,Palmitinsyra C16:0,Flingor - frukostflingor,0.6,g
714,Frukostflingor vetekli rostat m. kornmalt,Myristinsyra C14:0,Flingor - frukostflingor,0.0,g
714,Frukostflingor vetekli rostat m. kornmalt,Laurinsyra C12:0,Flingor - frukostflingor,0.0,g
714,Frukostflingor vetekli rostat m. kornmalt,Betakaroten/β-Karoten,Flingor - frukostflingor,0.0,µg
714,Frukostflingor vetekli rostat m. kornmalt,Avfall (skal etc.),Flingor - frukostflingor,0.0,%
714,Frukostflingor vetekli rostat m. kornmalt,Aska,Flingor - frukostflingor,2.3,g
714,Frukostflingor vetekli rostat m. kornmalt,Alkohol,Flingor - frukostflingor,0.0,g
716,Frukostflingor ris puffat rostat m. socker kakao,"Zink, Zn",Flingor - frukostflingor,1.0,mg
716,Frukostflingor ris puffat rostat m. socker kakao,Vitamin E,Flingor - frukostflingor,0.2,mg
716,Frukostflingor ris puffat rostat m. socker kakao,Vitamin D inkl 25-OH-D3,Flingor - frukostflingor,0.0,µg
716,Frukostflingor ris puffat rostat m. socker kakao,Vitamin D,Flingor - frukostflingor,0.0,µg
716,Frukostflingor ris puffat rostat m. socker kakao,Vitamin C,Flingor - frukostflingor,0.0,mg
716,Frukostflingor ris puffat rostat m. socker kakao,Vitamin B6,Flingor - frukostflingor,0.15,mg
716,Frukostflingor ris puffat rostat m. socker kakao,Vitamin B12,Flingor - frukostflingor,0.06,µg
716,Frukostflingor ris puffat rostat m. socker kakao,Vitamin A,Flingor - frukostflingor,0.5,RE/µg
716,Frukostflingor ris puffat rostat m. socker kakao,Vatten,Flingor - frukostflingor,2.8,g
716,Frukostflingor ris puffat rostat m. socker kakao,Tiamin,Flingor - frukostflingor,0.0,mg
716,Frukostflingor ris puffat rostat m. socker kakao,Tillsatt socker,Flingor - frukostflingor,36.0,g
716,Frukostflingor ris puffat rostat m. socker kakao,Fritt socker,Flingor - frukostflingor,36.0,g
716,Frukostflingor ris puffat rostat m. socker kakao,"Selen, Se",Flingor - frukostflingor,1.8,µg
716,Frukostflingor ris puffat rostat m. socker kakao,Sackaros,Flingor - frukostflingor,35.0,g
716,Frukostflingor ris puffat rostat m. socker kakao,Riboflavin,Flingor - frukostflingor,0.2,mg
716,Frukostflingor ris puffat rostat m. socker kakao,Retinol,Flingor - frukostflingor,0.0,µg
716,Frukostflingor ris puffat rostat m. socker kakao,Protein,Flingor - frukostflingor,4.6,g
716,Frukostflingor ris puffat rostat m. socker kakao,Summa fleromättade fettsyror,Flingor - frukostflingor,0.2,g
716,Frukostflingor ris puffat rostat m. socker kakao,"Fosfor, P",Flingor - frukostflingor,103.0,mg
716,Frukostflingor ris puffat rostat m. socker kakao,Niacinekvivalenter,Flingor - frukostflingor,1.46,NE/mg
716,Frukostflingor ris puffat rostat m. socker kakao,Niacin,Flingor - frukostflingor,0.66,mg
716,Frukostflingor ris puffat rostat m. socker kakao,"Salt, NaCl",Flingor - frukostflingor,0.8,g
716,Frukostflingor ris puffat rostat m. socker kakao,"Natrium, Na",Flingor - frukostflingor,300.0,mg
716,Frukostflingor ris puffat rostat m. socker kakao,Monosackarider,Flingor - frukostflingor,0.4,g
716,Frukostflingor ris puffat rostat m. socker kakao,"Sockerarter, totalt",Flingor - frukostflingor,35.8,g
716,Frukostflingor ris puffat rostat m. socker kakao,Summa enkelomättade fettsyror,Flingor - frukostflingor,0.8,g
716,Frukostflingor ris puffat rostat m. socker kakao,"Magnesium, Mg",Flingor - frukostflingor,44.0,mg
716,Frukostflingor ris puffat rostat m. socker kakao,Summa mättade fettsyror,Flingor - frukostflingor,1.3,g
716,Frukostflingor ris puffat rostat m. socker kakao,"Kolhydrater, tillgängliga",Flingor - frukostflingor,85.2,g
716,Frukostflingor ris puffat rostat m. socker kakao,Kolesterol,Flingor - frukostflingor,0.0,mg
716,Frukostflingor ris puffat rostat m. socker kakao,"Kalium, K",Flingor - frukostflingor,212.0,mg
716,Frukostflingor ris puffat rostat m. socker kakao,"Jod, I",Flingor - frukostflingor,0.0,µg
716,Frukostflingor ris puffat rostat m. socker kakao,Fullkorn totalt,Flingor - frukostflingor,0.0,g
716,Frukostflingor ris puffat rostat m. socker kakao,"Folat, totalt",Flingor - frukostflingor,39.9,µg
716,Frukostflingor ris puffat rostat m. socker kakao,Fibrer,Flingor - frukostflingor,2.4,g
716,Frukostflingor ris puffat rostat m. socker kakao,"Fett, totalt",Flingor - frukostflingor,2.6,g
716,Frukostflingor ris puffat rostat m. socker kakao,"Järn, Fe",Flingor - frukostflingor,0.4,mg
716,Frukostflingor ris puffat rostat m. socker kakao,Energi (kJ),Flingor - frukostflingor,1644.0,kJ
716,Frukostflingor ris puffat rostat m. socker kakao,Energi (kcal),Flingor - frukostflingor,393.0,kcal
716,Frukostflingor ris puffat rostat m. socker kakao,Disackarider,Flingor - frukostflingor,35.4,g
716,Frukostflingor ris puffat rostat m. socker kakao,"Kalcium, Ca",Flingor - frukostflingor,27.0,mg
716,Frukostflingor ris puffat rostat m. socker kakao,Fettsyra 4:0-10:0,Flingor - frukostflingor,0.0,g
716,Frukostflingor ris puffat rostat m. socker kakao,DHA (C22:6),Flingor - frukostflingor,0.0,g
716,Frukostflingor ris puffat rostat m. socker kakao,DPA (C22:5),Flingor - frukostflingor,0.0,g
716,Frukostflingor ris puffat rostat m. socker kakao,EPA (C20:5),Flingor - frukostflingor,0.0,g
716,Frukostflingor ris puffat rostat m. socker kakao,Arakidonsyra C20:4,Flingor - frukostflingor,0.0,g
716,Frukostflingor ris puffat rostat m. socker kakao,Arakidinsyra C20:0,Flingor - frukostflingor,0.0,g
716,Frukostflingor ris puffat rostat m. socker kakao,Linolensyra C18:3,Flingor - frukostflingor,0.0,g
716,Frukostflingor ris puffat rostat m. socker kakao,Linolsyra C18:2,Flingor - frukostflingor,0.2,g
716,Frukostflingor ris puffat rostat m. socker kakao,Oljesyra C18:1,Flingor - frukostflingor,0.8,g
716,Frukostflingor ris puffat rostat m. socker kakao,Stearinsyra C18:0,Flingor - frukostflingor,0.7,g
716,Frukostflingor ris puffat rostat m. socker kakao,Palmitoljesyra C16:1,Flingor - frukostflingor,0.0,g
716,Frukostflingor ris puffat rostat m. socker kakao,Palmitinsyra C16:0,Flingor - frukostflingor,0.5,g
716,Frukostflingor ris puffat rostat m. socker kakao,Myristinsyra C14:0,Flingor - frukostflingor,0.0,g
716,Frukostflingor ris puffat rostat m. socker kakao,Laurinsyra C12:0,Flingor - frukostflingor,0.0,g
716,Frukostflingor ris puffat rostat m. socker kakao,Betakaroten/β-Karoten,Flingor - frukostflingor,6.0,µg
716,Frukostflingor ris puffat rostat m. socker kakao,Avfall (skal etc.),Flingor - frukostflingor,0.0,%
716,Frukostflingor ris puffat rostat m. socker kakao,Aska,Flingor - frukostflingor,2.4,g
716,Frukostflingor ris puffat rostat m. socker kakao,Alkohol,Flingor - frukostflingor,0.0,g
719,Frukostflingor müsli fullkorn m. frukt bär,"Zink, Zn",Flingor - frukostflingor,1.8,mg
719,Frukostflingor müsli fullkorn m. frukt bär,Vitamin E,Flingor - frukostflingor,1.3,mg
719,Frukostflingor müsli fullkorn m. frukt bär,Vitamin D inkl 25-OH-D3,Flingor - frukostflingor,0.0,µg
719,Frukostflingor müsli fullkorn m. frukt bär,Vitamin D,Flingor - frukostflingor,0.0,µg
719,Frukostflingor müsli fullkorn m. frukt bär,Vitamin C,Flingor - frukostflingor,0.0,mg
719,Frukostflingor müsli fullkorn m. frukt bär,Vitamin B6,Flingor - frukostflingor,0.15,mg
719,Frukostflingor müsli fullkorn m. frukt bär,Vitamin B12,Flingor - frukostflingor,0.0,µg
719,Frukostflingor müsli fullkorn m. frukt bär,Vitamin A,Flingor - frukostflingor,2.5,RE/µg
719,Frukostflingor müsli fullkorn m. frukt bär,Vatten,Flingor - frukostflingor,11.1,g
719,Frukostflingor müsli fullkorn m. frukt bär,Tiamin,Flingor - frukostflingor,0.17,mg
719,Frukostflingor müsli fullkorn m. frukt bär,Tillsatt socker,Flingor - frukostflingor,10.0,g
719,Frukostflingor müsli fullkorn m. frukt bär,Fritt socker,Flingor - frukostflingor,10.0,g
719,Frukostflingor müsli fullkorn m. frukt bär,"Selen, Se",Flingor - frukostflingor,0.0,µg
719,Frukostflingor müsli fullkorn m. frukt bär,Sackaros,Flingor - frukostflingor,5.2,g
719,Frukostflingor müsli fullkorn m. frukt bär,Riboflavin,Flingor - frukostflingor,0.05,mg
719,Frukostflingor müsli fullkorn m. frukt bär,Retinol,Flingor - frukostflingor,0.0,µg
719,Frukostflingor müsli fullkorn m. frukt bär,Protein,Flingor - frukostflingor,8.2,g
719,Frukostflingor müsli fullkorn m. frukt bär,Summa fleromättade fettsyror,Flingor - frukostflingor,2.0,g
719,Frukostflingor müsli fullkorn m. frukt bär,"Fosfor, P",Flingor - frukostflingor,260.0,mg
719,Frukostflingor müsli fullkorn m. frukt bär,Niacinekvivalenter,Flingor - frukostflingor,3.2,NE/mg
719,Frukostflingor müsli fullkorn m. frukt bär,Niacin,Flingor - frukostflingor,1.86,mg
719,Frukostflingor müsli fullkorn m. frukt bär,"Salt, NaCl",Flingor - frukostflingor,0.3,g
719,Frukostflingor müsli fullkorn m. frukt bär,"Natrium, Na",Flingor - frukostflingor,120.0,mg
719,Frukostflingor müsli fullkorn m. frukt bär,Monosackarider,Flingor - frukostflingor,9.7,g
719,Frukostflingor müsli fullkorn m. frukt bär,"Sockerarter, totalt",Flingor - frukostflingor,15.1,g
719,Frukostflingor müsli fullkorn m. frukt bär,Summa enkelomättade fettsyror,Flingor - frukostflingor,1.5,g
719,Frukostflingor müsli fullkorn m. frukt bär,"Magnesium, Mg",Flingor - frukostflingor,86.0,mg
719,Frukostflingor müsli fullkorn m. frukt bär,Summa mättade fettsyror,Flingor - frukostflingor,2.7,g
719,Frukostflingor müsli fullkorn m. frukt bär,"Kolhydrater, tillgängliga",Flingor - frukostflingor,64.8,g
719,Frukostflingor müsli fullkorn m. frukt bär,Kolesterol,Flingor - frukostflingor,0.0,mg
719,Frukostflingor müsli fullkorn m. frukt bär,"Kalium, K",Flingor - frukostflingor,420.0,mg
719,Frukostflingor müsli fullkorn m. frukt bär,"Jod, I",Flingor - frukostflingor,4.3,µg
719,Frukostflingor müsli fullkorn m. frukt bär,Fullkorn totalt,Flingor - frukostflingor,63.0,g
719,Frukostflingor müsli fullkorn m. frukt bär,"Folat, totalt",Flingor - frukostflingor,28.2,µg
719,Frukostflingor müsli fullkorn m. frukt bär,Fibrer,Flingor - frukostflingor,7.7,g
719,Frukostflingor müsli fullkorn m. frukt bär,"Fett, totalt",Flingor - frukostflingor,6.6,g
719,Frukostflingor müsli fullkorn m. frukt bär,"Järn, Fe",Flingor - frukostflingor,2.3,mg
719,Frukostflingor müsli fullkorn m. frukt bär,Energi (kJ),Flingor - frukostflingor,1547.0,kJ
719,Frukostflingor müsli fullkorn m. frukt bär,Energi (kcal),Flingor - frukostflingor,370.0,kcal
719,Frukostflingor müsli fullkorn m. frukt bär,Disackarider,Flingor - frukostflingor,5.5,g
719,Frukostflingor müsli fullkorn m. frukt bär,"Kalcium, Ca",Flingor - frukostflingor,40.0,mg
719,Frukostflingor müsli fullkorn m. frukt bär,Fettsyra 4:0-10:0,Flingor - frukostflingor,0.3,g
719,Frukostflingor müsli fullkorn m. frukt bär,DHA (C22:6),Flingor - frukostflingor,0.0,g
719,Frukostflingor müsli fullkorn m. frukt bär,DPA (C22:5),Flingor - frukostflingor,0.0,g
719,Frukostflingor müsli fullkorn m. frukt bär,EPA (C20:5),Flingor - frukostflingor,0.0,g
719,Frukostflingor müsli fullkorn m. frukt bär,Arakidonsyra C20:4,Flingor - frukostflingor,0.0,g
719,Frukostflingor müsli fullkorn m. frukt bär,Arakidinsyra C20:0,Flingor - frukostflingor,0.0,g
719,Frukostflingor müsli fullkorn m. frukt bär,Linolensyra C18:3,Flingor - frukostflingor,0.1,g
719,Frukostflingor müsli fullkorn m. frukt bär,Linolsyra C18:2,Flingor - frukostflingor,2.0,g
719,Frukostflingor müsli fullkorn m. frukt bär,Oljesyra C18:1,Flingor - frukostflingor,1.4,g
719,Frukostflingor müsli fullkorn m. frukt bär,Stearinsyra C18:0,Flingor - frukostflingor,0.2,g
719,Frukostflingor müsli fullkorn m. frukt bär,Palmitoljesyra C16:1,Flingor - frukostflingor,0.0,g
719,Frukostflingor müsli fullkorn m. frukt bär,Palmitinsyra C16:0,Flingor - frukostflingor,0.7,g
719,Frukostflingor müsli fullkorn m. frukt bär,Myristinsyra C14:0,Flingor - frukostflingor,0.4,g
719,Frukostflingor müsli fullkorn m. frukt bär,Laurinsyra C12:0,Flingor - frukostflingor,1.1,g
719,Frukostflingor müsli fullkorn m. frukt bär,Betakaroten/β-Karoten,Flingor - frukostflingor,23.0,µg
719,Frukostflingor müsli fullkorn m. frukt bär,Avfall (skal etc.),Flingor - frukostflingor,0.0,%
719,Frukostflingor müsli fullkorn m. frukt bär,Aska,Flingor - frukostflingor,1.6,g
719,Frukostflingor müsli fullkorn m. frukt bär,Alkohol,Flingor - frukostflingor,0.0,g
721,Frukostflingor müsli flingblandning fullkorn m. frukt nötter socker el. honung,"Zink, Zn",Flingor - frukostflingor,2.2,mg
721,Frukostflingor müsli flingblandning fullkorn m. frukt nötter socker el. honung,Vitamin E,Flingor - frukostflingor,1.5,mg
721,Frukostflingor müsli flingblandning fullkorn m. frukt nötter socker el. honung,Vitamin D inkl 25-OH-D3,Flingor - frukostflingor,0.0,µg
721,Frukostflingor müsli flingblandning fullkorn m. frukt nötter socker el. honung,Vitamin D,Flingor - frukostflingor,0.0,µg
721,Frukostflingor müsli flingblandning fullkorn m. frukt nötter socker el. honung,Vitamin C,Flingor - frukostflingor,0.0,mg
721,Frukostflingor müsli flingblandning fullkorn m. frukt nötter socker el. honung,Vitamin B6,Flingor - frukostflingor,0.15,mg
721,Frukostflingor müsli flingblandning fullkorn m. frukt nötter socker el. honung,Vitamin B12,Flingor - frukostflingor,0.0,µg
721,Frukostflingor müsli flingblandning fullkorn m. frukt nötter socker el. honung,Vitamin A,Flingor - frukostflingor,0.0,RE/µg
721,Frukostflingor müsli flingblandning fullkorn m. frukt nötter socker el. honung,Vatten,Flingor - frukostflingor,7.6,g
721,Frukostflingor müsli flingblandning fullkorn m. frukt nötter socker el. honung,Tiamin,Flingor - frukostflingor,0.28,mg
721,Frukostflingor müsli flingblandning fullkorn m. frukt nötter socker el. honung,Tillsatt socker,Flingor - frukostflingor,22.0,g
721,Frukostflingor müsli flingblandning fullkorn m. frukt nötter socker el. honung,Fritt socker,Flingor - frukostflingor,25.0,g
721,Frukostflingor müsli flingblandning fullkorn m. frukt nötter socker el. honung,"Selen, Se",Flingor - frukostflingor,1.4,µg
721,Frukostflingor müsli flingblandning fullkorn m. frukt nötter socker el. honung,Sackaros,Flingor - frukostflingor,11.4,g
721,Frukostflingor müsli flingblandning fullkorn m. frukt nötter socker el. honung,Riboflavin,Flingor - frukostflingor,0.59,mg
721,Frukostflingor müsli flingblandning fullkorn m. frukt nötter socker el. honung,Retinol,Flingor - frukostflingor,0.0,µg
721,Frukostflingor müsli flingblandning fullkorn m. frukt nötter socker el. honung,Protein,Flingor - frukostflingor,8.0,g
721,Frukostflingor müsli flingblandning fullkorn m. frukt nötter socker el. honung,Summa fleromättade fettsyror,Flingor - frukostflingor,1.3,g
721,Frukostflingor müsli flingblandning fullkorn m. frukt nötter socker el. honung,"Fosfor, P",Flingor - frukostflingor,272.0,mg
721,Frukostflingor müsli flingblandning fullkorn m. frukt nötter socker el. honung,Niacinekvivalenter,Flingor - frukostflingor,3.2,NE/mg
721,Frukostflingor müsli flingblandning fullkorn m. frukt nötter socker el. honung,Niacin,Flingor - frukostflingor,1.9,mg
721,Frukostflingor müsli flingblandning fullkorn m. frukt nötter socker el. honung,"Salt, NaCl",Flingor - frukostflingor,0.4,g
721,Frukostflingor müsli flingblandning fullkorn m. frukt nötter socker el. honung,"Natrium, Na",Flingor - frukostflingor,174.0,mg
721,Frukostflingor müsli flingblandning fullkorn m. frukt nötter socker el. honung,Monosackarider,Flingor - frukostflingor,11.4,g
721,Frukostflingor müsli flingblandning fullkorn m. frukt nötter socker el. honung,"Sockerarter, totalt",Flingor - frukostflingor,29.1,g
721,Frukostflingor müsli flingblandning fullkorn m. frukt nötter socker el. honung,Summa enkelomättade fettsyror,Flingor - frukostflingor,0.9,g
721,Frukostflingor müsli flingblandning fullkorn m. frukt nötter socker el. honung,"Magnesium, Mg",Flingor - frukostflingor,88.0,mg
721,Frukostflingor müsli flingblandning fullkorn m. frukt nötter socker el. honung,Summa mättade fettsyror,Flingor - frukostflingor,0.5,g
721,Frukostflingor müsli flingblandning fullkorn m. frukt nötter socker el. honung,"Kolhydrater, tillgängliga",Flingor - frukostflingor,70.6,g
721,Frukostflingor müsli flingblandning fullkorn m. frukt nötter socker el. honung,Kolesterol,Flingor - frukostflingor,0.0,mg
721,Frukostflingor müsli flingblandning fullkorn m. frukt nötter socker el. honung,"Kalium, K",Flingor - frukostflingor,410.0,mg
721,Frukostflingor müsli flingblandning fullkorn m. frukt nötter socker el. honung,"Jod, I",Flingor - frukostflingor,2.0,µg
721,Frukostflingor müsli flingblandning fullkorn m. frukt nötter socker el. honung,Fullkorn totalt,Flingor - frukostflingor,59.0,g
721,Frukostflingor müsli flingblandning fullkorn m. frukt nötter socker el. honung,"Folat, totalt",Flingor - frukostflingor,41.0,µg
721,Frukostflingor müsli flingblandning fullkorn m. frukt nötter socker el. honung,Fibrer,Flingor - frukostflingor,8.2,g
721,Frukostflingor müsli flingblandning fullkorn m. frukt nötter socker el. honung,"Fett, totalt",Flingor - frukostflingor,3.8,g
721,Frukostflingor müsli flingblandning fullkorn m. frukt nötter socker el. honung,"Järn, Fe",Flingor - frukostflingor,3.0,mg
721,Frukostflingor müsli flingblandning fullkorn m. frukt nötter socker el. honung,Energi (kJ),Flingor - frukostflingor,1543.0,kJ
721,Frukostflingor müsli flingblandning fullkorn m. frukt nötter socker el. honung,Energi (kcal),Flingor - frukostflingor,369.0,kcal
721,Frukostflingor müsli flingblandning fullkorn m. frukt nötter socker el. honung,Disackarider,Flingor - frukostflingor,17.7,g
721,Frukostflingor müsli flingblandning fullkorn m. frukt nötter socker el. honung,"Kalcium, Ca",Flingor - frukostflingor,25.0,mg
721,Frukostflingor müsli flingblandning fullkorn m. frukt nötter socker el. honung,Fettsyra 4:0-10:0,Flingor - frukostflingor,0.0,g
721,Frukostflingor müsli flingblandning fullkorn m. frukt nötter socker el. honung,DHA (C22:6),Flingor - frukostflingor,0.0,g
721,Frukostflingor müsli flingblandning fullkorn m. frukt nötter socker el. honung,DPA (C22:5),Flingor - frukostflingor,0.0,g
721,Frukostflingor müsli flingblandning fullkorn m. frukt nötter socker el. honung,EPA (C20:5),Flingor - frukostflingor,0.0,g
721,Frukostflingor müsli flingblandning fullkorn m. frukt nötter socker el. honung,Arakidonsyra C20:4,Flingor - frukostflingor,0.0,g
721,Frukostflingor müsli flingblandning fullkorn m. frukt nötter socker el. honung,Arakidinsyra C20:0,Flingor - frukostflingor,0.0,g
721,Frukostflingor müsli flingblandning fullkorn m. frukt nötter socker el. honung,Linolensyra C18:3,Flingor - frukostflingor,0.1,g
721,Frukostflingor müsli flingblandning fullkorn m. frukt nötter socker el. honung,Linolsyra C18:2,Flingor - frukostflingor,1.2,g
721,Frukostflingor müsli flingblandning fullkorn m. frukt nötter socker el. honung,Oljesyra C18:1,Flingor - frukostflingor,0.8,g
721,Frukostflingor müsli flingblandning fullkorn m. frukt nötter socker el. honung,Stearinsyra C18:0,Flingor - frukostflingor,0.0,g
721,Frukostflingor müsli flingblandning fullkorn m. frukt nötter socker el. honung,Palmitoljesyra C16:1,Flingor - frukostflingor,0.0,g
721,Frukostflingor müsli flingblandning fullkorn m. frukt nötter socker el. honung,Palmitinsyra C16:0,Flingor - frukostflingor,0.4,g
721,Frukostflingor müsli flingblandning fullkorn m. frukt nötter socker el. honung,Myristinsyra C14:0,Flingor - frukostflingor,0.0,g
721,Frukostflingor müsli flingblandning fullkorn m. frukt nötter socker el. honung,Laurinsyra C12:0,Flingor - frukostflingor,0.0,g
721,Frukostflingor müsli flingblandning fullkorn m. frukt nötter socker el. honung,Betakaroten/β-Karoten,Flingor - frukostflingor,0.0,µg
721,Frukostflingor müsli flingblandning fullkorn m. frukt nötter socker el. honung,Avfall (skal etc.),Flingor - frukostflingor,0.0,%
721,Frukostflingor müsli flingblandning fullkorn m. frukt nötter socker el. honung,Aska,Flingor - frukostflingor,1.7,g
721,Frukostflingor müsli flingblandning fullkorn m. frukt nötter socker el. honung,Alkohol,Flingor - frukostflingor,0.0,g
724,Frukostflingor vetekli fullkorn berikad,"Zink, Zn",Flingor - frukostflingor,3.1,mg
724,Frukostflingor vetekli fullkorn berikad,Vitamin E,Flingor - frukostflingor,0.9,mg
724,Frukostflingor vetekli fullkorn berikad,Vitamin D inkl 25-OH-D3,Flingor - frukostflingor,0.0,µg
724,Frukostflingor vetekli fullkorn berikad,Vitamin D,Flingor - frukostflingor,0.0,µg
724,Frukostflingor vetekli fullkorn berikad,Vitamin C,Flingor - frukostflingor,0.0,mg
724,Frukostflingor vetekli fullkorn berikad,Vitamin B6,Flingor - frukostflingor,1.7,mg
724,Frukostflingor vetekli fullkorn berikad,Vitamin B12,Flingor - frukostflingor,0.85,µg
724,Frukostflingor vetekli fullkorn berikad,Vitamin A,Flingor - frukostflingor,0.0,RE/µg
724,Frukostflingor vetekli fullkorn berikad,Vatten,Flingor - frukostflingor,2.4,g
724,Frukostflingor vetekli fullkorn berikad,Tiamin,Flingor - frukostflingor,1.25,mg
724,Frukostflingor vetekli fullkorn berikad,Tillsatt socker,Flingor - frukostflingor,23.0,g
724,Frukostflingor vetekli fullkorn berikad,Fritt socker,Flingor - frukostflingor,23.0,g
724,Frukostflingor vetekli fullkorn berikad,"Selen, Se",Flingor - frukostflingor,4.3,µg
724,Frukostflingor vetekli fullkorn berikad,Sackaros,Flingor - frukostflingor,16.4,g
724,Frukostflingor vetekli fullkorn berikad,Riboflavin,Flingor - frukostflingor,1.4,mg
724,Frukostflingor vetekli fullkorn berikad,Retinol,Flingor - frukostflingor,0.0,µg
724,Frukostflingor vetekli fullkorn berikad,Protein,Flingor - frukostflingor,9.9,g
724,Frukostflingor vetekli fullkorn berikad,Summa fleromättade fettsyror,Flingor - frukostflingor,1.3,g
724,Frukostflingor vetekli fullkorn berikad,"Fosfor, P",Flingor - frukostflingor,398.0,mg
724,Frukostflingor vetekli fullkorn berikad,Niacinekvivalenter,Flingor - frukostflingor,16.6,NE/mg
724,Frukostflingor vetekli fullkorn berikad,Niacin,Flingor - frukostflingor,15.0,mg
724,Frukostflingor vetekli fullkorn berikad,"Salt, NaCl",Flingor - frukostflingor,1.0,g
724,Frukostflingor vetekli fullkorn berikad,"Natrium, Na",Flingor - frukostflingor,400.0,mg
724,Frukostflingor vetekli fullkorn berikad,Monosackarider,Flingor - frukostflingor,5.7,g
724,Frukostflingor vetekli fullkorn berikad,"Sockerarter, totalt",Flingor - frukostflingor,22.9,g
724,Frukostflingor vetekli fullkorn berikad,Summa enkelomättade fettsyror,Flingor - frukostflingor,0.3,g
724,Frukostflingor vetekli fullkorn berikad,"Magnesium, Mg",Flingor - frukostflingor,146.0,mg
724,Frukostflingor vetekli fullkorn berikad,Summa mättade fettsyror,Flingor - frukostflingor,0.4,g
724,Frukostflingor vetekli fullkorn berikad,"Kolhydrater, tillgängliga",Flingor - frukostflingor,66.8,g
724,Frukostflingor vetekli fullkorn berikad,Kolesterol,Flingor - frukostflingor,0.0,mg
724,Frukostflingor vetekli fullkorn berikad,"Kalium, K",Flingor - frukostflingor,652.0,mg
724,Frukostflingor vetekli fullkorn berikad,"Jod, I",Flingor - frukostflingor,0.0,µg
724,Frukostflingor vetekli fullkorn berikad,Fullkorn totalt,Flingor - frukostflingor,64.0,g
724,Frukostflingor vetekli fullkorn berikad,"Folat, totalt",Flingor - frukostflingor,333.0,µg
724,Frukostflingor vetekli fullkorn berikad,Fibrer,Flingor - frukostflingor,14.7,g
724,Frukostflingor vetekli fullkorn berikad,"Fett, totalt",Flingor - frukostflingor,2.8,g
724,Frukostflingor vetekli fullkorn berikad,"Järn, Fe",Flingor - frukostflingor,11.6,mg
724,Frukostflingor vetekli fullkorn berikad,Energi (kJ),Flingor - frukostflingor,1523.0,kJ
724,Frukostflingor vetekli fullkorn berikad,Energi (kcal),Flingor - frukostflingor,364.0,kcal
724,Frukostflingor vetekli fullkorn berikad,Disackarider,Flingor - frukostflingor,17.2,g
724,Frukostflingor vetekli fullkorn berikad,"Kalcium, Ca",Flingor - frukostflingor,30.0,mg
724,Frukostflingor vetekli fullkorn berikad,Fettsyra 4:0-10:0,Flingor - frukostflingor,0.0,g
724,Frukostflingor vetekli fullkorn berikad,DHA (C22:6),Flingor - frukostflingor,0.0,g
724,Frukostflingor vetekli fullkorn berikad,DPA (C22:5),Flingor - frukostflingor,0.0,g
724,Frukostflingor vetekli fullkorn berikad,EPA (C20:5),Flingor - frukostflingor,0.0,g
724,Frukostflingor vetekli fullkorn berikad,Arakidonsyra C20:4,Flingor - frukostflingor,0.0,g
724,Frukostflingor vetekli fullkorn berikad,Arakidinsyra C20:0,Flingor - frukostflingor,0.0,g
724,Frukostflingor vetekli fullkorn berikad,Linolensyra C18:3,Flingor - frukostflingor,0.1,g
724,Frukostflingor vetekli fullkorn berikad,Linolsyra C18:2,Flingor - frukostflingor,1.2,g
724,Frukostflingor vetekli fullkorn berikad,Oljesyra C18:1,Flingor - frukostflingor,0.3,g
724,Frukostflingor vetekli fullkorn berikad,Stearinsyra C18:0,Flingor - frukostflingor,0.0,g
724,Frukostflingor vetekli fullkorn berikad,Palmitoljesyra C16:1,Flingor - frukostflingor,0.0,g
724,Frukostflingor vetekli fullkorn berikad,Palmitinsyra C16:0,Flingor - frukostflingor,0.3,g
724,Frukostflingor vetekli fullkorn berikad,Myristinsyra C14:0,Flingor - frukostflingor,0.0,g
724,Frukostflingor vetekli fullkorn berikad,Laurinsyra C12:0,Flingor - frukostflingor,0.0,g
724,Frukostflingor vetekli fullkorn berikad,Betakaroten/β-Karoten,Flingor - frukostflingor,0.0,µg
724,Frukostflingor vetekli fullkorn berikad,Avfall (skal etc.),Flingor - frukostflingor,0.0,%
724,Frukostflingor vetekli fullkorn berikad,Aska,Flingor - frukostflingor,3.4,g
724,Frukostflingor vetekli fullkorn berikad,Alkohol,Flingor - frukostflingor,0.0,g
725,Frukostflingor fullkorn typ Specialflingor,"Zink, Zn",Flingor - frukostflingor,1.5,mg
725,Frukostflingor fullkorn typ Specialflingor,Vitamin E,Flingor - frukostflingor,0.8,mg
725,Frukostflingor fullkorn typ Specialflingor,Vitamin D inkl 25-OH-D3,Flingor - frukostflingor,0.0,µg
725,Frukostflingor fullkorn typ Specialflingor,Vitamin D,Flingor - frukostflingor,0.0,µg
725,Frukostflingor fullkorn typ Specialflingor,Vitamin C,Flingor - frukostflingor,0.0,mg
725,Frukostflingor fullkorn typ Specialflingor,Vitamin B6,Flingor - frukostflingor,0.1,mg
725,Frukostflingor fullkorn typ Specialflingor,Vitamin B12,Flingor - frukostflingor,0.0,µg
725,Frukostflingor fullkorn typ Specialflingor,Vitamin A,Flingor - frukostflingor,0.0,RE/µg
725,Frukostflingor fullkorn typ Specialflingor,Vatten,Flingor - frukostflingor,4.3,g
725,Frukostflingor fullkorn typ Specialflingor,Tiamin,Flingor - frukostflingor,0.03,mg
725,Frukostflingor fullkorn typ Specialflingor,Tillsatt socker,Flingor - frukostflingor,11.0,g
725,Frukostflingor fullkorn typ Specialflingor,Fritt socker,Flingor - frukostflingor,11.0,g
725,Frukostflingor fullkorn typ Specialflingor,"Selen, Se",Flingor - frukostflingor,0.0,µg
725,Frukostflingor fullkorn typ Specialflingor,Sackaros,Flingor - frukostflingor,9.6,g
725,Frukostflingor fullkorn typ Specialflingor,Riboflavin,Flingor - frukostflingor,0.06,mg
725,Frukostflingor fullkorn typ Specialflingor,Retinol,Flingor - frukostflingor,0.0,µg
725,Frukostflingor fullkorn typ Specialflingor,Protein,Flingor - frukostflingor,9.0,g
725,Frukostflingor fullkorn typ Specialflingor,Summa fleromättade fettsyror,Flingor - frukostflingor,0.8,g
725,Frukostflingor fullkorn typ Specialflingor,"Fosfor, P",Flingor - frukostflingor,140.0,mg
725,Frukostflingor fullkorn typ Specialflingor,Niacinekvivalenter,Flingor - frukostflingor,4.7,NE/mg
725,Frukostflingor fullkorn typ Specialflingor,Niacin,Flingor - frukostflingor,3.24,mg
725,Frukostflingor fullkorn typ Specialflingor,"Salt, NaCl",Flingor - frukostflingor,1.1,g
725,Frukostflingor fullkorn typ Specialflingor,"Natrium, Na",Flingor - frukostflingor,450.0,mg
725,Frukostflingor fullkorn typ Specialflingor,Monosackarider,Flingor - frukostflingor,1.1,g
725,Frukostflingor fullkorn typ Specialflingor,"Sockerarter, totalt",Flingor - frukostflingor,11.2,g
725,Frukostflingor fullkorn typ Specialflingor,Summa enkelomättade fettsyror,Flingor - frukostflingor,0.3,g
725,Frukostflingor fullkorn typ Specialflingor,"Magnesium, Mg",Flingor - frukostflingor,50.0,mg
725,Frukostflingor fullkorn typ Specialflingor,Summa mättade fettsyror,Flingor - frukostflingor,0.4,g
725,Frukostflingor fullkorn typ Specialflingor,"Kolhydrater, tillgängliga",Flingor - frukostflingor,78.9,g
725,Frukostflingor fullkorn typ Specialflingor,Kolesterol,Flingor - frukostflingor,0.0,mg
725,Frukostflingor fullkorn typ Specialflingor,"Kalium, K",Flingor - frukostflingor,180.0,mg
725,Frukostflingor fullkorn typ Specialflingor,"Jod, I",Flingor - frukostflingor,1.8,µg
725,Frukostflingor fullkorn typ Specialflingor,Fullkorn totalt,Flingor - frukostflingor,15.0,g
725,Frukostflingor fullkorn typ Specialflingor,"Folat, totalt",Flingor - frukostflingor,17.6,µg
725,Frukostflingor fullkorn typ Specialflingor,Fibrer,Flingor - frukostflingor,3.7,g
725,Frukostflingor fullkorn typ Specialflingor,"Fett, totalt",Flingor - frukostflingor,2.2,g
725,Frukostflingor fullkorn typ Specialflingor,"Järn, Fe",Flingor - frukostflingor,3.3,mg
725,Frukostflingor fullkorn typ Specialflingor,Energi (kJ),Flingor - frukostflingor,1605.0,kJ
725,Frukostflingor fullkorn typ Specialflingor,Energi (kcal),Flingor - frukostflingor,384.0,kcal
725,Frukostflingor fullkorn typ Specialflingor,Disackarider,Flingor - frukostflingor,10.1,g
725,Frukostflingor fullkorn typ Specialflingor,"Kalcium, Ca",Flingor - frukostflingor,21.0,mg
725,Frukostflingor fullkorn typ Specialflingor,Fettsyra 4:0-10:0,Flingor - frukostflingor,0.0,g
725,Frukostflingor fullkorn typ Specialflingor,DHA (C22:6),Flingor - frukostflingor,0.0,g
725,Frukostflingor fullkorn typ Specialflingor,DPA (C22:5),Flingor - frukostflingor,0.0,g
725,Frukostflingor fullkorn typ Specialflingor,EPA (C20:5),Flingor - frukostflingor,0.0,g
725,Frukostflingor fullkorn typ Specialflingor,Arakidonsyra C20:4,Flingor - frukostflingor,0.0,g
725,Frukostflingor fullkorn typ Specialflingor,Arakidinsyra C20:0,Flingor - frukostflingor,0.0,g
725,Frukostflingor fullkorn typ Specialflingor,Linolensyra C18:3,Flingor - frukostflingor,0.1,g
725,Frukostflingor fullkorn typ Specialflingor,Linolsyra C18:2,Flingor - frukostflingor,0.8,g
725,Frukostflingor fullkorn typ Specialflingor,Oljesyra C18:1,Flingor - frukostflingor,0.3,g
725,Frukostflingor fullkorn typ Specialflingor,Stearinsyra C18:0,Flingor - frukostflingor,0.1,g
725,Frukostflingor fullkorn typ Specialflingor,Palmitoljesyra C16:1,Flingor - frukostflingor,0.0,g
725,Frukostflingor fullkorn typ Specialflingor,Palmitinsyra C16:0,Flingor - frukostflingor,0.3,g
725,Frukostflingor fullkorn typ Specialflingor,Myristinsyra C14:0,Flingor - frukostflingor,0.0,g
725,Frukostflingor fullkorn typ Specialflingor,Laurinsyra C12:0,Flingor - frukostflingor,0.0,g
725,Frukostflingor fullkorn typ Specialflingor,Betakaroten/β-Karoten,Flingor - frukostflingor,0.0,µg
725,Frukostflingor fullkorn typ Specialflingor,Avfall (skal etc.),Flingor - frukostflingor,0.0,%
725,Frukostflingor fullkorn typ Specialflingor,Aska,Flingor - frukostflingor,1.9,g
725,Frukostflingor fullkorn typ Specialflingor,Alkohol,Flingor - frukostflingor,0.0,g
726,Frukostflingor vete puffat m. honung berikad,"Zink, Zn",Flingor - frukostflingor,1.6,mg
726,Frukostflingor vete puffat m. honung berikad,Vitamin E,Flingor - frukostflingor,1.1,mg
726,Frukostflingor vete puffat m. honung berikad,Vitamin D inkl 25-OH-D3,Flingor - frukostflingor,0.0,µg
726,Frukostflingor vete puffat m. honung berikad,Vitamin D,Flingor - frukostflingor,0.0,µg
726,Frukostflingor vete puffat m. honung berikad,Vitamin C,Flingor - frukostflingor,0.0,mg
726,Frukostflingor vete puffat m. honung berikad,Vitamin B6,Flingor - frukostflingor,0.13,mg
726,Frukostflingor vete puffat m. honung berikad,Vitamin B12,Flingor - frukostflingor,0.0,µg
726,Frukostflingor vete puffat m. honung berikad,Vitamin A,Flingor - frukostflingor,0.5,RE/µg
726,Frukostflingor vete puffat m. honung berikad,Vatten,Flingor - frukostflingor,3.0,g
726,Frukostflingor vete puffat m. honung berikad,Tiamin,Flingor - frukostflingor,1.23,mg
726,Frukostflingor vete puffat m. honung berikad,Tillsatt socker,Flingor - frukostflingor,28.0,g
726,Frukostflingor vete puffat m. honung berikad,Fritt socker,Flingor - frukostflingor,28.0,g
726,Frukostflingor vete puffat m. honung berikad,"Selen, Se",Flingor - frukostflingor,4.0,µg
726,Frukostflingor vete puffat m. honung berikad,Sackaros,Flingor - frukostflingor,18.4,g
726,Frukostflingor vete puffat m. honung berikad,Riboflavin,Flingor - frukostflingor,1.26,mg
726,Frukostflingor vete puffat m. honung berikad,Retinol,Flingor - frukostflingor,0.0,µg
726,Frukostflingor vete puffat m. honung berikad,Protein,Flingor - frukostflingor,8.3,g
726,Frukostflingor vete puffat m. honung berikad,Summa fleromättade fettsyror,Flingor - frukostflingor,1.2,g
726,Frukostflingor vete puffat m. honung berikad,"Fosfor, P",Flingor - frukostflingor,170.0,mg
726,Frukostflingor vete puffat m. honung berikad,Niacinekvivalenter,Flingor - frukostflingor,9.4,NE/mg
726,Frukostflingor vete puffat m. honung berikad,Niacin,Flingor - frukostflingor,8.0,mg
726,Frukostflingor vete puffat m. honung berikad,"Salt, NaCl",Flingor - frukostflingor,0.0,g
726,Frukostflingor vete puffat m. honung berikad,"Natrium, Na",Flingor - frukostflingor,5.0,mg
726,Frukostflingor vete puffat m. honung berikad,Monosackarider,Flingor - frukostflingor,9.0,g
726,Frukostflingor vete puffat m. honung berikad,"Sockerarter, totalt",Flingor - frukostflingor,28.4,g
726,Frukostflingor vete puffat m. honung berikad,Summa enkelomättade fettsyror,Flingor - frukostflingor,1.1,g
726,Frukostflingor vete puffat m. honung berikad,"Magnesium, Mg",Flingor - frukostflingor,52.0,mg
726,Frukostflingor vete puffat m. honung berikad,Summa mättade fettsyror,Flingor - frukostflingor,0.6,g
726,Frukostflingor vete puffat m. honung berikad,"Kolhydrater, tillgängliga",Flingor - frukostflingor,76.9,g
726,Frukostflingor vete puffat m. honung berikad,Kolesterol,Flingor - frukostflingor,0.0,mg
726,Frukostflingor vete puffat m. honung berikad,"Kalium, K",Flingor - frukostflingor,230.0,mg
726,Frukostflingor vete puffat m. honung berikad,"Jod, I",Flingor - frukostflingor,0.0,µg
726,Frukostflingor vete puffat m. honung berikad,Fullkorn totalt,Flingor - frukostflingor,0.0,g
726,Frukostflingor vete puffat m. honung berikad,"Folat, totalt",Flingor - frukostflingor,20.5,µg
726,Frukostflingor vete puffat m. honung berikad,Fibrer,Flingor - frukostflingor,7.9,g
726,Frukostflingor vete puffat m. honung berikad,"Fett, totalt",Flingor - frukostflingor,3.0,g
726,Frukostflingor vete puffat m. honung berikad,"Järn, Fe",Flingor - frukostflingor,9.5,mg
726,Frukostflingor vete puffat m. honung berikad,Energi (kJ),Flingor - frukostflingor,1623.0,kJ
726,Frukostflingor vete puffat m. honung berikad,Energi (kcal),Flingor - frukostflingor,388.0,kcal
726,Frukostflingor vete puffat m. honung berikad,Disackarider,Flingor - frukostflingor,19.4,g
726,Frukostflingor vete puffat m. honung berikad,"Kalcium, Ca",Flingor - frukostflingor,23.0,mg
726,Frukostflingor vete puffat m. honung berikad,Fettsyra 4:0-10:0,Flingor - frukostflingor,0.0,g
726,Frukostflingor vete puffat m. honung berikad,DHA (C22:6),Flingor - frukostflingor,0.0,g
726,Frukostflingor vete puffat m. honung berikad,DPA (C22:5),Flingor - frukostflingor,0.0,g
726,Frukostflingor vete puffat m. honung berikad,EPA (C20:5),Flingor - frukostflingor,0.0,g
726,Frukostflingor vete puffat m. honung berikad,Arakidonsyra C20:4,Flingor - frukostflingor,0.0,g
726,Frukostflingor vete puffat m. honung berikad,Arakidinsyra C20:0,Flingor - frukostflingor,0.0,g
726,Frukostflingor vete puffat m. honung berikad,Linolensyra C18:3,Flingor - frukostflingor,0.1,g
726,Frukostflingor vete puffat m. honung berikad,Linolsyra C18:2,Flingor - frukostflingor,1.1,g
726,Frukostflingor vete puffat m. honung berikad,Oljesyra C18:1,Flingor - frukostflingor,1.1,g
726,Frukostflingor vete puffat m. honung berikad,Stearinsyra C18:0,Flingor - frukostflingor,0.2,g
726,Frukostflingor vete puffat m. honung berikad,Palmitoljesyra C16:1,Flingor - frukostflingor,0.0,g
726,Frukostflingor vete puffat m. honung berikad,Palmitinsyra C16:0,Flingor - frukostflingor,0.4,g
726,Frukostflingor vete puffat m. honung berikad,Myristinsyra C14:0,Flingor - frukostflingor,0.0,g
726,Frukostflingor vete puffat m. honung berikad,Laurinsyra C12:0,Flingor - frukostflingor,0.0,g
726,Frukostflingor vete puffat m. honung berikad,Betakaroten/β-Karoten,Flingor - frukostflingor,0.0,µg
726,Frukostflingor vete puffat m. honung berikad,Avfall (skal etc.),Flingor - frukostflingor,0.0,%
726,Frukostflingor vete puffat m. honung berikad,Aska,Flingor - frukostflingor,0.9,g
726,Frukostflingor vete puffat m. honung berikad,Alkohol,Flingor - frukostflingor,0.0,g
727,Frukostflingor majs m. socker,"Zink, Zn",Flingor - frukostflingor,0.0,mg
727,Frukostflingor majs m. socker,Vitamin E,Flingor - frukostflingor,0.0,mg
727,Frukostflingor majs m. socker,Vitamin D inkl 25-OH-D3,Flingor - frukostflingor,0.0,µg
727,Frukostflingor majs m. socker,Vitamin D,Flingor - frukostflingor,0.0,µg
727,Frukostflingor majs m. socker,Vitamin C,Flingor - frukostflingor,0.0,mg
727,Frukostflingor majs m. socker,Vitamin B6,Flingor - frukostflingor,0.04,mg
727,Frukostflingor majs m. socker,Vitamin B12,Flingor - frukostflingor,0.0,µg
727,Frukostflingor majs m. socker,Vitamin A,Flingor - frukostflingor,7.4,RE/µg
727,Frukostflingor majs m. socker,Vatten,Flingor - frukostflingor,4.3,g
727,Frukostflingor majs m. socker,Tiamin,Flingor - frukostflingor,0.0,mg
727,Frukostflingor majs m. socker,Tillsatt socker,Flingor - frukostflingor,36.0,g
727,Frukostflingor majs m. socker,Fritt socker,Flingor - frukostflingor,36.0,g
727,Frukostflingor majs m. socker,"Selen, Se",Flingor - frukostflingor,2.0,µg
727,Frukostflingor majs m. socker,Sackaros,Flingor - frukostflingor,33.4,g
727,Frukostflingor majs m. socker,Riboflavin,Flingor - frukostflingor,0.0,mg
727,Frukostflingor majs m. socker,Retinol,Flingor - frukostflingor,0.0,µg
727,Frukostflingor majs m. socker,Protein,Flingor - frukostflingor,4.3,g
727,Frukostflingor majs m. socker,Summa fleromättade fettsyror,Flingor - frukostflingor,0.0,g
727,Frukostflingor majs m. socker,"Fosfor, P",Flingor - frukostflingor,25.0,mg
727,Frukostflingor majs m. socker,Niacinekvivalenter,Flingor - frukostflingor,0.8,NE/mg
727,Frukostflingor majs m. socker,Niacin,Flingor - frukostflingor,0.34,mg
727,Frukostflingor majs m. socker,"Salt, NaCl",Flingor - frukostflingor,0.8,g
727,Frukostflingor majs m. socker,"Natrium, Na",Flingor - frukostflingor,320.0,mg
727,Frukostflingor majs m. socker,Monosackarider,Flingor - frukostflingor,1.9,g
727,Frukostflingor majs m. socker,"Sockerarter, totalt",Flingor - frukostflingor,35.9,g
727,Frukostflingor majs m. socker,Summa enkelomättade fettsyror,Flingor - frukostflingor,0.0,g
727,Frukostflingor majs m. socker,"Magnesium, Mg",Flingor - frukostflingor,7.0,mg
727,Frukostflingor majs m. socker,Summa mättade fettsyror,Flingor - frukostflingor,0.0,g
727,Frukostflingor majs m. socker,"Kolhydrater, tillgängliga",Flingor - frukostflingor,86.4,g
727,Frukostflingor majs m. socker,Kolesterol,Flingor - frukostflingor,0.0,mg
727,Frukostflingor majs m. socker,"Kalium, K",Flingor - frukostflingor,74.0,mg
727,Frukostflingor majs m. socker,"Jod, I",Flingor - frukostflingor,2.0,µg
727,Frukostflingor majs m. socker,Fullkorn totalt,Flingor - frukostflingor,0.0,g
727,Frukostflingor majs m. socker,"Folat, totalt",Flingor - frukostflingor,6.3,µg
727,Frukostflingor majs m. socker,Fibrer,Flingor - frukostflingor,3.1,g
727,Frukostflingor majs m. socker,"Fett, totalt",Flingor - frukostflingor,0.9,g
727,Frukostflingor majs m. socker,"Järn, Fe",Flingor - frukostflingor,0.1,mg
727,Frukostflingor majs m. socker,Energi (kJ),Flingor - frukostflingor,1599.0,kJ
727,Frukostflingor majs m. socker,Energi (kcal),Flingor - frukostflingor,382.0,kcal
727,Frukostflingor majs m. socker,Disackarider,Flingor - frukostflingor,34.0,g
727,Frukostflingor majs m. socker,"Kalcium, Ca",Flingor - frukostflingor,4.0,mg
727,Frukostflingor majs m. socker,Fettsyra 4:0-10:0,Flingor - frukostflingor,0.0,g
727,Frukostflingor majs m. socker,DHA (C22:6),Flingor - frukostflingor,0.0,g
727,Frukostflingor majs m. socker,DPA (C22:5),Flingor - frukostflingor,0.0,g
727,Frukostflingor majs m. socker,EPA (C20:5),Flingor - frukostflingor,0.0,g
727,Frukostflingor majs m. socker,Arakidonsyra C20:4,Flingor - frukostflingor,0.0,g
727,Frukostflingor majs m. socker,Arakidinsyra C20:0,Flingor - frukostflingor,0.0,g
727,Frukostflingor majs m. socker,Linolensyra C18:3,Flingor - frukostflingor,0.0,g
727,Frukostflingor majs m. socker,Linolsyra C18:2,Flingor - frukostflingor,0.0,g
727,Frukostflingor majs m. socker,Oljesyra C18:1,Flingor - frukostflingor,0.0,g
727,Frukostflingor majs m. socker,Stearinsyra C18:0,Flingor - frukostflingor,0.0,g
727,Frukostflingor majs m. socker,Palmitoljesyra C16:1,Flingor - frukostflingor,0.0,g
727,Frukostflingor majs m. socker,Palmitinsyra C16:0,Flingor - frukostflingor,0.0,g
727,Frukostflingor majs m. socker,Myristinsyra C14:0,Flingor - frukostflingor,0.0,g
727,Frukostflingor majs m. socker,Laurinsyra C12:0,Flingor - frukostflingor,0.0,g
727,Frukostflingor majs m. socker,Betakaroten/β-Karoten,Flingor - frukostflingor,43.0,µg
727,Frukostflingor majs m. socker,Avfall (skal etc.),Flingor - frukostflingor,0.0,%
727,Frukostflingor majs m. socker,Aska,Flingor - frukostflingor,1.0,g
727,Frukostflingor majs m. socker,Alkohol,Flingor - frukostflingor,0.0,g
728,Frukostflingor fullkorn m. socker berikad typ ringar,"Zink, Zn",Flingor - frukostflingor,1.9,mg
728,Frukostflingor fullkorn m. socker berikad typ ringar,Vitamin E,Flingor - frukostflingor,2.0,mg
728,Frukostflingor fullkorn m. socker berikad typ ringar,Vitamin D inkl 25-OH-D3,Flingor - frukostflingor,0.0,µg
728,Frukostflingor fullkorn m. socker berikad typ ringar,Vitamin D,Flingor - frukostflingor,0.0,µg
728,Frukostflingor fullkorn m. socker berikad typ ringar,Vitamin C,Flingor - frukostflingor,0.0,mg
728,Frukostflingor fullkorn m. socker berikad typ ringar,Vitamin B6,Flingor - frukostflingor,2.06,mg
728,Frukostflingor fullkorn m. socker berikad typ ringar,Vitamin B12,Flingor - frukostflingor,0.83,µg
728,Frukostflingor fullkorn m. socker berikad typ ringar,Vitamin A,Flingor - frukostflingor,34.3,RE/µg
728,Frukostflingor fullkorn m. socker berikad typ ringar,Vatten,Flingor - frukostflingor,3.3,g
728,Frukostflingor fullkorn m. socker berikad typ ringar,Tiamin,Flingor - frukostflingor,0.99,mg
728,Frukostflingor fullkorn m. socker berikad typ ringar,Tillsatt socker,Flingor - frukostflingor,36.0,g
728,Frukostflingor fullkorn m. socker berikad typ ringar,Fritt socker,Flingor - frukostflingor,36.0,g
728,Frukostflingor fullkorn m. socker berikad typ ringar,"Selen, Se",Flingor - frukostflingor,0.0,µg
728,Frukostflingor fullkorn m. socker berikad typ ringar,Sackaros,Flingor - frukostflingor,30.1,g
728,Frukostflingor fullkorn m. socker berikad typ ringar,Riboflavin,Flingor - frukostflingor,2.06,mg
728,Frukostflingor fullkorn m. socker berikad typ ringar,Retinol,Flingor - frukostflingor,0.0,µg
728,Frukostflingor fullkorn m. socker berikad typ ringar,Protein,Flingor - frukostflingor,7.7,g
728,Frukostflingor fullkorn m. socker berikad typ ringar,Summa fleromättade fettsyror,Flingor - frukostflingor,1.0,g
728,Frukostflingor fullkorn m. socker berikad typ ringar,"Fosfor, P",Flingor - frukostflingor,350.0,mg
728,Frukostflingor fullkorn m. socker berikad typ ringar,Niacinekvivalenter,Flingor - frukostflingor,20.0,NE/mg
728,Frukostflingor fullkorn m. socker berikad typ ringar,Niacin,Flingor - frukostflingor,18.7,mg
728,Frukostflingor fullkorn m. socker berikad typ ringar,"Salt, NaCl",Flingor - frukostflingor,1.8,g
728,Frukostflingor fullkorn m. socker berikad typ ringar,"Natrium, Na",Flingor - frukostflingor,700.0,mg
728,Frukostflingor fullkorn m. socker berikad typ ringar,Monosackarider,Flingor - frukostflingor,2.8,g
728,Frukostflingor fullkorn m. socker berikad typ ringar,"Sockerarter, totalt",Flingor - frukostflingor,36.3,g
728,Frukostflingor fullkorn m. socker berikad typ ringar,Summa enkelomättade fettsyror,Flingor - frukostflingor,0.7,g
728,Frukostflingor fullkorn m. socker berikad typ ringar,"Magnesium, Mg",Flingor - frukostflingor,70.0,mg
728,Frukostflingor fullkorn m. socker berikad typ ringar,Summa mättade fettsyror,Flingor - frukostflingor,0.4,g
728,Frukostflingor fullkorn m. socker berikad typ ringar,"Kolhydrater, tillgängliga",Flingor - frukostflingor,75.5,g
728,Frukostflingor fullkorn m. socker berikad typ ringar,Kolesterol,Flingor - frukostflingor,0.0,mg
728,Frukostflingor fullkorn m. socker berikad typ ringar,"Kalium, K",Flingor - frukostflingor,270.0,mg
728,Frukostflingor fullkorn m. socker berikad typ ringar,"Jod, I",Flingor - frukostflingor,3.0,µg
728,Frukostflingor fullkorn m. socker berikad typ ringar,Fullkorn totalt,Flingor - frukostflingor,33.0,g
728,Frukostflingor fullkorn m. socker berikad typ ringar,"Folat, totalt",Flingor - frukostflingor,166.0,µg
728,Frukostflingor fullkorn m. socker berikad typ ringar,Fibrer,Flingor - frukostflingor,6.8,g
728,Frukostflingor fullkorn m. socker berikad typ ringar,"Fett, totalt",Flingor - frukostflingor,3.2,g
728,Frukostflingor fullkorn m. socker berikad typ ringar,"Järn, Fe",Flingor - frukostflingor,10.0,mg
728,Frukostflingor fullkorn m. socker berikad typ ringar,Energi (kJ),Flingor - frukostflingor,1588.0,kJ
728,Frukostflingor fullkorn m. socker berikad typ ringar,Energi (kcal),Flingor - frukostflingor,379.0,kcal
728,Frukostflingor fullkorn m. socker berikad typ ringar,Disackarider,Flingor - frukostflingor,33.5,g
728,Frukostflingor fullkorn m. socker berikad typ ringar,"Kalcium, Ca",Flingor - frukostflingor,456.0,mg
728,Frukostflingor fullkorn m. socker berikad typ ringar,Fettsyra 4:0-10:0,Flingor - frukostflingor,0.1,g
728,Frukostflingor fullkorn m. socker berikad typ ringar,DHA (C22:6),Flingor - frukostflingor,0.0,g
728,Frukostflingor fullkorn m. socker berikad typ ringar,DPA (C22:5),Flingor - frukostflingor,0.0,g
728,Frukostflingor fullkorn m. socker berikad typ ringar,EPA (C20:5),Flingor - frukostflingor,0.0,g
728,Frukostflingor fullkorn m. socker berikad typ ringar,Arakidonsyra C20:4,Flingor - frukostflingor,0.0,g
728,Frukostflingor fullkorn m. socker berikad typ ringar,Arakidinsyra C20:0,Flingor - frukostflingor,0.0,g
728,Frukostflingor fullkorn m. socker berikad typ ringar,Linolensyra C18:3,Flingor - frukostflingor,0.0,g
728,Frukostflingor fullkorn m. socker berikad typ ringar,Linolsyra C18:2,Flingor - frukostflingor,0.9,g
728,Frukostflingor fullkorn m. socker berikad typ ringar,Oljesyra C18:1,Flingor - frukostflingor,0.7,g
728,Frukostflingor fullkorn m. socker berikad typ ringar,Stearinsyra C18:0,Flingor - frukostflingor,0.0,g
728,Frukostflingor fullkorn m. socker berikad typ ringar,Palmitoljesyra C16:1,Flingor - frukostflingor,0.0,g
728,Frukostflingor fullkorn m. socker berikad typ ringar,Palmitinsyra C16:0,Flingor - frukostflingor,0.3,g
728,Frukostflingor fullkorn m. socker berikad typ ringar,Myristinsyra C14:0,Flingor - frukostflingor,0.0,g
728,Frukostflingor fullkorn m. socker berikad typ ringar,Laurinsyra C12:0,Flingor - frukostflingor,0.0,g
728,Frukostflingor fullkorn m. socker berikad typ ringar,Betakaroten/β-Karoten,Flingor - frukostflingor,315.0,µg
728,Frukostflingor fullkorn m. socker berikad typ ringar,Avfall (skal etc.),Flingor - frukostflingor,0.0,%
728,Frukostflingor fullkorn m. socker berikad typ ringar,Aska,Flingor - frukostflingor,3.5,g
728,Frukostflingor fullkorn m. socker berikad typ ringar,Alkohol,Flingor - frukostflingor,0.0,g
732,Fattiga riddare,"Zink, Zn",Efterrätter,0.7,mg
732,Fattiga riddare,Vitamin E,Efterrätter,3.9,mg
732,Fattiga riddare,Vitamin D,Efterrätter,0.83,µg
732,Fattiga riddare,Vitamin C,Efterrätter,0.1,mg
732,Fattiga riddare,Vitamin B6,Efterrätter,0.05,mg
732,Fattiga riddare,Vitamin B12,Efterrätter,0.36,µg
732,Fattiga riddare,Vitamin A,Efterrätter,78.0,RE/µg
732,Fattiga riddare,Vatten,Efterrätter,45.6,g
732,Fattiga riddare,Tiamin,Efterrätter,0.08,mg
732,Fattiga riddare,Tillsatt socker,Efterrätter,11.0,g
732,Fattiga riddare,Fritt socker,Efterrätter,11.0,g
732,Fattiga riddare,"Selen, Se",Efterrätter,5.9,µg
732,Fattiga riddare,Sackaros,Efterrätter,8.9,g
732,Fattiga riddare,Riboflavin,Efterrätter,0.14,mg
732,Fattiga riddare,Retinol,Efterrätter,62.7,µg
732,Fattiga riddare,Protein,Efterrätter,7.2,g
732,Fattiga riddare,Summa fleromättade fettsyror,Efterrätter,3.3,g
732,Fattiga riddare,"Fosfor, P",Efterrätter,103.0,mg
732,Fattiga riddare,Niacinekvivalenter,Efterrätter,1.95,NE/mg
732,Fattiga riddare,Niacin,Efterrätter,0.49,mg
732,Fattiga riddare,"Salt, NaCl",Efterrätter,0.6,g
732,Fattiga riddare,"Natrium, Na",Efterrätter,252.0,mg
732,Fattiga riddare,Monosackarider,Efterrätter,0.6,g
732,Fattiga riddare,"Sockerarter, totalt",Efterrätter,12.0,g
732,Fattiga riddare,Summa enkelomättade fettsyror,Efterrätter,6.7,g
732,Fattiga riddare,"Magnesium, Mg",Efterrätter,14.0,mg
732,Fattiga riddare,Summa mättade fettsyror,Efterrätter,1.8,g
732,Fattiga riddare,"Kolhydrater, tillgängliga",Efterrätter,30.8,g
732,Fattiga riddare,Kolesterol,Efterrätter,68.8,mg
732,Fattiga riddare,"Kalium, K",Efterrätter,121.0,mg
732,Fattiga riddare,"Jod, I",Efterrätter,13.9,µg
732,Fattiga riddare,Fullkorn totalt,Efterrätter,0.0,g
732,Fattiga riddare,"Folat, totalt",Efterrätter,30.4,µg
732,Fattiga riddare,Fibrer,Efterrätter,2.3,g
732,Fattiga riddare,"Fett, totalt",Efterrätter,13.0,g
732,Fattiga riddare,"Järn, Fe",Efterrätter,0.7,mg
732,Fattiga riddare,Energi (kJ),Efterrätter,1145.0,kJ
732,Fattiga riddare,Energi (kcal),Efterrätter,273.0,kcal
732,Fattiga riddare,Disackarider,Efterrätter,11.5,g
732,Fattiga riddare,"Kalcium, Ca",Efterrätter,56.0,mg
732,Fattiga riddare,Fettsyra 4:0-10:0,Efterrätter,0.0,g
732,Fattiga riddare,DHA (C22:6),Efterrätter,0.0,g
732,Fattiga riddare,DPA (C22:5),Efterrätter,0.0,g
732,Fattiga riddare,EPA (C20:5),Efterrätter,0.0,g
732,Fattiga riddare,Arakidonsyra C20:4,Efterrätter,0.0,g
732,Fattiga riddare,Arakidinsyra C20:0,Efterrätter,0.1,g
732,Fattiga riddare,Linolensyra C18:3,Efterrätter,0.7,g
732,Fattiga riddare,Linolsyra C18:2,Efterrätter,2.5,g
732,Fattiga riddare,Oljesyra C18:1,Efterrätter,6.4,g
732,Fattiga riddare,Stearinsyra C18:0,Efterrätter,0.4,g
732,Fattiga riddare,Palmitoljesyra C16:1,Efterrätter,0.1,g
732,Fattiga riddare,Palmitinsyra C16:0,Efterrätter,1.1,g
732,Fattiga riddare,Myristinsyra C14:0,Efterrätter,0.1,g
732,Fattiga riddare,Laurinsyra C12:0,Efterrätter,0.0,g
732,Fattiga riddare,Betakaroten/β-Karoten,Efterrätter,13.0,µg
732,Fattiga riddare,Avfall (skal etc.),Efterrätter,2.0,%
732,Fattiga riddare,Aska,Efterrätter,1.1,g
732,Fattiga riddare,Alkohol,Efterrätter,0.0,g
733,Pannkaka tunn m. lättmjölk,"Zink, Zn","Pannkakor, våfflor, crêpes",0.7,mg
733,Pannkaka tunn m. lättmjölk,Vitamin E,"Pannkakor, våfflor, crêpes",2.1,mg
733,Pannkaka tunn m. lättmjölk,Vitamin D,"Pannkakor, våfflor, crêpes",1.1,µg
733,Pannkaka tunn m. lättmjölk,Vitamin C,"Pannkakor, våfflor, crêpes",0.8,mg
733,Pannkaka tunn m. lättmjölk,Vitamin B6,"Pannkakor, våfflor, crêpes",0.07,mg
733,Pannkaka tunn m. lättmjölk,Vitamin B12,"Pannkakor, våfflor, crêpes",0.54,µg
733,Pannkaka tunn m. lättmjölk,Vitamin A,"Pannkakor, våfflor, crêpes",56.2,RE/µg
733,Pannkaka tunn m. lättmjölk,Vatten,"Pannkakor, våfflor, crêpes",66.1,g
733,Pannkaka tunn m. lättmjölk,Tiamin,"Pannkakor, våfflor, crêpes",0.07,mg
733,Pannkaka tunn m. lättmjölk,Tillsatt socker,"Pannkakor, våfflor, crêpes",0.0,g
733,Pannkaka tunn m. lättmjölk,Fritt socker,"Pannkakor, våfflor, crêpes",0.0,g
733,Pannkaka tunn m. lättmjölk,"Selen, Se","Pannkakor, våfflor, crêpes",6.8,µg
733,Pannkaka tunn m. lättmjölk,Sackaros,"Pannkakor, våfflor, crêpes",0.1,g
733,Pannkaka tunn m. lättmjölk,Riboflavin,"Pannkakor, våfflor, crêpes",0.17,mg
733,Pannkaka tunn m. lättmjölk,Retinol,"Pannkakor, våfflor, crêpes",49.6,µg
733,Pannkaka tunn m. lättmjölk,Protein,"Pannkakor, våfflor, crêpes",6.7,g
733,Pannkaka tunn m. lättmjölk,Summa fleromättade fettsyror,"Pannkakor, våfflor, crêpes",1.5,g
733,Pannkaka tunn m. lättmjölk,"Fosfor, P","Pannkakor, våfflor, crêpes",171.0,mg
733,Pannkaka tunn m. lättmjölk,Niacinekvivalenter,"Pannkakor, våfflor, crêpes",1.77,NE/mg
733,Pannkaka tunn m. lättmjölk,Niacin,"Pannkakor, våfflor, crêpes",0.25,mg
733,Pannkaka tunn m. lättmjölk,"Salt, NaCl","Pannkakor, våfflor, crêpes",0.6,g
733,Pannkaka tunn m. lättmjölk,"Natrium, Na","Pannkakor, våfflor, crêpes",220.0,mg
733,Pannkaka tunn m. lättmjölk,Monosackarider,"Pannkakor, våfflor, crêpes",0.1,g
733,Pannkaka tunn m. lättmjölk,"Sockerarter, totalt","Pannkakor, våfflor, crêpes",3.8,g
733,Pannkaka tunn m. lättmjölk,Summa enkelomättade fettsyror,"Pannkakor, våfflor, crêpes",3.0,g
733,Pannkaka tunn m. lättmjölk,"Magnesium, Mg","Pannkakor, våfflor, crêpes",20.0,mg
733,Pannkaka tunn m. lättmjölk,Summa mättade fettsyror,"Pannkakor, våfflor, crêpes",1.1,g
733,Pannkaka tunn m. lättmjölk,"Kolhydrater, tillgängliga","Pannkakor, våfflor, crêpes",18.0,g
733,Pannkaka tunn m. lättmjölk,Kolesterol,"Pannkakor, våfflor, crêpes",62.3,mg
733,Pannkaka tunn m. lättmjölk,"Kalium, K","Pannkakor, våfflor, crêpes",190.0,mg
733,Pannkaka tunn m. lättmjölk,"Jod, I","Pannkakor, våfflor, crêpes",44.6,µg
733,Pannkaka tunn m. lättmjölk,Fullkorn totalt,"Pannkakor, våfflor, crêpes",7.0,g
733,Pannkaka tunn m. lättmjölk,"Folat, totalt","Pannkakor, våfflor, crêpes",19.3,µg
733,Pannkaka tunn m. lättmjölk,Fibrer,"Pannkakor, våfflor, crêpes",1.5,g
733,Pannkaka tunn m. lättmjölk,"Fett, totalt","Pannkakor, våfflor, crêpes",6.3,g
733,Pannkaka tunn m. lättmjölk,"Järn, Fe","Pannkakor, våfflor, crêpes",0.6,mg
733,Pannkaka tunn m. lättmjölk,Energi (kJ),"Pannkakor, våfflor, crêpes",667.0,kJ
733,Pannkaka tunn m. lättmjölk,Energi (kcal),"Pannkakor, våfflor, crêpes",159.0,kcal
733,Pannkaka tunn m. lättmjölk,Disackarider,"Pannkakor, våfflor, crêpes",3.7,g
733,Pannkaka tunn m. lättmjölk,"Kalcium, Ca","Pannkakor, våfflor, crêpes",107.0,mg
733,Pannkaka tunn m. lättmjölk,Fettsyra 4:0-10:0,"Pannkakor, våfflor, crêpes",0.0,g
733,Pannkaka tunn m. lättmjölk,DHA (C22:6),"Pannkakor, våfflor, crêpes",0.0,g
733,Pannkaka tunn m. lättmjölk,DPA (C22:5),"Pannkakor, våfflor, crêpes",0.0,g
733,Pannkaka tunn m. lättmjölk,EPA (C20:5),"Pannkakor, våfflor, crêpes",0.0,g
733,Pannkaka tunn m. lättmjölk,Arakidonsyra C20:4,"Pannkakor, våfflor, crêpes",0.0,g
733,Pannkaka tunn m. lättmjölk,Arakidinsyra C20:0,"Pannkakor, våfflor, crêpes",0.0,g
733,Pannkaka tunn m. lättmjölk,Linolensyra C18:3,"Pannkakor, våfflor, crêpes",0.3,g
733,Pannkaka tunn m. lättmjölk,Linolsyra C18:2,"Pannkakor, våfflor, crêpes",1.2,g
733,Pannkaka tunn m. lättmjölk,Oljesyra C18:1,"Pannkakor, våfflor, crêpes",2.9,g
733,Pannkaka tunn m. lättmjölk,Stearinsyra C18:0,"Pannkakor, våfflor, crêpes",0.2,g
733,Pannkaka tunn m. lättmjölk,Palmitoljesyra C16:1,"Pannkakor, våfflor, crêpes",0.1,g
733,Pannkaka tunn m. lättmjölk,Palmitinsyra C16:0,"Pannkakor, våfflor, crêpes",0.7,g
733,Pannkaka tunn m. lättmjölk,Myristinsyra C14:0,"Pannkakor, våfflor, crêpes",0.1,g
733,Pannkaka tunn m. lättmjölk,Laurinsyra C12:0,"Pannkakor, våfflor, crêpes",0.0,g
733,Pannkaka tunn m. lättmjölk,Betakaroten/β-Karoten,"Pannkakor, våfflor, crêpes",8.0,µg
733,Pannkaka tunn m. lättmjölk,Avfall (skal etc.),"Pannkakor, våfflor, crêpes",2.0,%
733,Pannkaka tunn m. lättmjölk,Aska,"Pannkakor, våfflor, crêpes",1.3,g
733,Pannkaka tunn m. lättmjölk,Alkohol,"Pannkakor, våfflor, crêpes",0.0,g
734,Ugnspannkaka lättmjölk,"Zink, Zn","Pannkakor, våfflor, crêpes",0.6,mg
734,Ugnspannkaka lättmjölk,Vitamin E,"Pannkakor, våfflor, crêpes",2.4,mg
734,Ugnspannkaka lättmjölk,Vitamin D,"Pannkakor, våfflor, crêpes",0.86,µg
734,Ugnspannkaka lättmjölk,Vitamin C,"Pannkakor, våfflor, crêpes",0.7,mg
734,Ugnspannkaka lättmjölk,Vitamin B6,"Pannkakor, våfflor, crêpes",0.05,mg
734,Ugnspannkaka lättmjölk,Vitamin B12,"Pannkakor, våfflor, crêpes",0.51,µg
734,Ugnspannkaka lättmjölk,Vitamin A,"Pannkakor, våfflor, crêpes",60.0,RE/µg
734,Ugnspannkaka lättmjölk,Vatten,"Pannkakor, våfflor, crêpes",69.4,g
734,Ugnspannkaka lättmjölk,Tiamin,"Pannkakor, våfflor, crêpes",0.05,mg
734,Ugnspannkaka lättmjölk,Tillsatt socker,"Pannkakor, våfflor, crêpes",0.0,g
734,Ugnspannkaka lättmjölk,Fritt socker,"Pannkakor, våfflor, crêpes",0.0,g
734,Ugnspannkaka lättmjölk,"Selen, Se","Pannkakor, våfflor, crêpes",6.7,µg
734,Ugnspannkaka lättmjölk,Sackaros,"Pannkakor, våfflor, crêpes",0.1,g
734,Ugnspannkaka lättmjölk,Riboflavin,"Pannkakor, våfflor, crêpes",0.16,mg
734,Ugnspannkaka lättmjölk,Retinol,"Pannkakor, våfflor, crêpes",52.0,µg
734,Ugnspannkaka lättmjölk,Protein,"Pannkakor, våfflor, crêpes",6.1,g
734,Ugnspannkaka lättmjölk,Summa fleromättade fettsyror,"Pannkakor, våfflor, crêpes",1.8,g
734,Ugnspannkaka lättmjölk,"Fosfor, P","Pannkakor, våfflor, crêpes",149.0,mg
734,Ugnspannkaka lättmjölk,Niacinekvivalenter,"Pannkakor, våfflor, crêpes",1.6,NE/mg
734,Ugnspannkaka lättmjölk,Niacin,"Pannkakor, våfflor, crêpes",0.21,mg
734,Ugnspannkaka lättmjölk,"Salt, NaCl","Pannkakor, våfflor, crêpes",0.5,g
734,Ugnspannkaka lättmjölk,"Natrium, Na","Pannkakor, våfflor, crêpes",201.0,mg
734,Ugnspannkaka lättmjölk,Monosackarider,"Pannkakor, våfflor, crêpes",0.1,g
734,Ugnspannkaka lättmjölk,"Sockerarter, totalt","Pannkakor, våfflor, crêpes",3.4,g
734,Ugnspannkaka lättmjölk,Summa enkelomättade fettsyror,"Pannkakor, våfflor, crêpes",3.5,g
734,Ugnspannkaka lättmjölk,"Magnesium, Mg","Pannkakor, våfflor, crêpes",15.0,mg
734,Ugnspannkaka lättmjölk,Summa mättade fettsyror,"Pannkakor, våfflor, crêpes",1.2,g
734,Ugnspannkaka lättmjölk,"Kolhydrater, tillgängliga","Pannkakor, våfflor, crêpes",15.2,g
734,Ugnspannkaka lättmjölk,Kolesterol,"Pannkakor, våfflor, crêpes",63.9,mg
734,Ugnspannkaka lättmjölk,"Kalium, K","Pannkakor, våfflor, crêpes",163.0,mg
734,Ugnspannkaka lättmjölk,"Jod, I","Pannkakor, våfflor, crêpes",40.6,µg
734,Ugnspannkaka lättmjölk,Fullkorn totalt,"Pannkakor, våfflor, crêpes",3.0,g
734,Ugnspannkaka lättmjölk,"Folat, totalt","Pannkakor, våfflor, crêpes",16.5,µg
734,Ugnspannkaka lättmjölk,Fibrer,"Pannkakor, våfflor, crêpes",0.9,g
734,Ugnspannkaka lättmjölk,"Fett, totalt","Pannkakor, våfflor, crêpes",7.2,g
734,Ugnspannkaka lättmjölk,"Järn, Fe","Pannkakor, våfflor, crêpes",0.5,mg
734,Ugnspannkaka lättmjölk,Energi (kJ),"Pannkakor, våfflor, crêpes",634.0,kJ
734,Ugnspannkaka lättmjölk,Energi (kcal),"Pannkakor, våfflor, crêpes",152.0,kcal
734,Ugnspannkaka lättmjölk,Disackarider,"Pannkakor, våfflor, crêpes",3.3,g
734,Ugnspannkaka lättmjölk,"Kalcium, Ca","Pannkakor, våfflor, crêpes",95.0,mg
734,Ugnspannkaka lättmjölk,Fettsyra 4:0-10:0,"Pannkakor, våfflor, crêpes",0.0,g
734,Ugnspannkaka lättmjölk,DHA (C22:6),"Pannkakor, våfflor, crêpes",0.0,g
734,Ugnspannkaka lättmjölk,DPA (C22:5),"Pannkakor, våfflor, crêpes",0.0,g
734,Ugnspannkaka lättmjölk,EPA (C20:5),"Pannkakor, våfflor, crêpes",0.0,g
734,Ugnspannkaka lättmjölk,Arakidonsyra C20:4,"Pannkakor, våfflor, crêpes",0.0,g
734,Ugnspannkaka lättmjölk,Arakidinsyra C20:0,"Pannkakor, våfflor, crêpes",0.0,g
734,Ugnspannkaka lättmjölk,Linolensyra C18:3,"Pannkakor, våfflor, crêpes",0.4,g
734,Ugnspannkaka lättmjölk,Linolsyra C18:2,"Pannkakor, våfflor, crêpes",1.4,g
734,Ugnspannkaka lättmjölk,Oljesyra C18:1,"Pannkakor, våfflor, crêpes",3.4,g
734,Ugnspannkaka lättmjölk,Stearinsyra C18:0,"Pannkakor, våfflor, crêpes",0.3,g
734,Ugnspannkaka lättmjölk,Palmitoljesyra C16:1,"Pannkakor, våfflor, crêpes",0.1,g
734,Ugnspannkaka lättmjölk,Palmitinsyra C16:0,"Pannkakor, våfflor, crêpes",0.8,g
734,Ugnspannkaka lättmjölk,Myristinsyra C14:0,"Pannkakor, våfflor, crêpes",0.0,g
734,Ugnspannkaka lättmjölk,Laurinsyra C12:0,"Pannkakor, våfflor, crêpes",0.0,g
734,Ugnspannkaka lättmjölk,Betakaroten/β-Karoten,"Pannkakor, våfflor, crêpes",9.0,µg
734,Ugnspannkaka lättmjölk,Avfall (skal etc.),"Pannkakor, våfflor, crêpes",2.0,%
734,Ugnspannkaka lättmjölk,Aska,"Pannkakor, våfflor, crêpes",1.2,g
734,Ugnspannkaka lättmjölk,Alkohol,"Pannkakor, våfflor, crêpes",0.0,g
735,Ugnspannkaka mellanmjölk,"Zink, Zn","Pannkakor, våfflor, crêpes",0.6,mg
735,Ugnspannkaka mellanmjölk,Vitamin E,"Pannkakor, våfflor, crêpes",2.4,mg
735,Ugnspannkaka mellanmjölk,Vitamin D,"Pannkakor, våfflor, crêpes",0.86,µg
735,Ugnspannkaka mellanmjölk,Vitamin C,"Pannkakor, våfflor, crêpes",0.7,mg
735,Ugnspannkaka mellanmjölk,Vitamin B6,"Pannkakor, våfflor, crêpes",0.05,mg
735,Ugnspannkaka mellanmjölk,Vitamin B12,"Pannkakor, våfflor, crêpes",0.51,µg
735,Ugnspannkaka mellanmjölk,Vitamin A,"Pannkakor, våfflor, crêpes",67.5,RE/µg
735,Ugnspannkaka mellanmjölk,Vatten,"Pannkakor, våfflor, crêpes",68.6,g
735,Ugnspannkaka mellanmjölk,Tiamin,"Pannkakor, våfflor, crêpes",0.05,mg
735,Ugnspannkaka mellanmjölk,Tillsatt socker,"Pannkakor, våfflor, crêpes",0.0,g
735,Ugnspannkaka mellanmjölk,Fritt socker,"Pannkakor, våfflor, crêpes",0.0,g
735,Ugnspannkaka mellanmjölk,"Selen, Se","Pannkakor, våfflor, crêpes",6.7,µg
735,Ugnspannkaka mellanmjölk,Sackaros,"Pannkakor, våfflor, crêpes",0.1,g
735,Ugnspannkaka mellanmjölk,Riboflavin,"Pannkakor, våfflor, crêpes",0.16,mg
735,Ugnspannkaka mellanmjölk,Retinol,"Pannkakor, våfflor, crêpes",59.0,µg
735,Ugnspannkaka mellanmjölk,Protein,"Pannkakor, våfflor, crêpes",6.1,g
735,Ugnspannkaka mellanmjölk,Summa fleromättade fettsyror,"Pannkakor, våfflor, crêpes",1.8,g
735,Ugnspannkaka mellanmjölk,"Fosfor, P","Pannkakor, våfflor, crêpes",148.0,mg
735,Ugnspannkaka mellanmjölk,Niacinekvivalenter,"Pannkakor, våfflor, crêpes",1.59,NE/mg
735,Ugnspannkaka mellanmjölk,Niacin,"Pannkakor, våfflor, crêpes",0.21,mg
735,Ugnspannkaka mellanmjölk,"Salt, NaCl","Pannkakor, våfflor, crêpes",0.5,g
735,Ugnspannkaka mellanmjölk,"Natrium, Na","Pannkakor, våfflor, crêpes",202.0,mg
735,Ugnspannkaka mellanmjölk,Monosackarider,"Pannkakor, våfflor, crêpes",0.1,g
735,Ugnspannkaka mellanmjölk,"Sockerarter, totalt","Pannkakor, våfflor, crêpes",3.3,g
735,Ugnspannkaka mellanmjölk,Summa enkelomättade fettsyror,"Pannkakor, våfflor, crêpes",3.7,g
735,Ugnspannkaka mellanmjölk,"Magnesium, Mg","Pannkakor, våfflor, crêpes",15.0,mg
735,Ugnspannkaka mellanmjölk,Summa mättade fettsyror,"Pannkakor, våfflor, crêpes",1.7,g
735,Ugnspannkaka mellanmjölk,"Kolhydrater, tillgängliga","Pannkakor, våfflor, crêpes",15.2,g
735,Ugnspannkaka mellanmjölk,Kolesterol,"Pannkakor, våfflor, crêpes",66.8,mg
735,Ugnspannkaka mellanmjölk,"Kalium, K","Pannkakor, våfflor, crêpes",162.0,mg
735,Ugnspannkaka mellanmjölk,"Jod, I","Pannkakor, våfflor, crêpes",40.5,µg
735,Ugnspannkaka mellanmjölk,Fullkorn totalt,"Pannkakor, våfflor, crêpes",3.0,g
735,Ugnspannkaka mellanmjölk,"Folat, totalt","Pannkakor, våfflor, crêpes",16.5,µg
735,Ugnspannkaka mellanmjölk,Fibrer,"Pannkakor, våfflor, crêpes",0.9,g
735,Ugnspannkaka mellanmjölk,"Fett, totalt","Pannkakor, våfflor, crêpes",8.0,g
735,Ugnspannkaka mellanmjölk,"Järn, Fe","Pannkakor, våfflor, crêpes",0.5,mg
735,Ugnspannkaka mellanmjölk,Energi (kJ),"Pannkakor, våfflor, crêpes",666.0,kJ
735,Ugnspannkaka mellanmjölk,Energi (kcal),"Pannkakor, våfflor, crêpes",159.0,kcal
735,Ugnspannkaka mellanmjölk,Disackarider,"Pannkakor, våfflor, crêpes",3.2,g
735,Ugnspannkaka mellanmjölk,"Kalcium, Ca","Pannkakor, våfflor, crêpes",94.0,mg
735,Ugnspannkaka mellanmjölk,Fettsyra 4:0-10:0,"Pannkakor, våfflor, crêpes",0.1,g
735,Ugnspannkaka mellanmjölk,DHA (C22:6),"Pannkakor, våfflor, crêpes",0.0,g
735,Ugnspannkaka mellanmjölk,DPA (C22:5),"Pannkakor, våfflor, crêpes",0.0,g
735,Ugnspannkaka mellanmjölk,EPA (C20:5),"Pannkakor, våfflor, crêpes",0.0,g
735,Ugnspannkaka mellanmjölk,Arakidonsyra C20:4,"Pannkakor, våfflor, crêpes",0.0,g
735,Ugnspannkaka mellanmjölk,Arakidinsyra C20:0,"Pannkakor, våfflor, crêpes",0.0,g
735,Ugnspannkaka mellanmjölk,Linolensyra C18:3,"Pannkakor, våfflor, crêpes",0.4,g
735,Ugnspannkaka mellanmjölk,Linolsyra C18:2,"Pannkakor, våfflor, crêpes",1.4,g
735,Ugnspannkaka mellanmjölk,Oljesyra C18:1,"Pannkakor, våfflor, crêpes",3.6,g
735,Ugnspannkaka mellanmjölk,Stearinsyra C18:0,"Pannkakor, våfflor, crêpes",0.3,g
735,Ugnspannkaka mellanmjölk,Palmitoljesyra C16:1,"Pannkakor, våfflor, crêpes",0.1,g
735,Ugnspannkaka mellanmjölk,Palmitinsyra C16:0,"Pannkakor, våfflor, crêpes",1.0,g
735,Ugnspannkaka mellanmjölk,Myristinsyra C14:0,"Pannkakor, våfflor, crêpes",0.1,g
735,Ugnspannkaka mellanmjölk,Laurinsyra C12:0,"Pannkakor, våfflor, crêpes",0.0,g
735,Ugnspannkaka mellanmjölk,Betakaroten/β-Karoten,"Pannkakor, våfflor, crêpes",14.0,µg
735,Ugnspannkaka mellanmjölk,Avfall (skal etc.),"Pannkakor, våfflor, crêpes",2.0,%
735,Ugnspannkaka mellanmjölk,Aska,"Pannkakor, våfflor, crêpes",1.1,g
735,Ugnspannkaka mellanmjölk,Alkohol,"Pannkakor, våfflor, crêpes",0.0,g
736,Våffla m. ägg,"Zink, Zn","Pannkakor, våfflor, crêpes",0.5,mg
736,Våffla m. ägg,Vitamin E,"Pannkakor, våfflor, crêpes",1.0,mg
736,Våffla m. ägg,Vitamin D,"Pannkakor, våfflor, crêpes",0.71,µg
736,Våffla m. ägg,Vitamin C,"Pannkakor, våfflor, crêpes",0.9,mg
736,Våffla m. ägg,Vitamin B6,"Pannkakor, våfflor, crêpes",0.05,mg
736,Våffla m. ägg,Vitamin B12,"Pannkakor, våfflor, crêpes",0.35,µg
736,Våffla m. ägg,Vitamin A,"Pannkakor, våfflor, crêpes",136.0,RE/µg
736,Våffla m. ägg,Vatten,"Pannkakor, våfflor, crêpes",56.1,g
736,Våffla m. ägg,Tiamin,"Pannkakor, våfflor, crêpes",0.06,mg
736,Våffla m. ägg,Tillsatt socker,"Pannkakor, våfflor, crêpes",0.0,g
736,Våffla m. ägg,Fritt socker,"Pannkakor, våfflor, crêpes",0.0,g
736,Våffla m. ägg,"Selen, Se","Pannkakor, våfflor, crêpes",5.6,µg
736,Våffla m. ägg,Sackaros,"Pannkakor, våfflor, crêpes",0.1,g
736,Våffla m. ägg,Riboflavin,"Pannkakor, våfflor, crêpes",0.11,mg
736,Våffla m. ägg,Retinol,"Pannkakor, våfflor, crêpes",130.0,µg
736,Våffla m. ägg,Protein,"Pannkakor, våfflor, crêpes",5.2,g
736,Våffla m. ägg,Summa fleromättade fettsyror,"Pannkakor, våfflor, crêpes",0.9,g
736,Våffla m. ägg,"Fosfor, P","Pannkakor, våfflor, crêpes",171.0,mg
736,Våffla m. ägg,Niacinekvivalenter,"Pannkakor, våfflor, crêpes",1.38,NE/mg
736,Våffla m. ägg,Niacin,"Pannkakor, våfflor, crêpes",0.26,mg
736,Våffla m. ägg,"Salt, NaCl","Pannkakor, våfflor, crêpes",0.7,g
736,Våffla m. ägg,"Natrium, Na","Pannkakor, våfflor, crêpes",292.0,mg
736,Våffla m. ägg,Monosackarider,"Pannkakor, våfflor, crêpes",0.1,g
736,Våffla m. ägg,"Sockerarter, totalt","Pannkakor, våfflor, crêpes",2.9,g
736,Våffla m. ägg,Summa enkelomättade fettsyror,"Pannkakor, våfflor, crêpes",3.9,g
736,Våffla m. ägg,"Magnesium, Mg","Pannkakor, våfflor, crêpes",12.0,mg
736,Våffla m. ägg,Summa mättade fettsyror,"Pannkakor, våfflor, crêpes",10.2,g
736,Våffla m. ägg,"Kolhydrater, tillgängliga","Pannkakor, våfflor, crêpes",20.2,g
736,Våffla m. ägg,Kolesterol,"Pannkakor, våfflor, crêpes",81.1,mg
736,Våffla m. ägg,"Kalium, K","Pannkakor, våfflor, crêpes",137.0,mg
736,Våffla m. ägg,"Jod, I","Pannkakor, våfflor, crêpes",34.5,µg
736,Våffla m. ägg,Fullkorn totalt,"Pannkakor, våfflor, crêpes",0.0,g
736,Våffla m. ägg,"Folat, totalt","Pannkakor, våfflor, crêpes",13.3,µg
736,Våffla m. ägg,Fibrer,"Pannkakor, våfflor, crêpes",0.9,g
736,Våffla m. ägg,"Fett, totalt","Pannkakor, våfflor, crêpes",16.1,g
736,Våffla m. ägg,"Järn, Fe","Pannkakor, våfflor, crêpes",0.4,mg
736,Våffla m. ägg,Energi (kJ),"Pannkakor, våfflor, crêpes",1037.0,kJ
736,Våffla m. ägg,Energi (kcal),"Pannkakor, våfflor, crêpes",248.0,kcal
736,Våffla m. ägg,Disackarider,"Pannkakor, våfflor, crêpes",2.9,g
736,Våffla m. ägg,"Kalcium, Ca","Pannkakor, våfflor, crêpes",112.0,mg
736,Våffla m. ägg,Fettsyra 4:0-10:0,"Pannkakor, våfflor, crêpes",1.5,g
736,Våffla m. ägg,DHA (C22:6),"Pannkakor, våfflor, crêpes",0.0,g
736,Våffla m. ägg,DPA (C22:5),"Pannkakor, våfflor, crêpes",0.0,g
736,Våffla m. ägg,EPA (C20:5),"Pannkakor, våfflor, crêpes",0.0,g
736,Våffla m. ägg,Arakidonsyra C20:4,"Pannkakor, våfflor, crêpes",0.0,g
736,Våffla m. ägg,Arakidinsyra C20:0,"Pannkakor, våfflor, crêpes",0.0,g
736,Våffla m. ägg,Linolensyra C18:3,"Pannkakor, våfflor, crêpes",0.1,g
736,Våffla m. ägg,Linolsyra C18:2,"Pannkakor, våfflor, crêpes",0.7,g
736,Våffla m. ägg,Oljesyra C18:1,"Pannkakor, våfflor, crêpes",3.4,g
736,Våffla m. ägg,Stearinsyra C18:0,"Pannkakor, våfflor, crêpes",1.4,g
736,Våffla m. ägg,Palmitoljesyra C16:1,"Pannkakor, våfflor, crêpes",0.3,g
736,Våffla m. ägg,Palmitinsyra C16:0,"Pannkakor, våfflor, crêpes",4.7,g
736,Våffla m. ägg,Myristinsyra C14:0,"Pannkakor, våfflor, crêpes",1.6,g
736,Våffla m. ägg,Laurinsyra C12:0,"Pannkakor, våfflor, crêpes",0.5,g
736,Våffla m. ägg,Betakaroten/β-Karoten,"Pannkakor, våfflor, crêpes",71.0,µg
736,Våffla m. ägg,Avfall (skal etc.),"Pannkakor, våfflor, crêpes",1.0,%
736,Våffla m. ägg,Aska,"Pannkakor, våfflor, crêpes",1.3,g
736,Våffla m. ägg,Alkohol,"Pannkakor, våfflor, crêpes",0.0,g
737,Våffla u. ägg,"Zink, Zn","Pannkakor, våfflor, crêpes",0.3,mg
737,Våffla u. ägg,Vitamin E,"Pannkakor, våfflor, crêpes",1.3,mg
737,Våffla u. ägg,Vitamin D,"Pannkakor, våfflor, crêpes",0.93,µg
737,Våffla u. ägg,Vitamin C,"Pannkakor, våfflor, crêpes",0.8,mg
737,Våffla u. ägg,Vitamin B6,"Pannkakor, våfflor, crêpes",0.03,mg
737,Våffla u. ägg,Vitamin B12,"Pannkakor, våfflor, crêpes",0.15,µg
737,Våffla u. ägg,Vitamin A,"Pannkakor, våfflor, crêpes",225.2,RE/µg
737,Våffla u. ägg,Vatten,"Pannkakor, våfflor, crêpes",48.9,g
737,Våffla u. ägg,Tiamin,"Pannkakor, våfflor, crêpes",0.05,mg
737,Våffla u. ägg,Tillsatt socker,"Pannkakor, våfflor, crêpes",0.0,g
737,Våffla u. ägg,Fritt socker,"Pannkakor, våfflor, crêpes",0.0,g
737,Våffla u. ägg,"Selen, Se","Pannkakor, våfflor, crêpes",3.4,µg
737,Våffla u. ägg,Sackaros,"Pannkakor, våfflor, crêpes",0.1,g
737,Våffla u. ägg,Riboflavin,"Pannkakor, våfflor, crêpes",0.05,mg
737,Våffla u. ägg,Retinol,"Pannkakor, våfflor, crêpes",210.8,µg
737,Våffla u. ägg,Protein,"Pannkakor, våfflor, crêpes",3.3,g
737,Våffla u. ägg,Summa fleromättade fettsyror,"Pannkakor, våfflor, crêpes",1.6,g
737,Våffla u. ägg,"Fosfor, P","Pannkakor, våfflor, crêpes",60.0,mg
737,Våffla u. ägg,Niacinekvivalenter,"Pannkakor, våfflor, crêpes",0.87,NE/mg
737,Våffla u. ägg,Niacin,"Pannkakor, våfflor, crêpes",0.26,mg
737,Våffla u. ägg,"Salt, NaCl","Pannkakor, våfflor, crêpes",0.1,g
737,Våffla u. ägg,"Natrium, Na","Pannkakor, våfflor, crêpes",53.0,mg
737,Våffla u. ägg,Monosackarider,"Pannkakor, våfflor, crêpes",0.0,g
737,Våffla u. ägg,"Sockerarter, totalt","Pannkakor, våfflor, crêpes",1.7,g
737,Våffla u. ägg,Summa enkelomättade fettsyror,"Pannkakor, våfflor, crêpes",6.8,g
737,Våffla u. ägg,"Magnesium, Mg","Pannkakor, våfflor, crêpes",9.0,mg
737,Våffla u. ägg,Summa mättade fettsyror,"Pannkakor, våfflor, crêpes",14.6,g
737,Våffla u. ägg,"Kolhydrater, tillgängliga","Pannkakor, våfflor, crêpes",21.4,g
737,Våffla u. ägg,Kolesterol,"Pannkakor, våfflor, crêpes",56.9,mg
737,Våffla u. ägg,"Kalium, K","Pannkakor, våfflor, crêpes",92.0,mg
737,Våffla u. ägg,"Jod, I","Pannkakor, våfflor, crêpes",7.3,µg
737,Våffla u. ägg,Fullkorn totalt,"Pannkakor, våfflor, crêpes",0.0,g
737,Våffla u. ägg,"Folat, totalt","Pannkakor, våfflor, crêpes",7.7,µg
737,Våffla u. ägg,Fibrer,"Pannkakor, våfflor, crêpes",1.0,g
737,Våffla u. ägg,"Fett, totalt","Pannkakor, våfflor, crêpes",24.8,g
737,Våffla u. ägg,"Järn, Fe","Pannkakor, våfflor, crêpes",0.2,mg
737,Våffla u. ägg,Energi (kJ),"Pannkakor, våfflor, crêpes",1348.0,kJ
737,Våffla u. ägg,Energi (kcal),"Pannkakor, våfflor, crêpes",322.0,kcal
737,Våffla u. ägg,Disackarider,"Pannkakor, våfflor, crêpes",1.7,g
737,Våffla u. ägg,"Kalcium, Ca","Pannkakor, våfflor, crêpes",41.0,mg
737,Våffla u. ägg,Fettsyra 4:0-10:0,"Pannkakor, våfflor, crêpes",1.5,g
737,Våffla u. ägg,DHA (C22:6),"Pannkakor, våfflor, crêpes",0.0,g
737,Våffla u. ägg,DPA (C22:5),"Pannkakor, våfflor, crêpes",0.0,g
737,Våffla u. ägg,EPA (C20:5),"Pannkakor, våfflor, crêpes",0.0,g
737,Våffla u. ägg,Arakidonsyra C20:4,"Pannkakor, våfflor, crêpes",0.0,g
737,Våffla u. ägg,Arakidinsyra C20:0,"Pannkakor, våfflor, crêpes",0.0,g
737,Våffla u. ägg,Linolensyra C18:3,"Pannkakor, våfflor, crêpes",0.4,g
737,Våffla u. ägg,Linolsyra C18:2,"Pannkakor, våfflor, crêpes",1.1,g
737,Våffla u. ägg,Oljesyra C18:1,"Pannkakor, våfflor, crêpes",6.2,g
737,Våffla u. ägg,Stearinsyra C18:0,"Pannkakor, våfflor, crêpes",2.2,g
737,Våffla u. ägg,Palmitoljesyra C16:1,"Pannkakor, våfflor, crêpes",0.4,g
737,Våffla u. ägg,Palmitinsyra C16:0,"Pannkakor, våfflor, crêpes",7.5,g
737,Våffla u. ägg,Myristinsyra C14:0,"Pannkakor, våfflor, crêpes",2.1,g
737,Våffla u. ägg,Laurinsyra C12:0,"Pannkakor, våfflor, crêpes",0.8,g
737,Våffla u. ägg,Betakaroten/β-Karoten,"Pannkakor, våfflor, crêpes",172.0,µg
737,Våffla u. ägg,Avfall (skal etc.),"Pannkakor, våfflor, crêpes",0.0,%
737,Våffla u. ägg,Aska,"Pannkakor, våfflor, crêpes",0.5,g
737,Våffla u. ägg,Alkohol,"Pannkakor, våfflor, crêpes",0.0,g
739,Fläskpannkaka,"Zink, Zn","Pannkakor, våfflor, crêpes",1.3,mg
739,Fläskpannkaka,Vitamin E,"Pannkakor, våfflor, crêpes",1.1,mg
739,Fläskpannkaka,Vitamin D,"Pannkakor, våfflor, crêpes",0.69,µg
739,Fläskpannkaka,Vitamin C,"Pannkakor, våfflor, crêpes",0.6,mg
739,Fläskpannkaka,Vitamin B6,"Pannkakor, våfflor, crêpes",0.1,mg
739,Fläskpannkaka,Vitamin B12,"Pannkakor, våfflor, crêpes",0.49,µg
739,Fläskpannkaka,Vitamin A,"Pannkakor, våfflor, crêpes",65.1,RE/µg
739,Fläskpannkaka,Vatten,"Pannkakor, våfflor, crêpes",63.2,g
739,Fläskpannkaka,Tiamin,"Pannkakor, våfflor, crêpes",0.11,mg
739,Fläskpannkaka,Tillsatt socker,"Pannkakor, våfflor, crêpes",0.0,g
739,Fläskpannkaka,Fritt socker,"Pannkakor, våfflor, crêpes",0.0,g
739,Fläskpannkaka,"Selen, Se","Pannkakor, våfflor, crêpes",7.4,µg
739,Fläskpannkaka,Sackaros,"Pannkakor, våfflor, crêpes",0.1,g
739,Fläskpannkaka,Riboflavin,"Pannkakor, våfflor, crêpes",0.15,mg
739,Fläskpannkaka,Retinol,"Pannkakor, våfflor, crêpes",63.6,µg
739,Fläskpannkaka,Protein,"Pannkakor, våfflor, crêpes",7.6,g
739,Fläskpannkaka,Summa fleromättade fettsyror,"Pannkakor, våfflor, crêpes",1.3,g
739,Fläskpannkaka,"Fosfor, P","Pannkakor, våfflor, crêpes",165.0,mg
739,Fläskpannkaka,Niacinekvivalenter,"Pannkakor, våfflor, crêpes",2.28,NE/mg
739,Fläskpannkaka,Niacin,"Pannkakor, våfflor, crêpes",0.66,mg
739,Fläskpannkaka,"Salt, NaCl","Pannkakor, våfflor, crêpes",1.0,g
739,Fläskpannkaka,"Natrium, Na","Pannkakor, våfflor, crêpes",409.0,mg
739,Fläskpannkaka,Monosackarider,"Pannkakor, våfflor, crêpes",0.1,g
739,Fläskpannkaka,"Sockerarter, totalt","Pannkakor, våfflor, crêpes",2.7,g
739,Fläskpannkaka,Summa enkelomättade fettsyror,"Pannkakor, våfflor, crêpes",4.3,g
739,Fläskpannkaka,"Magnesium, Mg","Pannkakor, våfflor, crêpes",16.0,mg
739,Fläskpannkaka,Summa mättade fettsyror,"Pannkakor, våfflor, crêpes",5.6,g
739,Fläskpannkaka,"Kolhydrater, tillgängliga","Pannkakor, våfflor, crêpes",14.5,g
739,Fläskpannkaka,Kolesterol,"Pannkakor, våfflor, crêpes",80.6,mg
739,Fläskpannkaka,"Kalium, K","Pannkakor, våfflor, crêpes",163.0,mg
739,Fläskpannkaka,"Jod, I","Pannkakor, våfflor, crêpes",32.5,µg
739,Fläskpannkaka,Fullkorn totalt,"Pannkakor, våfflor, crêpes",2.0,g
739,Fläskpannkaka,"Folat, totalt","Pannkakor, våfflor, crêpes",14.8,µg
739,Fläskpannkaka,Fibrer,"Pannkakor, våfflor, crêpes",0.9,g
739,Fläskpannkaka,"Fett, totalt","Pannkakor, våfflor, crêpes",12.1,g
739,Fläskpannkaka,"Järn, Fe","Pannkakor, våfflor, crêpes",0.6,mg
739,Fläskpannkaka,Energi (kJ),"Pannkakor, våfflor, crêpes",830.0,kJ
739,Fläskpannkaka,Energi (kcal),"Pannkakor, våfflor, crêpes",198.0,kcal
739,Fläskpannkaka,Disackarider,"Pannkakor, våfflor, crêpes",2.6,g
739,Fläskpannkaka,"Kalcium, Ca","Pannkakor, våfflor, crêpes",76.0,mg
739,Fläskpannkaka,Fettsyra 4:0-10:0,"Pannkakor, våfflor, crêpes",0.3,g
739,Fläskpannkaka,DHA (C22:6),"Pannkakor, våfflor, crêpes",0.0,g
739,Fläskpannkaka,DPA (C22:5),"Pannkakor, våfflor, crêpes",0.0,g
739,Fläskpannkaka,EPA (C20:5),"Pannkakor, våfflor, crêpes",0.0,g
739,Fläskpannkaka,Arakidonsyra C20:4,"Pannkakor, våfflor, crêpes",0.0,g
739,Fläskpannkaka,Arakidinsyra C20:0,"Pannkakor, våfflor, crêpes",0.0,g
739,Fläskpannkaka,Linolensyra C18:3,"Pannkakor, våfflor, crêpes",0.1,g
739,Fläskpannkaka,Linolsyra C18:2,"Pannkakor, våfflor, crêpes",1.0,g
739,Fläskpannkaka,Oljesyra C18:1,"Pannkakor, våfflor, crêpes",3.8,g
739,Fläskpannkaka,Stearinsyra C18:0,"Pannkakor, våfflor, crêpes",1.5,g
739,Fläskpannkaka,Palmitoljesyra C16:1,"Pannkakor, våfflor, crêpes",0.3,g
739,Fläskpannkaka,Palmitinsyra C16:0,"Pannkakor, våfflor, crêpes",3.1,g
739,Fläskpannkaka,Myristinsyra C14:0,"Pannkakor, våfflor, crêpes",0.5,g
739,Fläskpannkaka,Laurinsyra C12:0,"Pannkakor, våfflor, crêpes",0.1,g
739,Fläskpannkaka,Betakaroten/β-Karoten,"Pannkakor, våfflor, crêpes",17.0,µg
739,Fläskpannkaka,Avfall (skal etc.),"Pannkakor, våfflor, crêpes",2.0,%
739,Fläskpannkaka,Aska,"Pannkakor, våfflor, crêpes",1.6,g
739,Fläskpannkaka,Alkohol,"Pannkakor, våfflor, crêpes",0.0,g
740,Räkcrêpe m. mellanmjölk vispgrädde fyllning 44% hemlagad,"Zink, Zn","Pannkakor, våfflor, crêpes",1.0,mg
740,Räkcrêpe m. mellanmjölk vispgrädde fyllning 44% hemlagad,Vitamin E,"Pannkakor, våfflor, crêpes",1.9,mg
740,Räkcrêpe m. mellanmjölk vispgrädde fyllning 44% hemlagad,Vitamin D,"Pannkakor, våfflor, crêpes",0.74,µg
740,Räkcrêpe m. mellanmjölk vispgrädde fyllning 44% hemlagad,Vitamin C,"Pannkakor, våfflor, crêpes",0.1,mg
740,Räkcrêpe m. mellanmjölk vispgrädde fyllning 44% hemlagad,Vitamin B6,"Pannkakor, våfflor, crêpes",0.06,mg
740,Räkcrêpe m. mellanmjölk vispgrädde fyllning 44% hemlagad,Vitamin B12,"Pannkakor, våfflor, crêpes",0.66,µg
740,Räkcrêpe m. mellanmjölk vispgrädde fyllning 44% hemlagad,Vitamin A,"Pannkakor, våfflor, crêpes",68.4,RE/µg
740,Räkcrêpe m. mellanmjölk vispgrädde fyllning 44% hemlagad,Vatten,"Pannkakor, våfflor, crêpes",71.0,g
740,Räkcrêpe m. mellanmjölk vispgrädde fyllning 44% hemlagad,Tiamin,"Pannkakor, våfflor, crêpes",0.07,mg
740,Räkcrêpe m. mellanmjölk vispgrädde fyllning 44% hemlagad,Tillsatt socker,"Pannkakor, våfflor, crêpes",0.0,g
740,Räkcrêpe m. mellanmjölk vispgrädde fyllning 44% hemlagad,Fritt socker,"Pannkakor, våfflor, crêpes",0.0,g
740,Räkcrêpe m. mellanmjölk vispgrädde fyllning 44% hemlagad,"Selen, Se","Pannkakor, våfflor, crêpes",8.0,µg
740,Räkcrêpe m. mellanmjölk vispgrädde fyllning 44% hemlagad,Sackaros,"Pannkakor, våfflor, crêpes",0.0,g
740,Räkcrêpe m. mellanmjölk vispgrädde fyllning 44% hemlagad,Riboflavin,"Pannkakor, våfflor, crêpes",0.18,mg
740,Räkcrêpe m. mellanmjölk vispgrädde fyllning 44% hemlagad,Retinol,"Pannkakor, våfflor, crêpes",67.6,µg
740,Räkcrêpe m. mellanmjölk vispgrädde fyllning 44% hemlagad,Protein,"Pannkakor, våfflor, crêpes",8.0,g
740,Räkcrêpe m. mellanmjölk vispgrädde fyllning 44% hemlagad,Summa fleromättade fettsyror,"Pannkakor, våfflor, crêpes",1.0,g
740,Räkcrêpe m. mellanmjölk vispgrädde fyllning 44% hemlagad,"Fosfor, P","Pannkakor, våfflor, crêpes",120.0,mg
740,Räkcrêpe m. mellanmjölk vispgrädde fyllning 44% hemlagad,Niacinekvivalenter,"Pannkakor, våfflor, crêpes",2.43,NE/mg
740,Räkcrêpe m. mellanmjölk vispgrädde fyllning 44% hemlagad,Niacin,"Pannkakor, våfflor, crêpes",0.43,mg
740,Räkcrêpe m. mellanmjölk vispgrädde fyllning 44% hemlagad,"Salt, NaCl","Pannkakor, våfflor, crêpes",0.9,g
740,Räkcrêpe m. mellanmjölk vispgrädde fyllning 44% hemlagad,"Natrium, Na","Pannkakor, våfflor, crêpes",347.0,mg
740,Räkcrêpe m. mellanmjölk vispgrädde fyllning 44% hemlagad,Monosackarider,"Pannkakor, våfflor, crêpes",0.0,g
740,Räkcrêpe m. mellanmjölk vispgrädde fyllning 44% hemlagad,"Sockerarter, totalt","Pannkakor, våfflor, crêpes",2.4,g
740,Räkcrêpe m. mellanmjölk vispgrädde fyllning 44% hemlagad,Summa enkelomättade fettsyror,"Pannkakor, våfflor, crêpes",2.7,g
740,Räkcrêpe m. mellanmjölk vispgrädde fyllning 44% hemlagad,"Magnesium, Mg","Pannkakor, våfflor, crêpes",19.0,mg
740,Räkcrêpe m. mellanmjölk vispgrädde fyllning 44% hemlagad,Summa mättade fettsyror,"Pannkakor, våfflor, crêpes",3.8,g
740,Räkcrêpe m. mellanmjölk vispgrädde fyllning 44% hemlagad,"Kolhydrater, tillgängliga","Pannkakor, våfflor, crêpes",11.3,g
740,Räkcrêpe m. mellanmjölk vispgrädde fyllning 44% hemlagad,Kolesterol,"Pannkakor, våfflor, crêpes",118.0,mg
740,Räkcrêpe m. mellanmjölk vispgrädde fyllning 44% hemlagad,"Kalium, K","Pannkakor, våfflor, crêpes",143.0,mg
740,Räkcrêpe m. mellanmjölk vispgrädde fyllning 44% hemlagad,Fullkorn totalt,"Pannkakor, våfflor, crêpes",0.0,g
740,Räkcrêpe m. mellanmjölk vispgrädde fyllning 44% hemlagad,"Folat, totalt","Pannkakor, våfflor, crêpes",23.3,µg
740,Räkcrêpe m. mellanmjölk vispgrädde fyllning 44% hemlagad,Fibrer,"Pannkakor, våfflor, crêpes",0.5,g
740,Räkcrêpe m. mellanmjölk vispgrädde fyllning 44% hemlagad,"Fett, totalt","Pannkakor, våfflor, crêpes",7.8,g
740,Räkcrêpe m. mellanmjölk vispgrädde fyllning 44% hemlagad,"Järn, Fe","Pannkakor, våfflor, crêpes",0.5,mg
740,Räkcrêpe m. mellanmjölk vispgrädde fyllning 44% hemlagad,Energi (kJ),"Pannkakor, våfflor, crêpes",622.0,kJ
740,Räkcrêpe m. mellanmjölk vispgrädde fyllning 44% hemlagad,Energi (kcal),"Pannkakor, våfflor, crêpes",149.0,kcal
740,Räkcrêpe m. mellanmjölk vispgrädde fyllning 44% hemlagad,Disackarider,"Pannkakor, våfflor, crêpes",2.4,g
740,Räkcrêpe m. mellanmjölk vispgrädde fyllning 44% hemlagad,"Kalcium, Ca","Pannkakor, våfflor, crêpes",88.0,mg
740,Räkcrêpe m. mellanmjölk vispgrädde fyllning 44% hemlagad,Fettsyra 4:0-10:0,"Pannkakor, våfflor, crêpes",0.3,g
740,Räkcrêpe m. mellanmjölk vispgrädde fyllning 44% hemlagad,DHA (C22:6),"Pannkakor, våfflor, crêpes",0.0,g
740,Räkcrêpe m. mellanmjölk vispgrädde fyllning 44% hemlagad,DPA (C22:5),"Pannkakor, våfflor, crêpes",0.0,g
740,Räkcrêpe m. mellanmjölk vispgrädde fyllning 44% hemlagad,EPA (C20:5),"Pannkakor, våfflor, crêpes",0.0,g
740,Räkcrêpe m. mellanmjölk vispgrädde fyllning 44% hemlagad,Arakidonsyra C20:4,"Pannkakor, våfflor, crêpes",0.0,g
740,Räkcrêpe m. mellanmjölk vispgrädde fyllning 44% hemlagad,Arakidinsyra C20:0,"Pannkakor, våfflor, crêpes",0.0,g
740,Räkcrêpe m. mellanmjölk vispgrädde fyllning 44% hemlagad,Linolensyra C18:3,"Pannkakor, våfflor, crêpes",0.1,g
740,Räkcrêpe m. mellanmjölk vispgrädde fyllning 44% hemlagad,Linolsyra C18:2,"Pannkakor, våfflor, crêpes",0.8,g
740,Räkcrêpe m. mellanmjölk vispgrädde fyllning 44% hemlagad,Oljesyra C18:1,"Pannkakor, våfflor, crêpes",2.5,g
740,Räkcrêpe m. mellanmjölk vispgrädde fyllning 44% hemlagad,Stearinsyra C18:0,"Pannkakor, våfflor, crêpes",0.6,g
740,Räkcrêpe m. mellanmjölk vispgrädde fyllning 44% hemlagad,Palmitoljesyra C16:1,"Pannkakor, våfflor, crêpes",0.1,g
740,Räkcrêpe m. mellanmjölk vispgrädde fyllning 44% hemlagad,Palmitinsyra C16:0,"Pannkakor, våfflor, crêpes",2.1,g
740,Räkcrêpe m. mellanmjölk vispgrädde fyllning 44% hemlagad,Myristinsyra C14:0,"Pannkakor, våfflor, crêpes",0.4,g
740,Räkcrêpe m. mellanmjölk vispgrädde fyllning 44% hemlagad,Laurinsyra C12:0,"Pannkakor, våfflor, crêpes",0.2,g
740,Räkcrêpe m. mellanmjölk vispgrädde fyllning 44% hemlagad,Betakaroten/β-Karoten,"Pannkakor, våfflor, crêpes",10.0,µg
740,Räkcrêpe m. mellanmjölk vispgrädde fyllning 44% hemlagad,Avfall (skal etc.),"Pannkakor, våfflor, crêpes",0.0,%
740,Räkcrêpe m. mellanmjölk vispgrädde fyllning 44% hemlagad,Aska,"Pannkakor, våfflor, crêpes",1.4,g
740,Räkcrêpe m. mellanmjölk vispgrädde fyllning 44% hemlagad,Alkohol,"Pannkakor, våfflor, crêpes",0.0,g
741,Räkcrêpe värmd fyllning 37% frysvara,"Zink, Zn","Pannkakor, våfflor, crêpes",0.7,mg
741,Räkcrêpe värmd fyllning 37% frysvara,Vitamin E,"Pannkakor, våfflor, crêpes",1.8,mg
741,Räkcrêpe värmd fyllning 37% frysvara,Vitamin D,"Pannkakor, våfflor, crêpes",0.42,µg
741,Räkcrêpe värmd fyllning 37% frysvara,Vitamin C,"Pannkakor, våfflor, crêpes",0.1,mg
741,Räkcrêpe värmd fyllning 37% frysvara,Vitamin B6,"Pannkakor, våfflor, crêpes",0.06,mg
741,Räkcrêpe värmd fyllning 37% frysvara,Vitamin B12,"Pannkakor, våfflor, crêpes",0.31,µg
741,Räkcrêpe värmd fyllning 37% frysvara,Vitamin A,"Pannkakor, våfflor, crêpes",68.7,RE/µg
741,Räkcrêpe värmd fyllning 37% frysvara,Vatten,"Pannkakor, våfflor, crêpes",64.5,g
741,Räkcrêpe värmd fyllning 37% frysvara,Tiamin,"Pannkakor, våfflor, crêpes",0.06,mg
741,Räkcrêpe värmd fyllning 37% frysvara,Tillsatt socker,"Pannkakor, våfflor, crêpes",3.0,g
741,Räkcrêpe värmd fyllning 37% frysvara,Fritt socker,"Pannkakor, våfflor, crêpes",3.0,g
741,Räkcrêpe värmd fyllning 37% frysvara,"Selen, Se","Pannkakor, våfflor, crêpes",6.4,µg
741,Räkcrêpe värmd fyllning 37% frysvara,Sackaros,"Pannkakor, våfflor, crêpes",0.0,g
741,Räkcrêpe värmd fyllning 37% frysvara,Riboflavin,"Pannkakor, våfflor, crêpes",0.12,mg
741,Räkcrêpe värmd fyllning 37% frysvara,Retinol,"Pannkakor, våfflor, crêpes",68.0,µg
741,Räkcrêpe värmd fyllning 37% frysvara,Protein,"Pannkakor, våfflor, crêpes",6.5,g
741,Räkcrêpe värmd fyllning 37% frysvara,Summa fleromättade fettsyror,"Pannkakor, våfflor, crêpes",1.7,g
741,Räkcrêpe värmd fyllning 37% frysvara,"Fosfor, P","Pannkakor, våfflor, crêpes",92.0,mg
741,Räkcrêpe värmd fyllning 37% frysvara,Niacinekvivalenter,"Pannkakor, våfflor, crêpes",2.01,NE/mg
741,Räkcrêpe värmd fyllning 37% frysvara,Niacin,"Pannkakor, våfflor, crêpes",0.38,mg
741,Räkcrêpe värmd fyllning 37% frysvara,"Salt, NaCl","Pannkakor, våfflor, crêpes",1.1,g
741,Räkcrêpe värmd fyllning 37% frysvara,"Natrium, Na","Pannkakor, våfflor, crêpes",453.0,mg
741,Räkcrêpe värmd fyllning 37% frysvara,Monosackarider,"Pannkakor, våfflor, crêpes",0.2,g
741,Räkcrêpe värmd fyllning 37% frysvara,"Sockerarter, totalt","Pannkakor, våfflor, crêpes",2.8,g
741,Räkcrêpe värmd fyllning 37% frysvara,Summa enkelomättade fettsyror,"Pannkakor, våfflor, crêpes",3.6,g
741,Räkcrêpe värmd fyllning 37% frysvara,"Magnesium, Mg","Pannkakor, våfflor, crêpes",19.0,mg
741,Räkcrêpe värmd fyllning 37% frysvara,Summa mättade fettsyror,"Pannkakor, våfflor, crêpes",2.2,g
741,Räkcrêpe värmd fyllning 37% frysvara,"Kolhydrater, tillgängliga","Pannkakor, våfflor, crêpes",18.9,g
741,Räkcrêpe värmd fyllning 37% frysvara,Kolesterol,"Pannkakor, våfflor, crêpes",106.0,mg
741,Räkcrêpe värmd fyllning 37% frysvara,"Kalium, K","Pannkakor, våfflor, crêpes",140.0,mg
741,Räkcrêpe värmd fyllning 37% frysvara,Fullkorn totalt,"Pannkakor, våfflor, crêpes",0.0,g
741,Räkcrêpe värmd fyllning 37% frysvara,"Folat, totalt","Pannkakor, våfflor, crêpes",18.0,µg
741,Räkcrêpe värmd fyllning 37% frysvara,Fibrer,"Pannkakor, våfflor, crêpes",0.6,g
741,Räkcrêpe värmd fyllning 37% frysvara,"Fett, totalt","Pannkakor, våfflor, crêpes",8.0,g
741,Räkcrêpe värmd fyllning 37% frysvara,"Järn, Fe","Pannkakor, våfflor, crêpes",0.4,mg
741,Räkcrêpe värmd fyllning 37% frysvara,Energi (kJ),"Pannkakor, våfflor, crêpes",731.0,kJ
741,Räkcrêpe värmd fyllning 37% frysvara,Energi (kcal),"Pannkakor, våfflor, crêpes",175.0,kcal
741,Räkcrêpe värmd fyllning 37% frysvara,Disackarider,"Pannkakor, våfflor, crêpes",2.6,g
741,Räkcrêpe värmd fyllning 37% frysvara,"Kalcium, Ca","Pannkakor, våfflor, crêpes",68.0,mg
741,Räkcrêpe värmd fyllning 37% frysvara,Fettsyra 4:0-10:0,"Pannkakor, våfflor, crêpes",0.1,g
741,Räkcrêpe värmd fyllning 37% frysvara,DHA (C22:6),"Pannkakor, våfflor, crêpes",0.0,g
741,Räkcrêpe värmd fyllning 37% frysvara,DPA (C22:5),"Pannkakor, våfflor, crêpes",0.0,g
741,Räkcrêpe värmd fyllning 37% frysvara,EPA (C20:5),"Pannkakor, våfflor, crêpes",0.0,g
741,Räkcrêpe värmd fyllning 37% frysvara,Arakidonsyra C20:4,"Pannkakor, våfflor, crêpes",0.0,g
741,Räkcrêpe värmd fyllning 37% frysvara,Arakidinsyra C20:0,"Pannkakor, våfflor, crêpes",0.0,g
741,Räkcrêpe värmd fyllning 37% frysvara,Linolensyra C18:3,"Pannkakor, våfflor, crêpes",0.4,g
741,Räkcrêpe värmd fyllning 37% frysvara,Linolsyra C18:2,"Pannkakor, våfflor, crêpes",1.2,g
741,Räkcrêpe värmd fyllning 37% frysvara,Oljesyra C18:1,"Pannkakor, våfflor, crêpes",3.5,g
741,Räkcrêpe värmd fyllning 37% frysvara,Stearinsyra C18:0,"Pannkakor, våfflor, crêpes",0.3,g
741,Räkcrêpe värmd fyllning 37% frysvara,Palmitoljesyra C16:1,"Pannkakor, våfflor, crêpes",0.0,g
741,Räkcrêpe värmd fyllning 37% frysvara,Palmitinsyra C16:0,"Pannkakor, våfflor, crêpes",1.4,g
741,Räkcrêpe värmd fyllning 37% frysvara,Myristinsyra C14:0,"Pannkakor, våfflor, crêpes",0.1,g
741,Räkcrêpe värmd fyllning 37% frysvara,Laurinsyra C12:0,"Pannkakor, våfflor, crêpes",0.2,g
741,Räkcrêpe värmd fyllning 37% frysvara,Betakaroten/β-Karoten,"Pannkakor, våfflor, crêpes",9.0,µg
741,Räkcrêpe värmd fyllning 37% frysvara,Avfall (skal etc.),"Pannkakor, våfflor, crêpes",0.0,%
741,Räkcrêpe värmd fyllning 37% frysvara,Aska,"Pannkakor, våfflor, crêpes",1.5,g
741,Räkcrêpe värmd fyllning 37% frysvara,Alkohol,"Pannkakor, våfflor, crêpes",0.0,g
742,Champinjoncrêpe m. mellanmjölk vispgrädde veg. hemlagad,"Zink, Zn","Pannkakor, våfflor, crêpes",1.1,mg
742,Champinjoncrêpe m. mellanmjölk vispgrädde veg. hemlagad,Vitamin E,"Pannkakor, våfflor, crêpes",1.7,mg
742,Champinjoncrêpe m. mellanmjölk vispgrädde veg. hemlagad,Vitamin D,"Pannkakor, våfflor, crêpes",0.88,µg
742,Champinjoncrêpe m. mellanmjölk vispgrädde veg. hemlagad,Vitamin C,"Pannkakor, våfflor, crêpes",0.2,mg
742,Champinjoncrêpe m. mellanmjölk vispgrädde veg. hemlagad,Vitamin B6,"Pannkakor, våfflor, crêpes",0.06,mg
742,Champinjoncrêpe m. mellanmjölk vispgrädde veg. hemlagad,Vitamin B12,"Pannkakor, våfflor, crêpes",0.43,µg
742,Champinjoncrêpe m. mellanmjölk vispgrädde veg. hemlagad,Vitamin A,"Pannkakor, våfflor, crêpes",124.5,RE/µg
742,Champinjoncrêpe m. mellanmjölk vispgrädde veg. hemlagad,Vatten,"Pannkakor, våfflor, crêpes",68.9,g
742,Champinjoncrêpe m. mellanmjölk vispgrädde veg. hemlagad,Tiamin,"Pannkakor, våfflor, crêpes",0.07,mg
742,Champinjoncrêpe m. mellanmjölk vispgrädde veg. hemlagad,Tillsatt socker,"Pannkakor, våfflor, crêpes",0.0,g
742,Champinjoncrêpe m. mellanmjölk vispgrädde veg. hemlagad,Fritt socker,"Pannkakor, våfflor, crêpes",0.0,g
742,Champinjoncrêpe m. mellanmjölk vispgrädde veg. hemlagad,"Selen, Se","Pannkakor, våfflor, crêpes",6.2,µg
742,Champinjoncrêpe m. mellanmjölk vispgrädde veg. hemlagad,Sackaros,"Pannkakor, våfflor, crêpes",0.0,g
742,Champinjoncrêpe m. mellanmjölk vispgrädde veg. hemlagad,Riboflavin,"Pannkakor, våfflor, crêpes",0.2,mg
742,Champinjoncrêpe m. mellanmjölk vispgrädde veg. hemlagad,Retinol,"Pannkakor, våfflor, crêpes",124.0,µg
742,Champinjoncrêpe m. mellanmjölk vispgrädde veg. hemlagad,Protein,"Pannkakor, våfflor, crêpes",6.5,g
742,Champinjoncrêpe m. mellanmjölk vispgrädde veg. hemlagad,Summa fleromättade fettsyror,"Pannkakor, våfflor, crêpes",1.2,g
742,Champinjoncrêpe m. mellanmjölk vispgrädde veg. hemlagad,"Fosfor, P","Pannkakor, våfflor, crêpes",122.0,mg
742,Champinjoncrêpe m. mellanmjölk vispgrädde veg. hemlagad,Niacinekvivalenter,"Pannkakor, våfflor, crêpes",2.11,NE/mg
742,Champinjoncrêpe m. mellanmjölk vispgrädde veg. hemlagad,Niacin,"Pannkakor, våfflor, crêpes",0.48,mg
742,Champinjoncrêpe m. mellanmjölk vispgrädde veg. hemlagad,"Salt, NaCl","Pannkakor, våfflor, crêpes",1.0,g
742,Champinjoncrêpe m. mellanmjölk vispgrädde veg. hemlagad,"Natrium, Na","Pannkakor, våfflor, crêpes",398.0,mg
742,Champinjoncrêpe m. mellanmjölk vispgrädde veg. hemlagad,Monosackarider,"Pannkakor, våfflor, crêpes",0.0,g
742,Champinjoncrêpe m. mellanmjölk vispgrädde veg. hemlagad,"Sockerarter, totalt","Pannkakor, våfflor, crêpes",2.3,g
742,Champinjoncrêpe m. mellanmjölk vispgrädde veg. hemlagad,Summa enkelomättade fettsyror,"Pannkakor, våfflor, crêpes",3.4,g
742,Champinjoncrêpe m. mellanmjölk vispgrädde veg. hemlagad,"Magnesium, Mg","Pannkakor, våfflor, crêpes",16.0,mg
742,Champinjoncrêpe m. mellanmjölk vispgrädde veg. hemlagad,Summa mättade fettsyror,"Pannkakor, våfflor, crêpes",4.8,g
742,Champinjoncrêpe m. mellanmjölk vispgrädde veg. hemlagad,"Kolhydrater, tillgängliga","Pannkakor, våfflor, crêpes",12.4,g
742,Champinjoncrêpe m. mellanmjölk vispgrädde veg. hemlagad,Kolesterol,"Pannkakor, våfflor, crêpes",98.0,mg
742,Champinjoncrêpe m. mellanmjölk vispgrädde veg. hemlagad,"Kalium, K","Pannkakor, våfflor, crêpes",147.0,mg
742,Champinjoncrêpe m. mellanmjölk vispgrädde veg. hemlagad,Fullkorn totalt,"Pannkakor, våfflor, crêpes",0.0,g
742,Champinjoncrêpe m. mellanmjölk vispgrädde veg. hemlagad,"Folat, totalt","Pannkakor, våfflor, crêpes",22.0,µg
742,Champinjoncrêpe m. mellanmjölk vispgrädde veg. hemlagad,Fibrer,"Pannkakor, våfflor, crêpes",0.8,g
742,Champinjoncrêpe m. mellanmjölk vispgrädde veg. hemlagad,"Fett, totalt","Pannkakor, våfflor, crêpes",9.9,g
742,Champinjoncrêpe m. mellanmjölk vispgrädde veg. hemlagad,"Järn, Fe","Pannkakor, våfflor, crêpes",0.6,mg
742,Champinjoncrêpe m. mellanmjölk vispgrädde veg. hemlagad,Energi (kJ),"Pannkakor, våfflor, crêpes",695.0,kJ
742,Champinjoncrêpe m. mellanmjölk vispgrädde veg. hemlagad,Energi (kcal),"Pannkakor, våfflor, crêpes",166.0,kcal
742,Champinjoncrêpe m. mellanmjölk vispgrädde veg. hemlagad,Disackarider,"Pannkakor, våfflor, crêpes",2.3,g
742,Champinjoncrêpe m. mellanmjölk vispgrädde veg. hemlagad,"Kalcium, Ca","Pannkakor, våfflor, crêpes",87.0,mg
742,Champinjoncrêpe m. mellanmjölk vispgrädde veg. hemlagad,Fettsyra 4:0-10:0,"Pannkakor, våfflor, crêpes",0.4,g
742,Champinjoncrêpe m. mellanmjölk vispgrädde veg. hemlagad,DHA (C22:6),"Pannkakor, våfflor, crêpes",0.0,g
742,Champinjoncrêpe m. mellanmjölk vispgrädde veg. hemlagad,DPA (C22:5),"Pannkakor, våfflor, crêpes",0.0,g
742,Champinjoncrêpe m. mellanmjölk vispgrädde veg. hemlagad,EPA (C20:5),"Pannkakor, våfflor, crêpes",0.0,g
742,Champinjoncrêpe m. mellanmjölk vispgrädde veg. hemlagad,Arakidonsyra C20:4,"Pannkakor, våfflor, crêpes",0.0,g
742,Champinjoncrêpe m. mellanmjölk vispgrädde veg. hemlagad,Arakidinsyra C20:0,"Pannkakor, våfflor, crêpes",0.0,g
742,Champinjoncrêpe m. mellanmjölk vispgrädde veg. hemlagad,Linolensyra C18:3,"Pannkakor, våfflor, crêpes",0.1,g
742,Champinjoncrêpe m. mellanmjölk vispgrädde veg. hemlagad,Linolsyra C18:2,"Pannkakor, våfflor, crêpes",1.0,g
742,Champinjoncrêpe m. mellanmjölk vispgrädde veg. hemlagad,Oljesyra C18:1,"Pannkakor, våfflor, crêpes",3.1,g
742,Champinjoncrêpe m. mellanmjölk vispgrädde veg. hemlagad,Stearinsyra C18:0,"Pannkakor, våfflor, crêpes",0.7,g
742,Champinjoncrêpe m. mellanmjölk vispgrädde veg. hemlagad,Palmitoljesyra C16:1,"Pannkakor, våfflor, crêpes",0.1,g
742,Champinjoncrêpe m. mellanmjölk vispgrädde veg. hemlagad,Palmitinsyra C16:0,"Pannkakor, våfflor, crêpes",2.7,g
742,Champinjoncrêpe m. mellanmjölk vispgrädde veg. hemlagad,Myristinsyra C14:0,"Pannkakor, våfflor, crêpes",0.5,g
742,Champinjoncrêpe m. mellanmjölk vispgrädde veg. hemlagad,Laurinsyra C12:0,"Pannkakor, våfflor, crêpes",0.3,g
742,Champinjoncrêpe m. mellanmjölk vispgrädde veg. hemlagad,Betakaroten/β-Karoten,"Pannkakor, våfflor, crêpes",6.0,µg
742,Champinjoncrêpe m. mellanmjölk vispgrädde veg. hemlagad,Avfall (skal etc.),"Pannkakor, våfflor, crêpes",0.0,%
742,Champinjoncrêpe m. mellanmjölk vispgrädde veg. hemlagad,Aska,"Pannkakor, våfflor, crêpes",1.5,g
742,Champinjoncrêpe m. mellanmjölk vispgrädde veg. hemlagad,Alkohol,"Pannkakor, våfflor, crêpes",0.0,g
743,Baguette m. salami brieost soltorkad tomat sallad,"Zink, Zn",Pizza paj pirog färdig smörgås,1.0,mg
743,Baguette m. salami brieost soltorkad tomat sallad,Vitamin E,Pizza paj pirog färdig smörgås,1.5,mg
743,Baguette m. salami brieost soltorkad tomat sallad,Vitamin D,Pizza paj pirog färdig smörgås,0.21,µg
743,Baguette m. salami brieost soltorkad tomat sallad,Vitamin C,Pizza paj pirog färdig smörgås,0.0,mg
743,Baguette m. salami brieost soltorkad tomat sallad,Vitamin B6,Pizza paj pirog färdig smörgås,0.15,mg
743,Baguette m. salami brieost soltorkad tomat sallad,Vitamin B12,Pizza paj pirog färdig smörgås,0.24,µg
743,Baguette m. salami brieost soltorkad tomat sallad,Vitamin A,Pizza paj pirog färdig smörgås,70.5,RE/µg
743,Baguette m. salami brieost soltorkad tomat sallad,Vatten,Pizza paj pirog färdig smörgås,53.0,g
743,Baguette m. salami brieost soltorkad tomat sallad,Tiamin,Pizza paj pirog färdig smörgås,0.16,mg
743,Baguette m. salami brieost soltorkad tomat sallad,Tillsatt socker,Pizza paj pirog färdig smörgås,0.0,g
743,Baguette m. salami brieost soltorkad tomat sallad,Fritt socker,Pizza paj pirog färdig smörgås,0.0,g
743,Baguette m. salami brieost soltorkad tomat sallad,"Selen, Se",Pizza paj pirog färdig smörgås,3.7,µg
743,Baguette m. salami brieost soltorkad tomat sallad,Sackaros,Pizza paj pirog färdig smörgås,0.0,g
743,Baguette m. salami brieost soltorkad tomat sallad,Riboflavin,Pizza paj pirog färdig smörgås,0.12,mg
743,Baguette m. salami brieost soltorkad tomat sallad,Retinol,Pizza paj pirog färdig smörgås,60.3,µg
743,Baguette m. salami brieost soltorkad tomat sallad,Protein,Pizza paj pirog färdig smörgås,9.3,g
743,Baguette m. salami brieost soltorkad tomat sallad,Summa fleromättade fettsyror,Pizza paj pirog färdig smörgås,1.9,g
743,Baguette m. salami brieost soltorkad tomat sallad,"Fosfor, P",Pizza paj pirog färdig smörgås,107.0,mg
743,Baguette m. salami brieost soltorkad tomat sallad,Niacinekvivalenter,Pizza paj pirog färdig smörgås,3.9,NE/mg
743,Baguette m. salami brieost soltorkad tomat sallad,Niacin,Pizza paj pirog färdig smörgås,1.71,mg
743,Baguette m. salami brieost soltorkad tomat sallad,"Salt, NaCl",Pizza paj pirog färdig smörgås,1.8,g
743,Baguette m. salami brieost soltorkad tomat sallad,"Natrium, Na",Pizza paj pirog färdig smörgås,715.0,mg
743,Baguette m. salami brieost soltorkad tomat sallad,Monosackarider,Pizza paj pirog färdig smörgås,1.7,g
743,Baguette m. salami brieost soltorkad tomat sallad,"Sockerarter, totalt",Pizza paj pirog färdig smörgås,2.9,g
743,Baguette m. salami brieost soltorkad tomat sallad,Summa enkelomättade fettsyror,Pizza paj pirog färdig smörgås,4.7,g
743,Baguette m. salami brieost soltorkad tomat sallad,"Magnesium, Mg",Pizza paj pirog färdig smörgås,22.0,mg
743,Baguette m. salami brieost soltorkad tomat sallad,Summa mättade fettsyror,Pizza paj pirog färdig smörgås,5.7,g
743,Baguette m. salami brieost soltorkad tomat sallad,"Kolhydrater, tillgängliga",Pizza paj pirog färdig smörgås,19.7,g
743,Baguette m. salami brieost soltorkad tomat sallad,Kolesterol,Pizza paj pirog färdig smörgås,29.0,mg
743,Baguette m. salami brieost soltorkad tomat sallad,"Kalium, K",Pizza paj pirog färdig smörgås,244.0,mg
743,Baguette m. salami brieost soltorkad tomat sallad,"Jod, I",Pizza paj pirog färdig smörgås,12.0,µg
743,Baguette m. salami brieost soltorkad tomat sallad,Fullkorn totalt,Pizza paj pirog färdig smörgås,0.0,g
743,Baguette m. salami brieost soltorkad tomat sallad,"Folat, totalt",Pizza paj pirog färdig smörgås,25.6,µg
743,Baguette m. salami brieost soltorkad tomat sallad,Fibrer,Pizza paj pirog färdig smörgås,1.9,g
743,Baguette m. salami brieost soltorkad tomat sallad,"Fett, totalt",Pizza paj pirog färdig smörgås,13.4,g
743,Baguette m. salami brieost soltorkad tomat sallad,"Järn, Fe",Pizza paj pirog färdig smörgås,0.9,mg
743,Baguette m. salami brieost soltorkad tomat sallad,Energi (kJ),Pizza paj pirog färdig smörgås,1006.0,kJ
743,Baguette m. salami brieost soltorkad tomat sallad,Energi (kcal),Pizza paj pirog färdig smörgås,240.0,kcal
743,Baguette m. salami brieost soltorkad tomat sallad,Disackarider,Pizza paj pirog färdig smörgås,1.2,g
743,Baguette m. salami brieost soltorkad tomat sallad,"Kalcium, Ca",Pizza paj pirog färdig smörgås,105.0,mg
743,Baguette m. salami brieost soltorkad tomat sallad,Fettsyra 4:0-10:0,Pizza paj pirog färdig smörgås,0.3,g
743,Baguette m. salami brieost soltorkad tomat sallad,DHA (C22:6),Pizza paj pirog färdig smörgås,0.0,g
743,Baguette m. salami brieost soltorkad tomat sallad,DPA (C22:5),Pizza paj pirog färdig smörgås,0.0,g
743,Baguette m. salami brieost soltorkad tomat sallad,EPA (C20:5),Pizza paj pirog färdig smörgås,0.0,g
743,Baguette m. salami brieost soltorkad tomat sallad,Arakidonsyra C20:4,Pizza paj pirog färdig smörgås,0.0,g
743,Baguette m. salami brieost soltorkad tomat sallad,Arakidinsyra C20:0,Pizza paj pirog färdig smörgås,0.0,g
743,Baguette m. salami brieost soltorkad tomat sallad,Linolensyra C18:3,Pizza paj pirog färdig smörgås,0.2,g
743,Baguette m. salami brieost soltorkad tomat sallad,Linolsyra C18:2,Pizza paj pirog färdig smörgås,1.6,g
743,Baguette m. salami brieost soltorkad tomat sallad,Oljesyra C18:1,Pizza paj pirog färdig smörgås,4.3,g
743,Baguette m. salami brieost soltorkad tomat sallad,Stearinsyra C18:0,Pizza paj pirog färdig smörgås,1.1,g
743,Baguette m. salami brieost soltorkad tomat sallad,Palmitoljesyra C16:1,Pizza paj pirog färdig smörgås,0.2,g
743,Baguette m. salami brieost soltorkad tomat sallad,Palmitinsyra C16:0,Pizza paj pirog färdig smörgås,3.0,g
743,Baguette m. salami brieost soltorkad tomat sallad,Myristinsyra C14:0,Pizza paj pirog färdig smörgås,0.7,g
743,Baguette m. salami brieost soltorkad tomat sallad,Laurinsyra C12:0,Pizza paj pirog färdig smörgås,0.4,g
743,Baguette m. salami brieost soltorkad tomat sallad,Betakaroten/β-Karoten,Pizza paj pirog färdig smörgås,119.0,µg
743,Baguette m. salami brieost soltorkad tomat sallad,Avfall (skal etc.),Pizza paj pirog färdig smörgås,0.0,%
743,Baguette m. salami brieost soltorkad tomat sallad,Aska,Pizza paj pirog färdig smörgås,2.7,g
743,Baguette m. salami brieost soltorkad tomat sallad,Alkohol,Pizza paj pirog färdig smörgås,0.0,g
744,Ciabatta m. mozzarella soltorkad tomat sallad,"Zink, Zn",Pizza paj pirog färdig smörgås,1.0,mg
744,Ciabatta m. mozzarella soltorkad tomat sallad,Vitamin E,Pizza paj pirog färdig smörgås,0.6,mg
744,Ciabatta m. mozzarella soltorkad tomat sallad,Vitamin D,Pizza paj pirog färdig smörgås,0.1,µg
744,Ciabatta m. mozzarella soltorkad tomat sallad,Vitamin C,Pizza paj pirog färdig smörgås,0.0,mg
744,Ciabatta m. mozzarella soltorkad tomat sallad,Vitamin B6,Pizza paj pirog färdig smörgås,0.13,mg
744,Ciabatta m. mozzarella soltorkad tomat sallad,Vitamin B12,Pizza paj pirog färdig smörgås,0.35,µg
744,Ciabatta m. mozzarella soltorkad tomat sallad,Vitamin A,Pizza paj pirog färdig smörgås,43.7,RE/µg
744,Ciabatta m. mozzarella soltorkad tomat sallad,Vatten,Pizza paj pirog färdig smörgås,57.1,g
744,Ciabatta m. mozzarella soltorkad tomat sallad,Tiamin,Pizza paj pirog färdig smörgås,0.06,mg
744,Ciabatta m. mozzarella soltorkad tomat sallad,Tillsatt socker,Pizza paj pirog färdig smörgås,0.0,g
744,Ciabatta m. mozzarella soltorkad tomat sallad,Fritt socker,Pizza paj pirog färdig smörgås,0.0,g
744,Ciabatta m. mozzarella soltorkad tomat sallad,"Selen, Se",Pizza paj pirog färdig smörgås,0.0,µg
744,Ciabatta m. mozzarella soltorkad tomat sallad,Sackaros,Pizza paj pirog färdig smörgås,0.0,g
744,Ciabatta m. mozzarella soltorkad tomat sallad,Riboflavin,Pizza paj pirog färdig smörgås,0.06,mg
744,Ciabatta m. mozzarella soltorkad tomat sallad,Retinol,Pizza paj pirog färdig smörgås,27.9,µg
744,Ciabatta m. mozzarella soltorkad tomat sallad,Protein,Pizza paj pirog färdig smörgås,7.9,g
744,Ciabatta m. mozzarella soltorkad tomat sallad,Summa fleromättade fettsyror,Pizza paj pirog färdig smörgås,0.6,g
744,Ciabatta m. mozzarella soltorkad tomat sallad,"Fosfor, P",Pizza paj pirog färdig smörgås,103.0,mg
744,Ciabatta m. mozzarella soltorkad tomat sallad,Niacinekvivalenter,Pizza paj pirog färdig smörgås,2.8,NE/mg
744,Ciabatta m. mozzarella soltorkad tomat sallad,Niacin,Pizza paj pirog färdig smörgås,0.94,mg
744,Ciabatta m. mozzarella soltorkad tomat sallad,"Salt, NaCl",Pizza paj pirog färdig smörgås,1.0,g
744,Ciabatta m. mozzarella soltorkad tomat sallad,"Natrium, Na",Pizza paj pirog färdig smörgås,397.0,mg
744,Ciabatta m. mozzarella soltorkad tomat sallad,Monosackarider,Pizza paj pirog färdig smörgås,0.6,g
744,Ciabatta m. mozzarella soltorkad tomat sallad,"Sockerarter, totalt",Pizza paj pirog färdig smörgås,2.5,g
744,Ciabatta m. mozzarella soltorkad tomat sallad,Summa enkelomättade fettsyror,Pizza paj pirog färdig smörgås,2.8,g
744,Ciabatta m. mozzarella soltorkad tomat sallad,"Magnesium, Mg",Pizza paj pirog färdig smörgås,22.0,mg
744,Ciabatta m. mozzarella soltorkad tomat sallad,Summa mättade fettsyror,Pizza paj pirog färdig smörgås,2.0,g
744,Ciabatta m. mozzarella soltorkad tomat sallad,"Kolhydrater, tillgängliga",Pizza paj pirog färdig smörgås,25.1,g
744,Ciabatta m. mozzarella soltorkad tomat sallad,Kolesterol,Pizza paj pirog färdig smörgås,7.2,mg
744,Ciabatta m. mozzarella soltorkad tomat sallad,"Kalium, K",Pizza paj pirog färdig smörgås,172.0,mg
744,Ciabatta m. mozzarella soltorkad tomat sallad,"Jod, I",Pizza paj pirog färdig smörgås,5.5,µg
744,Ciabatta m. mozzarella soltorkad tomat sallad,Fullkorn totalt,Pizza paj pirog färdig smörgås,0.0,g
744,Ciabatta m. mozzarella soltorkad tomat sallad,"Folat, totalt",Pizza paj pirog färdig smörgås,22.1,µg
744,Ciabatta m. mozzarella soltorkad tomat sallad,Fibrer,Pizza paj pirog färdig smörgås,2.5,g
744,Ciabatta m. mozzarella soltorkad tomat sallad,"Fett, totalt",Pizza paj pirog färdig smörgås,5.9,g
744,Ciabatta m. mozzarella soltorkad tomat sallad,"Järn, Fe",Pizza paj pirog färdig smörgås,0.9,mg
744,Ciabatta m. mozzarella soltorkad tomat sallad,Energi (kJ),Pizza paj pirog färdig smörgås,799.0,kJ
744,Ciabatta m. mozzarella soltorkad tomat sallad,Energi (kcal),Pizza paj pirog färdig smörgås,191.0,kcal
744,Ciabatta m. mozzarella soltorkad tomat sallad,Disackarider,Pizza paj pirog färdig smörgås,1.8,g
744,Ciabatta m. mozzarella soltorkad tomat sallad,"Kalcium, Ca",Pizza paj pirog färdig smörgås,75.0,mg
744,Ciabatta m. mozzarella soltorkad tomat sallad,Fettsyra 4:0-10:0,Pizza paj pirog färdig smörgås,0.1,g
744,Ciabatta m. mozzarella soltorkad tomat sallad,DHA (C22:6),Pizza paj pirog färdig smörgås,0.0,g
744,Ciabatta m. mozzarella soltorkad tomat sallad,DPA (C22:5),Pizza paj pirog färdig smörgås,0.0,g
744,Ciabatta m. mozzarella soltorkad tomat sallad,EPA (C20:5),Pizza paj pirog färdig smörgås,0.0,g
744,Ciabatta m. mozzarella soltorkad tomat sallad,Arakidonsyra C20:4,Pizza paj pirog färdig smörgås,0.0,g
744,Ciabatta m. mozzarella soltorkad tomat sallad,Arakidinsyra C20:0,Pizza paj pirog färdig smörgås,0.0,g
744,Ciabatta m. mozzarella soltorkad tomat sallad,Linolensyra C18:3,Pizza paj pirog färdig smörgås,0.1,g
744,Ciabatta m. mozzarella soltorkad tomat sallad,Linolsyra C18:2,Pizza paj pirog färdig smörgås,0.6,g
744,Ciabatta m. mozzarella soltorkad tomat sallad,Oljesyra C18:1,Pizza paj pirog färdig smörgås,2.7,g
744,Ciabatta m. mozzarella soltorkad tomat sallad,Stearinsyra C18:0,Pizza paj pirog färdig smörgås,0.3,g
744,Ciabatta m. mozzarella soltorkad tomat sallad,Palmitoljesyra C16:1,Pizza paj pirog färdig smörgås,0.1,g
744,Ciabatta m. mozzarella soltorkad tomat sallad,Palmitinsyra C16:0,Pizza paj pirog färdig smörgås,1.1,g
744,Ciabatta m. mozzarella soltorkad tomat sallad,Myristinsyra C14:0,Pizza paj pirog färdig smörgås,0.2,g
744,Ciabatta m. mozzarella soltorkad tomat sallad,Laurinsyra C12:0,Pizza paj pirog färdig smörgås,0.1,g
744,Ciabatta m. mozzarella soltorkad tomat sallad,Betakaroten/β-Karoten,Pizza paj pirog färdig smörgås,183.0,µg
744,Ciabatta m. mozzarella soltorkad tomat sallad,Avfall (skal etc.),Pizza paj pirog färdig smörgås,0.0,%
744,Ciabatta m. mozzarella soltorkad tomat sallad,Aska,Pizza paj pirog färdig smörgås,1.6,g
744,Ciabatta m. mozzarella soltorkad tomat sallad,Alkohol,Pizza paj pirog färdig smörgås,0.0,g
745,Bagel m. rökt lax färskost sallad,"Zink, Zn",Pizza paj pirog färdig smörgås,0.6,mg
745,Bagel m. rökt lax färskost sallad,Vitamin E,Pizza paj pirog färdig smörgås,0.7,mg
745,Bagel m. rökt lax färskost sallad,Vitamin D,Pizza paj pirog färdig smörgås,2.45,µg
745,Bagel m. rökt lax färskost sallad,Vitamin C,Pizza paj pirog färdig smörgås,0.0,mg
745,Bagel m. rökt lax färskost sallad,Vitamin B6,Pizza paj pirog färdig smörgås,0.16,mg
745,Bagel m. rökt lax färskost sallad,Vitamin B12,Pizza paj pirog färdig smörgås,0.41,µg
745,Bagel m. rökt lax färskost sallad,Vitamin A,Pizza paj pirog färdig smörgås,30.9,RE/µg
745,Bagel m. rökt lax färskost sallad,Vatten,Pizza paj pirog färdig smörgås,52.9,g
745,Bagel m. rökt lax färskost sallad,Tiamin,Pizza paj pirog färdig smörgås,0.12,mg
745,Bagel m. rökt lax färskost sallad,Tillsatt socker,Pizza paj pirog färdig smörgås,0.0,g
745,Bagel m. rökt lax färskost sallad,Fritt socker,Pizza paj pirog färdig smörgås,0.0,g
745,Bagel m. rökt lax färskost sallad,"Selen, Se",Pizza paj pirog färdig smörgås,4.1,µg
745,Bagel m. rökt lax färskost sallad,Sackaros,Pizza paj pirog färdig smörgås,0.0,g
745,Bagel m. rökt lax färskost sallad,Riboflavin,Pizza paj pirog färdig smörgås,0.07,mg
745,Bagel m. rökt lax färskost sallad,Retinol,Pizza paj pirog färdig smörgås,25.2,µg
745,Bagel m. rökt lax färskost sallad,Protein,Pizza paj pirog färdig smörgås,9.0,g
745,Bagel m. rökt lax färskost sallad,Summa fleromättade fettsyror,Pizza paj pirog färdig smörgås,1.2,g
745,Bagel m. rökt lax färskost sallad,"Fosfor, P",Pizza paj pirog färdig smörgås,102.0,mg
745,Bagel m. rökt lax färskost sallad,Niacinekvivalenter,Pizza paj pirog färdig smörgås,4.3,NE/mg
745,Bagel m. rökt lax färskost sallad,Niacin,Pizza paj pirog färdig smörgås,2.2,mg
745,Bagel m. rökt lax färskost sallad,"Salt, NaCl",Pizza paj pirog färdig smörgås,1.4,g
745,Bagel m. rökt lax färskost sallad,"Natrium, Na",Pizza paj pirog färdig smörgås,544.0,mg
745,Bagel m. rökt lax färskost sallad,Monosackarider,Pizza paj pirog färdig smörgås,1.2,g
745,Bagel m. rökt lax färskost sallad,"Sockerarter, totalt",Pizza paj pirog färdig smörgås,3.1,g
745,Bagel m. rökt lax färskost sallad,Summa enkelomättade fettsyror,Pizza paj pirog färdig smörgås,2.0,g
745,Bagel m. rökt lax färskost sallad,"Magnesium, Mg",Pizza paj pirog färdig smörgås,21.0,mg
745,Bagel m. rökt lax färskost sallad,Summa mättade fettsyror,Pizza paj pirog färdig smörgås,3.0,g
745,Bagel m. rökt lax färskost sallad,"Kolhydrater, tillgängliga",Pizza paj pirog färdig smörgås,26.8,g
745,Bagel m. rökt lax färskost sallad,Kolesterol,Pizza paj pirog färdig smörgås,18.8,mg
745,Bagel m. rökt lax färskost sallad,"Kalium, K",Pizza paj pirog färdig smörgås,198.0,mg
745,Bagel m. rökt lax färskost sallad,"Jod, I",Pizza paj pirog färdig smörgås,10.8,µg
745,Bagel m. rökt lax färskost sallad,Fullkorn totalt,Pizza paj pirog färdig smörgås,0.0,g
745,Bagel m. rökt lax färskost sallad,"Folat, totalt",Pizza paj pirog färdig smörgås,23.8,µg
745,Bagel m. rökt lax färskost sallad,Fibrer,Pizza paj pirog färdig smörgås,2.4,g
745,Bagel m. rökt lax färskost sallad,"Fett, totalt",Pizza paj pirog färdig smörgås,7.0,g
745,Bagel m. rökt lax färskost sallad,"Järn, Fe",Pizza paj pirog färdig smörgås,0.6,mg
745,Bagel m. rökt lax färskost sallad,Energi (kJ),Pizza paj pirog färdig smörgås,886.0,kJ
745,Bagel m. rökt lax färskost sallad,Energi (kcal),Pizza paj pirog färdig smörgås,212.0,kcal
745,Bagel m. rökt lax färskost sallad,Disackarider,Pizza paj pirog färdig smörgås,1.8,g
745,Bagel m. rökt lax färskost sallad,"Kalcium, Ca",Pizza paj pirog färdig smörgås,25.0,mg
745,Bagel m. rökt lax färskost sallad,Fettsyra 4:0-10:0,Pizza paj pirog färdig smörgås,0.2,g
745,Bagel m. rökt lax färskost sallad,DHA (C22:6),Pizza paj pirog färdig smörgås,0.3,g
745,Bagel m. rökt lax färskost sallad,DPA (C22:5),Pizza paj pirog färdig smörgås,0.1,g
745,Bagel m. rökt lax färskost sallad,EPA (C20:5),Pizza paj pirog färdig smörgås,0.2,g
745,Bagel m. rökt lax färskost sallad,Arakidonsyra C20:4,Pizza paj pirog färdig smörgås,0.1,g
745,Bagel m. rökt lax färskost sallad,Arakidinsyra C20:0,Pizza paj pirog färdig smörgås,0.0,g
745,Bagel m. rökt lax färskost sallad,Linolensyra C18:3,Pizza paj pirog färdig smörgås,0.1,g
745,Bagel m. rökt lax färskost sallad,Linolsyra C18:2,Pizza paj pirog färdig smörgås,0.4,g
745,Bagel m. rökt lax färskost sallad,Oljesyra C18:1,Pizza paj pirog färdig smörgås,1.4,g
745,Bagel m. rökt lax färskost sallad,Stearinsyra C18:0,Pizza paj pirog färdig smörgås,0.4,g
745,Bagel m. rökt lax färskost sallad,Palmitoljesyra C16:1,Pizza paj pirog färdig smörgås,0.2,g
745,Bagel m. rökt lax färskost sallad,Palmitinsyra C16:0,Pizza paj pirog färdig smörgås,1.6,g
745,Bagel m. rökt lax färskost sallad,Myristinsyra C14:0,Pizza paj pirog färdig smörgås,0.5,g
745,Bagel m. rökt lax färskost sallad,Laurinsyra C12:0,Pizza paj pirog färdig smörgås,0.1,g
745,Bagel m. rökt lax färskost sallad,Betakaroten/β-Karoten,Pizza paj pirog färdig smörgås,67.0,µg
745,Bagel m. rökt lax färskost sallad,Avfall (skal etc.),Pizza paj pirog färdig smörgås,0.0,%
745,Bagel m. rökt lax färskost sallad,Aska,Pizza paj pirog färdig smörgås,1.9,g
745,Bagel m. rökt lax färskost sallad,Alkohol,Pizza paj pirog färdig smörgås,0.0,g
746,Champinjoncrêpe värmd veg. frysvara,"Zink, Zn","Pannkakor, våfflor, crêpes",0.7,mg
746,Champinjoncrêpe värmd veg. frysvara,Vitamin E,"Pannkakor, våfflor, crêpes",1.4,mg
746,Champinjoncrêpe värmd veg. frysvara,Vitamin D,"Pannkakor, våfflor, crêpes",0.26,µg
746,Champinjoncrêpe värmd veg. frysvara,Vitamin C,"Pannkakor, våfflor, crêpes",0.2,mg
746,Champinjoncrêpe värmd veg. frysvara,Vitamin B6,"Pannkakor, våfflor, crêpes",0.07,mg
746,Champinjoncrêpe värmd veg. frysvara,Vitamin B12,"Pannkakor, våfflor, crêpes",0.15,µg
746,Champinjoncrêpe värmd veg. frysvara,Vitamin A,"Pannkakor, våfflor, crêpes",33.7,RE/µg
746,Champinjoncrêpe värmd veg. frysvara,Vatten,"Pannkakor, våfflor, crêpes",65.4,g
746,Champinjoncrêpe värmd veg. frysvara,Tiamin,"Pannkakor, våfflor, crêpes",0.07,mg
746,Champinjoncrêpe värmd veg. frysvara,Tillsatt socker,"Pannkakor, våfflor, crêpes",3.0,g
746,Champinjoncrêpe värmd veg. frysvara,Fritt socker,"Pannkakor, våfflor, crêpes",3.0,g
746,Champinjoncrêpe värmd veg. frysvara,"Selen, Se","Pannkakor, våfflor, crêpes",6.1,µg
746,Champinjoncrêpe värmd veg. frysvara,Sackaros,"Pannkakor, våfflor, crêpes",0.0,g
746,Champinjoncrêpe värmd veg. frysvara,Riboflavin,"Pannkakor, våfflor, crêpes",0.16,mg
746,Champinjoncrêpe värmd veg. frysvara,Retinol,"Pannkakor, våfflor, crêpes",33.3,µg
746,Champinjoncrêpe värmd veg. frysvara,Protein,"Pannkakor, våfflor, crêpes",5.4,g
746,Champinjoncrêpe värmd veg. frysvara,Summa fleromättade fettsyror,"Pannkakor, våfflor, crêpes",1.6,g
746,Champinjoncrêpe värmd veg. frysvara,"Fosfor, P","Pannkakor, våfflor, crêpes",109.0,mg
746,Champinjoncrêpe värmd veg. frysvara,Niacinekvivalenter,"Pannkakor, våfflor, crêpes",2.79,NE/mg
746,Champinjoncrêpe värmd veg. frysvara,Niacin,"Pannkakor, våfflor, crêpes",1.43,mg
746,Champinjoncrêpe värmd veg. frysvara,"Salt, NaCl","Pannkakor, våfflor, crêpes",0.9,g
746,Champinjoncrêpe värmd veg. frysvara,"Natrium, Na","Pannkakor, våfflor, crêpes",375.0,mg
746,Champinjoncrêpe värmd veg. frysvara,Monosackarider,"Pannkakor, våfflor, crêpes",0.0,g
746,Champinjoncrêpe värmd veg. frysvara,"Sockerarter, totalt","Pannkakor, våfflor, crêpes",2.7,g
746,Champinjoncrêpe värmd veg. frysvara,Summa enkelomättade fettsyror,"Pannkakor, våfflor, crêpes",3.2,g
746,Champinjoncrêpe värmd veg. frysvara,"Magnesium, Mg","Pannkakor, våfflor, crêpes",16.0,mg
746,Champinjoncrêpe värmd veg. frysvara,Summa mättade fettsyror,"Pannkakor, våfflor, crêpes",1.5,g
746,Champinjoncrêpe värmd veg. frysvara,"Kolhydrater, tillgängliga","Pannkakor, våfflor, crêpes",19.0,g
746,Champinjoncrêpe värmd veg. frysvara,Kolesterol,"Pannkakor, våfflor, crêpes",83.6,mg
746,Champinjoncrêpe värmd veg. frysvara,"Kalium, K","Pannkakor, våfflor, crêpes",191.0,mg
746,Champinjoncrêpe värmd veg. frysvara,Fullkorn totalt,"Pannkakor, våfflor, crêpes",0.0,g
746,Champinjoncrêpe värmd veg. frysvara,"Folat, totalt","Pannkakor, våfflor, crêpes",19.7,µg
746,Champinjoncrêpe värmd veg. frysvara,Fibrer,"Pannkakor, våfflor, crêpes",2.0,g
746,Champinjoncrêpe värmd veg. frysvara,"Fett, totalt","Pannkakor, våfflor, crêpes",6.8,g
746,Champinjoncrêpe värmd veg. frysvara,"Järn, Fe","Pannkakor, våfflor, crêpes",0.6,mg
746,Champinjoncrêpe värmd veg. frysvara,Energi (kJ),"Pannkakor, våfflor, crêpes",681.0,kJ
746,Champinjoncrêpe värmd veg. frysvara,Energi (kcal),"Pannkakor, våfflor, crêpes",163.0,kcal
746,Champinjoncrêpe värmd veg. frysvara,Disackarider,"Pannkakor, våfflor, crêpes",2.7,g
746,Champinjoncrêpe värmd veg. frysvara,"Kalcium, Ca","Pannkakor, våfflor, crêpes",56.0,mg
746,Champinjoncrêpe värmd veg. frysvara,Fettsyra 4:0-10:0,"Pannkakor, våfflor, crêpes",0.0,g
746,Champinjoncrêpe värmd veg. frysvara,DHA (C22:6),"Pannkakor, våfflor, crêpes",0.0,g
746,Champinjoncrêpe värmd veg. frysvara,DPA (C22:5),"Pannkakor, våfflor, crêpes",0.0,g
746,Champinjoncrêpe värmd veg. frysvara,EPA (C20:5),"Pannkakor, våfflor, crêpes",0.0,g
746,Champinjoncrêpe värmd veg. frysvara,Arakidonsyra C20:4,"Pannkakor, våfflor, crêpes",0.0,g
746,Champinjoncrêpe värmd veg. frysvara,Arakidinsyra C20:0,"Pannkakor, våfflor, crêpes",0.0,g
746,Champinjoncrêpe värmd veg. frysvara,Linolensyra C18:3,"Pannkakor, våfflor, crêpes",0.4,g
746,Champinjoncrêpe värmd veg. frysvara,Linolsyra C18:2,"Pannkakor, våfflor, crêpes",1.2,g
746,Champinjoncrêpe värmd veg. frysvara,Oljesyra C18:1,"Pannkakor, våfflor, crêpes",3.1,g
746,Champinjoncrêpe värmd veg. frysvara,Stearinsyra C18:0,"Pannkakor, våfflor, crêpes",0.3,g
746,Champinjoncrêpe värmd veg. frysvara,Palmitoljesyra C16:1,"Pannkakor, våfflor, crêpes",0.0,g
746,Champinjoncrêpe värmd veg. frysvara,Palmitinsyra C16:0,"Pannkakor, våfflor, crêpes",1.0,g
746,Champinjoncrêpe värmd veg. frysvara,Myristinsyra C14:0,"Pannkakor, våfflor, crêpes",0.1,g
746,Champinjoncrêpe värmd veg. frysvara,Laurinsyra C12:0,"Pannkakor, våfflor, crêpes",0.1,g
746,Champinjoncrêpe värmd veg. frysvara,Betakaroten/β-Karoten,"Pannkakor, våfflor, crêpes",5.0,µg
746,Champinjoncrêpe värmd veg. frysvara,Avfall (skal etc.),"Pannkakor, våfflor, crêpes",0.0,%
746,Champinjoncrêpe värmd veg. frysvara,Aska,"Pannkakor, våfflor, crêpes",1.4,g
746,Champinjoncrêpe värmd veg. frysvara,Alkohol,"Pannkakor, våfflor, crêpes",0.0,g
747,Crêpefyllning m. spenat färskost fetaost skinka,"Zink, Zn",Osträtter,0.8,mg
747,Crêpefyllning m. spenat färskost fetaost skinka,Vitamin E,Osträtter,0.6,mg
747,Crêpefyllning m. spenat färskost fetaost skinka,Vitamin D,Osträtter,0.01,µg
747,Crêpefyllning m. spenat färskost fetaost skinka,Vitamin C,Osträtter,5.6,mg
747,Crêpefyllning m. spenat färskost fetaost skinka,Vitamin B6,Osträtter,0.07,mg
747,Crêpefyllning m. spenat färskost fetaost skinka,Vitamin B12,Osträtter,0.35,µg
747,Crêpefyllning m. spenat färskost fetaost skinka,Vitamin A,Osträtter,154.7,RE/µg
747,Crêpefyllning m. spenat färskost fetaost skinka,Vatten,Osträtter,75.4,g
747,Crêpefyllning m. spenat färskost fetaost skinka,Tiamin,Osträtter,0.15,mg
747,Crêpefyllning m. spenat färskost fetaost skinka,Tillsatt socker,Osträtter,0.0,g
747,Crêpefyllning m. spenat färskost fetaost skinka,Fritt socker,Osträtter,0.0,g
747,Crêpefyllning m. spenat färskost fetaost skinka,"Selen, Se",Osträtter,1.7,µg
747,Crêpefyllning m. spenat färskost fetaost skinka,Sackaros,Osträtter,0.1,g
747,Crêpefyllning m. spenat färskost fetaost skinka,Riboflavin,Osträtter,0.18,mg
747,Crêpefyllning m. spenat färskost fetaost skinka,Retinol,Osträtter,81.3,µg
747,Crêpefyllning m. spenat färskost fetaost skinka,Protein,Osträtter,10.3,g
747,Crêpefyllning m. spenat färskost fetaost skinka,Summa fleromättade fettsyror,Osträtter,0.4,g
747,Crêpefyllning m. spenat färskost fetaost skinka,"Fosfor, P",Osträtter,144.0,mg
747,Crêpefyllning m. spenat färskost fetaost skinka,Niacinekvivalenter,Osträtter,3.25,NE/mg
747,Crêpefyllning m. spenat färskost fetaost skinka,Niacin,Osträtter,1.02,mg
747,Crêpefyllning m. spenat färskost fetaost skinka,"Salt, NaCl",Osträtter,2.2,g
747,Crêpefyllning m. spenat färskost fetaost skinka,"Natrium, Na",Osträtter,872.0,mg
747,Crêpefyllning m. spenat färskost fetaost skinka,Monosackarider,Osträtter,0.2,g
747,Crêpefyllning m. spenat färskost fetaost skinka,"Sockerarter, totalt",Osträtter,1.1,g
747,Crêpefyllning m. spenat färskost fetaost skinka,Summa enkelomättade fettsyror,Osträtter,2.1,g
747,Crêpefyllning m. spenat färskost fetaost skinka,"Magnesium, Mg",Osträtter,18.0,mg
747,Crêpefyllning m. spenat färskost fetaost skinka,Summa mättade fettsyror,Osträtter,5.7,g
747,Crêpefyllning m. spenat färskost fetaost skinka,"Kolhydrater, tillgängliga",Osträtter,1.7,g
747,Crêpefyllning m. spenat färskost fetaost skinka,Kolesterol,Osträtter,31.6,mg
747,Crêpefyllning m. spenat färskost fetaost skinka,"Kalium, K",Osträtter,157.0,mg
747,Crêpefyllning m. spenat färskost fetaost skinka,"Jod, I",Osträtter,65.8,µg
747,Crêpefyllning m. spenat färskost fetaost skinka,Fullkorn totalt,Osträtter,0.0,g
747,Crêpefyllning m. spenat färskost fetaost skinka,"Folat, totalt",Osträtter,42.9,µg
747,Crêpefyllning m. spenat färskost fetaost skinka,Fibrer,Osträtter,0.6,g
747,Crêpefyllning m. spenat färskost fetaost skinka,"Fett, totalt",Osträtter,9.1,g
747,Crêpefyllning m. spenat färskost fetaost skinka,"Järn, Fe",Osträtter,0.4,mg
747,Crêpefyllning m. spenat färskost fetaost skinka,Energi (kJ),Osträtter,546.0,kJ
747,Crêpefyllning m. spenat färskost fetaost skinka,Energi (kcal),Osträtter,130.0,kcal
747,Crêpefyllning m. spenat färskost fetaost skinka,Disackarider,Osträtter,0.9,g
747,Crêpefyllning m. spenat färskost fetaost skinka,"Kalcium, Ca",Osträtter,111.0,mg
747,Crêpefyllning m. spenat färskost fetaost skinka,Fettsyra 4:0-10:0,Osträtter,0.8,g
747,Crêpefyllning m. spenat färskost fetaost skinka,DHA (C22:6),Osträtter,0.0,g
747,Crêpefyllning m. spenat färskost fetaost skinka,DPA (C22:5),Osträtter,0.0,g
747,Crêpefyllning m. spenat färskost fetaost skinka,EPA (C20:5),Osträtter,0.0,g
747,Crêpefyllning m. spenat färskost fetaost skinka,Arakidonsyra C20:4,Osträtter,0.0,g
747,Crêpefyllning m. spenat färskost fetaost skinka,Arakidinsyra C20:0,Osträtter,0.0,g
747,Crêpefyllning m. spenat färskost fetaost skinka,Linolensyra C18:3,Osträtter,0.1,g
747,Crêpefyllning m. spenat färskost fetaost skinka,Linolsyra C18:2,Osträtter,0.3,g
747,Crêpefyllning m. spenat färskost fetaost skinka,Oljesyra C18:1,Osträtter,1.9,g
747,Crêpefyllning m. spenat färskost fetaost skinka,Stearinsyra C18:0,Osträtter,0.9,g
747,Crêpefyllning m. spenat färskost fetaost skinka,Palmitoljesyra C16:1,Osträtter,0.1,g
747,Crêpefyllning m. spenat färskost fetaost skinka,Palmitinsyra C16:0,Osträtter,2.5,g
747,Crêpefyllning m. spenat färskost fetaost skinka,Myristinsyra C14:0,Osträtter,0.9,g
747,Crêpefyllning m. spenat färskost fetaost skinka,Laurinsyra C12:0,Osträtter,0.3,g
747,Crêpefyllning m. spenat färskost fetaost skinka,Betakaroten/β-Karoten,Osträtter,877.0,µg
747,Crêpefyllning m. spenat färskost fetaost skinka,Avfall (skal etc.),Osträtter,0.0,%
747,Crêpefyllning m. spenat färskost fetaost skinka,Aska,Osträtter,2.9,g
747,Crêpefyllning m. spenat färskost fetaost skinka,Alkohol,Osträtter,0.0,g
748,Crêpes pannkaka tunn fylld,"Zink, Zn","Pannkakor, våfflor, crêpes",1.4,mg
748,Crêpes pannkaka tunn fylld,Vitamin E,"Pannkakor, våfflor, crêpes",1.4,mg
748,Crêpes pannkaka tunn fylld,Vitamin D,"Pannkakor, våfflor, crêpes",0.26,µg
748,Crêpes pannkaka tunn fylld,Vitamin C,"Pannkakor, våfflor, crêpes",2.2,mg
748,Crêpes pannkaka tunn fylld,Vitamin B6,"Pannkakor, våfflor, crêpes",0.06,mg
748,Crêpes pannkaka tunn fylld,Vitamin B12,"Pannkakor, våfflor, crêpes",0.62,µg
748,Crêpes pannkaka tunn fylld,Vitamin A,"Pannkakor, våfflor, crêpes",128.0,RE/µg
748,Crêpes pannkaka tunn fylld,Vatten,"Pannkakor, våfflor, crêpes",70.7,g
748,Crêpes pannkaka tunn fylld,Tiamin,"Pannkakor, våfflor, crêpes",0.05,mg
748,Crêpes pannkaka tunn fylld,Tillsatt socker,"Pannkakor, våfflor, crêpes",0.0,g
748,Crêpes pannkaka tunn fylld,Fritt socker,"Pannkakor, våfflor, crêpes",0.0,g
748,Crêpes pannkaka tunn fylld,"Selen, Se","Pannkakor, våfflor, crêpes",5.1,µg
748,Crêpes pannkaka tunn fylld,Sackaros,"Pannkakor, våfflor, crêpes",0.3,g
748,Crêpes pannkaka tunn fylld,Riboflavin,"Pannkakor, våfflor, crêpes",0.13,mg
748,Crêpes pannkaka tunn fylld,Retinol,"Pannkakor, våfflor, crêpes",72.8,µg
748,Crêpes pannkaka tunn fylld,Protein,"Pannkakor, våfflor, crêpes",10.4,g
748,Crêpes pannkaka tunn fylld,Summa fleromättade fettsyror,"Pannkakor, våfflor, crêpes",1.1,g
748,Crêpes pannkaka tunn fylld,"Fosfor, P","Pannkakor, våfflor, crêpes",148.0,mg
748,Crêpes pannkaka tunn fylld,Niacinekvivalenter,"Pannkakor, våfflor, crêpes",3.14,NE/mg
748,Crêpes pannkaka tunn fylld,Niacin,"Pannkakor, våfflor, crêpes",1.0,mg
748,Crêpes pannkaka tunn fylld,"Salt, NaCl","Pannkakor, våfflor, crêpes",1.6,g
748,Crêpes pannkaka tunn fylld,"Natrium, Na","Pannkakor, våfflor, crêpes",642.0,mg
748,Crêpes pannkaka tunn fylld,Monosackarider,"Pannkakor, våfflor, crêpes",0.5,g
748,Crêpes pannkaka tunn fylld,"Sockerarter, totalt","Pannkakor, våfflor, crêpes",1.6,g
748,Crêpes pannkaka tunn fylld,Summa enkelomättade fettsyror,"Pannkakor, våfflor, crêpes",4.0,g
748,Crêpes pannkaka tunn fylld,"Magnesium, Mg","Pannkakor, våfflor, crêpes",18.0,mg
748,Crêpes pannkaka tunn fylld,Summa mättade fettsyror,"Pannkakor, våfflor, crêpes",5.8,g
748,Crêpes pannkaka tunn fylld,"Kolhydrater, tillgängliga","Pannkakor, våfflor, crêpes",3.5,g
748,Crêpes pannkaka tunn fylld,Kolesterol,"Pannkakor, våfflor, crêpes",39.7,mg
748,Crêpes pannkaka tunn fylld,"Kalium, K","Pannkakor, våfflor, crêpes",135.0,mg
748,Crêpes pannkaka tunn fylld,"Jod, I","Pannkakor, våfflor, crêpes",45.9,µg
748,Crêpes pannkaka tunn fylld,Fullkorn totalt,"Pannkakor, våfflor, crêpes",0.0,g
748,Crêpes pannkaka tunn fylld,"Folat, totalt","Pannkakor, våfflor, crêpes",12.2,µg
748,Crêpes pannkaka tunn fylld,Fibrer,"Pannkakor, våfflor, crêpes",0.7,g
748,Crêpes pannkaka tunn fylld,"Fett, totalt","Pannkakor, våfflor, crêpes",11.8,g
748,Crêpes pannkaka tunn fylld,"Järn, Fe","Pannkakor, våfflor, crêpes",0.5,mg
748,Crêpes pannkaka tunn fylld,Energi (kJ),"Pannkakor, våfflor, crêpes",682.0,kJ
748,Crêpes pannkaka tunn fylld,Energi (kcal),"Pannkakor, våfflor, crêpes",163.0,kcal
748,Crêpes pannkaka tunn fylld,Disackarider,"Pannkakor, våfflor, crêpes",1.1,g
748,Crêpes pannkaka tunn fylld,"Kalcium, Ca","Pannkakor, våfflor, crêpes",142.0,mg
748,Crêpes pannkaka tunn fylld,Fettsyra 4:0-10:0,"Pannkakor, våfflor, crêpes",0.7,g
748,Crêpes pannkaka tunn fylld,DHA (C22:6),"Pannkakor, våfflor, crêpes",0.0,g
748,Crêpes pannkaka tunn fylld,DPA (C22:5),"Pannkakor, våfflor, crêpes",0.0,g
748,Crêpes pannkaka tunn fylld,EPA (C20:5),"Pannkakor, våfflor, crêpes",0.0,g
748,Crêpes pannkaka tunn fylld,Arakidonsyra C20:4,"Pannkakor, våfflor, crêpes",0.0,g
748,Crêpes pannkaka tunn fylld,Arakidinsyra C20:0,"Pannkakor, våfflor, crêpes",0.0,g
748,Crêpes pannkaka tunn fylld,Linolensyra C18:3,"Pannkakor, våfflor, crêpes",0.3,g
748,Crêpes pannkaka tunn fylld,Linolsyra C18:2,"Pannkakor, våfflor, crêpes",0.8,g
748,Crêpes pannkaka tunn fylld,Oljesyra C18:1,"Pannkakor, våfflor, crêpes",3.6,g
748,Crêpes pannkaka tunn fylld,Stearinsyra C18:0,"Pannkakor, våfflor, crêpes",1.1,g
748,Crêpes pannkaka tunn fylld,Palmitoljesyra C16:1,"Pannkakor, våfflor, crêpes",0.2,g
748,Crêpes pannkaka tunn fylld,Palmitinsyra C16:0,"Pannkakor, våfflor, crêpes",2.8,g
748,Crêpes pannkaka tunn fylld,Myristinsyra C14:0,"Pannkakor, våfflor, crêpes",0.8,g
748,Crêpes pannkaka tunn fylld,Laurinsyra C12:0,"Pannkakor, våfflor, crêpes",0.2,g
748,Crêpes pannkaka tunn fylld,Betakaroten/β-Karoten,"Pannkakor, våfflor, crêpes",565.0,µg
748,Crêpes pannkaka tunn fylld,Avfall (skal etc.),"Pannkakor, våfflor, crêpes",4.0,%
748,Crêpes pannkaka tunn fylld,Aska,"Pannkakor, våfflor, crêpes",2.6,g
748,Crêpes pannkaka tunn fylld,Alkohol,"Pannkakor, våfflor, crêpes",0.11,g
750,Vårrulle värmd frysvara,"Zink, Zn",Pizza paj pirog färdig smörgås,1.0,mg
750,Vårrulle värmd frysvara,Vitamin E,Pizza paj pirog färdig smörgås,0.8,mg
750,Vårrulle värmd frysvara,Vitamin D,Pizza paj pirog färdig smörgås,0.0,µg
750,Vårrulle värmd frysvara,Vitamin C,Pizza paj pirog färdig smörgås,7.8,mg
750,Vårrulle värmd frysvara,Vitamin B6,Pizza paj pirog färdig smörgås,0.18,mg
750,Vårrulle värmd frysvara,Vitamin B12,Pizza paj pirog färdig smörgås,0.17,µg
750,Vårrulle värmd frysvara,Vitamin A,Pizza paj pirog färdig smörgås,3.6,RE/µg
750,Vårrulle värmd frysvara,Vatten,Pizza paj pirog färdig smörgås,57.1,g
750,Vårrulle värmd frysvara,Tiamin,Pizza paj pirog färdig smörgås,0.1,mg
750,Vårrulle värmd frysvara,Tillsatt socker,Pizza paj pirog färdig smörgås,2.0,g
750,Vårrulle värmd frysvara,Fritt socker,Pizza paj pirog färdig smörgås,2.0,g
750,Vårrulle värmd frysvara,"Selen, Se",Pizza paj pirog färdig smörgås,2.8,µg
750,Vårrulle värmd frysvara,Sackaros,Pizza paj pirog färdig smörgås,0.2,g
750,Vårrulle värmd frysvara,Riboflavin,Pizza paj pirog färdig smörgås,0.08,mg
750,Vårrulle värmd frysvara,Retinol,Pizza paj pirog färdig smörgås,2.9,µg
750,Vårrulle värmd frysvara,Protein,Pizza paj pirog färdig smörgås,6.9,g
750,Vårrulle värmd frysvara,Summa fleromättade fettsyror,Pizza paj pirog färdig smörgås,1.3,g
750,Vårrulle värmd frysvara,"Fosfor, P",Pizza paj pirog färdig smörgås,73.0,mg
750,Vårrulle värmd frysvara,Niacinekvivalenter,Pizza paj pirog färdig smörgås,2.62,NE/mg
750,Vårrulle värmd frysvara,Niacin,Pizza paj pirog färdig smörgås,1.47,mg
750,Vårrulle värmd frysvara,"Salt, NaCl",Pizza paj pirog färdig smörgås,1.3,g
750,Vårrulle värmd frysvara,"Natrium, Na",Pizza paj pirog färdig smörgås,510.0,mg
750,Vårrulle värmd frysvara,Monosackarider,Pizza paj pirog färdig smörgås,1.5,g
750,Vårrulle värmd frysvara,"Sockerarter, totalt",Pizza paj pirog färdig smörgås,2.8,g
750,Vårrulle värmd frysvara,Summa enkelomättade fettsyror,Pizza paj pirog färdig smörgås,5.9,g
750,Vårrulle värmd frysvara,"Magnesium, Mg",Pizza paj pirog färdig smörgås,18.0,mg
750,Vårrulle värmd frysvara,Summa mättade fettsyror,Pizza paj pirog färdig smörgås,3.0,g
750,Vårrulle värmd frysvara,"Kolhydrater, tillgängliga",Pizza paj pirog färdig smörgås,22.4,g
750,Vårrulle värmd frysvara,Kolesterol,Pizza paj pirog färdig smörgås,12.0,mg
750,Vårrulle värmd frysvara,"Kalium, K",Pizza paj pirog färdig smörgås,174.0,mg
750,Vårrulle värmd frysvara,"Jod, I",Pizza paj pirog färdig smörgås,1.2,µg
750,Vårrulle värmd frysvara,Fullkorn totalt,Pizza paj pirog färdig smörgås,0.0,g
750,Vårrulle värmd frysvara,"Folat, totalt",Pizza paj pirog färdig smörgås,26.2,µg
750,Vårrulle värmd frysvara,Fibrer,Pizza paj pirog färdig smörgås,1.1,g
750,Vårrulle värmd frysvara,"Fett, totalt",Pizza paj pirog färdig smörgås,10.8,g
750,Vårrulle värmd frysvara,"Järn, Fe",Pizza paj pirog färdig smörgås,1.0,mg
750,Vårrulle värmd frysvara,Energi (kJ),Pizza paj pirog färdig smörgås,906.0,kJ
750,Vårrulle värmd frysvara,Energi (kcal),Pizza paj pirog färdig smörgås,217.0,kcal
750,Vårrulle värmd frysvara,Disackarider,Pizza paj pirog färdig smörgås,1.3,g
750,Vårrulle värmd frysvara,"Kalcium, Ca",Pizza paj pirog färdig smörgås,38.0,mg
750,Vårrulle värmd frysvara,Fettsyra 4:0-10:0,Pizza paj pirog färdig smörgås,0.0,g
750,Vårrulle värmd frysvara,DHA (C22:6),Pizza paj pirog färdig smörgås,0.0,g
750,Vårrulle värmd frysvara,DPA (C22:5),Pizza paj pirog färdig smörgås,0.0,g
750,Vårrulle värmd frysvara,EPA (C20:5),Pizza paj pirog färdig smörgås,0.0,g
750,Vårrulle värmd frysvara,Arakidonsyra C20:4,Pizza paj pirog färdig smörgås,0.0,g
750,Vårrulle värmd frysvara,Arakidinsyra C20:0,Pizza paj pirog färdig smörgås,0.0,g
750,Vårrulle värmd frysvara,Linolensyra C18:3,Pizza paj pirog färdig smörgås,0.3,g
750,Vårrulle värmd frysvara,Linolsyra C18:2,Pizza paj pirog färdig smörgås,0.9,g
750,Vårrulle värmd frysvara,Oljesyra C18:1,Pizza paj pirog färdig smörgås,5.5,g
750,Vårrulle värmd frysvara,Stearinsyra C18:0,Pizza paj pirog färdig smörgås,0.9,g
750,Vårrulle värmd frysvara,Palmitoljesyra C16:1,Pizza paj pirog färdig smörgås,0.2,g
750,Vårrulle värmd frysvara,Palmitinsyra C16:0,Pizza paj pirog färdig smörgås,1.7,g
750,Vårrulle värmd frysvara,Myristinsyra C14:0,Pizza paj pirog färdig smörgås,0.1,g
750,Vårrulle värmd frysvara,Laurinsyra C12:0,Pizza paj pirog färdig smörgås,0.0,g
750,Vårrulle värmd frysvara,Betakaroten/β-Karoten,Pizza paj pirog färdig smörgås,8.0,µg
750,Vårrulle värmd frysvara,Avfall (skal etc.),Pizza paj pirog färdig smörgås,0.0,%
750,Vårrulle värmd frysvara,Aska,Pizza paj pirog färdig smörgås,1.7,g
750,Vårrulle värmd frysvara,Alkohol,Pizza paj pirog färdig smörgås,0.0,g
751,Vårrulle värmd tillagad på restaurang,"Zink, Zn",Pizza paj pirog färdig smörgås,0.6,mg
751,Vårrulle värmd tillagad på restaurang,Vitamin E,Pizza paj pirog färdig smörgås,4.2,mg
751,Vårrulle värmd tillagad på restaurang,Vitamin D,Pizza paj pirog färdig smörgås,0.1,µg
751,Vårrulle värmd tillagad på restaurang,Vitamin C,Pizza paj pirog färdig smörgås,6.6,mg
751,Vårrulle värmd tillagad på restaurang,Vitamin B6,Pizza paj pirog färdig smörgås,0.15,mg
751,Vårrulle värmd tillagad på restaurang,Vitamin B12,Pizza paj pirog färdig smörgås,0.13,µg
751,Vårrulle värmd tillagad på restaurang,Vitamin A,Pizza paj pirog färdig smörgås,0.7,RE/µg
751,Vårrulle värmd tillagad på restaurang,Vatten,Pizza paj pirog färdig smörgås,47.9,g
751,Vårrulle värmd tillagad på restaurang,Tiamin,Pizza paj pirog färdig smörgås,0.12,mg
751,Vårrulle värmd tillagad på restaurang,Tillsatt socker,Pizza paj pirog färdig smörgås,0.0,g
751,Vårrulle värmd tillagad på restaurang,Fritt socker,Pizza paj pirog färdig smörgås,0.0,g
751,Vårrulle värmd tillagad på restaurang,"Selen, Se",Pizza paj pirog färdig smörgås,4.4,µg
751,Vårrulle värmd tillagad på restaurang,Sackaros,Pizza paj pirog färdig smörgås,0.5,g
751,Vårrulle värmd tillagad på restaurang,Riboflavin,Pizza paj pirog färdig smörgås,0.05,mg
751,Vårrulle värmd tillagad på restaurang,Retinol,Pizza paj pirog färdig smörgås,0.0,µg
751,Vårrulle värmd tillagad på restaurang,Protein,Pizza paj pirog färdig smörgås,6.6,g
751,Vårrulle värmd tillagad på restaurang,Summa fleromättade fettsyror,Pizza paj pirog färdig smörgås,5.9,g
751,Vårrulle värmd tillagad på restaurang,"Fosfor, P",Pizza paj pirog färdig smörgås,81.0,mg
751,Vårrulle värmd tillagad på restaurang,Niacinekvivalenter,Pizza paj pirog färdig smörgås,2.51,NE/mg
751,Vårrulle värmd tillagad på restaurang,Niacin,Pizza paj pirog färdig smörgås,1.41,mg
751,Vårrulle värmd tillagad på restaurang,"Salt, NaCl",Pizza paj pirog färdig smörgås,1.4,g
751,Vårrulle värmd tillagad på restaurang,"Natrium, Na",Pizza paj pirog färdig smörgås,552.0,mg
751,Vårrulle värmd tillagad på restaurang,Monosackarider,Pizza paj pirog färdig smörgås,2.5,g
751,Vårrulle värmd tillagad på restaurang,"Sockerarter, totalt",Pizza paj pirog färdig smörgås,3.2,g
751,Vårrulle värmd tillagad på restaurang,Summa enkelomättade fettsyror,Pizza paj pirog färdig smörgås,13.3,g
751,Vårrulle värmd tillagad på restaurang,"Magnesium, Mg",Pizza paj pirog färdig smörgås,18.0,mg
751,Vårrulle värmd tillagad på restaurang,Summa mättade fettsyror,Pizza paj pirog färdig smörgås,3.5,g
751,Vårrulle värmd tillagad på restaurang,"Kolhydrater, tillgängliga",Pizza paj pirog färdig smörgås,18.7,g
751,Vårrulle värmd tillagad på restaurang,Kolesterol,Pizza paj pirog färdig smörgås,2.0,mg
751,Vårrulle värmd tillagad på restaurang,"Kalium, K",Pizza paj pirog färdig smörgås,168.0,mg
751,Vårrulle värmd tillagad på restaurang,"Jod, I",Pizza paj pirog färdig smörgås,1.2,µg
751,Vårrulle värmd tillagad på restaurang,Fullkorn totalt,Pizza paj pirog färdig smörgås,0.0,g
751,Vårrulle värmd tillagad på restaurang,"Folat, totalt",Pizza paj pirog färdig smörgås,14.8,µg
751,Vårrulle värmd tillagad på restaurang,Fibrer,Pizza paj pirog färdig smörgås,1.1,g
751,Vårrulle värmd tillagad på restaurang,"Fett, totalt",Pizza paj pirog färdig smörgås,23.8,g
751,Vårrulle värmd tillagad på restaurang,"Järn, Fe",Pizza paj pirog färdig smörgås,0.6,mg
751,Vårrulle värmd tillagad på restaurang,Energi (kJ),Pizza paj pirog färdig smörgås,1320.0,kJ
751,Vårrulle värmd tillagad på restaurang,Energi (kcal),Pizza paj pirog färdig smörgås,316.0,kcal
751,Vårrulle värmd tillagad på restaurang,Disackarider,Pizza paj pirog färdig smörgås,0.7,g
751,Vårrulle värmd tillagad på restaurang,"Kalcium, Ca",Pizza paj pirog färdig smörgås,37.0,mg
751,Vårrulle värmd tillagad på restaurang,Fettsyra 4:0-10:0,Pizza paj pirog färdig smörgås,0.2,g
751,Vårrulle värmd tillagad på restaurang,DHA (C22:6),Pizza paj pirog färdig smörgås,0.0,g
751,Vårrulle värmd tillagad på restaurang,DPA (C22:5),Pizza paj pirog färdig smörgås,0.0,g
751,Vårrulle värmd tillagad på restaurang,EPA (C20:5),Pizza paj pirog färdig smörgås,0.0,g
751,Vårrulle värmd tillagad på restaurang,Arakidonsyra C20:4,Pizza paj pirog färdig smörgås,0.0,g
751,Vårrulle värmd tillagad på restaurang,Arakidinsyra C20:0,Pizza paj pirog färdig smörgås,0.1,g
751,Vårrulle värmd tillagad på restaurang,Linolensyra C18:3,Pizza paj pirog färdig smörgås,1.9,g
751,Vårrulle värmd tillagad på restaurang,Linolsyra C18:2,Pizza paj pirog färdig smörgås,4.0,g
751,Vårrulle värmd tillagad på restaurang,Oljesyra C18:1,Pizza paj pirog färdig smörgås,12.7,g
751,Vårrulle värmd tillagad på restaurang,Stearinsyra C18:0,Pizza paj pirog färdig smörgås,0.8,g
751,Vårrulle värmd tillagad på restaurang,Palmitoljesyra C16:1,Pizza paj pirog färdig smörgås,0.1,g
751,Vårrulle värmd tillagad på restaurang,Palmitinsyra C16:0,Pizza paj pirog färdig smörgås,1.4,g
751,Vårrulle värmd tillagad på restaurang,Myristinsyra C14:0,Pizza paj pirog färdig smörgås,0.2,g
751,Vårrulle värmd tillagad på restaurang,Laurinsyra C12:0,Pizza paj pirog färdig smörgås,0.6,g
751,Vårrulle värmd tillagad på restaurang,Betakaroten/β-Karoten,Pizza paj pirog färdig smörgås,8.0,µg
751,Vårrulle värmd tillagad på restaurang,Avfall (skal etc.),Pizza paj pirog färdig smörgås,0.0,%
751,Vårrulle värmd tillagad på restaurang,Aska,Pizza paj pirog färdig smörgås,1.8,g
751,Vårrulle värmd tillagad på restaurang,Alkohol,Pizza paj pirog färdig smörgås,0.0,g
752,Deg matpaj gräddad,"Zink, Zn",Pizza paj pirog färdig smörgås,0.3,mg
752,Deg matpaj gräddad,Vitamin E,Pizza paj pirog färdig smörgås,3.6,mg
752,Deg matpaj gräddad,Vitamin D,Pizza paj pirog färdig smörgås,2.49,µg
752,Deg matpaj gräddad,Vitamin C,Pizza paj pirog färdig smörgås,1.2,mg
752,Deg matpaj gräddad,Vitamin B6,Pizza paj pirog färdig smörgås,0.03,mg
752,Deg matpaj gräddad,Vitamin B12,Pizza paj pirog färdig smörgås,0.0,µg
752,Deg matpaj gräddad,Vitamin A,Pizza paj pirog färdig smörgås,273.1,RE/µg
752,Deg matpaj gräddad,Vatten,Pizza paj pirog färdig smörgås,23.5,g
752,Deg matpaj gräddad,Tiamin,Pizza paj pirog färdig smörgås,0.06,mg
752,Deg matpaj gräddad,Tillsatt socker,Pizza paj pirog färdig smörgås,0.0,g
752,Deg matpaj gräddad,Fritt socker,Pizza paj pirog färdig smörgås,0.0,g
752,Deg matpaj gräddad,"Selen, Se",Pizza paj pirog färdig smörgås,5.3,µg
752,Deg matpaj gräddad,Sackaros,Pizza paj pirog färdig smörgås,0.1,g
752,Deg matpaj gräddad,Riboflavin,Pizza paj pirog färdig smörgås,0.01,mg
752,Deg matpaj gräddad,Retinol,Pizza paj pirog färdig smörgås,258.9,µg
752,Deg matpaj gräddad,Protein,Pizza paj pirog färdig smörgås,4.6,g
752,Deg matpaj gräddad,Summa fleromättade fettsyror,Pizza paj pirog färdig smörgås,5.2,g
752,Deg matpaj gräddad,"Fosfor, P",Pizza paj pirog färdig smörgås,61.0,mg
752,Deg matpaj gräddad,Niacinekvivalenter,Pizza paj pirog färdig smörgås,1.23,NE/mg
752,Deg matpaj gräddad,Niacin,Pizza paj pirog färdig smörgås,0.45,mg
752,Deg matpaj gräddad,"Salt, NaCl",Pizza paj pirog färdig smörgås,1.5,g
752,Deg matpaj gräddad,"Natrium, Na",Pizza paj pirog färdig smörgås,609.0,mg
752,Deg matpaj gräddad,Monosackarider,Pizza paj pirog färdig smörgås,0.1,g
752,Deg matpaj gräddad,"Sockerarter, totalt",Pizza paj pirog färdig smörgås,1.0,g
752,Deg matpaj gräddad,Summa enkelomättade fettsyror,Pizza paj pirog färdig smörgås,10.6,g
752,Deg matpaj gräddad,"Magnesium, Mg",Pizza paj pirog färdig smörgås,12.0,mg
752,Deg matpaj gräddad,Summa mättade fettsyror,Pizza paj pirog färdig smörgås,13.5,g
752,Deg matpaj gräddad,"Kolhydrater, tillgängliga",Pizza paj pirog färdig smörgås,38.0,g
752,Deg matpaj gräddad,Kolesterol,Pizza paj pirog färdig smörgås,21.4,mg
752,Deg matpaj gräddad,"Kalium, K",Pizza paj pirog färdig smörgås,87.0,mg
752,Deg matpaj gräddad,"Jod, I",Pizza paj pirog färdig smörgås,52.5,µg
752,Deg matpaj gräddad,Fullkorn totalt,Pizza paj pirog färdig smörgås,0.0,g
752,Deg matpaj gräddad,"Folat, totalt",Pizza paj pirog färdig smörgås,7.2,µg
752,Deg matpaj gräddad,Fibrer,Pizza paj pirog färdig smörgås,1.9,g
752,Deg matpaj gräddad,"Fett, totalt",Pizza paj pirog färdig smörgås,30.3,g
752,Deg matpaj gräddad,"Järn, Fe",Pizza paj pirog färdig smörgås,0.4,mg
752,Deg matpaj gräddad,Energi (kJ),Pizza paj pirog färdig smörgås,1860.0,kJ
752,Deg matpaj gräddad,Energi (kcal),Pizza paj pirog färdig smörgås,445.0,kcal
752,Deg matpaj gräddad,Disackarider,Pizza paj pirog färdig smörgås,0.9,g
752,Deg matpaj gräddad,"Kalcium, Ca",Pizza paj pirog färdig smörgås,13.0,mg
752,Deg matpaj gräddad,Fettsyra 4:0-10:0,Pizza paj pirog färdig smörgås,0.8,g
752,Deg matpaj gräddad,DHA (C22:6),Pizza paj pirog färdig smörgås,0.0,g
752,Deg matpaj gräddad,DPA (C22:5),Pizza paj pirog färdig smörgås,0.0,g
752,Deg matpaj gräddad,EPA (C20:5),Pizza paj pirog färdig smörgås,0.0,g
752,Deg matpaj gräddad,Arakidonsyra C20:4,Pizza paj pirog färdig smörgås,0.0,g
752,Deg matpaj gräddad,Arakidinsyra C20:0,Pizza paj pirog färdig smörgås,0.0,g
752,Deg matpaj gräddad,Linolensyra C18:3,Pizza paj pirog färdig smörgås,1.1,g
752,Deg matpaj gräddad,Linolsyra C18:2,Pizza paj pirog färdig smörgås,3.4,g
752,Deg matpaj gräddad,Oljesyra C18:1,Pizza paj pirog färdig smörgås,11.0,g
752,Deg matpaj gräddad,Stearinsyra C18:0,Pizza paj pirog färdig smörgås,1.5,g
752,Deg matpaj gräddad,Palmitoljesyra C16:1,Pizza paj pirog färdig smörgås,0.1,g
752,Deg matpaj gräddad,Palmitinsyra C16:0,Pizza paj pirog färdig smörgås,8.6,g
752,Deg matpaj gräddad,Myristinsyra C14:0,Pizza paj pirog färdig smörgås,1.1,g
752,Deg matpaj gräddad,Laurinsyra C12:0,Pizza paj pirog färdig smörgås,0.8,g
752,Deg matpaj gräddad,Betakaroten/β-Karoten,Pizza paj pirog färdig smörgås,168.0,µg
752,Deg matpaj gräddad,Avfall (skal etc.),Pizza paj pirog färdig smörgås,0.0,%
752,Deg matpaj gräddad,Aska,Pizza paj pirog färdig smörgås,1.7,g
752,Deg matpaj gräddad,Alkohol,Pizza paj pirog färdig smörgås,0.0,g
754,Pirog u. fyllning gräddad,"Zink, Zn",Pizza paj pirog färdig smörgås,0.5,mg
754,Pirog u. fyllning gräddad,Vitamin E,Pizza paj pirog färdig smörgås,1.7,mg
754,Pirog u. fyllning gräddad,Vitamin D inkl 25-OH-D3,Pizza paj pirog färdig smörgås,0.59,µg
754,Pirog u. fyllning gräddad,Vitamin D,Pizza paj pirog färdig smörgås,0.15,µg
754,Pirog u. fyllning gräddad,Vitamin C,Pizza paj pirog färdig smörgås,1.1,mg
754,Pirog u. fyllning gräddad,Vitamin B6,Pizza paj pirog färdig smörgås,0.04,mg
754,Pirog u. fyllning gräddad,Vitamin B12,Pizza paj pirog färdig smörgås,0.19,µg
754,Pirog u. fyllning gräddad,Vitamin A,Pizza paj pirog färdig smörgås,241.0,RE/µg
754,Pirog u. fyllning gräddad,Vatten,Pizza paj pirog färdig smörgås,25.7,g
754,Pirog u. fyllning gräddad,Tiamin,Pizza paj pirog färdig smörgås,0.06,mg
754,Pirog u. fyllning gräddad,Tillsatt socker,Pizza paj pirog färdig smörgås,0.0,g
754,Pirog u. fyllning gräddad,Fritt socker,Pizza paj pirog färdig smörgås,0.0,g
754,Pirog u. fyllning gräddad,"Selen, Se",Pizza paj pirog färdig smörgås,8.0,µg
754,Pirog u. fyllning gräddad,Sackaros,Pizza paj pirog färdig smörgås,0.1,g
754,Pirog u. fyllning gräddad,Riboflavin,Pizza paj pirog färdig smörgås,0.06,mg
754,Pirog u. fyllning gräddad,Retinol,Pizza paj pirog färdig smörgås,229.8,µg
754,Pirog u. fyllning gräddad,Protein,Pizza paj pirog färdig smörgås,5.9,g
754,Pirog u. fyllning gräddad,Summa fleromättade fettsyror,Pizza paj pirog färdig smörgås,1.6,g
754,Pirog u. fyllning gräddad,"Fosfor, P",Pizza paj pirog färdig smörgås,86.0,mg
754,Pirog u. fyllning gräddad,Niacinekvivalenter,Pizza paj pirog färdig smörgås,1.57,NE/mg
754,Pirog u. fyllning gräddad,Niacin,Pizza paj pirog färdig smörgås,0.42,mg
754,Pirog u. fyllning gräddad,"Salt, NaCl",Pizza paj pirog färdig smörgås,0.9,g
754,Pirog u. fyllning gräddad,"Natrium, Na",Pizza paj pirog färdig smörgås,369.0,mg
754,Pirog u. fyllning gräddad,Monosackarider,Pizza paj pirog färdig smörgås,0.1,g
754,Pirog u. fyllning gräddad,"Sockerarter, totalt",Pizza paj pirog färdig smörgås,1.0,g
754,Pirog u. fyllning gräddad,Summa enkelomättade fettsyror,Pizza paj pirog färdig smörgås,7.1,g
754,Pirog u. fyllning gräddad,"Magnesium, Mg",Pizza paj pirog färdig smörgås,12.0,mg
754,Pirog u. fyllning gräddad,Summa mättade fettsyror,Pizza paj pirog färdig smörgås,19.1,g
754,Pirog u. fyllning gräddad,"Kolhydrater, tillgängliga",Pizza paj pirog färdig smörgås,35.5,g
754,Pirog u. fyllning gräddad,Kolesterol,Pizza paj pirog färdig smörgås,132.3,mg
754,Pirog u. fyllning gräddad,"Kalium, K",Pizza paj pirog färdig smörgås,99.0,mg
754,Pirog u. fyllning gräddad,"Jod, I",Pizza paj pirog färdig smörgås,31.7,µg
754,Pirog u. fyllning gräddad,Fullkorn totalt,Pizza paj pirog färdig smörgås,0.0,g
754,Pirog u. fyllning gräddad,"Folat, totalt",Pizza paj pirog färdig smörgås,14.8,µg
754,Pirog u. fyllning gräddad,Fibrer,Pizza paj pirog färdig smörgås,1.7,g
754,Pirog u. fyllning gräddad,"Fett, totalt",Pizza paj pirog färdig smörgås,29.9,g
754,Pirog u. fyllning gräddad,"Järn, Fe",Pizza paj pirog färdig smörgås,0.6,mg
754,Pirog u. fyllning gräddad,Energi (kJ),Pizza paj pirog färdig smörgås,1823.0,kJ
754,Pirog u. fyllning gräddad,Energi (kcal),Pizza paj pirog färdig smörgås,436.0,kcal
754,Pirog u. fyllning gräddad,Disackarider,Pizza paj pirog färdig smörgås,0.9,g
754,Pirog u. fyllning gräddad,"Kalcium, Ca",Pizza paj pirog färdig smörgås,18.0,mg
754,Pirog u. fyllning gräddad,Fettsyra 4:0-10:0,Pizza paj pirog färdig smörgås,2.7,g
754,Pirog u. fyllning gräddad,DHA (C22:6),Pizza paj pirog färdig smörgås,0.0,g
754,Pirog u. fyllning gräddad,DPA (C22:5),Pizza paj pirog färdig smörgås,0.0,g
754,Pirog u. fyllning gräddad,EPA (C20:5),Pizza paj pirog färdig smörgås,0.0,g
754,Pirog u. fyllning gräddad,Arakidonsyra C20:4,Pizza paj pirog färdig smörgås,0.0,g
754,Pirog u. fyllning gräddad,Arakidinsyra C20:0,Pizza paj pirog färdig smörgås,0.0,g
754,Pirog u. fyllning gräddad,Linolensyra C18:3,Pizza paj pirog färdig smörgås,0.2,g
754,Pirog u. fyllning gräddad,Linolsyra C18:2,Pizza paj pirog färdig smörgås,1.3,g
754,Pirog u. fyllning gräddad,Oljesyra C18:1,Pizza paj pirog färdig smörgås,6.2,g
754,Pirog u. fyllning gräddad,Stearinsyra C18:0,Pizza paj pirog färdig smörgås,2.7,g
754,Pirog u. fyllning gräddad,Palmitoljesyra C16:1,Pizza paj pirog färdig smörgås,0.5,g
754,Pirog u. fyllning gräddad,Palmitinsyra C16:0,Pizza paj pirog färdig smörgås,8.7,g
754,Pirog u. fyllning gräddad,Myristinsyra C14:0,Pizza paj pirog färdig smörgås,3.0,g
754,Pirog u. fyllning gräddad,Laurinsyra C12:0,Pizza paj pirog färdig smörgås,0.9,g
754,Pirog u. fyllning gräddad,Betakaroten/β-Karoten,Pizza paj pirog färdig smörgås,132.0,µg
754,Pirog u. fyllning gräddad,Avfall (skal etc.),Pizza paj pirog färdig smörgås,2.0,%
754,Pirog u. fyllning gräddad,Aska,Pizza paj pirog färdig smörgås,1.0,g
754,Pirog u. fyllning gräddad,Alkohol,Pizza paj pirog färdig smörgås,0.0,g
755,Deg smulpaj gräddad,"Zink, Zn",Bullar kakor tårtor mm,0.5,mg
755,Deg smulpaj gräddad,Vitamin E,Bullar kakor tårtor mm,3.3,mg
755,Deg smulpaj gräddad,Vitamin D,Bullar kakor tårtor mm,2.23,µg
755,Deg smulpaj gräddad,Vitamin C,Bullar kakor tårtor mm,1.0,mg
755,Deg smulpaj gräddad,Vitamin B6,Bullar kakor tårtor mm,0.03,mg
755,Deg smulpaj gräddad,Vitamin B12,Bullar kakor tårtor mm,0.0,µg
755,Deg smulpaj gräddad,Vitamin A,Bullar kakor tårtor mm,245.4,RE/µg
755,Deg smulpaj gräddad,Vatten,Bullar kakor tårtor mm,12.3,g
755,Deg smulpaj gräddad,Tiamin,Bullar kakor tårtor mm,0.06,mg
755,Deg smulpaj gräddad,Tillsatt socker,Bullar kakor tårtor mm,15.0,g
755,Deg smulpaj gräddad,Fritt socker,Bullar kakor tårtor mm,15.0,g
755,Deg smulpaj gräddad,"Selen, Se",Bullar kakor tårtor mm,5.4,µg
755,Deg smulpaj gräddad,Sackaros,Bullar kakor tårtor mm,14.9,g
755,Deg smulpaj gräddad,Riboflavin,Bullar kakor tårtor mm,0.02,mg
755,Deg smulpaj gräddad,Retinol,Bullar kakor tårtor mm,232.8,µg
755,Deg smulpaj gräddad,Protein,Bullar kakor tårtor mm,4.7,g
755,Deg smulpaj gräddad,Summa fleromättade fettsyror,Bullar kakor tårtor mm,4.9,g
755,Deg smulpaj gräddad,"Fosfor, P",Bullar kakor tårtor mm,81.0,mg
755,Deg smulpaj gräddad,Niacinekvivalenter,Bullar kakor tårtor mm,1.24,NE/mg
755,Deg smulpaj gräddad,Niacin,Bullar kakor tårtor mm,0.45,mg
755,Deg smulpaj gräddad,"Salt, NaCl",Bullar kakor tårtor mm,0.5,g
755,Deg smulpaj gräddad,"Natrium, Na",Bullar kakor tårtor mm,186.0,mg
755,Deg smulpaj gräddad,Monosackarider,Bullar kakor tårtor mm,0.0,g
755,Deg smulpaj gräddad,"Sockerarter, totalt",Bullar kakor tårtor mm,15.6,g
755,Deg smulpaj gräddad,Summa enkelomättade fettsyror,Bullar kakor tårtor mm,9.7,g
755,Deg smulpaj gräddad,"Magnesium, Mg",Bullar kakor tårtor mm,19.0,mg
755,Deg smulpaj gräddad,Summa mättade fettsyror,Bullar kakor tårtor mm,12.3,g
755,Deg smulpaj gräddad,"Kolhydrater, tillgängliga",Bullar kakor tårtor mm,52.2,g
755,Deg smulpaj gräddad,Kolesterol,Bullar kakor tårtor mm,19.2,mg
755,Deg smulpaj gräddad,"Kalium, K",Bullar kakor tårtor mm,103.0,mg
755,Deg smulpaj gräddad,"Jod, I",Bullar kakor tårtor mm,1.9,µg
755,Deg smulpaj gräddad,Fullkorn totalt,Bullar kakor tårtor mm,9.0,g
755,Deg smulpaj gräddad,"Folat, totalt",Bullar kakor tårtor mm,7.6,µg
755,Deg smulpaj gräddad,Fibrer,Bullar kakor tårtor mm,2.2,g
755,Deg smulpaj gräddad,"Fett, totalt",Bullar kakor tårtor mm,27.8,g
755,Deg smulpaj gräddad,"Järn, Fe",Bullar kakor tårtor mm,0.6,mg
755,Deg smulpaj gräddad,Energi (kJ),Bullar kakor tårtor mm,2012.0,kJ
755,Deg smulpaj gräddad,Energi (kcal),Bullar kakor tårtor mm,481.0,kcal
755,Deg smulpaj gräddad,Disackarider,Bullar kakor tårtor mm,15.6,g
755,Deg smulpaj gräddad,"Kalcium, Ca",Bullar kakor tårtor mm,13.0,mg
755,Deg smulpaj gräddad,Fettsyra 4:0-10:0,Bullar kakor tårtor mm,0.7,g
755,Deg smulpaj gräddad,DHA (C22:6),Bullar kakor tårtor mm,0.0,g
755,Deg smulpaj gräddad,DPA (C22:5),Bullar kakor tårtor mm,0.0,g
755,Deg smulpaj gräddad,EPA (C20:5),Bullar kakor tårtor mm,0.0,g
755,Deg smulpaj gräddad,Arakidonsyra C20:4,Bullar kakor tårtor mm,0.0,g
755,Deg smulpaj gräddad,Arakidinsyra C20:0,Bullar kakor tårtor mm,0.0,g
755,Deg smulpaj gräddad,Linolensyra C18:3,Bullar kakor tårtor mm,1.0,g
755,Deg smulpaj gräddad,Linolsyra C18:2,Bullar kakor tårtor mm,3.3,g
755,Deg smulpaj gräddad,Oljesyra C18:1,Bullar kakor tårtor mm,10.1,g
755,Deg smulpaj gräddad,Stearinsyra C18:0,Bullar kakor tårtor mm,1.4,g
755,Deg smulpaj gräddad,Palmitoljesyra C16:1,Bullar kakor tårtor mm,0.1,g
755,Deg smulpaj gräddad,Palmitinsyra C16:0,Bullar kakor tårtor mm,7.8,g
755,Deg smulpaj gräddad,Myristinsyra C14:0,Bullar kakor tårtor mm,1.0,g
755,Deg smulpaj gräddad,Laurinsyra C12:0,Bullar kakor tårtor mm,0.7,g
755,Deg smulpaj gräddad,Betakaroten/β-Karoten,Bullar kakor tårtor mm,151.0,µg
755,Deg smulpaj gräddad,Avfall (skal etc.),Bullar kakor tårtor mm,0.0,%
755,Deg smulpaj gräddad,Aska,Bullar kakor tårtor mm,0.8,g
755,Deg smulpaj gräddad,Alkohol,Bullar kakor tårtor mm,0.0,g
756,Paj m. köttfärs,"Zink, Zn",Pizza paj pirog färdig smörgås,2.2,mg
756,Paj m. köttfärs,Vitamin E,Pizza paj pirog färdig smörgås,2.0,mg
756,Paj m. köttfärs,Vitamin D,Pizza paj pirog färdig smörgås,0.72,µg
756,Paj m. köttfärs,Vitamin C,Pizza paj pirog färdig smörgås,5.1,mg
756,Paj m. köttfärs,Vitamin B6,Pizza paj pirog färdig smörgås,0.14,mg
756,Paj m. köttfärs,Vitamin B12,Pizza paj pirog färdig smörgås,0.6,µg
756,Paj m. köttfärs,Vitamin A,Pizza paj pirog färdig smörgås,116.6,RE/µg
756,Paj m. köttfärs,Vatten,Pizza paj pirog färdig smörgås,57.9,g
756,Paj m. köttfärs,Tiamin,Pizza paj pirog färdig smörgås,0.08,mg
756,Paj m. köttfärs,Tillsatt socker,Pizza paj pirog färdig smörgås,0.0,g
756,Paj m. köttfärs,Fritt socker,Pizza paj pirog färdig smörgås,0.0,g
756,Paj m. köttfärs,"Selen, Se",Pizza paj pirog färdig smörgås,6.2,µg
756,Paj m. köttfärs,Sackaros,Pizza paj pirog färdig smörgås,0.6,g
756,Paj m. köttfärs,Riboflavin,Pizza paj pirog färdig smörgås,0.14,mg
756,Paj m. köttfärs,Retinol,Pizza paj pirog färdig smörgås,100.7,µg
756,Paj m. köttfärs,Protein,Pizza paj pirog färdig smörgås,11.2,g
756,Paj m. köttfärs,Summa fleromättade fettsyror,Pizza paj pirog färdig smörgås,2.0,g
756,Paj m. köttfärs,"Fosfor, P",Pizza paj pirog färdig smörgås,128.0,mg
756,Paj m. köttfärs,Niacinekvivalenter,Pizza paj pirog färdig smörgås,4.17,NE/mg
756,Paj m. köttfärs,Niacin,Pizza paj pirog färdig smörgås,2.04,mg
756,Paj m. köttfärs,"Salt, NaCl",Pizza paj pirog färdig smörgås,0.9,g
756,Paj m. köttfärs,"Natrium, Na",Pizza paj pirog färdig smörgås,351.0,mg
756,Paj m. köttfärs,Monosackarider,Pizza paj pirog färdig smörgås,1.0,g
756,Paj m. köttfärs,"Sockerarter, totalt",Pizza paj pirog färdig smörgås,1.9,g
756,Paj m. köttfärs,Summa enkelomättade fettsyror,Pizza paj pirog färdig smörgås,5.8,g
756,Paj m. köttfärs,"Magnesium, Mg",Pizza paj pirog färdig smörgås,19.0,mg
756,Paj m. köttfärs,Summa mättade fettsyror,Pizza paj pirog färdig smörgås,6.9,g
756,Paj m. köttfärs,"Kolhydrater, tillgängliga",Pizza paj pirog färdig smörgås,12.3,g
756,Paj m. köttfärs,Kolesterol,Pizza paj pirog färdig smörgås,49.5,mg
756,Paj m. köttfärs,"Kalium, K",Pizza paj pirog färdig smörgås,201.0,mg
756,Paj m. köttfärs,"Jod, I",Pizza paj pirog färdig smörgås,33.2,µg
756,Paj m. köttfärs,Fullkorn totalt,Pizza paj pirog färdig smörgås,7.0,g
756,Paj m. köttfärs,"Folat, totalt",Pizza paj pirog färdig smörgås,14.2,µg
756,Paj m. köttfärs,Fibrer,Pizza paj pirog färdig smörgås,1.3,g
756,Paj m. köttfärs,"Fett, totalt",Pizza paj pirog färdig smörgås,15.6,g
756,Paj m. köttfärs,"Järn, Fe",Pizza paj pirog färdig smörgås,1.1,mg
756,Paj m. köttfärs,Energi (kJ),Pizza paj pirog färdig smörgås,986.0,kJ
756,Paj m. köttfärs,Energi (kcal),Pizza paj pirog färdig smörgås,236.0,kcal
756,Paj m. köttfärs,Disackarider,Pizza paj pirog färdig smörgås,0.9,g
756,Paj m. köttfärs,"Kalcium, Ca",Pizza paj pirog färdig smörgås,63.0,mg
756,Paj m. köttfärs,Fettsyra 4:0-10:0,Pizza paj pirog färdig smörgås,0.4,g
756,Paj m. köttfärs,DHA (C22:6),Pizza paj pirog färdig smörgås,0.0,g
756,Paj m. köttfärs,DPA (C22:5),Pizza paj pirog färdig smörgås,0.0,g
756,Paj m. köttfärs,EPA (C20:5),Pizza paj pirog färdig smörgås,0.0,g
756,Paj m. köttfärs,Arakidonsyra C20:4,Pizza paj pirog färdig smörgås,0.0,g
756,Paj m. köttfärs,Arakidinsyra C20:0,Pizza paj pirog färdig smörgås,0.0,g
756,Paj m. köttfärs,Linolensyra C18:3,Pizza paj pirog färdig smörgås,0.4,g
756,Paj m. köttfärs,Linolsyra C18:2,Pizza paj pirog färdig smörgås,1.4,g
756,Paj m. köttfärs,Oljesyra C18:1,Pizza paj pirog färdig smörgås,5.6,g
756,Paj m. köttfärs,Stearinsyra C18:0,Pizza paj pirog färdig smörgås,1.2,g
756,Paj m. köttfärs,Palmitoljesyra C16:1,Pizza paj pirog färdig smörgås,0.2,g
756,Paj m. köttfärs,Palmitinsyra C16:0,Pizza paj pirog färdig smörgås,3.9,g
756,Paj m. köttfärs,Myristinsyra C14:0,Pizza paj pirog färdig smörgås,0.6,g
756,Paj m. köttfärs,Laurinsyra C12:0,Pizza paj pirog färdig smörgås,0.3,g
756,Paj m. köttfärs,Betakaroten/β-Karoten,Pizza paj pirog färdig smörgås,165.0,µg
756,Paj m. köttfärs,Avfall (skal etc.),Pizza paj pirog färdig smörgås,1.0,%
756,Paj m. köttfärs,Aska,Pizza paj pirog färdig smörgås,1.7,g
756,Paj m. köttfärs,Alkohol,Pizza paj pirog färdig smörgås,0.0,g
757,Paj m. kyckling bacon,"Zink, Zn",Pizza paj pirog färdig smörgås,0.5,mg
757,Paj m. kyckling bacon,Vitamin E,Pizza paj pirog färdig smörgås,1.9,mg
757,Paj m. kyckling bacon,Vitamin D,Pizza paj pirog färdig smörgås,0.69,µg
757,Paj m. kyckling bacon,Vitamin C,Pizza paj pirog färdig smörgås,11.3,mg
757,Paj m. kyckling bacon,Vitamin B6,Pizza paj pirog färdig smörgås,0.23,mg
757,Paj m. kyckling bacon,Vitamin B12,Pizza paj pirog färdig smörgås,0.11,µg
757,Paj m. kyckling bacon,Vitamin A,Pizza paj pirog färdig smörgås,118.6,RE/µg
757,Paj m. kyckling bacon,Vatten,Pizza paj pirog färdig smörgås,60.0,g
757,Paj m. kyckling bacon,Tiamin,Pizza paj pirog färdig smörgås,0.07,mg
757,Paj m. kyckling bacon,Tillsatt socker,Pizza paj pirog färdig smörgås,0.0,g
757,Paj m. kyckling bacon,Fritt socker,Pizza paj pirog färdig smörgås,0.0,g
757,Paj m. kyckling bacon,"Selen, Se",Pizza paj pirog färdig smörgås,7.0,µg
757,Paj m. kyckling bacon,Sackaros,Pizza paj pirog färdig smörgås,0.3,g
757,Paj m. kyckling bacon,Riboflavin,Pizza paj pirog färdig smörgås,0.1,mg
757,Paj m. kyckling bacon,Retinol,Pizza paj pirog färdig smörgås,108.0,µg
757,Paj m. kyckling bacon,Protein,Pizza paj pirog färdig smörgås,9.3,g
757,Paj m. kyckling bacon,Summa fleromättade fettsyror,Pizza paj pirog färdig smörgås,2.0,g
757,Paj m. kyckling bacon,"Fosfor, P",Pizza paj pirog färdig smörgås,104.0,mg
757,Paj m. kyckling bacon,Niacinekvivalenter,Pizza paj pirog färdig smörgås,5.57,NE/mg
757,Paj m. kyckling bacon,Niacin,Pizza paj pirog färdig smörgås,3.85,mg
757,Paj m. kyckling bacon,"Salt, NaCl",Pizza paj pirog färdig smörgås,1.1,g
757,Paj m. kyckling bacon,"Natrium, Na",Pizza paj pirog färdig smörgås,429.0,mg
757,Paj m. kyckling bacon,Monosackarider,Pizza paj pirog färdig smörgås,1.0,g
757,Paj m. kyckling bacon,"Sockerarter, totalt",Pizza paj pirog färdig smörgås,1.9,g
757,Paj m. kyckling bacon,Summa enkelomättade fettsyror,Pizza paj pirog färdig smörgås,5.1,g
757,Paj m. kyckling bacon,"Magnesium, Mg",Pizza paj pirog färdig smörgås,18.0,mg
757,Paj m. kyckling bacon,Summa mättade fettsyror,Pizza paj pirog färdig smörgås,7.5,g
757,Paj m. kyckling bacon,"Kolhydrater, tillgängliga",Pizza paj pirog färdig smörgås,11.9,g
757,Paj m. kyckling bacon,Kolesterol,Pizza paj pirog färdig smörgås,31.0,mg
757,Paj m. kyckling bacon,"Kalium, K",Pizza paj pirog färdig smörgås,163.0,mg
757,Paj m. kyckling bacon,"Jod, I",Pizza paj pirog färdig smörgås,42.6,µg
757,Paj m. kyckling bacon,Fullkorn totalt,Pizza paj pirog färdig smörgås,2.0,g
757,Paj m. kyckling bacon,"Folat, totalt",Pizza paj pirog färdig smörgås,15.0,µg
757,Paj m. kyckling bacon,Fibrer,Pizza paj pirog färdig smörgås,1.4,g
757,Paj m. kyckling bacon,"Fett, totalt",Pizza paj pirog färdig smörgås,15.3,g
757,Paj m. kyckling bacon,"Järn, Fe",Pizza paj pirog färdig smörgås,0.5,mg
757,Paj m. kyckling bacon,Energi (kJ),Pizza paj pirog färdig smörgås,940.0,kJ
757,Paj m. kyckling bacon,Energi (kcal),Pizza paj pirog färdig smörgås,225.0,kcal
757,Paj m. kyckling bacon,Disackarider,Pizza paj pirog färdig smörgås,0.9,g
757,Paj m. kyckling bacon,"Kalcium, Ca",Pizza paj pirog färdig smörgås,27.0,mg
757,Paj m. kyckling bacon,Fettsyra 4:0-10:0,Pizza paj pirog färdig smörgås,0.5,g
757,Paj m. kyckling bacon,DHA (C22:6),Pizza paj pirog färdig smörgås,0.0,g
757,Paj m. kyckling bacon,DPA (C22:5),Pizza paj pirog färdig smörgås,0.0,g
757,Paj m. kyckling bacon,EPA (C20:5),Pizza paj pirog färdig smörgås,0.0,g
757,Paj m. kyckling bacon,Arakidonsyra C20:4,Pizza paj pirog färdig smörgås,0.0,g
757,Paj m. kyckling bacon,Arakidinsyra C20:0,Pizza paj pirog färdig smörgås,0.0,g
757,Paj m. kyckling bacon,Linolensyra C18:3,Pizza paj pirog färdig smörgås,0.4,g
757,Paj m. kyckling bacon,Linolsyra C18:2,Pizza paj pirog färdig smörgås,1.4,g
757,Paj m. kyckling bacon,Oljesyra C18:1,Pizza paj pirog färdig smörgås,4.9,g
757,Paj m. kyckling bacon,Stearinsyra C18:0,Pizza paj pirog färdig smörgås,1.2,g
757,Paj m. kyckling bacon,Palmitoljesyra C16:1,Pizza paj pirog färdig smörgås,0.2,g
757,Paj m. kyckling bacon,Palmitinsyra C16:0,Pizza paj pirog färdig smörgås,4.2,g
757,Paj m. kyckling bacon,Myristinsyra C14:0,Pizza paj pirog färdig smörgås,0.9,g
757,Paj m. kyckling bacon,Laurinsyra C12:0,Pizza paj pirog färdig smörgås,0.4,g
757,Paj m. kyckling bacon,Betakaroten/β-Karoten,Pizza paj pirog färdig smörgås,85.0,µg
757,Paj m. kyckling bacon,Avfall (skal etc.),Pizza paj pirog färdig smörgås,2.0,%
757,Paj m. kyckling bacon,Aska,Pizza paj pirog färdig smörgås,1.8,g
757,Paj m. kyckling bacon,Alkohol,Pizza paj pirog färdig smörgås,0.1,g
758,Pirog m. köttfärs,"Zink, Zn",Pizza paj pirog färdig smörgås,2.1,mg
758,Pirog m. köttfärs,Vitamin E,Pizza paj pirog färdig smörgås,3.6,mg
758,Pirog m. köttfärs,Vitamin D,Pizza paj pirog färdig smörgås,0.49,µg
758,Pirog m. köttfärs,Vitamin C,Pizza paj pirog färdig smörgås,4.1,mg
758,Pirog m. köttfärs,Vitamin B6,Pizza paj pirog färdig smörgås,0.16,mg
758,Pirog m. köttfärs,Vitamin B12,Pizza paj pirog färdig smörgås,0.42,µg
758,Pirog m. köttfärs,Vitamin A,Pizza paj pirog färdig smörgås,69.5,RE/µg
758,Pirog m. köttfärs,Vatten,Pizza paj pirog färdig smörgås,51.0,g
758,Pirog m. köttfärs,Tiamin,Pizza paj pirog färdig smörgås,0.12,mg
758,Pirog m. köttfärs,Tillsatt socker,Pizza paj pirog färdig smörgås,0.0,g
758,Pirog m. köttfärs,Fritt socker,Pizza paj pirog färdig smörgås,0.0,g
758,Pirog m. köttfärs,"Selen, Se",Pizza paj pirog färdig smörgås,4.6,µg
758,Pirog m. köttfärs,Sackaros,Pizza paj pirog färdig smörgås,0.5,g
758,Pirog m. köttfärs,Riboflavin,Pizza paj pirog färdig smörgås,0.12,mg
758,Pirog m. köttfärs,Retinol,Pizza paj pirog färdig smörgås,50.1,µg
758,Pirog m. köttfärs,Protein,Pizza paj pirog färdig smörgås,9.6,g
758,Pirog m. köttfärs,Summa fleromättade fettsyror,Pizza paj pirog färdig smörgås,2.3,g
758,Pirog m. köttfärs,"Fosfor, P",Pizza paj pirog färdig smörgås,135.0,mg
758,Pirog m. köttfärs,Niacinekvivalenter,Pizza paj pirog färdig smörgås,3.7,NE/mg
758,Pirog m. köttfärs,Niacin,Pizza paj pirog färdig smörgås,1.96,mg
758,Pirog m. köttfärs,"Salt, NaCl",Pizza paj pirog färdig smörgås,1.7,g
758,Pirog m. köttfärs,"Natrium, Na",Pizza paj pirog färdig smörgås,682.0,mg
758,Pirog m. köttfärs,Monosackarider,Pizza paj pirog färdig smörgås,1.6,g
758,Pirog m. köttfärs,"Sockerarter, totalt",Pizza paj pirog färdig smörgås,2.7,g
758,Pirog m. köttfärs,Summa enkelomättade fettsyror,Pizza paj pirog färdig smörgås,5.8,g
758,Pirog m. köttfärs,"Magnesium, Mg",Pizza paj pirog färdig smörgås,31.0,mg
758,Pirog m. köttfärs,Summa mättade fettsyror,Pizza paj pirog färdig smörgås,3.9,g
758,Pirog m. köttfärs,"Kolhydrater, tillgängliga",Pizza paj pirog färdig smörgås,19.9,g
758,Pirog m. köttfärs,Kolesterol,Pizza paj pirog färdig smörgås,33.2,mg
758,Pirog m. köttfärs,"Kalium, K",Pizza paj pirog färdig smörgås,303.0,mg
758,Pirog m. köttfärs,"Jod, I",Pizza paj pirog färdig smörgås,59.3,µg
758,Pirog m. köttfärs,Fullkorn totalt,Pizza paj pirog färdig smörgås,5.0,g
758,Pirog m. köttfärs,"Folat, totalt",Pizza paj pirog färdig smörgås,21.8,µg
758,Pirog m. köttfärs,Fibrer,Pizza paj pirog färdig smörgås,3.7,g
758,Pirog m. köttfärs,"Fett, totalt",Pizza paj pirog färdig smörgås,13.1,g
758,Pirog m. köttfärs,"Järn, Fe",Pizza paj pirog färdig smörgås,1.6,mg
758,Pirog m. köttfärs,Energi (kJ),Pizza paj pirog färdig smörgås,1015.0,kJ
758,Pirog m. köttfärs,Energi (kcal),Pizza paj pirog färdig smörgås,243.0,kcal
758,Pirog m. köttfärs,Disackarider,Pizza paj pirog färdig smörgås,1.1,g
758,Pirog m. köttfärs,"Kalcium, Ca",Pizza paj pirog färdig smörgås,43.0,mg
758,Pirog m. köttfärs,Fettsyra 4:0-10:0,Pizza paj pirog färdig smörgås,0.1,g
758,Pirog m. köttfärs,DHA (C22:6),Pizza paj pirog färdig smörgås,0.0,g
758,Pirog m. köttfärs,DPA (C22:5),Pizza paj pirog färdig smörgås,0.0,g
758,Pirog m. köttfärs,EPA (C20:5),Pizza paj pirog färdig smörgås,0.0,g
758,Pirog m. köttfärs,Arakidonsyra C20:4,Pizza paj pirog färdig smörgås,0.0,g
758,Pirog m. köttfärs,Arakidinsyra C20:0,Pizza paj pirog färdig smörgås,0.0,g
758,Pirog m. köttfärs,Linolensyra C18:3,Pizza paj pirog färdig smörgås,0.4,g
758,Pirog m. köttfärs,Linolsyra C18:2,Pizza paj pirog färdig smörgås,1.8,g
758,Pirog m. köttfärs,Oljesyra C18:1,Pizza paj pirog färdig smörgås,5.6,g
758,Pirog m. köttfärs,Stearinsyra C18:0,Pizza paj pirog färdig smörgås,0.8,g
758,Pirog m. köttfärs,Palmitoljesyra C16:1,Pizza paj pirog färdig smörgås,0.2,g
758,Pirog m. köttfärs,Palmitinsyra C16:0,Pizza paj pirog färdig smörgås,2.4,g
758,Pirog m. köttfärs,Myristinsyra C14:0,Pizza paj pirog färdig smörgås,0.2,g
758,Pirog m. köttfärs,Laurinsyra C12:0,Pizza paj pirog färdig smörgås,0.1,g
758,Pirog m. köttfärs,Betakaroten/β-Karoten,Pizza paj pirog färdig smörgås,182.0,µg
758,Pirog m. köttfärs,Avfall (skal etc.),Pizza paj pirog färdig smörgås,1.0,%
758,Pirog m. köttfärs,Aska,Pizza paj pirog färdig smörgås,2.8,g
758,Pirog m. köttfärs,Alkohol,Pizza paj pirog färdig smörgås,0.0,g
759,Pizza m. skinka champinjoner lök sardeller hemlagad,"Zink, Zn",Pizza paj pirog färdig smörgås,1.1,mg
759,Pizza m. skinka champinjoner lök sardeller hemlagad,Vitamin E,Pizza paj pirog färdig smörgås,1.6,mg
759,Pizza m. skinka champinjoner lök sardeller hemlagad,Vitamin D,Pizza paj pirog färdig smörgås,0.44,µg
759,Pizza m. skinka champinjoner lök sardeller hemlagad,Vitamin C,Pizza paj pirog färdig smörgås,2.6,mg
759,Pizza m. skinka champinjoner lök sardeller hemlagad,Vitamin B6,Pizza paj pirog färdig smörgås,0.09,mg
759,Pizza m. skinka champinjoner lök sardeller hemlagad,Vitamin B12,Pizza paj pirog färdig smörgås,0.48,µg
759,Pizza m. skinka champinjoner lök sardeller hemlagad,Vitamin A,Pizza paj pirog färdig smörgås,52.6,RE/µg
759,Pizza m. skinka champinjoner lök sardeller hemlagad,Vatten,Pizza paj pirog färdig smörgås,54.6,g
759,Pizza m. skinka champinjoner lök sardeller hemlagad,Tiamin,Pizza paj pirog färdig smörgås,0.09,mg
759,Pizza m. skinka champinjoner lök sardeller hemlagad,Tillsatt socker,Pizza paj pirog färdig smörgås,0.0,g
759,Pizza m. skinka champinjoner lök sardeller hemlagad,Fritt socker,Pizza paj pirog färdig smörgås,1.0,g
759,Pizza m. skinka champinjoner lök sardeller hemlagad,"Selen, Se",Pizza paj pirog färdig smörgås,6.2,µg
759,Pizza m. skinka champinjoner lök sardeller hemlagad,Sackaros,Pizza paj pirog färdig smörgås,0.6,g
759,Pizza m. skinka champinjoner lök sardeller hemlagad,Riboflavin,Pizza paj pirog färdig smörgås,0.12,mg
759,Pizza m. skinka champinjoner lök sardeller hemlagad,Retinol,Pizza paj pirog färdig smörgås,37.2,µg
759,Pizza m. skinka champinjoner lök sardeller hemlagad,Protein,Pizza paj pirog färdig smörgås,9.4,g
759,Pizza m. skinka champinjoner lök sardeller hemlagad,Summa fleromättade fettsyror,Pizza paj pirog färdig smörgås,1.0,g
759,Pizza m. skinka champinjoner lök sardeller hemlagad,"Fosfor, P",Pizza paj pirog färdig smörgås,169.0,mg
759,Pizza m. skinka champinjoner lök sardeller hemlagad,Niacinekvivalenter,Pizza paj pirog färdig smörgås,3.03,NE/mg
759,Pizza m. skinka champinjoner lök sardeller hemlagad,Niacin,Pizza paj pirog färdig smörgås,1.19,mg
759,Pizza m. skinka champinjoner lök sardeller hemlagad,"Salt, NaCl",Pizza paj pirog färdig smörgås,1.5,g
759,Pizza m. skinka champinjoner lök sardeller hemlagad,"Natrium, Na",Pizza paj pirog färdig smörgås,608.0,mg
759,Pizza m. skinka champinjoner lök sardeller hemlagad,Monosackarider,Pizza paj pirog färdig smörgås,2.6,g
759,Pizza m. skinka champinjoner lök sardeller hemlagad,"Sockerarter, totalt",Pizza paj pirog färdig smörgås,3.6,g
759,Pizza m. skinka champinjoner lök sardeller hemlagad,Summa enkelomättade fettsyror,Pizza paj pirog färdig smörgås,3.6,g
759,Pizza m. skinka champinjoner lök sardeller hemlagad,"Magnesium, Mg",Pizza paj pirog färdig smörgås,21.0,mg
759,Pizza m. skinka champinjoner lök sardeller hemlagad,Summa mättade fettsyror,Pizza paj pirog färdig smörgås,3.3,g
759,Pizza m. skinka champinjoner lök sardeller hemlagad,"Kolhydrater, tillgängliga",Pizza paj pirog färdig smörgås,22.2,g
759,Pizza m. skinka champinjoner lök sardeller hemlagad,Kolesterol,Pizza paj pirog färdig smörgås,15.9,mg
759,Pizza m. skinka champinjoner lök sardeller hemlagad,"Kalium, K",Pizza paj pirog färdig smörgås,226.0,mg
759,Pizza m. skinka champinjoner lök sardeller hemlagad,"Jod, I",Pizza paj pirog färdig smörgås,28.9,µg
759,Pizza m. skinka champinjoner lök sardeller hemlagad,Fullkorn totalt,Pizza paj pirog färdig smörgås,2.0,g
759,Pizza m. skinka champinjoner lök sardeller hemlagad,"Folat, totalt",Pizza paj pirog färdig smörgås,16.1,µg
759,Pizza m. skinka champinjoner lök sardeller hemlagad,Fibrer,Pizza paj pirog färdig smörgås,2.2,g
759,Pizza m. skinka champinjoner lök sardeller hemlagad,"Fett, totalt",Pizza paj pirog färdig smörgås,8.7,g
759,Pizza m. skinka champinjoner lök sardeller hemlagad,"Järn, Fe",Pizza paj pirog färdig smörgås,0.6,mg
759,Pizza m. skinka champinjoner lök sardeller hemlagad,Energi (kJ),Pizza paj pirog färdig smörgås,876.0,kJ
759,Pizza m. skinka champinjoner lök sardeller hemlagad,Energi (kcal),Pizza paj pirog färdig smörgås,209.0,kcal
759,Pizza m. skinka champinjoner lök sardeller hemlagad,Disackarider,Pizza paj pirog färdig smörgås,1.1,g
759,Pizza m. skinka champinjoner lök sardeller hemlagad,"Kalcium, Ca",Pizza paj pirog färdig smörgås,138.0,mg
759,Pizza m. skinka champinjoner lök sardeller hemlagad,Fettsyra 4:0-10:0,Pizza paj pirog färdig smörgås,0.4,g
759,Pizza m. skinka champinjoner lök sardeller hemlagad,DHA (C22:6),Pizza paj pirog färdig smörgås,0.0,g
759,Pizza m. skinka champinjoner lök sardeller hemlagad,DPA (C22:5),Pizza paj pirog färdig smörgås,0.0,g
759,Pizza m. skinka champinjoner lök sardeller hemlagad,EPA (C20:5),Pizza paj pirog färdig smörgås,0.0,g
759,Pizza m. skinka champinjoner lök sardeller hemlagad,Arakidonsyra C20:4,Pizza paj pirog färdig smörgås,0.0,g
759,Pizza m. skinka champinjoner lök sardeller hemlagad,Arakidinsyra C20:0,Pizza paj pirog färdig smörgås,0.0,g
759,Pizza m. skinka champinjoner lök sardeller hemlagad,Linolensyra C18:3,Pizza paj pirog färdig smörgås,0.1,g
759,Pizza m. skinka champinjoner lök sardeller hemlagad,Linolsyra C18:2,Pizza paj pirog färdig smörgås,0.8,g
759,Pizza m. skinka champinjoner lök sardeller hemlagad,Oljesyra C18:1,Pizza paj pirog färdig smörgås,3.4,g
759,Pizza m. skinka champinjoner lök sardeller hemlagad,Stearinsyra C18:0,Pizza paj pirog färdig smörgås,0.6,g
759,Pizza m. skinka champinjoner lök sardeller hemlagad,Palmitoljesyra C16:1,Pizza paj pirog färdig smörgås,0.1,g
759,Pizza m. skinka champinjoner lök sardeller hemlagad,Palmitinsyra C16:0,Pizza paj pirog färdig smörgås,1.7,g
759,Pizza m. skinka champinjoner lök sardeller hemlagad,Myristinsyra C14:0,Pizza paj pirog färdig smörgås,0.4,g
759,Pizza m. skinka champinjoner lök sardeller hemlagad,Laurinsyra C12:0,Pizza paj pirog färdig smörgås,0.1,g
759,Pizza m. skinka champinjoner lök sardeller hemlagad,Betakaroten/β-Karoten,Pizza paj pirog färdig smörgås,178.0,µg
759,Pizza m. skinka champinjoner lök sardeller hemlagad,Avfall (skal etc.),Pizza paj pirog färdig smörgås,1.0,%
759,Pizza m. skinka champinjoner lök sardeller hemlagad,Aska,Pizza paj pirog färdig smörgås,2.9,g
759,Pizza m. skinka champinjoner lök sardeller hemlagad,Alkohol,Pizza paj pirog färdig smörgås,0.0,g
760,Paj m. köttfärs värmd frysvara,"Zink, Zn",Pizza paj pirog färdig smörgås,1.4,mg
760,Paj m. köttfärs värmd frysvara,Vitamin E,Pizza paj pirog färdig smörgås,3.3,mg
760,Paj m. köttfärs värmd frysvara,Vitamin D,Pizza paj pirog färdig smörgås,0.7,µg
760,Paj m. köttfärs värmd frysvara,Vitamin C,Pizza paj pirog färdig smörgås,0.2,mg
760,Paj m. köttfärs värmd frysvara,Vitamin B6,Pizza paj pirog färdig smörgås,0.2,mg
760,Paj m. köttfärs värmd frysvara,Vitamin B12,Pizza paj pirog färdig smörgås,0.27,µg
760,Paj m. köttfärs värmd frysvara,Vitamin A,Pizza paj pirog färdig smörgås,156.4,RE/µg
760,Paj m. köttfärs värmd frysvara,Vatten,Pizza paj pirog färdig smörgås,38.7,g
760,Paj m. köttfärs värmd frysvara,Tiamin,Pizza paj pirog färdig smörgås,0.22,mg
760,Paj m. köttfärs värmd frysvara,Tillsatt socker,Pizza paj pirog färdig smörgås,0.0,g
760,Paj m. köttfärs värmd frysvara,Fritt socker,Pizza paj pirog färdig smörgås,0.0,g
760,Paj m. köttfärs värmd frysvara,"Selen, Se",Pizza paj pirog färdig smörgås,4.7,µg
760,Paj m. köttfärs värmd frysvara,Sackaros,Pizza paj pirog färdig smörgås,0.1,g
760,Paj m. köttfärs värmd frysvara,Riboflavin,Pizza paj pirog färdig smörgås,0.17,mg
760,Paj m. köttfärs värmd frysvara,Retinol,Pizza paj pirog färdig smörgås,143.2,µg
760,Paj m. köttfärs värmd frysvara,Protein,Pizza paj pirog färdig smörgås,9.9,g
760,Paj m. köttfärs värmd frysvara,Summa fleromättade fettsyror,Pizza paj pirog färdig smörgås,3.1,g
760,Paj m. köttfärs värmd frysvara,"Fosfor, P",Pizza paj pirog färdig smörgås,114.0,mg
760,Paj m. köttfärs värmd frysvara,Niacinekvivalenter,Pizza paj pirog färdig smörgås,4.52,NE/mg
760,Paj m. köttfärs värmd frysvara,Niacin,Pizza paj pirog färdig smörgås,2.71,mg
760,Paj m. köttfärs värmd frysvara,"Salt, NaCl",Pizza paj pirog färdig smörgås,1.4,g
760,Paj m. köttfärs värmd frysvara,"Natrium, Na",Pizza paj pirog färdig smörgås,576.0,mg
760,Paj m. köttfärs värmd frysvara,Monosackarider,Pizza paj pirog färdig smörgås,1.3,g
760,Paj m. köttfärs värmd frysvara,"Sockerarter, totalt",Pizza paj pirog färdig smörgås,2.1,g
760,Paj m. köttfärs värmd frysvara,Summa enkelomättade fettsyror,Pizza paj pirog färdig smörgås,8.6,g
760,Paj m. köttfärs värmd frysvara,"Magnesium, Mg",Pizza paj pirog färdig smörgås,17.0,mg
760,Paj m. köttfärs värmd frysvara,Summa mättade fettsyror,Pizza paj pirog färdig smörgås,9.4,g
760,Paj m. köttfärs värmd frysvara,"Kolhydrater, tillgängliga",Pizza paj pirog färdig smörgås,26.1,g
760,Paj m. köttfärs värmd frysvara,Kolesterol,Pizza paj pirog färdig smörgås,30.0,mg
760,Paj m. köttfärs värmd frysvara,"Kalium, K",Pizza paj pirog färdig smörgås,247.0,mg
760,Paj m. köttfärs värmd frysvara,Fullkorn totalt,Pizza paj pirog färdig smörgås,0.0,g
760,Paj m. köttfärs värmd frysvara,"Folat, totalt",Pizza paj pirog färdig smörgås,31.7,µg
760,Paj m. köttfärs värmd frysvara,Fibrer,Pizza paj pirog färdig smörgås,1.2,g
760,Paj m. köttfärs värmd frysvara,"Fett, totalt",Pizza paj pirog färdig smörgås,22.1,g
760,Paj m. köttfärs värmd frysvara,"Järn, Fe",Pizza paj pirog färdig smörgås,0.8,mg
760,Paj m. köttfärs värmd frysvara,Energi (kJ),Pizza paj pirog färdig smörgås,1439.0,kJ
760,Paj m. köttfärs värmd frysvara,Energi (kcal),Pizza paj pirog färdig smörgås,344.0,kcal
760,Paj m. köttfärs värmd frysvara,Disackarider,Pizza paj pirog färdig smörgås,0.8,g
760,Paj m. köttfärs värmd frysvara,"Kalcium, Ca",Pizza paj pirog färdig smörgås,53.0,mg
760,Paj m. köttfärs värmd frysvara,Fettsyra 4:0-10:0,Pizza paj pirog färdig smörgås,0.4,g
760,Paj m. köttfärs värmd frysvara,DHA (C22:6),Pizza paj pirog färdig smörgås,0.0,g
760,Paj m. köttfärs värmd frysvara,DPA (C22:5),Pizza paj pirog färdig smörgås,0.0,g
760,Paj m. köttfärs värmd frysvara,EPA (C20:5),Pizza paj pirog färdig smörgås,0.0,g
760,Paj m. köttfärs värmd frysvara,Arakidonsyra C20:4,Pizza paj pirog färdig smörgås,0.0,g
760,Paj m. köttfärs värmd frysvara,Arakidinsyra C20:0,Pizza paj pirog färdig smörgås,0.1,g
760,Paj m. köttfärs värmd frysvara,Linolensyra C18:3,Pizza paj pirog färdig smörgås,0.5,g
760,Paj m. köttfärs värmd frysvara,Linolsyra C18:2,Pizza paj pirog färdig smörgås,2.3,g
760,Paj m. köttfärs värmd frysvara,Oljesyra C18:1,Pizza paj pirog färdig smörgås,8.1,g
760,Paj m. köttfärs värmd frysvara,Stearinsyra C18:0,Pizza paj pirog färdig smörgås,1.9,g
760,Paj m. köttfärs värmd frysvara,Palmitoljesyra C16:1,Pizza paj pirog färdig smörgås,0.2,g
760,Paj m. köttfärs värmd frysvara,Palmitinsyra C16:0,Pizza paj pirog färdig smörgås,5.7,g
760,Paj m. köttfärs värmd frysvara,Myristinsyra C14:0,Pizza paj pirog färdig smörgås,0.7,g
760,Paj m. köttfärs värmd frysvara,Laurinsyra C12:0,Pizza paj pirog färdig smörgås,0.4,g
760,Paj m. köttfärs värmd frysvara,Betakaroten/β-Karoten,Pizza paj pirog färdig smörgås,159.0,µg
760,Paj m. köttfärs värmd frysvara,Avfall (skal etc.),Pizza paj pirog färdig smörgås,0.0,%
760,Paj m. köttfärs värmd frysvara,Aska,Pizza paj pirog färdig smörgås,2.0,g
760,Paj m. köttfärs värmd frysvara,Alkohol,Pizza paj pirog färdig smörgås,0.0,g
761,Pirog m. kött värmd frysvara,"Zink, Zn",Pizza paj pirog färdig smörgås,2.1,mg
761,Pirog m. kött värmd frysvara,Vitamin E,Pizza paj pirog färdig smörgås,2.0,mg
761,Pirog m. kött värmd frysvara,Vitamin D,Pizza paj pirog färdig smörgås,0.47,µg
761,Pirog m. kött värmd frysvara,Vitamin C,Pizza paj pirog färdig smörgås,1.5,mg
761,Pirog m. kött värmd frysvara,Vitamin B6,Pizza paj pirog färdig smörgås,0.25,mg
761,Pirog m. kött värmd frysvara,Vitamin B12,Pizza paj pirog färdig smörgås,0.2,µg
761,Pirog m. kött värmd frysvara,Vitamin A,Pizza paj pirog färdig smörgås,282.9,RE/µg
761,Pirog m. kött värmd frysvara,Vatten,Pizza paj pirog färdig smörgås,40.9,g
761,Pirog m. kött värmd frysvara,Tiamin,Pizza paj pirog färdig smörgås,0.26,mg
761,Pirog m. kött värmd frysvara,Tillsatt socker,Pizza paj pirog färdig smörgås,4.0,g
761,Pirog m. kött värmd frysvara,Fritt socker,Pizza paj pirog färdig smörgås,4.0,g
761,Pirog m. kött värmd frysvara,"Selen, Se",Pizza paj pirog färdig smörgås,5.0,µg
761,Pirog m. kött värmd frysvara,Sackaros,Pizza paj pirog färdig smörgås,0.4,g
761,Pirog m. kött värmd frysvara,Riboflavin,Pizza paj pirog färdig smörgås,0.14,mg
761,Pirog m. kött värmd frysvara,Retinol,Pizza paj pirog färdig smörgås,228.5,µg
761,Pirog m. kött värmd frysvara,Protein,Pizza paj pirog färdig smörgås,8.8,g
761,Pirog m. kött värmd frysvara,Summa fleromättade fettsyror,Pizza paj pirog färdig smörgås,1.8,g
761,Pirog m. kött värmd frysvara,"Fosfor, P",Pizza paj pirog färdig smörgås,109.0,mg
761,Pirog m. kött värmd frysvara,Niacinekvivalenter,Pizza paj pirog färdig smörgås,4.39,NE/mg
761,Pirog m. kött värmd frysvara,Niacin,Pizza paj pirog färdig smörgås,2.77,mg
761,Pirog m. kött värmd frysvara,"Salt, NaCl",Pizza paj pirog färdig smörgås,1.3,g
761,Pirog m. kött värmd frysvara,"Natrium, Na",Pizza paj pirog färdig smörgås,511.0,mg
761,Pirog m. kött värmd frysvara,Monosackarider,Pizza paj pirog färdig smörgås,2.7,g
761,Pirog m. kött värmd frysvara,"Sockerarter, totalt",Pizza paj pirog färdig smörgås,4.5,g
761,Pirog m. kött värmd frysvara,Summa enkelomättade fettsyror,Pizza paj pirog färdig smörgås,5.9,g
761,Pirog m. kött värmd frysvara,"Magnesium, Mg",Pizza paj pirog färdig smörgås,18.0,mg
761,Pirog m. kött värmd frysvara,Summa mättade fettsyror,Pizza paj pirog färdig smörgås,5.3,g
761,Pirog m. kött värmd frysvara,"Kolhydrater, tillgängliga",Pizza paj pirog färdig smörgås,33.5,g
761,Pirog m. kött värmd frysvara,Kolesterol,Pizza paj pirog färdig smörgås,24.0,mg
761,Pirog m. kött värmd frysvara,"Kalium, K",Pizza paj pirog färdig smörgås,226.0,mg
761,Pirog m. kött värmd frysvara,Fullkorn totalt,Pizza paj pirog färdig smörgås,0.0,g
761,Pirog m. kött värmd frysvara,"Folat, totalt",Pizza paj pirog färdig smörgås,34.9,µg
761,Pirog m. kött värmd frysvara,Fibrer,Pizza paj pirog färdig smörgås,1.3,g
761,Pirog m. kött värmd frysvara,"Fett, totalt",Pizza paj pirog färdig smörgås,13.6,g
761,Pirog m. kött värmd frysvara,"Järn, Fe",Pizza paj pirog färdig smörgås,1.0,mg
761,Pirog m. kött värmd frysvara,Energi (kJ),Pizza paj pirog färdig smörgås,1233.0,kJ
761,Pirog m. kött värmd frysvara,Energi (kcal),Pizza paj pirog färdig smörgås,295.0,kcal
761,Pirog m. kött värmd frysvara,Disackarider,Pizza paj pirog färdig smörgås,1.8,g
761,Pirog m. kött värmd frysvara,"Kalcium, Ca",Pizza paj pirog färdig smörgås,44.0,mg
761,Pirog m. kött värmd frysvara,Fettsyra 4:0-10:0,Pizza paj pirog färdig smörgås,0.1,g
761,Pirog m. kött värmd frysvara,DHA (C22:6),Pizza paj pirog färdig smörgås,0.0,g
761,Pirog m. kött värmd frysvara,DPA (C22:5),Pizza paj pirog färdig smörgås,0.0,g
761,Pirog m. kött värmd frysvara,EPA (C20:5),Pizza paj pirog färdig smörgås,0.0,g
761,Pirog m. kött värmd frysvara,Arakidonsyra C20:4,Pizza paj pirog färdig smörgås,0.0,g
761,Pirog m. kött värmd frysvara,Arakidinsyra C20:0,Pizza paj pirog färdig smörgås,0.0,g
761,Pirog m. kött värmd frysvara,Linolensyra C18:3,Pizza paj pirog färdig smörgås,0.4,g
761,Pirog m. kött värmd frysvara,Linolsyra C18:2,Pizza paj pirog färdig smörgås,1.3,g
761,Pirog m. kött värmd frysvara,Oljesyra C18:1,Pizza paj pirog färdig smörgås,5.4,g
761,Pirog m. kött värmd frysvara,Stearinsyra C18:0,Pizza paj pirog färdig smörgås,1.2,g
761,Pirog m. kött värmd frysvara,Palmitoljesyra C16:1,Pizza paj pirog färdig smörgås,0.2,g
761,Pirog m. kött värmd frysvara,Palmitinsyra C16:0,Pizza paj pirog färdig smörgås,3.2,g
761,Pirog m. kött värmd frysvara,Myristinsyra C14:0,Pizza paj pirog färdig smörgås,0.3,g
761,Pirog m. kött värmd frysvara,Laurinsyra C12:0,Pizza paj pirog färdig smörgås,0.2,g
761,Pirog m. kött värmd frysvara,Betakaroten/β-Karoten,Pizza paj pirog färdig smörgås,653.0,µg
761,Pirog m. kött värmd frysvara,Avfall (skal etc.),Pizza paj pirog färdig smörgås,0.0,%
761,Pirog m. kött värmd frysvara,Aska,Pizza paj pirog färdig smörgås,1.9,g
761,Pirog m. kött värmd frysvara,Alkohol,Pizza paj pirog färdig smörgås,0.0,g
762,Pizza Capricciosa m. rökt skinka värmd kylvara el. frysvara,"Zink, Zn",Pizza paj pirog färdig smörgås,1.8,mg
762,Pizza Capricciosa m. rökt skinka värmd kylvara el. frysvara,Vitamin E,Pizza paj pirog färdig smörgås,0.8,mg
762,Pizza Capricciosa m. rökt skinka värmd kylvara el. frysvara,Vitamin D,Pizza paj pirog färdig smörgås,0.0,µg
762,Pizza Capricciosa m. rökt skinka värmd kylvara el. frysvara,Vitamin C,Pizza paj pirog färdig smörgås,3.2,mg
762,Pizza Capricciosa m. rökt skinka värmd kylvara el. frysvara,Vitamin B6,Pizza paj pirog färdig smörgås,0.12,mg
762,Pizza Capricciosa m. rökt skinka värmd kylvara el. frysvara,Vitamin B12,Pizza paj pirog färdig smörgås,0.23,µg
762,Pizza Capricciosa m. rökt skinka värmd kylvara el. frysvara,Vitamin A,Pizza paj pirog färdig smörgås,50.9,RE/µg
762,Pizza Capricciosa m. rökt skinka värmd kylvara el. frysvara,Vatten,Pizza paj pirog färdig smörgås,47.7,g
762,Pizza Capricciosa m. rökt skinka värmd kylvara el. frysvara,Tiamin,Pizza paj pirog färdig smörgås,0.14,mg
762,Pizza Capricciosa m. rökt skinka värmd kylvara el. frysvara,Tillsatt socker,Pizza paj pirog färdig smörgås,2.0,g
762,Pizza Capricciosa m. rökt skinka värmd kylvara el. frysvara,Fritt socker,Pizza paj pirog färdig smörgås,2.0,g
762,Pizza Capricciosa m. rökt skinka värmd kylvara el. frysvara,"Selen, Se",Pizza paj pirog färdig smörgås,5.8,µg
762,Pizza Capricciosa m. rökt skinka värmd kylvara el. frysvara,Sackaros,Pizza paj pirog färdig smörgås,0.1,g
762,Pizza Capricciosa m. rökt skinka värmd kylvara el. frysvara,Riboflavin,Pizza paj pirog färdig smörgås,0.15,mg
762,Pizza Capricciosa m. rökt skinka värmd kylvara el. frysvara,Retinol,Pizza paj pirog färdig smörgås,39.1,µg
762,Pizza Capricciosa m. rökt skinka värmd kylvara el. frysvara,Protein,Pizza paj pirog färdig smörgås,11.5,g
762,Pizza Capricciosa m. rökt skinka värmd kylvara el. frysvara,Summa fleromättade fettsyror,Pizza paj pirog färdig smörgås,1.1,g
762,Pizza Capricciosa m. rökt skinka värmd kylvara el. frysvara,"Fosfor, P",Pizza paj pirog färdig smörgås,168.0,mg
762,Pizza Capricciosa m. rökt skinka värmd kylvara el. frysvara,Niacinekvivalenter,Pizza paj pirog färdig smörgås,3.24,NE/mg
762,Pizza Capricciosa m. rökt skinka värmd kylvara el. frysvara,Niacin,Pizza paj pirog färdig smörgås,1.32,mg
762,Pizza Capricciosa m. rökt skinka värmd kylvara el. frysvara,"Salt, NaCl",Pizza paj pirog färdig smörgås,1.4,g
762,Pizza Capricciosa m. rökt skinka värmd kylvara el. frysvara,"Natrium, Na",Pizza paj pirog färdig smörgås,557.0,mg
762,Pizza Capricciosa m. rökt skinka värmd kylvara el. frysvara,Monosackarider,Pizza paj pirog färdig smörgås,1.4,g
762,Pizza Capricciosa m. rökt skinka värmd kylvara el. frysvara,"Sockerarter, totalt",Pizza paj pirog färdig smörgås,2.4,g
762,Pizza Capricciosa m. rökt skinka värmd kylvara el. frysvara,Summa enkelomättade fettsyror,Pizza paj pirog färdig smörgås,2.9,g
762,Pizza Capricciosa m. rökt skinka värmd kylvara el. frysvara,"Magnesium, Mg",Pizza paj pirog färdig smörgås,18.0,mg
762,Pizza Capricciosa m. rökt skinka värmd kylvara el. frysvara,Summa mättade fettsyror,Pizza paj pirog färdig smörgås,5.5,g
762,Pizza Capricciosa m. rökt skinka värmd kylvara el. frysvara,"Kolhydrater, tillgängliga",Pizza paj pirog färdig smörgås,27.0,g
762,Pizza Capricciosa m. rökt skinka värmd kylvara el. frysvara,Kolesterol,Pizza paj pirog färdig smörgås,19.0,mg
762,Pizza Capricciosa m. rökt skinka värmd kylvara el. frysvara,"Kalium, K",Pizza paj pirog färdig smörgås,182.0,mg
762,Pizza Capricciosa m. rökt skinka värmd kylvara el. frysvara,"Jod, I",Pizza paj pirog färdig smörgås,6.9,µg
762,Pizza Capricciosa m. rökt skinka värmd kylvara el. frysvara,Fullkorn totalt,Pizza paj pirog färdig smörgås,0.0,g
762,Pizza Capricciosa m. rökt skinka värmd kylvara el. frysvara,"Folat, totalt",Pizza paj pirog färdig smörgås,31.7,µg
762,Pizza Capricciosa m. rökt skinka värmd kylvara el. frysvara,Fibrer,Pizza paj pirog färdig smörgås,1.4,g
762,Pizza Capricciosa m. rökt skinka värmd kylvara el. frysvara,"Fett, totalt",Pizza paj pirog färdig smörgås,10.1,g
762,Pizza Capricciosa m. rökt skinka värmd kylvara el. frysvara,"Järn, Fe",Pizza paj pirog färdig smörgås,0.7,mg
762,Pizza Capricciosa m. rökt skinka värmd kylvara el. frysvara,Energi (kJ),Pizza paj pirog färdig smörgås,1040.0,kJ
762,Pizza Capricciosa m. rökt skinka värmd kylvara el. frysvara,Energi (kcal),Pizza paj pirog färdig smörgås,248.0,kcal
762,Pizza Capricciosa m. rökt skinka värmd kylvara el. frysvara,Disackarider,Pizza paj pirog färdig smörgås,0.9,g
762,Pizza Capricciosa m. rökt skinka värmd kylvara el. frysvara,"Kalcium, Ca",Pizza paj pirog färdig smörgås,130.0,mg
762,Pizza Capricciosa m. rökt skinka värmd kylvara el. frysvara,Fettsyra 4:0-10:0,Pizza paj pirog färdig smörgås,0.6,g
762,Pizza Capricciosa m. rökt skinka värmd kylvara el. frysvara,DHA (C22:6),Pizza paj pirog färdig smörgås,0.0,g
762,Pizza Capricciosa m. rökt skinka värmd kylvara el. frysvara,DPA (C22:5),Pizza paj pirog färdig smörgås,0.0,g
762,Pizza Capricciosa m. rökt skinka värmd kylvara el. frysvara,EPA (C20:5),Pizza paj pirog färdig smörgås,0.0,g
762,Pizza Capricciosa m. rökt skinka värmd kylvara el. frysvara,Arakidonsyra C20:4,Pizza paj pirog färdig smörgås,0.0,g
762,Pizza Capricciosa m. rökt skinka värmd kylvara el. frysvara,Arakidinsyra C20:0,Pizza paj pirog färdig smörgås,0.0,g
762,Pizza Capricciosa m. rökt skinka värmd kylvara el. frysvara,Linolensyra C18:3,Pizza paj pirog färdig smörgås,0.2,g
762,Pizza Capricciosa m. rökt skinka värmd kylvara el. frysvara,Linolsyra C18:2,Pizza paj pirog färdig smörgås,0.8,g
762,Pizza Capricciosa m. rökt skinka värmd kylvara el. frysvara,Oljesyra C18:1,Pizza paj pirog färdig smörgås,2.5,g
762,Pizza Capricciosa m. rökt skinka värmd kylvara el. frysvara,Stearinsyra C18:0,Pizza paj pirog färdig smörgås,0.8,g
762,Pizza Capricciosa m. rökt skinka värmd kylvara el. frysvara,Palmitoljesyra C16:1,Pizza paj pirog färdig smörgås,0.1,g
762,Pizza Capricciosa m. rökt skinka värmd kylvara el. frysvara,Palmitinsyra C16:0,Pizza paj pirog färdig smörgås,2.5,g
762,Pizza Capricciosa m. rökt skinka värmd kylvara el. frysvara,Myristinsyra C14:0,Pizza paj pirog färdig smörgås,0.9,g
762,Pizza Capricciosa m. rökt skinka värmd kylvara el. frysvara,Laurinsyra C12:0,Pizza paj pirog färdig smörgås,0.3,g
762,Pizza Capricciosa m. rökt skinka värmd kylvara el. frysvara,Betakaroten/β-Karoten,Pizza paj pirog färdig smörgås,142.0,µg
762,Pizza Capricciosa m. rökt skinka värmd kylvara el. frysvara,Avfall (skal etc.),Pizza paj pirog färdig smörgås,0.0,%
762,Pizza Capricciosa m. rökt skinka värmd kylvara el. frysvara,Aska,Pizza paj pirog färdig smörgås,2.3,g
762,Pizza Capricciosa m. rökt skinka värmd kylvara el. frysvara,Alkohol,Pizza paj pirog färdig smörgås,0.0,g
763,Pizza Capricciosa m. rökt skinka champinjon restaurang,"Zink, Zn",Pizza paj pirog färdig smörgås,2.0,mg
763,Pizza Capricciosa m. rökt skinka champinjon restaurang,Vitamin E,Pizza paj pirog färdig smörgås,1.2,mg
763,Pizza Capricciosa m. rökt skinka champinjon restaurang,Vitamin D,Pizza paj pirog färdig smörgås,0.13,µg
763,Pizza Capricciosa m. rökt skinka champinjon restaurang,Vitamin C,Pizza paj pirog färdig smörgås,3.2,mg
763,Pizza Capricciosa m. rökt skinka champinjon restaurang,Vitamin B6,Pizza paj pirog färdig smörgås,0.13,mg
763,Pizza Capricciosa m. rökt skinka champinjon restaurang,Vitamin B12,Pizza paj pirog färdig smörgås,0.26,µg
763,Pizza Capricciosa m. rökt skinka champinjon restaurang,Vitamin A,Pizza paj pirog färdig smörgås,85.4,RE/µg
763,Pizza Capricciosa m. rökt skinka champinjon restaurang,Vatten,Pizza paj pirog färdig smörgås,46.8,g
763,Pizza Capricciosa m. rökt skinka champinjon restaurang,Tiamin,Pizza paj pirog färdig smörgås,0.16,mg
763,Pizza Capricciosa m. rökt skinka champinjon restaurang,Tillsatt socker,Pizza paj pirog färdig smörgås,2.0,g
763,Pizza Capricciosa m. rökt skinka champinjon restaurang,Fritt socker,Pizza paj pirog färdig smörgås,2.0,g
763,Pizza Capricciosa m. rökt skinka champinjon restaurang,"Selen, Se",Pizza paj pirog färdig smörgås,4.7,µg
763,Pizza Capricciosa m. rökt skinka champinjon restaurang,Sackaros,Pizza paj pirog färdig smörgås,0.2,g
763,Pizza Capricciosa m. rökt skinka champinjon restaurang,Riboflavin,Pizza paj pirog färdig smörgås,0.16,mg
763,Pizza Capricciosa m. rökt skinka champinjon restaurang,Retinol,Pizza paj pirog färdig smörgås,73.6,µg
763,Pizza Capricciosa m. rökt skinka champinjon restaurang,Protein,Pizza paj pirog färdig smörgås,11.0,g
763,Pizza Capricciosa m. rökt skinka champinjon restaurang,Summa fleromättade fettsyror,Pizza paj pirog färdig smörgås,1.5,g
763,Pizza Capricciosa m. rökt skinka champinjon restaurang,"Fosfor, P",Pizza paj pirog färdig smörgås,177.0,mg
763,Pizza Capricciosa m. rökt skinka champinjon restaurang,Niacinekvivalenter,Pizza paj pirog färdig smörgås,4.52,NE/mg
763,Pizza Capricciosa m. rökt skinka champinjon restaurang,Niacin,Pizza paj pirog färdig smörgås,1.95,mg
763,Pizza Capricciosa m. rökt skinka champinjon restaurang,"Salt, NaCl",Pizza paj pirog färdig smörgås,1.6,g
763,Pizza Capricciosa m. rökt skinka champinjon restaurang,"Natrium, Na",Pizza paj pirog färdig smörgås,625.0,mg
763,Pizza Capricciosa m. rökt skinka champinjon restaurang,Monosackarider,Pizza paj pirog färdig smörgås,1.0,g
763,Pizza Capricciosa m. rökt skinka champinjon restaurang,"Sockerarter, totalt",Pizza paj pirog färdig smörgås,2.4,g
763,Pizza Capricciosa m. rökt skinka champinjon restaurang,Summa enkelomättade fettsyror,Pizza paj pirog färdig smörgås,4.7,g
763,Pizza Capricciosa m. rökt skinka champinjon restaurang,"Magnesium, Mg",Pizza paj pirog färdig smörgås,18.0,mg
763,Pizza Capricciosa m. rökt skinka champinjon restaurang,Summa mättade fettsyror,Pizza paj pirog färdig smörgås,6.3,g
763,Pizza Capricciosa m. rökt skinka champinjon restaurang,"Kolhydrater, tillgängliga",Pizza paj pirog färdig smörgås,25.0,g
763,Pizza Capricciosa m. rökt skinka champinjon restaurang,Kolesterol,Pizza paj pirog färdig smörgås,24.0,mg
763,Pizza Capricciosa m. rökt skinka champinjon restaurang,"Kalium, K",Pizza paj pirog färdig smörgås,174.0,mg
763,Pizza Capricciosa m. rökt skinka champinjon restaurang,"Jod, I",Pizza paj pirog färdig smörgås,6.9,µg
763,Pizza Capricciosa m. rökt skinka champinjon restaurang,Fullkorn totalt,Pizza paj pirog färdig smörgås,0.0,g
763,Pizza Capricciosa m. rökt skinka champinjon restaurang,"Folat, totalt",Pizza paj pirog färdig smörgås,24.6,µg
763,Pizza Capricciosa m. rökt skinka champinjon restaurang,Fibrer,Pizza paj pirog färdig smörgås,1.4,g
763,Pizza Capricciosa m. rökt skinka champinjon restaurang,"Fett, totalt",Pizza paj pirog färdig smörgås,13.4,g
763,Pizza Capricciosa m. rökt skinka champinjon restaurang,"Järn, Fe",Pizza paj pirog färdig smörgås,0.5,mg
763,Pizza Capricciosa m. rökt skinka champinjon restaurang,Energi (kJ),Pizza paj pirog färdig smörgås,1118.0,kJ
763,Pizza Capricciosa m. rökt skinka champinjon restaurang,Energi (kcal),Pizza paj pirog färdig smörgås,267.0,kcal
763,Pizza Capricciosa m. rökt skinka champinjon restaurang,Disackarider,Pizza paj pirog färdig smörgås,1.4,g
763,Pizza Capricciosa m. rökt skinka champinjon restaurang,"Kalcium, Ca",Pizza paj pirog färdig smörgås,119.0,mg
763,Pizza Capricciosa m. rökt skinka champinjon restaurang,Fettsyra 4:0-10:0,Pizza paj pirog färdig smörgås,0.7,g
763,Pizza Capricciosa m. rökt skinka champinjon restaurang,DHA (C22:6),Pizza paj pirog färdig smörgås,0.0,g
763,Pizza Capricciosa m. rökt skinka champinjon restaurang,DPA (C22:5),Pizza paj pirog färdig smörgås,0.0,g
763,Pizza Capricciosa m. rökt skinka champinjon restaurang,EPA (C20:5),Pizza paj pirog färdig smörgås,0.0,g
763,Pizza Capricciosa m. rökt skinka champinjon restaurang,Arakidonsyra C20:4,Pizza paj pirog färdig smörgås,0.0,g
763,Pizza Capricciosa m. rökt skinka champinjon restaurang,Arakidinsyra C20:0,Pizza paj pirog färdig smörgås,0.0,g
763,Pizza Capricciosa m. rökt skinka champinjon restaurang,Linolensyra C18:3,Pizza paj pirog färdig smörgås,0.3,g
763,Pizza Capricciosa m. rökt skinka champinjon restaurang,Linolsyra C18:2,Pizza paj pirog färdig smörgås,1.0,g
763,Pizza Capricciosa m. rökt skinka champinjon restaurang,Oljesyra C18:1,Pizza paj pirog färdig smörgås,4.2,g
763,Pizza Capricciosa m. rökt skinka champinjon restaurang,Stearinsyra C18:0,Pizza paj pirog färdig smörgås,1.0,g
763,Pizza Capricciosa m. rökt skinka champinjon restaurang,Palmitoljesyra C16:1,Pizza paj pirog färdig smörgås,0.2,g
763,Pizza Capricciosa m. rökt skinka champinjon restaurang,Palmitinsyra C16:0,Pizza paj pirog färdig smörgås,3.0,g
763,Pizza Capricciosa m. rökt skinka champinjon restaurang,Myristinsyra C14:0,Pizza paj pirog färdig smörgås,0.9,g
763,Pizza Capricciosa m. rökt skinka champinjon restaurang,Laurinsyra C12:0,Pizza paj pirog färdig smörgås,0.3,g
763,Pizza Capricciosa m. rökt skinka champinjon restaurang,Betakaroten/β-Karoten,Pizza paj pirog färdig smörgås,142.0,µg
763,Pizza Capricciosa m. rökt skinka champinjon restaurang,Avfall (skal etc.),Pizza paj pirog färdig smörgås,0.0,%
763,Pizza Capricciosa m. rökt skinka champinjon restaurang,Aska,Pizza paj pirog färdig smörgås,2.5,g
763,Pizza Capricciosa m. rökt skinka champinjon restaurang,Alkohol,Pizza paj pirog färdig smörgås,0.0,g
764,Pizza Pepperoni m. rökt korv värmd frysvara,"Zink, Zn",Pizza paj pirog färdig smörgås,1.0,mg
764,Pizza Pepperoni m. rökt korv värmd frysvara,Vitamin E,Pizza paj pirog färdig smörgås,1.1,mg
764,Pizza Pepperoni m. rökt korv värmd frysvara,Vitamin D,Pizza paj pirog färdig smörgås,0.1,µg
764,Pizza Pepperoni m. rökt korv värmd frysvara,Vitamin C,Pizza paj pirog färdig smörgås,2.7,mg
764,Pizza Pepperoni m. rökt korv värmd frysvara,Vitamin B6,Pizza paj pirog färdig smörgås,0.1,mg
764,Pizza Pepperoni m. rökt korv värmd frysvara,Vitamin B12,Pizza paj pirog färdig smörgås,0.2,µg
764,Pizza Pepperoni m. rökt korv värmd frysvara,Vitamin A,Pizza paj pirog färdig smörgås,48.2,RE/µg
764,Pizza Pepperoni m. rökt korv värmd frysvara,Vatten,Pizza paj pirog färdig smörgås,48.0,g
764,Pizza Pepperoni m. rökt korv värmd frysvara,Tiamin,Pizza paj pirog färdig smörgås,0.15,mg
764,Pizza Pepperoni m. rökt korv värmd frysvara,Tillsatt socker,Pizza paj pirog färdig smörgås,5.0,g
764,Pizza Pepperoni m. rökt korv värmd frysvara,Fritt socker,Pizza paj pirog färdig smörgås,5.0,g
764,Pizza Pepperoni m. rökt korv värmd frysvara,"Selen, Se",Pizza paj pirog färdig smörgås,3.5,µg
764,Pizza Pepperoni m. rökt korv värmd frysvara,Sackaros,Pizza paj pirog färdig smörgås,0.0,g
764,Pizza Pepperoni m. rökt korv värmd frysvara,Riboflavin,Pizza paj pirog färdig smörgås,0.11,mg
764,Pizza Pepperoni m. rökt korv värmd frysvara,Retinol,Pizza paj pirog färdig smörgås,30.0,µg
764,Pizza Pepperoni m. rökt korv värmd frysvara,Protein,Pizza paj pirog färdig smörgås,9.1,g
764,Pizza Pepperoni m. rökt korv värmd frysvara,Summa fleromättade fettsyror,Pizza paj pirog färdig smörgås,1.2,g
764,Pizza Pepperoni m. rökt korv värmd frysvara,"Fosfor, P",Pizza paj pirog färdig smörgås,150.0,mg
764,Pizza Pepperoni m. rökt korv värmd frysvara,Niacinekvivalenter,Pizza paj pirog färdig smörgås,2.7,NE/mg
764,Pizza Pepperoni m. rökt korv värmd frysvara,Niacin,Pizza paj pirog färdig smörgås,1.0,mg
764,Pizza Pepperoni m. rökt korv värmd frysvara,"Salt, NaCl",Pizza paj pirog färdig smörgås,1.7,g
764,Pizza Pepperoni m. rökt korv värmd frysvara,"Natrium, Na",Pizza paj pirog färdig smörgås,680.0,mg
764,Pizza Pepperoni m. rökt korv värmd frysvara,Monosackarider,Pizza paj pirog färdig smörgås,0.9,g
764,Pizza Pepperoni m. rökt korv värmd frysvara,"Sockerarter, totalt",Pizza paj pirog färdig smörgås,5.8,g
764,Pizza Pepperoni m. rökt korv värmd frysvara,Summa enkelomättade fettsyror,Pizza paj pirog färdig smörgås,3.2,g
764,Pizza Pepperoni m. rökt korv värmd frysvara,"Magnesium, Mg",Pizza paj pirog färdig smörgås,20.0,mg
764,Pizza Pepperoni m. rökt korv värmd frysvara,Summa mättade fettsyror,Pizza paj pirog färdig smörgås,3.1,g
764,Pizza Pepperoni m. rökt korv värmd frysvara,"Kolhydrater, tillgängliga",Pizza paj pirog färdig smörgås,30.5,g
764,Pizza Pepperoni m. rökt korv värmd frysvara,Kolesterol,Pizza paj pirog färdig smörgås,19.0,mg
764,Pizza Pepperoni m. rökt korv värmd frysvara,"Kalium, K",Pizza paj pirog färdig smörgås,150.0,mg
764,Pizza Pepperoni m. rökt korv värmd frysvara,"Jod, I",Pizza paj pirog färdig smörgås,15.0,µg
764,Pizza Pepperoni m. rökt korv värmd frysvara,Fullkorn totalt,Pizza paj pirog färdig smörgås,0.0,g
764,Pizza Pepperoni m. rökt korv värmd frysvara,"Folat, totalt",Pizza paj pirog färdig smörgås,18.0,µg
764,Pizza Pepperoni m. rökt korv värmd frysvara,Fibrer,Pizza paj pirog färdig smörgås,2.9,g
764,Pizza Pepperoni m. rökt korv värmd frysvara,"Fett, totalt",Pizza paj pirog färdig smörgås,7.8,g
764,Pizza Pepperoni m. rökt korv värmd frysvara,"Järn, Fe",Pizza paj pirog färdig smörgås,0.7,mg
764,Pizza Pepperoni m. rökt korv värmd frysvara,Energi (kJ),Pizza paj pirog färdig smörgås,985.0,kJ
764,Pizza Pepperoni m. rökt korv värmd frysvara,Energi (kcal),Pizza paj pirog färdig smörgås,235.0,kcal
764,Pizza Pepperoni m. rökt korv värmd frysvara,Disackarider,Pizza paj pirog färdig smörgås,4.9,g
764,Pizza Pepperoni m. rökt korv värmd frysvara,"Kalcium, Ca",Pizza paj pirog färdig smörgås,140.0,mg
764,Pizza Pepperoni m. rökt korv värmd frysvara,Fettsyra 4:0-10:0,Pizza paj pirog färdig smörgås,0.2,g
764,Pizza Pepperoni m. rökt korv värmd frysvara,DHA (C22:6),Pizza paj pirog färdig smörgås,0.0,g
764,Pizza Pepperoni m. rökt korv värmd frysvara,DPA (C22:5),Pizza paj pirog färdig smörgås,0.0,g
764,Pizza Pepperoni m. rökt korv värmd frysvara,EPA (C20:5),Pizza paj pirog färdig smörgås,0.0,g
764,Pizza Pepperoni m. rökt korv värmd frysvara,Arakidonsyra C20:4,Pizza paj pirog färdig smörgås,0.0,g
764,Pizza Pepperoni m. rökt korv värmd frysvara,Arakidinsyra C20:0,Pizza paj pirog färdig smörgås,0.0,g
764,Pizza Pepperoni m. rökt korv värmd frysvara,Linolensyra C18:3,Pizza paj pirog färdig smörgås,0.2,g
764,Pizza Pepperoni m. rökt korv värmd frysvara,Linolsyra C18:2,Pizza paj pirog färdig smörgås,0.9,g
764,Pizza Pepperoni m. rökt korv värmd frysvara,Oljesyra C18:1,Pizza paj pirog färdig smörgås,3.0,g
764,Pizza Pepperoni m. rökt korv värmd frysvara,Stearinsyra C18:0,Pizza paj pirog färdig smörgås,0.7,g
764,Pizza Pepperoni m. rökt korv värmd frysvara,Palmitoljesyra C16:1,Pizza paj pirog färdig smörgås,0.3,g
764,Pizza Pepperoni m. rökt korv värmd frysvara,Palmitinsyra C16:0,Pizza paj pirog färdig smörgås,1.7,g
764,Pizza Pepperoni m. rökt korv värmd frysvara,Myristinsyra C14:0,Pizza paj pirog färdig smörgås,0.4,g
764,Pizza Pepperoni m. rökt korv värmd frysvara,Laurinsyra C12:0,Pizza paj pirog färdig smörgås,0.1,g
764,Pizza Pepperoni m. rökt korv värmd frysvara,Betakaroten/β-Karoten,Pizza paj pirog färdig smörgås,219.0,µg
764,Pizza Pepperoni m. rökt korv värmd frysvara,Avfall (skal etc.),Pizza paj pirog färdig smörgås,0.0,%
764,Pizza Pepperoni m. rökt korv värmd frysvara,Aska,Pizza paj pirog färdig smörgås,1.7,g
764,Pizza Pepperoni m. rökt korv värmd frysvara,Alkohol,Pizza paj pirog färdig smörgås,0.0,g
765,Pizza pan pizza m. rökt griskött värmd frysvara,"Zink, Zn",Pizza paj pirog färdig smörgås,1.8,mg
765,Pizza pan pizza m. rökt griskött värmd frysvara,Vitamin E,Pizza paj pirog färdig smörgås,1.6,mg
765,Pizza pan pizza m. rökt griskött värmd frysvara,Vitamin D,Pizza paj pirog färdig smörgås,0.1,µg
765,Pizza pan pizza m. rökt griskött värmd frysvara,Vitamin C,Pizza paj pirog färdig smörgås,3.2,mg
765,Pizza pan pizza m. rökt griskött värmd frysvara,Vitamin B6,Pizza paj pirog färdig smörgås,0.16,mg
765,Pizza pan pizza m. rökt griskött värmd frysvara,Vitamin B12,Pizza paj pirog färdig smörgås,0.34,µg
765,Pizza pan pizza m. rökt griskött värmd frysvara,Vitamin A,Pizza paj pirog färdig smörgås,66.8,RE/µg
765,Pizza pan pizza m. rökt griskött värmd frysvara,Vatten,Pizza paj pirog färdig smörgås,43.3,g
765,Pizza pan pizza m. rökt griskött värmd frysvara,Tiamin,Pizza paj pirog färdig smörgås,0.21,mg
765,Pizza pan pizza m. rökt griskött värmd frysvara,Tillsatt socker,Pizza paj pirog färdig smörgås,3.0,g
765,Pizza pan pizza m. rökt griskött värmd frysvara,Fritt socker,Pizza paj pirog färdig smörgås,3.0,g
765,Pizza pan pizza m. rökt griskött värmd frysvara,"Selen, Se",Pizza paj pirog färdig smörgås,6.2,µg
765,Pizza pan pizza m. rökt griskött värmd frysvara,Sackaros,Pizza paj pirog färdig smörgås,0.2,g
765,Pizza pan pizza m. rökt griskött värmd frysvara,Riboflavin,Pizza paj pirog färdig smörgås,0.16,mg
765,Pizza pan pizza m. rökt griskött värmd frysvara,Retinol,Pizza paj pirog färdig smörgås,55.0,µg
765,Pizza pan pizza m. rökt griskött värmd frysvara,Protein,Pizza paj pirog färdig smörgås,13.1,g
765,Pizza pan pizza m. rökt griskött värmd frysvara,Summa fleromättade fettsyror,Pizza paj pirog färdig smörgås,1.7,g
765,Pizza pan pizza m. rökt griskött värmd frysvara,"Fosfor, P",Pizza paj pirog färdig smörgås,184.0,mg
765,Pizza pan pizza m. rökt griskött värmd frysvara,Niacinekvivalenter,Pizza paj pirog färdig smörgås,5.11,NE/mg
765,Pizza pan pizza m. rökt griskött värmd frysvara,Niacin,Pizza paj pirog färdig smörgås,2.05,mg
765,Pizza pan pizza m. rökt griskött värmd frysvara,"Salt, NaCl",Pizza paj pirog färdig smörgås,1.4,g
765,Pizza pan pizza m. rökt griskött värmd frysvara,"Natrium, Na",Pizza paj pirog färdig smörgås,554.0,mg
765,Pizza pan pizza m. rökt griskött värmd frysvara,Monosackarider,Pizza paj pirog färdig smörgås,2.0,g
765,Pizza pan pizza m. rökt griskött värmd frysvara,"Sockerarter, totalt",Pizza paj pirog färdig smörgås,3.5,g
765,Pizza pan pizza m. rökt griskött värmd frysvara,Summa enkelomättade fettsyror,Pizza paj pirog färdig smörgås,4.6,g
765,Pizza pan pizza m. rökt griskött värmd frysvara,"Magnesium, Mg",Pizza paj pirog färdig smörgås,18.0,mg
765,Pizza pan pizza m. rökt griskött värmd frysvara,Summa mättade fettsyror,Pizza paj pirog färdig smörgås,6.2,g
765,Pizza pan pizza m. rökt griskött värmd frysvara,"Kolhydrater, tillgängliga",Pizza paj pirog färdig smörgås,26.5,g
765,Pizza pan pizza m. rökt griskött värmd frysvara,Kolesterol,Pizza paj pirog färdig smörgås,23.0,mg
765,Pizza pan pizza m. rökt griskött värmd frysvara,"Kalium, K",Pizza paj pirog färdig smörgås,198.0,mg
765,Pizza pan pizza m. rökt griskött värmd frysvara,"Jod, I",Pizza paj pirog färdig smörgås,6.9,µg
765,Pizza pan pizza m. rökt griskött värmd frysvara,Fullkorn totalt,Pizza paj pirog färdig smörgås,0.0,g
765,Pizza pan pizza m. rökt griskött värmd frysvara,"Folat, totalt",Pizza paj pirog färdig smörgås,35.4,µg
765,Pizza pan pizza m. rökt griskött värmd frysvara,Fibrer,Pizza paj pirog färdig smörgås,1.4,g
765,Pizza pan pizza m. rökt griskött värmd frysvara,"Fett, totalt",Pizza paj pirog färdig smörgås,13.2,g
765,Pizza pan pizza m. rökt griskött värmd frysvara,"Järn, Fe",Pizza paj pirog färdig smörgås,0.9,mg
765,Pizza pan pizza m. rökt griskött värmd frysvara,Energi (kJ),Pizza paj pirog färdig smörgås,1173.0,kJ
765,Pizza pan pizza m. rökt griskött värmd frysvara,Energi (kcal),Pizza paj pirog färdig smörgås,280.0,kcal
765,Pizza pan pizza m. rökt griskött värmd frysvara,Disackarider,Pizza paj pirog färdig smörgås,1.5,g
765,Pizza pan pizza m. rökt griskött värmd frysvara,"Kalcium, Ca",Pizza paj pirog färdig smörgås,165.0,mg
765,Pizza pan pizza m. rökt griskött värmd frysvara,Fettsyra 4:0-10:0,Pizza paj pirog färdig smörgås,0.7,g
765,Pizza pan pizza m. rökt griskött värmd frysvara,DHA (C22:6),Pizza paj pirog färdig smörgås,0.0,g
765,Pizza pan pizza m. rökt griskött värmd frysvara,DPA (C22:5),Pizza paj pirog färdig smörgås,0.0,g
765,Pizza pan pizza m. rökt griskött värmd frysvara,EPA (C20:5),Pizza paj pirog färdig smörgås,0.0,g
765,Pizza pan pizza m. rökt griskött värmd frysvara,Arakidonsyra C20:4,Pizza paj pirog färdig smörgås,0.0,g
765,Pizza pan pizza m. rökt griskött värmd frysvara,Arakidinsyra C20:0,Pizza paj pirog färdig smörgås,0.0,g
765,Pizza pan pizza m. rökt griskött värmd frysvara,Linolensyra C18:3,Pizza paj pirog färdig smörgås,0.4,g
765,Pizza pan pizza m. rökt griskött värmd frysvara,Linolsyra C18:2,Pizza paj pirog färdig smörgås,1.2,g
765,Pizza pan pizza m. rökt griskött värmd frysvara,Oljesyra C18:1,Pizza paj pirog färdig smörgås,4.2,g
765,Pizza pan pizza m. rökt griskött värmd frysvara,Stearinsyra C18:0,Pizza paj pirog färdig smörgås,1.1,g
765,Pizza pan pizza m. rökt griskött värmd frysvara,Palmitoljesyra C16:1,Pizza paj pirog färdig smörgås,0.2,g
765,Pizza pan pizza m. rökt griskött värmd frysvara,Palmitinsyra C16:0,Pizza paj pirog färdig smörgås,2.9,g
765,Pizza pan pizza m. rökt griskött värmd frysvara,Myristinsyra C14:0,Pizza paj pirog färdig smörgås,0.9,g
765,Pizza pan pizza m. rökt griskött värmd frysvara,Laurinsyra C12:0,Pizza paj pirog färdig smörgås,0.3,g
765,Pizza pan pizza m. rökt griskött värmd frysvara,Betakaroten/β-Karoten,Pizza paj pirog färdig smörgås,142.0,µg
765,Pizza pan pizza m. rökt griskött värmd frysvara,Avfall (skal etc.),Pizza paj pirog färdig smörgås,0.0,%
765,Pizza pan pizza m. rökt griskött värmd frysvara,Aska,Pizza paj pirog färdig smörgås,2.5,g
765,Pizza pan pizza m. rökt griskött värmd frysvara,Alkohol,Pizza paj pirog färdig smörgås,0.0,g
766,Pizza pan pizza m. rökt griskött restaurang,"Zink, Zn",Pizza paj pirog färdig smörgås,1.5,mg
766,Pizza pan pizza m. rökt griskött restaurang,Vitamin E,Pizza paj pirog färdig smörgås,1.0,mg
766,Pizza pan pizza m. rökt griskött restaurang,Vitamin D,Pizza paj pirog färdig smörgås,0.0,µg
766,Pizza pan pizza m. rökt griskött restaurang,Vitamin C,Pizza paj pirog färdig smörgås,3.2,mg
766,Pizza pan pizza m. rökt griskött restaurang,Vitamin B6,Pizza paj pirog färdig smörgås,0.12,mg
766,Pizza pan pizza m. rökt griskött restaurang,Vitamin B12,Pizza paj pirog färdig smörgås,0.27,µg
766,Pizza pan pizza m. rökt griskött restaurang,Vitamin A,Pizza paj pirog färdig smörgås,57.4,RE/µg
766,Pizza pan pizza m. rökt griskött restaurang,Vatten,Pizza paj pirog färdig smörgås,49.3,g
766,Pizza pan pizza m. rökt griskött restaurang,Tiamin,Pizza paj pirog färdig smörgås,0.22,mg
766,Pizza pan pizza m. rökt griskött restaurang,Tillsatt socker,Pizza paj pirog färdig smörgås,4.0,g
766,Pizza pan pizza m. rökt griskött restaurang,Fritt socker,Pizza paj pirog färdig smörgås,4.0,g
766,Pizza pan pizza m. rökt griskött restaurang,"Selen, Se",Pizza paj pirog färdig smörgås,10.8,µg
766,Pizza pan pizza m. rökt griskött restaurang,Sackaros,Pizza paj pirog färdig smörgås,0.2,g
766,Pizza pan pizza m. rökt griskött restaurang,Riboflavin,Pizza paj pirog färdig smörgås,0.17,mg
766,Pizza pan pizza m. rökt griskött restaurang,Retinol,Pizza paj pirog färdig smörgås,45.6,µg
766,Pizza pan pizza m. rökt griskött restaurang,Protein,Pizza paj pirog färdig smörgås,11.4,g
766,Pizza pan pizza m. rökt griskött restaurang,Summa fleromättade fettsyror,Pizza paj pirog färdig smörgås,1.4,g
766,Pizza pan pizza m. rökt griskött restaurang,"Fosfor, P",Pizza paj pirog färdig smörgås,160.0,mg
766,Pizza pan pizza m. rökt griskött restaurang,Niacinekvivalenter,Pizza paj pirog färdig smörgås,4.65,NE/mg
766,Pizza pan pizza m. rökt griskött restaurang,Niacin,Pizza paj pirog färdig smörgås,1.98,mg
766,Pizza pan pizza m. rökt griskött restaurang,"Salt, NaCl",Pizza paj pirog färdig smörgås,1.5,g
766,Pizza pan pizza m. rökt griskött restaurang,"Natrium, Na",Pizza paj pirog färdig smörgås,585.0,mg
766,Pizza pan pizza m. rökt griskött restaurang,Monosackarider,Pizza paj pirog färdig smörgås,1.7,g
766,Pizza pan pizza m. rökt griskött restaurang,"Sockerarter, totalt",Pizza paj pirog färdig smörgås,3.8,g
766,Pizza pan pizza m. rökt griskött restaurang,Summa enkelomättade fettsyror,Pizza paj pirog färdig smörgås,3.2,g
766,Pizza pan pizza m. rökt griskött restaurang,"Magnesium, Mg",Pizza paj pirog färdig smörgås,18.0,mg
766,Pizza pan pizza m. rökt griskött restaurang,Summa mättade fettsyror,Pizza paj pirog färdig smörgås,4.0,g
766,Pizza pan pizza m. rökt griskött restaurang,"Kolhydrater, tillgängliga",Pizza paj pirog färdig smörgås,26.3,g
766,Pizza pan pizza m. rökt griskött restaurang,Kolesterol,Pizza paj pirog färdig smörgås,20.0,mg
766,Pizza pan pizza m. rökt griskött restaurang,"Kalium, K",Pizza paj pirog färdig smörgås,198.0,mg
766,Pizza pan pizza m. rökt griskött restaurang,"Jod, I",Pizza paj pirog färdig smörgås,7.0,µg
766,Pizza pan pizza m. rökt griskött restaurang,Fullkorn totalt,Pizza paj pirog färdig smörgås,0.0,g
766,Pizza pan pizza m. rökt griskött restaurang,"Folat, totalt",Pizza paj pirog färdig smörgås,29.6,µg
766,Pizza pan pizza m. rökt griskött restaurang,Fibrer,Pizza paj pirog färdig smörgås,1.4,g
766,Pizza pan pizza m. rökt griskött restaurang,"Fett, totalt",Pizza paj pirog färdig smörgås,9.2,g
766,Pizza pan pizza m. rökt griskött restaurang,"Järn, Fe",Pizza paj pirog färdig smörgås,1.0,mg
766,Pizza pan pizza m. rökt griskött restaurang,Energi (kJ),Pizza paj pirog färdig smörgås,994.0,kJ
766,Pizza pan pizza m. rökt griskött restaurang,Energi (kcal),Pizza paj pirog färdig smörgås,238.0,kcal
766,Pizza pan pizza m. rökt griskött restaurang,Disackarider,Pizza paj pirog färdig smörgås,1.9,g
766,Pizza pan pizza m. rökt griskött restaurang,"Kalcium, Ca",Pizza paj pirog färdig smörgås,138.0,mg
766,Pizza pan pizza m. rökt griskött restaurang,Fettsyra 4:0-10:0,Pizza paj pirog färdig smörgås,0.4,g
766,Pizza pan pizza m. rökt griskött restaurang,DHA (C22:6),Pizza paj pirog färdig smörgås,0.0,g
766,Pizza pan pizza m. rökt griskött restaurang,DPA (C22:5),Pizza paj pirog färdig smörgås,0.0,g
766,Pizza pan pizza m. rökt griskött restaurang,EPA (C20:5),Pizza paj pirog färdig smörgås,0.0,g
766,Pizza pan pizza m. rökt griskött restaurang,Arakidonsyra C20:4,Pizza paj pirog färdig smörgås,0.0,g
766,Pizza pan pizza m. rökt griskött restaurang,Arakidinsyra C20:0,Pizza paj pirog färdig smörgås,0.0,g
766,Pizza pan pizza m. rökt griskött restaurang,Linolensyra C18:3,Pizza paj pirog färdig smörgås,0.3,g
766,Pizza pan pizza m. rökt griskött restaurang,Linolsyra C18:2,Pizza paj pirog färdig smörgås,1.0,g
766,Pizza pan pizza m. rökt griskött restaurang,Oljesyra C18:1,Pizza paj pirog färdig smörgås,2.9,g
766,Pizza pan pizza m. rökt griskött restaurang,Stearinsyra C18:0,Pizza paj pirog färdig smörgås,0.7,g
766,Pizza pan pizza m. rökt griskött restaurang,Palmitoljesyra C16:1,Pizza paj pirog färdig smörgås,0.1,g
766,Pizza pan pizza m. rökt griskött restaurang,Palmitinsyra C16:0,Pizza paj pirog färdig smörgås,1.9,g
766,Pizza pan pizza m. rökt griskött restaurang,Myristinsyra C14:0,Pizza paj pirog färdig smörgås,0.6,g
766,Pizza pan pizza m. rökt griskött restaurang,Laurinsyra C12:0,Pizza paj pirog färdig smörgås,0.2,g
766,Pizza pan pizza m. rökt griskött restaurang,Betakaroten/β-Karoten,Pizza paj pirog färdig smörgås,142.0,µg
766,Pizza pan pizza m. rökt griskött restaurang,Avfall (skal etc.),Pizza paj pirog färdig smörgås,0.0,%
766,Pizza pan pizza m. rökt griskött restaurang,Aska,Pizza paj pirog färdig smörgås,2.4,g
766,Pizza pan pizza m. rökt griskött restaurang,Alkohol,Pizza paj pirog färdig smörgås,0.0,g
767,Paj m. ost skinka värmd frysvara,"Zink, Zn",Pizza paj pirog färdig smörgås,1.4,mg
767,Paj m. ost skinka värmd frysvara,Vitamin E,Pizza paj pirog färdig smörgås,2.2,mg
767,Paj m. ost skinka värmd frysvara,Vitamin D,Pizza paj pirog färdig smörgås,0.66,µg
767,Paj m. ost skinka värmd frysvara,Vitamin C,Pizza paj pirog färdig smörgås,2.1,mg
767,Paj m. ost skinka värmd frysvara,Vitamin B6,Pizza paj pirog färdig smörgås,0.12,mg
767,Paj m. ost skinka värmd frysvara,Vitamin B12,Pizza paj pirog färdig smörgås,0.55,µg
767,Paj m. ost skinka värmd frysvara,Vitamin A,Pizza paj pirog färdig smörgås,180.0,RE/µg
767,Paj m. ost skinka värmd frysvara,Vatten,Pizza paj pirog färdig smörgås,47.0,g
767,Paj m. ost skinka värmd frysvara,Tiamin,Pizza paj pirog färdig smörgås,0.94,mg
767,Paj m. ost skinka värmd frysvara,Tillsatt socker,Pizza paj pirog färdig smörgås,0.0,g
767,Paj m. ost skinka värmd frysvara,Fritt socker,Pizza paj pirog färdig smörgås,0.0,g
767,Paj m. ost skinka värmd frysvara,"Selen, Se",Pizza paj pirog färdig smörgås,9.4,µg
767,Paj m. ost skinka värmd frysvara,Sackaros,Pizza paj pirog färdig smörgås,0.0,g
767,Paj m. ost skinka värmd frysvara,Riboflavin,Pizza paj pirog färdig smörgås,0.27,mg
767,Paj m. ost skinka värmd frysvara,Retinol,Pizza paj pirog färdig smörgås,173.0,µg
767,Paj m. ost skinka värmd frysvara,Protein,Pizza paj pirog färdig smörgås,11.5,g
767,Paj m. ost skinka värmd frysvara,Summa fleromättade fettsyror,Pizza paj pirog färdig smörgås,2.2,g
767,Paj m. ost skinka värmd frysvara,"Fosfor, P",Pizza paj pirog färdig smörgås,166.0,mg
767,Paj m. ost skinka värmd frysvara,Niacinekvivalenter,Pizza paj pirog färdig smörgås,4.08,NE/mg
767,Paj m. ost skinka värmd frysvara,Niacin,Pizza paj pirog färdig smörgås,1.48,mg
767,Paj m. ost skinka värmd frysvara,"Salt, NaCl",Pizza paj pirog färdig smörgås,1.1,g
767,Paj m. ost skinka värmd frysvara,"Natrium, Na",Pizza paj pirog färdig smörgås,427.0,mg
767,Paj m. ost skinka värmd frysvara,Monosackarider,Pizza paj pirog färdig smörgås,0.2,g
767,Paj m. ost skinka värmd frysvara,"Sockerarter, totalt",Pizza paj pirog färdig smörgås,1.9,g
767,Paj m. ost skinka värmd frysvara,Summa enkelomättade fettsyror,Pizza paj pirog färdig smörgås,6.5,g
767,Paj m. ost skinka värmd frysvara,"Magnesium, Mg",Pizza paj pirog färdig smörgås,20.0,mg
767,Paj m. ost skinka värmd frysvara,Summa mättade fettsyror,Pizza paj pirog färdig smörgås,9.0,g
767,Paj m. ost skinka värmd frysvara,"Kolhydrater, tillgängliga",Pizza paj pirog färdig smörgås,20.5,g
767,Paj m. ost skinka värmd frysvara,Kolesterol,Pizza paj pirog färdig smörgås,110.0,mg
767,Paj m. ost skinka värmd frysvara,"Kalium, K",Pizza paj pirog färdig smörgås,153.0,mg
767,Paj m. ost skinka värmd frysvara,"Jod, I",Pizza paj pirog färdig smörgås,13.7,µg
767,Paj m. ost skinka värmd frysvara,Fullkorn totalt,Pizza paj pirog färdig smörgås,0.0,g
767,Paj m. ost skinka värmd frysvara,"Folat, totalt",Pizza paj pirog färdig smörgås,29.4,µg
767,Paj m. ost skinka värmd frysvara,Fibrer,Pizza paj pirog färdig smörgås,0.4,g
767,Paj m. ost skinka värmd frysvara,"Fett, totalt",Pizza paj pirog färdig smörgås,18.7,g
767,Paj m. ost skinka värmd frysvara,"Järn, Fe",Pizza paj pirog färdig smörgås,0.8,mg
767,Paj m. ost skinka värmd frysvara,Energi (kJ),Pizza paj pirog färdig smörgås,1239.0,kJ
767,Paj m. ost skinka värmd frysvara,Energi (kcal),Pizza paj pirog färdig smörgås,296.0,kcal
767,Paj m. ost skinka värmd frysvara,Disackarider,Pizza paj pirog färdig smörgås,1.7,g
767,Paj m. ost skinka värmd frysvara,"Kalcium, Ca",Pizza paj pirog färdig smörgås,82.0,mg
767,Paj m. ost skinka värmd frysvara,Fettsyra 4:0-10:0,Pizza paj pirog färdig smörgås,0.7,g
767,Paj m. ost skinka värmd frysvara,DHA (C22:6),Pizza paj pirog färdig smörgås,0.0,g
767,Paj m. ost skinka värmd frysvara,DPA (C22:5),Pizza paj pirog färdig smörgås,0.0,g
767,Paj m. ost skinka värmd frysvara,EPA (C20:5),Pizza paj pirog färdig smörgås,0.0,g
767,Paj m. ost skinka värmd frysvara,Arakidonsyra C20:4,Pizza paj pirog färdig smörgås,0.0,g
767,Paj m. ost skinka värmd frysvara,Arakidinsyra C20:0,Pizza paj pirog färdig smörgås,0.0,g
767,Paj m. ost skinka värmd frysvara,Linolensyra C18:3,Pizza paj pirog färdig smörgås,0.3,g
767,Paj m. ost skinka värmd frysvara,Linolsyra C18:2,Pizza paj pirog färdig smörgås,1.7,g
767,Paj m. ost skinka värmd frysvara,Oljesyra C18:1,Pizza paj pirog färdig smörgås,6.0,g
767,Paj m. ost skinka värmd frysvara,Stearinsyra C18:0,Pizza paj pirog färdig smörgås,1.6,g
767,Paj m. ost skinka värmd frysvara,Palmitoljesyra C16:1,Pizza paj pirog färdig smörgås,0.2,g
767,Paj m. ost skinka värmd frysvara,Palmitinsyra C16:0,Pizza paj pirog färdig smörgås,5.0,g
767,Paj m. ost skinka värmd frysvara,Myristinsyra C14:0,Pizza paj pirog färdig smörgås,0.9,g
767,Paj m. ost skinka värmd frysvara,Laurinsyra C12:0,Pizza paj pirog färdig smörgås,0.4,g
767,Paj m. ost skinka värmd frysvara,Betakaroten/β-Karoten,Pizza paj pirog färdig smörgås,84.0,µg
767,Paj m. ost skinka värmd frysvara,Avfall (skal etc.),Pizza paj pirog färdig smörgås,0.0,%
767,Paj m. ost skinka värmd frysvara,Aska,Pizza paj pirog färdig smörgås,1.9,g
767,Paj m. ost skinka värmd frysvara,Alkohol,Pizza paj pirog färdig smörgås,0.0,g
768,Paj m. lax spenat,"Zink, Zn",Pizza paj pirog färdig smörgås,0.7,mg
768,Paj m. lax spenat,Vitamin E,Pizza paj pirog färdig smörgås,2.6,mg
768,Paj m. lax spenat,Vitamin D,Pizza paj pirog färdig smörgås,1.64,µg
768,Paj m. lax spenat,Vitamin C,Pizza paj pirog färdig smörgås,5.5,mg
768,Paj m. lax spenat,Vitamin B6,Pizza paj pirog färdig smörgås,0.14,mg
768,Paj m. lax spenat,Vitamin B12,Pizza paj pirog färdig smörgås,0.76,µg
768,Paj m. lax spenat,Vitamin A,Pizza paj pirog färdig smörgås,129.5,RE/µg
768,Paj m. lax spenat,Vatten,Pizza paj pirog färdig smörgås,64.9,g
768,Paj m. lax spenat,Tiamin,Pizza paj pirog färdig smörgås,0.09,mg
768,Paj m. lax spenat,Tillsatt socker,Pizza paj pirog färdig smörgås,0.0,g
768,Paj m. lax spenat,Fritt socker,Pizza paj pirog färdig smörgås,0.0,g
768,Paj m. lax spenat,"Selen, Se",Pizza paj pirog färdig smörgås,9.1,µg
768,Paj m. lax spenat,Sackaros,Pizza paj pirog färdig smörgås,0.2,g
768,Paj m. lax spenat,Riboflavin,Pizza paj pirog färdig smörgås,0.13,mg
768,Paj m. lax spenat,Retinol,Pizza paj pirog färdig smörgås,70.3,µg
768,Paj m. lax spenat,Protein,Pizza paj pirog färdig smörgås,8.3,g
768,Paj m. lax spenat,Summa fleromättade fettsyror,Pizza paj pirog färdig smörgås,2.0,g
768,Paj m. lax spenat,"Fosfor, P",Pizza paj pirog färdig smörgås,177.0,mg
768,Paj m. lax spenat,Niacinekvivalenter,Pizza paj pirog färdig smörgås,3.49,NE/mg
768,Paj m. lax spenat,Niacin,Pizza paj pirog färdig smörgås,1.87,mg
768,Paj m. lax spenat,"Salt, NaCl",Pizza paj pirog färdig smörgås,1.1,g
768,Paj m. lax spenat,"Natrium, Na",Pizza paj pirog färdig smörgås,452.0,mg
768,Paj m. lax spenat,Monosackarider,Pizza paj pirog färdig smörgås,0.4,g
768,Paj m. lax spenat,"Sockerarter, totalt",Pizza paj pirog färdig smörgås,1.9,g
768,Paj m. lax spenat,Summa enkelomättade fettsyror,Pizza paj pirog färdig smörgås,4.0,g
768,Paj m. lax spenat,"Magnesium, Mg",Pizza paj pirog färdig smörgås,27.0,mg
768,Paj m. lax spenat,Summa mättade fettsyror,Pizza paj pirog färdig smörgås,3.1,g
768,Paj m. lax spenat,"Kolhydrater, tillgängliga",Pizza paj pirog färdig smörgås,13.5,g
768,Paj m. lax spenat,Kolesterol,Pizza paj pirog färdig smörgås,56.4,mg
768,Paj m. lax spenat,"Kalium, K",Pizza paj pirog färdig smörgås,273.0,mg
768,Paj m. lax spenat,"Jod, I",Pizza paj pirog färdig smörgås,40.3,µg
768,Paj m. lax spenat,Fullkorn totalt,Pizza paj pirog färdig smörgås,0.0,g
768,Paj m. lax spenat,"Folat, totalt",Pizza paj pirog färdig smörgås,30.8,µg
768,Paj m. lax spenat,Fibrer,Pizza paj pirog färdig smörgås,1.2,g
768,Paj m. lax spenat,"Fett, totalt",Pizza paj pirog färdig smörgås,9.9,g
768,Paj m. lax spenat,"Järn, Fe",Pizza paj pirog färdig smörgås,0.7,mg
768,Paj m. lax spenat,Energi (kJ),Pizza paj pirog färdig smörgås,745.0,kJ
768,Paj m. lax spenat,Energi (kcal),Pizza paj pirog färdig smörgås,178.0,kcal
768,Paj m. lax spenat,Disackarider,Pizza paj pirog färdig smörgås,1.5,g
768,Paj m. lax spenat,"Kalcium, Ca",Pizza paj pirog färdig smörgås,111.0,mg
768,Paj m. lax spenat,Fettsyra 4:0-10:0,Pizza paj pirog färdig smörgås,0.2,g
768,Paj m. lax spenat,DHA (C22:6),Pizza paj pirog färdig smörgås,0.1,g
768,Paj m. lax spenat,DPA (C22:5),Pizza paj pirog färdig smörgås,0.0,g
768,Paj m. lax spenat,EPA (C20:5),Pizza paj pirog färdig smörgås,0.0,g
768,Paj m. lax spenat,Arakidonsyra C20:4,Pizza paj pirog färdig smörgås,0.0,g
768,Paj m. lax spenat,Arakidinsyra C20:0,Pizza paj pirog färdig smörgås,0.0,g
768,Paj m. lax spenat,Linolensyra C18:3,Pizza paj pirog färdig smörgås,0.4,g
768,Paj m. lax spenat,Linolsyra C18:2,Pizza paj pirog färdig smörgås,1.3,g
768,Paj m. lax spenat,Oljesyra C18:1,Pizza paj pirog färdig smörgås,3.8,g
768,Paj m. lax spenat,Stearinsyra C18:0,Pizza paj pirog färdig smörgås,0.5,g
768,Paj m. lax spenat,Palmitoljesyra C16:1,Pizza paj pirog färdig smörgås,0.1,g
768,Paj m. lax spenat,Palmitinsyra C16:0,Pizza paj pirog färdig smörgås,1.8,g
768,Paj m. lax spenat,Myristinsyra C14:0,Pizza paj pirog färdig smörgås,0.3,g
768,Paj m. lax spenat,Laurinsyra C12:0,Pizza paj pirog färdig smörgås,0.1,g
768,Paj m. lax spenat,Betakaroten/β-Karoten,Pizza paj pirog färdig smörgås,667.0,µg
768,Paj m. lax spenat,Avfall (skal etc.),Pizza paj pirog färdig smörgås,4.0,%
768,Paj m. lax spenat,Aska,Pizza paj pirog färdig smörgås,2.2,g
768,Paj m. lax spenat,Alkohol,Pizza paj pirog färdig smörgås,0.0,g
769,Pizza m. räkor musslor hemlagad,"Zink, Zn",Pizza paj pirog färdig smörgås,1.2,mg
769,Pizza m. räkor musslor hemlagad,Vitamin E,Pizza paj pirog färdig smörgås,2.1,mg
769,Pizza m. räkor musslor hemlagad,Vitamin D,Pizza paj pirog färdig smörgås,0.01,µg
769,Pizza m. räkor musslor hemlagad,Vitamin C,Pizza paj pirog färdig smörgås,2.1,mg
769,Pizza m. räkor musslor hemlagad,Vitamin B6,Pizza paj pirog färdig smörgås,0.05,mg
769,Pizza m. räkor musslor hemlagad,Vitamin B12,Pizza paj pirog färdig smörgås,0.97,µg
769,Pizza m. räkor musslor hemlagad,Vitamin A,Pizza paj pirog färdig smörgås,65.1,RE/µg
769,Pizza m. räkor musslor hemlagad,Vatten,Pizza paj pirog färdig smörgås,51.6,g
769,Pizza m. räkor musslor hemlagad,Tiamin,Pizza paj pirog färdig smörgås,0.05,mg
769,Pizza m. räkor musslor hemlagad,Tillsatt socker,Pizza paj pirog färdig smörgås,0.0,g
769,Pizza m. räkor musslor hemlagad,Fritt socker,Pizza paj pirog färdig smörgås,1.0,g
769,Pizza m. räkor musslor hemlagad,"Selen, Se",Pizza paj pirog färdig smörgås,7.4,µg
769,Pizza m. räkor musslor hemlagad,Sackaros,Pizza paj pirog färdig smörgås,0.3,g
769,Pizza m. räkor musslor hemlagad,Riboflavin,Pizza paj pirog färdig smörgås,0.09,mg
769,Pizza m. räkor musslor hemlagad,Retinol,Pizza paj pirog färdig smörgås,52.8,µg
769,Pizza m. räkor musslor hemlagad,Protein,Pizza paj pirog färdig smörgås,10.7,g
769,Pizza m. räkor musslor hemlagad,Summa fleromättade fettsyror,Pizza paj pirog färdig smörgås,1.2,g
769,Pizza m. räkor musslor hemlagad,"Fosfor, P",Pizza paj pirog färdig smörgås,181.0,mg
769,Pizza m. räkor musslor hemlagad,Niacinekvivalenter,Pizza paj pirog färdig smörgås,2.78,NE/mg
769,Pizza m. räkor musslor hemlagad,Niacin,Pizza paj pirog färdig smörgås,0.64,mg
769,Pizza m. räkor musslor hemlagad,"Salt, NaCl",Pizza paj pirog färdig smörgås,1.1,g
769,Pizza m. räkor musslor hemlagad,"Natrium, Na",Pizza paj pirog färdig smörgås,428.0,mg
769,Pizza m. räkor musslor hemlagad,Monosackarider,Pizza paj pirog färdig smörgås,1.6,g
769,Pizza m. räkor musslor hemlagad,"Sockerarter, totalt",Pizza paj pirog färdig smörgås,2.5,g
769,Pizza m. räkor musslor hemlagad,Summa enkelomättade fettsyror,Pizza paj pirog färdig smörgås,4.9,g
769,Pizza m. räkor musslor hemlagad,"Magnesium, Mg",Pizza paj pirog färdig smörgås,21.0,mg
769,Pizza m. räkor musslor hemlagad,Summa mättade fettsyror,Pizza paj pirog färdig smörgås,4.2,g
769,Pizza m. räkor musslor hemlagad,"Kolhydrater, tillgängliga",Pizza paj pirog färdig smörgås,22.6,g
769,Pizza m. räkor musslor hemlagad,Kolesterol,Pizza paj pirog färdig smörgås,30.3,mg
769,Pizza m. räkor musslor hemlagad,"Kalium, K",Pizza paj pirog färdig smörgås,168.0,mg
769,Pizza m. räkor musslor hemlagad,"Jod, I",Pizza paj pirog färdig smörgås,32.0,µg
769,Pizza m. räkor musslor hemlagad,Fullkorn totalt,Pizza paj pirog färdig smörgås,2.0,g
769,Pizza m. räkor musslor hemlagad,"Folat, totalt",Pizza paj pirog färdig smörgås,16.1,µg
769,Pizza m. räkor musslor hemlagad,Fibrer,Pizza paj pirog färdig smörgås,1.8,g
769,Pizza m. räkor musslor hemlagad,"Fett, totalt",Pizza paj pirog färdig smörgås,11.1,g
769,Pizza m. räkor musslor hemlagad,"Järn, Fe",Pizza paj pirog färdig smörgås,0.7,mg
769,Pizza m. räkor musslor hemlagad,Energi (kJ),Pizza paj pirog färdig smörgås,993.0,kJ
769,Pizza m. räkor musslor hemlagad,Energi (kcal),Pizza paj pirog färdig smörgås,237.0,kcal
769,Pizza m. räkor musslor hemlagad,Disackarider,Pizza paj pirog färdig smörgås,0.9,g
769,Pizza m. räkor musslor hemlagad,"Kalcium, Ca",Pizza paj pirog färdig smörgås,133.0,mg
769,Pizza m. räkor musslor hemlagad,Fettsyra 4:0-10:0,Pizza paj pirog färdig smörgås,0.4,g
769,Pizza m. räkor musslor hemlagad,DHA (C22:6),Pizza paj pirog färdig smörgås,0.0,g
769,Pizza m. räkor musslor hemlagad,DPA (C22:5),Pizza paj pirog färdig smörgås,0.0,g
769,Pizza m. räkor musslor hemlagad,EPA (C20:5),Pizza paj pirog färdig smörgås,0.0,g
769,Pizza m. räkor musslor hemlagad,Arakidonsyra C20:4,Pizza paj pirog färdig smörgås,0.0,g
769,Pizza m. räkor musslor hemlagad,Arakidinsyra C20:0,Pizza paj pirog färdig smörgås,0.0,g
769,Pizza m. räkor musslor hemlagad,Linolensyra C18:3,Pizza paj pirog färdig smörgås,0.1,g
769,Pizza m. räkor musslor hemlagad,Linolsyra C18:2,Pizza paj pirog färdig smörgås,1.0,g
769,Pizza m. räkor musslor hemlagad,Oljesyra C18:1,Pizza paj pirog färdig smörgås,4.6,g
769,Pizza m. räkor musslor hemlagad,Stearinsyra C18:0,Pizza paj pirog färdig smörgås,0.8,g
769,Pizza m. räkor musslor hemlagad,Palmitoljesyra C16:1,Pizza paj pirog färdig smörgås,0.1,g
769,Pizza m. räkor musslor hemlagad,Palmitinsyra C16:0,Pizza paj pirog färdig smörgås,2.1,g
769,Pizza m. räkor musslor hemlagad,Myristinsyra C14:0,Pizza paj pirog färdig smörgås,0.5,g
769,Pizza m. räkor musslor hemlagad,Laurinsyra C12:0,Pizza paj pirog färdig smörgås,0.1,g
769,Pizza m. räkor musslor hemlagad,Betakaroten/β-Karoten,Pizza paj pirog färdig smörgås,143.0,µg
769,Pizza m. räkor musslor hemlagad,Avfall (skal etc.),Pizza paj pirog färdig smörgås,8.0,%
769,Pizza m. räkor musslor hemlagad,Aska,Pizza paj pirog färdig smörgås,2.1,g
769,Pizza m. räkor musslor hemlagad,Alkohol,Pizza paj pirog färdig smörgås,0.0,g
770,Vol-au-vent m. räkstuvning,"Zink, Zn",Fisk o skaldjursprodukter o rätter,0.4,mg
770,Vol-au-vent m. räkstuvning,Vitamin E,Fisk o skaldjursprodukter o rätter,2.7,mg
770,Vol-au-vent m. räkstuvning,Vitamin D,Fisk o skaldjursprodukter o rätter,0.8,µg
770,Vol-au-vent m. räkstuvning,Vitamin C,Fisk o skaldjursprodukter o rätter,1.6,mg
770,Vol-au-vent m. räkstuvning,Vitamin B6,Fisk o skaldjursprodukter o rätter,0.03,mg
770,Vol-au-vent m. räkstuvning,Vitamin B12,Fisk o skaldjursprodukter o rätter,0.82,µg
770,Vol-au-vent m. räkstuvning,Vitamin A,Fisk o skaldjursprodukter o rätter,115.9,RE/µg
770,Vol-au-vent m. räkstuvning,Vatten,Fisk o skaldjursprodukter o rätter,52.7,g
770,Vol-au-vent m. räkstuvning,Tiamin,Fisk o skaldjursprodukter o rätter,0.04,mg
770,Vol-au-vent m. räkstuvning,Tillsatt socker,Fisk o skaldjursprodukter o rätter,7.0,g
770,Vol-au-vent m. räkstuvning,Fritt socker,Fisk o skaldjursprodukter o rätter,7.0,g
770,Vol-au-vent m. räkstuvning,"Selen, Se",Fisk o skaldjursprodukter o rätter,7.9,µg
770,Vol-au-vent m. räkstuvning,Sackaros,Fisk o skaldjursprodukter o rätter,6.9,g
770,Vol-au-vent m. räkstuvning,Riboflavin,Fisk o skaldjursprodukter o rätter,0.04,mg
770,Vol-au-vent m. räkstuvning,Retinol,Fisk o skaldjursprodukter o rätter,104.4,µg
770,Vol-au-vent m. räkstuvning,Protein,Fisk o skaldjursprodukter o rätter,6.3,g
770,Vol-au-vent m. räkstuvning,Summa fleromättade fettsyror,Fisk o skaldjursprodukter o rätter,2.3,g
770,Vol-au-vent m. räkstuvning,"Fosfor, P",Fisk o skaldjursprodukter o rätter,72.0,mg
770,Vol-au-vent m. räkstuvning,Niacinekvivalenter,Fisk o skaldjursprodukter o rätter,1.65,NE/mg
770,Vol-au-vent m. räkstuvning,Niacin,Fisk o skaldjursprodukter o rätter,0.47,mg
770,Vol-au-vent m. räkstuvning,"Salt, NaCl",Fisk o skaldjursprodukter o rätter,1.4,g
770,Vol-au-vent m. räkstuvning,"Natrium, Na",Fisk o skaldjursprodukter o rätter,572.0,mg
770,Vol-au-vent m. räkstuvning,Monosackarider,Fisk o skaldjursprodukter o rätter,0.1,g
770,Vol-au-vent m. räkstuvning,"Sockerarter, totalt",Fisk o skaldjursprodukter o rätter,7.6,g
770,Vol-au-vent m. räkstuvning,Summa enkelomättade fettsyror,Fisk o skaldjursprodukter o rätter,5.2,g
770,Vol-au-vent m. räkstuvning,"Magnesium, Mg",Fisk o skaldjursprodukter o rätter,15.0,mg
770,Vol-au-vent m. räkstuvning,Summa mättade fettsyror,Fisk o skaldjursprodukter o rätter,5.8,g
770,Vol-au-vent m. räkstuvning,"Kolhydrater, tillgängliga",Fisk o skaldjursprodukter o rätter,24.0,g
770,Vol-au-vent m. räkstuvning,Kolesterol,Fisk o skaldjursprodukter o rätter,55.8,mg
770,Vol-au-vent m. räkstuvning,"Kalium, K",Fisk o skaldjursprodukter o rätter,79.0,mg
770,Vol-au-vent m. räkstuvning,"Jod, I",Fisk o skaldjursprodukter o rätter,44.0,µg
770,Vol-au-vent m. räkstuvning,Fullkorn totalt,Fisk o skaldjursprodukter o rätter,0.0,g
770,Vol-au-vent m. räkstuvning,"Folat, totalt",Fisk o skaldjursprodukter o rätter,10.0,µg
770,Vol-au-vent m. räkstuvning,Fibrer,Fisk o skaldjursprodukter o rätter,0.8,g
770,Vol-au-vent m. räkstuvning,"Fett, totalt",Fisk o skaldjursprodukter o rätter,14.0,g
770,Vol-au-vent m. räkstuvning,"Järn, Fe",Fisk o skaldjursprodukter o rätter,0.3,mg
770,Vol-au-vent m. räkstuvning,Energi (kJ),Fisk o skaldjursprodukter o rätter,1042.0,kJ
770,Vol-au-vent m. räkstuvning,Energi (kcal),Fisk o skaldjursprodukter o rätter,249.0,kcal
770,Vol-au-vent m. räkstuvning,Disackarider,Fisk o skaldjursprodukter o rätter,7.5,g
770,Vol-au-vent m. räkstuvning,"Kalcium, Ca",Fisk o skaldjursprodukter o rätter,24.0,mg
770,Vol-au-vent m. räkstuvning,Fettsyra 4:0-10:0,Fisk o skaldjursprodukter o rätter,0.4,g
770,Vol-au-vent m. räkstuvning,DHA (C22:6),Fisk o skaldjursprodukter o rätter,0.0,g
770,Vol-au-vent m. räkstuvning,DPA (C22:5),Fisk o skaldjursprodukter o rätter,0.0,g
770,Vol-au-vent m. räkstuvning,EPA (C20:5),Fisk o skaldjursprodukter o rätter,0.0,g
770,Vol-au-vent m. räkstuvning,Arakidonsyra C20:4,Fisk o skaldjursprodukter o rätter,0.0,g
770,Vol-au-vent m. räkstuvning,Arakidinsyra C20:0,Fisk o skaldjursprodukter o rätter,0.0,g
770,Vol-au-vent m. räkstuvning,Linolensyra C18:3,Fisk o skaldjursprodukter o rätter,0.5,g
770,Vol-au-vent m. räkstuvning,Linolsyra C18:2,Fisk o skaldjursprodukter o rätter,1.6,g
770,Vol-au-vent m. räkstuvning,Oljesyra C18:1,Fisk o skaldjursprodukter o rätter,5.1,g
770,Vol-au-vent m. räkstuvning,Stearinsyra C18:0,Fisk o skaldjursprodukter o rätter,0.8,g
770,Vol-au-vent m. räkstuvning,Palmitoljesyra C16:1,Fisk o skaldjursprodukter o rätter,0.1,g
770,Vol-au-vent m. räkstuvning,Palmitinsyra C16:0,Fisk o skaldjursprodukter o rätter,3.4,g
770,Vol-au-vent m. räkstuvning,Myristinsyra C14:0,Fisk o skaldjursprodukter o rätter,0.6,g
770,Vol-au-vent m. räkstuvning,Laurinsyra C12:0,Fisk o skaldjursprodukter o rätter,0.3,g
770,Vol-au-vent m. räkstuvning,Betakaroten/β-Karoten,Fisk o skaldjursprodukter o rätter,90.0,µg
770,Vol-au-vent m. räkstuvning,Avfall (skal etc.),Fisk o skaldjursprodukter o rätter,11.0,%
770,Vol-au-vent m. räkstuvning,Aska,Fisk o skaldjursprodukter o rätter,1.9,g
770,Vol-au-vent m. räkstuvning,Alkohol,Fisk o skaldjursprodukter o rätter,0.0,g
771,Paj m. skaldjur värmd frysvara,"Zink, Zn",Pizza paj pirog färdig smörgås,1.1,mg
771,Paj m. skaldjur värmd frysvara,Vitamin E,Pizza paj pirog färdig smörgås,3.8,mg
771,Paj m. skaldjur värmd frysvara,Vitamin D,Pizza paj pirog färdig smörgås,0.62,µg
771,Paj m. skaldjur värmd frysvara,Vitamin C,Pizza paj pirog färdig smörgås,0.3,mg
771,Paj m. skaldjur värmd frysvara,Vitamin B6,Pizza paj pirog färdig smörgås,0.11,mg
771,Paj m. skaldjur värmd frysvara,Vitamin B12,Pizza paj pirog färdig smörgås,0.58,µg
771,Paj m. skaldjur värmd frysvara,Vitamin A,Pizza paj pirog färdig smörgås,163.4,RE/µg
771,Paj m. skaldjur värmd frysvara,Vatten,Pizza paj pirog färdig smörgås,45.2,g
771,Paj m. skaldjur värmd frysvara,Tiamin,Pizza paj pirog färdig smörgås,0.28,mg
771,Paj m. skaldjur värmd frysvara,Tillsatt socker,Pizza paj pirog färdig smörgås,2.0,g
771,Paj m. skaldjur värmd frysvara,Fritt socker,Pizza paj pirog färdig smörgås,2.0,g
771,Paj m. skaldjur värmd frysvara,"Selen, Se",Pizza paj pirog färdig smörgås,11.9,µg
771,Paj m. skaldjur värmd frysvara,Sackaros,Pizza paj pirog färdig smörgås,0.1,g
771,Paj m. skaldjur värmd frysvara,Riboflavin,Pizza paj pirog färdig smörgås,0.24,mg
771,Paj m. skaldjur värmd frysvara,Retinol,Pizza paj pirog färdig smörgås,162.1,µg
771,Paj m. skaldjur värmd frysvara,Protein,Pizza paj pirog färdig smörgås,10.4,g
771,Paj m. skaldjur värmd frysvara,Summa fleromättade fettsyror,Pizza paj pirog färdig smörgås,2.1,g
771,Paj m. skaldjur värmd frysvara,"Fosfor, P",Pizza paj pirog färdig smörgås,135.0,mg
771,Paj m. skaldjur värmd frysvara,Niacinekvivalenter,Pizza paj pirog färdig smörgås,3.22,NE/mg
771,Paj m. skaldjur värmd frysvara,Niacin,Pizza paj pirog färdig smörgås,1.31,mg
771,Paj m. skaldjur värmd frysvara,"Salt, NaCl",Pizza paj pirog färdig smörgås,1.4,g
771,Paj m. skaldjur värmd frysvara,"Natrium, Na",Pizza paj pirog färdig smörgås,578.0,mg
771,Paj m. skaldjur värmd frysvara,Monosackarider,Pizza paj pirog färdig smörgås,1.3,g
771,Paj m. skaldjur värmd frysvara,"Sockerarter, totalt",Pizza paj pirog färdig smörgås,2.4,g
771,Paj m. skaldjur värmd frysvara,Summa enkelomättade fettsyror,Pizza paj pirog färdig smörgås,7.1,g
771,Paj m. skaldjur värmd frysvara,"Magnesium, Mg",Pizza paj pirog färdig smörgås,20.0,mg
771,Paj m. skaldjur värmd frysvara,Summa mättade fettsyror,Pizza paj pirog färdig smörgås,9.5,g
771,Paj m. skaldjur värmd frysvara,"Kolhydrater, tillgängliga",Pizza paj pirog färdig smörgås,22.0,g
771,Paj m. skaldjur värmd frysvara,Kolesterol,Pizza paj pirog färdig smörgås,46.0,mg
771,Paj m. skaldjur värmd frysvara,"Kalium, K",Pizza paj pirog färdig smörgås,120.0,mg
771,Paj m. skaldjur värmd frysvara,"Jod, I",Pizza paj pirog färdig smörgås,10.5,µg
771,Paj m. skaldjur värmd frysvara,Fullkorn totalt,Pizza paj pirog färdig smörgås,0.0,g
771,Paj m. skaldjur värmd frysvara,"Folat, totalt",Pizza paj pirog färdig smörgås,28.1,µg
771,Paj m. skaldjur värmd frysvara,Fibrer,Pizza paj pirog färdig smörgås,0.6,g
771,Paj m. skaldjur värmd frysvara,"Fett, totalt",Pizza paj pirog färdig smörgås,19.6,g
771,Paj m. skaldjur värmd frysvara,"Järn, Fe",Pizza paj pirog färdig smörgås,0.8,mg
771,Paj m. skaldjur värmd frysvara,Energi (kJ),Pizza paj pirog färdig smörgås,1282.0,kJ
771,Paj m. skaldjur värmd frysvara,Energi (kcal),Pizza paj pirog färdig smörgås,306.0,kcal
771,Paj m. skaldjur värmd frysvara,Disackarider,Pizza paj pirog färdig smörgås,1.1,g
771,Paj m. skaldjur värmd frysvara,"Kalcium, Ca",Pizza paj pirog färdig smörgås,119.0,mg
771,Paj m. skaldjur värmd frysvara,Fettsyra 4:0-10:0,Pizza paj pirog färdig smörgås,0.7,g
771,Paj m. skaldjur värmd frysvara,DHA (C22:6),Pizza paj pirog färdig smörgås,0.1,g
771,Paj m. skaldjur värmd frysvara,DPA (C22:5),Pizza paj pirog färdig smörgås,0.0,g
771,Paj m. skaldjur värmd frysvara,EPA (C20:5),Pizza paj pirog färdig smörgås,0.0,g
771,Paj m. skaldjur värmd frysvara,Arakidonsyra C20:4,Pizza paj pirog färdig smörgås,0.0,g
771,Paj m. skaldjur värmd frysvara,Arakidinsyra C20:0,Pizza paj pirog färdig smörgås,0.1,g
771,Paj m. skaldjur värmd frysvara,Linolensyra C18:3,Pizza paj pirog färdig smörgås,0.3,g
771,Paj m. skaldjur värmd frysvara,Linolsyra C18:2,Pizza paj pirog färdig smörgås,1.5,g
771,Paj m. skaldjur värmd frysvara,Oljesyra C18:1,Pizza paj pirog färdig smörgås,6.7,g
771,Paj m. skaldjur värmd frysvara,Stearinsyra C18:0,Pizza paj pirog färdig smörgås,1.8,g
771,Paj m. skaldjur värmd frysvara,Palmitoljesyra C16:1,Pizza paj pirog färdig smörgås,0.2,g
771,Paj m. skaldjur värmd frysvara,Palmitinsyra C16:0,Pizza paj pirog färdig smörgås,5.3,g
771,Paj m. skaldjur värmd frysvara,Myristinsyra C14:0,Pizza paj pirog färdig smörgås,0.9,g
771,Paj m. skaldjur värmd frysvara,Laurinsyra C12:0,Pizza paj pirog färdig smörgås,0.4,g
771,Paj m. skaldjur värmd frysvara,Betakaroten/β-Karoten,Pizza paj pirog färdig smörgås,16.0,µg
771,Paj m. skaldjur värmd frysvara,Avfall (skal etc.),Pizza paj pirog färdig smörgås,0.0,%
771,Paj m. skaldjur värmd frysvara,Aska,Pizza paj pirog färdig smörgås,2.2,g
771,Paj m. skaldjur värmd frysvara,Alkohol,Pizza paj pirog färdig smörgås,0.0,g
772,Pizza Marinara m. skaldjur restaurang,"Zink, Zn",Pizza paj pirog färdig smörgås,1.7,mg
772,Pizza Marinara m. skaldjur restaurang,Vitamin E,Pizza paj pirog färdig smörgås,1.5,mg
772,Pizza Marinara m. skaldjur restaurang,Vitamin D,Pizza paj pirog färdig smörgås,0.15,µg
772,Pizza Marinara m. skaldjur restaurang,Vitamin C,Pizza paj pirog färdig smörgås,4.1,mg
772,Pizza Marinara m. skaldjur restaurang,Vitamin B6,Pizza paj pirog färdig smörgås,0.07,mg
772,Pizza Marinara m. skaldjur restaurang,Vitamin B12,Pizza paj pirog färdig smörgås,2.41,µg
772,Pizza Marinara m. skaldjur restaurang,Vitamin A,Pizza paj pirog färdig smörgås,93.9,RE/µg
772,Pizza Marinara m. skaldjur restaurang,Vatten,Pizza paj pirog färdig smörgås,48.5,g
772,Pizza Marinara m. skaldjur restaurang,Tiamin,Pizza paj pirog färdig smörgås,0.06,mg
772,Pizza Marinara m. skaldjur restaurang,Tillsatt socker,Pizza paj pirog färdig smörgås,2.0,g
772,Pizza Marinara m. skaldjur restaurang,Fritt socker,Pizza paj pirog färdig smörgås,2.0,g
772,Pizza Marinara m. skaldjur restaurang,"Selen, Se",Pizza paj pirog färdig smörgås,13.1,µg
772,Pizza Marinara m. skaldjur restaurang,Sackaros,Pizza paj pirog färdig smörgås,0.1,g
772,Pizza Marinara m. skaldjur restaurang,Riboflavin,Pizza paj pirog färdig smörgås,0.12,mg
772,Pizza Marinara m. skaldjur restaurang,Retinol,Pizza paj pirog färdig smörgås,83.2,µg
772,Pizza Marinara m. skaldjur restaurang,Protein,Pizza paj pirog färdig smörgås,12.9,g
772,Pizza Marinara m. skaldjur restaurang,Summa fleromättade fettsyror,Pizza paj pirog färdig smörgås,1.2,g
772,Pizza Marinara m. skaldjur restaurang,"Fosfor, P",Pizza paj pirog färdig smörgås,171.0,mg
772,Pizza Marinara m. skaldjur restaurang,Niacinekvivalenter,Pizza paj pirog färdig smörgås,2.88,NE/mg
772,Pizza Marinara m. skaldjur restaurang,Niacin,Pizza paj pirog färdig smörgås,0.73,mg
772,Pizza Marinara m. skaldjur restaurang,"Salt, NaCl",Pizza paj pirog färdig smörgås,1.5,g
772,Pizza Marinara m. skaldjur restaurang,"Natrium, Na",Pizza paj pirog färdig smörgås,617.0,mg
772,Pizza Marinara m. skaldjur restaurang,Monosackarider,Pizza paj pirog färdig smörgås,0.9,g
772,Pizza Marinara m. skaldjur restaurang,"Sockerarter, totalt",Pizza paj pirog färdig smörgås,2.2,g
772,Pizza Marinara m. skaldjur restaurang,Summa enkelomättade fettsyror,Pizza paj pirog färdig smörgås,3.9,g
772,Pizza Marinara m. skaldjur restaurang,"Magnesium, Mg",Pizza paj pirog färdig smörgås,22.0,mg
772,Pizza Marinara m. skaldjur restaurang,Summa mättade fettsyror,Pizza paj pirog färdig smörgås,6.8,g
772,Pizza Marinara m. skaldjur restaurang,"Kolhydrater, tillgängliga",Pizza paj pirog färdig smörgås,22.2,g
772,Pizza Marinara m. skaldjur restaurang,Kolesterol,Pizza paj pirog färdig smörgås,30.7,mg
772,Pizza Marinara m. skaldjur restaurang,"Kalium, K",Pizza paj pirog färdig smörgås,121.0,mg
772,Pizza Marinara m. skaldjur restaurang,"Jod, I",Pizza paj pirog färdig smörgås,12.2,µg
772,Pizza Marinara m. skaldjur restaurang,Fullkorn totalt,Pizza paj pirog färdig smörgås,0.0,g
772,Pizza Marinara m. skaldjur restaurang,"Folat, totalt",Pizza paj pirog färdig smörgås,25.2,µg
772,Pizza Marinara m. skaldjur restaurang,Fibrer,Pizza paj pirog färdig smörgås,1.4,g
772,Pizza Marinara m. skaldjur restaurang,"Fett, totalt",Pizza paj pirog färdig smörgås,12.7,g
772,Pizza Marinara m. skaldjur restaurang,"Järn, Fe",Pizza paj pirog färdig smörgås,1.1,mg
772,Pizza Marinara m. skaldjur restaurang,Energi (kJ),Pizza paj pirog färdig smörgås,1078.0,kJ
772,Pizza Marinara m. skaldjur restaurang,Energi (kcal),Pizza paj pirog färdig smörgås,258.0,kcal
772,Pizza Marinara m. skaldjur restaurang,Disackarider,Pizza paj pirog färdig smörgås,1.3,g
772,Pizza Marinara m. skaldjur restaurang,"Kalcium, Ca",Pizza paj pirog färdig smörgås,127.0,mg
772,Pizza Marinara m. skaldjur restaurang,Fettsyra 4:0-10:0,Pizza paj pirog färdig smörgås,0.8,g
772,Pizza Marinara m. skaldjur restaurang,DHA (C22:6),Pizza paj pirog färdig smörgås,0.0,g
772,Pizza Marinara m. skaldjur restaurang,DPA (C22:5),Pizza paj pirog färdig smörgås,0.0,g
772,Pizza Marinara m. skaldjur restaurang,EPA (C20:5),Pizza paj pirog färdig smörgås,0.1,g
772,Pizza Marinara m. skaldjur restaurang,Arakidonsyra C20:4,Pizza paj pirog färdig smörgås,0.0,g
772,Pizza Marinara m. skaldjur restaurang,Arakidinsyra C20:0,Pizza paj pirog färdig smörgås,0.0,g
772,Pizza Marinara m. skaldjur restaurang,Linolensyra C18:3,Pizza paj pirog färdig smörgås,0.2,g
772,Pizza Marinara m. skaldjur restaurang,Linolsyra C18:2,Pizza paj pirog färdig smörgås,0.7,g
772,Pizza Marinara m. skaldjur restaurang,Oljesyra C18:1,Pizza paj pirog färdig smörgås,3.5,g
772,Pizza Marinara m. skaldjur restaurang,Stearinsyra C18:0,Pizza paj pirog färdig smörgås,1.2,g
772,Pizza Marinara m. skaldjur restaurang,Palmitoljesyra C16:1,Pizza paj pirog färdig smörgås,0.2,g
772,Pizza Marinara m. skaldjur restaurang,Palmitinsyra C16:0,Pizza paj pirog färdig smörgås,3.0,g
772,Pizza Marinara m. skaldjur restaurang,Myristinsyra C14:0,Pizza paj pirog färdig smörgås,1.1,g
772,Pizza Marinara m. skaldjur restaurang,Laurinsyra C12:0,Pizza paj pirog färdig smörgås,0.4,g
772,Pizza Marinara m. skaldjur restaurang,Betakaroten/β-Karoten,Pizza paj pirog färdig smörgås,129.0,µg
772,Pizza Marinara m. skaldjur restaurang,Avfall (skal etc.),Pizza paj pirog färdig smörgås,0.0,%
772,Pizza Marinara m. skaldjur restaurang,Aska,Pizza paj pirog färdig smörgås,2.3,g
772,Pizza Marinara m. skaldjur restaurang,Alkohol,Pizza paj pirog färdig smörgås,0.0,g
773,Pizza veg. hemlagad,"Zink, Zn",Pizza paj pirog färdig smörgås,0.8,mg
773,Pizza veg. hemlagad,Vitamin E,Pizza paj pirog färdig smörgås,1.8,mg
773,Pizza veg. hemlagad,Vitamin D,Pizza paj pirog färdig smörgås,0.0,µg
773,Pizza veg. hemlagad,Vitamin C,Pizza paj pirog färdig smörgås,5.7,mg
773,Pizza veg. hemlagad,Vitamin B6,Pizza paj pirog färdig smörgås,0.07,mg
773,Pizza veg. hemlagad,Vitamin B12,Pizza paj pirog färdig smörgås,0.22,µg
773,Pizza veg. hemlagad,Vitamin A,Pizza paj pirog färdig smörgås,59.3,RE/µg
773,Pizza veg. hemlagad,Vatten,Pizza paj pirog färdig smörgås,62.4,g
773,Pizza veg. hemlagad,Tiamin,Pizza paj pirog färdig smörgås,0.06,mg
773,Pizza veg. hemlagad,Tillsatt socker,Pizza paj pirog färdig smörgås,0.0,g
773,Pizza veg. hemlagad,Fritt socker,Pizza paj pirog färdig smörgås,1.0,g
773,Pizza veg. hemlagad,"Selen, Se",Pizza paj pirog färdig smörgås,1.4,µg
773,Pizza veg. hemlagad,Sackaros,Pizza paj pirog färdig smörgås,0.4,g
773,Pizza veg. hemlagad,Riboflavin,Pizza paj pirog färdig smörgås,0.06,mg
773,Pizza veg. hemlagad,Retinol,Pizza paj pirog färdig smörgås,37.3,µg
773,Pizza veg. hemlagad,Protein,Pizza paj pirog färdig smörgås,6.4,g
773,Pizza veg. hemlagad,Summa fleromättade fettsyror,Pizza paj pirog färdig smörgås,0.9,g
773,Pizza veg. hemlagad,"Fosfor, P",Pizza paj pirog färdig smörgås,120.0,mg
773,Pizza veg. hemlagad,Niacinekvivalenter,Pizza paj pirog färdig smörgås,1.99,NE/mg
773,Pizza veg. hemlagad,Niacin,Pizza paj pirog färdig smörgås,0.68,mg
773,Pizza veg. hemlagad,"Salt, NaCl",Pizza paj pirog färdig smörgås,0.9,g
773,Pizza veg. hemlagad,"Natrium, Na",Pizza paj pirog färdig smörgås,368.0,mg
773,Pizza veg. hemlagad,Monosackarider,Pizza paj pirog färdig smörgås,2.9,g
773,Pizza veg. hemlagad,"Sockerarter, totalt",Pizza paj pirog färdig smörgås,3.9,g
773,Pizza veg. hemlagad,Summa enkelomättade fettsyror,Pizza paj pirog färdig smörgås,3.4,g
773,Pizza veg. hemlagad,"Magnesium, Mg",Pizza paj pirog färdig smörgås,18.0,mg
773,Pizza veg. hemlagad,Summa mättade fettsyror,Pizza paj pirog färdig smörgås,3.0,g
773,Pizza veg. hemlagad,"Kolhydrater, tillgängliga",Pizza paj pirog färdig smörgås,19.1,g
773,Pizza veg. hemlagad,Kolesterol,Pizza paj pirog färdig smörgås,11.8,mg
773,Pizza veg. hemlagad,"Kalium, K",Pizza paj pirog färdig smörgås,211.0,mg
773,Pizza veg. hemlagad,"Jod, I",Pizza paj pirog färdig smörgås,26.5,µg
773,Pizza veg. hemlagad,Fullkorn totalt,Pizza paj pirog färdig smörgås,1.0,g
773,Pizza veg. hemlagad,"Folat, totalt",Pizza paj pirog färdig smörgås,14.6,µg
773,Pizza veg. hemlagad,Fibrer,Pizza paj pirog färdig smörgås,2.2,g
773,Pizza veg. hemlagad,"Fett, totalt",Pizza paj pirog färdig smörgås,8.0,g
773,Pizza veg. hemlagad,"Järn, Fe",Pizza paj pirog färdig smörgås,0.6,mg
773,Pizza veg. hemlagad,Energi (kJ),Pizza paj pirog färdig smörgås,749.0,kJ
773,Pizza veg. hemlagad,Energi (kcal),Pizza paj pirog färdig smörgås,179.0,kcal
773,Pizza veg. hemlagad,Disackarider,Pizza paj pirog färdig smörgås,1.0,g
773,Pizza veg. hemlagad,"Kalcium, Ca",Pizza paj pirog färdig smörgås,94.0,mg
773,Pizza veg. hemlagad,Fettsyra 4:0-10:0,Pizza paj pirog färdig smörgås,0.3,g
773,Pizza veg. hemlagad,DHA (C22:6),Pizza paj pirog färdig smörgås,0.0,g
773,Pizza veg. hemlagad,DPA (C22:5),Pizza paj pirog färdig smörgås,0.0,g
773,Pizza veg. hemlagad,EPA (C20:5),Pizza paj pirog färdig smörgås,0.0,g
773,Pizza veg. hemlagad,Arakidonsyra C20:4,Pizza paj pirog färdig smörgås,0.0,g
773,Pizza veg. hemlagad,Arakidinsyra C20:0,Pizza paj pirog färdig smörgås,0.0,g
773,Pizza veg. hemlagad,Linolensyra C18:3,Pizza paj pirog färdig smörgås,0.1,g
773,Pizza veg. hemlagad,Linolsyra C18:2,Pizza paj pirog färdig smörgås,0.7,g
773,Pizza veg. hemlagad,Oljesyra C18:1,Pizza paj pirog färdig smörgås,3.3,g
773,Pizza veg. hemlagad,Stearinsyra C18:0,Pizza paj pirog färdig smörgås,0.5,g
773,Pizza veg. hemlagad,Palmitoljesyra C16:1,Pizza paj pirog färdig smörgås,0.1,g
773,Pizza veg. hemlagad,Palmitinsyra C16:0,Pizza paj pirog färdig smörgås,1.5,g
773,Pizza veg. hemlagad,Myristinsyra C14:0,Pizza paj pirog färdig smörgås,0.4,g
773,Pizza veg. hemlagad,Laurinsyra C12:0,Pizza paj pirog färdig smörgås,0.1,g
773,Pizza veg. hemlagad,Betakaroten/β-Karoten,Pizza paj pirog färdig smörgås,258.0,µg
773,Pizza veg. hemlagad,Avfall (skal etc.),Pizza paj pirog färdig smörgås,1.0,%
773,Pizza veg. hemlagad,Aska,Pizza paj pirog färdig smörgås,1.9,g
773,Pizza veg. hemlagad,Alkohol,Pizza paj pirog färdig smörgås,0.0,g
774,Pizza Margherita m. ost tomatsås hemlagad,"Zink, Zn",Pizza paj pirog färdig smörgås,0.9,mg
774,Pizza Margherita m. ost tomatsås hemlagad,Vitamin E,Pizza paj pirog färdig smörgås,2.0,mg
774,Pizza Margherita m. ost tomatsås hemlagad,Vitamin D,Pizza paj pirog färdig smörgås,0.03,µg
774,Pizza Margherita m. ost tomatsås hemlagad,Vitamin C,Pizza paj pirog färdig smörgås,3.0,mg
774,Pizza Margherita m. ost tomatsås hemlagad,Vitamin B6,Pizza paj pirog färdig smörgås,0.07,mg
774,Pizza Margherita m. ost tomatsås hemlagad,Vitamin B12,Pizza paj pirog färdig smörgås,0.3,µg
774,Pizza Margherita m. ost tomatsås hemlagad,Vitamin A,Pizza paj pirog färdig smörgås,64.5,RE/µg
774,Pizza Margherita m. ost tomatsås hemlagad,Vatten,Pizza paj pirog färdig smörgås,47.9,g
774,Pizza Margherita m. ost tomatsås hemlagad,Tiamin,Pizza paj pirog färdig smörgås,0.07,mg
774,Pizza Margherita m. ost tomatsås hemlagad,Tillsatt socker,Pizza paj pirog färdig smörgås,0.0,g
774,Pizza Margherita m. ost tomatsås hemlagad,Fritt socker,Pizza paj pirog färdig smörgås,1.0,g
774,Pizza Margherita m. ost tomatsås hemlagad,"Selen, Se",Pizza paj pirog färdig smörgås,4.3,µg
774,Pizza Margherita m. ost tomatsås hemlagad,Sackaros,Pizza paj pirog färdig smörgås,0.6,g
774,Pizza Margherita m. ost tomatsås hemlagad,Riboflavin,Pizza paj pirog färdig smörgås,0.08,mg
774,Pizza Margherita m. ost tomatsås hemlagad,Retinol,Pizza paj pirog färdig smörgås,44.8,µg
774,Pizza Margherita m. ost tomatsås hemlagad,Protein,Pizza paj pirog färdig smörgås,9.0,g
774,Pizza Margherita m. ost tomatsås hemlagad,Summa fleromättade fettsyror,Pizza paj pirog färdig smörgås,1.1,g
774,Pizza Margherita m. ost tomatsås hemlagad,"Fosfor, P",Pizza paj pirog färdig smörgås,184.0,mg
774,Pizza Margherita m. ost tomatsås hemlagad,Niacinekvivalenter,Pizza paj pirog färdig smörgås,2.6,NE/mg
774,Pizza Margherita m. ost tomatsås hemlagad,Niacin,Pizza paj pirog färdig smörgås,0.79,mg
774,Pizza Margherita m. ost tomatsås hemlagad,"Salt, NaCl",Pizza paj pirog färdig smörgås,1.3,g
774,Pizza Margherita m. ost tomatsås hemlagad,"Natrium, Na",Pizza paj pirog färdig smörgås,513.0,mg
774,Pizza Margherita m. ost tomatsås hemlagad,Monosackarider,Pizza paj pirog färdig smörgås,3.1,g
774,Pizza Margherita m. ost tomatsås hemlagad,"Sockerarter, totalt",Pizza paj pirog färdig smörgås,4.4,g
774,Pizza Margherita m. ost tomatsås hemlagad,Summa enkelomättade fettsyror,Pizza paj pirog färdig smörgås,4.4,g
774,Pizza Margherita m. ost tomatsås hemlagad,"Magnesium, Mg",Pizza paj pirog färdig smörgås,22.0,mg
774,Pizza Margherita m. ost tomatsås hemlagad,Summa mättade fettsyror,Pizza paj pirog färdig smörgås,4.1,g
774,Pizza Margherita m. ost tomatsås hemlagad,"Kolhydrater, tillgängliga",Pizza paj pirog färdig smörgås,27.6,g
774,Pizza Margherita m. ost tomatsås hemlagad,Kolesterol,Pizza paj pirog färdig smörgås,13.4,mg
774,Pizza Margherita m. ost tomatsås hemlagad,"Kalium, K",Pizza paj pirog färdig smörgås,237.0,mg
774,Pizza Margherita m. ost tomatsås hemlagad,"Jod, I",Pizza paj pirog färdig smörgås,35.2,µg
774,Pizza Margherita m. ost tomatsås hemlagad,Fullkorn totalt,Pizza paj pirog färdig smörgås,2.0,g
774,Pizza Margherita m. ost tomatsås hemlagad,"Folat, totalt",Pizza paj pirog färdig smörgås,16.5,µg
774,Pizza Margherita m. ost tomatsås hemlagad,Fibrer,Pizza paj pirog färdig smörgås,2.4,g
774,Pizza Margherita m. ost tomatsås hemlagad,"Fett, totalt",Pizza paj pirog färdig smörgås,10.5,g
774,Pizza Margherita m. ost tomatsås hemlagad,"Järn, Fe",Pizza paj pirog färdig smörgås,0.7,mg
774,Pizza Margherita m. ost tomatsås hemlagad,Energi (kJ),Pizza paj pirog färdig smörgås,1029.0,kJ
774,Pizza Margherita m. ost tomatsås hemlagad,Energi (kcal),Pizza paj pirog färdig smörgås,246.0,kcal
774,Pizza Margherita m. ost tomatsås hemlagad,Disackarider,Pizza paj pirog färdig smörgås,1.3,g
774,Pizza Margherita m. ost tomatsås hemlagad,"Kalcium, Ca",Pizza paj pirog färdig smörgås,165.0,mg
774,Pizza Margherita m. ost tomatsås hemlagad,Fettsyra 4:0-10:0,Pizza paj pirog färdig smörgås,0.5,g
774,Pizza Margherita m. ost tomatsås hemlagad,DHA (C22:6),Pizza paj pirog färdig smörgås,0.0,g
774,Pizza Margherita m. ost tomatsås hemlagad,DPA (C22:5),Pizza paj pirog färdig smörgås,0.0,g
774,Pizza Margherita m. ost tomatsås hemlagad,EPA (C20:5),Pizza paj pirog färdig smörgås,0.0,g
774,Pizza Margherita m. ost tomatsås hemlagad,Arakidonsyra C20:4,Pizza paj pirog färdig smörgås,0.0,g
774,Pizza Margherita m. ost tomatsås hemlagad,Arakidinsyra C20:0,Pizza paj pirog färdig smörgås,0.0,g
774,Pizza Margherita m. ost tomatsås hemlagad,Linolensyra C18:3,Pizza paj pirog färdig smörgås,0.1,g
774,Pizza Margherita m. ost tomatsås hemlagad,Linolsyra C18:2,Pizza paj pirog färdig smörgås,1.0,g
774,Pizza Margherita m. ost tomatsås hemlagad,Oljesyra C18:1,Pizza paj pirog färdig smörgås,4.2,g
774,Pizza Margherita m. ost tomatsås hemlagad,Stearinsyra C18:0,Pizza paj pirog färdig smörgås,0.7,g
774,Pizza Margherita m. ost tomatsås hemlagad,Palmitoljesyra C16:1,Pizza paj pirog färdig smörgås,0.1,g
774,Pizza Margherita m. ost tomatsås hemlagad,Palmitinsyra C16:0,Pizza paj pirog färdig smörgås,2.0,g
774,Pizza Margherita m. ost tomatsås hemlagad,Myristinsyra C14:0,Pizza paj pirog färdig smörgås,0.5,g
774,Pizza Margherita m. ost tomatsås hemlagad,Laurinsyra C12:0,Pizza paj pirog färdig smörgås,0.2,g
774,Pizza Margherita m. ost tomatsås hemlagad,Betakaroten/β-Karoten,Pizza paj pirog färdig smörgås,229.0,µg
774,Pizza Margherita m. ost tomatsås hemlagad,Avfall (skal etc.),Pizza paj pirog färdig smörgås,0.0,%
774,Pizza Margherita m. ost tomatsås hemlagad,Aska,Pizza paj pirog färdig smörgås,2.6,g
774,Pizza Margherita m. ost tomatsås hemlagad,Alkohol,Pizza paj pirog färdig smörgås,0.0,g
775,Kycklingburgare m. bröd tillbehör,"Zink, Zn","Hamburgare med  bröd (kött, fisk, fågel, vegetarisk)",0.7,mg
775,Kycklingburgare m. bröd tillbehör,Vitamin E,"Hamburgare med  bröd (kött, fisk, fågel, vegetarisk)",0.7,mg
775,Kycklingburgare m. bröd tillbehör,Vitamin D,"Hamburgare med  bröd (kött, fisk, fågel, vegetarisk)",0.2,µg
775,Kycklingburgare m. bröd tillbehör,Vitamin C,"Hamburgare med  bröd (kött, fisk, fågel, vegetarisk)",0.0,mg
775,Kycklingburgare m. bröd tillbehör,Vitamin B6,"Hamburgare med  bröd (kött, fisk, fågel, vegetarisk)",0.18,mg
775,Kycklingburgare m. bröd tillbehör,Vitamin B12,"Hamburgare med  bröd (kött, fisk, fågel, vegetarisk)",0.2,µg
775,Kycklingburgare m. bröd tillbehör,Vitamin A,"Hamburgare med  bröd (kött, fisk, fågel, vegetarisk)",14.1,RE/µg
775,Kycklingburgare m. bröd tillbehör,Vatten,"Hamburgare med  bröd (kött, fisk, fågel, vegetarisk)",53.0,g
775,Kycklingburgare m. bröd tillbehör,Tiamin,"Hamburgare med  bröd (kött, fisk, fågel, vegetarisk)",0.11,mg
775,Kycklingburgare m. bröd tillbehör,Tillsatt socker,"Hamburgare med  bröd (kött, fisk, fågel, vegetarisk)",4.0,g
775,Kycklingburgare m. bröd tillbehör,Fritt socker,"Hamburgare med  bröd (kött, fisk, fågel, vegetarisk)",4.0,g
775,Kycklingburgare m. bröd tillbehör,"Selen, Se","Hamburgare med  bröd (kött, fisk, fågel, vegetarisk)",9.7,µg
775,Kycklingburgare m. bröd tillbehör,Sackaros,"Hamburgare med  bröd (kött, fisk, fågel, vegetarisk)",1.3,g
775,Kycklingburgare m. bröd tillbehör,Riboflavin,"Hamburgare med  bröd (kött, fisk, fågel, vegetarisk)",0.08,mg
775,Kycklingburgare m. bröd tillbehör,Retinol,"Hamburgare med  bröd (kött, fisk, fågel, vegetarisk)",13.3,µg
775,Kycklingburgare m. bröd tillbehör,Protein,"Hamburgare med  bröd (kött, fisk, fågel, vegetarisk)",10.7,g
775,Kycklingburgare m. bröd tillbehör,Summa fleromättade fettsyror,"Hamburgare med  bröd (kött, fisk, fågel, vegetarisk)",3.2,g
775,Kycklingburgare m. bröd tillbehör,"Fosfor, P","Hamburgare med  bröd (kött, fisk, fågel, vegetarisk)",128.0,mg
775,Kycklingburgare m. bröd tillbehör,Niacinekvivalenter,"Hamburgare med  bröd (kött, fisk, fågel, vegetarisk)",5.8,NE/mg
775,Kycklingburgare m. bröd tillbehör,Niacin,"Hamburgare med  bröd (kött, fisk, fågel, vegetarisk)",3.81,mg
775,Kycklingburgare m. bröd tillbehör,"Salt, NaCl","Hamburgare med  bröd (kött, fisk, fågel, vegetarisk)",1.1,g
775,Kycklingburgare m. bröd tillbehör,"Natrium, Na","Hamburgare med  bröd (kött, fisk, fågel, vegetarisk)",433.0,mg
775,Kycklingburgare m. bröd tillbehör,Monosackarider,"Hamburgare med  bröd (kött, fisk, fågel, vegetarisk)",1.9,g
775,Kycklingburgare m. bröd tillbehör,"Sockerarter, totalt","Hamburgare med  bröd (kött, fisk, fågel, vegetarisk)",3.8,g
775,Kycklingburgare m. bröd tillbehör,Summa enkelomättade fettsyror,"Hamburgare med  bröd (kött, fisk, fågel, vegetarisk)",4.4,g
775,Kycklingburgare m. bröd tillbehör,"Magnesium, Mg","Hamburgare med  bröd (kött, fisk, fågel, vegetarisk)",23.0,mg
775,Kycklingburgare m. bröd tillbehör,Summa mättade fettsyror,"Hamburgare med  bröd (kött, fisk, fågel, vegetarisk)",1.7,g
775,Kycklingburgare m. bröd tillbehör,"Kolhydrater, tillgängliga","Hamburgare med  bröd (kött, fisk, fågel, vegetarisk)",22.8,g
775,Kycklingburgare m. bröd tillbehör,Kolesterol,"Hamburgare med  bröd (kött, fisk, fågel, vegetarisk)",28.0,mg
775,Kycklingburgare m. bröd tillbehör,"Kalium, K","Hamburgare med  bröd (kött, fisk, fågel, vegetarisk)",196.0,mg
775,Kycklingburgare m. bröd tillbehör,"Jod, I","Hamburgare med  bröd (kött, fisk, fågel, vegetarisk)",14.0,µg
775,Kycklingburgare m. bröd tillbehör,Fullkorn totalt,"Hamburgare med  bröd (kött, fisk, fågel, vegetarisk)",0.0,g
775,Kycklingburgare m. bröd tillbehör,"Folat, totalt","Hamburgare med  bröd (kött, fisk, fågel, vegetarisk)",20.3,µg
775,Kycklingburgare m. bröd tillbehör,Fibrer,"Hamburgare med  bröd (kött, fisk, fågel, vegetarisk)",1.7,g
775,Kycklingburgare m. bröd tillbehör,"Fett, totalt","Hamburgare med  bröd (kött, fisk, fågel, vegetarisk)",10.1,g
775,Kycklingburgare m. bröd tillbehör,"Järn, Fe","Hamburgare med  bröd (kött, fisk, fågel, vegetarisk)",0.7,mg
775,Kycklingburgare m. bröd tillbehör,Energi (kJ),"Hamburgare med  bröd (kött, fisk, fågel, vegetarisk)",956.0,kJ
775,Kycklingburgare m. bröd tillbehör,Energi (kcal),"Hamburgare med  bröd (kött, fisk, fågel, vegetarisk)",228.0,kcal
775,Kycklingburgare m. bröd tillbehör,Disackarider,"Hamburgare med  bröd (kött, fisk, fågel, vegetarisk)",1.9,g
775,Kycklingburgare m. bröd tillbehör,"Kalcium, Ca","Hamburgare med  bröd (kött, fisk, fågel, vegetarisk)",27.0,mg
775,Kycklingburgare m. bröd tillbehör,Fettsyra 4:0-10:0,"Hamburgare med  bröd (kött, fisk, fågel, vegetarisk)",0.0,g
775,Kycklingburgare m. bröd tillbehör,DHA (C22:6),"Hamburgare med  bröd (kött, fisk, fågel, vegetarisk)",0.0,g
775,Kycklingburgare m. bröd tillbehör,DPA (C22:5),"Hamburgare med  bröd (kött, fisk, fågel, vegetarisk)",0.0,g
775,Kycklingburgare m. bröd tillbehör,EPA (C20:5),"Hamburgare med  bröd (kött, fisk, fågel, vegetarisk)",0.0,g
775,Kycklingburgare m. bröd tillbehör,Arakidonsyra C20:4,"Hamburgare med  bröd (kött, fisk, fågel, vegetarisk)",0.0,g
775,Kycklingburgare m. bröd tillbehör,Arakidinsyra C20:0,"Hamburgare med  bröd (kött, fisk, fågel, vegetarisk)",0.0,g
775,Kycklingburgare m. bröd tillbehör,Linolensyra C18:3,"Hamburgare med  bröd (kött, fisk, fågel, vegetarisk)",0.4,g
775,Kycklingburgare m. bröd tillbehör,Linolsyra C18:2,"Hamburgare med  bröd (kött, fisk, fågel, vegetarisk)",2.8,g
775,Kycklingburgare m. bröd tillbehör,Oljesyra C18:1,"Hamburgare med  bröd (kött, fisk, fågel, vegetarisk)",4.2,g
775,Kycklingburgare m. bröd tillbehör,Stearinsyra C18:0,"Hamburgare med  bröd (kött, fisk, fågel, vegetarisk)",0.4,g
775,Kycklingburgare m. bröd tillbehör,Palmitoljesyra C16:1,"Hamburgare med  bröd (kött, fisk, fågel, vegetarisk)",0.1,g
775,Kycklingburgare m. bröd tillbehör,Palmitinsyra C16:0,"Hamburgare med  bröd (kött, fisk, fågel, vegetarisk)",1.2,g
775,Kycklingburgare m. bröd tillbehör,Myristinsyra C14:0,"Hamburgare med  bröd (kött, fisk, fågel, vegetarisk)",0.0,g
775,Kycklingburgare m. bröd tillbehör,Laurinsyra C12:0,"Hamburgare med  bröd (kött, fisk, fågel, vegetarisk)",0.0,g
775,Kycklingburgare m. bröd tillbehör,Betakaroten/β-Karoten,"Hamburgare med  bröd (kött, fisk, fågel, vegetarisk)",8.0,µg
775,Kycklingburgare m. bröd tillbehör,Avfall (skal etc.),"Hamburgare med  bröd (kött, fisk, fågel, vegetarisk)",0.0,%
775,Kycklingburgare m. bröd tillbehör,Aska,"Hamburgare med  bröd (kött, fisk, fågel, vegetarisk)",1.7,g
775,Kycklingburgare m. bröd tillbehör,Alkohol,"Hamburgare med  bröd (kött, fisk, fågel, vegetarisk)",0.0,g
776,Fiskburgare m. bröd tillbehör,"Zink, Zn","Hamburgare med  bröd (kött, fisk, fågel, vegetarisk)",0.6,mg
776,Fiskburgare m. bröd tillbehör,Vitamin E,"Hamburgare med  bröd (kött, fisk, fågel, vegetarisk)",1.0,mg
776,Fiskburgare m. bröd tillbehör,Vitamin D,"Hamburgare med  bröd (kött, fisk, fågel, vegetarisk)",0.28,µg
776,Fiskburgare m. bröd tillbehör,Vitamin C,"Hamburgare med  bröd (kött, fisk, fågel, vegetarisk)",0.0,mg
776,Fiskburgare m. bröd tillbehör,Vitamin B6,"Hamburgare med  bröd (kött, fisk, fågel, vegetarisk)",0.08,mg
776,Fiskburgare m. bröd tillbehör,Vitamin B12,"Hamburgare med  bröd (kött, fisk, fågel, vegetarisk)",0.37,µg
776,Fiskburgare m. bröd tillbehör,Vitamin A,"Hamburgare med  bröd (kött, fisk, fågel, vegetarisk)",29.9,RE/µg
776,Fiskburgare m. bröd tillbehör,Vatten,"Hamburgare med  bröd (kött, fisk, fågel, vegetarisk)",43.5,g
776,Fiskburgare m. bröd tillbehör,Tiamin,"Hamburgare med  bröd (kött, fisk, fågel, vegetarisk)",0.08,mg
776,Fiskburgare m. bröd tillbehör,Tillsatt socker,"Hamburgare med  bröd (kött, fisk, fågel, vegetarisk)",4.0,g
776,Fiskburgare m. bröd tillbehör,Fritt socker,"Hamburgare med  bröd (kött, fisk, fågel, vegetarisk)",4.0,g
776,Fiskburgare m. bröd tillbehör,"Selen, Se","Hamburgare med  bröd (kött, fisk, fågel, vegetarisk)",21.6,µg
776,Fiskburgare m. bröd tillbehör,Sackaros,"Hamburgare med  bröd (kött, fisk, fågel, vegetarisk)",1.1,g
776,Fiskburgare m. bröd tillbehör,Riboflavin,"Hamburgare med  bröd (kött, fisk, fågel, vegetarisk)",0.06,mg
776,Fiskburgare m. bröd tillbehör,Retinol,"Hamburgare med  bröd (kött, fisk, fågel, vegetarisk)",27.4,µg
776,Fiskburgare m. bröd tillbehör,Protein,"Hamburgare med  bröd (kött, fisk, fågel, vegetarisk)",12.4,g
776,Fiskburgare m. bröd tillbehör,Summa fleromättade fettsyror,"Hamburgare med  bröd (kött, fisk, fågel, vegetarisk)",3.6,g
776,Fiskburgare m. bröd tillbehör,"Fosfor, P","Hamburgare med  bröd (kött, fisk, fågel, vegetarisk)",130.0,mg
776,Fiskburgare m. bröd tillbehör,Niacinekvivalenter,"Hamburgare med  bröd (kött, fisk, fågel, vegetarisk)",3.5,NE/mg
776,Fiskburgare m. bröd tillbehör,Niacin,"Hamburgare med  bröd (kött, fisk, fågel, vegetarisk)",1.21,mg
776,Fiskburgare m. bröd tillbehör,"Salt, NaCl","Hamburgare med  bröd (kött, fisk, fågel, vegetarisk)",1.2,g
776,Fiskburgare m. bröd tillbehör,"Natrium, Na","Hamburgare med  bröd (kött, fisk, fågel, vegetarisk)",477.0,mg
776,Fiskburgare m. bröd tillbehör,Monosackarider,"Hamburgare med  bröd (kött, fisk, fågel, vegetarisk)",2.2,g
776,Fiskburgare m. bröd tillbehör,"Sockerarter, totalt","Hamburgare med  bröd (kött, fisk, fågel, vegetarisk)",4.2,g
776,Fiskburgare m. bröd tillbehör,Summa enkelomättade fettsyror,"Hamburgare med  bröd (kött, fisk, fågel, vegetarisk)",5.8,g
776,Fiskburgare m. bröd tillbehör,"Magnesium, Mg","Hamburgare med  bröd (kött, fisk, fågel, vegetarisk)",24.0,mg
776,Fiskburgare m. bröd tillbehör,Summa mättade fettsyror,"Hamburgare med  bröd (kött, fisk, fågel, vegetarisk)",2.6,g
776,Fiskburgare m. bröd tillbehör,"Kolhydrater, tillgängliga","Hamburgare med  bröd (kött, fisk, fågel, vegetarisk)",27.3,g
776,Fiskburgare m. bröd tillbehör,Kolesterol,"Hamburgare med  bröd (kött, fisk, fågel, vegetarisk)",23.7,mg
776,Fiskburgare m. bröd tillbehör,"Kalium, K","Hamburgare med  bröd (kött, fisk, fågel, vegetarisk)",201.0,mg
776,Fiskburgare m. bröd tillbehör,"Jod, I","Hamburgare med  bröd (kött, fisk, fågel, vegetarisk)",6.3,µg
776,Fiskburgare m. bröd tillbehör,Fullkorn totalt,"Hamburgare med  bröd (kött, fisk, fågel, vegetarisk)",0.0,g
776,Fiskburgare m. bröd tillbehör,"Folat, totalt","Hamburgare med  bröd (kött, fisk, fågel, vegetarisk)",22.7,µg
776,Fiskburgare m. bröd tillbehör,Fibrer,"Hamburgare med  bröd (kött, fisk, fågel, vegetarisk)",1.9,g
776,Fiskburgare m. bröd tillbehör,"Fett, totalt","Hamburgare med  bröd (kött, fisk, fågel, vegetarisk)",13.1,g
776,Fiskburgare m. bröd tillbehör,"Järn, Fe","Hamburgare med  bröd (kött, fisk, fågel, vegetarisk)",0.5,mg
776,Fiskburgare m. bröd tillbehör,Energi (kJ),"Hamburgare med  bröd (kött, fisk, fågel, vegetarisk)",1174.0,kJ
776,Fiskburgare m. bröd tillbehör,Energi (kcal),"Hamburgare med  bröd (kött, fisk, fågel, vegetarisk)",280.0,kcal
776,Fiskburgare m. bröd tillbehör,Disackarider,"Hamburgare med  bröd (kött, fisk, fågel, vegetarisk)",2.0,g
776,Fiskburgare m. bröd tillbehör,"Kalcium, Ca","Hamburgare med  bröd (kött, fisk, fågel, vegetarisk)",57.0,mg
776,Fiskburgare m. bröd tillbehör,Fettsyra 4:0-10:0,"Hamburgare med  bröd (kött, fisk, fågel, vegetarisk)",0.1,g
776,Fiskburgare m. bröd tillbehör,DHA (C22:6),"Hamburgare med  bröd (kött, fisk, fågel, vegetarisk)",0.0,g
776,Fiskburgare m. bröd tillbehör,DPA (C22:5),"Hamburgare med  bröd (kött, fisk, fågel, vegetarisk)",0.0,g
776,Fiskburgare m. bröd tillbehör,EPA (C20:5),"Hamburgare med  bröd (kött, fisk, fågel, vegetarisk)",0.0,g
776,Fiskburgare m. bröd tillbehör,Arakidonsyra C20:4,"Hamburgare med  bröd (kött, fisk, fågel, vegetarisk)",0.0,g
776,Fiskburgare m. bröd tillbehör,Arakidinsyra C20:0,"Hamburgare med  bröd (kött, fisk, fågel, vegetarisk)",0.1,g
776,Fiskburgare m. bröd tillbehör,Linolensyra C18:3,"Hamburgare med  bröd (kött, fisk, fågel, vegetarisk)",0.4,g
776,Fiskburgare m. bröd tillbehör,Linolsyra C18:2,"Hamburgare med  bröd (kött, fisk, fågel, vegetarisk)",3.0,g
776,Fiskburgare m. bröd tillbehör,Oljesyra C18:1,"Hamburgare med  bröd (kött, fisk, fågel, vegetarisk)",5.6,g
776,Fiskburgare m. bröd tillbehör,Stearinsyra C18:0,"Hamburgare med  bröd (kött, fisk, fågel, vegetarisk)",0.6,g
776,Fiskburgare m. bröd tillbehör,Palmitoljesyra C16:1,"Hamburgare med  bröd (kött, fisk, fågel, vegetarisk)",0.1,g
776,Fiskburgare m. bröd tillbehör,Palmitinsyra C16:0,"Hamburgare med  bröd (kött, fisk, fågel, vegetarisk)",1.5,g
776,Fiskburgare m. bröd tillbehör,Myristinsyra C14:0,"Hamburgare med  bröd (kött, fisk, fågel, vegetarisk)",0.2,g
776,Fiskburgare m. bröd tillbehör,Laurinsyra C12:0,"Hamburgare med  bröd (kött, fisk, fågel, vegetarisk)",0.0,g
776,Fiskburgare m. bröd tillbehör,Betakaroten/β-Karoten,"Hamburgare med  bröd (kött, fisk, fågel, vegetarisk)",28.0,µg
776,Fiskburgare m. bröd tillbehör,Avfall (skal etc.),"Hamburgare med  bröd (kött, fisk, fågel, vegetarisk)",0.0,%
776,Fiskburgare m. bröd tillbehör,Aska,"Hamburgare med  bröd (kött, fisk, fågel, vegetarisk)",1.8,g
776,Fiskburgare m. bröd tillbehör,Alkohol,"Hamburgare med  bröd (kött, fisk, fågel, vegetarisk)",0.0,g
777,Baguette m. rostbiff potatissallad sallad,"Zink, Zn",Pizza paj pirog färdig smörgås,0.9,mg
777,Baguette m. rostbiff potatissallad sallad,Vitamin E,Pizza paj pirog färdig smörgås,0.2,mg
777,Baguette m. rostbiff potatissallad sallad,Vitamin D,Pizza paj pirog färdig smörgås,0.1,µg
777,Baguette m. rostbiff potatissallad sallad,Vitamin C,Pizza paj pirog färdig smörgås,0.0,mg
777,Baguette m. rostbiff potatissallad sallad,Vitamin B6,Pizza paj pirog färdig smörgås,0.1,mg
777,Baguette m. rostbiff potatissallad sallad,Vitamin B12,Pizza paj pirog färdig smörgås,0.21,µg
777,Baguette m. rostbiff potatissallad sallad,Vitamin A,Pizza paj pirog färdig smörgås,5.7,RE/µg
777,Baguette m. rostbiff potatissallad sallad,Vatten,Pizza paj pirog färdig smörgås,55.4,g
777,Baguette m. rostbiff potatissallad sallad,Tiamin,Pizza paj pirog färdig smörgås,0.08,mg
777,Baguette m. rostbiff potatissallad sallad,Tillsatt socker,Pizza paj pirog färdig smörgås,2.0,g
777,Baguette m. rostbiff potatissallad sallad,Fritt socker,Pizza paj pirog färdig smörgås,2.0,g
777,Baguette m. rostbiff potatissallad sallad,"Selen, Se",Pizza paj pirog färdig smörgås,0.0,µg
777,Baguette m. rostbiff potatissallad sallad,Sackaros,Pizza paj pirog färdig smörgås,0.0,g
777,Baguette m. rostbiff potatissallad sallad,Riboflavin,Pizza paj pirog färdig smörgås,0.06,mg
777,Baguette m. rostbiff potatissallad sallad,Retinol,Pizza paj pirog färdig smörgås,3.7,µg
777,Baguette m. rostbiff potatissallad sallad,Protein,Pizza paj pirog färdig smörgås,6.6,g
777,Baguette m. rostbiff potatissallad sallad,Summa fleromättade fettsyror,Pizza paj pirog färdig smörgås,1.5,g
777,Baguette m. rostbiff potatissallad sallad,"Fosfor, P",Pizza paj pirog färdig smörgås,71.0,mg
777,Baguette m. rostbiff potatissallad sallad,Niacinekvivalenter,Pizza paj pirog färdig smörgås,2.3,NE/mg
777,Baguette m. rostbiff potatissallad sallad,Niacin,Pizza paj pirog färdig smörgås,1.14,mg
777,Baguette m. rostbiff potatissallad sallad,"Salt, NaCl",Pizza paj pirog färdig smörgås,1.0,g
777,Baguette m. rostbiff potatissallad sallad,"Natrium, Na",Pizza paj pirog färdig smörgås,403.0,mg
777,Baguette m. rostbiff potatissallad sallad,Monosackarider,Pizza paj pirog färdig smörgås,1.0,g
777,Baguette m. rostbiff potatissallad sallad,"Sockerarter, totalt",Pizza paj pirog färdig smörgås,2.0,g
777,Baguette m. rostbiff potatissallad sallad,Summa enkelomättade fettsyror,Pizza paj pirog färdig smörgås,3.0,g
777,Baguette m. rostbiff potatissallad sallad,"Magnesium, Mg",Pizza paj pirog färdig smörgås,16.0,mg
777,Baguette m. rostbiff potatissallad sallad,Summa mättade fettsyror,Pizza paj pirog färdig smörgås,0.7,g
777,Baguette m. rostbiff potatissallad sallad,"Kolhydrater, tillgängliga",Pizza paj pirog färdig smörgås,28.4,g
777,Baguette m. rostbiff potatissallad sallad,Kolesterol,Pizza paj pirog färdig smörgås,7.7,mg
777,Baguette m. rostbiff potatissallad sallad,"Kalium, K",Pizza paj pirog färdig smörgås,156.0,mg
777,Baguette m. rostbiff potatissallad sallad,"Jod, I",Pizza paj pirog färdig smörgås,1.9,µg
777,Baguette m. rostbiff potatissallad sallad,Fullkorn totalt,Pizza paj pirog färdig smörgås,0.0,g
777,Baguette m. rostbiff potatissallad sallad,"Folat, totalt",Pizza paj pirog färdig smörgås,20.4,µg
777,Baguette m. rostbiff potatissallad sallad,Fibrer,Pizza paj pirog färdig smörgås,2.5,g
777,Baguette m. rostbiff potatissallad sallad,"Fett, totalt",Pizza paj pirog färdig smörgås,5.6,g
777,Baguette m. rostbiff potatissallad sallad,"Järn, Fe",Pizza paj pirog färdig smörgås,0.8,mg
777,Baguette m. rostbiff potatissallad sallad,Energi (kJ),Pizza paj pirog färdig smörgås,824.0,kJ
777,Baguette m. rostbiff potatissallad sallad,Energi (kcal),Pizza paj pirog färdig smörgås,197.0,kcal
777,Baguette m. rostbiff potatissallad sallad,Disackarider,Pizza paj pirog färdig smörgås,1.0,g
777,Baguette m. rostbiff potatissallad sallad,"Kalcium, Ca",Pizza paj pirog färdig smörgås,25.0,mg
777,Baguette m. rostbiff potatissallad sallad,Fettsyra 4:0-10:0,Pizza paj pirog färdig smörgås,0.0,g
777,Baguette m. rostbiff potatissallad sallad,DHA (C22:6),Pizza paj pirog färdig smörgås,0.0,g
777,Baguette m. rostbiff potatissallad sallad,DPA (C22:5),Pizza paj pirog färdig smörgås,0.0,g
777,Baguette m. rostbiff potatissallad sallad,EPA (C20:5),Pizza paj pirog färdig smörgås,0.0,g
777,Baguette m. rostbiff potatissallad sallad,Arakidonsyra C20:4,Pizza paj pirog färdig smörgås,0.0,g
777,Baguette m. rostbiff potatissallad sallad,Arakidinsyra C20:0,Pizza paj pirog färdig smörgås,0.0,g
777,Baguette m. rostbiff potatissallad sallad,Linolensyra C18:3,Pizza paj pirog färdig smörgås,0.5,g
777,Baguette m. rostbiff potatissallad sallad,Linolsyra C18:2,Pizza paj pirog färdig smörgås,1.0,g
777,Baguette m. rostbiff potatissallad sallad,Oljesyra C18:1,Pizza paj pirog färdig smörgås,2.9,g
777,Baguette m. rostbiff potatissallad sallad,Stearinsyra C18:0,Pizza paj pirog färdig smörgås,0.2,g
777,Baguette m. rostbiff potatissallad sallad,Palmitoljesyra C16:1,Pizza paj pirog färdig smörgås,0.0,g
777,Baguette m. rostbiff potatissallad sallad,Palmitinsyra C16:0,Pizza paj pirog färdig smörgås,0.4,g
777,Baguette m. rostbiff potatissallad sallad,Myristinsyra C14:0,Pizza paj pirog färdig smörgås,0.0,g
777,Baguette m. rostbiff potatissallad sallad,Laurinsyra C12:0,Pizza paj pirog färdig smörgås,0.0,g
777,Baguette m. rostbiff potatissallad sallad,Betakaroten/β-Karoten,Pizza paj pirog färdig smörgås,22.0,µg
777,Baguette m. rostbiff potatissallad sallad,Avfall (skal etc.),Pizza paj pirog färdig smörgås,0.0,%
777,Baguette m. rostbiff potatissallad sallad,Aska,Pizza paj pirog färdig smörgås,1.5,g
777,Baguette m. rostbiff potatissallad sallad,Alkohol,Pizza paj pirog färdig smörgås,0.0,g
778,Baguette grov m. skaldjur tonfisk smögenröra sallad,"Zink, Zn",Pizza paj pirog färdig smörgås,0.4,mg
778,Baguette grov m. skaldjur tonfisk smögenröra sallad,Vitamin E,Pizza paj pirog färdig smörgås,2.1,mg
778,Baguette grov m. skaldjur tonfisk smögenröra sallad,Vitamin D,Pizza paj pirog färdig smörgås,0.0,µg
778,Baguette grov m. skaldjur tonfisk smögenröra sallad,Vitamin C,Pizza paj pirog färdig smörgås,1.0,mg
778,Baguette grov m. skaldjur tonfisk smögenröra sallad,Vitamin B6,Pizza paj pirog färdig smörgås,0.1,mg
778,Baguette grov m. skaldjur tonfisk smögenröra sallad,Vitamin B12,Pizza paj pirog färdig smörgås,0.17,µg
778,Baguette grov m. skaldjur tonfisk smögenröra sallad,Vitamin A,Pizza paj pirog färdig smörgås,5.5,RE/µg
778,Baguette grov m. skaldjur tonfisk smögenröra sallad,Vatten,Pizza paj pirog färdig smörgås,57.8,g
778,Baguette grov m. skaldjur tonfisk smögenröra sallad,Tiamin,Pizza paj pirog färdig smörgås,0.08,mg
778,Baguette grov m. skaldjur tonfisk smögenröra sallad,Tillsatt socker,Pizza paj pirog färdig smörgås,3.0,g
778,Baguette grov m. skaldjur tonfisk smögenröra sallad,Fritt socker,Pizza paj pirog färdig smörgås,3.0,g
778,Baguette grov m. skaldjur tonfisk smögenröra sallad,"Selen, Se",Pizza paj pirog färdig smörgås,5.8,µg
778,Baguette grov m. skaldjur tonfisk smögenröra sallad,Sackaros,Pizza paj pirog färdig smörgås,0.0,g
778,Baguette grov m. skaldjur tonfisk smögenröra sallad,Riboflavin,Pizza paj pirog färdig smörgås,0.05,mg
778,Baguette grov m. skaldjur tonfisk smögenröra sallad,Retinol,Pizza paj pirog färdig smörgås,0.0,µg
778,Baguette grov m. skaldjur tonfisk smögenröra sallad,Protein,Pizza paj pirog färdig smörgås,5.7,g
778,Baguette grov m. skaldjur tonfisk smögenröra sallad,Summa fleromättade fettsyror,Pizza paj pirog färdig smörgås,1.3,g
778,Baguette grov m. skaldjur tonfisk smögenröra sallad,"Fosfor, P",Pizza paj pirog färdig smörgås,86.0,mg
778,Baguette grov m. skaldjur tonfisk smögenröra sallad,Niacinekvivalenter,Pizza paj pirog färdig smörgås,2.7,NE/mg
778,Baguette grov m. skaldjur tonfisk smögenröra sallad,Niacin,Pizza paj pirog färdig smörgås,1.64,mg
778,Baguette grov m. skaldjur tonfisk smögenröra sallad,"Salt, NaCl",Pizza paj pirog färdig smörgås,0.7,g
778,Baguette grov m. skaldjur tonfisk smögenröra sallad,"Natrium, Na",Pizza paj pirog färdig smörgås,292.0,mg
778,Baguette grov m. skaldjur tonfisk smögenröra sallad,Monosackarider,Pizza paj pirog färdig smörgås,1.7,g
778,Baguette grov m. skaldjur tonfisk smögenröra sallad,"Sockerarter, totalt",Pizza paj pirog färdig smörgås,3.0,g
778,Baguette grov m. skaldjur tonfisk smögenröra sallad,Summa enkelomättade fettsyror,Pizza paj pirog färdig smörgås,2.5,g
778,Baguette grov m. skaldjur tonfisk smögenröra sallad,"Magnesium, Mg",Pizza paj pirog färdig smörgås,22.0,mg
778,Baguette grov m. skaldjur tonfisk smögenröra sallad,Summa mättade fettsyror,Pizza paj pirog färdig smörgås,0.4,g
778,Baguette grov m. skaldjur tonfisk smögenröra sallad,"Kolhydrater, tillgängliga",Pizza paj pirog färdig smörgås,26.2,g
778,Baguette grov m. skaldjur tonfisk smögenröra sallad,Kolesterol,Pizza paj pirog färdig smörgås,6.2,mg
778,Baguette grov m. skaldjur tonfisk smögenröra sallad,"Kalium, K",Pizza paj pirog färdig smörgås,169.0,mg
778,Baguette grov m. skaldjur tonfisk smögenröra sallad,"Jod, I",Pizza paj pirog färdig smörgås,3.5,µg
778,Baguette grov m. skaldjur tonfisk smögenröra sallad,Fullkorn totalt,Pizza paj pirog färdig smörgås,0.0,g
778,Baguette grov m. skaldjur tonfisk smögenröra sallad,"Folat, totalt",Pizza paj pirog färdig smörgås,19.7,µg
778,Baguette grov m. skaldjur tonfisk smögenröra sallad,Fibrer,Pizza paj pirog färdig smörgås,2.9,g
778,Baguette grov m. skaldjur tonfisk smögenröra sallad,"Fett, totalt",Pizza paj pirog färdig smörgås,6.1,g
778,Baguette grov m. skaldjur tonfisk smögenröra sallad,"Järn, Fe",Pizza paj pirog färdig smörgås,0.8,mg
778,Baguette grov m. skaldjur tonfisk smögenröra sallad,Energi (kJ),Pizza paj pirog färdig smörgås,790.0,kJ
778,Baguette grov m. skaldjur tonfisk smögenröra sallad,Energi (kcal),Pizza paj pirog färdig smörgås,189.0,kcal
778,Baguette grov m. skaldjur tonfisk smögenröra sallad,Disackarider,Pizza paj pirog färdig smörgås,1.3,g
778,Baguette grov m. skaldjur tonfisk smögenröra sallad,"Kalcium, Ca",Pizza paj pirog färdig smörgås,29.0,mg
778,Baguette grov m. skaldjur tonfisk smögenröra sallad,Fettsyra 4:0-10:0,Pizza paj pirog färdig smörgås,0.0,g
778,Baguette grov m. skaldjur tonfisk smögenröra sallad,DHA (C22:6),Pizza paj pirog färdig smörgås,0.0,g
778,Baguette grov m. skaldjur tonfisk smögenröra sallad,DPA (C22:5),Pizza paj pirog färdig smörgås,0.0,g
778,Baguette grov m. skaldjur tonfisk smögenröra sallad,EPA (C20:5),Pizza paj pirog färdig smörgås,0.0,g
778,Baguette grov m. skaldjur tonfisk smögenröra sallad,Arakidonsyra C20:4,Pizza paj pirog färdig smörgås,0.0,g
778,Baguette grov m. skaldjur tonfisk smögenröra sallad,Arakidinsyra C20:0,Pizza paj pirog färdig smörgås,0.0,g
778,Baguette grov m. skaldjur tonfisk smögenröra sallad,Linolensyra C18:3,Pizza paj pirog färdig smörgås,0.4,g
778,Baguette grov m. skaldjur tonfisk smögenröra sallad,Linolsyra C18:2,Pizza paj pirog färdig smörgås,0.9,g
778,Baguette grov m. skaldjur tonfisk smögenröra sallad,Oljesyra C18:1,Pizza paj pirog färdig smörgås,2.4,g
778,Baguette grov m. skaldjur tonfisk smögenröra sallad,Stearinsyra C18:0,Pizza paj pirog färdig smörgås,0.1,g
778,Baguette grov m. skaldjur tonfisk smögenröra sallad,Palmitoljesyra C16:1,Pizza paj pirog färdig smörgås,0.0,g
778,Baguette grov m. skaldjur tonfisk smögenröra sallad,Palmitinsyra C16:0,Pizza paj pirog färdig smörgås,0.3,g
778,Baguette grov m. skaldjur tonfisk smögenröra sallad,Myristinsyra C14:0,Pizza paj pirog färdig smörgås,0.0,g
778,Baguette grov m. skaldjur tonfisk smögenröra sallad,Laurinsyra C12:0,Pizza paj pirog färdig smörgås,0.0,g
778,Baguette grov m. skaldjur tonfisk smögenröra sallad,Betakaroten/β-Karoten,Pizza paj pirog färdig smörgås,63.0,µg
778,Baguette grov m. skaldjur tonfisk smögenröra sallad,Avfall (skal etc.),Pizza paj pirog färdig smörgås,0.0,%
778,Baguette grov m. skaldjur tonfisk smögenröra sallad,Aska,Pizza paj pirog färdig smörgås,1.3,g
778,Baguette grov m. skaldjur tonfisk smögenröra sallad,Alkohol,Pizza paj pirog färdig smörgås,0.0,g
779,Baguette grov m. ost skinka sallad lättmajonnäs,"Zink, Zn",Pizza paj pirog färdig smörgås,0.9,mg
779,Baguette grov m. ost skinka sallad lättmajonnäs,Vitamin E,Pizza paj pirog färdig smörgås,0.4,mg
779,Baguette grov m. ost skinka sallad lättmajonnäs,Vitamin D,Pizza paj pirog färdig smörgås,0.1,µg
779,Baguette grov m. ost skinka sallad lättmajonnäs,Vitamin C,Pizza paj pirog färdig smörgås,0.0,mg
779,Baguette grov m. ost skinka sallad lättmajonnäs,Vitamin B6,Pizza paj pirog färdig smörgås,0.12,mg
779,Baguette grov m. ost skinka sallad lättmajonnäs,Vitamin B12,Pizza paj pirog färdig smörgås,0.21,µg
779,Baguette grov m. ost skinka sallad lättmajonnäs,Vitamin A,Pizza paj pirog färdig smörgås,17.3,RE/µg
779,Baguette grov m. ost skinka sallad lättmajonnäs,Vatten,Pizza paj pirog färdig smörgås,56.8,g
779,Baguette grov m. ost skinka sallad lättmajonnäs,Tiamin,Pizza paj pirog färdig smörgås,0.14,mg
779,Baguette grov m. ost skinka sallad lättmajonnäs,Tillsatt socker,Pizza paj pirog färdig smörgås,3.0,g
779,Baguette grov m. ost skinka sallad lättmajonnäs,Fritt socker,Pizza paj pirog färdig smörgås,3.0,g
779,Baguette grov m. ost skinka sallad lättmajonnäs,"Selen, Se",Pizza paj pirog färdig smörgås,3.0,µg
779,Baguette grov m. ost skinka sallad lättmajonnäs,Sackaros,Pizza paj pirog färdig smörgås,0.0,g
779,Baguette grov m. ost skinka sallad lättmajonnäs,Riboflavin,Pizza paj pirog färdig smörgås,0.13,mg
779,Baguette grov m. ost skinka sallad lättmajonnäs,Retinol,Pizza paj pirog färdig smörgås,13.6,µg
779,Baguette grov m. ost skinka sallad lättmajonnäs,Protein,Pizza paj pirog färdig smörgås,7.7,g
779,Baguette grov m. ost skinka sallad lättmajonnäs,Summa fleromättade fettsyror,Pizza paj pirog färdig smörgås,0.8,g
779,Baguette grov m. ost skinka sallad lättmajonnäs,"Fosfor, P",Pizza paj pirog färdig smörgås,127.0,mg
779,Baguette grov m. ost skinka sallad lättmajonnäs,Niacinekvivalenter,Pizza paj pirog färdig smörgås,3.5,NE/mg
779,Baguette grov m. ost skinka sallad lättmajonnäs,Niacin,Pizza paj pirog färdig smörgås,1.73,mg
779,Baguette grov m. ost skinka sallad lättmajonnäs,"Salt, NaCl",Pizza paj pirog färdig smörgås,0.8,g
779,Baguette grov m. ost skinka sallad lättmajonnäs,"Natrium, Na",Pizza paj pirog färdig smörgås,335.0,mg
779,Baguette grov m. ost skinka sallad lättmajonnäs,Monosackarider,Pizza paj pirog färdig smörgås,1.5,g
779,Baguette grov m. ost skinka sallad lättmajonnäs,"Sockerarter, totalt",Pizza paj pirog färdig smörgås,3.1,g
779,Baguette grov m. ost skinka sallad lättmajonnäs,Summa enkelomättade fettsyror,Pizza paj pirog färdig smörgås,1.9,g
779,Baguette grov m. ost skinka sallad lättmajonnäs,"Magnesium, Mg",Pizza paj pirog färdig smörgås,25.0,mg
779,Baguette grov m. ost skinka sallad lättmajonnäs,Summa mättade fettsyror,Pizza paj pirog färdig smörgås,1.5,g
779,Baguette grov m. ost skinka sallad lättmajonnäs,"Kolhydrater, tillgängliga",Pizza paj pirog färdig smörgås,25.9,g
779,Baguette grov m. ost skinka sallad lättmajonnäs,Kolesterol,Pizza paj pirog färdig smörgås,8.3,mg
779,Baguette grov m. ost skinka sallad lättmajonnäs,"Kalium, K",Pizza paj pirog färdig smörgås,185.0,mg
779,Baguette grov m. ost skinka sallad lättmajonnäs,"Jod, I",Pizza paj pirog färdig smörgås,3.0,µg
779,Baguette grov m. ost skinka sallad lättmajonnäs,Fullkorn totalt,Pizza paj pirog färdig smörgås,0.0,g
779,Baguette grov m. ost skinka sallad lättmajonnäs,"Folat, totalt",Pizza paj pirog färdig smörgås,23.5,µg
779,Baguette grov m. ost skinka sallad lättmajonnäs,Fibrer,Pizza paj pirog färdig smörgås,3.5,g
779,Baguette grov m. ost skinka sallad lättmajonnäs,"Fett, totalt",Pizza paj pirog färdig smörgås,4.6,g
779,Baguette grov m. ost skinka sallad lättmajonnäs,"Järn, Fe",Pizza paj pirog färdig smörgås,1.0,mg
779,Baguette grov m. ost skinka sallad lättmajonnäs,Energi (kJ),Pizza paj pirog färdig smörgås,768.0,kJ
779,Baguette grov m. ost skinka sallad lättmajonnäs,Energi (kcal),Pizza paj pirog färdig smörgås,184.0,kcal
779,Baguette grov m. ost skinka sallad lättmajonnäs,Disackarider,Pizza paj pirog färdig smörgås,1.7,g
779,Baguette grov m. ost skinka sallad lättmajonnäs,"Kalcium, Ca",Pizza paj pirog färdig smörgås,72.0,mg
779,Baguette grov m. ost skinka sallad lättmajonnäs,Fettsyra 4:0-10:0,Pizza paj pirog färdig smörgås,0.1,g
779,Baguette grov m. ost skinka sallad lättmajonnäs,DHA (C22:6),Pizza paj pirog färdig smörgås,0.0,g
779,Baguette grov m. ost skinka sallad lättmajonnäs,DPA (C22:5),Pizza paj pirog färdig smörgås,0.0,g
779,Baguette grov m. ost skinka sallad lättmajonnäs,EPA (C20:5),Pizza paj pirog färdig smörgås,0.0,g
779,Baguette grov m. ost skinka sallad lättmajonnäs,Arakidonsyra C20:4,Pizza paj pirog färdig smörgås,0.0,g
779,Baguette grov m. ost skinka sallad lättmajonnäs,Arakidinsyra C20:0,Pizza paj pirog färdig smörgås,0.0,g
779,Baguette grov m. ost skinka sallad lättmajonnäs,Linolensyra C18:3,Pizza paj pirog färdig smörgås,0.2,g
779,Baguette grov m. ost skinka sallad lättmajonnäs,Linolsyra C18:2,Pizza paj pirog färdig smörgås,0.6,g
779,Baguette grov m. ost skinka sallad lättmajonnäs,Oljesyra C18:1,Pizza paj pirog färdig smörgås,1.8,g
779,Baguette grov m. ost skinka sallad lättmajonnäs,Stearinsyra C18:0,Pizza paj pirog färdig smörgås,0.3,g
779,Baguette grov m. ost skinka sallad lättmajonnäs,Palmitoljesyra C16:1,Pizza paj pirog färdig smörgås,0.0,g
779,Baguette grov m. ost skinka sallad lättmajonnäs,Palmitinsyra C16:0,Pizza paj pirog färdig smörgås,0.8,g
779,Baguette grov m. ost skinka sallad lättmajonnäs,Myristinsyra C14:0,Pizza paj pirog färdig smörgås,0.2,g
779,Baguette grov m. ost skinka sallad lättmajonnäs,Laurinsyra C12:0,Pizza paj pirog färdig smörgås,0.1,g
779,Baguette grov m. ost skinka sallad lättmajonnäs,Betakaroten/β-Karoten,Pizza paj pirog färdig smörgås,41.0,µg
779,Baguette grov m. ost skinka sallad lättmajonnäs,Avfall (skal etc.),Pizza paj pirog färdig smörgås,0.0,%
779,Baguette grov m. ost skinka sallad lättmajonnäs,Aska,Pizza paj pirog färdig smörgås,1.5,g
779,Baguette grov m. ost skinka sallad lättmajonnäs,Alkohol,Pizza paj pirog färdig smörgås,0.0,g
780,Bagel m. salami färskost sallad oliv,"Zink, Zn",Pizza paj pirog färdig smörgås,0.5,mg
780,Bagel m. salami färskost sallad oliv,Vitamin E,Pizza paj pirog färdig smörgås,0.3,mg
780,Bagel m. salami färskost sallad oliv,Vitamin D,Pizza paj pirog färdig smörgås,0.0,µg
780,Bagel m. salami färskost sallad oliv,Vitamin C,Pizza paj pirog färdig smörgås,2.6,mg
780,Bagel m. salami färskost sallad oliv,Vitamin B6,Pizza paj pirog färdig smörgås,0.1,mg
780,Bagel m. salami färskost sallad oliv,Vitamin B12,Pizza paj pirog färdig smörgås,0.21,µg
780,Bagel m. salami färskost sallad oliv,Vitamin A,Pizza paj pirog färdig smörgås,19.3,RE/µg
780,Bagel m. salami färskost sallad oliv,Vatten,Pizza paj pirog färdig smörgås,65.1,g
780,Bagel m. salami färskost sallad oliv,Tiamin,Pizza paj pirog färdig smörgås,0.08,mg
780,Bagel m. salami färskost sallad oliv,Tillsatt socker,Pizza paj pirog färdig smörgås,3.0,g
780,Bagel m. salami färskost sallad oliv,Fritt socker,Pizza paj pirog färdig smörgås,3.0,g
780,Bagel m. salami färskost sallad oliv,"Selen, Se",Pizza paj pirog färdig smörgås,2.1,µg
780,Bagel m. salami färskost sallad oliv,Sackaros,Pizza paj pirog färdig smörgås,0.0,g
780,Bagel m. salami färskost sallad oliv,Riboflavin,Pizza paj pirog färdig smörgås,0.07,mg
780,Bagel m. salami färskost sallad oliv,Retinol,Pizza paj pirog färdig smörgås,14.0,µg
780,Bagel m. salami färskost sallad oliv,Protein,Pizza paj pirog färdig smörgås,5.9,g
780,Bagel m. salami färskost sallad oliv,Summa fleromättade fettsyror,Pizza paj pirog färdig smörgås,0.6,g
780,Bagel m. salami färskost sallad oliv,"Fosfor, P",Pizza paj pirog färdig smörgås,58.0,mg
780,Bagel m. salami färskost sallad oliv,Niacinekvivalenter,Pizza paj pirog färdig smörgås,2.4,NE/mg
780,Bagel m. salami färskost sallad oliv,Niacin,Pizza paj pirog färdig smörgås,0.97,mg
780,Bagel m. salami färskost sallad oliv,"Salt, NaCl",Pizza paj pirog färdig smörgås,0.8,g
780,Bagel m. salami färskost sallad oliv,"Natrium, Na",Pizza paj pirog färdig smörgås,328.0,mg
780,Bagel m. salami färskost sallad oliv,Monosackarider,Pizza paj pirog färdig smörgås,1.9,g
780,Bagel m. salami färskost sallad oliv,"Sockerarter, totalt",Pizza paj pirog färdig smörgås,3.2,g
780,Bagel m. salami färskost sallad oliv,Summa enkelomättade fettsyror,Pizza paj pirog färdig smörgås,2.7,g
780,Bagel m. salami färskost sallad oliv,"Magnesium, Mg",Pizza paj pirog färdig smörgås,13.0,mg
780,Bagel m. salami färskost sallad oliv,Summa mättade fettsyror,Pizza paj pirog färdig smörgås,3.6,g
780,Bagel m. salami färskost sallad oliv,"Kolhydrater, tillgängliga",Pizza paj pirog färdig smörgås,17.2,g
780,Bagel m. salami färskost sallad oliv,Kolesterol,Pizza paj pirog färdig smörgås,15.7,mg
780,Bagel m. salami färskost sallad oliv,"Kalium, K",Pizza paj pirog färdig smörgås,146.0,mg
780,Bagel m. salami färskost sallad oliv,"Jod, I",Pizza paj pirog färdig smörgås,11.7,µg
780,Bagel m. salami färskost sallad oliv,Fullkorn totalt,Pizza paj pirog färdig smörgås,0.0,g
780,Bagel m. salami färskost sallad oliv,"Folat, totalt",Pizza paj pirog färdig smörgås,16.1,µg
780,Bagel m. salami färskost sallad oliv,Fibrer,Pizza paj pirog färdig smörgås,2.9,g
780,Bagel m. salami färskost sallad oliv,"Fett, totalt",Pizza paj pirog färdig smörgås,7.5,g
780,Bagel m. salami färskost sallad oliv,"Järn, Fe",Pizza paj pirog färdig smörgås,0.8,mg
780,Bagel m. salami färskost sallad oliv,Energi (kJ),Pizza paj pirog färdig smörgås,695.0,kJ
780,Bagel m. salami färskost sallad oliv,Energi (kcal),Pizza paj pirog färdig smörgås,166.0,kcal
780,Bagel m. salami färskost sallad oliv,Disackarider,Pizza paj pirog färdig smörgås,1.3,g
780,Bagel m. salami färskost sallad oliv,"Kalcium, Ca",Pizza paj pirog färdig smörgås,43.0,mg
780,Bagel m. salami färskost sallad oliv,Fettsyra 4:0-10:0,Pizza paj pirog färdig smörgås,0.2,g
780,Bagel m. salami färskost sallad oliv,DHA (C22:6),Pizza paj pirog färdig smörgås,0.0,g
780,Bagel m. salami färskost sallad oliv,DPA (C22:5),Pizza paj pirog färdig smörgås,0.0,g
780,Bagel m. salami färskost sallad oliv,EPA (C20:5),Pizza paj pirog färdig smörgås,0.0,g
780,Bagel m. salami färskost sallad oliv,Arakidonsyra C20:4,Pizza paj pirog färdig smörgås,0.0,g
780,Bagel m. salami färskost sallad oliv,Arakidinsyra C20:0,Pizza paj pirog färdig smörgås,0.0,g
780,Bagel m. salami färskost sallad oliv,Linolensyra C18:3,Pizza paj pirog färdig smörgås,0.1,g
780,Bagel m. salami färskost sallad oliv,Linolsyra C18:2,Pizza paj pirog färdig smörgås,0.5,g
780,Bagel m. salami färskost sallad oliv,Oljesyra C18:1,Pizza paj pirog färdig smörgås,2.4,g
780,Bagel m. salami färskost sallad oliv,Stearinsyra C18:0,Pizza paj pirog färdig smörgås,0.8,g
780,Bagel m. salami färskost sallad oliv,Palmitoljesyra C16:1,Pizza paj pirog färdig smörgås,0.1,g
780,Bagel m. salami färskost sallad oliv,Palmitinsyra C16:0,Pizza paj pirog färdig smörgås,1.9,g
780,Bagel m. salami färskost sallad oliv,Myristinsyra C14:0,Pizza paj pirog färdig smörgås,0.4,g
780,Bagel m. salami färskost sallad oliv,Laurinsyra C12:0,Pizza paj pirog färdig smörgås,0.1,g
780,Bagel m. salami färskost sallad oliv,Betakaroten/β-Karoten,Pizza paj pirog färdig smörgås,64.0,µg
780,Bagel m. salami färskost sallad oliv,Avfall (skal etc.),Pizza paj pirog färdig smörgås,0.0,%
780,Bagel m. salami färskost sallad oliv,Aska,Pizza paj pirog färdig smörgås,1.4,g
780,Bagel m. salami färskost sallad oliv,Alkohol,Pizza paj pirog färdig smörgås,0.0,g
781,Sandwich m. räkor ägg sallad majonnäs,"Zink, Zn",Pizza paj pirog färdig smörgås,0.7,mg
781,Sandwich m. räkor ägg sallad majonnäs,Vitamin E,Pizza paj pirog färdig smörgås,5.2,mg
781,Sandwich m. räkor ägg sallad majonnäs,Vitamin D,Pizza paj pirog färdig smörgås,0.18,µg
781,Sandwich m. räkor ägg sallad majonnäs,Vitamin C,Pizza paj pirog färdig smörgås,0.5,mg
781,Sandwich m. räkor ägg sallad majonnäs,Vitamin B6,Pizza paj pirog färdig smörgås,0.07,mg
781,Sandwich m. räkor ägg sallad majonnäs,Vitamin B12,Pizza paj pirog färdig smörgås,0.28,µg
781,Sandwich m. räkor ägg sallad majonnäs,Vitamin A,Pizza paj pirog färdig smörgås,31.0,RE/µg
781,Sandwich m. räkor ägg sallad majonnäs,Vatten,Pizza paj pirog färdig smörgås,47.9,g
781,Sandwich m. räkor ägg sallad majonnäs,Tiamin,Pizza paj pirog färdig smörgås,0.1,mg
781,Sandwich m. räkor ägg sallad majonnäs,Tillsatt socker,Pizza paj pirog färdig smörgås,2.0,g
781,Sandwich m. räkor ägg sallad majonnäs,Fritt socker,Pizza paj pirog färdig smörgås,2.0,g
781,Sandwich m. räkor ägg sallad majonnäs,"Selen, Se",Pizza paj pirog färdig smörgås,18.0,µg
781,Sandwich m. räkor ägg sallad majonnäs,Sackaros,Pizza paj pirog färdig smörgås,0.0,g
781,Sandwich m. räkor ägg sallad majonnäs,Riboflavin,Pizza paj pirog färdig smörgås,0.07,mg
781,Sandwich m. räkor ägg sallad majonnäs,Retinol,Pizza paj pirog färdig smörgås,28.7,µg
781,Sandwich m. räkor ägg sallad majonnäs,Protein,Pizza paj pirog färdig smörgås,7.3,g
781,Sandwich m. räkor ägg sallad majonnäs,Summa fleromättade fettsyror,Pizza paj pirog färdig smörgås,4.8,g
781,Sandwich m. räkor ägg sallad majonnäs,"Fosfor, P",Pizza paj pirog färdig smörgås,83.0,mg
781,Sandwich m. räkor ägg sallad majonnäs,Niacinekvivalenter,Pizza paj pirog färdig smörgås,2.6,NE/mg
781,Sandwich m. räkor ägg sallad majonnäs,Niacin,Pizza paj pirog färdig smörgås,0.8,mg
781,Sandwich m. räkor ägg sallad majonnäs,"Salt, NaCl",Pizza paj pirog färdig smörgås,1.2,g
781,Sandwich m. räkor ägg sallad majonnäs,"Natrium, Na",Pizza paj pirog färdig smörgås,479.0,mg
781,Sandwich m. räkor ägg sallad majonnäs,Monosackarider,Pizza paj pirog färdig smörgås,0.5,g
781,Sandwich m. räkor ägg sallad majonnäs,"Sockerarter, totalt",Pizza paj pirog färdig smörgås,2.2,g
781,Sandwich m. räkor ägg sallad majonnäs,Summa enkelomättade fettsyror,Pizza paj pirog färdig smörgås,9.7,g
781,Sandwich m. räkor ägg sallad majonnäs,"Magnesium, Mg",Pizza paj pirog färdig smörgås,18.0,mg
781,Sandwich m. räkor ägg sallad majonnäs,Summa mättade fettsyror,Pizza paj pirog färdig smörgås,1.8,g
781,Sandwich m. räkor ägg sallad majonnäs,"Kolhydrater, tillgängliga",Pizza paj pirog färdig smörgås,21.6,g
781,Sandwich m. räkor ägg sallad majonnäs,Kolesterol,Pizza paj pirog färdig smörgås,49.0,mg
781,Sandwich m. räkor ägg sallad majonnäs,"Kalium, K",Pizza paj pirog färdig smörgås,110.0,mg
781,Sandwich m. räkor ägg sallad majonnäs,"Jod, I",Pizza paj pirog färdig smörgås,5.9,µg
781,Sandwich m. räkor ägg sallad majonnäs,Fullkorn totalt,Pizza paj pirog färdig smörgås,0.0,g
781,Sandwich m. räkor ägg sallad majonnäs,"Folat, totalt",Pizza paj pirog färdig smörgås,24.5,µg
781,Sandwich m. räkor ägg sallad majonnäs,Fibrer,Pizza paj pirog färdig smörgås,1.6,g
781,Sandwich m. räkor ägg sallad majonnäs,"Fett, totalt",Pizza paj pirog färdig smörgås,19.7,g
781,Sandwich m. räkor ägg sallad majonnäs,"Järn, Fe",Pizza paj pirog färdig smörgås,1.0,mg
781,Sandwich m. räkor ägg sallad majonnäs,Energi (kJ),Pizza paj pirog färdig smörgås,1234.0,kJ
781,Sandwich m. räkor ägg sallad majonnäs,Energi (kcal),Pizza paj pirog färdig smörgås,295.0,kcal
781,Sandwich m. räkor ägg sallad majonnäs,Disackarider,Pizza paj pirog färdig smörgås,1.7,g
781,Sandwich m. räkor ägg sallad majonnäs,"Kalcium, Ca",Pizza paj pirog färdig smörgås,85.0,mg
781,Sandwich m. räkor ägg sallad majonnäs,Fettsyra 4:0-10:0,Pizza paj pirog färdig smörgås,0.0,g
781,Sandwich m. räkor ägg sallad majonnäs,DHA (C22:6),Pizza paj pirog färdig smörgås,0.0,g
781,Sandwich m. räkor ägg sallad majonnäs,DPA (C22:5),Pizza paj pirog färdig smörgås,0.0,g
781,Sandwich m. räkor ägg sallad majonnäs,EPA (C20:5),Pizza paj pirog färdig smörgås,0.0,g
781,Sandwich m. räkor ägg sallad majonnäs,Arakidonsyra C20:4,Pizza paj pirog färdig smörgås,0.0,g
781,Sandwich m. räkor ägg sallad majonnäs,Arakidinsyra C20:0,Pizza paj pirog färdig smörgås,0.1,g
781,Sandwich m. räkor ägg sallad majonnäs,Linolensyra C18:3,Pizza paj pirog färdig smörgås,1.5,g
781,Sandwich m. räkor ägg sallad majonnäs,Linolsyra C18:2,Pizza paj pirog färdig smörgås,3.2,g
781,Sandwich m. räkor ägg sallad majonnäs,Oljesyra C18:1,Pizza paj pirog färdig smörgås,9.3,g
781,Sandwich m. räkor ägg sallad majonnäs,Stearinsyra C18:0,Pizza paj pirog färdig smörgås,0.3,g
781,Sandwich m. räkor ägg sallad majonnäs,Palmitoljesyra C16:1,Pizza paj pirog färdig smörgås,0.0,g
781,Sandwich m. räkor ägg sallad majonnäs,Palmitinsyra C16:0,Pizza paj pirog färdig smörgås,1.1,g
781,Sandwich m. räkor ägg sallad majonnäs,Myristinsyra C14:0,Pizza paj pirog färdig smörgås,0.0,g
781,Sandwich m. räkor ägg sallad majonnäs,Laurinsyra C12:0,Pizza paj pirog färdig smörgås,0.1,g
781,Sandwich m. räkor ägg sallad majonnäs,Betakaroten/β-Karoten,Pizza paj pirog färdig smörgås,26.0,µg
781,Sandwich m. räkor ägg sallad majonnäs,Avfall (skal etc.),Pizza paj pirog färdig smörgås,0.0,%
781,Sandwich m. räkor ägg sallad majonnäs,Aska,Pizza paj pirog färdig smörgås,1.8,g
781,Sandwich m. räkor ägg sallad majonnäs,Alkohol,Pizza paj pirog färdig smörgås,0.0,g
782,Sandwich m. rökt kalkon färskost soltorkad tomat sallad,"Zink, Zn",Pizza paj pirog färdig smörgås,0.7,mg
782,Sandwich m. rökt kalkon färskost soltorkad tomat sallad,Vitamin E,Pizza paj pirog färdig smörgås,0.6,mg
782,Sandwich m. rökt kalkon färskost soltorkad tomat sallad,Vitamin D,Pizza paj pirog färdig smörgås,0.0,µg
782,Sandwich m. rökt kalkon färskost soltorkad tomat sallad,Vitamin C,Pizza paj pirog färdig smörgås,0.0,mg
782,Sandwich m. rökt kalkon färskost soltorkad tomat sallad,Vitamin B6,Pizza paj pirog färdig smörgås,0.17,mg
782,Sandwich m. rökt kalkon färskost soltorkad tomat sallad,Vitamin B12,Pizza paj pirog färdig smörgås,0.35,µg
782,Sandwich m. rökt kalkon färskost soltorkad tomat sallad,Vitamin A,Pizza paj pirog färdig smörgås,10.0,RE/µg
782,Sandwich m. rökt kalkon färskost soltorkad tomat sallad,Vatten,Pizza paj pirog färdig smörgås,58.2,g
782,Sandwich m. rökt kalkon färskost soltorkad tomat sallad,Tiamin,Pizza paj pirog färdig smörgås,0.1,mg
782,Sandwich m. rökt kalkon färskost soltorkad tomat sallad,Tillsatt socker,Pizza paj pirog färdig smörgås,4.0,g
782,Sandwich m. rökt kalkon färskost soltorkad tomat sallad,Fritt socker,Pizza paj pirog färdig smörgås,4.0,g
782,Sandwich m. rökt kalkon färskost soltorkad tomat sallad,"Selen, Se",Pizza paj pirog färdig smörgås,2.8,µg
782,Sandwich m. rökt kalkon färskost soltorkad tomat sallad,Sackaros,Pizza paj pirog färdig smörgås,0.0,g
782,Sandwich m. rökt kalkon färskost soltorkad tomat sallad,Riboflavin,Pizza paj pirog färdig smörgås,0.09,mg
782,Sandwich m. rökt kalkon färskost soltorkad tomat sallad,Retinol,Pizza paj pirog färdig smörgås,0.0,µg
782,Sandwich m. rökt kalkon färskost soltorkad tomat sallad,Protein,Pizza paj pirog färdig smörgås,10.3,g
782,Sandwich m. rökt kalkon färskost soltorkad tomat sallad,Summa fleromättade fettsyror,Pizza paj pirog färdig smörgås,0.7,g
782,Sandwich m. rökt kalkon färskost soltorkad tomat sallad,"Fosfor, P",Pizza paj pirog färdig smörgås,115.0,mg
782,Sandwich m. rökt kalkon färskost soltorkad tomat sallad,Niacinekvivalenter,Pizza paj pirog färdig smörgås,4.6,NE/mg
782,Sandwich m. rökt kalkon färskost soltorkad tomat sallad,Niacin,Pizza paj pirog färdig smörgås,2.68,mg
782,Sandwich m. rökt kalkon färskost soltorkad tomat sallad,"Salt, NaCl",Pizza paj pirog färdig smörgås,1.9,g
782,Sandwich m. rökt kalkon färskost soltorkad tomat sallad,"Natrium, Na",Pizza paj pirog färdig smörgås,744.0,mg
782,Sandwich m. rökt kalkon färskost soltorkad tomat sallad,Monosackarider,Pizza paj pirog färdig smörgås,2.0,g
782,Sandwich m. rökt kalkon färskost soltorkad tomat sallad,"Sockerarter, totalt",Pizza paj pirog färdig smörgås,3.8,g
782,Sandwich m. rökt kalkon färskost soltorkad tomat sallad,Summa enkelomättade fettsyror,Pizza paj pirog färdig smörgås,3.1,g
782,Sandwich m. rökt kalkon färskost soltorkad tomat sallad,"Magnesium, Mg",Pizza paj pirog färdig smörgås,23.0,mg
782,Sandwich m. rökt kalkon färskost soltorkad tomat sallad,Summa mättade fettsyror,Pizza paj pirog färdig smörgås,1.2,g
782,Sandwich m. rökt kalkon färskost soltorkad tomat sallad,"Kolhydrater, tillgängliga",Pizza paj pirog färdig smörgås,21.2,g
782,Sandwich m. rökt kalkon färskost soltorkad tomat sallad,Kolesterol,Pizza paj pirog färdig smörgås,11.2,mg
782,Sandwich m. rökt kalkon färskost soltorkad tomat sallad,"Kalium, K",Pizza paj pirog färdig smörgås,206.0,mg
782,Sandwich m. rökt kalkon färskost soltorkad tomat sallad,"Jod, I",Pizza paj pirog färdig smörgås,3.5,µg
782,Sandwich m. rökt kalkon färskost soltorkad tomat sallad,Fullkorn totalt,Pizza paj pirog färdig smörgås,0.0,g
782,Sandwich m. rökt kalkon färskost soltorkad tomat sallad,"Folat, totalt",Pizza paj pirog färdig smörgås,26.6,µg
782,Sandwich m. rökt kalkon färskost soltorkad tomat sallad,Fibrer,Pizza paj pirog färdig smörgås,2.5,g
782,Sandwich m. rökt kalkon färskost soltorkad tomat sallad,"Fett, totalt",Pizza paj pirog färdig smörgås,5.3,g
782,Sandwich m. rökt kalkon färskost soltorkad tomat sallad,"Järn, Fe",Pizza paj pirog färdig smörgås,0.8,mg
782,Sandwich m. rökt kalkon färskost soltorkad tomat sallad,Energi (kJ),Pizza paj pirog färdig smörgås,752.0,kJ
782,Sandwich m. rökt kalkon färskost soltorkad tomat sallad,Energi (kcal),Pizza paj pirog färdig smörgås,180.0,kcal
782,Sandwich m. rökt kalkon färskost soltorkad tomat sallad,Disackarider,Pizza paj pirog färdig smörgås,1.8,g
782,Sandwich m. rökt kalkon färskost soltorkad tomat sallad,"Kalcium, Ca",Pizza paj pirog färdig smörgås,37.0,mg
782,Sandwich m. rökt kalkon färskost soltorkad tomat sallad,Fettsyra 4:0-10:0,Pizza paj pirog färdig smörgås,0.0,g
782,Sandwich m. rökt kalkon färskost soltorkad tomat sallad,DHA (C22:6),Pizza paj pirog färdig smörgås,0.0,g
782,Sandwich m. rökt kalkon färskost soltorkad tomat sallad,DPA (C22:5),Pizza paj pirog färdig smörgås,0.0,g
782,Sandwich m. rökt kalkon färskost soltorkad tomat sallad,EPA (C20:5),Pizza paj pirog färdig smörgås,0.0,g
782,Sandwich m. rökt kalkon färskost soltorkad tomat sallad,Arakidonsyra C20:4,Pizza paj pirog färdig smörgås,0.0,g
782,Sandwich m. rökt kalkon färskost soltorkad tomat sallad,Arakidinsyra C20:0,Pizza paj pirog färdig smörgås,0.0,g
782,Sandwich m. rökt kalkon färskost soltorkad tomat sallad,Linolensyra C18:3,Pizza paj pirog färdig smörgås,0.1,g
782,Sandwich m. rökt kalkon färskost soltorkad tomat sallad,Linolsyra C18:2,Pizza paj pirog färdig smörgås,0.6,g
782,Sandwich m. rökt kalkon färskost soltorkad tomat sallad,Oljesyra C18:1,Pizza paj pirog färdig smörgås,3.0,g
782,Sandwich m. rökt kalkon färskost soltorkad tomat sallad,Stearinsyra C18:0,Pizza paj pirog färdig smörgås,0.2,g
782,Sandwich m. rökt kalkon färskost soltorkad tomat sallad,Palmitoljesyra C16:1,Pizza paj pirog färdig smörgås,0.0,g
782,Sandwich m. rökt kalkon färskost soltorkad tomat sallad,Palmitinsyra C16:0,Pizza paj pirog färdig smörgås,0.8,g
782,Sandwich m. rökt kalkon färskost soltorkad tomat sallad,Myristinsyra C14:0,Pizza paj pirog färdig smörgås,0.1,g
782,Sandwich m. rökt kalkon färskost soltorkad tomat sallad,Laurinsyra C12:0,Pizza paj pirog färdig smörgås,0.0,g
782,Sandwich m. rökt kalkon färskost soltorkad tomat sallad,Betakaroten/β-Karoten,Pizza paj pirog färdig smörgås,121.0,µg
782,Sandwich m. rökt kalkon färskost soltorkad tomat sallad,Avfall (skal etc.),Pizza paj pirog färdig smörgås,0.0,%
782,Sandwich m. rökt kalkon färskost soltorkad tomat sallad,Aska,Pizza paj pirog färdig smörgås,2.5,g
782,Sandwich m. rökt kalkon färskost soltorkad tomat sallad,Alkohol,Pizza paj pirog färdig smörgås,0.0,g
783,Sandwich m. salami färskost sallad,"Zink, Zn",Pizza paj pirog färdig smörgås,0.9,mg
783,Sandwich m. salami färskost sallad,Vitamin E,Pizza paj pirog färdig smörgås,0.3,mg
783,Sandwich m. salami färskost sallad,Vitamin D,Pizza paj pirog färdig smörgås,0.2,µg
783,Sandwich m. salami färskost sallad,Vitamin C,Pizza paj pirog färdig smörgås,0.0,mg
783,Sandwich m. salami färskost sallad,Vitamin B6,Pizza paj pirog färdig smörgås,0.15,mg
783,Sandwich m. salami färskost sallad,Vitamin B12,Pizza paj pirog färdig smörgås,0.32,µg
783,Sandwich m. salami färskost sallad,Vitamin A,Pizza paj pirog färdig smörgås,20.3,RE/µg
783,Sandwich m. salami färskost sallad,Vatten,Pizza paj pirog färdig smörgås,63.6,g
783,Sandwich m. salami färskost sallad,Tiamin,Pizza paj pirog färdig smörgås,0.19,mg
783,Sandwich m. salami färskost sallad,Tillsatt socker,Pizza paj pirog färdig smörgås,4.0,g
783,Sandwich m. salami färskost sallad,Fritt socker,Pizza paj pirog färdig smörgås,4.0,g
783,Sandwich m. salami färskost sallad,"Selen, Se",Pizza paj pirog färdig smörgås,4.0,µg
783,Sandwich m. salami färskost sallad,Sackaros,Pizza paj pirog färdig smörgås,0.0,g
783,Sandwich m. salami färskost sallad,Riboflavin,Pizza paj pirog färdig smörgås,0.1,mg
783,Sandwich m. salami färskost sallad,Retinol,Pizza paj pirog färdig smörgås,12.7,µg
783,Sandwich m. salami färskost sallad,Protein,Pizza paj pirog färdig smörgås,9.1,g
783,Sandwich m. salami färskost sallad,Summa fleromättade fettsyror,Pizza paj pirog färdig smörgås,0.9,g
783,Sandwich m. salami färskost sallad,"Fosfor, P",Pizza paj pirog färdig smörgås,115.0,mg
783,Sandwich m. salami färskost sallad,Niacinekvivalenter,Pizza paj pirog färdig smörgås,3.8,NE/mg
783,Sandwich m. salami färskost sallad,Niacin,Pizza paj pirog färdig smörgås,1.71,mg
783,Sandwich m. salami färskost sallad,"Salt, NaCl",Pizza paj pirog färdig smörgås,1.5,g
783,Sandwich m. salami färskost sallad,"Natrium, Na",Pizza paj pirog färdig smörgås,590.0,mg
783,Sandwich m. salami färskost sallad,Monosackarider,Pizza paj pirog färdig smörgås,3.1,g
783,Sandwich m. salami färskost sallad,"Sockerarter, totalt",Pizza paj pirog färdig smörgås,4.6,g
783,Sandwich m. salami färskost sallad,Summa enkelomättade fettsyror,Pizza paj pirog färdig smörgås,2.6,g
783,Sandwich m. salami färskost sallad,"Magnesium, Mg",Pizza paj pirog färdig smörgås,2.0,mg
783,Sandwich m. salami färskost sallad,Summa mättade fettsyror,Pizza paj pirog färdig smörgås,2.4,g
783,Sandwich m. salami färskost sallad,"Kolhydrater, tillgängliga",Pizza paj pirog färdig smörgås,16.2,g
783,Sandwich m. salami färskost sallad,Kolesterol,Pizza paj pirog färdig smörgås,16.0,mg
783,Sandwich m. salami färskost sallad,"Kalium, K",Pizza paj pirog färdig smörgås,207.0,mg
783,Sandwich m. salami färskost sallad,"Jod, I",Pizza paj pirog färdig smörgås,4.5,µg
783,Sandwich m. salami färskost sallad,Fullkorn totalt,Pizza paj pirog färdig smörgås,0.0,g
783,Sandwich m. salami färskost sallad,"Folat, totalt",Pizza paj pirog färdig smörgås,22.5,µg
783,Sandwich m. salami färskost sallad,Fibrer,Pizza paj pirog färdig smörgås,2.7,g
783,Sandwich m. salami färskost sallad,"Fett, totalt",Pizza paj pirog färdig smörgås,6.4,g
783,Sandwich m. salami färskost sallad,"Järn, Fe",Pizza paj pirog färdig smörgås,0.7,mg
783,Sandwich m. salami färskost sallad,Energi (kJ),Pizza paj pirog färdig smörgås,686.0,kJ
783,Sandwich m. salami färskost sallad,Energi (kcal),Pizza paj pirog färdig smörgås,164.0,kcal
783,Sandwich m. salami färskost sallad,Disackarider,Pizza paj pirog färdig smörgås,1.4,g
783,Sandwich m. salami färskost sallad,"Kalcium, Ca",Pizza paj pirog färdig smörgås,40.0,mg
783,Sandwich m. salami färskost sallad,Fettsyra 4:0-10:0,Pizza paj pirog färdig smörgås,0.1,g
783,Sandwich m. salami färskost sallad,DHA (C22:6),Pizza paj pirog färdig smörgås,0.0,g
783,Sandwich m. salami färskost sallad,DPA (C22:5),Pizza paj pirog färdig smörgås,0.0,g
783,Sandwich m. salami färskost sallad,EPA (C20:5),Pizza paj pirog färdig smörgås,0.0,g
783,Sandwich m. salami färskost sallad,Arakidonsyra C20:4,Pizza paj pirog färdig smörgås,0.0,g
783,Sandwich m. salami färskost sallad,Arakidinsyra C20:0,Pizza paj pirog färdig smörgås,0.0,g
783,Sandwich m. salami färskost sallad,Linolensyra C18:3,Pizza paj pirog färdig smörgås,0.1,g
783,Sandwich m. salami färskost sallad,Linolsyra C18:2,Pizza paj pirog färdig smörgås,0.7,g
783,Sandwich m. salami färskost sallad,Oljesyra C18:1,Pizza paj pirog färdig smörgås,2.4,g
783,Sandwich m. salami färskost sallad,Stearinsyra C18:0,Pizza paj pirog färdig smörgås,0.7,g
783,Sandwich m. salami färskost sallad,Palmitoljesyra C16:1,Pizza paj pirog färdig smörgås,0.1,g
783,Sandwich m. salami färskost sallad,Palmitinsyra C16:0,Pizza paj pirog färdig smörgås,1.4,g
783,Sandwich m. salami färskost sallad,Myristinsyra C14:0,Pizza paj pirog färdig smörgås,0.2,g
783,Sandwich m. salami färskost sallad,Laurinsyra C12:0,Pizza paj pirog färdig smörgås,0.1,g
783,Sandwich m. salami färskost sallad,Betakaroten/β-Karoten,Pizza paj pirog färdig smörgås,88.0,µg
783,Sandwich m. salami färskost sallad,Avfall (skal etc.),Pizza paj pirog färdig smörgås,0.0,%
783,Sandwich m. salami färskost sallad,Aska,Pizza paj pirog färdig smörgås,2.1,g
783,Sandwich m. salami färskost sallad,Alkohol,Pizza paj pirog färdig smörgås,0.0,g
784,Tunnbrödsrulle m. pastrami potatis sallad majonnäs,"Zink, Zn",Pizza paj pirog färdig smörgås,0.7,mg
784,Tunnbrödsrulle m. pastrami potatis sallad majonnäs,Vitamin E,Pizza paj pirog färdig smörgås,0.5,mg
784,Tunnbrödsrulle m. pastrami potatis sallad majonnäs,Vitamin D,Pizza paj pirog färdig smörgås,0.1,µg
784,Tunnbrödsrulle m. pastrami potatis sallad majonnäs,Vitamin C,Pizza paj pirog färdig smörgås,2.5,mg
784,Tunnbrödsrulle m. pastrami potatis sallad majonnäs,Vitamin B6,Pizza paj pirog färdig smörgås,0.18,mg
784,Tunnbrödsrulle m. pastrami potatis sallad majonnäs,Vitamin B12,Pizza paj pirog färdig smörgås,0.42,µg
784,Tunnbrödsrulle m. pastrami potatis sallad majonnäs,Vitamin A,Pizza paj pirog färdig smörgås,14.7,RE/µg
784,Tunnbrödsrulle m. pastrami potatis sallad majonnäs,Vatten,Pizza paj pirog färdig smörgås,67.3,g
784,Tunnbrödsrulle m. pastrami potatis sallad majonnäs,Tiamin,Pizza paj pirog färdig smörgås,0.07,mg
784,Tunnbrödsrulle m. pastrami potatis sallad majonnäs,Tillsatt socker,Pizza paj pirog färdig smörgås,6.0,g
784,Tunnbrödsrulle m. pastrami potatis sallad majonnäs,Fritt socker,Pizza paj pirog färdig smörgås,6.0,g
784,Tunnbrödsrulle m. pastrami potatis sallad majonnäs,"Selen, Se",Pizza paj pirog färdig smörgås,2.8,µg
784,Tunnbrödsrulle m. pastrami potatis sallad majonnäs,Sackaros,Pizza paj pirog färdig smörgås,0.2,g
784,Tunnbrödsrulle m. pastrami potatis sallad majonnäs,Riboflavin,Pizza paj pirog färdig smörgås,0.07,mg
784,Tunnbrödsrulle m. pastrami potatis sallad majonnäs,Retinol,Pizza paj pirog färdig smörgås,12.7,µg
784,Tunnbrödsrulle m. pastrami potatis sallad majonnäs,Protein,Pizza paj pirog färdig smörgås,5.4,g
784,Tunnbrödsrulle m. pastrami potatis sallad majonnäs,Summa fleromättade fettsyror,Pizza paj pirog färdig smörgås,1.9,g
784,Tunnbrödsrulle m. pastrami potatis sallad majonnäs,"Fosfor, P",Pizza paj pirog färdig smörgås,65.0,mg
784,Tunnbrödsrulle m. pastrami potatis sallad majonnäs,Niacinekvivalenter,Pizza paj pirog färdig smörgås,2.4,NE/mg
784,Tunnbrödsrulle m. pastrami potatis sallad majonnäs,Niacin,Pizza paj pirog färdig smörgås,1.37,mg
784,Tunnbrödsrulle m. pastrami potatis sallad majonnäs,"Salt, NaCl",Pizza paj pirog färdig smörgås,1.0,g
784,Tunnbrödsrulle m. pastrami potatis sallad majonnäs,"Natrium, Na",Pizza paj pirog färdig smörgås,395.0,mg
784,Tunnbrödsrulle m. pastrami potatis sallad majonnäs,Monosackarider,Pizza paj pirog färdig smörgås,3.4,g
784,Tunnbrödsrulle m. pastrami potatis sallad majonnäs,"Sockerarter, totalt",Pizza paj pirog färdig smörgås,5.7,g
784,Tunnbrödsrulle m. pastrami potatis sallad majonnäs,Summa enkelomättade fettsyror,Pizza paj pirog färdig smörgås,4.2,g
784,Tunnbrödsrulle m. pastrami potatis sallad majonnäs,"Magnesium, Mg",Pizza paj pirog färdig smörgås,17.0,mg
784,Tunnbrödsrulle m. pastrami potatis sallad majonnäs,Summa mättade fettsyror,Pizza paj pirog färdig smörgås,1.2,g
784,Tunnbrödsrulle m. pastrami potatis sallad majonnäs,"Kolhydrater, tillgängliga",Pizza paj pirog färdig smörgås,15.6,g
784,Tunnbrödsrulle m. pastrami potatis sallad majonnäs,Kolesterol,Pizza paj pirog färdig smörgås,11.0,mg
784,Tunnbrödsrulle m. pastrami potatis sallad majonnäs,"Kalium, K",Pizza paj pirog färdig smörgås,238.0,mg
784,Tunnbrödsrulle m. pastrami potatis sallad majonnäs,"Jod, I",Pizza paj pirog färdig smörgås,3.8,µg
784,Tunnbrödsrulle m. pastrami potatis sallad majonnäs,Fullkorn totalt,Pizza paj pirog färdig smörgås,0.0,g
784,Tunnbrödsrulle m. pastrami potatis sallad majonnäs,"Folat, totalt",Pizza paj pirog färdig smörgås,17.0,µg
784,Tunnbrödsrulle m. pastrami potatis sallad majonnäs,Fibrer,Pizza paj pirog färdig smörgås,2.1,g
784,Tunnbrödsrulle m. pastrami potatis sallad majonnäs,"Fett, totalt",Pizza paj pirog färdig smörgås,7.8,g
784,Tunnbrödsrulle m. pastrami potatis sallad majonnäs,"Järn, Fe",Pizza paj pirog färdig smörgås,0.8,mg
784,Tunnbrödsrulle m. pastrami potatis sallad majonnäs,Energi (kJ),Pizza paj pirog färdig smörgås,664.0,kJ
784,Tunnbrödsrulle m. pastrami potatis sallad majonnäs,Energi (kcal),Pizza paj pirog färdig smörgås,159.0,kcal
784,Tunnbrödsrulle m. pastrami potatis sallad majonnäs,Disackarider,Pizza paj pirog färdig smörgås,2.2,g
784,Tunnbrödsrulle m. pastrami potatis sallad majonnäs,"Kalcium, Ca",Pizza paj pirog färdig smörgås,24.0,mg
784,Tunnbrödsrulle m. pastrami potatis sallad majonnäs,Fettsyra 4:0-10:0,Pizza paj pirog färdig smörgås,0.0,g
784,Tunnbrödsrulle m. pastrami potatis sallad majonnäs,DHA (C22:6),Pizza paj pirog färdig smörgås,0.0,g
784,Tunnbrödsrulle m. pastrami potatis sallad majonnäs,DPA (C22:5),Pizza paj pirog färdig smörgås,0.0,g
784,Tunnbrödsrulle m. pastrami potatis sallad majonnäs,EPA (C20:5),Pizza paj pirog färdig smörgås,0.0,g
784,Tunnbrödsrulle m. pastrami potatis sallad majonnäs,Arakidonsyra C20:4,Pizza paj pirog färdig smörgås,0.0,g
784,Tunnbrödsrulle m. pastrami potatis sallad majonnäs,Arakidinsyra C20:0,Pizza paj pirog färdig smörgås,0.0,g
784,Tunnbrödsrulle m. pastrami potatis sallad majonnäs,Linolensyra C18:3,Pizza paj pirog färdig smörgås,0.5,g
784,Tunnbrödsrulle m. pastrami potatis sallad majonnäs,Linolsyra C18:2,Pizza paj pirog färdig smörgås,1.3,g
784,Tunnbrödsrulle m. pastrami potatis sallad majonnäs,Oljesyra C18:1,Pizza paj pirog färdig smörgås,4.1,g
784,Tunnbrödsrulle m. pastrami potatis sallad majonnäs,Stearinsyra C18:0,Pizza paj pirog färdig smörgås,0.3,g
784,Tunnbrödsrulle m. pastrami potatis sallad majonnäs,Palmitoljesyra C16:1,Pizza paj pirog färdig smörgås,0.0,g
784,Tunnbrödsrulle m. pastrami potatis sallad majonnäs,Palmitinsyra C16:0,Pizza paj pirog färdig smörgås,0.7,g
784,Tunnbrödsrulle m. pastrami potatis sallad majonnäs,Myristinsyra C14:0,Pizza paj pirog färdig smörgås,0.1,g
784,Tunnbrödsrulle m. pastrami potatis sallad majonnäs,Laurinsyra C12:0,Pizza paj pirog färdig smörgås,0.0,g
784,Tunnbrödsrulle m. pastrami potatis sallad majonnäs,Betakaroten/β-Karoten,Pizza paj pirog färdig smörgås,21.0,µg
784,Tunnbrödsrulle m. pastrami potatis sallad majonnäs,Avfall (skal etc.),Pizza paj pirog färdig smörgås,0.0,%
784,Tunnbrödsrulle m. pastrami potatis sallad majonnäs,Aska,Pizza paj pirog färdig smörgås,1.7,g
784,Tunnbrödsrulle m. pastrami potatis sallad majonnäs,Alkohol,Pizza paj pirog färdig smörgås,0.0,g
785,Wrap vetetortilla m. ris köttfärs majs ost,"Zink, Zn",Pizza paj pirog färdig smörgås,1.4,mg
785,Wrap vetetortilla m. ris köttfärs majs ost,Vitamin E,Pizza paj pirog färdig smörgås,0.2,mg
785,Wrap vetetortilla m. ris köttfärs majs ost,Vitamin D,Pizza paj pirog färdig smörgås,0.1,µg
785,Wrap vetetortilla m. ris köttfärs majs ost,Vitamin C,Pizza paj pirog färdig smörgås,0.0,mg
785,Wrap vetetortilla m. ris köttfärs majs ost,Vitamin B6,Pizza paj pirog färdig smörgås,0.13,mg
785,Wrap vetetortilla m. ris köttfärs majs ost,Vitamin B12,Pizza paj pirog färdig smörgås,0.38,µg
785,Wrap vetetortilla m. ris köttfärs majs ost,Vitamin A,Pizza paj pirog färdig smörgås,23.8,RE/µg
785,Wrap vetetortilla m. ris köttfärs majs ost,Vatten,Pizza paj pirog färdig smörgås,66.9,g
785,Wrap vetetortilla m. ris köttfärs majs ost,Tiamin,Pizza paj pirog färdig smörgås,0.06,mg
785,Wrap vetetortilla m. ris köttfärs majs ost,Tillsatt socker,Pizza paj pirog färdig smörgås,0.0,g
785,Wrap vetetortilla m. ris köttfärs majs ost,Fritt socker,Pizza paj pirog färdig smörgås,0.0,g
785,Wrap vetetortilla m. ris köttfärs majs ost,"Selen, Se",Pizza paj pirog färdig smörgås,2.5,µg
785,Wrap vetetortilla m. ris köttfärs majs ost,Sackaros,Pizza paj pirog färdig smörgås,0.9,g
785,Wrap vetetortilla m. ris köttfärs majs ost,Riboflavin,Pizza paj pirog färdig smörgås,0.09,mg
785,Wrap vetetortilla m. ris köttfärs majs ost,Retinol,Pizza paj pirog färdig smörgås,18.2,µg
785,Wrap vetetortilla m. ris köttfärs majs ost,Protein,Pizza paj pirog färdig smörgås,7.9,g
785,Wrap vetetortilla m. ris köttfärs majs ost,Summa fleromättade fettsyror,Pizza paj pirog färdig smörgås,0.4,g
785,Wrap vetetortilla m. ris köttfärs majs ost,"Fosfor, P",Pizza paj pirog färdig smörgås,93.0,mg
785,Wrap vetetortilla m. ris köttfärs majs ost,Niacinekvivalenter,Pizza paj pirog färdig smörgås,3.1,NE/mg
785,Wrap vetetortilla m. ris köttfärs majs ost,Niacin,Pizza paj pirog färdig smörgås,1.66,mg
785,Wrap vetetortilla m. ris köttfärs majs ost,"Salt, NaCl",Pizza paj pirog färdig smörgås,0.8,g
785,Wrap vetetortilla m. ris köttfärs majs ost,"Natrium, Na",Pizza paj pirog färdig smörgås,335.0,mg
785,Wrap vetetortilla m. ris köttfärs majs ost,Monosackarider,Pizza paj pirog färdig smörgås,1.2,g
785,Wrap vetetortilla m. ris köttfärs majs ost,"Sockerarter, totalt",Pizza paj pirog färdig smörgås,2.4,g
785,Wrap vetetortilla m. ris köttfärs majs ost,Summa enkelomättade fettsyror,Pizza paj pirog färdig smörgås,1.4,g
785,Wrap vetetortilla m. ris köttfärs majs ost,"Magnesium, Mg",Pizza paj pirog färdig smörgås,14.0,mg
785,Wrap vetetortilla m. ris köttfärs majs ost,Summa mättade fettsyror,Pizza paj pirog färdig smörgås,1.2,g
785,Wrap vetetortilla m. ris köttfärs majs ost,"Kolhydrater, tillgängliga",Pizza paj pirog färdig smörgås,19.3,g
785,Wrap vetetortilla m. ris köttfärs majs ost,Kolesterol,Pizza paj pirog färdig smörgås,15.1,mg
785,Wrap vetetortilla m. ris köttfärs majs ost,"Kalium, K",Pizza paj pirog färdig smörgås,187.0,mg
785,Wrap vetetortilla m. ris köttfärs majs ost,"Jod, I",Pizza paj pirog färdig smörgås,3.9,µg
785,Wrap vetetortilla m. ris köttfärs majs ost,Fullkorn totalt,Pizza paj pirog färdig smörgås,0.0,g
785,Wrap vetetortilla m. ris köttfärs majs ost,"Folat, totalt",Pizza paj pirog färdig smörgås,17.9,µg
785,Wrap vetetortilla m. ris köttfärs majs ost,Fibrer,Pizza paj pirog färdig smörgås,1.3,g
785,Wrap vetetortilla m. ris köttfärs majs ost,"Fett, totalt",Pizza paj pirog färdig smörgås,3.3,g
785,Wrap vetetortilla m. ris köttfärs majs ost,"Järn, Fe",Pizza paj pirog färdig smörgås,1.0,mg
785,Wrap vetetortilla m. ris köttfärs majs ost,Energi (kJ),Pizza paj pirog färdig smörgås,595.0,kJ
785,Wrap vetetortilla m. ris köttfärs majs ost,Energi (kcal),Pizza paj pirog färdig smörgås,142.0,kcal
785,Wrap vetetortilla m. ris köttfärs majs ost,Disackarider,Pizza paj pirog färdig smörgås,1.1,g
785,Wrap vetetortilla m. ris köttfärs majs ost,"Kalcium, Ca",Pizza paj pirog färdig smörgås,33.0,mg
785,Wrap vetetortilla m. ris köttfärs majs ost,Fettsyra 4:0-10:0,Pizza paj pirog färdig smörgås,0.0,g
785,Wrap vetetortilla m. ris köttfärs majs ost,DHA (C22:6),Pizza paj pirog färdig smörgås,0.0,g
785,Wrap vetetortilla m. ris köttfärs majs ost,DPA (C22:5),Pizza paj pirog färdig smörgås,0.0,g
785,Wrap vetetortilla m. ris köttfärs majs ost,EPA (C20:5),Pizza paj pirog färdig smörgås,0.0,g
785,Wrap vetetortilla m. ris köttfärs majs ost,Arakidonsyra C20:4,Pizza paj pirog färdig smörgås,0.0,g
785,Wrap vetetortilla m. ris köttfärs majs ost,Arakidinsyra C20:0,Pizza paj pirog färdig smörgås,0.0,g
785,Wrap vetetortilla m. ris köttfärs majs ost,Linolensyra C18:3,Pizza paj pirog färdig smörgås,0.1,g
785,Wrap vetetortilla m. ris köttfärs majs ost,Linolsyra C18:2,Pizza paj pirog färdig smörgås,0.3,g
785,Wrap vetetortilla m. ris köttfärs majs ost,Oljesyra C18:1,Pizza paj pirog färdig smörgås,1.3,g
785,Wrap vetetortilla m. ris köttfärs majs ost,Stearinsyra C18:0,Pizza paj pirog färdig smörgås,0.4,g
785,Wrap vetetortilla m. ris köttfärs majs ost,Palmitoljesyra C16:1,Pizza paj pirog färdig smörgås,0.1,g
785,Wrap vetetortilla m. ris köttfärs majs ost,Palmitinsyra C16:0,Pizza paj pirog färdig smörgås,0.6,g
785,Wrap vetetortilla m. ris köttfärs majs ost,Myristinsyra C14:0,Pizza paj pirog färdig smörgås,0.1,g
785,Wrap vetetortilla m. ris köttfärs majs ost,Laurinsyra C12:0,Pizza paj pirog färdig smörgås,0.0,g
785,Wrap vetetortilla m. ris köttfärs majs ost,Betakaroten/β-Karoten,Pizza paj pirog färdig smörgås,64.0,µg
785,Wrap vetetortilla m. ris köttfärs majs ost,Avfall (skal etc.),Pizza paj pirog färdig smörgås,0.0,%
785,Wrap vetetortilla m. ris köttfärs majs ost,Aska,Pizza paj pirog färdig smörgås,1.3,g
785,Wrap vetetortilla m. ris köttfärs majs ost,Alkohol,Pizza paj pirog färdig smörgås,0.0,g
786,Wrap vetetortilla fajitas m. kyckling gräddfil sallad,"Zink, Zn",Pizza paj pirog färdig smörgås,0.4,mg
786,Wrap vetetortilla fajitas m. kyckling gräddfil sallad,Vitamin E,Pizza paj pirog färdig smörgås,2.3,mg
786,Wrap vetetortilla fajitas m. kyckling gräddfil sallad,Vitamin D,Pizza paj pirog färdig smörgås,1.08,µg
786,Wrap vetetortilla fajitas m. kyckling gräddfil sallad,Vitamin C,Pizza paj pirog färdig smörgås,0.0,mg
786,Wrap vetetortilla fajitas m. kyckling gräddfil sallad,Vitamin B6,Pizza paj pirog färdig smörgås,0.25,mg
786,Wrap vetetortilla fajitas m. kyckling gräddfil sallad,Vitamin B12,Pizza paj pirog färdig smörgås,0.18,µg
786,Wrap vetetortilla fajitas m. kyckling gräddfil sallad,Vitamin A,Pizza paj pirog färdig smörgås,60.3,RE/µg
786,Wrap vetetortilla fajitas m. kyckling gräddfil sallad,Vatten,Pizza paj pirog färdig smörgås,71.6,g
786,Wrap vetetortilla fajitas m. kyckling gräddfil sallad,Tiamin,Pizza paj pirog färdig smörgås,0.08,mg
786,Wrap vetetortilla fajitas m. kyckling gräddfil sallad,Tillsatt socker,Pizza paj pirog färdig smörgås,0.0,g
786,Wrap vetetortilla fajitas m. kyckling gräddfil sallad,Fritt socker,Pizza paj pirog färdig smörgås,0.0,g
786,Wrap vetetortilla fajitas m. kyckling gräddfil sallad,"Selen, Se",Pizza paj pirog färdig smörgås,2.5,µg
786,Wrap vetetortilla fajitas m. kyckling gräddfil sallad,Sackaros,Pizza paj pirog färdig smörgås,0.6,g
786,Wrap vetetortilla fajitas m. kyckling gräddfil sallad,Riboflavin,Pizza paj pirog färdig smörgås,0.07,mg
786,Wrap vetetortilla fajitas m. kyckling gräddfil sallad,Retinol,Pizza paj pirog färdig smörgås,35.2,µg
786,Wrap vetetortilla fajitas m. kyckling gräddfil sallad,Protein,Pizza paj pirog färdig smörgås,5.7,g
786,Wrap vetetortilla fajitas m. kyckling gräddfil sallad,Summa fleromättade fettsyror,Pizza paj pirog färdig smörgås,1.4,g
786,Wrap vetetortilla fajitas m. kyckling gräddfil sallad,"Fosfor, P",Pizza paj pirog färdig smörgås,104.0,mg
786,Wrap vetetortilla fajitas m. kyckling gräddfil sallad,Niacinekvivalenter,Pizza paj pirog färdig smörgås,3.8,NE/mg
786,Wrap vetetortilla fajitas m. kyckling gräddfil sallad,Niacin,Pizza paj pirog färdig smörgås,2.76,mg
786,Wrap vetetortilla fajitas m. kyckling gräddfil sallad,"Salt, NaCl",Pizza paj pirog färdig smörgås,1.2,g
786,Wrap vetetortilla fajitas m. kyckling gräddfil sallad,"Natrium, Na",Pizza paj pirog färdig smörgås,461.0,mg
786,Wrap vetetortilla fajitas m. kyckling gräddfil sallad,Monosackarider,Pizza paj pirog färdig smörgås,3.2,g
786,Wrap vetetortilla fajitas m. kyckling gräddfil sallad,"Sockerarter, totalt",Pizza paj pirog färdig smörgås,4.2,g
786,Wrap vetetortilla fajitas m. kyckling gräddfil sallad,Summa enkelomättade fettsyror,Pizza paj pirog färdig smörgås,3.4,g
786,Wrap vetetortilla fajitas m. kyckling gräddfil sallad,"Magnesium, Mg",Pizza paj pirog färdig smörgås,17.0,mg
786,Wrap vetetortilla fajitas m. kyckling gräddfil sallad,Summa mättade fettsyror,Pizza paj pirog färdig smörgås,1.8,g
786,Wrap vetetortilla fajitas m. kyckling gräddfil sallad,"Kolhydrater, tillgängliga",Pizza paj pirog färdig smörgås,11.1,g
786,Wrap vetetortilla fajitas m. kyckling gräddfil sallad,Kolesterol,Pizza paj pirog färdig smörgås,16.4,mg
786,Wrap vetetortilla fajitas m. kyckling gräddfil sallad,"Kalium, K",Pizza paj pirog färdig smörgås,245.0,mg
786,Wrap vetetortilla fajitas m. kyckling gräddfil sallad,"Jod, I",Pizza paj pirog färdig smörgås,3.0,µg
786,Wrap vetetortilla fajitas m. kyckling gräddfil sallad,Fullkorn totalt,Pizza paj pirog färdig smörgås,0.0,g
786,Wrap vetetortilla fajitas m. kyckling gräddfil sallad,"Folat, totalt",Pizza paj pirog färdig smörgås,20.8,µg
786,Wrap vetetortilla fajitas m. kyckling gräddfil sallad,Fibrer,Pizza paj pirog färdig smörgås,2.6,g
786,Wrap vetetortilla fajitas m. kyckling gräddfil sallad,"Fett, totalt",Pizza paj pirog färdig smörgås,7.1,g
786,Wrap vetetortilla fajitas m. kyckling gräddfil sallad,"Järn, Fe",Pizza paj pirog färdig smörgås,1.2,mg
786,Wrap vetetortilla fajitas m. kyckling gräddfil sallad,Energi (kJ),Pizza paj pirog färdig smörgås,569.0,kJ
786,Wrap vetetortilla fajitas m. kyckling gräddfil sallad,Energi (kcal),Pizza paj pirog färdig smörgås,136.0,kcal
786,Wrap vetetortilla fajitas m. kyckling gräddfil sallad,Disackarider,Pizza paj pirog färdig smörgås,1.0,g
786,Wrap vetetortilla fajitas m. kyckling gräddfil sallad,"Kalcium, Ca",Pizza paj pirog färdig smörgås,49.0,mg
786,Wrap vetetortilla fajitas m. kyckling gräddfil sallad,Fettsyra 4:0-10:0,Pizza paj pirog färdig smörgås,0.1,g
786,Wrap vetetortilla fajitas m. kyckling gräddfil sallad,DHA (C22:6),Pizza paj pirog färdig smörgås,0.0,g
786,Wrap vetetortilla fajitas m. kyckling gräddfil sallad,DPA (C22:5),Pizza paj pirog färdig smörgås,0.0,g
786,Wrap vetetortilla fajitas m. kyckling gräddfil sallad,EPA (C20:5),Pizza paj pirog färdig smörgås,0.0,g
786,Wrap vetetortilla fajitas m. kyckling gräddfil sallad,Arakidonsyra C20:4,Pizza paj pirog färdig smörgås,0.0,g
786,Wrap vetetortilla fajitas m. kyckling gräddfil sallad,Arakidinsyra C20:0,Pizza paj pirog färdig smörgås,0.0,g
786,Wrap vetetortilla fajitas m. kyckling gräddfil sallad,Linolensyra C18:3,Pizza paj pirog färdig smörgås,0.4,g
786,Wrap vetetortilla fajitas m. kyckling gräddfil sallad,Linolsyra C18:2,Pizza paj pirog färdig smörgås,1.0,g
786,Wrap vetetortilla fajitas m. kyckling gräddfil sallad,Oljesyra C18:1,Pizza paj pirog färdig smörgås,3.2,g
786,Wrap vetetortilla fajitas m. kyckling gräddfil sallad,Stearinsyra C18:0,Pizza paj pirog färdig smörgås,0.4,g
786,Wrap vetetortilla fajitas m. kyckling gräddfil sallad,Palmitoljesyra C16:1,Pizza paj pirog färdig smörgås,0.1,g
786,Wrap vetetortilla fajitas m. kyckling gräddfil sallad,Palmitinsyra C16:0,Pizza paj pirog färdig smörgås,1.2,g
786,Wrap vetetortilla fajitas m. kyckling gräddfil sallad,Myristinsyra C14:0,Pizza paj pirog färdig smörgås,0.2,g
786,Wrap vetetortilla fajitas m. kyckling gräddfil sallad,Laurinsyra C12:0,Pizza paj pirog färdig smörgås,0.0,g
786,Wrap vetetortilla fajitas m. kyckling gräddfil sallad,Betakaroten/β-Karoten,Pizza paj pirog färdig smörgås,294.0,µg
786,Wrap vetetortilla fajitas m. kyckling gräddfil sallad,Avfall (skal etc.),Pizza paj pirog färdig smörgås,0.0,%
786,Wrap vetetortilla fajitas m. kyckling gräddfil sallad,Aska,Pizza paj pirog färdig smörgås,1.8,g
786,Wrap vetetortilla fajitas m. kyckling gräddfil sallad,Alkohol,Pizza paj pirog färdig smörgås,0.0,g
787,Wrap vetetortilla enchilada m. köttfärs majschips ost sallad paprika tomat tomatsås,"Zink, Zn",Pizza paj pirog färdig smörgås,1.3,mg
787,Wrap vetetortilla enchilada m. köttfärs majschips ost sallad paprika tomat tomatsås,Vitamin E,Pizza paj pirog färdig smörgås,0.8,mg
787,Wrap vetetortilla enchilada m. köttfärs majschips ost sallad paprika tomat tomatsås,Vitamin D,Pizza paj pirog färdig smörgås,0.35,µg
787,Wrap vetetortilla enchilada m. köttfärs majschips ost sallad paprika tomat tomatsås,Vitamin C,Pizza paj pirog färdig smörgås,0.0,mg
787,Wrap vetetortilla enchilada m. köttfärs majschips ost sallad paprika tomat tomatsås,Vitamin B6,Pizza paj pirog färdig smörgås,0.2,mg
787,Wrap vetetortilla enchilada m. köttfärs majschips ost sallad paprika tomat tomatsås,Vitamin B12,Pizza paj pirog färdig smörgås,0.35,µg
787,Wrap vetetortilla enchilada m. köttfärs majschips ost sallad paprika tomat tomatsås,Vitamin A,Pizza paj pirog färdig smörgås,42.5,RE/µg
787,Wrap vetetortilla enchilada m. köttfärs majschips ost sallad paprika tomat tomatsås,Vatten,Pizza paj pirog färdig smörgås,67.0,g
787,Wrap vetetortilla enchilada m. köttfärs majschips ost sallad paprika tomat tomatsås,Tiamin,Pizza paj pirog färdig smörgås,0.07,mg
787,Wrap vetetortilla enchilada m. köttfärs majschips ost sallad paprika tomat tomatsås,Tillsatt socker,Pizza paj pirog färdig smörgås,0.0,g
787,Wrap vetetortilla enchilada m. köttfärs majschips ost sallad paprika tomat tomatsås,Fritt socker,Pizza paj pirog färdig smörgås,0.0,g
787,Wrap vetetortilla enchilada m. köttfärs majschips ost sallad paprika tomat tomatsås,"Selen, Se",Pizza paj pirog färdig smörgås,2.8,µg
787,Wrap vetetortilla enchilada m. köttfärs majschips ost sallad paprika tomat tomatsås,Sackaros,Pizza paj pirog färdig smörgås,0.0,g
787,Wrap vetetortilla enchilada m. köttfärs majschips ost sallad paprika tomat tomatsås,Riboflavin,Pizza paj pirog färdig smörgås,0.08,mg
787,Wrap vetetortilla enchilada m. köttfärs majschips ost sallad paprika tomat tomatsås,Retinol,Pizza paj pirog färdig smörgås,15.5,µg
787,Wrap vetetortilla enchilada m. köttfärs majschips ost sallad paprika tomat tomatsås,Protein,Pizza paj pirog färdig smörgås,6.7,g
787,Wrap vetetortilla enchilada m. köttfärs majschips ost sallad paprika tomat tomatsås,Summa fleromättade fettsyror,Pizza paj pirog färdig smörgås,0.6,g
787,Wrap vetetortilla enchilada m. köttfärs majschips ost sallad paprika tomat tomatsås,"Fosfor, P",Pizza paj pirog färdig smörgås,121.0,mg
787,Wrap vetetortilla enchilada m. köttfärs majschips ost sallad paprika tomat tomatsås,Niacinekvivalenter,Pizza paj pirog färdig smörgås,2.8,NE/mg
787,Wrap vetetortilla enchilada m. köttfärs majschips ost sallad paprika tomat tomatsås,Niacin,Pizza paj pirog färdig smörgås,1.57,mg
787,Wrap vetetortilla enchilada m. köttfärs majschips ost sallad paprika tomat tomatsås,"Salt, NaCl",Pizza paj pirog färdig smörgås,0.9,g
787,Wrap vetetortilla enchilada m. köttfärs majschips ost sallad paprika tomat tomatsås,"Natrium, Na",Pizza paj pirog färdig smörgås,377.0,mg
787,Wrap vetetortilla enchilada m. köttfärs majschips ost sallad paprika tomat tomatsås,Monosackarider,Pizza paj pirog färdig smörgås,2.6,g
787,Wrap vetetortilla enchilada m. köttfärs majschips ost sallad paprika tomat tomatsås,"Sockerarter, totalt",Pizza paj pirog färdig smörgås,3.0,g
787,Wrap vetetortilla enchilada m. köttfärs majschips ost sallad paprika tomat tomatsås,Summa enkelomättade fettsyror,Pizza paj pirog färdig smörgås,3.9,g
787,Wrap vetetortilla enchilada m. köttfärs majschips ost sallad paprika tomat tomatsås,"Magnesium, Mg",Pizza paj pirog färdig smörgås,22.0,mg
787,Wrap vetetortilla enchilada m. köttfärs majschips ost sallad paprika tomat tomatsås,Summa mättade fettsyror,Pizza paj pirog färdig smörgås,4.6,g
787,Wrap vetetortilla enchilada m. köttfärs majschips ost sallad paprika tomat tomatsås,"Kolhydrater, tillgängliga",Pizza paj pirog färdig smörgås,11.7,g
787,Wrap vetetortilla enchilada m. köttfärs majschips ost sallad paprika tomat tomatsås,Kolesterol,Pizza paj pirog färdig smörgås,19.5,mg
787,Wrap vetetortilla enchilada m. köttfärs majschips ost sallad paprika tomat tomatsås,"Kalium, K",Pizza paj pirog färdig smörgås,265.0,mg
787,Wrap vetetortilla enchilada m. köttfärs majschips ost sallad paprika tomat tomatsås,"Jod, I",Pizza paj pirog färdig smörgås,5.4,µg
787,Wrap vetetortilla enchilada m. köttfärs majschips ost sallad paprika tomat tomatsås,Fullkorn totalt,Pizza paj pirog färdig smörgås,0.0,g
787,Wrap vetetortilla enchilada m. köttfärs majschips ost sallad paprika tomat tomatsås,"Folat, totalt",Pizza paj pirog färdig smörgås,19.5,µg
787,Wrap vetetortilla enchilada m. köttfärs majschips ost sallad paprika tomat tomatsås,Fibrer,Pizza paj pirog färdig smörgås,2.7,g
787,Wrap vetetortilla enchilada m. köttfärs majschips ost sallad paprika tomat tomatsås,"Fett, totalt",Pizza paj pirog färdig smörgås,10.2,g
787,Wrap vetetortilla enchilada m. köttfärs majschips ost sallad paprika tomat tomatsås,"Järn, Fe",Pizza paj pirog färdig smörgås,1.4,mg
787,Wrap vetetortilla enchilada m. köttfärs majschips ost sallad paprika tomat tomatsås,Energi (kJ),Pizza paj pirog färdig smörgås,711.0,kJ
787,Wrap vetetortilla enchilada m. köttfärs majschips ost sallad paprika tomat tomatsås,Energi (kcal),Pizza paj pirog färdig smörgås,170.0,kcal
787,Wrap vetetortilla enchilada m. köttfärs majschips ost sallad paprika tomat tomatsås,Disackarider,Pizza paj pirog färdig smörgås,0.4,g
787,Wrap vetetortilla enchilada m. köttfärs majschips ost sallad paprika tomat tomatsås,"Kalcium, Ca",Pizza paj pirog färdig smörgås,80.0,mg
787,Wrap vetetortilla enchilada m. köttfärs majschips ost sallad paprika tomat tomatsås,Fettsyra 4:0-10:0,Pizza paj pirog färdig smörgås,0.1,g
787,Wrap vetetortilla enchilada m. köttfärs majschips ost sallad paprika tomat tomatsås,DHA (C22:6),Pizza paj pirog färdig smörgås,0.0,g
787,Wrap vetetortilla enchilada m. köttfärs majschips ost sallad paprika tomat tomatsås,DPA (C22:5),Pizza paj pirog färdig smörgås,0.0,g
787,Wrap vetetortilla enchilada m. köttfärs majschips ost sallad paprika tomat tomatsås,EPA (C20:5),Pizza paj pirog färdig smörgås,0.0,g
787,Wrap vetetortilla enchilada m. köttfärs majschips ost sallad paprika tomat tomatsås,Arakidonsyra C20:4,Pizza paj pirog färdig smörgås,0.0,g
787,Wrap vetetortilla enchilada m. köttfärs majschips ost sallad paprika tomat tomatsås,Arakidinsyra C20:0,Pizza paj pirog färdig smörgås,0.0,g
787,Wrap vetetortilla enchilada m. köttfärs majschips ost sallad paprika tomat tomatsås,Linolensyra C18:3,Pizza paj pirog färdig smörgås,0.1,g
787,Wrap vetetortilla enchilada m. köttfärs majschips ost sallad paprika tomat tomatsås,Linolsyra C18:2,Pizza paj pirog färdig smörgås,0.5,g
787,Wrap vetetortilla enchilada m. köttfärs majschips ost sallad paprika tomat tomatsås,Oljesyra C18:1,Pizza paj pirog färdig smörgås,3.5,g
787,Wrap vetetortilla enchilada m. köttfärs majschips ost sallad paprika tomat tomatsås,Stearinsyra C18:0,Pizza paj pirog färdig smörgås,1.1,g
787,Wrap vetetortilla enchilada m. köttfärs majschips ost sallad paprika tomat tomatsås,Palmitoljesyra C16:1,Pizza paj pirog färdig smörgås,0.3,g
787,Wrap vetetortilla enchilada m. köttfärs majschips ost sallad paprika tomat tomatsås,Palmitinsyra C16:0,Pizza paj pirog färdig smörgås,2.7,g
787,Wrap vetetortilla enchilada m. köttfärs majschips ost sallad paprika tomat tomatsås,Myristinsyra C14:0,Pizza paj pirog färdig smörgås,0.4,g
787,Wrap vetetortilla enchilada m. köttfärs majschips ost sallad paprika tomat tomatsås,Laurinsyra C12:0,Pizza paj pirog färdig smörgås,0.1,g
787,Wrap vetetortilla enchilada m. köttfärs majschips ost sallad paprika tomat tomatsås,Betakaroten/β-Karoten,Pizza paj pirog färdig smörgås,317.0,µg
787,Wrap vetetortilla enchilada m. köttfärs majschips ost sallad paprika tomat tomatsås,Avfall (skal etc.),Pizza paj pirog färdig smörgås,0.0,%
787,Wrap vetetortilla enchilada m. köttfärs majschips ost sallad paprika tomat tomatsås,Aska,Pizza paj pirog färdig smörgås,1.8,g
787,Wrap vetetortilla enchilada m. köttfärs majschips ost sallad paprika tomat tomatsås,Alkohol,Pizza paj pirog färdig smörgås,0.0,g
788,Falafel m. pitabröd sallad sesamsås pepperoni,"Zink, Zn",Grönsaks- rotfrukts- baljväxträtter o produkter,0.7,mg
788,Falafel m. pitabröd sallad sesamsås pepperoni,Vitamin E,Grönsaks- rotfrukts- baljväxträtter o produkter,0.9,mg
788,Falafel m. pitabröd sallad sesamsås pepperoni,Vitamin D,Grönsaks- rotfrukts- baljväxträtter o produkter,0.2,µg
788,Falafel m. pitabröd sallad sesamsås pepperoni,Vitamin C,Grönsaks- rotfrukts- baljväxträtter o produkter,0.0,mg
788,Falafel m. pitabröd sallad sesamsås pepperoni,Vitamin B6,Grönsaks- rotfrukts- baljväxträtter o produkter,0.17,mg
788,Falafel m. pitabröd sallad sesamsås pepperoni,Vitamin B12,Grönsaks- rotfrukts- baljväxträtter o produkter,0.13,µg
788,Falafel m. pitabröd sallad sesamsås pepperoni,Vitamin A,Grönsaks- rotfrukts- baljväxträtter o produkter,9.1,RE/µg
788,Falafel m. pitabröd sallad sesamsås pepperoni,Vatten,Grönsaks- rotfrukts- baljväxträtter o produkter,65.5,g
788,Falafel m. pitabröd sallad sesamsås pepperoni,Tiamin,Grönsaks- rotfrukts- baljväxträtter o produkter,0.1,mg
788,Falafel m. pitabröd sallad sesamsås pepperoni,Tillsatt socker,Grönsaks- rotfrukts- baljväxträtter o produkter,2.0,g
788,Falafel m. pitabröd sallad sesamsås pepperoni,Fritt socker,Grönsaks- rotfrukts- baljväxträtter o produkter,2.0,g
788,Falafel m. pitabröd sallad sesamsås pepperoni,"Selen, Se",Grönsaks- rotfrukts- baljväxträtter o produkter,15.3,µg
788,Falafel m. pitabröd sallad sesamsås pepperoni,Sackaros,Grönsaks- rotfrukts- baljväxträtter o produkter,0.0,g
788,Falafel m. pitabröd sallad sesamsås pepperoni,Riboflavin,Grönsaks- rotfrukts- baljväxträtter o produkter,0.04,mg
788,Falafel m. pitabröd sallad sesamsås pepperoni,Retinol,Grönsaks- rotfrukts- baljväxträtter o produkter,0.0,µg
788,Falafel m. pitabröd sallad sesamsås pepperoni,Protein,Grönsaks- rotfrukts- baljväxträtter o produkter,5.2,g
788,Falafel m. pitabröd sallad sesamsås pepperoni,Summa fleromättade fettsyror,Grönsaks- rotfrukts- baljväxträtter o produkter,1.3,g
788,Falafel m. pitabröd sallad sesamsås pepperoni,"Fosfor, P",Grönsaks- rotfrukts- baljväxträtter o produkter,88.0,mg
788,Falafel m. pitabröd sallad sesamsås pepperoni,Niacinekvivalenter,Grönsaks- rotfrukts- baljväxträtter o produkter,1.6,NE/mg
788,Falafel m. pitabröd sallad sesamsås pepperoni,Niacin,Grönsaks- rotfrukts- baljväxträtter o produkter,0.73,mg
788,Falafel m. pitabröd sallad sesamsås pepperoni,"Salt, NaCl",Grönsaks- rotfrukts- baljväxträtter o produkter,1.4,g
788,Falafel m. pitabröd sallad sesamsås pepperoni,"Natrium, Na",Grönsaks- rotfrukts- baljväxträtter o produkter,573.0,mg
788,Falafel m. pitabröd sallad sesamsås pepperoni,Monosackarider,Grönsaks- rotfrukts- baljväxträtter o produkter,1.4,g
788,Falafel m. pitabröd sallad sesamsås pepperoni,"Sockerarter, totalt",Grönsaks- rotfrukts- baljväxträtter o produkter,2.0,g
788,Falafel m. pitabröd sallad sesamsås pepperoni,Summa enkelomättade fettsyror,Grönsaks- rotfrukts- baljväxträtter o produkter,2.3,g
788,Falafel m. pitabröd sallad sesamsås pepperoni,"Magnesium, Mg",Grönsaks- rotfrukts- baljväxträtter o produkter,35.0,mg
788,Falafel m. pitabröd sallad sesamsås pepperoni,Summa mättade fettsyror,Grönsaks- rotfrukts- baljväxträtter o produkter,0.9,g
788,Falafel m. pitabröd sallad sesamsås pepperoni,"Kolhydrater, tillgängliga",Grönsaks- rotfrukts- baljväxträtter o produkter,17.3,g
788,Falafel m. pitabröd sallad sesamsås pepperoni,Kolesterol,Grönsaks- rotfrukts- baljväxträtter o produkter,0.0,mg
788,Falafel m. pitabröd sallad sesamsås pepperoni,"Kalium, K",Grönsaks- rotfrukts- baljväxträtter o produkter,232.0,mg
788,Falafel m. pitabröd sallad sesamsås pepperoni,"Jod, I",Grönsaks- rotfrukts- baljväxträtter o produkter,1.4,µg
788,Falafel m. pitabröd sallad sesamsås pepperoni,Fullkorn totalt,Grönsaks- rotfrukts- baljväxträtter o produkter,0.0,g
788,Falafel m. pitabröd sallad sesamsås pepperoni,"Folat, totalt",Grönsaks- rotfrukts- baljväxträtter o produkter,24.1,µg
788,Falafel m. pitabröd sallad sesamsås pepperoni,Fibrer,Grönsaks- rotfrukts- baljväxträtter o produkter,4.2,g
788,Falafel m. pitabröd sallad sesamsås pepperoni,"Fett, totalt",Grönsaks- rotfrukts- baljväxträtter o produkter,5.7,g
788,Falafel m. pitabröd sallad sesamsås pepperoni,"Järn, Fe",Grönsaks- rotfrukts- baljväxträtter o produkter,1.6,mg
788,Falafel m. pitabröd sallad sesamsås pepperoni,Energi (kJ),Grönsaks- rotfrukts- baljväxträtter o produkter,627.0,kJ
788,Falafel m. pitabröd sallad sesamsås pepperoni,Energi (kcal),Grönsaks- rotfrukts- baljväxträtter o produkter,150.0,kcal
788,Falafel m. pitabröd sallad sesamsås pepperoni,Disackarider,Grönsaks- rotfrukts- baljväxträtter o produkter,0.6,g
788,Falafel m. pitabröd sallad sesamsås pepperoni,"Kalcium, Ca",Grönsaks- rotfrukts- baljväxträtter o produkter,282.0,mg
788,Falafel m. pitabröd sallad sesamsås pepperoni,Fettsyra 4:0-10:0,Grönsaks- rotfrukts- baljväxträtter o produkter,0.0,g
788,Falafel m. pitabröd sallad sesamsås pepperoni,DHA (C22:6),Grönsaks- rotfrukts- baljväxträtter o produkter,0.0,g
788,Falafel m. pitabröd sallad sesamsås pepperoni,DPA (C22:5),Grönsaks- rotfrukts- baljväxträtter o produkter,0.0,g
788,Falafel m. pitabröd sallad sesamsås pepperoni,EPA (C20:5),Grönsaks- rotfrukts- baljväxträtter o produkter,0.0,g
788,Falafel m. pitabröd sallad sesamsås pepperoni,Arakidonsyra C20:4,Grönsaks- rotfrukts- baljväxträtter o produkter,0.0,g
788,Falafel m. pitabröd sallad sesamsås pepperoni,Arakidinsyra C20:0,Grönsaks- rotfrukts- baljväxträtter o produkter,0.0,g
788,Falafel m. pitabröd sallad sesamsås pepperoni,Linolensyra C18:3,Grönsaks- rotfrukts- baljväxträtter o produkter,0.2,g
788,Falafel m. pitabröd sallad sesamsås pepperoni,Linolsyra C18:2,Grönsaks- rotfrukts- baljväxträtter o produkter,1.1,g
788,Falafel m. pitabröd sallad sesamsås pepperoni,Oljesyra C18:1,Grönsaks- rotfrukts- baljväxträtter o produkter,2.2,g
788,Falafel m. pitabröd sallad sesamsås pepperoni,Stearinsyra C18:0,Grönsaks- rotfrukts- baljväxträtter o produkter,0.2,g
788,Falafel m. pitabröd sallad sesamsås pepperoni,Palmitoljesyra C16:1,Grönsaks- rotfrukts- baljväxträtter o produkter,0.0,g
788,Falafel m. pitabröd sallad sesamsås pepperoni,Palmitinsyra C16:0,Grönsaks- rotfrukts- baljväxträtter o produkter,0.7,g
788,Falafel m. pitabröd sallad sesamsås pepperoni,Myristinsyra C14:0,Grönsaks- rotfrukts- baljväxträtter o produkter,0.0,g
788,Falafel m. pitabröd sallad sesamsås pepperoni,Laurinsyra C12:0,Grönsaks- rotfrukts- baljväxträtter o produkter,0.0,g
788,Falafel m. pitabröd sallad sesamsås pepperoni,Betakaroten/β-Karoten,Grönsaks- rotfrukts- baljväxträtter o produkter,110.0,µg
788,Falafel m. pitabröd sallad sesamsås pepperoni,Avfall (skal etc.),Grönsaks- rotfrukts- baljväxträtter o produkter,0.0,%
788,Falafel m. pitabröd sallad sesamsås pepperoni,Aska,Grönsaks- rotfrukts- baljväxträtter o produkter,2.1,g
788,Falafel m. pitabröd sallad sesamsås pepperoni,Alkohol,Grönsaks- rotfrukts- baljväxträtter o produkter,0.0,g
789,Paj m. ost skinka mellanmjölk matlagningsgrädde hemlagad,"Zink, Zn",Pizza paj pirog färdig smörgås,1.4,mg
789,Paj m. ost skinka mellanmjölk matlagningsgrädde hemlagad,Vitamin E,Pizza paj pirog färdig smörgås,3.1,mg
789,Paj m. ost skinka mellanmjölk matlagningsgrädde hemlagad,Vitamin D,Pizza paj pirog färdig smörgås,1.45,µg
789,Paj m. ost skinka mellanmjölk matlagningsgrädde hemlagad,Vitamin C,Pizza paj pirog färdig smörgås,0.5,mg
789,Paj m. ost skinka mellanmjölk matlagningsgrädde hemlagad,Vitamin B6,Pizza paj pirog färdig smörgås,0.1,mg
789,Paj m. ost skinka mellanmjölk matlagningsgrädde hemlagad,Vitamin B12,Pizza paj pirog färdig smörgås,0.55,µg
789,Paj m. ost skinka mellanmjölk matlagningsgrädde hemlagad,Vitamin A,Pizza paj pirog färdig smörgås,191.3,RE/µg
789,Paj m. ost skinka mellanmjölk matlagningsgrädde hemlagad,Vatten,Pizza paj pirog färdig smörgås,50.1,g
789,Paj m. ost skinka mellanmjölk matlagningsgrädde hemlagad,Tiamin,Pizza paj pirog färdig smörgås,0.21,mg
789,Paj m. ost skinka mellanmjölk matlagningsgrädde hemlagad,Tillsatt socker,Pizza paj pirog färdig smörgås,0.0,g
789,Paj m. ost skinka mellanmjölk matlagningsgrädde hemlagad,Fritt socker,Pizza paj pirog färdig smörgås,0.0,g
789,Paj m. ost skinka mellanmjölk matlagningsgrädde hemlagad,"Selen, Se",Pizza paj pirog färdig smörgås,9.8,µg
789,Paj m. ost skinka mellanmjölk matlagningsgrädde hemlagad,Sackaros,Pizza paj pirog färdig smörgås,0.1,g
789,Paj m. ost skinka mellanmjölk matlagningsgrädde hemlagad,Riboflavin,Pizza paj pirog färdig smörgås,0.2,mg
789,Paj m. ost skinka mellanmjölk matlagningsgrädde hemlagad,Retinol,Pizza paj pirog färdig smörgås,180.0,µg
789,Paj m. ost skinka mellanmjölk matlagningsgrädde hemlagad,Protein,Pizza paj pirog färdig smörgås,11.4,g
789,Paj m. ost skinka mellanmjölk matlagningsgrädde hemlagad,Summa fleromättade fettsyror,Pizza paj pirog färdig smörgås,2.6,g
789,Paj m. ost skinka mellanmjölk matlagningsgrädde hemlagad,"Fosfor, P",Pizza paj pirog färdig smörgås,174.0,mg
789,Paj m. ost skinka mellanmjölk matlagningsgrädde hemlagad,Niacinekvivalenter,Pizza paj pirog färdig smörgås,3.96,NE/mg
789,Paj m. ost skinka mellanmjölk matlagningsgrädde hemlagad,Niacin,Pizza paj pirog färdig smörgås,1.29,mg
789,Paj m. ost skinka mellanmjölk matlagningsgrädde hemlagad,"Salt, NaCl",Pizza paj pirog färdig smörgås,0.9,g
789,Paj m. ost skinka mellanmjölk matlagningsgrädde hemlagad,"Natrium, Na",Pizza paj pirog färdig smörgås,365.0,mg
789,Paj m. ost skinka mellanmjölk matlagningsgrädde hemlagad,Monosackarider,Pizza paj pirog färdig smörgås,0.2,g
789,Paj m. ost skinka mellanmjölk matlagningsgrädde hemlagad,"Sockerarter, totalt",Pizza paj pirog färdig smörgås,1.2,g
789,Paj m. ost skinka mellanmjölk matlagningsgrädde hemlagad,Summa enkelomättade fettsyror,Pizza paj pirog färdig smörgås,6.8,g
789,Paj m. ost skinka mellanmjölk matlagningsgrädde hemlagad,"Magnesium, Mg",Pizza paj pirog färdig smörgås,20.0,mg
789,Paj m. ost skinka mellanmjölk matlagningsgrädde hemlagad,Summa mättade fettsyror,Pizza paj pirog färdig smörgås,9.2,g
789,Paj m. ost skinka mellanmjölk matlagningsgrädde hemlagad,"Kolhydrater, tillgängliga",Pizza paj pirog färdig smörgås,15.0,g
789,Paj m. ost skinka mellanmjölk matlagningsgrädde hemlagad,Kolesterol,Pizza paj pirog färdig smörgås,83.0,mg
789,Paj m. ost skinka mellanmjölk matlagningsgrädde hemlagad,"Kalium, K",Pizza paj pirog färdig smörgås,150.0,mg
789,Paj m. ost skinka mellanmjölk matlagningsgrädde hemlagad,Fullkorn totalt,Pizza paj pirog färdig smörgås,0.0,g
789,Paj m. ost skinka mellanmjölk matlagningsgrädde hemlagad,"Folat, totalt",Pizza paj pirog färdig smörgås,30.9,µg
789,Paj m. ost skinka mellanmjölk matlagningsgrädde hemlagad,Fibrer,Pizza paj pirog färdig smörgås,2.1,g
789,Paj m. ost skinka mellanmjölk matlagningsgrädde hemlagad,"Fett, totalt",Pizza paj pirog färdig smörgås,19.8,g
789,Paj m. ost skinka mellanmjölk matlagningsgrädde hemlagad,"Järn, Fe",Pizza paj pirog färdig smörgås,0.6,mg
789,Paj m. ost skinka mellanmjölk matlagningsgrädde hemlagad,Energi (kJ),Pizza paj pirog färdig smörgås,1198.0,kJ
789,Paj m. ost skinka mellanmjölk matlagningsgrädde hemlagad,Energi (kcal),Pizza paj pirog färdig smörgås,286.0,kcal
789,Paj m. ost skinka mellanmjölk matlagningsgrädde hemlagad,Disackarider,Pizza paj pirog färdig smörgås,1.0,g
789,Paj m. ost skinka mellanmjölk matlagningsgrädde hemlagad,"Kalcium, Ca",Pizza paj pirog färdig smörgås,96.0,mg
789,Paj m. ost skinka mellanmjölk matlagningsgrädde hemlagad,Fettsyra 4:0-10:0,Pizza paj pirog färdig smörgås,0.6,g
789,Paj m. ost skinka mellanmjölk matlagningsgrädde hemlagad,DHA (C22:6),Pizza paj pirog färdig smörgås,0.0,g
789,Paj m. ost skinka mellanmjölk matlagningsgrädde hemlagad,DPA (C22:5),Pizza paj pirog färdig smörgås,0.0,g
789,Paj m. ost skinka mellanmjölk matlagningsgrädde hemlagad,EPA (C20:5),Pizza paj pirog färdig smörgås,0.0,g
789,Paj m. ost skinka mellanmjölk matlagningsgrädde hemlagad,Arakidonsyra C20:4,Pizza paj pirog färdig smörgås,0.0,g
789,Paj m. ost skinka mellanmjölk matlagningsgrädde hemlagad,Arakidinsyra C20:0,Pizza paj pirog färdig smörgås,0.1,g
789,Paj m. ost skinka mellanmjölk matlagningsgrädde hemlagad,Linolensyra C18:3,Pizza paj pirog färdig smörgås,0.3,g
789,Paj m. ost skinka mellanmjölk matlagningsgrädde hemlagad,Linolsyra C18:2,Pizza paj pirog färdig smörgås,2.2,g
789,Paj m. ost skinka mellanmjölk matlagningsgrädde hemlagad,Oljesyra C18:1,Pizza paj pirog färdig smörgås,6.4,g
789,Paj m. ost skinka mellanmjölk matlagningsgrädde hemlagad,Stearinsyra C18:0,Pizza paj pirog färdig smörgås,1.4,g
789,Paj m. ost skinka mellanmjölk matlagningsgrädde hemlagad,Palmitoljesyra C16:1,Pizza paj pirog färdig smörgås,0.2,g
789,Paj m. ost skinka mellanmjölk matlagningsgrädde hemlagad,Palmitinsyra C16:0,Pizza paj pirog färdig smörgås,5.5,g
789,Paj m. ost skinka mellanmjölk matlagningsgrädde hemlagad,Myristinsyra C14:0,Pizza paj pirog färdig smörgås,0.9,g
789,Paj m. ost skinka mellanmjölk matlagningsgrädde hemlagad,Laurinsyra C12:0,Pizza paj pirog färdig smörgås,0.6,g
789,Paj m. ost skinka mellanmjölk matlagningsgrädde hemlagad,Betakaroten/β-Karoten,Pizza paj pirog färdig smörgås,135.0,µg
789,Paj m. ost skinka mellanmjölk matlagningsgrädde hemlagad,Avfall (skal etc.),Pizza paj pirog färdig smörgås,0.0,%
789,Paj m. ost skinka mellanmjölk matlagningsgrädde hemlagad,Aska,Pizza paj pirog färdig smörgås,1.6,g
789,Paj m. ost skinka mellanmjölk matlagningsgrädde hemlagad,Alkohol,Pizza paj pirog färdig smörgås,0.0,g
792,Wrap vetetortilla m. fetaost oliver sallad vitlöksdressing,"Zink, Zn",Pizza paj pirog färdig smörgås,0.4,mg
792,Wrap vetetortilla m. fetaost oliver sallad vitlöksdressing,Vitamin E,Pizza paj pirog färdig smörgås,1.1,mg
792,Wrap vetetortilla m. fetaost oliver sallad vitlöksdressing,Vitamin D,Pizza paj pirog färdig smörgås,0.1,µg
792,Wrap vetetortilla m. fetaost oliver sallad vitlöksdressing,Vitamin C,Pizza paj pirog färdig smörgås,10.9,mg
792,Wrap vetetortilla m. fetaost oliver sallad vitlöksdressing,Vitamin B6,Pizza paj pirog färdig smörgås,0.09,mg
792,Wrap vetetortilla m. fetaost oliver sallad vitlöksdressing,Vitamin B12,Pizza paj pirog färdig smörgås,0.1,µg
792,Wrap vetetortilla m. fetaost oliver sallad vitlöksdressing,Vitamin A,Pizza paj pirog färdig smörgås,29.2,RE/µg
792,Wrap vetetortilla m. fetaost oliver sallad vitlöksdressing,Vatten,Pizza paj pirog färdig smörgås,62.7,g
792,Wrap vetetortilla m. fetaost oliver sallad vitlöksdressing,Tiamin,Pizza paj pirog färdig smörgås,0.1,mg
792,Wrap vetetortilla m. fetaost oliver sallad vitlöksdressing,Tillsatt socker,Pizza paj pirog färdig smörgås,0.0,g
792,Wrap vetetortilla m. fetaost oliver sallad vitlöksdressing,Fritt socker,Pizza paj pirog färdig smörgås,0.0,g
792,Wrap vetetortilla m. fetaost oliver sallad vitlöksdressing,"Selen, Se",Pizza paj pirog färdig smörgås,1.8,µg
792,Wrap vetetortilla m. fetaost oliver sallad vitlöksdressing,Sackaros,Pizza paj pirog färdig smörgås,0.0,g
792,Wrap vetetortilla m. fetaost oliver sallad vitlöksdressing,Riboflavin,Pizza paj pirog färdig smörgås,0.05,mg
792,Wrap vetetortilla m. fetaost oliver sallad vitlöksdressing,Retinol,Pizza paj pirog färdig smörgås,21.5,µg
792,Wrap vetetortilla m. fetaost oliver sallad vitlöksdressing,Protein,Pizza paj pirog färdig smörgås,5.1,g
792,Wrap vetetortilla m. fetaost oliver sallad vitlöksdressing,Summa fleromättade fettsyror,Pizza paj pirog färdig smörgås,1.0,g
792,Wrap vetetortilla m. fetaost oliver sallad vitlöksdressing,"Fosfor, P",Pizza paj pirog färdig smörgås,130.0,mg
792,Wrap vetetortilla m. fetaost oliver sallad vitlöksdressing,Niacinekvivalenter,Pizza paj pirog färdig smörgås,1.9,NE/mg
792,Wrap vetetortilla m. fetaost oliver sallad vitlöksdressing,Niacin,Pizza paj pirog färdig smörgås,0.69,mg
792,Wrap vetetortilla m. fetaost oliver sallad vitlöksdressing,"Salt, NaCl",Pizza paj pirog färdig smörgås,1.0,g
792,Wrap vetetortilla m. fetaost oliver sallad vitlöksdressing,"Natrium, Na",Pizza paj pirog färdig smörgås,388.0,mg
792,Wrap vetetortilla m. fetaost oliver sallad vitlöksdressing,Monosackarider,Pizza paj pirog färdig smörgås,0.4,g
792,Wrap vetetortilla m. fetaost oliver sallad vitlöksdressing,"Sockerarter, totalt",Pizza paj pirog färdig smörgås,0.9,g
792,Wrap vetetortilla m. fetaost oliver sallad vitlöksdressing,Summa enkelomättade fettsyror,Pizza paj pirog färdig smörgås,2.8,g
792,Wrap vetetortilla m. fetaost oliver sallad vitlöksdressing,"Magnesium, Mg",Pizza paj pirog färdig smörgås,14.0,mg
792,Wrap vetetortilla m. fetaost oliver sallad vitlöksdressing,Summa mättade fettsyror,Pizza paj pirog färdig smörgås,3.1,g
792,Wrap vetetortilla m. fetaost oliver sallad vitlöksdressing,"Kolhydrater, tillgängliga",Pizza paj pirog färdig smörgås,20.1,g
792,Wrap vetetortilla m. fetaost oliver sallad vitlöksdressing,Kolesterol,Pizza paj pirog färdig smörgås,8.5,mg
792,Wrap vetetortilla m. fetaost oliver sallad vitlöksdressing,"Kalium, K",Pizza paj pirog färdig smörgås,154.0,mg
792,Wrap vetetortilla m. fetaost oliver sallad vitlöksdressing,"Jod, I",Pizza paj pirog färdig smörgås,4.0,µg
792,Wrap vetetortilla m. fetaost oliver sallad vitlöksdressing,Fullkorn totalt,Pizza paj pirog färdig smörgås,0.0,g
792,Wrap vetetortilla m. fetaost oliver sallad vitlöksdressing,"Folat, totalt",Pizza paj pirog färdig smörgås,27.0,µg
792,Wrap vetetortilla m. fetaost oliver sallad vitlöksdressing,Fibrer,Pizza paj pirog färdig smörgås,2.9,g
792,Wrap vetetortilla m. fetaost oliver sallad vitlöksdressing,"Fett, totalt",Pizza paj pirog färdig smörgås,7.5,g
792,Wrap vetetortilla m. fetaost oliver sallad vitlöksdressing,"Järn, Fe",Pizza paj pirog färdig smörgås,1.8,mg
792,Wrap vetetortilla m. fetaost oliver sallad vitlöksdressing,Energi (kJ),Pizza paj pirog färdig smörgås,731.0,kJ
792,Wrap vetetortilla m. fetaost oliver sallad vitlöksdressing,Energi (kcal),Pizza paj pirog färdig smörgås,175.0,kcal
792,Wrap vetetortilla m. fetaost oliver sallad vitlöksdressing,Disackarider,Pizza paj pirog färdig smörgås,0.4,g
792,Wrap vetetortilla m. fetaost oliver sallad vitlöksdressing,"Kalcium, Ca",Pizza paj pirog färdig smörgås,96.0,mg
792,Wrap vetetortilla m. fetaost oliver sallad vitlöksdressing,Fettsyra 4:0-10:0,Pizza paj pirog färdig smörgås,0.2,g
792,Wrap vetetortilla m. fetaost oliver sallad vitlöksdressing,DHA (C22:6),Pizza paj pirog färdig smörgås,0.0,g
792,Wrap vetetortilla m. fetaost oliver sallad vitlöksdressing,DPA (C22:5),Pizza paj pirog färdig smörgås,0.0,g
792,Wrap vetetortilla m. fetaost oliver sallad vitlöksdressing,EPA (C20:5),Pizza paj pirog färdig smörgås,0.0,g
792,Wrap vetetortilla m. fetaost oliver sallad vitlöksdressing,Arakidonsyra C20:4,Pizza paj pirog färdig smörgås,0.0,g
792,Wrap vetetortilla m. fetaost oliver sallad vitlöksdressing,Arakidinsyra C20:0,Pizza paj pirog färdig smörgås,0.0,g
792,Wrap vetetortilla m. fetaost oliver sallad vitlöksdressing,Linolensyra C18:3,Pizza paj pirog färdig smörgås,0.2,g
792,Wrap vetetortilla m. fetaost oliver sallad vitlöksdressing,Linolsyra C18:2,Pizza paj pirog färdig smörgås,0.8,g
792,Wrap vetetortilla m. fetaost oliver sallad vitlöksdressing,Oljesyra C18:1,Pizza paj pirog färdig smörgås,2.7,g
792,Wrap vetetortilla m. fetaost oliver sallad vitlöksdressing,Stearinsyra C18:0,Pizza paj pirog färdig smörgås,0.6,g
792,Wrap vetetortilla m. fetaost oliver sallad vitlöksdressing,Palmitoljesyra C16:1,Pizza paj pirog färdig smörgås,0.0,g
792,Wrap vetetortilla m. fetaost oliver sallad vitlöksdressing,Palmitinsyra C16:0,Pizza paj pirog färdig smörgås,1.8,g
792,Wrap vetetortilla m. fetaost oliver sallad vitlöksdressing,Myristinsyra C14:0,Pizza paj pirog färdig smörgås,0.3,g
792,Wrap vetetortilla m. fetaost oliver sallad vitlöksdressing,Laurinsyra C12:0,Pizza paj pirog färdig smörgås,0.1,g
792,Wrap vetetortilla m. fetaost oliver sallad vitlöksdressing,Betakaroten/β-Karoten,Pizza paj pirog färdig smörgås,87.0,µg
792,Wrap vetetortilla m. fetaost oliver sallad vitlöksdressing,Avfall (skal etc.),Pizza paj pirog färdig smörgås,0.0,%
792,Wrap vetetortilla m. fetaost oliver sallad vitlöksdressing,Aska,Pizza paj pirog färdig smörgås,1.6,g
792,Wrap vetetortilla m. fetaost oliver sallad vitlöksdressing,Alkohol,Pizza paj pirog färdig smörgås,0.0,g
793,Matmuffins grov fullkorn m. getost fårost broccoli spenat soltorkade tomater,"Zink, Zn",Pizza paj pirog färdig smörgås,0.9,mg
793,Matmuffins grov fullkorn m. getost fårost broccoli spenat soltorkade tomater,Vitamin E,Pizza paj pirog färdig smörgås,3.6,mg
793,Matmuffins grov fullkorn m. getost fårost broccoli spenat soltorkade tomater,Vitamin D,Pizza paj pirog färdig smörgås,0.0,µg
793,Matmuffins grov fullkorn m. getost fårost broccoli spenat soltorkade tomater,Vitamin C,Pizza paj pirog färdig smörgås,0.0,mg
793,Matmuffins grov fullkorn m. getost fårost broccoli spenat soltorkade tomater,Vitamin B6,Pizza paj pirog färdig smörgås,0.2,mg
793,Matmuffins grov fullkorn m. getost fårost broccoli spenat soltorkade tomater,Vitamin B12,Pizza paj pirog färdig smörgås,0.21,µg
793,Matmuffins grov fullkorn m. getost fårost broccoli spenat soltorkade tomater,Vitamin A,Pizza paj pirog färdig smörgås,94.1,RE/µg
793,Matmuffins grov fullkorn m. getost fårost broccoli spenat soltorkade tomater,Vatten,Pizza paj pirog färdig smörgås,42.2,g
793,Matmuffins grov fullkorn m. getost fårost broccoli spenat soltorkade tomater,Tiamin,Pizza paj pirog färdig smörgås,0.12,mg
793,Matmuffins grov fullkorn m. getost fårost broccoli spenat soltorkade tomater,Tillsatt socker,Pizza paj pirog färdig smörgås,0.0,g
793,Matmuffins grov fullkorn m. getost fårost broccoli spenat soltorkade tomater,Fritt socker,Pizza paj pirog färdig smörgås,0.0,g
793,Matmuffins grov fullkorn m. getost fårost broccoli spenat soltorkade tomater,"Selen, Se",Pizza paj pirog färdig smörgås,4.4,µg
793,Matmuffins grov fullkorn m. getost fårost broccoli spenat soltorkade tomater,Sackaros,Pizza paj pirog färdig smörgås,1.4,g
793,Matmuffins grov fullkorn m. getost fårost broccoli spenat soltorkade tomater,Riboflavin,Pizza paj pirog färdig smörgås,0.19,mg
793,Matmuffins grov fullkorn m. getost fårost broccoli spenat soltorkade tomater,Retinol,Pizza paj pirog färdig smörgås,79.3,µg
793,Matmuffins grov fullkorn m. getost fårost broccoli spenat soltorkade tomater,Protein,Pizza paj pirog färdig smörgås,9.5,g
793,Matmuffins grov fullkorn m. getost fårost broccoli spenat soltorkade tomater,Summa fleromättade fettsyror,Pizza paj pirog färdig smörgås,3.5,g
793,Matmuffins grov fullkorn m. getost fårost broccoli spenat soltorkade tomater,"Fosfor, P",Pizza paj pirog färdig smörgås,344.0,mg
793,Matmuffins grov fullkorn m. getost fårost broccoli spenat soltorkade tomater,Niacinekvivalenter,Pizza paj pirog färdig smörgås,3.0,NE/mg
793,Matmuffins grov fullkorn m. getost fårost broccoli spenat soltorkade tomater,Niacin,Pizza paj pirog färdig smörgås,1.43,mg
793,Matmuffins grov fullkorn m. getost fårost broccoli spenat soltorkade tomater,"Salt, NaCl",Pizza paj pirog färdig smörgås,1.8,g
793,Matmuffins grov fullkorn m. getost fårost broccoli spenat soltorkade tomater,"Natrium, Na",Pizza paj pirog färdig smörgås,724.0,mg
793,Matmuffins grov fullkorn m. getost fårost broccoli spenat soltorkade tomater,Monosackarider,Pizza paj pirog färdig smörgås,0.7,g
793,Matmuffins grov fullkorn m. getost fårost broccoli spenat soltorkade tomater,"Sockerarter, totalt",Pizza paj pirog färdig smörgås,3.5,g
793,Matmuffins grov fullkorn m. getost fårost broccoli spenat soltorkade tomater,Summa enkelomättade fettsyror,Pizza paj pirog färdig smörgås,7.6,g
793,Matmuffins grov fullkorn m. getost fårost broccoli spenat soltorkade tomater,"Magnesium, Mg",Pizza paj pirog färdig smörgås,41.0,mg
793,Matmuffins grov fullkorn m. getost fårost broccoli spenat soltorkade tomater,Summa mättade fettsyror,Pizza paj pirog färdig smörgås,3.9,g
793,Matmuffins grov fullkorn m. getost fårost broccoli spenat soltorkade tomater,"Kolhydrater, tillgängliga",Pizza paj pirog färdig smörgås,26.0,g
793,Matmuffins grov fullkorn m. getost fårost broccoli spenat soltorkade tomater,Kolesterol,Pizza paj pirog färdig smörgås,38.2,mg
793,Matmuffins grov fullkorn m. getost fårost broccoli spenat soltorkade tomater,"Kalium, K",Pizza paj pirog färdig smörgås,251.0,mg
793,Matmuffins grov fullkorn m. getost fårost broccoli spenat soltorkade tomater,"Jod, I",Pizza paj pirog färdig smörgås,13.6,µg
793,Matmuffins grov fullkorn m. getost fårost broccoli spenat soltorkade tomater,Fullkorn totalt,Pizza paj pirog färdig smörgås,20.0,g
793,Matmuffins grov fullkorn m. getost fårost broccoli spenat soltorkade tomater,"Folat, totalt",Pizza paj pirog färdig smörgås,44.7,µg
793,Matmuffins grov fullkorn m. getost fårost broccoli spenat soltorkade tomater,Fibrer,Pizza paj pirog färdig smörgås,3.4,g
793,Matmuffins grov fullkorn m. getost fårost broccoli spenat soltorkade tomater,"Fett, totalt",Pizza paj pirog färdig smörgås,16.0,g
793,Matmuffins grov fullkorn m. getost fårost broccoli spenat soltorkade tomater,"Järn, Fe",Pizza paj pirog färdig smörgås,1.6,mg
793,Matmuffins grov fullkorn m. getost fårost broccoli spenat soltorkade tomater,Energi (kJ),Pizza paj pirog färdig smörgås,1222.0,kJ
793,Matmuffins grov fullkorn m. getost fårost broccoli spenat soltorkade tomater,Energi (kcal),Pizza paj pirog färdig smörgås,292.0,kcal
793,Matmuffins grov fullkorn m. getost fårost broccoli spenat soltorkade tomater,Disackarider,Pizza paj pirog färdig smörgås,2.9,g
793,Matmuffins grov fullkorn m. getost fårost broccoli spenat soltorkade tomater,"Kalcium, Ca",Pizza paj pirog färdig smörgås,214.0,mg
793,Matmuffins grov fullkorn m. getost fårost broccoli spenat soltorkade tomater,Fettsyra 4:0-10:0,Pizza paj pirog färdig smörgås,0.6,g
793,Matmuffins grov fullkorn m. getost fårost broccoli spenat soltorkade tomater,DHA (C22:6),Pizza paj pirog färdig smörgås,0.0,g
793,Matmuffins grov fullkorn m. getost fårost broccoli spenat soltorkade tomater,DPA (C22:5),Pizza paj pirog färdig smörgås,0.0,g
793,Matmuffins grov fullkorn m. getost fårost broccoli spenat soltorkade tomater,EPA (C20:5),Pizza paj pirog färdig smörgås,0.0,g
793,Matmuffins grov fullkorn m. getost fårost broccoli spenat soltorkade tomater,Arakidonsyra C20:4,Pizza paj pirog färdig smörgås,0.0,g
793,Matmuffins grov fullkorn m. getost fårost broccoli spenat soltorkade tomater,Arakidinsyra C20:0,Pizza paj pirog färdig smörgås,0.1,g
793,Matmuffins grov fullkorn m. getost fårost broccoli spenat soltorkade tomater,Linolensyra C18:3,Pizza paj pirog färdig smörgås,1.0,g
793,Matmuffins grov fullkorn m. getost fårost broccoli spenat soltorkade tomater,Linolsyra C18:2,Pizza paj pirog färdig smörgås,2.5,g
793,Matmuffins grov fullkorn m. getost fårost broccoli spenat soltorkade tomater,Oljesyra C18:1,Pizza paj pirog färdig smörgås,7.3,g
793,Matmuffins grov fullkorn m. getost fårost broccoli spenat soltorkade tomater,Stearinsyra C18:0,Pizza paj pirog färdig smörgås,0.7,g
793,Matmuffins grov fullkorn m. getost fårost broccoli spenat soltorkade tomater,Palmitoljesyra C16:1,Pizza paj pirog färdig smörgås,0.1,g
793,Matmuffins grov fullkorn m. getost fårost broccoli spenat soltorkade tomater,Palmitinsyra C16:0,Pizza paj pirog färdig smörgås,1.8,g
793,Matmuffins grov fullkorn m. getost fårost broccoli spenat soltorkade tomater,Myristinsyra C14:0,Pizza paj pirog färdig smörgås,0.4,g
793,Matmuffins grov fullkorn m. getost fårost broccoli spenat soltorkade tomater,Laurinsyra C12:0,Pizza paj pirog färdig smörgås,0.2,g
793,Matmuffins grov fullkorn m. getost fårost broccoli spenat soltorkade tomater,Betakaroten/β-Karoten,Pizza paj pirog färdig smörgås,178.0,µg
793,Matmuffins grov fullkorn m. getost fårost broccoli spenat soltorkade tomater,Avfall (skal etc.),Pizza paj pirog färdig smörgås,0.0,%
793,Matmuffins grov fullkorn m. getost fårost broccoli spenat soltorkade tomater,Aska,Pizza paj pirog färdig smörgås,2.9,g
793,Matmuffins grov fullkorn m. getost fårost broccoli spenat soltorkade tomater,Alkohol,Pizza paj pirog färdig smörgås,0.0,g
795,Pizzapålägg m. tomatsås skinka champinjoner hårdost,"Zink, Zn",Köttprodukter kötträtter,1.6,mg
795,Pizzapålägg m. tomatsås skinka champinjoner hårdost,Vitamin E,Köttprodukter kötträtter,1.7,mg
795,Pizzapålägg m. tomatsås skinka champinjoner hårdost,Vitamin D,Köttprodukter kötträtter,0.18,µg
795,Pizzapålägg m. tomatsås skinka champinjoner hårdost,Vitamin C,Köttprodukter kötträtter,4.6,mg
795,Pizzapålägg m. tomatsås skinka champinjoner hårdost,Vitamin B6,Köttprodukter kötträtter,0.15,mg
795,Pizzapålägg m. tomatsås skinka champinjoner hårdost,Vitamin B12,Köttprodukter kötträtter,0.54,µg
795,Pizzapålägg m. tomatsås skinka champinjoner hårdost,Vitamin A,Köttprodukter kötträtter,72.5,RE/µg
795,Pizzapålägg m. tomatsås skinka champinjoner hårdost,Vatten,Köttprodukter kötträtter,69.4,g
795,Pizzapålägg m. tomatsås skinka champinjoner hårdost,Tiamin,Köttprodukter kötträtter,0.16,mg
795,Pizzapålägg m. tomatsås skinka champinjoner hårdost,Tillsatt socker,Köttprodukter kötträtter,1.0,g
795,Pizzapålägg m. tomatsås skinka champinjoner hårdost,Fritt socker,Köttprodukter kötträtter,1.0,g
795,Pizzapålägg m. tomatsås skinka champinjoner hårdost,"Selen, Se",Köttprodukter kötträtter,8.7,µg
795,Pizzapålägg m. tomatsås skinka champinjoner hårdost,Sackaros,Köttprodukter kötträtter,0.6,g
795,Pizzapålägg m. tomatsås skinka champinjoner hårdost,Riboflavin,Köttprodukter kötträtter,0.24,mg
795,Pizzapålägg m. tomatsås skinka champinjoner hårdost,Retinol,Köttprodukter kötträtter,50.9,µg
795,Pizzapålägg m. tomatsås skinka champinjoner hårdost,Protein,Köttprodukter kötträtter,10.8,g
795,Pizzapålägg m. tomatsås skinka champinjoner hårdost,Summa fleromättade fettsyror,Köttprodukter kötträtter,0.6,g
795,Pizzapålägg m. tomatsås skinka champinjoner hårdost,"Fosfor, P",Köttprodukter kötträtter,166.0,mg
795,Pizzapålägg m. tomatsås skinka champinjoner hårdost,Niacinekvivalenter,Köttprodukter kötträtter,4.18,NE/mg
795,Pizzapålägg m. tomatsås skinka champinjoner hårdost,Niacin,Köttprodukter kötträtter,1.99,mg
795,Pizzapålägg m. tomatsås skinka champinjoner hårdost,"Salt, NaCl",Köttprodukter kötträtter,1.6,g
795,Pizzapålägg m. tomatsås skinka champinjoner hårdost,"Natrium, Na",Köttprodukter kötträtter,630.0,mg
795,Pizzapålägg m. tomatsås skinka champinjoner hårdost,Monosackarider,Köttprodukter kötträtter,2.9,g
795,Pizzapålägg m. tomatsås skinka champinjoner hårdost,"Sockerarter, totalt",Köttprodukter kötträtter,3.5,g
795,Pizzapålägg m. tomatsås skinka champinjoner hårdost,Summa enkelomättade fettsyror,Köttprodukter kötträtter,3.9,g
795,Pizzapålägg m. tomatsås skinka champinjoner hårdost,"Magnesium, Mg",Köttprodukter kötträtter,23.0,mg
795,Pizzapålägg m. tomatsås skinka champinjoner hårdost,Summa mättade fettsyror,Köttprodukter kötträtter,4.3,g
795,Pizzapålägg m. tomatsås skinka champinjoner hårdost,"Kolhydrater, tillgängliga",Köttprodukter kötträtter,5.3,g
795,Pizzapålägg m. tomatsås skinka champinjoner hårdost,Kolesterol,Köttprodukter kötträtter,25.5,mg
795,Pizzapålägg m. tomatsås skinka champinjoner hårdost,"Kalium, K",Köttprodukter kötträtter,252.0,mg
795,Pizzapålägg m. tomatsås skinka champinjoner hårdost,"Jod, I",Köttprodukter kötträtter,31.4,µg
795,Pizzapålägg m. tomatsås skinka champinjoner hårdost,Fullkorn totalt,Köttprodukter kötträtter,0.0,g
795,Pizzapålägg m. tomatsås skinka champinjoner hårdost,"Folat, totalt",Köttprodukter kötträtter,24.6,µg
795,Pizzapålägg m. tomatsås skinka champinjoner hårdost,Fibrer,Köttprodukter kötträtter,1.6,g
795,Pizzapålägg m. tomatsås skinka champinjoner hårdost,"Fett, totalt",Köttprodukter kötträtter,9.5,g
795,Pizzapålägg m. tomatsås skinka champinjoner hårdost,"Järn, Fe",Köttprodukter kötträtter,0.7,mg
795,Pizzapålägg m. tomatsås skinka champinjoner hårdost,Energi (kJ),Köttprodukter kötträtter,639.0,kJ
795,Pizzapålägg m. tomatsås skinka champinjoner hårdost,Energi (kcal),Köttprodukter kötträtter,153.0,kcal
795,Pizzapålägg m. tomatsås skinka champinjoner hårdost,Disackarider,Köttprodukter kötträtter,0.7,g
795,Pizzapålägg m. tomatsås skinka champinjoner hårdost,"Kalcium, Ca",Köttprodukter kötträtter,173.0,mg
795,Pizzapålägg m. tomatsås skinka champinjoner hårdost,Fettsyra 4:0-10:0,Köttprodukter kötträtter,0.5,g
795,Pizzapålägg m. tomatsås skinka champinjoner hårdost,DHA (C22:6),Köttprodukter kötträtter,0.0,g
795,Pizzapålägg m. tomatsås skinka champinjoner hårdost,DPA (C22:5),Köttprodukter kötträtter,0.0,g
795,Pizzapålägg m. tomatsås skinka champinjoner hårdost,EPA (C20:5),Köttprodukter kötträtter,0.0,g
795,Pizzapålägg m. tomatsås skinka champinjoner hårdost,Arakidonsyra C20:4,Köttprodukter kötträtter,0.0,g
795,Pizzapålägg m. tomatsås skinka champinjoner hårdost,Arakidinsyra C20:0,Köttprodukter kötträtter,0.0,g
795,Pizzapålägg m. tomatsås skinka champinjoner hårdost,Linolensyra C18:3,Köttprodukter kötträtter,0.1,g
795,Pizzapålägg m. tomatsås skinka champinjoner hårdost,Linolsyra C18:2,Köttprodukter kötträtter,0.5,g
795,Pizzapålägg m. tomatsås skinka champinjoner hårdost,Oljesyra C18:1,Köttprodukter kötträtter,3.7,g
795,Pizzapålägg m. tomatsås skinka champinjoner hårdost,Stearinsyra C18:0,Köttprodukter kötträtter,0.7,g
795,Pizzapålägg m. tomatsås skinka champinjoner hårdost,Palmitoljesyra C16:1,Köttprodukter kötträtter,0.1,g
795,Pizzapålägg m. tomatsås skinka champinjoner hårdost,Palmitinsyra C16:0,Köttprodukter kötträtter,2.1,g
795,Pizzapålägg m. tomatsås skinka champinjoner hårdost,Myristinsyra C14:0,Köttprodukter kötträtter,0.6,g
795,Pizzapålägg m. tomatsås skinka champinjoner hårdost,Laurinsyra C12:0,Köttprodukter kötträtter,0.2,g
795,Pizzapålägg m. tomatsås skinka champinjoner hårdost,Betakaroten/β-Karoten,Köttprodukter kötträtter,250.0,µg
795,Pizzapålägg m. tomatsås skinka champinjoner hårdost,Avfall (skal etc.),Köttprodukter kötträtter,0.0,%
795,Pizzapålägg m. tomatsås skinka champinjoner hårdost,Aska,Köttprodukter kötträtter,3.3,g
795,Pizzapålägg m. tomatsås skinka champinjoner hårdost,Alkohol,Köttprodukter kötträtter,0.0,g
796,Paj m. ost skinka mellanmjölk hemlagad,"Zink, Zn",Pizza paj pirog färdig smörgås,1.3,mg
796,Paj m. ost skinka mellanmjölk hemlagad,Vitamin E,Pizza paj pirog färdig smörgås,2.3,mg
796,Paj m. ost skinka mellanmjölk hemlagad,Vitamin D,Pizza paj pirog färdig smörgås,1.21,µg
796,Paj m. ost skinka mellanmjölk hemlagad,Vitamin C,Pizza paj pirog färdig smörgås,0.9,mg
796,Paj m. ost skinka mellanmjölk hemlagad,Vitamin B6,Pizza paj pirog färdig smörgås,0.1,mg
796,Paj m. ost skinka mellanmjölk hemlagad,Vitamin B12,Pizza paj pirog färdig smörgås,0.58,µg
796,Paj m. ost skinka mellanmjölk hemlagad,Vitamin A,Pizza paj pirog färdig smörgås,151.8,RE/µg
796,Paj m. ost skinka mellanmjölk hemlagad,Vatten,Pizza paj pirog färdig smörgås,57.7,g
796,Paj m. ost skinka mellanmjölk hemlagad,Tiamin,Pizza paj pirog färdig smörgås,0.09,mg
796,Paj m. ost skinka mellanmjölk hemlagad,Tillsatt socker,Pizza paj pirog färdig smörgås,0.0,g
796,Paj m. ost skinka mellanmjölk hemlagad,Fritt socker,Pizza paj pirog färdig smörgås,0.0,g
796,Paj m. ost skinka mellanmjölk hemlagad,"Selen, Se",Pizza paj pirog färdig smörgås,6.9,µg
796,Paj m. ost skinka mellanmjölk hemlagad,Sackaros,Pizza paj pirog färdig smörgås,0.2,g
796,Paj m. ost skinka mellanmjölk hemlagad,Riboflavin,Pizza paj pirog färdig smörgås,0.15,mg
796,Paj m. ost skinka mellanmjölk hemlagad,Retinol,Pizza paj pirog färdig smörgås,144.3,µg
796,Paj m. ost skinka mellanmjölk hemlagad,Protein,Pizza paj pirog färdig smörgås,10.0,g
796,Paj m. ost skinka mellanmjölk hemlagad,Summa fleromättade fettsyror,Pizza paj pirog färdig smörgås,2.2,g
796,Paj m. ost skinka mellanmjölk hemlagad,"Fosfor, P",Pizza paj pirog färdig smörgås,179.0,mg
796,Paj m. ost skinka mellanmjölk hemlagad,Niacinekvivalenter,Pizza paj pirog färdig smörgås,2.72,NE/mg
796,Paj m. ost skinka mellanmjölk hemlagad,Niacin,Pizza paj pirog färdig smörgås,0.61,mg
796,Paj m. ost skinka mellanmjölk hemlagad,"Salt, NaCl",Pizza paj pirog färdig smörgås,1.3,g
796,Paj m. ost skinka mellanmjölk hemlagad,"Natrium, Na",Pizza paj pirog färdig smörgås,516.0,mg
796,Paj m. ost skinka mellanmjölk hemlagad,Monosackarider,Pizza paj pirog färdig smörgås,0.3,g
796,Paj m. ost skinka mellanmjölk hemlagad,"Sockerarter, totalt",Pizza paj pirog färdig smörgås,2.0,g
796,Paj m. ost skinka mellanmjölk hemlagad,Summa enkelomättade fettsyror,Pizza paj pirog färdig smörgås,5.4,g
796,Paj m. ost skinka mellanmjölk hemlagad,"Magnesium, Mg",Pizza paj pirog färdig smörgås,19.0,mg
796,Paj m. ost skinka mellanmjölk hemlagad,Summa mättade fettsyror,Pizza paj pirog färdig smörgås,7.1,g
796,Paj m. ost skinka mellanmjölk hemlagad,"Kolhydrater, tillgängliga",Pizza paj pirog färdig smörgås,13.3,g
796,Paj m. ost skinka mellanmjölk hemlagad,Kolesterol,Pizza paj pirog färdig smörgås,69.3,mg
796,Paj m. ost skinka mellanmjölk hemlagad,"Kalium, K",Pizza paj pirog färdig smörgås,152.0,mg
796,Paj m. ost skinka mellanmjölk hemlagad,"Jod, I",Pizza paj pirog färdig smörgås,32.0,µg
796,Paj m. ost skinka mellanmjölk hemlagad,Fullkorn totalt,Pizza paj pirog färdig smörgås,4.0,g
796,Paj m. ost skinka mellanmjölk hemlagad,"Folat, totalt",Pizza paj pirog färdig smörgås,14.9,µg
796,Paj m. ost skinka mellanmjölk hemlagad,Fibrer,Pizza paj pirog färdig smörgås,1.1,g
796,Paj m. ost skinka mellanmjölk hemlagad,"Fett, totalt",Pizza paj pirog färdig smörgås,15.6,g
796,Paj m. ost skinka mellanmjölk hemlagad,"Järn, Fe",Pizza paj pirog färdig smörgås,0.6,mg
796,Paj m. ost skinka mellanmjölk hemlagad,Energi (kJ),Pizza paj pirog färdig smörgås,982.0,kJ
796,Paj m. ost skinka mellanmjölk hemlagad,Energi (kcal),Pizza paj pirog färdig smörgås,235.0,kcal
796,Paj m. ost skinka mellanmjölk hemlagad,Disackarider,Pizza paj pirog färdig smörgås,1.6,g
796,Paj m. ost skinka mellanmjölk hemlagad,"Kalcium, Ca",Pizza paj pirog färdig smörgås,139.0,mg
796,Paj m. ost skinka mellanmjölk hemlagad,Fettsyra 4:0-10:0,Pizza paj pirog färdig smörgås,0.6,g
796,Paj m. ost skinka mellanmjölk hemlagad,DHA (C22:6),Pizza paj pirog färdig smörgås,0.0,g
796,Paj m. ost skinka mellanmjölk hemlagad,DPA (C22:5),Pizza paj pirog färdig smörgås,0.0,g
796,Paj m. ost skinka mellanmjölk hemlagad,EPA (C20:5),Pizza paj pirog färdig smörgås,0.0,g
796,Paj m. ost skinka mellanmjölk hemlagad,Arakidonsyra C20:4,Pizza paj pirog färdig smörgås,0.0,g
796,Paj m. ost skinka mellanmjölk hemlagad,Arakidinsyra C20:0,Pizza paj pirog färdig smörgås,0.0,g
796,Paj m. ost skinka mellanmjölk hemlagad,Linolensyra C18:3,Pizza paj pirog färdig smörgås,0.5,g
796,Paj m. ost skinka mellanmjölk hemlagad,Linolsyra C18:2,Pizza paj pirog färdig smörgås,1.5,g
796,Paj m. ost skinka mellanmjölk hemlagad,Oljesyra C18:1,Pizza paj pirog färdig smörgås,5.3,g
796,Paj m. ost skinka mellanmjölk hemlagad,Stearinsyra C18:0,Pizza paj pirog färdig smörgås,1.0,g
796,Paj m. ost skinka mellanmjölk hemlagad,Palmitoljesyra C16:1,Pizza paj pirog färdig smörgås,0.1,g
796,Paj m. ost skinka mellanmjölk hemlagad,Palmitinsyra C16:0,Pizza paj pirog färdig smörgås,4.1,g
796,Paj m. ost skinka mellanmjölk hemlagad,Myristinsyra C14:0,Pizza paj pirog färdig smörgås,0.7,g
796,Paj m. ost skinka mellanmjölk hemlagad,Laurinsyra C12:0,Pizza paj pirog färdig smörgås,0.4,g
796,Paj m. ost skinka mellanmjölk hemlagad,Betakaroten/β-Karoten,Pizza paj pirog färdig smörgås,68.0,µg
796,Paj m. ost skinka mellanmjölk hemlagad,Avfall (skal etc.),Pizza paj pirog färdig smörgås,2.0,%
796,Paj m. ost skinka mellanmjölk hemlagad,Aska,Pizza paj pirog färdig smörgås,2.2,g
796,Paj m. ost skinka mellanmjölk hemlagad,Alkohol,Pizza paj pirog färdig smörgås,0.0,g
797,Smörgåstårta el. landgång,"Zink, Zn",Pizza paj pirog färdig smörgås,0.6,mg
797,Smörgåstårta el. landgång,Vitamin E,Pizza paj pirog färdig smörgås,3.0,mg
797,Smörgåstårta el. landgång,Vitamin D,Pizza paj pirog färdig smörgås,0.39,µg
797,Smörgåstårta el. landgång,Vitamin C,Pizza paj pirog färdig smörgås,3.9,mg
797,Smörgåstårta el. landgång,Vitamin B6,Pizza paj pirog färdig smörgås,0.1,mg
797,Smörgåstårta el. landgång,Vitamin B12,Pizza paj pirog färdig smörgås,0.55,µg
797,Smörgåstårta el. landgång,Vitamin A,Pizza paj pirog färdig smörgås,69.8,RE/µg
797,Smörgåstårta el. landgång,Vatten,Pizza paj pirog färdig smörgås,57.2,g
797,Smörgåstårta el. landgång,Tiamin,Pizza paj pirog färdig smörgås,0.1,mg
797,Smörgåstårta el. landgång,Tillsatt socker,Pizza paj pirog färdig smörgås,1.0,g
797,Smörgåstårta el. landgång,Fritt socker,Pizza paj pirog färdig smörgås,1.0,g
797,Smörgåstårta el. landgång,"Selen, Se",Pizza paj pirog färdig smörgås,10.2,µg
797,Smörgåstårta el. landgång,Sackaros,Pizza paj pirog färdig smörgås,0.1,g
797,Smörgåstårta el. landgång,Riboflavin,Pizza paj pirog färdig smörgås,0.1,mg
797,Smörgåstårta el. landgång,Retinol,Pizza paj pirog färdig smörgås,57.6,µg
797,Smörgåstårta el. landgång,Protein,Pizza paj pirog färdig smörgås,8.7,g
797,Smörgåstårta el. landgång,Summa fleromättade fettsyror,Pizza paj pirog färdig smörgås,2.2,g
797,Smörgåstårta el. landgång,"Fosfor, P",Pizza paj pirog färdig smörgås,107.0,mg
797,Smörgåstårta el. landgång,Niacinekvivalenter,Pizza paj pirog färdig smörgås,3.25,NE/mg
797,Smörgåstårta el. landgång,Niacin,Pizza paj pirog färdig smörgås,1.59,mg
797,Smörgåstårta el. landgång,"Salt, NaCl",Pizza paj pirog färdig smörgås,1.3,g
797,Smörgåstårta el. landgång,"Natrium, Na",Pizza paj pirog färdig smörgås,503.0,mg
797,Smörgåstårta el. landgång,Monosackarider,Pizza paj pirog färdig smörgås,0.6,g
797,Smörgåstårta el. landgång,"Sockerarter, totalt",Pizza paj pirog färdig smörgås,2.5,g
797,Smörgåstårta el. landgång,Summa enkelomättade fettsyror,Pizza paj pirog färdig smörgås,7.4,g
797,Smörgåstårta el. landgång,"Magnesium, Mg",Pizza paj pirog färdig smörgås,17.0,mg
797,Smörgåstårta el. landgång,Summa mättade fettsyror,Pizza paj pirog färdig smörgås,4.6,g
797,Smörgåstårta el. landgång,"Kolhydrater, tillgängliga",Pizza paj pirog färdig smörgås,15.1,g
797,Smörgåstårta el. landgång,Kolesterol,Pizza paj pirog färdig smörgås,47.5,mg
797,Smörgåstårta el. landgång,"Kalium, K",Pizza paj pirog färdig smörgås,144.0,mg
797,Smörgåstårta el. landgång,"Jod, I",Pizza paj pirog färdig smörgås,33.7,µg
797,Smörgåstårta el. landgång,Fullkorn totalt,Pizza paj pirog färdig smörgås,0.0,g
797,Smörgåstårta el. landgång,"Folat, totalt",Pizza paj pirog färdig smörgås,26.9,µg
797,Smörgåstårta el. landgång,Fibrer,Pizza paj pirog färdig smörgås,1.8,g
797,Smörgåstårta el. landgång,"Fett, totalt",Pizza paj pirog färdig smörgås,15.5,g
797,Smörgåstårta el. landgång,"Järn, Fe",Pizza paj pirog färdig smörgås,0.6,mg
797,Smörgåstårta el. landgång,Energi (kJ),Pizza paj pirog färdig smörgås,991.0,kJ
797,Smörgåstårta el. landgång,Energi (kcal),Pizza paj pirog färdig smörgås,237.0,kcal
797,Smörgåstårta el. landgång,Disackarider,Pizza paj pirog färdig smörgås,1.8,g
797,Smörgåstårta el. landgång,"Kalcium, Ca",Pizza paj pirog färdig smörgås,57.0,mg
797,Smörgåstårta el. landgång,Fettsyra 4:0-10:0,Pizza paj pirog färdig smörgås,0.4,g
797,Smörgåstårta el. landgång,DHA (C22:6),Pizza paj pirog färdig smörgås,0.0,g
797,Smörgåstårta el. landgång,DPA (C22:5),Pizza paj pirog färdig smörgås,0.0,g
797,Smörgåstårta el. landgång,EPA (C20:5),Pizza paj pirog färdig smörgås,0.0,g
797,Smörgåstårta el. landgång,Arakidonsyra C20:4,Pizza paj pirog färdig smörgås,0.0,g
797,Smörgåstårta el. landgång,Arakidinsyra C20:0,Pizza paj pirog färdig smörgås,0.1,g
797,Smörgåstårta el. landgång,Linolensyra C18:3,Pizza paj pirog färdig smörgås,0.5,g
797,Smörgåstårta el. landgång,Linolsyra C18:2,Pizza paj pirog färdig smörgås,1.6,g
797,Smörgåstårta el. landgång,Oljesyra C18:1,Pizza paj pirog färdig smörgås,7.1,g
797,Smörgåstårta el. landgång,Stearinsyra C18:0,Pizza paj pirog färdig smörgås,0.8,g
797,Smörgåstårta el. landgång,Palmitoljesyra C16:1,Pizza paj pirog färdig smörgås,0.1,g
797,Smörgåstårta el. landgång,Palmitinsyra C16:0,Pizza paj pirog färdig smörgås,2.4,g
797,Smörgåstårta el. landgång,Myristinsyra C14:0,Pizza paj pirog färdig smörgås,0.6,g
797,Smörgåstårta el. landgång,Laurinsyra C12:0,Pizza paj pirog färdig smörgås,0.2,g
797,Smörgåstårta el. landgång,Betakaroten/β-Karoten,Pizza paj pirog färdig smörgås,141.0,µg
797,Smörgåstårta el. landgång,Avfall (skal etc.),Pizza paj pirog färdig smörgås,5.0,%
797,Smörgåstårta el. landgång,Aska,Pizza paj pirog färdig smörgås,1.8,g
797,Smörgåstårta el. landgång,Alkohol,Pizza paj pirog färdig smörgås,0.0,g
804,Råris kokt m. salt,"Zink, Zn",Ris risnudlar,0.6,mg
804,Råris kokt m. salt,Vitamin E,Ris risnudlar,0.2,mg
804,Råris kokt m. salt,Vitamin D inkl 25-OH-D3,Ris risnudlar,0.0,µg
804,Råris kokt m. salt,Vitamin D,Ris risnudlar,0.0,µg
804,Råris kokt m. salt,Vitamin C,Ris risnudlar,0.0,mg
804,Råris kokt m. salt,Vitamin B6,Ris risnudlar,0.15,mg
804,Råris kokt m. salt,Vitamin B12,Ris risnudlar,0.0,µg
804,Råris kokt m. salt,Vitamin A,Ris risnudlar,0.0,RE/µg
804,Råris kokt m. salt,Vatten,Ris risnudlar,72.9,g
804,Råris kokt m. salt,Tiamin,Ris risnudlar,0.11,mg
804,Råris kokt m. salt,Tillsatt socker,Ris risnudlar,0.0,g
804,Råris kokt m. salt,Fritt socker,Ris risnudlar,0.0,g
804,Råris kokt m. salt,"Selen, Se",Ris risnudlar,0.0,µg
804,Råris kokt m. salt,Sackaros,Ris risnudlar,0.3,g
804,Råris kokt m. salt,Riboflavin,Ris risnudlar,0.02,mg
804,Råris kokt m. salt,Retinol,Ris risnudlar,0.0,µg
804,Råris kokt m. salt,Protein,Ris risnudlar,2.5,g
804,Råris kokt m. salt,Summa fleromättade fettsyror,Ris risnudlar,0.4,g
804,Råris kokt m. salt,"Fosfor, P",Ris risnudlar,87.0,mg
804,Råris kokt m. salt,Niacinekvivalenter,Ris risnudlar,1.82,NE/mg
804,Råris kokt m. salt,Niacin,Ris risnudlar,1.4,mg
804,Råris kokt m. salt,"Salt, NaCl",Ris risnudlar,0.7,g
804,Råris kokt m. salt,"Natrium, Na",Ris risnudlar,280.0,mg
804,Råris kokt m. salt,Monosackarider,Ris risnudlar,0.2,g
804,Råris kokt m. salt,"Sockerarter, totalt",Ris risnudlar,0.5,g
804,Råris kokt m. salt,Summa enkelomättade fettsyror,Ris risnudlar,0.3,g
804,Råris kokt m. salt,"Magnesium, Mg",Ris risnudlar,43.0,mg
804,Råris kokt m. salt,Summa mättade fettsyror,Ris risnudlar,0.2,g
804,Råris kokt m. salt,"Kolhydrater, tillgängliga",Ris risnudlar,21.3,g
804,Råris kokt m. salt,Kolesterol,Ris risnudlar,0.0,mg
804,Råris kokt m. salt,"Kalium, K",Ris risnudlar,74.0,mg
804,Råris kokt m. salt,"Jod, I",Ris risnudlar,22.0,µg
804,Råris kokt m. salt,Fullkorn totalt,Ris risnudlar,0.0,g
804,Råris kokt m. salt,"Folat, totalt",Ris risnudlar,4.0,µg
804,Råris kokt m. salt,Fibrer,Ris risnudlar,1.3,g
804,Råris kokt m. salt,"Fett, totalt",Ris risnudlar,0.9,g
804,Råris kokt m. salt,"Järn, Fe",Ris risnudlar,0.5,mg
804,Råris kokt m. salt,Energi (kJ),Ris risnudlar,448.0,kJ
804,Råris kokt m. salt,Energi (kcal),Ris risnudlar,107.0,kcal
804,Råris kokt m. salt,Disackarider,Ris risnudlar,0.3,g
804,Råris kokt m. salt,"Kalcium, Ca",Ris risnudlar,8.0,mg
804,Råris kokt m. salt,Fettsyra 4:0-10:0,Ris risnudlar,0.0,g
804,Råris kokt m. salt,DHA (C22:6),Ris risnudlar,0.0,g
804,Råris kokt m. salt,DPA (C22:5),Ris risnudlar,0.0,g
804,Råris kokt m. salt,EPA (C20:5),Ris risnudlar,0.0,g
804,Råris kokt m. salt,Arakidonsyra C20:4,Ris risnudlar,0.0,g
804,Råris kokt m. salt,Arakidinsyra C20:0,Ris risnudlar,0.0,g
804,Råris kokt m. salt,Linolensyra C18:3,Ris risnudlar,0.0,g
804,Råris kokt m. salt,Linolsyra C18:2,Ris risnudlar,0.4,g
804,Råris kokt m. salt,Oljesyra C18:1,Ris risnudlar,0.3,g
804,Råris kokt m. salt,Stearinsyra C18:0,Ris risnudlar,0.0,g
804,Råris kokt m. salt,Palmitoljesyra C16:1,Ris risnudlar,0.0,g
804,Råris kokt m. salt,Palmitinsyra C16:0,Ris risnudlar,0.2,g
804,Råris kokt m. salt,Myristinsyra C14:0,Ris risnudlar,0.0,g
804,Råris kokt m. salt,Laurinsyra C12:0,Ris risnudlar,0.0,g
804,Råris kokt m. salt,Betakaroten/β-Karoten,Ris risnudlar,0.0,µg
804,Råris kokt m. salt,Avfall (skal etc.),Ris risnudlar,0.0,%
804,Råris kokt m. salt,Aska,Ris risnudlar,1.1,g
804,Råris kokt m. salt,Alkohol,Ris risnudlar,0.0,g
810,Rismjöl vitt,"Zink, Zn",Mjöl stärkelse kli,1.0,mg
810,Rismjöl vitt,Vitamin E,Mjöl stärkelse kli,0.0,mg
810,Rismjöl vitt,Vitamin D inkl 25-OH-D3,Mjöl stärkelse kli,0.0,µg
810,Rismjöl vitt,Vitamin D,Mjöl stärkelse kli,0.0,µg
810,Rismjöl vitt,Vitamin C,Mjöl stärkelse kli,0.0,mg
810,Rismjöl vitt,Vitamin B6,Mjöl stärkelse kli,0.44,mg
810,Rismjöl vitt,Vitamin B12,Mjöl stärkelse kli,0.0,µg
810,Rismjöl vitt,Vitamin A,Mjöl stärkelse kli,0.0,RE/µg
810,Rismjöl vitt,Vatten,Mjöl stärkelse kli,10.9,g
810,Rismjöl vitt,Tiamin,Mjöl stärkelse kli,0.14,mg
810,Rismjöl vitt,Tillsatt socker,Mjöl stärkelse kli,0.0,g
810,Rismjöl vitt,Fritt socker,Mjöl stärkelse kli,0.0,g
810,Rismjöl vitt,"Selen, Se",Mjöl stärkelse kli,0.0,µg
810,Rismjöl vitt,Sackaros,Mjöl stärkelse kli,0.1,g
810,Rismjöl vitt,Riboflavin,Mjöl stärkelse kli,0.02,mg
810,Rismjöl vitt,Retinol,Mjöl stärkelse kli,0.0,µg
810,Rismjöl vitt,Protein,Mjöl stärkelse kli,5.8,g
810,Rismjöl vitt,Summa fleromättade fettsyror,Mjöl stärkelse kli,0.2,g
810,Rismjöl vitt,"Fosfor, P",Mjöl stärkelse kli,98.0,mg
810,Rismjöl vitt,Niacinekvivalenter,Mjöl stärkelse kli,3.58,NE/mg
810,Rismjöl vitt,Niacin,Mjöl stärkelse kli,2.59,mg
810,Rismjöl vitt,"Salt, NaCl",Mjöl stärkelse kli,0.0,g
810,Rismjöl vitt,"Natrium, Na",Mjöl stärkelse kli,5.0,mg
810,Rismjöl vitt,Monosackarider,Mjöl stärkelse kli,0.1,g
810,Rismjöl vitt,"Sockerarter, totalt",Mjöl stärkelse kli,0.2,g
810,Rismjöl vitt,Summa enkelomättade fettsyror,Mjöl stärkelse kli,0.1,g
810,Rismjöl vitt,"Magnesium, Mg",Mjöl stärkelse kli,27.0,mg
810,Rismjöl vitt,Summa mättade fettsyror,Mjöl stärkelse kli,0.1,g
810,Rismjöl vitt,"Kolhydrater, tillgängliga",Mjöl stärkelse kli,80.2,g
810,Rismjöl vitt,Kolesterol,Mjöl stärkelse kli,0.0,mg
810,Rismjöl vitt,"Kalium, K",Mjöl stärkelse kli,82.0,mg
810,Rismjöl vitt,"Jod, I",Mjöl stärkelse kli,0.0,µg
810,Rismjöl vitt,Fullkorn totalt,Mjöl stärkelse kli,0.0,g
810,Rismjöl vitt,"Folat, totalt",Mjöl stärkelse kli,4.0,µg
810,Rismjöl vitt,Fibrer,Mjöl stärkelse kli,2.1,g
810,Rismjöl vitt,"Fett, totalt",Mjöl stärkelse kli,0.5,g
810,Rismjöl vitt,"Järn, Fe",Mjöl stärkelse kli,0.2,mg
810,Rismjöl vitt,Energi (kJ),Mjöl stärkelse kli,1499.0,kJ
810,Rismjöl vitt,Energi (kcal),Mjöl stärkelse kli,358.0,kcal
810,Rismjöl vitt,Disackarider,Mjöl stärkelse kli,0.1,g
810,Rismjöl vitt,"Kalcium, Ca",Mjöl stärkelse kli,6.0,mg
810,Rismjöl vitt,Fettsyra 4:0-10:0,Mjöl stärkelse kli,0.0,g
810,Rismjöl vitt,DHA (C22:6),Mjöl stärkelse kli,0.0,g
810,Rismjöl vitt,DPA (C22:5),Mjöl stärkelse kli,0.0,g
810,Rismjöl vitt,EPA (C20:5),Mjöl stärkelse kli,0.0,g
810,Rismjöl vitt,Arakidonsyra C20:4,Mjöl stärkelse kli,0.0,g
810,Rismjöl vitt,Arakidinsyra C20:0,Mjöl stärkelse kli,0.0,g
810,Rismjöl vitt,Linolensyra C18:3,Mjöl stärkelse kli,0.0,g
810,Rismjöl vitt,Linolsyra C18:2,Mjöl stärkelse kli,0.2,g
810,Rismjöl vitt,Oljesyra C18:1,Mjöl stärkelse kli,0.1,g
810,Rismjöl vitt,Stearinsyra C18:0,Mjöl stärkelse kli,0.0,g
810,Rismjöl vitt,Palmitoljesyra C16:1,Mjöl stärkelse kli,0.0,g
810,Rismjöl vitt,Palmitinsyra C16:0,Mjöl stärkelse kli,0.1,g
810,Rismjöl vitt,Myristinsyra C14:0,Mjöl stärkelse kli,0.0,g
810,Rismjöl vitt,Laurinsyra C12:0,Mjöl stärkelse kli,0.0,g
810,Rismjöl vitt,Betakaroten/β-Karoten,Mjöl stärkelse kli,0.0,µg
810,Rismjöl vitt,Avfall (skal etc.),Mjöl stärkelse kli,0.0,%
810,Rismjöl vitt,Aska,Mjöl stärkelse kli,0.4,g
810,Rismjöl vitt,Alkohol,Mjöl stärkelse kli,0.0,g
811,Risdiet flingor,"Zink, Zn",Kost- o näringspreparat,0.8,mg
811,Risdiet flingor,Vitamin E,Kost- o näringspreparat,0.1,mg
811,Risdiet flingor,Vitamin D inkl 25-OH-D3,Kost- o näringspreparat,0.0,µg
811,Risdiet flingor,Vitamin D,Kost- o näringspreparat,0.0,µg
811,Risdiet flingor,Vitamin C,Kost- o näringspreparat,0.0,mg
811,Risdiet flingor,Vitamin B6,Kost- o näringspreparat,0.44,mg
811,Risdiet flingor,Vitamin B12,Kost- o näringspreparat,0.0,µg
811,Risdiet flingor,Vitamin A,Kost- o näringspreparat,0.0,RE/µg
811,Risdiet flingor,Vatten,Kost- o näringspreparat,8.4,g
811,Risdiet flingor,Tiamin,Kost- o näringspreparat,0.14,mg
811,Risdiet flingor,Tillsatt socker,Kost- o näringspreparat,0.0,g
811,Risdiet flingor,Fritt socker,Kost- o näringspreparat,0.0,g
811,Risdiet flingor,"Selen, Se",Kost- o näringspreparat,2.0,µg
811,Risdiet flingor,Sackaros,Kost- o näringspreparat,0.3,g
811,Risdiet flingor,Riboflavin,Kost- o näringspreparat,0.02,mg
811,Risdiet flingor,Retinol,Kost- o näringspreparat,0.0,µg
811,Risdiet flingor,Protein,Kost- o näringspreparat,7.0,g
811,Risdiet flingor,Summa fleromättade fettsyror,Kost- o näringspreparat,0.4,g
811,Risdiet flingor,"Fosfor, P",Kost- o näringspreparat,98.0,mg
811,Risdiet flingor,Niacinekvivalenter,Kost- o näringspreparat,3.76,NE/mg
811,Risdiet flingor,Niacin,Kost- o näringspreparat,2.59,mg
811,Risdiet flingor,"Salt, NaCl",Kost- o näringspreparat,0.0,g
811,Risdiet flingor,"Natrium, Na",Kost- o näringspreparat,0.0,mg
811,Risdiet flingor,Monosackarider,Kost- o näringspreparat,0.0,g
811,Risdiet flingor,"Sockerarter, totalt",Kost- o näringspreparat,0.3,g
811,Risdiet flingor,Summa enkelomättade fettsyror,Kost- o näringspreparat,0.3,g
811,Risdiet flingor,"Magnesium, Mg",Kost- o näringspreparat,35.0,mg
811,Risdiet flingor,Summa mättade fettsyror,Kost- o näringspreparat,0.3,g
811,Risdiet flingor,"Kolhydrater, tillgängliga",Kost- o näringspreparat,80.9,g
811,Risdiet flingor,Kolesterol,Kost- o näringspreparat,0.0,mg
811,Risdiet flingor,"Kalium, K",Kost- o näringspreparat,76.0,mg
811,Risdiet flingor,Fullkorn totalt,Kost- o näringspreparat,0.0,g
811,Risdiet flingor,"Folat, totalt",Kost- o näringspreparat,4.0,µg
811,Risdiet flingor,Fibrer,Kost- o näringspreparat,2.1,g
811,Risdiet flingor,"Fett, totalt",Kost- o näringspreparat,1.1,g
811,Risdiet flingor,"Järn, Fe",Kost- o näringspreparat,0.4,mg
811,Risdiet flingor,Energi (kJ),Kost- o näringspreparat,1552.0,kJ
811,Risdiet flingor,Energi (kcal),Kost- o näringspreparat,371.0,kcal
811,Risdiet flingor,Disackarider,Kost- o näringspreparat,0.3,g
811,Risdiet flingor,"Kalcium, Ca",Kost- o näringspreparat,10.0,mg
811,Risdiet flingor,Fettsyra 4:0-10:0,Kost- o näringspreparat,0.0,g
811,Risdiet flingor,DHA (C22:6),Kost- o näringspreparat,0.0,g
811,Risdiet flingor,DPA (C22:5),Kost- o näringspreparat,0.0,g
811,Risdiet flingor,EPA (C20:5),Kost- o näringspreparat,0.0,g
811,Risdiet flingor,Arakidonsyra C20:4,Kost- o näringspreparat,0.0,g
811,Risdiet flingor,Arakidinsyra C20:0,Kost- o näringspreparat,0.0,g
811,Risdiet flingor,Linolensyra C18:3,Kost- o näringspreparat,0.0,g
811,Risdiet flingor,Linolsyra C18:2,Kost- o näringspreparat,0.4,g
811,Risdiet flingor,Oljesyra C18:1,Kost- o näringspreparat,0.3,g
811,Risdiet flingor,Stearinsyra C18:0,Kost- o näringspreparat,0.0,g
811,Risdiet flingor,Palmitoljesyra C16:1,Kost- o näringspreparat,0.0,g
811,Risdiet flingor,Palmitinsyra C16:0,Kost- o näringspreparat,0.2,g
811,Risdiet flingor,Myristinsyra C14:0,Kost- o näringspreparat,0.0,g
811,Risdiet flingor,Laurinsyra C12:0,Kost- o näringspreparat,0.0,g
811,Risdiet flingor,Betakaroten/β-Karoten,Kost- o näringspreparat,0.0,µg
811,Risdiet flingor,Avfall (skal etc.),Kost- o näringspreparat,0.0,%
811,Risdiet flingor,Aska,Kost- o näringspreparat,0.5,g
811,Risdiet flingor,Alkohol,Kost- o näringspreparat,0.0,g
814,Ris kinesiskt asiatiskt kokt u. salt tillagad på restaurang,"Zink, Zn",Ris risnudlar,0.6,mg
814,Ris kinesiskt asiatiskt kokt u. salt tillagad på restaurang,Vitamin E,Ris risnudlar,0.1,mg
814,Ris kinesiskt asiatiskt kokt u. salt tillagad på restaurang,Vitamin D inkl 25-OH-D3,Ris risnudlar,0.0,µg
814,Ris kinesiskt asiatiskt kokt u. salt tillagad på restaurang,Vitamin D,Ris risnudlar,0.0,µg
814,Ris kinesiskt asiatiskt kokt u. salt tillagad på restaurang,Vitamin C,Ris risnudlar,0.0,mg
814,Ris kinesiskt asiatiskt kokt u. salt tillagad på restaurang,Vitamin B6,Ris risnudlar,0.03,mg
814,Ris kinesiskt asiatiskt kokt u. salt tillagad på restaurang,Vitamin B12,Ris risnudlar,0.0,µg
814,Ris kinesiskt asiatiskt kokt u. salt tillagad på restaurang,Vitamin A,Ris risnudlar,0.8,RE/µg
814,Ris kinesiskt asiatiskt kokt u. salt tillagad på restaurang,Vatten,Ris risnudlar,65.8,g
814,Ris kinesiskt asiatiskt kokt u. salt tillagad på restaurang,Tiamin,Ris risnudlar,0.01,mg
814,Ris kinesiskt asiatiskt kokt u. salt tillagad på restaurang,Tillsatt socker,Ris risnudlar,0.0,g
814,Ris kinesiskt asiatiskt kokt u. salt tillagad på restaurang,Fritt socker,Ris risnudlar,0.0,g
814,Ris kinesiskt asiatiskt kokt u. salt tillagad på restaurang,"Selen, Se",Ris risnudlar,1.6,µg
814,Ris kinesiskt asiatiskt kokt u. salt tillagad på restaurang,Sackaros,Ris risnudlar,0.0,g
814,Ris kinesiskt asiatiskt kokt u. salt tillagad på restaurang,Riboflavin,Ris risnudlar,0.0,mg
814,Ris kinesiskt asiatiskt kokt u. salt tillagad på restaurang,Retinol,Ris risnudlar,0.0,µg
814,Ris kinesiskt asiatiskt kokt u. salt tillagad på restaurang,Protein,Ris risnudlar,2.7,g
814,Ris kinesiskt asiatiskt kokt u. salt tillagad på restaurang,Summa fleromättade fettsyror,Ris risnudlar,0.4,g
814,Ris kinesiskt asiatiskt kokt u. salt tillagad på restaurang,"Fosfor, P",Ris risnudlar,28.0,mg
814,Ris kinesiskt asiatiskt kokt u. salt tillagad på restaurang,Niacinekvivalenter,Ris risnudlar,0.6,NE/mg
814,Ris kinesiskt asiatiskt kokt u. salt tillagad på restaurang,Niacin,Ris risnudlar,0.19,mg
814,Ris kinesiskt asiatiskt kokt u. salt tillagad på restaurang,"Salt, NaCl",Ris risnudlar,0.0,g
814,Ris kinesiskt asiatiskt kokt u. salt tillagad på restaurang,"Natrium, Na",Ris risnudlar,10.0,mg
814,Ris kinesiskt asiatiskt kokt u. salt tillagad på restaurang,Monosackarider,Ris risnudlar,0.0,g
814,Ris kinesiskt asiatiskt kokt u. salt tillagad på restaurang,"Sockerarter, totalt",Ris risnudlar,0.0,g
814,Ris kinesiskt asiatiskt kokt u. salt tillagad på restaurang,Summa enkelomättade fettsyror,Ris risnudlar,0.3,g
814,Ris kinesiskt asiatiskt kokt u. salt tillagad på restaurang,"Magnesium, Mg",Ris risnudlar,4.0,mg
814,Ris kinesiskt asiatiskt kokt u. salt tillagad på restaurang,Summa mättade fettsyror,Ris risnudlar,0.2,g
814,Ris kinesiskt asiatiskt kokt u. salt tillagad på restaurang,"Kolhydrater, tillgängliga",Ris risnudlar,30.1,g
814,Ris kinesiskt asiatiskt kokt u. salt tillagad på restaurang,Kolesterol,Ris risnudlar,0.0,mg
814,Ris kinesiskt asiatiskt kokt u. salt tillagad på restaurang,"Kalium, K",Ris risnudlar,20.0,mg
814,Ris kinesiskt asiatiskt kokt u. salt tillagad på restaurang,"Jod, I",Ris risnudlar,1.2,µg
814,Ris kinesiskt asiatiskt kokt u. salt tillagad på restaurang,Fullkorn totalt,Ris risnudlar,0.0,g
814,Ris kinesiskt asiatiskt kokt u. salt tillagad på restaurang,"Folat, totalt",Ris risnudlar,13.4,µg
814,Ris kinesiskt asiatiskt kokt u. salt tillagad på restaurang,Fibrer,Ris risnudlar,0.0,g
814,Ris kinesiskt asiatiskt kokt u. salt tillagad på restaurang,"Fett, totalt",Ris risnudlar,1.2,g
814,Ris kinesiskt asiatiskt kokt u. salt tillagad på restaurang,"Järn, Fe",Ris risnudlar,0.0,mg
814,Ris kinesiskt asiatiskt kokt u. salt tillagad på restaurang,Energi (kJ),Ris risnudlar,601.0,kJ
814,Ris kinesiskt asiatiskt kokt u. salt tillagad på restaurang,Energi (kcal),Ris risnudlar,144.0,kcal
814,Ris kinesiskt asiatiskt kokt u. salt tillagad på restaurang,Disackarider,Ris risnudlar,0.0,g
814,Ris kinesiskt asiatiskt kokt u. salt tillagad på restaurang,"Kalcium, Ca",Ris risnudlar,2.0,mg
814,Ris kinesiskt asiatiskt kokt u. salt tillagad på restaurang,Fettsyra 4:0-10:0,Ris risnudlar,0.0,g
814,Ris kinesiskt asiatiskt kokt u. salt tillagad på restaurang,DHA (C22:6),Ris risnudlar,0.0,g
814,Ris kinesiskt asiatiskt kokt u. salt tillagad på restaurang,DPA (C22:5),Ris risnudlar,0.0,g
814,Ris kinesiskt asiatiskt kokt u. salt tillagad på restaurang,EPA (C20:5),Ris risnudlar,0.0,g
814,Ris kinesiskt asiatiskt kokt u. salt tillagad på restaurang,Arakidonsyra C20:4,Ris risnudlar,0.0,g
814,Ris kinesiskt asiatiskt kokt u. salt tillagad på restaurang,Arakidinsyra C20:0,Ris risnudlar,0.0,g
814,Ris kinesiskt asiatiskt kokt u. salt tillagad på restaurang,Linolensyra C18:3,Ris risnudlar,0.0,g
814,Ris kinesiskt asiatiskt kokt u. salt tillagad på restaurang,Linolsyra C18:2,Ris risnudlar,0.4,g
814,Ris kinesiskt asiatiskt kokt u. salt tillagad på restaurang,Oljesyra C18:1,Ris risnudlar,0.3,g
814,Ris kinesiskt asiatiskt kokt u. salt tillagad på restaurang,Stearinsyra C18:0,Ris risnudlar,0.0,g
814,Ris kinesiskt asiatiskt kokt u. salt tillagad på restaurang,Palmitoljesyra C16:1,Ris risnudlar,0.0,g
814,Ris kinesiskt asiatiskt kokt u. salt tillagad på restaurang,Palmitinsyra C16:0,Ris risnudlar,0.2,g
814,Ris kinesiskt asiatiskt kokt u. salt tillagad på restaurang,Myristinsyra C14:0,Ris risnudlar,0.0,g
814,Ris kinesiskt asiatiskt kokt u. salt tillagad på restaurang,Laurinsyra C12:0,Ris risnudlar,0.0,g
814,Ris kinesiskt asiatiskt kokt u. salt tillagad på restaurang,Betakaroten/β-Karoten,Ris risnudlar,0.0,µg
814,Ris kinesiskt asiatiskt kokt u. salt tillagad på restaurang,Avfall (skal etc.),Ris risnudlar,0.0,%
814,Ris kinesiskt asiatiskt kokt u. salt tillagad på restaurang,Aska,Ris risnudlar,0.2,g
814,Ris kinesiskt asiatiskt kokt u. salt tillagad på restaurang,Alkohol,Ris risnudlar,0.0,g
817,Ris vildris okokt,"Zink, Zn",Ris risnudlar,6.0,mg
817,Ris vildris okokt,Vitamin E,Ris risnudlar,0.0,mg
817,Ris vildris okokt,Vitamin D inkl 25-OH-D3,Ris risnudlar,0.0,µg
817,Ris vildris okokt,Vitamin D,Ris risnudlar,0.0,µg
817,Ris vildris okokt,Vitamin C,Ris risnudlar,0.0,mg
817,Ris vildris okokt,Vitamin B6,Ris risnudlar,0.39,mg
817,Ris vildris okokt,Vitamin B12,Ris risnudlar,0.0,µg
817,Ris vildris okokt,Vitamin A,Ris risnudlar,0.0,RE/µg
817,Ris vildris okokt,Vatten,Ris risnudlar,7.8,g
817,Ris vildris okokt,Tiamin,Ris risnudlar,0.12,mg
817,Ris vildris okokt,Tillsatt socker,Ris risnudlar,0.0,g
817,Ris vildris okokt,Fritt socker,Ris risnudlar,0.0,g
817,Ris vildris okokt,"Selen, Se",Ris risnudlar,2.8,µg
817,Ris vildris okokt,Sackaros,Ris risnudlar,3.2,g
817,Ris vildris okokt,Riboflavin,Ris risnudlar,0.26,mg
817,Ris vildris okokt,Retinol,Ris risnudlar,0.0,µg
817,Ris vildris okokt,Protein,Ris risnudlar,14.7,g
817,Ris vildris okokt,Summa fleromättade fettsyror,Ris risnudlar,0.7,g
817,Ris vildris okokt,"Fosfor, P",Ris risnudlar,433.0,mg
817,Ris vildris okokt,Niacinekvivalenter,Ris risnudlar,9.19,NE/mg
817,Ris vildris okokt,Niacin,Ris risnudlar,6.73,mg
817,Ris vildris okokt,"Salt, NaCl",Ris risnudlar,0.0,g
817,Ris vildris okokt,"Natrium, Na",Ris risnudlar,7.0,mg
817,Ris vildris okokt,Monosackarider,Ris risnudlar,0.0,g
817,Ris vildris okokt,"Sockerarter, totalt",Ris risnudlar,3.2,g
817,Ris vildris okokt,Summa enkelomättade fettsyror,Ris risnudlar,0.2,g
817,Ris vildris okokt,"Magnesium, Mg",Ris risnudlar,177.0,mg
817,Ris vildris okokt,Summa mättade fettsyror,Ris risnudlar,0.2,g
817,Ris vildris okokt,"Kolhydrater, tillgängliga",Ris risnudlar,68.7,g
817,Ris vildris okokt,Kolesterol,Ris risnudlar,0.0,mg
817,Ris vildris okokt,"Kalium, K",Ris risnudlar,427.0,mg
817,Ris vildris okokt,"Jod, I",Ris risnudlar,2.0,µg
817,Ris vildris okokt,Fullkorn totalt,Ris risnudlar,0.0,g
817,Ris vildris okokt,"Folat, totalt",Ris risnudlar,95.0,µg
817,Ris vildris okokt,Fibrer,Ris risnudlar,6.2,g
817,Ris vildris okokt,"Fett, totalt",Ris risnudlar,1.1,g
817,Ris vildris okokt,"Järn, Fe",Ris risnudlar,2.0,mg
817,Ris vildris okokt,Energi (kJ),Ris risnudlar,1508.0,kJ
817,Ris vildris okokt,Energi (kcal),Ris risnudlar,360.0,kcal
817,Ris vildris okokt,Disackarider,Ris risnudlar,3.2,g
817,Ris vildris okokt,"Kalcium, Ca",Ris risnudlar,21.0,mg
817,Ris vildris okokt,Fettsyra 4:0-10:0,Ris risnudlar,0.0,g
817,Ris vildris okokt,DHA (C22:6),Ris risnudlar,0.0,g
817,Ris vildris okokt,DPA (C22:5),Ris risnudlar,0.0,g
817,Ris vildris okokt,EPA (C20:5),Ris risnudlar,0.0,g
817,Ris vildris okokt,Arakidonsyra C20:4,Ris risnudlar,0.0,g
817,Ris vildris okokt,Arakidinsyra C20:0,Ris risnudlar,0.0,g
817,Ris vildris okokt,Linolensyra C18:3,Ris risnudlar,0.3,g
817,Ris vildris okokt,Linolsyra C18:2,Ris risnudlar,0.4,g
817,Ris vildris okokt,Oljesyra C18:1,Ris risnudlar,0.2,g
817,Ris vildris okokt,Stearinsyra C18:0,Ris risnudlar,0.0,g
817,Ris vildris okokt,Palmitoljesyra C16:1,Ris risnudlar,0.0,g
817,Ris vildris okokt,Palmitinsyra C16:0,Ris risnudlar,0.1,g
817,Ris vildris okokt,Myristinsyra C14:0,Ris risnudlar,0.0,g
817,Ris vildris okokt,Laurinsyra C12:0,Ris risnudlar,0.0,g
817,Ris vildris okokt,Betakaroten/β-Karoten,Ris risnudlar,0.0,µg
817,Ris vildris okokt,Avfall (skal etc.),Ris risnudlar,0.0,%
817,Ris vildris okokt,Aska,Ris risnudlar,1.5,g
817,Ris vildris okokt,Alkohol,Ris risnudlar,0.0,g
818,Ris vildris kokt m. salt,"Zink, Zn",Ris risnudlar,1.3,mg
818,Ris vildris kokt m. salt,Vitamin E,Ris risnudlar,0.0,mg
818,Ris vildris kokt m. salt,Vitamin D inkl 25-OH-D3,Ris risnudlar,0.0,µg
818,Ris vildris kokt m. salt,Vitamin D,Ris risnudlar,0.0,µg
818,Ris vildris kokt m. salt,Vitamin C,Ris risnudlar,0.0,mg
818,Ris vildris kokt m. salt,Vitamin B6,Ris risnudlar,0.14,mg
818,Ris vildris kokt m. salt,Vitamin B12,Ris risnudlar,0.0,µg
818,Ris vildris kokt m. salt,Vitamin A,Ris risnudlar,0.0,RE/µg
818,Ris vildris kokt m. salt,Vatten,Ris risnudlar,73.9,g
818,Ris vildris kokt m. salt,Tiamin,Ris risnudlar,0.05,mg
818,Ris vildris kokt m. salt,Tillsatt socker,Ris risnudlar,0.0,g
818,Ris vildris kokt m. salt,Fritt socker,Ris risnudlar,0.0,g
818,Ris vildris kokt m. salt,"Selen, Se",Ris risnudlar,0.8,µg
818,Ris vildris kokt m. salt,Sackaros,Ris risnudlar,0.7,g
818,Ris vildris kokt m. salt,Riboflavin,Ris risnudlar,0.09,mg
818,Ris vildris kokt m. salt,Retinol,Ris risnudlar,0.0,µg
818,Ris vildris kokt m. salt,Protein,Ris risnudlar,4.0,g
818,Ris vildris kokt m. salt,Summa fleromättade fettsyror,Ris risnudlar,0.2,g
818,Ris vildris kokt m. salt,"Fosfor, P",Ris risnudlar,82.0,mg
818,Ris vildris kokt m. salt,Niacinekvivalenter,Ris risnudlar,1.95,NE/mg
818,Ris vildris kokt m. salt,Niacin,Ris risnudlar,1.29,mg
818,Ris vildris kokt m. salt,"Salt, NaCl",Ris risnudlar,0.0,g
818,Ris vildris kokt m. salt,"Natrium, Na",Ris risnudlar,3.0,mg
818,Ris vildris kokt m. salt,Monosackarider,Ris risnudlar,0.0,g
818,Ris vildris kokt m. salt,"Sockerarter, totalt",Ris risnudlar,0.7,g
818,Ris vildris kokt m. salt,Summa enkelomättade fettsyror,Ris risnudlar,0.0,g
818,Ris vildris kokt m. salt,"Magnesium, Mg",Ris risnudlar,32.0,mg
818,Ris vildris kokt m. salt,Summa mättade fettsyror,Ris risnudlar,0.0,g
818,Ris vildris kokt m. salt,"Kolhydrater, tillgängliga",Ris risnudlar,19.5,g
818,Ris vildris kokt m. salt,Kolesterol,Ris risnudlar,0.0,mg
818,Ris vildris kokt m. salt,"Kalium, K",Ris risnudlar,101.0,mg
818,Ris vildris kokt m. salt,"Jod, I",Ris risnudlar,4.5,µg
818,Ris vildris kokt m. salt,Fullkorn totalt,Ris risnudlar,0.0,g
818,Ris vildris kokt m. salt,"Folat, totalt",Ris risnudlar,26.0,µg
818,Ris vildris kokt m. salt,Fibrer,Ris risnudlar,1.8,g
818,Ris vildris kokt m. salt,"Fett, totalt",Ris risnudlar,0.3,g
818,Ris vildris kokt m. salt,"Järn, Fe",Ris risnudlar,0.6,mg
818,Ris vildris kokt m. salt,Energi (kJ),Ris risnudlar,427.0,kJ
818,Ris vildris kokt m. salt,Energi (kcal),Ris risnudlar,102.0,kcal
818,Ris vildris kokt m. salt,Disackarider,Ris risnudlar,0.7,g
818,Ris vildris kokt m. salt,"Kalcium, Ca",Ris risnudlar,3.0,mg
818,Ris vildris kokt m. salt,Fettsyra 4:0-10:0,Ris risnudlar,0.0,g
818,Ris vildris kokt m. salt,DHA (C22:6),Ris risnudlar,0.0,g
818,Ris vildris kokt m. salt,DPA (C22:5),Ris risnudlar,0.0,g
818,Ris vildris kokt m. salt,EPA (C20:5),Ris risnudlar,0.0,g
818,Ris vildris kokt m. salt,Arakidonsyra C20:4,Ris risnudlar,0.0,g
818,Ris vildris kokt m. salt,Arakidinsyra C20:0,Ris risnudlar,0.0,g
818,Ris vildris kokt m. salt,Linolensyra C18:3,Ris risnudlar,0.1,g
818,Ris vildris kokt m. salt,Linolsyra C18:2,Ris risnudlar,0.1,g
818,Ris vildris kokt m. salt,Oljesyra C18:1,Ris risnudlar,0.0,g
818,Ris vildris kokt m. salt,Stearinsyra C18:0,Ris risnudlar,0.0,g
818,Ris vildris kokt m. salt,Palmitoljesyra C16:1,Ris risnudlar,0.0,g
818,Ris vildris kokt m. salt,Palmitinsyra C16:0,Ris risnudlar,0.0,g
818,Ris vildris kokt m. salt,Myristinsyra C14:0,Ris risnudlar,0.0,g
818,Ris vildris kokt m. salt,Laurinsyra C12:0,Ris risnudlar,0.0,g
818,Ris vildris kokt m. salt,Betakaroten/β-Karoten,Ris risnudlar,0.0,µg
818,Ris vildris kokt m. salt,Avfall (skal etc.),Ris risnudlar,0.0,%
818,Ris vildris kokt m. salt,Aska,Ris risnudlar,0.4,g
818,Ris vildris kokt m. salt,Alkohol,Ris risnudlar,0.0,g
819,Nudlar glasnudlar okokta,"Zink, Zn",Pasta,0.4,mg
819,Nudlar glasnudlar okokta,Vitamin E,Pasta,0.1,mg
819,Nudlar glasnudlar okokta,Vitamin D inkl 25-OH-D3,Pasta,0.0,µg
819,Nudlar glasnudlar okokta,Vitamin D,Pasta,0.0,µg
819,Nudlar glasnudlar okokta,Vitamin C,Pasta,0.0,mg
819,Nudlar glasnudlar okokta,Vitamin B6,Pasta,0.05,mg
819,Nudlar glasnudlar okokta,Vitamin B12,Pasta,0.0,µg
819,Nudlar glasnudlar okokta,Vitamin A,Pasta,0.0,RE/µg
819,Nudlar glasnudlar okokta,Vatten,Pasta,13.4,g
819,Nudlar glasnudlar okokta,Tiamin,Pasta,0.15,mg
819,Nudlar glasnudlar okokta,Tillsatt socker,Pasta,0.0,g
819,Nudlar glasnudlar okokta,Fritt socker,Pasta,0.0,g
819,Nudlar glasnudlar okokta,"Selen, Se",Pasta,7.9,µg
819,Nudlar glasnudlar okokta,Sackaros,Pasta,0.0,g
819,Nudlar glasnudlar okokta,Riboflavin,Pasta,0.0,mg
819,Nudlar glasnudlar okokta,Retinol,Pasta,0.0,µg
819,Nudlar glasnudlar okokta,Protein,Pasta,0.2,g
819,Nudlar glasnudlar okokta,Summa fleromättade fettsyror,Pasta,0.0,g
819,Nudlar glasnudlar okokta,"Fosfor, P",Pasta,32.0,mg
819,Nudlar glasnudlar okokta,Niacinekvivalenter,Pasta,0.23,NE/mg
819,Nudlar glasnudlar okokta,Niacin,Pasta,0.2,mg
819,Nudlar glasnudlar okokta,"Salt, NaCl",Pasta,0.0,g
819,Nudlar glasnudlar okokta,"Natrium, Na",Pasta,10.0,mg
819,Nudlar glasnudlar okokta,Monosackarider,Pasta,0.0,g
819,Nudlar glasnudlar okokta,"Sockerarter, totalt",Pasta,0.3,g
819,Nudlar glasnudlar okokta,Summa enkelomättade fettsyror,Pasta,0.0,g
819,Nudlar glasnudlar okokta,"Magnesium, Mg",Pasta,3.0,mg
819,Nudlar glasnudlar okokta,Summa mättade fettsyror,Pasta,0.0,g
819,Nudlar glasnudlar okokta,"Kolhydrater, tillgängliga",Pasta,85.6,g
819,Nudlar glasnudlar okokta,Kolesterol,Pasta,0.0,mg
819,Nudlar glasnudlar okokta,"Kalium, K",Pasta,10.0,mg
819,Nudlar glasnudlar okokta,"Jod, I",Pasta,2.0,µg
819,Nudlar glasnudlar okokta,Fullkorn totalt,Pasta,0.0,g
819,Nudlar glasnudlar okokta,"Folat, totalt",Pasta,2.0,µg
819,Nudlar glasnudlar okokta,Fibrer,Pasta,0.5,g
819,Nudlar glasnudlar okokta,"Fett, totalt",Pasta,0.1,g
819,Nudlar glasnudlar okokta,"Järn, Fe",Pasta,2.2,mg
819,Nudlar glasnudlar okokta,Energi (kJ),Pasta,1464.0,kJ
819,Nudlar glasnudlar okokta,Energi (kcal),Pasta,350.0,kcal
819,Nudlar glasnudlar okokta,Disackarider,Pasta,0.3,g
819,Nudlar glasnudlar okokta,"Kalcium, Ca",Pasta,25.0,mg
819,Nudlar glasnudlar okokta,Fettsyra 4:0-10:0,Pasta,0.0,g
819,Nudlar glasnudlar okokta,DHA (C22:6),Pasta,0.0,g
819,Nudlar glasnudlar okokta,DPA (C22:5),Pasta,0.0,g
819,Nudlar glasnudlar okokta,EPA (C20:5),Pasta,0.0,g
819,Nudlar glasnudlar okokta,Arakidonsyra C20:4,Pasta,0.0,g
819,Nudlar glasnudlar okokta,Arakidinsyra C20:0,Pasta,0.0,g
819,Nudlar glasnudlar okokta,Linolensyra C18:3,Pasta,0.0,g
819,Nudlar glasnudlar okokta,Linolsyra C18:2,Pasta,0.0,g
819,Nudlar glasnudlar okokta,Oljesyra C18:1,Pasta,0.0,g
819,Nudlar glasnudlar okokta,Stearinsyra C18:0,Pasta,0.0,g
819,Nudlar glasnudlar okokta,Palmitoljesyra C16:1,Pasta,0.0,g
819,Nudlar glasnudlar okokta,Palmitinsyra C16:0,Pasta,0.0,g
819,Nudlar glasnudlar okokta,Myristinsyra C14:0,Pasta,0.0,g
819,Nudlar glasnudlar okokta,Laurinsyra C12:0,Pasta,0.0,g
819,Nudlar glasnudlar okokta,Betakaroten/β-Karoten,Pasta,0.0,µg
819,Nudlar glasnudlar okokta,Avfall (skal etc.),Pasta,0.0,%
819,Nudlar glasnudlar okokta,Aska,Pasta,0.3,g
819,Nudlar glasnudlar okokta,Alkohol,Pasta,0.0,g
824,Vinbladsdolma m. ris konserv. veg.,"Zink, Zn",Grönsaks- rotfrukts- baljväxträtter o produkter,0.4,mg
824,Vinbladsdolma m. ris konserv. veg.,Vitamin E,Grönsaks- rotfrukts- baljväxträtter o produkter,2.2,mg
824,Vinbladsdolma m. ris konserv. veg.,Vitamin D inkl 25-OH-D3,Grönsaks- rotfrukts- baljväxträtter o produkter,0.0,µg
824,Vinbladsdolma m. ris konserv. veg.,Vitamin D,Grönsaks- rotfrukts- baljväxträtter o produkter,0.0,µg
824,Vinbladsdolma m. ris konserv. veg.,Vitamin C,Grönsaks- rotfrukts- baljväxträtter o produkter,0.0,mg
824,Vinbladsdolma m. ris konserv. veg.,Vitamin B6,Grönsaks- rotfrukts- baljväxträtter o produkter,0.08,mg
824,Vinbladsdolma m. ris konserv. veg.,Vitamin B12,Grönsaks- rotfrukts- baljväxträtter o produkter,0.0,µg
824,Vinbladsdolma m. ris konserv. veg.,Vitamin A,Grönsaks- rotfrukts- baljväxträtter o produkter,47.2,RE/µg
824,Vinbladsdolma m. ris konserv. veg.,Vatten,Grönsaks- rotfrukts- baljväxträtter o produkter,70.5,g
824,Vinbladsdolma m. ris konserv. veg.,Tiamin,Grönsaks- rotfrukts- baljväxträtter o produkter,0.0,mg
824,Vinbladsdolma m. ris konserv. veg.,Tillsatt socker,Grönsaks- rotfrukts- baljväxträtter o produkter,0.0,g
824,Vinbladsdolma m. ris konserv. veg.,Fritt socker,Grönsaks- rotfrukts- baljväxträtter o produkter,0.0,g
824,Vinbladsdolma m. ris konserv. veg.,"Selen, Se",Grönsaks- rotfrukts- baljväxträtter o produkter,1.0,µg
824,Vinbladsdolma m. ris konserv. veg.,Sackaros,Grönsaks- rotfrukts- baljväxträtter o produkter,0.1,g
824,Vinbladsdolma m. ris konserv. veg.,Riboflavin,Grönsaks- rotfrukts- baljväxträtter o produkter,0.05,mg
824,Vinbladsdolma m. ris konserv. veg.,Retinol,Grönsaks- rotfrukts- baljväxträtter o produkter,0.0,µg
824,Vinbladsdolma m. ris konserv. veg.,Protein,Grönsaks- rotfrukts- baljväxträtter o produkter,2.5,g
824,Vinbladsdolma m. ris konserv. veg.,Summa fleromättade fettsyror,Grönsaks- rotfrukts- baljväxträtter o produkter,6.1,g
824,Vinbladsdolma m. ris konserv. veg.,"Fosfor, P",Grönsaks- rotfrukts- baljväxträtter o produkter,28.0,mg
824,Vinbladsdolma m. ris konserv. veg.,Niacinekvivalenter,Grönsaks- rotfrukts- baljväxträtter o produkter,0.8,NE/mg
824,Vinbladsdolma m. ris konserv. veg.,Niacin,Grönsaks- rotfrukts- baljväxträtter o produkter,0.36,mg
824,Vinbladsdolma m. ris konserv. veg.,"Salt, NaCl",Grönsaks- rotfrukts- baljväxträtter o produkter,1.5,g
824,Vinbladsdolma m. ris konserv. veg.,"Natrium, Na",Grönsaks- rotfrukts- baljväxträtter o produkter,586.0,mg
824,Vinbladsdolma m. ris konserv. veg.,Monosackarider,Grönsaks- rotfrukts- baljväxträtter o produkter,1.9,g
824,Vinbladsdolma m. ris konserv. veg.,"Sockerarter, totalt",Grönsaks- rotfrukts- baljväxträtter o produkter,2.0,g
824,Vinbladsdolma m. ris konserv. veg.,Summa enkelomättade fettsyror,Grönsaks- rotfrukts- baljväxträtter o produkter,2.7,g
824,Vinbladsdolma m. ris konserv. veg.,"Magnesium, Mg",Grönsaks- rotfrukts- baljväxträtter o produkter,8.0,mg
824,Vinbladsdolma m. ris konserv. veg.,Summa mättade fettsyror,Grönsaks- rotfrukts- baljväxträtter o produkter,1.7,g
824,Vinbladsdolma m. ris konserv. veg.,"Kolhydrater, tillgängliga",Grönsaks- rotfrukts- baljväxträtter o produkter,11.5,g
824,Vinbladsdolma m. ris konserv. veg.,Kolesterol,Grönsaks- rotfrukts- baljväxträtter o produkter,0.0,mg
824,Vinbladsdolma m. ris konserv. veg.,"Kalium, K",Grönsaks- rotfrukts- baljväxträtter o produkter,65.0,mg
824,Vinbladsdolma m. ris konserv. veg.,"Jod, I",Grönsaks- rotfrukts- baljväxträtter o produkter,1.0,µg
824,Vinbladsdolma m. ris konserv. veg.,Fullkorn totalt,Grönsaks- rotfrukts- baljväxträtter o produkter,0.0,g
824,Vinbladsdolma m. ris konserv. veg.,"Folat, totalt",Grönsaks- rotfrukts- baljväxträtter o produkter,15.1,µg
824,Vinbladsdolma m. ris konserv. veg.,Fibrer,Grönsaks- rotfrukts- baljväxträtter o produkter,2.5,g
824,Vinbladsdolma m. ris konserv. veg.,"Fett, totalt",Grönsaks- rotfrukts- baljväxträtter o produkter,11.3,g
824,Vinbladsdolma m. ris konserv. veg.,"Järn, Fe",Grönsaks- rotfrukts- baljväxträtter o produkter,1.0,mg
824,Vinbladsdolma m. ris konserv. veg.,Energi (kJ),Grönsaks- rotfrukts- baljväxträtter o produkter,676.0,kJ
824,Vinbladsdolma m. ris konserv. veg.,Energi (kcal),Grönsaks- rotfrukts- baljväxträtter o produkter,162.0,kcal
824,Vinbladsdolma m. ris konserv. veg.,Disackarider,Grönsaks- rotfrukts- baljväxträtter o produkter,0.1,g
824,Vinbladsdolma m. ris konserv. veg.,"Kalcium, Ca",Grönsaks- rotfrukts- baljväxträtter o produkter,43.0,mg
824,Vinbladsdolma m. ris konserv. veg.,Fettsyra 4:0-10:0,Grönsaks- rotfrukts- baljväxträtter o produkter,0.0,g
824,Vinbladsdolma m. ris konserv. veg.,DHA (C22:6),Grönsaks- rotfrukts- baljväxträtter o produkter,0.0,g
824,Vinbladsdolma m. ris konserv. veg.,DPA (C22:5),Grönsaks- rotfrukts- baljväxträtter o produkter,0.0,g
824,Vinbladsdolma m. ris konserv. veg.,EPA (C20:5),Grönsaks- rotfrukts- baljväxträtter o produkter,0.0,g
824,Vinbladsdolma m. ris konserv. veg.,Arakidonsyra C20:4,Grönsaks- rotfrukts- baljväxträtter o produkter,0.0,g
824,Vinbladsdolma m. ris konserv. veg.,Arakidinsyra C20:0,Grönsaks- rotfrukts- baljväxträtter o produkter,0.0,g
824,Vinbladsdolma m. ris konserv. veg.,Linolensyra C18:3,Grönsaks- rotfrukts- baljväxträtter o produkter,0.7,g
824,Vinbladsdolma m. ris konserv. veg.,Linolsyra C18:2,Grönsaks- rotfrukts- baljväxträtter o produkter,5.4,g
824,Vinbladsdolma m. ris konserv. veg.,Oljesyra C18:1,Grönsaks- rotfrukts- baljväxträtter o produkter,2.6,g
824,Vinbladsdolma m. ris konserv. veg.,Stearinsyra C18:0,Grönsaks- rotfrukts- baljväxträtter o produkter,0.4,g
824,Vinbladsdolma m. ris konserv. veg.,Palmitoljesyra C16:1,Grönsaks- rotfrukts- baljväxträtter o produkter,0.0,g
824,Vinbladsdolma m. ris konserv. veg.,Palmitinsyra C16:0,Grönsaks- rotfrukts- baljväxträtter o produkter,1.2,g
824,Vinbladsdolma m. ris konserv. veg.,Myristinsyra C14:0,Grönsaks- rotfrukts- baljväxträtter o produkter,0.0,g
824,Vinbladsdolma m. ris konserv. veg.,Laurinsyra C12:0,Grönsaks- rotfrukts- baljväxträtter o produkter,0.0,g
824,Vinbladsdolma m. ris konserv. veg.,Betakaroten/β-Karoten,Grönsaks- rotfrukts- baljväxträtter o produkter,557.0,µg
824,Vinbladsdolma m. ris konserv. veg.,Avfall (skal etc.),Grönsaks- rotfrukts- baljväxträtter o produkter,0.0,%
824,Vinbladsdolma m. ris konserv. veg.,Aska,Grönsaks- rotfrukts- baljväxträtter o produkter,1.7,g
824,Vinbladsdolma m. ris konserv. veg.,Alkohol,Grönsaks- rotfrukts- baljväxträtter o produkter,0.0,g
825,Bovete hela el. krossade korn,"Zink, Zn",Mjöl stärkelse kli,1.4,mg
825,Bovete hela el. krossade korn,Vitamin E,Mjöl stärkelse kli,0.1,mg
825,Bovete hela el. krossade korn,Vitamin D inkl 25-OH-D3,Mjöl stärkelse kli,0.0,µg
825,Bovete hela el. krossade korn,Vitamin D,Mjöl stärkelse kli,0.0,µg
825,Bovete hela el. krossade korn,Vitamin C,Mjöl stärkelse kli,0.0,mg
825,Bovete hela el. krossade korn,Vitamin B6,Mjöl stärkelse kli,0.35,mg
825,Bovete hela el. krossade korn,Vitamin B12,Mjöl stärkelse kli,0.0,µg
825,Bovete hela el. krossade korn,Vitamin A,Mjöl stärkelse kli,0.2,RE/µg
825,Bovete hela el. krossade korn,Vatten,Mjöl stärkelse kli,12.8,g
825,Bovete hela el. krossade korn,Tiamin,Mjöl stärkelse kli,0.42,mg
825,Bovete hela el. krossade korn,Tillsatt socker,Mjöl stärkelse kli,0.0,g
825,Bovete hela el. krossade korn,Fritt socker,Mjöl stärkelse kli,0.0,g
825,Bovete hela el. krossade korn,"Selen, Se",Mjöl stärkelse kli,9.0,µg
825,Bovete hela el. krossade korn,Sackaros,Mjöl stärkelse kli,1.1,g
825,Bovete hela el. krossade korn,Riboflavin,Mjöl stärkelse kli,0.1,mg
825,Bovete hela el. krossade korn,Retinol,Mjöl stärkelse kli,0.0,µg
825,Bovete hela el. krossade korn,Protein,Mjöl stärkelse kli,9.6,g
825,Bovete hela el. krossade korn,Summa fleromättade fettsyror,Mjöl stärkelse kli,0.7,g
825,Bovete hela el. krossade korn,"Fosfor, P",Mjöl stärkelse kli,260.0,mg
825,Bovete hela el. krossade korn,Niacinekvivalenter,Mjöl stärkelse kli,5.9,NE/mg
825,Bovete hela el. krossade korn,Niacin,Mjöl stärkelse kli,4.3,mg
825,Bovete hela el. krossade korn,"Salt, NaCl",Mjöl stärkelse kli,0.0,g
825,Bovete hela el. krossade korn,"Natrium, Na",Mjöl stärkelse kli,1.0,mg
825,Bovete hela el. krossade korn,Monosackarider,Mjöl stärkelse kli,0.1,g
825,Bovete hela el. krossade korn,"Sockerarter, totalt",Mjöl stärkelse kli,1.2,g
825,Bovete hela el. krossade korn,Summa enkelomättade fettsyror,Mjöl stärkelse kli,0.8,g
825,Bovete hela el. krossade korn,"Magnesium, Mg",Mjöl stärkelse kli,150.0,mg
825,Bovete hela el. krossade korn,Summa mättade fettsyror,Mjöl stärkelse kli,0.4,g
825,Bovete hela el. krossade korn,"Kolhydrater, tillgängliga",Mjöl stärkelse kli,70.0,g
825,Bovete hela el. krossade korn,Kolesterol,Mjöl stärkelse kli,0.0,mg
825,Bovete hela el. krossade korn,"Kalium, K",Mjöl stärkelse kli,390.0,mg
825,Bovete hela el. krossade korn,"Jod, I",Mjöl stärkelse kli,3.7,µg
825,Bovete hela el. krossade korn,Fullkorn totalt,Mjöl stärkelse kli,0.0,g
825,Bovete hela el. krossade korn,"Folat, totalt",Mjöl stärkelse kli,23.0,µg
825,Bovete hela el. krossade korn,Fibrer,Mjöl stärkelse kli,3.7,g
825,Bovete hela el. krossade korn,"Fett, totalt",Mjöl stärkelse kli,2.5,g
825,Bovete hela el. krossade korn,"Järn, Fe",Mjöl stärkelse kli,1.6,mg
825,Bovete hela el. krossade korn,Energi (kJ),Mjöl stärkelse kli,1475.0,kJ
825,Bovete hela el. krossade korn,Energi (kcal),Mjöl stärkelse kli,353.0,kcal
825,Bovete hela el. krossade korn,Disackarider,Mjöl stärkelse kli,1.1,g
825,Bovete hela el. krossade korn,"Kalcium, Ca",Mjöl stärkelse kli,12.0,mg
825,Bovete hela el. krossade korn,Fettsyra 4:0-10:0,Mjöl stärkelse kli,0.0,g
825,Bovete hela el. krossade korn,DHA (C22:6),Mjöl stärkelse kli,0.0,g
825,Bovete hela el. krossade korn,DPA (C22:5),Mjöl stärkelse kli,0.0,g
825,Bovete hela el. krossade korn,EPA (C20:5),Mjöl stärkelse kli,0.0,g
825,Bovete hela el. krossade korn,Arakidonsyra C20:4,Mjöl stärkelse kli,0.0,g
825,Bovete hela el. krossade korn,Arakidinsyra C20:0,Mjöl stärkelse kli,0.0,g
825,Bovete hela el. krossade korn,Linolensyra C18:3,Mjöl stärkelse kli,0.0,g
825,Bovete hela el. krossade korn,Linolsyra C18:2,Mjöl stärkelse kli,0.7,g
825,Bovete hela el. krossade korn,Oljesyra C18:1,Mjöl stärkelse kli,0.8,g
825,Bovete hela el. krossade korn,Stearinsyra C18:0,Mjöl stärkelse kli,0.0,g
825,Bovete hela el. krossade korn,Palmitoljesyra C16:1,Mjöl stärkelse kli,0.0,g
825,Bovete hela el. krossade korn,Palmitinsyra C16:0,Mjöl stärkelse kli,0.3,g
825,Bovete hela el. krossade korn,Myristinsyra C14:0,Mjöl stärkelse kli,0.0,g
825,Bovete hela el. krossade korn,Laurinsyra C12:0,Mjöl stärkelse kli,0.0,g
825,Bovete hela el. krossade korn,Betakaroten/β-Karoten,Mjöl stärkelse kli,3.0,µg
825,Bovete hela el. krossade korn,Avfall (skal etc.),Mjöl stärkelse kli,0.0,%
825,Bovete hela el. krossade korn,Aska,Mjöl stärkelse kli,1.4,g
825,Bovete hela el. krossade korn,Alkohol,Mjöl stärkelse kli,0.0,g
826,Durra el. andra sorghumarter mjöl fullkorn,"Zink, Zn",Mjöl stärkelse kli,2.7,mg
826,Durra el. andra sorghumarter mjöl fullkorn,Vitamin E,Mjöl stärkelse kli,0.5,mg
826,Durra el. andra sorghumarter mjöl fullkorn,Vitamin D inkl 25-OH-D3,Mjöl stärkelse kli,0.0,µg
826,Durra el. andra sorghumarter mjöl fullkorn,Vitamin D,Mjöl stärkelse kli,0.0,µg
826,Durra el. andra sorghumarter mjöl fullkorn,Vitamin C,Mjöl stärkelse kli,0.0,mg
826,Durra el. andra sorghumarter mjöl fullkorn,Vitamin B6,Mjöl stärkelse kli,0.31,mg
826,Durra el. andra sorghumarter mjöl fullkorn,Vitamin B12,Mjöl stärkelse kli,0.0,µg
826,Durra el. andra sorghumarter mjöl fullkorn,Vitamin A,Mjöl stärkelse kli,0.0,RE/µg
826,Durra el. andra sorghumarter mjöl fullkorn,Vatten,Mjöl stärkelse kli,12.0,g
826,Durra el. andra sorghumarter mjöl fullkorn,Tiamin,Mjöl stärkelse kli,0.35,mg
826,Durra el. andra sorghumarter mjöl fullkorn,Tillsatt socker,Mjöl stärkelse kli,0.0,g
826,Durra el. andra sorghumarter mjöl fullkorn,Fritt socker,Mjöl stärkelse kli,0.0,g
826,Durra el. andra sorghumarter mjöl fullkorn,"Selen, Se",Mjöl stärkelse kli,1.0,µg
826,Durra el. andra sorghumarter mjöl fullkorn,Sackaros,Mjöl stärkelse kli,0.7,g
826,Durra el. andra sorghumarter mjöl fullkorn,Riboflavin,Mjöl stärkelse kli,0.1,mg
826,Durra el. andra sorghumarter mjöl fullkorn,Retinol,Mjöl stärkelse kli,0.0,µg
826,Durra el. andra sorghumarter mjöl fullkorn,Protein,Mjöl stärkelse kli,10.3,g
826,Durra el. andra sorghumarter mjöl fullkorn,Summa fleromättade fettsyror,Mjöl stärkelse kli,2.1,g
826,Durra el. andra sorghumarter mjöl fullkorn,"Fosfor, P",Mjöl stärkelse kli,430.0,mg
826,Durra el. andra sorghumarter mjöl fullkorn,Niacinekvivalenter,Mjöl stärkelse kli,7.7,NE/mg
826,Durra el. andra sorghumarter mjöl fullkorn,Niacin,Mjöl stärkelse kli,6.0,mg
826,Durra el. andra sorghumarter mjöl fullkorn,"Salt, NaCl",Mjöl stärkelse kli,0.0,g
826,Durra el. andra sorghumarter mjöl fullkorn,"Natrium, Na",Mjöl stärkelse kli,2.0,mg
826,Durra el. andra sorghumarter mjöl fullkorn,Monosackarider,Mjöl stärkelse kli,0.2,g
826,Durra el. andra sorghumarter mjöl fullkorn,"Sockerarter, totalt",Mjöl stärkelse kli,0.9,g
826,Durra el. andra sorghumarter mjöl fullkorn,Summa enkelomättade fettsyror,Mjöl stärkelse kli,1.5,g
826,Durra el. andra sorghumarter mjöl fullkorn,"Magnesium, Mg",Mjöl stärkelse kli,160.0,mg
826,Durra el. andra sorghumarter mjöl fullkorn,Summa mättade fettsyror,Mjöl stärkelse kli,0.8,g
826,Durra el. andra sorghumarter mjöl fullkorn,"Kolhydrater, tillgängliga",Mjöl stärkelse kli,61.4,g
826,Durra el. andra sorghumarter mjöl fullkorn,Kolesterol,Mjöl stärkelse kli,0.0,mg
826,Durra el. andra sorghumarter mjöl fullkorn,"Kalium, K",Mjöl stärkelse kli,590.0,mg
826,Durra el. andra sorghumarter mjöl fullkorn,"Jod, I",Mjöl stärkelse kli,1.0,µg
826,Durra el. andra sorghumarter mjöl fullkorn,Fullkorn totalt,Mjöl stärkelse kli,100.0,g
826,Durra el. andra sorghumarter mjöl fullkorn,"Folat, totalt",Mjöl stärkelse kli,54.0,µg
826,Durra el. andra sorghumarter mjöl fullkorn,Fibrer,Mjöl stärkelse kli,9.7,g
826,Durra el. andra sorghumarter mjöl fullkorn,"Fett, totalt",Mjöl stärkelse kli,4.7,g
826,Durra el. andra sorghumarter mjöl fullkorn,"Järn, Fe",Mjöl stärkelse kli,3.3,mg
826,Durra el. andra sorghumarter mjöl fullkorn,Energi (kJ),Mjöl stärkelse kli,1470.0,kJ
826,Durra el. andra sorghumarter mjöl fullkorn,Energi (kcal),Mjöl stärkelse kli,351.0,kcal
826,Durra el. andra sorghumarter mjöl fullkorn,Disackarider,Mjöl stärkelse kli,0.7,g
826,Durra el. andra sorghumarter mjöl fullkorn,"Kalcium, Ca",Mjöl stärkelse kli,16.0,mg
826,Durra el. andra sorghumarter mjöl fullkorn,Fettsyra 4:0-10:0,Mjöl stärkelse kli,0.0,g
826,Durra el. andra sorghumarter mjöl fullkorn,DHA (C22:6),Mjöl stärkelse kli,0.0,g
826,Durra el. andra sorghumarter mjöl fullkorn,DPA (C22:5),Mjöl stärkelse kli,0.0,g
826,Durra el. andra sorghumarter mjöl fullkorn,EPA (C20:5),Mjöl stärkelse kli,0.0,g
826,Durra el. andra sorghumarter mjöl fullkorn,Arakidonsyra C20:4,Mjöl stärkelse kli,0.0,g
826,Durra el. andra sorghumarter mjöl fullkorn,Arakidinsyra C20:0,Mjöl stärkelse kli,0.0,g
826,Durra el. andra sorghumarter mjöl fullkorn,Linolensyra C18:3,Mjöl stärkelse kli,0.1,g
826,Durra el. andra sorghumarter mjöl fullkorn,Linolsyra C18:2,Mjöl stärkelse kli,2.0,g
826,Durra el. andra sorghumarter mjöl fullkorn,Oljesyra C18:1,Mjöl stärkelse kli,1.5,g
826,Durra el. andra sorghumarter mjöl fullkorn,Stearinsyra C18:0,Mjöl stärkelse kli,0.1,g
826,Durra el. andra sorghumarter mjöl fullkorn,Palmitoljesyra C16:1,Mjöl stärkelse kli,0.0,g
826,Durra el. andra sorghumarter mjöl fullkorn,Palmitinsyra C16:0,Mjöl stärkelse kli,0.7,g
826,Durra el. andra sorghumarter mjöl fullkorn,Myristinsyra C14:0,Mjöl stärkelse kli,0.0,g
826,Durra el. andra sorghumarter mjöl fullkorn,Laurinsyra C12:0,Mjöl stärkelse kli,0.0,g
826,Durra el. andra sorghumarter mjöl fullkorn,Betakaroten/β-Karoten,Mjöl stärkelse kli,0.0,µg
826,Durra el. andra sorghumarter mjöl fullkorn,Avfall (skal etc.),Mjöl stärkelse kli,0.0,%
826,Durra el. andra sorghumarter mjöl fullkorn,Aska,Mjöl stärkelse kli,1.9,g
826,Durra el. andra sorghumarter mjöl fullkorn,Alkohol,Mjöl stärkelse kli,0.0,g
827,Hirs hela el. krossade korn fullkorn,"Zink, Zn",Matgryn,3.4,mg
827,Hirs hela el. krossade korn fullkorn,Vitamin E,Matgryn,0.0,mg
827,Hirs hela el. krossade korn fullkorn,Vitamin D inkl 25-OH-D3,Matgryn,0.0,µg
827,Hirs hela el. krossade korn fullkorn,Vitamin D,Matgryn,0.0,µg
827,Hirs hela el. krossade korn fullkorn,Vitamin C,Matgryn,0.0,mg
827,Hirs hela el. krossade korn fullkorn,Vitamin B6,Matgryn,0.75,mg
827,Hirs hela el. krossade korn fullkorn,Vitamin B12,Matgryn,0.0,µg
827,Hirs hela el. krossade korn fullkorn,Vitamin A,Matgryn,0.0,RE/µg
827,Hirs hela el. krossade korn fullkorn,Vatten,Matgryn,14.0,g
827,Hirs hela el. krossade korn fullkorn,Tiamin,Matgryn,0.73,mg
827,Hirs hela el. krossade korn fullkorn,Tillsatt socker,Matgryn,0.0,g
827,Hirs hela el. krossade korn fullkorn,Fritt socker,Matgryn,0.0,g
827,Hirs hela el. krossade korn fullkorn,"Selen, Se",Matgryn,2.0,µg
827,Hirs hela el. krossade korn fullkorn,Sackaros,Matgryn,0.1,g
827,Hirs hela el. krossade korn fullkorn,Riboflavin,Matgryn,0.38,mg
827,Hirs hela el. krossade korn fullkorn,Retinol,Matgryn,0.0,µg
827,Hirs hela el. krossade korn fullkorn,Protein,Matgryn,10.5,g
827,Hirs hela el. krossade korn fullkorn,Summa fleromättade fettsyror,Matgryn,1.3,g
827,Hirs hela el. krossade korn fullkorn,"Fosfor, P",Matgryn,240.0,mg
827,Hirs hela el. krossade korn fullkorn,Niacinekvivalenter,Matgryn,4.05,NE/mg
827,Hirs hela el. krossade korn fullkorn,Niacin,Matgryn,2.3,mg
827,Hirs hela el. krossade korn fullkorn,"Salt, NaCl",Matgryn,0.0,g
827,Hirs hela el. krossade korn fullkorn,"Natrium, Na",Matgryn,5.0,mg
827,Hirs hela el. krossade korn fullkorn,Monosackarider,Matgryn,0.5,g
827,Hirs hela el. krossade korn fullkorn,"Sockerarter, totalt",Matgryn,0.6,g
827,Hirs hela el. krossade korn fullkorn,Summa enkelomättade fettsyror,Matgryn,0.6,g
827,Hirs hela el. krossade korn fullkorn,"Magnesium, Mg",Matgryn,100.0,mg
827,Hirs hela el. krossade korn fullkorn,Summa mättade fettsyror,Matgryn,0.6,g
827,Hirs hela el. krossade korn fullkorn,"Kolhydrater, tillgängliga",Matgryn,68.4,g
827,Hirs hela el. krossade korn fullkorn,Kolesterol,Matgryn,0.0,mg
827,Hirs hela el. krossade korn fullkorn,"Kalium, K",Matgryn,220.0,mg
827,Hirs hela el. krossade korn fullkorn,"Jod, I",Matgryn,2.5,µg
827,Hirs hela el. krossade korn fullkorn,Fullkorn totalt,Matgryn,100.0,g
827,Hirs hela el. krossade korn fullkorn,"Folat, totalt",Matgryn,27.0,µg
827,Hirs hela el. krossade korn fullkorn,Fibrer,Matgryn,3.2,g
827,Hirs hela el. krossade korn fullkorn,"Fett, totalt",Matgryn,2.9,g
827,Hirs hela el. krossade korn fullkorn,"Järn, Fe",Matgryn,4.8,mg
827,Hirs hela el. krossade korn fullkorn,Energi (kJ),Matgryn,1474.0,kJ
827,Hirs hela el. krossade korn fullkorn,Energi (kcal),Matgryn,352.0,kcal
827,Hirs hela el. krossade korn fullkorn,Disackarider,Matgryn,0.1,g
827,Hirs hela el. krossade korn fullkorn,"Kalcium, Ca",Matgryn,10.0,mg
827,Hirs hela el. krossade korn fullkorn,Fettsyra 4:0-10:0,Matgryn,0.0,g
827,Hirs hela el. krossade korn fullkorn,DHA (C22:6),Matgryn,0.0,g
827,Hirs hela el. krossade korn fullkorn,DPA (C22:5),Matgryn,0.0,g
827,Hirs hela el. krossade korn fullkorn,EPA (C20:5),Matgryn,0.0,g
827,Hirs hela el. krossade korn fullkorn,Arakidonsyra C20:4,Matgryn,0.0,g
827,Hirs hela el. krossade korn fullkorn,Arakidinsyra C20:0,Matgryn,0.0,g
827,Hirs hela el. krossade korn fullkorn,Linolensyra C18:3,Matgryn,0.1,g
827,Hirs hela el. krossade korn fullkorn,Linolsyra C18:2,Matgryn,1.2,g
827,Hirs hela el. krossade korn fullkorn,Oljesyra C18:1,Matgryn,0.6,g
827,Hirs hela el. krossade korn fullkorn,Stearinsyra C18:0,Matgryn,0.1,g
827,Hirs hela el. krossade korn fullkorn,Palmitoljesyra C16:1,Matgryn,0.0,g
827,Hirs hela el. krossade korn fullkorn,Palmitinsyra C16:0,Matgryn,0.5,g
827,Hirs hela el. krossade korn fullkorn,Myristinsyra C14:0,Matgryn,0.0,g
827,Hirs hela el. krossade korn fullkorn,Laurinsyra C12:0,Matgryn,0.0,g
827,Hirs hela el. krossade korn fullkorn,Betakaroten/β-Karoten,Matgryn,0.0,µg
827,Hirs hela el. krossade korn fullkorn,Avfall (skal etc.),Matgryn,0.0,%
827,Hirs hela el. krossade korn fullkorn,Aska,Matgryn,1.0,g
827,Hirs hela el. krossade korn fullkorn,Alkohol,Matgryn,0.0,g
828,Mannagryn,"Zink, Zn",Mjöl stärkelse kli,0.6,mg
828,Mannagryn,Vitamin E,Mjöl stärkelse kli,0.1,mg
828,Mannagryn,Vitamin D inkl 25-OH-D3,Mjöl stärkelse kli,0.0,µg
828,Mannagryn,Vitamin D,Mjöl stärkelse kli,0.0,µg
828,Mannagryn,Vitamin C,Mjöl stärkelse kli,0.0,mg
828,Mannagryn,Vitamin B6,Mjöl stärkelse kli,0.07,mg
828,Mannagryn,Vitamin B12,Mjöl stärkelse kli,0.0,µg
828,Mannagryn,Vitamin A,Mjöl stärkelse kli,0.0,RE/µg
828,Mannagryn,Vatten,Mjöl stärkelse kli,13.3,g
828,Mannagryn,Tiamin,Mjöl stärkelse kli,0.11,mg
828,Mannagryn,Tillsatt socker,Mjöl stärkelse kli,0.0,g
828,Mannagryn,Fritt socker,Mjöl stärkelse kli,0.0,g
828,Mannagryn,"Selen, Se",Mjöl stärkelse kli,1.0,µg
828,Mannagryn,Sackaros,Mjöl stärkelse kli,0.2,g
828,Mannagryn,Riboflavin,Mjöl stärkelse kli,0.04,mg
828,Mannagryn,Retinol,Mjöl stärkelse kli,0.0,µg
828,Mannagryn,Protein,Mjöl stärkelse kli,10.1,g
828,Mannagryn,Summa fleromättade fettsyror,Mjöl stärkelse kli,0.5,g
828,Mannagryn,"Fosfor, P",Mjöl stärkelse kli,90.0,mg
828,Mannagryn,Niacinekvivalenter,Mjöl stärkelse kli,2.38,NE/mg
828,Mannagryn,Niacin,Mjöl stärkelse kli,0.7,mg
828,Mannagryn,"Salt, NaCl",Mjöl stärkelse kli,0.0,g
828,Mannagryn,"Natrium, Na",Mjöl stärkelse kli,1.0,mg
828,Mannagryn,Monosackarider,Mjöl stärkelse kli,0.0,g
828,Mannagryn,"Sockerarter, totalt",Mjöl stärkelse kli,0.4,g
828,Mannagryn,Summa enkelomättade fettsyror,Mjöl stärkelse kli,0.2,g
828,Mannagryn,"Magnesium, Mg",Mjöl stärkelse kli,19.0,mg
828,Mannagryn,Summa mättade fettsyror,Mjöl stärkelse kli,0.1,g
828,Mannagryn,"Kolhydrater, tillgängliga",Mjöl stärkelse kli,72.1,g
828,Mannagryn,Kolesterol,Mjöl stärkelse kli,0.0,mg
828,Mannagryn,"Kalium, K",Mjöl stärkelse kli,90.0,mg
828,Mannagryn,"Jod, I",Mjöl stärkelse kli,2.0,µg
828,Mannagryn,Fullkorn totalt,Mjöl stärkelse kli,0.0,g
828,Mannagryn,"Folat, totalt",Mjöl stärkelse kli,21.0,µg
828,Mannagryn,Fibrer,Mjöl stärkelse kli,2.8,g
828,Mannagryn,"Fett, totalt",Mjöl stärkelse kli,1.3,g
828,Mannagryn,"Järn, Fe",Mjöl stärkelse kli,2.0,mg
828,Mannagryn,Energi (kJ),Mjöl stärkelse kli,1468.0,kJ
828,Mannagryn,Energi (kcal),Mjöl stärkelse kli,351.0,kcal
828,Mannagryn,Disackarider,Mjöl stärkelse kli,0.4,g
828,Mannagryn,"Kalcium, Ca",Mjöl stärkelse kli,25.0,mg
828,Mannagryn,Fettsyra 4:0-10:0,Mjöl stärkelse kli,0.0,g
828,Mannagryn,DHA (C22:6),Mjöl stärkelse kli,0.0,g
828,Mannagryn,DPA (C22:5),Mjöl stärkelse kli,0.0,g
828,Mannagryn,EPA (C20:5),Mjöl stärkelse kli,0.0,g
828,Mannagryn,Arakidonsyra C20:4,Mjöl stärkelse kli,0.0,g
828,Mannagryn,Arakidinsyra C20:0,Mjöl stärkelse kli,0.0,g
828,Mannagryn,Linolensyra C18:3,Mjöl stärkelse kli,0.0,g
828,Mannagryn,Linolsyra C18:2,Mjöl stärkelse kli,0.5,g
828,Mannagryn,Oljesyra C18:1,Mjöl stärkelse kli,0.2,g
828,Mannagryn,Stearinsyra C18:0,Mjöl stärkelse kli,0.0,g
828,Mannagryn,Palmitoljesyra C16:1,Mjöl stärkelse kli,0.0,g
828,Mannagryn,Palmitinsyra C16:0,Mjöl stärkelse kli,0.1,g
828,Mannagryn,Myristinsyra C14:0,Mjöl stärkelse kli,0.0,g
828,Mannagryn,Laurinsyra C12:0,Mjöl stärkelse kli,0.0,g
828,Mannagryn,Betakaroten/β-Karoten,Mjöl stärkelse kli,0.0,µg
828,Mannagryn,Avfall (skal etc.),Mjöl stärkelse kli,0.0,%
828,Mannagryn,Aska,Mjöl stärkelse kli,0.4,g
828,Mannagryn,Alkohol,Mjöl stärkelse kli,0.0,g
829,Bulgur,"Zink, Zn",Matgryn,1.9,mg
829,Bulgur,Vitamin E,Matgryn,0.1,mg
829,Bulgur,Vitamin D inkl 25-OH-D3,Matgryn,0.0,µg
829,Bulgur,Vitamin D,Matgryn,0.0,µg
829,Bulgur,Vitamin C,Matgryn,0.0,mg
829,Bulgur,Vitamin B6,Matgryn,0.34,mg
829,Bulgur,Vitamin B12,Matgryn,0.0,µg
829,Bulgur,Vitamin A,Matgryn,0.0,RE/µg
829,Bulgur,Vatten,Matgryn,9.0,g
829,Bulgur,Tiamin,Matgryn,0.23,mg
829,Bulgur,Tillsatt socker,Matgryn,0.0,g
829,Bulgur,Fritt socker,Matgryn,0.0,g
829,Bulgur,"Selen, Se",Matgryn,2.3,µg
829,Bulgur,Sackaros,Matgryn,0.4,g
829,Bulgur,Riboflavin,Matgryn,0.12,mg
829,Bulgur,Retinol,Matgryn,0.0,µg
829,Bulgur,Protein,Matgryn,12.3,g
829,Bulgur,Summa fleromättade fettsyror,Matgryn,0.5,g
829,Bulgur,"Fosfor, P",Matgryn,300.0,mg
829,Bulgur,Niacinekvivalenter,Matgryn,7.16,NE/mg
829,Bulgur,Niacin,Matgryn,5.11,mg
829,Bulgur,"Salt, NaCl",Matgryn,0.0,g
829,Bulgur,"Natrium, Na",Matgryn,17.0,mg
829,Bulgur,Monosackarider,Matgryn,0.0,g
829,Bulgur,"Sockerarter, totalt",Matgryn,0.4,g
829,Bulgur,Summa enkelomättade fettsyror,Matgryn,0.2,g
829,Bulgur,"Magnesium, Mg",Matgryn,164.0,mg
829,Bulgur,Summa mättade fettsyror,Matgryn,0.2,g
829,Bulgur,"Kolhydrater, tillgängliga",Matgryn,68.2,g
829,Bulgur,Kolesterol,Matgryn,0.0,mg
829,Bulgur,"Kalium, K",Matgryn,410.0,mg
829,Bulgur,"Jod, I",Matgryn,5.6,µg
829,Bulgur,Fullkorn totalt,Matgryn,0.0,g
829,Bulgur,"Folat, totalt",Matgryn,27.0,µg
829,Bulgur,Fibrer,Matgryn,7.7,g
829,Bulgur,"Fett, totalt",Matgryn,1.3,g
829,Bulgur,"Järn, Fe",Matgryn,2.5,mg
829,Bulgur,Energi (kJ),Matgryn,1479.0,kJ
829,Bulgur,Energi (kcal),Matgryn,353.0,kcal
829,Bulgur,Disackarider,Matgryn,0.4,g
829,Bulgur,"Kalcium, Ca",Matgryn,35.0,mg
829,Bulgur,Fettsyra 4:0-10:0,Matgryn,0.0,g
829,Bulgur,DHA (C22:6),Matgryn,0.0,g
829,Bulgur,DPA (C22:5),Matgryn,0.0,g
829,Bulgur,EPA (C20:5),Matgryn,0.0,g
829,Bulgur,Arakidonsyra C20:4,Matgryn,0.0,g
829,Bulgur,Arakidinsyra C20:0,Matgryn,0.0,g
829,Bulgur,Linolensyra C18:3,Matgryn,0.0,g
829,Bulgur,Linolsyra C18:2,Matgryn,0.5,g
829,Bulgur,Oljesyra C18:1,Matgryn,0.2,g
829,Bulgur,Stearinsyra C18:0,Matgryn,0.0,g
829,Bulgur,Palmitoljesyra C16:1,Matgryn,0.0,g
829,Bulgur,Palmitinsyra C16:0,Matgryn,0.2,g
829,Bulgur,Myristinsyra C14:0,Matgryn,0.0,g
829,Bulgur,Laurinsyra C12:0,Matgryn,0.0,g
829,Bulgur,Betakaroten/β-Karoten,Matgryn,0.0,µg
829,Bulgur,Avfall (skal etc.),Matgryn,0.0,%
829,Bulgur,Aska,Matgryn,1.5,g
829,Bulgur,Alkohol,Matgryn,0.0,g
830,Bulgur kokt,"Zink, Zn",Matgryn,0.7,mg
830,Bulgur kokt,Vitamin E,Matgryn,0.0,mg
830,Bulgur kokt,Vitamin D inkl 25-OH-D3,Matgryn,0.0,µg
830,Bulgur kokt,Vitamin D,Matgryn,0.0,µg
830,Bulgur kokt,Vitamin C,Matgryn,0.0,mg
830,Bulgur kokt,Vitamin B6,Matgryn,0.09,mg
830,Bulgur kokt,Vitamin B12,Matgryn,0.0,µg
830,Bulgur kokt,Vitamin A,Matgryn,0.0,RE/µg
830,Bulgur kokt,Vatten,Matgryn,66.8,g
830,Bulgur kokt,Tiamin,Matgryn,0.08,mg
830,Bulgur kokt,Tillsatt socker,Matgryn,0.0,g
830,Bulgur kokt,Fritt socker,Matgryn,0.0,g
830,Bulgur kokt,"Selen, Se",Matgryn,2.0,µg
830,Bulgur kokt,Sackaros,Matgryn,0.0,g
830,Bulgur kokt,Riboflavin,Matgryn,0.11,mg
830,Bulgur kokt,Retinol,Matgryn,0.0,µg
830,Bulgur kokt,Protein,Matgryn,4.3,g
830,Bulgur kokt,Summa fleromättade fettsyror,Matgryn,0.5,g
830,Bulgur kokt,"Fosfor, P",Matgryn,72.0,mg
830,Bulgur kokt,Niacinekvivalenter,Matgryn,2.4,NE/mg
830,Bulgur kokt,Niacin,Matgryn,1.73,mg
830,Bulgur kokt,"Salt, NaCl",Matgryn,0.3,g
830,Bulgur kokt,"Natrium, Na",Matgryn,110.0,mg
830,Bulgur kokt,Monosackarider,Matgryn,0.2,g
830,Bulgur kokt,"Sockerarter, totalt",Matgryn,0.3,g
830,Bulgur kokt,Summa enkelomättade fettsyror,Matgryn,0.1,g
830,Bulgur kokt,"Magnesium, Mg",Matgryn,25.0,mg
830,Bulgur kokt,Summa mättade fettsyror,Matgryn,0.2,g
830,Bulgur kokt,"Kolhydrater, tillgängliga",Matgryn,23.1,g
830,Bulgur kokt,Kolesterol,Matgryn,0.0,mg
830,Bulgur kokt,"Kalium, K",Matgryn,120.0,mg
830,Bulgur kokt,"Jod, I",Matgryn,16.0,µg
830,Bulgur kokt,Fullkorn totalt,Matgryn,0.0,g
830,Bulgur kokt,"Folat, totalt",Matgryn,11.7,µg
830,Bulgur kokt,Fibrer,Matgryn,4.0,g
830,Bulgur kokt,"Fett, totalt",Matgryn,1.2,g
830,Bulgur kokt,"Järn, Fe",Matgryn,0.6,mg
830,Bulgur kokt,Energi (kJ),Matgryn,541.0,kJ
830,Bulgur kokt,Energi (kcal),Matgryn,129.0,kcal
830,Bulgur kokt,Disackarider,Matgryn,0.1,g
830,Bulgur kokt,"Kalcium, Ca",Matgryn,12.0,mg
830,Bulgur kokt,Fettsyra 4:0-10:0,Matgryn,0.0,g
830,Bulgur kokt,DHA (C22:6),Matgryn,0.0,g
830,Bulgur kokt,DPA (C22:5),Matgryn,0.0,g
830,Bulgur kokt,EPA (C20:5),Matgryn,0.0,g
830,Bulgur kokt,Arakidonsyra C20:4,Matgryn,0.0,g
830,Bulgur kokt,Arakidinsyra C20:0,Matgryn,0.0,g
830,Bulgur kokt,Linolensyra C18:3,Matgryn,0.0,g
830,Bulgur kokt,Linolsyra C18:2,Matgryn,0.5,g
830,Bulgur kokt,Oljesyra C18:1,Matgryn,0.1,g
830,Bulgur kokt,Stearinsyra C18:0,Matgryn,0.0,g
830,Bulgur kokt,Palmitoljesyra C16:1,Matgryn,0.0,g
830,Bulgur kokt,Palmitinsyra C16:0,Matgryn,0.1,g
830,Bulgur kokt,Myristinsyra C14:0,Matgryn,0.0,g
830,Bulgur kokt,Laurinsyra C12:0,Matgryn,0.0,g
830,Bulgur kokt,Betakaroten/β-Karoten,Matgryn,0.0,µg
830,Bulgur kokt,Avfall (skal etc.),Matgryn,0.0,%
830,Bulgur kokt,Aska,Matgryn,0.6,g
830,Bulgur kokt,Alkohol,Matgryn,0.0,g
831,Couscous,"Zink, Zn",Matgryn,0.8,mg
831,Couscous,Vitamin E,Matgryn,0.4,mg
831,Couscous,Vitamin D inkl 25-OH-D3,Matgryn,0.0,µg
831,Couscous,Vitamin D,Matgryn,0.0,µg
831,Couscous,Vitamin C,Matgryn,0.0,mg
831,Couscous,Vitamin B6,Matgryn,0.11,mg
831,Couscous,Vitamin B12,Matgryn,0.0,µg
831,Couscous,Vitamin A,Matgryn,0.0,RE/µg
831,Couscous,Vatten,Matgryn,8.6,g
831,Couscous,Tiamin,Matgryn,0.16,mg
831,Couscous,Tillsatt socker,Matgryn,0.0,g
831,Couscous,Fritt socker,Matgryn,0.0,g
831,Couscous,"Selen, Se",Matgryn,2.5,µg
831,Couscous,Sackaros,Matgryn,0.2,g
831,Couscous,Riboflavin,Matgryn,0.08,mg
831,Couscous,Retinol,Matgryn,0.0,µg
831,Couscous,Protein,Matgryn,12.8,g
831,Couscous,Summa fleromättade fettsyror,Matgryn,0.3,g
831,Couscous,"Fosfor, P",Matgryn,170.0,mg
831,Couscous,Niacinekvivalenter,Matgryn,5.62,NE/mg
831,Couscous,Niacin,Matgryn,3.49,mg
831,Couscous,"Salt, NaCl",Matgryn,0.0,g
831,Couscous,"Natrium, Na",Matgryn,10.0,mg
831,Couscous,Monosackarider,Matgryn,0.1,g
831,Couscous,"Sockerarter, totalt",Matgryn,1.5,g
831,Couscous,Summa enkelomättade fettsyror,Matgryn,0.1,g
831,Couscous,"Magnesium, Mg",Matgryn,44.0,mg
831,Couscous,Summa mättade fettsyror,Matgryn,0.1,g
831,Couscous,"Kolhydrater, tillgängliga",Matgryn,72.4,g
831,Couscous,Kolesterol,Matgryn,0.0,mg
831,Couscous,"Kalium, K",Matgryn,166.0,mg
831,Couscous,"Jod, I",Matgryn,5.6,µg
831,Couscous,Fullkorn totalt,Matgryn,0.0,g
831,Couscous,"Folat, totalt",Matgryn,20.0,µg
831,Couscous,Fibrer,Matgryn,5.0,g
831,Couscous,"Fett, totalt",Matgryn,0.6,g
831,Couscous,"Järn, Fe",Matgryn,1.1,mg
831,Couscous,Energi (kJ),Matgryn,1512.0,kJ
831,Couscous,Energi (kcal),Matgryn,361.0,kcal
831,Couscous,Disackarider,Matgryn,1.4,g
831,Couscous,"Kalcium, Ca",Matgryn,24.0,mg
831,Couscous,Fettsyra 4:0-10:0,Matgryn,0.0,g
831,Couscous,DHA (C22:6),Matgryn,0.0,g
831,Couscous,DPA (C22:5),Matgryn,0.0,g
831,Couscous,EPA (C20:5),Matgryn,0.0,g
831,Couscous,Arakidonsyra C20:4,Matgryn,0.0,g
831,Couscous,Arakidinsyra C20:0,Matgryn,0.0,g
831,Couscous,Linolensyra C18:3,Matgryn,0.0,g
831,Couscous,Linolsyra C18:2,Matgryn,0.2,g
831,Couscous,Oljesyra C18:1,Matgryn,0.1,g
831,Couscous,Stearinsyra C18:0,Matgryn,0.0,g
831,Couscous,Palmitoljesyra C16:1,Matgryn,0.0,g
831,Couscous,Palmitinsyra C16:0,Matgryn,0.1,g
831,Couscous,Myristinsyra C14:0,Matgryn,0.0,g
831,Couscous,Laurinsyra C12:0,Matgryn,0.0,g
831,Couscous,Betakaroten/β-Karoten,Matgryn,0.0,µg
831,Couscous,Avfall (skal etc.),Matgryn,0.0,%
831,Couscous,Aska,Matgryn,0.6,g
831,Couscous,Alkohol,Matgryn,0.0,g
832,Couscous tillagad,"Zink, Zn",Matgryn,0.3,mg
832,Couscous tillagad,Vitamin E,Matgryn,0.0,mg
832,Couscous tillagad,Vitamin D inkl 25-OH-D3,Matgryn,0.0,µg
832,Couscous tillagad,Vitamin D,Matgryn,0.0,µg
832,Couscous tillagad,Vitamin C,Matgryn,0.0,mg
832,Couscous tillagad,Vitamin B6,Matgryn,0.05,mg
832,Couscous tillagad,Vitamin B12,Matgryn,0.0,µg
832,Couscous tillagad,Vitamin A,Matgryn,0.0,RE/µg
832,Couscous tillagad,Vatten,Matgryn,72.6,g
832,Couscous tillagad,Tiamin,Matgryn,0.06,mg
832,Couscous tillagad,Tillsatt socker,Matgryn,0.0,g
832,Couscous tillagad,Fritt socker,Matgryn,0.0,g
832,Couscous tillagad,"Selen, Se",Matgryn,0.5,µg
832,Couscous tillagad,Sackaros,Matgryn,0.1,g
832,Couscous tillagad,Riboflavin,Matgryn,0.03,mg
832,Couscous tillagad,Retinol,Matgryn,0.0,µg
832,Couscous tillagad,Protein,Matgryn,3.8,g
832,Couscous tillagad,Summa fleromättade fettsyror,Matgryn,0.1,g
832,Couscous tillagad,"Fosfor, P",Matgryn,22.0,mg
832,Couscous tillagad,Niacinekvivalenter,Matgryn,1.61,NE/mg
832,Couscous tillagad,Niacin,Matgryn,0.98,mg
832,Couscous tillagad,"Salt, NaCl",Matgryn,0.0,g
832,Couscous tillagad,"Natrium, Na",Matgryn,5.0,mg
832,Couscous tillagad,Monosackarider,Matgryn,0.1,g
832,Couscous tillagad,"Sockerarter, totalt",Matgryn,0.2,g
832,Couscous tillagad,Summa enkelomättade fettsyror,Matgryn,0.0,g
832,Couscous tillagad,"Magnesium, Mg",Matgryn,8.0,mg
832,Couscous tillagad,Summa mättade fettsyror,Matgryn,0.0,g
832,Couscous tillagad,"Kolhydrater, tillgängliga",Matgryn,21.8,g
832,Couscous tillagad,Kolesterol,Matgryn,0.0,mg
832,Couscous tillagad,"Kalium, K",Matgryn,58.0,mg
832,Couscous tillagad,"Jod, I",Matgryn,1.8,µg
832,Couscous tillagad,Fullkorn totalt,Matgryn,0.0,g
832,Couscous tillagad,"Folat, totalt",Matgryn,15.0,µg
832,Couscous tillagad,Fibrer,Matgryn,1.4,g
832,Couscous tillagad,"Fett, totalt",Matgryn,0.2,g
832,Couscous tillagad,"Järn, Fe",Matgryn,0.4,mg
832,Couscous tillagad,Energi (kJ),Matgryn,452.0,kJ
832,Couscous tillagad,Energi (kcal),Matgryn,108.0,kcal
832,Couscous tillagad,Disackarider,Matgryn,0.1,g
832,Couscous tillagad,"Kalcium, Ca",Matgryn,8.0,mg
832,Couscous tillagad,Fettsyra 4:0-10:0,Matgryn,0.0,g
832,Couscous tillagad,DHA (C22:6),Matgryn,0.0,g
832,Couscous tillagad,DPA (C22:5),Matgryn,0.0,g
832,Couscous tillagad,EPA (C20:5),Matgryn,0.0,g
832,Couscous tillagad,Arakidonsyra C20:4,Matgryn,0.0,g
832,Couscous tillagad,Arakidinsyra C20:0,Matgryn,0.0,g
832,Couscous tillagad,Linolensyra C18:3,Matgryn,0.0,g
832,Couscous tillagad,Linolsyra C18:2,Matgryn,0.1,g
832,Couscous tillagad,Oljesyra C18:1,Matgryn,0.0,g
832,Couscous tillagad,Stearinsyra C18:0,Matgryn,0.0,g
832,Couscous tillagad,Palmitoljesyra C16:1,Matgryn,0.0,g
832,Couscous tillagad,Palmitinsyra C16:0,Matgryn,0.0,g
832,Couscous tillagad,Myristinsyra C14:0,Matgryn,0.0,g
832,Couscous tillagad,Laurinsyra C12:0,Matgryn,0.0,g
832,Couscous tillagad,Betakaroten/β-Karoten,Matgryn,0.0,µg
832,Couscous tillagad,Avfall (skal etc.),Matgryn,0.0,%
832,Couscous tillagad,Aska,Matgryn,0.3,g
832,Couscous tillagad,Alkohol,Matgryn,0.0,g
833,Korngryn ångprep. fullkorn kokt m. salt,"Zink, Zn",Matgryn,0.5,mg
833,Korngryn ångprep. fullkorn kokt m. salt,Vitamin E,Matgryn,0.1,mg
833,Korngryn ångprep. fullkorn kokt m. salt,Vitamin D inkl 25-OH-D3,Matgryn,0.0,µg
833,Korngryn ångprep. fullkorn kokt m. salt,Vitamin D,Matgryn,0.0,µg
833,Korngryn ångprep. fullkorn kokt m. salt,Vitamin C,Matgryn,0.0,mg
833,Korngryn ångprep. fullkorn kokt m. salt,Vitamin B6,Matgryn,0.05,mg
833,Korngryn ångprep. fullkorn kokt m. salt,Vitamin B12,Matgryn,0.0,µg
833,Korngryn ångprep. fullkorn kokt m. salt,Vitamin A,Matgryn,0.0,RE/µg
833,Korngryn ångprep. fullkorn kokt m. salt,Vatten,Matgryn,76.1,g
833,Korngryn ångprep. fullkorn kokt m. salt,Tiamin,Matgryn,0.04,mg
833,Korngryn ångprep. fullkorn kokt m. salt,Tillsatt socker,Matgryn,0.0,g
833,Korngryn ångprep. fullkorn kokt m. salt,Fritt socker,Matgryn,0.0,g
833,Korngryn ångprep. fullkorn kokt m. salt,"Selen, Se",Matgryn,0.0,µg
833,Korngryn ångprep. fullkorn kokt m. salt,Sackaros,Matgryn,0.0,g
833,Korngryn ångprep. fullkorn kokt m. salt,Riboflavin,Matgryn,0.0,mg
833,Korngryn ångprep. fullkorn kokt m. salt,Retinol,Matgryn,0.0,µg
833,Korngryn ångprep. fullkorn kokt m. salt,Protein,Matgryn,1.8,g
833,Korngryn ångprep. fullkorn kokt m. salt,Summa fleromättade fettsyror,Matgryn,0.0,g
833,Korngryn ångprep. fullkorn kokt m. salt,"Fosfor, P",Matgryn,66.0,mg
833,Korngryn ångprep. fullkorn kokt m. salt,Niacinekvivalenter,Matgryn,1.6,NE/mg
833,Korngryn ångprep. fullkorn kokt m. salt,Niacin,Matgryn,1.26,mg
833,Korngryn ångprep. fullkorn kokt m. salt,"Salt, NaCl",Matgryn,0.4,g
833,Korngryn ångprep. fullkorn kokt m. salt,"Natrium, Na",Matgryn,150.0,mg
833,Korngryn ångprep. fullkorn kokt m. salt,Monosackarider,Matgryn,0.0,g
833,Korngryn ångprep. fullkorn kokt m. salt,"Sockerarter, totalt",Matgryn,0.0,g
833,Korngryn ångprep. fullkorn kokt m. salt,Summa enkelomättade fettsyror,Matgryn,0.0,g
833,Korngryn ångprep. fullkorn kokt m. salt,"Magnesium, Mg",Matgryn,22.0,mg
833,Korngryn ångprep. fullkorn kokt m. salt,Summa mättade fettsyror,Matgryn,0.0,g
833,Korngryn ångprep. fullkorn kokt m. salt,"Kolhydrater, tillgängliga",Matgryn,13.6,g
833,Korngryn ångprep. fullkorn kokt m. salt,Kolesterol,Matgryn,0.0,mg
833,Korngryn ångprep. fullkorn kokt m. salt,"Kalium, K",Matgryn,105.0,mg
833,Korngryn ångprep. fullkorn kokt m. salt,"Jod, I",Matgryn,0.0,µg
833,Korngryn ångprep. fullkorn kokt m. salt,Fullkorn totalt,Matgryn,24.0,g
833,Korngryn ångprep. fullkorn kokt m. salt,"Folat, totalt",Matgryn,6.5,µg
833,Korngryn ångprep. fullkorn kokt m. salt,Fibrer,Matgryn,7.6,g
833,Korngryn ångprep. fullkorn kokt m. salt,"Fett, totalt",Matgryn,0.4,g
833,Korngryn ångprep. fullkorn kokt m. salt,"Järn, Fe",Matgryn,0.6,mg
833,Korngryn ångprep. fullkorn kokt m. salt,Energi (kJ),Matgryn,336.0,kJ
833,Korngryn ångprep. fullkorn kokt m. salt,Energi (kcal),Matgryn,80.0,kcal
833,Korngryn ångprep. fullkorn kokt m. salt,Disackarider,Matgryn,0.0,g
833,Korngryn ångprep. fullkorn kokt m. salt,"Kalcium, Ca",Matgryn,10.0,mg
833,Korngryn ångprep. fullkorn kokt m. salt,Fettsyra 4:0-10:0,Matgryn,0.0,g
833,Korngryn ångprep. fullkorn kokt m. salt,DHA (C22:6),Matgryn,0.0,g
833,Korngryn ångprep. fullkorn kokt m. salt,DPA (C22:5),Matgryn,0.0,g
833,Korngryn ångprep. fullkorn kokt m. salt,EPA (C20:5),Matgryn,0.0,g
833,Korngryn ångprep. fullkorn kokt m. salt,Arakidonsyra C20:4,Matgryn,0.0,g
833,Korngryn ångprep. fullkorn kokt m. salt,Arakidinsyra C20:0,Matgryn,0.0,g
833,Korngryn ångprep. fullkorn kokt m. salt,Linolensyra C18:3,Matgryn,0.0,g
833,Korngryn ångprep. fullkorn kokt m. salt,Linolsyra C18:2,Matgryn,0.0,g
833,Korngryn ångprep. fullkorn kokt m. salt,Oljesyra C18:1,Matgryn,0.0,g
833,Korngryn ångprep. fullkorn kokt m. salt,Stearinsyra C18:0,Matgryn,0.0,g
833,Korngryn ångprep. fullkorn kokt m. salt,Palmitoljesyra C16:1,Matgryn,0.0,g
833,Korngryn ångprep. fullkorn kokt m. salt,Palmitinsyra C16:0,Matgryn,0.0,g
833,Korngryn ångprep. fullkorn kokt m. salt,Myristinsyra C14:0,Matgryn,0.0,g
833,Korngryn ångprep. fullkorn kokt m. salt,Laurinsyra C12:0,Matgryn,0.0,g
833,Korngryn ångprep. fullkorn kokt m. salt,Betakaroten/β-Karoten,Matgryn,0.0,µg
833,Korngryn ångprep. fullkorn kokt m. salt,Avfall (skal etc.),Matgryn,0.0,%
833,Korngryn ångprep. fullkorn kokt m. salt,Aska,Matgryn,0.6,g
833,Korngryn ångprep. fullkorn kokt m. salt,Alkohol,Matgryn,0.0,g
834,Hirs kokt m. salt fullkorn,"Zink, Zn",Matgryn,0.9,mg
834,Hirs kokt m. salt fullkorn,Vitamin E,Matgryn,0.0,mg
834,Hirs kokt m. salt fullkorn,Vitamin D inkl 25-OH-D3,Matgryn,0.0,µg
834,Hirs kokt m. salt fullkorn,Vitamin D,Matgryn,0.0,µg
834,Hirs kokt m. salt fullkorn,Vitamin C,Matgryn,0.0,mg
834,Hirs kokt m. salt fullkorn,Vitamin B6,Matgryn,0.21,mg
834,Hirs kokt m. salt fullkorn,Vitamin B12,Matgryn,0.0,µg
834,Hirs kokt m. salt fullkorn,Vitamin A,Matgryn,0.0,RE/µg
834,Hirs kokt m. salt fullkorn,Vatten,Matgryn,75.7,g
834,Hirs kokt m. salt fullkorn,Tiamin,Matgryn,0.2,mg
834,Hirs kokt m. salt fullkorn,Tillsatt socker,Matgryn,0.0,g
834,Hirs kokt m. salt fullkorn,Fritt socker,Matgryn,0.0,g
834,Hirs kokt m. salt fullkorn,"Selen, Se",Matgryn,0.6,µg
834,Hirs kokt m. salt fullkorn,Sackaros,Matgryn,0.0,g
834,Hirs kokt m. salt fullkorn,Riboflavin,Matgryn,0.1,mg
834,Hirs kokt m. salt fullkorn,Retinol,Matgryn,0.0,µg
834,Hirs kokt m. salt fullkorn,Protein,Matgryn,2.9,g
834,Hirs kokt m. salt fullkorn,Summa fleromättade fettsyror,Matgryn,0.4,g
834,Hirs kokt m. salt fullkorn,"Fosfor, P",Matgryn,67.0,mg
834,Hirs kokt m. salt fullkorn,Niacinekvivalenter,Matgryn,1.12,NE/mg
834,Hirs kokt m. salt fullkorn,Niacin,Matgryn,0.63,mg
834,Hirs kokt m. salt fullkorn,"Salt, NaCl",Matgryn,0.6,g
834,Hirs kokt m. salt fullkorn,"Natrium, Na",Matgryn,240.0,mg
834,Hirs kokt m. salt fullkorn,Monosackarider,Matgryn,0.1,g
834,Hirs kokt m. salt fullkorn,"Sockerarter, totalt",Matgryn,0.2,g
834,Hirs kokt m. salt fullkorn,Summa enkelomättade fettsyror,Matgryn,0.2,g
834,Hirs kokt m. salt fullkorn,"Magnesium, Mg",Matgryn,28.0,mg
834,Hirs kokt m. salt fullkorn,Summa mättade fettsyror,Matgryn,0.2,g
834,Hirs kokt m. salt fullkorn,"Kolhydrater, tillgängliga",Matgryn,18.9,g
834,Hirs kokt m. salt fullkorn,Kolesterol,Matgryn,0.0,mg
834,Hirs kokt m. salt fullkorn,"Kalium, K",Matgryn,61.0,mg
834,Hirs kokt m. salt fullkorn,"Jod, I",Matgryn,30.9,µg
834,Hirs kokt m. salt fullkorn,Fullkorn totalt,Matgryn,28.0,g
834,Hirs kokt m. salt fullkorn,"Folat, totalt",Matgryn,7.4,µg
834,Hirs kokt m. salt fullkorn,Fibrer,Matgryn,0.9,g
834,Hirs kokt m. salt fullkorn,"Fett, totalt",Matgryn,0.8,g
834,Hirs kokt m. salt fullkorn,"Järn, Fe",Matgryn,1.3,mg
834,Hirs kokt m. salt fullkorn,Energi (kJ),Matgryn,407.0,kJ
834,Hirs kokt m. salt fullkorn,Energi (kcal),Matgryn,97.0,kcal
834,Hirs kokt m. salt fullkorn,Disackarider,Matgryn,0.0,g
834,Hirs kokt m. salt fullkorn,"Kalcium, Ca",Matgryn,4.0,mg
834,Hirs kokt m. salt fullkorn,Fettsyra 4:0-10:0,Matgryn,0.0,g
834,Hirs kokt m. salt fullkorn,DHA (C22:6),Matgryn,0.0,g
834,Hirs kokt m. salt fullkorn,DPA (C22:5),Matgryn,0.0,g
834,Hirs kokt m. salt fullkorn,EPA (C20:5),Matgryn,0.0,g
834,Hirs kokt m. salt fullkorn,Arakidonsyra C20:4,Matgryn,0.0,g
834,Hirs kokt m. salt fullkorn,Arakidinsyra C20:0,Matgryn,0.0,g
834,Hirs kokt m. salt fullkorn,Linolensyra C18:3,Matgryn,0.0,g
834,Hirs kokt m. salt fullkorn,Linolsyra C18:2,Matgryn,0.3,g
834,Hirs kokt m. salt fullkorn,Oljesyra C18:1,Matgryn,0.2,g
834,Hirs kokt m. salt fullkorn,Stearinsyra C18:0,Matgryn,0.0,g
834,Hirs kokt m. salt fullkorn,Palmitoljesyra C16:1,Matgryn,0.0,g
834,Hirs kokt m. salt fullkorn,Palmitinsyra C16:0,Matgryn,0.1,g
834,Hirs kokt m. salt fullkorn,Myristinsyra C14:0,Matgryn,0.0,g
834,Hirs kokt m. salt fullkorn,Laurinsyra C12:0,Matgryn,0.0,g
834,Hirs kokt m. salt fullkorn,Betakaroten/β-Karoten,Matgryn,0.0,µg
834,Hirs kokt m. salt fullkorn,Avfall (skal etc.),Matgryn,0.0,%
834,Hirs kokt m. salt fullkorn,Aska,Matgryn,0.9,g
834,Hirs kokt m. salt fullkorn,Alkohol,Matgryn,0.0,g
835,Majsgryn polenta kokt m. salt,"Zink, Zn",Matgryn,0.2,mg
835,Majsgryn polenta kokt m. salt,Vitamin E,Matgryn,0.1,mg
835,Majsgryn polenta kokt m. salt,Vitamin D inkl 25-OH-D3,Matgryn,0.0,µg
835,Majsgryn polenta kokt m. salt,Vitamin D,Matgryn,0.0,µg
835,Majsgryn polenta kokt m. salt,Vitamin C,Matgryn,0.0,mg
835,Majsgryn polenta kokt m. salt,Vitamin B6,Matgryn,0.03,mg
835,Majsgryn polenta kokt m. salt,Vitamin B12,Matgryn,0.0,µg
835,Majsgryn polenta kokt m. salt,Vitamin A,Matgryn,1.1,RE/µg
835,Majsgryn polenta kokt m. salt,Vatten,Matgryn,82.3,g
835,Majsgryn polenta kokt m. salt,Tiamin,Matgryn,0.03,mg
835,Majsgryn polenta kokt m. salt,Tillsatt socker,Matgryn,0.0,g
835,Majsgryn polenta kokt m. salt,Fritt socker,Matgryn,0.0,g
835,Majsgryn polenta kokt m. salt,"Selen, Se",Matgryn,0.0,µg
835,Majsgryn polenta kokt m. salt,Sackaros,Matgryn,0.1,g
835,Majsgryn polenta kokt m. salt,Riboflavin,Matgryn,0.01,mg
835,Majsgryn polenta kokt m. salt,Retinol,Matgryn,0.0,µg
835,Majsgryn polenta kokt m. salt,Protein,Matgryn,1.7,g
835,Majsgryn polenta kokt m. salt,Summa fleromättade fettsyror,Matgryn,0.2,g
835,Majsgryn polenta kokt m. salt,"Fosfor, P",Matgryn,32.0,mg
835,Majsgryn polenta kokt m. salt,Niacinekvivalenter,Matgryn,0.41,NE/mg
835,Majsgryn polenta kokt m. salt,Niacin,Matgryn,0.25,mg
835,Majsgryn polenta kokt m. salt,"Salt, NaCl",Matgryn,0.6,g
835,Majsgryn polenta kokt m. salt,"Natrium, Na",Matgryn,227.0,mg
835,Majsgryn polenta kokt m. salt,Monosackarider,Matgryn,0.0,g
835,Majsgryn polenta kokt m. salt,"Sockerarter, totalt",Matgryn,0.1,g
835,Majsgryn polenta kokt m. salt,Summa enkelomättade fettsyror,Matgryn,0.1,g
835,Majsgryn polenta kokt m. salt,"Magnesium, Mg",Matgryn,12.0,mg
835,Majsgryn polenta kokt m. salt,Summa mättade fettsyror,Matgryn,0.1,g
835,Majsgryn polenta kokt m. salt,"Kolhydrater, tillgängliga",Matgryn,13.4,g
835,Majsgryn polenta kokt m. salt,Kolesterol,Matgryn,0.0,mg
835,Majsgryn polenta kokt m. salt,"Kalium, K",Matgryn,24.0,mg
835,Majsgryn polenta kokt m. salt,"Jod, I",Matgryn,28.6,µg
835,Majsgryn polenta kokt m. salt,Fullkorn totalt,Matgryn,0.0,g
835,Majsgryn polenta kokt m. salt,"Folat, totalt",Matgryn,2.3,µg
835,Majsgryn polenta kokt m. salt,Fibrer,Matgryn,1.4,g
835,Majsgryn polenta kokt m. salt,"Fett, totalt",Matgryn,0.4,g
835,Majsgryn polenta kokt m. salt,"Järn, Fe",Matgryn,0.2,mg
835,Majsgryn polenta kokt m. salt,Energi (kJ),Matgryn,284.0,kJ
835,Majsgryn polenta kokt m. salt,Energi (kcal),Matgryn,68.0,kcal
835,Majsgryn polenta kokt m. salt,Disackarider,Matgryn,0.1,g
835,Majsgryn polenta kokt m. salt,"Kalcium, Ca",Matgryn,1.0,mg
835,Majsgryn polenta kokt m. salt,Fettsyra 4:0-10:0,Matgryn,0.0,g
835,Majsgryn polenta kokt m. salt,DHA (C22:6),Matgryn,0.0,g
835,Majsgryn polenta kokt m. salt,DPA (C22:5),Matgryn,0.0,g
835,Majsgryn polenta kokt m. salt,EPA (C20:5),Matgryn,0.0,g
835,Majsgryn polenta kokt m. salt,Arakidonsyra C20:4,Matgryn,0.0,g
835,Majsgryn polenta kokt m. salt,Arakidinsyra C20:0,Matgryn,0.0,g
835,Majsgryn polenta kokt m. salt,Linolensyra C18:3,Matgryn,0.0,g
835,Majsgryn polenta kokt m. salt,Linolsyra C18:2,Matgryn,0.2,g
835,Majsgryn polenta kokt m. salt,Oljesyra C18:1,Matgryn,0.1,g
835,Majsgryn polenta kokt m. salt,Stearinsyra C18:0,Matgryn,0.0,g
835,Majsgryn polenta kokt m. salt,Palmitoljesyra C16:1,Matgryn,0.0,g
835,Majsgryn polenta kokt m. salt,Palmitinsyra C16:0,Matgryn,0.0,g
835,Majsgryn polenta kokt m. salt,Myristinsyra C14:0,Matgryn,0.0,g
835,Majsgryn polenta kokt m. salt,Laurinsyra C12:0,Matgryn,0.0,g
835,Majsgryn polenta kokt m. salt,Betakaroten/β-Karoten,Matgryn,6.0,µg
835,Majsgryn polenta kokt m. salt,Avfall (skal etc.),Matgryn,0.0,%
835,Majsgryn polenta kokt m. salt,Aska,Matgryn,0.7,g
835,Majsgryn polenta kokt m. salt,Alkohol,Matgryn,0.0,g
836,Apelsinris,"Zink, Zn",Efterrätter,0.2,mg
836,Apelsinris,Vitamin E,Efterrätter,0.3,mg
836,Apelsinris,Vitamin D,Efterrätter,0.4,µg
836,Apelsinris,Vitamin C,Efterrätter,22.7,mg
836,Apelsinris,Vitamin B6,Efterrätter,0.04,mg
836,Apelsinris,Vitamin B12,Efterrätter,0.16,µg
836,Apelsinris,Vitamin A,Efterrätter,34.8,RE/µg
836,Apelsinris,Vatten,Efterrätter,80.2,g
836,Apelsinris,Tiamin,Efterrätter,0.12,mg
836,Apelsinris,Tillsatt socker,Efterrätter,2.0,g
836,Apelsinris,Fritt socker,Efterrätter,2.0,g
836,Apelsinris,"Selen, Se",Efterrätter,0.6,µg
836,Apelsinris,Sackaros,Efterrätter,3.5,g
836,Apelsinris,Riboflavin,Efterrätter,0.06,mg
836,Apelsinris,Retinol,Efterrätter,30.7,µg
836,Apelsinris,Protein,Efterrätter,2.0,g
836,Apelsinris,Summa fleromättade fettsyror,Efterrätter,0.2,g
836,Apelsinris,"Fosfor, P",Efterrätter,62.0,mg
836,Apelsinris,Niacinekvivalenter,Efterrätter,0.75,NE/mg
836,Apelsinris,Niacin,Efterrätter,0.33,mg
836,Apelsinris,"Salt, NaCl",Efterrätter,0.2,g
836,Apelsinris,"Natrium, Na",Efterrätter,83.0,mg
836,Apelsinris,Monosackarider,Efterrätter,1.8,g
836,Apelsinris,"Sockerarter, totalt",Efterrätter,7.0,g
836,Apelsinris,Summa enkelomättade fettsyror,Efterrätter,0.9,g
836,Apelsinris,"Magnesium, Mg",Efterrätter,9.0,mg
836,Apelsinris,Summa mättade fettsyror,Efterrätter,2.2,g
836,Apelsinris,"Kolhydrater, tillgängliga",Efterrätter,12.8,g
836,Apelsinris,Kolesterol,Efterrätter,10.1,mg
836,Apelsinris,"Kalium, K",Efterrätter,115.0,mg
836,Apelsinris,"Jod, I",Efterrätter,17.1,µg
836,Apelsinris,Fullkorn totalt,Efterrätter,0.0,g
836,Apelsinris,"Folat, totalt",Efterrätter,17.5,µg
836,Apelsinris,Fibrer,Efterrätter,0.6,g
836,Apelsinris,"Fett, totalt",Efterrätter,3.7,g
836,Apelsinris,"Järn, Fe",Efterrätter,0.1,mg
836,Apelsinris,Energi (kJ),Efterrätter,395.0,kJ
836,Apelsinris,Energi (kcal),Efterrätter,95.0,kcal
836,Apelsinris,Disackarider,Efterrätter,5.2,g
836,Apelsinris,"Kalcium, Ca",Efterrätter,56.0,mg
836,Apelsinris,Fettsyra 4:0-10:0,Efterrätter,0.3,g
836,Apelsinris,DHA (C22:6),Efterrätter,0.0,g
836,Apelsinris,DPA (C22:5),Efterrätter,0.0,g
836,Apelsinris,EPA (C20:5),Efterrätter,0.0,g
836,Apelsinris,Arakidonsyra C20:4,Efterrätter,0.0,g
836,Apelsinris,Arakidinsyra C20:0,Efterrätter,0.0,g
836,Apelsinris,Linolensyra C18:3,Efterrätter,0.0,g
836,Apelsinris,Linolsyra C18:2,Efterrätter,0.1,g
836,Apelsinris,Oljesyra C18:1,Efterrätter,0.9,g
836,Apelsinris,Stearinsyra C18:0,Efterrätter,0.3,g
836,Apelsinris,Palmitoljesyra C16:1,Efterrätter,0.1,g
836,Apelsinris,Palmitinsyra C16:0,Efterrätter,1.1,g
836,Apelsinris,Myristinsyra C14:0,Efterrätter,0.3,g
836,Apelsinris,Laurinsyra C12:0,Efterrätter,0.1,g
836,Apelsinris,Betakaroten/β-Karoten,Efterrätter,28.0,µg
836,Apelsinris,Avfall (skal etc.),Efterrätter,13.0,%
836,Apelsinris,Aska,Efterrätter,0.7,g
836,Apelsinris,Alkohol,Efterrätter,0.0,g
838,Ris à la Malta m. grädde fett 40%,"Zink, Zn",Efterrätter,0.4,mg
838,Ris à la Malta m. grädde fett 40%,Vitamin E,Efterrätter,0.2,mg
838,Ris à la Malta m. grädde fett 40%,Vitamin D,Efterrätter,0.69,µg
838,Ris à la Malta m. grädde fett 40%,Vitamin C,Efterrätter,0.4,mg
838,Ris à la Malta m. grädde fett 40%,Vitamin B6,Efterrätter,0.04,mg
838,Ris à la Malta m. grädde fett 40%,Vitamin B12,Efterrätter,0.28,µg
838,Ris à la Malta m. grädde fett 40%,Vitamin A,Efterrätter,57.2,RE/µg
838,Ris à la Malta m. grädde fett 40%,Vatten,Efterrätter,74.1,g
838,Ris à la Malta m. grädde fett 40%,Tiamin,Efterrätter,0.04,mg
838,Ris à la Malta m. grädde fett 40%,Tillsatt socker,Efterrätter,4.0,g
838,Ris à la Malta m. grädde fett 40%,Fritt socker,Efterrätter,4.0,g
838,Ris à la Malta m. grädde fett 40%,"Selen, Se",Efterrätter,1.1,µg
838,Ris à la Malta m. grädde fett 40%,Sackaros,Efterrätter,4.1,g
838,Ris à la Malta m. grädde fett 40%,Riboflavin,Efterrätter,0.09,mg
838,Ris à la Malta m. grädde fett 40%,Retinol,Efterrätter,53.6,µg
838,Ris à la Malta m. grädde fett 40%,Protein,Efterrätter,2.9,g
838,Ris à la Malta m. grädde fett 40%,Summa fleromättade fettsyror,Efterrätter,0.3,g
838,Ris à la Malta m. grädde fett 40%,"Fosfor, P",Efterrätter,96.0,mg
838,Ris à la Malta m. grädde fett 40%,Niacinekvivalenter,Efterrätter,0.86,NE/mg
838,Ris à la Malta m. grädde fett 40%,Niacin,Efterrätter,0.21,mg
838,Ris à la Malta m. grädde fett 40%,"Salt, NaCl",Efterrätter,0.4,g
838,Ris à la Malta m. grädde fett 40%,"Natrium, Na",Efterrätter,144.0,mg
838,Ris à la Malta m. grädde fett 40%,Monosackarider,Efterrätter,0.0,g
838,Ris à la Malta m. grädde fett 40%,"Sockerarter, totalt",Efterrätter,7.0,g
838,Ris à la Malta m. grädde fett 40%,Summa enkelomättade fettsyror,Efterrätter,1.6,g
838,Ris à la Malta m. grädde fett 40%,"Magnesium, Mg",Efterrätter,10.0,mg
838,Ris à la Malta m. grädde fett 40%,Summa mättade fettsyror,Efterrätter,3.9,g
838,Ris à la Malta m. grädde fett 40%,"Kolhydrater, tillgängliga",Efterrätter,15.6,g
838,Ris à la Malta m. grädde fett 40%,Kolesterol,Efterrätter,17.7,mg
838,Ris à la Malta m. grädde fett 40%,"Kalium, K",Efterrätter,108.0,mg
838,Ris à la Malta m. grädde fett 40%,"Jod, I",Efterrätter,29.0,µg
838,Ris à la Malta m. grädde fett 40%,Fullkorn totalt,Efterrätter,0.0,g
838,Ris à la Malta m. grädde fett 40%,"Folat, totalt",Efterrätter,5.6,µg
838,Ris à la Malta m. grädde fett 40%,Fibrer,Efterrätter,0.1,g
838,Ris à la Malta m. grädde fett 40%,"Fett, totalt",Efterrätter,6.3,g
838,Ris à la Malta m. grädde fett 40%,"Järn, Fe",Efterrätter,0.0,mg
838,Ris à la Malta m. grädde fett 40%,Energi (kJ),Efterrätter,551.0,kJ
838,Ris à la Malta m. grädde fett 40%,Energi (kcal),Efterrätter,132.0,kcal
838,Ris à la Malta m. grädde fett 40%,Disackarider,Efterrätter,7.0,g
838,Ris à la Malta m. grädde fett 40%,"Kalcium, Ca",Efterrätter,79.0,mg
838,Ris à la Malta m. grädde fett 40%,Fettsyra 4:0-10:0,Efterrätter,0.4,g
838,Ris à la Malta m. grädde fett 40%,DHA (C22:6),Efterrätter,0.0,g
838,Ris à la Malta m. grädde fett 40%,DPA (C22:5),Efterrätter,0.0,g
838,Ris à la Malta m. grädde fett 40%,EPA (C20:5),Efterrätter,0.0,g
838,Ris à la Malta m. grädde fett 40%,Arakidonsyra C20:4,Efterrätter,0.0,g
838,Ris à la Malta m. grädde fett 40%,Arakidinsyra C20:0,Efterrätter,0.0,g
838,Ris à la Malta m. grädde fett 40%,Linolensyra C18:3,Efterrätter,0.1,g
838,Ris à la Malta m. grädde fett 40%,Linolsyra C18:2,Efterrätter,0.2,g
838,Ris à la Malta m. grädde fett 40%,Oljesyra C18:1,Efterrätter,1.5,g
838,Ris à la Malta m. grädde fett 40%,Stearinsyra C18:0,Efterrätter,0.6,g
838,Ris à la Malta m. grädde fett 40%,Palmitoljesyra C16:1,Efterrätter,0.1,g
838,Ris à la Malta m. grädde fett 40%,Palmitinsyra C16:0,Efterrätter,1.9,g
838,Ris à la Malta m. grädde fett 40%,Myristinsyra C14:0,Efterrätter,0.6,g
838,Ris à la Malta m. grädde fett 40%,Laurinsyra C12:0,Efterrätter,0.2,g
838,Ris à la Malta m. grädde fett 40%,Betakaroten/β-Karoten,Efterrätter,44.0,µg
838,Ris à la Malta m. grädde fett 40%,Avfall (skal etc.),Efterrätter,0.0,%
838,Ris à la Malta m. grädde fett 40%,Aska,Efterrätter,0.8,g
838,Ris à la Malta m. grädde fett 40%,Alkohol,Efterrätter,0.0,g
839,Risgrynskaka risgrynspudding,"Zink, Zn",Efterrätter,0.5,mg
839,Risgrynskaka risgrynspudding,Vitamin E,Efterrätter,1.0,mg
839,Risgrynskaka risgrynspudding,Vitamin D,Efterrätter,0.86,µg
839,Risgrynskaka risgrynspudding,Vitamin C,Efterrätter,0.4,mg
839,Risgrynskaka risgrynspudding,Vitamin B6,Efterrätter,0.04,mg
839,Risgrynskaka risgrynspudding,Vitamin B12,Efterrätter,0.39,µg
839,Risgrynskaka risgrynspudding,Vitamin A,Efterrätter,84.4,RE/µg
839,Risgrynskaka risgrynspudding,Vatten,Efterrätter,72.8,g
839,Risgrynskaka risgrynspudding,Tiamin,Efterrätter,0.03,mg
839,Risgrynskaka risgrynspudding,Tillsatt socker,Efterrätter,4.0,g
839,Risgrynskaka risgrynspudding,Fritt socker,Efterrätter,4.0,g
839,Risgrynskaka risgrynspudding,"Selen, Se",Efterrätter,3.5,µg
839,Risgrynskaka risgrynspudding,Sackaros,Efterrätter,3.8,g
839,Risgrynskaka risgrynspudding,Riboflavin,Efterrätter,0.12,mg
839,Risgrynskaka risgrynspudding,Retinol,Efterrätter,81.1,µg
839,Risgrynskaka risgrynspudding,Protein,Efterrätter,4.1,g
839,Risgrynskaka risgrynspudding,Summa fleromättade fettsyror,Efterrätter,0.7,g
839,Risgrynskaka risgrynspudding,"Fosfor, P",Efterrätter,110.0,mg
839,Risgrynskaka risgrynspudding,Niacinekvivalenter,Efterrätter,1.15,NE/mg
839,Risgrynskaka risgrynspudding,Niacin,Efterrätter,0.19,mg
839,Risgrynskaka risgrynspudding,"Salt, NaCl",Efterrätter,0.4,g
839,Risgrynskaka risgrynspudding,"Natrium, Na",Efterrätter,162.0,mg
839,Risgrynskaka risgrynspudding,Monosackarider,Efterrätter,0.0,g
839,Risgrynskaka risgrynspudding,"Sockerarter, totalt",Efterrätter,6.7,g
839,Risgrynskaka risgrynspudding,Summa enkelomättade fettsyror,Efterrätter,2.3,g
839,Risgrynskaka risgrynspudding,"Magnesium, Mg",Efterrätter,11.0,mg
839,Risgrynskaka risgrynspudding,Summa mättade fettsyror,Efterrätter,3.9,g
839,Risgrynskaka risgrynspudding,"Kolhydrater, tillgängliga",Efterrätter,14.5,g
839,Risgrynskaka risgrynspudding,Kolesterol,Efterrätter,51.7,mg
839,Risgrynskaka risgrynspudding,"Kalium, K",Efterrätter,115.0,mg
839,Risgrynskaka risgrynspudding,"Jod, I",Efterrätter,30.9,µg
839,Risgrynskaka risgrynspudding,Fullkorn totalt,Efterrätter,0.0,g
839,Risgrynskaka risgrynspudding,"Folat, totalt",Efterrätter,9.3,µg
839,Risgrynskaka risgrynspudding,Fibrer,Efterrätter,0.1,g
839,Risgrynskaka risgrynspudding,"Fett, totalt",Efterrätter,7.5,g
839,Risgrynskaka risgrynspudding,"Järn, Fe",Efterrätter,0.2,mg
839,Risgrynskaka risgrynspudding,Energi (kJ),Efterrätter,596.0,kJ
839,Risgrynskaka risgrynspudding,Energi (kcal),Efterrätter,142.0,kcal
839,Risgrynskaka risgrynspudding,Disackarider,Efterrätter,6.6,g
839,Risgrynskaka risgrynspudding,"Kalcium, Ca",Efterrätter,79.0,mg
839,Risgrynskaka risgrynspudding,Fettsyra 4:0-10:0,Efterrätter,0.4,g
839,Risgrynskaka risgrynspudding,DHA (C22:6),Efterrätter,0.0,g
839,Risgrynskaka risgrynspudding,DPA (C22:5),Efterrätter,0.0,g
839,Risgrynskaka risgrynspudding,EPA (C20:5),Efterrätter,0.0,g
839,Risgrynskaka risgrynspudding,Arakidonsyra C20:4,Efterrätter,0.0,g
839,Risgrynskaka risgrynspudding,Arakidinsyra C20:0,Efterrätter,0.0,g
839,Risgrynskaka risgrynspudding,Linolensyra C18:3,Efterrätter,0.1,g
839,Risgrynskaka risgrynspudding,Linolsyra C18:2,Efterrätter,0.5,g
839,Risgrynskaka risgrynspudding,Oljesyra C18:1,Efterrätter,2.2,g
839,Risgrynskaka risgrynspudding,Stearinsyra C18:0,Efterrätter,0.6,g
839,Risgrynskaka risgrynspudding,Palmitoljesyra C16:1,Efterrätter,0.1,g
839,Risgrynskaka risgrynspudding,Palmitinsyra C16:0,Efterrätter,2.1,g
839,Risgrynskaka risgrynspudding,Myristinsyra C14:0,Efterrätter,0.5,g
839,Risgrynskaka risgrynspudding,Laurinsyra C12:0,Efterrätter,0.2,g
839,Risgrynskaka risgrynspudding,Betakaroten/β-Karoten,Efterrätter,40.0,µg
839,Risgrynskaka risgrynspudding,Avfall (skal etc.),Efterrätter,1.0,%
839,Risgrynskaka risgrynspudding,Aska,Efterrätter,0.9,g
839,Risgrynskaka risgrynspudding,Alkohol,Efterrätter,0.0,g
840,Rismål fett 6%,"Zink, Zn",Gröt,0.3,mg
840,Rismål fett 6%,Vitamin E,Gröt,0.1,mg
840,Rismål fett 6%,Vitamin D,Gröt,0.1,µg
840,Rismål fett 6%,Vitamin C,Gröt,0.0,mg
840,Rismål fett 6%,Vitamin B6,Gröt,0.04,mg
840,Rismål fett 6%,Vitamin B12,Gröt,0.13,µg
840,Rismål fett 6%,Vitamin A,Gröt,49.4,RE/µg
840,Rismål fett 6%,Vatten,Gröt,68.4,g
840,Rismål fett 6%,Tiamin,Gröt,0.03,mg
840,Rismål fett 6%,Tillsatt socker,Gröt,8.0,g
840,Rismål fett 6%,Fritt socker,Gröt,8.0,g
840,Rismål fett 6%,"Selen, Se",Gröt,1.8,µg
840,Rismål fett 6%,Sackaros,Gröt,6.8,g
840,Rismål fett 6%,Riboflavin,Gröt,0.12,mg
840,Rismål fett 6%,Retinol,Gröt,47.9,µg
840,Rismål fett 6%,Protein,Gröt,2.8,g
840,Rismål fett 6%,Summa fleromättade fettsyror,Gröt,0.2,g
840,Rismål fett 6%,"Fosfor, P",Gröt,68.0,mg
840,Rismål fett 6%,Niacinekvivalenter,Gröt,0.9,NE/mg
840,Rismål fett 6%,Niacin,Gröt,0.21,mg
840,Rismål fett 6%,"Salt, NaCl",Gröt,0.1,g
840,Rismål fett 6%,"Natrium, Na",Gröt,54.0,mg
840,Rismål fett 6%,Monosackarider,Gröt,2.2,g
840,Rismål fett 6%,"Sockerarter, totalt",Gröt,12.0,g
840,Rismål fett 6%,Summa enkelomättade fettsyror,Gröt,1.6,g
840,Rismål fett 6%,"Magnesium, Mg",Gröt,9.0,mg
840,Rismål fett 6%,Summa mättade fettsyror,Gröt,4.1,g
840,Rismål fett 6%,"Kolhydrater, tillgängliga",Gröt,20.8,g
840,Rismål fett 6%,Kolesterol,Gröt,21.4,mg
840,Rismål fett 6%,"Kalium, K",Gröt,110.0,mg
840,Rismål fett 6%,"Jod, I",Gröt,6.0,µg
840,Rismål fett 6%,Fullkorn totalt,Gröt,0.0,g
840,Rismål fett 6%,"Folat, totalt",Gröt,9.7,µg
840,Rismål fett 6%,Fibrer,Gröt,1.0,g
840,Rismål fett 6%,"Fett, totalt",Gröt,6.4,g
840,Rismål fett 6%,"Järn, Fe",Gröt,0.0,mg
840,Rismål fett 6%,Energi (kJ),Gröt,645.0,kJ
840,Rismål fett 6%,Energi (kcal),Gröt,154.0,kcal
840,Rismål fett 6%,Disackarider,Gröt,9.8,g
840,Rismål fett 6%,"Kalcium, Ca",Gröt,54.0,mg
840,Rismål fett 6%,Fettsyra 4:0-10:0,Gröt,0.5,g
840,Rismål fett 6%,DHA (C22:6),Gröt,0.0,g
840,Rismål fett 6%,DPA (C22:5),Gröt,0.0,g
840,Rismål fett 6%,EPA (C20:5),Gröt,0.0,g
840,Rismål fett 6%,Arakidonsyra C20:4,Gröt,0.0,g
840,Rismål fett 6%,Arakidinsyra C20:0,Gröt,0.0,g
840,Rismål fett 6%,Linolensyra C18:3,Gröt,0.0,g
840,Rismål fett 6%,Linolsyra C18:2,Gröt,0.2,g
840,Rismål fett 6%,Oljesyra C18:1,Gröt,1.4,g
840,Rismål fett 6%,Stearinsyra C18:0,Gröt,0.6,g
840,Rismål fett 6%,Palmitoljesyra C16:1,Gröt,0.1,g
840,Rismål fett 6%,Palmitinsyra C16:0,Gröt,1.9,g
840,Rismål fett 6%,Myristinsyra C14:0,Gröt,0.7,g
840,Rismål fett 6%,Laurinsyra C12:0,Gröt,0.2,g
840,Rismål fett 6%,Betakaroten/β-Karoten,Gröt,17.0,µg
840,Rismål fett 6%,Avfall (skal etc.),Gröt,0.0,%
840,Rismål fett 6%,Aska,Gröt,0.6,g
840,Rismål fett 6%,Alkohol,Gröt,0.0,g
841,"Rismål lätt fett 1,5%","Zink, Zn",Gröt,0.3,mg
841,"Rismål lätt fett 1,5%",Vitamin E,Gröt,0.1,mg
841,"Rismål lätt fett 1,5%",Vitamin D,Gröt,0.1,µg
841,"Rismål lätt fett 1,5%",Vitamin C,Gröt,0.0,mg
841,"Rismål lätt fett 1,5%",Vitamin B6,Gröt,0.04,mg
841,"Rismål lätt fett 1,5%",Vitamin B12,Gröt,0.08,µg
841,"Rismål lätt fett 1,5%",Vitamin A,Gröt,10.8,RE/µg
841,"Rismål lätt fett 1,5%",Vatten,Gröt,75.9,g
841,"Rismål lätt fett 1,5%",Tiamin,Gröt,0.1,mg
841,"Rismål lätt fett 1,5%",Tillsatt socker,Gröt,6.0,g
841,"Rismål lätt fett 1,5%",Fritt socker,Gröt,6.0,g
841,"Rismål lätt fett 1,5%","Selen, Se",Gröt,1.2,µg
841,"Rismål lätt fett 1,5%",Sackaros,Gröt,5.1,g
841,"Rismål lätt fett 1,5%",Riboflavin,Gröt,0.08,mg
841,"Rismål lätt fett 1,5%",Retinol,Gröt,10.4,µg
841,"Rismål lätt fett 1,5%",Protein,Gröt,2.1,g
841,"Rismål lätt fett 1,5%",Summa fleromättade fettsyror,Gröt,0.1,g
841,"Rismål lätt fett 1,5%","Fosfor, P",Gröt,56.0,mg
841,"Rismål lätt fett 1,5%",Niacinekvivalenter,Gröt,0.7,NE/mg
841,"Rismål lätt fett 1,5%",Niacin,Gröt,0.19,mg
841,"Rismål lätt fett 1,5%","Salt, NaCl",Gröt,0.1,g
841,"Rismål lätt fett 1,5%","Natrium, Na",Gröt,50.0,mg
841,"Rismål lätt fett 1,5%",Monosackarider,Gröt,1.4,g
841,"Rismål lätt fett 1,5%","Sockerarter, totalt",Gröt,8.8,g
841,"Rismål lätt fett 1,5%",Summa enkelomättade fettsyror,Gröt,0.4,g
841,"Rismål lätt fett 1,5%","Magnesium, Mg",Gröt,9.0,mg
841,"Rismål lätt fett 1,5%",Summa mättade fettsyror,Gröt,1.0,g
841,"Rismål lätt fett 1,5%","Kolhydrater, tillgängliga",Gröt,19.9,g
841,"Rismål lätt fett 1,5%",Kolesterol,Gröt,4.3,mg
841,"Rismål lätt fett 1,5%","Kalium, K",Gröt,91.0,mg
841,"Rismål lätt fett 1,5%","Jod, I",Gröt,5.0,µg
841,"Rismål lätt fett 1,5%",Fullkorn totalt,Gröt,0.0,g
841,"Rismål lätt fett 1,5%","Folat, totalt",Gröt,10.6,µg
841,"Rismål lätt fett 1,5%",Fibrer,Gröt,0.0,g
841,"Rismål lätt fett 1,5%","Fett, totalt",Gröt,1.5,g
841,"Rismål lätt fett 1,5%","Järn, Fe",Gröt,0.0,mg
841,"Rismål lätt fett 1,5%",Energi (kJ),Gröt,430.0,kJ
841,"Rismål lätt fett 1,5%",Energi (kcal),Gröt,103.0,kcal
841,"Rismål lätt fett 1,5%",Disackarider,Gröt,7.4,g
841,"Rismål lätt fett 1,5%","Kalcium, Ca",Gröt,43.0,mg
841,"Rismål lätt fett 1,5%",Fettsyra 4:0-10:0,Gröt,0.1,g
841,"Rismål lätt fett 1,5%",DHA (C22:6),Gröt,0.0,g
841,"Rismål lätt fett 1,5%",DPA (C22:5),Gröt,0.0,g
841,"Rismål lätt fett 1,5%",EPA (C20:5),Gröt,0.0,g
841,"Rismål lätt fett 1,5%",Arakidonsyra C20:4,Gröt,0.0,g
841,"Rismål lätt fett 1,5%",Arakidinsyra C20:0,Gröt,0.0,g
841,"Rismål lätt fett 1,5%",Linolensyra C18:3,Gröt,0.0,g
841,"Rismål lätt fett 1,5%",Linolsyra C18:2,Gröt,0.1,g
841,"Rismål lätt fett 1,5%",Oljesyra C18:1,Gröt,0.3,g
841,"Rismål lätt fett 1,5%",Stearinsyra C18:0,Gröt,0.2,g
841,"Rismål lätt fett 1,5%",Palmitoljesyra C16:1,Gröt,0.0,g
841,"Rismål lätt fett 1,5%",Palmitinsyra C16:0,Gröt,0.4,g
841,"Rismål lätt fett 1,5%",Myristinsyra C14:0,Gröt,0.2,g
841,"Rismål lätt fett 1,5%",Laurinsyra C12:0,Gröt,0.0,g
841,"Rismål lätt fett 1,5%",Betakaroten/β-Karoten,Gröt,4.0,µg
841,"Rismål lätt fett 1,5%",Avfall (skal etc.),Gröt,0.0,%
841,"Rismål lätt fett 1,5%",Aska,Gröt,0.6,g
841,"Rismål lätt fett 1,5%",Alkohol,Gröt,0.0,g
842,Paella,"Zink, Zn",Risrätter,1.1,mg
842,Paella,Vitamin E,Risrätter,1.6,mg
842,Paella,Vitamin D,Risrätter,0.3,µg
842,Paella,Vitamin C,Risrätter,6.4,mg
842,Paella,Vitamin B6,Risrätter,0.18,mg
842,Paella,Vitamin B12,Risrätter,1.28,µg
842,Paella,Vitamin A,Risrätter,30.8,RE/µg
842,Paella,Vatten,Risrätter,69.0,g
842,Paella,Tiamin,Risrätter,0.04,mg
842,Paella,Tillsatt socker,Risrätter,0.0,g
842,Paella,Fritt socker,Risrätter,0.0,g
842,Paella,"Selen, Se",Risrätter,13.9,µg
842,Paella,Sackaros,Risrätter,0.1,g
842,Paella,Riboflavin,Risrätter,0.12,mg
842,Paella,Retinol,Risrätter,26.9,µg
842,Paella,Protein,Risrätter,11.0,g
842,Paella,Summa fleromättade fettsyror,Risrätter,0.9,g
842,Paella,"Fosfor, P",Risrätter,147.0,mg
842,Paella,Niacinekvivalenter,Risrätter,5.2,NE/mg
842,Paella,Niacin,Risrätter,3.21,mg
842,Paella,"Salt, NaCl",Risrätter,1.0,g
842,Paella,"Natrium, Na",Risrätter,404.0,mg
842,Paella,Monosackarider,Risrätter,0.5,g
842,Paella,"Sockerarter, totalt",Risrätter,0.6,g
842,Paella,Summa enkelomättade fettsyror,Risrätter,3.1,g
842,Paella,"Magnesium, Mg",Risrätter,21.0,mg
842,Paella,Summa mättade fettsyror,Risrätter,1.6,g
842,Paella,"Kolhydrater, tillgängliga",Risrätter,11.9,g
842,Paella,Kolesterol,Risrätter,37.1,mg
842,Paella,"Kalium, K",Risrätter,75.0,mg
842,Paella,"Jod, I",Risrätter,52.0,µg
842,Paella,Fullkorn totalt,Risrätter,0.0,g
842,Paella,"Folat, totalt",Risrätter,14.9,µg
842,Paella,Fibrer,Risrätter,0.4,g
842,Paella,"Fett, totalt",Risrätter,6.0,g
842,Paella,"Järn, Fe",Risrätter,1.1,mg
842,Paella,Energi (kJ),Risrätter,614.0,kJ
842,Paella,Energi (kcal),Risrätter,147.0,kcal
842,Paella,Disackarider,Risrätter,0.1,g
842,Paella,"Kalcium, Ca",Risrätter,17.0,mg
842,Paella,Fettsyra 4:0-10:0,Risrätter,0.0,g
842,Paella,DHA (C22:6),Risrätter,0.1,g
842,Paella,DPA (C22:5),Risrätter,0.0,g
842,Paella,EPA (C20:5),Risrätter,0.1,g
842,Paella,Arakidonsyra C20:4,Risrätter,0.0,g
842,Paella,Arakidinsyra C20:0,Risrätter,0.0,g
842,Paella,Linolensyra C18:3,Risrätter,0.1,g
842,Paella,Linolsyra C18:2,Risrätter,0.6,g
842,Paella,Oljesyra C18:1,Risrätter,2.6,g
842,Paella,Stearinsyra C18:0,Risrätter,0.3,g
842,Paella,Palmitoljesyra C16:1,Risrätter,0.3,g
842,Paella,Palmitinsyra C16:0,Risrätter,1.2,g
842,Paella,Myristinsyra C14:0,Risrätter,0.0,g
842,Paella,Laurinsyra C12:0,Risrätter,0.0,g
842,Paella,Betakaroten/β-Karoten,Risrätter,41.0,µg
842,Paella,Avfall (skal etc.),Risrätter,13.0,%
842,Paella,Aska,Risrätter,1.7,g
842,Paella,Alkohol,Risrätter,0.0,g
844,Nudelsoppa m. risnudlar curry sesamolja,"Zink, Zn",Soppa mat,0.3,mg
844,Nudelsoppa m. risnudlar curry sesamolja,Vitamin E,Soppa mat,0.0,mg
844,Nudelsoppa m. risnudlar curry sesamolja,Vitamin D inkl 25-OH-D3,Soppa mat,0.0,µg
844,Nudelsoppa m. risnudlar curry sesamolja,Vitamin D,Soppa mat,0.0,µg
844,Nudelsoppa m. risnudlar curry sesamolja,Vitamin C,Soppa mat,0.0,mg
844,Nudelsoppa m. risnudlar curry sesamolja,Vitamin B6,Soppa mat,0.01,mg
844,Nudelsoppa m. risnudlar curry sesamolja,Vitamin B12,Soppa mat,0.0,µg
844,Nudelsoppa m. risnudlar curry sesamolja,Vitamin A,Soppa mat,0.0,RE/µg
844,Nudelsoppa m. risnudlar curry sesamolja,Vatten,Soppa mat,87.2,g
844,Nudelsoppa m. risnudlar curry sesamolja,Tiamin,Soppa mat,0.0,mg
844,Nudelsoppa m. risnudlar curry sesamolja,Tillsatt socker,Soppa mat,0.0,g
844,Nudelsoppa m. risnudlar curry sesamolja,Fritt socker,Soppa mat,0.0,g
844,Nudelsoppa m. risnudlar curry sesamolja,"Selen, Se",Soppa mat,0.2,µg
844,Nudelsoppa m. risnudlar curry sesamolja,Sackaros,Soppa mat,0.2,g
844,Nudelsoppa m. risnudlar curry sesamolja,Riboflavin,Soppa mat,0.0,mg
844,Nudelsoppa m. risnudlar curry sesamolja,Retinol,Soppa mat,0.0,µg
844,Nudelsoppa m. risnudlar curry sesamolja,Protein,Soppa mat,0.7,g
844,Nudelsoppa m. risnudlar curry sesamolja,Summa fleromättade fettsyror,Soppa mat,0.1,g
844,Nudelsoppa m. risnudlar curry sesamolja,"Fosfor, P",Soppa mat,37.0,mg
844,Nudelsoppa m. risnudlar curry sesamolja,Niacinekvivalenter,Soppa mat,0.2,NE/mg
844,Nudelsoppa m. risnudlar curry sesamolja,Niacin,Soppa mat,0.04,mg
844,Nudelsoppa m. risnudlar curry sesamolja,"Salt, NaCl",Soppa mat,0.7,g
844,Nudelsoppa m. risnudlar curry sesamolja,"Natrium, Na",Soppa mat,262.0,mg
844,Nudelsoppa m. risnudlar curry sesamolja,Monosackarider,Soppa mat,0.0,g
844,Nudelsoppa m. risnudlar curry sesamolja,"Sockerarter, totalt",Soppa mat,0.2,g
844,Nudelsoppa m. risnudlar curry sesamolja,Summa enkelomättade fettsyror,Soppa mat,0.2,g
844,Nudelsoppa m. risnudlar curry sesamolja,"Magnesium, Mg",Soppa mat,5.0,mg
844,Nudelsoppa m. risnudlar curry sesamolja,Summa mättade fettsyror,Soppa mat,0.3,g
844,Nudelsoppa m. risnudlar curry sesamolja,"Kolhydrater, tillgängliga",Soppa mat,10.3,g
844,Nudelsoppa m. risnudlar curry sesamolja,Kolesterol,Soppa mat,0.0,mg
844,Nudelsoppa m. risnudlar curry sesamolja,"Kalium, K",Soppa mat,5.0,mg
844,Nudelsoppa m. risnudlar curry sesamolja,Fullkorn totalt,Soppa mat,0.0,g
844,Nudelsoppa m. risnudlar curry sesamolja,"Folat, totalt",Soppa mat,10.3,µg
844,Nudelsoppa m. risnudlar curry sesamolja,Fibrer,Soppa mat,0.5,g
844,Nudelsoppa m. risnudlar curry sesamolja,"Fett, totalt",Soppa mat,0.7,g
844,Nudelsoppa m. risnudlar curry sesamolja,"Järn, Fe",Soppa mat,0.4,mg
844,Nudelsoppa m. risnudlar curry sesamolja,Energi (kJ),Soppa mat,216.0,kJ
844,Nudelsoppa m. risnudlar curry sesamolja,Energi (kcal),Soppa mat,52.0,kcal
844,Nudelsoppa m. risnudlar curry sesamolja,Disackarider,Soppa mat,0.2,g
844,Nudelsoppa m. risnudlar curry sesamolja,"Kalcium, Ca",Soppa mat,19.0,mg
844,Nudelsoppa m. risnudlar curry sesamolja,Fettsyra 4:0-10:0,Soppa mat,0.0,g
844,Nudelsoppa m. risnudlar curry sesamolja,DHA (C22:6),Soppa mat,0.0,g
844,Nudelsoppa m. risnudlar curry sesamolja,DPA (C22:5),Soppa mat,0.0,g
844,Nudelsoppa m. risnudlar curry sesamolja,EPA (C20:5),Soppa mat,0.0,g
844,Nudelsoppa m. risnudlar curry sesamolja,Arakidonsyra C20:4,Soppa mat,0.0,g
844,Nudelsoppa m. risnudlar curry sesamolja,Arakidinsyra C20:0,Soppa mat,0.0,g
844,Nudelsoppa m. risnudlar curry sesamolja,Linolensyra C18:3,Soppa mat,0.0,g
844,Nudelsoppa m. risnudlar curry sesamolja,Linolsyra C18:2,Soppa mat,0.1,g
844,Nudelsoppa m. risnudlar curry sesamolja,Oljesyra C18:1,Soppa mat,0.2,g
844,Nudelsoppa m. risnudlar curry sesamolja,Stearinsyra C18:0,Soppa mat,0.1,g
844,Nudelsoppa m. risnudlar curry sesamolja,Palmitoljesyra C16:1,Soppa mat,0.0,g
844,Nudelsoppa m. risnudlar curry sesamolja,Palmitinsyra C16:0,Soppa mat,0.2,g
844,Nudelsoppa m. risnudlar curry sesamolja,Myristinsyra C14:0,Soppa mat,0.0,g
844,Nudelsoppa m. risnudlar curry sesamolja,Laurinsyra C12:0,Soppa mat,0.0,g
844,Nudelsoppa m. risnudlar curry sesamolja,Betakaroten/β-Karoten,Soppa mat,0.0,µg
844,Nudelsoppa m. risnudlar curry sesamolja,Avfall (skal etc.),Soppa mat,0.0,%
844,Nudelsoppa m. risnudlar curry sesamolja,Aska,Soppa mat,0.7,g
844,Nudelsoppa m. risnudlar curry sesamolja,Alkohol,Soppa mat,0.0,g
845,Pasta okokt,"Zink, Zn",Pasta,1.0,mg
845,Pasta okokt,Vitamin E,Pasta,0.7,mg
845,Pasta okokt,Vitamin D inkl 25-OH-D3,Pasta,0.0,µg
845,Pasta okokt,Vitamin D,Pasta,0.0,µg
845,Pasta okokt,Vitamin C,Pasta,0.0,mg
845,Pasta okokt,Vitamin B6,Pasta,0.06,mg
845,Pasta okokt,Vitamin B12,Pasta,0.0,µg
845,Pasta okokt,Vitamin A,Pasta,0.0,RE/µg
845,Pasta okokt,Vatten,Pasta,10.6,g
845,Pasta okokt,Tiamin,Pasta,0.09,mg
845,Pasta okokt,Tillsatt socker,Pasta,0.0,g
845,Pasta okokt,Fritt socker,Pasta,0.0,g
845,Pasta okokt,"Selen, Se",Pasta,1.0,µg
845,Pasta okokt,Sackaros,Pasta,0.2,g
845,Pasta okokt,Riboflavin,Pasta,0.06,mg
845,Pasta okokt,Retinol,Pasta,0.0,µg
845,Pasta okokt,Protein,Pasta,11.9,g
845,Pasta okokt,Summa fleromättade fettsyror,Pasta,0.5,g
845,Pasta okokt,"Fosfor, P",Pasta,162.0,mg
845,Pasta okokt,Niacinekvivalenter,Pasta,3.68,NE/mg
845,Pasta okokt,Niacin,Pasta,1.7,mg
845,Pasta okokt,"Salt, NaCl",Pasta,0.0,g
845,Pasta okokt,"Natrium, Na",Pasta,2.0,mg
845,Pasta okokt,Monosackarider,Pasta,0.3,g
845,Pasta okokt,"Sockerarter, totalt",Pasta,0.5,g
845,Pasta okokt,Summa enkelomättade fettsyror,Pasta,0.2,g
845,Pasta okokt,"Magnesium, Mg",Pasta,48.0,mg
845,Pasta okokt,Summa mättade fettsyror,Pasta,0.1,g
845,Pasta okokt,"Kolhydrater, tillgängliga",Pasta,71.5,g
845,Pasta okokt,Kolesterol,Pasta,0.0,mg
845,Pasta okokt,"Kalium, K",Pasta,197.0,mg
845,Pasta okokt,"Jod, I",Pasta,1.0,µg
845,Pasta okokt,Fullkorn totalt,Pasta,0.0,g
845,Pasta okokt,"Folat, totalt",Pasta,12.0,µg
845,Pasta okokt,Fibrer,Pasta,4.0,g
845,Pasta okokt,"Fett, totalt",Pasta,1.3,g
845,Pasta okokt,"Järn, Fe",Pasta,1.3,mg
845,Pasta okokt,Energi (kJ),Pasta,1498.0,kJ
845,Pasta okokt,Energi (kcal),Pasta,358.0,kcal
845,Pasta okokt,Disackarider,Pasta,0.2,g
845,Pasta okokt,"Kalcium, Ca",Pasta,27.0,mg
845,Pasta okokt,Fettsyra 4:0-10:0,Pasta,0.0,g
845,Pasta okokt,DHA (C22:6),Pasta,0.0,g
845,Pasta okokt,DPA (C22:5),Pasta,0.0,g
845,Pasta okokt,EPA (C20:5),Pasta,0.0,g
845,Pasta okokt,Arakidonsyra C20:4,Pasta,0.0,g
845,Pasta okokt,Arakidinsyra C20:0,Pasta,0.0,g
845,Pasta okokt,Linolensyra C18:3,Pasta,0.0,g
845,Pasta okokt,Linolsyra C18:2,Pasta,0.5,g
845,Pasta okokt,Oljesyra C18:1,Pasta,0.2,g
845,Pasta okokt,Stearinsyra C18:0,Pasta,0.0,g
845,Pasta okokt,Palmitoljesyra C16:1,Pasta,0.0,g
845,Pasta okokt,Palmitinsyra C16:0,Pasta,0.1,g
845,Pasta okokt,Myristinsyra C14:0,Pasta,0.0,g
845,Pasta okokt,Laurinsyra C12:0,Pasta,0.0,g
845,Pasta okokt,Betakaroten/β-Karoten,Pasta,0.0,µg
845,Pasta okokt,Avfall (skal etc.),Pasta,0.0,%
845,Pasta okokt,Aska,Pasta,0.7,g
845,Pasta okokt,Alkohol,Pasta,0.0,g
846,Pasta kokt u. salt,"Zink, Zn",Pasta,0.4,mg
846,Pasta kokt u. salt,Vitamin E,Pasta,0.2,mg
846,Pasta kokt u. salt,Vitamin D inkl 25-OH-D3,Pasta,0.0,µg
846,Pasta kokt u. salt,Vitamin D,Pasta,0.0,µg
846,Pasta kokt u. salt,Vitamin C,Pasta,0.0,mg
846,Pasta kokt u. salt,Vitamin B6,Pasta,0.02,mg
846,Pasta kokt u. salt,Vitamin B12,Pasta,0.0,µg
846,Pasta kokt u. salt,Vitamin A,Pasta,0.0,RE/µg
846,Pasta kokt u. salt,Vatten,Pasta,68.6,g
846,Pasta kokt u. salt,Tiamin,Pasta,0.02,mg
846,Pasta kokt u. salt,Tillsatt socker,Pasta,0.0,g
846,Pasta kokt u. salt,Fritt socker,Pasta,0.0,g
846,Pasta kokt u. salt,"Selen, Se",Pasta,0.2,µg
846,Pasta kokt u. salt,Sackaros,Pasta,0.1,g
846,Pasta kokt u. salt,Riboflavin,Pasta,0.02,mg
846,Pasta kokt u. salt,Retinol,Pasta,0.0,µg
846,Pasta kokt u. salt,Protein,Pasta,4.2,g
846,Pasta kokt u. salt,Summa fleromättade fettsyror,Pasta,0.2,g
846,Pasta kokt u. salt,"Fosfor, P",Pasta,58.0,mg
846,Pasta kokt u. salt,Niacinekvivalenter,Pasta,1.1,NE/mg
846,Pasta kokt u. salt,Niacin,Pasta,0.4,mg
846,Pasta kokt u. salt,"Salt, NaCl",Pasta,0.0,g
846,Pasta kokt u. salt,"Natrium, Na",Pasta,1.0,mg
846,Pasta kokt u. salt,Monosackarider,Pasta,0.0,g
846,Pasta kokt u. salt,"Sockerarter, totalt",Pasta,0.6,g
846,Pasta kokt u. salt,Summa enkelomättade fettsyror,Pasta,0.1,g
846,Pasta kokt u. salt,"Magnesium, Mg",Pasta,13.0,mg
846,Pasta kokt u. salt,Summa mättade fettsyror,Pasta,0.0,g
846,Pasta kokt u. salt,"Kolhydrater, tillgängliga",Pasta,25.8,g
846,Pasta kokt u. salt,Kolesterol,Pasta,0.0,mg
846,Pasta kokt u. salt,"Kalium, K",Pasta,70.0,mg
846,Pasta kokt u. salt,"Jod, I",Pasta,1.0,µg
846,Pasta kokt u. salt,Fullkorn totalt,Pasta,0.0,g
846,Pasta kokt u. salt,"Folat, totalt",Pasta,3.0,µg
846,Pasta kokt u. salt,Fibrer,Pasta,0.7,g
846,Pasta kokt u. salt,"Fett, totalt",Pasta,0.5,g
846,Pasta kokt u. salt,"Järn, Fe",Pasta,0.5,mg
846,Pasta kokt u. salt,Energi (kJ),Pasta,534.0,kJ
846,Pasta kokt u. salt,Energi (kcal),Pasta,128.0,kcal
846,Pasta kokt u. salt,Disackarider,Pasta,0.6,g
846,Pasta kokt u. salt,"Kalcium, Ca",Pasta,10.0,mg
846,Pasta kokt u. salt,Fettsyra 4:0-10:0,Pasta,0.0,g
846,Pasta kokt u. salt,DHA (C22:6),Pasta,0.0,g
846,Pasta kokt u. salt,DPA (C22:5),Pasta,0.0,g
846,Pasta kokt u. salt,EPA (C20:5),Pasta,0.0,g
846,Pasta kokt u. salt,Arakidonsyra C20:4,Pasta,0.0,g
846,Pasta kokt u. salt,Arakidinsyra C20:0,Pasta,0.0,g
846,Pasta kokt u. salt,Linolensyra C18:3,Pasta,0.0,g
846,Pasta kokt u. salt,Linolsyra C18:2,Pasta,0.2,g
846,Pasta kokt u. salt,Oljesyra C18:1,Pasta,0.1,g
846,Pasta kokt u. salt,Stearinsyra C18:0,Pasta,0.0,g
846,Pasta kokt u. salt,Palmitoljesyra C16:1,Pasta,0.0,g
846,Pasta kokt u. salt,Palmitinsyra C16:0,Pasta,0.0,g
846,Pasta kokt u. salt,Myristinsyra C14:0,Pasta,0.0,g
846,Pasta kokt u. salt,Laurinsyra C12:0,Pasta,0.0,g
846,Pasta kokt u. salt,Betakaroten/β-Karoten,Pasta,0.0,µg
846,Pasta kokt u. salt,Avfall (skal etc.),Pasta,0.0,%
846,Pasta kokt u. salt,Aska,Pasta,0.2,g
846,Pasta kokt u. salt,Alkohol,Pasta,0.0,g
848,Pasta fullkorn okokt,"Zink, Zn",Pasta,1.0,mg
848,Pasta fullkorn okokt,Vitamin E,Pasta,0.7,mg
848,Pasta fullkorn okokt,Vitamin D inkl 25-OH-D3,Pasta,0.0,µg
848,Pasta fullkorn okokt,Vitamin D,Pasta,0.0,µg
848,Pasta fullkorn okokt,Vitamin C,Pasta,0.0,mg
848,Pasta fullkorn okokt,Vitamin B6,Pasta,0.39,mg
848,Pasta fullkorn okokt,Vitamin B12,Pasta,0.0,µg
848,Pasta fullkorn okokt,Vitamin A,Pasta,0.0,RE/µg
848,Pasta fullkorn okokt,Vatten,Pasta,11.5,g
848,Pasta fullkorn okokt,Tiamin,Pasta,0.5,mg
848,Pasta fullkorn okokt,Tillsatt socker,Pasta,0.0,g
848,Pasta fullkorn okokt,Fritt socker,Pasta,0.0,g
848,Pasta fullkorn okokt,"Selen, Se",Pasta,1.0,µg
848,Pasta fullkorn okokt,Sackaros,Pasta,0.2,g
848,Pasta fullkorn okokt,Riboflavin,Pasta,0.25,mg
848,Pasta fullkorn okokt,Retinol,Pasta,0.0,µg
848,Pasta fullkorn okokt,Protein,Pasta,11.0,g
848,Pasta fullkorn okokt,Summa fleromättade fettsyror,Pasta,0.7,g
848,Pasta fullkorn okokt,"Fosfor, P",Pasta,100.0,mg
848,Pasta fullkorn okokt,Niacinekvivalenter,Pasta,6.33,NE/mg
848,Pasta fullkorn okokt,Niacin,Pasta,4.5,mg
848,Pasta fullkorn okokt,"Salt, NaCl",Pasta,0.0,g
848,Pasta fullkorn okokt,"Natrium, Na",Pasta,2.0,mg
848,Pasta fullkorn okokt,Monosackarider,Pasta,0.3,g
848,Pasta fullkorn okokt,"Sockerarter, totalt",Pasta,0.5,g
848,Pasta fullkorn okokt,Summa enkelomättade fettsyror,Pasta,0.2,g
848,Pasta fullkorn okokt,"Magnesium, Mg",Pasta,30.0,mg
848,Pasta fullkorn okokt,Summa mättade fettsyror,Pasta,0.2,g
848,Pasta fullkorn okokt,"Kolhydrater, tillgängliga",Pasta,66.6,g
848,Pasta fullkorn okokt,Kolesterol,Pasta,0.0,mg
848,Pasta fullkorn okokt,"Kalium, K",Pasta,180.0,mg
848,Pasta fullkorn okokt,"Jod, I",Pasta,1.0,µg
848,Pasta fullkorn okokt,Fullkorn totalt,Pasta,55.0,g
848,Pasta fullkorn okokt,"Folat, totalt",Pasta,12.0,µg
848,Pasta fullkorn okokt,Fibrer,Pasta,8.8,g
848,Pasta fullkorn okokt,"Fett, totalt",Pasta,1.5,g
848,Pasta fullkorn okokt,"Järn, Fe",Pasta,6.5,mg
848,Pasta fullkorn okokt,Energi (kJ),Pasta,1445.0,kJ
848,Pasta fullkorn okokt,Energi (kcal),Pasta,345.0,kcal
848,Pasta fullkorn okokt,Disackarider,Pasta,0.2,g
848,Pasta fullkorn okokt,"Kalcium, Ca",Pasta,30.0,mg
848,Pasta fullkorn okokt,Fettsyra 4:0-10:0,Pasta,0.0,g
848,Pasta fullkorn okokt,DHA (C22:6),Pasta,0.0,g
848,Pasta fullkorn okokt,DPA (C22:5),Pasta,0.0,g
848,Pasta fullkorn okokt,EPA (C20:5),Pasta,0.0,g
848,Pasta fullkorn okokt,Arakidonsyra C20:4,Pasta,0.0,g
848,Pasta fullkorn okokt,Arakidinsyra C20:0,Pasta,0.0,g
848,Pasta fullkorn okokt,Linolensyra C18:3,Pasta,0.1,g
848,Pasta fullkorn okokt,Linolsyra C18:2,Pasta,0.6,g
848,Pasta fullkorn okokt,Oljesyra C18:1,Pasta,0.2,g
848,Pasta fullkorn okokt,Stearinsyra C18:0,Pasta,0.0,g
848,Pasta fullkorn okokt,Palmitoljesyra C16:1,Pasta,0.0,g
848,Pasta fullkorn okokt,Palmitinsyra C16:0,Pasta,0.2,g
848,Pasta fullkorn okokt,Myristinsyra C14:0,Pasta,0.0,g
848,Pasta fullkorn okokt,Laurinsyra C12:0,Pasta,0.0,g
848,Pasta fullkorn okokt,Betakaroten/β-Karoten,Pasta,0.0,µg
848,Pasta fullkorn okokt,Avfall (skal etc.),Pasta,0.0,%
848,Pasta fullkorn okokt,Aska,Pasta,0.6,g
848,Pasta fullkorn okokt,Alkohol,Pasta,0.0,g
852,Pasta färsk m. ägg kokt u. salt,"Zink, Zn",Pasta,0.5,mg
852,Pasta färsk m. ägg kokt u. salt,Vitamin E,Pasta,0.3,mg
852,Pasta färsk m. ägg kokt u. salt,Vitamin D,Pasta,0.0,µg
852,Pasta färsk m. ägg kokt u. salt,Vitamin C,Pasta,0.0,mg
852,Pasta färsk m. ägg kokt u. salt,Vitamin B6,Pasta,0.05,mg
852,Pasta färsk m. ägg kokt u. salt,Vitamin B12,Pasta,0.0,µg
852,Pasta färsk m. ägg kokt u. salt,Vitamin A,Pasta,0.0,RE/µg
852,Pasta färsk m. ägg kokt u. salt,Vatten,Pasta,67.7,g
852,Pasta färsk m. ägg kokt u. salt,Tiamin,Pasta,0.05,mg
852,Pasta färsk m. ägg kokt u. salt,Tillsatt socker,Pasta,0.0,g
852,Pasta färsk m. ägg kokt u. salt,Fritt socker,Pasta,0.0,g
852,Pasta färsk m. ägg kokt u. salt,"Selen, Se",Pasta,1.0,µg
852,Pasta färsk m. ägg kokt u. salt,Sackaros,Pasta,0.1,g
852,Pasta färsk m. ägg kokt u. salt,Riboflavin,Pasta,0.04,mg
852,Pasta färsk m. ägg kokt u. salt,Retinol,Pasta,0.0,µg
852,Pasta färsk m. ägg kokt u. salt,Protein,Pasta,5.3,g
852,Pasta färsk m. ägg kokt u. salt,Summa fleromättade fettsyror,Pasta,0.4,g
852,Pasta färsk m. ägg kokt u. salt,"Fosfor, P",Pasta,68.0,mg
852,Pasta färsk m. ägg kokt u. salt,Niacinekvivalenter,Pasta,2.0,NE/mg
852,Pasta färsk m. ägg kokt u. salt,Niacin,Pasta,0.69,mg
852,Pasta färsk m. ägg kokt u. salt,"Salt, NaCl",Pasta,0.8,g
852,Pasta färsk m. ägg kokt u. salt,"Natrium, Na",Pasta,309.0,mg
852,Pasta färsk m. ägg kokt u. salt,Monosackarider,Pasta,0.0,g
852,Pasta färsk m. ägg kokt u. salt,"Sockerarter, totalt",Pasta,0.5,g
852,Pasta färsk m. ägg kokt u. salt,Summa enkelomättade fettsyror,Pasta,0.6,g
852,Pasta färsk m. ägg kokt u. salt,"Magnesium, Mg",Pasta,17.0,mg
852,Pasta färsk m. ägg kokt u. salt,Summa mättade fettsyror,Pasta,0.4,g
852,Pasta färsk m. ägg kokt u. salt,"Kolhydrater, tillgängliga",Pasta,22.8,g
852,Pasta färsk m. ägg kokt u. salt,Kolesterol,Pasta,30.2,mg
852,Pasta färsk m. ägg kokt u. salt,"Kalium, K",Pasta,35.0,mg
852,Pasta färsk m. ägg kokt u. salt,"Jod, I",Pasta,8.0,µg
852,Pasta färsk m. ägg kokt u. salt,Fullkorn totalt,Pasta,0.0,g
852,Pasta färsk m. ägg kokt u. salt,"Folat, totalt",Pasta,13.4,µg
852,Pasta färsk m. ägg kokt u. salt,Fibrer,Pasta,1.7,g
852,Pasta färsk m. ägg kokt u. salt,"Fett, totalt",Pasta,1.6,g
852,Pasta färsk m. ägg kokt u. salt,"Järn, Fe",Pasta,0.7,mg
852,Pasta färsk m. ägg kokt u. salt,Energi (kJ),Pasta,552.0,kJ
852,Pasta färsk m. ägg kokt u. salt,Energi (kcal),Pasta,132.0,kcal
852,Pasta färsk m. ägg kokt u. salt,Disackarider,Pasta,0.5,g
852,Pasta färsk m. ägg kokt u. salt,"Kalcium, Ca",Pasta,110.0,mg
852,Pasta färsk m. ägg kokt u. salt,Fettsyra 4:0-10:0,Pasta,0.0,g
852,Pasta färsk m. ägg kokt u. salt,DHA (C22:6),Pasta,0.0,g
852,Pasta färsk m. ägg kokt u. salt,DPA (C22:5),Pasta,0.0,g
852,Pasta färsk m. ägg kokt u. salt,EPA (C20:5),Pasta,0.0,g
852,Pasta färsk m. ägg kokt u. salt,Arakidonsyra C20:4,Pasta,0.0,g
852,Pasta färsk m. ägg kokt u. salt,Arakidinsyra C20:0,Pasta,0.0,g
852,Pasta färsk m. ägg kokt u. salt,Linolensyra C18:3,Pasta,0.0,g
852,Pasta färsk m. ägg kokt u. salt,Linolsyra C18:2,Pasta,0.4,g
852,Pasta färsk m. ägg kokt u. salt,Oljesyra C18:1,Pasta,0.5,g
852,Pasta färsk m. ägg kokt u. salt,Stearinsyra C18:0,Pasta,0.1,g
852,Pasta färsk m. ägg kokt u. salt,Palmitoljesyra C16:1,Pasta,0.0,g
852,Pasta färsk m. ägg kokt u. salt,Palmitinsyra C16:0,Pasta,0.3,g
852,Pasta färsk m. ägg kokt u. salt,Myristinsyra C14:0,Pasta,0.0,g
852,Pasta färsk m. ägg kokt u. salt,Laurinsyra C12:0,Pasta,0.0,g
852,Pasta färsk m. ägg kokt u. salt,Betakaroten/β-Karoten,Pasta,0.0,µg
852,Pasta färsk m. ägg kokt u. salt,Avfall (skal etc.),Pasta,0.0,%
852,Pasta färsk m. ägg kokt u. salt,Aska,Pasta,0.8,g
852,Pasta färsk m. ägg kokt u. salt,Alkohol,Pasta,0.0,g
853,Stuvade makaroner,"Zink, Zn",Pastarätter,0.6,mg
853,Stuvade makaroner,Vitamin E,Pastarätter,0.2,mg
853,Stuvade makaroner,Vitamin D inkl 25-OH-D3,Pastarätter,1.07,µg
853,Stuvade makaroner,Vitamin D,Pastarätter,1.07,µg
853,Stuvade makaroner,Vitamin C,Pastarätter,0.6,mg
853,Stuvade makaroner,Vitamin B6,Pastarätter,0.05,mg
853,Stuvade makaroner,Vitamin B12,Pastarätter,0.45,µg
853,Stuvade makaroner,Vitamin A,Pastarätter,28.3,RE/µg
853,Stuvade makaroner,Vatten,Pastarätter,65.0,g
853,Stuvade makaroner,Tiamin,Pastarätter,0.05,mg
853,Stuvade makaroner,Tillsatt socker,Pastarätter,0.0,g
853,Stuvade makaroner,Fritt socker,Pastarätter,0.0,g
853,Stuvade makaroner,"Selen, Se",Pastarätter,2.1,µg
853,Stuvade makaroner,Sackaros,Pastarätter,0.0,g
853,Stuvade makaroner,Riboflavin,Pastarätter,0.15,mg
853,Stuvade makaroner,Retinol,Pastarätter,26.7,µg
853,Stuvade makaroner,Protein,Pastarätter,6.7,g
853,Stuvade makaroner,Summa fleromättade fettsyror,Pastarätter,0.2,g
853,Stuvade makaroner,"Fosfor, P",Pastarätter,187.0,mg
853,Stuvade makaroner,Niacinekvivalenter,Pastarätter,1.85,NE/mg
853,Stuvade makaroner,Niacin,Pastarätter,0.53,mg
853,Stuvade makaroner,"Salt, NaCl",Pastarätter,0.8,g
853,Stuvade makaroner,"Natrium, Na",Pastarätter,333.0,mg
853,Stuvade makaroner,Monosackarider,Pastarätter,0.1,g
853,Stuvade makaroner,"Sockerarter, totalt",Pastarätter,5.0,g
853,Stuvade makaroner,Summa enkelomättade fettsyror,Pastarätter,0.8,g
853,Stuvade makaroner,"Magnesium, Mg",Pastarätter,23.0,mg
853,Stuvade makaroner,Summa mättade fettsyror,Pastarätter,2.1,g
853,Stuvade makaroner,"Kolhydrater, tillgängliga",Pastarätter,22.1,g
853,Stuvade makaroner,Kolesterol,Pastarätter,12.1,mg
853,Stuvade makaroner,"Kalium, K",Pastarätter,200.0,mg
853,Stuvade makaroner,"Jod, I",Pastarätter,61.2,µg
853,Stuvade makaroner,Fullkorn totalt,Pastarätter,0.0,g
853,Stuvade makaroner,"Folat, totalt",Pastarätter,9.3,µg
853,Stuvade makaroner,Fibrer,Pastarätter,1.0,g
853,Stuvade makaroner,"Fett, totalt",Pastarätter,3.5,g
853,Stuvade makaroner,"Järn, Fe",Pastarätter,0.3,mg
853,Stuvade makaroner,Energi (kJ),Pastarätter,628.0,kJ
853,Stuvade makaroner,Energi (kcal),Pastarätter,150.0,kcal
853,Stuvade makaroner,Disackarider,Pastarätter,5.0,g
853,Stuvade makaroner,"Kalcium, Ca",Pastarätter,139.0,mg
853,Stuvade makaroner,Fettsyra 4:0-10:0,Pastarätter,0.3,g
853,Stuvade makaroner,DHA (C22:6),Pastarätter,0.0,g
853,Stuvade makaroner,DPA (C22:5),Pastarätter,0.0,g
853,Stuvade makaroner,EPA (C20:5),Pastarätter,0.0,g
853,Stuvade makaroner,Arakidonsyra C20:4,Pastarätter,0.0,g
853,Stuvade makaroner,Arakidinsyra C20:0,Pastarätter,0.0,g
853,Stuvade makaroner,Linolensyra C18:3,Pastarätter,0.0,g
853,Stuvade makaroner,Linolsyra C18:2,Pastarätter,0.2,g
853,Stuvade makaroner,Oljesyra C18:1,Pastarätter,0.7,g
853,Stuvade makaroner,Stearinsyra C18:0,Pastarätter,0.3,g
853,Stuvade makaroner,Palmitoljesyra C16:1,Pastarätter,0.1,g
853,Stuvade makaroner,Palmitinsyra C16:0,Pastarätter,1.0,g
853,Stuvade makaroner,Myristinsyra C14:0,Pastarätter,0.3,g
853,Stuvade makaroner,Laurinsyra C12:0,Pastarätter,0.1,g
853,Stuvade makaroner,Betakaroten/β-Karoten,Pastarätter,19.0,µg
853,Stuvade makaroner,Avfall (skal etc.),Pastarätter,0.0,%
853,Stuvade makaroner,Aska,Pastarätter,1.7,g
853,Stuvade makaroner,Alkohol,Pastarätter,0.0,g
856,Pastagratäng makaronipudding,"Zink, Zn",Pastarätter,0.9,mg
856,Pastagratäng makaronipudding,Vitamin E,Pastarätter,0.8,mg
856,Pastagratäng makaronipudding,Vitamin D,Pastarätter,0.4,µg
856,Pastagratäng makaronipudding,Vitamin C,Pastarätter,1.4,mg
856,Pastagratäng makaronipudding,Vitamin B6,Pastarätter,0.08,mg
856,Pastagratäng makaronipudding,Vitamin B12,Pastarätter,0.41,µg
856,Pastagratäng makaronipudding,Vitamin A,Pastarätter,44.1,RE/µg
856,Pastagratäng makaronipudding,Vatten,Pastarätter,71.4,g
856,Pastagratäng makaronipudding,Tiamin,Pastarätter,0.08,mg
856,Pastagratäng makaronipudding,Tillsatt socker,Pastarätter,0.0,g
856,Pastagratäng makaronipudding,Fritt socker,Pastarätter,0.0,g
856,Pastagratäng makaronipudding,"Selen, Se",Pastarätter,4.1,µg
856,Pastagratäng makaronipudding,Sackaros,Pastarätter,0.1,g
856,Pastagratäng makaronipudding,Riboflavin,Pastarätter,0.17,mg
856,Pastagratäng makaronipudding,Retinol,Pastarätter,41.7,µg
856,Pastagratäng makaronipudding,Protein,Pastarätter,7.9,g
856,Pastagratäng makaronipudding,Summa fleromättade fettsyror,Pastarätter,0.5,g
856,Pastagratäng makaronipudding,"Fosfor, P",Pastarätter,130.0,mg
856,Pastagratäng makaronipudding,Niacinekvivalenter,Pastarätter,2.42,NE/mg
856,Pastagratäng makaronipudding,Niacin,Pastarätter,0.83,mg
856,Pastagratäng makaronipudding,"Salt, NaCl",Pastarätter,1.2,g
856,Pastagratäng makaronipudding,"Natrium, Na",Pastarätter,470.0,mg
856,Pastagratäng makaronipudding,Monosackarider,Pastarätter,0.4,g
856,Pastagratäng makaronipudding,"Sockerarter, totalt",Pastarätter,2.0,g
856,Pastagratäng makaronipudding,Summa enkelomättade fettsyror,Pastarätter,1.6,g
856,Pastagratäng makaronipudding,"Magnesium, Mg",Pastarätter,16.0,mg
856,Pastagratäng makaronipudding,Summa mättade fettsyror,Pastarätter,2.0,g
856,Pastagratäng makaronipudding,"Kolhydrater, tillgängliga",Pastarätter,13.4,g
856,Pastagratäng makaronipudding,Kolesterol,Pastarätter,46.7,mg
856,Pastagratäng makaronipudding,"Kalium, K",Pastarätter,116.0,mg
856,Pastagratäng makaronipudding,"Jod, I",Pastarätter,43.5,µg
856,Pastagratäng makaronipudding,Fullkorn totalt,Pastarätter,0.0,g
856,Pastagratäng makaronipudding,"Folat, totalt",Pastarätter,12.1,µg
856,Pastagratäng makaronipudding,Fibrer,Pastarätter,1.0,g
856,Pastagratäng makaronipudding,"Fett, totalt",Pastarätter,4.6,g
856,Pastagratäng makaronipudding,"Järn, Fe",Pastarätter,0.5,mg
856,Pastagratäng makaronipudding,Energi (kJ),Pastarätter,539.0,kJ
856,Pastagratäng makaronipudding,Energi (kcal),Pastarätter,129.0,kcal
856,Pastagratäng makaronipudding,Disackarider,Pastarätter,1.6,g
856,Pastagratäng makaronipudding,"Kalcium, Ca",Pastarätter,87.0,mg
856,Pastagratäng makaronipudding,Fettsyra 4:0-10:0,Pastarätter,0.2,g
856,Pastagratäng makaronipudding,DHA (C22:6),Pastarätter,0.0,g
856,Pastagratäng makaronipudding,DPA (C22:5),Pastarätter,0.0,g
856,Pastagratäng makaronipudding,EPA (C20:5),Pastarätter,0.0,g
856,Pastagratäng makaronipudding,Arakidonsyra C20:4,Pastarätter,0.0,g
856,Pastagratäng makaronipudding,Arakidinsyra C20:0,Pastarätter,0.0,g
856,Pastagratäng makaronipudding,Linolensyra C18:3,Pastarätter,0.1,g
856,Pastagratäng makaronipudding,Linolsyra C18:2,Pastarätter,0.4,g
856,Pastagratäng makaronipudding,Oljesyra C18:1,Pastarätter,1.4,g
856,Pastagratäng makaronipudding,Stearinsyra C18:0,Pastarätter,0.4,g
856,Pastagratäng makaronipudding,Palmitoljesyra C16:1,Pastarätter,0.1,g
856,Pastagratäng makaronipudding,Palmitinsyra C16:0,Pastarätter,1.1,g
856,Pastagratäng makaronipudding,Myristinsyra C14:0,Pastarätter,0.2,g
856,Pastagratäng makaronipudding,Laurinsyra C12:0,Pastarätter,0.1,g
856,Pastagratäng makaronipudding,Betakaroten/β-Karoten,Pastarätter,23.0,µg
856,Pastagratäng makaronipudding,Avfall (skal etc.),Pastarätter,2.0,%
856,Pastagratäng makaronipudding,Aska,Pastarätter,1.7,g
856,Pastagratäng makaronipudding,Alkohol,Pastarätter,0.0,g
858,Spagetti m. köttfärssås,"Zink, Zn",Pastarätter,1.2,mg
858,Spagetti m. köttfärssås,Vitamin E,Pastarätter,0.8,mg
858,Spagetti m. köttfärssås,Vitamin D inkl 25-OH-D3,Pastarätter,0.11,µg
858,Spagetti m. köttfärssås,Vitamin D,Pastarätter,0.05,µg
858,Spagetti m. köttfärssås,Vitamin C,Pastarätter,2.4,mg
858,Spagetti m. köttfärssås,Vitamin B6,Pastarätter,0.07,mg
858,Spagetti m. köttfärssås,Vitamin B12,Pastarätter,0.17,µg
858,Spagetti m. köttfärssås,Vitamin A,Pastarätter,14.1,RE/µg
858,Spagetti m. köttfärssås,Vatten,Pastarätter,69.9,g
858,Spagetti m. köttfärssås,Tiamin,Pastarätter,0.05,mg
858,Spagetti m. köttfärssås,Tillsatt socker,Pastarätter,0.0,g
858,Spagetti m. köttfärssås,Fritt socker,Pastarätter,0.0,g
858,Spagetti m. köttfärssås,"Selen, Se",Pastarätter,1.0,µg
858,Spagetti m. köttfärssås,Sackaros,Pastarätter,0.3,g
858,Spagetti m. köttfärssås,Riboflavin,Pastarätter,0.08,mg
858,Spagetti m. köttfärssås,Retinol,Pastarätter,3.4,µg
858,Spagetti m. köttfärssås,Protein,Pastarätter,6.7,g
858,Spagetti m. köttfärssås,Summa fleromättade fettsyror,Pastarätter,0.4,g
858,Spagetti m. köttfärssås,"Fosfor, P",Pastarätter,71.0,mg
858,Spagetti m. köttfärssås,Niacinekvivalenter,Pastarätter,2.57,NE/mg
858,Spagetti m. köttfärssås,Niacin,Pastarätter,1.4,mg
858,Spagetti m. köttfärssås,"Salt, NaCl",Pastarätter,1.1,g
858,Spagetti m. köttfärssås,"Natrium, Na",Pastarätter,430.0,mg
858,Spagetti m. köttfärssås,Monosackarider,Pastarätter,1.4,g
858,Spagetti m. köttfärssås,"Sockerarter, totalt",Pastarätter,1.9,g
858,Spagetti m. köttfärssås,Summa enkelomättade fettsyror,Pastarätter,1.5,g
858,Spagetti m. köttfärssås,"Magnesium, Mg",Pastarätter,19.0,mg
858,Spagetti m. köttfärssås,Summa mättade fettsyror,Pastarätter,1.1,g
858,Spagetti m. köttfärssås,"Kolhydrater, tillgängliga",Pastarätter,17.0,g
858,Spagetti m. köttfärssås,Kolesterol,Pastarätter,10.8,mg
858,Spagetti m. köttfärssås,"Kalium, K",Pastarätter,120.0,mg
858,Spagetti m. köttfärssås,"Jod, I",Pastarätter,24.3,µg
858,Spagetti m. köttfärssås,Fullkorn totalt,Pastarätter,0.0,g
858,Spagetti m. köttfärssås,"Folat, totalt",Pastarätter,7.2,µg
858,Spagetti m. köttfärssås,Fibrer,Pastarätter,1.6,g
858,Spagetti m. köttfärssås,"Fett, totalt",Pastarätter,3.3,g
858,Spagetti m. köttfärssås,"Järn, Fe",Pastarätter,0.9,mg
858,Spagetti m. köttfärssås,Energi (kJ),Pastarätter,538.0,kJ
858,Spagetti m. köttfärssås,Energi (kcal),Pastarätter,128.0,kcal
858,Spagetti m. köttfärssås,Disackarider,Pastarätter,0.6,g
858,Spagetti m. köttfärssås,"Kalcium, Ca",Pastarätter,16.0,mg
858,Spagetti m. köttfärssås,Fettsyra 4:0-10:0,Pastarätter,0.0,g
858,Spagetti m. köttfärssås,DHA (C22:6),Pastarätter,0.0,g
858,Spagetti m. köttfärssås,DPA (C22:5),Pastarätter,0.0,g
858,Spagetti m. köttfärssås,EPA (C20:5),Pastarätter,0.0,g
858,Spagetti m. köttfärssås,Arakidonsyra C20:4,Pastarätter,0.0,g
858,Spagetti m. köttfärssås,Arakidinsyra C20:0,Pastarätter,0.0,g
858,Spagetti m. köttfärssås,Linolensyra C18:3,Pastarätter,0.1,g
858,Spagetti m. köttfärssås,Linolsyra C18:2,Pastarätter,0.4,g
858,Spagetti m. köttfärssås,Oljesyra C18:1,Pastarätter,1.3,g
858,Spagetti m. köttfärssås,Stearinsyra C18:0,Pastarätter,0.3,g
858,Spagetti m. köttfärssås,Palmitoljesyra C16:1,Pastarätter,0.1,g
858,Spagetti m. köttfärssås,Palmitinsyra C16:0,Pastarätter,0.6,g
858,Spagetti m. köttfärssås,Myristinsyra C14:0,Pastarätter,0.1,g
858,Spagetti m. köttfärssås,Laurinsyra C12:0,Pastarätter,0.0,g
858,Spagetti m. köttfärssås,Betakaroten/β-Karoten,Pastarätter,108.0,µg
858,Spagetti m. köttfärssås,Avfall (skal etc.),Pastarätter,0.0,%
858,Spagetti m. köttfärssås,Aska,Pastarätter,1.5,g
858,Spagetti m. köttfärssås,Alkohol,Pastarätter,0.0,g
861,Ravioli m. sås värmd frysvara el. konserv.,"Zink, Zn",Pastarätter,0.6,mg
861,Ravioli m. sås värmd frysvara el. konserv.,Vitamin E,Pastarätter,0.3,mg
861,Ravioli m. sås värmd frysvara el. konserv.,Vitamin D,Pastarätter,0.05,µg
861,Ravioli m. sås värmd frysvara el. konserv.,Vitamin C,Pastarätter,0.0,mg
861,Ravioli m. sås värmd frysvara el. konserv.,Vitamin B6,Pastarätter,0.08,mg
861,Ravioli m. sås värmd frysvara el. konserv.,Vitamin B12,Pastarätter,0.3,µg
861,Ravioli m. sås värmd frysvara el. konserv.,Vitamin A,Pastarätter,12.8,RE/µg
861,Ravioli m. sås värmd frysvara el. konserv.,Vatten,Pastarätter,76.0,g
861,Ravioli m. sås värmd frysvara el. konserv.,Tiamin,Pastarätter,0.05,mg
861,Ravioli m. sås värmd frysvara el. konserv.,Tillsatt socker,Pastarätter,0.0,g
861,Ravioli m. sås värmd frysvara el. konserv.,Fritt socker,Pastarätter,0.0,g
861,Ravioli m. sås värmd frysvara el. konserv.,"Selen, Se",Pastarätter,1.0,µg
861,Ravioli m. sås värmd frysvara el. konserv.,Sackaros,Pastarätter,0.1,g
861,Ravioli m. sås värmd frysvara el. konserv.,Riboflavin,Pastarätter,0.03,mg
861,Ravioli m. sås värmd frysvara el. konserv.,Retinol,Pastarätter,2.0,µg
861,Ravioli m. sås värmd frysvara el. konserv.,Protein,Pastarätter,3.8,g
861,Ravioli m. sås värmd frysvara el. konserv.,Summa fleromättade fettsyror,Pastarätter,0.3,g
861,Ravioli m. sås värmd frysvara el. konserv.,"Fosfor, P",Pastarätter,39.0,mg
861,Ravioli m. sås värmd frysvara el. konserv.,Niacinekvivalenter,Pastarätter,2.13,NE/mg
861,Ravioli m. sås värmd frysvara el. konserv.,Niacin,Pastarätter,1.5,mg
861,Ravioli m. sås värmd frysvara el. konserv.,"Salt, NaCl",Pastarätter,1.2,g
861,Ravioli m. sås värmd frysvara el. konserv.,"Natrium, Na",Pastarätter,485.0,mg
861,Ravioli m. sås värmd frysvara el. konserv.,Monosackarider,Pastarätter,0.2,g
861,Ravioli m. sås värmd frysvara el. konserv.,"Sockerarter, totalt",Pastarätter,0.4,g
861,Ravioli m. sås värmd frysvara el. konserv.,Summa enkelomättade fettsyror,Pastarätter,1.4,g
861,Ravioli m. sås värmd frysvara el. konserv.,"Magnesium, Mg",Pastarätter,19.0,mg
861,Ravioli m. sås värmd frysvara el. konserv.,Summa mättade fettsyror,Pastarätter,1.6,g
861,Ravioli m. sås värmd frysvara el. konserv.,"Kolhydrater, tillgängliga",Pastarätter,14.7,g
861,Ravioli m. sås värmd frysvara el. konserv.,Kolesterol,Pastarätter,9.0,mg
861,Ravioli m. sås värmd frysvara el. konserv.,"Kalium, K",Pastarätter,142.0,mg
861,Ravioli m. sås värmd frysvara el. konserv.,"Jod, I",Pastarätter,1.6,µg
861,Ravioli m. sås värmd frysvara el. konserv.,Fullkorn totalt,Pastarätter,0.0,g
861,Ravioli m. sås värmd frysvara el. konserv.,"Folat, totalt",Pastarätter,22.0,µg
861,Ravioli m. sås värmd frysvara el. konserv.,Fibrer,Pastarätter,0.2,g
861,Ravioli m. sås värmd frysvara el. konserv.,"Fett, totalt",Pastarätter,3.5,g
861,Ravioli m. sås värmd frysvara el. konserv.,"Järn, Fe",Pastarätter,1.0,mg
861,Ravioli m. sås värmd frysvara el. konserv.,Energi (kJ),Pastarätter,446.0,kJ
861,Ravioli m. sås värmd frysvara el. konserv.,Energi (kcal),Pastarätter,106.0,kcal
861,Ravioli m. sås värmd frysvara el. konserv.,Disackarider,Pastarätter,0.2,g
861,Ravioli m. sås värmd frysvara el. konserv.,"Kalcium, Ca",Pastarätter,12.0,mg
861,Ravioli m. sås värmd frysvara el. konserv.,Fettsyra 4:0-10:0,Pastarätter,0.0,g
861,Ravioli m. sås värmd frysvara el. konserv.,DHA (C22:6),Pastarätter,0.0,g
861,Ravioli m. sås värmd frysvara el. konserv.,DPA (C22:5),Pastarätter,0.0,g
861,Ravioli m. sås värmd frysvara el. konserv.,EPA (C20:5),Pastarätter,0.0,g
861,Ravioli m. sås värmd frysvara el. konserv.,Arakidonsyra C20:4,Pastarätter,0.0,g
861,Ravioli m. sås värmd frysvara el. konserv.,Arakidinsyra C20:0,Pastarätter,0.0,g
861,Ravioli m. sås värmd frysvara el. konserv.,Linolensyra C18:3,Pastarätter,0.0,g
861,Ravioli m. sås värmd frysvara el. konserv.,Linolsyra C18:2,Pastarätter,0.3,g
861,Ravioli m. sås värmd frysvara el. konserv.,Oljesyra C18:1,Pastarätter,1.2,g
861,Ravioli m. sås värmd frysvara el. konserv.,Stearinsyra C18:0,Pastarätter,0.4,g
861,Ravioli m. sås värmd frysvara el. konserv.,Palmitoljesyra C16:1,Pastarätter,0.1,g
861,Ravioli m. sås värmd frysvara el. konserv.,Palmitinsyra C16:0,Pastarätter,0.8,g
861,Ravioli m. sås värmd frysvara el. konserv.,Myristinsyra C14:0,Pastarätter,0.1,g
861,Ravioli m. sås värmd frysvara el. konserv.,Laurinsyra C12:0,Pastarätter,0.1,g
861,Ravioli m. sås värmd frysvara el. konserv.,Betakaroten/β-Karoten,Pastarätter,130.0,µg
861,Ravioli m. sås värmd frysvara el. konserv.,Avfall (skal etc.),Pastarätter,0.0,%
861,Ravioli m. sås värmd frysvara el. konserv.,Aska,Pastarätter,1.8,g
861,Ravioli m. sås värmd frysvara el. konserv.,Alkohol,Pastarätter,0.0,g
862,Tortellini m. kött kokt,"Zink, Zn",Pastarätter,0.8,mg
862,Tortellini m. kött kokt,Vitamin E,Pastarätter,0.3,mg
862,Tortellini m. kött kokt,Vitamin D,Pastarätter,0.0,µg
862,Tortellini m. kött kokt,Vitamin C,Pastarätter,0.0,mg
862,Tortellini m. kött kokt,Vitamin B6,Pastarätter,0.07,mg
862,Tortellini m. kött kokt,Vitamin B12,Pastarätter,0.2,µg
862,Tortellini m. kött kokt,Vitamin A,Pastarätter,0.0,RE/µg
862,Tortellini m. kött kokt,Vatten,Pastarätter,63.8,g
862,Tortellini m. kött kokt,Tiamin,Pastarätter,0.09,mg
862,Tortellini m. kött kokt,Tillsatt socker,Pastarätter,1.0,g
862,Tortellini m. kött kokt,Fritt socker,Pastarätter,1.0,g
862,Tortellini m. kött kokt,"Selen, Se",Pastarätter,1.1,µg
862,Tortellini m. kött kokt,Sackaros,Pastarätter,0.2,g
862,Tortellini m. kött kokt,Riboflavin,Pastarätter,0.06,mg
862,Tortellini m. kött kokt,Retinol,Pastarätter,0.0,µg
862,Tortellini m. kött kokt,Protein,Pastarätter,5.6,g
862,Tortellini m. kött kokt,Summa fleromättade fettsyror,Pastarätter,0.7,g
862,Tortellini m. kött kokt,"Fosfor, P",Pastarätter,86.0,mg
862,Tortellini m. kött kokt,Niacinekvivalenter,Pastarätter,2.2,NE/mg
862,Tortellini m. kött kokt,Niacin,Pastarätter,1.19,mg
862,Tortellini m. kött kokt,"Salt, NaCl",Pastarätter,0.8,g
862,Tortellini m. kött kokt,"Natrium, Na",Pastarätter,327.0,mg
862,Tortellini m. kött kokt,Monosackarider,Pastarätter,0.0,g
862,Tortellini m. kött kokt,"Sockerarter, totalt",Pastarätter,1.1,g
862,Tortellini m. kött kokt,Summa enkelomättade fettsyror,Pastarätter,1.8,g
862,Tortellini m. kött kokt,"Magnesium, Mg",Pastarätter,18.0,mg
862,Tortellini m. kött kokt,Summa mättade fettsyror,Pastarätter,1.5,g
862,Tortellini m. kött kokt,"Kolhydrater, tillgängliga",Pastarätter,22.2,g
862,Tortellini m. kött kokt,Kolesterol,Pastarätter,46.3,mg
862,Tortellini m. kött kokt,"Kalium, K",Pastarätter,54.0,mg
862,Tortellini m. kött kokt,"Jod, I",Pastarätter,8.2,µg
862,Tortellini m. kött kokt,Fullkorn totalt,Pastarätter,0.0,g
862,Tortellini m. kött kokt,"Folat, totalt",Pastarätter,15.9,µg
862,Tortellini m. kött kokt,Fibrer,Pastarätter,3.0,g
862,Tortellini m. kött kokt,"Fett, totalt",Pastarätter,4.3,g
862,Tortellini m. kött kokt,"Järn, Fe",Pastarätter,0.9,mg
862,Tortellini m. kött kokt,Energi (kJ),Pastarätter,658.0,kJ
862,Tortellini m. kött kokt,Energi (kcal),Pastarätter,157.0,kcal
862,Tortellini m. kött kokt,Disackarider,Pastarätter,1.1,g
862,Tortellini m. kött kokt,"Kalcium, Ca",Pastarätter,172.0,mg
862,Tortellini m. kött kokt,Fettsyra 4:0-10:0,Pastarätter,0.0,g
862,Tortellini m. kött kokt,DHA (C22:6),Pastarätter,0.0,g
862,Tortellini m. kött kokt,DPA (C22:5),Pastarätter,0.0,g
862,Tortellini m. kött kokt,EPA (C20:5),Pastarätter,0.0,g
862,Tortellini m. kött kokt,Arakidonsyra C20:4,Pastarätter,0.0,g
862,Tortellini m. kött kokt,Arakidinsyra C20:0,Pastarätter,0.0,g
862,Tortellini m. kött kokt,Linolensyra C18:3,Pastarätter,0.0,g
862,Tortellini m. kött kokt,Linolsyra C18:2,Pastarätter,0.6,g
862,Tortellini m. kött kokt,Oljesyra C18:1,Pastarätter,1.6,g
862,Tortellini m. kött kokt,Stearinsyra C18:0,Pastarätter,0.4,g
862,Tortellini m. kött kokt,Palmitoljesyra C16:1,Pastarätter,0.1,g
862,Tortellini m. kött kokt,Palmitinsyra C16:0,Pastarätter,0.9,g
862,Tortellini m. kött kokt,Myristinsyra C14:0,Pastarätter,0.1,g
862,Tortellini m. kött kokt,Laurinsyra C12:0,Pastarätter,0.0,g
862,Tortellini m. kött kokt,Betakaroten/β-Karoten,Pastarätter,0.0,µg
862,Tortellini m. kött kokt,Avfall (skal etc.),Pastarätter,0.0,%
862,Tortellini m. kött kokt,Aska,Pastarätter,1.0,g
862,Tortellini m. kött kokt,Alkohol,Pastarätter,0.0,g
866,Lasagne m. spenat chèvre veg. ,"Zink, Zn",Pastarätter,0.6,mg
866,Lasagne m. spenat chèvre veg. ,Vitamin E,Pastarätter,1.2,mg
866,Lasagne m. spenat chèvre veg. ,Vitamin D,Pastarätter,0.41,µg
866,Lasagne m. spenat chèvre veg. ,Vitamin C,Pastarätter,3.3,mg
866,Lasagne m. spenat chèvre veg. ,Vitamin B6,Pastarätter,0.09,mg
866,Lasagne m. spenat chèvre veg. ,Vitamin B12,Pastarätter,0.18,µg
866,Lasagne m. spenat chèvre veg. ,Vitamin A,Pastarätter,109.1,RE/µg
866,Lasagne m. spenat chèvre veg. ,Vatten,Pastarätter,69.6,g
866,Lasagne m. spenat chèvre veg. ,Tiamin,Pastarätter,0.04,mg
866,Lasagne m. spenat chèvre veg. ,Tillsatt socker,Pastarätter,0.0,g
866,Lasagne m. spenat chèvre veg. ,Fritt socker,Pastarätter,0.0,g
866,Lasagne m. spenat chèvre veg. ,"Selen, Se",Pastarätter,2.2,µg
866,Lasagne m. spenat chèvre veg. ,Sackaros,Pastarätter,0.2,g
866,Lasagne m. spenat chèvre veg. ,Riboflavin,Pastarätter,0.16,mg
866,Lasagne m. spenat chèvre veg. ,Retinol,Pastarätter,48.3,µg
866,Lasagne m. spenat chèvre veg. ,Protein,Pastarätter,6.7,g
866,Lasagne m. spenat chèvre veg. ,Summa fleromättade fettsyror,Pastarätter,0.8,g
866,Lasagne m. spenat chèvre veg. ,"Fosfor, P",Pastarätter,127.0,mg
866,Lasagne m. spenat chèvre veg. ,Niacinekvivalenter,Pastarätter,1.93,NE/mg
866,Lasagne m. spenat chèvre veg. ,Niacin,Pastarätter,0.52,mg
866,Lasagne m. spenat chèvre veg. ,"Salt, NaCl",Pastarätter,1.4,g
866,Lasagne m. spenat chèvre veg. ,"Natrium, Na",Pastarätter,574.0,mg
866,Lasagne m. spenat chèvre veg. ,Monosackarider,Pastarätter,0.9,g
866,Lasagne m. spenat chèvre veg. ,"Sockerarter, totalt",Pastarätter,3.2,g
866,Lasagne m. spenat chèvre veg. ,Summa enkelomättade fettsyror,Pastarätter,2.2,g
866,Lasagne m. spenat chèvre veg. ,"Magnesium, Mg",Pastarätter,25.0,mg
866,Lasagne m. spenat chèvre veg. ,Summa mättade fettsyror,Pastarätter,3.6,g
866,Lasagne m. spenat chèvre veg. ,"Kolhydrater, tillgängliga",Pastarätter,12.1,g
866,Lasagne m. spenat chèvre veg. ,Kolesterol,Pastarätter,16.7,mg
866,Lasagne m. spenat chèvre veg. ,"Kalium, K",Pastarätter,218.0,mg
866,Lasagne m. spenat chèvre veg. ,"Jod, I",Pastarätter,72.5,µg
866,Lasagne m. spenat chèvre veg. ,Fullkorn totalt,Pastarätter,0.0,g
866,Lasagne m. spenat chèvre veg. ,"Folat, totalt",Pastarätter,23.8,µg
866,Lasagne m. spenat chèvre veg. ,Fibrer,Pastarätter,2.1,g
866,Lasagne m. spenat chèvre veg. ,"Fett, totalt",Pastarätter,7.1,g
866,Lasagne m. spenat chèvre veg. ,"Järn, Fe",Pastarätter,0.7,mg
866,Lasagne m. spenat chèvre veg. ,Energi (kJ),Pastarätter,602.0,kJ
866,Lasagne m. spenat chèvre veg. ,Energi (kcal),Pastarätter,144.0,kcal
866,Lasagne m. spenat chèvre veg. ,Disackarider,Pastarätter,2.3,g
866,Lasagne m. spenat chèvre veg. ,"Kalcium, Ca",Pastarätter,112.0,mg
866,Lasagne m. spenat chèvre veg. ,Fettsyra 4:0-10:0,Pastarätter,0.6,g
866,Lasagne m. spenat chèvre veg. ,DHA (C22:6),Pastarätter,0.0,g
866,Lasagne m. spenat chèvre veg. ,DPA (C22:5),Pastarätter,0.0,g
866,Lasagne m. spenat chèvre veg. ,EPA (C20:5),Pastarätter,0.0,g
866,Lasagne m. spenat chèvre veg. ,Arakidonsyra C20:4,Pastarätter,0.0,g
866,Lasagne m. spenat chèvre veg. ,Arakidinsyra C20:0,Pastarätter,0.0,g
866,Lasagne m. spenat chèvre veg. ,Linolensyra C18:3,Pastarätter,0.1,g
866,Lasagne m. spenat chèvre veg. ,Linolsyra C18:2,Pastarätter,0.7,g
866,Lasagne m. spenat chèvre veg. ,Oljesyra C18:1,Pastarätter,2.1,g
866,Lasagne m. spenat chèvre veg. ,Stearinsyra C18:0,Pastarätter,0.6,g
866,Lasagne m. spenat chèvre veg. ,Palmitoljesyra C16:1,Pastarätter,0.1,g
866,Lasagne m. spenat chèvre veg. ,Palmitinsyra C16:0,Pastarätter,1.5,g
866,Lasagne m. spenat chèvre veg. ,Myristinsyra C14:0,Pastarätter,0.5,g
866,Lasagne m. spenat chèvre veg. ,Laurinsyra C12:0,Pastarätter,0.2,g
866,Lasagne m. spenat chèvre veg. ,Betakaroten/β-Karoten,Pastarätter,726.0,µg
866,Lasagne m. spenat chèvre veg. ,Avfall (skal etc.),Pastarätter,0.0,%
866,Lasagne m. spenat chèvre veg. ,Aska,Pastarätter,2.3,g
866,Lasagne m. spenat chèvre veg. ,Alkohol,Pastarätter,0.0,g
867,Pastagratäng makaronipudding veg.,"Zink, Zn",Pastarätter,0.7,mg
867,Pastagratäng makaronipudding veg.,Vitamin E,Pastarätter,0.9,mg
867,Pastagratäng makaronipudding veg.,Vitamin D,Pastarätter,0.39,µg
867,Pastagratäng makaronipudding veg.,Vitamin C,Pastarätter,1.0,mg
867,Pastagratäng makaronipudding veg.,Vitamin B6,Pastarätter,0.05,mg
867,Pastagratäng makaronipudding veg.,Vitamin B12,Pastarätter,0.38,µg
867,Pastagratäng makaronipudding veg.,Vitamin A,Pastarätter,48.5,RE/µg
867,Pastagratäng makaronipudding veg.,Vatten,Pastarätter,72.2,g
867,Pastagratäng makaronipudding veg.,Tiamin,Pastarätter,0.04,mg
867,Pastagratäng makaronipudding veg.,Tillsatt socker,Pastarätter,0.0,g
867,Pastagratäng makaronipudding veg.,Fritt socker,Pastarätter,0.0,g
867,Pastagratäng makaronipudding veg.,"Selen, Se",Pastarätter,3.8,µg
867,Pastagratäng makaronipudding veg.,Sackaros,Pastarätter,0.1,g
867,Pastagratäng makaronipudding veg.,Riboflavin,Pastarätter,0.15,mg
867,Pastagratäng makaronipudding veg.,Retinol,Pastarätter,45.7,µg
867,Pastagratäng makaronipudding veg.,Protein,Pastarätter,6.4,g
867,Pastagratäng makaronipudding veg.,Summa fleromättade fettsyror,Pastarätter,0.4,g
867,Pastagratäng makaronipudding veg.,"Fosfor, P",Pastarätter,123.0,mg
867,Pastagratäng makaronipudding veg.,Niacinekvivalenter,Pastarätter,1.67,NE/mg
867,Pastagratäng makaronipudding veg.,Niacin,Pastarätter,0.33,mg
867,Pastagratäng makaronipudding veg.,"Salt, NaCl",Pastarätter,0.9,g
867,Pastagratäng makaronipudding veg.,"Natrium, Na",Pastarätter,340.0,mg
867,Pastagratäng makaronipudding veg.,Monosackarider,Pastarätter,0.3,g
867,Pastagratäng makaronipudding veg.,"Sockerarter, totalt",Pastarätter,2.1,g
867,Pastagratäng makaronipudding veg.,Summa enkelomättade fettsyror,Pastarätter,1.2,g
867,Pastagratäng makaronipudding veg.,"Magnesium, Mg",Pastarätter,16.0,mg
867,Pastagratäng makaronipudding veg.,Summa mättade fettsyror,Pastarätter,1.8,g
867,Pastagratäng makaronipudding veg.,"Kolhydrater, tillgängliga",Pastarätter,15.0,g
867,Pastagratäng makaronipudding veg.,Kolesterol,Pastarätter,45.2,mg
867,Pastagratäng makaronipudding veg.,"Kalium, K",Pastarätter,101.0,mg
867,Pastagratäng makaronipudding veg.,"Jod, I",Pastarätter,49.5,µg
867,Pastagratäng makaronipudding veg.,Fullkorn totalt,Pastarätter,0.0,g
867,Pastagratäng makaronipudding veg.,"Folat, totalt",Pastarätter,13.5,µg
867,Pastagratäng makaronipudding veg.,Fibrer,Pastarätter,1.1,g
867,Pastagratäng makaronipudding veg.,"Fett, totalt",Pastarätter,3.9,g
867,Pastagratäng makaronipudding veg.,"Järn, Fe",Pastarätter,0.5,mg
867,Pastagratäng makaronipudding veg.,Energi (kJ),Pastarätter,516.0,kJ
867,Pastagratäng makaronipudding veg.,Energi (kcal),Pastarätter,123.0,kcal
867,Pastagratäng makaronipudding veg.,Disackarider,Pastarätter,1.8,g
867,Pastagratäng makaronipudding veg.,"Kalcium, Ca",Pastarätter,98.0,mg
867,Pastagratäng makaronipudding veg.,Fettsyra 4:0-10:0,Pastarätter,0.2,g
867,Pastagratäng makaronipudding veg.,DHA (C22:6),Pastarätter,0.0,g
867,Pastagratäng makaronipudding veg.,DPA (C22:5),Pastarätter,0.0,g
867,Pastagratäng makaronipudding veg.,EPA (C20:5),Pastarätter,0.0,g
867,Pastagratäng makaronipudding veg.,Arakidonsyra C20:4,Pastarätter,0.0,g
867,Pastagratäng makaronipudding veg.,Arakidinsyra C20:0,Pastarätter,0.0,g
867,Pastagratäng makaronipudding veg.,Linolensyra C18:3,Pastarätter,0.1,g
867,Pastagratäng makaronipudding veg.,Linolsyra C18:2,Pastarätter,0.4,g
867,Pastagratäng makaronipudding veg.,Oljesyra C18:1,Pastarätter,1.1,g
867,Pastagratäng makaronipudding veg.,Stearinsyra C18:0,Pastarätter,0.3,g
867,Pastagratäng makaronipudding veg.,Palmitoljesyra C16:1,Pastarätter,0.1,g
867,Pastagratäng makaronipudding veg.,Palmitinsyra C16:0,Pastarätter,0.9,g
867,Pastagratäng makaronipudding veg.,Myristinsyra C14:0,Pastarätter,0.2,g
867,Pastagratäng makaronipudding veg.,Laurinsyra C12:0,Pastarätter,0.1,g
867,Pastagratäng makaronipudding veg.,Betakaroten/β-Karoten,Pastarätter,26.0,µg
867,Pastagratäng makaronipudding veg.,Avfall (skal etc.),Pastarätter,2.0,%
867,Pastagratäng makaronipudding veg.,Aska,Pastarätter,1.3,g
867,Pastagratäng makaronipudding veg.,Alkohol,Pastarätter,0.0,g
869,Lasagne värmd frysvara,"Zink, Zn",Pastarätter,0.7,mg
869,Lasagne värmd frysvara,Vitamin E,Pastarätter,0.7,mg
869,Lasagne värmd frysvara,Vitamin D,Pastarätter,0.1,µg
869,Lasagne värmd frysvara,Vitamin C,Pastarätter,3.1,mg
869,Lasagne värmd frysvara,Vitamin B6,Pastarätter,0.09,mg
869,Lasagne värmd frysvara,Vitamin B12,Pastarätter,0.23,µg
869,Lasagne värmd frysvara,Vitamin A,Pastarätter,51.0,RE/µg
869,Lasagne värmd frysvara,Vatten,Pastarätter,70.6,g
869,Lasagne värmd frysvara,Tiamin,Pastarätter,0.07,mg
869,Lasagne värmd frysvara,Tillsatt socker,Pastarätter,3.0,g
869,Lasagne värmd frysvara,Fritt socker,Pastarätter,3.0,g
869,Lasagne värmd frysvara,"Selen, Se",Pastarätter,9.5,µg
869,Lasagne värmd frysvara,Sackaros,Pastarätter,0.4,g
869,Lasagne värmd frysvara,Riboflavin,Pastarätter,0.08,mg
869,Lasagne värmd frysvara,Retinol,Pastarätter,31.2,µg
869,Lasagne värmd frysvara,Protein,Pastarätter,6.6,g
869,Lasagne värmd frysvara,Summa fleromättade fettsyror,Pastarätter,0.5,g
869,Lasagne värmd frysvara,"Fosfor, P",Pastarätter,92.0,mg
869,Lasagne värmd frysvara,Niacinekvivalenter,Pastarätter,2.1,NE/mg
869,Lasagne värmd frysvara,Niacin,Pastarätter,0.93,mg
869,Lasagne värmd frysvara,"Salt, NaCl",Pastarätter,0.8,g
869,Lasagne värmd frysvara,"Natrium, Na",Pastarätter,330.0,mg
869,Lasagne värmd frysvara,Monosackarider,Pastarätter,1.2,g
869,Lasagne värmd frysvara,"Sockerarter, totalt",Pastarätter,2.5,g
869,Lasagne värmd frysvara,Summa enkelomättade fettsyror,Pastarätter,2.1,g
869,Lasagne värmd frysvara,"Magnesium, Mg",Pastarätter,15.0,mg
869,Lasagne värmd frysvara,Summa mättade fettsyror,Pastarätter,3.0,g
869,Lasagne värmd frysvara,"Kolhydrater, tillgängliga",Pastarätter,14.4,g
869,Lasagne värmd frysvara,Kolesterol,Pastarätter,14.1,mg
869,Lasagne värmd frysvara,"Kalium, K",Pastarätter,155.0,mg
869,Lasagne värmd frysvara,"Jod, I",Pastarätter,4.8,µg
869,Lasagne värmd frysvara,Fullkorn totalt,Pastarätter,0.0,g
869,Lasagne värmd frysvara,"Folat, totalt",Pastarätter,16.2,µg
869,Lasagne värmd frysvara,Fibrer,Pastarätter,1.1,g
869,Lasagne värmd frysvara,"Fett, totalt",Pastarätter,5.9,g
869,Lasagne värmd frysvara,"Järn, Fe",Pastarätter,0.5,mg
869,Lasagne värmd frysvara,Energi (kJ),Pastarätter,584.0,kJ
869,Lasagne värmd frysvara,Energi (kcal),Pastarätter,140.0,kcal
869,Lasagne värmd frysvara,Disackarider,Pastarätter,1.3,g
869,Lasagne värmd frysvara,"Kalcium, Ca",Pastarätter,57.0,mg
869,Lasagne värmd frysvara,Fettsyra 4:0-10:0,Pastarätter,0.3,g
869,Lasagne värmd frysvara,DHA (C22:6),Pastarätter,0.0,g
869,Lasagne värmd frysvara,DPA (C22:5),Pastarätter,0.0,g
869,Lasagne värmd frysvara,EPA (C20:5),Pastarätter,0.0,g
869,Lasagne värmd frysvara,Arakidonsyra C20:4,Pastarätter,0.0,g
869,Lasagne värmd frysvara,Arakidinsyra C20:0,Pastarätter,0.0,g
869,Lasagne värmd frysvara,Linolensyra C18:3,Pastarätter,0.1,g
869,Lasagne värmd frysvara,Linolsyra C18:2,Pastarätter,0.4,g
869,Lasagne värmd frysvara,Oljesyra C18:1,Pastarätter,1.9,g
869,Lasagne värmd frysvara,Stearinsyra C18:0,Pastarätter,0.6,g
869,Lasagne värmd frysvara,Palmitoljesyra C16:1,Pastarätter,0.1,g
869,Lasagne värmd frysvara,Palmitinsyra C16:0,Pastarätter,1.4,g
869,Lasagne värmd frysvara,Myristinsyra C14:0,Pastarätter,0.4,g
869,Lasagne värmd frysvara,Laurinsyra C12:0,Pastarätter,0.1,g
869,Lasagne värmd frysvara,Betakaroten/β-Karoten,Pastarätter,207.0,µg
869,Lasagne värmd frysvara,Avfall (skal etc.),Pastarätter,0.0,%
869,Lasagne värmd frysvara,Aska,Pastarätter,1.4,g
869,Lasagne värmd frysvara,Alkohol,Pastarätter,0.0,g
870,Nudlar äggnudlar okokta,"Zink, Zn",Pasta,1.6,mg
870,Nudlar äggnudlar okokta,Vitamin E,Pasta,0.7,mg
870,Nudlar äggnudlar okokta,Vitamin D,Pasta,0.3,µg
870,Nudlar äggnudlar okokta,Vitamin C,Pasta,0.0,mg
870,Nudlar äggnudlar okokta,Vitamin B6,Pasta,0.1,mg
870,Nudlar äggnudlar okokta,Vitamin B12,Pasta,0.4,µg
870,Nudlar äggnudlar okokta,Vitamin A,Pasta,18.0,RE/µg
870,Nudlar äggnudlar okokta,Vatten,Pasta,9.7,g
870,Nudlar äggnudlar okokta,Tiamin,Pasta,0.17,mg
870,Nudlar äggnudlar okokta,Tillsatt socker,Pasta,0.0,g
870,Nudlar äggnudlar okokta,Fritt socker,Pasta,0.0,g
870,Nudlar äggnudlar okokta,"Selen, Se",Pasta,1.0,µg
870,Nudlar äggnudlar okokta,Sackaros,Pasta,0.6,g
870,Nudlar äggnudlar okokta,Riboflavin,Pasta,0.09,mg
870,Nudlar äggnudlar okokta,Retinol,Pasta,18.0,µg
870,Nudlar äggnudlar okokta,Protein,Pasta,14.0,g
870,Nudlar äggnudlar okokta,Summa fleromättade fettsyror,Pasta,1.2,g
870,Nudlar äggnudlar okokta,"Fosfor, P",Pasta,214.0,mg
870,Nudlar äggnudlar okokta,Niacinekvivalenter,Pasta,4.43,NE/mg
870,Nudlar äggnudlar okokta,Niacin,Pasta,2.1,mg
870,Nudlar äggnudlar okokta,"Salt, NaCl",Pasta,0.0,g
870,Nudlar äggnudlar okokta,"Natrium, Na",Pasta,21.0,mg
870,Nudlar äggnudlar okokta,Monosackarider,Pasta,0.1,g
870,Nudlar äggnudlar okokta,"Sockerarter, totalt",Pasta,1.8,g
870,Nudlar äggnudlar okokta,Summa enkelomättade fettsyror,Pasta,1.2,g
870,Nudlar äggnudlar okokta,"Magnesium, Mg",Pasta,60.0,mg
870,Nudlar äggnudlar okokta,Summa mättade fettsyror,Pasta,0.9,g
870,Nudlar äggnudlar okokta,"Kolhydrater, tillgängliga",Pasta,68.2,g
870,Nudlar äggnudlar okokta,Kolesterol,Pasta,95.0,mg
870,Nudlar äggnudlar okokta,"Kalium, K",Pasta,234.0,mg
870,Nudlar äggnudlar okokta,"Jod, I",Pasta,4.1,µg
870,Nudlar äggnudlar okokta,Fullkorn totalt,Pasta,0.0,g
870,Nudlar äggnudlar okokta,"Folat, totalt",Pasta,29.0,µg
870,Nudlar äggnudlar okokta,Fibrer,Pasta,2.9,g
870,Nudlar äggnudlar okokta,"Fett, totalt",Pasta,4.2,g
870,Nudlar äggnudlar okokta,"Järn, Fe",Pasta,1.9,mg
870,Nudlar äggnudlar okokta,Energi (kJ),Pasta,1576.0,kJ
870,Nudlar äggnudlar okokta,Energi (kcal),Pasta,377.0,kcal
870,Nudlar äggnudlar okokta,Disackarider,Pasta,1.7,g
870,Nudlar äggnudlar okokta,"Kalcium, Ca",Pasta,31.0,mg
870,Nudlar äggnudlar okokta,Fettsyra 4:0-10:0,Pasta,0.0,g
870,Nudlar äggnudlar okokta,DHA (C22:6),Pasta,0.0,g
870,Nudlar äggnudlar okokta,DPA (C22:5),Pasta,0.0,g
870,Nudlar äggnudlar okokta,EPA (C20:5),Pasta,0.0,g
870,Nudlar äggnudlar okokta,Arakidonsyra C20:4,Pasta,0.0,g
870,Nudlar äggnudlar okokta,Arakidinsyra C20:0,Pasta,0.0,g
870,Nudlar äggnudlar okokta,Linolensyra C18:3,Pasta,0.1,g
870,Nudlar äggnudlar okokta,Linolsyra C18:2,Pasta,1.1,g
870,Nudlar äggnudlar okokta,Oljesyra C18:1,Pasta,1.1,g
870,Nudlar äggnudlar okokta,Stearinsyra C18:0,Pasta,0.2,g
870,Nudlar äggnudlar okokta,Palmitoljesyra C16:1,Pasta,0.1,g
870,Nudlar äggnudlar okokta,Palmitinsyra C16:0,Pasta,0.7,g
870,Nudlar äggnudlar okokta,Myristinsyra C14:0,Pasta,0.0,g
870,Nudlar äggnudlar okokta,Laurinsyra C12:0,Pasta,0.0,g
870,Nudlar äggnudlar okokta,Betakaroten/β-Karoten,Pasta,0.0,µg
870,Nudlar äggnudlar okokta,Avfall (skal etc.),Pasta,0.0,%
870,Nudlar äggnudlar okokta,Aska,Pasta,1.0,g
870,Nudlar äggnudlar okokta,Alkohol,Pasta,0.0,g
872,Tortellini m. ostfyllning kokt,"Zink, Zn",Pastarätter,0.9,mg
872,Tortellini m. ostfyllning kokt,Vitamin E,Pastarätter,0.5,mg
872,Tortellini m. ostfyllning kokt,Vitamin D,Pastarätter,0.0,µg
872,Tortellini m. ostfyllning kokt,Vitamin C,Pastarätter,0.0,mg
872,Tortellini m. ostfyllning kokt,Vitamin B6,Pastarätter,0.05,mg
872,Tortellini m. ostfyllning kokt,Vitamin B12,Pastarätter,0.22,µg
872,Tortellini m. ostfyllning kokt,Vitamin A,Pastarätter,0.0,RE/µg
872,Tortellini m. ostfyllning kokt,Vatten,Pastarätter,58.0,g
872,Tortellini m. ostfyllning kokt,Tiamin,Pastarätter,0.05,mg
872,Tortellini m. ostfyllning kokt,Tillsatt socker,Pastarätter,0.0,g
872,Tortellini m. ostfyllning kokt,Fritt socker,Pastarätter,0.0,g
872,Tortellini m. ostfyllning kokt,"Selen, Se",Pastarätter,1.1,µg
872,Tortellini m. ostfyllning kokt,Sackaros,Pastarätter,0.2,g
872,Tortellini m. ostfyllning kokt,Riboflavin,Pastarätter,0.09,mg
872,Tortellini m. ostfyllning kokt,Retinol,Pastarätter,0.0,µg
872,Tortellini m. ostfyllning kokt,Protein,Pastarätter,7.2,g
872,Tortellini m. ostfyllning kokt,Summa fleromättade fettsyror,Pastarätter,0.5,g
872,Tortellini m. ostfyllning kokt,"Fosfor, P",Pastarätter,91.0,mg
872,Tortellini m. ostfyllning kokt,Niacinekvivalenter,Pastarätter,2.4,NE/mg
872,Tortellini m. ostfyllning kokt,Niacin,Pastarätter,0.69,mg
872,Tortellini m. ostfyllning kokt,"Salt, NaCl",Pastarätter,1.0,g
872,Tortellini m. ostfyllning kokt,"Natrium, Na",Pastarätter,392.0,mg
872,Tortellini m. ostfyllning kokt,Monosackarider,Pastarätter,0.2,g
872,Tortellini m. ostfyllning kokt,"Sockerarter, totalt",Pastarätter,1.2,g
872,Tortellini m. ostfyllning kokt,Summa enkelomättade fettsyror,Pastarätter,1.5,g
872,Tortellini m. ostfyllning kokt,"Magnesium, Mg",Pastarätter,16.0,mg
872,Tortellini m. ostfyllning kokt,Summa mättade fettsyror,Pastarätter,3.0,g
872,Tortellini m. ostfyllning kokt,"Kolhydrater, tillgängliga",Pastarätter,25.7,g
872,Tortellini m. ostfyllning kokt,Kolesterol,Pastarätter,40.8,mg
872,Tortellini m. ostfyllning kokt,"Kalium, K",Pastarätter,66.0,mg
872,Tortellini m. ostfyllning kokt,Fullkorn totalt,Pastarätter,0.0,g
872,Tortellini m. ostfyllning kokt,"Folat, totalt",Pastarätter,15.7,µg
872,Tortellini m. ostfyllning kokt,Fibrer,Pastarätter,2.6,g
872,Tortellini m. ostfyllning kokt,"Fett, totalt",Pastarätter,5.3,g
872,Tortellini m. ostfyllning kokt,"Järn, Fe",Pastarätter,0.7,mg
872,Tortellini m. ostfyllning kokt,Energi (kJ),Pastarätter,776.0,kJ
872,Tortellini m. ostfyllning kokt,Energi (kcal),Pastarätter,186.0,kcal
872,Tortellini m. ostfyllning kokt,Disackarider,Pastarätter,1.0,g
872,Tortellini m. ostfyllning kokt,"Kalcium, Ca",Pastarätter,434.0,mg
872,Tortellini m. ostfyllning kokt,Fettsyra 4:0-10:0,Pastarätter,0.2,g
872,Tortellini m. ostfyllning kokt,DHA (C22:6),Pastarätter,0.0,g
872,Tortellini m. ostfyllning kokt,DPA (C22:5),Pastarätter,0.0,g
872,Tortellini m. ostfyllning kokt,EPA (C20:5),Pastarätter,0.0,g
872,Tortellini m. ostfyllning kokt,Arakidonsyra C20:4,Pastarätter,0.0,g
872,Tortellini m. ostfyllning kokt,Arakidinsyra C20:0,Pastarätter,0.0,g
872,Tortellini m. ostfyllning kokt,Linolensyra C18:3,Pastarätter,0.0,g
872,Tortellini m. ostfyllning kokt,Linolsyra C18:2,Pastarätter,0.4,g
872,Tortellini m. ostfyllning kokt,Oljesyra C18:1,Pastarätter,1.4,g
872,Tortellini m. ostfyllning kokt,Stearinsyra C18:0,Pastarätter,0.4,g
872,Tortellini m. ostfyllning kokt,Palmitoljesyra C16:1,Pastarätter,0.1,g
872,Tortellini m. ostfyllning kokt,Palmitinsyra C16:0,Pastarätter,1.5,g
872,Tortellini m. ostfyllning kokt,Myristinsyra C14:0,Pastarätter,0.4,g
872,Tortellini m. ostfyllning kokt,Laurinsyra C12:0,Pastarätter,0.4,g
872,Tortellini m. ostfyllning kokt,Betakaroten/β-Karoten,Pastarätter,0.0,µg
872,Tortellini m. ostfyllning kokt,Avfall (skal etc.),Pastarätter,0.0,%
872,Tortellini m. ostfyllning kokt,Aska,Pastarätter,1.3,g
872,Tortellini m. ostfyllning kokt,Alkohol,Pastarätter,0.0,g
873,Nudelsoppa olika smaker kryddad,"Zink, Zn",Soppa mat,0.2,mg
873,Nudelsoppa olika smaker kryddad,Vitamin E,Soppa mat,0.4,mg
873,Nudelsoppa olika smaker kryddad,Vitamin D inkl 25-OH-D3,Soppa mat,0.0,µg
873,Nudelsoppa olika smaker kryddad,Vitamin D,Soppa mat,0.0,µg
873,Nudelsoppa olika smaker kryddad,Vitamin C,Soppa mat,0.0,mg
873,Nudelsoppa olika smaker kryddad,Vitamin B6,Soppa mat,0.02,mg
873,Nudelsoppa olika smaker kryddad,Vitamin B12,Soppa mat,0.0,µg
873,Nudelsoppa olika smaker kryddad,Vitamin A,Soppa mat,0.0,RE/µg
873,Nudelsoppa olika smaker kryddad,Vatten,Soppa mat,81.6,g
873,Nudelsoppa olika smaker kryddad,Tiamin,Soppa mat,0.24,mg
873,Nudelsoppa olika smaker kryddad,Tillsatt socker,Soppa mat,0.0,g
873,Nudelsoppa olika smaker kryddad,Fritt socker,Soppa mat,0.0,g
873,Nudelsoppa olika smaker kryddad,"Selen, Se",Soppa mat,0.6,µg
873,Nudelsoppa olika smaker kryddad,Sackaros,Soppa mat,0.2,g
873,Nudelsoppa olika smaker kryddad,Riboflavin,Soppa mat,0.01,mg
873,Nudelsoppa olika smaker kryddad,Retinol,Soppa mat,0.0,µg
873,Nudelsoppa olika smaker kryddad,Protein,Soppa mat,1.9,g
873,Nudelsoppa olika smaker kryddad,Summa fleromättade fettsyror,Soppa mat,0.2,g
873,Nudelsoppa olika smaker kryddad,"Fosfor, P",Soppa mat,22.0,mg
873,Nudelsoppa olika smaker kryddad,Niacinekvivalenter,Soppa mat,0.6,NE/mg
873,Nudelsoppa olika smaker kryddad,Niacin,Soppa mat,0.23,mg
873,Nudelsoppa olika smaker kryddad,"Salt, NaCl",Soppa mat,0.9,g
873,Nudelsoppa olika smaker kryddad,"Natrium, Na",Soppa mat,369.0,mg
873,Nudelsoppa olika smaker kryddad,Monosackarider,Soppa mat,0.0,g
873,Nudelsoppa olika smaker kryddad,"Sockerarter, totalt",Soppa mat,0.5,g
873,Nudelsoppa olika smaker kryddad,Summa enkelomättade fettsyror,Soppa mat,1.0,g
873,Nudelsoppa olika smaker kryddad,"Magnesium, Mg",Soppa mat,7.0,mg
873,Nudelsoppa olika smaker kryddad,Summa mättade fettsyror,Soppa mat,1.1,g
873,Nudelsoppa olika smaker kryddad,"Kolhydrater, tillgängliga",Soppa mat,9.4,g
873,Nudelsoppa olika smaker kryddad,Kolesterol,Soppa mat,0.0,mg
873,Nudelsoppa olika smaker kryddad,"Kalium, K",Soppa mat,34.0,mg
873,Nudelsoppa olika smaker kryddad,"Jod, I",Soppa mat,2.0,µg
873,Nudelsoppa olika smaker kryddad,Fullkorn totalt,Soppa mat,0.0,g
873,Nudelsoppa olika smaker kryddad,"Folat, totalt",Soppa mat,10.3,µg
873,Nudelsoppa olika smaker kryddad,Fibrer,Soppa mat,2.5,g
873,Nudelsoppa olika smaker kryddad,"Fett, totalt",Soppa mat,3.4,g
873,Nudelsoppa olika smaker kryddad,"Järn, Fe",Soppa mat,0.3,mg
873,Nudelsoppa olika smaker kryddad,Energi (kJ),Soppa mat,340.0,kJ
873,Nudelsoppa olika smaker kryddad,Energi (kcal),Soppa mat,81.0,kcal
873,Nudelsoppa olika smaker kryddad,Disackarider,Soppa mat,0.5,g
873,Nudelsoppa olika smaker kryddad,"Kalcium, Ca",Soppa mat,80.0,mg
873,Nudelsoppa olika smaker kryddad,Fettsyra 4:0-10:0,Soppa mat,0.0,g
873,Nudelsoppa olika smaker kryddad,DHA (C22:6),Soppa mat,0.0,g
873,Nudelsoppa olika smaker kryddad,DPA (C22:5),Soppa mat,0.0,g
873,Nudelsoppa olika smaker kryddad,EPA (C20:5),Soppa mat,0.0,g
873,Nudelsoppa olika smaker kryddad,Arakidonsyra C20:4,Soppa mat,0.0,g
873,Nudelsoppa olika smaker kryddad,Arakidinsyra C20:0,Soppa mat,0.0,g
873,Nudelsoppa olika smaker kryddad,Linolensyra C18:3,Soppa mat,0.0,g
873,Nudelsoppa olika smaker kryddad,Linolsyra C18:2,Soppa mat,0.2,g
873,Nudelsoppa olika smaker kryddad,Oljesyra C18:1,Soppa mat,0.9,g
873,Nudelsoppa olika smaker kryddad,Stearinsyra C18:0,Soppa mat,0.1,g
873,Nudelsoppa olika smaker kryddad,Palmitoljesyra C16:1,Soppa mat,0.0,g
873,Nudelsoppa olika smaker kryddad,Palmitinsyra C16:0,Soppa mat,1.0,g
873,Nudelsoppa olika smaker kryddad,Myristinsyra C14:0,Soppa mat,0.0,g
873,Nudelsoppa olika smaker kryddad,Laurinsyra C12:0,Soppa mat,0.0,g
873,Nudelsoppa olika smaker kryddad,Betakaroten/β-Karoten,Soppa mat,0.0,µg
873,Nudelsoppa olika smaker kryddad,Avfall (skal etc.),Soppa mat,0.0,%
873,Nudelsoppa olika smaker kryddad,Aska,Soppa mat,1.1,g
873,Nudelsoppa olika smaker kryddad,Alkohol,Soppa mat,0.0,g
874,Bondbönor torkade,"Zink, Zn","Baljväxter (bönor, linser och ärter)",2.8,mg
874,Bondbönor torkade,Vitamin E,"Baljväxter (bönor, linser och ärter)",0.3,mg
874,Bondbönor torkade,Vitamin D inkl 25-OH-D3,"Baljväxter (bönor, linser och ärter)",0.0,µg
874,Bondbönor torkade,Vitamin D,"Baljväxter (bönor, linser och ärter)",0.0,µg
874,Bondbönor torkade,Vitamin C,"Baljväxter (bönor, linser och ärter)",0.0,mg
874,Bondbönor torkade,Vitamin B6,"Baljväxter (bönor, linser och ärter)",0.56,mg
874,Bondbönor torkade,Vitamin B12,"Baljväxter (bönor, linser och ärter)",0.0,µg
874,Bondbönor torkade,Vitamin A,"Baljväxter (bönor, linser och ärter)",35.0,RE/µg
874,Bondbönor torkade,Vatten,"Baljväxter (bönor, linser och ärter)",11.9,g
874,Bondbönor torkade,Tiamin,"Baljväxter (bönor, linser och ärter)",0.5,mg
874,Bondbönor torkade,Tillsatt socker,"Baljväxter (bönor, linser och ärter)",0.0,g
874,Bondbönor torkade,Fritt socker,"Baljväxter (bönor, linser och ärter)",0.0,g
874,Bondbönor torkade,"Selen, Se","Baljväxter (bönor, linser och ärter)",2.2,µg
874,Bondbönor torkade,Sackaros,"Baljväxter (bönor, linser och ärter)",1.1,g
874,Bondbönor torkade,Riboflavin,"Baljväxter (bönor, linser och ärter)",0.3,mg
874,Bondbönor torkade,Retinol,"Baljväxter (bönor, linser och ärter)",0.0,µg
874,Bondbönor torkade,Protein,"Baljväxter (bönor, linser och ärter)",25.0,g
874,Bondbönor torkade,Summa fleromättade fettsyror,"Baljväxter (bönor, linser och ärter)",0.7,g
874,Bondbönor torkade,"Fosfor, P","Baljväxter (bönor, linser och ärter)",390.0,mg
874,Bondbönor torkade,Niacinekvivalenter,"Baljväxter (bönor, linser och ärter)",6.67,NE/mg
874,Bondbönor torkade,Niacin,"Baljväxter (bönor, linser och ärter)",2.5,mg
874,Bondbönor torkade,"Salt, NaCl","Baljväxter (bönor, linser och ärter)",0.0,g
874,Bondbönor torkade,"Natrium, Na","Baljväxter (bönor, linser och ärter)",13.0,mg
874,Bondbönor torkade,Monosackarider,"Baljväxter (bönor, linser och ärter)",2.4,g
874,Bondbönor torkade,"Sockerarter, totalt","Baljväxter (bönor, linser och ärter)",3.5,g
874,Bondbönor torkade,Summa enkelomättade fettsyror,"Baljväxter (bönor, linser och ärter)",0.3,g
874,Bondbönor torkade,"Magnesium, Mg","Baljväxter (bönor, linser och ärter)",192.0,mg
874,Bondbönor torkade,Summa mättade fettsyror,"Baljväxter (bönor, linser och ärter)",0.2,g
874,Bondbönor torkade,"Kolhydrater, tillgängliga","Baljväxter (bönor, linser och ärter)",41.9,g
874,Bondbönor torkade,Kolesterol,"Baljväxter (bönor, linser och ärter)",0.0,mg
874,Bondbönor torkade,"Kalium, K","Baljväxter (bönor, linser och ärter)",1530.0,mg
874,Bondbönor torkade,"Jod, I","Baljväxter (bönor, linser och ärter)",2.2,µg
874,Bondbönor torkade,Fullkorn totalt,"Baljväxter (bönor, linser och ärter)",0.0,g
874,Bondbönor torkade,"Folat, totalt","Baljväxter (bönor, linser och ärter)",423.0,µg
874,Bondbönor torkade,Fibrer,"Baljväxter (bönor, linser och ärter)",16.4,g
874,Bondbönor torkade,"Fett, totalt","Baljväxter (bönor, linser och ärter)",1.7,g
874,Bondbönor torkade,"Järn, Fe","Baljväxter (bönor, linser och ärter)",7.1,mg
874,Bondbönor torkade,Energi (kJ),"Baljväxter (bönor, linser och ärter)",1331.0,kJ
874,Bondbönor torkade,Energi (kcal),"Baljväxter (bönor, linser och ärter)",318.0,kcal
874,Bondbönor torkade,Disackarider,"Baljväxter (bönor, linser och ärter)",1.1,g
874,Bondbönor torkade,"Kalcium, Ca","Baljväxter (bönor, linser och ärter)",102.0,mg
874,Bondbönor torkade,Fettsyra 4:0-10:0,"Baljväxter (bönor, linser och ärter)",0.0,g
874,Bondbönor torkade,DHA (C22:6),"Baljväxter (bönor, linser och ärter)",0.0,g
874,Bondbönor torkade,DPA (C22:5),"Baljväxter (bönor, linser och ärter)",0.0,g
874,Bondbönor torkade,EPA (C20:5),"Baljväxter (bönor, linser och ärter)",0.0,g
874,Bondbönor torkade,Arakidonsyra C20:4,"Baljväxter (bönor, linser och ärter)",0.0,g
874,Bondbönor torkade,Arakidinsyra C20:0,"Baljväxter (bönor, linser och ärter)",0.0,g
874,Bondbönor torkade,Linolensyra C18:3,"Baljväxter (bönor, linser och ärter)",0.0,g
874,Bondbönor torkade,Linolsyra C18:2,"Baljväxter (bönor, linser och ärter)",0.7,g
874,Bondbönor torkade,Oljesyra C18:1,"Baljväxter (bönor, linser och ärter)",0.3,g
874,Bondbönor torkade,Stearinsyra C18:0,"Baljväxter (bönor, linser och ärter)",0.0,g
874,Bondbönor torkade,Palmitoljesyra C16:1,"Baljväxter (bönor, linser och ärter)",0.0,g
874,Bondbönor torkade,Palmitinsyra C16:0,"Baljväxter (bönor, linser och ärter)",0.2,g
874,Bondbönor torkade,Myristinsyra C14:0,"Baljväxter (bönor, linser och ärter)",0.0,g
874,Bondbönor torkade,Laurinsyra C12:0,"Baljväxter (bönor, linser och ärter)",0.0,g
874,Bondbönor torkade,Betakaroten/β-Karoten,"Baljväxter (bönor, linser och ärter)",420.0,µg
874,Bondbönor torkade,Avfall (skal etc.),"Baljväxter (bönor, linser och ärter)",0.0,%
874,Bondbönor torkade,Aska,"Baljväxter (bönor, linser och ärter)",3.1,g
874,Bondbönor torkade,Alkohol,"Baljväxter (bönor, linser och ärter)",0.0,g
875,Bruna bönor torkade,"Zink, Zn","Baljväxter (bönor, linser och ärter)",2.0,mg
875,Bruna bönor torkade,Vitamin E,"Baljväxter (bönor, linser och ärter)",0.3,mg
875,Bruna bönor torkade,Vitamin D inkl 25-OH-D3,"Baljväxter (bönor, linser och ärter)",0.0,µg
875,Bruna bönor torkade,Vitamin D,"Baljväxter (bönor, linser och ärter)",0.0,µg
875,Bruna bönor torkade,Vitamin C,"Baljväxter (bönor, linser och ärter)",0.0,mg
875,Bruna bönor torkade,Vitamin B6,"Baljväxter (bönor, linser och ärter)",0.3,mg
875,Bruna bönor torkade,Vitamin B12,"Baljväxter (bönor, linser och ärter)",0.0,µg
875,Bruna bönor torkade,Vitamin A,"Baljväxter (bönor, linser och ärter)",1.5,RE/µg
875,Bruna bönor torkade,Vatten,"Baljväxter (bönor, linser och ärter)",11.2,g
875,Bruna bönor torkade,Tiamin,"Baljväxter (bönor, linser och ärter)",0.55,mg
875,Bruna bönor torkade,Tillsatt socker,"Baljväxter (bönor, linser och ärter)",0.0,g
875,Bruna bönor torkade,Fritt socker,"Baljväxter (bönor, linser och ärter)",0.0,g
875,Bruna bönor torkade,"Selen, Se","Baljväxter (bönor, linser och ärter)",2.2,µg
875,Bruna bönor torkade,Sackaros,"Baljväxter (bönor, linser och ärter)",3.0,g
875,Bruna bönor torkade,Riboflavin,"Baljväxter (bönor, linser och ärter)",0.2,mg
875,Bruna bönor torkade,Retinol,"Baljväxter (bönor, linser och ärter)",0.0,µg
875,Bruna bönor torkade,Protein,"Baljväxter (bönor, linser och ärter)",22.0,g
875,Bruna bönor torkade,Summa fleromättade fettsyror,"Baljväxter (bönor, linser och ärter)",0.9,g
875,Bruna bönor torkade,"Fosfor, P","Baljväxter (bönor, linser och ärter)",420.0,mg
875,Bruna bönor torkade,Niacinekvivalenter,"Baljväxter (bönor, linser och ärter)",5.87,NE/mg
875,Bruna bönor torkade,Niacin,"Baljväxter (bönor, linser och ärter)",2.2,mg
875,Bruna bönor torkade,"Salt, NaCl","Baljväxter (bönor, linser och ärter)",0.1,g
875,Bruna bönor torkade,"Natrium, Na","Baljväxter (bönor, linser och ärter)",25.0,mg
875,Bruna bönor torkade,Monosackarider,"Baljväxter (bönor, linser och ärter)",1.6,g
875,Bruna bönor torkade,"Sockerarter, totalt","Baljväxter (bönor, linser och ärter)",4.6,g
875,Bruna bönor torkade,Summa enkelomättade fettsyror,"Baljväxter (bönor, linser och ärter)",0.1,g
875,Bruna bönor torkade,"Magnesium, Mg","Baljväxter (bönor, linser och ärter)",131.0,mg
875,Bruna bönor torkade,Summa mättade fettsyror,"Baljväxter (bönor, linser och ärter)",0.2,g
875,Bruna bönor torkade,"Kolhydrater, tillgängliga","Baljväxter (bönor, linser och ärter)",45.1,g
875,Bruna bönor torkade,Kolesterol,"Baljväxter (bönor, linser och ärter)",0.0,mg
875,Bruna bönor torkade,"Kalium, K","Baljväxter (bönor, linser och ärter)",1040.0,mg
875,Bruna bönor torkade,"Jod, I","Baljväxter (bönor, linser och ärter)",1.9,µg
875,Bruna bönor torkade,Fullkorn totalt,"Baljväxter (bönor, linser och ärter)",0.0,g
875,Bruna bönor torkade,"Folat, totalt","Baljväxter (bönor, linser och ärter)",394.0,µg
875,Bruna bönor torkade,Fibrer,"Baljväxter (bönor, linser och ärter)",16.4,g
875,Bruna bönor torkade,"Fett, totalt","Baljväxter (bönor, linser och ärter)",1.5,g
875,Bruna bönor torkade,"Järn, Fe","Baljväxter (bönor, linser och ärter)",5.0,mg
875,Bruna bönor torkade,Energi (kJ),"Baljväxter (bönor, linser och ärter)",1327.0,kJ
875,Bruna bönor torkade,Energi (kcal),"Baljväxter (bönor, linser och ärter)",317.0,kcal
875,Bruna bönor torkade,Disackarider,"Baljväxter (bönor, linser och ärter)",3.0,g
875,Bruna bönor torkade,"Kalcium, Ca","Baljväxter (bönor, linser och ärter)",135.0,mg
875,Bruna bönor torkade,Fettsyra 4:0-10:0,"Baljväxter (bönor, linser och ärter)",0.0,g
875,Bruna bönor torkade,DHA (C22:6),"Baljväxter (bönor, linser och ärter)",0.0,g
875,Bruna bönor torkade,DPA (C22:5),"Baljväxter (bönor, linser och ärter)",0.0,g
875,Bruna bönor torkade,EPA (C20:5),"Baljväxter (bönor, linser och ärter)",0.0,g
875,Bruna bönor torkade,Arakidonsyra C20:4,"Baljväxter (bönor, linser och ärter)",0.0,g
875,Bruna bönor torkade,Arakidinsyra C20:0,"Baljväxter (bönor, linser och ärter)",0.0,g
875,Bruna bönor torkade,Linolensyra C18:3,"Baljväxter (bönor, linser och ärter)",0.6,g
875,Bruna bönor torkade,Linolsyra C18:2,"Baljväxter (bönor, linser och ärter)",0.3,g
875,Bruna bönor torkade,Oljesyra C18:1,"Baljväxter (bönor, linser och ärter)",0.1,g
875,Bruna bönor torkade,Stearinsyra C18:0,"Baljväxter (bönor, linser och ärter)",0.0,g
875,Bruna bönor torkade,Palmitoljesyra C16:1,"Baljväxter (bönor, linser och ärter)",0.0,g
875,Bruna bönor torkade,Palmitinsyra C16:0,"Baljväxter (bönor, linser och ärter)",0.2,g
875,Bruna bönor torkade,Myristinsyra C14:0,"Baljväxter (bönor, linser och ärter)",0.0,g
875,Bruna bönor torkade,Laurinsyra C12:0,"Baljväxter (bönor, linser och ärter)",0.0,g
875,Bruna bönor torkade,Betakaroten/β-Karoten,"Baljväxter (bönor, linser och ärter)",18.0,µg
875,Bruna bönor torkade,Avfall (skal etc.),"Baljväxter (bönor, linser och ärter)",0.0,%
875,Bruna bönor torkade,Aska,"Baljväxter (bönor, linser och ärter)",3.8,g
875,Bruna bönor torkade,Alkohol,"Baljväxter (bönor, linser och ärter)",0.0,g
877,Kidney bönor torkade,"Zink, Zn","Baljväxter (bönor, linser och ärter)",2.7,mg
877,Kidney bönor torkade,Vitamin E,"Baljväxter (bönor, linser och ärter)",0.1,mg
877,Kidney bönor torkade,Vitamin D inkl 25-OH-D3,"Baljväxter (bönor, linser och ärter)",0.0,µg
877,Kidney bönor torkade,Vitamin D,"Baljväxter (bönor, linser och ärter)",0.0,µg
877,Kidney bönor torkade,Vitamin C,"Baljväxter (bönor, linser och ärter)",0.0,mg
877,Kidney bönor torkade,Vitamin B6,"Baljväxter (bönor, linser och ärter)",0.21,mg
877,Kidney bönor torkade,Vitamin B12,"Baljväxter (bönor, linser och ärter)",0.0,µg
877,Kidney bönor torkade,Vitamin A,"Baljväxter (bönor, linser och ärter)",0.1,RE/µg
877,Kidney bönor torkade,Vatten,"Baljväxter (bönor, linser och ärter)",9.9,g
877,Kidney bönor torkade,Tiamin,"Baljväxter (bönor, linser och ärter)",0.3,mg
877,Kidney bönor torkade,Tillsatt socker,"Baljväxter (bönor, linser och ärter)",0.0,g
877,Kidney bönor torkade,Fritt socker,"Baljväxter (bönor, linser och ärter)",0.0,g
877,Kidney bönor torkade,"Selen, Se","Baljväxter (bönor, linser och ärter)",22.4,µg
877,Kidney bönor torkade,Sackaros,"Baljväxter (bönor, linser och ärter)",1.3,g
877,Kidney bönor torkade,Riboflavin,"Baljväxter (bönor, linser och ärter)",0.19,mg
877,Kidney bönor torkade,Retinol,"Baljväxter (bönor, linser och ärter)",0.0,µg
877,Kidney bönor torkade,Protein,"Baljväxter (bönor, linser och ärter)",19.9,g
877,Kidney bönor torkade,Summa fleromättade fettsyror,"Baljväxter (bönor, linser och ärter)",0.9,g
877,Kidney bönor torkade,"Fosfor, P","Baljväxter (bönor, linser och ärter)",409.0,mg
877,Kidney bönor torkade,Niacinekvivalenter,"Baljväxter (bönor, linser och ärter)",5.7,NE/mg
877,Kidney bönor torkade,Niacin,"Baljväxter (bönor, linser och ärter)",2.42,mg
877,Kidney bönor torkade,"Salt, NaCl","Baljväxter (bönor, linser och ärter)",0.0,g
877,Kidney bönor torkade,"Natrium, Na","Baljväxter (bönor, linser och ärter)",10.0,mg
877,Kidney bönor torkade,Monosackarider,"Baljväxter (bönor, linser och ärter)",0.2,g
877,Kidney bönor torkade,"Sockerarter, totalt","Baljväxter (bönor, linser och ärter)",1.5,g
877,Kidney bönor torkade,Summa enkelomättade fettsyror,"Baljväxter (bönor, linser och ärter)",0.1,g
877,Kidney bönor torkade,"Magnesium, Mg","Baljväxter (bönor, linser och ärter)",173.0,mg
877,Kidney bönor torkade,Summa mättade fettsyror,"Baljväxter (bönor, linser och ärter)",0.3,g
877,Kidney bönor torkade,"Kolhydrater, tillgängliga","Baljväxter (bönor, linser och ärter)",48.6,g
877,Kidney bönor torkade,Kolesterol,"Baljväxter (bönor, linser och ärter)",0.0,mg
877,Kidney bönor torkade,"Kalium, K","Baljväxter (bönor, linser och ärter)",1324.0,mg
877,Kidney bönor torkade,"Jod, I","Baljväxter (bönor, linser och ärter)",7.0,µg
877,Kidney bönor torkade,Fullkorn totalt,"Baljväxter (bönor, linser och ärter)",0.0,g
877,Kidney bönor torkade,"Folat, totalt","Baljväxter (bönor, linser och ärter)",316.0,µg
877,Kidney bönor torkade,Fibrer,"Baljväxter (bönor, linser och ärter)",16.6,g
877,Kidney bönor torkade,"Fett, totalt","Baljväxter (bönor, linser och ärter)",1.8,g
877,Kidney bönor torkade,"Järn, Fe","Baljväxter (bönor, linser och ärter)",6.1,mg
877,Kidney bönor torkade,Energi (kJ),"Baljväxter (bönor, linser och ärter)",1363.0,kJ
877,Kidney bönor torkade,Energi (kcal),"Baljväxter (bönor, linser och ärter)",326.0,kcal
877,Kidney bönor torkade,Disackarider,"Baljväxter (bönor, linser och ärter)",1.3,g
877,Kidney bönor torkade,"Kalcium, Ca","Baljväxter (bönor, linser och ärter)",126.0,mg
877,Kidney bönor torkade,Fettsyra 4:0-10:0,"Baljväxter (bönor, linser och ärter)",0.0,g
877,Kidney bönor torkade,DHA (C22:6),"Baljväxter (bönor, linser och ärter)",0.0,g
877,Kidney bönor torkade,DPA (C22:5),"Baljväxter (bönor, linser och ärter)",0.0,g
877,Kidney bönor torkade,EPA (C20:5),"Baljväxter (bönor, linser och ärter)",0.0,g
877,Kidney bönor torkade,Arakidonsyra C20:4,"Baljväxter (bönor, linser och ärter)",0.0,g
877,Kidney bönor torkade,Arakidinsyra C20:0,"Baljväxter (bönor, linser och ärter)",0.0,g
877,Kidney bönor torkade,Linolensyra C18:3,"Baljväxter (bönor, linser och ärter)",0.6,g
877,Kidney bönor torkade,Linolsyra C18:2,"Baljväxter (bönor, linser och ärter)",0.4,g
877,Kidney bönor torkade,Oljesyra C18:1,"Baljväxter (bönor, linser och ärter)",0.1,g
877,Kidney bönor torkade,Stearinsyra C18:0,"Baljväxter (bönor, linser och ärter)",0.0,g
877,Kidney bönor torkade,Palmitoljesyra C16:1,"Baljväxter (bönor, linser och ärter)",0.0,g
877,Kidney bönor torkade,Palmitinsyra C16:0,"Baljväxter (bönor, linser och ärter)",0.2,g
877,Kidney bönor torkade,Myristinsyra C14:0,"Baljväxter (bönor, linser och ärter)",0.0,g
877,Kidney bönor torkade,Laurinsyra C12:0,"Baljväxter (bönor, linser och ärter)",0.0,g
877,Kidney bönor torkade,Betakaroten/β-Karoten,"Baljväxter (bönor, linser och ärter)",2.0,µg
877,Kidney bönor torkade,Avfall (skal etc.),"Baljväxter (bönor, linser och ärter)",0.0,%
877,Kidney bönor torkade,Aska,"Baljväxter (bönor, linser och ärter)",3.3,g
877,Kidney bönor torkade,Alkohol,"Baljväxter (bönor, linser och ärter)",0.0,g
878,Röda bönor torkade kokta u. salt,"Zink, Zn","Baljväxter (bönor, linser och ärter)",1.0,mg
878,Röda bönor torkade kokta u. salt,Vitamin E,"Baljväxter (bönor, linser och ärter)",0.1,mg
878,Röda bönor torkade kokta u. salt,Vitamin D inkl 25-OH-D3,"Baljväxter (bönor, linser och ärter)",0.0,µg
878,Röda bönor torkade kokta u. salt,Vitamin D,"Baljväxter (bönor, linser och ärter)",0.0,µg
878,Röda bönor torkade kokta u. salt,Vitamin C,"Baljväxter (bönor, linser och ärter)",0.0,mg
878,Röda bönor torkade kokta u. salt,Vitamin B6,"Baljväxter (bönor, linser och ärter)",0.12,mg
878,Röda bönor torkade kokta u. salt,Vitamin B12,"Baljväxter (bönor, linser och ärter)",0.0,µg
878,Röda bönor torkade kokta u. salt,Vitamin A,"Baljväxter (bönor, linser och ärter)",0.3,RE/µg
878,Röda bönor torkade kokta u. salt,Vatten,"Baljväxter (bönor, linser och ärter)",69.0,g
878,Röda bönor torkade kokta u. salt,Tiamin,"Baljväxter (bönor, linser och ärter)",0.11,mg
878,Röda bönor torkade kokta u. salt,Tillsatt socker,"Baljväxter (bönor, linser och ärter)",0.0,g
878,Röda bönor torkade kokta u. salt,Fritt socker,"Baljväxter (bönor, linser och ärter)",0.0,g
878,Röda bönor torkade kokta u. salt,"Selen, Se","Baljväxter (bönor, linser och ärter)",1.0,µg
878,Röda bönor torkade kokta u. salt,Sackaros,"Baljväxter (bönor, linser och ärter)",1.0,g
878,Röda bönor torkade kokta u. salt,Riboflavin,"Baljväxter (bönor, linser och ärter)",0.06,mg
878,Röda bönor torkade kokta u. salt,Retinol,"Baljväxter (bönor, linser och ärter)",0.0,µg
878,Röda bönor torkade kokta u. salt,Protein,"Baljväxter (bönor, linser och ärter)",7.8,g
878,Röda bönor torkade kokta u. salt,Summa fleromättade fettsyror,"Baljväxter (bönor, linser och ärter)",0.3,g
878,Röda bönor torkade kokta u. salt,"Fosfor, P","Baljväxter (bönor, linser och ärter)",140.0,mg
878,Röda bönor torkade kokta u. salt,Niacinekvivalenter,"Baljväxter (bönor, linser och ärter)",2.0,NE/mg
878,Röda bönor torkade kokta u. salt,Niacin,"Baljväxter (bönor, linser och ärter)",0.7,mg
878,Röda bönor torkade kokta u. salt,"Salt, NaCl","Baljväxter (bönor, linser och ärter)",0.0,g
878,Röda bönor torkade kokta u. salt,"Natrium, Na","Baljväxter (bönor, linser och ärter)",3.0,mg
878,Röda bönor torkade kokta u. salt,Monosackarider,"Baljväxter (bönor, linser och ärter)",0.5,g
878,Röda bönor torkade kokta u. salt,"Sockerarter, totalt","Baljväxter (bönor, linser och ärter)",1.5,g
878,Röda bönor torkade kokta u. salt,Summa enkelomättade fettsyror,"Baljväxter (bönor, linser och ärter)",0.0,g
878,Röda bönor torkade kokta u. salt,"Magnesium, Mg","Baljväxter (bönor, linser och ärter)",54.0,mg
878,Röda bönor torkade kokta u. salt,Summa mättade fettsyror,"Baljväxter (bönor, linser och ärter)",0.1,g
878,Röda bönor torkade kokta u. salt,"Kolhydrater, tillgängliga","Baljväxter (bönor, linser och ärter)",14.5,g
878,Röda bönor torkade kokta u. salt,Kolesterol,"Baljväxter (bönor, linser och ärter)",0.0,mg
878,Röda bönor torkade kokta u. salt,"Kalium, K","Baljväxter (bönor, linser och ärter)",340.0,mg
878,Röda bönor torkade kokta u. salt,"Jod, I","Baljväxter (bönor, linser och ärter)",1.2,µg
878,Röda bönor torkade kokta u. salt,Fullkorn totalt,"Baljväxter (bönor, linser och ärter)",0.0,g
878,Röda bönor torkade kokta u. salt,"Folat, totalt","Baljväxter (bönor, linser och ärter)",129.6,µg
878,Röda bönor torkade kokta u. salt,Fibrer,"Baljväxter (bönor, linser och ärter)",6.9,g
878,Röda bönor torkade kokta u. salt,"Fett, totalt","Baljväxter (bönor, linser och ärter)",0.5,g
878,Röda bönor torkade kokta u. salt,"Järn, Fe","Baljväxter (bönor, linser och ärter)",1.5,mg
878,Röda bönor torkade kokta u. salt,Energi (kJ),"Baljväxter (bönor, linser och ärter)",453.0,kJ
878,Röda bönor torkade kokta u. salt,Energi (kcal),"Baljväxter (bönor, linser och ärter)",108.0,kcal
878,Röda bönor torkade kokta u. salt,Disackarider,"Baljväxter (bönor, linser och ärter)",1.0,g
878,Röda bönor torkade kokta u. salt,"Kalcium, Ca","Baljväxter (bönor, linser och ärter)",38.0,mg
878,Röda bönor torkade kokta u. salt,Fettsyra 4:0-10:0,"Baljväxter (bönor, linser och ärter)",0.0,g
878,Röda bönor torkade kokta u. salt,DHA (C22:6),"Baljväxter (bönor, linser och ärter)",0.0,g
878,Röda bönor torkade kokta u. salt,DPA (C22:5),"Baljväxter (bönor, linser och ärter)",0.0,g
878,Röda bönor torkade kokta u. salt,EPA (C20:5),"Baljväxter (bönor, linser och ärter)",0.0,g
878,Röda bönor torkade kokta u. salt,Arakidonsyra C20:4,"Baljväxter (bönor, linser och ärter)",0.0,g
878,Röda bönor torkade kokta u. salt,Arakidinsyra C20:0,"Baljväxter (bönor, linser och ärter)",0.0,g
878,Röda bönor torkade kokta u. salt,Linolensyra C18:3,"Baljväxter (bönor, linser och ärter)",0.2,g
878,Röda bönor torkade kokta u. salt,Linolsyra C18:2,"Baljväxter (bönor, linser och ärter)",0.1,g
878,Röda bönor torkade kokta u. salt,Oljesyra C18:1,"Baljväxter (bönor, linser och ärter)",0.0,g
878,Röda bönor torkade kokta u. salt,Stearinsyra C18:0,"Baljväxter (bönor, linser och ärter)",0.0,g
878,Röda bönor torkade kokta u. salt,Palmitoljesyra C16:1,"Baljväxter (bönor, linser och ärter)",0.0,g
878,Röda bönor torkade kokta u. salt,Palmitinsyra C16:0,"Baljväxter (bönor, linser och ärter)",0.0,g
878,Röda bönor torkade kokta u. salt,Myristinsyra C14:0,"Baljväxter (bönor, linser och ärter)",0.0,g
878,Röda bönor torkade kokta u. salt,Laurinsyra C12:0,"Baljväxter (bönor, linser och ärter)",0.0,g
878,Röda bönor torkade kokta u. salt,Betakaroten/β-Karoten,"Baljväxter (bönor, linser och ärter)",4.0,µg
878,Röda bönor torkade kokta u. salt,Avfall (skal etc.),"Baljväxter (bönor, linser och ärter)",0.0,%
878,Röda bönor torkade kokta u. salt,Aska,"Baljväxter (bönor, linser och ärter)",1.3,g
878,Röda bönor torkade kokta u. salt,Alkohol,"Baljväxter (bönor, linser och ärter)",0.0,g
879,Vita bönor torkade,"Zink, Zn","Baljväxter (bönor, linser och ärter)",2.8,mg
879,Vita bönor torkade,Vitamin E,"Baljväxter (bönor, linser och ärter)",0.3,mg
879,Vita bönor torkade,Vitamin D inkl 25-OH-D3,"Baljväxter (bönor, linser och ärter)",0.0,µg
879,Vita bönor torkade,Vitamin D,"Baljväxter (bönor, linser och ärter)",0.0,µg
879,Vita bönor torkade,Vitamin C,"Baljväxter (bönor, linser och ärter)",0.0,mg
879,Vita bönor torkade,Vitamin B6,"Baljväxter (bönor, linser och ärter)",0.56,mg
879,Vita bönor torkade,Vitamin B12,"Baljväxter (bönor, linser och ärter)",0.0,µg
879,Vita bönor torkade,Vitamin A,"Baljväxter (bönor, linser och ärter)",1.0,RE/µg
879,Vita bönor torkade,Vatten,"Baljväxter (bönor, linser och ärter)",11.0,g
879,Vita bönor torkade,Tiamin,"Baljväxter (bönor, linser och ärter)",0.65,mg
879,Vita bönor torkade,Tillsatt socker,"Baljväxter (bönor, linser och ärter)",0.0,g
879,Vita bönor torkade,Fritt socker,"Baljväxter (bönor, linser och ärter)",0.0,g
879,Vita bönor torkade,"Selen, Se","Baljväxter (bönor, linser och ärter)",2.0,µg
879,Vita bönor torkade,Sackaros,"Baljväxter (bönor, linser och ärter)",3.0,g
879,Vita bönor torkade,Riboflavin,"Baljväxter (bönor, linser och ärter)",0.22,mg
879,Vita bönor torkade,Retinol,"Baljväxter (bönor, linser och ärter)",0.0,µg
879,Vita bönor torkade,Protein,"Baljväxter (bönor, linser och ärter)",22.0,g
879,Vita bönor torkade,Summa fleromättade fettsyror,"Baljväxter (bönor, linser och ärter)",1.0,g
879,Vita bönor torkade,"Fosfor, P","Baljväxter (bönor, linser och ärter)",425.0,mg
879,Vita bönor torkade,Niacinekvivalenter,"Baljväxter (bönor, linser och ärter)",6.07,NE/mg
879,Vita bönor torkade,Niacin,"Baljväxter (bönor, linser och ärter)",2.4,mg
879,Vita bönor torkade,"Salt, NaCl","Baljväxter (bönor, linser och ärter)",0.0,g
879,Vita bönor torkade,"Natrium, Na","Baljväxter (bönor, linser och ärter)",6.0,mg
879,Vita bönor torkade,Monosackarider,"Baljväxter (bönor, linser och ärter)",1.6,g
879,Vita bönor torkade,"Sockerarter, totalt","Baljväxter (bönor, linser och ärter)",4.6,g
879,Vita bönor torkade,Summa enkelomättade fettsyror,"Baljväxter (bönor, linser och ärter)",0.1,g
879,Vita bönor torkade,"Magnesium, Mg","Baljväxter (bönor, linser och ärter)",184.0,mg
879,Vita bönor torkade,Summa mättade fettsyror,"Baljväxter (bönor, linser och ärter)",0.2,g
879,Vita bönor torkade,"Kolhydrater, tillgängliga","Baljväxter (bönor, linser och ärter)",45.7,g
879,Vita bönor torkade,Kolesterol,"Baljväxter (bönor, linser och ärter)",0.0,mg
879,Vita bönor torkade,"Kalium, K","Baljväxter (bönor, linser och ärter)",1530.0,mg
879,Vita bönor torkade,"Jod, I","Baljväxter (bönor, linser och ärter)",11.8,µg
879,Vita bönor torkade,Fullkorn totalt,"Baljväxter (bönor, linser och ärter)",0.0,g
879,Vita bönor torkade,"Folat, totalt","Baljväxter (bönor, linser och ärter)",488.0,µg
879,Vita bönor torkade,Fibrer,"Baljväxter (bönor, linser och ärter)",15.8,g
879,Vita bönor torkade,"Fett, totalt","Baljväxter (bönor, linser och ärter)",1.6,g
879,Vita bönor torkade,"Järn, Fe","Baljväxter (bönor, linser och ärter)",5.5,mg
879,Vita bönor torkade,Energi (kJ),"Baljväxter (bönor, linser och ärter)",1336.0,kJ
879,Vita bönor torkade,Energi (kcal),"Baljväxter (bönor, linser och ärter)",319.0,kcal
879,Vita bönor torkade,Disackarider,"Baljväxter (bönor, linser och ärter)",3.0,g
879,Vita bönor torkade,"Kalcium, Ca","Baljväxter (bönor, linser och ärter)",144.0,mg
879,Vita bönor torkade,Fettsyra 4:0-10:0,"Baljväxter (bönor, linser och ärter)",0.0,g
879,Vita bönor torkade,DHA (C22:6),"Baljväxter (bönor, linser och ärter)",0.0,g
879,Vita bönor torkade,DPA (C22:5),"Baljväxter (bönor, linser och ärter)",0.0,g
879,Vita bönor torkade,EPA (C20:5),"Baljväxter (bönor, linser och ärter)",0.0,g
879,Vita bönor torkade,Arakidonsyra C20:4,"Baljväxter (bönor, linser och ärter)",0.0,g
879,Vita bönor torkade,Arakidinsyra C20:0,"Baljväxter (bönor, linser och ärter)",0.0,g
879,Vita bönor torkade,Linolensyra C18:3,"Baljväxter (bönor, linser och ärter)",0.6,g
879,Vita bönor torkade,Linolsyra C18:2,"Baljväxter (bönor, linser och ärter)",0.3,g
879,Vita bönor torkade,Oljesyra C18:1,"Baljväxter (bönor, linser och ärter)",0.1,g
879,Vita bönor torkade,Stearinsyra C18:0,"Baljväxter (bönor, linser och ärter)",0.0,g
879,Vita bönor torkade,Palmitoljesyra C16:1,"Baljväxter (bönor, linser och ärter)",0.0,g
879,Vita bönor torkade,Palmitinsyra C16:0,"Baljväxter (bönor, linser och ärter)",0.2,g
879,Vita bönor torkade,Myristinsyra C14:0,"Baljväxter (bönor, linser och ärter)",0.0,g
879,Vita bönor torkade,Laurinsyra C12:0,"Baljväxter (bönor, linser och ärter)",0.0,g
879,Vita bönor torkade,Betakaroten/β-Karoten,"Baljväxter (bönor, linser och ärter)",12.0,µg
879,Vita bönor torkade,Avfall (skal etc.),"Baljväxter (bönor, linser och ärter)",0.0,%
879,Vita bönor torkade,Aska,"Baljväxter (bönor, linser och ärter)",3.9,g
879,Vita bönor torkade,Alkohol,"Baljväxter (bönor, linser och ärter)",0.0,g
880,Vita bönor torkade kokta u. salt,"Zink, Zn","Baljväxter (bönor, linser och ärter)",1.0,mg
880,Vita bönor torkade kokta u. salt,Vitamin E,"Baljväxter (bönor, linser och ärter)",0.1,mg
880,Vita bönor torkade kokta u. salt,Vitamin D inkl 25-OH-D3,"Baljväxter (bönor, linser och ärter)",0.0,µg
880,Vita bönor torkade kokta u. salt,Vitamin D,"Baljväxter (bönor, linser och ärter)",0.0,µg
880,Vita bönor torkade kokta u. salt,Vitamin C,"Baljväxter (bönor, linser och ärter)",0.0,mg
880,Vita bönor torkade kokta u. salt,Vitamin B6,"Baljväxter (bönor, linser och ärter)",0.13,mg
880,Vita bönor torkade kokta u. salt,Vitamin B12,"Baljväxter (bönor, linser och ärter)",0.0,µg
880,Vita bönor torkade kokta u. salt,Vitamin A,"Baljväxter (bönor, linser och ärter)",0.3,RE/µg
880,Vita bönor torkade kokta u. salt,Vatten,"Baljväxter (bönor, linser och ärter)",69.0,g
880,Vita bönor torkade kokta u. salt,Tiamin,"Baljväxter (bönor, linser och ärter)",0.14,mg
880,Vita bönor torkade kokta u. salt,Tillsatt socker,"Baljväxter (bönor, linser och ärter)",0.0,g
880,Vita bönor torkade kokta u. salt,Fritt socker,"Baljväxter (bönor, linser och ärter)",0.0,g
880,Vita bönor torkade kokta u. salt,"Selen, Se","Baljväxter (bönor, linser och ärter)",1.0,µg
880,Vita bönor torkade kokta u. salt,Sackaros,"Baljväxter (bönor, linser och ärter)",1.0,g
880,Vita bönor torkade kokta u. salt,Riboflavin,"Baljväxter (bönor, linser och ärter)",0.07,mg
880,Vita bönor torkade kokta u. salt,Retinol,"Baljväxter (bönor, linser och ärter)",0.0,µg
880,Vita bönor torkade kokta u. salt,Protein,"Baljväxter (bönor, linser och ärter)",7.8,g
880,Vita bönor torkade kokta u. salt,Summa fleromättade fettsyror,"Baljväxter (bönor, linser och ärter)",0.4,g
880,Vita bönor torkade kokta u. salt,"Fosfor, P","Baljväxter (bönor, linser och ärter)",148.0,mg
880,Vita bönor torkade kokta u. salt,Niacinekvivalenter,"Baljväxter (bönor, linser och ärter)",2.0,NE/mg
880,Vita bönor torkade kokta u. salt,Niacin,"Baljväxter (bönor, linser och ärter)",0.7,mg
880,Vita bönor torkade kokta u. salt,"Salt, NaCl","Baljväxter (bönor, linser och ärter)",0.0,g
880,Vita bönor torkade kokta u. salt,"Natrium, Na","Baljväxter (bönor, linser och ärter)",7.0,mg
880,Vita bönor torkade kokta u. salt,Monosackarider,"Baljväxter (bönor, linser och ärter)",0.5,g
880,Vita bönor torkade kokta u. salt,"Sockerarter, totalt","Baljväxter (bönor, linser och ärter)",1.5,g
880,Vita bönor torkade kokta u. salt,Summa enkelomättade fettsyror,"Baljväxter (bönor, linser och ärter)",0.0,g
880,Vita bönor torkade kokta u. salt,"Magnesium, Mg","Baljväxter (bönor, linser och ärter)",49.0,mg
880,Vita bönor torkade kokta u. salt,Summa mättade fettsyror,"Baljväxter (bönor, linser och ärter)",0.1,g
880,Vita bönor torkade kokta u. salt,"Kolhydrater, tillgängliga","Baljväxter (bönor, linser och ärter)",14.2,g
880,Vita bönor torkade kokta u. salt,Kolesterol,"Baljväxter (bönor, linser och ärter)",0.0,mg
880,Vita bönor torkade kokta u. salt,"Kalium, K","Baljväxter (bönor, linser och ärter)",415.0,mg
880,Vita bönor torkade kokta u. salt,"Jod, I","Baljväxter (bönor, linser och ärter)",1.0,µg
880,Vita bönor torkade kokta u. salt,Fullkorn totalt,"Baljväxter (bönor, linser och ärter)",0.0,g
880,Vita bönor torkade kokta u. salt,"Folat, totalt","Baljväxter (bönor, linser och ärter)",81.0,µg
880,Vita bönor torkade kokta u. salt,Fibrer,"Baljväxter (bönor, linser och ärter)",7.0,g
880,Vita bönor torkade kokta u. salt,"Fett, totalt","Baljväxter (bönor, linser och ärter)",0.6,g
880,Vita bönor torkade kokta u. salt,"Järn, Fe","Baljväxter (bönor, linser och ärter)",2.7,mg
880,Vita bönor torkade kokta u. salt,Energi (kJ),"Baljväxter (bönor, linser och ärter)",452.0,kJ
880,Vita bönor torkade kokta u. salt,Energi (kcal),"Baljväxter (bönor, linser och ärter)",108.0,kcal
880,Vita bönor torkade kokta u. salt,Disackarider,"Baljväxter (bönor, linser och ärter)",1.0,g
880,Vita bönor torkade kokta u. salt,"Kalcium, Ca","Baljväxter (bönor, linser och ärter)",50.0,mg
880,Vita bönor torkade kokta u. salt,Fettsyra 4:0-10:0,"Baljväxter (bönor, linser och ärter)",0.0,g
880,Vita bönor torkade kokta u. salt,DHA (C22:6),"Baljväxter (bönor, linser och ärter)",0.0,g
880,Vita bönor torkade kokta u. salt,DPA (C22:5),"Baljväxter (bönor, linser och ärter)",0.0,g
880,Vita bönor torkade kokta u. salt,EPA (C20:5),"Baljväxter (bönor, linser och ärter)",0.0,g
880,Vita bönor torkade kokta u. salt,Arakidonsyra C20:4,"Baljväxter (bönor, linser och ärter)",0.0,g
880,Vita bönor torkade kokta u. salt,Arakidinsyra C20:0,"Baljväxter (bönor, linser och ärter)",0.0,g
880,Vita bönor torkade kokta u. salt,Linolensyra C18:3,"Baljväxter (bönor, linser och ärter)",0.2,g
880,Vita bönor torkade kokta u. salt,Linolsyra C18:2,"Baljväxter (bönor, linser och ärter)",0.1,g
880,Vita bönor torkade kokta u. salt,Oljesyra C18:1,"Baljväxter (bönor, linser och ärter)",0.0,g
880,Vita bönor torkade kokta u. salt,Stearinsyra C18:0,"Baljväxter (bönor, linser och ärter)",0.0,g
880,Vita bönor torkade kokta u. salt,Palmitoljesyra C16:1,"Baljväxter (bönor, linser och ärter)",0.0,g
880,Vita bönor torkade kokta u. salt,Palmitinsyra C16:0,"Baljväxter (bönor, linser och ärter)",0.1,g
880,Vita bönor torkade kokta u. salt,Myristinsyra C14:0,"Baljväxter (bönor, linser och ärter)",0.0,g
880,Vita bönor torkade kokta u. salt,Laurinsyra C12:0,"Baljväxter (bönor, linser och ärter)",0.0,g
880,Vita bönor torkade kokta u. salt,Betakaroten/β-Karoten,"Baljväxter (bönor, linser och ärter)",4.0,µg
880,Vita bönor torkade kokta u. salt,Avfall (skal etc.),"Baljväxter (bönor, linser och ärter)",0.0,%
880,Vita bönor torkade kokta u. salt,Aska,"Baljväxter (bönor, linser och ärter)",1.4,g
880,Vita bönor torkade kokta u. salt,Alkohol,"Baljväxter (bönor, linser och ärter)",0.0,g
881,Kikärtor torkade,"Zink, Zn","Baljväxter (bönor, linser och ärter)",3.4,mg
881,Kikärtor torkade,Vitamin E,"Baljväxter (bönor, linser och ärter)",1.6,mg
881,Kikärtor torkade,Vitamin D inkl 25-OH-D3,"Baljväxter (bönor, linser och ärter)",0.0,µg
881,Kikärtor torkade,Vitamin D,"Baljväxter (bönor, linser och ärter)",0.0,µg
881,Kikärtor torkade,Vitamin C,"Baljväxter (bönor, linser och ärter)",0.0,mg
881,Kikärtor torkade,Vitamin B6,"Baljväxter (bönor, linser och ärter)",0.36,mg
881,Kikärtor torkade,Vitamin B12,"Baljväxter (bönor, linser och ärter)",0.0,µg
881,Kikärtor torkade,Vitamin A,"Baljväxter (bönor, linser och ärter)",14.3,RE/µg
881,Kikärtor torkade,Vatten,"Baljväxter (bönor, linser och ärter)",8.6,g
881,Kikärtor torkade,Tiamin,"Baljväxter (bönor, linser och ärter)",0.37,mg
881,Kikärtor torkade,Tillsatt socker,"Baljväxter (bönor, linser och ärter)",0.0,g
881,Kikärtor torkade,Fritt socker,"Baljväxter (bönor, linser och ärter)",0.0,g
881,Kikärtor torkade,"Selen, Se","Baljväxter (bönor, linser och ärter)",41.2,µg
881,Kikärtor torkade,Sackaros,"Baljväxter (bönor, linser och ärter)",0.7,g
881,Kikärtor torkade,Riboflavin,"Baljväxter (bönor, linser och ärter)",0.24,mg
881,Kikärtor torkade,Retinol,"Baljväxter (bönor, linser och ärter)",0.0,µg
881,Kikärtor torkade,Protein,"Baljväxter (bönor, linser och ärter)",18.8,g
881,Kikärtor torkade,Summa fleromättade fettsyror,"Baljväxter (bönor, linser och ärter)",2.3,g
881,Kikärtor torkade,"Fosfor, P","Baljväxter (bönor, linser och ärter)",267.0,mg
881,Kikärtor torkade,Niacinekvivalenter,"Baljväxter (bönor, linser och ärter)",5.2,NE/mg
881,Kikärtor torkade,Niacin,"Baljväxter (bönor, linser och ärter)",2.1,mg
881,Kikärtor torkade,"Salt, NaCl","Baljväxter (bönor, linser och ärter)",0.1,g
881,Kikärtor torkade,"Natrium, Na","Baljväxter (bönor, linser och ärter)",27.0,mg
881,Kikärtor torkade,Monosackarider,"Baljväxter (bönor, linser och ärter)",0.2,g
881,Kikärtor torkade,"Sockerarter, totalt","Baljväxter (bönor, linser och ärter)",1.0,g
881,Kikärtor torkade,Summa enkelomättade fettsyror,"Baljväxter (bönor, linser och ärter)",0.9,g
881,Kikärtor torkade,"Magnesium, Mg","Baljväxter (bönor, linser och ärter)",160.0,mg
881,Kikärtor torkade,Summa mättade fettsyror,"Baljväxter (bönor, linser och ärter)",0.5,g
881,Kikärtor torkade,"Kolhydrater, tillgängliga","Baljväxter (bönor, linser och ärter)",39.6,g
881,Kikärtor torkade,Kolesterol,"Baljväxter (bönor, linser och ärter)",0.0,mg
881,Kikärtor torkade,"Kalium, K","Baljväxter (bönor, linser och ärter)",935.0,mg
881,Kikärtor torkade,"Jod, I","Baljväxter (bönor, linser och ärter)",2.8,µg
881,Kikärtor torkade,Fullkorn totalt,"Baljväxter (bönor, linser och ärter)",0.0,g
881,Kikärtor torkade,"Folat, totalt","Baljväxter (bönor, linser och ärter)",233.0,µg
881,Kikärtor torkade,Fibrer,"Baljväxter (bönor, linser och ärter)",25.2,g
881,Kikärtor torkade,"Fett, totalt","Baljväxter (bönor, linser och ärter)",5.1,g
881,Kikärtor torkade,"Järn, Fe","Baljväxter (bönor, linser och ärter)",6.8,mg
881,Kikärtor torkade,Energi (kJ),"Baljväxter (bönor, linser och ärter)",1383.0,kJ
881,Kikärtor torkade,Energi (kcal),"Baljväxter (bönor, linser och ärter)",331.0,kcal
881,Kikärtor torkade,Disackarider,"Baljväxter (bönor, linser och ärter)",0.8,g
881,Kikärtor torkade,"Kalcium, Ca","Baljväxter (bönor, linser och ärter)",150.0,mg
881,Kikärtor torkade,Fettsyra 4:0-10:0,"Baljväxter (bönor, linser och ärter)",0.0,g
881,Kikärtor torkade,DHA (C22:6),"Baljväxter (bönor, linser och ärter)",0.0,g
881,Kikärtor torkade,DPA (C22:5),"Baljväxter (bönor, linser och ärter)",0.0,g
881,Kikärtor torkade,EPA (C20:5),"Baljväxter (bönor, linser och ärter)",0.0,g
881,Kikärtor torkade,Arakidonsyra C20:4,"Baljväxter (bönor, linser och ärter)",0.0,g
881,Kikärtor torkade,Arakidinsyra C20:0,"Baljväxter (bönor, linser och ärter)",0.0,g
881,Kikärtor torkade,Linolensyra C18:3,"Baljväxter (bönor, linser och ärter)",0.1,g
881,Kikärtor torkade,Linolsyra C18:2,"Baljväxter (bönor, linser och ärter)",2.2,g
881,Kikärtor torkade,Oljesyra C18:1,"Baljväxter (bönor, linser och ärter)",0.9,g
881,Kikärtor torkade,Stearinsyra C18:0,"Baljväxter (bönor, linser och ärter)",0.1,g
881,Kikärtor torkade,Palmitoljesyra C16:1,"Baljväxter (bönor, linser och ärter)",0.0,g
881,Kikärtor torkade,Palmitinsyra C16:0,"Baljväxter (bönor, linser och ärter)",0.4,g
881,Kikärtor torkade,Myristinsyra C14:0,"Baljväxter (bönor, linser och ärter)",0.0,g
881,Kikärtor torkade,Laurinsyra C12:0,"Baljväxter (bönor, linser och ärter)",0.0,g
881,Kikärtor torkade,Betakaroten/β-Karoten,"Baljväxter (bönor, linser och ärter)",172.0,µg
881,Kikärtor torkade,Avfall (skal etc.),"Baljväxter (bönor, linser och ärter)",0.0,%
881,Kikärtor torkade,Aska,"Baljväxter (bönor, linser och ärter)",2.8,g
881,Kikärtor torkade,Alkohol,"Baljväxter (bönor, linser och ärter)",0.0,g
883,Mungbönor torkade kokta u. salt,"Zink, Zn","Baljväxter (bönor, linser och ärter)",0.9,mg
883,Mungbönor torkade kokta u. salt,Vitamin E,"Baljväxter (bönor, linser och ärter)",0.3,mg
883,Mungbönor torkade kokta u. salt,Vitamin D inkl 25-OH-D3,"Baljväxter (bönor, linser och ärter)",0.0,µg
883,Mungbönor torkade kokta u. salt,Vitamin D,"Baljväxter (bönor, linser och ärter)",0.0,µg
883,Mungbönor torkade kokta u. salt,Vitamin C,"Baljväxter (bönor, linser och ärter)",1.0,mg
883,Mungbönor torkade kokta u. salt,Vitamin B6,"Baljväxter (bönor, linser och ärter)",0.07,mg
883,Mungbönor torkade kokta u. salt,Vitamin B12,"Baljväxter (bönor, linser och ärter)",0.0,µg
883,Mungbönor torkade kokta u. salt,Vitamin A,"Baljväxter (bönor, linser och ärter)",1.2,RE/µg
883,Mungbönor torkade kokta u. salt,Vatten,"Baljväxter (bönor, linser och ärter)",69.3,g
883,Mungbönor torkade kokta u. salt,Tiamin,"Baljväxter (bönor, linser och ärter)",0.16,mg
883,Mungbönor torkade kokta u. salt,Tillsatt socker,"Baljväxter (bönor, linser och ärter)",0.0,g
883,Mungbönor torkade kokta u. salt,Fritt socker,"Baljväxter (bönor, linser och ärter)",0.0,g
883,Mungbönor torkade kokta u. salt,"Selen, Se","Baljväxter (bönor, linser och ärter)",5.0,µg
883,Mungbönor torkade kokta u. salt,Sackaros,"Baljväxter (bönor, linser och ärter)",0.4,g
883,Mungbönor torkade kokta u. salt,Riboflavin,"Baljväxter (bönor, linser och ärter)",0.06,mg
883,Mungbönor torkade kokta u. salt,Retinol,"Baljväxter (bönor, linser och ärter)",0.0,µg
883,Mungbönor torkade kokta u. salt,Protein,"Baljväxter (bönor, linser och ärter)",8.6,g
883,Mungbönor torkade kokta u. salt,Summa fleromättade fettsyror,"Baljväxter (bönor, linser och ärter)",0.2,g
883,Mungbönor torkade kokta u. salt,"Fosfor, P","Baljväxter (bönor, linser och ärter)",133.0,mg
883,Mungbönor torkade kokta u. salt,Niacinekvivalenter,"Baljväxter (bönor, linser och ärter)",2.0,NE/mg
883,Mungbönor torkade kokta u. salt,Niacin,"Baljväxter (bönor, linser och ärter)",0.6,mg
883,Mungbönor torkade kokta u. salt,"Salt, NaCl","Baljväxter (bönor, linser och ärter)",0.0,g
883,Mungbönor torkade kokta u. salt,"Natrium, Na","Baljväxter (bönor, linser och ärter)",0.0,mg
883,Mungbönor torkade kokta u. salt,Monosackarider,"Baljväxter (bönor, linser och ärter)",0.0,g
883,Mungbönor torkade kokta u. salt,"Sockerarter, totalt","Baljväxter (bönor, linser och ärter)",0.4,g
883,Mungbönor torkade kokta u. salt,Summa enkelomättade fettsyror,"Baljväxter (bönor, linser och ärter)",0.1,g
883,Mungbönor torkade kokta u. salt,"Magnesium, Mg","Baljväxter (bönor, linser och ärter)",42.0,mg
883,Mungbönor torkade kokta u. salt,Summa mättade fettsyror,"Baljväxter (bönor, linser och ärter)",0.2,g
883,Mungbönor torkade kokta u. salt,"Kolhydrater, tillgängliga","Baljväxter (bönor, linser och ärter)",14.5,g
883,Mungbönor torkade kokta u. salt,Kolesterol,"Baljväxter (bönor, linser och ärter)",0.0,mg
883,Mungbönor torkade kokta u. salt,"Kalium, K","Baljväxter (bönor, linser och ärter)",339.0,mg
883,Mungbönor torkade kokta u. salt,"Jod, I","Baljväxter (bönor, linser och ärter)",2.0,µg
883,Mungbönor torkade kokta u. salt,Fullkorn totalt,"Baljväxter (bönor, linser och ärter)",0.0,g
883,Mungbönor torkade kokta u. salt,"Folat, totalt","Baljväxter (bönor, linser och ärter)",159.0,µg
883,Mungbönor torkade kokta u. salt,Fibrer,"Baljväxter (bönor, linser och ärter)",6.1,g
883,Mungbönor torkade kokta u. salt,"Fett, totalt","Baljväxter (bönor, linser och ärter)",0.7,g
883,Mungbönor torkade kokta u. salt,"Järn, Fe","Baljväxter (bönor, linser och ärter)",1.7,mg
883,Mungbönor torkade kokta u. salt,Energi (kJ),"Baljväxter (bönor, linser och ärter)",468.0,kJ
883,Mungbönor torkade kokta u. salt,Energi (kcal),"Baljväxter (bönor, linser och ärter)",112.0,kcal
883,Mungbönor torkade kokta u. salt,Disackarider,"Baljväxter (bönor, linser och ärter)",0.4,g
883,Mungbönor torkade kokta u. salt,"Kalcium, Ca","Baljväxter (bönor, linser och ärter)",30.0,mg
883,Mungbönor torkade kokta u. salt,Fettsyra 4:0-10:0,"Baljväxter (bönor, linser och ärter)",0.0,g
883,Mungbönor torkade kokta u. salt,DHA (C22:6),"Baljväxter (bönor, linser och ärter)",0.0,g
883,Mungbönor torkade kokta u. salt,DPA (C22:5),"Baljväxter (bönor, linser och ärter)",0.0,g
883,Mungbönor torkade kokta u. salt,EPA (C20:5),"Baljväxter (bönor, linser och ärter)",0.0,g
883,Mungbönor torkade kokta u. salt,Arakidonsyra C20:4,"Baljväxter (bönor, linser och ärter)",0.0,g
883,Mungbönor torkade kokta u. salt,Arakidinsyra C20:0,"Baljväxter (bönor, linser och ärter)",0.0,g
883,Mungbönor torkade kokta u. salt,Linolensyra C18:3,"Baljväxter (bönor, linser och ärter)",0.0,g
883,Mungbönor torkade kokta u. salt,Linolsyra C18:2,"Baljväxter (bönor, linser och ärter)",0.2,g
883,Mungbönor torkade kokta u. salt,Oljesyra C18:1,"Baljväxter (bönor, linser och ärter)",0.1,g
883,Mungbönor torkade kokta u. salt,Stearinsyra C18:0,"Baljväxter (bönor, linser och ärter)",0.0,g
883,Mungbönor torkade kokta u. salt,Palmitoljesyra C16:1,"Baljväxter (bönor, linser och ärter)",0.0,g
883,Mungbönor torkade kokta u. salt,Palmitinsyra C16:0,"Baljväxter (bönor, linser och ärter)",0.2,g
883,Mungbönor torkade kokta u. salt,Myristinsyra C14:0,"Baljväxter (bönor, linser och ärter)",0.0,g
883,Mungbönor torkade kokta u. salt,Laurinsyra C12:0,"Baljväxter (bönor, linser och ärter)",0.0,g
883,Mungbönor torkade kokta u. salt,Betakaroten/β-Karoten,"Baljväxter (bönor, linser och ärter)",14.0,µg
883,Mungbönor torkade kokta u. salt,Avfall (skal etc.),"Baljväxter (bönor, linser och ärter)",0.0,%
883,Mungbönor torkade kokta u. salt,Aska,"Baljväxter (bönor, linser och ärter)",0.8,g
883,Mungbönor torkade kokta u. salt,Alkohol,"Baljväxter (bönor, linser och ärter)",0.0,g
884,Linser torkade,"Zink, Zn","Baljväxter (bönor, linser och ärter)",3.6,mg
884,Linser torkade,Vitamin E,"Baljväxter (bönor, linser och ärter)",0.0,mg
884,Linser torkade,Vitamin D inkl 25-OH-D3,"Baljväxter (bönor, linser och ärter)",0.0,µg
884,Linser torkade,Vitamin D,"Baljväxter (bönor, linser och ärter)",0.0,µg
884,Linser torkade,Vitamin C,"Baljväxter (bönor, linser och ärter)",0.0,mg
884,Linser torkade,Vitamin B6,"Baljväxter (bönor, linser och ärter)",0.18,mg
884,Linser torkade,Vitamin B12,"Baljväxter (bönor, linser och ärter)",0.0,µg
884,Linser torkade,Vitamin A,"Baljväxter (bönor, linser och ärter)",0.5,RE/µg
884,Linser torkade,Vatten,"Baljväxter (bönor, linser och ärter)",9.7,g
884,Linser torkade,Tiamin,"Baljväxter (bönor, linser och ärter)",0.34,mg
884,Linser torkade,Tillsatt socker,"Baljväxter (bönor, linser och ärter)",0.0,g
884,Linser torkade,Fritt socker,"Baljväxter (bönor, linser och ärter)",0.0,g
884,Linser torkade,"Selen, Se","Baljväxter (bönor, linser och ärter)",49.5,µg
884,Linser torkade,Sackaros,"Baljväxter (bönor, linser och ärter)",0.8,g
884,Linser torkade,Riboflavin,"Baljväxter (bönor, linser och ärter)",0.16,mg
884,Linser torkade,Retinol,"Baljväxter (bönor, linser och ärter)",0.0,µg
884,Linser torkade,Protein,"Baljväxter (bönor, linser och ärter)",24.4,g
884,Linser torkade,Summa fleromättade fettsyror,"Baljväxter (bönor, linser och ärter)",0.3,g
884,Linser torkade,"Fosfor, P","Baljväxter (bönor, linser och ärter)",310.0,mg
884,Linser torkade,Niacinekvivalenter,"Baljväxter (bönor, linser och ärter)",5.9,NE/mg
884,Linser torkade,Niacin,"Baljväxter (bönor, linser och ärter)",1.81,mg
884,Linser torkade,"Salt, NaCl","Baljväxter (bönor, linser och ärter)",0.0,g
884,Linser torkade,"Natrium, Na","Baljväxter (bönor, linser och ärter)",10.0,mg
884,Linser torkade,Monosackarider,"Baljväxter (bönor, linser och ärter)",1.1,g
884,Linser torkade,"Sockerarter, totalt","Baljväxter (bönor, linser och ärter)",2.0,g
884,Linser torkade,Summa enkelomättade fettsyror,"Baljväxter (bönor, linser och ärter)",0.1,g
884,Linser torkade,"Magnesium, Mg","Baljväxter (bönor, linser och ärter)",75.0,mg
884,Linser torkade,Summa mättade fettsyror,"Baljväxter (bönor, linser och ärter)",0.1,g
884,Linser torkade,"Kolhydrater, tillgängliga","Baljväxter (bönor, linser och ärter)",52.5,g
884,Linser torkade,Kolesterol,"Baljväxter (bönor, linser och ärter)",0.0,mg
884,Linser torkade,"Kalium, K","Baljväxter (bönor, linser och ärter)",786.0,mg
884,Linser torkade,"Jod, I","Baljväxter (bönor, linser och ärter)",6.0,µg
884,Linser torkade,Fullkorn totalt,"Baljväxter (bönor, linser och ärter)",0.0,g
884,Linser torkade,"Folat, totalt","Baljväxter (bönor, linser och ärter)",50.0,µg
884,Linser torkade,Fibrer,"Baljväxter (bönor, linser och ärter)",10.4,g
884,Linser torkade,"Fett, totalt","Baljväxter (bönor, linser och ärter)",0.8,g
884,Linser torkade,"Järn, Fe","Baljväxter (bönor, linser och ärter)",7.1,mg
884,Linser torkade,Energi (kJ),"Baljväxter (bönor, linser och ärter)",1418.0,kJ
884,Linser torkade,Energi (kcal),"Baljväxter (bönor, linser och ärter)",339.0,kcal
884,Linser torkade,Disackarider,"Baljväxter (bönor, linser och ärter)",0.8,g
884,Linser torkade,"Kalcium, Ca","Baljväxter (bönor, linser och ärter)",44.0,mg
884,Linser torkade,Fettsyra 4:0-10:0,"Baljväxter (bönor, linser och ärter)",0.0,g
884,Linser torkade,DHA (C22:6),"Baljväxter (bönor, linser och ärter)",0.0,g
884,Linser torkade,DPA (C22:5),"Baljväxter (bönor, linser och ärter)",0.0,g
884,Linser torkade,EPA (C20:5),"Baljväxter (bönor, linser och ärter)",0.0,g
884,Linser torkade,Arakidonsyra C20:4,"Baljväxter (bönor, linser och ärter)",0.0,g
884,Linser torkade,Arakidinsyra C20:0,"Baljväxter (bönor, linser och ärter)",0.0,g
884,Linser torkade,Linolensyra C18:3,"Baljväxter (bönor, linser och ärter)",0.0,g
884,Linser torkade,Linolsyra C18:2,"Baljväxter (bönor, linser och ärter)",0.3,g
884,Linser torkade,Oljesyra C18:1,"Baljväxter (bönor, linser och ärter)",0.1,g
884,Linser torkade,Stearinsyra C18:0,"Baljväxter (bönor, linser och ärter)",0.0,g
884,Linser torkade,Palmitoljesyra C16:1,"Baljväxter (bönor, linser och ärter)",0.0,g
884,Linser torkade,Palmitinsyra C16:0,"Baljväxter (bönor, linser och ärter)",0.1,g
884,Linser torkade,Myristinsyra C14:0,"Baljväxter (bönor, linser och ärter)",0.0,g
884,Linser torkade,Laurinsyra C12:0,"Baljväxter (bönor, linser och ärter)",0.0,g
884,Linser torkade,Betakaroten/β-Karoten,"Baljväxter (bönor, linser och ärter)",6.0,µg
884,Linser torkade,Avfall (skal etc.),"Baljväxter (bönor, linser och ärter)",0.0,%
884,Linser torkade,Aska,"Baljväxter (bönor, linser och ärter)",2.2,g
884,Linser torkade,Alkohol,"Baljväxter (bönor, linser och ärter)",0.0,g
886,Mungbönor torkade,"Zink, Zn","Baljväxter (bönor, linser och ärter)",2.7,mg
886,Mungbönor torkade,Vitamin E,"Baljväxter (bönor, linser och ärter)",0.1,mg
886,Mungbönor torkade,Vitamin D inkl 25-OH-D3,"Baljväxter (bönor, linser och ärter)",0.0,µg
886,Mungbönor torkade,Vitamin D,"Baljväxter (bönor, linser och ärter)",0.0,µg
886,Mungbönor torkade,Vitamin C,"Baljväxter (bönor, linser och ärter)",0.0,mg
886,Mungbönor torkade,Vitamin B6,"Baljväxter (bönor, linser och ärter)",0.35,mg
886,Mungbönor torkade,Vitamin B12,"Baljväxter (bönor, linser och ärter)",0.0,µg
886,Mungbönor torkade,Vitamin A,"Baljväxter (bönor, linser och ärter)",11.4,RE/µg
886,Mungbönor torkade,Vatten,"Baljväxter (bönor, linser och ärter)",10.0,g
886,Mungbönor torkade,Tiamin,"Baljväxter (bönor, linser och ärter)",0.45,mg
886,Mungbönor torkade,Tillsatt socker,"Baljväxter (bönor, linser och ärter)",0.0,g
886,Mungbönor torkade,Fritt socker,"Baljväxter (bönor, linser och ärter)",0.0,g
886,Mungbönor torkade,"Selen, Se","Baljväxter (bönor, linser och ärter)",23.3,µg
886,Mungbönor torkade,Sackaros,"Baljväxter (bönor, linser och ärter)",0.3,g
886,Mungbönor torkade,Riboflavin,"Baljväxter (bönor, linser och ärter)",0.27,mg
886,Mungbönor torkade,Retinol,"Baljväxter (bönor, linser och ärter)",0.0,µg
886,Mungbönor torkade,Protein,"Baljväxter (bönor, linser och ärter)",22.5,g
886,Mungbönor torkade,Summa fleromättade fettsyror,"Baljväxter (bönor, linser och ärter)",0.6,g
886,Mungbönor torkade,"Fosfor, P","Baljväxter (bönor, linser och ärter)",353.0,mg
886,Mungbönor torkade,Niacinekvivalenter,"Baljväxter (bönor, linser och ärter)",5.9,NE/mg
886,Mungbönor torkade,Niacin,"Baljväxter (bönor, linser och ärter)",2.16,mg
886,Mungbönor torkade,"Salt, NaCl","Baljväxter (bönor, linser och ärter)",0.0,g
886,Mungbönor torkade,"Natrium, Na","Baljväxter (bönor, linser och ärter)",12.0,mg
886,Mungbönor torkade,Monosackarider,"Baljväxter (bönor, linser och ärter)",0.2,g
886,Mungbönor torkade,"Sockerarter, totalt","Baljväxter (bönor, linser och ärter)",0.5,g
886,Mungbönor torkade,Summa enkelomättade fettsyror,"Baljväxter (bönor, linser och ärter)",0.0,g
886,Mungbönor torkade,"Magnesium, Mg","Baljväxter (bönor, linser och ärter)",198.0,mg
886,Mungbönor torkade,Summa mättade fettsyror,"Baljväxter (bönor, linser och ärter)",0.3,g
886,Mungbönor torkade,"Kolhydrater, tillgängliga","Baljväxter (bönor, linser och ärter)",46.1,g
886,Mungbönor torkade,Kolesterol,"Baljväxter (bönor, linser och ärter)",0.0,mg
886,Mungbönor torkade,"Kalium, K","Baljväxter (bönor, linser och ärter)",1177.0,mg
886,Mungbönor torkade,"Jod, I","Baljväxter (bönor, linser och ärter)",7.0,µg
886,Mungbönor torkade,Fullkorn totalt,"Baljväxter (bönor, linser och ärter)",0.0,g
886,Mungbönor torkade,"Folat, totalt","Baljväxter (bönor, linser och ärter)",145.0,µg
886,Mungbönor torkade,Fibrer,"Baljväxter (bönor, linser och ärter)",17.0,g
886,Mungbönor torkade,"Fett, totalt","Baljväxter (bönor, linser och ärter)",1.1,g
886,Mungbönor torkade,"Järn, Fe","Baljväxter (bönor, linser och ärter)",4.9,mg
886,Mungbönor torkade,Energi (kJ),"Baljväxter (bönor, linser och ärter)",1345.0,kJ
886,Mungbönor torkade,Energi (kcal),"Baljväxter (bönor, linser och ärter)",322.0,kcal
886,Mungbönor torkade,Disackarider,"Baljväxter (bönor, linser och ärter)",0.3,g
886,Mungbönor torkade,"Kalcium, Ca","Baljväxter (bönor, linser och ärter)",92.0,mg
886,Mungbönor torkade,Fettsyra 4:0-10:0,"Baljväxter (bönor, linser och ärter)",0.0,g
886,Mungbönor torkade,DHA (C22:6),"Baljväxter (bönor, linser och ärter)",0.0,g
886,Mungbönor torkade,DPA (C22:5),"Baljväxter (bönor, linser och ärter)",0.0,g
886,Mungbönor torkade,EPA (C20:5),"Baljväxter (bönor, linser och ärter)",0.0,g
886,Mungbönor torkade,Arakidonsyra C20:4,"Baljväxter (bönor, linser och ärter)",0.0,g
886,Mungbönor torkade,Arakidinsyra C20:0,"Baljväxter (bönor, linser och ärter)",0.0,g
886,Mungbönor torkade,Linolensyra C18:3,"Baljväxter (bönor, linser och ärter)",0.2,g
886,Mungbönor torkade,Linolsyra C18:2,"Baljväxter (bönor, linser och ärter)",0.4,g
886,Mungbönor torkade,Oljesyra C18:1,"Baljväxter (bönor, linser och ärter)",0.0,g
886,Mungbönor torkade,Stearinsyra C18:0,"Baljväxter (bönor, linser och ärter)",0.0,g
886,Mungbönor torkade,Palmitoljesyra C16:1,"Baljväxter (bönor, linser och ärter)",0.0,g
886,Mungbönor torkade,Palmitinsyra C16:0,"Baljväxter (bönor, linser och ärter)",0.2,g
886,Mungbönor torkade,Myristinsyra C14:0,"Baljväxter (bönor, linser och ärter)",0.0,g
886,Mungbönor torkade,Laurinsyra C12:0,"Baljväxter (bönor, linser och ärter)",0.0,g
886,Mungbönor torkade,Betakaroten/β-Karoten,"Baljväxter (bönor, linser och ärter)",137.0,µg
886,Mungbönor torkade,Avfall (skal etc.),"Baljväxter (bönor, linser och ärter)",0.0,%
886,Mungbönor torkade,Aska,"Baljväxter (bönor, linser och ärter)",3.2,g
886,Mungbönor torkade,Alkohol,"Baljväxter (bönor, linser och ärter)",0.0,g
887,Sojabönor torkade,"Zink, Zn","Baljväxter (bönor, linser och ärter)",3.5,mg
887,Sojabönor torkade,Vitamin E,"Baljväxter (bönor, linser och ärter)",1.1,mg
887,Sojabönor torkade,Vitamin D inkl 25-OH-D3,"Baljväxter (bönor, linser och ärter)",0.0,µg
887,Sojabönor torkade,Vitamin D,"Baljväxter (bönor, linser och ärter)",0.0,µg
887,Sojabönor torkade,Vitamin C,"Baljväxter (bönor, linser och ärter)",0.0,mg
887,Sojabönor torkade,Vitamin B6,"Baljväxter (bönor, linser och ärter)",0.45,mg
887,Sojabönor torkade,Vitamin B12,"Baljväxter (bönor, linser och ärter)",0.0,µg
887,Sojabönor torkade,Vitamin A,"Baljväxter (bönor, linser och ärter)",0.2,RE/µg
887,Sojabönor torkade,Vatten,"Baljväxter (bönor, linser och ärter)",5.5,g
887,Sojabönor torkade,Tiamin,"Baljväxter (bönor, linser och ärter)",0.61,mg
887,Sojabönor torkade,Tillsatt socker,"Baljväxter (bönor, linser och ärter)",0.0,g
887,Sojabönor torkade,Fritt socker,"Baljväxter (bönor, linser och ärter)",0.0,g
887,Sojabönor torkade,"Selen, Se","Baljväxter (bönor, linser och ärter)",16.8,µg
887,Sojabönor torkade,Sackaros,"Baljväxter (bönor, linser och ärter)",1.4,g
887,Sojabönor torkade,Riboflavin,"Baljväxter (bönor, linser och ärter)",0.23,mg
887,Sojabönor torkade,Retinol,"Baljväxter (bönor, linser och ärter)",0.0,µg
887,Sojabönor torkade,Protein,"Baljväxter (bönor, linser och ärter)",37.8,g
887,Sojabönor torkade,Summa fleromättade fettsyror,"Baljväxter (bönor, linser och ärter)",11.1,g
887,Sojabönor torkade,"Fosfor, P","Baljväxter (bönor, linser och ärter)",494.0,mg
887,Sojabönor torkade,Niacinekvivalenter,"Baljväxter (bönor, linser och ärter)",8.6,NE/mg
887,Sojabönor torkade,Niacin,"Baljväxter (bönor, linser och ärter)",2.28,mg
887,Sojabönor torkade,"Salt, NaCl","Baljväxter (bönor, linser och ärter)",0.0,g
887,Sojabönor torkade,"Natrium, Na","Baljväxter (bönor, linser och ärter)",3.0,mg
887,Sojabönor torkade,Monosackarider,"Baljväxter (bönor, linser och ärter)",0.8,g
887,Sojabönor torkade,"Sockerarter, totalt","Baljväxter (bönor, linser och ärter)",2.2,g
887,Sojabönor torkade,Summa enkelomättade fettsyror,"Baljväxter (bönor, linser och ärter)",4.8,g
887,Sojabönor torkade,"Magnesium, Mg","Baljväxter (bönor, linser och ärter)",189.0,mg
887,Sojabönor torkade,Summa mättade fettsyror,"Baljväxter (bönor, linser och ärter)",3.0,g
887,Sojabönor torkade,"Kolhydrater, tillgängliga","Baljväxter (bönor, linser och ärter)",10.2,g
887,Sojabönor torkade,Kolesterol,"Baljväxter (bönor, linser och ärter)",0.0,mg
887,Sojabönor torkade,"Kalium, K","Baljväxter (bönor, linser och ärter)",1634.0,mg
887,Sojabönor torkade,"Jod, I","Baljväxter (bönor, linser och ärter)",7.0,µg
887,Sojabönor torkade,Fullkorn totalt,"Baljväxter (bönor, linser och ärter)",0.0,g
887,Sojabönor torkade,"Folat, totalt","Baljväxter (bönor, linser och ärter)",288.0,µg
887,Sojabönor torkade,Fibrer,"Baljväxter (bönor, linser och ärter)",22.6,g
887,Sojabönor torkade,"Fett, totalt","Baljväxter (bönor, linser och ärter)",19.4,g
887,Sojabönor torkade,"Järn, Fe","Baljväxter (bönor, linser och ärter)",8.2,mg
887,Sojabönor torkade,Energi (kJ),"Baljväxter (bönor, linser och ärter)",1716.0,kJ
887,Sojabönor torkade,Energi (kcal),"Baljväxter (bönor, linser och ärter)",410.0,kcal
887,Sojabönor torkade,Disackarider,"Baljväxter (bönor, linser och ärter)",1.4,g
887,Sojabönor torkade,"Kalcium, Ca","Baljväxter (bönor, linser och ärter)",195.0,mg
887,Sojabönor torkade,Fettsyra 4:0-10:0,"Baljväxter (bönor, linser och ärter)",0.0,g
887,Sojabönor torkade,DHA (C22:6),"Baljväxter (bönor, linser och ärter)",0.0,g
887,Sojabönor torkade,DPA (C22:5),"Baljväxter (bönor, linser och ärter)",0.0,g
887,Sojabönor torkade,EPA (C20:5),"Baljväxter (bönor, linser och ärter)",0.0,g
887,Sojabönor torkade,Arakidonsyra C20:4,"Baljväxter (bönor, linser och ärter)",0.0,g
887,Sojabönor torkade,Arakidinsyra C20:0,"Baljväxter (bönor, linser och ärter)",0.0,g
887,Sojabönor torkade,Linolensyra C18:3,"Baljväxter (bönor, linser och ärter)",1.3,g
887,Sojabönor torkade,Linolsyra C18:2,"Baljväxter (bönor, linser och ärter)",9.8,g
887,Sojabönor torkade,Oljesyra C18:1,"Baljväxter (bönor, linser och ärter)",4.7,g
887,Sojabönor torkade,Stearinsyra C18:0,"Baljväxter (bönor, linser och ärter)",0.5,g
887,Sojabönor torkade,Palmitoljesyra C16:1,"Baljväxter (bönor, linser och ärter)",0.0,g
887,Sojabönor torkade,Palmitinsyra C16:0,"Baljväxter (bönor, linser och ärter)",2.3,g
887,Sojabönor torkade,Myristinsyra C14:0,"Baljväxter (bönor, linser och ärter)",0.0,g
887,Sojabönor torkade,Laurinsyra C12:0,"Baljväxter (bönor, linser och ärter)",0.0,g
887,Sojabönor torkade,Betakaroten/β-Karoten,"Baljväxter (bönor, linser och ärter)",3.0,µg
887,Sojabönor torkade,Avfall (skal etc.),"Baljväxter (bönor, linser och ärter)",0.0,%
887,Sojabönor torkade,Aska,"Baljväxter (bönor, linser och ärter)",4.5,g
887,Sojabönor torkade,Alkohol,"Baljväxter (bönor, linser och ärter)",0.0,g
888,Sojabönor torkade kokta u. salt,"Zink, Zn","Baljväxter (bönor, linser och ärter)",1.2,mg
888,Sojabönor torkade kokta u. salt,Vitamin E,"Baljväxter (bönor, linser och ärter)",0.3,mg
888,Sojabönor torkade kokta u. salt,Vitamin D inkl 25-OH-D3,"Baljväxter (bönor, linser och ärter)",0.0,µg
888,Sojabönor torkade kokta u. salt,Vitamin D,"Baljväxter (bönor, linser och ärter)",0.0,µg
888,Sojabönor torkade kokta u. salt,Vitamin C,"Baljväxter (bönor, linser och ärter)",0.0,mg
888,Sojabönor torkade kokta u. salt,Vitamin B6,"Baljväxter (bönor, linser och ärter)",0.27,mg
888,Sojabönor torkade kokta u. salt,Vitamin B12,"Baljväxter (bönor, linser och ärter)",0.0,µg
888,Sojabönor torkade kokta u. salt,Vitamin A,"Baljväxter (bönor, linser och ärter)",1.5,RE/µg
888,Sojabönor torkade kokta u. salt,Vatten,"Baljväxter (bönor, linser och ärter)",71.0,g
888,Sojabönor torkade kokta u. salt,Tiamin,"Baljväxter (bönor, linser och ärter)",0.21,mg
888,Sojabönor torkade kokta u. salt,Tillsatt socker,"Baljväxter (bönor, linser och ärter)",0.0,g
888,Sojabönor torkade kokta u. salt,Fritt socker,"Baljväxter (bönor, linser och ärter)",0.0,g
888,Sojabönor torkade kokta u. salt,"Selen, Se","Baljväxter (bönor, linser och ärter)",1.0,µg
888,Sojabönor torkade kokta u. salt,Sackaros,"Baljväxter (bönor, linser och ärter)",0.8,g
888,Sojabönor torkade kokta u. salt,Riboflavin,"Baljväxter (bönor, linser och ärter)",0.09,mg
888,Sojabönor torkade kokta u. salt,Retinol,"Baljväxter (bönor, linser och ärter)",0.0,µg
888,Sojabönor torkade kokta u. salt,Protein,"Baljväxter (bönor, linser och ärter)",11.0,g
888,Sojabönor torkade kokta u. salt,Summa fleromättade fettsyror,"Baljväxter (bönor, linser och ärter)",3.2,g
888,Sojabönor torkade kokta u. salt,"Fosfor, P","Baljväxter (bönor, linser och ärter)",179.0,mg
888,Sojabönor torkade kokta u. salt,Niacinekvivalenter,"Baljväxter (bönor, linser och ärter)",2.43,NE/mg
888,Sojabönor torkade kokta u. salt,Niacin,"Baljväxter (bönor, linser och ärter)",0.6,mg
888,Sojabönor torkade kokta u. salt,"Salt, NaCl","Baljväxter (bönor, linser och ärter)",0.0,g
888,Sojabönor torkade kokta u. salt,"Natrium, Na","Baljväxter (bönor, linser och ärter)",2.0,mg
888,Sojabönor torkade kokta u. salt,Monosackarider,"Baljväxter (bönor, linser och ärter)",1.2,g
888,Sojabönor torkade kokta u. salt,"Sockerarter, totalt","Baljväxter (bönor, linser och ärter)",2.0,g
888,Sojabönor torkade kokta u. salt,Summa enkelomättade fettsyror,"Baljväxter (bönor, linser och ärter)",1.4,g
888,Sojabönor torkade kokta u. salt,"Magnesium, Mg","Baljväxter (bönor, linser och ärter)",88.0,mg
888,Sojabönor torkade kokta u. salt,Summa mättade fettsyror,"Baljväxter (bönor, linser och ärter)",0.8,g
888,Sojabönor torkade kokta u. salt,"Kolhydrater, tillgängliga","Baljväxter (bönor, linser och ärter)",5.8,g
888,Sojabönor torkade kokta u. salt,Kolesterol,"Baljväxter (bönor, linser och ärter)",0.0,mg
888,Sojabönor torkade kokta u. salt,"Kalium, K","Baljväxter (bönor, linser och ärter)",540.0,mg
888,Sojabönor torkade kokta u. salt,"Jod, I","Baljväxter (bönor, linser och ärter)",0.0,µg
888,Sojabönor torkade kokta u. salt,Fullkorn totalt,"Baljväxter (bönor, linser och ärter)",0.0,g
888,Sojabönor torkade kokta u. salt,"Folat, totalt","Baljväxter (bönor, linser och ärter)",54.0,µg
888,Sojabönor torkade kokta u. salt,Fibrer,"Baljväxter (bönor, linser och ärter)",5.0,g
888,Sojabönor torkade kokta u. salt,"Fett, totalt","Baljväxter (bönor, linser och ärter)",5.7,g
888,Sojabönor torkade kokta u. salt,"Järn, Fe","Baljväxter (bönor, linser och ärter)",2.7,mg
888,Sojabönor torkade kokta u. salt,Energi (kJ),"Baljväxter (bönor, linser och ärter)",536.0,kJ
888,Sojabönor torkade kokta u. salt,Energi (kcal),"Baljväxter (bönor, linser och ärter)",128.0,kcal
888,Sojabönor torkade kokta u. salt,Disackarider,"Baljväxter (bönor, linser och ärter)",0.8,g
888,Sojabönor torkade kokta u. salt,"Kalcium, Ca","Baljväxter (bönor, linser och ärter)",73.0,mg
888,Sojabönor torkade kokta u. salt,Fettsyra 4:0-10:0,"Baljväxter (bönor, linser och ärter)",0.0,g
888,Sojabönor torkade kokta u. salt,DHA (C22:6),"Baljväxter (bönor, linser och ärter)",0.0,g
888,Sojabönor torkade kokta u. salt,DPA (C22:5),"Baljväxter (bönor, linser och ärter)",0.0,g
888,Sojabönor torkade kokta u. salt,EPA (C20:5),"Baljväxter (bönor, linser och ärter)",0.0,g
888,Sojabönor torkade kokta u. salt,Arakidonsyra C20:4,"Baljväxter (bönor, linser och ärter)",0.0,g
888,Sojabönor torkade kokta u. salt,Arakidinsyra C20:0,"Baljväxter (bönor, linser och ärter)",0.0,g
888,Sojabönor torkade kokta u. salt,Linolensyra C18:3,"Baljväxter (bönor, linser och ärter)",0.4,g
888,Sojabönor torkade kokta u. salt,Linolsyra C18:2,"Baljväxter (bönor, linser och ärter)",2.8,g
888,Sojabönor torkade kokta u. salt,Oljesyra C18:1,"Baljväxter (bönor, linser och ärter)",1.3,g
888,Sojabönor torkade kokta u. salt,Stearinsyra C18:0,"Baljväxter (bönor, linser och ärter)",0.2,g
888,Sojabönor torkade kokta u. salt,Palmitoljesyra C16:1,"Baljväxter (bönor, linser och ärter)",0.0,g
888,Sojabönor torkade kokta u. salt,Palmitinsyra C16:0,"Baljväxter (bönor, linser och ärter)",0.5,g
888,Sojabönor torkade kokta u. salt,Myristinsyra C14:0,"Baljväxter (bönor, linser och ärter)",0.0,g
888,Sojabönor torkade kokta u. salt,Laurinsyra C12:0,"Baljväxter (bönor, linser och ärter)",0.0,g
888,Sojabönor torkade kokta u. salt,Betakaroten/β-Karoten,"Baljväxter (bönor, linser och ärter)",18.0,µg
888,Sojabönor torkade kokta u. salt,Avfall (skal etc.),"Baljväxter (bönor, linser och ärter)",0.0,%
888,Sojabönor torkade kokta u. salt,Aska,"Baljväxter (bönor, linser och ärter)",1.5,g
888,Sojabönor torkade kokta u. salt,Alkohol,"Baljväxter (bönor, linser och ärter)",0.0,g
889,Vignabönor svartögda bönor torkade,"Zink, Zn","Baljväxter (bönor, linser och ärter)",2.0,mg
889,Vignabönor svartögda bönor torkade,Vitamin E,"Baljväxter (bönor, linser och ärter)",0.3,mg
889,Vignabönor svartögda bönor torkade,Vitamin D inkl 25-OH-D3,"Baljväxter (bönor, linser och ärter)",0.0,µg
889,Vignabönor svartögda bönor torkade,Vitamin D,"Baljväxter (bönor, linser och ärter)",0.0,µg
889,Vignabönor svartögda bönor torkade,Vitamin C,"Baljväxter (bönor, linser och ärter)",0.0,mg
889,Vignabönor svartögda bönor torkade,Vitamin B6,"Baljväxter (bönor, linser och ärter)",0.56,mg
889,Vignabönor svartögda bönor torkade,Vitamin B12,"Baljväxter (bönor, linser och ärter)",0.0,µg
889,Vignabönor svartögda bönor torkade,Vitamin A,"Baljväxter (bönor, linser och ärter)",1.5,RE/µg
889,Vignabönor svartögda bönor torkade,Vatten,"Baljväxter (bönor, linser och ärter)",10.5,g
889,Vignabönor svartögda bönor torkade,Tiamin,"Baljväxter (bönor, linser och ärter)",1.05,mg
889,Vignabönor svartögda bönor torkade,Tillsatt socker,"Baljväxter (bönor, linser och ärter)",0.0,g
889,Vignabönor svartögda bönor torkade,Fritt socker,"Baljväxter (bönor, linser och ärter)",0.0,g
889,Vignabönor svartögda bönor torkade,"Selen, Se","Baljväxter (bönor, linser och ärter)",2.0,µg
889,Vignabönor svartögda bönor torkade,Sackaros,"Baljväxter (bönor, linser och ärter)",3.0,g
889,Vignabönor svartögda bönor torkade,Riboflavin,"Baljväxter (bönor, linser och ärter)",0.21,mg
889,Vignabönor svartögda bönor torkade,Retinol,"Baljväxter (bönor, linser och ärter)",0.0,µg
889,Vignabönor svartögda bönor torkade,Protein,"Baljväxter (bönor, linser och ärter)",23.0,g
889,Vignabönor svartögda bönor torkade,Summa fleromättade fettsyror,"Baljväxter (bönor, linser och ärter)",0.6,g
889,Vignabönor svartögda bönor torkade,"Fosfor, P","Baljväxter (bönor, linser och ärter)",425.0,mg
889,Vignabönor svartögda bönor torkade,Niacinekvivalenter,"Baljväxter (bönor, linser och ärter)",6.03,NE/mg
889,Vignabönor svartögda bönor torkade,Niacin,"Baljväxter (bönor, linser och ärter)",2.2,mg
889,Vignabönor svartögda bönor torkade,"Salt, NaCl","Baljväxter (bönor, linser och ärter)",0.1,g
889,Vignabönor svartögda bönor torkade,"Natrium, Na","Baljväxter (bönor, linser och ärter)",35.0,mg
889,Vignabönor svartögda bönor torkade,Monosackarider,"Baljväxter (bönor, linser och ärter)",1.6,g
889,Vignabönor svartögda bönor torkade,"Sockerarter, totalt","Baljväxter (bönor, linser och ärter)",4.6,g
889,Vignabönor svartögda bönor torkade,Summa enkelomättade fettsyror,"Baljväxter (bönor, linser och ärter)",0.1,g
889,Vignabönor svartögda bönor torkade,"Magnesium, Mg","Baljväxter (bönor, linser och ärter)",230.0,mg
889,Vignabönor svartögda bönor torkade,Summa mättade fettsyror,"Baljväxter (bönor, linser och ärter)",0.4,g
889,Vignabönor svartögda bönor torkade,"Kolhydrater, tillgängliga","Baljväxter (bönor, linser och ärter)",52.1,g
889,Vignabönor svartögda bönor torkade,Kolesterol,"Baljväxter (bönor, linser och ärter)",0.0,mg
889,Vignabönor svartögda bönor torkade,"Kalium, K","Baljväxter (bönor, linser och ärter)",1020.0,mg
889,Vignabönor svartögda bönor torkade,Fullkorn totalt,"Baljväxter (bönor, linser och ärter)",0.0,g
889,Vignabönor svartögda bönor torkade,"Folat, totalt","Baljväxter (bönor, linser och ärter)",633.0,µg
889,Vignabönor svartögda bönor torkade,Fibrer,"Baljväxter (bönor, linser och ärter)",9.4,g
889,Vignabönor svartögda bönor torkade,"Fett, totalt","Baljväxter (bönor, linser och ärter)",1.5,g
889,Vignabönor svartögda bönor torkade,"Järn, Fe","Baljväxter (bönor, linser och ärter)",5.8,mg
889,Vignabönor svartögda bönor torkade,Energi (kJ),"Baljväxter (bönor, linser och ärter)",1407.0,kJ
889,Vignabönor svartögda bönor torkade,Energi (kcal),"Baljväxter (bönor, linser och ärter)",336.0,kcal
889,Vignabönor svartögda bönor torkade,Disackarider,"Baljväxter (bönor, linser och ärter)",3.0,g
889,Vignabönor svartögda bönor torkade,"Kalcium, Ca","Baljväxter (bönor, linser och ärter)",74.0,mg
889,Vignabönor svartögda bönor torkade,Fettsyra 4:0-10:0,"Baljväxter (bönor, linser och ärter)",0.0,g
889,Vignabönor svartögda bönor torkade,DHA (C22:6),"Baljväxter (bönor, linser och ärter)",0.0,g
889,Vignabönor svartögda bönor torkade,DPA (C22:5),"Baljväxter (bönor, linser och ärter)",0.0,g
889,Vignabönor svartögda bönor torkade,EPA (C20:5),"Baljväxter (bönor, linser och ärter)",0.0,g
889,Vignabönor svartögda bönor torkade,Arakidonsyra C20:4,"Baljväxter (bönor, linser och ärter)",0.0,g
889,Vignabönor svartögda bönor torkade,Arakidinsyra C20:0,"Baljväxter (bönor, linser och ärter)",0.0,g
889,Vignabönor svartögda bönor torkade,Linolensyra C18:3,"Baljväxter (bönor, linser och ärter)",0.2,g
889,Vignabönor svartögda bönor torkade,Linolsyra C18:2,"Baljväxter (bönor, linser och ärter)",0.4,g
889,Vignabönor svartögda bönor torkade,Oljesyra C18:1,"Baljväxter (bönor, linser och ärter)",0.1,g
889,Vignabönor svartögda bönor torkade,Stearinsyra C18:0,"Baljväxter (bönor, linser och ärter)",0.0,g
889,Vignabönor svartögda bönor torkade,Palmitoljesyra C16:1,"Baljväxter (bönor, linser och ärter)",0.0,g
889,Vignabönor svartögda bönor torkade,Palmitinsyra C16:0,"Baljväxter (bönor, linser och ärter)",0.4,g
889,Vignabönor svartögda bönor torkade,Myristinsyra C14:0,"Baljväxter (bönor, linser och ärter)",0.0,g
889,Vignabönor svartögda bönor torkade,Laurinsyra C12:0,"Baljväxter (bönor, linser och ärter)",0.0,g
889,Vignabönor svartögda bönor torkade,Betakaroten/β-Karoten,"Baljväxter (bönor, linser och ärter)",18.0,µg
889,Vignabönor svartögda bönor torkade,Avfall (skal etc.),"Baljväxter (bönor, linser och ärter)",0.0,%
889,Vignabönor svartögda bönor torkade,Aska,"Baljväxter (bönor, linser och ärter)",3.5,g
889,Vignabönor svartögda bönor torkade,Alkohol,"Baljväxter (bönor, linser och ärter)",0.0,g
890,Vignabönor svartögda bönor torkade kokta u. salt,"Zink, Zn","Baljväxter (bönor, linser och ärter)",0.8,mg
890,Vignabönor svartögda bönor torkade kokta u. salt,Vitamin E,"Baljväxter (bönor, linser och ärter)",0.2,mg
890,Vignabönor svartögda bönor torkade kokta u. salt,Vitamin D inkl 25-OH-D3,"Baljväxter (bönor, linser och ärter)",0.0,µg
890,Vignabönor svartögda bönor torkade kokta u. salt,Vitamin D,"Baljväxter (bönor, linser och ärter)",0.0,µg
890,Vignabönor svartögda bönor torkade kokta u. salt,Vitamin C,"Baljväxter (bönor, linser och ärter)",1.6,mg
890,Vignabönor svartögda bönor torkade kokta u. salt,Vitamin B6,"Baljväxter (bönor, linser och ärter)",0.05,mg
890,Vignabönor svartögda bönor torkade kokta u. salt,Vitamin B12,"Baljväxter (bönor, linser och ärter)",0.0,µg
890,Vignabönor svartögda bönor torkade kokta u. salt,Vitamin A,"Baljväxter (bönor, linser och ärter)",0.5,RE/µg
890,Vignabönor svartögda bönor torkade kokta u. salt,Vatten,"Baljväxter (bönor, linser och ärter)",80.0,g
890,Vignabönor svartögda bönor torkade kokta u. salt,Tiamin,"Baljväxter (bönor, linser och ärter)",0.16,mg
890,Vignabönor svartögda bönor torkade kokta u. salt,Tillsatt socker,"Baljväxter (bönor, linser och ärter)",0.0,g
890,Vignabönor svartögda bönor torkade kokta u. salt,Fritt socker,"Baljväxter (bönor, linser och ärter)",0.0,g
890,Vignabönor svartögda bönor torkade kokta u. salt,"Selen, Se","Baljväxter (bönor, linser och ärter)",0.5,µg
890,Vignabönor svartögda bönor torkade kokta u. salt,Sackaros,"Baljväxter (bönor, linser och ärter)",1.4,g
890,Vignabönor svartögda bönor torkade kokta u. salt,Riboflavin,"Baljväxter (bönor, linser och ärter)",0.04,mg
890,Vignabönor svartögda bönor torkade kokta u. salt,Retinol,"Baljväxter (bönor, linser och ärter)",0.0,µg
890,Vignabönor svartögda bönor torkade kokta u. salt,Protein,"Baljväxter (bönor, linser och ärter)",5.1,g
890,Vignabönor svartögda bönor torkade kokta u. salt,Summa fleromättade fettsyror,"Baljväxter (bönor, linser och ärter)",0.1,g
890,Vignabönor svartögda bönor torkade kokta u. salt,"Fosfor, P","Baljväxter (bönor, linser och ärter)",95.0,mg
890,Vignabönor svartögda bönor torkade kokta u. salt,Niacinekvivalenter,"Baljväxter (bönor, linser och ärter)",1.25,NE/mg
890,Vignabönor svartögda bönor torkade kokta u. salt,Niacin,"Baljväxter (bönor, linser och ärter)",0.4,mg
890,Vignabönor svartögda bönor torkade kokta u. salt,"Salt, NaCl","Baljväxter (bönor, linser och ärter)",0.0,g
890,Vignabönor svartögda bönor torkade kokta u. salt,"Natrium, Na","Baljväxter (bönor, linser och ärter)",8.0,mg
890,Vignabönor svartögda bönor torkade kokta u. salt,Monosackarider,"Baljväxter (bönor, linser och ärter)",0.8,g
890,Vignabönor svartögda bönor torkade kokta u. salt,"Sockerarter, totalt","Baljväxter (bönor, linser och ärter)",2.2,g
890,Vignabönor svartögda bönor torkade kokta u. salt,Summa enkelomättade fettsyror,"Baljväxter (bönor, linser och ärter)",0.0,g
890,Vignabönor svartögda bönor torkade kokta u. salt,"Magnesium, Mg","Baljväxter (bönor, linser och ärter)",50.0,mg
890,Vignabönor svartögda bönor torkade kokta u. salt,Summa mättade fettsyror,"Baljväxter (bönor, linser och ärter)",0.1,g
890,Vignabönor svartögda bönor torkade kokta u. salt,"Kolhydrater, tillgängliga","Baljväxter (bönor, linser och ärter)",9.1,g
890,Vignabönor svartögda bönor torkade kokta u. salt,Kolesterol,"Baljväxter (bönor, linser och ärter)",0.0,mg
890,Vignabönor svartögda bönor torkade kokta u. salt,"Kalium, K","Baljväxter (bönor, linser och ärter)",230.0,mg
890,Vignabönor svartögda bönor torkade kokta u. salt,Fullkorn totalt,"Baljväxter (bönor, linser och ärter)",0.0,g
890,Vignabönor svartögda bönor torkade kokta u. salt,"Folat, totalt","Baljväxter (bönor, linser och ärter)",208.0,µg
890,Vignabönor svartögda bönor torkade kokta u. salt,Fibrer,"Baljväxter (bönor, linser och ärter)",4.7,g
890,Vignabönor svartögda bönor torkade kokta u. salt,"Fett, totalt","Baljväxter (bönor, linser och ärter)",0.3,g
890,Vignabönor svartögda bönor torkade kokta u. salt,"Järn, Fe","Baljväxter (bönor, linser och ärter)",1.3,mg
890,Vignabönor svartögda bönor torkade kokta u. salt,Energi (kJ),"Baljväxter (bönor, linser och ärter)",290.0,kJ
890,Vignabönor svartögda bönor torkade kokta u. salt,Energi (kcal),"Baljväxter (bönor, linser och ärter)",69.0,kcal
890,Vignabönor svartögda bönor torkade kokta u. salt,Disackarider,"Baljväxter (bönor, linser och ärter)",1.4,g
890,Vignabönor svartögda bönor torkade kokta u. salt,"Kalcium, Ca","Baljväxter (bönor, linser och ärter)",17.0,mg
890,Vignabönor svartögda bönor torkade kokta u. salt,Fettsyra 4:0-10:0,"Baljväxter (bönor, linser och ärter)",0.0,g
890,Vignabönor svartögda bönor torkade kokta u. salt,DHA (C22:6),"Baljväxter (bönor, linser och ärter)",0.0,g
890,Vignabönor svartögda bönor torkade kokta u. salt,DPA (C22:5),"Baljväxter (bönor, linser och ärter)",0.0,g
890,Vignabönor svartögda bönor torkade kokta u. salt,EPA (C20:5),"Baljväxter (bönor, linser och ärter)",0.0,g
890,Vignabönor svartögda bönor torkade kokta u. salt,Arakidonsyra C20:4,"Baljväxter (bönor, linser och ärter)",0.0,g
890,Vignabönor svartögda bönor torkade kokta u. salt,Arakidinsyra C20:0,"Baljväxter (bönor, linser och ärter)",0.0,g
890,Vignabönor svartögda bönor torkade kokta u. salt,Linolensyra C18:3,"Baljväxter (bönor, linser och ärter)",0.0,g
890,Vignabönor svartögda bönor torkade kokta u. salt,Linolsyra C18:2,"Baljväxter (bönor, linser och ärter)",0.1,g
890,Vignabönor svartögda bönor torkade kokta u. salt,Oljesyra C18:1,"Baljväxter (bönor, linser och ärter)",0.0,g
890,Vignabönor svartögda bönor torkade kokta u. salt,Stearinsyra C18:0,"Baljväxter (bönor, linser och ärter)",0.0,g
890,Vignabönor svartögda bönor torkade kokta u. salt,Palmitoljesyra C16:1,"Baljväxter (bönor, linser och ärter)",0.0,g
890,Vignabönor svartögda bönor torkade kokta u. salt,Palmitinsyra C16:0,"Baljväxter (bönor, linser och ärter)",0.1,g
890,Vignabönor svartögda bönor torkade kokta u. salt,Myristinsyra C14:0,"Baljväxter (bönor, linser och ärter)",0.0,g
890,Vignabönor svartögda bönor torkade kokta u. salt,Laurinsyra C12:0,"Baljväxter (bönor, linser och ärter)",0.0,g
890,Vignabönor svartögda bönor torkade kokta u. salt,Betakaroten/β-Karoten,"Baljväxter (bönor, linser och ärter)",6.0,µg
890,Vignabönor svartögda bönor torkade kokta u. salt,Avfall (skal etc.),"Baljväxter (bönor, linser och ärter)",0.0,%
890,Vignabönor svartögda bönor torkade kokta u. salt,Aska,"Baljväxter (bönor, linser och ärter)",0.8,g
890,Vignabönor svartögda bönor torkade kokta u. salt,Alkohol,"Baljväxter (bönor, linser och ärter)",0.0,g
891,Gröna el. gula ärtor torkade,"Zink, Zn","Baljväxter (bönor, linser och ärter)",3.8,mg
891,Gröna el. gula ärtor torkade,Vitamin E,"Baljväxter (bönor, linser och ärter)",0.1,mg
891,Gröna el. gula ärtor torkade,Vitamin D inkl 25-OH-D3,"Baljväxter (bönor, linser och ärter)",0.0,µg
891,Gröna el. gula ärtor torkade,Vitamin D,"Baljväxter (bönor, linser och ärter)",0.0,µg
891,Gröna el. gula ärtor torkade,Vitamin C,"Baljväxter (bönor, linser och ärter)",1.0,mg
891,Gröna el. gula ärtor torkade,Vitamin B6,"Baljväxter (bönor, linser och ärter)",0.08,mg
891,Gröna el. gula ärtor torkade,Vitamin B12,"Baljväxter (bönor, linser och ärter)",0.0,µg
891,Gröna el. gula ärtor torkade,Vitamin A,"Baljväxter (bönor, linser och ärter)",1.2,RE/µg
891,Gröna el. gula ärtor torkade,Vatten,"Baljväxter (bönor, linser och ärter)",15.0,g
891,Gröna el. gula ärtor torkade,Tiamin,"Baljväxter (bönor, linser och ärter)",0.82,mg
891,Gröna el. gula ärtor torkade,Tillsatt socker,"Baljväxter (bönor, linser och ärter)",0.0,g
891,Gröna el. gula ärtor torkade,Fritt socker,"Baljväxter (bönor, linser och ärter)",0.0,g
891,Gröna el. gula ärtor torkade,"Selen, Se","Baljväxter (bönor, linser och ärter)",2.0,µg
891,Gröna el. gula ärtor torkade,Sackaros,"Baljväxter (bönor, linser och ärter)",1.8,g
891,Gröna el. gula ärtor torkade,Riboflavin,"Baljväxter (bönor, linser och ärter)",0.18,mg
891,Gröna el. gula ärtor torkade,Retinol,"Baljväxter (bönor, linser och ärter)",0.0,µg
891,Gröna el. gula ärtor torkade,Protein,"Baljväxter (bönor, linser och ärter)",21.5,g
891,Gröna el. gula ärtor torkade,Summa fleromättade fettsyror,"Baljväxter (bönor, linser och ärter)",0.5,g
891,Gröna el. gula ärtor torkade,"Fosfor, P","Baljväxter (bönor, linser och ärter)",380.0,mg
891,Gröna el. gula ärtor torkade,Niacinekvivalenter,"Baljväxter (bönor, linser och ärter)",6.08,NE/mg
891,Gröna el. gula ärtor torkade,Niacin,"Baljväxter (bönor, linser och ärter)",2.5,mg
891,Gröna el. gula ärtor torkade,"Salt, NaCl","Baljväxter (bönor, linser och ärter)",0.0,g
891,Gröna el. gula ärtor torkade,"Natrium, Na","Baljväxter (bönor, linser och ärter)",2.0,mg
891,Gröna el. gula ärtor torkade,Monosackarider,"Baljväxter (bönor, linser och ärter)",0.3,g
891,Gröna el. gula ärtor torkade,"Sockerarter, totalt","Baljväxter (bönor, linser och ärter)",2.1,g
891,Gröna el. gula ärtor torkade,Summa enkelomättade fettsyror,"Baljväxter (bönor, linser och ärter)",0.1,g
891,Gröna el. gula ärtor torkade,"Magnesium, Mg","Baljväxter (bönor, linser och ärter)",120.0,mg
891,Gröna el. gula ärtor torkade,Summa mättade fettsyror,"Baljväxter (bönor, linser och ärter)",0.2,g
891,Gröna el. gula ärtor torkade,"Kolhydrater, tillgängliga","Baljväxter (bönor, linser och ärter)",49.2,g
891,Gröna el. gula ärtor torkade,Kolesterol,"Baljväxter (bönor, linser och ärter)",0.0,mg
891,Gröna el. gula ärtor torkade,"Kalium, K","Baljväxter (bönor, linser och ärter)",1100.0,mg
891,Gröna el. gula ärtor torkade,"Jod, I","Baljväxter (bönor, linser och ärter)",45.0,µg
891,Gröna el. gula ärtor torkade,Fullkorn totalt,"Baljväxter (bönor, linser och ärter)",0.0,g
891,Gröna el. gula ärtor torkade,"Folat, totalt","Baljväxter (bönor, linser och ärter)",33.0,µg
891,Gröna el. gula ärtor torkade,Fibrer,"Baljväxter (bönor, linser och ärter)",10.7,g
891,Gröna el. gula ärtor torkade,"Fett, totalt","Baljväxter (bönor, linser och ärter)",1.0,g
891,Gröna el. gula ärtor torkade,"Järn, Fe","Baljväxter (bönor, linser och ärter)",6.0,mg
891,Gröna el. gula ärtor torkade,Energi (kJ),"Baljväxter (bönor, linser och ärter)",1324.0,kJ
891,Gröna el. gula ärtor torkade,Energi (kcal),"Baljväxter (bönor, linser och ärter)",317.0,kcal
891,Gröna el. gula ärtor torkade,Disackarider,"Baljväxter (bönor, linser och ärter)",1.8,g
891,Gröna el. gula ärtor torkade,"Kalcium, Ca","Baljväxter (bönor, linser och ärter)",59.0,mg
891,Gröna el. gula ärtor torkade,Fettsyra 4:0-10:0,"Baljväxter (bönor, linser och ärter)",0.0,g
891,Gröna el. gula ärtor torkade,DHA (C22:6),"Baljväxter (bönor, linser och ärter)",0.0,g
891,Gröna el. gula ärtor torkade,DPA (C22:5),"Baljväxter (bönor, linser och ärter)",0.0,g
891,Gröna el. gula ärtor torkade,EPA (C20:5),"Baljväxter (bönor, linser och ärter)",0.0,g
891,Gröna el. gula ärtor torkade,Arakidonsyra C20:4,"Baljväxter (bönor, linser och ärter)",0.0,g
891,Gröna el. gula ärtor torkade,Arakidinsyra C20:0,"Baljväxter (bönor, linser och ärter)",0.0,g
891,Gröna el. gula ärtor torkade,Linolensyra C18:3,"Baljväxter (bönor, linser och ärter)",0.1,g
891,Gröna el. gula ärtor torkade,Linolsyra C18:2,"Baljväxter (bönor, linser och ärter)",0.4,g
891,Gröna el. gula ärtor torkade,Oljesyra C18:1,"Baljväxter (bönor, linser och ärter)",0.1,g
891,Gröna el. gula ärtor torkade,Stearinsyra C18:0,"Baljväxter (bönor, linser och ärter)",0.0,g
891,Gröna el. gula ärtor torkade,Palmitoljesyra C16:1,"Baljväxter (bönor, linser och ärter)",0.0,g
891,Gröna el. gula ärtor torkade,Palmitinsyra C16:0,"Baljväxter (bönor, linser och ärter)",0.2,g
891,Gröna el. gula ärtor torkade,Myristinsyra C14:0,"Baljväxter (bönor, linser och ärter)",0.0,g
891,Gröna el. gula ärtor torkade,Laurinsyra C12:0,"Baljväxter (bönor, linser och ärter)",0.0,g
891,Gröna el. gula ärtor torkade,Betakaroten/β-Karoten,"Baljväxter (bönor, linser och ärter)",15.0,µg
891,Gröna el. gula ärtor torkade,Avfall (skal etc.),"Baljväxter (bönor, linser och ärter)",0.0,%
891,Gröna el. gula ärtor torkade,Aska,"Baljväxter (bönor, linser och ärter)",2.6,g
891,Gröna el. gula ärtor torkade,Alkohol,"Baljväxter (bönor, linser och ärter)",0.0,g
897,Ärtsoppa m. fläsk hemlagad,"Zink, Zn",Soppa mat,1.1,mg
897,Ärtsoppa m. fläsk hemlagad,Vitamin E,Soppa mat,0.1,mg
897,Ärtsoppa m. fläsk hemlagad,Vitamin D,Soppa mat,0.12,µg
897,Ärtsoppa m. fläsk hemlagad,Vitamin C,Soppa mat,0.3,mg
897,Ärtsoppa m. fläsk hemlagad,Vitamin B6,Soppa mat,0.18,mg
897,Ärtsoppa m. fläsk hemlagad,Vitamin B12,Soppa mat,0.1,µg
897,Ärtsoppa m. fläsk hemlagad,Vitamin A,Soppa mat,2.4,RE/µg
897,Ärtsoppa m. fläsk hemlagad,Vatten,Soppa mat,79.0,g
897,Ärtsoppa m. fläsk hemlagad,Tiamin,Soppa mat,0.11,mg
897,Ärtsoppa m. fläsk hemlagad,Tillsatt socker,Soppa mat,0.0,g
897,Ärtsoppa m. fläsk hemlagad,Fritt socker,Soppa mat,0.0,g
897,Ärtsoppa m. fläsk hemlagad,"Selen, Se",Soppa mat,1.6,µg
897,Ärtsoppa m. fläsk hemlagad,Sackaros,Soppa mat,0.5,g
897,Ärtsoppa m. fläsk hemlagad,Riboflavin,Soppa mat,0.01,mg
897,Ärtsoppa m. fläsk hemlagad,Retinol,Soppa mat,2.0,µg
897,Ärtsoppa m. fläsk hemlagad,Protein,Soppa mat,6.4,g
897,Ärtsoppa m. fläsk hemlagad,Summa fleromättade fettsyror,Soppa mat,0.3,g
897,Ärtsoppa m. fläsk hemlagad,"Fosfor, P",Soppa mat,102.0,mg
897,Ärtsoppa m. fläsk hemlagad,Niacinekvivalenter,Soppa mat,2.17,NE/mg
897,Ärtsoppa m. fläsk hemlagad,Niacin,Soppa mat,1.1,mg
897,Ärtsoppa m. fläsk hemlagad,"Salt, NaCl",Soppa mat,0.7,g
897,Ärtsoppa m. fläsk hemlagad,"Natrium, Na",Soppa mat,290.0,mg
897,Ärtsoppa m. fläsk hemlagad,Monosackarider,Soppa mat,0.3,g
897,Ärtsoppa m. fläsk hemlagad,"Sockerarter, totalt",Soppa mat,0.8,g
897,Ärtsoppa m. fläsk hemlagad,Summa enkelomättade fettsyror,Soppa mat,0.8,g
897,Ärtsoppa m. fläsk hemlagad,"Magnesium, Mg",Soppa mat,18.0,mg
897,Ärtsoppa m. fläsk hemlagad,Summa mättade fettsyror,Soppa mat,0.9,g
897,Ärtsoppa m. fläsk hemlagad,"Kolhydrater, tillgängliga",Soppa mat,8.9,g
897,Ärtsoppa m. fläsk hemlagad,Kolesterol,Soppa mat,11.0,mg
897,Ärtsoppa m. fläsk hemlagad,"Kalium, K",Soppa mat,171.0,mg
897,Ärtsoppa m. fläsk hemlagad,"Jod, I",Soppa mat,9.4,µg
897,Ärtsoppa m. fläsk hemlagad,Fullkorn totalt,Soppa mat,0.0,g
897,Ärtsoppa m. fläsk hemlagad,"Folat, totalt",Soppa mat,8.8,µg
897,Ärtsoppa m. fläsk hemlagad,Fibrer,Soppa mat,2.3,g
897,Ärtsoppa m. fläsk hemlagad,"Fett, totalt",Soppa mat,2.1,g
897,Ärtsoppa m. fläsk hemlagad,"Järn, Fe",Soppa mat,1.0,mg
897,Ärtsoppa m. fläsk hemlagad,Energi (kJ),Soppa mat,356.0,kJ
897,Ärtsoppa m. fläsk hemlagad,Energi (kcal),Soppa mat,85.0,kcal
897,Ärtsoppa m. fläsk hemlagad,Disackarider,Soppa mat,0.5,g
897,Ärtsoppa m. fläsk hemlagad,"Kalcium, Ca",Soppa mat,9.0,mg
897,Ärtsoppa m. fläsk hemlagad,Fettsyra 4:0-10:0,Soppa mat,0.0,g
897,Ärtsoppa m. fläsk hemlagad,DHA (C22:6),Soppa mat,0.0,g
897,Ärtsoppa m. fläsk hemlagad,DPA (C22:5),Soppa mat,0.0,g
897,Ärtsoppa m. fläsk hemlagad,EPA (C20:5),Soppa mat,0.0,g
897,Ärtsoppa m. fläsk hemlagad,Arakidonsyra C20:4,Soppa mat,0.0,g
897,Ärtsoppa m. fläsk hemlagad,Arakidinsyra C20:0,Soppa mat,0.0,g
897,Ärtsoppa m. fläsk hemlagad,Linolensyra C18:3,Soppa mat,0.0,g
897,Ärtsoppa m. fläsk hemlagad,Linolsyra C18:2,Soppa mat,0.2,g
897,Ärtsoppa m. fläsk hemlagad,Oljesyra C18:1,Soppa mat,0.7,g
897,Ärtsoppa m. fläsk hemlagad,Stearinsyra C18:0,Soppa mat,0.3,g
897,Ärtsoppa m. fläsk hemlagad,Palmitoljesyra C16:1,Soppa mat,0.1,g
897,Ärtsoppa m. fläsk hemlagad,Palmitinsyra C16:0,Soppa mat,0.5,g
897,Ärtsoppa m. fläsk hemlagad,Myristinsyra C14:0,Soppa mat,0.0,g
897,Ärtsoppa m. fläsk hemlagad,Laurinsyra C12:0,Soppa mat,0.0,g
897,Ärtsoppa m. fläsk hemlagad,Betakaroten/β-Karoten,Soppa mat,5.0,µg
897,Ärtsoppa m. fläsk hemlagad,Avfall (skal etc.),Soppa mat,0.0,%
897,Ärtsoppa m. fläsk hemlagad,Aska,Soppa mat,1.3,g
897,Ärtsoppa m. fläsk hemlagad,Alkohol,Soppa mat,0.0,g
898,Gryta chili con carne,"Zink, Zn",Köttprodukter kötträtter,1.3,mg
898,Gryta chili con carne,Vitamin E,Köttprodukter kötträtter,1.0,mg
898,Gryta chili con carne,Vitamin D,Köttprodukter kötträtter,0.08,µg
898,Gryta chili con carne,Vitamin C,Köttprodukter kötträtter,7.9,mg
898,Gryta chili con carne,Vitamin B6,Köttprodukter kötträtter,0.1,mg
898,Gryta chili con carne,Vitamin B12,Köttprodukter kötträtter,0.16,µg
898,Gryta chili con carne,Vitamin A,Köttprodukter kötträtter,17.6,RE/µg
898,Gryta chili con carne,Vatten,Köttprodukter kötträtter,75.9,g
898,Gryta chili con carne,Tiamin,Köttprodukter kötträtter,0.03,mg
898,Gryta chili con carne,Tillsatt socker,Köttprodukter kötträtter,0.0,g
898,Gryta chili con carne,Fritt socker,Köttprodukter kötträtter,0.0,g
898,Gryta chili con carne,"Selen, Se",Köttprodukter kötträtter,1.1,µg
898,Gryta chili con carne,Sackaros,Köttprodukter kötträtter,0.6,g
898,Gryta chili con carne,Riboflavin,Köttprodukter kötträtter,0.04,mg
898,Gryta chili con carne,Retinol,Köttprodukter kötträtter,4.1,µg
898,Gryta chili con carne,Protein,Köttprodukter kötträtter,7.5,g
898,Gryta chili con carne,Summa fleromättade fettsyror,Köttprodukter kötträtter,0.7,g
898,Gryta chili con carne,"Fosfor, P",Köttprodukter kötträtter,80.0,mg
898,Gryta chili con carne,Niacinekvivalenter,Köttprodukter kötträtter,2.61,NE/mg
898,Gryta chili con carne,Niacin,Köttprodukter kötträtter,1.3,mg
898,Gryta chili con carne,"Salt, NaCl",Köttprodukter kötträtter,0.9,g
898,Gryta chili con carne,"Natrium, Na",Köttprodukter kötträtter,369.0,mg
898,Gryta chili con carne,Monosackarider,Köttprodukter kötträtter,1.5,g
898,Gryta chili con carne,"Sockerarter, totalt",Köttprodukter kötträtter,2.1,g
898,Gryta chili con carne,Summa enkelomättade fettsyror,Köttprodukter kötträtter,1.8,g
898,Gryta chili con carne,"Magnesium, Mg",Köttprodukter kötträtter,22.0,mg
898,Gryta chili con carne,Summa mättade fettsyror,Köttprodukter kötträtter,1.2,g
898,Gryta chili con carne,"Kolhydrater, tillgängliga",Köttprodukter kötträtter,7.8,g
898,Gryta chili con carne,Kolesterol,Köttprodukter kötträtter,11.7,mg
898,Gryta chili con carne,"Kalium, K",Köttprodukter kötträtter,179.0,mg
898,Gryta chili con carne,"Jod, I",Köttprodukter kötträtter,20.5,µg
898,Gryta chili con carne,Fullkorn totalt,Köttprodukter kötträtter,0.0,g
898,Gryta chili con carne,"Folat, totalt",Köttprodukter kötträtter,13.9,µg
898,Gryta chili con carne,Fibrer,Köttprodukter kötträtter,3.3,g
898,Gryta chili con carne,"Fett, totalt",Köttprodukter kötträtter,3.9,g
898,Gryta chili con carne,"Järn, Fe",Köttprodukter kötträtter,1.2,mg
898,Gryta chili con carne,Energi (kJ),Köttprodukter kötträtter,432.0,kJ
898,Gryta chili con carne,Energi (kcal),Köttprodukter kötträtter,103.0,kcal
898,Gryta chili con carne,Disackarider,Köttprodukter kötträtter,0.6,g
898,Gryta chili con carne,"Kalcium, Ca",Köttprodukter kötträtter,33.0,mg
898,Gryta chili con carne,Fettsyra 4:0-10:0,Köttprodukter kötträtter,0.0,g
898,Gryta chili con carne,DHA (C22:6),Köttprodukter kötträtter,0.0,g
898,Gryta chili con carne,DPA (C22:5),Köttprodukter kötträtter,0.0,g
898,Gryta chili con carne,EPA (C20:5),Köttprodukter kötträtter,0.0,g
898,Gryta chili con carne,Arakidonsyra C20:4,Köttprodukter kötträtter,0.0,g
898,Gryta chili con carne,Arakidinsyra C20:0,Köttprodukter kötträtter,0.0,g
898,Gryta chili con carne,Linolensyra C18:3,Köttprodukter kötträtter,0.2,g
898,Gryta chili con carne,Linolsyra C18:2,Köttprodukter kötträtter,0.4,g
898,Gryta chili con carne,Oljesyra C18:1,Köttprodukter kötträtter,1.6,g
898,Gryta chili con carne,Stearinsyra C18:0,Köttprodukter kötträtter,0.4,g
898,Gryta chili con carne,Palmitoljesyra C16:1,Köttprodukter kötträtter,0.1,g
898,Gryta chili con carne,Palmitinsyra C16:0,Köttprodukter kötträtter,0.7,g
898,Gryta chili con carne,Myristinsyra C14:0,Köttprodukter kötträtter,0.1,g
898,Gryta chili con carne,Laurinsyra C12:0,Köttprodukter kötträtter,0.0,g
898,Gryta chili con carne,Betakaroten/β-Karoten,Köttprodukter kötträtter,134.0,µg
898,Gryta chili con carne,Avfall (skal etc.),Köttprodukter kötträtter,2.0,%
898,Gryta chili con carne,Aska,Köttprodukter kötträtter,1.6,g
898,Gryta chili con carne,Alkohol,Köttprodukter kötträtter,0.0,g
900,Ärtsoppa fläsk tillagad konserv. m. vatten,"Zink, Zn",Soppa mat,0.8,mg
900,Ärtsoppa fläsk tillagad konserv. m. vatten,Vitamin E,Soppa mat,0.1,mg
900,Ärtsoppa fläsk tillagad konserv. m. vatten,Vitamin D inkl 25-OH-D3,Soppa mat,0.0,µg
900,Ärtsoppa fläsk tillagad konserv. m. vatten,Vitamin D,Soppa mat,0.0,µg
900,Ärtsoppa fläsk tillagad konserv. m. vatten,Vitamin C,Soppa mat,0.0,mg
900,Ärtsoppa fläsk tillagad konserv. m. vatten,Vitamin B6,Soppa mat,0.08,mg
900,Ärtsoppa fläsk tillagad konserv. m. vatten,Vitamin B12,Soppa mat,0.13,µg
900,Ärtsoppa fläsk tillagad konserv. m. vatten,Vitamin A,Soppa mat,5.8,RE/µg
900,Ärtsoppa fläsk tillagad konserv. m. vatten,Vatten,Soppa mat,77.5,g
900,Ärtsoppa fläsk tillagad konserv. m. vatten,Tiamin,Soppa mat,0.12,mg
900,Ärtsoppa fläsk tillagad konserv. m. vatten,Tillsatt socker,Soppa mat,0.0,g
900,Ärtsoppa fläsk tillagad konserv. m. vatten,Fritt socker,Soppa mat,0.0,g
900,Ärtsoppa fläsk tillagad konserv. m. vatten,"Selen, Se",Soppa mat,2.0,µg
900,Ärtsoppa fläsk tillagad konserv. m. vatten,Sackaros,Soppa mat,0.4,g
900,Ärtsoppa fläsk tillagad konserv. m. vatten,Riboflavin,Soppa mat,0.05,mg
900,Ärtsoppa fläsk tillagad konserv. m. vatten,Retinol,Soppa mat,0.0,µg
900,Ärtsoppa fläsk tillagad konserv. m. vatten,Protein,Soppa mat,6.1,g
900,Ärtsoppa fläsk tillagad konserv. m. vatten,Summa fleromättade fettsyror,Soppa mat,0.3,g
900,Ärtsoppa fläsk tillagad konserv. m. vatten,"Fosfor, P",Soppa mat,86.0,mg
900,Ärtsoppa fläsk tillagad konserv. m. vatten,Niacinekvivalenter,Soppa mat,1.71,NE/mg
900,Ärtsoppa fläsk tillagad konserv. m. vatten,Niacin,Soppa mat,0.69,mg
900,Ärtsoppa fläsk tillagad konserv. m. vatten,"Salt, NaCl",Soppa mat,0.9,g
900,Ärtsoppa fläsk tillagad konserv. m. vatten,"Natrium, Na",Soppa mat,377.0,mg
900,Ärtsoppa fläsk tillagad konserv. m. vatten,Monosackarider,Soppa mat,0.0,g
900,Ärtsoppa fläsk tillagad konserv. m. vatten,"Sockerarter, totalt",Soppa mat,0.4,g
900,Ärtsoppa fläsk tillagad konserv. m. vatten,Summa enkelomättade fettsyror,Soppa mat,0.8,g
900,Ärtsoppa fläsk tillagad konserv. m. vatten,"Magnesium, Mg",Soppa mat,18.0,mg
900,Ärtsoppa fläsk tillagad konserv. m. vatten,Summa mättade fettsyror,Soppa mat,0.7,g
900,Ärtsoppa fläsk tillagad konserv. m. vatten,"Kolhydrater, tillgängliga",Soppa mat,7.1,g
900,Ärtsoppa fläsk tillagad konserv. m. vatten,Kolesterol,Soppa mat,6.0,mg
900,Ärtsoppa fläsk tillagad konserv. m. vatten,"Kalium, K",Soppa mat,196.0,mg
900,Ärtsoppa fläsk tillagad konserv. m. vatten,"Jod, I",Soppa mat,0.1,µg
900,Ärtsoppa fläsk tillagad konserv. m. vatten,Fullkorn totalt,Soppa mat,0.0,g
900,Ärtsoppa fläsk tillagad konserv. m. vatten,"Folat, totalt",Soppa mat,14.3,µg
900,Ärtsoppa fläsk tillagad konserv. m. vatten,Fibrer,Soppa mat,5.5,g
900,Ärtsoppa fläsk tillagad konserv. m. vatten,"Fett, totalt",Soppa mat,2.3,g
900,Ärtsoppa fläsk tillagad konserv. m. vatten,"Järn, Fe",Soppa mat,1.0,mg
900,Ärtsoppa fläsk tillagad konserv. m. vatten,Energi (kJ),Soppa mat,355.0,kJ
900,Ärtsoppa fläsk tillagad konserv. m. vatten,Energi (kcal),Soppa mat,85.0,kcal
900,Ärtsoppa fläsk tillagad konserv. m. vatten,Disackarider,Soppa mat,0.4,g
900,Ärtsoppa fläsk tillagad konserv. m. vatten,"Kalcium, Ca",Soppa mat,18.0,mg
900,Ärtsoppa fläsk tillagad konserv. m. vatten,Fettsyra 4:0-10:0,Soppa mat,0.0,g
900,Ärtsoppa fläsk tillagad konserv. m. vatten,DHA (C22:6),Soppa mat,0.0,g
900,Ärtsoppa fläsk tillagad konserv. m. vatten,DPA (C22:5),Soppa mat,0.0,g
900,Ärtsoppa fläsk tillagad konserv. m. vatten,EPA (C20:5),Soppa mat,0.0,g
900,Ärtsoppa fläsk tillagad konserv. m. vatten,Arakidonsyra C20:4,Soppa mat,0.0,g
900,Ärtsoppa fläsk tillagad konserv. m. vatten,Arakidinsyra C20:0,Soppa mat,0.0,g
900,Ärtsoppa fläsk tillagad konserv. m. vatten,Linolensyra C18:3,Soppa mat,0.0,g
900,Ärtsoppa fläsk tillagad konserv. m. vatten,Linolsyra C18:2,Soppa mat,0.3,g
900,Ärtsoppa fläsk tillagad konserv. m. vatten,Oljesyra C18:1,Soppa mat,0.8,g
900,Ärtsoppa fläsk tillagad konserv. m. vatten,Stearinsyra C18:0,Soppa mat,0.2,g
900,Ärtsoppa fläsk tillagad konserv. m. vatten,Palmitoljesyra C16:1,Soppa mat,0.0,g
900,Ärtsoppa fläsk tillagad konserv. m. vatten,Palmitinsyra C16:0,Soppa mat,0.4,g
900,Ärtsoppa fläsk tillagad konserv. m. vatten,Myristinsyra C14:0,Soppa mat,0.0,g
900,Ärtsoppa fläsk tillagad konserv. m. vatten,Laurinsyra C12:0,Soppa mat,0.0,g
900,Ärtsoppa fläsk tillagad konserv. m. vatten,Betakaroten/β-Karoten,Soppa mat,70.0,µg
900,Ärtsoppa fläsk tillagad konserv. m. vatten,Avfall (skal etc.),Soppa mat,0.0,%
900,Ärtsoppa fläsk tillagad konserv. m. vatten,Aska,Soppa mat,1.4,g
900,Ärtsoppa fläsk tillagad konserv. m. vatten,Alkohol,Soppa mat,0.0,g
901,Vita bönor m. tomatsås konserv.,"Zink, Zn",Grönsaks- rotfrukts- baljväxträtter o produkter,0.6,mg
901,Vita bönor m. tomatsås konserv.,Vitamin E,Grönsaks- rotfrukts- baljväxträtter o produkter,0.2,mg
901,Vita bönor m. tomatsås konserv.,Vitamin D inkl 25-OH-D3,Grönsaks- rotfrukts- baljväxträtter o produkter,0.0,µg
901,Vita bönor m. tomatsås konserv.,Vitamin D,Grönsaks- rotfrukts- baljväxträtter o produkter,0.0,µg
901,Vita bönor m. tomatsås konserv.,Vitamin C,Grönsaks- rotfrukts- baljväxträtter o produkter,0.0,mg
901,Vita bönor m. tomatsås konserv.,Vitamin B6,Grönsaks- rotfrukts- baljväxträtter o produkter,0.13,mg
901,Vita bönor m. tomatsås konserv.,Vitamin B12,Grönsaks- rotfrukts- baljväxträtter o produkter,0.0,µg
901,Vita bönor m. tomatsås konserv.,Vitamin A,Grönsaks- rotfrukts- baljväxträtter o produkter,1.9,RE/µg
901,Vita bönor m. tomatsås konserv.,Vatten,Grönsaks- rotfrukts- baljväxträtter o produkter,72.8,g
901,Vita bönor m. tomatsås konserv.,Tiamin,Grönsaks- rotfrukts- baljväxträtter o produkter,0.21,mg
901,Vita bönor m. tomatsås konserv.,Tillsatt socker,Grönsaks- rotfrukts- baljväxträtter o produkter,4.0,g
901,Vita bönor m. tomatsås konserv.,Fritt socker,Grönsaks- rotfrukts- baljväxträtter o produkter,4.0,g
901,Vita bönor m. tomatsås konserv.,"Selen, Se",Grönsaks- rotfrukts- baljväxträtter o produkter,3.0,µg
901,Vita bönor m. tomatsås konserv.,Sackaros,Grönsaks- rotfrukts- baljväxträtter o produkter,3.4,g
901,Vita bönor m. tomatsås konserv.,Riboflavin,Grönsaks- rotfrukts- baljväxträtter o produkter,0.03,mg
901,Vita bönor m. tomatsås konserv.,Retinol,Grönsaks- rotfrukts- baljväxträtter o produkter,0.0,µg
901,Vita bönor m. tomatsås konserv.,Protein,Grönsaks- rotfrukts- baljväxträtter o produkter,5.1,g
901,Vita bönor m. tomatsås konserv.,Summa fleromättade fettsyror,Grönsaks- rotfrukts- baljväxträtter o produkter,0.2,g
901,Vita bönor m. tomatsås konserv.,"Fosfor, P",Grönsaks- rotfrukts- baljväxträtter o produkter,88.0,mg
901,Vita bönor m. tomatsås konserv.,Niacinekvivalenter,Grönsaks- rotfrukts- baljväxträtter o produkter,1.5,NE/mg
901,Vita bönor m. tomatsås konserv.,Niacin,Grönsaks- rotfrukts- baljväxträtter o produkter,0.7,mg
901,Vita bönor m. tomatsås konserv.,"Salt, NaCl",Grönsaks- rotfrukts- baljväxträtter o produkter,0.6,g
901,Vita bönor m. tomatsås konserv.,"Natrium, Na",Grönsaks- rotfrukts- baljväxträtter o produkter,261.0,mg
901,Vita bönor m. tomatsås konserv.,Monosackarider,Grönsaks- rotfrukts- baljväxträtter o produkter,1.4,g
901,Vita bönor m. tomatsås konserv.,"Sockerarter, totalt",Grönsaks- rotfrukts- baljväxträtter o produkter,4.8,g
901,Vita bönor m. tomatsås konserv.,Summa enkelomättade fettsyror,Grönsaks- rotfrukts- baljväxträtter o produkter,0.1,g
901,Vita bönor m. tomatsås konserv.,"Magnesium, Mg",Grönsaks- rotfrukts- baljväxträtter o produkter,30.0,mg
901,Vita bönor m. tomatsås konserv.,Summa mättade fettsyror,Grönsaks- rotfrukts- baljväxträtter o produkter,0.1,g
901,Vita bönor m. tomatsås konserv.,"Kolhydrater, tillgängliga",Grönsaks- rotfrukts- baljväxträtter o produkter,15.0,g
901,Vita bönor m. tomatsås konserv.,Kolesterol,Grönsaks- rotfrukts- baljväxträtter o produkter,0.0,mg
901,Vita bönor m. tomatsås konserv.,"Kalium, K",Grönsaks- rotfrukts- baljväxträtter o produkter,272.0,mg
901,Vita bönor m. tomatsås konserv.,"Jod, I",Grönsaks- rotfrukts- baljväxträtter o produkter,0.0,µg
901,Vita bönor m. tomatsås konserv.,Fullkorn totalt,Grönsaks- rotfrukts- baljväxträtter o produkter,0.0,g
901,Vita bönor m. tomatsås konserv.,"Folat, totalt",Grönsaks- rotfrukts- baljväxträtter o produkter,29.0,µg
901,Vita bönor m. tomatsås konserv.,Fibrer,Grönsaks- rotfrukts- baljväxträtter o produkter,4.9,g
901,Vita bönor m. tomatsås konserv.,"Fett, totalt",Grönsaks- rotfrukts- baljväxträtter o produkter,0.5,g
901,Vita bönor m. tomatsås konserv.,"Järn, Fe",Grönsaks- rotfrukts- baljväxträtter o produkter,1.4,mg
901,Vita bönor m. tomatsås konserv.,Energi (kJ),Grönsaks- rotfrukts- baljväxträtter o produkter,399.0,kJ
901,Vita bönor m. tomatsås konserv.,Energi (kcal),Grönsaks- rotfrukts- baljväxträtter o produkter,95.0,kcal
901,Vita bönor m. tomatsås konserv.,Disackarider,Grönsaks- rotfrukts- baljväxträtter o produkter,3.4,g
901,Vita bönor m. tomatsås konserv.,"Kalcium, Ca",Grönsaks- rotfrukts- baljväxträtter o produkter,42.0,mg
901,Vita bönor m. tomatsås konserv.,Fettsyra 4:0-10:0,Grönsaks- rotfrukts- baljväxträtter o produkter,0.0,g
901,Vita bönor m. tomatsås konserv.,DHA (C22:6),Grönsaks- rotfrukts- baljväxträtter o produkter,0.0,g
901,Vita bönor m. tomatsås konserv.,DPA (C22:5),Grönsaks- rotfrukts- baljväxträtter o produkter,0.0,g
901,Vita bönor m. tomatsås konserv.,EPA (C20:5),Grönsaks- rotfrukts- baljväxträtter o produkter,0.0,g
901,Vita bönor m. tomatsås konserv.,Arakidonsyra C20:4,Grönsaks- rotfrukts- baljväxträtter o produkter,0.0,g
901,Vita bönor m. tomatsås konserv.,Arakidinsyra C20:0,Grönsaks- rotfrukts- baljväxträtter o produkter,0.0,g
901,Vita bönor m. tomatsås konserv.,Linolensyra C18:3,Grönsaks- rotfrukts- baljväxträtter o produkter,0.0,g
901,Vita bönor m. tomatsås konserv.,Linolsyra C18:2,Grönsaks- rotfrukts- baljväxträtter o produkter,0.2,g
901,Vita bönor m. tomatsås konserv.,Oljesyra C18:1,Grönsaks- rotfrukts- baljväxträtter o produkter,0.1,g
901,Vita bönor m. tomatsås konserv.,Stearinsyra C18:0,Grönsaks- rotfrukts- baljväxträtter o produkter,0.0,g
901,Vita bönor m. tomatsås konserv.,Palmitoljesyra C16:1,Grönsaks- rotfrukts- baljväxträtter o produkter,0.0,g
901,Vita bönor m. tomatsås konserv.,Palmitinsyra C16:0,Grönsaks- rotfrukts- baljväxträtter o produkter,0.1,g
901,Vita bönor m. tomatsås konserv.,Myristinsyra C14:0,Grönsaks- rotfrukts- baljväxträtter o produkter,0.0,g
901,Vita bönor m. tomatsås konserv.,Laurinsyra C12:0,Grönsaks- rotfrukts- baljväxträtter o produkter,0.0,g
901,Vita bönor m. tomatsås konserv.,Betakaroten/β-Karoten,Grönsaks- rotfrukts- baljväxträtter o produkter,23.0,µg
901,Vita bönor m. tomatsås konserv.,Avfall (skal etc.),Grönsaks- rotfrukts- baljväxträtter o produkter,0.0,%
901,Vita bönor m. tomatsås konserv.,Aska,Grönsaks- rotfrukts- baljväxträtter o produkter,1.7,g
901,Vita bönor m. tomatsås konserv.,Alkohol,Grönsaks- rotfrukts- baljväxträtter o produkter,0.0,g
902,Bönsoppa vita bönor m. tomat veg. ,"Zink, Zn",Grönsaks- rotfrukts- baljväxträtter o produkter,0.3,mg
902,Bönsoppa vita bönor m. tomat veg. ,Vitamin E,Grönsaks- rotfrukts- baljväxträtter o produkter,0.8,mg
902,Bönsoppa vita bönor m. tomat veg. ,Vitamin D,Grönsaks- rotfrukts- baljväxträtter o produkter,0.06,µg
902,Bönsoppa vita bönor m. tomat veg. ,Vitamin C,Grönsaks- rotfrukts- baljväxträtter o produkter,6.5,mg
902,Bönsoppa vita bönor m. tomat veg. ,Vitamin B6,Grönsaks- rotfrukts- baljväxträtter o produkter,0.07,mg
902,Bönsoppa vita bönor m. tomat veg. ,Vitamin B12,Grönsaks- rotfrukts- baljväxträtter o produkter,0.0,µg
902,Bönsoppa vita bönor m. tomat veg. ,Vitamin A,Grönsaks- rotfrukts- baljväxträtter o produkter,15.6,RE/µg
902,Bönsoppa vita bönor m. tomat veg. ,Vatten,Grönsaks- rotfrukts- baljväxträtter o produkter,86.6,g
902,Bönsoppa vita bönor m. tomat veg. ,Tiamin,Grönsaks- rotfrukts- baljväxträtter o produkter,0.05,mg
902,Bönsoppa vita bönor m. tomat veg. ,Tillsatt socker,Grönsaks- rotfrukts- baljväxträtter o produkter,0.0,g
902,Bönsoppa vita bönor m. tomat veg. ,Fritt socker,Grönsaks- rotfrukts- baljväxträtter o produkter,1.0,g
902,Bönsoppa vita bönor m. tomat veg. ,"Selen, Se",Grönsaks- rotfrukts- baljväxträtter o produkter,0.4,µg
902,Bönsoppa vita bönor m. tomat veg. ,Sackaros,Grönsaks- rotfrukts- baljväxträtter o produkter,0.6,g
902,Bönsoppa vita bönor m. tomat veg. ,Riboflavin,Grönsaks- rotfrukts- baljväxträtter o produkter,0.02,mg
902,Bönsoppa vita bönor m. tomat veg. ,Retinol,Grönsaks- rotfrukts- baljväxträtter o produkter,2.0,µg
902,Bönsoppa vita bönor m. tomat veg. ,Protein,Grönsaks- rotfrukts- baljväxträtter o produkter,2.5,g
902,Bönsoppa vita bönor m. tomat veg. ,Summa fleromättade fettsyror,Grönsaks- rotfrukts- baljväxträtter o produkter,0.5,g
902,Bönsoppa vita bönor m. tomat veg. ,"Fosfor, P",Grönsaks- rotfrukts- baljväxträtter o produkter,44.0,mg
902,Bönsoppa vita bönor m. tomat veg. ,Niacinekvivalenter,Grönsaks- rotfrukts- baljväxträtter o produkter,0.81,NE/mg
902,Bönsoppa vita bönor m. tomat veg. ,Niacin,Grönsaks- rotfrukts- baljväxträtter o produkter,0.4,mg
902,Bönsoppa vita bönor m. tomat veg. ,"Salt, NaCl",Grönsaks- rotfrukts- baljväxträtter o produkter,0.6,g
902,Bönsoppa vita bönor m. tomat veg. ,"Natrium, Na",Grönsaks- rotfrukts- baljväxträtter o produkter,231.0,mg
902,Bönsoppa vita bönor m. tomat veg. ,Monosackarider,Grönsaks- rotfrukts- baljväxträtter o produkter,1.4,g
902,Bönsoppa vita bönor m. tomat veg. ,"Sockerarter, totalt",Grönsaks- rotfrukts- baljväxträtter o produkter,2.0,g
902,Bönsoppa vita bönor m. tomat veg. ,Summa enkelomättade fettsyror,Grönsaks- rotfrukts- baljväxträtter o produkter,0.8,g
902,Bönsoppa vita bönor m. tomat veg. ,"Magnesium, Mg",Grönsaks- rotfrukts- baljväxträtter o produkter,17.0,mg
902,Bönsoppa vita bönor m. tomat veg. ,Summa mättade fettsyror,Grönsaks- rotfrukts- baljväxträtter o produkter,0.2,g
902,Bönsoppa vita bönor m. tomat veg. ,"Kolhydrater, tillgängliga",Grönsaks- rotfrukts- baljväxträtter o produkter,4.9,g
902,Bönsoppa vita bönor m. tomat veg. ,Kolesterol,Grönsaks- rotfrukts- baljväxträtter o produkter,0.0,mg
902,Bönsoppa vita bönor m. tomat veg. ,"Kalium, K",Grönsaks- rotfrukts- baljväxträtter o produkter,135.0,mg
902,Bönsoppa vita bönor m. tomat veg. ,"Jod, I",Grönsaks- rotfrukts- baljväxträtter o produkter,6.6,µg
902,Bönsoppa vita bönor m. tomat veg. ,Fullkorn totalt,Grönsaks- rotfrukts- baljväxträtter o produkter,0.0,g
902,Bönsoppa vita bönor m. tomat veg. ,"Folat, totalt",Grönsaks- rotfrukts- baljväxträtter o produkter,39.9,µg
902,Bönsoppa vita bönor m. tomat veg. ,Fibrer,Grönsaks- rotfrukts- baljväxträtter o produkter,3.3,g
902,Bönsoppa vita bönor m. tomat veg. ,"Fett, totalt",Grönsaks- rotfrukts- baljväxträtter o produkter,1.7,g
902,Bönsoppa vita bönor m. tomat veg. ,"Järn, Fe",Grönsaks- rotfrukts- baljväxträtter o produkter,0.7,mg
902,Bönsoppa vita bönor m. tomat veg. ,Energi (kJ),Grönsaks- rotfrukts- baljväxträtter o produkter,215.0,kJ
902,Bönsoppa vita bönor m. tomat veg. ,Energi (kcal),Grönsaks- rotfrukts- baljväxträtter o produkter,51.0,kcal
902,Bönsoppa vita bönor m. tomat veg. ,Disackarider,Grönsaks- rotfrukts- baljväxträtter o produkter,0.6,g
902,Bönsoppa vita bönor m. tomat veg. ,"Kalcium, Ca",Grönsaks- rotfrukts- baljväxträtter o produkter,26.0,mg
902,Bönsoppa vita bönor m. tomat veg. ,Fettsyra 4:0-10:0,Grönsaks- rotfrukts- baljväxträtter o produkter,0.0,g
902,Bönsoppa vita bönor m. tomat veg. ,DHA (C22:6),Grönsaks- rotfrukts- baljväxträtter o produkter,0.0,g
902,Bönsoppa vita bönor m. tomat veg. ,DPA (C22:5),Grönsaks- rotfrukts- baljväxträtter o produkter,0.0,g
902,Bönsoppa vita bönor m. tomat veg. ,EPA (C20:5),Grönsaks- rotfrukts- baljväxträtter o produkter,0.0,g
902,Bönsoppa vita bönor m. tomat veg. ,Arakidonsyra C20:4,Grönsaks- rotfrukts- baljväxträtter o produkter,0.0,g
902,Bönsoppa vita bönor m. tomat veg. ,Arakidinsyra C20:0,Grönsaks- rotfrukts- baljväxträtter o produkter,0.0,g
902,Bönsoppa vita bönor m. tomat veg. ,Linolensyra C18:3,Grönsaks- rotfrukts- baljväxträtter o produkter,0.2,g
902,Bönsoppa vita bönor m. tomat veg. ,Linolsyra C18:2,Grönsaks- rotfrukts- baljväxträtter o produkter,0.4,g
902,Bönsoppa vita bönor m. tomat veg. ,Oljesyra C18:1,Grönsaks- rotfrukts- baljväxträtter o produkter,0.8,g
902,Bönsoppa vita bönor m. tomat veg. ,Stearinsyra C18:0,Grönsaks- rotfrukts- baljväxträtter o produkter,0.1,g
902,Bönsoppa vita bönor m. tomat veg. ,Palmitoljesyra C16:1,Grönsaks- rotfrukts- baljväxträtter o produkter,0.0,g
902,Bönsoppa vita bönor m. tomat veg. ,Palmitinsyra C16:0,Grönsaks- rotfrukts- baljväxträtter o produkter,0.1,g
902,Bönsoppa vita bönor m. tomat veg. ,Myristinsyra C14:0,Grönsaks- rotfrukts- baljväxträtter o produkter,0.0,g
902,Bönsoppa vita bönor m. tomat veg. ,Laurinsyra C12:0,Grönsaks- rotfrukts- baljväxträtter o produkter,0.0,g
902,Bönsoppa vita bönor m. tomat veg. ,Betakaroten/β-Karoten,Grönsaks- rotfrukts- baljväxträtter o produkter,131.0,µg
902,Bönsoppa vita bönor m. tomat veg. ,Avfall (skal etc.),Grönsaks- rotfrukts- baljväxträtter o produkter,2.0,%
902,Bönsoppa vita bönor m. tomat veg. ,Aska,Grönsaks- rotfrukts- baljväxträtter o produkter,1.1,g
902,Bönsoppa vita bönor m. tomat veg. ,Alkohol,Grönsaks- rotfrukts- baljväxträtter o produkter,0.0,g
903,Linssoppa veg. ,"Zink, Zn",Soppa mat,0.7,mg
903,Linssoppa veg. ,Vitamin E,Soppa mat,0.1,mg
903,Linssoppa veg. ,Vitamin D,Soppa mat,0.0,µg
903,Linssoppa veg. ,Vitamin C,Soppa mat,4.8,mg
903,Linssoppa veg. ,Vitamin B6,Soppa mat,0.07,mg
903,Linssoppa veg. ,Vitamin B12,Soppa mat,0.0,µg
903,Linssoppa veg. ,Vitamin A,Soppa mat,3.2,RE/µg
903,Linssoppa veg. ,Vatten,Soppa mat,76.6,g
903,Linssoppa veg. ,Tiamin,Soppa mat,0.05,mg
903,Linssoppa veg. ,Tillsatt socker,Soppa mat,0.0,g
903,Linssoppa veg. ,Fritt socker,Soppa mat,0.0,g
903,Linssoppa veg. ,"Selen, Se",Soppa mat,8.3,µg
903,Linssoppa veg. ,Sackaros,Soppa mat,0.4,g
903,Linssoppa veg. ,Riboflavin,Soppa mat,0.03,mg
903,Linssoppa veg. ,Retinol,Soppa mat,0.0,µg
903,Linssoppa veg. ,Protein,Soppa mat,4.9,g
903,Linssoppa veg. ,Summa fleromättade fettsyror,Soppa mat,0.1,g
903,Linssoppa veg. ,"Fosfor, P",Soppa mat,69.0,mg
903,Linssoppa veg. ,Niacinekvivalenter,Soppa mat,1.7,NE/mg
903,Linssoppa veg. ,Niacin,Soppa mat,0.88,mg
903,Linssoppa veg. ,"Salt, NaCl",Soppa mat,1.0,g
903,Linssoppa veg. ,"Natrium, Na",Soppa mat,387.0,mg
903,Linssoppa veg. ,Monosackarider,Soppa mat,0.6,g
903,Linssoppa veg. ,"Sockerarter, totalt",Soppa mat,1.0,g
903,Linssoppa veg. ,Summa enkelomättade fettsyror,Soppa mat,0.1,g
903,Linssoppa veg. ,"Magnesium, Mg",Soppa mat,22.0,mg
903,Linssoppa veg. ,Summa mättade fettsyror,Soppa mat,0.1,g
903,Linssoppa veg. ,"Kolhydrater, tillgängliga",Soppa mat,14.1,g
903,Linssoppa veg. ,Kolesterol,Soppa mat,0.0,mg
903,Linssoppa veg. ,"Kalium, K",Soppa mat,186.0,mg
903,Linssoppa veg. ,"Jod, I",Soppa mat,23.6,µg
903,Linssoppa veg. ,Fullkorn totalt,Soppa mat,0.0,g
903,Linssoppa veg. ,"Folat, totalt",Soppa mat,10.7,µg
903,Linssoppa veg. ,Fibrer,Soppa mat,2.5,g
903,Linssoppa veg. ,"Fett, totalt",Soppa mat,0.3,g
903,Linssoppa veg. ,"Järn, Fe",Soppa mat,1.4,mg
903,Linssoppa veg. ,Energi (kJ),Soppa mat,354.0,kJ
903,Linssoppa veg. ,Energi (kcal),Soppa mat,85.0,kcal
903,Linssoppa veg. ,Disackarider,Soppa mat,0.4,g
903,Linssoppa veg. ,"Kalcium, Ca",Soppa mat,14.0,mg
903,Linssoppa veg. ,Fettsyra 4:0-10:0,Soppa mat,0.0,g
903,Linssoppa veg. ,DHA (C22:6),Soppa mat,0.0,g
903,Linssoppa veg. ,DPA (C22:5),Soppa mat,0.0,g
903,Linssoppa veg. ,EPA (C20:5),Soppa mat,0.0,g
903,Linssoppa veg. ,Arakidonsyra C20:4,Soppa mat,0.0,g
903,Linssoppa veg. ,Arakidinsyra C20:0,Soppa mat,0.0,g
903,Linssoppa veg. ,Linolensyra C18:3,Soppa mat,0.0,g
903,Linssoppa veg. ,Linolsyra C18:2,Soppa mat,0.1,g
903,Linssoppa veg. ,Oljesyra C18:1,Soppa mat,0.1,g
903,Linssoppa veg. ,Stearinsyra C18:0,Soppa mat,0.0,g
903,Linssoppa veg. ,Palmitoljesyra C16:1,Soppa mat,0.0,g
903,Linssoppa veg. ,Palmitinsyra C16:0,Soppa mat,0.0,g
903,Linssoppa veg. ,Myristinsyra C14:0,Soppa mat,0.0,g
903,Linssoppa veg. ,Laurinsyra C12:0,Soppa mat,0.0,g
903,Linssoppa veg. ,Betakaroten/β-Karoten,Soppa mat,38.0,µg
903,Linssoppa veg. ,Avfall (skal etc.),Soppa mat,6.0,%
903,Linssoppa veg. ,Aska,Soppa mat,1.7,g
903,Linssoppa veg. ,Alkohol,Soppa mat,0.0,g
904,Ärtsoppa veg.,"Zink, Zn",Soppa mat,0.9,mg
904,Ärtsoppa veg.,Vitamin E,Soppa mat,0.1,mg
904,Ärtsoppa veg.,Vitamin D inkl 25-OH-D3,Soppa mat,0.0,µg
904,Ärtsoppa veg.,Vitamin D,Soppa mat,0.0,µg
904,Ärtsoppa veg.,Vitamin C,Soppa mat,0.9,mg
904,Ärtsoppa veg.,Vitamin B6,Soppa mat,0.03,mg
904,Ärtsoppa veg.,Vitamin B12,Soppa mat,0.0,µg
904,Ärtsoppa veg.,Vitamin A,Soppa mat,3.5,RE/µg
904,Ärtsoppa veg.,Vatten,Soppa mat,78.5,g
904,Ärtsoppa veg.,Tiamin,Soppa mat,0.11,mg
904,Ärtsoppa veg.,Tillsatt socker,Soppa mat,0.0,g
904,Ärtsoppa veg.,Fritt socker,Soppa mat,0.0,g
904,Ärtsoppa veg.,"Selen, Se",Soppa mat,0.4,µg
904,Ärtsoppa veg.,Sackaros,Soppa mat,0.6,g
904,Ärtsoppa veg.,Riboflavin,Soppa mat,0.03,mg
904,Ärtsoppa veg.,Retinol,Soppa mat,0.0,µg
904,Ärtsoppa veg.,Protein,Soppa mat,5.1,g
904,Ärtsoppa veg.,Summa fleromättade fettsyror,Soppa mat,0.1,g
904,Ärtsoppa veg.,"Fosfor, P",Soppa mat,91.0,mg
904,Ärtsoppa veg.,Niacinekvivalenter,Soppa mat,1.47,NE/mg
904,Ärtsoppa veg.,Niacin,Soppa mat,0.62,mg
904,Ärtsoppa veg.,"Salt, NaCl",Soppa mat,0.7,g
904,Ärtsoppa veg.,"Natrium, Na",Soppa mat,279.0,mg
904,Ärtsoppa veg.,Monosackarider,Soppa mat,0.5,g
904,Ärtsoppa veg.,"Sockerarter, totalt",Soppa mat,1.1,g
904,Ärtsoppa veg.,Summa enkelomättade fettsyror,Soppa mat,0.0,g
904,Ärtsoppa veg.,"Magnesium, Mg",Soppa mat,30.0,mg
904,Ärtsoppa veg.,Summa mättade fettsyror,Soppa mat,0.1,g
904,Ärtsoppa veg.,"Kolhydrater, tillgängliga",Soppa mat,12.0,g
904,Ärtsoppa veg.,Kolesterol,Soppa mat,0.0,mg
904,Ärtsoppa veg.,"Kalium, K",Soppa mat,199.0,mg
904,Ärtsoppa veg.,"Jod, I",Soppa mat,26.4,µg
904,Ärtsoppa veg.,Fullkorn totalt,Soppa mat,0.0,g
904,Ärtsoppa veg.,"Folat, totalt",Soppa mat,8.3,µg
904,Ärtsoppa veg.,Fibrer,Soppa mat,2.7,g
904,Ärtsoppa veg.,"Fett, totalt",Soppa mat,0.3,g
904,Ärtsoppa veg.,"Järn, Fe",Soppa mat,1.4,mg
904,Ärtsoppa veg.,Energi (kJ),Soppa mat,325.0,kJ
904,Ärtsoppa veg.,Energi (kcal),Soppa mat,78.0,kcal
904,Ärtsoppa veg.,Disackarider,Soppa mat,0.6,g
904,Ärtsoppa veg.,"Kalcium, Ca",Soppa mat,19.0,mg
904,Ärtsoppa veg.,Fettsyra 4:0-10:0,Soppa mat,0.0,g
904,Ärtsoppa veg.,DHA (C22:6),Soppa mat,0.0,g
904,Ärtsoppa veg.,DPA (C22:5),Soppa mat,0.0,g
904,Ärtsoppa veg.,EPA (C20:5),Soppa mat,0.0,g
904,Ärtsoppa veg.,Arakidonsyra C20:4,Soppa mat,0.0,g
904,Ärtsoppa veg.,Arakidinsyra C20:0,Soppa mat,0.0,g
904,Ärtsoppa veg.,Linolensyra C18:3,Soppa mat,0.0,g
904,Ärtsoppa veg.,Linolsyra C18:2,Soppa mat,0.1,g
904,Ärtsoppa veg.,Oljesyra C18:1,Soppa mat,0.0,g
904,Ärtsoppa veg.,Stearinsyra C18:0,Soppa mat,0.0,g
904,Ärtsoppa veg.,Palmitoljesyra C16:1,Soppa mat,0.0,g
904,Ärtsoppa veg.,Palmitinsyra C16:0,Soppa mat,0.1,g
904,Ärtsoppa veg.,Myristinsyra C14:0,Soppa mat,0.0,g
904,Ärtsoppa veg.,Laurinsyra C12:0,Soppa mat,0.0,g
904,Ärtsoppa veg.,Betakaroten/β-Karoten,Soppa mat,42.0,µg
904,Ärtsoppa veg.,Avfall (skal etc.),Soppa mat,1.0,%
904,Ärtsoppa veg.,Aska,Soppa mat,1.4,g
904,Ärtsoppa veg.,Alkohol,Soppa mat,0.0,g
905,Tofu fast,"Zink, Zn",Ost med vegetabiliskt fett,0.6,mg
905,Tofu fast,Vitamin E,Ost med vegetabiliskt fett,0.2,mg
905,Tofu fast,Vitamin D inkl 25-OH-D3,Ost med vegetabiliskt fett,0.0,µg
905,Tofu fast,Vitamin D,Ost med vegetabiliskt fett,0.0,µg
905,Tofu fast,Vitamin C,Ost med vegetabiliskt fett,0.0,mg
905,Tofu fast,Vitamin B6,Ost med vegetabiliskt fett,0.05,mg
905,Tofu fast,Vitamin B12,Ost med vegetabiliskt fett,0.0,µg
905,Tofu fast,Vitamin A,Ost med vegetabiliskt fett,0.0,RE/µg
905,Tofu fast,Vatten,Ost med vegetabiliskt fett,86.8,g
905,Tofu fast,Tiamin,Ost med vegetabiliskt fett,0.07,mg
905,Tofu fast,Tillsatt socker,Ost med vegetabiliskt fett,0.0,g
905,Tofu fast,Fritt socker,Ost med vegetabiliskt fett,0.0,g
905,Tofu fast,"Selen, Se",Ost med vegetabiliskt fett,4.0,µg
905,Tofu fast,Sackaros,Ost med vegetabiliskt fett,0.2,g
905,Tofu fast,Riboflavin,Ost med vegetabiliskt fett,0.03,mg
905,Tofu fast,Retinol,Ost med vegetabiliskt fett,0.0,µg
905,Tofu fast,Protein,Ost med vegetabiliskt fett,6.6,g
905,Tofu fast,Summa fleromättade fettsyror,Ost med vegetabiliskt fett,2.4,g
905,Tofu fast,"Fosfor, P",Ost med vegetabiliskt fett,110.0,mg
905,Tofu fast,Niacinekvivalenter,Ost med vegetabiliskt fett,1.2,NE/mg
905,Tofu fast,Niacin,Ost med vegetabiliskt fett,0.1,mg
905,Tofu fast,"Salt, NaCl",Ost med vegetabiliskt fett,0.2,g
905,Tofu fast,"Natrium, Na",Ost med vegetabiliskt fett,59.0,mg
905,Tofu fast,Monosackarider,Ost med vegetabiliskt fett,0.0,g
905,Tofu fast,"Sockerarter, totalt",Ost med vegetabiliskt fett,0.2,g
905,Tofu fast,Summa enkelomättade fettsyror,Ost med vegetabiliskt fett,1.0,g
905,Tofu fast,"Magnesium, Mg",Ost med vegetabiliskt fett,130.0,mg
905,Tofu fast,Summa mättade fettsyror,Ost med vegetabiliskt fett,0.6,g
905,Tofu fast,"Kolhydrater, tillgängliga",Ost med vegetabiliskt fett,1.2,g
905,Tofu fast,Kolesterol,Ost med vegetabiliskt fett,0.0,mg
905,Tofu fast,"Kalium, K",Ost med vegetabiliskt fett,140.0,mg
905,Tofu fast,"Jod, I",Ost med vegetabiliskt fett,5.0,µg
905,Tofu fast,Fullkorn totalt,Ost med vegetabiliskt fett,0.0,g
905,Tofu fast,"Folat, totalt",Ost med vegetabiliskt fett,12.0,µg
905,Tofu fast,Fibrer,Ost med vegetabiliskt fett,0.4,g
905,Tofu fast,"Fett, totalt",Ost med vegetabiliskt fett,4.2,g
905,Tofu fast,"Järn, Fe",Ost med vegetabiliskt fett,0.9,mg
905,Tofu fast,Energi (kJ),Ost med vegetabiliskt fett,291.0,kJ
905,Tofu fast,Energi (kcal),Ost med vegetabiliskt fett,70.0,kcal
905,Tofu fast,Disackarider,Ost med vegetabiliskt fett,0.2,g
905,Tofu fast,"Kalcium, Ca",Ost med vegetabiliskt fett,86.0,mg
905,Tofu fast,Fettsyra 4:0-10:0,Ost med vegetabiliskt fett,0.0,g
905,Tofu fast,DHA (C22:6),Ost med vegetabiliskt fett,0.0,g
905,Tofu fast,DPA (C22:5),Ost med vegetabiliskt fett,0.0,g
905,Tofu fast,EPA (C20:5),Ost med vegetabiliskt fett,0.0,g
905,Tofu fast,Arakidonsyra C20:4,Ost med vegetabiliskt fett,0.0,g
905,Tofu fast,Arakidinsyra C20:0,Ost med vegetabiliskt fett,0.0,g
905,Tofu fast,Linolensyra C18:3,Ost med vegetabiliskt fett,0.3,g
905,Tofu fast,Linolsyra C18:2,Ost med vegetabiliskt fett,2.0,g
905,Tofu fast,Oljesyra C18:1,Ost med vegetabiliskt fett,1.0,g
905,Tofu fast,Stearinsyra C18:0,Ost med vegetabiliskt fett,0.2,g
905,Tofu fast,Palmitoljesyra C16:1,Ost med vegetabiliskt fett,0.0,g
905,Tofu fast,Palmitinsyra C16:0,Ost med vegetabiliskt fett,0.4,g
905,Tofu fast,Myristinsyra C14:0,Ost med vegetabiliskt fett,0.0,g
905,Tofu fast,Laurinsyra C12:0,Ost med vegetabiliskt fett,0.0,g
905,Tofu fast,Betakaroten/β-Karoten,Ost med vegetabiliskt fett,0.0,µg
905,Tofu fast,Avfall (skal etc.),Ost med vegetabiliskt fett,0.0,%
905,Tofu fast,Aska,Ost med vegetabiliskt fett,0.8,g
905,Tofu fast,Alkohol,Ost med vegetabiliskt fett,0.0,g
906,Sojamjöl fett ca 20%,"Zink, Zn",Mjöl stärkelse kli,3.9,mg
906,Sojamjöl fett ca 20%,Vitamin E,Mjöl stärkelse kli,0.6,mg
906,Sojamjöl fett ca 20%,Vitamin D inkl 25-OH-D3,Mjöl stärkelse kli,0.0,µg
906,Sojamjöl fett ca 20%,Vitamin D,Mjöl stärkelse kli,0.0,µg
906,Sojamjöl fett ca 20%,Vitamin C,Mjöl stärkelse kli,0.0,mg
906,Sojamjöl fett ca 20%,Vitamin B6,Mjöl stärkelse kli,0.57,mg
906,Sojamjöl fett ca 20%,Vitamin B12,Mjöl stärkelse kli,0.0,µg
906,Sojamjöl fett ca 20%,Vitamin A,Mjöl stärkelse kli,5.5,RE/µg
906,Sojamjöl fett ca 20%,Vatten,Mjöl stärkelse kli,7.0,g
906,Sojamjöl fett ca 20%,Tiamin,Mjöl stärkelse kli,0.75,mg
906,Sojamjöl fett ca 20%,Tillsatt socker,Mjöl stärkelse kli,0.0,g
906,Sojamjöl fett ca 20%,Fritt socker,Mjöl stärkelse kli,0.0,g
906,Sojamjöl fett ca 20%,"Selen, Se",Mjöl stärkelse kli,1.0,µg
906,Sojamjöl fett ca 20%,Sackaros,Mjöl stärkelse kli,3.1,g
906,Sojamjöl fett ca 20%,Riboflavin,Mjöl stärkelse kli,0.31,mg
906,Sojamjöl fett ca 20%,Retinol,Mjöl stärkelse kli,0.0,µg
906,Sojamjöl fett ca 20%,Protein,Mjöl stärkelse kli,37.0,g
906,Sojamjöl fett ca 20%,Summa fleromättade fettsyror,Mjöl stärkelse kli,13.3,g
906,Sojamjöl fett ca 20%,"Fosfor, P",Mjöl stärkelse kli,560.0,mg
906,Sojamjöl fett ca 20%,Niacinekvivalenter,Mjöl stärkelse kli,8.17,NE/mg
906,Sojamjöl fett ca 20%,Niacin,Mjöl stärkelse kli,2.0,mg
906,Sojamjöl fett ca 20%,"Salt, NaCl",Mjöl stärkelse kli,0.0,g
906,Sojamjöl fett ca 20%,"Natrium, Na",Mjöl stärkelse kli,1.0,mg
906,Sojamjöl fett ca 20%,Monosackarider,Mjöl stärkelse kli,8.1,g
906,Sojamjöl fett ca 20%,"Sockerarter, totalt",Mjöl stärkelse kli,11.2,g
906,Sojamjöl fett ca 20%,Summa enkelomättade fettsyror,Mjöl stärkelse kli,5.7,g
906,Sojamjöl fett ca 20%,"Magnesium, Mg",Mjöl stärkelse kli,245.0,mg
906,Sojamjöl fett ca 20%,Summa mättade fettsyror,Mjöl stärkelse kli,3.3,g
906,Sojamjöl fett ca 20%,"Kolhydrater, tillgängliga",Mjöl stärkelse kli,16.0,g
906,Sojamjöl fett ca 20%,Kolesterol,Mjöl stärkelse kli,0.0,mg
906,Sojamjöl fett ca 20%,"Kalium, K",Mjöl stärkelse kli,1940.0,mg
906,Sojamjöl fett ca 20%,"Jod, I",Mjöl stärkelse kli,0.0,µg
906,Sojamjöl fett ca 20%,Fullkorn totalt,Mjöl stärkelse kli,0.0,g
906,Sojamjöl fett ca 20%,"Folat, totalt",Mjöl stärkelse kli,19.0,µg
906,Sojamjöl fett ca 20%,Fibrer,Mjöl stärkelse kli,11.9,g
906,Sojamjöl fett ca 20%,"Fett, totalt",Mjöl stärkelse kli,23.5,g
906,Sojamjöl fett ca 20%,"Järn, Fe",Mjöl stärkelse kli,4.0,mg
906,Sojamjöl fett ca 20%,Energi (kJ),Mjöl stärkelse kli,1866.0,kJ
906,Sojamjöl fett ca 20%,Energi (kcal),Mjöl stärkelse kli,446.0,kcal
906,Sojamjöl fett ca 20%,Disackarider,Mjöl stärkelse kli,3.1,g
906,Sojamjöl fett ca 20%,"Kalcium, Ca",Mjöl stärkelse kli,199.0,mg
906,Sojamjöl fett ca 20%,Fettsyra 4:0-10:0,Mjöl stärkelse kli,0.0,g
906,Sojamjöl fett ca 20%,DHA (C22:6),Mjöl stärkelse kli,0.0,g
906,Sojamjöl fett ca 20%,DPA (C22:5),Mjöl stärkelse kli,0.0,g
906,Sojamjöl fett ca 20%,EPA (C20:5),Mjöl stärkelse kli,0.0,g
906,Sojamjöl fett ca 20%,Arakidonsyra C20:4,Mjöl stärkelse kli,0.0,g
906,Sojamjöl fett ca 20%,Arakidinsyra C20:0,Mjöl stärkelse kli,0.1,g
906,Sojamjöl fett ca 20%,Linolensyra C18:3,Mjöl stärkelse kli,1.6,g
906,Sojamjöl fett ca 20%,Linolsyra C18:2,Mjöl stärkelse kli,11.7,g
906,Sojamjöl fett ca 20%,Oljesyra C18:1,Mjöl stärkelse kli,5.6,g
906,Sojamjöl fett ca 20%,Stearinsyra C18:0,Mjöl stärkelse kli,0.9,g
906,Sojamjöl fett ca 20%,Palmitoljesyra C16:1,Mjöl stärkelse kli,0.0,g
906,Sojamjöl fett ca 20%,Palmitinsyra C16:0,Mjöl stärkelse kli,2.2,g
906,Sojamjöl fett ca 20%,Myristinsyra C14:0,Mjöl stärkelse kli,0.0,g
906,Sojamjöl fett ca 20%,Laurinsyra C12:0,Mjöl stärkelse kli,0.0,g
906,Sojamjöl fett ca 20%,Betakaroten/β-Karoten,Mjöl stärkelse kli,66.0,µg
906,Sojamjöl fett ca 20%,Avfall (skal etc.),Mjöl stärkelse kli,0.0,%
906,Sojamjöl fett ca 20%,Aska,Mjöl stärkelse kli,4.6,g
906,Sojamjöl fett ca 20%,Alkohol,Mjöl stärkelse kli,0.0,g
907,Sojadryck,"Zink, Zn",Vegetabiliska produkter och mjölkersättning,0.3,mg
907,Sojadryck,Vitamin E,Vegetabiliska produkter och mjölkersättning,0.1,mg
907,Sojadryck,Vitamin D inkl 25-OH-D3,Vegetabiliska produkter och mjölkersättning,0.0,µg
907,Sojadryck,Vitamin D,Vegetabiliska produkter och mjölkersättning,0.0,µg
907,Sojadryck,Vitamin C,Vegetabiliska produkter och mjölkersättning,0.0,mg
907,Sojadryck,Vitamin B6,Vegetabiliska produkter och mjölkersättning,0.04,mg
907,Sojadryck,Vitamin B12,Vegetabiliska produkter och mjölkersättning,0.0,µg
907,Sojadryck,Vitamin A,Vegetabiliska produkter och mjölkersättning,0.0,RE/µg
907,Sojadryck,Vatten,Vegetabiliska produkter och mjölkersättning,92.9,g
907,Sojadryck,Tiamin,Vegetabiliska produkter och mjölkersättning,0.03,mg
907,Sojadryck,Tillsatt socker,Vegetabiliska produkter och mjölkersättning,0.0,g
907,Sojadryck,Fritt socker,Vegetabiliska produkter och mjölkersättning,0.0,g
907,Sojadryck,"Selen, Se",Vegetabiliska produkter och mjölkersättning,1.0,µg
907,Sojadryck,Sackaros,Vegetabiliska produkter och mjölkersättning,0.5,g
907,Sojadryck,Riboflavin,Vegetabiliska produkter och mjölkersättning,0.02,mg
907,Sojadryck,Retinol,Vegetabiliska produkter och mjölkersättning,0.0,µg
907,Sojadryck,Protein,Vegetabiliska produkter och mjölkersättning,3.1,g
907,Sojadryck,Summa fleromättade fettsyror,Vegetabiliska produkter och mjölkersättning,0.6,g
907,Sojadryck,"Fosfor, P",Vegetabiliska produkter och mjölkersättning,47.0,mg
907,Sojadryck,Niacinekvivalenter,Vegetabiliska produkter och mjölkersättning,0.6,NE/mg
907,Sojadryck,Niacin,Vegetabiliska produkter och mjölkersättning,0.18,mg
907,Sojadryck,"Salt, NaCl",Vegetabiliska produkter och mjölkersättning,0.1,g
907,Sojadryck,"Natrium, Na",Vegetabiliska produkter och mjölkersättning,28.0,mg
907,Sojadryck,Monosackarider,Vegetabiliska produkter och mjölkersättning,0.0,g
907,Sojadryck,"Sockerarter, totalt",Vegetabiliska produkter och mjölkersättning,0.5,g
907,Sojadryck,Summa enkelomättade fettsyror,Vegetabiliska produkter och mjölkersättning,0.3,g
907,Sojadryck,"Magnesium, Mg",Vegetabiliska produkter och mjölkersättning,19.0,mg
907,Sojadryck,Summa mättade fettsyror,Vegetabiliska produkter och mjölkersättning,0.2,g
907,Sojadryck,"Kolhydrater, tillgängliga",Vegetabiliska produkter och mjölkersättning,1.9,g
907,Sojadryck,Kolesterol,Vegetabiliska produkter och mjölkersättning,0.0,mg
907,Sojadryck,"Kalium, K",Vegetabiliska produkter och mjölkersättning,135.0,mg
907,Sojadryck,"Jod, I",Vegetabiliska produkter och mjölkersättning,0.0,µg
907,Sojadryck,Fullkorn totalt,Vegetabiliska produkter och mjölkersättning,0.0,g
907,Sojadryck,"Folat, totalt",Vegetabiliska produkter och mjölkersättning,15.0,µg
907,Sojadryck,Fibrer,Vegetabiliska produkter och mjölkersättning,0.0,g
907,Sojadryck,"Fett, totalt",Vegetabiliska produkter och mjölkersättning,1.5,g
907,Sojadryck,"Järn, Fe",Vegetabiliska produkter och mjölkersättning,0.4,mg
907,Sojadryck,Energi (kJ),Vegetabiliska produkter och mjölkersättning,141.0,kJ
907,Sojadryck,Energi (kcal),Vegetabiliska produkter och mjölkersättning,34.0,kcal
907,Sojadryck,Disackarider,Vegetabiliska produkter och mjölkersättning,0.5,g
907,Sojadryck,"Kalcium, Ca",Vegetabiliska produkter och mjölkersättning,14.0,mg
907,Sojadryck,Fettsyra 4:0-10:0,Vegetabiliska produkter och mjölkersättning,0.0,g
907,Sojadryck,DHA (C22:6),Vegetabiliska produkter och mjölkersättning,0.0,g
907,Sojadryck,DPA (C22:5),Vegetabiliska produkter och mjölkersättning,0.0,g
907,Sojadryck,EPA (C20:5),Vegetabiliska produkter och mjölkersättning,0.0,g
907,Sojadryck,Arakidonsyra C20:4,Vegetabiliska produkter och mjölkersättning,0.0,g
907,Sojadryck,Arakidinsyra C20:0,Vegetabiliska produkter och mjölkersättning,0.0,g
907,Sojadryck,Linolensyra C18:3,Vegetabiliska produkter och mjölkersättning,0.1,g
907,Sojadryck,Linolsyra C18:2,Vegetabiliska produkter och mjölkersättning,0.5,g
907,Sojadryck,Oljesyra C18:1,Vegetabiliska produkter och mjölkersättning,0.3,g
907,Sojadryck,Stearinsyra C18:0,Vegetabiliska produkter och mjölkersättning,0.0,g
907,Sojadryck,Palmitoljesyra C16:1,Vegetabiliska produkter och mjölkersättning,0.0,g
907,Sojadryck,Palmitinsyra C16:0,Vegetabiliska produkter och mjölkersättning,0.1,g
907,Sojadryck,Myristinsyra C14:0,Vegetabiliska produkter och mjölkersättning,0.0,g
907,Sojadryck,Laurinsyra C12:0,Vegetabiliska produkter och mjölkersättning,0.0,g
907,Sojadryck,Betakaroten/β-Karoten,Vegetabiliska produkter och mjölkersättning,0.0,µg
907,Sojadryck,Avfall (skal etc.),Vegetabiliska produkter och mjölkersättning,0.0,%
907,Sojadryck,Aska,Vegetabiliska produkter och mjölkersättning,0.5,g
907,Sojadryck,Alkohol,Vegetabiliska produkter och mjölkersättning,0.0,g
908,Miso sojabönspasta fermenterad,"Zink, Zn","Senap ketchup HP-sås soja ""smaksättare""",2.0,mg
908,Miso sojabönspasta fermenterad,Vitamin E,"Senap ketchup HP-sås soja ""smaksättare""",1.1,mg
908,Miso sojabönspasta fermenterad,Vitamin D inkl 25-OH-D3,"Senap ketchup HP-sås soja ""smaksättare""",0.0,µg
908,Miso sojabönspasta fermenterad,Vitamin D,"Senap ketchup HP-sås soja ""smaksättare""",0.0,µg
908,Miso sojabönspasta fermenterad,Vitamin C,"Senap ketchup HP-sås soja ""smaksättare""",0.0,mg
908,Miso sojabönspasta fermenterad,Vitamin B6,"Senap ketchup HP-sås soja ""smaksättare""",0.13,mg
908,Miso sojabönspasta fermenterad,Vitamin B12,"Senap ketchup HP-sås soja ""smaksättare""",0.0,µg
908,Miso sojabönspasta fermenterad,Vitamin A,"Senap ketchup HP-sås soja ""smaksättare""",2.0,RE/µg
908,Miso sojabönspasta fermenterad,Vatten,"Senap ketchup HP-sås soja ""smaksättare""",44.9,g
908,Miso sojabönspasta fermenterad,Tiamin,"Senap ketchup HP-sås soja ""smaksättare""",0.04,mg
908,Miso sojabönspasta fermenterad,Tillsatt socker,"Senap ketchup HP-sås soja ""smaksättare""",0.0,g
908,Miso sojabönspasta fermenterad,Fritt socker,"Senap ketchup HP-sås soja ""smaksättare""",0.0,g
908,Miso sojabönspasta fermenterad,"Selen, Se","Senap ketchup HP-sås soja ""smaksättare""",19.0,µg
908,Miso sojabönspasta fermenterad,Sackaros,"Senap ketchup HP-sås soja ""smaksättare""",0.8,g
908,Miso sojabönspasta fermenterad,Riboflavin,"Senap ketchup HP-sås soja ""smaksättare""",0.12,mg
908,Miso sojabönspasta fermenterad,Retinol,"Senap ketchup HP-sås soja ""smaksättare""",0.0,µg
908,Miso sojabönspasta fermenterad,Protein,"Senap ketchup HP-sås soja ""smaksättare""",9.7,g
908,Miso sojabönspasta fermenterad,Summa fleromättade fettsyror,"Senap ketchup HP-sås soja ""smaksättare""",6.3,g
908,Miso sojabönspasta fermenterad,"Fosfor, P","Senap ketchup HP-sås soja ""smaksättare""",250.0,mg
908,Miso sojabönspasta fermenterad,Niacinekvivalenter,"Senap ketchup HP-sås soja ""smaksättare""",2.8,NE/mg
908,Miso sojabönspasta fermenterad,Niacin,"Senap ketchup HP-sås soja ""smaksättare""",1.2,mg
908,Miso sojabönspasta fermenterad,"Salt, NaCl","Senap ketchup HP-sås soja ""smaksättare""",10.8,g
908,Miso sojabönspasta fermenterad,"Natrium, Na","Senap ketchup HP-sås soja ""smaksättare""",4300.0,mg
908,Miso sojabönspasta fermenterad,Monosackarider,"Senap ketchup HP-sås soja ""smaksättare""",0.4,g
908,Miso sojabönspasta fermenterad,"Sockerarter, totalt","Senap ketchup HP-sås soja ""smaksättare""",1.2,g
908,Miso sojabönspasta fermenterad,Summa enkelomättade fettsyror,"Senap ketchup HP-sås soja ""smaksättare""",1.9,g
908,Miso sojabönspasta fermenterad,"Magnesium, Mg","Senap ketchup HP-sås soja ""smaksättare""",230.0,mg
908,Miso sojabönspasta fermenterad,Summa mättade fettsyror,"Senap ketchup HP-sås soja ""smaksättare""",1.6,g
908,Miso sojabönspasta fermenterad,"Kolhydrater, tillgängliga","Senap ketchup HP-sås soja ""smaksättare""",15.5,g
908,Miso sojabönspasta fermenterad,Kolesterol,"Senap ketchup HP-sås soja ""smaksättare""",0.0,mg
908,Miso sojabönspasta fermenterad,"Kalium, K","Senap ketchup HP-sås soja ""smaksättare""",930.0,mg
908,Miso sojabönspasta fermenterad,"Jod, I","Senap ketchup HP-sås soja ""smaksättare""",31.0,µg
908,Miso sojabönspasta fermenterad,Fullkorn totalt,"Senap ketchup HP-sås soja ""smaksättare""",0.0,g
908,Miso sojabönspasta fermenterad,"Folat, totalt","Senap ketchup HP-sås soja ""smaksättare""",54.0,µg
908,Miso sojabönspasta fermenterad,Fibrer,"Senap ketchup HP-sås soja ""smaksättare""",6.5,g
908,Miso sojabönspasta fermenterad,"Fett, totalt","Senap ketchup HP-sås soja ""smaksättare""",10.5,g
908,Miso sojabönspasta fermenterad,"Järn, Fe","Senap ketchup HP-sås soja ""smaksättare""",6.8,mg
908,Miso sojabönspasta fermenterad,Energi (kJ),"Senap ketchup HP-sås soja ""smaksättare""",869.0,kJ
908,Miso sojabönspasta fermenterad,Energi (kcal),"Senap ketchup HP-sås soja ""smaksättare""",208.0,kcal
908,Miso sojabönspasta fermenterad,Disackarider,"Senap ketchup HP-sås soja ""smaksättare""",0.8,g
908,Miso sojabönspasta fermenterad,"Kalcium, Ca","Senap ketchup HP-sås soja ""smaksättare""",150.0,mg
908,Miso sojabönspasta fermenterad,Fettsyra 4:0-10:0,"Senap ketchup HP-sås soja ""smaksättare""",0.0,g
908,Miso sojabönspasta fermenterad,DHA (C22:6),"Senap ketchup HP-sås soja ""smaksättare""",0.0,g
908,Miso sojabönspasta fermenterad,DPA (C22:5),"Senap ketchup HP-sås soja ""smaksättare""",0.0,g
908,Miso sojabönspasta fermenterad,EPA (C20:5),"Senap ketchup HP-sås soja ""smaksättare""",0.0,g
908,Miso sojabönspasta fermenterad,Arakidonsyra C20:4,"Senap ketchup HP-sås soja ""smaksättare""",0.0,g
908,Miso sojabönspasta fermenterad,Arakidinsyra C20:0,"Senap ketchup HP-sås soja ""smaksättare""",0.0,g
908,Miso sojabönspasta fermenterad,Linolensyra C18:3,"Senap ketchup HP-sås soja ""smaksättare""",1.0,g
908,Miso sojabönspasta fermenterad,Linolsyra C18:2,"Senap ketchup HP-sås soja ""smaksättare""",5.3,g
908,Miso sojabönspasta fermenterad,Oljesyra C18:1,"Senap ketchup HP-sås soja ""smaksättare""",1.8,g
908,Miso sojabönspasta fermenterad,Stearinsyra C18:0,"Senap ketchup HP-sås soja ""smaksättare""",0.4,g
908,Miso sojabönspasta fermenterad,Palmitoljesyra C16:1,"Senap ketchup HP-sås soja ""smaksättare""",0.0,g
908,Miso sojabönspasta fermenterad,Palmitinsyra C16:0,"Senap ketchup HP-sås soja ""smaksättare""",1.1,g
908,Miso sojabönspasta fermenterad,Myristinsyra C14:0,"Senap ketchup HP-sås soja ""smaksättare""",0.0,g
908,Miso sojabönspasta fermenterad,Laurinsyra C12:0,"Senap ketchup HP-sås soja ""smaksättare""",0.0,g
908,Miso sojabönspasta fermenterad,Betakaroten/β-Karoten,"Senap ketchup HP-sås soja ""smaksättare""",24.0,µg
908,Miso sojabönspasta fermenterad,Avfall (skal etc.),"Senap ketchup HP-sås soja ""smaksättare""",0.0,%
908,Miso sojabönspasta fermenterad,Aska,"Senap ketchup HP-sås soja ""smaksättare""",12.9,g
908,Miso sojabönspasta fermenterad,Alkohol,"Senap ketchup HP-sås soja ""smaksättare""",0.0,g
909,Sojasås,"Zink, Zn","Senap ketchup HP-sås soja ""smaksättare""",0.4,mg
909,Sojasås,Vitamin E,"Senap ketchup HP-sås soja ""smaksättare""",0.0,mg
909,Sojasås,Vitamin D inkl 25-OH-D3,"Senap ketchup HP-sås soja ""smaksättare""",0.0,µg
909,Sojasås,Vitamin D,"Senap ketchup HP-sås soja ""smaksättare""",0.0,µg
909,Sojasås,Vitamin C,"Senap ketchup HP-sås soja ""smaksättare""",0.0,mg
909,Sojasås,Vitamin B6,"Senap ketchup HP-sås soja ""smaksättare""",0.17,mg
909,Sojasås,Vitamin B12,"Senap ketchup HP-sås soja ""smaksättare""",0.0,µg
909,Sojasås,Vitamin A,"Senap ketchup HP-sås soja ""smaksättare""",0.0,RE/µg
909,Sojasås,Vatten,"Senap ketchup HP-sås soja ""smaksättare""",70.0,g
909,Sojasås,Tiamin,"Senap ketchup HP-sås soja ""smaksättare""",0.05,mg
909,Sojasås,Tillsatt socker,"Senap ketchup HP-sås soja ""smaksättare""",0.0,g
909,Sojasås,Fritt socker,"Senap ketchup HP-sås soja ""smaksättare""",0.0,g
909,Sojasås,"Selen, Se","Senap ketchup HP-sås soja ""smaksättare""",1.0,µg
909,Sojasås,Sackaros,"Senap ketchup HP-sås soja ""smaksättare""",1.1,g
909,Sojasås,Riboflavin,"Senap ketchup HP-sås soja ""smaksättare""",0.19,mg
909,Sojasås,Retinol,"Senap ketchup HP-sås soja ""smaksättare""",0.0,µg
909,Sojasås,Protein,"Senap ketchup HP-sås soja ""smaksättare""",7.5,g
909,Sojasås,Summa fleromättade fettsyror,"Senap ketchup HP-sås soja ""smaksättare""",0.0,g
909,Sojasås,"Fosfor, P","Senap ketchup HP-sås soja ""smaksättare""",140.0,mg
909,Sojasås,Niacinekvivalenter,"Senap ketchup HP-sås soja ""smaksättare""",2.35,NE/mg
909,Sojasås,Niacin,"Senap ketchup HP-sås soja ""smaksättare""",1.1,mg
909,Sojasås,"Salt, NaCl","Senap ketchup HP-sås soja ""smaksättare""",14.8,g
909,Sojasås,"Natrium, Na","Senap ketchup HP-sås soja ""smaksättare""",5900.0,mg
909,Sojasås,Monosackarider,"Senap ketchup HP-sås soja ""smaksättare""",0.5,g
909,Sojasås,"Sockerarter, totalt","Senap ketchup HP-sås soja ""smaksättare""",1.6,g
909,Sojasås,Summa enkelomättade fettsyror,"Senap ketchup HP-sås soja ""smaksättare""",0.0,g
909,Sojasås,"Magnesium, Mg","Senap ketchup HP-sås soja ""smaksättare""",43.0,mg
909,Sojasås,Summa mättade fettsyror,"Senap ketchup HP-sås soja ""smaksättare""",0.0,g
909,Sojasås,"Kolhydrater, tillgängliga","Senap ketchup HP-sås soja ""smaksättare""",6.6,g
909,Sojasås,Kolesterol,"Senap ketchup HP-sås soja ""smaksättare""",0.0,mg
909,Sojasås,"Kalium, K","Senap ketchup HP-sås soja ""smaksättare""",400.0,mg
909,Sojasås,"Jod, I","Senap ketchup HP-sås soja ""smaksättare""",4.5,µg
909,Sojasås,Fullkorn totalt,"Senap ketchup HP-sås soja ""smaksättare""",0.0,g
909,Sojasås,"Folat, totalt","Senap ketchup HP-sås soja ""smaksättare""",28.0,µg
909,Sojasås,Fibrer,"Senap ketchup HP-sås soja ""smaksättare""",0.0,g
909,Sojasås,"Fett, totalt","Senap ketchup HP-sås soja ""smaksättare""",0.0,g
909,Sojasås,"Järn, Fe","Senap ketchup HP-sås soja ""smaksättare""",2.3,mg
909,Sojasås,Energi (kJ),"Senap ketchup HP-sås soja ""smaksättare""",240.0,kJ
909,Sojasås,Energi (kcal),"Senap ketchup HP-sås soja ""smaksättare""",57.0,kcal
909,Sojasås,Disackarider,"Senap ketchup HP-sås soja ""smaksättare""",1.1,g
909,Sojasås,"Kalcium, Ca","Senap ketchup HP-sås soja ""smaksättare""",21.0,mg
909,Sojasås,Fettsyra 4:0-10:0,"Senap ketchup HP-sås soja ""smaksättare""",0.0,g
909,Sojasås,DHA (C22:6),"Senap ketchup HP-sås soja ""smaksättare""",0.0,g
909,Sojasås,DPA (C22:5),"Senap ketchup HP-sås soja ""smaksättare""",0.0,g
909,Sojasås,EPA (C20:5),"Senap ketchup HP-sås soja ""smaksättare""",0.0,g
909,Sojasås,Arakidonsyra C20:4,"Senap ketchup HP-sås soja ""smaksättare""",0.0,g
909,Sojasås,Arakidinsyra C20:0,"Senap ketchup HP-sås soja ""smaksättare""",0.0,g
909,Sojasås,Linolensyra C18:3,"Senap ketchup HP-sås soja ""smaksättare""",0.0,g
909,Sojasås,Linolsyra C18:2,"Senap ketchup HP-sås soja ""smaksättare""",0.0,g
909,Sojasås,Oljesyra C18:1,"Senap ketchup HP-sås soja ""smaksättare""",0.0,g
909,Sojasås,Stearinsyra C18:0,"Senap ketchup HP-sås soja ""smaksättare""",0.0,g
909,Sojasås,Palmitoljesyra C16:1,"Senap ketchup HP-sås soja ""smaksättare""",0.0,g
909,Sojasås,Palmitinsyra C16:0,"Senap ketchup HP-sås soja ""smaksättare""",0.0,g
909,Sojasås,Myristinsyra C14:0,"Senap ketchup HP-sås soja ""smaksättare""",0.0,g
909,Sojasås,Laurinsyra C12:0,"Senap ketchup HP-sås soja ""smaksättare""",0.0,g
909,Sojasås,Betakaroten/β-Karoten,"Senap ketchup HP-sås soja ""smaksättare""",0.0,µg
909,Sojasås,Avfall (skal etc.),"Senap ketchup HP-sås soja ""smaksättare""",0.0,%
909,Sojasås,Aska,"Senap ketchup HP-sås soja ""smaksättare""",15.9,g
909,Sojasås,Alkohol,"Senap ketchup HP-sås soja ""smaksättare""",0.0,g
910,Sojasås söt,"Zink, Zn","Senap ketchup HP-sås soja ""smaksättare""",0.4,mg
910,Sojasås söt,Vitamin E,"Senap ketchup HP-sås soja ""smaksättare""",0.1,mg
910,Sojasås söt,Vitamin D inkl 25-OH-D3,"Senap ketchup HP-sås soja ""smaksättare""",0.0,µg
910,Sojasås söt,Vitamin D,"Senap ketchup HP-sås soja ""smaksättare""",0.0,µg
910,Sojasås söt,Vitamin C,"Senap ketchup HP-sås soja ""smaksättare""",0.0,mg
910,Sojasås söt,Vitamin B6,"Senap ketchup HP-sås soja ""smaksättare""",0.35,mg
910,Sojasås söt,Vitamin B12,"Senap ketchup HP-sås soja ""smaksättare""",0.12,µg
910,Sojasås söt,Vitamin A,"Senap ketchup HP-sås soja ""smaksättare""",4.7,RE/µg
910,Sojasås söt,Vatten,"Senap ketchup HP-sås soja ""smaksättare""",44.6,g
910,Sojasås söt,Tiamin,"Senap ketchup HP-sås soja ""smaksättare""",0.0,mg
910,Sojasås söt,Tillsatt socker,"Senap ketchup HP-sås soja ""smaksättare""",34.0,g
910,Sojasås söt,Fritt socker,"Senap ketchup HP-sås soja ""smaksättare""",34.0,g
910,Sojasås söt,"Selen, Se","Senap ketchup HP-sås soja ""smaksättare""",8.0,µg
910,Sojasås söt,Sackaros,"Senap ketchup HP-sås soja ""smaksättare""",22.5,g
910,Sojasås söt,Riboflavin,"Senap ketchup HP-sås soja ""smaksättare""",0.08,mg
910,Sojasås söt,Retinol,"Senap ketchup HP-sås soja ""smaksättare""",4.0,µg
910,Sojasås söt,Protein,"Senap ketchup HP-sås soja ""smaksättare""",4.3,g
910,Sojasås söt,Summa fleromättade fettsyror,"Senap ketchup HP-sås soja ""smaksättare""",0.4,g
910,Sojasås söt,"Fosfor, P","Senap ketchup HP-sås soja ""smaksättare""",62.0,mg
910,Sojasås söt,Niacinekvivalenter,"Senap ketchup HP-sås soja ""smaksättare""",2.2,NE/mg
910,Sojasås söt,Niacin,"Senap ketchup HP-sås soja ""smaksättare""",1.5,mg
910,Sojasås söt,"Salt, NaCl","Senap ketchup HP-sås soja ""smaksättare""",7.0,g
910,Sojasås söt,"Natrium, Na","Senap ketchup HP-sås soja ""smaksättare""",2780.0,mg
910,Sojasås söt,Monosackarider,"Senap ketchup HP-sås soja ""smaksättare""",11.9,g
910,Sojasås söt,"Sockerarter, totalt","Senap ketchup HP-sås soja ""smaksättare""",34.4,g
910,Sojasås söt,Summa enkelomättade fettsyror,"Senap ketchup HP-sås soja ""smaksättare""",0.4,g
910,Sojasås söt,"Magnesium, Mg","Senap ketchup HP-sås soja ""smaksättare""",140.0,mg
910,Sojasås söt,Summa mättade fettsyror,"Senap ketchup HP-sås soja ""smaksättare""",0.7,g
910,Sojasås söt,"Kolhydrater, tillgängliga","Senap ketchup HP-sås soja ""smaksättare""",38.5,g
910,Sojasås söt,Kolesterol,"Senap ketchup HP-sås soja ""smaksättare""",0.0,mg
910,Sojasås söt,"Kalium, K","Senap ketchup HP-sås soja ""smaksättare""",412.0,mg
910,Sojasås söt,"Jod, I","Senap ketchup HP-sås soja ""smaksättare""",7.0,µg
910,Sojasås söt,Fullkorn totalt,"Senap ketchup HP-sås soja ""smaksättare""",0.0,g
910,Sojasås söt,"Folat, totalt","Senap ketchup HP-sås soja ""smaksättare""",31.3,µg
910,Sojasås söt,Fibrer,"Senap ketchup HP-sås soja ""smaksättare""",0.0,g
910,Sojasås söt,"Fett, totalt","Senap ketchup HP-sås soja ""smaksättare""",2.1,g
910,Sojasås söt,"Järn, Fe","Senap ketchup HP-sås soja ""smaksättare""",4.5,mg
910,Sojasås söt,Energi (kJ),"Senap ketchup HP-sås soja ""smaksättare""",806.0,kJ
910,Sojasås söt,Energi (kcal),"Senap ketchup HP-sås soja ""smaksättare""",193.0,kcal
910,Sojasås söt,Disackarider,"Senap ketchup HP-sås soja ""smaksättare""",22.5,g
910,Sojasås söt,"Kalcium, Ca","Senap ketchup HP-sås soja ""smaksättare""",111.0,mg
910,Sojasås söt,Fettsyra 4:0-10:0,"Senap ketchup HP-sås soja ""smaksättare""",0.0,g
910,Sojasås söt,DHA (C22:6),"Senap ketchup HP-sås soja ""smaksättare""",0.0,g
910,Sojasås söt,DPA (C22:5),"Senap ketchup HP-sås soja ""smaksättare""",0.0,g
910,Sojasås söt,EPA (C20:5),"Senap ketchup HP-sås soja ""smaksättare""",0.0,g
910,Sojasås söt,Arakidonsyra C20:4,"Senap ketchup HP-sås soja ""smaksättare""",0.0,g
910,Sojasås söt,Arakidinsyra C20:0,"Senap ketchup HP-sås soja ""smaksättare""",0.0,g
910,Sojasås söt,Linolensyra C18:3,"Senap ketchup HP-sås soja ""smaksättare""",0.0,g
910,Sojasås söt,Linolsyra C18:2,"Senap ketchup HP-sås soja ""smaksättare""",0.3,g
910,Sojasås söt,Oljesyra C18:1,"Senap ketchup HP-sås soja ""smaksättare""",0.4,g
910,Sojasås söt,Stearinsyra C18:0,"Senap ketchup HP-sås soja ""smaksättare""",0.1,g
910,Sojasås söt,Palmitoljesyra C16:1,"Senap ketchup HP-sås soja ""smaksättare""",0.0,g
910,Sojasås söt,Palmitinsyra C16:0,"Senap ketchup HP-sås soja ""smaksättare""",0.4,g
910,Sojasås söt,Myristinsyra C14:0,"Senap ketchup HP-sås soja ""smaksättare""",0.0,g
910,Sojasås söt,Laurinsyra C12:0,"Senap ketchup HP-sås soja ""smaksättare""",0.1,g
910,Sojasås söt,Betakaroten/β-Karoten,"Senap ketchup HP-sås soja ""smaksättare""",8.0,µg
910,Sojasås söt,Avfall (skal etc.),"Senap ketchup HP-sås soja ""smaksättare""",0.0,%
910,Sojasås söt,Aska,"Senap ketchup HP-sås soja ""smaksättare""",10.5,g
910,Sojasås söt,Alkohol,"Senap ketchup HP-sås soja ""smaksättare""",0.0,g
911,Korv veg. sojakorv konserv. fett 15%,"Zink, Zn",Vegetabiliskt protein produkter och rätter,0.3,mg
911,Korv veg. sojakorv konserv. fett 15%,Vitamin E,Vegetabiliskt protein produkter och rätter,0.3,mg
911,Korv veg. sojakorv konserv. fett 15%,Vitamin D inkl 25-OH-D3,Vegetabiliskt protein produkter och rätter,0.0,µg
911,Korv veg. sojakorv konserv. fett 15%,Vitamin D,Vegetabiliskt protein produkter och rätter,0.0,µg
911,Korv veg. sojakorv konserv. fett 15%,Vitamin C,Vegetabiliskt protein produkter och rätter,0.0,mg
911,Korv veg. sojakorv konserv. fett 15%,Vitamin B6,Vegetabiliskt protein produkter och rätter,0.27,mg
911,Korv veg. sojakorv konserv. fett 15%,Vitamin B12,Vegetabiliskt protein produkter och rätter,0.0,µg
911,Korv veg. sojakorv konserv. fett 15%,Vitamin A,Vegetabiliskt protein produkter och rätter,0.0,RE/µg
911,Korv veg. sojakorv konserv. fett 15%,Vatten,Vegetabiliskt protein produkter och rätter,66.0,g
911,Korv veg. sojakorv konserv. fett 15%,Tiamin,Vegetabiliskt protein produkter och rätter,0.2,mg
911,Korv veg. sojakorv konserv. fett 15%,Tillsatt socker,Vegetabiliskt protein produkter och rätter,1.0,g
911,Korv veg. sojakorv konserv. fett 15%,Fritt socker,Vegetabiliskt protein produkter och rätter,1.0,g
911,Korv veg. sojakorv konserv. fett 15%,"Selen, Se",Vegetabiliskt protein produkter och rätter,1.0,µg
911,Korv veg. sojakorv konserv. fett 15%,Sackaros,Vegetabiliskt protein produkter och rätter,0.4,g
911,Korv veg. sojakorv konserv. fett 15%,Riboflavin,Vegetabiliskt protein produkter och rätter,0.1,mg
911,Korv veg. sojakorv konserv. fett 15%,Retinol,Vegetabiliskt protein produkter och rätter,0.0,µg
911,Korv veg. sojakorv konserv. fett 15%,Protein,Vegetabiliskt protein produkter och rätter,12.0,g
911,Korv veg. sojakorv konserv. fett 15%,Summa fleromättade fettsyror,Vegetabiliskt protein produkter och rätter,8.3,g
911,Korv veg. sojakorv konserv. fett 15%,"Fosfor, P",Vegetabiliskt protein produkter och rätter,179.0,mg
911,Korv veg. sojakorv konserv. fett 15%,Niacinekvivalenter,Vegetabiliskt protein produkter och rätter,2.6,NE/mg
911,Korv veg. sojakorv konserv. fett 15%,Niacin,Vegetabiliskt protein produkter och rätter,0.6,mg
911,Korv veg. sojakorv konserv. fett 15%,"Salt, NaCl",Vegetabiliskt protein produkter och rätter,0.0,g
911,Korv veg. sojakorv konserv. fett 15%,"Natrium, Na",Vegetabiliskt protein produkter och rätter,2.0,mg
911,Korv veg. sojakorv konserv. fett 15%,Monosackarider,Vegetabiliskt protein produkter och rätter,0.6,g
911,Korv veg. sojakorv konserv. fett 15%,"Sockerarter, totalt",Vegetabiliskt protein produkter och rätter,1.0,g
911,Korv veg. sojakorv konserv. fett 15%,Summa enkelomättade fettsyror,Vegetabiliskt protein produkter och rätter,3.6,g
911,Korv veg. sojakorv konserv. fett 15%,"Magnesium, Mg",Vegetabiliskt protein produkter och rätter,44.0,mg
911,Korv veg. sojakorv konserv. fett 15%,Summa mättade fettsyror,Vegetabiliskt protein produkter och rätter,2.3,g
911,Korv veg. sojakorv konserv. fett 15%,"Kolhydrater, tillgängliga",Vegetabiliskt protein produkter och rätter,3.5,g
911,Korv veg. sojakorv konserv. fett 15%,Kolesterol,Vegetabiliskt protein produkter och rätter,0.0,mg
911,Korv veg. sojakorv konserv. fett 15%,"Kalium, K",Vegetabiliskt protein produkter och rätter,540.0,mg
911,Korv veg. sojakorv konserv. fett 15%,"Jod, I",Vegetabiliskt protein produkter och rätter,0.0,µg
911,Korv veg. sojakorv konserv. fett 15%,Fullkorn totalt,Vegetabiliskt protein produkter och rätter,0.0,g
911,Korv veg. sojakorv konserv. fett 15%,"Folat, totalt",Vegetabiliskt protein produkter och rätter,19.0,µg
911,Korv veg. sojakorv konserv. fett 15%,Fibrer,Vegetabiliskt protein produkter och rätter,2.0,g
911,Korv veg. sojakorv konserv. fett 15%,"Fett, totalt",Vegetabiliskt protein produkter och rätter,15.0,g
911,Korv veg. sojakorv konserv. fett 15%,"Järn, Fe",Vegetabiliskt protein produkter och rätter,2.7,mg
911,Korv veg. sojakorv konserv. fett 15%,Energi (kJ),Vegetabiliskt protein produkter och rätter,834.0,kJ
911,Korv veg. sojakorv konserv. fett 15%,Energi (kcal),Vegetabiliskt protein produkter och rätter,199.0,kcal
911,Korv veg. sojakorv konserv. fett 15%,Disackarider,Vegetabiliskt protein produkter och rätter,0.4,g
911,Korv veg. sojakorv konserv. fett 15%,"Kalcium, Ca",Vegetabiliskt protein produkter och rätter,73.0,mg
911,Korv veg. sojakorv konserv. fett 15%,Fettsyra 4:0-10:0,Vegetabiliskt protein produkter och rätter,0.0,g
911,Korv veg. sojakorv konserv. fett 15%,DHA (C22:6),Vegetabiliskt protein produkter och rätter,0.0,g
911,Korv veg. sojakorv konserv. fett 15%,DPA (C22:5),Vegetabiliskt protein produkter och rätter,0.0,g
911,Korv veg. sojakorv konserv. fett 15%,EPA (C20:5),Vegetabiliskt protein produkter och rätter,0.0,g
911,Korv veg. sojakorv konserv. fett 15%,Arakidonsyra C20:4,Vegetabiliskt protein produkter och rätter,0.0,g
911,Korv veg. sojakorv konserv. fett 15%,Arakidinsyra C20:0,Vegetabiliskt protein produkter och rätter,0.1,g
911,Korv veg. sojakorv konserv. fett 15%,Linolensyra C18:3,Vegetabiliskt protein produkter och rätter,1.1,g
911,Korv veg. sojakorv konserv. fett 15%,Linolsyra C18:2,Vegetabiliskt protein produkter och rätter,7.2,g
911,Korv veg. sojakorv konserv. fett 15%,Oljesyra C18:1,Vegetabiliskt protein produkter och rätter,3.5,g
911,Korv veg. sojakorv konserv. fett 15%,Stearinsyra C18:0,Vegetabiliskt protein produkter och rätter,0.6,g
911,Korv veg. sojakorv konserv. fett 15%,Palmitoljesyra C16:1,Vegetabiliskt protein produkter och rätter,0.0,g
911,Korv veg. sojakorv konserv. fett 15%,Palmitinsyra C16:0,Vegetabiliskt protein produkter och rätter,1.4,g
911,Korv veg. sojakorv konserv. fett 15%,Myristinsyra C14:0,Vegetabiliskt protein produkter och rätter,0.3,g
911,Korv veg. sojakorv konserv. fett 15%,Laurinsyra C12:0,Vegetabiliskt protein produkter och rätter,0.0,g
911,Korv veg. sojakorv konserv. fett 15%,Betakaroten/β-Karoten,Vegetabiliskt protein produkter och rätter,0.0,µg
911,Korv veg. sojakorv konserv. fett 15%,Avfall (skal etc.),Vegetabiliskt protein produkter och rätter,0.0,%
911,Korv veg. sojakorv konserv. fett 15%,Aska,Vegetabiliskt protein produkter och rätter,1.5,g
911,Korv veg. sojakorv konserv. fett 15%,Alkohol,Vegetabiliskt protein produkter och rätter,0.0,g
912,Glass sojaglass mjölkfri fett 11%,"Zink, Zn",Glass,0.2,mg
912,Glass sojaglass mjölkfri fett 11%,Vitamin E,Glass,1.1,mg
912,Glass sojaglass mjölkfri fett 11%,Vitamin D inkl 25-OH-D3,Glass,0.0,µg
912,Glass sojaglass mjölkfri fett 11%,Vitamin D,Glass,0.0,µg
912,Glass sojaglass mjölkfri fett 11%,Vitamin C,Glass,0.0,mg
912,Glass sojaglass mjölkfri fett 11%,Vitamin B6,Glass,0.05,mg
912,Glass sojaglass mjölkfri fett 11%,Vitamin B12,Glass,0.0,µg
912,Glass sojaglass mjölkfri fett 11%,Vitamin A,Glass,1.8,RE/µg
912,Glass sojaglass mjölkfri fett 11%,Vatten,Glass,59.2,g
912,Glass sojaglass mjölkfri fett 11%,Tiamin,Glass,0.04,mg
912,Glass sojaglass mjölkfri fett 11%,Tillsatt socker,Glass,21.0,g
912,Glass sojaglass mjölkfri fett 11%,Fritt socker,Glass,21.0,g
912,Glass sojaglass mjölkfri fett 11%,"Selen, Se",Glass,0.5,µg
912,Glass sojaglass mjölkfri fett 11%,Sackaros,Glass,12.5,g
912,Glass sojaglass mjölkfri fett 11%,Riboflavin,Glass,0.02,mg
912,Glass sojaglass mjölkfri fett 11%,Retinol,Glass,0.3,µg
912,Glass sojaglass mjölkfri fett 11%,Protein,Glass,2.2,g
912,Glass sojaglass mjölkfri fett 11%,Summa fleromättade fettsyror,Glass,2.7,g
912,Glass sojaglass mjölkfri fett 11%,"Fosfor, P",Glass,39.0,mg
912,Glass sojaglass mjölkfri fett 11%,Niacinekvivalenter,Glass,0.48,NE/mg
912,Glass sojaglass mjölkfri fett 11%,Niacin,Glass,0.1,mg
912,Glass sojaglass mjölkfri fett 11%,"Salt, NaCl",Glass,0.2,g
912,Glass sojaglass mjölkfri fett 11%,"Natrium, Na",Glass,86.0,mg
912,Glass sojaglass mjölkfri fett 11%,Monosackarider,Glass,8.1,g
912,Glass sojaglass mjölkfri fett 11%,"Sockerarter, totalt",Glass,20.6,g
912,Glass sojaglass mjölkfri fett 11%,Summa enkelomättade fettsyror,Glass,4.2,g
912,Glass sojaglass mjölkfri fett 11%,"Magnesium, Mg",Glass,16.0,mg
912,Glass sojaglass mjölkfri fett 11%,Summa mättade fettsyror,Glass,3.5,g
912,Glass sojaglass mjölkfri fett 11%,"Kolhydrater, tillgängliga",Glass,27.0,g
912,Glass sojaglass mjölkfri fett 11%,Kolesterol,Glass,0.0,mg
912,Glass sojaglass mjölkfri fett 11%,"Kalium, K",Glass,170.0,mg
912,Glass sojaglass mjölkfri fett 11%,"Jod, I",Glass,0.3,µg
912,Glass sojaglass mjölkfri fett 11%,Fullkorn totalt,Glass,0.0,g
912,Glass sojaglass mjölkfri fett 11%,"Folat, totalt",Glass,28.0,µg
912,Glass sojaglass mjölkfri fett 11%,Fibrer,Glass,0.0,g
912,Glass sojaglass mjölkfri fett 11%,"Fett, totalt",Glass,11.0,g
912,Glass sojaglass mjölkfri fett 11%,"Järn, Fe",Glass,0.4,mg
912,Glass sojaglass mjölkfri fett 11%,Energi (kJ),Glass,904.0,kJ
912,Glass sojaglass mjölkfri fett 11%,Energi (kcal),Glass,216.0,kcal
912,Glass sojaglass mjölkfri fett 11%,Disackarider,Glass,12.5,g
912,Glass sojaglass mjölkfri fett 11%,"Kalcium, Ca",Glass,13.0,mg
912,Glass sojaglass mjölkfri fett 11%,Fettsyra 4:0-10:0,Glass,0.2,g
912,Glass sojaglass mjölkfri fett 11%,DHA (C22:6),Glass,0.0,g
912,Glass sojaglass mjölkfri fett 11%,DPA (C22:5),Glass,0.0,g
912,Glass sojaglass mjölkfri fett 11%,EPA (C20:5),Glass,0.0,g
912,Glass sojaglass mjölkfri fett 11%,Arakidonsyra C20:4,Glass,0.0,g
912,Glass sojaglass mjölkfri fett 11%,Arakidinsyra C20:0,Glass,0.0,g
912,Glass sojaglass mjölkfri fett 11%,Linolensyra C18:3,Glass,0.3,g
912,Glass sojaglass mjölkfri fett 11%,Linolsyra C18:2,Glass,2.4,g
912,Glass sojaglass mjölkfri fett 11%,Oljesyra C18:1,Glass,4.2,g
912,Glass sojaglass mjölkfri fett 11%,Stearinsyra C18:0,Glass,1.0,g
912,Glass sojaglass mjölkfri fett 11%,Palmitoljesyra C16:1,Glass,0.0,g
912,Glass sojaglass mjölkfri fett 11%,Palmitinsyra C16:0,Glass,1.3,g
912,Glass sojaglass mjölkfri fett 11%,Myristinsyra C14:0,Glass,0.3,g
912,Glass sojaglass mjölkfri fett 11%,Laurinsyra C12:0,Glass,0.7,g
912,Glass sojaglass mjölkfri fett 11%,Betakaroten/β-Karoten,Glass,18.0,µg
912,Glass sojaglass mjölkfri fett 11%,Avfall (skal etc.),Glass,0.0,%
912,Glass sojaglass mjölkfri fett 11%,Aska,Glass,0.6,g
912,Glass sojaglass mjölkfri fett 11%,Alkohol,Glass,0.0,g
915,Sojabönsbiff stekt,"Zink, Zn",Vegetabiliskt protein produkter och rätter,0.8,mg
915,Sojabönsbiff stekt,Vitamin E,Vegetabiliskt protein produkter och rätter,2.3,mg
915,Sojabönsbiff stekt,Vitamin D,Vegetabiliskt protein produkter och rätter,0.36,µg
915,Sojabönsbiff stekt,Vitamin C,Vegetabiliskt protein produkter och rätter,4.9,mg
915,Sojabönsbiff stekt,Vitamin B6,Vegetabiliskt protein produkter och rätter,0.21,mg
915,Sojabönsbiff stekt,Vitamin B12,Vegetabiliskt protein produkter och rätter,0.16,µg
915,Sojabönsbiff stekt,Vitamin A,Vegetabiliskt protein produkter och rätter,44.2,RE/µg
915,Sojabönsbiff stekt,Vatten,Vegetabiliskt protein produkter och rätter,61.8,g
915,Sojabönsbiff stekt,Tiamin,Vegetabiliskt protein produkter och rätter,0.12,mg
915,Sojabönsbiff stekt,Tillsatt socker,Vegetabiliskt protein produkter och rätter,0.0,g
915,Sojabönsbiff stekt,Fritt socker,Vegetabiliskt protein produkter och rätter,0.0,g
915,Sojabönsbiff stekt,"Selen, Se",Vegetabiliskt protein produkter och rätter,3.0,µg
915,Sojabönsbiff stekt,Sackaros,Vegetabiliskt protein produkter och rätter,0.6,g
915,Sojabönsbiff stekt,Riboflavin,Vegetabiliskt protein produkter och rätter,0.09,mg
915,Sojabönsbiff stekt,Retinol,Vegetabiliskt protein produkter och rätter,34.4,µg
915,Sojabönsbiff stekt,Protein,Vegetabiliskt protein produkter och rätter,7.2,g
915,Sojabönsbiff stekt,Summa fleromättade fettsyror,Vegetabiliskt protein produkter och rätter,3.2,g
915,Sojabönsbiff stekt,"Fosfor, P",Vegetabiliskt protein produkter och rätter,127.0,mg
915,Sojabönsbiff stekt,Niacinekvivalenter,Vegetabiliskt protein produkter och rätter,2.4,NE/mg
915,Sojabönsbiff stekt,Niacin,Vegetabiliskt protein produkter och rätter,1.08,mg
915,Sojabönsbiff stekt,"Salt, NaCl",Vegetabiliskt protein produkter och rätter,1.7,g
915,Sojabönsbiff stekt,"Natrium, Na",Vegetabiliskt protein produkter och rätter,691.0,mg
915,Sojabönsbiff stekt,Monosackarider,Vegetabiliskt protein produkter och rätter,1.0,g
915,Sojabönsbiff stekt,"Sockerarter, totalt",Vegetabiliskt protein produkter och rätter,1.7,g
915,Sojabönsbiff stekt,Summa enkelomättade fettsyror,Vegetabiliskt protein produkter och rätter,4.2,g
915,Sojabönsbiff stekt,"Magnesium, Mg",Vegetabiliskt protein produkter och rätter,51.0,mg
915,Sojabönsbiff stekt,Summa mättade fettsyror,Vegetabiliskt protein produkter och rätter,1.2,g
915,Sojabönsbiff stekt,"Kolhydrater, tillgängliga",Vegetabiliskt protein produkter och rätter,15.6,g
915,Sojabönsbiff stekt,Kolesterol,Vegetabiliskt protein produkter och rätter,38.5,mg
915,Sojabönsbiff stekt,"Kalium, K",Vegetabiliskt protein produkter och rätter,419.0,mg
915,Sojabönsbiff stekt,"Jod, I",Vegetabiliskt protein produkter och rätter,88.0,µg
915,Sojabönsbiff stekt,Fullkorn totalt,Vegetabiliskt protein produkter och rätter,0.0,g
915,Sojabönsbiff stekt,"Folat, totalt",Vegetabiliskt protein produkter och rätter,30.8,µg
915,Sojabönsbiff stekt,Fibrer,Vegetabiliskt protein produkter och rätter,3.3,g
915,Sojabönsbiff stekt,"Fett, totalt",Vegetabiliskt protein produkter och rätter,9.2,g
915,Sojabönsbiff stekt,"Järn, Fe",Vegetabiliskt protein produkter och rätter,1.6,mg
915,Sojabönsbiff stekt,Energi (kJ),Vegetabiliskt protein produkter och rätter,755.0,kJ
915,Sojabönsbiff stekt,Energi (kcal),Vegetabiliskt protein produkter och rätter,180.0,kcal
915,Sojabönsbiff stekt,Disackarider,Vegetabiliskt protein produkter och rätter,0.6,g
915,Sojabönsbiff stekt,"Kalcium, Ca",Vegetabiliskt protein produkter och rätter,47.0,mg
915,Sojabönsbiff stekt,Fettsyra 4:0-10:0,Vegetabiliskt protein produkter och rätter,0.0,g
915,Sojabönsbiff stekt,DHA (C22:6),Vegetabiliskt protein produkter och rätter,0.0,g
915,Sojabönsbiff stekt,DPA (C22:5),Vegetabiliskt protein produkter och rätter,0.0,g
915,Sojabönsbiff stekt,EPA (C20:5),Vegetabiliskt protein produkter och rätter,0.0,g
915,Sojabönsbiff stekt,Arakidonsyra C20:4,Vegetabiliskt protein produkter och rätter,0.0,g
915,Sojabönsbiff stekt,Arakidinsyra C20:0,Vegetabiliskt protein produkter och rätter,0.0,g
915,Sojabönsbiff stekt,Linolensyra C18:3,Vegetabiliskt protein produkter och rätter,0.6,g
915,Sojabönsbiff stekt,Linolsyra C18:2,Vegetabiliskt protein produkter och rätter,2.6,g
915,Sojabönsbiff stekt,Oljesyra C18:1,Vegetabiliskt protein produkter och rätter,4.0,g
915,Sojabönsbiff stekt,Stearinsyra C18:0,Vegetabiliskt protein produkter och rätter,0.3,g
915,Sojabönsbiff stekt,Palmitoljesyra C16:1,Vegetabiliskt protein produkter och rätter,0.0,g
915,Sojabönsbiff stekt,Palmitinsyra C16:0,Vegetabiliskt protein produkter och rätter,0.8,g
915,Sojabönsbiff stekt,Myristinsyra C14:0,Vegetabiliskt protein produkter och rätter,0.0,g
915,Sojabönsbiff stekt,Laurinsyra C12:0,Vegetabiliskt protein produkter och rätter,0.0,g
915,Sojabönsbiff stekt,Betakaroten/β-Karoten,Vegetabiliskt protein produkter och rätter,17.0,µg
915,Sojabönsbiff stekt,Avfall (skal etc.),Vegetabiliskt protein produkter och rätter,2.0,%
915,Sojabönsbiff stekt,Aska,Vegetabiliskt protein produkter och rätter,2.8,g
915,Sojabönsbiff stekt,Alkohol,Vegetabiliskt protein produkter och rätter,0.0,g
916,Korv veg. soja- och veteprotein tillagad typ grillkorv,"Zink, Zn",Vegetabiliskt protein produkter och rätter,1.0,mg
916,Korv veg. soja- och veteprotein tillagad typ grillkorv,Vitamin E,Vegetabiliskt protein produkter och rätter,0.4,mg
916,Korv veg. soja- och veteprotein tillagad typ grillkorv,Vitamin D inkl 25-OH-D3,Vegetabiliskt protein produkter och rätter,0.0,µg
916,Korv veg. soja- och veteprotein tillagad typ grillkorv,Vitamin D,Vegetabiliskt protein produkter och rätter,0.0,µg
916,Korv veg. soja- och veteprotein tillagad typ grillkorv,Vitamin C,Vegetabiliskt protein produkter och rätter,0.5,mg
916,Korv veg. soja- och veteprotein tillagad typ grillkorv,Vitamin B6,Vegetabiliskt protein produkter och rätter,0.09,mg
916,Korv veg. soja- och veteprotein tillagad typ grillkorv,Vitamin B12,Vegetabiliskt protein produkter och rätter,0.0,µg
916,Korv veg. soja- och veteprotein tillagad typ grillkorv,Vitamin A,Vegetabiliskt protein produkter och rätter,4.3,RE/µg
916,Korv veg. soja- och veteprotein tillagad typ grillkorv,Vatten,Vegetabiliskt protein produkter och rätter,65.9,g
916,Korv veg. soja- och veteprotein tillagad typ grillkorv,Tiamin,Vegetabiliskt protein produkter och rätter,0.12,mg
916,Korv veg. soja- och veteprotein tillagad typ grillkorv,Tillsatt socker,Vegetabiliskt protein produkter och rätter,0.0,g
916,Korv veg. soja- och veteprotein tillagad typ grillkorv,Fritt socker,Vegetabiliskt protein produkter och rätter,0.0,g
916,Korv veg. soja- och veteprotein tillagad typ grillkorv,"Selen, Se",Vegetabiliskt protein produkter och rätter,3.9,µg
916,Korv veg. soja- och veteprotein tillagad typ grillkorv,Sackaros,Vegetabiliskt protein produkter och rätter,0.2,g
916,Korv veg. soja- och veteprotein tillagad typ grillkorv,Riboflavin,Vegetabiliskt protein produkter och rätter,0.1,mg
916,Korv veg. soja- och veteprotein tillagad typ grillkorv,Retinol,Vegetabiliskt protein produkter och rätter,0.0,µg
916,Korv veg. soja- och veteprotein tillagad typ grillkorv,Protein,Vegetabiliskt protein produkter och rätter,16.3,g
916,Korv veg. soja- och veteprotein tillagad typ grillkorv,Summa fleromättade fettsyror,Vegetabiliskt protein produkter och rätter,0.6,g
916,Korv veg. soja- och veteprotein tillagad typ grillkorv,"Fosfor, P",Vegetabiliskt protein produkter och rätter,128.0,mg
916,Korv veg. soja- och veteprotein tillagad typ grillkorv,Niacinekvivalenter,Vegetabiliskt protein produkter och rätter,4.15,NE/mg
916,Korv veg. soja- och veteprotein tillagad typ grillkorv,Niacin,Vegetabiliskt protein produkter och rätter,1.38,mg
916,Korv veg. soja- och veteprotein tillagad typ grillkorv,"Salt, NaCl",Vegetabiliskt protein produkter och rätter,1.7,g
916,Korv veg. soja- och veteprotein tillagad typ grillkorv,"Natrium, Na",Vegetabiliskt protein produkter och rätter,703.0,mg
916,Korv veg. soja- och veteprotein tillagad typ grillkorv,Monosackarider,Vegetabiliskt protein produkter och rätter,0.7,g
916,Korv veg. soja- och veteprotein tillagad typ grillkorv,"Sockerarter, totalt",Vegetabiliskt protein produkter och rätter,1.5,g
916,Korv veg. soja- och veteprotein tillagad typ grillkorv,Summa enkelomättade fettsyror,Vegetabiliskt protein produkter och rätter,0.7,g
916,Korv veg. soja- och veteprotein tillagad typ grillkorv,"Magnesium, Mg",Vegetabiliskt protein produkter och rätter,26.0,mg
916,Korv veg. soja- och veteprotein tillagad typ grillkorv,Summa mättade fettsyror,Vegetabiliskt protein produkter och rätter,0.2,g
916,Korv veg. soja- och veteprotein tillagad typ grillkorv,"Kolhydrater, tillgängliga",Vegetabiliskt protein produkter och rätter,9.3,g
916,Korv veg. soja- och veteprotein tillagad typ grillkorv,Kolesterol,Vegetabiliskt protein produkter och rätter,0.0,mg
916,Korv veg. soja- och veteprotein tillagad typ grillkorv,"Kalium, K",Vegetabiliskt protein produkter och rätter,149.0,mg
916,Korv veg. soja- och veteprotein tillagad typ grillkorv,"Jod, I",Vegetabiliskt protein produkter och rätter,4.5,µg
916,Korv veg. soja- och veteprotein tillagad typ grillkorv,Fullkorn totalt,Vegetabiliskt protein produkter och rätter,0.0,g
916,Korv veg. soja- och veteprotein tillagad typ grillkorv,"Folat, totalt",Vegetabiliskt protein produkter och rätter,47.7,µg
916,Korv veg. soja- och veteprotein tillagad typ grillkorv,Fibrer,Vegetabiliskt protein produkter och rätter,4.8,g
916,Korv veg. soja- och veteprotein tillagad typ grillkorv,"Fett, totalt",Vegetabiliskt protein produkter och rätter,1.7,g
916,Korv veg. soja- och veteprotein tillagad typ grillkorv,"Järn, Fe",Vegetabiliskt protein produkter och rätter,1.8,mg
916,Korv veg. soja- och veteprotein tillagad typ grillkorv,Energi (kJ),Vegetabiliskt protein produkter och rätter,537.0,kJ
916,Korv veg. soja- och veteprotein tillagad typ grillkorv,Energi (kcal),Vegetabiliskt protein produkter och rätter,128.0,kcal
916,Korv veg. soja- och veteprotein tillagad typ grillkorv,Disackarider,Vegetabiliskt protein produkter och rätter,0.7,g
916,Korv veg. soja- och veteprotein tillagad typ grillkorv,"Kalcium, Ca",Vegetabiliskt protein produkter och rätter,51.0,mg
916,Korv veg. soja- och veteprotein tillagad typ grillkorv,Fettsyra 4:0-10:0,Vegetabiliskt protein produkter och rätter,0.0,g
916,Korv veg. soja- och veteprotein tillagad typ grillkorv,DHA (C22:6),Vegetabiliskt protein produkter och rätter,0.0,g
916,Korv veg. soja- och veteprotein tillagad typ grillkorv,DPA (C22:5),Vegetabiliskt protein produkter och rätter,0.0,g
916,Korv veg. soja- och veteprotein tillagad typ grillkorv,EPA (C20:5),Vegetabiliskt protein produkter och rätter,0.0,g
916,Korv veg. soja- och veteprotein tillagad typ grillkorv,Arakidonsyra C20:4,Vegetabiliskt protein produkter och rätter,0.0,g
916,Korv veg. soja- och veteprotein tillagad typ grillkorv,Arakidinsyra C20:0,Vegetabiliskt protein produkter och rätter,0.0,g
916,Korv veg. soja- och veteprotein tillagad typ grillkorv,Linolensyra C18:3,Vegetabiliskt protein produkter och rätter,0.1,g
916,Korv veg. soja- och veteprotein tillagad typ grillkorv,Linolsyra C18:2,Vegetabiliskt protein produkter och rätter,0.5,g
916,Korv veg. soja- och veteprotein tillagad typ grillkorv,Oljesyra C18:1,Vegetabiliskt protein produkter och rätter,0.7,g
916,Korv veg. soja- och veteprotein tillagad typ grillkorv,Stearinsyra C18:0,Vegetabiliskt protein produkter och rätter,0.0,g
916,Korv veg. soja- och veteprotein tillagad typ grillkorv,Palmitoljesyra C16:1,Vegetabiliskt protein produkter och rätter,0.0,g
916,Korv veg. soja- och veteprotein tillagad typ grillkorv,Palmitinsyra C16:0,Vegetabiliskt protein produkter och rätter,0.2,g
916,Korv veg. soja- och veteprotein tillagad typ grillkorv,Myristinsyra C14:0,Vegetabiliskt protein produkter och rätter,0.1,g
916,Korv veg. soja- och veteprotein tillagad typ grillkorv,Laurinsyra C12:0,Vegetabiliskt protein produkter och rätter,0.0,g
916,Korv veg. soja- och veteprotein tillagad typ grillkorv,Betakaroten/β-Karoten,Vegetabiliskt protein produkter och rätter,57.0,µg
916,Korv veg. soja- och veteprotein tillagad typ grillkorv,Avfall (skal etc.),Vegetabiliskt protein produkter och rätter,0.0,%
916,Korv veg. soja- och veteprotein tillagad typ grillkorv,Aska,Vegetabiliskt protein produkter och rätter,1.9,g
916,Korv veg. soja- och veteprotein tillagad typ grillkorv,Alkohol,Vegetabiliskt protein produkter och rätter,0.0,g
919,Falafel kikärtsbiff friterad hemlagad,"Zink, Zn",Grönsaks- rotfrukts- baljväxträtter o produkter,1.1,mg
919,Falafel kikärtsbiff friterad hemlagad,Vitamin E,Grönsaks- rotfrukts- baljväxträtter o produkter,2.9,mg
919,Falafel kikärtsbiff friterad hemlagad,Vitamin D inkl 25-OH-D3,Grönsaks- rotfrukts- baljväxträtter o produkter,0.0,µg
919,Falafel kikärtsbiff friterad hemlagad,Vitamin D,Grönsaks- rotfrukts- baljväxträtter o produkter,0.0,µg
919,Falafel kikärtsbiff friterad hemlagad,Vitamin C,Grönsaks- rotfrukts- baljväxträtter o produkter,3.2,mg
919,Falafel kikärtsbiff friterad hemlagad,Vitamin B6,Grönsaks- rotfrukts- baljväxträtter o produkter,0.14,mg
919,Falafel kikärtsbiff friterad hemlagad,Vitamin B12,Grönsaks- rotfrukts- baljväxträtter o produkter,0.0,µg
919,Falafel kikärtsbiff friterad hemlagad,Vitamin A,Grönsaks- rotfrukts- baljväxträtter o produkter,19.8,RE/µg
919,Falafel kikärtsbiff friterad hemlagad,Vatten,Grönsaks- rotfrukts- baljväxträtter o produkter,61.3,g
919,Falafel kikärtsbiff friterad hemlagad,Tiamin,Grönsaks- rotfrukts- baljväxträtter o produkter,0.09,mg
919,Falafel kikärtsbiff friterad hemlagad,Tillsatt socker,Grönsaks- rotfrukts- baljväxträtter o produkter,0.0,g
919,Falafel kikärtsbiff friterad hemlagad,Fritt socker,Grönsaks- rotfrukts- baljväxträtter o produkter,0.0,g
919,Falafel kikärtsbiff friterad hemlagad,"Selen, Se",Grönsaks- rotfrukts- baljväxträtter o produkter,3.9,µg
919,Falafel kikärtsbiff friterad hemlagad,Sackaros,Grönsaks- rotfrukts- baljväxträtter o produkter,0.7,g
919,Falafel kikärtsbiff friterad hemlagad,Riboflavin,Grönsaks- rotfrukts- baljväxträtter o produkter,0.03,mg
919,Falafel kikärtsbiff friterad hemlagad,Retinol,Grönsaks- rotfrukts- baljväxträtter o produkter,0.0,µg
919,Falafel kikärtsbiff friterad hemlagad,Protein,Grönsaks- rotfrukts- baljväxträtter o produkter,6.8,g
919,Falafel kikärtsbiff friterad hemlagad,Summa fleromättade fettsyror,Grönsaks- rotfrukts- baljväxträtter o produkter,2.6,g
919,Falafel kikärtsbiff friterad hemlagad,"Fosfor, P",Grönsaks- rotfrukts- baljväxträtter o produkter,170.0,mg
919,Falafel kikärtsbiff friterad hemlagad,Niacinekvivalenter,Grönsaks- rotfrukts- baljväxträtter o produkter,1.36,NE/mg
919,Falafel kikärtsbiff friterad hemlagad,Niacin,Grönsaks- rotfrukts- baljväxträtter o produkter,0.21,mg
919,Falafel kikärtsbiff friterad hemlagad,"Salt, NaCl",Grönsaks- rotfrukts- baljväxträtter o produkter,1.9,g
919,Falafel kikärtsbiff friterad hemlagad,"Natrium, Na",Grönsaks- rotfrukts- baljväxträtter o produkter,775.0,mg
919,Falafel kikärtsbiff friterad hemlagad,Monosackarider,Grönsaks- rotfrukts- baljväxträtter o produkter,0.4,g
919,Falafel kikärtsbiff friterad hemlagad,"Sockerarter, totalt",Grönsaks- rotfrukts- baljväxträtter o produkter,1.2,g
919,Falafel kikärtsbiff friterad hemlagad,Summa enkelomättade fettsyror,Grönsaks- rotfrukts- baljväxträtter o produkter,3.0,g
919,Falafel kikärtsbiff friterad hemlagad,"Magnesium, Mg",Grönsaks- rotfrukts- baljväxträtter o produkter,34.0,mg
919,Falafel kikärtsbiff friterad hemlagad,Summa mättade fettsyror,Grönsaks- rotfrukts- baljväxträtter o produkter,1.0,g
919,Falafel kikärtsbiff friterad hemlagad,"Kolhydrater, tillgängliga",Grönsaks- rotfrukts- baljväxträtter o produkter,11.6,g
919,Falafel kikärtsbiff friterad hemlagad,Kolesterol,Grönsaks- rotfrukts- baljväxträtter o produkter,0.0,mg
919,Falafel kikärtsbiff friterad hemlagad,"Kalium, K",Grönsaks- rotfrukts- baljväxträtter o produkter,160.0,mg
919,Falafel kikärtsbiff friterad hemlagad,"Jod, I",Grönsaks- rotfrukts- baljväxträtter o produkter,89.5,µg
919,Falafel kikärtsbiff friterad hemlagad,Fullkorn totalt,Grönsaks- rotfrukts- baljväxträtter o produkter,0.0,g
919,Falafel kikärtsbiff friterad hemlagad,"Folat, totalt",Grönsaks- rotfrukts- baljväxträtter o produkter,58.6,µg
919,Falafel kikärtsbiff friterad hemlagad,Fibrer,Grönsaks- rotfrukts- baljväxträtter o produkter,10.2,g
919,Falafel kikärtsbiff friterad hemlagad,"Fett, totalt",Grönsaks- rotfrukts- baljväxträtter o produkter,7.2,g
919,Falafel kikärtsbiff friterad hemlagad,"Järn, Fe",Grönsaks- rotfrukts- baljväxträtter o produkter,1.6,mg
919,Falafel kikärtsbiff friterad hemlagad,Energi (kJ),Grönsaks- rotfrukts- baljväxträtter o produkter,663.0,kJ
919,Falafel kikärtsbiff friterad hemlagad,Energi (kcal),Grönsaks- rotfrukts- baljväxträtter o produkter,158.0,kcal
919,Falafel kikärtsbiff friterad hemlagad,Disackarider,Grönsaks- rotfrukts- baljväxträtter o produkter,0.8,g
919,Falafel kikärtsbiff friterad hemlagad,"Kalcium, Ca",Grönsaks- rotfrukts- baljväxträtter o produkter,99.0,mg
919,Falafel kikärtsbiff friterad hemlagad,Fettsyra 4:0-10:0,Grönsaks- rotfrukts- baljväxträtter o produkter,0.0,g
919,Falafel kikärtsbiff friterad hemlagad,DHA (C22:6),Grönsaks- rotfrukts- baljväxträtter o produkter,0.0,g
919,Falafel kikärtsbiff friterad hemlagad,DPA (C22:5),Grönsaks- rotfrukts- baljväxträtter o produkter,0.0,g
919,Falafel kikärtsbiff friterad hemlagad,EPA (C20:5),Grönsaks- rotfrukts- baljväxträtter o produkter,0.0,g
919,Falafel kikärtsbiff friterad hemlagad,Arakidonsyra C20:4,Grönsaks- rotfrukts- baljväxträtter o produkter,0.0,g
919,Falafel kikärtsbiff friterad hemlagad,Arakidinsyra C20:0,Grönsaks- rotfrukts- baljväxträtter o produkter,0.0,g
919,Falafel kikärtsbiff friterad hemlagad,Linolensyra C18:3,Grönsaks- rotfrukts- baljväxträtter o produkter,0.3,g
919,Falafel kikärtsbiff friterad hemlagad,Linolsyra C18:2,Grönsaks- rotfrukts- baljväxträtter o produkter,2.3,g
919,Falafel kikärtsbiff friterad hemlagad,Oljesyra C18:1,Grönsaks- rotfrukts- baljväxträtter o produkter,2.9,g
919,Falafel kikärtsbiff friterad hemlagad,Stearinsyra C18:0,Grönsaks- rotfrukts- baljväxträtter o produkter,0.2,g
919,Falafel kikärtsbiff friterad hemlagad,Palmitoljesyra C16:1,Grönsaks- rotfrukts- baljväxträtter o produkter,0.0,g
919,Falafel kikärtsbiff friterad hemlagad,Palmitinsyra C16:0,Grönsaks- rotfrukts- baljväxträtter o produkter,0.7,g
919,Falafel kikärtsbiff friterad hemlagad,Myristinsyra C14:0,Grönsaks- rotfrukts- baljväxträtter o produkter,0.0,g
919,Falafel kikärtsbiff friterad hemlagad,Laurinsyra C12:0,Grönsaks- rotfrukts- baljväxträtter o produkter,0.0,g
919,Falafel kikärtsbiff friterad hemlagad,Betakaroten/β-Karoten,Grönsaks- rotfrukts- baljväxträtter o produkter,206.0,µg
919,Falafel kikärtsbiff friterad hemlagad,Avfall (skal etc.),Grönsaks- rotfrukts- baljväxträtter o produkter,1.0,%
919,Falafel kikärtsbiff friterad hemlagad,Aska,Grönsaks- rotfrukts- baljväxträtter o produkter,2.8,g
919,Falafel kikärtsbiff friterad hemlagad,Alkohol,Grönsaks- rotfrukts- baljväxträtter o produkter,0.0,g
920,Lamm bog rå,"Zink, Zn",Kött färskt fryst tillagat ,3.7,mg
920,Lamm bog rå,Vitamin E,Kött färskt fryst tillagat ,0.4,mg
920,Lamm bog rå,Vitamin D,Kött färskt fryst tillagat ,0.0,µg
920,Lamm bog rå,Vitamin C,Kött färskt fryst tillagat ,0.0,mg
920,Lamm bog rå,Vitamin B6,Kött färskt fryst tillagat ,0.21,mg
920,Lamm bog rå,Vitamin B12,Kött färskt fryst tillagat ,2.36,µg
920,Lamm bog rå,Vitamin A,Kött färskt fryst tillagat ,6.6,RE/µg
920,Lamm bog rå,Vatten,Kött färskt fryst tillagat ,73.1,g
920,Lamm bog rå,Tiamin,Kött färskt fryst tillagat ,0.16,mg
920,Lamm bog rå,Tillsatt socker,Kött färskt fryst tillagat ,0.0,g
920,Lamm bog rå,Fritt socker,Kött färskt fryst tillagat ,0.0,g
920,Lamm bog rå,"Selen, Se",Kött färskt fryst tillagat ,7.5,µg
920,Lamm bog rå,Sackaros,Kött färskt fryst tillagat ,0.0,g
920,Lamm bog rå,Riboflavin,Kött färskt fryst tillagat ,0.24,mg
920,Lamm bog rå,Retinol,Kött färskt fryst tillagat ,6.6,µg
920,Lamm bog rå,Protein,Kött färskt fryst tillagat ,20.1,g
920,Lamm bog rå,Summa fleromättade fettsyror,Kött färskt fryst tillagat ,0.4,g
920,Lamm bog rå,"Fosfor, P",Kött färskt fryst tillagat ,190.0,mg
920,Lamm bog rå,Niacinekvivalenter,Kött färskt fryst tillagat ,9.0,NE/mg
920,Lamm bog rå,Niacin,Kött färskt fryst tillagat ,5.34,mg
920,Lamm bog rå,"Salt, NaCl",Kött färskt fryst tillagat ,0.2,g
920,Lamm bog rå,"Natrium, Na",Kött färskt fryst tillagat ,78.0,mg
920,Lamm bog rå,Monosackarider,Kött färskt fryst tillagat ,0.0,g
920,Lamm bog rå,"Sockerarter, totalt",Kött färskt fryst tillagat ,0.0,g
920,Lamm bog rå,Summa enkelomättade fettsyror,Kött färskt fryst tillagat ,2.4,g
920,Lamm bog rå,"Magnesium, Mg",Kött färskt fryst tillagat ,23.0,mg
920,Lamm bog rå,Summa mättade fettsyror,Kött färskt fryst tillagat ,2.4,g
920,Lamm bog rå,"Kolhydrater, tillgängliga",Kött färskt fryst tillagat ,0.0,g
920,Lamm bog rå,Kolesterol,Kött färskt fryst tillagat ,63.2,mg
920,Lamm bog rå,"Kalium, K",Kött färskt fryst tillagat ,310.0,mg
920,Lamm bog rå,"Jod, I",Kött färskt fryst tillagat ,4.3,µg
920,Lamm bog rå,Fullkorn totalt,Kött färskt fryst tillagat ,0.0,g
920,Lamm bog rå,"Folat, totalt",Kött färskt fryst tillagat ,1.0,µg
920,Lamm bog rå,Fibrer,Kött färskt fryst tillagat ,0.0,g
920,Lamm bog rå,"Fett, totalt",Kött färskt fryst tillagat ,5.9,g
920,Lamm bog rå,"Järn, Fe",Kött färskt fryst tillagat ,1.4,mg
920,Lamm bog rå,Energi (kJ),Kött färskt fryst tillagat ,561.0,kJ
920,Lamm bog rå,Energi (kcal),Kött färskt fryst tillagat ,134.0,kcal
920,Lamm bog rå,Disackarider,Kött färskt fryst tillagat ,0.0,g
920,Lamm bog rå,"Kalcium, Ca",Kött färskt fryst tillagat ,5.0,mg
920,Lamm bog rå,Fettsyra 4:0-10:0,Kött färskt fryst tillagat ,0.0,g
920,Lamm bog rå,DHA (C22:6),Kött färskt fryst tillagat ,0.0,g
920,Lamm bog rå,DPA (C22:5),Kött färskt fryst tillagat ,0.0,g
920,Lamm bog rå,EPA (C20:5),Kött färskt fryst tillagat ,0.0,g
920,Lamm bog rå,Arakidonsyra C20:4,Kött färskt fryst tillagat ,0.0,g
920,Lamm bog rå,Arakidinsyra C20:0,Kött färskt fryst tillagat ,0.0,g
920,Lamm bog rå,Linolensyra C18:3,Kött färskt fryst tillagat ,0.1,g
920,Lamm bog rå,Linolsyra C18:2,Kött färskt fryst tillagat ,0.3,g
920,Lamm bog rå,Oljesyra C18:1,Kött färskt fryst tillagat ,2.2,g
920,Lamm bog rå,Stearinsyra C18:0,Kött färskt fryst tillagat ,0.8,g
920,Lamm bog rå,Palmitoljesyra C16:1,Kött färskt fryst tillagat ,0.1,g
920,Lamm bog rå,Palmitinsyra C16:0,Kött färskt fryst tillagat ,1.2,g
920,Lamm bog rå,Myristinsyra C14:0,Kött färskt fryst tillagat ,0.2,g
920,Lamm bog rå,Laurinsyra C12:0,Kött färskt fryst tillagat ,0.0,g
920,Lamm bog rå,Betakaroten/β-Karoten,Kött färskt fryst tillagat ,0.0,µg
920,Lamm bog rå,Avfall (skal etc.),Kött färskt fryst tillagat ,30.0,%
920,Lamm bog rå,Aska,Kött färskt fryst tillagat ,1.0,g
920,Lamm bog rå,Alkohol,Kött färskt fryst tillagat ,0.0,g
921,Lamm kotlett rå,"Zink, Zn",Kött färskt fryst tillagat ,2.1,mg
921,Lamm kotlett rå,Vitamin E,Kött färskt fryst tillagat ,0.4,mg
921,Lamm kotlett rå,Vitamin D,Kött färskt fryst tillagat ,0.0,µg
921,Lamm kotlett rå,Vitamin C,Kött färskt fryst tillagat ,0.0,mg
921,Lamm kotlett rå,Vitamin B6,Kött färskt fryst tillagat ,0.29,mg
921,Lamm kotlett rå,Vitamin B12,Kött färskt fryst tillagat ,0.88,µg
921,Lamm kotlett rå,Vitamin A,Kött färskt fryst tillagat ,20.2,RE/µg
921,Lamm kotlett rå,Vatten,Kött färskt fryst tillagat ,62.4,g
921,Lamm kotlett rå,Tiamin,Kött färskt fryst tillagat ,0.17,mg
921,Lamm kotlett rå,Tillsatt socker,Kött färskt fryst tillagat ,0.0,g
921,Lamm kotlett rå,Fritt socker,Kött färskt fryst tillagat ,0.0,g
921,Lamm kotlett rå,"Selen, Se",Kött färskt fryst tillagat ,4.6,µg
921,Lamm kotlett rå,Sackaros,Kött färskt fryst tillagat ,0.0,g
921,Lamm kotlett rå,Riboflavin,Kött färskt fryst tillagat ,0.21,mg
921,Lamm kotlett rå,Retinol,Kött färskt fryst tillagat ,20.2,µg
921,Lamm kotlett rå,Protein,Kött färskt fryst tillagat ,19.0,g
921,Lamm kotlett rå,Summa fleromättade fettsyror,Kött färskt fryst tillagat ,0.9,g
921,Lamm kotlett rå,"Fosfor, P",Kött färskt fryst tillagat ,170.0,mg
921,Lamm kotlett rå,Niacinekvivalenter,Kött färskt fryst tillagat ,9.4,NE/mg
921,Lamm kotlett rå,Niacin,Kött färskt fryst tillagat ,5.93,mg
921,Lamm kotlett rå,"Salt, NaCl",Kött färskt fryst tillagat ,0.2,g
921,Lamm kotlett rå,"Natrium, Na",Kött färskt fryst tillagat ,72.0,mg
921,Lamm kotlett rå,Monosackarider,Kött färskt fryst tillagat ,0.0,g
921,Lamm kotlett rå,"Sockerarter, totalt",Kött färskt fryst tillagat ,0.0,g
921,Lamm kotlett rå,Summa enkelomättade fettsyror,Kött färskt fryst tillagat ,6.7,g
921,Lamm kotlett rå,"Magnesium, Mg",Kött färskt fryst tillagat ,21.0,mg
921,Lamm kotlett rå,Summa mättade fettsyror,Kött färskt fryst tillagat ,7.9,g
921,Lamm kotlett rå,"Kolhydrater, tillgängliga",Kött färskt fryst tillagat ,0.0,g
921,Lamm kotlett rå,Kolesterol,Kött färskt fryst tillagat ,69.9,mg
921,Lamm kotlett rå,"Kalium, K",Kött färskt fryst tillagat ,260.0,mg
921,Lamm kotlett rå,"Jod, I",Kött färskt fryst tillagat ,4.6,µg
921,Lamm kotlett rå,Fullkorn totalt,Kött färskt fryst tillagat ,0.0,g
921,Lamm kotlett rå,"Folat, totalt",Kött färskt fryst tillagat ,1.0,µg
921,Lamm kotlett rå,Fibrer,Kött färskt fryst tillagat ,0.0,g
921,Lamm kotlett rå,"Fett, totalt",Kött färskt fryst tillagat ,17.3,g
921,Lamm kotlett rå,"Järn, Fe",Kött färskt fryst tillagat ,1.5,mg
921,Lamm kotlett rå,Energi (kJ),Kött färskt fryst tillagat ,963.0,kJ
921,Lamm kotlett rå,Energi (kcal),Kött färskt fryst tillagat ,230.0,kcal
921,Lamm kotlett rå,Disackarider,Kött färskt fryst tillagat ,0.0,g
921,Lamm kotlett rå,"Kalcium, Ca",Kött färskt fryst tillagat ,12.0,mg
921,Lamm kotlett rå,Fettsyra 4:0-10:0,Kött färskt fryst tillagat ,0.0,g
921,Lamm kotlett rå,DHA (C22:6),Kött färskt fryst tillagat ,0.0,g
921,Lamm kotlett rå,DPA (C22:5),Kött färskt fryst tillagat ,0.0,g
921,Lamm kotlett rå,EPA (C20:5),Kött färskt fryst tillagat ,0.0,g
921,Lamm kotlett rå,Arakidonsyra C20:4,Kött färskt fryst tillagat ,0.0,g
921,Lamm kotlett rå,Arakidinsyra C20:0,Kött färskt fryst tillagat ,0.0,g
921,Lamm kotlett rå,Linolensyra C18:3,Kött färskt fryst tillagat ,0.2,g
921,Lamm kotlett rå,Linolsyra C18:2,Kött färskt fryst tillagat ,0.6,g
921,Lamm kotlett rå,Oljesyra C18:1,Kött färskt fryst tillagat ,6.1,g
921,Lamm kotlett rå,Stearinsyra C18:0,Kött färskt fryst tillagat ,2.6,g
921,Lamm kotlett rå,Palmitoljesyra C16:1,Kött färskt fryst tillagat ,0.4,g
921,Lamm kotlett rå,Palmitinsyra C16:0,Kött färskt fryst tillagat ,3.7,g
921,Lamm kotlett rå,Myristinsyra C14:0,Kött färskt fryst tillagat ,0.7,g
921,Lamm kotlett rå,Laurinsyra C12:0,Kött färskt fryst tillagat ,0.0,g
921,Lamm kotlett rå,Betakaroten/β-Karoten,Kött färskt fryst tillagat ,0.0,µg
921,Lamm kotlett rå,Avfall (skal etc.),Kött färskt fryst tillagat ,30.0,%
921,Lamm kotlett rå,Aska,Kött färskt fryst tillagat ,0.8,g
921,Lamm kotlett rå,Alkohol,Kött färskt fryst tillagat ,0.0,g
922,Lamm lägg rå,"Zink, Zn",Kött färskt fryst tillagat ,3.4,mg
922,Lamm lägg rå,Vitamin E,Kött färskt fryst tillagat ,0.7,mg
922,Lamm lägg rå,Vitamin D,Kött färskt fryst tillagat ,0.4,µg
922,Lamm lägg rå,Vitamin C,Kött färskt fryst tillagat ,0.0,mg
922,Lamm lägg rå,Vitamin B6,Kött färskt fryst tillagat ,0.2,mg
922,Lamm lägg rå,Vitamin B12,Kött färskt fryst tillagat ,1.2,µg
922,Lamm lägg rå,Vitamin A,Kött färskt fryst tillagat ,53.6,RE/µg
922,Lamm lägg rå,Vatten,Kött färskt fryst tillagat ,70.3,g
922,Lamm lägg rå,Tiamin,Kött färskt fryst tillagat ,0.18,mg
922,Lamm lägg rå,Tillsatt socker,Kött färskt fryst tillagat ,0.0,g
922,Lamm lägg rå,Fritt socker,Kött färskt fryst tillagat ,0.0,g
922,Lamm lägg rå,"Selen, Se",Kött färskt fryst tillagat ,1.4,µg
922,Lamm lägg rå,Sackaros,Kött färskt fryst tillagat ,0.0,g
922,Lamm lägg rå,Riboflavin,Kött färskt fryst tillagat ,0.3,mg
922,Lamm lägg rå,Retinol,Kött färskt fryst tillagat ,53.0,µg
922,Lamm lägg rå,Protein,Kött färskt fryst tillagat ,24.5,g
922,Lamm lägg rå,Summa fleromättade fettsyror,Kött färskt fryst tillagat ,0.3,g
922,Lamm lägg rå,"Fosfor, P",Kött färskt fryst tillagat ,190.0,mg
922,Lamm lägg rå,Niacinekvivalenter,Kött färskt fryst tillagat ,8.79,NE/mg
922,Lamm lägg rå,Niacin,Kött färskt fryst tillagat ,4.3,mg
922,Lamm lägg rå,"Salt, NaCl",Kött färskt fryst tillagat ,0.2,g
922,Lamm lägg rå,"Natrium, Na",Kött färskt fryst tillagat ,66.0,mg
922,Lamm lägg rå,Monosackarider,Kött färskt fryst tillagat ,0.0,g
922,Lamm lägg rå,"Sockerarter, totalt",Kött färskt fryst tillagat ,0.0,g
922,Lamm lägg rå,Summa enkelomättade fettsyror,Kött färskt fryst tillagat ,1.5,g
922,Lamm lägg rå,"Magnesium, Mg",Kött färskt fryst tillagat ,17.0,mg
922,Lamm lägg rå,Summa mättade fettsyror,Kött färskt fryst tillagat ,2.0,g
922,Lamm lägg rå,"Kolhydrater, tillgängliga",Kött färskt fryst tillagat ,0.0,g
922,Lamm lägg rå,Kolesterol,Kött färskt fryst tillagat ,78.0,mg
922,Lamm lägg rå,"Kalium, K",Kött färskt fryst tillagat ,220.0,mg
922,Lamm lägg rå,"Jod, I",Kött färskt fryst tillagat ,4.5,µg
922,Lamm lägg rå,Fullkorn totalt,Kött färskt fryst tillagat ,0.0,g
922,Lamm lägg rå,"Folat, totalt",Kött färskt fryst tillagat ,2.0,µg
922,Lamm lägg rå,Fibrer,Kött färskt fryst tillagat ,0.0,g
922,Lamm lägg rå,"Fett, totalt",Kött färskt fryst tillagat ,4.2,g
922,Lamm lägg rå,"Järn, Fe",Kött färskt fryst tillagat ,1.5,mg
922,Lamm lägg rå,Energi (kJ),Kött färskt fryst tillagat ,572.0,kJ
922,Lamm lägg rå,Energi (kcal),Kött färskt fryst tillagat ,137.0,kcal
922,Lamm lägg rå,Disackarider,Kött färskt fryst tillagat ,0.0,g
922,Lamm lägg rå,"Kalcium, Ca",Kött färskt fryst tillagat ,20.0,mg
922,Lamm lägg rå,Fettsyra 4:0-10:0,Kött färskt fryst tillagat ,0.0,g
922,Lamm lägg rå,DHA (C22:6),Kött färskt fryst tillagat ,0.0,g
922,Lamm lägg rå,DPA (C22:5),Kött färskt fryst tillagat ,0.0,g
922,Lamm lägg rå,EPA (C20:5),Kött färskt fryst tillagat ,0.0,g
922,Lamm lägg rå,Arakidonsyra C20:4,Kött färskt fryst tillagat ,0.0,g
922,Lamm lägg rå,Arakidinsyra C20:0,Kött färskt fryst tillagat ,0.1,g
922,Lamm lägg rå,Linolensyra C18:3,Kött färskt fryst tillagat ,0.0,g
922,Lamm lägg rå,Linolsyra C18:2,Kött färskt fryst tillagat ,0.2,g
922,Lamm lägg rå,Oljesyra C18:1,Kött färskt fryst tillagat ,1.3,g
922,Lamm lägg rå,Stearinsyra C18:0,Kött färskt fryst tillagat ,0.7,g
922,Lamm lägg rå,Palmitoljesyra C16:1,Kött färskt fryst tillagat ,0.1,g
922,Lamm lägg rå,Palmitinsyra C16:0,Kött färskt fryst tillagat ,0.9,g
922,Lamm lägg rå,Myristinsyra C14:0,Kött färskt fryst tillagat ,0.2,g
922,Lamm lägg rå,Laurinsyra C12:0,Kött färskt fryst tillagat ,0.0,g
922,Lamm lägg rå,Betakaroten/β-Karoten,Kött färskt fryst tillagat ,7.0,µg
922,Lamm lägg rå,Avfall (skal etc.),Kött färskt fryst tillagat ,53.0,%
922,Lamm lägg rå,Aska,Kött färskt fryst tillagat ,1.0,g
922,Lamm lägg rå,Alkohol,Kött färskt fryst tillagat ,0.0,g
923,Lamm rygg el. hals rå,"Zink, Zn",Kött färskt fryst tillagat ,3.4,mg
923,Lamm rygg el. hals rå,Vitamin E,Kött färskt fryst tillagat ,0.7,mg
923,Lamm rygg el. hals rå,Vitamin D,Kött färskt fryst tillagat ,0.4,µg
923,Lamm rygg el. hals rå,Vitamin C,Kött färskt fryst tillagat ,0.0,mg
923,Lamm rygg el. hals rå,Vitamin B6,Kött färskt fryst tillagat ,0.2,mg
923,Lamm rygg el. hals rå,Vitamin B12,Kött färskt fryst tillagat ,1.2,µg
923,Lamm rygg el. hals rå,Vitamin A,Kött färskt fryst tillagat ,53.6,RE/µg
923,Lamm rygg el. hals rå,Vatten,Kött färskt fryst tillagat ,69.5,g
923,Lamm rygg el. hals rå,Tiamin,Kött färskt fryst tillagat ,0.18,mg
923,Lamm rygg el. hals rå,Tillsatt socker,Kött färskt fryst tillagat ,0.0,g
923,Lamm rygg el. hals rå,Fritt socker,Kött färskt fryst tillagat ,0.0,g
923,Lamm rygg el. hals rå,"Selen, Se",Kött färskt fryst tillagat ,1.4,µg
923,Lamm rygg el. hals rå,Sackaros,Kött färskt fryst tillagat ,0.0,g
923,Lamm rygg el. hals rå,Riboflavin,Kött färskt fryst tillagat ,0.3,mg
923,Lamm rygg el. hals rå,Retinol,Kött färskt fryst tillagat ,53.0,µg
923,Lamm rygg el. hals rå,Protein,Kött färskt fryst tillagat ,17.6,g
923,Lamm rygg el. hals rå,Summa fleromättade fettsyror,Kött färskt fryst tillagat ,0.9,g
923,Lamm rygg el. hals rå,"Fosfor, P",Kött färskt fryst tillagat ,173.0,mg
923,Lamm rygg el. hals rå,Niacinekvivalenter,Kött färskt fryst tillagat ,7.53,NE/mg
923,Lamm rygg el. hals rå,Niacin,Kött färskt fryst tillagat ,4.3,mg
923,Lamm rygg el. hals rå,"Salt, NaCl",Kött färskt fryst tillagat ,0.2,g
923,Lamm rygg el. hals rå,"Natrium, Na",Kött färskt fryst tillagat ,66.0,mg
923,Lamm rygg el. hals rå,Monosackarider,Kött färskt fryst tillagat ,0.0,g
923,Lamm rygg el. hals rå,"Sockerarter, totalt",Kött färskt fryst tillagat ,0.0,g
923,Lamm rygg el. hals rå,Summa enkelomättade fettsyror,Kött färskt fryst tillagat ,4.5,g
923,Lamm rygg el. hals rå,"Magnesium, Mg",Kött färskt fryst tillagat ,17.0,mg
923,Lamm rygg el. hals rå,Summa mättade fettsyror,Kött färskt fryst tillagat ,6.0,g
923,Lamm rygg el. hals rå,"Kolhydrater, tillgängliga",Kött färskt fryst tillagat ,0.0,g
923,Lamm rygg el. hals rå,Kolesterol,Kött färskt fryst tillagat ,78.0,mg
923,Lamm rygg el. hals rå,"Kalium, K",Kött färskt fryst tillagat ,220.0,mg
923,Lamm rygg el. hals rå,"Jod, I",Kött färskt fryst tillagat ,4.6,µg
923,Lamm rygg el. hals rå,Fullkorn totalt,Kött färskt fryst tillagat ,0.0,g
923,Lamm rygg el. hals rå,"Folat, totalt",Kött färskt fryst tillagat ,5.0,µg
923,Lamm rygg el. hals rå,Fibrer,Kött färskt fryst tillagat ,0.0,g
923,Lamm rygg el. hals rå,"Fett, totalt",Kött färskt fryst tillagat ,11.9,g
923,Lamm rygg el. hals rå,"Järn, Fe",Kött färskt fryst tillagat ,1.5,mg
923,Lamm rygg el. hals rå,Energi (kJ),Kött färskt fryst tillagat ,740.0,kJ
923,Lamm rygg el. hals rå,Energi (kcal),Kött färskt fryst tillagat ,177.0,kcal
923,Lamm rygg el. hals rå,Disackarider,Kött färskt fryst tillagat ,0.0,g
923,Lamm rygg el. hals rå,"Kalcium, Ca",Kött färskt fryst tillagat ,18.0,mg
923,Lamm rygg el. hals rå,Fettsyra 4:0-10:0,Kött färskt fryst tillagat ,0.0,g
923,Lamm rygg el. hals rå,DHA (C22:6),Kött färskt fryst tillagat ,0.0,g
923,Lamm rygg el. hals rå,DPA (C22:5),Kött färskt fryst tillagat ,0.0,g
923,Lamm rygg el. hals rå,EPA (C20:5),Kött färskt fryst tillagat ,0.0,g
923,Lamm rygg el. hals rå,Arakidonsyra C20:4,Kött färskt fryst tillagat ,0.0,g
923,Lamm rygg el. hals rå,Arakidinsyra C20:0,Kött färskt fryst tillagat ,0.2,g
923,Lamm rygg el. hals rå,Linolensyra C18:3,Kött färskt fryst tillagat ,0.1,g
923,Lamm rygg el. hals rå,Linolsyra C18:2,Kött färskt fryst tillagat ,0.5,g
923,Lamm rygg el. hals rå,Oljesyra C18:1,Kött färskt fryst tillagat ,4.0,g
923,Lamm rygg el. hals rå,Stearinsyra C18:0,Kött färskt fryst tillagat ,2.0,g
923,Lamm rygg el. hals rå,Palmitoljesyra C16:1,Kött färskt fryst tillagat ,0.4,g
923,Lamm rygg el. hals rå,Palmitinsyra C16:0,Kött färskt fryst tillagat ,2.6,g
923,Lamm rygg el. hals rå,Myristinsyra C14:0,Kött färskt fryst tillagat ,0.8,g
923,Lamm rygg el. hals rå,Laurinsyra C12:0,Kött färskt fryst tillagat ,0.1,g
923,Lamm rygg el. hals rå,Betakaroten/β-Karoten,Kött färskt fryst tillagat ,7.0,µg
923,Lamm rygg el. hals rå,Avfall (skal etc.),Kött färskt fryst tillagat ,32.0,%
923,Lamm rygg el. hals rå,Aska,Kött färskt fryst tillagat ,1.0,g
923,Lamm rygg el. hals rå,Alkohol,Kött färskt fryst tillagat ,0.0,g
924,Lamm stek rå,"Zink, Zn",Kött färskt fryst tillagat ,3.5,mg
924,Lamm stek rå,Vitamin E,Kött färskt fryst tillagat ,0.3,mg
924,Lamm stek rå,Vitamin D,Kött färskt fryst tillagat ,0.0,µg
924,Lamm stek rå,Vitamin C,Kött färskt fryst tillagat ,0.0,mg
924,Lamm stek rå,Vitamin B6,Kött färskt fryst tillagat ,0.34,mg
924,Lamm stek rå,Vitamin B12,Kött färskt fryst tillagat ,1.57,µg
924,Lamm stek rå,Vitamin A,Kött färskt fryst tillagat ,3.9,RE/µg
924,Lamm stek rå,Vatten,Kött färskt fryst tillagat ,74.5,g
924,Lamm stek rå,Tiamin,Kött färskt fryst tillagat ,0.21,mg
924,Lamm stek rå,Tillsatt socker,Kött färskt fryst tillagat ,0.0,g
924,Lamm stek rå,Fritt socker,Kött färskt fryst tillagat ,0.0,g
924,Lamm stek rå,"Selen, Se",Kött färskt fryst tillagat ,9.6,µg
924,Lamm stek rå,Sackaros,Kött färskt fryst tillagat ,0.0,g
924,Lamm stek rå,Riboflavin,Kött färskt fryst tillagat ,0.28,mg
924,Lamm stek rå,Retinol,Kött färskt fryst tillagat ,3.9,µg
924,Lamm stek rå,Protein,Kött färskt fryst tillagat ,20.9,g
924,Lamm stek rå,Summa fleromättade fettsyror,Kött färskt fryst tillagat ,0.3,g
924,Lamm stek rå,"Fosfor, P",Kött färskt fryst tillagat ,220.0,mg
924,Lamm stek rå,Niacinekvivalenter,Kött färskt fryst tillagat ,11.1,NE/mg
924,Lamm stek rå,Niacin,Kött färskt fryst tillagat ,7.31,mg
924,Lamm stek rå,"Salt, NaCl",Kött färskt fryst tillagat ,0.2,g
924,Lamm stek rå,"Natrium, Na",Kött färskt fryst tillagat ,68.0,mg
924,Lamm stek rå,Monosackarider,Kött färskt fryst tillagat ,0.0,g
924,Lamm stek rå,"Sockerarter, totalt",Kött färskt fryst tillagat ,0.0,g
924,Lamm stek rå,Summa enkelomättade fettsyror,Kött färskt fryst tillagat ,1.0,g
924,Lamm stek rå,"Magnesium, Mg",Kött färskt fryst tillagat ,27.0,mg
924,Lamm stek rå,Summa mättade fettsyror,Kött färskt fryst tillagat ,1.0,g
924,Lamm stek rå,"Kolhydrater, tillgängliga",Kött färskt fryst tillagat ,0.0,g
924,Lamm stek rå,Kolesterol,Kött färskt fryst tillagat ,61.9,mg
924,Lamm stek rå,"Kalium, K",Kött färskt fryst tillagat ,350.0,mg
924,Lamm stek rå,"Jod, I",Kött färskt fryst tillagat ,4.6,µg
924,Lamm stek rå,Fullkorn totalt,Kött färskt fryst tillagat ,0.0,g
924,Lamm stek rå,"Folat, totalt",Kött färskt fryst tillagat ,1.0,µg
924,Lamm stek rå,Fibrer,Kött färskt fryst tillagat ,0.0,g
924,Lamm stek rå,"Fett, totalt",Kött färskt fryst tillagat ,2.6,g
924,Lamm stek rå,"Järn, Fe",Kött färskt fryst tillagat ,2.1,mg
924,Lamm stek rå,Energi (kJ),Kött färskt fryst tillagat ,452.0,kJ
924,Lamm stek rå,Energi (kcal),Kött färskt fryst tillagat ,108.0,kcal
924,Lamm stek rå,Disackarider,Kött färskt fryst tillagat ,0.0,g
924,Lamm stek rå,"Kalcium, Ca",Kött färskt fryst tillagat ,4.0,mg
924,Lamm stek rå,Fettsyra 4:0-10:0,Kött färskt fryst tillagat ,0.0,g
924,Lamm stek rå,DHA (C22:6),Kött färskt fryst tillagat ,0.0,g
924,Lamm stek rå,DPA (C22:5),Kött färskt fryst tillagat ,0.0,g
924,Lamm stek rå,EPA (C20:5),Kött färskt fryst tillagat ,0.0,g
924,Lamm stek rå,Arakidonsyra C20:4,Kött färskt fryst tillagat ,0.0,g
924,Lamm stek rå,Arakidinsyra C20:0,Kött färskt fryst tillagat ,0.0,g
924,Lamm stek rå,Linolensyra C18:3,Kött färskt fryst tillagat ,0.0,g
924,Lamm stek rå,Linolsyra C18:2,Kött färskt fryst tillagat ,0.2,g
924,Lamm stek rå,Oljesyra C18:1,Kött färskt fryst tillagat ,0.9,g
924,Lamm stek rå,Stearinsyra C18:0,Kött färskt fryst tillagat ,0.3,g
924,Lamm stek rå,Palmitoljesyra C16:1,Kött färskt fryst tillagat ,0.0,g
924,Lamm stek rå,Palmitinsyra C16:0,Kött färskt fryst tillagat ,0.5,g
924,Lamm stek rå,Myristinsyra C14:0,Kött färskt fryst tillagat ,0.1,g
924,Lamm stek rå,Laurinsyra C12:0,Kött färskt fryst tillagat ,0.0,g
924,Lamm stek rå,Betakaroten/β-Karoten,Kött färskt fryst tillagat ,0.0,µg
924,Lamm stek rå,Avfall (skal etc.),Kött färskt fryst tillagat ,26.0,%
924,Lamm stek rå,Aska,Kött färskt fryst tillagat ,1.1,g
924,Lamm stek rå,Alkohol,Kött färskt fryst tillagat ,0.0,g
925,Lamm färs rå fett 20%,"Zink, Zn",Kött färskt fryst tillagat ,3.7,mg
925,Lamm färs rå fett 20%,Vitamin E,Kött färskt fryst tillagat ,0.6,mg
925,Lamm färs rå fett 20%,Vitamin D,Kött färskt fryst tillagat ,0.0,µg
925,Lamm färs rå fett 20%,Vitamin C,Kött färskt fryst tillagat ,0.0,mg
925,Lamm färs rå fett 20%,Vitamin B6,Kött färskt fryst tillagat ,0.18,mg
925,Lamm färs rå fett 20%,Vitamin B12,Kött färskt fryst tillagat ,1.56,µg
925,Lamm färs rå fett 20%,Vitamin A,Kött färskt fryst tillagat ,24.8,RE/µg
925,Lamm färs rå fett 20%,Vatten,Kött färskt fryst tillagat ,61.6,g
925,Lamm färs rå fett 20%,Tiamin,Kött färskt fryst tillagat ,0.12,mg
925,Lamm färs rå fett 20%,Tillsatt socker,Kött färskt fryst tillagat ,0.0,g
925,Lamm färs rå fett 20%,Fritt socker,Kött färskt fryst tillagat ,0.0,g
925,Lamm färs rå fett 20%,"Selen, Se",Kött färskt fryst tillagat ,8.6,µg
925,Lamm färs rå fett 20%,Sackaros,Kött färskt fryst tillagat ,0.0,g
925,Lamm färs rå fett 20%,Riboflavin,Kött färskt fryst tillagat ,0.18,mg
925,Lamm färs rå fett 20%,Retinol,Kött färskt fryst tillagat ,24.8,µg
925,Lamm färs rå fett 20%,Protein,Kött färskt fryst tillagat ,17.4,g
925,Lamm färs rå fett 20%,Summa fleromättade fettsyror,Kött färskt fryst tillagat ,1.1,g
925,Lamm färs rå fett 20%,"Fosfor, P",Kött färskt fryst tillagat ,150.0,mg
925,Lamm färs rå fett 20%,Niacinekvivalenter,Kött färskt fryst tillagat ,7.8,NE/mg
925,Lamm färs rå fett 20%,Niacin,Kött färskt fryst tillagat ,4.66,mg
925,Lamm färs rå fett 20%,"Salt, NaCl",Kött färskt fryst tillagat ,0.2,g
925,Lamm färs rå fett 20%,"Natrium, Na",Kött färskt fryst tillagat ,82.0,mg
925,Lamm färs rå fett 20%,Monosackarider,Kött färskt fryst tillagat ,0.0,g
925,Lamm färs rå fett 20%,"Sockerarter, totalt",Kött färskt fryst tillagat ,0.0,g
925,Lamm färs rå fett 20%,Summa enkelomättade fettsyror,Kött färskt fryst tillagat ,7.4,g
925,Lamm färs rå fett 20%,"Magnesium, Mg",Kött färskt fryst tillagat ,18.0,mg
925,Lamm färs rå fett 20%,Summa mättade fettsyror,Kött färskt fryst tillagat ,9.2,g
925,Lamm färs rå fett 20%,"Kolhydrater, tillgängliga",Kött färskt fryst tillagat ,0.0,g
925,Lamm färs rå fett 20%,Kolesterol,Kött färskt fryst tillagat ,69.7,mg
925,Lamm färs rå fett 20%,"Kalium, K",Kött färskt fryst tillagat ,250.0,mg
925,Lamm färs rå fett 20%,"Jod, I",Kött färskt fryst tillagat ,5.5,µg
925,Lamm färs rå fett 20%,Fullkorn totalt,Kött färskt fryst tillagat ,0.0,g
925,Lamm färs rå fett 20%,"Folat, totalt",Kött färskt fryst tillagat ,1.1,µg
925,Lamm färs rå fett 20%,Fibrer,Kött färskt fryst tillagat ,0.0,g
925,Lamm färs rå fett 20%,"Fett, totalt",Kött färskt fryst tillagat ,19.7,g
925,Lamm färs rå fett 20%,"Järn, Fe",Kött färskt fryst tillagat ,1.7,mg
925,Lamm färs rå fett 20%,Energi (kJ),Kött färskt fryst tillagat ,1025.0,kJ
925,Lamm färs rå fett 20%,Energi (kcal),Kött färskt fryst tillagat ,245.0,kcal
925,Lamm färs rå fett 20%,Disackarider,Kött färskt fryst tillagat ,0.0,g
925,Lamm färs rå fett 20%,"Kalcium, Ca",Kött färskt fryst tillagat ,12.0,mg
925,Lamm färs rå fett 20%,Fettsyra 4:0-10:0,Kött färskt fryst tillagat ,0.0,g
925,Lamm färs rå fett 20%,DHA (C22:6),Kött färskt fryst tillagat ,0.0,g
925,Lamm färs rå fett 20%,DPA (C22:5),Kött färskt fryst tillagat ,0.0,g
925,Lamm färs rå fett 20%,EPA (C20:5),Kött färskt fryst tillagat ,0.0,g
925,Lamm färs rå fett 20%,Arakidonsyra C20:4,Kött färskt fryst tillagat ,0.0,g
925,Lamm färs rå fett 20%,Arakidinsyra C20:0,Kött färskt fryst tillagat ,0.0,g
925,Lamm färs rå fett 20%,Linolensyra C18:3,Kött färskt fryst tillagat ,0.2,g
925,Lamm färs rå fett 20%,Linolsyra C18:2,Kött färskt fryst tillagat ,0.8,g
925,Lamm färs rå fett 20%,Oljesyra C18:1,Kött färskt fryst tillagat ,6.8,g
925,Lamm färs rå fett 20%,Stearinsyra C18:0,Kött färskt fryst tillagat ,3.8,g
925,Lamm färs rå fett 20%,Palmitoljesyra C16:1,Kött färskt fryst tillagat ,0.4,g
925,Lamm färs rå fett 20%,Palmitinsyra C16:0,Kött färskt fryst tillagat ,3.9,g
925,Lamm färs rå fett 20%,Myristinsyra C14:0,Kött färskt fryst tillagat ,0.6,g
925,Lamm färs rå fett 20%,Laurinsyra C12:0,Kött färskt fryst tillagat ,0.0,g
925,Lamm färs rå fett 20%,Betakaroten/β-Karoten,Kött färskt fryst tillagat ,0.0,µg
925,Lamm färs rå fett 20%,Avfall (skal etc.),Kött färskt fryst tillagat ,0.0,%
925,Lamm färs rå fett 20%,Aska,Kött färskt fryst tillagat ,0.8,g
925,Lamm färs rå fett 20%,Alkohol,Kött färskt fryst tillagat ,0.0,g
926,Lamm tunnbringa rå,"Zink, Zn",Kött färskt fryst tillagat ,3.4,mg
926,Lamm tunnbringa rå,Vitamin E,Kött färskt fryst tillagat ,0.7,mg
926,Lamm tunnbringa rå,Vitamin D,Kött färskt fryst tillagat ,0.4,µg
926,Lamm tunnbringa rå,Vitamin C,Kött färskt fryst tillagat ,0.0,mg
926,Lamm tunnbringa rå,Vitamin B6,Kött färskt fryst tillagat ,0.2,mg
926,Lamm tunnbringa rå,Vitamin B12,Kött färskt fryst tillagat ,1.2,µg
926,Lamm tunnbringa rå,Vitamin A,Kött färskt fryst tillagat ,53.6,RE/µg
926,Lamm tunnbringa rå,Vatten,Kött färskt fryst tillagat ,68.6,g
926,Lamm tunnbringa rå,Tiamin,Kött färskt fryst tillagat ,0.18,mg
926,Lamm tunnbringa rå,Tillsatt socker,Kött färskt fryst tillagat ,0.0,g
926,Lamm tunnbringa rå,Fritt socker,Kött färskt fryst tillagat ,0.0,g
926,Lamm tunnbringa rå,"Selen, Se",Kött färskt fryst tillagat ,1.4,µg
926,Lamm tunnbringa rå,Sackaros,Kött färskt fryst tillagat ,0.0,g
926,Lamm tunnbringa rå,Riboflavin,Kött färskt fryst tillagat ,0.3,mg
926,Lamm tunnbringa rå,Retinol,Kött färskt fryst tillagat ,53.0,µg
926,Lamm tunnbringa rå,Protein,Kött färskt fryst tillagat ,17.8,g
926,Lamm tunnbringa rå,Summa fleromättade fettsyror,Kött färskt fryst tillagat ,1.0,g
926,Lamm tunnbringa rå,"Fosfor, P",Kött färskt fryst tillagat ,166.0,mg
926,Lamm tunnbringa rå,Niacinekvivalenter,Kött färskt fryst tillagat ,7.56,NE/mg
926,Lamm tunnbringa rå,Niacin,Kött färskt fryst tillagat ,4.3,mg
926,Lamm tunnbringa rå,"Salt, NaCl",Kött färskt fryst tillagat ,0.2,g
926,Lamm tunnbringa rå,"Natrium, Na",Kött färskt fryst tillagat ,66.0,mg
926,Lamm tunnbringa rå,Monosackarider,Kött färskt fryst tillagat ,0.0,g
926,Lamm tunnbringa rå,"Sockerarter, totalt",Kött färskt fryst tillagat ,0.0,g
926,Lamm tunnbringa rå,Summa enkelomättade fettsyror,Kött färskt fryst tillagat ,4.7,g
926,Lamm tunnbringa rå,"Magnesium, Mg",Kött färskt fryst tillagat ,17.0,mg
926,Lamm tunnbringa rå,Summa mättade fettsyror,Kött färskt fryst tillagat ,6.3,g
926,Lamm tunnbringa rå,"Kolhydrater, tillgängliga",Kött färskt fryst tillagat ,0.0,g
926,Lamm tunnbringa rå,Kolesterol,Kött färskt fryst tillagat ,78.0,mg
926,Lamm tunnbringa rå,"Kalium, K",Kött färskt fryst tillagat ,220.0,mg
926,Lamm tunnbringa rå,"Jod, I",Kött färskt fryst tillagat ,4.5,µg
926,Lamm tunnbringa rå,Fullkorn totalt,Kött färskt fryst tillagat ,0.0,g
926,Lamm tunnbringa rå,"Folat, totalt",Kött färskt fryst tillagat ,5.0,µg
926,Lamm tunnbringa rå,Fibrer,Kött färskt fryst tillagat ,0.0,g
926,Lamm tunnbringa rå,"Fett, totalt",Kött färskt fryst tillagat ,12.6,g
926,Lamm tunnbringa rå,"Järn, Fe",Kött färskt fryst tillagat ,1.6,mg
926,Lamm tunnbringa rå,Energi (kJ),Kött färskt fryst tillagat ,769.0,kJ
926,Lamm tunnbringa rå,Energi (kcal),Kött färskt fryst tillagat ,184.0,kcal
926,Lamm tunnbringa rå,Disackarider,Kött färskt fryst tillagat ,0.0,g
926,Lamm tunnbringa rå,"Kalcium, Ca",Kött färskt fryst tillagat ,15.0,mg
926,Lamm tunnbringa rå,Fettsyra 4:0-10:0,Kött färskt fryst tillagat ,0.0,g
926,Lamm tunnbringa rå,DHA (C22:6),Kött färskt fryst tillagat ,0.0,g
926,Lamm tunnbringa rå,DPA (C22:5),Kött färskt fryst tillagat ,0.0,g
926,Lamm tunnbringa rå,EPA (C20:5),Kött färskt fryst tillagat ,0.0,g
926,Lamm tunnbringa rå,Arakidonsyra C20:4,Kött färskt fryst tillagat ,0.0,g
926,Lamm tunnbringa rå,Arakidinsyra C20:0,Kött färskt fryst tillagat ,0.2,g
926,Lamm tunnbringa rå,Linolensyra C18:3,Kött färskt fryst tillagat ,0.1,g
926,Lamm tunnbringa rå,Linolsyra C18:2,Kött färskt fryst tillagat ,0.5,g
926,Lamm tunnbringa rå,Oljesyra C18:1,Kött färskt fryst tillagat ,4.2,g
926,Lamm tunnbringa rå,Stearinsyra C18:0,Kött färskt fryst tillagat ,2.1,g
926,Lamm tunnbringa rå,Palmitoljesyra C16:1,Kött färskt fryst tillagat ,0.4,g
926,Lamm tunnbringa rå,Palmitinsyra C16:0,Kött färskt fryst tillagat ,2.8,g
926,Lamm tunnbringa rå,Myristinsyra C14:0,Kött färskt fryst tillagat ,0.8,g
926,Lamm tunnbringa rå,Laurinsyra C12:0,Kött färskt fryst tillagat ,0.1,g
926,Lamm tunnbringa rå,Betakaroten/β-Karoten,Kött färskt fryst tillagat ,7.0,µg
926,Lamm tunnbringa rå,Avfall (skal etc.),Kött färskt fryst tillagat ,29.0,%
926,Lamm tunnbringa rå,Aska,Kött färskt fryst tillagat ,1.0,g
926,Lamm tunnbringa rå,Alkohol,Kött färskt fryst tillagat ,0.0,g
927,Lamm kotlett rå fett bortskuret,"Zink, Zn",Kött färskt fryst tillagat ,3.4,mg
927,Lamm kotlett rå fett bortskuret,Vitamin E,Kött färskt fryst tillagat ,0.7,mg
927,Lamm kotlett rå fett bortskuret,Vitamin D,Kött färskt fryst tillagat ,0.4,µg
927,Lamm kotlett rå fett bortskuret,Vitamin C,Kött färskt fryst tillagat ,0.0,mg
927,Lamm kotlett rå fett bortskuret,Vitamin B6,Kött färskt fryst tillagat ,0.2,mg
927,Lamm kotlett rå fett bortskuret,Vitamin B12,Kött färskt fryst tillagat ,1.2,µg
927,Lamm kotlett rå fett bortskuret,Vitamin A,Kött färskt fryst tillagat ,53.6,RE/µg
927,Lamm kotlett rå fett bortskuret,Vatten,Kött färskt fryst tillagat ,76.5,g
927,Lamm kotlett rå fett bortskuret,Tiamin,Kött färskt fryst tillagat ,0.16,mg
927,Lamm kotlett rå fett bortskuret,Tillsatt socker,Kött färskt fryst tillagat ,0.0,g
927,Lamm kotlett rå fett bortskuret,Fritt socker,Kött färskt fryst tillagat ,0.0,g
927,Lamm kotlett rå fett bortskuret,"Selen, Se",Kött färskt fryst tillagat ,1.4,µg
927,Lamm kotlett rå fett bortskuret,Sackaros,Kött färskt fryst tillagat ,0.0,g
927,Lamm kotlett rå fett bortskuret,Riboflavin,Kött färskt fryst tillagat ,0.24,mg
927,Lamm kotlett rå fett bortskuret,Retinol,Kött färskt fryst tillagat ,53.0,µg
927,Lamm kotlett rå fett bortskuret,Protein,Kött färskt fryst tillagat ,20.0,g
927,Lamm kotlett rå fett bortskuret,Summa fleromättade fettsyror,Kött färskt fryst tillagat ,0.2,g
927,Lamm kotlett rå fett bortskuret,"Fosfor, P",Kött färskt fryst tillagat ,180.0,mg
927,Lamm kotlett rå fett bortskuret,Niacinekvivalenter,Kött färskt fryst tillagat ,10.07,NE/mg
927,Lamm kotlett rå fett bortskuret,Niacin,Kött färskt fryst tillagat ,6.4,mg
927,Lamm kotlett rå fett bortskuret,"Salt, NaCl",Kött färskt fryst tillagat ,0.2,g
927,Lamm kotlett rå fett bortskuret,"Natrium, Na",Kött färskt fryst tillagat ,66.0,mg
927,Lamm kotlett rå fett bortskuret,Monosackarider,Kött färskt fryst tillagat ,0.0,g
927,Lamm kotlett rå fett bortskuret,"Sockerarter, totalt",Kött färskt fryst tillagat ,0.0,g
927,Lamm kotlett rå fett bortskuret,Summa enkelomättade fettsyror,Kött färskt fryst tillagat ,0.9,g
927,Lamm kotlett rå fett bortskuret,"Magnesium, Mg",Kött färskt fryst tillagat ,17.0,mg
927,Lamm kotlett rå fett bortskuret,Summa mättade fettsyror,Kött färskt fryst tillagat ,1.2,g
927,Lamm kotlett rå fett bortskuret,"Kolhydrater, tillgängliga",Kött färskt fryst tillagat ,0.0,g
927,Lamm kotlett rå fett bortskuret,Kolesterol,Kött färskt fryst tillagat ,78.0,mg
927,Lamm kotlett rå fett bortskuret,"Kalium, K",Kött färskt fryst tillagat ,220.0,mg
927,Lamm kotlett rå fett bortskuret,"Jod, I",Kött färskt fryst tillagat ,4.6,µg
927,Lamm kotlett rå fett bortskuret,Fullkorn totalt,Kött färskt fryst tillagat ,0.0,g
927,Lamm kotlett rå fett bortskuret,"Folat, totalt",Kött färskt fryst tillagat ,2.0,µg
927,Lamm kotlett rå fett bortskuret,Fibrer,Kött färskt fryst tillagat ,0.0,g
927,Lamm kotlett rå fett bortskuret,"Fett, totalt",Kött färskt fryst tillagat ,2.5,g
927,Lamm kotlett rå fett bortskuret,"Järn, Fe",Kött färskt fryst tillagat ,1.6,mg
927,Lamm kotlett rå fett bortskuret,Energi (kJ),Kött färskt fryst tillagat ,432.0,kJ
927,Lamm kotlett rå fett bortskuret,Energi (kcal),Kött färskt fryst tillagat ,103.0,kcal
927,Lamm kotlett rå fett bortskuret,Disackarider,Kött färskt fryst tillagat ,0.0,g
927,Lamm kotlett rå fett bortskuret,"Kalcium, Ca",Kött färskt fryst tillagat ,15.0,mg
927,Lamm kotlett rå fett bortskuret,Fettsyra 4:0-10:0,Kött färskt fryst tillagat ,0.0,g
927,Lamm kotlett rå fett bortskuret,DHA (C22:6),Kött färskt fryst tillagat ,0.0,g
927,Lamm kotlett rå fett bortskuret,DPA (C22:5),Kött färskt fryst tillagat ,0.0,g
927,Lamm kotlett rå fett bortskuret,EPA (C20:5),Kött färskt fryst tillagat ,0.0,g
927,Lamm kotlett rå fett bortskuret,Arakidonsyra C20:4,Kött färskt fryst tillagat ,0.0,g
927,Lamm kotlett rå fett bortskuret,Arakidinsyra C20:0,Kött färskt fryst tillagat ,0.0,g
927,Lamm kotlett rå fett bortskuret,Linolensyra C18:3,Kött färskt fryst tillagat ,0.0,g
927,Lamm kotlett rå fett bortskuret,Linolsyra C18:2,Kött färskt fryst tillagat ,0.1,g
927,Lamm kotlett rå fett bortskuret,Oljesyra C18:1,Kött färskt fryst tillagat ,0.8,g
927,Lamm kotlett rå fett bortskuret,Stearinsyra C18:0,Kött färskt fryst tillagat ,0.4,g
927,Lamm kotlett rå fett bortskuret,Palmitoljesyra C16:1,Kött färskt fryst tillagat ,0.1,g
927,Lamm kotlett rå fett bortskuret,Palmitinsyra C16:0,Kött färskt fryst tillagat ,0.5,g
927,Lamm kotlett rå fett bortskuret,Myristinsyra C14:0,Kött färskt fryst tillagat ,0.2,g
927,Lamm kotlett rå fett bortskuret,Laurinsyra C12:0,Kött färskt fryst tillagat ,0.0,g
927,Lamm kotlett rå fett bortskuret,Betakaroten/β-Karoten,Kött färskt fryst tillagat ,7.0,µg
927,Lamm kotlett rå fett bortskuret,Avfall (skal etc.),Kött färskt fryst tillagat ,59.0,%
927,Lamm kotlett rå fett bortskuret,Aska,Kött färskt fryst tillagat ,1.0,g
927,Lamm kotlett rå fett bortskuret,Alkohol,Kött färskt fryst tillagat ,0.0,g
928,Hare kött rå,"Zink, Zn",Kött färskt fryst tillagat ,1.0,mg
928,Hare kött rå,Vitamin E,Kött färskt fryst tillagat ,0.1,mg
928,Hare kött rå,Vitamin D,Kött färskt fryst tillagat ,0.37,µg
928,Hare kött rå,Vitamin C,Kött färskt fryst tillagat ,0.0,mg
928,Hare kött rå,Vitamin B6,Kött färskt fryst tillagat ,0.3,mg
928,Hare kött rå,Vitamin B12,Kött färskt fryst tillagat ,1.0,µg
928,Hare kött rå,Vitamin A,Kött färskt fryst tillagat ,5.0,RE/µg
928,Hare kött rå,Vatten,Kött färskt fryst tillagat ,74.8,g
928,Hare kött rå,Tiamin,Kött färskt fryst tillagat ,0.28,mg
928,Hare kött rå,Tillsatt socker,Kött färskt fryst tillagat ,0.0,g
928,Hare kött rå,Fritt socker,Kött färskt fryst tillagat ,0.0,g
928,Hare kött rå,"Selen, Se",Kött färskt fryst tillagat ,10.0,µg
928,Hare kött rå,Sackaros,Kött färskt fryst tillagat ,0.0,g
928,Hare kött rå,Riboflavin,Kött färskt fryst tillagat ,0.5,mg
928,Hare kött rå,Retinol,Kött färskt fryst tillagat ,5.0,µg
928,Hare kött rå,Protein,Kött färskt fryst tillagat ,21.5,g
928,Hare kött rå,Summa fleromättade fettsyror,Kött färskt fryst tillagat ,1.0,g
928,Hare kött rå,"Fosfor, P",Kött färskt fryst tillagat ,220.0,mg
928,Hare kött rå,Niacinekvivalenter,Kött färskt fryst tillagat ,8.34,NE/mg
928,Hare kött rå,Niacin,Kött färskt fryst tillagat ,4.4,mg
928,Hare kött rå,"Salt, NaCl",Kött färskt fryst tillagat ,0.2,g
928,Hare kött rå,"Natrium, Na",Kött färskt fryst tillagat ,77.0,mg
928,Hare kött rå,Monosackarider,Kött färskt fryst tillagat ,0.0,g
928,Hare kött rå,"Sockerarter, totalt",Kött färskt fryst tillagat ,0.0,g
928,Hare kött rå,Summa enkelomättade fettsyror,Kött färskt fryst tillagat ,0.6,g
928,Hare kött rå,"Magnesium, Mg",Kött färskt fryst tillagat ,26.0,mg
928,Hare kött rå,Summa mättade fettsyror,Kött färskt fryst tillagat ,1.3,g
928,Hare kött rå,"Kolhydrater, tillgängliga",Kött färskt fryst tillagat ,0.0,g
928,Hare kött rå,Kolesterol,Kött färskt fryst tillagat ,60.0,mg
928,Hare kött rå,"Kalium, K",Kött färskt fryst tillagat ,320.0,mg
928,Hare kött rå,"Jod, I",Kött färskt fryst tillagat ,2.0,µg
928,Hare kött rå,Fullkorn totalt,Kött färskt fryst tillagat ,0.0,g
928,Hare kött rå,"Folat, totalt",Kött färskt fryst tillagat ,5.0,µg
928,Hare kött rå,Fibrer,Kött färskt fryst tillagat ,0.0,g
928,Hare kött rå,"Fett, totalt",Kött färskt fryst tillagat ,3.1,g
928,Hare kött rå,"Järn, Fe",Kött färskt fryst tillagat ,4.2,mg
928,Hare kött rå,Energi (kJ),Kött färskt fryst tillagat ,480.0,kJ
928,Hare kött rå,Energi (kcal),Kött färskt fryst tillagat ,115.0,kcal
928,Hare kött rå,Disackarider,Kött färskt fryst tillagat ,0.0,g
928,Hare kött rå,"Kalcium, Ca",Kött färskt fryst tillagat ,20.0,mg
928,Hare kött rå,Fettsyra 4:0-10:0,Kött färskt fryst tillagat ,0.0,g
928,Hare kött rå,DHA (C22:6),Kött färskt fryst tillagat ,0.0,g
928,Hare kött rå,DPA (C22:5),Kött färskt fryst tillagat ,0.0,g
928,Hare kött rå,EPA (C20:5),Kött färskt fryst tillagat ,0.0,g
928,Hare kött rå,Arakidonsyra C20:4,Kött färskt fryst tillagat ,0.0,g
928,Hare kött rå,Arakidinsyra C20:0,Kött färskt fryst tillagat ,0.0,g
928,Hare kött rå,Linolensyra C18:3,Kött färskt fryst tillagat ,0.3,g
928,Hare kött rå,Linolsyra C18:2,Kött färskt fryst tillagat ,0.6,g
928,Hare kött rå,Oljesyra C18:1,Kött färskt fryst tillagat ,0.6,g
928,Hare kött rå,Stearinsyra C18:0,Kött färskt fryst tillagat ,0.3,g
928,Hare kött rå,Palmitoljesyra C16:1,Kött färskt fryst tillagat ,0.1,g
928,Hare kött rå,Palmitinsyra C16:0,Kött färskt fryst tillagat ,0.9,g
928,Hare kött rå,Myristinsyra C14:0,Kött färskt fryst tillagat ,0.1,g
928,Hare kött rå,Laurinsyra C12:0,Kött färskt fryst tillagat ,0.0,g
928,Hare kött rå,Betakaroten/β-Karoten,Kött färskt fryst tillagat ,0.0,µg
928,Hare kött rå,Avfall (skal etc.),Kött färskt fryst tillagat ,0.0,%
928,Hare kött rå,Aska,Kött färskt fryst tillagat ,0.6,g
928,Hare kött rå,Alkohol,Kött färskt fryst tillagat ,0.0,g
930,Hjort dovhjort bog rå,"Zink, Zn",Kött färskt fryst tillagat ,3.8,mg
930,Hjort dovhjort bog rå,Vitamin E,Kött färskt fryst tillagat ,0.8,mg
930,Hjort dovhjort bog rå,Vitamin D,Kött färskt fryst tillagat ,0.0,µg
930,Hjort dovhjort bog rå,Vitamin C,Kött färskt fryst tillagat ,0.0,mg
930,Hjort dovhjort bog rå,Vitamin B6,Kött färskt fryst tillagat ,0.45,mg
930,Hjort dovhjort bog rå,Vitamin B12,Kött färskt fryst tillagat ,2.77,µg
930,Hjort dovhjort bog rå,Vitamin A,Kött färskt fryst tillagat ,3.2,RE/µg
930,Hjort dovhjort bog rå,Vatten,Kött färskt fryst tillagat ,75.0,g
930,Hjort dovhjort bog rå,Tiamin,Kött färskt fryst tillagat ,0.2,mg
930,Hjort dovhjort bog rå,Tillsatt socker,Kött färskt fryst tillagat ,0.0,g
930,Hjort dovhjort bog rå,Fritt socker,Kött färskt fryst tillagat ,0.0,g
930,Hjort dovhjort bog rå,"Selen, Se",Kött färskt fryst tillagat ,5.2,µg
930,Hjort dovhjort bog rå,Sackaros,Kött färskt fryst tillagat ,0.0,g
930,Hjort dovhjort bog rå,Riboflavin,Kött färskt fryst tillagat ,0.41,mg
930,Hjort dovhjort bog rå,Retinol,Kött färskt fryst tillagat ,3.2,µg
930,Hjort dovhjort bog rå,Protein,Kött färskt fryst tillagat ,22.5,g
930,Hjort dovhjort bog rå,Summa fleromättade fettsyror,Kött färskt fryst tillagat ,0.3,g
930,Hjort dovhjort bog rå,"Fosfor, P",Kött färskt fryst tillagat ,210.0,mg
930,Hjort dovhjort bog rå,Niacinekvivalenter,Kött färskt fryst tillagat ,9.9,NE/mg
930,Hjort dovhjort bog rå,Niacin,Kött färskt fryst tillagat ,5.75,mg
930,Hjort dovhjort bog rå,"Salt, NaCl",Kött färskt fryst tillagat ,0.2,g
930,Hjort dovhjort bog rå,"Natrium, Na",Kött färskt fryst tillagat ,74.0,mg
930,Hjort dovhjort bog rå,Monosackarider,Kött färskt fryst tillagat ,0.0,g
930,Hjort dovhjort bog rå,"Sockerarter, totalt",Kött färskt fryst tillagat ,0.0,g
930,Hjort dovhjort bog rå,Summa enkelomättade fettsyror,Kött färskt fryst tillagat ,0.3,g
930,Hjort dovhjort bog rå,"Magnesium, Mg",Kött färskt fryst tillagat ,25.0,mg
930,Hjort dovhjort bog rå,Summa mättade fettsyror,Kött färskt fryst tillagat ,0.8,g
930,Hjort dovhjort bog rå,"Kolhydrater, tillgängliga",Kött färskt fryst tillagat ,0.0,g
930,Hjort dovhjort bog rå,Kolesterol,Kött färskt fryst tillagat ,64.9,mg
930,Hjort dovhjort bog rå,"Kalium, K",Kött färskt fryst tillagat ,340.0,mg
930,Hjort dovhjort bog rå,"Jod, I",Kött färskt fryst tillagat ,4.1,µg
930,Hjort dovhjort bog rå,Fullkorn totalt,Kött färskt fryst tillagat ,0.0,g
930,Hjort dovhjort bog rå,"Folat, totalt",Kött färskt fryst tillagat ,1.7,µg
930,Hjort dovhjort bog rå,Fibrer,Kött färskt fryst tillagat ,0.0,g
930,Hjort dovhjort bog rå,"Fett, totalt",Kött färskt fryst tillagat ,1.6,g
930,Hjort dovhjort bog rå,"Järn, Fe",Kött färskt fryst tillagat ,2.6,mg
930,Hjort dovhjort bog rå,Energi (kJ),Kött färskt fryst tillagat ,442.0,kJ
930,Hjort dovhjort bog rå,Energi (kcal),Kött färskt fryst tillagat ,106.0,kcal
930,Hjort dovhjort bog rå,Disackarider,Kött färskt fryst tillagat ,0.0,g
930,Hjort dovhjort bog rå,"Kalcium, Ca",Kött färskt fryst tillagat ,5.0,mg
930,Hjort dovhjort bog rå,Fettsyra 4:0-10:0,Kött färskt fryst tillagat ,0.0,g
930,Hjort dovhjort bog rå,DHA (C22:6),Kött färskt fryst tillagat ,0.0,g
930,Hjort dovhjort bog rå,DPA (C22:5),Kött färskt fryst tillagat ,0.0,g
930,Hjort dovhjort bog rå,EPA (C20:5),Kött färskt fryst tillagat ,0.0,g
930,Hjort dovhjort bog rå,Arakidonsyra C20:4,Kött färskt fryst tillagat ,0.0,g
930,Hjort dovhjort bog rå,Arakidinsyra C20:0,Kött färskt fryst tillagat ,0.0,g
930,Hjort dovhjort bog rå,Linolensyra C18:3,Kött färskt fryst tillagat ,0.0,g
930,Hjort dovhjort bog rå,Linolsyra C18:2,Kött färskt fryst tillagat ,0.1,g
930,Hjort dovhjort bog rå,Oljesyra C18:1,Kött färskt fryst tillagat ,0.3,g
930,Hjort dovhjort bog rå,Stearinsyra C18:0,Kött färskt fryst tillagat ,0.2,g
930,Hjort dovhjort bog rå,Palmitoljesyra C16:1,Kött färskt fryst tillagat ,0.0,g
930,Hjort dovhjort bog rå,Palmitinsyra C16:0,Kött färskt fryst tillagat ,0.3,g
930,Hjort dovhjort bog rå,Myristinsyra C14:0,Kött färskt fryst tillagat ,0.0,g
930,Hjort dovhjort bog rå,Laurinsyra C12:0,Kött färskt fryst tillagat ,0.0,g
930,Hjort dovhjort bog rå,Betakaroten/β-Karoten,Kött färskt fryst tillagat ,0.0,µg
930,Hjort dovhjort bog rå,Avfall (skal etc.),Kött färskt fryst tillagat ,0.0,%
930,Hjort dovhjort bog rå,Aska,Kött färskt fryst tillagat ,1.0,g
930,Hjort dovhjort bog rå,Alkohol,Kött färskt fryst tillagat ,0.0,g
931,Hjort dovhjort stek rå,"Zink, Zn",Kött färskt fryst tillagat ,2.3,mg
931,Hjort dovhjort stek rå,Vitamin E,Kött färskt fryst tillagat ,0.6,mg
931,Hjort dovhjort stek rå,Vitamin D,Kött färskt fryst tillagat ,0.0,µg
931,Hjort dovhjort stek rå,Vitamin C,Kött färskt fryst tillagat ,0.0,mg
931,Hjort dovhjort stek rå,Vitamin B6,Kött färskt fryst tillagat ,0.51,mg
931,Hjort dovhjort stek rå,Vitamin B12,Kött färskt fryst tillagat ,2.26,µg
931,Hjort dovhjort stek rå,Vitamin A,Kött färskt fryst tillagat ,2.3,RE/µg
931,Hjort dovhjort stek rå,Vatten,Kött färskt fryst tillagat ,75.4,g
931,Hjort dovhjort stek rå,Tiamin,Kött färskt fryst tillagat ,0.22,mg
931,Hjort dovhjort stek rå,Tillsatt socker,Kött färskt fryst tillagat ,0.0,g
931,Hjort dovhjort stek rå,Fritt socker,Kött färskt fryst tillagat ,0.0,g
931,Hjort dovhjort stek rå,"Selen, Se",Kött färskt fryst tillagat ,3.1,µg
931,Hjort dovhjort stek rå,Sackaros,Kött färskt fryst tillagat ,0.0,g
931,Hjort dovhjort stek rå,Riboflavin,Kött färskt fryst tillagat ,0.34,mg
931,Hjort dovhjort stek rå,Retinol,Kött färskt fryst tillagat ,2.3,µg
931,Hjort dovhjort stek rå,Protein,Kött färskt fryst tillagat ,22.0,g
931,Hjort dovhjort stek rå,Summa fleromättade fettsyror,Kött färskt fryst tillagat ,0.2,g
931,Hjort dovhjort stek rå,"Fosfor, P",Kött färskt fryst tillagat ,220.0,mg
931,Hjort dovhjort stek rå,Niacinekvivalenter,Kött färskt fryst tillagat ,10.2,NE/mg
931,Hjort dovhjort stek rå,Niacin,Kött färskt fryst tillagat ,6.19,mg
931,Hjort dovhjort stek rå,"Salt, NaCl",Kött färskt fryst tillagat ,0.2,g
931,Hjort dovhjort stek rå,"Natrium, Na",Kött färskt fryst tillagat ,71.0,mg
931,Hjort dovhjort stek rå,Monosackarider,Kött färskt fryst tillagat ,0.0,g
931,Hjort dovhjort stek rå,"Sockerarter, totalt",Kött färskt fryst tillagat ,0.0,g
931,Hjort dovhjort stek rå,Summa enkelomättade fettsyror,Kött färskt fryst tillagat ,0.2,g
931,Hjort dovhjort stek rå,"Magnesium, Mg",Kött färskt fryst tillagat ,27.0,mg
931,Hjort dovhjort stek rå,Summa mättade fettsyror,Kött färskt fryst tillagat ,0.4,g
931,Hjort dovhjort stek rå,"Kolhydrater, tillgängliga",Kött färskt fryst tillagat ,0.0,g
931,Hjort dovhjort stek rå,Kolesterol,Kött färskt fryst tillagat ,62.1,mg
931,Hjort dovhjort stek rå,"Kalium, K",Kött färskt fryst tillagat ,340.0,mg
931,Hjort dovhjort stek rå,"Jod, I",Kött färskt fryst tillagat ,3.6,µg
931,Hjort dovhjort stek rå,Fullkorn totalt,Kött färskt fryst tillagat ,0.0,g
931,Hjort dovhjort stek rå,"Folat, totalt",Kött färskt fryst tillagat ,1.7,µg
931,Hjort dovhjort stek rå,Fibrer,Kött färskt fryst tillagat ,0.0,g
931,Hjort dovhjort stek rå,"Fett, totalt",Kött färskt fryst tillagat ,1.0,g
931,Hjort dovhjort stek rå,"Järn, Fe",Kött färskt fryst tillagat ,2.5,mg
931,Hjort dovhjort stek rå,Energi (kJ),Kött färskt fryst tillagat ,411.0,kJ
931,Hjort dovhjort stek rå,Energi (kcal),Kött färskt fryst tillagat ,98.0,kcal
931,Hjort dovhjort stek rå,Disackarider,Kött färskt fryst tillagat ,0.0,g
931,Hjort dovhjort stek rå,"Kalcium, Ca",Kött färskt fryst tillagat ,4.0,mg
931,Hjort dovhjort stek rå,Fettsyra 4:0-10:0,Kött färskt fryst tillagat ,0.0,g
931,Hjort dovhjort stek rå,DHA (C22:6),Kött färskt fryst tillagat ,0.0,g
931,Hjort dovhjort stek rå,DPA (C22:5),Kött färskt fryst tillagat ,0.0,g
931,Hjort dovhjort stek rå,EPA (C20:5),Kött färskt fryst tillagat ,0.0,g
931,Hjort dovhjort stek rå,Arakidonsyra C20:4,Kött färskt fryst tillagat ,0.0,g
931,Hjort dovhjort stek rå,Arakidinsyra C20:0,Kött färskt fryst tillagat ,0.0,g
931,Hjort dovhjort stek rå,Linolensyra C18:3,Kött färskt fryst tillagat ,0.0,g
931,Hjort dovhjort stek rå,Linolsyra C18:2,Kött färskt fryst tillagat ,0.1,g
931,Hjort dovhjort stek rå,Oljesyra C18:1,Kött färskt fryst tillagat ,0.2,g
931,Hjort dovhjort stek rå,Stearinsyra C18:0,Kött färskt fryst tillagat ,0.1,g
931,Hjort dovhjort stek rå,Palmitoljesyra C16:1,Kött färskt fryst tillagat ,0.0,g
931,Hjort dovhjort stek rå,Palmitinsyra C16:0,Kött färskt fryst tillagat ,0.2,g
931,Hjort dovhjort stek rå,Myristinsyra C14:0,Kött färskt fryst tillagat ,0.0,g
931,Hjort dovhjort stek rå,Laurinsyra C12:0,Kött färskt fryst tillagat ,0.0,g
931,Hjort dovhjort stek rå,Betakaroten/β-Karoten,Kött färskt fryst tillagat ,0.0,µg
931,Hjort dovhjort stek rå,Avfall (skal etc.),Kött färskt fryst tillagat ,0.0,%
931,Hjort dovhjort stek rå,Aska,Kött färskt fryst tillagat ,1.0,g
931,Hjort dovhjort stek rå,Alkohol,Kött färskt fryst tillagat ,0.0,g
932,Hjort ryggbiff rå,"Zink, Zn",Kött färskt fryst tillagat ,2.8,mg
932,Hjort ryggbiff rå,Vitamin E,Kött färskt fryst tillagat ,0.8,mg
932,Hjort ryggbiff rå,Vitamin D,Kött färskt fryst tillagat ,0.4,µg
932,Hjort ryggbiff rå,Vitamin C,Kött färskt fryst tillagat ,0.0,mg
932,Hjort ryggbiff rå,Vitamin B6,Kött färskt fryst tillagat ,0.5,mg
932,Hjort ryggbiff rå,Vitamin B12,Kött färskt fryst tillagat ,2.3,µg
932,Hjort ryggbiff rå,Vitamin A,Kött färskt fryst tillagat ,8.0,RE/µg
932,Hjort ryggbiff rå,Vatten,Kött färskt fryst tillagat ,75.1,g
932,Hjort ryggbiff rå,Tiamin,Kött färskt fryst tillagat ,0.21,mg
932,Hjort ryggbiff rå,Tillsatt socker,Kött färskt fryst tillagat ,0.0,g
932,Hjort ryggbiff rå,Fritt socker,Kött färskt fryst tillagat ,0.0,g
932,Hjort ryggbiff rå,"Selen, Se",Kött färskt fryst tillagat ,9.0,µg
932,Hjort ryggbiff rå,Sackaros,Kött färskt fryst tillagat ,0.0,g
932,Hjort ryggbiff rå,Riboflavin,Kött färskt fryst tillagat ,0.58,mg
932,Hjort ryggbiff rå,Retinol,Kött färskt fryst tillagat ,8.0,µg
932,Hjort ryggbiff rå,Protein,Kött färskt fryst tillagat ,22.6,g
932,Hjort ryggbiff rå,Summa fleromättade fettsyror,Kött färskt fryst tillagat ,0.3,g
932,Hjort ryggbiff rå,"Fosfor, P",Kött färskt fryst tillagat ,214.0,mg
932,Hjort ryggbiff rå,Niacinekvivalenter,Kött färskt fryst tillagat ,10.94,NE/mg
932,Hjort ryggbiff rå,Niacin,Kött färskt fryst tillagat ,6.8,mg
932,Hjort ryggbiff rå,"Salt, NaCl",Kött färskt fryst tillagat ,0.2,g
932,Hjort ryggbiff rå,"Natrium, Na",Kött färskt fryst tillagat ,69.0,mg
932,Hjort ryggbiff rå,Monosackarider,Kött färskt fryst tillagat ,0.0,g
932,Hjort ryggbiff rå,"Sockerarter, totalt",Kött färskt fryst tillagat ,0.0,g
932,Hjort ryggbiff rå,Summa enkelomättade fettsyror,Kött färskt fryst tillagat ,0.3,g
932,Hjort ryggbiff rå,"Magnesium, Mg",Kött färskt fryst tillagat ,28.0,mg
932,Hjort ryggbiff rå,Summa mättade fettsyror,Kött färskt fryst tillagat ,0.5,g
932,Hjort ryggbiff rå,"Kolhydrater, tillgängliga",Kött färskt fryst tillagat ,0.0,g
932,Hjort ryggbiff rå,Kolesterol,Kött färskt fryst tillagat ,59.0,mg
932,Hjort ryggbiff rå,"Kalium, K",Kött färskt fryst tillagat ,326.0,mg
932,Hjort ryggbiff rå,"Jod, I",Kött färskt fryst tillagat ,4.3,µg
932,Hjort ryggbiff rå,Fullkorn totalt,Kött färskt fryst tillagat ,0.0,g
932,Hjort ryggbiff rå,"Folat, totalt",Kött färskt fryst tillagat ,2.0,µg
932,Hjort ryggbiff rå,Fibrer,Kött färskt fryst tillagat ,0.0,g
932,Hjort ryggbiff rå,"Fett, totalt",Kött färskt fryst tillagat ,1.2,g
932,Hjort ryggbiff rå,"Järn, Fe",Kött färskt fryst tillagat ,3.3,mg
932,Hjort ryggbiff rå,Energi (kJ),Kött färskt fryst tillagat ,429.0,kJ
932,Hjort ryggbiff rå,Energi (kcal),Kött färskt fryst tillagat ,102.0,kcal
932,Hjort ryggbiff rå,Disackarider,Kött färskt fryst tillagat ,0.0,g
932,Hjort ryggbiff rå,"Kalcium, Ca",Kött färskt fryst tillagat ,9.0,mg
932,Hjort ryggbiff rå,Fettsyra 4:0-10:0,Kött färskt fryst tillagat ,0.0,g
932,Hjort ryggbiff rå,DHA (C22:6),Kött färskt fryst tillagat ,0.0,g
932,Hjort ryggbiff rå,DPA (C22:5),Kött färskt fryst tillagat ,0.0,g
932,Hjort ryggbiff rå,EPA (C20:5),Kött färskt fryst tillagat ,0.0,g
932,Hjort ryggbiff rå,Arakidonsyra C20:4,Kött färskt fryst tillagat ,0.0,g
932,Hjort ryggbiff rå,Arakidinsyra C20:0,Kött färskt fryst tillagat ,0.0,g
932,Hjort ryggbiff rå,Linolensyra C18:3,Kött färskt fryst tillagat ,0.0,g
932,Hjort ryggbiff rå,Linolsyra C18:2,Kött färskt fryst tillagat ,0.1,g
932,Hjort ryggbiff rå,Oljesyra C18:1,Kött färskt fryst tillagat ,0.2,g
932,Hjort ryggbiff rå,Stearinsyra C18:0,Kött färskt fryst tillagat ,0.2,g
932,Hjort ryggbiff rå,Palmitoljesyra C16:1,Kött färskt fryst tillagat ,0.0,g
932,Hjort ryggbiff rå,Palmitinsyra C16:0,Kött färskt fryst tillagat ,0.2,g
932,Hjort ryggbiff rå,Myristinsyra C14:0,Kött färskt fryst tillagat ,0.0,g
932,Hjort ryggbiff rå,Laurinsyra C12:0,Kött färskt fryst tillagat ,0.0,g
932,Hjort ryggbiff rå,Betakaroten/β-Karoten,Kött färskt fryst tillagat ,0.0,µg
932,Hjort ryggbiff rå,Avfall (skal etc.),Kött färskt fryst tillagat ,0.0,%
932,Hjort ryggbiff rå,Aska,Kött färskt fryst tillagat ,1.1,g
932,Hjort ryggbiff rå,Alkohol,Kött färskt fryst tillagat ,0.0,g
933,Häst kött rå,"Zink, Zn",Kött färskt fryst tillagat ,2.7,mg
933,Häst kött rå,Vitamin E,Kött färskt fryst tillagat ,0.6,mg
933,Häst kött rå,Vitamin D,Kött färskt fryst tillagat ,0.4,µg
933,Häst kött rå,Vitamin C,Kött färskt fryst tillagat ,0.0,mg
933,Häst kött rå,Vitamin B6,Kött färskt fryst tillagat ,0.5,mg
933,Häst kött rå,Vitamin B12,Kött färskt fryst tillagat ,3.1,µg
933,Häst kött rå,Vitamin A,Kött färskt fryst tillagat ,33.3,RE/µg
933,Häst kött rå,Vatten,Kött färskt fryst tillagat ,70.0,g
933,Häst kött rå,Tiamin,Kött färskt fryst tillagat ,0.14,mg
933,Häst kött rå,Tillsatt socker,Kött färskt fryst tillagat ,0.0,g
933,Häst kött rå,Fritt socker,Kött färskt fryst tillagat ,0.0,g
933,Häst kött rå,"Selen, Se",Kött färskt fryst tillagat ,3.0,µg
933,Häst kött rå,Sackaros,Kött färskt fryst tillagat ,0.0,g
933,Häst kött rå,Riboflavin,Kött färskt fryst tillagat ,0.27,mg
933,Häst kött rå,Retinol,Kött färskt fryst tillagat ,30.0,µg
933,Häst kött rå,Protein,Kött färskt fryst tillagat ,19.0,g
933,Häst kött rå,Summa fleromättade fettsyror,Kött färskt fryst tillagat ,2.6,g
933,Häst kött rå,"Fosfor, P",Kött färskt fryst tillagat ,185.0,mg
933,Häst kött rå,Niacinekvivalenter,Kött färskt fryst tillagat ,7.98,NE/mg
933,Häst kött rå,Niacin,Kött färskt fryst tillagat ,4.5,mg
933,Häst kött rå,"Salt, NaCl",Kött färskt fryst tillagat ,0.2,g
933,Häst kött rå,"Natrium, Na",Kött färskt fryst tillagat ,62.0,mg
933,Häst kött rå,Monosackarider,Kött färskt fryst tillagat ,0.0,g
933,Häst kött rå,"Sockerarter, totalt",Kött färskt fryst tillagat ,0.0,g
933,Häst kött rå,Summa enkelomättade fettsyror,Kött färskt fryst tillagat ,3.3,g
933,Häst kött rå,"Magnesium, Mg",Kött färskt fryst tillagat ,20.0,mg
933,Häst kött rå,Summa mättade fettsyror,Kött färskt fryst tillagat ,3.6,g
933,Häst kött rå,"Kolhydrater, tillgängliga",Kött färskt fryst tillagat ,0.0,g
933,Häst kött rå,Kolesterol,Kött färskt fryst tillagat ,75.0,mg
933,Häst kött rå,"Kalium, K",Kött färskt fryst tillagat ,290.0,mg
933,Häst kött rå,"Jod, I",Kött färskt fryst tillagat ,1.0,µg
933,Häst kött rå,Fullkorn totalt,Kött färskt fryst tillagat ,0.0,g
933,Häst kött rå,"Folat, totalt",Kött färskt fryst tillagat ,6.0,µg
933,Häst kött rå,Fibrer,Kött färskt fryst tillagat ,0.0,g
933,Häst kött rå,"Fett, totalt",Kött färskt fryst tillagat ,10.0,g
933,Häst kött rå,"Järn, Fe",Kött färskt fryst tillagat ,3.5,mg
933,Häst kött rå,Energi (kJ),Kött färskt fryst tillagat ,693.0,kJ
933,Häst kött rå,Energi (kcal),Kött färskt fryst tillagat ,166.0,kcal
933,Häst kött rå,Disackarider,Kött färskt fryst tillagat ,0.0,g
933,Häst kött rå,"Kalcium, Ca",Kött färskt fryst tillagat ,10.0,mg
933,Häst kött rå,Fettsyra 4:0-10:0,Kött färskt fryst tillagat ,0.0,g
933,Häst kött rå,DHA (C22:6),Kött färskt fryst tillagat ,0.0,g
933,Häst kött rå,DPA (C22:5),Kött färskt fryst tillagat ,0.1,g
933,Häst kött rå,EPA (C20:5),Kött färskt fryst tillagat ,0.0,g
933,Häst kött rå,Arakidonsyra C20:4,Kött färskt fryst tillagat ,0.2,g
933,Häst kött rå,Arakidinsyra C20:0,Kött färskt fryst tillagat ,0.0,g
933,Häst kött rå,Linolensyra C18:3,Kött färskt fryst tillagat ,1.0,g
933,Häst kött rå,Linolsyra C18:2,Kött färskt fryst tillagat ,1.1,g
933,Häst kött rå,Oljesyra C18:1,Kött färskt fryst tillagat ,2.7,g
933,Häst kött rå,Stearinsyra C18:0,Kött färskt fryst tillagat ,0.6,g
933,Häst kött rå,Palmitoljesyra C16:1,Kött färskt fryst tillagat ,0.6,g
933,Häst kött rå,Palmitinsyra C16:0,Kött färskt fryst tillagat ,2.6,g
933,Häst kött rå,Myristinsyra C14:0,Kött färskt fryst tillagat ,0.3,g
933,Häst kött rå,Laurinsyra C12:0,Kött färskt fryst tillagat ,0.0,g
933,Häst kött rå,Betakaroten/β-Karoten,Kött färskt fryst tillagat ,40.0,µg
933,Häst kött rå,Avfall (skal etc.),Kött färskt fryst tillagat ,0.0,%
933,Häst kött rå,Aska,Kött färskt fryst tillagat ,1.0,g
933,Häst kött rå,Alkohol,Kött färskt fryst tillagat ,0.0,g
934,Kalv bog rå,"Zink, Zn",Kött färskt fryst tillagat ,3.4,mg
934,Kalv bog rå,Vitamin E,Kött färskt fryst tillagat ,0.3,mg
934,Kalv bog rå,Vitamin D,Kött färskt fryst tillagat ,0.3,µg
934,Kalv bog rå,Vitamin C,Kött färskt fryst tillagat ,0.0,mg
934,Kalv bog rå,Vitamin B6,Kött färskt fryst tillagat ,0.4,mg
934,Kalv bog rå,Vitamin B12,Kött färskt fryst tillagat ,1.3,µg
934,Kalv bog rå,Vitamin A,Kött färskt fryst tillagat ,29.3,RE/µg
934,Kalv bog rå,Vatten,Kött färskt fryst tillagat ,76.2,g
934,Kalv bog rå,Tiamin,Kött färskt fryst tillagat ,0.08,mg
934,Kalv bog rå,Tillsatt socker,Kött färskt fryst tillagat ,0.0,g
934,Kalv bog rå,Fritt socker,Kött färskt fryst tillagat ,0.0,g
934,Kalv bog rå,"Selen, Se",Kött färskt fryst tillagat ,6.0,µg
934,Kalv bog rå,Sackaros,Kött färskt fryst tillagat ,0.0,g
934,Kalv bog rå,Riboflavin,Kött färskt fryst tillagat ,0.15,mg
934,Kalv bog rå,Retinol,Kött färskt fryst tillagat ,29.0,µg
934,Kalv bog rå,Protein,Kött färskt fryst tillagat ,19.9,g
934,Kalv bog rå,Summa fleromättade fettsyror,Kött färskt fryst tillagat ,0.3,g
934,Kalv bog rå,"Fosfor, P",Kött färskt fryst tillagat ,198.0,mg
934,Kalv bog rå,Niacinekvivalenter,Kött färskt fryst tillagat ,9.65,NE/mg
934,Kalv bog rå,Niacin,Kött färskt fryst tillagat ,6.0,mg
934,Kalv bog rå,"Salt, NaCl",Kött färskt fryst tillagat ,0.1,g
934,Kalv bog rå,"Natrium, Na",Kött färskt fryst tillagat ,55.0,mg
934,Kalv bog rå,Monosackarider,Kött färskt fryst tillagat ,0.0,g
934,Kalv bog rå,"Sockerarter, totalt",Kött färskt fryst tillagat ,0.0,g
934,Kalv bog rå,Summa enkelomättade fettsyror,Kött färskt fryst tillagat ,1.2,g
934,Kalv bog rå,"Magnesium, Mg",Kött färskt fryst tillagat ,20.0,mg
934,Kalv bog rå,Summa mättade fettsyror,Kött färskt fryst tillagat ,1.0,g
934,Kalv bog rå,"Kolhydrater, tillgängliga",Kött färskt fryst tillagat ,0.0,g
934,Kalv bog rå,Kolesterol,Kött färskt fryst tillagat ,71.0,mg
934,Kalv bog rå,"Kalium, K",Kött färskt fryst tillagat ,370.0,mg
934,Kalv bog rå,"Jod, I",Kött färskt fryst tillagat ,2.7,µg
934,Kalv bog rå,Fullkorn totalt,Kött färskt fryst tillagat ,0.0,g
934,Kalv bog rå,"Folat, totalt",Kött färskt fryst tillagat ,5.0,µg
934,Kalv bog rå,Fibrer,Kött färskt fryst tillagat ,0.0,g
934,Kalv bog rå,"Fett, totalt",Kött färskt fryst tillagat ,2.8,g
934,Kalv bog rå,"Järn, Fe",Kött färskt fryst tillagat ,1.9,mg
934,Kalv bog rå,Energi (kJ),Kött färskt fryst tillagat ,442.0,kJ
934,Kalv bog rå,Energi (kcal),Kött färskt fryst tillagat ,106.0,kcal
934,Kalv bog rå,Disackarider,Kött färskt fryst tillagat ,0.0,g
934,Kalv bog rå,"Kalcium, Ca",Kött färskt fryst tillagat ,13.0,mg
934,Kalv bog rå,Fettsyra 4:0-10:0,Kött färskt fryst tillagat ,0.0,g
934,Kalv bog rå,DHA (C22:6),Kött färskt fryst tillagat ,0.0,g
934,Kalv bog rå,DPA (C22:5),Kött färskt fryst tillagat ,0.0,g
934,Kalv bog rå,EPA (C20:5),Kött färskt fryst tillagat ,0.0,g
934,Kalv bog rå,Arakidonsyra C20:4,Kött färskt fryst tillagat ,0.0,g
934,Kalv bog rå,Arakidinsyra C20:0,Kött färskt fryst tillagat ,0.0,g
934,Kalv bog rå,Linolensyra C18:3,Kött färskt fryst tillagat ,0.0,g
934,Kalv bog rå,Linolsyra C18:2,Kött färskt fryst tillagat ,0.2,g
934,Kalv bog rå,Oljesyra C18:1,Kött färskt fryst tillagat ,1.0,g
934,Kalv bog rå,Stearinsyra C18:0,Kött färskt fryst tillagat ,0.3,g
934,Kalv bog rå,Palmitoljesyra C16:1,Kött färskt fryst tillagat ,0.1,g
934,Kalv bog rå,Palmitinsyra C16:0,Kött färskt fryst tillagat ,0.6,g
934,Kalv bog rå,Myristinsyra C14:0,Kött färskt fryst tillagat ,0.1,g
934,Kalv bog rå,Laurinsyra C12:0,Kött färskt fryst tillagat ,0.0,g
934,Kalv bog rå,Betakaroten/β-Karoten,Kött färskt fryst tillagat ,4.0,µg
934,Kalv bog rå,Avfall (skal etc.),Kött färskt fryst tillagat ,26.0,%
934,Kalv bog rå,Aska,Kött färskt fryst tillagat ,1.1,g
934,Kalv bog rå,Alkohol,Kött färskt fryst tillagat ,0.0,g
935,Kalv bringa rå,"Zink, Zn",Kött färskt fryst tillagat ,4.2,mg
935,Kalv bringa rå,Vitamin E,Kött färskt fryst tillagat ,0.3,mg
935,Kalv bringa rå,Vitamin D,Kött färskt fryst tillagat ,0.3,µg
935,Kalv bringa rå,Vitamin C,Kött färskt fryst tillagat ,0.0,mg
935,Kalv bringa rå,Vitamin B6,Kött färskt fryst tillagat ,0.4,mg
935,Kalv bringa rå,Vitamin B12,Kött färskt fryst tillagat ,1.3,µg
935,Kalv bringa rå,Vitamin A,Kött färskt fryst tillagat ,29.3,RE/µg
935,Kalv bringa rå,Vatten,Kött färskt fryst tillagat ,68.3,g
935,Kalv bringa rå,Tiamin,Kött färskt fryst tillagat ,0.07,mg
935,Kalv bringa rå,Tillsatt socker,Kött färskt fryst tillagat ,0.0,g
935,Kalv bringa rå,Fritt socker,Kött färskt fryst tillagat ,0.0,g
935,Kalv bringa rå,"Selen, Se",Kött färskt fryst tillagat ,6.0,µg
935,Kalv bringa rå,Sackaros,Kött färskt fryst tillagat ,0.0,g
935,Kalv bringa rå,Riboflavin,Kött färskt fryst tillagat ,0.17,mg
935,Kalv bringa rå,Retinol,Kött färskt fryst tillagat ,29.0,µg
935,Kalv bringa rå,Protein,Kött färskt fryst tillagat ,18.1,g
935,Kalv bringa rå,Summa fleromättade fettsyror,Kött färskt fryst tillagat ,0.8,g
935,Kalv bringa rå,"Fosfor, P",Kött färskt fryst tillagat ,162.0,mg
935,Kalv bringa rå,Niacinekvivalenter,Kött färskt fryst tillagat ,9.32,NE/mg
935,Kalv bringa rå,Niacin,Kött färskt fryst tillagat ,6.0,mg
935,Kalv bringa rå,"Salt, NaCl",Kött färskt fryst tillagat ,0.2,g
935,Kalv bringa rå,"Natrium, Na",Kött färskt fryst tillagat ,70.0,mg
935,Kalv bringa rå,Monosackarider,Kött färskt fryst tillagat ,0.0,g
935,Kalv bringa rå,"Sockerarter, totalt",Kött färskt fryst tillagat ,0.0,g
935,Kalv bringa rå,Summa enkelomättade fettsyror,Kött färskt fryst tillagat ,5.8,g
935,Kalv bringa rå,"Magnesium, Mg",Kött färskt fryst tillagat ,20.0,mg
935,Kalv bringa rå,Summa mättade fettsyror,Kött färskt fryst tillagat ,5.5,g
935,Kalv bringa rå,"Kolhydrater, tillgängliga",Kött färskt fryst tillagat ,0.0,g
935,Kalv bringa rå,Kolesterol,Kött färskt fryst tillagat ,71.0,mg
935,Kalv bringa rå,"Kalium, K",Kött färskt fryst tillagat ,320.0,mg
935,Kalv bringa rå,"Jod, I",Kött färskt fryst tillagat ,2.7,µg
935,Kalv bringa rå,Fullkorn totalt,Kött färskt fryst tillagat ,0.0,g
935,Kalv bringa rå,"Folat, totalt",Kött färskt fryst tillagat ,5.0,µg
935,Kalv bringa rå,Fibrer,Kött färskt fryst tillagat ,0.0,g
935,Kalv bringa rå,"Fett, totalt",Kött färskt fryst tillagat ,12.7,g
935,Kalv bringa rå,"Järn, Fe",Kött färskt fryst tillagat ,1.5,mg
935,Kalv bringa rå,Energi (kJ),Kött färskt fryst tillagat ,778.0,kJ
935,Kalv bringa rå,Energi (kcal),Kött färskt fryst tillagat ,186.0,kcal
935,Kalv bringa rå,Disackarider,Kött färskt fryst tillagat ,0.0,g
935,Kalv bringa rå,"Kalcium, Ca",Kött färskt fryst tillagat ,14.0,mg
935,Kalv bringa rå,Fettsyra 4:0-10:0,Kött färskt fryst tillagat ,0.0,g
935,Kalv bringa rå,DHA (C22:6),Kött färskt fryst tillagat ,0.0,g
935,Kalv bringa rå,DPA (C22:5),Kött färskt fryst tillagat ,0.0,g
935,Kalv bringa rå,EPA (C20:5),Kött färskt fryst tillagat ,0.0,g
935,Kalv bringa rå,Arakidonsyra C20:4,Kött färskt fryst tillagat ,0.1,g
935,Kalv bringa rå,Arakidinsyra C20:0,Kött färskt fryst tillagat ,0.0,g
935,Kalv bringa rå,Linolensyra C18:3,Kött färskt fryst tillagat ,0.0,g
935,Kalv bringa rå,Linolsyra C18:2,Kött färskt fryst tillagat ,0.5,g
935,Kalv bringa rå,Oljesyra C18:1,Kött färskt fryst tillagat ,5.2,g
935,Kalv bringa rå,Stearinsyra C18:0,Kött färskt fryst tillagat ,2.1,g
935,Kalv bringa rå,Palmitoljesyra C16:1,Kött färskt fryst tillagat ,0.4,g
935,Kalv bringa rå,Palmitinsyra C16:0,Kött färskt fryst tillagat ,2.7,g
935,Kalv bringa rå,Myristinsyra C14:0,Kött färskt fryst tillagat ,0.3,g
935,Kalv bringa rå,Laurinsyra C12:0,Kött färskt fryst tillagat ,0.0,g
935,Kalv bringa rå,Betakaroten/β-Karoten,Kött färskt fryst tillagat ,4.0,µg
935,Kalv bringa rå,Avfall (skal etc.),Kött färskt fryst tillagat ,18.0,%
935,Kalv bringa rå,Aska,Kött färskt fryst tillagat ,0.9,g
935,Kalv bringa rå,Alkohol,Kött färskt fryst tillagat ,0.0,g
936,Kalv filé rå,"Zink, Zn",Kött färskt fryst tillagat ,3.4,mg
936,Kalv filé rå,Vitamin E,Kött färskt fryst tillagat ,0.3,mg
936,Kalv filé rå,Vitamin D,Kött färskt fryst tillagat ,0.3,µg
936,Kalv filé rå,Vitamin C,Kött färskt fryst tillagat ,0.0,mg
936,Kalv filé rå,Vitamin B6,Kött färskt fryst tillagat ,0.4,mg
936,Kalv filé rå,Vitamin B12,Kött färskt fryst tillagat ,1.3,µg
936,Kalv filé rå,Vitamin A,Kött färskt fryst tillagat ,29.3,RE/µg
936,Kalv filé rå,Vatten,Kött färskt fryst tillagat ,76.1,g
936,Kalv filé rå,Tiamin,Kött färskt fryst tillagat ,0.08,mg
936,Kalv filé rå,Tillsatt socker,Kött färskt fryst tillagat ,0.0,g
936,Kalv filé rå,Fritt socker,Kött färskt fryst tillagat ,0.0,g
936,Kalv filé rå,"Selen, Se",Kött färskt fryst tillagat ,6.0,µg
936,Kalv filé rå,Sackaros,Kött färskt fryst tillagat ,0.0,g
936,Kalv filé rå,Riboflavin,Kött färskt fryst tillagat ,0.15,mg
936,Kalv filé rå,Retinol,Kött färskt fryst tillagat ,29.0,µg
936,Kalv filé rå,Protein,Kött färskt fryst tillagat ,20.0,g
936,Kalv filé rå,Summa fleromättade fettsyror,Kött färskt fryst tillagat ,0.2,g
936,Kalv filé rå,"Fosfor, P",Kött färskt fryst tillagat ,205.0,mg
936,Kalv filé rå,Niacinekvivalenter,Kött färskt fryst tillagat ,9.67,NE/mg
936,Kalv filé rå,Niacin,Kött färskt fryst tillagat ,6.0,mg
936,Kalv filé rå,"Salt, NaCl",Kött färskt fryst tillagat ,0.1,g
936,Kalv filé rå,"Natrium, Na",Kött färskt fryst tillagat ,55.0,mg
936,Kalv filé rå,Monosackarider,Kött färskt fryst tillagat ,0.0,g
936,Kalv filé rå,"Sockerarter, totalt",Kött färskt fryst tillagat ,0.0,g
936,Kalv filé rå,Summa enkelomättade fettsyror,Kött färskt fryst tillagat ,1.2,g
936,Kalv filé rå,"Magnesium, Mg",Kött färskt fryst tillagat ,20.0,mg
936,Kalv filé rå,Summa mättade fettsyror,Kött färskt fryst tillagat ,1.0,g
936,Kalv filé rå,"Kolhydrater, tillgängliga",Kött färskt fryst tillagat ,0.0,g
936,Kalv filé rå,Kolesterol,Kött färskt fryst tillagat ,71.0,mg
936,Kalv filé rå,"Kalium, K",Kött färskt fryst tillagat ,370.0,mg
936,Kalv filé rå,"Jod, I",Kött färskt fryst tillagat ,3.7,µg
936,Kalv filé rå,Fullkorn totalt,Kött färskt fryst tillagat ,0.0,g
936,Kalv filé rå,"Folat, totalt",Kött färskt fryst tillagat ,5.0,µg
936,Kalv filé rå,Fibrer,Kött färskt fryst tillagat ,0.0,g
936,Kalv filé rå,"Fett, totalt",Kött färskt fryst tillagat ,2.7,g
936,Kalv filé rå,"Järn, Fe",Kött färskt fryst tillagat ,1.7,mg
936,Kalv filé rå,Energi (kJ),Kött färskt fryst tillagat ,440.0,kJ
936,Kalv filé rå,Energi (kcal),Kött färskt fryst tillagat ,105.0,kcal
936,Kalv filé rå,Disackarider,Kött färskt fryst tillagat ,0.0,g
936,Kalv filé rå,"Kalcium, Ca",Kött färskt fryst tillagat ,5.0,mg
936,Kalv filé rå,Fettsyra 4:0-10:0,Kött färskt fryst tillagat ,0.0,g
936,Kalv filé rå,DHA (C22:6),Kött färskt fryst tillagat ,0.0,g
936,Kalv filé rå,DPA (C22:5),Kött färskt fryst tillagat ,0.0,g
936,Kalv filé rå,EPA (C20:5),Kött färskt fryst tillagat ,0.0,g
936,Kalv filé rå,Arakidonsyra C20:4,Kött färskt fryst tillagat ,0.0,g
936,Kalv filé rå,Arakidinsyra C20:0,Kött färskt fryst tillagat ,0.0,g
936,Kalv filé rå,Linolensyra C18:3,Kött färskt fryst tillagat ,0.0,g
936,Kalv filé rå,Linolsyra C18:2,Kött färskt fryst tillagat ,0.1,g
936,Kalv filé rå,Oljesyra C18:1,Kött färskt fryst tillagat ,1.0,g
936,Kalv filé rå,Stearinsyra C18:0,Kött färskt fryst tillagat ,0.3,g
936,Kalv filé rå,Palmitoljesyra C16:1,Kött färskt fryst tillagat ,0.1,g
936,Kalv filé rå,Palmitinsyra C16:0,Kött färskt fryst tillagat ,0.6,g
936,Kalv filé rå,Myristinsyra C14:0,Kött färskt fryst tillagat ,0.1,g
936,Kalv filé rå,Laurinsyra C12:0,Kött färskt fryst tillagat ,0.0,g
936,Kalv filé rå,Betakaroten/β-Karoten,Kött färskt fryst tillagat ,4.0,µg
936,Kalv filé rå,Avfall (skal etc.),Kött färskt fryst tillagat ,0.0,%
936,Kalv filé rå,Aska,Kött färskt fryst tillagat ,1.2,g
936,Kalv filé rå,Alkohol,Kött färskt fryst tillagat ,0.0,g
937,Kalv fransyska rå,"Zink, Zn",Kött färskt fryst tillagat ,3.4,mg
937,Kalv fransyska rå,Vitamin E,Kött färskt fryst tillagat ,0.3,mg
937,Kalv fransyska rå,Vitamin D,Kött färskt fryst tillagat ,0.3,µg
937,Kalv fransyska rå,Vitamin C,Kött färskt fryst tillagat ,0.0,mg
937,Kalv fransyska rå,Vitamin B6,Kött färskt fryst tillagat ,0.4,mg
937,Kalv fransyska rå,Vitamin B12,Kött färskt fryst tillagat ,1.3,µg
937,Kalv fransyska rå,Vitamin A,Kött färskt fryst tillagat ,29.3,RE/µg
937,Kalv fransyska rå,Vatten,Kött färskt fryst tillagat ,75.9,g
937,Kalv fransyska rå,Tiamin,Kött färskt fryst tillagat ,0.08,mg
937,Kalv fransyska rå,Tillsatt socker,Kött färskt fryst tillagat ,0.0,g
937,Kalv fransyska rå,Fritt socker,Kött färskt fryst tillagat ,0.0,g
937,Kalv fransyska rå,"Selen, Se",Kött färskt fryst tillagat ,6.0,µg
937,Kalv fransyska rå,Sackaros,Kött färskt fryst tillagat ,0.0,g
937,Kalv fransyska rå,Riboflavin,Kött färskt fryst tillagat ,0.15,mg
937,Kalv fransyska rå,Retinol,Kött färskt fryst tillagat ,29.0,µg
937,Kalv fransyska rå,Protein,Kött färskt fryst tillagat ,19.9,g
937,Kalv fransyska rå,Summa fleromättade fettsyror,Kött färskt fryst tillagat ,0.3,g
937,Kalv fransyska rå,"Fosfor, P",Kött färskt fryst tillagat ,199.0,mg
937,Kalv fransyska rå,Niacinekvivalenter,Kött färskt fryst tillagat ,9.65,NE/mg
937,Kalv fransyska rå,Niacin,Kött färskt fryst tillagat ,6.0,mg
937,Kalv fransyska rå,"Salt, NaCl",Kött färskt fryst tillagat ,0.1,g
937,Kalv fransyska rå,"Natrium, Na",Kött färskt fryst tillagat ,55.0,mg
937,Kalv fransyska rå,Monosackarider,Kött färskt fryst tillagat ,0.0,g
937,Kalv fransyska rå,"Sockerarter, totalt",Kött färskt fryst tillagat ,0.0,g
937,Kalv fransyska rå,Summa enkelomättade fettsyror,Kött färskt fryst tillagat ,1.4,g
937,Kalv fransyska rå,"Magnesium, Mg",Kött färskt fryst tillagat ,20.0,mg
937,Kalv fransyska rå,Summa mättade fettsyror,Kött färskt fryst tillagat ,1.2,g
937,Kalv fransyska rå,"Kolhydrater, tillgängliga",Kött färskt fryst tillagat ,0.0,g
937,Kalv fransyska rå,Kolesterol,Kött färskt fryst tillagat ,71.0,mg
937,Kalv fransyska rå,"Kalium, K",Kött färskt fryst tillagat ,370.0,mg
937,Kalv fransyska rå,"Jod, I",Kött färskt fryst tillagat ,2.7,µg
937,Kalv fransyska rå,Fullkorn totalt,Kött färskt fryst tillagat ,0.0,g
937,Kalv fransyska rå,"Folat, totalt",Kött färskt fryst tillagat ,5.0,µg
937,Kalv fransyska rå,Fibrer,Kött färskt fryst tillagat ,0.0,g
937,Kalv fransyska rå,"Fett, totalt",Kött färskt fryst tillagat ,3.1,g
937,Kalv fransyska rå,"Järn, Fe",Kött färskt fryst tillagat ,1.7,mg
937,Kalv fransyska rå,Energi (kJ),Kött färskt fryst tillagat ,453.0,kJ
937,Kalv fransyska rå,Energi (kcal),Kött färskt fryst tillagat ,108.0,kcal
937,Kalv fransyska rå,Disackarider,Kött färskt fryst tillagat ,0.0,g
937,Kalv fransyska rå,"Kalcium, Ca",Kött färskt fryst tillagat ,10.0,mg
937,Kalv fransyska rå,Fettsyra 4:0-10:0,Kött färskt fryst tillagat ,0.0,g
937,Kalv fransyska rå,DHA (C22:6),Kött färskt fryst tillagat ,0.0,g
937,Kalv fransyska rå,DPA (C22:5),Kött färskt fryst tillagat ,0.0,g
937,Kalv fransyska rå,EPA (C20:5),Kött färskt fryst tillagat ,0.0,g
937,Kalv fransyska rå,Arakidonsyra C20:4,Kött färskt fryst tillagat ,0.0,g
937,Kalv fransyska rå,Arakidinsyra C20:0,Kött färskt fryst tillagat ,0.0,g
937,Kalv fransyska rå,Linolensyra C18:3,Kött färskt fryst tillagat ,0.0,g
937,Kalv fransyska rå,Linolsyra C18:2,Kött färskt fryst tillagat ,0.2,g
937,Kalv fransyska rå,Oljesyra C18:1,Kött färskt fryst tillagat ,1.2,g
937,Kalv fransyska rå,Stearinsyra C18:0,Kött färskt fryst tillagat ,0.4,g
937,Kalv fransyska rå,Palmitoljesyra C16:1,Kött färskt fryst tillagat ,0.1,g
937,Kalv fransyska rå,Palmitinsyra C16:0,Kött färskt fryst tillagat ,0.6,g
937,Kalv fransyska rå,Myristinsyra C14:0,Kött färskt fryst tillagat ,0.1,g
937,Kalv fransyska rå,Laurinsyra C12:0,Kött färskt fryst tillagat ,0.0,g
937,Kalv fransyska rå,Betakaroten/β-Karoten,Kött färskt fryst tillagat ,4.0,µg
937,Kalv fransyska rå,Avfall (skal etc.),Kött färskt fryst tillagat ,15.0,%
937,Kalv fransyska rå,Aska,Kött färskt fryst tillagat ,1.1,g
937,Kalv fransyska rå,Alkohol,Kött färskt fryst tillagat ,0.0,g
938,Kalv innanlår rå,"Zink, Zn",Kött färskt fryst tillagat ,3.4,mg
938,Kalv innanlår rå,Vitamin E,Kött färskt fryst tillagat ,0.3,mg
938,Kalv innanlår rå,Vitamin D,Kött färskt fryst tillagat ,0.3,µg
938,Kalv innanlår rå,Vitamin C,Kött färskt fryst tillagat ,0.0,mg
938,Kalv innanlår rå,Vitamin B6,Kött färskt fryst tillagat ,0.4,mg
938,Kalv innanlår rå,Vitamin B12,Kött färskt fryst tillagat ,1.3,µg
938,Kalv innanlår rå,Vitamin A,Kött färskt fryst tillagat ,29.3,RE/µg
938,Kalv innanlår rå,Vatten,Kött färskt fryst tillagat ,75.3,g
938,Kalv innanlår rå,Tiamin,Kött färskt fryst tillagat ,0.08,mg
938,Kalv innanlår rå,Tillsatt socker,Kött färskt fryst tillagat ,0.0,g
938,Kalv innanlår rå,Fritt socker,Kött färskt fryst tillagat ,0.0,g
938,Kalv innanlår rå,"Selen, Se",Kött färskt fryst tillagat ,6.0,µg
938,Kalv innanlår rå,Sackaros,Kött färskt fryst tillagat ,0.0,g
938,Kalv innanlår rå,Riboflavin,Kött färskt fryst tillagat ,0.15,mg
938,Kalv innanlår rå,Retinol,Kött färskt fryst tillagat ,29.0,µg
938,Kalv innanlår rå,Protein,Kött färskt fryst tillagat ,21.0,g
938,Kalv innanlår rå,Summa fleromättade fettsyror,Kött färskt fryst tillagat ,0.2,g
938,Kalv innanlår rå,"Fosfor, P",Kött färskt fryst tillagat ,215.0,mg
938,Kalv innanlår rå,Niacinekvivalenter,Kött färskt fryst tillagat ,9.85,NE/mg
938,Kalv innanlår rå,Niacin,Kött färskt fryst tillagat ,6.0,mg
938,Kalv innanlår rå,"Salt, NaCl",Kött färskt fryst tillagat ,0.1,g
938,Kalv innanlår rå,"Natrium, Na",Kött färskt fryst tillagat ,55.0,mg
938,Kalv innanlår rå,Monosackarider,Kött färskt fryst tillagat ,0.0,g
938,Kalv innanlår rå,"Sockerarter, totalt",Kött färskt fryst tillagat ,0.0,g
938,Kalv innanlår rå,Summa enkelomättade fettsyror,Kött färskt fryst tillagat ,1.1,g
938,Kalv innanlår rå,"Magnesium, Mg",Kött färskt fryst tillagat ,20.0,mg
938,Kalv innanlår rå,Summa mättade fettsyror,Kött färskt fryst tillagat ,0.9,g
938,Kalv innanlår rå,"Kolhydrater, tillgängliga",Kött färskt fryst tillagat ,0.0,g
938,Kalv innanlår rå,Kolesterol,Kött färskt fryst tillagat ,71.0,mg
938,Kalv innanlår rå,"Kalium, K",Kött färskt fryst tillagat ,370.0,mg
938,Kalv innanlår rå,"Jod, I",Kött färskt fryst tillagat ,2.7,µg
938,Kalv innanlår rå,Fullkorn totalt,Kött färskt fryst tillagat ,0.0,g
938,Kalv innanlår rå,"Folat, totalt",Kött färskt fryst tillagat ,5.0,µg
938,Kalv innanlår rå,Fibrer,Kött färskt fryst tillagat ,0.0,g
938,Kalv innanlår rå,"Fett, totalt",Kött färskt fryst tillagat ,2.5,g
938,Kalv innanlår rå,"Järn, Fe",Kött färskt fryst tillagat ,1.8,mg
938,Kalv innanlår rå,Energi (kJ),Kött färskt fryst tillagat ,450.0,kJ
938,Kalv innanlår rå,Energi (kcal),Kött färskt fryst tillagat ,107.0,kcal
938,Kalv innanlår rå,Disackarider,Kött färskt fryst tillagat ,0.0,g
938,Kalv innanlår rå,"Kalcium, Ca",Kött färskt fryst tillagat ,13.0,mg
938,Kalv innanlår rå,Fettsyra 4:0-10:0,Kött färskt fryst tillagat ,0.0,g
938,Kalv innanlår rå,DHA (C22:6),Kött färskt fryst tillagat ,0.0,g
938,Kalv innanlår rå,DPA (C22:5),Kött färskt fryst tillagat ,0.0,g
938,Kalv innanlår rå,EPA (C20:5),Kött färskt fryst tillagat ,0.0,g
938,Kalv innanlår rå,Arakidonsyra C20:4,Kött färskt fryst tillagat ,0.0,g
938,Kalv innanlår rå,Arakidinsyra C20:0,Kött färskt fryst tillagat ,0.0,g
938,Kalv innanlår rå,Linolensyra C18:3,Kött färskt fryst tillagat ,0.0,g
938,Kalv innanlår rå,Linolsyra C18:2,Kött färskt fryst tillagat ,0.1,g
938,Kalv innanlår rå,Oljesyra C18:1,Kött färskt fryst tillagat ,0.9,g
938,Kalv innanlår rå,Stearinsyra C18:0,Kött färskt fryst tillagat ,0.3,g
938,Kalv innanlår rå,Palmitoljesyra C16:1,Kött färskt fryst tillagat ,0.1,g
938,Kalv innanlår rå,Palmitinsyra C16:0,Kött färskt fryst tillagat ,0.5,g
938,Kalv innanlår rå,Myristinsyra C14:0,Kött färskt fryst tillagat ,0.1,g
938,Kalv innanlår rå,Laurinsyra C12:0,Kött färskt fryst tillagat ,0.0,g
938,Kalv innanlår rå,Betakaroten/β-Karoten,Kött färskt fryst tillagat ,4.0,µg
938,Kalv innanlår rå,Avfall (skal etc.),Kött färskt fryst tillagat ,11.0,%
938,Kalv innanlår rå,Aska,Kött färskt fryst tillagat ,1.2,g
938,Kalv innanlår rå,Alkohol,Kött färskt fryst tillagat ,0.0,g
939,Kalv kotlett rå,"Zink, Zn",Kött färskt fryst tillagat ,4.3,mg
939,Kalv kotlett rå,Vitamin E,Kött färskt fryst tillagat ,0.3,mg
939,Kalv kotlett rå,Vitamin D,Kött färskt fryst tillagat ,0.3,µg
939,Kalv kotlett rå,Vitamin C,Kött färskt fryst tillagat ,0.0,mg
939,Kalv kotlett rå,Vitamin B6,Kött färskt fryst tillagat ,0.4,mg
939,Kalv kotlett rå,Vitamin B12,Kött färskt fryst tillagat ,1.3,µg
939,Kalv kotlett rå,Vitamin A,Kött färskt fryst tillagat ,29.3,RE/µg
939,Kalv kotlett rå,Vatten,Kött färskt fryst tillagat ,73.9,g
939,Kalv kotlett rå,Tiamin,Kött färskt fryst tillagat ,0.06,mg
939,Kalv kotlett rå,Tillsatt socker,Kött färskt fryst tillagat ,0.0,g
939,Kalv kotlett rå,Fritt socker,Kött färskt fryst tillagat ,0.0,g
939,Kalv kotlett rå,"Selen, Se",Kött färskt fryst tillagat ,6.0,µg
939,Kalv kotlett rå,Sackaros,Kött färskt fryst tillagat ,0.0,g
939,Kalv kotlett rå,Riboflavin,Kött färskt fryst tillagat ,0.13,mg
939,Kalv kotlett rå,Retinol,Kött färskt fryst tillagat ,29.0,µg
939,Kalv kotlett rå,Protein,Kött färskt fryst tillagat ,20.5,g
939,Kalv kotlett rå,Summa fleromättade fettsyror,Kött färskt fryst tillagat ,0.4,g
939,Kalv kotlett rå,"Fosfor, P",Kött färskt fryst tillagat ,198.0,mg
939,Kalv kotlett rå,Niacinekvivalenter,Kött färskt fryst tillagat ,9.76,NE/mg
939,Kalv kotlett rå,Niacin,Kött färskt fryst tillagat ,6.0,mg
939,Kalv kotlett rå,"Salt, NaCl",Kött färskt fryst tillagat ,0.2,g
939,Kalv kotlett rå,"Natrium, Na",Kött färskt fryst tillagat ,68.0,mg
939,Kalv kotlett rå,Monosackarider,Kött färskt fryst tillagat ,0.0,g
939,Kalv kotlett rå,"Sockerarter, totalt",Kött färskt fryst tillagat ,0.0,g
939,Kalv kotlett rå,Summa enkelomättade fettsyror,Kött färskt fryst tillagat ,1.9,g
939,Kalv kotlett rå,"Magnesium, Mg",Kött färskt fryst tillagat ,20.0,mg
939,Kalv kotlett rå,Summa mättade fettsyror,Kött färskt fryst tillagat ,1.6,g
939,Kalv kotlett rå,"Kolhydrater, tillgängliga",Kött färskt fryst tillagat ,0.0,g
939,Kalv kotlett rå,Kolesterol,Kött färskt fryst tillagat ,71.0,mg
939,Kalv kotlett rå,"Kalium, K",Kött färskt fryst tillagat ,320.0,mg
939,Kalv kotlett rå,"Jod, I",Kött färskt fryst tillagat ,2.7,µg
939,Kalv kotlett rå,Fullkorn totalt,Kött färskt fryst tillagat ,0.0,g
939,Kalv kotlett rå,"Folat, totalt",Kött färskt fryst tillagat ,5.0,µg
939,Kalv kotlett rå,Fibrer,Kött färskt fryst tillagat ,0.0,g
939,Kalv kotlett rå,"Fett, totalt",Kött färskt fryst tillagat ,4.4,g
939,Kalv kotlett rå,"Järn, Fe",Kött färskt fryst tillagat ,1.7,mg
939,Kalv kotlett rå,Energi (kJ),Kött färskt fryst tillagat ,511.0,kJ
939,Kalv kotlett rå,Energi (kcal),Kött färskt fryst tillagat ,122.0,kcal
939,Kalv kotlett rå,Disackarider,Kött färskt fryst tillagat ,0.0,g
939,Kalv kotlett rå,"Kalcium, Ca",Kött färskt fryst tillagat ,12.0,mg
939,Kalv kotlett rå,Fettsyra 4:0-10:0,Kött färskt fryst tillagat ,0.0,g
939,Kalv kotlett rå,DHA (C22:6),Kött färskt fryst tillagat ,0.0,g
939,Kalv kotlett rå,DPA (C22:5),Kött färskt fryst tillagat ,0.0,g
939,Kalv kotlett rå,EPA (C20:5),Kött färskt fryst tillagat ,0.0,g
939,Kalv kotlett rå,Arakidonsyra C20:4,Kött färskt fryst tillagat ,0.1,g
939,Kalv kotlett rå,Arakidinsyra C20:0,Kött färskt fryst tillagat ,0.0,g
939,Kalv kotlett rå,Linolensyra C18:3,Kött färskt fryst tillagat ,0.0,g
939,Kalv kotlett rå,Linolsyra C18:2,Kött färskt fryst tillagat ,0.2,g
939,Kalv kotlett rå,Oljesyra C18:1,Kött färskt fryst tillagat ,1.6,g
939,Kalv kotlett rå,Stearinsyra C18:0,Kött färskt fryst tillagat ,0.5,g
939,Kalv kotlett rå,Palmitoljesyra C16:1,Kött färskt fryst tillagat ,0.2,g
939,Kalv kotlett rå,Palmitinsyra C16:0,Kött färskt fryst tillagat ,0.9,g
939,Kalv kotlett rå,Myristinsyra C14:0,Kött färskt fryst tillagat ,0.2,g
939,Kalv kotlett rå,Laurinsyra C12:0,Kött färskt fryst tillagat ,0.0,g
939,Kalv kotlett rå,Betakaroten/β-Karoten,Kött färskt fryst tillagat ,4.0,µg
939,Kalv kotlett rå,Avfall (skal etc.),Kött färskt fryst tillagat ,20.0,%
939,Kalv kotlett rå,Aska,Kött färskt fryst tillagat ,1.2,g
939,Kalv kotlett rå,Alkohol,Kött färskt fryst tillagat ,0.0,g
940,Kalv lägg rå,"Zink, Zn",Kött färskt fryst tillagat ,3.4,mg
940,Kalv lägg rå,Vitamin E,Kött färskt fryst tillagat ,0.3,mg
940,Kalv lägg rå,Vitamin D,Kött färskt fryst tillagat ,0.3,µg
940,Kalv lägg rå,Vitamin C,Kött färskt fryst tillagat ,0.0,mg
940,Kalv lägg rå,Vitamin B6,Kött färskt fryst tillagat ,0.4,mg
940,Kalv lägg rå,Vitamin B12,Kött färskt fryst tillagat ,1.3,µg
940,Kalv lägg rå,Vitamin A,Kött färskt fryst tillagat ,29.3,RE/µg
940,Kalv lägg rå,Vatten,Kött färskt fryst tillagat ,77.0,g
940,Kalv lägg rå,Tiamin,Kött färskt fryst tillagat ,0.08,mg
940,Kalv lägg rå,Tillsatt socker,Kött färskt fryst tillagat ,0.0,g
940,Kalv lägg rå,Fritt socker,Kött färskt fryst tillagat ,0.0,g
940,Kalv lägg rå,"Selen, Se",Kött färskt fryst tillagat ,6.0,µg
940,Kalv lägg rå,Sackaros,Kött färskt fryst tillagat ,0.0,g
940,Kalv lägg rå,Riboflavin,Kött färskt fryst tillagat ,0.15,mg
940,Kalv lägg rå,Retinol,Kött färskt fryst tillagat ,29.0,µg
940,Kalv lägg rå,Protein,Kött färskt fryst tillagat ,20.0,g
940,Kalv lägg rå,Summa fleromättade fettsyror,Kött färskt fryst tillagat ,0.2,g
940,Kalv lägg rå,"Fosfor, P",Kött färskt fryst tillagat ,183.0,mg
940,Kalv lägg rå,Niacinekvivalenter,Kött färskt fryst tillagat ,9.67,NE/mg
940,Kalv lägg rå,Niacin,Kött färskt fryst tillagat ,6.0,mg
940,Kalv lägg rå,"Salt, NaCl",Kött färskt fryst tillagat ,0.1,g
940,Kalv lägg rå,"Natrium, Na",Kött färskt fryst tillagat ,55.0,mg
940,Kalv lägg rå,Monosackarider,Kött färskt fryst tillagat ,0.0,g
940,Kalv lägg rå,"Sockerarter, totalt",Kött färskt fryst tillagat ,0.0,g
940,Kalv lägg rå,Summa enkelomättade fettsyror,Kött färskt fryst tillagat ,0.8,g
940,Kalv lägg rå,"Magnesium, Mg",Kött färskt fryst tillagat ,20.0,mg
940,Kalv lägg rå,Summa mättade fettsyror,Kött färskt fryst tillagat ,0.7,g
940,Kalv lägg rå,"Kolhydrater, tillgängliga",Kött färskt fryst tillagat ,0.0,g
940,Kalv lägg rå,Kolesterol,Kött färskt fryst tillagat ,71.0,mg
940,Kalv lägg rå,"Kalium, K",Kött färskt fryst tillagat ,370.0,mg
940,Kalv lägg rå,"Jod, I",Kött färskt fryst tillagat ,2.7,µg
940,Kalv lägg rå,Fullkorn totalt,Kött färskt fryst tillagat ,0.0,g
940,Kalv lägg rå,"Folat, totalt",Kött färskt fryst tillagat ,5.0,µg
940,Kalv lägg rå,Fibrer,Kött färskt fryst tillagat ,0.0,g
940,Kalv lägg rå,"Fett, totalt",Kött färskt fryst tillagat ,1.9,g
940,Kalv lägg rå,"Järn, Fe",Kött färskt fryst tillagat ,1.9,mg
940,Kalv lägg rå,Energi (kJ),Kött färskt fryst tillagat ,410.0,kJ
940,Kalv lägg rå,Energi (kcal),Kött färskt fryst tillagat ,98.0,kcal
940,Kalv lägg rå,Disackarider,Kött färskt fryst tillagat ,0.0,g
940,Kalv lägg rå,"Kalcium, Ca",Kött färskt fryst tillagat ,11.0,mg
940,Kalv lägg rå,Fettsyra 4:0-10:0,Kött färskt fryst tillagat ,0.0,g
940,Kalv lägg rå,DHA (C22:6),Kött färskt fryst tillagat ,0.0,g
940,Kalv lägg rå,DPA (C22:5),Kött färskt fryst tillagat ,0.0,g
940,Kalv lägg rå,EPA (C20:5),Kött färskt fryst tillagat ,0.0,g
940,Kalv lägg rå,Arakidonsyra C20:4,Kött färskt fryst tillagat ,0.0,g
940,Kalv lägg rå,Arakidinsyra C20:0,Kött färskt fryst tillagat ,0.0,g
940,Kalv lägg rå,Linolensyra C18:3,Kött färskt fryst tillagat ,0.0,g
940,Kalv lägg rå,Linolsyra C18:2,Kött färskt fryst tillagat ,0.1,g
940,Kalv lägg rå,Oljesyra C18:1,Kött färskt fryst tillagat ,0.7,g
940,Kalv lägg rå,Stearinsyra C18:0,Kött färskt fryst tillagat ,0.2,g
940,Kalv lägg rå,Palmitoljesyra C16:1,Kött färskt fryst tillagat ,0.1,g
940,Kalv lägg rå,Palmitinsyra C16:0,Kött färskt fryst tillagat ,0.4,g
940,Kalv lägg rå,Myristinsyra C14:0,Kött färskt fryst tillagat ,0.1,g
940,Kalv lägg rå,Laurinsyra C12:0,Kött färskt fryst tillagat ,0.0,g
940,Kalv lägg rå,Betakaroten/β-Karoten,Kött färskt fryst tillagat ,4.0,µg
940,Kalv lägg rå,Avfall (skal etc.),Kött färskt fryst tillagat ,42.0,%
940,Kalv lägg rå,Aska,Kött färskt fryst tillagat ,1.1,g
940,Kalv lägg rå,Alkohol,Kött färskt fryst tillagat ,0.0,g
941,Kalv ytterlår rå,"Zink, Zn",Kött färskt fryst tillagat ,3.4,mg
941,Kalv ytterlår rå,Vitamin E,Kött färskt fryst tillagat ,0.3,mg
941,Kalv ytterlår rå,Vitamin D,Kött färskt fryst tillagat ,0.3,µg
941,Kalv ytterlår rå,Vitamin C,Kött färskt fryst tillagat ,0.0,mg
941,Kalv ytterlår rå,Vitamin B6,Kött färskt fryst tillagat ,0.4,mg
941,Kalv ytterlår rå,Vitamin B12,Kött färskt fryst tillagat ,1.3,µg
941,Kalv ytterlår rå,Vitamin A,Kött färskt fryst tillagat ,29.3,RE/µg
941,Kalv ytterlår rå,Vatten,Kött färskt fryst tillagat ,74.2,g
941,Kalv ytterlår rå,Tiamin,Kött färskt fryst tillagat ,0.08,mg
941,Kalv ytterlår rå,Tillsatt socker,Kött färskt fryst tillagat ,0.0,g
941,Kalv ytterlår rå,Fritt socker,Kött färskt fryst tillagat ,0.0,g
941,Kalv ytterlår rå,"Selen, Se",Kött färskt fryst tillagat ,6.0,µg
941,Kalv ytterlår rå,Sackaros,Kött färskt fryst tillagat ,0.0,g
941,Kalv ytterlår rå,Riboflavin,Kött färskt fryst tillagat ,0.15,mg
941,Kalv ytterlår rå,Retinol,Kött färskt fryst tillagat ,29.0,µg
941,Kalv ytterlår rå,Protein,Kött färskt fryst tillagat ,21.2,g
941,Kalv ytterlår rå,Summa fleromättade fettsyror,Kött färskt fryst tillagat ,0.3,g
941,Kalv ytterlår rå,"Fosfor, P",Kött färskt fryst tillagat ,199.0,mg
941,Kalv ytterlår rå,Niacinekvivalenter,Kött färskt fryst tillagat ,9.89,NE/mg
941,Kalv ytterlår rå,Niacin,Kött färskt fryst tillagat ,6.0,mg
941,Kalv ytterlår rå,"Salt, NaCl",Kött färskt fryst tillagat ,0.1,g
941,Kalv ytterlår rå,"Natrium, Na",Kött färskt fryst tillagat ,55.0,mg
941,Kalv ytterlår rå,Monosackarider,Kött färskt fryst tillagat ,0.0,g
941,Kalv ytterlår rå,"Sockerarter, totalt",Kött färskt fryst tillagat ,0.0,g
941,Kalv ytterlår rå,Summa enkelomättade fettsyror,Kött färskt fryst tillagat ,1.5,g
941,Kalv ytterlår rå,"Magnesium, Mg",Kött färskt fryst tillagat ,20.0,mg
941,Kalv ytterlår rå,Summa mättade fettsyror,Kött färskt fryst tillagat ,1.3,g
941,Kalv ytterlår rå,"Kolhydrater, tillgängliga",Kött färskt fryst tillagat ,0.0,g
941,Kalv ytterlår rå,Kolesterol,Kött färskt fryst tillagat ,71.0,mg
941,Kalv ytterlår rå,"Kalium, K",Kött färskt fryst tillagat ,370.0,mg
941,Kalv ytterlår rå,"Jod, I",Kött färskt fryst tillagat ,2.7,µg
941,Kalv ytterlår rå,Fullkorn totalt,Kött färskt fryst tillagat ,0.0,g
941,Kalv ytterlår rå,"Folat, totalt",Kött färskt fryst tillagat ,5.0,µg
941,Kalv ytterlår rå,Fibrer,Kött färskt fryst tillagat ,0.0,g
941,Kalv ytterlår rå,"Fett, totalt",Kött färskt fryst tillagat ,3.5,g
941,Kalv ytterlår rå,"Järn, Fe",Kött färskt fryst tillagat ,1.7,mg
941,Kalv ytterlår rå,Energi (kJ),Kött färskt fryst tillagat ,490.0,kJ
941,Kalv ytterlår rå,Energi (kcal),Kött färskt fryst tillagat ,117.0,kcal
941,Kalv ytterlår rå,Disackarider,Kött färskt fryst tillagat ,0.0,g
941,Kalv ytterlår rå,"Kalcium, Ca",Kött färskt fryst tillagat ,10.0,mg
941,Kalv ytterlår rå,Fettsyra 4:0-10:0,Kött färskt fryst tillagat ,0.0,g
941,Kalv ytterlår rå,DHA (C22:6),Kött färskt fryst tillagat ,0.0,g
941,Kalv ytterlår rå,DPA (C22:5),Kött färskt fryst tillagat ,0.0,g
941,Kalv ytterlår rå,EPA (C20:5),Kött färskt fryst tillagat ,0.0,g
941,Kalv ytterlår rå,Arakidonsyra C20:4,Kött färskt fryst tillagat ,0.0,g
941,Kalv ytterlår rå,Arakidinsyra C20:0,Kött färskt fryst tillagat ,0.0,g
941,Kalv ytterlår rå,Linolensyra C18:3,Kött färskt fryst tillagat ,0.0,g
941,Kalv ytterlår rå,Linolsyra C18:2,Kött färskt fryst tillagat ,0.2,g
941,Kalv ytterlår rå,Oljesyra C18:1,Kött färskt fryst tillagat ,1.3,g
941,Kalv ytterlår rå,Stearinsyra C18:0,Kött färskt fryst tillagat ,0.4,g
941,Kalv ytterlår rå,Palmitoljesyra C16:1,Kött färskt fryst tillagat ,0.2,g
941,Kalv ytterlår rå,Palmitinsyra C16:0,Kött färskt fryst tillagat ,0.7,g
941,Kalv ytterlår rå,Myristinsyra C14:0,Kött färskt fryst tillagat ,0.1,g
941,Kalv ytterlår rå,Laurinsyra C12:0,Kött färskt fryst tillagat ,0.0,g
941,Kalv ytterlår rå,Betakaroten/β-Karoten,Kött färskt fryst tillagat ,4.0,µg
941,Kalv ytterlår rå,Avfall (skal etc.),Kött färskt fryst tillagat ,0.0,%
941,Kalv ytterlår rå,Aska,Kött färskt fryst tillagat ,1.1,g
941,Kalv ytterlår rå,Alkohol,Kött färskt fryst tillagat ,0.0,g
942,Kalv tunnbringa rå,"Zink, Zn",Kött färskt fryst tillagat ,4.2,mg
942,Kalv tunnbringa rå,Vitamin E,Kött färskt fryst tillagat ,0.3,mg
942,Kalv tunnbringa rå,Vitamin D,Kött färskt fryst tillagat ,0.3,µg
942,Kalv tunnbringa rå,Vitamin C,Kött färskt fryst tillagat ,0.0,mg
942,Kalv tunnbringa rå,Vitamin B6,Kött färskt fryst tillagat ,0.4,mg
942,Kalv tunnbringa rå,Vitamin B12,Kött färskt fryst tillagat ,1.3,µg
942,Kalv tunnbringa rå,Vitamin A,Kött färskt fryst tillagat ,29.3,RE/µg
942,Kalv tunnbringa rå,Vatten,Kött färskt fryst tillagat ,69.3,g
942,Kalv tunnbringa rå,Tiamin,Kött färskt fryst tillagat ,0.07,mg
942,Kalv tunnbringa rå,Tillsatt socker,Kött färskt fryst tillagat ,0.0,g
942,Kalv tunnbringa rå,Fritt socker,Kött färskt fryst tillagat ,0.0,g
942,Kalv tunnbringa rå,"Selen, Se",Kött färskt fryst tillagat ,6.0,µg
942,Kalv tunnbringa rå,Sackaros,Kött färskt fryst tillagat ,0.0,g
942,Kalv tunnbringa rå,Riboflavin,Kött färskt fryst tillagat ,0.17,mg
942,Kalv tunnbringa rå,Retinol,Kött färskt fryst tillagat ,29.0,µg
942,Kalv tunnbringa rå,Protein,Kött färskt fryst tillagat ,18.7,g
942,Kalv tunnbringa rå,Summa fleromättade fettsyror,Kött färskt fryst tillagat ,1.1,g
942,Kalv tunnbringa rå,"Fosfor, P",Kött färskt fryst tillagat ,168.0,mg
942,Kalv tunnbringa rå,Niacinekvivalenter,Kött färskt fryst tillagat ,9.43,NE/mg
942,Kalv tunnbringa rå,Niacin,Kött färskt fryst tillagat ,6.0,mg
942,Kalv tunnbringa rå,"Salt, NaCl",Kött färskt fryst tillagat ,0.2,g
942,Kalv tunnbringa rå,"Natrium, Na",Kött färskt fryst tillagat ,70.0,mg
942,Kalv tunnbringa rå,Monosackarider,Kött färskt fryst tillagat ,0.0,g
942,Kalv tunnbringa rå,"Sockerarter, totalt",Kött färskt fryst tillagat ,0.0,g
942,Kalv tunnbringa rå,Summa enkelomättade fettsyror,Kött färskt fryst tillagat ,5.0,g
942,Kalv tunnbringa rå,"Magnesium, Mg",Kött färskt fryst tillagat ,20.0,mg
942,Kalv tunnbringa rå,Summa mättade fettsyror,Kött färskt fryst tillagat ,4.3,g
942,Kalv tunnbringa rå,"Kolhydrater, tillgängliga",Kött färskt fryst tillagat ,0.0,g
942,Kalv tunnbringa rå,Kolesterol,Kött färskt fryst tillagat ,71.0,mg
942,Kalv tunnbringa rå,"Kalium, K",Kött färskt fryst tillagat ,320.0,mg
942,Kalv tunnbringa rå,"Jod, I",Kött färskt fryst tillagat ,1.7,µg
942,Kalv tunnbringa rå,Fullkorn totalt,Kött färskt fryst tillagat ,0.0,g
942,Kalv tunnbringa rå,"Folat, totalt",Kött färskt fryst tillagat ,5.0,µg
942,Kalv tunnbringa rå,Fibrer,Kött färskt fryst tillagat ,0.0,g
942,Kalv tunnbringa rå,"Fett, totalt",Kött färskt fryst tillagat ,11.0,g
942,Kalv tunnbringa rå,"Järn, Fe",Kött färskt fryst tillagat ,1.7,mg
942,Kalv tunnbringa rå,Energi (kJ),Kött färskt fryst tillagat ,725.0,kJ
942,Kalv tunnbringa rå,Energi (kcal),Kött färskt fryst tillagat ,173.0,kcal
942,Kalv tunnbringa rå,Disackarider,Kött färskt fryst tillagat ,0.0,g
942,Kalv tunnbringa rå,"Kalcium, Ca",Kött färskt fryst tillagat ,14.0,mg
942,Kalv tunnbringa rå,Fettsyra 4:0-10:0,Kött färskt fryst tillagat ,0.0,g
942,Kalv tunnbringa rå,DHA (C22:6),Kött färskt fryst tillagat ,0.0,g
942,Kalv tunnbringa rå,DPA (C22:5),Kött färskt fryst tillagat ,0.0,g
942,Kalv tunnbringa rå,EPA (C20:5),Kött färskt fryst tillagat ,0.0,g
942,Kalv tunnbringa rå,Arakidonsyra C20:4,Kött färskt fryst tillagat ,0.2,g
942,Kalv tunnbringa rå,Arakidinsyra C20:0,Kött färskt fryst tillagat ,0.0,g
942,Kalv tunnbringa rå,Linolensyra C18:3,Kött färskt fryst tillagat ,0.1,g
942,Kalv tunnbringa rå,Linolsyra C18:2,Kött färskt fryst tillagat ,0.6,g
942,Kalv tunnbringa rå,Oljesyra C18:1,Kött färskt fryst tillagat ,4.3,g
942,Kalv tunnbringa rå,Stearinsyra C18:0,Kött färskt fryst tillagat ,1.3,g
942,Kalv tunnbringa rå,Palmitoljesyra C16:1,Kött färskt fryst tillagat ,0.5,g
942,Kalv tunnbringa rå,Palmitinsyra C16:0,Kött färskt fryst tillagat ,2.4,g
942,Kalv tunnbringa rå,Myristinsyra C14:0,Kött färskt fryst tillagat ,0.4,g
942,Kalv tunnbringa rå,Laurinsyra C12:0,Kött färskt fryst tillagat ,0.0,g
942,Kalv tunnbringa rå,Betakaroten/β-Karoten,Kött färskt fryst tillagat ,4.0,µg
942,Kalv tunnbringa rå,Avfall (skal etc.),Kött färskt fryst tillagat ,50.0,%
942,Kalv tunnbringa rå,Aska,Kött färskt fryst tillagat ,1.0,g
942,Kalv tunnbringa rå,Alkohol,Kött färskt fryst tillagat ,0.0,g
943,Kalv högrev rå,"Zink, Zn",Kött färskt fryst tillagat ,4.3,mg
943,Kalv högrev rå,Vitamin E,Kött färskt fryst tillagat ,0.3,mg
943,Kalv högrev rå,Vitamin D,Kött färskt fryst tillagat ,0.3,µg
943,Kalv högrev rå,Vitamin C,Kött färskt fryst tillagat ,0.0,mg
943,Kalv högrev rå,Vitamin B6,Kött färskt fryst tillagat ,0.4,mg
943,Kalv högrev rå,Vitamin B12,Kött färskt fryst tillagat ,1.3,µg
943,Kalv högrev rå,Vitamin A,Kött färskt fryst tillagat ,29.3,RE/µg
943,Kalv högrev rå,Vatten,Kött färskt fryst tillagat ,73.0,g
943,Kalv högrev rå,Tiamin,Kött färskt fryst tillagat ,0.06,mg
943,Kalv högrev rå,Tillsatt socker,Kött färskt fryst tillagat ,0.0,g
943,Kalv högrev rå,Fritt socker,Kött färskt fryst tillagat ,0.0,g
943,Kalv högrev rå,"Selen, Se",Kött färskt fryst tillagat ,6.0,µg
943,Kalv högrev rå,Sackaros,Kött färskt fryst tillagat ,0.0,g
943,Kalv högrev rå,Riboflavin,Kött färskt fryst tillagat ,0.13,mg
943,Kalv högrev rå,Retinol,Kött färskt fryst tillagat ,29.0,µg
943,Kalv högrev rå,Protein,Kött färskt fryst tillagat ,19.2,g
943,Kalv högrev rå,Summa fleromättade fettsyror,Kött färskt fryst tillagat ,0.4,g
943,Kalv högrev rå,"Fosfor, P",Kött färskt fryst tillagat ,183.0,mg
943,Kalv högrev rå,Niacinekvivalenter,Kött färskt fryst tillagat ,9.52,NE/mg
943,Kalv högrev rå,Niacin,Kött färskt fryst tillagat ,6.0,mg
943,Kalv högrev rå,"Salt, NaCl",Kött färskt fryst tillagat ,0.2,g
943,Kalv högrev rå,"Natrium, Na",Kött färskt fryst tillagat ,68.0,mg
943,Kalv högrev rå,Monosackarider,Kött färskt fryst tillagat ,0.0,g
943,Kalv högrev rå,"Sockerarter, totalt",Kött färskt fryst tillagat ,0.0,g
943,Kalv högrev rå,Summa enkelomättade fettsyror,Kött färskt fryst tillagat ,2.9,g
943,Kalv högrev rå,"Magnesium, Mg",Kött färskt fryst tillagat ,20.0,mg
943,Kalv högrev rå,Summa mättade fettsyror,Kött färskt fryst tillagat ,2.8,g
943,Kalv högrev rå,"Kolhydrater, tillgängliga",Kött färskt fryst tillagat ,0.0,g
943,Kalv högrev rå,Kolesterol,Kött färskt fryst tillagat ,71.0,mg
943,Kalv högrev rå,"Kalium, K",Kött färskt fryst tillagat ,320.0,mg
943,Kalv högrev rå,"Jod, I",Kött färskt fryst tillagat ,2.7,µg
943,Kalv högrev rå,Fullkorn totalt,Kött färskt fryst tillagat ,0.0,g
943,Kalv högrev rå,"Folat, totalt",Kött färskt fryst tillagat ,5.0,µg
943,Kalv högrev rå,Fibrer,Kött färskt fryst tillagat ,0.0,g
943,Kalv högrev rå,"Fett, totalt",Kött färskt fryst tillagat ,6.4,g
943,Kalv högrev rå,"Järn, Fe",Kött färskt fryst tillagat ,1.6,mg
943,Kalv högrev rå,Energi (kJ),Kött färskt fryst tillagat ,563.0,kJ
943,Kalv högrev rå,Energi (kcal),Kött färskt fryst tillagat ,135.0,kcal
943,Kalv högrev rå,Disackarider,Kött färskt fryst tillagat ,0.0,g
943,Kalv högrev rå,"Kalcium, Ca",Kött färskt fryst tillagat ,15.0,mg
943,Kalv högrev rå,Fettsyra 4:0-10:0,Kött färskt fryst tillagat ,0.0,g
943,Kalv högrev rå,DHA (C22:6),Kött färskt fryst tillagat ,0.0,g
943,Kalv högrev rå,DPA (C22:5),Kött färskt fryst tillagat ,0.0,g
943,Kalv högrev rå,EPA (C20:5),Kött färskt fryst tillagat ,0.0,g
943,Kalv högrev rå,Arakidonsyra C20:4,Kött färskt fryst tillagat ,0.1,g
943,Kalv högrev rå,Arakidinsyra C20:0,Kött färskt fryst tillagat ,0.0,g
943,Kalv högrev rå,Linolensyra C18:3,Kött färskt fryst tillagat ,0.0,g
943,Kalv högrev rå,Linolsyra C18:2,Kött färskt fryst tillagat ,0.2,g
943,Kalv högrev rå,Oljesyra C18:1,Kött färskt fryst tillagat ,2.6,g
943,Kalv högrev rå,Stearinsyra C18:0,Kött färskt fryst tillagat ,1.0,g
943,Kalv högrev rå,Palmitoljesyra C16:1,Kött färskt fryst tillagat ,0.2,g
943,Kalv högrev rå,Palmitinsyra C16:0,Kött färskt fryst tillagat ,1.4,g
943,Kalv högrev rå,Myristinsyra C14:0,Kött färskt fryst tillagat ,0.2,g
943,Kalv högrev rå,Laurinsyra C12:0,Kött färskt fryst tillagat ,0.0,g
943,Kalv högrev rå,Betakaroten/β-Karoten,Kött färskt fryst tillagat ,4.0,µg
943,Kalv högrev rå,Avfall (skal etc.),Kött färskt fryst tillagat ,37.0,%
943,Kalv högrev rå,Aska,Kött färskt fryst tillagat ,1.1,g
943,Kalv högrev rå,Alkohol,Kött färskt fryst tillagat ,0.0,g
944,Kanin kött rå,"Zink, Zn",Kött färskt fryst tillagat ,1.7,mg
944,Kanin kött rå,Vitamin E,Kött färskt fryst tillagat ,0.4,mg
944,Kanin kött rå,Vitamin D,Kött färskt fryst tillagat ,0.4,µg
944,Kanin kött rå,Vitamin C,Kött färskt fryst tillagat ,0.0,mg
944,Kanin kött rå,Vitamin B6,Kött färskt fryst tillagat ,0.6,mg
944,Kanin kött rå,Vitamin B12,Kött färskt fryst tillagat ,10.0,µg
944,Kanin kött rå,Vitamin A,Kött färskt fryst tillagat ,10.0,RE/µg
944,Kanin kött rå,Vatten,Kött färskt fryst tillagat ,73.0,g
944,Kanin kött rå,Tiamin,Kött färskt fryst tillagat ,0.12,mg
944,Kanin kött rå,Tillsatt socker,Kött färskt fryst tillagat ,0.0,g
944,Kanin kött rå,Fritt socker,Kött färskt fryst tillagat ,0.0,g
944,Kanin kött rå,"Selen, Se",Kött färskt fryst tillagat ,10.0,µg
944,Kanin kött rå,Sackaros,Kött färskt fryst tillagat ,0.0,g
944,Kanin kött rå,Riboflavin,Kött färskt fryst tillagat ,0.14,mg
944,Kanin kött rå,Retinol,Kött färskt fryst tillagat ,10.0,µg
944,Kanin kött rå,Protein,Kött färskt fryst tillagat ,22.0,g
944,Kanin kött rå,Summa fleromättade fettsyror,Kött färskt fryst tillagat ,1.3,g
944,Kanin kött rå,"Fosfor, P",Kött färskt fryst tillagat ,210.0,mg
944,Kanin kött rå,Niacinekvivalenter,Kött färskt fryst tillagat ,14.03,NE/mg
944,Kanin kött rå,Niacin,Kött färskt fryst tillagat ,10.0,mg
944,Kanin kött rå,"Salt, NaCl",Kött färskt fryst tillagat ,0.1,g
944,Kanin kött rå,"Natrium, Na",Kött färskt fryst tillagat ,56.0,mg
944,Kanin kött rå,Monosackarider,Kött färskt fryst tillagat ,0.0,g
944,Kanin kött rå,"Sockerarter, totalt",Kött färskt fryst tillagat ,0.0,g
944,Kanin kött rå,Summa enkelomättade fettsyror,Kött färskt fryst tillagat ,0.8,g
944,Kanin kött rå,"Magnesium, Mg",Kött färskt fryst tillagat ,23.0,mg
944,Kanin kött rå,Summa mättade fettsyror,Kött färskt fryst tillagat ,1.6,g
944,Kanin kött rå,"Kolhydrater, tillgängliga",Kött färskt fryst tillagat ,0.0,g
944,Kanin kött rå,Kolesterol,Kött färskt fryst tillagat ,71.0,mg
944,Kanin kött rå,"Kalium, K",Kött färskt fryst tillagat ,310.0,mg
944,Kanin kött rå,"Jod, I",Kött färskt fryst tillagat ,2.0,µg
944,Kanin kött rå,Fullkorn totalt,Kött färskt fryst tillagat ,0.0,g
944,Kanin kött rå,"Folat, totalt",Kött färskt fryst tillagat ,5.0,µg
944,Kanin kött rå,Fibrer,Kött färskt fryst tillagat ,0.0,g
944,Kanin kött rå,"Fett, totalt",Kött färskt fryst tillagat ,4.0,g
944,Kanin kött rå,"Järn, Fe",Kött färskt fryst tillagat ,1.8,mg
944,Kanin kött rå,Energi (kJ),Kött färskt fryst tillagat ,522.0,kJ
944,Kanin kött rå,Energi (kcal),Kött färskt fryst tillagat ,125.0,kcal
944,Kanin kött rå,Disackarider,Kött färskt fryst tillagat ,0.0,g
944,Kanin kött rå,"Kalcium, Ca",Kött färskt fryst tillagat ,13.0,mg
944,Kanin kött rå,Fettsyra 4:0-10:0,Kött färskt fryst tillagat ,0.0,g
944,Kanin kött rå,DHA (C22:6),Kött färskt fryst tillagat ,0.0,g
944,Kanin kött rå,DPA (C22:5),Kött färskt fryst tillagat ,0.0,g
944,Kanin kött rå,EPA (C20:5),Kött färskt fryst tillagat ,0.0,g
944,Kanin kött rå,Arakidonsyra C20:4,Kött färskt fryst tillagat ,0.1,g
944,Kanin kött rå,Arakidinsyra C20:0,Kött färskt fryst tillagat ,0.0,g
944,Kanin kött rå,Linolensyra C18:3,Kött färskt fryst tillagat ,0.4,g
944,Kanin kött rå,Linolsyra C18:2,Kött färskt fryst tillagat ,0.8,g
944,Kanin kött rå,Oljesyra C18:1,Kött färskt fryst tillagat ,0.7,g
944,Kanin kött rå,Stearinsyra C18:0,Kött färskt fryst tillagat ,0.3,g
944,Kanin kött rå,Palmitoljesyra C16:1,Kött färskt fryst tillagat ,0.1,g
944,Kanin kött rå,Palmitinsyra C16:0,Kött färskt fryst tillagat ,1.1,g
944,Kanin kött rå,Myristinsyra C14:0,Kött färskt fryst tillagat ,0.1,g
944,Kanin kött rå,Laurinsyra C12:0,Kött färskt fryst tillagat ,0.0,g
944,Kanin kött rå,Betakaroten/β-Karoten,Kött färskt fryst tillagat ,0.0,µg
944,Kanin kött rå,Avfall (skal etc.),Kött färskt fryst tillagat ,38.0,%
944,Kanin kött rå,Aska,Kött färskt fryst tillagat ,1.0,g
944,Kanin kött rå,Alkohol,Kött färskt fryst tillagat ,0.0,g
945,Nöt clubstek biff rå m. ben,"Zink, Zn",Kött färskt fryst tillagat ,5.4,mg
945,Nöt clubstek biff rå m. ben,Vitamin E,Kött färskt fryst tillagat ,0.1,mg
945,Nöt clubstek biff rå m. ben,Vitamin D,Kött färskt fryst tillagat ,0.5,µg
945,Nöt clubstek biff rå m. ben,Vitamin C,Kött färskt fryst tillagat ,0.0,mg
945,Nöt clubstek biff rå m. ben,Vitamin B6,Kött färskt fryst tillagat ,0.48,mg
945,Nöt clubstek biff rå m. ben,Vitamin B12,Kött färskt fryst tillagat ,1.4,µg
945,Nöt clubstek biff rå m. ben,Vitamin A,Kött färskt fryst tillagat ,6.9,RE/µg
945,Nöt clubstek biff rå m. ben,Vatten,Kött färskt fryst tillagat ,70.0,g
945,Nöt clubstek biff rå m. ben,Tiamin,Kött färskt fryst tillagat ,0.03,mg
945,Nöt clubstek biff rå m. ben,Tillsatt socker,Kött färskt fryst tillagat ,0.0,g
945,Nöt clubstek biff rå m. ben,Fritt socker,Kött färskt fryst tillagat ,0.0,g
945,Nöt clubstek biff rå m. ben,"Selen, Se",Kött färskt fryst tillagat ,9.0,µg
945,Nöt clubstek biff rå m. ben,Sackaros,Kött färskt fryst tillagat ,0.0,g
945,Nöt clubstek biff rå m. ben,Riboflavin,Kött färskt fryst tillagat ,0.19,mg
945,Nöt clubstek biff rå m. ben,Retinol,Kött färskt fryst tillagat ,6.1,µg
945,Nöt clubstek biff rå m. ben,Protein,Kött färskt fryst tillagat ,19.7,g
945,Nöt clubstek biff rå m. ben,Summa fleromättade fettsyror,Kött färskt fryst tillagat ,0.4,g
945,Nöt clubstek biff rå m. ben,"Fosfor, P",Kött färskt fryst tillagat ,162.0,mg
945,Nöt clubstek biff rå m. ben,Niacinekvivalenter,Kött färskt fryst tillagat ,9.51,NE/mg
945,Nöt clubstek biff rå m. ben,Niacin,Kött färskt fryst tillagat ,5.9,mg
945,Nöt clubstek biff rå m. ben,"Salt, NaCl",Kött färskt fryst tillagat ,0.1,g
945,Nöt clubstek biff rå m. ben,"Natrium, Na",Kött färskt fryst tillagat ,54.0,mg
945,Nöt clubstek biff rå m. ben,Monosackarider,Kött färskt fryst tillagat ,0.0,g
945,Nöt clubstek biff rå m. ben,"Sockerarter, totalt",Kött färskt fryst tillagat ,0.0,g
945,Nöt clubstek biff rå m. ben,Summa enkelomättade fettsyror,Kött färskt fryst tillagat ,3.8,g
945,Nöt clubstek biff rå m. ben,"Magnesium, Mg",Kött färskt fryst tillagat ,21.0,mg
945,Nöt clubstek biff rå m. ben,Summa mättade fettsyror,Kött färskt fryst tillagat ,4.4,g
945,Nöt clubstek biff rå m. ben,"Kolhydrater, tillgängliga",Kött färskt fryst tillagat ,0.0,g
945,Nöt clubstek biff rå m. ben,Kolesterol,Kött färskt fryst tillagat ,54.0,mg
945,Nöt clubstek biff rå m. ben,"Kalium, K",Kött färskt fryst tillagat ,303.0,mg
945,Nöt clubstek biff rå m. ben,"Jod, I",Kött färskt fryst tillagat ,2.7,µg
945,Nöt clubstek biff rå m. ben,Fullkorn totalt,Kött färskt fryst tillagat ,0.0,g
945,Nöt clubstek biff rå m. ben,"Folat, totalt",Kött färskt fryst tillagat ,12.0,µg
945,Nöt clubstek biff rå m. ben,Fibrer,Kött färskt fryst tillagat ,0.0,g
945,Nöt clubstek biff rå m. ben,"Fett, totalt",Kött färskt fryst tillagat ,9.3,g
945,Nöt clubstek biff rå m. ben,"Järn, Fe",Kött färskt fryst tillagat ,2.3,mg
945,Nöt clubstek biff rå m. ben,Energi (kJ),Kött färskt fryst tillagat ,679.0,kJ
945,Nöt clubstek biff rå m. ben,Energi (kcal),Kött färskt fryst tillagat ,162.0,kcal
945,Nöt clubstek biff rå m. ben,Disackarider,Kött färskt fryst tillagat ,0.0,g
945,Nöt clubstek biff rå m. ben,"Kalcium, Ca",Kött färskt fryst tillagat ,7.0,mg
945,Nöt clubstek biff rå m. ben,Fettsyra 4:0-10:0,Kött färskt fryst tillagat ,0.0,g
945,Nöt clubstek biff rå m. ben,DHA (C22:6),Kött färskt fryst tillagat ,0.0,g
945,Nöt clubstek biff rå m. ben,DPA (C22:5),Kött färskt fryst tillagat ,0.0,g
945,Nöt clubstek biff rå m. ben,EPA (C20:5),Kött färskt fryst tillagat ,0.0,g
945,Nöt clubstek biff rå m. ben,Arakidonsyra C20:4,Kött färskt fryst tillagat ,0.0,g
945,Nöt clubstek biff rå m. ben,Arakidinsyra C20:0,Kött färskt fryst tillagat ,0.0,g
945,Nöt clubstek biff rå m. ben,Linolensyra C18:3,Kött färskt fryst tillagat ,0.0,g
945,Nöt clubstek biff rå m. ben,Linolsyra C18:2,Kött färskt fryst tillagat ,0.2,g
945,Nöt clubstek biff rå m. ben,Oljesyra C18:1,Kött färskt fryst tillagat ,3.4,g
945,Nöt clubstek biff rå m. ben,Stearinsyra C18:0,Kött färskt fryst tillagat ,1.8,g
945,Nöt clubstek biff rå m. ben,Palmitoljesyra C16:1,Kött färskt fryst tillagat ,0.2,g
945,Nöt clubstek biff rå m. ben,Palmitinsyra C16:0,Kött färskt fryst tillagat ,2.2,g
945,Nöt clubstek biff rå m. ben,Myristinsyra C14:0,Kött färskt fryst tillagat ,0.2,g
945,Nöt clubstek biff rå m. ben,Laurinsyra C12:0,Kött färskt fryst tillagat ,0.0,g
945,Nöt clubstek biff rå m. ben,Betakaroten/β-Karoten,Kött färskt fryst tillagat ,10.0,µg
945,Nöt clubstek biff rå m. ben,Avfall (skal etc.),Kött färskt fryst tillagat ,25.0,%
945,Nöt clubstek biff rå m. ben,Aska,Kött färskt fryst tillagat ,1.0,g
945,Nöt clubstek biff rå m. ben,Alkohol,Kött färskt fryst tillagat ,0.0,g
946,Nöt ryggbiff rå,"Zink, Zn",Kött färskt fryst tillagat ,3.8,mg
946,Nöt ryggbiff rå,Vitamin E,Kött färskt fryst tillagat ,0.1,mg
946,Nöt ryggbiff rå,Vitamin D,Kött färskt fryst tillagat ,0.5,µg
946,Nöt ryggbiff rå,Vitamin C,Kött färskt fryst tillagat ,0.0,mg
946,Nöt ryggbiff rå,Vitamin B6,Kött färskt fryst tillagat ,0.48,mg
946,Nöt ryggbiff rå,Vitamin B12,Kött färskt fryst tillagat ,1.4,µg
946,Nöt ryggbiff rå,Vitamin A,Kött färskt fryst tillagat ,5.9,RE/µg
946,Nöt ryggbiff rå,Vatten,Kött färskt fryst tillagat ,73.2,g
946,Nöt ryggbiff rå,Tiamin,Kött färskt fryst tillagat ,0.08,mg
946,Nöt ryggbiff rå,Tillsatt socker,Kött färskt fryst tillagat ,0.0,g
946,Nöt ryggbiff rå,Fritt socker,Kött färskt fryst tillagat ,0.0,g
946,Nöt ryggbiff rå,"Selen, Se",Kött färskt fryst tillagat ,9.0,µg
946,Nöt ryggbiff rå,Sackaros,Kött färskt fryst tillagat ,0.0,g
946,Nöt ryggbiff rå,Riboflavin,Kött färskt fryst tillagat ,0.26,mg
946,Nöt ryggbiff rå,Retinol,Kött färskt fryst tillagat ,5.2,µg
946,Nöt ryggbiff rå,Protein,Kött färskt fryst tillagat ,21.8,g
946,Nöt ryggbiff rå,Summa fleromättade fettsyror,Kött färskt fryst tillagat ,0.2,g
946,Nöt ryggbiff rå,"Fosfor, P",Kött färskt fryst tillagat ,189.0,mg
946,Nöt ryggbiff rå,Niacinekvivalenter,Kött färskt fryst tillagat ,9.7,NE/mg
946,Nöt ryggbiff rå,Niacin,Kött färskt fryst tillagat ,5.7,mg
946,Nöt ryggbiff rå,"Salt, NaCl",Kött färskt fryst tillagat ,0.2,g
946,Nöt ryggbiff rå,"Natrium, Na",Kött färskt fryst tillagat ,58.0,mg
946,Nöt ryggbiff rå,Monosackarider,Kött färskt fryst tillagat ,0.0,g
946,Nöt ryggbiff rå,"Sockerarter, totalt",Kött färskt fryst tillagat ,0.0,g
946,Nöt ryggbiff rå,Summa enkelomättade fettsyror,Kött färskt fryst tillagat ,1.7,g
946,Nöt ryggbiff rå,"Magnesium, Mg",Kött färskt fryst tillagat ,22.0,mg
946,Nöt ryggbiff rå,Summa mättade fettsyror,Kött färskt fryst tillagat ,1.6,g
946,Nöt ryggbiff rå,"Kolhydrater, tillgängliga",Kött färskt fryst tillagat ,0.0,g
946,Nöt ryggbiff rå,Kolesterol,Kött färskt fryst tillagat ,52.0,mg
946,Nöt ryggbiff rå,"Kalium, K",Kött färskt fryst tillagat ,333.0,mg
946,Nöt ryggbiff rå,"Jod, I",Kött färskt fryst tillagat ,2.7,µg
946,Nöt ryggbiff rå,Fullkorn totalt,Kött färskt fryst tillagat ,0.0,g
946,Nöt ryggbiff rå,"Folat, totalt",Kött färskt fryst tillagat ,12.0,µg
946,Nöt ryggbiff rå,Fibrer,Kött färskt fryst tillagat ,0.0,g
946,Nöt ryggbiff rå,"Fett, totalt",Kött färskt fryst tillagat ,3.8,g
946,Nöt ryggbiff rå,"Järn, Fe",Kött färskt fryst tillagat ,2.2,mg
946,Nöt ryggbiff rå,Energi (kJ),Kött färskt fryst tillagat ,513.0,kJ
946,Nöt ryggbiff rå,Energi (kcal),Kött färskt fryst tillagat ,123.0,kcal
946,Nöt ryggbiff rå,Disackarider,Kött färskt fryst tillagat ,0.0,g
946,Nöt ryggbiff rå,"Kalcium, Ca",Kött färskt fryst tillagat ,6.0,mg
946,Nöt ryggbiff rå,Fettsyra 4:0-10:0,Kött färskt fryst tillagat ,0.0,g
946,Nöt ryggbiff rå,DHA (C22:6),Kött färskt fryst tillagat ,0.0,g
946,Nöt ryggbiff rå,DPA (C22:5),Kött färskt fryst tillagat ,0.0,g
946,Nöt ryggbiff rå,EPA (C20:5),Kött färskt fryst tillagat ,0.0,g
946,Nöt ryggbiff rå,Arakidonsyra C20:4,Kött färskt fryst tillagat ,0.0,g
946,Nöt ryggbiff rå,Arakidinsyra C20:0,Kött färskt fryst tillagat ,0.0,g
946,Nöt ryggbiff rå,Linolensyra C18:3,Kött färskt fryst tillagat ,0.0,g
946,Nöt ryggbiff rå,Linolsyra C18:2,Kött färskt fryst tillagat ,0.1,g
946,Nöt ryggbiff rå,Oljesyra C18:1,Kött färskt fryst tillagat ,1.5,g
946,Nöt ryggbiff rå,Stearinsyra C18:0,Kött färskt fryst tillagat ,0.6,g
946,Nöt ryggbiff rå,Palmitoljesyra C16:1,Kött färskt fryst tillagat ,0.1,g
946,Nöt ryggbiff rå,Palmitinsyra C16:0,Kött färskt fryst tillagat ,0.9,g
946,Nöt ryggbiff rå,Myristinsyra C14:0,Kött färskt fryst tillagat ,0.1,g
946,Nöt ryggbiff rå,Laurinsyra C12:0,Kött färskt fryst tillagat ,0.0,g
946,Nöt ryggbiff rå,Betakaroten/β-Karoten,Kött färskt fryst tillagat ,8.0,µg
946,Nöt ryggbiff rå,Avfall (skal etc.),Kött färskt fryst tillagat ,0.0,%
946,Nöt ryggbiff rå,Aska,Kött färskt fryst tillagat ,1.1,g
946,Nöt ryggbiff rå,Alkohol,Kött färskt fryst tillagat ,0.0,g
947,Nöt oxbringa rå,"Zink, Zn",Kött färskt fryst tillagat ,4.4,mg
947,Nöt oxbringa rå,Vitamin E,Kött färskt fryst tillagat ,0.4,mg
947,Nöt oxbringa rå,Vitamin D,Kött färskt fryst tillagat ,1.0,µg
947,Nöt oxbringa rå,Vitamin C,Kött färskt fryst tillagat ,0.0,mg
947,Nöt oxbringa rå,Vitamin B6,Kött färskt fryst tillagat ,0.39,mg
947,Nöt oxbringa rå,Vitamin B12,Kött färskt fryst tillagat ,1.4,µg
947,Nöt oxbringa rå,Vitamin A,Kött färskt fryst tillagat ,22.0,RE/µg
947,Nöt oxbringa rå,Vatten,Kött färskt fryst tillagat ,66.4,g
947,Nöt oxbringa rå,Tiamin,Kött färskt fryst tillagat ,0.09,mg
947,Nöt oxbringa rå,Tillsatt socker,Kött färskt fryst tillagat ,0.0,g
947,Nöt oxbringa rå,Fritt socker,Kött färskt fryst tillagat ,0.0,g
947,Nöt oxbringa rå,"Selen, Se",Kött färskt fryst tillagat ,9.0,µg
947,Nöt oxbringa rå,Sackaros,Kött färskt fryst tillagat ,0.0,g
947,Nöt oxbringa rå,Riboflavin,Kött färskt fryst tillagat ,0.17,mg
947,Nöt oxbringa rå,Retinol,Kött färskt fryst tillagat ,19.0,µg
947,Nöt oxbringa rå,Protein,Kött färskt fryst tillagat ,17.6,g
947,Nöt oxbringa rå,Summa fleromättade fettsyror,Kött färskt fryst tillagat ,0.6,g
947,Nöt oxbringa rå,"Fosfor, P",Kött färskt fryst tillagat ,170.0,mg
947,Nöt oxbringa rå,Niacinekvivalenter,Kött färskt fryst tillagat ,7.43,NE/mg
947,Nöt oxbringa rå,Niacin,Kött färskt fryst tillagat ,4.2,mg
947,Nöt oxbringa rå,"Salt, NaCl",Kött färskt fryst tillagat ,0.2,g
947,Nöt oxbringa rå,"Natrium, Na",Kött färskt fryst tillagat ,71.0,mg
947,Nöt oxbringa rå,Monosackarider,Kött färskt fryst tillagat ,0.0,g
947,Nöt oxbringa rå,"Sockerarter, totalt",Kött färskt fryst tillagat ,0.0,g
947,Nöt oxbringa rå,Summa enkelomättade fettsyror,Kött färskt fryst tillagat ,6.1,g
947,Nöt oxbringa rå,"Magnesium, Mg",Kött färskt fryst tillagat ,18.0,mg
947,Nöt oxbringa rå,Summa mättade fettsyror,Kött färskt fryst tillagat ,7.2,g
947,Nöt oxbringa rå,"Kolhydrater, tillgängliga",Kött färskt fryst tillagat ,0.0,g
947,Nöt oxbringa rå,Kolesterol,Kött färskt fryst tillagat ,62.0,mg
947,Nöt oxbringa rå,"Kalium, K",Kött färskt fryst tillagat ,260.0,mg
947,Nöt oxbringa rå,"Jod, I",Kött färskt fryst tillagat ,1.0,µg
947,Nöt oxbringa rå,Fullkorn totalt,Kött färskt fryst tillagat ,0.0,g
947,Nöt oxbringa rå,"Folat, totalt",Kött färskt fryst tillagat ,12.0,µg
947,Nöt oxbringa rå,Fibrer,Kött färskt fryst tillagat ,0.0,g
947,Nöt oxbringa rå,"Fett, totalt",Kött färskt fryst tillagat ,15.1,g
947,Nöt oxbringa rå,"Järn, Fe",Kött färskt fryst tillagat ,2.1,mg
947,Nöt oxbringa rå,Energi (kJ),Kött färskt fryst tillagat ,858.0,kJ
947,Nöt oxbringa rå,Energi (kcal),Kött färskt fryst tillagat ,205.0,kcal
947,Nöt oxbringa rå,Disackarider,Kött färskt fryst tillagat ,0.0,g
947,Nöt oxbringa rå,"Kalcium, Ca",Kött färskt fryst tillagat ,4.0,mg
947,Nöt oxbringa rå,Fettsyra 4:0-10:0,Kött färskt fryst tillagat ,0.0,g
947,Nöt oxbringa rå,DHA (C22:6),Kött färskt fryst tillagat ,0.0,g
947,Nöt oxbringa rå,DPA (C22:5),Kött färskt fryst tillagat ,0.0,g
947,Nöt oxbringa rå,EPA (C20:5),Kött färskt fryst tillagat ,0.0,g
947,Nöt oxbringa rå,Arakidonsyra C20:4,Kött färskt fryst tillagat ,0.1,g
947,Nöt oxbringa rå,Arakidinsyra C20:0,Kött färskt fryst tillagat ,0.0,g
947,Nöt oxbringa rå,Linolensyra C18:3,Kött färskt fryst tillagat ,0.1,g
947,Nöt oxbringa rå,Linolsyra C18:2,Kött färskt fryst tillagat ,0.4,g
947,Nöt oxbringa rå,Oljesyra C18:1,Kött färskt fryst tillagat ,5.5,g
947,Nöt oxbringa rå,Stearinsyra C18:0,Kött färskt fryst tillagat ,2.9,g
947,Nöt oxbringa rå,Palmitoljesyra C16:1,Kött färskt fryst tillagat ,0.4,g
947,Nöt oxbringa rå,Palmitinsyra C16:0,Kött färskt fryst tillagat ,3.6,g
947,Nöt oxbringa rå,Myristinsyra C14:0,Kött färskt fryst tillagat ,0.4,g
947,Nöt oxbringa rå,Laurinsyra C12:0,Kött färskt fryst tillagat ,0.0,g
947,Nöt oxbringa rå,Betakaroten/β-Karoten,Kött färskt fryst tillagat ,36.0,µg
947,Nöt oxbringa rå,Avfall (skal etc.),Kött färskt fryst tillagat ,15.0,%
947,Nöt oxbringa rå,Aska,Kött färskt fryst tillagat ,0.9,g
947,Nöt oxbringa rå,Alkohol,Kött färskt fryst tillagat ,0.0,g
948,Nöt oxbringa rimmad rå,"Zink, Zn",Kött processat,4.4,mg
948,Nöt oxbringa rimmad rå,Vitamin E,Kött processat,0.4,mg
948,Nöt oxbringa rimmad rå,Vitamin D,Kött processat,1.0,µg
948,Nöt oxbringa rimmad rå,Vitamin C,Kött processat,0.0,mg
948,Nöt oxbringa rimmad rå,Vitamin B6,Kött processat,0.31,mg
948,Nöt oxbringa rimmad rå,Vitamin B12,Kött processat,1.1,µg
948,Nöt oxbringa rimmad rå,Vitamin A,Kött processat,20.8,RE/µg
948,Nöt oxbringa rimmad rå,Vatten,Kött processat,62.3,g
948,Nöt oxbringa rimmad rå,Tiamin,Kött processat,0.07,mg
948,Nöt oxbringa rimmad rå,Tillsatt socker,Kött processat,0.0,g
948,Nöt oxbringa rimmad rå,Fritt socker,Kött processat,0.0,g
948,Nöt oxbringa rimmad rå,"Selen, Se",Kött processat,9.0,µg
948,Nöt oxbringa rimmad rå,Sackaros,Kött processat,0.0,g
948,Nöt oxbringa rimmad rå,Riboflavin,Kött processat,0.14,mg
948,Nöt oxbringa rimmad rå,Retinol,Kött processat,19.0,µg
948,Nöt oxbringa rimmad rå,Protein,Kött processat,17.6,g
948,Nöt oxbringa rimmad rå,Summa fleromättade fettsyror,Kött processat,0.6,g
948,Nöt oxbringa rimmad rå,"Fosfor, P",Kött processat,170.0,mg
948,Nöt oxbringa rimmad rå,Niacinekvivalenter,Kött processat,7.43,NE/mg
948,Nöt oxbringa rimmad rå,Niacin,Kött processat,4.2,mg
948,Nöt oxbringa rimmad rå,"Salt, NaCl",Kött processat,3.2,g
948,Nöt oxbringa rimmad rå,"Natrium, Na",Kött processat,1300.0,mg
948,Nöt oxbringa rimmad rå,Monosackarider,Kött processat,0.0,g
948,Nöt oxbringa rimmad rå,"Sockerarter, totalt",Kött processat,0.0,g
948,Nöt oxbringa rimmad rå,Summa enkelomättade fettsyror,Kött processat,6.1,g
948,Nöt oxbringa rimmad rå,"Magnesium, Mg",Kött processat,18.0,mg
948,Nöt oxbringa rimmad rå,Summa mättade fettsyror,Kött processat,7.2,g
948,Nöt oxbringa rimmad rå,"Kolhydrater, tillgängliga",Kött processat,0.0,g
948,Nöt oxbringa rimmad rå,Kolesterol,Kött processat,62.0,mg
948,Nöt oxbringa rimmad rå,"Kalium, K",Kött processat,260.0,mg
948,Nöt oxbringa rimmad rå,"Jod, I",Kött processat,2.6,µg
948,Nöt oxbringa rimmad rå,Fullkorn totalt,Kött processat,0.0,g
948,Nöt oxbringa rimmad rå,"Folat, totalt",Kött processat,12.0,µg
948,Nöt oxbringa rimmad rå,Fibrer,Kött processat,0.0,g
948,Nöt oxbringa rimmad rå,"Fett, totalt",Kött processat,15.1,g
948,Nöt oxbringa rimmad rå,"Järn, Fe",Kött processat,2.1,mg
948,Nöt oxbringa rimmad rå,Energi (kJ),Kött processat,858.0,kJ
948,Nöt oxbringa rimmad rå,Energi (kcal),Kött processat,205.0,kcal
948,Nöt oxbringa rimmad rå,Disackarider,Kött processat,0.0,g
948,Nöt oxbringa rimmad rå,"Kalcium, Ca",Kött processat,4.0,mg
948,Nöt oxbringa rimmad rå,Fettsyra 4:0-10:0,Kött processat,0.0,g
948,Nöt oxbringa rimmad rå,DHA (C22:6),Kött processat,0.0,g
948,Nöt oxbringa rimmad rå,DPA (C22:5),Kött processat,0.0,g
948,Nöt oxbringa rimmad rå,EPA (C20:5),Kött processat,0.0,g
948,Nöt oxbringa rimmad rå,Arakidonsyra C20:4,Kött processat,0.1,g
948,Nöt oxbringa rimmad rå,Arakidinsyra C20:0,Kött processat,0.0,g
948,Nöt oxbringa rimmad rå,Linolensyra C18:3,Kött processat,0.1,g
948,Nöt oxbringa rimmad rå,Linolsyra C18:2,Kött processat,0.4,g
948,Nöt oxbringa rimmad rå,Oljesyra C18:1,Kött processat,5.5,g
948,Nöt oxbringa rimmad rå,Stearinsyra C18:0,Kött processat,2.9,g
948,Nöt oxbringa rimmad rå,Palmitoljesyra C16:1,Kött processat,0.4,g
948,Nöt oxbringa rimmad rå,Palmitinsyra C16:0,Kött processat,3.6,g
948,Nöt oxbringa rimmad rå,Myristinsyra C14:0,Kött processat,0.4,g
948,Nöt oxbringa rimmad rå,Laurinsyra C12:0,Kött processat,0.0,g
948,Nöt oxbringa rimmad rå,Betakaroten/β-Karoten,Kött processat,22.0,µg
948,Nöt oxbringa rimmad rå,Avfall (skal etc.),Kött processat,37.0,%
948,Nöt oxbringa rimmad rå,Aska,Kött processat,5.0,g
948,Nöt oxbringa rimmad rå,Alkohol,Kött processat,0.0,g
949,Nöt oxfilé rå,"Zink, Zn",Kött färskt fryst tillagat ,2.6,mg
949,Nöt oxfilé rå,Vitamin E,Kött färskt fryst tillagat ,0.8,mg
949,Nöt oxfilé rå,Vitamin D,Kött färskt fryst tillagat ,0.0,µg
949,Nöt oxfilé rå,Vitamin C,Kött färskt fryst tillagat ,0.0,mg
949,Nöt oxfilé rå,Vitamin B6,Kött färskt fryst tillagat ,0.41,mg
949,Nöt oxfilé rå,Vitamin B12,Kött färskt fryst tillagat ,1.48,µg
949,Nöt oxfilé rå,Vitamin A,Kött färskt fryst tillagat ,8.1,RE/µg
949,Nöt oxfilé rå,Vatten,Kött färskt fryst tillagat ,73.3,g
949,Nöt oxfilé rå,Tiamin,Kött färskt fryst tillagat ,0.1,mg
949,Nöt oxfilé rå,Tillsatt socker,Kött färskt fryst tillagat ,0.0,g
949,Nöt oxfilé rå,Fritt socker,Kött färskt fryst tillagat ,0.0,g
949,Nöt oxfilé rå,"Selen, Se",Kött färskt fryst tillagat ,6.5,µg
949,Nöt oxfilé rå,Sackaros,Kött färskt fryst tillagat ,0.0,g
949,Nöt oxfilé rå,Riboflavin,Kött färskt fryst tillagat ,0.21,mg
949,Nöt oxfilé rå,Retinol,Kött färskt fryst tillagat ,4.7,µg
949,Nöt oxfilé rå,Protein,Kött färskt fryst tillagat ,21.7,g
949,Nöt oxfilé rå,Summa fleromättade fettsyror,Kött färskt fryst tillagat ,0.3,g
949,Nöt oxfilé rå,"Fosfor, P",Kött färskt fryst tillagat ,210.0,mg
949,Nöt oxfilé rå,Niacinekvivalenter,Kött färskt fryst tillagat ,10.8,NE/mg
949,Nöt oxfilé rå,Niacin,Kött färskt fryst tillagat ,6.79,mg
949,Nöt oxfilé rå,"Salt, NaCl",Kött färskt fryst tillagat ,0.2,g
949,Nöt oxfilé rå,"Natrium, Na",Kött färskt fryst tillagat ,70.0,mg
949,Nöt oxfilé rå,Monosackarider,Kött färskt fryst tillagat ,0.0,g
949,Nöt oxfilé rå,"Sockerarter, totalt",Kött färskt fryst tillagat ,0.0,g
949,Nöt oxfilé rå,Summa enkelomättade fettsyror,Kött färskt fryst tillagat ,1.4,g
949,Nöt oxfilé rå,"Magnesium, Mg",Kött färskt fryst tillagat ,25.0,mg
949,Nöt oxfilé rå,Summa mättade fettsyror,Kött färskt fryst tillagat ,2.0,g
949,Nöt oxfilé rå,"Kolhydrater, tillgängliga",Kött färskt fryst tillagat ,0.0,g
949,Nöt oxfilé rå,Kolesterol,Kött färskt fryst tillagat ,56.8,mg
949,Nöt oxfilé rå,"Kalium, K",Kött färskt fryst tillagat ,350.0,mg
949,Nöt oxfilé rå,"Jod, I",Kött färskt fryst tillagat ,3.7,µg
949,Nöt oxfilé rå,Fullkorn totalt,Kött färskt fryst tillagat ,0.0,g
949,Nöt oxfilé rå,"Folat, totalt",Kött färskt fryst tillagat ,5.0,µg
949,Nöt oxfilé rå,Fibrer,Kött färskt fryst tillagat ,0.0,g
949,Nöt oxfilé rå,"Fett, totalt",Kött färskt fryst tillagat ,4.1,g
949,Nöt oxfilé rå,"Järn, Fe",Kött färskt fryst tillagat ,2.3,mg
949,Nöt oxfilé rå,Energi (kJ),Kött färskt fryst tillagat ,520.0,kJ
949,Nöt oxfilé rå,Energi (kcal),Kött färskt fryst tillagat ,124.0,kcal
949,Nöt oxfilé rå,Disackarider,Kött färskt fryst tillagat ,0.0,g
949,Nöt oxfilé rå,"Kalcium, Ca",Kött färskt fryst tillagat ,4.0,mg
949,Nöt oxfilé rå,Fettsyra 4:0-10:0,Kött färskt fryst tillagat ,0.0,g
949,Nöt oxfilé rå,DHA (C22:6),Kött färskt fryst tillagat ,0.0,g
949,Nöt oxfilé rå,DPA (C22:5),Kött färskt fryst tillagat ,0.0,g
949,Nöt oxfilé rå,EPA (C20:5),Kött färskt fryst tillagat ,0.0,g
949,Nöt oxfilé rå,Arakidonsyra C20:4,Kött färskt fryst tillagat ,0.0,g
949,Nöt oxfilé rå,Arakidinsyra C20:0,Kött färskt fryst tillagat ,0.0,g
949,Nöt oxfilé rå,Linolensyra C18:3,Kött färskt fryst tillagat ,0.0,g
949,Nöt oxfilé rå,Linolsyra C18:2,Kött färskt fryst tillagat ,0.2,g
949,Nöt oxfilé rå,Oljesyra C18:1,Kött färskt fryst tillagat ,1.3,g
949,Nöt oxfilé rå,Stearinsyra C18:0,Kött färskt fryst tillagat ,0.8,g
949,Nöt oxfilé rå,Palmitoljesyra C16:1,Kött färskt fryst tillagat ,0.1,g
949,Nöt oxfilé rå,Palmitinsyra C16:0,Kött färskt fryst tillagat ,0.9,g
949,Nöt oxfilé rå,Myristinsyra C14:0,Kött färskt fryst tillagat ,0.1,g
949,Nöt oxfilé rå,Laurinsyra C12:0,Kött färskt fryst tillagat ,0.0,g
949,Nöt oxfilé rå,Betakaroten/β-Karoten,Kött färskt fryst tillagat ,41.0,µg
949,Nöt oxfilé rå,Avfall (skal etc.),Kött färskt fryst tillagat ,0.0,%
949,Nöt oxfilé rå,Aska,Kött färskt fryst tillagat ,1.1,g
949,Nöt oxfilé rå,Alkohol,Kött färskt fryst tillagat ,0.0,g
950,Nöt fransyska rå,"Zink, Zn",Kött färskt fryst tillagat ,4.8,mg
950,Nöt fransyska rå,Vitamin E,Kött färskt fryst tillagat ,0.1,mg
950,Nöt fransyska rå,Vitamin D,Kött färskt fryst tillagat ,0.5,µg
950,Nöt fransyska rå,Vitamin C,Kött färskt fryst tillagat ,0.0,mg
950,Nöt fransyska rå,Vitamin B6,Kött färskt fryst tillagat ,0.44,mg
950,Nöt fransyska rå,Vitamin B12,Kött färskt fryst tillagat ,1.2,µg
950,Nöt fransyska rå,Vitamin A,Kött färskt fryst tillagat ,5.0,RE/µg
950,Nöt fransyska rå,Vatten,Kött färskt fryst tillagat ,74.6,g
950,Nöt fransyska rå,Tiamin,Kött färskt fryst tillagat ,0.08,mg
950,Nöt fransyska rå,Tillsatt socker,Kött färskt fryst tillagat ,0.0,g
950,Nöt fransyska rå,Fritt socker,Kött färskt fryst tillagat ,0.0,g
950,Nöt fransyska rå,"Selen, Se",Kött färskt fryst tillagat ,8.0,µg
950,Nöt fransyska rå,Sackaros,Kött färskt fryst tillagat ,0.0,g
950,Nöt fransyska rå,Riboflavin,Kött färskt fryst tillagat ,0.27,mg
950,Nöt fransyska rå,Retinol,Kött färskt fryst tillagat ,4.4,µg
950,Nöt fransyska rå,Protein,Kött färskt fryst tillagat ,20.8,g
950,Nöt fransyska rå,Summa fleromättade fettsyror,Kött färskt fryst tillagat ,0.2,g
950,Nöt fransyska rå,"Fosfor, P",Kött färskt fryst tillagat ,185.0,mg
950,Nöt fransyska rå,Niacinekvivalenter,Kött färskt fryst tillagat ,7.31,NE/mg
950,Nöt fransyska rå,Niacin,Kött färskt fryst tillagat ,3.5,mg
950,Nöt fransyska rå,"Salt, NaCl",Kött färskt fryst tillagat ,0.2,g
950,Nöt fransyska rå,"Natrium, Na",Kött färskt fryst tillagat ,64.0,mg
950,Nöt fransyska rå,Monosackarider,Kött färskt fryst tillagat ,0.0,g
950,Nöt fransyska rå,"Sockerarter, totalt",Kött färskt fryst tillagat ,0.0,g
950,Nöt fransyska rå,Summa enkelomättade fettsyror,Kött färskt fryst tillagat ,1.4,g
950,Nöt fransyska rå,"Magnesium, Mg",Kött färskt fryst tillagat ,21.0,mg
950,Nöt fransyska rå,Summa mättade fettsyror,Kött färskt fryst tillagat ,1.5,g
950,Nöt fransyska rå,"Kolhydrater, tillgängliga",Kött färskt fryst tillagat ,0.0,g
950,Nöt fransyska rå,Kolesterol,Kött färskt fryst tillagat ,53.0,mg
950,Nöt fransyska rå,"Kalium, K",Kött färskt fryst tillagat ,333.0,mg
950,Nöt fransyska rå,"Jod, I",Kött färskt fryst tillagat ,2.7,µg
950,Nöt fransyska rå,Fullkorn totalt,Kött färskt fryst tillagat ,0.0,g
950,Nöt fransyska rå,"Folat, totalt",Kött färskt fryst tillagat ,13.0,µg
950,Nöt fransyska rå,Fibrer,Kött färskt fryst tillagat ,0.0,g
950,Nöt fransyska rå,"Fett, totalt",Kött färskt fryst tillagat ,3.5,g
950,Nöt fransyska rå,"Järn, Fe",Kött färskt fryst tillagat ,2.4,mg
950,Nöt fransyska rå,Energi (kJ),Kött färskt fryst tillagat ,483.0,kJ
950,Nöt fransyska rå,Energi (kcal),Kött färskt fryst tillagat ,116.0,kcal
950,Nöt fransyska rå,Disackarider,Kött färskt fryst tillagat ,0.0,g
950,Nöt fransyska rå,"Kalcium, Ca",Kött färskt fryst tillagat ,6.0,mg
950,Nöt fransyska rå,Fettsyra 4:0-10:0,Kött färskt fryst tillagat ,0.0,g
950,Nöt fransyska rå,DHA (C22:6),Kött färskt fryst tillagat ,0.0,g
950,Nöt fransyska rå,DPA (C22:5),Kött färskt fryst tillagat ,0.0,g
950,Nöt fransyska rå,EPA (C20:5),Kött färskt fryst tillagat ,0.0,g
950,Nöt fransyska rå,Arakidonsyra C20:4,Kött färskt fryst tillagat ,0.0,g
950,Nöt fransyska rå,Arakidinsyra C20:0,Kött färskt fryst tillagat ,0.0,g
950,Nöt fransyska rå,Linolensyra C18:3,Kött färskt fryst tillagat ,0.0,g
950,Nöt fransyska rå,Linolsyra C18:2,Kött färskt fryst tillagat ,0.1,g
950,Nöt fransyska rå,Oljesyra C18:1,Kött färskt fryst tillagat ,1.2,g
950,Nöt fransyska rå,Stearinsyra C18:0,Kött färskt fryst tillagat ,0.5,g
950,Nöt fransyska rå,Palmitoljesyra C16:1,Kött färskt fryst tillagat ,0.1,g
950,Nöt fransyska rå,Palmitinsyra C16:0,Kött färskt fryst tillagat ,0.8,g
950,Nöt fransyska rå,Myristinsyra C14:0,Kött färskt fryst tillagat ,0.1,g
950,Nöt fransyska rå,Laurinsyra C12:0,Kött färskt fryst tillagat ,0.0,g
950,Nöt fransyska rå,Betakaroten/β-Karoten,Kött färskt fryst tillagat ,8.0,µg
950,Nöt fransyska rå,Avfall (skal etc.),Kött färskt fryst tillagat ,14.0,%
950,Nöt fransyska rå,Aska,Kött färskt fryst tillagat ,1.1,g
950,Nöt fransyska rå,Alkohol,Kött färskt fryst tillagat ,0.0,g
951,Nöt färs rå fett 10%,"Zink, Zn",Kött färskt fryst tillagat ,5.0,mg
951,Nöt färs rå fett 10%,Vitamin E,Kött färskt fryst tillagat ,0.6,mg
951,Nöt färs rå fett 10%,Vitamin D inkl 25-OH-D3,Kött färskt fryst tillagat ,0.61,µg
951,Nöt färs rå fett 10%,Vitamin D,Kött färskt fryst tillagat ,0.09,µg
951,Nöt färs rå fett 10%,Vitamin C,Kött färskt fryst tillagat ,0.0,mg
951,Nöt färs rå fett 10%,Vitamin B6,Kött färskt fryst tillagat ,0.26,mg
951,Nöt färs rå fett 10%,Vitamin B12,Kött färskt fryst tillagat ,1.52,µg
951,Nöt färs rå fett 10%,Vitamin A,Kött färskt fryst tillagat ,12.5,RE/µg
951,Nöt färs rå fett 10%,Vatten,Kött färskt fryst tillagat ,67.8,g
951,Nöt färs rå fett 10%,Tiamin,Kött färskt fryst tillagat ,0.07,mg
951,Nöt färs rå fett 10%,Tillsatt socker,Kött färskt fryst tillagat ,0.0,g
951,Nöt färs rå fett 10%,Fritt socker,Kött färskt fryst tillagat ,0.0,g
951,Nöt färs rå fett 10%,"Selen, Se",Kött färskt fryst tillagat ,5.5,µg
951,Nöt färs rå fett 10%,Sackaros,Kött färskt fryst tillagat ,0.0,g
951,Nöt färs rå fett 10%,Riboflavin,Kött färskt fryst tillagat ,0.19,mg
951,Nöt färs rå fett 10%,Retinol,Kött färskt fryst tillagat ,10.2,µg
951,Nöt färs rå fett 10%,Protein,Kött färskt fryst tillagat ,20.1,g
951,Nöt färs rå fett 10%,Summa fleromättade fettsyror,Kött färskt fryst tillagat ,0.5,g
951,Nöt färs rå fett 10%,"Fosfor, P",Kött färskt fryst tillagat ,162.0,mg
951,Nöt färs rå fett 10%,Niacinekvivalenter,Kött färskt fryst tillagat ,8.0,NE/mg
951,Nöt färs rå fett 10%,Niacin,Kött färskt fryst tillagat ,4.36,mg
951,Nöt färs rå fett 10%,"Salt, NaCl",Kött färskt fryst tillagat ,0.2,g
951,Nöt färs rå fett 10%,"Natrium, Na",Kött färskt fryst tillagat ,86.0,mg
951,Nöt färs rå fett 10%,Monosackarider,Kött färskt fryst tillagat ,0.0,g
951,Nöt färs rå fett 10%,"Sockerarter, totalt",Kött färskt fryst tillagat ,0.0,g
951,Nöt färs rå fett 10%,Summa enkelomättade fettsyror,Kött färskt fryst tillagat ,5.1,g
951,Nöt färs rå fett 10%,"Magnesium, Mg",Kött färskt fryst tillagat ,20.0,mg
951,Nöt färs rå fett 10%,Summa mättade fettsyror,Kött färskt fryst tillagat ,5.0,g
951,Nöt färs rå fett 10%,"Kolhydrater, tillgängliga",Kött färskt fryst tillagat ,0.0,g
951,Nöt färs rå fett 10%,Kolesterol,Kött färskt fryst tillagat ,59.9,mg
951,Nöt färs rå fett 10%,"Kalium, K",Kött färskt fryst tillagat ,278.0,mg
951,Nöt färs rå fett 10%,"Jod, I",Kött färskt fryst tillagat ,2.9,µg
951,Nöt färs rå fett 10%,Fullkorn totalt,Kött färskt fryst tillagat ,0.0,g
951,Nöt färs rå fett 10%,"Folat, totalt",Kött färskt fryst tillagat ,3.3,µg
951,Nöt färs rå fett 10%,Fibrer,Kött färskt fryst tillagat ,0.0,g
951,Nöt färs rå fett 10%,"Fett, totalt",Kött färskt fryst tillagat ,11.3,g
951,Nöt färs rå fett 10%,"Järn, Fe",Kött färskt fryst tillagat ,2.0,mg
951,Nöt färs rå fett 10%,Energi (kJ),Kött färskt fryst tillagat ,762.0,kJ
951,Nöt färs rå fett 10%,Energi (kcal),Kött färskt fryst tillagat ,182.0,kcal
951,Nöt färs rå fett 10%,Disackarider,Kött färskt fryst tillagat ,0.0,g
951,Nöt färs rå fett 10%,"Kalcium, Ca",Kött färskt fryst tillagat ,8.0,mg
951,Nöt färs rå fett 10%,Fettsyra 4:0-10:0,Kött färskt fryst tillagat ,0.0,g
951,Nöt färs rå fett 10%,DHA (C22:6),Kött färskt fryst tillagat ,0.0,g
951,Nöt färs rå fett 10%,DPA (C22:5),Kött färskt fryst tillagat ,0.0,g
951,Nöt färs rå fett 10%,EPA (C20:5),Kött färskt fryst tillagat ,0.0,g
951,Nöt färs rå fett 10%,Arakidonsyra C20:4,Kött färskt fryst tillagat ,0.0,g
951,Nöt färs rå fett 10%,Arakidinsyra C20:0,Kött färskt fryst tillagat ,0.0,g
951,Nöt färs rå fett 10%,Linolensyra C18:3,Kött färskt fryst tillagat ,0.1,g
951,Nöt färs rå fett 10%,Linolsyra C18:2,Kött färskt fryst tillagat ,0.4,g
951,Nöt färs rå fett 10%,Oljesyra C18:1,Kött färskt fryst tillagat ,4.4,g
951,Nöt färs rå fett 10%,Stearinsyra C18:0,Kött färskt fryst tillagat ,1.6,g
951,Nöt färs rå fett 10%,Palmitoljesyra C16:1,Kött färskt fryst tillagat ,0.4,g
951,Nöt färs rå fett 10%,Palmitinsyra C16:0,Kött färskt fryst tillagat ,2.6,g
951,Nöt färs rå fett 10%,Myristinsyra C14:0,Kött färskt fryst tillagat ,0.3,g
951,Nöt färs rå fett 10%,Laurinsyra C12:0,Kött färskt fryst tillagat ,0.0,g
951,Nöt färs rå fett 10%,Betakaroten/β-Karoten,Kött färskt fryst tillagat ,28.0,µg
951,Nöt färs rå fett 10%,Avfall (skal etc.),Kött färskt fryst tillagat ,0.0,%
951,Nöt färs rå fett 10%,Aska,Kött färskt fryst tillagat ,0.9,g
951,Nöt färs rå fett 10%,Alkohol,Kött färskt fryst tillagat ,0.0,g
953,Nöt högrev rå fett bortskuret,"Zink, Zn",Kött färskt fryst tillagat ,7.0,mg
953,Nöt högrev rå fett bortskuret,Vitamin E,Kött färskt fryst tillagat ,0.7,mg
953,Nöt högrev rå fett bortskuret,Vitamin D,Kött färskt fryst tillagat ,0.07,µg
953,Nöt högrev rå fett bortskuret,Vitamin C,Kött färskt fryst tillagat ,0.0,mg
953,Nöt högrev rå fett bortskuret,Vitamin B6,Kött färskt fryst tillagat ,0.25,mg
953,Nöt högrev rå fett bortskuret,Vitamin B12,Kött färskt fryst tillagat ,1.5,µg
953,Nöt högrev rå fett bortskuret,Vitamin A,Kött färskt fryst tillagat ,9.7,RE/µg
953,Nöt högrev rå fett bortskuret,Vatten,Kött färskt fryst tillagat ,71.9,g
953,Nöt högrev rå fett bortskuret,Tiamin,Kött färskt fryst tillagat ,0.06,mg
953,Nöt högrev rå fett bortskuret,Tillsatt socker,Kött färskt fryst tillagat ,0.0,g
953,Nöt högrev rå fett bortskuret,Fritt socker,Kött färskt fryst tillagat ,0.0,g
953,Nöt högrev rå fett bortskuret,"Selen, Se",Kött färskt fryst tillagat ,6.1,µg
953,Nöt högrev rå fett bortskuret,Sackaros,Kött färskt fryst tillagat ,0.0,g
953,Nöt högrev rå fett bortskuret,Riboflavin,Kött färskt fryst tillagat ,0.17,mg
953,Nöt högrev rå fett bortskuret,Retinol,Kött färskt fryst tillagat ,6.9,µg
953,Nöt högrev rå fett bortskuret,Protein,Kött färskt fryst tillagat ,20.6,g
953,Nöt högrev rå fett bortskuret,Summa fleromättade fettsyror,Kött färskt fryst tillagat ,0.4,g
953,Nöt högrev rå fett bortskuret,"Fosfor, P",Kött färskt fryst tillagat ,165.0,mg
953,Nöt högrev rå fett bortskuret,Niacinekvivalenter,Kött färskt fryst tillagat ,8.3,NE/mg
953,Nöt högrev rå fett bortskuret,Niacin,Kött färskt fryst tillagat ,4.5,mg
953,Nöt högrev rå fett bortskuret,"Salt, NaCl",Kött färskt fryst tillagat ,0.2,g
953,Nöt högrev rå fett bortskuret,"Natrium, Na",Kött färskt fryst tillagat ,68.0,mg
953,Nöt högrev rå fett bortskuret,Monosackarider,Kött färskt fryst tillagat ,0.0,g
953,Nöt högrev rå fett bortskuret,"Sockerarter, totalt",Kött färskt fryst tillagat ,0.0,g
953,Nöt högrev rå fett bortskuret,Summa enkelomättade fettsyror,Kött färskt fryst tillagat ,2.9,g
953,Nöt högrev rå fett bortskuret,"Magnesium, Mg",Kött färskt fryst tillagat ,20.0,mg
953,Nöt högrev rå fett bortskuret,Summa mättade fettsyror,Kött färskt fryst tillagat ,3.2,g
953,Nöt högrev rå fett bortskuret,"Kolhydrater, tillgängliga",Kött färskt fryst tillagat ,0.0,g
953,Nöt högrev rå fett bortskuret,Kolesterol,Kött färskt fryst tillagat ,60.2,mg
953,Nöt högrev rå fett bortskuret,"Kalium, K",Kött färskt fryst tillagat ,295.0,mg
953,Nöt högrev rå fett bortskuret,"Jod, I",Kött färskt fryst tillagat ,2.5,µg
953,Nöt högrev rå fett bortskuret,Fullkorn totalt,Kött färskt fryst tillagat ,0.0,g
953,Nöt högrev rå fett bortskuret,"Folat, totalt",Kött färskt fryst tillagat ,5.3,µg
953,Nöt högrev rå fett bortskuret,Fibrer,Kött färskt fryst tillagat ,0.0,g
953,Nöt högrev rå fett bortskuret,"Fett, totalt",Kött färskt fryst tillagat ,6.9,g
953,Nöt högrev rå fett bortskuret,"Järn, Fe",Kött färskt fryst tillagat ,2.6,mg
953,Nöt högrev rå fett bortskuret,Energi (kJ),Kött färskt fryst tillagat ,605.0,kJ
953,Nöt högrev rå fett bortskuret,Energi (kcal),Kött färskt fryst tillagat ,145.0,kcal
953,Nöt högrev rå fett bortskuret,Disackarider,Kött färskt fryst tillagat ,0.0,g
953,Nöt högrev rå fett bortskuret,"Kalcium, Ca",Kött färskt fryst tillagat ,6.0,mg
953,Nöt högrev rå fett bortskuret,Fettsyra 4:0-10:0,Kött färskt fryst tillagat ,0.0,g
953,Nöt högrev rå fett bortskuret,DHA (C22:6),Kött färskt fryst tillagat ,0.0,g
953,Nöt högrev rå fett bortskuret,DPA (C22:5),Kött färskt fryst tillagat ,0.0,g
953,Nöt högrev rå fett bortskuret,EPA (C20:5),Kött färskt fryst tillagat ,0.0,g
953,Nöt högrev rå fett bortskuret,Arakidonsyra C20:4,Kött färskt fryst tillagat ,0.0,g
953,Nöt högrev rå fett bortskuret,Arakidinsyra C20:0,Kött färskt fryst tillagat ,0.0,g
953,Nöt högrev rå fett bortskuret,Linolensyra C18:3,Kött färskt fryst tillagat ,0.1,g
953,Nöt högrev rå fett bortskuret,Linolsyra C18:2,Kött färskt fryst tillagat ,0.2,g
953,Nöt högrev rå fett bortskuret,Oljesyra C18:1,Kött färskt fryst tillagat ,2.6,g
953,Nöt högrev rå fett bortskuret,Stearinsyra C18:0,Kött färskt fryst tillagat ,1.2,g
953,Nöt högrev rå fett bortskuret,Palmitoljesyra C16:1,Kött färskt fryst tillagat ,0.2,g
953,Nöt högrev rå fett bortskuret,Palmitinsyra C16:0,Kött färskt fryst tillagat ,1.6,g
953,Nöt högrev rå fett bortskuret,Myristinsyra C14:0,Kött färskt fryst tillagat ,0.2,g
953,Nöt högrev rå fett bortskuret,Laurinsyra C12:0,Kött färskt fryst tillagat ,0.0,g
953,Nöt högrev rå fett bortskuret,Betakaroten/β-Karoten,Kött färskt fryst tillagat ,34.0,µg
953,Nöt högrev rå fett bortskuret,Avfall (skal etc.),Kött färskt fryst tillagat ,10.0,%
953,Nöt högrev rå fett bortskuret,Aska,Kött färskt fryst tillagat ,0.9,g
953,Nöt högrev rå fett bortskuret,Alkohol,Kött färskt fryst tillagat ,0.0,g
954,Nöt innanlår rå,"Zink, Zn",Kött färskt fryst tillagat ,4.2,mg
954,Nöt innanlår rå,Vitamin E,Kött färskt fryst tillagat ,0.6,mg
954,Nöt innanlår rå,Vitamin D inkl 25-OH-D3,Kött färskt fryst tillagat ,0.26,µg
954,Nöt innanlår rå,Vitamin D,Kött färskt fryst tillagat ,0.0,µg
954,Nöt innanlår rå,Vitamin C,Kött färskt fryst tillagat ,0.0,mg
954,Nöt innanlår rå,Vitamin B6,Kött färskt fryst tillagat ,0.45,mg
954,Nöt innanlår rå,Vitamin B12,Kött färskt fryst tillagat ,1.02,µg
954,Nöt innanlår rå,Vitamin A,Kött färskt fryst tillagat ,4.6,RE/µg
954,Nöt innanlår rå,Vatten,Kött färskt fryst tillagat ,72.8,g
954,Nöt innanlår rå,Tiamin,Kött färskt fryst tillagat ,0.09,mg
954,Nöt innanlår rå,Tillsatt socker,Kött färskt fryst tillagat ,0.0,g
954,Nöt innanlår rå,Fritt socker,Kött färskt fryst tillagat ,0.0,g
954,Nöt innanlår rå,"Selen, Se",Kött färskt fryst tillagat ,9.5,µg
954,Nöt innanlår rå,Sackaros,Kött färskt fryst tillagat ,0.0,g
954,Nöt innanlår rå,Riboflavin,Kött färskt fryst tillagat ,0.2,mg
954,Nöt innanlår rå,Retinol,Kött färskt fryst tillagat ,2.9,µg
954,Nöt innanlår rå,Protein,Kött färskt fryst tillagat ,23.8,g
954,Nöt innanlår rå,Summa fleromättade fettsyror,Kött färskt fryst tillagat ,0.1,g
954,Nöt innanlår rå,"Fosfor, P",Kött färskt fryst tillagat ,200.0,mg
954,Nöt innanlår rå,Niacinekvivalenter,Kött färskt fryst tillagat ,10.2,NE/mg
954,Nöt innanlår rå,Niacin,Kött färskt fryst tillagat ,5.88,mg
954,Nöt innanlår rå,"Salt, NaCl",Kött färskt fryst tillagat ,0.1,g
954,Nöt innanlår rå,"Natrium, Na",Kött färskt fryst tillagat ,55.0,mg
954,Nöt innanlår rå,Monosackarider,Kött färskt fryst tillagat ,0.0,g
954,Nöt innanlår rå,"Sockerarter, totalt",Kött färskt fryst tillagat ,0.0,g
954,Nöt innanlår rå,Summa enkelomättade fettsyror,Kött färskt fryst tillagat ,0.6,g
954,Nöt innanlår rå,"Magnesium, Mg",Kött färskt fryst tillagat ,24.0,mg
954,Nöt innanlår rå,Summa mättade fettsyror,Kött färskt fryst tillagat ,0.7,g
954,Nöt innanlår rå,"Kolhydrater, tillgängliga",Kött färskt fryst tillagat ,0.0,g
954,Nöt innanlår rå,Kolesterol,Kött färskt fryst tillagat ,59.6,mg
954,Nöt innanlår rå,"Kalium, K",Kött färskt fryst tillagat ,350.0,mg
954,Nöt innanlår rå,"Jod, I",Kött färskt fryst tillagat ,2.6,µg
954,Nöt innanlår rå,Fullkorn totalt,Kött färskt fryst tillagat ,0.0,g
954,Nöt innanlår rå,"Folat, totalt",Kött färskt fryst tillagat ,4.1,µg
954,Nöt innanlår rå,Fibrer,Kött färskt fryst tillagat ,0.0,g
954,Nöt innanlår rå,"Fett, totalt",Kött färskt fryst tillagat ,1.6,g
954,Nöt innanlår rå,"Järn, Fe",Kött färskt fryst tillagat ,2.9,mg
954,Nöt innanlår rå,Energi (kJ),Kött färskt fryst tillagat ,464.0,kJ
954,Nöt innanlår rå,Energi (kcal),Kött färskt fryst tillagat ,111.0,kcal
954,Nöt innanlår rå,Disackarider,Kött färskt fryst tillagat ,0.0,g
954,Nöt innanlår rå,"Kalcium, Ca",Kött färskt fryst tillagat ,4.0,mg
954,Nöt innanlår rå,Fettsyra 4:0-10:0,Kött färskt fryst tillagat ,0.0,g
954,Nöt innanlår rå,DHA (C22:6),Kött färskt fryst tillagat ,0.0,g
954,Nöt innanlår rå,DPA (C22:5),Kött färskt fryst tillagat ,0.0,g
954,Nöt innanlår rå,EPA (C20:5),Kött färskt fryst tillagat ,0.0,g
954,Nöt innanlår rå,Arakidonsyra C20:4,Kött färskt fryst tillagat ,0.0,g
954,Nöt innanlår rå,Arakidinsyra C20:0,Kött färskt fryst tillagat ,0.0,g
954,Nöt innanlår rå,Linolensyra C18:3,Kött färskt fryst tillagat ,0.0,g
954,Nöt innanlår rå,Linolsyra C18:2,Kött färskt fryst tillagat ,0.1,g
954,Nöt innanlår rå,Oljesyra C18:1,Kött färskt fryst tillagat ,0.6,g
954,Nöt innanlår rå,Stearinsyra C18:0,Kött färskt fryst tillagat ,0.2,g
954,Nöt innanlår rå,Palmitoljesyra C16:1,Kött färskt fryst tillagat ,0.0,g
954,Nöt innanlår rå,Palmitinsyra C16:0,Kött färskt fryst tillagat ,0.4,g
954,Nöt innanlår rå,Myristinsyra C14:0,Kött färskt fryst tillagat ,0.0,g
954,Nöt innanlår rå,Laurinsyra C12:0,Kött färskt fryst tillagat ,0.0,g
954,Nöt innanlår rå,Betakaroten/β-Karoten,Kött färskt fryst tillagat ,21.0,µg
954,Nöt innanlår rå,Avfall (skal etc.),Kött färskt fryst tillagat ,0.0,%
954,Nöt innanlår rå,Aska,Kött färskt fryst tillagat ,1.0,g
954,Nöt innanlår rå,Alkohol,Kött färskt fryst tillagat ,0.0,g
955,Nöt lägg rå,"Zink, Zn",Kött färskt fryst tillagat ,4.4,mg
955,Nöt lägg rå,Vitamin E,Kött färskt fryst tillagat ,0.3,mg
955,Nöt lägg rå,Vitamin D,Kött färskt fryst tillagat ,0.6,µg
955,Nöt lägg rå,Vitamin C,Kött färskt fryst tillagat ,0.0,mg
955,Nöt lägg rå,Vitamin B6,Kött färskt fryst tillagat ,0.5,mg
955,Nöt lägg rå,Vitamin B12,Kött färskt fryst tillagat ,1.4,µg
955,Nöt lägg rå,Vitamin A,Kött färskt fryst tillagat ,3.4,RE/µg
955,Nöt lägg rå,Vatten,Kött färskt fryst tillagat ,75.6,g
955,Nöt lägg rå,Tiamin,Kött färskt fryst tillagat ,0.03,mg
955,Nöt lägg rå,Tillsatt socker,Kött färskt fryst tillagat ,0.0,g
955,Nöt lägg rå,Fritt socker,Kött färskt fryst tillagat ,0.0,g
955,Nöt lägg rå,"Selen, Se",Kött färskt fryst tillagat ,8.0,µg
955,Nöt lägg rå,Sackaros,Kött färskt fryst tillagat ,0.0,g
955,Nöt lägg rå,Riboflavin,Kött färskt fryst tillagat ,0.14,mg
955,Nöt lägg rå,Retinol,Kött färskt fryst tillagat ,3.0,µg
955,Nöt lägg rå,Protein,Kött färskt fryst tillagat ,20.5,g
955,Nöt lägg rå,Summa fleromättade fettsyror,Kött färskt fryst tillagat ,0.2,g
955,Nöt lägg rå,"Fosfor, P",Kött färskt fryst tillagat ,176.0,mg
955,Nöt lägg rå,Niacinekvivalenter,Kött färskt fryst tillagat ,9.76,NE/mg
955,Nöt lägg rå,Niacin,Kött färskt fryst tillagat ,6.0,mg
955,Nöt lägg rå,"Salt, NaCl",Kött färskt fryst tillagat ,0.2,g
955,Nöt lägg rå,"Natrium, Na",Kött färskt fryst tillagat ,66.0,mg
955,Nöt lägg rå,Monosackarider,Kött färskt fryst tillagat ,0.0,g
955,Nöt lägg rå,"Sockerarter, totalt",Kött färskt fryst tillagat ,0.0,g
955,Nöt lägg rå,Summa enkelomättade fettsyror,Kött färskt fryst tillagat ,1.2,g
955,Nöt lägg rå,"Magnesium, Mg",Kött färskt fryst tillagat ,22.0,mg
955,Nöt lägg rå,Summa mättade fettsyror,Kött färskt fryst tillagat ,1.2,g
955,Nöt lägg rå,"Kolhydrater, tillgängliga",Kött färskt fryst tillagat ,0.0,g
955,Nöt lägg rå,Kolesterol,Kött färskt fryst tillagat ,53.0,mg
955,Nöt lägg rå,"Kalium, K",Kött färskt fryst tillagat ,325.0,mg
955,Nöt lägg rå,"Jod, I",Kött färskt fryst tillagat ,2.7,µg
955,Nöt lägg rå,Fullkorn totalt,Kött färskt fryst tillagat ,0.0,g
955,Nöt lägg rå,"Folat, totalt",Kött färskt fryst tillagat ,12.0,µg
955,Nöt lägg rå,Fibrer,Kött färskt fryst tillagat ,0.0,g
955,Nöt lägg rå,"Fett, totalt",Kött färskt fryst tillagat ,2.8,g
955,Nöt lägg rå,"Järn, Fe",Kött färskt fryst tillagat ,2.7,mg
955,Nöt lägg rå,Energi (kJ),Kött färskt fryst tillagat ,452.0,kJ
955,Nöt lägg rå,Energi (kcal),Kött färskt fryst tillagat ,108.0,kcal
955,Nöt lägg rå,Disackarider,Kött färskt fryst tillagat ,0.0,g
955,Nöt lägg rå,"Kalcium, Ca",Kött färskt fryst tillagat ,11.0,mg
955,Nöt lägg rå,Fettsyra 4:0-10:0,Kött färskt fryst tillagat ,0.0,g
955,Nöt lägg rå,DHA (C22:6),Kött färskt fryst tillagat ,0.0,g
955,Nöt lägg rå,DPA (C22:5),Kött färskt fryst tillagat ,0.0,g
955,Nöt lägg rå,EPA (C20:5),Kött färskt fryst tillagat ,0.0,g
955,Nöt lägg rå,Arakidonsyra C20:4,Kött färskt fryst tillagat ,0.0,g
955,Nöt lägg rå,Arakidinsyra C20:0,Kött färskt fryst tillagat ,0.0,g
955,Nöt lägg rå,Linolensyra C18:3,Kött färskt fryst tillagat ,0.0,g
955,Nöt lägg rå,Linolsyra C18:2,Kött färskt fryst tillagat ,0.1,g
955,Nöt lägg rå,Oljesyra C18:1,Kött färskt fryst tillagat ,1.0,g
955,Nöt lägg rå,Stearinsyra C18:0,Kött färskt fryst tillagat ,0.4,g
955,Nöt lägg rå,Palmitoljesyra C16:1,Kött färskt fryst tillagat ,0.1,g
955,Nöt lägg rå,Palmitinsyra C16:0,Kött färskt fryst tillagat ,0.6,g
955,Nöt lägg rå,Myristinsyra C14:0,Kött färskt fryst tillagat ,0.1,g
955,Nöt lägg rå,Laurinsyra C12:0,Kött färskt fryst tillagat ,0.0,g
955,Nöt lägg rå,Betakaroten/β-Karoten,Kött färskt fryst tillagat ,5.0,µg
955,Nöt lägg rå,Avfall (skal etc.),Kött färskt fryst tillagat ,40.0,%
955,Nöt lägg rå,Aska,Kött färskt fryst tillagat ,1.1,g
955,Nöt lägg rå,Alkohol,Kött färskt fryst tillagat ,0.0,g
956,Nöt bog el. märgpipa rå,"Zink, Zn",Kött färskt fryst tillagat ,4.9,mg
956,Nöt bog el. märgpipa rå,Vitamin E,Kött färskt fryst tillagat ,0.1,mg
956,Nöt bog el. märgpipa rå,Vitamin D,Kött färskt fryst tillagat ,0.6,µg
956,Nöt bog el. märgpipa rå,Vitamin C,Kött färskt fryst tillagat ,0.0,mg
956,Nöt bog el. märgpipa rå,Vitamin B6,Kött färskt fryst tillagat ,0.58,mg
956,Nöt bog el. märgpipa rå,Vitamin B12,Kött färskt fryst tillagat ,1.2,µg
956,Nöt bog el. märgpipa rå,Vitamin A,Kött färskt fryst tillagat ,5.0,RE/µg
956,Nöt bog el. märgpipa rå,Vatten,Kött färskt fryst tillagat ,74.3,g
956,Nöt bog el. märgpipa rå,Tiamin,Kött färskt fryst tillagat ,0.08,mg
956,Nöt bog el. märgpipa rå,Tillsatt socker,Kött färskt fryst tillagat ,0.0,g
956,Nöt bog el. märgpipa rå,Fritt socker,Kött färskt fryst tillagat ,0.0,g
956,Nöt bog el. märgpipa rå,"Selen, Se",Kött färskt fryst tillagat ,8.0,µg
956,Nöt bog el. märgpipa rå,Sackaros,Kött färskt fryst tillagat ,0.0,g
956,Nöt bog el. märgpipa rå,Riboflavin,Kött färskt fryst tillagat ,0.31,mg
956,Nöt bog el. märgpipa rå,Retinol,Kött färskt fryst tillagat ,4.4,µg
956,Nöt bog el. märgpipa rå,Protein,Kött färskt fryst tillagat ,21.0,g
956,Nöt bog el. märgpipa rå,Summa fleromättade fettsyror,Kött färskt fryst tillagat ,0.2,g
956,Nöt bog el. märgpipa rå,"Fosfor, P",Kött färskt fryst tillagat ,182.0,mg
956,Nöt bog el. märgpipa rå,Niacinekvivalenter,Kött färskt fryst tillagat ,8.05,NE/mg
956,Nöt bog el. märgpipa rå,Niacin,Kött färskt fryst tillagat ,4.2,mg
956,Nöt bog el. märgpipa rå,"Salt, NaCl",Kött färskt fryst tillagat ,0.2,g
956,Nöt bog el. märgpipa rå,"Natrium, Na",Kött färskt fryst tillagat ,69.0,mg
956,Nöt bog el. märgpipa rå,Monosackarider,Kött färskt fryst tillagat ,0.0,g
956,Nöt bog el. märgpipa rå,"Sockerarter, totalt",Kött färskt fryst tillagat ,0.0,g
956,Nöt bog el. märgpipa rå,Summa enkelomättade fettsyror,Kött färskt fryst tillagat ,1.5,g
956,Nöt bog el. märgpipa rå,"Magnesium, Mg",Kött färskt fryst tillagat ,23.0,mg
956,Nöt bog el. märgpipa rå,Summa mättade fettsyror,Kött färskt fryst tillagat ,1.5,g
956,Nöt bog el. märgpipa rå,"Kolhydrater, tillgängliga",Kött färskt fryst tillagat ,0.0,g
956,Nöt bog el. märgpipa rå,Kolesterol,Kött färskt fryst tillagat ,53.0,mg
956,Nöt bog el. märgpipa rå,"Kalium, K",Kött färskt fryst tillagat ,329.0,mg
956,Nöt bog el. märgpipa rå,"Jod, I",Kött färskt fryst tillagat ,1.0,µg
956,Nöt bog el. märgpipa rå,Fullkorn totalt,Kött färskt fryst tillagat ,0.0,g
956,Nöt bog el. märgpipa rå,"Folat, totalt",Kött färskt fryst tillagat ,12.0,µg
956,Nöt bog el. märgpipa rå,Fibrer,Kött färskt fryst tillagat ,0.0,g
956,Nöt bog el. märgpipa rå,"Fett, totalt",Kött färskt fryst tillagat ,3.7,g
956,Nöt bog el. märgpipa rå,"Järn, Fe",Kött färskt fryst tillagat ,2.3,mg
956,Nöt bog el. märgpipa rå,Energi (kJ),Kött färskt fryst tillagat ,494.0,kJ
956,Nöt bog el. märgpipa rå,Energi (kcal),Kött färskt fryst tillagat ,118.0,kcal
956,Nöt bog el. märgpipa rå,Disackarider,Kött färskt fryst tillagat ,0.0,g
956,Nöt bog el. märgpipa rå,"Kalcium, Ca",Kött färskt fryst tillagat ,6.0,mg
956,Nöt bog el. märgpipa rå,Fettsyra 4:0-10:0,Kött färskt fryst tillagat ,0.0,g
956,Nöt bog el. märgpipa rå,DHA (C22:6),Kött färskt fryst tillagat ,0.0,g
956,Nöt bog el. märgpipa rå,DPA (C22:5),Kött färskt fryst tillagat ,0.0,g
956,Nöt bog el. märgpipa rå,EPA (C20:5),Kött färskt fryst tillagat ,0.0,g
956,Nöt bog el. märgpipa rå,Arakidonsyra C20:4,Kött färskt fryst tillagat ,0.0,g
956,Nöt bog el. märgpipa rå,Arakidinsyra C20:0,Kött färskt fryst tillagat ,0.0,g
956,Nöt bog el. märgpipa rå,Linolensyra C18:3,Kött färskt fryst tillagat ,0.0,g
956,Nöt bog el. märgpipa rå,Linolsyra C18:2,Kött färskt fryst tillagat ,0.1,g
956,Nöt bog el. märgpipa rå,Oljesyra C18:1,Kött färskt fryst tillagat ,1.4,g
956,Nöt bog el. märgpipa rå,Stearinsyra C18:0,Kött färskt fryst tillagat ,0.6,g
956,Nöt bog el. märgpipa rå,Palmitoljesyra C16:1,Kött färskt fryst tillagat ,0.1,g
956,Nöt bog el. märgpipa rå,Palmitinsyra C16:0,Kött färskt fryst tillagat ,0.8,g
956,Nöt bog el. märgpipa rå,Myristinsyra C14:0,Kött färskt fryst tillagat ,0.1,g
956,Nöt bog el. märgpipa rå,Laurinsyra C12:0,Kött färskt fryst tillagat ,0.0,g
956,Nöt bog el. märgpipa rå,Betakaroten/β-Karoten,Kött färskt fryst tillagat ,8.0,µg
956,Nöt bog el. märgpipa rå,Avfall (skal etc.),Kött färskt fryst tillagat ,25.0,%
956,Nöt bog el. märgpipa rå,Aska,Kött färskt fryst tillagat ,1.0,g
956,Nöt bog el. märgpipa rå,Alkohol,Kött färskt fryst tillagat ,0.0,g
957,Nöt rostbiff rå,"Zink, Zn",Kött färskt fryst tillagat ,3.6,mg
957,Nöt rostbiff rå,Vitamin E,Kött färskt fryst tillagat ,0.8,mg
957,Nöt rostbiff rå,Vitamin D,Kött färskt fryst tillagat ,0.0,µg
957,Nöt rostbiff rå,Vitamin C,Kött färskt fryst tillagat ,0.0,mg
957,Nöt rostbiff rå,Vitamin B6,Kött färskt fryst tillagat ,0.42,mg
957,Nöt rostbiff rå,Vitamin B12,Kött färskt fryst tillagat ,1.35,µg
957,Nöt rostbiff rå,Vitamin A,Kött färskt fryst tillagat ,8.3,RE/µg
957,Nöt rostbiff rå,Vatten,Kött färskt fryst tillagat ,72.1,g
957,Nöt rostbiff rå,Tiamin,Kött färskt fryst tillagat ,0.12,mg
957,Nöt rostbiff rå,Tillsatt socker,Kött färskt fryst tillagat ,0.0,g
957,Nöt rostbiff rå,Fritt socker,Kött färskt fryst tillagat ,0.0,g
957,Nöt rostbiff rå,"Selen, Se",Kött färskt fryst tillagat ,8.5,µg
957,Nöt rostbiff rå,Sackaros,Kött färskt fryst tillagat ,0.0,g
957,Nöt rostbiff rå,Riboflavin,Kött färskt fryst tillagat ,0.24,mg
957,Nöt rostbiff rå,Retinol,Kött färskt fryst tillagat ,4.6,µg
957,Nöt rostbiff rå,Protein,Kött färskt fryst tillagat ,22.7,g
957,Nöt rostbiff rå,Summa fleromättade fettsyror,Kött färskt fryst tillagat ,0.2,g
957,Nöt rostbiff rå,"Fosfor, P",Kött färskt fryst tillagat ,200.0,mg
957,Nöt rostbiff rå,Niacinekvivalenter,Kött färskt fryst tillagat ,10.1,NE/mg
957,Nöt rostbiff rå,Niacin,Kött färskt fryst tillagat ,5.94,mg
957,Nöt rostbiff rå,"Salt, NaCl",Kött färskt fryst tillagat ,0.2,g
957,Nöt rostbiff rå,"Natrium, Na",Kött färskt fryst tillagat ,65.0,mg
957,Nöt rostbiff rå,Monosackarider,Kött färskt fryst tillagat ,0.0,g
957,Nöt rostbiff rå,"Sockerarter, totalt",Kött färskt fryst tillagat ,0.0,g
957,Nöt rostbiff rå,Summa enkelomättade fettsyror,Kött färskt fryst tillagat ,1.2,g
957,Nöt rostbiff rå,"Magnesium, Mg",Kött färskt fryst tillagat ,24.0,mg
957,Nöt rostbiff rå,Summa mättade fettsyror,Kött färskt fryst tillagat ,1.4,g
957,Nöt rostbiff rå,"Kolhydrater, tillgängliga",Kött färskt fryst tillagat ,0.0,g
957,Nöt rostbiff rå,Kolesterol,Kött färskt fryst tillagat ,60.7,mg
957,Nöt rostbiff rå,"Kalium, K",Kött färskt fryst tillagat ,330.0,mg
957,Nöt rostbiff rå,"Jod, I",Kött färskt fryst tillagat ,2.7,µg
957,Nöt rostbiff rå,Fullkorn totalt,Kött färskt fryst tillagat ,0.0,g
957,Nöt rostbiff rå,"Folat, totalt",Kött färskt fryst tillagat ,4.1,µg
957,Nöt rostbiff rå,Fibrer,Kött färskt fryst tillagat ,0.0,g
957,Nöt rostbiff rå,"Fett, totalt",Kött färskt fryst tillagat ,3.2,g
957,Nöt rostbiff rå,"Järn, Fe",Kött färskt fryst tillagat ,2.9,mg
957,Nöt rostbiff rå,Energi (kJ),Kött färskt fryst tillagat ,504.0,kJ
957,Nöt rostbiff rå,Energi (kcal),Kött färskt fryst tillagat ,121.0,kcal
957,Nöt rostbiff rå,Disackarider,Kött färskt fryst tillagat ,0.0,g
957,Nöt rostbiff rå,"Kalcium, Ca",Kött färskt fryst tillagat ,5.0,mg
957,Nöt rostbiff rå,Fettsyra 4:0-10:0,Kött färskt fryst tillagat ,0.0,g
957,Nöt rostbiff rå,DHA (C22:6),Kött färskt fryst tillagat ,0.0,g
957,Nöt rostbiff rå,DPA (C22:5),Kött färskt fryst tillagat ,0.0,g
957,Nöt rostbiff rå,EPA (C20:5),Kött färskt fryst tillagat ,0.0,g
957,Nöt rostbiff rå,Arakidonsyra C20:4,Kött färskt fryst tillagat ,0.0,g
957,Nöt rostbiff rå,Arakidinsyra C20:0,Kött färskt fryst tillagat ,0.0,g
957,Nöt rostbiff rå,Linolensyra C18:3,Kött färskt fryst tillagat ,0.0,g
957,Nöt rostbiff rå,Linolsyra C18:2,Kött färskt fryst tillagat ,0.1,g
957,Nöt rostbiff rå,Oljesyra C18:1,Kött färskt fryst tillagat ,1.1,g
957,Nöt rostbiff rå,Stearinsyra C18:0,Kött färskt fryst tillagat ,0.5,g
957,Nöt rostbiff rå,Palmitoljesyra C16:1,Kött färskt fryst tillagat ,0.1,g
957,Nöt rostbiff rå,Palmitinsyra C16:0,Kött färskt fryst tillagat ,0.7,g
957,Nöt rostbiff rå,Myristinsyra C14:0,Kött färskt fryst tillagat ,0.1,g
957,Nöt rostbiff rå,Laurinsyra C12:0,Kött färskt fryst tillagat ,0.0,g
957,Nöt rostbiff rå,Betakaroten/β-Karoten,Kött färskt fryst tillagat ,44.0,µg
957,Nöt rostbiff rå,Avfall (skal etc.),Kött färskt fryst tillagat ,10.0,%
957,Nöt rostbiff rå,Aska,Kött färskt fryst tillagat ,1.0,g
957,Nöt rostbiff rå,Alkohol,Kött färskt fryst tillagat ,0.0,g
958,Nöt rulle rimmad rå,"Zink, Zn",Kött processat,4.4,mg
958,Nöt rulle rimmad rå,Vitamin E,Kött processat,0.3,mg
958,Nöt rulle rimmad rå,Vitamin D,Kött processat,0.5,µg
958,Nöt rulle rimmad rå,Vitamin C,Kött processat,0.0,mg
958,Nöt rulle rimmad rå,Vitamin B6,Kött processat,0.5,mg
958,Nöt rulle rimmad rå,Vitamin B12,Kött processat,1.4,µg
958,Nöt rulle rimmad rå,Vitamin A,Kött processat,2.2,RE/µg
958,Nöt rulle rimmad rå,Vatten,Kött processat,71.7,g
958,Nöt rulle rimmad rå,Tiamin,Kött processat,0.05,mg
958,Nöt rulle rimmad rå,Tillsatt socker,Kött processat,0.0,g
958,Nöt rulle rimmad rå,Fritt socker,Kött processat,0.0,g
958,Nöt rulle rimmad rå,"Selen, Se",Kött processat,8.0,µg
958,Nöt rulle rimmad rå,Sackaros,Kött processat,0.0,g
958,Nöt rulle rimmad rå,Riboflavin,Kött processat,0.18,mg
958,Nöt rulle rimmad rå,Retinol,Kött processat,2.0,µg
958,Nöt rulle rimmad rå,Protein,Kött processat,21.5,g
958,Nöt rulle rimmad rå,Summa fleromättade fettsyror,Kött processat,0.1,g
958,Nöt rulle rimmad rå,"Fosfor, P",Kött processat,199.0,mg
958,Nöt rulle rimmad rå,Niacinekvivalenter,Kött processat,9.94,NE/mg
958,Nöt rulle rimmad rå,Niacin,Kött processat,6.0,mg
958,Nöt rulle rimmad rå,"Salt, NaCl",Kött processat,0.2,g
958,Nöt rulle rimmad rå,"Natrium, Na",Kött processat,61.0,mg
958,Nöt rulle rimmad rå,Monosackarider,Kött processat,0.0,g
958,Nöt rulle rimmad rå,"Sockerarter, totalt",Kött processat,0.0,g
958,Nöt rulle rimmad rå,Summa enkelomättade fettsyror,Kött processat,0.8,g
958,Nöt rulle rimmad rå,"Magnesium, Mg",Kött processat,22.0,mg
958,Nöt rulle rimmad rå,Summa mättade fettsyror,Kött processat,0.8,g
958,Nöt rulle rimmad rå,"Kolhydrater, tillgängliga",Kött processat,0.0,g
958,Nöt rulle rimmad rå,Kolesterol,Kött processat,53.0,mg
958,Nöt rulle rimmad rå,"Kalium, K",Kött processat,320.0,mg
958,Nöt rulle rimmad rå,"Jod, I",Kött processat,0.0,µg
958,Nöt rulle rimmad rå,Fullkorn totalt,Kött processat,0.0,g
958,Nöt rulle rimmad rå,"Folat, totalt",Kött processat,12.0,µg
958,Nöt rulle rimmad rå,Fibrer,Kött processat,0.0,g
958,Nöt rulle rimmad rå,"Fett, totalt",Kött processat,1.8,g
958,Nöt rulle rimmad rå,"Järn, Fe",Kött processat,2.7,mg
958,Nöt rulle rimmad rå,Energi (kJ),Kött processat,432.0,kJ
958,Nöt rulle rimmad rå,Energi (kcal),Kött processat,103.0,kcal
958,Nöt rulle rimmad rå,Disackarider,Kött processat,0.0,g
958,Nöt rulle rimmad rå,"Kalcium, Ca",Kött processat,5.0,mg
958,Nöt rulle rimmad rå,Fettsyra 4:0-10:0,Kött processat,0.0,g
958,Nöt rulle rimmad rå,DHA (C22:6),Kött processat,0.0,g
958,Nöt rulle rimmad rå,DPA (C22:5),Kött processat,0.0,g
958,Nöt rulle rimmad rå,EPA (C20:5),Kött processat,0.0,g
958,Nöt rulle rimmad rå,Arakidonsyra C20:4,Kött processat,0.0,g
958,Nöt rulle rimmad rå,Arakidinsyra C20:0,Kött processat,0.0,g
958,Nöt rulle rimmad rå,Linolensyra C18:3,Kött processat,0.0,g
958,Nöt rulle rimmad rå,Linolsyra C18:2,Kött processat,0.0,g
958,Nöt rulle rimmad rå,Oljesyra C18:1,Kött processat,0.7,g
958,Nöt rulle rimmad rå,Stearinsyra C18:0,Kött processat,0.3,g
958,Nöt rulle rimmad rå,Palmitoljesyra C16:1,Kött processat,0.0,g
958,Nöt rulle rimmad rå,Palmitinsyra C16:0,Kött processat,0.4,g
958,Nöt rulle rimmad rå,Myristinsyra C14:0,Kött processat,0.0,g
958,Nöt rulle rimmad rå,Laurinsyra C12:0,Kött processat,0.0,g
958,Nöt rulle rimmad rå,Betakaroten/β-Karoten,Kött processat,3.0,µg
958,Nöt rulle rimmad rå,Avfall (skal etc.),Kött processat,0.0,%
958,Nöt rulle rimmad rå,Aska,Kött processat,5.0,g
958,Nöt rulle rimmad rå,Alkohol,Kött processat,0.0,g
959,Nöt ytterlår rå,"Zink, Zn",Kött färskt fryst tillagat ,4.2,mg
959,Nöt ytterlår rå,Vitamin E,Kött färskt fryst tillagat ,0.3,mg
959,Nöt ytterlår rå,Vitamin D,Kött färskt fryst tillagat ,0.5,µg
959,Nöt ytterlår rå,Vitamin C,Kött färskt fryst tillagat ,0.0,mg
959,Nöt ytterlår rå,Vitamin B6,Kött färskt fryst tillagat ,0.5,mg
959,Nöt ytterlår rå,Vitamin B12,Kött färskt fryst tillagat ,1.4,µg
959,Nöt ytterlår rå,Vitamin A,Kött färskt fryst tillagat ,3.5,RE/µg
959,Nöt ytterlår rå,Vatten,Kött färskt fryst tillagat ,74.8,g
959,Nöt ytterlår rå,Tiamin,Kött färskt fryst tillagat ,0.06,mg
959,Nöt ytterlår rå,Tillsatt socker,Kött färskt fryst tillagat ,0.0,g
959,Nöt ytterlår rå,Fritt socker,Kött färskt fryst tillagat ,0.0,g
959,Nöt ytterlår rå,"Selen, Se",Kött färskt fryst tillagat ,8.0,µg
959,Nöt ytterlår rå,Sackaros,Kött färskt fryst tillagat ,0.0,g
959,Nöt ytterlår rå,Riboflavin,Kött färskt fryst tillagat ,0.18,mg
959,Nöt ytterlår rå,Retinol,Kött färskt fryst tillagat ,3.0,µg
959,Nöt ytterlår rå,Protein,Kött färskt fryst tillagat ,21.3,g
959,Nöt ytterlår rå,Summa fleromättade fettsyror,Kött färskt fryst tillagat ,0.2,g
959,Nöt ytterlår rå,"Fosfor, P",Kött färskt fryst tillagat ,191.0,mg
959,Nöt ytterlår rå,Niacinekvivalenter,Kött färskt fryst tillagat ,10.21,NE/mg
959,Nöt ytterlår rå,Niacin,Kött färskt fryst tillagat ,6.3,mg
959,Nöt ytterlår rå,"Salt, NaCl",Kött färskt fryst tillagat ,0.1,g
959,Nöt ytterlår rå,"Natrium, Na",Kött färskt fryst tillagat ,57.0,mg
959,Nöt ytterlår rå,Monosackarider,Kött färskt fryst tillagat ,0.0,g
959,Nöt ytterlår rå,"Sockerarter, totalt",Kött färskt fryst tillagat ,0.0,g
959,Nöt ytterlår rå,Summa enkelomättade fettsyror,Kött färskt fryst tillagat ,1.2,g
959,Nöt ytterlår rå,"Magnesium, Mg",Kött färskt fryst tillagat ,24.0,mg
959,Nöt ytterlår rå,Summa mättade fettsyror,Kött färskt fryst tillagat ,1.2,g
959,Nöt ytterlår rå,"Kolhydrater, tillgängliga",Kött färskt fryst tillagat ,0.0,g
959,Nöt ytterlår rå,Kolesterol,Kött färskt fryst tillagat ,52.0,mg
959,Nöt ytterlår rå,"Kalium, K",Kött färskt fryst tillagat ,331.0,mg
959,Nöt ytterlår rå,"Jod, I",Kött färskt fryst tillagat ,2.7,µg
959,Nöt ytterlår rå,Fullkorn totalt,Kött färskt fryst tillagat ,0.0,g
959,Nöt ytterlår rå,"Folat, totalt",Kött färskt fryst tillagat ,12.0,µg
959,Nöt ytterlår rå,Fibrer,Kött färskt fryst tillagat ,0.0,g
959,Nöt ytterlår rå,"Fett, totalt",Kött färskt fryst tillagat ,2.8,g
959,Nöt ytterlår rå,"Järn, Fe",Kött färskt fryst tillagat ,2.4,mg
959,Nöt ytterlår rå,Energi (kJ),Kött färskt fryst tillagat ,466.0,kJ
959,Nöt ytterlår rå,Energi (kcal),Kött färskt fryst tillagat ,111.0,kcal
959,Nöt ytterlår rå,Disackarider,Kött färskt fryst tillagat ,0.0,g
959,Nöt ytterlår rå,"Kalcium, Ca",Kött färskt fryst tillagat ,6.0,mg
959,Nöt ytterlår rå,Fettsyra 4:0-10:0,Kött färskt fryst tillagat ,0.0,g
959,Nöt ytterlår rå,DHA (C22:6),Kött färskt fryst tillagat ,0.0,g
959,Nöt ytterlår rå,DPA (C22:5),Kött färskt fryst tillagat ,0.0,g
959,Nöt ytterlår rå,EPA (C20:5),Kött färskt fryst tillagat ,0.0,g
959,Nöt ytterlår rå,Arakidonsyra C20:4,Kött färskt fryst tillagat ,0.0,g
959,Nöt ytterlår rå,Arakidinsyra C20:0,Kött färskt fryst tillagat ,0.0,g
959,Nöt ytterlår rå,Linolensyra C18:3,Kött färskt fryst tillagat ,0.0,g
959,Nöt ytterlår rå,Linolsyra C18:2,Kött färskt fryst tillagat ,0.1,g
959,Nöt ytterlår rå,Oljesyra C18:1,Kött färskt fryst tillagat ,1.0,g
959,Nöt ytterlår rå,Stearinsyra C18:0,Kött färskt fryst tillagat ,0.4,g
959,Nöt ytterlår rå,Palmitoljesyra C16:1,Kött färskt fryst tillagat ,0.1,g
959,Nöt ytterlår rå,Palmitinsyra C16:0,Kött färskt fryst tillagat ,0.6,g
959,Nöt ytterlår rå,Myristinsyra C14:0,Kött färskt fryst tillagat ,0.1,g
959,Nöt ytterlår rå,Laurinsyra C12:0,Kött färskt fryst tillagat ,0.0,g
959,Nöt ytterlår rå,Betakaroten/β-Karoten,Kött färskt fryst tillagat ,6.0,µg
959,Nöt ytterlår rå,Avfall (skal etc.),Kött färskt fryst tillagat ,7.0,%
959,Nöt ytterlår rå,Aska,Kött färskt fryst tillagat ,1.1,g
959,Nöt ytterlår rå,Alkohol,Kött färskt fryst tillagat ,0.0,g
960,Nöt entrecôte rå,"Zink, Zn",Kött färskt fryst tillagat ,4.1,mg
960,Nöt entrecôte rå,Vitamin E,Kött färskt fryst tillagat ,0.5,mg
960,Nöt entrecôte rå,Vitamin D inkl 25-OH-D3,Kött färskt fryst tillagat ,0.39,µg
960,Nöt entrecôte rå,Vitamin D,Kött färskt fryst tillagat ,0.07,µg
960,Nöt entrecôte rå,Vitamin C,Kött färskt fryst tillagat ,0.0,mg
960,Nöt entrecôte rå,Vitamin B6,Kött färskt fryst tillagat ,0.37,mg
960,Nöt entrecôte rå,Vitamin B12,Kött färskt fryst tillagat ,0.69,µg
960,Nöt entrecôte rå,Vitamin A,Kött färskt fryst tillagat ,8.2,RE/µg
960,Nöt entrecôte rå,Vatten,Kött färskt fryst tillagat ,71.4,g
960,Nöt entrecôte rå,Tiamin,Kött färskt fryst tillagat ,0.06,mg
960,Nöt entrecôte rå,Tillsatt socker,Kött färskt fryst tillagat ,0.0,g
960,Nöt entrecôte rå,Fritt socker,Kött färskt fryst tillagat ,0.0,g
960,Nöt entrecôte rå,"Selen, Se",Kött färskt fryst tillagat ,5.9,µg
960,Nöt entrecôte rå,Sackaros,Kött färskt fryst tillagat ,0.0,g
960,Nöt entrecôte rå,Riboflavin,Kött färskt fryst tillagat ,0.16,mg
960,Nöt entrecôte rå,Retinol,Kött färskt fryst tillagat ,6.0,µg
960,Nöt entrecôte rå,Protein,Kött färskt fryst tillagat ,21.7,g
960,Nöt entrecôte rå,Summa fleromättade fettsyror,Kött färskt fryst tillagat ,0.3,g
960,Nöt entrecôte rå,"Fosfor, P",Kött färskt fryst tillagat ,185.0,mg
960,Nöt entrecôte rå,Niacinekvivalenter,Kött färskt fryst tillagat ,10.0,NE/mg
960,Nöt entrecôte rå,Niacin,Kött färskt fryst tillagat ,6.03,mg
960,Nöt entrecôte rå,"Salt, NaCl",Kött färskt fryst tillagat ,0.2,g
960,Nöt entrecôte rå,"Natrium, Na",Kött färskt fryst tillagat ,66.0,mg
960,Nöt entrecôte rå,Monosackarider,Kött färskt fryst tillagat ,0.0,g
960,Nöt entrecôte rå,"Sockerarter, totalt",Kött färskt fryst tillagat ,0.0,g
960,Nöt entrecôte rå,Summa enkelomättade fettsyror,Kött färskt fryst tillagat ,2.4,g
960,Nöt entrecôte rå,"Magnesium, Mg",Kött färskt fryst tillagat ,22.0,mg
960,Nöt entrecôte rå,Summa mättade fettsyror,Kött färskt fryst tillagat ,3.0,g
960,Nöt entrecôte rå,"Kolhydrater, tillgängliga",Kött färskt fryst tillagat ,0.0,g
960,Nöt entrecôte rå,Kolesterol,Kött färskt fryst tillagat ,52.4,mg
960,Nöt entrecôte rå,"Kalium, K",Kött färskt fryst tillagat ,320.0,mg
960,Nöt entrecôte rå,"Jod, I",Kött färskt fryst tillagat ,2.5,µg
960,Nöt entrecôte rå,Fullkorn totalt,Kött färskt fryst tillagat ,0.0,g
960,Nöt entrecôte rå,"Folat, totalt",Kött färskt fryst tillagat ,5.6,µg
960,Nöt entrecôte rå,Fibrer,Kött färskt fryst tillagat ,0.0,g
960,Nöt entrecôte rå,"Fett, totalt",Kött färskt fryst tillagat ,6.1,g
960,Nöt entrecôte rå,"Järn, Fe",Kött färskt fryst tillagat ,2.1,mg
960,Nöt entrecôte rå,Energi (kJ),Kött färskt fryst tillagat ,594.0,kJ
960,Nöt entrecôte rå,Energi (kcal),Kött färskt fryst tillagat ,142.0,kcal
960,Nöt entrecôte rå,Disackarider,Kött färskt fryst tillagat ,0.0,g
960,Nöt entrecôte rå,"Kalcium, Ca",Kött färskt fryst tillagat ,5.0,mg
960,Nöt entrecôte rå,Fettsyra 4:0-10:0,Kött färskt fryst tillagat ,0.0,g
960,Nöt entrecôte rå,DHA (C22:6),Kött färskt fryst tillagat ,0.0,g
960,Nöt entrecôte rå,DPA (C22:5),Kött färskt fryst tillagat ,0.0,g
960,Nöt entrecôte rå,EPA (C20:5),Kött färskt fryst tillagat ,0.0,g
960,Nöt entrecôte rå,Arakidonsyra C20:4,Kött färskt fryst tillagat ,0.0,g
960,Nöt entrecôte rå,Arakidinsyra C20:0,Kött färskt fryst tillagat ,0.0,g
960,Nöt entrecôte rå,Linolensyra C18:3,Kött färskt fryst tillagat ,0.0,g
960,Nöt entrecôte rå,Linolsyra C18:2,Kött färskt fryst tillagat ,0.2,g
960,Nöt entrecôte rå,Oljesyra C18:1,Kött färskt fryst tillagat ,2.2,g
960,Nöt entrecôte rå,Stearinsyra C18:0,Kött färskt fryst tillagat ,1.1,g
960,Nöt entrecôte rå,Palmitoljesyra C16:1,Kött färskt fryst tillagat ,0.2,g
960,Nöt entrecôte rå,Palmitinsyra C16:0,Kött färskt fryst tillagat ,1.5,g
960,Nöt entrecôte rå,Myristinsyra C14:0,Kött färskt fryst tillagat ,0.2,g
960,Nöt entrecôte rå,Laurinsyra C12:0,Kött färskt fryst tillagat ,0.0,g
960,Nöt entrecôte rå,Betakaroten/β-Karoten,Kött färskt fryst tillagat ,26.0,µg
960,Nöt entrecôte rå,Avfall (skal etc.),Kött färskt fryst tillagat ,10.0,%
960,Nöt entrecôte rå,Aska,Kött färskt fryst tillagat ,1.0,g
960,Nöt entrecôte rå,Alkohol,Kött färskt fryst tillagat ,0.0,g
961,Nöt grytbitar rå,"Zink, Zn",Kött färskt fryst tillagat ,7.0,mg
961,Nöt grytbitar rå,Vitamin E,Kött färskt fryst tillagat ,0.7,mg
961,Nöt grytbitar rå,Vitamin D,Kött färskt fryst tillagat ,0.07,µg
961,Nöt grytbitar rå,Vitamin C,Kött färskt fryst tillagat ,0.0,mg
961,Nöt grytbitar rå,Vitamin B6,Kött färskt fryst tillagat ,0.25,mg
961,Nöt grytbitar rå,Vitamin B12,Kött färskt fryst tillagat ,1.5,µg
961,Nöt grytbitar rå,Vitamin A,Kött färskt fryst tillagat ,9.7,RE/µg
961,Nöt grytbitar rå,Vatten,Kött färskt fryst tillagat ,71.9,g
961,Nöt grytbitar rå,Tiamin,Kött färskt fryst tillagat ,0.06,mg
961,Nöt grytbitar rå,Tillsatt socker,Kött färskt fryst tillagat ,0.0,g
961,Nöt grytbitar rå,Fritt socker,Kött färskt fryst tillagat ,0.0,g
961,Nöt grytbitar rå,"Selen, Se",Kött färskt fryst tillagat ,6.1,µg
961,Nöt grytbitar rå,Sackaros,Kött färskt fryst tillagat ,0.0,g
961,Nöt grytbitar rå,Riboflavin,Kött färskt fryst tillagat ,0.17,mg
961,Nöt grytbitar rå,Retinol,Kött färskt fryst tillagat ,6.9,µg
961,Nöt grytbitar rå,Protein,Kött färskt fryst tillagat ,20.6,g
961,Nöt grytbitar rå,Summa fleromättade fettsyror,Kött färskt fryst tillagat ,0.4,g
961,Nöt grytbitar rå,"Fosfor, P",Kött färskt fryst tillagat ,165.0,mg
961,Nöt grytbitar rå,Niacinekvivalenter,Kött färskt fryst tillagat ,8.3,NE/mg
961,Nöt grytbitar rå,Niacin,Kött färskt fryst tillagat ,4.5,mg
961,Nöt grytbitar rå,"Salt, NaCl",Kött färskt fryst tillagat ,0.2,g
961,Nöt grytbitar rå,"Natrium, Na",Kött färskt fryst tillagat ,68.0,mg
961,Nöt grytbitar rå,Monosackarider,Kött färskt fryst tillagat ,0.0,g
961,Nöt grytbitar rå,"Sockerarter, totalt",Kött färskt fryst tillagat ,0.0,g
961,Nöt grytbitar rå,Summa enkelomättade fettsyror,Kött färskt fryst tillagat ,2.9,g
961,Nöt grytbitar rå,"Magnesium, Mg",Kött färskt fryst tillagat ,20.0,mg
961,Nöt grytbitar rå,Summa mättade fettsyror,Kött färskt fryst tillagat ,3.2,g
961,Nöt grytbitar rå,"Kolhydrater, tillgängliga",Kött färskt fryst tillagat ,0.0,g
961,Nöt grytbitar rå,Kolesterol,Kött färskt fryst tillagat ,60.2,mg
961,Nöt grytbitar rå,"Kalium, K",Kött färskt fryst tillagat ,295.0,mg
961,Nöt grytbitar rå,"Jod, I",Kött färskt fryst tillagat ,2.5,µg
961,Nöt grytbitar rå,Fullkorn totalt,Kött färskt fryst tillagat ,0.0,g
961,Nöt grytbitar rå,"Folat, totalt",Kött färskt fryst tillagat ,5.3,µg
961,Nöt grytbitar rå,Fibrer,Kött färskt fryst tillagat ,0.0,g
961,Nöt grytbitar rå,"Fett, totalt",Kött färskt fryst tillagat ,6.9,g
961,Nöt grytbitar rå,"Järn, Fe",Kött färskt fryst tillagat ,2.6,mg
961,Nöt grytbitar rå,Energi (kJ),Kött färskt fryst tillagat ,605.0,kJ
961,Nöt grytbitar rå,Energi (kcal),Kött färskt fryst tillagat ,145.0,kcal
961,Nöt grytbitar rå,Disackarider,Kött färskt fryst tillagat ,0.0,g
961,Nöt grytbitar rå,"Kalcium, Ca",Kött färskt fryst tillagat ,6.0,mg
961,Nöt grytbitar rå,Fettsyra 4:0-10:0,Kött färskt fryst tillagat ,0.0,g
961,Nöt grytbitar rå,DHA (C22:6),Kött färskt fryst tillagat ,0.0,g
961,Nöt grytbitar rå,DPA (C22:5),Kött färskt fryst tillagat ,0.0,g
961,Nöt grytbitar rå,EPA (C20:5),Kött färskt fryst tillagat ,0.0,g
961,Nöt grytbitar rå,Arakidonsyra C20:4,Kött färskt fryst tillagat ,0.0,g
961,Nöt grytbitar rå,Arakidinsyra C20:0,Kött färskt fryst tillagat ,0.0,g
961,Nöt grytbitar rå,Linolensyra C18:3,Kött färskt fryst tillagat ,0.1,g
961,Nöt grytbitar rå,Linolsyra C18:2,Kött färskt fryst tillagat ,0.2,g
961,Nöt grytbitar rå,Oljesyra C18:1,Kött färskt fryst tillagat ,2.6,g
961,Nöt grytbitar rå,Stearinsyra C18:0,Kött färskt fryst tillagat ,1.2,g
961,Nöt grytbitar rå,Palmitoljesyra C16:1,Kött färskt fryst tillagat ,0.2,g
961,Nöt grytbitar rå,Palmitinsyra C16:0,Kött färskt fryst tillagat ,1.6,g
961,Nöt grytbitar rå,Myristinsyra C14:0,Kött färskt fryst tillagat ,0.2,g
961,Nöt grytbitar rå,Laurinsyra C12:0,Kött färskt fryst tillagat ,0.0,g
961,Nöt grytbitar rå,Betakaroten/β-Karoten,Kött färskt fryst tillagat ,34.0,µg
961,Nöt grytbitar rå,Avfall (skal etc.),Kött färskt fryst tillagat ,0.0,%
961,Nöt grytbitar rå,Aska,Kött färskt fryst tillagat ,0.9,g
961,Nöt grytbitar rå,Alkohol,Kött färskt fryst tillagat ,0.0,g
962,Nöt kött hackebiff rå frysvara,"Zink, Zn",Kött färskt fryst tillagat ,5.4,mg
962,Nöt kött hackebiff rå frysvara,Vitamin E,Kött färskt fryst tillagat ,0.1,mg
962,Nöt kött hackebiff rå frysvara,Vitamin D,Kött färskt fryst tillagat ,0.5,µg
962,Nöt kött hackebiff rå frysvara,Vitamin C,Kött färskt fryst tillagat ,0.0,mg
962,Nöt kött hackebiff rå frysvara,Vitamin B6,Kött färskt fryst tillagat ,0.48,mg
962,Nöt kött hackebiff rå frysvara,Vitamin B12,Kött färskt fryst tillagat ,1.4,µg
962,Nöt kött hackebiff rå frysvara,Vitamin A,Kött färskt fryst tillagat ,6.9,RE/µg
962,Nöt kött hackebiff rå frysvara,Vatten,Kött färskt fryst tillagat ,70.1,g
962,Nöt kött hackebiff rå frysvara,Tiamin,Kött färskt fryst tillagat ,0.03,mg
962,Nöt kött hackebiff rå frysvara,Tillsatt socker,Kött färskt fryst tillagat ,0.0,g
962,Nöt kött hackebiff rå frysvara,Fritt socker,Kött färskt fryst tillagat ,0.0,g
962,Nöt kött hackebiff rå frysvara,"Selen, Se",Kött färskt fryst tillagat ,9.0,µg
962,Nöt kött hackebiff rå frysvara,Sackaros,Kött färskt fryst tillagat ,0.0,g
962,Nöt kött hackebiff rå frysvara,Riboflavin,Kött färskt fryst tillagat ,0.19,mg
962,Nöt kött hackebiff rå frysvara,Retinol,Kött färskt fryst tillagat ,6.1,µg
962,Nöt kött hackebiff rå frysvara,Protein,Kött färskt fryst tillagat ,20.0,g
962,Nöt kött hackebiff rå frysvara,Summa fleromättade fettsyror,Kött färskt fryst tillagat ,0.3,g
962,Nöt kött hackebiff rå frysvara,"Fosfor, P",Kött färskt fryst tillagat ,162.0,mg
962,Nöt kött hackebiff rå frysvara,Niacinekvivalenter,Kött färskt fryst tillagat ,9.57,NE/mg
962,Nöt kött hackebiff rå frysvara,Niacin,Kött färskt fryst tillagat ,5.9,mg
962,Nöt kött hackebiff rå frysvara,"Salt, NaCl",Kött färskt fryst tillagat ,0.1,g
962,Nöt kött hackebiff rå frysvara,"Natrium, Na",Kött färskt fryst tillagat ,54.0,mg
962,Nöt kött hackebiff rå frysvara,Monosackarider,Kött färskt fryst tillagat ,0.0,g
962,Nöt kött hackebiff rå frysvara,"Sockerarter, totalt",Kött färskt fryst tillagat ,0.0,g
962,Nöt kött hackebiff rå frysvara,Summa enkelomättade fettsyror,Kött färskt fryst tillagat ,3.6,g
962,Nöt kött hackebiff rå frysvara,"Magnesium, Mg",Kött färskt fryst tillagat ,21.0,mg
962,Nöt kött hackebiff rå frysvara,Summa mättade fettsyror,Kött färskt fryst tillagat ,4.2,g
962,Nöt kött hackebiff rå frysvara,"Kolhydrater, tillgängliga",Kött färskt fryst tillagat ,0.0,g
962,Nöt kött hackebiff rå frysvara,Kolesterol,Kött färskt fryst tillagat ,54.0,mg
962,Nöt kött hackebiff rå frysvara,"Kalium, K",Kött färskt fryst tillagat ,303.0,mg
962,Nöt kött hackebiff rå frysvara,"Jod, I",Kött färskt fryst tillagat ,2.7,µg
962,Nöt kött hackebiff rå frysvara,Fullkorn totalt,Kött färskt fryst tillagat ,0.0,g
962,Nöt kött hackebiff rå frysvara,"Folat, totalt",Kött färskt fryst tillagat ,12.0,µg
962,Nöt kött hackebiff rå frysvara,Fibrer,Kött färskt fryst tillagat ,0.0,g
962,Nöt kött hackebiff rå frysvara,"Fett, totalt",Kött färskt fryst tillagat ,8.8,g
962,Nöt kött hackebiff rå frysvara,"Järn, Fe",Kött färskt fryst tillagat ,2.3,mg
962,Nöt kött hackebiff rå frysvara,Energi (kJ),Kött färskt fryst tillagat ,666.0,kJ
962,Nöt kött hackebiff rå frysvara,Energi (kcal),Kött färskt fryst tillagat ,159.0,kcal
962,Nöt kött hackebiff rå frysvara,Disackarider,Kött färskt fryst tillagat ,0.0,g
962,Nöt kött hackebiff rå frysvara,"Kalcium, Ca",Kött färskt fryst tillagat ,7.0,mg
962,Nöt kött hackebiff rå frysvara,Fettsyra 4:0-10:0,Kött färskt fryst tillagat ,0.0,g
962,Nöt kött hackebiff rå frysvara,DHA (C22:6),Kött färskt fryst tillagat ,0.0,g
962,Nöt kött hackebiff rå frysvara,DPA (C22:5),Kött färskt fryst tillagat ,0.0,g
962,Nöt kött hackebiff rå frysvara,EPA (C20:5),Kött färskt fryst tillagat ,0.0,g
962,Nöt kött hackebiff rå frysvara,Arakidonsyra C20:4,Kött färskt fryst tillagat ,0.0,g
962,Nöt kött hackebiff rå frysvara,Arakidinsyra C20:0,Kött färskt fryst tillagat ,0.0,g
962,Nöt kött hackebiff rå frysvara,Linolensyra C18:3,Kött färskt fryst tillagat ,0.0,g
962,Nöt kött hackebiff rå frysvara,Linolsyra C18:2,Kött färskt fryst tillagat ,0.2,g
962,Nöt kött hackebiff rå frysvara,Oljesyra C18:1,Kött färskt fryst tillagat ,3.2,g
962,Nöt kött hackebiff rå frysvara,Stearinsyra C18:0,Kött färskt fryst tillagat ,1.7,g
962,Nöt kött hackebiff rå frysvara,Palmitoljesyra C16:1,Kött färskt fryst tillagat ,0.2,g
962,Nöt kött hackebiff rå frysvara,Palmitinsyra C16:0,Kött färskt fryst tillagat ,2.1,g
962,Nöt kött hackebiff rå frysvara,Myristinsyra C14:0,Kött färskt fryst tillagat ,0.2,g
962,Nöt kött hackebiff rå frysvara,Laurinsyra C12:0,Kött färskt fryst tillagat ,0.0,g
962,Nöt kött hackebiff rå frysvara,Betakaroten/β-Karoten,Kött färskt fryst tillagat ,10.0,µg
962,Nöt kött hackebiff rå frysvara,Avfall (skal etc.),Kött färskt fryst tillagat ,0.0,%
962,Nöt kött hackebiff rå frysvara,Aska,Kött färskt fryst tillagat ,1.1,g
962,Nöt kött hackebiff rå frysvara,Alkohol,Kött färskt fryst tillagat ,0.0,g
963,Nöt färs rå fett 15%,"Zink, Zn",Kött färskt fryst tillagat ,4.9,mg
963,Nöt färs rå fett 15%,Vitamin E,Kött färskt fryst tillagat ,0.7,mg
963,Nöt färs rå fett 15%,Vitamin D inkl 25-OH-D3,Kött färskt fryst tillagat ,0.67,µg
963,Nöt färs rå fett 15%,Vitamin D,Kött färskt fryst tillagat ,0.15,µg
963,Nöt färs rå fett 15%,Vitamin C,Kött färskt fryst tillagat ,0.0,mg
963,Nöt färs rå fett 15%,Vitamin B6,Kött färskt fryst tillagat ,0.26,mg
963,Nöt färs rå fett 15%,Vitamin B12,Kött färskt fryst tillagat ,1.57,µg
963,Nöt färs rå fett 15%,Vitamin A,Kött färskt fryst tillagat ,12.8,RE/µg
963,Nöt färs rå fett 15%,Vatten,Kött färskt fryst tillagat ,66.4,g
963,Nöt färs rå fett 15%,Tiamin,Kött färskt fryst tillagat ,0.06,mg
963,Nöt färs rå fett 15%,Tillsatt socker,Kött färskt fryst tillagat ,0.0,g
963,Nöt färs rå fett 15%,Fritt socker,Kött färskt fryst tillagat ,0.0,g
963,Nöt färs rå fett 15%,"Selen, Se",Kött färskt fryst tillagat ,5.3,µg
963,Nöt färs rå fett 15%,Sackaros,Kött färskt fryst tillagat ,0.0,g
963,Nöt färs rå fett 15%,Riboflavin,Kött färskt fryst tillagat ,0.15,mg
963,Nöt färs rå fett 15%,Retinol,Kött färskt fryst tillagat ,10.5,µg
963,Nöt färs rå fett 15%,Protein,Kött färskt fryst tillagat ,19.4,g
963,Nöt färs rå fett 15%,Summa fleromättade fettsyror,Kött färskt fryst tillagat ,0.6,g
963,Nöt färs rå fett 15%,"Fosfor, P",Kött färskt fryst tillagat ,160.0,mg
963,Nöt färs rå fett 15%,Niacinekvivalenter,Kött färskt fryst tillagat ,7.9,NE/mg
963,Nöt färs rå fett 15%,Niacin,Kött färskt fryst tillagat ,4.37,mg
963,Nöt färs rå fett 15%,"Salt, NaCl",Kött färskt fryst tillagat ,0.2,g
963,Nöt färs rå fett 15%,"Natrium, Na",Kött färskt fryst tillagat ,83.0,mg
963,Nöt färs rå fett 15%,Monosackarider,Kött färskt fryst tillagat ,0.0,g
963,Nöt färs rå fett 15%,"Sockerarter, totalt",Kött färskt fryst tillagat ,0.0,g
963,Nöt färs rå fett 15%,Summa enkelomättade fettsyror,Kött färskt fryst tillagat ,6.9,g
963,Nöt färs rå fett 15%,"Magnesium, Mg",Kött färskt fryst tillagat ,20.0,mg
963,Nöt färs rå fett 15%,Summa mättade fettsyror,Kött färskt fryst tillagat ,6.6,g
963,Nöt färs rå fett 15%,"Kolhydrater, tillgängliga",Kött färskt fryst tillagat ,0.0,g
963,Nöt färs rå fett 15%,Kolesterol,Kött färskt fryst tillagat ,61.7,mg
963,Nöt färs rå fett 15%,"Kalium, K",Kött färskt fryst tillagat ,280.0,mg
963,Nöt färs rå fett 15%,"Jod, I",Kött färskt fryst tillagat ,2.7,µg
963,Nöt färs rå fett 15%,Fullkorn totalt,Kött färskt fryst tillagat ,0.0,g
963,Nöt färs rå fett 15%,"Folat, totalt",Kött färskt fryst tillagat ,3.3,µg
963,Nöt färs rå fett 15%,Fibrer,Kött färskt fryst tillagat ,0.0,g
963,Nöt färs rå fett 15%,"Fett, totalt",Kött färskt fryst tillagat ,15.0,g
963,Nöt färs rå fett 15%,"Järn, Fe",Kött färskt fryst tillagat ,1.9,mg
963,Nöt färs rå fett 15%,Energi (kJ),Kött färskt fryst tillagat ,884.0,kJ
963,Nöt färs rå fett 15%,Energi (kcal),Kött färskt fryst tillagat ,211.0,kcal
963,Nöt färs rå fett 15%,Disackarider,Kött färskt fryst tillagat ,0.0,g
963,Nöt färs rå fett 15%,"Kalcium, Ca",Kött färskt fryst tillagat ,7.0,mg
963,Nöt färs rå fett 15%,Fettsyra 4:0-10:0,Kött färskt fryst tillagat ,0.0,g
963,Nöt färs rå fett 15%,DHA (C22:6),Kött färskt fryst tillagat ,0.0,g
963,Nöt färs rå fett 15%,DPA (C22:5),Kött färskt fryst tillagat ,0.0,g
963,Nöt färs rå fett 15%,EPA (C20:5),Kött färskt fryst tillagat ,0.0,g
963,Nöt färs rå fett 15%,Arakidonsyra C20:4,Kött färskt fryst tillagat ,0.0,g
963,Nöt färs rå fett 15%,Arakidinsyra C20:0,Kött färskt fryst tillagat ,0.0,g
963,Nöt färs rå fett 15%,Linolensyra C18:3,Kött färskt fryst tillagat ,0.1,g
963,Nöt färs rå fett 15%,Linolsyra C18:2,Kött färskt fryst tillagat ,0.4,g
963,Nöt färs rå fett 15%,Oljesyra C18:1,Kött färskt fryst tillagat ,5.9,g
963,Nöt färs rå fett 15%,Stearinsyra C18:0,Kött färskt fryst tillagat ,2.0,g
963,Nöt färs rå fett 15%,Palmitoljesyra C16:1,Kött färskt fryst tillagat ,0.6,g
963,Nöt färs rå fett 15%,Palmitinsyra C16:0,Kött färskt fryst tillagat ,3.5,g
963,Nöt färs rå fett 15%,Myristinsyra C14:0,Kött färskt fryst tillagat ,0.4,g
963,Nöt färs rå fett 15%,Laurinsyra C12:0,Kött färskt fryst tillagat ,0.0,g
963,Nöt färs rå fett 15%,Betakaroten/β-Karoten,Kött färskt fryst tillagat ,28.0,µg
963,Nöt färs rå fett 15%,Avfall (skal etc.),Kött färskt fryst tillagat ,0.0,%
963,Nöt färs rå fett 15%,Aska,Kött färskt fryst tillagat ,0.9,g
963,Nöt färs rå fett 15%,Alkohol,Kött färskt fryst tillagat ,0.0,g
965,Ren stek rå,"Zink, Zn",Kött färskt fryst tillagat ,2.8,mg
965,Ren stek rå,Vitamin E,Kött färskt fryst tillagat ,0.8,mg
965,Ren stek rå,Vitamin D,Kött färskt fryst tillagat ,0.0,µg
965,Ren stek rå,Vitamin C,Kött färskt fryst tillagat ,0.0,mg
965,Ren stek rå,Vitamin B6,Kött färskt fryst tillagat ,0.51,mg
965,Ren stek rå,Vitamin B12,Kött färskt fryst tillagat ,2.14,µg
965,Ren stek rå,Vitamin A,Kött färskt fryst tillagat ,3.3,RE/µg
965,Ren stek rå,Vatten,Kött färskt fryst tillagat ,74.4,g
965,Ren stek rå,Tiamin,Kött färskt fryst tillagat ,0.34,mg
965,Ren stek rå,Tillsatt socker,Kött färskt fryst tillagat ,0.0,g
965,Ren stek rå,Fritt socker,Kött färskt fryst tillagat ,0.0,g
965,Ren stek rå,"Selen, Se",Kött färskt fryst tillagat ,19.7,µg
965,Ren stek rå,Sackaros,Kött färskt fryst tillagat ,0.0,g
965,Ren stek rå,Riboflavin,Kött färskt fryst tillagat ,0.48,mg
965,Ren stek rå,Retinol,Kött färskt fryst tillagat ,3.3,µg
965,Ren stek rå,Protein,Kött färskt fryst tillagat ,22.6,g
965,Ren stek rå,Summa fleromättade fettsyror,Kött färskt fryst tillagat ,0.4,g
965,Ren stek rå,"Fosfor, P",Kött färskt fryst tillagat ,230.0,mg
965,Ren stek rå,Niacinekvivalenter,Kött färskt fryst tillagat ,14.2,NE/mg
965,Ren stek rå,Niacin,Kött färskt fryst tillagat ,10.1,mg
965,Ren stek rå,"Salt, NaCl",Kött färskt fryst tillagat ,0.2,g
965,Ren stek rå,"Natrium, Na",Kött färskt fryst tillagat ,70.0,mg
965,Ren stek rå,Monosackarider,Kött färskt fryst tillagat ,0.0,g
965,Ren stek rå,"Sockerarter, totalt",Kött färskt fryst tillagat ,0.0,g
965,Ren stek rå,Summa enkelomättade fettsyror,Kött färskt fryst tillagat ,0.5,g
965,Ren stek rå,"Magnesium, Mg",Kött färskt fryst tillagat ,28.0,mg
965,Ren stek rå,Summa mättade fettsyror,Kött färskt fryst tillagat ,0.7,g
965,Ren stek rå,"Kolhydrater, tillgängliga",Kött färskt fryst tillagat ,0.0,g
965,Ren stek rå,Kolesterol,Kött färskt fryst tillagat ,69.1,mg
965,Ren stek rå,"Kalium, K",Kött färskt fryst tillagat ,350.0,mg
965,Ren stek rå,"Jod, I",Kött färskt fryst tillagat ,4.9,µg
965,Ren stek rå,Fullkorn totalt,Kött färskt fryst tillagat ,0.0,g
965,Ren stek rå,"Folat, totalt",Kött färskt fryst tillagat ,1.7,µg
965,Ren stek rå,Fibrer,Kött färskt fryst tillagat ,0.0,g
965,Ren stek rå,"Fett, totalt",Kött färskt fryst tillagat ,1.8,g
965,Ren stek rå,"Järn, Fe",Kött färskt fryst tillagat ,3.4,mg
965,Ren stek rå,Energi (kJ),Kött färskt fryst tillagat ,451.0,kJ
965,Ren stek rå,Energi (kcal),Kött färskt fryst tillagat ,108.0,kcal
965,Ren stek rå,Disackarider,Kött färskt fryst tillagat ,0.0,g
965,Ren stek rå,"Kalcium, Ca",Kött färskt fryst tillagat ,4.0,mg
965,Ren stek rå,Fettsyra 4:0-10:0,Kött färskt fryst tillagat ,0.0,g
965,Ren stek rå,DHA (C22:6),Kött färskt fryst tillagat ,0.0,g
965,Ren stek rå,DPA (C22:5),Kött färskt fryst tillagat ,0.0,g
965,Ren stek rå,EPA (C20:5),Kött färskt fryst tillagat ,0.0,g
965,Ren stek rå,Arakidonsyra C20:4,Kött färskt fryst tillagat ,0.1,g
965,Ren stek rå,Arakidinsyra C20:0,Kött färskt fryst tillagat ,0.0,g
965,Ren stek rå,Linolensyra C18:3,Kött färskt fryst tillagat ,0.0,g
965,Ren stek rå,Linolsyra C18:2,Kött färskt fryst tillagat ,0.2,g
965,Ren stek rå,Oljesyra C18:1,Kött färskt fryst tillagat ,0.4,g
965,Ren stek rå,Stearinsyra C18:0,Kött färskt fryst tillagat ,0.2,g
965,Ren stek rå,Palmitoljesyra C16:1,Kött färskt fryst tillagat ,0.0,g
965,Ren stek rå,Palmitinsyra C16:0,Kött färskt fryst tillagat ,0.3,g
965,Ren stek rå,Myristinsyra C14:0,Kött färskt fryst tillagat ,0.0,g
965,Ren stek rå,Laurinsyra C12:0,Kött färskt fryst tillagat ,0.0,g
965,Ren stek rå,Betakaroten/β-Karoten,Kött färskt fryst tillagat ,0.0,µg
965,Ren stek rå,Avfall (skal etc.),Kött färskt fryst tillagat ,26.0,%
965,Ren stek rå,Aska,Kött färskt fryst tillagat ,1.1,g
965,Ren stek rå,Alkohol,Kött färskt fryst tillagat ,0.0,g
966,Ren bog rå,"Zink, Zn",Kött färskt fryst tillagat ,5.3,mg
966,Ren bog rå,Vitamin E,Kött färskt fryst tillagat ,0.8,mg
966,Ren bog rå,Vitamin D,Kött färskt fryst tillagat ,0.0,µg
966,Ren bog rå,Vitamin C,Kött färskt fryst tillagat ,0.0,mg
966,Ren bog rå,Vitamin B6,Kött färskt fryst tillagat ,0.37,mg
966,Ren bog rå,Vitamin B12,Kött färskt fryst tillagat ,3.75,µg
966,Ren bog rå,Vitamin A,Kött färskt fryst tillagat ,4.0,RE/µg
966,Ren bog rå,Vatten,Kött färskt fryst tillagat ,74.1,g
966,Ren bog rå,Tiamin,Kött färskt fryst tillagat ,0.29,mg
966,Ren bog rå,Tillsatt socker,Kött färskt fryst tillagat ,0.0,g
966,Ren bog rå,Fritt socker,Kött färskt fryst tillagat ,0.0,g
966,Ren bog rå,"Selen, Se",Kött färskt fryst tillagat ,17.3,µg
966,Ren bog rå,Sackaros,Kött färskt fryst tillagat ,0.0,g
966,Ren bog rå,Riboflavin,Kött färskt fryst tillagat ,0.48,mg
966,Ren bog rå,Retinol,Kött färskt fryst tillagat ,4.0,µg
966,Ren bog rå,Protein,Kött färskt fryst tillagat ,23.3,g
966,Ren bog rå,Summa fleromättade fettsyror,Kött färskt fryst tillagat ,0.2,g
966,Ren bog rå,"Fosfor, P",Kött färskt fryst tillagat ,220.0,mg
966,Ren bog rå,Niacinekvivalenter,Kött färskt fryst tillagat ,12.8,NE/mg
966,Ren bog rå,Niacin,Kött färskt fryst tillagat ,8.53,mg
966,Ren bog rå,"Salt, NaCl",Kött färskt fryst tillagat ,0.2,g
966,Ren bog rå,"Natrium, Na",Kött färskt fryst tillagat ,70.0,mg
966,Ren bog rå,Monosackarider,Kött färskt fryst tillagat ,0.0,g
966,Ren bog rå,"Sockerarter, totalt",Kött färskt fryst tillagat ,0.0,g
966,Ren bog rå,Summa enkelomättade fettsyror,Kött färskt fryst tillagat ,0.5,g
966,Ren bog rå,"Magnesium, Mg",Kött färskt fryst tillagat ,26.0,mg
966,Ren bog rå,Summa mättade fettsyror,Kött färskt fryst tillagat ,0.7,g
966,Ren bog rå,"Kolhydrater, tillgängliga",Kött färskt fryst tillagat ,0.0,g
966,Ren bog rå,Kolesterol,Kött färskt fryst tillagat ,66.3,mg
966,Ren bog rå,"Kalium, K",Kött färskt fryst tillagat ,360.0,mg
966,Ren bog rå,"Jod, I",Kött färskt fryst tillagat ,6.6,µg
966,Ren bog rå,Fullkorn totalt,Kött färskt fryst tillagat ,0.0,g
966,Ren bog rå,"Folat, totalt",Kött färskt fryst tillagat ,1.7,µg
966,Ren bog rå,Fibrer,Kött färskt fryst tillagat ,0.0,g
966,Ren bog rå,"Fett, totalt",Kött färskt fryst tillagat ,1.6,g
966,Ren bog rå,"Järn, Fe",Kött färskt fryst tillagat ,3.7,mg
966,Ren bog rå,Energi (kJ),Kött färskt fryst tillagat ,455.0,kJ
966,Ren bog rå,Energi (kcal),Kött färskt fryst tillagat ,109.0,kcal
966,Ren bog rå,Disackarider,Kött färskt fryst tillagat ,0.0,g
966,Ren bog rå,"Kalcium, Ca",Kött färskt fryst tillagat ,4.0,mg
966,Ren bog rå,Fettsyra 4:0-10:0,Kött färskt fryst tillagat ,0.0,g
966,Ren bog rå,DHA (C22:6),Kött färskt fryst tillagat ,0.0,g
966,Ren bog rå,DPA (C22:5),Kött färskt fryst tillagat ,0.0,g
966,Ren bog rå,EPA (C20:5),Kött färskt fryst tillagat ,0.0,g
966,Ren bog rå,Arakidonsyra C20:4,Kött färskt fryst tillagat ,0.0,g
966,Ren bog rå,Arakidinsyra C20:0,Kött färskt fryst tillagat ,0.0,g
966,Ren bog rå,Linolensyra C18:3,Kött färskt fryst tillagat ,0.0,g
966,Ren bog rå,Linolsyra C18:2,Kött färskt fryst tillagat ,0.1,g
966,Ren bog rå,Oljesyra C18:1,Kött färskt fryst tillagat ,0.5,g
966,Ren bog rå,Stearinsyra C18:0,Kött färskt fryst tillagat ,0.2,g
966,Ren bog rå,Palmitoljesyra C16:1,Kött färskt fryst tillagat ,0.0,g
966,Ren bog rå,Palmitinsyra C16:0,Kött färskt fryst tillagat ,0.3,g
966,Ren bog rå,Myristinsyra C14:0,Kött färskt fryst tillagat ,0.0,g
966,Ren bog rå,Laurinsyra C12:0,Kött färskt fryst tillagat ,0.0,g
966,Ren bog rå,Betakaroten/β-Karoten,Kött färskt fryst tillagat ,0.0,µg
966,Ren bog rå,Avfall (skal etc.),Kött färskt fryst tillagat ,30.0,%
966,Ren bog rå,Aska,Kött färskt fryst tillagat ,1.1,g
966,Ren bog rå,Alkohol,Kött färskt fryst tillagat ,0.0,g
967,Ren skav rå frysvara,"Zink, Zn",Kött färskt fryst tillagat ,4.9,mg
967,Ren skav rå frysvara,Vitamin E,Kött färskt fryst tillagat ,0.4,mg
967,Ren skav rå frysvara,Vitamin D,Kött färskt fryst tillagat ,0.0,µg
967,Ren skav rå frysvara,Vitamin C,Kött färskt fryst tillagat ,0.0,mg
967,Ren skav rå frysvara,Vitamin B6,Kött färskt fryst tillagat ,0.3,mg
967,Ren skav rå frysvara,Vitamin B12,Kött färskt fryst tillagat ,2.31,µg
967,Ren skav rå frysvara,Vitamin A,Kött färskt fryst tillagat ,6.6,RE/µg
967,Ren skav rå frysvara,Vatten,Kött färskt fryst tillagat ,74.6,g
967,Ren skav rå frysvara,Tiamin,Kött färskt fryst tillagat ,0.19,mg
967,Ren skav rå frysvara,Tillsatt socker,Kött färskt fryst tillagat ,0.0,g
967,Ren skav rå frysvara,Fritt socker,Kött färskt fryst tillagat ,0.0,g
967,Ren skav rå frysvara,"Selen, Se",Kött färskt fryst tillagat ,10.6,µg
967,Ren skav rå frysvara,Sackaros,Kött färskt fryst tillagat ,0.0,g
967,Ren skav rå frysvara,Riboflavin,Kött färskt fryst tillagat ,0.43,mg
967,Ren skav rå frysvara,Retinol,Kött färskt fryst tillagat ,6.6,µg
967,Ren skav rå frysvara,Protein,Kött färskt fryst tillagat ,20.3,g
967,Ren skav rå frysvara,Summa fleromättade fettsyror,Kött färskt fryst tillagat ,0.3,g
967,Ren skav rå frysvara,"Fosfor, P",Kött färskt fryst tillagat ,200.0,mg
967,Ren skav rå frysvara,Niacinekvivalenter,Kött färskt fryst tillagat ,10.1,NE/mg
967,Ren skav rå frysvara,Niacin,Kött färskt fryst tillagat ,6.39,mg
967,Ren skav rå frysvara,"Salt, NaCl",Kött färskt fryst tillagat ,0.4,g
967,Ren skav rå frysvara,"Natrium, Na",Kött färskt fryst tillagat ,140.0,mg
967,Ren skav rå frysvara,Monosackarider,Kött färskt fryst tillagat ,0.0,g
967,Ren skav rå frysvara,"Sockerarter, totalt",Kött färskt fryst tillagat ,0.0,g
967,Ren skav rå frysvara,Summa enkelomättade fettsyror,Kött färskt fryst tillagat ,1.6,g
967,Ren skav rå frysvara,"Magnesium, Mg",Kött färskt fryst tillagat ,20.0,mg
967,Ren skav rå frysvara,Summa mättade fettsyror,Kött färskt fryst tillagat ,2.4,g
967,Ren skav rå frysvara,"Kolhydrater, tillgängliga",Kött färskt fryst tillagat ,0.0,g
967,Ren skav rå frysvara,Kolesterol,Kött färskt fryst tillagat ,74.5,mg
967,Ren skav rå frysvara,"Kalium, K",Kött färskt fryst tillagat ,270.0,mg
967,Ren skav rå frysvara,"Jod, I",Kött färskt fryst tillagat ,7.5,µg
967,Ren skav rå frysvara,Fullkorn totalt,Kött färskt fryst tillagat ,0.0,g
967,Ren skav rå frysvara,"Folat, totalt",Kött färskt fryst tillagat ,1.7,µg
967,Ren skav rå frysvara,Fibrer,Kött färskt fryst tillagat ,0.0,g
967,Ren skav rå frysvara,"Fett, totalt",Kött färskt fryst tillagat ,4.9,g
967,Ren skav rå frysvara,"Järn, Fe",Kött färskt fryst tillagat ,3.2,mg
967,Ren skav rå frysvara,Energi (kJ),Kött färskt fryst tillagat ,527.0,kJ
967,Ren skav rå frysvara,Energi (kcal),Kött färskt fryst tillagat ,126.0,kcal
967,Ren skav rå frysvara,Disackarider,Kött färskt fryst tillagat ,0.0,g
967,Ren skav rå frysvara,"Kalcium, Ca",Kött färskt fryst tillagat ,7.0,mg
967,Ren skav rå frysvara,Fettsyra 4:0-10:0,Kött färskt fryst tillagat ,0.0,g
967,Ren skav rå frysvara,DHA (C22:6),Kött färskt fryst tillagat ,0.0,g
967,Ren skav rå frysvara,DPA (C22:5),Kött färskt fryst tillagat ,0.0,g
967,Ren skav rå frysvara,EPA (C20:5),Kött färskt fryst tillagat ,0.0,g
967,Ren skav rå frysvara,Arakidonsyra C20:4,Kött färskt fryst tillagat ,0.0,g
967,Ren skav rå frysvara,Arakidinsyra C20:0,Kött färskt fryst tillagat ,0.0,g
967,Ren skav rå frysvara,Linolensyra C18:3,Kött färskt fryst tillagat ,0.0,g
967,Ren skav rå frysvara,Linolsyra C18:2,Kött färskt fryst tillagat ,0.2,g
967,Ren skav rå frysvara,Oljesyra C18:1,Kött färskt fryst tillagat ,1.5,g
967,Ren skav rå frysvara,Stearinsyra C18:0,Kött färskt fryst tillagat ,0.9,g
967,Ren skav rå frysvara,Palmitoljesyra C16:1,Kött färskt fryst tillagat ,0.1,g
967,Ren skav rå frysvara,Palmitinsyra C16:0,Kött färskt fryst tillagat ,1.2,g
967,Ren skav rå frysvara,Myristinsyra C14:0,Kött färskt fryst tillagat ,0.1,g
967,Ren skav rå frysvara,Laurinsyra C12:0,Kött färskt fryst tillagat ,0.0,g
967,Ren skav rå frysvara,Betakaroten/β-Karoten,Kött färskt fryst tillagat ,0.0,µg
967,Ren skav rå frysvara,Avfall (skal etc.),Kött färskt fryst tillagat ,0.0,%
967,Ren skav rå frysvara,Aska,Kött färskt fryst tillagat ,1.0,g
967,Ren skav rå frysvara,Alkohol,Kött färskt fryst tillagat ,0.0,g
968,Rådjur kött rå,"Zink, Zn",Kött färskt fryst tillagat ,2.8,mg
968,Rådjur kött rå,Vitamin E,Kött färskt fryst tillagat ,1.1,mg
968,Rådjur kött rå,Vitamin D,Kött färskt fryst tillagat ,0.0,µg
968,Rådjur kött rå,Vitamin C,Kött färskt fryst tillagat ,0.0,mg
968,Rådjur kött rå,Vitamin B6,Kött färskt fryst tillagat ,0.48,mg
968,Rådjur kött rå,Vitamin B12,Kött färskt fryst tillagat ,2.14,µg
968,Rådjur kött rå,Vitamin A,Kött färskt fryst tillagat ,3.1,RE/µg
968,Rådjur kött rå,Vatten,Kött färskt fryst tillagat ,74.2,g
968,Rådjur kött rå,Tiamin,Kött färskt fryst tillagat ,0.28,mg
968,Rådjur kött rå,Tillsatt socker,Kött färskt fryst tillagat ,0.0,g
968,Rådjur kött rå,Fritt socker,Kött färskt fryst tillagat ,0.0,g
968,Rådjur kött rå,"Selen, Se",Kött färskt fryst tillagat ,8.9,µg
968,Rådjur kött rå,Sackaros,Kött färskt fryst tillagat ,0.0,g
968,Rådjur kött rå,Riboflavin,Kött färskt fryst tillagat ,0.49,mg
968,Rådjur kött rå,Retinol,Kött färskt fryst tillagat ,3.1,µg
968,Rådjur kött rå,Protein,Kött färskt fryst tillagat ,24.0,g
968,Rådjur kött rå,Summa fleromättade fettsyror,Kött färskt fryst tillagat ,0.2,g
968,Rådjur kött rå,"Fosfor, P",Kött färskt fryst tillagat ,225.0,mg
968,Rådjur kött rå,Niacinekvivalenter,Kött färskt fryst tillagat ,10.7,NE/mg
968,Rådjur kött rå,Niacin,Kött färskt fryst tillagat ,6.28,mg
968,Rådjur kött rå,"Salt, NaCl",Kött färskt fryst tillagat ,0.2,g
968,Rådjur kött rå,"Natrium, Na",Kött färskt fryst tillagat ,69.0,mg
968,Rådjur kött rå,Monosackarider,Kött färskt fryst tillagat ,0.0,g
968,Rådjur kött rå,"Sockerarter, totalt",Kött färskt fryst tillagat ,0.0,g
968,Rådjur kött rå,Summa enkelomättade fettsyror,Kött färskt fryst tillagat ,0.3,g
968,Rådjur kött rå,"Magnesium, Mg",Kött färskt fryst tillagat ,27.0,mg
968,Rådjur kött rå,Summa mättade fettsyror,Kött färskt fryst tillagat ,0.5,g
968,Rådjur kött rå,"Kolhydrater, tillgängliga",Kött färskt fryst tillagat ,0.0,g
968,Rådjur kött rå,Kolesterol,Kött färskt fryst tillagat ,67.0,mg
968,Rådjur kött rå,"Kalium, K",Kött färskt fryst tillagat ,355.0,mg
968,Rådjur kött rå,"Jod, I",Kött färskt fryst tillagat ,2.0,µg
968,Rådjur kött rå,Fullkorn totalt,Kött färskt fryst tillagat ,0.0,g
968,Rådjur kött rå,"Folat, totalt",Kött färskt fryst tillagat ,1.7,µg
968,Rådjur kött rå,Fibrer,Kött färskt fryst tillagat ,0.0,g
968,Rådjur kött rå,"Fett, totalt",Kött färskt fryst tillagat ,1.2,g
968,Rådjur kött rå,"Järn, Fe",Kött färskt fryst tillagat ,2.5,mg
968,Rådjur kött rå,Energi (kJ),Kött färskt fryst tillagat ,454.0,kJ
968,Rådjur kött rå,Energi (kcal),Kött färskt fryst tillagat ,108.0,kcal
968,Rådjur kött rå,Disackarider,Kött färskt fryst tillagat ,0.0,g
968,Rådjur kött rå,"Kalcium, Ca",Kött färskt fryst tillagat ,6.0,mg
968,Rådjur kött rå,Fettsyra 4:0-10:0,Kött färskt fryst tillagat ,0.0,g
968,Rådjur kött rå,DHA (C22:6),Kött färskt fryst tillagat ,0.0,g
968,Rådjur kött rå,DPA (C22:5),Kött färskt fryst tillagat ,0.0,g
968,Rådjur kött rå,EPA (C20:5),Kött färskt fryst tillagat ,0.0,g
968,Rådjur kött rå,Arakidonsyra C20:4,Kött färskt fryst tillagat ,0.0,g
968,Rådjur kött rå,Arakidinsyra C20:0,Kött färskt fryst tillagat ,0.0,g
968,Rådjur kött rå,Linolensyra C18:3,Kött färskt fryst tillagat ,0.0,g
968,Rådjur kött rå,Linolsyra C18:2,Kött färskt fryst tillagat ,0.2,g
968,Rådjur kött rå,Oljesyra C18:1,Kött färskt fryst tillagat ,0.3,g
968,Rådjur kött rå,Stearinsyra C18:0,Kött färskt fryst tillagat ,0.2,g
968,Rådjur kött rå,Palmitoljesyra C16:1,Kött färskt fryst tillagat ,0.0,g
968,Rådjur kött rå,Palmitinsyra C16:0,Kött färskt fryst tillagat ,0.2,g
968,Rådjur kött rå,Myristinsyra C14:0,Kött färskt fryst tillagat ,0.0,g
968,Rådjur kött rå,Laurinsyra C12:0,Kött färskt fryst tillagat ,0.0,g
968,Rådjur kött rå,Betakaroten/β-Karoten,Kött färskt fryst tillagat ,0.0,µg
968,Rådjur kött rå,Avfall (skal etc.),Kött färskt fryst tillagat ,24.0,%
968,Rådjur kött rå,Aska,Kött färskt fryst tillagat ,1.0,g
968,Rådjur kött rå,Alkohol,Kött färskt fryst tillagat ,0.0,g
969,Gris bog rå,"Zink, Zn",Kött färskt fryst tillagat ,2.8,mg
969,Gris bog rå,Vitamin E,Kött färskt fryst tillagat ,0.4,mg
969,Gris bog rå,Vitamin D,Kött färskt fryst tillagat ,0.57,µg
969,Gris bog rå,Vitamin C,Kött färskt fryst tillagat ,0.0,mg
969,Gris bog rå,Vitamin B6,Kött färskt fryst tillagat ,0.52,mg
969,Gris bog rå,Vitamin B12,Kött färskt fryst tillagat ,0.63,µg
969,Gris bog rå,Vitamin A,Kött färskt fryst tillagat ,9.0,RE/µg
969,Gris bog rå,Vatten,Kött färskt fryst tillagat ,73.4,g
969,Gris bog rå,Tiamin,Kött färskt fryst tillagat ,0.92,mg
969,Gris bog rå,Tillsatt socker,Kött färskt fryst tillagat ,0.0,g
969,Gris bog rå,Fritt socker,Kött färskt fryst tillagat ,0.0,g
969,Gris bog rå,"Selen, Se",Kött färskt fryst tillagat ,11.0,µg
969,Gris bog rå,Sackaros,Kött färskt fryst tillagat ,0.0,g
969,Gris bog rå,Riboflavin,Kött färskt fryst tillagat ,0.39,mg
969,Gris bog rå,Retinol,Kött färskt fryst tillagat ,9.0,µg
969,Gris bog rå,Protein,Kött färskt fryst tillagat ,18.5,g
969,Gris bog rå,Summa fleromättade fettsyror,Kött färskt fryst tillagat ,0.8,g
969,Gris bog rå,"Fosfor, P",Kött färskt fryst tillagat ,160.0,mg
969,Gris bog rå,Niacinekvivalenter,Kött färskt fryst tillagat ,9.52,NE/mg
969,Gris bog rå,Niacin,Kött färskt fryst tillagat ,6.13,mg
969,Gris bog rå,"Salt, NaCl",Kött färskt fryst tillagat ,0.1,g
969,Gris bog rå,"Natrium, Na",Kött färskt fryst tillagat ,44.0,mg
969,Gris bog rå,Monosackarider,Kött färskt fryst tillagat ,0.0,g
969,Gris bog rå,"Sockerarter, totalt",Kött färskt fryst tillagat ,0.0,g
969,Gris bog rå,Summa enkelomättade fettsyror,Kött färskt fryst tillagat ,2.9,g
969,Gris bog rå,"Magnesium, Mg",Kött färskt fryst tillagat ,27.0,mg
969,Gris bog rå,Summa mättade fettsyror,Kött färskt fryst tillagat ,3.0,g
969,Gris bog rå,"Kolhydrater, tillgängliga",Kött färskt fryst tillagat ,0.0,g
969,Gris bog rå,Kolesterol,Kött färskt fryst tillagat ,58.0,mg
969,Gris bog rå,"Kalium, K",Kött färskt fryst tillagat ,373.0,mg
969,Gris bog rå,"Jod, I",Kött färskt fryst tillagat ,1.0,µg
969,Gris bog rå,Fullkorn totalt,Kött färskt fryst tillagat ,0.0,g
969,Gris bog rå,"Folat, totalt",Kött färskt fryst tillagat ,6.0,µg
969,Gris bog rå,Fibrer,Kött färskt fryst tillagat ,0.0,g
969,Gris bog rå,"Fett, totalt",Kött färskt fryst tillagat ,7.0,g
969,Gris bog rå,"Järn, Fe",Kött färskt fryst tillagat ,1.5,mg
969,Gris bog rå,Energi (kJ),Kött färskt fryst tillagat ,574.0,kJ
969,Gris bog rå,Energi (kcal),Kött färskt fryst tillagat ,137.0,kcal
969,Gris bog rå,Disackarider,Kött färskt fryst tillagat ,0.0,g
969,Gris bog rå,"Kalcium, Ca",Kött färskt fryst tillagat ,7.0,mg
969,Gris bog rå,Fettsyra 4:0-10:0,Kött färskt fryst tillagat ,0.0,g
969,Gris bog rå,DHA (C22:6),Kött färskt fryst tillagat ,0.0,g
969,Gris bog rå,DPA (C22:5),Kött färskt fryst tillagat ,0.0,g
969,Gris bog rå,EPA (C20:5),Kött färskt fryst tillagat ,0.0,g
969,Gris bog rå,Arakidonsyra C20:4,Kött färskt fryst tillagat ,0.0,g
969,Gris bog rå,Arakidinsyra C20:0,Kött färskt fryst tillagat ,0.0,g
969,Gris bog rå,Linolensyra C18:3,Kött färskt fryst tillagat ,0.0,g
969,Gris bog rå,Linolsyra C18:2,Kött färskt fryst tillagat ,0.6,g
969,Gris bog rå,Oljesyra C18:1,Kött färskt fryst tillagat ,2.5,g
969,Gris bog rå,Stearinsyra C18:0,Kött färskt fryst tillagat ,1.0,g
969,Gris bog rå,Palmitoljesyra C16:1,Kött färskt fryst tillagat ,0.2,g
969,Gris bog rå,Palmitinsyra C16:0,Kött färskt fryst tillagat ,1.8,g
969,Gris bog rå,Myristinsyra C14:0,Kött färskt fryst tillagat ,0.1,g
969,Gris bog rå,Laurinsyra C12:0,Kött färskt fryst tillagat ,0.0,g
969,Gris bog rå,Betakaroten/β-Karoten,Kött färskt fryst tillagat ,0.0,µg
969,Gris bog rå,Avfall (skal etc.),Kött färskt fryst tillagat ,0.0,%
969,Gris bog rå,Aska,Kött färskt fryst tillagat ,1.1,g
969,Gris bog rå,Alkohol,Kött färskt fryst tillagat ,0.0,g
970,Gris fläskfilé rå,"Zink, Zn",Kött färskt fryst tillagat ,1.7,mg
970,Gris fläskfilé rå,Vitamin E,Kött färskt fryst tillagat ,0.3,mg
970,Gris fläskfilé rå,Vitamin D,Kött färskt fryst tillagat ,0.57,µg
970,Gris fläskfilé rå,Vitamin C,Kött färskt fryst tillagat ,0.0,mg
970,Gris fläskfilé rå,Vitamin B6,Kött färskt fryst tillagat ,0.54,mg
970,Gris fläskfilé rå,Vitamin B12,Kött färskt fryst tillagat ,0.76,µg
970,Gris fläskfilé rå,Vitamin A,Kött färskt fryst tillagat ,9.0,RE/µg
970,Gris fläskfilé rå,Vatten,Kött färskt fryst tillagat ,75.5,g
970,Gris fläskfilé rå,Tiamin,Kött färskt fryst tillagat ,0.83,mg
970,Gris fläskfilé rå,Tillsatt socker,Kött färskt fryst tillagat ,0.0,g
970,Gris fläskfilé rå,Fritt socker,Kött färskt fryst tillagat ,0.0,g
970,Gris fläskfilé rå,"Selen, Se",Kött färskt fryst tillagat ,12.0,µg
970,Gris fläskfilé rå,Sackaros,Kött färskt fryst tillagat ,0.0,g
970,Gris fläskfilé rå,Riboflavin,Kött färskt fryst tillagat ,0.25,mg
970,Gris fläskfilé rå,Retinol,Kött färskt fryst tillagat ,9.0,µg
970,Gris fläskfilé rå,Protein,Kött färskt fryst tillagat ,20.6,g
970,Gris fläskfilé rå,Summa fleromättade fettsyror,Kött färskt fryst tillagat ,0.2,g
970,Gris fläskfilé rå,"Fosfor, P",Kött färskt fryst tillagat ,204.0,mg
970,Gris fläskfilé rå,Niacinekvivalenter,Kött färskt fryst tillagat ,12.32,NE/mg
970,Gris fläskfilé rå,Niacin,Kött färskt fryst tillagat ,8.54,mg
970,Gris fläskfilé rå,"Salt, NaCl",Kött färskt fryst tillagat ,0.1,g
970,Gris fläskfilé rå,"Natrium, Na",Kött färskt fryst tillagat ,49.0,mg
970,Gris fläskfilé rå,Monosackarider,Kött färskt fryst tillagat ,0.0,g
970,Gris fläskfilé rå,"Sockerarter, totalt",Kött färskt fryst tillagat ,0.0,g
970,Gris fläskfilé rå,Summa enkelomättade fettsyror,Kött färskt fryst tillagat ,1.2,g
970,Gris fläskfilé rå,"Magnesium, Mg",Kött färskt fryst tillagat ,27.0,mg
970,Gris fläskfilé rå,Summa mättade fettsyror,Kött färskt fryst tillagat ,1.0,g
970,Gris fläskfilé rå,"Kolhydrater, tillgängliga",Kött färskt fryst tillagat ,0.0,g
970,Gris fläskfilé rå,Kolesterol,Kött färskt fryst tillagat ,50.0,mg
970,Gris fläskfilé rå,"Kalium, K",Kött färskt fryst tillagat ,373.0,mg
970,Gris fläskfilé rå,"Jod, I",Kött färskt fryst tillagat ,0.0,µg
970,Gris fläskfilé rå,Fullkorn totalt,Kött färskt fryst tillagat ,0.0,g
970,Gris fläskfilé rå,"Folat, totalt",Kött färskt fryst tillagat ,3.0,µg
970,Gris fläskfilé rå,Fibrer,Kött färskt fryst tillagat ,0.0,g
970,Gris fläskfilé rå,"Fett, totalt",Kött färskt fryst tillagat ,2.6,g
970,Gris fläskfilé rå,"Järn, Fe",Kött färskt fryst tillagat ,1.4,mg
970,Gris fläskfilé rå,Energi (kJ),Kött färskt fryst tillagat ,446.0,kJ
970,Gris fläskfilé rå,Energi (kcal),Kött färskt fryst tillagat ,107.0,kcal
970,Gris fläskfilé rå,Disackarider,Kött färskt fryst tillagat ,0.0,g
970,Gris fläskfilé rå,"Kalcium, Ca",Kött färskt fryst tillagat ,5.0,mg
970,Gris fläskfilé rå,Fettsyra 4:0-10:0,Kött färskt fryst tillagat ,0.0,g
970,Gris fläskfilé rå,DHA (C22:6),Kött färskt fryst tillagat ,0.0,g
970,Gris fläskfilé rå,DPA (C22:5),Kött färskt fryst tillagat ,0.0,g
970,Gris fläskfilé rå,EPA (C20:5),Kött färskt fryst tillagat ,0.0,g
970,Gris fläskfilé rå,Arakidonsyra C20:4,Kött färskt fryst tillagat ,0.0,g
970,Gris fläskfilé rå,Arakidinsyra C20:0,Kött färskt fryst tillagat ,0.0,g
970,Gris fläskfilé rå,Linolensyra C18:3,Kött färskt fryst tillagat ,0.0,g
970,Gris fläskfilé rå,Linolsyra C18:2,Kött färskt fryst tillagat ,0.2,g
970,Gris fläskfilé rå,Oljesyra C18:1,Kött färskt fryst tillagat ,1.0,g
970,Gris fläskfilé rå,Stearinsyra C18:0,Kött färskt fryst tillagat ,0.3,g
970,Gris fläskfilé rå,Palmitoljesyra C16:1,Kött färskt fryst tillagat ,0.1,g
970,Gris fläskfilé rå,Palmitinsyra C16:0,Kött färskt fryst tillagat ,0.6,g
970,Gris fläskfilé rå,Myristinsyra C14:0,Kött färskt fryst tillagat ,0.0,g
970,Gris fläskfilé rå,Laurinsyra C12:0,Kött färskt fryst tillagat ,0.0,g
970,Gris fläskfilé rå,Betakaroten/β-Karoten,Kött färskt fryst tillagat ,0.0,µg
970,Gris fläskfilé rå,Avfall (skal etc.),Kött färskt fryst tillagat ,0.0,%
970,Gris fläskfilé rå,Aska,Kött färskt fryst tillagat ,1.3,g
970,Gris fläskfilé rå,Alkohol,Kött färskt fryst tillagat ,0.0,g
971,Gris fläskkotlett rå fettkant 5 mm,"Zink, Zn",Kött färskt fryst tillagat ,2.9,mg
971,Gris fläskkotlett rå fettkant 5 mm,Vitamin E,Kött färskt fryst tillagat ,0.4,mg
971,Gris fläskkotlett rå fettkant 5 mm,Vitamin D,Kött färskt fryst tillagat ,0.57,µg
971,Gris fläskkotlett rå fettkant 5 mm,Vitamin C,Kött färskt fryst tillagat ,0.0,mg
971,Gris fläskkotlett rå fettkant 5 mm,Vitamin B6,Kött färskt fryst tillagat ,0.53,mg
971,Gris fläskkotlett rå fettkant 5 mm,Vitamin B12,Kött färskt fryst tillagat ,0.68,µg
971,Gris fläskkotlett rå fettkant 5 mm,Vitamin A,Kött färskt fryst tillagat ,9.0,RE/µg
971,Gris fläskkotlett rå fettkant 5 mm,Vatten,Kött färskt fryst tillagat ,67.5,g
971,Gris fläskkotlett rå fettkant 5 mm,Tiamin,Kött färskt fryst tillagat ,0.91,mg
971,Gris fläskkotlett rå fettkant 5 mm,Tillsatt socker,Kött färskt fryst tillagat ,0.0,g
971,Gris fläskkotlett rå fettkant 5 mm,Fritt socker,Kött färskt fryst tillagat ,0.0,g
971,Gris fläskkotlett rå fettkant 5 mm,"Selen, Se",Kött färskt fryst tillagat ,10.0,µg
971,Gris fläskkotlett rå fettkant 5 mm,Sackaros,Kött färskt fryst tillagat ,0.0,g
971,Gris fläskkotlett rå fettkant 5 mm,Riboflavin,Kött färskt fryst tillagat ,0.36,mg
971,Gris fläskkotlett rå fettkant 5 mm,Retinol,Kött färskt fryst tillagat ,9.0,µg
971,Gris fläskkotlett rå fettkant 5 mm,Protein,Kött färskt fryst tillagat ,19.4,g
971,Gris fläskkotlett rå fettkant 5 mm,Summa fleromättade fettsyror,Kött färskt fryst tillagat ,1.3,g
971,Gris fläskkotlett rå fettkant 5 mm,"Fosfor, P",Kött färskt fryst tillagat ,188.0,mg
971,Gris fläskkotlett rå fettkant 5 mm,Niacinekvivalenter,Kött färskt fryst tillagat ,9.15,NE/mg
971,Gris fläskkotlett rå fettkant 5 mm,Niacin,Kött färskt fryst tillagat ,5.59,mg
971,Gris fläskkotlett rå fettkant 5 mm,"Salt, NaCl",Kött färskt fryst tillagat ,0.2,g
971,Gris fläskkotlett rå fettkant 5 mm,"Natrium, Na",Kött färskt fryst tillagat ,62.0,mg
971,Gris fläskkotlett rå fettkant 5 mm,Monosackarider,Kött färskt fryst tillagat ,0.0,g
971,Gris fläskkotlett rå fettkant 5 mm,"Sockerarter, totalt",Kött färskt fryst tillagat ,0.0,g
971,Gris fläskkotlett rå fettkant 5 mm,Summa enkelomättade fettsyror,Kött färskt fryst tillagat ,4.9,g
971,Gris fläskkotlett rå fettkant 5 mm,"Magnesium, Mg",Kött färskt fryst tillagat ,27.0,mg
971,Gris fläskkotlett rå fettkant 5 mm,Summa mättade fettsyror,Kött färskt fryst tillagat ,5.2,g
971,Gris fläskkotlett rå fettkant 5 mm,"Kolhydrater, tillgängliga",Kött färskt fryst tillagat ,0.0,g
971,Gris fläskkotlett rå fettkant 5 mm,Kolesterol,Kött färskt fryst tillagat ,58.0,mg
971,Gris fläskkotlett rå fettkant 5 mm,"Kalium, K",Kött färskt fryst tillagat ,325.0,mg
971,Gris fläskkotlett rå fettkant 5 mm,"Jod, I",Kött färskt fryst tillagat ,0.0,µg
971,Gris fläskkotlett rå fettkant 5 mm,Fullkorn totalt,Kött färskt fryst tillagat ,0.0,g
971,Gris fläskkotlett rå fettkant 5 mm,"Folat, totalt",Kött färskt fryst tillagat ,7.0,µg
971,Gris fläskkotlett rå fettkant 5 mm,Fibrer,Kött färskt fryst tillagat ,0.0,g
971,Gris fläskkotlett rå fettkant 5 mm,"Fett, totalt",Kött färskt fryst tillagat ,12.0,g
971,Gris fläskkotlett rå fettkant 5 mm,"Järn, Fe",Kött färskt fryst tillagat ,1.5,mg
971,Gris fläskkotlett rå fettkant 5 mm,Energi (kJ),Kött färskt fryst tillagat ,774.0,kJ
971,Gris fläskkotlett rå fettkant 5 mm,Energi (kcal),Kött färskt fryst tillagat ,185.0,kcal
971,Gris fläskkotlett rå fettkant 5 mm,Disackarider,Kött färskt fryst tillagat ,0.0,g
971,Gris fläskkotlett rå fettkant 5 mm,"Kalcium, Ca",Kött färskt fryst tillagat ,6.0,mg
971,Gris fläskkotlett rå fettkant 5 mm,Fettsyra 4:0-10:0,Kött färskt fryst tillagat ,0.0,g
971,Gris fläskkotlett rå fettkant 5 mm,DHA (C22:6),Kött färskt fryst tillagat ,0.0,g
971,Gris fläskkotlett rå fettkant 5 mm,DPA (C22:5),Kött färskt fryst tillagat ,0.0,g
971,Gris fläskkotlett rå fettkant 5 mm,EPA (C20:5),Kött färskt fryst tillagat ,0.0,g
971,Gris fläskkotlett rå fettkant 5 mm,Arakidonsyra C20:4,Kött färskt fryst tillagat ,0.0,g
971,Gris fläskkotlett rå fettkant 5 mm,Arakidinsyra C20:0,Kött färskt fryst tillagat ,0.0,g
971,Gris fläskkotlett rå fettkant 5 mm,Linolensyra C18:3,Kött färskt fryst tillagat ,0.1,g
971,Gris fläskkotlett rå fettkant 5 mm,Linolsyra C18:2,Kött färskt fryst tillagat ,1.0,g
971,Gris fläskkotlett rå fettkant 5 mm,Oljesyra C18:1,Kött färskt fryst tillagat ,4.4,g
971,Gris fläskkotlett rå fettkant 5 mm,Stearinsyra C18:0,Kött färskt fryst tillagat ,1.8,g
971,Gris fläskkotlett rå fettkant 5 mm,Palmitoljesyra C16:1,Kött färskt fryst tillagat ,0.4,g
971,Gris fläskkotlett rå fettkant 5 mm,Palmitinsyra C16:0,Kött färskt fryst tillagat ,3.1,g
971,Gris fläskkotlett rå fettkant 5 mm,Myristinsyra C14:0,Kött färskt fryst tillagat ,0.2,g
971,Gris fläskkotlett rå fettkant 5 mm,Laurinsyra C12:0,Kött färskt fryst tillagat ,0.0,g
971,Gris fläskkotlett rå fettkant 5 mm,Betakaroten/β-Karoten,Kött färskt fryst tillagat ,0.0,µg
971,Gris fläskkotlett rå fettkant 5 mm,Avfall (skal etc.),Kött färskt fryst tillagat ,25.0,%
971,Gris fläskkotlett rå fettkant 5 mm,Aska,Kött färskt fryst tillagat ,1.1,g
971,Gris fläskkotlett rå fettkant 5 mm,Alkohol,Kött färskt fryst tillagat ,0.0,g
972,Gris revbensspjäll rå,"Zink, Zn",Kött färskt fryst tillagat ,2.9,mg
972,Gris revbensspjäll rå,Vitamin E,Kött färskt fryst tillagat ,0.4,mg
972,Gris revbensspjäll rå,Vitamin D,Kött färskt fryst tillagat ,0.57,µg
972,Gris revbensspjäll rå,Vitamin C,Kött färskt fryst tillagat ,0.0,mg
972,Gris revbensspjäll rå,Vitamin B6,Kött färskt fryst tillagat ,0.53,mg
972,Gris revbensspjäll rå,Vitamin B12,Kött färskt fryst tillagat ,0.68,µg
972,Gris revbensspjäll rå,Vitamin A,Kött färskt fryst tillagat ,9.0,RE/µg
972,Gris revbensspjäll rå,Vatten,Kött färskt fryst tillagat ,67.6,g
972,Gris revbensspjäll rå,Tiamin,Kött färskt fryst tillagat ,0.91,mg
972,Gris revbensspjäll rå,Tillsatt socker,Kött färskt fryst tillagat ,0.0,g
972,Gris revbensspjäll rå,Fritt socker,Kött färskt fryst tillagat ,0.0,g
972,Gris revbensspjäll rå,"Selen, Se",Kött färskt fryst tillagat ,10.0,µg
972,Gris revbensspjäll rå,Sackaros,Kött färskt fryst tillagat ,0.0,g
972,Gris revbensspjäll rå,Riboflavin,Kött färskt fryst tillagat ,0.36,mg
972,Gris revbensspjäll rå,Retinol,Kött färskt fryst tillagat ,9.0,µg
972,Gris revbensspjäll rå,Protein,Kött färskt fryst tillagat ,17.7,g
972,Gris revbensspjäll rå,Summa fleromättade fettsyror,Kött färskt fryst tillagat ,1.5,g
972,Gris revbensspjäll rå,"Fosfor, P",Kött färskt fryst tillagat ,182.0,mg
972,Gris revbensspjäll rå,Niacinekvivalenter,Kött färskt fryst tillagat ,8.84,NE/mg
972,Gris revbensspjäll rå,Niacin,Kött färskt fryst tillagat ,5.59,mg
972,Gris revbensspjäll rå,"Salt, NaCl",Kött färskt fryst tillagat ,0.1,g
972,Gris revbensspjäll rå,"Natrium, Na",Kött färskt fryst tillagat ,57.0,mg
972,Gris revbensspjäll rå,Monosackarider,Kött färskt fryst tillagat ,0.0,g
972,Gris revbensspjäll rå,"Sockerarter, totalt",Kött färskt fryst tillagat ,0.0,g
972,Gris revbensspjäll rå,Summa enkelomättade fettsyror,Kött färskt fryst tillagat ,5.6,g
972,Gris revbensspjäll rå,"Magnesium, Mg",Kött färskt fryst tillagat ,27.0,mg
972,Gris revbensspjäll rå,Summa mättade fettsyror,Kött färskt fryst tillagat ,5.9,g
972,Gris revbensspjäll rå,"Kolhydrater, tillgängliga",Kött färskt fryst tillagat ,0.0,g
972,Gris revbensspjäll rå,Kolesterol,Kött färskt fryst tillagat ,58.0,mg
972,Gris revbensspjäll rå,"Kalium, K",Kött färskt fryst tillagat ,325.0,mg
972,Gris revbensspjäll rå,"Jod, I",Kött färskt fryst tillagat ,0.0,µg
972,Gris revbensspjäll rå,Fullkorn totalt,Kött färskt fryst tillagat ,0.0,g
972,Gris revbensspjäll rå,"Folat, totalt",Kött färskt fryst tillagat ,7.0,µg
972,Gris revbensspjäll rå,Fibrer,Kött färskt fryst tillagat ,0.0,g
972,Gris revbensspjäll rå,"Fett, totalt",Kött färskt fryst tillagat ,13.7,g
972,Gris revbensspjäll rå,"Järn, Fe",Kött färskt fryst tillagat ,1.5,mg
972,Gris revbensspjäll rå,Energi (kJ),Kött färskt fryst tillagat ,808.0,kJ
972,Gris revbensspjäll rå,Energi (kcal),Kött färskt fryst tillagat ,193.0,kcal
972,Gris revbensspjäll rå,Disackarider,Kött färskt fryst tillagat ,0.0,g
972,Gris revbensspjäll rå,"Kalcium, Ca",Kött färskt fryst tillagat ,11.0,mg
972,Gris revbensspjäll rå,Fettsyra 4:0-10:0,Kött färskt fryst tillagat ,0.0,g
972,Gris revbensspjäll rå,DHA (C22:6),Kött färskt fryst tillagat ,0.0,g
972,Gris revbensspjäll rå,DPA (C22:5),Kött färskt fryst tillagat ,0.0,g
972,Gris revbensspjäll rå,EPA (C20:5),Kött färskt fryst tillagat ,0.0,g
972,Gris revbensspjäll rå,Arakidonsyra C20:4,Kött färskt fryst tillagat ,0.0,g
972,Gris revbensspjäll rå,Arakidinsyra C20:0,Kött färskt fryst tillagat ,0.0,g
972,Gris revbensspjäll rå,Linolensyra C18:3,Kött färskt fryst tillagat ,0.1,g
972,Gris revbensspjäll rå,Linolsyra C18:2,Kött färskt fryst tillagat ,1.2,g
972,Gris revbensspjäll rå,Oljesyra C18:1,Kött färskt fryst tillagat ,5.0,g
972,Gris revbensspjäll rå,Stearinsyra C18:0,Kött färskt fryst tillagat ,2.1,g
972,Gris revbensspjäll rå,Palmitoljesyra C16:1,Kött färskt fryst tillagat ,0.5,g
972,Gris revbensspjäll rå,Palmitinsyra C16:0,Kött färskt fryst tillagat ,3.5,g
972,Gris revbensspjäll rå,Myristinsyra C14:0,Kött färskt fryst tillagat ,0.2,g
972,Gris revbensspjäll rå,Laurinsyra C12:0,Kött färskt fryst tillagat ,0.0,g
972,Gris revbensspjäll rå,Betakaroten/β-Karoten,Kött färskt fryst tillagat ,0.0,µg
972,Gris revbensspjäll rå,Avfall (skal etc.),Kött färskt fryst tillagat ,15.0,%
972,Gris revbensspjäll rå,Aska,Kött färskt fryst tillagat ,1.0,g
972,Gris revbensspjäll rå,Alkohol,Kött färskt fryst tillagat ,0.0,g
973,Gris fötter rå,"Zink, Zn",Kött färskt fryst tillagat ,1.7,mg
973,Gris fötter rå,Vitamin E,Kött färskt fryst tillagat ,0.4,mg
973,Gris fötter rå,Vitamin D,Kött färskt fryst tillagat ,0.57,µg
973,Gris fötter rå,Vitamin C,Kött färskt fryst tillagat ,0.0,mg
973,Gris fötter rå,Vitamin B6,Kött färskt fryst tillagat ,0.32,mg
973,Gris fötter rå,Vitamin B12,Kött färskt fryst tillagat ,0.6,µg
973,Gris fötter rå,Vitamin A,Kött färskt fryst tillagat ,9.0,RE/µg
973,Gris fötter rå,Vatten,Kött färskt fryst tillagat ,63.2,g
973,Gris fötter rå,Tiamin,Kött färskt fryst tillagat ,0.04,mg
973,Gris fötter rå,Tillsatt socker,Kött färskt fryst tillagat ,0.0,g
973,Gris fötter rå,Fritt socker,Kött färskt fryst tillagat ,0.0,g
973,Gris fötter rå,"Selen, Se",Kött färskt fryst tillagat ,8.0,µg
973,Gris fötter rå,Sackaros,Kött färskt fryst tillagat ,0.0,g
973,Gris fötter rå,Riboflavin,Kött färskt fryst tillagat ,0.1,mg
973,Gris fötter rå,Retinol,Kött färskt fryst tillagat ,9.0,µg
973,Gris fötter rå,Protein,Kött färskt fryst tillagat ,23.5,g
973,Gris fötter rå,Summa fleromättade fettsyror,Kött färskt fryst tillagat ,1.4,g
973,Gris fötter rå,"Fosfor, P",Kött färskt fryst tillagat ,55.0,mg
973,Gris fötter rå,Niacinekvivalenter,Kött färskt fryst tillagat ,5.41,NE/mg
973,Gris fötter rå,Niacin,Kött färskt fryst tillagat ,1.1,mg
973,Gris fötter rå,"Salt, NaCl",Kött färskt fryst tillagat ,0.2,g
973,Gris fötter rå,"Natrium, Na",Kött färskt fryst tillagat ,62.0,mg
973,Gris fötter rå,Monosackarider,Kött färskt fryst tillagat ,0.0,g
973,Gris fötter rå,"Sockerarter, totalt",Kött färskt fryst tillagat ,0.0,g
973,Gris fötter rå,Summa enkelomättade fettsyror,Kött färskt fryst tillagat ,5.2,g
973,Gris fötter rå,"Magnesium, Mg",Kött färskt fryst tillagat ,7.0,mg
973,Gris fötter rå,Summa mättade fettsyror,Kött färskt fryst tillagat ,5.4,g
973,Gris fötter rå,"Kolhydrater, tillgängliga",Kött färskt fryst tillagat ,0.0,g
973,Gris fötter rå,Kolesterol,Kött färskt fryst tillagat ,58.0,mg
973,Gris fötter rå,"Kalium, K",Kött färskt fryst tillagat ,275.0,mg
973,Gris fötter rå,"Jod, I",Kött färskt fryst tillagat ,0.0,µg
973,Gris fötter rå,Fullkorn totalt,Kött färskt fryst tillagat ,0.0,g
973,Gris fötter rå,"Folat, totalt",Kött färskt fryst tillagat ,4.0,µg
973,Gris fötter rå,Fibrer,Kött färskt fryst tillagat ,0.0,g
973,Gris fötter rå,"Fett, totalt",Kött färskt fryst tillagat ,12.6,g
973,Gris fötter rå,"Järn, Fe",Kött färskt fryst tillagat ,0.8,mg
973,Gris fötter rå,Energi (kJ),Kött färskt fryst tillagat ,866.0,kJ
973,Gris fötter rå,Energi (kcal),Kött färskt fryst tillagat ,207.0,kcal
973,Gris fötter rå,Disackarider,Kött färskt fryst tillagat ,0.0,g
973,Gris fötter rå,"Kalcium, Ca",Kött färskt fryst tillagat ,59.0,mg
973,Gris fötter rå,Fettsyra 4:0-10:0,Kött färskt fryst tillagat ,0.0,g
973,Gris fötter rå,DHA (C22:6),Kött färskt fryst tillagat ,0.0,g
973,Gris fötter rå,DPA (C22:5),Kött färskt fryst tillagat ,0.0,g
973,Gris fötter rå,EPA (C20:5),Kött färskt fryst tillagat ,0.0,g
973,Gris fötter rå,Arakidonsyra C20:4,Kött färskt fryst tillagat ,0.0,g
973,Gris fötter rå,Arakidinsyra C20:0,Kött färskt fryst tillagat ,0.0,g
973,Gris fötter rå,Linolensyra C18:3,Kött färskt fryst tillagat ,0.1,g
973,Gris fötter rå,Linolsyra C18:2,Kött färskt fryst tillagat ,1.1,g
973,Gris fötter rå,Oljesyra C18:1,Kött färskt fryst tillagat ,4.6,g
973,Gris fötter rå,Stearinsyra C18:0,Kött färskt fryst tillagat ,1.9,g
973,Gris fötter rå,Palmitoljesyra C16:1,Kött färskt fryst tillagat ,0.4,g
973,Gris fötter rå,Palmitinsyra C16:0,Kött färskt fryst tillagat ,3.2,g
973,Gris fötter rå,Myristinsyra C14:0,Kött färskt fryst tillagat ,0.2,g
973,Gris fötter rå,Laurinsyra C12:0,Kött färskt fryst tillagat ,0.0,g
973,Gris fötter rå,Betakaroten/β-Karoten,Kött färskt fryst tillagat ,0.0,µg
973,Gris fötter rå,Avfall (skal etc.),Kött färskt fryst tillagat ,90.0,%
973,Gris fötter rå,Aska,Kött färskt fryst tillagat ,0.7,g
973,Gris fötter rå,Alkohol,Kött färskt fryst tillagat ,0.0,g
974,Gris skinka julskinka rimmad rå fett ca 3%,"Zink, Zn",Kött processat,1.9,mg
974,Gris skinka julskinka rimmad rå fett ca 3%,Vitamin E,Kött processat,0.4,mg
974,Gris skinka julskinka rimmad rå fett ca 3%,Vitamin D,Kött processat,0.57,µg
974,Gris skinka julskinka rimmad rå fett ca 3%,Vitamin C,Kött processat,0.0,mg
974,Gris skinka julskinka rimmad rå fett ca 3%,Vitamin B6,Kött processat,0.54,mg
974,Gris skinka julskinka rimmad rå fett ca 3%,Vitamin B12,Kött processat,0.71,µg
974,Gris skinka julskinka rimmad rå fett ca 3%,Vitamin A,Kött processat,9.0,RE/µg
974,Gris skinka julskinka rimmad rå fett ca 3%,Vatten,Kött processat,73.5,g
974,Gris skinka julskinka rimmad rå fett ca 3%,Tiamin,Kött processat,0.85,mg
974,Gris skinka julskinka rimmad rå fett ca 3%,Tillsatt socker,Kött processat,0.0,g
974,Gris skinka julskinka rimmad rå fett ca 3%,Fritt socker,Kött processat,0.0,g
974,Gris skinka julskinka rimmad rå fett ca 3%,"Selen, Se",Kött processat,11.3,µg
974,Gris skinka julskinka rimmad rå fett ca 3%,Sackaros,Kött processat,0.0,g
974,Gris skinka julskinka rimmad rå fett ca 3%,Riboflavin,Kött processat,0.26,mg
974,Gris skinka julskinka rimmad rå fett ca 3%,Retinol,Kött processat,9.0,µg
974,Gris skinka julskinka rimmad rå fett ca 3%,Protein,Kött processat,20.1,g
974,Gris skinka julskinka rimmad rå fett ca 3%,Summa fleromättade fettsyror,Kött processat,0.3,g
974,Gris skinka julskinka rimmad rå fett ca 3%,"Fosfor, P",Kött processat,175.0,mg
974,Gris skinka julskinka rimmad rå fett ca 3%,Niacinekvivalenter,Kött processat,12.32,NE/mg
974,Gris skinka julskinka rimmad rå fett ca 3%,Niacin,Kött processat,8.63,mg
974,Gris skinka julskinka rimmad rå fett ca 3%,"Salt, NaCl",Kött processat,3.0,g
974,Gris skinka julskinka rimmad rå fett ca 3%,"Natrium, Na",Kött processat,1200.0,mg
974,Gris skinka julskinka rimmad rå fett ca 3%,Monosackarider,Kött processat,0.0,g
974,Gris skinka julskinka rimmad rå fett ca 3%,"Sockerarter, totalt",Kött processat,0.0,g
974,Gris skinka julskinka rimmad rå fett ca 3%,Summa enkelomättade fettsyror,Kött processat,1.3,g
974,Gris skinka julskinka rimmad rå fett ca 3%,"Magnesium, Mg",Kött processat,27.0,mg
974,Gris skinka julskinka rimmad rå fett ca 3%,Summa mättade fettsyror,Kött processat,1.1,g
974,Gris skinka julskinka rimmad rå fett ca 3%,"Kolhydrater, tillgängliga",Kött processat,0.0,g
974,Gris skinka julskinka rimmad rå fett ca 3%,Kolesterol,Kött processat,38.0,mg
974,Gris skinka julskinka rimmad rå fett ca 3%,"Kalium, K",Kött processat,373.0,mg
974,Gris skinka julskinka rimmad rå fett ca 3%,"Jod, I",Kött processat,0.0,µg
974,Gris skinka julskinka rimmad rå fett ca 3%,Fullkorn totalt,Kött processat,0.0,g
974,Gris skinka julskinka rimmad rå fett ca 3%,"Folat, totalt",Kött processat,3.0,µg
974,Gris skinka julskinka rimmad rå fett ca 3%,Fibrer,Kött processat,0.0,g
974,Gris skinka julskinka rimmad rå fett ca 3%,"Fett, totalt",Kött processat,3.0,g
974,Gris skinka julskinka rimmad rå fett ca 3%,"Järn, Fe",Kött processat,1.4,mg
974,Gris skinka julskinka rimmad rå fett ca 3%,Energi (kJ),Kött processat,453.0,kJ
974,Gris skinka julskinka rimmad rå fett ca 3%,Energi (kcal),Kött processat,108.0,kcal
974,Gris skinka julskinka rimmad rå fett ca 3%,Disackarider,Kött processat,0.0,g
974,Gris skinka julskinka rimmad rå fett ca 3%,"Kalcium, Ca",Kött processat,6.0,mg
974,Gris skinka julskinka rimmad rå fett ca 3%,Fettsyra 4:0-10:0,Kött processat,0.0,g
974,Gris skinka julskinka rimmad rå fett ca 3%,DHA (C22:6),Kött processat,0.0,g
974,Gris skinka julskinka rimmad rå fett ca 3%,DPA (C22:5),Kött processat,0.0,g
974,Gris skinka julskinka rimmad rå fett ca 3%,EPA (C20:5),Kött processat,0.0,g
974,Gris skinka julskinka rimmad rå fett ca 3%,Arakidonsyra C20:4,Kött processat,0.0,g
974,Gris skinka julskinka rimmad rå fett ca 3%,Arakidinsyra C20:0,Kött processat,0.0,g
974,Gris skinka julskinka rimmad rå fett ca 3%,Linolensyra C18:3,Kött processat,0.0,g
974,Gris skinka julskinka rimmad rå fett ca 3%,Linolsyra C18:2,Kött processat,0.2,g
974,Gris skinka julskinka rimmad rå fett ca 3%,Oljesyra C18:1,Kött processat,1.2,g
974,Gris skinka julskinka rimmad rå fett ca 3%,Stearinsyra C18:0,Kött processat,0.4,g
974,Gris skinka julskinka rimmad rå fett ca 3%,Palmitoljesyra C16:1,Kött processat,0.1,g
974,Gris skinka julskinka rimmad rå fett ca 3%,Palmitinsyra C16:0,Kött processat,0.7,g
974,Gris skinka julskinka rimmad rå fett ca 3%,Myristinsyra C14:0,Kött processat,0.0,g
974,Gris skinka julskinka rimmad rå fett ca 3%,Laurinsyra C12:0,Kött processat,0.0,g
974,Gris skinka julskinka rimmad rå fett ca 3%,Betakaroten/β-Karoten,Kött processat,0.0,µg
974,Gris skinka julskinka rimmad rå fett ca 3%,Avfall (skal etc.),Kött processat,0.0,%
974,Gris skinka julskinka rimmad rå fett ca 3%,Aska,Kött processat,3.4,g
974,Gris skinka julskinka rimmad rå fett ca 3%,Alkohol,Kött processat,0.0,g
975,Gris fläskben rå,"Zink, Zn",Kött färskt fryst tillagat ,2.9,mg
975,Gris fläskben rå,Vitamin E,Kött färskt fryst tillagat ,0.4,mg
975,Gris fläskben rå,Vitamin D,Kött färskt fryst tillagat ,0.57,µg
975,Gris fläskben rå,Vitamin C,Kött färskt fryst tillagat ,0.0,mg
975,Gris fläskben rå,Vitamin B6,Kött färskt fryst tillagat ,0.53,mg
975,Gris fläskben rå,Vitamin B12,Kött färskt fryst tillagat ,0.68,µg
975,Gris fläskben rå,Vitamin A,Kött färskt fryst tillagat ,9.0,RE/µg
975,Gris fläskben rå,Vatten,Kött färskt fryst tillagat ,67.6,g
975,Gris fläskben rå,Tiamin,Kött färskt fryst tillagat ,0.91,mg
975,Gris fläskben rå,Tillsatt socker,Kött färskt fryst tillagat ,0.0,g
975,Gris fläskben rå,Fritt socker,Kött färskt fryst tillagat ,0.0,g
975,Gris fläskben rå,"Selen, Se",Kött färskt fryst tillagat ,10.0,µg
975,Gris fläskben rå,Sackaros,Kött färskt fryst tillagat ,0.0,g
975,Gris fläskben rå,Riboflavin,Kött färskt fryst tillagat ,0.36,mg
975,Gris fläskben rå,Retinol,Kött färskt fryst tillagat ,9.0,µg
975,Gris fläskben rå,Protein,Kött färskt fryst tillagat ,17.7,g
975,Gris fläskben rå,Summa fleromättade fettsyror,Kött färskt fryst tillagat ,1.5,g
975,Gris fläskben rå,"Fosfor, P",Kött färskt fryst tillagat ,182.0,mg
975,Gris fläskben rå,Niacinekvivalenter,Kött färskt fryst tillagat ,8.84,NE/mg
975,Gris fläskben rå,Niacin,Kött färskt fryst tillagat ,5.59,mg
975,Gris fläskben rå,"Salt, NaCl",Kött färskt fryst tillagat ,0.1,g
975,Gris fläskben rå,"Natrium, Na",Kött färskt fryst tillagat ,57.0,mg
975,Gris fläskben rå,Monosackarider,Kött färskt fryst tillagat ,0.0,g
975,Gris fläskben rå,"Sockerarter, totalt",Kött färskt fryst tillagat ,0.0,g
975,Gris fläskben rå,Summa enkelomättade fettsyror,Kött färskt fryst tillagat ,5.6,g
975,Gris fläskben rå,"Magnesium, Mg",Kött färskt fryst tillagat ,27.0,mg
975,Gris fläskben rå,Summa mättade fettsyror,Kött färskt fryst tillagat ,5.9,g
975,Gris fläskben rå,"Kolhydrater, tillgängliga",Kött färskt fryst tillagat ,0.0,g
975,Gris fläskben rå,Kolesterol,Kött färskt fryst tillagat ,58.0,mg
975,Gris fläskben rå,"Kalium, K",Kött färskt fryst tillagat ,325.0,mg
975,Gris fläskben rå,"Jod, I",Kött färskt fryst tillagat ,0.0,µg
975,Gris fläskben rå,Fullkorn totalt,Kött färskt fryst tillagat ,0.0,g
975,Gris fläskben rå,"Folat, totalt",Kött färskt fryst tillagat ,7.0,µg
975,Gris fläskben rå,Fibrer,Kött färskt fryst tillagat ,0.0,g
975,Gris fläskben rå,"Fett, totalt",Kött färskt fryst tillagat ,13.7,g
975,Gris fläskben rå,"Järn, Fe",Kött färskt fryst tillagat ,1.5,mg
975,Gris fläskben rå,Energi (kJ),Kött färskt fryst tillagat ,808.0,kJ
975,Gris fläskben rå,Energi (kcal),Kött färskt fryst tillagat ,193.0,kcal
975,Gris fläskben rå,Disackarider,Kött färskt fryst tillagat ,0.0,g
975,Gris fläskben rå,"Kalcium, Ca",Kött färskt fryst tillagat ,11.0,mg
975,Gris fläskben rå,Fettsyra 4:0-10:0,Kött färskt fryst tillagat ,0.0,g
975,Gris fläskben rå,DHA (C22:6),Kött färskt fryst tillagat ,0.0,g
975,Gris fläskben rå,DPA (C22:5),Kött färskt fryst tillagat ,0.0,g
975,Gris fläskben rå,EPA (C20:5),Kött färskt fryst tillagat ,0.0,g
975,Gris fläskben rå,Arakidonsyra C20:4,Kött färskt fryst tillagat ,0.0,g
975,Gris fläskben rå,Arakidinsyra C20:0,Kött färskt fryst tillagat ,0.0,g
975,Gris fläskben rå,Linolensyra C18:3,Kött färskt fryst tillagat ,0.1,g
975,Gris fläskben rå,Linolsyra C18:2,Kött färskt fryst tillagat ,1.2,g
975,Gris fläskben rå,Oljesyra C18:1,Kött färskt fryst tillagat ,5.0,g
975,Gris fläskben rå,Stearinsyra C18:0,Kött färskt fryst tillagat ,2.1,g
975,Gris fläskben rå,Palmitoljesyra C16:1,Kött färskt fryst tillagat ,0.5,g
975,Gris fläskben rå,Palmitinsyra C16:0,Kött färskt fryst tillagat ,3.5,g
975,Gris fläskben rå,Myristinsyra C14:0,Kött färskt fryst tillagat ,0.2,g
975,Gris fläskben rå,Laurinsyra C12:0,Kött färskt fryst tillagat ,0.0,g
975,Gris fläskben rå,Betakaroten/β-Karoten,Kött färskt fryst tillagat ,0.0,µg
975,Gris fläskben rå,Avfall (skal etc.),Kött färskt fryst tillagat ,70.0,%
975,Gris fläskben rå,Aska,Kött färskt fryst tillagat ,1.0,g
975,Gris fläskben rå,Alkohol,Kött färskt fryst tillagat ,0.0,g
976,Gris picnicbog rå,"Zink, Zn",Kött färskt fryst tillagat ,2.8,mg
976,Gris picnicbog rå,Vitamin E,Kött färskt fryst tillagat ,0.4,mg
976,Gris picnicbog rå,Vitamin D,Kött färskt fryst tillagat ,0.57,µg
976,Gris picnicbog rå,Vitamin C,Kött färskt fryst tillagat ,0.0,mg
976,Gris picnicbog rå,Vitamin B6,Kött färskt fryst tillagat ,0.52,mg
976,Gris picnicbog rå,Vitamin B12,Kött färskt fryst tillagat ,0.63,µg
976,Gris picnicbog rå,Vitamin A,Kött färskt fryst tillagat ,9.0,RE/µg
976,Gris picnicbog rå,Vatten,Kött färskt fryst tillagat ,74.7,g
976,Gris picnicbog rå,Tiamin,Kött färskt fryst tillagat ,0.92,mg
976,Gris picnicbog rå,Tillsatt socker,Kött färskt fryst tillagat ,0.0,g
976,Gris picnicbog rå,Fritt socker,Kött färskt fryst tillagat ,0.0,g
976,Gris picnicbog rå,"Selen, Se",Kött färskt fryst tillagat ,11.0,µg
976,Gris picnicbog rå,Sackaros,Kött färskt fryst tillagat ,0.0,g
976,Gris picnicbog rå,Riboflavin,Kött färskt fryst tillagat ,0.39,mg
976,Gris picnicbog rå,Retinol,Kött färskt fryst tillagat ,9.0,µg
976,Gris picnicbog rå,Protein,Kött färskt fryst tillagat ,19.5,g
976,Gris picnicbog rå,Summa fleromättade fettsyror,Kött färskt fryst tillagat ,0.5,g
976,Gris picnicbog rå,"Fosfor, P",Kött färskt fryst tillagat ,204.0,mg
976,Gris picnicbog rå,Niacinekvivalenter,Kött färskt fryst tillagat ,9.71,NE/mg
976,Gris picnicbog rå,Niacin,Kött färskt fryst tillagat ,6.13,mg
976,Gris picnicbog rå,"Salt, NaCl",Kött färskt fryst tillagat ,0.2,g
976,Gris picnicbog rå,"Natrium, Na",Kött färskt fryst tillagat ,76.0,mg
976,Gris picnicbog rå,Monosackarider,Kött färskt fryst tillagat ,0.0,g
976,Gris picnicbog rå,"Sockerarter, totalt",Kött färskt fryst tillagat ,0.0,g
976,Gris picnicbog rå,Summa enkelomättade fettsyror,Kött färskt fryst tillagat ,1.9,g
976,Gris picnicbog rå,"Magnesium, Mg",Kött färskt fryst tillagat ,27.0,mg
976,Gris picnicbog rå,Summa mättade fettsyror,Kött färskt fryst tillagat ,2.0,g
976,Gris picnicbog rå,"Kolhydrater, tillgängliga",Kött färskt fryst tillagat ,0.0,g
976,Gris picnicbog rå,Kolesterol,Kött färskt fryst tillagat ,50.0,mg
976,Gris picnicbog rå,"Kalium, K",Kött färskt fryst tillagat ,373.0,mg
976,Gris picnicbog rå,"Jod, I",Kött färskt fryst tillagat ,0.0,µg
976,Gris picnicbog rå,Fullkorn totalt,Kött färskt fryst tillagat ,0.0,g
976,Gris picnicbog rå,"Folat, totalt",Kött färskt fryst tillagat ,6.0,µg
976,Gris picnicbog rå,Fibrer,Kött färskt fryst tillagat ,0.0,g
976,Gris picnicbog rå,"Fett, totalt",Kött färskt fryst tillagat ,4.7,g
976,Gris picnicbog rå,"Järn, Fe",Kött färskt fryst tillagat ,1.5,mg
976,Gris picnicbog rå,Energi (kJ),Kött färskt fryst tillagat ,505.0,kJ
976,Gris picnicbog rå,Energi (kcal),Kött färskt fryst tillagat ,121.0,kcal
976,Gris picnicbog rå,Disackarider,Kött färskt fryst tillagat ,0.0,g
976,Gris picnicbog rå,"Kalcium, Ca",Kött färskt fryst tillagat ,7.0,mg
976,Gris picnicbog rå,Fettsyra 4:0-10:0,Kött färskt fryst tillagat ,0.0,g
976,Gris picnicbog rå,DHA (C22:6),Kött färskt fryst tillagat ,0.0,g
976,Gris picnicbog rå,DPA (C22:5),Kött färskt fryst tillagat ,0.0,g
976,Gris picnicbog rå,EPA (C20:5),Kött färskt fryst tillagat ,0.0,g
976,Gris picnicbog rå,Arakidonsyra C20:4,Kött färskt fryst tillagat ,0.0,g
976,Gris picnicbog rå,Arakidinsyra C20:0,Kött färskt fryst tillagat ,0.0,g
976,Gris picnicbog rå,Linolensyra C18:3,Kött färskt fryst tillagat ,0.0,g
976,Gris picnicbog rå,Linolsyra C18:2,Kött färskt fryst tillagat ,0.4,g
976,Gris picnicbog rå,Oljesyra C18:1,Kött färskt fryst tillagat ,1.7,g
976,Gris picnicbog rå,Stearinsyra C18:0,Kött färskt fryst tillagat ,0.7,g
976,Gris picnicbog rå,Palmitoljesyra C16:1,Kött färskt fryst tillagat ,0.2,g
976,Gris picnicbog rå,Palmitinsyra C16:0,Kött färskt fryst tillagat ,1.2,g
976,Gris picnicbog rå,Myristinsyra C14:0,Kött färskt fryst tillagat ,0.1,g
976,Gris picnicbog rå,Laurinsyra C12:0,Kött färskt fryst tillagat ,0.0,g
976,Gris picnicbog rå,Betakaroten/β-Karoten,Kött färskt fryst tillagat ,0.0,µg
976,Gris picnicbog rå,Avfall (skal etc.),Kött färskt fryst tillagat ,0.0,%
976,Gris picnicbog rå,Aska,Kött färskt fryst tillagat ,1.1,g
976,Gris picnicbog rå,Alkohol,Kött färskt fryst tillagat ,0.0,g
977,Gris grytbitar rå,"Zink, Zn",Kött färskt fryst tillagat ,2.9,mg
977,Gris grytbitar rå,Vitamin E,Kött färskt fryst tillagat ,0.4,mg
977,Gris grytbitar rå,Vitamin D,Kött färskt fryst tillagat ,0.57,µg
977,Gris grytbitar rå,Vitamin C,Kött färskt fryst tillagat ,0.0,mg
977,Gris grytbitar rå,Vitamin B6,Kött färskt fryst tillagat ,0.36,mg
977,Gris grytbitar rå,Vitamin B12,Kött färskt fryst tillagat ,0.9,µg
977,Gris grytbitar rå,Vitamin A,Kött färskt fryst tillagat ,9.0,RE/µg
977,Gris grytbitar rå,Vatten,Kött färskt fryst tillagat ,70.0,g
977,Gris grytbitar rå,Tiamin,Kött färskt fryst tillagat ,0.91,mg
977,Gris grytbitar rå,Tillsatt socker,Kött färskt fryst tillagat ,0.0,g
977,Gris grytbitar rå,Fritt socker,Kött färskt fryst tillagat ,0.0,g
977,Gris grytbitar rå,"Selen, Se",Kött färskt fryst tillagat ,10.0,µg
977,Gris grytbitar rå,Sackaros,Kött färskt fryst tillagat ,0.0,g
977,Gris grytbitar rå,Riboflavin,Kött färskt fryst tillagat ,0.36,mg
977,Gris grytbitar rå,Retinol,Kött färskt fryst tillagat ,9.0,µg
977,Gris grytbitar rå,Protein,Kött färskt fryst tillagat ,19.3,g
977,Gris grytbitar rå,Summa fleromättade fettsyror,Kött färskt fryst tillagat ,1.1,g
977,Gris grytbitar rå,"Fosfor, P",Kött färskt fryst tillagat ,188.0,mg
977,Gris grytbitar rå,Niacinekvivalenter,Kött färskt fryst tillagat ,9.13,NE/mg
977,Gris grytbitar rå,Niacin,Kött färskt fryst tillagat ,5.59,mg
977,Gris grytbitar rå,"Salt, NaCl",Kött färskt fryst tillagat ,0.1,g
977,Gris grytbitar rå,"Natrium, Na",Kött färskt fryst tillagat ,44.0,mg
977,Gris grytbitar rå,Monosackarider,Kött färskt fryst tillagat ,0.0,g
977,Gris grytbitar rå,"Sockerarter, totalt",Kött färskt fryst tillagat ,0.0,g
977,Gris grytbitar rå,Summa enkelomättade fettsyror,Kött färskt fryst tillagat ,4.0,g
977,Gris grytbitar rå,"Magnesium, Mg",Kött färskt fryst tillagat ,27.0,mg
977,Gris grytbitar rå,Summa mättade fettsyror,Kött färskt fryst tillagat ,4.2,g
977,Gris grytbitar rå,"Kolhydrater, tillgängliga",Kött färskt fryst tillagat ,0.0,g
977,Gris grytbitar rå,Kolesterol,Kött färskt fryst tillagat ,58.0,mg
977,Gris grytbitar rå,"Kalium, K",Kött färskt fryst tillagat ,373.0,mg
977,Gris grytbitar rå,"Jod, I",Kött färskt fryst tillagat ,0.0,µg
977,Gris grytbitar rå,Fullkorn totalt,Kött färskt fryst tillagat ,0.0,g
977,Gris grytbitar rå,"Folat, totalt",Kött färskt fryst tillagat ,7.0,µg
977,Gris grytbitar rå,Fibrer,Kött färskt fryst tillagat ,0.0,g
977,Gris grytbitar rå,"Fett, totalt",Kött färskt fryst tillagat ,9.7,g
977,Gris grytbitar rå,"Järn, Fe",Kött färskt fryst tillagat ,1.5,mg
977,Gris grytbitar rå,Energi (kJ),Kött färskt fryst tillagat ,687.0,kJ
977,Gris grytbitar rå,Energi (kcal),Kött färskt fryst tillagat ,164.0,kcal
977,Gris grytbitar rå,Disackarider,Kött färskt fryst tillagat ,0.0,g
977,Gris grytbitar rå,"Kalcium, Ca",Kött färskt fryst tillagat ,7.0,mg
977,Gris grytbitar rå,Fettsyra 4:0-10:0,Kött färskt fryst tillagat ,0.0,g
977,Gris grytbitar rå,DHA (C22:6),Kött färskt fryst tillagat ,0.0,g
977,Gris grytbitar rå,DPA (C22:5),Kött färskt fryst tillagat ,0.0,g
977,Gris grytbitar rå,EPA (C20:5),Kött färskt fryst tillagat ,0.0,g
977,Gris grytbitar rå,Arakidonsyra C20:4,Kött färskt fryst tillagat ,0.0,g
977,Gris grytbitar rå,Arakidinsyra C20:0,Kött färskt fryst tillagat ,0.0,g
977,Gris grytbitar rå,Linolensyra C18:3,Kött färskt fryst tillagat ,0.0,g
977,Gris grytbitar rå,Linolsyra C18:2,Kött färskt fryst tillagat ,0.8,g
977,Gris grytbitar rå,Oljesyra C18:1,Kött färskt fryst tillagat ,3.5,g
977,Gris grytbitar rå,Stearinsyra C18:0,Kött färskt fryst tillagat ,1.5,g
977,Gris grytbitar rå,Palmitoljesyra C16:1,Kött färskt fryst tillagat ,0.3,g
977,Gris grytbitar rå,Palmitinsyra C16:0,Kött färskt fryst tillagat ,2.5,g
977,Gris grytbitar rå,Myristinsyra C14:0,Kött färskt fryst tillagat ,0.2,g
977,Gris grytbitar rå,Laurinsyra C12:0,Kött färskt fryst tillagat ,0.0,g
977,Gris grytbitar rå,Betakaroten/β-Karoten,Kött färskt fryst tillagat ,0.0,µg
977,Gris grytbitar rå,Avfall (skal etc.),Kött färskt fryst tillagat ,0.0,%
977,Gris grytbitar rå,Aska,Kött färskt fryst tillagat ,1.0,g
977,Gris grytbitar rå,Alkohol,Kött färskt fryst tillagat ,0.0,g
978,Gris fläskkarré rå,"Zink, Zn",Kött färskt fryst tillagat ,2.9,mg
978,Gris fläskkarré rå,Vitamin E,Kött färskt fryst tillagat ,0.4,mg
978,Gris fläskkarré rå,Vitamin D,Kött färskt fryst tillagat ,0.57,µg
978,Gris fläskkarré rå,Vitamin C,Kött färskt fryst tillagat ,0.0,mg
978,Gris fläskkarré rå,Vitamin B6,Kött färskt fryst tillagat ,0.54,mg
978,Gris fläskkarré rå,Vitamin B12,Kött färskt fryst tillagat ,0.68,µg
978,Gris fläskkarré rå,Vitamin A,Kött färskt fryst tillagat ,9.0,RE/µg
978,Gris fläskkarré rå,Vatten,Kött färskt fryst tillagat ,70.0,g
978,Gris fläskkarré rå,Tiamin,Kött färskt fryst tillagat ,0.91,mg
978,Gris fläskkarré rå,Tillsatt socker,Kött färskt fryst tillagat ,0.0,g
978,Gris fläskkarré rå,Fritt socker,Kött färskt fryst tillagat ,0.0,g
978,Gris fläskkarré rå,"Selen, Se",Kött färskt fryst tillagat ,10.0,µg
978,Gris fläskkarré rå,Sackaros,Kött färskt fryst tillagat ,0.0,g
978,Gris fläskkarré rå,Riboflavin,Kött färskt fryst tillagat ,0.36,mg
978,Gris fläskkarré rå,Retinol,Kött färskt fryst tillagat ,9.0,µg
978,Gris fläskkarré rå,Protein,Kött färskt fryst tillagat ,17.8,g
978,Gris fläskkarré rå,Summa fleromättade fettsyror,Kött färskt fryst tillagat ,1.2,g
978,Gris fläskkarré rå,"Fosfor, P",Kött färskt fryst tillagat ,182.0,mg
978,Gris fläskkarré rå,Niacinekvivalenter,Kött färskt fryst tillagat ,8.85,NE/mg
978,Gris fläskkarré rå,Niacin,Kött färskt fryst tillagat ,5.59,mg
978,Gris fläskkarré rå,"Salt, NaCl",Kött färskt fryst tillagat ,0.1,g
978,Gris fläskkarré rå,"Natrium, Na",Kött färskt fryst tillagat ,57.0,mg
978,Gris fläskkarré rå,Monosackarider,Kött färskt fryst tillagat ,0.0,g
978,Gris fläskkarré rå,"Sockerarter, totalt",Kött färskt fryst tillagat ,0.0,g
978,Gris fläskkarré rå,Summa enkelomättade fettsyror,Kött färskt fryst tillagat ,4.6,g
978,Gris fläskkarré rå,"Magnesium, Mg",Kött färskt fryst tillagat ,27.0,mg
978,Gris fläskkarré rå,Summa mättade fettsyror,Kött färskt fryst tillagat ,4.8,g
978,Gris fläskkarré rå,"Kolhydrater, tillgängliga",Kött färskt fryst tillagat ,0.0,g
978,Gris fläskkarré rå,Kolesterol,Kött färskt fryst tillagat ,58.0,mg
978,Gris fläskkarré rå,"Kalium, K",Kött färskt fryst tillagat ,325.0,mg
978,Gris fläskkarré rå,"Jod, I",Kött färskt fryst tillagat ,0.0,µg
978,Gris fläskkarré rå,Fullkorn totalt,Kött färskt fryst tillagat ,0.0,g
978,Gris fläskkarré rå,"Folat, totalt",Kött färskt fryst tillagat ,7.0,µg
978,Gris fläskkarré rå,Fibrer,Kött färskt fryst tillagat ,0.0,g
978,Gris fläskkarré rå,"Fett, totalt",Kött färskt fryst tillagat ,11.2,g
978,Gris fläskkarré rå,"Järn, Fe",Kött färskt fryst tillagat ,1.5,mg
978,Gris fläskkarré rå,Energi (kJ),Kött färskt fryst tillagat ,717.0,kJ
978,Gris fläskkarré rå,Energi (kcal),Kött färskt fryst tillagat ,171.0,kcal
978,Gris fläskkarré rå,Disackarider,Kött färskt fryst tillagat ,0.0,g
978,Gris fläskkarré rå,"Kalcium, Ca",Kött färskt fryst tillagat ,11.0,mg
978,Gris fläskkarré rå,Fettsyra 4:0-10:0,Kött färskt fryst tillagat ,0.0,g
978,Gris fläskkarré rå,DHA (C22:6),Kött färskt fryst tillagat ,0.0,g
978,Gris fläskkarré rå,DPA (C22:5),Kött färskt fryst tillagat ,0.0,g
978,Gris fläskkarré rå,EPA (C20:5),Kött färskt fryst tillagat ,0.0,g
978,Gris fläskkarré rå,Arakidonsyra C20:4,Kött färskt fryst tillagat ,0.0,g
978,Gris fläskkarré rå,Arakidinsyra C20:0,Kött färskt fryst tillagat ,0.0,g
978,Gris fläskkarré rå,Linolensyra C18:3,Kött färskt fryst tillagat ,0.0,g
978,Gris fläskkarré rå,Linolsyra C18:2,Kött färskt fryst tillagat ,1.0,g
978,Gris fläskkarré rå,Oljesyra C18:1,Kött färskt fryst tillagat ,4.1,g
978,Gris fläskkarré rå,Stearinsyra C18:0,Kött färskt fryst tillagat ,1.7,g
978,Gris fläskkarré rå,Palmitoljesyra C16:1,Kött färskt fryst tillagat ,0.4,g
978,Gris fläskkarré rå,Palmitinsyra C16:0,Kött färskt fryst tillagat ,2.9,g
978,Gris fläskkarré rå,Myristinsyra C14:0,Kött färskt fryst tillagat ,0.2,g
978,Gris fläskkarré rå,Laurinsyra C12:0,Kött färskt fryst tillagat ,0.0,g
978,Gris fläskkarré rå,Betakaroten/β-Karoten,Kött färskt fryst tillagat ,0.0,µg
978,Gris fläskkarré rå,Avfall (skal etc.),Kött färskt fryst tillagat ,35.0,%
978,Gris fläskkarré rå,Aska,Kött färskt fryst tillagat ,1.0,g
978,Gris fläskkarré rå,Alkohol,Kött färskt fryst tillagat ,0.0,g
980,Gris färs rå fett 20%,"Zink, Zn",Kött färskt fryst tillagat ,2.9,mg
980,Gris färs rå fett 20%,Vitamin E,Kött färskt fryst tillagat ,0.4,mg
980,Gris färs rå fett 20%,Vitamin D,Kött färskt fryst tillagat ,0.48,µg
980,Gris färs rå fett 20%,Vitamin C,Kött färskt fryst tillagat ,0.0,mg
980,Gris färs rå fett 20%,Vitamin B6,Kött färskt fryst tillagat ,0.35,mg
980,Gris färs rå fett 20%,Vitamin B12,Kött färskt fryst tillagat ,0.65,µg
980,Gris färs rå fett 20%,Vitamin A,Kött färskt fryst tillagat ,9.0,RE/µg
980,Gris färs rå fett 20%,Vatten,Kött färskt fryst tillagat ,63.0,g
980,Gris färs rå fett 20%,Tiamin,Kött färskt fryst tillagat ,0.62,mg
980,Gris färs rå fett 20%,Tillsatt socker,Kött färskt fryst tillagat ,0.0,g
980,Gris färs rå fett 20%,Fritt socker,Kött färskt fryst tillagat ,0.0,g
980,Gris färs rå fett 20%,"Selen, Se",Kött färskt fryst tillagat ,5.8,µg
980,Gris färs rå fett 20%,Sackaros,Kött färskt fryst tillagat ,0.0,g
980,Gris färs rå fett 20%,Riboflavin,Kött färskt fryst tillagat ,0.23,mg
980,Gris färs rå fett 20%,Retinol,Kött färskt fryst tillagat ,9.0,µg
980,Gris färs rå fett 20%,Protein,Kött färskt fryst tillagat ,16.0,g
980,Gris färs rå fett 20%,Summa fleromättade fettsyror,Kött färskt fryst tillagat ,2.2,g
980,Gris färs rå fett 20%,"Fosfor, P",Kött färskt fryst tillagat ,182.0,mg
980,Gris färs rå fett 20%,Niacinekvivalenter,Kött färskt fryst tillagat ,6.63,NE/mg
980,Gris färs rå fett 20%,Niacin,Kött färskt fryst tillagat ,3.7,mg
980,Gris färs rå fett 20%,"Salt, NaCl",Kött färskt fryst tillagat ,0.1,g
980,Gris färs rå fett 20%,"Natrium, Na",Kött färskt fryst tillagat ,57.0,mg
980,Gris färs rå fett 20%,Monosackarider,Kött färskt fryst tillagat ,0.0,g
980,Gris färs rå fett 20%,"Sockerarter, totalt",Kött färskt fryst tillagat ,0.0,g
980,Gris färs rå fett 20%,Summa enkelomättade fettsyror,Kött färskt fryst tillagat ,8.2,g
980,Gris färs rå fett 20%,"Magnesium, Mg",Kött färskt fryst tillagat ,24.0,mg
980,Gris färs rå fett 20%,Summa mättade fettsyror,Kött färskt fryst tillagat ,8.6,g
980,Gris färs rå fett 20%,"Kolhydrater, tillgängliga",Kött färskt fryst tillagat ,0.0,g
980,Gris färs rå fett 20%,Kolesterol,Kött färskt fryst tillagat ,58.0,mg
980,Gris färs rå fett 20%,"Kalium, K",Kött färskt fryst tillagat ,325.0,mg
980,Gris färs rå fett 20%,"Jod, I",Kött färskt fryst tillagat ,0.0,µg
980,Gris färs rå fett 20%,Fullkorn totalt,Kött färskt fryst tillagat ,0.0,g
980,Gris färs rå fett 20%,"Folat, totalt",Kött färskt fryst tillagat ,1.5,µg
980,Gris färs rå fett 20%,Fibrer,Kött färskt fryst tillagat ,0.0,g
980,Gris färs rå fett 20%,"Fett, totalt",Kött färskt fryst tillagat ,20.0,g
980,Gris färs rå fett 20%,"Järn, Fe",Kött färskt fryst tillagat ,0.8,mg
980,Gris färs rå fett 20%,Energi (kJ),Kött färskt fryst tillagat ,1012.0,kJ
980,Gris färs rå fett 20%,Energi (kcal),Kött färskt fryst tillagat ,242.0,kcal
980,Gris färs rå fett 20%,Disackarider,Kött färskt fryst tillagat ,0.0,g
980,Gris färs rå fett 20%,"Kalcium, Ca",Kött färskt fryst tillagat ,7.0,mg
980,Gris färs rå fett 20%,Fettsyra 4:0-10:0,Kött färskt fryst tillagat ,0.0,g
980,Gris färs rå fett 20%,DHA (C22:6),Kött färskt fryst tillagat ,0.1,g
980,Gris färs rå fett 20%,DPA (C22:5),Kött färskt fryst tillagat ,0.1,g
980,Gris färs rå fett 20%,EPA (C20:5),Kött färskt fryst tillagat ,0.0,g
980,Gris färs rå fett 20%,Arakidonsyra C20:4,Kött färskt fryst tillagat ,0.1,g
980,Gris färs rå fett 20%,Arakidinsyra C20:0,Kött färskt fryst tillagat ,0.1,g
980,Gris färs rå fett 20%,Linolensyra C18:3,Kött färskt fryst tillagat ,0.1,g
980,Gris färs rå fett 20%,Linolsyra C18:2,Kött färskt fryst tillagat ,1.7,g
980,Gris färs rå fett 20%,Oljesyra C18:1,Kött färskt fryst tillagat ,7.3,g
980,Gris färs rå fett 20%,Stearinsyra C18:0,Kött färskt fryst tillagat ,3.0,g
980,Gris färs rå fett 20%,Palmitoljesyra C16:1,Kött färskt fryst tillagat ,0.7,g
980,Gris färs rå fett 20%,Palmitinsyra C16:0,Kött färskt fryst tillagat ,5.1,g
980,Gris färs rå fett 20%,Myristinsyra C14:0,Kött färskt fryst tillagat ,0.4,g
980,Gris färs rå fett 20%,Laurinsyra C12:0,Kött färskt fryst tillagat ,0.0,g
980,Gris färs rå fett 20%,Betakaroten/β-Karoten,Kött färskt fryst tillagat ,0.0,µg
980,Gris färs rå fett 20%,Avfall (skal etc.),Kött färskt fryst tillagat ,0.0,%
980,Gris färs rå fett 20%,Aska,Kött färskt fryst tillagat ,1.0,g
980,Gris färs rå fett 20%,Alkohol,Kött färskt fryst tillagat ,0.0,g
981,Gris bogbladsstek rå,"Zink, Zn",Kött färskt fryst tillagat ,2.8,mg
981,Gris bogbladsstek rå,Vitamin E,Kött färskt fryst tillagat ,0.4,mg
981,Gris bogbladsstek rå,Vitamin D,Kött färskt fryst tillagat ,0.57,µg
981,Gris bogbladsstek rå,Vitamin C,Kött färskt fryst tillagat ,0.0,mg
981,Gris bogbladsstek rå,Vitamin B6,Kött färskt fryst tillagat ,0.52,mg
981,Gris bogbladsstek rå,Vitamin B12,Kött färskt fryst tillagat ,0.63,µg
981,Gris bogbladsstek rå,Vitamin A,Kött färskt fryst tillagat ,9.0,RE/µg
981,Gris bogbladsstek rå,Vatten,Kött färskt fryst tillagat ,73.4,g
981,Gris bogbladsstek rå,Tiamin,Kött färskt fryst tillagat ,0.92,mg
981,Gris bogbladsstek rå,Tillsatt socker,Kött färskt fryst tillagat ,0.0,g
981,Gris bogbladsstek rå,Fritt socker,Kött färskt fryst tillagat ,0.0,g
981,Gris bogbladsstek rå,"Selen, Se",Kött färskt fryst tillagat ,11.0,µg
981,Gris bogbladsstek rå,Sackaros,Kött färskt fryst tillagat ,0.0,g
981,Gris bogbladsstek rå,Riboflavin,Kött färskt fryst tillagat ,0.39,mg
981,Gris bogbladsstek rå,Retinol,Kött färskt fryst tillagat ,9.0,µg
981,Gris bogbladsstek rå,Protein,Kött färskt fryst tillagat ,18.5,g
981,Gris bogbladsstek rå,Summa fleromättade fettsyror,Kött färskt fryst tillagat ,0.8,g
981,Gris bogbladsstek rå,"Fosfor, P",Kött färskt fryst tillagat ,160.0,mg
981,Gris bogbladsstek rå,Niacinekvivalenter,Kött färskt fryst tillagat ,9.52,NE/mg
981,Gris bogbladsstek rå,Niacin,Kött färskt fryst tillagat ,6.13,mg
981,Gris bogbladsstek rå,"Salt, NaCl",Kött färskt fryst tillagat ,0.2,g
981,Gris bogbladsstek rå,"Natrium, Na",Kött färskt fryst tillagat ,65.0,mg
981,Gris bogbladsstek rå,Monosackarider,Kött färskt fryst tillagat ,0.0,g
981,Gris bogbladsstek rå,"Sockerarter, totalt",Kött färskt fryst tillagat ,0.0,g
981,Gris bogbladsstek rå,Summa enkelomättade fettsyror,Kött färskt fryst tillagat ,2.9,g
981,Gris bogbladsstek rå,"Magnesium, Mg",Kött färskt fryst tillagat ,27.0,mg
981,Gris bogbladsstek rå,Summa mättade fettsyror,Kött färskt fryst tillagat ,3.0,g
981,Gris bogbladsstek rå,"Kolhydrater, tillgängliga",Kött färskt fryst tillagat ,0.0,g
981,Gris bogbladsstek rå,Kolesterol,Kött färskt fryst tillagat ,58.0,mg
981,Gris bogbladsstek rå,"Kalium, K",Kött färskt fryst tillagat ,373.0,mg
981,Gris bogbladsstek rå,"Jod, I",Kött färskt fryst tillagat ,0.0,µg
981,Gris bogbladsstek rå,Fullkorn totalt,Kött färskt fryst tillagat ,0.0,g
981,Gris bogbladsstek rå,"Folat, totalt",Kött färskt fryst tillagat ,6.0,µg
981,Gris bogbladsstek rå,Fibrer,Kött färskt fryst tillagat ,0.0,g
981,Gris bogbladsstek rå,"Fett, totalt",Kött färskt fryst tillagat ,7.0,g
981,Gris bogbladsstek rå,"Järn, Fe",Kött färskt fryst tillagat ,1.5,mg
981,Gris bogbladsstek rå,Energi (kJ),Kött färskt fryst tillagat ,574.0,kJ
981,Gris bogbladsstek rå,Energi (kcal),Kött färskt fryst tillagat ,137.0,kcal
981,Gris bogbladsstek rå,Disackarider,Kött färskt fryst tillagat ,0.0,g
981,Gris bogbladsstek rå,"Kalcium, Ca",Kött färskt fryst tillagat ,7.0,mg
981,Gris bogbladsstek rå,Fettsyra 4:0-10:0,Kött färskt fryst tillagat ,0.0,g
981,Gris bogbladsstek rå,DHA (C22:6),Kött färskt fryst tillagat ,0.0,g
981,Gris bogbladsstek rå,DPA (C22:5),Kött färskt fryst tillagat ,0.0,g
981,Gris bogbladsstek rå,EPA (C20:5),Kött färskt fryst tillagat ,0.0,g
981,Gris bogbladsstek rå,Arakidonsyra C20:4,Kött färskt fryst tillagat ,0.0,g
981,Gris bogbladsstek rå,Arakidinsyra C20:0,Kött färskt fryst tillagat ,0.0,g
981,Gris bogbladsstek rå,Linolensyra C18:3,Kött färskt fryst tillagat ,0.0,g
981,Gris bogbladsstek rå,Linolsyra C18:2,Kött färskt fryst tillagat ,0.6,g
981,Gris bogbladsstek rå,Oljesyra C18:1,Kött färskt fryst tillagat ,2.5,g
981,Gris bogbladsstek rå,Stearinsyra C18:0,Kött färskt fryst tillagat ,1.1,g
981,Gris bogbladsstek rå,Palmitoljesyra C16:1,Kött färskt fryst tillagat ,0.2,g
981,Gris bogbladsstek rå,Palmitinsyra C16:0,Kött färskt fryst tillagat ,1.8,g
981,Gris bogbladsstek rå,Myristinsyra C14:0,Kött färskt fryst tillagat ,0.1,g
981,Gris bogbladsstek rå,Laurinsyra C12:0,Kött färskt fryst tillagat ,0.0,g
981,Gris bogbladsstek rå,Betakaroten/β-Karoten,Kött färskt fryst tillagat ,0.0,µg
981,Gris bogbladsstek rå,Avfall (skal etc.),Kött färskt fryst tillagat ,27.0,%
981,Gris bogbladsstek rå,Aska,Kött färskt fryst tillagat ,1.1,g
981,Gris bogbladsstek rå,Alkohol,Kött färskt fryst tillagat ,0.0,g
982,Gris fläskkotlett rå fett bortskuret,"Zink, Zn",Kött färskt fryst tillagat ,1.7,mg
982,Gris fläskkotlett rå fett bortskuret,Vitamin E,Kött färskt fryst tillagat ,0.4,mg
982,Gris fläskkotlett rå fett bortskuret,Vitamin D,Kött färskt fryst tillagat ,0.57,µg
982,Gris fläskkotlett rå fett bortskuret,Vitamin C,Kött färskt fryst tillagat ,0.0,mg
982,Gris fläskkotlett rå fett bortskuret,Vitamin B6,Kött färskt fryst tillagat ,0.54,mg
982,Gris fläskkotlett rå fett bortskuret,Vitamin B12,Kött färskt fryst tillagat ,0.76,µg
982,Gris fläskkotlett rå fett bortskuret,Vitamin A,Kött färskt fryst tillagat ,9.0,RE/µg
982,Gris fläskkotlett rå fett bortskuret,Vatten,Kött färskt fryst tillagat ,75.4,g
982,Gris fläskkotlett rå fett bortskuret,Tiamin,Kött färskt fryst tillagat ,0.83,mg
982,Gris fläskkotlett rå fett bortskuret,Tillsatt socker,Kött färskt fryst tillagat ,0.0,g
982,Gris fläskkotlett rå fett bortskuret,Fritt socker,Kött färskt fryst tillagat ,0.0,g
982,Gris fläskkotlett rå fett bortskuret,"Selen, Se",Kött färskt fryst tillagat ,12.0,µg
982,Gris fläskkotlett rå fett bortskuret,Sackaros,Kött färskt fryst tillagat ,0.0,g
982,Gris fläskkotlett rå fett bortskuret,Riboflavin,Kött färskt fryst tillagat ,0.25,mg
982,Gris fläskkotlett rå fett bortskuret,Retinol,Kött färskt fryst tillagat ,9.0,µg
982,Gris fläskkotlett rå fett bortskuret,Protein,Kött färskt fryst tillagat ,21.6,g
982,Gris fläskkotlett rå fett bortskuret,Summa fleromättade fettsyror,Kött färskt fryst tillagat ,0.2,g
982,Gris fläskkotlett rå fett bortskuret,"Fosfor, P",Kött färskt fryst tillagat ,204.0,mg
982,Gris fläskkotlett rå fett bortskuret,Niacinekvivalenter,Kött färskt fryst tillagat ,12.5,NE/mg
982,Gris fläskkotlett rå fett bortskuret,Niacin,Kött färskt fryst tillagat ,8.54,mg
982,Gris fläskkotlett rå fett bortskuret,"Salt, NaCl",Kött färskt fryst tillagat ,0.1,g
982,Gris fläskkotlett rå fett bortskuret,"Natrium, Na",Kött färskt fryst tillagat ,53.0,mg
982,Gris fläskkotlett rå fett bortskuret,Monosackarider,Kött färskt fryst tillagat ,0.0,g
982,Gris fläskkotlett rå fett bortskuret,"Sockerarter, totalt",Kött färskt fryst tillagat ,0.0,g
982,Gris fläskkotlett rå fett bortskuret,Summa enkelomättade fettsyror,Kött färskt fryst tillagat ,0.8,g
982,Gris fläskkotlett rå fett bortskuret,"Magnesium, Mg",Kött färskt fryst tillagat ,27.0,mg
982,Gris fläskkotlett rå fett bortskuret,Summa mättade fettsyror,Kött färskt fryst tillagat ,0.6,g
982,Gris fläskkotlett rå fett bortskuret,"Kolhydrater, tillgängliga",Kött färskt fryst tillagat ,0.0,g
982,Gris fläskkotlett rå fett bortskuret,Kolesterol,Kött färskt fryst tillagat ,50.0,mg
982,Gris fläskkotlett rå fett bortskuret,"Kalium, K",Kött färskt fryst tillagat ,373.0,mg
982,Gris fläskkotlett rå fett bortskuret,"Jod, I",Kött färskt fryst tillagat ,0.0,µg
982,Gris fläskkotlett rå fett bortskuret,Fullkorn totalt,Kött färskt fryst tillagat ,0.0,g
982,Gris fläskkotlett rå fett bortskuret,"Folat, totalt",Kött färskt fryst tillagat ,3.0,µg
982,Gris fläskkotlett rå fett bortskuret,Fibrer,Kött färskt fryst tillagat ,0.0,g
982,Gris fläskkotlett rå fett bortskuret,"Fett, totalt",Kött färskt fryst tillagat ,1.7,g
982,Gris fläskkotlett rå fett bortskuret,"Järn, Fe",Kött färskt fryst tillagat ,1.4,mg
982,Gris fläskkotlett rå fett bortskuret,Energi (kJ),Kött färskt fryst tillagat ,430.0,kJ
982,Gris fläskkotlett rå fett bortskuret,Energi (kcal),Kött färskt fryst tillagat ,103.0,kcal
982,Gris fläskkotlett rå fett bortskuret,Disackarider,Kött färskt fryst tillagat ,0.0,g
982,Gris fläskkotlett rå fett bortskuret,"Kalcium, Ca",Kött färskt fryst tillagat ,6.0,mg
982,Gris fläskkotlett rå fett bortskuret,Fettsyra 4:0-10:0,Kött färskt fryst tillagat ,0.0,g
982,Gris fläskkotlett rå fett bortskuret,DHA (C22:6),Kött färskt fryst tillagat ,0.0,g
982,Gris fläskkotlett rå fett bortskuret,DPA (C22:5),Kött färskt fryst tillagat ,0.0,g
982,Gris fläskkotlett rå fett bortskuret,EPA (C20:5),Kött färskt fryst tillagat ,0.0,g
982,Gris fläskkotlett rå fett bortskuret,Arakidonsyra C20:4,Kött färskt fryst tillagat ,0.0,g
982,Gris fläskkotlett rå fett bortskuret,Arakidinsyra C20:0,Kött färskt fryst tillagat ,0.0,g
982,Gris fläskkotlett rå fett bortskuret,Linolensyra C18:3,Kött färskt fryst tillagat ,0.0,g
982,Gris fläskkotlett rå fett bortskuret,Linolsyra C18:2,Kött färskt fryst tillagat ,0.1,g
982,Gris fläskkotlett rå fett bortskuret,Oljesyra C18:1,Kött färskt fryst tillagat ,0.7,g
982,Gris fläskkotlett rå fett bortskuret,Stearinsyra C18:0,Kött färskt fryst tillagat ,0.2,g
982,Gris fläskkotlett rå fett bortskuret,Palmitoljesyra C16:1,Kött färskt fryst tillagat ,0.1,g
982,Gris fläskkotlett rå fett bortskuret,Palmitinsyra C16:0,Kött färskt fryst tillagat ,0.4,g
982,Gris fläskkotlett rå fett bortskuret,Myristinsyra C14:0,Kött färskt fryst tillagat ,0.0,g
982,Gris fläskkotlett rå fett bortskuret,Laurinsyra C12:0,Kött färskt fryst tillagat ,0.0,g
982,Gris fläskkotlett rå fett bortskuret,Betakaroten/β-Karoten,Kött färskt fryst tillagat ,0.0,µg
982,Gris fläskkotlett rå fett bortskuret,Avfall (skal etc.),Kött färskt fryst tillagat ,25.0,%
982,Gris fläskkotlett rå fett bortskuret,Aska,Kött färskt fryst tillagat ,1.3,g
982,Gris fläskkotlett rå fett bortskuret,Alkohol,Kött färskt fryst tillagat ,0.0,g
983,Gris fläskkotlett rå fettkant 2 mm,"Zink, Zn",Kött färskt fryst tillagat ,2.2,mg
983,Gris fläskkotlett rå fettkant 2 mm,Vitamin E,Kött färskt fryst tillagat ,0.4,mg
983,Gris fläskkotlett rå fettkant 2 mm,Vitamin D,Kött färskt fryst tillagat ,0.57,µg
983,Gris fläskkotlett rå fettkant 2 mm,Vitamin C,Kött färskt fryst tillagat ,0.0,mg
983,Gris fläskkotlett rå fettkant 2 mm,Vitamin B6,Kött färskt fryst tillagat ,0.54,mg
983,Gris fläskkotlett rå fettkant 2 mm,Vitamin B12,Kött färskt fryst tillagat ,0.6,µg
983,Gris fläskkotlett rå fettkant 2 mm,Vitamin A,Kött färskt fryst tillagat ,9.0,RE/µg
983,Gris fläskkotlett rå fettkant 2 mm,Vatten,Kött färskt fryst tillagat ,72.8,g
983,Gris fläskkotlett rå fettkant 2 mm,Tiamin,Kött färskt fryst tillagat ,0.9,mg
983,Gris fläskkotlett rå fettkant 2 mm,Tillsatt socker,Kött färskt fryst tillagat ,0.0,g
983,Gris fläskkotlett rå fettkant 2 mm,Fritt socker,Kött färskt fryst tillagat ,0.0,g
983,Gris fläskkotlett rå fettkant 2 mm,"Selen, Se",Kött färskt fryst tillagat ,10.0,µg
983,Gris fläskkotlett rå fettkant 2 mm,Sackaros,Kött färskt fryst tillagat ,0.0,g
983,Gris fläskkotlett rå fettkant 2 mm,Riboflavin,Kött färskt fryst tillagat ,0.29,mg
983,Gris fläskkotlett rå fettkant 2 mm,Retinol,Kött färskt fryst tillagat ,9.0,µg
983,Gris fläskkotlett rå fettkant 2 mm,Protein,Kött färskt fryst tillagat ,20.0,g
983,Gris fläskkotlett rå fettkant 2 mm,Summa fleromättade fettsyror,Kött färskt fryst tillagat ,0.7,g
983,Gris fläskkotlett rå fettkant 2 mm,"Fosfor, P",Kött färskt fryst tillagat ,204.0,mg
983,Gris fläskkotlett rå fettkant 2 mm,Niacinekvivalenter,Kött färskt fryst tillagat ,12.48,NE/mg
983,Gris fläskkotlett rå fettkant 2 mm,Niacin,Kött färskt fryst tillagat ,8.81,mg
983,Gris fläskkotlett rå fettkant 2 mm,"Salt, NaCl",Kött färskt fryst tillagat ,0.2,g
983,Gris fläskkotlett rå fettkant 2 mm,"Natrium, Na",Kött färskt fryst tillagat ,76.0,mg
983,Gris fläskkotlett rå fettkant 2 mm,Monosackarider,Kött färskt fryst tillagat ,0.0,g
983,Gris fläskkotlett rå fettkant 2 mm,"Sockerarter, totalt",Kött färskt fryst tillagat ,0.0,g
983,Gris fläskkotlett rå fettkant 2 mm,Summa enkelomättade fettsyror,Kött färskt fryst tillagat ,2.5,g
983,Gris fläskkotlett rå fettkant 2 mm,"Magnesium, Mg",Kött färskt fryst tillagat ,27.0,mg
983,Gris fläskkotlett rå fettkant 2 mm,Summa mättade fettsyror,Kött färskt fryst tillagat ,2.6,g
983,Gris fläskkotlett rå fettkant 2 mm,"Kolhydrater, tillgängliga",Kött färskt fryst tillagat ,0.0,g
983,Gris fläskkotlett rå fettkant 2 mm,Kolesterol,Kött färskt fryst tillagat ,58.0,mg
983,Gris fläskkotlett rå fettkant 2 mm,"Kalium, K",Kött färskt fryst tillagat ,373.0,mg
983,Gris fläskkotlett rå fettkant 2 mm,"Jod, I",Kött färskt fryst tillagat ,1.5,µg
983,Gris fläskkotlett rå fettkant 2 mm,Fullkorn totalt,Kött färskt fryst tillagat ,0.0,g
983,Gris fläskkotlett rå fettkant 2 mm,"Folat, totalt",Kött färskt fryst tillagat ,3.0,µg
983,Gris fläskkotlett rå fettkant 2 mm,Fibrer,Kött färskt fryst tillagat ,0.0,g
983,Gris fläskkotlett rå fettkant 2 mm,"Fett, totalt",Kött färskt fryst tillagat ,6.0,g
983,Gris fläskkotlett rå fettkant 2 mm,"Järn, Fe",Kött färskt fryst tillagat ,1.4,mg
983,Gris fläskkotlett rå fettkant 2 mm,Energi (kJ),Kött färskt fryst tillagat ,562.0,kJ
983,Gris fläskkotlett rå fettkant 2 mm,Energi (kcal),Kött färskt fryst tillagat ,134.0,kcal
983,Gris fläskkotlett rå fettkant 2 mm,Disackarider,Kött färskt fryst tillagat ,0.0,g
983,Gris fläskkotlett rå fettkant 2 mm,"Kalcium, Ca",Kött färskt fryst tillagat ,7.0,mg
983,Gris fläskkotlett rå fettkant 2 mm,Fettsyra 4:0-10:0,Kött färskt fryst tillagat ,0.0,g
983,Gris fläskkotlett rå fettkant 2 mm,DHA (C22:6),Kött färskt fryst tillagat ,0.0,g
983,Gris fläskkotlett rå fettkant 2 mm,DPA (C22:5),Kött färskt fryst tillagat ,0.0,g
983,Gris fläskkotlett rå fettkant 2 mm,EPA (C20:5),Kött färskt fryst tillagat ,0.0,g
983,Gris fläskkotlett rå fettkant 2 mm,Arakidonsyra C20:4,Kött färskt fryst tillagat ,0.0,g
983,Gris fläskkotlett rå fettkant 2 mm,Arakidinsyra C20:0,Kött färskt fryst tillagat ,0.0,g
983,Gris fläskkotlett rå fettkant 2 mm,Linolensyra C18:3,Kött färskt fryst tillagat ,0.0,g
983,Gris fläskkotlett rå fettkant 2 mm,Linolsyra C18:2,Kött färskt fryst tillagat ,0.5,g
983,Gris fläskkotlett rå fettkant 2 mm,Oljesyra C18:1,Kött färskt fryst tillagat ,2.2,g
983,Gris fläskkotlett rå fettkant 2 mm,Stearinsyra C18:0,Kött färskt fryst tillagat ,0.9,g
983,Gris fläskkotlett rå fettkant 2 mm,Palmitoljesyra C16:1,Kött färskt fryst tillagat ,0.2,g
983,Gris fläskkotlett rå fettkant 2 mm,Palmitinsyra C16:0,Kött färskt fryst tillagat ,1.5,g
983,Gris fläskkotlett rå fettkant 2 mm,Myristinsyra C14:0,Kött färskt fryst tillagat ,0.1,g
983,Gris fläskkotlett rå fettkant 2 mm,Laurinsyra C12:0,Kött färskt fryst tillagat ,0.0,g
983,Gris fläskkotlett rå fettkant 2 mm,Betakaroten/β-Karoten,Kött färskt fryst tillagat ,0.0,µg
983,Gris fläskkotlett rå fettkant 2 mm,Avfall (skal etc.),Kött färskt fryst tillagat ,25.0,%
983,Gris fläskkotlett rå fettkant 2 mm,Aska,Kött färskt fryst tillagat ,1.2,g
983,Gris fläskkotlett rå fettkant 2 mm,Alkohol,Kött färskt fryst tillagat ,0.0,g
984,Gris lägg putsad rå u. svål,"Zink, Zn",Kött färskt fryst tillagat ,2.2,mg
984,Gris lägg putsad rå u. svål,Vitamin E,Kött färskt fryst tillagat ,0.4,mg
984,Gris lägg putsad rå u. svål,Vitamin D,Kött färskt fryst tillagat ,0.57,µg
984,Gris lägg putsad rå u. svål,Vitamin C,Kött färskt fryst tillagat ,0.0,mg
984,Gris lägg putsad rå u. svål,Vitamin B6,Kött färskt fryst tillagat ,0.54,mg
984,Gris lägg putsad rå u. svål,Vitamin B12,Kött färskt fryst tillagat ,0.6,µg
984,Gris lägg putsad rå u. svål,Vitamin A,Kött färskt fryst tillagat ,9.0,RE/µg
984,Gris lägg putsad rå u. svål,Vatten,Kött färskt fryst tillagat ,74.1,g
984,Gris lägg putsad rå u. svål,Tiamin,Kött färskt fryst tillagat ,0.9,mg
984,Gris lägg putsad rå u. svål,Tillsatt socker,Kött färskt fryst tillagat ,0.0,g
984,Gris lägg putsad rå u. svål,Fritt socker,Kött färskt fryst tillagat ,0.0,g
984,Gris lägg putsad rå u. svål,"Selen, Se",Kött färskt fryst tillagat ,10.0,µg
984,Gris lägg putsad rå u. svål,Sackaros,Kött färskt fryst tillagat ,0.0,g
984,Gris lägg putsad rå u. svål,Riboflavin,Kött färskt fryst tillagat ,0.29,mg
984,Gris lägg putsad rå u. svål,Retinol,Kött färskt fryst tillagat ,9.0,µg
984,Gris lägg putsad rå u. svål,Protein,Kött färskt fryst tillagat ,19.7,g
984,Gris lägg putsad rå u. svål,Summa fleromättade fettsyror,Kött färskt fryst tillagat ,0.6,g
984,Gris lägg putsad rå u. svål,"Fosfor, P",Kött färskt fryst tillagat ,160.0,mg
984,Gris lägg putsad rå u. svål,Niacinekvivalenter,Kött färskt fryst tillagat ,12.42,NE/mg
984,Gris lägg putsad rå u. svål,Niacin,Kött färskt fryst tillagat ,8.81,mg
984,Gris lägg putsad rå u. svål,"Salt, NaCl",Kött färskt fryst tillagat ,0.2,g
984,Gris lägg putsad rå u. svål,"Natrium, Na",Kött färskt fryst tillagat ,76.0,mg
984,Gris lägg putsad rå u. svål,Monosackarider,Kött färskt fryst tillagat ,0.0,g
984,Gris lägg putsad rå u. svål,"Sockerarter, totalt",Kött färskt fryst tillagat ,0.0,g
984,Gris lägg putsad rå u. svål,Summa enkelomättade fettsyror,Kött färskt fryst tillagat ,2.1,g
984,Gris lägg putsad rå u. svål,"Magnesium, Mg",Kött färskt fryst tillagat ,27.0,mg
984,Gris lägg putsad rå u. svål,Summa mättade fettsyror,Kött färskt fryst tillagat ,2.2,g
984,Gris lägg putsad rå u. svål,"Kolhydrater, tillgängliga",Kött färskt fryst tillagat ,0.0,g
984,Gris lägg putsad rå u. svål,Kolesterol,Kött färskt fryst tillagat ,60.0,mg
984,Gris lägg putsad rå u. svål,"Kalium, K",Kött färskt fryst tillagat ,373.0,mg
984,Gris lägg putsad rå u. svål,"Jod, I",Kött färskt fryst tillagat ,1.0,µg
984,Gris lägg putsad rå u. svål,Fullkorn totalt,Kött färskt fryst tillagat ,0.0,g
984,Gris lägg putsad rå u. svål,"Folat, totalt",Kött färskt fryst tillagat ,3.0,µg
984,Gris lägg putsad rå u. svål,Fibrer,Kött färskt fryst tillagat ,0.0,g
984,Gris lägg putsad rå u. svål,"Fett, totalt",Kött färskt fryst tillagat ,5.2,g
984,Gris lägg putsad rå u. svål,"Järn, Fe",Kött färskt fryst tillagat ,1.4,mg
984,Gris lägg putsad rå u. svål,Energi (kJ),Kött färskt fryst tillagat ,527.0,kJ
984,Gris lägg putsad rå u. svål,Energi (kcal),Kött färskt fryst tillagat ,126.0,kcal
984,Gris lägg putsad rå u. svål,Disackarider,Kött färskt fryst tillagat ,0.0,g
984,Gris lägg putsad rå u. svål,"Kalcium, Ca",Kött färskt fryst tillagat ,7.0,mg
984,Gris lägg putsad rå u. svål,Fettsyra 4:0-10:0,Kött färskt fryst tillagat ,0.0,g
984,Gris lägg putsad rå u. svål,DHA (C22:6),Kött färskt fryst tillagat ,0.0,g
984,Gris lägg putsad rå u. svål,DPA (C22:5),Kött färskt fryst tillagat ,0.0,g
984,Gris lägg putsad rå u. svål,EPA (C20:5),Kött färskt fryst tillagat ,0.0,g
984,Gris lägg putsad rå u. svål,Arakidonsyra C20:4,Kött färskt fryst tillagat ,0.0,g
984,Gris lägg putsad rå u. svål,Arakidinsyra C20:0,Kött färskt fryst tillagat ,0.0,g
984,Gris lägg putsad rå u. svål,Linolensyra C18:3,Kött färskt fryst tillagat ,0.0,g
984,Gris lägg putsad rå u. svål,Linolsyra C18:2,Kött färskt fryst tillagat ,0.4,g
984,Gris lägg putsad rå u. svål,Oljesyra C18:1,Kött färskt fryst tillagat ,1.9,g
984,Gris lägg putsad rå u. svål,Stearinsyra C18:0,Kött färskt fryst tillagat ,0.8,g
984,Gris lägg putsad rå u. svål,Palmitoljesyra C16:1,Kött färskt fryst tillagat ,0.2,g
984,Gris lägg putsad rå u. svål,Palmitinsyra C16:0,Kött färskt fryst tillagat ,1.3,g
984,Gris lägg putsad rå u. svål,Myristinsyra C14:0,Kött färskt fryst tillagat ,0.1,g
984,Gris lägg putsad rå u. svål,Laurinsyra C12:0,Kött färskt fryst tillagat ,0.0,g
984,Gris lägg putsad rå u. svål,Betakaroten/β-Karoten,Kött färskt fryst tillagat ,0.0,µg
984,Gris lägg putsad rå u. svål,Avfall (skal etc.),Kött färskt fryst tillagat ,65.0,%
984,Gris lägg putsad rå u. svål,Aska,Kött färskt fryst tillagat ,1.0,g
984,Gris lägg putsad rå u. svål,Alkohol,Kött färskt fryst tillagat ,0.0,g
985,Gris sidfläsk bit rå m. svål,"Zink, Zn",Kött färskt fryst tillagat ,3.6,mg
985,Gris sidfläsk bit rå m. svål,Vitamin E,Kött färskt fryst tillagat ,0.4,mg
985,Gris sidfläsk bit rå m. svål,Vitamin D,Kött färskt fryst tillagat ,0.48,µg
985,Gris sidfläsk bit rå m. svål,Vitamin C,Kött färskt fryst tillagat ,0.0,mg
985,Gris sidfläsk bit rå m. svål,Vitamin B6,Kött färskt fryst tillagat ,0.26,mg
985,Gris sidfläsk bit rå m. svål,Vitamin B12,Kött färskt fryst tillagat ,0.65,µg
985,Gris sidfläsk bit rå m. svål,Vitamin A,Kött färskt fryst tillagat ,9.0,RE/µg
985,Gris sidfläsk bit rå m. svål,Vatten,Kött färskt fryst tillagat ,59.5,g
985,Gris sidfläsk bit rå m. svål,Tiamin,Kött färskt fryst tillagat ,0.48,mg
985,Gris sidfläsk bit rå m. svål,Tillsatt socker,Kött färskt fryst tillagat ,0.0,g
985,Gris sidfläsk bit rå m. svål,Fritt socker,Kött färskt fryst tillagat ,0.0,g
985,Gris sidfläsk bit rå m. svål,"Selen, Se",Kött färskt fryst tillagat ,6.9,µg
985,Gris sidfläsk bit rå m. svål,Sackaros,Kött färskt fryst tillagat ,0.0,g
985,Gris sidfläsk bit rå m. svål,Riboflavin,Kött färskt fryst tillagat ,0.18,mg
985,Gris sidfläsk bit rå m. svål,Retinol,Kött färskt fryst tillagat ,9.0,µg
985,Gris sidfläsk bit rå m. svål,Protein,Kött färskt fryst tillagat ,17.2,g
985,Gris sidfläsk bit rå m. svål,Summa fleromättade fettsyror,Kött färskt fryst tillagat ,2.5,g
985,Gris sidfläsk bit rå m. svål,"Fosfor, P",Kött färskt fryst tillagat ,200.0,mg
985,Gris sidfläsk bit rå m. svål,Niacinekvivalenter,Kött färskt fryst tillagat ,5.95,NE/mg
985,Gris sidfläsk bit rå m. svål,Niacin,Kött färskt fryst tillagat ,2.8,mg
985,Gris sidfläsk bit rå m. svål,"Salt, NaCl",Kött färskt fryst tillagat ,0.2,g
985,Gris sidfläsk bit rå m. svål,"Natrium, Na",Kött färskt fryst tillagat ,60.0,mg
985,Gris sidfläsk bit rå m. svål,Monosackarider,Kött färskt fryst tillagat ,0.0,g
985,Gris sidfläsk bit rå m. svål,"Sockerarter, totalt",Kött färskt fryst tillagat ,0.0,g
985,Gris sidfläsk bit rå m. svål,Summa enkelomättade fettsyror,Kött färskt fryst tillagat ,9.2,g
985,Gris sidfläsk bit rå m. svål,"Magnesium, Mg",Kött färskt fryst tillagat ,14.0,mg
985,Gris sidfläsk bit rå m. svål,Summa mättade fettsyror,Kött färskt fryst tillagat ,9.7,g
985,Gris sidfläsk bit rå m. svål,"Kolhydrater, tillgängliga",Kött färskt fryst tillagat ,0.0,g
985,Gris sidfläsk bit rå m. svål,Kolesterol,Kött färskt fryst tillagat ,67.0,mg
985,Gris sidfläsk bit rå m. svål,"Kalium, K",Kött färskt fryst tillagat ,200.0,mg
985,Gris sidfläsk bit rå m. svål,"Jod, I",Kött färskt fryst tillagat ,0.0,µg
985,Gris sidfläsk bit rå m. svål,Fullkorn totalt,Kött färskt fryst tillagat ,0.0,g
985,Gris sidfläsk bit rå m. svål,"Folat, totalt",Kött färskt fryst tillagat ,1.5,µg
985,Gris sidfläsk bit rå m. svål,Fibrer,Kött färskt fryst tillagat ,0.0,g
985,Gris sidfläsk bit rå m. svål,"Fett, totalt",Kött färskt fryst tillagat ,22.4,g
985,Gris sidfläsk bit rå m. svål,"Järn, Fe",Kött färskt fryst tillagat ,0.5,mg
985,Gris sidfläsk bit rå m. svål,Energi (kJ),Kött färskt fryst tillagat ,1121.0,kJ
985,Gris sidfläsk bit rå m. svål,Energi (kcal),Kött färskt fryst tillagat ,268.0,kcal
985,Gris sidfläsk bit rå m. svål,Disackarider,Kött färskt fryst tillagat ,0.0,g
985,Gris sidfläsk bit rå m. svål,"Kalcium, Ca",Kött färskt fryst tillagat ,6.0,mg
985,Gris sidfläsk bit rå m. svål,Fettsyra 4:0-10:0,Kött färskt fryst tillagat ,0.0,g
985,Gris sidfläsk bit rå m. svål,DHA (C22:6),Kött färskt fryst tillagat ,0.1,g
985,Gris sidfläsk bit rå m. svål,DPA (C22:5),Kött färskt fryst tillagat ,0.1,g
985,Gris sidfläsk bit rå m. svål,EPA (C20:5),Kött färskt fryst tillagat ,0.0,g
985,Gris sidfläsk bit rå m. svål,Arakidonsyra C20:4,Kött färskt fryst tillagat ,0.1,g
985,Gris sidfläsk bit rå m. svål,Arakidinsyra C20:0,Kött färskt fryst tillagat ,0.1,g
985,Gris sidfläsk bit rå m. svål,Linolensyra C18:3,Kött färskt fryst tillagat ,0.1,g
985,Gris sidfläsk bit rå m. svål,Linolsyra C18:2,Kött färskt fryst tillagat ,1.9,g
985,Gris sidfläsk bit rå m. svål,Oljesyra C18:1,Kött färskt fryst tillagat ,8.1,g
985,Gris sidfläsk bit rå m. svål,Stearinsyra C18:0,Kött färskt fryst tillagat ,3.4,g
985,Gris sidfläsk bit rå m. svål,Palmitoljesyra C16:1,Kött färskt fryst tillagat ,0.7,g
985,Gris sidfläsk bit rå m. svål,Palmitinsyra C16:0,Kött färskt fryst tillagat ,5.7,g
985,Gris sidfläsk bit rå m. svål,Myristinsyra C14:0,Kött färskt fryst tillagat ,0.4,g
985,Gris sidfläsk bit rå m. svål,Laurinsyra C12:0,Kött färskt fryst tillagat ,0.0,g
985,Gris sidfläsk bit rå m. svål,Betakaroten/β-Karoten,Kött färskt fryst tillagat ,0.0,µg
985,Gris sidfläsk bit rå m. svål,Avfall (skal etc.),Kött färskt fryst tillagat ,0.0,%
985,Gris sidfläsk bit rå m. svål,Aska,Kött färskt fryst tillagat ,0.9,g
985,Gris sidfläsk bit rå m. svål,Alkohol,Kött färskt fryst tillagat ,0.0,g
986,Gris stekfläsk sida skiva rå m. svål,"Zink, Zn",Kött färskt fryst tillagat ,3.6,mg
986,Gris stekfläsk sida skiva rå m. svål,Vitamin E,Kött färskt fryst tillagat ,0.4,mg
986,Gris stekfläsk sida skiva rå m. svål,Vitamin D,Kött färskt fryst tillagat ,0.48,µg
986,Gris stekfläsk sida skiva rå m. svål,Vitamin C,Kött färskt fryst tillagat ,0.0,mg
986,Gris stekfläsk sida skiva rå m. svål,Vitamin B6,Kött färskt fryst tillagat ,0.26,mg
986,Gris stekfläsk sida skiva rå m. svål,Vitamin B12,Kött färskt fryst tillagat ,0.65,µg
986,Gris stekfläsk sida skiva rå m. svål,Vitamin A,Kött färskt fryst tillagat ,9.0,RE/µg
986,Gris stekfläsk sida skiva rå m. svål,Vatten,Kött färskt fryst tillagat ,61.3,g
986,Gris stekfläsk sida skiva rå m. svål,Tiamin,Kött färskt fryst tillagat ,0.48,mg
986,Gris stekfläsk sida skiva rå m. svål,Tillsatt socker,Kött färskt fryst tillagat ,0.0,g
986,Gris stekfläsk sida skiva rå m. svål,Fritt socker,Kött färskt fryst tillagat ,0.0,g
986,Gris stekfläsk sida skiva rå m. svål,"Selen, Se",Kött färskt fryst tillagat ,6.9,µg
986,Gris stekfläsk sida skiva rå m. svål,Sackaros,Kött färskt fryst tillagat ,0.0,g
986,Gris stekfläsk sida skiva rå m. svål,Riboflavin,Kött färskt fryst tillagat ,0.18,mg
986,Gris stekfläsk sida skiva rå m. svål,Retinol,Kött färskt fryst tillagat ,9.0,µg
986,Gris stekfläsk sida skiva rå m. svål,Protein,Kött färskt fryst tillagat ,17.1,g
986,Gris stekfläsk sida skiva rå m. svål,Summa fleromättade fettsyror,Kött färskt fryst tillagat ,2.3,g
986,Gris stekfläsk sida skiva rå m. svål,"Fosfor, P",Kött färskt fryst tillagat ,200.0,mg
986,Gris stekfläsk sida skiva rå m. svål,Niacinekvivalenter,Kött färskt fryst tillagat ,5.94,NE/mg
986,Gris stekfläsk sida skiva rå m. svål,Niacin,Kött färskt fryst tillagat ,2.8,mg
986,Gris stekfläsk sida skiva rå m. svål,"Salt, NaCl",Kött färskt fryst tillagat ,0.2,g
986,Gris stekfläsk sida skiva rå m. svål,"Natrium, Na",Kött färskt fryst tillagat ,60.0,mg
986,Gris stekfläsk sida skiva rå m. svål,Monosackarider,Kött färskt fryst tillagat ,0.0,g
986,Gris stekfläsk sida skiva rå m. svål,"Sockerarter, totalt",Kött färskt fryst tillagat ,0.0,g
986,Gris stekfläsk sida skiva rå m. svål,Summa enkelomättade fettsyror,Kött färskt fryst tillagat ,8.4,g
986,Gris stekfläsk sida skiva rå m. svål,"Magnesium, Mg",Kött färskt fryst tillagat ,14.0,mg
986,Gris stekfläsk sida skiva rå m. svål,Summa mättade fettsyror,Kött färskt fryst tillagat ,8.8,g
986,Gris stekfläsk sida skiva rå m. svål,"Kolhydrater, tillgängliga",Kött färskt fryst tillagat ,0.0,g
986,Gris stekfläsk sida skiva rå m. svål,Kolesterol,Kött färskt fryst tillagat ,67.0,mg
986,Gris stekfläsk sida skiva rå m. svål,"Kalium, K",Kött färskt fryst tillagat ,200.0,mg
986,Gris stekfläsk sida skiva rå m. svål,"Jod, I",Kött färskt fryst tillagat ,0.0,µg
986,Gris stekfläsk sida skiva rå m. svål,Fullkorn totalt,Kött färskt fryst tillagat ,0.0,g
986,Gris stekfläsk sida skiva rå m. svål,"Folat, totalt",Kött färskt fryst tillagat ,1.5,µg
986,Gris stekfläsk sida skiva rå m. svål,Fibrer,Kött färskt fryst tillagat ,0.0,g
986,Gris stekfläsk sida skiva rå m. svål,"Fett, totalt",Kött färskt fryst tillagat ,20.7,g
986,Gris stekfläsk sida skiva rå m. svål,"Järn, Fe",Kött färskt fryst tillagat ,0.5,mg
986,Gris stekfläsk sida skiva rå m. svål,Energi (kJ),Kött färskt fryst tillagat ,1057.0,kJ
986,Gris stekfläsk sida skiva rå m. svål,Energi (kcal),Kött färskt fryst tillagat ,252.0,kcal
986,Gris stekfläsk sida skiva rå m. svål,Disackarider,Kött färskt fryst tillagat ,0.0,g
986,Gris stekfläsk sida skiva rå m. svål,"Kalcium, Ca",Kött färskt fryst tillagat ,6.0,mg
986,Gris stekfläsk sida skiva rå m. svål,Fettsyra 4:0-10:0,Kött färskt fryst tillagat ,0.0,g
986,Gris stekfläsk sida skiva rå m. svål,DHA (C22:6),Kött färskt fryst tillagat ,0.1,g
986,Gris stekfläsk sida skiva rå m. svål,DPA (C22:5),Kött färskt fryst tillagat ,0.1,g
986,Gris stekfläsk sida skiva rå m. svål,EPA (C20:5),Kött färskt fryst tillagat ,0.0,g
986,Gris stekfläsk sida skiva rå m. svål,Arakidonsyra C20:4,Kött färskt fryst tillagat ,0.1,g
986,Gris stekfläsk sida skiva rå m. svål,Arakidinsyra C20:0,Kött färskt fryst tillagat ,0.1,g
986,Gris stekfläsk sida skiva rå m. svål,Linolensyra C18:3,Kött färskt fryst tillagat ,0.1,g
986,Gris stekfläsk sida skiva rå m. svål,Linolsyra C18:2,Kött färskt fryst tillagat ,1.7,g
986,Gris stekfläsk sida skiva rå m. svål,Oljesyra C18:1,Kött färskt fryst tillagat ,7.4,g
986,Gris stekfläsk sida skiva rå m. svål,Stearinsyra C18:0,Kött färskt fryst tillagat ,3.1,g
986,Gris stekfläsk sida skiva rå m. svål,Palmitoljesyra C16:1,Kött färskt fryst tillagat ,0.7,g
986,Gris stekfläsk sida skiva rå m. svål,Palmitinsyra C16:0,Kött färskt fryst tillagat ,5.2,g
986,Gris stekfläsk sida skiva rå m. svål,Myristinsyra C14:0,Kött färskt fryst tillagat ,0.4,g
986,Gris stekfläsk sida skiva rå m. svål,Laurinsyra C12:0,Kött färskt fryst tillagat ,0.0,g
986,Gris stekfläsk sida skiva rå m. svål,Betakaroten/β-Karoten,Kött färskt fryst tillagat ,0.0,µg
986,Gris stekfläsk sida skiva rå m. svål,Avfall (skal etc.),Kött färskt fryst tillagat ,0.0,%
986,Gris stekfläsk sida skiva rå m. svål,Aska,Kött färskt fryst tillagat ,0.9,g
986,Gris stekfläsk sida skiva rå m. svål,Alkohol,Kött färskt fryst tillagat ,0.0,g
987,Gris flintastek rå m. svål,"Zink, Zn",Kött färskt fryst tillagat ,2.9,mg
987,Gris flintastek rå m. svål,Vitamin E,Kött färskt fryst tillagat ,0.4,mg
987,Gris flintastek rå m. svål,Vitamin D,Kött färskt fryst tillagat ,0.57,µg
987,Gris flintastek rå m. svål,Vitamin C,Kött färskt fryst tillagat ,0.0,mg
987,Gris flintastek rå m. svål,Vitamin B6,Kött färskt fryst tillagat ,0.54,mg
987,Gris flintastek rå m. svål,Vitamin B12,Kött färskt fryst tillagat ,0.68,µg
987,Gris flintastek rå m. svål,Vitamin A,Kött färskt fryst tillagat ,9.0,RE/µg
987,Gris flintastek rå m. svål,Vatten,Kött färskt fryst tillagat ,67.1,g
987,Gris flintastek rå m. svål,Tiamin,Kött färskt fryst tillagat ,0.91,mg
987,Gris flintastek rå m. svål,Tillsatt socker,Kött färskt fryst tillagat ,0.0,g
987,Gris flintastek rå m. svål,Fritt socker,Kött färskt fryst tillagat ,0.0,g
987,Gris flintastek rå m. svål,"Selen, Se",Kött färskt fryst tillagat ,10.0,µg
987,Gris flintastek rå m. svål,Sackaros,Kött färskt fryst tillagat ,0.0,g
987,Gris flintastek rå m. svål,Riboflavin,Kött färskt fryst tillagat ,0.36,mg
987,Gris flintastek rå m. svål,Retinol,Kött färskt fryst tillagat ,9.0,µg
987,Gris flintastek rå m. svål,Protein,Kött färskt fryst tillagat ,18.8,g
987,Gris flintastek rå m. svål,Summa fleromättade fettsyror,Kött färskt fryst tillagat ,1.4,g
987,Gris flintastek rå m. svål,"Fosfor, P",Kött färskt fryst tillagat ,182.0,mg
987,Gris flintastek rå m. svål,Niacinekvivalenter,Kött färskt fryst tillagat ,9.04,NE/mg
987,Gris flintastek rå m. svål,Niacin,Kött färskt fryst tillagat ,5.59,mg
987,Gris flintastek rå m. svål,"Salt, NaCl",Kött färskt fryst tillagat ,0.2,g
987,Gris flintastek rå m. svål,"Natrium, Na",Kött färskt fryst tillagat ,62.0,mg
987,Gris flintastek rå m. svål,Monosackarider,Kött färskt fryst tillagat ,0.0,g
987,Gris flintastek rå m. svål,"Sockerarter, totalt",Kött färskt fryst tillagat ,0.0,g
987,Gris flintastek rå m. svål,Summa enkelomättade fettsyror,Kött färskt fryst tillagat ,5.3,g
987,Gris flintastek rå m. svål,"Magnesium, Mg",Kött färskt fryst tillagat ,27.0,mg
987,Gris flintastek rå m. svål,Summa mättade fettsyror,Kött färskt fryst tillagat ,5.6,g
987,Gris flintastek rå m. svål,"Kolhydrater, tillgängliga",Kött färskt fryst tillagat ,0.0,g
987,Gris flintastek rå m. svål,Kolesterol,Kött färskt fryst tillagat ,58.0,mg
987,Gris flintastek rå m. svål,"Kalium, K",Kött färskt fryst tillagat ,325.0,mg
987,Gris flintastek rå m. svål,"Jod, I",Kött färskt fryst tillagat ,0.0,µg
987,Gris flintastek rå m. svål,Fullkorn totalt,Kött färskt fryst tillagat ,0.0,g
987,Gris flintastek rå m. svål,"Folat, totalt",Kött färskt fryst tillagat ,7.0,µg
987,Gris flintastek rå m. svål,Fibrer,Kött färskt fryst tillagat ,0.0,g
987,Gris flintastek rå m. svål,"Fett, totalt",Kött färskt fryst tillagat ,13.0,g
987,Gris flintastek rå m. svål,"Järn, Fe",Kött färskt fryst tillagat ,1.5,mg
987,Gris flintastek rå m. svål,Energi (kJ),Kött färskt fryst tillagat ,801.0,kJ
987,Gris flintastek rå m. svål,Energi (kcal),Kött färskt fryst tillagat ,191.0,kcal
987,Gris flintastek rå m. svål,Disackarider,Kött färskt fryst tillagat ,0.0,g
987,Gris flintastek rå m. svål,"Kalcium, Ca",Kött färskt fryst tillagat ,6.0,mg
987,Gris flintastek rå m. svål,Fettsyra 4:0-10:0,Kött färskt fryst tillagat ,0.0,g
987,Gris flintastek rå m. svål,DHA (C22:6),Kött färskt fryst tillagat ,0.0,g
987,Gris flintastek rå m. svål,DPA (C22:5),Kött färskt fryst tillagat ,0.0,g
987,Gris flintastek rå m. svål,EPA (C20:5),Kött färskt fryst tillagat ,0.0,g
987,Gris flintastek rå m. svål,Arakidonsyra C20:4,Kött färskt fryst tillagat ,0.0,g
987,Gris flintastek rå m. svål,Arakidinsyra C20:0,Kött färskt fryst tillagat ,0.0,g
987,Gris flintastek rå m. svål,Linolensyra C18:3,Kött färskt fryst tillagat ,0.1,g
987,Gris flintastek rå m. svål,Linolsyra C18:2,Kött färskt fryst tillagat ,1.1,g
987,Gris flintastek rå m. svål,Oljesyra C18:1,Kött färskt fryst tillagat ,4.7,g
987,Gris flintastek rå m. svål,Stearinsyra C18:0,Kött färskt fryst tillagat ,2.0,g
987,Gris flintastek rå m. svål,Palmitoljesyra C16:1,Kött färskt fryst tillagat ,0.4,g
987,Gris flintastek rå m. svål,Palmitinsyra C16:0,Kött färskt fryst tillagat ,3.3,g
987,Gris flintastek rå m. svål,Myristinsyra C14:0,Kött färskt fryst tillagat ,0.2,g
987,Gris flintastek rå m. svål,Laurinsyra C12:0,Kött färskt fryst tillagat ,0.0,g
987,Gris flintastek rå m. svål,Betakaroten/β-Karoten,Kött färskt fryst tillagat ,0.0,µg
987,Gris flintastek rå m. svål,Avfall (skal etc.),Kött färskt fryst tillagat ,25.0,%
987,Gris flintastek rå m. svål,Aska,Kött färskt fryst tillagat ,1.1,g
987,Gris flintastek rå m. svål,Alkohol,Kött färskt fryst tillagat ,0.0,g
988,Gris skinka innanlår rå,"Zink, Zn",Kött färskt fryst tillagat ,1.7,mg
988,Gris skinka innanlår rå,Vitamin E,Kött färskt fryst tillagat ,0.4,mg
988,Gris skinka innanlår rå,Vitamin D,Kött färskt fryst tillagat ,0.57,µg
988,Gris skinka innanlår rå,Vitamin C,Kött färskt fryst tillagat ,0.0,mg
988,Gris skinka innanlår rå,Vitamin B6,Kött färskt fryst tillagat ,0.54,mg
988,Gris skinka innanlår rå,Vitamin B12,Kött färskt fryst tillagat ,0.76,µg
988,Gris skinka innanlår rå,Vitamin A,Kött färskt fryst tillagat ,9.0,RE/µg
988,Gris skinka innanlår rå,Vatten,Kött färskt fryst tillagat ,76.1,g
988,Gris skinka innanlår rå,Tiamin,Kött färskt fryst tillagat ,0.83,mg
988,Gris skinka innanlår rå,Tillsatt socker,Kött färskt fryst tillagat ,0.0,g
988,Gris skinka innanlår rå,Fritt socker,Kött färskt fryst tillagat ,0.0,g
988,Gris skinka innanlår rå,"Selen, Se",Kött färskt fryst tillagat ,12.0,µg
988,Gris skinka innanlår rå,Sackaros,Kött färskt fryst tillagat ,0.0,g
988,Gris skinka innanlår rå,Riboflavin,Kött färskt fryst tillagat ,0.25,mg
988,Gris skinka innanlår rå,Retinol,Kött färskt fryst tillagat ,9.0,µg
988,Gris skinka innanlår rå,Protein,Kött färskt fryst tillagat ,20.8,g
988,Gris skinka innanlår rå,Summa fleromättade fettsyror,Kött färskt fryst tillagat ,0.2,g
988,Gris skinka innanlår rå,"Fosfor, P",Kött färskt fryst tillagat ,175.0,mg
988,Gris skinka innanlår rå,Niacinekvivalenter,Kött färskt fryst tillagat ,12.35,NE/mg
988,Gris skinka innanlår rå,Niacin,Kött färskt fryst tillagat ,8.54,mg
988,Gris skinka innanlår rå,"Salt, NaCl",Kött färskt fryst tillagat ,0.2,g
988,Gris skinka innanlår rå,"Natrium, Na",Kött färskt fryst tillagat ,66.0,mg
988,Gris skinka innanlår rå,Monosackarider,Kött färskt fryst tillagat ,0.0,g
988,Gris skinka innanlår rå,"Sockerarter, totalt",Kött färskt fryst tillagat ,0.0,g
988,Gris skinka innanlår rå,Summa enkelomättade fettsyror,Kött färskt fryst tillagat ,0.8,g
988,Gris skinka innanlår rå,"Magnesium, Mg",Kött färskt fryst tillagat ,27.0,mg
988,Gris skinka innanlår rå,Summa mättade fettsyror,Kött färskt fryst tillagat ,0.7,g
988,Gris skinka innanlår rå,"Kolhydrater, tillgängliga",Kött färskt fryst tillagat ,0.0,g
988,Gris skinka innanlår rå,Kolesterol,Kött färskt fryst tillagat ,50.0,mg
988,Gris skinka innanlår rå,"Kalium, K",Kött färskt fryst tillagat ,373.0,mg
988,Gris skinka innanlår rå,"Jod, I",Kött färskt fryst tillagat ,0.0,µg
988,Gris skinka innanlår rå,Fullkorn totalt,Kött färskt fryst tillagat ,0.0,g
988,Gris skinka innanlår rå,"Folat, totalt",Kött färskt fryst tillagat ,3.0,µg
988,Gris skinka innanlår rå,Fibrer,Kött färskt fryst tillagat ,0.0,g
988,Gris skinka innanlår rå,"Fett, totalt",Kött färskt fryst tillagat ,1.8,g
988,Gris skinka innanlår rå,"Järn, Fe",Kött färskt fryst tillagat ,1.4,mg
988,Gris skinka innanlår rå,Energi (kJ),Kött färskt fryst tillagat ,420.0,kJ
988,Gris skinka innanlår rå,Energi (kcal),Kött färskt fryst tillagat ,100.0,kcal
988,Gris skinka innanlår rå,Disackarider,Kött färskt fryst tillagat ,0.0,g
988,Gris skinka innanlår rå,"Kalcium, Ca",Kött färskt fryst tillagat ,6.0,mg
988,Gris skinka innanlår rå,Fettsyra 4:0-10:0,Kött färskt fryst tillagat ,0.0,g
988,Gris skinka innanlår rå,DHA (C22:6),Kött färskt fryst tillagat ,0.0,g
988,Gris skinka innanlår rå,DPA (C22:5),Kött färskt fryst tillagat ,0.0,g
988,Gris skinka innanlår rå,EPA (C20:5),Kött färskt fryst tillagat ,0.0,g
988,Gris skinka innanlår rå,Arakidonsyra C20:4,Kött färskt fryst tillagat ,0.0,g
988,Gris skinka innanlår rå,Arakidinsyra C20:0,Kött färskt fryst tillagat ,0.0,g
988,Gris skinka innanlår rå,Linolensyra C18:3,Kött färskt fryst tillagat ,0.0,g
988,Gris skinka innanlår rå,Linolsyra C18:2,Kött färskt fryst tillagat ,0.1,g
988,Gris skinka innanlår rå,Oljesyra C18:1,Kött färskt fryst tillagat ,0.7,g
988,Gris skinka innanlår rå,Stearinsyra C18:0,Kött färskt fryst tillagat ,0.2,g
988,Gris skinka innanlår rå,Palmitoljesyra C16:1,Kött färskt fryst tillagat ,0.1,g
988,Gris skinka innanlår rå,Palmitinsyra C16:0,Kött färskt fryst tillagat ,0.4,g
988,Gris skinka innanlår rå,Myristinsyra C14:0,Kött färskt fryst tillagat ,0.0,g
988,Gris skinka innanlår rå,Laurinsyra C12:0,Kött färskt fryst tillagat ,0.0,g
988,Gris skinka innanlår rå,Betakaroten/β-Karoten,Kött färskt fryst tillagat ,0.0,µg
988,Gris skinka innanlår rå,Avfall (skal etc.),Kött färskt fryst tillagat ,0.0,%
988,Gris skinka innanlår rå,Aska,Kött färskt fryst tillagat ,1.3,g
988,Gris skinka innanlår rå,Alkohol,Kött färskt fryst tillagat ,0.0,g
989,Gris skinka fransyska rå,"Zink, Zn",Kött färskt fryst tillagat ,1.7,mg
989,Gris skinka fransyska rå,Vitamin E,Kött färskt fryst tillagat ,0.4,mg
989,Gris skinka fransyska rå,Vitamin D,Kött färskt fryst tillagat ,0.57,µg
989,Gris skinka fransyska rå,Vitamin C,Kött färskt fryst tillagat ,0.0,mg
989,Gris skinka fransyska rå,Vitamin B6,Kött färskt fryst tillagat ,0.54,mg
989,Gris skinka fransyska rå,Vitamin B12,Kött färskt fryst tillagat ,0.76,µg
989,Gris skinka fransyska rå,Vitamin A,Kött färskt fryst tillagat ,9.0,RE/µg
989,Gris skinka fransyska rå,Vatten,Kött färskt fryst tillagat ,76.7,g
989,Gris skinka fransyska rå,Tiamin,Kött färskt fryst tillagat ,0.83,mg
989,Gris skinka fransyska rå,Tillsatt socker,Kött färskt fryst tillagat ,0.0,g
989,Gris skinka fransyska rå,Fritt socker,Kött färskt fryst tillagat ,0.0,g
989,Gris skinka fransyska rå,"Selen, Se",Kött färskt fryst tillagat ,12.0,µg
989,Gris skinka fransyska rå,Sackaros,Kött färskt fryst tillagat ,0.0,g
989,Gris skinka fransyska rå,Riboflavin,Kött färskt fryst tillagat ,0.25,mg
989,Gris skinka fransyska rå,Retinol,Kött färskt fryst tillagat ,9.0,µg
989,Gris skinka fransyska rå,Protein,Kött färskt fryst tillagat ,19.8,g
989,Gris skinka fransyska rå,Summa fleromättade fettsyror,Kött färskt fryst tillagat ,0.2,g
989,Gris skinka fransyska rå,"Fosfor, P",Kött färskt fryst tillagat ,175.0,mg
989,Gris skinka fransyska rå,Niacinekvivalenter,Kött färskt fryst tillagat ,12.17,NE/mg
989,Gris skinka fransyska rå,Niacin,Kött färskt fryst tillagat ,8.54,mg
989,Gris skinka fransyska rå,"Salt, NaCl",Kött färskt fryst tillagat ,0.2,g
989,Gris skinka fransyska rå,"Natrium, Na",Kött färskt fryst tillagat ,66.0,mg
989,Gris skinka fransyska rå,Monosackarider,Kött färskt fryst tillagat ,0.0,g
989,Gris skinka fransyska rå,"Sockerarter, totalt",Kött färskt fryst tillagat ,0.0,g
989,Gris skinka fransyska rå,Summa enkelomättade fettsyror,Kött färskt fryst tillagat ,1.0,g
989,Gris skinka fransyska rå,"Magnesium, Mg",Kött färskt fryst tillagat ,27.0,mg
989,Gris skinka fransyska rå,Summa mättade fettsyror,Kött färskt fryst tillagat ,0.8,g
989,Gris skinka fransyska rå,"Kolhydrater, tillgängliga",Kött färskt fryst tillagat ,0.0,g
989,Gris skinka fransyska rå,Kolesterol,Kött färskt fryst tillagat ,50.0,mg
989,Gris skinka fransyska rå,"Kalium, K",Kött färskt fryst tillagat ,373.0,mg
989,Gris skinka fransyska rå,"Jod, I",Kött färskt fryst tillagat ,0.0,µg
989,Gris skinka fransyska rå,Fullkorn totalt,Kött färskt fryst tillagat ,0.0,g
989,Gris skinka fransyska rå,"Folat, totalt",Kött färskt fryst tillagat ,3.0,µg
989,Gris skinka fransyska rå,Fibrer,Kött färskt fryst tillagat ,0.0,g
989,Gris skinka fransyska rå,"Fett, totalt",Kött färskt fryst tillagat ,2.3,g
989,Gris skinka fransyska rå,"Järn, Fe",Kött färskt fryst tillagat ,1.4,mg
989,Gris skinka fransyska rå,Energi (kJ),Kött färskt fryst tillagat ,422.0,kJ
989,Gris skinka fransyska rå,Energi (kcal),Kött färskt fryst tillagat ,101.0,kcal
989,Gris skinka fransyska rå,Disackarider,Kött färskt fryst tillagat ,0.0,g
989,Gris skinka fransyska rå,"Kalcium, Ca",Kött färskt fryst tillagat ,6.0,mg
989,Gris skinka fransyska rå,Fettsyra 4:0-10:0,Kött färskt fryst tillagat ,0.0,g
989,Gris skinka fransyska rå,DHA (C22:6),Kött färskt fryst tillagat ,0.0,g
989,Gris skinka fransyska rå,DPA (C22:5),Kött färskt fryst tillagat ,0.0,g
989,Gris skinka fransyska rå,EPA (C20:5),Kött färskt fryst tillagat ,0.0,g
989,Gris skinka fransyska rå,Arakidonsyra C20:4,Kött färskt fryst tillagat ,0.0,g
989,Gris skinka fransyska rå,Arakidinsyra C20:0,Kött färskt fryst tillagat ,0.0,g
989,Gris skinka fransyska rå,Linolensyra C18:3,Kött färskt fryst tillagat ,0.0,g
989,Gris skinka fransyska rå,Linolsyra C18:2,Kött färskt fryst tillagat ,0.2,g
989,Gris skinka fransyska rå,Oljesyra C18:1,Kött färskt fryst tillagat ,0.9,g
989,Gris skinka fransyska rå,Stearinsyra C18:0,Kött färskt fryst tillagat ,0.3,g
989,Gris skinka fransyska rå,Palmitoljesyra C16:1,Kött färskt fryst tillagat ,0.1,g
989,Gris skinka fransyska rå,Palmitinsyra C16:0,Kött färskt fryst tillagat ,0.5,g
989,Gris skinka fransyska rå,Myristinsyra C14:0,Kött färskt fryst tillagat ,0.0,g
989,Gris skinka fransyska rå,Laurinsyra C12:0,Kött färskt fryst tillagat ,0.0,g
989,Gris skinka fransyska rå,Betakaroten/β-Karoten,Kött färskt fryst tillagat ,0.0,µg
989,Gris skinka fransyska rå,Avfall (skal etc.),Kött färskt fryst tillagat ,0.0,%
989,Gris skinka fransyska rå,Aska,Kött färskt fryst tillagat ,1.2,g
989,Gris skinka fransyska rå,Alkohol,Kött färskt fryst tillagat ,0.0,g
990,Gris skinka ytterlår rå,"Zink, Zn",Kött färskt fryst tillagat ,2.2,mg
990,Gris skinka ytterlår rå,Vitamin E,Kött färskt fryst tillagat ,0.4,mg
990,Gris skinka ytterlår rå,Vitamin D,Kött färskt fryst tillagat ,0.57,µg
990,Gris skinka ytterlår rå,Vitamin C,Kött färskt fryst tillagat ,0.0,mg
990,Gris skinka ytterlår rå,Vitamin B6,Kött färskt fryst tillagat ,0.54,mg
990,Gris skinka ytterlår rå,Vitamin B12,Kött färskt fryst tillagat ,0.6,µg
990,Gris skinka ytterlår rå,Vitamin A,Kött färskt fryst tillagat ,9.0,RE/µg
990,Gris skinka ytterlår rå,Vatten,Kött färskt fryst tillagat ,74.2,g
990,Gris skinka ytterlår rå,Tiamin,Kött färskt fryst tillagat ,0.9,mg
990,Gris skinka ytterlår rå,Tillsatt socker,Kött färskt fryst tillagat ,0.0,g
990,Gris skinka ytterlår rå,Fritt socker,Kött färskt fryst tillagat ,0.0,g
990,Gris skinka ytterlår rå,"Selen, Se",Kött färskt fryst tillagat ,10.0,µg
990,Gris skinka ytterlår rå,Sackaros,Kött färskt fryst tillagat ,0.0,g
990,Gris skinka ytterlår rå,Riboflavin,Kött färskt fryst tillagat ,0.29,mg
990,Gris skinka ytterlår rå,Retinol,Kött färskt fryst tillagat ,9.0,µg
990,Gris skinka ytterlår rå,Protein,Kött färskt fryst tillagat ,19.7,g
990,Gris skinka ytterlår rå,Summa fleromättade fettsyror,Kött färskt fryst tillagat ,0.5,g
990,Gris skinka ytterlår rå,"Fosfor, P",Kött färskt fryst tillagat ,175.0,mg
990,Gris skinka ytterlår rå,Niacinekvivalenter,Kött färskt fryst tillagat ,12.42,NE/mg
990,Gris skinka ytterlår rå,Niacin,Kött färskt fryst tillagat ,8.81,mg
990,Gris skinka ytterlår rå,"Salt, NaCl",Kött färskt fryst tillagat ,0.2,g
990,Gris skinka ytterlår rå,"Natrium, Na",Kött färskt fryst tillagat ,66.0,mg
990,Gris skinka ytterlår rå,Monosackarider,Kött färskt fryst tillagat ,0.0,g
990,Gris skinka ytterlår rå,"Sockerarter, totalt",Kött färskt fryst tillagat ,0.0,g
990,Gris skinka ytterlår rå,Summa enkelomättade fettsyror,Kött färskt fryst tillagat ,2.0,g
990,Gris skinka ytterlår rå,"Magnesium, Mg",Kött färskt fryst tillagat ,27.0,mg
990,Gris skinka ytterlår rå,Summa mättade fettsyror,Kött färskt fryst tillagat ,2.1,g
990,Gris skinka ytterlår rå,"Kolhydrater, tillgängliga",Kött färskt fryst tillagat ,0.0,g
990,Gris skinka ytterlår rå,Kolesterol,Kött färskt fryst tillagat ,58.0,mg
990,Gris skinka ytterlår rå,"Kalium, K",Kött färskt fryst tillagat ,373.0,mg
990,Gris skinka ytterlår rå,"Jod, I",Kött färskt fryst tillagat ,0.0,µg
990,Gris skinka ytterlår rå,Fullkorn totalt,Kött färskt fryst tillagat ,0.0,g
990,Gris skinka ytterlår rå,"Folat, totalt",Kött färskt fryst tillagat ,3.0,µg
990,Gris skinka ytterlår rå,Fibrer,Kött färskt fryst tillagat ,0.0,g
990,Gris skinka ytterlår rå,"Fett, totalt",Kött färskt fryst tillagat ,4.9,g
990,Gris skinka ytterlår rå,"Järn, Fe",Kött färskt fryst tillagat ,1.4,mg
990,Gris skinka ytterlår rå,Energi (kJ),Kött färskt fryst tillagat ,516.0,kJ
990,Gris skinka ytterlår rå,Energi (kcal),Kött färskt fryst tillagat ,123.0,kcal
990,Gris skinka ytterlår rå,Disackarider,Kött färskt fryst tillagat ,0.0,g
990,Gris skinka ytterlår rå,"Kalcium, Ca",Kött färskt fryst tillagat ,6.0,mg
990,Gris skinka ytterlår rå,Fettsyra 4:0-10:0,Kött färskt fryst tillagat ,0.0,g
990,Gris skinka ytterlår rå,DHA (C22:6),Kött färskt fryst tillagat ,0.0,g
990,Gris skinka ytterlår rå,DPA (C22:5),Kött färskt fryst tillagat ,0.0,g
990,Gris skinka ytterlår rå,EPA (C20:5),Kött färskt fryst tillagat ,0.0,g
990,Gris skinka ytterlår rå,Arakidonsyra C20:4,Kött färskt fryst tillagat ,0.0,g
990,Gris skinka ytterlår rå,Arakidinsyra C20:0,Kött färskt fryst tillagat ,0.0,g
990,Gris skinka ytterlår rå,Linolensyra C18:3,Kött färskt fryst tillagat ,0.0,g
990,Gris skinka ytterlår rå,Linolsyra C18:2,Kött färskt fryst tillagat ,0.4,g
990,Gris skinka ytterlår rå,Oljesyra C18:1,Kött färskt fryst tillagat ,1.8,g
990,Gris skinka ytterlår rå,Stearinsyra C18:0,Kött färskt fryst tillagat ,0.7,g
990,Gris skinka ytterlår rå,Palmitoljesyra C16:1,Kött färskt fryst tillagat ,0.2,g
990,Gris skinka ytterlår rå,Palmitinsyra C16:0,Kött färskt fryst tillagat ,1.3,g
990,Gris skinka ytterlår rå,Myristinsyra C14:0,Kött färskt fryst tillagat ,0.1,g
990,Gris skinka ytterlår rå,Laurinsyra C12:0,Kött färskt fryst tillagat ,0.0,g
990,Gris skinka ytterlår rå,Betakaroten/β-Karoten,Kött färskt fryst tillagat ,0.0,µg
990,Gris skinka ytterlår rå,Avfall (skal etc.),Kött färskt fryst tillagat ,0.0,%
990,Gris skinka ytterlår rå,Aska,Kött färskt fryst tillagat ,1.2,g
990,Gris skinka ytterlår rå,Alkohol,Kött färskt fryst tillagat ,0.0,g
991,Gris sidfläsk el. stekfläsk skivor rimmat rå,"Zink, Zn",Kött processat,3.6,mg
991,Gris sidfläsk el. stekfläsk skivor rimmat rå,Vitamin E,Kött processat,0.4,mg
991,Gris sidfläsk el. stekfläsk skivor rimmat rå,Vitamin D,Kött processat,0.48,µg
991,Gris sidfläsk el. stekfläsk skivor rimmat rå,Vitamin C,Kött processat,0.0,mg
991,Gris sidfläsk el. stekfläsk skivor rimmat rå,Vitamin B6,Kött processat,0.28,mg
991,Gris sidfläsk el. stekfläsk skivor rimmat rå,Vitamin B12,Kött processat,0.4,µg
991,Gris sidfläsk el. stekfläsk skivor rimmat rå,Vitamin A,Kött processat,9.0,RE/µg
991,Gris sidfläsk el. stekfläsk skivor rimmat rå,Vatten,Kött processat,50.4,g
991,Gris sidfläsk el. stekfläsk skivor rimmat rå,Tiamin,Kött processat,0.38,mg
991,Gris sidfläsk el. stekfläsk skivor rimmat rå,Tillsatt socker,Kött processat,0.0,g
991,Gris sidfläsk el. stekfläsk skivor rimmat rå,Fritt socker,Kött processat,0.0,g
991,Gris sidfläsk el. stekfläsk skivor rimmat rå,"Selen, Se",Kött processat,6.9,µg
991,Gris sidfläsk el. stekfläsk skivor rimmat rå,Sackaros,Kött processat,0.0,g
991,Gris sidfläsk el. stekfläsk skivor rimmat rå,Riboflavin,Kött processat,0.12,mg
991,Gris sidfläsk el. stekfläsk skivor rimmat rå,Retinol,Kött processat,9.0,µg
991,Gris sidfläsk el. stekfläsk skivor rimmat rå,Protein,Kött processat,11.6,g
991,Gris sidfläsk el. stekfläsk skivor rimmat rå,Summa fleromättade fettsyror,Kött processat,3.8,g
991,Gris sidfläsk el. stekfläsk skivor rimmat rå,"Fosfor, P",Kött processat,204.0,mg
991,Gris sidfläsk el. stekfläsk skivor rimmat rå,Niacinekvivalenter,Kött processat,4.43,NE/mg
991,Gris sidfläsk el. stekfläsk skivor rimmat rå,Niacin,Kött processat,2.3,mg
991,Gris sidfläsk el. stekfläsk skivor rimmat rå,"Salt, NaCl",Kött processat,3.0,g
991,Gris sidfläsk el. stekfläsk skivor rimmat rå,"Natrium, Na",Kött processat,1200.0,mg
991,Gris sidfläsk el. stekfläsk skivor rimmat rå,Monosackarider,Kött processat,0.0,g
991,Gris sidfläsk el. stekfläsk skivor rimmat rå,"Sockerarter, totalt",Kött processat,0.0,g
991,Gris sidfläsk el. stekfläsk skivor rimmat rå,Summa enkelomättade fettsyror,Kött processat,14.2,g
991,Gris sidfläsk el. stekfläsk skivor rimmat rå,"Magnesium, Mg",Kött processat,16.0,mg
991,Gris sidfläsk el. stekfläsk skivor rimmat rå,Summa mättade fettsyror,Kött processat,14.9,g
991,Gris sidfläsk el. stekfläsk skivor rimmat rå,"Kolhydrater, tillgängliga",Kött processat,0.0,g
991,Gris sidfläsk el. stekfläsk skivor rimmat rå,Kolesterol,Kött processat,72.0,mg
991,Gris sidfläsk el. stekfläsk skivor rimmat rå,"Kalium, K",Kött processat,190.0,mg
991,Gris sidfläsk el. stekfläsk skivor rimmat rå,"Jod, I",Kött processat,0.0,µg
991,Gris sidfläsk el. stekfläsk skivor rimmat rå,Fullkorn totalt,Kött processat,0.0,g
991,Gris sidfläsk el. stekfläsk skivor rimmat rå,"Folat, totalt",Kött processat,1.5,µg
991,Gris sidfläsk el. stekfläsk skivor rimmat rå,Fibrer,Kött processat,0.0,g
991,Gris sidfläsk el. stekfläsk skivor rimmat rå,"Fett, totalt",Kött processat,34.6,g
991,Gris sidfläsk el. stekfläsk skivor rimmat rå,"Järn, Fe",Kött processat,0.5,mg
991,Gris sidfläsk el. stekfläsk skivor rimmat rå,Energi (kJ),Kött processat,1477.0,kJ
991,Gris sidfläsk el. stekfläsk skivor rimmat rå,Energi (kcal),Kött processat,353.0,kcal
991,Gris sidfläsk el. stekfläsk skivor rimmat rå,Disackarider,Kött processat,0.0,g
991,Gris sidfläsk el. stekfläsk skivor rimmat rå,"Kalcium, Ca",Kött processat,5.0,mg
991,Gris sidfläsk el. stekfläsk skivor rimmat rå,Fettsyra 4:0-10:0,Kött processat,0.0,g
991,Gris sidfläsk el. stekfläsk skivor rimmat rå,DHA (C22:6),Kött processat,0.1,g
991,Gris sidfläsk el. stekfläsk skivor rimmat rå,DPA (C22:5),Kött processat,0.1,g
991,Gris sidfläsk el. stekfläsk skivor rimmat rå,EPA (C20:5),Kött processat,0.0,g
991,Gris sidfläsk el. stekfläsk skivor rimmat rå,Arakidonsyra C20:4,Kött processat,0.1,g
991,Gris sidfläsk el. stekfläsk skivor rimmat rå,Arakidinsyra C20:0,Kött processat,0.1,g
991,Gris sidfläsk el. stekfläsk skivor rimmat rå,Linolensyra C18:3,Kött processat,0.2,g
991,Gris sidfläsk el. stekfläsk skivor rimmat rå,Linolsyra C18:2,Kött processat,3.0,g
991,Gris sidfläsk el. stekfläsk skivor rimmat rå,Oljesyra C18:1,Kött processat,12.6,g
991,Gris sidfläsk el. stekfläsk skivor rimmat rå,Stearinsyra C18:0,Kött processat,5.2,g
991,Gris sidfläsk el. stekfläsk skivor rimmat rå,Palmitoljesyra C16:1,Kött processat,1.2,g
991,Gris sidfläsk el. stekfläsk skivor rimmat rå,Palmitinsyra C16:0,Kött processat,8.9,g
991,Gris sidfläsk el. stekfläsk skivor rimmat rå,Myristinsyra C14:0,Kött processat,0.6,g
991,Gris sidfläsk el. stekfläsk skivor rimmat rå,Laurinsyra C12:0,Kött processat,0.0,g
991,Gris sidfläsk el. stekfläsk skivor rimmat rå,Betakaroten/β-Karoten,Kött processat,0.0,µg
991,Gris sidfläsk el. stekfläsk skivor rimmat rå,Avfall (skal etc.),Kött processat,0.0,%
991,Gris sidfläsk el. stekfläsk skivor rimmat rå,Aska,Kött processat,3.4,g
991,Gris sidfläsk el. stekfläsk skivor rimmat rå,Alkohol,Kött processat,0.0,g
992,Gris färs rå fett 8%,"Zink, Zn",Kött färskt fryst tillagat ,2.2,mg
992,Gris färs rå fett 8%,Vitamin E,Kött färskt fryst tillagat ,0.4,mg
992,Gris färs rå fett 8%,Vitamin D,Kött färskt fryst tillagat ,0.57,µg
992,Gris färs rå fett 8%,Vitamin C,Kött färskt fryst tillagat ,0.0,mg
992,Gris färs rå fett 8%,Vitamin B6,Kött färskt fryst tillagat ,0.54,mg
992,Gris färs rå fett 8%,Vitamin B12,Kött färskt fryst tillagat ,0.6,µg
992,Gris färs rå fett 8%,Vitamin A,Kött färskt fryst tillagat ,9.0,RE/µg
992,Gris färs rå fett 8%,Vatten,Kött färskt fryst tillagat ,72.9,g
992,Gris färs rå fett 8%,Tiamin,Kött färskt fryst tillagat ,0.9,mg
992,Gris färs rå fett 8%,Tillsatt socker,Kött färskt fryst tillagat ,0.0,g
992,Gris färs rå fett 8%,Fritt socker,Kött färskt fryst tillagat ,0.0,g
992,Gris färs rå fett 8%,"Selen, Se",Kött färskt fryst tillagat ,10.0,µg
992,Gris färs rå fett 8%,Sackaros,Kött färskt fryst tillagat ,0.0,g
992,Gris färs rå fett 8%,Riboflavin,Kött färskt fryst tillagat ,0.29,mg
992,Gris färs rå fett 8%,Retinol,Kött färskt fryst tillagat ,9.0,µg
992,Gris färs rå fett 8%,Protein,Kött färskt fryst tillagat ,18.0,g
992,Gris färs rå fett 8%,Summa fleromättade fettsyror,Kött färskt fryst tillagat ,0.9,g
992,Gris färs rå fett 8%,"Fosfor, P",Kött färskt fryst tillagat ,204.0,mg
992,Gris färs rå fett 8%,Niacinekvivalenter,Kött färskt fryst tillagat ,12.11,NE/mg
992,Gris färs rå fett 8%,Niacin,Kött färskt fryst tillagat ,8.81,mg
992,Gris färs rå fett 8%,"Salt, NaCl",Kött färskt fryst tillagat ,0.2,g
992,Gris färs rå fett 8%,"Natrium, Na",Kött färskt fryst tillagat ,66.0,mg
992,Gris färs rå fett 8%,Monosackarider,Kött färskt fryst tillagat ,0.0,g
992,Gris färs rå fett 8%,"Sockerarter, totalt",Kött färskt fryst tillagat ,0.0,g
992,Gris färs rå fett 8%,Summa enkelomättade fettsyror,Kött färskt fryst tillagat ,3.3,g
992,Gris färs rå fett 8%,"Magnesium, Mg",Kött färskt fryst tillagat ,27.0,mg
992,Gris färs rå fett 8%,Summa mättade fettsyror,Kött färskt fryst tillagat ,3.4,g
992,Gris färs rå fett 8%,"Kolhydrater, tillgängliga",Kött färskt fryst tillagat ,0.0,g
992,Gris färs rå fett 8%,Kolesterol,Kött färskt fryst tillagat ,58.0,mg
992,Gris färs rå fett 8%,"Kalium, K",Kött färskt fryst tillagat ,373.0,mg
992,Gris färs rå fett 8%,"Jod, I",Kött färskt fryst tillagat ,0.0,µg
992,Gris färs rå fett 8%,Fullkorn totalt,Kött färskt fryst tillagat ,0.0,g
992,Gris färs rå fett 8%,"Folat, totalt",Kött färskt fryst tillagat ,3.0,µg
992,Gris färs rå fett 8%,Fibrer,Kött färskt fryst tillagat ,0.0,g
992,Gris färs rå fett 8%,"Fett, totalt",Kött färskt fryst tillagat ,8.0,g
992,Gris färs rå fett 8%,"Järn, Fe",Kött färskt fryst tillagat ,1.4,mg
992,Gris färs rå fett 8%,Energi (kJ),Kött färskt fryst tillagat ,602.0,kJ
992,Gris färs rå fett 8%,Energi (kcal),Kött färskt fryst tillagat ,144.0,kcal
992,Gris färs rå fett 8%,Disackarider,Kött färskt fryst tillagat ,0.0,g
992,Gris färs rå fett 8%,"Kalcium, Ca",Kött färskt fryst tillagat ,7.0,mg
992,Gris färs rå fett 8%,Fettsyra 4:0-10:0,Kött färskt fryst tillagat ,0.0,g
992,Gris färs rå fett 8%,DHA (C22:6),Kött färskt fryst tillagat ,0.0,g
992,Gris färs rå fett 8%,DPA (C22:5),Kött färskt fryst tillagat ,0.0,g
992,Gris färs rå fett 8%,EPA (C20:5),Kött färskt fryst tillagat ,0.0,g
992,Gris färs rå fett 8%,Arakidonsyra C20:4,Kött färskt fryst tillagat ,0.0,g
992,Gris färs rå fett 8%,Arakidinsyra C20:0,Kött färskt fryst tillagat ,0.0,g
992,Gris färs rå fett 8%,Linolensyra C18:3,Kött färskt fryst tillagat ,0.0,g
992,Gris färs rå fett 8%,Linolsyra C18:2,Kött färskt fryst tillagat ,0.7,g
992,Gris färs rå fett 8%,Oljesyra C18:1,Kött färskt fryst tillagat ,2.9,g
992,Gris färs rå fett 8%,Stearinsyra C18:0,Kött färskt fryst tillagat ,1.2,g
992,Gris färs rå fett 8%,Palmitoljesyra C16:1,Kött färskt fryst tillagat ,0.3,g
992,Gris färs rå fett 8%,Palmitinsyra C16:0,Kött färskt fryst tillagat ,2.0,g
992,Gris färs rå fett 8%,Myristinsyra C14:0,Kött färskt fryst tillagat ,0.1,g
992,Gris färs rå fett 8%,Laurinsyra C12:0,Kött färskt fryst tillagat ,0.0,g
992,Gris färs rå fett 8%,Betakaroten/β-Karoten,Kött färskt fryst tillagat ,0.0,µg
992,Gris färs rå fett 8%,Avfall (skal etc.),Kött färskt fryst tillagat ,0.0,%
992,Gris färs rå fett 8%,Aska,Kött färskt fryst tillagat ,1.1,g
992,Gris färs rå fett 8%,Alkohol,Kött färskt fryst tillagat ,0.0,g
995,Älg skav rå frysvara,"Zink, Zn",Kött färskt fryst tillagat ,5.0,mg
995,Älg skav rå frysvara,Vitamin E,Kött färskt fryst tillagat ,0.8,mg
995,Älg skav rå frysvara,Vitamin D,Kött färskt fryst tillagat ,0.36,µg
995,Älg skav rå frysvara,Vitamin C,Kött färskt fryst tillagat ,0.0,mg
995,Älg skav rå frysvara,Vitamin B6,Kött färskt fryst tillagat ,0.44,mg
995,Älg skav rå frysvara,Vitamin B12,Kött färskt fryst tillagat ,6.3,µg
995,Älg skav rå frysvara,Vitamin A,Kött färskt fryst tillagat ,8.0,RE/µg
995,Älg skav rå frysvara,Vatten,Kött färskt fryst tillagat ,74.5,g
995,Älg skav rå frysvara,Tiamin,Kött färskt fryst tillagat ,0.08,mg
995,Älg skav rå frysvara,Tillsatt socker,Kött färskt fryst tillagat ,0.0,g
995,Älg skav rå frysvara,Fritt socker,Kött färskt fryst tillagat ,0.0,g
995,Älg skav rå frysvara,"Selen, Se",Kött färskt fryst tillagat ,4.0,µg
995,Älg skav rå frysvara,Sackaros,Kött färskt fryst tillagat ,0.0,g
995,Älg skav rå frysvara,Riboflavin,Kött färskt fryst tillagat ,0.22,mg
995,Älg skav rå frysvara,Retinol,Kött färskt fryst tillagat ,8.0,µg
995,Älg skav rå frysvara,Protein,Kött färskt fryst tillagat ,19.8,g
995,Älg skav rå frysvara,Summa fleromättade fettsyror,Kött färskt fryst tillagat ,0.5,g
995,Älg skav rå frysvara,"Fosfor, P",Kött färskt fryst tillagat ,197.0,mg
995,Älg skav rå frysvara,Niacinekvivalenter,Kött färskt fryst tillagat ,8.93,NE/mg
995,Älg skav rå frysvara,Niacin,Kött färskt fryst tillagat ,5.3,mg
995,Älg skav rå frysvara,"Salt, NaCl",Kött färskt fryst tillagat ,0.2,g
995,Älg skav rå frysvara,"Natrium, Na",Kött färskt fryst tillagat ,76.0,mg
995,Älg skav rå frysvara,Monosackarider,Kött färskt fryst tillagat ,0.0,g
995,Älg skav rå frysvara,"Sockerarter, totalt",Kött färskt fryst tillagat ,0.0,g
995,Älg skav rå frysvara,Summa enkelomättade fettsyror,Kött färskt fryst tillagat ,1.7,g
995,Älg skav rå frysvara,"Magnesium, Mg",Kött färskt fryst tillagat ,25.0,mg
995,Älg skav rå frysvara,Summa mättade fettsyror,Kött färskt fryst tillagat ,2.3,g
995,Älg skav rå frysvara,"Kolhydrater, tillgängliga",Kött färskt fryst tillagat ,0.0,g
995,Älg skav rå frysvara,Kolesterol,Kött färskt fryst tillagat ,78.0,mg
995,Älg skav rå frysvara,"Kalium, K",Kött färskt fryst tillagat ,325.0,mg
995,Älg skav rå frysvara,"Jod, I",Kött färskt fryst tillagat ,1.6,µg
995,Älg skav rå frysvara,Fullkorn totalt,Kött färskt fryst tillagat ,0.0,g
995,Älg skav rå frysvara,"Folat, totalt",Kött färskt fryst tillagat ,6.0,µg
995,Älg skav rå frysvara,Fibrer,Kött färskt fryst tillagat ,0.0,g
995,Älg skav rå frysvara,"Fett, totalt",Kött färskt fryst tillagat ,4.8,g
995,Älg skav rå frysvara,"Järn, Fe",Kött färskt fryst tillagat ,2.8,mg
995,Älg skav rå frysvara,Energi (kJ),Kött färskt fryst tillagat ,514.0,kJ
995,Älg skav rå frysvara,Energi (kcal),Kött färskt fryst tillagat ,123.0,kcal
995,Älg skav rå frysvara,Disackarider,Kött färskt fryst tillagat ,0.0,g
995,Älg skav rå frysvara,"Kalcium, Ca",Kött färskt fryst tillagat ,12.0,mg
995,Älg skav rå frysvara,Fettsyra 4:0-10:0,Kött färskt fryst tillagat ,0.0,g
995,Älg skav rå frysvara,DHA (C22:6),Kött färskt fryst tillagat ,0.0,g
995,Älg skav rå frysvara,DPA (C22:5),Kött färskt fryst tillagat ,0.0,g
995,Älg skav rå frysvara,EPA (C20:5),Kött färskt fryst tillagat ,0.0,g
995,Älg skav rå frysvara,Arakidonsyra C20:4,Kött färskt fryst tillagat ,0.1,g
995,Älg skav rå frysvara,Arakidinsyra C20:0,Kött färskt fryst tillagat ,0.0,g
995,Älg skav rå frysvara,Linolensyra C18:3,Kött färskt fryst tillagat ,0.1,g
995,Älg skav rå frysvara,Linolsyra C18:2,Kött färskt fryst tillagat ,0.3,g
995,Älg skav rå frysvara,Oljesyra C18:1,Kött färskt fryst tillagat ,1.6,g
995,Älg skav rå frysvara,Stearinsyra C18:0,Kött färskt fryst tillagat ,1.2,g
995,Älg skav rå frysvara,Palmitoljesyra C16:1,Kött färskt fryst tillagat ,0.1,g
995,Älg skav rå frysvara,Palmitinsyra C16:0,Kött färskt fryst tillagat ,0.9,g
995,Älg skav rå frysvara,Myristinsyra C14:0,Kött färskt fryst tillagat ,0.0,g
995,Älg skav rå frysvara,Laurinsyra C12:0,Kött färskt fryst tillagat ,0.0,g
995,Älg skav rå frysvara,Betakaroten/β-Karoten,Kött färskt fryst tillagat ,0.0,µg
995,Älg skav rå frysvara,Avfall (skal etc.),Kött färskt fryst tillagat ,0.0,%
995,Älg skav rå frysvara,Aska,Kött färskt fryst tillagat ,0.9,g
995,Älg skav rå frysvara,Alkohol,Kött färskt fryst tillagat ,0.0,g
996,Nöt oxsvans rå fett bortskuret,"Zink, Zn",Kött färskt fryst tillagat ,5.6,mg
996,Nöt oxsvans rå fett bortskuret,Vitamin E,Kött färskt fryst tillagat ,0.3,mg
996,Nöt oxsvans rå fett bortskuret,Vitamin D,Kött färskt fryst tillagat ,0.4,µg
996,Nöt oxsvans rå fett bortskuret,Vitamin C,Kött färskt fryst tillagat ,0.0,mg
996,Nöt oxsvans rå fett bortskuret,Vitamin B6,Kött färskt fryst tillagat ,0.27,mg
996,Nöt oxsvans rå fett bortskuret,Vitamin B12,Kött färskt fryst tillagat ,3.0,µg
996,Nöt oxsvans rå fett bortskuret,Vitamin A,Kött färskt fryst tillagat ,11.6,RE/µg
996,Nöt oxsvans rå fett bortskuret,Vatten,Kött färskt fryst tillagat ,68.6,g
996,Nöt oxsvans rå fett bortskuret,Tiamin,Kött färskt fryst tillagat ,0.03,mg
996,Nöt oxsvans rå fett bortskuret,Tillsatt socker,Kött färskt fryst tillagat ,0.0,g
996,Nöt oxsvans rå fett bortskuret,Fritt socker,Kött färskt fryst tillagat ,0.0,g
996,Nöt oxsvans rå fett bortskuret,"Selen, Se",Kött färskt fryst tillagat ,9.0,µg
996,Nöt oxsvans rå fett bortskuret,Sackaros,Kött färskt fryst tillagat ,0.0,g
996,Nöt oxsvans rå fett bortskuret,Riboflavin,Kött färskt fryst tillagat ,0.29,mg
996,Nöt oxsvans rå fett bortskuret,Retinol,Kött färskt fryst tillagat ,10.0,µg
996,Nöt oxsvans rå fett bortskuret,Protein,Kött färskt fryst tillagat ,20.0,g
996,Nöt oxsvans rå fett bortskuret,Summa fleromättade fettsyror,Kött färskt fryst tillagat ,0.4,g
996,Nöt oxsvans rå fett bortskuret,"Fosfor, P",Kött färskt fryst tillagat ,160.0,mg
996,Nöt oxsvans rå fett bortskuret,Niacinekvivalenter,Kött färskt fryst tillagat ,8.17,NE/mg
996,Nöt oxsvans rå fett bortskuret,Niacin,Kött färskt fryst tillagat ,4.5,mg
996,Nöt oxsvans rå fett bortskuret,"Salt, NaCl",Kött färskt fryst tillagat ,0.3,g
996,Nöt oxsvans rå fett bortskuret,"Natrium, Na",Kött färskt fryst tillagat ,110.0,mg
996,Nöt oxsvans rå fett bortskuret,Monosackarider,Kött färskt fryst tillagat ,0.0,g
996,Nöt oxsvans rå fett bortskuret,"Sockerarter, totalt",Kött färskt fryst tillagat ,0.0,g
996,Nöt oxsvans rå fett bortskuret,Summa enkelomättade fettsyror,Kött färskt fryst tillagat ,4.1,g
996,Nöt oxsvans rå fett bortskuret,"Magnesium, Mg",Kött färskt fryst tillagat ,20.0,mg
996,Nöt oxsvans rå fett bortskuret,Summa mättade fettsyror,Kött färskt fryst tillagat ,4.8,g
996,Nöt oxsvans rå fett bortskuret,"Kolhydrater, tillgängliga",Kött färskt fryst tillagat ,0.0,g
996,Nöt oxsvans rå fett bortskuret,Kolesterol,Kött färskt fryst tillagat ,70.0,mg
996,Nöt oxsvans rå fett bortskuret,"Kalium, K",Kött färskt fryst tillagat ,270.0,mg
996,Nöt oxsvans rå fett bortskuret,"Jod, I",Kött färskt fryst tillagat ,2.7,µg
996,Nöt oxsvans rå fett bortskuret,Fullkorn totalt,Kött färskt fryst tillagat ,0.0,g
996,Nöt oxsvans rå fett bortskuret,"Folat, totalt",Kött färskt fryst tillagat ,12.0,µg
996,Nöt oxsvans rå fett bortskuret,Fibrer,Kött färskt fryst tillagat ,0.0,g
996,Nöt oxsvans rå fett bortskuret,"Fett, totalt",Kött färskt fryst tillagat ,10.1,g
996,Nöt oxsvans rå fett bortskuret,"Järn, Fe",Kött färskt fryst tillagat ,2.7,mg
996,Nöt oxsvans rå fett bortskuret,Energi (kJ),Kött färskt fryst tillagat ,714.0,kJ
996,Nöt oxsvans rå fett bortskuret,Energi (kcal),Kött färskt fryst tillagat ,171.0,kcal
996,Nöt oxsvans rå fett bortskuret,Disackarider,Kött färskt fryst tillagat ,0.0,g
996,Nöt oxsvans rå fett bortskuret,"Kalcium, Ca",Kött färskt fryst tillagat ,9.0,mg
996,Nöt oxsvans rå fett bortskuret,Fettsyra 4:0-10:0,Kött färskt fryst tillagat ,0.0,g
996,Nöt oxsvans rå fett bortskuret,DHA (C22:6),Kött färskt fryst tillagat ,0.0,g
996,Nöt oxsvans rå fett bortskuret,DPA (C22:5),Kött färskt fryst tillagat ,0.0,g
996,Nöt oxsvans rå fett bortskuret,EPA (C20:5),Kött färskt fryst tillagat ,0.0,g
996,Nöt oxsvans rå fett bortskuret,Arakidonsyra C20:4,Kött färskt fryst tillagat ,0.0,g
996,Nöt oxsvans rå fett bortskuret,Arakidinsyra C20:0,Kött färskt fryst tillagat ,0.0,g
996,Nöt oxsvans rå fett bortskuret,Linolensyra C18:3,Kött färskt fryst tillagat ,0.0,g
996,Nöt oxsvans rå fett bortskuret,Linolsyra C18:2,Kött färskt fryst tillagat ,0.2,g
996,Nöt oxsvans rå fett bortskuret,Oljesyra C18:1,Kött färskt fryst tillagat ,3.7,g
996,Nöt oxsvans rå fett bortskuret,Stearinsyra C18:0,Kött färskt fryst tillagat ,1.9,g
996,Nöt oxsvans rå fett bortskuret,Palmitoljesyra C16:1,Kött färskt fryst tillagat ,0.3,g
996,Nöt oxsvans rå fett bortskuret,Palmitinsyra C16:0,Kött färskt fryst tillagat ,2.4,g
996,Nöt oxsvans rå fett bortskuret,Myristinsyra C14:0,Kött färskt fryst tillagat ,0.3,g
996,Nöt oxsvans rå fett bortskuret,Laurinsyra C12:0,Kött färskt fryst tillagat ,0.0,g
996,Nöt oxsvans rå fett bortskuret,Betakaroten/β-Karoten,Kött färskt fryst tillagat ,19.0,µg
996,Nöt oxsvans rå fett bortskuret,Avfall (skal etc.),Kött färskt fryst tillagat ,62.0,%
996,Nöt oxsvans rå fett bortskuret,Aska,Kött färskt fryst tillagat ,1.3,g
996,Nöt oxsvans rå fett bortskuret,Alkohol,Kött färskt fryst tillagat ,0.0,g
997,Gris svål rå,"Zink, Zn",Kött färskt fryst tillagat ,0.4,mg
997,Gris svål rå,Vitamin E,Kött färskt fryst tillagat ,0.1,mg
997,Gris svål rå,Vitamin D,Kött färskt fryst tillagat ,0.1,µg
997,Gris svål rå,Vitamin C,Kött färskt fryst tillagat ,0.0,mg
997,Gris svål rå,Vitamin B6,Kött färskt fryst tillagat ,0.02,mg
997,Gris svål rå,Vitamin B12,Kött färskt fryst tillagat ,0.6,µg
997,Gris svål rå,Vitamin A,Kött färskt fryst tillagat ,0.0,RE/µg
997,Gris svål rå,Vatten,Kött färskt fryst tillagat ,55.5,g
997,Gris svål rå,Tiamin,Kött färskt fryst tillagat ,0.07,mg
997,Gris svål rå,Tillsatt socker,Kött färskt fryst tillagat ,0.0,g
997,Gris svål rå,Fritt socker,Kött färskt fryst tillagat ,0.0,g
997,Gris svål rå,"Selen, Se",Kött färskt fryst tillagat ,5.0,µg
997,Gris svål rå,Sackaros,Kött färskt fryst tillagat ,0.0,g
997,Gris svål rå,Riboflavin,Kött färskt fryst tillagat ,0.07,mg
997,Gris svål rå,Retinol,Kött färskt fryst tillagat ,0.0,µg
997,Gris svål rå,Protein,Kött färskt fryst tillagat ,23.5,g
997,Gris svål rå,Summa fleromättade fettsyror,Kött färskt fryst tillagat ,1.8,g
997,Gris svål rå,"Fosfor, P",Kött färskt fryst tillagat ,26.0,mg
997,Gris svål rå,Niacinekvivalenter,Kött färskt fryst tillagat ,4.81,NE/mg
997,Gris svål rå,Niacin,Kött färskt fryst tillagat ,0.5,mg
997,Gris svål rå,"Salt, NaCl",Kött färskt fryst tillagat ,0.0,g
997,Gris svål rå,"Natrium, Na",Kött färskt fryst tillagat ,11.0,mg
997,Gris svål rå,Monosackarider,Kött färskt fryst tillagat ,0.0,g
997,Gris svål rå,"Sockerarter, totalt",Kött färskt fryst tillagat ,0.0,g
997,Gris svål rå,Summa enkelomättade fettsyror,Kött färskt fryst tillagat ,9.2,g
997,Gris svål rå,"Magnesium, Mg",Kött färskt fryst tillagat ,1.0,mg
997,Gris svål rå,Summa mättade fettsyror,Kött färskt fryst tillagat ,8.6,g
997,Gris svål rå,"Kolhydrater, tillgängliga",Kött färskt fryst tillagat ,0.0,g
997,Gris svål rå,Kolesterol,Kött färskt fryst tillagat ,72.0,mg
997,Gris svål rå,"Kalium, K",Kött färskt fryst tillagat ,65.0,mg
997,Gris svål rå,"Jod, I",Kött färskt fryst tillagat ,0.0,µg
997,Gris svål rå,Fullkorn totalt,Kött färskt fryst tillagat ,0.0,g
997,Gris svål rå,"Folat, totalt",Kött färskt fryst tillagat ,1.0,µg
997,Gris svål rå,Fibrer,Kött färskt fryst tillagat ,0.0,g
997,Gris svål rå,"Fett, totalt",Kött färskt fryst tillagat ,20.5,g
997,Gris svål rå,"Järn, Fe",Kött färskt fryst tillagat ,1.4,mg
997,Gris svål rå,Energi (kJ),Kött färskt fryst tillagat ,1158.0,kJ
997,Gris svål rå,Energi (kcal),Kött färskt fryst tillagat ,277.0,kcal
997,Gris svål rå,Disackarider,Kött färskt fryst tillagat ,0.0,g
997,Gris svål rå,"Kalcium, Ca",Kött färskt fryst tillagat ,10.0,mg
997,Gris svål rå,Fettsyra 4:0-10:0,Kött färskt fryst tillagat ,0.0,g
997,Gris svål rå,DHA (C22:6),Kött färskt fryst tillagat ,0.0,g
997,Gris svål rå,DPA (C22:5),Kött färskt fryst tillagat ,0.0,g
997,Gris svål rå,EPA (C20:5),Kött färskt fryst tillagat ,0.0,g
997,Gris svål rå,Arakidonsyra C20:4,Kött färskt fryst tillagat ,0.0,g
997,Gris svål rå,Arakidinsyra C20:0,Kött färskt fryst tillagat ,0.0,g
997,Gris svål rå,Linolensyra C18:3,Kött färskt fryst tillagat ,0.1,g
997,Gris svål rå,Linolsyra C18:2,Kött färskt fryst tillagat ,1.4,g
997,Gris svål rå,Oljesyra C18:1,Kött färskt fryst tillagat ,8.4,g
997,Gris svål rå,Stearinsyra C18:0,Kött färskt fryst tillagat ,2.8,g
997,Gris svål rå,Palmitoljesyra C16:1,Kött färskt fryst tillagat ,0.5,g
997,Gris svål rå,Palmitinsyra C16:0,Kött färskt fryst tillagat ,5.3,g
997,Gris svål rå,Myristinsyra C14:0,Kött färskt fryst tillagat ,0.3,g
997,Gris svål rå,Laurinsyra C12:0,Kött färskt fryst tillagat ,0.0,g
997,Gris svål rå,Betakaroten/β-Karoten,Kött färskt fryst tillagat ,0.0,µg
997,Gris svål rå,Avfall (skal etc.),Kött färskt fryst tillagat ,0.0,%
997,Gris svål rå,Aska,Kött färskt fryst tillagat ,0.5,g
997,Gris svål rå,Alkohol,Kött färskt fryst tillagat ,0.0,g
998,Häst hamburgerkött rökt,"Zink, Zn",Kött processat,2.7,mg
998,Häst hamburgerkött rökt,Vitamin E,Kött processat,0.3,mg
998,Häst hamburgerkött rökt,Vitamin D,Kött processat,0.36,µg
998,Häst hamburgerkött rökt,Vitamin C,Kött processat,0.0,mg
998,Häst hamburgerkött rökt,Vitamin B6,Kött processat,1.0,mg
998,Häst hamburgerkött rökt,Vitamin B12,Kött processat,3.1,µg
998,Häst hamburgerkött rökt,Vitamin A,Kött processat,33.3,RE/µg
998,Häst hamburgerkött rökt,Vatten,Kött processat,72.5,g
998,Häst hamburgerkött rökt,Tiamin,Kött processat,0.09,mg
998,Häst hamburgerkött rökt,Tillsatt socker,Kött processat,0.0,g
998,Häst hamburgerkött rökt,Fritt socker,Kött processat,0.0,g
998,Häst hamburgerkött rökt,"Selen, Se",Kött processat,3.0,µg
998,Häst hamburgerkött rökt,Sackaros,Kött processat,0.0,g
998,Häst hamburgerkött rökt,Riboflavin,Kött processat,0.24,mg
998,Häst hamburgerkött rökt,Retinol,Kött processat,30.0,µg
998,Häst hamburgerkött rökt,Protein,Kött processat,21.0,g
998,Häst hamburgerkött rökt,Summa fleromättade fettsyror,Kött processat,0.4,g
998,Häst hamburgerkött rökt,"Fosfor, P",Kött processat,290.0,mg
998,Häst hamburgerkött rökt,Niacinekvivalenter,Kött processat,8.25,NE/mg
998,Häst hamburgerkött rökt,Niacin,Kött processat,4.4,mg
998,Häst hamburgerkött rökt,"Salt, NaCl",Kött processat,4.4,g
998,Häst hamburgerkött rökt,"Natrium, Na",Kött processat,1750.0,mg
998,Häst hamburgerkött rökt,Monosackarider,Kött processat,0.0,g
998,Häst hamburgerkött rökt,"Sockerarter, totalt",Kött processat,0.0,g
998,Häst hamburgerkött rökt,Summa enkelomättade fettsyror,Kött processat,0.6,g
998,Häst hamburgerkött rökt,"Magnesium, Mg",Kött processat,20.0,mg
998,Häst hamburgerkött rökt,Summa mättade fettsyror,Kött processat,0.6,g
998,Häst hamburgerkött rökt,"Kolhydrater, tillgängliga",Kött processat,0.0,g
998,Häst hamburgerkött rökt,Kolesterol,Kött processat,75.0,mg
998,Häst hamburgerkött rökt,"Kalium, K",Kött processat,290.0,mg
998,Häst hamburgerkött rökt,"Jod, I",Kött processat,0.0,µg
998,Häst hamburgerkött rökt,Fullkorn totalt,Kött processat,0.0,g
998,Häst hamburgerkött rökt,"Folat, totalt",Kött processat,3.0,µg
998,Häst hamburgerkött rökt,Fibrer,Kött processat,0.0,g
998,Häst hamburgerkött rökt,"Fett, totalt",Kött processat,1.7,g
998,Häst hamburgerkött rökt,"Järn, Fe",Kött processat,6.1,mg
998,Häst hamburgerkött rökt,Energi (kJ),Kött processat,420.0,kJ
998,Häst hamburgerkött rökt,Energi (kcal),Kött processat,100.0,kcal
998,Häst hamburgerkött rökt,Disackarider,Kött processat,0.0,g
998,Häst hamburgerkött rökt,"Kalcium, Ca",Kött processat,4.0,mg
998,Häst hamburgerkött rökt,Fettsyra 4:0-10:0,Kött processat,0.0,g
998,Häst hamburgerkött rökt,DHA (C22:6),Kött processat,0.0,g
998,Häst hamburgerkött rökt,DPA (C22:5),Kött processat,0.0,g
998,Häst hamburgerkött rökt,EPA (C20:5),Kött processat,0.0,g
998,Häst hamburgerkött rökt,Arakidonsyra C20:4,Kött processat,0.0,g
998,Häst hamburgerkött rökt,Arakidinsyra C20:0,Kött processat,0.0,g
998,Häst hamburgerkött rökt,Linolensyra C18:3,Kött processat,0.2,g
998,Häst hamburgerkött rökt,Linolsyra C18:2,Kött processat,0.2,g
998,Häst hamburgerkött rökt,Oljesyra C18:1,Kött processat,0.5,g
998,Häst hamburgerkött rökt,Stearinsyra C18:0,Kött processat,0.1,g
998,Häst hamburgerkött rökt,Palmitoljesyra C16:1,Kött processat,0.1,g
998,Häst hamburgerkött rökt,Palmitinsyra C16:0,Kött processat,0.4,g
998,Häst hamburgerkött rökt,Myristinsyra C14:0,Kött processat,0.1,g
998,Häst hamburgerkött rökt,Laurinsyra C12:0,Kött processat,0.0,g
998,Häst hamburgerkött rökt,Betakaroten/β-Karoten,Kött processat,40.0,µg
998,Häst hamburgerkött rökt,Avfall (skal etc.),Kött processat,0.0,%
998,Häst hamburgerkött rökt,Aska,Kött processat,4.8,g
998,Häst hamburgerkött rökt,Alkohol,Kött processat,0.0,g
999,Nöt saltkött rimmat kokt,"Zink, Zn",Kött processat,6.2,mg
999,Nöt saltkött rimmat kokt,Vitamin E,Kött processat,0.3,mg
999,Nöt saltkött rimmat kokt,Vitamin D,Kött processat,0.5,µg
999,Nöt saltkött rimmat kokt,Vitamin C,Kött processat,0.0,mg
999,Nöt saltkött rimmat kokt,Vitamin B6,Kött processat,0.33,mg
999,Nöt saltkött rimmat kokt,Vitamin B12,Kött processat,1.3,µg
999,Nöt saltkött rimmat kokt,Vitamin A,Kött processat,2.3,RE/µg
999,Nöt saltkött rimmat kokt,Vatten,Kött processat,70.8,g
999,Nöt saltkött rimmat kokt,Tiamin,Kött processat,0.07,mg
999,Nöt saltkött rimmat kokt,Tillsatt socker,Kött processat,0.0,g
999,Nöt saltkött rimmat kokt,Fritt socker,Kött processat,0.0,g
999,Nöt saltkött rimmat kokt,"Selen, Se",Kött processat,9.0,µg
999,Nöt saltkött rimmat kokt,Sackaros,Kött processat,0.0,g
999,Nöt saltkött rimmat kokt,Riboflavin,Kött processat,0.09,mg
999,Nöt saltkött rimmat kokt,Retinol,Kött processat,2.0,µg
999,Nöt saltkött rimmat kokt,Protein,Kött processat,22.5,g
999,Nöt saltkött rimmat kokt,Summa fleromättade fettsyror,Kött processat,0.1,g
999,Nöt saltkött rimmat kokt,"Fosfor, P",Kött processat,250.0,mg
999,Nöt saltkött rimmat kokt,Niacinekvivalenter,Kött processat,5.73,NE/mg
999,Nöt saltkött rimmat kokt,Niacin,Kött processat,1.6,mg
999,Nöt saltkött rimmat kokt,"Salt, NaCl",Kött processat,2.0,g
999,Nöt saltkött rimmat kokt,"Natrium, Na",Kött processat,820.0,mg
999,Nöt saltkött rimmat kokt,Monosackarider,Kött processat,0.0,g
999,Nöt saltkött rimmat kokt,"Sockerarter, totalt",Kött processat,0.0,g
999,Nöt saltkött rimmat kokt,Summa enkelomättade fettsyror,Kött processat,0.9,g
999,Nöt saltkött rimmat kokt,"Magnesium, Mg",Kött processat,24.0,mg
999,Nöt saltkött rimmat kokt,Summa mättade fettsyror,Kött processat,0.9,g
999,Nöt saltkött rimmat kokt,"Kolhydrater, tillgängliga",Kött processat,0.0,g
999,Nöt saltkött rimmat kokt,Kolesterol,Kött processat,91.0,mg
999,Nöt saltkött rimmat kokt,"Kalium, K",Kött processat,350.0,mg
999,Nöt saltkött rimmat kokt,"Jod, I",Kött processat,0.0,µg
999,Nöt saltkött rimmat kokt,Fullkorn totalt,Kött processat,0.0,g
999,Nöt saltkött rimmat kokt,"Folat, totalt",Kött processat,12.0,µg
999,Nöt saltkött rimmat kokt,Fibrer,Kött processat,0.0,g
999,Nöt saltkött rimmat kokt,"Fett, totalt",Kött processat,2.1,g
999,Nöt saltkött rimmat kokt,"Järn, Fe",Kött processat,3.4,mg
999,Nöt saltkött rimmat kokt,Energi (kJ),Kött processat,460.0,kJ
999,Nöt saltkött rimmat kokt,Energi (kcal),Kött processat,110.0,kcal
999,Nöt saltkött rimmat kokt,Disackarider,Kött processat,0.0,g
999,Nöt saltkött rimmat kokt,"Kalcium, Ca",Kött processat,15.0,mg
999,Nöt saltkött rimmat kokt,Fettsyra 4:0-10:0,Kött processat,0.0,g
999,Nöt saltkött rimmat kokt,DHA (C22:6),Kött processat,0.0,g
999,Nöt saltkött rimmat kokt,DPA (C22:5),Kött processat,0.0,g
999,Nöt saltkött rimmat kokt,EPA (C20:5),Kött processat,0.0,g
999,Nöt saltkött rimmat kokt,Arakidonsyra C20:4,Kött processat,0.0,g
999,Nöt saltkött rimmat kokt,Arakidinsyra C20:0,Kött processat,0.0,g
999,Nöt saltkött rimmat kokt,Linolensyra C18:3,Kött processat,0.0,g
999,Nöt saltkött rimmat kokt,Linolsyra C18:2,Kött processat,0.1,g
999,Nöt saltkött rimmat kokt,Oljesyra C18:1,Kött processat,0.8,g
999,Nöt saltkött rimmat kokt,Stearinsyra C18:0,Kött processat,0.3,g
999,Nöt saltkött rimmat kokt,Palmitoljesyra C16:1,Kött processat,0.1,g
999,Nöt saltkött rimmat kokt,Palmitinsyra C16:0,Kött processat,0.5,g
999,Nöt saltkött rimmat kokt,Myristinsyra C14:0,Kött processat,0.0,g
999,Nöt saltkött rimmat kokt,Laurinsyra C12:0,Kött processat,0.0,g
999,Nöt saltkött rimmat kokt,Betakaroten/β-Karoten,Kött processat,4.0,µg
999,Nöt saltkött rimmat kokt,Avfall (skal etc.),Kött processat,0.0,%
999,Nöt saltkött rimmat kokt,Aska,Kött processat,4.6,g
999,Nöt saltkött rimmat kokt,Alkohol,Kött processat,0.0,g
1000,Nöt kött rökt,"Zink, Zn",Kött processat,6.2,mg
1000,Nöt kött rökt,Vitamin E,Kött processat,0.3,mg
1000,Nöt kött rökt,Vitamin D,Kött processat,0.36,µg
1000,Nöt kött rökt,Vitamin C,Kött processat,0.0,mg
1000,Nöt kött rökt,Vitamin B6,Kött processat,0.33,mg
1000,Nöt kött rökt,Vitamin B12,Kött processat,1.4,µg
1000,Nöt kött rökt,Vitamin A,Kött processat,3.4,RE/µg
1000,Nöt kött rökt,Vatten,Kött processat,73.1,g
1000,Nöt kött rökt,Tiamin,Kött processat,0.11,mg
1000,Nöt kött rökt,Tillsatt socker,Kött processat,0.0,g
1000,Nöt kött rökt,Fritt socker,Kött processat,0.0,g
1000,Nöt kött rökt,"Selen, Se",Kött processat,9.0,µg
1000,Nöt kött rökt,Sackaros,Kött processat,0.0,g
1000,Nöt kött rökt,Riboflavin,Kött processat,0.19,mg
1000,Nöt kött rökt,Retinol,Kött processat,3.0,µg
1000,Nöt kött rökt,Protein,Kött processat,20.0,g
1000,Nöt kött rökt,Summa fleromättade fettsyror,Kött processat,0.2,g
1000,Nöt kött rökt,"Fosfor, P",Kött processat,211.0,mg
1000,Nöt kött rökt,Niacinekvivalenter,Kött processat,7.77,NE/mg
1000,Nöt kött rökt,Niacin,Kött processat,4.1,mg
1000,Nöt kött rökt,"Salt, NaCl",Kött processat,4.4,g
1000,Nöt kött rökt,"Natrium, Na",Kött processat,1750.0,mg
1000,Nöt kött rökt,Monosackarider,Kött processat,0.0,g
1000,Nöt kött rökt,"Sockerarter, totalt",Kött processat,0.0,g
1000,Nöt kött rökt,Summa enkelomättade fettsyror,Kött processat,1.2,g
1000,Nöt kött rökt,"Magnesium, Mg",Kött processat,22.0,mg
1000,Nöt kött rökt,Summa mättade fettsyror,Kött processat,1.2,g
1000,Nöt kött rökt,"Kolhydrater, tillgängliga",Kött processat,0.0,g
1000,Nöt kött rökt,Kolesterol,Kött processat,91.0,mg
1000,Nöt kött rökt,"Kalium, K",Kött processat,320.0,mg
1000,Nöt kött rökt,"Jod, I",Kött processat,5.0,µg
1000,Nöt kött rökt,Fullkorn totalt,Kött processat,0.0,g
1000,Nöt kött rökt,"Folat, totalt",Kött processat,12.0,µg
1000,Nöt kött rökt,Fibrer,Kött processat,0.0,g
1000,Nöt kött rökt,"Fett, totalt",Kött processat,2.8,g
1000,Nöt kött rökt,"Järn, Fe",Kött processat,3.6,mg
1000,Nöt kött rökt,Energi (kJ),Kött processat,444.0,kJ
1000,Nöt kött rökt,Energi (kcal),Kött processat,106.0,kcal
1000,Nöt kött rökt,Disackarider,Kött processat,0.0,g
1000,Nöt kött rökt,"Kalcium, Ca",Kött processat,8.0,mg
1000,Nöt kött rökt,Fettsyra 4:0-10:0,Kött processat,0.0,g
1000,Nöt kött rökt,DHA (C22:6),Kött processat,0.0,g
1000,Nöt kött rökt,DPA (C22:5),Kött processat,0.0,g
1000,Nöt kött rökt,EPA (C20:5),Kött processat,0.0,g
1000,Nöt kött rökt,Arakidonsyra C20:4,Kött processat,0.0,g
1000,Nöt kött rökt,Arakidinsyra C20:0,Kött processat,0.0,g
1000,Nöt kött rökt,Linolensyra C18:3,Kött processat,0.0,g
1000,Nöt kött rökt,Linolsyra C18:2,Kött processat,0.1,g
1000,Nöt kött rökt,Oljesyra C18:1,Kött processat,1.0,g
1000,Nöt kött rökt,Stearinsyra C18:0,Kött processat,0.4,g
1000,Nöt kött rökt,Palmitoljesyra C16:1,Kött processat,0.1,g
1000,Nöt kött rökt,Palmitinsyra C16:0,Kött processat,0.6,g
1000,Nöt kött rökt,Myristinsyra C14:0,Kött processat,0.1,g
1000,Nöt kött rökt,Laurinsyra C12:0,Kött processat,0.0,g
1000,Nöt kött rökt,Betakaroten/β-Karoten,Kött processat,5.0,µg
1000,Nöt kött rökt,Avfall (skal etc.),Kött processat,0.0,%
1000,Nöt kött rökt,Aska,Kött processat,4.1,g
1000,Nöt kött rökt,Alkohol,Kött processat,0.0,g
1001,Ren stek varmrökt,"Zink, Zn",Kött processat,5.5,mg
1001,Ren stek varmrökt,Vitamin E,Kött processat,0.9,mg
1001,Ren stek varmrökt,Vitamin D,Kött processat,0.0,µg
1001,Ren stek varmrökt,Vitamin C,Kött processat,0.0,mg
1001,Ren stek varmrökt,Vitamin B6,Kött processat,0.33,mg
1001,Ren stek varmrökt,Vitamin B12,Kött processat,3.98,µg
1001,Ren stek varmrökt,Vitamin A,Kött processat,2.6,RE/µg
1001,Ren stek varmrökt,Vatten,Kött processat,69.6,g
1001,Ren stek varmrökt,Tiamin,Kött processat,0.21,mg
1001,Ren stek varmrökt,Tillsatt socker,Kött processat,0.0,g
1001,Ren stek varmrökt,Fritt socker,Kött processat,0.0,g
1001,Ren stek varmrökt,"Selen, Se",Kött processat,19.3,µg
1001,Ren stek varmrökt,Sackaros,Kött processat,0.0,g
1001,Ren stek varmrökt,Riboflavin,Kött processat,0.59,mg
1001,Ren stek varmrökt,Retinol,Kött processat,2.6,µg
1001,Ren stek varmrökt,Protein,Kött processat,23.1,g
1001,Ren stek varmrökt,Summa fleromättade fettsyror,Kött processat,0.5,g
1001,Ren stek varmrökt,"Fosfor, P",Kött processat,250.0,mg
1001,Ren stek varmrökt,Niacinekvivalenter,Kött processat,10.8,NE/mg
1001,Ren stek varmrökt,Niacin,Kött processat,6.6,mg
1001,Ren stek varmrökt,"Salt, NaCl",Kött processat,3.0,g
1001,Ren stek varmrökt,"Natrium, Na",Kött processat,1200.0,mg
1001,Ren stek varmrökt,Monosackarider,Kött processat,0.0,g
1001,Ren stek varmrökt,"Sockerarter, totalt",Kött processat,0.0,g
1001,Ren stek varmrökt,Summa enkelomättade fettsyror,Kött processat,1.0,g
1001,Ren stek varmrökt,"Magnesium, Mg",Kött processat,24.0,mg
1001,Ren stek varmrökt,Summa mättade fettsyror,Kött processat,1.4,g
1001,Ren stek varmrökt,"Kolhydrater, tillgängliga",Kött processat,0.1,g
1001,Ren stek varmrökt,Kolesterol,Kött processat,73.7,mg
1001,Ren stek varmrökt,"Kalium, K",Kött processat,340.0,mg
1001,Ren stek varmrökt,"Jod, I",Kött processat,6.4,µg
1001,Ren stek varmrökt,Fullkorn totalt,Kött processat,0.0,g
1001,Ren stek varmrökt,"Folat, totalt",Kött processat,1.4,µg
1001,Ren stek varmrökt,Fibrer,Kött processat,0.0,g
1001,Ren stek varmrökt,"Fett, totalt",Kött processat,3.2,g
1001,Ren stek varmrökt,"Järn, Fe",Kött processat,4.1,mg
1001,Ren stek varmrökt,Energi (kJ),Kött processat,513.0,kJ
1001,Ren stek varmrökt,Energi (kcal),Kött processat,123.0,kcal
1001,Ren stek varmrökt,Disackarider,Kött processat,0.0,g
1001,Ren stek varmrökt,"Kalcium, Ca",Kött processat,14.0,mg
1001,Ren stek varmrökt,Fettsyra 4:0-10:0,Kött processat,0.0,g
1001,Ren stek varmrökt,DHA (C22:6),Kött processat,0.0,g
1001,Ren stek varmrökt,DPA (C22:5),Kött processat,0.0,g
1001,Ren stek varmrökt,EPA (C20:5),Kött processat,0.0,g
1001,Ren stek varmrökt,Arakidonsyra C20:4,Kött processat,0.1,g
1001,Ren stek varmrökt,Arakidinsyra C20:0,Kött processat,0.0,g
1001,Ren stek varmrökt,Linolensyra C18:3,Kött processat,0.0,g
1001,Ren stek varmrökt,Linolsyra C18:2,Kött processat,0.3,g
1001,Ren stek varmrökt,Oljesyra C18:1,Kött processat,0.9,g
1001,Ren stek varmrökt,Stearinsyra C18:0,Kött processat,0.5,g
1001,Ren stek varmrökt,Palmitoljesyra C16:1,Kött processat,0.1,g
1001,Ren stek varmrökt,Palmitinsyra C16:0,Kött processat,0.7,g
1001,Ren stek varmrökt,Myristinsyra C14:0,Kött processat,0.1,g
1001,Ren stek varmrökt,Laurinsyra C12:0,Kött processat,0.0,g
1001,Ren stek varmrökt,Betakaroten/β-Karoten,Kött processat,0.0,µg
1001,Ren stek varmrökt,Avfall (skal etc.),Kött processat,0.0,%
1001,Ren stek varmrökt,Aska,Kött processat,4.0,g
1001,Ren stek varmrökt,Alkohol,Kött processat,0.0,g
1002,Ren kött torkat,"Zink, Zn",Kött processat,12.4,mg
1002,Ren kött torkat,Vitamin E,Kött processat,0.8,mg
1002,Ren kött torkat,Vitamin D,Kött processat,0.72,µg
1002,Ren kött torkat,Vitamin C,Kött processat,0.0,mg
1002,Ren kött torkat,Vitamin B6,Kött processat,0.9,mg
1002,Ren kött torkat,Vitamin B12,Kött processat,13.8,µg
1002,Ren kött torkat,Vitamin A,Kött processat,21.0,RE/µg
1002,Ren kött torkat,Vatten,Kött processat,33.5,g
1002,Ren kött torkat,Tiamin,Kött processat,0.68,mg
1002,Ren kött torkat,Tillsatt socker,Kött processat,0.0,g
1002,Ren kött torkat,Fritt socker,Kött processat,0.0,g
1002,Ren kött torkat,"Selen, Se",Kött processat,40.0,µg
1002,Ren kött torkat,Sackaros,Kött processat,0.0,g
1002,Ren kött torkat,Riboflavin,Kött processat,1.56,mg
1002,Ren kött torkat,Retinol,Kött processat,21.0,µg
1002,Ren kött torkat,Protein,Kött processat,40.0,g
1002,Ren kött torkat,Summa fleromättade fettsyror,Kött processat,0.9,g
1002,Ren kött torkat,"Fosfor, P",Kött processat,605.0,mg
1002,Ren kött torkat,Niacinekvivalenter,Kött processat,19.8,NE/mg
1002,Ren kött torkat,Niacin,Kött processat,13.2,mg
1002,Ren kött torkat,"Salt, NaCl",Kött processat,3.0,g
1002,Ren kött torkat,"Natrium, Na",Kött processat,1200.0,mg
1002,Ren kött torkat,Monosackarider,Kött processat,0.0,g
1002,Ren kött torkat,"Sockerarter, totalt",Kött processat,0.0,g
1002,Ren kött torkat,Summa enkelomättade fettsyror,Kött processat,8.1,g
1002,Ren kött torkat,"Magnesium, Mg",Kött processat,85.0,mg
1002,Ren kött torkat,Summa mättade fettsyror,Kött processat,7.2,g
1002,Ren kött torkat,"Kolhydrater, tillgängliga",Kött processat,3.0,g
1002,Ren kött torkat,Kolesterol,Kött processat,200.0,mg
1002,Ren kött torkat,"Kalium, K",Kött processat,1140.0,mg
1002,Ren kött torkat,"Jod, I",Kött processat,6.4,µg
1002,Ren kött torkat,Fullkorn totalt,Kött processat,0.0,g
1002,Ren kött torkat,"Folat, totalt",Kött processat,24.0,µg
1002,Ren kött torkat,Fibrer,Kött processat,0.0,g
1002,Ren kött torkat,"Fett, totalt",Kött processat,17.6,g
1002,Ren kött torkat,"Järn, Fe",Kött processat,17.3,mg
1002,Ren kött torkat,Energi (kJ),Kött processat,1381.0,kJ
1002,Ren kött torkat,Energi (kcal),Kött processat,330.0,kcal
1002,Ren kött torkat,Disackarider,Kött processat,0.0,g
1002,Ren kött torkat,"Kalcium, Ca",Kött processat,34.0,mg
1002,Ren kött torkat,Fettsyra 4:0-10:0,Kött processat,0.0,g
1002,Ren kött torkat,DHA (C22:6),Kött processat,0.0,g
1002,Ren kött torkat,DPA (C22:5),Kött processat,0.0,g
1002,Ren kött torkat,EPA (C20:5),Kött processat,0.0,g
1002,Ren kött torkat,Arakidonsyra C20:4,Kött processat,0.1,g
1002,Ren kött torkat,Arakidinsyra C20:0,Kött processat,2.0,g
1002,Ren kött torkat,Linolensyra C18:3,Kött processat,0.0,g
1002,Ren kött torkat,Linolsyra C18:2,Kött processat,0.1,g
1002,Ren kött torkat,Oljesyra C18:1,Kött processat,0.5,g
1002,Ren kött torkat,Stearinsyra C18:0,Kött processat,1.1,g
1002,Ren kött torkat,Palmitoljesyra C16:1,Kött processat,6.6,g
1002,Ren kött torkat,Palmitinsyra C16:0,Kött processat,4.4,g
1002,Ren kött torkat,Myristinsyra C14:0,Kött processat,0.6,g
1002,Ren kött torkat,Laurinsyra C12:0,Kött processat,0.0,g
1002,Ren kött torkat,Betakaroten/β-Karoten,Kött processat,0.0,µg
1002,Ren kött torkat,Avfall (skal etc.),Kött processat,0.0,%
1002,Ren kött torkat,Aska,Kött processat,5.6,g
1002,Ren kött torkat,Alkohol,Kött processat,0.0,g
1003,Gris bacon rå,"Zink, Zn",Kött processat,1.2,mg
1003,Gris bacon rå,Vitamin E,Kött processat,0.4,mg
1003,Gris bacon rå,Vitamin D,Kött processat,0.48,µg
1003,Gris bacon rå,Vitamin C,Kött processat,0.0,mg
1003,Gris bacon rå,Vitamin B6,Kött processat,0.14,mg
1003,Gris bacon rå,Vitamin B12,Kött processat,0.93,µg
1003,Gris bacon rå,Vitamin A,Kött processat,9.0,RE/µg
1003,Gris bacon rå,Vatten,Kött processat,50.6,g
1003,Gris bacon rå,Tiamin,Kött processat,0.37,mg
1003,Gris bacon rå,Tillsatt socker,Kött processat,0.0,g
1003,Gris bacon rå,Fritt socker,Kött processat,0.0,g
1003,Gris bacon rå,"Selen, Se",Kött processat,8.0,µg
1003,Gris bacon rå,Sackaros,Kött processat,0.0,g
1003,Gris bacon rå,Riboflavin,Kött processat,0.1,mg
1003,Gris bacon rå,Retinol,Kött processat,9.0,µg
1003,Gris bacon rå,Protein,Kött processat,13.4,g
1003,Gris bacon rå,Summa fleromättade fettsyror,Kött processat,2.8,g
1003,Gris bacon rå,"Fosfor, P",Kött processat,142.0,mg
1003,Gris bacon rå,Niacinekvivalenter,Kött processat,5.23,NE/mg
1003,Gris bacon rå,Niacin,Kött processat,2.78,mg
1003,Gris bacon rå,"Salt, NaCl",Kött processat,2.0,g
1003,Gris bacon rå,"Natrium, Na",Kött processat,820.0,mg
1003,Gris bacon rå,Monosackarider,Kött processat,0.0,g
1003,Gris bacon rå,"Sockerarter, totalt",Kött processat,0.0,g
1003,Gris bacon rå,Summa enkelomättade fettsyror,Kött processat,14.8,g
1003,Gris bacon rå,"Magnesium, Mg",Kött processat,15.0,mg
1003,Gris bacon rå,Summa mättade fettsyror,Kött processat,13.7,g
1003,Gris bacon rå,"Kolhydrater, tillgängliga",Kött processat,0.0,g
1003,Gris bacon rå,Kolesterol,Kött processat,58.0,mg
1003,Gris bacon rå,"Kalium, K",Kött processat,190.0,mg
1003,Gris bacon rå,"Jod, I",Kött processat,0.0,µg
1003,Gris bacon rå,Fullkorn totalt,Kött processat,0.0,g
1003,Gris bacon rå,"Folat, totalt",Kött processat,2.0,µg
1003,Gris bacon rå,Fibrer,Kött processat,0.0,g
1003,Gris bacon rå,"Fett, totalt",Kött processat,32.8,g
1003,Gris bacon rå,"Järn, Fe",Kött processat,0.6,mg
1003,Gris bacon rå,Energi (kJ),Kött processat,1441.0,kJ
1003,Gris bacon rå,Energi (kcal),Kött processat,344.0,kcal
1003,Gris bacon rå,Disackarider,Kött processat,0.0,g
1003,Gris bacon rå,"Kalcium, Ca",Kött processat,7.0,mg
1003,Gris bacon rå,Fettsyra 4:0-10:0,Kött processat,0.0,g
1003,Gris bacon rå,DHA (C22:6),Kött processat,0.0,g
1003,Gris bacon rå,DPA (C22:5),Kött processat,0.0,g
1003,Gris bacon rå,EPA (C20:5),Kött processat,0.0,g
1003,Gris bacon rå,Arakidonsyra C20:4,Kött processat,0.1,g
1003,Gris bacon rå,Arakidinsyra C20:0,Kött processat,0.1,g
1003,Gris bacon rå,Linolensyra C18:3,Kött processat,0.2,g
1003,Gris bacon rå,Linolsyra C18:2,Kött processat,2.3,g
1003,Gris bacon rå,Oljesyra C18:1,Kött processat,13.4,g
1003,Gris bacon rå,Stearinsyra C18:0,Kött processat,4.5,g
1003,Gris bacon rå,Palmitoljesyra C16:1,Kött processat,0.8,g
1003,Gris bacon rå,Palmitinsyra C16:0,Kött processat,8.5,g
1003,Gris bacon rå,Myristinsyra C14:0,Kött processat,0.5,g
1003,Gris bacon rå,Laurinsyra C12:0,Kött processat,0.0,g
1003,Gris bacon rå,Betakaroten/β-Karoten,Kött processat,0.0,µg
1003,Gris bacon rå,Avfall (skal etc.),Kött processat,0.0,%
1003,Gris bacon rå,Aska,Kött processat,3.2,g
1003,Gris bacon rå,Alkohol,Kött processat,0.0,g
1004,Gris bacon stekt,"Zink, Zn",Kött processat,1.6,mg
1004,Gris bacon stekt,Vitamin E,Kött processat,0.8,mg
1004,Gris bacon stekt,Vitamin D,Kött processat,0.21,µg
1004,Gris bacon stekt,Vitamin C,Kött processat,0.0,mg
1004,Gris bacon stekt,Vitamin B6,Kött processat,0.31,mg
1004,Gris bacon stekt,Vitamin B12,Kött processat,0.51,µg
1004,Gris bacon stekt,Vitamin A,Kött processat,5.2,RE/µg
1004,Gris bacon stekt,Vatten,Kött processat,41.5,g
1004,Gris bacon stekt,Tiamin,Kött processat,0.55,mg
1004,Gris bacon stekt,Tillsatt socker,Kött processat,0.0,g
1004,Gris bacon stekt,Fritt socker,Kött processat,0.0,g
1004,Gris bacon stekt,"Selen, Se",Kött processat,10.0,µg
1004,Gris bacon stekt,Sackaros,Kött processat,0.0,g
1004,Gris bacon stekt,Riboflavin,Kött processat,0.12,mg
1004,Gris bacon stekt,Retinol,Kött processat,5.2,µg
1004,Gris bacon stekt,Protein,Kött processat,17.0,g
1004,Gris bacon stekt,Summa fleromättade fettsyror,Kött processat,3.8,g
1004,Gris bacon stekt,"Fosfor, P",Kött processat,145.0,mg
1004,Gris bacon stekt,Niacinekvivalenter,Kött processat,8.0,NE/mg
1004,Gris bacon stekt,Niacin,Kött processat,4.88,mg
1004,Gris bacon stekt,"Salt, NaCl",Kött processat,2.4,g
1004,Gris bacon stekt,"Natrium, Na",Kött processat,975.0,mg
1004,Gris bacon stekt,Monosackarider,Kött processat,0.1,g
1004,Gris bacon stekt,"Sockerarter, totalt",Kött processat,0.1,g
1004,Gris bacon stekt,Summa enkelomättade fettsyror,Kött processat,17.9,g
1004,Gris bacon stekt,"Magnesium, Mg",Kött processat,16.0,mg
1004,Gris bacon stekt,Summa mättade fettsyror,Kött processat,15.2,g
1004,Gris bacon stekt,"Kolhydrater, tillgängliga",Kött processat,0.0,g
1004,Gris bacon stekt,Kolesterol,Kött processat,45.7,mg
1004,Gris bacon stekt,"Kalium, K",Kött processat,255.0,mg
1004,Gris bacon stekt,"Jod, I",Kött processat,0.0,µg
1004,Gris bacon stekt,Fullkorn totalt,Kött processat,0.0,g
1004,Gris bacon stekt,"Folat, totalt",Kött processat,0.0,µg
1004,Gris bacon stekt,Fibrer,Kött processat,0.0,g
1004,Gris bacon stekt,"Fett, totalt",Kött processat,38.8,g
1004,Gris bacon stekt,"Järn, Fe",Kött processat,0.5,mg
1004,Gris bacon stekt,Energi (kJ),Kött processat,1725.0,kJ
1004,Gris bacon stekt,Energi (kcal),Kött processat,412.0,kcal
1004,Gris bacon stekt,Disackarider,Kött processat,0.0,g
1004,Gris bacon stekt,"Kalcium, Ca",Kött processat,4.0,mg
1004,Gris bacon stekt,Fettsyra 4:0-10:0,Kött processat,0.0,g
1004,Gris bacon stekt,DHA (C22:6),Kött processat,0.0,g
1004,Gris bacon stekt,DPA (C22:5),Kött processat,0.0,g
1004,Gris bacon stekt,EPA (C20:5),Kött processat,0.0,g
1004,Gris bacon stekt,Arakidonsyra C20:4,Kött processat,0.1,g
1004,Gris bacon stekt,Arakidinsyra C20:0,Kött processat,0.1,g
1004,Gris bacon stekt,Linolensyra C18:3,Kött processat,0.3,g
1004,Gris bacon stekt,Linolsyra C18:2,Kött processat,3.3,g
1004,Gris bacon stekt,Oljesyra C18:1,Kött processat,16.4,g
1004,Gris bacon stekt,Stearinsyra C18:0,Kött processat,5.1,g
1004,Gris bacon stekt,Palmitoljesyra C16:1,Kött processat,1.2,g
1004,Gris bacon stekt,Palmitinsyra C16:0,Kött processat,9.4,g
1004,Gris bacon stekt,Myristinsyra C14:0,Kött processat,0.5,g
1004,Gris bacon stekt,Laurinsyra C12:0,Kött processat,0.0,g
1004,Gris bacon stekt,Betakaroten/β-Karoten,Kött processat,0.0,µg
1004,Gris bacon stekt,Avfall (skal etc.),Kött processat,0.0,%
1004,Gris bacon stekt,Aska,Kött processat,2.7,g
1004,Gris bacon stekt,Alkohol,Kött processat,0.0,g
1005,Gris bog konserv. gelé 6-8%,"Zink, Zn",Kött processat,1.4,mg
1005,Gris bog konserv. gelé 6-8%,Vitamin E,Kött processat,0.3,mg
1005,Gris bog konserv. gelé 6-8%,Vitamin D,Kött processat,0.63,µg
1005,Gris bog konserv. gelé 6-8%,Vitamin C,Kött processat,0.0,mg
1005,Gris bog konserv. gelé 6-8%,Vitamin B6,Kött processat,0.27,mg
1005,Gris bog konserv. gelé 6-8%,Vitamin B12,Kött processat,0.8,µg
1005,Gris bog konserv. gelé 6-8%,Vitamin A,Kött processat,2.0,RE/µg
1005,Gris bog konserv. gelé 6-8%,Vatten,Kött processat,74.0,g
1005,Gris bog konserv. gelé 6-8%,Tiamin,Kött processat,0.57,mg
1005,Gris bog konserv. gelé 6-8%,Tillsatt socker,Kött processat,0.0,g
1005,Gris bog konserv. gelé 6-8%,Fritt socker,Kött processat,0.0,g
1005,Gris bog konserv. gelé 6-8%,"Selen, Se",Kött processat,8.0,µg
1005,Gris bog konserv. gelé 6-8%,Sackaros,Kött processat,0.0,g
1005,Gris bog konserv. gelé 6-8%,Riboflavin,Kött processat,0.37,mg
1005,Gris bog konserv. gelé 6-8%,Retinol,Kött processat,2.0,µg
1005,Gris bog konserv. gelé 6-8%,Protein,Kött processat,16.6,g
1005,Gris bog konserv. gelé 6-8%,Summa fleromättade fettsyror,Kött processat,0.6,g
1005,Gris bog konserv. gelé 6-8%,"Fosfor, P",Kött processat,140.0,mg
1005,Gris bog konserv. gelé 6-8%,Niacinekvivalenter,Kött processat,8.14,NE/mg
1005,Gris bog konserv. gelé 6-8%,Niacin,Kött processat,5.1,mg
1005,Gris bog konserv. gelé 6-8%,"Salt, NaCl",Kött processat,2.2,g
1005,Gris bog konserv. gelé 6-8%,"Natrium, Na",Kött processat,900.0,mg
1005,Gris bog konserv. gelé 6-8%,Monosackarider,Kött processat,0.0,g
1005,Gris bog konserv. gelé 6-8%,"Sockerarter, totalt",Kött processat,0.0,g
1005,Gris bog konserv. gelé 6-8%,Summa enkelomättade fettsyror,Kött processat,2.5,g
1005,Gris bog konserv. gelé 6-8%,"Magnesium, Mg",Kött processat,19.0,mg
1005,Gris bog konserv. gelé 6-8%,Summa mättade fettsyror,Kött processat,2.1,g
1005,Gris bog konserv. gelé 6-8%,"Kolhydrater, tillgängliga",Kött processat,0.2,g
1005,Gris bog konserv. gelé 6-8%,Kolesterol,Kött processat,38.0,mg
1005,Gris bog konserv. gelé 6-8%,"Kalium, K",Kött processat,265.0,mg
1005,Gris bog konserv. gelé 6-8%,"Jod, I",Kött processat,0.0,µg
1005,Gris bog konserv. gelé 6-8%,Fullkorn totalt,Kött processat,0.0,g
1005,Gris bog konserv. gelé 6-8%,"Folat, totalt",Kött processat,6.0,µg
1005,Gris bog konserv. gelé 6-8%,Fibrer,Kött processat,0.0,g
1005,Gris bog konserv. gelé 6-8%,"Fett, totalt",Kött processat,5.4,g
1005,Gris bog konserv. gelé 6-8%,"Järn, Fe",Kött processat,0.7,mg
1005,Gris bog konserv. gelé 6-8%,Energi (kJ),Kött processat,485.0,kJ
1005,Gris bog konserv. gelé 6-8%,Energi (kcal),Kött processat,116.0,kcal
1005,Gris bog konserv. gelé 6-8%,Disackarider,Kött processat,0.0,g
1005,Gris bog konserv. gelé 6-8%,"Kalcium, Ca",Kött processat,15.0,mg
1005,Gris bog konserv. gelé 6-8%,Fettsyra 4:0-10:0,Kött processat,0.0,g
1005,Gris bog konserv. gelé 6-8%,DHA (C22:6),Kött processat,0.0,g
1005,Gris bog konserv. gelé 6-8%,DPA (C22:5),Kött processat,0.0,g
1005,Gris bog konserv. gelé 6-8%,EPA (C20:5),Kött processat,0.0,g
1005,Gris bog konserv. gelé 6-8%,Arakidonsyra C20:4,Kött processat,0.0,g
1005,Gris bog konserv. gelé 6-8%,Arakidinsyra C20:0,Kött processat,0.0,g
1005,Gris bog konserv. gelé 6-8%,Linolensyra C18:3,Kött processat,0.0,g
1005,Gris bog konserv. gelé 6-8%,Linolsyra C18:2,Kött processat,0.4,g
1005,Gris bog konserv. gelé 6-8%,Oljesyra C18:1,Kött processat,2.3,g
1005,Gris bog konserv. gelé 6-8%,Stearinsyra C18:0,Kött processat,0.7,g
1005,Gris bog konserv. gelé 6-8%,Palmitoljesyra C16:1,Kött processat,0.2,g
1005,Gris bog konserv. gelé 6-8%,Palmitinsyra C16:0,Kött processat,1.3,g
1005,Gris bog konserv. gelé 6-8%,Myristinsyra C14:0,Kött processat,0.1,g
1005,Gris bog konserv. gelé 6-8%,Laurinsyra C12:0,Kött processat,0.0,g
1005,Gris bog konserv. gelé 6-8%,Betakaroten/β-Karoten,Kött processat,0.0,µg
1005,Gris bog konserv. gelé 6-8%,Avfall (skal etc.),Kött processat,0.0,%
1005,Gris bog konserv. gelé 6-8%,Aska,Kött processat,3.8,g
1005,Gris bog konserv. gelé 6-8%,Alkohol,Kött processat,0.0,g
1006,Gris kassler kotlettrad rökt,"Zink, Zn",Kött processat,3.6,mg
1006,Gris kassler kotlettrad rökt,Vitamin E,Kött processat,0.4,mg
1006,Gris kassler kotlettrad rökt,Vitamin D,Kött processat,0.57,µg
1006,Gris kassler kotlettrad rökt,Vitamin C,Kött processat,0.0,mg
1006,Gris kassler kotlettrad rökt,Vitamin B6,Kött processat,0.4,mg
1006,Gris kassler kotlettrad rökt,Vitamin B12,Kött processat,0.9,µg
1006,Gris kassler kotlettrad rökt,Vitamin A,Kött processat,9.0,RE/µg
1006,Gris kassler kotlettrad rökt,Vatten,Kött processat,71.0,g
1006,Gris kassler kotlettrad rökt,Tiamin,Kött processat,0.42,mg
1006,Gris kassler kotlettrad rökt,Tillsatt socker,Kött processat,0.0,g
1006,Gris kassler kotlettrad rökt,Fritt socker,Kött processat,0.0,g
1006,Gris kassler kotlettrad rökt,"Selen, Se",Kött processat,5.8,µg
1006,Gris kassler kotlettrad rökt,Sackaros,Kött processat,0.0,g
1006,Gris kassler kotlettrad rökt,Riboflavin,Kött processat,0.2,mg
1006,Gris kassler kotlettrad rökt,Retinol,Kött processat,9.0,µg
1006,Gris kassler kotlettrad rökt,Protein,Kött processat,20.7,g
1006,Gris kassler kotlettrad rökt,Summa fleromättade fettsyror,Kött processat,0.2,g
1006,Gris kassler kotlettrad rökt,"Fosfor, P",Kött processat,220.0,mg
1006,Gris kassler kotlettrad rökt,Niacinekvivalenter,Kött processat,7.1,NE/mg
1006,Gris kassler kotlettrad rökt,Niacin,Kött processat,3.3,mg
1006,Gris kassler kotlettrad rökt,"Salt, NaCl",Kött processat,4.3,g
1006,Gris kassler kotlettrad rökt,"Natrium, Na",Kött processat,1725.0,mg
1006,Gris kassler kotlettrad rökt,Monosackarider,Kött processat,0.0,g
1006,Gris kassler kotlettrad rökt,"Sockerarter, totalt",Kött processat,0.0,g
1006,Gris kassler kotlettrad rökt,Summa enkelomättade fettsyror,Kött processat,1.0,g
1006,Gris kassler kotlettrad rökt,"Magnesium, Mg",Kött processat,22.0,mg
1006,Gris kassler kotlettrad rökt,Summa mättade fettsyror,Kött processat,0.8,g
1006,Gris kassler kotlettrad rökt,"Kolhydrater, tillgängliga",Kött processat,0.5,g
1006,Gris kassler kotlettrad rökt,Kolesterol,Kött processat,57.0,mg
1006,Gris kassler kotlettrad rökt,"Kalium, K",Kött processat,313.0,mg
1006,Gris kassler kotlettrad rökt,"Jod, I",Kött processat,0.0,µg
1006,Gris kassler kotlettrad rökt,Fullkorn totalt,Kött processat,0.0,g
1006,Gris kassler kotlettrad rökt,"Folat, totalt",Kött processat,2.1,µg
1006,Gris kassler kotlettrad rökt,Fibrer,Kött processat,0.0,g
1006,Gris kassler kotlettrad rökt,"Fett, totalt",Kött processat,2.2,g
1006,Gris kassler kotlettrad rökt,"Järn, Fe",Kött processat,0.7,mg
1006,Gris kassler kotlettrad rökt,Energi (kJ),Kött processat,442.0,kJ
1006,Gris kassler kotlettrad rökt,Energi (kcal),Kött processat,106.0,kcal
1006,Gris kassler kotlettrad rökt,Disackarider,Kött processat,0.0,g
1006,Gris kassler kotlettrad rökt,"Kalcium, Ca",Kött processat,10.0,mg
1006,Gris kassler kotlettrad rökt,Fettsyra 4:0-10:0,Kött processat,0.0,g
1006,Gris kassler kotlettrad rökt,DHA (C22:6),Kött processat,0.0,g
1006,Gris kassler kotlettrad rökt,DPA (C22:5),Kött processat,0.0,g
1006,Gris kassler kotlettrad rökt,EPA (C20:5),Kött processat,0.0,g
1006,Gris kassler kotlettrad rökt,Arakidonsyra C20:4,Kött processat,0.0,g
1006,Gris kassler kotlettrad rökt,Arakidinsyra C20:0,Kött processat,0.0,g
1006,Gris kassler kotlettrad rökt,Linolensyra C18:3,Kött processat,0.0,g
1006,Gris kassler kotlettrad rökt,Linolsyra C18:2,Kött processat,0.2,g
1006,Gris kassler kotlettrad rökt,Oljesyra C18:1,Kött processat,0.9,g
1006,Gris kassler kotlettrad rökt,Stearinsyra C18:0,Kött processat,0.3,g
1006,Gris kassler kotlettrad rökt,Palmitoljesyra C16:1,Kött processat,0.1,g
1006,Gris kassler kotlettrad rökt,Palmitinsyra C16:0,Kött processat,0.5,g
1006,Gris kassler kotlettrad rökt,Myristinsyra C14:0,Kött processat,0.0,g
1006,Gris kassler kotlettrad rökt,Laurinsyra C12:0,Kött processat,0.0,g
1006,Gris kassler kotlettrad rökt,Betakaroten/β-Karoten,Kött processat,0.0,µg
1006,Gris kassler kotlettrad rökt,Avfall (skal etc.),Kött processat,0.0,%
1006,Gris kassler kotlettrad rökt,Aska,Kött processat,5.6,g
1006,Gris kassler kotlettrad rökt,Alkohol,Kött processat,0.0,g
1008,Gris skinka lufttorkad italiensk,"Zink, Zn",Kött processat,3.4,mg
1008,Gris skinka lufttorkad italiensk,Vitamin E,Kött processat,0.0,mg
1008,Gris skinka lufttorkad italiensk,Vitamin D,Kött processat,0.24,µg
1008,Gris skinka lufttorkad italiensk,Vitamin C,Kött processat,0.0,mg
1008,Gris skinka lufttorkad italiensk,Vitamin B6,Kött processat,0.63,mg
1008,Gris skinka lufttorkad italiensk,Vitamin B12,Kött processat,0.76,µg
1008,Gris skinka lufttorkad italiensk,Vitamin A,Kött processat,8.0,RE/µg
1008,Gris skinka lufttorkad italiensk,Vatten,Kött processat,48.2,g
1008,Gris skinka lufttorkad italiensk,Tiamin,Kött processat,0.76,mg
1008,Gris skinka lufttorkad italiensk,Tillsatt socker,Kött processat,0.0,g
1008,Gris skinka lufttorkad italiensk,Fritt socker,Kött processat,0.0,g
1008,Gris skinka lufttorkad italiensk,"Selen, Se",Kött processat,25.3,µg
1008,Gris skinka lufttorkad italiensk,Sackaros,Kött processat,0.0,g
1008,Gris skinka lufttorkad italiensk,Riboflavin,Kött processat,0.36,mg
1008,Gris skinka lufttorkad italiensk,Retinol,Kött processat,8.0,µg
1008,Gris skinka lufttorkad italiensk,Protein,Kött processat,31.9,g
1008,Gris skinka lufttorkad italiensk,Summa fleromättade fettsyror,Kött processat,2.2,g
1008,Gris skinka lufttorkad italiensk,"Fosfor, P",Kött processat,236.0,mg
1008,Gris skinka lufttorkad italiensk,Niacinekvivalenter,Kött processat,14.7,NE/mg
1008,Gris skinka lufttorkad italiensk,Niacin,Kött processat,8.8,mg
1008,Gris skinka lufttorkad italiensk,"Salt, NaCl",Kött processat,4.6,g
1008,Gris skinka lufttorkad italiensk,"Natrium, Na",Kött processat,1839.0,mg
1008,Gris skinka lufttorkad italiensk,Monosackarider,Kött processat,0.0,g
1008,Gris skinka lufttorkad italiensk,"Sockerarter, totalt",Kött processat,0.0,g
1008,Gris skinka lufttorkad italiensk,Summa enkelomättade fettsyror,Kött processat,5.4,g
1008,Gris skinka lufttorkad italiensk,"Magnesium, Mg",Kött processat,31.0,mg
1008,Gris skinka lufttorkad italiensk,Summa mättade fettsyror,Kött processat,4.0,g
1008,Gris skinka lufttorkad italiensk,"Kolhydrater, tillgängliga",Kött processat,1.5,g
1008,Gris skinka lufttorkad italiensk,Kolesterol,Kött processat,85.2,mg
1008,Gris skinka lufttorkad italiensk,"Kalium, K",Kött processat,533.0,mg
1008,Gris skinka lufttorkad italiensk,"Jod, I",Kött processat,3.0,µg
1008,Gris skinka lufttorkad italiensk,Fullkorn totalt,Kött processat,0.0,g
1008,Gris skinka lufttorkad italiensk,"Folat, totalt",Kött processat,11.1,µg
1008,Gris skinka lufttorkad italiensk,Fibrer,Kött processat,0.0,g
1008,Gris skinka lufttorkad italiensk,"Fett, totalt",Kött processat,12.4,g
1008,Gris skinka lufttorkad italiensk,"Järn, Fe",Kött processat,1.1,mg
1008,Gris skinka lufttorkad italiensk,Energi (kJ),Kött processat,1027.0,kJ
1008,Gris skinka lufttorkad italiensk,Energi (kcal),Kött processat,245.0,kcal
1008,Gris skinka lufttorkad italiensk,Disackarider,Kött processat,0.0,g
1008,Gris skinka lufttorkad italiensk,"Kalcium, Ca",Kött processat,14.0,mg
1008,Gris skinka lufttorkad italiensk,Fettsyra 4:0-10:0,Kött processat,0.0,g
1008,Gris skinka lufttorkad italiensk,DHA (C22:6),Kött processat,0.0,g
1008,Gris skinka lufttorkad italiensk,DPA (C22:5),Kött processat,0.0,g
1008,Gris skinka lufttorkad italiensk,EPA (C20:5),Kött processat,0.0,g
1008,Gris skinka lufttorkad italiensk,Arakidonsyra C20:4,Kött processat,0.0,g
1008,Gris skinka lufttorkad italiensk,Arakidinsyra C20:0,Kött processat,0.0,g
1008,Gris skinka lufttorkad italiensk,Linolensyra C18:3,Kött processat,0.1,g
1008,Gris skinka lufttorkad italiensk,Linolsyra C18:2,Kött processat,2.0,g
1008,Gris skinka lufttorkad italiensk,Oljesyra C18:1,Kött processat,4.9,g
1008,Gris skinka lufttorkad italiensk,Stearinsyra C18:0,Kött processat,1.2,g
1008,Gris skinka lufttorkad italiensk,Palmitoljesyra C16:1,Kött processat,0.3,g
1008,Gris skinka lufttorkad italiensk,Palmitinsyra C16:0,Kött processat,2.5,g
1008,Gris skinka lufttorkad italiensk,Myristinsyra C14:0,Kött processat,0.2,g
1008,Gris skinka lufttorkad italiensk,Laurinsyra C12:0,Kött processat,0.0,g
1008,Gris skinka lufttorkad italiensk,Betakaroten/β-Karoten,Kött processat,0.0,µg
1008,Gris skinka lufttorkad italiensk,Avfall (skal etc.),Kött processat,0.0,%
1008,Gris skinka lufttorkad italiensk,Aska,Kött processat,6.0,g
1008,Gris skinka lufttorkad italiensk,Alkohol,Kött processat,0.0,g
1009,Gris skinka rökt fett 6%,"Zink, Zn",Kött processat,3.0,mg
1009,Gris skinka rökt fett 6%,Vitamin E,Kött processat,0.3,mg
1009,Gris skinka rökt fett 6%,Vitamin D,Kött processat,0.63,µg
1009,Gris skinka rökt fett 6%,Vitamin C,Kött processat,0.0,mg
1009,Gris skinka rökt fett 6%,Vitamin B6,Kött processat,0.39,mg
1009,Gris skinka rökt fett 6%,Vitamin B12,Kött processat,0.7,µg
1009,Gris skinka rökt fett 6%,Vitamin A,Kött processat,2.0,RE/µg
1009,Gris skinka rökt fett 6%,Vatten,Kött processat,68.6,g
1009,Gris skinka rökt fett 6%,Tiamin,Kött processat,0.75,mg
1009,Gris skinka rökt fett 6%,Tillsatt socker,Kött processat,1.0,g
1009,Gris skinka rökt fett 6%,Fritt socker,Kött processat,1.0,g
1009,Gris skinka rökt fett 6%,"Selen, Se",Kött processat,6.0,µg
1009,Gris skinka rökt fett 6%,Sackaros,Kött processat,0.0,g
1009,Gris skinka rökt fett 6%,Riboflavin,Kött processat,0.17,mg
1009,Gris skinka rökt fett 6%,Retinol,Kött processat,2.0,µg
1009,Gris skinka rökt fett 6%,Protein,Kött processat,21.0,g
1009,Gris skinka rökt fett 6%,Summa fleromättade fettsyror,Kött processat,0.7,g
1009,Gris skinka rökt fett 6%,"Fosfor, P",Kött processat,172.0,mg
1009,Gris skinka rökt fett 6%,Niacinekvivalenter,Kött processat,10.05,NE/mg
1009,Gris skinka rökt fett 6%,Niacin,Kött processat,6.2,mg
1009,Gris skinka rökt fett 6%,"Salt, NaCl",Kött processat,3.6,g
1009,Gris skinka rökt fett 6%,"Natrium, Na",Kött processat,1440.0,mg
1009,Gris skinka rökt fett 6%,Monosackarider,Kött processat,0.8,g
1009,Gris skinka rökt fett 6%,"Sockerarter, totalt",Kött processat,0.8,g
1009,Gris skinka rökt fett 6%,Summa enkelomättade fettsyror,Kött processat,2.5,g
1009,Gris skinka rökt fett 6%,"Magnesium, Mg",Kött processat,17.0,mg
1009,Gris skinka rökt fett 6%,Summa mättade fettsyror,Kött processat,2.6,g
1009,Gris skinka rökt fett 6%,"Kolhydrater, tillgängliga",Kött processat,0.0,g
1009,Gris skinka rökt fett 6%,Kolesterol,Kött processat,50.0,mg
1009,Gris skinka rökt fett 6%,"Kalium, K",Kött processat,285.0,mg
1009,Gris skinka rökt fett 6%,"Jod, I",Kött processat,0.0,µg
1009,Gris skinka rökt fett 6%,Fullkorn totalt,Kött processat,0.0,g
1009,Gris skinka rökt fett 6%,"Folat, totalt",Kött processat,3.0,µg
1009,Gris skinka rökt fett 6%,Fibrer,Kött processat,0.0,g
1009,Gris skinka rökt fett 6%,"Fett, totalt",Kött processat,6.0,g
1009,Gris skinka rökt fett 6%,"Järn, Fe",Kött processat,0.7,mg
1009,Gris skinka rökt fett 6%,Energi (kJ),Kött processat,579.0,kJ
1009,Gris skinka rökt fett 6%,Energi (kcal),Kött processat,138.0,kcal
1009,Gris skinka rökt fett 6%,Disackarider,Kött processat,0.0,g
1009,Gris skinka rökt fett 6%,"Kalcium, Ca",Kött processat,12.0,mg
1009,Gris skinka rökt fett 6%,Fettsyra 4:0-10:0,Kött processat,0.0,g
1009,Gris skinka rökt fett 6%,DHA (C22:6),Kött processat,0.0,g
1009,Gris skinka rökt fett 6%,DPA (C22:5),Kött processat,0.0,g
1009,Gris skinka rökt fett 6%,EPA (C20:5),Kött processat,0.0,g
1009,Gris skinka rökt fett 6%,Arakidonsyra C20:4,Kött processat,0.0,g
1009,Gris skinka rökt fett 6%,Arakidinsyra C20:0,Kött processat,0.0,g
1009,Gris skinka rökt fett 6%,Linolensyra C18:3,Kött processat,0.0,g
1009,Gris skinka rökt fett 6%,Linolsyra C18:2,Kött processat,0.5,g
1009,Gris skinka rökt fett 6%,Oljesyra C18:1,Kött processat,2.2,g
1009,Gris skinka rökt fett 6%,Stearinsyra C18:0,Kött processat,0.9,g
1009,Gris skinka rökt fett 6%,Palmitoljesyra C16:1,Kött processat,0.2,g
1009,Gris skinka rökt fett 6%,Palmitinsyra C16:0,Kött processat,1.5,g
1009,Gris skinka rökt fett 6%,Myristinsyra C14:0,Kött processat,0.1,g
1009,Gris skinka rökt fett 6%,Laurinsyra C12:0,Kött processat,0.0,g
1009,Gris skinka rökt fett 6%,Betakaroten/β-Karoten,Kött processat,0.0,µg
1009,Gris skinka rökt fett 6%,Avfall (skal etc.),Kött processat,0.0,%
1009,Gris skinka rökt fett 6%,Aska,Kött processat,4.4,g
1009,Gris skinka rökt fett 6%,Alkohol,Kött processat,0.0,g
1010,Gris skinka skivad rökt fett 1-3%,"Zink, Zn",Kött processat,1.6,mg
1010,Gris skinka skivad rökt fett 1-3%,Vitamin E,Kött processat,0.3,mg
1010,Gris skinka skivad rökt fett 1-3%,Vitamin D,Kött processat,0.0,µg
1010,Gris skinka skivad rökt fett 1-3%,Vitamin C,Kött processat,0.0,mg
1010,Gris skinka skivad rökt fett 1-3%,Vitamin B6,Kött processat,0.3,mg
1010,Gris skinka skivad rökt fett 1-3%,Vitamin B12,Kött processat,0.3,µg
1010,Gris skinka skivad rökt fett 1-3%,Vitamin A,Kött processat,0.0,RE/µg
1010,Gris skinka skivad rökt fett 1-3%,Vatten,Kött processat,73.9,g
1010,Gris skinka skivad rökt fett 1-3%,Tiamin,Kött processat,0.92,mg
1010,Gris skinka skivad rökt fett 1-3%,Tillsatt socker,Kött processat,1.0,g
1010,Gris skinka skivad rökt fett 1-3%,Fritt socker,Kött processat,1.0,g
1010,Gris skinka skivad rökt fett 1-3%,"Selen, Se",Kött processat,11.0,µg
1010,Gris skinka skivad rökt fett 1-3%,Sackaros,Kött processat,0.0,g
1010,Gris skinka skivad rökt fett 1-3%,Riboflavin,Kött processat,0.17,mg
1010,Gris skinka skivad rökt fett 1-3%,Retinol,Kött processat,0.0,µg
1010,Gris skinka skivad rökt fett 1-3%,Protein,Kött processat,18.4,g
1010,Gris skinka skivad rökt fett 1-3%,Summa fleromättade fettsyror,Kött processat,0.2,g
1010,Gris skinka skivad rökt fett 1-3%,"Fosfor, P",Kött processat,339.0,mg
1010,Gris skinka skivad rökt fett 1-3%,Niacinekvivalenter,Kött processat,10.1,NE/mg
1010,Gris skinka skivad rökt fett 1-3%,Niacin,Kött processat,6.74,mg
1010,Gris skinka skivad rökt fett 1-3%,"Salt, NaCl",Kött processat,3.8,g
1010,Gris skinka skivad rökt fett 1-3%,"Natrium, Na",Kött processat,1500.0,mg
1010,Gris skinka skivad rökt fett 1-3%,Monosackarider,Kött processat,0.8,g
1010,Gris skinka skivad rökt fett 1-3%,"Sockerarter, totalt",Kött processat,0.8,g
1010,Gris skinka skivad rökt fett 1-3%,Summa enkelomättade fettsyror,Kött processat,1.0,g
1010,Gris skinka skivad rökt fett 1-3%,"Magnesium, Mg",Kött processat,24.0,mg
1010,Gris skinka skivad rökt fett 1-3%,Summa mättade fettsyror,Kött processat,0.7,g
1010,Gris skinka skivad rökt fett 1-3%,"Kolhydrater, tillgängliga",Kött processat,1.3,g
1010,Gris skinka skivad rökt fett 1-3%,Kolesterol,Kött processat,48.3,mg
1010,Gris skinka skivad rökt fett 1-3%,"Kalium, K",Kött processat,379.0,mg
1010,Gris skinka skivad rökt fett 1-3%,"Jod, I",Kött processat,0.0,µg
1010,Gris skinka skivad rökt fett 1-3%,Fullkorn totalt,Kött processat,0.0,g
1010,Gris skinka skivad rökt fett 1-3%,"Folat, totalt",Kött processat,0.0,µg
1010,Gris skinka skivad rökt fett 1-3%,Fibrer,Kött processat,0.0,g
1010,Gris skinka skivad rökt fett 1-3%,"Fett, totalt",Kött processat,2.2,g
1010,Gris skinka skivad rökt fett 1-3%,"Järn, Fe",Kött processat,0.6,mg
1010,Gris skinka skivad rökt fett 1-3%,Energi (kJ),Kött processat,416.0,kJ
1010,Gris skinka skivad rökt fett 1-3%,Energi (kcal),Kött processat,99.0,kcal
1010,Gris skinka skivad rökt fett 1-3%,Disackarider,Kött processat,0.0,g
1010,Gris skinka skivad rökt fett 1-3%,"Kalcium, Ca",Kött processat,6.0,mg
1010,Gris skinka skivad rökt fett 1-3%,Fettsyra 4:0-10:0,Kött processat,0.0,g
1010,Gris skinka skivad rökt fett 1-3%,DHA (C22:6),Kött processat,0.0,g
1010,Gris skinka skivad rökt fett 1-3%,DPA (C22:5),Kött processat,0.0,g
1010,Gris skinka skivad rökt fett 1-3%,EPA (C20:5),Kött processat,0.0,g
1010,Gris skinka skivad rökt fett 1-3%,Arakidonsyra C20:4,Kött processat,0.0,g
1010,Gris skinka skivad rökt fett 1-3%,Arakidinsyra C20:0,Kött processat,0.0,g
1010,Gris skinka skivad rökt fett 1-3%,Linolensyra C18:3,Kött processat,0.0,g
1010,Gris skinka skivad rökt fett 1-3%,Linolsyra C18:2,Kött processat,0.2,g
1010,Gris skinka skivad rökt fett 1-3%,Oljesyra C18:1,Kött processat,1.0,g
1010,Gris skinka skivad rökt fett 1-3%,Stearinsyra C18:0,Kött processat,0.2,g
1010,Gris skinka skivad rökt fett 1-3%,Palmitoljesyra C16:1,Kött processat,0.1,g
1010,Gris skinka skivad rökt fett 1-3%,Palmitinsyra C16:0,Kött processat,0.5,g
1010,Gris skinka skivad rökt fett 1-3%,Myristinsyra C14:0,Kött processat,0.0,g
1010,Gris skinka skivad rökt fett 1-3%,Laurinsyra C12:0,Kött processat,0.0,g
1010,Gris skinka skivad rökt fett 1-3%,Betakaroten/β-Karoten,Kött processat,0.0,µg
1010,Gris skinka skivad rökt fett 1-3%,Avfall (skal etc.),Kött processat,0.0,%
1010,Gris skinka skivad rökt fett 1-3%,Aska,Kött processat,4.2,g
1010,Gris skinka skivad rökt fett 1-3%,Alkohol,Kött processat,0.0,g
1011,Gris sidfläsk rökt,"Zink, Zn",Kött processat,1.7,mg
1011,Gris sidfläsk rökt,Vitamin E,Kött processat,0.3,mg
1011,Gris sidfläsk rökt,Vitamin D,Kött processat,0.63,µg
1011,Gris sidfläsk rökt,Vitamin C,Kött processat,0.0,mg
1011,Gris sidfläsk rökt,Vitamin B6,Kött processat,0.15,mg
1011,Gris sidfläsk rökt,Vitamin B12,Kött processat,0.6,µg
1011,Gris sidfläsk rökt,Vitamin A,Kött processat,2.0,RE/µg
1011,Gris sidfläsk rökt,Vatten,Kött processat,43.5,g
1011,Gris sidfläsk rökt,Tiamin,Kött processat,0.48,mg
1011,Gris sidfläsk rökt,Tillsatt socker,Kött processat,0.0,g
1011,Gris sidfläsk rökt,Fritt socker,Kött processat,0.0,g
1011,Gris sidfläsk rökt,"Selen, Se",Kött processat,5.0,µg
1011,Gris sidfläsk rökt,Sackaros,Kött processat,0.0,g
1011,Gris sidfläsk rökt,Riboflavin,Kött processat,0.16,mg
1011,Gris sidfläsk rökt,Retinol,Kött processat,2.0,µg
1011,Gris sidfläsk rökt,Protein,Kött processat,15.4,g
1011,Gris sidfläsk rökt,Summa fleromättade fettsyror,Kött processat,3.8,g
1011,Gris sidfläsk rökt,"Fosfor, P",Kött processat,90.0,mg
1011,Gris sidfläsk rökt,Niacinekvivalenter,Kött processat,5.82,NE/mg
1011,Gris sidfläsk rökt,Niacin,Kött processat,3.0,mg
1011,Gris sidfläsk rökt,"Salt, NaCl",Kött processat,2.0,g
1011,Gris sidfläsk rökt,"Natrium, Na",Kött processat,820.0,mg
1011,Gris sidfläsk rökt,Monosackarider,Kött processat,0.1,g
1011,Gris sidfläsk rökt,"Sockerarter, totalt",Kött processat,0.1,g
1011,Gris sidfläsk rökt,Summa enkelomättade fettsyror,Kött processat,17.5,g
1011,Gris sidfläsk rökt,"Magnesium, Mg",Kött processat,15.0,mg
1011,Gris sidfläsk rökt,Summa mättade fettsyror,Kött processat,14.4,g
1011,Gris sidfläsk rökt,"Kolhydrater, tillgängliga",Kött processat,0.0,g
1011,Gris sidfläsk rökt,Kolesterol,Kött processat,67.0,mg
1011,Gris sidfläsk rökt,"Kalium, K",Kött processat,200.0,mg
1011,Gris sidfläsk rökt,"Jod, I",Kött processat,0.0,µg
1011,Gris sidfläsk rökt,Fullkorn totalt,Kött processat,0.0,g
1011,Gris sidfläsk rökt,"Folat, totalt",Kött processat,2.0,µg
1011,Gris sidfläsk rökt,Fibrer,Kött processat,0.0,g
1011,Gris sidfläsk rökt,"Fett, totalt",Kött processat,37.5,g
1011,Gris sidfläsk rökt,"Järn, Fe",Kött processat,0.5,mg
1011,Gris sidfläsk rökt,Energi (kJ),Kött processat,1649.0,kJ
1011,Gris sidfläsk rökt,Energi (kcal),Kött processat,394.0,kcal
1011,Gris sidfläsk rökt,Disackarider,Kött processat,0.0,g
1011,Gris sidfläsk rökt,"Kalcium, Ca",Kött processat,4.0,mg
1011,Gris sidfläsk rökt,Fettsyra 4:0-10:0,Kött processat,0.0,g
1011,Gris sidfläsk rökt,DHA (C22:6),Kött processat,0.1,g
1011,Gris sidfläsk rökt,DPA (C22:5),Kött processat,0.1,g
1011,Gris sidfläsk rökt,EPA (C20:5),Kött processat,0.0,g
1011,Gris sidfläsk rökt,Arakidonsyra C20:4,Kött processat,0.2,g
1011,Gris sidfläsk rökt,Arakidinsyra C20:0,Kött processat,0.1,g
1011,Gris sidfläsk rökt,Linolensyra C18:3,Kött processat,0.2,g
1011,Gris sidfläsk rökt,Linolsyra C18:2,Kött processat,2.9,g
1011,Gris sidfläsk rökt,Oljesyra C18:1,Kött processat,15.7,g
1011,Gris sidfläsk rökt,Stearinsyra C18:0,Kött processat,4.7,g
1011,Gris sidfläsk rökt,Palmitoljesyra C16:1,Kött processat,1.3,g
1011,Gris sidfläsk rökt,Palmitinsyra C16:0,Kött processat,9.0,g
1011,Gris sidfläsk rökt,Myristinsyra C14:0,Kött processat,0.5,g
1011,Gris sidfläsk rökt,Laurinsyra C12:0,Kött processat,0.0,g
1011,Gris sidfläsk rökt,Betakaroten/β-Karoten,Kött processat,0.0,µg
1011,Gris sidfläsk rökt,Avfall (skal etc.),Kött processat,10.0,%
1011,Gris sidfläsk rökt,Aska,Kött processat,3.6,g
1011,Gris sidfläsk rökt,Alkohol,Kött processat,0.0,g
1012,Nöt kött konserv.,"Zink, Zn",Kött processat,3.7,mg
1012,Nöt kött konserv.,Vitamin E,Kött processat,0.3,mg
1012,Nöt kött konserv.,Vitamin D,Kött processat,0.36,µg
1012,Nöt kött konserv.,Vitamin C,Kött processat,0.0,mg
1012,Nöt kött konserv.,Vitamin B6,Kött processat,0.06,mg
1012,Nöt kött konserv.,Vitamin B12,Kött processat,2.0,µg
1012,Nöt kött konserv.,Vitamin A,Kött processat,13.9,RE/µg
1012,Nöt kött konserv.,Vatten,Kött processat,58.0,g
1012,Nöt kött konserv.,Tiamin,Kött processat,0.0,mg
1012,Nöt kött konserv.,Tillsatt socker,Kött processat,0.0,g
1012,Nöt kött konserv.,Fritt socker,Kött processat,0.0,g
1012,Nöt kött konserv.,"Selen, Se",Kött processat,5.0,µg
1012,Nöt kött konserv.,Sackaros,Kött processat,0.0,g
1012,Nöt kött konserv.,Riboflavin,Kött processat,0.23,mg
1012,Nöt kött konserv.,Retinol,Kött processat,12.0,µg
1012,Nöt kött konserv.,Protein,Kött processat,27.0,g
1012,Nöt kött konserv.,Summa fleromättade fettsyror,Kött processat,0.5,g
1012,Nöt kött konserv.,"Fosfor, P",Kött processat,120.0,mg
1012,Nöt kött konserv.,Niacinekvivalenter,Kött processat,7.45,NE/mg
1012,Nöt kött konserv.,Niacin,Kött processat,2.5,mg
1012,Nöt kött konserv.,"Salt, NaCl",Kött processat,2.4,g
1012,Nöt kött konserv.,"Natrium, Na",Kött processat,950.0,mg
1012,Nöt kött konserv.,Monosackarider,Kött processat,0.0,g
1012,Nöt kött konserv.,"Sockerarter, totalt",Kött processat,0.0,g
1012,Nöt kött konserv.,Summa enkelomättade fettsyror,Kött processat,4.9,g
1012,Nöt kött konserv.,"Magnesium, Mg",Kött processat,15.0,mg
1012,Nöt kött konserv.,Summa mättade fettsyror,Kött processat,5.8,g
1012,Nöt kött konserv.,"Kolhydrater, tillgängliga",Kött processat,0.4,g
1012,Nöt kött konserv.,Kolesterol,Kött processat,85.0,mg
1012,Nöt kött konserv.,"Kalium, K",Kött processat,140.0,mg
1012,Nöt kött konserv.,"Jod, I",Kött processat,25.8,µg
1012,Nöt kött konserv.,Fullkorn totalt,Kött processat,0.0,g
1012,Nöt kött konserv.,"Folat, totalt",Kött processat,2.0,µg
1012,Nöt kött konserv.,Fibrer,Kött processat,0.0,g
1012,Nöt kött konserv.,"Fett, totalt",Kött processat,12.1,g
1012,Nöt kött konserv.,"Järn, Fe",Kött processat,2.3,mg
1012,Nöt kött konserv.,Energi (kJ),Kött processat,914.0,kJ
1012,Nöt kött konserv.,Energi (kcal),Kött processat,218.0,kcal
1012,Nöt kött konserv.,Disackarider,Kött processat,0.0,g
1012,Nöt kött konserv.,"Kalcium, Ca",Kött processat,14.0,mg
1012,Nöt kött konserv.,Fettsyra 4:0-10:0,Kött processat,0.0,g
1012,Nöt kött konserv.,DHA (C22:6),Kött processat,0.0,g
1012,Nöt kött konserv.,DPA (C22:5),Kött processat,0.0,g
1012,Nöt kött konserv.,EPA (C20:5),Kött processat,0.0,g
1012,Nöt kött konserv.,Arakidonsyra C20:4,Kött processat,0.0,g
1012,Nöt kött konserv.,Arakidinsyra C20:0,Kött processat,0.0,g
1012,Nöt kött konserv.,Linolensyra C18:3,Kött processat,0.1,g
1012,Nöt kött konserv.,Linolsyra C18:2,Kött processat,0.3,g
1012,Nöt kött konserv.,Oljesyra C18:1,Kött processat,4.4,g
1012,Nöt kött konserv.,Stearinsyra C18:0,Kött processat,2.3,g
1012,Nöt kött konserv.,Palmitoljesyra C16:1,Kött processat,0.3,g
1012,Nöt kött konserv.,Palmitinsyra C16:0,Kött processat,2.9,g
1012,Nöt kött konserv.,Myristinsyra C14:0,Kött processat,0.3,g
1012,Nöt kött konserv.,Laurinsyra C12:0,Kött processat,0.0,g
1012,Nöt kött konserv.,Betakaroten/β-Karoten,Kött processat,23.0,µg
1012,Nöt kött konserv.,Avfall (skal etc.),Kött processat,0.0,%
1012,Nöt kött konserv.,Aska,Kött processat,2.5,g
1012,Nöt kött konserv.,Alkohol,Kött processat,0.0,g
1013,Nöt flankstek rå,"Zink, Zn",Kött färskt fryst tillagat ,3.8,mg
1013,Nöt flankstek rå,Vitamin E,Kött färskt fryst tillagat ,0.1,mg
1013,Nöt flankstek rå,Vitamin D,Kött färskt fryst tillagat ,0.5,µg
1013,Nöt flankstek rå,Vitamin C,Kött färskt fryst tillagat ,0.0,mg
1013,Nöt flankstek rå,Vitamin B6,Kött färskt fryst tillagat ,0.5,mg
1013,Nöt flankstek rå,Vitamin B12,Kött färskt fryst tillagat ,1.4,µg
1013,Nöt flankstek rå,Vitamin A,Kött färskt fryst tillagat ,5.9,RE/µg
1013,Nöt flankstek rå,Vatten,Kött färskt fryst tillagat ,71.9,g
1013,Nöt flankstek rå,Tiamin,Kött färskt fryst tillagat ,0.08,mg
1013,Nöt flankstek rå,Tillsatt socker,Kött färskt fryst tillagat ,0.0,g
1013,Nöt flankstek rå,Fritt socker,Kött färskt fryst tillagat ,0.0,g
1013,Nöt flankstek rå,"Selen, Se",Kött färskt fryst tillagat ,9.0,µg
1013,Nöt flankstek rå,Sackaros,Kött färskt fryst tillagat ,0.0,g
1013,Nöt flankstek rå,Riboflavin,Kött färskt fryst tillagat ,0.26,mg
1013,Nöt flankstek rå,Retinol,Kött färskt fryst tillagat ,5.2,µg
1013,Nöt flankstek rå,Protein,Kött färskt fryst tillagat ,22.0,g
1013,Nöt flankstek rå,Summa fleromättade fettsyror,Kött färskt fryst tillagat ,0.2,g
1013,Nöt flankstek rå,"Fosfor, P",Kött färskt fryst tillagat ,189.0,mg
1013,Nöt flankstek rå,Niacinekvivalenter,Kött färskt fryst tillagat ,9.73,NE/mg
1013,Nöt flankstek rå,Niacin,Kött färskt fryst tillagat ,5.7,mg
1013,Nöt flankstek rå,"Salt, NaCl",Kött färskt fryst tillagat ,0.2,g
1013,Nöt flankstek rå,"Natrium, Na",Kött färskt fryst tillagat ,58.0,mg
1013,Nöt flankstek rå,Monosackarider,Kött färskt fryst tillagat ,0.0,g
1013,Nöt flankstek rå,"Sockerarter, totalt",Kött färskt fryst tillagat ,0.0,g
1013,Nöt flankstek rå,Summa enkelomättade fettsyror,Kött färskt fryst tillagat ,2.1,g
1013,Nöt flankstek rå,"Magnesium, Mg",Kött färskt fryst tillagat ,22.0,mg
1013,Nöt flankstek rå,Summa mättade fettsyror,Kött färskt fryst tillagat ,2.4,g
1013,Nöt flankstek rå,"Kolhydrater, tillgängliga",Kött färskt fryst tillagat ,0.0,g
1013,Nöt flankstek rå,Kolesterol,Kött färskt fryst tillagat ,52.0,mg
1013,Nöt flankstek rå,"Kalium, K",Kött färskt fryst tillagat ,333.0,mg
1013,Nöt flankstek rå,"Jod, I",Kött färskt fryst tillagat ,2.7,µg
1013,Nöt flankstek rå,Fullkorn totalt,Kött färskt fryst tillagat ,0.0,g
1013,Nöt flankstek rå,"Folat, totalt",Kött färskt fryst tillagat ,12.0,µg
1013,Nöt flankstek rå,Fibrer,Kött färskt fryst tillagat ,0.0,g
1013,Nöt flankstek rå,"Fett, totalt",Kött färskt fryst tillagat ,5.1,g
1013,Nöt flankstek rå,"Järn, Fe",Kött färskt fryst tillagat ,2.2,mg
1013,Nöt flankstek rå,Energi (kJ),Kött färskt fryst tillagat ,563.0,kJ
1013,Nöt flankstek rå,Energi (kcal),Kött färskt fryst tillagat ,134.0,kcal
1013,Nöt flankstek rå,Disackarider,Kött färskt fryst tillagat ,0.0,g
1013,Nöt flankstek rå,"Kalcium, Ca",Kött färskt fryst tillagat ,6.0,mg
1013,Nöt flankstek rå,Fettsyra 4:0-10:0,Kött färskt fryst tillagat ,0.0,g
1013,Nöt flankstek rå,DHA (C22:6),Kött färskt fryst tillagat ,0.0,g
1013,Nöt flankstek rå,DPA (C22:5),Kött färskt fryst tillagat ,0.0,g
1013,Nöt flankstek rå,EPA (C20:5),Kött färskt fryst tillagat ,0.0,g
1013,Nöt flankstek rå,Arakidonsyra C20:4,Kött färskt fryst tillagat ,0.0,g
1013,Nöt flankstek rå,Arakidinsyra C20:0,Kött färskt fryst tillagat ,0.0,g
1013,Nöt flankstek rå,Linolensyra C18:3,Kött färskt fryst tillagat ,0.0,g
1013,Nöt flankstek rå,Linolsyra C18:2,Kött färskt fryst tillagat ,0.1,g
1013,Nöt flankstek rå,Oljesyra C18:1,Kött färskt fryst tillagat ,1.8,g
1013,Nöt flankstek rå,Stearinsyra C18:0,Kött färskt fryst tillagat ,1.0,g
1013,Nöt flankstek rå,Palmitoljesyra C16:1,Kött färskt fryst tillagat ,0.1,g
1013,Nöt flankstek rå,Palmitinsyra C16:0,Kött färskt fryst tillagat ,1.2,g
1013,Nöt flankstek rå,Myristinsyra C14:0,Kött färskt fryst tillagat ,0.1,g
1013,Nöt flankstek rå,Laurinsyra C12:0,Kött färskt fryst tillagat ,0.0,g
1013,Nöt flankstek rå,Betakaroten/β-Karoten,Kött färskt fryst tillagat ,8.0,µg
1013,Nöt flankstek rå,Avfall (skal etc.),Kött färskt fryst tillagat ,0.0,%
1013,Nöt flankstek rå,Aska,Kött färskt fryst tillagat ,1.0,g
1013,Nöt flankstek rå,Alkohol,Kött färskt fryst tillagat ,0.0,g
1014,Nöt ryggbiff stekt,"Zink, Zn",Kött färskt fryst tillagat ,4.4,mg
1014,Nöt ryggbiff stekt,Vitamin E,Kött färskt fryst tillagat ,0.1,mg
1014,Nöt ryggbiff stekt,Vitamin D,Kött färskt fryst tillagat ,0.47,µg
1014,Nöt ryggbiff stekt,Vitamin C,Kött färskt fryst tillagat ,0.0,mg
1014,Nöt ryggbiff stekt,Vitamin B6,Kött färskt fryst tillagat ,0.28,mg
1014,Nöt ryggbiff stekt,Vitamin B12,Kött färskt fryst tillagat ,1.23,µg
1014,Nöt ryggbiff stekt,Vitamin A,Kött färskt fryst tillagat ,6.9,RE/µg
1014,Nöt ryggbiff stekt,Vatten,Kött färskt fryst tillagat ,68.4,g
1014,Nöt ryggbiff stekt,Tiamin,Kött färskt fryst tillagat ,0.07,mg
1014,Nöt ryggbiff stekt,Tillsatt socker,Kött färskt fryst tillagat ,0.0,g
1014,Nöt ryggbiff stekt,Fritt socker,Kött färskt fryst tillagat ,0.0,g
1014,Nöt ryggbiff stekt,"Selen, Se",Kött färskt fryst tillagat ,10.5,µg
1014,Nöt ryggbiff stekt,Sackaros,Kött färskt fryst tillagat ,0.0,g
1014,Nöt ryggbiff stekt,Riboflavin,Kött färskt fryst tillagat ,0.24,mg
1014,Nöt ryggbiff stekt,Retinol,Kött färskt fryst tillagat ,6.1,µg
1014,Nöt ryggbiff stekt,Protein,Kött färskt fryst tillagat ,25.5,g
1014,Nöt ryggbiff stekt,Summa fleromättade fettsyror,Kött färskt fryst tillagat ,0.2,g
1014,Nöt ryggbiff stekt,"Fosfor, P",Kött färskt fryst tillagat ,221.0,mg
1014,Nöt ryggbiff stekt,Niacinekvivalenter,Kött färskt fryst tillagat ,11.33,NE/mg
1014,Nöt ryggbiff stekt,Niacin,Kött färskt fryst tillagat ,6.66,mg
1014,Nöt ryggbiff stekt,"Salt, NaCl",Kött färskt fryst tillagat ,0.5,g
1014,Nöt ryggbiff stekt,"Natrium, Na",Kött färskt fryst tillagat ,191.0,mg
1014,Nöt ryggbiff stekt,Monosackarider,Kött färskt fryst tillagat ,0.0,g
1014,Nöt ryggbiff stekt,"Sockerarter, totalt",Kött färskt fryst tillagat ,0.0,g
1014,Nöt ryggbiff stekt,Summa enkelomättade fettsyror,Kött färskt fryst tillagat ,2.0,g
1014,Nöt ryggbiff stekt,"Magnesium, Mg",Kött färskt fryst tillagat ,26.0,mg
1014,Nöt ryggbiff stekt,Summa mättade fettsyror,Kött färskt fryst tillagat ,1.9,g
1014,Nöt ryggbiff stekt,"Kolhydrater, tillgängliga",Kött färskt fryst tillagat ,0.0,g
1014,Nöt ryggbiff stekt,Kolesterol,Kött färskt fryst tillagat ,60.7,mg
1014,Nöt ryggbiff stekt,"Kalium, K",Kött färskt fryst tillagat ,272.0,mg
1014,Nöt ryggbiff stekt,"Jod, I",Kött färskt fryst tillagat ,18.7,µg
1014,Nöt ryggbiff stekt,Fullkorn totalt,Kött färskt fryst tillagat ,0.0,g
1014,Nöt ryggbiff stekt,"Folat, totalt",Kött färskt fryst tillagat ,11.9,µg
1014,Nöt ryggbiff stekt,Fibrer,Kött färskt fryst tillagat ,0.0,g
1014,Nöt ryggbiff stekt,"Fett, totalt",Kött färskt fryst tillagat ,4.5,g
1014,Nöt ryggbiff stekt,"Järn, Fe",Kött färskt fryst tillagat ,2.6,mg
1014,Nöt ryggbiff stekt,Energi (kJ),Kött färskt fryst tillagat ,599.0,kJ
1014,Nöt ryggbiff stekt,Energi (kcal),Kött färskt fryst tillagat ,144.0,kcal
1014,Nöt ryggbiff stekt,Disackarider,Kött färskt fryst tillagat ,0.0,g
1014,Nöt ryggbiff stekt,"Kalcium, Ca",Kött färskt fryst tillagat ,7.0,mg
1014,Nöt ryggbiff stekt,Fettsyra 4:0-10:0,Kött färskt fryst tillagat ,0.0,g
1014,Nöt ryggbiff stekt,DHA (C22:6),Kött färskt fryst tillagat ,0.0,g
1014,Nöt ryggbiff stekt,DPA (C22:5),Kött färskt fryst tillagat ,0.0,g
1014,Nöt ryggbiff stekt,EPA (C20:5),Kött färskt fryst tillagat ,0.0,g
1014,Nöt ryggbiff stekt,Arakidonsyra C20:4,Kött färskt fryst tillagat ,0.0,g
1014,Nöt ryggbiff stekt,Arakidinsyra C20:0,Kött färskt fryst tillagat ,0.0,g
1014,Nöt ryggbiff stekt,Linolensyra C18:3,Kött färskt fryst tillagat ,0.0,g
1014,Nöt ryggbiff stekt,Linolsyra C18:2,Kött färskt fryst tillagat ,0.1,g
1014,Nöt ryggbiff stekt,Oljesyra C18:1,Kött färskt fryst tillagat ,1.7,g
1014,Nöt ryggbiff stekt,Stearinsyra C18:0,Kött färskt fryst tillagat ,0.7,g
1014,Nöt ryggbiff stekt,Palmitoljesyra C16:1,Kött färskt fryst tillagat ,0.2,g
1014,Nöt ryggbiff stekt,Palmitinsyra C16:0,Kött färskt fryst tillagat ,1.0,g
1014,Nöt ryggbiff stekt,Myristinsyra C14:0,Kött färskt fryst tillagat ,0.1,g
1014,Nöt ryggbiff stekt,Laurinsyra C12:0,Kött färskt fryst tillagat ,0.0,g
1014,Nöt ryggbiff stekt,Betakaroten/β-Karoten,Kött färskt fryst tillagat ,9.0,µg
1014,Nöt ryggbiff stekt,Avfall (skal etc.),Kött färskt fryst tillagat ,0.0,%
1014,Nöt ryggbiff stekt,Aska,Kött färskt fryst tillagat ,1.6,g
1014,Nöt ryggbiff stekt,Alkohol,Kött färskt fryst tillagat ,0.0,g
1017,Nöt entrecôte stekt,"Zink, Zn",Kött färskt fryst tillagat ,4.8,mg
1017,Nöt entrecôte stekt,Vitamin E,Kött färskt fryst tillagat ,0.6,mg
1017,Nöt entrecôte stekt,Vitamin D inkl 25-OH-D3,Kött färskt fryst tillagat ,0.45,µg
1017,Nöt entrecôte stekt,Vitamin D,Kött färskt fryst tillagat ,0.07,µg
1017,Nöt entrecôte stekt,Vitamin C,Kött färskt fryst tillagat ,0.0,mg
1017,Nöt entrecôte stekt,Vitamin B6,Kött färskt fryst tillagat ,0.22,mg
1017,Nöt entrecôte stekt,Vitamin B12,Kött färskt fryst tillagat ,0.6,µg
1017,Nöt entrecôte stekt,Vitamin A,Kött färskt fryst tillagat ,9.5,RE/µg
1017,Nöt entrecôte stekt,Vatten,Kött färskt fryst tillagat ,66.5,g
1017,Nöt entrecôte stekt,Tiamin,Kött färskt fryst tillagat ,0.04,mg
1017,Nöt entrecôte stekt,Tillsatt socker,Kött färskt fryst tillagat ,0.0,g
1017,Nöt entrecôte stekt,Fritt socker,Kött färskt fryst tillagat ,0.0,g
1017,Nöt entrecôte stekt,"Selen, Se",Kött färskt fryst tillagat ,6.9,µg
1017,Nöt entrecôte stekt,Sackaros,Kött färskt fryst tillagat ,0.0,g
1017,Nöt entrecôte stekt,Riboflavin,Kött färskt fryst tillagat ,0.15,mg
1017,Nöt entrecôte stekt,Retinol,Kött färskt fryst tillagat ,7.0,µg
1017,Nöt entrecôte stekt,Protein,Kött färskt fryst tillagat ,25.2,g
1017,Nöt entrecôte stekt,Summa fleromättade fettsyror,Kött färskt fryst tillagat ,0.3,g
1017,Nöt entrecôte stekt,"Fosfor, P",Kött färskt fryst tillagat ,215.0,mg
1017,Nöt entrecôte stekt,Niacinekvivalenter,Kött färskt fryst tillagat ,11.63,NE/mg
1017,Nöt entrecôte stekt,Niacin,Kött färskt fryst tillagat ,7.01,mg
1017,Nöt entrecôte stekt,"Salt, NaCl",Kött färskt fryst tillagat ,0.5,g
1017,Nöt entrecôte stekt,"Natrium, Na",Kött färskt fryst tillagat ,200.0,mg
1017,Nöt entrecôte stekt,Monosackarider,Kött färskt fryst tillagat ,0.0,g
1017,Nöt entrecôte stekt,"Sockerarter, totalt",Kött färskt fryst tillagat ,0.0,g
1017,Nöt entrecôte stekt,Summa enkelomättade fettsyror,Kött färskt fryst tillagat ,2.8,g
1017,Nöt entrecôte stekt,"Magnesium, Mg",Kött färskt fryst tillagat ,25.0,mg
1017,Nöt entrecôte stekt,Summa mättade fettsyror,Kött färskt fryst tillagat ,3.5,g
1017,Nöt entrecôte stekt,"Kolhydrater, tillgängliga",Kött färskt fryst tillagat ,0.0,g
1017,Nöt entrecôte stekt,Kolesterol,Kött färskt fryst tillagat ,60.9,mg
1017,Nöt entrecôte stekt,"Kalium, K",Kött färskt fryst tillagat ,261.0,mg
1017,Nöt entrecôte stekt,"Jod, I",Kött färskt fryst tillagat ,18.4,µg
1017,Nöt entrecôte stekt,Fullkorn totalt,Kött färskt fryst tillagat ,0.0,g
1017,Nöt entrecôte stekt,"Folat, totalt",Kött färskt fryst tillagat ,5.5,µg
1017,Nöt entrecôte stekt,Fibrer,Kött färskt fryst tillagat ,0.0,g
1017,Nöt entrecôte stekt,"Fett, totalt",Kött färskt fryst tillagat ,7.1,g
1017,Nöt entrecôte stekt,"Järn, Fe",Kött färskt fryst tillagat ,2.5,mg
1017,Nöt entrecôte stekt,Energi (kJ),Kött färskt fryst tillagat ,691.0,kJ
1017,Nöt entrecôte stekt,Energi (kcal),Kött färskt fryst tillagat ,165.0,kcal
1017,Nöt entrecôte stekt,Disackarider,Kött färskt fryst tillagat ,0.0,g
1017,Nöt entrecôte stekt,"Kalcium, Ca",Kött färskt fryst tillagat ,7.0,mg
1017,Nöt entrecôte stekt,Fettsyra 4:0-10:0,Kött färskt fryst tillagat ,0.0,g
1017,Nöt entrecôte stekt,DHA (C22:6),Kött färskt fryst tillagat ,0.0,g
1017,Nöt entrecôte stekt,DPA (C22:5),Kött färskt fryst tillagat ,0.0,g
1017,Nöt entrecôte stekt,EPA (C20:5),Kött färskt fryst tillagat ,0.0,g
1017,Nöt entrecôte stekt,Arakidonsyra C20:4,Kött färskt fryst tillagat ,0.0,g
1017,Nöt entrecôte stekt,Arakidinsyra C20:0,Kött färskt fryst tillagat ,0.0,g
1017,Nöt entrecôte stekt,Linolensyra C18:3,Kött färskt fryst tillagat ,0.1,g
1017,Nöt entrecôte stekt,Linolsyra C18:2,Kött färskt fryst tillagat ,0.2,g
1017,Nöt entrecôte stekt,Oljesyra C18:1,Kött färskt fryst tillagat ,2.5,g
1017,Nöt entrecôte stekt,Stearinsyra C18:0,Kött färskt fryst tillagat ,1.2,g
1017,Nöt entrecôte stekt,Palmitoljesyra C16:1,Kött färskt fryst tillagat ,0.2,g
1017,Nöt entrecôte stekt,Palmitinsyra C16:0,Kött färskt fryst tillagat ,1.7,g
1017,Nöt entrecôte stekt,Myristinsyra C14:0,Kött färskt fryst tillagat ,0.2,g
1017,Nöt entrecôte stekt,Laurinsyra C12:0,Kött färskt fryst tillagat ,0.0,g
1017,Nöt entrecôte stekt,Betakaroten/β-Karoten,Kött färskt fryst tillagat ,30.0,µg
1017,Nöt entrecôte stekt,Avfall (skal etc.),Kött färskt fryst tillagat ,10.0,%
1017,Nöt entrecôte stekt,Aska,Kött färskt fryst tillagat ,1.5,g
1017,Nöt entrecôte stekt,Alkohol,Kött färskt fryst tillagat ,0.0,g
1018,Gris bog stekt,"Zink, Zn",Kött färskt fryst tillagat ,3.3,mg
1018,Gris bog stekt,Vitamin E,Kött färskt fryst tillagat ,0.5,mg
1018,Gris bog stekt,Vitamin D,Kött färskt fryst tillagat ,0.54,µg
1018,Gris bog stekt,Vitamin C,Kött färskt fryst tillagat ,0.0,mg
1018,Gris bog stekt,Vitamin B6,Kött färskt fryst tillagat ,0.31,mg
1018,Gris bog stekt,Vitamin B12,Kött färskt fryst tillagat ,0.56,µg
1018,Gris bog stekt,Vitamin A,Kött färskt fryst tillagat ,10.7,RE/µg
1018,Gris bog stekt,Vatten,Kött färskt fryst tillagat ,68.1,g
1018,Gris bog stekt,Tiamin,Kött färskt fryst tillagat ,0.77,mg
1018,Gris bog stekt,Tillsatt socker,Kött färskt fryst tillagat ,0.0,g
1018,Gris bog stekt,Fritt socker,Kött färskt fryst tillagat ,0.0,g
1018,Gris bog stekt,"Selen, Se",Kött färskt fryst tillagat ,13.1,µg
1018,Gris bog stekt,Sackaros,Kött färskt fryst tillagat ,0.0,g
1018,Gris bog stekt,Riboflavin,Kött färskt fryst tillagat ,0.37,mg
1018,Gris bog stekt,Retinol,Kött färskt fryst tillagat ,10.7,µg
1018,Gris bog stekt,Protein,Kött färskt fryst tillagat ,22.0,g
1018,Gris bog stekt,Summa fleromättade fettsyror,Kött färskt fryst tillagat ,1.0,g
1018,Gris bog stekt,"Fosfor, P",Kött färskt fryst tillagat ,191.0,mg
1018,Gris bog stekt,Niacinekvivalenter,Kött färskt fryst tillagat ,11.32,NE/mg
1018,Gris bog stekt,Niacin,Kött färskt fryst tillagat ,7.29,mg
1018,Gris bog stekt,"Salt, NaCl",Kött färskt fryst tillagat ,0.4,g
1018,Gris bog stekt,"Natrium, Na",Kött färskt fryst tillagat ,154.0,mg
1018,Gris bog stekt,Monosackarider,Kött färskt fryst tillagat ,0.0,g
1018,Gris bog stekt,"Sockerarter, totalt",Kött färskt fryst tillagat ,0.0,g
1018,Gris bog stekt,Summa enkelomättade fettsyror,Kött färskt fryst tillagat ,3.4,g
1018,Gris bog stekt,"Magnesium, Mg",Kött färskt fryst tillagat ,32.0,mg
1018,Gris bog stekt,Summa mättade fettsyror,Kött färskt fryst tillagat ,3.6,g
1018,Gris bog stekt,"Kolhydrater, tillgängliga",Kött färskt fryst tillagat ,0.0,g
1018,Gris bog stekt,Kolesterol,Kött färskt fryst tillagat ,69.0,mg
1018,Gris bog stekt,"Kalium, K",Kött färskt fryst tillagat ,311.0,mg
1018,Gris bog stekt,"Jod, I",Kött färskt fryst tillagat ,14.1,µg
1018,Gris bog stekt,Fullkorn totalt,Kött färskt fryst tillagat ,0.0,g
1018,Gris bog stekt,"Folat, totalt",Kött färskt fryst tillagat ,6.1,µg
1018,Gris bog stekt,Fibrer,Kött färskt fryst tillagat ,0.0,g
1018,Gris bog stekt,"Fett, totalt",Kött färskt fryst tillagat ,8.3,g
1018,Gris bog stekt,"Järn, Fe",Kött färskt fryst tillagat ,1.8,mg
1018,Gris bog stekt,Energi (kJ),Kött färskt fryst tillagat ,683.0,kJ
1018,Gris bog stekt,Energi (kcal),Kött färskt fryst tillagat ,163.0,kcal
1018,Gris bog stekt,Disackarider,Kött färskt fryst tillagat ,0.0,g
1018,Gris bog stekt,"Kalcium, Ca",Kött färskt fryst tillagat ,9.0,mg
1018,Gris bog stekt,Fettsyra 4:0-10:0,Kött färskt fryst tillagat ,0.0,g
1018,Gris bog stekt,DHA (C22:6),Kött färskt fryst tillagat ,0.0,g
1018,Gris bog stekt,DPA (C22:5),Kött färskt fryst tillagat ,0.0,g
1018,Gris bog stekt,EPA (C20:5),Kött färskt fryst tillagat ,0.0,g
1018,Gris bog stekt,Arakidonsyra C20:4,Kött färskt fryst tillagat ,0.0,g
1018,Gris bog stekt,Arakidinsyra C20:0,Kött färskt fryst tillagat ,0.0,g
1018,Gris bog stekt,Linolensyra C18:3,Kött färskt fryst tillagat ,0.0,g
1018,Gris bog stekt,Linolsyra C18:2,Kött färskt fryst tillagat ,0.7,g
1018,Gris bog stekt,Oljesyra C18:1,Kött färskt fryst tillagat ,3.0,g
1018,Gris bog stekt,Stearinsyra C18:0,Kött färskt fryst tillagat ,1.2,g
1018,Gris bog stekt,Palmitoljesyra C16:1,Kött färskt fryst tillagat ,0.3,g
1018,Gris bog stekt,Palmitinsyra C16:0,Kött färskt fryst tillagat ,2.1,g
1018,Gris bog stekt,Myristinsyra C14:0,Kött färskt fryst tillagat ,0.2,g
1018,Gris bog stekt,Laurinsyra C12:0,Kött färskt fryst tillagat ,0.0,g
1018,Gris bog stekt,Betakaroten/β-Karoten,Kött färskt fryst tillagat ,0.0,µg
1018,Gris bog stekt,Avfall (skal etc.),Kött färskt fryst tillagat ,0.0,%
1018,Gris bog stekt,Aska,Kött färskt fryst tillagat ,1.6,g
1018,Gris bog stekt,Alkohol,Kött färskt fryst tillagat ,0.0,g
1019,Gris kött kokt m. salt,"Zink, Zn",Kött färskt fryst tillagat ,2.9,mg
1019,Gris kött kokt m. salt,Vitamin E,Kött färskt fryst tillagat ,0.5,mg
1019,Gris kött kokt m. salt,Vitamin D,Kött färskt fryst tillagat ,0.54,µg
1019,Gris kött kokt m. salt,Vitamin C,Kött färskt fryst tillagat ,0.0,mg
1019,Gris kött kokt m. salt,Vitamin B6,Kött färskt fryst tillagat ,0.35,mg
1019,Gris kött kokt m. salt,Vitamin B12,Kött färskt fryst tillagat ,0.39,µg
1019,Gris kött kokt m. salt,Vitamin A,Kött färskt fryst tillagat ,10.6,RE/µg
1019,Gris kött kokt m. salt,Vatten,Kött färskt fryst tillagat ,65.7,g
1019,Gris kött kokt m. salt,Tiamin,Kött färskt fryst tillagat ,0.53,mg
1019,Gris kött kokt m. salt,Tillsatt socker,Kött färskt fryst tillagat ,0.0,g
1019,Gris kött kokt m. salt,Fritt socker,Kött färskt fryst tillagat ,0.0,g
1019,Gris kött kokt m. salt,"Selen, Se",Kött färskt fryst tillagat ,12.1,µg
1019,Gris kött kokt m. salt,Sackaros,Kött färskt fryst tillagat ,0.0,g
1019,Gris kött kokt m. salt,Riboflavin,Kött färskt fryst tillagat ,0.26,mg
1019,Gris kött kokt m. salt,Retinol,Kött färskt fryst tillagat ,10.6,µg
1019,Gris kött kokt m. salt,Protein,Kött färskt fryst tillagat ,22.7,g
1019,Gris kött kokt m. salt,Summa fleromättade fettsyror,Kött färskt fryst tillagat ,1.1,g
1019,Gris kött kokt m. salt,"Fosfor, P",Kött färskt fryst tillagat ,229.0,mg
1019,Gris kött kokt m. salt,Niacinekvivalenter,Kött färskt fryst tillagat ,12.77,NE/mg
1019,Gris kött kokt m. salt,Niacin,Kött färskt fryst tillagat ,8.6,mg
1019,Gris kött kokt m. salt,"Salt, NaCl",Kött färskt fryst tillagat ,0.7,g
1019,Gris kött kokt m. salt,"Natrium, Na",Kött färskt fryst tillagat ,272.0,mg
1019,Gris kött kokt m. salt,Monosackarider,Kött färskt fryst tillagat ,0.0,g
1019,Gris kött kokt m. salt,"Sockerarter, totalt",Kött färskt fryst tillagat ,0.0,g
1019,Gris kött kokt m. salt,Summa enkelomättade fettsyror,Kött färskt fryst tillagat ,4.1,g
1019,Gris kött kokt m. salt,"Magnesium, Mg",Kött färskt fryst tillagat ,32.0,mg
1019,Gris kött kokt m. salt,Summa mättade fettsyror,Kött färskt fryst tillagat ,4.2,g
1019,Gris kött kokt m. salt,"Kolhydrater, tillgängliga",Kött färskt fryst tillagat ,0.0,g
1019,Gris kött kokt m. salt,Kolesterol,Kött färskt fryst tillagat ,67.1,mg
1019,Gris kött kokt m. salt,"Kalium, K",Kött färskt fryst tillagat ,249.0,mg
1019,Gris kött kokt m. salt,"Jod, I",Kött färskt fryst tillagat ,25.5,µg
1019,Gris kött kokt m. salt,Fullkorn totalt,Kött färskt fryst tillagat ,0.0,g
1019,Gris kött kokt m. salt,"Folat, totalt",Kött färskt fryst tillagat ,3.7,µg
1019,Gris kött kokt m. salt,Fibrer,Kött färskt fryst tillagat ,0.0,g
1019,Gris kött kokt m. salt,"Fett, totalt",Kött färskt fryst tillagat ,9.8,g
1019,Gris kött kokt m. salt,"Järn, Fe",Kött färskt fryst tillagat ,1.7,mg
1019,Gris kött kokt m. salt,Energi (kJ),Kött färskt fryst tillagat ,749.0,kJ
1019,Gris kött kokt m. salt,Energi (kcal),Kött färskt fryst tillagat ,179.0,kcal
1019,Gris kött kokt m. salt,Disackarider,Kött färskt fryst tillagat ,0.0,g
1019,Gris kött kokt m. salt,"Kalcium, Ca",Kött färskt fryst tillagat ,10.0,mg
1019,Gris kött kokt m. salt,Fettsyra 4:0-10:0,Kött färskt fryst tillagat ,0.0,g
1019,Gris kött kokt m. salt,DHA (C22:6),Kött färskt fryst tillagat ,0.0,g
1019,Gris kött kokt m. salt,DPA (C22:5),Kött färskt fryst tillagat ,0.0,g
1019,Gris kött kokt m. salt,EPA (C20:5),Kött färskt fryst tillagat ,0.0,g
1019,Gris kött kokt m. salt,Arakidonsyra C20:4,Kött färskt fryst tillagat ,0.0,g
1019,Gris kött kokt m. salt,Arakidinsyra C20:0,Kött färskt fryst tillagat ,0.0,g
1019,Gris kött kokt m. salt,Linolensyra C18:3,Kött färskt fryst tillagat ,0.0,g
1019,Gris kött kokt m. salt,Linolsyra C18:2,Kött färskt fryst tillagat ,0.8,g
1019,Gris kött kokt m. salt,Oljesyra C18:1,Kött färskt fryst tillagat ,3.6,g
1019,Gris kött kokt m. salt,Stearinsyra C18:0,Kött färskt fryst tillagat ,1.5,g
1019,Gris kött kokt m. salt,Palmitoljesyra C16:1,Kött färskt fryst tillagat ,0.3,g
1019,Gris kött kokt m. salt,Palmitinsyra C16:0,Kött färskt fryst tillagat ,2.5,g
1019,Gris kött kokt m. salt,Myristinsyra C14:0,Kött färskt fryst tillagat ,0.2,g
1019,Gris kött kokt m. salt,Laurinsyra C12:0,Kött färskt fryst tillagat ,0.0,g
1019,Gris kött kokt m. salt,Betakaroten/β-Karoten,Kött färskt fryst tillagat ,0.0,µg
1019,Gris kött kokt m. salt,Avfall (skal etc.),Kött färskt fryst tillagat ,22.0,%
1019,Gris kött kokt m. salt,Aska,Kött färskt fryst tillagat ,1.8,g
1019,Gris kött kokt m. salt,Alkohol,Kött färskt fryst tillagat ,0.0,g
1022,Gris fläskben kokt m. salt,"Zink, Zn",Kött färskt fryst tillagat ,3.4,mg
1022,Gris fläskben kokt m. salt,Vitamin E,Kött färskt fryst tillagat ,0.5,mg
1022,Gris fläskben kokt m. salt,Vitamin D,Kött färskt fryst tillagat ,0.53,µg
1022,Gris fläskben kokt m. salt,Vitamin C,Kött färskt fryst tillagat ,0.0,mg
1022,Gris fläskben kokt m. salt,Vitamin B6,Kött färskt fryst tillagat ,0.34,mg
1022,Gris fläskben kokt m. salt,Vitamin B12,Kött färskt fryst tillagat ,0.4,µg
1022,Gris fläskben kokt m. salt,Vitamin A,Kött färskt fryst tillagat ,10.5,RE/µg
1022,Gris fläskben kokt m. salt,Vatten,Kött färskt fryst tillagat ,61.3,g
1022,Gris fläskben kokt m. salt,Tiamin,Kött färskt fryst tillagat ,0.53,mg
1022,Gris fläskben kokt m. salt,Tillsatt socker,Kött färskt fryst tillagat ,0.0,g
1022,Gris fläskben kokt m. salt,Fritt socker,Kött färskt fryst tillagat ,0.0,g
1022,Gris fläskben kokt m. salt,"Selen, Se",Kött färskt fryst tillagat ,11.6,µg
1022,Gris fläskben kokt m. salt,Sackaros,Kött färskt fryst tillagat ,0.0,g
1022,Gris fläskben kokt m. salt,Riboflavin,Kött färskt fryst tillagat ,0.29,mg
1022,Gris fläskben kokt m. salt,Retinol,Kött färskt fryst tillagat ,10.5,µg
1022,Gris fläskben kokt m. salt,Protein,Kött färskt fryst tillagat ,20.6,g
1022,Gris fläskben kokt m. salt,Summa fleromättade fettsyror,Kött färskt fryst tillagat ,1.7,g
1022,Gris fläskben kokt m. salt,"Fosfor, P",Kött färskt fryst tillagat ,212.0,mg
1022,Gris fläskben kokt m. salt,Niacinekvivalenter,Kött färskt fryst tillagat ,10.28,NE/mg
1022,Gris fläskben kokt m. salt,Niacin,Kött färskt fryst tillagat ,6.5,mg
1022,Gris fläskben kokt m. salt,"Salt, NaCl",Kött färskt fryst tillagat ,1.1,g
1022,Gris fläskben kokt m. salt,"Natrium, Na",Kött färskt fryst tillagat ,453.0,mg
1022,Gris fläskben kokt m. salt,Monosackarider,Kött färskt fryst tillagat ,0.0,g
1022,Gris fläskben kokt m. salt,"Sockerarter, totalt",Kött färskt fryst tillagat ,0.0,g
1022,Gris fläskben kokt m. salt,Summa enkelomättade fettsyror,Kött färskt fryst tillagat ,6.5,g
1022,Gris fläskben kokt m. salt,"Magnesium, Mg",Kött färskt fryst tillagat ,32.0,mg
1022,Gris fläskben kokt m. salt,Summa mättade fettsyror,Kött färskt fryst tillagat ,6.9,g
1022,Gris fläskben kokt m. salt,"Kolhydrater, tillgängliga",Kött färskt fryst tillagat ,0.0,g
1022,Gris fläskben kokt m. salt,Kolesterol,Kött färskt fryst tillagat ,67.5,mg
1022,Gris fläskben kokt m. salt,"Kalium, K",Kött färskt fryst tillagat ,227.0,mg
1022,Gris fläskben kokt m. salt,"Jod, I",Kött färskt fryst tillagat ,48.9,µg
1022,Gris fläskben kokt m. salt,Fullkorn totalt,Kött färskt fryst tillagat ,0.0,g
1022,Gris fläskben kokt m. salt,"Folat, totalt",Kött färskt fryst tillagat ,5.3,µg
1022,Gris fläskben kokt m. salt,Fibrer,Kött färskt fryst tillagat ,0.0,g
1022,Gris fläskben kokt m. salt,"Fett, totalt",Kött färskt fryst tillagat ,15.9,g
1022,Gris fläskben kokt m. salt,"Järn, Fe",Kött färskt fryst tillagat ,1.7,mg
1022,Gris fläskben kokt m. salt,Energi (kJ),Kött färskt fryst tillagat ,940.0,kJ
1022,Gris fläskben kokt m. salt,Energi (kcal),Kött färskt fryst tillagat ,225.0,kcal
1022,Gris fläskben kokt m. salt,Disackarider,Kött färskt fryst tillagat ,0.0,g
1022,Gris fläskben kokt m. salt,"Kalcium, Ca",Kött färskt fryst tillagat ,14.0,mg
1022,Gris fläskben kokt m. salt,Fettsyra 4:0-10:0,Kött färskt fryst tillagat ,0.0,g
1022,Gris fläskben kokt m. salt,DHA (C22:6),Kött färskt fryst tillagat ,0.1,g
1022,Gris fläskben kokt m. salt,DPA (C22:5),Kött färskt fryst tillagat ,0.0,g
1022,Gris fläskben kokt m. salt,EPA (C20:5),Kött färskt fryst tillagat ,0.0,g
1022,Gris fläskben kokt m. salt,Arakidonsyra C20:4,Kött färskt fryst tillagat ,0.0,g
1022,Gris fläskben kokt m. salt,Arakidinsyra C20:0,Kött färskt fryst tillagat ,0.0,g
1022,Gris fläskben kokt m. salt,Linolensyra C18:3,Kött färskt fryst tillagat ,0.1,g
1022,Gris fläskben kokt m. salt,Linolsyra C18:2,Kött färskt fryst tillagat ,1.4,g
1022,Gris fläskben kokt m. salt,Oljesyra C18:1,Kött färskt fryst tillagat ,5.8,g
1022,Gris fläskben kokt m. salt,Stearinsyra C18:0,Kött färskt fryst tillagat ,2.4,g
1022,Gris fläskben kokt m. salt,Palmitoljesyra C16:1,Kött färskt fryst tillagat ,0.5,g
1022,Gris fläskben kokt m. salt,Palmitinsyra C16:0,Kött färskt fryst tillagat ,4.1,g
1022,Gris fläskben kokt m. salt,Myristinsyra C14:0,Kött färskt fryst tillagat ,0.3,g
1022,Gris fläskben kokt m. salt,Laurinsyra C12:0,Kött färskt fryst tillagat ,0.0,g
1022,Gris fläskben kokt m. salt,Betakaroten/β-Karoten,Kött färskt fryst tillagat ,0.0,µg
1022,Gris fläskben kokt m. salt,Avfall (skal etc.),Kött färskt fryst tillagat ,69.0,%
1022,Gris fläskben kokt m. salt,Aska,Kött färskt fryst tillagat ,2.1,g
1022,Gris fläskben kokt m. salt,Alkohol,Kött färskt fryst tillagat ,0.0,g
1023,Gris fläskfilé skiva stekt,"Zink, Zn",Kött färskt fryst tillagat ,2.0,mg
1023,Gris fläskfilé skiva stekt,Vitamin E,Kött färskt fryst tillagat ,0.4,mg
1023,Gris fläskfilé skiva stekt,Vitamin D,Kött färskt fryst tillagat ,0.55,µg
1023,Gris fläskfilé skiva stekt,Vitamin C,Kött färskt fryst tillagat ,0.0,mg
1023,Gris fläskfilé skiva stekt,Vitamin B6,Kött färskt fryst tillagat ,0.32,mg
1023,Gris fläskfilé skiva stekt,Vitamin B12,Kött färskt fryst tillagat ,0.68,µg
1023,Gris fläskfilé skiva stekt,Vitamin A,Kött färskt fryst tillagat ,10.8,RE/µg
1023,Gris fläskfilé skiva stekt,Vatten,Kött färskt fryst tillagat ,70.4,g
1023,Gris fläskfilé skiva stekt,Tiamin,Kött färskt fryst tillagat ,0.69,mg
1023,Gris fläskfilé skiva stekt,Tillsatt socker,Kött färskt fryst tillagat ,0.0,g
1023,Gris fläskfilé skiva stekt,Fritt socker,Kött färskt fryst tillagat ,0.0,g
1023,Gris fläskfilé skiva stekt,"Selen, Se",Kött färskt fryst tillagat ,14.4,µg
1023,Gris fläskfilé skiva stekt,Sackaros,Kött färskt fryst tillagat ,0.0,g
1023,Gris fläskfilé skiva stekt,Riboflavin,Kött färskt fryst tillagat ,0.24,mg
1023,Gris fläskfilé skiva stekt,Retinol,Kött färskt fryst tillagat ,10.8,µg
1023,Gris fläskfilé skiva stekt,Protein,Kött färskt fryst tillagat ,24.6,g
1023,Gris fläskfilé skiva stekt,Summa fleromättade fettsyror,Kött färskt fryst tillagat ,0.2,g
1023,Gris fläskfilé skiva stekt,"Fosfor, P",Kött färskt fryst tillagat ,244.0,mg
1023,Gris fläskfilé skiva stekt,Niacinekvivalenter,Kött färskt fryst tillagat ,14.74,NE/mg
1023,Gris fläskfilé skiva stekt,Niacin,Kött färskt fryst tillagat ,10.21,mg
1023,Gris fläskfilé skiva stekt,"Salt, NaCl",Kött färskt fryst tillagat ,0.4,g
1023,Gris fläskfilé skiva stekt,"Natrium, Na",Kött färskt fryst tillagat ,161.0,mg
1023,Gris fläskfilé skiva stekt,Monosackarider,Kött färskt fryst tillagat ,0.0,g
1023,Gris fläskfilé skiva stekt,"Sockerarter, totalt",Kött färskt fryst tillagat ,0.0,g
1023,Gris fläskfilé skiva stekt,Summa enkelomättade fettsyror,Kött färskt fryst tillagat ,1.4,g
1023,Gris fläskfilé skiva stekt,"Magnesium, Mg",Kött färskt fryst tillagat ,32.0,mg
1023,Gris fläskfilé skiva stekt,Summa mättade fettsyror,Kött färskt fryst tillagat ,1.2,g
1023,Gris fläskfilé skiva stekt,"Kolhydrater, tillgängliga",Kött färskt fryst tillagat ,0.0,g
1023,Gris fläskfilé skiva stekt,Kolesterol,Kött färskt fryst tillagat ,59.8,mg
1023,Gris fläskfilé skiva stekt,"Kalium, K",Kött färskt fryst tillagat ,312.0,mg
1023,Gris fläskfilé skiva stekt,"Jod, I",Kött färskt fryst tillagat ,13.0,µg
1023,Gris fläskfilé skiva stekt,Fullkorn totalt,Kött färskt fryst tillagat ,0.0,g
1023,Gris fläskfilé skiva stekt,"Folat, totalt",Kött färskt fryst tillagat ,3.0,µg
1023,Gris fläskfilé skiva stekt,Fibrer,Kött färskt fryst tillagat ,0.0,g
1023,Gris fläskfilé skiva stekt,"Fett, totalt",Kött färskt fryst tillagat ,3.1,g
1023,Gris fläskfilé skiva stekt,"Järn, Fe",Kött färskt fryst tillagat ,1.7,mg
1023,Gris fläskfilé skiva stekt,Energi (kJ),Kött färskt fryst tillagat ,533.0,kJ
1023,Gris fläskfilé skiva stekt,Energi (kcal),Kött färskt fryst tillagat ,128.0,kcal
1023,Gris fläskfilé skiva stekt,Disackarider,Kött färskt fryst tillagat ,0.0,g
1023,Gris fläskfilé skiva stekt,"Kalcium, Ca",Kött färskt fryst tillagat ,6.0,mg
1023,Gris fläskfilé skiva stekt,Fettsyra 4:0-10:0,Kött färskt fryst tillagat ,0.0,g
1023,Gris fläskfilé skiva stekt,DHA (C22:6),Kött färskt fryst tillagat ,0.0,g
1023,Gris fläskfilé skiva stekt,DPA (C22:5),Kött färskt fryst tillagat ,0.0,g
1023,Gris fläskfilé skiva stekt,EPA (C20:5),Kött färskt fryst tillagat ,0.0,g
1023,Gris fläskfilé skiva stekt,Arakidonsyra C20:4,Kött färskt fryst tillagat ,0.0,g
1023,Gris fläskfilé skiva stekt,Arakidinsyra C20:0,Kött färskt fryst tillagat ,0.0,g
1023,Gris fläskfilé skiva stekt,Linolensyra C18:3,Kött färskt fryst tillagat ,0.0,g
1023,Gris fläskfilé skiva stekt,Linolsyra C18:2,Kött färskt fryst tillagat ,0.2,g
1023,Gris fläskfilé skiva stekt,Oljesyra C18:1,Kött färskt fryst tillagat ,1.2,g
1023,Gris fläskfilé skiva stekt,Stearinsyra C18:0,Kött färskt fryst tillagat ,0.4,g
1023,Gris fläskfilé skiva stekt,Palmitoljesyra C16:1,Kött färskt fryst tillagat ,0.1,g
1023,Gris fläskfilé skiva stekt,Palmitinsyra C16:0,Kött färskt fryst tillagat ,0.7,g
1023,Gris fläskfilé skiva stekt,Myristinsyra C14:0,Kött färskt fryst tillagat ,0.0,g
1023,Gris fläskfilé skiva stekt,Laurinsyra C12:0,Kött färskt fryst tillagat ,0.0,g
1023,Gris fläskfilé skiva stekt,Betakaroten/β-Karoten,Kött färskt fryst tillagat ,0.0,µg
1023,Gris fläskfilé skiva stekt,Avfall (skal etc.),Kött färskt fryst tillagat ,0.0,%
1023,Gris fläskfilé skiva stekt,Aska,Kött färskt fryst tillagat ,1.8,g
1023,Gris fläskfilé skiva stekt,Alkohol,Kött färskt fryst tillagat ,0.0,g
1024,Gris fläskkarré skiva stekt,"Zink, Zn",Kött färskt fryst tillagat ,3.4,mg
1024,Gris fläskkarré skiva stekt,Vitamin E,Kött färskt fryst tillagat ,0.5,mg
1024,Gris fläskkarré skiva stekt,Vitamin D,Kött färskt fryst tillagat ,0.54,µg
1024,Gris fläskkarré skiva stekt,Vitamin C,Kött färskt fryst tillagat ,0.0,mg
1024,Gris fläskkarré skiva stekt,Vitamin B6,Kött färskt fryst tillagat ,0.32,mg
1024,Gris fläskkarré skiva stekt,Vitamin B12,Kött färskt fryst tillagat ,0.6,µg
1024,Gris fläskkarré skiva stekt,Vitamin A,Kött färskt fryst tillagat ,10.6,RE/µg
1024,Gris fläskkarré skiva stekt,Vatten,Kött färskt fryst tillagat ,64.4,g
1024,Gris fläskkarré skiva stekt,Tiamin,Kött färskt fryst tillagat ,0.75,mg
1024,Gris fläskkarré skiva stekt,Tillsatt socker,Kött färskt fryst tillagat ,0.0,g
1024,Gris fläskkarré skiva stekt,Fritt socker,Kött färskt fryst tillagat ,0.0,g
1024,Gris fläskkarré skiva stekt,"Selen, Se",Kött färskt fryst tillagat ,11.8,µg
1024,Gris fläskkarré skiva stekt,Sackaros,Kött färskt fryst tillagat ,0.0,g
1024,Gris fläskkarré skiva stekt,Riboflavin,Kött färskt fryst tillagat ,0.34,mg
1024,Gris fläskkarré skiva stekt,Retinol,Kött färskt fryst tillagat ,10.6,µg
1024,Gris fläskkarré skiva stekt,Protein,Kött färskt fryst tillagat ,21.0,g
1024,Gris fläskkarré skiva stekt,Summa fleromättade fettsyror,Kött färskt fryst tillagat ,1.4,g
1024,Gris fläskkarré skiva stekt,"Fosfor, P",Kött färskt fryst tillagat ,215.0,mg
1024,Gris fläskkarré skiva stekt,Niacinekvivalenter,Kött färskt fryst tillagat ,10.43,NE/mg
1024,Gris fläskkarré skiva stekt,Niacin,Kött färskt fryst tillagat ,6.59,mg
1024,Gris fläskkarré skiva stekt,"Salt, NaCl",Kött färskt fryst tillagat ,0.4,g
1024,Gris fläskkarré skiva stekt,"Natrium, Na",Kött färskt fryst tillagat ,168.0,mg
1024,Gris fläskkarré skiva stekt,Monosackarider,Kött färskt fryst tillagat ,0.0,g
1024,Gris fläskkarré skiva stekt,"Sockerarter, totalt",Kött färskt fryst tillagat ,0.0,g
1024,Gris fläskkarré skiva stekt,Summa enkelomättade fettsyror,Kött färskt fryst tillagat ,5.4,g
1024,Gris fläskkarré skiva stekt,"Magnesium, Mg",Kött färskt fryst tillagat ,32.0,mg
1024,Gris fläskkarré skiva stekt,Summa mättade fettsyror,Kött färskt fryst tillagat ,5.7,g
1024,Gris fläskkarré skiva stekt,"Kolhydrater, tillgängliga",Kött färskt fryst tillagat ,0.0,g
1024,Gris fläskkarré skiva stekt,Kolesterol,Kött färskt fryst tillagat ,68.4,mg
1024,Gris fläskkarré skiva stekt,"Kalium, K",Kött färskt fryst tillagat ,268.0,mg
1024,Gris fläskkarré skiva stekt,"Jod, I",Kött färskt fryst tillagat ,12.8,µg
1024,Gris fläskkarré skiva stekt,Fullkorn totalt,Kött färskt fryst tillagat ,0.0,g
1024,Gris fläskkarré skiva stekt,"Folat, totalt",Kött färskt fryst tillagat ,7.0,µg
1024,Gris fläskkarré skiva stekt,Fibrer,Kött färskt fryst tillagat ,0.0,g
1024,Gris fläskkarré skiva stekt,"Fett, totalt",Kött färskt fryst tillagat ,13.2,g
1024,Gris fläskkarré skiva stekt,"Järn, Fe",Kött färskt fryst tillagat ,1.7,mg
1024,Gris fläskkarré skiva stekt,Energi (kJ),Kött färskt fryst tillagat ,845.0,kJ
1024,Gris fläskkarré skiva stekt,Energi (kcal),Kött färskt fryst tillagat ,202.0,kcal
1024,Gris fläskkarré skiva stekt,Disackarider,Kött färskt fryst tillagat ,0.0,g
1024,Gris fläskkarré skiva stekt,"Kalcium, Ca",Kött färskt fryst tillagat ,13.0,mg
1024,Gris fläskkarré skiva stekt,Fettsyra 4:0-10:0,Kött färskt fryst tillagat ,0.0,g
1024,Gris fläskkarré skiva stekt,DHA (C22:6),Kött färskt fryst tillagat ,0.0,g
1024,Gris fläskkarré skiva stekt,DPA (C22:5),Kött färskt fryst tillagat ,0.0,g
1024,Gris fläskkarré skiva stekt,EPA (C20:5),Kött färskt fryst tillagat ,0.0,g
1024,Gris fläskkarré skiva stekt,Arakidonsyra C20:4,Kött färskt fryst tillagat ,0.0,g
1024,Gris fläskkarré skiva stekt,Arakidinsyra C20:0,Kött färskt fryst tillagat ,0.0,g
1024,Gris fläskkarré skiva stekt,Linolensyra C18:3,Kött färskt fryst tillagat ,0.1,g
1024,Gris fläskkarré skiva stekt,Linolsyra C18:2,Kött färskt fryst tillagat ,1.1,g
1024,Gris fläskkarré skiva stekt,Oljesyra C18:1,Kött färskt fryst tillagat ,4.8,g
1024,Gris fläskkarré skiva stekt,Stearinsyra C18:0,Kött färskt fryst tillagat ,2.0,g
1024,Gris fläskkarré skiva stekt,Palmitoljesyra C16:1,Kött färskt fryst tillagat ,0.4,g
1024,Gris fläskkarré skiva stekt,Palmitinsyra C16:0,Kött färskt fryst tillagat ,3.4,g
1024,Gris fläskkarré skiva stekt,Myristinsyra C14:0,Kött färskt fryst tillagat ,0.2,g
1024,Gris fläskkarré skiva stekt,Laurinsyra C12:0,Kött färskt fryst tillagat ,0.0,g
1024,Gris fläskkarré skiva stekt,Betakaroten/β-Karoten,Kött färskt fryst tillagat ,0.0,µg
1024,Gris fläskkarré skiva stekt,Avfall (skal etc.),Kött färskt fryst tillagat ,35.0,%
1024,Gris fläskkarré skiva stekt,Aska,Kött färskt fryst tillagat ,1.4,g
1024,Gris fläskkarré skiva stekt,Alkohol,Kött färskt fryst tillagat ,0.0,g
1025,Gris fläskkotlett stekt,"Zink, Zn",Kött färskt fryst tillagat ,3.4,mg
1025,Gris fläskkotlett stekt,Vitamin E,Kött färskt fryst tillagat ,0.5,mg
1025,Gris fläskkotlett stekt,Vitamin D,Kött färskt fryst tillagat ,0.53,µg
1025,Gris fläskkotlett stekt,Vitamin C,Kött färskt fryst tillagat ,0.0,mg
1025,Gris fläskkotlett stekt,Vitamin B6,Kött färskt fryst tillagat ,0.31,mg
1025,Gris fläskkotlett stekt,Vitamin B12,Kött färskt fryst tillagat ,0.6,µg
1025,Gris fläskkotlett stekt,Vitamin A,Kött färskt fryst tillagat ,10.5,RE/µg
1025,Gris fläskkotlett stekt,Vatten,Kött färskt fryst tillagat ,61.7,g
1025,Gris fläskkotlett stekt,Tiamin,Kött färskt fryst tillagat ,0.75,mg
1025,Gris fläskkotlett stekt,Tillsatt socker,Kött färskt fryst tillagat ,0.0,g
1025,Gris fläskkotlett stekt,Fritt socker,Kött färskt fryst tillagat ,0.0,g
1025,Gris fläskkotlett stekt,"Selen, Se",Kött färskt fryst tillagat ,11.7,µg
1025,Gris fläskkotlett stekt,Sackaros,Kött färskt fryst tillagat ,0.0,g
1025,Gris fläskkotlett stekt,Riboflavin,Kött färskt fryst tillagat ,0.34,mg
1025,Gris fläskkotlett stekt,Retinol,Kött färskt fryst tillagat ,10.5,µg
1025,Gris fläskkotlett stekt,Protein,Kött färskt fryst tillagat ,22.7,g
1025,Gris fläskkotlett stekt,Summa fleromättade fettsyror,Kött färskt fryst tillagat ,1.5,g
1025,Gris fläskkotlett stekt,"Fosfor, P",Kött färskt fryst tillagat ,220.0,mg
1025,Gris fläskkotlett stekt,Niacinekvivalenter,Kött färskt fryst tillagat ,10.72,NE/mg
1025,Gris fläskkotlett stekt,Niacin,Kött färskt fryst tillagat ,6.55,mg
1025,Gris fläskkotlett stekt,"Salt, NaCl",Kött färskt fryst tillagat ,0.5,g
1025,Gris fläskkotlett stekt,"Natrium, Na",Kött färskt fryst tillagat ,173.0,mg
1025,Gris fläskkotlett stekt,Monosackarider,Kött färskt fryst tillagat ,0.0,g
1025,Gris fläskkotlett stekt,"Sockerarter, totalt",Kött färskt fryst tillagat ,0.0,g
1025,Gris fläskkotlett stekt,Summa enkelomättade fettsyror,Kött färskt fryst tillagat ,5.7,g
1025,Gris fläskkotlett stekt,"Magnesium, Mg",Kött färskt fryst tillagat ,32.0,mg
1025,Gris fläskkotlett stekt,Summa mättade fettsyror,Kött färskt fryst tillagat ,6.1,g
1025,Gris fläskkotlett stekt,"Kolhydrater, tillgängliga",Kött färskt fryst tillagat ,0.0,g
1025,Gris fläskkotlett stekt,Kolesterol,Kött färskt fryst tillagat ,67.9,mg
1025,Gris fläskkotlett stekt,"Kalium, K",Kött färskt fryst tillagat ,267.0,mg
1025,Gris fläskkotlett stekt,"Jod, I",Kött färskt fryst tillagat ,12.7,µg
1025,Gris fläskkotlett stekt,Fullkorn totalt,Kött färskt fryst tillagat ,0.0,g
1025,Gris fläskkotlett stekt,"Folat, totalt",Kött färskt fryst tillagat ,7.0,µg
1025,Gris fläskkotlett stekt,Fibrer,Kött färskt fryst tillagat ,0.0,g
1025,Gris fläskkotlett stekt,"Fett, totalt",Kött färskt fryst tillagat ,14.1,g
1025,Gris fläskkotlett stekt,"Järn, Fe",Kött färskt fryst tillagat ,1.7,mg
1025,Gris fläskkotlett stekt,Energi (kJ),Kött färskt fryst tillagat ,907.0,kJ
1025,Gris fläskkotlett stekt,Energi (kcal),Kött färskt fryst tillagat ,217.0,kcal
1025,Gris fläskkotlett stekt,Disackarider,Kött färskt fryst tillagat ,0.0,g
1025,Gris fläskkotlett stekt,"Kalcium, Ca",Kött färskt fryst tillagat ,7.0,mg
1025,Gris fläskkotlett stekt,Fettsyra 4:0-10:0,Kött färskt fryst tillagat ,0.0,g
1025,Gris fläskkotlett stekt,DHA (C22:6),Kött färskt fryst tillagat ,0.1,g
1025,Gris fläskkotlett stekt,DPA (C22:5),Kött färskt fryst tillagat ,0.0,g
1025,Gris fläskkotlett stekt,EPA (C20:5),Kött färskt fryst tillagat ,0.0,g
1025,Gris fläskkotlett stekt,Arakidonsyra C20:4,Kött färskt fryst tillagat ,0.0,g
1025,Gris fläskkotlett stekt,Arakidinsyra C20:0,Kött färskt fryst tillagat ,0.0,g
1025,Gris fläskkotlett stekt,Linolensyra C18:3,Kött färskt fryst tillagat ,0.1,g
1025,Gris fläskkotlett stekt,Linolsyra C18:2,Kött färskt fryst tillagat ,1.2,g
1025,Gris fläskkotlett stekt,Oljesyra C18:1,Kött färskt fryst tillagat ,5.1,g
1025,Gris fläskkotlett stekt,Stearinsyra C18:0,Kött färskt fryst tillagat ,2.1,g
1025,Gris fläskkotlett stekt,Palmitoljesyra C16:1,Kött färskt fryst tillagat ,0.5,g
1025,Gris fläskkotlett stekt,Palmitinsyra C16:0,Kött färskt fryst tillagat ,3.6,g
1025,Gris fläskkotlett stekt,Myristinsyra C14:0,Kött färskt fryst tillagat ,0.3,g
1025,Gris fläskkotlett stekt,Laurinsyra C12:0,Kött färskt fryst tillagat ,0.0,g
1025,Gris fläskkotlett stekt,Betakaroten/β-Karoten,Kött färskt fryst tillagat ,0.0,µg
1025,Gris fläskkotlett stekt,Avfall (skal etc.),Kött färskt fryst tillagat ,25.0,%
1025,Gris fläskkotlett stekt,Aska,Kött färskt fryst tillagat ,1.5,g
1025,Gris fläskkotlett stekt,Alkohol,Kött färskt fryst tillagat ,0.0,g
1027,Gris lägg kokt m. salt u. svål,"Zink, Zn",Kött färskt fryst tillagat ,2.6,mg
1027,Gris lägg kokt m. salt u. svål,Vitamin E,Kött färskt fryst tillagat ,0.5,mg
1027,Gris lägg kokt m. salt u. svål,Vitamin D,Kött färskt fryst tillagat ,0.54,µg
1027,Gris lägg kokt m. salt u. svål,Vitamin C,Kött färskt fryst tillagat ,0.0,mg
1027,Gris lägg kokt m. salt u. svål,Vitamin B6,Kött färskt fryst tillagat ,0.35,mg
1027,Gris lägg kokt m. salt u. svål,Vitamin B12,Kött färskt fryst tillagat ,0.35,µg
1027,Gris lägg kokt m. salt u. svål,Vitamin A,Kött färskt fryst tillagat ,10.6,RE/µg
1027,Gris lägg kokt m. salt u. svål,Vatten,Kött färskt fryst tillagat ,68.4,g
1027,Gris lägg kokt m. salt u. svål,Tiamin,Kött färskt fryst tillagat ,0.53,mg
1027,Gris lägg kokt m. salt u. svål,Tillsatt socker,Kött färskt fryst tillagat ,0.0,g
1027,Gris lägg kokt m. salt u. svål,Fritt socker,Kött färskt fryst tillagat ,0.0,g
1027,Gris lägg kokt m. salt u. svål,"Selen, Se",Kött färskt fryst tillagat ,11.8,µg
1027,Gris lägg kokt m. salt u. svål,Sackaros,Kött färskt fryst tillagat ,0.0,g
1027,Gris lägg kokt m. salt u. svål,Riboflavin,Kött färskt fryst tillagat ,0.24,mg
1027,Gris lägg kokt m. salt u. svål,Retinol,Kött färskt fryst tillagat ,10.6,µg
1027,Gris lägg kokt m. salt u. svål,Protein,Kött färskt fryst tillagat ,23.3,g
1027,Gris lägg kokt m. salt u. svål,Summa fleromättade fettsyror,Kött färskt fryst tillagat ,0.7,g
1027,Gris lägg kokt m. salt u. svål,"Fosfor, P",Kött färskt fryst tillagat ,190.0,mg
1027,Gris lägg kokt m. salt u. svål,Niacinekvivalenter,Kött färskt fryst tillagat ,14.69,NE/mg
1027,Gris lägg kokt m. salt u. svål,Niacin,Kött färskt fryst tillagat ,10.42,mg
1027,Gris lägg kokt m. salt u. svål,"Salt, NaCl",Kött färskt fryst tillagat ,1.2,g
1027,Gris lägg kokt m. salt u. svål,"Natrium, Na",Kött färskt fryst tillagat ,483.0,mg
1027,Gris lägg kokt m. salt u. svål,Monosackarider,Kött färskt fryst tillagat ,0.0,g
1027,Gris lägg kokt m. salt u. svål,"Sockerarter, totalt",Kött färskt fryst tillagat ,0.0,g
1027,Gris lägg kokt m. salt u. svål,Summa enkelomättade fettsyror,Kött färskt fryst tillagat ,2.5,g
1027,Gris lägg kokt m. salt u. svål,"Magnesium, Mg",Kött färskt fryst tillagat ,32.0,mg
1027,Gris lägg kokt m. salt u. svål,Summa mättade fettsyror,Kött färskt fryst tillagat ,2.6,g
1027,Gris lägg kokt m. salt u. svål,"Kolhydrater, tillgängliga",Kött färskt fryst tillagat ,0.0,g
1027,Gris lägg kokt m. salt u. svål,Kolesterol,Kött färskt fryst tillagat ,71.0,mg
1027,Gris lägg kokt m. salt u. svål,"Kalium, K",Kött färskt fryst tillagat ,265.0,mg
1027,Gris lägg kokt m. salt u. svål,"Jod, I",Kött färskt fryst tillagat ,50.9,µg
1027,Gris lägg kokt m. salt u. svål,Fullkorn totalt,Kött färskt fryst tillagat ,0.0,g
1027,Gris lägg kokt m. salt u. svål,"Folat, totalt",Kött färskt fryst tillagat ,2.3,µg
1027,Gris lägg kokt m. salt u. svål,Fibrer,Kött färskt fryst tillagat ,0.0,g
1027,Gris lägg kokt m. salt u. svål,"Fett, totalt",Kött färskt fryst tillagat ,6.2,g
1027,Gris lägg kokt m. salt u. svål,"Järn, Fe",Kött färskt fryst tillagat ,1.6,mg
1027,Gris lägg kokt m. salt u. svål,Energi (kJ),Kött färskt fryst tillagat ,623.0,kJ
1027,Gris lägg kokt m. salt u. svål,Energi (kcal),Kött färskt fryst tillagat ,149.0,kcal
1027,Gris lägg kokt m. salt u. svål,Disackarider,Kött färskt fryst tillagat ,0.0,g
1027,Gris lägg kokt m. salt u. svål,"Kalcium, Ca",Kött färskt fryst tillagat ,10.0,mg
1027,Gris lägg kokt m. salt u. svål,Fettsyra 4:0-10:0,Kött färskt fryst tillagat ,0.0,g
1027,Gris lägg kokt m. salt u. svål,DHA (C22:6),Kött färskt fryst tillagat ,0.0,g
1027,Gris lägg kokt m. salt u. svål,DPA (C22:5),Kött färskt fryst tillagat ,0.0,g
1027,Gris lägg kokt m. salt u. svål,EPA (C20:5),Kött färskt fryst tillagat ,0.0,g
1027,Gris lägg kokt m. salt u. svål,Arakidonsyra C20:4,Kött färskt fryst tillagat ,0.0,g
1027,Gris lägg kokt m. salt u. svål,Arakidinsyra C20:0,Kött färskt fryst tillagat ,0.0,g
1027,Gris lägg kokt m. salt u. svål,Linolensyra C18:3,Kött färskt fryst tillagat ,0.0,g
1027,Gris lägg kokt m. salt u. svål,Linolsyra C18:2,Kött färskt fryst tillagat ,0.5,g
1027,Gris lägg kokt m. salt u. svål,Oljesyra C18:1,Kött färskt fryst tillagat ,2.2,g
1027,Gris lägg kokt m. salt u. svål,Stearinsyra C18:0,Kött färskt fryst tillagat ,0.9,g
1027,Gris lägg kokt m. salt u. svål,Palmitoljesyra C16:1,Kött färskt fryst tillagat ,0.2,g
1027,Gris lägg kokt m. salt u. svål,Palmitinsyra C16:0,Kött färskt fryst tillagat ,1.6,g
1027,Gris lägg kokt m. salt u. svål,Myristinsyra C14:0,Kött färskt fryst tillagat ,0.1,g
1027,Gris lägg kokt m. salt u. svål,Laurinsyra C12:0,Kött färskt fryst tillagat ,0.0,g
1027,Gris lägg kokt m. salt u. svål,Betakaroten/β-Karoten,Kött färskt fryst tillagat ,0.0,µg
1027,Gris lägg kokt m. salt u. svål,Avfall (skal etc.),Kött färskt fryst tillagat ,64.0,%
1027,Gris lägg kokt m. salt u. svål,Aska,Kött färskt fryst tillagat ,2.2,g
1027,Gris lägg kokt m. salt u. svål,Alkohol,Kött färskt fryst tillagat ,0.0,g
1028,Gris kött grillat,"Zink, Zn",Kött färskt fryst tillagat ,2.9,mg
1028,Gris kött grillat,Vitamin E,Kött färskt fryst tillagat ,0.5,mg
1028,Gris kött grillat,Vitamin D,Kött färskt fryst tillagat ,0.61,µg
1028,Gris kött grillat,Vitamin C,Kött färskt fryst tillagat ,0.0,mg
1028,Gris kött grillat,Vitamin B6,Kött färskt fryst tillagat ,0.6,mg
1028,Gris kött grillat,Vitamin B12,Kött färskt fryst tillagat ,0.62,µg
1028,Gris kött grillat,Vitamin A,Kött färskt fryst tillagat ,10.6,RE/µg
1028,Gris kött grillat,Vatten,Kött färskt fryst tillagat ,65.8,g
1028,Gris kött grillat,Tiamin,Kött färskt fryst tillagat ,0.85,mg
1028,Gris kött grillat,Tillsatt socker,Kött färskt fryst tillagat ,0.0,g
1028,Gris kött grillat,Fritt socker,Kött färskt fryst tillagat ,0.0,g
1028,Gris kött grillat,"Selen, Se",Kött färskt fryst tillagat ,12.2,µg
1028,Gris kött grillat,Sackaros,Kött färskt fryst tillagat ,0.0,g
1028,Gris kött grillat,Riboflavin,Kött färskt fryst tillagat ,0.32,mg
1028,Gris kött grillat,Retinol,Kött färskt fryst tillagat ,10.6,µg
1028,Gris kött grillat,Protein,Kött färskt fryst tillagat ,22.7,g
1028,Gris kött grillat,Summa fleromättade fettsyror,Kött färskt fryst tillagat ,1.1,g
1028,Gris kött grillat,"Fosfor, P",Kött färskt fryst tillagat ,229.0,mg
1028,Gris kött grillat,Niacinekvivalenter,Kött färskt fryst tillagat ,12.8,NE/mg
1028,Gris kött grillat,Niacin,Kött färskt fryst tillagat ,8.63,mg
1028,Gris kött grillat,"Salt, NaCl",Kött färskt fryst tillagat ,0.4,g
1028,Gris kött grillat,"Natrium, Na",Kött färskt fryst tillagat ,178.0,mg
1028,Gris kött grillat,Monosackarider,Kött färskt fryst tillagat ,0.0,g
1028,Gris kött grillat,"Sockerarter, totalt",Kött färskt fryst tillagat ,0.0,g
1028,Gris kött grillat,Summa enkelomättade fettsyror,Kött färskt fryst tillagat ,4.1,g
1028,Gris kött grillat,"Magnesium, Mg",Kött färskt fryst tillagat ,32.0,mg
1028,Gris kött grillat,Summa mättade fettsyror,Kött färskt fryst tillagat ,4.2,g
1028,Gris kött grillat,"Kolhydrater, tillgängliga",Kött färskt fryst tillagat ,0.0,g
1028,Gris kött grillat,Kolesterol,Kött färskt fryst tillagat ,67.3,mg
1028,Gris kött grillat,"Kalium, K",Kött färskt fryst tillagat ,311.0,mg
1028,Gris kött grillat,"Jod, I",Kött färskt fryst tillagat ,13.5,µg
1028,Gris kött grillat,Fullkorn totalt,Kött färskt fryst tillagat ,0.0,g
1028,Gris kött grillat,"Folat, totalt",Kött färskt fryst tillagat ,4.9,µg
1028,Gris kött grillat,Fibrer,Kött färskt fryst tillagat ,0.0,g
1028,Gris kött grillat,"Fett, totalt",Kött färskt fryst tillagat ,9.9,g
1028,Gris kött grillat,"Järn, Fe",Kött färskt fryst tillagat ,1.7,mg
1028,Gris kött grillat,Energi (kJ),Kött färskt fryst tillagat ,751.0,kJ
1028,Gris kött grillat,Energi (kcal),Kött färskt fryst tillagat ,179.0,kcal
1028,Gris kött grillat,Disackarider,Kött färskt fryst tillagat ,0.0,g
1028,Gris kött grillat,"Kalcium, Ca",Kött färskt fryst tillagat ,10.0,mg
1028,Gris kött grillat,Fettsyra 4:0-10:0,Kött färskt fryst tillagat ,0.0,g
1028,Gris kött grillat,DHA (C22:6),Kött färskt fryst tillagat ,0.0,g
1028,Gris kött grillat,DPA (C22:5),Kött färskt fryst tillagat ,0.0,g
1028,Gris kött grillat,EPA (C20:5),Kött färskt fryst tillagat ,0.0,g
1028,Gris kött grillat,Arakidonsyra C20:4,Kött färskt fryst tillagat ,0.0,g
1028,Gris kött grillat,Arakidinsyra C20:0,Kött färskt fryst tillagat ,0.0,g
1028,Gris kött grillat,Linolensyra C18:3,Kött färskt fryst tillagat ,0.0,g
1028,Gris kött grillat,Linolsyra C18:2,Kött färskt fryst tillagat ,0.8,g
1028,Gris kött grillat,Oljesyra C18:1,Kött färskt fryst tillagat ,3.6,g
1028,Gris kött grillat,Stearinsyra C18:0,Kött färskt fryst tillagat ,1.5,g
1028,Gris kött grillat,Palmitoljesyra C16:1,Kött färskt fryst tillagat ,0.3,g
1028,Gris kött grillat,Palmitinsyra C16:0,Kött färskt fryst tillagat ,2.5,g
1028,Gris kött grillat,Myristinsyra C14:0,Kött färskt fryst tillagat ,0.2,g
1028,Gris kött grillat,Laurinsyra C12:0,Kött färskt fryst tillagat ,0.0,g
1028,Gris kött grillat,Betakaroten/β-Karoten,Kött färskt fryst tillagat ,0.0,µg
1028,Gris kött grillat,Avfall (skal etc.),Kött färskt fryst tillagat ,22.0,%
1028,Gris kött grillat,Aska,Kött färskt fryst tillagat ,1.6,g
1028,Gris kött grillat,Alkohol,Kött färskt fryst tillagat ,0.0,g
1029,Rullsylta,"Zink, Zn",Köttprodukter kötträtter,4.1,mg
1029,Rullsylta,Vitamin E,Köttprodukter kötträtter,0.5,mg
1029,Rullsylta,Vitamin D,Köttprodukter kötträtter,0.54,µg
1029,Rullsylta,Vitamin C,Köttprodukter kötträtter,0.0,mg
1029,Rullsylta,Vitamin B6,Köttprodukter kötträtter,0.28,mg
1029,Rullsylta,Vitamin B12,Köttprodukter kötträtter,0.33,µg
1029,Rullsylta,Vitamin A,Köttprodukter kötträtter,11.5,RE/µg
1029,Rullsylta,Vatten,Köttprodukter kötträtter,57.1,g
1029,Rullsylta,Tiamin,Köttprodukter kötträtter,0.41,mg
1029,Rullsylta,Tillsatt socker,Köttprodukter kötträtter,0.0,g
1029,Rullsylta,Fritt socker,Köttprodukter kötträtter,0.0,g
1029,Rullsylta,"Selen, Se",Köttprodukter kötträtter,11.4,µg
1029,Rullsylta,Sackaros,Köttprodukter kötträtter,0.0,g
1029,Rullsylta,Riboflavin,Köttprodukter kötträtter,0.23,mg
1029,Rullsylta,Retinol,Köttprodukter kötträtter,11.5,µg
1029,Rullsylta,Protein,Köttprodukter kötträtter,19.2,g
1029,Rullsylta,Summa fleromättade fettsyror,Köttprodukter kötträtter,2.1,g
1029,Rullsylta,"Fosfor, P",Köttprodukter kötträtter,233.0,mg
1029,Rullsylta,Niacinekvivalenter,Köttprodukter kötträtter,8.9,NE/mg
1029,Rullsylta,Niacin,Köttprodukter kötträtter,5.38,mg
1029,Rullsylta,"Salt, NaCl",Köttprodukter kötträtter,3.7,g
1029,Rullsylta,"Natrium, Na",Köttprodukter kötträtter,1501.0,mg
1029,Rullsylta,Monosackarider,Köttprodukter kötträtter,0.0,g
1029,Rullsylta,"Sockerarter, totalt",Köttprodukter kötträtter,0.0,g
1029,Rullsylta,Summa enkelomättade fettsyror,Köttprodukter kötträtter,7.8,g
1029,Rullsylta,"Magnesium, Mg",Köttprodukter kötträtter,28.0,mg
1029,Rullsylta,Summa mättade fettsyror,Köttprodukter kötträtter,8.2,g
1029,Rullsylta,"Kolhydrater, tillgängliga",Köttprodukter kötträtter,0.0,g
1029,Rullsylta,Kolesterol,Köttprodukter kötträtter,67.3,mg
1029,Rullsylta,"Kalium, K",Köttprodukter kötträtter,216.0,mg
1029,Rullsylta,"Jod, I",Köttprodukter kötträtter,90.0,µg
1029,Rullsylta,Fullkorn totalt,Köttprodukter kötträtter,0.0,g
1029,Rullsylta,"Folat, totalt",Köttprodukter kötträtter,3.1,µg
1029,Rullsylta,Fibrer,Köttprodukter kötträtter,0.0,g
1029,Rullsylta,"Fett, totalt",Köttprodukter kötträtter,19.0,g
1029,Rullsylta,"Järn, Fe",Köttprodukter kötträtter,1.3,mg
1029,Rullsylta,Energi (kJ),Köttprodukter kötträtter,1031.0,kJ
1029,Rullsylta,Energi (kcal),Köttprodukter kötträtter,246.0,kcal
1029,Rullsylta,Disackarider,Köttprodukter kötträtter,0.0,g
1029,Rullsylta,"Kalcium, Ca",Köttprodukter kötträtter,10.0,mg
1029,Rullsylta,Fettsyra 4:0-10:0,Köttprodukter kötträtter,0.0,g
1029,Rullsylta,DHA (C22:6),Köttprodukter kötträtter,0.1,g
1029,Rullsylta,DPA (C22:5),Köttprodukter kötträtter,0.1,g
1029,Rullsylta,EPA (C20:5),Köttprodukter kötträtter,0.0,g
1029,Rullsylta,Arakidonsyra C20:4,Köttprodukter kötträtter,0.1,g
1029,Rullsylta,Arakidinsyra C20:0,Köttprodukter kötträtter,0.1,g
1029,Rullsylta,Linolensyra C18:3,Köttprodukter kötträtter,0.1,g
1029,Rullsylta,Linolsyra C18:2,Köttprodukter kötträtter,1.6,g
1029,Rullsylta,Oljesyra C18:1,Köttprodukter kötträtter,6.9,g
1029,Rullsylta,Stearinsyra C18:0,Köttprodukter kötträtter,2.9,g
1029,Rullsylta,Palmitoljesyra C16:1,Köttprodukter kötträtter,0.6,g
1029,Rullsylta,Palmitinsyra C16:0,Köttprodukter kötträtter,4.9,g
1029,Rullsylta,Myristinsyra C14:0,Köttprodukter kötträtter,0.3,g
1029,Rullsylta,Laurinsyra C12:0,Köttprodukter kötträtter,0.0,g
1029,Rullsylta,Betakaroten/β-Karoten,Köttprodukter kötträtter,0.0,µg
1029,Rullsylta,Avfall (skal etc.),Köttprodukter kötträtter,0.0,%
1029,Rullsylta,Aska,Köttprodukter kötträtter,4.6,g
1029,Rullsylta,Alkohol,Köttprodukter kötträtter,0.0,g
1030,Gris fötter kokta m. salt,"Zink, Zn",Kött färskt fryst tillagat ,2.0,mg
1030,Gris fötter kokta m. salt,Vitamin E,Kött färskt fryst tillagat ,0.5,mg
1030,Gris fötter kokta m. salt,Vitamin D,Kött färskt fryst tillagat ,0.52,µg
1030,Gris fötter kokta m. salt,Vitamin C,Kött färskt fryst tillagat ,0.0,mg
1030,Gris fötter kokta m. salt,Vitamin B6,Kött färskt fryst tillagat ,0.2,mg
1030,Gris fötter kokta m. salt,Vitamin B12,Kött färskt fryst tillagat ,0.35,µg
1030,Gris fötter kokta m. salt,Vitamin A,Kött färskt fryst tillagat ,10.4,RE/µg
1030,Gris fötter kokta m. salt,Vatten,Kött färskt fryst tillagat ,56.7,g
1030,Gris fötter kokta m. salt,Tiamin,Kött färskt fryst tillagat ,0.02,mg
1030,Gris fötter kokta m. salt,Tillsatt socker,Kött färskt fryst tillagat ,0.0,g
1030,Gris fötter kokta m. salt,Fritt socker,Kött färskt fryst tillagat ,0.0,g
1030,Gris fötter kokta m. salt,"Selen, Se",Kött färskt fryst tillagat ,9.2,µg
1030,Gris fötter kokta m. salt,Sackaros,Kött färskt fryst tillagat ,0.0,g
1030,Gris fötter kokta m. salt,Riboflavin,Kött färskt fryst tillagat ,0.08,mg
1030,Gris fötter kokta m. salt,Retinol,Kött färskt fryst tillagat ,10.4,µg
1030,Gris fötter kokta m. salt,Protein,Kött färskt fryst tillagat ,27.0,g
1030,Gris fötter kokta m. salt,Summa fleromättade fettsyror,Kött färskt fryst tillagat ,1.6,g
1030,Gris fötter kokta m. salt,"Fosfor, P",Kött färskt fryst tillagat ,64.0,mg
1030,Gris fötter kokta m. salt,Niacinekvivalenter,Kött färskt fryst tillagat ,6.22,NE/mg
1030,Gris fötter kokta m. salt,Niacin,Kött färskt fryst tillagat ,1.27,mg
1030,Gris fötter kokta m. salt,"Salt, NaCl",Kött färskt fryst tillagat ,1.2,g
1030,Gris fötter kokta m. salt,"Natrium, Na",Kött färskt fryst tillagat ,454.0,mg
1030,Gris fötter kokta m. salt,Monosackarider,Kött färskt fryst tillagat ,0.0,g
1030,Gris fötter kokta m. salt,"Sockerarter, totalt",Kött färskt fryst tillagat ,0.0,g
1030,Gris fötter kokta m. salt,Summa enkelomättade fettsyror,Kött färskt fryst tillagat ,6.0,g
1030,Gris fötter kokta m. salt,"Magnesium, Mg",Kött färskt fryst tillagat ,8.0,mg
1030,Gris fötter kokta m. salt,Summa mättade fettsyror,Kött färskt fryst tillagat ,6.2,g
1030,Gris fötter kokta m. salt,"Kolhydrater, tillgängliga",Kött färskt fryst tillagat ,0.0,g
1030,Gris fötter kokta m. salt,Kolesterol,Kött färskt fryst tillagat ,66.7,mg
1030,Gris fötter kokta m. salt,"Kalium, K",Kött färskt fryst tillagat ,190.0,mg
1030,Gris fötter kokta m. salt,"Jod, I",Kött färskt fryst tillagat ,48.3,µg
1030,Gris fötter kokta m. salt,Fullkorn totalt,Kött färskt fryst tillagat ,0.0,g
1030,Gris fötter kokta m. salt,"Folat, totalt",Kött färskt fryst tillagat ,3.0,µg
1030,Gris fötter kokta m. salt,Fibrer,Kött färskt fryst tillagat ,0.0,g
1030,Gris fötter kokta m. salt,"Fett, totalt",Kött färskt fryst tillagat ,14.5,g
1030,Gris fötter kokta m. salt,"Järn, Fe",Kött färskt fryst tillagat ,0.9,mg
1030,Gris fötter kokta m. salt,Energi (kJ),Kött färskt fryst tillagat ,996.0,kJ
1030,Gris fötter kokta m. salt,Energi (kcal),Kött färskt fryst tillagat ,238.0,kcal
1030,Gris fötter kokta m. salt,Disackarider,Kött färskt fryst tillagat ,0.0,g
1030,Gris fötter kokta m. salt,"Kalcium, Ca",Kött färskt fryst tillagat ,69.0,mg
1030,Gris fötter kokta m. salt,Fettsyra 4:0-10:0,Kött färskt fryst tillagat ,0.0,g
1030,Gris fötter kokta m. salt,DHA (C22:6),Kött färskt fryst tillagat ,0.1,g
1030,Gris fötter kokta m. salt,DPA (C22:5),Kött färskt fryst tillagat ,0.0,g
1030,Gris fötter kokta m. salt,EPA (C20:5),Kött färskt fryst tillagat ,0.0,g
1030,Gris fötter kokta m. salt,Arakidonsyra C20:4,Kött färskt fryst tillagat ,0.0,g
1030,Gris fötter kokta m. salt,Arakidinsyra C20:0,Kött färskt fryst tillagat ,0.0,g
1030,Gris fötter kokta m. salt,Linolensyra C18:3,Kött färskt fryst tillagat ,0.1,g
1030,Gris fötter kokta m. salt,Linolsyra C18:2,Kött färskt fryst tillagat ,1.2,g
1030,Gris fötter kokta m. salt,Oljesyra C18:1,Kött färskt fryst tillagat ,5.3,g
1030,Gris fötter kokta m. salt,Stearinsyra C18:0,Kött färskt fryst tillagat ,2.2,g
1030,Gris fötter kokta m. salt,Palmitoljesyra C16:1,Kött färskt fryst tillagat ,0.5,g
1030,Gris fötter kokta m. salt,Palmitinsyra C16:0,Kött färskt fryst tillagat ,3.7,g
1030,Gris fötter kokta m. salt,Myristinsyra C14:0,Kött färskt fryst tillagat ,0.3,g
1030,Gris fötter kokta m. salt,Laurinsyra C12:0,Kött färskt fryst tillagat ,0.0,g
1030,Gris fötter kokta m. salt,Betakaroten/β-Karoten,Kött färskt fryst tillagat ,0.0,µg
1030,Gris fötter kokta m. salt,Avfall (skal etc.),Kött färskt fryst tillagat ,89.0,%
1030,Gris fötter kokta m. salt,Aska,Kött färskt fryst tillagat ,1.8,g
1030,Gris fötter kokta m. salt,Alkohol,Kött färskt fryst tillagat ,0.0,g
1031,Hare stek stekt,"Zink, Zn",Kött färskt fryst tillagat ,1.2,mg
1031,Hare stek stekt,Vitamin E,Kött färskt fryst tillagat ,0.1,mg
1031,Hare stek stekt,Vitamin D,Kött färskt fryst tillagat ,0.36,µg
1031,Hare stek stekt,Vitamin C,Kött färskt fryst tillagat ,0.0,mg
1031,Hare stek stekt,Vitamin B6,Kött färskt fryst tillagat ,0.18,mg
1031,Hare stek stekt,Vitamin B12,Kött färskt fryst tillagat ,0.92,µg
1031,Hare stek stekt,Vitamin A,Kött färskt fryst tillagat ,6.1,RE/µg
1031,Hare stek stekt,Vatten,Kött färskt fryst tillagat ,68.9,g
1031,Hare stek stekt,Tiamin,Kött färskt fryst tillagat ,0.24,mg
1031,Hare stek stekt,Tillsatt socker,Kött färskt fryst tillagat ,0.0,g
1031,Hare stek stekt,Fritt socker,Kött färskt fryst tillagat ,0.0,g
1031,Hare stek stekt,"Selen, Se",Kött färskt fryst tillagat ,12.3,µg
1031,Hare stek stekt,Sackaros,Kött färskt fryst tillagat ,0.0,g
1031,Hare stek stekt,Riboflavin,Kött färskt fryst tillagat ,0.49,mg
1031,Hare stek stekt,Retinol,Kött färskt fryst tillagat ,6.1,µg
1031,Hare stek stekt,Protein,Kött färskt fryst tillagat ,26.4,g
1031,Hare stek stekt,Summa fleromättade fettsyror,Kött färskt fryst tillagat ,1.2,g
1031,Hare stek stekt,"Fosfor, P",Kött färskt fryst tillagat ,270.0,mg
1031,Hare stek stekt,Niacinekvivalenter,Kött färskt fryst tillagat ,10.24,NE/mg
1031,Hare stek stekt,Niacin,Kött färskt fryst tillagat ,5.4,mg
1031,Hare stek stekt,"Salt, NaCl",Kött färskt fryst tillagat ,0.5,g
1031,Hare stek stekt,"Natrium, Na",Kött färskt fryst tillagat ,179.0,mg
1031,Hare stek stekt,Monosackarider,Kött färskt fryst tillagat ,0.0,g
1031,Hare stek stekt,"Sockerarter, totalt",Kött färskt fryst tillagat ,0.0,g
1031,Hare stek stekt,Summa enkelomättade fettsyror,Kött färskt fryst tillagat ,0.7,g
1031,Hare stek stekt,"Magnesium, Mg",Kött färskt fryst tillagat ,32.0,mg
1031,Hare stek stekt,Summa mättade fettsyror,Kött färskt fryst tillagat ,1.6,g
1031,Hare stek stekt,"Kolhydrater, tillgängliga",Kött färskt fryst tillagat ,0.0,g
1031,Hare stek stekt,Kolesterol,Kött färskt fryst tillagat ,73.6,mg
1031,Hare stek stekt,"Kalium, K",Kött färskt fryst tillagat ,275.0,mg
1031,Hare stek stekt,"Jod, I",Kött färskt fryst tillagat ,13.1,µg
1031,Hare stek stekt,Fullkorn totalt,Kött färskt fryst tillagat ,0.0,g
1031,Hare stek stekt,"Folat, totalt",Kött färskt fryst tillagat ,5.2,µg
1031,Hare stek stekt,Fibrer,Kött färskt fryst tillagat ,0.0,g
1031,Hare stek stekt,"Fett, totalt",Kött färskt fryst tillagat ,3.8,g
1031,Hare stek stekt,"Järn, Fe",Kött färskt fryst tillagat ,5.2,mg
1031,Hare stek stekt,Energi (kJ),Kött färskt fryst tillagat ,589.0,kJ
1031,Hare stek stekt,Energi (kcal),Kött färskt fryst tillagat ,141.0,kcal
1031,Hare stek stekt,Disackarider,Kött färskt fryst tillagat ,0.0,g
1031,Hare stek stekt,"Kalcium, Ca",Kött färskt fryst tillagat ,25.0,mg
1031,Hare stek stekt,Fettsyra 4:0-10:0,Kött färskt fryst tillagat ,0.0,g
1031,Hare stek stekt,DHA (C22:6),Kött färskt fryst tillagat ,0.0,g
1031,Hare stek stekt,DPA (C22:5),Kött färskt fryst tillagat ,0.0,g
1031,Hare stek stekt,EPA (C20:5),Kött färskt fryst tillagat ,0.0,g
1031,Hare stek stekt,Arakidonsyra C20:4,Kött färskt fryst tillagat ,0.1,g
1031,Hare stek stekt,Arakidinsyra C20:0,Kött färskt fryst tillagat ,0.0,g
1031,Hare stek stekt,Linolensyra C18:3,Kött färskt fryst tillagat ,0.4,g
1031,Hare stek stekt,Linolsyra C18:2,Kött färskt fryst tillagat ,0.7,g
1031,Hare stek stekt,Oljesyra C18:1,Kött färskt fryst tillagat ,0.7,g
1031,Hare stek stekt,Stearinsyra C18:0,Kött färskt fryst tillagat ,0.3,g
1031,Hare stek stekt,Palmitoljesyra C16:1,Kött färskt fryst tillagat ,0.1,g
1031,Hare stek stekt,Palmitinsyra C16:0,Kött färskt fryst tillagat ,1.1,g
1031,Hare stek stekt,Myristinsyra C14:0,Kött färskt fryst tillagat ,0.1,g
1031,Hare stek stekt,Laurinsyra C12:0,Kött färskt fryst tillagat ,0.0,g
1031,Hare stek stekt,Betakaroten/β-Karoten,Kött färskt fryst tillagat ,0.0,µg
1031,Hare stek stekt,Avfall (skal etc.),Kött färskt fryst tillagat ,0.0,%
1031,Hare stek stekt,Aska,Kött färskt fryst tillagat ,0.9,g
1031,Hare stek stekt,Alkohol,Kött färskt fryst tillagat ,0.0,g
1032,Kalv filé stekt,"Zink, Zn",Kött färskt fryst tillagat ,4.0,mg
1032,Kalv filé stekt,Vitamin E,Kött färskt fryst tillagat ,0.4,mg
1032,Kalv filé stekt,Vitamin D,Kött färskt fryst tillagat ,0.28,µg
1032,Kalv filé stekt,Vitamin C,Kött färskt fryst tillagat ,0.0,mg
1032,Kalv filé stekt,Vitamin B6,Kött färskt fryst tillagat ,0.24,mg
1032,Kalv filé stekt,Vitamin B12,Kött färskt fryst tillagat ,1.15,µg
1032,Kalv filé stekt,Vitamin A,Kött färskt fryst tillagat ,34.5,RE/µg
1032,Kalv filé stekt,Vatten,Kött färskt fryst tillagat ,71.6,g
1032,Kalv filé stekt,Tiamin,Kött färskt fryst tillagat ,0.07,mg
1032,Kalv filé stekt,Tillsatt socker,Kött färskt fryst tillagat ,0.0,g
1032,Kalv filé stekt,Fritt socker,Kött färskt fryst tillagat ,0.0,g
1032,Kalv filé stekt,"Selen, Se",Kött färskt fryst tillagat ,7.1,µg
1032,Kalv filé stekt,Sackaros,Kött färskt fryst tillagat ,0.0,g
1032,Kalv filé stekt,Riboflavin,Kött färskt fryst tillagat ,0.14,mg
1032,Kalv filé stekt,Retinol,Kött färskt fryst tillagat ,34.1,µg
1032,Kalv filé stekt,Protein,Kött färskt fryst tillagat ,23.5,g
1032,Kalv filé stekt,Summa fleromättade fettsyror,Kött färskt fryst tillagat ,0.3,g
1032,Kalv filé stekt,"Fosfor, P",Kött färskt fryst tillagat ,241.0,mg
1032,Kalv filé stekt,Niacinekvivalenter,Kött färskt fryst tillagat ,11.37,NE/mg
1032,Kalv filé stekt,Niacin,Kött färskt fryst tillagat ,7.05,mg
1032,Kalv filé stekt,"Salt, NaCl",Kött färskt fryst tillagat ,0.4,g
1032,Kalv filé stekt,"Natrium, Na",Kött färskt fryst tillagat ,189.0,mg
1032,Kalv filé stekt,Monosackarider,Kött färskt fryst tillagat ,0.0,g
1032,Kalv filé stekt,"Sockerarter, totalt",Kött färskt fryst tillagat ,0.0,g
1032,Kalv filé stekt,Summa enkelomättade fettsyror,Kött färskt fryst tillagat ,1.4,g
1032,Kalv filé stekt,"Magnesium, Mg",Kött färskt fryst tillagat ,24.0,mg
1032,Kalv filé stekt,Summa mättade fettsyror,Kött färskt fryst tillagat ,1.2,g
1032,Kalv filé stekt,"Kolhydrater, tillgängliga",Kött färskt fryst tillagat ,0.0,g
1032,Kalv filé stekt,Kolesterol,Kött färskt fryst tillagat ,83.5,mg
1032,Kalv filé stekt,"Kalium, K",Kött färskt fryst tillagat ,305.0,mg
1032,Kalv filé stekt,"Jod, I",Kött färskt fryst tillagat ,20.0,µg
1032,Kalv filé stekt,Fullkorn totalt,Kött färskt fryst tillagat ,0.0,g
1032,Kalv filé stekt,"Folat, totalt",Kött färskt fryst tillagat ,5.0,µg
1032,Kalv filé stekt,Fibrer,Kött färskt fryst tillagat ,0.0,g
1032,Kalv filé stekt,"Fett, totalt",Kött färskt fryst tillagat ,3.2,g
1032,Kalv filé stekt,"Järn, Fe",Kött färskt fryst tillagat ,2.0,mg
1032,Kalv filé stekt,Energi (kJ),Kött färskt fryst tillagat ,517.0,kJ
1032,Kalv filé stekt,Energi (kcal),Kött färskt fryst tillagat ,123.0,kcal
1032,Kalv filé stekt,Disackarider,Kött färskt fryst tillagat ,0.0,g
1032,Kalv filé stekt,"Kalcium, Ca",Kött färskt fryst tillagat ,6.0,mg
1032,Kalv filé stekt,Fettsyra 4:0-10:0,Kött färskt fryst tillagat ,0.0,g
1032,Kalv filé stekt,DHA (C22:6),Kött färskt fryst tillagat ,0.0,g
1032,Kalv filé stekt,DPA (C22:5),Kött färskt fryst tillagat ,0.0,g
1032,Kalv filé stekt,EPA (C20:5),Kött färskt fryst tillagat ,0.0,g
1032,Kalv filé stekt,Arakidonsyra C20:4,Kött färskt fryst tillagat ,0.0,g
1032,Kalv filé stekt,Arakidinsyra C20:0,Kött färskt fryst tillagat ,0.0,g
1032,Kalv filé stekt,Linolensyra C18:3,Kött färskt fryst tillagat ,0.0,g
1032,Kalv filé stekt,Linolsyra C18:2,Kött färskt fryst tillagat ,0.2,g
1032,Kalv filé stekt,Oljesyra C18:1,Kött färskt fryst tillagat ,1.2,g
1032,Kalv filé stekt,Stearinsyra C18:0,Kött färskt fryst tillagat ,0.4,g
1032,Kalv filé stekt,Palmitoljesyra C16:1,Kött färskt fryst tillagat ,0.1,g
1032,Kalv filé stekt,Palmitinsyra C16:0,Kött färskt fryst tillagat ,0.7,g
1032,Kalv filé stekt,Myristinsyra C14:0,Kött färskt fryst tillagat ,0.1,g
1032,Kalv filé stekt,Laurinsyra C12:0,Kött färskt fryst tillagat ,0.0,g
1032,Kalv filé stekt,Betakaroten/β-Karoten,Kött färskt fryst tillagat ,5.0,µg
1032,Kalv filé stekt,Avfall (skal etc.),Kött färskt fryst tillagat ,0.0,%
1032,Kalv filé stekt,Aska,Kött färskt fryst tillagat ,1.7,g
1032,Kalv filé stekt,Alkohol,Kött färskt fryst tillagat ,0.0,g
1033,Kalv kotlett stekt,"Zink, Zn",Kött färskt fryst tillagat ,5.0,mg
1033,Kalv kotlett stekt,Vitamin E,Kött färskt fryst tillagat ,0.4,mg
1033,Kalv kotlett stekt,Vitamin D,Kött färskt fryst tillagat ,0.28,µg
1033,Kalv kotlett stekt,Vitamin C,Kött färskt fryst tillagat ,0.0,mg
1033,Kalv kotlett stekt,Vitamin B6,Kött färskt fryst tillagat ,0.23,mg
1033,Kalv kotlett stekt,Vitamin B12,Kött färskt fryst tillagat ,1.14,µg
1033,Kalv kotlett stekt,Vitamin A,Kött färskt fryst tillagat ,34.3,RE/µg
1033,Kalv kotlett stekt,Vatten,Kött färskt fryst tillagat ,69.2,g
1033,Kalv kotlett stekt,Tiamin,Kött färskt fryst tillagat ,0.05,mg
1033,Kalv kotlett stekt,Tillsatt socker,Kött färskt fryst tillagat ,0.0,g
1033,Kalv kotlett stekt,Fritt socker,Kött färskt fryst tillagat ,0.0,g
1033,Kalv kotlett stekt,"Selen, Se",Kött färskt fryst tillagat ,7.0,µg
1033,Kalv kotlett stekt,Sackaros,Kött färskt fryst tillagat ,0.0,g
1033,Kalv kotlett stekt,Riboflavin,Kött färskt fryst tillagat ,0.12,mg
1033,Kalv kotlett stekt,Retinol,Kött färskt fryst tillagat ,33.9,µg
1033,Kalv kotlett stekt,Protein,Kött färskt fryst tillagat ,24.0,g
1033,Kalv kotlett stekt,Summa fleromättade fettsyror,Kött färskt fryst tillagat ,0.5,g
1033,Kalv kotlett stekt,"Fosfor, P",Kött färskt fryst tillagat ,232.0,mg
1033,Kalv kotlett stekt,Niacinekvivalenter,Kött färskt fryst tillagat ,11.42,NE/mg
1033,Kalv kotlett stekt,Niacin,Kött färskt fryst tillagat ,7.02,mg
1033,Kalv kotlett stekt,"Salt, NaCl",Kött färskt fryst tillagat ,0.5,g
1033,Kalv kotlett stekt,"Natrium, Na",Kött färskt fryst tillagat ,203.0,mg
1033,Kalv kotlett stekt,Monosackarider,Kött färskt fryst tillagat ,0.0,g
1033,Kalv kotlett stekt,"Sockerarter, totalt",Kött färskt fryst tillagat ,0.0,g
1033,Kalv kotlett stekt,Summa enkelomättade fettsyror,Kött färskt fryst tillagat ,2.3,g
1033,Kalv kotlett stekt,"Magnesium, Mg",Kött färskt fryst tillagat ,23.0,mg
1033,Kalv kotlett stekt,Summa mättade fettsyror,Kött färskt fryst tillagat ,1.9,g
1033,Kalv kotlett stekt,"Kolhydrater, tillgängliga",Kött färskt fryst tillagat ,0.0,g
1033,Kalv kotlett stekt,Kolesterol,Kött färskt fryst tillagat ,83.1,mg
1033,Kalv kotlett stekt,"Kalium, K",Kött färskt fryst tillagat ,262.0,mg
1033,Kalv kotlett stekt,"Jod, I",Kött färskt fryst tillagat ,18.8,µg
1033,Kalv kotlett stekt,Fullkorn totalt,Kött färskt fryst tillagat ,0.0,g
1033,Kalv kotlett stekt,"Folat, totalt",Kött färskt fryst tillagat ,5.0,µg
1033,Kalv kotlett stekt,Fibrer,Kött färskt fryst tillagat ,0.0,g
1033,Kalv kotlett stekt,"Fett, totalt",Kött färskt fryst tillagat ,5.1,g
1033,Kalv kotlett stekt,"Järn, Fe",Kött färskt fryst tillagat ,2.0,mg
1033,Kalv kotlett stekt,Energi (kJ),Kött färskt fryst tillagat ,598.0,kJ
1033,Kalv kotlett stekt,Energi (kcal),Kött färskt fryst tillagat ,143.0,kcal
1033,Kalv kotlett stekt,Disackarider,Kött färskt fryst tillagat ,0.0,g
1033,Kalv kotlett stekt,"Kalcium, Ca",Kött färskt fryst tillagat ,15.0,mg
1033,Kalv kotlett stekt,Fettsyra 4:0-10:0,Kött färskt fryst tillagat ,0.0,g
1033,Kalv kotlett stekt,DHA (C22:6),Kött färskt fryst tillagat ,0.0,g
1033,Kalv kotlett stekt,DPA (C22:5),Kött färskt fryst tillagat ,0.0,g
1033,Kalv kotlett stekt,EPA (C20:5),Kött färskt fryst tillagat ,0.0,g
1033,Kalv kotlett stekt,Arakidonsyra C20:4,Kött färskt fryst tillagat ,0.1,g
1033,Kalv kotlett stekt,Arakidinsyra C20:0,Kött färskt fryst tillagat ,0.0,g
1033,Kalv kotlett stekt,Linolensyra C18:3,Kött färskt fryst tillagat ,0.0,g
1033,Kalv kotlett stekt,Linolsyra C18:2,Kött färskt fryst tillagat ,0.3,g
1033,Kalv kotlett stekt,Oljesyra C18:1,Kött färskt fryst tillagat ,1.9,g
1033,Kalv kotlett stekt,Stearinsyra C18:0,Kött färskt fryst tillagat ,0.6,g
1033,Kalv kotlett stekt,Palmitoljesyra C16:1,Kött färskt fryst tillagat ,0.2,g
1033,Kalv kotlett stekt,Palmitinsyra C16:0,Kött färskt fryst tillagat ,1.1,g
1033,Kalv kotlett stekt,Myristinsyra C14:0,Kött färskt fryst tillagat ,0.2,g
1033,Kalv kotlett stekt,Laurinsyra C12:0,Kött färskt fryst tillagat ,0.0,g
1033,Kalv kotlett stekt,Betakaroten/β-Karoten,Kött färskt fryst tillagat ,5.0,µg
1033,Kalv kotlett stekt,Avfall (skal etc.),Kött färskt fryst tillagat ,20.0,%
1033,Kalv kotlett stekt,Aska,Kött färskt fryst tillagat ,1.7,g
1033,Kalv kotlett stekt,Alkohol,Kött färskt fryst tillagat ,0.0,g
1034,Kalv kött kokt m. salt,"Zink, Zn",Kött färskt fryst tillagat ,4.8,mg
1034,Kalv kött kokt m. salt,Vitamin E,Kött färskt fryst tillagat ,0.4,mg
1034,Kalv kött kokt m. salt,Vitamin D,Kött färskt fryst tillagat ,0.3,µg
1034,Kalv kött kokt m. salt,Vitamin C,Kött färskt fryst tillagat ,0.0,mg
1034,Kalv kött kokt m. salt,Vitamin B6,Kött färskt fryst tillagat ,0.28,mg
1034,Kalv kött kokt m. salt,Vitamin B12,Kött färskt fryst tillagat ,0.83,µg
1034,Kalv kött kokt m. salt,Vitamin A,Kött färskt fryst tillagat ,37.2,RE/µg
1034,Kalv kött kokt m. salt,Vatten,Kött färskt fryst tillagat ,64.3,g
1034,Kalv kött kokt m. salt,Tiamin,Kött färskt fryst tillagat ,0.05,mg
1034,Kalv kött kokt m. salt,Tillsatt socker,Kött färskt fryst tillagat ,0.0,g
1034,Kalv kött kokt m. salt,Fritt socker,Kött färskt fryst tillagat ,0.0,g
1034,Kalv kött kokt m. salt,"Selen, Se",Kött färskt fryst tillagat ,7.6,µg
1034,Kalv kött kokt m. salt,Sackaros,Kött färskt fryst tillagat ,0.0,g
1034,Kalv kött kokt m. salt,Riboflavin,Kött färskt fryst tillagat ,0.14,mg
1034,Kalv kött kokt m. salt,Retinol,Kött färskt fryst tillagat ,36.8,µg
1034,Kalv kött kokt m. salt,Protein,Kött färskt fryst tillagat ,24.1,g
1034,Kalv kött kokt m. salt,Summa fleromättade fettsyror,Kött färskt fryst tillagat ,0.7,g
1034,Kalv kött kokt m. salt,"Fosfor, P",Kött färskt fryst tillagat ,229.0,mg
1034,Kalv kött kokt m. salt,Niacinekvivalenter,Kött färskt fryst tillagat ,12.05,NE/mg
1034,Kalv kött kokt m. salt,Niacin,Kött färskt fryst tillagat ,7.62,mg
1034,Kalv kött kokt m. salt,"Salt, NaCl",Kött färskt fryst tillagat ,0.7,g
1034,Kalv kött kokt m. salt,"Natrium, Na",Kött färskt fryst tillagat ,268.0,mg
1034,Kalv kött kokt m. salt,Monosackarider,Kött färskt fryst tillagat ,0.0,g
1034,Kalv kött kokt m. salt,"Sockerarter, totalt",Kött färskt fryst tillagat ,0.0,g
1034,Kalv kött kokt m. salt,Summa enkelomättade fettsyror,Kött färskt fryst tillagat ,4.5,g
1034,Kalv kött kokt m. salt,"Magnesium, Mg",Kött färskt fryst tillagat ,26.0,mg
1034,Kalv kött kokt m. salt,Summa mättade fettsyror,Kött färskt fryst tillagat ,4.1,g
1034,Kalv kött kokt m. salt,"Kolhydrater, tillgängliga",Kött färskt fryst tillagat ,0.0,g
1034,Kalv kött kokt m. salt,Kolesterol,Kött färskt fryst tillagat ,90.2,mg
1034,Kalv kött kokt m. salt,"Kalium, K",Kött färskt fryst tillagat ,263.0,mg
1034,Kalv kött kokt m. salt,"Jod, I",Kött färskt fryst tillagat ,27.3,µg
1034,Kalv kött kokt m. salt,Fullkorn totalt,Kött färskt fryst tillagat ,0.0,g
1034,Kalv kött kokt m. salt,"Folat, totalt",Kött färskt fryst tillagat ,4.1,µg
1034,Kalv kött kokt m. salt,Fibrer,Kött färskt fryst tillagat ,0.0,g
1034,Kalv kött kokt m. salt,"Fett, totalt",Kött färskt fryst tillagat ,9.8,g
1034,Kalv kött kokt m. salt,"Järn, Fe",Kött färskt fryst tillagat ,2.2,mg
1034,Kalv kött kokt m. salt,Energi (kJ),Kött färskt fryst tillagat ,775.0,kJ
1034,Kalv kött kokt m. salt,Energi (kcal),Kött färskt fryst tillagat ,186.0,kcal
1034,Kalv kött kokt m. salt,Disackarider,Kött färskt fryst tillagat ,0.0,g
1034,Kalv kött kokt m. salt,"Kalcium, Ca",Kött färskt fryst tillagat ,18.0,mg
1034,Kalv kött kokt m. salt,Fettsyra 4:0-10:0,Kött färskt fryst tillagat ,0.0,g
1034,Kalv kött kokt m. salt,DHA (C22:6),Kött färskt fryst tillagat ,0.0,g
1034,Kalv kött kokt m. salt,DPA (C22:5),Kött färskt fryst tillagat ,0.0,g
1034,Kalv kött kokt m. salt,EPA (C20:5),Kött färskt fryst tillagat ,0.0,g
1034,Kalv kött kokt m. salt,Arakidonsyra C20:4,Kött färskt fryst tillagat ,0.1,g
1034,Kalv kött kokt m. salt,Arakidinsyra C20:0,Kött färskt fryst tillagat ,0.0,g
1034,Kalv kött kokt m. salt,Linolensyra C18:3,Kött färskt fryst tillagat ,0.0,g
1034,Kalv kött kokt m. salt,Linolsyra C18:2,Kött färskt fryst tillagat ,0.4,g
1034,Kalv kött kokt m. salt,Oljesyra C18:1,Kött färskt fryst tillagat ,4.0,g
1034,Kalv kött kokt m. salt,Stearinsyra C18:0,Kött färskt fryst tillagat ,1.5,g
1034,Kalv kött kokt m. salt,Palmitoljesyra C16:1,Kött färskt fryst tillagat ,0.3,g
1034,Kalv kött kokt m. salt,Palmitinsyra C16:0,Kött färskt fryst tillagat ,2.1,g
1034,Kalv kött kokt m. salt,Myristinsyra C14:0,Kött färskt fryst tillagat ,0.3,g
1034,Kalv kött kokt m. salt,Laurinsyra C12:0,Kött färskt fryst tillagat ,0.0,g
1034,Kalv kött kokt m. salt,Betakaroten/β-Karoten,Kött färskt fryst tillagat ,5.0,µg
1034,Kalv kött kokt m. salt,Avfall (skal etc.),Kött färskt fryst tillagat ,22.0,%
1034,Kalv kött kokt m. salt,Aska,Kött färskt fryst tillagat ,1.7,g
1034,Kalv kött kokt m. salt,Alkohol,Kött färskt fryst tillagat ,0.0,g
1035,Kalv stek stekt,"Zink, Zn",Kött färskt fryst tillagat ,4.0,mg
1035,Kalv stek stekt,Vitamin E,Kött färskt fryst tillagat ,0.4,mg
1035,Kalv stek stekt,Vitamin D,Kött färskt fryst tillagat ,0.28,µg
1035,Kalv stek stekt,Vitamin C,Kött färskt fryst tillagat ,0.0,mg
1035,Kalv stek stekt,Vitamin B6,Kött färskt fryst tillagat ,0.23,mg
1035,Kalv stek stekt,Vitamin B12,Kött färskt fryst tillagat ,1.14,µg
1035,Kalv stek stekt,Vitamin A,Kött färskt fryst tillagat ,34.4,RE/µg
1035,Kalv stek stekt,Vatten,Kött färskt fryst tillagat ,70.7,g
1035,Kalv stek stekt,Tiamin,Kött färskt fryst tillagat ,0.07,mg
1035,Kalv stek stekt,Tillsatt socker,Kött färskt fryst tillagat ,0.0,g
1035,Kalv stek stekt,Fritt socker,Kött färskt fryst tillagat ,0.0,g
1035,Kalv stek stekt,"Selen, Se",Kött färskt fryst tillagat ,7.0,µg
1035,Kalv stek stekt,Sackaros,Kött färskt fryst tillagat ,0.0,g
1035,Kalv stek stekt,Riboflavin,Kött färskt fryst tillagat ,0.14,mg
1035,Kalv stek stekt,Retinol,Kött färskt fryst tillagat ,34.0,µg
1035,Kalv stek stekt,Protein,Kött färskt fryst tillagat ,24.6,g
1035,Kalv stek stekt,Summa fleromättade fettsyror,Kött färskt fryst tillagat ,0.3,g
1035,Kalv stek stekt,"Fosfor, P",Kött färskt fryst tillagat ,253.0,mg
1035,Kalv stek stekt,Niacinekvivalenter,Kött färskt fryst tillagat ,11.56,NE/mg
1035,Kalv stek stekt,Niacin,Kött färskt fryst tillagat ,7.04,mg
1035,Kalv stek stekt,"Salt, NaCl",Kött färskt fryst tillagat ,0.4,g
1035,Kalv stek stekt,"Natrium, Na",Kött färskt fryst tillagat ,188.0,mg
1035,Kalv stek stekt,Monosackarider,Kött färskt fryst tillagat ,0.0,g
1035,Kalv stek stekt,"Sockerarter, totalt",Kött färskt fryst tillagat ,0.0,g
1035,Kalv stek stekt,Summa enkelomättade fettsyror,Kött färskt fryst tillagat ,1.3,g
1035,Kalv stek stekt,"Magnesium, Mg",Kött färskt fryst tillagat ,24.0,mg
1035,Kalv stek stekt,Summa mättade fettsyror,Kött färskt fryst tillagat ,1.1,g
1035,Kalv stek stekt,"Kolhydrater, tillgängliga",Kött färskt fryst tillagat ,0.0,g
1035,Kalv stek stekt,Kolesterol,Kött färskt fryst tillagat ,83.3,mg
1035,Kalv stek stekt,"Kalium, K",Kött färskt fryst tillagat ,304.0,mg
1035,Kalv stek stekt,"Jod, I",Kött färskt fryst tillagat ,18.8,µg
1035,Kalv stek stekt,Fullkorn totalt,Kött färskt fryst tillagat ,0.0,g
1035,Kalv stek stekt,"Folat, totalt",Kött färskt fryst tillagat ,5.0,µg
1035,Kalv stek stekt,Fibrer,Kött färskt fryst tillagat ,0.0,g
1035,Kalv stek stekt,"Fett, totalt",Kött färskt fryst tillagat ,2.9,g
1035,Kalv stek stekt,"Järn, Fe",Kött färskt fryst tillagat ,2.1,mg
1035,Kalv stek stekt,Energi (kJ),Kött färskt fryst tillagat ,528.0,kJ
1035,Kalv stek stekt,Energi (kcal),Kött färskt fryst tillagat ,126.0,kcal
1035,Kalv stek stekt,Disackarider,Kött färskt fryst tillagat ,0.0,g
1035,Kalv stek stekt,"Kalcium, Ca",Kött färskt fryst tillagat ,16.0,mg
1035,Kalv stek stekt,Fettsyra 4:0-10:0,Kött färskt fryst tillagat ,0.0,g
1035,Kalv stek stekt,DHA (C22:6),Kött färskt fryst tillagat ,0.0,g
1035,Kalv stek stekt,DPA (C22:5),Kött färskt fryst tillagat ,0.0,g
1035,Kalv stek stekt,EPA (C20:5),Kött färskt fryst tillagat ,0.0,g
1035,Kalv stek stekt,Arakidonsyra C20:4,Kött färskt fryst tillagat ,0.0,g
1035,Kalv stek stekt,Arakidinsyra C20:0,Kött färskt fryst tillagat ,0.0,g
1035,Kalv stek stekt,Linolensyra C18:3,Kött färskt fryst tillagat ,0.0,g
1035,Kalv stek stekt,Linolsyra C18:2,Kött färskt fryst tillagat ,0.2,g
1035,Kalv stek stekt,Oljesyra C18:1,Kött färskt fryst tillagat ,1.1,g
1035,Kalv stek stekt,Stearinsyra C18:0,Kött färskt fryst tillagat ,0.3,g
1035,Kalv stek stekt,Palmitoljesyra C16:1,Kött färskt fryst tillagat ,0.1,g
1035,Kalv stek stekt,Palmitinsyra C16:0,Kött färskt fryst tillagat ,0.6,g
1035,Kalv stek stekt,Myristinsyra C14:0,Kött färskt fryst tillagat ,0.1,g
1035,Kalv stek stekt,Laurinsyra C12:0,Kött färskt fryst tillagat ,0.0,g
1035,Kalv stek stekt,Betakaroten/β-Karoten,Kött färskt fryst tillagat ,5.0,µg
1035,Kalv stek stekt,Avfall (skal etc.),Kött färskt fryst tillagat ,11.0,%
1035,Kalv stek stekt,Aska,Kött färskt fryst tillagat ,1.7,g
1035,Kalv stek stekt,Alkohol,Kött färskt fryst tillagat ,0.0,g
1036,Lamm kotlett stekt,"Zink, Zn",Kött färskt fryst tillagat ,2.5,mg
1036,Lamm kotlett stekt,Vitamin E,Kött färskt fryst tillagat ,0.5,mg
1036,Lamm kotlett stekt,Vitamin D,Kött färskt fryst tillagat ,0.0,µg
1036,Lamm kotlett stekt,Vitamin C,Kött färskt fryst tillagat ,0.0,mg
1036,Lamm kotlett stekt,Vitamin B6,Kött färskt fryst tillagat ,0.17,mg
1036,Lamm kotlett stekt,Vitamin B12,Kött färskt fryst tillagat ,0.76,µg
1036,Lamm kotlett stekt,Vitamin A,Kött färskt fryst tillagat ,23.4,RE/µg
1036,Lamm kotlett stekt,Vatten,Kött färskt fryst tillagat ,60.1,g
1036,Lamm kotlett stekt,Tiamin,Kött färskt fryst tillagat ,0.14,mg
1036,Lamm kotlett stekt,Tillsatt socker,Kött färskt fryst tillagat ,0.0,g
1036,Lamm kotlett stekt,Fritt socker,Kött färskt fryst tillagat ,0.0,g
1036,Lamm kotlett stekt,"Selen, Se",Kött färskt fryst tillagat ,5.4,µg
1036,Lamm kotlett stekt,Sackaros,Kött färskt fryst tillagat ,0.0,g
1036,Lamm kotlett stekt,Riboflavin,Kött färskt fryst tillagat ,0.2,mg
1036,Lamm kotlett stekt,Retinol,Kött färskt fryst tillagat ,23.4,µg
1036,Lamm kotlett stekt,Protein,Kött färskt fryst tillagat ,22.1,g
1036,Lamm kotlett stekt,Summa fleromättade fettsyror,Kött färskt fryst tillagat ,0.8,g
1036,Lamm kotlett stekt,"Fosfor, P",Kött färskt fryst tillagat ,198.0,mg
1036,Lamm kotlett stekt,Niacinekvivalenter,Kött färskt fryst tillagat ,10.91,NE/mg
1036,Lamm kotlett stekt,Niacin,Kött färskt fryst tillagat ,6.88,mg
1036,Lamm kotlett stekt,"Salt, NaCl",Kött färskt fryst tillagat ,0.5,g
1036,Lamm kotlett stekt,"Natrium, Na",Kött färskt fryst tillagat ,183.0,mg
1036,Lamm kotlett stekt,Monosackarider,Kött färskt fryst tillagat ,0.0,g
1036,Lamm kotlett stekt,"Sockerarter, totalt",Kött färskt fryst tillagat ,0.0,g
1036,Lamm kotlett stekt,Summa enkelomättade fettsyror,Kött färskt fryst tillagat ,6.2,g
1036,Lamm kotlett stekt,"Magnesium, Mg",Kött färskt fryst tillagat ,24.0,mg
1036,Lamm kotlett stekt,Summa mättade fettsyror,Kött färskt fryst tillagat ,7.3,g
1036,Lamm kotlett stekt,"Kolhydrater, tillgängliga",Kött färskt fryst tillagat ,0.0,g
1036,Lamm kotlett stekt,Kolesterol,Kött färskt fryst tillagat ,64.9,mg
1036,Lamm kotlett stekt,"Kalium, K",Kött färskt fryst tillagat ,211.0,mg
1036,Lamm kotlett stekt,"Jod, I",Kött färskt fryst tillagat ,17.9,µg
1036,Lamm kotlett stekt,Fullkorn totalt,Kött färskt fryst tillagat ,0.0,g
1036,Lamm kotlett stekt,"Folat, totalt",Kött färskt fryst tillagat ,1.0,µg
1036,Lamm kotlett stekt,Fibrer,Kött färskt fryst tillagat ,0.0,g
1036,Lamm kotlett stekt,"Fett, totalt",Kött färskt fryst tillagat ,16.1,g
1036,Lamm kotlett stekt,"Järn, Fe",Kött färskt fryst tillagat ,1.7,mg
1036,Lamm kotlett stekt,Energi (kJ),Kött färskt fryst tillagat ,969.0,kJ
1036,Lamm kotlett stekt,Energi (kcal),Kött färskt fryst tillagat ,231.0,kcal
1036,Lamm kotlett stekt,Disackarider,Kött färskt fryst tillagat ,0.0,g
1036,Lamm kotlett stekt,"Kalcium, Ca",Kött färskt fryst tillagat ,14.0,mg
1036,Lamm kotlett stekt,Fettsyra 4:0-10:0,Kött färskt fryst tillagat ,0.0,g
1036,Lamm kotlett stekt,DHA (C22:6),Kött färskt fryst tillagat ,0.0,g
1036,Lamm kotlett stekt,DPA (C22:5),Kött färskt fryst tillagat ,0.0,g
1036,Lamm kotlett stekt,EPA (C20:5),Kött färskt fryst tillagat ,0.0,g
1036,Lamm kotlett stekt,Arakidonsyra C20:4,Kött färskt fryst tillagat ,0.0,g
1036,Lamm kotlett stekt,Arakidinsyra C20:0,Kött färskt fryst tillagat ,0.0,g
1036,Lamm kotlett stekt,Linolensyra C18:3,Kött färskt fryst tillagat ,0.2,g
1036,Lamm kotlett stekt,Linolsyra C18:2,Kött färskt fryst tillagat ,0.6,g
1036,Lamm kotlett stekt,Oljesyra C18:1,Kött färskt fryst tillagat ,5.7,g
1036,Lamm kotlett stekt,Stearinsyra C18:0,Kött färskt fryst tillagat ,2.5,g
1036,Lamm kotlett stekt,Palmitoljesyra C16:1,Kött färskt fryst tillagat ,0.3,g
1036,Lamm kotlett stekt,Palmitinsyra C16:0,Kött färskt fryst tillagat ,3.4,g
1036,Lamm kotlett stekt,Myristinsyra C14:0,Kött färskt fryst tillagat ,0.7,g
1036,Lamm kotlett stekt,Laurinsyra C12:0,Kött färskt fryst tillagat ,0.0,g
1036,Lamm kotlett stekt,Betakaroten/β-Karoten,Kött färskt fryst tillagat ,0.0,µg
1036,Lamm kotlett stekt,Avfall (skal etc.),Kött färskt fryst tillagat ,30.0,%
1036,Lamm kotlett stekt,Aska,Kött färskt fryst tillagat ,1.2,g
1036,Lamm kotlett stekt,Alkohol,Kött färskt fryst tillagat ,0.0,g
1037,Lamm stek stekt,"Zink, Zn",Kött färskt fryst tillagat ,4.0,mg
1037,Lamm stek stekt,Vitamin E,Kött färskt fryst tillagat ,0.3,mg
1037,Lamm stek stekt,Vitamin D,Kött färskt fryst tillagat ,0.0,µg
1037,Lamm stek stekt,Vitamin C,Kött färskt fryst tillagat ,0.0,mg
1037,Lamm stek stekt,Vitamin B6,Kött färskt fryst tillagat ,0.2,mg
1037,Lamm stek stekt,Vitamin B12,Kött färskt fryst tillagat ,1.35,µg
1037,Lamm stek stekt,Vitamin A,Kött färskt fryst tillagat ,4.5,RE/µg
1037,Lamm stek stekt,Vatten,Kött färskt fryst tillagat ,71.1,g
1037,Lamm stek stekt,Tiamin,Kött färskt fryst tillagat ,0.17,mg
1037,Lamm stek stekt,Tillsatt socker,Kött färskt fryst tillagat ,0.0,g
1037,Lamm stek stekt,Fritt socker,Kött färskt fryst tillagat ,0.0,g
1037,Lamm stek stekt,"Selen, Se",Kött färskt fryst tillagat ,11.0,µg
1037,Lamm stek stekt,Sackaros,Kött färskt fryst tillagat ,0.0,g
1037,Lamm stek stekt,Riboflavin,Kött färskt fryst tillagat ,0.26,mg
1037,Lamm stek stekt,Retinol,Kött färskt fryst tillagat ,4.5,µg
1037,Lamm stek stekt,Protein,Kött färskt fryst tillagat ,24.0,g
1037,Lamm stek stekt,Summa fleromättade fettsyror,Kött färskt fryst tillagat ,0.3,g
1037,Lamm stek stekt,"Fosfor, P",Kött färskt fryst tillagat ,253.0,mg
1037,Lamm stek stekt,Niacinekvivalenter,Kött färskt fryst tillagat ,12.76,NE/mg
1037,Lamm stek stekt,Niacin,Kött färskt fryst tillagat ,8.4,mg
1037,Lamm stek stekt,"Salt, NaCl",Kött färskt fryst tillagat ,0.5,g
1037,Lamm stek stekt,"Natrium, Na",Kött färskt fryst tillagat ,169.0,mg
1037,Lamm stek stekt,Monosackarider,Kött färskt fryst tillagat ,0.0,g
1037,Lamm stek stekt,"Sockerarter, totalt",Kött färskt fryst tillagat ,0.0,g
1037,Lamm stek stekt,Summa enkelomättade fettsyror,Kött färskt fryst tillagat ,0.9,g
1037,Lamm stek stekt,"Magnesium, Mg",Kött färskt fryst tillagat ,31.0,mg
1037,Lamm stek stekt,Summa mättade fettsyror,Kött färskt fryst tillagat ,0.9,g
1037,Lamm stek stekt,"Kolhydrater, tillgängliga",Kött färskt fryst tillagat ,0.0,g
1037,Lamm stek stekt,Kolesterol,Kött färskt fryst tillagat ,56.9,mg
1037,Lamm stek stekt,"Kalium, K",Kött färskt fryst tillagat ,282.0,mg
1037,Lamm stek stekt,"Jod, I",Kött färskt fryst tillagat ,16.8,µg
1037,Lamm stek stekt,Fullkorn totalt,Kött färskt fryst tillagat ,0.0,g
1037,Lamm stek stekt,"Folat, totalt",Kött färskt fryst tillagat ,1.0,µg
1037,Lamm stek stekt,Fibrer,Kött färskt fryst tillagat ,0.0,g
1037,Lamm stek stekt,"Fett, totalt",Kött färskt fryst tillagat ,2.4,g
1037,Lamm stek stekt,"Järn, Fe",Kött färskt fryst tillagat ,2.4,mg
1037,Lamm stek stekt,Energi (kJ),Kött färskt fryst tillagat ,497.0,kJ
1037,Lamm stek stekt,Energi (kcal),Kött färskt fryst tillagat ,119.0,kcal
1037,Lamm stek stekt,Disackarider,Kött färskt fryst tillagat ,0.0,g
1037,Lamm stek stekt,"Kalcium, Ca",Kött färskt fryst tillagat ,5.0,mg
1037,Lamm stek stekt,Fettsyra 4:0-10:0,Kött färskt fryst tillagat ,0.0,g
1037,Lamm stek stekt,DHA (C22:6),Kött färskt fryst tillagat ,0.0,g
1037,Lamm stek stekt,DPA (C22:5),Kött färskt fryst tillagat ,0.0,g
1037,Lamm stek stekt,EPA (C20:5),Kött färskt fryst tillagat ,0.0,g
1037,Lamm stek stekt,Arakidonsyra C20:4,Kött färskt fryst tillagat ,0.0,g
1037,Lamm stek stekt,Arakidinsyra C20:0,Kött färskt fryst tillagat ,0.0,g
1037,Lamm stek stekt,Linolensyra C18:3,Kött färskt fryst tillagat ,0.0,g
1037,Lamm stek stekt,Linolsyra C18:2,Kött färskt fryst tillagat ,0.1,g
1037,Lamm stek stekt,Oljesyra C18:1,Kött färskt fryst tillagat ,0.9,g
1037,Lamm stek stekt,Stearinsyra C18:0,Kött färskt fryst tillagat ,0.3,g
1037,Lamm stek stekt,Palmitoljesyra C16:1,Kött färskt fryst tillagat ,0.0,g
1037,Lamm stek stekt,Palmitinsyra C16:0,Kött färskt fryst tillagat ,0.5,g
1037,Lamm stek stekt,Myristinsyra C14:0,Kött färskt fryst tillagat ,0.1,g
1037,Lamm stek stekt,Laurinsyra C12:0,Kött färskt fryst tillagat ,0.0,g
1037,Lamm stek stekt,Betakaroten/β-Karoten,Kött färskt fryst tillagat ,0.0,µg
1037,Lamm stek stekt,Avfall (skal etc.),Kött färskt fryst tillagat ,26.0,%
1037,Lamm stek stekt,Aska,Kött färskt fryst tillagat ,1.5,g
1037,Lamm stek stekt,Alkohol,Kött färskt fryst tillagat ,0.0,g
1038,Nöt högrev kokt m. salt,"Zink, Zn",Kött färskt fryst tillagat ,8.9,mg
1038,Nöt högrev kokt m. salt,Vitamin E,Kött färskt fryst tillagat ,0.9,mg
1038,Nöt högrev kokt m. salt,Vitamin D,Kött färskt fryst tillagat ,0.07,µg
1038,Nöt högrev kokt m. salt,Vitamin C,Kött färskt fryst tillagat ,0.0,mg
1038,Nöt högrev kokt m. salt,Vitamin B6,Kött färskt fryst tillagat ,0.17,mg
1038,Nöt högrev kokt m. salt,Vitamin B12,Kött färskt fryst tillagat ,0.95,µg
1038,Nöt högrev kokt m. salt,Vitamin A,Kött färskt fryst tillagat ,12.3,RE/µg
1038,Nöt högrev kokt m. salt,Vatten,Kött färskt fryst tillagat ,63.9,g
1038,Nöt högrev kokt m. salt,Tiamin,Kött färskt fryst tillagat ,0.04,mg
1038,Nöt högrev kokt m. salt,Tillsatt socker,Kött färskt fryst tillagat ,0.0,g
1038,Nöt högrev kokt m. salt,Fritt socker,Kött färskt fryst tillagat ,0.0,g
1038,Nöt högrev kokt m. salt,"Selen, Se",Kött färskt fryst tillagat ,7.7,µg
1038,Nöt högrev kokt m. salt,Sackaros,Kött färskt fryst tillagat ,0.0,g
1038,Nöt högrev kokt m. salt,Riboflavin,Kött färskt fryst tillagat ,0.15,mg
1038,Nöt högrev kokt m. salt,Retinol,Kött färskt fryst tillagat ,8.8,µg
1038,Nöt högrev kokt m. salt,Protein,Kött färskt fryst tillagat ,26.1,g
1038,Nöt högrev kokt m. salt,Summa fleromättade fettsyror,Kött färskt fryst tillagat ,0.5,g
1038,Nöt högrev kokt m. salt,"Fosfor, P",Kött färskt fryst tillagat ,210.0,mg
1038,Nöt högrev kokt m. salt,Niacinekvivalenter,Kött färskt fryst tillagat ,10.53,NE/mg
1038,Nöt högrev kokt m. salt,Niacin,Kött färskt fryst tillagat ,5.71,mg
1038,Nöt högrev kokt m. salt,"Salt, NaCl",Kött färskt fryst tillagat ,0.7,g
1038,Nöt högrev kokt m. salt,"Natrium, Na",Kött färskt fryst tillagat ,274.0,mg
1038,Nöt högrev kokt m. salt,Monosackarider,Kött färskt fryst tillagat ,0.0,g
1038,Nöt högrev kokt m. salt,"Sockerarter, totalt",Kött färskt fryst tillagat ,0.0,g
1038,Nöt högrev kokt m. salt,Summa enkelomättade fettsyror,Kött färskt fryst tillagat ,3.7,g
1038,Nöt högrev kokt m. salt,"Magnesium, Mg",Kött färskt fryst tillagat ,25.0,mg
1038,Nöt högrev kokt m. salt,Summa mättade fettsyror,Kött färskt fryst tillagat ,4.1,g
1038,Nöt högrev kokt m. salt,"Kolhydrater, tillgängliga",Kött färskt fryst tillagat ,0.0,g
1038,Nöt högrev kokt m. salt,Kolesterol,Kött färskt fryst tillagat ,76.4,mg
1038,Nöt högrev kokt m. salt,"Kalium, K",Kött färskt fryst tillagat ,225.0,mg
1038,Nöt högrev kokt m. salt,"Jod, I",Kött färskt fryst tillagat ,26.7,µg
1038,Nöt högrev kokt m. salt,Fullkorn totalt,Kött färskt fryst tillagat ,0.0,g
1038,Nöt högrev kokt m. salt,"Folat, totalt",Kött färskt fryst tillagat ,4.4,µg
1038,Nöt högrev kokt m. salt,Fibrer,Kött färskt fryst tillagat ,0.0,g
1038,Nöt högrev kokt m. salt,"Fett, totalt",Kött färskt fryst tillagat ,8.8,g
1038,Nöt högrev kokt m. salt,"Järn, Fe",Kött färskt fryst tillagat ,3.3,mg
1038,Nöt högrev kokt m. salt,Energi (kJ),Kött färskt fryst tillagat ,768.0,kJ
1038,Nöt högrev kokt m. salt,Energi (kcal),Kött färskt fryst tillagat ,184.0,kcal
1038,Nöt högrev kokt m. salt,Disackarider,Kött färskt fryst tillagat ,0.0,g
1038,Nöt högrev kokt m. salt,"Kalcium, Ca",Kött färskt fryst tillagat ,9.0,mg
1038,Nöt högrev kokt m. salt,Fettsyra 4:0-10:0,Kött färskt fryst tillagat ,0.0,g
1038,Nöt högrev kokt m. salt,DHA (C22:6),Kött färskt fryst tillagat ,0.0,g
1038,Nöt högrev kokt m. salt,DPA (C22:5),Kött färskt fryst tillagat ,0.0,g
1038,Nöt högrev kokt m. salt,EPA (C20:5),Kött färskt fryst tillagat ,0.0,g
1038,Nöt högrev kokt m. salt,Arakidonsyra C20:4,Kött färskt fryst tillagat ,0.0,g
1038,Nöt högrev kokt m. salt,Arakidinsyra C20:0,Kött färskt fryst tillagat ,0.0,g
1038,Nöt högrev kokt m. salt,Linolensyra C18:3,Kött färskt fryst tillagat ,0.1,g
1038,Nöt högrev kokt m. salt,Linolsyra C18:2,Kött färskt fryst tillagat ,0.3,g
1038,Nöt högrev kokt m. salt,Oljesyra C18:1,Kött färskt fryst tillagat ,3.2,g
1038,Nöt högrev kokt m. salt,Stearinsyra C18:0,Kött färskt fryst tillagat ,1.5,g
1038,Nöt högrev kokt m. salt,Palmitoljesyra C16:1,Kött färskt fryst tillagat ,0.3,g
1038,Nöt högrev kokt m. salt,Palmitinsyra C16:0,Kött färskt fryst tillagat ,2.0,g
1038,Nöt högrev kokt m. salt,Myristinsyra C14:0,Kött färskt fryst tillagat ,0.2,g
1038,Nöt högrev kokt m. salt,Laurinsyra C12:0,Kött färskt fryst tillagat ,0.0,g
1038,Nöt högrev kokt m. salt,Betakaroten/β-Karoten,Kött färskt fryst tillagat ,43.0,µg
1038,Nöt högrev kokt m. salt,Avfall (skal etc.),Kött färskt fryst tillagat ,10.0,%
1038,Nöt högrev kokt m. salt,Aska,Kött färskt fryst tillagat ,1.6,g
1038,Nöt högrev kokt m. salt,Alkohol,Kött färskt fryst tillagat ,0.0,g
1039,Nöt stek el. grytstek kokt m. salt,"Zink, Zn",Kött färskt fryst tillagat ,6.2,mg
1039,Nöt stek el. grytstek kokt m. salt,Vitamin E,Kött färskt fryst tillagat ,0.1,mg
1039,Nöt stek el. grytstek kokt m. salt,Vitamin D,Kött färskt fryst tillagat ,0.51,µg
1039,Nöt stek el. grytstek kokt m. salt,Vitamin C,Kött färskt fryst tillagat ,0.0,mg
1039,Nöt stek el. grytstek kokt m. salt,Vitamin B6,Kött färskt fryst tillagat ,0.31,mg
1039,Nöt stek el. grytstek kokt m. salt,Vitamin B12,Kött färskt fryst tillagat ,0.77,µg
1039,Nöt stek el. grytstek kokt m. salt,Vitamin A,Kött färskt fryst tillagat ,6.4,RE/µg
1039,Nöt stek el. grytstek kokt m. salt,Vatten,Kött färskt fryst tillagat ,67.0,g
1039,Nöt stek el. grytstek kokt m. salt,Tiamin,Kött färskt fryst tillagat ,0.05,mg
1039,Nöt stek el. grytstek kokt m. salt,Tillsatt socker,Kött färskt fryst tillagat ,0.0,g
1039,Nöt stek el. grytstek kokt m. salt,Fritt socker,Kött färskt fryst tillagat ,0.0,g
1039,Nöt stek el. grytstek kokt m. salt,"Selen, Se",Kött färskt fryst tillagat ,10.3,µg
1039,Nöt stek el. grytstek kokt m. salt,Sackaros,Kött färskt fryst tillagat ,0.0,g
1039,Nöt stek el. grytstek kokt m. salt,Riboflavin,Kött färskt fryst tillagat ,0.24,mg
1039,Nöt stek el. grytstek kokt m. salt,Retinol,Kött färskt fryst tillagat ,5.6,µg
1039,Nöt stek el. grytstek kokt m. salt,Protein,Kött färskt fryst tillagat ,26.7,g
1039,Nöt stek el. grytstek kokt m. salt,Summa fleromättade fettsyror,Kött färskt fryst tillagat ,0.3,g
1039,Nöt stek el. grytstek kokt m. salt,"Fosfor, P",Kött färskt fryst tillagat ,238.0,mg
1039,Nöt stek el. grytstek kokt m. salt,Niacinekvivalenter,Kött färskt fryst tillagat ,9.37,NE/mg
1039,Nöt stek el. grytstek kokt m. salt,Niacin,Kött färskt fryst tillagat ,4.49,mg
1039,Nöt stek el. grytstek kokt m. salt,"Salt, NaCl",Kött färskt fryst tillagat ,0.7,g
1039,Nöt stek el. grytstek kokt m. salt,"Natrium, Na",Kött färskt fryst tillagat ,271.0,mg
1039,Nöt stek el. grytstek kokt m. salt,Monosackarider,Kött färskt fryst tillagat ,0.0,g
1039,Nöt stek el. grytstek kokt m. salt,"Sockerarter, totalt",Kött färskt fryst tillagat ,0.0,g
1039,Nöt stek el. grytstek kokt m. salt,Summa enkelomättade fettsyror,Kött färskt fryst tillagat ,1.8,g
1039,Nöt stek el. grytstek kokt m. salt,"Magnesium, Mg",Kött färskt fryst tillagat ,27.0,mg
1039,Nöt stek el. grytstek kokt m. salt,Summa mättade fettsyror,Kött färskt fryst tillagat ,1.9,g
1039,Nöt stek el. grytstek kokt m. salt,"Kolhydrater, tillgängliga",Kött färskt fryst tillagat ,0.0,g
1039,Nöt stek el. grytstek kokt m. salt,Kolesterol,Kött färskt fryst tillagat ,68.0,mg
1039,Nöt stek el. grytstek kokt m. salt,"Kalium, K",Kött färskt fryst tillagat ,256.0,mg
1039,Nöt stek el. grytstek kokt m. salt,"Jod, I",Kött färskt fryst tillagat ,27.3,µg
1039,Nöt stek el. grytstek kokt m. salt,Fullkorn totalt,Kött färskt fryst tillagat ,0.0,g
1039,Nöt stek el. grytstek kokt m. salt,"Folat, totalt",Kött färskt fryst tillagat ,10.8,µg
1039,Nöt stek el. grytstek kokt m. salt,Fibrer,Kött färskt fryst tillagat ,0.0,g
1039,Nöt stek el. grytstek kokt m. salt,"Fett, totalt",Kött färskt fryst tillagat ,4.5,g
1039,Nöt stek el. grytstek kokt m. salt,"Järn, Fe",Kött färskt fryst tillagat ,3.1,mg
1039,Nöt stek el. grytstek kokt m. salt,Energi (kJ),Kött färskt fryst tillagat ,619.0,kJ
1039,Nöt stek el. grytstek kokt m. salt,Energi (kcal),Kött färskt fryst tillagat ,149.0,kcal
1039,Nöt stek el. grytstek kokt m. salt,Disackarider,Kött färskt fryst tillagat ,0.0,g
1039,Nöt stek el. grytstek kokt m. salt,"Kalcium, Ca",Kött färskt fryst tillagat ,9.0,mg
1039,Nöt stek el. grytstek kokt m. salt,Fettsyra 4:0-10:0,Kött färskt fryst tillagat ,0.0,g
1039,Nöt stek el. grytstek kokt m. salt,DHA (C22:6),Kött färskt fryst tillagat ,0.0,g
1039,Nöt stek el. grytstek kokt m. salt,DPA (C22:5),Kött färskt fryst tillagat ,0.0,g
1039,Nöt stek el. grytstek kokt m. salt,EPA (C20:5),Kött färskt fryst tillagat ,0.0,g
1039,Nöt stek el. grytstek kokt m. salt,Arakidonsyra C20:4,Kött färskt fryst tillagat ,0.0,g
1039,Nöt stek el. grytstek kokt m. salt,Arakidinsyra C20:0,Kött färskt fryst tillagat ,0.0,g
1039,Nöt stek el. grytstek kokt m. salt,Linolensyra C18:3,Kött färskt fryst tillagat ,0.0,g
1039,Nöt stek el. grytstek kokt m. salt,Linolsyra C18:2,Kött färskt fryst tillagat ,0.1,g
1039,Nöt stek el. grytstek kokt m. salt,Oljesyra C18:1,Kött färskt fryst tillagat ,1.6,g
1039,Nöt stek el. grytstek kokt m. salt,Stearinsyra C18:0,Kött färskt fryst tillagat ,0.7,g
1039,Nöt stek el. grytstek kokt m. salt,Palmitoljesyra C16:1,Kött färskt fryst tillagat ,0.1,g
1039,Nöt stek el. grytstek kokt m. salt,Palmitinsyra C16:0,Kött färskt fryst tillagat ,1.1,g
1039,Nöt stek el. grytstek kokt m. salt,Myristinsyra C14:0,Kött färskt fryst tillagat ,0.1,g
1039,Nöt stek el. grytstek kokt m. salt,Laurinsyra C12:0,Kött färskt fryst tillagat ,0.0,g
1039,Nöt stek el. grytstek kokt m. salt,Betakaroten/β-Karoten,Kött färskt fryst tillagat ,10.0,µg
1039,Nöt stek el. grytstek kokt m. salt,Avfall (skal etc.),Kött färskt fryst tillagat ,14.0,%
1039,Nöt stek el. grytstek kokt m. salt,Aska,Kött färskt fryst tillagat ,1.9,g
1039,Nöt stek el. grytstek kokt m. salt,Alkohol,Kött färskt fryst tillagat ,0.0,g
1042,Nöt oxbringa rimmad kokt u. salt,"Zink, Zn",Kött processat,5.4,mg
1042,Nöt oxbringa rimmad kokt u. salt,Vitamin E,Kött processat,0.5,mg
1042,Nöt oxbringa rimmad kokt u. salt,Vitamin D,Kött processat,0.98,µg
1042,Nöt oxbringa rimmad kokt u. salt,Vitamin C,Kött processat,0.0,mg
1042,Nöt oxbringa rimmad kokt u. salt,Vitamin B6,Kött processat,0.21,mg
1042,Nöt oxbringa rimmad kokt u. salt,Vitamin B12,Kött processat,0.68,µg
1042,Nöt oxbringa rimmad kokt u. salt,Vitamin A,Kött processat,25.6,RE/µg
1042,Nöt oxbringa rimmad kokt u. salt,Vatten,Kött processat,53.6,g
1042,Nöt oxbringa rimmad kokt u. salt,Tiamin,Kött processat,0.04,mg
1042,Nöt oxbringa rimmad kokt u. salt,Tillsatt socker,Kött processat,0.0,g
1042,Nöt oxbringa rimmad kokt u. salt,Fritt socker,Kött processat,0.0,g
1042,Nöt oxbringa rimmad kokt u. salt,"Selen, Se",Kött processat,11.1,µg
1042,Nöt oxbringa rimmad kokt u. salt,Sackaros,Kött processat,0.0,g
1042,Nöt oxbringa rimmad kokt u. salt,Riboflavin,Kött processat,0.12,mg
1042,Nöt oxbringa rimmad kokt u. salt,Retinol,Kött processat,23.4,µg
1042,Nöt oxbringa rimmad kokt u. salt,Protein,Kött processat,21.6,g
1042,Nöt oxbringa rimmad kokt u. salt,Summa fleromättade fettsyror,Kött processat,0.7,g
1042,Nöt oxbringa rimmad kokt u. salt,"Fosfor, P",Kött processat,209.0,mg
1042,Nöt oxbringa rimmad kokt u. salt,Niacinekvivalenter,Kött processat,9.14,NE/mg
1042,Nöt oxbringa rimmad kokt u. salt,Niacin,Kött processat,5.17,mg
1042,Nöt oxbringa rimmad kokt u. salt,"Salt, NaCl",Kött processat,3.9,g
1042,Nöt oxbringa rimmad kokt u. salt,"Natrium, Na",Kött processat,1599.0,mg
1042,Nöt oxbringa rimmad kokt u. salt,Monosackarider,Kött processat,0.0,g
1042,Nöt oxbringa rimmad kokt u. salt,"Sockerarter, totalt",Kött processat,0.0,g
1042,Nöt oxbringa rimmad kokt u. salt,Summa enkelomättade fettsyror,Kött processat,7.5,g
1042,Nöt oxbringa rimmad kokt u. salt,"Magnesium, Mg",Kött processat,22.0,mg
1042,Nöt oxbringa rimmad kokt u. salt,Summa mättade fettsyror,Kött processat,8.9,g
1042,Nöt oxbringa rimmad kokt u. salt,"Kolhydrater, tillgängliga",Kött processat,0.0,g
1042,Nöt oxbringa rimmad kokt u. salt,Kolesterol,Kött processat,76.3,mg
1042,Nöt oxbringa rimmad kokt u. salt,"Kalium, K",Kött processat,192.0,mg
1042,Nöt oxbringa rimmad kokt u. salt,"Jod, I",Kött processat,3.2,µg
1042,Nöt oxbringa rimmad kokt u. salt,Fullkorn totalt,Kött processat,0.0,g
1042,Nöt oxbringa rimmad kokt u. salt,"Folat, totalt",Kött processat,9.6,µg
1042,Nöt oxbringa rimmad kokt u. salt,Fibrer,Kött processat,0.0,g
1042,Nöt oxbringa rimmad kokt u. salt,"Fett, totalt",Kött processat,18.6,g
1042,Nöt oxbringa rimmad kokt u. salt,"Järn, Fe",Kött processat,2.6,mg
1042,Nöt oxbringa rimmad kokt u. salt,Energi (kJ),Kött processat,1055.0,kJ
1042,Nöt oxbringa rimmad kokt u. salt,Energi (kcal),Kött processat,252.0,kcal
1042,Nöt oxbringa rimmad kokt u. salt,Disackarider,Kött processat,0.0,g
1042,Nöt oxbringa rimmad kokt u. salt,"Kalcium, Ca",Kött processat,5.0,mg
1042,Nöt oxbringa rimmad kokt u. salt,Fettsyra 4:0-10:0,Kött processat,0.0,g
1042,Nöt oxbringa rimmad kokt u. salt,DHA (C22:6),Kött processat,0.0,g
1042,Nöt oxbringa rimmad kokt u. salt,DPA (C22:5),Kött processat,0.0,g
1042,Nöt oxbringa rimmad kokt u. salt,EPA (C20:5),Kött processat,0.0,g
1042,Nöt oxbringa rimmad kokt u. salt,Arakidonsyra C20:4,Kött processat,0.1,g
1042,Nöt oxbringa rimmad kokt u. salt,Arakidinsyra C20:0,Kött processat,0.0,g
1042,Nöt oxbringa rimmad kokt u. salt,Linolensyra C18:3,Kött processat,0.1,g
1042,Nöt oxbringa rimmad kokt u. salt,Linolsyra C18:2,Kött processat,0.4,g
1042,Nöt oxbringa rimmad kokt u. salt,Oljesyra C18:1,Kött processat,6.7,g
1042,Nöt oxbringa rimmad kokt u. salt,Stearinsyra C18:0,Kött processat,3.6,g
1042,Nöt oxbringa rimmad kokt u. salt,Palmitoljesyra C16:1,Kött processat,0.5,g
1042,Nöt oxbringa rimmad kokt u. salt,Palmitinsyra C16:0,Kött processat,4.5,g
1042,Nöt oxbringa rimmad kokt u. salt,Myristinsyra C14:0,Kött processat,0.5,g
1042,Nöt oxbringa rimmad kokt u. salt,Laurinsyra C12:0,Kött processat,0.0,g
1042,Nöt oxbringa rimmad kokt u. salt,Betakaroten/β-Karoten,Kött processat,27.0,µg
1042,Nöt oxbringa rimmad kokt u. salt,Avfall (skal etc.),Kött processat,37.0,%
1042,Nöt oxbringa rimmad kokt u. salt,Aska,Kött processat,6.1,g
1042,Nöt oxbringa rimmad kokt u. salt,Alkohol,Kött processat,0.0,g
1043,Oxrullad nöt stekt,"Zink, Zn",Köttprodukter kötträtter,4.9,mg
1043,Oxrullad nöt stekt,Vitamin E,Köttprodukter kötträtter,0.4,mg
1043,Oxrullad nöt stekt,Vitamin D,Köttprodukter kötträtter,0.76,µg
1043,Oxrullad nöt stekt,Vitamin C,Köttprodukter kötträtter,1.2,mg
1043,Oxrullad nöt stekt,Vitamin B6,Köttprodukter kötträtter,0.26,mg
1043,Oxrullad nöt stekt,Vitamin B12,Köttprodukter kötträtter,1.14,µg
1043,Oxrullad nöt stekt,Vitamin A,Köttprodukter kötträtter,9.5,RE/µg
1043,Oxrullad nöt stekt,Vatten,Köttprodukter kötträtter,68.5,g
1043,Oxrullad nöt stekt,Tiamin,Köttprodukter kötträtter,0.07,mg
1043,Oxrullad nöt stekt,Tillsatt socker,Köttprodukter kötträtter,0.0,g
1043,Oxrullad nöt stekt,Fritt socker,Köttprodukter kötträtter,0.0,g
1043,Oxrullad nöt stekt,"Selen, Se",Köttprodukter kötträtter,10.4,µg
1043,Oxrullad nöt stekt,Sackaros,Köttprodukter kötträtter,0.2,g
1043,Oxrullad nöt stekt,Riboflavin,Köttprodukter kötträtter,0.2,mg
1043,Oxrullad nöt stekt,Retinol,Köttprodukter kötträtter,6.5,µg
1043,Oxrullad nöt stekt,Protein,Köttprodukter kötträtter,24.4,g
1043,Oxrullad nöt stekt,Summa fleromättade fettsyror,Köttprodukter kötträtter,0.3,g
1043,Oxrullad nöt stekt,"Fosfor, P",Köttprodukter kötträtter,214.0,mg
1043,Oxrullad nöt stekt,Niacinekvivalenter,Köttprodukter kötträtter,9.53,NE/mg
1043,Oxrullad nöt stekt,Niacin,Köttprodukter kötträtter,5.09,mg
1043,Oxrullad nöt stekt,"Salt, NaCl",Köttprodukter kötträtter,0.7,g
1043,Oxrullad nöt stekt,"Natrium, Na",Köttprodukter kötträtter,288.0,mg
1043,Oxrullad nöt stekt,Monosackarider,Köttprodukter kötträtter,0.1,g
1043,Oxrullad nöt stekt,"Sockerarter, totalt",Köttprodukter kötträtter,0.3,g
1043,Oxrullad nöt stekt,Summa enkelomättade fettsyror,Köttprodukter kötträtter,1.5,g
1043,Oxrullad nöt stekt,"Magnesium, Mg",Köttprodukter kötträtter,25.0,mg
1043,Oxrullad nöt stekt,Summa mättade fettsyror,Köttprodukter kötträtter,1.5,g
1043,Oxrullad nöt stekt,"Kolhydrater, tillgängliga",Köttprodukter kötträtter,0.9,g
1043,Oxrullad nöt stekt,Kolesterol,Köttprodukter kötträtter,63.3,mg
1043,Oxrullad nöt stekt,"Kalium, K",Köttprodukter kötträtter,272.0,mg
1043,Oxrullad nöt stekt,"Jod, I",Köttprodukter kötträtter,14.3,µg
1043,Oxrullad nöt stekt,Fullkorn totalt,Köttprodukter kötträtter,0.0,g
1043,Oxrullad nöt stekt,"Folat, totalt",Köttprodukter kötträtter,10.0,µg
1043,Oxrullad nöt stekt,Fibrer,Köttprodukter kötträtter,0.1,g
1043,Oxrullad nöt stekt,"Fett, totalt",Köttprodukter kötträtter,3.8,g
1043,Oxrullad nöt stekt,"Järn, Fe",Köttprodukter kötträtter,2.9,mg
1043,Oxrullad nöt stekt,Energi (kJ),Köttprodukter kötträtter,572.0,kJ
1043,Oxrullad nöt stekt,Energi (kcal),Köttprodukter kötträtter,137.0,kcal
1043,Oxrullad nöt stekt,Disackarider,Köttprodukter kötträtter,0.2,g
1043,Oxrullad nöt stekt,"Kalcium, Ca",Köttprodukter kötträtter,14.0,mg
1043,Oxrullad nöt stekt,Fettsyra 4:0-10:0,Köttprodukter kötträtter,0.0,g
1043,Oxrullad nöt stekt,DHA (C22:6),Köttprodukter kötträtter,0.0,g
1043,Oxrullad nöt stekt,DPA (C22:5),Köttprodukter kötträtter,0.0,g
1043,Oxrullad nöt stekt,EPA (C20:5),Köttprodukter kötträtter,0.0,g
1043,Oxrullad nöt stekt,Arakidonsyra C20:4,Köttprodukter kötträtter,0.0,g
1043,Oxrullad nöt stekt,Arakidinsyra C20:0,Köttprodukter kötträtter,0.0,g
1043,Oxrullad nöt stekt,Linolensyra C18:3,Köttprodukter kötträtter,0.0,g
1043,Oxrullad nöt stekt,Linolsyra C18:2,Köttprodukter kötträtter,0.2,g
1043,Oxrullad nöt stekt,Oljesyra C18:1,Köttprodukter kötträtter,1.3,g
1043,Oxrullad nöt stekt,Stearinsyra C18:0,Köttprodukter kötträtter,0.5,g
1043,Oxrullad nöt stekt,Palmitoljesyra C16:1,Köttprodukter kötträtter,0.1,g
1043,Oxrullad nöt stekt,Palmitinsyra C16:0,Köttprodukter kötträtter,0.9,g
1043,Oxrullad nöt stekt,Myristinsyra C14:0,Köttprodukter kötträtter,0.1,g
1043,Oxrullad nöt stekt,Laurinsyra C12:0,Köttprodukter kötträtter,0.0,g
1043,Oxrullad nöt stekt,Betakaroten/β-Karoten,Köttprodukter kötträtter,35.0,µg
1043,Oxrullad nöt stekt,Avfall (skal etc.),Köttprodukter kötträtter,8.0,%
1043,Oxrullad nöt stekt,Aska,Köttprodukter kötträtter,1.9,g
1043,Oxrullad nöt stekt,Alkohol,Köttprodukter kötträtter,0.0,g
1044,Nöt rostbiff ugnsstekt,"Zink, Zn",Kött färskt fryst tillagat ,4.3,mg
1044,Nöt rostbiff ugnsstekt,Vitamin E,Kött färskt fryst tillagat ,0.9,mg
1044,Nöt rostbiff ugnsstekt,Vitamin D,Kött färskt fryst tillagat ,0.0,µg
1044,Nöt rostbiff ugnsstekt,Vitamin C,Kött färskt fryst tillagat ,0.0,mg
1044,Nöt rostbiff ugnsstekt,Vitamin B6,Kött färskt fryst tillagat ,0.47,mg
1044,Nöt rostbiff ugnsstekt,Vitamin B12,Kött färskt fryst tillagat ,1.26,µg
1044,Nöt rostbiff ugnsstekt,Vitamin A,Kött färskt fryst tillagat ,9.7,RE/µg
1044,Nöt rostbiff ugnsstekt,Vatten,Kött färskt fryst tillagat ,67.2,g
1044,Nöt rostbiff ugnsstekt,Tiamin,Kött färskt fryst tillagat ,0.11,mg
1044,Nöt rostbiff ugnsstekt,Tillsatt socker,Kött färskt fryst tillagat ,0.0,g
1044,Nöt rostbiff ugnsstekt,Fritt socker,Kött färskt fryst tillagat ,0.0,g
1044,Nöt rostbiff ugnsstekt,"Selen, Se",Kött färskt fryst tillagat ,9.8,µg
1044,Nöt rostbiff ugnsstekt,Sackaros,Kött färskt fryst tillagat ,0.0,g
1044,Nöt rostbiff ugnsstekt,Riboflavin,Kött färskt fryst tillagat ,0.23,mg
1044,Nöt rostbiff ugnsstekt,Retinol,Kött färskt fryst tillagat ,5.4,µg
1044,Nöt rostbiff ugnsstekt,Protein,Kött färskt fryst tillagat ,26.4,g
1044,Nöt rostbiff ugnsstekt,Summa fleromättade fettsyror,Kött färskt fryst tillagat ,0.2,g
1044,Nöt rostbiff ugnsstekt,"Fosfor, P",Kött färskt fryst tillagat ,233.0,mg
1044,Nöt rostbiff ugnsstekt,Niacinekvivalenter,Kött färskt fryst tillagat ,11.77,NE/mg
1044,Nöt rostbiff ugnsstekt,Niacin,Kött färskt fryst tillagat ,6.92,mg
1044,Nöt rostbiff ugnsstekt,"Salt, NaCl",Kött färskt fryst tillagat ,0.5,g
1044,Nöt rostbiff ugnsstekt,"Natrium, Na",Kött färskt fryst tillagat ,199.0,mg
1044,Nöt rostbiff ugnsstekt,Monosackarider,Kött färskt fryst tillagat ,0.0,g
1044,Nöt rostbiff ugnsstekt,"Sockerarter, totalt",Kött färskt fryst tillagat ,0.0,g
1044,Nöt rostbiff ugnsstekt,Summa enkelomättade fettsyror,Kött färskt fryst tillagat ,1.4,g
1044,Nöt rostbiff ugnsstekt,"Magnesium, Mg",Kött färskt fryst tillagat ,28.0,mg
1044,Nöt rostbiff ugnsstekt,Summa mättade fettsyror,Kött färskt fryst tillagat ,1.6,g
1044,Nöt rostbiff ugnsstekt,"Kolhydrater, tillgängliga",Kött färskt fryst tillagat ,0.0,g
1044,Nöt rostbiff ugnsstekt,Kolesterol,Kött färskt fryst tillagat ,70.7,mg
1044,Nöt rostbiff ugnsstekt,"Kalium, K",Kött färskt fryst tillagat ,288.0,mg
1044,Nöt rostbiff ugnsstekt,"Jod, I",Kött färskt fryst tillagat ,18.7,µg
1044,Nöt rostbiff ugnsstekt,Fullkorn totalt,Kött färskt fryst tillagat ,0.0,g
1044,Nöt rostbiff ugnsstekt,"Folat, totalt",Kött färskt fryst tillagat ,4.1,µg
1044,Nöt rostbiff ugnsstekt,Fibrer,Kött färskt fryst tillagat ,0.0,g
1044,Nöt rostbiff ugnsstekt,"Fett, totalt",Kött färskt fryst tillagat ,3.7,g
1044,Nöt rostbiff ugnsstekt,"Järn, Fe",Kött färskt fryst tillagat ,3.3,mg
1044,Nöt rostbiff ugnsstekt,Energi (kJ),Kött färskt fryst tillagat ,587.0,kJ
1044,Nöt rostbiff ugnsstekt,Energi (kcal),Kött färskt fryst tillagat ,141.0,kcal
1044,Nöt rostbiff ugnsstekt,Disackarider,Kött färskt fryst tillagat ,0.0,g
1044,Nöt rostbiff ugnsstekt,"Kalcium, Ca",Kött färskt fryst tillagat ,6.0,mg
1044,Nöt rostbiff ugnsstekt,Fettsyra 4:0-10:0,Kött färskt fryst tillagat ,0.0,g
1044,Nöt rostbiff ugnsstekt,DHA (C22:6),Kött färskt fryst tillagat ,0.0,g
1044,Nöt rostbiff ugnsstekt,DPA (C22:5),Kött färskt fryst tillagat ,0.0,g
1044,Nöt rostbiff ugnsstekt,EPA (C20:5),Kött färskt fryst tillagat ,0.0,g
1044,Nöt rostbiff ugnsstekt,Arakidonsyra C20:4,Kött färskt fryst tillagat ,0.0,g
1044,Nöt rostbiff ugnsstekt,Arakidinsyra C20:0,Kött färskt fryst tillagat ,0.0,g
1044,Nöt rostbiff ugnsstekt,Linolensyra C18:3,Kött färskt fryst tillagat ,0.0,g
1044,Nöt rostbiff ugnsstekt,Linolsyra C18:2,Kött färskt fryst tillagat ,0.2,g
1044,Nöt rostbiff ugnsstekt,Oljesyra C18:1,Kött färskt fryst tillagat ,1.2,g
1044,Nöt rostbiff ugnsstekt,Stearinsyra C18:0,Kött färskt fryst tillagat ,0.6,g
1044,Nöt rostbiff ugnsstekt,Palmitoljesyra C16:1,Kött färskt fryst tillagat ,0.1,g
1044,Nöt rostbiff ugnsstekt,Palmitinsyra C16:0,Kött färskt fryst tillagat ,0.8,g
1044,Nöt rostbiff ugnsstekt,Myristinsyra C14:0,Kött färskt fryst tillagat ,0.1,g
1044,Nöt rostbiff ugnsstekt,Laurinsyra C12:0,Kött färskt fryst tillagat ,0.0,g
1044,Nöt rostbiff ugnsstekt,Betakaroten/β-Karoten,Kött färskt fryst tillagat ,52.0,µg
1044,Nöt rostbiff ugnsstekt,Avfall (skal etc.),Kött färskt fryst tillagat ,10.0,%
1044,Nöt rostbiff ugnsstekt,Aska,Kött färskt fryst tillagat ,1.5,g
1044,Nöt rostbiff ugnsstekt,Alkohol,Kött färskt fryst tillagat ,0.0,g
1045,Gris revbensspjäll ugnsstekt grillat,"Zink, Zn",Kött färskt fryst tillagat ,2.4,mg
1045,Gris revbensspjäll ugnsstekt grillat,Vitamin E,Kött färskt fryst tillagat ,1.7,mg
1045,Gris revbensspjäll ugnsstekt grillat,Vitamin D,Kött färskt fryst tillagat ,0.11,µg
1045,Gris revbensspjäll ugnsstekt grillat,Vitamin C,Kött färskt fryst tillagat ,0.0,mg
1045,Gris revbensspjäll ugnsstekt grillat,Vitamin B6,Kött färskt fryst tillagat ,0.31,mg
1045,Gris revbensspjäll ugnsstekt grillat,Vitamin B12,Kött färskt fryst tillagat ,0.59,µg
1045,Gris revbensspjäll ugnsstekt grillat,Vitamin A,Kött färskt fryst tillagat ,9.4,RE/µg
1045,Gris revbensspjäll ugnsstekt grillat,Vatten,Kött färskt fryst tillagat ,55.0,g
1045,Gris revbensspjäll ugnsstekt grillat,Tiamin,Kött färskt fryst tillagat ,0.81,mg
1045,Gris revbensspjäll ugnsstekt grillat,Tillsatt socker,Kött färskt fryst tillagat ,0.0,g
1045,Gris revbensspjäll ugnsstekt grillat,Fritt socker,Kött färskt fryst tillagat ,2.0,g
1045,Gris revbensspjäll ugnsstekt grillat,"Selen, Se",Kött färskt fryst tillagat ,10.2,µg
1045,Gris revbensspjäll ugnsstekt grillat,Sackaros,Kött färskt fryst tillagat ,0.0,g
1045,Gris revbensspjäll ugnsstekt grillat,Riboflavin,Kött färskt fryst tillagat ,0.22,mg
1045,Gris revbensspjäll ugnsstekt grillat,Retinol,Kött färskt fryst tillagat ,9.4,µg
1045,Gris revbensspjäll ugnsstekt grillat,Protein,Kött färskt fryst tillagat ,16.9,g
1045,Gris revbensspjäll ugnsstekt grillat,Summa fleromättade fettsyror,Kött färskt fryst tillagat ,2.4,g
1045,Gris revbensspjäll ugnsstekt grillat,"Fosfor, P",Kött färskt fryst tillagat ,203.0,mg
1045,Gris revbensspjäll ugnsstekt grillat,Niacinekvivalenter,Kött färskt fryst tillagat ,9.25,NE/mg
1045,Gris revbensspjäll ugnsstekt grillat,Niacin,Kött färskt fryst tillagat ,6.11,mg
1045,Gris revbensspjäll ugnsstekt grillat,"Salt, NaCl",Kött färskt fryst tillagat ,0.7,g
1045,Gris revbensspjäll ugnsstekt grillat,"Natrium, Na",Kött färskt fryst tillagat ,271.0,mg
1045,Gris revbensspjäll ugnsstekt grillat,Monosackarider,Kött färskt fryst tillagat ,1.8,g
1045,Gris revbensspjäll ugnsstekt grillat,"Sockerarter, totalt",Kött färskt fryst tillagat ,1.9,g
1045,Gris revbensspjäll ugnsstekt grillat,Summa enkelomättade fettsyror,Kött färskt fryst tillagat ,11.6,g
1045,Gris revbensspjäll ugnsstekt grillat,"Magnesium, Mg",Kött färskt fryst tillagat ,23.0,mg
1045,Gris revbensspjäll ugnsstekt grillat,Summa mättade fettsyror,Kött färskt fryst tillagat ,9.3,g
1045,Gris revbensspjäll ugnsstekt grillat,"Kolhydrater, tillgängliga",Kött färskt fryst tillagat ,2.2,g
1045,Gris revbensspjäll ugnsstekt grillat,Kolesterol,Kött färskt fryst tillagat ,59.1,mg
1045,Gris revbensspjäll ugnsstekt grillat,"Kalium, K",Kött färskt fryst tillagat ,277.0,mg
1045,Gris revbensspjäll ugnsstekt grillat,"Jod, I",Kött färskt fryst tillagat ,8.2,µg
1045,Gris revbensspjäll ugnsstekt grillat,Fullkorn totalt,Kött färskt fryst tillagat ,0.0,g
1045,Gris revbensspjäll ugnsstekt grillat,"Folat, totalt",Kött färskt fryst tillagat ,1.6,µg
1045,Gris revbensspjäll ugnsstekt grillat,Fibrer,Kött färskt fryst tillagat ,0.0,g
1045,Gris revbensspjäll ugnsstekt grillat,"Fett, totalt",Kött färskt fryst tillagat ,24.4,g
1045,Gris revbensspjäll ugnsstekt grillat,"Järn, Fe",Kött färskt fryst tillagat ,0.9,mg
1045,Gris revbensspjäll ugnsstekt grillat,Energi (kJ),Kött färskt fryst tillagat ,1228.0,kJ
1045,Gris revbensspjäll ugnsstekt grillat,Energi (kcal),Kött färskt fryst tillagat ,294.0,kcal
1045,Gris revbensspjäll ugnsstekt grillat,Disackarider,Kött färskt fryst tillagat ,0.1,g
1045,Gris revbensspjäll ugnsstekt grillat,"Kalcium, Ca",Kött färskt fryst tillagat ,21.0,mg
1045,Gris revbensspjäll ugnsstekt grillat,Fettsyra 4:0-10:0,Kött färskt fryst tillagat ,0.0,g
1045,Gris revbensspjäll ugnsstekt grillat,DHA (C22:6),Kött färskt fryst tillagat ,0.0,g
1045,Gris revbensspjäll ugnsstekt grillat,DPA (C22:5),Kött färskt fryst tillagat ,0.0,g
1045,Gris revbensspjäll ugnsstekt grillat,EPA (C20:5),Kött färskt fryst tillagat ,0.0,g
1045,Gris revbensspjäll ugnsstekt grillat,Arakidonsyra C20:4,Kött färskt fryst tillagat ,0.0,g
1045,Gris revbensspjäll ugnsstekt grillat,Arakidinsyra C20:0,Kött färskt fryst tillagat ,0.1,g
1045,Gris revbensspjäll ugnsstekt grillat,Linolensyra C18:3,Kött färskt fryst tillagat ,0.4,g
1045,Gris revbensspjäll ugnsstekt grillat,Linolsyra C18:2,Kött färskt fryst tillagat ,1.9,g
1045,Gris revbensspjäll ugnsstekt grillat,Oljesyra C18:1,Kött färskt fryst tillagat ,10.8,g
1045,Gris revbensspjäll ugnsstekt grillat,Stearinsyra C18:0,Kött färskt fryst tillagat ,3.3,g
1045,Gris revbensspjäll ugnsstekt grillat,Palmitoljesyra C16:1,Kött färskt fryst tillagat ,0.5,g
1045,Gris revbensspjäll ugnsstekt grillat,Palmitinsyra C16:0,Kött färskt fryst tillagat ,5.5,g
1045,Gris revbensspjäll ugnsstekt grillat,Myristinsyra C14:0,Kött färskt fryst tillagat ,0.4,g
1045,Gris revbensspjäll ugnsstekt grillat,Laurinsyra C12:0,Kött färskt fryst tillagat ,0.0,g
1045,Gris revbensspjäll ugnsstekt grillat,Betakaroten/β-Karoten,Kött färskt fryst tillagat ,0.0,µg
1045,Gris revbensspjäll ugnsstekt grillat,Avfall (skal etc.),Kött färskt fryst tillagat ,28.0,%
1045,Gris revbensspjäll ugnsstekt grillat,Aska,Kött färskt fryst tillagat ,1.5,g
1045,Gris revbensspjäll ugnsstekt grillat,Alkohol,Kött färskt fryst tillagat ,0.0,g
1047,Rådjur kött ugnsstekt,"Zink, Zn",Kött färskt fryst tillagat ,3.4,mg
1047,Rådjur kött ugnsstekt,Vitamin E,Kött färskt fryst tillagat ,1.4,mg
1047,Rådjur kött ugnsstekt,Vitamin D,Kött färskt fryst tillagat ,0.0,µg
1047,Rådjur kött ugnsstekt,Vitamin C,Kött färskt fryst tillagat ,0.0,mg
1047,Rådjur kött ugnsstekt,Vitamin B6,Kött färskt fryst tillagat ,0.56,mg
1047,Rådjur kött ugnsstekt,Vitamin B12,Kött färskt fryst tillagat ,2.1,µg
1047,Rådjur kött ugnsstekt,Vitamin A,Kött färskt fryst tillagat ,3.8,RE/µg
1047,Rådjur kött ugnsstekt,Vatten,Kött färskt fryst tillagat ,68.2,g
1047,Rådjur kött ugnsstekt,Tiamin,Kött färskt fryst tillagat ,0.27,mg
1047,Rådjur kött ugnsstekt,Tillsatt socker,Kött färskt fryst tillagat ,0.0,g
1047,Rådjur kött ugnsstekt,Fritt socker,Kött färskt fryst tillagat ,0.0,g
1047,Rådjur kött ugnsstekt,"Selen, Se",Kött färskt fryst tillagat ,10.9,µg
1047,Rådjur kött ugnsstekt,Sackaros,Kött färskt fryst tillagat ,0.0,g
1047,Rådjur kött ugnsstekt,Riboflavin,Kött färskt fryst tillagat ,0.51,mg
1047,Rådjur kött ugnsstekt,Retinol,Kött färskt fryst tillagat ,3.8,µg
1047,Rådjur kött ugnsstekt,Protein,Kött färskt fryst tillagat ,29.4,g
1047,Rådjur kött ugnsstekt,Summa fleromättade fettsyror,Kött färskt fryst tillagat ,0.2,g
1047,Rådjur kött ugnsstekt,"Fosfor, P",Kött färskt fryst tillagat ,276.0,mg
1047,Rådjur kött ugnsstekt,Niacinekvivalenter,Kött färskt fryst tillagat ,13.11,NE/mg
1047,Rådjur kött ugnsstekt,Niacin,Kött färskt fryst tillagat ,7.7,mg
1047,Rådjur kött ugnsstekt,"Salt, NaCl",Kött färskt fryst tillagat ,0.5,g
1047,Rådjur kött ugnsstekt,"Natrium, Na",Kött färskt fryst tillagat ,169.0,mg
1047,Rådjur kött ugnsstekt,Monosackarider,Kött färskt fryst tillagat ,0.0,g
1047,Rådjur kött ugnsstekt,"Sockerarter, totalt",Kött färskt fryst tillagat ,0.0,g
1047,Rådjur kött ugnsstekt,Summa enkelomättade fettsyror,Kött färskt fryst tillagat ,0.4,g
1047,Rådjur kött ugnsstekt,"Magnesium, Mg",Kött färskt fryst tillagat ,33.0,mg
1047,Rådjur kött ugnsstekt,Summa mättade fettsyror,Kött färskt fryst tillagat ,0.6,g
1047,Rådjur kött ugnsstekt,"Kolhydrater, tillgängliga",Kött färskt fryst tillagat ,0.0,g
1047,Rådjur kött ugnsstekt,Kolesterol,Kött färskt fryst tillagat ,82.0,mg
1047,Rådjur kött ugnsstekt,"Kalium, K",Kött färskt fryst tillagat ,326.0,mg
1047,Rådjur kött ugnsstekt,"Jod, I",Kött färskt fryst tillagat ,13.1,µg
1047,Rådjur kött ugnsstekt,Fullkorn totalt,Kött färskt fryst tillagat ,0.0,g
1047,Rådjur kött ugnsstekt,"Folat, totalt",Kött färskt fryst tillagat ,1.8,µg
1047,Rådjur kött ugnsstekt,Fibrer,Kött färskt fryst tillagat ,0.0,g
1047,Rådjur kött ugnsstekt,"Fett, totalt",Kött färskt fryst tillagat ,1.5,g
1047,Rådjur kött ugnsstekt,"Järn, Fe",Kött färskt fryst tillagat ,3.0,mg
1047,Rådjur kött ugnsstekt,Energi (kJ),Kött färskt fryst tillagat ,556.0,kJ
1047,Rådjur kött ugnsstekt,Energi (kcal),Kött färskt fryst tillagat ,132.0,kcal
1047,Rådjur kött ugnsstekt,Disackarider,Kött färskt fryst tillagat ,0.0,g
1047,Rådjur kött ugnsstekt,"Kalcium, Ca",Kött färskt fryst tillagat ,7.0,mg
1047,Rådjur kött ugnsstekt,Fettsyra 4:0-10:0,Kött färskt fryst tillagat ,0.0,g
1047,Rådjur kött ugnsstekt,DHA (C22:6),Kött färskt fryst tillagat ,0.0,g
1047,Rådjur kött ugnsstekt,DPA (C22:5),Kött färskt fryst tillagat ,0.0,g
1047,Rådjur kött ugnsstekt,EPA (C20:5),Kött färskt fryst tillagat ,0.0,g
1047,Rådjur kött ugnsstekt,Arakidonsyra C20:4,Kött färskt fryst tillagat ,0.0,g
1047,Rådjur kött ugnsstekt,Arakidinsyra C20:0,Kött färskt fryst tillagat ,0.0,g
1047,Rådjur kött ugnsstekt,Linolensyra C18:3,Kött färskt fryst tillagat ,0.0,g
1047,Rådjur kött ugnsstekt,Linolsyra C18:2,Kött färskt fryst tillagat ,0.2,g
1047,Rådjur kött ugnsstekt,Oljesyra C18:1,Kött färskt fryst tillagat ,0.3,g
1047,Rådjur kött ugnsstekt,Stearinsyra C18:0,Kött färskt fryst tillagat ,0.3,g
1047,Rådjur kött ugnsstekt,Palmitoljesyra C16:1,Kött färskt fryst tillagat ,0.0,g
1047,Rådjur kött ugnsstekt,Palmitinsyra C16:0,Kött färskt fryst tillagat ,0.3,g
1047,Rådjur kött ugnsstekt,Myristinsyra C14:0,Kött färskt fryst tillagat ,0.0,g
1047,Rådjur kött ugnsstekt,Laurinsyra C12:0,Kött färskt fryst tillagat ,0.0,g
1047,Rådjur kött ugnsstekt,Betakaroten/β-Karoten,Kött färskt fryst tillagat ,0.0,µg
1047,Rådjur kött ugnsstekt,Avfall (skal etc.),Kött färskt fryst tillagat ,24.0,%
1047,Rådjur kött ugnsstekt,Aska,Kött färskt fryst tillagat ,1.4,g
1047,Rådjur kött ugnsstekt,Alkohol,Kött färskt fryst tillagat ,0.0,g
1048,Ren kött kokt m. salt,"Zink, Zn",Kött färskt fryst tillagat ,5.0,mg
1048,Ren kött kokt m. salt,Vitamin E,Kött färskt fryst tillagat ,0.9,mg
1048,Ren kött kokt m. salt,Vitamin D,Kött färskt fryst tillagat ,0.0,µg
1048,Ren kött kokt m. salt,Vitamin C,Kött färskt fryst tillagat ,0.0,mg
1048,Ren kött kokt m. salt,Vitamin B6,Kött färskt fryst tillagat ,0.3,mg
1048,Ren kött kokt m. salt,Vitamin B12,Kött färskt fryst tillagat ,1.8,µg
1048,Ren kött kokt m. salt,Vitamin A,Kött färskt fryst tillagat ,4.5,RE/µg
1048,Ren kött kokt m. salt,Vatten,Kött färskt fryst tillagat ,68.1,g
1048,Ren kött kokt m. salt,Tiamin,Kött färskt fryst tillagat ,0.19,mg
1048,Ren kött kokt m. salt,Tillsatt socker,Kött färskt fryst tillagat ,0.0,g
1048,Ren kött kokt m. salt,Fritt socker,Kött färskt fryst tillagat ,0.0,g
1048,Ren kött kokt m. salt,"Selen, Se",Kött färskt fryst tillagat ,22.6,µg
1048,Ren kött kokt m. salt,Sackaros,Kött färskt fryst tillagat ,0.0,g
1048,Ren kött kokt m. salt,Riboflavin,Kött färskt fryst tillagat ,0.41,mg
1048,Ren kött kokt m. salt,Retinol,Kött färskt fryst tillagat ,4.5,µg
1048,Ren kött kokt m. salt,Protein,Kött färskt fryst tillagat ,28.2,g
1048,Ren kött kokt m. salt,Summa fleromättade fettsyror,Kött färskt fryst tillagat ,0.4,g
1048,Ren kött kokt m. salt,"Fosfor, P",Kött färskt fryst tillagat ,275.0,mg
1048,Ren kött kokt m. salt,Niacinekvivalenter,Kött färskt fryst tillagat ,16.63,NE/mg
1048,Ren kött kokt m. salt,Niacin,Kött färskt fryst tillagat ,11.39,mg
1048,Ren kött kokt m. salt,"Salt, NaCl",Kött färskt fryst tillagat ,0.7,g
1048,Ren kött kokt m. salt,"Natrium, Na",Kött färskt fryst tillagat ,265.0,mg
1048,Ren kött kokt m. salt,Monosackarider,Kött färskt fryst tillagat ,0.0,g
1048,Ren kött kokt m. salt,"Sockerarter, totalt",Kött färskt fryst tillagat ,0.0,g
1048,Ren kött kokt m. salt,Summa enkelomättade fettsyror,Kött färskt fryst tillagat ,0.6,g
1048,Ren kött kokt m. salt,"Magnesium, Mg",Kött färskt fryst tillagat ,33.0,mg
1048,Ren kött kokt m. salt,Summa mättade fettsyror,Kött färskt fryst tillagat ,0.9,g
1048,Ren kött kokt m. salt,"Kolhydrater, tillgängliga",Kött färskt fryst tillagat ,0.0,g
1048,Ren kött kokt m. salt,Kolesterol,Kött färskt fryst tillagat ,82.8,mg
1048,Ren kött kokt m. salt,"Kalium, K",Kött färskt fryst tillagat ,261.0,mg
1048,Ren kött kokt m. salt,"Jod, I",Kött färskt fryst tillagat ,29.8,µg
1048,Ren kött kokt m. salt,Fullkorn totalt,Kött färskt fryst tillagat ,0.0,g
1048,Ren kött kokt m. salt,"Folat, totalt",Kött färskt fryst tillagat ,1.4,µg
1048,Ren kött kokt m. salt,Fibrer,Kött färskt fryst tillagat ,0.0,g
1048,Ren kött kokt m. salt,"Fett, totalt",Kött färskt fryst tillagat ,2.1,g
1048,Ren kött kokt m. salt,"Järn, Fe",Kött färskt fryst tillagat ,4.3,mg
1048,Ren kött kokt m. salt,Energi (kJ),Kött färskt fryst tillagat ,557.0,kJ
1048,Ren kött kokt m. salt,Energi (kcal),Kött färskt fryst tillagat ,133.0,kcal
1048,Ren kött kokt m. salt,Disackarider,Kött färskt fryst tillagat ,0.0,g
1048,Ren kött kokt m. salt,"Kalcium, Ca",Kött färskt fryst tillagat ,5.0,mg
1048,Ren kött kokt m. salt,Fettsyra 4:0-10:0,Kött färskt fryst tillagat ,0.0,g
1048,Ren kött kokt m. salt,DHA (C22:6),Kött färskt fryst tillagat ,0.0,g
1048,Ren kött kokt m. salt,DPA (C22:5),Kött färskt fryst tillagat ,0.0,g
1048,Ren kött kokt m. salt,EPA (C20:5),Kött färskt fryst tillagat ,0.0,g
1048,Ren kött kokt m. salt,Arakidonsyra C20:4,Kött färskt fryst tillagat ,0.1,g
1048,Ren kött kokt m. salt,Arakidinsyra C20:0,Kött färskt fryst tillagat ,0.0,g
1048,Ren kött kokt m. salt,Linolensyra C18:3,Kött färskt fryst tillagat ,0.0,g
1048,Ren kött kokt m. salt,Linolsyra C18:2,Kött färskt fryst tillagat ,0.2,g
1048,Ren kött kokt m. salt,Oljesyra C18:1,Kött färskt fryst tillagat ,0.6,g
1048,Ren kött kokt m. salt,Stearinsyra C18:0,Kött färskt fryst tillagat ,0.3,g
1048,Ren kött kokt m. salt,Palmitoljesyra C16:1,Kött färskt fryst tillagat ,0.0,g
1048,Ren kött kokt m. salt,Palmitinsyra C16:0,Kött färskt fryst tillagat ,0.4,g
1048,Ren kött kokt m. salt,Myristinsyra C14:0,Kött färskt fryst tillagat ,0.0,g
1048,Ren kött kokt m. salt,Laurinsyra C12:0,Kött färskt fryst tillagat ,0.0,g
1048,Ren kött kokt m. salt,Betakaroten/β-Karoten,Kött färskt fryst tillagat ,0.0,µg
1048,Ren kött kokt m. salt,Avfall (skal etc.),Kött färskt fryst tillagat ,0.0,%
1048,Ren kött kokt m. salt,Aska,Kött färskt fryst tillagat ,1.8,g
1048,Ren kött kokt m. salt,Alkohol,Kött färskt fryst tillagat ,0.0,g
1049,Ren kött ugnsstekt,"Zink, Zn",Kött färskt fryst tillagat ,3.5,mg
1049,Ren kött ugnsstekt,Vitamin E,Kött färskt fryst tillagat ,0.9,mg
1049,Ren kött ugnsstekt,Vitamin D,Kött färskt fryst tillagat ,0.0,µg
1049,Ren kött ugnsstekt,Vitamin C,Kött färskt fryst tillagat ,0.0,mg
1049,Ren kött ugnsstekt,Vitamin B6,Kött färskt fryst tillagat ,0.6,mg
1049,Ren kött ugnsstekt,Vitamin B12,Kött färskt fryst tillagat ,2.1,µg
1049,Ren kött ugnsstekt,Vitamin A,Kött färskt fryst tillagat ,4.0,RE/µg
1049,Ren kött ugnsstekt,Vatten,Kött färskt fryst tillagat ,68.4,g
1049,Ren kött ugnsstekt,Tiamin,Kött färskt fryst tillagat ,0.34,mg
1049,Ren kött ugnsstekt,Tillsatt socker,Kött färskt fryst tillagat ,0.0,g
1049,Ren kött ugnsstekt,Fritt socker,Kött färskt fryst tillagat ,0.0,g
1049,Ren kött ugnsstekt,"Selen, Se",Kött färskt fryst tillagat ,24.1,µg
1049,Ren kött ugnsstekt,Sackaros,Kött färskt fryst tillagat ,0.0,g
1049,Ren kött ugnsstekt,Riboflavin,Kött färskt fryst tillagat ,0.5,mg
1049,Ren kött ugnsstekt,Retinol,Kött färskt fryst tillagat ,4.0,µg
1049,Ren kött ugnsstekt,Protein,Kött färskt fryst tillagat ,27.7,g
1049,Ren kött ugnsstekt,Summa fleromättade fettsyror,Kött färskt fryst tillagat ,0.5,g
1049,Ren kött ugnsstekt,"Fosfor, P",Kött färskt fryst tillagat ,282.0,mg
1049,Ren kött ugnsstekt,Niacinekvivalenter,Kött färskt fryst tillagat ,17.41,NE/mg
1049,Ren kött ugnsstekt,Niacin,Kött färskt fryst tillagat ,12.38,mg
1049,Ren kött ugnsstekt,"Salt, NaCl",Kött färskt fryst tillagat ,0.5,g
1049,Ren kött ugnsstekt,"Natrium, Na",Kött färskt fryst tillagat ,170.0,mg
1049,Ren kött ugnsstekt,Monosackarider,Kött färskt fryst tillagat ,0.0,g
1049,Ren kött ugnsstekt,"Sockerarter, totalt",Kött färskt fryst tillagat ,0.0,g
1049,Ren kött ugnsstekt,Summa enkelomättade fettsyror,Kött färskt fryst tillagat ,0.6,g
1049,Ren kött ugnsstekt,"Magnesium, Mg",Kött färskt fryst tillagat ,34.0,mg
1049,Ren kött ugnsstekt,Summa mättade fettsyror,Kött färskt fryst tillagat ,0.9,g
1049,Ren kött ugnsstekt,"Kolhydrater, tillgängliga",Kött färskt fryst tillagat ,0.0,g
1049,Ren kött ugnsstekt,Kolesterol,Kött färskt fryst tillagat ,84.7,mg
1049,Ren kött ugnsstekt,"Kalium, K",Kött färskt fryst tillagat ,322.0,mg
1049,Ren kött ugnsstekt,"Jod, I",Kött färskt fryst tillagat ,16.6,µg
1049,Ren kött ugnsstekt,Fullkorn totalt,Kött färskt fryst tillagat ,0.0,g
1049,Ren kött ugnsstekt,"Folat, totalt",Kött färskt fryst tillagat ,1.8,µg
1049,Ren kött ugnsstekt,Fibrer,Kött färskt fryst tillagat ,0.0,g
1049,Ren kött ugnsstekt,"Fett, totalt",Kött färskt fryst tillagat ,2.2,g
1049,Ren kött ugnsstekt,"Järn, Fe",Kött färskt fryst tillagat ,4.1,mg
1049,Ren kött ugnsstekt,Energi (kJ),Kött färskt fryst tillagat ,553.0,kJ
1049,Ren kött ugnsstekt,Energi (kcal),Kött färskt fryst tillagat ,132.0,kcal
1049,Ren kött ugnsstekt,Disackarider,Kött färskt fryst tillagat ,0.0,g
1049,Ren kött ugnsstekt,"Kalcium, Ca",Kött färskt fryst tillagat ,5.0,mg
1049,Ren kött ugnsstekt,Fettsyra 4:0-10:0,Kött färskt fryst tillagat ,0.0,g
1049,Ren kött ugnsstekt,DHA (C22:6),Kött färskt fryst tillagat ,0.0,g
1049,Ren kött ugnsstekt,DPA (C22:5),Kött färskt fryst tillagat ,0.0,g
1049,Ren kött ugnsstekt,EPA (C20:5),Kött färskt fryst tillagat ,0.0,g
1049,Ren kött ugnsstekt,Arakidonsyra C20:4,Kött färskt fryst tillagat ,0.1,g
1049,Ren kött ugnsstekt,Arakidinsyra C20:0,Kött färskt fryst tillagat ,0.0,g
1049,Ren kött ugnsstekt,Linolensyra C18:3,Kött färskt fryst tillagat ,0.0,g
1049,Ren kött ugnsstekt,Linolsyra C18:2,Kött färskt fryst tillagat ,0.3,g
1049,Ren kött ugnsstekt,Oljesyra C18:1,Kött färskt fryst tillagat ,0.5,g
1049,Ren kött ugnsstekt,Stearinsyra C18:0,Kött färskt fryst tillagat ,0.3,g
1049,Ren kött ugnsstekt,Palmitoljesyra C16:1,Kött färskt fryst tillagat ,0.0,g
1049,Ren kött ugnsstekt,Palmitinsyra C16:0,Kött färskt fryst tillagat ,0.4,g
1049,Ren kött ugnsstekt,Myristinsyra C14:0,Kött färskt fryst tillagat ,0.1,g
1049,Ren kött ugnsstekt,Laurinsyra C12:0,Kött färskt fryst tillagat ,0.0,g
1049,Ren kött ugnsstekt,Betakaroten/β-Karoten,Kött färskt fryst tillagat ,0.0,µg
1049,Ren kött ugnsstekt,Avfall (skal etc.),Kött färskt fryst tillagat ,26.0,%
1049,Ren kött ugnsstekt,Aska,Kött färskt fryst tillagat ,1.6,g
1049,Ren kött ugnsstekt,Alkohol,Kött färskt fryst tillagat ,0.0,g
1050,Älg stek ugnsstekt el. grillad,"Zink, Zn",Kött färskt fryst tillagat ,5.5,mg
1050,Älg stek ugnsstekt el. grillad,Vitamin E,Kött färskt fryst tillagat ,1.0,mg
1050,Älg stek ugnsstekt el. grillad,Vitamin D inkl 25-OH-D3,Kött färskt fryst tillagat ,0.0,µg
1050,Älg stek ugnsstekt el. grillad,Vitamin D,Kött färskt fryst tillagat ,0.0,µg
1050,Älg stek ugnsstekt el. grillad,Vitamin C,Kött färskt fryst tillagat ,0.0,mg
1050,Älg stek ugnsstekt el. grillad,Vitamin B6,Kött färskt fryst tillagat ,0.56,mg
1050,Älg stek ugnsstekt el. grillad,Vitamin B12,Kött färskt fryst tillagat ,3.13,µg
1050,Älg stek ugnsstekt el. grillad,Vitamin A,Kött färskt fryst tillagat ,2.2,RE/µg
1050,Älg stek ugnsstekt el. grillad,Vatten,Kött färskt fryst tillagat ,67.8,g
1050,Älg stek ugnsstekt el. grillad,Tiamin,Kött färskt fryst tillagat ,0.18,mg
1050,Älg stek ugnsstekt el. grillad,Tillsatt socker,Kött färskt fryst tillagat ,0.0,g
1050,Älg stek ugnsstekt el. grillad,Fritt socker,Kött färskt fryst tillagat ,0.0,g
1050,Älg stek ugnsstekt el. grillad,"Selen, Se",Kött färskt fryst tillagat ,9.2,µg
1050,Älg stek ugnsstekt el. grillad,Sackaros,Kött färskt fryst tillagat ,0.0,g
1050,Älg stek ugnsstekt el. grillad,Riboflavin,Kött färskt fryst tillagat ,0.44,mg
1050,Älg stek ugnsstekt el. grillad,Retinol,Kött färskt fryst tillagat ,2.2,µg
1050,Älg stek ugnsstekt el. grillad,Protein,Kött färskt fryst tillagat ,27.0,g
1050,Älg stek ugnsstekt el. grillad,Summa fleromättade fettsyror,Kött färskt fryst tillagat ,0.4,g
1050,Älg stek ugnsstekt el. grillad,"Fosfor, P",Kött färskt fryst tillagat ,247.0,mg
1050,Älg stek ugnsstekt el. grillad,Niacinekvivalenter,Kött färskt fryst tillagat ,11.62,NE/mg
1050,Älg stek ugnsstekt el. grillad,Niacin,Kött färskt fryst tillagat ,6.7,mg
1050,Älg stek ugnsstekt el. grillad,"Salt, NaCl",Kött färskt fryst tillagat ,0.4,g
1050,Älg stek ugnsstekt el. grillad,"Natrium, Na",Kött färskt fryst tillagat ,161.0,mg
1050,Älg stek ugnsstekt el. grillad,Monosackarider,Kött färskt fryst tillagat ,0.0,g
1050,Älg stek ugnsstekt el. grillad,"Sockerarter, totalt",Kött färskt fryst tillagat ,0.0,g
1050,Älg stek ugnsstekt el. grillad,Summa enkelomättade fettsyror,Kött färskt fryst tillagat ,0.5,g
1050,Älg stek ugnsstekt el. grillad,"Magnesium, Mg",Kött färskt fryst tillagat ,27.0,mg
1050,Älg stek ugnsstekt el. grillad,Summa mättade fettsyror,Kött färskt fryst tillagat ,0.5,g
1050,Älg stek ugnsstekt el. grillad,"Kolhydrater, tillgängliga",Kött färskt fryst tillagat ,1.8,g
1050,Älg stek ugnsstekt el. grillad,Kolesterol,Kött färskt fryst tillagat ,82.3,mg
1050,Älg stek ugnsstekt el. grillad,"Kalium, K",Kött färskt fryst tillagat ,332.0,mg
1050,Älg stek ugnsstekt el. grillad,"Jod, I",Kött färskt fryst tillagat ,15.3,µg
1050,Älg stek ugnsstekt el. grillad,Fullkorn totalt,Kött färskt fryst tillagat ,0.0,g
1050,Älg stek ugnsstekt el. grillad,"Folat, totalt",Kött färskt fryst tillagat ,0.0,µg
1050,Älg stek ugnsstekt el. grillad,Fibrer,Kött färskt fryst tillagat ,0.0,g
1050,Älg stek ugnsstekt el. grillad,"Fett, totalt",Kött färskt fryst tillagat ,1.6,g
1050,Älg stek ugnsstekt el. grillad,"Järn, Fe",Kött färskt fryst tillagat ,3.8,mg
1050,Älg stek ugnsstekt el. grillad,Energi (kJ),Kött färskt fryst tillagat ,551.0,kJ
1050,Älg stek ugnsstekt el. grillad,Energi (kcal),Kött färskt fryst tillagat ,132.0,kcal
1050,Älg stek ugnsstekt el. grillad,Disackarider,Kött färskt fryst tillagat ,0.0,g
1050,Älg stek ugnsstekt el. grillad,"Kalcium, Ca",Kött färskt fryst tillagat ,5.0,mg
1050,Älg stek ugnsstekt el. grillad,Fettsyra 4:0-10:0,Kött färskt fryst tillagat ,0.0,g
1050,Älg stek ugnsstekt el. grillad,DHA (C22:6),Kött färskt fryst tillagat ,0.0,g
1050,Älg stek ugnsstekt el. grillad,DPA (C22:5),Kött färskt fryst tillagat ,0.0,g
1050,Älg stek ugnsstekt el. grillad,EPA (C20:5),Kött färskt fryst tillagat ,0.0,g
1050,Älg stek ugnsstekt el. grillad,Arakidonsyra C20:4,Kött färskt fryst tillagat ,0.0,g
1050,Älg stek ugnsstekt el. grillad,Arakidinsyra C20:0,Kött färskt fryst tillagat ,0.0,g
1050,Älg stek ugnsstekt el. grillad,Linolensyra C18:3,Kött färskt fryst tillagat ,0.1,g
1050,Älg stek ugnsstekt el. grillad,Linolsyra C18:2,Kött färskt fryst tillagat ,0.2,g
1050,Älg stek ugnsstekt el. grillad,Oljesyra C18:1,Kött färskt fryst tillagat ,0.5,g
1050,Älg stek ugnsstekt el. grillad,Stearinsyra C18:0,Kött färskt fryst tillagat ,0.2,g
1050,Älg stek ugnsstekt el. grillad,Palmitoljesyra C16:1,Kött färskt fryst tillagat ,0.0,g
1050,Älg stek ugnsstekt el. grillad,Palmitinsyra C16:0,Kött färskt fryst tillagat ,0.2,g
1050,Älg stek ugnsstekt el. grillad,Myristinsyra C14:0,Kött färskt fryst tillagat ,0.0,g
1050,Älg stek ugnsstekt el. grillad,Laurinsyra C12:0,Kött färskt fryst tillagat ,0.0,g
1050,Älg stek ugnsstekt el. grillad,Betakaroten/β-Karoten,Kött färskt fryst tillagat ,0.0,µg
1050,Älg stek ugnsstekt el. grillad,Avfall (skal etc.),Kött färskt fryst tillagat ,0.0,%
1050,Älg stek ugnsstekt el. grillad,Aska,Kött färskt fryst tillagat ,1.6,g
1050,Älg stek ugnsstekt el. grillad,Alkohol,Kött färskt fryst tillagat ,0.0,g
1055,Gris fläskkarré tillagad u. sky,"Zink, Zn",Kött färskt fryst tillagat ,3.5,mg
1055,Gris fläskkarré tillagad u. sky,Vitamin E,Kött färskt fryst tillagat ,1.3,mg
1055,Gris fläskkarré tillagad u. sky,Vitamin D,Kött färskt fryst tillagat ,0.09,µg
1055,Gris fläskkarré tillagad u. sky,Vitamin C,Kött färskt fryst tillagat ,0.0,mg
1055,Gris fläskkarré tillagad u. sky,Vitamin B6,Kött färskt fryst tillagat ,0.34,mg
1055,Gris fläskkarré tillagad u. sky,Vitamin B12,Kött färskt fryst tillagat ,0.71,µg
1055,Gris fläskkarré tillagad u. sky,Vitamin A,Kött färskt fryst tillagat ,9.3,RE/µg
1055,Gris fläskkarré tillagad u. sky,Vatten,Kött färskt fryst tillagat ,64.0,g
1055,Gris fläskkarré tillagad u. sky,Tiamin,Kött färskt fryst tillagat ,0.94,mg
1055,Gris fläskkarré tillagad u. sky,Tillsatt socker,Kött färskt fryst tillagat ,0.0,g
1055,Gris fläskkarré tillagad u. sky,Fritt socker,Kött färskt fryst tillagat ,0.0,g
1055,Gris fläskkarré tillagad u. sky,"Selen, Se",Kött färskt fryst tillagat ,12.0,µg
1055,Gris fläskkarré tillagad u. sky,Sackaros,Kött färskt fryst tillagat ,0.0,g
1055,Gris fläskkarré tillagad u. sky,Riboflavin,Kött färskt fryst tillagat ,0.23,mg
1055,Gris fläskkarré tillagad u. sky,Retinol,Kött färskt fryst tillagat ,9.3,µg
1055,Gris fläskkarré tillagad u. sky,Protein,Kött färskt fryst tillagat ,18.0,g
1055,Gris fläskkarré tillagad u. sky,Summa fleromättade fettsyror,Kött färskt fryst tillagat ,1.6,g
1055,Gris fläskkarré tillagad u. sky,"Fosfor, P",Kött färskt fryst tillagat ,205.0,mg
1055,Gris fläskkarré tillagad u. sky,Niacinekvivalenter,Kött färskt fryst tillagat ,8.5,NE/mg
1055,Gris fläskkarré tillagad u. sky,Niacin,Kött färskt fryst tillagat ,5.2,mg
1055,Gris fläskkarré tillagad u. sky,"Salt, NaCl",Kött färskt fryst tillagat ,0.1,g
1055,Gris fläskkarré tillagad u. sky,"Natrium, Na",Kött färskt fryst tillagat ,57.0,mg
1055,Gris fläskkarré tillagad u. sky,Monosackarider,Kött färskt fryst tillagat ,0.0,g
1055,Gris fläskkarré tillagad u. sky,"Sockerarter, totalt",Kött färskt fryst tillagat ,0.0,g
1055,Gris fläskkarré tillagad u. sky,Summa enkelomättade fettsyror,Kött färskt fryst tillagat ,7.8,g
1055,Gris fläskkarré tillagad u. sky,"Magnesium, Mg",Kött färskt fryst tillagat ,22.0,mg
1055,Gris fläskkarré tillagad u. sky,Summa mättade fettsyror,Kött färskt fryst tillagat ,6.9,g
1055,Gris fläskkarré tillagad u. sky,"Kolhydrater, tillgängliga",Kött färskt fryst tillagat ,0.0,g
1055,Gris fläskkarré tillagad u. sky,Kolesterol,Kött färskt fryst tillagat ,68.1,mg
1055,Gris fläskkarré tillagad u. sky,"Kalium, K",Kött färskt fryst tillagat ,289.0,mg
1055,Gris fläskkarré tillagad u. sky,"Jod, I",Kött färskt fryst tillagat ,0.0,µg
1055,Gris fläskkarré tillagad u. sky,Fullkorn totalt,Kött färskt fryst tillagat ,0.0,g
1055,Gris fläskkarré tillagad u. sky,"Folat, totalt",Kött färskt fryst tillagat ,0.0,µg
1055,Gris fläskkarré tillagad u. sky,Fibrer,Kött färskt fryst tillagat ,0.0,g
1055,Gris fläskkarré tillagad u. sky,"Fett, totalt",Kött färskt fryst tillagat ,17.1,g
1055,Gris fläskkarré tillagad u. sky,"Järn, Fe",Kött färskt fryst tillagat ,1.1,mg
1055,Gris fläskkarré tillagad u. sky,Energi (kJ),Kött färskt fryst tillagat ,939.0,kJ
1055,Gris fläskkarré tillagad u. sky,Energi (kcal),Kött färskt fryst tillagat ,224.0,kcal
1055,Gris fläskkarré tillagad u. sky,Disackarider,Kött färskt fryst tillagat ,0.0,g
1055,Gris fläskkarré tillagad u. sky,"Kalcium, Ca",Kött färskt fryst tillagat ,5.0,mg
1055,Gris fläskkarré tillagad u. sky,Fettsyra 4:0-10:0,Kött färskt fryst tillagat ,0.0,g
1055,Gris fläskkarré tillagad u. sky,DHA (C22:6),Kött färskt fryst tillagat ,0.0,g
1055,Gris fläskkarré tillagad u. sky,DPA (C22:5),Kött färskt fryst tillagat ,0.0,g
1055,Gris fläskkarré tillagad u. sky,EPA (C20:5),Kött färskt fryst tillagat ,0.0,g
1055,Gris fläskkarré tillagad u. sky,Arakidonsyra C20:4,Kött färskt fryst tillagat ,0.1,g
1055,Gris fläskkarré tillagad u. sky,Arakidinsyra C20:0,Kött färskt fryst tillagat ,0.0,g
1055,Gris fläskkarré tillagad u. sky,Linolensyra C18:3,Kött färskt fryst tillagat ,0.1,g
1055,Gris fläskkarré tillagad u. sky,Linolsyra C18:2,Kött färskt fryst tillagat ,1.3,g
1055,Gris fläskkarré tillagad u. sky,Oljesyra C18:1,Kött färskt fryst tillagat ,7.3,g
1055,Gris fläskkarré tillagad u. sky,Stearinsyra C18:0,Kött färskt fryst tillagat ,2.5,g
1055,Gris fläskkarré tillagad u. sky,Palmitoljesyra C16:1,Kött färskt fryst tillagat ,0.4,g
1055,Gris fläskkarré tillagad u. sky,Palmitinsyra C16:0,Kött färskt fryst tillagat ,4.1,g
1055,Gris fläskkarré tillagad u. sky,Myristinsyra C14:0,Kött färskt fryst tillagat ,0.2,g
1055,Gris fläskkarré tillagad u. sky,Laurinsyra C12:0,Kött färskt fryst tillagat ,0.0,g
1055,Gris fläskkarré tillagad u. sky,Betakaroten/β-Karoten,Kött färskt fryst tillagat ,0.0,µg
1055,Gris fläskkarré tillagad u. sky,Avfall (skal etc.),Kött färskt fryst tillagat ,0.0,%
1055,Gris fläskkarré tillagad u. sky,Aska,Kött färskt fryst tillagat ,0.9,g
1055,Gris fläskkarré tillagad u. sky,Alkohol,Kött färskt fryst tillagat ,0.0,g
1056,Gris skinkstek stekt u. sky frysvara,"Zink, Zn",Kött färskt fryst tillagat ,3.0,mg
1056,Gris skinkstek stekt u. sky frysvara,Vitamin E,Kött färskt fryst tillagat ,0.3,mg
1056,Gris skinkstek stekt u. sky frysvara,Vitamin D,Kött färskt fryst tillagat ,1.0,µg
1056,Gris skinkstek stekt u. sky frysvara,Vitamin C,Kött färskt fryst tillagat ,0.0,mg
1056,Gris skinkstek stekt u. sky frysvara,Vitamin B6,Kött färskt fryst tillagat ,0.42,mg
1056,Gris skinkstek stekt u. sky frysvara,Vitamin B12,Kött färskt fryst tillagat ,0.6,µg
1056,Gris skinkstek stekt u. sky frysvara,Vitamin A,Kött färskt fryst tillagat ,12.0,RE/µg
1056,Gris skinkstek stekt u. sky frysvara,Vatten,Kött färskt fryst tillagat ,65.4,g
1056,Gris skinkstek stekt u. sky frysvara,Tiamin,Kött färskt fryst tillagat ,0.94,mg
1056,Gris skinkstek stekt u. sky frysvara,Tillsatt socker,Kött färskt fryst tillagat ,0.0,g
1056,Gris skinkstek stekt u. sky frysvara,Fritt socker,Kött färskt fryst tillagat ,0.0,g
1056,Gris skinkstek stekt u. sky frysvara,"Selen, Se",Kött färskt fryst tillagat ,3.0,µg
1056,Gris skinkstek stekt u. sky frysvara,Sackaros,Kött färskt fryst tillagat ,0.0,g
1056,Gris skinkstek stekt u. sky frysvara,Riboflavin,Kött färskt fryst tillagat ,0.39,mg
1056,Gris skinkstek stekt u. sky frysvara,Retinol,Kött färskt fryst tillagat ,12.0,µg
1056,Gris skinkstek stekt u. sky frysvara,Protein,Kött färskt fryst tillagat ,26.5,g
1056,Gris skinkstek stekt u. sky frysvara,Summa fleromättade fettsyror,Kött färskt fryst tillagat ,0.6,g
1056,Gris skinkstek stekt u. sky frysvara,"Fosfor, P",Kött färskt fryst tillagat ,290.0,mg
1056,Gris skinkstek stekt u. sky frysvara,Niacinekvivalenter,Kött färskt fryst tillagat ,9.56,NE/mg
1056,Gris skinkstek stekt u. sky frysvara,Niacin,Kött färskt fryst tillagat ,4.7,mg
1056,Gris skinkstek stekt u. sky frysvara,"Salt, NaCl",Kött färskt fryst tillagat ,1.2,g
1056,Gris skinkstek stekt u. sky frysvara,"Natrium, Na",Kött färskt fryst tillagat ,475.0,mg
1056,Gris skinkstek stekt u. sky frysvara,Monosackarider,Kött färskt fryst tillagat ,0.0,g
1056,Gris skinkstek stekt u. sky frysvara,"Sockerarter, totalt",Kött färskt fryst tillagat ,0.0,g
1056,Gris skinkstek stekt u. sky frysvara,Summa enkelomättade fettsyror,Kött färskt fryst tillagat ,3.0,g
1056,Gris skinkstek stekt u. sky frysvara,"Magnesium, Mg",Kött färskt fryst tillagat ,25.0,mg
1056,Gris skinkstek stekt u. sky frysvara,Summa mättade fettsyror,Kött färskt fryst tillagat ,2.5,g
1056,Gris skinkstek stekt u. sky frysvara,"Kolhydrater, tillgängliga",Kött färskt fryst tillagat ,0.0,g
1056,Gris skinkstek stekt u. sky frysvara,Kolesterol,Kött färskt fryst tillagat ,93.0,mg
1056,Gris skinkstek stekt u. sky frysvara,"Kalium, K",Kött färskt fryst tillagat ,330.0,mg
1056,Gris skinkstek stekt u. sky frysvara,"Jod, I",Kött färskt fryst tillagat ,0.0,µg
1056,Gris skinkstek stekt u. sky frysvara,Fullkorn totalt,Kött färskt fryst tillagat ,0.0,g
1056,Gris skinkstek stekt u. sky frysvara,"Folat, totalt",Kött färskt fryst tillagat ,6.0,µg
1056,Gris skinkstek stekt u. sky frysvara,Fibrer,Kött färskt fryst tillagat ,0.0,g
1056,Gris skinkstek stekt u. sky frysvara,"Fett, totalt",Kött färskt fryst tillagat ,6.4,g
1056,Gris skinkstek stekt u. sky frysvara,"Järn, Fe",Kött färskt fryst tillagat ,1.5,mg
1056,Gris skinkstek stekt u. sky frysvara,Energi (kJ),Kött färskt fryst tillagat ,687.0,kJ
1056,Gris skinkstek stekt u. sky frysvara,Energi (kcal),Kött färskt fryst tillagat ,164.0,kcal
1056,Gris skinkstek stekt u. sky frysvara,Disackarider,Kött färskt fryst tillagat ,0.0,g
1056,Gris skinkstek stekt u. sky frysvara,"Kalcium, Ca",Kött färskt fryst tillagat ,9.0,mg
1056,Gris skinkstek stekt u. sky frysvara,Fettsyra 4:0-10:0,Kött färskt fryst tillagat ,0.0,g
1056,Gris skinkstek stekt u. sky frysvara,DHA (C22:6),Kött färskt fryst tillagat ,0.0,g
1056,Gris skinkstek stekt u. sky frysvara,DPA (C22:5),Kött färskt fryst tillagat ,0.0,g
1056,Gris skinkstek stekt u. sky frysvara,EPA (C20:5),Kött färskt fryst tillagat ,0.0,g
1056,Gris skinkstek stekt u. sky frysvara,Arakidonsyra C20:4,Kött färskt fryst tillagat ,0.0,g
1056,Gris skinkstek stekt u. sky frysvara,Arakidinsyra C20:0,Kött färskt fryst tillagat ,0.0,g
1056,Gris skinkstek stekt u. sky frysvara,Linolensyra C18:3,Kött färskt fryst tillagat ,0.0,g
1056,Gris skinkstek stekt u. sky frysvara,Linolsyra C18:2,Kött färskt fryst tillagat ,0.5,g
1056,Gris skinkstek stekt u. sky frysvara,Oljesyra C18:1,Kött färskt fryst tillagat ,2.7,g
1056,Gris skinkstek stekt u. sky frysvara,Stearinsyra C18:0,Kött färskt fryst tillagat ,0.8,g
1056,Gris skinkstek stekt u. sky frysvara,Palmitoljesyra C16:1,Kött färskt fryst tillagat ,0.2,g
1056,Gris skinkstek stekt u. sky frysvara,Palmitinsyra C16:0,Kött färskt fryst tillagat ,1.5,g
1056,Gris skinkstek stekt u. sky frysvara,Myristinsyra C14:0,Kött färskt fryst tillagat ,0.1,g
1056,Gris skinkstek stekt u. sky frysvara,Laurinsyra C12:0,Kött färskt fryst tillagat ,0.0,g
1056,Gris skinkstek stekt u. sky frysvara,Betakaroten/β-Karoten,Kött färskt fryst tillagat ,0.0,µg
1056,Gris skinkstek stekt u. sky frysvara,Avfall (skal etc.),Kött färskt fryst tillagat ,0.0,%
1056,Gris skinkstek stekt u. sky frysvara,Aska,Kött färskt fryst tillagat ,1.7,g
1056,Gris skinkstek stekt u. sky frysvara,Alkohol,Kött färskt fryst tillagat ,0.0,g
1057,Nöt stek stekt u. sky frysvara,"Zink, Zn",Kött färskt fryst tillagat ,6.3,mg
1057,Nöt stek stekt u. sky frysvara,Vitamin E,Kött färskt fryst tillagat ,0.3,mg
1057,Nöt stek stekt u. sky frysvara,Vitamin D,Kött färskt fryst tillagat ,0.7,µg
1057,Nöt stek stekt u. sky frysvara,Vitamin C,Kött färskt fryst tillagat ,0.0,mg
1057,Nöt stek stekt u. sky frysvara,Vitamin B6,Kött färskt fryst tillagat ,0.32,mg
1057,Nöt stek stekt u. sky frysvara,Vitamin B12,Kött färskt fryst tillagat ,1.3,µg
1057,Nöt stek stekt u. sky frysvara,Vitamin A,Kött färskt fryst tillagat ,4.6,RE/µg
1057,Nöt stek stekt u. sky frysvara,Vatten,Kött färskt fryst tillagat ,69.0,g
1057,Nöt stek stekt u. sky frysvara,Tiamin,Kött färskt fryst tillagat ,0.04,mg
1057,Nöt stek stekt u. sky frysvara,Tillsatt socker,Kött färskt fryst tillagat ,0.0,g
1057,Nöt stek stekt u. sky frysvara,Fritt socker,Kött färskt fryst tillagat ,0.0,g
1057,Nöt stek stekt u. sky frysvara,"Selen, Se",Kött färskt fryst tillagat ,4.0,µg
1057,Nöt stek stekt u. sky frysvara,Sackaros,Kött färskt fryst tillagat ,0.0,g
1057,Nöt stek stekt u. sky frysvara,Riboflavin,Kött färskt fryst tillagat ,0.22,mg
1057,Nöt stek stekt u. sky frysvara,Retinol,Kött färskt fryst tillagat ,4.0,µg
1057,Nöt stek stekt u. sky frysvara,Protein,Kött färskt fryst tillagat ,25.5,g
1057,Nöt stek stekt u. sky frysvara,Summa fleromättade fettsyror,Kött färskt fryst tillagat ,0.3,g
1057,Nöt stek stekt u. sky frysvara,"Fosfor, P",Kött färskt fryst tillagat ,220.0,mg
1057,Nöt stek stekt u. sky frysvara,Niacinekvivalenter,Kött färskt fryst tillagat ,10.78,NE/mg
1057,Nöt stek stekt u. sky frysvara,Niacin,Kött färskt fryst tillagat ,6.1,mg
1057,Nöt stek stekt u. sky frysvara,"Salt, NaCl",Kött färskt fryst tillagat ,1.2,g
1057,Nöt stek stekt u. sky frysvara,"Natrium, Na",Kött färskt fryst tillagat ,475.0,mg
1057,Nöt stek stekt u. sky frysvara,Monosackarider,Kött färskt fryst tillagat ,0.0,g
1057,Nöt stek stekt u. sky frysvara,"Sockerarter, totalt",Kött färskt fryst tillagat ,0.0,g
1057,Nöt stek stekt u. sky frysvara,Summa enkelomättade fettsyror,Kött färskt fryst tillagat ,1.6,g
1057,Nöt stek stekt u. sky frysvara,"Magnesium, Mg",Kött färskt fryst tillagat ,24.0,mg
1057,Nöt stek stekt u. sky frysvara,Summa mättade fettsyror,Kött färskt fryst tillagat ,1.4,g
1057,Nöt stek stekt u. sky frysvara,"Kolhydrater, tillgängliga",Kött färskt fryst tillagat ,0.0,g
1057,Nöt stek stekt u. sky frysvara,Kolesterol,Kött färskt fryst tillagat ,91.0,mg
1057,Nöt stek stekt u. sky frysvara,"Kalium, K",Kött färskt fryst tillagat ,365.0,mg
1057,Nöt stek stekt u. sky frysvara,"Jod, I",Kött färskt fryst tillagat ,2.7,µg
1057,Nöt stek stekt u. sky frysvara,Fullkorn totalt,Kött färskt fryst tillagat ,0.0,g
1057,Nöt stek stekt u. sky frysvara,"Folat, totalt",Kött färskt fryst tillagat ,10.0,µg
1057,Nöt stek stekt u. sky frysvara,Fibrer,Kött färskt fryst tillagat ,0.0,g
1057,Nöt stek stekt u. sky frysvara,"Fett, totalt",Kött färskt fryst tillagat ,3.6,g
1057,Nöt stek stekt u. sky frysvara,"Järn, Fe",Kött färskt fryst tillagat ,3.5,mg
1057,Nöt stek stekt u. sky frysvara,Energi (kJ),Kött färskt fryst tillagat ,567.0,kJ
1057,Nöt stek stekt u. sky frysvara,Energi (kcal),Kött färskt fryst tillagat ,135.0,kcal
1057,Nöt stek stekt u. sky frysvara,Disackarider,Kött färskt fryst tillagat ,0.0,g
1057,Nöt stek stekt u. sky frysvara,"Kalcium, Ca",Kött färskt fryst tillagat ,15.0,mg
1057,Nöt stek stekt u. sky frysvara,Fettsyra 4:0-10:0,Kött färskt fryst tillagat ,0.0,g
1057,Nöt stek stekt u. sky frysvara,DHA (C22:6),Kött färskt fryst tillagat ,0.0,g
1057,Nöt stek stekt u. sky frysvara,DPA (C22:5),Kött färskt fryst tillagat ,0.0,g
1057,Nöt stek stekt u. sky frysvara,EPA (C20:5),Kött färskt fryst tillagat ,0.0,g
1057,Nöt stek stekt u. sky frysvara,Arakidonsyra C20:4,Kött färskt fryst tillagat ,0.1,g
1057,Nöt stek stekt u. sky frysvara,Arakidinsyra C20:0,Kött färskt fryst tillagat ,0.0,g
1057,Nöt stek stekt u. sky frysvara,Linolensyra C18:3,Kött färskt fryst tillagat ,0.0,g
1057,Nöt stek stekt u. sky frysvara,Linolsyra C18:2,Kött färskt fryst tillagat ,0.2,g
1057,Nöt stek stekt u. sky frysvara,Oljesyra C18:1,Kött färskt fryst tillagat ,1.4,g
1057,Nöt stek stekt u. sky frysvara,Stearinsyra C18:0,Kött färskt fryst tillagat ,0.4,g
1057,Nöt stek stekt u. sky frysvara,Palmitoljesyra C16:1,Kött färskt fryst tillagat ,0.1,g
1057,Nöt stek stekt u. sky frysvara,Palmitinsyra C16:0,Kött färskt fryst tillagat ,0.8,g
1057,Nöt stek stekt u. sky frysvara,Myristinsyra C14:0,Kött färskt fryst tillagat ,0.1,g
1057,Nöt stek stekt u. sky frysvara,Laurinsyra C12:0,Kött färskt fryst tillagat ,0.0,g
1057,Nöt stek stekt u. sky frysvara,Betakaroten/β-Karoten,Kött färskt fryst tillagat ,7.0,µg
1057,Nöt stek stekt u. sky frysvara,Avfall (skal etc.),Kött färskt fryst tillagat ,0.0,%
1057,Nöt stek stekt u. sky frysvara,Aska,Kött färskt fryst tillagat ,1.9,g
1057,Nöt stek stekt u. sky frysvara,Alkohol,Kött färskt fryst tillagat ,0.0,g
1058,Nöt rostbiff tillagad ugnsrostad u. salt,"Zink, Zn",Kött färskt fryst tillagat ,5.7,mg
1058,Nöt rostbiff tillagad ugnsrostad u. salt,Vitamin E,Kött färskt fryst tillagat ,0.3,mg
1058,Nöt rostbiff tillagad ugnsrostad u. salt,Vitamin D,Kött färskt fryst tillagat ,0.5,µg
1058,Nöt rostbiff tillagad ugnsrostad u. salt,Vitamin C,Kött färskt fryst tillagat ,0.0,mg
1058,Nöt rostbiff tillagad ugnsrostad u. salt,Vitamin B6,Kött färskt fryst tillagat ,0.33,mg
1058,Nöt rostbiff tillagad ugnsrostad u. salt,Vitamin B12,Kött färskt fryst tillagat ,1.3,µg
1058,Nöt rostbiff tillagad ugnsrostad u. salt,Vitamin A,Kött färskt fryst tillagat ,3.5,RE/µg
1058,Nöt rostbiff tillagad ugnsrostad u. salt,Vatten,Kött färskt fryst tillagat ,71.6,g
1058,Nöt rostbiff tillagad ugnsrostad u. salt,Tiamin,Kött färskt fryst tillagat ,0.08,mg
1058,Nöt rostbiff tillagad ugnsrostad u. salt,Tillsatt socker,Kött färskt fryst tillagat ,0.0,g
1058,Nöt rostbiff tillagad ugnsrostad u. salt,Fritt socker,Kött färskt fryst tillagat ,0.0,g
1058,Nöt rostbiff tillagad ugnsrostad u. salt,"Selen, Se",Kött färskt fryst tillagat ,2.0,µg
1058,Nöt rostbiff tillagad ugnsrostad u. salt,Sackaros,Kött färskt fryst tillagat ,0.0,g
1058,Nöt rostbiff tillagad ugnsrostad u. salt,Riboflavin,Kött färskt fryst tillagat ,0.35,mg
1058,Nöt rostbiff tillagad ugnsrostad u. salt,Retinol,Kött färskt fryst tillagat ,3.0,µg
1058,Nöt rostbiff tillagad ugnsrostad u. salt,Protein,Kött färskt fryst tillagat ,24.0,g
1058,Nöt rostbiff tillagad ugnsrostad u. salt,Summa fleromättade fettsyror,Kött färskt fryst tillagat ,0.2,g
1058,Nöt rostbiff tillagad ugnsrostad u. salt,"Fosfor, P",Kött färskt fryst tillagat ,210.0,mg
1058,Nöt rostbiff tillagad ugnsrostad u. salt,Niacinekvivalenter,Kött färskt fryst tillagat ,10.9,NE/mg
1058,Nöt rostbiff tillagad ugnsrostad u. salt,Niacin,Kött färskt fryst tillagat ,6.5,mg
1058,Nöt rostbiff tillagad ugnsrostad u. salt,"Salt, NaCl",Kött färskt fryst tillagat ,0.2,g
1058,Nöt rostbiff tillagad ugnsrostad u. salt,"Natrium, Na",Kött färskt fryst tillagat ,67.0,mg
1058,Nöt rostbiff tillagad ugnsrostad u. salt,Monosackarider,Kött färskt fryst tillagat ,0.0,g
1058,Nöt rostbiff tillagad ugnsrostad u. salt,"Sockerarter, totalt",Kött färskt fryst tillagat ,0.0,g
1058,Nöt rostbiff tillagad ugnsrostad u. salt,Summa enkelomättade fettsyror,Kött färskt fryst tillagat ,1.4,g
1058,Nöt rostbiff tillagad ugnsrostad u. salt,"Magnesium, Mg",Kött färskt fryst tillagat ,24.0,mg
1058,Nöt rostbiff tillagad ugnsrostad u. salt,Summa mättade fettsyror,Kött färskt fryst tillagat ,1.2,g
1058,Nöt rostbiff tillagad ugnsrostad u. salt,"Kolhydrater, tillgängliga",Kött färskt fryst tillagat ,0.0,g
1058,Nöt rostbiff tillagad ugnsrostad u. salt,Kolesterol,Kött färskt fryst tillagat ,91.0,mg
1058,Nöt rostbiff tillagad ugnsrostad u. salt,"Kalium, K",Kött färskt fryst tillagat ,370.0,mg
1058,Nöt rostbiff tillagad ugnsrostad u. salt,"Jod, I",Kött färskt fryst tillagat ,2.7,µg
1058,Nöt rostbiff tillagad ugnsrostad u. salt,Fullkorn totalt,Kött färskt fryst tillagat ,0.0,g
1058,Nöt rostbiff tillagad ugnsrostad u. salt,"Folat, totalt",Kött färskt fryst tillagat ,9.0,µg
1058,Nöt rostbiff tillagad ugnsrostad u. salt,Fibrer,Kött färskt fryst tillagat ,0.0,g
1058,Nöt rostbiff tillagad ugnsrostad u. salt,"Fett, totalt",Kött färskt fryst tillagat ,3.0,g
1058,Nöt rostbiff tillagad ugnsrostad u. salt,"Järn, Fe",Kött färskt fryst tillagat ,3.0,mg
1058,Nöt rostbiff tillagad ugnsrostad u. salt,Energi (kJ),Kött färskt fryst tillagat ,519.0,kJ
1058,Nöt rostbiff tillagad ugnsrostad u. salt,Energi (kcal),Kött färskt fryst tillagat ,124.0,kcal
1058,Nöt rostbiff tillagad ugnsrostad u. salt,Disackarider,Kött färskt fryst tillagat ,0.0,g
1058,Nöt rostbiff tillagad ugnsrostad u. salt,"Kalcium, Ca",Kött färskt fryst tillagat ,15.0,mg
1058,Nöt rostbiff tillagad ugnsrostad u. salt,Fettsyra 4:0-10:0,Kött färskt fryst tillagat ,0.0,g
1058,Nöt rostbiff tillagad ugnsrostad u. salt,DHA (C22:6),Kött färskt fryst tillagat ,0.0,g
1058,Nöt rostbiff tillagad ugnsrostad u. salt,DPA (C22:5),Kött färskt fryst tillagat ,0.0,g
1058,Nöt rostbiff tillagad ugnsrostad u. salt,EPA (C20:5),Kött färskt fryst tillagat ,0.0,g
1058,Nöt rostbiff tillagad ugnsrostad u. salt,Arakidonsyra C20:4,Kött färskt fryst tillagat ,0.0,g
1058,Nöt rostbiff tillagad ugnsrostad u. salt,Arakidinsyra C20:0,Kött färskt fryst tillagat ,0.0,g
1058,Nöt rostbiff tillagad ugnsrostad u. salt,Linolensyra C18:3,Kött färskt fryst tillagat ,0.0,g
1058,Nöt rostbiff tillagad ugnsrostad u. salt,Linolsyra C18:2,Kött färskt fryst tillagat ,0.1,g
1058,Nöt rostbiff tillagad ugnsrostad u. salt,Oljesyra C18:1,Kött färskt fryst tillagat ,1.2,g
1058,Nöt rostbiff tillagad ugnsrostad u. salt,Stearinsyra C18:0,Kött färskt fryst tillagat ,0.3,g
1058,Nöt rostbiff tillagad ugnsrostad u. salt,Palmitoljesyra C16:1,Kött färskt fryst tillagat ,0.1,g
1058,Nöt rostbiff tillagad ugnsrostad u. salt,Palmitinsyra C16:0,Kött färskt fryst tillagat ,0.7,g
1058,Nöt rostbiff tillagad ugnsrostad u. salt,Myristinsyra C14:0,Kött färskt fryst tillagat ,0.1,g
1058,Nöt rostbiff tillagad ugnsrostad u. salt,Laurinsyra C12:0,Kött färskt fryst tillagat ,0.0,g
1058,Nöt rostbiff tillagad ugnsrostad u. salt,Betakaroten/β-Karoten,Kött färskt fryst tillagat ,6.0,µg
1058,Nöt rostbiff tillagad ugnsrostad u. salt,Avfall (skal etc.),Kött färskt fryst tillagat ,0.0,%
1058,Nöt rostbiff tillagad ugnsrostad u. salt,Aska,Kött färskt fryst tillagat ,1.4,g
1058,Nöt rostbiff tillagad ugnsrostad u. salt,Alkohol,Kött färskt fryst tillagat ,0.0,g
1059,Gris revbensspjäll tillagad u. sky,"Zink, Zn",Kött färskt fryst tillagat ,2.6,mg
1059,Gris revbensspjäll tillagad u. sky,Vitamin E,Kött färskt fryst tillagat ,1.1,mg
1059,Gris revbensspjäll tillagad u. sky,Vitamin D,Kött färskt fryst tillagat ,0.12,µg
1059,Gris revbensspjäll tillagad u. sky,Vitamin C,Kött färskt fryst tillagat ,0.0,mg
1059,Gris revbensspjäll tillagad u. sky,Vitamin B6,Kött färskt fryst tillagat ,0.33,mg
1059,Gris revbensspjäll tillagad u. sky,Vitamin B12,Kött färskt fryst tillagat ,0.63,µg
1059,Gris revbensspjäll tillagad u. sky,Vitamin A,Kött färskt fryst tillagat ,10.1,RE/µg
1059,Gris revbensspjäll tillagad u. sky,Vatten,Kött färskt fryst tillagat ,57.3,g
1059,Gris revbensspjäll tillagad u. sky,Tiamin,Kött färskt fryst tillagat ,0.88,mg
1059,Gris revbensspjäll tillagad u. sky,Tillsatt socker,Kött färskt fryst tillagat ,0.0,g
1059,Gris revbensspjäll tillagad u. sky,Fritt socker,Kött färskt fryst tillagat ,0.0,g
1059,Gris revbensspjäll tillagad u. sky,"Selen, Se",Kött färskt fryst tillagat ,11.0,µg
1059,Gris revbensspjäll tillagad u. sky,Sackaros,Kött färskt fryst tillagat ,0.0,g
1059,Gris revbensspjäll tillagad u. sky,Riboflavin,Kött färskt fryst tillagat ,0.23,mg
1059,Gris revbensspjäll tillagad u. sky,Retinol,Kött färskt fryst tillagat ,10.1,µg
1059,Gris revbensspjäll tillagad u. sky,Protein,Kött färskt fryst tillagat ,18.0,g
1059,Gris revbensspjäll tillagad u. sky,Summa fleromättade fettsyror,Kött färskt fryst tillagat ,1.9,g
1059,Gris revbensspjäll tillagad u. sky,"Fosfor, P",Kött färskt fryst tillagat ,215.0,mg
1059,Gris revbensspjäll tillagad u. sky,Niacinekvivalenter,Kött färskt fryst tillagat ,9.9,NE/mg
1059,Gris revbensspjäll tillagad u. sky,Niacin,Kött färskt fryst tillagat ,6.55,mg
1059,Gris revbensspjäll tillagad u. sky,"Salt, NaCl",Kött färskt fryst tillagat ,0.2,g
1059,Gris revbensspjäll tillagad u. sky,"Natrium, Na",Kött färskt fryst tillagat ,80.0,mg
1059,Gris revbensspjäll tillagad u. sky,Monosackarider,Kött färskt fryst tillagat ,0.0,g
1059,Gris revbensspjäll tillagad u. sky,"Sockerarter, totalt",Kött färskt fryst tillagat ,0.0,g
1059,Gris revbensspjäll tillagad u. sky,Summa enkelomättade fettsyror,Kött färskt fryst tillagat ,10.9,g
1059,Gris revbensspjäll tillagad u. sky,"Magnesium, Mg",Kött färskt fryst tillagat ,24.0,mg
1059,Gris revbensspjäll tillagad u. sky,Summa mättade fettsyror,Kött färskt fryst tillagat ,9.8,g
1059,Gris revbensspjäll tillagad u. sky,"Kolhydrater, tillgängliga",Kött färskt fryst tillagat ,0.0,g
1059,Gris revbensspjäll tillagad u. sky,Kolesterol,Kött färskt fryst tillagat ,63.7,mg
1059,Gris revbensspjäll tillagad u. sky,"Kalium, K",Kött färskt fryst tillagat ,287.0,mg
1059,Gris revbensspjäll tillagad u. sky,"Jod, I",Kött färskt fryst tillagat ,0.0,µg
1059,Gris revbensspjäll tillagad u. sky,Fullkorn totalt,Kött färskt fryst tillagat ,0.0,g
1059,Gris revbensspjäll tillagad u. sky,"Folat, totalt",Kött färskt fryst tillagat ,1.4,µg
1059,Gris revbensspjäll tillagad u. sky,Fibrer,Kött färskt fryst tillagat ,0.0,g
1059,Gris revbensspjäll tillagad u. sky,"Fett, totalt",Kött färskt fryst tillagat ,23.7,g
1059,Gris revbensspjäll tillagad u. sky,"Järn, Fe",Kött färskt fryst tillagat ,0.9,mg
1059,Gris revbensspjäll tillagad u. sky,Energi (kJ),Kött färskt fryst tillagat ,1183.0,kJ
1059,Gris revbensspjäll tillagad u. sky,Energi (kcal),Kött färskt fryst tillagat ,283.0,kcal
1059,Gris revbensspjäll tillagad u. sky,Disackarider,Kött färskt fryst tillagat ,0.0,g
1059,Gris revbensspjäll tillagad u. sky,"Kalcium, Ca",Kött färskt fryst tillagat ,22.0,mg
1059,Gris revbensspjäll tillagad u. sky,Fettsyra 4:0-10:0,Kött färskt fryst tillagat ,0.0,g
1059,Gris revbensspjäll tillagad u. sky,DHA (C22:6),Kött färskt fryst tillagat ,0.0,g
1059,Gris revbensspjäll tillagad u. sky,DPA (C22:5),Kött färskt fryst tillagat ,0.0,g
1059,Gris revbensspjäll tillagad u. sky,EPA (C20:5),Kött färskt fryst tillagat ,0.0,g
1059,Gris revbensspjäll tillagad u. sky,Arakidonsyra C20:4,Kött färskt fryst tillagat ,0.0,g
1059,Gris revbensspjäll tillagad u. sky,Arakidinsyra C20:0,Kött färskt fryst tillagat ,0.0,g
1059,Gris revbensspjäll tillagad u. sky,Linolensyra C18:3,Kött färskt fryst tillagat ,0.2,g
1059,Gris revbensspjäll tillagad u. sky,Linolsyra C18:2,Kött färskt fryst tillagat ,1.6,g
1059,Gris revbensspjäll tillagad u. sky,Oljesyra C18:1,Kött färskt fryst tillagat ,10.1,g
1059,Gris revbensspjäll tillagad u. sky,Stearinsyra C18:0,Kött färskt fryst tillagat ,3.5,g
1059,Gris revbensspjäll tillagad u. sky,Palmitoljesyra C16:1,Kött färskt fryst tillagat ,0.5,g
1059,Gris revbensspjäll tillagad u. sky,Palmitinsyra C16:0,Kött färskt fryst tillagat ,5.8,g
1059,Gris revbensspjäll tillagad u. sky,Myristinsyra C14:0,Kött färskt fryst tillagat ,0.4,g
1059,Gris revbensspjäll tillagad u. sky,Laurinsyra C12:0,Kött färskt fryst tillagat ,0.0,g
1059,Gris revbensspjäll tillagad u. sky,Betakaroten/β-Karoten,Kött färskt fryst tillagat ,0.0,µg
1059,Gris revbensspjäll tillagad u. sky,Avfall (skal etc.),Kött färskt fryst tillagat ,30.0,%
1059,Gris revbensspjäll tillagad u. sky,Aska,Kött färskt fryst tillagat ,1.0,g
1059,Gris revbensspjäll tillagad u. sky,Alkohol,Kött färskt fryst tillagat ,0.0,g
1060,Gryta dillkött nöt m. sås,"Zink, Zn",Köttprodukter kötträtter,2.1,mg
1060,Gryta dillkött nöt m. sås,Vitamin E,Köttprodukter kötträtter,0.6,mg
1060,Gryta dillkött nöt m. sås,Vitamin D,Köttprodukter kötträtter,0.33,µg
1060,Gryta dillkött nöt m. sås,Vitamin C,Köttprodukter kötträtter,3.7,mg
1060,Gryta dillkött nöt m. sås,Vitamin B6,Köttprodukter kötträtter,0.13,mg
1060,Gryta dillkött nöt m. sås,Vitamin B12,Köttprodukter kötträtter,0.7,µg
1060,Gryta dillkött nöt m. sås,Vitamin A,Köttprodukter kötträtter,121.4,RE/µg
1060,Gryta dillkött nöt m. sås,Vatten,Köttprodukter kötträtter,79.0,g
1060,Gryta dillkött nöt m. sås,Tiamin,Köttprodukter kötträtter,0.09,mg
1060,Gryta dillkött nöt m. sås,Tillsatt socker,Köttprodukter kötträtter,0.0,g
1060,Gryta dillkött nöt m. sås,Fritt socker,Köttprodukter kötträtter,0.0,g
1060,Gryta dillkött nöt m. sås,"Selen, Se",Köttprodukter kötträtter,1.0,µg
1060,Gryta dillkött nöt m. sås,Sackaros,Köttprodukter kötträtter,0.6,g
1060,Gryta dillkött nöt m. sås,Riboflavin,Köttprodukter kötträtter,0.15,mg
1060,Gryta dillkött nöt m. sås,Retinol,Köttprodukter kötträtter,20.0,µg
1060,Gryta dillkött nöt m. sås,Protein,Köttprodukter kötträtter,8.2,g
1060,Gryta dillkött nöt m. sås,Summa fleromättade fettsyror,Köttprodukter kötträtter,0.6,g
1060,Gryta dillkött nöt m. sås,"Fosfor, P",Köttprodukter kötträtter,73.0,mg
1060,Gryta dillkött nöt m. sås,Niacinekvivalenter,Köttprodukter kötträtter,3.4,NE/mg
1060,Gryta dillkött nöt m. sås,Niacin,Köttprodukter kötträtter,1.9,mg
1060,Gryta dillkött nöt m. sås,"Salt, NaCl",Köttprodukter kötträtter,0.7,g
1060,Gryta dillkött nöt m. sås,"Natrium, Na",Köttprodukter kötträtter,270.0,mg
1060,Gryta dillkött nöt m. sås,Monosackarider,Köttprodukter kötträtter,0.5,g
1060,Gryta dillkött nöt m. sås,"Sockerarter, totalt",Köttprodukter kötträtter,1.1,g
1060,Gryta dillkött nöt m. sås,Summa enkelomättade fettsyror,Köttprodukter kötträtter,3.0,g
1060,Gryta dillkött nöt m. sås,"Magnesium, Mg",Köttprodukter kötträtter,14.0,mg
1060,Gryta dillkött nöt m. sås,Summa mättade fettsyror,Köttprodukter kötträtter,2.5,g
1060,Gryta dillkött nöt m. sås,"Kolhydrater, tillgängliga",Köttprodukter kötträtter,4.9,g
1060,Gryta dillkött nöt m. sås,Kolesterol,Köttprodukter kötträtter,36.0,mg
1060,Gryta dillkött nöt m. sås,"Kalium, K",Köttprodukter kötträtter,165.0,mg
1060,Gryta dillkött nöt m. sås,"Jod, I",Köttprodukter kötträtter,41.2,µg
1060,Gryta dillkött nöt m. sås,Fullkorn totalt,Köttprodukter kötträtter,0.0,g
1060,Gryta dillkött nöt m. sås,"Folat, totalt",Köttprodukter kötträtter,8.0,µg
1060,Gryta dillkött nöt m. sås,Fibrer,Köttprodukter kötträtter,0.6,g
1060,Gryta dillkött nöt m. sås,"Fett, totalt",Köttprodukter kötträtter,6.8,g
1060,Gryta dillkött nöt m. sås,"Järn, Fe",Köttprodukter kötträtter,1.0,mg
1060,Gryta dillkött nöt m. sås,Energi (kJ),Köttprodukter kötträtter,479.0,kJ
1060,Gryta dillkött nöt m. sås,Energi (kcal),Köttprodukter kötträtter,114.0,kcal
1060,Gryta dillkött nöt m. sås,Disackarider,Köttprodukter kötträtter,0.6,g
1060,Gryta dillkött nöt m. sås,"Kalcium, Ca",Köttprodukter kötträtter,16.0,mg
1060,Gryta dillkött nöt m. sås,Fettsyra 4:0-10:0,Köttprodukter kötträtter,0.0,g
1060,Gryta dillkött nöt m. sås,DHA (C22:6),Köttprodukter kötträtter,0.0,g
1060,Gryta dillkött nöt m. sås,DPA (C22:5),Köttprodukter kötträtter,0.0,g
1060,Gryta dillkött nöt m. sås,EPA (C20:5),Köttprodukter kötträtter,0.0,g
1060,Gryta dillkött nöt m. sås,Arakidonsyra C20:4,Köttprodukter kötträtter,0.1,g
1060,Gryta dillkött nöt m. sås,Arakidinsyra C20:0,Köttprodukter kötträtter,0.0,g
1060,Gryta dillkött nöt m. sås,Linolensyra C18:3,Köttprodukter kötträtter,0.0,g
1060,Gryta dillkött nöt m. sås,Linolsyra C18:2,Köttprodukter kötträtter,0.4,g
1060,Gryta dillkött nöt m. sås,Oljesyra C18:1,Köttprodukter kötträtter,2.5,g
1060,Gryta dillkött nöt m. sås,Stearinsyra C18:0,Köttprodukter kötträtter,0.8,g
1060,Gryta dillkött nöt m. sås,Palmitoljesyra C16:1,Köttprodukter kötträtter,0.3,g
1060,Gryta dillkött nöt m. sås,Palmitinsyra C16:0,Köttprodukter kötträtter,1.4,g
1060,Gryta dillkött nöt m. sås,Myristinsyra C14:0,Köttprodukter kötträtter,0.2,g
1060,Gryta dillkött nöt m. sås,Laurinsyra C12:0,Köttprodukter kötträtter,0.0,g
1060,Gryta dillkött nöt m. sås,Betakaroten/β-Karoten,Köttprodukter kötträtter,1217.0,µg
1060,Gryta dillkött nöt m. sås,Avfall (skal etc.),Köttprodukter kötträtter,0.0,%
1060,Gryta dillkött nöt m. sås,Aska,Köttprodukter kötträtter,0.5,g
1060,Gryta dillkött nöt m. sås,Alkohol,Köttprodukter kötträtter,0.0,g
1062,Biff stroganoff nöt,"Zink, Zn",Köttprodukter kötträtter,2.6,mg
1062,Biff stroganoff nöt,Vitamin E,Köttprodukter kötträtter,1.4,mg
1062,Biff stroganoff nöt,Vitamin D,Köttprodukter kötträtter,0.18,µg
1062,Biff stroganoff nöt,Vitamin C,Köttprodukter kötträtter,1.6,mg
1062,Biff stroganoff nöt,Vitamin B6,Köttprodukter kötträtter,0.15,mg
1062,Biff stroganoff nöt,Vitamin B12,Köttprodukter kötträtter,0.52,µg
1062,Biff stroganoff nöt,Vitamin A,Köttprodukter kötträtter,65.1,RE/µg
1062,Biff stroganoff nöt,Vatten,Köttprodukter kötträtter,72.8,g
1062,Biff stroganoff nöt,Tiamin,Köttprodukter kötträtter,0.07,mg
1062,Biff stroganoff nöt,Tillsatt socker,Köttprodukter kötträtter,0.0,g
1062,Biff stroganoff nöt,Fritt socker,Köttprodukter kötträtter,0.0,g
1062,Biff stroganoff nöt,"Selen, Se",Köttprodukter kötträtter,4.7,µg
1062,Biff stroganoff nöt,Sackaros,Köttprodukter kötträtter,0.2,g
1062,Biff stroganoff nöt,Riboflavin,Köttprodukter kötträtter,0.11,mg
1062,Biff stroganoff nöt,Retinol,Köttprodukter kötträtter,52.7,µg
1062,Biff stroganoff nöt,Protein,Köttprodukter kötträtter,13.1,g
1062,Biff stroganoff nöt,Summa fleromättade fettsyror,Köttprodukter kötträtter,1.1,g
1062,Biff stroganoff nöt,"Fosfor, P",Köttprodukter kötträtter,125.0,mg
1062,Biff stroganoff nöt,Niacinekvivalenter,Köttprodukter kötträtter,5.67,NE/mg
1062,Biff stroganoff nöt,Niacin,Köttprodukter kötträtter,3.28,mg
1062,Biff stroganoff nöt,"Salt, NaCl",Köttprodukter kötträtter,0.9,g
1062,Biff stroganoff nöt,"Natrium, Na",Köttprodukter kötträtter,360.0,mg
1062,Biff stroganoff nöt,Monosackarider,Köttprodukter kötträtter,0.9,g
1062,Biff stroganoff nöt,"Sockerarter, totalt",Köttprodukter kötträtter,1.5,g
1062,Biff stroganoff nöt,Summa enkelomättade fettsyror,Köttprodukter kötträtter,3.5,g
1062,Biff stroganoff nöt,"Magnesium, Mg",Köttprodukter kötträtter,18.0,mg
1062,Biff stroganoff nöt,Summa mättade fettsyror,Köttprodukter kötträtter,4.7,g
1062,Biff stroganoff nöt,"Kolhydrater, tillgängliga",Köttprodukter kötträtter,1.9,g
1062,Biff stroganoff nöt,Kolesterol,Köttprodukter kötträtter,39.4,mg
1062,Biff stroganoff nöt,"Kalium, K",Köttprodukter kötträtter,217.0,mg
1062,Biff stroganoff nöt,"Jod, I",Köttprodukter kötträtter,44.1,µg
1062,Biff stroganoff nöt,Fullkorn totalt,Köttprodukter kötträtter,0.0,g
1062,Biff stroganoff nöt,"Folat, totalt",Köttprodukter kötträtter,7.5,µg
1062,Biff stroganoff nöt,Fibrer,Köttprodukter kötträtter,0.5,g
1062,Biff stroganoff nöt,"Fett, totalt",Köttprodukter kötträtter,9.9,g
1062,Biff stroganoff nöt,"Järn, Fe",Köttprodukter kötträtter,1.5,mg
1062,Biff stroganoff nöt,Energi (kJ),Köttprodukter kötträtter,626.0,kJ
1062,Biff stroganoff nöt,Energi (kcal),Köttprodukter kötträtter,150.0,kcal
1062,Biff stroganoff nöt,Disackarider,Köttprodukter kötträtter,0.6,g
1062,Biff stroganoff nöt,"Kalcium, Ca",Köttprodukter kötträtter,19.0,mg
1062,Biff stroganoff nöt,Fettsyra 4:0-10:0,Köttprodukter kötträtter,0.3,g
1062,Biff stroganoff nöt,DHA (C22:6),Köttprodukter kötträtter,0.0,g
1062,Biff stroganoff nöt,DPA (C22:5),Köttprodukter kötträtter,0.0,g
1062,Biff stroganoff nöt,EPA (C20:5),Köttprodukter kötträtter,0.0,g
1062,Biff stroganoff nöt,Arakidonsyra C20:4,Köttprodukter kötträtter,0.0,g
1062,Biff stroganoff nöt,Arakidinsyra C20:0,Köttprodukter kötträtter,0.0,g
1062,Biff stroganoff nöt,Linolensyra C18:3,Köttprodukter kötträtter,0.2,g
1062,Biff stroganoff nöt,Linolsyra C18:2,Köttprodukter kötträtter,0.8,g
1062,Biff stroganoff nöt,Oljesyra C18:1,Köttprodukter kötträtter,3.2,g
1062,Biff stroganoff nöt,Stearinsyra C18:0,Köttprodukter kötträtter,1.0,g
1062,Biff stroganoff nöt,Palmitoljesyra C16:1,Köttprodukter kötträtter,0.1,g
1062,Biff stroganoff nöt,Palmitinsyra C16:0,Köttprodukter kötträtter,2.4,g
1062,Biff stroganoff nöt,Myristinsyra C14:0,Köttprodukter kötträtter,0.6,g
1062,Biff stroganoff nöt,Laurinsyra C12:0,Köttprodukter kötträtter,0.2,g
1062,Biff stroganoff nöt,Betakaroten/β-Karoten,Köttprodukter kötträtter,90.0,µg
1062,Biff stroganoff nöt,Avfall (skal etc.),Köttprodukter kötträtter,3.0,%
1062,Biff stroganoff nöt,Aska,Köttprodukter kötträtter,1.7,g
1062,Biff stroganoff nöt,Alkohol,Köttprodukter kötträtter,0.05,g
1063,Rimmat sidfläsk el. stekfläsk stekt m. löksås,"Zink, Zn",Köttprodukter kötträtter,1.8,mg
1063,Rimmat sidfläsk el. stekfläsk stekt m. löksås,Vitamin E,Köttprodukter kötträtter,1.1,mg
1063,Rimmat sidfläsk el. stekfläsk stekt m. löksås,Vitamin D,Köttprodukter kötträtter,0.32,µg
1063,Rimmat sidfläsk el. stekfläsk stekt m. löksås,Vitamin C,Köttprodukter kötträtter,1.1,mg
1063,Rimmat sidfläsk el. stekfläsk stekt m. löksås,Vitamin B6,Köttprodukter kötträtter,0.11,mg
1063,Rimmat sidfläsk el. stekfläsk stekt m. löksås,Vitamin B12,Köttprodukter kötträtter,0.21,µg
1063,Rimmat sidfläsk el. stekfläsk stekt m. löksås,Vitamin A,Köttprodukter kötträtter,29.5,RE/µg
1063,Rimmat sidfläsk el. stekfläsk stekt m. löksås,Vatten,Köttprodukter kötträtter,66.7,g
1063,Rimmat sidfläsk el. stekfläsk stekt m. löksås,Tiamin,Köttprodukter kötträtter,0.14,mg
1063,Rimmat sidfläsk el. stekfläsk stekt m. löksås,Tillsatt socker,Köttprodukter kötträtter,4.0,g
1063,Rimmat sidfläsk el. stekfläsk stekt m. löksås,Fritt socker,Köttprodukter kötträtter,4.0,g
1063,Rimmat sidfläsk el. stekfläsk stekt m. löksås,"Selen, Se",Köttprodukter kötträtter,3.6,µg
1063,Rimmat sidfläsk el. stekfläsk stekt m. löksås,Sackaros,Köttprodukter kötträtter,2.1,g
1063,Rimmat sidfläsk el. stekfläsk stekt m. löksås,Riboflavin,Köttprodukter kötträtter,0.06,mg
1063,Rimmat sidfläsk el. stekfläsk stekt m. löksås,Retinol,Köttprodukter kötträtter,23.6,µg
1063,Rimmat sidfläsk el. stekfläsk stekt m. löksås,Protein,Köttprodukter kötträtter,6.5,g
1063,Rimmat sidfläsk el. stekfläsk stekt m. löksås,Summa fleromättade fettsyror,Köttprodukter kötträtter,2.2,g
1063,Rimmat sidfläsk el. stekfläsk stekt m. löksås,"Fosfor, P",Köttprodukter kötträtter,122.0,mg
1063,Rimmat sidfläsk el. stekfläsk stekt m. löksås,Niacinekvivalenter,Köttprodukter kötträtter,2.46,NE/mg
1063,Rimmat sidfläsk el. stekfläsk stekt m. löksås,Niacin,Köttprodukter kötträtter,1.28,mg
1063,Rimmat sidfläsk el. stekfläsk stekt m. löksås,"Salt, NaCl",Köttprodukter kötträtter,2.7,g
1063,Rimmat sidfläsk el. stekfläsk stekt m. löksås,"Natrium, Na",Köttprodukter kötträtter,1096.0,mg
1063,Rimmat sidfläsk el. stekfläsk stekt m. löksås,Monosackarider,Köttprodukter kötträtter,2.9,g
1063,Rimmat sidfläsk el. stekfläsk stekt m. löksås,"Sockerarter, totalt",Köttprodukter kötträtter,5.3,g
1063,Rimmat sidfläsk el. stekfläsk stekt m. löksås,Summa enkelomättade fettsyror,Köttprodukter kötträtter,6.8,g
1063,Rimmat sidfläsk el. stekfläsk stekt m. löksås,"Magnesium, Mg",Köttprodukter kötträtter,14.0,mg
1063,Rimmat sidfläsk el. stekfläsk stekt m. löksås,Summa mättade fettsyror,Köttprodukter kötträtter,6.3,g
1063,Rimmat sidfläsk el. stekfläsk stekt m. löksås,"Kolhydrater, tillgängliga",Köttprodukter kötträtter,7.0,g
1063,Rimmat sidfläsk el. stekfläsk stekt m. löksås,Kolesterol,Köttprodukter kötträtter,28.4,mg
1063,Rimmat sidfläsk el. stekfläsk stekt m. löksås,"Kalium, K",Köttprodukter kötträtter,138.0,mg
1063,Rimmat sidfläsk el. stekfläsk stekt m. löksås,"Jod, I",Köttprodukter kötträtter,31.8,µg
1063,Rimmat sidfläsk el. stekfläsk stekt m. löksås,Fullkorn totalt,Köttprodukter kötträtter,0.0,g
1063,Rimmat sidfläsk el. stekfläsk stekt m. löksås,"Folat, totalt",Köttprodukter kötträtter,5.8,µg
1063,Rimmat sidfläsk el. stekfläsk stekt m. löksås,Fibrer,Köttprodukter kötträtter,0.4,g
1063,Rimmat sidfläsk el. stekfläsk stekt m. löksås,"Fett, totalt",Köttprodukter kötträtter,16.2,g
1063,Rimmat sidfläsk el. stekfläsk stekt m. löksås,"Järn, Fe",Köttprodukter kötträtter,0.3,mg
1063,Rimmat sidfläsk el. stekfläsk stekt m. löksås,Energi (kJ),Köttprodukter kötträtter,832.0,kJ
1063,Rimmat sidfläsk el. stekfläsk stekt m. löksås,Energi (kcal),Köttprodukter kötträtter,199.0,kcal
1063,Rimmat sidfläsk el. stekfläsk stekt m. löksås,Disackarider,Köttprodukter kötträtter,2.4,g
1063,Rimmat sidfläsk el. stekfläsk stekt m. löksås,"Kalcium, Ca",Köttprodukter kötträtter,18.0,mg
1063,Rimmat sidfläsk el. stekfläsk stekt m. löksås,Fettsyra 4:0-10:0,Köttprodukter kötträtter,0.1,g
1063,Rimmat sidfläsk el. stekfläsk stekt m. löksås,DHA (C22:6),Köttprodukter kötträtter,0.0,g
1063,Rimmat sidfläsk el. stekfläsk stekt m. löksås,DPA (C22:5),Köttprodukter kötträtter,0.0,g
1063,Rimmat sidfläsk el. stekfläsk stekt m. löksås,EPA (C20:5),Köttprodukter kötträtter,0.0,g
1063,Rimmat sidfläsk el. stekfläsk stekt m. löksås,Arakidonsyra C20:4,Köttprodukter kötträtter,0.0,g
1063,Rimmat sidfläsk el. stekfläsk stekt m. löksås,Arakidinsyra C20:0,Köttprodukter kötträtter,0.1,g
1063,Rimmat sidfläsk el. stekfläsk stekt m. löksås,Linolensyra C18:3,Köttprodukter kötträtter,0.3,g
1063,Rimmat sidfläsk el. stekfläsk stekt m. löksås,Linolsyra C18:2,Köttprodukter kötträtter,1.7,g
1063,Rimmat sidfläsk el. stekfläsk stekt m. löksås,Oljesyra C18:1,Köttprodukter kötträtter,6.2,g
1063,Rimmat sidfläsk el. stekfläsk stekt m. löksås,Stearinsyra C18:0,Köttprodukter kötträtter,2.0,g
1063,Rimmat sidfläsk el. stekfläsk stekt m. löksås,Palmitoljesyra C16:1,Köttprodukter kötträtter,0.4,g
1063,Rimmat sidfläsk el. stekfläsk stekt m. löksås,Palmitinsyra C16:0,Köttprodukter kötträtter,3.6,g
1063,Rimmat sidfläsk el. stekfläsk stekt m. löksås,Myristinsyra C14:0,Köttprodukter kötträtter,0.4,g
1063,Rimmat sidfläsk el. stekfläsk stekt m. löksås,Laurinsyra C12:0,Köttprodukter kötträtter,0.1,g
1063,Rimmat sidfläsk el. stekfläsk stekt m. löksås,Betakaroten/β-Karoten,Köttprodukter kötträtter,16.0,µg
1063,Rimmat sidfläsk el. stekfläsk stekt m. löksås,Avfall (skal etc.),Köttprodukter kötträtter,1.0,%
1063,Rimmat sidfläsk el. stekfläsk stekt m. löksås,Aska,Köttprodukter kötträtter,3.1,g
1063,Rimmat sidfläsk el. stekfläsk stekt m. löksås,Alkohol,Köttprodukter kötträtter,0.04,g
1064,Rimmat sidfläsk panerat stekt,"Zink, Zn",Köttprodukter kötträtter,3.9,mg
1064,Rimmat sidfläsk panerat stekt,Vitamin E,Köttprodukter kötträtter,2.9,mg
1064,Rimmat sidfläsk panerat stekt,Vitamin D,Köttprodukter kötträtter,0.79,µg
1064,Rimmat sidfläsk panerat stekt,Vitamin C,Köttprodukter kötträtter,0.1,mg
1064,Rimmat sidfläsk panerat stekt,Vitamin B6,Köttprodukter kötträtter,0.16,mg
1064,Rimmat sidfläsk panerat stekt,Vitamin B12,Köttprodukter kötträtter,0.44,µg
1064,Rimmat sidfläsk panerat stekt,Vitamin A,Köttprodukter kötträtter,52.5,RE/µg
1064,Rimmat sidfläsk panerat stekt,Vatten,Köttprodukter kötträtter,40.1,g
1064,Rimmat sidfläsk panerat stekt,Tiamin,Köttprodukter kötträtter,0.3,mg
1064,Rimmat sidfläsk panerat stekt,Tillsatt socker,Köttprodukter kötträtter,0.0,g
1064,Rimmat sidfläsk panerat stekt,Fritt socker,Köttprodukter kötträtter,0.0,g
1064,Rimmat sidfläsk panerat stekt,"Selen, Se",Köttprodukter kötträtter,9.7,µg
1064,Rimmat sidfläsk panerat stekt,Sackaros,Köttprodukter kötträtter,0.0,g
1064,Rimmat sidfläsk panerat stekt,Riboflavin,Köttprodukter kötträtter,0.14,mg
1064,Rimmat sidfläsk panerat stekt,Retinol,Köttprodukter kötträtter,41.2,µg
1064,Rimmat sidfläsk panerat stekt,Protein,Köttprodukter kötträtter,14.1,g
1064,Rimmat sidfläsk panerat stekt,Summa fleromättade fettsyror,Köttprodukter kötträtter,4.9,g
1064,Rimmat sidfläsk panerat stekt,"Fosfor, P",Köttprodukter kötträtter,245.0,mg
1064,Rimmat sidfläsk panerat stekt,Niacinekvivalenter,Köttprodukter kötträtter,5.17,NE/mg
1064,Rimmat sidfläsk panerat stekt,Niacin,Köttprodukter kötträtter,2.51,mg
1064,Rimmat sidfläsk panerat stekt,"Salt, NaCl",Köttprodukter kötträtter,4.5,g
1064,Rimmat sidfläsk panerat stekt,"Natrium, Na",Köttprodukter kötträtter,1806.0,mg
1064,Rimmat sidfläsk panerat stekt,Monosackarider,Köttprodukter kötträtter,0.2,g
1064,Rimmat sidfläsk panerat stekt,"Sockerarter, totalt",Köttprodukter kötträtter,0.5,g
1064,Rimmat sidfläsk panerat stekt,Summa enkelomättade fettsyror,Köttprodukter kötträtter,14.3,g
1064,Rimmat sidfläsk panerat stekt,"Magnesium, Mg",Köttprodukter kötträtter,23.0,mg
1064,Rimmat sidfläsk panerat stekt,Summa mättade fettsyror,Köttprodukter kötträtter,11.1,g
1064,Rimmat sidfläsk panerat stekt,"Kolhydrater, tillgängliga",Köttprodukter kötträtter,7.8,g
1064,Rimmat sidfläsk panerat stekt,Kolesterol,Köttprodukter kötträtter,80.2,mg
1064,Rimmat sidfläsk panerat stekt,"Kalium, K",Köttprodukter kötträtter,177.0,mg
1064,Rimmat sidfläsk panerat stekt,"Jod, I",Köttprodukter kötträtter,69.2,µg
1064,Rimmat sidfläsk panerat stekt,Fullkorn totalt,Köttprodukter kötträtter,1.0,g
1064,Rimmat sidfläsk panerat stekt,"Folat, totalt",Köttprodukter kötträtter,13.0,µg
1064,Rimmat sidfläsk panerat stekt,Fibrer,Köttprodukter kötträtter,0.9,g
1064,Rimmat sidfläsk panerat stekt,"Fett, totalt",Köttprodukter kötträtter,32.0,g
1064,Rimmat sidfläsk panerat stekt,"Järn, Fe",Köttprodukter kötträtter,0.8,mg
1064,Rimmat sidfläsk panerat stekt,Energi (kJ),Köttprodukter kötträtter,1563.0,kJ
1064,Rimmat sidfläsk panerat stekt,Energi (kcal),Köttprodukter kötträtter,373.0,kcal
1064,Rimmat sidfläsk panerat stekt,Disackarider,Köttprodukter kötträtter,0.2,g
1064,Rimmat sidfläsk panerat stekt,"Kalcium, Ca",Köttprodukter kötträtter,18.0,mg
1064,Rimmat sidfläsk panerat stekt,Fettsyra 4:0-10:0,Köttprodukter kötträtter,0.0,g
1064,Rimmat sidfläsk panerat stekt,DHA (C22:6),Köttprodukter kötträtter,0.1,g
1064,Rimmat sidfläsk panerat stekt,DPA (C22:5),Köttprodukter kötträtter,0.1,g
1064,Rimmat sidfläsk panerat stekt,EPA (C20:5),Köttprodukter kötträtter,0.0,g
1064,Rimmat sidfläsk panerat stekt,Arakidonsyra C20:4,Köttprodukter kötträtter,0.1,g
1064,Rimmat sidfläsk panerat stekt,Arakidinsyra C20:0,Köttprodukter kötträtter,0.1,g
1064,Rimmat sidfläsk panerat stekt,Linolensyra C18:3,Köttprodukter kötträtter,0.6,g
1064,Rimmat sidfläsk panerat stekt,Linolsyra C18:2,Köttprodukter kötträtter,3.8,g
1064,Rimmat sidfläsk panerat stekt,Oljesyra C18:1,Köttprodukter kötträtter,13.1,g
1064,Rimmat sidfläsk panerat stekt,Stearinsyra C18:0,Köttprodukter kötträtter,3.8,g
1064,Rimmat sidfläsk panerat stekt,Palmitoljesyra C16:1,Köttprodukter kötträtter,0.8,g
1064,Rimmat sidfläsk panerat stekt,Palmitinsyra C16:0,Köttprodukter kötträtter,6.7,g
1064,Rimmat sidfläsk panerat stekt,Myristinsyra C14:0,Köttprodukter kötträtter,0.4,g
1064,Rimmat sidfläsk panerat stekt,Laurinsyra C12:0,Köttprodukter kötträtter,0.0,g
1064,Rimmat sidfläsk panerat stekt,Betakaroten/β-Karoten,Köttprodukter kötträtter,9.0,µg
1064,Rimmat sidfläsk panerat stekt,Avfall (skal etc.),Köttprodukter kötträtter,1.0,%
1064,Rimmat sidfläsk panerat stekt,Aska,Köttprodukter kötträtter,5.1,g
1064,Rimmat sidfläsk panerat stekt,Alkohol,Köttprodukter kötträtter,0.0,g
1065,Fläskkotlett panerad stekt,"Zink, Zn",Köttprodukter kötträtter,2.8,mg
1065,Fläskkotlett panerad stekt,Vitamin E,Köttprodukter kötträtter,2.5,mg
1065,Fläskkotlett panerad stekt,Vitamin D,Köttprodukter kötträtter,0.75,µg
1065,Fläskkotlett panerad stekt,Vitamin C,Köttprodukter kötträtter,0.1,mg
1065,Fläskkotlett panerad stekt,Vitamin B6,Köttprodukter kötträtter,0.25,mg
1065,Fläskkotlett panerad stekt,Vitamin B12,Köttprodukter kötträtter,0.56,µg
1065,Fläskkotlett panerad stekt,Vitamin A,Köttprodukter kötträtter,45.5,RE/µg
1065,Fläskkotlett panerad stekt,Vatten,Köttprodukter kötträtter,52.9,g
1065,Fläskkotlett panerad stekt,Tiamin,Köttprodukter kötträtter,0.59,mg
1065,Fläskkotlett panerad stekt,Tillsatt socker,Köttprodukter kötträtter,0.0,g
1065,Fläskkotlett panerad stekt,Fritt socker,Köttprodukter kötträtter,0.0,g
1065,Fläskkotlett panerad stekt,"Selen, Se",Köttprodukter kötträtter,11.1,µg
1065,Fläskkotlett panerad stekt,Sackaros,Köttprodukter kötträtter,0.0,g
1065,Fläskkotlett panerad stekt,Riboflavin,Köttprodukter kötträtter,0.29,mg
1065,Fläskkotlett panerad stekt,Retinol,Köttprodukter kötträtter,35.7,µg
1065,Fläskkotlett panerad stekt,Protein,Köttprodukter kötträtter,19.2,g
1065,Fläskkotlett panerad stekt,Summa fleromättade fettsyror,Köttprodukter kötträtter,3.2,g
1065,Fläskkotlett panerad stekt,"Fosfor, P",Köttprodukter kötträtter,198.0,mg
1065,Fläskkotlett panerad stekt,Niacinekvivalenter,Köttprodukter kötträtter,8.66,NE/mg
1065,Fläskkotlett panerad stekt,Niacin,Köttprodukter kötträtter,5.09,mg
1065,Fläskkotlett panerad stekt,"Salt, NaCl",Köttprodukter kötträtter,1.4,g
1065,Fläskkotlett panerad stekt,"Natrium, Na",Köttprodukter kötträtter,556.0,mg
1065,Fläskkotlett panerad stekt,Monosackarider,Köttprodukter kötträtter,0.2,g
1065,Fläskkotlett panerad stekt,"Sockerarter, totalt",Köttprodukter kötträtter,0.4,g
1065,Fläskkotlett panerad stekt,Summa enkelomättade fettsyror,Köttprodukter kötträtter,8.5,g
1065,Fläskkotlett panerad stekt,"Magnesium, Mg",Köttprodukter kötträtter,30.0,mg
1065,Fläskkotlett panerad stekt,Summa mättade fettsyror,Köttprodukter kötträtter,5.5,g
1065,Fläskkotlett panerad stekt,"Kolhydrater, tillgängliga",Köttprodukter kötträtter,6.7,g
1065,Fläskkotlett panerad stekt,Kolesterol,Köttprodukter kötträtter,78.8,mg
1065,Fläskkotlett panerad stekt,"Kalium, K",Köttprodukter kötträtter,237.0,mg
1065,Fläskkotlett panerad stekt,"Jod, I",Köttprodukter kötträtter,59.9,µg
1065,Fläskkotlett panerad stekt,Fullkorn totalt,Köttprodukter kötträtter,1.0,g
1065,Fläskkotlett panerad stekt,"Folat, totalt",Köttprodukter kötträtter,15.4,µg
1065,Fläskkotlett panerad stekt,Fibrer,Köttprodukter kötträtter,0.7,g
1065,Fläskkotlett panerad stekt,"Fett, totalt",Köttprodukter kötträtter,18.1,g
1065,Fläskkotlett panerad stekt,"Järn, Fe",Köttprodukter kötträtter,1.6,mg
1065,Fläskkotlett panerad stekt,Energi (kJ),Köttprodukter kötträtter,1117.0,kJ
1065,Fläskkotlett panerad stekt,Energi (kcal),Köttprodukter kötträtter,267.0,kcal
1065,Fläskkotlett panerad stekt,Disackarider,Köttprodukter kötträtter,0.2,g
1065,Fläskkotlett panerad stekt,"Kalcium, Ca",Köttprodukter kötträtter,16.0,mg
1065,Fläskkotlett panerad stekt,Fettsyra 4:0-10:0,Köttprodukter kötträtter,0.0,g
1065,Fläskkotlett panerad stekt,DHA (C22:6),Köttprodukter kötträtter,0.1,g
1065,Fläskkotlett panerad stekt,DPA (C22:5),Köttprodukter kötträtter,0.0,g
1065,Fläskkotlett panerad stekt,EPA (C20:5),Köttprodukter kötträtter,0.0,g
1065,Fläskkotlett panerad stekt,Arakidonsyra C20:4,Köttprodukter kötträtter,0.0,g
1065,Fläskkotlett panerad stekt,Arakidinsyra C20:0,Köttprodukter kötträtter,0.1,g
1065,Fläskkotlett panerad stekt,Linolensyra C18:3,Köttprodukter kötträtter,0.5,g
1065,Fläskkotlett panerad stekt,Linolsyra C18:2,Köttprodukter kötträtter,2.5,g
1065,Fläskkotlett panerad stekt,Oljesyra C18:1,Köttprodukter kötträtter,7.8,g
1065,Fläskkotlett panerad stekt,Stearinsyra C18:0,Köttprodukter kötträtter,1.8,g
1065,Fläskkotlett panerad stekt,Palmitoljesyra C16:1,Köttprodukter kötträtter,0.4,g
1065,Fläskkotlett panerad stekt,Palmitinsyra C16:0,Köttprodukter kötträtter,3.3,g
1065,Fläskkotlett panerad stekt,Myristinsyra C14:0,Köttprodukter kötträtter,0.2,g
1065,Fläskkotlett panerad stekt,Laurinsyra C12:0,Köttprodukter kötträtter,0.0,g
1065,Fläskkotlett panerad stekt,Betakaroten/β-Karoten,Köttprodukter kötträtter,8.0,µg
1065,Fläskkotlett panerad stekt,Avfall (skal etc.),Köttprodukter kötträtter,20.0,%
1065,Fläskkotlett panerad stekt,Aska,Köttprodukter kötträtter,2.3,g
1065,Fläskkotlett panerad stekt,Alkohol,Köttprodukter kötträtter,0.0,g
1066,Schnitzel gris stekt,"Zink, Zn",Köttprodukter kötträtter,1.9,mg
1066,Schnitzel gris stekt,Vitamin E,Köttprodukter kötträtter,2.5,mg
1066,Schnitzel gris stekt,Vitamin D,Köttprodukter kötträtter,0.73,µg
1066,Schnitzel gris stekt,Vitamin C,Köttprodukter kötträtter,0.1,mg
1066,Schnitzel gris stekt,Vitamin B6,Köttprodukter kötträtter,0.25,mg
1066,Schnitzel gris stekt,Vitamin B12,Köttprodukter kötträtter,0.56,µg
1066,Schnitzel gris stekt,Vitamin A,Köttprodukter kötträtter,44.0,RE/µg
1066,Schnitzel gris stekt,Vatten,Köttprodukter kötträtter,56.7,g
1066,Schnitzel gris stekt,Tiamin,Köttprodukter kötträtter,0.54,mg
1066,Schnitzel gris stekt,Tillsatt socker,Köttprodukter kötträtter,1.0,g
1066,Schnitzel gris stekt,Fritt socker,Köttprodukter kötträtter,1.0,g
1066,Schnitzel gris stekt,"Selen, Se",Köttprodukter kötträtter,12.0,µg
1066,Schnitzel gris stekt,Sackaros,Köttprodukter kötträtter,0.0,g
1066,Schnitzel gris stekt,Riboflavin,Köttprodukter kötträtter,0.22,mg
1066,Schnitzel gris stekt,Retinol,Köttprodukter kötträtter,34.5,µg
1066,Schnitzel gris stekt,Protein,Köttprodukter kötträtter,19.6,g
1066,Schnitzel gris stekt,Summa fleromättade fettsyror,Köttprodukter kötträtter,2.3,g
1066,Schnitzel gris stekt,"Fosfor, P",Köttprodukter kötträtter,189.0,mg
1066,Schnitzel gris stekt,Niacinekvivalenter,Köttprodukter kötträtter,11.24,NE/mg
1066,Schnitzel gris stekt,Niacin,Köttprodukter kötträtter,7.61,mg
1066,Schnitzel gris stekt,"Salt, NaCl",Köttprodukter kötträtter,1.4,g
1066,Schnitzel gris stekt,"Natrium, Na",Köttprodukter kötträtter,562.0,mg
1066,Schnitzel gris stekt,Monosackarider,Köttprodukter kötträtter,0.3,g
1066,Schnitzel gris stekt,"Sockerarter, totalt",Köttprodukter kötträtter,0.6,g
1066,Schnitzel gris stekt,Summa enkelomättade fettsyror,Köttprodukter kötträtter,5.3,g
1066,Schnitzel gris stekt,"Magnesium, Mg",Köttprodukter kötträtter,32.0,mg
1066,Schnitzel gris stekt,Summa mättade fettsyror,Köttprodukter kötträtter,1.9,g
1066,Schnitzel gris stekt,"Kolhydrater, tillgängliga",Köttprodukter kötträtter,9.7,g
1066,Schnitzel gris stekt,Kolesterol,Köttprodukter kötträtter,71.6,mg
1066,Schnitzel gris stekt,"Kalium, K",Köttprodukter kötträtter,272.0,mg
1066,Schnitzel gris stekt,"Jod, I",Köttprodukter kötträtter,58.0,µg
1066,Schnitzel gris stekt,Fullkorn totalt,Köttprodukter kötträtter,2.0,g
1066,Schnitzel gris stekt,"Folat, totalt",Köttprodukter kötträtter,15.2,µg
1066,Schnitzel gris stekt,Fibrer,Köttprodukter kötträtter,1.2,g
1066,Schnitzel gris stekt,"Fett, totalt",Köttprodukter kötträtter,10.2,g
1066,Schnitzel gris stekt,"Järn, Fe",Köttprodukter kötträtter,1.6,mg
1066,Schnitzel gris stekt,Energi (kJ),Köttprodukter kötträtter,886.0,kJ
1066,Schnitzel gris stekt,Energi (kcal),Köttprodukter kötträtter,212.0,kcal
1066,Schnitzel gris stekt,Disackarider,Köttprodukter kötträtter,0.3,g
1066,Schnitzel gris stekt,"Kalcium, Ca",Köttprodukter kötträtter,19.0,mg
1066,Schnitzel gris stekt,Fettsyra 4:0-10:0,Köttprodukter kötträtter,0.0,g
1066,Schnitzel gris stekt,DHA (C22:6),Köttprodukter kötträtter,0.0,g
1066,Schnitzel gris stekt,DPA (C22:5),Köttprodukter kötträtter,0.0,g
1066,Schnitzel gris stekt,EPA (C20:5),Köttprodukter kötträtter,0.0,g
1066,Schnitzel gris stekt,Arakidonsyra C20:4,Köttprodukter kötträtter,0.0,g
1066,Schnitzel gris stekt,Arakidinsyra C20:0,Köttprodukter kötträtter,0.0,g
1066,Schnitzel gris stekt,Linolensyra C18:3,Köttprodukter kötträtter,0.4,g
1066,Schnitzel gris stekt,Linolsyra C18:2,Köttprodukter kötträtter,1.8,g
1066,Schnitzel gris stekt,Oljesyra C18:1,Köttprodukter kötträtter,5.1,g
1066,Schnitzel gris stekt,Stearinsyra C18:0,Köttprodukter kötträtter,0.6,g
1066,Schnitzel gris stekt,Palmitoljesyra C16:1,Köttprodukter kötträtter,0.1,g
1066,Schnitzel gris stekt,Palmitinsyra C16:0,Köttprodukter kötträtter,1.2,g
1066,Schnitzel gris stekt,Myristinsyra C14:0,Köttprodukter kötträtter,0.1,g
1066,Schnitzel gris stekt,Laurinsyra C12:0,Köttprodukter kötträtter,0.0,g
1066,Schnitzel gris stekt,Betakaroten/β-Karoten,Köttprodukter kötträtter,7.0,µg
1066,Schnitzel gris stekt,Avfall (skal etc.),Köttprodukter kötträtter,1.0,%
1066,Schnitzel gris stekt,Aska,Köttprodukter kötträtter,2.5,g
1066,Schnitzel gris stekt,Alkohol,Köttprodukter kötträtter,0.0,g
1068,Gryta gulasch nöt,"Zink, Zn",Köttprodukter kötträtter,2.7,mg
1068,Gryta gulasch nöt,Vitamin E,Köttprodukter kötträtter,1.1,mg
1068,Gryta gulasch nöt,Vitamin D,Köttprodukter kötträtter,0.03,µg
1068,Gryta gulasch nöt,Vitamin C,Köttprodukter kötträtter,18.2,mg
1068,Gryta gulasch nöt,Vitamin B6,Köttprodukter kötträtter,0.13,mg
1068,Gryta gulasch nöt,Vitamin B12,Köttprodukter kötträtter,0.29,µg
1068,Gryta gulasch nöt,Vitamin A,Köttprodukter kötträtter,19.4,RE/µg
1068,Gryta gulasch nöt,Vatten,Köttprodukter kötträtter,83.0,g
1068,Gryta gulasch nöt,Tiamin,Köttprodukter kötträtter,0.05,mg
1068,Gryta gulasch nöt,Tillsatt socker,Köttprodukter kötträtter,0.0,g
1068,Gryta gulasch nöt,Fritt socker,Köttprodukter kötträtter,0.0,g
1068,Gryta gulasch nöt,"Selen, Se",Köttprodukter kötträtter,2.3,µg
1068,Gryta gulasch nöt,Sackaros,Köttprodukter kötträtter,0.3,g
1068,Gryta gulasch nöt,Riboflavin,Köttprodukter kötträtter,0.06,mg
1068,Gryta gulasch nöt,Retinol,Köttprodukter kötträtter,3.0,µg
1068,Gryta gulasch nöt,Protein,Köttprodukter kötträtter,8.3,g
1068,Gryta gulasch nöt,Summa fleromättade fettsyror,Köttprodukter kötträtter,0.2,g
1068,Gryta gulasch nöt,"Fosfor, P",Köttprodukter kötträtter,77.0,mg
1068,Gryta gulasch nöt,Niacinekvivalenter,Köttprodukter kötträtter,3.69,NE/mg
1068,Gryta gulasch nöt,Niacin,Köttprodukter kötträtter,2.16,mg
1068,Gryta gulasch nöt,"Salt, NaCl",Köttprodukter kötträtter,0.7,g
1068,Gryta gulasch nöt,"Natrium, Na",Köttprodukter kötträtter,297.0,mg
1068,Gryta gulasch nöt,Monosackarider,Köttprodukter kötträtter,2.6,g
1068,Gryta gulasch nöt,"Sockerarter, totalt",Köttprodukter kötträtter,3.0,g
1068,Gryta gulasch nöt,Summa enkelomättade fettsyror,Köttprodukter kötträtter,1.2,g
1068,Gryta gulasch nöt,"Magnesium, Mg",Köttprodukter kötträtter,15.0,mg
1068,Gryta gulasch nöt,Summa mättade fettsyror,Köttprodukter kötträtter,1.2,g
1068,Gryta gulasch nöt,"Kolhydrater, tillgängliga",Köttprodukter kötträtter,3.6,g
1068,Gryta gulasch nöt,Kolesterol,Köttprodukter kötträtter,22.0,mg
1068,Gryta gulasch nöt,"Kalium, K",Köttprodukter kötträtter,163.0,mg
1068,Gryta gulasch nöt,"Jod, I",Köttprodukter kötträtter,20.3,µg
1068,Gryta gulasch nöt,Fullkorn totalt,Köttprodukter kötträtter,0.0,g
1068,Gryta gulasch nöt,"Folat, totalt",Köttprodukter kötträtter,10.8,µg
1068,Gryta gulasch nöt,Fibrer,Köttprodukter kötträtter,0.9,g
1068,Gryta gulasch nöt,"Fett, totalt",Köttprodukter kötträtter,2.8,g
1068,Gryta gulasch nöt,"Järn, Fe",Köttprodukter kötträtter,1.2,mg
1068,Gryta gulasch nöt,Energi (kJ),Köttprodukter kötträtter,313.0,kJ
1068,Gryta gulasch nöt,Energi (kcal),Köttprodukter kötträtter,75.0,kcal
1068,Gryta gulasch nöt,Disackarider,Köttprodukter kötträtter,0.3,g
1068,Gryta gulasch nöt,"Kalcium, Ca",Köttprodukter kötträtter,14.0,mg
1068,Gryta gulasch nöt,Fettsyra 4:0-10:0,Köttprodukter kötträtter,0.0,g
1068,Gryta gulasch nöt,DHA (C22:6),Köttprodukter kötträtter,0.0,g
1068,Gryta gulasch nöt,DPA (C22:5),Köttprodukter kötträtter,0.0,g
1068,Gryta gulasch nöt,EPA (C20:5),Köttprodukter kötträtter,0.0,g
1068,Gryta gulasch nöt,Arakidonsyra C20:4,Köttprodukter kötträtter,0.0,g
1068,Gryta gulasch nöt,Arakidinsyra C20:0,Köttprodukter kötträtter,0.0,g
1068,Gryta gulasch nöt,Linolensyra C18:3,Köttprodukter kötträtter,0.0,g
1068,Gryta gulasch nöt,Linolsyra C18:2,Köttprodukter kötträtter,0.1,g
1068,Gryta gulasch nöt,Oljesyra C18:1,Köttprodukter kötträtter,1.0,g
1068,Gryta gulasch nöt,Stearinsyra C18:0,Köttprodukter kötträtter,0.4,g
1068,Gryta gulasch nöt,Palmitoljesyra C16:1,Köttprodukter kötträtter,0.1,g
1068,Gryta gulasch nöt,Palmitinsyra C16:0,Köttprodukter kötträtter,0.6,g
1068,Gryta gulasch nöt,Myristinsyra C14:0,Köttprodukter kötträtter,0.1,g
1068,Gryta gulasch nöt,Laurinsyra C12:0,Köttprodukter kötträtter,0.0,g
1068,Gryta gulasch nöt,Betakaroten/β-Karoten,Köttprodukter kötträtter,174.0,µg
1068,Gryta gulasch nöt,Avfall (skal etc.),Köttprodukter kötträtter,3.0,%
1068,Gryta gulasch nöt,Aska,Köttprodukter kötträtter,1.5,g
1068,Gryta gulasch nöt,Alkohol,Köttprodukter kötträtter,0.0,g
1072,Gryta osso buco kalvläggsgryta ,"Zink, Zn",Köttprodukter kötträtter,1.3,mg
1072,Gryta osso buco kalvläggsgryta ,Vitamin E,Köttprodukter kötträtter,1.0,mg
1072,Gryta osso buco kalvläggsgryta ,Vitamin D,Köttprodukter kötträtter,0.09,µg
1072,Gryta osso buco kalvläggsgryta ,Vitamin C,Köttprodukter kötträtter,3.0,mg
1072,Gryta osso buco kalvläggsgryta ,Vitamin B6,Köttprodukter kötträtter,0.13,mg
1072,Gryta osso buco kalvläggsgryta ,Vitamin B12,Köttprodukter kötträtter,0.25,µg
1072,Gryta osso buco kalvläggsgryta ,Vitamin A,Köttprodukter kötträtter,125.2,RE/µg
1072,Gryta osso buco kalvläggsgryta ,Vatten,Köttprodukter kötträtter,80.9,g
1072,Gryta osso buco kalvläggsgryta ,Tiamin,Köttprodukter kötträtter,0.04,mg
1072,Gryta osso buco kalvläggsgryta ,Tillsatt socker,Köttprodukter kötträtter,0.0,g
1072,Gryta osso buco kalvläggsgryta ,Fritt socker,Köttprodukter kötträtter,0.0,g
1072,Gryta osso buco kalvläggsgryta ,"Selen, Se",Köttprodukter kötträtter,2.3,µg
1072,Gryta osso buco kalvläggsgryta ,Sackaros,Köttprodukter kötträtter,0.7,g
1072,Gryta osso buco kalvläggsgryta ,Riboflavin,Köttprodukter kötträtter,0.05,mg
1072,Gryta osso buco kalvläggsgryta ,Retinol,Köttprodukter kötträtter,10.5,µg
1072,Gryta osso buco kalvläggsgryta ,Protein,Köttprodukter kötträtter,7.9,g
1072,Gryta osso buco kalvläggsgryta ,Summa fleromättade fettsyror,Köttprodukter kötträtter,0.4,g
1072,Gryta osso buco kalvläggsgryta ,"Fosfor, P",Köttprodukter kötträtter,84.0,mg
1072,Gryta osso buco kalvläggsgryta ,Niacinekvivalenter,Köttprodukter kötträtter,3.98,NE/mg
1072,Gryta osso buco kalvläggsgryta ,Niacin,Köttprodukter kötträtter,2.55,mg
1072,Gryta osso buco kalvläggsgryta ,"Salt, NaCl",Köttprodukter kötträtter,0.8,g
1072,Gryta osso buco kalvläggsgryta ,"Natrium, Na",Köttprodukter kötträtter,322.0,mg
1072,Gryta osso buco kalvläggsgryta ,Monosackarider,Köttprodukter kötträtter,1.8,g
1072,Gryta osso buco kalvläggsgryta ,"Sockerarter, totalt",Köttprodukter kötträtter,2.5,g
1072,Gryta osso buco kalvläggsgryta ,Summa enkelomättade fettsyror,Köttprodukter kötträtter,2.3,g
1072,Gryta osso buco kalvläggsgryta ,"Magnesium, Mg",Köttprodukter kötträtter,14.0,mg
1072,Gryta osso buco kalvläggsgryta ,Summa mättade fettsyror,Köttprodukter kötträtter,0.7,g
1072,Gryta osso buco kalvläggsgryta ,"Kolhydrater, tillgängliga",Köttprodukter kötträtter,4.0,g
1072,Gryta osso buco kalvläggsgryta ,Kolesterol,Köttprodukter kötträtter,25.2,mg
1072,Gryta osso buco kalvläggsgryta ,"Kalium, K",Köttprodukter kötträtter,174.0,mg
1072,Gryta osso buco kalvläggsgryta ,"Jod, I",Köttprodukter kötträtter,24.2,µg
1072,Gryta osso buco kalvläggsgryta ,Fullkorn totalt,Köttprodukter kötträtter,0.0,g
1072,Gryta osso buco kalvläggsgryta ,"Folat, totalt",Köttprodukter kötträtter,9.3,µg
1072,Gryta osso buco kalvläggsgryta ,Fibrer,Köttprodukter kötträtter,0.9,g
1072,Gryta osso buco kalvläggsgryta ,"Fett, totalt",Köttprodukter kötträtter,3.6,g
1072,Gryta osso buco kalvläggsgryta ,"Järn, Fe",Köttprodukter kötträtter,0.9,mg
1072,Gryta osso buco kalvläggsgryta ,Energi (kJ),Köttprodukter kötträtter,356.0,kJ
1072,Gryta osso buco kalvläggsgryta ,Energi (kcal),Köttprodukter kötträtter,85.0,kcal
1072,Gryta osso buco kalvläggsgryta ,Disackarider,Köttprodukter kötträtter,0.7,g
1072,Gryta osso buco kalvläggsgryta ,"Kalcium, Ca",Köttprodukter kötträtter,18.0,mg
1072,Gryta osso buco kalvläggsgryta ,Fettsyra 4:0-10:0,Köttprodukter kötträtter,0.0,g
1072,Gryta osso buco kalvläggsgryta ,DHA (C22:6),Köttprodukter kötträtter,0.0,g
1072,Gryta osso buco kalvläggsgryta ,DPA (C22:5),Köttprodukter kötträtter,0.0,g
1072,Gryta osso buco kalvläggsgryta ,EPA (C20:5),Köttprodukter kötträtter,0.0,g
1072,Gryta osso buco kalvläggsgryta ,Arakidonsyra C20:4,Köttprodukter kötträtter,0.0,g
1072,Gryta osso buco kalvläggsgryta ,Arakidinsyra C20:0,Köttprodukter kötträtter,0.0,g
1072,Gryta osso buco kalvläggsgryta ,Linolensyra C18:3,Köttprodukter kötträtter,0.0,g
1072,Gryta osso buco kalvläggsgryta ,Linolsyra C18:2,Köttprodukter kötträtter,0.3,g
1072,Gryta osso buco kalvläggsgryta ,Oljesyra C18:1,Köttprodukter kötträtter,2.3,g
1072,Gryta osso buco kalvläggsgryta ,Stearinsyra C18:0,Köttprodukter kötträtter,0.2,g
1072,Gryta osso buco kalvläggsgryta ,Palmitoljesyra C16:1,Köttprodukter kötträtter,0.1,g
1072,Gryta osso buco kalvläggsgryta ,Palmitinsyra C16:0,Köttprodukter kötträtter,0.5,g
1072,Gryta osso buco kalvläggsgryta ,Myristinsyra C14:0,Köttprodukter kötträtter,0.0,g
1072,Gryta osso buco kalvläggsgryta ,Laurinsyra C12:0,Köttprodukter kötträtter,0.0,g
1072,Gryta osso buco kalvläggsgryta ,Betakaroten/β-Karoten,Köttprodukter kötträtter,1165.0,µg
1072,Gryta osso buco kalvläggsgryta ,Avfall (skal etc.),Köttprodukter kötträtter,15.0,%
1072,Gryta osso buco kalvläggsgryta ,Aska,Köttprodukter kötträtter,1.5,g
1072,Gryta osso buco kalvläggsgryta ,Alkohol,Köttprodukter kötträtter,0.42,g
1073,Köttsoppa nöt,"Zink, Zn",Soppa mat,1.2,mg
1073,Köttsoppa nöt,Vitamin E,Soppa mat,0.2,mg
1073,Köttsoppa nöt,Vitamin D,Soppa mat,0.05,µg
1073,Köttsoppa nöt,Vitamin C,Soppa mat,6.9,mg
1073,Köttsoppa nöt,Vitamin B6,Soppa mat,0.1,mg
1073,Köttsoppa nöt,Vitamin B12,Soppa mat,0.14,µg
1073,Köttsoppa nöt,Vitamin A,Soppa mat,65.4,RE/µg
1073,Köttsoppa nöt,Vatten,Soppa mat,89.8,g
1073,Köttsoppa nöt,Tiamin,Soppa mat,0.02,mg
1073,Köttsoppa nöt,Tillsatt socker,Soppa mat,0.0,g
1073,Köttsoppa nöt,Fritt socker,Soppa mat,0.0,g
1073,Köttsoppa nöt,"Selen, Se",Soppa mat,1.3,µg
1073,Köttsoppa nöt,Sackaros,Soppa mat,0.5,g
1073,Köttsoppa nöt,Riboflavin,Soppa mat,0.04,mg
1073,Köttsoppa nöt,Retinol,Soppa mat,1.2,µg
1073,Köttsoppa nöt,Protein,Soppa mat,4.5,g
1073,Köttsoppa nöt,Summa fleromättade fettsyror,Soppa mat,0.1,g
1073,Köttsoppa nöt,"Fosfor, P",Soppa mat,47.0,mg
1073,Köttsoppa nöt,Niacinekvivalenter,Soppa mat,2.0,NE/mg
1073,Köttsoppa nöt,Niacin,Soppa mat,1.19,mg
1073,Köttsoppa nöt,"Salt, NaCl",Soppa mat,0.8,g
1073,Köttsoppa nöt,"Natrium, Na",Soppa mat,338.0,mg
1073,Köttsoppa nöt,Monosackarider,Soppa mat,1.7,g
1073,Köttsoppa nöt,"Sockerarter, totalt",Soppa mat,2.2,g
1073,Köttsoppa nöt,Summa enkelomättade fettsyror,Soppa mat,0.4,g
1073,Köttsoppa nöt,"Magnesium, Mg",Soppa mat,9.0,mg
1073,Köttsoppa nöt,Summa mättade fettsyror,Soppa mat,0.5,g
1073,Köttsoppa nöt,"Kolhydrater, tillgängliga",Soppa mat,2.3,g
1073,Köttsoppa nöt,Kolesterol,Soppa mat,10.6,mg
1073,Köttsoppa nöt,"Kalium, K",Soppa mat,97.0,mg
1073,Köttsoppa nöt,"Jod, I",Soppa mat,27.7,µg
1073,Köttsoppa nöt,Fullkorn totalt,Soppa mat,0.0,g
1073,Köttsoppa nöt,"Folat, totalt",Soppa mat,14.1,µg
1073,Köttsoppa nöt,Fibrer,Soppa mat,1.1,g
1073,Köttsoppa nöt,"Fett, totalt",Soppa mat,1.1,g
1073,Köttsoppa nöt,"Järn, Fe",Soppa mat,0.6,mg
1073,Köttsoppa nöt,Energi (kJ),Soppa mat,164.0,kJ
1073,Köttsoppa nöt,Energi (kcal),Soppa mat,39.0,kcal
1073,Köttsoppa nöt,Disackarider,Soppa mat,0.5,g
1073,Köttsoppa nöt,"Kalcium, Ca",Soppa mat,19.0,mg
1073,Köttsoppa nöt,Fettsyra 4:0-10:0,Soppa mat,0.0,g
1073,Köttsoppa nöt,DHA (C22:6),Soppa mat,0.0,g
1073,Köttsoppa nöt,DPA (C22:5),Soppa mat,0.0,g
1073,Köttsoppa nöt,EPA (C20:5),Soppa mat,0.0,g
1073,Köttsoppa nöt,Arakidonsyra C20:4,Soppa mat,0.0,g
1073,Köttsoppa nöt,Arakidinsyra C20:0,Soppa mat,0.0,g
1073,Köttsoppa nöt,Linolensyra C18:3,Soppa mat,0.0,g
1073,Köttsoppa nöt,Linolsyra C18:2,Soppa mat,0.1,g
1073,Köttsoppa nöt,Oljesyra C18:1,Soppa mat,0.4,g
1073,Köttsoppa nöt,Stearinsyra C18:0,Soppa mat,0.2,g
1073,Köttsoppa nöt,Palmitoljesyra C16:1,Soppa mat,0.0,g
1073,Köttsoppa nöt,Palmitinsyra C16:0,Soppa mat,0.2,g
1073,Köttsoppa nöt,Myristinsyra C14:0,Soppa mat,0.0,g
1073,Köttsoppa nöt,Laurinsyra C12:0,Soppa mat,0.0,g
1073,Köttsoppa nöt,Betakaroten/β-Karoten,Soppa mat,655.0,µg
1073,Köttsoppa nöt,Avfall (skal etc.),Soppa mat,7.0,%
1073,Köttsoppa nöt,Aska,Soppa mat,1.2,g
1073,Köttsoppa nöt,Alkohol,Soppa mat,0.0,g
1075,Gryta lamm m. lök tomat,"Zink, Zn",Köttprodukter kötträtter,1.5,mg
1075,Gryta lamm m. lök tomat,Vitamin E,Köttprodukter kötträtter,1.2,mg
1075,Gryta lamm m. lök tomat,Vitamin D,Köttprodukter kötträtter,0.12,µg
1075,Gryta lamm m. lök tomat,Vitamin C,Köttprodukter kötträtter,5.6,mg
1075,Gryta lamm m. lök tomat,Vitamin B6,Köttprodukter kötträtter,0.1,mg
1075,Gryta lamm m. lök tomat,Vitamin B12,Köttprodukter kötträtter,0.48,µg
1075,Gryta lamm m. lök tomat,Vitamin A,Köttprodukter kötträtter,22.2,RE/µg
1075,Gryta lamm m. lök tomat,Vatten,Köttprodukter kötträtter,78.2,g
1075,Gryta lamm m. lök tomat,Tiamin,Köttprodukter kötträtter,0.05,mg
1075,Gryta lamm m. lök tomat,Tillsatt socker,Köttprodukter kötträtter,0.0,g
1075,Gryta lamm m. lök tomat,Fritt socker,Köttprodukter kötträtter,1.0,g
1075,Gryta lamm m. lök tomat,"Selen, Se",Köttprodukter kötträtter,3.0,µg
1075,Gryta lamm m. lök tomat,Sackaros,Köttprodukter kötträtter,0.8,g
1075,Gryta lamm m. lök tomat,Riboflavin,Köttprodukter kötträtter,0.07,mg
1075,Gryta lamm m. lök tomat,Retinol,Köttprodukter kötträtter,6.6,µg
1075,Gryta lamm m. lök tomat,Protein,Köttprodukter kötträtter,8.4,g
1075,Gryta lamm m. lök tomat,Summa fleromättade fettsyror,Köttprodukter kötträtter,0.9,g
1075,Gryta lamm m. lök tomat,"Fosfor, P",Köttprodukter kötträtter,93.0,mg
1075,Gryta lamm m. lök tomat,Niacinekvivalenter,Köttprodukter kötträtter,3.86,NE/mg
1075,Gryta lamm m. lök tomat,Niacin,Köttprodukter kötträtter,2.34,mg
1075,Gryta lamm m. lök tomat,"Salt, NaCl",Köttprodukter kötträtter,1.0,g
1075,Gryta lamm m. lök tomat,"Natrium, Na",Köttprodukter kötträtter,390.0,mg
1075,Gryta lamm m. lök tomat,Monosackarider,Köttprodukter kötträtter,1.9,g
1075,Gryta lamm m. lök tomat,"Sockerarter, totalt",Köttprodukter kötträtter,2.6,g
1075,Gryta lamm m. lök tomat,Summa enkelomättade fettsyror,Köttprodukter kötträtter,2.4,g
1075,Gryta lamm m. lök tomat,"Magnesium, Mg",Köttprodukter kötträtter,18.0,mg
1075,Gryta lamm m. lök tomat,Summa mättade fettsyror,Köttprodukter kötträtter,1.2,g
1075,Gryta lamm m. lök tomat,"Kolhydrater, tillgängliga",Köttprodukter kötträtter,3.7,g
1075,Gryta lamm m. lök tomat,Kolesterol,Köttprodukter kötträtter,24.1,mg
1075,Gryta lamm m. lök tomat,"Kalium, K",Köttprodukter kötträtter,186.0,mg
1075,Gryta lamm m. lök tomat,"Jod, I",Köttprodukter kötträtter,19.9,µg
1075,Gryta lamm m. lök tomat,Fullkorn totalt,Köttprodukter kötträtter,0.0,g
1075,Gryta lamm m. lök tomat,"Folat, totalt",Köttprodukter kötträtter,12.5,µg
1075,Gryta lamm m. lök tomat,Fibrer,Köttprodukter kötträtter,0.8,g
1075,Gryta lamm m. lök tomat,"Fett, totalt",Köttprodukter kötträtter,4.9,g
1075,Gryta lamm m. lök tomat,"Järn, Fe",Köttprodukter kötträtter,0.9,mg
1075,Gryta lamm m. lök tomat,Energi (kJ),Köttprodukter kötträtter,418.0,kJ
1075,Gryta lamm m. lök tomat,Energi (kcal),Köttprodukter kötträtter,100.0,kcal
1075,Gryta lamm m. lök tomat,Disackarider,Köttprodukter kötträtter,0.8,g
1075,Gryta lamm m. lök tomat,"Kalcium, Ca",Köttprodukter kötträtter,20.0,mg
1075,Gryta lamm m. lök tomat,Fettsyra 4:0-10:0,Köttprodukter kötträtter,0.0,g
1075,Gryta lamm m. lök tomat,DHA (C22:6),Köttprodukter kötträtter,0.0,g
1075,Gryta lamm m. lök tomat,DPA (C22:5),Köttprodukter kötträtter,0.0,g
1075,Gryta lamm m. lök tomat,EPA (C20:5),Köttprodukter kötträtter,0.0,g
1075,Gryta lamm m. lök tomat,Arakidonsyra C20:4,Köttprodukter kötträtter,0.0,g
1075,Gryta lamm m. lök tomat,Arakidinsyra C20:0,Köttprodukter kötträtter,0.0,g
1075,Gryta lamm m. lök tomat,Linolensyra C18:3,Köttprodukter kötträtter,0.2,g
1075,Gryta lamm m. lök tomat,Linolsyra C18:2,Köttprodukter kötträtter,0.7,g
1075,Gryta lamm m. lök tomat,Oljesyra C18:1,Köttprodukter kötträtter,2.2,g
1075,Gryta lamm m. lök tomat,Stearinsyra C18:0,Köttprodukter kötträtter,0.4,g
1075,Gryta lamm m. lök tomat,Palmitoljesyra C16:1,Köttprodukter kötträtter,0.1,g
1075,Gryta lamm m. lök tomat,Palmitinsyra C16:0,Köttprodukter kötträtter,0.6,g
1075,Gryta lamm m. lök tomat,Myristinsyra C14:0,Köttprodukter kötträtter,0.1,g
1075,Gryta lamm m. lök tomat,Laurinsyra C12:0,Köttprodukter kötträtter,0.0,g
1075,Gryta lamm m. lök tomat,Betakaroten/β-Karoten,Köttprodukter kötträtter,142.0,µg
1075,Gryta lamm m. lök tomat,Avfall (skal etc.),Köttprodukter kötträtter,1.0,%
1075,Gryta lamm m. lök tomat,Aska,Köttprodukter kötträtter,1.7,g
1075,Gryta lamm m. lök tomat,Alkohol,Köttprodukter kötträtter,0.85,g
1078,Pepparrotskött nöt m. lök morot sås,"Zink, Zn",Köttprodukter kötträtter,4.5,mg
1078,Pepparrotskött nöt m. lök morot sås,Vitamin E,Köttprodukter kötträtter,0.9,mg
1078,Pepparrotskött nöt m. lök morot sås,Vitamin D,Köttprodukter kötträtter,0.11,µg
1078,Pepparrotskött nöt m. lök morot sås,Vitamin C,Köttprodukter kötträtter,2.7,mg
1078,Pepparrotskött nöt m. lök morot sås,Vitamin B6,Köttprodukter kötträtter,0.11,mg
1078,Pepparrotskött nöt m. lök morot sås,Vitamin B12,Köttprodukter kötträtter,0.49,µg
1078,Pepparrotskött nöt m. lök morot sås,Vitamin A,Köttprodukter kötträtter,67.4,RE/µg
1078,Pepparrotskött nöt m. lök morot sås,Vatten,Köttprodukter kötträtter,75.1,g
1078,Pepparrotskött nöt m. lök morot sås,Tiamin,Köttprodukter kötträtter,0.03,mg
1078,Pepparrotskött nöt m. lök morot sås,Tillsatt socker,Köttprodukter kötträtter,0.0,g
1078,Pepparrotskött nöt m. lök morot sås,Fritt socker,Köttprodukter kötträtter,0.0,g
1078,Pepparrotskött nöt m. lök morot sås,"Selen, Se",Köttprodukter kötträtter,4.0,µg
1078,Pepparrotskött nöt m. lök morot sås,Sackaros,Köttprodukter kötträtter,0.5,g
1078,Pepparrotskött nöt m. lök morot sås,Riboflavin,Köttprodukter kötträtter,0.09,mg
1078,Pepparrotskött nöt m. lök morot sås,Retinol,Köttprodukter kötträtter,21.9,µg
1078,Pepparrotskött nöt m. lök morot sås,Protein,Köttprodukter kötträtter,13.7,g
1078,Pepparrotskött nöt m. lök morot sås,Summa fleromättade fettsyror,Köttprodukter kötträtter,0.8,g
1078,Pepparrotskött nöt m. lök morot sås,"Fosfor, P",Köttprodukter kötträtter,116.0,mg
1078,Pepparrotskött nöt m. lök morot sås,Niacinekvivalenter,Köttprodukter kötträtter,5.57,NE/mg
1078,Pepparrotskött nöt m. lök morot sås,Niacin,Köttprodukter kötträtter,3.05,mg
1078,Pepparrotskött nöt m. lök morot sås,"Salt, NaCl",Köttprodukter kötträtter,0.5,g
1078,Pepparrotskött nöt m. lök morot sås,"Natrium, Na",Köttprodukter kötträtter,179.0,mg
1078,Pepparrotskött nöt m. lök morot sås,Monosackarider,Köttprodukter kötträtter,0.4,g
1078,Pepparrotskött nöt m. lök morot sås,"Sockerarter, totalt",Köttprodukter kötträtter,1.1,g
1078,Pepparrotskött nöt m. lök morot sås,Summa enkelomättade fettsyror,Köttprodukter kötträtter,3.2,g
1078,Pepparrotskött nöt m. lök morot sås,"Magnesium, Mg",Köttprodukter kötträtter,17.0,mg
1078,Pepparrotskött nöt m. lök morot sås,Summa mättade fettsyror,Köttprodukter kötträtter,3.3,g
1078,Pepparrotskött nöt m. lök morot sås,"Kolhydrater, tillgängliga",Köttprodukter kötträtter,2.0,g
1078,Pepparrotskött nöt m. lök morot sås,Kolesterol,Köttprodukter kötträtter,42.4,mg
1078,Pepparrotskött nöt m. lök morot sås,"Kalium, K",Köttprodukter kötträtter,153.0,mg
1078,Pepparrotskött nöt m. lök morot sås,"Jod, I",Köttprodukter kötträtter,10.2,µg
1078,Pepparrotskött nöt m. lök morot sås,Fullkorn totalt,Köttprodukter kötträtter,0.0,g
1078,Pepparrotskött nöt m. lök morot sås,"Folat, totalt",Köttprodukter kötträtter,7.9,µg
1078,Pepparrotskött nöt m. lök morot sås,Fibrer,Köttprodukter kötträtter,0.5,g
1078,Pepparrotskött nöt m. lök morot sås,"Fett, totalt",Köttprodukter kötträtter,7.8,g
1078,Pepparrotskött nöt m. lök morot sås,"Järn, Fe",Köttprodukter kötträtter,2.2,mg
1078,Pepparrotskött nöt m. lök morot sås,Energi (kJ),Köttprodukter kötträtter,559.0,kJ
1078,Pepparrotskött nöt m. lök morot sås,Energi (kcal),Köttprodukter kötträtter,134.0,kcal
1078,Pepparrotskött nöt m. lök morot sås,Disackarider,Köttprodukter kötträtter,0.7,g
1078,Pepparrotskött nöt m. lök morot sås,"Kalcium, Ca",Köttprodukter kötträtter,18.0,mg
1078,Pepparrotskött nöt m. lök morot sås,Fettsyra 4:0-10:0,Köttprodukter kötträtter,0.1,g
1078,Pepparrotskött nöt m. lök morot sås,DHA (C22:6),Köttprodukter kötträtter,0.0,g
1078,Pepparrotskött nöt m. lök morot sås,DPA (C22:5),Köttprodukter kötträtter,0.0,g
1078,Pepparrotskött nöt m. lök morot sås,EPA (C20:5),Köttprodukter kötträtter,0.0,g
1078,Pepparrotskött nöt m. lök morot sås,Arakidonsyra C20:4,Köttprodukter kötträtter,0.0,g
1078,Pepparrotskött nöt m. lök morot sås,Arakidinsyra C20:0,Köttprodukter kötträtter,0.0,g
1078,Pepparrotskött nöt m. lök morot sås,Linolensyra C18:3,Köttprodukter kötträtter,0.2,g
1078,Pepparrotskött nöt m. lök morot sås,Linolsyra C18:2,Köttprodukter kötträtter,0.5,g
1078,Pepparrotskött nöt m. lök morot sås,Oljesyra C18:1,Köttprodukter kötträtter,2.9,g
1078,Pepparrotskött nöt m. lök morot sås,Stearinsyra C18:0,Köttprodukter kötträtter,1.0,g
1078,Pepparrotskött nöt m. lök morot sås,Palmitoljesyra C16:1,Köttprodukter kötträtter,0.2,g
1078,Pepparrotskött nöt m. lök morot sås,Palmitinsyra C16:0,Köttprodukter kötträtter,1.6,g
1078,Pepparrotskött nöt m. lök morot sås,Myristinsyra C14:0,Köttprodukter kötträtter,0.3,g
1078,Pepparrotskött nöt m. lök morot sås,Laurinsyra C12:0,Köttprodukter kötträtter,0.1,g
1078,Pepparrotskött nöt m. lök morot sås,Betakaroten/β-Karoten,Köttprodukter kötträtter,441.0,µg
1078,Pepparrotskött nöt m. lök morot sås,Avfall (skal etc.),Köttprodukter kötträtter,1.0,%
1078,Pepparrotskött nöt m. lök morot sås,Aska,Köttprodukter kötträtter,1.1,g
1078,Pepparrotskött nöt m. lök morot sås,Alkohol,Köttprodukter kötträtter,0.0,g
1080,Renskav brynt m. matfett salt,"Zink, Zn",Köttprodukter kötträtter,5.3,mg
1080,Renskav brynt m. matfett salt,Vitamin E,Köttprodukter kötträtter,2.2,mg
1080,Renskav brynt m. matfett salt,Vitamin D,Köttprodukter kötträtter,0.71,µg
1080,Renskav brynt m. matfett salt,Vitamin C,Köttprodukter kötträtter,0.0,mg
1080,Renskav brynt m. matfett salt,Vitamin B6,Köttprodukter kötträtter,0.16,mg
1080,Renskav brynt m. matfett salt,Vitamin B12,Köttprodukter kötträtter,1.9,µg
1080,Renskav brynt m. matfett salt,Vitamin A,Köttprodukter kötträtter,54.1,RE/µg
1080,Renskav brynt m. matfett salt,Vatten,Köttprodukter kötträtter,62.4,g
1080,Renskav brynt m. matfett salt,Tiamin,Köttprodukter kötträtter,0.15,mg
1080,Renskav brynt m. matfett salt,Tillsatt socker,Köttprodukter kötträtter,0.0,g
1080,Renskav brynt m. matfett salt,Fritt socker,Köttprodukter kötträtter,0.0,g
1080,Renskav brynt m. matfett salt,"Selen, Se",Köttprodukter kötträtter,11.6,µg
1080,Renskav brynt m. matfett salt,Sackaros,Köttprodukter kötträtter,0.0,g
1080,Renskav brynt m. matfett salt,Riboflavin,Köttprodukter kötträtter,0.38,mg
1080,Renskav brynt m. matfett salt,Retinol,Köttprodukter kötträtter,44.2,µg
1080,Renskav brynt m. matfett salt,Protein,Köttprodukter kötträtter,22.3,g
1080,Renskav brynt m. matfett salt,Summa fleromättade fettsyror,Köttprodukter kötträtter,2.4,g
1080,Renskav brynt m. matfett salt,"Fosfor, P",Köttprodukter kötträtter,220.0,mg
1080,Renskav brynt m. matfett salt,Niacinekvivalenter,Köttprodukter kötträtter,11.08,NE/mg
1080,Renskav brynt m. matfett salt,Niacin,Köttprodukter kötträtter,7.01,mg
1080,Renskav brynt m. matfett salt,"Salt, NaCl",Köttprodukter kötträtter,1.7,g
1080,Renskav brynt m. matfett salt,"Natrium, Na",Köttprodukter kötträtter,657.0,mg
1080,Renskav brynt m. matfett salt,Monosackarider,Köttprodukter kötträtter,0.0,g
1080,Renskav brynt m. matfett salt,"Sockerarter, totalt",Köttprodukter kötträtter,0.0,g
1080,Renskav brynt m. matfett salt,Summa enkelomättade fettsyror,Köttprodukter kötträtter,5.9,g
1080,Renskav brynt m. matfett salt,"Magnesium, Mg",Köttprodukter kötträtter,22.0,mg
1080,Renskav brynt m. matfett salt,Summa mättade fettsyror,Köttprodukter kötträtter,4.7,g
1080,Renskav brynt m. matfett salt,"Kolhydrater, tillgängliga",Köttprodukter kötträtter,0.0,g
1080,Renskav brynt m. matfett salt,Kolesterol,Köttprodukter kötträtter,84.1,mg
1080,Renskav brynt m. matfett salt,"Kalium, K",Köttprodukter kötträtter,208.0,mg
1080,Renskav brynt m. matfett salt,"Jod, I",Köttprodukter kötträtter,67.7,µg
1080,Renskav brynt m. matfett salt,Fullkorn totalt,Köttprodukter kötträtter,0.0,g
1080,Renskav brynt m. matfett salt,"Folat, totalt",Köttprodukter kötträtter,1.6,µg
1080,Renskav brynt m. matfett salt,Fibrer,Köttprodukter kötträtter,0.0,g
1080,Renskav brynt m. matfett salt,"Fett, totalt",Köttprodukter kötträtter,13.8,g
1080,Renskav brynt m. matfett salt,"Järn, Fe",Köttprodukter kötträtter,3.5,mg
1080,Renskav brynt m. matfett salt,Energi (kJ),Köttprodukter kötträtter,891.0,kJ
1080,Renskav brynt m. matfett salt,Energi (kcal),Köttprodukter kötträtter,213.0,kcal
1080,Renskav brynt m. matfett salt,Disackarider,Köttprodukter kötträtter,0.0,g
1080,Renskav brynt m. matfett salt,"Kalcium, Ca",Köttprodukter kötträtter,9.0,mg
1080,Renskav brynt m. matfett salt,Fettsyra 4:0-10:0,Köttprodukter kötträtter,0.1,g
1080,Renskav brynt m. matfett salt,DHA (C22:6),Köttprodukter kötträtter,0.0,g
1080,Renskav brynt m. matfett salt,DPA (C22:5),Köttprodukter kötträtter,0.0,g
1080,Renskav brynt m. matfett salt,EPA (C20:5),Köttprodukter kötträtter,0.0,g
1080,Renskav brynt m. matfett salt,Arakidonsyra C20:4,Köttprodukter kötträtter,0.0,g
1080,Renskav brynt m. matfett salt,Arakidinsyra C20:0,Köttprodukter kötträtter,0.0,g
1080,Renskav brynt m. matfett salt,Linolensyra C18:3,Köttprodukter kötträtter,0.5,g
1080,Renskav brynt m. matfett salt,Linolsyra C18:2,Köttprodukter kötträtter,1.7,g
1080,Renskav brynt m. matfett salt,Oljesyra C18:1,Köttprodukter kötträtter,5.7,g
1080,Renskav brynt m. matfett salt,Stearinsyra C18:0,Köttprodukter kötträtter,1.3,g
1080,Renskav brynt m. matfett salt,Palmitoljesyra C16:1,Köttprodukter kötträtter,0.1,g
1080,Renskav brynt m. matfett salt,Palmitinsyra C16:0,Köttprodukter kötträtter,2.5,g
1080,Renskav brynt m. matfett salt,Myristinsyra C14:0,Köttprodukter kötträtter,0.3,g
1080,Renskav brynt m. matfett salt,Laurinsyra C12:0,Köttprodukter kötträtter,0.1,g
1080,Renskav brynt m. matfett salt,Betakaroten/β-Karoten,Köttprodukter kötträtter,25.0,µg
1080,Renskav brynt m. matfett salt,Avfall (skal etc.),Köttprodukter kötträtter,0.0,%
1080,Renskav brynt m. matfett salt,Aska,Köttprodukter kötträtter,2.4,g
1080,Renskav brynt m. matfett salt,Alkohol,Köttprodukter kötträtter,0.0,g
1081,Gryta renskavsgryta,"Zink, Zn",Köttprodukter kötträtter,1.9,mg
1081,Gryta renskavsgryta,Vitamin E,Köttprodukter kötträtter,0.7,mg
1081,Gryta renskavsgryta,Vitamin D,Köttprodukter kötträtter,0.35,µg
1081,Gryta renskavsgryta,Vitamin C,Köttprodukter kötträtter,1.4,mg
1081,Gryta renskavsgryta,Vitamin B6,Köttprodukter kötträtter,0.08,mg
1081,Gryta renskavsgryta,Vitamin B12,Köttprodukter kötträtter,0.48,µg
1081,Gryta renskavsgryta,Vitamin A,Köttprodukter kötträtter,58.6,RE/µg
1081,Gryta renskavsgryta,Vatten,Köttprodukter kötträtter,72.1,g
1081,Gryta renskavsgryta,Tiamin,Köttprodukter kötträtter,0.05,mg
1081,Gryta renskavsgryta,Tillsatt socker,Köttprodukter kötträtter,5.0,g
1081,Gryta renskavsgryta,Fritt socker,Köttprodukter kötträtter,5.0,g
1081,Gryta renskavsgryta,"Selen, Se",Köttprodukter kötträtter,5.1,µg
1081,Gryta renskavsgryta,Sackaros,Köttprodukter kötträtter,3.3,g
1081,Gryta renskavsgryta,Riboflavin,Köttprodukter kötträtter,0.17,mg
1081,Gryta renskavsgryta,Retinol,Köttprodukter kötträtter,46.8,µg
1081,Gryta renskavsgryta,Protein,Köttprodukter kötträtter,8.2,g
1081,Gryta renskavsgryta,Summa fleromättade fettsyror,Köttprodukter kötträtter,0.7,g
1081,Gryta renskavsgryta,"Fosfor, P",Köttprodukter kötträtter,97.0,mg
1081,Gryta renskavsgryta,Niacinekvivalenter,Köttprodukter kötträtter,4.38,NE/mg
1081,Gryta renskavsgryta,Niacin,Köttprodukter kötträtter,2.87,mg
1081,Gryta renskavsgryta,"Salt, NaCl",Köttprodukter kötträtter,2.2,g
1081,Gryta renskavsgryta,"Natrium, Na",Köttprodukter kötträtter,892.0,mg
1081,Gryta renskavsgryta,Monosackarider,Köttprodukter kötträtter,3.6,g
1081,Gryta renskavsgryta,"Sockerarter, totalt",Köttprodukter kötträtter,7.2,g
1081,Gryta renskavsgryta,Summa enkelomättade fettsyror,Köttprodukter kötträtter,2.4,g
1081,Gryta renskavsgryta,"Magnesium, Mg",Köttprodukter kötträtter,14.0,mg
1081,Gryta renskavsgryta,Summa mättade fettsyror,Köttprodukter kötträtter,3.9,g
1081,Gryta renskavsgryta,"Kolhydrater, tillgängliga",Köttprodukter kötträtter,8.7,g
1081,Gryta renskavsgryta,Kolesterol,Köttprodukter kötträtter,37.9,mg
1081,Gryta renskavsgryta,"Kalium, K",Köttprodukter kötträtter,150.0,mg
1081,Gryta renskavsgryta,"Jod, I",Köttprodukter kötträtter,55.3,µg
1081,Gryta renskavsgryta,Fullkorn totalt,Köttprodukter kötträtter,0.0,g
1081,Gryta renskavsgryta,"Folat, totalt",Köttprodukter kötträtter,7.7,µg
1081,Gryta renskavsgryta,Fibrer,Köttprodukter kötträtter,0.8,g
1081,Gryta renskavsgryta,"Fett, totalt",Köttprodukter kötträtter,7.6,g
1081,Gryta renskavsgryta,"Järn, Fe",Köttprodukter kötträtter,1.3,mg
1081,Gryta renskavsgryta,Energi (kJ),Köttprodukter kötträtter,576.0,kJ
1081,Gryta renskavsgryta,Energi (kcal),Köttprodukter kötträtter,138.0,kcal
1081,Gryta renskavsgryta,Disackarider,Köttprodukter kötträtter,3.7,g
1081,Gryta renskavsgryta,"Kalcium, Ca",Köttprodukter kötträtter,23.0,mg
1081,Gryta renskavsgryta,Fettsyra 4:0-10:0,Köttprodukter kötträtter,0.3,g
1081,Gryta renskavsgryta,DHA (C22:6),Köttprodukter kötträtter,0.0,g
1081,Gryta renskavsgryta,DPA (C22:5),Köttprodukter kötträtter,0.0,g
1081,Gryta renskavsgryta,EPA (C20:5),Köttprodukter kötträtter,0.0,g
1081,Gryta renskavsgryta,Arakidonsyra C20:4,Köttprodukter kötträtter,0.0,g
1081,Gryta renskavsgryta,Arakidinsyra C20:0,Köttprodukter kötträtter,0.0,g
1081,Gryta renskavsgryta,Linolensyra C18:3,Köttprodukter kötträtter,0.2,g
1081,Gryta renskavsgryta,Linolsyra C18:2,Köttprodukter kötträtter,0.5,g
1081,Gryta renskavsgryta,Oljesyra C18:1,Köttprodukter kötträtter,2.2,g
1081,Gryta renskavsgryta,Stearinsyra C18:0,Köttprodukter kötträtter,0.8,g
1081,Gryta renskavsgryta,Palmitoljesyra C16:1,Köttprodukter kötträtter,0.1,g
1081,Gryta renskavsgryta,Palmitinsyra C16:0,Köttprodukter kötträtter,1.9,g
1081,Gryta renskavsgryta,Myristinsyra C14:0,Köttprodukter kötträtter,0.5,g
1081,Gryta renskavsgryta,Laurinsyra C12:0,Köttprodukter kötträtter,0.2,g
1081,Gryta renskavsgryta,Betakaroten/β-Karoten,Köttprodukter kötträtter,123.0,µg
1081,Gryta renskavsgryta,Avfall (skal etc.),Köttprodukter kötträtter,2.0,%
1081,Gryta renskavsgryta,Aska,Köttprodukter kötträtter,2.8,g
1081,Gryta renskavsgryta,Alkohol,Köttprodukter kötträtter,0.0,g
1082,Skinksås,"Zink, Zn",Sås dressing majonnäs ,1.0,mg
1082,Skinksås,Vitamin E,Sås dressing majonnäs ,1.0,mg
1082,Skinksås,Vitamin D,Sås dressing majonnäs ,0.98,µg
1082,Skinksås,Vitamin C,Sås dressing majonnäs ,1.1,mg
1082,Skinksås,Vitamin B6,Sås dressing majonnäs ,0.09,mg
1082,Skinksås,Vitamin B12,Sås dressing majonnäs ,0.43,µg
1082,Skinksås,Vitamin A,Sås dressing majonnäs ,38.7,RE/µg
1082,Skinksås,Vatten,Sås dressing majonnäs ,76.0,g
1082,Skinksås,Tiamin,Sås dressing majonnäs ,0.12,mg
1082,Skinksås,Tillsatt socker,Sås dressing majonnäs ,0.0,g
1082,Skinksås,Fritt socker,Sås dressing majonnäs ,0.0,g
1082,Skinksås,"Selen, Se",Sås dressing majonnäs ,4.0,µg
1082,Skinksås,Sackaros,Sås dressing majonnäs ,0.0,g
1082,Skinksås,Riboflavin,Sås dressing majonnäs ,0.14,mg
1082,Skinksås,Retinol,Sås dressing majonnäs ,30.9,µg
1082,Skinksås,Protein,Sås dressing majonnäs ,8.4,g
1082,Skinksås,Summa fleromättade fettsyror,Sås dressing majonnäs ,1.0,g
1082,Skinksås,"Fosfor, P",Sås dressing majonnäs ,191.0,mg
1082,Skinksås,Niacinekvivalenter,Sås dressing majonnäs ,3.14,NE/mg
1082,Skinksås,Niacin,Sås dressing majonnäs ,1.45,mg
1082,Skinksås,"Salt, NaCl",Sås dressing majonnäs ,1.7,g
1082,Skinksås,"Natrium, Na",Sås dressing majonnäs ,671.0,mg
1082,Skinksås,Monosackarider,Sås dressing majonnäs ,0.1,g
1082,Skinksås,"Sockerarter, totalt",Sås dressing majonnäs ,4.0,g
1082,Skinksås,Summa enkelomättade fettsyror,Sås dressing majonnäs ,2.7,g
1082,Skinksås,"Magnesium, Mg",Sås dressing majonnäs ,16.0,mg
1082,Skinksås,Summa mättade fettsyror,Sås dressing majonnäs ,2.4,g
1082,Skinksås,"Kolhydrater, tillgängliga",Sås dressing majonnäs ,6.3,g
1082,Skinksås,Kolesterol,Sås dressing majonnäs ,24.4,mg
1082,Skinksås,"Kalium, K",Sås dressing majonnäs ,192.0,mg
1082,Skinksås,"Jod, I",Sås dressing majonnäs ,44.5,µg
1082,Skinksås,Fullkorn totalt,Sås dressing majonnäs ,0.0,g
1082,Skinksås,"Folat, totalt",Sås dressing majonnäs ,7.4,µg
1082,Skinksås,Fibrer,Sås dressing majonnäs ,0.1,g
1082,Skinksås,"Fett, totalt",Sås dressing majonnäs ,6.6,g
1082,Skinksås,"Järn, Fe",Sås dressing majonnäs ,0.2,mg
1082,Skinksås,Energi (kJ),Sås dressing majonnäs ,496.0,kJ
1082,Skinksås,Energi (kcal),Sås dressing majonnäs ,119.0,kcal
1082,Skinksås,Disackarider,Sås dressing majonnäs ,3.9,g
1082,Skinksås,"Kalcium, Ca",Sås dressing majonnäs ,107.0,mg
1082,Skinksås,Fettsyra 4:0-10:0,Sås dressing majonnäs ,0.3,g
1082,Skinksås,DHA (C22:6),Sås dressing majonnäs ,0.0,g
1082,Skinksås,DPA (C22:5),Sås dressing majonnäs ,0.0,g
1082,Skinksås,EPA (C20:5),Sås dressing majonnäs ,0.0,g
1082,Skinksås,Arakidonsyra C20:4,Sås dressing majonnäs ,0.0,g
1082,Skinksås,Arakidinsyra C20:0,Sås dressing majonnäs ,0.0,g
1082,Skinksås,Linolensyra C18:3,Sås dressing majonnäs ,0.2,g
1082,Skinksås,Linolsyra C18:2,Sås dressing majonnäs ,0.8,g
1082,Skinksås,Oljesyra C18:1,Sås dressing majonnäs ,2.5,g
1082,Skinksås,Stearinsyra C18:0,Sås dressing majonnäs ,0.4,g
1082,Skinksås,Palmitoljesyra C16:1,Sås dressing majonnäs ,0.1,g
1082,Skinksås,Palmitinsyra C16:0,Sås dressing majonnäs ,1.2,g
1082,Skinksås,Myristinsyra C14:0,Sås dressing majonnäs ,0.3,g
1082,Skinksås,Laurinsyra C12:0,Sås dressing majonnäs ,0.1,g
1082,Skinksås,Betakaroten/β-Karoten,Sås dressing majonnäs ,39.0,µg
1082,Skinksås,Avfall (skal etc.),Sås dressing majonnäs ,0.0,%
1082,Skinksås,Aska,Sås dressing majonnäs ,2.5,g
1082,Skinksås,Alkohol,Sås dressing majonnäs ,0.0,g
1083,Gryta kalops nöt hemlagad,"Zink, Zn",Köttprodukter kötträtter,2.4,mg
1083,Gryta kalops nöt hemlagad,Vitamin E,Köttprodukter kötträtter,0.7,mg
1083,Gryta kalops nöt hemlagad,Vitamin D,Köttprodukter kötträtter,0.16,µg
1083,Gryta kalops nöt hemlagad,Vitamin C,Köttprodukter kötträtter,1.9,mg
1083,Gryta kalops nöt hemlagad,Vitamin B6,Köttprodukter kötträtter,0.08,mg
1083,Gryta kalops nöt hemlagad,Vitamin B12,Köttprodukter kötträtter,0.25,µg
1083,Gryta kalops nöt hemlagad,Vitamin A,Köttprodukter kötträtter,146.9,RE/µg
1083,Gryta kalops nöt hemlagad,Vatten,Köttprodukter kötträtter,84.1,g
1083,Gryta kalops nöt hemlagad,Tiamin,Köttprodukter kötträtter,0.02,mg
1083,Gryta kalops nöt hemlagad,Tillsatt socker,Köttprodukter kötträtter,0.0,g
1083,Gryta kalops nöt hemlagad,Fritt socker,Köttprodukter kötträtter,0.0,g
1083,Gryta kalops nöt hemlagad,"Selen, Se",Köttprodukter kötträtter,2.2,µg
1083,Gryta kalops nöt hemlagad,Sackaros,Köttprodukter kötträtter,0.6,g
1083,Gryta kalops nöt hemlagad,Riboflavin,Köttprodukter kötträtter,0.04,mg
1083,Gryta kalops nöt hemlagad,Retinol,Köttprodukter kötträtter,8.7,µg
1083,Gryta kalops nöt hemlagad,Protein,Köttprodukter kötträtter,7.2,g
1083,Gryta kalops nöt hemlagad,Summa fleromättade fettsyror,Köttprodukter kötträtter,0.5,g
1083,Gryta kalops nöt hemlagad,"Fosfor, P",Köttprodukter kötträtter,65.0,mg
1083,Gryta kalops nöt hemlagad,Niacinekvivalenter,Köttprodukter kötträtter,2.98,NE/mg
1083,Gryta kalops nöt hemlagad,Niacin,Köttprodukter kötträtter,1.67,mg
1083,Gryta kalops nöt hemlagad,"Salt, NaCl",Köttprodukter kötträtter,0.7,g
1083,Gryta kalops nöt hemlagad,"Natrium, Na",Köttprodukter kötträtter,282.0,mg
1083,Gryta kalops nöt hemlagad,Monosackarider,Köttprodukter kötträtter,1.0,g
1083,Gryta kalops nöt hemlagad,"Sockerarter, totalt",Köttprodukter kötträtter,1.7,g
1083,Gryta kalops nöt hemlagad,Summa enkelomättade fettsyror,Köttprodukter kötträtter,1.7,g
1083,Gryta kalops nöt hemlagad,"Magnesium, Mg",Köttprodukter kötträtter,10.0,mg
1083,Gryta kalops nöt hemlagad,Summa mättade fettsyror,Köttprodukter kötträtter,1.4,g
1083,Gryta kalops nöt hemlagad,"Kolhydrater, tillgängliga",Köttprodukter kötträtter,3.0,g
1083,Gryta kalops nöt hemlagad,Kolesterol,Köttprodukter kötträtter,20.1,mg
1083,Gryta kalops nöt hemlagad,"Kalium, K",Köttprodukter kötträtter,108.0,mg
1083,Gryta kalops nöt hemlagad,"Jod, I",Köttprodukter kötträtter,33.0,µg
1083,Gryta kalops nöt hemlagad,Fullkorn totalt,Köttprodukter kötträtter,0.0,g
1083,Gryta kalops nöt hemlagad,"Folat, totalt",Köttprodukter kötträtter,8.7,µg
1083,Gryta kalops nöt hemlagad,Fibrer,Köttprodukter kötträtter,0.8,g
1083,Gryta kalops nöt hemlagad,"Fett, totalt",Köttprodukter kötträtter,3.8,g
1083,Gryta kalops nöt hemlagad,"Järn, Fe",Köttprodukter kötträtter,1.0,mg
1083,Gryta kalops nöt hemlagad,Energi (kJ),Köttprodukter kötträtter,322.0,kJ
1083,Gryta kalops nöt hemlagad,Energi (kcal),Köttprodukter kötträtter,77.0,kcal
1083,Gryta kalops nöt hemlagad,Disackarider,Köttprodukter kötträtter,0.6,g
1083,Gryta kalops nöt hemlagad,"Kalcium, Ca",Köttprodukter kötträtter,15.0,mg
1083,Gryta kalops nöt hemlagad,Fettsyra 4:0-10:0,Köttprodukter kötträtter,0.0,g
1083,Gryta kalops nöt hemlagad,DHA (C22:6),Köttprodukter kötträtter,0.0,g
1083,Gryta kalops nöt hemlagad,DPA (C22:5),Köttprodukter kötträtter,0.0,g
1083,Gryta kalops nöt hemlagad,EPA (C20:5),Köttprodukter kötträtter,0.0,g
1083,Gryta kalops nöt hemlagad,Arakidonsyra C20:4,Köttprodukter kötträtter,0.0,g
1083,Gryta kalops nöt hemlagad,Arakidinsyra C20:0,Köttprodukter kötträtter,0.0,g
1083,Gryta kalops nöt hemlagad,Linolensyra C18:3,Köttprodukter kötträtter,0.1,g
1083,Gryta kalops nöt hemlagad,Linolsyra C18:2,Köttprodukter kötträtter,0.4,g
1083,Gryta kalops nöt hemlagad,Oljesyra C18:1,Köttprodukter kötträtter,1.5,g
1083,Gryta kalops nöt hemlagad,Stearinsyra C18:0,Köttprodukter kötträtter,0.4,g
1083,Gryta kalops nöt hemlagad,Palmitoljesyra C16:1,Köttprodukter kötträtter,0.1,g
1083,Gryta kalops nöt hemlagad,Palmitinsyra C16:0,Köttprodukter kötträtter,0.7,g
1083,Gryta kalops nöt hemlagad,Myristinsyra C14:0,Köttprodukter kötträtter,0.1,g
1083,Gryta kalops nöt hemlagad,Laurinsyra C12:0,Köttprodukter kötträtter,0.0,g
1083,Gryta kalops nöt hemlagad,Betakaroten/β-Karoten,Köttprodukter kötträtter,1389.0,µg
1083,Gryta kalops nöt hemlagad,Avfall (skal etc.),Köttprodukter kötträtter,2.0,%
1083,Gryta kalops nöt hemlagad,Aska,Köttprodukter kötträtter,1.1,g
1083,Gryta kalops nöt hemlagad,Alkohol,Köttprodukter kötträtter,0.0,g
1087,Biff stroganoff nöt frysvara,"Zink, Zn",Köttprodukter kötträtter,2.7,mg
1087,Biff stroganoff nöt frysvara,Vitamin E,Köttprodukter kötträtter,1.1,mg
1087,Biff stroganoff nöt frysvara,Vitamin D,Köttprodukter kötträtter,0.86,µg
1087,Biff stroganoff nöt frysvara,Vitamin C,Köttprodukter kötträtter,0.0,mg
1087,Biff stroganoff nöt frysvara,Vitamin B6,Köttprodukter kötträtter,0.13,mg
1087,Biff stroganoff nöt frysvara,Vitamin B12,Köttprodukter kötträtter,1.5,µg
1087,Biff stroganoff nöt frysvara,Vitamin A,Köttprodukter kötträtter,99.0,RE/µg
1087,Biff stroganoff nöt frysvara,Vatten,Köttprodukter kötträtter,76.0,g
1087,Biff stroganoff nöt frysvara,Tiamin,Köttprodukter kötträtter,0.04,mg
1087,Biff stroganoff nöt frysvara,Tillsatt socker,Köttprodukter kötträtter,0.0,g
1087,Biff stroganoff nöt frysvara,Fritt socker,Köttprodukter kötträtter,0.0,g
1087,Biff stroganoff nöt frysvara,"Selen, Se",Köttprodukter kötträtter,2.5,µg
1087,Biff stroganoff nöt frysvara,Sackaros,Köttprodukter kötträtter,0.2,g
1087,Biff stroganoff nöt frysvara,Riboflavin,Köttprodukter kötträtter,0.13,mg
1087,Biff stroganoff nöt frysvara,Retinol,Köttprodukter kötträtter,90.0,µg
1087,Biff stroganoff nöt frysvara,Protein,Köttprodukter kötträtter,11.9,g
1087,Biff stroganoff nöt frysvara,Summa fleromättade fettsyror,Köttprodukter kötträtter,0.2,g
1087,Biff stroganoff nöt frysvara,"Fosfor, P",Köttprodukter kötträtter,109.0,mg
1087,Biff stroganoff nöt frysvara,Niacinekvivalenter,Köttprodukter kötträtter,4.08,NE/mg
1087,Biff stroganoff nöt frysvara,Niacin,Köttprodukter kötträtter,1.9,mg
1087,Biff stroganoff nöt frysvara,"Salt, NaCl",Köttprodukter kötträtter,1.8,g
1087,Biff stroganoff nöt frysvara,"Natrium, Na",Köttprodukter kötträtter,730.0,mg
1087,Biff stroganoff nöt frysvara,Monosackarider,Köttprodukter kötträtter,1.0,g
1087,Biff stroganoff nöt frysvara,"Sockerarter, totalt",Köttprodukter kötträtter,2.2,g
1087,Biff stroganoff nöt frysvara,Summa enkelomättade fettsyror,Köttprodukter kötträtter,2.1,g
1087,Biff stroganoff nöt frysvara,"Magnesium, Mg",Köttprodukter kötträtter,11.0,mg
1087,Biff stroganoff nöt frysvara,Summa mättade fettsyror,Köttprodukter kötträtter,1.8,g
1087,Biff stroganoff nöt frysvara,"Kolhydrater, tillgängliga",Köttprodukter kötträtter,4.8,g
1087,Biff stroganoff nöt frysvara,Kolesterol,Köttprodukter kötträtter,68.0,mg
1087,Biff stroganoff nöt frysvara,"Kalium, K",Köttprodukter kötträtter,235.0,mg
1087,Biff stroganoff nöt frysvara,"Jod, I",Köttprodukter kötträtter,4.1,µg
1087,Biff stroganoff nöt frysvara,Fullkorn totalt,Köttprodukter kötträtter,0.0,g
1087,Biff stroganoff nöt frysvara,"Folat, totalt",Köttprodukter kötträtter,6.0,µg
1087,Biff stroganoff nöt frysvara,Fibrer,Köttprodukter kötträtter,0.4,g
1087,Biff stroganoff nöt frysvara,"Fett, totalt",Köttprodukter kötträtter,4.4,g
1087,Biff stroganoff nöt frysvara,"Järn, Fe",Köttprodukter kötträtter,1.5,mg
1087,Biff stroganoff nöt frysvara,Energi (kJ),Köttprodukter kötträtter,450.0,kJ
1087,Biff stroganoff nöt frysvara,Energi (kcal),Köttprodukter kötträtter,108.0,kcal
1087,Biff stroganoff nöt frysvara,Disackarider,Köttprodukter kötträtter,1.2,g
1087,Biff stroganoff nöt frysvara,"Kalcium, Ca",Köttprodukter kötträtter,36.0,mg
1087,Biff stroganoff nöt frysvara,Fettsyra 4:0-10:0,Köttprodukter kötträtter,0.0,g
1087,Biff stroganoff nöt frysvara,DHA (C22:6),Köttprodukter kötträtter,0.0,g
1087,Biff stroganoff nöt frysvara,DPA (C22:5),Köttprodukter kötträtter,0.0,g
1087,Biff stroganoff nöt frysvara,EPA (C20:5),Köttprodukter kötträtter,0.0,g
1087,Biff stroganoff nöt frysvara,Arakidonsyra C20:4,Köttprodukter kötträtter,0.0,g
1087,Biff stroganoff nöt frysvara,Arakidinsyra C20:0,Köttprodukter kötträtter,0.0,g
1087,Biff stroganoff nöt frysvara,Linolensyra C18:3,Köttprodukter kötträtter,0.0,g
1087,Biff stroganoff nöt frysvara,Linolsyra C18:2,Köttprodukter kötträtter,0.1,g
1087,Biff stroganoff nöt frysvara,Oljesyra C18:1,Köttprodukter kötträtter,1.8,g
1087,Biff stroganoff nöt frysvara,Stearinsyra C18:0,Köttprodukter kötträtter,0.5,g
1087,Biff stroganoff nöt frysvara,Palmitoljesyra C16:1,Köttprodukter kötträtter,0.2,g
1087,Biff stroganoff nöt frysvara,Palmitinsyra C16:0,Köttprodukter kötträtter,1.1,g
1087,Biff stroganoff nöt frysvara,Myristinsyra C14:0,Köttprodukter kötträtter,0.1,g
1087,Biff stroganoff nöt frysvara,Laurinsyra C12:0,Köttprodukter kötträtter,0.0,g
1087,Biff stroganoff nöt frysvara,Betakaroten/β-Karoten,Köttprodukter kötträtter,108.0,µg
1087,Biff stroganoff nöt frysvara,Avfall (skal etc.),Köttprodukter kötträtter,0.0,%
1087,Biff stroganoff nöt frysvara,Aska,Köttprodukter kötträtter,2.5,g
1087,Biff stroganoff nöt frysvara,Alkohol,Köttprodukter kötträtter,0.0,g
1088,Gryta dillkött nöt m. sås frysvara,"Zink, Zn",Köttprodukter kötträtter,2.4,mg
1088,Gryta dillkött nöt m. sås frysvara,Vitamin E,Köttprodukter kötträtter,0.2,mg
1088,Gryta dillkött nöt m. sås frysvara,Vitamin D,Köttprodukter kötträtter,0.48,µg
1088,Gryta dillkött nöt m. sås frysvara,Vitamin C,Köttprodukter kötträtter,0.0,mg
1088,Gryta dillkött nöt m. sås frysvara,Vitamin B6,Köttprodukter kötträtter,0.32,mg
1088,Gryta dillkött nöt m. sås frysvara,Vitamin B12,Köttprodukter kötträtter,1.3,µg
1088,Gryta dillkött nöt m. sås frysvara,Vitamin A,Köttprodukter kötträtter,29.0,RE/µg
1088,Gryta dillkött nöt m. sås frysvara,Vatten,Köttprodukter kötträtter,79.0,g
1088,Gryta dillkött nöt m. sås frysvara,Tiamin,Köttprodukter kötträtter,0.03,mg
1088,Gryta dillkött nöt m. sås frysvara,Tillsatt socker,Köttprodukter kötträtter,1.0,g
1088,Gryta dillkött nöt m. sås frysvara,Fritt socker,Köttprodukter kötträtter,1.0,g
1088,Gryta dillkött nöt m. sås frysvara,"Selen, Se",Köttprodukter kötträtter,0.5,µg
1088,Gryta dillkött nöt m. sås frysvara,Sackaros,Köttprodukter kötträtter,0.6,g
1088,Gryta dillkött nöt m. sås frysvara,Riboflavin,Köttprodukter kötträtter,0.09,mg
1088,Gryta dillkött nöt m. sås frysvara,Retinol,Köttprodukter kötträtter,4.0,µg
1088,Gryta dillkött nöt m. sås frysvara,Protein,Köttprodukter kötträtter,11.0,g
1088,Gryta dillkött nöt m. sås frysvara,Summa fleromättade fettsyror,Köttprodukter kötträtter,0.4,g
1088,Gryta dillkött nöt m. sås frysvara,"Fosfor, P",Köttprodukter kötträtter,100.0,mg
1088,Gryta dillkött nöt m. sås frysvara,Niacinekvivalenter,Köttprodukter kötträtter,3.82,NE/mg
1088,Gryta dillkött nöt m. sås frysvara,Niacin,Köttprodukter kötträtter,1.8,mg
1088,Gryta dillkött nöt m. sås frysvara,"Salt, NaCl",Köttprodukter kötträtter,1.2,g
1088,Gryta dillkött nöt m. sås frysvara,"Natrium, Na",Köttprodukter kötträtter,470.0,mg
1088,Gryta dillkött nöt m. sås frysvara,Monosackarider,Köttprodukter kötträtter,0.4,g
1088,Gryta dillkött nöt m. sås frysvara,"Sockerarter, totalt",Köttprodukter kötträtter,1.2,g
1088,Gryta dillkött nöt m. sås frysvara,Summa enkelomättade fettsyror,Köttprodukter kötträtter,2.1,g
1088,Gryta dillkött nöt m. sås frysvara,"Magnesium, Mg",Köttprodukter kötträtter,12.0,mg
1088,Gryta dillkött nöt m. sås frysvara,Summa mättade fettsyror,Köttprodukter kötträtter,1.8,g
1088,Gryta dillkött nöt m. sås frysvara,"Kolhydrater, tillgängliga",Köttprodukter kötträtter,2.7,g
1088,Gryta dillkött nöt m. sås frysvara,Kolesterol,Köttprodukter kötträtter,30.0,mg
1088,Gryta dillkött nöt m. sås frysvara,"Kalium, K",Köttprodukter kötträtter,160.0,mg
1088,Gryta dillkött nöt m. sås frysvara,"Jod, I",Köttprodukter kötträtter,41.2,µg
1088,Gryta dillkött nöt m. sås frysvara,Fullkorn totalt,Köttprodukter kötträtter,0.0,g
1088,Gryta dillkött nöt m. sås frysvara,"Folat, totalt",Köttprodukter kötträtter,8.0,µg
1088,Gryta dillkött nöt m. sås frysvara,Fibrer,Köttprodukter kötträtter,0.6,g
1088,Gryta dillkött nöt m. sås frysvara,"Fett, totalt",Köttprodukter kötträtter,5.0,g
1088,Gryta dillkött nöt m. sås frysvara,"Järn, Fe",Köttprodukter kötträtter,1.0,mg
1088,Gryta dillkött nöt m. sås frysvara,Energi (kJ),Köttprodukter kötträtter,423.0,kJ
1088,Gryta dillkött nöt m. sås frysvara,Energi (kcal),Köttprodukter kötträtter,101.0,kcal
1088,Gryta dillkött nöt m. sås frysvara,Disackarider,Köttprodukter kötträtter,0.8,g
1088,Gryta dillkött nöt m. sås frysvara,"Kalcium, Ca",Köttprodukter kötträtter,30.0,mg
1088,Gryta dillkött nöt m. sås frysvara,Fettsyra 4:0-10:0,Köttprodukter kötträtter,0.0,g
1088,Gryta dillkött nöt m. sås frysvara,DHA (C22:6),Köttprodukter kötträtter,0.0,g
1088,Gryta dillkött nöt m. sås frysvara,DPA (C22:5),Köttprodukter kötträtter,0.0,g
1088,Gryta dillkött nöt m. sås frysvara,EPA (C20:5),Köttprodukter kötträtter,0.0,g
1088,Gryta dillkött nöt m. sås frysvara,Arakidonsyra C20:4,Köttprodukter kötträtter,0.1,g
1088,Gryta dillkött nöt m. sås frysvara,Arakidinsyra C20:0,Köttprodukter kötträtter,0.0,g
1088,Gryta dillkött nöt m. sås frysvara,Linolensyra C18:3,Köttprodukter kötträtter,0.0,g
1088,Gryta dillkött nöt m. sås frysvara,Linolsyra C18:2,Köttprodukter kötträtter,0.3,g
1088,Gryta dillkött nöt m. sås frysvara,Oljesyra C18:1,Köttprodukter kötträtter,1.9,g
1088,Gryta dillkött nöt m. sås frysvara,Stearinsyra C18:0,Köttprodukter kötträtter,0.6,g
1088,Gryta dillkött nöt m. sås frysvara,Palmitoljesyra C16:1,Köttprodukter kötträtter,0.2,g
1088,Gryta dillkött nöt m. sås frysvara,Palmitinsyra C16:0,Köttprodukter kötträtter,1.0,g
1088,Gryta dillkött nöt m. sås frysvara,Myristinsyra C14:0,Köttprodukter kötträtter,0.2,g
1088,Gryta dillkött nöt m. sås frysvara,Laurinsyra C12:0,Köttprodukter kötträtter,0.0,g
1088,Gryta dillkött nöt m. sås frysvara,Betakaroten/β-Karoten,Köttprodukter kötträtter,300.0,µg
1088,Gryta dillkött nöt m. sås frysvara,Avfall (skal etc.),Köttprodukter kötträtter,0.0,%
1088,Gryta dillkött nöt m. sås frysvara,Aska,Köttprodukter kötträtter,1.7,g
1088,Gryta dillkött nöt m. sås frysvara,Alkohol,Köttprodukter kötträtter,0.0,g
1089,Kinesisk rätt gris friterat m. grönsaker,"Zink, Zn",Köttprodukter kötträtter,1.3,mg
1089,Kinesisk rätt gris friterat m. grönsaker,Vitamin E,Köttprodukter kötträtter,0.5,mg
1089,Kinesisk rätt gris friterat m. grönsaker,Vitamin D,Köttprodukter kötträtter,0.33,µg
1089,Kinesisk rätt gris friterat m. grönsaker,Vitamin C,Köttprodukter kötträtter,3.7,mg
1089,Kinesisk rätt gris friterat m. grönsaker,Vitamin B6,Köttprodukter kötträtter,0.23,mg
1089,Kinesisk rätt gris friterat m. grönsaker,Vitamin B12,Köttprodukter kötträtter,0.7,µg
1089,Kinesisk rätt gris friterat m. grönsaker,Vitamin A,Köttprodukter kötträtter,105.4,RE/µg
1089,Kinesisk rätt gris friterat m. grönsaker,Vatten,Köttprodukter kötträtter,63.8,g
1089,Kinesisk rätt gris friterat m. grönsaker,Tiamin,Köttprodukter kötträtter,0.04,mg
1089,Kinesisk rätt gris friterat m. grönsaker,Tillsatt socker,Köttprodukter kötträtter,5.0,g
1089,Kinesisk rätt gris friterat m. grönsaker,Fritt socker,Köttprodukter kötträtter,5.0,g
1089,Kinesisk rätt gris friterat m. grönsaker,"Selen, Se",Köttprodukter kötträtter,1.0,µg
1089,Kinesisk rätt gris friterat m. grönsaker,Sackaros,Köttprodukter kötträtter,6.2,g
1089,Kinesisk rätt gris friterat m. grönsaker,Riboflavin,Köttprodukter kötträtter,0.09,mg
1089,Kinesisk rätt gris friterat m. grönsaker,Retinol,Köttprodukter kötträtter,4.0,µg
1089,Kinesisk rätt gris friterat m. grönsaker,Protein,Köttprodukter kötträtter,6.8,g
1089,Kinesisk rätt gris friterat m. grönsaker,Summa fleromättade fettsyror,Köttprodukter kötträtter,1.7,g
1089,Kinesisk rätt gris friterat m. grönsaker,"Fosfor, P",Köttprodukter kötträtter,101.0,mg
1089,Kinesisk rätt gris friterat m. grönsaker,Niacinekvivalenter,Köttprodukter kötträtter,4.09,NE/mg
1089,Kinesisk rätt gris friterat m. grönsaker,Niacin,Köttprodukter kötträtter,2.84,mg
1089,Kinesisk rätt gris friterat m. grönsaker,"Salt, NaCl",Köttprodukter kötträtter,1.0,g
1089,Kinesisk rätt gris friterat m. grönsaker,"Natrium, Na",Köttprodukter kötträtter,390.0,mg
1089,Kinesisk rätt gris friterat m. grönsaker,Monosackarider,Köttprodukter kötträtter,3.9,g
1089,Kinesisk rätt gris friterat m. grönsaker,"Sockerarter, totalt",Köttprodukter kötträtter,10.1,g
1089,Kinesisk rätt gris friterat m. grönsaker,Summa enkelomättade fettsyror,Köttprodukter kötträtter,2.9,g
1089,Kinesisk rätt gris friterat m. grönsaker,"Magnesium, Mg",Köttprodukter kötträtter,10.0,mg
1089,Kinesisk rätt gris friterat m. grönsaker,Summa mättade fettsyror,Köttprodukter kötträtter,4.5,g
1089,Kinesisk rätt gris friterat m. grönsaker,"Kolhydrater, tillgängliga",Köttprodukter kötträtter,18.0,g
1089,Kinesisk rätt gris friterat m. grönsaker,Kolesterol,Köttprodukter kötträtter,60.0,mg
1089,Kinesisk rätt gris friterat m. grönsaker,"Kalium, K",Köttprodukter kötträtter,110.0,mg
1089,Kinesisk rätt gris friterat m. grönsaker,Fullkorn totalt,Köttprodukter kötträtter,0.0,g
1089,Kinesisk rätt gris friterat m. grönsaker,"Folat, totalt",Köttprodukter kötträtter,8.0,µg
1089,Kinesisk rätt gris friterat m. grönsaker,Fibrer,Köttprodukter kötträtter,0.5,g
1089,Kinesisk rätt gris friterat m. grönsaker,"Fett, totalt",Köttprodukter kötträtter,9.4,g
1089,Kinesisk rätt gris friterat m. grönsaker,"Järn, Fe",Köttprodukter kötträtter,3.1,mg
1089,Kinesisk rätt gris friterat m. grönsaker,Energi (kJ),Köttprodukter kötträtter,774.0,kJ
1089,Kinesisk rätt gris friterat m. grönsaker,Energi (kcal),Köttprodukter kötträtter,185.0,kcal
1089,Kinesisk rätt gris friterat m. grönsaker,Disackarider,Köttprodukter kötträtter,6.2,g
1089,Kinesisk rätt gris friterat m. grönsaker,"Kalcium, Ca",Köttprodukter kötträtter,14.0,mg
1089,Kinesisk rätt gris friterat m. grönsaker,Fettsyra 4:0-10:0,Köttprodukter kötträtter,0.4,g
1089,Kinesisk rätt gris friterat m. grönsaker,DHA (C22:6),Köttprodukter kötträtter,0.0,g
1089,Kinesisk rätt gris friterat m. grönsaker,DPA (C22:5),Köttprodukter kötträtter,0.0,g
1089,Kinesisk rätt gris friterat m. grönsaker,EPA (C20:5),Köttprodukter kötträtter,0.0,g
1089,Kinesisk rätt gris friterat m. grönsaker,Arakidonsyra C20:4,Köttprodukter kötträtter,0.0,g
1089,Kinesisk rätt gris friterat m. grönsaker,Arakidinsyra C20:0,Köttprodukter kötträtter,0.0,g
1089,Kinesisk rätt gris friterat m. grönsaker,Linolensyra C18:3,Köttprodukter kötträtter,0.2,g
1089,Kinesisk rätt gris friterat m. grönsaker,Linolsyra C18:2,Köttprodukter kötträtter,1.4,g
1089,Kinesisk rätt gris friterat m. grönsaker,Oljesyra C18:1,Köttprodukter kötträtter,2.6,g
1089,Kinesisk rätt gris friterat m. grönsaker,Stearinsyra C18:0,Köttprodukter kötträtter,1.0,g
1089,Kinesisk rätt gris friterat m. grönsaker,Palmitoljesyra C16:1,Köttprodukter kötträtter,0.2,g
1089,Kinesisk rätt gris friterat m. grönsaker,Palmitinsyra C16:0,Köttprodukter kötträtter,2.2,g
1089,Kinesisk rätt gris friterat m. grönsaker,Myristinsyra C14:0,Köttprodukter kötträtter,0.4,g
1089,Kinesisk rätt gris friterat m. grönsaker,Laurinsyra C12:0,Köttprodukter kötträtter,0.1,g
1089,Kinesisk rätt gris friterat m. grönsaker,Betakaroten/β-Karoten,Köttprodukter kötträtter,1217.0,µg
1089,Kinesisk rätt gris friterat m. grönsaker,Avfall (skal etc.),Köttprodukter kötträtter,0.0,%
1089,Kinesisk rätt gris friterat m. grönsaker,Aska,Köttprodukter kötträtter,1.5,g
1089,Kinesisk rätt gris friterat m. grönsaker,Alkohol,Köttprodukter kötträtter,0.0,g
1090,Gryta chop suey fläskfilé tillagad på restaurang,"Zink, Zn",Köttprodukter kötträtter,0.9,mg
1090,Gryta chop suey fläskfilé tillagad på restaurang,Vitamin E,Köttprodukter kötträtter,1.6,mg
1090,Gryta chop suey fläskfilé tillagad på restaurang,Vitamin D,Köttprodukter kötträtter,0.0,µg
1090,Gryta chop suey fläskfilé tillagad på restaurang,Vitamin C,Köttprodukter kötträtter,1.2,mg
1090,Gryta chop suey fläskfilé tillagad på restaurang,Vitamin B6,Köttprodukter kötträtter,0.16,mg
1090,Gryta chop suey fläskfilé tillagad på restaurang,Vitamin B12,Köttprodukter kötträtter,0.13,µg
1090,Gryta chop suey fläskfilé tillagad på restaurang,Vitamin A,Köttprodukter kötträtter,79.3,RE/µg
1090,Gryta chop suey fläskfilé tillagad på restaurang,Vatten,Köttprodukter kötträtter,80.8,g
1090,Gryta chop suey fläskfilé tillagad på restaurang,Tiamin,Köttprodukter kötträtter,0.21,mg
1090,Gryta chop suey fläskfilé tillagad på restaurang,Tillsatt socker,Köttprodukter kötträtter,0.0,g
1090,Gryta chop suey fläskfilé tillagad på restaurang,Fritt socker,Köttprodukter kötträtter,0.0,g
1090,Gryta chop suey fläskfilé tillagad på restaurang,"Selen, Se",Köttprodukter kötträtter,4.4,µg
1090,Gryta chop suey fläskfilé tillagad på restaurang,Sackaros,Köttprodukter kötträtter,1.2,g
1090,Gryta chop suey fläskfilé tillagad på restaurang,Riboflavin,Köttprodukter kötträtter,0.08,mg
1090,Gryta chop suey fläskfilé tillagad på restaurang,Retinol,Köttprodukter kötträtter,0.0,µg
1090,Gryta chop suey fläskfilé tillagad på restaurang,Protein,Köttprodukter kötträtter,7.2,g
1090,Gryta chop suey fläskfilé tillagad på restaurang,Summa fleromättade fettsyror,Köttprodukter kötträtter,2.0,g
1090,Gryta chop suey fläskfilé tillagad på restaurang,"Fosfor, P",Köttprodukter kötträtter,60.0,mg
1090,Gryta chop suey fläskfilé tillagad på restaurang,Niacinekvivalenter,Köttprodukter kötträtter,3.1,NE/mg
1090,Gryta chop suey fläskfilé tillagad på restaurang,Niacin,Köttprodukter kötträtter,1.74,mg
1090,Gryta chop suey fläskfilé tillagad på restaurang,"Salt, NaCl",Köttprodukter kötträtter,1.2,g
1090,Gryta chop suey fläskfilé tillagad på restaurang,"Natrium, Na",Köttprodukter kötträtter,488.0,mg
1090,Gryta chop suey fläskfilé tillagad på restaurang,Monosackarider,Köttprodukter kötträtter,0.7,g
1090,Gryta chop suey fläskfilé tillagad på restaurang,"Sockerarter, totalt",Köttprodukter kötträtter,1.9,g
1090,Gryta chop suey fläskfilé tillagad på restaurang,Summa enkelomättade fettsyror,Köttprodukter kötträtter,2.5,g
1090,Gryta chop suey fläskfilé tillagad på restaurang,"Magnesium, Mg",Köttprodukter kötträtter,10.0,mg
1090,Gryta chop suey fläskfilé tillagad på restaurang,Summa mättade fettsyror,Köttprodukter kötträtter,0.9,g
1090,Gryta chop suey fläskfilé tillagad på restaurang,"Kolhydrater, tillgängliga",Köttprodukter kötträtter,3.1,g
1090,Gryta chop suey fläskfilé tillagad på restaurang,Kolesterol,Köttprodukter kötträtter,18.8,mg
1090,Gryta chop suey fläskfilé tillagad på restaurang,"Kalium, K",Köttprodukter kötträtter,143.0,mg
1090,Gryta chop suey fläskfilé tillagad på restaurang,"Jod, I",Köttprodukter kötträtter,4.0,µg
1090,Gryta chop suey fläskfilé tillagad på restaurang,Fullkorn totalt,Köttprodukter kötträtter,0.0,g
1090,Gryta chop suey fläskfilé tillagad på restaurang,"Folat, totalt",Köttprodukter kötträtter,22.4,µg
1090,Gryta chop suey fläskfilé tillagad på restaurang,Fibrer,Köttprodukter kötträtter,1.6,g
1090,Gryta chop suey fläskfilé tillagad på restaurang,"Fett, totalt",Köttprodukter kötträtter,5.7,g
1090,Gryta chop suey fläskfilé tillagad på restaurang,"Järn, Fe",Köttprodukter kötträtter,0.5,mg
1090,Gryta chop suey fläskfilé tillagad på restaurang,Energi (kJ),Köttprodukter kötträtter,400.0,kJ
1090,Gryta chop suey fläskfilé tillagad på restaurang,Energi (kcal),Köttprodukter kötträtter,96.0,kcal
1090,Gryta chop suey fläskfilé tillagad på restaurang,Disackarider,Köttprodukter kötträtter,1.2,g
1090,Gryta chop suey fläskfilé tillagad på restaurang,"Kalcium, Ca",Köttprodukter kötträtter,13.0,mg
1090,Gryta chop suey fläskfilé tillagad på restaurang,Fettsyra 4:0-10:0,Köttprodukter kötträtter,0.0,g
1090,Gryta chop suey fläskfilé tillagad på restaurang,DHA (C22:6),Köttprodukter kötträtter,0.0,g
1090,Gryta chop suey fläskfilé tillagad på restaurang,DPA (C22:5),Köttprodukter kötträtter,0.0,g
1090,Gryta chop suey fläskfilé tillagad på restaurang,EPA (C20:5),Köttprodukter kötträtter,0.0,g
1090,Gryta chop suey fläskfilé tillagad på restaurang,Arakidonsyra C20:4,Köttprodukter kötträtter,0.0,g
1090,Gryta chop suey fläskfilé tillagad på restaurang,Arakidinsyra C20:0,Köttprodukter kötträtter,0.0,g
1090,Gryta chop suey fläskfilé tillagad på restaurang,Linolensyra C18:3,Köttprodukter kötträtter,0.2,g
1090,Gryta chop suey fläskfilé tillagad på restaurang,Linolsyra C18:2,Köttprodukter kötträtter,1.8,g
1090,Gryta chop suey fläskfilé tillagad på restaurang,Oljesyra C18:1,Köttprodukter kötträtter,2.4,g
1090,Gryta chop suey fläskfilé tillagad på restaurang,Stearinsyra C18:0,Köttprodukter kötträtter,0.2,g
1090,Gryta chop suey fläskfilé tillagad på restaurang,Palmitoljesyra C16:1,Köttprodukter kötträtter,0.0,g
1090,Gryta chop suey fläskfilé tillagad på restaurang,Palmitinsyra C16:0,Köttprodukter kötträtter,0.6,g
1090,Gryta chop suey fläskfilé tillagad på restaurang,Myristinsyra C14:0,Köttprodukter kötträtter,0.0,g
1090,Gryta chop suey fläskfilé tillagad på restaurang,Laurinsyra C12:0,Köttprodukter kötträtter,0.0,g
1090,Gryta chop suey fläskfilé tillagad på restaurang,Betakaroten/β-Karoten,Köttprodukter kötträtter,806.0,µg
1090,Gryta chop suey fläskfilé tillagad på restaurang,Avfall (skal etc.),Köttprodukter kötträtter,0.0,%
1090,Gryta chop suey fläskfilé tillagad på restaurang,Aska,Köttprodukter kötträtter,1.6,g
1090,Gryta chop suey fläskfilé tillagad på restaurang,Alkohol,Köttprodukter kötträtter,0.0,g
1091,Nasi Goreng gris tillagad på restaurang,"Zink, Zn",Köttprodukter kötträtter,0.9,mg
1091,Nasi Goreng gris tillagad på restaurang,Vitamin E,Köttprodukter kötträtter,1.9,mg
1091,Nasi Goreng gris tillagad på restaurang,Vitamin D,Köttprodukter kötträtter,0.1,µg
1091,Nasi Goreng gris tillagad på restaurang,Vitamin C,Köttprodukter kötträtter,5.5,mg
1091,Nasi Goreng gris tillagad på restaurang,Vitamin B6,Köttprodukter kötträtter,0.1,mg
1091,Nasi Goreng gris tillagad på restaurang,Vitamin B12,Köttprodukter kötträtter,0.21,µg
1091,Nasi Goreng gris tillagad på restaurang,Vitamin A,Köttprodukter kötträtter,18.4,RE/µg
1091,Nasi Goreng gris tillagad på restaurang,Vatten,Köttprodukter kötträtter,63.5,g
1091,Nasi Goreng gris tillagad på restaurang,Tiamin,Köttprodukter kötträtter,0.1,mg
1091,Nasi Goreng gris tillagad på restaurang,Tillsatt socker,Köttprodukter kötträtter,0.0,g
1091,Nasi Goreng gris tillagad på restaurang,Fritt socker,Köttprodukter kötträtter,0.0,g
1091,Nasi Goreng gris tillagad på restaurang,"Selen, Se",Köttprodukter kötträtter,4.4,µg
1091,Nasi Goreng gris tillagad på restaurang,Sackaros,Köttprodukter kötträtter,0.6,g
1091,Nasi Goreng gris tillagad på restaurang,Riboflavin,Köttprodukter kötträtter,0.07,mg
1091,Nasi Goreng gris tillagad på restaurang,Retinol,Köttprodukter kötträtter,15.1,µg
1091,Nasi Goreng gris tillagad på restaurang,Protein,Köttprodukter kötträtter,7.9,g
1091,Nasi Goreng gris tillagad på restaurang,Summa fleromättade fettsyror,Köttprodukter kötträtter,2.5,g
1091,Nasi Goreng gris tillagad på restaurang,"Fosfor, P",Köttprodukter kötträtter,60.0,mg
1091,Nasi Goreng gris tillagad på restaurang,Niacinekvivalenter,Köttprodukter kötträtter,2.7,NE/mg
1091,Nasi Goreng gris tillagad på restaurang,Niacin,Köttprodukter kötträtter,1.28,mg
1091,Nasi Goreng gris tillagad på restaurang,"Salt, NaCl",Köttprodukter kötträtter,1.2,g
1091,Nasi Goreng gris tillagad på restaurang,"Natrium, Na",Köttprodukter kötträtter,488.0,mg
1091,Nasi Goreng gris tillagad på restaurang,Monosackarider,Köttprodukter kötträtter,0.5,g
1091,Nasi Goreng gris tillagad på restaurang,"Sockerarter, totalt",Köttprodukter kötträtter,1.1,g
1091,Nasi Goreng gris tillagad på restaurang,Summa enkelomättade fettsyror,Köttprodukter kötträtter,3.0,g
1091,Nasi Goreng gris tillagad på restaurang,"Magnesium, Mg",Köttprodukter kötträtter,10.0,mg
1091,Nasi Goreng gris tillagad på restaurang,Summa mättade fettsyror,Köttprodukter kötträtter,1.4,g
1091,Nasi Goreng gris tillagad på restaurang,"Kolhydrater, tillgängliga",Köttprodukter kötträtter,18.8,g
1091,Nasi Goreng gris tillagad på restaurang,Kolesterol,Köttprodukter kötträtter,54.8,mg
1091,Nasi Goreng gris tillagad på restaurang,"Kalium, K",Köttprodukter kötträtter,143.0,mg
1091,Nasi Goreng gris tillagad på restaurang,"Jod, I",Köttprodukter kötträtter,4.0,µg
1091,Nasi Goreng gris tillagad på restaurang,Fullkorn totalt,Köttprodukter kötträtter,0.0,g
1091,Nasi Goreng gris tillagad på restaurang,"Folat, totalt",Köttprodukter kötträtter,26.3,µg
1091,Nasi Goreng gris tillagad på restaurang,Fibrer,Köttprodukter kötträtter,1.6,g
1091,Nasi Goreng gris tillagad på restaurang,"Fett, totalt",Köttprodukter kötträtter,7.2,g
1091,Nasi Goreng gris tillagad på restaurang,"Järn, Fe",Köttprodukter kötträtter,0.4,mg
1091,Nasi Goreng gris tillagad på restaurang,Energi (kJ),Köttprodukter kötträtter,734.0,kJ
1091,Nasi Goreng gris tillagad på restaurang,Energi (kcal),Köttprodukter kötträtter,176.0,kcal
1091,Nasi Goreng gris tillagad på restaurang,Disackarider,Köttprodukter kötträtter,0.6,g
1091,Nasi Goreng gris tillagad på restaurang,"Kalcium, Ca",Köttprodukter kötträtter,13.0,mg
1091,Nasi Goreng gris tillagad på restaurang,Fettsyra 4:0-10:0,Köttprodukter kötträtter,0.0,g
1091,Nasi Goreng gris tillagad på restaurang,DHA (C22:6),Köttprodukter kötträtter,0.0,g
1091,Nasi Goreng gris tillagad på restaurang,DPA (C22:5),Köttprodukter kötträtter,0.0,g
1091,Nasi Goreng gris tillagad på restaurang,EPA (C20:5),Köttprodukter kötträtter,0.0,g
1091,Nasi Goreng gris tillagad på restaurang,Arakidonsyra C20:4,Köttprodukter kötträtter,0.0,g
1091,Nasi Goreng gris tillagad på restaurang,Arakidinsyra C20:0,Köttprodukter kötträtter,0.0,g
1091,Nasi Goreng gris tillagad på restaurang,Linolensyra C18:3,Köttprodukter kötträtter,0.2,g
1091,Nasi Goreng gris tillagad på restaurang,Linolsyra C18:2,Köttprodukter kötträtter,2.3,g
1091,Nasi Goreng gris tillagad på restaurang,Oljesyra C18:1,Köttprodukter kötträtter,2.9,g
1091,Nasi Goreng gris tillagad på restaurang,Stearinsyra C18:0,Köttprodukter kötträtter,0.4,g
1091,Nasi Goreng gris tillagad på restaurang,Palmitoljesyra C16:1,Köttprodukter kötträtter,0.1,g
1091,Nasi Goreng gris tillagad på restaurang,Palmitinsyra C16:0,Köttprodukter kötträtter,0.9,g
1091,Nasi Goreng gris tillagad på restaurang,Myristinsyra C14:0,Köttprodukter kötträtter,0.0,g
1091,Nasi Goreng gris tillagad på restaurang,Laurinsyra C12:0,Köttprodukter kötträtter,0.0,g
1091,Nasi Goreng gris tillagad på restaurang,Betakaroten/β-Karoten,Köttprodukter kötträtter,33.0,µg
1091,Nasi Goreng gris tillagad på restaurang,Avfall (skal etc.),Köttprodukter kötträtter,0.0,%
1091,Nasi Goreng gris tillagad på restaurang,Aska,Köttprodukter kötträtter,1.0,g
1091,Nasi Goreng gris tillagad på restaurang,Alkohol,Köttprodukter kötträtter,0.0,g
1094,Frikassé kalv frysvara,"Zink, Zn",Köttprodukter kötträtter,2.5,mg
1094,Frikassé kalv frysvara,Vitamin E,Köttprodukter kötträtter,0.5,mg
1094,Frikassé kalv frysvara,Vitamin D,Köttprodukter kötträtter,0.2,µg
1094,Frikassé kalv frysvara,Vitamin C,Köttprodukter kötträtter,0.0,mg
1094,Frikassé kalv frysvara,Vitamin B6,Köttprodukter kötträtter,0.13,mg
1094,Frikassé kalv frysvara,Vitamin B12,Köttprodukter kötträtter,1.5,µg
1094,Frikassé kalv frysvara,Vitamin A,Köttprodukter kötträtter,129.9,RE/µg
1094,Frikassé kalv frysvara,Vatten,Köttprodukter kötträtter,74.0,g
1094,Frikassé kalv frysvara,Tiamin,Köttprodukter kötträtter,0.15,mg
1094,Frikassé kalv frysvara,Tillsatt socker,Köttprodukter kötträtter,0.0,g
1094,Frikassé kalv frysvara,Fritt socker,Köttprodukter kötträtter,1.0,g
1094,Frikassé kalv frysvara,"Selen, Se",Köttprodukter kötträtter,1.0,µg
1094,Frikassé kalv frysvara,Sackaros,Köttprodukter kötträtter,0.5,g
1094,Frikassé kalv frysvara,Riboflavin,Köttprodukter kötträtter,0.2,mg
1094,Frikassé kalv frysvara,Retinol,Köttprodukter kötträtter,31.0,µg
1094,Frikassé kalv frysvara,Protein,Köttprodukter kötträtter,14.8,g
1094,Frikassé kalv frysvara,Summa fleromättade fettsyror,Köttprodukter kötträtter,0.8,g
1094,Frikassé kalv frysvara,"Fosfor, P",Köttprodukter kötträtter,106.0,mg
1094,Frikassé kalv frysvara,Niacinekvivalenter,Köttprodukter kötträtter,7.71,NE/mg
1094,Frikassé kalv frysvara,Niacin,Köttprodukter kötträtter,5.0,mg
1094,Frikassé kalv frysvara,"Salt, NaCl",Köttprodukter kötträtter,1.2,g
1094,Frikassé kalv frysvara,"Natrium, Na",Köttprodukter kötträtter,485.0,mg
1094,Frikassé kalv frysvara,Monosackarider,Köttprodukter kötträtter,0.4,g
1094,Frikassé kalv frysvara,"Sockerarter, totalt",Köttprodukter kötträtter,1.1,g
1094,Frikassé kalv frysvara,Summa enkelomättade fettsyror,Köttprodukter kötträtter,2.8,g
1094,Frikassé kalv frysvara,"Magnesium, Mg",Köttprodukter kötträtter,11.0,mg
1094,Frikassé kalv frysvara,Summa mättade fettsyror,Köttprodukter kötträtter,2.3,g
1094,Frikassé kalv frysvara,"Kolhydrater, tillgängliga",Köttprodukter kötträtter,2.5,g
1094,Frikassé kalv frysvara,Kolesterol,Köttprodukter kötträtter,43.0,mg
1094,Frikassé kalv frysvara,"Kalium, K",Köttprodukter kötträtter,240.0,mg
1094,Frikassé kalv frysvara,Fullkorn totalt,Köttprodukter kötträtter,0.0,g
1094,Frikassé kalv frysvara,"Folat, totalt",Köttprodukter kötträtter,7.0,µg
1094,Frikassé kalv frysvara,Fibrer,Köttprodukter kötträtter,0.6,g
1094,Frikassé kalv frysvara,"Fett, totalt",Köttprodukter kötträtter,6.2,g
1094,Frikassé kalv frysvara,"Järn, Fe",Köttprodukter kötträtter,1.8,mg
1094,Frikassé kalv frysvara,Energi (kJ),Köttprodukter kötträtter,528.0,kJ
1094,Frikassé kalv frysvara,Energi (kcal),Köttprodukter kötträtter,126.0,kcal
1094,Frikassé kalv frysvara,Disackarider,Köttprodukter kötträtter,0.7,g
1094,Frikassé kalv frysvara,"Kalcium, Ca",Köttprodukter kötträtter,10.0,mg
1094,Frikassé kalv frysvara,Fettsyra 4:0-10:0,Köttprodukter kötträtter,0.0,g
1094,Frikassé kalv frysvara,DHA (C22:6),Köttprodukter kötträtter,0.0,g
1094,Frikassé kalv frysvara,DPA (C22:5),Köttprodukter kötträtter,0.0,g
1094,Frikassé kalv frysvara,EPA (C20:5),Köttprodukter kötträtter,0.0,g
1094,Frikassé kalv frysvara,Arakidonsyra C20:4,Köttprodukter kötträtter,0.0,g
1094,Frikassé kalv frysvara,Arakidinsyra C20:0,Köttprodukter kötträtter,0.0,g
1094,Frikassé kalv frysvara,Linolensyra C18:3,Köttprodukter kötträtter,0.1,g
1094,Frikassé kalv frysvara,Linolsyra C18:2,Köttprodukter kötträtter,0.6,g
1094,Frikassé kalv frysvara,Oljesyra C18:1,Köttprodukter kötträtter,2.5,g
1094,Frikassé kalv frysvara,Stearinsyra C18:0,Köttprodukter kötträtter,0.7,g
1094,Frikassé kalv frysvara,Palmitoljesyra C16:1,Köttprodukter kötträtter,0.2,g
1094,Frikassé kalv frysvara,Palmitinsyra C16:0,Köttprodukter kötträtter,1.1,g
1094,Frikassé kalv frysvara,Myristinsyra C14:0,Köttprodukter kötträtter,0.2,g
1094,Frikassé kalv frysvara,Laurinsyra C12:0,Köttprodukter kötträtter,0.2,g
1094,Frikassé kalv frysvara,Betakaroten/β-Karoten,Köttprodukter kötträtter,1187.0,µg
1094,Frikassé kalv frysvara,Avfall (skal etc.),Köttprodukter kötträtter,0.0,%
1094,Frikassé kalv frysvara,Aska,Köttprodukter kötträtter,1.9,g
1094,Frikassé kalv frysvara,Alkohol,Köttprodukter kötträtter,0.0,g
1095,Gryta kalops nöt frysvara,"Zink, Zn",Köttprodukter kötträtter,2.8,mg
1095,Gryta kalops nöt frysvara,Vitamin E,Köttprodukter kötträtter,0.6,mg
1095,Gryta kalops nöt frysvara,Vitamin D,Köttprodukter kötträtter,0.86,µg
1095,Gryta kalops nöt frysvara,Vitamin C,Köttprodukter kötträtter,0.0,mg
1095,Gryta kalops nöt frysvara,Vitamin B6,Köttprodukter kötträtter,0.13,mg
1095,Gryta kalops nöt frysvara,Vitamin B12,Köttprodukter kötträtter,1.5,µg
1095,Gryta kalops nöt frysvara,Vitamin A,Köttprodukter kötträtter,99.0,RE/µg
1095,Gryta kalops nöt frysvara,Vatten,Köttprodukter kötträtter,74.0,g
1095,Gryta kalops nöt frysvara,Tiamin,Köttprodukter kötträtter,0.38,mg
1095,Gryta kalops nöt frysvara,Tillsatt socker,Köttprodukter kötträtter,0.0,g
1095,Gryta kalops nöt frysvara,Fritt socker,Köttprodukter kötträtter,0.0,g
1095,Gryta kalops nöt frysvara,"Selen, Se",Köttprodukter kötträtter,1.0,µg
1095,Gryta kalops nöt frysvara,Sackaros,Köttprodukter kötträtter,0.5,g
1095,Gryta kalops nöt frysvara,Riboflavin,Köttprodukter kötträtter,0.15,mg
1095,Gryta kalops nöt frysvara,Retinol,Köttprodukter kötträtter,90.0,µg
1095,Gryta kalops nöt frysvara,Protein,Köttprodukter kötträtter,14.2,g
1095,Gryta kalops nöt frysvara,Summa fleromättade fettsyror,Köttprodukter kötträtter,0.2,g
1095,Gryta kalops nöt frysvara,"Fosfor, P",Köttprodukter kötträtter,130.0,mg
1095,Gryta kalops nöt frysvara,Niacinekvivalenter,Köttprodukter kötträtter,5.6,NE/mg
1095,Gryta kalops nöt frysvara,Niacin,Köttprodukter kötträtter,3.0,mg
1095,Gryta kalops nöt frysvara,"Salt, NaCl",Köttprodukter kötträtter,1.4,g
1095,Gryta kalops nöt frysvara,"Natrium, Na",Köttprodukter kötträtter,540.0,mg
1095,Gryta kalops nöt frysvara,Monosackarider,Köttprodukter kötträtter,0.5,g
1095,Gryta kalops nöt frysvara,"Sockerarter, totalt",Köttprodukter kötträtter,1.0,g
1095,Gryta kalops nöt frysvara,Summa enkelomättade fettsyror,Köttprodukter kötträtter,2.9,g
1095,Gryta kalops nöt frysvara,"Magnesium, Mg",Köttprodukter kötträtter,11.0,mg
1095,Gryta kalops nöt frysvara,Summa mättade fettsyror,Köttprodukter kötträtter,2.4,g
1095,Gryta kalops nöt frysvara,"Kolhydrater, tillgängliga",Köttprodukter kötträtter,2.8,g
1095,Gryta kalops nöt frysvara,Kolesterol,Köttprodukter kötträtter,44.0,mg
1095,Gryta kalops nöt frysvara,"Kalium, K",Köttprodukter kötträtter,230.0,mg
1095,Gryta kalops nöt frysvara,"Jod, I",Köttprodukter kötträtter,1.8,µg
1095,Gryta kalops nöt frysvara,Fullkorn totalt,Köttprodukter kötträtter,0.0,g
1095,Gryta kalops nöt frysvara,"Folat, totalt",Köttprodukter kötträtter,5.5,µg
1095,Gryta kalops nöt frysvara,Fibrer,Köttprodukter kötträtter,0.6,g
1095,Gryta kalops nöt frysvara,"Fett, totalt",Köttprodukter kötträtter,6.0,g
1095,Gryta kalops nöt frysvara,"Järn, Fe",Köttprodukter kötträtter,1.9,mg
1095,Gryta kalops nöt frysvara,Energi (kJ),Köttprodukter kötträtter,516.0,kJ
1095,Gryta kalops nöt frysvara,Energi (kcal),Köttprodukter kötträtter,123.0,kcal
1095,Gryta kalops nöt frysvara,Disackarider,Köttprodukter kötträtter,0.5,g
1095,Gryta kalops nöt frysvara,"Kalcium, Ca",Köttprodukter kötträtter,10.0,mg
1095,Gryta kalops nöt frysvara,Fettsyra 4:0-10:0,Köttprodukter kötträtter,0.0,g
1095,Gryta kalops nöt frysvara,DHA (C22:6),Köttprodukter kötträtter,0.0,g
1095,Gryta kalops nöt frysvara,DPA (C22:5),Köttprodukter kötträtter,0.0,g
1095,Gryta kalops nöt frysvara,EPA (C20:5),Köttprodukter kötträtter,0.0,g
1095,Gryta kalops nöt frysvara,Arakidonsyra C20:4,Köttprodukter kötträtter,0.0,g
1095,Gryta kalops nöt frysvara,Arakidinsyra C20:0,Köttprodukter kötträtter,0.0,g
1095,Gryta kalops nöt frysvara,Linolensyra C18:3,Köttprodukter kötträtter,0.0,g
1095,Gryta kalops nöt frysvara,Linolsyra C18:2,Köttprodukter kötträtter,0.1,g
1095,Gryta kalops nöt frysvara,Oljesyra C18:1,Köttprodukter kötträtter,2.4,g
1095,Gryta kalops nöt frysvara,Stearinsyra C18:0,Köttprodukter kötträtter,0.6,g
1095,Gryta kalops nöt frysvara,Palmitoljesyra C16:1,Köttprodukter kötträtter,0.3,g
1095,Gryta kalops nöt frysvara,Palmitinsyra C16:0,Köttprodukter kötträtter,1.4,g
1095,Gryta kalops nöt frysvara,Myristinsyra C14:0,Köttprodukter kötträtter,0.2,g
1095,Gryta kalops nöt frysvara,Laurinsyra C12:0,Köttprodukter kötträtter,0.0,g
1095,Gryta kalops nöt frysvara,Betakaroten/β-Karoten,Köttprodukter kötträtter,108.0,µg
1095,Gryta kalops nöt frysvara,Avfall (skal etc.),Köttprodukter kötträtter,0.0,%
1095,Gryta kalops nöt frysvara,Aska,Köttprodukter kötträtter,2.4,g
1095,Gryta kalops nöt frysvara,Alkohol,Köttprodukter kötträtter,0.0,g
1096,Köttsoppa nöt tillagad konserv. m. vatten,"Zink, Zn",Soppa mat,0.4,mg
1096,Köttsoppa nöt tillagad konserv. m. vatten,Vitamin E,Soppa mat,0.1,mg
1096,Köttsoppa nöt tillagad konserv. m. vatten,Vitamin D,Soppa mat,0.0,µg
1096,Köttsoppa nöt tillagad konserv. m. vatten,Vitamin C,Soppa mat,0.0,mg
1096,Köttsoppa nöt tillagad konserv. m. vatten,Vitamin B6,Soppa mat,0.03,mg
1096,Köttsoppa nöt tillagad konserv. m. vatten,Vitamin B12,Soppa mat,0.08,µg
1096,Köttsoppa nöt tillagad konserv. m. vatten,Vitamin A,Soppa mat,225.0,RE/µg
1096,Köttsoppa nöt tillagad konserv. m. vatten,Vatten,Soppa mat,94.6,g
1096,Köttsoppa nöt tillagad konserv. m. vatten,Tiamin,Soppa mat,0.02,mg
1096,Köttsoppa nöt tillagad konserv. m. vatten,Tillsatt socker,Soppa mat,0.0,g
1096,Köttsoppa nöt tillagad konserv. m. vatten,Fritt socker,Soppa mat,0.0,g
1096,Köttsoppa nöt tillagad konserv. m. vatten,"Selen, Se",Soppa mat,0.7,µg
1096,Köttsoppa nöt tillagad konserv. m. vatten,Sackaros,Soppa mat,0.5,g
1096,Köttsoppa nöt tillagad konserv. m. vatten,Riboflavin,Soppa mat,0.02,mg
1096,Köttsoppa nöt tillagad konserv. m. vatten,Retinol,Soppa mat,0.0,µg
1096,Köttsoppa nöt tillagad konserv. m. vatten,Protein,Soppa mat,1.5,g
1096,Köttsoppa nöt tillagad konserv. m. vatten,Summa fleromättade fettsyror,Soppa mat,0.0,g
1096,Köttsoppa nöt tillagad konserv. m. vatten,"Fosfor, P",Soppa mat,16.0,mg
1096,Köttsoppa nöt tillagad konserv. m. vatten,Niacinekvivalenter,Soppa mat,0.54,NE/mg
1096,Köttsoppa nöt tillagad konserv. m. vatten,Niacin,Soppa mat,0.27,mg
1096,Köttsoppa nöt tillagad konserv. m. vatten,"Salt, NaCl",Soppa mat,1.1,g
1096,Köttsoppa nöt tillagad konserv. m. vatten,"Natrium, Na",Soppa mat,431.0,mg
1096,Köttsoppa nöt tillagad konserv. m. vatten,Monosackarider,Soppa mat,0.4,g
1096,Köttsoppa nöt tillagad konserv. m. vatten,"Sockerarter, totalt",Soppa mat,0.9,g
1096,Köttsoppa nöt tillagad konserv. m. vatten,Summa enkelomättade fettsyror,Soppa mat,0.1,g
1096,Köttsoppa nöt tillagad konserv. m. vatten,"Magnesium, Mg",Soppa mat,9.0,mg
1096,Köttsoppa nöt tillagad konserv. m. vatten,Summa mättade fettsyror,Soppa mat,0.1,g
1096,Köttsoppa nöt tillagad konserv. m. vatten,"Kolhydrater, tillgängliga",Soppa mat,1.0,g
1096,Köttsoppa nöt tillagad konserv. m. vatten,Kolesterol,Soppa mat,3.0,mg
1096,Köttsoppa nöt tillagad konserv. m. vatten,"Kalium, K",Soppa mat,59.0,mg
1096,Köttsoppa nöt tillagad konserv. m. vatten,Fullkorn totalt,Soppa mat,0.0,g
1096,Köttsoppa nöt tillagad konserv. m. vatten,"Folat, totalt",Soppa mat,15.6,µg
1096,Köttsoppa nöt tillagad konserv. m. vatten,Fibrer,Soppa mat,1.4,g
1096,Köttsoppa nöt tillagad konserv. m. vatten,"Fett, totalt",Soppa mat,0.4,g
1096,Köttsoppa nöt tillagad konserv. m. vatten,"Järn, Fe",Soppa mat,0.3,mg
1096,Köttsoppa nöt tillagad konserv. m. vatten,Energi (kJ),Soppa mat,66.0,kJ
1096,Köttsoppa nöt tillagad konserv. m. vatten,Energi (kcal),Soppa mat,16.0,kcal
1096,Köttsoppa nöt tillagad konserv. m. vatten,Disackarider,Soppa mat,0.5,g
1096,Köttsoppa nöt tillagad konserv. m. vatten,"Kalcium, Ca",Soppa mat,15.0,mg
1096,Köttsoppa nöt tillagad konserv. m. vatten,Fettsyra 4:0-10:0,Soppa mat,0.0,g
1096,Köttsoppa nöt tillagad konserv. m. vatten,DHA (C22:6),Soppa mat,0.0,g
1096,Köttsoppa nöt tillagad konserv. m. vatten,DPA (C22:5),Soppa mat,0.0,g
1096,Köttsoppa nöt tillagad konserv. m. vatten,EPA (C20:5),Soppa mat,0.0,g
1096,Köttsoppa nöt tillagad konserv. m. vatten,Arakidonsyra C20:4,Soppa mat,0.0,g
1096,Köttsoppa nöt tillagad konserv. m. vatten,Arakidinsyra C20:0,Soppa mat,0.0,g
1096,Köttsoppa nöt tillagad konserv. m. vatten,Linolensyra C18:3,Soppa mat,0.0,g
1096,Köttsoppa nöt tillagad konserv. m. vatten,Linolsyra C18:2,Soppa mat,0.0,g
1096,Köttsoppa nöt tillagad konserv. m. vatten,Oljesyra C18:1,Soppa mat,0.1,g
1096,Köttsoppa nöt tillagad konserv. m. vatten,Stearinsyra C18:0,Soppa mat,0.0,g
1096,Köttsoppa nöt tillagad konserv. m. vatten,Palmitoljesyra C16:1,Soppa mat,0.0,g
1096,Köttsoppa nöt tillagad konserv. m. vatten,Palmitinsyra C16:0,Soppa mat,0.1,g
1096,Köttsoppa nöt tillagad konserv. m. vatten,Myristinsyra C14:0,Soppa mat,0.0,g
1096,Köttsoppa nöt tillagad konserv. m. vatten,Laurinsyra C12:0,Soppa mat,0.0,g
1096,Köttsoppa nöt tillagad konserv. m. vatten,Betakaroten/β-Karoten,Soppa mat,2700.0,µg
1096,Köttsoppa nöt tillagad konserv. m. vatten,Avfall (skal etc.),Soppa mat,0.0,%
1096,Köttsoppa nöt tillagad konserv. m. vatten,Aska,Soppa mat,1.2,g
1096,Köttsoppa nöt tillagad konserv. m. vatten,Alkohol,Soppa mat,0.0,g
1099,Kycklingburgare rå fett ca 7% frysvara,"Zink, Zn",Fågelprodukter fågelrätter,0.8,mg
1099,Kycklingburgare rå fett ca 7% frysvara,Vitamin E,Fågelprodukter fågelrätter,0.3,mg
1099,Kycklingburgare rå fett ca 7% frysvara,Vitamin D,Fågelprodukter fågelrätter,0.1,µg
1099,Kycklingburgare rå fett ca 7% frysvara,Vitamin C,Fågelprodukter fågelrätter,0.0,mg
1099,Kycklingburgare rå fett ca 7% frysvara,Vitamin B6,Fågelprodukter fågelrätter,0.28,mg
1099,Kycklingburgare rå fett ca 7% frysvara,Vitamin B12,Fågelprodukter fågelrätter,0.6,µg
1099,Kycklingburgare rå fett ca 7% frysvara,Vitamin A,Fågelprodukter fågelrätter,32.0,RE/µg
1099,Kycklingburgare rå fett ca 7% frysvara,Vatten,Fågelprodukter fågelrätter,64.6,g
1099,Kycklingburgare rå fett ca 7% frysvara,Tiamin,Fågelprodukter fågelrätter,0.11,mg
1099,Kycklingburgare rå fett ca 7% frysvara,Tillsatt socker,Fågelprodukter fågelrätter,0.0,g
1099,Kycklingburgare rå fett ca 7% frysvara,Fritt socker,Fågelprodukter fågelrätter,0.0,g
1099,Kycklingburgare rå fett ca 7% frysvara,"Selen, Se",Fågelprodukter fågelrätter,6.0,µg
1099,Kycklingburgare rå fett ca 7% frysvara,Sackaros,Fågelprodukter fågelrätter,0.0,g
1099,Kycklingburgare rå fett ca 7% frysvara,Riboflavin,Fågelprodukter fågelrätter,0.22,mg
1099,Kycklingburgare rå fett ca 7% frysvara,Retinol,Fågelprodukter fågelrätter,32.0,µg
1099,Kycklingburgare rå fett ca 7% frysvara,Protein,Fågelprodukter fågelrätter,15.0,g
1099,Kycklingburgare rå fett ca 7% frysvara,Summa fleromättade fettsyror,Fågelprodukter fågelrätter,1.0,g
1099,Kycklingburgare rå fett ca 7% frysvara,"Fosfor, P",Fågelprodukter fågelrätter,150.0,mg
1099,Kycklingburgare rå fett ca 7% frysvara,Niacinekvivalenter,Fågelprodukter fågelrätter,5.36,NE/mg
1099,Kycklingburgare rå fett ca 7% frysvara,Niacin,Fågelprodukter fågelrätter,2.6,mg
1099,Kycklingburgare rå fett ca 7% frysvara,"Salt, NaCl",Fågelprodukter fågelrätter,1.5,g
1099,Kycklingburgare rå fett ca 7% frysvara,"Natrium, Na",Fågelprodukter fågelrätter,610.0,mg
1099,Kycklingburgare rå fett ca 7% frysvara,Monosackarider,Fågelprodukter fågelrätter,0.5,g
1099,Kycklingburgare rå fett ca 7% frysvara,"Sockerarter, totalt",Fågelprodukter fågelrätter,0.5,g
1099,Kycklingburgare rå fett ca 7% frysvara,Summa enkelomättade fettsyror,Fågelprodukter fågelrätter,3.4,g
1099,Kycklingburgare rå fett ca 7% frysvara,"Magnesium, Mg",Fågelprodukter fågelrätter,20.0,mg
1099,Kycklingburgare rå fett ca 7% frysvara,Summa mättade fettsyror,Fågelprodukter fågelrätter,2.0,g
1099,Kycklingburgare rå fett ca 7% frysvara,"Kolhydrater, tillgängliga",Fågelprodukter fågelrätter,11.0,g
1099,Kycklingburgare rå fett ca 7% frysvara,Kolesterol,Fågelprodukter fågelrätter,70.0,mg
1099,Kycklingburgare rå fett ca 7% frysvara,"Kalium, K",Fågelprodukter fågelrätter,380.0,mg
1099,Kycklingburgare rå fett ca 7% frysvara,"Jod, I",Fågelprodukter fågelrätter,0.0,µg
1099,Kycklingburgare rå fett ca 7% frysvara,Fullkorn totalt,Fågelprodukter fågelrätter,0.0,g
1099,Kycklingburgare rå fett ca 7% frysvara,"Folat, totalt",Fågelprodukter fågelrätter,23.0,µg
1099,Kycklingburgare rå fett ca 7% frysvara,Fibrer,Fågelprodukter fågelrätter,0.0,g
1099,Kycklingburgare rå fett ca 7% frysvara,"Fett, totalt",Fågelprodukter fågelrätter,7.0,g
1099,Kycklingburgare rå fett ca 7% frysvara,"Järn, Fe",Fågelprodukter fågelrätter,1.8,mg
1099,Kycklingburgare rå fett ca 7% frysvara,Energi (kJ),Fågelprodukter fågelrätter,701.0,kJ
1099,Kycklingburgare rå fett ca 7% frysvara,Energi (kcal),Fågelprodukter fågelrätter,168.0,kcal
1099,Kycklingburgare rå fett ca 7% frysvara,Disackarider,Fågelprodukter fågelrätter,0.0,g
1099,Kycklingburgare rå fett ca 7% frysvara,"Kalcium, Ca",Fågelprodukter fågelrätter,24.0,mg
1099,Kycklingburgare rå fett ca 7% frysvara,Fettsyra 4:0-10:0,Fågelprodukter fågelrätter,0.0,g
1099,Kycklingburgare rå fett ca 7% frysvara,DHA (C22:6),Fågelprodukter fågelrätter,0.0,g
1099,Kycklingburgare rå fett ca 7% frysvara,DPA (C22:5),Fågelprodukter fågelrätter,0.0,g
1099,Kycklingburgare rå fett ca 7% frysvara,EPA (C20:5),Fågelprodukter fågelrätter,0.0,g
1099,Kycklingburgare rå fett ca 7% frysvara,Arakidonsyra C20:4,Fågelprodukter fågelrätter,0.0,g
1099,Kycklingburgare rå fett ca 7% frysvara,Arakidinsyra C20:0,Fågelprodukter fågelrätter,0.0,g
1099,Kycklingburgare rå fett ca 7% frysvara,Linolensyra C18:3,Fågelprodukter fågelrätter,0.1,g
1099,Kycklingburgare rå fett ca 7% frysvara,Linolsyra C18:2,Fågelprodukter fågelrätter,0.9,g
1099,Kycklingburgare rå fett ca 7% frysvara,Oljesyra C18:1,Fågelprodukter fågelrätter,2.9,g
1099,Kycklingburgare rå fett ca 7% frysvara,Stearinsyra C18:0,Fågelprodukter fågelrätter,0.4,g
1099,Kycklingburgare rå fett ca 7% frysvara,Palmitoljesyra C16:1,Fågelprodukter fågelrätter,0.4,g
1099,Kycklingburgare rå fett ca 7% frysvara,Palmitinsyra C16:0,Fågelprodukter fågelrätter,1.5,g
1099,Kycklingburgare rå fett ca 7% frysvara,Myristinsyra C14:0,Fågelprodukter fågelrätter,0.1,g
1099,Kycklingburgare rå fett ca 7% frysvara,Laurinsyra C12:0,Fågelprodukter fågelrätter,0.0,g
1099,Kycklingburgare rå fett ca 7% frysvara,Betakaroten/β-Karoten,Fågelprodukter fågelrätter,0.0,µg
1099,Kycklingburgare rå fett ca 7% frysvara,Avfall (skal etc.),Fågelprodukter fågelrätter,0.0,%
1099,Kycklingburgare rå fett ca 7% frysvara,Aska,Fågelprodukter fågelrätter,2.4,g
1099,Kycklingburgare rå fett ca 7% frysvara,Alkohol,Fågelprodukter fågelrätter,0.0,g
1100,Köttbullar kyckling stekta fett 12% frysvara,"Zink, Zn",Fågelprodukter fågelrätter,1.3,mg
1100,Köttbullar kyckling stekta fett 12% frysvara,Vitamin E,Fågelprodukter fågelrätter,1.3,mg
1100,Köttbullar kyckling stekta fett 12% frysvara,Vitamin D,Fågelprodukter fågelrätter,0.2,µg
1100,Köttbullar kyckling stekta fett 12% frysvara,Vitamin C,Fågelprodukter fågelrätter,0.0,mg
1100,Köttbullar kyckling stekta fett 12% frysvara,Vitamin B6,Fågelprodukter fågelrätter,0.2,mg
1100,Köttbullar kyckling stekta fett 12% frysvara,Vitamin B12,Fågelprodukter fågelrätter,0.67,µg
1100,Köttbullar kyckling stekta fett 12% frysvara,Vitamin A,Fågelprodukter fågelrätter,29.0,RE/µg
1100,Köttbullar kyckling stekta fett 12% frysvara,Vatten,Fågelprodukter fågelrätter,55.7,g
1100,Köttbullar kyckling stekta fett 12% frysvara,Tiamin,Fågelprodukter fågelrätter,0.07,mg
1100,Köttbullar kyckling stekta fett 12% frysvara,Tillsatt socker,Fågelprodukter fågelrätter,2.0,g
1100,Köttbullar kyckling stekta fett 12% frysvara,Fritt socker,Fågelprodukter fågelrätter,2.0,g
1100,Köttbullar kyckling stekta fett 12% frysvara,"Selen, Se",Fågelprodukter fågelrätter,7.0,µg
1100,Köttbullar kyckling stekta fett 12% frysvara,Sackaros,Fågelprodukter fågelrätter,0.3,g
1100,Köttbullar kyckling stekta fett 12% frysvara,Riboflavin,Fågelprodukter fågelrätter,0.23,mg
1100,Köttbullar kyckling stekta fett 12% frysvara,Retinol,Fågelprodukter fågelrätter,29.0,µg
1100,Köttbullar kyckling stekta fett 12% frysvara,Protein,Fågelprodukter fågelrätter,16.0,g
1100,Köttbullar kyckling stekta fett 12% frysvara,Summa fleromättade fettsyror,Fågelprodukter fågelrätter,1.6,g
1100,Köttbullar kyckling stekta fett 12% frysvara,"Fosfor, P",Fågelprodukter fågelrätter,210.0,mg
1100,Köttbullar kyckling stekta fett 12% frysvara,Niacinekvivalenter,Fågelprodukter fågelrätter,5.43,NE/mg
1100,Köttbullar kyckling stekta fett 12% frysvara,Niacin,Fågelprodukter fågelrätter,2.5,mg
1100,Köttbullar kyckling stekta fett 12% frysvara,"Salt, NaCl",Fågelprodukter fågelrätter,1.8,g
1100,Köttbullar kyckling stekta fett 12% frysvara,"Natrium, Na",Fågelprodukter fågelrätter,700.0,mg
1100,Köttbullar kyckling stekta fett 12% frysvara,Monosackarider,Fågelprodukter fågelrätter,1.4,g
1100,Köttbullar kyckling stekta fett 12% frysvara,"Sockerarter, totalt",Fågelprodukter fågelrätter,1.7,g
1100,Köttbullar kyckling stekta fett 12% frysvara,Summa enkelomättade fettsyror,Fågelprodukter fågelrätter,6.5,g
1100,Köttbullar kyckling stekta fett 12% frysvara,"Magnesium, Mg",Fågelprodukter fågelrätter,31.0,mg
1100,Köttbullar kyckling stekta fett 12% frysvara,Summa mättade fettsyror,Fågelprodukter fågelrätter,2.8,g
1100,Köttbullar kyckling stekta fett 12% frysvara,"Kolhydrater, tillgängliga",Fågelprodukter fågelrätter,13.0,g
1100,Köttbullar kyckling stekta fett 12% frysvara,Kolesterol,Fågelprodukter fågelrätter,42.0,mg
1100,Köttbullar kyckling stekta fett 12% frysvara,"Kalium, K",Fågelprodukter fågelrätter,320.0,mg
1100,Köttbullar kyckling stekta fett 12% frysvara,"Jod, I",Fågelprodukter fågelrätter,5.0,µg
1100,Köttbullar kyckling stekta fett 12% frysvara,Fullkorn totalt,Fågelprodukter fågelrätter,0.0,g
1100,Köttbullar kyckling stekta fett 12% frysvara,"Folat, totalt",Fågelprodukter fågelrätter,23.0,µg
1100,Köttbullar kyckling stekta fett 12% frysvara,Fibrer,Fågelprodukter fågelrätter,0.0,g
1100,Köttbullar kyckling stekta fett 12% frysvara,"Fett, totalt",Fågelprodukter fågelrätter,12.0,g
1100,Köttbullar kyckling stekta fett 12% frysvara,"Järn, Fe",Fågelprodukter fågelrätter,1.6,mg
1100,Köttbullar kyckling stekta fett 12% frysvara,Energi (kJ),Fågelprodukter fågelrätter,937.0,kJ
1100,Köttbullar kyckling stekta fett 12% frysvara,Energi (kcal),Fågelprodukter fågelrätter,224.0,kcal
1100,Köttbullar kyckling stekta fett 12% frysvara,Disackarider,Fågelprodukter fågelrätter,0.3,g
1100,Köttbullar kyckling stekta fett 12% frysvara,"Kalcium, Ca",Fågelprodukter fågelrätter,83.0,mg
1100,Köttbullar kyckling stekta fett 12% frysvara,Fettsyra 4:0-10:0,Fågelprodukter fågelrätter,0.0,g
1100,Köttbullar kyckling stekta fett 12% frysvara,DHA (C22:6),Fågelprodukter fågelrätter,0.0,g
1100,Köttbullar kyckling stekta fett 12% frysvara,DPA (C22:5),Fågelprodukter fågelrätter,0.0,g
1100,Köttbullar kyckling stekta fett 12% frysvara,EPA (C20:5),Fågelprodukter fågelrätter,0.0,g
1100,Köttbullar kyckling stekta fett 12% frysvara,Arakidonsyra C20:4,Fågelprodukter fågelrätter,0.0,g
1100,Köttbullar kyckling stekta fett 12% frysvara,Arakidinsyra C20:0,Fågelprodukter fågelrätter,0.0,g
1100,Köttbullar kyckling stekta fett 12% frysvara,Linolensyra C18:3,Fågelprodukter fågelrätter,0.1,g
1100,Köttbullar kyckling stekta fett 12% frysvara,Linolsyra C18:2,Fågelprodukter fågelrätter,1.4,g
1100,Köttbullar kyckling stekta fett 12% frysvara,Oljesyra C18:1,Fågelprodukter fågelrätter,5.9,g
1100,Köttbullar kyckling stekta fett 12% frysvara,Stearinsyra C18:0,Fågelprodukter fågelrätter,0.7,g
1100,Köttbullar kyckling stekta fett 12% frysvara,Palmitoljesyra C16:1,Fågelprodukter fågelrätter,0.4,g
1100,Köttbullar kyckling stekta fett 12% frysvara,Palmitinsyra C16:0,Fågelprodukter fågelrätter,2.0,g
1100,Köttbullar kyckling stekta fett 12% frysvara,Myristinsyra C14:0,Fågelprodukter fågelrätter,0.1,g
1100,Köttbullar kyckling stekta fett 12% frysvara,Laurinsyra C12:0,Fågelprodukter fågelrätter,0.0,g
1100,Köttbullar kyckling stekta fett 12% frysvara,Betakaroten/β-Karoten,Fågelprodukter fågelrätter,0.0,µg
1100,Köttbullar kyckling stekta fett 12% frysvara,Avfall (skal etc.),Fågelprodukter fågelrätter,0.0,%
1100,Köttbullar kyckling stekta fett 12% frysvara,Aska,Fågelprodukter fågelrätter,3.3,g
1100,Köttbullar kyckling stekta fett 12% frysvara,Alkohol,Fågelprodukter fågelrätter,0.0,g
1101,Hamburgare nöt rå frysvara,"Zink, Zn",Kött färskt fryst tillagat ,2.0,mg
1101,Hamburgare nöt rå frysvara,Vitamin E,Kött färskt fryst tillagat ,0.3,mg
1101,Hamburgare nöt rå frysvara,Vitamin D,Kött färskt fryst tillagat ,0.32,µg
1101,Hamburgare nöt rå frysvara,Vitamin C,Kött färskt fryst tillagat ,0.0,mg
1101,Hamburgare nöt rå frysvara,Vitamin B6,Kött färskt fryst tillagat ,0.45,mg
1101,Hamburgare nöt rå frysvara,Vitamin B12,Kött färskt fryst tillagat ,1.4,µg
1101,Hamburgare nöt rå frysvara,Vitamin A,Kött färskt fryst tillagat ,20.7,RE/µg
1101,Hamburgare nöt rå frysvara,Vatten,Kött färskt fryst tillagat ,63.0,g
1101,Hamburgare nöt rå frysvara,Tiamin,Kött färskt fryst tillagat ,0.09,mg
1101,Hamburgare nöt rå frysvara,Tillsatt socker,Kött färskt fryst tillagat ,0.0,g
1101,Hamburgare nöt rå frysvara,Fritt socker,Kött färskt fryst tillagat ,0.0,g
1101,Hamburgare nöt rå frysvara,"Selen, Se",Kött färskt fryst tillagat ,3.0,µg
1101,Hamburgare nöt rå frysvara,Sackaros,Kött färskt fryst tillagat ,0.0,g
1101,Hamburgare nöt rå frysvara,Riboflavin,Kött färskt fryst tillagat ,0.12,mg
1101,Hamburgare nöt rå frysvara,Retinol,Kött färskt fryst tillagat ,20.0,µg
1101,Hamburgare nöt rå frysvara,Protein,Kött färskt fryst tillagat ,14.7,g
1101,Hamburgare nöt rå frysvara,Summa fleromättade fettsyror,Kött färskt fryst tillagat ,0.7,g
1101,Hamburgare nöt rå frysvara,"Fosfor, P",Kött färskt fryst tillagat ,124.0,mg
1101,Hamburgare nöt rå frysvara,Niacinekvivalenter,Kött färskt fryst tillagat ,7.9,NE/mg
1101,Hamburgare nöt rå frysvara,Niacin,Kött färskt fryst tillagat ,5.2,mg
1101,Hamburgare nöt rå frysvara,"Salt, NaCl",Kött färskt fryst tillagat ,1.5,g
1101,Hamburgare nöt rå frysvara,"Natrium, Na",Kött färskt fryst tillagat ,600.0,mg
1101,Hamburgare nöt rå frysvara,Monosackarider,Kött färskt fryst tillagat ,0.1,g
1101,Hamburgare nöt rå frysvara,"Sockerarter, totalt",Kött färskt fryst tillagat ,0.3,g
1101,Hamburgare nöt rå frysvara,Summa enkelomättade fettsyror,Kött färskt fryst tillagat ,8.4,g
1101,Hamburgare nöt rå frysvara,"Magnesium, Mg",Kött färskt fryst tillagat ,22.0,mg
1101,Hamburgare nöt rå frysvara,Summa mättade fettsyror,Kött färskt fryst tillagat ,7.1,g
1101,Hamburgare nöt rå frysvara,"Kolhydrater, tillgängliga",Kött färskt fryst tillagat ,2.0,g
1101,Hamburgare nöt rå frysvara,Kolesterol,Kött färskt fryst tillagat ,59.0,mg
1101,Hamburgare nöt rå frysvara,"Kalium, K",Kött färskt fryst tillagat ,255.0,mg
1101,Hamburgare nöt rå frysvara,"Jod, I",Kött färskt fryst tillagat ,0.0,µg
1101,Hamburgare nöt rå frysvara,Fullkorn totalt,Kött färskt fryst tillagat ,0.0,g
1101,Hamburgare nöt rå frysvara,"Folat, totalt",Kött färskt fryst tillagat ,7.0,µg
1101,Hamburgare nöt rå frysvara,Fibrer,Kött färskt fryst tillagat ,0.0,g
1101,Hamburgare nöt rå frysvara,"Fett, totalt",Kött färskt fryst tillagat ,17.3,g
1101,Hamburgare nöt rå frysvara,"Järn, Fe",Kött färskt fryst tillagat ,2.1,mg
1101,Hamburgare nöt rå frysvara,Energi (kJ),Kött färskt fryst tillagat ,924.0,kJ
1101,Hamburgare nöt rå frysvara,Energi (kcal),Kött färskt fryst tillagat ,221.0,kcal
1101,Hamburgare nöt rå frysvara,Disackarider,Kött färskt fryst tillagat ,0.2,g
1101,Hamburgare nöt rå frysvara,"Kalcium, Ca",Kött färskt fryst tillagat ,21.0,mg
1101,Hamburgare nöt rå frysvara,Fettsyra 4:0-10:0,Kött färskt fryst tillagat ,0.0,g
1101,Hamburgare nöt rå frysvara,DHA (C22:6),Kött färskt fryst tillagat ,0.0,g
1101,Hamburgare nöt rå frysvara,DPA (C22:5),Kött färskt fryst tillagat ,0.0,g
1101,Hamburgare nöt rå frysvara,EPA (C20:5),Kött färskt fryst tillagat ,0.0,g
1101,Hamburgare nöt rå frysvara,Arakidonsyra C20:4,Kött färskt fryst tillagat ,0.0,g
1101,Hamburgare nöt rå frysvara,Arakidinsyra C20:0,Kött färskt fryst tillagat ,0.0,g
1101,Hamburgare nöt rå frysvara,Linolensyra C18:3,Kött färskt fryst tillagat ,0.2,g
1101,Hamburgare nöt rå frysvara,Linolsyra C18:2,Kött färskt fryst tillagat ,0.4,g
1101,Hamburgare nöt rå frysvara,Oljesyra C18:1,Kött färskt fryst tillagat ,7.0,g
1101,Hamburgare nöt rå frysvara,Stearinsyra C18:0,Kött färskt fryst tillagat ,1.9,g
1101,Hamburgare nöt rå frysvara,Palmitoljesyra C16:1,Kött färskt fryst tillagat ,0.9,g
1101,Hamburgare nöt rå frysvara,Palmitinsyra C16:0,Kött färskt fryst tillagat ,4.2,g
1101,Hamburgare nöt rå frysvara,Myristinsyra C14:0,Kött färskt fryst tillagat ,0.5,g
1101,Hamburgare nöt rå frysvara,Laurinsyra C12:0,Kött färskt fryst tillagat ,0.0,g
1101,Hamburgare nöt rå frysvara,Betakaroten/β-Karoten,Kött färskt fryst tillagat ,8.0,µg
1101,Hamburgare nöt rå frysvara,Avfall (skal etc.),Kött färskt fryst tillagat ,0.0,%
1101,Hamburgare nöt rå frysvara,Aska,Kött färskt fryst tillagat ,3.0,g
1101,Hamburgare nöt rå frysvara,Alkohol,Kött färskt fryst tillagat ,0.0,g
1102,Köttbullar frysvara,"Zink, Zn",Köttprodukter kötträtter,1.8,mg
1102,Köttbullar frysvara,Vitamin E,Köttprodukter kötträtter,1.6,mg
1102,Köttbullar frysvara,Vitamin D,Köttprodukter kötträtter,0.0,µg
1102,Köttbullar frysvara,Vitamin C,Köttprodukter kötträtter,0.7,mg
1102,Köttbullar frysvara,Vitamin B6,Köttprodukter kötträtter,0.15,mg
1102,Köttbullar frysvara,Vitamin B12,Köttprodukter kötträtter,0.48,µg
1102,Köttbullar frysvara,Vitamin A,Köttprodukter kötträtter,0.5,RE/µg
1102,Köttbullar frysvara,Vatten,Köttprodukter kötträtter,61.8,g
1102,Köttbullar frysvara,Tiamin,Köttprodukter kötträtter,0.24,mg
1102,Köttbullar frysvara,Tillsatt socker,Köttprodukter kötträtter,1.0,g
1102,Köttbullar frysvara,Fritt socker,Köttprodukter kötträtter,1.0,g
1102,Köttbullar frysvara,"Selen, Se",Köttprodukter kötträtter,9.6,µg
1102,Köttbullar frysvara,Sackaros,Köttprodukter kötträtter,0.3,g
1102,Köttbullar frysvara,Riboflavin,Köttprodukter kötträtter,0.96,mg
1102,Köttbullar frysvara,Retinol,Köttprodukter kötträtter,0.0,µg
1102,Köttbullar frysvara,Protein,Köttprodukter kötträtter,12.3,g
1102,Köttbullar frysvara,Summa fleromättade fettsyror,Köttprodukter kötträtter,1.3,g
1102,Köttbullar frysvara,"Fosfor, P",Köttprodukter kötträtter,130.0,mg
1102,Köttbullar frysvara,Niacinekvivalenter,Köttprodukter kötträtter,5.1,NE/mg
1102,Köttbullar frysvara,Niacin,Köttprodukter kötträtter,2.86,mg
1102,Köttbullar frysvara,"Salt, NaCl",Köttprodukter kötträtter,1.6,g
1102,Köttbullar frysvara,"Natrium, Na",Köttprodukter kötträtter,630.0,mg
1102,Köttbullar frysvara,Monosackarider,Köttprodukter kötträtter,1.0,g
1102,Köttbullar frysvara,"Sockerarter, totalt",Köttprodukter kötträtter,1.4,g
1102,Köttbullar frysvara,Summa enkelomättade fettsyror,Köttprodukter kötträtter,7.8,g
1102,Köttbullar frysvara,"Magnesium, Mg",Köttprodukter kötträtter,16.0,mg
1102,Köttbullar frysvara,Summa mättade fettsyror,Köttprodukter kötträtter,5.7,g
1102,Köttbullar frysvara,"Kolhydrater, tillgängliga",Köttprodukter kötträtter,6.5,g
1102,Köttbullar frysvara,Kolesterol,Köttprodukter kötträtter,39.6,mg
1102,Köttbullar frysvara,"Kalium, K",Köttprodukter kötträtter,290.0,mg
1102,Köttbullar frysvara,"Jod, I",Köttprodukter kötträtter,1.7,µg
1102,Köttbullar frysvara,Fullkorn totalt,Köttprodukter kötträtter,0.0,g
1102,Köttbullar frysvara,"Folat, totalt",Köttprodukter kötträtter,6.2,µg
1102,Köttbullar frysvara,Fibrer,Köttprodukter kötträtter,1.5,g
1102,Köttbullar frysvara,"Fett, totalt",Köttprodukter kötträtter,15.6,g
1102,Köttbullar frysvara,"Järn, Fe",Köttprodukter kötträtter,0.9,mg
1102,Köttbullar frysvara,Energi (kJ),Köttprodukter kötträtter,909.0,kJ
1102,Köttbullar frysvara,Energi (kcal),Köttprodukter kötträtter,217.0,kcal
1102,Köttbullar frysvara,Disackarider,Köttprodukter kötträtter,0.4,g
1102,Köttbullar frysvara,"Kalcium, Ca",Köttprodukter kötträtter,14.0,mg
1102,Köttbullar frysvara,Fettsyra 4:0-10:0,Köttprodukter kötträtter,0.0,g
1102,Köttbullar frysvara,DHA (C22:6),Köttprodukter kötträtter,0.0,g
1102,Köttbullar frysvara,DPA (C22:5),Köttprodukter kötträtter,0.0,g
1102,Köttbullar frysvara,EPA (C20:5),Köttprodukter kötträtter,0.0,g
1102,Köttbullar frysvara,Arakidonsyra C20:4,Köttprodukter kötträtter,0.0,g
1102,Köttbullar frysvara,Arakidinsyra C20:0,Köttprodukter kötträtter,0.0,g
1102,Köttbullar frysvara,Linolensyra C18:3,Köttprodukter kötträtter,0.1,g
1102,Köttbullar frysvara,Linolsyra C18:2,Köttprodukter kötträtter,1.1,g
1102,Köttbullar frysvara,Oljesyra C18:1,Köttprodukter kötträtter,7.1,g
1102,Köttbullar frysvara,Stearinsyra C18:0,Köttprodukter kötträtter,1.9,g
1102,Köttbullar frysvara,Palmitoljesyra C16:1,Köttprodukter kötträtter,0.4,g
1102,Köttbullar frysvara,Palmitinsyra C16:0,Köttprodukter kötträtter,3.4,g
1102,Köttbullar frysvara,Myristinsyra C14:0,Köttprodukter kötträtter,0.2,g
1102,Köttbullar frysvara,Laurinsyra C12:0,Köttprodukter kötträtter,0.0,g
1102,Köttbullar frysvara,Betakaroten/β-Karoten,Köttprodukter kötträtter,6.0,µg
1102,Köttbullar frysvara,Avfall (skal etc.),Köttprodukter kötträtter,0.0,%
1102,Köttbullar frysvara,Aska,Köttprodukter kötträtter,2.3,g
1102,Köttbullar frysvara,Alkohol,Köttprodukter kötträtter,0.0,g
1103,Pannbiff rå frysvara,"Zink, Zn",Köttprodukter kötträtter,2.0,mg
1103,Pannbiff rå frysvara,Vitamin E,Köttprodukter kötträtter,0.3,mg
1103,Pannbiff rå frysvara,Vitamin D,Köttprodukter kötträtter,0.25,µg
1103,Pannbiff rå frysvara,Vitamin C,Köttprodukter kötträtter,0.0,mg
1103,Pannbiff rå frysvara,Vitamin B6,Köttprodukter kötträtter,0.36,mg
1103,Pannbiff rå frysvara,Vitamin B12,Köttprodukter kötträtter,1.4,µg
1103,Pannbiff rå frysvara,Vitamin A,Köttprodukter kötträtter,20.7,RE/µg
1103,Pannbiff rå frysvara,Vatten,Köttprodukter kötträtter,64.0,g
1103,Pannbiff rå frysvara,Tiamin,Köttprodukter kötträtter,0.14,mg
1103,Pannbiff rå frysvara,Tillsatt socker,Köttprodukter kötträtter,1.0,g
1103,Pannbiff rå frysvara,Fritt socker,Köttprodukter kötträtter,1.0,g
1103,Pannbiff rå frysvara,"Selen, Se",Köttprodukter kötträtter,3.0,µg
1103,Pannbiff rå frysvara,Sackaros,Köttprodukter kötträtter,0.1,g
1103,Pannbiff rå frysvara,Riboflavin,Köttprodukter kötträtter,0.12,mg
1103,Pannbiff rå frysvara,Retinol,Köttprodukter kötträtter,20.0,µg
1103,Pannbiff rå frysvara,Protein,Köttprodukter kötträtter,13.2,g
1103,Pannbiff rå frysvara,Summa fleromättade fettsyror,Köttprodukter kötträtter,0.9,g
1103,Pannbiff rå frysvara,"Fosfor, P",Köttprodukter kötträtter,150.0,mg
1103,Pannbiff rå frysvara,Niacinekvivalenter,Köttprodukter kötträtter,6.42,NE/mg
1103,Pannbiff rå frysvara,Niacin,Köttprodukter kötträtter,4.0,mg
1103,Pannbiff rå frysvara,"Salt, NaCl",Köttprodukter kötträtter,1.5,g
1103,Pannbiff rå frysvara,"Natrium, Na",Köttprodukter kötträtter,610.0,mg
1103,Pannbiff rå frysvara,Monosackarider,Köttprodukter kötträtter,0.2,g
1103,Pannbiff rå frysvara,"Sockerarter, totalt",Köttprodukter kötträtter,1.1,g
1103,Pannbiff rå frysvara,Summa enkelomättade fettsyror,Köttprodukter kötträtter,6.7,g
1103,Pannbiff rå frysvara,"Magnesium, Mg",Köttprodukter kötträtter,14.0,mg
1103,Pannbiff rå frysvara,Summa mättade fettsyror,Köttprodukter kötträtter,6.0,g
1103,Pannbiff rå frysvara,"Kolhydrater, tillgängliga",Köttprodukter kötträtter,5.6,g
1103,Pannbiff rå frysvara,Kolesterol,Köttprodukter kötträtter,59.0,mg
1103,Pannbiff rå frysvara,"Kalium, K",Köttprodukter kötträtter,380.0,mg
1103,Pannbiff rå frysvara,"Jod, I",Köttprodukter kötträtter,7.0,µg
1103,Pannbiff rå frysvara,Fullkorn totalt,Köttprodukter kötträtter,0.0,g
1103,Pannbiff rå frysvara,"Folat, totalt",Köttprodukter kötträtter,7.0,µg
1103,Pannbiff rå frysvara,Fibrer,Köttprodukter kötträtter,0.3,g
1103,Pannbiff rå frysvara,"Fett, totalt",Köttprodukter kötträtter,14.4,g
1103,Pannbiff rå frysvara,"Järn, Fe",Köttprodukter kötträtter,1.4,mg
1103,Pannbiff rå frysvara,Energi (kJ),Köttprodukter kötträtter,855.0,kJ
1103,Pannbiff rå frysvara,Energi (kcal),Köttprodukter kötträtter,204.0,kcal
1103,Pannbiff rå frysvara,Disackarider,Köttprodukter kötträtter,0.9,g
1103,Pannbiff rå frysvara,"Kalcium, Ca",Köttprodukter kötträtter,18.0,mg
1103,Pannbiff rå frysvara,Fettsyra 4:0-10:0,Köttprodukter kötträtter,0.0,g
1103,Pannbiff rå frysvara,DHA (C22:6),Köttprodukter kötträtter,0.0,g
1103,Pannbiff rå frysvara,DPA (C22:5),Köttprodukter kötträtter,0.0,g
1103,Pannbiff rå frysvara,EPA (C20:5),Köttprodukter kötträtter,0.0,g
1103,Pannbiff rå frysvara,Arakidonsyra C20:4,Köttprodukter kötträtter,0.0,g
1103,Pannbiff rå frysvara,Arakidinsyra C20:0,Köttprodukter kötträtter,0.0,g
1103,Pannbiff rå frysvara,Linolensyra C18:3,Köttprodukter kötträtter,0.1,g
1103,Pannbiff rå frysvara,Linolsyra C18:2,Köttprodukter kötträtter,0.6,g
1103,Pannbiff rå frysvara,Oljesyra C18:1,Köttprodukter kötträtter,5.6,g
1103,Pannbiff rå frysvara,Stearinsyra C18:0,Köttprodukter kötträtter,1.7,g
1103,Pannbiff rå frysvara,Palmitoljesyra C16:1,Köttprodukter kötträtter,0.7,g
1103,Pannbiff rå frysvara,Palmitinsyra C16:0,Köttprodukter kötträtter,3.5,g
1103,Pannbiff rå frysvara,Myristinsyra C14:0,Köttprodukter kötträtter,0.4,g
1103,Pannbiff rå frysvara,Laurinsyra C12:0,Köttprodukter kötträtter,0.0,g
1103,Pannbiff rå frysvara,Betakaroten/β-Karoten,Köttprodukter kötträtter,8.0,µg
1103,Pannbiff rå frysvara,Avfall (skal etc.),Köttprodukter kötträtter,0.0,%
1103,Pannbiff rå frysvara,Aska,Köttprodukter kötträtter,2.5,g
1103,Pannbiff rå frysvara,Alkohol,Köttprodukter kötträtter,0.0,g
1104,Burgare veg. soja- och veteprotein tillagad,"Zink, Zn",Vegetabiliskt protein produkter och rätter,0.6,mg
1104,Burgare veg. soja- och veteprotein tillagad,Vitamin E,Vegetabiliskt protein produkter och rätter,1.9,mg
1104,Burgare veg. soja- och veteprotein tillagad,Vitamin D inkl 25-OH-D3,Vegetabiliskt protein produkter och rätter,0.0,µg
1104,Burgare veg. soja- och veteprotein tillagad,Vitamin D,Vegetabiliskt protein produkter och rätter,0.0,µg
1104,Burgare veg. soja- och veteprotein tillagad,Vitamin C,Vegetabiliskt protein produkter och rätter,0.0,mg
1104,Burgare veg. soja- och veteprotein tillagad,Vitamin B6,Vegetabiliskt protein produkter och rätter,0.11,mg
1104,Burgare veg. soja- och veteprotein tillagad,Vitamin B12,Vegetabiliskt protein produkter och rätter,0.14,µg
1104,Burgare veg. soja- och veteprotein tillagad,Vitamin A,Vegetabiliskt protein produkter och rätter,0.2,RE/µg
1104,Burgare veg. soja- och veteprotein tillagad,Vatten,Vegetabiliskt protein produkter och rätter,60.8,g
1104,Burgare veg. soja- och veteprotein tillagad,Tiamin,Vegetabiliskt protein produkter och rätter,0.39,mg
1104,Burgare veg. soja- och veteprotein tillagad,Tillsatt socker,Vegetabiliskt protein produkter och rätter,0.0,g
1104,Burgare veg. soja- och veteprotein tillagad,Fritt socker,Vegetabiliskt protein produkter och rätter,0.0,g
1104,Burgare veg. soja- och veteprotein tillagad,"Selen, Se",Vegetabiliskt protein produkter och rätter,6.1,µg
1104,Burgare veg. soja- och veteprotein tillagad,Sackaros,Vegetabiliskt protein produkter och rätter,0.2,g
1104,Burgare veg. soja- och veteprotein tillagad,Riboflavin,Vegetabiliskt protein produkter och rätter,0.16,mg
1104,Burgare veg. soja- och veteprotein tillagad,Retinol,Vegetabiliskt protein produkter och rätter,0.0,µg
1104,Burgare veg. soja- och veteprotein tillagad,Protein,Vegetabiliskt protein produkter och rätter,16.3,g
1104,Burgare veg. soja- och veteprotein tillagad,Summa fleromättade fettsyror,Vegetabiliskt protein produkter och rätter,1.9,g
1104,Burgare veg. soja- och veteprotein tillagad,"Fosfor, P",Vegetabiliskt protein produkter och rätter,208.0,mg
1104,Burgare veg. soja- och veteprotein tillagad,Niacinekvivalenter,Vegetabiliskt protein produkter och rätter,3.5,NE/mg
1104,Burgare veg. soja- och veteprotein tillagad,Niacin,Vegetabiliskt protein produkter och rätter,0.79,mg
1104,Burgare veg. soja- och veteprotein tillagad,"Salt, NaCl",Vegetabiliskt protein produkter och rätter,1.7,g
1104,Burgare veg. soja- och veteprotein tillagad,"Natrium, Na",Vegetabiliskt protein produkter och rätter,662.0,mg
1104,Burgare veg. soja- och veteprotein tillagad,Monosackarider,Vegetabiliskt protein produkter och rätter,0.6,g
1104,Burgare veg. soja- och veteprotein tillagad,"Sockerarter, totalt",Vegetabiliskt protein produkter och rätter,1.6,g
1104,Burgare veg. soja- och veteprotein tillagad,Summa enkelomättade fettsyror,Vegetabiliskt protein produkter och rätter,3.8,g
1104,Burgare veg. soja- och veteprotein tillagad,"Magnesium, Mg",Vegetabiliskt protein produkter och rätter,84.0,mg
1104,Burgare veg. soja- och veteprotein tillagad,Summa mättade fettsyror,Vegetabiliskt protein produkter och rätter,0.5,g
1104,Burgare veg. soja- och veteprotein tillagad,"Kolhydrater, tillgängliga",Vegetabiliskt protein produkter och rätter,6.7,g
1104,Burgare veg. soja- och veteprotein tillagad,Kolesterol,Vegetabiliskt protein produkter och rätter,0.0,mg
1104,Burgare veg. soja- och veteprotein tillagad,"Kalium, K",Vegetabiliskt protein produkter och rätter,731.0,mg
1104,Burgare veg. soja- och veteprotein tillagad,"Jod, I",Vegetabiliskt protein produkter och rätter,0.0,µg
1104,Burgare veg. soja- och veteprotein tillagad,Fullkorn totalt,Vegetabiliskt protein produkter och rätter,0.0,g
1104,Burgare veg. soja- och veteprotein tillagad,"Folat, totalt",Vegetabiliskt protein produkter och rätter,106.0,µg
1104,Burgare veg. soja- och veteprotein tillagad,Fibrer,Vegetabiliskt protein produkter och rätter,5.3,g
1104,Burgare veg. soja- och veteprotein tillagad,"Fett, totalt",Vegetabiliskt protein produkter och rätter,7.7,g
1104,Burgare veg. soja- och veteprotein tillagad,"Järn, Fe",Vegetabiliskt protein produkter och rätter,1.8,mg
1104,Burgare veg. soja- och veteprotein tillagad,Energi (kJ),Vegetabiliskt protein produkter och rätter,718.0,kJ
1104,Burgare veg. soja- och veteprotein tillagad,Energi (kcal),Vegetabiliskt protein produkter och rätter,172.0,kcal
1104,Burgare veg. soja- och veteprotein tillagad,Disackarider,Vegetabiliskt protein produkter och rätter,1.0,g
1104,Burgare veg. soja- och veteprotein tillagad,"Kalcium, Ca",Vegetabiliskt protein produkter och rätter,85.0,mg
1104,Burgare veg. soja- och veteprotein tillagad,Fettsyra 4:0-10:0,Vegetabiliskt protein produkter och rätter,0.0,g
1104,Burgare veg. soja- och veteprotein tillagad,DHA (C22:6),Vegetabiliskt protein produkter och rätter,0.0,g
1104,Burgare veg. soja- och veteprotein tillagad,DPA (C22:5),Vegetabiliskt protein produkter och rätter,0.0,g
1104,Burgare veg. soja- och veteprotein tillagad,EPA (C20:5),Vegetabiliskt protein produkter och rätter,0.0,g
1104,Burgare veg. soja- och veteprotein tillagad,Arakidonsyra C20:4,Vegetabiliskt protein produkter och rätter,0.0,g
1104,Burgare veg. soja- och veteprotein tillagad,Arakidinsyra C20:0,Vegetabiliskt protein produkter och rätter,0.0,g
1104,Burgare veg. soja- och veteprotein tillagad,Linolensyra C18:3,Vegetabiliskt protein produkter och rätter,0.5,g
1104,Burgare veg. soja- och veteprotein tillagad,Linolsyra C18:2,Vegetabiliskt protein produkter och rätter,1.3,g
1104,Burgare veg. soja- och veteprotein tillagad,Oljesyra C18:1,Vegetabiliskt protein produkter och rätter,3.7,g
1104,Burgare veg. soja- och veteprotein tillagad,Stearinsyra C18:0,Vegetabiliskt protein produkter och rätter,0.1,g
1104,Burgare veg. soja- och veteprotein tillagad,Palmitoljesyra C16:1,Vegetabiliskt protein produkter och rätter,0.0,g
1104,Burgare veg. soja- och veteprotein tillagad,Palmitinsyra C16:0,Vegetabiliskt protein produkter och rätter,0.4,g
1104,Burgare veg. soja- och veteprotein tillagad,Myristinsyra C14:0,Vegetabiliskt protein produkter och rätter,0.0,g
1104,Burgare veg. soja- och veteprotein tillagad,Laurinsyra C12:0,Vegetabiliskt protein produkter och rätter,0.0,g
1104,Burgare veg. soja- och veteprotein tillagad,Betakaroten/β-Karoten,Vegetabiliskt protein produkter och rätter,2.0,µg
1104,Burgare veg. soja- och veteprotein tillagad,Avfall (skal etc.),Vegetabiliskt protein produkter och rätter,0.0,%
1104,Burgare veg. soja- och veteprotein tillagad,Aska,Vegetabiliskt protein produkter och rätter,3.2,g
1104,Burgare veg. soja- och veteprotein tillagad,Alkohol,Vegetabiliskt protein produkter och rätter,0.0,g
1105,Biff à la Lindström stekt hemlagad,"Zink, Zn",Köttprodukter kötträtter,2.1,mg
1105,Biff à la Lindström stekt hemlagad,Vitamin E,Köttprodukter kötträtter,0.6,mg
1105,Biff à la Lindström stekt hemlagad,Vitamin D,Köttprodukter kötträtter,0.59,µg
1105,Biff à la Lindström stekt hemlagad,Vitamin C,Köttprodukter kötträtter,1.5,mg
1105,Biff à la Lindström stekt hemlagad,Vitamin B6,Köttprodukter kötträtter,0.22,mg
1105,Biff à la Lindström stekt hemlagad,Vitamin B12,Köttprodukter kötträtter,0.7,µg
1105,Biff à la Lindström stekt hemlagad,Vitamin A,Köttprodukter kötträtter,12.8,RE/µg
1105,Biff à la Lindström stekt hemlagad,Vatten,Köttprodukter kötträtter,71.0,g
1105,Biff à la Lindström stekt hemlagad,Tiamin,Köttprodukter kötträtter,0.15,mg
1105,Biff à la Lindström stekt hemlagad,Tillsatt socker,Köttprodukter kötträtter,0.0,g
1105,Biff à la Lindström stekt hemlagad,Fritt socker,Köttprodukter kötträtter,0.0,g
1105,Biff à la Lindström stekt hemlagad,"Selen, Se",Köttprodukter kötträtter,2.0,µg
1105,Biff à la Lindström stekt hemlagad,Sackaros,Köttprodukter kötträtter,2.5,g
1105,Biff à la Lindström stekt hemlagad,Riboflavin,Köttprodukter kötträtter,0.1,mg
1105,Biff à la Lindström stekt hemlagad,Retinol,Köttprodukter kötträtter,12.0,µg
1105,Biff à la Lindström stekt hemlagad,Protein,Köttprodukter kötträtter,12.3,g
1105,Biff à la Lindström stekt hemlagad,Summa fleromättade fettsyror,Köttprodukter kötträtter,0.8,g
1105,Biff à la Lindström stekt hemlagad,"Fosfor, P",Köttprodukter kötträtter,112.0,mg
1105,Biff à la Lindström stekt hemlagad,Niacinekvivalenter,Köttprodukter kötträtter,4.75,NE/mg
1105,Biff à la Lindström stekt hemlagad,Niacin,Köttprodukter kötträtter,2.49,mg
1105,Biff à la Lindström stekt hemlagad,"Salt, NaCl",Köttprodukter kötträtter,0.9,g
1105,Biff à la Lindström stekt hemlagad,"Natrium, Na",Köttprodukter kötträtter,345.0,mg
1105,Biff à la Lindström stekt hemlagad,Monosackarider,Köttprodukter kötträtter,0.4,g
1105,Biff à la Lindström stekt hemlagad,"Sockerarter, totalt",Köttprodukter kötträtter,2.9,g
1105,Biff à la Lindström stekt hemlagad,Summa enkelomättade fettsyror,Köttprodukter kötträtter,3.7,g
1105,Biff à la Lindström stekt hemlagad,"Magnesium, Mg",Köttprodukter kötträtter,20.0,mg
1105,Biff à la Lindström stekt hemlagad,Summa mättade fettsyror,Köttprodukter kötträtter,3.1,g
1105,Biff à la Lindström stekt hemlagad,"Kolhydrater, tillgängliga",Köttprodukter kötträtter,6.1,g
1105,Biff à la Lindström stekt hemlagad,Kolesterol,Köttprodukter kötträtter,65.0,mg
1105,Biff à la Lindström stekt hemlagad,"Kalium, K",Köttprodukter kötträtter,250.0,mg
1105,Biff à la Lindström stekt hemlagad,"Jod, I",Köttprodukter kötträtter,17.7,µg
1105,Biff à la Lindström stekt hemlagad,Fullkorn totalt,Köttprodukter kötträtter,0.0,g
1105,Biff à la Lindström stekt hemlagad,"Folat, totalt",Köttprodukter kötträtter,11.5,µg
1105,Biff à la Lindström stekt hemlagad,Fibrer,Köttprodukter kötträtter,0.7,g
1105,Biff à la Lindström stekt hemlagad,"Fett, totalt",Köttprodukter kötträtter,8.1,g
1105,Biff à la Lindström stekt hemlagad,"Järn, Fe",Köttprodukter kötträtter,1.7,mg
1105,Biff à la Lindström stekt hemlagad,Energi (kJ),Köttprodukter kötträtter,618.0,kJ
1105,Biff à la Lindström stekt hemlagad,Energi (kcal),Köttprodukter kötträtter,148.0,kcal
1105,Biff à la Lindström stekt hemlagad,Disackarider,Köttprodukter kötträtter,2.5,g
1105,Biff à la Lindström stekt hemlagad,"Kalcium, Ca",Köttprodukter kötträtter,16.0,mg
1105,Biff à la Lindström stekt hemlagad,Fettsyra 4:0-10:0,Köttprodukter kötträtter,0.0,g
1105,Biff à la Lindström stekt hemlagad,DHA (C22:6),Köttprodukter kötträtter,0.0,g
1105,Biff à la Lindström stekt hemlagad,DPA (C22:5),Köttprodukter kötträtter,0.0,g
1105,Biff à la Lindström stekt hemlagad,EPA (C20:5),Köttprodukter kötträtter,0.0,g
1105,Biff à la Lindström stekt hemlagad,Arakidonsyra C20:4,Köttprodukter kötträtter,0.0,g
1105,Biff à la Lindström stekt hemlagad,Arakidinsyra C20:0,Köttprodukter kötträtter,0.0,g
1105,Biff à la Lindström stekt hemlagad,Linolensyra C18:3,Köttprodukter kötträtter,0.1,g
1105,Biff à la Lindström stekt hemlagad,Linolsyra C18:2,Köttprodukter kötträtter,0.6,g
1105,Biff à la Lindström stekt hemlagad,Oljesyra C18:1,Köttprodukter kötträtter,3.2,g
1105,Biff à la Lindström stekt hemlagad,Stearinsyra C18:0,Köttprodukter kötträtter,0.9,g
1105,Biff à la Lindström stekt hemlagad,Palmitoljesyra C16:1,Köttprodukter kötträtter,0.3,g
1105,Biff à la Lindström stekt hemlagad,Palmitinsyra C16:0,Köttprodukter kötträtter,1.6,g
1105,Biff à la Lindström stekt hemlagad,Myristinsyra C14:0,Köttprodukter kötträtter,0.2,g
1105,Biff à la Lindström stekt hemlagad,Laurinsyra C12:0,Köttprodukter kötträtter,0.2,g
1105,Biff à la Lindström stekt hemlagad,Betakaroten/β-Karoten,Köttprodukter kötträtter,9.0,µg
1105,Biff à la Lindström stekt hemlagad,Avfall (skal etc.),Köttprodukter kötträtter,0.0,%
1105,Biff à la Lindström stekt hemlagad,Aska,Köttprodukter kötträtter,1.8,g
1105,Biff à la Lindström stekt hemlagad,Alkohol,Köttprodukter kötträtter,0.0,g
1106,Köttbullar blandfärs stekta hemlagade,"Zink, Zn",Köttprodukter kötträtter,3.0,mg
1106,Köttbullar blandfärs stekta hemlagade,Vitamin E,Köttprodukter kötträtter,1.1,mg
1106,Köttbullar blandfärs stekta hemlagade,Vitamin D,Köttprodukter kötträtter,0.86,µg
1106,Köttbullar blandfärs stekta hemlagade,Vitamin C,Köttprodukter kötträtter,0.0,mg
1106,Köttbullar blandfärs stekta hemlagade,Vitamin B6,Köttprodukter kötträtter,0.37,mg
1106,Köttbullar blandfärs stekta hemlagade,Vitamin B12,Köttprodukter kötträtter,1.1,µg
1106,Köttbullar blandfärs stekta hemlagade,Vitamin A,Köttprodukter kötträtter,50.8,RE/µg
1106,Köttbullar blandfärs stekta hemlagade,Vatten,Köttprodukter kötträtter,66.0,g
1106,Köttbullar blandfärs stekta hemlagade,Tiamin,Köttprodukter kötträtter,0.17,mg
1106,Köttbullar blandfärs stekta hemlagade,Tillsatt socker,Köttprodukter kötträtter,0.0,g
1106,Köttbullar blandfärs stekta hemlagade,Fritt socker,Köttprodukter kötträtter,0.0,g
1106,Köttbullar blandfärs stekta hemlagade,"Selen, Se",Köttprodukter kötträtter,2.0,µg
1106,Köttbullar blandfärs stekta hemlagade,Sackaros,Köttprodukter kötträtter,0.1,g
1106,Köttbullar blandfärs stekta hemlagade,Riboflavin,Köttprodukter kötträtter,0.3,mg
1106,Köttbullar blandfärs stekta hemlagade,Retinol,Köttprodukter kötträtter,50.0,µg
1106,Köttbullar blandfärs stekta hemlagade,Protein,Köttprodukter kötträtter,15.8,g
1106,Köttbullar blandfärs stekta hemlagade,Summa fleromättade fettsyror,Köttprodukter kötträtter,1.0,g
1106,Köttbullar blandfärs stekta hemlagade,"Fosfor, P",Köttprodukter kötträtter,157.0,mg
1106,Köttbullar blandfärs stekta hemlagade,Niacinekvivalenter,Köttprodukter kötträtter,6.4,NE/mg
1106,Köttbullar blandfärs stekta hemlagade,Niacin,Köttprodukter kötträtter,3.5,mg
1106,Köttbullar blandfärs stekta hemlagade,"Salt, NaCl",Köttprodukter kötträtter,1.2,g
1106,Köttbullar blandfärs stekta hemlagade,"Natrium, Na",Köttprodukter kötträtter,480.0,mg
1106,Köttbullar blandfärs stekta hemlagade,Monosackarider,Köttprodukter kötträtter,0.2,g
1106,Köttbullar blandfärs stekta hemlagade,"Sockerarter, totalt",Köttprodukter kötträtter,1.1,g
1106,Köttbullar blandfärs stekta hemlagade,Summa enkelomättade fettsyror,Köttprodukter kötträtter,4.5,g
1106,Köttbullar blandfärs stekta hemlagade,"Magnesium, Mg",Köttprodukter kötträtter,18.0,mg
1106,Köttbullar blandfärs stekta hemlagade,Summa mättade fettsyror,Köttprodukter kötträtter,3.9,g
1106,Köttbullar blandfärs stekta hemlagade,"Kolhydrater, tillgängliga",Köttprodukter kötträtter,5.8,g
1106,Köttbullar blandfärs stekta hemlagade,Kolesterol,Köttprodukter kötträtter,75.0,mg
1106,Köttbullar blandfärs stekta hemlagade,"Kalium, K",Köttprodukter kötträtter,300.0,mg
1106,Köttbullar blandfärs stekta hemlagade,"Jod, I",Köttprodukter kötträtter,7.0,µg
1106,Köttbullar blandfärs stekta hemlagade,Fullkorn totalt,Köttprodukter kötträtter,0.0,g
1106,Köttbullar blandfärs stekta hemlagade,"Folat, totalt",Köttprodukter kötträtter,8.0,µg
1106,Köttbullar blandfärs stekta hemlagade,Fibrer,Köttprodukter kötträtter,0.3,g
1106,Köttbullar blandfärs stekta hemlagade,"Fett, totalt",Köttprodukter kötträtter,10.0,g
1106,Köttbullar blandfärs stekta hemlagade,"Järn, Fe",Köttprodukter kötträtter,2.2,mg
1106,Köttbullar blandfärs stekta hemlagade,Energi (kJ),Köttprodukter kötträtter,740.0,kJ
1106,Köttbullar blandfärs stekta hemlagade,Energi (kcal),Köttprodukter kötträtter,177.0,kcal
1106,Köttbullar blandfärs stekta hemlagade,Disackarider,Köttprodukter kötträtter,0.9,g
1106,Köttbullar blandfärs stekta hemlagade,"Kalcium, Ca",Köttprodukter kötträtter,28.0,mg
1106,Köttbullar blandfärs stekta hemlagade,Fettsyra 4:0-10:0,Köttprodukter kötträtter,0.1,g
1106,Köttbullar blandfärs stekta hemlagade,DHA (C22:6),Köttprodukter kötträtter,0.0,g
1106,Köttbullar blandfärs stekta hemlagade,DPA (C22:5),Köttprodukter kötträtter,0.0,g
1106,Köttbullar blandfärs stekta hemlagade,EPA (C20:5),Köttprodukter kötträtter,0.0,g
1106,Köttbullar blandfärs stekta hemlagade,Arakidonsyra C20:4,Köttprodukter kötträtter,0.0,g
1106,Köttbullar blandfärs stekta hemlagade,Arakidinsyra C20:0,Köttprodukter kötträtter,0.0,g
1106,Köttbullar blandfärs stekta hemlagade,Linolensyra C18:3,Köttprodukter kötträtter,0.2,g
1106,Köttbullar blandfärs stekta hemlagade,Linolsyra C18:2,Köttprodukter kötträtter,0.7,g
1106,Köttbullar blandfärs stekta hemlagade,Oljesyra C18:1,Köttprodukter kötträtter,3.9,g
1106,Köttbullar blandfärs stekta hemlagade,Stearinsyra C18:0,Köttprodukter kötträtter,1.1,g
1106,Köttbullar blandfärs stekta hemlagade,Palmitoljesyra C16:1,Köttprodukter kötträtter,0.3,g
1106,Köttbullar blandfärs stekta hemlagade,Palmitinsyra C16:0,Köttprodukter kötträtter,2.0,g
1106,Köttbullar blandfärs stekta hemlagade,Myristinsyra C14:0,Köttprodukter kötträtter,0.3,g
1106,Köttbullar blandfärs stekta hemlagade,Laurinsyra C12:0,Köttprodukter kötträtter,0.2,g
1106,Köttbullar blandfärs stekta hemlagade,Betakaroten/β-Karoten,Köttprodukter kötträtter,10.0,µg
1106,Köttbullar blandfärs stekta hemlagade,Avfall (skal etc.),Köttprodukter kötträtter,0.0,%
1106,Köttbullar blandfärs stekta hemlagade,Aska,Köttprodukter kötträtter,2.1,g
1106,Köttbullar blandfärs stekta hemlagade,Alkohol,Köttprodukter kötträtter,0.0,g
1107,Köttfärslimpa ugnsstekt hemlagad,"Zink, Zn",Köttprodukter kötträtter,3.1,mg
1107,Köttfärslimpa ugnsstekt hemlagad,Vitamin E,Köttprodukter kötträtter,0.7,mg
1107,Köttfärslimpa ugnsstekt hemlagad,Vitamin D,Köttprodukter kötträtter,0.67,µg
1107,Köttfärslimpa ugnsstekt hemlagad,Vitamin C,Köttprodukter kötträtter,0.0,mg
1107,Köttfärslimpa ugnsstekt hemlagad,Vitamin B6,Köttprodukter kötträtter,0.32,mg
1107,Köttfärslimpa ugnsstekt hemlagad,Vitamin B12,Köttprodukter kötträtter,1.1,µg
1107,Köttfärslimpa ugnsstekt hemlagad,Vitamin A,Köttprodukter kötträtter,37.8,RE/µg
1107,Köttfärslimpa ugnsstekt hemlagad,Vatten,Köttprodukter kötträtter,72.0,g
1107,Köttfärslimpa ugnsstekt hemlagad,Tiamin,Köttprodukter kötträtter,0.19,mg
1107,Köttfärslimpa ugnsstekt hemlagad,Tillsatt socker,Köttprodukter kötträtter,0.0,g
1107,Köttfärslimpa ugnsstekt hemlagad,Fritt socker,Köttprodukter kötträtter,0.0,g
1107,Köttfärslimpa ugnsstekt hemlagad,"Selen, Se",Köttprodukter kötträtter,2.0,µg
1107,Köttfärslimpa ugnsstekt hemlagad,Sackaros,Köttprodukter kötträtter,0.1,g
1107,Köttfärslimpa ugnsstekt hemlagad,Riboflavin,Köttprodukter kötträtter,0.19,mg
1107,Köttfärslimpa ugnsstekt hemlagad,Retinol,Köttprodukter kötträtter,37.0,µg
1107,Köttfärslimpa ugnsstekt hemlagad,Protein,Köttprodukter kötträtter,14.0,g
1107,Köttfärslimpa ugnsstekt hemlagad,Summa fleromättade fettsyror,Köttprodukter kötträtter,0.6,g
1107,Köttfärslimpa ugnsstekt hemlagad,"Fosfor, P",Köttprodukter kötträtter,137.0,mg
1107,Köttfärslimpa ugnsstekt hemlagad,Niacinekvivalenter,Köttprodukter kötträtter,6.47,NE/mg
1107,Köttfärslimpa ugnsstekt hemlagad,Niacin,Köttprodukter kötträtter,3.9,mg
1107,Köttfärslimpa ugnsstekt hemlagad,"Salt, NaCl",Köttprodukter kötträtter,1.1,g
1107,Köttfärslimpa ugnsstekt hemlagad,"Natrium, Na",Köttprodukter kötträtter,455.0,mg
1107,Köttfärslimpa ugnsstekt hemlagad,Monosackarider,Köttprodukter kötträtter,0.2,g
1107,Köttfärslimpa ugnsstekt hemlagad,"Sockerarter, totalt",Köttprodukter kötträtter,1.0,g
1107,Köttfärslimpa ugnsstekt hemlagad,Summa enkelomättade fettsyror,Köttprodukter kötträtter,3.5,g
1107,Köttfärslimpa ugnsstekt hemlagad,"Magnesium, Mg",Köttprodukter kötträtter,20.0,mg
1107,Köttfärslimpa ugnsstekt hemlagad,Summa mättade fettsyror,Köttprodukter kötträtter,3.1,g
1107,Köttfärslimpa ugnsstekt hemlagad,"Kolhydrater, tillgängliga",Köttprodukter kötträtter,4.0,g
1107,Köttfärslimpa ugnsstekt hemlagad,Kolesterol,Köttprodukter kötträtter,87.0,mg
1107,Köttfärslimpa ugnsstekt hemlagad,"Kalium, K",Köttprodukter kötträtter,300.0,mg
1107,Köttfärslimpa ugnsstekt hemlagad,"Jod, I",Köttprodukter kötträtter,7.0,µg
1107,Köttfärslimpa ugnsstekt hemlagad,Fullkorn totalt,Köttprodukter kötträtter,0.0,g
1107,Köttfärslimpa ugnsstekt hemlagad,"Folat, totalt",Köttprodukter kötträtter,7.0,µg
1107,Köttfärslimpa ugnsstekt hemlagad,Fibrer,Köttprodukter kötträtter,0.3,g
1107,Köttfärslimpa ugnsstekt hemlagad,"Fett, totalt",Köttprodukter kötträtter,7.7,g
1107,Köttfärslimpa ugnsstekt hemlagad,"Järn, Fe",Köttprodukter kötträtter,1.5,mg
1107,Köttfärslimpa ugnsstekt hemlagad,Energi (kJ),Köttprodukter kötträtter,593.0,kJ
1107,Köttfärslimpa ugnsstekt hemlagad,Energi (kcal),Köttprodukter kötträtter,142.0,kcal
1107,Köttfärslimpa ugnsstekt hemlagad,Disackarider,Köttprodukter kötträtter,0.8,g
1107,Köttfärslimpa ugnsstekt hemlagad,"Kalcium, Ca",Köttprodukter kötträtter,27.0,mg
1107,Köttfärslimpa ugnsstekt hemlagad,Fettsyra 4:0-10:0,Köttprodukter kötträtter,0.1,g
1107,Köttfärslimpa ugnsstekt hemlagad,DHA (C22:6),Köttprodukter kötträtter,0.0,g
1107,Köttfärslimpa ugnsstekt hemlagad,DPA (C22:5),Köttprodukter kötträtter,0.0,g
1107,Köttfärslimpa ugnsstekt hemlagad,EPA (C20:5),Köttprodukter kötträtter,0.0,g
1107,Köttfärslimpa ugnsstekt hemlagad,Arakidonsyra C20:4,Köttprodukter kötträtter,0.0,g
1107,Köttfärslimpa ugnsstekt hemlagad,Arakidinsyra C20:0,Köttprodukter kötträtter,0.0,g
1107,Köttfärslimpa ugnsstekt hemlagad,Linolensyra C18:3,Köttprodukter kötträtter,0.1,g
1107,Köttfärslimpa ugnsstekt hemlagad,Linolsyra C18:2,Köttprodukter kötträtter,0.4,g
1107,Köttfärslimpa ugnsstekt hemlagad,Oljesyra C18:1,Köttprodukter kötträtter,3.0,g
1107,Köttfärslimpa ugnsstekt hemlagad,Stearinsyra C18:0,Köttprodukter kötträtter,0.8,g
1107,Köttfärslimpa ugnsstekt hemlagad,Palmitoljesyra C16:1,Köttprodukter kötträtter,0.3,g
1107,Köttfärslimpa ugnsstekt hemlagad,Palmitinsyra C16:0,Köttprodukter kötträtter,1.7,g
1107,Köttfärslimpa ugnsstekt hemlagad,Myristinsyra C14:0,Köttprodukter kötträtter,0.2,g
1107,Köttfärslimpa ugnsstekt hemlagad,Laurinsyra C12:0,Köttprodukter kötträtter,0.1,g
1107,Köttfärslimpa ugnsstekt hemlagad,Betakaroten/β-Karoten,Köttprodukter kötträtter,10.0,µg
1107,Köttfärslimpa ugnsstekt hemlagad,Avfall (skal etc.),Köttprodukter kötträtter,0.0,%
1107,Köttfärslimpa ugnsstekt hemlagad,Aska,Köttprodukter kötträtter,2.0,g
1107,Köttfärslimpa ugnsstekt hemlagad,Alkohol,Köttprodukter kötträtter,0.0,g
1108,Köttfärssås i gjutjärn hemlagad,"Zink, Zn",Köttprodukter kötträtter,2.4,mg
1108,Köttfärssås i gjutjärn hemlagad,Vitamin E,Köttprodukter kötträtter,1.2,mg
1108,Köttfärssås i gjutjärn hemlagad,Vitamin D,Köttprodukter kötträtter,0.48,µg
1108,Köttfärssås i gjutjärn hemlagad,Vitamin C,Köttprodukter kötträtter,0.0,mg
1108,Köttfärssås i gjutjärn hemlagad,Vitamin B6,Köttprodukter kötträtter,0.21,mg
1108,Köttfärssås i gjutjärn hemlagad,Vitamin B12,Köttprodukter kötträtter,0.5,µg
1108,Köttfärssås i gjutjärn hemlagad,Vitamin A,Köttprodukter kötträtter,36.0,RE/µg
1108,Köttfärssås i gjutjärn hemlagad,Vatten,Köttprodukter kötträtter,79.0,g
1108,Köttfärssås i gjutjärn hemlagad,Tiamin,Köttprodukter kötträtter,0.18,mg
1108,Köttfärssås i gjutjärn hemlagad,Tillsatt socker,Köttprodukter kötträtter,0.0,g
1108,Köttfärssås i gjutjärn hemlagad,Fritt socker,Köttprodukter kötträtter,0.0,g
1108,Köttfärssås i gjutjärn hemlagad,"Selen, Se",Köttprodukter kötträtter,1.0,µg
1108,Köttfärssås i gjutjärn hemlagad,Sackaros,Köttprodukter kötträtter,0.2,g
1108,Köttfärssås i gjutjärn hemlagad,Riboflavin,Köttprodukter kötträtter,0.12,mg
1108,Köttfärssås i gjutjärn hemlagad,Retinol,Köttprodukter kötträtter,16.0,µg
1108,Köttfärssås i gjutjärn hemlagad,Protein,Köttprodukter kötträtter,8.3,g
1108,Köttfärssås i gjutjärn hemlagad,Summa fleromättade fettsyror,Köttprodukter kötträtter,0.5,g
1108,Köttfärssås i gjutjärn hemlagad,"Fosfor, P",Köttprodukter kötträtter,80.0,mg
1108,Köttfärssås i gjutjärn hemlagad,Niacinekvivalenter,Köttprodukter kötträtter,4.02,NE/mg
1108,Köttfärssås i gjutjärn hemlagad,Niacin,Köttprodukter kötträtter,2.5,mg
1108,Köttfärssås i gjutjärn hemlagad,"Salt, NaCl",Köttprodukter kötträtter,0.9,g
1108,Köttfärssås i gjutjärn hemlagad,"Natrium, Na",Köttprodukter kötträtter,360.0,mg
1108,Köttfärssås i gjutjärn hemlagad,Monosackarider,Köttprodukter kötträtter,2.9,g
1108,Köttfärssås i gjutjärn hemlagad,"Sockerarter, totalt",Köttprodukter kötträtter,3.1,g
1108,Köttfärssås i gjutjärn hemlagad,Summa enkelomättade fettsyror,Köttprodukter kötträtter,2.3,g
1108,Köttfärssås i gjutjärn hemlagad,"Magnesium, Mg",Köttprodukter kötträtter,18.0,mg
1108,Köttfärssås i gjutjärn hemlagad,Summa mättade fettsyror,Köttprodukter kötträtter,2.0,g
1108,Köttfärssås i gjutjärn hemlagad,"Kolhydrater, tillgängliga",Köttprodukter kötträtter,4.7,g
1108,Köttfärssås i gjutjärn hemlagad,Kolesterol,Köttprodukter kötträtter,28.0,mg
1108,Köttfärssås i gjutjärn hemlagad,"Kalium, K",Köttprodukter kötträtter,285.0,mg
1108,Köttfärssås i gjutjärn hemlagad,"Jod, I",Köttprodukter kötträtter,26.4,µg
1108,Köttfärssås i gjutjärn hemlagad,Fullkorn totalt,Köttprodukter kötträtter,0.0,g
1108,Köttfärssås i gjutjärn hemlagad,"Folat, totalt",Köttprodukter kötträtter,7.0,µg
1108,Köttfärssås i gjutjärn hemlagad,Fibrer,Köttprodukter kötträtter,1.1,g
1108,Köttfärssås i gjutjärn hemlagad,"Fett, totalt",Köttprodukter kötträtter,5.1,g
1108,Köttfärssås i gjutjärn hemlagad,"Järn, Fe",Köttprodukter kötträtter,5.6,mg
1108,Köttfärssås i gjutjärn hemlagad,Energi (kJ),Köttprodukter kötträtter,418.0,kJ
1108,Köttfärssås i gjutjärn hemlagad,Energi (kcal),Köttprodukter kötträtter,100.0,kcal
1108,Köttfärssås i gjutjärn hemlagad,Disackarider,Köttprodukter kötträtter,0.2,g
1108,Köttfärssås i gjutjärn hemlagad,"Kalcium, Ca",Köttprodukter kötträtter,16.0,mg
1108,Köttfärssås i gjutjärn hemlagad,Fettsyra 4:0-10:0,Köttprodukter kötträtter,0.0,g
1108,Köttfärssås i gjutjärn hemlagad,DHA (C22:6),Köttprodukter kötträtter,0.0,g
1108,Köttfärssås i gjutjärn hemlagad,DPA (C22:5),Köttprodukter kötträtter,0.0,g
1108,Köttfärssås i gjutjärn hemlagad,EPA (C20:5),Köttprodukter kötträtter,0.0,g
1108,Köttfärssås i gjutjärn hemlagad,Arakidonsyra C20:4,Köttprodukter kötträtter,0.0,g
1108,Köttfärssås i gjutjärn hemlagad,Arakidinsyra C20:0,Köttprodukter kötträtter,0.0,g
1108,Köttfärssås i gjutjärn hemlagad,Linolensyra C18:3,Köttprodukter kötträtter,0.1,g
1108,Köttfärssås i gjutjärn hemlagad,Linolsyra C18:2,Köttprodukter kötträtter,0.3,g
1108,Köttfärssås i gjutjärn hemlagad,Oljesyra C18:1,Köttprodukter kötträtter,2.0,g
1108,Köttfärssås i gjutjärn hemlagad,Stearinsyra C18:0,Köttprodukter kötträtter,0.6,g
1108,Köttfärssås i gjutjärn hemlagad,Palmitoljesyra C16:1,Köttprodukter kötträtter,0.2,g
1108,Köttfärssås i gjutjärn hemlagad,Palmitinsyra C16:0,Köttprodukter kötträtter,1.1,g
1108,Köttfärssås i gjutjärn hemlagad,Myristinsyra C14:0,Köttprodukter kötträtter,0.2,g
1108,Köttfärssås i gjutjärn hemlagad,Laurinsyra C12:0,Köttprodukter kötträtter,0.1,g
1108,Köttfärssås i gjutjärn hemlagad,Betakaroten/β-Karoten,Köttprodukter kötträtter,240.0,µg
1108,Köttfärssås i gjutjärn hemlagad,Avfall (skal etc.),Köttprodukter kötträtter,0.0,%
1108,Köttfärssås i gjutjärn hemlagad,Aska,Köttprodukter kötträtter,1.8,g
1108,Köttfärssås i gjutjärn hemlagad,Alkohol,Köttprodukter kötträtter,0.0,g
1109,Pannbiff gris stekt,"Zink, Zn",Köttprodukter kötträtter,2.2,mg
1109,Pannbiff gris stekt,Vitamin E,Köttprodukter kötträtter,0.9,mg
1109,Pannbiff gris stekt,Vitamin D,Köttprodukter kötträtter,0.57,µg
1109,Pannbiff gris stekt,Vitamin C,Köttprodukter kötträtter,0.2,mg
1109,Pannbiff gris stekt,Vitamin B6,Köttprodukter kötträtter,0.18,mg
1109,Pannbiff gris stekt,Vitamin B12,Köttprodukter kötträtter,0.54,µg
1109,Pannbiff gris stekt,Vitamin A,Köttprodukter kötträtter,30.9,RE/µg
1109,Pannbiff gris stekt,Vatten,Köttprodukter kötträtter,65.1,g
1109,Pannbiff gris stekt,Tiamin,Köttprodukter kötträtter,0.41,mg
1109,Pannbiff gris stekt,Tillsatt socker,Köttprodukter kötträtter,0.0,g
1109,Pannbiff gris stekt,Fritt socker,Köttprodukter kötträtter,0.0,g
1109,Pannbiff gris stekt,"Selen, Se",Köttprodukter kötträtter,8.3,µg
1109,Pannbiff gris stekt,Sackaros,Köttprodukter kötträtter,0.1,g
1109,Pannbiff gris stekt,Riboflavin,Köttprodukter kötträtter,0.21,mg
1109,Pannbiff gris stekt,Retinol,Köttprodukter kötträtter,30.7,µg
1109,Pannbiff gris stekt,Protein,Köttprodukter kötträtter,14.8,g
1109,Pannbiff gris stekt,Summa fleromättade fettsyror,Köttprodukter kötträtter,1.5,g
1109,Pannbiff gris stekt,"Fosfor, P",Köttprodukter kötträtter,196.0,mg
1109,Pannbiff gris stekt,Niacinekvivalenter,Köttprodukter kötträtter,7.24,NE/mg
1109,Pannbiff gris stekt,Niacin,Köttprodukter kötträtter,4.43,mg
1109,Pannbiff gris stekt,"Salt, NaCl",Köttprodukter kötträtter,1.7,g
1109,Pannbiff gris stekt,"Natrium, Na",Köttprodukter kötträtter,662.0,mg
1109,Pannbiff gris stekt,Monosackarider,Köttprodukter kötträtter,0.2,g
1109,Pannbiff gris stekt,"Sockerarter, totalt",Köttprodukter kötträtter,1.0,g
1109,Pannbiff gris stekt,Summa enkelomättade fettsyror,Köttprodukter kötträtter,5.2,g
1109,Pannbiff gris stekt,"Magnesium, Mg",Köttprodukter kötträtter,27.0,mg
1109,Pannbiff gris stekt,Summa mättade fettsyror,Köttprodukter kötträtter,5.2,g
1109,Pannbiff gris stekt,"Kolhydrater, tillgängliga",Köttprodukter kötträtter,4.3,g
1109,Pannbiff gris stekt,Kolesterol,Köttprodukter kötträtter,75.6,mg
1109,Pannbiff gris stekt,"Kalium, K",Köttprodukter kötträtter,240.0,mg
1109,Pannbiff gris stekt,"Jod, I",Köttprodukter kötträtter,81.6,µg
1109,Pannbiff gris stekt,Fullkorn totalt,Köttprodukter kötträtter,3.0,g
1109,Pannbiff gris stekt,"Folat, totalt",Köttprodukter kötträtter,10.5,µg
1109,Pannbiff gris stekt,Fibrer,Köttprodukter kötträtter,0.5,g
1109,Pannbiff gris stekt,"Fett, totalt",Köttprodukter kötträtter,12.7,g
1109,Pannbiff gris stekt,"Järn, Fe",Köttprodukter kötträtter,1.1,mg
1109,Pannbiff gris stekt,Energi (kJ),Köttprodukter kötträtter,798.0,kJ
1109,Pannbiff gris stekt,Energi (kcal),Köttprodukter kötträtter,191.0,kcal
1109,Pannbiff gris stekt,Disackarider,Köttprodukter kötträtter,0.8,g
1109,Pannbiff gris stekt,"Kalcium, Ca",Köttprodukter kötträtter,35.0,mg
1109,Pannbiff gris stekt,Fettsyra 4:0-10:0,Köttprodukter kötträtter,0.0,g
1109,Pannbiff gris stekt,DHA (C22:6),Köttprodukter kötträtter,0.1,g
1109,Pannbiff gris stekt,DPA (C22:5),Köttprodukter kötträtter,0.0,g
1109,Pannbiff gris stekt,EPA (C20:5),Köttprodukter kötträtter,0.0,g
1109,Pannbiff gris stekt,Arakidonsyra C20:4,Köttprodukter kötträtter,0.0,g
1109,Pannbiff gris stekt,Arakidinsyra C20:0,Köttprodukter kötträtter,0.0,g
1109,Pannbiff gris stekt,Linolensyra C18:3,Köttprodukter kötträtter,0.1,g
1109,Pannbiff gris stekt,Linolsyra C18:2,Köttprodukter kötträtter,1.2,g
1109,Pannbiff gris stekt,Oljesyra C18:1,Köttprodukter kötträtter,4.6,g
1109,Pannbiff gris stekt,Stearinsyra C18:0,Köttprodukter kötträtter,1.8,g
1109,Pannbiff gris stekt,Palmitoljesyra C16:1,Köttprodukter kötträtter,0.4,g
1109,Pannbiff gris stekt,Palmitinsyra C16:0,Köttprodukter kötträtter,3.1,g
1109,Pannbiff gris stekt,Myristinsyra C14:0,Köttprodukter kötträtter,0.2,g
1109,Pannbiff gris stekt,Laurinsyra C12:0,Köttprodukter kötträtter,0.0,g
1109,Pannbiff gris stekt,Betakaroten/β-Karoten,Köttprodukter kötträtter,2.0,µg
1109,Pannbiff gris stekt,Avfall (skal etc.),Köttprodukter kötträtter,1.0,%
1109,Pannbiff gris stekt,Aska,Köttprodukter kötträtter,2.6,g
1109,Pannbiff gris stekt,Alkohol,Köttprodukter kötträtter,0.0,g
1110,Hamburgare nöt stekt fett 10%,"Zink, Zn",Kött färskt fryst tillagat ,6.2,mg
1110,Hamburgare nöt stekt fett 10%,Vitamin E,Kött färskt fryst tillagat ,0.8,mg
1110,Hamburgare nöt stekt fett 10%,Vitamin D inkl 25-OH-D3,Kött färskt fryst tillagat ,0.76,µg
1110,Hamburgare nöt stekt fett 10%,Vitamin D,Kött färskt fryst tillagat ,0.09,µg
1110,Hamburgare nöt stekt fett 10%,Vitamin C,Kött färskt fryst tillagat ,0.0,mg
1110,Hamburgare nöt stekt fett 10%,Vitamin B6,Kött färskt fryst tillagat ,0.16,mg
1110,Hamburgare nöt stekt fett 10%,Vitamin B12,Kött färskt fryst tillagat ,1.42,µg
1110,Hamburgare nöt stekt fett 10%,Vitamin A,Kött färskt fryst tillagat ,15.6,RE/µg
1110,Hamburgare nöt stekt fett 10%,Vatten,Kött färskt fryst tillagat ,59.1,g
1110,Hamburgare nöt stekt fett 10%,Tiamin,Kött färskt fryst tillagat ,0.06,mg
1110,Hamburgare nöt stekt fett 10%,Tillsatt socker,Kött färskt fryst tillagat ,0.0,g
1110,Hamburgare nöt stekt fett 10%,Fritt socker,Kött färskt fryst tillagat ,0.0,g
1110,Hamburgare nöt stekt fett 10%,"Selen, Se",Kött färskt fryst tillagat ,6.8,µg
1110,Hamburgare nöt stekt fett 10%,Sackaros,Kött färskt fryst tillagat ,0.0,g
1110,Hamburgare nöt stekt fett 10%,Riboflavin,Kött färskt fryst tillagat ,0.19,mg
1110,Hamburgare nöt stekt fett 10%,Retinol,Kött färskt fryst tillagat ,12.7,µg
1110,Hamburgare nöt stekt fett 10%,Protein,Kött färskt fryst tillagat ,25.0,g
1110,Hamburgare nöt stekt fett 10%,Summa fleromättade fettsyror,Kött färskt fryst tillagat ,0.6,g
1110,Hamburgare nöt stekt fett 10%,"Fosfor, P",Kött färskt fryst tillagat ,202.0,mg
1110,Hamburgare nöt stekt fett 10%,Niacinekvivalenter,Kött färskt fryst tillagat ,9.96,NE/mg
1110,Hamburgare nöt stekt fett 10%,Niacin,Kött färskt fryst tillagat ,5.43,mg
1110,Hamburgare nöt stekt fett 10%,"Salt, NaCl",Kött färskt fryst tillagat ,1.2,g
1110,Hamburgare nöt stekt fett 10%,"Natrium, Na",Kött färskt fryst tillagat ,482.0,mg
1110,Hamburgare nöt stekt fett 10%,Monosackarider,Kött färskt fryst tillagat ,0.0,g
1110,Hamburgare nöt stekt fett 10%,"Sockerarter, totalt",Kött färskt fryst tillagat ,0.0,g
1110,Hamburgare nöt stekt fett 10%,Summa enkelomättade fettsyror,Kött färskt fryst tillagat ,6.3,g
1110,Hamburgare nöt stekt fett 10%,"Magnesium, Mg",Kött färskt fryst tillagat ,25.0,mg
1110,Hamburgare nöt stekt fett 10%,Summa mättade fettsyror,Kött färskt fryst tillagat ,6.2,g
1110,Hamburgare nöt stekt fett 10%,"Kolhydrater, tillgängliga",Kött färskt fryst tillagat ,0.0,g
1110,Hamburgare nöt stekt fett 10%,Kolesterol,Kött färskt fryst tillagat ,73.8,mg
1110,Hamburgare nöt stekt fett 10%,"Kalium, K",Kött färskt fryst tillagat ,243.0,mg
1110,Hamburgare nöt stekt fett 10%,"Jod, I",Kött färskt fryst tillagat ,50.9,µg
1110,Hamburgare nöt stekt fett 10%,Fullkorn totalt,Kött färskt fryst tillagat ,0.0,g
1110,Hamburgare nöt stekt fett 10%,"Folat, totalt",Kött färskt fryst tillagat ,3.5,µg
1110,Hamburgare nöt stekt fett 10%,Fibrer,Kött färskt fryst tillagat ,0.0,g
1110,Hamburgare nöt stekt fett 10%,"Fett, totalt",Kött färskt fryst tillagat ,14.0,g
1110,Hamburgare nöt stekt fett 10%,"Järn, Fe",Kött färskt fryst tillagat ,2.5,mg
1110,Hamburgare nöt stekt fett 10%,Energi (kJ),Kött färskt fryst tillagat ,944.0,kJ
1110,Hamburgare nöt stekt fett 10%,Energi (kcal),Kött färskt fryst tillagat ,225.0,kcal
1110,Hamburgare nöt stekt fett 10%,Disackarider,Kött färskt fryst tillagat ,0.0,g
1110,Hamburgare nöt stekt fett 10%,"Kalcium, Ca",Kött färskt fryst tillagat ,11.0,mg
1110,Hamburgare nöt stekt fett 10%,Fettsyra 4:0-10:0,Kött färskt fryst tillagat ,0.0,g
1110,Hamburgare nöt stekt fett 10%,DHA (C22:6),Kött färskt fryst tillagat ,0.0,g
1110,Hamburgare nöt stekt fett 10%,DPA (C22:5),Kött färskt fryst tillagat ,0.0,g
1110,Hamburgare nöt stekt fett 10%,EPA (C20:5),Kött färskt fryst tillagat ,0.0,g
1110,Hamburgare nöt stekt fett 10%,Arakidonsyra C20:4,Kött färskt fryst tillagat ,0.0,g
1110,Hamburgare nöt stekt fett 10%,Arakidinsyra C20:0,Kött färskt fryst tillagat ,0.0,g
1110,Hamburgare nöt stekt fett 10%,Linolensyra C18:3,Kött färskt fryst tillagat ,0.1,g
1110,Hamburgare nöt stekt fett 10%,Linolsyra C18:2,Kött färskt fryst tillagat ,0.4,g
1110,Hamburgare nöt stekt fett 10%,Oljesyra C18:1,Kött färskt fryst tillagat ,5.4,g
1110,Hamburgare nöt stekt fett 10%,Stearinsyra C18:0,Kött färskt fryst tillagat ,2.0,g
1110,Hamburgare nöt stekt fett 10%,Palmitoljesyra C16:1,Kött färskt fryst tillagat ,0.6,g
1110,Hamburgare nöt stekt fett 10%,Palmitinsyra C16:0,Kött färskt fryst tillagat ,3.3,g
1110,Hamburgare nöt stekt fett 10%,Myristinsyra C14:0,Kött färskt fryst tillagat ,0.4,g
1110,Hamburgare nöt stekt fett 10%,Laurinsyra C12:0,Kött färskt fryst tillagat ,0.0,g
1110,Hamburgare nöt stekt fett 10%,Betakaroten/β-Karoten,Kött färskt fryst tillagat ,35.0,µg
1110,Hamburgare nöt stekt fett 10%,Avfall (skal etc.),Kött färskt fryst tillagat ,0.0,%
1110,Hamburgare nöt stekt fett 10%,Aska,Kött färskt fryst tillagat ,2.1,g
1110,Hamburgare nöt stekt fett 10%,Alkohol,Kött färskt fryst tillagat ,0.0,g
1111,Hamburgare nöt stekt fett 15%,"Zink, Zn",Kött färskt fryst tillagat ,6.0,mg
1111,Hamburgare nöt stekt fett 15%,Vitamin E,Kött färskt fryst tillagat ,0.8,mg
1111,Hamburgare nöt stekt fett 15%,Vitamin D inkl 25-OH-D3,Kött färskt fryst tillagat ,0.82,µg
1111,Hamburgare nöt stekt fett 15%,Vitamin D,Kött färskt fryst tillagat ,0.15,µg
1111,Hamburgare nöt stekt fett 15%,Vitamin C,Kött färskt fryst tillagat ,0.0,mg
1111,Hamburgare nöt stekt fett 15%,Vitamin B6,Kött färskt fryst tillagat ,0.16,mg
1111,Hamburgare nöt stekt fett 15%,Vitamin B12,Kött färskt fryst tillagat ,1.45,µg
1111,Hamburgare nöt stekt fett 15%,Vitamin A,Kött färskt fryst tillagat ,15.7,RE/µg
1111,Hamburgare nöt stekt fett 15%,Vatten,Kött färskt fryst tillagat ,58.7,g
1111,Hamburgare nöt stekt fett 15%,Tiamin,Kött färskt fryst tillagat ,0.05,mg
1111,Hamburgare nöt stekt fett 15%,Tillsatt socker,Kött färskt fryst tillagat ,0.0,g
1111,Hamburgare nöt stekt fett 15%,Fritt socker,Kött färskt fryst tillagat ,0.0,g
1111,Hamburgare nöt stekt fett 15%,"Selen, Se",Kött färskt fryst tillagat ,6.5,µg
1111,Hamburgare nöt stekt fett 15%,Sackaros,Kött färskt fryst tillagat ,0.0,g
1111,Hamburgare nöt stekt fett 15%,Riboflavin,Kött färskt fryst tillagat ,0.14,mg
1111,Hamburgare nöt stekt fett 15%,Retinol,Kött färskt fryst tillagat ,12.9,µg
1111,Hamburgare nöt stekt fett 15%,Protein,Kött färskt fryst tillagat ,23.8,g
1111,Hamburgare nöt stekt fett 15%,Summa fleromättade fettsyror,Kött färskt fryst tillagat ,0.7,g
1111,Hamburgare nöt stekt fett 15%,"Fosfor, P",Kött färskt fryst tillagat ,197.0,mg
1111,Hamburgare nöt stekt fett 15%,Niacinekvivalenter,Kött färskt fryst tillagat ,9.7,NE/mg
1111,Hamburgare nöt stekt fett 15%,Niacin,Kött färskt fryst tillagat ,5.37,mg
1111,Hamburgare nöt stekt fett 15%,"Salt, NaCl",Kött färskt fryst tillagat ,1.2,g
1111,Hamburgare nöt stekt fett 15%,"Natrium, Na",Kött färskt fryst tillagat ,472.0,mg
1111,Hamburgare nöt stekt fett 15%,Monosackarider,Kött färskt fryst tillagat ,0.0,g
1111,Hamburgare nöt stekt fett 15%,"Sockerarter, totalt",Kött färskt fryst tillagat ,0.0,g
1111,Hamburgare nöt stekt fett 15%,Summa enkelomättade fettsyror,Kött färskt fryst tillagat ,8.1,g
1111,Hamburgare nöt stekt fett 15%,"Magnesium, Mg",Kött färskt fryst tillagat ,25.0,mg
1111,Hamburgare nöt stekt fett 15%,Summa mättade fettsyror,Kött färskt fryst tillagat ,7.7,g
1111,Hamburgare nöt stekt fett 15%,"Kolhydrater, tillgängliga",Kött färskt fryst tillagat ,0.0,g
1111,Hamburgare nöt stekt fett 15%,Kolesterol,Kött färskt fryst tillagat ,72.0,mg
1111,Hamburgare nöt stekt fett 15%,"Kalium, K",Kött färskt fryst tillagat ,241.0,mg
1111,Hamburgare nöt stekt fett 15%,"Jod, I",Kött färskt fryst tillagat ,50.0,µg
1111,Hamburgare nöt stekt fett 15%,Fullkorn totalt,Kött färskt fryst tillagat ,0.0,g
1111,Hamburgare nöt stekt fett 15%,"Folat, totalt",Kött färskt fryst tillagat ,3.4,µg
1111,Hamburgare nöt stekt fett 15%,Fibrer,Kött färskt fryst tillagat ,0.0,g
1111,Hamburgare nöt stekt fett 15%,"Fett, totalt",Kött färskt fryst tillagat ,17.5,g
1111,Hamburgare nöt stekt fett 15%,"Järn, Fe",Kött färskt fryst tillagat ,2.4,mg
1111,Hamburgare nöt stekt fett 15%,Energi (kJ),Kött färskt fryst tillagat ,1052.0,kJ
1111,Hamburgare nöt stekt fett 15%,Energi (kcal),Kött färskt fryst tillagat ,251.0,kcal
1111,Hamburgare nöt stekt fett 15%,Disackarider,Kött färskt fryst tillagat ,0.0,g
1111,Hamburgare nöt stekt fett 15%,"Kalcium, Ca",Kött färskt fryst tillagat ,10.0,mg
1111,Hamburgare nöt stekt fett 15%,Fettsyra 4:0-10:0,Kött färskt fryst tillagat ,0.0,g
1111,Hamburgare nöt stekt fett 15%,DHA (C22:6),Kött färskt fryst tillagat ,0.0,g
1111,Hamburgare nöt stekt fett 15%,DPA (C22:5),Kött färskt fryst tillagat ,0.0,g
1111,Hamburgare nöt stekt fett 15%,EPA (C20:5),Kött färskt fryst tillagat ,0.0,g
1111,Hamburgare nöt stekt fett 15%,Arakidonsyra C20:4,Kött färskt fryst tillagat ,0.0,g
1111,Hamburgare nöt stekt fett 15%,Arakidinsyra C20:0,Kött färskt fryst tillagat ,0.0,g
1111,Hamburgare nöt stekt fett 15%,Linolensyra C18:3,Kött färskt fryst tillagat ,0.1,g
1111,Hamburgare nöt stekt fett 15%,Linolsyra C18:2,Kött färskt fryst tillagat ,0.5,g
1111,Hamburgare nöt stekt fett 15%,Oljesyra C18:1,Kött färskt fryst tillagat ,6.9,g
1111,Hamburgare nöt stekt fett 15%,Stearinsyra C18:0,Kött färskt fryst tillagat ,2.4,g
1111,Hamburgare nöt stekt fett 15%,Palmitoljesyra C16:1,Kött färskt fryst tillagat ,0.7,g
1111,Hamburgare nöt stekt fett 15%,Palmitinsyra C16:0,Kött färskt fryst tillagat ,4.1,g
1111,Hamburgare nöt stekt fett 15%,Myristinsyra C14:0,Kött färskt fryst tillagat ,0.5,g
1111,Hamburgare nöt stekt fett 15%,Laurinsyra C12:0,Kött färskt fryst tillagat ,0.0,g
1111,Hamburgare nöt stekt fett 15%,Betakaroten/β-Karoten,Kött färskt fryst tillagat ,34.0,µg
1111,Hamburgare nöt stekt fett 15%,Avfall (skal etc.),Kött färskt fryst tillagat ,0.0,%
1111,Hamburgare nöt stekt fett 15%,Aska,Kött färskt fryst tillagat ,2.0,g
1111,Hamburgare nöt stekt fett 15%,Alkohol,Kött färskt fryst tillagat ,0.0,g
1112,Järpar blandfärs stekta,"Zink, Zn",Köttprodukter kötträtter,2.7,mg
1112,Järpar blandfärs stekta,Vitamin E,Köttprodukter kötträtter,0.9,mg
1112,Järpar blandfärs stekta,Vitamin D,Köttprodukter kötträtter,0.25,µg
1112,Järpar blandfärs stekta,Vitamin C,Köttprodukter kötträtter,2.8,mg
1112,Järpar blandfärs stekta,Vitamin B6,Köttprodukter kötträtter,0.16,mg
1112,Järpar blandfärs stekta,Vitamin B12,Köttprodukter kötträtter,0.65,µg
1112,Järpar blandfärs stekta,Vitamin A,Köttprodukter kötträtter,59.1,RE/µg
1112,Järpar blandfärs stekta,Vatten,Köttprodukter kötträtter,64.4,g
1112,Järpar blandfärs stekta,Tiamin,Köttprodukter kötträtter,0.17,mg
1112,Järpar blandfärs stekta,Tillsatt socker,Köttprodukter kötträtter,0.0,g
1112,Järpar blandfärs stekta,Fritt socker,Köttprodukter kötträtter,0.0,g
1112,Järpar blandfärs stekta,"Selen, Se",Köttprodukter kötträtter,5.5,µg
1112,Järpar blandfärs stekta,Sackaros,Köttprodukter kötträtter,0.2,g
1112,Järpar blandfärs stekta,Riboflavin,Köttprodukter kötträtter,0.15,mg
1112,Järpar blandfärs stekta,Retinol,Köttprodukter kötträtter,56.2,µg
1112,Järpar blandfärs stekta,Protein,Köttprodukter kötträtter,13.1,g
1112,Järpar blandfärs stekta,Summa fleromättade fettsyror,Köttprodukter kötträtter,1.1,g
1112,Järpar blandfärs stekta,"Fosfor, P",Köttprodukter kötträtter,143.0,mg
1112,Järpar blandfärs stekta,Niacinekvivalenter,Köttprodukter kötträtter,5.41,NE/mg
1112,Järpar blandfärs stekta,Niacin,Köttprodukter kötträtter,2.95,mg
1112,Järpar blandfärs stekta,"Salt, NaCl",Köttprodukter kötträtter,1.3,g
1112,Järpar blandfärs stekta,"Natrium, Na",Köttprodukter kötträtter,522.0,mg
1112,Järpar blandfärs stekta,Monosackarider,Köttprodukter kötträtter,0.4,g
1112,Järpar blandfärs stekta,"Sockerarter, totalt",Köttprodukter kötträtter,0.9,g
1112,Järpar blandfärs stekta,Summa enkelomättade fettsyror,Köttprodukter kötträtter,5.5,g
1112,Järpar blandfärs stekta,"Magnesium, Mg",Köttprodukter kötträtter,24.0,mg
1112,Järpar blandfärs stekta,Summa mättade fettsyror,Köttprodukter kötträtter,7.0,g
1112,Järpar blandfärs stekta,"Kolhydrater, tillgängliga",Köttprodukter kötträtter,5.1,g
1112,Järpar blandfärs stekta,Kolesterol,Köttprodukter kötträtter,74.9,mg
1112,Järpar blandfärs stekta,"Kalium, K",Köttprodukter kötträtter,248.0,mg
1112,Järpar blandfärs stekta,"Jod, I",Köttprodukter kötträtter,61.8,µg
1112,Järpar blandfärs stekta,Fullkorn totalt,Köttprodukter kötträtter,0.0,g
1112,Järpar blandfärs stekta,"Folat, totalt",Köttprodukter kötträtter,10.7,µg
1112,Järpar blandfärs stekta,Fibrer,Köttprodukter kötträtter,0.7,g
1112,Järpar blandfärs stekta,"Fett, totalt",Köttprodukter kötträtter,14.6,g
1112,Järpar blandfärs stekta,"Järn, Fe",Köttprodukter kötträtter,1.2,mg
1112,Järpar blandfärs stekta,Energi (kJ),Köttprodukter kötträtter,856.0,kJ
1112,Järpar blandfärs stekta,Energi (kcal),Köttprodukter kötträtter,204.0,kcal
1112,Järpar blandfärs stekta,Disackarider,Köttprodukter kötträtter,0.5,g
1112,Järpar blandfärs stekta,"Kalcium, Ca",Köttprodukter kötträtter,33.0,mg
1112,Järpar blandfärs stekta,Fettsyra 4:0-10:0,Köttprodukter kötträtter,0.3,g
1112,Järpar blandfärs stekta,DHA (C22:6),Köttprodukter kötträtter,0.0,g
1112,Järpar blandfärs stekta,DPA (C22:5),Köttprodukter kötträtter,0.0,g
1112,Järpar blandfärs stekta,EPA (C20:5),Köttprodukter kötträtter,0.0,g
1112,Järpar blandfärs stekta,Arakidonsyra C20:4,Köttprodukter kötträtter,0.0,g
1112,Järpar blandfärs stekta,Arakidinsyra C20:0,Köttprodukter kötträtter,0.0,g
1112,Järpar blandfärs stekta,Linolensyra C18:3,Köttprodukter kötträtter,0.1,g
1112,Järpar blandfärs stekta,Linolsyra C18:2,Köttprodukter kötträtter,0.8,g
1112,Järpar blandfärs stekta,Oljesyra C18:1,Köttprodukter kötträtter,4.8,g
1112,Järpar blandfärs stekta,Stearinsyra C18:0,Köttprodukter kötträtter,1.9,g
1112,Järpar blandfärs stekta,Palmitoljesyra C16:1,Köttprodukter kötträtter,0.4,g
1112,Järpar blandfärs stekta,Palmitinsyra C16:0,Köttprodukter kötträtter,3.8,g
1112,Järpar blandfärs stekta,Myristinsyra C14:0,Köttprodukter kötträtter,0.6,g
1112,Järpar blandfärs stekta,Laurinsyra C12:0,Köttprodukter kötträtter,0.1,g
1112,Järpar blandfärs stekta,Betakaroten/β-Karoten,Köttprodukter kötträtter,35.0,µg
1112,Järpar blandfärs stekta,Avfall (skal etc.),Köttprodukter kötträtter,1.0,%
1112,Järpar blandfärs stekta,Aska,Köttprodukter kötträtter,2.1,g
1112,Järpar blandfärs stekta,Alkohol,Köttprodukter kötträtter,0.0,g
1113,Frikadeller kalv,"Zink, Zn",Köttprodukter kötträtter,3.6,mg
1113,Frikadeller kalv,Vitamin E,Köttprodukter kötträtter,1.1,mg
1113,Frikadeller kalv,Vitamin D,Köttprodukter kötträtter,0.65,µg
1113,Frikadeller kalv,Vitamin C,Köttprodukter kötträtter,0.2,mg
1113,Frikadeller kalv,Vitamin B6,Köttprodukter kötträtter,0.19,mg
1113,Frikadeller kalv,Vitamin B12,Köttprodukter kötträtter,0.77,µg
1113,Frikadeller kalv,Vitamin A,Köttprodukter kötträtter,59.1,RE/µg
1113,Frikadeller kalv,Vatten,Köttprodukter kötträtter,67.6,g
1113,Frikadeller kalv,Tiamin,Köttprodukter kötträtter,0.05,mg
1113,Frikadeller kalv,Tillsatt socker,Köttprodukter kötträtter,0.0,g
1113,Frikadeller kalv,Fritt socker,Köttprodukter kötträtter,0.0,g
1113,Frikadeller kalv,"Selen, Se",Köttprodukter kötträtter,8.2,µg
1113,Frikadeller kalv,Sackaros,Köttprodukter kötträtter,0.0,g
1113,Frikadeller kalv,Riboflavin,Köttprodukter kötträtter,0.16,mg
1113,Frikadeller kalv,Retinol,Köttprodukter kötträtter,58.6,µg
1113,Frikadeller kalv,Protein,Köttprodukter kötträtter,17.6,g
1113,Frikadeller kalv,Summa fleromättade fettsyror,Köttprodukter kötträtter,0.6,g
1113,Frikadeller kalv,"Fosfor, P",Köttprodukter kötträtter,212.0,mg
1113,Frikadeller kalv,Niacinekvivalenter,Köttprodukter kötträtter,7.99,NE/mg
1113,Frikadeller kalv,Niacin,Köttprodukter kötträtter,4.59,mg
1113,Frikadeller kalv,"Salt, NaCl",Köttprodukter kötträtter,1.6,g
1113,Frikadeller kalv,"Natrium, Na",Köttprodukter kötträtter,619.0,mg
1113,Frikadeller kalv,Monosackarider,Köttprodukter kötträtter,0.2,g
1113,Frikadeller kalv,"Sockerarter, totalt",Köttprodukter kötträtter,1.6,g
1113,Frikadeller kalv,Summa enkelomättade fettsyror,Köttprodukter kötträtter,3.1,g
1113,Frikadeller kalv,"Magnesium, Mg",Köttprodukter kötträtter,23.0,mg
1113,Frikadeller kalv,Summa mättade fettsyror,Köttprodukter kötträtter,2.8,g
1113,Frikadeller kalv,"Kolhydrater, tillgängliga",Köttprodukter kötträtter,4.5,g
1113,Frikadeller kalv,Kolesterol,Köttprodukter kötträtter,102.4,mg
1113,Frikadeller kalv,"Kalium, K",Köttprodukter kötträtter,217.0,mg
1113,Frikadeller kalv,"Jod, I",Köttprodukter kötträtter,79.8,µg
1113,Frikadeller kalv,Fullkorn totalt,Köttprodukter kötträtter,1.0,g
1113,Frikadeller kalv,"Folat, totalt",Köttprodukter kötträtter,18.0,µg
1113,Frikadeller kalv,Fibrer,Köttprodukter kötträtter,0.4,g
1113,Frikadeller kalv,"Fett, totalt",Köttprodukter kötträtter,7.0,g
1113,Frikadeller kalv,"Järn, Fe",Köttprodukter kötträtter,1.5,mg
1113,Frikadeller kalv,Energi (kJ),Köttprodukter kötträtter,638.0,kJ
1113,Frikadeller kalv,Energi (kcal),Köttprodukter kötträtter,153.0,kcal
1113,Frikadeller kalv,Disackarider,Köttprodukter kötträtter,1.5,g
1113,Frikadeller kalv,"Kalcium, Ca",Köttprodukter kötträtter,59.0,mg
1113,Frikadeller kalv,Fettsyra 4:0-10:0,Köttprodukter kötträtter,0.0,g
1113,Frikadeller kalv,DHA (C22:6),Köttprodukter kötträtter,0.0,g
1113,Frikadeller kalv,DPA (C22:5),Köttprodukter kötträtter,0.0,g
1113,Frikadeller kalv,EPA (C20:5),Köttprodukter kötträtter,0.0,g
1113,Frikadeller kalv,Arakidonsyra C20:4,Köttprodukter kötträtter,0.1,g
1113,Frikadeller kalv,Arakidinsyra C20:0,Köttprodukter kötträtter,0.0,g
1113,Frikadeller kalv,Linolensyra C18:3,Köttprodukter kötträtter,0.0,g
1113,Frikadeller kalv,Linolsyra C18:2,Köttprodukter kötträtter,0.5,g
1113,Frikadeller kalv,Oljesyra C18:1,Köttprodukter kötträtter,2.8,g
1113,Frikadeller kalv,Stearinsyra C18:0,Köttprodukter kötträtter,0.9,g
1113,Frikadeller kalv,Palmitoljesyra C16:1,Köttprodukter kötträtter,0.2,g
1113,Frikadeller kalv,Palmitinsyra C16:0,Köttprodukter kötträtter,1.4,g
1113,Frikadeller kalv,Myristinsyra C14:0,Köttprodukter kötträtter,0.2,g
1113,Frikadeller kalv,Laurinsyra C12:0,Köttprodukter kötträtter,0.0,g
1113,Frikadeller kalv,Betakaroten/β-Karoten,Köttprodukter kötträtter,6.0,µg
1113,Frikadeller kalv,Avfall (skal etc.),Köttprodukter kötträtter,24.0,%
1113,Frikadeller kalv,Aska,Köttprodukter kötträtter,2.6,g
1113,Frikadeller kalv,Alkohol,Köttprodukter kötträtter,0.0,g
1114,Wallenbergare kalv stekt,"Zink, Zn",Köttprodukter kötträtter,3.6,mg
1114,Wallenbergare kalv stekt,Vitamin E,Köttprodukter kötträtter,2.2,mg
1114,Wallenbergare kalv stekt,Vitamin D,Köttprodukter kötträtter,0.51,µg
1114,Wallenbergare kalv stekt,Vitamin C,Köttprodukter kötträtter,0.1,mg
1114,Wallenbergare kalv stekt,Vitamin B6,Köttprodukter kötträtter,0.18,mg
1114,Wallenbergare kalv stekt,Vitamin B12,Köttprodukter kötträtter,1.16,µg
1114,Wallenbergare kalv stekt,Vitamin A,Köttprodukter kötträtter,169.3,RE/µg
1114,Wallenbergare kalv stekt,Vatten,Köttprodukter kötträtter,55.8,g
1114,Wallenbergare kalv stekt,Tiamin,Köttprodukter kötträtter,0.07,mg
1114,Wallenbergare kalv stekt,Tillsatt socker,Köttprodukter kötträtter,0.0,g
1114,Wallenbergare kalv stekt,Fritt socker,Köttprodukter kötträtter,0.0,g
1114,Wallenbergare kalv stekt,"Selen, Se",Köttprodukter kötträtter,10.5,µg
1114,Wallenbergare kalv stekt,Sackaros,Köttprodukter kötträtter,0.0,g
1114,Wallenbergare kalv stekt,Riboflavin,Köttprodukter kötträtter,0.16,mg
1114,Wallenbergare kalv stekt,Retinol,Köttprodukter kötträtter,163.9,µg
1114,Wallenbergare kalv stekt,Protein,Köttprodukter kötträtter,16.7,g
1114,Wallenbergare kalv stekt,Summa fleromättade fettsyror,Köttprodukter kötträtter,1.1,g
1114,Wallenbergare kalv stekt,"Fosfor, P",Köttprodukter kötträtter,219.0,mg
1114,Wallenbergare kalv stekt,Niacinekvivalenter,Köttprodukter kötträtter,7.54,NE/mg
1114,Wallenbergare kalv stekt,Niacin,Köttprodukter kötträtter,4.36,mg
1114,Wallenbergare kalv stekt,"Salt, NaCl",Köttprodukter kötträtter,1.4,g
1114,Wallenbergare kalv stekt,"Natrium, Na",Köttprodukter kötträtter,538.0,mg
1114,Wallenbergare kalv stekt,Monosackarider,Köttprodukter kötträtter,0.2,g
1114,Wallenbergare kalv stekt,"Sockerarter, totalt",Köttprodukter kötträtter,1.5,g
1114,Wallenbergare kalv stekt,Summa enkelomättade fettsyror,Köttprodukter kötträtter,5.8,g
1114,Wallenbergare kalv stekt,"Magnesium, Mg",Köttprodukter kötträtter,23.0,mg
1114,Wallenbergare kalv stekt,Summa mättade fettsyror,Köttprodukter kötträtter,8.3,g
1114,Wallenbergare kalv stekt,"Kolhydrater, tillgängliga",Köttprodukter kötträtter,6.9,g
1114,Wallenbergare kalv stekt,Kolesterol,Köttprodukter kötträtter,171.4,mg
1114,Wallenbergare kalv stekt,"Kalium, K",Köttprodukter kötträtter,230.0,mg
1114,Wallenbergare kalv stekt,"Jod, I",Köttprodukter kötträtter,67.6,µg
1114,Wallenbergare kalv stekt,Fullkorn totalt,Köttprodukter kötträtter,1.0,g
1114,Wallenbergare kalv stekt,"Folat, totalt",Köttprodukter kötträtter,27.0,µg
1114,Wallenbergare kalv stekt,Fibrer,Köttprodukter kötträtter,0.8,g
1114,Wallenbergare kalv stekt,"Fett, totalt",Köttprodukter kötträtter,16.7,g
1114,Wallenbergare kalv stekt,"Järn, Fe",Köttprodukter kötträtter,1.6,mg
1114,Wallenbergare kalv stekt,Energi (kJ),Köttprodukter kötträtter,1025.0,kJ
1114,Wallenbergare kalv stekt,Energi (kcal),Köttprodukter kötträtter,245.0,kcal
1114,Wallenbergare kalv stekt,Disackarider,Köttprodukter kötträtter,1.3,g
1114,Wallenbergare kalv stekt,"Kalcium, Ca",Köttprodukter kötträtter,59.0,mg
1114,Wallenbergare kalv stekt,Fettsyra 4:0-10:0,Köttprodukter kötträtter,0.6,g
1114,Wallenbergare kalv stekt,DHA (C22:6),Köttprodukter kötträtter,0.0,g
1114,Wallenbergare kalv stekt,DPA (C22:5),Köttprodukter kötträtter,0.0,g
1114,Wallenbergare kalv stekt,EPA (C20:5),Köttprodukter kötträtter,0.0,g
1114,Wallenbergare kalv stekt,Arakidonsyra C20:4,Köttprodukter kötträtter,0.1,g
1114,Wallenbergare kalv stekt,Arakidinsyra C20:0,Köttprodukter kötträtter,0.0,g
1114,Wallenbergare kalv stekt,Linolensyra C18:3,Köttprodukter kötträtter,0.1,g
1114,Wallenbergare kalv stekt,Linolsyra C18:2,Köttprodukter kötträtter,0.8,g
1114,Wallenbergare kalv stekt,Oljesyra C18:1,Köttprodukter kötträtter,5.2,g
1114,Wallenbergare kalv stekt,Stearinsyra C18:0,Köttprodukter kötträtter,1.8,g
1114,Wallenbergare kalv stekt,Palmitoljesyra C16:1,Köttprodukter kötträtter,0.4,g
1114,Wallenbergare kalv stekt,Palmitinsyra C16:0,Köttprodukter kötträtter,4.2,g
1114,Wallenbergare kalv stekt,Myristinsyra C14:0,Köttprodukter kötträtter,1.0,g
1114,Wallenbergare kalv stekt,Laurinsyra C12:0,Köttprodukter kötträtter,0.3,g
1114,Wallenbergare kalv stekt,Betakaroten/β-Karoten,Köttprodukter kötträtter,63.0,µg
1114,Wallenbergare kalv stekt,Avfall (skal etc.),Köttprodukter kötträtter,22.0,%
1114,Wallenbergare kalv stekt,Aska,Köttprodukter kötträtter,2.4,g
1114,Wallenbergare kalv stekt,Alkohol,Köttprodukter kötträtter,0.0,g
1115,Köttfärssås nöt,"Zink, Zn",Köttprodukter kötträtter,2.1,mg
1115,Köttfärssås nöt,Vitamin E,Köttprodukter kötträtter,1.7,mg
1115,Köttfärssås nöt,Vitamin D,Köttprodukter kötträtter,0.12,µg
1115,Köttfärssås nöt,Vitamin C,Köttprodukter kötträtter,5.3,mg
1115,Köttfärssås nöt,Vitamin B6,Köttprodukter kötträtter,0.13,mg
1115,Köttfärssås nöt,Vitamin B12,Köttprodukter kötträtter,0.37,µg
1115,Köttfärssås nöt,Vitamin A,Köttprodukter kötträtter,30.5,RE/µg
1115,Köttfärssås nöt,Vatten,Köttprodukter kötträtter,75.8,g
1115,Köttfärssås nöt,Tiamin,Köttprodukter kötträtter,0.06,mg
1115,Köttfärssås nöt,Tillsatt socker,Köttprodukter kötträtter,0.0,g
1115,Köttfärssås nöt,Fritt socker,Köttprodukter kötträtter,1.0,g
1115,Köttfärssås nöt,"Selen, Se",Köttprodukter kötträtter,2.2,µg
1115,Köttfärssås nöt,Sackaros,Köttprodukter kötträtter,0.5,g
1115,Köttfärssås nöt,Riboflavin,Köttprodukter kötträtter,0.07,mg
1115,Köttfärssås nöt,Retinol,Köttprodukter kötträtter,7.4,µg
1115,Köttfärssås nöt,Protein,Köttprodukter kötträtter,9.2,g
1115,Köttfärssås nöt,Summa fleromättade fettsyror,Köttprodukter kötträtter,0.7,g
1115,Köttfärssås nöt,"Fosfor, P",Köttprodukter kötträtter,90.0,mg
1115,Köttfärssås nöt,Niacinekvivalenter,Köttprodukter kötträtter,4.04,NE/mg
1115,Köttfärssås nöt,Niacin,Köttprodukter kötträtter,2.38,mg
1115,Köttfärssås nöt,"Salt, NaCl",Köttprodukter kötträtter,1.8,g
1115,Köttfärssås nöt,"Natrium, Na",Köttprodukter kötträtter,740.0,mg
1115,Köttfärssås nöt,Monosackarider,Köttprodukter kötträtter,3.0,g
1115,Köttfärssås nöt,"Sockerarter, totalt",Köttprodukter kötträtter,3.5,g
1115,Köttfärssås nöt,Summa enkelomättade fettsyror,Köttprodukter kötträtter,3.1,g
1115,Köttfärssås nöt,"Magnesium, Mg",Köttprodukter kötträtter,21.0,mg
1115,Köttfärssås nöt,Summa mättade fettsyror,Köttprodukter kötträtter,2.2,g
1115,Köttfärssås nöt,"Kolhydrater, tillgängliga",Köttprodukter kötträtter,4.7,g
1115,Köttfärssås nöt,Kolesterol,Köttprodukter kötträtter,23.4,mg
1115,Köttfärssås nöt,"Kalium, K",Köttprodukter kötträtter,229.0,mg
1115,Köttfärssås nöt,"Jod, I",Köttprodukter kötträtter,27.0,µg
1115,Köttfärssås nöt,Fullkorn totalt,Köttprodukter kötträtter,0.0,g
1115,Köttfärssås nöt,"Folat, totalt",Köttprodukter kötträtter,11.6,µg
1115,Köttfärssås nöt,Fibrer,Köttprodukter kötträtter,1.1,g
1115,Köttfärssås nöt,"Fett, totalt",Köttprodukter kötträtter,6.5,g
1115,Köttfärssås nöt,"Järn, Fe",Köttprodukter kötträtter,1.4,mg
1115,Köttfärssås nöt,Energi (kJ),Köttprodukter kötträtter,485.0,kJ
1115,Köttfärssås nöt,Energi (kcal),Köttprodukter kötträtter,116.0,kcal
1115,Köttfärssås nöt,Disackarider,Köttprodukter kötträtter,0.5,g
1115,Köttfärssås nöt,"Kalcium, Ca",Köttprodukter kötträtter,23.0,mg
1115,Köttfärssås nöt,Fettsyra 4:0-10:0,Köttprodukter kötträtter,0.0,g
1115,Köttfärssås nöt,DHA (C22:6),Köttprodukter kötträtter,0.0,g
1115,Köttfärssås nöt,DPA (C22:5),Köttprodukter kötträtter,0.0,g
1115,Köttfärssås nöt,EPA (C20:5),Köttprodukter kötträtter,0.0,g
1115,Köttfärssås nöt,Arakidonsyra C20:4,Köttprodukter kötträtter,0.0,g
1115,Köttfärssås nöt,Arakidinsyra C20:0,Köttprodukter kötträtter,0.0,g
1115,Köttfärssås nöt,Linolensyra C18:3,Köttprodukter kötträtter,0.2,g
1115,Köttfärssås nöt,Linolsyra C18:2,Köttprodukter kötträtter,0.6,g
1115,Köttfärssås nöt,Oljesyra C18:1,Köttprodukter kötträtter,2.8,g
1115,Köttfärssås nöt,Stearinsyra C18:0,Köttprodukter kötträtter,0.7,g
1115,Köttfärssås nöt,Palmitoljesyra C16:1,Köttprodukter kötträtter,0.2,g
1115,Köttfärssås nöt,Palmitinsyra C16:0,Köttprodukter kötträtter,1.2,g
1115,Köttfärssås nöt,Myristinsyra C14:0,Köttprodukter kötträtter,0.1,g
1115,Köttfärssås nöt,Laurinsyra C12:0,Köttprodukter kötträtter,0.0,g
1115,Köttfärssås nöt,Betakaroten/β-Karoten,Köttprodukter kötträtter,235.0,µg
1115,Köttfärssås nöt,Avfall (skal etc.),Köttprodukter kötträtter,1.0,%
1115,Köttfärssås nöt,Aska,Köttprodukter kötträtter,2.8,g
1115,Köttfärssås nöt,Alkohol,Köttprodukter kötträtter,0.0,g
1116,Köttfärssoppa,"Zink, Zn",Soppa mat,1.0,mg
1116,Köttfärssoppa,Vitamin E,Soppa mat,0.3,mg
1116,Köttfärssoppa,Vitamin D,Soppa mat,0.02,µg
1116,Köttfärssoppa,Vitamin C,Soppa mat,6.9,mg
1116,Köttfärssoppa,Vitamin B6,Soppa mat,0.08,mg
1116,Köttfärssoppa,Vitamin B12,Soppa mat,0.16,µg
1116,Köttfärssoppa,Vitamin A,Soppa mat,66.2,RE/µg
1116,Köttfärssoppa,Vatten,Soppa mat,88.8,g
1116,Köttfärssoppa,Tiamin,Soppa mat,0.02,mg
1116,Köttfärssoppa,Tillsatt socker,Soppa mat,0.0,g
1116,Köttfärssoppa,Fritt socker,Soppa mat,0.0,g
1116,Köttfärssoppa,"Selen, Se",Soppa mat,1.0,µg
1116,Köttfärssoppa,Sackaros,Soppa mat,0.5,g
1116,Köttfärssoppa,Riboflavin,Soppa mat,0.04,mg
1116,Köttfärssoppa,Retinol,Soppa mat,2.1,µg
1116,Köttfärssoppa,Protein,Soppa mat,4.4,g
1116,Köttfärssoppa,Summa fleromättade fettsyror,Soppa mat,0.1,g
1116,Köttfärssoppa,"Fosfor, P",Soppa mat,44.0,mg
1116,Köttfärssoppa,Niacinekvivalenter,Soppa mat,1.96,NE/mg
1116,Köttfärssoppa,Niacin,Soppa mat,1.19,mg
1116,Köttfärssoppa,"Salt, NaCl",Soppa mat,0.8,g
1116,Köttfärssoppa,"Natrium, Na",Soppa mat,340.0,mg
1116,Köttfärssoppa,Monosackarider,Soppa mat,1.7,g
1116,Köttfärssoppa,"Sockerarter, totalt",Soppa mat,2.2,g
1116,Köttfärssoppa,Summa enkelomättade fettsyror,Soppa mat,1.0,g
1116,Köttfärssoppa,"Magnesium, Mg",Soppa mat,8.0,mg
1116,Köttfärssoppa,Summa mättade fettsyror,Soppa mat,1.0,g
1116,Köttfärssoppa,"Kolhydrater, tillgängliga",Soppa mat,2.3,g
1116,Köttfärssoppa,Kolesterol,Soppa mat,11.1,mg
1116,Köttfärssoppa,"Kalium, K",Soppa mat,93.0,mg
1116,Köttfärssoppa,"Jod, I",Soppa mat,27.8,µg
1116,Köttfärssoppa,Fullkorn totalt,Soppa mat,0.0,g
1116,Köttfärssoppa,"Folat, totalt",Soppa mat,13.4,µg
1116,Köttfärssoppa,Fibrer,Soppa mat,1.1,g
1116,Köttfärssoppa,"Fett, totalt",Soppa mat,2.2,g
1116,Köttfärssoppa,"Järn, Fe",Soppa mat,0.5,mg
1116,Köttfärssoppa,Energi (kJ),Soppa mat,204.0,kJ
1116,Köttfärssoppa,Energi (kcal),Soppa mat,49.0,kcal
1116,Köttfärssoppa,Disackarider,Soppa mat,0.5,g
1116,Köttfärssoppa,"Kalcium, Ca",Soppa mat,19.0,mg
1116,Köttfärssoppa,Fettsyra 4:0-10:0,Soppa mat,0.0,g
1116,Köttfärssoppa,DHA (C22:6),Soppa mat,0.0,g
1116,Köttfärssoppa,DPA (C22:5),Soppa mat,0.0,g
1116,Köttfärssoppa,EPA (C20:5),Soppa mat,0.0,g
1116,Köttfärssoppa,Arakidonsyra C20:4,Soppa mat,0.0,g
1116,Köttfärssoppa,Arakidinsyra C20:0,Soppa mat,0.0,g
1116,Köttfärssoppa,Linolensyra C18:3,Soppa mat,0.0,g
1116,Köttfärssoppa,Linolsyra C18:2,Soppa mat,0.1,g
1116,Köttfärssoppa,Oljesyra C18:1,Soppa mat,0.9,g
1116,Köttfärssoppa,Stearinsyra C18:0,Soppa mat,0.3,g
1116,Köttfärssoppa,Palmitoljesyra C16:1,Soppa mat,0.1,g
1116,Köttfärssoppa,Palmitinsyra C16:0,Soppa mat,0.5,g
1116,Köttfärssoppa,Myristinsyra C14:0,Soppa mat,0.1,g
1116,Köttfärssoppa,Laurinsyra C12:0,Soppa mat,0.0,g
1116,Köttfärssoppa,Betakaroten/β-Karoten,Soppa mat,655.0,µg
1116,Köttfärssoppa,Avfall (skal etc.),Soppa mat,4.0,%
1116,Köttfärssoppa,Aska,Soppa mat,1.2,g
1116,Köttfärssoppa,Alkohol,Soppa mat,0.0,g
1119,Köttbullar nöt stekta,"Zink, Zn",Köttprodukter kötträtter,3.9,mg
1119,Köttbullar nöt stekta,Vitamin E,Köttprodukter kötträtter,1.0,mg
1119,Köttbullar nöt stekta,Vitamin D,Köttprodukter kötträtter,0.3,µg
1119,Köttbullar nöt stekta,Vitamin C,Köttprodukter kötträtter,0.2,mg
1119,Köttbullar nöt stekta,Vitamin B6,Köttprodukter kötträtter,0.12,mg
1119,Köttbullar nöt stekta,Vitamin B12,Köttprodukter kötträtter,1.0,µg
1119,Köttbullar nöt stekta,Vitamin A,Köttprodukter kötträtter,32.2,RE/µg
1119,Köttbullar nöt stekta,Vatten,Köttprodukter kötträtter,66.8,g
1119,Köttbullar nöt stekta,Tiamin,Köttprodukter kötträtter,0.06,mg
1119,Köttbullar nöt stekta,Tillsatt socker,Köttprodukter kötträtter,0.0,g
1119,Köttbullar nöt stekta,Fritt socker,Köttprodukter kötträtter,0.0,g
1119,Köttbullar nöt stekta,"Selen, Se",Köttprodukter kötträtter,6.5,µg
1119,Köttbullar nöt stekta,Sackaros,Köttprodukter kötträtter,0.1,g
1119,Köttbullar nöt stekta,Riboflavin,Köttprodukter kötträtter,0.17,mg
1119,Köttbullar nöt stekta,Retinol,Köttprodukter kötträtter,30.4,µg
1119,Köttbullar nöt stekta,Protein,Köttprodukter kötträtter,16.6,g
1119,Köttbullar nöt stekta,Summa fleromättade fettsyror,Köttprodukter kötträtter,0.6,g
1119,Köttbullar nöt stekta,"Fosfor, P",Köttprodukter kötträtter,167.0,mg
1119,Köttbullar nöt stekta,Niacinekvivalenter,Köttprodukter kötträtter,6.33,NE/mg
1119,Köttbullar nöt stekta,Niacin,Köttprodukter kötträtter,3.23,mg
1119,Köttbullar nöt stekta,"Salt, NaCl",Köttprodukter kötträtter,1.6,g
1119,Köttbullar nöt stekta,"Natrium, Na",Köttprodukter kötträtter,655.0,mg
1119,Köttbullar nöt stekta,Monosackarider,Köttprodukter kötträtter,0.2,g
1119,Köttbullar nöt stekta,"Sockerarter, totalt",Köttprodukter kötträtter,0.9,g
1119,Köttbullar nöt stekta,Summa enkelomättade fettsyror,Köttprodukter kötträtter,4.3,g
1119,Köttbullar nöt stekta,"Magnesium, Mg",Köttprodukter kötträtter,22.0,mg
1119,Köttbullar nöt stekta,Summa mättade fettsyror,Köttprodukter kötträtter,4.1,g
1119,Köttbullar nöt stekta,"Kolhydrater, tillgängliga",Köttprodukter kötträtter,4.1,g
1119,Köttbullar nöt stekta,Kolesterol,Köttprodukter kötträtter,74.5,mg
1119,Köttbullar nöt stekta,"Kalium, K",Köttprodukter kötträtter,196.0,mg
1119,Köttbullar nöt stekta,"Jod, I",Köttprodukter kötträtter,80.5,µg
1119,Köttbullar nöt stekta,Fullkorn totalt,Köttprodukter kötträtter,3.0,g
1119,Köttbullar nöt stekta,"Folat, totalt",Köttprodukter kötträtter,11.0,µg
1119,Köttbullar nöt stekta,Fibrer,Köttprodukter kötträtter,0.5,g
1119,Köttbullar nöt stekta,"Fett, totalt",Köttprodukter kötträtter,9.7,g
1119,Köttbullar nöt stekta,"Järn, Fe",Köttprodukter kötträtter,1.8,mg
1119,Köttbullar nöt stekta,Energi (kJ),Köttprodukter kötträtter,717.0,kJ
1119,Köttbullar nöt stekta,Energi (kcal),Köttprodukter kötträtter,171.0,kcal
1119,Köttbullar nöt stekta,Disackarider,Köttprodukter kötträtter,0.8,g
1119,Köttbullar nöt stekta,"Kalcium, Ca",Köttprodukter kötträtter,34.0,mg
1119,Köttbullar nöt stekta,Fettsyra 4:0-10:0,Köttprodukter kötträtter,0.0,g
1119,Köttbullar nöt stekta,DHA (C22:6),Köttprodukter kötträtter,0.0,g
1119,Köttbullar nöt stekta,DPA (C22:5),Köttprodukter kötträtter,0.0,g
1119,Köttbullar nöt stekta,EPA (C20:5),Köttprodukter kötträtter,0.0,g
1119,Köttbullar nöt stekta,Arakidonsyra C20:4,Köttprodukter kötträtter,0.0,g
1119,Köttbullar nöt stekta,Arakidinsyra C20:0,Köttprodukter kötträtter,0.0,g
1119,Köttbullar nöt stekta,Linolensyra C18:3,Köttprodukter kötträtter,0.1,g
1119,Köttbullar nöt stekta,Linolsyra C18:2,Köttprodukter kötträtter,0.5,g
1119,Köttbullar nöt stekta,Oljesyra C18:1,Köttprodukter kötträtter,3.8,g
1119,Köttbullar nöt stekta,Stearinsyra C18:0,Köttprodukter kötträtter,1.3,g
1119,Köttbullar nöt stekta,Palmitoljesyra C16:1,Köttprodukter kötträtter,0.4,g
1119,Köttbullar nöt stekta,Palmitinsyra C16:0,Köttprodukter kötträtter,2.2,g
1119,Köttbullar nöt stekta,Myristinsyra C14:0,Köttprodukter kötträtter,0.3,g
1119,Köttbullar nöt stekta,Laurinsyra C12:0,Köttprodukter kötträtter,0.0,g
1119,Köttbullar nöt stekta,Betakaroten/β-Karoten,Köttprodukter kötträtter,22.0,µg
1119,Köttbullar nöt stekta,Avfall (skal etc.),Köttprodukter kötträtter,1.0,%
1119,Köttbullar nöt stekta,Aska,Köttprodukter kötträtter,2.4,g
1119,Köttbullar nöt stekta,Alkohol,Köttprodukter kötträtter,0.0,g
1120,Köttbullar gris stekta,"Zink, Zn",Köttprodukter kötträtter,2.2,mg
1120,Köttbullar gris stekta,Vitamin E,Köttprodukter kötträtter,0.9,mg
1120,Köttbullar gris stekta,Vitamin D,Köttprodukter kötträtter,0.54,µg
1120,Köttbullar gris stekta,Vitamin C,Köttprodukter kötträtter,0.2,mg
1120,Köttbullar gris stekta,Vitamin B6,Köttprodukter kötträtter,0.18,mg
1120,Köttbullar gris stekta,Vitamin B12,Köttprodukter kötträtter,0.52,µg
1120,Köttbullar gris stekta,Vitamin A,Köttprodukter kötträtter,29.6,RE/µg
1120,Köttbullar gris stekta,Vatten,Köttprodukter kötträtter,66.4,g
1120,Köttbullar gris stekta,Tiamin,Köttprodukter kötträtter,0.39,mg
1120,Köttbullar gris stekta,Tillsatt socker,Köttprodukter kötträtter,0.0,g
1120,Köttbullar gris stekta,Fritt socker,Köttprodukter kötträtter,0.0,g
1120,Köttbullar gris stekta,"Selen, Se",Köttprodukter kötträtter,8.0,µg
1120,Köttbullar gris stekta,Sackaros,Köttprodukter kötträtter,0.1,g
1120,Köttbullar gris stekta,Riboflavin,Köttprodukter kötträtter,0.2,mg
1120,Köttbullar gris stekta,Retinol,Köttprodukter kötträtter,29.5,µg
1120,Köttbullar gris stekta,Protein,Köttprodukter kötträtter,14.3,g
1120,Köttbullar gris stekta,Summa fleromättade fettsyror,Köttprodukter kötträtter,1.4,g
1120,Köttbullar gris stekta,"Fosfor, P",Köttprodukter kötträtter,188.0,mg
1120,Köttbullar gris stekta,Niacinekvivalenter,Köttprodukter kötträtter,6.97,NE/mg
1120,Köttbullar gris stekta,Niacin,Köttprodukter kötträtter,4.26,mg
1120,Köttbullar gris stekta,"Salt, NaCl",Köttprodukter kötträtter,1.6,g
1120,Köttbullar gris stekta,"Natrium, Na",Köttprodukter kötträtter,637.0,mg
1120,Köttbullar gris stekta,Monosackarider,Köttprodukter kötträtter,0.2,g
1120,Köttbullar gris stekta,"Sockerarter, totalt",Köttprodukter kötträtter,0.9,g
1120,Köttbullar gris stekta,Summa enkelomättade fettsyror,Köttprodukter kötträtter,5.0,g
1120,Köttbullar gris stekta,"Magnesium, Mg",Köttprodukter kötträtter,26.0,mg
1120,Köttbullar gris stekta,Summa mättade fettsyror,Köttprodukter kötträtter,5.0,g
1120,Köttbullar gris stekta,"Kolhydrater, tillgängliga",Köttprodukter kötträtter,4.1,g
1120,Köttbullar gris stekta,Kolesterol,Köttprodukter kötträtter,72.7,mg
1120,Köttbullar gris stekta,"Kalium, K",Köttprodukter kötträtter,230.0,mg
1120,Köttbullar gris stekta,"Jod, I",Köttprodukter kötträtter,78.4,µg
1120,Köttbullar gris stekta,Fullkorn totalt,Köttprodukter kötträtter,3.0,g
1120,Köttbullar gris stekta,"Folat, totalt",Köttprodukter kötträtter,10.1,µg
1120,Köttbullar gris stekta,Fibrer,Köttprodukter kötträtter,0.5,g
1120,Köttbullar gris stekta,"Fett, totalt",Köttprodukter kötträtter,12.2,g
1120,Köttbullar gris stekta,"Järn, Fe",Köttprodukter kötträtter,1.1,mg
1120,Köttbullar gris stekta,Energi (kJ),Köttprodukter kötträtter,767.0,kJ
1120,Köttbullar gris stekta,Energi (kcal),Köttprodukter kötträtter,183.0,kcal
1120,Köttbullar gris stekta,Disackarider,Köttprodukter kötträtter,0.8,g
1120,Köttbullar gris stekta,"Kalcium, Ca",Köttprodukter kötträtter,33.0,mg
1120,Köttbullar gris stekta,Fettsyra 4:0-10:0,Köttprodukter kötträtter,0.0,g
1120,Köttbullar gris stekta,DHA (C22:6),Köttprodukter kötträtter,0.1,g
1120,Köttbullar gris stekta,DPA (C22:5),Köttprodukter kötträtter,0.0,g
1120,Köttbullar gris stekta,EPA (C20:5),Köttprodukter kötträtter,0.0,g
1120,Köttbullar gris stekta,Arakidonsyra C20:4,Köttprodukter kötträtter,0.0,g
1120,Köttbullar gris stekta,Arakidinsyra C20:0,Köttprodukter kötträtter,0.0,g
1120,Köttbullar gris stekta,Linolensyra C18:3,Köttprodukter kötträtter,0.1,g
1120,Köttbullar gris stekta,Linolsyra C18:2,Köttprodukter kötträtter,1.1,g
1120,Köttbullar gris stekta,Oljesyra C18:1,Köttprodukter kötträtter,4.4,g
1120,Köttbullar gris stekta,Stearinsyra C18:0,Köttprodukter kötträtter,1.7,g
1120,Köttbullar gris stekta,Palmitoljesyra C16:1,Köttprodukter kötträtter,0.4,g
1120,Köttbullar gris stekta,Palmitinsyra C16:0,Köttprodukter kötträtter,3.0,g
1120,Köttbullar gris stekta,Myristinsyra C14:0,Köttprodukter kötträtter,0.2,g
1120,Köttbullar gris stekta,Laurinsyra C12:0,Köttprodukter kötträtter,0.0,g
1120,Köttbullar gris stekta,Betakaroten/β-Karoten,Köttprodukter kötträtter,2.0,µg
1120,Köttbullar gris stekta,Avfall (skal etc.),Köttprodukter kötträtter,1.0,%
1120,Köttbullar gris stekta,Aska,Köttprodukter kötträtter,2.5,g
1120,Köttbullar gris stekta,Alkohol,Köttprodukter kötträtter,0.0,g
1121,Köttfärssås gris,"Zink, Zn",Köttprodukter kötträtter,1.2,mg
1121,Köttfärssås gris,Vitamin E,Köttprodukter kötträtter,1.3,mg
1121,Köttfärssås gris,Vitamin D,Köttprodukter kötträtter,0.16,µg
1121,Köttfärssås gris,Vitamin C,Köttprodukter kötträtter,5.3,mg
1121,Köttfärssås gris,Vitamin B6,Köttprodukter kötträtter,0.16,mg
1121,Köttfärssås gris,Vitamin B12,Köttprodukter kötträtter,0.13,µg
1121,Köttfärssås gris,Vitamin A,Köttprodukter kötträtter,40.2,RE/µg
1121,Köttfärssås gris,Vatten,Köttprodukter kötträtter,74.3,g
1121,Köttfärssås gris,Tiamin,Köttprodukter kötträtter,0.17,mg
1121,Köttfärssås gris,Tillsatt socker,Köttprodukter kötträtter,0.0,g
1121,Köttfärssås gris,Fritt socker,Köttprodukter kötträtter,1.0,g
1121,Köttfärssås gris,"Selen, Se",Köttprodukter kötträtter,2.3,µg
1121,Köttfärssås gris,Sackaros,Köttprodukter kötträtter,0.4,g
1121,Köttfärssås gris,Riboflavin,Köttprodukter kötträtter,0.09,mg
1121,Köttfärssås gris,Retinol,Köttprodukter kötträtter,14.3,µg
1121,Köttfärssås gris,Protein,Köttprodukter kötträtter,7.6,g
1121,Köttfärssås gris,Summa fleromättade fettsyror,Köttprodukter kötträtter,1.0,g
1121,Köttfärssås gris,"Fosfor, P",Köttprodukter kötträtter,97.0,mg
1121,Köttfärssås gris,Niacinekvivalenter,Köttprodukter kötträtter,3.56,NE/mg
1121,Köttfärssås gris,Niacin,Köttprodukter kötträtter,2.19,mg
1121,Köttfärssås gris,"Salt, NaCl",Köttprodukter kötträtter,1.6,g
1121,Köttfärssås gris,"Natrium, Na",Köttprodukter kötträtter,665.0,mg
1121,Köttfärssås gris,Monosackarider,Köttprodukter kötträtter,3.1,g
1121,Köttfärssås gris,"Sockerarter, totalt",Köttprodukter kötträtter,3.5,g
1121,Köttfärssås gris,Summa enkelomättade fettsyror,Köttprodukter kötträtter,3.6,g
1121,Köttfärssås gris,"Magnesium, Mg",Köttprodukter kötträtter,23.0,mg
1121,Köttfärssås gris,Summa mättade fettsyror,Köttprodukter kötträtter,4.4,g
1121,Köttfärssås gris,"Kolhydrater, tillgängliga",Köttprodukter kötträtter,4.7,g
1121,Köttfärssås gris,Kolesterol,Köttprodukter kötträtter,27.0,mg
1121,Köttfärssås gris,"Kalium, K",Köttprodukter kötträtter,260.0,mg
1121,Köttfärssås gris,"Jod, I",Köttprodukter kötträtter,25.8,µg
1121,Köttfärssås gris,Fullkorn totalt,Köttprodukter kötträtter,0.0,g
1121,Köttfärssås gris,"Folat, totalt",Köttprodukter kötträtter,14.9,µg
1121,Köttfärssås gris,Fibrer,Köttprodukter kötträtter,1.1,g
1121,Köttfärssås gris,"Fett, totalt",Köttprodukter kötträtter,9.5,g
1121,Köttfärssås gris,"Järn, Fe",Köttprodukter kötträtter,1.0,mg
1121,Köttfärssås gris,Energi (kJ),Köttprodukter kötträtter,571.0,kJ
1121,Köttfärssås gris,Energi (kcal),Köttprodukter kötträtter,136.0,kcal
1121,Köttfärssås gris,Disackarider,Köttprodukter kötträtter,0.4,g
1121,Köttfärssås gris,"Kalcium, Ca",Köttprodukter kötträtter,22.0,mg
1121,Köttfärssås gris,Fettsyra 4:0-10:0,Köttprodukter kötträtter,0.2,g
1121,Köttfärssås gris,DHA (C22:6),Köttprodukter kötträtter,0.0,g
1121,Köttfärssås gris,DPA (C22:5),Köttprodukter kötträtter,0.0,g
1121,Köttfärssås gris,EPA (C20:5),Köttprodukter kötträtter,0.0,g
1121,Köttfärssås gris,Arakidonsyra C20:4,Köttprodukter kötträtter,0.0,g
1121,Köttfärssås gris,Arakidinsyra C20:0,Köttprodukter kötträtter,0.0,g
1121,Köttfärssås gris,Linolensyra C18:3,Köttprodukter kötträtter,0.1,g
1121,Köttfärssås gris,Linolsyra C18:2,Köttprodukter kötträtter,0.8,g
1121,Köttfärssås gris,Oljesyra C18:1,Köttprodukter kötträtter,3.2,g
1121,Köttfärssås gris,Stearinsyra C18:0,Köttprodukter kötträtter,1.3,g
1121,Köttfärssås gris,Palmitoljesyra C16:1,Köttprodukter kötträtter,0.3,g
1121,Köttfärssås gris,Palmitinsyra C16:0,Köttprodukter kötträtter,2.5,g
1121,Köttfärssås gris,Myristinsyra C14:0,Köttprodukter kötträtter,0.3,g
1121,Köttfärssås gris,Laurinsyra C12:0,Köttprodukter kötträtter,0.1,g
1121,Köttfärssås gris,Betakaroten/β-Karoten,Köttprodukter kötträtter,300.0,µg
1121,Köttfärssås gris,Avfall (skal etc.),Köttprodukter kötträtter,1.0,%
1121,Köttfärssås gris,Aska,Köttprodukter kötträtter,2.7,g
1121,Köttfärssås gris,Alkohol,Köttprodukter kötträtter,0.0,g
1124,Nöt färs stekt tacokryddad hemlagad kryddning,"Zink, Zn",Köttprodukter kötträtter,5.5,mg
1124,Nöt färs stekt tacokryddad hemlagad kryddning,Vitamin E,Köttprodukter kötträtter,2.1,mg
1124,Nöt färs stekt tacokryddad hemlagad kryddning,Vitamin D,Köttprodukter kötträtter,0.28,µg
1124,Nöt färs stekt tacokryddad hemlagad kryddning,Vitamin C,Köttprodukter kötträtter,0.2,mg
1124,Nöt färs stekt tacokryddad hemlagad kryddning,Vitamin B6,Köttprodukter kötträtter,0.18,mg
1124,Nöt färs stekt tacokryddad hemlagad kryddning,Vitamin B12,Köttprodukter kötträtter,0.82,µg
1124,Nöt färs stekt tacokryddad hemlagad kryddning,Vitamin A,Köttprodukter kötträtter,37.3,RE/µg
1124,Nöt färs stekt tacokryddad hemlagad kryddning,Vatten,Köttprodukter kötträtter,56.1,g
1124,Nöt färs stekt tacokryddad hemlagad kryddning,Tiamin,Köttprodukter kötträtter,0.04,mg
1124,Nöt färs stekt tacokryddad hemlagad kryddning,Tillsatt socker,Köttprodukter kötträtter,0.0,g
1124,Nöt färs stekt tacokryddad hemlagad kryddning,Fritt socker,Köttprodukter kötträtter,0.0,g
1124,Nöt färs stekt tacokryddad hemlagad kryddning,"Selen, Se",Köttprodukter kötträtter,6.0,µg
1124,Nöt färs stekt tacokryddad hemlagad kryddning,Sackaros,Köttprodukter kötträtter,0.1,g
1124,Nöt färs stekt tacokryddad hemlagad kryddning,Riboflavin,Köttprodukter kötträtter,0.16,mg
1124,Nöt färs stekt tacokryddad hemlagad kryddning,Retinol,Köttprodukter kötträtter,17.4,µg
1124,Nöt färs stekt tacokryddad hemlagad kryddning,Protein,Köttprodukter kötträtter,22.2,g
1124,Nöt färs stekt tacokryddad hemlagad kryddning,Summa fleromättade fettsyror,Köttprodukter kötträtter,1.8,g
1124,Nöt färs stekt tacokryddad hemlagad kryddning,"Fosfor, P",Köttprodukter kötträtter,184.0,mg
1124,Nöt färs stekt tacokryddad hemlagad kryddning,Niacinekvivalenter,Köttprodukter kötträtter,8.92,NE/mg
1124,Nöt färs stekt tacokryddad hemlagad kryddning,Niacin,Köttprodukter kötträtter,4.9,mg
1124,Nöt färs stekt tacokryddad hemlagad kryddning,"Salt, NaCl",Köttprodukter kötträtter,2.7,g
1124,Nöt färs stekt tacokryddad hemlagad kryddning,"Natrium, Na",Köttprodukter kötträtter,1075.0,mg
1124,Nöt färs stekt tacokryddad hemlagad kryddning,Monosackarider,Köttprodukter kötträtter,0.2,g
1124,Nöt färs stekt tacokryddad hemlagad kryddning,"Sockerarter, totalt",Köttprodukter kötträtter,0.3,g
1124,Nöt färs stekt tacokryddad hemlagad kryddning,Summa enkelomättade fettsyror,Köttprodukter kötträtter,8.1,g
1124,Nöt färs stekt tacokryddad hemlagad kryddning,"Magnesium, Mg",Köttprodukter kötträtter,28.0,mg
1124,Nöt färs stekt tacokryddad hemlagad kryddning,Summa mättade fettsyror,Köttprodukter kötträtter,6.0,g
1124,Nöt färs stekt tacokryddad hemlagad kryddning,"Kolhydrater, tillgängliga",Köttprodukter kötträtter,0.9,g
1124,Nöt färs stekt tacokryddad hemlagad kryddning,Kolesterol,Köttprodukter kötträtter,64.3,mg
1124,Nöt färs stekt tacokryddad hemlagad kryddning,"Kalium, K",Köttprodukter kötträtter,218.0,mg
1124,Nöt färs stekt tacokryddad hemlagad kryddning,"Jod, I",Köttprodukter kötträtter,79.5,µg
1124,Nöt färs stekt tacokryddad hemlagad kryddning,Fullkorn totalt,Köttprodukter kötträtter,0.0,g
1124,Nöt färs stekt tacokryddad hemlagad kryddning,"Folat, totalt",Köttprodukter kötträtter,5.9,µg
1124,Nöt färs stekt tacokryddad hemlagad kryddning,Fibrer,Köttprodukter kötträtter,0.4,g
1124,Nöt färs stekt tacokryddad hemlagad kryddning,"Fett, totalt",Köttprodukter kötträtter,16.9,g
1124,Nöt färs stekt tacokryddad hemlagad kryddning,"Järn, Fe",Köttprodukter kötträtter,2.7,mg
1124,Nöt färs stekt tacokryddad hemlagad kryddning,Energi (kJ),Köttprodukter kötträtter,1024.0,kJ
1124,Nöt färs stekt tacokryddad hemlagad kryddning,Energi (kcal),Köttprodukter kötträtter,245.0,kcal
1124,Nöt färs stekt tacokryddad hemlagad kryddning,Disackarider,Köttprodukter kötträtter,0.1,g
1124,Nöt färs stekt tacokryddad hemlagad kryddning,"Kalcium, Ca",Köttprodukter kötträtter,19.0,mg
1124,Nöt färs stekt tacokryddad hemlagad kryddning,Fettsyra 4:0-10:0,Köttprodukter kötträtter,0.0,g
1124,Nöt färs stekt tacokryddad hemlagad kryddning,DHA (C22:6),Köttprodukter kötträtter,0.0,g
1124,Nöt färs stekt tacokryddad hemlagad kryddning,DPA (C22:5),Köttprodukter kötträtter,0.0,g
1124,Nöt färs stekt tacokryddad hemlagad kryddning,EPA (C20:5),Köttprodukter kötträtter,0.0,g
1124,Nöt färs stekt tacokryddad hemlagad kryddning,Arakidonsyra C20:4,Köttprodukter kötträtter,0.0,g
1124,Nöt färs stekt tacokryddad hemlagad kryddning,Arakidinsyra C20:0,Köttprodukter kötträtter,0.0,g
1124,Nöt färs stekt tacokryddad hemlagad kryddning,Linolensyra C18:3,Köttprodukter kötträtter,0.4,g
1124,Nöt färs stekt tacokryddad hemlagad kryddning,Linolsyra C18:2,Köttprodukter kötträtter,1.3,g
1124,Nöt färs stekt tacokryddad hemlagad kryddning,Oljesyra C18:1,Köttprodukter kötträtter,7.2,g
1124,Nöt färs stekt tacokryddad hemlagad kryddning,Stearinsyra C18:0,Köttprodukter kötträtter,1.9,g
1124,Nöt färs stekt tacokryddad hemlagad kryddning,Palmitoljesyra C16:1,Köttprodukter kötträtter,0.5,g
1124,Nöt färs stekt tacokryddad hemlagad kryddning,Palmitinsyra C16:0,Köttprodukter kötträtter,3.2,g
1124,Nöt färs stekt tacokryddad hemlagad kryddning,Myristinsyra C14:0,Köttprodukter kötträtter,0.4,g
1124,Nöt färs stekt tacokryddad hemlagad kryddning,Laurinsyra C12:0,Köttprodukter kötträtter,0.0,g
1124,Nöt färs stekt tacokryddad hemlagad kryddning,Betakaroten/β-Karoten,Köttprodukter kötträtter,155.0,µg
1124,Nöt färs stekt tacokryddad hemlagad kryddning,Avfall (skal etc.),Köttprodukter kötträtter,0.0,%
1124,Nöt färs stekt tacokryddad hemlagad kryddning,Aska,Köttprodukter kötträtter,3.6,g
1124,Nöt färs stekt tacokryddad hemlagad kryddning,Alkohol,Köttprodukter kötträtter,0.0,g
1125,Pannbiff lamm stekt,"Zink, Zn",Köttprodukter kötträtter,3.0,mg
1125,Pannbiff lamm stekt,Vitamin E,Köttprodukter kötträtter,1.0,mg
1125,Pannbiff lamm stekt,Vitamin D,Köttprodukter kötträtter,0.25,µg
1125,Pannbiff lamm stekt,Vitamin C,Köttprodukter kötträtter,0.2,mg
1125,Pannbiff lamm stekt,Vitamin B6,Köttprodukter kötträtter,0.09,mg
1125,Pannbiff lamm stekt,Vitamin B12,Köttprodukter kötträtter,1.05,µg
1125,Pannbiff lamm stekt,Vitamin A,Köttprodukter kötträtter,42.0,RE/µg
1125,Pannbiff lamm stekt,Vatten,Köttprodukter kötträtter,62.1,g
1125,Pannbiff lamm stekt,Tiamin,Köttprodukter kötträtter,0.09,mg
1125,Pannbiff lamm stekt,Tillsatt socker,Köttprodukter kötträtter,0.0,g
1125,Pannbiff lamm stekt,Fritt socker,Köttprodukter kötträtter,0.0,g
1125,Pannbiff lamm stekt,"Selen, Se",Köttprodukter kötträtter,9.0,µg
1125,Pannbiff lamm stekt,Sackaros,Köttprodukter kötträtter,0.1,g
1125,Pannbiff lamm stekt,Riboflavin,Köttprodukter kötträtter,0.17,mg
1125,Pannbiff lamm stekt,Retinol,Köttprodukter kötträtter,41.9,µg
1125,Pannbiff lamm stekt,Protein,Köttprodukter kötträtter,15.0,g
1125,Pannbiff lamm stekt,Summa fleromättade fettsyror,Köttprodukter kötträtter,1.0,g
1125,Pannbiff lamm stekt,"Fosfor, P",Köttprodukter kötträtter,163.0,mg
1125,Pannbiff lamm stekt,Niacinekvivalenter,Köttprodukter kötträtter,6.33,NE/mg
1125,Pannbiff lamm stekt,Niacin,Köttprodukter kötträtter,3.52,mg
1125,Pannbiff lamm stekt,"Salt, NaCl",Köttprodukter kötträtter,1.7,g
1125,Pannbiff lamm stekt,"Natrium, Na",Köttprodukter kötträtter,667.0,mg
1125,Pannbiff lamm stekt,Monosackarider,Köttprodukter kötträtter,0.2,g
1125,Pannbiff lamm stekt,"Sockerarter, totalt",Köttprodukter kötträtter,1.0,g
1125,Pannbiff lamm stekt,Summa enkelomättade fettsyror,Köttprodukter kötträtter,5.8,g
1125,Pannbiff lamm stekt,"Magnesium, Mg",Köttprodukter kötträtter,21.0,mg
1125,Pannbiff lamm stekt,Summa mättade fettsyror,Köttprodukter kötträtter,6.9,g
1125,Pannbiff lamm stekt,"Kolhydrater, tillgängliga",Köttprodukter kötträtter,4.2,g
1125,Pannbiff lamm stekt,Kolesterol,Köttprodukter kötträtter,81.2,mg
1125,Pannbiff lamm stekt,"Kalium, K",Köttprodukter kötträtter,187.0,mg
1125,Pannbiff lamm stekt,"Jod, I",Köttprodukter kötträtter,84.3,µg
1125,Pannbiff lamm stekt,Fullkorn totalt,Köttprodukter kötträtter,3.0,g
1125,Pannbiff lamm stekt,"Folat, totalt",Köttprodukter kötträtter,9.7,µg
1125,Pannbiff lamm stekt,Fibrer,Köttprodukter kötträtter,0.5,g
1125,Pannbiff lamm stekt,"Fett, totalt",Köttprodukter kötträtter,15.4,g
1125,Pannbiff lamm stekt,"Järn, Fe",Köttprodukter kötträtter,1.6,mg
1125,Pannbiff lamm stekt,Energi (kJ),Köttprodukter kötträtter,900.0,kJ
1125,Pannbiff lamm stekt,Energi (kcal),Köttprodukter kötträtter,215.0,kcal
1125,Pannbiff lamm stekt,Disackarider,Köttprodukter kötträtter,0.8,g
1125,Pannbiff lamm stekt,"Kalcium, Ca",Köttprodukter kötträtter,38.0,mg
1125,Pannbiff lamm stekt,Fettsyra 4:0-10:0,Köttprodukter kötträtter,0.0,g
1125,Pannbiff lamm stekt,DHA (C22:6),Köttprodukter kötträtter,0.0,g
1125,Pannbiff lamm stekt,DPA (C22:5),Köttprodukter kötträtter,0.0,g
1125,Pannbiff lamm stekt,EPA (C20:5),Köttprodukter kötträtter,0.0,g
1125,Pannbiff lamm stekt,Arakidonsyra C20:4,Köttprodukter kötträtter,0.0,g
1125,Pannbiff lamm stekt,Arakidinsyra C20:0,Köttprodukter kötträtter,0.0,g
1125,Pannbiff lamm stekt,Linolensyra C18:3,Köttprodukter kötträtter,0.2,g
1125,Pannbiff lamm stekt,Linolsyra C18:2,Köttprodukter kötträtter,0.8,g
1125,Pannbiff lamm stekt,Oljesyra C18:1,Köttprodukter kötträtter,5.3,g
1125,Pannbiff lamm stekt,Stearinsyra C18:0,Köttprodukter kötträtter,2.8,g
1125,Pannbiff lamm stekt,Palmitoljesyra C16:1,Köttprodukter kötträtter,0.3,g
1125,Pannbiff lamm stekt,Palmitinsyra C16:0,Köttprodukter kötträtter,3.0,g
1125,Pannbiff lamm stekt,Myristinsyra C14:0,Köttprodukter kötträtter,0.4,g
1125,Pannbiff lamm stekt,Laurinsyra C12:0,Köttprodukter kötträtter,0.0,g
1125,Pannbiff lamm stekt,Betakaroten/β-Karoten,Köttprodukter kötträtter,2.0,µg
1125,Pannbiff lamm stekt,Avfall (skal etc.),Köttprodukter kötträtter,1.0,%
1125,Pannbiff lamm stekt,Aska,Köttprodukter kötträtter,2.3,g
1125,Pannbiff lamm stekt,Alkohol,Köttprodukter kötträtter,0.0,g
1126,Köttfärslimpa gris ugnsstekt hemlagad,"Zink, Zn",Köttprodukter kötträtter,2.1,mg
1126,Köttfärslimpa gris ugnsstekt hemlagad,Vitamin E,Köttprodukter kötträtter,0.9,mg
1126,Köttfärslimpa gris ugnsstekt hemlagad,Vitamin D,Köttprodukter kötträtter,0.52,µg
1126,Köttfärslimpa gris ugnsstekt hemlagad,Vitamin C,Köttprodukter kötträtter,0.2,mg
1126,Köttfärslimpa gris ugnsstekt hemlagad,Vitamin B6,Köttprodukter kötträtter,0.31,mg
1126,Köttfärslimpa gris ugnsstekt hemlagad,Vitamin B12,Köttprodukter kötträtter,0.54,µg
1126,Köttfärslimpa gris ugnsstekt hemlagad,Vitamin A,Köttprodukter kötträtter,29.5,RE/µg
1126,Köttfärslimpa gris ugnsstekt hemlagad,Vatten,Köttprodukter kötträtter,66.3,g
1126,Köttfärslimpa gris ugnsstekt hemlagad,Tiamin,Köttprodukter kötträtter,0.44,mg
1126,Köttfärslimpa gris ugnsstekt hemlagad,Tillsatt socker,Köttprodukter kötträtter,0.0,g
1126,Köttfärslimpa gris ugnsstekt hemlagad,Fritt socker,Köttprodukter kötträtter,0.0,g
1126,Köttfärslimpa gris ugnsstekt hemlagad,"Selen, Se",Köttprodukter kötträtter,7.8,µg
1126,Köttfärslimpa gris ugnsstekt hemlagad,Sackaros,Köttprodukter kötträtter,0.0,g
1126,Köttfärslimpa gris ugnsstekt hemlagad,Riboflavin,Köttprodukter kötträtter,0.21,mg
1126,Köttfärslimpa gris ugnsstekt hemlagad,Retinol,Köttprodukter kötträtter,29.4,µg
1126,Köttfärslimpa gris ugnsstekt hemlagad,Protein,Köttprodukter kötträtter,14.2,g
1126,Köttfärslimpa gris ugnsstekt hemlagad,Summa fleromättade fettsyror,Köttprodukter kötträtter,1.4,g
1126,Köttfärslimpa gris ugnsstekt hemlagad,"Fosfor, P",Köttprodukter kötträtter,184.0,mg
1126,Köttfärslimpa gris ugnsstekt hemlagad,Niacinekvivalenter,Köttprodukter kötträtter,6.96,NE/mg
1126,Köttfärslimpa gris ugnsstekt hemlagad,Niacin,Köttprodukter kötträtter,4.26,mg
1126,Köttfärslimpa gris ugnsstekt hemlagad,"Salt, NaCl",Köttprodukter kötträtter,1.8,g
1126,Köttfärslimpa gris ugnsstekt hemlagad,"Natrium, Na",Köttprodukter kötträtter,705.0,mg
1126,Köttfärslimpa gris ugnsstekt hemlagad,Monosackarider,Köttprodukter kötträtter,0.2,g
1126,Köttfärslimpa gris ugnsstekt hemlagad,"Sockerarter, totalt",Köttprodukter kötträtter,1.0,g
1126,Köttfärslimpa gris ugnsstekt hemlagad,Summa enkelomättade fettsyror,Köttprodukter kötträtter,5.0,g
1126,Köttfärslimpa gris ugnsstekt hemlagad,"Magnesium, Mg",Köttprodukter kötträtter,24.0,mg
1126,Köttfärslimpa gris ugnsstekt hemlagad,Summa mättade fettsyror,Köttprodukter kötträtter,5.0,g
1126,Köttfärslimpa gris ugnsstekt hemlagad,"Kolhydrater, tillgängliga",Köttprodukter kötträtter,4.2,g
1126,Köttfärslimpa gris ugnsstekt hemlagad,Kolesterol,Köttprodukter kötträtter,72.3,mg
1126,Köttfärslimpa gris ugnsstekt hemlagad,"Kalium, K",Köttprodukter kötträtter,240.0,mg
1126,Köttfärslimpa gris ugnsstekt hemlagad,"Jod, I",Köttprodukter kötträtter,85.6,µg
1126,Köttfärslimpa gris ugnsstekt hemlagad,Fullkorn totalt,Köttprodukter kötträtter,1.0,g
1126,Köttfärslimpa gris ugnsstekt hemlagad,"Folat, totalt",Köttprodukter kötträtter,9.9,µg
1126,Köttfärslimpa gris ugnsstekt hemlagad,Fibrer,Köttprodukter kötträtter,0.5,g
1126,Köttfärslimpa gris ugnsstekt hemlagad,"Fett, totalt",Köttprodukter kötträtter,12.2,g
1126,Köttfärslimpa gris ugnsstekt hemlagad,"Järn, Fe",Köttprodukter kötträtter,1.0,mg
1126,Köttfärslimpa gris ugnsstekt hemlagad,Energi (kJ),Köttprodukter kötträtter,767.0,kJ
1126,Köttfärslimpa gris ugnsstekt hemlagad,Energi (kcal),Köttprodukter kötträtter,183.0,kcal
1126,Köttfärslimpa gris ugnsstekt hemlagad,Disackarider,Köttprodukter kötträtter,0.8,g
1126,Köttfärslimpa gris ugnsstekt hemlagad,"Kalcium, Ca",Köttprodukter kötträtter,34.0,mg
1126,Köttfärslimpa gris ugnsstekt hemlagad,Fettsyra 4:0-10:0,Köttprodukter kötträtter,0.0,g
1126,Köttfärslimpa gris ugnsstekt hemlagad,DHA (C22:6),Köttprodukter kötträtter,0.1,g
1126,Köttfärslimpa gris ugnsstekt hemlagad,DPA (C22:5),Köttprodukter kötträtter,0.0,g
1126,Köttfärslimpa gris ugnsstekt hemlagad,EPA (C20:5),Köttprodukter kötträtter,0.0,g
1126,Köttfärslimpa gris ugnsstekt hemlagad,Arakidonsyra C20:4,Köttprodukter kötträtter,0.0,g
1126,Köttfärslimpa gris ugnsstekt hemlagad,Arakidinsyra C20:0,Köttprodukter kötträtter,0.0,g
1126,Köttfärslimpa gris ugnsstekt hemlagad,Linolensyra C18:3,Köttprodukter kötträtter,0.1,g
1126,Köttfärslimpa gris ugnsstekt hemlagad,Linolsyra C18:2,Köttprodukter kötträtter,1.1,g
1126,Köttfärslimpa gris ugnsstekt hemlagad,Oljesyra C18:1,Köttprodukter kötträtter,4.5,g
1126,Köttfärslimpa gris ugnsstekt hemlagad,Stearinsyra C18:0,Köttprodukter kötträtter,1.7,g
1126,Köttfärslimpa gris ugnsstekt hemlagad,Palmitoljesyra C16:1,Köttprodukter kötträtter,0.4,g
1126,Köttfärslimpa gris ugnsstekt hemlagad,Palmitinsyra C16:0,Köttprodukter kötträtter,3.0,g
1126,Köttfärslimpa gris ugnsstekt hemlagad,Myristinsyra C14:0,Köttprodukter kötträtter,0.2,g
1126,Köttfärslimpa gris ugnsstekt hemlagad,Laurinsyra C12:0,Köttprodukter kötträtter,0.0,g
1126,Köttfärslimpa gris ugnsstekt hemlagad,Betakaroten/β-Karoten,Köttprodukter kötträtter,2.0,µg
1126,Köttfärslimpa gris ugnsstekt hemlagad,Avfall (skal etc.),Köttprodukter kötträtter,1.0,%
1126,Köttfärslimpa gris ugnsstekt hemlagad,Aska,Köttprodukter kötträtter,2.6,g
1126,Köttfärslimpa gris ugnsstekt hemlagad,Alkohol,Köttprodukter kötträtter,0.0,g
1127,Köttfärslimpa blandfärs ugnsstekt hemlagad,"Zink, Zn",Köttprodukter kötträtter,3.1,mg
1127,Köttfärslimpa blandfärs ugnsstekt hemlagad,Vitamin E,Köttprodukter kötträtter,0.9,mg
1127,Köttfärslimpa blandfärs ugnsstekt hemlagad,Vitamin D,Köttprodukter kötträtter,0.37,µg
1127,Köttfärslimpa blandfärs ugnsstekt hemlagad,Vitamin C,Köttprodukter kötträtter,0.2,mg
1127,Köttfärslimpa blandfärs ugnsstekt hemlagad,Vitamin B6,Köttprodukter kötträtter,0.23,mg
1127,Köttfärslimpa blandfärs ugnsstekt hemlagad,Vitamin B12,Köttprodukter kötträtter,0.8,µg
1127,Köttfärslimpa blandfärs ugnsstekt hemlagad,Vitamin A,Köttprodukter kötträtter,30.7,RE/µg
1127,Köttfärslimpa blandfärs ugnsstekt hemlagad,Vatten,Köttprodukter kötträtter,65.2,g
1127,Köttfärslimpa blandfärs ugnsstekt hemlagad,Tiamin,Köttprodukter kötträtter,0.21,mg
1127,Köttfärslimpa blandfärs ugnsstekt hemlagad,Tillsatt socker,Köttprodukter kötträtter,0.0,g
1127,Köttfärslimpa blandfärs ugnsstekt hemlagad,Fritt socker,Köttprodukter kötträtter,0.0,g
1127,Köttfärslimpa blandfärs ugnsstekt hemlagad,"Selen, Se",Köttprodukter kötträtter,6.4,µg
1127,Köttfärslimpa blandfärs ugnsstekt hemlagad,Sackaros,Köttprodukter kötträtter,0.0,g
1127,Köttfärslimpa blandfärs ugnsstekt hemlagad,Riboflavin,Köttprodukter kötträtter,0.19,mg
1127,Köttfärslimpa blandfärs ugnsstekt hemlagad,Retinol,Köttprodukter kötträtter,29.7,µg
1127,Köttfärslimpa blandfärs ugnsstekt hemlagad,Protein,Köttprodukter kötträtter,15.0,g
1127,Köttfärslimpa blandfärs ugnsstekt hemlagad,Summa fleromättade fettsyror,Köttprodukter kötträtter,1.2,g
1127,Köttfärslimpa blandfärs ugnsstekt hemlagad,"Fosfor, P",Köttprodukter kötträtter,170.0,mg
1127,Köttfärslimpa blandfärs ugnsstekt hemlagad,Niacinekvivalenter,Köttprodukter kötträtter,5.81,NE/mg
1127,Köttfärslimpa blandfärs ugnsstekt hemlagad,Niacin,Köttprodukter kötträtter,2.98,mg
1127,Köttfärslimpa blandfärs ugnsstekt hemlagad,"Salt, NaCl",Köttprodukter kötträtter,1.8,g
1127,Köttfärslimpa blandfärs ugnsstekt hemlagad,"Natrium, Na",Köttprodukter kötträtter,710.0,mg
1127,Köttfärslimpa blandfärs ugnsstekt hemlagad,Monosackarider,Köttprodukter kötträtter,0.2,g
1127,Köttfärslimpa blandfärs ugnsstekt hemlagad,"Sockerarter, totalt",Köttprodukter kötträtter,1.0,g
1127,Köttfärslimpa blandfärs ugnsstekt hemlagad,Summa enkelomättade fettsyror,Köttprodukter kötträtter,5.4,g
1127,Köttfärslimpa blandfärs ugnsstekt hemlagad,"Magnesium, Mg",Köttprodukter kötträtter,22.0,mg
1127,Köttfärslimpa blandfärs ugnsstekt hemlagad,Summa mättade fettsyror,Köttprodukter kötträtter,5.2,g
1127,Köttfärslimpa blandfärs ugnsstekt hemlagad,"Kolhydrater, tillgängliga",Köttprodukter kötträtter,4.2,g
1127,Köttfärslimpa blandfärs ugnsstekt hemlagad,Kolesterol,Köttprodukter kötträtter,72.9,mg
1127,Köttfärslimpa blandfärs ugnsstekt hemlagad,"Kalium, K",Köttprodukter kötträtter,216.0,mg
1127,Köttfärslimpa blandfärs ugnsstekt hemlagad,"Jod, I",Köttprodukter kötträtter,86.3,µg
1127,Köttfärslimpa blandfärs ugnsstekt hemlagad,Fullkorn totalt,Köttprodukter kötträtter,1.0,g
1127,Köttfärslimpa blandfärs ugnsstekt hemlagad,"Folat, totalt",Köttprodukter kötträtter,10.0,µg
1127,Köttfärslimpa blandfärs ugnsstekt hemlagad,Fibrer,Köttprodukter kötträtter,0.5,g
1127,Köttfärslimpa blandfärs ugnsstekt hemlagad,"Fett, totalt",Köttprodukter kötträtter,12.6,g
1127,Köttfärslimpa blandfärs ugnsstekt hemlagad,"Järn, Fe",Köttprodukter kötträtter,1.3,mg
1127,Köttfärslimpa blandfärs ugnsstekt hemlagad,Energi (kJ),Köttprodukter kötträtter,798.0,kJ
1127,Köttfärslimpa blandfärs ugnsstekt hemlagad,Energi (kcal),Köttprodukter kötträtter,191.0,kcal
1127,Köttfärslimpa blandfärs ugnsstekt hemlagad,Disackarider,Köttprodukter kötträtter,0.8,g
1127,Köttfärslimpa blandfärs ugnsstekt hemlagad,"Kalcium, Ca",Köttprodukter kötträtter,34.0,mg
1127,Köttfärslimpa blandfärs ugnsstekt hemlagad,Fettsyra 4:0-10:0,Köttprodukter kötträtter,0.0,g
1127,Köttfärslimpa blandfärs ugnsstekt hemlagad,DHA (C22:6),Köttprodukter kötträtter,0.0,g
1127,Köttfärslimpa blandfärs ugnsstekt hemlagad,DPA (C22:5),Köttprodukter kötträtter,0.0,g
1127,Köttfärslimpa blandfärs ugnsstekt hemlagad,EPA (C20:5),Köttprodukter kötträtter,0.0,g
1127,Köttfärslimpa blandfärs ugnsstekt hemlagad,Arakidonsyra C20:4,Köttprodukter kötträtter,0.0,g
1127,Köttfärslimpa blandfärs ugnsstekt hemlagad,Arakidinsyra C20:0,Köttprodukter kötträtter,0.0,g
1127,Köttfärslimpa blandfärs ugnsstekt hemlagad,Linolensyra C18:3,Köttprodukter kötträtter,0.1,g
1127,Köttfärslimpa blandfärs ugnsstekt hemlagad,Linolsyra C18:2,Köttprodukter kötträtter,0.9,g
1127,Köttfärslimpa blandfärs ugnsstekt hemlagad,Oljesyra C18:1,Köttprodukter kötträtter,4.8,g
1127,Köttfärslimpa blandfärs ugnsstekt hemlagad,Stearinsyra C18:0,Köttprodukter kötträtter,1.7,g
1127,Köttfärslimpa blandfärs ugnsstekt hemlagad,Palmitoljesyra C16:1,Köttprodukter kötträtter,0.4,g
1127,Köttfärslimpa blandfärs ugnsstekt hemlagad,Palmitinsyra C16:0,Köttprodukter kötträtter,3.0,g
1127,Köttfärslimpa blandfärs ugnsstekt hemlagad,Myristinsyra C14:0,Köttprodukter kötträtter,0.3,g
1127,Köttfärslimpa blandfärs ugnsstekt hemlagad,Laurinsyra C12:0,Köttprodukter kötträtter,0.0,g
1127,Köttfärslimpa blandfärs ugnsstekt hemlagad,Betakaroten/β-Karoten,Köttprodukter kötträtter,12.0,µg
1127,Köttfärslimpa blandfärs ugnsstekt hemlagad,Avfall (skal etc.),Köttprodukter kötträtter,1.0,%
1127,Köttfärslimpa blandfärs ugnsstekt hemlagad,Aska,Köttprodukter kötträtter,2.5,g
1127,Köttfärslimpa blandfärs ugnsstekt hemlagad,Alkohol,Köttprodukter kötträtter,0.0,g
1128,Pannbiff nöt stekt,"Zink, Zn",Köttprodukter kötträtter,4.0,mg
1128,Pannbiff nöt stekt,Vitamin E,Köttprodukter kötträtter,1.1,mg
1128,Pannbiff nöt stekt,Vitamin D,Köttprodukter kötträtter,0.31,µg
1128,Pannbiff nöt stekt,Vitamin C,Köttprodukter kötträtter,0.2,mg
1128,Pannbiff nöt stekt,Vitamin B6,Köttprodukter kötträtter,0.12,mg
1128,Pannbiff nöt stekt,Vitamin B12,Köttprodukter kötträtter,1.04,µg
1128,Pannbiff nöt stekt,Vitamin A,Köttprodukter kötträtter,33.5,RE/µg
1128,Pannbiff nöt stekt,Vatten,Köttprodukter kötträtter,65.4,g
1128,Pannbiff nöt stekt,Tiamin,Köttprodukter kötträtter,0.06,mg
1128,Pannbiff nöt stekt,Tillsatt socker,Köttprodukter kötträtter,0.0,g
1128,Pannbiff nöt stekt,Fritt socker,Köttprodukter kötträtter,0.0,g
1128,Pannbiff nöt stekt,"Selen, Se",Köttprodukter kötträtter,6.8,µg
1128,Pannbiff nöt stekt,Sackaros,Köttprodukter kötträtter,0.1,g
1128,Pannbiff nöt stekt,Riboflavin,Köttprodukter kötträtter,0.17,mg
1128,Pannbiff nöt stekt,Retinol,Köttprodukter kötträtter,31.6,µg
1128,Pannbiff nöt stekt,Protein,Köttprodukter kötträtter,17.3,g
1128,Pannbiff nöt stekt,Summa fleromättade fettsyror,Köttprodukter kötträtter,0.7,g
1128,Pannbiff nöt stekt,"Fosfor, P",Köttprodukter kötträtter,175.0,mg
1128,Pannbiff nöt stekt,Niacinekvivalenter,Köttprodukter kötträtter,6.58,NE/mg
1128,Pannbiff nöt stekt,Niacin,Köttprodukter kötträtter,3.35,mg
1128,Pannbiff nöt stekt,"Salt, NaCl",Köttprodukter kötträtter,1.7,g
1128,Pannbiff nöt stekt,"Natrium, Na",Köttprodukter kötträtter,681.0,mg
1128,Pannbiff nöt stekt,Monosackarider,Köttprodukter kötträtter,0.2,g
1128,Pannbiff nöt stekt,"Sockerarter, totalt",Köttprodukter kötträtter,1.0,g
1128,Pannbiff nöt stekt,Summa enkelomättade fettsyror,Köttprodukter kötträtter,4.5,g
1128,Pannbiff nöt stekt,"Magnesium, Mg",Köttprodukter kötträtter,23.0,mg
1128,Pannbiff nöt stekt,Summa mättade fettsyror,Köttprodukter kötträtter,4.2,g
1128,Pannbiff nöt stekt,"Kolhydrater, tillgängliga",Köttprodukter kötträtter,4.3,g
1128,Pannbiff nöt stekt,Kolesterol,Köttprodukter kötträtter,77.4,mg
1128,Pannbiff nöt stekt,"Kalium, K",Köttprodukter kötträtter,205.0,mg
1128,Pannbiff nöt stekt,"Jod, I",Köttprodukter kötträtter,83.8,µg
1128,Pannbiff nöt stekt,Fullkorn totalt,Köttprodukter kötträtter,3.0,g
1128,Pannbiff nöt stekt,"Folat, totalt",Köttprodukter kötträtter,11.2,µg
1128,Pannbiff nöt stekt,Fibrer,Köttprodukter kötträtter,0.5,g
1128,Pannbiff nöt stekt,"Fett, totalt",Köttprodukter kötträtter,10.1,g
1128,Pannbiff nöt stekt,"Järn, Fe",Köttprodukter kötträtter,1.9,mg
1128,Pannbiff nöt stekt,Energi (kJ),Köttprodukter kötträtter,746.0,kJ
1128,Pannbiff nöt stekt,Energi (kcal),Köttprodukter kötträtter,178.0,kcal
1128,Pannbiff nöt stekt,Disackarider,Köttprodukter kötträtter,0.8,g
1128,Pannbiff nöt stekt,"Kalcium, Ca",Köttprodukter kötträtter,36.0,mg
1128,Pannbiff nöt stekt,Fettsyra 4:0-10:0,Köttprodukter kötträtter,0.0,g
1128,Pannbiff nöt stekt,DHA (C22:6),Köttprodukter kötträtter,0.0,g
1128,Pannbiff nöt stekt,DPA (C22:5),Köttprodukter kötträtter,0.0,g
1128,Pannbiff nöt stekt,EPA (C20:5),Köttprodukter kötträtter,0.0,g
1128,Pannbiff nöt stekt,Arakidonsyra C20:4,Köttprodukter kötträtter,0.0,g
1128,Pannbiff nöt stekt,Arakidinsyra C20:0,Köttprodukter kötträtter,0.0,g
1128,Pannbiff nöt stekt,Linolensyra C18:3,Köttprodukter kötträtter,0.1,g
1128,Pannbiff nöt stekt,Linolsyra C18:2,Köttprodukter kötträtter,0.5,g
1128,Pannbiff nöt stekt,Oljesyra C18:1,Köttprodukter kötträtter,3.9,g
1128,Pannbiff nöt stekt,Stearinsyra C18:0,Köttprodukter kötträtter,1.3,g
1128,Pannbiff nöt stekt,Palmitoljesyra C16:1,Köttprodukter kötträtter,0.4,g
1128,Pannbiff nöt stekt,Palmitinsyra C16:0,Köttprodukter kötträtter,2.3,g
1128,Pannbiff nöt stekt,Myristinsyra C14:0,Köttprodukter kötträtter,0.3,g
1128,Pannbiff nöt stekt,Laurinsyra C12:0,Köttprodukter kötträtter,0.0,g
1128,Pannbiff nöt stekt,Betakaroten/β-Karoten,Köttprodukter kötträtter,23.0,µg
1128,Pannbiff nöt stekt,Avfall (skal etc.),Köttprodukter kötträtter,1.0,%
1128,Pannbiff nöt stekt,Aska,Köttprodukter kötträtter,2.4,g
1128,Pannbiff nöt stekt,Alkohol,Köttprodukter kötträtter,0.0,g
1129,Pannbiff blandfärs stekt,"Zink, Zn",Köttprodukter kötträtter,3.2,mg
1129,Pannbiff blandfärs stekt,Vitamin E,Köttprodukter kötträtter,1.0,mg
1129,Pannbiff blandfärs stekt,Vitamin D,Köttprodukter kötträtter,0.43,µg
1129,Pannbiff blandfärs stekt,Vitamin C,Köttprodukter kötträtter,0.2,mg
1129,Pannbiff blandfärs stekt,Vitamin B6,Köttprodukter kötträtter,0.14,mg
1129,Pannbiff blandfärs stekt,Vitamin B12,Köttprodukter kötträtter,0.79,µg
1129,Pannbiff blandfärs stekt,Vitamin A,Köttprodukter kötträtter,32.1,RE/µg
1129,Pannbiff blandfärs stekt,Vatten,Köttprodukter kötträtter,63.9,g
1129,Pannbiff blandfärs stekt,Tiamin,Köttprodukter kötträtter,0.2,mg
1129,Pannbiff blandfärs stekt,Tillsatt socker,Köttprodukter kötträtter,0.0,g
1129,Pannbiff blandfärs stekt,Fritt socker,Köttprodukter kötträtter,0.0,g
1129,Pannbiff blandfärs stekt,"Selen, Se",Köttprodukter kötträtter,6.9,µg
1129,Pannbiff blandfärs stekt,Sackaros,Köttprodukter kötträtter,0.1,g
1129,Pannbiff blandfärs stekt,Riboflavin,Köttprodukter kötträtter,0.18,mg
1129,Pannbiff blandfärs stekt,Retinol,Köttprodukter kötträtter,31.0,µg
1129,Pannbiff blandfärs stekt,Protein,Köttprodukter kötträtter,15.7,g
1129,Pannbiff blandfärs stekt,Summa fleromättade fettsyror,Köttprodukter kötträtter,1.3,g
1129,Pannbiff blandfärs stekt,"Fosfor, P",Köttprodukter kötträtter,181.0,mg
1129,Pannbiff blandfärs stekt,Niacinekvivalenter,Köttprodukter kötträtter,6.05,NE/mg
1129,Pannbiff blandfärs stekt,Niacin,Köttprodukter kötträtter,3.09,mg
1129,Pannbiff blandfärs stekt,"Salt, NaCl",Köttprodukter kötträtter,1.7,g
1129,Pannbiff blandfärs stekt,"Natrium, Na",Köttprodukter kötträtter,667.0,mg
1129,Pannbiff blandfärs stekt,Monosackarider,Köttprodukter kötträtter,0.2,g
1129,Pannbiff blandfärs stekt,"Sockerarter, totalt",Köttprodukter kötträtter,1.0,g
1129,Pannbiff blandfärs stekt,Summa enkelomättade fettsyror,Köttprodukter kötträtter,5.5,g
1129,Pannbiff blandfärs stekt,"Magnesium, Mg",Köttprodukter kötträtter,24.0,mg
1129,Pannbiff blandfärs stekt,Summa mättade fettsyror,Köttprodukter kötträtter,5.5,g
1129,Pannbiff blandfärs stekt,"Kolhydrater, tillgängliga",Köttprodukter kötträtter,4.3,g
1129,Pannbiff blandfärs stekt,Kolesterol,Köttprodukter kötträtter,76.2,mg
1129,Pannbiff blandfärs stekt,"Kalium, K",Köttprodukter kötträtter,216.0,mg
1129,Pannbiff blandfärs stekt,"Jod, I",Köttprodukter kötträtter,82.3,µg
1129,Pannbiff blandfärs stekt,Fullkorn totalt,Köttprodukter kötträtter,3.0,g
1129,Pannbiff blandfärs stekt,"Folat, totalt",Köttprodukter kötträtter,10.6,µg
1129,Pannbiff blandfärs stekt,Fibrer,Köttprodukter kötträtter,0.5,g
1129,Pannbiff blandfärs stekt,"Fett, totalt",Köttprodukter kötträtter,13.1,g
1129,Pannbiff blandfärs stekt,"Järn, Fe",Köttprodukter kötträtter,1.4,mg
1129,Pannbiff blandfärs stekt,Energi (kJ),Köttprodukter kötträtter,830.0,kJ
1129,Pannbiff blandfärs stekt,Energi (kcal),Köttprodukter kötträtter,198.0,kcal
1129,Pannbiff blandfärs stekt,Disackarider,Köttprodukter kötträtter,0.8,g
1129,Pannbiff blandfärs stekt,"Kalcium, Ca",Köttprodukter kötträtter,35.0,mg
1129,Pannbiff blandfärs stekt,Fettsyra 4:0-10:0,Köttprodukter kötträtter,0.0,g
1129,Pannbiff blandfärs stekt,DHA (C22:6),Köttprodukter kötträtter,0.0,g
1129,Pannbiff blandfärs stekt,DPA (C22:5),Köttprodukter kötträtter,0.0,g
1129,Pannbiff blandfärs stekt,EPA (C20:5),Köttprodukter kötträtter,0.0,g
1129,Pannbiff blandfärs stekt,Arakidonsyra C20:4,Köttprodukter kötträtter,0.0,g
1129,Pannbiff blandfärs stekt,Arakidinsyra C20:0,Köttprodukter kötträtter,0.0,g
1129,Pannbiff blandfärs stekt,Linolensyra C18:3,Köttprodukter kötträtter,0.1,g
1129,Pannbiff blandfärs stekt,Linolsyra C18:2,Köttprodukter kötträtter,1.0,g
1129,Pannbiff blandfärs stekt,Oljesyra C18:1,Köttprodukter kötträtter,4.9,g
1129,Pannbiff blandfärs stekt,Stearinsyra C18:0,Köttprodukter kötträtter,1.8,g
1129,Pannbiff blandfärs stekt,Palmitoljesyra C16:1,Köttprodukter kötträtter,0.4,g
1129,Pannbiff blandfärs stekt,Palmitinsyra C16:0,Köttprodukter kötträtter,3.2,g
1129,Pannbiff blandfärs stekt,Myristinsyra C14:0,Köttprodukter kötträtter,0.3,g
1129,Pannbiff blandfärs stekt,Laurinsyra C12:0,Köttprodukter kötträtter,0.0,g
1129,Pannbiff blandfärs stekt,Betakaroten/β-Karoten,Köttprodukter kötträtter,12.0,µg
1129,Pannbiff blandfärs stekt,Avfall (skal etc.),Köttprodukter kötträtter,1.0,%
1129,Pannbiff blandfärs stekt,Aska,Köttprodukter kötträtter,2.5,g
1129,Pannbiff blandfärs stekt,Alkohol,Köttprodukter kötträtter,0.0,g
1130,Parisersmörgås,"Zink, Zn",Köttprodukter kötträtter,1.9,mg
1130,Parisersmörgås,Vitamin E,Köttprodukter kötträtter,2.0,mg
1130,Parisersmörgås,Vitamin D,Köttprodukter kötträtter,0.49,µg
1130,Parisersmörgås,Vitamin C,Köttprodukter kötträtter,1.6,mg
1130,Parisersmörgås,Vitamin B6,Köttprodukter kötträtter,0.11,mg
1130,Parisersmörgås,Vitamin B12,Köttprodukter kötträtter,0.64,µg
1130,Parisersmörgås,Vitamin A,Köttprodukter kötträtter,66.4,RE/µg
1130,Parisersmörgås,Vatten,Köttprodukter kötträtter,63.1,g
1130,Parisersmörgås,Tiamin,Köttprodukter kötträtter,0.13,mg
1130,Parisersmörgås,Tillsatt socker,Köttprodukter kötträtter,2.0,g
1130,Parisersmörgås,Fritt socker,Köttprodukter kötträtter,2.0,g
1130,Parisersmörgås,"Selen, Se",Köttprodukter kötträtter,8.1,µg
1130,Parisersmörgås,Sackaros,Köttprodukter kötträtter,0.8,g
1130,Parisersmörgås,Riboflavin,Köttprodukter kötträtter,0.18,mg
1130,Parisersmörgås,Retinol,Köttprodukter kötträtter,63.9,µg
1130,Parisersmörgås,Protein,Köttprodukter kötträtter,11.4,g
1130,Parisersmörgås,Summa fleromättade fettsyror,Köttprodukter kötträtter,1.3,g
1130,Parisersmörgås,"Fosfor, P",Köttprodukter kötträtter,137.0,mg
1130,Parisersmörgås,Niacinekvivalenter,Köttprodukter kötträtter,4.05,NE/mg
1130,Parisersmörgås,Niacin,Köttprodukter kötträtter,1.78,mg
1130,Parisersmörgås,"Salt, NaCl",Köttprodukter kötträtter,1.2,g
1130,Parisersmörgås,"Natrium, Na",Köttprodukter kötträtter,475.0,mg
1130,Parisersmörgås,Monosackarider,Köttprodukter kötträtter,0.9,g
1130,Parisersmörgås,"Sockerarter, totalt",Köttprodukter kötträtter,2.7,g
1130,Parisersmörgås,Summa enkelomättade fettsyror,Köttprodukter kötträtter,4.1,g
1130,Parisersmörgås,"Magnesium, Mg",Köttprodukter kötträtter,19.0,mg
1130,Parisersmörgås,Summa mättade fettsyror,Köttprodukter kötträtter,3.1,g
1130,Parisersmörgås,"Kolhydrater, tillgängliga",Köttprodukter kötträtter,12.7,g
1130,Parisersmörgås,Kolesterol,Köttprodukter kötträtter,104.5,mg
1130,Parisersmörgås,"Kalium, K",Köttprodukter kötträtter,203.0,mg
1130,Parisersmörgås,"Jod, I",Köttprodukter kötträtter,50.6,µg
1130,Parisersmörgås,Fullkorn totalt,Köttprodukter kötträtter,0.0,g
1130,Parisersmörgås,"Folat, totalt",Köttprodukter kötträtter,26.9,µg
1130,Parisersmörgås,Fibrer,Köttprodukter kötträtter,1.4,g
1130,Parisersmörgås,"Fett, totalt",Köttprodukter kötträtter,9.4,g
1130,Parisersmörgås,"Järn, Fe",Köttprodukter kötträtter,1.1,mg
1130,Parisersmörgås,Energi (kJ),Köttprodukter kötträtter,771.0,kJ
1130,Parisersmörgås,Energi (kcal),Köttprodukter kötträtter,184.0,kcal
1130,Parisersmörgås,Disackarider,Köttprodukter kötträtter,1.8,g
1130,Parisersmörgås,"Kalcium, Ca",Köttprodukter kötträtter,36.0,mg
1130,Parisersmörgås,Fettsyra 4:0-10:0,Köttprodukter kötträtter,0.0,g
1130,Parisersmörgås,DHA (C22:6),Köttprodukter kötträtter,0.0,g
1130,Parisersmörgås,DPA (C22:5),Köttprodukter kötträtter,0.0,g
1130,Parisersmörgås,EPA (C20:5),Köttprodukter kötträtter,0.0,g
1130,Parisersmörgås,Arakidonsyra C20:4,Köttprodukter kötträtter,0.0,g
1130,Parisersmörgås,Arakidinsyra C20:0,Köttprodukter kötträtter,0.0,g
1130,Parisersmörgås,Linolensyra C18:3,Köttprodukter kötträtter,0.2,g
1130,Parisersmörgås,Linolsyra C18:2,Köttprodukter kötträtter,1.0,g
1130,Parisersmörgås,Oljesyra C18:1,Köttprodukter kötträtter,3.7,g
1130,Parisersmörgås,Stearinsyra C18:0,Köttprodukter kötträtter,1.0,g
1130,Parisersmörgås,Palmitoljesyra C16:1,Köttprodukter kötträtter,0.3,g
1130,Parisersmörgås,Palmitinsyra C16:0,Köttprodukter kötträtter,1.9,g
1130,Parisersmörgås,Myristinsyra C14:0,Köttprodukter kötträtter,0.1,g
1130,Parisersmörgås,Laurinsyra C12:0,Köttprodukter kötträtter,0.0,g
1130,Parisersmörgås,Betakaroten/β-Karoten,Köttprodukter kötträtter,9.0,µg
1130,Parisersmörgås,Avfall (skal etc.),Köttprodukter kötträtter,3.0,%
1130,Parisersmörgås,Aska,Köttprodukter kötträtter,1.8,g
1130,Parisersmörgås,Alkohol,Köttprodukter kötträtter,0.0,g
1131,Pannbiff älg stekt,"Zink, Zn",Köttprodukter kötträtter,5.1,mg
1131,Pannbiff älg stekt,Vitamin E,Köttprodukter kötträtter,1.1,mg
1131,Pannbiff älg stekt,Vitamin D,Köttprodukter kötträtter,0.24,µg
1131,Pannbiff älg stekt,Vitamin C,Köttprodukter kötträtter,0.2,mg
1131,Pannbiff älg stekt,Vitamin B6,Köttprodukter kötträtter,0.14,mg
1131,Pannbiff älg stekt,Vitamin B12,Köttprodukter kötträtter,1.89,µg
1131,Pannbiff älg stekt,Vitamin A,Köttprodukter kötträtter,27.1,RE/µg
1131,Pannbiff älg stekt,Vatten,Köttprodukter kötträtter,72.7,g
1131,Pannbiff älg stekt,Tiamin,Köttprodukter kötträtter,0.09,mg
1131,Pannbiff älg stekt,Tillsatt socker,Köttprodukter kötträtter,0.0,g
1131,Pannbiff älg stekt,Fritt socker,Köttprodukter kötträtter,0.0,g
1131,Pannbiff älg stekt,"Selen, Se",Köttprodukter kötträtter,7.8,µg
1131,Pannbiff älg stekt,Sackaros,Köttprodukter kötträtter,0.1,g
1131,Pannbiff älg stekt,Riboflavin,Köttprodukter kötträtter,0.25,mg
1131,Pannbiff älg stekt,Retinol,Köttprodukter kötträtter,26.9,µg
1131,Pannbiff älg stekt,Protein,Köttprodukter kötträtter,17.9,g
1131,Pannbiff älg stekt,Summa fleromättade fettsyror,Köttprodukter kötträtter,0.5,g
1131,Pannbiff älg stekt,"Fosfor, P",Köttprodukter kötträtter,180.0,mg
1131,Pannbiff älg stekt,Niacinekvivalenter,Köttprodukter kötträtter,6.87,NE/mg
1131,Pannbiff älg stekt,Niacin,Köttprodukter kötträtter,3.46,mg
1131,Pannbiff älg stekt,"Salt, NaCl",Köttprodukter kötträtter,1.5,g
1131,Pannbiff älg stekt,"Natrium, Na",Köttprodukter kötträtter,616.0,mg
1131,Pannbiff älg stekt,Monosackarider,Köttprodukter kötträtter,0.2,g
1131,Pannbiff älg stekt,"Sockerarter, totalt",Köttprodukter kötträtter,0.9,g
1131,Pannbiff älg stekt,Summa enkelomättade fettsyror,Köttprodukter kötträtter,0.9,g
1131,Pannbiff älg stekt,"Magnesium, Mg",Köttprodukter kötträtter,22.0,mg
1131,Pannbiff älg stekt,Summa mättade fettsyror,Köttprodukter kötträtter,0.8,g
1131,Pannbiff älg stekt,"Kolhydrater, tillgängliga",Köttprodukter kötträtter,4.0,g
1131,Pannbiff älg stekt,Kolesterol,Köttprodukter kötträtter,69.3,mg
1131,Pannbiff älg stekt,"Kalium, K",Köttprodukter kötträtter,229.0,mg
1131,Pannbiff älg stekt,"Jod, I",Köttprodukter kötträtter,77.5,µg
1131,Pannbiff älg stekt,Fullkorn totalt,Köttprodukter kötträtter,3.0,g
1131,Pannbiff älg stekt,"Folat, totalt",Köttprodukter kötträtter,8.5,µg
1131,Pannbiff älg stekt,Fibrer,Köttprodukter kötträtter,0.5,g
1131,Pannbiff älg stekt,"Fett, totalt",Köttprodukter kötträtter,2.6,g
1131,Pannbiff älg stekt,"Järn, Fe",Köttprodukter kötträtter,2.4,mg
1131,Pannbiff älg stekt,Energi (kJ),Köttprodukter kötträtter,472.0,kJ
1131,Pannbiff älg stekt,Energi (kcal),Köttprodukter kötträtter,113.0,kcal
1131,Pannbiff älg stekt,Disackarider,Köttprodukter kötträtter,0.8,g
1131,Pannbiff älg stekt,"Kalcium, Ca",Köttprodukter kötträtter,31.0,mg
1131,Pannbiff älg stekt,Fettsyra 4:0-10:0,Köttprodukter kötträtter,0.0,g
1131,Pannbiff älg stekt,DHA (C22:6),Köttprodukter kötträtter,0.0,g
1131,Pannbiff älg stekt,DPA (C22:5),Köttprodukter kötträtter,0.0,g
1131,Pannbiff älg stekt,EPA (C20:5),Köttprodukter kötträtter,0.0,g
1131,Pannbiff älg stekt,Arakidonsyra C20:4,Köttprodukter kötträtter,0.0,g
1131,Pannbiff älg stekt,Arakidinsyra C20:0,Köttprodukter kötträtter,0.0,g
1131,Pannbiff älg stekt,Linolensyra C18:3,Köttprodukter kötträtter,0.0,g
1131,Pannbiff älg stekt,Linolsyra C18:2,Köttprodukter kötträtter,0.3,g
1131,Pannbiff älg stekt,Oljesyra C18:1,Köttprodukter kötträtter,0.9,g
1131,Pannbiff älg stekt,Stearinsyra C18:0,Köttprodukter kötträtter,0.3,g
1131,Pannbiff älg stekt,Palmitoljesyra C16:1,Köttprodukter kötträtter,0.0,g
1131,Pannbiff älg stekt,Palmitinsyra C16:0,Köttprodukter kötträtter,0.4,g
1131,Pannbiff älg stekt,Myristinsyra C14:0,Köttprodukter kötträtter,0.0,g
1131,Pannbiff älg stekt,Laurinsyra C12:0,Köttprodukter kötträtter,0.0,g
1131,Pannbiff älg stekt,Betakaroten/β-Karoten,Köttprodukter kötträtter,2.0,µg
1131,Pannbiff älg stekt,Avfall (skal etc.),Köttprodukter kötträtter,1.0,%
1131,Pannbiff älg stekt,Aska,Köttprodukter kötträtter,2.4,g
1131,Pannbiff älg stekt,Alkohol,Köttprodukter kötträtter,0.0,g
1132,Köttfärssås älg,"Zink, Zn",Köttprodukter kötträtter,2.7,mg
1132,Köttfärssås älg,Vitamin E,Köttprodukter kötträtter,1.4,mg
1132,Köttfärssås älg,Vitamin D,Köttprodukter kötträtter,0.01,µg
1132,Köttfärssås älg,Vitamin C,Köttprodukter kötträtter,5.1,mg
1132,Köttfärssås älg,Vitamin B6,Köttprodukter kötträtter,0.15,mg
1132,Köttfärssås älg,Vitamin B12,Köttprodukter kötträtter,0.62,µg
1132,Köttfärssås älg,Vitamin A,Köttprodukter kötträtter,38.0,RE/µg
1132,Köttfärssås älg,Vatten,Köttprodukter kötträtter,79.6,g
1132,Köttfärssås älg,Tiamin,Köttprodukter kötträtter,0.08,mg
1132,Köttfärssås älg,Tillsatt socker,Köttprodukter kötträtter,0.0,g
1132,Köttfärssås älg,Fritt socker,Köttprodukter kötträtter,1.0,g
1132,Köttfärssås älg,"Selen, Se",Köttprodukter kötträtter,2.9,µg
1132,Köttfärssås älg,Sackaros,Köttprodukter kötträtter,0.4,g
1132,Köttfärssås älg,Riboflavin,Köttprodukter kötträtter,0.12,mg
1132,Köttfärssås älg,Retinol,Köttprodukter kötträtter,12.9,µg
1132,Köttfärssås älg,Protein,Köttprodukter kötträtter,9.9,g
1132,Köttfärssås älg,Summa fleromättade fettsyror,Köttprodukter kötträtter,0.2,g
1132,Köttfärssås älg,"Fosfor, P",Köttprodukter kötträtter,96.0,mg
1132,Köttfärssås älg,Niacinekvivalenter,Köttprodukter kötträtter,4.35,NE/mg
1132,Köttfärssås älg,Niacin,Köttprodukter kötträtter,2.55,mg
1132,Köttfärssås älg,"Salt, NaCl",Köttprodukter kötträtter,1.6,g
1132,Köttfärssås älg,"Natrium, Na",Köttprodukter kötträtter,645.0,mg
1132,Köttfärssås älg,Monosackarider,Köttprodukter kötträtter,3.0,g
1132,Köttfärssås älg,"Sockerarter, totalt",Köttprodukter kötträtter,3.4,g
1132,Köttfärssås älg,Summa enkelomättade fettsyror,Köttprodukter kötträtter,0.6,g
1132,Köttfärssås älg,"Magnesium, Mg",Köttprodukter kötträtter,22.0,mg
1132,Köttfärssås älg,Summa mättade fettsyror,Köttprodukter kötträtter,1.3,g
1132,Köttfärssås älg,"Kolhydrater, tillgängliga",Köttprodukter kötträtter,4.6,g
1132,Köttfärssås älg,Kolesterol,Köttprodukter kötträtter,25.4,mg
1132,Köttfärssås älg,"Kalium, K",Köttprodukter kötträtter,258.0,mg
1132,Köttfärssås älg,"Jod, I",Köttprodukter kötträtter,25.6,µg
1132,Köttfärssås älg,Fullkorn totalt,Köttprodukter kötträtter,0.0,g
1132,Köttfärssås älg,"Folat, totalt",Köttprodukter kötträtter,14.0,µg
1132,Köttfärssås älg,Fibrer,Köttprodukter kötträtter,1.1,g
1132,Köttfärssås älg,"Fett, totalt",Köttprodukter kötträtter,2.4,g
1132,Köttfärssås älg,"Järn, Fe",Köttprodukter kötträtter,1.8,mg
1132,Köttfärssås älg,Energi (kJ),Köttprodukter kötträtter,342.0,kJ
1132,Köttfärssås älg,Energi (kcal),Köttprodukter kötträtter,82.0,kcal
1132,Köttfärssås älg,Disackarider,Köttprodukter kötträtter,0.4,g
1132,Köttfärssås älg,"Kalcium, Ca",Köttprodukter kötträtter,20.0,mg
1132,Köttfärssås älg,Fettsyra 4:0-10:0,Köttprodukter kötträtter,0.1,g
1132,Köttfärssås älg,DHA (C22:6),Köttprodukter kötträtter,0.0,g
1132,Köttfärssås älg,DPA (C22:5),Köttprodukter kötträtter,0.0,g
1132,Köttfärssås älg,EPA (C20:5),Köttprodukter kötträtter,0.0,g
1132,Köttfärssås älg,Arakidonsyra C20:4,Köttprodukter kötträtter,0.0,g
1132,Köttfärssås älg,Arakidinsyra C20:0,Köttprodukter kötträtter,0.0,g
1132,Köttfärssås älg,Linolensyra C18:3,Köttprodukter kötträtter,0.0,g
1132,Köttfärssås älg,Linolsyra C18:2,Köttprodukter kötträtter,0.1,g
1132,Köttfärssås älg,Oljesyra C18:1,Köttprodukter kötträtter,0.6,g
1132,Köttfärssås älg,Stearinsyra C18:0,Köttprodukter kötträtter,0.3,g
1132,Köttfärssås älg,Palmitoljesyra C16:1,Köttprodukter kötträtter,0.0,g
1132,Köttfärssås älg,Palmitinsyra C16:0,Köttprodukter kötträtter,0.6,g
1132,Köttfärssås älg,Myristinsyra C14:0,Köttprodukter kötträtter,0.2,g
1132,Köttfärssås älg,Laurinsyra C12:0,Köttprodukter kötträtter,0.0,g
1132,Köttfärssås älg,Betakaroten/β-Karoten,Köttprodukter kötträtter,291.0,µg
1132,Köttfärssås älg,Avfall (skal etc.),Köttprodukter kötträtter,1.0,%
1132,Köttfärssås älg,Aska,Köttprodukter kötträtter,2.6,g
1132,Köttfärssås älg,Alkohol,Köttprodukter kötträtter,0.0,g
1135,Taco tacoskal m. köttfärs grönsaker ost,"Zink, Zn",Köttprodukter kötträtter,1.7,mg
1135,Taco tacoskal m. köttfärs grönsaker ost,Vitamin E,Köttprodukter kötträtter,1.8,mg
1135,Taco tacoskal m. köttfärs grönsaker ost,Vitamin D,Köttprodukter kötträtter,0.08,µg
1135,Taco tacoskal m. köttfärs grönsaker ost,Vitamin C,Köttprodukter kötträtter,17.0,mg
1135,Taco tacoskal m. köttfärs grönsaker ost,Vitamin B6,Köttprodukter kötträtter,0.11,mg
1135,Taco tacoskal m. köttfärs grönsaker ost,Vitamin B12,Köttprodukter kötträtter,0.29,µg
1135,Taco tacoskal m. köttfärs grönsaker ost,Vitamin A,Köttprodukter kötträtter,60.1,RE/µg
1135,Taco tacoskal m. köttfärs grönsaker ost,Vatten,Köttprodukter kötträtter,73.4,g
1135,Taco tacoskal m. köttfärs grönsaker ost,Tiamin,Köttprodukter kötträtter,0.03,mg
1135,Taco tacoskal m. köttfärs grönsaker ost,Tillsatt socker,Köttprodukter kötträtter,0.0,g
1135,Taco tacoskal m. köttfärs grönsaker ost,Fritt socker,Köttprodukter kötträtter,0.0,g
1135,Taco tacoskal m. köttfärs grönsaker ost,"Selen, Se",Köttprodukter kötträtter,2.4,µg
1135,Taco tacoskal m. köttfärs grönsaker ost,Sackaros,Köttprodukter kötträtter,0.2,g
1135,Taco tacoskal m. köttfärs grönsaker ost,Riboflavin,Köttprodukter kötträtter,0.07,mg
1135,Taco tacoskal m. köttfärs grönsaker ost,Retinol,Köttprodukter kötträtter,39.1,µg
1135,Taco tacoskal m. köttfärs grönsaker ost,Protein,Köttprodukter kötträtter,7.9,g
1135,Taco tacoskal m. köttfärs grönsaker ost,Summa fleromättade fettsyror,Köttprodukter kötträtter,0.9,g
1135,Taco tacoskal m. köttfärs grönsaker ost,"Fosfor, P",Köttprodukter kötträtter,98.0,mg
1135,Taco tacoskal m. köttfärs grönsaker ost,Niacinekvivalenter,Köttprodukter kötträtter,3.01,NE/mg
1135,Taco tacoskal m. köttfärs grönsaker ost,Niacin,Köttprodukter kötträtter,1.55,mg
1135,Taco tacoskal m. köttfärs grönsaker ost,"Salt, NaCl",Köttprodukter kötträtter,0.8,g
1135,Taco tacoskal m. köttfärs grönsaker ost,"Natrium, Na",Köttprodukter kötträtter,324.0,mg
1135,Taco tacoskal m. köttfärs grönsaker ost,Monosackarider,Köttprodukter kötträtter,1.5,g
1135,Taco tacoskal m. köttfärs grönsaker ost,"Sockerarter, totalt",Köttprodukter kötträtter,2.0,g
1135,Taco tacoskal m. köttfärs grönsaker ost,Summa enkelomättade fettsyror,Köttprodukter kötträtter,4.1,g
1135,Taco tacoskal m. köttfärs grönsaker ost,"Magnesium, Mg",Köttprodukter kötträtter,18.0,mg
1135,Taco tacoskal m. köttfärs grönsaker ost,Summa mättade fettsyror,Köttprodukter kötträtter,4.2,g
1135,Taco tacoskal m. köttfärs grönsaker ost,"Kolhydrater, tillgängliga",Köttprodukter kötträtter,6.6,g
1135,Taco tacoskal m. köttfärs grönsaker ost,Kolesterol,Köttprodukter kötträtter,24.4,mg
1135,Taco tacoskal m. köttfärs grönsaker ost,"Kalium, K",Köttprodukter kötträtter,187.0,mg
1135,Taco tacoskal m. köttfärs grönsaker ost,"Jod, I",Köttprodukter kötträtter,24.4,µg
1135,Taco tacoskal m. köttfärs grönsaker ost,Fullkorn totalt,Köttprodukter kötträtter,0.0,g
1135,Taco tacoskal m. köttfärs grönsaker ost,"Folat, totalt",Köttprodukter kötträtter,23.9,µg
1135,Taco tacoskal m. köttfärs grönsaker ost,Fibrer,Köttprodukter kötträtter,0.8,g
1135,Taco tacoskal m. köttfärs grönsaker ost,"Fett, totalt",Köttprodukter kötträtter,9.8,g
1135,Taco tacoskal m. köttfärs grönsaker ost,"Järn, Fe",Köttprodukter kötträtter,0.9,mg
1135,Taco tacoskal m. köttfärs grönsaker ost,Energi (kJ),Köttprodukter kötträtter,616.0,kJ
1135,Taco tacoskal m. köttfärs grönsaker ost,Energi (kcal),Köttprodukter kötträtter,147.0,kcal
1135,Taco tacoskal m. köttfärs grönsaker ost,Disackarider,Köttprodukter kötträtter,0.5,g
1135,Taco tacoskal m. köttfärs grönsaker ost,"Kalcium, Ca",Köttprodukter kötträtter,61.0,mg
1135,Taco tacoskal m. köttfärs grönsaker ost,Fettsyra 4:0-10:0,Köttprodukter kötträtter,0.3,g
1135,Taco tacoskal m. köttfärs grönsaker ost,DHA (C22:6),Köttprodukter kötträtter,0.0,g
1135,Taco tacoskal m. köttfärs grönsaker ost,DPA (C22:5),Köttprodukter kötträtter,0.0,g
1135,Taco tacoskal m. köttfärs grönsaker ost,EPA (C20:5),Köttprodukter kötträtter,0.0,g
1135,Taco tacoskal m. köttfärs grönsaker ost,Arakidonsyra C20:4,Köttprodukter kötträtter,0.0,g
1135,Taco tacoskal m. köttfärs grönsaker ost,Arakidinsyra C20:0,Köttprodukter kötträtter,0.0,g
1135,Taco tacoskal m. köttfärs grönsaker ost,Linolensyra C18:3,Köttprodukter kötträtter,0.1,g
1135,Taco tacoskal m. köttfärs grönsaker ost,Linolsyra C18:2,Köttprodukter kötträtter,0.7,g
1135,Taco tacoskal m. köttfärs grönsaker ost,Oljesyra C18:1,Köttprodukter kötträtter,3.8,g
1135,Taco tacoskal m. köttfärs grönsaker ost,Stearinsyra C18:0,Köttprodukter kötträtter,0.9,g
1135,Taco tacoskal m. köttfärs grönsaker ost,Palmitoljesyra C16:1,Köttprodukter kötträtter,0.2,g
1135,Taco tacoskal m. köttfärs grönsaker ost,Palmitinsyra C16:0,Köttprodukter kötträtter,2.1,g
1135,Taco tacoskal m. köttfärs grönsaker ost,Myristinsyra C14:0,Köttprodukter kötträtter,0.5,g
1135,Taco tacoskal m. köttfärs grönsaker ost,Laurinsyra C12:0,Köttprodukter kötträtter,0.1,g
1135,Taco tacoskal m. köttfärs grönsaker ost,Betakaroten/β-Karoten,Köttprodukter kötträtter,224.0,µg
1135,Taco tacoskal m. köttfärs grönsaker ost,Avfall (skal etc.),Köttprodukter kötträtter,3.0,%
1135,Taco tacoskal m. köttfärs grönsaker ost,Aska,Köttprodukter kötträtter,1.5,g
1135,Taco tacoskal m. köttfärs grönsaker ost,Alkohol,Köttprodukter kötträtter,0.0,g
1136,Biff à la Lindström stekt frysvara,"Zink, Zn",Köttprodukter kötträtter,2.9,mg
1136,Biff à la Lindström stekt frysvara,Vitamin E,Köttprodukter kötträtter,0.6,mg
1136,Biff à la Lindström stekt frysvara,Vitamin D,Köttprodukter kötträtter,0.63,µg
1136,Biff à la Lindström stekt frysvara,Vitamin C,Köttprodukter kötträtter,0.0,mg
1136,Biff à la Lindström stekt frysvara,Vitamin B6,Köttprodukter kötträtter,0.2,mg
1136,Biff à la Lindström stekt frysvara,Vitamin B12,Köttprodukter kötträtter,1.5,µg
1136,Biff à la Lindström stekt frysvara,Vitamin A,Köttprodukter kötträtter,49.8,RE/µg
1136,Biff à la Lindström stekt frysvara,Vatten,Köttprodukter kötträtter,63.0,g
1136,Biff à la Lindström stekt frysvara,Tiamin,Köttprodukter kötträtter,0.7,mg
1136,Biff à la Lindström stekt frysvara,Tillsatt socker,Köttprodukter kötträtter,0.0,g
1136,Biff à la Lindström stekt frysvara,Fritt socker,Köttprodukter kötträtter,0.0,g
1136,Biff à la Lindström stekt frysvara,"Selen, Se",Köttprodukter kötträtter,2.0,µg
1136,Biff à la Lindström stekt frysvara,Sackaros,Köttprodukter kötträtter,2.3,g
1136,Biff à la Lindström stekt frysvara,Riboflavin,Köttprodukter kötträtter,0.1,mg
1136,Biff à la Lindström stekt frysvara,Retinol,Köttprodukter kötträtter,49.0,µg
1136,Biff à la Lindström stekt frysvara,Protein,Köttprodukter kötträtter,12.8,g
1136,Biff à la Lindström stekt frysvara,Summa fleromättade fettsyror,Köttprodukter kötträtter,0.8,g
1136,Biff à la Lindström stekt frysvara,"Fosfor, P",Köttprodukter kötträtter,117.0,mg
1136,Biff à la Lindström stekt frysvara,Niacinekvivalenter,Köttprodukter kötträtter,5.35,NE/mg
1136,Biff à la Lindström stekt frysvara,Niacin,Köttprodukter kötträtter,3.0,mg
1136,Biff à la Lindström stekt frysvara,"Salt, NaCl",Köttprodukter kötträtter,1.9,g
1136,Biff à la Lindström stekt frysvara,"Natrium, Na",Köttprodukter kötträtter,760.0,mg
1136,Biff à la Lindström stekt frysvara,Monosackarider,Köttprodukter kötträtter,0.9,g
1136,Biff à la Lindström stekt frysvara,"Sockerarter, totalt",Köttprodukter kötträtter,3.2,g
1136,Biff à la Lindström stekt frysvara,Summa enkelomättade fettsyror,Köttprodukter kötträtter,5.9,g
1136,Biff à la Lindström stekt frysvara,"Magnesium, Mg",Köttprodukter kötträtter,25.0,mg
1136,Biff à la Lindström stekt frysvara,Summa mättade fettsyror,Köttprodukter kötträtter,5.3,g
1136,Biff à la Lindström stekt frysvara,"Kolhydrater, tillgängliga",Köttprodukter kötträtter,5.8,g
1136,Biff à la Lindström stekt frysvara,Kolesterol,Köttprodukter kötträtter,68.0,mg
1136,Biff à la Lindström stekt frysvara,"Kalium, K",Köttprodukter kötträtter,270.0,mg
1136,Biff à la Lindström stekt frysvara,"Jod, I",Köttprodukter kötträtter,17.7,µg
1136,Biff à la Lindström stekt frysvara,Fullkorn totalt,Köttprodukter kötträtter,0.0,g
1136,Biff à la Lindström stekt frysvara,"Folat, totalt",Köttprodukter kötträtter,11.5,µg
1136,Biff à la Lindström stekt frysvara,Fibrer,Köttprodukter kötträtter,2.4,g
1136,Biff à la Lindström stekt frysvara,"Fett, totalt",Köttprodukter kötträtter,12.7,g
1136,Biff à la Lindström stekt frysvara,"Järn, Fe",Köttprodukter kötträtter,1.6,mg
1136,Biff à la Lindström stekt frysvara,Energi (kJ),Köttprodukter kötträtter,805.0,kJ
1136,Biff à la Lindström stekt frysvara,Energi (kcal),Köttprodukter kötträtter,192.0,kcal
1136,Biff à la Lindström stekt frysvara,Disackarider,Köttprodukter kötträtter,2.3,g
1136,Biff à la Lindström stekt frysvara,"Kalcium, Ca",Köttprodukter kötträtter,39.0,mg
1136,Biff à la Lindström stekt frysvara,Fettsyra 4:0-10:0,Köttprodukter kötträtter,0.0,g
1136,Biff à la Lindström stekt frysvara,DHA (C22:6),Köttprodukter kötträtter,0.0,g
1136,Biff à la Lindström stekt frysvara,DPA (C22:5),Köttprodukter kötträtter,0.0,g
1136,Biff à la Lindström stekt frysvara,EPA (C20:5),Köttprodukter kötträtter,0.0,g
1136,Biff à la Lindström stekt frysvara,Arakidonsyra C20:4,Köttprodukter kötträtter,0.0,g
1136,Biff à la Lindström stekt frysvara,Arakidinsyra C20:0,Köttprodukter kötträtter,0.0,g
1136,Biff à la Lindström stekt frysvara,Linolensyra C18:3,Köttprodukter kötträtter,0.1,g
1136,Biff à la Lindström stekt frysvara,Linolsyra C18:2,Köttprodukter kötträtter,0.5,g
1136,Biff à la Lindström stekt frysvara,Oljesyra C18:1,Köttprodukter kötträtter,5.0,g
1136,Biff à la Lindström stekt frysvara,Stearinsyra C18:0,Köttprodukter kötträtter,1.5,g
1136,Biff à la Lindström stekt frysvara,Palmitoljesyra C16:1,Köttprodukter kötträtter,0.6,g
1136,Biff à la Lindström stekt frysvara,Palmitinsyra C16:0,Köttprodukter kötträtter,3.1,g
1136,Biff à la Lindström stekt frysvara,Myristinsyra C14:0,Köttprodukter kötträtter,0.3,g
1136,Biff à la Lindström stekt frysvara,Laurinsyra C12:0,Köttprodukter kötträtter,0.0,g
1136,Biff à la Lindström stekt frysvara,Betakaroten/β-Karoten,Köttprodukter kötträtter,9.0,µg
1136,Biff à la Lindström stekt frysvara,Avfall (skal etc.),Köttprodukter kötträtter,0.0,%
1136,Biff à la Lindström stekt frysvara,Aska,Köttprodukter kötträtter,3.3,g
1136,Biff à la Lindström stekt frysvara,Alkohol,Köttprodukter kötträtter,0.0,g
1137,Gryta biff m. bambuskott tillagad på restaurang,"Zink, Zn",Köttprodukter kötträtter,1.0,mg
1137,Gryta biff m. bambuskott tillagad på restaurang,Vitamin E,Köttprodukter kötträtter,0.3,mg
1137,Gryta biff m. bambuskott tillagad på restaurang,Vitamin D,Köttprodukter kötträtter,0.0,µg
1137,Gryta biff m. bambuskott tillagad på restaurang,Vitamin C,Köttprodukter kötträtter,0.5,mg
1137,Gryta biff m. bambuskott tillagad på restaurang,Vitamin B6,Köttprodukter kötträtter,0.1,mg
1137,Gryta biff m. bambuskott tillagad på restaurang,Vitamin B12,Köttprodukter kötträtter,0.24,µg
1137,Gryta biff m. bambuskott tillagad på restaurang,Vitamin A,Köttprodukter kötträtter,2.6,RE/µg
1137,Gryta biff m. bambuskott tillagad på restaurang,Vatten,Köttprodukter kötträtter,80.3,g
1137,Gryta biff m. bambuskott tillagad på restaurang,Tiamin,Köttprodukter kötträtter,0.02,mg
1137,Gryta biff m. bambuskott tillagad på restaurang,Tillsatt socker,Köttprodukter kötträtter,1.0,g
1137,Gryta biff m. bambuskott tillagad på restaurang,Fritt socker,Köttprodukter kötträtter,1.0,g
1137,Gryta biff m. bambuskott tillagad på restaurang,"Selen, Se",Köttprodukter kötträtter,1.7,µg
1137,Gryta biff m. bambuskott tillagad på restaurang,Sackaros,Köttprodukter kötträtter,0.6,g
1137,Gryta biff m. bambuskott tillagad på restaurang,Riboflavin,Köttprodukter kötträtter,0.06,mg
1137,Gryta biff m. bambuskott tillagad på restaurang,Retinol,Köttprodukter kötträtter,0.0,µg
1137,Gryta biff m. bambuskott tillagad på restaurang,Protein,Köttprodukter kötträtter,8.2,g
1137,Gryta biff m. bambuskott tillagad på restaurang,Summa fleromättade fettsyror,Köttprodukter kötträtter,1.9,g
1137,Gryta biff m. bambuskott tillagad på restaurang,"Fosfor, P",Köttprodukter kötträtter,56.0,mg
1137,Gryta biff m. bambuskott tillagad på restaurang,Niacinekvivalenter,Köttprodukter kötträtter,3.0,NE/mg
1137,Gryta biff m. bambuskott tillagad på restaurang,Niacin,Köttprodukter kötträtter,1.45,mg
1137,Gryta biff m. bambuskott tillagad på restaurang,"Salt, NaCl",Köttprodukter kötträtter,1.8,g
1137,Gryta biff m. bambuskott tillagad på restaurang,"Natrium, Na",Köttprodukter kötträtter,700.0,mg
1137,Gryta biff m. bambuskott tillagad på restaurang,Monosackarider,Köttprodukter kötträtter,0.4,g
1137,Gryta biff m. bambuskott tillagad på restaurang,"Sockerarter, totalt",Köttprodukter kötträtter,0.9,g
1137,Gryta biff m. bambuskott tillagad på restaurang,Summa enkelomättade fettsyror,Köttprodukter kötträtter,2.8,g
1137,Gryta biff m. bambuskott tillagad på restaurang,"Magnesium, Mg",Köttprodukter kötträtter,8.0,mg
1137,Gryta biff m. bambuskott tillagad på restaurang,Summa mättade fettsyror,Köttprodukter kötträtter,0.9,g
1137,Gryta biff m. bambuskott tillagad på restaurang,"Kolhydrater, tillgängliga",Köttprodukter kötträtter,2.4,g
1137,Gryta biff m. bambuskott tillagad på restaurang,Kolesterol,Köttprodukter kötträtter,19.0,mg
1137,Gryta biff m. bambuskott tillagad på restaurang,"Kalium, K",Köttprodukter kötträtter,117.0,mg
1137,Gryta biff m. bambuskott tillagad på restaurang,"Jod, I",Köttprodukter kötträtter,2.9,µg
1137,Gryta biff m. bambuskott tillagad på restaurang,Fullkorn totalt,Köttprodukter kötträtter,0.0,g
1137,Gryta biff m. bambuskott tillagad på restaurang,"Folat, totalt",Köttprodukter kötträtter,15.6,µg
1137,Gryta biff m. bambuskott tillagad på restaurang,Fibrer,Köttprodukter kötträtter,1.2,g
1137,Gryta biff m. bambuskott tillagad på restaurang,"Fett, totalt",Köttprodukter kötträtter,5.8,g
1137,Gryta biff m. bambuskott tillagad på restaurang,"Järn, Fe",Köttprodukter kötträtter,0.9,mg
1137,Gryta biff m. bambuskott tillagad på restaurang,Energi (kJ),Köttprodukter kötträtter,405.0,kJ
1137,Gryta biff m. bambuskott tillagad på restaurang,Energi (kcal),Köttprodukter kötträtter,97.0,kcal
1137,Gryta biff m. bambuskott tillagad på restaurang,Disackarider,Köttprodukter kötträtter,0.6,g
1137,Gryta biff m. bambuskott tillagad på restaurang,"Kalcium, Ca",Köttprodukter kötträtter,10.0,mg
1137,Gryta biff m. bambuskott tillagad på restaurang,Fettsyra 4:0-10:0,Köttprodukter kötträtter,0.0,g
1137,Gryta biff m. bambuskott tillagad på restaurang,DHA (C22:6),Köttprodukter kötträtter,0.0,g
1137,Gryta biff m. bambuskott tillagad på restaurang,DPA (C22:5),Köttprodukter kötträtter,0.0,g
1137,Gryta biff m. bambuskott tillagad på restaurang,EPA (C20:5),Köttprodukter kötträtter,0.0,g
1137,Gryta biff m. bambuskott tillagad på restaurang,Arakidonsyra C20:4,Köttprodukter kötträtter,0.0,g
1137,Gryta biff m. bambuskott tillagad på restaurang,Arakidinsyra C20:0,Köttprodukter kötträtter,0.0,g
1137,Gryta biff m. bambuskott tillagad på restaurang,Linolensyra C18:3,Köttprodukter kötträtter,0.3,g
1137,Gryta biff m. bambuskott tillagad på restaurang,Linolsyra C18:2,Köttprodukter kötträtter,1.6,g
1137,Gryta biff m. bambuskott tillagad på restaurang,Oljesyra C18:1,Köttprodukter kötträtter,2.6,g
1137,Gryta biff m. bambuskott tillagad på restaurang,Stearinsyra C18:0,Köttprodukter kötträtter,0.2,g
1137,Gryta biff m. bambuskott tillagad på restaurang,Palmitoljesyra C16:1,Köttprodukter kötträtter,0.0,g
1137,Gryta biff m. bambuskott tillagad på restaurang,Palmitinsyra C16:0,Köttprodukter kötträtter,0.6,g
1137,Gryta biff m. bambuskott tillagad på restaurang,Myristinsyra C14:0,Köttprodukter kötträtter,0.0,g
1137,Gryta biff m. bambuskott tillagad på restaurang,Laurinsyra C12:0,Köttprodukter kötträtter,0.0,g
1137,Gryta biff m. bambuskott tillagad på restaurang,Betakaroten/β-Karoten,Köttprodukter kötträtter,30.0,µg
1137,Gryta biff m. bambuskott tillagad på restaurang,Avfall (skal etc.),Köttprodukter kötträtter,0.0,%
1137,Gryta biff m. bambuskott tillagad på restaurang,Aska,Köttprodukter kötträtter,2.1,g
1137,Gryta biff m. bambuskott tillagad på restaurang,Alkohol,Köttprodukter kötträtter,0.0,g
1138,Hamburgare nöt stekt frysvara,"Zink, Zn",Köttprodukter kötträtter,3.3,mg
1138,Hamburgare nöt stekt frysvara,Vitamin E,Köttprodukter kötträtter,0.9,mg
1138,Hamburgare nöt stekt frysvara,Vitamin D,Köttprodukter kötträtter,0.0,µg
1138,Hamburgare nöt stekt frysvara,Vitamin C,Köttprodukter kötträtter,0.0,mg
1138,Hamburgare nöt stekt frysvara,Vitamin B6,Köttprodukter kötträtter,0.24,mg
1138,Hamburgare nöt stekt frysvara,Vitamin B12,Köttprodukter kötträtter,1.39,µg
1138,Hamburgare nöt stekt frysvara,Vitamin A,Köttprodukter kötträtter,18.3,RE/µg
1138,Hamburgare nöt stekt frysvara,Vatten,Köttprodukter kötträtter,57.2,g
1138,Hamburgare nöt stekt frysvara,Tiamin,Köttprodukter kötträtter,0.05,mg
1138,Hamburgare nöt stekt frysvara,Tillsatt socker,Köttprodukter kötträtter,0.0,g
1138,Hamburgare nöt stekt frysvara,Fritt socker,Köttprodukter kötträtter,0.0,g
1138,Hamburgare nöt stekt frysvara,"Selen, Se",Köttprodukter kötträtter,5.7,µg
1138,Hamburgare nöt stekt frysvara,Sackaros,Köttprodukter kötträtter,0.0,g
1138,Hamburgare nöt stekt frysvara,Riboflavin,Köttprodukter kötträtter,0.12,mg
1138,Hamburgare nöt stekt frysvara,Retinol,Köttprodukter kötträtter,15.5,µg
1138,Hamburgare nöt stekt frysvara,Protein,Köttprodukter kötträtter,14.0,g
1138,Hamburgare nöt stekt frysvara,Summa fleromättade fettsyror,Köttprodukter kötträtter,0.4,g
1138,Hamburgare nöt stekt frysvara,"Fosfor, P",Köttprodukter kötträtter,138.0,mg
1138,Hamburgare nöt stekt frysvara,Niacinekvivalenter,Köttprodukter kötträtter,5.7,NE/mg
1138,Hamburgare nöt stekt frysvara,Niacin,Köttprodukter kötträtter,3.14,mg
1138,Hamburgare nöt stekt frysvara,"Salt, NaCl",Köttprodukter kötträtter,1.8,g
1138,Hamburgare nöt stekt frysvara,"Natrium, Na",Köttprodukter kötträtter,720.0,mg
1138,Hamburgare nöt stekt frysvara,Monosackarider,Köttprodukter kötträtter,0.5,g
1138,Hamburgare nöt stekt frysvara,"Sockerarter, totalt",Köttprodukter kötträtter,0.5,g
1138,Hamburgare nöt stekt frysvara,Summa enkelomättade fettsyror,Köttprodukter kötträtter,9.2,g
1138,Hamburgare nöt stekt frysvara,"Magnesium, Mg",Köttprodukter kötträtter,19.0,mg
1138,Hamburgare nöt stekt frysvara,Summa mättade fettsyror,Köttprodukter kötträtter,9.2,g
1138,Hamburgare nöt stekt frysvara,"Kolhydrater, tillgängliga",Köttprodukter kötträtter,5.4,g
1138,Hamburgare nöt stekt frysvara,Kolesterol,Köttprodukter kötträtter,46.2,mg
1138,Hamburgare nöt stekt frysvara,"Kalium, K",Köttprodukter kötträtter,266.0,mg
1138,Hamburgare nöt stekt frysvara,"Jod, I",Köttprodukter kötträtter,0.0,µg
1138,Hamburgare nöt stekt frysvara,Fullkorn totalt,Köttprodukter kötträtter,0.0,g
1138,Hamburgare nöt stekt frysvara,"Folat, totalt",Köttprodukter kötträtter,4.6,µg
1138,Hamburgare nöt stekt frysvara,Fibrer,Köttprodukter kötträtter,0.8,g
1138,Hamburgare nöt stekt frysvara,"Fett, totalt",Köttprodukter kötträtter,20.3,g
1138,Hamburgare nöt stekt frysvara,"Järn, Fe",Köttprodukter kötträtter,1.6,mg
1138,Hamburgare nöt stekt frysvara,Energi (kJ),Köttprodukter kötträtter,1087.0,kJ
1138,Hamburgare nöt stekt frysvara,Energi (kcal),Köttprodukter kötträtter,260.0,kcal
1138,Hamburgare nöt stekt frysvara,Disackarider,Köttprodukter kötträtter,0.0,g
1138,Hamburgare nöt stekt frysvara,"Kalcium, Ca",Köttprodukter kötträtter,11.0,mg
1138,Hamburgare nöt stekt frysvara,Fettsyra 4:0-10:0,Köttprodukter kötträtter,0.0,g
1138,Hamburgare nöt stekt frysvara,DHA (C22:6),Köttprodukter kötträtter,0.0,g
1138,Hamburgare nöt stekt frysvara,DPA (C22:5),Köttprodukter kötträtter,0.0,g
1138,Hamburgare nöt stekt frysvara,EPA (C20:5),Köttprodukter kötträtter,0.0,g
1138,Hamburgare nöt stekt frysvara,Arakidonsyra C20:4,Köttprodukter kötträtter,0.0,g
1138,Hamburgare nöt stekt frysvara,Arakidinsyra C20:0,Köttprodukter kötträtter,0.0,g
1138,Hamburgare nöt stekt frysvara,Linolensyra C18:3,Köttprodukter kötträtter,0.1,g
1138,Hamburgare nöt stekt frysvara,Linolsyra C18:2,Köttprodukter kötträtter,0.3,g
1138,Hamburgare nöt stekt frysvara,Oljesyra C18:1,Köttprodukter kötträtter,7.8,g
1138,Hamburgare nöt stekt frysvara,Stearinsyra C18:0,Köttprodukter kötträtter,2.9,g
1138,Hamburgare nöt stekt frysvara,Palmitoljesyra C16:1,Köttprodukter kötträtter,1.2,g
1138,Hamburgare nöt stekt frysvara,Palmitinsyra C16:0,Köttprodukter kötträtter,5.3,g
1138,Hamburgare nöt stekt frysvara,Myristinsyra C14:0,Köttprodukter kötträtter,0.6,g
1138,Hamburgare nöt stekt frysvara,Laurinsyra C12:0,Köttprodukter kötträtter,0.0,g
1138,Hamburgare nöt stekt frysvara,Betakaroten/β-Karoten,Köttprodukter kötträtter,34.0,µg
1138,Hamburgare nöt stekt frysvara,Avfall (skal etc.),Köttprodukter kötträtter,0.0,%
1138,Hamburgare nöt stekt frysvara,Aska,Köttprodukter kötträtter,2.3,g
1138,Hamburgare nöt stekt frysvara,Alkohol,Köttprodukter kötträtter,0.0,g
1142,Kålpudding m. vitkål köttfärs,"Zink, Zn",Köttprodukter kötträtter,1.0,mg
1142,Kålpudding m. vitkål köttfärs,Vitamin E,Köttprodukter kötträtter,0.4,mg
1142,Kålpudding m. vitkål köttfärs,Vitamin D,Köttprodukter kötträtter,0.25,µg
1142,Kålpudding m. vitkål köttfärs,Vitamin C,Köttprodukter kötträtter,0.0,mg
1142,Kålpudding m. vitkål köttfärs,Vitamin B6,Köttprodukter kötträtter,0.2,mg
1142,Kålpudding m. vitkål köttfärs,Vitamin B12,Köttprodukter kötträtter,1.5,µg
1142,Kålpudding m. vitkål köttfärs,Vitamin A,Köttprodukter kötträtter,28.8,RE/µg
1142,Kålpudding m. vitkål köttfärs,Vatten,Köttprodukter kötträtter,80.0,g
1142,Kålpudding m. vitkål köttfärs,Tiamin,Köttprodukter kötträtter,0.08,mg
1142,Kålpudding m. vitkål köttfärs,Tillsatt socker,Köttprodukter kötträtter,1.0,g
1142,Kålpudding m. vitkål köttfärs,Fritt socker,Köttprodukter kötträtter,1.0,g
1142,Kålpudding m. vitkål köttfärs,"Selen, Se",Köttprodukter kötträtter,0.5,µg
1142,Kålpudding m. vitkål köttfärs,Sackaros,Köttprodukter kötträtter,0.1,g
1142,Kålpudding m. vitkål köttfärs,Riboflavin,Köttprodukter kötträtter,0.07,mg
1142,Kålpudding m. vitkål köttfärs,Retinol,Köttprodukter kötträtter,25.0,µg
1142,Kålpudding m. vitkål köttfärs,Protein,Köttprodukter kötträtter,6.6,g
1142,Kålpudding m. vitkål köttfärs,Summa fleromättade fettsyror,Köttprodukter kötträtter,0.4,g
1142,Kålpudding m. vitkål köttfärs,"Fosfor, P",Köttprodukter kötträtter,87.0,mg
1142,Kålpudding m. vitkål köttfärs,Niacinekvivalenter,Köttprodukter kötträtter,2.81,NE/mg
1142,Kålpudding m. vitkål köttfärs,Niacin,Köttprodukter kötträtter,1.6,mg
1142,Kålpudding m. vitkål köttfärs,"Salt, NaCl",Köttprodukter kötträtter,0.8,g
1142,Kålpudding m. vitkål köttfärs,"Natrium, Na",Köttprodukter kötträtter,300.0,mg
1142,Kålpudding m. vitkål köttfärs,Monosackarider,Köttprodukter kötträtter,1.8,g
1142,Kålpudding m. vitkål köttfärs,"Sockerarter, totalt",Köttprodukter kötträtter,3.2,g
1142,Kålpudding m. vitkål köttfärs,Summa enkelomättade fettsyror,Köttprodukter kötträtter,2.2,g
1142,Kålpudding m. vitkål köttfärs,"Magnesium, Mg",Köttprodukter kötträtter,18.0,mg
1142,Kålpudding m. vitkål köttfärs,Summa mättade fettsyror,Köttprodukter kötträtter,2.2,g
1142,Kålpudding m. vitkål köttfärs,"Kolhydrater, tillgängliga",Köttprodukter kötträtter,5.7,g
1142,Kålpudding m. vitkål köttfärs,Kolesterol,Köttprodukter kötträtter,19.0,mg
1142,Kålpudding m. vitkål köttfärs,"Kalium, K",Köttprodukter kötträtter,275.0,mg
1142,Kålpudding m. vitkål köttfärs,"Jod, I",Köttprodukter kötträtter,51.9,µg
1142,Kålpudding m. vitkål köttfärs,Fullkorn totalt,Köttprodukter kötträtter,0.0,g
1142,Kålpudding m. vitkål köttfärs,"Folat, totalt",Köttprodukter kötträtter,18.0,µg
1142,Kålpudding m. vitkål köttfärs,Fibrer,Köttprodukter kötträtter,1.1,g
1142,Kålpudding m. vitkål köttfärs,"Fett, totalt",Köttprodukter kötträtter,5.0,g
1142,Kålpudding m. vitkål köttfärs,"Järn, Fe",Köttprodukter kötträtter,0.8,mg
1142,Kålpudding m. vitkål köttfärs,Energi (kJ),Köttprodukter kötträtter,403.0,kJ
1142,Kålpudding m. vitkål köttfärs,Energi (kcal),Köttprodukter kötträtter,96.0,kcal
1142,Kålpudding m. vitkål köttfärs,Disackarider,Köttprodukter kötträtter,1.4,g
1142,Kålpudding m. vitkål köttfärs,"Kalcium, Ca",Köttprodukter kötträtter,75.0,mg
1142,Kålpudding m. vitkål köttfärs,Fettsyra 4:0-10:0,Köttprodukter kötträtter,0.1,g
1142,Kålpudding m. vitkål köttfärs,DHA (C22:6),Köttprodukter kötträtter,0.0,g
1142,Kålpudding m. vitkål köttfärs,DPA (C22:5),Köttprodukter kötträtter,0.0,g
1142,Kålpudding m. vitkål köttfärs,EPA (C20:5),Köttprodukter kötträtter,0.0,g
1142,Kålpudding m. vitkål köttfärs,Arakidonsyra C20:4,Köttprodukter kötträtter,0.0,g
1142,Kålpudding m. vitkål köttfärs,Arakidinsyra C20:0,Köttprodukter kötträtter,0.0,g
1142,Kålpudding m. vitkål köttfärs,Linolensyra C18:3,Köttprodukter kötträtter,0.1,g
1142,Kålpudding m. vitkål köttfärs,Linolsyra C18:2,Köttprodukter kötträtter,0.3,g
1142,Kålpudding m. vitkål köttfärs,Oljesyra C18:1,Köttprodukter kötträtter,2.0,g
1142,Kålpudding m. vitkål köttfärs,Stearinsyra C18:0,Köttprodukter kötträtter,0.6,g
1142,Kålpudding m. vitkål köttfärs,Palmitoljesyra C16:1,Köttprodukter kötträtter,0.2,g
1142,Kålpudding m. vitkål köttfärs,Palmitinsyra C16:0,Köttprodukter kötträtter,1.2,g
1142,Kålpudding m. vitkål köttfärs,Myristinsyra C14:0,Köttprodukter kötträtter,0.2,g
1142,Kålpudding m. vitkål köttfärs,Laurinsyra C12:0,Köttprodukter kötträtter,0.1,g
1142,Kålpudding m. vitkål köttfärs,Betakaroten/β-Karoten,Köttprodukter kötträtter,46.0,µg
1142,Kålpudding m. vitkål köttfärs,Avfall (skal etc.),Köttprodukter kötträtter,0.0,%
1142,Kålpudding m. vitkål köttfärs,Aska,Köttprodukter kötträtter,1.6,g
1142,Kålpudding m. vitkål köttfärs,Alkohol,Köttprodukter kötträtter,0.0,g
1145,Köttfärssås frysvara el. konserv.,"Zink, Zn",Köttprodukter kötträtter,1.7,mg
1145,Köttfärssås frysvara el. konserv.,Vitamin E,Köttprodukter kötträtter,0.8,mg
1145,Köttfärssås frysvara el. konserv.,Vitamin D,Köttprodukter kötträtter,0.48,µg
1145,Köttfärssås frysvara el. konserv.,Vitamin C,Köttprodukter kötträtter,0.0,mg
1145,Köttfärssås frysvara el. konserv.,Vitamin B6,Köttprodukter kötträtter,0.21,mg
1145,Köttfärssås frysvara el. konserv.,Vitamin B12,Köttprodukter kötträtter,1.0,µg
1145,Köttfärssås frysvara el. konserv.,Vitamin A,Köttprodukter kötträtter,56.0,RE/µg
1145,Köttfärssås frysvara el. konserv.,Vatten,Köttprodukter kötträtter,79.0,g
1145,Köttfärssås frysvara el. konserv.,Tiamin,Köttprodukter kötträtter,0.07,mg
1145,Köttfärssås frysvara el. konserv.,Tillsatt socker,Köttprodukter kötträtter,2.0,g
1145,Köttfärssås frysvara el. konserv.,Fritt socker,Köttprodukter kötträtter,2.0,g
1145,Köttfärssås frysvara el. konserv.,"Selen, Se",Köttprodukter kötträtter,1.6,µg
1145,Köttfärssås frysvara el. konserv.,Sackaros,Köttprodukter kötträtter,0.4,g
1145,Köttfärssås frysvara el. konserv.,Riboflavin,Köttprodukter kötträtter,0.08,mg
1145,Köttfärssås frysvara el. konserv.,Retinol,Köttprodukter kötträtter,36.0,µg
1145,Köttfärssås frysvara el. konserv.,Protein,Köttprodukter kötträtter,6.1,g
1145,Köttfärssås frysvara el. konserv.,Summa fleromättade fettsyror,Köttprodukter kötträtter,0.6,g
1145,Köttfärssås frysvara el. konserv.,"Fosfor, P",Köttprodukter kötträtter,67.0,mg
1145,Köttfärssås frysvara el. konserv.,Niacinekvivalenter,Köttprodukter kötträtter,2.72,NE/mg
1145,Köttfärssås frysvara el. konserv.,Niacin,Köttprodukter kötträtter,1.6,mg
1145,Köttfärssås frysvara el. konserv.,"Salt, NaCl",Köttprodukter kötträtter,1.6,g
1145,Köttfärssås frysvara el. konserv.,"Natrium, Na",Köttprodukter kötträtter,620.0,mg
1145,Köttfärssås frysvara el. konserv.,Monosackarider,Köttprodukter kötträtter,2.9,g
1145,Köttfärssås frysvara el. konserv.,"Sockerarter, totalt",Köttprodukter kötträtter,3.3,g
1145,Köttfärssås frysvara el. konserv.,Summa enkelomättade fettsyror,Köttprodukter kötträtter,2.6,g
1145,Köttfärssås frysvara el. konserv.,"Magnesium, Mg",Köttprodukter kötträtter,18.0,mg
1145,Köttfärssås frysvara el. konserv.,Summa mättade fettsyror,Köttprodukter kötträtter,2.2,g
1145,Köttfärssås frysvara el. konserv.,"Kolhydrater, tillgängliga",Köttprodukter kötträtter,5.7,g
1145,Köttfärssås frysvara el. konserv.,Kolesterol,Köttprodukter kötträtter,30.0,mg
1145,Köttfärssås frysvara el. konserv.,"Kalium, K",Köttprodukter kötträtter,250.0,mg
1145,Köttfärssås frysvara el. konserv.,"Jod, I",Köttprodukter kötträtter,26.4,µg
1145,Köttfärssås frysvara el. konserv.,Fullkorn totalt,Köttprodukter kötträtter,0.0,g
1145,Köttfärssås frysvara el. konserv.,"Folat, totalt",Köttprodukter kötträtter,8.0,µg
1145,Köttfärssås frysvara el. konserv.,Fibrer,Köttprodukter kötträtter,1.1,g
1145,Köttfärssås frysvara el. konserv.,"Fett, totalt",Köttprodukter kötträtter,5.8,g
1145,Köttfärssås frysvara el. konserv.,"Järn, Fe",Köttprodukter kötträtter,1.0,mg
1145,Köttfärssås frysvara el. konserv.,Energi (kJ),Köttprodukter kötträtter,424.0,kJ
1145,Köttfärssås frysvara el. konserv.,Energi (kcal),Köttprodukter kötträtter,101.0,kcal
1145,Köttfärssås frysvara el. konserv.,Disackarider,Köttprodukter kötträtter,0.4,g
1145,Köttfärssås frysvara el. konserv.,"Kalcium, Ca",Köttprodukter kötträtter,15.0,mg
1145,Köttfärssås frysvara el. konserv.,Fettsyra 4:0-10:0,Köttprodukter kötträtter,0.0,g
1145,Köttfärssås frysvara el. konserv.,DHA (C22:6),Köttprodukter kötträtter,0.0,g
1145,Köttfärssås frysvara el. konserv.,DPA (C22:5),Köttprodukter kötträtter,0.0,g
1145,Köttfärssås frysvara el. konserv.,EPA (C20:5),Köttprodukter kötträtter,0.0,g
1145,Köttfärssås frysvara el. konserv.,Arakidonsyra C20:4,Köttprodukter kötträtter,0.0,g
1145,Köttfärssås frysvara el. konserv.,Arakidinsyra C20:0,Köttprodukter kötträtter,0.0,g
1145,Köttfärssås frysvara el. konserv.,Linolensyra C18:3,Köttprodukter kötträtter,0.1,g
1145,Köttfärssås frysvara el. konserv.,Linolsyra C18:2,Köttprodukter kötträtter,0.5,g
1145,Köttfärssås frysvara el. konserv.,Oljesyra C18:1,Köttprodukter kötträtter,2.3,g
1145,Köttfärssås frysvara el. konserv.,Stearinsyra C18:0,Köttprodukter kötträtter,0.7,g
1145,Köttfärssås frysvara el. konserv.,Palmitoljesyra C16:1,Köttprodukter kötträtter,0.2,g
1145,Köttfärssås frysvara el. konserv.,Palmitinsyra C16:0,Köttprodukter kötträtter,1.1,g
1145,Köttfärssås frysvara el. konserv.,Myristinsyra C14:0,Köttprodukter kötträtter,0.2,g
1145,Köttfärssås frysvara el. konserv.,Laurinsyra C12:0,Köttprodukter kötträtter,0.1,g
1145,Köttfärssås frysvara el. konserv.,Betakaroten/β-Karoten,Köttprodukter kötträtter,240.0,µg
1145,Köttfärssås frysvara el. konserv.,Avfall (skal etc.),Köttprodukter kötträtter,0.0,%
1145,Köttfärssås frysvara el. konserv.,Aska,Köttprodukter kötträtter,2.3,g
1145,Köttfärssås frysvara el. konserv.,Alkohol,Köttprodukter kötträtter,0.0,g
1146,Kåldolmar stekta u. sås frysvara,"Zink, Zn",Köttprodukter kötträtter,1.1,mg
1146,Kåldolmar stekta u. sås frysvara,Vitamin E,Köttprodukter kötträtter,0.5,mg
1146,Kåldolmar stekta u. sås frysvara,Vitamin D,Köttprodukter kötträtter,0.32,µg
1146,Kåldolmar stekta u. sås frysvara,Vitamin C,Köttprodukter kötträtter,0.0,mg
1146,Kåldolmar stekta u. sås frysvara,Vitamin B6,Köttprodukter kötträtter,0.2,mg
1146,Kåldolmar stekta u. sås frysvara,Vitamin B12,Köttprodukter kötträtter,0.1,µg
1146,Kåldolmar stekta u. sås frysvara,Vitamin A,Köttprodukter kötträtter,34.0,RE/µg
1146,Kåldolmar stekta u. sås frysvara,Vatten,Köttprodukter kötträtter,80.0,g
1146,Kåldolmar stekta u. sås frysvara,Tiamin,Köttprodukter kötträtter,0.14,mg
1146,Kåldolmar stekta u. sås frysvara,Tillsatt socker,Köttprodukter kötträtter,2.0,g
1146,Kåldolmar stekta u. sås frysvara,Fritt socker,Köttprodukter kötträtter,2.0,g
1146,Kåldolmar stekta u. sås frysvara,"Selen, Se",Köttprodukter kötträtter,1.2,µg
1146,Kåldolmar stekta u. sås frysvara,Sackaros,Köttprodukter kötträtter,0.1,g
1146,Kåldolmar stekta u. sås frysvara,Riboflavin,Köttprodukter kötträtter,0.1,mg
1146,Kåldolmar stekta u. sås frysvara,Retinol,Köttprodukter kötträtter,28.0,µg
1146,Kåldolmar stekta u. sås frysvara,Protein,Köttprodukter kötträtter,6.0,g
1146,Kåldolmar stekta u. sås frysvara,Summa fleromättade fettsyror,Köttprodukter kötträtter,0.4,g
1146,Kåldolmar stekta u. sås frysvara,"Fosfor, P",Köttprodukter kötträtter,89.0,mg
1146,Kåldolmar stekta u. sås frysvara,Niacinekvivalenter,Köttprodukter kötträtter,2.7,NE/mg
1146,Kåldolmar stekta u. sås frysvara,Niacin,Köttprodukter kötträtter,1.6,mg
1146,Kåldolmar stekta u. sås frysvara,"Salt, NaCl",Köttprodukter kötträtter,1.0,g
1146,Kåldolmar stekta u. sås frysvara,"Natrium, Na",Köttprodukter kötträtter,415.0,mg
1146,Kåldolmar stekta u. sås frysvara,Monosackarider,Köttprodukter kötträtter,3.8,g
1146,Kåldolmar stekta u. sås frysvara,"Sockerarter, totalt",Köttprodukter kötträtter,4.2,g
1146,Kåldolmar stekta u. sås frysvara,Summa enkelomättade fettsyror,Köttprodukter kötträtter,2.7,g
1146,Kåldolmar stekta u. sås frysvara,"Magnesium, Mg",Köttprodukter kötträtter,17.0,mg
1146,Kåldolmar stekta u. sås frysvara,Summa mättade fettsyror,Köttprodukter kötträtter,2.5,g
1146,Kåldolmar stekta u. sås frysvara,"Kolhydrater, tillgängliga",Köttprodukter kötträtter,4.6,g
1146,Kåldolmar stekta u. sås frysvara,Kolesterol,Köttprodukter kötträtter,30.0,mg
1146,Kåldolmar stekta u. sås frysvara,"Kalium, K",Köttprodukter kötträtter,265.0,mg
1146,Kåldolmar stekta u. sås frysvara,"Jod, I",Köttprodukter kötträtter,16.3,µg
1146,Kåldolmar stekta u. sås frysvara,Fullkorn totalt,Köttprodukter kötträtter,0.0,g
1146,Kåldolmar stekta u. sås frysvara,"Folat, totalt",Köttprodukter kötträtter,29.0,µg
1146,Kåldolmar stekta u. sås frysvara,Fibrer,Köttprodukter kötträtter,1.9,g
1146,Kåldolmar stekta u. sås frysvara,"Fett, totalt",Köttprodukter kötträtter,5.9,g
1146,Kåldolmar stekta u. sås frysvara,"Järn, Fe",Köttprodukter kötträtter,0.8,mg
1146,Kåldolmar stekta u. sås frysvara,Energi (kJ),Köttprodukter kötträtter,414.0,kJ
1146,Kåldolmar stekta u. sås frysvara,Energi (kcal),Köttprodukter kötträtter,99.0,kcal
1146,Kåldolmar stekta u. sås frysvara,Disackarider,Köttprodukter kötträtter,0.4,g
1146,Kåldolmar stekta u. sås frysvara,"Kalcium, Ca",Köttprodukter kötträtter,55.0,mg
1146,Kåldolmar stekta u. sås frysvara,Fettsyra 4:0-10:0,Köttprodukter kötträtter,0.0,g
1146,Kåldolmar stekta u. sås frysvara,DHA (C22:6),Köttprodukter kötträtter,0.0,g
1146,Kåldolmar stekta u. sås frysvara,DPA (C22:5),Köttprodukter kötträtter,0.0,g
1146,Kåldolmar stekta u. sås frysvara,EPA (C20:5),Köttprodukter kötträtter,0.0,g
1146,Kåldolmar stekta u. sås frysvara,Arakidonsyra C20:4,Köttprodukter kötträtter,0.0,g
1146,Kåldolmar stekta u. sås frysvara,Arakidinsyra C20:0,Köttprodukter kötträtter,0.0,g
1146,Kåldolmar stekta u. sås frysvara,Linolensyra C18:3,Köttprodukter kötträtter,0.0,g
1146,Kåldolmar stekta u. sås frysvara,Linolsyra C18:2,Köttprodukter kötträtter,0.2,g
1146,Kåldolmar stekta u. sås frysvara,Oljesyra C18:1,Köttprodukter kötträtter,2.3,g
1146,Kåldolmar stekta u. sås frysvara,Stearinsyra C18:0,Köttprodukter kötträtter,0.7,g
1146,Kåldolmar stekta u. sås frysvara,Palmitoljesyra C16:1,Köttprodukter kötträtter,0.3,g
1146,Kåldolmar stekta u. sås frysvara,Palmitinsyra C16:0,Köttprodukter kötträtter,1.4,g
1146,Kåldolmar stekta u. sås frysvara,Myristinsyra C14:0,Köttprodukter kötträtter,0.2,g
1146,Kåldolmar stekta u. sås frysvara,Laurinsyra C12:0,Köttprodukter kötträtter,0.0,g
1146,Kåldolmar stekta u. sås frysvara,Betakaroten/β-Karoten,Köttprodukter kötträtter,72.0,µg
1146,Kåldolmar stekta u. sås frysvara,Avfall (skal etc.),Köttprodukter kötträtter,0.0,%
1146,Kåldolmar stekta u. sås frysvara,Aska,Köttprodukter kötträtter,1.6,g
1146,Kåldolmar stekta u. sås frysvara,Alkohol,Köttprodukter kötträtter,0.0,g
1147,Kåldolmar stekta värmda m. sås frysvara,"Zink, Zn",Köttprodukter kötträtter,0.6,mg
1147,Kåldolmar stekta värmda m. sås frysvara,Vitamin E,Köttprodukter kötträtter,0.3,mg
1147,Kåldolmar stekta värmda m. sås frysvara,Vitamin D,Köttprodukter kötträtter,0.19,µg
1147,Kåldolmar stekta värmda m. sås frysvara,Vitamin C,Köttprodukter kötträtter,0.0,mg
1147,Kåldolmar stekta värmda m. sås frysvara,Vitamin B6,Köttprodukter kötträtter,0.2,mg
1147,Kåldolmar stekta värmda m. sås frysvara,Vitamin B12,Köttprodukter kötträtter,0.1,µg
1147,Kåldolmar stekta värmda m. sås frysvara,Vitamin A,Köttprodukter kötträtter,16.6,RE/µg
1147,Kåldolmar stekta värmda m. sås frysvara,Vatten,Köttprodukter kötträtter,81.0,g
1147,Kåldolmar stekta värmda m. sås frysvara,Tiamin,Köttprodukter kötträtter,0.06,mg
1147,Kåldolmar stekta värmda m. sås frysvara,Tillsatt socker,Köttprodukter kötträtter,2.0,g
1147,Kåldolmar stekta värmda m. sås frysvara,Fritt socker,Köttprodukter kötträtter,2.0,g
1147,Kåldolmar stekta värmda m. sås frysvara,"Selen, Se",Köttprodukter kötträtter,1.2,µg
1147,Kåldolmar stekta värmda m. sås frysvara,Sackaros,Köttprodukter kötträtter,0.1,g
1147,Kåldolmar stekta värmda m. sås frysvara,Riboflavin,Köttprodukter kötträtter,0.8,mg
1147,Kåldolmar stekta värmda m. sås frysvara,Retinol,Köttprodukter kötträtter,13.0,µg
1147,Kåldolmar stekta värmda m. sås frysvara,Protein,Köttprodukter kötträtter,4.8,g
1147,Kåldolmar stekta värmda m. sås frysvara,Summa fleromättade fettsyror,Köttprodukter kötträtter,0.5,g
1147,Kåldolmar stekta värmda m. sås frysvara,"Fosfor, P",Köttprodukter kötträtter,68.0,mg
1147,Kåldolmar stekta värmda m. sås frysvara,Niacinekvivalenter,Köttprodukter kötträtter,2.48,NE/mg
1147,Kåldolmar stekta värmda m. sås frysvara,Niacin,Köttprodukter kötträtter,1.6,mg
1147,Kåldolmar stekta värmda m. sås frysvara,"Salt, NaCl",Köttprodukter kötträtter,1.0,g
1147,Kåldolmar stekta värmda m. sås frysvara,"Natrium, Na",Köttprodukter kötträtter,405.0,mg
1147,Kåldolmar stekta värmda m. sås frysvara,Monosackarider,Köttprodukter kötträtter,3.8,g
1147,Kåldolmar stekta värmda m. sås frysvara,"Sockerarter, totalt",Köttprodukter kötträtter,4.2,g
1147,Kåldolmar stekta värmda m. sås frysvara,Summa enkelomättade fettsyror,Köttprodukter kötträtter,2.3,g
1147,Kåldolmar stekta värmda m. sås frysvara,"Magnesium, Mg",Köttprodukter kötträtter,11.0,mg
1147,Kåldolmar stekta värmda m. sås frysvara,Summa mättade fettsyror,Köttprodukter kötträtter,2.1,g
1147,Kåldolmar stekta värmda m. sås frysvara,"Kolhydrater, tillgängliga",Köttprodukter kötträtter,6.4,g
1147,Kåldolmar stekta värmda m. sås frysvara,Kolesterol,Köttprodukter kötträtter,18.0,mg
1147,Kåldolmar stekta värmda m. sås frysvara,"Kalium, K",Köttprodukter kötträtter,166.0,mg
1147,Kåldolmar stekta värmda m. sås frysvara,"Jod, I",Köttprodukter kötträtter,16.3,µg
1147,Kåldolmar stekta värmda m. sås frysvara,Fullkorn totalt,Köttprodukter kötträtter,0.0,g
1147,Kåldolmar stekta värmda m. sås frysvara,"Folat, totalt",Köttprodukter kötträtter,17.5,µg
1147,Kåldolmar stekta värmda m. sås frysvara,Fibrer,Köttprodukter kötträtter,1.1,g
1147,Kåldolmar stekta värmda m. sås frysvara,"Fett, totalt",Köttprodukter kötträtter,5.1,g
1147,Kåldolmar stekta värmda m. sås frysvara,"Järn, Fe",Köttprodukter kötträtter,0.6,mg
1147,Kåldolmar stekta värmda m. sås frysvara,Energi (kJ),Köttprodukter kötträtter,388.0,kJ
1147,Kåldolmar stekta värmda m. sås frysvara,Energi (kcal),Köttprodukter kötträtter,93.0,kcal
1147,Kåldolmar stekta värmda m. sås frysvara,Disackarider,Köttprodukter kötträtter,0.4,g
1147,Kåldolmar stekta värmda m. sås frysvara,"Kalcium, Ca",Köttprodukter kötträtter,42.0,mg
1147,Kåldolmar stekta värmda m. sås frysvara,Fettsyra 4:0-10:0,Köttprodukter kötträtter,0.0,g
1147,Kåldolmar stekta värmda m. sås frysvara,DHA (C22:6),Köttprodukter kötträtter,0.0,g
1147,Kåldolmar stekta värmda m. sås frysvara,DPA (C22:5),Köttprodukter kötträtter,0.0,g
1147,Kåldolmar stekta värmda m. sås frysvara,EPA (C20:5),Köttprodukter kötträtter,0.0,g
1147,Kåldolmar stekta värmda m. sås frysvara,Arakidonsyra C20:4,Köttprodukter kötträtter,0.0,g
1147,Kåldolmar stekta värmda m. sås frysvara,Arakidinsyra C20:0,Köttprodukter kötträtter,0.0,g
1147,Kåldolmar stekta värmda m. sås frysvara,Linolensyra C18:3,Köttprodukter kötträtter,0.1,g
1147,Kåldolmar stekta värmda m. sås frysvara,Linolsyra C18:2,Köttprodukter kötträtter,0.4,g
1147,Kåldolmar stekta värmda m. sås frysvara,Oljesyra C18:1,Köttprodukter kötträtter,2.1,g
1147,Kåldolmar stekta värmda m. sås frysvara,Stearinsyra C18:0,Köttprodukter kötträtter,0.6,g
1147,Kåldolmar stekta värmda m. sås frysvara,Palmitoljesyra C16:1,Köttprodukter kötträtter,0.2,g
1147,Kåldolmar stekta värmda m. sås frysvara,Palmitinsyra C16:0,Köttprodukter kötträtter,1.2,g
1147,Kåldolmar stekta värmda m. sås frysvara,Myristinsyra C14:0,Köttprodukter kötträtter,0.2,g
1147,Kåldolmar stekta värmda m. sås frysvara,Laurinsyra C12:0,Köttprodukter kötträtter,0.1,g
1147,Kåldolmar stekta värmda m. sås frysvara,Betakaroten/β-Karoten,Köttprodukter kötträtter,43.0,µg
1147,Kåldolmar stekta värmda m. sås frysvara,Avfall (skal etc.),Köttprodukter kötträtter,0.0,%
1147,Kåldolmar stekta värmda m. sås frysvara,Aska,Köttprodukter kötträtter,1.6,g
1147,Kåldolmar stekta värmda m. sås frysvara,Alkohol,Köttprodukter kötträtter,0.0,g
1148,Köttbullar stekta m. sås frysvara,"Zink, Zn",Köttprodukter kötträtter,1.7,mg
1148,Köttbullar stekta m. sås frysvara,Vitamin E,Köttprodukter kötträtter,0.6,mg
1148,Köttbullar stekta m. sås frysvara,Vitamin D,Köttprodukter kötträtter,0.51,µg
1148,Köttbullar stekta m. sås frysvara,Vitamin C,Köttprodukter kötträtter,0.0,mg
1148,Köttbullar stekta m. sås frysvara,Vitamin B6,Köttprodukter kötträtter,0.37,mg
1148,Köttbullar stekta m. sås frysvara,Vitamin B12,Köttprodukter kötträtter,0.1,µg
1148,Köttbullar stekta m. sås frysvara,Vitamin A,Köttprodukter kötträtter,18.4,RE/µg
1148,Köttbullar stekta m. sås frysvara,Vatten,Köttprodukter kötträtter,74.0,g
1148,Köttbullar stekta m. sås frysvara,Tiamin,Köttprodukter kötträtter,0.07,mg
1148,Köttbullar stekta m. sås frysvara,Tillsatt socker,Köttprodukter kötträtter,1.0,g
1148,Köttbullar stekta m. sås frysvara,Fritt socker,Köttprodukter kötträtter,1.0,g
1148,Köttbullar stekta m. sås frysvara,"Selen, Se",Köttprodukter kötträtter,1.8,µg
1148,Köttbullar stekta m. sås frysvara,Sackaros,Köttprodukter kötträtter,0.1,g
1148,Köttbullar stekta m. sås frysvara,Riboflavin,Köttprodukter kötträtter,0.12,mg
1148,Köttbullar stekta m. sås frysvara,Retinol,Köttprodukter kötträtter,18.0,µg
1148,Köttbullar stekta m. sås frysvara,Protein,Köttprodukter kötträtter,8.0,g
1148,Köttbullar stekta m. sås frysvara,Summa fleromättade fettsyror,Köttprodukter kötträtter,0.6,g
1148,Köttbullar stekta m. sås frysvara,"Fosfor, P",Köttprodukter kötträtter,90.0,mg
1148,Köttbullar stekta m. sås frysvara,Niacinekvivalenter,Köttprodukter kötträtter,2.97,NE/mg
1148,Köttbullar stekta m. sås frysvara,Niacin,Köttprodukter kötträtter,1.5,mg
1148,Köttbullar stekta m. sås frysvara,"Salt, NaCl",Köttprodukter kötträtter,1.3,g
1148,Köttbullar stekta m. sås frysvara,"Natrium, Na",Köttprodukter kötträtter,510.0,mg
1148,Köttbullar stekta m. sås frysvara,Monosackarider,Köttprodukter kötträtter,0.2,g
1148,Köttbullar stekta m. sås frysvara,"Sockerarter, totalt",Köttprodukter kötträtter,1.1,g
1148,Köttbullar stekta m. sås frysvara,Summa enkelomättade fettsyror,Köttprodukter kötträtter,4.6,g
1148,Köttbullar stekta m. sås frysvara,"Magnesium, Mg",Köttprodukter kötträtter,14.0,mg
1148,Köttbullar stekta m. sås frysvara,Summa mättade fettsyror,Köttprodukter kötträtter,4.2,g
1148,Köttbullar stekta m. sås frysvara,"Kolhydrater, tillgängliga",Köttprodukter kötträtter,5.9,g
1148,Köttbullar stekta m. sås frysvara,Kolesterol,Köttprodukter kötträtter,55.0,mg
1148,Köttbullar stekta m. sås frysvara,"Kalium, K",Köttprodukter kötträtter,130.0,mg
1148,Köttbullar stekta m. sås frysvara,"Jod, I",Köttprodukter kötträtter,7.0,µg
1148,Köttbullar stekta m. sås frysvara,Fullkorn totalt,Köttprodukter kötträtter,0.0,g
1148,Köttbullar stekta m. sås frysvara,"Folat, totalt",Köttprodukter kötträtter,4.0,µg
1148,Köttbullar stekta m. sås frysvara,Fibrer,Köttprodukter kötträtter,0.1,g
1148,Köttbullar stekta m. sås frysvara,"Fett, totalt",Köttprodukter kötträtter,10.0,g
1148,Köttbullar stekta m. sås frysvara,"Järn, Fe",Köttprodukter kötträtter,1.0,mg
1148,Köttbullar stekta m. sås frysvara,Energi (kJ),Köttprodukter kötträtter,607.0,kJ
1148,Köttbullar stekta m. sås frysvara,Energi (kcal),Köttprodukter kötträtter,145.0,kcal
1148,Köttbullar stekta m. sås frysvara,Disackarider,Köttprodukter kötträtter,1.0,g
1148,Köttbullar stekta m. sås frysvara,"Kalcium, Ca",Köttprodukter kötträtter,40.0,mg
1148,Köttbullar stekta m. sås frysvara,Fettsyra 4:0-10:0,Köttprodukter kötträtter,0.0,g
1148,Köttbullar stekta m. sås frysvara,DHA (C22:6),Köttprodukter kötträtter,0.0,g
1148,Köttbullar stekta m. sås frysvara,DPA (C22:5),Köttprodukter kötträtter,0.0,g
1148,Köttbullar stekta m. sås frysvara,EPA (C20:5),Köttprodukter kötträtter,0.0,g
1148,Köttbullar stekta m. sås frysvara,Arakidonsyra C20:4,Köttprodukter kötträtter,0.0,g
1148,Köttbullar stekta m. sås frysvara,Arakidinsyra C20:0,Köttprodukter kötträtter,0.0,g
1148,Köttbullar stekta m. sås frysvara,Linolensyra C18:3,Köttprodukter kötträtter,0.1,g
1148,Köttbullar stekta m. sås frysvara,Linolsyra C18:2,Köttprodukter kötträtter,0.4,g
1148,Köttbullar stekta m. sås frysvara,Oljesyra C18:1,Köttprodukter kötträtter,3.9,g
1148,Köttbullar stekta m. sås frysvara,Stearinsyra C18:0,Köttprodukter kötträtter,1.2,g
1148,Köttbullar stekta m. sås frysvara,Palmitoljesyra C16:1,Köttprodukter kötträtter,0.5,g
1148,Köttbullar stekta m. sås frysvara,Palmitinsyra C16:0,Köttprodukter kötträtter,2.5,g
1148,Köttbullar stekta m. sås frysvara,Myristinsyra C14:0,Köttprodukter kötträtter,0.2,g
1148,Köttbullar stekta m. sås frysvara,Laurinsyra C12:0,Köttprodukter kötträtter,0.0,g
1148,Köttbullar stekta m. sås frysvara,Betakaroten/β-Karoten,Köttprodukter kötträtter,5.0,µg
1148,Köttbullar stekta m. sås frysvara,Avfall (skal etc.),Köttprodukter kötträtter,0.0,%
1148,Köttbullar stekta m. sås frysvara,Aska,Köttprodukter kötträtter,2.0,g
1148,Köttbullar stekta m. sås frysvara,Alkohol,Köttprodukter kötträtter,0.0,g
1149,Pannbiff stekt frysvara,"Zink, Zn",Köttprodukter kötträtter,2.8,mg
1149,Pannbiff stekt frysvara,Vitamin E,Köttprodukter kötträtter,0.4,mg
1149,Pannbiff stekt frysvara,Vitamin D,Köttprodukter kötträtter,0.63,µg
1149,Pannbiff stekt frysvara,Vitamin C,Köttprodukter kötträtter,0.0,mg
1149,Pannbiff stekt frysvara,Vitamin B6,Köttprodukter kötträtter,0.37,mg
1149,Pannbiff stekt frysvara,Vitamin B12,Köttprodukter kötträtter,1.5,µg
1149,Pannbiff stekt frysvara,Vitamin A,Köttprodukter kötträtter,22.7,RE/µg
1149,Pannbiff stekt frysvara,Vatten,Köttprodukter kötträtter,61.0,g
1149,Pannbiff stekt frysvara,Tiamin,Köttprodukter kötträtter,0.17,mg
1149,Pannbiff stekt frysvara,Tillsatt socker,Köttprodukter kötträtter,1.0,g
1149,Pannbiff stekt frysvara,Fritt socker,Köttprodukter kötträtter,1.0,g
1149,Pannbiff stekt frysvara,"Selen, Se",Köttprodukter kötträtter,2.0,µg
1149,Pannbiff stekt frysvara,Sackaros,Köttprodukter kötträtter,0.1,g
1149,Pannbiff stekt frysvara,Riboflavin,Köttprodukter kötträtter,0.11,mg
1149,Pannbiff stekt frysvara,Retinol,Köttprodukter kötträtter,22.0,µg
1149,Pannbiff stekt frysvara,Protein,Köttprodukter kötträtter,14.0,g
1149,Pannbiff stekt frysvara,Summa fleromättade fettsyror,Köttprodukter kötträtter,0.8,g
1149,Pannbiff stekt frysvara,"Fosfor, P",Köttprodukter kötträtter,143.0,mg
1149,Pannbiff stekt frysvara,Niacinekvivalenter,Köttprodukter kötträtter,5.77,NE/mg
1149,Pannbiff stekt frysvara,Niacin,Köttprodukter kötträtter,3.2,mg
1149,Pannbiff stekt frysvara,"Salt, NaCl",Köttprodukter kötträtter,1.8,g
1149,Pannbiff stekt frysvara,"Natrium, Na",Köttprodukter kötträtter,740.0,mg
1149,Pannbiff stekt frysvara,Monosackarider,Köttprodukter kötträtter,0.2,g
1149,Pannbiff stekt frysvara,"Sockerarter, totalt",Köttprodukter kötträtter,1.1,g
1149,Pannbiff stekt frysvara,Summa enkelomättade fettsyror,Köttprodukter kötträtter,6.5,g
1149,Pannbiff stekt frysvara,"Magnesium, Mg",Köttprodukter kötträtter,25.0,mg
1149,Pannbiff stekt frysvara,Summa mättade fettsyror,Köttprodukter kötträtter,5.9,g
1149,Pannbiff stekt frysvara,"Kolhydrater, tillgängliga",Köttprodukter kötträtter,7.6,g
1149,Pannbiff stekt frysvara,Kolesterol,Köttprodukter kötträtter,65.0,mg
1149,Pannbiff stekt frysvara,"Kalium, K",Köttprodukter kötträtter,370.0,mg
1149,Pannbiff stekt frysvara,"Jod, I",Köttprodukter kötträtter,7.0,µg
1149,Pannbiff stekt frysvara,Fullkorn totalt,Köttprodukter kötträtter,0.0,g
1149,Pannbiff stekt frysvara,"Folat, totalt",Köttprodukter kötträtter,7.0,µg
1149,Pannbiff stekt frysvara,Fibrer,Köttprodukter kötträtter,0.3,g
1149,Pannbiff stekt frysvara,"Fett, totalt",Köttprodukter kötträtter,14.1,g
1149,Pannbiff stekt frysvara,"Järn, Fe",Köttprodukter kötträtter,1.6,mg
1149,Pannbiff stekt frysvara,Energi (kJ),Köttprodukter kötträtter,891.0,kJ
1149,Pannbiff stekt frysvara,Energi (kcal),Köttprodukter kötträtter,213.0,kcal
1149,Pannbiff stekt frysvara,Disackarider,Köttprodukter kötträtter,0.9,g
1149,Pannbiff stekt frysvara,"Kalcium, Ca",Köttprodukter kötträtter,34.0,mg
1149,Pannbiff stekt frysvara,Fettsyra 4:0-10:0,Köttprodukter kötträtter,0.0,g
1149,Pannbiff stekt frysvara,DHA (C22:6),Köttprodukter kötträtter,0.0,g
1149,Pannbiff stekt frysvara,DPA (C22:5),Köttprodukter kötträtter,0.0,g
1149,Pannbiff stekt frysvara,EPA (C20:5),Köttprodukter kötträtter,0.0,g
1149,Pannbiff stekt frysvara,Arakidonsyra C20:4,Köttprodukter kötträtter,0.0,g
1149,Pannbiff stekt frysvara,Arakidinsyra C20:0,Köttprodukter kötträtter,0.0,g
1149,Pannbiff stekt frysvara,Linolensyra C18:3,Köttprodukter kötträtter,0.1,g
1149,Pannbiff stekt frysvara,Linolsyra C18:2,Köttprodukter kötträtter,0.6,g
1149,Pannbiff stekt frysvara,Oljesyra C18:1,Köttprodukter kötträtter,5.5,g
1149,Pannbiff stekt frysvara,Stearinsyra C18:0,Köttprodukter kötträtter,1.7,g
1149,Pannbiff stekt frysvara,Palmitoljesyra C16:1,Köttprodukter kötträtter,0.6,g
1149,Pannbiff stekt frysvara,Palmitinsyra C16:0,Köttprodukter kötträtter,3.5,g
1149,Pannbiff stekt frysvara,Myristinsyra C14:0,Köttprodukter kötträtter,0.4,g
1149,Pannbiff stekt frysvara,Laurinsyra C12:0,Köttprodukter kötträtter,0.0,g
1149,Pannbiff stekt frysvara,Betakaroten/β-Karoten,Köttprodukter kötträtter,8.0,µg
1149,Pannbiff stekt frysvara,Avfall (skal etc.),Köttprodukter kötträtter,0.0,%
1149,Pannbiff stekt frysvara,Aska,Köttprodukter kötträtter,3.0,g
1149,Pannbiff stekt frysvara,Alkohol,Köttprodukter kötträtter,0.0,g
1151,Anka bröst rå,"Zink, Zn",Fågel ,0.7,mg
1151,Anka bröst rå,Vitamin E,Fågel ,0.1,mg
1151,Anka bröst rå,Vitamin D,Fågel ,0.4,µg
1151,Anka bröst rå,Vitamin C,Fågel ,0.0,mg
1151,Anka bröst rå,Vitamin B6,Fågel ,0.63,mg
1151,Anka bröst rå,Vitamin B12,Fågel ,0.8,µg
1151,Anka bröst rå,Vitamin A,Fågel ,16.0,RE/µg
1151,Anka bröst rå,Vatten,Fågel ,74.5,g
1151,Anka bröst rå,Tiamin,Fågel ,0.42,mg
1151,Anka bröst rå,Tillsatt socker,Fågel ,0.0,g
1151,Anka bröst rå,Fritt socker,Fågel ,0.0,g
1151,Anka bröst rå,"Selen, Se",Fågel ,20.0,µg
1151,Anka bröst rå,Sackaros,Fågel ,0.0,g
1151,Anka bröst rå,Riboflavin,Fågel ,0.31,mg
1151,Anka bröst rå,Retinol,Fågel ,16.0,µg
1151,Anka bröst rå,Protein,Fågel ,19.9,g
1151,Anka bröst rå,Summa fleromättade fettsyror,Fågel ,0.6,g
1151,Anka bröst rå,"Fosfor, P",Fågel ,186.0,mg
1151,Anka bröst rå,Niacinekvivalenter,Fågel ,7.05,NE/mg
1151,Anka bröst rå,Niacin,Fågel ,3.4,mg
1151,Anka bröst rå,"Salt, NaCl",Fågel ,0.1,g
1151,Anka bröst rå,"Natrium, Na",Fågel ,57.0,mg
1151,Anka bröst rå,Monosackarider,Fågel ,0.0,g
1151,Anka bröst rå,"Sockerarter, totalt",Fågel ,0.0,g
1151,Anka bröst rå,Summa enkelomättade fettsyror,Fågel ,1.2,g
1151,Anka bröst rå,"Magnesium, Mg",Fågel ,22.0,mg
1151,Anka bröst rå,Summa mättade fettsyror,Fågel ,1.3,g
1151,Anka bröst rå,"Kolhydrater, tillgängliga",Fågel ,0.0,g
1151,Anka bröst rå,Kolesterol,Fågel ,80.0,mg
1151,Anka bröst rå,"Kalium, K",Fågel ,270.0,mg
1151,Anka bröst rå,"Jod, I",Fågel ,1.0,µg
1151,Anka bröst rå,Fullkorn totalt,Fågel ,0.0,g
1151,Anka bröst rå,"Folat, totalt",Fågel ,25.0,µg
1151,Anka bröst rå,Fibrer,Fågel ,0.0,g
1151,Anka bröst rå,"Fett, totalt",Fågel ,4.3,g
1151,Anka bröst rå,"Järn, Fe",Fågel ,4.5,mg
1151,Anka bröst rå,Energi (kJ),Fågel ,497.0,kJ
1151,Anka bröst rå,Energi (kcal),Fågel ,119.0,kcal
1151,Anka bröst rå,Disackarider,Fågel ,0.0,g
1151,Anka bröst rå,"Kalcium, Ca",Fågel ,3.0,mg
1151,Anka bröst rå,Fettsyra 4:0-10:0,Fågel ,0.0,g
1151,Anka bröst rå,DHA (C22:6),Fågel ,0.0,g
1151,Anka bröst rå,DPA (C22:5),Fågel ,0.0,g
1151,Anka bröst rå,EPA (C20:5),Fågel ,0.0,g
1151,Anka bröst rå,Arakidonsyra C20:4,Fågel ,0.0,g
1151,Anka bröst rå,Arakidinsyra C20:0,Fågel ,0.0,g
1151,Anka bröst rå,Linolensyra C18:3,Fågel ,0.1,g
1151,Anka bröst rå,Linolsyra C18:2,Fågel ,0.5,g
1151,Anka bröst rå,Oljesyra C18:1,Fågel ,1.0,g
1151,Anka bröst rå,Stearinsyra C18:0,Fågel ,0.3,g
1151,Anka bröst rå,Palmitoljesyra C16:1,Fågel ,0.2,g
1151,Anka bröst rå,Palmitinsyra C16:0,Fågel ,0.7,g
1151,Anka bröst rå,Myristinsyra C14:0,Fågel ,0.1,g
1151,Anka bröst rå,Laurinsyra C12:0,Fågel ,0.0,g
1151,Anka bröst rå,Betakaroten/β-Karoten,Fågel ,0.0,µg
1151,Anka bröst rå,Avfall (skal etc.),Fågel ,0.0,%
1151,Anka bröst rå,Aska,Fågel ,1.3,g
1151,Anka bröst rå,Alkohol,Fågel ,0.0,g
1153,Anka rå m. skinn,"Zink, Zn",Fågel ,1.4,mg
1153,Anka rå m. skinn,Vitamin E,Fågel ,0.5,mg
1153,Anka rå m. skinn,Vitamin D,Fågel ,1.4,µg
1153,Anka rå m. skinn,Vitamin C,Fågel ,3.0,mg
1153,Anka rå m. skinn,Vitamin B6,Fågel ,0.19,mg
1153,Anka rå m. skinn,Vitamin B12,Fågel ,0.2,µg
1153,Anka rå m. skinn,Vitamin A,Fågel ,51.0,RE/µg
1153,Anka rå m. skinn,Vatten,Fågel ,48.3,g
1153,Anka rå m. skinn,Tiamin,Fågel ,0.2,mg
1153,Anka rå m. skinn,Tillsatt socker,Fågel ,0.0,g
1153,Anka rå m. skinn,Fritt socker,Fågel ,0.0,g
1153,Anka rå m. skinn,"Selen, Se",Fågel ,20.0,µg
1153,Anka rå m. skinn,Sackaros,Fågel ,0.0,g
1153,Anka rå m. skinn,Riboflavin,Fågel ,0.21,mg
1153,Anka rå m. skinn,Retinol,Fågel ,51.0,µg
1153,Anka rå m. skinn,Protein,Fågel ,11.5,g
1153,Anka rå m. skinn,Summa fleromättade fettsyror,Fågel ,5.1,g
1153,Anka rå m. skinn,"Fosfor, P",Fågel ,139.0,mg
1153,Anka rå m. skinn,Niacinekvivalenter,Fågel ,6.11,NE/mg
1153,Anka rå m. skinn,Niacin,Fågel ,4.0,mg
1153,Anka rå m. skinn,"Salt, NaCl",Fågel ,0.2,g
1153,Anka rå m. skinn,"Natrium, Na",Fågel ,63.0,mg
1153,Anka rå m. skinn,Monosackarider,Fågel ,0.0,g
1153,Anka rå m. skinn,"Sockerarter, totalt",Fågel ,0.0,g
1153,Anka rå m. skinn,Summa enkelomättade fettsyror,Fågel ,18.7,g
1153,Anka rå m. skinn,"Magnesium, Mg",Fågel ,20.0,mg
1153,Anka rå m. skinn,Summa mättade fettsyror,Fågel ,13.2,g
1153,Anka rå m. skinn,"Kolhydrater, tillgängliga",Fågel ,0.0,g
1153,Anka rå m. skinn,Kolesterol,Fågel ,76.0,mg
1153,Anka rå m. skinn,"Kalium, K",Fågel ,210.0,mg
1153,Anka rå m. skinn,"Jod, I",Fågel ,1.2,µg
1153,Anka rå m. skinn,Fullkorn totalt,Fågel ,0.0,g
1153,Anka rå m. skinn,"Folat, totalt",Fågel ,13.0,µg
1153,Anka rå m. skinn,Fibrer,Fågel ,0.0,g
1153,Anka rå m. skinn,"Fett, totalt",Fågel ,39.5,g
1153,Anka rå m. skinn,"Järn, Fe",Fågel ,1.2,mg
1153,Anka rå m. skinn,Energi (kJ),Fågel ,1657.0,kJ
1153,Anka rå m. skinn,Energi (kcal),Fågel ,396.0,kcal
1153,Anka rå m. skinn,Disackarider,Fågel ,0.0,g
1153,Anka rå m. skinn,"Kalcium, Ca",Fågel ,11.0,mg
1153,Anka rå m. skinn,Fettsyra 4:0-10:0,Fågel ,0.0,g
1153,Anka rå m. skinn,DHA (C22:6),Fågel ,0.0,g
1153,Anka rå m. skinn,DPA (C22:5),Fågel ,0.0,g
1153,Anka rå m. skinn,EPA (C20:5),Fågel ,0.0,g
1153,Anka rå m. skinn,Arakidonsyra C20:4,Fågel ,0.0,g
1153,Anka rå m. skinn,Arakidinsyra C20:0,Fågel ,0.0,g
1153,Anka rå m. skinn,Linolensyra C18:3,Fågel ,0.4,g
1153,Anka rå m. skinn,Linolsyra C18:2,Fågel ,4.7,g
1153,Anka rå m. skinn,Oljesyra C18:1,Fågel ,16.7,g
1153,Anka rå m. skinn,Stearinsyra C18:0,Fågel ,3.2,g
1153,Anka rå m. skinn,Palmitoljesyra C16:1,Fågel ,1.6,g
1153,Anka rå m. skinn,Palmitinsyra C16:0,Fågel ,9.6,g
1153,Anka rå m. skinn,Myristinsyra C14:0,Fågel ,0.3,g
1153,Anka rå m. skinn,Laurinsyra C12:0,Fågel ,0.0,g
1153,Anka rå m. skinn,Betakaroten/β-Karoten,Fågel ,0.0,µg
1153,Anka rå m. skinn,Avfall (skal etc.),Fågel ,28.0,%
1153,Anka rå m. skinn,Aska,Fågel ,0.7,g
1153,Anka rå m. skinn,Alkohol,Fågel ,0.0,g
1154,Duva rå,"Zink, Zn",Fågel ,0.9,mg
1154,Duva rå,Vitamin E,Fågel ,0.1,mg
1154,Duva rå,Vitamin D,Fågel ,0.4,µg
1154,Duva rå,Vitamin C,Fågel ,0.0,mg
1154,Duva rå,Vitamin B6,Fågel ,0.74,mg
1154,Duva rå,Vitamin B12,Fågel ,0.8,µg
1154,Duva rå,Vitamin A,Fågel ,49.0,RE/µg
1154,Duva rå,Vatten,Fågel ,73.8,g
1154,Duva rå,Tiamin,Fågel ,0.1,mg
1154,Duva rå,Tillsatt socker,Fågel ,0.0,g
1154,Duva rå,Fritt socker,Fågel ,0.0,g
1154,Duva rå,"Selen, Se",Fågel ,20.0,µg
1154,Duva rå,Sackaros,Fågel ,0.0,g
1154,Duva rå,Riboflavin,Fågel ,0.28,mg
1154,Duva rå,Retinol,Fågel ,49.0,µg
1154,Duva rå,Protein,Fågel ,17.5,g
1154,Duva rå,Summa fleromättade fettsyror,Fågel ,1.6,g
1154,Duva rå,"Fosfor, P",Fågel ,220.0,mg
1154,Duva rå,Niacinekvivalenter,Fågel ,10.11,NE/mg
1154,Duva rå,Niacin,Fågel ,6.9,mg
1154,Duva rå,"Salt, NaCl",Fågel ,0.2,g
1154,Duva rå,"Natrium, Na",Fågel ,90.0,mg
1154,Duva rå,Monosackarider,Fågel ,0.0,g
1154,Duva rå,"Sockerarter, totalt",Fågel ,0.0,g
1154,Duva rå,Summa enkelomättade fettsyror,Fågel ,2.7,g
1154,Duva rå,"Magnesium, Mg",Fågel ,36.0,mg
1154,Duva rå,Summa mättade fettsyror,Fågel ,2.0,g
1154,Duva rå,"Kolhydrater, tillgängliga",Fågel ,0.0,g
1154,Duva rå,Kolesterol,Fågel ,77.0,mg
1154,Duva rå,"Kalium, K",Fågel ,330.0,mg
1154,Duva rå,"Jod, I",Fågel ,28.0,µg
1154,Duva rå,Fullkorn totalt,Fågel ,0.0,g
1154,Duva rå,"Folat, totalt",Fågel ,25.0,µg
1154,Duva rå,Fibrer,Fågel ,0.0,g
1154,Duva rå,"Fett, totalt",Fågel ,7.5,g
1154,Duva rå,"Järn, Fe",Fågel ,7.5,mg
1154,Duva rå,Energi (kJ),Fågel ,575.0,kJ
1154,Duva rå,Energi (kcal),Fågel ,137.0,kcal
1154,Duva rå,Disackarider,Fågel ,0.0,g
1154,Duva rå,"Kalcium, Ca",Fågel ,45.0,mg
1154,Duva rå,Fettsyra 4:0-10:0,Fågel ,0.0,g
1154,Duva rå,DHA (C22:6),Fågel ,0.0,g
1154,Duva rå,DPA (C22:5),Fågel ,0.1,g
1154,Duva rå,EPA (C20:5),Fågel ,0.0,g
1154,Duva rå,Arakidonsyra C20:4,Fågel ,0.2,g
1154,Duva rå,Arakidinsyra C20:0,Fågel ,0.0,g
1154,Duva rå,Linolensyra C18:3,Fågel ,0.0,g
1154,Duva rå,Linolsyra C18:2,Fågel ,1.0,g
1154,Duva rå,Oljesyra C18:1,Fågel ,2.4,g
1154,Duva rå,Stearinsyra C18:0,Fågel ,0.9,g
1154,Duva rå,Palmitoljesyra C16:1,Fågel ,0.3,g
1154,Duva rå,Palmitinsyra C16:0,Fågel ,1.0,g
1154,Duva rå,Myristinsyra C14:0,Fågel ,0.0,g
1154,Duva rå,Laurinsyra C12:0,Fågel ,0.0,g
1154,Duva rå,Betakaroten/β-Karoten,Fågel ,0.0,µg
1154,Duva rå,Avfall (skal etc.),Fågel ,0.0,%
1154,Duva rå,Aska,Fågel ,1.2,g
1154,Duva rå,Alkohol,Fågel ,0.0,g
1155,Duva rå m. skinn,"Zink, Zn",Fågel ,0.8,mg
1155,Duva rå m. skinn,Vitamin E,Fågel ,0.1,mg
1155,Duva rå m. skinn,Vitamin D,Fågel ,1.4,µg
1155,Duva rå m. skinn,Vitamin C,Fågel ,0.0,mg
1155,Duva rå m. skinn,Vitamin B6,Fågel ,0.66,mg
1155,Duva rå m. skinn,Vitamin B12,Fågel ,0.8,µg
1155,Duva rå m. skinn,Vitamin A,Fågel ,53.0,RE/µg
1155,Duva rå m. skinn,Vatten,Fågel ,56.1,g
1155,Duva rå m. skinn,Tiamin,Fågel ,0.1,mg
1155,Duva rå m. skinn,Tillsatt socker,Fågel ,0.0,g
1155,Duva rå m. skinn,Fritt socker,Fågel ,0.0,g
1155,Duva rå m. skinn,"Selen, Se",Fågel ,20.0,µg
1155,Duva rå m. skinn,Sackaros,Fågel ,0.0,g
1155,Duva rå m. skinn,Riboflavin,Fågel ,0.28,mg
1155,Duva rå m. skinn,Retinol,Fågel ,53.0,µg
1155,Duva rå m. skinn,Protein,Fågel ,18.5,g
1155,Duva rå m. skinn,Summa fleromättade fettsyror,Fågel ,3.1,g
1155,Duva rå m. skinn,"Fosfor, P",Fågel ,220.0,mg
1155,Duva rå m. skinn,Niacinekvivalenter,Fågel ,8.69,NE/mg
1155,Duva rå m. skinn,Niacin,Fågel ,5.3,mg
1155,Duva rå m. skinn,"Salt, NaCl",Fågel ,0.2,g
1155,Duva rå m. skinn,"Natrium, Na",Fågel ,90.0,mg
1155,Duva rå m. skinn,Monosackarider,Fågel ,0.0,g
1155,Duva rå m. skinn,"Sockerarter, totalt",Fågel ,0.0,g
1155,Duva rå m. skinn,Summa enkelomättade fettsyror,Fågel ,9.7,g
1155,Duva rå m. skinn,"Magnesium, Mg",Fågel ,36.0,mg
1155,Duva rå m. skinn,Summa mättade fettsyror,Fågel ,8.4,g
1155,Duva rå m. skinn,"Kolhydrater, tillgängliga",Fågel ,0.0,g
1155,Duva rå m. skinn,Kolesterol,Fågel ,77.0,mg
1155,Duva rå m. skinn,"Kalium, K",Fågel ,330.0,mg
1155,Duva rå m. skinn,"Jod, I",Fågel ,8.0,µg
1155,Duva rå m. skinn,Fullkorn totalt,Fågel ,0.0,g
1155,Duva rå m. skinn,"Folat, totalt",Fågel ,13.0,µg
1155,Duva rå m. skinn,Fibrer,Fågel ,0.0,g
1155,Duva rå m. skinn,"Fett, totalt",Fågel ,24.0,g
1155,Duva rå m. skinn,"Järn, Fe",Fågel ,7.5,mg
1155,Duva rå m. skinn,Energi (kJ),Fågel ,1202.0,kJ
1155,Duva rå m. skinn,Energi (kcal),Fågel ,287.0,kcal
1155,Duva rå m. skinn,Disackarider,Fågel ,0.0,g
1155,Duva rå m. skinn,"Kalcium, Ca",Fågel ,45.0,mg
1155,Duva rå m. skinn,Fettsyra 4:0-10:0,Fågel ,0.0,g
1155,Duva rå m. skinn,DHA (C22:6),Fågel ,0.0,g
1155,Duva rå m. skinn,DPA (C22:5),Fågel ,0.1,g
1155,Duva rå m. skinn,EPA (C20:5),Fågel ,0.0,g
1155,Duva rå m. skinn,Arakidonsyra C20:4,Fågel ,0.2,g
1155,Duva rå m. skinn,Arakidinsyra C20:0,Fågel ,0.0,g
1155,Duva rå m. skinn,Linolensyra C18:3,Fågel ,0.0,g
1155,Duva rå m. skinn,Linolsyra C18:2,Fågel ,2.7,g
1155,Duva rå m. skinn,Oljesyra C18:1,Fågel ,6.2,g
1155,Duva rå m. skinn,Stearinsyra C18:0,Fågel ,2.7,g
1155,Duva rå m. skinn,Palmitoljesyra C16:1,Fågel ,3.5,g
1155,Duva rå m. skinn,Palmitinsyra C16:0,Fågel ,4.8,g
1155,Duva rå m. skinn,Myristinsyra C14:0,Fågel ,0.0,g
1155,Duva rå m. skinn,Laurinsyra C12:0,Fågel ,0.0,g
1155,Duva rå m. skinn,Betakaroten/β-Karoten,Fågel ,0.0,µg
1155,Duva rå m. skinn,Avfall (skal etc.),Fågel ,23.0,%
1155,Duva rå m. skinn,Aska,Fågel ,1.4,g
1155,Duva rå m. skinn,Alkohol,Fågel ,0.0,g
1156,Fasan rå,"Zink, Zn",Fågel ,1.0,mg
1156,Fasan rå,Vitamin E,Fågel ,0.1,mg
1156,Fasan rå,Vitamin D,Fågel ,0.4,µg
1156,Fasan rå,Vitamin C,Fågel ,0.0,mg
1156,Fasan rå,Vitamin B6,Fågel ,0.74,mg
1156,Fasan rå,Vitamin B12,Fågel ,0.8,µg
1156,Fasan rå,Vitamin A,Fågel ,49.0,RE/µg
1156,Fasan rå,Vatten,Fågel ,71.5,g
1156,Fasan rå,Tiamin,Fågel ,0.08,mg
1156,Fasan rå,Tillsatt socker,Fågel ,0.0,g
1156,Fasan rå,Fritt socker,Fågel ,0.0,g
1156,Fasan rå,"Selen, Se",Fågel ,20.0,µg
1156,Fasan rå,Sackaros,Fågel ,0.0,g
1156,Fasan rå,Riboflavin,Fågel ,0.15,mg
1156,Fasan rå,Retinol,Fågel ,49.0,µg
1156,Fasan rå,Protein,Fågel ,23.5,g
1156,Fasan rå,Summa fleromättade fettsyror,Fågel ,0.6,g
1156,Fasan rå,"Fosfor, P",Fågel ,230.0,mg
1156,Fasan rå,Niacinekvivalenter,Fågel ,11.11,NE/mg
1156,Fasan rå,Niacin,Fågel ,6.8,mg
1156,Fasan rå,"Salt, NaCl",Fågel ,0.1,g
1156,Fasan rå,"Natrium, Na",Fågel ,37.0,mg
1156,Fasan rå,Monosackarider,Fågel ,0.0,g
1156,Fasan rå,"Sockerarter, totalt",Fågel ,0.0,g
1156,Fasan rå,Summa enkelomättade fettsyror,Fågel ,1.2,g
1156,Fasan rå,"Magnesium, Mg",Fågel ,20.0,mg
1156,Fasan rå,Summa mättade fettsyror,Fågel ,1.2,g
1156,Fasan rå,"Kolhydrater, tillgängliga",Fågel ,0.0,g
1156,Fasan rå,Kolesterol,Fågel ,77.0,mg
1156,Fasan rå,"Kalium, K",Fågel ,260.0,mg
1156,Fasan rå,"Jod, I",Fågel ,8.0,µg
1156,Fasan rå,Fullkorn totalt,Fågel ,0.0,g
1156,Fasan rå,"Folat, totalt",Fågel ,7.0,µg
1156,Fasan rå,Fibrer,Fågel ,0.0,g
1156,Fasan rå,"Fett, totalt",Fågel ,3.6,g
1156,Fasan rå,"Järn, Fe",Fågel ,1.2,mg
1156,Fasan rå,Energi (kJ),Fågel ,533.0,kJ
1156,Fasan rå,Energi (kcal),Fågel ,127.0,kcal
1156,Fasan rå,Disackarider,Fågel ,0.0,g
1156,Fasan rå,"Kalcium, Ca",Fågel ,13.0,mg
1156,Fasan rå,Fettsyra 4:0-10:0,Fågel ,0.0,g
1156,Fasan rå,DHA (C22:6),Fågel ,0.0,g
1156,Fasan rå,DPA (C22:5),Fågel ,0.0,g
1156,Fasan rå,EPA (C20:5),Fågel ,0.0,g
1156,Fasan rå,Arakidonsyra C20:4,Fågel ,0.0,g
1156,Fasan rå,Arakidinsyra C20:0,Fågel ,0.0,g
1156,Fasan rå,Linolensyra C18:3,Fågel ,0.1,g
1156,Fasan rå,Linolsyra C18:2,Fågel ,0.5,g
1156,Fasan rå,Oljesyra C18:1,Fågel ,1.0,g
1156,Fasan rå,Stearinsyra C18:0,Fågel ,0.4,g
1156,Fasan rå,Palmitoljesyra C16:1,Fågel ,0.2,g
1156,Fasan rå,Palmitinsyra C16:0,Fågel ,0.7,g
1156,Fasan rå,Myristinsyra C14:0,Fågel ,0.0,g
1156,Fasan rå,Laurinsyra C12:0,Fågel ,0.0,g
1156,Fasan rå,Betakaroten/β-Karoten,Fågel ,0.0,µg
1156,Fasan rå,Avfall (skal etc.),Fågel ,0.0,%
1156,Fasan rå,Aska,Fågel ,1.4,g
1156,Fasan rå,Alkohol,Fågel ,0.0,g
1157,Fasan rå m. skinn,"Zink, Zn",Fågel ,1.0,mg
1157,Fasan rå m. skinn,Vitamin E,Fågel ,0.1,mg
1157,Fasan rå m. skinn,Vitamin D,Fågel ,1.4,µg
1157,Fasan rå m. skinn,Vitamin C,Fågel ,0.0,mg
1157,Fasan rå m. skinn,Vitamin B6,Fågel ,0.66,mg
1157,Fasan rå m. skinn,Vitamin B12,Fågel ,0.8,µg
1157,Fasan rå m. skinn,Vitamin A,Fågel ,53.0,RE/µg
1157,Fasan rå m. skinn,Vatten,Fågel ,66.9,g
1157,Fasan rå m. skinn,Tiamin,Fågel ,0.07,mg
1157,Fasan rå m. skinn,Tillsatt socker,Fågel ,0.0,g
1157,Fasan rå m. skinn,Fritt socker,Fågel ,0.0,g
1157,Fasan rå m. skinn,"Selen, Se",Fågel ,20.0,µg
1157,Fasan rå m. skinn,Sackaros,Fågel ,0.0,g
1157,Fasan rå m. skinn,Riboflavin,Fågel ,0.14,mg
1157,Fasan rå m. skinn,Retinol,Fågel ,53.0,µg
1157,Fasan rå m. skinn,Protein,Fågel ,22.5,g
1157,Fasan rå m. skinn,Summa fleromättade fettsyror,Fågel ,1.2,g
1157,Fasan rå m. skinn,"Fosfor, P",Fågel ,215.0,mg
1157,Fasan rå m. skinn,Niacinekvivalenter,Fågel ,10.53,NE/mg
1157,Fasan rå m. skinn,Niacin,Fågel ,6.4,mg
1157,Fasan rå m. skinn,"Salt, NaCl",Fågel ,0.1,g
1157,Fasan rå m. skinn,"Natrium, Na",Fågel ,40.0,mg
1157,Fasan rå m. skinn,Monosackarider,Fågel ,0.0,g
1157,Fasan rå m. skinn,"Sockerarter, totalt",Fågel ,0.0,g
1157,Fasan rå m. skinn,Summa enkelomättade fettsyror,Fågel ,4.3,g
1157,Fasan rå m. skinn,"Magnesium, Mg",Fågel ,20.0,mg
1157,Fasan rå m. skinn,Summa mättade fettsyror,Fågel ,2.7,g
1157,Fasan rå m. skinn,"Kolhydrater, tillgängliga",Fågel ,0.0,g
1157,Fasan rå m. skinn,Kolesterol,Fågel ,77.0,mg
1157,Fasan rå m. skinn,"Kalium, K",Fågel ,245.0,mg
1157,Fasan rå m. skinn,"Jod, I",Fågel ,8.0,µg
1157,Fasan rå m. skinn,Fullkorn totalt,Fågel ,0.0,g
1157,Fasan rå m. skinn,"Folat, totalt",Fågel ,6.0,µg
1157,Fasan rå m. skinn,Fibrer,Fågel ,0.0,g
1157,Fasan rå m. skinn,"Fett, totalt",Fågel ,9.3,g
1157,Fasan rå m. skinn,"Järn, Fe",Fågel ,1.2,mg
1157,Fasan rå m. skinn,Energi (kJ),Fågel ,727.0,kJ
1157,Fasan rå m. skinn,Energi (kcal),Fågel ,174.0,kcal
1157,Fasan rå m. skinn,Disackarider,Fågel ,0.0,g
1157,Fasan rå m. skinn,"Kalcium, Ca",Fågel ,12.0,mg
1157,Fasan rå m. skinn,Fettsyra 4:0-10:0,Fågel ,0.0,g
1157,Fasan rå m. skinn,DHA (C22:6),Fågel ,0.0,g
1157,Fasan rå m. skinn,DPA (C22:5),Fågel ,0.0,g
1157,Fasan rå m. skinn,EPA (C20:5),Fågel ,0.0,g
1157,Fasan rå m. skinn,Arakidonsyra C20:4,Fågel ,0.0,g
1157,Fasan rå m. skinn,Arakidinsyra C20:0,Fågel ,0.0,g
1157,Fasan rå m. skinn,Linolensyra C18:3,Fågel ,0.1,g
1157,Fasan rå m. skinn,Linolsyra C18:2,Fågel ,0.8,g
1157,Fasan rå m. skinn,Oljesyra C18:1,Fågel ,3.1,g
1157,Fasan rå m. skinn,Stearinsyra C18:0,Fågel ,0.6,g
1157,Fasan rå m. skinn,Palmitoljesyra C16:1,Fågel ,0.8,g
1157,Fasan rå m. skinn,Palmitinsyra C16:0,Fågel ,2.2,g
1157,Fasan rå m. skinn,Myristinsyra C14:0,Fågel ,0.1,g
1157,Fasan rå m. skinn,Laurinsyra C12:0,Fågel ,0.0,g
1157,Fasan rå m. skinn,Betakaroten/β-Karoten,Fågel ,0.0,µg
1157,Fasan rå m. skinn,Avfall (skal etc.),Fågel ,14.0,%
1157,Fasan rå m. skinn,Aska,Fågel ,1.3,g
1157,Fasan rå m. skinn,Alkohol,Fågel ,0.0,g
1158,Gås rå,"Zink, Zn",Fågel ,1.4,mg
1158,Gås rå,Vitamin E,Fågel ,0.3,mg
1158,Gås rå,Vitamin D,Fågel ,0.4,µg
1158,Gås rå,Vitamin C,Fågel ,0.0,mg
1158,Gås rå,Vitamin B6,Fågel ,0.64,mg
1158,Gås rå,Vitamin B12,Fågel ,0.5,µg
1158,Gås rå,Vitamin A,Fågel ,30.0,RE/µg
1158,Gås rå,Vatten,Fågel ,68.8,g
1158,Gås rå,Tiamin,Fågel ,0.13,mg
1158,Gås rå,Tillsatt socker,Fågel ,0.0,g
1158,Gås rå,Fritt socker,Fågel ,0.0,g
1158,Gås rå,"Selen, Se",Fågel ,24.0,µg
1158,Gås rå,Sackaros,Fågel ,0.0,g
1158,Gås rå,Riboflavin,Fågel ,0.38,mg
1158,Gås rå,Retinol,Fågel ,30.0,µg
1158,Gås rå,Protein,Fågel ,23.0,g
1158,Gås rå,Summa fleromättade fettsyror,Fågel ,0.9,g
1158,Gås rå,"Fosfor, P",Fågel ,310.0,mg
1158,Gås rå,Niacinekvivalenter,Fågel ,8.52,NE/mg
1158,Gås rå,Niacin,Fågel ,4.3,mg
1158,Gås rå,"Salt, NaCl",Fågel ,0.2,g
1158,Gås rå,"Natrium, Na",Fågel ,87.0,mg
1158,Gås rå,Monosackarider,Fågel ,0.0,g
1158,Gås rå,"Sockerarter, totalt",Fågel ,0.0,g
1158,Gås rå,Summa enkelomättade fettsyror,Fågel ,1.8,g
1158,Gås rå,"Magnesium, Mg",Fågel ,24.0,mg
1158,Gås rå,Summa mättade fettsyror,Fågel ,2.8,g
1158,Gås rå,"Kolhydrater, tillgängliga",Fågel ,0.0,g
1158,Gås rå,Kolesterol,Fågel ,84.0,mg
1158,Gås rå,"Kalium, K",Fågel ,420.0,mg
1158,Gås rå,"Jod, I",Fågel ,1.0,µg
1158,Gås rå,Fullkorn totalt,Fågel ,0.0,g
1158,Gås rå,"Folat, totalt",Fågel ,5.0,µg
1158,Gås rå,Fibrer,Fågel ,0.0,g
1158,Gås rå,"Fett, totalt",Fågel ,7.1,g
1158,Gås rå,"Järn, Fe",Fågel ,2.6,mg
1158,Gås rå,Energi (kJ),Fågel ,654.0,kJ
1158,Gås rå,Energi (kcal),Fågel ,156.0,kcal
1158,Gås rå,Disackarider,Fågel ,0.0,g
1158,Gås rå,"Kalcium, Ca",Fågel ,13.0,mg
1158,Gås rå,Fettsyra 4:0-10:0,Fågel ,0.0,g
1158,Gås rå,DHA (C22:6),Fågel ,0.0,g
1158,Gås rå,DPA (C22:5),Fågel ,0.0,g
1158,Gås rå,EPA (C20:5),Fågel ,0.0,g
1158,Gås rå,Arakidonsyra C20:4,Fågel ,0.0,g
1158,Gås rå,Arakidinsyra C20:0,Fågel ,0.0,g
1158,Gås rå,Linolensyra C18:3,Fågel ,0.1,g
1158,Gås rå,Linolsyra C18:2,Fågel ,0.8,g
1158,Gås rå,Oljesyra C18:1,Fågel ,1.6,g
1158,Gås rå,Stearinsyra C18:0,Fågel ,0.9,g
1158,Gås rå,Palmitoljesyra C16:1,Fågel ,0.3,g
1158,Gås rå,Palmitinsyra C16:0,Fågel ,1.5,g
1158,Gås rå,Myristinsyra C14:0,Fågel ,0.0,g
1158,Gås rå,Laurinsyra C12:0,Fågel ,0.0,g
1158,Gås rå,Betakaroten/β-Karoten,Fågel ,0.0,µg
1158,Gås rå,Avfall (skal etc.),Fågel ,0.0,%
1158,Gås rå,Aska,Fågel ,1.1,g
1158,Gås rå,Alkohol,Fågel ,0.0,g
1159,Gås rå m. skinn,"Zink, Zn",Fågel ,1.0,mg
1159,Gås rå m. skinn,Vitamin E,Fågel ,0.5,mg
1159,Gås rå m. skinn,Vitamin D,Fågel ,1.4,µg
1159,Gås rå m. skinn,Vitamin C,Fågel ,0.0,mg
1159,Gås rå m. skinn,Vitamin B6,Fågel ,0.58,mg
1159,Gås rå m. skinn,Vitamin B12,Fågel ,0.3,µg
1159,Gås rå m. skinn,Vitamin A,Fågel ,30.0,RE/µg
1159,Gås rå m. skinn,Vatten,Fågel ,49.6,g
1159,Gås rå m. skinn,Tiamin,Fågel ,0.12,mg
1159,Gås rå m. skinn,Tillsatt socker,Fågel ,0.0,g
1159,Gås rå m. skinn,Fritt socker,Fågel ,0.0,g
1159,Gås rå m. skinn,"Selen, Se",Fågel ,24.0,µg
1159,Gås rå m. skinn,Sackaros,Fågel ,0.0,g
1159,Gås rå m. skinn,Riboflavin,Fågel ,0.35,mg
1159,Gås rå m. skinn,Retinol,Fågel ,30.0,µg
1159,Gås rå m. skinn,Protein,Fågel ,15.9,g
1159,Gås rå m. skinn,Summa fleromättade fettsyror,Fågel ,3.8,g
1159,Gås rå m. skinn,"Fosfor, P",Fågel ,235.0,mg
1159,Gås rå m. skinn,Niacinekvivalenter,Fågel ,10.92,NE/mg
1159,Gås rå m. skinn,Niacin,Fågel ,8.0,mg
1159,Gås rå m. skinn,"Salt, NaCl",Fågel ,0.2,g
1159,Gås rå m. skinn,"Natrium, Na",Fågel ,69.0,mg
1159,Gås rå m. skinn,Monosackarider,Fågel ,0.0,g
1159,Gås rå m. skinn,"Sockerarter, totalt",Fågel ,0.0,g
1159,Gås rå m. skinn,Summa enkelomättade fettsyror,Fågel ,17.7,g
1159,Gås rå m. skinn,"Magnesium, Mg",Fågel ,24.0,mg
1159,Gås rå m. skinn,Summa mättade fettsyror,Fågel ,9.8,g
1159,Gås rå m. skinn,"Kolhydrater, tillgängliga",Fågel ,0.0,g
1159,Gås rå m. skinn,Kolesterol,Fågel ,80.0,mg
1159,Gås rå m. skinn,"Kalium, K",Fågel ,315.0,mg
1159,Gås rå m. skinn,"Jod, I",Fågel ,4.0,µg
1159,Gås rå m. skinn,Fullkorn totalt,Fågel ,0.0,g
1159,Gås rå m. skinn,"Folat, totalt",Fågel ,4.0,µg
1159,Gås rå m. skinn,Fibrer,Fågel ,0.0,g
1159,Gås rå m. skinn,"Fett, totalt",Fågel ,33.6,g
1159,Gås rå m. skinn,"Järn, Fe",Fågel ,2.5,mg
1159,Gås rå m. skinn,Energi (kJ),Fågel ,1514.0,kJ
1159,Gås rå m. skinn,Energi (kcal),Fågel ,362.0,kcal
1159,Gås rå m. skinn,Disackarider,Fågel ,0.0,g
1159,Gås rå m. skinn,"Kalcium, Ca",Fågel ,12.0,mg
1159,Gås rå m. skinn,Fettsyra 4:0-10:0,Fågel ,0.0,g
1159,Gås rå m. skinn,DHA (C22:6),Fågel ,0.0,g
1159,Gås rå m. skinn,DPA (C22:5),Fågel ,0.0,g
1159,Gås rå m. skinn,EPA (C20:5),Fågel ,0.0,g
1159,Gås rå m. skinn,Arakidonsyra C20:4,Fågel ,0.0,g
1159,Gås rå m. skinn,Arakidinsyra C20:0,Fågel ,0.0,g
1159,Gås rå m. skinn,Linolensyra C18:3,Fågel ,0.2,g
1159,Gås rå m. skinn,Linolsyra C18:2,Fågel ,3.3,g
1159,Gås rå m. skinn,Oljesyra C18:1,Fågel ,16.7,g
1159,Gås rå m. skinn,Stearinsyra C18:0,Fågel ,2.3,g
1159,Gås rå m. skinn,Palmitoljesyra C16:1,Fågel ,1.0,g
1159,Gås rå m. skinn,Palmitinsyra C16:0,Fågel ,6.9,g
1159,Gås rå m. skinn,Myristinsyra C14:0,Fågel ,0.2,g
1159,Gås rå m. skinn,Laurinsyra C12:0,Fågel ,0.0,g
1159,Gås rå m. skinn,Betakaroten/β-Karoten,Fågel ,0.0,µg
1159,Gås rå m. skinn,Avfall (skal etc.),Fågel ,19.0,%
1159,Gås rå m. skinn,Aska,Fågel ,0.9,g
1159,Gås rå m. skinn,Alkohol,Fågel ,0.0,g
1160,Höna rå,"Zink, Zn",Fågel ,1.4,mg
1160,Höna rå,Vitamin E,Fågel ,0.3,mg
1160,Höna rå,Vitamin D,Fågel ,0.4,µg
1160,Höna rå,Vitamin C,Fågel ,0.0,mg
1160,Höna rå,Vitamin B6,Fågel ,0.6,mg
1160,Höna rå,Vitamin B12,Fågel ,0.5,µg
1160,Höna rå,Vitamin A,Fågel ,9.0,RE/µg
1160,Höna rå,Vatten,Fågel ,71.4,g
1160,Höna rå,Tiamin,Fågel ,0.09,mg
1160,Höna rå,Tillsatt socker,Fågel ,0.0,g
1160,Höna rå,Fritt socker,Fågel ,0.0,g
1160,Höna rå,"Selen, Se",Fågel ,11.0,µg
1160,Höna rå,Sackaros,Fågel ,0.0,g
1160,Höna rå,Riboflavin,Fågel ,0.17,mg
1160,Höna rå,Retinol,Fågel ,9.0,µg
1160,Höna rå,Protein,Fågel ,21.0,g
1160,Höna rå,Summa fleromättade fettsyror,Fågel ,0.9,g
1160,Höna rå,"Fosfor, P",Fågel ,192.0,mg
1160,Höna rå,Niacinekvivalenter,Fågel ,10.35,NE/mg
1160,Höna rå,Niacin,Fågel ,6.5,mg
1160,Höna rå,"Salt, NaCl",Fågel ,0.1,g
1160,Höna rå,"Natrium, Na",Fågel ,52.0,mg
1160,Höna rå,Monosackarider,Fågel ,0.0,g
1160,Höna rå,"Sockerarter, totalt",Fågel ,0.0,g
1160,Höna rå,Summa enkelomättade fettsyror,Fågel ,2.7,g
1160,Höna rå,"Magnesium, Mg",Fågel ,23.0,mg
1160,Höna rå,Summa mättade fettsyror,Fågel ,1.4,g
1160,Höna rå,"Kolhydrater, tillgängliga",Fågel ,0.0,g
1160,Höna rå,Kolesterol,Fågel ,63.0,mg
1160,Höna rå,"Kalium, K",Fågel ,220.0,mg
1160,Höna rå,"Jod, I",Fågel ,1.0,µg
1160,Höna rå,Fullkorn totalt,Fågel ,0.0,g
1160,Höna rå,"Folat, totalt",Fågel ,7.0,µg
1160,Höna rå,Fibrer,Fågel ,0.0,g
1160,Höna rå,"Fett, totalt",Fågel ,6.3,g
1160,Höna rå,"Järn, Fe",Fågel ,0.9,mg
1160,Höna rå,Energi (kJ),Fågel ,590.0,kJ
1160,Höna rå,Energi (kcal),Fågel ,141.0,kcal
1160,Höna rå,Disackarider,Fågel ,0.0,g
1160,Höna rå,"Kalcium, Ca",Fågel ,8.0,mg
1160,Höna rå,Fettsyra 4:0-10:0,Fågel ,0.0,g
1160,Höna rå,DHA (C22:6),Fågel ,0.0,g
1160,Höna rå,DPA (C22:5),Fågel ,0.0,g
1160,Höna rå,EPA (C20:5),Fågel ,0.0,g
1160,Höna rå,Arakidonsyra C20:4,Fågel ,0.0,g
1160,Höna rå,Arakidinsyra C20:0,Fågel ,0.0,g
1160,Höna rå,Linolensyra C18:3,Fågel ,0.0,g
1160,Höna rå,Linolsyra C18:2,Fågel ,0.8,g
1160,Höna rå,Oljesyra C18:1,Fågel ,2.3,g
1160,Höna rå,Stearinsyra C18:0,Fågel ,0.3,g
1160,Höna rå,Palmitoljesyra C16:1,Fågel ,0.3,g
1160,Höna rå,Palmitinsyra C16:0,Fågel ,1.1,g
1160,Höna rå,Myristinsyra C14:0,Fågel ,0.1,g
1160,Höna rå,Laurinsyra C12:0,Fågel ,0.0,g
1160,Höna rå,Betakaroten/β-Karoten,Fågel ,0.0,µg
1160,Höna rå,Avfall (skal etc.),Fågel ,0.0,%
1160,Höna rå,Aska,Fågel ,1.3,g
1160,Höna rå,Alkohol,Fågel ,0.0,g
1161,Höna rå m. skinn,"Zink, Zn",Fågel ,1.2,mg
1161,Höna rå m. skinn,Vitamin E,Fågel ,0.5,mg
1161,Höna rå m. skinn,Vitamin D,Fågel ,1.4,µg
1161,Höna rå m. skinn,Vitamin C,Fågel ,0.0,mg
1161,Höna rå m. skinn,Vitamin B6,Fågel ,0.33,mg
1161,Höna rå m. skinn,Vitamin B12,Fågel ,0.3,µg
1161,Höna rå m. skinn,Vitamin A,Fågel ,38.0,RE/µg
1161,Höna rå m. skinn,Vatten,Fågel ,59.5,g
1161,Höna rå m. skinn,Tiamin,Fågel ,0.11,mg
1161,Höna rå m. skinn,Tillsatt socker,Fågel ,0.0,g
1161,Höna rå m. skinn,Fritt socker,Fågel ,0.0,g
1161,Höna rå m. skinn,"Selen, Se",Fågel ,10.0,µg
1161,Höna rå m. skinn,Sackaros,Fågel ,0.0,g
1161,Höna rå m. skinn,Riboflavin,Fågel ,0.17,mg
1161,Höna rå m. skinn,Retinol,Fågel ,38.0,µg
1161,Höna rå m. skinn,Protein,Fågel ,18.7,g
1161,Höna rå m. skinn,Summa fleromättade fettsyror,Fågel ,3.5,g
1161,Höna rå m. skinn,"Fosfor, P",Fågel ,169.0,mg
1161,Höna rå m. skinn,Niacinekvivalenter,Fågel ,9.73,NE/mg
1161,Höna rå m. skinn,Niacin,Fågel ,6.3,mg
1161,Höna rå m. skinn,"Salt, NaCl",Fågel ,0.1,g
1161,Höna rå m. skinn,"Natrium, Na",Fågel ,51.0,mg
1161,Höna rå m. skinn,Monosackarider,Fågel ,0.0,g
1161,Höna rå m. skinn,"Sockerarter, totalt",Fågel ,0.0,g
1161,Höna rå m. skinn,Summa enkelomättade fettsyror,Fågel ,10.3,g
1161,Höna rå m. skinn,"Magnesium, Mg",Fågel ,17.0,mg
1161,Höna rå m. skinn,Summa mättade fettsyror,Fågel ,5.5,g
1161,Höna rå m. skinn,"Kolhydrater, tillgängliga",Fågel ,0.0,g
1161,Höna rå m. skinn,Kolesterol,Fågel ,71.0,mg
1161,Höna rå m. skinn,"Kalium, K",Fågel ,187.0,mg
1161,Höna rå m. skinn,"Jod, I",Fågel ,4.0,µg
1161,Höna rå m. skinn,Fullkorn totalt,Fågel ,0.0,g
1161,Höna rå m. skinn,"Folat, totalt",Fågel ,6.0,µg
1161,Höna rå m. skinn,Fibrer,Fågel ,0.0,g
1161,Höna rå m. skinn,"Fett, totalt",Fågel ,21.0,g
1161,Höna rå m. skinn,"Järn, Fe",Fågel ,1.6,mg
1161,Höna rå m. skinn,Energi (kJ),Fågel ,1095.0,kJ
1161,Höna rå m. skinn,Energi (kcal),Fågel ,262.0,kcal
1161,Höna rå m. skinn,Disackarider,Fågel ,0.0,g
1161,Höna rå m. skinn,"Kalcium, Ca",Fågel ,17.0,mg
1161,Höna rå m. skinn,Fettsyra 4:0-10:0,Fågel ,0.0,g
1161,Höna rå m. skinn,DHA (C22:6),Fågel ,0.0,g
1161,Höna rå m. skinn,DPA (C22:5),Fågel ,0.0,g
1161,Höna rå m. skinn,EPA (C20:5),Fågel ,0.0,g
1161,Höna rå m. skinn,Arakidonsyra C20:4,Fågel ,0.0,g
1161,Höna rå m. skinn,Arakidinsyra C20:0,Fågel ,0.0,g
1161,Höna rå m. skinn,Linolensyra C18:3,Fågel ,0.2,g
1161,Höna rå m. skinn,Linolsyra C18:2,Fågel ,3.2,g
1161,Höna rå m. skinn,Oljesyra C18:1,Fågel ,8.8,g
1161,Höna rå m. skinn,Stearinsyra C18:0,Fågel ,1.0,g
1161,Höna rå m. skinn,Palmitoljesyra C16:1,Fågel ,1.1,g
1161,Höna rå m. skinn,Palmitinsyra C16:0,Fågel ,4.1,g
1161,Höna rå m. skinn,Myristinsyra C14:0,Fågel ,0.3,g
1161,Höna rå m. skinn,Laurinsyra C12:0,Fågel ,0.0,g
1161,Höna rå m. skinn,Betakaroten/β-Karoten,Fågel ,0.0,µg
1161,Höna rå m. skinn,Avfall (skal etc.),Fågel ,30.0,%
1161,Höna rå m. skinn,Aska,Fågel ,0.8,g
1161,Höna rå m. skinn,Alkohol,Fågel ,0.0,g
1162,Kalkon filé rå,"Zink, Zn",Fågel ,1.1,mg
1162,Kalkon filé rå,Vitamin E,Fågel ,0.2,mg
1162,Kalkon filé rå,Vitamin D,Fågel ,0.25,µg
1162,Kalkon filé rå,Vitamin C,Fågel ,0.0,mg
1162,Kalkon filé rå,Vitamin B6,Fågel ,0.71,mg
1162,Kalkon filé rå,Vitamin B12,Fågel ,1.13,µg
1162,Kalkon filé rå,Vitamin A,Fågel ,8.1,RE/µg
1162,Kalkon filé rå,Vatten,Fågel ,74.0,g
1162,Kalkon filé rå,Tiamin,Fågel ,0.12,mg
1162,Kalkon filé rå,Tillsatt socker,Fågel ,0.0,g
1162,Kalkon filé rå,Fritt socker,Fågel ,0.0,g
1162,Kalkon filé rå,"Selen, Se",Fågel ,13.8,µg
1162,Kalkon filé rå,Sackaros,Fågel ,0.0,g
1162,Kalkon filé rå,Riboflavin,Fågel ,0.13,mg
1162,Kalkon filé rå,Retinol,Fågel ,8.1,µg
1162,Kalkon filé rå,Protein,Fågel ,24.1,g
1162,Kalkon filé rå,Summa fleromättade fettsyror,Fågel ,0.2,g
1162,Kalkon filé rå,"Fosfor, P",Fågel ,220.0,mg
1162,Kalkon filé rå,Niacinekvivalenter,Fågel ,13.3,NE/mg
1162,Kalkon filé rå,Niacin,Fågel ,8.85,mg
1162,Kalkon filé rå,"Salt, NaCl",Fågel ,0.2,g
1162,Kalkon filé rå,"Natrium, Na",Fågel ,97.0,mg
1162,Kalkon filé rå,Monosackarider,Fågel ,0.0,g
1162,Kalkon filé rå,"Sockerarter, totalt",Fågel ,0.0,g
1162,Kalkon filé rå,Summa enkelomättade fettsyror,Fågel ,0.3,g
1162,Kalkon filé rå,"Magnesium, Mg",Fågel ,29.0,mg
1162,Kalkon filé rå,Summa mättade fettsyror,Fågel ,0.3,g
1162,Kalkon filé rå,"Kolhydrater, tillgängliga",Fågel ,0.0,g
1162,Kalkon filé rå,Kolesterol,Fågel ,51.0,mg
1162,Kalkon filé rå,"Kalium, K",Fågel ,320.0,mg
1162,Kalkon filé rå,"Jod, I",Fågel ,2.2,µg
1162,Kalkon filé rå,Fullkorn totalt,Fågel ,0.0,g
1162,Kalkon filé rå,"Folat, totalt",Fågel ,7.7,µg
1162,Kalkon filé rå,Fibrer,Fågel ,0.0,g
1162,Kalkon filé rå,"Fett, totalt",Fågel ,0.9,g
1162,Kalkon filé rå,"Järn, Fe",Fågel ,0.4,mg
1162,Kalkon filé rå,Energi (kJ),Fågel ,444.0,kJ
1162,Kalkon filé rå,Energi (kcal),Fågel ,106.0,kcal
1162,Kalkon filé rå,Disackarider,Fågel ,0.0,g
1162,Kalkon filé rå,"Kalcium, Ca",Fågel ,4.0,mg
1162,Kalkon filé rå,Fettsyra 4:0-10:0,Fågel ,0.0,g
1162,Kalkon filé rå,DHA (C22:6),Fågel ,0.0,g
1162,Kalkon filé rå,DPA (C22:5),Fågel ,0.0,g
1162,Kalkon filé rå,EPA (C20:5),Fågel ,0.0,g
1162,Kalkon filé rå,Arakidonsyra C20:4,Fågel ,0.0,g
1162,Kalkon filé rå,Arakidinsyra C20:0,Fågel ,0.0,g
1162,Kalkon filé rå,Linolensyra C18:3,Fågel ,0.0,g
1162,Kalkon filé rå,Linolsyra C18:2,Fågel ,0.2,g
1162,Kalkon filé rå,Oljesyra C18:1,Fågel ,0.2,g
1162,Kalkon filé rå,Stearinsyra C18:0,Fågel ,0.1,g
1162,Kalkon filé rå,Palmitoljesyra C16:1,Fågel ,0.0,g
1162,Kalkon filé rå,Palmitinsyra C16:0,Fågel ,0.2,g
1162,Kalkon filé rå,Myristinsyra C14:0,Fågel ,0.0,g
1162,Kalkon filé rå,Laurinsyra C12:0,Fågel ,0.0,g
1162,Kalkon filé rå,Betakaroten/β-Karoten,Fågel ,0.0,µg
1162,Kalkon filé rå,Avfall (skal etc.),Fågel ,0.0,%
1162,Kalkon filé rå,Aska,Fågel ,1.0,g
1162,Kalkon filé rå,Alkohol,Fågel ,0.0,g
1163,Kalkon rå m. skinn,"Zink, Zn",Fågel ,2.0,mg
1163,Kalkon rå m. skinn,Vitamin E,Fågel ,0.5,mg
1163,Kalkon rå m. skinn,Vitamin D,Fågel ,1.4,µg
1163,Kalkon rå m. skinn,Vitamin C,Fågel ,0.0,mg
1163,Kalkon rå m. skinn,Vitamin B6,Fågel ,0.43,mg
1163,Kalkon rå m. skinn,Vitamin B12,Fågel ,0.4,µg
1163,Kalkon rå m. skinn,Vitamin A,Fågel ,38.0,RE/µg
1163,Kalkon rå m. skinn,Vatten,Fågel ,73.5,g
1163,Kalkon rå m. skinn,Tiamin,Fågel ,0.08,mg
1163,Kalkon rå m. skinn,Tillsatt socker,Fågel ,0.0,g
1163,Kalkon rå m. skinn,Fritt socker,Fågel ,0.0,g
1163,Kalkon rå m. skinn,"Selen, Se",Fågel ,5.0,µg
1163,Kalkon rå m. skinn,Sackaros,Fågel ,0.0,g
1163,Kalkon rå m. skinn,Riboflavin,Fågel ,0.1,mg
1163,Kalkon rå m. skinn,Retinol,Fågel ,38.0,µg
1163,Kalkon rå m. skinn,Protein,Fågel ,21.0,g
1163,Kalkon rå m. skinn,Summa fleromättade fettsyror,Fågel ,1.4,g
1163,Kalkon rå m. skinn,"Fosfor, P",Fågel ,190.0,mg
1163,Kalkon rå m. skinn,Niacinekvivalenter,Fågel ,11.85,NE/mg
1163,Kalkon rå m. skinn,Niacin,Fågel ,8.0,mg
1163,Kalkon rå m. skinn,"Salt, NaCl",Fågel ,0.1,g
1163,Kalkon rå m. skinn,"Natrium, Na",Fågel ,55.0,mg
1163,Kalkon rå m. skinn,Monosackarider,Fågel ,0.0,g
1163,Kalkon rå m. skinn,"Sockerarter, totalt",Fågel ,0.0,g
1163,Kalkon rå m. skinn,Summa enkelomättade fettsyror,Fågel ,1.2,g
1163,Kalkon rå m. skinn,"Magnesium, Mg",Fågel ,22.0,mg
1163,Kalkon rå m. skinn,Summa mättade fettsyror,Fågel ,1.5,g
1163,Kalkon rå m. skinn,"Kolhydrater, tillgängliga",Fågel ,0.0,g
1163,Kalkon rå m. skinn,Kolesterol,Fågel ,81.0,mg
1163,Kalkon rå m. skinn,"Kalium, K",Fågel ,285.0,mg
1163,Kalkon rå m. skinn,"Jod, I",Fågel ,2.2,µg
1163,Kalkon rå m. skinn,Fullkorn totalt,Fågel ,0.0,g
1163,Kalkon rå m. skinn,"Folat, totalt",Fågel ,9.0,µg
1163,Kalkon rå m. skinn,Fibrer,Fågel ,0.0,g
1163,Kalkon rå m. skinn,"Fett, totalt",Fågel ,4.6,g
1163,Kalkon rå m. skinn,"Järn, Fe",Fågel ,1.1,mg
1163,Kalkon rå m. skinn,Energi (kJ),Fågel ,527.0,kJ
1163,Kalkon rå m. skinn,Energi (kcal),Fågel ,126.0,kcal
1163,Kalkon rå m. skinn,Disackarider,Fågel ,0.0,g
1163,Kalkon rå m. skinn,"Kalcium, Ca",Fågel ,7.0,mg
1163,Kalkon rå m. skinn,Fettsyra 4:0-10:0,Fågel ,0.0,g
1163,Kalkon rå m. skinn,DHA (C22:6),Fågel ,0.1,g
1163,Kalkon rå m. skinn,DPA (C22:5),Fågel ,0.0,g
1163,Kalkon rå m. skinn,EPA (C20:5),Fågel ,0.0,g
1163,Kalkon rå m. skinn,Arakidonsyra C20:4,Fågel ,0.1,g
1163,Kalkon rå m. skinn,Arakidinsyra C20:0,Fågel ,0.0,g
1163,Kalkon rå m. skinn,Linolensyra C18:3,Fågel ,0.1,g
1163,Kalkon rå m. skinn,Linolsyra C18:2,Fågel ,1.0,g
1163,Kalkon rå m. skinn,Oljesyra C18:1,Fågel ,1.0,g
1163,Kalkon rå m. skinn,Stearinsyra C18:0,Fågel ,0.4,g
1163,Kalkon rå m. skinn,Palmitoljesyra C16:1,Fågel ,0.1,g
1163,Kalkon rå m. skinn,Palmitinsyra C16:0,Fågel ,1.0,g
1163,Kalkon rå m. skinn,Myristinsyra C14:0,Fågel ,0.1,g
1163,Kalkon rå m. skinn,Laurinsyra C12:0,Fågel ,0.0,g
1163,Kalkon rå m. skinn,Betakaroten/β-Karoten,Fågel ,0.0,µg
1163,Kalkon rå m. skinn,Avfall (skal etc.),Fågel ,28.0,%
1163,Kalkon rå m. skinn,Aska,Fågel ,0.9,g
1163,Kalkon rå m. skinn,Alkohol,Fågel ,0.0,g
1164,Kyckling kött rå u. skinn,"Zink, Zn",Fågel ,1.5,mg
1164,Kyckling kött rå u. skinn,Vitamin E,Fågel ,1.1,mg
1164,Kyckling kött rå u. skinn,Vitamin D,Fågel ,0.4,µg
1164,Kyckling kött rå u. skinn,Vitamin C,Fågel ,0.0,mg
1164,Kyckling kött rå u. skinn,Vitamin B6,Fågel ,0.43,mg
1164,Kyckling kött rå u. skinn,Vitamin B12,Fågel ,0.4,µg
1164,Kyckling kött rå u. skinn,Vitamin A,Fågel ,16.0,RE/µg
1164,Kyckling kött rå u. skinn,Vatten,Fågel ,74.4,g
1164,Kyckling kött rå u. skinn,Tiamin,Fågel ,0.07,mg
1164,Kyckling kött rå u. skinn,Tillsatt socker,Fågel ,0.0,g
1164,Kyckling kött rå u. skinn,Fritt socker,Fågel ,0.0,g
1164,Kyckling kött rå u. skinn,"Selen, Se",Fågel ,11.2,µg
1164,Kyckling kött rå u. skinn,Sackaros,Fågel ,0.0,g
1164,Kyckling kött rå u. skinn,Riboflavin,Fågel ,0.14,mg
1164,Kyckling kött rå u. skinn,Retinol,Fågel ,16.0,µg
1164,Kyckling kött rå u. skinn,Protein,Fågel ,21.5,g
1164,Kyckling kött rå u. skinn,Summa fleromättade fettsyror,Fågel ,0.4,g
1164,Kyckling kött rå u. skinn,"Fosfor, P",Fågel ,173.0,mg
1164,Kyckling kött rå u. skinn,Niacinekvivalenter,Fågel ,12.14,NE/mg
1164,Kyckling kött rå u. skinn,Niacin,Fågel ,8.2,mg
1164,Kyckling kött rå u. skinn,"Salt, NaCl",Fågel ,0.2,g
1164,Kyckling kött rå u. skinn,"Natrium, Na",Fågel ,77.0,mg
1164,Kyckling kött rå u. skinn,Monosackarider,Fågel ,0.0,g
1164,Kyckling kött rå u. skinn,"Sockerarter, totalt",Fågel ,0.0,g
1164,Kyckling kött rå u. skinn,Summa enkelomättade fettsyror,Fågel ,1.2,g
1164,Kyckling kött rå u. skinn,"Magnesium, Mg",Fågel ,25.0,mg
1164,Kyckling kött rå u. skinn,Summa mättade fettsyror,Fågel ,0.8,g
1164,Kyckling kött rå u. skinn,"Kolhydrater, tillgängliga",Fågel ,0.0,g
1164,Kyckling kött rå u. skinn,Kolesterol,Fågel ,70.0,mg
1164,Kyckling kött rå u. skinn,"Kalium, K",Fågel ,230.0,mg
1164,Kyckling kött rå u. skinn,"Jod, I",Fågel ,0.4,µg
1164,Kyckling kött rå u. skinn,Fullkorn totalt,Fågel ,0.0,g
1164,Kyckling kött rå u. skinn,"Folat, totalt",Fågel ,23.0,µg
1164,Kyckling kött rå u. skinn,Fibrer,Fågel ,0.0,g
1164,Kyckling kött rå u. skinn,"Fett, totalt",Fågel ,3.1,g
1164,Kyckling kött rå u. skinn,"Järn, Fe",Fågel ,0.9,mg
1164,Kyckling kött rå u. skinn,Energi (kJ),Fågel ,480.0,kJ
1164,Kyckling kött rå u. skinn,Energi (kcal),Fågel ,115.0,kcal
1164,Kyckling kött rå u. skinn,Disackarider,Fågel ,0.0,g
1164,Kyckling kött rå u. skinn,"Kalcium, Ca",Fågel ,12.0,mg
1164,Kyckling kött rå u. skinn,Fettsyra 4:0-10:0,Fågel ,0.0,g
1164,Kyckling kött rå u. skinn,DHA (C22:6),Fågel ,0.0,g
1164,Kyckling kött rå u. skinn,DPA (C22:5),Fågel ,0.0,g
1164,Kyckling kött rå u. skinn,EPA (C20:5),Fågel ,0.0,g
1164,Kyckling kött rå u. skinn,Arakidonsyra C20:4,Fågel ,0.0,g
1164,Kyckling kött rå u. skinn,Arakidinsyra C20:0,Fågel ,0.0,g
1164,Kyckling kött rå u. skinn,Linolensyra C18:3,Fågel ,0.0,g
1164,Kyckling kött rå u. skinn,Linolsyra C18:2,Fågel ,0.3,g
1164,Kyckling kött rå u. skinn,Oljesyra C18:1,Fågel ,1.0,g
1164,Kyckling kött rå u. skinn,Stearinsyra C18:0,Fågel ,0.2,g
1164,Kyckling kött rå u. skinn,Palmitoljesyra C16:1,Fågel ,0.2,g
1164,Kyckling kött rå u. skinn,Palmitinsyra C16:0,Fågel ,0.6,g
1164,Kyckling kött rå u. skinn,Myristinsyra C14:0,Fågel ,0.0,g
1164,Kyckling kött rå u. skinn,Laurinsyra C12:0,Fågel ,0.0,g
1164,Kyckling kött rå u. skinn,Betakaroten/β-Karoten,Fågel ,0.0,µg
1164,Kyckling kött rå u. skinn,Avfall (skal etc.),Fågel ,0.0,%
1164,Kyckling kött rå u. skinn,Aska,Fågel ,1.0,g
1164,Kyckling kött rå u. skinn,Alkohol,Fågel ,0.0,g
1165,Kyckling kött rå m. skinn,"Zink, Zn",Fågel ,1.3,mg
1165,Kyckling kött rå m. skinn,Vitamin E,Fågel ,1.8,mg
1165,Kyckling kött rå m. skinn,Vitamin D,Fågel ,1.5,µg
1165,Kyckling kött rå m. skinn,Vitamin C,Fågel ,0.0,mg
1165,Kyckling kött rå m. skinn,Vitamin B6,Fågel ,0.48,mg
1165,Kyckling kött rå m. skinn,Vitamin B12,Fågel ,0.44,µg
1165,Kyckling kött rå m. skinn,Vitamin A,Fågel ,51.0,RE/µg
1165,Kyckling kött rå m. skinn,Vatten,Fågel ,70.1,g
1165,Kyckling kött rå m. skinn,Tiamin,Fågel ,0.15,mg
1165,Kyckling kött rå m. skinn,Tillsatt socker,Fågel ,0.0,g
1165,Kyckling kött rå m. skinn,Fritt socker,Fågel ,0.0,g
1165,Kyckling kött rå m. skinn,"Selen, Se",Fågel ,10.0,µg
1165,Kyckling kött rå m. skinn,Sackaros,Fågel ,0.0,g
1165,Kyckling kött rå m. skinn,Riboflavin,Fågel ,0.19,mg
1165,Kyckling kött rå m. skinn,Retinol,Fågel ,51.0,µg
1165,Kyckling kött rå m. skinn,Protein,Fågel ,18.0,g
1165,Kyckling kött rå m. skinn,Summa fleromättade fettsyror,Fågel ,1.6,g
1165,Kyckling kött rå m. skinn,"Fosfor, P",Fågel ,178.0,mg
1165,Kyckling kött rå m. skinn,Niacinekvivalenter,Fågel ,11.0,NE/mg
1165,Kyckling kött rå m. skinn,Niacin,Fågel ,7.7,mg
1165,Kyckling kött rå m. skinn,"Salt, NaCl",Fågel ,0.1,g
1165,Kyckling kött rå m. skinn,"Natrium, Na",Fågel ,57.0,mg
1165,Kyckling kött rå m. skinn,Monosackarider,Fågel ,0.0,g
1165,Kyckling kött rå m. skinn,"Sockerarter, totalt",Fågel ,0.0,g
1165,Kyckling kött rå m. skinn,Summa enkelomättade fettsyror,Fågel ,5.3,g
1165,Kyckling kött rå m. skinn,"Magnesium, Mg",Fågel ,22.0,mg
1165,Kyckling kött rå m. skinn,Summa mättade fettsyror,Fågel ,3.5,g
1165,Kyckling kött rå m. skinn,"Kolhydrater, tillgängliga",Fågel ,0.0,g
1165,Kyckling kött rå m. skinn,Kolesterol,Fågel ,75.0,mg
1165,Kyckling kött rå m. skinn,"Kalium, K",Fågel ,242.0,mg
1165,Kyckling kött rå m. skinn,"Jod, I",Fågel ,0.0,µg
1165,Kyckling kött rå m. skinn,Fullkorn totalt,Fågel ,0.0,g
1165,Kyckling kött rå m. skinn,"Folat, totalt",Fågel ,21.0,µg
1165,Kyckling kött rå m. skinn,Fibrer,Fågel ,0.0,g
1165,Kyckling kött rå m. skinn,"Fett, totalt",Fågel ,11.0,g
1165,Kyckling kött rå m. skinn,"Järn, Fe",Fågel ,1.2,mg
1165,Kyckling kött rå m. skinn,Energi (kJ),Fågel ,713.0,kJ
1165,Kyckling kött rå m. skinn,Energi (kcal),Fågel ,170.0,kcal
1165,Kyckling kött rå m. skinn,Disackarider,Fågel ,0.0,g
1165,Kyckling kött rå m. skinn,"Kalcium, Ca",Fågel ,8.0,mg
1165,Kyckling kött rå m. skinn,Fettsyra 4:0-10:0,Fågel ,0.0,g
1165,Kyckling kött rå m. skinn,DHA (C22:6),Fågel ,0.1,g
1165,Kyckling kött rå m. skinn,DPA (C22:5),Fågel ,0.0,g
1165,Kyckling kött rå m. skinn,EPA (C20:5),Fågel ,0.0,g
1165,Kyckling kött rå m. skinn,Arakidonsyra C20:4,Fågel ,0.0,g
1165,Kyckling kött rå m. skinn,Arakidinsyra C20:0,Fågel ,0.0,g
1165,Kyckling kött rå m. skinn,Linolensyra C18:3,Fågel ,0.1,g
1165,Kyckling kött rå m. skinn,Linolsyra C18:2,Fågel ,1.3,g
1165,Kyckling kött rå m. skinn,Oljesyra C18:1,Fågel ,4.3,g
1165,Kyckling kött rå m. skinn,Stearinsyra C18:0,Fågel ,0.7,g
1165,Kyckling kött rå m. skinn,Palmitoljesyra C16:1,Fågel ,0.8,g
1165,Kyckling kött rå m. skinn,Palmitinsyra C16:0,Fågel ,2.6,g
1165,Kyckling kött rå m. skinn,Myristinsyra C14:0,Fågel ,0.1,g
1165,Kyckling kött rå m. skinn,Laurinsyra C12:0,Fågel ,0.0,g
1165,Kyckling kött rå m. skinn,Betakaroten/β-Karoten,Fågel ,0.0,µg
1165,Kyckling kött rå m. skinn,Avfall (skal etc.),Fågel ,3.0,%
1165,Kyckling kött rå m. skinn,Aska,Fågel ,0.9,g
1165,Kyckling kött rå m. skinn,Alkohol,Fågel ,0.0,g
1166,Kyckling bröstfilé rå m. skinn,"Zink, Zn",Fågel ,0.8,mg
1166,Kyckling bröstfilé rå m. skinn,Vitamin E,Fågel ,0.6,mg
1166,Kyckling bröstfilé rå m. skinn,Vitamin D,Fågel ,1.5,µg
1166,Kyckling bröstfilé rå m. skinn,Vitamin C,Fågel ,0.0,mg
1166,Kyckling bröstfilé rå m. skinn,Vitamin B6,Fågel ,0.82,mg
1166,Kyckling bröstfilé rå m. skinn,Vitamin B12,Fågel ,0.28,µg
1166,Kyckling bröstfilé rå m. skinn,Vitamin A,Fågel ,24.0,RE/µg
1166,Kyckling bröstfilé rå m. skinn,Vatten,Fågel ,70.0,g
1166,Kyckling bröstfilé rå m. skinn,Tiamin,Fågel ,0.19,mg
1166,Kyckling bröstfilé rå m. skinn,Tillsatt socker,Fågel ,0.0,g
1166,Kyckling bröstfilé rå m. skinn,Fritt socker,Fågel ,0.0,g
1166,Kyckling bröstfilé rå m. skinn,"Selen, Se",Fågel ,10.0,µg
1166,Kyckling bröstfilé rå m. skinn,Sackaros,Fågel ,0.0,g
1166,Kyckling bröstfilé rå m. skinn,Riboflavin,Fågel ,0.15,mg
1166,Kyckling bröstfilé rå m. skinn,Retinol,Fågel ,24.0,µg
1166,Kyckling bröstfilé rå m. skinn,Protein,Fågel ,21.5,g
1166,Kyckling bröstfilé rå m. skinn,Summa fleromättade fettsyror,Fågel ,1.0,g
1166,Kyckling bröstfilé rå m. skinn,"Fosfor, P",Fågel ,198.0,mg
1166,Kyckling bröstfilé rå m. skinn,Niacinekvivalenter,Fågel ,15.94,NE/mg
1166,Kyckling bröstfilé rå m. skinn,Niacin,Fågel ,12.0,mg
1166,Kyckling bröstfilé rå m. skinn,"Salt, NaCl",Fågel ,0.2,g
1166,Kyckling bröstfilé rå m. skinn,"Natrium, Na",Fågel ,63.0,mg
1166,Kyckling bröstfilé rå m. skinn,Monosackarider,Fågel ,0.0,g
1166,Kyckling bröstfilé rå m. skinn,"Sockerarter, totalt",Fågel ,0.0,g
1166,Kyckling bröstfilé rå m. skinn,Summa enkelomättade fettsyror,Fågel ,3.2,g
1166,Kyckling bröstfilé rå m. skinn,"Magnesium, Mg",Fågel ,25.0,mg
1166,Kyckling bröstfilé rå m. skinn,Summa mättade fettsyror,Fågel ,2.1,g
1166,Kyckling bröstfilé rå m. skinn,"Kolhydrater, tillgängliga",Fågel ,0.0,g
1166,Kyckling bröstfilé rå m. skinn,Kolesterol,Fågel ,64.0,mg
1166,Kyckling bröstfilé rå m. skinn,"Kalium, K",Fågel ,220.0,mg
1166,Kyckling bröstfilé rå m. skinn,"Jod, I",Fågel ,0.0,µg
1166,Kyckling bröstfilé rå m. skinn,Fullkorn totalt,Fågel ,0.0,g
1166,Kyckling bröstfilé rå m. skinn,"Folat, totalt",Fågel ,23.0,µg
1166,Kyckling bröstfilé rå m. skinn,Fibrer,Fågel ,0.0,g
1166,Kyckling bröstfilé rå m. skinn,"Fett, totalt",Fågel ,6.9,g
1166,Kyckling bröstfilé rå m. skinn,"Järn, Fe",Fågel ,0.9,mg
1166,Kyckling bröstfilé rå m. skinn,Energi (kJ),Fågel ,621.0,kJ
1166,Kyckling bröstfilé rå m. skinn,Energi (kcal),Fågel ,148.0,kcal
1166,Kyckling bröstfilé rå m. skinn,Disackarider,Fågel ,0.0,g
1166,Kyckling bröstfilé rå m. skinn,"Kalcium, Ca",Fågel ,11.0,mg
1166,Kyckling bröstfilé rå m. skinn,Fettsyra 4:0-10:0,Fågel ,0.0,g
1166,Kyckling bröstfilé rå m. skinn,DHA (C22:6),Fågel ,0.0,g
1166,Kyckling bröstfilé rå m. skinn,DPA (C22:5),Fågel ,0.0,g
1166,Kyckling bröstfilé rå m. skinn,EPA (C20:5),Fågel ,0.0,g
1166,Kyckling bröstfilé rå m. skinn,Arakidonsyra C20:4,Fågel ,0.0,g
1166,Kyckling bröstfilé rå m. skinn,Arakidinsyra C20:0,Fågel ,0.0,g
1166,Kyckling bröstfilé rå m. skinn,Linolensyra C18:3,Fågel ,0.1,g
1166,Kyckling bröstfilé rå m. skinn,Linolsyra C18:2,Fågel ,0.8,g
1166,Kyckling bröstfilé rå m. skinn,Oljesyra C18:1,Fågel ,2.6,g
1166,Kyckling bröstfilé rå m. skinn,Stearinsyra C18:0,Fågel ,0.4,g
1166,Kyckling bröstfilé rå m. skinn,Palmitoljesyra C16:1,Fågel ,0.5,g
1166,Kyckling bröstfilé rå m. skinn,Palmitinsyra C16:0,Fågel ,1.6,g
1166,Kyckling bröstfilé rå m. skinn,Myristinsyra C14:0,Fågel ,0.1,g
1166,Kyckling bröstfilé rå m. skinn,Laurinsyra C12:0,Fågel ,0.0,g
1166,Kyckling bröstfilé rå m. skinn,Betakaroten/β-Karoten,Fågel ,0.0,µg
1166,Kyckling bröstfilé rå m. skinn,Avfall (skal etc.),Fågel ,3.0,%
1166,Kyckling bröstfilé rå m. skinn,Aska,Fågel ,1.5,g
1166,Kyckling bröstfilé rå m. skinn,Alkohol,Fågel ,0.0,g
1167,Kyckling lår rå m. skinn,"Zink, Zn",Fågel ,1.6,mg
1167,Kyckling lår rå m. skinn,Vitamin E,Fågel ,2.4,mg
1167,Kyckling lår rå m. skinn,Vitamin D,Fågel ,1.5,µg
1167,Kyckling lår rå m. skinn,Vitamin C,Fågel ,0.0,mg
1167,Kyckling lår rå m. skinn,Vitamin B6,Fågel ,0.35,mg
1167,Kyckling lår rå m. skinn,Vitamin B12,Fågel ,0.58,µg
1167,Kyckling lår rå m. skinn,Vitamin A,Fågel ,61.0,RE/µg
1167,Kyckling lår rå m. skinn,Vatten,Fågel ,66.2,g
1167,Kyckling lår rå m. skinn,Tiamin,Fågel ,0.14,mg
1167,Kyckling lår rå m. skinn,Tillsatt socker,Fågel ,0.0,g
1167,Kyckling lår rå m. skinn,Fritt socker,Fågel ,0.0,g
1167,Kyckling lår rå m. skinn,"Selen, Se",Fågel ,10.0,µg
1167,Kyckling lår rå m. skinn,Sackaros,Fågel ,0.0,g
1167,Kyckling lår rå m. skinn,Riboflavin,Fågel ,0.25,mg
1167,Kyckling lår rå m. skinn,Retinol,Fågel ,61.0,µg
1167,Kyckling lår rå m. skinn,Protein,Fågel ,18.9,g
1167,Kyckling lår rå m. skinn,Summa fleromättade fettsyror,Fågel ,1.9,g
1167,Kyckling lår rå m. skinn,"Fosfor, P",Fågel ,139.0,mg
1167,Kyckling lår rå m. skinn,Niacinekvivalenter,Fågel ,8.97,NE/mg
1167,Kyckling lår rå m. skinn,Niacin,Fågel ,5.5,mg
1167,Kyckling lår rå m. skinn,"Salt, NaCl",Fågel ,0.2,g
1167,Kyckling lår rå m. skinn,"Natrium, Na",Fågel ,76.0,mg
1167,Kyckling lår rå m. skinn,Monosackarider,Fågel ,0.0,g
1167,Kyckling lår rå m. skinn,"Sockerarter, totalt",Fågel ,0.0,g
1167,Kyckling lår rå m. skinn,Summa enkelomättade fettsyror,Fågel ,6.3,g
1167,Kyckling lår rå m. skinn,"Magnesium, Mg",Fågel ,20.0,mg
1167,Kyckling lår rå m. skinn,Summa mättade fettsyror,Fågel ,4.2,g
1167,Kyckling lår rå m. skinn,"Kolhydrater, tillgängliga",Fågel ,0.0,g
1167,Kyckling lår rå m. skinn,Kolesterol,Fågel ,84.0,mg
1167,Kyckling lår rå m. skinn,"Kalium, K",Fågel ,192.0,mg
1167,Kyckling lår rå m. skinn,"Jod, I",Fågel ,2.0,µg
1167,Kyckling lår rå m. skinn,Fullkorn totalt,Fågel ,0.0,g
1167,Kyckling lår rå m. skinn,"Folat, totalt",Fågel ,23.0,µg
1167,Kyckling lår rå m. skinn,Fibrer,Fågel ,0.0,g
1167,Kyckling lår rå m. skinn,"Fett, totalt",Fågel ,13.5,g
1167,Kyckling lår rå m. skinn,"Järn, Fe",Fågel ,1.4,mg
1167,Kyckling lår rå m. skinn,Energi (kJ),Fågel ,821.0,kJ
1167,Kyckling lår rå m. skinn,Energi (kcal),Fågel ,196.0,kcal
1167,Kyckling lår rå m. skinn,Disackarider,Fågel ,0.0,g
1167,Kyckling lår rå m. skinn,"Kalcium, Ca",Fågel ,14.0,mg
1167,Kyckling lår rå m. skinn,Fettsyra 4:0-10:0,Fågel ,0.0,g
1167,Kyckling lår rå m. skinn,DHA (C22:6),Fågel ,0.1,g
1167,Kyckling lår rå m. skinn,DPA (C22:5),Fågel ,0.0,g
1167,Kyckling lår rå m. skinn,EPA (C20:5),Fågel ,0.0,g
1167,Kyckling lår rå m. skinn,Arakidonsyra C20:4,Fågel ,0.1,g
1167,Kyckling lår rå m. skinn,Arakidinsyra C20:0,Fågel ,0.0,g
1167,Kyckling lår rå m. skinn,Linolensyra C18:3,Fågel ,0.1,g
1167,Kyckling lår rå m. skinn,Linolsyra C18:2,Fågel ,1.5,g
1167,Kyckling lår rå m. skinn,Oljesyra C18:1,Fågel ,5.1,g
1167,Kyckling lår rå m. skinn,Stearinsyra C18:0,Fågel ,0.9,g
1167,Kyckling lår rå m. skinn,Palmitoljesyra C16:1,Fågel ,1.0,g
1167,Kyckling lår rå m. skinn,Palmitinsyra C16:0,Fågel ,3.1,g
1167,Kyckling lår rå m. skinn,Myristinsyra C14:0,Fågel ,0.1,g
1167,Kyckling lår rå m. skinn,Laurinsyra C12:0,Fågel ,0.0,g
1167,Kyckling lår rå m. skinn,Betakaroten/β-Karoten,Fågel ,0.0,µg
1167,Kyckling lår rå m. skinn,Avfall (skal etc.),Fågel ,25.0,%
1167,Kyckling lår rå m. skinn,Aska,Fågel ,1.4,g
1167,Kyckling lår rå m. skinn,Alkohol,Fågel ,0.0,g
1168,Kyckling vinge rå m. skinn,"Zink, Zn",Fågel ,1.3,mg
1168,Kyckling vinge rå m. skinn,Vitamin E,Fågel ,2.2,mg
1168,Kyckling vinge rå m. skinn,Vitamin D,Fågel ,1.5,µg
1168,Kyckling vinge rå m. skinn,Vitamin C,Fågel ,0.0,mg
1168,Kyckling vinge rå m. skinn,Vitamin B6,Fågel ,0.46,mg
1168,Kyckling vinge rå m. skinn,Vitamin B12,Fågel ,0.51,µg
1168,Kyckling vinge rå m. skinn,Vitamin A,Fågel ,55.0,RE/µg
1168,Kyckling vinge rå m. skinn,Vatten,Fågel ,67.0,g
1168,Kyckling vinge rå m. skinn,Tiamin,Fågel ,0.1,mg
1168,Kyckling vinge rå m. skinn,Tillsatt socker,Fågel ,0.0,g
1168,Kyckling vinge rå m. skinn,Fritt socker,Fågel ,0.0,g
1168,Kyckling vinge rå m. skinn,"Selen, Se",Fågel ,10.0,µg
1168,Kyckling vinge rå m. skinn,Sackaros,Fågel ,0.0,g
1168,Kyckling vinge rå m. skinn,Riboflavin,Fågel ,0.13,mg
1168,Kyckling vinge rå m. skinn,Retinol,Fågel ,55.0,µg
1168,Kyckling vinge rå m. skinn,Protein,Fågel ,19.2,g
1168,Kyckling vinge rå m. skinn,Summa fleromättade fettsyror,Fågel ,1.7,g
1168,Kyckling vinge rå m. skinn,"Fosfor, P",Fågel ,139.0,mg
1168,Kyckling vinge rå m. skinn,Niacinekvivalenter,Fågel ,10.12,NE/mg
1168,Kyckling vinge rå m. skinn,Niacin,Fågel ,6.6,mg
1168,Kyckling vinge rå m. skinn,"Salt, NaCl",Fågel ,0.2,g
1168,Kyckling vinge rå m. skinn,"Natrium, Na",Fågel ,73.0,mg
1168,Kyckling vinge rå m. skinn,Monosackarider,Fågel ,0.0,g
1168,Kyckling vinge rå m. skinn,"Sockerarter, totalt",Fågel ,0.0,g
1168,Kyckling vinge rå m. skinn,Summa enkelomättade fettsyror,Fågel ,5.7,g
1168,Kyckling vinge rå m. skinn,"Magnesium, Mg",Fågel ,18.0,mg
1168,Kyckling vinge rå m. skinn,Summa mättade fettsyror,Fågel ,3.8,g
1168,Kyckling vinge rå m. skinn,"Kolhydrater, tillgängliga",Fågel ,0.0,g
1168,Kyckling vinge rå m. skinn,Kolesterol,Fågel ,77.0,mg
1168,Kyckling vinge rå m. skinn,"Kalium, K",Fågel ,156.0,mg
1168,Kyckling vinge rå m. skinn,"Jod, I",Fågel ,2.0,µg
1168,Kyckling vinge rå m. skinn,Fullkorn totalt,Fågel ,0.0,g
1168,Kyckling vinge rå m. skinn,"Folat, totalt",Fågel ,23.0,µg
1168,Kyckling vinge rå m. skinn,Fibrer,Fågel ,0.0,g
1168,Kyckling vinge rå m. skinn,"Fett, totalt",Fågel ,12.2,g
1168,Kyckling vinge rå m. skinn,"Järn, Fe",Fågel ,1.4,mg
1168,Kyckling vinge rå m. skinn,Energi (kJ),Fågel ,778.0,kJ
1168,Kyckling vinge rå m. skinn,Energi (kcal),Fågel ,186.0,kcal
1168,Kyckling vinge rå m. skinn,Disackarider,Fågel ,0.0,g
1168,Kyckling vinge rå m. skinn,"Kalcium, Ca",Fågel ,14.0,mg
1168,Kyckling vinge rå m. skinn,Fettsyra 4:0-10:0,Fågel ,0.0,g
1168,Kyckling vinge rå m. skinn,DHA (C22:6),Fågel ,0.1,g
1168,Kyckling vinge rå m. skinn,DPA (C22:5),Fågel ,0.0,g
1168,Kyckling vinge rå m. skinn,EPA (C20:5),Fågel ,0.0,g
1168,Kyckling vinge rå m. skinn,Arakidonsyra C20:4,Fågel ,0.1,g
1168,Kyckling vinge rå m. skinn,Arakidinsyra C20:0,Fågel ,0.0,g
1168,Kyckling vinge rå m. skinn,Linolensyra C18:3,Fågel ,0.1,g
1168,Kyckling vinge rå m. skinn,Linolsyra C18:2,Fågel ,1.4,g
1168,Kyckling vinge rå m. skinn,Oljesyra C18:1,Fågel ,4.6,g
1168,Kyckling vinge rå m. skinn,Stearinsyra C18:0,Fågel ,0.8,g
1168,Kyckling vinge rå m. skinn,Palmitoljesyra C16:1,Fågel ,0.9,g
1168,Kyckling vinge rå m. skinn,Palmitinsyra C16:0,Fågel ,2.8,g
1168,Kyckling vinge rå m. skinn,Myristinsyra C14:0,Fågel ,0.1,g
1168,Kyckling vinge rå m. skinn,Laurinsyra C12:0,Fågel ,0.0,g
1168,Kyckling vinge rå m. skinn,Betakaroten/β-Karoten,Fågel ,0.0,µg
1168,Kyckling vinge rå m. skinn,Avfall (skal etc.),Fågel ,38.0,%
1168,Kyckling vinge rå m. skinn,Aska,Fågel ,1.5,g
1168,Kyckling vinge rå m. skinn,Alkohol,Fågel ,0.0,g
1169,Ripa rå,"Zink, Zn",Fågel ,1.5,mg
1169,Ripa rå,Vitamin E,Fågel ,0.1,mg
1169,Ripa rå,Vitamin D,Fågel ,0.4,µg
1169,Ripa rå,Vitamin C,Fågel ,0.0,mg
1169,Ripa rå,Vitamin B6,Fågel ,0.63,mg
1169,Ripa rå,Vitamin B12,Fågel ,0.8,µg
1169,Ripa rå,Vitamin A,Fågel ,49.0,RE/µg
1169,Ripa rå,Vatten,Fågel ,73.1,g
1169,Ripa rå,Tiamin,Fågel ,0.22,mg
1169,Ripa rå,Tillsatt socker,Fågel ,0.0,g
1169,Ripa rå,Fritt socker,Fågel ,0.0,g
1169,Ripa rå,"Selen, Se",Fågel ,20.0,µg
1169,Ripa rå,Sackaros,Fågel ,0.0,g
1169,Ripa rå,Riboflavin,Fågel ,0.53,mg
1169,Ripa rå,Retinol,Fågel ,49.0,µg
1169,Ripa rå,Protein,Fågel ,23.5,g
1169,Ripa rå,Summa fleromättade fettsyror,Fågel ,0.2,g
1169,Ripa rå,"Fosfor, P",Fågel ,290.0,mg
1169,Ripa rå,Niacinekvivalenter,Fågel ,11.41,NE/mg
1169,Ripa rå,Niacin,Fågel ,7.1,mg
1169,Ripa rå,"Salt, NaCl",Fågel ,0.1,g
1169,Ripa rå,"Natrium, Na",Fågel ,37.0,mg
1169,Ripa rå,Monosackarider,Fågel ,0.0,g
1169,Ripa rå,"Sockerarter, totalt",Fågel ,0.0,g
1169,Ripa rå,Summa enkelomättade fettsyror,Fågel ,0.9,g
1169,Ripa rå,"Magnesium, Mg",Fågel ,36.0,mg
1169,Ripa rå,Summa mättade fettsyror,Fågel ,0.6,g
1169,Ripa rå,"Kolhydrater, tillgängliga",Fågel ,0.0,g
1169,Ripa rå,Kolesterol,Fågel ,77.0,mg
1169,Ripa rå,"Kalium, K",Fågel ,390.0,mg
1169,Ripa rå,"Jod, I",Fågel ,8.0,µg
1169,Ripa rå,Fullkorn totalt,Fågel ,0.0,g
1169,Ripa rå,"Folat, totalt",Fågel ,25.0,µg
1169,Ripa rå,Fibrer,Fågel ,0.0,g
1169,Ripa rå,"Fett, totalt",Fågel ,2.0,g
1169,Ripa rå,"Järn, Fe",Fågel ,7.5,mg
1169,Ripa rå,Energi (kJ),Fågel ,474.0,kJ
1169,Ripa rå,Energi (kcal),Fågel ,113.0,kcal
1169,Ripa rå,Disackarider,Fågel ,0.0,g
1169,Ripa rå,"Kalcium, Ca",Fågel ,40.0,mg
1169,Ripa rå,Fettsyra 4:0-10:0,Fågel ,0.0,g
1169,Ripa rå,DHA (C22:6),Fågel ,0.0,g
1169,Ripa rå,DPA (C22:5),Fågel ,0.0,g
1169,Ripa rå,EPA (C20:5),Fågel ,0.0,g
1169,Ripa rå,Arakidonsyra C20:4,Fågel ,0.0,g
1169,Ripa rå,Arakidinsyra C20:0,Fågel ,0.0,g
1169,Ripa rå,Linolensyra C18:3,Fågel ,0.0,g
1169,Ripa rå,Linolsyra C18:2,Fågel ,0.2,g
1169,Ripa rå,Oljesyra C18:1,Fågel ,0.6,g
1169,Ripa rå,Stearinsyra C18:0,Fågel ,0.1,g
1169,Ripa rå,Palmitoljesyra C16:1,Fågel ,0.2,g
1169,Ripa rå,Palmitinsyra C16:0,Fågel ,0.4,g
1169,Ripa rå,Myristinsyra C14:0,Fågel ,0.0,g
1169,Ripa rå,Laurinsyra C12:0,Fågel ,0.0,g
1169,Ripa rå,Betakaroten/β-Karoten,Fågel ,0.0,µg
1169,Ripa rå,Avfall (skal etc.),Fågel ,0.0,%
1169,Ripa rå,Aska,Fågel ,1.4,g
1169,Ripa rå,Alkohol,Fågel ,0.0,g
1170,Kyckling bröstfilé färsk stekt u. skinn,"Zink, Zn",Fågel ,0.8,mg
1170,Kyckling bröstfilé färsk stekt u. skinn,Vitamin E,Fågel ,1.3,mg
1170,Kyckling bröstfilé färsk stekt u. skinn,Vitamin D,Fågel ,0.41,µg
1170,Kyckling bröstfilé färsk stekt u. skinn,Vitamin C,Fågel ,0.0,mg
1170,Kyckling bröstfilé färsk stekt u. skinn,Vitamin B6,Fågel ,0.65,mg
1170,Kyckling bröstfilé färsk stekt u. skinn,Vitamin B12,Fågel ,0.22,µg
1170,Kyckling bröstfilé färsk stekt u. skinn,Vitamin A,Fågel ,11.0,RE/µg
1170,Kyckling bröstfilé färsk stekt u. skinn,Vatten,Fågel ,73.2,g
1170,Kyckling bröstfilé färsk stekt u. skinn,Tiamin,Fågel ,0.21,mg
1170,Kyckling bröstfilé färsk stekt u. skinn,Tillsatt socker,Fågel ,0.0,g
1170,Kyckling bröstfilé färsk stekt u. skinn,Fritt socker,Fågel ,0.0,g
1170,Kyckling bröstfilé färsk stekt u. skinn,"Selen, Se",Fågel ,16.0,µg
1170,Kyckling bröstfilé färsk stekt u. skinn,Sackaros,Fågel ,0.0,g
1170,Kyckling bröstfilé färsk stekt u. skinn,Riboflavin,Fågel ,0.16,mg
1170,Kyckling bröstfilé färsk stekt u. skinn,Retinol,Fågel ,11.0,µg
1170,Kyckling bröstfilé färsk stekt u. skinn,Protein,Fågel ,23.0,g
1170,Kyckling bröstfilé färsk stekt u. skinn,Summa fleromättade fettsyror,Fågel ,0.6,g
1170,Kyckling bröstfilé färsk stekt u. skinn,"Fosfor, P",Fågel ,317.0,mg
1170,Kyckling bröstfilé färsk stekt u. skinn,Niacinekvivalenter,Fågel ,18.5,NE/mg
1170,Kyckling bröstfilé färsk stekt u. skinn,Niacin,Fågel ,14.3,mg
1170,Kyckling bröstfilé färsk stekt u. skinn,"Salt, NaCl",Fågel ,0.2,g
1170,Kyckling bröstfilé färsk stekt u. skinn,"Natrium, Na",Fågel ,72.0,mg
1170,Kyckling bröstfilé färsk stekt u. skinn,Monosackarider,Fågel ,0.0,g
1170,Kyckling bröstfilé färsk stekt u. skinn,"Sockerarter, totalt",Fågel ,0.0,g
1170,Kyckling bröstfilé färsk stekt u. skinn,Summa enkelomättade fettsyror,Fågel ,1.0,g
1170,Kyckling bröstfilé färsk stekt u. skinn,"Magnesium, Mg",Fågel ,40.0,mg
1170,Kyckling bröstfilé färsk stekt u. skinn,Summa mättade fettsyror,Fågel ,0.7,g
1170,Kyckling bröstfilé färsk stekt u. skinn,"Kolhydrater, tillgängliga",Fågel ,0.0,g
1170,Kyckling bröstfilé färsk stekt u. skinn,Kolesterol,Fågel ,96.0,mg
1170,Kyckling bröstfilé färsk stekt u. skinn,"Kalium, K",Fågel ,374.0,mg
1170,Kyckling bröstfilé färsk stekt u. skinn,"Jod, I",Fågel ,0.0,µg
1170,Kyckling bröstfilé färsk stekt u. skinn,Fullkorn totalt,Fågel ,0.0,g
1170,Kyckling bröstfilé färsk stekt u. skinn,"Folat, totalt",Fågel ,11.8,µg
1170,Kyckling bröstfilé färsk stekt u. skinn,Fibrer,Fågel ,0.0,g
1170,Kyckling bröstfilé färsk stekt u. skinn,"Fett, totalt",Fågel ,2.5,g
1170,Kyckling bröstfilé färsk stekt u. skinn,"Järn, Fe",Fågel ,0.4,mg
1170,Kyckling bröstfilé färsk stekt u. skinn,Energi (kJ),Fågel ,484.0,kJ
1170,Kyckling bröstfilé färsk stekt u. skinn,Energi (kcal),Fågel ,116.0,kcal
1170,Kyckling bröstfilé färsk stekt u. skinn,Disackarider,Fågel ,0.0,g
1170,Kyckling bröstfilé färsk stekt u. skinn,"Kalcium, Ca",Fågel ,5.0,mg
1170,Kyckling bröstfilé färsk stekt u. skinn,Fettsyra 4:0-10:0,Fågel ,0.0,g
1170,Kyckling bröstfilé färsk stekt u. skinn,DHA (C22:6),Fågel ,0.0,g
1170,Kyckling bröstfilé färsk stekt u. skinn,DPA (C22:5),Fågel ,0.0,g
1170,Kyckling bröstfilé färsk stekt u. skinn,EPA (C20:5),Fågel ,0.0,g
1170,Kyckling bröstfilé färsk stekt u. skinn,Arakidonsyra C20:4,Fågel ,0.1,g
1170,Kyckling bröstfilé färsk stekt u. skinn,Arakidinsyra C20:0,Fågel ,0.0,g
1170,Kyckling bröstfilé färsk stekt u. skinn,Linolensyra C18:3,Fågel ,0.1,g
1170,Kyckling bröstfilé färsk stekt u. skinn,Linolsyra C18:2,Fågel ,0.4,g
1170,Kyckling bröstfilé färsk stekt u. skinn,Oljesyra C18:1,Fågel ,0.9,g
1170,Kyckling bröstfilé färsk stekt u. skinn,Stearinsyra C18:0,Fågel ,0.2,g
1170,Kyckling bröstfilé färsk stekt u. skinn,Palmitoljesyra C16:1,Fågel ,0.1,g
1170,Kyckling bröstfilé färsk stekt u. skinn,Palmitinsyra C16:0,Fågel ,0.5,g
1170,Kyckling bröstfilé färsk stekt u. skinn,Myristinsyra C14:0,Fågel ,0.0,g
1170,Kyckling bröstfilé färsk stekt u. skinn,Laurinsyra C12:0,Fågel ,0.0,g
1170,Kyckling bröstfilé färsk stekt u. skinn,Betakaroten/β-Karoten,Fågel ,0.0,µg
1170,Kyckling bröstfilé färsk stekt u. skinn,Avfall (skal etc.),Fågel ,0.0,%
1170,Kyckling bröstfilé färsk stekt u. skinn,Aska,Fågel ,1.3,g
1170,Kyckling bröstfilé färsk stekt u. skinn,Alkohol,Fågel ,0.0,g
1171,Kyckling ben rå m. skinn,"Zink, Zn",Fågel ,2.0,mg
1171,Kyckling ben rå m. skinn,Vitamin E,Fågel ,2.2,mg
1171,Kyckling ben rå m. skinn,Vitamin D,Fågel ,1.5,µg
1171,Kyckling ben rå m. skinn,Vitamin C,Fågel ,0.0,mg
1171,Kyckling ben rå m. skinn,Vitamin B6,Fågel ,0.3,mg
1171,Kyckling ben rå m. skinn,Vitamin B12,Fågel ,0.63,µg
1171,Kyckling ben rå m. skinn,Vitamin A,Fågel ,35.0,RE/µg
1171,Kyckling ben rå m. skinn,Vatten,Fågel ,66.4,g
1171,Kyckling ben rå m. skinn,Tiamin,Fågel ,0.16,mg
1171,Kyckling ben rå m. skinn,Tillsatt socker,Fågel ,0.0,g
1171,Kyckling ben rå m. skinn,Fritt socker,Fågel ,0.0,g
1171,Kyckling ben rå m. skinn,"Selen, Se",Fågel ,10.0,µg
1171,Kyckling ben rå m. skinn,Sackaros,Fågel ,0.0,g
1171,Kyckling ben rå m. skinn,Riboflavin,Fågel ,0.24,mg
1171,Kyckling ben rå m. skinn,Retinol,Fågel ,35.0,µg
1171,Kyckling ben rå m. skinn,Protein,Fågel ,19.3,g
1171,Kyckling ben rå m. skinn,Summa fleromättade fettsyror,Fågel ,1.9,g
1171,Kyckling ben rå m. skinn,"Fosfor, P",Fågel ,154.0,mg
1171,Kyckling ben rå m. skinn,Niacinekvivalenter,Fågel ,8.83,NE/mg
1171,Kyckling ben rå m. skinn,Niacin,Fågel ,5.3,mg
1171,Kyckling ben rå m. skinn,"Salt, NaCl",Fågel ,0.2,g
1171,Kyckling ben rå m. skinn,"Natrium, Na",Fågel ,83.0,mg
1171,Kyckling ben rå m. skinn,Monosackarider,Fågel ,0.0,g
1171,Kyckling ben rå m. skinn,"Sockerarter, totalt",Fågel ,0.0,g
1171,Kyckling ben rå m. skinn,Summa enkelomättade fettsyror,Fågel ,6.3,g
1171,Kyckling ben rå m. skinn,"Magnesium, Mg",Fågel ,21.0,mg
1171,Kyckling ben rå m. skinn,Summa mättade fettsyror,Fågel ,4.2,g
1171,Kyckling ben rå m. skinn,"Kolhydrater, tillgängliga",Fågel ,0.0,g
1171,Kyckling ben rå m. skinn,Kolesterol,Fågel ,81.0,mg
1171,Kyckling ben rå m. skinn,"Kalium, K",Fågel ,206.0,mg
1171,Kyckling ben rå m. skinn,"Jod, I",Fågel ,1.8,µg
1171,Kyckling ben rå m. skinn,Fullkorn totalt,Fågel ,0.0,g
1171,Kyckling ben rå m. skinn,"Folat, totalt",Fågel ,23.0,µg
1171,Kyckling ben rå m. skinn,Fibrer,Fågel ,0.0,g
1171,Kyckling ben rå m. skinn,"Fett, totalt",Fågel ,13.5,g
1171,Kyckling ben rå m. skinn,"Järn, Fe",Fågel ,1.0,mg
1171,Kyckling ben rå m. skinn,Energi (kJ),Fågel ,827.0,kJ
1171,Kyckling ben rå m. skinn,Energi (kcal),Fågel ,198.0,kcal
1171,Kyckling ben rå m. skinn,Disackarider,Fågel ,0.0,g
1171,Kyckling ben rå m. skinn,"Kalcium, Ca",Fågel ,11.0,mg
1171,Kyckling ben rå m. skinn,Fettsyra 4:0-10:0,Fågel ,0.0,g
1171,Kyckling ben rå m. skinn,DHA (C22:6),Fågel ,0.1,g
1171,Kyckling ben rå m. skinn,DPA (C22:5),Fågel ,0.0,g
1171,Kyckling ben rå m. skinn,EPA (C20:5),Fågel ,0.0,g
1171,Kyckling ben rå m. skinn,Arakidonsyra C20:4,Fågel ,0.1,g
1171,Kyckling ben rå m. skinn,Arakidinsyra C20:0,Fågel ,0.0,g
1171,Kyckling ben rå m. skinn,Linolensyra C18:3,Fågel ,0.1,g
1171,Kyckling ben rå m. skinn,Linolsyra C18:2,Fågel ,1.5,g
1171,Kyckling ben rå m. skinn,Oljesyra C18:1,Fågel ,5.1,g
1171,Kyckling ben rå m. skinn,Stearinsyra C18:0,Fågel ,0.9,g
1171,Kyckling ben rå m. skinn,Palmitoljesyra C16:1,Fågel ,1.0,g
1171,Kyckling ben rå m. skinn,Palmitinsyra C16:0,Fågel ,3.1,g
1171,Kyckling ben rå m. skinn,Myristinsyra C14:0,Fågel ,0.1,g
1171,Kyckling ben rå m. skinn,Laurinsyra C12:0,Fågel ,0.0,g
1171,Kyckling ben rå m. skinn,Betakaroten/β-Karoten,Fågel ,0.0,µg
1171,Kyckling ben rå m. skinn,Avfall (skal etc.),Fågel ,42.0,%
1171,Kyckling ben rå m. skinn,Aska,Fågel ,0.9,g
1171,Kyckling ben rå m. skinn,Alkohol,Fågel ,0.0,g
1172,Kyckling bröstfilé strimlad wokad u. skinn m. rapsolja,"Zink, Zn",Fågel ,0.8,mg
1172,Kyckling bröstfilé strimlad wokad u. skinn m. rapsolja,Vitamin E,Fågel ,1.5,mg
1172,Kyckling bröstfilé strimlad wokad u. skinn m. rapsolja,Vitamin D,Fågel ,0.0,µg
1172,Kyckling bröstfilé strimlad wokad u. skinn m. rapsolja,Vitamin C,Fågel ,0.0,mg
1172,Kyckling bröstfilé strimlad wokad u. skinn m. rapsolja,Vitamin B6,Fågel ,0.75,mg
1172,Kyckling bröstfilé strimlad wokad u. skinn m. rapsolja,Vitamin B12,Fågel ,0.24,µg
1172,Kyckling bröstfilé strimlad wokad u. skinn m. rapsolja,Vitamin A,Fågel ,6.1,RE/µg
1172,Kyckling bröstfilé strimlad wokad u. skinn m. rapsolja,Vatten,Fågel ,63.1,g
1172,Kyckling bröstfilé strimlad wokad u. skinn m. rapsolja,Tiamin,Fågel ,0.21,mg
1172,Kyckling bröstfilé strimlad wokad u. skinn m. rapsolja,Tillsatt socker,Fågel ,0.0,g
1172,Kyckling bröstfilé strimlad wokad u. skinn m. rapsolja,Fritt socker,Fågel ,0.0,g
1172,Kyckling bröstfilé strimlad wokad u. skinn m. rapsolja,"Selen, Se",Fågel ,15.0,µg
1172,Kyckling bröstfilé strimlad wokad u. skinn m. rapsolja,Sackaros,Fågel ,0.0,g
1172,Kyckling bröstfilé strimlad wokad u. skinn m. rapsolja,Riboflavin,Fågel ,0.15,mg
1172,Kyckling bröstfilé strimlad wokad u. skinn m. rapsolja,Retinol,Fågel ,6.1,µg
1172,Kyckling bröstfilé strimlad wokad u. skinn m. rapsolja,Protein,Fågel ,29.4,g
1172,Kyckling bröstfilé strimlad wokad u. skinn m. rapsolja,Summa fleromättade fettsyror,Fågel ,1.4,g
1172,Kyckling bröstfilé strimlad wokad u. skinn m. rapsolja,"Fosfor, P",Fågel ,297.0,mg
1172,Kyckling bröstfilé strimlad wokad u. skinn m. rapsolja,Niacinekvivalenter,Fågel ,21.6,NE/mg
1172,Kyckling bröstfilé strimlad wokad u. skinn m. rapsolja,Niacin,Fågel ,16.2,mg
1172,Kyckling bröstfilé strimlad wokad u. skinn m. rapsolja,"Salt, NaCl",Fågel ,1.0,g
1172,Kyckling bröstfilé strimlad wokad u. skinn m. rapsolja,"Natrium, Na",Fågel ,396.0,mg
1172,Kyckling bröstfilé strimlad wokad u. skinn m. rapsolja,Monosackarider,Fågel ,0.2,g
1172,Kyckling bröstfilé strimlad wokad u. skinn m. rapsolja,"Sockerarter, totalt",Fågel ,0.2,g
1172,Kyckling bröstfilé strimlad wokad u. skinn m. rapsolja,Summa enkelomättade fettsyror,Fågel ,2.6,g
1172,Kyckling bröstfilé strimlad wokad u. skinn m. rapsolja,"Magnesium, Mg",Fågel ,38.0,mg
1172,Kyckling bröstfilé strimlad wokad u. skinn m. rapsolja,Summa mättade fettsyror,Fågel ,0.7,g
1172,Kyckling bröstfilé strimlad wokad u. skinn m. rapsolja,"Kolhydrater, tillgängliga",Fågel ,0.0,g
1172,Kyckling bröstfilé strimlad wokad u. skinn m. rapsolja,Kolesterol,Fågel ,106.0,mg
1172,Kyckling bröstfilé strimlad wokad u. skinn m. rapsolja,"Kalium, K",Fågel ,445.0,mg
1172,Kyckling bröstfilé strimlad wokad u. skinn m. rapsolja,"Jod, I",Fågel ,3.0,µg
1172,Kyckling bröstfilé strimlad wokad u. skinn m. rapsolja,Fullkorn totalt,Fågel ,0.0,g
1172,Kyckling bröstfilé strimlad wokad u. skinn m. rapsolja,"Folat, totalt",Fågel ,18.5,µg
1172,Kyckling bröstfilé strimlad wokad u. skinn m. rapsolja,Fibrer,Fågel ,0.0,g
1172,Kyckling bröstfilé strimlad wokad u. skinn m. rapsolja,"Fett, totalt",Fågel ,5.0,g
1172,Kyckling bröstfilé strimlad wokad u. skinn m. rapsolja,"Järn, Fe",Fågel ,0.4,mg
1172,Kyckling bröstfilé strimlad wokad u. skinn m. rapsolja,Energi (kJ),Fågel ,685.0,kJ
1172,Kyckling bröstfilé strimlad wokad u. skinn m. rapsolja,Energi (kcal),Fågel ,164.0,kcal
1172,Kyckling bröstfilé strimlad wokad u. skinn m. rapsolja,Disackarider,Fågel ,0.0,g
1172,Kyckling bröstfilé strimlad wokad u. skinn m. rapsolja,"Kalcium, Ca",Fågel ,5.0,mg
1172,Kyckling bröstfilé strimlad wokad u. skinn m. rapsolja,Fettsyra 4:0-10:0,Fågel ,0.0,g
1172,Kyckling bröstfilé strimlad wokad u. skinn m. rapsolja,DHA (C22:6),Fågel ,0.0,g
1172,Kyckling bröstfilé strimlad wokad u. skinn m. rapsolja,DPA (C22:5),Fågel ,0.0,g
1172,Kyckling bröstfilé strimlad wokad u. skinn m. rapsolja,EPA (C20:5),Fågel ,0.0,g
1172,Kyckling bröstfilé strimlad wokad u. skinn m. rapsolja,Arakidonsyra C20:4,Fågel ,0.0,g
1172,Kyckling bröstfilé strimlad wokad u. skinn m. rapsolja,Arakidinsyra C20:0,Fågel ,0.0,g
1172,Kyckling bröstfilé strimlad wokad u. skinn m. rapsolja,Linolensyra C18:3,Fågel ,0.3,g
1172,Kyckling bröstfilé strimlad wokad u. skinn m. rapsolja,Linolsyra C18:2,Fågel ,0.9,g
1172,Kyckling bröstfilé strimlad wokad u. skinn m. rapsolja,Oljesyra C18:1,Fågel ,2.4,g
1172,Kyckling bröstfilé strimlad wokad u. skinn m. rapsolja,Stearinsyra C18:0,Fågel ,0.2,g
1172,Kyckling bröstfilé strimlad wokad u. skinn m. rapsolja,Palmitoljesyra C16:1,Fågel ,0.1,g
1172,Kyckling bröstfilé strimlad wokad u. skinn m. rapsolja,Palmitinsyra C16:0,Fågel ,0.5,g
1172,Kyckling bröstfilé strimlad wokad u. skinn m. rapsolja,Myristinsyra C14:0,Fågel ,0.0,g
1172,Kyckling bröstfilé strimlad wokad u. skinn m. rapsolja,Laurinsyra C12:0,Fågel ,0.0,g
1172,Kyckling bröstfilé strimlad wokad u. skinn m. rapsolja,Betakaroten/β-Karoten,Fågel ,0.0,µg
1172,Kyckling bröstfilé strimlad wokad u. skinn m. rapsolja,Avfall (skal etc.),Fågel ,0.0,%
1172,Kyckling bröstfilé strimlad wokad u. skinn m. rapsolja,Aska,Fågel ,2.3,g
1172,Kyckling bröstfilé strimlad wokad u. skinn m. rapsolja,Alkohol,Fågel ,0.0,g
1173,Kyckling bröstfilé rå u. skinn,"Zink, Zn",Fågel ,0.8,mg
1173,Kyckling bröstfilé rå u. skinn,Vitamin E,Fågel ,1.1,mg
1173,Kyckling bröstfilé rå u. skinn,Vitamin D,Fågel ,0.4,µg
1173,Kyckling bröstfilé rå u. skinn,Vitamin C,Fågel ,0.0,mg
1173,Kyckling bröstfilé rå u. skinn,Vitamin B6,Fågel ,0.9,mg
1173,Kyckling bröstfilé rå u. skinn,Vitamin B12,Fågel ,0.26,µg
1173,Kyckling bröstfilé rå u. skinn,Vitamin A,Fågel ,7.0,RE/µg
1173,Kyckling bröstfilé rå u. skinn,Vatten,Fågel ,74.7,g
1173,Kyckling bröstfilé rå u. skinn,Tiamin,Fågel ,0.24,mg
1173,Kyckling bröstfilé rå u. skinn,Tillsatt socker,Fågel ,0.0,g
1173,Kyckling bröstfilé rå u. skinn,Fritt socker,Fågel ,0.0,g
1173,Kyckling bröstfilé rå u. skinn,"Selen, Se",Fågel ,11.2,µg
1173,Kyckling bröstfilé rå u. skinn,Sackaros,Fågel ,0.0,g
1173,Kyckling bröstfilé rå u. skinn,Riboflavin,Fågel ,0.14,mg
1173,Kyckling bröstfilé rå u. skinn,Retinol,Fågel ,7.0,µg
1173,Kyckling bröstfilé rå u. skinn,Protein,Fågel ,23.1,g
1173,Kyckling bröstfilé rå u. skinn,Summa fleromättade fettsyror,Fågel ,0.2,g
1173,Kyckling bröstfilé rå u. skinn,"Fosfor, P",Fågel ,196.0,mg
1173,Kyckling bröstfilé rå u. skinn,Niacinekvivalenter,Fågel ,16.24,NE/mg
1173,Kyckling bröstfilé rå u. skinn,Niacin,Fågel ,12.0,mg
1173,Kyckling bröstfilé rå u. skinn,"Salt, NaCl",Fågel ,0.2,g
1173,Kyckling bröstfilé rå u. skinn,"Natrium, Na",Fågel ,65.0,mg
1173,Kyckling bröstfilé rå u. skinn,Monosackarider,Fågel ,0.0,g
1173,Kyckling bröstfilé rå u. skinn,"Sockerarter, totalt",Fågel ,0.0,g
1173,Kyckling bröstfilé rå u. skinn,Summa enkelomättade fettsyror,Fågel ,0.6,g
1173,Kyckling bröstfilé rå u. skinn,"Magnesium, Mg",Fågel ,28.0,mg
1173,Kyckling bröstfilé rå u. skinn,Summa mättade fettsyror,Fågel ,0.4,g
1173,Kyckling bröstfilé rå u. skinn,"Kolhydrater, tillgängliga",Fågel ,0.0,g
1173,Kyckling bröstfilé rå u. skinn,Kolesterol,Fågel ,58.0,mg
1173,Kyckling bröstfilé rå u. skinn,"Kalium, K",Fågel ,255.0,mg
1173,Kyckling bröstfilé rå u. skinn,"Jod, I",Fågel ,0.0,µg
1173,Kyckling bröstfilé rå u. skinn,Fullkorn totalt,Fågel ,0.0,g
1173,Kyckling bröstfilé rå u. skinn,"Folat, totalt",Fågel ,23.0,µg
1173,Kyckling bröstfilé rå u. skinn,Fibrer,Fågel ,0.0,g
1173,Kyckling bröstfilé rå u. skinn,"Fett, totalt",Fågel ,1.2,g
1173,Kyckling bröstfilé rå u. skinn,"Järn, Fe",Fågel ,0.7,mg
1173,Kyckling bröstfilé rå u. skinn,Energi (kJ),Fågel ,437.0,kJ
1173,Kyckling bröstfilé rå u. skinn,Energi (kcal),Fågel ,104.0,kcal
1173,Kyckling bröstfilé rå u. skinn,Disackarider,Fågel ,0.0,g
1173,Kyckling bröstfilé rå u. skinn,"Kalcium, Ca",Fågel ,11.0,mg
1173,Kyckling bröstfilé rå u. skinn,Fettsyra 4:0-10:0,Fågel ,0.0,g
1173,Kyckling bröstfilé rå u. skinn,DHA (C22:6),Fågel ,0.0,g
1173,Kyckling bröstfilé rå u. skinn,DPA (C22:5),Fågel ,0.0,g
1173,Kyckling bröstfilé rå u. skinn,EPA (C20:5),Fågel ,0.0,g
1173,Kyckling bröstfilé rå u. skinn,Arakidonsyra C20:4,Fågel ,0.0,g
1173,Kyckling bröstfilé rå u. skinn,Arakidinsyra C20:0,Fågel ,0.0,g
1173,Kyckling bröstfilé rå u. skinn,Linolensyra C18:3,Fågel ,0.0,g
1173,Kyckling bröstfilé rå u. skinn,Linolsyra C18:2,Fågel ,0.1,g
1173,Kyckling bröstfilé rå u. skinn,Oljesyra C18:1,Fågel ,0.5,g
1173,Kyckling bröstfilé rå u. skinn,Stearinsyra C18:0,Fågel ,0.1,g
1173,Kyckling bröstfilé rå u. skinn,Palmitoljesyra C16:1,Fågel ,0.1,g
1173,Kyckling bröstfilé rå u. skinn,Palmitinsyra C16:0,Fågel ,0.3,g
1173,Kyckling bröstfilé rå u. skinn,Myristinsyra C14:0,Fågel ,0.0,g
1173,Kyckling bröstfilé rå u. skinn,Laurinsyra C12:0,Fågel ,0.0,g
1173,Kyckling bröstfilé rå u. skinn,Betakaroten/β-Karoten,Fågel ,0.0,µg
1173,Kyckling bröstfilé rå u. skinn,Avfall (skal etc.),Fågel ,0.0,%
1173,Kyckling bröstfilé rå u. skinn,Aska,Fågel ,1.0,g
1173,Kyckling bröstfilé rå u. skinn,Alkohol,Fågel ,0.0,g
1174,Kyckling lår rå u. skinn,"Zink, Zn",Fågel ,1.9,mg
1174,Kyckling lår rå u. skinn,Vitamin E,Fågel ,1.1,mg
1174,Kyckling lår rå u. skinn,Vitamin D,Fågel ,0.4,µg
1174,Kyckling lår rå u. skinn,Vitamin C,Fågel ,0.0,mg
1174,Kyckling lår rå u. skinn,Vitamin B6,Fågel ,0.33,mg
1174,Kyckling lår rå u. skinn,Vitamin B12,Fågel ,0.35,µg
1174,Kyckling lår rå u. skinn,Vitamin A,Fågel ,20.0,RE/µg
1174,Kyckling lår rå u. skinn,Vatten,Fågel ,75.5,g
1174,Kyckling lår rå u. skinn,Tiamin,Fågel ,0.08,mg
1174,Kyckling lår rå u. skinn,Tillsatt socker,Fågel ,0.0,g
1174,Kyckling lår rå u. skinn,Fritt socker,Fågel ,0.0,g
1174,Kyckling lår rå u. skinn,"Selen, Se",Fågel ,11.2,µg
1174,Kyckling lår rå u. skinn,Sackaros,Fågel ,0.0,g
1174,Kyckling lår rå u. skinn,Riboflavin,Fågel ,0.19,mg
1174,Kyckling lår rå u. skinn,Retinol,Fågel ,20.0,µg
1174,Kyckling lår rå u. skinn,Protein,Fågel ,19.6,g
1174,Kyckling lår rå u. skinn,Summa fleromättade fettsyror,Fågel ,0.6,g
1174,Kyckling lår rå u. skinn,"Fosfor, P",Fågel ,168.0,mg
1174,Kyckling lår rå u. skinn,Niacinekvivalenter,Fågel ,9.92,NE/mg
1174,Kyckling lår rå u. skinn,Niacin,Fågel ,6.33,mg
1174,Kyckling lår rå u. skinn,"Salt, NaCl",Fågel ,0.2,g
1174,Kyckling lår rå u. skinn,"Natrium, Na",Fågel ,86.0,mg
1174,Kyckling lår rå u. skinn,Monosackarider,Fågel ,0.0,g
1174,Kyckling lår rå u. skinn,"Sockerarter, totalt",Fågel ,0.0,g
1174,Kyckling lår rå u. skinn,Summa enkelomättade fettsyror,Fågel ,1.9,g
1174,Kyckling lår rå u. skinn,"Magnesium, Mg",Fågel ,24.0,mg
1174,Kyckling lår rå u. skinn,Summa mättade fettsyror,Fågel ,1.2,g
1174,Kyckling lår rå u. skinn,"Kolhydrater, tillgängliga",Fågel ,0.0,g
1174,Kyckling lår rå u. skinn,Kolesterol,Fågel ,83.0,mg
1174,Kyckling lår rå u. skinn,"Kalium, K",Fågel ,231.0,mg
1174,Kyckling lår rå u. skinn,"Jod, I",Fågel ,1.8,µg
1174,Kyckling lår rå u. skinn,Fullkorn totalt,Fågel ,0.0,g
1174,Kyckling lår rå u. skinn,"Folat, totalt",Fågel ,23.0,µg
1174,Kyckling lår rå u. skinn,Fibrer,Fågel ,0.0,g
1174,Kyckling lår rå u. skinn,"Fett, totalt",Fågel ,3.9,g
1174,Kyckling lår rå u. skinn,"Järn, Fe",Fågel ,1.0,mg
1174,Kyckling lår rå u. skinn,Energi (kJ),Fågel ,478.0,kJ
1174,Kyckling lår rå u. skinn,Energi (kcal),Fågel ,114.0,kcal
1174,Kyckling lår rå u. skinn,Disackarider,Fågel ,0.0,g
1174,Kyckling lår rå u. skinn,"Kalcium, Ca",Fågel ,10.0,mg
1174,Kyckling lår rå u. skinn,Fettsyra 4:0-10:0,Fågel ,0.0,g
1174,Kyckling lår rå u. skinn,DHA (C22:6),Fågel ,0.0,g
1174,Kyckling lår rå u. skinn,DPA (C22:5),Fågel ,0.0,g
1174,Kyckling lår rå u. skinn,EPA (C20:5),Fågel ,0.0,g
1174,Kyckling lår rå u. skinn,Arakidonsyra C20:4,Fågel ,0.0,g
1174,Kyckling lår rå u. skinn,Arakidinsyra C20:0,Fågel ,0.0,g
1174,Kyckling lår rå u. skinn,Linolensyra C18:3,Fågel ,0.0,g
1174,Kyckling lår rå u. skinn,Linolsyra C18:2,Fågel ,0.4,g
1174,Kyckling lår rå u. skinn,Oljesyra C18:1,Fågel ,1.5,g
1174,Kyckling lår rå u. skinn,Stearinsyra C18:0,Fågel ,0.3,g
1174,Kyckling lår rå u. skinn,Palmitoljesyra C16:1,Fågel ,0.3,g
1174,Kyckling lår rå u. skinn,Palmitinsyra C16:0,Fågel ,0.9,g
1174,Kyckling lår rå u. skinn,Myristinsyra C14:0,Fågel ,0.0,g
1174,Kyckling lår rå u. skinn,Laurinsyra C12:0,Fågel ,0.0,g
1174,Kyckling lår rå u. skinn,Betakaroten/β-Karoten,Fågel ,0.0,µg
1174,Kyckling lår rå u. skinn,Avfall (skal etc.),Fågel ,0.0,%
1174,Kyckling lår rå u. skinn,Aska,Fågel ,1.0,g
1174,Kyckling lår rå u. skinn,Alkohol,Fågel ,0.0,g
1175,Kyckling delar marinerade m. skinn,"Zink, Zn",Fågelprodukter fågelrätter,1.4,mg
1175,Kyckling delar marinerade m. skinn,Vitamin E,Fågelprodukter fågelrätter,1.9,mg
1175,Kyckling delar marinerade m. skinn,Vitamin D,Fågelprodukter fågelrätter,1.5,µg
1175,Kyckling delar marinerade m. skinn,Vitamin C,Fågelprodukter fågelrätter,0.0,mg
1175,Kyckling delar marinerade m. skinn,Vitamin B6,Fågelprodukter fågelrätter,0.44,mg
1175,Kyckling delar marinerade m. skinn,Vitamin B12,Fågelprodukter fågelrätter,0.52,µg
1175,Kyckling delar marinerade m. skinn,Vitamin A,Fågelprodukter fågelrätter,41.0,RE/µg
1175,Kyckling delar marinerade m. skinn,Vatten,Fågelprodukter fågelrätter,68.6,g
1175,Kyckling delar marinerade m. skinn,Tiamin,Fågelprodukter fågelrätter,0.15,mg
1175,Kyckling delar marinerade m. skinn,Tillsatt socker,Fågelprodukter fågelrätter,0.0,g
1175,Kyckling delar marinerade m. skinn,Fritt socker,Fågelprodukter fågelrätter,0.0,g
1175,Kyckling delar marinerade m. skinn,"Selen, Se",Fågelprodukter fågelrätter,10.0,µg
1175,Kyckling delar marinerade m. skinn,Sackaros,Fågelprodukter fågelrätter,0.0,g
1175,Kyckling delar marinerade m. skinn,Riboflavin,Fågelprodukter fågelrätter,0.19,mg
1175,Kyckling delar marinerade m. skinn,Retinol,Fågelprodukter fågelrätter,41.0,µg
1175,Kyckling delar marinerade m. skinn,Protein,Fågelprodukter fågelrätter,17.0,g
1175,Kyckling delar marinerade m. skinn,Summa fleromättade fettsyror,Fågelprodukter fågelrätter,1.8,g
1175,Kyckling delar marinerade m. skinn,"Fosfor, P",Fågelprodukter fågelrätter,195.0,mg
1175,Kyckling delar marinerade m. skinn,Niacinekvivalenter,Fågelprodukter fågelrätter,9.52,NE/mg
1175,Kyckling delar marinerade m. skinn,Niacin,Fågelprodukter fågelrätter,6.4,mg
1175,Kyckling delar marinerade m. skinn,"Salt, NaCl",Fågelprodukter fågelrätter,1.5,g
1175,Kyckling delar marinerade m. skinn,"Natrium, Na",Fågelprodukter fågelrätter,600.0,mg
1175,Kyckling delar marinerade m. skinn,Monosackarider,Fågelprodukter fågelrätter,0.0,g
1175,Kyckling delar marinerade m. skinn,"Sockerarter, totalt",Fågelprodukter fågelrätter,0.0,g
1175,Kyckling delar marinerade m. skinn,Summa enkelomättade fettsyror,Fågelprodukter fågelrätter,5.8,g
1175,Kyckling delar marinerade m. skinn,"Magnesium, Mg",Fågelprodukter fågelrätter,22.0,mg
1175,Kyckling delar marinerade m. skinn,Summa mättade fettsyror,Fågelprodukter fågelrätter,3.8,g
1175,Kyckling delar marinerade m. skinn,"Kolhydrater, tillgängliga",Fågelprodukter fågelrätter,0.0,g
1175,Kyckling delar marinerade m. skinn,Kolesterol,Fågelprodukter fågelrätter,75.0,mg
1175,Kyckling delar marinerade m. skinn,"Kalium, K",Fågelprodukter fågelrätter,230.0,mg
1175,Kyckling delar marinerade m. skinn,"Jod, I",Fågelprodukter fågelrätter,0.0,µg
1175,Kyckling delar marinerade m. skinn,Fullkorn totalt,Fågelprodukter fågelrätter,0.0,g
1175,Kyckling delar marinerade m. skinn,"Folat, totalt",Fågelprodukter fågelrätter,21.0,µg
1175,Kyckling delar marinerade m. skinn,Fibrer,Fågelprodukter fågelrätter,0.0,g
1175,Kyckling delar marinerade m. skinn,"Fett, totalt",Fågelprodukter fågelrätter,12.0,g
1175,Kyckling delar marinerade m. skinn,"Järn, Fe",Fågelprodukter fågelrätter,1.2,mg
1175,Kyckling delar marinerade m. skinn,Energi (kJ),Fågelprodukter fågelrätter,733.0,kJ
1175,Kyckling delar marinerade m. skinn,Energi (kcal),Fågelprodukter fågelrätter,175.0,kcal
1175,Kyckling delar marinerade m. skinn,Disackarider,Fågelprodukter fågelrätter,0.0,g
1175,Kyckling delar marinerade m. skinn,"Kalcium, Ca",Fågelprodukter fågelrätter,13.0,mg
1175,Kyckling delar marinerade m. skinn,Fettsyra 4:0-10:0,Fågelprodukter fågelrätter,0.0,g
1175,Kyckling delar marinerade m. skinn,DHA (C22:6),Fågelprodukter fågelrätter,0.1,g
1175,Kyckling delar marinerade m. skinn,DPA (C22:5),Fågelprodukter fågelrätter,0.0,g
1175,Kyckling delar marinerade m. skinn,EPA (C20:5),Fågelprodukter fågelrätter,0.0,g
1175,Kyckling delar marinerade m. skinn,Arakidonsyra C20:4,Fågelprodukter fågelrätter,0.1,g
1175,Kyckling delar marinerade m. skinn,Arakidinsyra C20:0,Fågelprodukter fågelrätter,0.0,g
1175,Kyckling delar marinerade m. skinn,Linolensyra C18:3,Fågelprodukter fågelrätter,0.1,g
1175,Kyckling delar marinerade m. skinn,Linolsyra C18:2,Fågelprodukter fågelrätter,1.4,g
1175,Kyckling delar marinerade m. skinn,Oljesyra C18:1,Fågelprodukter fågelrätter,4.7,g
1175,Kyckling delar marinerade m. skinn,Stearinsyra C18:0,Fågelprodukter fågelrätter,0.8,g
1175,Kyckling delar marinerade m. skinn,Palmitoljesyra C16:1,Fågelprodukter fågelrätter,0.9,g
1175,Kyckling delar marinerade m. skinn,Palmitinsyra C16:0,Fågelprodukter fågelrätter,2.9,g
1175,Kyckling delar marinerade m. skinn,Myristinsyra C14:0,Fågelprodukter fågelrätter,0.1,g
1175,Kyckling delar marinerade m. skinn,Laurinsyra C12:0,Fågelprodukter fågelrätter,0.0,g
1175,Kyckling delar marinerade m. skinn,Betakaroten/β-Karoten,Fågelprodukter fågelrätter,0.0,µg
1175,Kyckling delar marinerade m. skinn,Avfall (skal etc.),Fågelprodukter fågelrätter,30.0,%
1175,Kyckling delar marinerade m. skinn,Aska,Fågelprodukter fågelrätter,2.4,g
1175,Kyckling delar marinerade m. skinn,Alkohol,Fågelprodukter fågelrätter,0.0,g
1176,Struts filé rå,"Zink, Zn",Fågel ,4.3,mg
1176,Struts filé rå,Vitamin E,Fågel ,0.1,mg
1176,Struts filé rå,Vitamin D,Fågel ,0.21,µg
1176,Struts filé rå,Vitamin C,Fågel ,0.0,mg
1176,Struts filé rå,Vitamin B6,Fågel ,0.64,mg
1176,Struts filé rå,Vitamin B12,Fågel ,5.51,µg
1176,Struts filé rå,Vitamin A,Fågel ,12.6,RE/µg
1176,Struts filé rå,Vatten,Fågel ,73.8,g
1176,Struts filé rå,Tiamin,Fågel ,0.36,mg
1176,Struts filé rå,Tillsatt socker,Fågel ,0.0,g
1176,Struts filé rå,Fritt socker,Fågel ,0.0,g
1176,Struts filé rå,"Selen, Se",Fågel ,15.2,µg
1176,Struts filé rå,Sackaros,Fågel ,0.0,g
1176,Struts filé rå,Riboflavin,Fågel ,0.42,mg
1176,Struts filé rå,Retinol,Fågel ,12.3,µg
1176,Struts filé rå,Protein,Fågel ,23.0,g
1176,Struts filé rå,Summa fleromättade fettsyror,Fågel ,0.5,g
1176,Struts filé rå,"Fosfor, P",Fågel ,272.0,mg
1176,Struts filé rå,Niacinekvivalenter,Fågel ,9.7,NE/mg
1176,Struts filé rå,Niacin,Fågel ,5.48,mg
1176,Struts filé rå,"Salt, NaCl",Fågel ,0.2,g
1176,Struts filé rå,"Natrium, Na",Fågel ,76.0,mg
1176,Struts filé rå,Monosackarider,Fågel ,0.2,g
1176,Struts filé rå,"Sockerarter, totalt",Fågel ,0.2,g
1176,Struts filé rå,Summa enkelomättade fettsyror,Fågel ,0.6,g
1176,Struts filé rå,"Magnesium, Mg",Fågel ,31.0,mg
1176,Struts filé rå,Summa mättade fettsyror,Fågel ,0.4,g
1176,Struts filé rå,"Kolhydrater, tillgängliga",Fågel ,0.0,g
1176,Struts filé rå,Kolesterol,Fågel ,72.7,mg
1176,Struts filé rå,"Kalium, K",Fågel ,396.0,mg
1176,Struts filé rå,"Jod, I",Fågel ,2.4,µg
1176,Struts filé rå,Fullkorn totalt,Fågel ,0.0,g
1176,Struts filé rå,"Folat, totalt",Fågel ,15.2,µg
1176,Struts filé rå,Fibrer,Fågel ,0.0,g
1176,Struts filé rå,"Fett, totalt",Fågel ,1.7,g
1176,Struts filé rå,"Järn, Fe",Fågel ,3.7,mg
1176,Struts filé rå,Energi (kJ),Fågel ,455.0,kJ
1176,Struts filé rå,Energi (kcal),Fågel ,109.0,kcal
1176,Struts filé rå,Disackarider,Fågel ,0.0,g
1176,Struts filé rå,"Kalcium, Ca",Fågel ,4.0,mg
1176,Struts filé rå,Fettsyra 4:0-10:0,Fågel ,0.0,g
1176,Struts filé rå,DHA (C22:6),Fågel ,0.0,g
1176,Struts filé rå,DPA (C22:5),Fågel ,0.0,g
1176,Struts filé rå,EPA (C20:5),Fågel ,0.0,g
1176,Struts filé rå,Arakidonsyra C20:4,Fågel ,0.1,g
1176,Struts filé rå,Arakidinsyra C20:0,Fågel ,0.0,g
1176,Struts filé rå,Linolensyra C18:3,Fågel ,0.0,g
1176,Struts filé rå,Linolsyra C18:2,Fågel ,0.3,g
1176,Struts filé rå,Oljesyra C18:1,Fågel ,0.5,g
1176,Struts filé rå,Stearinsyra C18:0,Fågel ,0.1,g
1176,Struts filé rå,Palmitoljesyra C16:1,Fågel ,0.1,g
1176,Struts filé rå,Palmitinsyra C16:0,Fågel ,0.2,g
1176,Struts filé rå,Myristinsyra C14:0,Fågel ,0.0,g
1176,Struts filé rå,Laurinsyra C12:0,Fågel ,0.0,g
1176,Struts filé rå,Betakaroten/β-Karoten,Fågel ,0.0,µg
1176,Struts filé rå,Avfall (skal etc.),Fågel ,0.0,%
1176,Struts filé rå,Aska,Fågel ,1.2,g
1176,Struts filé rå,Alkohol,Fågel ,0.0,g
1177,Struts filé stekt,"Zink, Zn",Fågel ,4.4,mg
1177,Struts filé stekt,Vitamin E,Fågel ,0.1,mg
1177,Struts filé stekt,Vitamin D,Fågel ,0.53,µg
1177,Struts filé stekt,Vitamin C,Fågel ,0.0,mg
1177,Struts filé stekt,Vitamin B6,Fågel ,0.66,mg
1177,Struts filé stekt,Vitamin B12,Fågel ,6.17,µg
1177,Struts filé stekt,Vitamin A,Fågel ,38.3,RE/µg
1177,Struts filé stekt,Vatten,Fågel ,62.6,g
1177,Struts filé stekt,Tiamin,Fågel ,0.39,mg
1177,Struts filé stekt,Tillsatt socker,Fågel ,0.0,g
1177,Struts filé stekt,Fritt socker,Fågel ,0.0,g
1177,Struts filé stekt,"Selen, Se",Fågel ,20.0,µg
1177,Struts filé stekt,Sackaros,Fågel ,0.0,g
1177,Struts filé stekt,Riboflavin,Fågel ,0.46,mg
1177,Struts filé stekt,Retinol,Fågel ,38.0,µg
1177,Struts filé stekt,Protein,Fågel ,30.0,g
1177,Struts filé stekt,Summa fleromättade fettsyror,Fågel ,1.2,g
1177,Struts filé stekt,"Fosfor, P",Fågel ,266.0,mg
1177,Struts filé stekt,Niacinekvivalenter,Fågel ,11.2,NE/mg
1177,Struts filé stekt,Niacin,Fågel ,5.68,mg
1177,Struts filé stekt,"Salt, NaCl",Fågel ,0.2,g
1177,Struts filé stekt,"Natrium, Na",Fågel ,74.0,mg
1177,Struts filé stekt,Monosackarider,Fågel ,0.6,g
1177,Struts filé stekt,"Sockerarter, totalt",Fågel ,0.6,g
1177,Struts filé stekt,Summa enkelomättade fettsyror,Fågel ,2.0,g
1177,Struts filé stekt,"Magnesium, Mg",Fågel ,31.0,mg
1177,Struts filé stekt,Summa mättade fettsyror,Fågel ,1.5,g
1177,Struts filé stekt,"Kolhydrater, tillgängliga",Fågel ,0.6,g
1177,Struts filé stekt,Kolesterol,Fågel ,104.0,mg
1177,Struts filé stekt,"Kalium, K",Fågel ,401.0,mg
1177,Struts filé stekt,"Jod, I",Fågel ,3.2,µg
1177,Struts filé stekt,Fullkorn totalt,Fågel ,0.0,g
1177,Struts filé stekt,"Folat, totalt",Fågel ,15.4,µg
1177,Struts filé stekt,Fibrer,Fågel ,0.0,g
1177,Struts filé stekt,"Fett, totalt",Fågel ,5.1,g
1177,Struts filé stekt,"Järn, Fe",Fågel ,4.2,mg
1177,Struts filé stekt,Energi (kJ),Fågel ,709.0,kJ
1177,Struts filé stekt,Energi (kcal),Fågel ,170.0,kcal
1177,Struts filé stekt,Disackarider,Fågel ,0.0,g
1177,Struts filé stekt,"Kalcium, Ca",Fågel ,4.0,mg
1177,Struts filé stekt,Fettsyra 4:0-10:0,Fågel ,0.0,g
1177,Struts filé stekt,DHA (C22:6),Fågel ,0.0,g
1177,Struts filé stekt,DPA (C22:5),Fågel ,0.0,g
1177,Struts filé stekt,EPA (C20:5),Fågel ,0.0,g
1177,Struts filé stekt,Arakidonsyra C20:4,Fågel ,0.1,g
1177,Struts filé stekt,Arakidinsyra C20:0,Fågel ,0.0,g
1177,Struts filé stekt,Linolensyra C18:3,Fågel ,0.2,g
1177,Struts filé stekt,Linolsyra C18:2,Fågel ,0.8,g
1177,Struts filé stekt,Oljesyra C18:1,Fågel ,1.7,g
1177,Struts filé stekt,Stearinsyra C18:0,Fågel ,0.4,g
1177,Struts filé stekt,Palmitoljesyra C16:1,Fågel ,0.2,g
1177,Struts filé stekt,Palmitinsyra C16:0,Fågel ,1.0,g
1177,Struts filé stekt,Myristinsyra C14:0,Fågel ,0.1,g
1177,Struts filé stekt,Laurinsyra C12:0,Fågel ,0.1,g
1177,Struts filé stekt,Betakaroten/β-Karoten,Fågel ,2.0,µg
1177,Struts filé stekt,Avfall (skal etc.),Fågel ,0.0,%
1177,Struts filé stekt,Aska,Fågel ,1.7,g
1177,Struts filé stekt,Alkohol,Fågel ,0.0,g
1178,Kalkon kokt,"Zink, Zn",Fågel ,2.4,mg
1178,Kalkon kokt,Vitamin E,Fågel ,0.0,mg
1178,Kalkon kokt,Vitamin D,Fågel ,1.26,µg
1178,Kalkon kokt,Vitamin C,Fågel ,0.0,mg
1178,Kalkon kokt,Vitamin B6,Fågel ,0.46,mg
1178,Kalkon kokt,Vitamin B12,Fågel ,0.4,µg
1178,Kalkon kokt,Vitamin A,Fågel ,9.0,RE/µg
1178,Kalkon kokt,Vatten,Fågel ,70.2,g
1178,Kalkon kokt,Tiamin,Fågel ,0.06,mg
1178,Kalkon kokt,Tillsatt socker,Fågel ,0.0,g
1178,Kalkon kokt,Fritt socker,Fågel ,0.0,g
1178,Kalkon kokt,"Selen, Se",Fågel ,5.0,µg
1178,Kalkon kokt,Sackaros,Fågel ,0.0,g
1178,Kalkon kokt,Riboflavin,Fågel ,0.18,mg
1178,Kalkon kokt,Retinol,Fågel ,9.0,µg
1178,Kalkon kokt,Protein,Fågel ,22.0,g
1178,Kalkon kokt,Summa fleromättade fettsyror,Fågel ,1.6,g
1178,Kalkon kokt,"Fosfor, P",Fågel ,199.0,mg
1178,Kalkon kokt,Niacinekvivalenter,Fågel ,9.43,NE/mg
1178,Kalkon kokt,Niacin,Fågel ,5.4,mg
1178,Kalkon kokt,"Salt, NaCl",Fågel ,1.4,g
1178,Kalkon kokt,"Natrium, Na",Fågel ,580.0,mg
1178,Kalkon kokt,Monosackarider,Fågel ,0.0,g
1178,Kalkon kokt,"Sockerarter, totalt",Fågel ,0.0,g
1178,Kalkon kokt,Summa enkelomättade fettsyror,Fågel ,1.2,g
1178,Kalkon kokt,"Magnesium, Mg",Fågel ,26.0,mg
1178,Kalkon kokt,Summa mättade fettsyror,Fågel ,1.9,g
1178,Kalkon kokt,"Kolhydrater, tillgängliga",Fågel ,0.0,g
1178,Kalkon kokt,Kolesterol,Fågel ,76.0,mg
1178,Kalkon kokt,"Kalium, K",Fågel ,245.0,mg
1178,Kalkon kokt,"Jod, I",Fågel ,2.2,µg
1178,Kalkon kokt,Fullkorn totalt,Fågel ,0.0,g
1178,Kalkon kokt,"Folat, totalt",Fågel ,7.0,µg
1178,Kalkon kokt,Fibrer,Fågel ,0.0,g
1178,Kalkon kokt,"Fett, totalt",Fågel ,5.6,g
1178,Kalkon kokt,"Järn, Fe",Fågel ,0.8,mg
1178,Kalkon kokt,Energi (kJ),Fågel ,581.0,kJ
1178,Kalkon kokt,Energi (kcal),Fågel ,139.0,kcal
1178,Kalkon kokt,Disackarider,Fågel ,0.0,g
1178,Kalkon kokt,"Kalcium, Ca",Fågel ,5.0,mg
1178,Kalkon kokt,Fettsyra 4:0-10:0,Fågel ,0.0,g
1178,Kalkon kokt,DHA (C22:6),Fågel ,0.0,g
1178,Kalkon kokt,DPA (C22:5),Fågel ,0.0,g
1178,Kalkon kokt,EPA (C20:5),Fågel ,0.0,g
1178,Kalkon kokt,Arakidonsyra C20:4,Fågel ,0.2,g
1178,Kalkon kokt,Arakidinsyra C20:0,Fågel ,0.0,g
1178,Kalkon kokt,Linolensyra C18:3,Fågel ,0.0,g
1178,Kalkon kokt,Linolsyra C18:2,Fågel ,1.2,g
1178,Kalkon kokt,Oljesyra C18:1,Fågel ,1.0,g
1178,Kalkon kokt,Stearinsyra C18:0,Fågel ,0.6,g
1178,Kalkon kokt,Palmitoljesyra C16:1,Fågel ,0.2,g
1178,Kalkon kokt,Palmitinsyra C16:0,Fågel ,0.9,g
1178,Kalkon kokt,Myristinsyra C14:0,Fågel ,0.0,g
1178,Kalkon kokt,Laurinsyra C12:0,Fågel ,0.0,g
1178,Kalkon kokt,Betakaroten/β-Karoten,Fågel ,0.0,µg
1178,Kalkon kokt,Avfall (skal etc.),Fågel ,0.0,%
1178,Kalkon kokt,Aska,Fågel ,2.2,g
1178,Kalkon kokt,Alkohol,Fågel ,0.0,g
1180,Duva m. skinn stekt m. salt,"Zink, Zn",Fågel ,1.0,mg
1180,Duva m. skinn stekt m. salt,Vitamin E,Fågel ,0.1,mg
1180,Duva m. skinn stekt m. salt,Vitamin D,Fågel ,1.34,µg
1180,Duva m. skinn stekt m. salt,Vitamin C,Fågel ,0.0,mg
1180,Duva m. skinn stekt m. salt,Vitamin B6,Fågel ,0.55,mg
1180,Duva m. skinn stekt m. salt,Vitamin B12,Fågel ,0.67,µg
1180,Duva m. skinn stekt m. salt,Vitamin A,Fågel ,63.5,RE/µg
1180,Duva m. skinn stekt m. salt,Vatten,Fågel ,47.0,g
1180,Duva m. skinn stekt m. salt,Tiamin,Fågel ,0.04,mg
1180,Duva m. skinn stekt m. salt,Tillsatt socker,Fågel ,0.0,g
1180,Duva m. skinn stekt m. salt,Fritt socker,Fågel ,0.0,g
1180,Duva m. skinn stekt m. salt,"Selen, Se",Fågel ,23.9,µg
1180,Duva m. skinn stekt m. salt,Sackaros,Fågel ,0.0,g
1180,Duva m. skinn stekt m. salt,Riboflavin,Fågel ,0.22,mg
1180,Duva m. skinn stekt m. salt,Retinol,Fågel ,63.5,µg
1180,Duva m. skinn stekt m. salt,Protein,Fågel ,22.2,g
1180,Duva m. skinn stekt m. salt,Summa fleromättade fettsyror,Fågel ,3.7,g
1180,Duva m. skinn stekt m. salt,"Fosfor, P",Fågel ,264.0,mg
1180,Duva m. skinn stekt m. salt,Niacinekvivalenter,Fågel ,10.4,NE/mg
1180,Duva m. skinn stekt m. salt,Niacin,Fågel ,6.35,mg
1180,Duva m. skinn stekt m. salt,"Salt, NaCl",Fågel ,0.7,g
1180,Duva m. skinn stekt m. salt,"Natrium, Na",Fågel ,274.0,mg
1180,Duva m. skinn stekt m. salt,Monosackarider,Fågel ,0.0,g
1180,Duva m. skinn stekt m. salt,"Sockerarter, totalt",Fågel ,0.0,g
1180,Duva m. skinn stekt m. salt,Summa enkelomättade fettsyror,Fågel ,11.6,g
1180,Duva m. skinn stekt m. salt,"Magnesium, Mg",Fågel ,43.0,mg
1180,Duva m. skinn stekt m. salt,Summa mättade fettsyror,Fågel ,10.1,g
1180,Duva m. skinn stekt m. salt,"Kolhydrater, tillgängliga",Fågel ,0.0,g
1180,Duva m. skinn stekt m. salt,Kolesterol,Fågel ,92.2,mg
1180,Duva m. skinn stekt m. salt,"Kalium, K",Fågel ,376.0,mg
1180,Duva m. skinn stekt m. salt,"Jod, I",Fågel ,30.5,µg
1180,Duva m. skinn stekt m. salt,Fullkorn totalt,Fågel ,0.0,g
1180,Duva m. skinn stekt m. salt,"Folat, totalt",Fågel ,9.3,µg
1180,Duva m. skinn stekt m. salt,Fibrer,Fågel ,0.0,g
1180,Duva m. skinn stekt m. salt,"Fett, totalt",Fågel ,28.7,g
1180,Duva m. skinn stekt m. salt,"Järn, Fe",Fågel ,9.0,mg
1180,Duva m. skinn stekt m. salt,Energi (kJ),Fågel ,1439.0,kJ
1180,Duva m. skinn stekt m. salt,Energi (kcal),Fågel ,344.0,kcal
1180,Duva m. skinn stekt m. salt,Disackarider,Fågel ,0.0,g
1180,Duva m. skinn stekt m. salt,"Kalcium, Ca",Fågel ,55.0,mg
1180,Duva m. skinn stekt m. salt,Fettsyra 4:0-10:0,Fågel ,0.0,g
1180,Duva m. skinn stekt m. salt,DHA (C22:6),Fågel ,0.0,g
1180,Duva m. skinn stekt m. salt,DPA (C22:5),Fågel ,0.1,g
1180,Duva m. skinn stekt m. salt,EPA (C20:5),Fågel ,0.0,g
1180,Duva m. skinn stekt m. salt,Arakidonsyra C20:4,Fågel ,0.2,g
1180,Duva m. skinn stekt m. salt,Arakidinsyra C20:0,Fågel ,0.0,g
1180,Duva m. skinn stekt m. salt,Linolensyra C18:3,Fågel ,0.0,g
1180,Duva m. skinn stekt m. salt,Linolsyra C18:2,Fågel ,3.2,g
1180,Duva m. skinn stekt m. salt,Oljesyra C18:1,Fågel ,7.5,g
1180,Duva m. skinn stekt m. salt,Stearinsyra C18:0,Fågel ,3.2,g
1180,Duva m. skinn stekt m. salt,Palmitoljesyra C16:1,Fågel ,4.2,g
1180,Duva m. skinn stekt m. salt,Palmitinsyra C16:0,Fågel ,5.7,g
1180,Duva m. skinn stekt m. salt,Myristinsyra C14:0,Fågel ,0.0,g
1180,Duva m. skinn stekt m. salt,Laurinsyra C12:0,Fågel ,0.0,g
1180,Duva m. skinn stekt m. salt,Betakaroten/β-Karoten,Fågel ,0.0,µg
1180,Duva m. skinn stekt m. salt,Avfall (skal etc.),Fågel ,23.0,%
1180,Duva m. skinn stekt m. salt,Aska,Fågel ,2.1,g
1180,Duva m. skinn stekt m. salt,Alkohol,Fågel ,0.0,g
1181,Kyckling kokt m. salt,"Zink, Zn",Fågel ,2.2,mg
1181,Kyckling kokt m. salt,Vitamin E,Fågel ,1.6,mg
1181,Kyckling kokt m. salt,Vitamin D,Fågel ,0.33,µg
1181,Kyckling kokt m. salt,Vitamin C,Fågel ,0.0,mg
1181,Kyckling kokt m. salt,Vitamin B6,Fågel ,0.38,mg
1181,Kyckling kokt m. salt,Vitamin B12,Fågel ,0.3,µg
1181,Kyckling kokt m. salt,Vitamin A,Fågel ,23.8,RE/µg
1181,Kyckling kokt m. salt,Vatten,Fågel ,61.0,g
1181,Kyckling kokt m. salt,Tiamin,Fågel ,0.06,mg
1181,Kyckling kokt m. salt,Tillsatt socker,Fågel ,0.0,g
1181,Kyckling kokt m. salt,Fritt socker,Fågel ,0.0,g
1181,Kyckling kokt m. salt,"Selen, Se",Fågel ,16.7,µg
1181,Kyckling kokt m. salt,Sackaros,Fågel ,0.0,g
1181,Kyckling kokt m. salt,Riboflavin,Fågel ,0.17,mg
1181,Kyckling kokt m. salt,Retinol,Fågel ,23.8,µg
1181,Kyckling kokt m. salt,Protein,Fågel ,32.0,g
1181,Kyckling kokt m. salt,Summa fleromättade fettsyror,Fågel ,0.6,g
1181,Kyckling kokt m. salt,"Fosfor, P",Fågel ,258.0,mg
1181,Kyckling kokt m. salt,Niacinekvivalenter,Fågel ,18.09,NE/mg
1181,Kyckling kokt m. salt,Niacin,Fågel ,12.22,mg
1181,Kyckling kokt m. salt,"Salt, NaCl",Fågel ,1.2,g
1181,Kyckling kokt m. salt,"Natrium, Na",Fågel ,468.0,mg
1181,Kyckling kokt m. salt,Monosackarider,Fågel ,0.0,g
1181,Kyckling kokt m. salt,"Sockerarter, totalt",Fågel ,0.0,g
1181,Kyckling kokt m. salt,Summa enkelomättade fettsyror,Fågel ,1.8,g
1181,Kyckling kokt m. salt,"Magnesium, Mg",Fågel ,38.0,mg
1181,Kyckling kokt m. salt,Summa mättade fettsyror,Fågel ,1.2,g
1181,Kyckling kokt m. salt,"Kolhydrater, tillgängliga",Fågel ,0.0,g
1181,Kyckling kokt m. salt,Kolesterol,Fågel ,104.3,mg
1181,Kyckling kokt m. salt,"Kalium, K",Fågel ,137.0,mg
1181,Kyckling kokt m. salt,"Jod, I",Fågel ,45.2,µg
1181,Kyckling kokt m. salt,Fullkorn totalt,Fågel ,0.0,g
1181,Kyckling kokt m. salt,"Folat, totalt",Fågel ,22.3,µg
1181,Kyckling kokt m. salt,Fibrer,Fågel ,0.0,g
1181,Kyckling kokt m. salt,"Fett, totalt",Fågel ,4.6,g
1181,Kyckling kokt m. salt,"Järn, Fe",Fågel ,1.3,mg
1181,Kyckling kokt m. salt,Energi (kJ),Fågel ,715.0,kJ
1181,Kyckling kokt m. salt,Energi (kcal),Fågel ,171.0,kcal
1181,Kyckling kokt m. salt,Disackarider,Fågel ,0.0,g
1181,Kyckling kokt m. salt,"Kalcium, Ca",Fågel ,19.0,mg
1181,Kyckling kokt m. salt,Fettsyra 4:0-10:0,Fågel ,0.0,g
1181,Kyckling kokt m. salt,DHA (C22:6),Fågel ,0.0,g
1181,Kyckling kokt m. salt,DPA (C22:5),Fågel ,0.0,g
1181,Kyckling kokt m. salt,EPA (C20:5),Fågel ,0.0,g
1181,Kyckling kokt m. salt,Arakidonsyra C20:4,Fågel ,0.0,g
1181,Kyckling kokt m. salt,Arakidinsyra C20:0,Fågel ,0.0,g
1181,Kyckling kokt m. salt,Linolensyra C18:3,Fågel ,0.0,g
1181,Kyckling kokt m. salt,Linolsyra C18:2,Fågel ,0.4,g
1181,Kyckling kokt m. salt,Oljesyra C18:1,Fågel ,1.5,g
1181,Kyckling kokt m. salt,Stearinsyra C18:0,Fågel ,0.3,g
1181,Kyckling kokt m. salt,Palmitoljesyra C16:1,Fågel ,0.3,g
1181,Kyckling kokt m. salt,Palmitinsyra C16:0,Fågel ,0.9,g
1181,Kyckling kokt m. salt,Myristinsyra C14:0,Fågel ,0.0,g
1181,Kyckling kokt m. salt,Laurinsyra C12:0,Fågel ,0.0,g
1181,Kyckling kokt m. salt,Betakaroten/β-Karoten,Fågel ,0.0,µg
1181,Kyckling kokt m. salt,Avfall (skal etc.),Fågel ,0.0,%
1181,Kyckling kokt m. salt,Aska,Fågel ,2.4,g
1181,Kyckling kokt m. salt,Alkohol,Fågel ,0.0,g
1182,Kyckling grillad m. skinn,"Zink, Zn",Fågel ,1.6,mg
1182,Kyckling grillad m. skinn,Vitamin E,Fågel ,2.3,mg
1182,Kyckling grillad m. skinn,Vitamin D,Fågel ,1.51,µg
1182,Kyckling grillad m. skinn,Vitamin C,Fågel ,0.0,mg
1182,Kyckling grillad m. skinn,Vitamin B6,Fågel ,0.42,mg
1182,Kyckling grillad m. skinn,Vitamin B12,Fågel ,0.39,µg
1182,Kyckling grillad m. skinn,Vitamin A,Fågel ,64.1,RE/µg
1182,Kyckling grillad m. skinn,Vatten,Fågel ,61.6,g
1182,Kyckling grillad m. skinn,Tiamin,Fågel ,0.06,mg
1182,Kyckling grillad m. skinn,Tillsatt socker,Fågel ,0.0,g
1182,Kyckling grillad m. skinn,Fritt socker,Fågel ,0.0,g
1182,Kyckling grillad m. skinn,"Selen, Se",Fågel ,12.6,µg
1182,Kyckling grillad m. skinn,Sackaros,Fågel ,0.0,g
1182,Kyckling grillad m. skinn,Riboflavin,Fågel ,0.16,mg
1182,Kyckling grillad m. skinn,Retinol,Fågel ,64.1,µg
1182,Kyckling grillad m. skinn,Protein,Fågel ,22.6,g
1182,Kyckling grillad m. skinn,Summa fleromättade fettsyror,Fågel ,2.0,g
1182,Kyckling grillad m. skinn,"Fosfor, P",Fågel ,225.0,mg
1182,Kyckling grillad m. skinn,Niacinekvivalenter,Fågel ,13.82,NE/mg
1182,Kyckling grillad m. skinn,Niacin,Fågel ,9.67,mg
1182,Kyckling grillad m. skinn,"Salt, NaCl",Fågel ,0.9,g
1182,Kyckling grillad m. skinn,"Natrium, Na",Fågel ,393.0,mg
1182,Kyckling grillad m. skinn,Monosackarider,Fågel ,0.0,g
1182,Kyckling grillad m. skinn,"Sockerarter, totalt",Fågel ,0.0,g
1182,Kyckling grillad m. skinn,Summa enkelomättade fettsyror,Fågel ,6.7,g
1182,Kyckling grillad m. skinn,"Magnesium, Mg",Fågel ,28.0,mg
1182,Kyckling grillad m. skinn,Summa mättade fettsyror,Fågel ,4.4,g
1182,Kyckling grillad m. skinn,"Kolhydrater, tillgängliga",Fågel ,0.0,g
1182,Kyckling grillad m. skinn,Kolesterol,Fågel ,94.2,mg
1182,Kyckling grillad m. skinn,"Kalium, K",Fågel ,243.0,mg
1182,Kyckling grillad m. skinn,"Jod, I",Fågel ,40.6,µg
1182,Kyckling grillad m. skinn,Fullkorn totalt,Fågel ,0.0,g
1182,Kyckling grillad m. skinn,"Folat, totalt",Fågel ,19.8,µg
1182,Kyckling grillad m. skinn,Fibrer,Fågel ,0.0,g
1182,Kyckling grillad m. skinn,"Fett, totalt",Fågel ,13.8,g
1182,Kyckling grillad m. skinn,"Järn, Fe",Fågel ,1.5,mg
1182,Kyckling grillad m. skinn,Energi (kJ),Fågel ,896.0,kJ
1182,Kyckling grillad m. skinn,Energi (kcal),Fågel ,214.0,kcal
1182,Kyckling grillad m. skinn,Disackarider,Fågel ,0.0,g
1182,Kyckling grillad m. skinn,"Kalcium, Ca",Fågel ,12.0,mg
1182,Kyckling grillad m. skinn,Fettsyra 4:0-10:0,Fågel ,0.0,g
1182,Kyckling grillad m. skinn,DHA (C22:6),Fågel ,0.1,g
1182,Kyckling grillad m. skinn,DPA (C22:5),Fågel ,0.0,g
1182,Kyckling grillad m. skinn,EPA (C20:5),Fågel ,0.0,g
1182,Kyckling grillad m. skinn,Arakidonsyra C20:4,Fågel ,0.1,g
1182,Kyckling grillad m. skinn,Arakidinsyra C20:0,Fågel ,0.0,g
1182,Kyckling grillad m. skinn,Linolensyra C18:3,Fågel ,0.1,g
1182,Kyckling grillad m. skinn,Linolsyra C18:2,Fågel ,1.6,g
1182,Kyckling grillad m. skinn,Oljesyra C18:1,Fågel ,5.4,g
1182,Kyckling grillad m. skinn,Stearinsyra C18:0,Fågel ,0.9,g
1182,Kyckling grillad m. skinn,Palmitoljesyra C16:1,Fågel ,1.0,g
1182,Kyckling grillad m. skinn,Palmitinsyra C16:0,Fågel ,3.3,g
1182,Kyckling grillad m. skinn,Myristinsyra C14:0,Fågel ,0.1,g
1182,Kyckling grillad m. skinn,Laurinsyra C12:0,Fågel ,0.0,g
1182,Kyckling grillad m. skinn,Betakaroten/β-Karoten,Fågel ,0.0,µg
1182,Kyckling grillad m. skinn,Avfall (skal etc.),Fågel ,3.0,%
1182,Kyckling grillad m. skinn,Aska,Fågel ,1.9,g
1182,Kyckling grillad m. skinn,Alkohol,Fågel ,0.0,g
1183,Fasan stekt m. skinn,"Zink, Zn",Fågel ,1.3,mg
1183,Fasan stekt m. skinn,Vitamin E,Fågel ,0.1,mg
1183,Fasan stekt m. skinn,Vitamin D,Fågel ,0.9,µg
1183,Fasan stekt m. skinn,Vitamin C,Fågel ,0.0,mg
1183,Fasan stekt m. skinn,Vitamin B6,Fågel ,0.62,mg
1183,Fasan stekt m. skinn,Vitamin B12,Fågel ,0.7,µg
1183,Fasan stekt m. skinn,Vitamin A,Fågel ,64.1,RE/µg
1183,Fasan stekt m. skinn,Vatten,Fågel ,60.9,g
1183,Fasan stekt m. skinn,Tiamin,Fågel ,0.03,mg
1183,Fasan stekt m. skinn,Tillsatt socker,Fågel ,0.0,g
1183,Fasan stekt m. skinn,Fritt socker,Fågel ,0.0,g
1183,Fasan stekt m. skinn,"Selen, Se",Fågel ,25.1,µg
1183,Fasan stekt m. skinn,Sackaros,Fågel ,0.0,g
1183,Fasan stekt m. skinn,Riboflavin,Fågel ,0.12,mg
1183,Fasan stekt m. skinn,Retinol,Fågel ,64.1,µg
1183,Fasan stekt m. skinn,Protein,Fågel ,28.9,g
1183,Fasan stekt m. skinn,Summa fleromättade fettsyror,Fågel ,1.1,g
1183,Fasan stekt m. skinn,"Fosfor, P",Fågel ,280.0,mg
1183,Fasan stekt m. skinn,Niacinekvivalenter,Fågel ,13.59,NE/mg
1183,Fasan stekt m. skinn,Niacin,Fågel ,8.29,mg
1183,Fasan stekt m. skinn,"Salt, NaCl",Fågel ,0.6,g
1183,Fasan stekt m. skinn,"Natrium, Na",Fågel ,223.0,mg
1183,Fasan stekt m. skinn,Monosackarider,Fågel ,0.0,g
1183,Fasan stekt m. skinn,"Sockerarter, totalt",Fågel ,0.0,g
1183,Fasan stekt m. skinn,Summa enkelomättade fettsyror,Fågel ,3.4,g
1183,Fasan stekt m. skinn,"Magnesium, Mg",Fågel ,25.0,mg
1183,Fasan stekt m. skinn,Summa mättade fettsyror,Fågel ,2.5,g
1183,Fasan stekt m. skinn,"Kolhydrater, tillgängliga",Fågel ,0.0,g
1183,Fasan stekt m. skinn,Kolesterol,Fågel ,96.7,mg
1183,Fasan stekt m. skinn,"Kalium, K",Fågel ,302.0,mg
1183,Fasan stekt m. skinn,"Jod, I",Fågel ,32.0,µg
1183,Fasan stekt m. skinn,Fullkorn totalt,Fågel ,0.0,g
1183,Fasan stekt m. skinn,"Folat, totalt",Fågel ,4.9,µg
1183,Fasan stekt m. skinn,Fibrer,Fågel ,0.0,g
1183,Fasan stekt m. skinn,"Fett, totalt",Fågel ,8.1,g
1183,Fasan stekt m. skinn,"Järn, Fe",Fågel ,1.5,mg
1183,Fasan stekt m. skinn,Energi (kJ),Fågel ,792.0,kJ
1183,Fasan stekt m. skinn,Energi (kcal),Fågel ,189.0,kcal
1183,Fasan stekt m. skinn,Disackarider,Fågel ,0.0,g
1183,Fasan stekt m. skinn,"Kalcium, Ca",Fågel ,16.0,mg
1183,Fasan stekt m. skinn,Fettsyra 4:0-10:0,Fågel ,0.0,g
1183,Fasan stekt m. skinn,DHA (C22:6),Fågel ,0.0,g
1183,Fasan stekt m. skinn,DPA (C22:5),Fågel ,0.0,g
1183,Fasan stekt m. skinn,EPA (C20:5),Fågel ,0.0,g
1183,Fasan stekt m. skinn,Arakidonsyra C20:4,Fågel ,0.0,g
1183,Fasan stekt m. skinn,Arakidinsyra C20:0,Fågel ,0.0,g
1183,Fasan stekt m. skinn,Linolensyra C18:3,Fågel ,0.1,g
1183,Fasan stekt m. skinn,Linolsyra C18:2,Fågel ,0.8,g
1183,Fasan stekt m. skinn,Oljesyra C18:1,Fågel ,2.5,g
1183,Fasan stekt m. skinn,Stearinsyra C18:0,Fågel ,0.6,g
1183,Fasan stekt m. skinn,Palmitoljesyra C16:1,Fågel ,0.6,g
1183,Fasan stekt m. skinn,Palmitinsyra C16:0,Fågel ,1.9,g
1183,Fasan stekt m. skinn,Myristinsyra C14:0,Fågel ,0.1,g
1183,Fasan stekt m. skinn,Laurinsyra C12:0,Fågel ,0.1,g
1183,Fasan stekt m. skinn,Betakaroten/β-Karoten,Fågel ,0.0,µg
1183,Fasan stekt m. skinn,Avfall (skal etc.),Fågel ,7.0,%
1183,Fasan stekt m. skinn,Aska,Fågel ,2.1,g
1183,Fasan stekt m. skinn,Alkohol,Fågel ,0.0,g
1184,Gås stekt m. skinn,"Zink, Zn",Fågel ,1.6,mg
1184,Gås stekt m. skinn,Vitamin E,Fågel ,0.8,mg
1184,Gås stekt m. skinn,Vitamin D,Fågel ,1.83,µg
1184,Gås stekt m. skinn,Vitamin C,Fågel ,0.0,mg
1184,Gås stekt m. skinn,Vitamin B6,Fågel ,0.66,mg
1184,Gås stekt m. skinn,Vitamin B12,Fågel ,0.34,µg
1184,Gås stekt m. skinn,Vitamin A,Fågel ,49.0,RE/µg
1184,Gås stekt m. skinn,Vatten,Fågel ,47.8,g
1184,Gås stekt m. skinn,Tiamin,Fågel ,0.06,mg
1184,Gås stekt m. skinn,Tillsatt socker,Fågel ,0.0,g
1184,Gås stekt m. skinn,Fritt socker,Fågel ,0.0,g
1184,Gås stekt m. skinn,"Selen, Se",Fågel ,39.2,µg
1184,Gås stekt m. skinn,Sackaros,Fågel ,0.0,g
1184,Gås stekt m. skinn,Riboflavin,Fågel ,0.37,mg
1184,Gås stekt m. skinn,Retinol,Fågel ,49.0,µg
1184,Gås stekt m. skinn,Protein,Fågel ,25.9,g
1184,Gås stekt m. skinn,Summa fleromättade fettsyror,Fågel ,2.8,g
1184,Gås stekt m. skinn,"Fosfor, P",Fågel ,384.0,mg
1184,Gås stekt m. skinn,Niacinekvivalenter,Fågel ,17.82,NE/mg
1184,Gås stekt m. skinn,Niacin,Fågel ,13.05,mg
1184,Gås stekt m. skinn,"Salt, NaCl",Fågel ,0.5,g
1184,Gås stekt m. skinn,"Natrium, Na",Fågel ,176.0,mg
1184,Gås stekt m. skinn,Monosackarider,Fågel ,0.0,g
1184,Gås stekt m. skinn,"Sockerarter, totalt",Fågel ,0.0,g
1184,Gås stekt m. skinn,Summa enkelomättade fettsyror,Fågel ,13.0,g
1184,Gås stekt m. skinn,"Magnesium, Mg",Fågel ,39.0,mg
1184,Gås stekt m. skinn,Summa mättade fettsyror,Fågel ,7.2,g
1184,Gås stekt m. skinn,"Kolhydrater, tillgängliga",Fågel ,0.0,g
1184,Gås stekt m. skinn,Kolesterol,Fågel ,58.7,mg
1184,Gås stekt m. skinn,"Kalium, K",Fågel ,411.0,mg
1184,Gås stekt m. skinn,"Jod, I",Fågel ,14.5,µg
1184,Gås stekt m. skinn,Fullkorn totalt,Fågel ,0.0,g
1184,Gås stekt m. skinn,"Folat, totalt",Fågel ,4.9,µg
1184,Gås stekt m. skinn,Fibrer,Fågel ,0.0,g
1184,Gås stekt m. skinn,"Fett, totalt",Fågel ,24.7,g
1184,Gås stekt m. skinn,"Järn, Fe",Fågel ,4.1,mg
1184,Gås stekt m. skinn,Energi (kJ),Fågel ,1355.0,kJ
1184,Gås stekt m. skinn,Energi (kcal),Fågel ,324.0,kcal
1184,Gås stekt m. skinn,Disackarider,Fågel ,0.0,g
1184,Gås stekt m. skinn,"Kalcium, Ca",Fågel ,20.0,mg
1184,Gås stekt m. skinn,Fettsyra 4:0-10:0,Fågel ,0.0,g
1184,Gås stekt m. skinn,DHA (C22:6),Fågel ,0.0,g
1184,Gås stekt m. skinn,DPA (C22:5),Fågel ,0.0,g
1184,Gås stekt m. skinn,EPA (C20:5),Fågel ,0.0,g
1184,Gås stekt m. skinn,Arakidonsyra C20:4,Fågel ,0.0,g
1184,Gås stekt m. skinn,Arakidinsyra C20:0,Fågel ,0.0,g
1184,Gås stekt m. skinn,Linolensyra C18:3,Fågel ,0.2,g
1184,Gås stekt m. skinn,Linolsyra C18:2,Fågel ,2.5,g
1184,Gås stekt m. skinn,Oljesyra C18:1,Fågel ,12.3,g
1184,Gås stekt m. skinn,Stearinsyra C18:0,Fågel ,1.7,g
1184,Gås stekt m. skinn,Palmitoljesyra C16:1,Fågel ,0.7,g
1184,Gås stekt m. skinn,Palmitinsyra C16:0,Fågel ,5.1,g
1184,Gås stekt m. skinn,Myristinsyra C14:0,Fågel ,0.1,g
1184,Gås stekt m. skinn,Laurinsyra C12:0,Fågel ,0.0,g
1184,Gås stekt m. skinn,Betakaroten/β-Karoten,Fågel ,0.0,µg
1184,Gås stekt m. skinn,Avfall (skal etc.),Fågel ,19.0,%
1184,Gås stekt m. skinn,Aska,Fågel ,1.6,g
1184,Gås stekt m. skinn,Alkohol,Fågel ,0.0,g
1185,Höna kokt m. salt,"Zink, Zn",Fågel ,2.0,mg
1185,Höna kokt m. salt,Vitamin E,Fågel ,0.4,mg
1185,Höna kokt m. salt,Vitamin D,Fågel ,0.32,µg
1185,Höna kokt m. salt,Vitamin C,Fågel ,0.0,mg
1185,Höna kokt m. salt,Vitamin B6,Fågel ,0.53,mg
1185,Höna kokt m. salt,Vitamin B12,Fågel ,0.37,µg
1185,Höna kokt m. salt,Vitamin A,Fågel ,13.2,RE/µg
1185,Höna kokt m. salt,Vatten,Fågel ,57.5,g
1185,Höna kokt m. salt,Tiamin,Fågel ,0.07,mg
1185,Höna kokt m. salt,Tillsatt socker,Fågel ,0.0,g
1185,Höna kokt m. salt,Fritt socker,Fågel ,0.0,g
1185,Höna kokt m. salt,"Selen, Se",Fågel ,16.1,µg
1185,Höna kokt m. salt,Sackaros,Fågel ,0.0,g
1185,Höna kokt m. salt,Riboflavin,Fågel ,0.2,mg
1185,Höna kokt m. salt,Retinol,Fågel ,13.2,µg
1185,Höna kokt m. salt,Protein,Fågel ,30.7,g
1185,Höna kokt m. salt,Summa fleromättade fettsyror,Fågel ,1.3,g
1185,Höna kokt m. salt,"Fosfor, P",Fågel ,281.0,mg
1185,Höna kokt m. salt,Niacinekvivalenter,Fågel ,15.15,NE/mg
1185,Höna kokt m. salt,Niacin,Fågel ,9.51,mg
1185,Höna kokt m. salt,"Salt, NaCl",Fågel ,0.8,g
1185,Höna kokt m. salt,"Natrium, Na",Fågel ,337.0,mg
1185,Höna kokt m. salt,Monosackarider,Fågel ,0.0,g
1185,Höna kokt m. salt,"Sockerarter, totalt",Fågel ,0.0,g
1185,Höna kokt m. salt,Summa enkelomättade fettsyror,Fågel ,3.9,g
1185,Höna kokt m. salt,"Magnesium, Mg",Fågel ,34.0,mg
1185,Höna kokt m. salt,Summa mättade fettsyror,Fågel ,2.1,g
1185,Höna kokt m. salt,"Kolhydrater, tillgängliga",Fågel ,0.0,g
1185,Höna kokt m. salt,Kolesterol,Fågel ,92.2,mg
1185,Höna kokt m. salt,"Kalium, K",Fågel ,129.0,mg
1185,Höna kokt m. salt,"Jod, I",Fågel ,34.3,µg
1185,Höna kokt m. salt,Fullkorn totalt,Fågel ,0.0,g
1185,Höna kokt m. salt,"Folat, totalt",Fågel ,6.7,µg
1185,Höna kokt m. salt,Fibrer,Fågel ,0.0,g
1185,Höna kokt m. salt,"Fett, totalt",Fågel ,9.2,g
1185,Höna kokt m. salt,"Järn, Fe",Fågel ,1.3,mg
1185,Höna kokt m. salt,Energi (kJ),Fågel ,864.0,kJ
1185,Höna kokt m. salt,Energi (kcal),Fågel ,206.0,kcal
1185,Höna kokt m. salt,Disackarider,Fågel ,0.0,g
1185,Höna kokt m. salt,"Kalcium, Ca",Fågel ,13.0,mg
1185,Höna kokt m. salt,Fettsyra 4:0-10:0,Fågel ,0.0,g
1185,Höna kokt m. salt,DHA (C22:6),Fågel ,0.0,g
1185,Höna kokt m. salt,DPA (C22:5),Fågel ,0.0,g
1185,Höna kokt m. salt,EPA (C20:5),Fågel ,0.0,g
1185,Höna kokt m. salt,Arakidonsyra C20:4,Fågel ,0.0,g
1185,Höna kokt m. salt,Arakidinsyra C20:0,Fågel ,0.0,g
1185,Höna kokt m. salt,Linolensyra C18:3,Fågel ,0.1,g
1185,Höna kokt m. salt,Linolsyra C18:2,Fågel ,1.2,g
1185,Höna kokt m. salt,Oljesyra C18:1,Fågel ,3.4,g
1185,Höna kokt m. salt,Stearinsyra C18:0,Fågel ,0.4,g
1185,Höna kokt m. salt,Palmitoljesyra C16:1,Fågel ,0.4,g
1185,Höna kokt m. salt,Palmitinsyra C16:0,Fågel ,1.6,g
1185,Höna kokt m. salt,Myristinsyra C14:0,Fågel ,0.1,g
1185,Höna kokt m. salt,Laurinsyra C12:0,Fågel ,0.0,g
1185,Höna kokt m. salt,Betakaroten/β-Karoten,Fågel ,0.0,µg
1185,Höna kokt m. salt,Avfall (skal etc.),Fågel ,0.0,%
1185,Höna kokt m. salt,Aska,Fågel ,2.6,g
1185,Höna kokt m. salt,Alkohol,Fågel ,0.0,g
1186,Kalkon stekt m. skinn,"Zink, Zn",Fågel ,2.6,mg
1186,Kalkon stekt m. skinn,Vitamin E,Fågel ,0.6,mg
1186,Kalkon stekt m. skinn,Vitamin D,Fågel ,1.43,µg
1186,Kalkon stekt m. skinn,Vitamin C,Fågel ,0.0,mg
1186,Kalkon stekt m. skinn,Vitamin B6,Fågel ,0.38,mg
1186,Kalkon stekt m. skinn,Vitamin B12,Fågel ,0.36,µg
1186,Kalkon stekt m. skinn,Vitamin A,Fågel ,48.5,RE/µg
1186,Kalkon stekt m. skinn,Vatten,Fågel ,65.7,g
1186,Kalkon stekt m. skinn,Tiamin,Fågel ,0.04,mg
1186,Kalkon stekt m. skinn,Tillsatt socker,Fågel ,0.0,g
1186,Kalkon stekt m. skinn,Fritt socker,Fågel ,0.0,g
1186,Kalkon stekt m. skinn,"Selen, Se",Fågel ,6.4,µg
1186,Kalkon stekt m. skinn,Sackaros,Fågel ,0.0,g
1186,Kalkon stekt m. skinn,Riboflavin,Fågel ,0.08,mg
1186,Kalkon stekt m. skinn,Retinol,Fågel ,48.5,µg
1186,Kalkon stekt m. skinn,Protein,Fågel ,26.8,g
1186,Kalkon stekt m. skinn,Summa fleromättade fettsyror,Fågel ,1.8,g
1186,Kalkon stekt m. skinn,"Fosfor, P",Fågel ,243.0,mg
1186,Kalkon stekt m. skinn,Niacinekvivalenter,Fågel ,15.13,NE/mg
1186,Kalkon stekt m. skinn,Niacin,Fågel ,10.21,mg
1186,Kalkon stekt m. skinn,"Salt, NaCl",Fågel ,0.6,g
1186,Kalkon stekt m. skinn,"Natrium, Na",Fågel ,266.0,mg
1186,Kalkon stekt m. skinn,Monosackarider,Fågel ,0.0,g
1186,Kalkon stekt m. skinn,"Sockerarter, totalt",Fågel ,0.0,g
1186,Kalkon stekt m. skinn,Summa enkelomättade fettsyror,Fågel ,1.5,g
1186,Kalkon stekt m. skinn,"Magnesium, Mg",Fågel ,28.0,mg
1186,Kalkon stekt m. skinn,Summa mättade fettsyror,Fågel ,1.9,g
1186,Kalkon stekt m. skinn,"Kolhydrater, tillgängliga",Fågel ,0.0,g
1186,Kalkon stekt m. skinn,Kolesterol,Fågel ,103.4,mg
1186,Kalkon stekt m. skinn,"Kalium, K",Fågel ,346.0,mg
1186,Kalkon stekt m. skinn,"Jod, I",Fågel ,27.6,µg
1186,Kalkon stekt m. skinn,Fullkorn totalt,Fågel ,0.0,g
1186,Kalkon stekt m. skinn,"Folat, totalt",Fågel ,6.9,µg
1186,Kalkon stekt m. skinn,Fibrer,Fågel ,0.0,g
1186,Kalkon stekt m. skinn,"Fett, totalt",Fågel ,5.9,g
1186,Kalkon stekt m. skinn,"Järn, Fe",Fågel ,1.4,mg
1186,Kalkon stekt m. skinn,Energi (kJ),Fågel ,673.0,kJ
1186,Kalkon stekt m. skinn,Energi (kcal),Fågel ,161.0,kcal
1186,Kalkon stekt m. skinn,Disackarider,Fågel ,0.0,g
1186,Kalkon stekt m. skinn,"Kalcium, Ca",Fågel ,10.0,mg
1186,Kalkon stekt m. skinn,Fettsyra 4:0-10:0,Fågel ,0.0,g
1186,Kalkon stekt m. skinn,DHA (C22:6),Fågel ,0.1,g
1186,Kalkon stekt m. skinn,DPA (C22:5),Fågel ,0.0,g
1186,Kalkon stekt m. skinn,EPA (C20:5),Fågel ,0.1,g
1186,Kalkon stekt m. skinn,Arakidonsyra C20:4,Fågel ,0.1,g
1186,Kalkon stekt m. skinn,Arakidinsyra C20:0,Fågel ,0.0,g
1186,Kalkon stekt m. skinn,Linolensyra C18:3,Fågel ,0.1,g
1186,Kalkon stekt m. skinn,Linolsyra C18:2,Fågel ,1.3,g
1186,Kalkon stekt m. skinn,Oljesyra C18:1,Fågel ,1.3,g
1186,Kalkon stekt m. skinn,Stearinsyra C18:0,Fågel ,0.5,g
1186,Kalkon stekt m. skinn,Palmitoljesyra C16:1,Fågel ,0.2,g
1186,Kalkon stekt m. skinn,Palmitinsyra C16:0,Fågel ,1.3,g
1186,Kalkon stekt m. skinn,Myristinsyra C14:0,Fågel ,0.1,g
1186,Kalkon stekt m. skinn,Laurinsyra C12:0,Fågel ,0.0,g
1186,Kalkon stekt m. skinn,Betakaroten/β-Karoten,Fågel ,0.0,µg
1186,Kalkon stekt m. skinn,Avfall (skal etc.),Fågel ,28.0,%
1186,Kalkon stekt m. skinn,Aska,Fågel ,1.6,g
1186,Kalkon stekt m. skinn,Alkohol,Fågel ,0.0,g
1188,Kyckling bröstfilé m. skinn stekt m. salt,"Zink, Zn",Fågel ,1.0,mg
1188,Kyckling bröstfilé m. skinn stekt m. salt,Vitamin E,Fågel ,0.8,mg
1188,Kyckling bröstfilé m. skinn stekt m. salt,Vitamin D,Fågel ,1.51,µg
1188,Kyckling bröstfilé m. skinn stekt m. salt,Vitamin C,Fågel ,0.0,mg
1188,Kyckling bröstfilé m. skinn stekt m. salt,Vitamin B6,Fågel ,0.72,mg
1188,Kyckling bröstfilé m. skinn stekt m. salt,Vitamin B12,Fågel ,0.25,µg
1188,Kyckling bröstfilé m. skinn stekt m. salt,Vitamin A,Fågel ,30.2,RE/µg
1188,Kyckling bröstfilé m. skinn stekt m. salt,Vatten,Fågel ,61.8,g
1188,Kyckling bröstfilé m. skinn stekt m. salt,Tiamin,Fågel ,0.08,mg
1188,Kyckling bröstfilé m. skinn stekt m. salt,Tillsatt socker,Fågel ,0.0,g
1188,Kyckling bröstfilé m. skinn stekt m. salt,Fritt socker,Fågel ,0.0,g
1188,Kyckling bröstfilé m. skinn stekt m. salt,"Selen, Se",Fågel ,12.6,µg
1188,Kyckling bröstfilé m. skinn stekt m. salt,Sackaros,Fågel ,0.0,g
1188,Kyckling bröstfilé m. skinn stekt m. salt,Riboflavin,Fågel ,0.12,mg
1188,Kyckling bröstfilé m. skinn stekt m. salt,Retinol,Fågel ,30.2,µg
1188,Kyckling bröstfilé m. skinn stekt m. salt,Protein,Fågel ,27.1,g
1188,Kyckling bröstfilé m. skinn stekt m. salt,Summa fleromättade fettsyror,Fågel ,1.2,g
1188,Kyckling bröstfilé m. skinn stekt m. salt,"Fosfor, P",Fågel ,250.0,mg
1188,Kyckling bröstfilé m. skinn stekt m. salt,Niacinekvivalenter,Fågel ,20.09,NE/mg
1188,Kyckling bröstfilé m. skinn stekt m. salt,Niacin,Fågel ,15.12,mg
1188,Kyckling bröstfilé m. skinn stekt m. salt,"Salt, NaCl",Fågel ,0.7,g
1188,Kyckling bröstfilé m. skinn stekt m. salt,"Natrium, Na",Fågel ,254.0,mg
1188,Kyckling bröstfilé m. skinn stekt m. salt,Monosackarider,Fågel ,0.0,g
1188,Kyckling bröstfilé m. skinn stekt m. salt,"Sockerarter, totalt",Fågel ,0.0,g
1188,Kyckling bröstfilé m. skinn stekt m. salt,Summa enkelomättade fettsyror,Fågel ,4.0,g
1188,Kyckling bröstfilé m. skinn stekt m. salt,"Magnesium, Mg",Fågel ,32.0,mg
1188,Kyckling bröstfilé m. skinn stekt m. salt,Summa mättade fettsyror,Fågel ,2.7,g
1188,Kyckling bröstfilé m. skinn stekt m. salt,"Kolhydrater, tillgängliga",Fågel ,0.0,g
1188,Kyckling bröstfilé m. skinn stekt m. salt,Kolesterol,Fågel ,80.7,mg
1188,Kyckling bröstfilé m. skinn stekt m. salt,"Kalium, K",Fågel ,264.0,mg
1188,Kyckling bröstfilé m. skinn stekt m. salt,"Jod, I",Fågel ,22.1,µg
1188,Kyckling bröstfilé m. skinn stekt m. salt,Fullkorn totalt,Fågel ,0.0,g
1188,Kyckling bröstfilé m. skinn stekt m. salt,"Folat, totalt",Fågel ,17.4,µg
1188,Kyckling bröstfilé m. skinn stekt m. salt,Fibrer,Fågel ,0.0,g
1188,Kyckling bröstfilé m. skinn stekt m. salt,"Fett, totalt",Fågel ,8.7,g
1188,Kyckling bröstfilé m. skinn stekt m. salt,"Järn, Fe",Fågel ,1.1,mg
1188,Kyckling bröstfilé m. skinn stekt m. salt,Energi (kJ),Fågel ,783.0,kJ
1188,Kyckling bröstfilé m. skinn stekt m. salt,Energi (kcal),Fågel ,187.0,kcal
1188,Kyckling bröstfilé m. skinn stekt m. salt,Disackarider,Fågel ,0.0,g
1188,Kyckling bröstfilé m. skinn stekt m. salt,"Kalcium, Ca",Fågel ,15.0,mg
1188,Kyckling bröstfilé m. skinn stekt m. salt,Fettsyra 4:0-10:0,Fågel ,0.0,g
1188,Kyckling bröstfilé m. skinn stekt m. salt,DHA (C22:6),Fågel ,0.1,g
1188,Kyckling bröstfilé m. skinn stekt m. salt,DPA (C22:5),Fågel ,0.0,g
1188,Kyckling bröstfilé m. skinn stekt m. salt,EPA (C20:5),Fågel ,0.0,g
1188,Kyckling bröstfilé m. skinn stekt m. salt,Arakidonsyra C20:4,Fågel ,0.0,g
1188,Kyckling bröstfilé m. skinn stekt m. salt,Arakidinsyra C20:0,Fågel ,0.0,g
1188,Kyckling bröstfilé m. skinn stekt m. salt,Linolensyra C18:3,Fågel ,0.1,g
1188,Kyckling bröstfilé m. skinn stekt m. salt,Linolsyra C18:2,Fågel ,1.0,g
1188,Kyckling bröstfilé m. skinn stekt m. salt,Oljesyra C18:1,Fågel ,3.3,g
1188,Kyckling bröstfilé m. skinn stekt m. salt,Stearinsyra C18:0,Fågel ,0.6,g
1188,Kyckling bröstfilé m. skinn stekt m. salt,Palmitoljesyra C16:1,Fågel ,0.6,g
1188,Kyckling bröstfilé m. skinn stekt m. salt,Palmitinsyra C16:0,Fågel ,2.0,g
1188,Kyckling bröstfilé m. skinn stekt m. salt,Myristinsyra C14:0,Fågel ,0.1,g
1188,Kyckling bröstfilé m. skinn stekt m. salt,Laurinsyra C12:0,Fågel ,0.0,g
1188,Kyckling bröstfilé m. skinn stekt m. salt,Betakaroten/β-Karoten,Fågel ,0.0,µg
1188,Kyckling bröstfilé m. skinn stekt m. salt,Avfall (skal etc.),Fågel ,3.0,%
1188,Kyckling bröstfilé m. skinn stekt m. salt,Aska,Fågel ,2.3,g
1188,Kyckling bröstfilé m. skinn stekt m. salt,Alkohol,Fågel ,0.0,g
1189,Ripa stekt,"Zink, Zn",Fågel ,1.9,mg
1189,Ripa stekt,Vitamin E,Fågel ,0.1,mg
1189,Ripa stekt,Vitamin D,Fågel ,0.41,µg
1189,Ripa stekt,Vitamin C,Fågel ,0.0,mg
1189,Ripa stekt,Vitamin B6,Fågel ,0.56,mg
1189,Ripa stekt,Vitamin B12,Fågel ,0.71,µg
1189,Ripa stekt,Vitamin A,Fågel ,62.5,RE/µg
1189,Ripa stekt,Vatten,Fågel ,65.3,g
1189,Ripa stekt,Tiamin,Fågel ,0.1,mg
1189,Ripa stekt,Tillsatt socker,Fågel ,0.0,g
1189,Ripa stekt,Fritt socker,Fågel ,0.0,g
1189,Ripa stekt,"Selen, Se",Fågel ,25.5,µg
1189,Ripa stekt,Sackaros,Fågel ,0.0,g
1189,Ripa stekt,Riboflavin,Fågel ,0.44,mg
1189,Ripa stekt,Retinol,Fågel ,62.5,µg
1189,Ripa stekt,Protein,Fågel ,30.0,g
1189,Ripa stekt,Summa fleromättade fettsyror,Fågel ,0.3,g
1189,Ripa stekt,"Fosfor, P",Fågel ,370.0,mg
1189,Ripa stekt,Niacinekvivalenter,Fågel ,14.55,NE/mg
1189,Ripa stekt,Niacin,Fågel ,9.05,mg
1189,Ripa stekt,"Salt, NaCl",Fågel ,0.6,g
1189,Ripa stekt,"Natrium, Na",Fågel ,224.0,mg
1189,Ripa stekt,Monosackarider,Fågel ,0.0,g
1189,Ripa stekt,"Sockerarter, totalt",Fågel ,0.0,g
1189,Ripa stekt,Summa enkelomättade fettsyror,Fågel ,1.1,g
1189,Ripa stekt,"Magnesium, Mg",Fågel ,46.0,mg
1189,Ripa stekt,Summa mättade fettsyror,Fågel ,0.7,g
1189,Ripa stekt,"Kolhydrater, tillgängliga",Fågel ,0.0,g
1189,Ripa stekt,Kolesterol,Fågel ,98.2,mg
1189,Ripa stekt,"Kalium, K",Fågel ,473.0,mg
1189,Ripa stekt,"Jod, I",Fågel ,32.5,µg
1189,Ripa stekt,Fullkorn totalt,Fågel ,0.0,g
1189,Ripa stekt,"Folat, totalt",Fågel ,19.1,µg
1189,Ripa stekt,Fibrer,Fågel ,0.0,g
1189,Ripa stekt,"Fett, totalt",Fågel ,2.6,g
1189,Ripa stekt,"Järn, Fe",Fågel ,9.6,mg
1189,Ripa stekt,Energi (kJ),Fågel ,604.0,kJ
1189,Ripa stekt,Energi (kcal),Fågel ,144.0,kcal
1189,Ripa stekt,Disackarider,Fågel ,0.0,g
1189,Ripa stekt,"Kalcium, Ca",Fågel ,52.0,mg
1189,Ripa stekt,Fettsyra 4:0-10:0,Fågel ,0.0,g
1189,Ripa stekt,DHA (C22:6),Fågel ,0.0,g
1189,Ripa stekt,DPA (C22:5),Fågel ,0.0,g
1189,Ripa stekt,EPA (C20:5),Fågel ,0.0,g
1189,Ripa stekt,Arakidonsyra C20:4,Fågel ,0.0,g
1189,Ripa stekt,Arakidinsyra C20:0,Fågel ,0.0,g
1189,Ripa stekt,Linolensyra C18:3,Fågel ,0.0,g
1189,Ripa stekt,Linolsyra C18:2,Fågel ,0.2,g
1189,Ripa stekt,Oljesyra C18:1,Fågel ,0.8,g
1189,Ripa stekt,Stearinsyra C18:0,Fågel ,0.2,g
1189,Ripa stekt,Palmitoljesyra C16:1,Fågel ,0.2,g
1189,Ripa stekt,Palmitinsyra C16:0,Fågel ,0.6,g
1189,Ripa stekt,Myristinsyra C14:0,Fågel ,0.0,g
1189,Ripa stekt,Laurinsyra C12:0,Fågel ,0.0,g
1189,Ripa stekt,Betakaroten/β-Karoten,Fågel ,0.0,µg
1189,Ripa stekt,Avfall (skal etc.),Fågel ,0.0,%
1189,Ripa stekt,Aska,Fågel ,2.2,g
1189,Ripa stekt,Alkohol,Fågel ,0.0,g
1190,Kyckling kött kokt stekt grillat,"Zink, Zn",Fågel ,1.1,mg
1190,Kyckling kött kokt stekt grillat,Vitamin E,Fågel ,1.4,mg
1190,Kyckling kött kokt stekt grillat,Vitamin D,Fågel ,0.66,µg
1190,Kyckling kött kokt stekt grillat,Vitamin C,Fågel ,0.0,mg
1190,Kyckling kött kokt stekt grillat,Vitamin B6,Fågel ,0.53,mg
1190,Kyckling kött kokt stekt grillat,Vitamin B12,Fågel ,0.26,µg
1190,Kyckling kött kokt stekt grillat,Vitamin A,Fågel ,21.4,RE/µg
1190,Kyckling kött kokt stekt grillat,Vatten,Fågel ,69.1,g
1190,Kyckling kött kokt stekt grillat,Tiamin,Fågel ,0.17,mg
1190,Kyckling kött kokt stekt grillat,Tillsatt socker,Fågel ,0.0,g
1190,Kyckling kött kokt stekt grillat,Fritt socker,Fågel ,0.0,g
1190,Kyckling kött kokt stekt grillat,"Selen, Se",Fågel ,19.7,µg
1190,Kyckling kött kokt stekt grillat,Sackaros,Fågel ,0.3,g
1190,Kyckling kött kokt stekt grillat,Riboflavin,Fågel ,0.18,mg
1190,Kyckling kött kokt stekt grillat,Retinol,Fågel ,20.6,µg
1190,Kyckling kött kokt stekt grillat,Protein,Fågel ,23.3,g
1190,Kyckling kött kokt stekt grillat,Summa fleromättade fettsyror,Fågel ,1.0,g
1190,Kyckling kött kokt stekt grillat,"Fosfor, P",Fågel ,282.0,mg
1190,Kyckling kött kokt stekt grillat,Niacinekvivalenter,Fågel ,16.87,NE/mg
1190,Kyckling kött kokt stekt grillat,Niacin,Fågel ,12.61,mg
1190,Kyckling kött kokt stekt grillat,"Salt, NaCl",Fågel ,0.6,g
1190,Kyckling kött kokt stekt grillat,"Natrium, Na",Fågel ,252.0,mg
1190,Kyckling kött kokt stekt grillat,Monosackarider,Fågel ,0.0,g
1190,Kyckling kött kokt stekt grillat,"Sockerarter, totalt",Fågel ,0.3,g
1190,Kyckling kött kokt stekt grillat,Summa enkelomättade fettsyror,Fågel ,2.7,g
1190,Kyckling kött kokt stekt grillat,"Magnesium, Mg",Fågel ,37.0,mg
1190,Kyckling kött kokt stekt grillat,Summa mättade fettsyror,Fågel ,1.7,g
1190,Kyckling kött kokt stekt grillat,"Kolhydrater, tillgängliga",Fågel ,0.0,g
1190,Kyckling kött kokt stekt grillat,Kolesterol,Fågel ,98.3,mg
1190,Kyckling kött kokt stekt grillat,"Kalium, K",Fågel ,330.0,mg
1190,Kyckling kött kokt stekt grillat,"Jod, I",Fågel ,6.7,µg
1190,Kyckling kött kokt stekt grillat,Fullkorn totalt,Fågel ,0.0,g
1190,Kyckling kött kokt stekt grillat,"Folat, totalt",Fågel ,14.3,µg
1190,Kyckling kött kokt stekt grillat,Fibrer,Fågel ,0.0,g
1190,Kyckling kött kokt stekt grillat,"Fett, totalt",Fågel ,5.8,g
1190,Kyckling kött kokt stekt grillat,"Järn, Fe",Fågel ,0.8,mg
1190,Kyckling kött kokt stekt grillat,Energi (kJ),Fågel ,612.0,kJ
1190,Kyckling kött kokt stekt grillat,Energi (kcal),Fågel ,146.0,kcal
1190,Kyckling kött kokt stekt grillat,Disackarider,Fågel ,0.3,g
1190,Kyckling kött kokt stekt grillat,"Kalcium, Ca",Fågel ,10.0,mg
1190,Kyckling kött kokt stekt grillat,Fettsyra 4:0-10:0,Fågel ,0.0,g
1190,Kyckling kött kokt stekt grillat,DHA (C22:6),Fågel ,0.0,g
1190,Kyckling kött kokt stekt grillat,DPA (C22:5),Fågel ,0.0,g
1190,Kyckling kött kokt stekt grillat,EPA (C20:5),Fågel ,0.0,g
1190,Kyckling kött kokt stekt grillat,Arakidonsyra C20:4,Fågel ,0.1,g
1190,Kyckling kött kokt stekt grillat,Arakidinsyra C20:0,Fågel ,0.0,g
1190,Kyckling kött kokt stekt grillat,Linolensyra C18:3,Fågel ,0.1,g
1190,Kyckling kött kokt stekt grillat,Linolsyra C18:2,Fågel ,0.8,g
1190,Kyckling kött kokt stekt grillat,Oljesyra C18:1,Fågel ,2.4,g
1190,Kyckling kött kokt stekt grillat,Stearinsyra C18:0,Fågel ,0.4,g
1190,Kyckling kött kokt stekt grillat,Palmitoljesyra C16:1,Fågel ,0.3,g
1190,Kyckling kött kokt stekt grillat,Palmitinsyra C16:0,Fågel ,1.3,g
1190,Kyckling kött kokt stekt grillat,Myristinsyra C14:0,Fågel ,0.0,g
1190,Kyckling kött kokt stekt grillat,Laurinsyra C12:0,Fågel ,0.0,g
1190,Kyckling kött kokt stekt grillat,Betakaroten/β-Karoten,Fågel ,7.0,µg
1190,Kyckling kött kokt stekt grillat,Avfall (skal etc.),Fågel ,9.0,%
1190,Kyckling kött kokt stekt grillat,Aska,Fågel ,1.7,g
1190,Kyckling kött kokt stekt grillat,Alkohol,Fågel ,0.0,g
1191,Kalkon rökt,"Zink, Zn",Fågelprodukter fågelrätter,2.4,mg
1191,Kalkon rökt,Vitamin E,Fågelprodukter fågelrätter,0.1,mg
1191,Kalkon rökt,Vitamin D,Fågelprodukter fågelrätter,0.0,µg
1191,Kalkon rökt,Vitamin C,Fågelprodukter fågelrätter,0.0,mg
1191,Kalkon rökt,Vitamin B6,Fågelprodukter fågelrätter,0.46,mg
1191,Kalkon rökt,Vitamin B12,Fågelprodukter fågelrätter,0.4,µg
1191,Kalkon rökt,Vitamin A,Fågelprodukter fågelrätter,0.0,RE/µg
1191,Kalkon rökt,Vatten,Fågelprodukter fågelrätter,69.8,g
1191,Kalkon rökt,Tiamin,Fågelprodukter fågelrätter,0.05,mg
1191,Kalkon rökt,Tillsatt socker,Fågelprodukter fågelrätter,0.0,g
1191,Kalkon rökt,Fritt socker,Fågelprodukter fågelrätter,0.0,g
1191,Kalkon rökt,"Selen, Se",Fågelprodukter fågelrätter,5.0,µg
1191,Kalkon rökt,Sackaros,Fågelprodukter fågelrätter,0.0,g
1191,Kalkon rökt,Riboflavin,Fågelprodukter fågelrätter,0.15,mg
1191,Kalkon rökt,Retinol,Fågelprodukter fågelrätter,0.0,µg
1191,Kalkon rökt,Protein,Fågelprodukter fågelrätter,24.0,g
1191,Kalkon rökt,Summa fleromättade fettsyror,Fågelprodukter fågelrätter,1.2,g
1191,Kalkon rökt,"Fosfor, P",Fågelprodukter fågelrätter,225.0,mg
1191,Kalkon rökt,Niacinekvivalenter,Fågelprodukter fågelrätter,15.4,NE/mg
1191,Kalkon rökt,Niacin,Fågelprodukter fågelrätter,11.0,mg
1191,Kalkon rökt,"Salt, NaCl",Fågelprodukter fågelrätter,2.1,g
1191,Kalkon rökt,"Natrium, Na",Fågelprodukter fågelrätter,850.0,mg
1191,Kalkon rökt,Monosackarider,Fågelprodukter fågelrätter,0.0,g
1191,Kalkon rökt,"Sockerarter, totalt",Fågelprodukter fågelrätter,0.0,g
1191,Kalkon rökt,Summa enkelomättade fettsyror,Fågelprodukter fågelrätter,0.8,g
1191,Kalkon rökt,"Magnesium, Mg",Fågelprodukter fågelrätter,26.0,mg
1191,Kalkon rökt,Summa mättade fettsyror,Fågelprodukter fågelrätter,1.3,g
1191,Kalkon rökt,"Kolhydrater, tillgängliga",Fågelprodukter fågelrätter,0.0,g
1191,Kalkon rökt,Kolesterol,Fågelprodukter fågelrätter,76.0,mg
1191,Kalkon rökt,"Kalium, K",Fågelprodukter fågelrätter,245.0,mg
1191,Kalkon rökt,"Jod, I",Fågelprodukter fågelrätter,2.2,µg
1191,Kalkon rökt,Fullkorn totalt,Fågelprodukter fågelrätter,0.0,g
1191,Kalkon rökt,"Folat, totalt",Fågelprodukter fågelrätter,4.5,µg
1191,Kalkon rökt,Fibrer,Fågelprodukter fågelrätter,0.0,g
1191,Kalkon rökt,"Fett, totalt",Fågelprodukter fågelrätter,4.0,g
1191,Kalkon rökt,"Järn, Fe",Fågelprodukter fågelrätter,1.2,mg
1191,Kalkon rökt,Energi (kJ),Fågelprodukter fågelrätter,556.0,kJ
1191,Kalkon rökt,Energi (kcal),Fågelprodukter fågelrätter,133.0,kcal
1191,Kalkon rökt,Disackarider,Fågelprodukter fågelrätter,0.0,g
1191,Kalkon rökt,"Kalcium, Ca",Fågelprodukter fågelrätter,10.0,mg
1191,Kalkon rökt,Fettsyra 4:0-10:0,Fågelprodukter fågelrätter,0.0,g
1191,Kalkon rökt,DHA (C22:6),Fågelprodukter fågelrätter,0.0,g
1191,Kalkon rökt,DPA (C22:5),Fågelprodukter fågelrätter,0.0,g
1191,Kalkon rökt,EPA (C20:5),Fågelprodukter fågelrätter,0.0,g
1191,Kalkon rökt,Arakidonsyra C20:4,Fågelprodukter fågelrätter,0.2,g
1191,Kalkon rökt,Arakidinsyra C20:0,Fågelprodukter fågelrätter,0.0,g
1191,Kalkon rökt,Linolensyra C18:3,Fågelprodukter fågelrätter,0.0,g
1191,Kalkon rökt,Linolsyra C18:2,Fågelprodukter fågelrätter,0.9,g
1191,Kalkon rökt,Oljesyra C18:1,Fågelprodukter fågelrätter,0.7,g
1191,Kalkon rökt,Stearinsyra C18:0,Fågelprodukter fågelrätter,0.4,g
1191,Kalkon rökt,Palmitoljesyra C16:1,Fågelprodukter fågelrätter,0.1,g
1191,Kalkon rökt,Palmitinsyra C16:0,Fågelprodukter fågelrätter,0.7,g
1191,Kalkon rökt,Myristinsyra C14:0,Fågelprodukter fågelrätter,0.0,g
1191,Kalkon rökt,Laurinsyra C12:0,Fågelprodukter fågelrätter,0.0,g
1191,Kalkon rökt,Betakaroten/β-Karoten,Fågelprodukter fågelrätter,0.0,µg
1191,Kalkon rökt,Avfall (skal etc.),Fågelprodukter fågelrätter,0.0,%
1191,Kalkon rökt,Aska,Fågelprodukter fågelrätter,2.2,g
1191,Kalkon rökt,Alkohol,Fågelprodukter fågelrätter,0.0,g
1192,Kyckling marinerad grillad m. skinn,"Zink, Zn",Fågelprodukter fågelrätter,1.4,mg
1192,Kyckling marinerad grillad m. skinn,Vitamin E,Fågelprodukter fågelrätter,1.9,mg
1192,Kyckling marinerad grillad m. skinn,Vitamin D,Fågelprodukter fågelrätter,0.66,µg
1192,Kyckling marinerad grillad m. skinn,Vitamin C,Fågelprodukter fågelrätter,0.0,mg
1192,Kyckling marinerad grillad m. skinn,Vitamin B6,Fågelprodukter fågelrätter,0.29,mg
1192,Kyckling marinerad grillad m. skinn,Vitamin B12,Fågelprodukter fågelrätter,0.32,µg
1192,Kyckling marinerad grillad m. skinn,Vitamin A,Fågelprodukter fågelrätter,32.4,RE/µg
1192,Kyckling marinerad grillad m. skinn,Vatten,Fågelprodukter fågelrätter,68.6,g
1192,Kyckling marinerad grillad m. skinn,Tiamin,Fågelprodukter fågelrätter,0.17,mg
1192,Kyckling marinerad grillad m. skinn,Tillsatt socker,Fågelprodukter fågelrätter,1.0,g
1192,Kyckling marinerad grillad m. skinn,Fritt socker,Fågelprodukter fågelrätter,1.0,g
1192,Kyckling marinerad grillad m. skinn,"Selen, Se",Fågelprodukter fågelrätter,30.0,µg
1192,Kyckling marinerad grillad m. skinn,Sackaros,Fågelprodukter fågelrätter,1.0,g
1192,Kyckling marinerad grillad m. skinn,Riboflavin,Fågelprodukter fågelrätter,0.23,mg
1192,Kyckling marinerad grillad m. skinn,Retinol,Fågelprodukter fågelrätter,29.8,µg
1192,Kyckling marinerad grillad m. skinn,Protein,Fågelprodukter fågelrätter,19.7,g
1192,Kyckling marinerad grillad m. skinn,Summa fleromättade fettsyror,Fågelprodukter fågelrätter,1.7,g
1192,Kyckling marinerad grillad m. skinn,"Fosfor, P",Fågelprodukter fågelrätter,251.0,mg
1192,Kyckling marinerad grillad m. skinn,Niacinekvivalenter,Fågelprodukter fågelrätter,12.3,NE/mg
1192,Kyckling marinerad grillad m. skinn,Niacin,Fågelprodukter fågelrätter,8.73,mg
1192,Kyckling marinerad grillad m. skinn,"Salt, NaCl",Fågelprodukter fågelrätter,1.2,g
1192,Kyckling marinerad grillad m. skinn,"Natrium, Na",Fågelprodukter fågelrätter,481.0,mg
1192,Kyckling marinerad grillad m. skinn,Monosackarider,Fågelprodukter fågelrätter,0.0,g
1192,Kyckling marinerad grillad m. skinn,"Sockerarter, totalt",Fågelprodukter fågelrätter,1.0,g
1192,Kyckling marinerad grillad m. skinn,Summa enkelomättade fettsyror,Fågelprodukter fågelrätter,4.8,g
1192,Kyckling marinerad grillad m. skinn,"Magnesium, Mg",Fågelprodukter fågelrätter,35.0,mg
1192,Kyckling marinerad grillad m. skinn,Summa mättade fettsyror,Fågelprodukter fågelrätter,2.8,g
1192,Kyckling marinerad grillad m. skinn,"Kolhydrater, tillgängliga",Fågelprodukter fågelrätter,0.0,g
1192,Kyckling marinerad grillad m. skinn,Kolesterol,Fågelprodukter fågelrätter,110.0,mg
1192,Kyckling marinerad grillad m. skinn,"Kalium, K",Fågelprodukter fågelrätter,341.0,mg
1192,Kyckling marinerad grillad m. skinn,"Jod, I",Fågelprodukter fågelrätter,0.0,µg
1192,Kyckling marinerad grillad m. skinn,Fullkorn totalt,Fågelprodukter fågelrätter,0.0,g
1192,Kyckling marinerad grillad m. skinn,"Folat, totalt",Fågelprodukter fågelrätter,14.7,µg
1192,Kyckling marinerad grillad m. skinn,Fibrer,Fågelprodukter fågelrätter,0.0,g
1192,Kyckling marinerad grillad m. skinn,"Fett, totalt",Fågelprodukter fågelrätter,9.8,g
1192,Kyckling marinerad grillad m. skinn,"Järn, Fe",Fågelprodukter fågelrätter,0.9,mg
1192,Kyckling marinerad grillad m. skinn,Energi (kJ),Fågelprodukter fågelrätter,697.0,kJ
1192,Kyckling marinerad grillad m. skinn,Energi (kcal),Fågelprodukter fågelrätter,167.0,kcal
1192,Kyckling marinerad grillad m. skinn,Disackarider,Fågelprodukter fågelrätter,1.0,g
1192,Kyckling marinerad grillad m. skinn,"Kalcium, Ca",Fågelprodukter fågelrätter,15.0,mg
1192,Kyckling marinerad grillad m. skinn,Fettsyra 4:0-10:0,Fågelprodukter fågelrätter,0.0,g
1192,Kyckling marinerad grillad m. skinn,DHA (C22:6),Fågelprodukter fågelrätter,0.0,g
1192,Kyckling marinerad grillad m. skinn,DPA (C22:5),Fågelprodukter fågelrätter,0.0,g
1192,Kyckling marinerad grillad m. skinn,EPA (C20:5),Fågelprodukter fågelrätter,0.0,g
1192,Kyckling marinerad grillad m. skinn,Arakidonsyra C20:4,Fågelprodukter fågelrätter,0.1,g
1192,Kyckling marinerad grillad m. skinn,Arakidinsyra C20:0,Fågelprodukter fågelrätter,0.0,g
1192,Kyckling marinerad grillad m. skinn,Linolensyra C18:3,Fågelprodukter fågelrätter,0.2,g
1192,Kyckling marinerad grillad m. skinn,Linolsyra C18:2,Fågelprodukter fågelrätter,1.4,g
1192,Kyckling marinerad grillad m. skinn,Oljesyra C18:1,Fågelprodukter fågelrätter,4.3,g
1192,Kyckling marinerad grillad m. skinn,Stearinsyra C18:0,Fågelprodukter fågelrätter,0.6,g
1192,Kyckling marinerad grillad m. skinn,Palmitoljesyra C16:1,Fågelprodukter fågelrätter,0.5,g
1192,Kyckling marinerad grillad m. skinn,Palmitinsyra C16:0,Fågelprodukter fågelrätter,2.1,g
1192,Kyckling marinerad grillad m. skinn,Myristinsyra C14:0,Fågelprodukter fågelrätter,0.1,g
1192,Kyckling marinerad grillad m. skinn,Laurinsyra C12:0,Fågelprodukter fågelrätter,0.0,g
1192,Kyckling marinerad grillad m. skinn,Betakaroten/β-Karoten,Fågelprodukter fågelrätter,23.0,µg
1192,Kyckling marinerad grillad m. skinn,Avfall (skal etc.),Fågelprodukter fågelrätter,30.0,%
1192,Kyckling marinerad grillad m. skinn,Aska,Fågelprodukter fågelrätter,1.9,g
1192,Kyckling marinerad grillad m. skinn,Alkohol,Fågelprodukter fågelrätter,0.0,g
1193,Kyckling friterad m. frityrsmet,"Zink, Zn",Fågelprodukter fågelrätter,1.3,mg
1193,Kyckling friterad m. frityrsmet,Vitamin E,Fågelprodukter fågelrätter,0.2,mg
1193,Kyckling friterad m. frityrsmet,Vitamin D,Fågelprodukter fågelrätter,1.5,µg
1193,Kyckling friterad m. frityrsmet,Vitamin C,Fågelprodukter fågelrätter,0.0,mg
1193,Kyckling friterad m. frityrsmet,Vitamin B6,Fågelprodukter fågelrätter,0.31,mg
1193,Kyckling friterad m. frityrsmet,Vitamin B12,Fågelprodukter fågelrätter,0.2,µg
1193,Kyckling friterad m. frityrsmet,Vitamin A,Fågelprodukter fågelrätter,50.0,RE/µg
1193,Kyckling friterad m. frityrsmet,Vatten,Fågelprodukter fågelrätter,47.0,g
1193,Kyckling friterad m. frityrsmet,Tiamin,Fågelprodukter fågelrätter,0.07,mg
1193,Kyckling friterad m. frityrsmet,Tillsatt socker,Fågelprodukter fågelrätter,0.0,g
1193,Kyckling friterad m. frityrsmet,Fritt socker,Fågelprodukter fågelrätter,0.0,g
1193,Kyckling friterad m. frityrsmet,"Selen, Se",Fågelprodukter fågelrätter,5.0,µg
1193,Kyckling friterad m. frityrsmet,Sackaros,Fågelprodukter fågelrätter,0.0,g
1193,Kyckling friterad m. frityrsmet,Riboflavin,Fågelprodukter fågelrätter,0.18,mg
1193,Kyckling friterad m. frityrsmet,Retinol,Fågelprodukter fågelrätter,50.0,µg
1193,Kyckling friterad m. frityrsmet,Protein,Fågelprodukter fågelrätter,22.5,g
1193,Kyckling friterad m. frityrsmet,Summa fleromättade fettsyror,Fågelprodukter fågelrätter,5.2,g
1193,Kyckling friterad m. frityrsmet,"Fosfor, P",Fågelprodukter fågelrätter,172.0,mg
1193,Kyckling friterad m. frityrsmet,Niacinekvivalenter,Fågelprodukter fågelrätter,10.73,NE/mg
1193,Kyckling friterad m. frityrsmet,Niacin,Fågelprodukter fågelrätter,6.6,mg
1193,Kyckling friterad m. frityrsmet,"Salt, NaCl",Fågelprodukter fågelrätter,1.4,g
1193,Kyckling friterad m. frityrsmet,"Natrium, Na",Fågelprodukter fågelrätter,538.0,mg
1193,Kyckling friterad m. frityrsmet,Monosackarider,Fågelprodukter fågelrätter,0.0,g
1193,Kyckling friterad m. frityrsmet,"Sockerarter, totalt",Fågelprodukter fågelrätter,0.0,g
1193,Kyckling friterad m. frityrsmet,Summa enkelomättade fettsyror,Fågelprodukter fågelrätter,9.0,g
1193,Kyckling friterad m. frityrsmet,"Magnesium, Mg",Fågelprodukter fågelrätter,25.0,mg
1193,Kyckling friterad m. frityrsmet,Summa mättade fettsyror,Fågelprodukter fågelrätter,5.8,g
1193,Kyckling friterad m. frityrsmet,"Kolhydrater, tillgängliga",Fågelprodukter fågelrätter,5.8,g
1193,Kyckling friterad m. frityrsmet,Kolesterol,Fågelprodukter fågelrätter,75.0,mg
1193,Kyckling friterad m. frityrsmet,"Kalium, K",Fågelprodukter fågelrätter,250.0,mg
1193,Kyckling friterad m. frityrsmet,"Jod, I",Fågelprodukter fågelrätter,3.0,µg
1193,Kyckling friterad m. frityrsmet,Fullkorn totalt,Fågelprodukter fågelrätter,0.0,g
1193,Kyckling friterad m. frityrsmet,"Folat, totalt",Fågelprodukter fågelrätter,5.0,µg
1193,Kyckling friterad m. frityrsmet,Fibrer,Fågelprodukter fågelrätter,0.7,g
1193,Kyckling friterad m. frityrsmet,"Fett, totalt",Fågelprodukter fågelrätter,21.9,g
1193,Kyckling friterad m. frityrsmet,"Järn, Fe",Fågelprodukter fågelrätter,1.2,mg
1193,Kyckling friterad m. frityrsmet,Energi (kJ),Fågelprodukter fågelrätter,1297.0,kJ
1193,Kyckling friterad m. frityrsmet,Energi (kcal),Fågelprodukter fågelrätter,310.0,kcal
1193,Kyckling friterad m. frityrsmet,Disackarider,Fågelprodukter fågelrätter,0.0,g
1193,Kyckling friterad m. frityrsmet,"Kalcium, Ca",Fågelprodukter fågelrätter,15.0,mg
1193,Kyckling friterad m. frityrsmet,Fettsyra 4:0-10:0,Fågelprodukter fågelrätter,0.0,g
1193,Kyckling friterad m. frityrsmet,DHA (C22:6),Fågelprodukter fågelrätter,0.0,g
1193,Kyckling friterad m. frityrsmet,DPA (C22:5),Fågelprodukter fågelrätter,0.0,g
1193,Kyckling friterad m. frityrsmet,EPA (C20:5),Fågelprodukter fågelrätter,0.0,g
1193,Kyckling friterad m. frityrsmet,Arakidonsyra C20:4,Fågelprodukter fågelrätter,0.1,g
1193,Kyckling friterad m. frityrsmet,Arakidinsyra C20:0,Fågelprodukter fågelrätter,0.0,g
1193,Kyckling friterad m. frityrsmet,Linolensyra C18:3,Fågelprodukter fågelrätter,0.2,g
1193,Kyckling friterad m. frityrsmet,Linolsyra C18:2,Fågelprodukter fågelrätter,4.6,g
1193,Kyckling friterad m. frityrsmet,Oljesyra C18:1,Fågelprodukter fågelrätter,8.1,g
1193,Kyckling friterad m. frityrsmet,Stearinsyra C18:0,Fågelprodukter fågelrätter,1.7,g
1193,Kyckling friterad m. frityrsmet,Palmitoljesyra C16:1,Fågelprodukter fågelrätter,0.7,g
1193,Kyckling friterad m. frityrsmet,Palmitinsyra C16:0,Fågelprodukter fågelrätter,3.9,g
1193,Kyckling friterad m. frityrsmet,Myristinsyra C14:0,Fågelprodukter fågelrätter,0.1,g
1193,Kyckling friterad m. frityrsmet,Laurinsyra C12:0,Fågelprodukter fågelrätter,0.0,g
1193,Kyckling friterad m. frityrsmet,Betakaroten/β-Karoten,Fågelprodukter fågelrätter,0.0,µg
1193,Kyckling friterad m. frityrsmet,Avfall (skal etc.),Fågelprodukter fågelrätter,0.0,%
1193,Kyckling friterad m. frityrsmet,Aska,Fågelprodukter fågelrätter,2.1,g
1193,Kyckling friterad m. frityrsmet,Alkohol,Fågelprodukter fågelrätter,0.0,g
1198,Ostsufflé,"Zink, Zn",Osträtter,1.2,mg
1198,Ostsufflé,Vitamin E,Osträtter,2.4,mg
1198,Ostsufflé,Vitamin D,Osträtter,0.73,µg
1198,Ostsufflé,Vitamin C,Osträtter,0.4,mg
1198,Ostsufflé,Vitamin B6,Osträtter,0.05,mg
1198,Ostsufflé,Vitamin B12,Osträtter,0.93,µg
1198,Ostsufflé,Vitamin A,Osträtter,133.8,RE/µg
1198,Ostsufflé,Vatten,Osträtter,68.7,g
1198,Ostsufflé,Tiamin,Osträtter,0.04,mg
1198,Ostsufflé,Tillsatt socker,Osträtter,0.0,g
1198,Ostsufflé,Fritt socker,Osträtter,0.0,g
1198,Ostsufflé,"Selen, Se",Osträtter,10.5,µg
1198,Ostsufflé,Sackaros,Osträtter,0.0,g
1198,Ostsufflé,Riboflavin,Osträtter,0.24,mg
1198,Ostsufflé,Retinol,Osträtter,128.2,µg
1198,Ostsufflé,Protein,Osträtter,10.9,g
1198,Ostsufflé,Summa fleromättade fettsyror,Osträtter,1.3,g
1198,Ostsufflé,"Fosfor, P",Osträtter,225.0,mg
1198,Ostsufflé,Niacinekvivalenter,Osträtter,2.67,NE/mg
1198,Ostsufflé,Niacin,Osträtter,0.09,mg
1198,Ostsufflé,"Salt, NaCl",Osträtter,1.2,g
1198,Ostsufflé,"Natrium, Na",Osträtter,470.0,mg
1198,Ostsufflé,Monosackarider,Osträtter,0.1,g
1198,Ostsufflé,"Sockerarter, totalt",Osträtter,2.4,g
1198,Ostsufflé,Summa enkelomättade fettsyror,Osträtter,3.8,g
1198,Ostsufflé,"Magnesium, Mg",Osträtter,16.0,mg
1198,Ostsufflé,Summa mättade fettsyror,Osträtter,4.9,g
1198,Ostsufflé,"Kolhydrater, tillgängliga",Osträtter,6.7,g
1198,Ostsufflé,Kolesterol,Osträtter,123.3,mg
1198,Ostsufflé,"Kalium, K",Osträtter,142.0,mg
1198,Ostsufflé,"Jod, I",Osträtter,67.3,µg
1198,Ostsufflé,Fullkorn totalt,Osträtter,0.0,g
1198,Ostsufflé,"Folat, totalt",Osträtter,24.4,µg
1198,Ostsufflé,Fibrer,Osträtter,0.2,g
1198,Ostsufflé,"Fett, totalt",Osträtter,11.1,g
1198,Ostsufflé,"Järn, Fe",Osträtter,0.6,mg
1198,Ostsufflé,Energi (kJ),Osträtter,713.0,kJ
1198,Ostsufflé,Energi (kcal),Osträtter,170.0,kcal
1198,Ostsufflé,Disackarider,Osträtter,2.3,g
1198,Ostsufflé,"Kalcium, Ca",Osträtter,222.0,mg
1198,Ostsufflé,Fettsyra 4:0-10:0,Osträtter,0.6,g
1198,Ostsufflé,DHA (C22:6),Osträtter,0.0,g
1198,Ostsufflé,DPA (C22:5),Osträtter,0.0,g
1198,Ostsufflé,EPA (C20:5),Osträtter,0.0,g
1198,Ostsufflé,Arakidonsyra C20:4,Osträtter,0.0,g
1198,Ostsufflé,Arakidinsyra C20:0,Osträtter,0.0,g
1198,Ostsufflé,Linolensyra C18:3,Osträtter,0.2,g
1198,Ostsufflé,Linolsyra C18:2,Osträtter,1.0,g
1198,Ostsufflé,Oljesyra C18:1,Osträtter,3.5,g
1198,Ostsufflé,Stearinsyra C18:0,Osträtter,0.9,g
1198,Ostsufflé,Palmitoljesyra C16:1,Osträtter,0.2,g
1198,Ostsufflé,Palmitinsyra C16:0,Osträtter,2.5,g
1198,Ostsufflé,Myristinsyra C14:0,Osträtter,0.6,g
1198,Ostsufflé,Laurinsyra C12:0,Osträtter,0.2,g
1198,Ostsufflé,Betakaroten/β-Karoten,Osträtter,28.0,µg
1198,Ostsufflé,Avfall (skal etc.),Osträtter,3.0,%
1198,Ostsufflé,Aska,Osträtter,2.2,g
1198,Ostsufflé,Alkohol,Osträtter,0.0,g
1199,Bondomelett,"Zink, Zn",Äggprodukter o rätter,0.9,mg
1199,Bondomelett,Vitamin E,Äggprodukter o rätter,2.4,mg
1199,Bondomelett,Vitamin D,Äggprodukter o rätter,0.49,µg
1199,Bondomelett,Vitamin C,Äggprodukter o rätter,8.9,mg
1199,Bondomelett,Vitamin B6,Äggprodukter o rätter,0.15,mg
1199,Bondomelett,Vitamin B12,Äggprodukter o rätter,0.47,µg
1199,Bondomelett,Vitamin A,Äggprodukter o rätter,76.3,RE/µg
1199,Bondomelett,Vatten,Äggprodukter o rätter,75.0,g
1199,Bondomelett,Tiamin,Äggprodukter o rätter,0.08,mg
1199,Bondomelett,Tillsatt socker,Äggprodukter o rätter,0.0,g
1199,Bondomelett,Fritt socker,Äggprodukter o rätter,0.0,g
1199,Bondomelett,"Selen, Se",Äggprodukter o rätter,7.1,µg
1199,Bondomelett,Sackaros,Äggprodukter o rätter,0.3,g
1199,Bondomelett,Riboflavin,Äggprodukter o rätter,0.15,mg
1199,Bondomelett,Retinol,Äggprodukter o rätter,70.3,µg
1199,Bondomelett,Protein,Äggprodukter o rätter,6.7,g
1199,Bondomelett,Summa fleromättade fettsyror,Äggprodukter o rätter,1.3,g
1199,Bondomelett,"Fosfor, P",Äggprodukter o rätter,99.0,mg
1199,Bondomelett,Niacinekvivalenter,Äggprodukter o rätter,2.66,NE/mg
1199,Bondomelett,Niacin,Äggprodukter o rätter,1.21,mg
1199,Bondomelett,"Salt, NaCl",Äggprodukter o rätter,1.1,g
1199,Bondomelett,"Natrium, Na",Äggprodukter o rätter,424.0,mg
1199,Bondomelett,Monosackarider,Äggprodukter o rätter,0.7,g
1199,Bondomelett,"Sockerarter, totalt",Äggprodukter o rätter,1.0,g
1199,Bondomelett,Summa enkelomättade fettsyror,Äggprodukter o rätter,3.1,g
1199,Bondomelett,"Magnesium, Mg",Äggprodukter o rätter,16.0,mg
1199,Bondomelett,Summa mättade fettsyror,Äggprodukter o rätter,1.4,g
1199,Bondomelett,"Kolhydrater, tillgängliga",Äggprodukter o rätter,8.8,g
1199,Bondomelett,Kolesterol,Äggprodukter o rätter,101.5,mg
1199,Bondomelett,"Kalium, K",Äggprodukter o rätter,226.0,mg
1199,Bondomelett,"Jod, I",Äggprodukter o rätter,34.8,µg
1199,Bondomelett,Fullkorn totalt,Äggprodukter o rätter,0.0,g
1199,Bondomelett,"Folat, totalt",Äggprodukter o rätter,27.5,µg
1199,Bondomelett,Fibrer,Äggprodukter o rätter,1.2,g
1199,Bondomelett,"Fett, totalt",Äggprodukter o rätter,6.5,g
1199,Bondomelett,"Järn, Fe",Äggprodukter o rätter,0.8,mg
1199,Bondomelett,Energi (kJ),Äggprodukter o rätter,513.0,kJ
1199,Bondomelett,Energi (kcal),Äggprodukter o rätter,122.0,kcal
1199,Bondomelett,Disackarider,Äggprodukter o rätter,0.3,g
1199,Bondomelett,"Kalcium, Ca",Äggprodukter o rätter,24.0,mg
1199,Bondomelett,Fettsyra 4:0-10:0,Äggprodukter o rätter,0.0,g
1199,Bondomelett,DHA (C22:6),Äggprodukter o rätter,0.0,g
1199,Bondomelett,DPA (C22:5),Äggprodukter o rätter,0.0,g
1199,Bondomelett,EPA (C20:5),Äggprodukter o rätter,0.0,g
1199,Bondomelett,Arakidonsyra C20:4,Äggprodukter o rätter,0.0,g
1199,Bondomelett,Arakidinsyra C20:0,Äggprodukter o rätter,0.0,g
1199,Bondomelett,Linolensyra C18:3,Äggprodukter o rätter,0.2,g
1199,Bondomelett,Linolsyra C18:2,Äggprodukter o rätter,1.0,g
1199,Bondomelett,Oljesyra C18:1,Äggprodukter o rätter,2.9,g
1199,Bondomelett,Stearinsyra C18:0,Äggprodukter o rätter,0.4,g
1199,Bondomelett,Palmitoljesyra C16:1,Äggprodukter o rätter,0.1,g
1199,Bondomelett,Palmitinsyra C16:0,Äggprodukter o rätter,0.9,g
1199,Bondomelett,Myristinsyra C14:0,Äggprodukter o rätter,0.0,g
1199,Bondomelett,Laurinsyra C12:0,Äggprodukter o rätter,0.0,g
1199,Bondomelett,Betakaroten/β-Karoten,Äggprodukter o rätter,21.0,µg
1199,Bondomelett,Avfall (skal etc.),Äggprodukter o rätter,4.0,%
1199,Bondomelett,Aska,Äggprodukter o rätter,1.7,g
1199,Bondomelett,Alkohol,Äggprodukter o rätter,0.0,g
1200,Braxen rå,"Zink, Zn",Fisk färsk fryst kokt,0.5,mg
1200,Braxen rå,Vitamin E,Fisk färsk fryst kokt,1.3,mg
1200,Braxen rå,Vitamin D,Fisk färsk fryst kokt,5.5,µg
1200,Braxen rå,Vitamin C,Fisk färsk fryst kokt,0.0,mg
1200,Braxen rå,Vitamin B6,Fisk färsk fryst kokt,0.12,mg
1200,Braxen rå,Vitamin B12,Fisk färsk fryst kokt,5.0,µg
1200,Braxen rå,Vitamin A,Fisk färsk fryst kokt,14.0,RE/µg
1200,Braxen rå,Vatten,Fisk färsk fryst kokt,78.0,g
1200,Braxen rå,Tiamin,Fisk färsk fryst kokt,0.07,mg
1200,Braxen rå,Tillsatt socker,Fisk färsk fryst kokt,0.0,g
1200,Braxen rå,Fritt socker,Fisk färsk fryst kokt,0.0,g
1200,Braxen rå,"Selen, Se",Fisk färsk fryst kokt,31.0,µg
1200,Braxen rå,Sackaros,Fisk färsk fryst kokt,0.0,g
1200,Braxen rå,Riboflavin,Fisk färsk fryst kokt,0.07,mg
1200,Braxen rå,Retinol,Fisk färsk fryst kokt,14.0,µg
1200,Braxen rå,Protein,Fisk färsk fryst kokt,16.7,g
1200,Braxen rå,Summa fleromättade fettsyror,Fisk färsk fryst kokt,1.3,g
1200,Braxen rå,"Fosfor, P",Fisk färsk fryst kokt,210.0,mg
1200,Braxen rå,Niacinekvivalenter,Fisk färsk fryst kokt,7.06,NE/mg
1200,Braxen rå,Niacin,Fisk färsk fryst kokt,4.0,mg
1200,Braxen rå,"Salt, NaCl",Fisk färsk fryst kokt,0.1,g
1200,Braxen rå,"Natrium, Na",Fisk färsk fryst kokt,43.0,mg
1200,Braxen rå,Monosackarider,Fisk färsk fryst kokt,0.0,g
1200,Braxen rå,"Sockerarter, totalt",Fisk färsk fryst kokt,0.0,g
1200,Braxen rå,Summa enkelomättade fettsyror,Fisk färsk fryst kokt,0.8,g
1200,Braxen rå,"Magnesium, Mg",Fisk färsk fryst kokt,26.0,mg
1200,Braxen rå,Summa mättade fettsyror,Fisk färsk fryst kokt,0.7,g
1200,Braxen rå,"Kolhydrater, tillgängliga",Fisk färsk fryst kokt,0.0,g
1200,Braxen rå,Kolesterol,Fisk färsk fryst kokt,60.0,mg
1200,Braxen rå,"Kalium, K",Fisk färsk fryst kokt,350.0,mg
1200,Braxen rå,"Jod, I",Fisk färsk fryst kokt,7.0,µg
1200,Braxen rå,Fullkorn totalt,Fisk färsk fryst kokt,0.0,g
1200,Braxen rå,"Folat, totalt",Fisk färsk fryst kokt,9.0,µg
1200,Braxen rå,Fibrer,Fisk färsk fryst kokt,0.0,g
1200,Braxen rå,"Fett, totalt",Fisk färsk fryst kokt,4.0,g
1200,Braxen rå,"Järn, Fe",Fisk färsk fryst kokt,0.4,mg
1200,Braxen rå,Energi (kJ),Fisk färsk fryst kokt,432.0,kJ
1200,Braxen rå,Energi (kcal),Fisk färsk fryst kokt,103.0,kcal
1200,Braxen rå,Disackarider,Fisk färsk fryst kokt,0.0,g
1200,Braxen rå,"Kalcium, Ca",Fisk färsk fryst kokt,63.0,mg
1200,Braxen rå,Fettsyra 4:0-10:0,Fisk färsk fryst kokt,0.0,g
1200,Braxen rå,DHA (C22:6),Fisk färsk fryst kokt,0.4,g
1200,Braxen rå,DPA (C22:5),Fisk färsk fryst kokt,0.1,g
1200,Braxen rå,EPA (C20:5),Fisk färsk fryst kokt,0.2,g
1200,Braxen rå,Arakidonsyra C20:4,Fisk färsk fryst kokt,0.2,g
1200,Braxen rå,Arakidinsyra C20:0,Fisk färsk fryst kokt,0.0,g
1200,Braxen rå,Linolensyra C18:3,Fisk färsk fryst kokt,0.1,g
1200,Braxen rå,Linolsyra C18:2,Fisk färsk fryst kokt,0.2,g
1200,Braxen rå,Oljesyra C18:1,Fisk färsk fryst kokt,0.5,g
1200,Braxen rå,Stearinsyra C18:0,Fisk färsk fryst kokt,0.2,g
1200,Braxen rå,Palmitoljesyra C16:1,Fisk färsk fryst kokt,0.2,g
1200,Braxen rå,Palmitinsyra C16:0,Fisk färsk fryst kokt,0.4,g
1200,Braxen rå,Myristinsyra C14:0,Fisk färsk fryst kokt,0.0,g
1200,Braxen rå,Laurinsyra C12:0,Fisk färsk fryst kokt,0.0,g
1200,Braxen rå,Betakaroten/β-Karoten,Fisk färsk fryst kokt,0.0,µg
1200,Braxen rå,Avfall (skal etc.),Fisk färsk fryst kokt,40.0,%
1200,Braxen rå,Aska,Fisk färsk fryst kokt,1.3,g
1200,Braxen rå,Alkohol,Fisk färsk fryst kokt,0.0,g
1201,Regnbågslax rå,"Zink, Zn",Fisk färsk fryst kokt,0.4,mg
1201,Regnbågslax rå,Vitamin E,Fisk färsk fryst kokt,1.9,mg
1201,Regnbågslax rå,Vitamin D,Fisk färsk fryst kokt,13.6,µg
1201,Regnbågslax rå,Vitamin C,Fisk färsk fryst kokt,0.0,mg
1201,Regnbågslax rå,Vitamin B6,Fisk färsk fryst kokt,0.69,mg
1201,Regnbågslax rå,Vitamin B12,Fisk färsk fryst kokt,5.0,µg
1201,Regnbågslax rå,Vitamin A,Fisk färsk fryst kokt,30.0,RE/µg
1201,Regnbågslax rå,Vatten,Fisk färsk fryst kokt,70.6,g
1201,Regnbågslax rå,Tiamin,Fisk färsk fryst kokt,0.08,mg
1201,Regnbågslax rå,Tillsatt socker,Fisk färsk fryst kokt,0.0,g
1201,Regnbågslax rå,Fritt socker,Fisk färsk fryst kokt,0.0,g
1201,Regnbågslax rå,"Selen, Se",Fisk färsk fryst kokt,26.0,µg
1201,Regnbågslax rå,Sackaros,Fisk färsk fryst kokt,0.0,g
1201,Regnbågslax rå,Riboflavin,Fisk färsk fryst kokt,0.2,mg
1201,Regnbågslax rå,Retinol,Fisk färsk fryst kokt,30.0,µg
1201,Regnbågslax rå,Protein,Fisk färsk fryst kokt,18.6,g
1201,Regnbågslax rå,Summa fleromättade fettsyror,Fisk färsk fryst kokt,3.6,g
1201,Regnbågslax rå,"Fosfor, P",Fisk färsk fryst kokt,245.0,mg
1201,Regnbågslax rå,Niacinekvivalenter,Fisk färsk fryst kokt,11.81,NE/mg
1201,Regnbågslax rå,Niacin,Fisk färsk fryst kokt,8.4,mg
1201,Regnbågslax rå,"Salt, NaCl",Fisk färsk fryst kokt,0.1,g
1201,Regnbågslax rå,"Natrium, Na",Fisk färsk fryst kokt,52.0,mg
1201,Regnbågslax rå,Monosackarider,Fisk färsk fryst kokt,0.0,g
1201,Regnbågslax rå,"Sockerarter, totalt",Fisk färsk fryst kokt,0.0,g
1201,Regnbågslax rå,Summa enkelomättade fettsyror,Fisk färsk fryst kokt,2.8,g
1201,Regnbågslax rå,"Magnesium, Mg",Fisk färsk fryst kokt,25.0,mg
1201,Regnbågslax rå,Summa mättade fettsyror,Fisk färsk fryst kokt,2.2,g
1201,Regnbågslax rå,"Kolhydrater, tillgängliga",Fisk färsk fryst kokt,0.0,g
1201,Regnbågslax rå,Kolesterol,Fisk färsk fryst kokt,55.0,mg
1201,Regnbågslax rå,"Kalium, K",Fisk färsk fryst kokt,420.0,mg
1201,Regnbågslax rå,"Jod, I",Fisk färsk fryst kokt,6.6,µg
1201,Regnbågslax rå,Fullkorn totalt,Fisk färsk fryst kokt,0.0,g
1201,Regnbågslax rå,"Folat, totalt",Fisk färsk fryst kokt,26.0,µg
1201,Regnbågslax rå,Fibrer,Fisk färsk fryst kokt,0.0,g
1201,Regnbågslax rå,"Fett, totalt",Fisk färsk fryst kokt,9.6,g
1201,Regnbågslax rå,"Järn, Fe",Fisk färsk fryst kokt,0.4,mg
1201,Regnbågslax rå,Energi (kJ),Fisk färsk fryst kokt,671.0,kJ
1201,Regnbågslax rå,Energi (kcal),Fisk färsk fryst kokt,160.0,kcal
1201,Regnbågslax rå,Disackarider,Fisk färsk fryst kokt,0.0,g
1201,Regnbågslax rå,"Kalcium, Ca",Fisk färsk fryst kokt,69.0,mg
1201,Regnbågslax rå,Fettsyra 4:0-10:0,Fisk färsk fryst kokt,0.0,g
1201,Regnbågslax rå,DHA (C22:6),Fisk färsk fryst kokt,1.8,g
1201,Regnbågslax rå,DPA (C22:5),Fisk färsk fryst kokt,0.2,g
1201,Regnbågslax rå,EPA (C20:5),Fisk färsk fryst kokt,0.6,g
1201,Regnbågslax rå,Arakidonsyra C20:4,Fisk färsk fryst kokt,0.1,g
1201,Regnbågslax rå,Arakidinsyra C20:0,Fisk färsk fryst kokt,0.0,g
1201,Regnbågslax rå,Linolensyra C18:3,Fisk färsk fryst kokt,0.2,g
1201,Regnbågslax rå,Linolsyra C18:2,Fisk färsk fryst kokt,0.4,g
1201,Regnbågslax rå,Oljesyra C18:1,Fisk färsk fryst kokt,1.8,g
1201,Regnbågslax rå,Stearinsyra C18:0,Fisk färsk fryst kokt,0.3,g
1201,Regnbågslax rå,Palmitoljesyra C16:1,Fisk färsk fryst kokt,0.6,g
1201,Regnbågslax rå,Palmitinsyra C16:0,Fisk färsk fryst kokt,1.5,g
1201,Regnbågslax rå,Myristinsyra C14:0,Fisk färsk fryst kokt,0.3,g
1201,Regnbågslax rå,Laurinsyra C12:0,Fisk färsk fryst kokt,0.0,g
1201,Regnbågslax rå,Betakaroten/β-Karoten,Fisk färsk fryst kokt,0.0,µg
1201,Regnbågslax rå,Avfall (skal etc.),Fisk färsk fryst kokt,38.0,%
1201,Regnbågslax rå,Aska,Fisk färsk fryst kokt,1.2,g
1201,Regnbågslax rå,Alkohol,Fisk färsk fryst kokt,0.0,g
1202,Sej rå,"Zink, Zn",Fisk färsk fryst kokt,0.6,mg
1202,Sej rå,Vitamin E,Fisk färsk fryst kokt,0.9,mg
1202,Sej rå,Vitamin D inkl 25-OH-D3,Fisk färsk fryst kokt,0.16,µg
1202,Sej rå,Vitamin D,Fisk färsk fryst kokt,0.16,µg
1202,Sej rå,Vitamin C,Fisk färsk fryst kokt,0.0,mg
1202,Sej rå,Vitamin B6,Fisk färsk fryst kokt,0.21,mg
1202,Sej rå,Vitamin B12,Fisk färsk fryst kokt,3.15,µg
1202,Sej rå,Vitamin A,Fisk färsk fryst kokt,3.4,RE/µg
1202,Sej rå,Vatten,Fisk färsk fryst kokt,79.3,g
1202,Sej rå,Tiamin,Fisk färsk fryst kokt,0.11,mg
1202,Sej rå,Tillsatt socker,Fisk färsk fryst kokt,0.0,g
1202,Sej rå,Fritt socker,Fisk färsk fryst kokt,0.0,g
1202,Sej rå,"Selen, Se",Fisk färsk fryst kokt,27.6,µg
1202,Sej rå,Sackaros,Fisk färsk fryst kokt,0.0,g
1202,Sej rå,Riboflavin,Fisk färsk fryst kokt,0.16,mg
1202,Sej rå,Retinol,Fisk färsk fryst kokt,3.4,µg
1202,Sej rå,Protein,Fisk färsk fryst kokt,19.1,g
1202,Sej rå,Summa fleromättade fettsyror,Fisk färsk fryst kokt,0.2,g
1202,Sej rå,"Fosfor, P",Fisk färsk fryst kokt,240.0,mg
1202,Sej rå,Niacinekvivalenter,Fisk färsk fryst kokt,5.8,NE/mg
1202,Sej rå,Niacin,Fisk färsk fryst kokt,2.32,mg
1202,Sej rå,"Salt, NaCl",Fisk färsk fryst kokt,0.2,g
1202,Sej rå,"Natrium, Na",Fisk färsk fryst kokt,66.0,mg
1202,Sej rå,Monosackarider,Fisk färsk fryst kokt,0.0,g
1202,Sej rå,"Sockerarter, totalt",Fisk färsk fryst kokt,0.0,g
1202,Sej rå,Summa enkelomättade fettsyror,Fisk färsk fryst kokt,0.1,g
1202,Sej rå,"Magnesium, Mg",Fisk färsk fryst kokt,31.0,mg
1202,Sej rå,Summa mättade fettsyror,Fisk färsk fryst kokt,0.1,g
1202,Sej rå,"Kolhydrater, tillgängliga",Fisk färsk fryst kokt,0.0,g
1202,Sej rå,Kolesterol,Fisk färsk fryst kokt,58.6,mg
1202,Sej rå,"Kalium, K",Fisk färsk fryst kokt,420.0,mg
1202,Sej rå,"Jod, I",Fisk färsk fryst kokt,130.0,µg
1202,Sej rå,Fullkorn totalt,Fisk färsk fryst kokt,0.0,g
1202,Sej rå,"Folat, totalt",Fisk färsk fryst kokt,18.0,µg
1202,Sej rå,Fibrer,Fisk färsk fryst kokt,0.0,g
1202,Sej rå,"Fett, totalt",Fisk färsk fryst kokt,0.5,g
1202,Sej rå,"Järn, Fe",Fisk färsk fryst kokt,0.3,mg
1202,Sej rå,Energi (kJ),Fisk färsk fryst kokt,344.0,kJ
1202,Sej rå,Energi (kcal),Fisk färsk fryst kokt,82.0,kcal
1202,Sej rå,Disackarider,Fisk färsk fryst kokt,0.0,g
1202,Sej rå,"Kalcium, Ca",Fisk färsk fryst kokt,12.0,mg
1202,Sej rå,Fettsyra 4:0-10:0,Fisk färsk fryst kokt,0.0,g
1202,Sej rå,DHA (C22:6),Fisk färsk fryst kokt,0.1,g
1202,Sej rå,DPA (C22:5),Fisk färsk fryst kokt,0.0,g
1202,Sej rå,EPA (C20:5),Fisk färsk fryst kokt,0.0,g
1202,Sej rå,Arakidonsyra C20:4,Fisk färsk fryst kokt,0.0,g
1202,Sej rå,Arakidinsyra C20:0,Fisk färsk fryst kokt,0.0,g
1202,Sej rå,Linolensyra C18:3,Fisk färsk fryst kokt,0.0,g
1202,Sej rå,Linolsyra C18:2,Fisk färsk fryst kokt,0.0,g
1202,Sej rå,Oljesyra C18:1,Fisk färsk fryst kokt,0.0,g
1202,Sej rå,Stearinsyra C18:0,Fisk färsk fryst kokt,0.0,g
1202,Sej rå,Palmitoljesyra C16:1,Fisk färsk fryst kokt,0.0,g
1202,Sej rå,Palmitinsyra C16:0,Fisk färsk fryst kokt,0.1,g
1202,Sej rå,Myristinsyra C14:0,Fisk färsk fryst kokt,0.0,g
1202,Sej rå,Laurinsyra C12:0,Fisk färsk fryst kokt,0.0,g
1202,Sej rå,Betakaroten/β-Karoten,Fisk färsk fryst kokt,0.0,µg
1202,Sej rå,Avfall (skal etc.),Fisk färsk fryst kokt,34.0,%
1202,Sej rå,Aska,Fisk färsk fryst kokt,1.4,g
1202,Sej rå,Alkohol,Fisk färsk fryst kokt,0.0,g
1203,Hälleflundra vild rå,"Zink, Zn",Fisk färsk fryst kokt,0.4,mg
1203,Hälleflundra vild rå,Vitamin E,Fisk färsk fryst kokt,2.6,mg
1203,Hälleflundra vild rå,Vitamin D inkl 25-OH-D3,Fisk färsk fryst kokt,9.4,µg
1203,Hälleflundra vild rå,Vitamin D,Fisk färsk fryst kokt,9.4,µg
1203,Hälleflundra vild rå,Vitamin C,Fisk färsk fryst kokt,0.0,mg
1203,Hälleflundra vild rå,Vitamin B6,Fisk färsk fryst kokt,0.28,mg
1203,Hälleflundra vild rå,Vitamin B12,Fisk färsk fryst kokt,0.72,µg
1203,Hälleflundra vild rå,Vitamin A,Fisk färsk fryst kokt,13.5,RE/µg
1203,Hälleflundra vild rå,Vatten,Fisk färsk fryst kokt,75.0,g
1203,Hälleflundra vild rå,Tiamin,Fisk färsk fryst kokt,0.03,mg
1203,Hälleflundra vild rå,Tillsatt socker,Fisk färsk fryst kokt,0.0,g
1203,Hälleflundra vild rå,Fritt socker,Fisk färsk fryst kokt,0.0,g
1203,Hälleflundra vild rå,"Selen, Se",Fisk färsk fryst kokt,60.0,µg
1203,Hälleflundra vild rå,Sackaros,Fisk färsk fryst kokt,0.0,g
1203,Hälleflundra vild rå,Riboflavin,Fisk färsk fryst kokt,0.06,mg
1203,Hälleflundra vild rå,Retinol,Fisk färsk fryst kokt,13.5,µg
1203,Hälleflundra vild rå,Protein,Fisk färsk fryst kokt,15.5,g
1203,Hälleflundra vild rå,Summa fleromättade fettsyror,Fisk färsk fryst kokt,1.1,g
1203,Hälleflundra vild rå,"Fosfor, P",Fisk färsk fryst kokt,181.0,mg
1203,Hälleflundra vild rå,Niacinekvivalenter,Fisk färsk fryst kokt,5.7,NE/mg
1203,Hälleflundra vild rå,Niacin,Fisk färsk fryst kokt,2.9,mg
1203,Hälleflundra vild rå,"Salt, NaCl",Fisk färsk fryst kokt,0.2,g
1203,Hälleflundra vild rå,"Natrium, Na",Fisk färsk fryst kokt,74.0,mg
1203,Hälleflundra vild rå,Monosackarider,Fisk färsk fryst kokt,0.0,g
1203,Hälleflundra vild rå,"Sockerarter, totalt",Fisk färsk fryst kokt,0.0,g
1203,Hälleflundra vild rå,Summa enkelomättade fettsyror,Fisk färsk fryst kokt,5.0,g
1203,Hälleflundra vild rå,"Magnesium, Mg",Fisk färsk fryst kokt,20.0,mg
1203,Hälleflundra vild rå,Summa mättade fettsyror,Fisk färsk fryst kokt,1.3,g
1203,Hälleflundra vild rå,"Kolhydrater, tillgängliga",Fisk färsk fryst kokt,0.0,g
1203,Hälleflundra vild rå,Kolesterol,Fisk färsk fryst kokt,50.0,mg
1203,Hälleflundra vild rå,"Kalium, K",Fisk färsk fryst kokt,392.0,mg
1203,Hälleflundra vild rå,"Jod, I",Fisk färsk fryst kokt,8.5,µg
1203,Hälleflundra vild rå,Fullkorn totalt,Fisk färsk fryst kokt,0.0,g
1203,Hälleflundra vild rå,"Folat, totalt",Fisk färsk fryst kokt,3.5,µg
1203,Hälleflundra vild rå,Fibrer,Fisk färsk fryst kokt,0.0,g
1203,Hälleflundra vild rå,"Fett, totalt",Fisk färsk fryst kokt,8.6,g
1203,Hälleflundra vild rå,"Järn, Fe",Fisk färsk fryst kokt,0.1,mg
1203,Hälleflundra vild rå,Energi (kJ),Fisk färsk fryst kokt,580.0,kJ
1203,Hälleflundra vild rå,Energi (kcal),Fisk färsk fryst kokt,139.0,kcal
1203,Hälleflundra vild rå,Disackarider,Fisk färsk fryst kokt,0.0,g
1203,Hälleflundra vild rå,"Kalcium, Ca",Fisk färsk fryst kokt,5.0,mg
1203,Hälleflundra vild rå,Fettsyra 4:0-10:0,Fisk färsk fryst kokt,0.0,g
1203,Hälleflundra vild rå,DHA (C22:6),Fisk färsk fryst kokt,0.4,g
1203,Hälleflundra vild rå,DPA (C22:5),Fisk färsk fryst kokt,0.1,g
1203,Hälleflundra vild rå,EPA (C20:5),Fisk färsk fryst kokt,0.3,g
1203,Hälleflundra vild rå,Arakidonsyra C20:4,Fisk färsk fryst kokt,0.1,g
1203,Hälleflundra vild rå,Arakidinsyra C20:0,Fisk färsk fryst kokt,0.0,g
1203,Hälleflundra vild rå,Linolensyra C18:3,Fisk färsk fryst kokt,0.0,g
1203,Hälleflundra vild rå,Linolsyra C18:2,Fisk färsk fryst kokt,0.1,g
1203,Hälleflundra vild rå,Oljesyra C18:1,Fisk färsk fryst kokt,2.1,g
1203,Hälleflundra vild rå,Stearinsyra C18:0,Fisk färsk fryst kokt,0.2,g
1203,Hälleflundra vild rå,Palmitoljesyra C16:1,Fisk färsk fryst kokt,0.9,g
1203,Hälleflundra vild rå,Palmitinsyra C16:0,Fisk färsk fryst kokt,0.9,g
1203,Hälleflundra vild rå,Myristinsyra C14:0,Fisk färsk fryst kokt,0.2,g
1203,Hälleflundra vild rå,Laurinsyra C12:0,Fisk färsk fryst kokt,0.0,g
1203,Hälleflundra vild rå,Betakaroten/β-Karoten,Fisk färsk fryst kokt,0.0,µg
1203,Hälleflundra vild rå,Avfall (skal etc.),Fisk färsk fryst kokt,20.0,%
1203,Hälleflundra vild rå,Aska,Fisk färsk fryst kokt,1.0,g
1203,Hälleflundra vild rå,Alkohol,Fisk färsk fryst kokt,0.0,g
1206,Kycklingsoppa thailändsk,"Zink, Zn",Soppa mat,0.5,mg
1206,Kycklingsoppa thailändsk,Vitamin E,Soppa mat,0.6,mg
1206,Kycklingsoppa thailändsk,Vitamin D,Soppa mat,0.08,µg
1206,Kycklingsoppa thailändsk,Vitamin C,Soppa mat,1.9,mg
1206,Kycklingsoppa thailändsk,Vitamin B6,Soppa mat,0.14,mg
1206,Kycklingsoppa thailändsk,Vitamin B12,Soppa mat,0.08,µg
1206,Kycklingsoppa thailändsk,Vitamin A,Soppa mat,6.8,RE/µg
1206,Kycklingsoppa thailändsk,Vatten,Soppa mat,85.8,g
1206,Kycklingsoppa thailändsk,Tiamin,Soppa mat,0.04,mg
1206,Kycklingsoppa thailändsk,Tillsatt socker,Soppa mat,0.0,g
1206,Kycklingsoppa thailändsk,Fritt socker,Soppa mat,0.0,g
1206,Kycklingsoppa thailändsk,"Selen, Se",Soppa mat,4.3,µg
1206,Kycklingsoppa thailändsk,Sackaros,Soppa mat,0.3,g
1206,Kycklingsoppa thailändsk,Riboflavin,Soppa mat,0.05,mg
1206,Kycklingsoppa thailändsk,Retinol,Soppa mat,5.0,µg
1206,Kycklingsoppa thailändsk,Protein,Soppa mat,7.8,g
1206,Kycklingsoppa thailändsk,Summa fleromättade fettsyror,Soppa mat,0.3,g
1206,Kycklingsoppa thailändsk,"Fosfor, P",Soppa mat,72.0,mg
1206,Kycklingsoppa thailändsk,Niacinekvivalenter,Soppa mat,4.68,NE/mg
1206,Kycklingsoppa thailändsk,Niacin,Soppa mat,3.26,mg
1206,Kycklingsoppa thailändsk,"Salt, NaCl",Soppa mat,0.5,g
1206,Kycklingsoppa thailändsk,"Natrium, Na",Soppa mat,181.0,mg
1206,Kycklingsoppa thailändsk,Monosackarider,Soppa mat,0.3,g
1206,Kycklingsoppa thailändsk,"Sockerarter, totalt",Soppa mat,0.5,g
1206,Kycklingsoppa thailändsk,Summa enkelomättade fettsyror,Soppa mat,0.9,g
1206,Kycklingsoppa thailändsk,"Magnesium, Mg",Soppa mat,14.0,mg
1206,Kycklingsoppa thailändsk,Summa mättade fettsyror,Soppa mat,2.1,g
1206,Kycklingsoppa thailändsk,"Kolhydrater, tillgängliga",Soppa mat,1.5,g
1206,Kycklingsoppa thailändsk,Kolesterol,Soppa mat,24.4,mg
1206,Kycklingsoppa thailändsk,"Kalium, K",Soppa mat,73.0,mg
1206,Kycklingsoppa thailändsk,"Jod, I",Soppa mat,1.8,µg
1206,Kycklingsoppa thailändsk,Fullkorn totalt,Soppa mat,0.0,g
1206,Kycklingsoppa thailändsk,"Folat, totalt",Soppa mat,10.9,µg
1206,Kycklingsoppa thailändsk,Fibrer,Soppa mat,0.6,g
1206,Kycklingsoppa thailändsk,"Fett, totalt",Soppa mat,3.5,g
1206,Kycklingsoppa thailändsk,"Järn, Fe",Soppa mat,0.5,mg
1206,Kycklingsoppa thailändsk,Energi (kJ),Soppa mat,292.0,kJ
1206,Kycklingsoppa thailändsk,Energi (kcal),Soppa mat,70.0,kcal
1206,Kycklingsoppa thailändsk,Disackarider,Soppa mat,0.3,g
1206,Kycklingsoppa thailändsk,"Kalcium, Ca",Soppa mat,9.0,mg
1206,Kycklingsoppa thailändsk,Fettsyra 4:0-10:0,Soppa mat,0.3,g
1206,Kycklingsoppa thailändsk,DHA (C22:6),Soppa mat,0.0,g
1206,Kycklingsoppa thailändsk,DPA (C22:5),Soppa mat,0.0,g
1206,Kycklingsoppa thailändsk,EPA (C20:5),Soppa mat,0.0,g
1206,Kycklingsoppa thailändsk,Arakidonsyra C20:4,Soppa mat,0.0,g
1206,Kycklingsoppa thailändsk,Arakidinsyra C20:0,Soppa mat,0.0,g
1206,Kycklingsoppa thailändsk,Linolensyra C18:3,Soppa mat,0.1,g
1206,Kycklingsoppa thailändsk,Linolsyra C18:2,Soppa mat,0.2,g
1206,Kycklingsoppa thailändsk,Oljesyra C18:1,Soppa mat,0.8,g
1206,Kycklingsoppa thailändsk,Stearinsyra C18:0,Soppa mat,0.1,g
1206,Kycklingsoppa thailändsk,Palmitoljesyra C16:1,Soppa mat,0.1,g
1206,Kycklingsoppa thailändsk,Palmitinsyra C16:0,Soppa mat,0.4,g
1206,Kycklingsoppa thailändsk,Myristinsyra C14:0,Soppa mat,0.3,g
1206,Kycklingsoppa thailändsk,Laurinsyra C12:0,Soppa mat,0.9,g
1206,Kycklingsoppa thailändsk,Betakaroten/β-Karoten,Soppa mat,22.0,µg
1206,Kycklingsoppa thailändsk,Avfall (skal etc.),Soppa mat,1.0,%
1206,Kycklingsoppa thailändsk,Aska,Soppa mat,0.9,g
1206,Kycklingsoppa thailändsk,Alkohol,Soppa mat,0.0,g
1207,Kyckling nugget friterad tillagad på restaurang,"Zink, Zn",Fågelprodukter fågelrätter,0.8,mg
1207,Kyckling nugget friterad tillagad på restaurang,Vitamin E,Fågelprodukter fågelrätter,0.5,mg
1207,Kyckling nugget friterad tillagad på restaurang,Vitamin D,Fågelprodukter fågelrätter,0.1,µg
1207,Kyckling nugget friterad tillagad på restaurang,Vitamin C,Fågelprodukter fågelrätter,0.0,mg
1207,Kyckling nugget friterad tillagad på restaurang,Vitamin B6,Fågelprodukter fågelrätter,0.34,mg
1207,Kyckling nugget friterad tillagad på restaurang,Vitamin B12,Fågelprodukter fågelrätter,0.18,µg
1207,Kyckling nugget friterad tillagad på restaurang,Vitamin A,Fågelprodukter fågelrätter,12.8,RE/µg
1207,Kyckling nugget friterad tillagad på restaurang,Vatten,Fågelprodukter fågelrätter,55.3,g
1207,Kyckling nugget friterad tillagad på restaurang,Tiamin,Fågelprodukter fågelrätter,0.11,mg
1207,Kyckling nugget friterad tillagad på restaurang,Tillsatt socker,Fågelprodukter fågelrätter,0.0,g
1207,Kyckling nugget friterad tillagad på restaurang,Fritt socker,Fågelprodukter fågelrätter,0.0,g
1207,Kyckling nugget friterad tillagad på restaurang,"Selen, Se",Fågelprodukter fågelrätter,9.1,µg
1207,Kyckling nugget friterad tillagad på restaurang,Sackaros,Fågelprodukter fågelrätter,0.0,g
1207,Kyckling nugget friterad tillagad på restaurang,Riboflavin,Fågelprodukter fågelrätter,0.13,mg
1207,Kyckling nugget friterad tillagad på restaurang,Retinol,Fågelprodukter fågelrätter,12.4,µg
1207,Kyckling nugget friterad tillagad på restaurang,Protein,Fågelprodukter fågelrätter,16.8,g
1207,Kyckling nugget friterad tillagad på restaurang,Summa fleromättade fettsyror,Fågelprodukter fågelrätter,1.6,g
1207,Kyckling nugget friterad tillagad på restaurang,"Fosfor, P",Fågelprodukter fågelrätter,243.0,mg
1207,Kyckling nugget friterad tillagad på restaurang,Niacinekvivalenter,Fågelprodukter fågelrätter,9.9,NE/mg
1207,Kyckling nugget friterad tillagad på restaurang,Niacin,Fågelprodukter fågelrätter,6.82,mg
1207,Kyckling nugget friterad tillagad på restaurang,"Salt, NaCl",Fågelprodukter fågelrätter,1.2,g
1207,Kyckling nugget friterad tillagad på restaurang,"Natrium, Na",Fågelprodukter fågelrätter,476.0,mg
1207,Kyckling nugget friterad tillagad på restaurang,Monosackarider,Fågelprodukter fågelrätter,0.1,g
1207,Kyckling nugget friterad tillagad på restaurang,"Sockerarter, totalt",Fågelprodukter fågelrätter,0.3,g
1207,Kyckling nugget friterad tillagad på restaurang,Summa enkelomättade fettsyror,Fågelprodukter fågelrätter,6.1,g
1207,Kyckling nugget friterad tillagad på restaurang,"Magnesium, Mg",Fågelprodukter fågelrätter,24.0,mg
1207,Kyckling nugget friterad tillagad på restaurang,Summa mättade fettsyror,Fågelprodukter fågelrätter,2.0,g
1207,Kyckling nugget friterad tillagad på restaurang,"Kolhydrater, tillgängliga",Fågelprodukter fågelrätter,14.2,g
1207,Kyckling nugget friterad tillagad på restaurang,Kolesterol,Fågelprodukter fågelrätter,60.5,mg
1207,Kyckling nugget friterad tillagad på restaurang,"Kalium, K",Fågelprodukter fågelrätter,257.0,mg
1207,Kyckling nugget friterad tillagad på restaurang,"Jod, I",Fågelprodukter fågelrätter,3.0,µg
1207,Kyckling nugget friterad tillagad på restaurang,Fullkorn totalt,Fågelprodukter fågelrätter,0.0,g
1207,Kyckling nugget friterad tillagad på restaurang,"Folat, totalt",Fågelprodukter fågelrätter,18.1,µg
1207,Kyckling nugget friterad tillagad på restaurang,Fibrer,Fågelprodukter fågelrätter,1.4,g
1207,Kyckling nugget friterad tillagad på restaurang,"Fett, totalt",Fågelprodukter fågelrätter,10.4,g
1207,Kyckling nugget friterad tillagad på restaurang,"Järn, Fe",Fågelprodukter fågelrätter,0.0,mg
1207,Kyckling nugget friterad tillagad på restaurang,Energi (kJ),Fågelprodukter fågelrätter,924.0,kJ
1207,Kyckling nugget friterad tillagad på restaurang,Energi (kcal),Fågelprodukter fågelrätter,221.0,kcal
1207,Kyckling nugget friterad tillagad på restaurang,Disackarider,Fågelprodukter fågelrätter,0.2,g
1207,Kyckling nugget friterad tillagad på restaurang,"Kalcium, Ca",Fågelprodukter fågelrätter,24.0,mg
1207,Kyckling nugget friterad tillagad på restaurang,Fettsyra 4:0-10:0,Fågelprodukter fågelrätter,0.0,g
1207,Kyckling nugget friterad tillagad på restaurang,DHA (C22:6),Fågelprodukter fågelrätter,0.0,g
1207,Kyckling nugget friterad tillagad på restaurang,DPA (C22:5),Fågelprodukter fågelrätter,0.0,g
1207,Kyckling nugget friterad tillagad på restaurang,EPA (C20:5),Fågelprodukter fågelrätter,0.0,g
1207,Kyckling nugget friterad tillagad på restaurang,Arakidonsyra C20:4,Fågelprodukter fågelrätter,0.0,g
1207,Kyckling nugget friterad tillagad på restaurang,Arakidinsyra C20:0,Fågelprodukter fågelrätter,0.0,g
1207,Kyckling nugget friterad tillagad på restaurang,Linolensyra C18:3,Fågelprodukter fågelrätter,0.2,g
1207,Kyckling nugget friterad tillagad på restaurang,Linolsyra C18:2,Fågelprodukter fågelrätter,1.3,g
1207,Kyckling nugget friterad tillagad på restaurang,Oljesyra C18:1,Fågelprodukter fågelrätter,5.7,g
1207,Kyckling nugget friterad tillagad på restaurang,Stearinsyra C18:0,Fågelprodukter fågelrätter,0.6,g
1207,Kyckling nugget friterad tillagad på restaurang,Palmitoljesyra C16:1,Fågelprodukter fågelrätter,0.2,g
1207,Kyckling nugget friterad tillagad på restaurang,Palmitinsyra C16:0,Fågelprodukter fågelrätter,1.3,g
1207,Kyckling nugget friterad tillagad på restaurang,Myristinsyra C14:0,Fågelprodukter fågelrätter,0.0,g
1207,Kyckling nugget friterad tillagad på restaurang,Laurinsyra C12:0,Fågelprodukter fågelrätter,0.0,g
1207,Kyckling nugget friterad tillagad på restaurang,Betakaroten/β-Karoten,Fågelprodukter fågelrätter,4.0,µg
1207,Kyckling nugget friterad tillagad på restaurang,Avfall (skal etc.),Fågelprodukter fågelrätter,0.0,%
1207,Kyckling nugget friterad tillagad på restaurang,Aska,Fågelprodukter fågelrätter,1.9,g
1207,Kyckling nugget friterad tillagad på restaurang,Alkohol,Fågelprodukter fågelrätter,0.0,g
1208,Kycklingsoppa tillagad redd pulver m. vatten mjölk,"Zink, Zn",Soppa mat,0.2,mg
1208,Kycklingsoppa tillagad redd pulver m. vatten mjölk,Vitamin E,Soppa mat,0.3,mg
1208,Kycklingsoppa tillagad redd pulver m. vatten mjölk,Vitamin D,Soppa mat,0.1,µg
1208,Kycklingsoppa tillagad redd pulver m. vatten mjölk,Vitamin C,Soppa mat,0.0,mg
1208,Kycklingsoppa tillagad redd pulver m. vatten mjölk,Vitamin B6,Soppa mat,0.03,mg
1208,Kycklingsoppa tillagad redd pulver m. vatten mjölk,Vitamin B12,Soppa mat,0.05,µg
1208,Kycklingsoppa tillagad redd pulver m. vatten mjölk,Vitamin A,Soppa mat,18.1,RE/µg
1208,Kycklingsoppa tillagad redd pulver m. vatten mjölk,Vatten,Soppa mat,88.3,g
1208,Kycklingsoppa tillagad redd pulver m. vatten mjölk,Tiamin,Soppa mat,0.14,mg
1208,Kycklingsoppa tillagad redd pulver m. vatten mjölk,Tillsatt socker,Soppa mat,1.0,g
1208,Kycklingsoppa tillagad redd pulver m. vatten mjölk,Fritt socker,Soppa mat,1.0,g
1208,Kycklingsoppa tillagad redd pulver m. vatten mjölk,"Selen, Se",Soppa mat,1.3,µg
1208,Kycklingsoppa tillagad redd pulver m. vatten mjölk,Sackaros,Soppa mat,0.3,g
1208,Kycklingsoppa tillagad redd pulver m. vatten mjölk,Riboflavin,Soppa mat,0.06,mg
1208,Kycklingsoppa tillagad redd pulver m. vatten mjölk,Retinol,Soppa mat,5.8,µg
1208,Kycklingsoppa tillagad redd pulver m. vatten mjölk,Protein,Soppa mat,1.9,g
1208,Kycklingsoppa tillagad redd pulver m. vatten mjölk,Summa fleromättade fettsyror,Soppa mat,0.1,g
1208,Kycklingsoppa tillagad redd pulver m. vatten mjölk,"Fosfor, P",Soppa mat,47.0,mg
1208,Kycklingsoppa tillagad redd pulver m. vatten mjölk,Niacinekvivalenter,Soppa mat,0.53,NE/mg
1208,Kycklingsoppa tillagad redd pulver m. vatten mjölk,Niacin,Soppa mat,0.19,mg
1208,Kycklingsoppa tillagad redd pulver m. vatten mjölk,"Salt, NaCl",Soppa mat,1.2,g
1208,Kycklingsoppa tillagad redd pulver m. vatten mjölk,"Natrium, Na",Soppa mat,474.0,mg
1208,Kycklingsoppa tillagad redd pulver m. vatten mjölk,Monosackarider,Soppa mat,0.1,g
1208,Kycklingsoppa tillagad redd pulver m. vatten mjölk,"Sockerarter, totalt",Soppa mat,2.0,g
1208,Kycklingsoppa tillagad redd pulver m. vatten mjölk,Summa enkelomättade fettsyror,Soppa mat,1.0,g
1208,Kycklingsoppa tillagad redd pulver m. vatten mjölk,"Magnesium, Mg",Soppa mat,11.0,mg
1208,Kycklingsoppa tillagad redd pulver m. vatten mjölk,Summa mättade fettsyror,Soppa mat,1.1,g
1208,Kycklingsoppa tillagad redd pulver m. vatten mjölk,"Kolhydrater, tillgängliga",Soppa mat,5.1,g
1208,Kycklingsoppa tillagad redd pulver m. vatten mjölk,Kolesterol,Soppa mat,4.0,mg
1208,Kycklingsoppa tillagad redd pulver m. vatten mjölk,"Kalium, K",Soppa mat,81.0,mg
1208,Kycklingsoppa tillagad redd pulver m. vatten mjölk,Fullkorn totalt,Soppa mat,0.0,g
1208,Kycklingsoppa tillagad redd pulver m. vatten mjölk,"Folat, totalt",Soppa mat,18.5,µg
1208,Kycklingsoppa tillagad redd pulver m. vatten mjölk,Fibrer,Soppa mat,1.0,g
1208,Kycklingsoppa tillagad redd pulver m. vatten mjölk,"Fett, totalt",Soppa mat,2.4,g
1208,Kycklingsoppa tillagad redd pulver m. vatten mjölk,"Järn, Fe",Soppa mat,0.1,mg
1208,Kycklingsoppa tillagad redd pulver m. vatten mjölk,Energi (kJ),Soppa mat,214.0,kJ
1208,Kycklingsoppa tillagad redd pulver m. vatten mjölk,Energi (kcal),Soppa mat,51.0,kcal
1208,Kycklingsoppa tillagad redd pulver m. vatten mjölk,Disackarider,Soppa mat,1.9,g
1208,Kycklingsoppa tillagad redd pulver m. vatten mjölk,"Kalcium, Ca",Soppa mat,35.0,mg
1208,Kycklingsoppa tillagad redd pulver m. vatten mjölk,Fettsyra 4:0-10:0,Soppa mat,0.1,g
1208,Kycklingsoppa tillagad redd pulver m. vatten mjölk,DHA (C22:6),Soppa mat,0.0,g
1208,Kycklingsoppa tillagad redd pulver m. vatten mjölk,DPA (C22:5),Soppa mat,0.0,g
1208,Kycklingsoppa tillagad redd pulver m. vatten mjölk,EPA (C20:5),Soppa mat,0.0,g
1208,Kycklingsoppa tillagad redd pulver m. vatten mjölk,Arakidonsyra C20:4,Soppa mat,0.0,g
1208,Kycklingsoppa tillagad redd pulver m. vatten mjölk,Arakidinsyra C20:0,Soppa mat,0.0,g
1208,Kycklingsoppa tillagad redd pulver m. vatten mjölk,Linolensyra C18:3,Soppa mat,0.0,g
1208,Kycklingsoppa tillagad redd pulver m. vatten mjölk,Linolsyra C18:2,Soppa mat,0.1,g
1208,Kycklingsoppa tillagad redd pulver m. vatten mjölk,Oljesyra C18:1,Soppa mat,1.0,g
1208,Kycklingsoppa tillagad redd pulver m. vatten mjölk,Stearinsyra C18:0,Soppa mat,0.3,g
1208,Kycklingsoppa tillagad redd pulver m. vatten mjölk,Palmitoljesyra C16:1,Soppa mat,0.0,g
1208,Kycklingsoppa tillagad redd pulver m. vatten mjölk,Palmitinsyra C16:0,Soppa mat,0.6,g
1208,Kycklingsoppa tillagad redd pulver m. vatten mjölk,Myristinsyra C14:0,Soppa mat,0.1,g
1208,Kycklingsoppa tillagad redd pulver m. vatten mjölk,Laurinsyra C12:0,Soppa mat,0.0,g
1208,Kycklingsoppa tillagad redd pulver m. vatten mjölk,Betakaroten/β-Karoten,Soppa mat,148.0,µg
1208,Kycklingsoppa tillagad redd pulver m. vatten mjölk,Avfall (skal etc.),Soppa mat,0.0,%
1208,Kycklingsoppa tillagad redd pulver m. vatten mjölk,Aska,Soppa mat,1.4,g
1208,Kycklingsoppa tillagad redd pulver m. vatten mjölk,Alkohol,Soppa mat,0.0,g
1209,Kycklingsoppa tillagad redd pulver m. vatten,"Zink, Zn",Soppa mat,0.1,mg
1209,Kycklingsoppa tillagad redd pulver m. vatten,Vitamin E,Soppa mat,0.3,mg
1209,Kycklingsoppa tillagad redd pulver m. vatten,Vitamin D,Soppa mat,0.0,µg
1209,Kycklingsoppa tillagad redd pulver m. vatten,Vitamin C,Soppa mat,0.0,mg
1209,Kycklingsoppa tillagad redd pulver m. vatten,Vitamin B6,Soppa mat,0.01,mg
1209,Kycklingsoppa tillagad redd pulver m. vatten,Vitamin B12,Soppa mat,0.04,µg
1209,Kycklingsoppa tillagad redd pulver m. vatten,Vitamin A,Soppa mat,12.3,RE/µg
1209,Kycklingsoppa tillagad redd pulver m. vatten,Vatten,Soppa mat,90.1,g
1209,Kycklingsoppa tillagad redd pulver m. vatten,Tiamin,Soppa mat,0.51,mg
1209,Kycklingsoppa tillagad redd pulver m. vatten,Tillsatt socker,Soppa mat,0.0,g
1209,Kycklingsoppa tillagad redd pulver m. vatten,Fritt socker,Soppa mat,0.0,g
1209,Kycklingsoppa tillagad redd pulver m. vatten,"Selen, Se",Soppa mat,0.6,µg
1209,Kycklingsoppa tillagad redd pulver m. vatten,Sackaros,Soppa mat,0.0,g
1209,Kycklingsoppa tillagad redd pulver m. vatten,Riboflavin,Soppa mat,0.01,mg
1209,Kycklingsoppa tillagad redd pulver m. vatten,Retinol,Soppa mat,0.0,µg
1209,Kycklingsoppa tillagad redd pulver m. vatten,Protein,Soppa mat,0.6,g
1209,Kycklingsoppa tillagad redd pulver m. vatten,Summa fleromättade fettsyror,Soppa mat,0.1,g
1209,Kycklingsoppa tillagad redd pulver m. vatten,"Fosfor, P",Soppa mat,12.0,mg
1209,Kycklingsoppa tillagad redd pulver m. vatten,Niacinekvivalenter,Soppa mat,0.23,NE/mg
1209,Kycklingsoppa tillagad redd pulver m. vatten,Niacin,Soppa mat,0.12,mg
1209,Kycklingsoppa tillagad redd pulver m. vatten,"Salt, NaCl",Soppa mat,1.0,g
1209,Kycklingsoppa tillagad redd pulver m. vatten,"Natrium, Na",Soppa mat,408.0,mg
1209,Kycklingsoppa tillagad redd pulver m. vatten,Monosackarider,Soppa mat,0.1,g
1209,Kycklingsoppa tillagad redd pulver m. vatten,"Sockerarter, totalt",Soppa mat,0.5,g
1209,Kycklingsoppa tillagad redd pulver m. vatten,Summa enkelomättade fettsyror,Soppa mat,0.9,g
1209,Kycklingsoppa tillagad redd pulver m. vatten,"Magnesium, Mg",Soppa mat,11.0,mg
1209,Kycklingsoppa tillagad redd pulver m. vatten,Summa mättade fettsyror,Soppa mat,0.3,g
1209,Kycklingsoppa tillagad redd pulver m. vatten,"Kolhydrater, tillgängliga",Soppa mat,5.8,g
1209,Kycklingsoppa tillagad redd pulver m. vatten,Kolesterol,Soppa mat,1.0,mg
1209,Kycklingsoppa tillagad redd pulver m. vatten,"Kalium, K",Soppa mat,16.0,mg
1209,Kycklingsoppa tillagad redd pulver m. vatten,"Jod, I",Soppa mat,1.4,µg
1209,Kycklingsoppa tillagad redd pulver m. vatten,Fullkorn totalt,Soppa mat,0.0,g
1209,Kycklingsoppa tillagad redd pulver m. vatten,"Folat, totalt",Soppa mat,14.0,µg
1209,Kycklingsoppa tillagad redd pulver m. vatten,Fibrer,Soppa mat,1.0,g
1209,Kycklingsoppa tillagad redd pulver m. vatten,"Fett, totalt",Soppa mat,1.3,g
1209,Kycklingsoppa tillagad redd pulver m. vatten,"Järn, Fe",Soppa mat,0.1,mg
1209,Kycklingsoppa tillagad redd pulver m. vatten,Energi (kJ),Soppa mat,167.0,kJ
1209,Kycklingsoppa tillagad redd pulver m. vatten,Energi (kcal),Soppa mat,40.0,kcal
1209,Kycklingsoppa tillagad redd pulver m. vatten,Disackarider,Soppa mat,0.4,g
1209,Kycklingsoppa tillagad redd pulver m. vatten,"Kalcium, Ca",Soppa mat,8.0,mg
1209,Kycklingsoppa tillagad redd pulver m. vatten,Fettsyra 4:0-10:0,Soppa mat,0.0,g
1209,Kycklingsoppa tillagad redd pulver m. vatten,DHA (C22:6),Soppa mat,0.0,g
1209,Kycklingsoppa tillagad redd pulver m. vatten,DPA (C22:5),Soppa mat,0.0,g
1209,Kycklingsoppa tillagad redd pulver m. vatten,EPA (C20:5),Soppa mat,0.0,g
1209,Kycklingsoppa tillagad redd pulver m. vatten,Arakidonsyra C20:4,Soppa mat,0.0,g
1209,Kycklingsoppa tillagad redd pulver m. vatten,Arakidinsyra C20:0,Soppa mat,0.0,g
1209,Kycklingsoppa tillagad redd pulver m. vatten,Linolensyra C18:3,Soppa mat,0.0,g
1209,Kycklingsoppa tillagad redd pulver m. vatten,Linolsyra C18:2,Soppa mat,0.1,g
1209,Kycklingsoppa tillagad redd pulver m. vatten,Oljesyra C18:1,Soppa mat,0.8,g
1209,Kycklingsoppa tillagad redd pulver m. vatten,Stearinsyra C18:0,Soppa mat,0.2,g
1209,Kycklingsoppa tillagad redd pulver m. vatten,Palmitoljesyra C16:1,Soppa mat,0.0,g
1209,Kycklingsoppa tillagad redd pulver m. vatten,Palmitinsyra C16:0,Soppa mat,0.1,g
1209,Kycklingsoppa tillagad redd pulver m. vatten,Myristinsyra C14:0,Soppa mat,0.0,g
1209,Kycklingsoppa tillagad redd pulver m. vatten,Laurinsyra C12:0,Soppa mat,0.0,g
1209,Kycklingsoppa tillagad redd pulver m. vatten,Betakaroten/β-Karoten,Soppa mat,148.0,µg
1209,Kycklingsoppa tillagad redd pulver m. vatten,Avfall (skal etc.),Soppa mat,0.0,%
1209,Kycklingsoppa tillagad redd pulver m. vatten,Aska,Soppa mat,1.1,g
1209,Kycklingsoppa tillagad redd pulver m. vatten,Alkohol,Soppa mat,0.0,g
1210,Kalvbuljong pasta el. pulver storhushåll,"Zink, Zn",Buljong,0.0,mg
1210,Kalvbuljong pasta el. pulver storhushåll,Vitamin E,Buljong,0.0,mg
1210,Kalvbuljong pasta el. pulver storhushåll,Vitamin D,Buljong,0.31,µg
1210,Kalvbuljong pasta el. pulver storhushåll,Vitamin C,Buljong,0.0,mg
1210,Kalvbuljong pasta el. pulver storhushåll,Vitamin B6,Buljong,0.0,mg
1210,Kalvbuljong pasta el. pulver storhushåll,Vitamin B12,Buljong,3.31,µg
1210,Kalvbuljong pasta el. pulver storhushåll,Vitamin A,Buljong,31.3,RE/µg
1210,Kalvbuljong pasta el. pulver storhushåll,Vatten,Buljong,6.0,g
1210,Kalvbuljong pasta el. pulver storhushåll,Tiamin,Buljong,0.1,mg
1210,Kalvbuljong pasta el. pulver storhushåll,Tillsatt socker,Buljong,4.0,g
1210,Kalvbuljong pasta el. pulver storhushåll,Fritt socker,Buljong,4.0,g
1210,Kalvbuljong pasta el. pulver storhushåll,"Selen, Se",Buljong,0.0,µg
1210,Kalvbuljong pasta el. pulver storhushåll,Sackaros,Buljong,0.0,g
1210,Kalvbuljong pasta el. pulver storhushåll,Riboflavin,Buljong,0.02,mg
1210,Kalvbuljong pasta el. pulver storhushåll,Retinol,Buljong,31.3,µg
1210,Kalvbuljong pasta el. pulver storhushåll,Protein,Buljong,18.8,g
1210,Kalvbuljong pasta el. pulver storhushåll,Summa fleromättade fettsyror,Buljong,0.4,g
1210,Kalvbuljong pasta el. pulver storhushåll,"Fosfor, P",Buljong,219.0,mg
1210,Kalvbuljong pasta el. pulver storhushåll,Niacinekvivalenter,Buljong,3.94,NE/mg
1210,Kalvbuljong pasta el. pulver storhushåll,Niacin,Buljong,0.5,mg
1210,Kalvbuljong pasta el. pulver storhushåll,"Salt, NaCl",Buljong,46.8,g
1210,Kalvbuljong pasta el. pulver storhushåll,"Natrium, Na",Buljong,18733.0,mg
1210,Kalvbuljong pasta el. pulver storhushåll,Monosackarider,Buljong,4.5,g
1210,Kalvbuljong pasta el. pulver storhushåll,"Sockerarter, totalt",Buljong,4.5,g
1210,Kalvbuljong pasta el. pulver storhushåll,Summa enkelomättade fettsyror,Buljong,3.2,g
1210,Kalvbuljong pasta el. pulver storhushåll,"Magnesium, Mg",Buljong,63.0,mg
1210,Kalvbuljong pasta el. pulver storhushåll,Summa mättade fettsyror,Buljong,4.0,g
1210,Kalvbuljong pasta el. pulver storhushåll,"Kolhydrater, tillgängliga",Buljong,18.5,g
1210,Kalvbuljong pasta el. pulver storhushåll,Kolesterol,Buljong,0.0,mg
1210,Kalvbuljong pasta el. pulver storhushåll,"Kalium, K",Buljong,513.0,mg
1210,Kalvbuljong pasta el. pulver storhushåll,"Jod, I",Buljong,6.0,µg
1210,Kalvbuljong pasta el. pulver storhushåll,Fullkorn totalt,Buljong,0.0,g
1210,Kalvbuljong pasta el. pulver storhushåll,"Folat, totalt",Buljong,62.7,µg
1210,Kalvbuljong pasta el. pulver storhushåll,Fibrer,Buljong,0.0,g
1210,Kalvbuljong pasta el. pulver storhushåll,"Fett, totalt",Buljong,8.0,g
1210,Kalvbuljong pasta el. pulver storhushåll,"Järn, Fe",Buljong,0.6,mg
1210,Kalvbuljong pasta el. pulver storhushåll,Energi (kJ),Buljong,929.0,kJ
1210,Kalvbuljong pasta el. pulver storhushåll,Energi (kcal),Buljong,222.0,kcal
1210,Kalvbuljong pasta el. pulver storhushåll,Disackarider,Buljong,0.0,g
1210,Kalvbuljong pasta el. pulver storhushåll,"Kalcium, Ca",Buljong,57.0,mg
1210,Kalvbuljong pasta el. pulver storhushåll,Fettsyra 4:0-10:0,Buljong,0.0,g
1210,Kalvbuljong pasta el. pulver storhushåll,DHA (C22:6),Buljong,0.0,g
1210,Kalvbuljong pasta el. pulver storhushåll,DPA (C22:5),Buljong,0.0,g
1210,Kalvbuljong pasta el. pulver storhushåll,EPA (C20:5),Buljong,0.0,g
1210,Kalvbuljong pasta el. pulver storhushåll,Arakidonsyra C20:4,Buljong,0.0,g
1210,Kalvbuljong pasta el. pulver storhushåll,Arakidinsyra C20:0,Buljong,0.0,g
1210,Kalvbuljong pasta el. pulver storhushåll,Linolensyra C18:3,Buljong,0.0,g
1210,Kalvbuljong pasta el. pulver storhushåll,Linolsyra C18:2,Buljong,0.4,g
1210,Kalvbuljong pasta el. pulver storhushåll,Oljesyra C18:1,Buljong,2.8,g
1210,Kalvbuljong pasta el. pulver storhushåll,Stearinsyra C18:0,Buljong,1.6,g
1210,Kalvbuljong pasta el. pulver storhushåll,Palmitoljesyra C16:1,Buljong,0.4,g
1210,Kalvbuljong pasta el. pulver storhushåll,Palmitinsyra C16:0,Buljong,2.0,g
1210,Kalvbuljong pasta el. pulver storhushåll,Myristinsyra C14:0,Buljong,0.4,g
1210,Kalvbuljong pasta el. pulver storhushåll,Laurinsyra C12:0,Buljong,0.0,g
1210,Kalvbuljong pasta el. pulver storhushåll,Betakaroten/β-Karoten,Buljong,0.0,µg
1210,Kalvbuljong pasta el. pulver storhushåll,Avfall (skal etc.),Buljong,0.0,%
1210,Kalvbuljong pasta el. pulver storhushåll,Aska,Buljong,48.8,g
1210,Kalvbuljong pasta el. pulver storhushåll,Alkohol,Buljong,0.0,g
1211,Kalvbuljong pasta el. pulver lågsalt storhushåll,"Zink, Zn",Buljong,0.0,mg
1211,Kalvbuljong pasta el. pulver lågsalt storhushåll,Vitamin E,Buljong,0.0,mg
1211,Kalvbuljong pasta el. pulver lågsalt storhushåll,Vitamin D,Buljong,0.32,µg
1211,Kalvbuljong pasta el. pulver lågsalt storhushåll,Vitamin C,Buljong,0.0,mg
1211,Kalvbuljong pasta el. pulver lågsalt storhushåll,Vitamin B6,Buljong,0.0,mg
1211,Kalvbuljong pasta el. pulver lågsalt storhushåll,Vitamin B12,Buljong,3.21,µg
1211,Kalvbuljong pasta el. pulver lågsalt storhushåll,Vitamin A,Buljong,32.0,RE/µg
1211,Kalvbuljong pasta el. pulver lågsalt storhushåll,Vatten,Buljong,3.6,g
1211,Kalvbuljong pasta el. pulver lågsalt storhushåll,Tiamin,Buljong,0.0,mg
1211,Kalvbuljong pasta el. pulver lågsalt storhushåll,Tillsatt socker,Buljong,4.0,g
1211,Kalvbuljong pasta el. pulver lågsalt storhushåll,Fritt socker,Buljong,4.0,g
1211,Kalvbuljong pasta el. pulver lågsalt storhushåll,"Selen, Se",Buljong,0.0,µg
1211,Kalvbuljong pasta el. pulver lågsalt storhushåll,Sackaros,Buljong,0.0,g
1211,Kalvbuljong pasta el. pulver lågsalt storhushåll,Riboflavin,Buljong,0.0,mg
1211,Kalvbuljong pasta el. pulver lågsalt storhushåll,Retinol,Buljong,32.0,µg
1211,Kalvbuljong pasta el. pulver lågsalt storhushåll,Protein,Buljong,25.0,g
1211,Kalvbuljong pasta el. pulver lågsalt storhushåll,Summa fleromättade fettsyror,Buljong,0.3,g
1211,Kalvbuljong pasta el. pulver lågsalt storhushåll,"Fosfor, P",Buljong,225.0,mg
1211,Kalvbuljong pasta el. pulver lågsalt storhushåll,Niacinekvivalenter,Buljong,10.98,NE/mg
1211,Kalvbuljong pasta el. pulver lågsalt storhushåll,Niacin,Buljong,6.4,mg
1211,Kalvbuljong pasta el. pulver lågsalt storhushåll,"Salt, NaCl",Buljong,28.8,g
1211,Kalvbuljong pasta el. pulver lågsalt storhushåll,"Natrium, Na",Buljong,11500.0,mg
1211,Kalvbuljong pasta el. pulver lågsalt storhushåll,Monosackarider,Buljong,4.5,g
1211,Kalvbuljong pasta el. pulver lågsalt storhushåll,"Sockerarter, totalt",Buljong,4.5,g
1211,Kalvbuljong pasta el. pulver lågsalt storhushåll,Summa enkelomättade fettsyror,Buljong,2.2,g
1211,Kalvbuljong pasta el. pulver lågsalt storhushåll,"Magnesium, Mg",Buljong,64.0,mg
1211,Kalvbuljong pasta el. pulver lågsalt storhushåll,Summa mättade fettsyror,Buljong,2.8,g
1211,Kalvbuljong pasta el. pulver lågsalt storhushåll,"Kolhydrater, tillgängliga",Buljong,35.0,g
1211,Kalvbuljong pasta el. pulver lågsalt storhushåll,Kolesterol,Buljong,0.0,mg
1211,Kalvbuljong pasta el. pulver lågsalt storhushåll,"Kalium, K",Buljong,700.0,mg
1211,Kalvbuljong pasta el. pulver lågsalt storhushåll,"Jod, I",Buljong,3.0,µg
1211,Kalvbuljong pasta el. pulver lågsalt storhushåll,Fullkorn totalt,Buljong,0.0,g
1211,Kalvbuljong pasta el. pulver lågsalt storhushåll,"Folat, totalt",Buljong,63.0,µg
1211,Kalvbuljong pasta el. pulver lågsalt storhushåll,Fibrer,Buljong,0.0,g
1211,Kalvbuljong pasta el. pulver lågsalt storhushåll,"Fett, totalt",Buljong,5.5,g
1211,Kalvbuljong pasta el. pulver lågsalt storhushåll,"Järn, Fe",Buljong,0.7,mg
1211,Kalvbuljong pasta el. pulver lågsalt storhushåll,Energi (kJ),Buljong,1224.0,kJ
1211,Kalvbuljong pasta el. pulver lågsalt storhushåll,Energi (kcal),Buljong,292.0,kcal
1211,Kalvbuljong pasta el. pulver lågsalt storhushåll,Disackarider,Buljong,0.0,g
1211,Kalvbuljong pasta el. pulver lågsalt storhushåll,"Kalcium, Ca",Buljong,100.0,mg
1211,Kalvbuljong pasta el. pulver lågsalt storhushåll,Fettsyra 4:0-10:0,Buljong,0.0,g
1211,Kalvbuljong pasta el. pulver lågsalt storhushåll,DHA (C22:6),Buljong,0.0,g
1211,Kalvbuljong pasta el. pulver lågsalt storhushåll,DPA (C22:5),Buljong,0.0,g
1211,Kalvbuljong pasta el. pulver lågsalt storhushåll,EPA (C20:5),Buljong,0.0,g
1211,Kalvbuljong pasta el. pulver lågsalt storhushåll,Arakidonsyra C20:4,Buljong,0.0,g
1211,Kalvbuljong pasta el. pulver lågsalt storhushåll,Arakidinsyra C20:0,Buljong,0.0,g
1211,Kalvbuljong pasta el. pulver lågsalt storhushåll,Linolensyra C18:3,Buljong,0.0,g
1211,Kalvbuljong pasta el. pulver lågsalt storhushåll,Linolsyra C18:2,Buljong,0.3,g
1211,Kalvbuljong pasta el. pulver lågsalt storhushåll,Oljesyra C18:1,Buljong,1.9,g
1211,Kalvbuljong pasta el. pulver lågsalt storhushåll,Stearinsyra C18:0,Buljong,1.1,g
1211,Kalvbuljong pasta el. pulver lågsalt storhushåll,Palmitoljesyra C16:1,Buljong,0.3,g
1211,Kalvbuljong pasta el. pulver lågsalt storhushåll,Palmitinsyra C16:0,Buljong,1.4,g
1211,Kalvbuljong pasta el. pulver lågsalt storhushåll,Myristinsyra C14:0,Buljong,0.3,g
1211,Kalvbuljong pasta el. pulver lågsalt storhushåll,Laurinsyra C12:0,Buljong,0.0,g
1211,Kalvbuljong pasta el. pulver lågsalt storhushåll,Betakaroten/β-Karoten,Buljong,0.0,µg
1211,Kalvbuljong pasta el. pulver lågsalt storhushåll,Avfall (skal etc.),Buljong,0.0,%
1211,Kalvbuljong pasta el. pulver lågsalt storhushåll,Aska,Buljong,30.8,g
1211,Kalvbuljong pasta el. pulver lågsalt storhushåll,Alkohol,Buljong,0.0,g
1212,Köttbuljong pasta el. pulver storhushåll,"Zink, Zn",Buljong,0.0,mg
1212,Köttbuljong pasta el. pulver storhushåll,Vitamin E,Buljong,0.0,mg
1212,Köttbuljong pasta el. pulver storhushåll,Vitamin D,Buljong,0.32,µg
1212,Köttbuljong pasta el. pulver storhushåll,Vitamin C,Buljong,0.0,mg
1212,Köttbuljong pasta el. pulver storhushåll,Vitamin B6,Buljong,0.0,mg
1212,Köttbuljong pasta el. pulver storhushåll,Vitamin B12,Buljong,3.16,µg
1212,Köttbuljong pasta el. pulver storhushåll,Vitamin A,Buljong,32.0,RE/µg
1212,Köttbuljong pasta el. pulver storhushåll,Vatten,Buljong,5.1,g
1212,Köttbuljong pasta el. pulver storhushåll,Tiamin,Buljong,0.0,mg
1212,Köttbuljong pasta el. pulver storhushåll,Tillsatt socker,Buljong,11.0,g
1212,Köttbuljong pasta el. pulver storhushåll,Fritt socker,Buljong,11.0,g
1212,Köttbuljong pasta el. pulver storhushåll,"Selen, Se",Buljong,0.0,µg
1212,Köttbuljong pasta el. pulver storhushåll,Sackaros,Buljong,9.0,g
1212,Köttbuljong pasta el. pulver storhushåll,Riboflavin,Buljong,0.0,mg
1212,Köttbuljong pasta el. pulver storhushåll,Retinol,Buljong,32.0,µg
1212,Köttbuljong pasta el. pulver storhushåll,Protein,Buljong,15.2,g
1212,Köttbuljong pasta el. pulver storhushåll,Summa fleromättade fettsyror,Buljong,0.3,g
1212,Köttbuljong pasta el. pulver storhushåll,"Fosfor, P",Buljong,221.0,mg
1212,Köttbuljong pasta el. pulver storhushåll,Niacinekvivalenter,Buljong,2.83,NE/mg
1212,Köttbuljong pasta el. pulver storhushåll,Niacin,Buljong,0.03,mg
1212,Köttbuljong pasta el. pulver storhushåll,"Salt, NaCl",Buljong,48.8,g
1212,Köttbuljong pasta el. pulver storhushåll,"Natrium, Na",Buljong,19525.0,mg
1212,Köttbuljong pasta el. pulver storhushåll,Monosackarider,Buljong,2.0,g
1212,Köttbuljong pasta el. pulver storhushåll,"Sockerarter, totalt",Buljong,11.0,g
1212,Köttbuljong pasta el. pulver storhushåll,Summa enkelomättade fettsyror,Buljong,2.0,g
1212,Köttbuljong pasta el. pulver storhushåll,"Magnesium, Mg",Buljong,63.0,mg
1212,Köttbuljong pasta el. pulver storhushåll,Summa mättade fettsyror,Buljong,2.5,g
1212,Köttbuljong pasta el. pulver storhushåll,"Kolhydrater, tillgängliga",Buljong,23.4,g
1212,Köttbuljong pasta el. pulver storhushåll,Kolesterol,Buljong,0.0,mg
1212,Köttbuljong pasta el. pulver storhushåll,"Kalium, K",Buljong,797.0,mg
1212,Köttbuljong pasta el. pulver storhushåll,"Jod, I",Buljong,15.0,µg
1212,Köttbuljong pasta el. pulver storhushåll,Fullkorn totalt,Buljong,0.0,g
1212,Köttbuljong pasta el. pulver storhushåll,"Folat, totalt",Buljong,63.0,µg
1212,Köttbuljong pasta el. pulver storhushåll,Fibrer,Buljong,0.0,g
1212,Köttbuljong pasta el. pulver storhushåll,"Fett, totalt",Buljong,5.0,g
1212,Köttbuljong pasta el. pulver storhushåll,"Järn, Fe",Buljong,0.4,mg
1212,Köttbuljong pasta el. pulver storhushåll,Energi (kJ),Buljong,841.0,kJ
1212,Köttbuljong pasta el. pulver storhushåll,Energi (kcal),Buljong,201.0,kcal
1212,Köttbuljong pasta el. pulver storhushåll,Disackarider,Buljong,9.0,g
1212,Köttbuljong pasta el. pulver storhushåll,"Kalcium, Ca",Buljong,40.0,mg
1212,Köttbuljong pasta el. pulver storhushåll,Fettsyra 4:0-10:0,Buljong,0.0,g
1212,Köttbuljong pasta el. pulver storhushåll,DHA (C22:6),Buljong,0.0,g
1212,Köttbuljong pasta el. pulver storhushåll,DPA (C22:5),Buljong,0.0,g
1212,Köttbuljong pasta el. pulver storhushåll,EPA (C20:5),Buljong,0.0,g
1212,Köttbuljong pasta el. pulver storhushåll,Arakidonsyra C20:4,Buljong,0.0,g
1212,Köttbuljong pasta el. pulver storhushåll,Arakidinsyra C20:0,Buljong,0.0,g
1212,Köttbuljong pasta el. pulver storhushåll,Linolensyra C18:3,Buljong,0.0,g
1212,Köttbuljong pasta el. pulver storhushåll,Linolsyra C18:2,Buljong,0.3,g
1212,Köttbuljong pasta el. pulver storhushåll,Oljesyra C18:1,Buljong,1.8,g
1212,Köttbuljong pasta el. pulver storhushåll,Stearinsyra C18:0,Buljong,1.0,g
1212,Köttbuljong pasta el. pulver storhushåll,Palmitoljesyra C16:1,Buljong,0.3,g
1212,Köttbuljong pasta el. pulver storhushåll,Palmitinsyra C16:0,Buljong,1.3,g
1212,Köttbuljong pasta el. pulver storhushåll,Myristinsyra C14:0,Buljong,0.3,g
1212,Köttbuljong pasta el. pulver storhushåll,Laurinsyra C12:0,Buljong,0.0,g
1212,Köttbuljong pasta el. pulver storhushåll,Betakaroten/β-Karoten,Buljong,0.0,µg
1212,Köttbuljong pasta el. pulver storhushåll,Avfall (skal etc.),Buljong,0.0,%
1212,Köttbuljong pasta el. pulver storhushåll,Aska,Buljong,51.3,g
1212,Köttbuljong pasta el. pulver storhushåll,Alkohol,Buljong,0.0,g
1213,Köttbuljong pasta el. pulver lågsalt storhushåll,"Zink, Zn",Buljong,0.0,mg
1213,Köttbuljong pasta el. pulver lågsalt storhushåll,Vitamin E,Buljong,0.0,mg
1213,Köttbuljong pasta el. pulver lågsalt storhushåll,Vitamin D,Buljong,0.0,µg
1213,Köttbuljong pasta el. pulver lågsalt storhushåll,Vitamin C,Buljong,0.0,mg
1213,Köttbuljong pasta el. pulver lågsalt storhushåll,Vitamin B6,Buljong,0.0,mg
1213,Köttbuljong pasta el. pulver lågsalt storhushåll,Vitamin B12,Buljong,3.23,µg
1213,Köttbuljong pasta el. pulver lågsalt storhushåll,Vitamin A,Buljong,0.0,RE/µg
1213,Köttbuljong pasta el. pulver lågsalt storhushåll,Vatten,Buljong,3.1,g
1213,Köttbuljong pasta el. pulver lågsalt storhushåll,Tiamin,Buljong,0.0,mg
1213,Köttbuljong pasta el. pulver lågsalt storhushåll,Tillsatt socker,Buljong,11.0,g
1213,Köttbuljong pasta el. pulver lågsalt storhushåll,Fritt socker,Buljong,11.0,g
1213,Köttbuljong pasta el. pulver lågsalt storhushåll,"Selen, Se",Buljong,0.0,µg
1213,Köttbuljong pasta el. pulver lågsalt storhushåll,Sackaros,Buljong,9.0,g
1213,Köttbuljong pasta el. pulver lågsalt storhushåll,Riboflavin,Buljong,0.0,mg
1213,Köttbuljong pasta el. pulver lågsalt storhushåll,Retinol,Buljong,0.0,µg
1213,Köttbuljong pasta el. pulver lågsalt storhushåll,Protein,Buljong,10.0,g
1213,Köttbuljong pasta el. pulver lågsalt storhushåll,Summa fleromättade fettsyror,Buljong,0.2,g
1213,Köttbuljong pasta el. pulver lågsalt storhushåll,"Fosfor, P",Buljong,226.0,mg
1213,Köttbuljong pasta el. pulver lågsalt storhushåll,Niacinekvivalenter,Buljong,8.33,NE/mg
1213,Köttbuljong pasta el. pulver lågsalt storhushåll,Niacin,Buljong,6.5,mg
1213,Köttbuljong pasta el. pulver lågsalt storhushåll,"Salt, NaCl",Buljong,40.5,g
1213,Köttbuljong pasta el. pulver lågsalt storhushåll,"Natrium, Na",Buljong,16200.0,mg
1213,Köttbuljong pasta el. pulver lågsalt storhushåll,Monosackarider,Buljong,2.0,g
1213,Köttbuljong pasta el. pulver lågsalt storhushåll,"Sockerarter, totalt",Buljong,11.0,g
1213,Köttbuljong pasta el. pulver lågsalt storhushåll,Summa enkelomättade fettsyror,Buljong,1.8,g
1213,Köttbuljong pasta el. pulver lågsalt storhushåll,"Magnesium, Mg",Buljong,65.0,mg
1213,Köttbuljong pasta el. pulver lågsalt storhushåll,Summa mättade fettsyror,Buljong,2.3,g
1213,Köttbuljong pasta el. pulver lågsalt storhushåll,"Kolhydrater, tillgängliga",Buljong,39.0,g
1213,Köttbuljong pasta el. pulver lågsalt storhushåll,Kolesterol,Buljong,0.0,mg
1213,Köttbuljong pasta el. pulver lågsalt storhushåll,"Kalium, K",Buljong,1000.0,mg
1213,Köttbuljong pasta el. pulver lågsalt storhushåll,"Jod, I",Buljong,5.0,µg
1213,Köttbuljong pasta el. pulver lågsalt storhushåll,Fullkorn totalt,Buljong,0.0,g
1213,Köttbuljong pasta el. pulver lågsalt storhushåll,"Folat, totalt",Buljong,63.0,µg
1213,Köttbuljong pasta el. pulver lågsalt storhushåll,Fibrer,Buljong,0.0,g
1213,Köttbuljong pasta el. pulver lågsalt storhushåll,"Fett, totalt",Buljong,4.5,g
1213,Köttbuljong pasta el. pulver lågsalt storhushåll,"Järn, Fe",Buljong,0.3,mg
1213,Köttbuljong pasta el. pulver lågsalt storhushåll,Energi (kJ),Buljong,1000.0,kJ
1213,Köttbuljong pasta el. pulver lågsalt storhushåll,Energi (kcal),Buljong,239.0,kcal
1213,Köttbuljong pasta el. pulver lågsalt storhushåll,Disackarider,Buljong,0.0,g
1213,Köttbuljong pasta el. pulver lågsalt storhushåll,"Kalcium, Ca",Buljong,100.0,mg
1213,Köttbuljong pasta el. pulver lågsalt storhushåll,Fettsyra 4:0-10:0,Buljong,0.0,g
1213,Köttbuljong pasta el. pulver lågsalt storhushåll,DHA (C22:6),Buljong,0.0,g
1213,Köttbuljong pasta el. pulver lågsalt storhushåll,DPA (C22:5),Buljong,0.0,g
1213,Köttbuljong pasta el. pulver lågsalt storhushåll,EPA (C20:5),Buljong,0.0,g
1213,Köttbuljong pasta el. pulver lågsalt storhushåll,Arakidonsyra C20:4,Buljong,0.0,g
1213,Köttbuljong pasta el. pulver lågsalt storhushåll,Arakidinsyra C20:0,Buljong,0.0,g
1213,Köttbuljong pasta el. pulver lågsalt storhushåll,Linolensyra C18:3,Buljong,0.0,g
1213,Köttbuljong pasta el. pulver lågsalt storhushåll,Linolsyra C18:2,Buljong,0.2,g
1213,Köttbuljong pasta el. pulver lågsalt storhushåll,Oljesyra C18:1,Buljong,1.6,g
1213,Köttbuljong pasta el. pulver lågsalt storhushåll,Stearinsyra C18:0,Buljong,0.9,g
1213,Köttbuljong pasta el. pulver lågsalt storhushåll,Palmitoljesyra C16:1,Buljong,0.2,g
1213,Köttbuljong pasta el. pulver lågsalt storhushåll,Palmitinsyra C16:0,Buljong,1.1,g
1213,Köttbuljong pasta el. pulver lågsalt storhushåll,Myristinsyra C14:0,Buljong,0.2,g
1213,Köttbuljong pasta el. pulver lågsalt storhushåll,Laurinsyra C12:0,Buljong,0.0,g
1213,Köttbuljong pasta el. pulver lågsalt storhushåll,Betakaroten/β-Karoten,Buljong,0.0,µg
1213,Köttbuljong pasta el. pulver lågsalt storhushåll,Avfall (skal etc.),Buljong,0.0,%
1213,Köttbuljong pasta el. pulver lågsalt storhushåll,Aska,Buljong,43.4,g
1213,Köttbuljong pasta el. pulver lågsalt storhushåll,Alkohol,Buljong,0.0,g
1214,Skinkbuljong pasta el. pulver storhushåll,"Zink, Zn",Buljong,0.0,mg
1214,Skinkbuljong pasta el. pulver storhushåll,Vitamin E,Buljong,0.0,mg
1214,Skinkbuljong pasta el. pulver storhushåll,Vitamin D,Buljong,0.32,µg
1214,Skinkbuljong pasta el. pulver storhushåll,Vitamin C,Buljong,0.0,mg
1214,Skinkbuljong pasta el. pulver storhushåll,Vitamin B6,Buljong,0.0,mg
1214,Skinkbuljong pasta el. pulver storhushåll,Vitamin B12,Buljong,3.22,µg
1214,Skinkbuljong pasta el. pulver storhushåll,Vitamin A,Buljong,32.0,RE/µg
1214,Skinkbuljong pasta el. pulver storhushåll,Vatten,Buljong,3.4,g
1214,Skinkbuljong pasta el. pulver storhushåll,Tiamin,Buljong,0.4,mg
1214,Skinkbuljong pasta el. pulver storhushåll,Tillsatt socker,Buljong,3.0,g
1214,Skinkbuljong pasta el. pulver storhushåll,Fritt socker,Buljong,3.0,g
1214,Skinkbuljong pasta el. pulver storhushåll,"Selen, Se",Buljong,0.0,µg
1214,Skinkbuljong pasta el. pulver storhushåll,Sackaros,Buljong,0.0,g
1214,Skinkbuljong pasta el. pulver storhushåll,Riboflavin,Buljong,1.7,mg
1214,Skinkbuljong pasta el. pulver storhushåll,Retinol,Buljong,32.0,µg
1214,Skinkbuljong pasta el. pulver storhushåll,Protein,Buljong,19.5,g
1214,Skinkbuljong pasta el. pulver storhushåll,Summa fleromättade fettsyror,Buljong,0.7,g
1214,Skinkbuljong pasta el. pulver storhushåll,"Fosfor, P",Buljong,225.0,mg
1214,Skinkbuljong pasta el. pulver storhushåll,Niacinekvivalenter,Buljong,9.18,NE/mg
1214,Skinkbuljong pasta el. pulver storhushåll,Niacin,Buljong,5.6,mg
1214,Skinkbuljong pasta el. pulver storhushåll,"Salt, NaCl",Buljong,48.4,g
1214,Skinkbuljong pasta el. pulver storhushåll,"Natrium, Na",Buljong,19350.0,mg
1214,Skinkbuljong pasta el. pulver storhushåll,Monosackarider,Buljong,3.0,g
1214,Skinkbuljong pasta el. pulver storhushåll,"Sockerarter, totalt",Buljong,3.0,g
1214,Skinkbuljong pasta el. pulver storhushåll,Summa enkelomättade fettsyror,Buljong,5.2,g
1214,Skinkbuljong pasta el. pulver storhushåll,"Magnesium, Mg",Buljong,64.0,mg
1214,Skinkbuljong pasta el. pulver storhushåll,Summa mättade fettsyror,Buljong,6.5,g
1214,Skinkbuljong pasta el. pulver storhushåll,"Kolhydrater, tillgängliga",Buljong,13.5,g
1214,Skinkbuljong pasta el. pulver storhushåll,Kolesterol,Buljong,0.0,mg
1214,Skinkbuljong pasta el. pulver storhushåll,"Kalium, K",Buljong,628.0,mg
1214,Skinkbuljong pasta el. pulver storhushåll,"Jod, I",Buljong,6.0,µg
1214,Skinkbuljong pasta el. pulver storhushåll,Fullkorn totalt,Buljong,0.0,g
1214,Skinkbuljong pasta el. pulver storhushåll,"Folat, totalt",Buljong,63.0,µg
1214,Skinkbuljong pasta el. pulver storhushåll,Fibrer,Buljong,0.0,g
1214,Skinkbuljong pasta el. pulver storhushåll,"Fett, totalt",Buljong,13.0,g
1214,Skinkbuljong pasta el. pulver storhushåll,"Järn, Fe",Buljong,1.9,mg
1214,Skinkbuljong pasta el. pulver storhushåll,Energi (kJ),Buljong,1042.0,kJ
1214,Skinkbuljong pasta el. pulver storhushåll,Energi (kcal),Buljong,249.0,kcal
1214,Skinkbuljong pasta el. pulver storhushåll,Disackarider,Buljong,0.0,g
1214,Skinkbuljong pasta el. pulver storhushåll,"Kalcium, Ca",Buljong,56.0,mg
1214,Skinkbuljong pasta el. pulver storhushåll,Fettsyra 4:0-10:0,Buljong,0.0,g
1214,Skinkbuljong pasta el. pulver storhushåll,DHA (C22:6),Buljong,0.0,g
1214,Skinkbuljong pasta el. pulver storhushåll,DPA (C22:5),Buljong,0.0,g
1214,Skinkbuljong pasta el. pulver storhushåll,EPA (C20:5),Buljong,0.0,g
1214,Skinkbuljong pasta el. pulver storhushåll,Arakidonsyra C20:4,Buljong,0.0,g
1214,Skinkbuljong pasta el. pulver storhushåll,Arakidinsyra C20:0,Buljong,0.0,g
1214,Skinkbuljong pasta el. pulver storhushåll,Linolensyra C18:3,Buljong,0.0,g
1214,Skinkbuljong pasta el. pulver storhushåll,Linolsyra C18:2,Buljong,0.7,g
1214,Skinkbuljong pasta el. pulver storhushåll,Oljesyra C18:1,Buljong,4.6,g
1214,Skinkbuljong pasta el. pulver storhushåll,Stearinsyra C18:0,Buljong,2.6,g
1214,Skinkbuljong pasta el. pulver storhushåll,Palmitoljesyra C16:1,Buljong,0.7,g
1214,Skinkbuljong pasta el. pulver storhushåll,Palmitinsyra C16:0,Buljong,3.3,g
1214,Skinkbuljong pasta el. pulver storhushåll,Myristinsyra C14:0,Buljong,0.7,g
1214,Skinkbuljong pasta el. pulver storhushåll,Laurinsyra C12:0,Buljong,0.0,g
1214,Skinkbuljong pasta el. pulver storhushåll,Betakaroten/β-Karoten,Buljong,0.0,µg
1214,Skinkbuljong pasta el. pulver storhushåll,Avfall (skal etc.),Buljong,0.0,%
1214,Skinkbuljong pasta el. pulver storhushåll,Aska,Buljong,50.6,g
1214,Skinkbuljong pasta el. pulver storhushåll,Alkohol,Buljong,0.0,g
1215,Hönsbuljong pasta el. pulver lågsalt storhushåll,"Zink, Zn",Buljong,0.0,mg
1215,Hönsbuljong pasta el. pulver lågsalt storhushåll,Vitamin E,Buljong,0.0,mg
1215,Hönsbuljong pasta el. pulver lågsalt storhushåll,Vitamin D,Buljong,0.49,µg
1215,Hönsbuljong pasta el. pulver lågsalt storhushåll,Vitamin C,Buljong,0.0,mg
1215,Hönsbuljong pasta el. pulver lågsalt storhushåll,Vitamin B6,Buljong,0.0,mg
1215,Hönsbuljong pasta el. pulver lågsalt storhushåll,Vitamin B12,Buljong,4.88,µg
1215,Hönsbuljong pasta el. pulver lågsalt storhushåll,Vitamin A,Buljong,49.0,RE/µg
1215,Hönsbuljong pasta el. pulver lågsalt storhushåll,Vatten,Buljong,2.4,g
1215,Hönsbuljong pasta el. pulver lågsalt storhushåll,Tiamin,Buljong,0.0,mg
1215,Hönsbuljong pasta el. pulver lågsalt storhushåll,Tillsatt socker,Buljong,4.0,g
1215,Hönsbuljong pasta el. pulver lågsalt storhushåll,Fritt socker,Buljong,4.0,g
1215,Hönsbuljong pasta el. pulver lågsalt storhushåll,"Selen, Se",Buljong,0.0,µg
1215,Hönsbuljong pasta el. pulver lågsalt storhushåll,Sackaros,Buljong,3.5,g
1215,Hönsbuljong pasta el. pulver lågsalt storhushåll,Riboflavin,Buljong,0.0,mg
1215,Hönsbuljong pasta el. pulver lågsalt storhushåll,Retinol,Buljong,49.0,µg
1215,Hönsbuljong pasta el. pulver lågsalt storhushåll,Protein,Buljong,14.0,g
1215,Hönsbuljong pasta el. pulver lågsalt storhushåll,Summa fleromättade fettsyror,Buljong,2.7,g
1215,Hönsbuljong pasta el. pulver lågsalt storhushåll,"Fosfor, P",Buljong,146.0,mg
1215,Hönsbuljong pasta el. pulver lågsalt storhushåll,Niacinekvivalenter,Buljong,12.37,NE/mg
1215,Hönsbuljong pasta el. pulver lågsalt storhushåll,Niacin,Buljong,9.8,mg
1215,Hönsbuljong pasta el. pulver lågsalt storhushåll,"Salt, NaCl",Buljong,34.8,g
1215,Hönsbuljong pasta el. pulver lågsalt storhushåll,"Natrium, Na",Buljong,13900.0,mg
1215,Hönsbuljong pasta el. pulver lågsalt storhushåll,Monosackarider,Buljong,0.0,g
1215,Hönsbuljong pasta el. pulver lågsalt storhushåll,"Sockerarter, totalt",Buljong,3.5,g
1215,Hönsbuljong pasta el. pulver lågsalt storhushåll,Summa enkelomättade fettsyror,Buljong,8.0,g
1215,Hönsbuljong pasta el. pulver lågsalt storhushåll,"Magnesium, Mg",Buljong,49.0,mg
1215,Hönsbuljong pasta el. pulver lågsalt storhushåll,Summa mättade fettsyror,Buljong,4.3,g
1215,Hönsbuljong pasta el. pulver lågsalt storhushåll,"Kolhydrater, tillgängliga",Buljong,32.0,g
1215,Hönsbuljong pasta el. pulver lågsalt storhushåll,Kolesterol,Buljong,0.0,mg
1215,Hönsbuljong pasta el. pulver lågsalt storhushåll,"Kalium, K",Buljong,500.0,mg
1215,Hönsbuljong pasta el. pulver lågsalt storhushåll,"Jod, I",Buljong,4.0,µg
1215,Hönsbuljong pasta el. pulver lågsalt storhushåll,Fullkorn totalt,Buljong,0.0,g
1215,Hönsbuljong pasta el. pulver lågsalt storhushåll,"Folat, totalt",Buljong,97.1,µg
1215,Hönsbuljong pasta el. pulver lågsalt storhushåll,Fibrer,Buljong,0.0,g
1215,Hönsbuljong pasta el. pulver lågsalt storhushåll,"Fett, totalt",Buljong,15.0,g
1215,Hönsbuljong pasta el. pulver lågsalt storhushåll,"Järn, Fe",Buljong,0.6,mg
1215,Hönsbuljong pasta el. pulver lågsalt storhushåll,Energi (kJ),Buljong,1337.0,kJ
1215,Hönsbuljong pasta el. pulver lågsalt storhushåll,Energi (kcal),Buljong,320.0,kcal
1215,Hönsbuljong pasta el. pulver lågsalt storhushåll,Disackarider,Buljong,3.5,g
1215,Hönsbuljong pasta el. pulver lågsalt storhushåll,"Kalcium, Ca",Buljong,100.0,mg
1215,Hönsbuljong pasta el. pulver lågsalt storhushåll,Fettsyra 4:0-10:0,Buljong,0.0,g
1215,Hönsbuljong pasta el. pulver lågsalt storhushåll,DHA (C22:6),Buljong,0.0,g
1215,Hönsbuljong pasta el. pulver lågsalt storhushåll,DPA (C22:5),Buljong,0.0,g
1215,Hönsbuljong pasta el. pulver lågsalt storhushåll,EPA (C20:5),Buljong,0.0,g
1215,Hönsbuljong pasta el. pulver lågsalt storhushåll,Arakidonsyra C20:4,Buljong,0.0,g
1215,Hönsbuljong pasta el. pulver lågsalt storhushåll,Arakidinsyra C20:0,Buljong,0.0,g
1215,Hönsbuljong pasta el. pulver lågsalt storhushåll,Linolensyra C18:3,Buljong,0.2,g
1215,Hönsbuljong pasta el. pulver lågsalt storhushåll,Linolsyra C18:2,Buljong,2.5,g
1215,Hönsbuljong pasta el. pulver lågsalt storhushåll,Oljesyra C18:1,Buljong,7.0,g
1215,Hönsbuljong pasta el. pulver lågsalt storhushåll,Stearinsyra C18:0,Buljong,0.8,g
1215,Hönsbuljong pasta el. pulver lågsalt storhushåll,Palmitoljesyra C16:1,Buljong,0.9,g
1215,Hönsbuljong pasta el. pulver lågsalt storhushåll,Palmitinsyra C16:0,Buljong,3.2,g
1215,Hönsbuljong pasta el. pulver lågsalt storhushåll,Myristinsyra C14:0,Buljong,0.2,g
1215,Hönsbuljong pasta el. pulver lågsalt storhushåll,Laurinsyra C12:0,Buljong,0.0,g
1215,Hönsbuljong pasta el. pulver lågsalt storhushåll,Betakaroten/β-Karoten,Buljong,0.0,µg
1215,Hönsbuljong pasta el. pulver lågsalt storhushåll,Avfall (skal etc.),Buljong,0.0,%
1215,Hönsbuljong pasta el. pulver lågsalt storhushåll,Aska,Buljong,36.6,g
1215,Hönsbuljong pasta el. pulver lågsalt storhushåll,Alkohol,Buljong,0.0,g
1216,Hönsbuljong pasta el. pulver storhushåll,"Zink, Zn",Buljong,0.0,mg
1216,Hönsbuljong pasta el. pulver storhushåll,Vitamin E,Buljong,0.0,mg
1216,Hönsbuljong pasta el. pulver storhushåll,Vitamin D,Buljong,0.49,µg
1216,Hönsbuljong pasta el. pulver storhushåll,Vitamin C,Buljong,0.0,mg
1216,Hönsbuljong pasta el. pulver storhushåll,Vitamin B6,Buljong,0.0,mg
1216,Hönsbuljong pasta el. pulver storhushåll,Vitamin B12,Buljong,4.86,µg
1216,Hönsbuljong pasta el. pulver storhushåll,Vitamin A,Buljong,48.6,RE/µg
1216,Hönsbuljong pasta el. pulver storhushåll,Vatten,Buljong,2.9,g
1216,Hönsbuljong pasta el. pulver storhushåll,Tiamin,Buljong,0.2,mg
1216,Hönsbuljong pasta el. pulver storhushåll,Tillsatt socker,Buljong,4.0,g
1216,Hönsbuljong pasta el. pulver storhushåll,Fritt socker,Buljong,4.0,g
1216,Hönsbuljong pasta el. pulver storhushåll,"Selen, Se",Buljong,0.0,µg
1216,Hönsbuljong pasta el. pulver storhushåll,Sackaros,Buljong,0.0,g
1216,Hönsbuljong pasta el. pulver storhushåll,Riboflavin,Buljong,0.45,mg
1216,Hönsbuljong pasta el. pulver storhushåll,Retinol,Buljong,48.6,µg
1216,Hönsbuljong pasta el. pulver storhushåll,Protein,Buljong,14.7,g
1216,Hönsbuljong pasta el. pulver storhushåll,Summa fleromättade fettsyror,Buljong,2.3,g
1216,Hönsbuljong pasta el. pulver storhushåll,"Fosfor, P",Buljong,146.0,mg
1216,Hönsbuljong pasta el. pulver storhushåll,Niacinekvivalenter,Buljong,5.8,NE/mg
1216,Hönsbuljong pasta el. pulver storhushåll,Niacin,Buljong,3.1,mg
1216,Hönsbuljong pasta el. pulver storhushåll,"Salt, NaCl",Buljong,52.0,g
1216,Hönsbuljong pasta el. pulver storhushåll,"Natrium, Na",Buljong,20800.0,mg
1216,Hönsbuljong pasta el. pulver storhushåll,Monosackarider,Buljong,0.0,g
1216,Hönsbuljong pasta el. pulver storhushåll,"Sockerarter, totalt",Buljong,3.5,g
1216,Hönsbuljong pasta el. pulver storhushåll,Summa enkelomättade fettsyror,Buljong,6.7,g
1216,Hönsbuljong pasta el. pulver storhushåll,"Magnesium, Mg",Buljong,49.0,mg
1216,Hönsbuljong pasta el. pulver storhushåll,Summa mättade fettsyror,Buljong,3.6,g
1216,Hönsbuljong pasta el. pulver storhushåll,"Kolhydrater, tillgängliga",Buljong,16.2,g
1216,Hönsbuljong pasta el. pulver storhushåll,Kolesterol,Buljong,0.0,mg
1216,Hönsbuljong pasta el. pulver storhushåll,"Kalium, K",Buljong,279.0,mg
1216,Hönsbuljong pasta el. pulver storhushåll,"Jod, I",Buljong,15.0,µg
1216,Hönsbuljong pasta el. pulver storhushåll,Fullkorn totalt,Buljong,0.0,g
1216,Hönsbuljong pasta el. pulver storhushåll,"Folat, totalt",Buljong,97.1,µg
1216,Hönsbuljong pasta el. pulver storhushåll,Fibrer,Buljong,0.0,g
1216,Hönsbuljong pasta el. pulver storhushåll,"Fett, totalt",Buljong,12.7,g
1216,Hönsbuljong pasta el. pulver storhushåll,"Järn, Fe",Buljong,1.4,mg
1216,Hönsbuljong pasta el. pulver storhushåll,Energi (kJ),Buljong,995.0,kJ
1216,Hönsbuljong pasta el. pulver storhushåll,Energi (kcal),Buljong,238.0,kcal
1216,Hönsbuljong pasta el. pulver storhushåll,Disackarider,Buljong,0.0,g
1216,Hönsbuljong pasta el. pulver storhushåll,"Kalcium, Ca",Buljong,11.0,mg
1216,Hönsbuljong pasta el. pulver storhushåll,Fettsyra 4:0-10:0,Buljong,0.0,g
1216,Hönsbuljong pasta el. pulver storhushåll,DHA (C22:6),Buljong,0.0,g
1216,Hönsbuljong pasta el. pulver storhushåll,DPA (C22:5),Buljong,0.0,g
1216,Hönsbuljong pasta el. pulver storhushåll,EPA (C20:5),Buljong,0.0,g
1216,Hönsbuljong pasta el. pulver storhushåll,Arakidonsyra C20:4,Buljong,0.0,g
1216,Hönsbuljong pasta el. pulver storhushåll,Arakidinsyra C20:0,Buljong,0.0,g
1216,Hönsbuljong pasta el. pulver storhushåll,Linolensyra C18:3,Buljong,0.1,g
1216,Hönsbuljong pasta el. pulver storhushåll,Linolsyra C18:2,Buljong,2.1,g
1216,Hönsbuljong pasta el. pulver storhushåll,Oljesyra C18:1,Buljong,5.9,g
1216,Hönsbuljong pasta el. pulver storhushåll,Stearinsyra C18:0,Buljong,0.7,g
1216,Hönsbuljong pasta el. pulver storhushåll,Palmitoljesyra C16:1,Buljong,0.7,g
1216,Hönsbuljong pasta el. pulver storhushåll,Palmitinsyra C16:0,Buljong,2.7,g
1216,Hönsbuljong pasta el. pulver storhushåll,Myristinsyra C14:0,Buljong,0.2,g
1216,Hönsbuljong pasta el. pulver storhushåll,Laurinsyra C12:0,Buljong,0.0,g
1216,Hönsbuljong pasta el. pulver storhushåll,Betakaroten/β-Karoten,Buljong,0.0,µg
1216,Hönsbuljong pasta el. pulver storhushåll,Avfall (skal etc.),Buljong,0.0,%
1216,Hönsbuljong pasta el. pulver storhushåll,Aska,Buljong,53.5,g
1216,Hönsbuljong pasta el. pulver storhushåll,Alkohol,Buljong,0.0,g
1217,Köttbuljong pulver tärning,"Zink, Zn",Buljong,1.8,mg
1217,Köttbuljong pulver tärning,Vitamin E,Buljong,0.0,mg
1217,Köttbuljong pulver tärning,Vitamin D,Buljong,0.0,µg
1217,Köttbuljong pulver tärning,Vitamin C,Buljong,0.0,mg
1217,Köttbuljong pulver tärning,Vitamin B6,Buljong,0.5,mg
1217,Köttbuljong pulver tärning,Vitamin B12,Buljong,0.0,µg
1217,Köttbuljong pulver tärning,Vitamin A,Buljong,0.0,RE/µg
1217,Köttbuljong pulver tärning,Vatten,Buljong,4.0,g
1217,Köttbuljong pulver tärning,Tiamin,Buljong,0.05,mg
1217,Köttbuljong pulver tärning,Tillsatt socker,Buljong,11.0,g
1217,Köttbuljong pulver tärning,Fritt socker,Buljong,11.0,g
1217,Köttbuljong pulver tärning,"Selen, Se",Buljong,0.0,µg
1217,Köttbuljong pulver tärning,Sackaros,Buljong,9.0,g
1217,Köttbuljong pulver tärning,Riboflavin,Buljong,0.33,mg
1217,Köttbuljong pulver tärning,Retinol,Buljong,0.0,µg
1217,Köttbuljong pulver tärning,Protein,Buljong,20.0,g
1217,Köttbuljong pulver tärning,Summa fleromättade fettsyror,Buljong,0.1,g
1217,Köttbuljong pulver tärning,"Fosfor, P",Buljong,430.0,mg
1217,Köttbuljong pulver tärning,Niacinekvivalenter,Buljong,15.67,NE/mg
1217,Köttbuljong pulver tärning,Niacin,Buljong,12.0,mg
1217,Köttbuljong pulver tärning,"Salt, NaCl",Buljong,60.0,g
1217,Köttbuljong pulver tärning,"Natrium, Na",Buljong,24000.0,mg
1217,Köttbuljong pulver tärning,Monosackarider,Buljong,2.0,g
1217,Köttbuljong pulver tärning,"Sockerarter, totalt",Buljong,11.0,g
1217,Köttbuljong pulver tärning,Summa enkelomättade fettsyror,Buljong,1.2,g
1217,Köttbuljong pulver tärning,"Magnesium, Mg",Buljong,120.0,mg
1217,Köttbuljong pulver tärning,Summa mättade fettsyror,Buljong,1.5,g
1217,Köttbuljong pulver tärning,"Kolhydrater, tillgängliga",Buljong,5.0,g
1217,Köttbuljong pulver tärning,Kolesterol,Buljong,4.0,mg
1217,Köttbuljong pulver tärning,"Kalium, K",Buljong,170.0,mg
1217,Köttbuljong pulver tärning,"Jod, I",Buljong,15.0,µg
1217,Köttbuljong pulver tärning,Fullkorn totalt,Buljong,0.0,g
1217,Köttbuljong pulver tärning,"Folat, totalt",Buljong,100.0,µg
1217,Köttbuljong pulver tärning,Fibrer,Buljong,0.0,g
1217,Köttbuljong pulver tärning,"Fett, totalt",Buljong,3.0,g
1217,Köttbuljong pulver tärning,"Järn, Fe",Buljong,2.9,mg
1217,Köttbuljong pulver tärning,Energi (kJ),Buljong,536.0,kJ
1217,Köttbuljong pulver tärning,Energi (kcal),Buljong,128.0,kcal
1217,Köttbuljong pulver tärning,Disackarider,Buljong,9.0,g
1217,Köttbuljong pulver tärning,"Kalcium, Ca",Buljong,60.0,mg
1217,Köttbuljong pulver tärning,Fettsyra 4:0-10:0,Buljong,0.0,g
1217,Köttbuljong pulver tärning,DHA (C22:6),Buljong,0.0,g
1217,Köttbuljong pulver tärning,DPA (C22:5),Buljong,0.0,g
1217,Köttbuljong pulver tärning,EPA (C20:5),Buljong,0.0,g
1217,Köttbuljong pulver tärning,Arakidonsyra C20:4,Buljong,0.0,g
1217,Köttbuljong pulver tärning,Arakidinsyra C20:0,Buljong,0.0,g
1217,Köttbuljong pulver tärning,Linolensyra C18:3,Buljong,0.0,g
1217,Köttbuljong pulver tärning,Linolsyra C18:2,Buljong,0.1,g
1217,Köttbuljong pulver tärning,Oljesyra C18:1,Buljong,1.1,g
1217,Köttbuljong pulver tärning,Stearinsyra C18:0,Buljong,0.6,g
1217,Köttbuljong pulver tärning,Palmitoljesyra C16:1,Buljong,0.1,g
1217,Köttbuljong pulver tärning,Palmitinsyra C16:0,Buljong,0.8,g
1217,Köttbuljong pulver tärning,Myristinsyra C14:0,Buljong,0.1,g
1217,Köttbuljong pulver tärning,Laurinsyra C12:0,Buljong,0.0,g
1217,Köttbuljong pulver tärning,Betakaroten/β-Karoten,Buljong,0.0,µg
1217,Köttbuljong pulver tärning,Avfall (skal etc.),Buljong,0.0,%
1217,Köttbuljong pulver tärning,Aska,Buljong,68.0,g
1217,Köttbuljong pulver tärning,Alkohol,Buljong,0.0,g
1218,Köttbuljong konserv. ätf.,"Zink, Zn",Buljong,0.2,mg
1218,Köttbuljong konserv. ätf.,Vitamin E,Buljong,0.0,mg
1218,Köttbuljong konserv. ätf.,Vitamin D,Buljong,0.0,µg
1218,Köttbuljong konserv. ätf.,Vitamin C,Buljong,0.0,mg
1218,Köttbuljong konserv. ätf.,Vitamin B6,Buljong,0.01,mg
1218,Köttbuljong konserv. ätf.,Vitamin B12,Buljong,0.0,µg
1218,Köttbuljong konserv. ätf.,Vitamin A,Buljong,0.0,RE/µg
1218,Köttbuljong konserv. ätf.,Vatten,Buljong,97.9,g
1218,Köttbuljong konserv. ätf.,Tiamin,Buljong,0.0,mg
1218,Köttbuljong konserv. ätf.,Tillsatt socker,Buljong,0.0,g
1218,Köttbuljong konserv. ätf.,Fritt socker,Buljong,0.0,g
1218,Köttbuljong konserv. ätf.,"Selen, Se",Buljong,0.0,µg
1218,Köttbuljong konserv. ätf.,Sackaros,Buljong,0.2,g
1218,Köttbuljong konserv. ätf.,Riboflavin,Buljong,0.01,mg
1218,Köttbuljong konserv. ätf.,Retinol,Buljong,0.0,µg
1218,Köttbuljong konserv. ätf.,Protein,Buljong,1.2,g
1218,Köttbuljong konserv. ätf.,Summa fleromättade fettsyror,Buljong,0.0,g
1218,Köttbuljong konserv. ätf.,"Fosfor, P",Buljong,9.0,mg
1218,Köttbuljong konserv. ätf.,Niacinekvivalenter,Buljong,0.72,NE/mg
1218,Köttbuljong konserv. ätf.,Niacin,Buljong,0.5,mg
1218,Köttbuljong konserv. ätf.,"Salt, NaCl",Buljong,0.5,g
1218,Köttbuljong konserv. ätf.,"Natrium, Na",Buljong,183.0,mg
1218,Köttbuljong konserv. ätf.,Monosackarider,Buljong,0.0,g
1218,Köttbuljong konserv. ätf.,"Sockerarter, totalt",Buljong,0.2,g
1218,Köttbuljong konserv. ätf.,Summa enkelomättade fettsyror,Buljong,0.1,g
1218,Köttbuljong konserv. ätf.,"Magnesium, Mg",Buljong,2.0,mg
1218,Köttbuljong konserv. ätf.,Summa mättade fettsyror,Buljong,0.1,g
1218,Köttbuljong konserv. ätf.,"Kolhydrater, tillgängliga",Buljong,0.0,g
1218,Köttbuljong konserv. ätf.,Kolesterol,Buljong,0.0,mg
1218,Köttbuljong konserv. ätf.,"Kalium, K",Buljong,14.0,mg
1218,Köttbuljong konserv. ätf.,"Jod, I",Buljong,0.3,µg
1218,Köttbuljong konserv. ätf.,Fullkorn totalt,Buljong,0.0,g
1218,Köttbuljong konserv. ätf.,"Folat, totalt",Buljong,2.0,µg
1218,Köttbuljong konserv. ätf.,Fibrer,Buljong,0.0,g
1218,Köttbuljong konserv. ätf.,"Fett, totalt",Buljong,0.2,g
1218,Köttbuljong konserv. ätf.,"Järn, Fe",Buljong,1.3,mg
1218,Köttbuljong konserv. ätf.,Energi (kJ),Buljong,28.0,kJ
1218,Köttbuljong konserv. ätf.,Energi (kcal),Buljong,7.0,kcal
1218,Köttbuljong konserv. ätf.,Disackarider,Buljong,0.2,g
1218,Köttbuljong konserv. ätf.,"Kalcium, Ca",Buljong,5.0,mg
1218,Köttbuljong konserv. ätf.,Fettsyra 4:0-10:0,Buljong,0.0,g
1218,Köttbuljong konserv. ätf.,DHA (C22:6),Buljong,0.0,g
1218,Köttbuljong konserv. ätf.,DPA (C22:5),Buljong,0.0,g
1218,Köttbuljong konserv. ätf.,EPA (C20:5),Buljong,0.0,g
1218,Köttbuljong konserv. ätf.,Arakidonsyra C20:4,Buljong,0.0,g
1218,Köttbuljong konserv. ätf.,Arakidinsyra C20:0,Buljong,0.0,g
1218,Köttbuljong konserv. ätf.,Linolensyra C18:3,Buljong,0.0,g
1218,Köttbuljong konserv. ätf.,Linolsyra C18:2,Buljong,0.0,g
1218,Köttbuljong konserv. ätf.,Oljesyra C18:1,Buljong,0.1,g
1218,Köttbuljong konserv. ätf.,Stearinsyra C18:0,Buljong,0.0,g
1218,Köttbuljong konserv. ätf.,Palmitoljesyra C16:1,Buljong,0.0,g
1218,Köttbuljong konserv. ätf.,Palmitinsyra C16:0,Buljong,0.0,g
1218,Köttbuljong konserv. ätf.,Myristinsyra C14:0,Buljong,0.0,g
1218,Köttbuljong konserv. ätf.,Laurinsyra C12:0,Buljong,0.0,g
1218,Köttbuljong konserv. ätf.,Betakaroten/β-Karoten,Buljong,0.0,µg
1218,Köttbuljong konserv. ätf.,Avfall (skal etc.),Buljong,0.0,%
1218,Köttbuljong konserv. ätf.,Aska,Buljong,0.7,g
1218,Köttbuljong konserv. ätf.,Alkohol,Buljong,0.0,g
1219,Gelatinblad el. gelatinpulver,"Zink, Zn",Gelatin agar agar,0.2,mg
1219,Gelatinblad el. gelatinpulver,Vitamin E,Gelatin agar agar,0.0,mg
1219,Gelatinblad el. gelatinpulver,Vitamin D,Gelatin agar agar,0.0,µg
1219,Gelatinblad el. gelatinpulver,Vitamin C,Gelatin agar agar,0.0,mg
1219,Gelatinblad el. gelatinpulver,Vitamin B6,Gelatin agar agar,0.01,mg
1219,Gelatinblad el. gelatinpulver,Vitamin B12,Gelatin agar agar,0.0,µg
1219,Gelatinblad el. gelatinpulver,Vitamin A,Gelatin agar agar,0.0,RE/µg
1219,Gelatinblad el. gelatinpulver,Vatten,Gelatin agar agar,12.6,g
1219,Gelatinblad el. gelatinpulver,Tiamin,Gelatin agar agar,0.0,mg
1219,Gelatinblad el. gelatinpulver,Tillsatt socker,Gelatin agar agar,0.0,g
1219,Gelatinblad el. gelatinpulver,Fritt socker,Gelatin agar agar,0.0,g
1219,Gelatinblad el. gelatinpulver,"Selen, Se",Gelatin agar agar,1.0,µg
1219,Gelatinblad el. gelatinpulver,Sackaros,Gelatin agar agar,0.0,g
1219,Gelatinblad el. gelatinpulver,Riboflavin,Gelatin agar agar,0.0,mg
1219,Gelatinblad el. gelatinpulver,Retinol,Gelatin agar agar,0.0,µg
1219,Gelatinblad el. gelatinpulver,Protein,Gelatin agar agar,86.0,g
1219,Gelatinblad el. gelatinpulver,Summa fleromättade fettsyror,Gelatin agar agar,0.0,g
1219,Gelatinblad el. gelatinpulver,"Fosfor, P",Gelatin agar agar,0.0,mg
1219,Gelatinblad el. gelatinpulver,Niacinekvivalenter,Gelatin agar agar,15.77,NE/mg
1219,Gelatinblad el. gelatinpulver,Niacin,Gelatin agar agar,0.0,mg
1219,Gelatinblad el. gelatinpulver,"Salt, NaCl",Gelatin agar agar,0.1,g
1219,Gelatinblad el. gelatinpulver,"Natrium, Na",Gelatin agar agar,32.0,mg
1219,Gelatinblad el. gelatinpulver,Monosackarider,Gelatin agar agar,0.0,g
1219,Gelatinblad el. gelatinpulver,"Sockerarter, totalt",Gelatin agar agar,0.0,g
1219,Gelatinblad el. gelatinpulver,Summa enkelomättade fettsyror,Gelatin agar agar,0.0,g
1219,Gelatinblad el. gelatinpulver,"Magnesium, Mg",Gelatin agar agar,33.0,mg
1219,Gelatinblad el. gelatinpulver,Summa mättade fettsyror,Gelatin agar agar,0.0,g
1219,Gelatinblad el. gelatinpulver,"Kolhydrater, tillgängliga",Gelatin agar agar,0.0,g
1219,Gelatinblad el. gelatinpulver,Kolesterol,Gelatin agar agar,0.0,mg
1219,Gelatinblad el. gelatinpulver,"Kalium, K",Gelatin agar agar,22.0,mg
1219,Gelatinblad el. gelatinpulver,"Jod, I",Gelatin agar agar,5.0,µg
1219,Gelatinblad el. gelatinpulver,Fullkorn totalt,Gelatin agar agar,0.0,g
1219,Gelatinblad el. gelatinpulver,"Folat, totalt",Gelatin agar agar,0.0,µg
1219,Gelatinblad el. gelatinpulver,Fibrer,Gelatin agar agar,0.0,g
1219,Gelatinblad el. gelatinpulver,"Fett, totalt",Gelatin agar agar,0.1,g
1219,Gelatinblad el. gelatinpulver,"Järn, Fe",Gelatin agar agar,0.0,mg
1219,Gelatinblad el. gelatinpulver,Energi (kJ),Gelatin agar agar,1466.0,kJ
1219,Gelatinblad el. gelatinpulver,Energi (kcal),Gelatin agar agar,350.0,kcal
1219,Gelatinblad el. gelatinpulver,Disackarider,Gelatin agar agar,0.0,g
1219,Gelatinblad el. gelatinpulver,"Kalcium, Ca",Gelatin agar agar,11.0,mg
1219,Gelatinblad el. gelatinpulver,Fettsyra 4:0-10:0,Gelatin agar agar,0.0,g
1219,Gelatinblad el. gelatinpulver,DHA (C22:6),Gelatin agar agar,0.0,g
1219,Gelatinblad el. gelatinpulver,DPA (C22:5),Gelatin agar agar,0.0,g
1219,Gelatinblad el. gelatinpulver,EPA (C20:5),Gelatin agar agar,0.0,g
1219,Gelatinblad el. gelatinpulver,Arakidonsyra C20:4,Gelatin agar agar,0.0,g
1219,Gelatinblad el. gelatinpulver,Arakidinsyra C20:0,Gelatin agar agar,0.0,g
1219,Gelatinblad el. gelatinpulver,Linolensyra C18:3,Gelatin agar agar,0.0,g
1219,Gelatinblad el. gelatinpulver,Linolsyra C18:2,Gelatin agar agar,0.0,g
1219,Gelatinblad el. gelatinpulver,Oljesyra C18:1,Gelatin agar agar,0.0,g
1219,Gelatinblad el. gelatinpulver,Stearinsyra C18:0,Gelatin agar agar,0.0,g
1219,Gelatinblad el. gelatinpulver,Palmitoljesyra C16:1,Gelatin agar agar,0.0,g
1219,Gelatinblad el. gelatinpulver,Palmitinsyra C16:0,Gelatin agar agar,0.0,g
1219,Gelatinblad el. gelatinpulver,Myristinsyra C14:0,Gelatin agar agar,0.0,g
1219,Gelatinblad el. gelatinpulver,Laurinsyra C12:0,Gelatin agar agar,0.0,g
1219,Gelatinblad el. gelatinpulver,Betakaroten/β-Karoten,Gelatin agar agar,0.0,µg
1219,Gelatinblad el. gelatinpulver,Avfall (skal etc.),Gelatin agar agar,0.0,%
1219,Gelatinblad el. gelatinpulver,Aska,Gelatin agar agar,1.3,g
1219,Gelatinblad el. gelatinpulver,Alkohol,Gelatin agar agar,0.0,g
1222,Köttbuljong tärning ätf.,"Zink, Zn",Buljong,0.0,mg
1222,Köttbuljong tärning ätf.,Vitamin E,Buljong,0.0,mg
1222,Köttbuljong tärning ätf.,Vitamin D,Buljong,0.01,µg
1222,Köttbuljong tärning ätf.,Vitamin C,Buljong,0.0,mg
1222,Köttbuljong tärning ätf.,Vitamin B6,Buljong,0.0,mg
1222,Köttbuljong tärning ätf.,Vitamin B12,Buljong,0.06,µg
1222,Köttbuljong tärning ätf.,Vitamin A,Buljong,0.6,RE/µg
1222,Köttbuljong tärning ätf.,Vatten,Buljong,98.1,g
1222,Köttbuljong tärning ätf.,Tiamin,Buljong,0.0,mg
1222,Köttbuljong tärning ätf.,Tillsatt socker,Buljong,0.0,g
1222,Köttbuljong tärning ätf.,Fritt socker,Buljong,0.0,g
1222,Köttbuljong tärning ätf.,"Selen, Se",Buljong,0.0,µg
1222,Köttbuljong tärning ätf.,Sackaros,Buljong,0.2,g
1222,Köttbuljong tärning ätf.,Riboflavin,Buljong,0.0,mg
1222,Köttbuljong tärning ätf.,Retinol,Buljong,0.6,µg
1222,Köttbuljong tärning ätf.,Protein,Buljong,0.3,g
1222,Köttbuljong tärning ätf.,Summa fleromättade fettsyror,Buljong,0.0,g
1222,Köttbuljong tärning ätf.,"Fosfor, P",Buljong,4.0,mg
1222,Köttbuljong tärning ätf.,Niacinekvivalenter,Buljong,0.06,NE/mg
1222,Köttbuljong tärning ätf.,Niacin,Buljong,0.0,mg
1222,Köttbuljong tärning ätf.,"Salt, NaCl",Buljong,1.0,g
1222,Köttbuljong tärning ätf.,"Natrium, Na",Buljong,385.0,mg
1222,Köttbuljong tärning ätf.,Monosackarider,Buljong,0.0,g
1222,Köttbuljong tärning ätf.,"Sockerarter, totalt",Buljong,0.2,g
1222,Köttbuljong tärning ätf.,Summa enkelomättade fettsyror,Buljong,0.0,g
1222,Köttbuljong tärning ätf.,"Magnesium, Mg",Buljong,2.0,mg
1222,Köttbuljong tärning ätf.,Summa mättade fettsyror,Buljong,0.0,g
1222,Köttbuljong tärning ätf.,"Kolhydrater, tillgängliga",Buljong,0.5,g
1222,Köttbuljong tärning ätf.,Kolesterol,Buljong,0.0,mg
1222,Köttbuljong tärning ätf.,"Kalium, K",Buljong,16.0,mg
1222,Köttbuljong tärning ätf.,"Jod, I",Buljong,1.5,µg
1222,Köttbuljong tärning ätf.,Fullkorn totalt,Buljong,0.0,g
1222,Köttbuljong tärning ätf.,"Folat, totalt",Buljong,1.2,µg
1222,Köttbuljong tärning ätf.,Fibrer,Buljong,0.0,g
1222,Köttbuljong tärning ätf.,"Fett, totalt",Buljong,0.1,g
1222,Köttbuljong tärning ätf.,"Järn, Fe",Buljong,0.0,mg
1222,Köttbuljong tärning ätf.,Energi (kJ),Buljong,16.0,kJ
1222,Köttbuljong tärning ätf.,Energi (kcal),Buljong,4.0,kcal
1222,Köttbuljong tärning ätf.,Disackarider,Buljong,0.2,g
1222,Köttbuljong tärning ätf.,"Kalcium, Ca",Buljong,3.0,mg
1222,Köttbuljong tärning ätf.,Fettsyra 4:0-10:0,Buljong,0.0,g
1222,Köttbuljong tärning ätf.,DHA (C22:6),Buljong,0.0,g
1222,Köttbuljong tärning ätf.,DPA (C22:5),Buljong,0.0,g
1222,Köttbuljong tärning ätf.,EPA (C20:5),Buljong,0.0,g
1222,Köttbuljong tärning ätf.,Arakidonsyra C20:4,Buljong,0.0,g
1222,Köttbuljong tärning ätf.,Arakidinsyra C20:0,Buljong,0.0,g
1222,Köttbuljong tärning ätf.,Linolensyra C18:3,Buljong,0.0,g
1222,Köttbuljong tärning ätf.,Linolsyra C18:2,Buljong,0.0,g
1222,Köttbuljong tärning ätf.,Oljesyra C18:1,Buljong,0.0,g
1222,Köttbuljong tärning ätf.,Stearinsyra C18:0,Buljong,0.0,g
1222,Köttbuljong tärning ätf.,Palmitoljesyra C16:1,Buljong,0.0,g
1222,Köttbuljong tärning ätf.,Palmitinsyra C16:0,Buljong,0.0,g
1222,Köttbuljong tärning ätf.,Myristinsyra C14:0,Buljong,0.0,g
1222,Köttbuljong tärning ätf.,Laurinsyra C12:0,Buljong,0.0,g
1222,Köttbuljong tärning ätf.,Betakaroten/β-Karoten,Buljong,0.0,µg
1222,Köttbuljong tärning ätf.,Avfall (skal etc.),Buljong,0.0,%
1222,Köttbuljong tärning ätf.,Aska,Buljong,1.0,g
1222,Köttbuljong tärning ätf.,Alkohol,Buljong,0.0,g
1223,Köttbuljong ätf.,"Zink, Zn",Buljong,0.0,mg
1223,Köttbuljong ätf.,Vitamin E,Buljong,0.0,mg
1223,Köttbuljong ätf.,Vitamin D,Buljong,0.01,µg
1223,Köttbuljong ätf.,Vitamin C,Buljong,0.0,mg
1223,Köttbuljong ätf.,Vitamin B6,Buljong,0.0,mg
1223,Köttbuljong ätf.,Vitamin B12,Buljong,0.1,µg
1223,Köttbuljong ätf.,Vitamin A,Buljong,1.0,RE/µg
1223,Köttbuljong ätf.,Vatten,Buljong,97.0,g
1223,Köttbuljong ätf.,Tiamin,Buljong,0.0,mg
1223,Köttbuljong ätf.,Tillsatt socker,Buljong,0.0,g
1223,Köttbuljong ätf.,Fritt socker,Buljong,0.0,g
1223,Köttbuljong ätf.,"Selen, Se",Buljong,0.0,µg
1223,Köttbuljong ätf.,Sackaros,Buljong,0.2,g
1223,Köttbuljong ätf.,Riboflavin,Buljong,0.0,mg
1223,Köttbuljong ätf.,Retinol,Buljong,1.0,µg
1223,Köttbuljong ätf.,Protein,Buljong,0.4,g
1223,Köttbuljong ätf.,Summa fleromättade fettsyror,Buljong,0.0,g
1223,Köttbuljong ätf.,"Fosfor, P",Buljong,7.0,mg
1223,Köttbuljong ätf.,Niacinekvivalenter,Buljong,0.27,NE/mg
1223,Köttbuljong ätf.,Niacin,Buljong,0.2,mg
1223,Köttbuljong ätf.,"Salt, NaCl",Buljong,0.6,g
1223,Köttbuljong ätf.,"Natrium, Na",Buljong,225.0,mg
1223,Köttbuljong ätf.,Monosackarider,Buljong,0.0,g
1223,Köttbuljong ätf.,"Sockerarter, totalt",Buljong,0.2,g
1223,Köttbuljong ätf.,Summa enkelomättade fettsyror,Buljong,0.1,g
1223,Köttbuljong ätf.,"Magnesium, Mg",Buljong,2.0,mg
1223,Köttbuljong ätf.,Summa mättade fettsyror,Buljong,0.1,g
1223,Köttbuljong ätf.,"Kolhydrater, tillgängliga",Buljong,1.2,g
1223,Köttbuljong ätf.,Kolesterol,Buljong,0.0,mg
1223,Köttbuljong ätf.,"Kalium, K",Buljong,11.0,mg
1223,Köttbuljong ätf.,"Jod, I",Buljong,0.1,µg
1223,Köttbuljong ätf.,Fullkorn totalt,Buljong,0.0,g
1223,Köttbuljong ätf.,"Folat, totalt",Buljong,2.0,µg
1223,Köttbuljong ätf.,Fibrer,Buljong,0.0,g
1223,Köttbuljong ätf.,"Fett, totalt",Buljong,0.2,g
1223,Köttbuljong ätf.,"Järn, Fe",Buljong,0.1,mg
1223,Köttbuljong ätf.,Energi (kJ),Buljong,35.0,kJ
1223,Köttbuljong ätf.,Energi (kcal),Buljong,8.0,kcal
1223,Köttbuljong ätf.,Disackarider,Buljong,0.2,g
1223,Köttbuljong ätf.,"Kalcium, Ca",Buljong,4.0,mg
1223,Köttbuljong ätf.,Fettsyra 4:0-10:0,Buljong,0.0,g
1223,Köttbuljong ätf.,DHA (C22:6),Buljong,0.0,g
1223,Köttbuljong ätf.,DPA (C22:5),Buljong,0.0,g
1223,Köttbuljong ätf.,EPA (C20:5),Buljong,0.0,g
1223,Köttbuljong ätf.,Arakidonsyra C20:4,Buljong,0.0,g
1223,Köttbuljong ätf.,Arakidinsyra C20:0,Buljong,0.0,g
1223,Köttbuljong ätf.,Linolensyra C18:3,Buljong,0.0,g
1223,Köttbuljong ätf.,Linolsyra C18:2,Buljong,0.0,g
1223,Köttbuljong ätf.,Oljesyra C18:1,Buljong,0.1,g
1223,Köttbuljong ätf.,Stearinsyra C18:0,Buljong,0.0,g
1223,Köttbuljong ätf.,Palmitoljesyra C16:1,Buljong,0.0,g
1223,Köttbuljong ätf.,Palmitinsyra C16:0,Buljong,0.0,g
1223,Köttbuljong ätf.,Myristinsyra C14:0,Buljong,0.0,g
1223,Köttbuljong ätf.,Laurinsyra C12:0,Buljong,0.0,g
1223,Köttbuljong ätf.,Betakaroten/β-Karoten,Buljong,0.0,µg
1223,Köttbuljong ätf.,Avfall (skal etc.),Buljong,0.0,%
1223,Köttbuljong ätf.,Aska,Buljong,1.2,g
1223,Köttbuljong ätf.,Alkohol,Buljong,0.0,g
1224,Hönsbuljong ätf.,"Zink, Zn",Buljong,0.0,mg
1224,Hönsbuljong ätf.,Vitamin E,Buljong,0.0,mg
1224,Hönsbuljong ätf.,Vitamin D,Buljong,0.01,µg
1224,Hönsbuljong ätf.,Vitamin C,Buljong,0.0,mg
1224,Hönsbuljong ätf.,Vitamin B6,Buljong,0.0,mg
1224,Hönsbuljong ätf.,Vitamin B12,Buljong,0.1,µg
1224,Hönsbuljong ätf.,Vitamin A,Buljong,1.0,RE/µg
1224,Hönsbuljong ätf.,Vatten,Buljong,98.0,g
1224,Hönsbuljong ätf.,Tiamin,Buljong,0.0,mg
1224,Hönsbuljong ätf.,Tillsatt socker,Buljong,0.0,g
1224,Hönsbuljong ätf.,Fritt socker,Buljong,0.0,g
1224,Hönsbuljong ätf.,"Selen, Se",Buljong,0.0,µg
1224,Hönsbuljong ätf.,Sackaros,Buljong,0.0,g
1224,Hönsbuljong ätf.,Riboflavin,Buljong,0.0,mg
1224,Hönsbuljong ätf.,Retinol,Buljong,1.0,µg
1224,Hönsbuljong ätf.,Protein,Buljong,0.3,g
1224,Hönsbuljong ätf.,Summa fleromättade fettsyror,Buljong,0.0,g
1224,Hönsbuljong ätf.,"Fosfor, P",Buljong,3.0,mg
1224,Hönsbuljong ätf.,Niacinekvivalenter,Buljong,0.26,NE/mg
1224,Hönsbuljong ätf.,Niacin,Buljong,0.2,mg
1224,Hönsbuljong ätf.,"Salt, NaCl",Buljong,0.8,g
1224,Hönsbuljong ätf.,"Natrium, Na",Buljong,310.0,mg
1224,Hönsbuljong ätf.,Monosackarider,Buljong,0.0,g
1224,Hönsbuljong ätf.,"Sockerarter, totalt",Buljong,0.0,g
1224,Hönsbuljong ätf.,Summa enkelomättade fettsyror,Buljong,0.1,g
1224,Hönsbuljong ätf.,"Magnesium, Mg",Buljong,1.0,mg
1224,Hönsbuljong ätf.,Summa mättade fettsyror,Buljong,0.2,g
1224,Hönsbuljong ätf.,"Kolhydrater, tillgängliga",Buljong,0.2,g
1224,Hönsbuljong ätf.,Kolesterol,Buljong,0.0,mg
1224,Hönsbuljong ätf.,"Kalium, K",Buljong,4.0,mg
1224,Hönsbuljong ätf.,"Jod, I",Buljong,0.3,µg
1224,Hönsbuljong ätf.,Fullkorn totalt,Buljong,0.0,g
1224,Hönsbuljong ätf.,"Folat, totalt",Buljong,2.0,µg
1224,Hönsbuljong ätf.,Fibrer,Buljong,0.0,g
1224,Hönsbuljong ätf.,"Fett, totalt",Buljong,0.3,g
1224,Hönsbuljong ätf.,"Järn, Fe",Buljong,0.1,mg
1224,Hönsbuljong ätf.,Energi (kJ),Buljong,20.0,kJ
1224,Hönsbuljong ätf.,Energi (kcal),Buljong,5.0,kcal
1224,Hönsbuljong ätf.,Disackarider,Buljong,0.0,g
1224,Hönsbuljong ätf.,"Kalcium, Ca",Buljong,5.0,mg
1224,Hönsbuljong ätf.,Fettsyra 4:0-10:0,Buljong,0.0,g
1224,Hönsbuljong ätf.,DHA (C22:6),Buljong,0.0,g
1224,Hönsbuljong ätf.,DPA (C22:5),Buljong,0.0,g
1224,Hönsbuljong ätf.,EPA (C20:5),Buljong,0.0,g
1224,Hönsbuljong ätf.,Arakidonsyra C20:4,Buljong,0.0,g
1224,Hönsbuljong ätf.,Arakidinsyra C20:0,Buljong,0.0,g
1224,Hönsbuljong ätf.,Linolensyra C18:3,Buljong,0.0,g
1224,Hönsbuljong ätf.,Linolsyra C18:2,Buljong,0.0,g
1224,Hönsbuljong ätf.,Oljesyra C18:1,Buljong,0.1,g
1224,Hönsbuljong ätf.,Stearinsyra C18:0,Buljong,0.1,g
1224,Hönsbuljong ätf.,Palmitoljesyra C16:1,Buljong,0.0,g
1224,Hönsbuljong ätf.,Palmitinsyra C16:0,Buljong,0.0,g
1224,Hönsbuljong ätf.,Myristinsyra C14:0,Buljong,0.0,g
1224,Hönsbuljong ätf.,Laurinsyra C12:0,Buljong,0.0,g
1224,Hönsbuljong ätf.,Betakaroten/β-Karoten,Buljong,0.0,µg
1224,Hönsbuljong ätf.,Avfall (skal etc.),Buljong,0.0,%
1224,Hönsbuljong ätf.,Aska,Buljong,1.2,g
1224,Hönsbuljong ätf.,Alkohol,Buljong,0.0,g
1225,Ägg rått,"Zink, Zn",Ägg ,1.3,mg
1225,Ägg rått,Vitamin E,Ägg ,5.6,mg
1225,Ägg rått,Vitamin D inkl 25-OH-D3,Ägg ,2.51,µg
1225,Ägg rått,Vitamin D,Ägg ,1.43,µg
1225,Ägg rått,Vitamin C,Ägg ,0.0,mg
1225,Ägg rått,Vitamin B6,Ägg ,0.1,mg
1225,Ägg rått,Vitamin B12,Ägg ,1.47,µg
1225,Ägg rått,Vitamin A,Ägg ,233.2,RE/µg
1225,Ägg rått,Vatten,Ägg ,76.3,g
1225,Ägg rått,Tiamin,Ägg ,0.08,mg
1225,Ägg rått,Tillsatt socker,Ägg ,0.0,g
1225,Ägg rått,Fritt socker,Ägg ,0.0,g
1225,Ägg rått,"Selen, Se",Ägg ,22.6,µg
1225,Ägg rått,Sackaros,Ägg ,0.0,g
1225,Ägg rått,Riboflavin,Ägg ,0.45,mg
1225,Ägg rått,Retinol,Ägg ,233.0,µg
1225,Ägg rått,Protein,Ägg ,12.2,g
1225,Ägg rått,Summa fleromättade fettsyror,Ägg ,1.5,g
1225,Ägg rått,"Fosfor, P",Ägg ,184.0,mg
1225,Ägg rått,Niacinekvivalenter,Ägg ,3.1,NE/mg
1225,Ägg rått,Niacin,Ägg ,0.0,mg
1225,Ägg rått,"Salt, NaCl",Ägg ,0.4,g
1225,Ägg rått,"Natrium, Na",Ägg ,142.0,mg
1225,Ägg rått,Monosackarider,Ägg ,0.4,g
1225,Ägg rått,"Sockerarter, totalt",Ägg ,0.4,g
1225,Ägg rått,Summa enkelomättade fettsyror,Ägg ,4.0,g
1225,Ägg rått,"Magnesium, Mg",Ägg ,12.0,mg
1225,Ägg rått,Summa mättade fettsyror,Ägg ,2.6,g
1225,Ägg rått,"Kolhydrater, tillgängliga",Ägg ,0.4,g
1225,Ägg rått,Kolesterol,Ägg ,340.0,mg
1225,Ägg rått,"Kalium, K",Ägg ,132.0,mg
1225,Ägg rått,"Jod, I",Ägg ,42.0,µg
1225,Ägg rått,Fullkorn totalt,Ägg ,0.0,g
1225,Ägg rått,"Folat, totalt",Ägg ,85.8,µg
1225,Ägg rått,Fibrer,Ägg ,0.0,g
1225,Ägg rått,"Fett, totalt",Ägg ,9.7,g
1225,Ägg rått,"Järn, Fe",Ägg ,1.7,mg
1225,Ägg rått,Energi (kJ),Ägg ,575.0,kJ
1225,Ägg rått,Energi (kcal),Ägg ,137.0,kcal
1225,Ägg rått,Disackarider,Ägg ,0.0,g
1225,Ägg rått,"Kalcium, Ca",Ägg ,52.0,mg
1225,Ägg rått,Fettsyra 4:0-10:0,Ägg ,0.0,g
1225,Ägg rått,DHA (C22:6),Ägg ,0.1,g
1225,Ägg rått,DPA (C22:5),Ägg ,0.0,g
1225,Ägg rått,EPA (C20:5),Ägg ,0.0,g
1225,Ägg rått,Arakidonsyra C20:4,Ägg ,0.1,g
1225,Ägg rått,Arakidinsyra C20:0,Ägg ,0.0,g
1225,Ägg rått,Linolensyra C18:3,Ägg ,0.1,g
1225,Ägg rått,Linolsyra C18:2,Ägg ,1.1,g
1225,Ägg rått,Oljesyra C18:1,Ägg ,3.7,g
1225,Ägg rått,Stearinsyra C18:0,Ägg ,0.7,g
1225,Ägg rått,Palmitoljesyra C16:1,Ägg ,0.2,g
1225,Ägg rått,Palmitinsyra C16:0,Ägg ,1.9,g
1225,Ägg rått,Myristinsyra C14:0,Ägg ,0.0,g
1225,Ägg rått,Laurinsyra C12:0,Ägg ,0.0,g
1225,Ägg rått,Betakaroten/β-Karoten,Ägg ,0.0,µg
1225,Ägg rått,Avfall (skal etc.),Ägg ,12.0,%
1225,Ägg rått,Aska,Ägg ,0.8,g
1225,Ägg rått,Alkohol,Ägg ,0.0,g
1226,Äggula rå,"Zink, Zn",Ägg ,3.4,mg
1226,Äggula rå,Vitamin E,Ägg ,16.7,mg
1226,Äggula rå,Vitamin D inkl 25-OH-D3,Ägg ,6.47,µg
1226,Äggula rå,Vitamin D,Ägg ,3.82,µg
1226,Äggula rå,Vitamin C,Ägg ,0.0,mg
1226,Äggula rå,Vitamin B6,Ägg ,0.23,mg
1226,Äggula rå,Vitamin B12,Ägg ,3.88,µg
1226,Äggula rå,Vitamin A,Ägg ,702.5,RE/µg
1226,Äggula rå,Vatten,Ägg ,49.0,g
1226,Äggula rå,Tiamin,Ägg ,0.23,mg
1226,Äggula rå,Tillsatt socker,Ägg ,0.0,g
1226,Äggula rå,Fritt socker,Ägg ,0.0,g
1226,Äggula rå,"Selen, Se",Ägg ,58.6,µg
1226,Äggula rå,Sackaros,Ägg ,0.1,g
1226,Äggula rå,Riboflavin,Ägg ,0.57,mg
1226,Äggula rå,Retinol,Ägg ,702.0,µg
1226,Äggula rå,Protein,Ägg ,15.6,g
1226,Äggula rå,Summa fleromättade fettsyror,Ägg ,4.3,g
1226,Äggula rå,"Fosfor, P",Ägg ,522.0,mg
1226,Äggula rå,Niacinekvivalenter,Ägg ,3.9,NE/mg
1226,Äggula rå,Niacin,Ägg ,0.0,mg
1226,Äggula rå,"Salt, NaCl",Ägg ,0.2,g
1226,Äggula rå,"Natrium, Na",Ägg ,65.0,mg
1226,Äggula rå,Monosackarider,Ägg ,0.3,g
1226,Äggula rå,"Sockerarter, totalt",Ägg ,0.6,g
1226,Äggula rå,Summa enkelomättade fettsyror,Ägg ,11.7,g
1226,Äggula rå,"Magnesium, Mg",Ägg ,14.0,mg
1226,Äggula rå,Summa mättade fettsyror,Ägg ,7.6,g
1226,Äggula rå,"Kolhydrater, tillgängliga",Ägg ,0.6,g
1226,Äggula rå,Kolesterol,Ägg ,992.0,mg
1226,Äggula rå,"Kalium, K",Ägg ,108.0,mg
1226,Äggula rå,"Jod, I",Ägg ,76.0,µg
1226,Äggula rå,Fullkorn totalt,Ägg ,0.0,g
1226,Äggula rå,"Folat, totalt",Ägg ,241.0,µg
1226,Äggula rå,Fibrer,Ägg ,0.0,g
1226,Äggula rå,"Fett, totalt",Ägg ,28.6,g
1226,Äggula rå,"Järn, Fe",Ägg ,3.1,mg
1226,Äggula rå,Energi (kJ),Ägg ,1334.0,kJ
1226,Äggula rå,Energi (kcal),Ägg ,319.0,kcal
1226,Äggula rå,Disackarider,Ägg ,0.3,g
1226,Äggula rå,"Kalcium, Ca",Ägg ,141.0,mg
1226,Äggula rå,Fettsyra 4:0-10:0,Ägg ,0.0,g
1226,Äggula rå,DHA (C22:6),Ägg ,0.3,g
1226,Äggula rå,DPA (C22:5),Ägg ,0.0,g
1226,Äggula rå,EPA (C20:5),Ägg ,0.0,g
1226,Äggula rå,Arakidonsyra C20:4,Ägg ,0.4,g
1226,Äggula rå,Arakidinsyra C20:0,Ägg ,0.0,g
1226,Äggula rå,Linolensyra C18:3,Ägg ,0.3,g
1226,Äggula rå,Linolsyra C18:2,Ägg ,3.2,g
1226,Äggula rå,Oljesyra C18:1,Ägg ,10.9,g
1226,Äggula rå,Stearinsyra C18:0,Ägg ,1.9,g
1226,Äggula rå,Palmitoljesyra C16:1,Ägg ,0.7,g
1226,Äggula rå,Palmitinsyra C16:0,Ägg ,5.5,g
1226,Äggula rå,Myristinsyra C14:0,Ägg ,0.1,g
1226,Äggula rå,Laurinsyra C12:0,Ägg ,0.0,g
1226,Äggula rå,Betakaroten/β-Karoten,Ägg ,0.0,µg
1226,Äggula rå,Avfall (skal etc.),Ägg ,0.0,%
1226,Äggula rå,Aska,Ägg ,2.3,g
1226,Äggula rå,Alkohol,Ägg ,0.0,g
1227,Äggvita rå,"Zink, Zn",Ägg ,0.0,mg
1227,Äggvita rå,Vitamin E,Ägg ,0.0,mg
1227,Äggvita rå,Vitamin D,Ägg ,0.0,µg
1227,Äggvita rå,Vitamin C,Ägg ,0.0,mg
1227,Äggvita rå,Vitamin B6,Ägg ,0.0,mg
1227,Äggvita rå,Vitamin B12,Ägg ,0.1,µg
1227,Äggvita rå,Vitamin A,Ägg ,0.0,RE/µg
1227,Äggvita rå,Vatten,Ägg ,88.3,g
1227,Äggvita rå,Tiamin,Ägg ,0.0,mg
1227,Äggvita rå,Tillsatt socker,Ägg ,0.0,g
1227,Äggvita rå,Fritt socker,Ägg ,0.0,g
1227,Äggvita rå,"Selen, Se",Ägg ,14.0,µg
1227,Äggvita rå,Sackaros,Ägg ,0.0,g
1227,Äggvita rå,Riboflavin,Ägg ,0.3,mg
1227,Äggvita rå,Retinol,Ägg ,0.0,µg
1227,Äggvita rå,Protein,Ägg ,10.8,g
1227,Äggvita rå,Summa fleromättade fettsyror,Ägg ,0.0,g
1227,Äggvita rå,"Fosfor, P",Ägg ,11.0,mg
1227,Äggvita rå,Niacinekvivalenter,Ägg ,3.26,NE/mg
1227,Äggvita rå,Niacin,Ägg ,0.1,mg
1227,Äggvita rå,"Salt, NaCl",Ägg ,0.4,g
1227,Äggvita rå,"Natrium, Na",Ägg ,140.0,mg
1227,Äggvita rå,Monosackarider,Ägg ,0.4,g
1227,Äggvita rå,"Sockerarter, totalt",Ägg ,0.4,g
1227,Äggvita rå,Summa enkelomättade fettsyror,Ägg ,0.0,g
1227,Äggvita rå,"Magnesium, Mg",Ägg ,9.0,mg
1227,Äggvita rå,Summa mättade fettsyror,Ägg ,0.0,g
1227,Äggvita rå,"Kolhydrater, tillgängliga",Ägg ,0.2,g
1227,Äggvita rå,Kolesterol,Ägg ,0.0,mg
1227,Äggvita rå,"Kalium, K",Ägg ,137.0,mg
1227,Äggvita rå,"Jod, I",Ägg ,2.0,µg
1227,Äggvita rå,Fullkorn totalt,Ägg ,0.0,g
1227,Äggvita rå,"Folat, totalt",Ägg ,6.9,µg
1227,Äggvita rå,Fibrer,Ägg ,0.0,g
1227,Äggvita rå,"Fett, totalt",Ägg ,0.0,g
1227,Äggvita rå,"Järn, Fe",Ägg ,0.0,mg
1227,Äggvita rå,Energi (kJ),Ägg ,187.0,kJ
1227,Äggvita rå,Energi (kcal),Ägg ,45.0,kcal
1227,Äggvita rå,Disackarider,Ägg ,0.0,g
1227,Äggvita rå,"Kalcium, Ca",Ägg ,5.0,mg
1227,Äggvita rå,Fettsyra 4:0-10:0,Ägg ,0.0,g
1227,Äggvita rå,DHA (C22:6),Ägg ,0.0,g
1227,Äggvita rå,DPA (C22:5),Ägg ,0.0,g
1227,Äggvita rå,EPA (C20:5),Ägg ,0.0,g
1227,Äggvita rå,Arakidonsyra C20:4,Ägg ,0.0,g
1227,Äggvita rå,Arakidinsyra C20:0,Ägg ,0.0,g
1227,Äggvita rå,Linolensyra C18:3,Ägg ,0.0,g
1227,Äggvita rå,Linolsyra C18:2,Ägg ,0.0,g
1227,Äggvita rå,Oljesyra C18:1,Ägg ,0.0,g
1227,Äggvita rå,Stearinsyra C18:0,Ägg ,0.0,g
1227,Äggvita rå,Palmitoljesyra C16:1,Ägg ,0.0,g
1227,Äggvita rå,Palmitinsyra C16:0,Ägg ,0.0,g
1227,Äggvita rå,Myristinsyra C14:0,Ägg ,0.0,g
1227,Äggvita rå,Laurinsyra C12:0,Ägg ,0.0,g
1227,Äggvita rå,Betakaroten/β-Karoten,Ägg ,0.0,µg
1227,Äggvita rå,Avfall (skal etc.),Ägg ,0.0,%
1227,Äggvita rå,Aska,Ägg ,0.7,g
1227,Äggvita rå,Alkohol,Ägg ,0.0,g
1229,Fransk omelett m. grädde,"Zink, Zn",Äggprodukter o rätter,1.1,mg
1229,Fransk omelett m. grädde,Vitamin E,Äggprodukter o rätter,6.5,mg
1229,Fransk omelett m. grädde,Vitamin D,Äggprodukter o rätter,1.28,µg
1229,Fransk omelett m. grädde,Vitamin C,Äggprodukter o rätter,0.1,mg
1229,Fransk omelett m. grädde,Vitamin B6,Äggprodukter o rätter,0.08,mg
1229,Fransk omelett m. grädde,Vitamin B12,Äggprodukter o rätter,1.23,µg
1229,Fransk omelett m. grädde,Vitamin A,Äggprodukter o rätter,273.8,RE/µg
1229,Fransk omelett m. grädde,Vatten,Äggprodukter o rätter,64.4,g
1229,Fransk omelett m. grädde,Tiamin,Äggprodukter o rätter,0.06,mg
1229,Fransk omelett m. grädde,Tillsatt socker,Äggprodukter o rätter,0.0,g
1229,Fransk omelett m. grädde,Fritt socker,Äggprodukter o rätter,0.0,g
1229,Fransk omelett m. grädde,"Selen, Se",Äggprodukter o rätter,18.7,µg
1229,Fransk omelett m. grädde,Sackaros,Äggprodukter o rätter,0.0,g
1229,Fransk omelett m. grädde,Riboflavin,Äggprodukter o rätter,0.34,mg
1229,Fransk omelett m. grädde,Retinol,Äggprodukter o rätter,258.8,µg
1229,Fransk omelett m. grädde,Protein,Äggprodukter o rätter,10.5,g
1229,Fransk omelett m. grädde,Summa fleromättade fettsyror,Äggprodukter o rätter,3.3,g
1229,Fransk omelett m. grädde,"Fosfor, P",Äggprodukter o rätter,169.0,mg
1229,Fransk omelett m. grädde,Niacinekvivalenter,Äggprodukter o rätter,2.68,NE/mg
1229,Fransk omelett m. grädde,Niacin,Äggprodukter o rätter,0.01,mg
1229,Fransk omelett m. grädde,"Salt, NaCl",Äggprodukter o rätter,1.5,g
1229,Fransk omelett m. grädde,"Natrium, Na",Äggprodukter o rätter,586.0,mg
1229,Fransk omelett m. grädde,Monosackarider,Äggprodukter o rätter,0.3,g
1229,Fransk omelett m. grädde,"Sockerarter, totalt",Äggprodukter o rätter,1.2,g
1229,Fransk omelett m. grädde,Summa enkelomättade fettsyror,Äggprodukter o rätter,8.8,g
1229,Fransk omelett m. grädde,"Magnesium, Mg",Äggprodukter o rätter,12.0,mg
1229,Fransk omelett m. grädde,Summa mättade fettsyror,Äggprodukter o rätter,7.2,g
1229,Fransk omelett m. grädde,"Kolhydrater, tillgängliga",Äggprodukter o rätter,1.2,g
1229,Fransk omelett m. grädde,Kolesterol,Äggprodukter o rätter,296.1,mg
1229,Fransk omelett m. grädde,"Kalium, K",Äggprodukter o rätter,136.0,mg
1229,Fransk omelett m. grädde,"Jod, I",Äggprodukter o rätter,93.4,µg
1229,Fransk omelett m. grädde,Fullkorn totalt,Äggprodukter o rätter,0.0,g
1229,Fransk omelett m. grädde,"Folat, totalt",Äggprodukter o rätter,50.1,µg
1229,Fransk omelett m. grädde,Fibrer,Äggprodukter o rätter,0.0,g
1229,Fransk omelett m. grädde,"Fett, totalt",Äggprodukter o rätter,21.5,g
1229,Fransk omelett m. grädde,"Järn, Fe",Äggprodukter o rätter,1.4,mg
1229,Fransk omelett m. grädde,Energi (kJ),Äggprodukter o rätter,995.0,kJ
1229,Fransk omelett m. grädde,Energi (kcal),Äggprodukter o rätter,237.0,kcal
1229,Fransk omelett m. grädde,Disackarider,Äggprodukter o rätter,0.9,g
1229,Fransk omelett m. grädde,"Kalcium, Ca",Äggprodukter o rätter,66.0,mg
1229,Fransk omelett m. grädde,Fettsyra 4:0-10:0,Äggprodukter o rätter,0.5,g
1229,Fransk omelett m. grädde,DHA (C22:6),Äggprodukter o rätter,0.1,g
1229,Fransk omelett m. grädde,DPA (C22:5),Äggprodukter o rätter,0.0,g
1229,Fransk omelett m. grädde,EPA (C20:5),Äggprodukter o rätter,0.0,g
1229,Fransk omelett m. grädde,Arakidonsyra C20:4,Äggprodukter o rätter,0.1,g
1229,Fransk omelett m. grädde,Arakidinsyra C20:0,Äggprodukter o rätter,0.0,g
1229,Fransk omelett m. grädde,Linolensyra C18:3,Äggprodukter o rätter,0.6,g
1229,Fransk omelett m. grädde,Linolsyra C18:2,Äggprodukter o rätter,2.4,g
1229,Fransk omelett m. grädde,Oljesyra C18:1,Äggprodukter o rätter,8.2,g
1229,Fransk omelett m. grädde,Stearinsyra C18:0,Äggprodukter o rätter,1.4,g
1229,Fransk omelett m. grädde,Palmitoljesyra C16:1,Äggprodukter o rätter,0.4,g
1229,Fransk omelett m. grädde,Palmitinsyra C16:0,Äggprodukter o rätter,4.1,g
1229,Fransk omelett m. grädde,Myristinsyra C14:0,Äggprodukter o rätter,0.8,g
1229,Fransk omelett m. grädde,Laurinsyra C12:0,Äggprodukter o rätter,0.2,g
1229,Fransk omelett m. grädde,Betakaroten/β-Karoten,Äggprodukter o rätter,56.0,µg
1229,Fransk omelett m. grädde,Avfall (skal etc.),Äggprodukter o rätter,9.0,%
1229,Fransk omelett m. grädde,Aska,Äggprodukter o rätter,2.0,g
1229,Fransk omelett m. grädde,Alkohol,Äggprodukter o rätter,0.0,g
1230,Fransk omelett m. vatten,"Zink, Zn",Äggprodukter o rätter,1.1,mg
1230,Fransk omelett m. vatten,Vitamin E,Äggprodukter o rätter,6.4,mg
1230,Fransk omelett m. vatten,Vitamin D,Äggprodukter o rätter,1.29,µg
1230,Fransk omelett m. vatten,Vitamin C,Äggprodukter o rätter,0.0,mg
1230,Fransk omelett m. vatten,Vitamin B6,Äggprodukter o rätter,0.07,mg
1230,Fransk omelett m. vatten,Vitamin B12,Äggprodukter o rätter,1.16,µg
1230,Fransk omelett m. vatten,Vitamin A,Äggprodukter o rätter,213.9,RE/µg
1230,Fransk omelett m. vatten,Vatten,Äggprodukter o rätter,72.4,g
1230,Fransk omelett m. vatten,Tiamin,Äggprodukter o rätter,0.06,mg
1230,Fransk omelett m. vatten,Tillsatt socker,Äggprodukter o rätter,0.0,g
1230,Fransk omelett m. vatten,Fritt socker,Äggprodukter o rätter,0.0,g
1230,Fransk omelett m. vatten,"Selen, Se",Äggprodukter o rätter,18.7,µg
1230,Fransk omelett m. vatten,Sackaros,Äggprodukter o rätter,0.0,g
1230,Fransk omelett m. vatten,Riboflavin,Äggprodukter o rätter,0.32,mg
1230,Fransk omelett m. vatten,Retinol,Äggprodukter o rätter,202.8,µg
1230,Fransk omelett m. vatten,Protein,Äggprodukter o rätter,10.1,g
1230,Fransk omelett m. vatten,Summa fleromättade fettsyror,Äggprodukter o rätter,3.2,g
1230,Fransk omelett m. vatten,"Fosfor, P",Äggprodukter o rätter,153.0,mg
1230,Fransk omelett m. vatten,Niacinekvivalenter,Äggprodukter o rätter,2.57,NE/mg
1230,Fransk omelett m. vatten,Niacin,Äggprodukter o rätter,0.0,mg
1230,Fransk omelett m. vatten,"Salt, NaCl",Äggprodukter o rätter,1.5,g
1230,Fransk omelett m. vatten,"Natrium, Na",Äggprodukter o rätter,590.0,mg
1230,Fransk omelett m. vatten,Monosackarider,Äggprodukter o rätter,0.3,g
1230,Fransk omelett m. vatten,"Sockerarter, totalt",Äggprodukter o rätter,0.3,g
1230,Fransk omelett m. vatten,Summa enkelomättade fettsyror,Äggprodukter o rätter,7.2,g
1230,Fransk omelett m. vatten,"Magnesium, Mg",Äggprodukter o rätter,10.0,mg
1230,Fransk omelett m. vatten,Summa mättade fettsyror,Äggprodukter o rätter,2.8,g
1230,Fransk omelett m. vatten,"Kolhydrater, tillgängliga",Äggprodukter o rätter,0.3,g
1230,Fransk omelett m. vatten,Kolesterol,Äggprodukter o rätter,281.3,mg
1230,Fransk omelett m. vatten,"Kalium, K",Äggprodukter o rätter,109.0,mg
1230,Fransk omelett m. vatten,"Jod, I",Äggprodukter o rätter,92.9,µg
1230,Fransk omelett m. vatten,Fullkorn totalt,Äggprodukter o rätter,0.0,g
1230,Fransk omelett m. vatten,"Folat, totalt",Äggprodukter o rätter,49.7,µg
1230,Fransk omelett m. vatten,Fibrer,Äggprodukter o rätter,0.0,g
1230,Fransk omelett m. vatten,"Fett, totalt",Äggprodukter o rätter,14.8,g
1230,Fransk omelett m. vatten,"Järn, Fe",Äggprodukter o rätter,1.4,mg
1230,Fransk omelett m. vatten,Energi (kJ),Äggprodukter o rätter,727.0,kJ
1230,Fransk omelett m. vatten,Energi (kcal),Äggprodukter o rätter,173.0,kcal
1230,Fransk omelett m. vatten,Disackarider,Äggprodukter o rätter,0.0,g
1230,Fransk omelett m. vatten,"Kalcium, Ca",Äggprodukter o rätter,45.0,mg
1230,Fransk omelett m. vatten,Fettsyra 4:0-10:0,Äggprodukter o rätter,0.0,g
1230,Fransk omelett m. vatten,DHA (C22:6),Äggprodukter o rätter,0.1,g
1230,Fransk omelett m. vatten,DPA (C22:5),Äggprodukter o rätter,0.0,g
1230,Fransk omelett m. vatten,EPA (C20:5),Äggprodukter o rätter,0.0,g
1230,Fransk omelett m. vatten,Arakidonsyra C20:4,Äggprodukter o rätter,0.1,g
1230,Fransk omelett m. vatten,Arakidinsyra C20:0,Äggprodukter o rätter,0.0,g
1230,Fransk omelett m. vatten,Linolensyra C18:3,Äggprodukter o rätter,0.6,g
1230,Fransk omelett m. vatten,Linolsyra C18:2,Äggprodukter o rätter,2.4,g
1230,Fransk omelett m. vatten,Oljesyra C18:1,Äggprodukter o rätter,6.8,g
1230,Fransk omelett m. vatten,Stearinsyra C18:0,Äggprodukter o rätter,0.7,g
1230,Fransk omelett m. vatten,Palmitoljesyra C16:1,Äggprodukter o rätter,0.2,g
1230,Fransk omelett m. vatten,Palmitinsyra C16:0,Äggprodukter o rätter,2.0,g
1230,Fransk omelett m. vatten,Myristinsyra C14:0,Äggprodukter o rätter,0.0,g
1230,Fransk omelett m. vatten,Laurinsyra C12:0,Äggprodukter o rätter,0.0,g
1230,Fransk omelett m. vatten,Betakaroten/β-Karoten,Äggprodukter o rätter,8.0,µg
1230,Fransk omelett m. vatten,Avfall (skal etc.),Äggprodukter o rätter,9.0,%
1230,Fransk omelett m. vatten,Aska,Äggprodukter o rätter,1.8,g
1230,Fransk omelett m. vatten,Alkohol,Äggprodukter o rätter,0.0,g
1231,Sufflé gräddad u. fyllning veg.,"Zink, Zn",Äggprodukter o rätter,1.3,mg
1231,Sufflé gräddad u. fyllning veg.,Vitamin E,Äggprodukter o rätter,2.5,mg
1231,Sufflé gräddad u. fyllning veg.,Vitamin D,Äggprodukter o rätter,0.74,µg
1231,Sufflé gräddad u. fyllning veg.,Vitamin C,Äggprodukter o rätter,0.4,mg
1231,Sufflé gräddad u. fyllning veg.,Vitamin B6,Äggprodukter o rätter,0.06,mg
1231,Sufflé gräddad u. fyllning veg.,Vitamin B12,Äggprodukter o rätter,0.95,µg
1231,Sufflé gräddad u. fyllning veg.,Vitamin A,Äggprodukter o rätter,137.0,RE/µg
1231,Sufflé gräddad u. fyllning veg.,Vatten,Äggprodukter o rätter,69.2,g
1231,Sufflé gräddad u. fyllning veg.,Tiamin,Äggprodukter o rätter,0.04,mg
1231,Sufflé gräddad u. fyllning veg.,Tillsatt socker,Äggprodukter o rätter,0.0,g
1231,Sufflé gräddad u. fyllning veg.,Fritt socker,Äggprodukter o rätter,0.0,g
1231,Sufflé gräddad u. fyllning veg.,"Selen, Se",Äggprodukter o rätter,10.8,µg
1231,Sufflé gräddad u. fyllning veg.,Sackaros,Äggprodukter o rätter,0.0,g
1231,Sufflé gräddad u. fyllning veg.,Riboflavin,Äggprodukter o rätter,0.24,mg
1231,Sufflé gräddad u. fyllning veg.,Retinol,Äggprodukter o rätter,131.4,µg
1231,Sufflé gräddad u. fyllning veg.,Protein,Äggprodukter o rätter,11.2,g
1231,Sufflé gräddad u. fyllning veg.,Summa fleromättade fettsyror,Äggprodukter o rätter,1.3,g
1231,Sufflé gräddad u. fyllning veg.,"Fosfor, P",Äggprodukter o rätter,229.0,mg
1231,Sufflé gräddad u. fyllning veg.,Niacinekvivalenter,Äggprodukter o rätter,2.73,NE/mg
1231,Sufflé gräddad u. fyllning veg.,Niacin,Äggprodukter o rätter,0.09,mg
1231,Sufflé gräddad u. fyllning veg.,"Salt, NaCl",Äggprodukter o rätter,1.0,g
1231,Sufflé gräddad u. fyllning veg.,"Natrium, Na",Äggprodukter o rätter,371.0,mg
1231,Sufflé gräddad u. fyllning veg.,Monosackarider,Äggprodukter o rätter,0.1,g
1231,Sufflé gräddad u. fyllning veg.,"Sockerarter, totalt",Äggprodukter o rätter,2.4,g
1231,Sufflé gräddad u. fyllning veg.,Summa enkelomättade fettsyror,Äggprodukter o rätter,3.9,g
1231,Sufflé gräddad u. fyllning veg.,"Magnesium, Mg",Äggprodukter o rätter,17.0,mg
1231,Sufflé gräddad u. fyllning veg.,Summa mättade fettsyror,Äggprodukter o rätter,5.0,g
1231,Sufflé gräddad u. fyllning veg.,"Kolhydrater, tillgängliga",Äggprodukter o rätter,5.9,g
1231,Sufflé gräddad u. fyllning veg.,Kolesterol,Äggprodukter o rätter,126.4,mg
1231,Sufflé gräddad u. fyllning veg.,"Kalium, K",Äggprodukter o rätter,143.0,mg
1231,Sufflé gräddad u. fyllning veg.,"Jod, I",Äggprodukter o rätter,54.7,µg
1231,Sufflé gräddad u. fyllning veg.,Fullkorn totalt,Äggprodukter o rätter,0.0,g
1231,Sufflé gräddad u. fyllning veg.,"Folat, totalt",Äggprodukter o rätter,24.9,µg
1231,Sufflé gräddad u. fyllning veg.,Fibrer,Äggprodukter o rätter,0.2,g
1231,Sufflé gräddad u. fyllning veg.,"Fett, totalt",Äggprodukter o rätter,11.4,g
1231,Sufflé gräddad u. fyllning veg.,"Järn, Fe",Äggprodukter o rätter,0.6,mg
1231,Sufflé gräddad u. fyllning veg.,Energi (kJ),Äggprodukter o rätter,714.0,kJ
1231,Sufflé gräddad u. fyllning veg.,Energi (kcal),Äggprodukter o rätter,171.0,kcal
1231,Sufflé gräddad u. fyllning veg.,Disackarider,Äggprodukter o rätter,2.3,g
1231,Sufflé gräddad u. fyllning veg.,"Kalcium, Ca",Äggprodukter o rätter,225.0,mg
1231,Sufflé gräddad u. fyllning veg.,Fettsyra 4:0-10:0,Äggprodukter o rätter,0.6,g
1231,Sufflé gräddad u. fyllning veg.,DHA (C22:6),Äggprodukter o rätter,0.0,g
1231,Sufflé gräddad u. fyllning veg.,DPA (C22:5),Äggprodukter o rätter,0.0,g
1231,Sufflé gräddad u. fyllning veg.,EPA (C20:5),Äggprodukter o rätter,0.0,g
1231,Sufflé gräddad u. fyllning veg.,Arakidonsyra C20:4,Äggprodukter o rätter,0.0,g
1231,Sufflé gräddad u. fyllning veg.,Arakidinsyra C20:0,Äggprodukter o rätter,0.0,g
1231,Sufflé gräddad u. fyllning veg.,Linolensyra C18:3,Äggprodukter o rätter,0.2,g
1231,Sufflé gräddad u. fyllning veg.,Linolsyra C18:2,Äggprodukter o rätter,1.0,g
1231,Sufflé gräddad u. fyllning veg.,Oljesyra C18:1,Äggprodukter o rätter,3.6,g
1231,Sufflé gräddad u. fyllning veg.,Stearinsyra C18:0,Äggprodukter o rätter,0.9,g
1231,Sufflé gräddad u. fyllning veg.,Palmitoljesyra C16:1,Äggprodukter o rätter,0.2,g
1231,Sufflé gräddad u. fyllning veg.,Palmitinsyra C16:0,Äggprodukter o rätter,2.5,g
1231,Sufflé gräddad u. fyllning veg.,Myristinsyra C14:0,Äggprodukter o rätter,0.6,g
1231,Sufflé gräddad u. fyllning veg.,Laurinsyra C12:0,Äggprodukter o rätter,0.2,g
1231,Sufflé gräddad u. fyllning veg.,Betakaroten/β-Karoten,Äggprodukter o rätter,29.0,µg
1231,Sufflé gräddad u. fyllning veg.,Avfall (skal etc.),Äggprodukter o rätter,4.0,%
1231,Sufflé gräddad u. fyllning veg.,Aska,Äggprodukter o rätter,2.0,g
1231,Sufflé gräddad u. fyllning veg.,Alkohol,Äggprodukter o rätter,0.0,g
1232,Äggakaka,"Zink, Zn",Äggprodukter o rätter,0.7,mg
1232,Äggakaka,Vitamin E,Äggprodukter o rätter,2.3,mg
1232,Äggakaka,Vitamin D,Äggprodukter o rätter,1.1,µg
1232,Äggakaka,Vitamin C,Äggprodukter o rätter,0.6,mg
1232,Äggakaka,Vitamin B6,Äggprodukter o rätter,0.06,mg
1232,Äggakaka,Vitamin B12,Äggprodukter o rätter,0.69,µg
1232,Äggakaka,Vitamin A,Äggprodukter o rätter,88.6,RE/µg
1232,Äggakaka,Vatten,Äggprodukter o rätter,75.1,g
1232,Äggakaka,Tiamin,Äggprodukter o rätter,0.06,mg
1232,Äggakaka,Tillsatt socker,Äggprodukter o rätter,0.0,g
1232,Äggakaka,Fritt socker,Äggprodukter o rätter,0.0,g
1232,Äggakaka,"Selen, Se",Äggprodukter o rätter,9.0,µg
1232,Äggakaka,Sackaros,Äggprodukter o rätter,0.0,g
1232,Äggakaka,Riboflavin,Äggprodukter o rätter,0.21,mg
1232,Äggakaka,Retinol,Äggprodukter o rätter,84.6,µg
1232,Äggakaka,Protein,Äggprodukter o rätter,6.9,g
1232,Äggakaka,Summa fleromättade fettsyror,Äggprodukter o rätter,1.1,g
1232,Äggakaka,"Fosfor, P",Äggprodukter o rätter,157.0,mg
1232,Äggakaka,Niacinekvivalenter,Äggprodukter o rätter,1.79,NE/mg
1232,Äggakaka,Niacin,Äggprodukter o rätter,0.15,mg
1232,Äggakaka,"Salt, NaCl",Äggprodukter o rätter,0.7,g
1232,Äggakaka,"Natrium, Na",Äggprodukter o rätter,285.0,mg
1232,Äggakaka,Monosackarider,Äggprodukter o rätter,0.1,g
1232,Äggakaka,"Sockerarter, totalt",Äggprodukter o rätter,3.3,g
1232,Äggakaka,Summa enkelomättade fettsyror,Äggprodukter o rätter,2.7,g
1232,Äggakaka,"Magnesium, Mg",Äggprodukter o rätter,13.0,mg
1232,Äggakaka,Summa mättade fettsyror,Äggprodukter o rätter,1.8,g
1232,Äggakaka,"Kolhydrater, tillgängliga",Äggprodukter o rätter,9.9,g
1232,Äggakaka,Kolesterol,Äggprodukter o rätter,110.2,mg
1232,Äggakaka,"Kalium, K",Äggprodukter o rätter,159.0,mg
1232,Äggakaka,"Jod, I",Äggprodukter o rätter,54.6,µg
1232,Äggakaka,Fullkorn totalt,Äggprodukter o rätter,0.0,g
1232,Äggakaka,"Folat, totalt",Äggprodukter o rätter,23.4,µg
1232,Äggakaka,Fibrer,Äggprodukter o rätter,0.3,g
1232,Äggakaka,"Fett, totalt",Äggprodukter o rätter,6.4,g
1232,Äggakaka,"Järn, Fe",Äggprodukter o rätter,0.6,mg
1232,Äggakaka,Energi (kJ),Äggprodukter o rätter,522.0,kJ
1232,Äggakaka,Energi (kcal),Äggprodukter o rätter,125.0,kcal
1232,Äggakaka,Disackarider,Äggprodukter o rätter,3.1,g
1232,Äggakaka,"Kalcium, Ca",Äggprodukter o rätter,98.0,mg
1232,Äggakaka,Fettsyra 4:0-10:0,Äggprodukter o rätter,0.1,g
1232,Äggakaka,DHA (C22:6),Äggprodukter o rätter,0.0,g
1232,Äggakaka,DPA (C22:5),Äggprodukter o rätter,0.0,g
1232,Äggakaka,EPA (C20:5),Äggprodukter o rätter,0.0,g
1232,Äggakaka,Arakidonsyra C20:4,Äggprodukter o rätter,0.0,g
1232,Äggakaka,Arakidinsyra C20:0,Äggprodukter o rätter,0.0,g
1232,Äggakaka,Linolensyra C18:3,Äggprodukter o rätter,0.2,g
1232,Äggakaka,Linolsyra C18:2,Äggprodukter o rätter,0.9,g
1232,Äggakaka,Oljesyra C18:1,Äggprodukter o rätter,2.5,g
1232,Äggakaka,Stearinsyra C18:0,Äggprodukter o rätter,0.4,g
1232,Äggakaka,Palmitoljesyra C16:1,Äggprodukter o rätter,0.1,g
1232,Äggakaka,Palmitinsyra C16:0,Äggprodukter o rätter,1.1,g
1232,Äggakaka,Myristinsyra C14:0,Äggprodukter o rätter,0.1,g
1232,Äggakaka,Laurinsyra C12:0,Äggprodukter o rätter,0.0,g
1232,Äggakaka,Betakaroten/β-Karoten,Äggprodukter o rätter,10.0,µg
1232,Äggakaka,Avfall (skal etc.),Äggprodukter o rätter,3.0,%
1232,Äggakaka,Aska,Äggprodukter o rätter,1.3,g
1232,Äggakaka,Alkohol,Äggprodukter o rätter,0.0,g
1233,Ägg stekt,"Zink, Zn",Ägg ,1.4,mg
1233,Ägg stekt,Vitamin E,Ägg ,6.2,mg
1233,Ägg stekt,Vitamin D inkl 25-OH-D3,Ägg ,2.77,µg
1233,Ägg stekt,Vitamin D,Ägg ,1.34,µg
1233,Ägg stekt,Vitamin C,Ägg ,0.0,mg
1233,Ägg stekt,Vitamin B6,Ägg ,0.1,mg
1233,Ägg stekt,Vitamin B12,Ägg ,1.52,µg
1233,Ägg stekt,Vitamin A,Ägg ,287.1,RE/µg
1233,Ägg stekt,Vatten,Ägg ,69.7,g
1233,Ägg stekt,Tiamin,Ägg ,0.07,mg
1233,Ägg stekt,Tillsatt socker,Ägg ,0.0,g
1233,Ägg stekt,Fritt socker,Ägg ,0.0,g
1233,Ägg stekt,"Selen, Se",Ägg ,24.6,µg
1233,Ägg stekt,Sackaros,Ägg ,0.0,g
1233,Ägg stekt,Riboflavin,Ägg ,0.42,mg
1233,Ägg stekt,Retinol,Ägg ,285.1,µg
1233,Ägg stekt,Protein,Ägg ,13.3,g
1233,Ägg stekt,Summa fleromättade fettsyror,Ägg ,1.8,g
1233,Ägg stekt,"Fosfor, P",Ägg ,201.0,mg
1233,Ägg stekt,Niacinekvivalenter,Ägg ,3.37,NE/mg
1233,Ägg stekt,Niacin,Ägg ,0.0,mg
1233,Ägg stekt,"Salt, NaCl",Ägg ,0.5,g
1233,Ägg stekt,"Natrium, Na",Ägg ,180.0,mg
1233,Ägg stekt,Monosackarider,Ägg ,0.4,g
1233,Ägg stekt,"Sockerarter, totalt",Ägg ,0.5,g
1233,Ägg stekt,Summa enkelomättade fettsyror,Ägg ,5.4,g
1233,Ägg stekt,"Magnesium, Mg",Ägg ,13.0,mg
1233,Ägg stekt,Summa mättade fettsyror,Ägg ,5.8,g
1233,Ägg stekt,"Kolhydrater, tillgängliga",Ägg ,0.5,g
1233,Ägg stekt,Kolesterol,Ägg ,383.3,mg
1233,Ägg stekt,"Kalium, K",Ägg ,143.0,mg
1233,Ägg stekt,"Jod, I",Ägg ,45.9,µg
1233,Ägg stekt,Fullkorn totalt,Ägg ,0.0,g
1233,Ägg stekt,"Folat, totalt",Ägg ,65.3,µg
1233,Ägg stekt,Fibrer,Ägg ,0.0,g
1233,Ägg stekt,"Fett, totalt",Ägg ,15.0,g
1233,Ägg stekt,"Järn, Fe",Ägg ,1.8,mg
1233,Ägg stekt,Energi (kJ),Ägg ,790.0,kJ
1233,Ägg stekt,Energi (kcal),Ägg ,188.0,kcal
1233,Ägg stekt,Disackarider,Ägg ,0.0,g
1233,Ägg stekt,"Kalcium, Ca",Ägg ,57.0,mg
1233,Ägg stekt,Fettsyra 4:0-10:0,Ägg ,0.4,g
1233,Ägg stekt,DHA (C22:6),Ägg ,0.1,g
1233,Ägg stekt,DPA (C22:5),Ägg ,0.0,g
1233,Ägg stekt,EPA (C20:5),Ägg ,0.0,g
1233,Ägg stekt,Arakidonsyra C20:4,Ägg ,0.1,g
1233,Ägg stekt,Arakidinsyra C20:0,Ägg ,0.0,g
1233,Ägg stekt,Linolensyra C18:3,Ägg ,0.1,g
1233,Ägg stekt,Linolsyra C18:2,Ägg ,1.3,g
1233,Ägg stekt,Oljesyra C18:1,Ägg ,4.9,g
1233,Ägg stekt,Stearinsyra C18:0,Ägg ,1.1,g
1233,Ägg stekt,Palmitoljesyra C16:1,Ägg ,0.3,g
1233,Ägg stekt,Palmitinsyra C16:0,Ägg ,3.4,g
1233,Ägg stekt,Myristinsyra C14:0,Ägg ,0.5,g
1233,Ägg stekt,Laurinsyra C12:0,Ägg ,0.2,g
1233,Ägg stekt,Betakaroten/β-Karoten,Ägg ,21.0,µg
1233,Ägg stekt,Avfall (skal etc.),Ägg ,11.0,%
1233,Ägg stekt,Aska,Ägg ,0.9,g
1233,Ägg stekt,Alkohol,Ägg ,0.0,g
1235,Skinklåda m. mjölk ost,"Zink, Zn",Köttprodukter kötträtter,0.8,mg
1235,Skinklåda m. mjölk ost,Vitamin E,Köttprodukter kötträtter,1.1,mg
1235,Skinklåda m. mjölk ost,Vitamin D,Köttprodukter kötträtter,0.36,µg
1235,Skinklåda m. mjölk ost,Vitamin C,Köttprodukter kötträtter,7.4,mg
1235,Skinklåda m. mjölk ost,Vitamin B6,Köttprodukter kötträtter,0.15,mg
1235,Skinklåda m. mjölk ost,Vitamin B12,Köttprodukter kötträtter,0.41,µg
1235,Skinklåda m. mjölk ost,Vitamin A,Köttprodukter kötträtter,62.5,RE/µg
1235,Skinklåda m. mjölk ost,Vatten,Köttprodukter kötträtter,78.9,g
1235,Skinklåda m. mjölk ost,Tiamin,Köttprodukter kötträtter,0.14,mg
1235,Skinklåda m. mjölk ost,Tillsatt socker,Köttprodukter kötträtter,0.0,g
1235,Skinklåda m. mjölk ost,Fritt socker,Köttprodukter kötträtter,0.0,g
1235,Skinklåda m. mjölk ost,"Selen, Se",Köttprodukter kötträtter,5.6,µg
1235,Skinklåda m. mjölk ost,Sackaros,Köttprodukter kötträtter,0.1,g
1235,Skinklåda m. mjölk ost,Riboflavin,Köttprodukter kötträtter,0.14,mg
1235,Skinklåda m. mjölk ost,Retinol,Köttprodukter kötträtter,47.6,µg
1235,Skinklåda m. mjölk ost,Protein,Köttprodukter kötträtter,7.3,g
1235,Skinklåda m. mjölk ost,Summa fleromättade fettsyror,Köttprodukter kötträtter,0.3,g
1235,Skinklåda m. mjölk ost,"Fosfor, P",Köttprodukter kötträtter,154.0,mg
1235,Skinklåda m. mjölk ost,Niacinekvivalenter,Köttprodukter kötträtter,3.13,NE/mg
1235,Skinklåda m. mjölk ost,Niacin,Köttprodukter kötträtter,1.59,mg
1235,Skinklåda m. mjölk ost,"Salt, NaCl",Köttprodukter kötträtter,0.9,g
1235,Skinklåda m. mjölk ost,"Natrium, Na",Köttprodukter kötträtter,348.0,mg
1235,Skinklåda m. mjölk ost,Monosackarider,Köttprodukter kötträtter,1.3,g
1235,Skinklåda m. mjölk ost,"Sockerarter, totalt",Köttprodukter kötträtter,2.7,g
1235,Skinklåda m. mjölk ost,Summa enkelomättade fettsyror,Köttprodukter kötträtter,1.1,g
1235,Skinklåda m. mjölk ost,"Magnesium, Mg",Köttprodukter kötträtter,18.0,mg
1235,Skinklåda m. mjölk ost,Summa mättade fettsyror,Köttprodukter kötträtter,1.7,g
1235,Skinklåda m. mjölk ost,"Kolhydrater, tillgängliga",Köttprodukter kötträtter,7.2,g
1235,Skinklåda m. mjölk ost,Kolesterol,Köttprodukter kötträtter,57.7,mg
1235,Skinklåda m. mjölk ost,"Kalium, K",Köttprodukter kötträtter,270.0,mg
1235,Skinklåda m. mjölk ost,"Jod, I",Köttprodukter kötträtter,24.5,µg
1235,Skinklåda m. mjölk ost,Fullkorn totalt,Köttprodukter kötträtter,0.0,g
1235,Skinklåda m. mjölk ost,"Folat, totalt",Köttprodukter kötträtter,22.5,µg
1235,Skinklåda m. mjölk ost,Fibrer,Köttprodukter kötträtter,1.2,g
1235,Skinklåda m. mjölk ost,"Fett, totalt",Köttprodukter kötträtter,3.6,g
1235,Skinklåda m. mjölk ost,"Järn, Fe",Köttprodukter kötträtter,0.6,mg
1235,Skinklåda m. mjölk ost,Energi (kJ),Köttprodukter kötträtter,389.0,kJ
1235,Skinklåda m. mjölk ost,Energi (kcal),Köttprodukter kötträtter,93.0,kcal
1235,Skinklåda m. mjölk ost,Disackarider,Köttprodukter kötträtter,1.4,g
1235,Skinklåda m. mjölk ost,"Kalcium, Ca",Köttprodukter kötträtter,92.0,mg
1235,Skinklåda m. mjölk ost,Fettsyra 4:0-10:0,Köttprodukter kötträtter,0.2,g
1235,Skinklåda m. mjölk ost,DHA (C22:6),Köttprodukter kötträtter,0.0,g
1235,Skinklåda m. mjölk ost,DPA (C22:5),Köttprodukter kötträtter,0.0,g
1235,Skinklåda m. mjölk ost,EPA (C20:5),Köttprodukter kötträtter,0.0,g
1235,Skinklåda m. mjölk ost,Arakidonsyra C20:4,Köttprodukter kötträtter,0.0,g
1235,Skinklåda m. mjölk ost,Arakidinsyra C20:0,Köttprodukter kötträtter,0.0,g
1235,Skinklåda m. mjölk ost,Linolensyra C18:3,Köttprodukter kötträtter,0.0,g
1235,Skinklåda m. mjölk ost,Linolsyra C18:2,Köttprodukter kötträtter,0.2,g
1235,Skinklåda m. mjölk ost,Oljesyra C18:1,Köttprodukter kötträtter,1.0,g
1235,Skinklåda m. mjölk ost,Stearinsyra C18:0,Köttprodukter kötträtter,0.3,g
1235,Skinklåda m. mjölk ost,Palmitoljesyra C16:1,Köttprodukter kötträtter,0.1,g
1235,Skinklåda m. mjölk ost,Palmitinsyra C16:0,Köttprodukter kötträtter,0.9,g
1235,Skinklåda m. mjölk ost,Myristinsyra C14:0,Köttprodukter kötträtter,0.2,g
1235,Skinklåda m. mjölk ost,Laurinsyra C12:0,Köttprodukter kötträtter,0.1,g
1235,Skinklåda m. mjölk ost,Betakaroten/β-Karoten,Köttprodukter kötträtter,178.0,µg
1235,Skinklåda m. mjölk ost,Avfall (skal etc.),Köttprodukter kötträtter,2.0,%
1235,Skinklåda m. mjölk ost,Aska,Köttprodukter kötträtter,1.7,g
1235,Skinklåda m. mjölk ost,Alkohol,Köttprodukter kötträtter,0.0,g
1236,Torsksufflé,"Zink, Zn",Fisk o skaldjursprodukter o rätter,0.9,mg
1236,Torsksufflé,Vitamin E,Fisk o skaldjursprodukter o rätter,1.7,mg
1236,Torsksufflé,Vitamin D,Fisk o skaldjursprodukter o rätter,1.68,µg
1236,Torsksufflé,Vitamin C,Fisk o skaldjursprodukter o rätter,0.3,mg
1236,Torsksufflé,Vitamin B6,Fisk o skaldjursprodukter o rätter,0.08,mg
1236,Torsksufflé,Vitamin B12,Fisk o skaldjursprodukter o rätter,0.92,µg
1236,Torsksufflé,Vitamin A,Fisk o skaldjursprodukter o rätter,54.7,RE/µg
1236,Torsksufflé,Vatten,Fisk o skaldjursprodukter o rätter,70.1,g
1236,Torsksufflé,Tiamin,Fisk o skaldjursprodukter o rätter,0.06,mg
1236,Torsksufflé,Tillsatt socker,Fisk o skaldjursprodukter o rätter,0.0,g
1236,Torsksufflé,Fritt socker,Fisk o skaldjursprodukter o rätter,0.0,g
1236,Torsksufflé,"Selen, Se",Fisk o skaldjursprodukter o rätter,29.7,µg
1236,Torsksufflé,Sackaros,Fisk o skaldjursprodukter o rätter,0.0,g
1236,Torsksufflé,Riboflavin,Fisk o skaldjursprodukter o rätter,0.15,mg
1236,Torsksufflé,Retinol,Fisk o skaldjursprodukter o rätter,54.3,µg
1236,Torsksufflé,Protein,Fisk o skaldjursprodukter o rätter,20.2,g
1236,Torsksufflé,Summa fleromättade fettsyror,Fisk o skaldjursprodukter o rätter,0.5,g
1236,Torsksufflé,"Fosfor, P",Fisk o skaldjursprodukter o rätter,289.0,mg
1236,Torsksufflé,Niacinekvivalenter,Fisk o skaldjursprodukter o rätter,5.94,NE/mg
1236,Torsksufflé,Niacin,Fisk o skaldjursprodukter o rätter,1.98,mg
1236,Torsksufflé,"Salt, NaCl",Fisk o skaldjursprodukter o rätter,1.3,g
1236,Torsksufflé,"Natrium, Na",Fisk o skaldjursprodukter o rätter,496.0,mg
1236,Torsksufflé,Monosackarider,Fisk o skaldjursprodukter o rätter,0.1,g
1236,Torsksufflé,"Sockerarter, totalt",Fisk o skaldjursprodukter o rätter,2.0,g
1236,Torsksufflé,Summa enkelomättade fettsyror,Fisk o skaldjursprodukter o rätter,1.0,g
1236,Torsksufflé,"Magnesium, Mg",Fisk o skaldjursprodukter o rätter,32.0,mg
1236,Torsksufflé,Summa mättade fettsyror,Fisk o skaldjursprodukter o rätter,1.1,g
1236,Torsksufflé,"Kolhydrater, tillgängliga",Fisk o skaldjursprodukter o rätter,4.5,g
1236,Torsksufflé,Kolesterol,Fisk o skaldjursprodukter o rätter,113.4,mg
1236,Torsksufflé,"Kalium, K",Fisk o skaldjursprodukter o rätter,309.0,mg
1236,Torsksufflé,"Jod, I",Fisk o skaldjursprodukter o rätter,227.0,µg
1236,Torsksufflé,Fullkorn totalt,Fisk o skaldjursprodukter o rätter,0.0,g
1236,Torsksufflé,"Folat, totalt",Fisk o skaldjursprodukter o rätter,23.2,µg
1236,Torsksufflé,Fibrer,Fisk o skaldjursprodukter o rätter,0.1,g
1236,Torsksufflé,"Fett, totalt",Fisk o skaldjursprodukter o rätter,3.2,g
1236,Torsksufflé,"Järn, Fe",Fisk o skaldjursprodukter o rätter,0.5,mg
1236,Torsksufflé,Energi (kJ),Fisk o skaldjursprodukter o rätter,539.0,kJ
1236,Torsksufflé,Energi (kcal),Fisk o skaldjursprodukter o rätter,128.0,kcal
1236,Torsksufflé,Disackarider,Fisk o skaldjursprodukter o rätter,1.9,g
1236,Torsksufflé,"Kalcium, Ca",Fisk o skaldjursprodukter o rätter,73.0,mg
1236,Torsksufflé,Fettsyra 4:0-10:0,Fisk o skaldjursprodukter o rätter,0.1,g
1236,Torsksufflé,DHA (C22:6),Fisk o skaldjursprodukter o rätter,0.2,g
1236,Torsksufflé,DPA (C22:5),Fisk o skaldjursprodukter o rätter,0.0,g
1236,Torsksufflé,EPA (C20:5),Fisk o skaldjursprodukter o rätter,0.0,g
1236,Torsksufflé,Arakidonsyra C20:4,Fisk o skaldjursprodukter o rätter,0.0,g
1236,Torsksufflé,Arakidinsyra C20:0,Fisk o skaldjursprodukter o rätter,0.0,g
1236,Torsksufflé,Linolensyra C18:3,Fisk o skaldjursprodukter o rätter,0.0,g
1236,Torsksufflé,Linolsyra C18:2,Fisk o skaldjursprodukter o rätter,0.3,g
1236,Torsksufflé,Oljesyra C18:1,Fisk o skaldjursprodukter o rätter,0.9,g
1236,Torsksufflé,Stearinsyra C18:0,Fisk o skaldjursprodukter o rätter,0.2,g
1236,Torsksufflé,Palmitoljesyra C16:1,Fisk o skaldjursprodukter o rätter,0.1,g
1236,Torsksufflé,Palmitinsyra C16:0,Fisk o skaldjursprodukter o rätter,0.6,g
1236,Torsksufflé,Myristinsyra C14:0,Fisk o skaldjursprodukter o rätter,0.1,g
1236,Torsksufflé,Laurinsyra C12:0,Fisk o skaldjursprodukter o rätter,0.0,g
1236,Torsksufflé,Betakaroten/β-Karoten,Fisk o skaldjursprodukter o rätter,4.0,µg
1236,Torsksufflé,Avfall (skal etc.),Fisk o skaldjursprodukter o rätter,17.0,%
1236,Torsksufflé,Aska,Fisk o skaldjursprodukter o rätter,2.5,g
1236,Torsksufflé,Alkohol,Fisk o skaldjursprodukter o rätter,0.0,g
1237,Kolja rå,"Zink, Zn",Fisk färsk fryst kokt,0.3,mg
1237,Kolja rå,Vitamin E,Fisk färsk fryst kokt,0.4,mg
1237,Kolja rå,Vitamin D,Fisk färsk fryst kokt,1.48,µg
1237,Kolja rå,Vitamin C,Fisk färsk fryst kokt,0.0,mg
1237,Kolja rå,Vitamin B6,Fisk färsk fryst kokt,0.34,mg
1237,Kolja rå,Vitamin B12,Fisk färsk fryst kokt,1.73,µg
1237,Kolja rå,Vitamin A,Fisk färsk fryst kokt,0.0,RE/µg
1237,Kolja rå,Vatten,Fisk färsk fryst kokt,79.8,g
1237,Kolja rå,Tiamin,Fisk färsk fryst kokt,0.05,mg
1237,Kolja rå,Tillsatt socker,Fisk färsk fryst kokt,0.0,g
1237,Kolja rå,Fritt socker,Fisk färsk fryst kokt,0.0,g
1237,Kolja rå,"Selen, Se",Fisk färsk fryst kokt,29.8,µg
1237,Kolja rå,Sackaros,Fisk färsk fryst kokt,0.0,g
1237,Kolja rå,Riboflavin,Fisk färsk fryst kokt,0.04,mg
1237,Kolja rå,Retinol,Fisk färsk fryst kokt,0.0,µg
1237,Kolja rå,Protein,Fisk färsk fryst kokt,19.4,g
1237,Kolja rå,Summa fleromättade fettsyror,Fisk färsk fryst kokt,0.0,g
1237,Kolja rå,"Fosfor, P",Fisk färsk fryst kokt,199.0,mg
1237,Kolja rå,Niacinekvivalenter,Fisk färsk fryst kokt,8.3,NE/mg
1237,Kolja rå,Niacin,Fisk färsk fryst kokt,5.04,mg
1237,Kolja rå,"Salt, NaCl",Fisk färsk fryst kokt,0.1,g
1237,Kolja rå,"Natrium, Na",Fisk färsk fryst kokt,46.0,mg
1237,Kolja rå,Monosackarider,Fisk färsk fryst kokt,0.0,g
1237,Kolja rå,"Sockerarter, totalt",Fisk färsk fryst kokt,0.0,g
1237,Kolja rå,Summa enkelomättade fettsyror,Fisk färsk fryst kokt,0.0,g
1237,Kolja rå,"Magnesium, Mg",Fisk färsk fryst kokt,26.0,mg
1237,Kolja rå,Summa mättade fettsyror,Fisk färsk fryst kokt,0.0,g
1237,Kolja rå,"Kolhydrater, tillgängliga",Fisk färsk fryst kokt,0.0,g
1237,Kolja rå,Kolesterol,Fisk färsk fryst kokt,60.5,mg
1237,Kolja rå,"Kalium, K",Fisk färsk fryst kokt,523.0,mg
1237,Kolja rå,"Jod, I",Fisk färsk fryst kokt,112.0,µg
1237,Kolja rå,Fullkorn totalt,Fisk färsk fryst kokt,0.0,g
1237,Kolja rå,"Folat, totalt",Fisk färsk fryst kokt,11.5,µg
1237,Kolja rå,Fibrer,Fisk färsk fryst kokt,0.0,g
1237,Kolja rå,"Fett, totalt",Fisk färsk fryst kokt,0.0,g
1237,Kolja rå,"Järn, Fe",Fisk färsk fryst kokt,0.1,mg
1237,Kolja rå,Energi (kJ),Fisk färsk fryst kokt,329.0,kJ
1237,Kolja rå,Energi (kcal),Fisk färsk fryst kokt,79.0,kcal
1237,Kolja rå,Disackarider,Fisk färsk fryst kokt,0.0,g
1237,Kolja rå,"Kalcium, Ca",Fisk färsk fryst kokt,7.0,mg
1237,Kolja rå,Fettsyra 4:0-10:0,Fisk färsk fryst kokt,0.0,g
1237,Kolja rå,DHA (C22:6),Fisk färsk fryst kokt,0.0,g
1237,Kolja rå,DPA (C22:5),Fisk färsk fryst kokt,0.0,g
1237,Kolja rå,EPA (C20:5),Fisk färsk fryst kokt,0.0,g
1237,Kolja rå,Arakidonsyra C20:4,Fisk färsk fryst kokt,0.0,g
1237,Kolja rå,Arakidinsyra C20:0,Fisk färsk fryst kokt,0.0,g
1237,Kolja rå,Linolensyra C18:3,Fisk färsk fryst kokt,0.0,g
1237,Kolja rå,Linolsyra C18:2,Fisk färsk fryst kokt,0.0,g
1237,Kolja rå,Oljesyra C18:1,Fisk färsk fryst kokt,0.0,g
1237,Kolja rå,Stearinsyra C18:0,Fisk färsk fryst kokt,0.0,g
1237,Kolja rå,Palmitoljesyra C16:1,Fisk färsk fryst kokt,0.0,g
1237,Kolja rå,Palmitinsyra C16:0,Fisk färsk fryst kokt,0.0,g
1237,Kolja rå,Myristinsyra C14:0,Fisk färsk fryst kokt,0.0,g
1237,Kolja rå,Laurinsyra C12:0,Fisk färsk fryst kokt,0.0,g
1237,Kolja rå,Betakaroten/β-Karoten,Fisk färsk fryst kokt,0.0,µg
1237,Kolja rå,Avfall (skal etc.),Fisk färsk fryst kokt,52.0,%
1237,Kolja rå,Aska,Fisk färsk fryst kokt,1.1,g
1237,Kolja rå,Alkohol,Fisk färsk fryst kokt,0.0,g
1238,Kummel rå,"Zink, Zn",Fisk färsk fryst kokt,0.3,mg
1238,Kummel rå,Vitamin E,Fisk färsk fryst kokt,0.4,mg
1238,Kummel rå,Vitamin D,Fisk färsk fryst kokt,0.7,µg
1238,Kummel rå,Vitamin C,Fisk färsk fryst kokt,0.0,mg
1238,Kummel rå,Vitamin B6,Fisk färsk fryst kokt,0.18,mg
1238,Kummel rå,Vitamin B12,Fisk färsk fryst kokt,1.3,µg
1238,Kummel rå,Vitamin A,Fisk färsk fryst kokt,10.0,RE/µg
1238,Kummel rå,Vatten,Fisk färsk fryst kokt,81.8,g
1238,Kummel rå,Tiamin,Fisk färsk fryst kokt,0.1,mg
1238,Kummel rå,Tillsatt socker,Fisk färsk fryst kokt,0.0,g
1238,Kummel rå,Fritt socker,Fisk färsk fryst kokt,0.0,g
1238,Kummel rå,"Selen, Se",Fisk färsk fryst kokt,20.0,µg
1238,Kummel rå,Sackaros,Fisk färsk fryst kokt,0.0,g
1238,Kummel rå,Riboflavin,Fisk färsk fryst kokt,0.2,mg
1238,Kummel rå,Retinol,Fisk färsk fryst kokt,10.0,µg
1238,Kummel rå,Protein,Fisk färsk fryst kokt,16.5,g
1238,Kummel rå,Summa fleromättade fettsyror,Fisk färsk fryst kokt,0.1,g
1238,Kummel rå,"Fosfor, P",Fisk färsk fryst kokt,142.0,mg
1238,Kummel rå,Niacinekvivalenter,Fisk färsk fryst kokt,6.03,NE/mg
1238,Kummel rå,Niacin,Fisk färsk fryst kokt,3.0,mg
1238,Kummel rå,"Salt, NaCl",Fisk färsk fryst kokt,0.2,g
1238,Kummel rå,"Natrium, Na",Fisk färsk fryst kokt,74.0,mg
1238,Kummel rå,Monosackarider,Fisk färsk fryst kokt,0.0,g
1238,Kummel rå,"Sockerarter, totalt",Fisk färsk fryst kokt,0.0,g
1238,Kummel rå,Summa enkelomättade fettsyror,Fisk färsk fryst kokt,0.1,g
1238,Kummel rå,"Magnesium, Mg",Fisk färsk fryst kokt,24.0,mg
1238,Kummel rå,Summa mättade fettsyror,Fisk färsk fryst kokt,0.1,g
1238,Kummel rå,"Kolhydrater, tillgängliga",Fisk färsk fryst kokt,0.0,g
1238,Kummel rå,Kolesterol,Fisk färsk fryst kokt,50.0,mg
1238,Kummel rå,"Kalium, K",Fisk färsk fryst kokt,365.0,mg
1238,Kummel rå,"Jod, I",Fisk färsk fryst kokt,120.0,µg
1238,Kummel rå,Fullkorn totalt,Fisk färsk fryst kokt,0.0,g
1238,Kummel rå,"Folat, totalt",Fisk färsk fryst kokt,12.0,µg
1238,Kummel rå,Fibrer,Fisk färsk fryst kokt,0.0,g
1238,Kummel rå,"Fett, totalt",Fisk färsk fryst kokt,0.4,g
1238,Kummel rå,"Järn, Fe",Fisk färsk fryst kokt,0.5,mg
1238,Kummel rå,Energi (kJ),Fisk färsk fryst kokt,295.0,kJ
1238,Kummel rå,Energi (kcal),Fisk färsk fryst kokt,71.0,kcal
1238,Kummel rå,Disackarider,Fisk färsk fryst kokt,0.0,g
1238,Kummel rå,"Kalcium, Ca",Fisk färsk fryst kokt,41.0,mg
1238,Kummel rå,Fettsyra 4:0-10:0,Fisk färsk fryst kokt,0.0,g
1238,Kummel rå,DHA (C22:6),Fisk färsk fryst kokt,0.1,g
1238,Kummel rå,DPA (C22:5),Fisk färsk fryst kokt,0.0,g
1238,Kummel rå,EPA (C20:5),Fisk färsk fryst kokt,0.0,g
1238,Kummel rå,Arakidonsyra C20:4,Fisk färsk fryst kokt,0.0,g
1238,Kummel rå,Arakidinsyra C20:0,Fisk färsk fryst kokt,0.0,g
1238,Kummel rå,Linolensyra C18:3,Fisk färsk fryst kokt,0.0,g
1238,Kummel rå,Linolsyra C18:2,Fisk färsk fryst kokt,0.0,g
1238,Kummel rå,Oljesyra C18:1,Fisk färsk fryst kokt,0.1,g
1238,Kummel rå,Stearinsyra C18:0,Fisk färsk fryst kokt,0.0,g
1238,Kummel rå,Palmitoljesyra C16:1,Fisk färsk fryst kokt,0.0,g
1238,Kummel rå,Palmitinsyra C16:0,Fisk färsk fryst kokt,0.1,g
1238,Kummel rå,Myristinsyra C14:0,Fisk färsk fryst kokt,0.0,g
1238,Kummel rå,Laurinsyra C12:0,Fisk färsk fryst kokt,0.0,g
1238,Kummel rå,Betakaroten/β-Karoten,Fisk färsk fryst kokt,0.0,µg
1238,Kummel rå,Avfall (skal etc.),Fisk färsk fryst kokt,57.0,%
1238,Kummel rå,Aska,Fisk färsk fryst kokt,1.3,g
1238,Kummel rå,Alkohol,Fisk färsk fryst kokt,0.0,g
1240,Siklöja rå,"Zink, Zn",Fisk färsk fryst kokt,4.0,mg
1240,Siklöja rå,Vitamin E,Fisk färsk fryst kokt,1.5,mg
1240,Siklöja rå,Vitamin D,Fisk färsk fryst kokt,4.0,µg
1240,Siklöja rå,Vitamin C,Fisk färsk fryst kokt,0.0,mg
1240,Siklöja rå,Vitamin B6,Fisk färsk fryst kokt,0.12,mg
1240,Siklöja rå,Vitamin B12,Fisk färsk fryst kokt,4.0,µg
1240,Siklöja rå,Vitamin A,Fisk färsk fryst kokt,8.0,RE/µg
1240,Siklöja rå,Vatten,Fisk färsk fryst kokt,73.2,g
1240,Siklöja rå,Tiamin,Fisk färsk fryst kokt,0.07,mg
1240,Siklöja rå,Tillsatt socker,Fisk färsk fryst kokt,0.0,g
1240,Siklöja rå,Fritt socker,Fisk färsk fryst kokt,0.0,g
1240,Siklöja rå,"Selen, Se",Fisk färsk fryst kokt,26.0,µg
1240,Siklöja rå,Sackaros,Fisk färsk fryst kokt,0.0,g
1240,Siklöja rå,Riboflavin,Fisk färsk fryst kokt,0.07,mg
1240,Siklöja rå,Retinol,Fisk färsk fryst kokt,8.0,µg
1240,Siklöja rå,Protein,Fisk färsk fryst kokt,19.0,g
1240,Siklöja rå,Summa fleromättade fettsyror,Fisk färsk fryst kokt,2.5,g
1240,Siklöja rå,"Fosfor, P",Fisk färsk fryst kokt,265.0,mg
1240,Siklöja rå,Niacinekvivalenter,Fisk färsk fryst kokt,7.48,NE/mg
1240,Siklöja rå,Niacin,Fisk färsk fryst kokt,4.0,mg
1240,Siklöja rå,"Salt, NaCl",Fisk färsk fryst kokt,0.1,g
1240,Siklöja rå,"Natrium, Na",Fisk färsk fryst kokt,56.0,mg
1240,Siklöja rå,Monosackarider,Fisk färsk fryst kokt,0.0,g
1240,Siklöja rå,"Sockerarter, totalt",Fisk färsk fryst kokt,0.0,g
1240,Siklöja rå,Summa enkelomättade fettsyror,Fisk färsk fryst kokt,1.5,g
1240,Siklöja rå,"Magnesium, Mg",Fisk färsk fryst kokt,25.0,mg
1240,Siklöja rå,Summa mättade fettsyror,Fisk färsk fryst kokt,1.8,g
1240,Siklöja rå,"Kolhydrater, tillgängliga",Fisk färsk fryst kokt,0.0,g
1240,Siklöja rå,Kolesterol,Fisk färsk fryst kokt,50.0,mg
1240,Siklöja rå,"Kalium, K",Fisk färsk fryst kokt,330.0,mg
1240,Siklöja rå,"Jod, I",Fisk färsk fryst kokt,25.9,µg
1240,Siklöja rå,Fullkorn totalt,Fisk färsk fryst kokt,0.0,g
1240,Siklöja rå,"Folat, totalt",Fisk färsk fryst kokt,9.0,µg
1240,Siklöja rå,Fibrer,Fisk färsk fryst kokt,0.0,g
1240,Siklöja rå,"Fett, totalt",Fisk färsk fryst kokt,6.5,g
1240,Siklöja rå,"Järn, Fe",Fisk färsk fryst kokt,0.9,mg
1240,Siklöja rå,Energi (kJ),Fisk färsk fryst kokt,564.0,kJ
1240,Siklöja rå,Energi (kcal),Fisk färsk fryst kokt,135.0,kcal
1240,Siklöja rå,Disackarider,Fisk färsk fryst kokt,0.0,g
1240,Siklöja rå,"Kalcium, Ca",Fisk färsk fryst kokt,89.0,mg
1240,Siklöja rå,Fettsyra 4:0-10:0,Fisk färsk fryst kokt,0.0,g
1240,Siklöja rå,DHA (C22:6),Fisk färsk fryst kokt,0.7,g
1240,Siklöja rå,DPA (C22:5),Fisk färsk fryst kokt,0.1,g
1240,Siklöja rå,EPA (C20:5),Fisk färsk fryst kokt,0.5,g
1240,Siklöja rå,Arakidonsyra C20:4,Fisk färsk fryst kokt,0.2,g
1240,Siklöja rå,Arakidinsyra C20:0,Fisk färsk fryst kokt,0.0,g
1240,Siklöja rå,Linolensyra C18:3,Fisk färsk fryst kokt,0.4,g
1240,Siklöja rå,Linolsyra C18:2,Fisk färsk fryst kokt,0.2,g
1240,Siklöja rå,Oljesyra C18:1,Fisk färsk fryst kokt,0.9,g
1240,Siklöja rå,Stearinsyra C18:0,Fisk färsk fryst kokt,0.2,g
1240,Siklöja rå,Palmitoljesyra C16:1,Fisk färsk fryst kokt,0.5,g
1240,Siklöja rå,Palmitinsyra C16:0,Fisk färsk fryst kokt,1.3,g
1240,Siklöja rå,Myristinsyra C14:0,Fisk färsk fryst kokt,0.3,g
1240,Siklöja rå,Laurinsyra C12:0,Fisk färsk fryst kokt,0.0,g
1240,Siklöja rå,Betakaroten/β-Karoten,Fisk färsk fryst kokt,0.0,µg
1240,Siklöja rå,Avfall (skal etc.),Fisk färsk fryst kokt,31.0,%
1240,Siklöja rå,Aska,Fisk färsk fryst kokt,1.3,g
1240,Siklöja rå,Alkohol,Fisk färsk fryst kokt,0.0,g
1241,Sill rå,"Zink, Zn",Fisk färsk fryst kokt,1.4,mg
1241,Sill rå,Vitamin E,Fisk färsk fryst kokt,0.7,mg
1241,Sill rå,Vitamin D inkl 25-OH-D3,Fisk färsk fryst kokt,5.78,µg
1241,Sill rå,Vitamin D,Fisk färsk fryst kokt,5.78,µg
1241,Sill rå,Vitamin C,Fisk färsk fryst kokt,0.0,mg
1241,Sill rå,Vitamin B6,Fisk färsk fryst kokt,0.3,mg
1241,Sill rå,Vitamin B12,Fisk färsk fryst kokt,8.78,µg
1241,Sill rå,Vitamin A,Fisk färsk fryst kokt,6.4,RE/µg
1241,Sill rå,Vatten,Fisk färsk fryst kokt,71.2,g
1241,Sill rå,Tiamin,Fisk färsk fryst kokt,0.0,mg
1241,Sill rå,Tillsatt socker,Fisk färsk fryst kokt,0.0,g
1241,Sill rå,Fritt socker,Fisk färsk fryst kokt,0.0,g
1241,Sill rå,"Selen, Se",Fisk färsk fryst kokt,25.2,µg
1241,Sill rå,Sackaros,Fisk färsk fryst kokt,0.0,g
1241,Sill rå,Riboflavin,Fisk färsk fryst kokt,0.21,mg
1241,Sill rå,Retinol,Fisk färsk fryst kokt,6.4,µg
1241,Sill rå,Protein,Fisk färsk fryst kokt,16.7,g
1241,Sill rå,Summa fleromättade fettsyror,Fisk färsk fryst kokt,2.3,g
1241,Sill rå,"Fosfor, P",Fisk färsk fryst kokt,276.0,mg
1241,Sill rå,Niacinekvivalenter,Fisk färsk fryst kokt,8.0,NE/mg
1241,Sill rå,Niacin,Fisk färsk fryst kokt,4.96,mg
1241,Sill rå,"Salt, NaCl",Fisk färsk fryst kokt,0.5,g
1241,Sill rå,"Natrium, Na",Fisk färsk fryst kokt,198.0,mg
1241,Sill rå,Monosackarider,Fisk färsk fryst kokt,0.0,g
1241,Sill rå,"Sockerarter, totalt",Fisk färsk fryst kokt,0.0,g
1241,Sill rå,Summa enkelomättade fettsyror,Fisk färsk fryst kokt,3.7,g
1241,Sill rå,"Magnesium, Mg",Fisk färsk fryst kokt,36.0,mg
1241,Sill rå,Summa mättade fettsyror,Fisk färsk fryst kokt,2.0,g
1241,Sill rå,"Kolhydrater, tillgängliga",Fisk färsk fryst kokt,0.0,g
1241,Sill rå,Kolesterol,Fisk färsk fryst kokt,57.0,mg
1241,Sill rå,"Kalium, K",Fisk färsk fryst kokt,334.0,mg
1241,Sill rå,"Jod, I",Fisk färsk fryst kokt,41.5,µg
1241,Sill rå,Fullkorn totalt,Fisk färsk fryst kokt,0.0,g
1241,Sill rå,"Folat, totalt",Fisk färsk fryst kokt,11.0,µg
1241,Sill rå,Fibrer,Fisk färsk fryst kokt,0.0,g
1241,Sill rå,"Fett, totalt",Fisk färsk fryst kokt,9.0,g
1241,Sill rå,"Järn, Fe",Fisk färsk fryst kokt,0.6,mg
1241,Sill rå,Energi (kJ),Fisk färsk fryst kokt,617.0,kJ
1241,Sill rå,Energi (kcal),Fisk färsk fryst kokt,148.0,kcal
1241,Sill rå,Disackarider,Fisk färsk fryst kokt,0.0,g
1241,Sill rå,"Kalcium, Ca",Fisk färsk fryst kokt,56.0,mg
1241,Sill rå,Fettsyra 4:0-10:0,Fisk färsk fryst kokt,0.0,g
1241,Sill rå,DHA (C22:6),Fisk färsk fryst kokt,0.9,g
1241,Sill rå,DPA (C22:5),Fisk färsk fryst kokt,0.1,g
1241,Sill rå,EPA (C20:5),Fisk färsk fryst kokt,0.4,g
1241,Sill rå,Arakidonsyra C20:4,Fisk färsk fryst kokt,0.1,g
1241,Sill rå,Arakidinsyra C20:0,Fisk färsk fryst kokt,0.0,g
1241,Sill rå,Linolensyra C18:3,Fisk färsk fryst kokt,0.2,g
1241,Sill rå,Linolsyra C18:2,Fisk färsk fryst kokt,0.2,g
1241,Sill rå,Oljesyra C18:1,Fisk färsk fryst kokt,0.8,g
1241,Sill rå,Stearinsyra C18:0,Fisk färsk fryst kokt,0.1,g
1241,Sill rå,Palmitoljesyra C16:1,Fisk färsk fryst kokt,0.4,g
1241,Sill rå,Palmitinsyra C16:0,Fisk färsk fryst kokt,1.1,g
1241,Sill rå,Myristinsyra C14:0,Fisk färsk fryst kokt,0.6,g
1241,Sill rå,Laurinsyra C12:0,Fisk färsk fryst kokt,0.0,g
1241,Sill rå,Betakaroten/β-Karoten,Fisk färsk fryst kokt,0.0,µg
1241,Sill rå,Avfall (skal etc.),Fisk färsk fryst kokt,30.0,%
1241,Sill rå,Aska,Fisk färsk fryst kokt,1.8,g
1241,Sill rå,Alkohol,Fisk färsk fryst kokt,0.0,g
1242,Flundra rå,"Zink, Zn",Fisk färsk fryst kokt,0.5,mg
1242,Flundra rå,Vitamin E,Fisk färsk fryst kokt,1.0,mg
1242,Flundra rå,Vitamin D,Fisk färsk fryst kokt,0.8,µg
1242,Flundra rå,Vitamin C,Fisk färsk fryst kokt,0.0,mg
1242,Flundra rå,Vitamin B6,Fisk färsk fryst kokt,0.17,mg
1242,Flundra rå,Vitamin B12,Fisk färsk fryst kokt,1.2,µg
1242,Flundra rå,Vitamin A,Fisk färsk fryst kokt,14.0,RE/µg
1242,Flundra rå,Vatten,Fisk färsk fryst kokt,78.5,g
1242,Flundra rå,Tiamin,Fisk färsk fryst kokt,0.22,mg
1242,Flundra rå,Tillsatt socker,Fisk färsk fryst kokt,0.0,g
1242,Flundra rå,Fritt socker,Fisk färsk fryst kokt,0.0,g
1242,Flundra rå,"Selen, Se",Fisk färsk fryst kokt,24.0,µg
1242,Flundra rå,Sackaros,Fisk färsk fryst kokt,0.0,g
1242,Flundra rå,Riboflavin,Fisk färsk fryst kokt,0.21,mg
1242,Flundra rå,Retinol,Fisk färsk fryst kokt,14.0,µg
1242,Flundra rå,Protein,Fisk färsk fryst kokt,18.3,g
1242,Flundra rå,Summa fleromättade fettsyror,Fisk färsk fryst kokt,0.6,g
1242,Flundra rå,"Fosfor, P",Fisk färsk fryst kokt,172.0,mg
1242,Flundra rå,Niacinekvivalenter,Fisk färsk fryst kokt,7.36,NE/mg
1242,Flundra rå,Niacin,Fisk färsk fryst kokt,4.0,mg
1242,Flundra rå,"Salt, NaCl",Fisk färsk fryst kokt,0.2,g
1242,Flundra rå,"Natrium, Na",Fisk färsk fryst kokt,65.0,mg
1242,Flundra rå,Monosackarider,Fisk färsk fryst kokt,0.0,g
1242,Flundra rå,"Sockerarter, totalt",Fisk färsk fryst kokt,0.0,g
1242,Flundra rå,Summa enkelomättade fettsyror,Fisk färsk fryst kokt,0.5,g
1242,Flundra rå,"Magnesium, Mg",Fisk färsk fryst kokt,32.0,mg
1242,Flundra rå,Summa mättade fettsyror,Fisk färsk fryst kokt,0.4,g
1242,Flundra rå,"Kolhydrater, tillgängliga",Fisk färsk fryst kokt,0.0,g
1242,Flundra rå,Kolesterol,Fisk färsk fryst kokt,58.0,mg
1242,Flundra rå,"Kalium, K",Fisk färsk fryst kokt,340.0,mg
1242,Flundra rå,"Jod, I",Fisk färsk fryst kokt,15.7,µg
1242,Flundra rå,Fullkorn totalt,Fisk färsk fryst kokt,0.0,g
1242,Flundra rå,"Folat, totalt",Fisk färsk fryst kokt,11.0,µg
1242,Flundra rå,Fibrer,Fisk färsk fryst kokt,0.0,g
1242,Flundra rå,"Fett, totalt",Fisk färsk fryst kokt,2.2,g
1242,Flundra rå,"Järn, Fe",Fisk färsk fryst kokt,0.3,mg
1242,Flundra rå,Energi (kJ),Fisk färsk fryst kokt,392.0,kJ
1242,Flundra rå,Energi (kcal),Fisk färsk fryst kokt,94.0,kcal
1242,Flundra rå,Disackarider,Fisk färsk fryst kokt,0.0,g
1242,Flundra rå,"Kalcium, Ca",Fisk färsk fryst kokt,41.0,mg
1242,Flundra rå,Fettsyra 4:0-10:0,Fisk färsk fryst kokt,0.0,g
1242,Flundra rå,DHA (C22:6),Fisk färsk fryst kokt,0.2,g
1242,Flundra rå,DPA (C22:5),Fisk färsk fryst kokt,0.0,g
1242,Flundra rå,EPA (C20:5),Fisk färsk fryst kokt,0.2,g
1242,Flundra rå,Arakidonsyra C20:4,Fisk färsk fryst kokt,0.0,g
1242,Flundra rå,Arakidinsyra C20:0,Fisk färsk fryst kokt,0.0,g
1242,Flundra rå,Linolensyra C18:3,Fisk färsk fryst kokt,0.0,g
1242,Flundra rå,Linolsyra C18:2,Fisk färsk fryst kokt,0.0,g
1242,Flundra rå,Oljesyra C18:1,Fisk färsk fryst kokt,0.1,g
1242,Flundra rå,Stearinsyra C18:0,Fisk färsk fryst kokt,0.1,g
1242,Flundra rå,Palmitoljesyra C16:1,Fisk färsk fryst kokt,0.1,g
1242,Flundra rå,Palmitinsyra C16:0,Fisk färsk fryst kokt,0.3,g
1242,Flundra rå,Myristinsyra C14:0,Fisk färsk fryst kokt,0.0,g
1242,Flundra rå,Laurinsyra C12:0,Fisk färsk fryst kokt,0.0,g
1242,Flundra rå,Betakaroten/β-Karoten,Fisk färsk fryst kokt,0.0,µg
1242,Flundra rå,Avfall (skal etc.),Fisk färsk fryst kokt,31.0,%
1242,Flundra rå,Aska,Fisk färsk fryst kokt,1.0,g
1242,Flundra rå,Alkohol,Fisk färsk fryst kokt,0.0,g
1243,Strömming rå,"Zink, Zn",Fisk färsk fryst kokt,1.8,mg
1243,Strömming rå,Vitamin E,Fisk färsk fryst kokt,0.8,mg
1243,Strömming rå,Vitamin D,Fisk färsk fryst kokt,8.19,µg
1243,Strömming rå,Vitamin C,Fisk färsk fryst kokt,0.0,mg
1243,Strömming rå,Vitamin B6,Fisk färsk fryst kokt,0.23,mg
1243,Strömming rå,Vitamin B12,Fisk färsk fryst kokt,9.3,µg
1243,Strömming rå,Vitamin A,Fisk färsk fryst kokt,16.9,RE/µg
1243,Strömming rå,Vatten,Fisk färsk fryst kokt,75.7,g
1243,Strömming rå,Tiamin,Fisk färsk fryst kokt,0.01,mg
1243,Strömming rå,Tillsatt socker,Fisk färsk fryst kokt,0.0,g
1243,Strömming rå,Fritt socker,Fisk färsk fryst kokt,0.0,g
1243,Strömming rå,"Selen, Se",Fisk färsk fryst kokt,25.7,µg
1243,Strömming rå,Sackaros,Fisk färsk fryst kokt,0.0,g
1243,Strömming rå,Riboflavin,Fisk färsk fryst kokt,0.17,mg
1243,Strömming rå,Retinol,Fisk färsk fryst kokt,16.9,µg
1243,Strömming rå,Protein,Fisk färsk fryst kokt,18.0,g
1243,Strömming rå,Summa fleromättade fettsyror,Fisk färsk fryst kokt,1.3,g
1243,Strömming rå,"Fosfor, P",Fisk färsk fryst kokt,277.0,mg
1243,Strömming rå,Niacinekvivalenter,Fisk färsk fryst kokt,7.05,NE/mg
1243,Strömming rå,Niacin,Fisk färsk fryst kokt,3.78,mg
1243,Strömming rå,"Salt, NaCl",Fisk färsk fryst kokt,0.2,g
1243,Strömming rå,"Natrium, Na",Fisk färsk fryst kokt,66.0,mg
1243,Strömming rå,Monosackarider,Fisk färsk fryst kokt,0.0,g
1243,Strömming rå,"Sockerarter, totalt",Fisk färsk fryst kokt,0.0,g
1243,Strömming rå,Summa enkelomättade fettsyror,Fisk färsk fryst kokt,1.4,g
1243,Strömming rå,"Magnesium, Mg",Fisk färsk fryst kokt,32.0,mg
1243,Strömming rå,Summa mättade fettsyror,Fisk färsk fryst kokt,1.0,g
1243,Strömming rå,"Kolhydrater, tillgängliga",Fisk färsk fryst kokt,0.0,g
1243,Strömming rå,Kolesterol,Fisk färsk fryst kokt,73.6,mg
1243,Strömming rå,"Kalium, K",Fisk färsk fryst kokt,410.0,mg
1243,Strömming rå,"Jod, I",Fisk färsk fryst kokt,29.5,µg
1243,Strömming rå,Fullkorn totalt,Fisk färsk fryst kokt,0.0,g
1243,Strömming rå,"Folat, totalt",Fisk färsk fryst kokt,17.6,µg
1243,Strömming rå,Fibrer,Fisk färsk fryst kokt,0.0,g
1243,Strömming rå,"Fett, totalt",Fisk färsk fryst kokt,4.0,g
1243,Strömming rå,"Järn, Fe",Fisk färsk fryst kokt,0.8,mg
1243,Strömming rå,Energi (kJ),Fisk färsk fryst kokt,453.0,kJ
1243,Strömming rå,Energi (kcal),Fisk färsk fryst kokt,108.0,kcal
1243,Strömming rå,Disackarider,Fisk färsk fryst kokt,0.0,g
1243,Strömming rå,"Kalcium, Ca",Fisk färsk fryst kokt,72.0,mg
1243,Strömming rå,Fettsyra 4:0-10:0,Fisk färsk fryst kokt,0.0,g
1243,Strömming rå,DHA (C22:6),Fisk färsk fryst kokt,0.5,g
1243,Strömming rå,DPA (C22:5),Fisk färsk fryst kokt,0.0,g
1243,Strömming rå,EPA (C20:5),Fisk färsk fryst kokt,0.3,g
1243,Strömming rå,Arakidonsyra C20:4,Fisk färsk fryst kokt,0.0,g
1243,Strömming rå,Arakidinsyra C20:0,Fisk färsk fryst kokt,0.0,g
1243,Strömming rå,Linolensyra C18:3,Fisk färsk fryst kokt,0.1,g
1243,Strömming rå,Linolsyra C18:2,Fisk färsk fryst kokt,0.1,g
1243,Strömming rå,Oljesyra C18:1,Fisk färsk fryst kokt,0.7,g
1243,Strömming rå,Stearinsyra C18:0,Fisk färsk fryst kokt,0.1,g
1243,Strömming rå,Palmitoljesyra C16:1,Fisk färsk fryst kokt,0.2,g
1243,Strömming rå,Palmitinsyra C16:0,Fisk färsk fryst kokt,0.7,g
1243,Strömming rå,Myristinsyra C14:0,Fisk färsk fryst kokt,0.2,g
1243,Strömming rå,Laurinsyra C12:0,Fisk färsk fryst kokt,0.0,g
1243,Strömming rå,Betakaroten/β-Karoten,Fisk färsk fryst kokt,0.0,µg
1243,Strömming rå,Avfall (skal etc.),Fisk färsk fryst kokt,42.0,%
1243,Strömming rå,Aska,Fisk färsk fryst kokt,1.6,g
1243,Strömming rå,Alkohol,Fisk färsk fryst kokt,0.0,g
1244,Röding rå,"Zink, Zn",Fisk färsk fryst kokt,0.6,mg
1244,Röding rå,Vitamin E,Fisk färsk fryst kokt,1.6,mg
1244,Röding rå,Vitamin D,Fisk färsk fryst kokt,5.85,µg
1244,Röding rå,Vitamin C,Fisk färsk fryst kokt,0.0,mg
1244,Röding rå,Vitamin B6,Fisk färsk fryst kokt,0.47,mg
1244,Röding rå,Vitamin B12,Fisk färsk fryst kokt,1.82,µg
1244,Röding rå,Vitamin A,Fisk färsk fryst kokt,18.0,RE/µg
1244,Röding rå,Vatten,Fisk färsk fryst kokt,70.4,g
1244,Röding rå,Tiamin,Fisk färsk fryst kokt,0.1,mg
1244,Röding rå,Tillsatt socker,Fisk färsk fryst kokt,0.0,g
1244,Röding rå,Fritt socker,Fisk färsk fryst kokt,0.0,g
1244,Röding rå,"Selen, Se",Fisk färsk fryst kokt,21.8,µg
1244,Röding rå,Sackaros,Fisk färsk fryst kokt,0.0,g
1244,Röding rå,Riboflavin,Fisk färsk fryst kokt,0.09,mg
1244,Röding rå,Retinol,Fisk färsk fryst kokt,18.0,µg
1244,Röding rå,Protein,Fisk färsk fryst kokt,19.9,g
1244,Röding rå,Summa fleromättade fettsyror,Fisk färsk fryst kokt,2.5,g
1244,Röding rå,"Fosfor, P",Fisk färsk fryst kokt,250.0,mg
1244,Röding rå,Niacinekvivalenter,Fisk färsk fryst kokt,9.6,NE/mg
1244,Röding rå,Niacin,Fisk färsk fryst kokt,5.95,mg
1244,Röding rå,"Salt, NaCl",Fisk färsk fryst kokt,0.1,g
1244,Röding rå,"Natrium, Na",Fisk färsk fryst kokt,46.0,mg
1244,Röding rå,Monosackarider,Fisk färsk fryst kokt,0.0,g
1244,Röding rå,"Sockerarter, totalt",Fisk färsk fryst kokt,0.0,g
1244,Röding rå,Summa enkelomättade fettsyror,Fisk färsk fryst kokt,3.1,g
1244,Röding rå,"Magnesium, Mg",Fisk färsk fryst kokt,27.0,mg
1244,Röding rå,Summa mättade fettsyror,Fisk färsk fryst kokt,1.4,g
1244,Röding rå,"Kolhydrater, tillgängliga",Fisk färsk fryst kokt,0.0,g
1244,Röding rå,Kolesterol,Fisk färsk fryst kokt,57.8,mg
1244,Röding rå,"Kalium, K",Fisk färsk fryst kokt,379.0,mg
1244,Röding rå,"Jod, I",Fisk färsk fryst kokt,20.0,µg
1244,Röding rå,Fullkorn totalt,Fisk färsk fryst kokt,0.0,g
1244,Röding rå,"Folat, totalt",Fisk färsk fryst kokt,26.0,µg
1244,Röding rå,Fibrer,Fisk färsk fryst kokt,0.0,g
1244,Röding rå,"Fett, totalt",Fisk färsk fryst kokt,7.9,g
1244,Röding rå,"Järn, Fe",Fisk färsk fryst kokt,0.2,mg
1244,Röding rå,Energi (kJ),Fisk färsk fryst kokt,632.0,kJ
1244,Röding rå,Energi (kcal),Fisk färsk fryst kokt,151.0,kcal
1244,Röding rå,Disackarider,Fisk färsk fryst kokt,0.0,g
1244,Röding rå,"Kalcium, Ca",Fisk färsk fryst kokt,14.0,mg
1244,Röding rå,Fettsyra 4:0-10:0,Fisk färsk fryst kokt,0.0,g
1244,Röding rå,DHA (C22:6),Fisk färsk fryst kokt,0.8,g
1244,Röding rå,DPA (C22:5),Fisk färsk fryst kokt,0.1,g
1244,Röding rå,EPA (C20:5),Fisk färsk fryst kokt,0.5,g
1244,Röding rå,Arakidonsyra C20:4,Fisk färsk fryst kokt,0.1,g
1244,Röding rå,Arakidinsyra C20:0,Fisk färsk fryst kokt,0.0,g
1244,Röding rå,Linolensyra C18:3,Fisk färsk fryst kokt,0.2,g
1244,Röding rå,Linolsyra C18:2,Fisk färsk fryst kokt,0.4,g
1244,Röding rå,Oljesyra C18:1,Fisk färsk fryst kokt,1.7,g
1244,Röding rå,Stearinsyra C18:0,Fisk färsk fryst kokt,0.2,g
1244,Röding rå,Palmitoljesyra C16:1,Fisk färsk fryst kokt,0.5,g
1244,Röding rå,Palmitinsyra C16:0,Fisk färsk fryst kokt,0.9,g
1244,Röding rå,Myristinsyra C14:0,Fisk färsk fryst kokt,0.3,g
1244,Röding rå,Laurinsyra C12:0,Fisk färsk fryst kokt,0.0,g
1244,Röding rå,Betakaroten/β-Karoten,Fisk färsk fryst kokt,0.0,µg
1244,Röding rå,Avfall (skal etc.),Fisk färsk fryst kokt,22.0,%
1244,Röding rå,Aska,Fisk färsk fryst kokt,1.6,g
1244,Röding rå,Alkohol,Fisk färsk fryst kokt,0.0,g
1246,Torsk rå,"Zink, Zn",Fisk färsk fryst kokt,0.6,mg
1246,Torsk rå,Vitamin E,Fisk färsk fryst kokt,0.7,mg
1246,Torsk rå,Vitamin D,Fisk färsk fryst kokt,1.84,µg
1246,Torsk rå,Vitamin C,Fisk färsk fryst kokt,0.0,mg
1246,Torsk rå,Vitamin B6,Fisk färsk fryst kokt,0.14,mg
1246,Torsk rå,Vitamin B12,Fisk färsk fryst kokt,1.41,µg
1246,Torsk rå,Vitamin A,Fisk färsk fryst kokt,2.3,RE/µg
1246,Torsk rå,Vatten,Fisk färsk fryst kokt,81.0,g
1246,Torsk rå,Tiamin,Fisk färsk fryst kokt,0.05,mg
1246,Torsk rå,Tillsatt socker,Fisk färsk fryst kokt,0.0,g
1246,Torsk rå,Fritt socker,Fisk färsk fryst kokt,0.0,g
1246,Torsk rå,"Selen, Se",Fisk färsk fryst kokt,27.3,µg
1246,Torsk rå,Sackaros,Fisk färsk fryst kokt,0.0,g
1246,Torsk rå,Riboflavin,Fisk färsk fryst kokt,0.05,mg
1246,Torsk rå,Retinol,Fisk färsk fryst kokt,2.3,µg
1246,Torsk rå,Protein,Fisk färsk fryst kokt,18.2,g
1246,Torsk rå,Summa fleromättade fettsyror,Fisk färsk fryst kokt,0.2,g
1246,Torsk rå,"Fosfor, P",Fisk färsk fryst kokt,217.0,mg
1246,Torsk rå,Niacinekvivalenter,Fisk färsk fryst kokt,5.5,NE/mg
1246,Torsk rå,Niacin,Fisk färsk fryst kokt,2.16,mg
1246,Torsk rå,"Salt, NaCl",Fisk färsk fryst kokt,0.2,g
1246,Torsk rå,"Natrium, Na",Fisk färsk fryst kokt,59.0,mg
1246,Torsk rå,Monosackarider,Fisk färsk fryst kokt,0.0,g
1246,Torsk rå,"Sockerarter, totalt",Fisk färsk fryst kokt,0.0,g
1246,Torsk rå,Summa enkelomättade fettsyror,Fisk färsk fryst kokt,0.0,g
1246,Torsk rå,"Magnesium, Mg",Fisk färsk fryst kokt,27.0,mg
1246,Torsk rå,Summa mättade fettsyror,Fisk färsk fryst kokt,0.1,g
1246,Torsk rå,"Kolhydrater, tillgängliga",Fisk färsk fryst kokt,0.0,g
1246,Torsk rå,Kolesterol,Fisk färsk fryst kokt,48.4,mg
1246,Torsk rå,"Kalium, K",Fisk färsk fryst kokt,402.0,mg
1246,Torsk rå,"Jod, I",Fisk färsk fryst kokt,180.0,µg
1246,Torsk rå,Fullkorn totalt,Fisk färsk fryst kokt,0.0,g
1246,Torsk rå,"Folat, totalt",Fisk färsk fryst kokt,14.0,µg
1246,Torsk rå,Fibrer,Fisk färsk fryst kokt,0.0,g
1246,Torsk rå,"Fett, totalt",Fisk färsk fryst kokt,0.5,g
1246,Torsk rå,"Järn, Fe",Fisk färsk fryst kokt,0.1,mg
1246,Torsk rå,Energi (kJ),Fisk färsk fryst kokt,328.0,kJ
1246,Torsk rå,Energi (kcal),Fisk färsk fryst kokt,78.0,kcal
1246,Torsk rå,Disackarider,Fisk färsk fryst kokt,0.0,g
1246,Torsk rå,"Kalcium, Ca",Fisk färsk fryst kokt,12.0,mg
1246,Torsk rå,Fettsyra 4:0-10:0,Fisk färsk fryst kokt,0.0,g
1246,Torsk rå,DHA (C22:6),Fisk färsk fryst kokt,0.2,g
1246,Torsk rå,DPA (C22:5),Fisk färsk fryst kokt,0.0,g
1246,Torsk rå,EPA (C20:5),Fisk färsk fryst kokt,0.0,g
1246,Torsk rå,Arakidonsyra C20:4,Fisk färsk fryst kokt,0.0,g
1246,Torsk rå,Arakidinsyra C20:0,Fisk färsk fryst kokt,0.0,g
1246,Torsk rå,Linolensyra C18:3,Fisk färsk fryst kokt,0.0,g
1246,Torsk rå,Linolsyra C18:2,Fisk färsk fryst kokt,0.0,g
1246,Torsk rå,Oljesyra C18:1,Fisk färsk fryst kokt,0.0,g
1246,Torsk rå,Stearinsyra C18:0,Fisk färsk fryst kokt,0.0,g
1246,Torsk rå,Palmitoljesyra C16:1,Fisk färsk fryst kokt,0.0,g
1246,Torsk rå,Palmitinsyra C16:0,Fisk färsk fryst kokt,0.1,g
1246,Torsk rå,Myristinsyra C14:0,Fisk färsk fryst kokt,0.0,g
1246,Torsk rå,Laurinsyra C12:0,Fisk färsk fryst kokt,0.0,g
1246,Torsk rå,Betakaroten/β-Karoten,Fisk färsk fryst kokt,0.0,µg
1246,Torsk rå,Avfall (skal etc.),Fisk färsk fryst kokt,34.0,%
1246,Torsk rå,Aska,Fisk färsk fryst kokt,1.1,g
1246,Torsk rå,Alkohol,Fisk färsk fryst kokt,0.0,g
1247,Vitling rå,"Zink, Zn",Fisk färsk fryst kokt,0.5,mg
1247,Vitling rå,Vitamin E,Fisk färsk fryst kokt,0.2,mg
1247,Vitling rå,Vitamin D,Fisk färsk fryst kokt,0.7,µg
1247,Vitling rå,Vitamin C,Fisk färsk fryst kokt,0.0,mg
1247,Vitling rå,Vitamin B6,Fisk färsk fryst kokt,0.18,mg
1247,Vitling rå,Vitamin B12,Fisk färsk fryst kokt,0.8,µg
1247,Vitling rå,Vitamin A,Fisk färsk fryst kokt,3.0,RE/µg
1247,Vitling rå,Vatten,Fisk färsk fryst kokt,79.9,g
1247,Vitling rå,Tiamin,Fisk färsk fryst kokt,0.05,mg
1247,Vitling rå,Tillsatt socker,Fisk färsk fryst kokt,0.0,g
1247,Vitling rå,Fritt socker,Fisk färsk fryst kokt,0.0,g
1247,Vitling rå,"Selen, Se",Fisk färsk fryst kokt,25.0,µg
1247,Vitling rå,Sackaros,Fisk färsk fryst kokt,0.0,g
1247,Vitling rå,Riboflavin,Fisk färsk fryst kokt,0.05,mg
1247,Vitling rå,Retinol,Fisk färsk fryst kokt,3.0,µg
1247,Vitling rå,Protein,Fisk färsk fryst kokt,18.3,g
1247,Vitling rå,Summa fleromättade fettsyror,Fisk färsk fryst kokt,0.2,g
1247,Vitling rå,"Fosfor, P",Fisk färsk fryst kokt,183.0,mg
1247,Vitling rå,Niacinekvivalenter,Fisk färsk fryst kokt,5.36,NE/mg
1247,Vitling rå,Niacin,Fisk färsk fryst kokt,2.0,mg
1247,Vitling rå,"Salt, NaCl",Fisk färsk fryst kokt,0.1,g
1247,Vitling rå,"Natrium, Na",Fisk färsk fryst kokt,50.0,mg
1247,Vitling rå,Monosackarider,Fisk färsk fryst kokt,0.0,g
1247,Vitling rå,"Sockerarter, totalt",Fisk färsk fryst kokt,0.0,g
1247,Vitling rå,Summa enkelomättade fettsyror,Fisk färsk fryst kokt,0.2,g
1247,Vitling rå,"Magnesium, Mg",Fisk färsk fryst kokt,24.0,mg
1247,Vitling rå,Summa mättade fettsyror,Fisk färsk fryst kokt,0.1,g
1247,Vitling rå,"Kolhydrater, tillgängliga",Fisk färsk fryst kokt,0.0,g
1247,Vitling rå,Kolesterol,Fisk färsk fryst kokt,50.0,mg
1247,Vitling rå,"Kalium, K",Fisk färsk fryst kokt,370.0,mg
1247,Vitling rå,"Jod, I",Fisk färsk fryst kokt,278.0,µg
1247,Vitling rå,Fullkorn totalt,Fisk färsk fryst kokt,0.0,g
1247,Vitling rå,"Folat, totalt",Fisk färsk fryst kokt,12.0,µg
1247,Vitling rå,Fibrer,Fisk färsk fryst kokt,0.0,g
1247,Vitling rå,"Fett, totalt",Fisk färsk fryst kokt,0.6,g
1247,Vitling rå,"Järn, Fe",Fisk färsk fryst kokt,0.3,mg
1247,Vitling rå,Energi (kJ),Fisk färsk fryst kokt,333.0,kJ
1247,Vitling rå,Energi (kcal),Fisk färsk fryst kokt,80.0,kcal
1247,Vitling rå,Disackarider,Fisk färsk fryst kokt,0.0,g
1247,Vitling rå,"Kalcium, Ca",Fisk färsk fryst kokt,50.0,mg
1247,Vitling rå,Fettsyra 4:0-10:0,Fisk färsk fryst kokt,0.0,g
1247,Vitling rå,DHA (C22:6),Fisk färsk fryst kokt,0.1,g
1247,Vitling rå,DPA (C22:5),Fisk färsk fryst kokt,0.0,g
1247,Vitling rå,EPA (C20:5),Fisk färsk fryst kokt,0.0,g
1247,Vitling rå,Arakidonsyra C20:4,Fisk färsk fryst kokt,0.0,g
1247,Vitling rå,Arakidinsyra C20:0,Fisk färsk fryst kokt,0.0,g
1247,Vitling rå,Linolensyra C18:3,Fisk färsk fryst kokt,0.0,g
1247,Vitling rå,Linolsyra C18:2,Fisk färsk fryst kokt,0.0,g
1247,Vitling rå,Oljesyra C18:1,Fisk färsk fryst kokt,0.1,g
1247,Vitling rå,Stearinsyra C18:0,Fisk färsk fryst kokt,0.0,g
1247,Vitling rå,Palmitoljesyra C16:1,Fisk färsk fryst kokt,0.0,g
1247,Vitling rå,Palmitinsyra C16:0,Fisk färsk fryst kokt,0.1,g
1247,Vitling rå,Myristinsyra C14:0,Fisk färsk fryst kokt,0.0,g
1247,Vitling rå,Laurinsyra C12:0,Fisk färsk fryst kokt,0.0,g
1247,Vitling rå,Betakaroten/β-Karoten,Fisk färsk fryst kokt,0.0,µg
1247,Vitling rå,Avfall (skal etc.),Fisk färsk fryst kokt,52.0,%
1247,Vitling rå,Aska,Fisk färsk fryst kokt,1.2,g
1247,Vitling rå,Alkohol,Fisk färsk fryst kokt,0.0,g
1248,Ål rå,"Zink, Zn",Fisk färsk fryst kokt,0.5,mg
1248,Ål rå,Vitamin E,Fisk färsk fryst kokt,8.0,mg
1248,Ål rå,Vitamin D,Fisk färsk fryst kokt,23.0,µg
1248,Ål rå,Vitamin C,Fisk färsk fryst kokt,2.0,mg
1248,Ål rå,Vitamin B6,Fisk färsk fryst kokt,0.3,mg
1248,Ål rå,Vitamin B12,Fisk färsk fryst kokt,3.0,µg
1248,Ål rå,Vitamin A,Fisk färsk fryst kokt,600.0,RE/µg
1248,Ål rå,Vatten,Fisk färsk fryst kokt,46.0,g
1248,Ål rå,Tiamin,Fisk färsk fryst kokt,0.2,mg
1248,Ål rå,Tillsatt socker,Fisk färsk fryst kokt,0.0,g
1248,Ål rå,Fritt socker,Fisk färsk fryst kokt,0.0,g
1248,Ål rå,"Selen, Se",Fisk färsk fryst kokt,56.0,µg
1248,Ål rå,Sackaros,Fisk färsk fryst kokt,0.0,g
1248,Ål rå,Riboflavin,Fisk färsk fryst kokt,0.04,mg
1248,Ål rå,Retinol,Fisk färsk fryst kokt,600.0,µg
1248,Ål rå,Protein,Fisk färsk fryst kokt,17.3,g
1248,Ål rå,Summa fleromättade fettsyror,Fisk färsk fryst kokt,7.0,g
1248,Ål rå,"Fosfor, P",Fisk färsk fryst kokt,200.0,mg
1248,Ål rå,Niacinekvivalenter,Fisk färsk fryst kokt,6.4,NE/mg
1248,Ål rå,Niacin,Fisk färsk fryst kokt,3.5,mg
1248,Ål rå,"Salt, NaCl",Fisk färsk fryst kokt,0.2,g
1248,Ål rå,"Natrium, Na",Fisk färsk fryst kokt,89.0,mg
1248,Ål rå,Monosackarider,Fisk färsk fryst kokt,0.0,g
1248,Ål rå,"Sockerarter, totalt",Fisk färsk fryst kokt,0.0,g
1248,Ål rå,Summa enkelomättade fettsyror,Fisk färsk fryst kokt,4.6,g
1248,Ål rå,"Magnesium, Mg",Fisk färsk fryst kokt,19.0,mg
1248,Ål rå,Summa mättade fettsyror,Fisk färsk fryst kokt,6.2,g
1248,Ål rå,"Kolhydrater, tillgängliga",Fisk färsk fryst kokt,2.8,g
1248,Ål rå,Kolesterol,Fisk färsk fryst kokt,126.0,mg
1248,Ål rå,"Kalium, K",Fisk färsk fryst kokt,270.0,mg
1248,Ål rå,"Jod, I",Fisk färsk fryst kokt,43.0,µg
1248,Ål rå,Fullkorn totalt,Fisk färsk fryst kokt,0.0,g
1248,Ål rå,"Folat, totalt",Fisk färsk fryst kokt,15.0,µg
1248,Ål rå,Fibrer,Fisk färsk fryst kokt,0.0,g
1248,Ål rå,"Fett, totalt",Fisk färsk fryst kokt,32.5,g
1248,Ål rå,"Järn, Fe",Fisk färsk fryst kokt,0.7,mg
1248,Ål rå,Energi (kJ),Fisk färsk fryst kokt,1544.0,kJ
1248,Ål rå,Energi (kcal),Fisk färsk fryst kokt,369.0,kcal
1248,Ål rå,Disackarider,Fisk färsk fryst kokt,0.0,g
1248,Ål rå,"Kalcium, Ca",Fisk färsk fryst kokt,19.0,mg
1248,Ål rå,Fettsyra 4:0-10:0,Fisk färsk fryst kokt,0.0,g
1248,Ål rå,DHA (C22:6),Fisk färsk fryst kokt,3.5,g
1248,Ål rå,DPA (C22:5),Fisk färsk fryst kokt,0.4,g
1248,Ål rå,EPA (C20:5),Fisk färsk fryst kokt,2.2,g
1248,Ål rå,Arakidonsyra C20:4,Fisk färsk fryst kokt,0.5,g
1248,Ål rå,Arakidinsyra C20:0,Fisk färsk fryst kokt,0.0,g
1248,Ål rå,Linolensyra C18:3,Fisk färsk fryst kokt,0.0,g
1248,Ål rå,Linolsyra C18:2,Fisk färsk fryst kokt,0.4,g
1248,Ål rå,Oljesyra C18:1,Fisk färsk fryst kokt,3.6,g
1248,Ål rå,Stearinsyra C18:0,Fisk färsk fryst kokt,0.6,g
1248,Ål rå,Palmitoljesyra C16:1,Fisk färsk fryst kokt,1.0,g
1248,Ål rå,Palmitinsyra C16:0,Fisk färsk fryst kokt,3.6,g
1248,Ål rå,Myristinsyra C14:0,Fisk färsk fryst kokt,2.0,g
1248,Ål rå,Laurinsyra C12:0,Fisk färsk fryst kokt,0.0,g
1248,Ål rå,Betakaroten/β-Karoten,Fisk färsk fryst kokt,0.0,µg
1248,Ål rå,Avfall (skal etc.),Fisk färsk fryst kokt,20.0,%
1248,Ål rå,Aska,Fisk färsk fryst kokt,1.4,g
1248,Ål rå,Alkohol,Fisk färsk fryst kokt,0.0,g
1249,Öring odlad rå,"Zink, Zn",Fisk färsk fryst kokt,0.5,mg
1249,Öring odlad rå,Vitamin E,Fisk färsk fryst kokt,1.1,mg
1249,Öring odlad rå,Vitamin D,Fisk färsk fryst kokt,6.9,µg
1249,Öring odlad rå,Vitamin C,Fisk färsk fryst kokt,0.0,mg
1249,Öring odlad rå,Vitamin B6,Fisk färsk fryst kokt,0.49,mg
1249,Öring odlad rå,Vitamin B12,Fisk färsk fryst kokt,4.8,µg
1249,Öring odlad rå,Vitamin A,Fisk färsk fryst kokt,32.0,RE/µg
1249,Öring odlad rå,Vatten,Fisk färsk fryst kokt,70.0,g
1249,Öring odlad rå,Tiamin,Fisk färsk fryst kokt,0.21,mg
1249,Öring odlad rå,Tillsatt socker,Fisk färsk fryst kokt,0.0,g
1249,Öring odlad rå,Fritt socker,Fisk färsk fryst kokt,0.0,g
1249,Öring odlad rå,"Selen, Se",Fisk färsk fryst kokt,30.0,µg
1249,Öring odlad rå,Sackaros,Fisk färsk fryst kokt,0.0,g
1249,Öring odlad rå,Riboflavin,Fisk färsk fryst kokt,0.13,mg
1249,Öring odlad rå,Retinol,Fisk färsk fryst kokt,32.0,µg
1249,Öring odlad rå,Protein,Fisk färsk fryst kokt,19.0,g
1249,Öring odlad rå,Summa fleromättade fettsyror,Fisk färsk fryst kokt,3.2,g
1249,Öring odlad rå,"Fosfor, P",Fisk färsk fryst kokt,216.0,mg
1249,Öring odlad rå,Niacinekvivalenter,Fisk färsk fryst kokt,10.4,NE/mg
1249,Öring odlad rå,Niacin,Fisk färsk fryst kokt,6.9,mg
1249,Öring odlad rå,"Salt, NaCl",Fisk färsk fryst kokt,0.1,g
1249,Öring odlad rå,"Natrium, Na",Fisk färsk fryst kokt,48.0,mg
1249,Öring odlad rå,Monosackarider,Fisk färsk fryst kokt,0.0,g
1249,Öring odlad rå,"Sockerarter, totalt",Fisk färsk fryst kokt,0.0,g
1249,Öring odlad rå,Summa enkelomättade fettsyror,Fisk färsk fryst kokt,3.5,g
1249,Öring odlad rå,"Magnesium, Mg",Fisk färsk fryst kokt,27.0,mg
1249,Öring odlad rå,Summa mättade fettsyror,Fisk färsk fryst kokt,2.0,g
1249,Öring odlad rå,"Kolhydrater, tillgängliga",Fisk färsk fryst kokt,0.0,g
1249,Öring odlad rå,Kolesterol,Fisk färsk fryst kokt,50.0,mg
1249,Öring odlad rå,"Kalium, K",Fisk färsk fryst kokt,420.0,mg
1249,Öring odlad rå,"Jod, I",Fisk färsk fryst kokt,0.0,µg
1249,Öring odlad rå,Fullkorn totalt,Fisk färsk fryst kokt,0.0,g
1249,Öring odlad rå,"Folat, totalt",Fisk färsk fryst kokt,5.0,µg
1249,Öring odlad rå,Fibrer,Fisk färsk fryst kokt,0.0,g
1249,Öring odlad rå,"Fett, totalt",Fisk färsk fryst kokt,10.0,g
1249,Öring odlad rå,"Järn, Fe",Fisk färsk fryst kokt,0.3,mg
1249,Öring odlad rå,Energi (kJ),Fisk färsk fryst kokt,693.0,kJ
1249,Öring odlad rå,Energi (kcal),Fisk färsk fryst kokt,166.0,kcal
1249,Öring odlad rå,Disackarider,Fisk färsk fryst kokt,0.0,g
1249,Öring odlad rå,"Kalcium, Ca",Fisk färsk fryst kokt,10.0,mg
1249,Öring odlad rå,Fettsyra 4:0-10:0,Fisk färsk fryst kokt,0.0,g
1249,Öring odlad rå,DHA (C22:6),Fisk färsk fryst kokt,1.2,g
1249,Öring odlad rå,DPA (C22:5),Fisk färsk fryst kokt,0.2,g
1249,Öring odlad rå,EPA (C20:5),Fisk färsk fryst kokt,0.6,g
1249,Öring odlad rå,Arakidonsyra C20:4,Fisk färsk fryst kokt,0.2,g
1249,Öring odlad rå,Arakidinsyra C20:0,Fisk färsk fryst kokt,0.0,g
1249,Öring odlad rå,Linolensyra C18:3,Fisk färsk fryst kokt,0.1,g
1249,Öring odlad rå,Linolsyra C18:2,Fisk färsk fryst kokt,0.4,g
1249,Öring odlad rå,Oljesyra C18:1,Fisk färsk fryst kokt,1.8,g
1249,Öring odlad rå,Stearinsyra C18:0,Fisk färsk fryst kokt,0.2,g
1249,Öring odlad rå,Palmitoljesyra C16:1,Fisk färsk fryst kokt,0.5,g
1249,Öring odlad rå,Palmitinsyra C16:0,Fisk färsk fryst kokt,1.3,g
1249,Öring odlad rå,Myristinsyra C14:0,Fisk färsk fryst kokt,0.4,g
1249,Öring odlad rå,Laurinsyra C12:0,Fisk färsk fryst kokt,0.0,g
1249,Öring odlad rå,Betakaroten/β-Karoten,Fisk färsk fryst kokt,0.0,µg
1249,Öring odlad rå,Avfall (skal etc.),Fisk färsk fryst kokt,30.0,%
1249,Öring odlad rå,Aska,Fisk färsk fryst kokt,1.2,g
1249,Öring odlad rå,Alkohol,Fisk färsk fryst kokt,0.0,g
1250,Pinklax rå,"Zink, Zn",Fisk färsk fryst kokt,0.4,mg
1250,Pinklax rå,Vitamin E,Fisk färsk fryst kokt,0.4,mg
1250,Pinklax rå,Vitamin D,Fisk färsk fryst kokt,8.23,µg
1250,Pinklax rå,Vitamin C,Fisk färsk fryst kokt,0.0,mg
1250,Pinklax rå,Vitamin B6,Fisk färsk fryst kokt,0.45,mg
1250,Pinklax rå,Vitamin B12,Fisk färsk fryst kokt,2.27,µg
1250,Pinklax rå,Vitamin A,Fisk färsk fryst kokt,6.9,RE/µg
1250,Pinklax rå,Vatten,Fisk färsk fryst kokt,75.8,g
1250,Pinklax rå,Tiamin,Fisk färsk fryst kokt,0.24,mg
1250,Pinklax rå,Tillsatt socker,Fisk färsk fryst kokt,0.0,g
1250,Pinklax rå,Fritt socker,Fisk färsk fryst kokt,0.0,g
1250,Pinklax rå,"Selen, Se",Fisk färsk fryst kokt,26.0,µg
1250,Pinklax rå,Sackaros,Fisk färsk fryst kokt,0.0,g
1250,Pinklax rå,Riboflavin,Fisk färsk fryst kokt,0.11,mg
1250,Pinklax rå,Retinol,Fisk färsk fryst kokt,6.9,µg
1250,Pinklax rå,Protein,Fisk färsk fryst kokt,21.4,g
1250,Pinklax rå,Summa fleromättade fettsyror,Fisk färsk fryst kokt,0.5,g
1250,Pinklax rå,"Fosfor, P",Fisk färsk fryst kokt,263.0,mg
1250,Pinklax rå,Niacinekvivalenter,Fisk färsk fryst kokt,10.3,NE/mg
1250,Pinklax rå,Niacin,Fisk färsk fryst kokt,6.35,mg
1250,Pinklax rå,"Salt, NaCl",Fisk färsk fryst kokt,0.1,g
1250,Pinklax rå,"Natrium, Na",Fisk färsk fryst kokt,49.0,mg
1250,Pinklax rå,Monosackarider,Fisk färsk fryst kokt,0.0,g
1250,Pinklax rå,"Sockerarter, totalt",Fisk färsk fryst kokt,0.0,g
1250,Pinklax rå,Summa enkelomättade fettsyror,Fisk färsk fryst kokt,0.6,g
1250,Pinklax rå,"Magnesium, Mg",Fisk färsk fryst kokt,30.0,mg
1250,Pinklax rå,Summa mättade fettsyror,Fisk färsk fryst kokt,0.2,g
1250,Pinklax rå,"Kolhydrater, tillgängliga",Fisk färsk fryst kokt,0.0,g
1250,Pinklax rå,Kolesterol,Fisk färsk fryst kokt,48.2,mg
1250,Pinklax rå,"Kalium, K",Fisk färsk fryst kokt,365.0,mg
1250,Pinklax rå,"Jod, I",Fisk färsk fryst kokt,19.0,µg
1250,Pinklax rå,Fullkorn totalt,Fisk färsk fryst kokt,0.0,g
1250,Pinklax rå,"Folat, totalt",Fisk färsk fryst kokt,26.0,µg
1250,Pinklax rå,Fibrer,Fisk färsk fryst kokt,0.0,g
1250,Pinklax rå,"Fett, totalt",Fisk färsk fryst kokt,2.0,g
1250,Pinklax rå,"Järn, Fe",Fisk färsk fryst kokt,0.3,mg
1250,Pinklax rå,Energi (kJ),Fisk färsk fryst kokt,438.0,kJ
1250,Pinklax rå,Energi (kcal),Fisk färsk fryst kokt,105.0,kcal
1250,Pinklax rå,Disackarider,Fisk färsk fryst kokt,0.0,g
1250,Pinklax rå,"Kalcium, Ca",Fisk färsk fryst kokt,11.0,mg
1250,Pinklax rå,Fettsyra 4:0-10:0,Fisk färsk fryst kokt,0.0,g
1250,Pinklax rå,DHA (C22:6),Fisk färsk fryst kokt,0.2,g
1250,Pinklax rå,DPA (C22:5),Fisk färsk fryst kokt,0.0,g
1250,Pinklax rå,EPA (C20:5),Fisk färsk fryst kokt,0.1,g
1250,Pinklax rå,Arakidonsyra C20:4,Fisk färsk fryst kokt,0.0,g
1250,Pinklax rå,Arakidinsyra C20:0,Fisk färsk fryst kokt,0.0,g
1250,Pinklax rå,Linolensyra C18:3,Fisk färsk fryst kokt,0.0,g
1250,Pinklax rå,Linolsyra C18:2,Fisk färsk fryst kokt,0.0,g
1250,Pinklax rå,Oljesyra C18:1,Fisk färsk fryst kokt,0.1,g
1250,Pinklax rå,Stearinsyra C18:0,Fisk färsk fryst kokt,0.0,g
1250,Pinklax rå,Palmitoljesyra C16:1,Fisk färsk fryst kokt,0.0,g
1250,Pinklax rå,Palmitinsyra C16:0,Fisk färsk fryst kokt,0.2,g
1250,Pinklax rå,Myristinsyra C14:0,Fisk färsk fryst kokt,0.0,g
1250,Pinklax rå,Laurinsyra C12:0,Fisk färsk fryst kokt,0.0,g
1250,Pinklax rå,Betakaroten/β-Karoten,Fisk färsk fryst kokt,0.0,µg
1250,Pinklax rå,Avfall (skal etc.),Fisk färsk fryst kokt,35.0,%
1250,Pinklax rå,Aska,Fisk färsk fryst kokt,1.2,g
1250,Pinklax rå,Alkohol,Fisk färsk fryst kokt,0.0,g
1251,Piggvar rå,"Zink, Zn",Fisk färsk fryst kokt,0.2,mg
1251,Piggvar rå,Vitamin E,Fisk färsk fryst kokt,0.8,mg
1251,Piggvar rå,Vitamin D,Fisk färsk fryst kokt,2.04,µg
1251,Piggvar rå,Vitamin C,Fisk färsk fryst kokt,0.0,mg
1251,Piggvar rå,Vitamin B6,Fisk färsk fryst kokt,0.22,mg
1251,Piggvar rå,Vitamin B12,Fisk färsk fryst kokt,1.0,µg
1251,Piggvar rå,Vitamin A,Fisk färsk fryst kokt,14.0,RE/µg
1251,Piggvar rå,Vatten,Fisk färsk fryst kokt,80.4,g
1251,Piggvar rå,Tiamin,Fisk färsk fryst kokt,0.02,mg
1251,Piggvar rå,Tillsatt socker,Fisk färsk fryst kokt,0.0,g
1251,Piggvar rå,Fritt socker,Fisk färsk fryst kokt,0.0,g
1251,Piggvar rå,"Selen, Se",Fisk färsk fryst kokt,25.0,µg
1251,Piggvar rå,Sackaros,Fisk färsk fryst kokt,0.0,g
1251,Piggvar rå,Riboflavin,Fisk färsk fryst kokt,0.15,mg
1251,Piggvar rå,Retinol,Fisk färsk fryst kokt,14.0,µg
1251,Piggvar rå,Protein,Fisk färsk fryst kokt,16.7,g
1251,Piggvar rå,Summa fleromättade fettsyror,Fisk färsk fryst kokt,0.8,g
1251,Piggvar rå,"Fosfor, P",Fisk färsk fryst kokt,159.0,mg
1251,Piggvar rå,Niacinekvivalenter,Fisk färsk fryst kokt,6.06,NE/mg
1251,Piggvar rå,Niacin,Fisk färsk fryst kokt,3.0,mg
1251,Piggvar rå,"Salt, NaCl",Fisk färsk fryst kokt,0.3,g
1251,Piggvar rå,"Natrium, Na",Fisk färsk fryst kokt,114.0,mg
1251,Piggvar rå,Monosackarider,Fisk färsk fryst kokt,0.0,g
1251,Piggvar rå,"Sockerarter, totalt",Fisk färsk fryst kokt,0.0,g
1251,Piggvar rå,Summa enkelomättade fettsyror,Fisk färsk fryst kokt,0.4,g
1251,Piggvar rå,"Magnesium, Mg",Fisk färsk fryst kokt,45.0,mg
1251,Piggvar rå,Summa mättade fettsyror,Fisk färsk fryst kokt,0.4,g
1251,Piggvar rå,"Kolhydrater, tillgängliga",Fisk färsk fryst kokt,0.0,g
1251,Piggvar rå,Kolesterol,Fisk färsk fryst kokt,50.0,mg
1251,Piggvar rå,"Kalium, K",Fisk färsk fryst kokt,290.0,mg
1251,Piggvar rå,"Jod, I",Fisk färsk fryst kokt,35.0,µg
1251,Piggvar rå,Fullkorn totalt,Fisk färsk fryst kokt,0.0,g
1251,Piggvar rå,"Folat, totalt",Fisk färsk fryst kokt,11.0,µg
1251,Piggvar rå,Fibrer,Fisk färsk fryst kokt,0.0,g
1251,Piggvar rå,"Fett, totalt",Fisk färsk fryst kokt,1.7,g
1251,Piggvar rå,"Järn, Fe",Fisk färsk fryst kokt,0.5,mg
1251,Piggvar rå,Energi (kJ),Fisk färsk fryst kokt,347.0,kJ
1251,Piggvar rå,Energi (kcal),Fisk färsk fryst kokt,83.0,kcal
1251,Piggvar rå,Disackarider,Fisk färsk fryst kokt,0.0,g
1251,Piggvar rå,"Kalcium, Ca",Fisk färsk fryst kokt,17.0,mg
1251,Piggvar rå,Fettsyra 4:0-10:0,Fisk färsk fryst kokt,0.0,g
1251,Piggvar rå,DHA (C22:6),Fisk färsk fryst kokt,0.1,g
1251,Piggvar rå,DPA (C22:5),Fisk färsk fryst kokt,0.0,g
1251,Piggvar rå,EPA (C20:5),Fisk färsk fryst kokt,0.2,g
1251,Piggvar rå,Arakidonsyra C20:4,Fisk färsk fryst kokt,0.0,g
1251,Piggvar rå,Arakidinsyra C20:0,Fisk färsk fryst kokt,0.0,g
1251,Piggvar rå,Linolensyra C18:3,Fisk färsk fryst kokt,0.0,g
1251,Piggvar rå,Linolsyra C18:2,Fisk färsk fryst kokt,0.1,g
1251,Piggvar rå,Oljesyra C18:1,Fisk färsk fryst kokt,0.2,g
1251,Piggvar rå,Stearinsyra C18:0,Fisk färsk fryst kokt,0.0,g
1251,Piggvar rå,Palmitoljesyra C16:1,Fisk färsk fryst kokt,0.1,g
1251,Piggvar rå,Palmitinsyra C16:0,Fisk färsk fryst kokt,0.2,g
1251,Piggvar rå,Myristinsyra C14:0,Fisk färsk fryst kokt,0.0,g
1251,Piggvar rå,Laurinsyra C12:0,Fisk färsk fryst kokt,0.0,g
1251,Piggvar rå,Betakaroten/β-Karoten,Fisk färsk fryst kokt,0.0,µg
1251,Piggvar rå,Avfall (skal etc.),Fisk färsk fryst kokt,51.0,%
1251,Piggvar rå,Aska,Fisk färsk fryst kokt,1.2,g
1251,Piggvar rå,Alkohol,Fisk färsk fryst kokt,0.0,g
1252,Sik urtagen varmrökt,"Zink, Zn",Fisk rökt,1.0,mg
1252,Sik urtagen varmrökt,Vitamin E,Fisk rökt,1.1,mg
1252,Sik urtagen varmrökt,Vitamin D,Fisk rökt,10.6,µg
1252,Sik urtagen varmrökt,Vitamin C,Fisk rökt,0.0,mg
1252,Sik urtagen varmrökt,Vitamin B6,Fisk rökt,0.25,mg
1252,Sik urtagen varmrökt,Vitamin B12,Fisk rökt,4.8,µg
1252,Sik urtagen varmrökt,Vitamin A,Fisk rökt,21.0,RE/µg
1252,Sik urtagen varmrökt,Vatten,Fisk rökt,69.7,g
1252,Sik urtagen varmrökt,Tiamin,Fisk rökt,0.11,mg
1252,Sik urtagen varmrökt,Tillsatt socker,Fisk rökt,0.0,g
1252,Sik urtagen varmrökt,Fritt socker,Fisk rökt,0.0,g
1252,Sik urtagen varmrökt,"Selen, Se",Fisk rökt,38.3,µg
1252,Sik urtagen varmrökt,Sackaros,Fisk rökt,0.0,g
1252,Sik urtagen varmrökt,Riboflavin,Fisk rökt,0.13,mg
1252,Sik urtagen varmrökt,Retinol,Fisk rökt,21.0,µg
1252,Sik urtagen varmrökt,Protein,Fisk rökt,21.8,g
1252,Sik urtagen varmrökt,Summa fleromättade fettsyror,Fisk rökt,1.9,g
1252,Sik urtagen varmrökt,"Fosfor, P",Fisk rökt,274.0,mg
1252,Sik urtagen varmrökt,Niacinekvivalenter,Fisk rökt,7.1,NE/mg
1252,Sik urtagen varmrökt,Niacin,Fisk rökt,3.1,mg
1252,Sik urtagen varmrökt,"Salt, NaCl",Fisk rökt,2.7,g
1252,Sik urtagen varmrökt,"Natrium, Na",Fisk rökt,1090.0,mg
1252,Sik urtagen varmrökt,Monosackarider,Fisk rökt,0.0,g
1252,Sik urtagen varmrökt,"Sockerarter, totalt",Fisk rökt,0.0,g
1252,Sik urtagen varmrökt,Summa enkelomättade fettsyror,Fisk rökt,1.5,g
1252,Sik urtagen varmrökt,"Magnesium, Mg",Fisk rökt,33.0,mg
1252,Sik urtagen varmrökt,Summa mättade fettsyror,Fisk rökt,1.1,g
1252,Sik urtagen varmrökt,"Kolhydrater, tillgängliga",Fisk rökt,0.0,g
1252,Sik urtagen varmrökt,Kolesterol,Fisk rökt,51.7,mg
1252,Sik urtagen varmrökt,"Kalium, K",Fisk rökt,202.0,mg
1252,Sik urtagen varmrökt,"Jod, I",Fisk rökt,11.0,µg
1252,Sik urtagen varmrökt,Fullkorn totalt,Fisk rökt,0.0,g
1252,Sik urtagen varmrökt,"Folat, totalt",Fisk rökt,4.6,µg
1252,Sik urtagen varmrökt,Fibrer,Fisk rökt,0.0,g
1252,Sik urtagen varmrökt,"Fett, totalt",Fisk rökt,5.0,g
1252,Sik urtagen varmrökt,"Järn, Fe",Fisk rökt,0.5,mg
1252,Sik urtagen varmrökt,Energi (kJ),Fisk rökt,554.0,kJ
1252,Sik urtagen varmrökt,Energi (kcal),Fisk rökt,132.0,kcal
1252,Sik urtagen varmrökt,Disackarider,Fisk rökt,0.0,g
1252,Sik urtagen varmrökt,"Kalcium, Ca",Fisk rökt,29.0,mg
1252,Sik urtagen varmrökt,Fettsyra 4:0-10:0,Fisk rökt,0.0,g
1252,Sik urtagen varmrökt,DHA (C22:6),Fisk rökt,0.6,g
1252,Sik urtagen varmrökt,DPA (C22:5),Fisk rökt,0.1,g
1252,Sik urtagen varmrökt,EPA (C20:5),Fisk rökt,0.3,g
1252,Sik urtagen varmrökt,Arakidonsyra C20:4,Fisk rökt,0.1,g
1252,Sik urtagen varmrökt,Arakidinsyra C20:0,Fisk rökt,0.0,g
1252,Sik urtagen varmrökt,Linolensyra C18:3,Fisk rökt,0.1,g
1252,Sik urtagen varmrökt,Linolsyra C18:2,Fisk rökt,0.2,g
1252,Sik urtagen varmrökt,Oljesyra C18:1,Fisk rökt,0.9,g
1252,Sik urtagen varmrökt,Stearinsyra C18:0,Fisk rökt,0.2,g
1252,Sik urtagen varmrökt,Palmitoljesyra C16:1,Fisk rökt,0.4,g
1252,Sik urtagen varmrökt,Palmitinsyra C16:0,Fisk rökt,0.8,g
1252,Sik urtagen varmrökt,Myristinsyra C14:0,Fisk rökt,0.2,g
1252,Sik urtagen varmrökt,Laurinsyra C12:0,Fisk rökt,0.0,g
1252,Sik urtagen varmrökt,Betakaroten/β-Karoten,Fisk rökt,0.0,µg
1252,Sik urtagen varmrökt,Avfall (skal etc.),Fisk rökt,34.0,%
1252,Sik urtagen varmrökt,Aska,Fisk rökt,3.5,g
1252,Sik urtagen varmrökt,Alkohol,Fisk rökt,0.0,g
1253,Abborre rå,"Zink, Zn",Fisk färsk fryst kokt,0.5,mg
1253,Abborre rå,Vitamin E,Fisk färsk fryst kokt,0.7,mg
1253,Abborre rå,Vitamin D,Fisk färsk fryst kokt,21.4,µg
1253,Abborre rå,Vitamin C,Fisk färsk fryst kokt,0.0,mg
1253,Abborre rå,Vitamin B6,Fisk färsk fryst kokt,0.47,mg
1253,Abborre rå,Vitamin B12,Fisk färsk fryst kokt,3.49,µg
1253,Abborre rå,Vitamin A,Fisk färsk fryst kokt,15.4,RE/µg
1253,Abborre rå,Vatten,Fisk färsk fryst kokt,78.6,g
1253,Abborre rå,Tiamin,Fisk färsk fryst kokt,0.15,mg
1253,Abborre rå,Tillsatt socker,Fisk färsk fryst kokt,0.0,g
1253,Abborre rå,Fritt socker,Fisk färsk fryst kokt,0.0,g
1253,Abborre rå,"Selen, Se",Fisk färsk fryst kokt,44.1,µg
1253,Abborre rå,Sackaros,Fisk färsk fryst kokt,0.0,g
1253,Abborre rå,Riboflavin,Fisk färsk fryst kokt,0.11,mg
1253,Abborre rå,Retinol,Fisk färsk fryst kokt,15.4,µg
1253,Abborre rå,Protein,Fisk färsk fryst kokt,19.8,g
1253,Abborre rå,Summa fleromättade fettsyror,Fisk färsk fryst kokt,0.2,g
1253,Abborre rå,"Fosfor, P",Fisk färsk fryst kokt,219.0,mg
1253,Abborre rå,Niacinekvivalenter,Fisk färsk fryst kokt,8.9,NE/mg
1253,Abborre rå,Niacin,Fisk färsk fryst kokt,5.25,mg
1253,Abborre rå,"Salt, NaCl",Fisk färsk fryst kokt,0.1,g
1253,Abborre rå,"Natrium, Na",Fisk färsk fryst kokt,33.0,mg
1253,Abborre rå,Monosackarider,Fisk färsk fryst kokt,0.0,g
1253,Abborre rå,"Sockerarter, totalt",Fisk färsk fryst kokt,0.0,g
1253,Abborre rå,Summa enkelomättade fettsyror,Fisk färsk fryst kokt,0.1,g
1253,Abborre rå,"Magnesium, Mg",Fisk färsk fryst kokt,27.0,mg
1253,Abborre rå,Summa mättade fettsyror,Fisk färsk fryst kokt,0.1,g
1253,Abborre rå,"Kolhydrater, tillgängliga",Fisk färsk fryst kokt,0.0,g
1253,Abborre rå,Kolesterol,Fisk färsk fryst kokt,77.8,mg
1253,Abborre rå,"Kalium, K",Fisk färsk fryst kokt,389.0,mg
1253,Abborre rå,"Jod, I",Fisk färsk fryst kokt,8.0,µg
1253,Abborre rå,Fullkorn totalt,Fisk färsk fryst kokt,0.0,g
1253,Abborre rå,"Folat, totalt",Fisk färsk fryst kokt,11.6,µg
1253,Abborre rå,Fibrer,Fisk färsk fryst kokt,0.0,g
1253,Abborre rå,"Fett, totalt",Fisk färsk fryst kokt,0.6,g
1253,Abborre rå,"Järn, Fe",Fisk färsk fryst kokt,0.2,mg
1253,Abborre rå,Energi (kJ),Fisk färsk fryst kokt,359.0,kJ
1253,Abborre rå,Energi (kcal),Fisk färsk fryst kokt,86.0,kcal
1253,Abborre rå,Disackarider,Fisk färsk fryst kokt,0.0,g
1253,Abborre rå,"Kalcium, Ca",Fisk färsk fryst kokt,16.0,mg
1253,Abborre rå,Fettsyra 4:0-10:0,Fisk färsk fryst kokt,0.0,g
1253,Abborre rå,DHA (C22:6),Fisk färsk fryst kokt,0.1,g
1253,Abborre rå,DPA (C22:5),Fisk färsk fryst kokt,0.0,g
1253,Abborre rå,EPA (C20:5),Fisk färsk fryst kokt,0.0,g
1253,Abborre rå,Arakidonsyra C20:4,Fisk färsk fryst kokt,0.0,g
1253,Abborre rå,Arakidinsyra C20:0,Fisk färsk fryst kokt,0.0,g
1253,Abborre rå,Linolensyra C18:3,Fisk färsk fryst kokt,0.0,g
1253,Abborre rå,Linolsyra C18:2,Fisk färsk fryst kokt,0.0,g
1253,Abborre rå,Oljesyra C18:1,Fisk färsk fryst kokt,0.0,g
1253,Abborre rå,Stearinsyra C18:0,Fisk färsk fryst kokt,0.0,g
1253,Abborre rå,Palmitoljesyra C16:1,Fisk färsk fryst kokt,0.0,g
1253,Abborre rå,Palmitinsyra C16:0,Fisk färsk fryst kokt,0.1,g
1253,Abborre rå,Myristinsyra C14:0,Fisk färsk fryst kokt,0.0,g
1253,Abborre rå,Laurinsyra C12:0,Fisk färsk fryst kokt,0.0,g
1253,Abborre rå,Betakaroten/β-Karoten,Fisk färsk fryst kokt,0.0,µg
1253,Abborre rå,Avfall (skal etc.),Fisk färsk fryst kokt,60.0,%
1253,Abborre rå,Aska,Fisk färsk fryst kokt,1.0,g
1253,Abborre rå,Alkohol,Fisk färsk fryst kokt,0.0,g
1255,Lax odlad Norge fjordlax rå,"Zink, Zn",Fisk färsk fryst kokt,0.3,mg
1255,Lax odlad Norge fjordlax rå,Vitamin E,Fisk färsk fryst kokt,4.6,mg
1255,Lax odlad Norge fjordlax rå,Vitamin D inkl 25-OH-D3,Fisk färsk fryst kokt,9.16,µg
1255,Lax odlad Norge fjordlax rå,Vitamin D,Fisk färsk fryst kokt,7.37,µg
1255,Lax odlad Norge fjordlax rå,Vitamin C,Fisk färsk fryst kokt,0.0,mg
1255,Lax odlad Norge fjordlax rå,Vitamin B6,Fisk färsk fryst kokt,0.63,mg
1255,Lax odlad Norge fjordlax rå,Vitamin B12,Fisk färsk fryst kokt,5.25,µg
1255,Lax odlad Norge fjordlax rå,Vitamin A,Fisk färsk fryst kokt,3.7,RE/µg
1255,Lax odlad Norge fjordlax rå,Vatten,Fisk färsk fryst kokt,63.8,g
1255,Lax odlad Norge fjordlax rå,Tiamin,Fisk färsk fryst kokt,0.29,mg
1255,Lax odlad Norge fjordlax rå,Tillsatt socker,Fisk färsk fryst kokt,0.0,g
1255,Lax odlad Norge fjordlax rå,Fritt socker,Fisk färsk fryst kokt,0.0,g
1255,Lax odlad Norge fjordlax rå,"Selen, Se",Fisk färsk fryst kokt,16.8,µg
1255,Lax odlad Norge fjordlax rå,Sackaros,Fisk färsk fryst kokt,0.0,g
1255,Lax odlad Norge fjordlax rå,Riboflavin,Fisk färsk fryst kokt,0.07,mg
1255,Lax odlad Norge fjordlax rå,Retinol,Fisk färsk fryst kokt,3.7,µg
1255,Lax odlad Norge fjordlax rå,Protein,Fisk färsk fryst kokt,20.2,g
1255,Lax odlad Norge fjordlax rå,Summa fleromättade fettsyror,Fisk färsk fryst kokt,4.1,g
1255,Lax odlad Norge fjordlax rå,"Fosfor, P",Fisk färsk fryst kokt,234.0,mg
1255,Lax odlad Norge fjordlax rå,Niacinekvivalenter,Fisk färsk fryst kokt,11.4,NE/mg
1255,Lax odlad Norge fjordlax rå,Niacin,Fisk färsk fryst kokt,8.03,mg
1255,Lax odlad Norge fjordlax rå,"Salt, NaCl",Fisk färsk fryst kokt,0.1,g
1255,Lax odlad Norge fjordlax rå,"Natrium, Na",Fisk färsk fryst kokt,37.0,mg
1255,Lax odlad Norge fjordlax rå,Monosackarider,Fisk färsk fryst kokt,0.0,g
1255,Lax odlad Norge fjordlax rå,"Sockerarter, totalt",Fisk färsk fryst kokt,0.0,g
1255,Lax odlad Norge fjordlax rå,Summa enkelomättade fettsyror,Fisk färsk fryst kokt,6.7,g
1255,Lax odlad Norge fjordlax rå,"Magnesium, Mg",Fisk färsk fryst kokt,26.0,mg
1255,Lax odlad Norge fjordlax rå,Summa mättade fettsyror,Fisk färsk fryst kokt,1.9,g
1255,Lax odlad Norge fjordlax rå,"Kolhydrater, tillgängliga",Fisk färsk fryst kokt,0.7,g
1255,Lax odlad Norge fjordlax rå,Kolesterol,Fisk färsk fryst kokt,63.9,mg
1255,Lax odlad Norge fjordlax rå,"Kalium, K",Fisk färsk fryst kokt,354.0,mg
1255,Lax odlad Norge fjordlax rå,"Jod, I",Fisk färsk fryst kokt,17.3,µg
1255,Lax odlad Norge fjordlax rå,Fullkorn totalt,Fisk färsk fryst kokt,0.0,g
1255,Lax odlad Norge fjordlax rå,"Folat, totalt",Fisk färsk fryst kokt,5.3,µg
1255,Lax odlad Norge fjordlax rå,Fibrer,Fisk färsk fryst kokt,0.0,g
1255,Lax odlad Norge fjordlax rå,"Fett, totalt",Fisk färsk fryst kokt,14.1,g
1255,Lax odlad Norge fjordlax rå,"Järn, Fe",Fisk färsk fryst kokt,0.2,mg
1255,Lax odlad Norge fjordlax rå,Energi (kJ),Fisk färsk fryst kokt,878.0,kJ
1255,Lax odlad Norge fjordlax rå,Energi (kcal),Fisk färsk fryst kokt,210.0,kcal
1255,Lax odlad Norge fjordlax rå,Disackarider,Fisk färsk fryst kokt,0.0,g
1255,Lax odlad Norge fjordlax rå,"Kalcium, Ca",Fisk färsk fryst kokt,5.0,mg
1255,Lax odlad Norge fjordlax rå,Fettsyra 4:0-10:0,Fisk färsk fryst kokt,0.0,g
1255,Lax odlad Norge fjordlax rå,DHA (C22:6),Fisk färsk fryst kokt,0.6,g
1255,Lax odlad Norge fjordlax rå,DPA (C22:5),Fisk färsk fryst kokt,0.1,g
1255,Lax odlad Norge fjordlax rå,EPA (C20:5),Fisk färsk fryst kokt,0.3,g
1255,Lax odlad Norge fjordlax rå,Arakidonsyra C20:4,Fisk färsk fryst kokt,0.1,g
1255,Lax odlad Norge fjordlax rå,Arakidinsyra C20:0,Fisk färsk fryst kokt,0.0,g
1255,Lax odlad Norge fjordlax rå,Linolensyra C18:3,Fisk färsk fryst kokt,0.8,g
1255,Lax odlad Norge fjordlax rå,Linolsyra C18:2,Fisk färsk fryst kokt,1.8,g
1255,Lax odlad Norge fjordlax rå,Oljesyra C18:1,Fisk färsk fryst kokt,5.5,g
1255,Lax odlad Norge fjordlax rå,Stearinsyra C18:0,Fisk färsk fryst kokt,0.3,g
1255,Lax odlad Norge fjordlax rå,Palmitoljesyra C16:1,Fisk färsk fryst kokt,0.3,g
1255,Lax odlad Norge fjordlax rå,Palmitinsyra C16:0,Fisk färsk fryst kokt,1.2,g
1255,Lax odlad Norge fjordlax rå,Myristinsyra C14:0,Fisk färsk fryst kokt,0.3,g
1255,Lax odlad Norge fjordlax rå,Laurinsyra C12:0,Fisk färsk fryst kokt,0.0,g
1255,Lax odlad Norge fjordlax rå,Betakaroten/β-Karoten,Fisk färsk fryst kokt,0.0,µg
1255,Lax odlad Norge fjordlax rå,Avfall (skal etc.),Fisk färsk fryst kokt,35.0,%
1255,Lax odlad Norge fjordlax rå,Aska,Fisk färsk fryst kokt,1.2,g
1255,Lax odlad Norge fjordlax rå,Alkohol,Fisk färsk fryst kokt,0.0,g
1256,Öring Sverige rå,"Zink, Zn",Fisk färsk fryst kokt,0.3,mg
1256,Öring Sverige rå,Vitamin E,Fisk färsk fryst kokt,0.3,mg
1256,Öring Sverige rå,Vitamin D,Fisk färsk fryst kokt,13.2,µg
1256,Öring Sverige rå,Vitamin C,Fisk färsk fryst kokt,0.0,mg
1256,Öring Sverige rå,Vitamin B6,Fisk färsk fryst kokt,0.59,mg
1256,Öring Sverige rå,Vitamin B12,Fisk färsk fryst kokt,2.45,µg
1256,Öring Sverige rå,Vitamin A,Fisk färsk fryst kokt,3.8,RE/µg
1256,Öring Sverige rå,Vatten,Fisk färsk fryst kokt,73.7,g
1256,Öring Sverige rå,Tiamin,Fisk färsk fryst kokt,0.05,mg
1256,Öring Sverige rå,Tillsatt socker,Fisk färsk fryst kokt,0.0,g
1256,Öring Sverige rå,Fritt socker,Fisk färsk fryst kokt,0.0,g
1256,Öring Sverige rå,"Selen, Se",Fisk färsk fryst kokt,25.4,µg
1256,Öring Sverige rå,Sackaros,Fisk färsk fryst kokt,0.0,g
1256,Öring Sverige rå,Riboflavin,Fisk färsk fryst kokt,0.09,mg
1256,Öring Sverige rå,Retinol,Fisk färsk fryst kokt,3.8,µg
1256,Öring Sverige rå,Protein,Fisk färsk fryst kokt,22.0,g
1256,Öring Sverige rå,Summa fleromättade fettsyror,Fisk färsk fryst kokt,0.9,g
1256,Öring Sverige rå,"Fosfor, P",Fisk färsk fryst kokt,248.0,mg
1256,Öring Sverige rå,Niacinekvivalenter,Fisk färsk fryst kokt,12.0,NE/mg
1256,Öring Sverige rå,Niacin,Fisk färsk fryst kokt,7.94,mg
1256,Öring Sverige rå,"Salt, NaCl",Fisk färsk fryst kokt,0.1,g
1256,Öring Sverige rå,"Natrium, Na",Fisk färsk fryst kokt,26.0,mg
1256,Öring Sverige rå,Monosackarider,Fisk färsk fryst kokt,0.0,g
1256,Öring Sverige rå,"Sockerarter, totalt",Fisk färsk fryst kokt,0.0,g
1256,Öring Sverige rå,Summa enkelomättade fettsyror,Fisk färsk fryst kokt,1.0,g
1256,Öring Sverige rå,"Magnesium, Mg",Fisk färsk fryst kokt,28.0,mg
1256,Öring Sverige rå,Summa mättade fettsyror,Fisk färsk fryst kokt,0.6,g
1256,Öring Sverige rå,"Kolhydrater, tillgängliga",Fisk färsk fryst kokt,0.0,g
1256,Öring Sverige rå,Kolesterol,Fisk färsk fryst kokt,39.0,mg
1256,Öring Sverige rå,"Kalium, K",Fisk färsk fryst kokt,517.0,mg
1256,Öring Sverige rå,"Jod, I",Fisk färsk fryst kokt,47.0,µg
1256,Öring Sverige rå,Fullkorn totalt,Fisk färsk fryst kokt,0.0,g
1256,Öring Sverige rå,"Folat, totalt",Fisk färsk fryst kokt,10.4,µg
1256,Öring Sverige rå,Fibrer,Fisk färsk fryst kokt,0.0,g
1256,Öring Sverige rå,"Fett, totalt",Fisk färsk fryst kokt,2.9,g
1256,Öring Sverige rå,"Järn, Fe",Fisk färsk fryst kokt,0.3,mg
1256,Öring Sverige rå,Energi (kJ),Fisk färsk fryst kokt,481.0,kJ
1256,Öring Sverige rå,Energi (kcal),Fisk färsk fryst kokt,115.0,kcal
1256,Öring Sverige rå,Disackarider,Fisk färsk fryst kokt,0.0,g
1256,Öring Sverige rå,"Kalcium, Ca",Fisk färsk fryst kokt,5.0,mg
1256,Öring Sverige rå,Fettsyra 4:0-10:0,Fisk färsk fryst kokt,0.0,g
1256,Öring Sverige rå,DHA (C22:6),Fisk färsk fryst kokt,0.4,g
1256,Öring Sverige rå,DPA (C22:5),Fisk färsk fryst kokt,0.1,g
1256,Öring Sverige rå,EPA (C20:5),Fisk färsk fryst kokt,0.1,g
1256,Öring Sverige rå,Arakidonsyra C20:4,Fisk färsk fryst kokt,0.1,g
1256,Öring Sverige rå,Arakidinsyra C20:0,Fisk färsk fryst kokt,0.0,g
1256,Öring Sverige rå,Linolensyra C18:3,Fisk färsk fryst kokt,0.0,g
1256,Öring Sverige rå,Linolsyra C18:2,Fisk färsk fryst kokt,0.1,g
1256,Öring Sverige rå,Oljesyra C18:1,Fisk färsk fryst kokt,0.8,g
1256,Öring Sverige rå,Stearinsyra C18:0,Fisk färsk fryst kokt,0.1,g
1256,Öring Sverige rå,Palmitoljesyra C16:1,Fisk färsk fryst kokt,0.2,g
1256,Öring Sverige rå,Palmitinsyra C16:0,Fisk färsk fryst kokt,0.4,g
1256,Öring Sverige rå,Myristinsyra C14:0,Fisk färsk fryst kokt,0.1,g
1256,Öring Sverige rå,Laurinsyra C12:0,Fisk färsk fryst kokt,0.0,g
1256,Öring Sverige rå,Betakaroten/β-Karoten,Fisk färsk fryst kokt,0.0,µg
1256,Öring Sverige rå,Avfall (skal etc.),Fisk färsk fryst kokt,30.0,%
1256,Öring Sverige rå,Aska,Fisk färsk fryst kokt,1.3,g
1256,Öring Sverige rå,Alkohol,Fisk färsk fryst kokt,0.0,g
1257,Lake rå,"Zink, Zn",Fisk färsk fryst kokt,0.7,mg
1257,Lake rå,Vitamin E,Fisk färsk fryst kokt,0.2,mg
1257,Lake rå,Vitamin D,Fisk färsk fryst kokt,4.9,µg
1257,Lake rå,Vitamin C,Fisk färsk fryst kokt,0.0,mg
1257,Lake rå,Vitamin B6,Fisk färsk fryst kokt,0.24,mg
1257,Lake rå,Vitamin B12,Fisk färsk fryst kokt,4.43,µg
1257,Lake rå,Vitamin A,Fisk färsk fryst kokt,0.0,RE/µg
1257,Lake rå,Vatten,Fisk färsk fryst kokt,81.0,g
1257,Lake rå,Tiamin,Fisk färsk fryst kokt,0.13,mg
1257,Lake rå,Tillsatt socker,Fisk färsk fryst kokt,0.0,g
1257,Lake rå,Fritt socker,Fisk färsk fryst kokt,0.0,g
1257,Lake rå,"Selen, Se",Fisk färsk fryst kokt,27.3,µg
1257,Lake rå,Sackaros,Fisk färsk fryst kokt,0.0,g
1257,Lake rå,Riboflavin,Fisk färsk fryst kokt,0.1,mg
1257,Lake rå,Retinol,Fisk färsk fryst kokt,0.0,µg
1257,Lake rå,Protein,Fisk färsk fryst kokt,16.5,g
1257,Lake rå,Summa fleromättade fettsyror,Fisk färsk fryst kokt,0.1,g
1257,Lake rå,"Fosfor, P",Fisk färsk fryst kokt,176.0,mg
1257,Lake rå,Niacinekvivalenter,Fisk färsk fryst kokt,5.9,NE/mg
1257,Lake rå,Niacin,Fisk färsk fryst kokt,2.89,mg
1257,Lake rå,"Salt, NaCl",Fisk färsk fryst kokt,0.2,g
1257,Lake rå,"Natrium, Na",Fisk färsk fryst kokt,74.0,mg
1257,Lake rå,Monosackarider,Fisk färsk fryst kokt,0.0,g
1257,Lake rå,"Sockerarter, totalt",Fisk färsk fryst kokt,0.0,g
1257,Lake rå,Summa enkelomättade fettsyror,Fisk färsk fryst kokt,0.1,g
1257,Lake rå,"Magnesium, Mg",Fisk färsk fryst kokt,21.0,mg
1257,Lake rå,Summa mättade fettsyror,Fisk färsk fryst kokt,0.1,g
1257,Lake rå,"Kolhydrater, tillgängliga",Fisk färsk fryst kokt,0.0,g
1257,Lake rå,Kolesterol,Fisk färsk fryst kokt,53.1,mg
1257,Lake rå,"Kalium, K",Fisk färsk fryst kokt,373.0,mg
1257,Lake rå,"Jod, I",Fisk färsk fryst kokt,44.0,µg
1257,Lake rå,Fullkorn totalt,Fisk färsk fryst kokt,0.0,g
1257,Lake rå,"Folat, totalt",Fisk färsk fryst kokt,14.9,µg
1257,Lake rå,Fibrer,Fisk färsk fryst kokt,0.0,g
1257,Lake rå,"Fett, totalt",Fisk färsk fryst kokt,0.4,g
1257,Lake rå,"Järn, Fe",Fisk färsk fryst kokt,0.3,mg
1257,Lake rå,Energi (kJ),Fisk färsk fryst kokt,297.0,kJ
1257,Lake rå,Energi (kcal),Fisk färsk fryst kokt,71.0,kcal
1257,Lake rå,Disackarider,Fisk färsk fryst kokt,0.0,g
1257,Lake rå,"Kalcium, Ca",Fisk färsk fryst kokt,14.0,mg
1257,Lake rå,Fettsyra 4:0-10:0,Fisk färsk fryst kokt,0.0,g
1257,Lake rå,DHA (C22:6),Fisk färsk fryst kokt,0.1,g
1257,Lake rå,DPA (C22:5),Fisk färsk fryst kokt,0.0,g
1257,Lake rå,EPA (C20:5),Fisk färsk fryst kokt,0.0,g
1257,Lake rå,Arakidonsyra C20:4,Fisk färsk fryst kokt,0.0,g
1257,Lake rå,Arakidinsyra C20:0,Fisk färsk fryst kokt,0.0,g
1257,Lake rå,Linolensyra C18:3,Fisk färsk fryst kokt,0.0,g
1257,Lake rå,Linolsyra C18:2,Fisk färsk fryst kokt,0.0,g
1257,Lake rå,Oljesyra C18:1,Fisk färsk fryst kokt,0.1,g
1257,Lake rå,Stearinsyra C18:0,Fisk färsk fryst kokt,0.0,g
1257,Lake rå,Palmitoljesyra C16:1,Fisk färsk fryst kokt,0.0,g
1257,Lake rå,Palmitinsyra C16:0,Fisk färsk fryst kokt,0.0,g
1257,Lake rå,Myristinsyra C14:0,Fisk färsk fryst kokt,0.0,g
1257,Lake rå,Laurinsyra C12:0,Fisk färsk fryst kokt,0.0,g
1257,Lake rå,Betakaroten/β-Karoten,Fisk färsk fryst kokt,0.0,µg
1257,Lake rå,Avfall (skal etc.),Fisk färsk fryst kokt,45.0,%
1257,Lake rå,Aska,Fisk färsk fryst kokt,1.0,g
1257,Lake rå,Alkohol,Fisk färsk fryst kokt,0.0,g
1258,Rödspätta rå,"Zink, Zn",Fisk färsk fryst kokt,0.3,mg
1258,Rödspätta rå,Vitamin E,Fisk färsk fryst kokt,0.7,mg
1258,Rödspätta rå,Vitamin D inkl 25-OH-D3,Fisk färsk fryst kokt,4.05,µg
1258,Rödspätta rå,Vitamin D,Fisk färsk fryst kokt,4.05,µg
1258,Rödspätta rå,Vitamin C,Fisk färsk fryst kokt,0.0,mg
1258,Rödspätta rå,Vitamin B6,Fisk färsk fryst kokt,0.15,mg
1258,Rödspätta rå,Vitamin B12,Fisk färsk fryst kokt,0.94,µg
1258,Rödspätta rå,Vitamin A,Fisk färsk fryst kokt,0.0,RE/µg
1258,Rödspätta rå,Vatten,Fisk färsk fryst kokt,85.9,g
1258,Rödspätta rå,Tiamin,Fisk färsk fryst kokt,0.09,mg
1258,Rödspätta rå,Tillsatt socker,Fisk färsk fryst kokt,0.0,g
1258,Rödspätta rå,Fritt socker,Fisk färsk fryst kokt,0.0,g
1258,Rödspätta rå,"Selen, Se",Fisk färsk fryst kokt,62.0,µg
1258,Rödspätta rå,Sackaros,Fisk färsk fryst kokt,0.0,g
1258,Rödspätta rå,Riboflavin,Fisk färsk fryst kokt,0.13,mg
1258,Rödspätta rå,Retinol,Fisk färsk fryst kokt,0.0,µg
1258,Rödspätta rå,Protein,Fisk färsk fryst kokt,12.4,g
1258,Rödspätta rå,Summa fleromättade fettsyror,Fisk färsk fryst kokt,0.2,g
1258,Rödspätta rå,"Fosfor, P",Fisk färsk fryst kokt,120.0,mg
1258,Rödspätta rå,Niacinekvivalenter,Fisk färsk fryst kokt,3.6,NE/mg
1258,Rödspätta rå,Niacin,Fisk färsk fryst kokt,1.54,mg
1258,Rödspätta rå,"Salt, NaCl",Fisk färsk fryst kokt,0.7,g
1258,Rödspätta rå,"Natrium, Na",Fisk färsk fryst kokt,290.0,mg
1258,Rödspätta rå,Monosackarider,Fisk färsk fryst kokt,0.0,g
1258,Rödspätta rå,"Sockerarter, totalt",Fisk färsk fryst kokt,0.0,g
1258,Rödspätta rå,Summa enkelomättade fettsyror,Fisk färsk fryst kokt,0.1,g
1258,Rödspätta rå,"Magnesium, Mg",Fisk färsk fryst kokt,13.0,mg
1258,Rödspätta rå,Summa mättade fettsyror,Fisk färsk fryst kokt,0.1,g
1258,Rödspätta rå,"Kolhydrater, tillgängliga",Fisk färsk fryst kokt,0.0,g
1258,Rödspätta rå,Kolesterol,Fisk färsk fryst kokt,32.2,mg
1258,Rödspätta rå,"Kalium, K",Fisk färsk fryst kokt,170.0,mg
1258,Rödspätta rå,"Jod, I",Fisk färsk fryst kokt,21.0,µg
1258,Rödspätta rå,Fullkorn totalt,Fisk färsk fryst kokt,0.0,g
1258,Rödspätta rå,"Folat, totalt",Fisk färsk fryst kokt,11.9,µg
1258,Rödspätta rå,Fibrer,Fisk färsk fryst kokt,0.0,g
1258,Rödspätta rå,"Fett, totalt",Fisk färsk fryst kokt,0.6,g
1258,Rödspätta rå,"Järn, Fe",Fisk färsk fryst kokt,0.1,mg
1258,Rödspätta rå,Energi (kJ),Fisk färsk fryst kokt,234.0,kJ
1258,Rödspätta rå,Energi (kcal),Fisk färsk fryst kokt,56.0,kcal
1258,Rödspätta rå,Disackarider,Fisk färsk fryst kokt,0.0,g
1258,Rödspätta rå,"Kalcium, Ca",Fisk färsk fryst kokt,24.0,mg
1258,Rödspätta rå,Fettsyra 4:0-10:0,Fisk färsk fryst kokt,0.0,g
1258,Rödspätta rå,DHA (C22:6),Fisk färsk fryst kokt,0.0,g
1258,Rödspätta rå,DPA (C22:5),Fisk färsk fryst kokt,0.0,g
1258,Rödspätta rå,EPA (C20:5),Fisk färsk fryst kokt,0.0,g
1258,Rödspätta rå,Arakidonsyra C20:4,Fisk färsk fryst kokt,0.0,g
1258,Rödspätta rå,Arakidinsyra C20:0,Fisk färsk fryst kokt,0.0,g
1258,Rödspätta rå,Linolensyra C18:3,Fisk färsk fryst kokt,0.0,g
1258,Rödspätta rå,Linolsyra C18:2,Fisk färsk fryst kokt,0.0,g
1258,Rödspätta rå,Oljesyra C18:1,Fisk färsk fryst kokt,0.1,g
1258,Rödspätta rå,Stearinsyra C18:0,Fisk färsk fryst kokt,0.0,g
1258,Rödspätta rå,Palmitoljesyra C16:1,Fisk färsk fryst kokt,0.0,g
1258,Rödspätta rå,Palmitinsyra C16:0,Fisk färsk fryst kokt,0.1,g
1258,Rödspätta rå,Myristinsyra C14:0,Fisk färsk fryst kokt,0.0,g
1258,Rödspätta rå,Laurinsyra C12:0,Fisk färsk fryst kokt,0.0,g
1258,Rödspätta rå,Betakaroten/β-Karoten,Fisk färsk fryst kokt,0.0,µg
1258,Rödspätta rå,Avfall (skal etc.),Fisk färsk fryst kokt,49.0,%
1258,Rödspätta rå,Aska,Fisk färsk fryst kokt,1.4,g
1258,Rödspätta rå,Alkohol,Fisk färsk fryst kokt,0.0,g
1259,Sik rå,"Zink, Zn",Fisk färsk fryst kokt,0.4,mg
1259,Sik rå,Vitamin E,Fisk färsk fryst kokt,0.4,mg
1259,Sik rå,Vitamin D,Fisk färsk fryst kokt,8.0,µg
1259,Sik rå,Vitamin C,Fisk färsk fryst kokt,0.0,mg
1259,Sik rå,Vitamin B6,Fisk färsk fryst kokt,0.51,mg
1259,Sik rå,Vitamin B12,Fisk färsk fryst kokt,3.22,µg
1259,Sik rå,Vitamin A,Fisk färsk fryst kokt,0.0,RE/µg
1259,Sik rå,Vatten,Fisk färsk fryst kokt,77.2,g
1259,Sik rå,Tiamin,Fisk färsk fryst kokt,0.1,mg
1259,Sik rå,Tillsatt socker,Fisk färsk fryst kokt,0.0,g
1259,Sik rå,Fritt socker,Fisk färsk fryst kokt,0.0,g
1259,Sik rå,"Selen, Se",Fisk färsk fryst kokt,24.9,µg
1259,Sik rå,Sackaros,Fisk färsk fryst kokt,0.0,g
1259,Sik rå,Riboflavin,Fisk färsk fryst kokt,0.06,mg
1259,Sik rå,Retinol,Fisk färsk fryst kokt,0.0,µg
1259,Sik rå,Protein,Fisk färsk fryst kokt,20.9,g
1259,Sik rå,Summa fleromättade fettsyror,Fisk färsk fryst kokt,0.2,g
1259,Sik rå,"Fosfor, P",Fisk färsk fryst kokt,248.0,mg
1259,Sik rå,Niacinekvivalenter,Fisk färsk fryst kokt,10.0,NE/mg
1259,Sik rå,Niacin,Fisk färsk fryst kokt,6.22,mg
1259,Sik rå,"Salt, NaCl",Fisk färsk fryst kokt,0.1,g
1259,Sik rå,"Natrium, Na",Fisk färsk fryst kokt,42.0,mg
1259,Sik rå,Monosackarider,Fisk färsk fryst kokt,0.0,g
1259,Sik rå,"Sockerarter, totalt",Fisk färsk fryst kokt,0.0,g
1259,Sik rå,Summa enkelomättade fettsyror,Fisk färsk fryst kokt,0.1,g
1259,Sik rå,"Magnesium, Mg",Fisk färsk fryst kokt,28.0,mg
1259,Sik rå,Summa mättade fettsyror,Fisk färsk fryst kokt,0.1,g
1259,Sik rå,"Kolhydrater, tillgängliga",Fisk färsk fryst kokt,0.0,g
1259,Sik rå,Kolesterol,Fisk färsk fryst kokt,47.3,mg
1259,Sik rå,"Kalium, K",Fisk färsk fryst kokt,485.0,mg
1259,Sik rå,"Jod, I",Fisk färsk fryst kokt,11.0,µg
1259,Sik rå,Fullkorn totalt,Fisk färsk fryst kokt,0.0,g
1259,Sik rå,"Folat, totalt",Fisk färsk fryst kokt,10.7,µg
1259,Sik rå,Fibrer,Fisk färsk fryst kokt,0.0,g
1259,Sik rå,"Fett, totalt",Fisk färsk fryst kokt,0.6,g
1259,Sik rå,"Järn, Fe",Fisk färsk fryst kokt,0.2,mg
1259,Sik rå,Energi (kJ),Fisk färsk fryst kokt,379.0,kJ
1259,Sik rå,Energi (kcal),Fisk färsk fryst kokt,90.0,kcal
1259,Sik rå,Disackarider,Fisk färsk fryst kokt,0.0,g
1259,Sik rå,"Kalcium, Ca",Fisk färsk fryst kokt,12.0,mg
1259,Sik rå,Fettsyra 4:0-10:0,Fisk färsk fryst kokt,0.0,g
1259,Sik rå,DHA (C22:6),Fisk färsk fryst kokt,0.1,g
1259,Sik rå,DPA (C22:5),Fisk färsk fryst kokt,0.0,g
1259,Sik rå,EPA (C20:5),Fisk färsk fryst kokt,0.0,g
1259,Sik rå,Arakidonsyra C20:4,Fisk färsk fryst kokt,0.0,g
1259,Sik rå,Arakidinsyra C20:0,Fisk färsk fryst kokt,0.0,g
1259,Sik rå,Linolensyra C18:3,Fisk färsk fryst kokt,0.0,g
1259,Sik rå,Linolsyra C18:2,Fisk färsk fryst kokt,0.0,g
1259,Sik rå,Oljesyra C18:1,Fisk färsk fryst kokt,0.1,g
1259,Sik rå,Stearinsyra C18:0,Fisk färsk fryst kokt,0.0,g
1259,Sik rå,Palmitoljesyra C16:1,Fisk färsk fryst kokt,0.0,g
1259,Sik rå,Palmitinsyra C16:0,Fisk färsk fryst kokt,0.1,g
1259,Sik rå,Myristinsyra C14:0,Fisk färsk fryst kokt,0.0,g
1259,Sik rå,Laurinsyra C12:0,Fisk färsk fryst kokt,0.0,g
1259,Sik rå,Betakaroten/β-Karoten,Fisk färsk fryst kokt,0.0,µg
1259,Sik rå,Avfall (skal etc.),Fisk färsk fryst kokt,40.0,%
1259,Sik rå,Aska,Fisk färsk fryst kokt,1.3,g
1259,Sik rå,Alkohol,Fisk färsk fryst kokt,0.0,g
1260,Makrill rå,"Zink, Zn",Fisk färsk fryst kokt,0.6,mg
1260,Makrill rå,Vitamin E,Fisk färsk fryst kokt,0.4,mg
1260,Makrill rå,Vitamin D inkl 25-OH-D3,Fisk färsk fryst kokt,5.4,µg
1260,Makrill rå,Vitamin D,Fisk färsk fryst kokt,5.4,µg
1260,Makrill rå,Vitamin C,Fisk färsk fryst kokt,0.0,mg
1260,Makrill rå,Vitamin B6,Fisk färsk fryst kokt,0.61,mg
1260,Makrill rå,Vitamin B12,Fisk färsk fryst kokt,7.4,µg
1260,Makrill rå,Vitamin A,Fisk färsk fryst kokt,15.0,RE/µg
1260,Makrill rå,Vatten,Fisk färsk fryst kokt,55.0,g
1260,Makrill rå,Tiamin,Fisk färsk fryst kokt,0.1,mg
1260,Makrill rå,Tillsatt socker,Fisk färsk fryst kokt,0.0,g
1260,Makrill rå,Fritt socker,Fisk färsk fryst kokt,0.0,g
1260,Makrill rå,"Selen, Se",Fisk färsk fryst kokt,60.0,µg
1260,Makrill rå,Sackaros,Fisk färsk fryst kokt,0.0,g
1260,Makrill rå,Riboflavin,Fisk färsk fryst kokt,0.28,mg
1260,Makrill rå,Retinol,Fisk färsk fryst kokt,15.0,µg
1260,Makrill rå,Protein,Fisk färsk fryst kokt,17.0,g
1260,Makrill rå,Summa fleromättade fettsyror,Fisk färsk fryst kokt,7.2,g
1260,Makrill rå,"Fosfor, P",Fisk färsk fryst kokt,194.0,mg
1260,Makrill rå,Niacinekvivalenter,Fisk färsk fryst kokt,11.4,NE/mg
1260,Makrill rå,Niacin,Fisk färsk fryst kokt,8.3,mg
1260,Makrill rå,"Salt, NaCl",Fisk färsk fryst kokt,0.1,g
1260,Makrill rå,"Natrium, Na",Fisk färsk fryst kokt,43.0,mg
1260,Makrill rå,Monosackarider,Fisk färsk fryst kokt,0.0,g
1260,Makrill rå,"Sockerarter, totalt",Fisk färsk fryst kokt,0.0,g
1260,Makrill rå,Summa enkelomättade fettsyror,Fisk färsk fryst kokt,9.1,g
1260,Makrill rå,"Magnesium, Mg",Fisk färsk fryst kokt,24.0,mg
1260,Makrill rå,Summa mättade fettsyror,Fisk färsk fryst kokt,5.3,g
1260,Makrill rå,"Kolhydrater, tillgängliga",Fisk färsk fryst kokt,0.0,g
1260,Makrill rå,Kolesterol,Fisk färsk fryst kokt,48.8,mg
1260,Makrill rå,"Kalium, K",Fisk färsk fryst kokt,367.0,mg
1260,Makrill rå,"Jod, I",Fisk färsk fryst kokt,63.0,µg
1260,Makrill rå,Fullkorn totalt,Fisk färsk fryst kokt,0.0,g
1260,Makrill rå,"Folat, totalt",Fisk färsk fryst kokt,0.0,µg
1260,Makrill rå,Fibrer,Fisk färsk fryst kokt,0.0,g
1260,Makrill rå,"Fett, totalt",Fisk färsk fryst kokt,25.0,g
1260,Makrill rå,"Järn, Fe",Fisk färsk fryst kokt,0.8,mg
1260,Makrill rå,Energi (kJ),Fisk färsk fryst kokt,1214.0,kJ
1260,Makrill rå,Energi (kcal),Fisk färsk fryst kokt,290.0,kcal
1260,Makrill rå,Disackarider,Fisk färsk fryst kokt,0.0,g
1260,Makrill rå,"Kalcium, Ca",Fisk färsk fryst kokt,15.0,mg
1260,Makrill rå,Fettsyra 4:0-10:0,Fisk färsk fryst kokt,0.0,g
1260,Makrill rå,DHA (C22:6),Fisk färsk fryst kokt,2.8,g
1260,Makrill rå,DPA (C22:5),Fisk färsk fryst kokt,0.3,g
1260,Makrill rå,EPA (C20:5),Fisk färsk fryst kokt,1.8,g
1260,Makrill rå,Arakidonsyra C20:4,Fisk färsk fryst kokt,0.4,g
1260,Makrill rå,Arakidinsyra C20:0,Fisk färsk fryst kokt,0.0,g
1260,Makrill rå,Linolensyra C18:3,Fisk färsk fryst kokt,0.3,g
1260,Makrill rå,Linolsyra C18:2,Fisk färsk fryst kokt,0.4,g
1260,Makrill rå,Oljesyra C18:1,Fisk färsk fryst kokt,2.9,g
1260,Makrill rå,Stearinsyra C18:0,Fisk färsk fryst kokt,0.5,g
1260,Makrill rå,Palmitoljesyra C16:1,Fisk färsk fryst kokt,0.9,g
1260,Makrill rå,Palmitinsyra C16:0,Fisk färsk fryst kokt,3.0,g
1260,Makrill rå,Myristinsyra C14:0,Fisk färsk fryst kokt,1.6,g
1260,Makrill rå,Laurinsyra C12:0,Fisk färsk fryst kokt,0.0,g
1260,Makrill rå,Betakaroten/β-Karoten,Fisk färsk fryst kokt,0.0,µg
1260,Makrill rå,Avfall (skal etc.),Fisk färsk fryst kokt,41.0,%
1260,Makrill rå,Aska,Fisk färsk fryst kokt,1.0,g
1260,Makrill rå,Alkohol,Fisk färsk fryst kokt,0.0,g
1261,Regnbågslax odlad rå,"Zink, Zn",Fisk färsk fryst kokt,0.3,mg
1261,Regnbågslax odlad rå,Vitamin E,Fisk färsk fryst kokt,1.3,mg
1261,Regnbågslax odlad rå,Vitamin D,Fisk färsk fryst kokt,6.68,µg
1261,Regnbågslax odlad rå,Vitamin C,Fisk färsk fryst kokt,0.0,mg
1261,Regnbågslax odlad rå,Vitamin B6,Fisk färsk fryst kokt,0.35,mg
1261,Regnbågslax odlad rå,Vitamin B12,Fisk färsk fryst kokt,5.41,µg
1261,Regnbågslax odlad rå,Vitamin A,Fisk färsk fryst kokt,21.1,RE/µg
1261,Regnbågslax odlad rå,Vatten,Fisk färsk fryst kokt,76.9,g
1261,Regnbågslax odlad rå,Tiamin,Fisk färsk fryst kokt,0.15,mg
1261,Regnbågslax odlad rå,Tillsatt socker,Fisk färsk fryst kokt,0.0,g
1261,Regnbågslax odlad rå,Fritt socker,Fisk färsk fryst kokt,0.0,g
1261,Regnbågslax odlad rå,"Selen, Se",Fisk färsk fryst kokt,12.4,µg
1261,Regnbågslax odlad rå,Sackaros,Fisk färsk fryst kokt,0.0,g
1261,Regnbågslax odlad rå,Riboflavin,Fisk färsk fryst kokt,0.08,mg
1261,Regnbågslax odlad rå,Retinol,Fisk färsk fryst kokt,21.1,µg
1261,Regnbågslax odlad rå,Protein,Fisk färsk fryst kokt,18.1,g
1261,Regnbågslax odlad rå,Summa fleromättade fettsyror,Fisk färsk fryst kokt,0.8,g
1261,Regnbågslax odlad rå,"Fosfor, P",Fisk färsk fryst kokt,208.0,mg
1261,Regnbågslax odlad rå,Niacinekvivalenter,Fisk färsk fryst kokt,5.9,NE/mg
1261,Regnbågslax odlad rå,Niacin,Fisk färsk fryst kokt,2.84,mg
1261,Regnbågslax odlad rå,"Salt, NaCl",Fisk färsk fryst kokt,0.1,g
1261,Regnbågslax odlad rå,"Natrium, Na",Fisk färsk fryst kokt,46.0,mg
1261,Regnbågslax odlad rå,Monosackarider,Fisk färsk fryst kokt,0.0,g
1261,Regnbågslax odlad rå,"Sockerarter, totalt",Fisk färsk fryst kokt,0.0,g
1261,Regnbågslax odlad rå,Summa enkelomättade fettsyror,Fisk färsk fryst kokt,1.2,g
1261,Regnbågslax odlad rå,"Magnesium, Mg",Fisk färsk fryst kokt,25.0,mg
1261,Regnbågslax odlad rå,Summa mättade fettsyror,Fisk färsk fryst kokt,0.4,g
1261,Regnbågslax odlad rå,"Kolhydrater, tillgängliga",Fisk färsk fryst kokt,0.4,g
1261,Regnbågslax odlad rå,Kolesterol,Fisk färsk fryst kokt,60.9,mg
1261,Regnbågslax odlad rå,"Kalium, K",Fisk färsk fryst kokt,374.0,mg
1261,Regnbågslax odlad rå,"Jod, I",Fisk färsk fryst kokt,6.6,µg
1261,Regnbågslax odlad rå,Fullkorn totalt,Fisk färsk fryst kokt,0.0,g
1261,Regnbågslax odlad rå,"Folat, totalt",Fisk färsk fryst kokt,7.6,µg
1261,Regnbågslax odlad rå,Fibrer,Fisk färsk fryst kokt,0.0,g
1261,Regnbågslax odlad rå,"Fett, totalt",Fisk färsk fryst kokt,3.5,g
1261,Regnbågslax odlad rå,"Järn, Fe",Fisk färsk fryst kokt,0.2,mg
1261,Regnbågslax odlad rå,Energi (kJ),Fisk färsk fryst kokt,443.0,kJ
1261,Regnbågslax odlad rå,Energi (kcal),Fisk färsk fryst kokt,106.0,kcal
1261,Regnbågslax odlad rå,Disackarider,Fisk färsk fryst kokt,0.0,g
1261,Regnbågslax odlad rå,"Kalcium, Ca",Fisk färsk fryst kokt,15.0,mg
1261,Regnbågslax odlad rå,Fettsyra 4:0-10:0,Fisk färsk fryst kokt,0.0,g
1261,Regnbågslax odlad rå,DHA (C22:6),Fisk färsk fryst kokt,0.2,g
1261,Regnbågslax odlad rå,DPA (C22:5),Fisk färsk fryst kokt,0.0,g
1261,Regnbågslax odlad rå,EPA (C20:5),Fisk färsk fryst kokt,0.0,g
1261,Regnbågslax odlad rå,Arakidonsyra C20:4,Fisk färsk fryst kokt,0.0,g
1261,Regnbågslax odlad rå,Arakidinsyra C20:0,Fisk färsk fryst kokt,0.0,g
1261,Regnbågslax odlad rå,Linolensyra C18:3,Fisk färsk fryst kokt,0.1,g
1261,Regnbågslax odlad rå,Linolsyra C18:2,Fisk färsk fryst kokt,0.3,g
1261,Regnbågslax odlad rå,Oljesyra C18:1,Fisk färsk fryst kokt,1.0,g
1261,Regnbågslax odlad rå,Stearinsyra C18:0,Fisk färsk fryst kokt,0.1,g
1261,Regnbågslax odlad rå,Palmitoljesyra C16:1,Fisk färsk fryst kokt,0.1,g
1261,Regnbågslax odlad rå,Palmitinsyra C16:0,Fisk färsk fryst kokt,0.3,g
1261,Regnbågslax odlad rå,Myristinsyra C14:0,Fisk färsk fryst kokt,0.0,g
1261,Regnbågslax odlad rå,Laurinsyra C12:0,Fisk färsk fryst kokt,0.0,g
1261,Regnbågslax odlad rå,Betakaroten/β-Karoten,Fisk färsk fryst kokt,0.0,µg
1261,Regnbågslax odlad rå,Avfall (skal etc.),Fisk färsk fryst kokt,38.0,%
1261,Regnbågslax odlad rå,Aska,Fisk färsk fryst kokt,1.1,g
1261,Regnbågslax odlad rå,Alkohol,Fisk färsk fryst kokt,0.0,g
1262,Gädda rå,"Zink, Zn",Fisk färsk fryst kokt,0.8,mg
1262,Gädda rå,Vitamin E,Fisk färsk fryst kokt,0.5,mg
1262,Gädda rå,Vitamin D,Fisk färsk fryst kokt,5.31,µg
1262,Gädda rå,Vitamin C,Fisk färsk fryst kokt,0.0,mg
1262,Gädda rå,Vitamin B6,Fisk färsk fryst kokt,0.3,mg
1262,Gädda rå,Vitamin B12,Fisk färsk fryst kokt,1.77,µg
1262,Gädda rå,Vitamin A,Fisk färsk fryst kokt,0.0,RE/µg
1262,Gädda rå,Vatten,Fisk färsk fryst kokt,78.3,g
1262,Gädda rå,Tiamin,Fisk färsk fryst kokt,0.05,mg
1262,Gädda rå,Tillsatt socker,Fisk färsk fryst kokt,0.0,g
1262,Gädda rå,Fritt socker,Fisk färsk fryst kokt,0.0,g
1262,Gädda rå,"Selen, Se",Fisk färsk fryst kokt,19.7,µg
1262,Gädda rå,Sackaros,Fisk färsk fryst kokt,0.0,g
1262,Gädda rå,Riboflavin,Fisk färsk fryst kokt,0.05,mg
1262,Gädda rå,Retinol,Fisk färsk fryst kokt,0.0,µg
1262,Gädda rå,Protein,Fisk färsk fryst kokt,20.2,g
1262,Gädda rå,Summa fleromättade fettsyror,Fisk färsk fryst kokt,0.1,g
1262,Gädda rå,"Fosfor, P",Fisk färsk fryst kokt,239.0,mg
1262,Gädda rå,Niacinekvivalenter,Fisk färsk fryst kokt,6.7,NE/mg
1262,Gädda rå,Niacin,Fisk färsk fryst kokt,3.02,mg
1262,Gädda rå,"Salt, NaCl",Fisk färsk fryst kokt,0.1,g
1262,Gädda rå,"Natrium, Na",Fisk färsk fryst kokt,43.0,mg
1262,Gädda rå,Monosackarider,Fisk färsk fryst kokt,0.0,g
1262,Gädda rå,"Sockerarter, totalt",Fisk färsk fryst kokt,0.0,g
1262,Gädda rå,Summa enkelomättade fettsyror,Fisk färsk fryst kokt,0.0,g
1262,Gädda rå,"Magnesium, Mg",Fisk färsk fryst kokt,29.0,mg
1262,Gädda rå,Summa mättade fettsyror,Fisk färsk fryst kokt,0.0,g
1262,Gädda rå,"Kolhydrater, tillgängliga",Fisk färsk fryst kokt,0.0,g
1262,Gädda rå,Kolesterol,Fisk färsk fryst kokt,46.7,mg
1262,Gädda rå,"Kalium, K",Fisk färsk fryst kokt,463.0,mg
1262,Gädda rå,"Jod, I",Fisk färsk fryst kokt,12.0,µg
1262,Gädda rå,Fullkorn totalt,Fisk färsk fryst kokt,0.0,g
1262,Gädda rå,"Folat, totalt",Fisk färsk fryst kokt,10.0,µg
1262,Gädda rå,Fibrer,Fisk färsk fryst kokt,0.0,g
1262,Gädda rå,"Fett, totalt",Fisk färsk fryst kokt,0.2,g
1262,Gädda rå,"Järn, Fe",Fisk färsk fryst kokt,0.2,mg
1262,Gädda rå,Energi (kJ),Fisk färsk fryst kokt,353.0,kJ
1262,Gädda rå,Energi (kcal),Fisk färsk fryst kokt,84.0,kcal
1262,Gädda rå,Disackarider,Fisk färsk fryst kokt,0.0,g
1262,Gädda rå,"Kalcium, Ca",Fisk färsk fryst kokt,47.0,mg
1262,Gädda rå,Fettsyra 4:0-10:0,Fisk färsk fryst kokt,0.0,g
1262,Gädda rå,DHA (C22:6),Fisk färsk fryst kokt,0.1,g
1262,Gädda rå,DPA (C22:5),Fisk färsk fryst kokt,0.0,g
1262,Gädda rå,EPA (C20:5),Fisk färsk fryst kokt,0.0,g
1262,Gädda rå,Arakidonsyra C20:4,Fisk färsk fryst kokt,0.0,g
1262,Gädda rå,Arakidinsyra C20:0,Fisk färsk fryst kokt,0.0,g
1262,Gädda rå,Linolensyra C18:3,Fisk färsk fryst kokt,0.0,g
1262,Gädda rå,Linolsyra C18:2,Fisk färsk fryst kokt,0.0,g
1262,Gädda rå,Oljesyra C18:1,Fisk färsk fryst kokt,0.0,g
1262,Gädda rå,Stearinsyra C18:0,Fisk färsk fryst kokt,0.0,g
1262,Gädda rå,Palmitoljesyra C16:1,Fisk färsk fryst kokt,0.0,g
1262,Gädda rå,Palmitinsyra C16:0,Fisk färsk fryst kokt,0.0,g
1262,Gädda rå,Myristinsyra C14:0,Fisk färsk fryst kokt,0.0,g
1262,Gädda rå,Laurinsyra C12:0,Fisk färsk fryst kokt,0.0,g
1262,Gädda rå,Betakaroten/β-Karoten,Fisk färsk fryst kokt,0.0,µg
1262,Gädda rå,Avfall (skal etc.),Fisk färsk fryst kokt,47.0,%
1262,Gädda rå,Aska,Fisk färsk fryst kokt,1.2,g
1262,Gädda rå,Alkohol,Fisk färsk fryst kokt,0.0,g
1263,Gös rå,"Zink, Zn",Fisk färsk fryst kokt,0.4,mg
1263,Gös rå,Vitamin E,Fisk färsk fryst kokt,0.5,mg
1263,Gös rå,Vitamin D,Fisk färsk fryst kokt,29.0,µg
1263,Gös rå,Vitamin C,Fisk färsk fryst kokt,0.0,mg
1263,Gös rå,Vitamin B6,Fisk färsk fryst kokt,0.19,mg
1263,Gös rå,Vitamin B12,Fisk färsk fryst kokt,1.55,µg
1263,Gös rå,Vitamin A,Fisk färsk fryst kokt,0.0,RE/µg
1263,Gös rå,Vatten,Fisk färsk fryst kokt,78.5,g
1263,Gös rå,Tiamin,Fisk färsk fryst kokt,0.04,mg
1263,Gös rå,Tillsatt socker,Fisk färsk fryst kokt,0.0,g
1263,Gös rå,Fritt socker,Fisk färsk fryst kokt,0.0,g
1263,Gös rå,"Selen, Se",Fisk färsk fryst kokt,22.6,µg
1263,Gös rå,Sackaros,Fisk färsk fryst kokt,0.0,g
1263,Gös rå,Riboflavin,Fisk färsk fryst kokt,0.09,mg
1263,Gös rå,Retinol,Fisk färsk fryst kokt,0.0,µg
1263,Gös rå,Protein,Fisk färsk fryst kokt,20.2,g
1263,Gös rå,Summa fleromättade fettsyror,Fisk färsk fryst kokt,0.1,g
1263,Gös rå,"Fosfor, P",Fisk färsk fryst kokt,201.0,mg
1263,Gös rå,Niacinekvivalenter,Fisk färsk fryst kokt,5.6,NE/mg
1263,Gös rå,Niacin,Fisk färsk fryst kokt,1.9,mg
1263,Gös rå,"Salt, NaCl",Fisk färsk fryst kokt,0.1,g
1263,Gös rå,"Natrium, Na",Fisk färsk fryst kokt,46.0,mg
1263,Gös rå,Monosackarider,Fisk färsk fryst kokt,0.0,g
1263,Gös rå,"Sockerarter, totalt",Fisk färsk fryst kokt,0.0,g
1263,Gös rå,Summa enkelomättade fettsyror,Fisk färsk fryst kokt,0.0,g
1263,Gös rå,"Magnesium, Mg",Fisk färsk fryst kokt,27.0,mg
1263,Gös rå,Summa mättade fettsyror,Fisk färsk fryst kokt,0.0,g
1263,Gös rå,"Kolhydrater, tillgängliga",Fisk färsk fryst kokt,0.0,g
1263,Gös rå,Kolesterol,Fisk färsk fryst kokt,63.2,mg
1263,Gös rå,"Kalium, K",Fisk färsk fryst kokt,444.0,mg
1263,Gös rå,"Jod, I",Fisk färsk fryst kokt,23.0,µg
1263,Gös rå,Fullkorn totalt,Fisk färsk fryst kokt,0.0,g
1263,Gös rå,"Folat, totalt",Fisk färsk fryst kokt,13.7,µg
1263,Gös rå,Fibrer,Fisk färsk fryst kokt,0.0,g
1263,Gös rå,"Fett, totalt",Fisk färsk fryst kokt,0.2,g
1263,Gös rå,"Järn, Fe",Fisk färsk fryst kokt,0.1,mg
1263,Gös rå,Energi (kJ),Fisk färsk fryst kokt,351.0,kJ
1263,Gös rå,Energi (kcal),Fisk färsk fryst kokt,84.0,kcal
1263,Gös rå,Disackarider,Fisk färsk fryst kokt,0.0,g
1263,Gös rå,"Kalcium, Ca",Fisk färsk fryst kokt,9.0,mg
1263,Gös rå,Fettsyra 4:0-10:0,Fisk färsk fryst kokt,0.0,g
1263,Gös rå,DHA (C22:6),Fisk färsk fryst kokt,0.0,g
1263,Gös rå,DPA (C22:5),Fisk färsk fryst kokt,0.0,g
1263,Gös rå,EPA (C20:5),Fisk färsk fryst kokt,0.0,g
1263,Gös rå,Arakidonsyra C20:4,Fisk färsk fryst kokt,0.0,g
1263,Gös rå,Arakidinsyra C20:0,Fisk färsk fryst kokt,0.0,g
1263,Gös rå,Linolensyra C18:3,Fisk färsk fryst kokt,0.0,g
1263,Gös rå,Linolsyra C18:2,Fisk färsk fryst kokt,0.0,g
1263,Gös rå,Oljesyra C18:1,Fisk färsk fryst kokt,0.0,g
1263,Gös rå,Stearinsyra C18:0,Fisk färsk fryst kokt,0.0,g
1263,Gös rå,Palmitoljesyra C16:1,Fisk färsk fryst kokt,0.0,g
1263,Gös rå,Palmitinsyra C16:0,Fisk färsk fryst kokt,0.0,g
1263,Gös rå,Myristinsyra C14:0,Fisk färsk fryst kokt,0.0,g
1263,Gös rå,Laurinsyra C12:0,Fisk färsk fryst kokt,0.0,g
1263,Gös rå,Betakaroten/β-Karoten,Fisk färsk fryst kokt,0.0,µg
1263,Gös rå,Avfall (skal etc.),Fisk färsk fryst kokt,44.0,%
1263,Gös rå,Aska,Fisk färsk fryst kokt,1.1,g
1263,Gös rå,Alkohol,Fisk färsk fryst kokt,0.0,g
1265,Ansjovis skarpsill konserv. ,"Zink, Zn",Fisk o skaldjursprodukter o rätter,1.8,mg
1265,Ansjovis skarpsill konserv. ,Vitamin E,Fisk o skaldjursprodukter o rätter,0.6,mg
1265,Ansjovis skarpsill konserv. ,Vitamin D,Fisk o skaldjursprodukter o rätter,14.0,µg
1265,Ansjovis skarpsill konserv. ,Vitamin C,Fisk o skaldjursprodukter o rätter,0.0,mg
1265,Ansjovis skarpsill konserv. ,Vitamin B6,Fisk o skaldjursprodukter o rätter,0.45,mg
1265,Ansjovis skarpsill konserv. ,Vitamin B12,Fisk o skaldjursprodukter o rätter,10.0,µg
1265,Ansjovis skarpsill konserv. ,Vitamin A,Fisk o skaldjursprodukter o rätter,54.0,RE/µg
1265,Ansjovis skarpsill konserv. ,Vatten,Fisk o skaldjursprodukter o rätter,53.0,g
1265,Ansjovis skarpsill konserv. ,Tiamin,Fisk o skaldjursprodukter o rätter,0.02,mg
1265,Ansjovis skarpsill konserv. ,Tillsatt socker,Fisk o skaldjursprodukter o rätter,3.0,g
1265,Ansjovis skarpsill konserv. ,Fritt socker,Fisk o skaldjursprodukter o rätter,3.0,g
1265,Ansjovis skarpsill konserv. ,"Selen, Se",Fisk o skaldjursprodukter o rätter,20.0,µg
1265,Ansjovis skarpsill konserv. ,Sackaros,Fisk o skaldjursprodukter o rätter,2.7,g
1265,Ansjovis skarpsill konserv. ,Riboflavin,Fisk o skaldjursprodukter o rätter,0.16,mg
1265,Ansjovis skarpsill konserv. ,Retinol,Fisk o skaldjursprodukter o rätter,54.0,µg
1265,Ansjovis skarpsill konserv. ,Protein,Fisk o skaldjursprodukter o rätter,12.5,g
1265,Ansjovis skarpsill konserv. ,Summa fleromättade fettsyror,Fisk o skaldjursprodukter o rätter,3.4,g
1265,Ansjovis skarpsill konserv. ,"Fosfor, P",Fisk o skaldjursprodukter o rätter,141.0,mg
1265,Ansjovis skarpsill konserv. ,Niacinekvivalenter,Fisk o skaldjursprodukter o rätter,4.49,NE/mg
1265,Ansjovis skarpsill konserv. ,Niacin,Fisk o skaldjursprodukter o rätter,2.2,mg
1265,Ansjovis skarpsill konserv. ,"Salt, NaCl",Fisk o skaldjursprodukter o rätter,6.9,g
1265,Ansjovis skarpsill konserv. ,"Natrium, Na",Fisk o skaldjursprodukter o rätter,2750.0,mg
1265,Ansjovis skarpsill konserv. ,Monosackarider,Fisk o skaldjursprodukter o rätter,0.2,g
1265,Ansjovis skarpsill konserv. ,"Sockerarter, totalt",Fisk o skaldjursprodukter o rätter,2.9,g
1265,Ansjovis skarpsill konserv. ,Summa enkelomättade fettsyror,Fisk o skaldjursprodukter o rätter,5.4,g
1265,Ansjovis skarpsill konserv. ,"Magnesium, Mg",Fisk o skaldjursprodukter o rätter,13.0,mg
1265,Ansjovis skarpsill konserv. ,Summa mättade fettsyror,Fisk o skaldjursprodukter o rätter,3.0,g
1265,Ansjovis skarpsill konserv. ,"Kolhydrater, tillgängliga",Fisk o skaldjursprodukter o rätter,11.8,g
1265,Ansjovis skarpsill konserv. ,Kolesterol,Fisk o skaldjursprodukter o rätter,90.0,mg
1265,Ansjovis skarpsill konserv. ,"Kalium, K",Fisk o skaldjursprodukter o rätter,145.0,mg
1265,Ansjovis skarpsill konserv. ,"Jod, I",Fisk o skaldjursprodukter o rätter,41.5,µg
1265,Ansjovis skarpsill konserv. ,Fullkorn totalt,Fisk o skaldjursprodukter o rätter,0.0,g
1265,Ansjovis skarpsill konserv. ,"Folat, totalt",Fisk o skaldjursprodukter o rätter,5.0,µg
1265,Ansjovis skarpsill konserv. ,Fibrer,Fisk o skaldjursprodukter o rätter,0.0,g
1265,Ansjovis skarpsill konserv. ,"Fett, totalt",Fisk o skaldjursprodukter o rätter,13.1,g
1265,Ansjovis skarpsill konserv. ,"Järn, Fe",Fisk o skaldjursprodukter o rätter,1.3,mg
1265,Ansjovis skarpsill konserv. ,Energi (kJ),Fisk o skaldjursprodukter o rätter,898.0,kJ
1265,Ansjovis skarpsill konserv. ,Energi (kcal),Fisk o skaldjursprodukter o rätter,215.0,kcal
1265,Ansjovis skarpsill konserv. ,Disackarider,Fisk o skaldjursprodukter o rätter,2.7,g
1265,Ansjovis skarpsill konserv. ,"Kalcium, Ca",Fisk o skaldjursprodukter o rätter,99.0,mg
1265,Ansjovis skarpsill konserv. ,Fettsyra 4:0-10:0,Fisk o skaldjursprodukter o rätter,0.0,g
1265,Ansjovis skarpsill konserv. ,DHA (C22:6),Fisk o skaldjursprodukter o rätter,1.2,g
1265,Ansjovis skarpsill konserv. ,DPA (C22:5),Fisk o skaldjursprodukter o rätter,0.1,g
1265,Ansjovis skarpsill konserv. ,EPA (C20:5),Fisk o skaldjursprodukter o rätter,0.7,g
1265,Ansjovis skarpsill konserv. ,Arakidonsyra C20:4,Fisk o skaldjursprodukter o rätter,0.0,g
1265,Ansjovis skarpsill konserv. ,Arakidinsyra C20:0,Fisk o skaldjursprodukter o rätter,0.0,g
1265,Ansjovis skarpsill konserv. ,Linolensyra C18:3,Fisk o skaldjursprodukter o rätter,0.2,g
1265,Ansjovis skarpsill konserv. ,Linolsyra C18:2,Fisk o skaldjursprodukter o rätter,0.3,g
1265,Ansjovis skarpsill konserv. ,Oljesyra C18:1,Fisk o skaldjursprodukter o rätter,1.7,g
1265,Ansjovis skarpsill konserv. ,Stearinsyra C18:0,Fisk o skaldjursprodukter o rätter,0.1,g
1265,Ansjovis skarpsill konserv. ,Palmitoljesyra C16:1,Fisk o skaldjursprodukter o rätter,0.7,g
1265,Ansjovis skarpsill konserv. ,Palmitinsyra C16:0,Fisk o skaldjursprodukter o rätter,1.8,g
1265,Ansjovis skarpsill konserv. ,Myristinsyra C14:0,Fisk o skaldjursprodukter o rätter,0.9,g
1265,Ansjovis skarpsill konserv. ,Laurinsyra C12:0,Fisk o skaldjursprodukter o rätter,0.0,g
1265,Ansjovis skarpsill konserv. ,Betakaroten/β-Karoten,Fisk o skaldjursprodukter o rätter,0.0,µg
1265,Ansjovis skarpsill konserv. ,Avfall (skal etc.),Fisk o skaldjursprodukter o rätter,28.0,%
1265,Ansjovis skarpsill konserv. ,Aska,Fisk o skaldjursprodukter o rätter,9.6,g
1265,Ansjovis skarpsill konserv. ,Alkohol,Fisk o skaldjursprodukter o rätter,0.0,g
1266,Böckling varmrökt,"Zink, Zn",Fisk rökt,1.0,mg
1266,Böckling varmrökt,Vitamin E,Fisk rökt,0.3,mg
1266,Böckling varmrökt,Vitamin D,Fisk rökt,9.6,µg
1266,Böckling varmrökt,Vitamin C,Fisk rökt,0.0,mg
1266,Böckling varmrökt,Vitamin B6,Fisk rökt,0.27,mg
1266,Böckling varmrökt,Vitamin B12,Fisk rökt,13.0,µg
1266,Böckling varmrökt,Vitamin A,Fisk rökt,55.0,RE/µg
1266,Böckling varmrökt,Vatten,Fisk rökt,62.8,g
1266,Böckling varmrökt,Tiamin,Fisk rökt,0.0,mg
1266,Böckling varmrökt,Tillsatt socker,Fisk rökt,0.0,g
1266,Böckling varmrökt,Fritt socker,Fisk rökt,0.0,g
1266,Böckling varmrökt,"Selen, Se",Fisk rökt,19.0,µg
1266,Böckling varmrökt,Sackaros,Fisk rökt,0.0,g
1266,Böckling varmrökt,Riboflavin,Fisk rökt,0.27,mg
1266,Böckling varmrökt,Retinol,Fisk rökt,55.0,µg
1266,Böckling varmrökt,Protein,Fisk rökt,21.2,g
1266,Böckling varmrökt,Summa fleromättade fettsyror,Fisk rökt,3.8,g
1266,Böckling varmrökt,"Fosfor, P",Fisk rökt,181.0,mg
1266,Böckling varmrökt,Niacinekvivalenter,Fisk rökt,8.19,NE/mg
1266,Böckling varmrökt,Niacin,Fisk rökt,4.3,mg
1266,Böckling varmrökt,"Salt, NaCl",Fisk rökt,2.1,g
1266,Böckling varmrökt,"Natrium, Na",Fisk rökt,845.0,mg
1266,Böckling varmrökt,Monosackarider,Fisk rökt,0.0,g
1266,Böckling varmrökt,"Sockerarter, totalt",Fisk rökt,0.0,g
1266,Böckling varmrökt,Summa enkelomättade fettsyror,Fisk rökt,3.9,g
1266,Böckling varmrökt,"Magnesium, Mg",Fisk rökt,29.0,mg
1266,Böckling varmrökt,Summa mättade fettsyror,Fisk rökt,3.8,g
1266,Böckling varmrökt,"Kolhydrater, tillgängliga",Fisk rökt,0.0,g
1266,Böckling varmrökt,Kolesterol,Fisk rökt,93.4,mg
1266,Böckling varmrökt,"Kalium, K",Fisk rökt,375.0,mg
1266,Böckling varmrökt,"Jod, I",Fisk rökt,16.0,µg
1266,Böckling varmrökt,Fullkorn totalt,Fisk rökt,0.0,g
1266,Böckling varmrökt,"Folat, totalt",Fisk rökt,19.0,µg
1266,Böckling varmrökt,Fibrer,Fisk rökt,0.0,g
1266,Böckling varmrökt,"Fett, totalt",Fisk rökt,12.8,g
1266,Böckling varmrökt,"Järn, Fe",Fisk rökt,1.2,mg
1266,Böckling varmrökt,Energi (kJ),Fisk rökt,834.0,kJ
1266,Böckling varmrökt,Energi (kcal),Fisk rökt,199.0,kcal
1266,Böckling varmrökt,Disackarider,Fisk rökt,0.0,g
1266,Böckling varmrökt,"Kalcium, Ca",Fisk rökt,38.0,mg
1266,Böckling varmrökt,Fettsyra 4:0-10:0,Fisk rökt,0.0,g
1266,Böckling varmrökt,DHA (C22:6),Fisk rökt,0.8,g
1266,Böckling varmrökt,DPA (C22:5),Fisk rökt,0.0,g
1266,Böckling varmrökt,EPA (C20:5),Fisk rökt,0.6,g
1266,Böckling varmrökt,Arakidonsyra C20:4,Fisk rökt,0.1,g
1266,Böckling varmrökt,Arakidinsyra C20:0,Fisk rökt,0.0,g
1266,Böckling varmrökt,Linolensyra C18:3,Fisk rökt,0.5,g
1266,Böckling varmrökt,Linolsyra C18:2,Fisk rökt,0.9,g
1266,Böckling varmrökt,Oljesyra C18:1,Fisk rökt,2.8,g
1266,Böckling varmrökt,Stearinsyra C18:0,Fisk rökt,0.1,g
1266,Böckling varmrökt,Palmitoljesyra C16:1,Fisk rökt,0.9,g
1266,Böckling varmrökt,Palmitinsyra C16:0,Fisk rökt,2.5,g
1266,Böckling varmrökt,Myristinsyra C14:0,Fisk rökt,1.1,g
1266,Böckling varmrökt,Laurinsyra C12:0,Fisk rökt,0.0,g
1266,Böckling varmrökt,Betakaroten/β-Karoten,Fisk rökt,0.0,µg
1266,Böckling varmrökt,Avfall (skal etc.),Fisk rökt,41.0,%
1266,Böckling varmrökt,Aska,Fisk rökt,3.2,g
1266,Böckling varmrökt,Alkohol,Fisk rökt,0.0,g
1267,Fisk torkad,"Zink, Zn",Fisk o skaldjursprodukter o rätter,2.0,mg
1267,Fisk torkad,Vitamin E,Fisk o skaldjursprodukter o rätter,0.5,mg
1267,Fisk torkad,Vitamin D,Fisk o skaldjursprodukter o rätter,2.4,µg
1267,Fisk torkad,Vitamin C,Fisk o skaldjursprodukter o rätter,0.0,mg
1267,Fisk torkad,Vitamin B6,Fisk o skaldjursprodukter o rätter,0.2,mg
1267,Fisk torkad,Vitamin B12,Fisk o skaldjursprodukter o rätter,1.0,µg
1267,Fisk torkad,Vitamin A,Fisk o skaldjursprodukter o rätter,40.0,RE/µg
1267,Fisk torkad,Vatten,Fisk o skaldjursprodukter o rätter,14.8,g
1267,Fisk torkad,Tiamin,Fisk o skaldjursprodukter o rätter,0.03,mg
1267,Fisk torkad,Tillsatt socker,Fisk o skaldjursprodukter o rätter,0.0,g
1267,Fisk torkad,Fritt socker,Fisk o skaldjursprodukter o rätter,0.0,g
1267,Fisk torkad,"Selen, Se",Fisk o skaldjursprodukter o rätter,20.0,µg
1267,Fisk torkad,Sackaros,Fisk o skaldjursprodukter o rätter,0.0,g
1267,Fisk torkad,Riboflavin,Fisk o skaldjursprodukter o rätter,0.1,mg
1267,Fisk torkad,Retinol,Fisk o skaldjursprodukter o rätter,40.0,µg
1267,Fisk torkad,Protein,Fisk o skaldjursprodukter o rätter,79.0,g
1267,Fisk torkad,Summa fleromättade fettsyror,Fisk o skaldjursprodukter o rätter,0.6,g
1267,Fisk torkad,"Fosfor, P",Fisk o skaldjursprodukter o rätter,450.0,mg
1267,Fisk torkad,Niacinekvivalenter,Fisk o skaldjursprodukter o rätter,23.48,NE/mg
1267,Fisk torkad,Niacin,Fisk o skaldjursprodukter o rätter,9.0,mg
1267,Fisk torkad,"Salt, NaCl",Fisk o skaldjursprodukter o rätter,0.6,g
1267,Fisk torkad,"Natrium, Na",Fisk o skaldjursprodukter o rätter,240.0,mg
1267,Fisk torkad,Monosackarider,Fisk o skaldjursprodukter o rätter,0.0,g
1267,Fisk torkad,"Sockerarter, totalt",Fisk o skaldjursprodukter o rätter,0.0,g
1267,Fisk torkad,Summa enkelomättade fettsyror,Fisk o skaldjursprodukter o rätter,0.1,g
1267,Fisk torkad,"Magnesium, Mg",Fisk o skaldjursprodukter o rätter,120.0,mg
1267,Fisk torkad,Summa mättade fettsyror,Fisk o skaldjursprodukter o rätter,0.3,g
1267,Fisk torkad,"Kolhydrater, tillgängliga",Fisk o skaldjursprodukter o rätter,0.0,g
1267,Fisk torkad,Kolesterol,Fisk o skaldjursprodukter o rätter,180.0,mg
1267,Fisk torkad,"Kalium, K",Fisk o skaldjursprodukter o rätter,1400.0,mg
1267,Fisk torkad,"Jod, I",Fisk o skaldjursprodukter o rätter,155.0,µg
1267,Fisk torkad,Fullkorn totalt,Fisk o skaldjursprodukter o rätter,0.0,g
1267,Fisk torkad,"Folat, totalt",Fisk o skaldjursprodukter o rätter,14.0,µg
1267,Fisk torkad,Fibrer,Fisk o skaldjursprodukter o rätter,0.0,g
1267,Fisk torkad,"Fett, totalt",Fisk o skaldjursprodukter o rätter,1.4,g
1267,Fisk torkad,"Järn, Fe",Fisk o skaldjursprodukter o rätter,2.5,mg
1267,Fisk torkad,Energi (kJ),Fisk o skaldjursprodukter o rätter,1395.0,kJ
1267,Fisk torkad,Energi (kcal),Fisk o skaldjursprodukter o rätter,333.0,kcal
1267,Fisk torkad,Disackarider,Fisk o skaldjursprodukter o rätter,0.0,g
1267,Fisk torkad,"Kalcium, Ca",Fisk o skaldjursprodukter o rätter,160.0,mg
1267,Fisk torkad,Fettsyra 4:0-10:0,Fisk o skaldjursprodukter o rätter,0.0,g
1267,Fisk torkad,DHA (C22:6),Fisk o skaldjursprodukter o rätter,0.4,g
1267,Fisk torkad,DPA (C22:5),Fisk o skaldjursprodukter o rätter,0.0,g
1267,Fisk torkad,EPA (C20:5),Fisk o skaldjursprodukter o rätter,0.1,g
1267,Fisk torkad,Arakidonsyra C20:4,Fisk o skaldjursprodukter o rätter,0.0,g
1267,Fisk torkad,Arakidinsyra C20:0,Fisk o skaldjursprodukter o rätter,0.0,g
1267,Fisk torkad,Linolensyra C18:3,Fisk o skaldjursprodukter o rätter,0.0,g
1267,Fisk torkad,Linolsyra C18:2,Fisk o skaldjursprodukter o rätter,0.0,g
1267,Fisk torkad,Oljesyra C18:1,Fisk o skaldjursprodukter o rätter,0.1,g
1267,Fisk torkad,Stearinsyra C18:0,Fisk o skaldjursprodukter o rätter,0.0,g
1267,Fisk torkad,Palmitoljesyra C16:1,Fisk o skaldjursprodukter o rätter,0.0,g
1267,Fisk torkad,Palmitinsyra C16:0,Fisk o skaldjursprodukter o rätter,0.2,g
1267,Fisk torkad,Myristinsyra C14:0,Fisk o skaldjursprodukter o rätter,0.0,g
1267,Fisk torkad,Laurinsyra C12:0,Fisk o skaldjursprodukter o rätter,0.0,g
1267,Fisk torkad,Betakaroten/β-Karoten,Fisk o skaldjursprodukter o rätter,0.0,µg
1267,Fisk torkad,Avfall (skal etc.),Fisk o skaldjursprodukter o rätter,15.0,%
1267,Fisk torkad,Aska,Fisk o skaldjursprodukter o rätter,4.8,g
1267,Fisk torkad,Alkohol,Fisk o skaldjursprodukter o rätter,0.0,g
1269,Lax kallrökt,"Zink, Zn",Fisk rökt,0.3,mg
1269,Lax kallrökt,Vitamin E,Fisk rökt,3.2,mg
1269,Lax kallrökt,Vitamin D inkl 25-OH-D3,Fisk rökt,6.0,µg
1269,Lax kallrökt,Vitamin D,Fisk rökt,5.24,µg
1269,Lax kallrökt,Vitamin C,Fisk rökt,0.0,mg
1269,Lax kallrökt,Vitamin B6,Fisk rökt,0.55,mg
1269,Lax kallrökt,Vitamin B12,Fisk rökt,4.87,µg
1269,Lax kallrökt,Vitamin A,Fisk rökt,5.4,RE/µg
1269,Lax kallrökt,Vatten,Fisk rökt,65.1,g
1269,Lax kallrökt,Tiamin,Fisk rökt,0.29,mg
1269,Lax kallrökt,Tillsatt socker,Fisk rökt,0.0,g
1269,Lax kallrökt,Fritt socker,Fisk rökt,0.0,g
1269,Lax kallrökt,"Selen, Se",Fisk rökt,21.8,µg
1269,Lax kallrökt,Sackaros,Fisk rökt,0.0,g
1269,Lax kallrökt,Riboflavin,Fisk rökt,0.09,mg
1269,Lax kallrökt,Retinol,Fisk rökt,5.4,µg
1269,Lax kallrökt,Protein,Fisk rökt,20.0,g
1269,Lax kallrökt,Summa fleromättade fettsyror,Fisk rökt,3.1,g
1269,Lax kallrökt,"Fosfor, P",Fisk rökt,244.0,mg
1269,Lax kallrökt,Niacinekvivalenter,Fisk rökt,12.2,NE/mg
1269,Lax kallrökt,Niacin,Fisk rökt,8.87,mg
1269,Lax kallrökt,"Salt, NaCl",Fisk rökt,2.8,g
1269,Lax kallrökt,"Natrium, Na",Fisk rökt,1100.0,mg
1269,Lax kallrökt,Monosackarider,Fisk rökt,0.0,g
1269,Lax kallrökt,"Sockerarter, totalt",Fisk rökt,0.0,g
1269,Lax kallrökt,Summa enkelomättade fettsyror,Fisk rökt,4.4,g
1269,Lax kallrökt,"Magnesium, Mg",Fisk rökt,26.0,mg
1269,Lax kallrökt,Summa mättade fettsyror,Fisk rökt,1.4,g
1269,Lax kallrökt,"Kolhydrater, tillgängliga",Fisk rökt,1.3,g
1269,Lax kallrökt,Kolesterol,Fisk rökt,62.7,mg
1269,Lax kallrökt,"Kalium, K",Fisk rökt,379.0,mg
1269,Lax kallrökt,"Jod, I",Fisk rökt,12.3,µg
1269,Lax kallrökt,Fullkorn totalt,Fisk rökt,0.0,g
1269,Lax kallrökt,"Folat, totalt",Fisk rökt,4.5,µg
1269,Lax kallrökt,Fibrer,Fisk rökt,0.0,g
1269,Lax kallrökt,"Fett, totalt",Fisk rökt,9.8,g
1269,Lax kallrökt,"Järn, Fe",Fisk rökt,0.2,mg
1269,Lax kallrökt,Energi (kJ),Fisk rökt,724.0,kJ
1269,Lax kallrökt,Energi (kcal),Fisk rökt,173.0,kcal
1269,Lax kallrökt,Disackarider,Fisk rökt,0.0,g
1269,Lax kallrökt,"Kalcium, Ca",Fisk rökt,7.0,mg
1269,Lax kallrökt,Fettsyra 4:0-10:0,Fisk rökt,0.0,g
1269,Lax kallrökt,DHA (C22:6),Fisk rökt,0.5,g
1269,Lax kallrökt,DPA (C22:5),Fisk rökt,0.1,g
1269,Lax kallrökt,EPA (C20:5),Fisk rökt,0.2,g
1269,Lax kallrökt,Arakidonsyra C20:4,Fisk rökt,0.1,g
1269,Lax kallrökt,Arakidinsyra C20:0,Fisk rökt,0.0,g
1269,Lax kallrökt,Linolensyra C18:3,Fisk rökt,0.7,g
1269,Lax kallrökt,Linolsyra C18:2,Fisk rökt,1.2,g
1269,Lax kallrökt,Oljesyra C18:1,Fisk rökt,3.6,g
1269,Lax kallrökt,Stearinsyra C18:0,Fisk rökt,0.2,g
1269,Lax kallrökt,Palmitoljesyra C16:1,Fisk rökt,0.2,g
1269,Lax kallrökt,Palmitinsyra C16:0,Fisk rökt,0.9,g
1269,Lax kallrökt,Myristinsyra C14:0,Fisk rökt,0.2,g
1269,Lax kallrökt,Laurinsyra C12:0,Fisk rökt,0.0,g
1269,Lax kallrökt,Betakaroten/β-Karoten,Fisk rökt,0.0,µg
1269,Lax kallrökt,Avfall (skal etc.),Fisk rökt,12.0,%
1269,Lax kallrökt,Aska,Fisk rökt,3.8,g
1269,Lax kallrökt,Alkohol,Fisk rökt,0.0,g
1270,Sardeller konserv.,"Zink, Zn",Fisk o skaldjursprodukter o rätter,1.8,mg
1270,Sardeller konserv.,Vitamin E,Fisk o skaldjursprodukter o rätter,0.7,mg
1270,Sardeller konserv.,Vitamin D,Fisk o skaldjursprodukter o rätter,12.36,µg
1270,Sardeller konserv.,Vitamin C,Fisk o skaldjursprodukter o rätter,0.0,mg
1270,Sardeller konserv.,Vitamin B6,Fisk o skaldjursprodukter o rätter,0.14,mg
1270,Sardeller konserv.,Vitamin B12,Fisk o skaldjursprodukter o rätter,10.0,µg
1270,Sardeller konserv.,Vitamin A,Fisk o skaldjursprodukter o rätter,50.0,RE/µg
1270,Sardeller konserv.,Vatten,Fisk o skaldjursprodukter o rätter,58.6,g
1270,Sardeller konserv.,Tiamin,Fisk o skaldjursprodukter o rätter,0.02,mg
1270,Sardeller konserv.,Tillsatt socker,Fisk o skaldjursprodukter o rätter,0.0,g
1270,Sardeller konserv.,Fritt socker,Fisk o skaldjursprodukter o rätter,0.0,g
1270,Sardeller konserv.,"Selen, Se",Fisk o skaldjursprodukter o rätter,20.0,µg
1270,Sardeller konserv.,Sackaros,Fisk o skaldjursprodukter o rätter,0.0,g
1270,Sardeller konserv.,Riboflavin,Fisk o skaldjursprodukter o rätter,0.16,mg
1270,Sardeller konserv.,Retinol,Fisk o skaldjursprodukter o rätter,50.0,µg
1270,Sardeller konserv.,Protein,Fisk o skaldjursprodukter o rätter,19.2,g
1270,Sardeller konserv.,Summa fleromättade fettsyror,Fisk o skaldjursprodukter o rätter,2.3,g
1270,Sardeller konserv.,"Fosfor, P",Fisk o skaldjursprodukter o rätter,210.0,mg
1270,Sardeller konserv.,Niacinekvivalenter,Fisk o skaldjursprodukter o rätter,5.72,NE/mg
1270,Sardeller konserv.,Niacin,Fisk o skaldjursprodukter o rätter,2.2,mg
1270,Sardeller konserv.,"Salt, NaCl",Fisk o skaldjursprodukter o rätter,6.8,g
1270,Sardeller konserv.,"Natrium, Na",Fisk o skaldjursprodukter o rätter,2742.0,mg
1270,Sardeller konserv.,Monosackarider,Fisk o skaldjursprodukter o rätter,0.0,g
1270,Sardeller konserv.,"Sockerarter, totalt",Fisk o skaldjursprodukter o rätter,0.0,g
1270,Sardeller konserv.,Summa enkelomättade fettsyror,Fisk o skaldjursprodukter o rätter,3.3,g
1270,Sardeller konserv.,"Magnesium, Mg",Fisk o skaldjursprodukter o rätter,13.0,mg
1270,Sardeller konserv.,Summa mättade fettsyror,Fisk o skaldjursprodukter o rätter,2.6,g
1270,Sardeller konserv.,"Kolhydrater, tillgängliga",Fisk o skaldjursprodukter o rätter,0.3,g
1270,Sardeller konserv.,Kolesterol,Fisk o skaldjursprodukter o rätter,50.0,mg
1270,Sardeller konserv.,"Kalium, K",Fisk o skaldjursprodukter o rätter,144.0,mg
1270,Sardeller konserv.,"Jod, I",Fisk o skaldjursprodukter o rätter,41.5,µg
1270,Sardeller konserv.,Fullkorn totalt,Fisk o skaldjursprodukter o rätter,0.0,g
1270,Sardeller konserv.,"Folat, totalt",Fisk o skaldjursprodukter o rätter,5.0,µg
1270,Sardeller konserv.,Fibrer,Fisk o skaldjursprodukter o rätter,0.0,g
1270,Sardeller konserv.,"Fett, totalt",Fisk o skaldjursprodukter o rätter,10.3,g
1270,Sardeller konserv.,"Järn, Fe",Fisk o skaldjursprodukter o rätter,1.3,mg
1270,Sardeller konserv.,Energi (kJ),Fisk o skaldjursprodukter o rätter,713.0,kJ
1270,Sardeller konserv.,Energi (kcal),Fisk o skaldjursprodukter o rätter,170.0,kcal
1270,Sardeller konserv.,Disackarider,Fisk o skaldjursprodukter o rätter,0.0,g
1270,Sardeller konserv.,"Kalcium, Ca",Fisk o skaldjursprodukter o rätter,168.0,mg
1270,Sardeller konserv.,Fettsyra 4:0-10:0,Fisk o skaldjursprodukter o rätter,0.0,g
1270,Sardeller konserv.,DHA (C22:6),Fisk o skaldjursprodukter o rätter,0.9,g
1270,Sardeller konserv.,DPA (C22:5),Fisk o skaldjursprodukter o rätter,0.0,g
1270,Sardeller konserv.,EPA (C20:5),Fisk o skaldjursprodukter o rätter,0.7,g
1270,Sardeller konserv.,Arakidonsyra C20:4,Fisk o skaldjursprodukter o rätter,0.2,g
1270,Sardeller konserv.,Arakidinsyra C20:0,Fisk o skaldjursprodukter o rätter,0.0,g
1270,Sardeller konserv.,Linolensyra C18:3,Fisk o skaldjursprodukter o rätter,0.0,g
1270,Sardeller konserv.,Linolsyra C18:2,Fisk o skaldjursprodukter o rätter,0.2,g
1270,Sardeller konserv.,Oljesyra C18:1,Fisk o skaldjursprodukter o rätter,1.6,g
1270,Sardeller konserv.,Stearinsyra C18:0,Fisk o skaldjursprodukter o rätter,0.2,g
1270,Sardeller konserv.,Palmitoljesyra C16:1,Fisk o skaldjursprodukter o rätter,0.6,g
1270,Sardeller konserv.,Palmitinsyra C16:0,Fisk o skaldjursprodukter o rätter,1.6,g
1270,Sardeller konserv.,Myristinsyra C14:0,Fisk o skaldjursprodukter o rätter,0.6,g
1270,Sardeller konserv.,Laurinsyra C12:0,Fisk o skaldjursprodukter o rätter,0.1,g
1270,Sardeller konserv.,Betakaroten/β-Karoten,Fisk o skaldjursprodukter o rätter,0.0,µg
1270,Sardeller konserv.,Avfall (skal etc.),Fisk o skaldjursprodukter o rätter,0.0,%
1270,Sardeller konserv.,Aska,Fisk o skaldjursprodukter o rätter,11.6,g
1270,Sardeller konserv.,Alkohol,Fisk o skaldjursprodukter o rätter,0.0,g
1271,Sardiner i olja konserv.,"Zink, Zn",Fisk o skaldjursprodukter o rätter,2.0,mg
1271,Sardiner i olja konserv.,Vitamin E,Fisk o skaldjursprodukter o rätter,1.7,mg
1271,Sardiner i olja konserv.,Vitamin D,Fisk o skaldjursprodukter o rätter,15.0,µg
1271,Sardiner i olja konserv.,Vitamin C,Fisk o skaldjursprodukter o rätter,0.0,mg
1271,Sardiner i olja konserv.,Vitamin B6,Fisk o skaldjursprodukter o rätter,0.18,mg
1271,Sardiner i olja konserv.,Vitamin B12,Fisk o skaldjursprodukter o rätter,11.5,µg
1271,Sardiner i olja konserv.,Vitamin A,Fisk o skaldjursprodukter o rätter,114.3,RE/µg
1271,Sardiner i olja konserv.,Vatten,Fisk o skaldjursprodukter o rätter,53.0,g
1271,Sardiner i olja konserv.,Tiamin,Fisk o skaldjursprodukter o rätter,0.12,mg
1271,Sardiner i olja konserv.,Tillsatt socker,Fisk o skaldjursprodukter o rätter,0.0,g
1271,Sardiner i olja konserv.,Fritt socker,Fisk o skaldjursprodukter o rätter,0.0,g
1271,Sardiner i olja konserv.,"Selen, Se",Fisk o skaldjursprodukter o rätter,35.0,µg
1271,Sardiner i olja konserv.,Sackaros,Fisk o skaldjursprodukter o rätter,0.0,g
1271,Sardiner i olja konserv.,Riboflavin,Fisk o skaldjursprodukter o rätter,0.39,mg
1271,Sardiner i olja konserv.,Retinol,Fisk o skaldjursprodukter o rätter,113.0,µg
1271,Sardiner i olja konserv.,Protein,Fisk o skaldjursprodukter o rätter,24.0,g
1271,Sardiner i olja konserv.,Summa fleromättade fettsyror,Fisk o skaldjursprodukter o rätter,10.9,g
1271,Sardiner i olja konserv.,"Fosfor, P",Fisk o skaldjursprodukter o rätter,300.0,mg
1271,Sardiner i olja konserv.,Niacinekvivalenter,Fisk o skaldjursprodukter o rätter,11.1,NE/mg
1271,Sardiner i olja konserv.,Niacin,Fisk o skaldjursprodukter o rätter,6.7,mg
1271,Sardiner i olja konserv.,"Salt, NaCl",Fisk o skaldjursprodukter o rätter,1.3,g
1271,Sardiner i olja konserv.,"Natrium, Na",Fisk o skaldjursprodukter o rätter,510.0,mg
1271,Sardiner i olja konserv.,Monosackarider,Fisk o skaldjursprodukter o rätter,0.0,g
1271,Sardiner i olja konserv.,"Sockerarter, totalt",Fisk o skaldjursprodukter o rätter,0.0,g
1271,Sardiner i olja konserv.,Summa enkelomättade fettsyror,Fisk o skaldjursprodukter o rätter,4.5,g
1271,Sardiner i olja konserv.,"Magnesium, Mg",Fisk o skaldjursprodukter o rätter,39.0,mg
1271,Sardiner i olja konserv.,Summa mättade fettsyror,Fisk o skaldjursprodukter o rätter,4.6,g
1271,Sardiner i olja konserv.,"Kolhydrater, tillgängliga",Fisk o skaldjursprodukter o rätter,0.0,g
1271,Sardiner i olja konserv.,Kolesterol,Fisk o skaldjursprodukter o rätter,80.0,mg
1271,Sardiner i olja konserv.,"Kalium, K",Fisk o skaldjursprodukter o rätter,560.0,mg
1271,Sardiner i olja konserv.,"Jod, I",Fisk o skaldjursprodukter o rätter,41.5,µg
1271,Sardiner i olja konserv.,Fullkorn totalt,Fisk o skaldjursprodukter o rätter,0.0,g
1271,Sardiner i olja konserv.,"Folat, totalt",Fisk o skaldjursprodukter o rätter,16.0,µg
1271,Sardiner i olja konserv.,Fibrer,Fisk o skaldjursprodukter o rätter,0.0,g
1271,Sardiner i olja konserv.,"Fett, totalt",Fisk o skaldjursprodukter o rätter,21.1,g
1271,Sardiner i olja konserv.,"Järn, Fe",Fisk o skaldjursprodukter o rätter,2.8,mg
1271,Sardiner i olja konserv.,Energi (kJ),Fisk o skaldjursprodukter o rätter,1189.0,kJ
1271,Sardiner i olja konserv.,Energi (kcal),Fisk o skaldjursprodukter o rätter,284.0,kcal
1271,Sardiner i olja konserv.,Disackarider,Fisk o skaldjursprodukter o rätter,0.0,g
1271,Sardiner i olja konserv.,"Kalcium, Ca",Fisk o skaldjursprodukter o rätter,191.0,mg
1271,Sardiner i olja konserv.,Fettsyra 4:0-10:0,Fisk o skaldjursprodukter o rätter,0.0,g
1271,Sardiner i olja konserv.,DHA (C22:6),Fisk o skaldjursprodukter o rätter,1.5,g
1271,Sardiner i olja konserv.,DPA (C22:5),Fisk o skaldjursprodukter o rätter,0.2,g
1271,Sardiner i olja konserv.,EPA (C20:5),Fisk o skaldjursprodukter o rätter,1.4,g
1271,Sardiner i olja konserv.,Arakidonsyra C20:4,Fisk o skaldjursprodukter o rätter,0.1,g
1271,Sardiner i olja konserv.,Arakidinsyra C20:0,Fisk o skaldjursprodukter o rätter,0.1,g
1271,Sardiner i olja konserv.,Linolensyra C18:3,Fisk o skaldjursprodukter o rätter,0.9,g
1271,Sardiner i olja konserv.,Linolsyra C18:2,Fisk o skaldjursprodukter o rätter,5.8,g
1271,Sardiner i olja konserv.,Oljesyra C18:1,Fisk o skaldjursprodukter o rätter,3.3,g
1271,Sardiner i olja konserv.,Stearinsyra C18:0,Fisk o skaldjursprodukter o rätter,0.7,g
1271,Sardiner i olja konserv.,Palmitoljesyra C16:1,Fisk o skaldjursprodukter o rätter,0.7,g
1271,Sardiner i olja konserv.,Palmitinsyra C16:0,Fisk o skaldjursprodukter o rätter,3.0,g
1271,Sardiner i olja konserv.,Myristinsyra C14:0,Fisk o skaldjursprodukter o rätter,0.6,g
1271,Sardiner i olja konserv.,Laurinsyra C12:0,Fisk o skaldjursprodukter o rätter,0.0,g
1271,Sardiner i olja konserv.,Betakaroten/β-Karoten,Fisk o skaldjursprodukter o rätter,16.0,µg
1271,Sardiner i olja konserv.,Avfall (skal etc.),Fisk o skaldjursprodukter o rätter,13.0,%
1271,Sardiner i olja konserv.,Aska,Fisk o skaldjursprodukter o rätter,1.9,g
1271,Sardiner i olja konserv.,Alkohol,Fisk o skaldjursprodukter o rätter,0.0,g
1272,Sardiner i tomatsås konserv.,"Zink, Zn",Fisk o skaldjursprodukter o rätter,2.1,mg
1272,Sardiner i tomatsås konserv.,Vitamin E,Fisk o skaldjursprodukter o rätter,2.3,mg
1272,Sardiner i tomatsås konserv.,Vitamin D,Fisk o skaldjursprodukter o rätter,12.0,µg
1272,Sardiner i tomatsås konserv.,Vitamin C,Fisk o skaldjursprodukter o rätter,0.0,mg
1272,Sardiner i tomatsås konserv.,Vitamin B6,Fisk o skaldjursprodukter o rätter,0.16,mg
1272,Sardiner i tomatsås konserv.,Vitamin B12,Fisk o skaldjursprodukter o rätter,7.8,µg
1272,Sardiner i tomatsås konserv.,Vitamin A,Fisk o skaldjursprodukter o rätter,236.8,RE/µg
1272,Sardiner i tomatsås konserv.,Vatten,Fisk o skaldjursprodukter o rätter,62.0,g
1272,Sardiner i tomatsås konserv.,Tiamin,Fisk o skaldjursprodukter o rätter,0.04,mg
1272,Sardiner i tomatsås konserv.,Tillsatt socker,Fisk o skaldjursprodukter o rätter,0.0,g
1272,Sardiner i tomatsås konserv.,Fritt socker,Fisk o skaldjursprodukter o rätter,0.0,g
1272,Sardiner i tomatsås konserv.,"Selen, Se",Fisk o skaldjursprodukter o rätter,35.0,µg
1272,Sardiner i tomatsås konserv.,Sackaros,Fisk o skaldjursprodukter o rätter,0.0,g
1272,Sardiner i tomatsås konserv.,Riboflavin,Fisk o skaldjursprodukter o rätter,0.33,mg
1272,Sardiner i tomatsås konserv.,Retinol,Fisk o skaldjursprodukter o rätter,146.0,µg
1272,Sardiner i tomatsås konserv.,Protein,Fisk o skaldjursprodukter o rätter,20.5,g
1272,Sardiner i tomatsås konserv.,Summa fleromättade fettsyror,Fisk o skaldjursprodukter o rätter,5.0,g
1272,Sardiner i tomatsås konserv.,"Fosfor, P",Fisk o skaldjursprodukter o rätter,250.0,mg
1272,Sardiner i tomatsås konserv.,Niacinekvivalenter,Fisk o skaldjursprodukter o rätter,9.66,NE/mg
1272,Sardiner i tomatsås konserv.,Niacin,Fisk o skaldjursprodukter o rätter,5.9,mg
1272,Sardiner i tomatsås konserv.,"Salt, NaCl",Fisk o skaldjursprodukter o rätter,1.2,g
1272,Sardiner i tomatsås konserv.,"Natrium, Na",Fisk o skaldjursprodukter o rätter,460.0,mg
1272,Sardiner i tomatsås konserv.,Monosackarider,Fisk o skaldjursprodukter o rätter,0.7,g
1272,Sardiner i tomatsås konserv.,"Sockerarter, totalt",Fisk o skaldjursprodukter o rätter,0.7,g
1272,Sardiner i tomatsås konserv.,Summa enkelomättade fettsyror,Fisk o skaldjursprodukter o rätter,5.3,g
1272,Sardiner i tomatsås konserv.,"Magnesium, Mg",Fisk o skaldjursprodukter o rätter,37.0,mg
1272,Sardiner i tomatsås konserv.,Summa mättade fettsyror,Fisk o skaldjursprodukter o rätter,3.7,g
1272,Sardiner i tomatsås konserv.,"Kolhydrater, tillgängliga",Fisk o skaldjursprodukter o rätter,0.6,g
1272,Sardiner i tomatsås konserv.,Kolesterol,Fisk o skaldjursprodukter o rätter,70.0,mg
1272,Sardiner i tomatsås konserv.,"Kalium, K",Fisk o skaldjursprodukter o rätter,375.0,mg
1272,Sardiner i tomatsås konserv.,"Jod, I",Fisk o skaldjursprodukter o rätter,22.3,µg
1272,Sardiner i tomatsås konserv.,Fullkorn totalt,Fisk o skaldjursprodukter o rätter,0.0,g
1272,Sardiner i tomatsås konserv.,"Folat, totalt",Fisk o skaldjursprodukter o rätter,16.0,µg
1272,Sardiner i tomatsås konserv.,Fibrer,Fisk o skaldjursprodukter o rätter,0.0,g
1272,Sardiner i tomatsås konserv.,"Fett, totalt",Fisk o skaldjursprodukter o rätter,14.8,g
1272,Sardiner i tomatsås konserv.,"Järn, Fe",Fisk o skaldjursprodukter o rätter,3.6,mg
1272,Sardiner i tomatsås konserv.,Energi (kJ),Fisk o skaldjursprodukter o rätter,906.0,kJ
1272,Sardiner i tomatsås konserv.,Energi (kcal),Fisk o skaldjursprodukter o rätter,217.0,kcal
1272,Sardiner i tomatsås konserv.,Disackarider,Fisk o skaldjursprodukter o rätter,0.0,g
1272,Sardiner i tomatsås konserv.,"Kalcium, Ca",Fisk o skaldjursprodukter o rätter,174.0,mg
1272,Sardiner i tomatsås konserv.,Fettsyra 4:0-10:0,Fisk o skaldjursprodukter o rätter,0.0,g
1272,Sardiner i tomatsås konserv.,DHA (C22:6),Fisk o skaldjursprodukter o rätter,1.8,g
1272,Sardiner i tomatsås konserv.,DPA (C22:5),Fisk o skaldjursprodukter o rätter,0.1,g
1272,Sardiner i tomatsås konserv.,EPA (C20:5),Fisk o skaldjursprodukter o rätter,1.2,g
1272,Sardiner i tomatsås konserv.,Arakidonsyra C20:4,Fisk o skaldjursprodukter o rätter,0.1,g
1272,Sardiner i tomatsås konserv.,Arakidinsyra C20:0,Fisk o skaldjursprodukter o rätter,0.0,g
1272,Sardiner i tomatsås konserv.,Linolensyra C18:3,Fisk o skaldjursprodukter o rätter,0.2,g
1272,Sardiner i tomatsås konserv.,Linolsyra C18:2,Fisk o skaldjursprodukter o rätter,0.2,g
1272,Sardiner i tomatsås konserv.,Oljesyra C18:1,Fisk o skaldjursprodukter o rätter,2.3,g
1272,Sardiner i tomatsås konserv.,Stearinsyra C18:0,Fisk o skaldjursprodukter o rätter,0.3,g
1272,Sardiner i tomatsås konserv.,Palmitoljesyra C16:1,Fisk o skaldjursprodukter o rätter,0.9,g
1272,Sardiner i tomatsås konserv.,Palmitinsyra C16:0,Fisk o skaldjursprodukter o rätter,2.3,g
1272,Sardiner i tomatsås konserv.,Myristinsyra C14:0,Fisk o skaldjursprodukter o rätter,0.9,g
1272,Sardiner i tomatsås konserv.,Laurinsyra C12:0,Fisk o skaldjursprodukter o rätter,0.0,g
1272,Sardiner i tomatsås konserv.,Betakaroten/β-Karoten,Fisk o skaldjursprodukter o rätter,1090.0,µg
1272,Sardiner i tomatsås konserv.,Avfall (skal etc.),Fisk o skaldjursprodukter o rätter,0.0,%
1272,Sardiner i tomatsås konserv.,Aska,Fisk o skaldjursprodukter o rätter,2.1,g
1272,Sardiner i tomatsås konserv.,Alkohol,Fisk o skaldjursprodukter o rätter,0.0,g
1273,Saltsill rå,"Zink, Zn",Fisk färsk fryst kokt,1.0,mg
1273,Saltsill rå,Vitamin E,Fisk färsk fryst kokt,2.3,mg
1273,Saltsill rå,Vitamin D,Fisk färsk fryst kokt,8.3,µg
1273,Saltsill rå,Vitamin C,Fisk färsk fryst kokt,0.0,mg
1273,Saltsill rå,Vitamin B6,Fisk färsk fryst kokt,0.22,mg
1273,Saltsill rå,Vitamin B12,Fisk färsk fryst kokt,6.1,µg
1273,Saltsill rå,Vitamin A,Fisk färsk fryst kokt,30.2,RE/µg
1273,Saltsill rå,Vatten,Fisk färsk fryst kokt,47.0,g
1273,Saltsill rå,Tiamin,Fisk färsk fryst kokt,0.03,mg
1273,Saltsill rå,Tillsatt socker,Fisk färsk fryst kokt,0.0,g
1273,Saltsill rå,Fritt socker,Fisk färsk fryst kokt,0.0,g
1273,Saltsill rå,"Selen, Se",Fisk färsk fryst kokt,22.0,µg
1273,Saltsill rå,Sackaros,Fisk färsk fryst kokt,0.0,g
1273,Saltsill rå,Riboflavin,Fisk färsk fryst kokt,0.3,mg
1273,Saltsill rå,Retinol,Fisk färsk fryst kokt,30.0,µg
1273,Saltsill rå,Protein,Fisk färsk fryst kokt,19.0,g
1273,Saltsill rå,Summa fleromättade fettsyror,Fisk färsk fryst kokt,4.9,g
1273,Saltsill rå,"Fosfor, P",Fisk färsk fryst kokt,180.0,mg
1273,Saltsill rå,Niacinekvivalenter,Fisk färsk fryst kokt,8.98,NE/mg
1273,Saltsill rå,Niacin,Fisk färsk fryst kokt,5.5,mg
1273,Saltsill rå,"Salt, NaCl",Fisk färsk fryst kokt,14.8,g
1273,Saltsill rå,"Natrium, Na",Fisk färsk fryst kokt,5900.0,mg
1273,Saltsill rå,Monosackarider,Fisk färsk fryst kokt,0.0,g
1273,Saltsill rå,"Sockerarter, totalt",Fisk färsk fryst kokt,0.0,g
1273,Saltsill rå,Summa enkelomättade fettsyror,Fisk färsk fryst kokt,7.9,g
1273,Saltsill rå,"Magnesium, Mg",Fisk färsk fryst kokt,24.0,mg
1273,Saltsill rå,Summa mättade fettsyror,Fisk färsk fryst kokt,4.3,g
1273,Saltsill rå,"Kolhydrater, tillgängliga",Fisk färsk fryst kokt,0.0,g
1273,Saltsill rå,Kolesterol,Fisk färsk fryst kokt,90.0,mg
1273,Saltsill rå,"Kalium, K",Fisk färsk fryst kokt,190.0,mg
1273,Saltsill rå,"Jod, I",Fisk färsk fryst kokt,20.0,µg
1273,Saltsill rå,Fullkorn totalt,Fisk färsk fryst kokt,0.0,g
1273,Saltsill rå,"Folat, totalt",Fisk färsk fryst kokt,5.0,µg
1273,Saltsill rå,Fibrer,Fisk färsk fryst kokt,0.0,g
1273,Saltsill rå,"Fett, totalt",Fisk färsk fryst kokt,19.0,g
1273,Saltsill rå,"Järn, Fe",Fisk färsk fryst kokt,0.8,mg
1273,Saltsill rå,Energi (kJ),Fisk färsk fryst kokt,1026.0,kJ
1273,Saltsill rå,Energi (kcal),Fisk färsk fryst kokt,245.0,kcal
1273,Saltsill rå,Disackarider,Fisk färsk fryst kokt,0.0,g
1273,Saltsill rå,"Kalcium, Ca",Fisk färsk fryst kokt,79.0,mg
1273,Saltsill rå,Fettsyra 4:0-10:0,Fisk färsk fryst kokt,0.0,g
1273,Saltsill rå,DHA (C22:6),Fisk färsk fryst kokt,1.7,g
1273,Saltsill rå,DPA (C22:5),Fisk färsk fryst kokt,0.1,g
1273,Saltsill rå,EPA (C20:5),Fisk färsk fryst kokt,1.1,g
1273,Saltsill rå,Arakidonsyra C20:4,Fisk färsk fryst kokt,0.1,g
1273,Saltsill rå,Arakidinsyra C20:0,Fisk färsk fryst kokt,0.0,g
1273,Saltsill rå,Linolensyra C18:3,Fisk färsk fryst kokt,0.3,g
1273,Saltsill rå,Linolsyra C18:2,Fisk färsk fryst kokt,0.4,g
1273,Saltsill rå,Oljesyra C18:1,Fisk färsk fryst kokt,2.4,g
1273,Saltsill rå,Stearinsyra C18:0,Fisk färsk fryst kokt,0.2,g
1273,Saltsill rå,Palmitoljesyra C16:1,Fisk färsk fryst kokt,1.1,g
1273,Saltsill rå,Palmitinsyra C16:0,Fisk färsk fryst kokt,2.6,g
1273,Saltsill rå,Myristinsyra C14:0,Fisk färsk fryst kokt,1.3,g
1273,Saltsill rå,Laurinsyra C12:0,Fisk färsk fryst kokt,0.0,g
1273,Saltsill rå,Betakaroten/β-Karoten,Fisk färsk fryst kokt,3.0,µg
1273,Saltsill rå,Avfall (skal etc.),Fisk färsk fryst kokt,31.0,%
1273,Saltsill rå,Aska,Fisk färsk fryst kokt,15.0,g
1273,Saltsill rå,Alkohol,Fisk färsk fryst kokt,0.0,g
1274,Saltströmming rå,"Zink, Zn",Fisk färsk fryst kokt,1.0,mg
1274,Saltströmming rå,Vitamin E,Fisk färsk fryst kokt,2.0,mg
1274,Saltströmming rå,Vitamin D,Fisk färsk fryst kokt,9.2,µg
1274,Saltströmming rå,Vitamin C,Fisk färsk fryst kokt,0.0,mg
1274,Saltströmming rå,Vitamin B6,Fisk färsk fryst kokt,0.22,mg
1274,Saltströmming rå,Vitamin B12,Fisk färsk fryst kokt,11.5,µg
1274,Saltströmming rå,Vitamin A,Fisk färsk fryst kokt,42.4,RE/µg
1274,Saltströmming rå,Vatten,Fisk färsk fryst kokt,54.0,g
1274,Saltströmming rå,Tiamin,Fisk färsk fryst kokt,0.03,mg
1274,Saltströmming rå,Tillsatt socker,Fisk färsk fryst kokt,0.0,g
1274,Saltströmming rå,Fritt socker,Fisk färsk fryst kokt,0.0,g
1274,Saltströmming rå,"Selen, Se",Fisk färsk fryst kokt,22.0,µg
1274,Saltströmming rå,Sackaros,Fisk färsk fryst kokt,0.0,g
1274,Saltströmming rå,Riboflavin,Fisk färsk fryst kokt,0.3,mg
1274,Saltströmming rå,Retinol,Fisk färsk fryst kokt,42.0,µg
1274,Saltströmming rå,Protein,Fisk färsk fryst kokt,23.5,g
1274,Saltströmming rå,Summa fleromättade fettsyror,Fisk färsk fryst kokt,2.3,g
1274,Saltströmming rå,"Fosfor, P",Fisk färsk fryst kokt,340.0,mg
1274,Saltströmming rå,Niacinekvivalenter,Fisk färsk fryst kokt,10.31,NE/mg
1274,Saltströmming rå,Niacin,Fisk färsk fryst kokt,6.0,mg
1274,Saltströmming rå,"Salt, NaCl",Fisk färsk fryst kokt,14.8,g
1274,Saltströmming rå,"Natrium, Na",Fisk färsk fryst kokt,5900.0,mg
1274,Saltströmming rå,Monosackarider,Fisk färsk fryst kokt,0.0,g
1274,Saltströmming rå,"Sockerarter, totalt",Fisk färsk fryst kokt,0.0,g
1274,Saltströmming rå,Summa enkelomättade fettsyror,Fisk färsk fryst kokt,2.4,g
1274,Saltströmming rå,"Magnesium, Mg",Fisk färsk fryst kokt,45.0,mg
1274,Saltströmming rå,Summa mättade fettsyror,Fisk färsk fryst kokt,2.0,g
1274,Saltströmming rå,"Kolhydrater, tillgängliga",Fisk färsk fryst kokt,0.0,g
1274,Saltströmming rå,Kolesterol,Fisk färsk fryst kokt,90.0,mg
1274,Saltströmming rå,"Kalium, K",Fisk färsk fryst kokt,190.0,mg
1274,Saltströmming rå,"Jod, I",Fisk färsk fryst kokt,205.0,µg
1274,Saltströmming rå,Fullkorn totalt,Fisk färsk fryst kokt,0.0,g
1274,Saltströmming rå,"Folat, totalt",Fisk färsk fryst kokt,5.0,µg
1274,Saltströmming rå,Fibrer,Fisk färsk fryst kokt,0.0,g
1274,Saltströmming rå,"Fett, totalt",Fisk färsk fryst kokt,7.5,g
1274,Saltströmming rå,"Järn, Fe",Fisk färsk fryst kokt,0.9,mg
1274,Saltströmming rå,Energi (kJ),Fisk färsk fryst kokt,677.0,kJ
1274,Saltströmming rå,Energi (kcal),Fisk färsk fryst kokt,162.0,kcal
1274,Saltströmming rå,Disackarider,Fisk färsk fryst kokt,0.0,g
1274,Saltströmming rå,"Kalcium, Ca",Fisk färsk fryst kokt,24.0,mg
1274,Saltströmming rå,Fettsyra 4:0-10:0,Fisk färsk fryst kokt,0.0,g
1274,Saltströmming rå,DHA (C22:6),Fisk färsk fryst kokt,0.7,g
1274,Saltströmming rå,DPA (C22:5),Fisk färsk fryst kokt,0.0,g
1274,Saltströmming rå,EPA (C20:5),Fisk färsk fryst kokt,0.4,g
1274,Saltströmming rå,Arakidonsyra C20:4,Fisk färsk fryst kokt,0.0,g
1274,Saltströmming rå,Arakidinsyra C20:0,Fisk färsk fryst kokt,0.0,g
1274,Saltströmming rå,Linolensyra C18:3,Fisk färsk fryst kokt,0.2,g
1274,Saltströmming rå,Linolsyra C18:2,Fisk färsk fryst kokt,0.4,g
1274,Saltströmming rå,Oljesyra C18:1,Fisk färsk fryst kokt,1.6,g
1274,Saltströmming rå,Stearinsyra C18:0,Fisk färsk fryst kokt,0.1,g
1274,Saltströmming rå,Palmitoljesyra C16:1,Fisk färsk fryst kokt,0.6,g
1274,Saltströmming rå,Palmitinsyra C16:0,Fisk färsk fryst kokt,1.4,g
1274,Saltströmming rå,Myristinsyra C14:0,Fisk färsk fryst kokt,0.5,g
1274,Saltströmming rå,Laurinsyra C12:0,Fisk färsk fryst kokt,0.0,g
1274,Saltströmming rå,Betakaroten/β-Karoten,Fisk färsk fryst kokt,5.0,µg
1274,Saltströmming rå,Avfall (skal etc.),Fisk färsk fryst kokt,42.0,%
1274,Saltströmming rå,Aska,Fisk färsk fryst kokt,15.0,g
1274,Saltströmming rå,Alkohol,Fisk färsk fryst kokt,0.0,g
1275,Tonfisk i olja konserv. avrunnen,"Zink, Zn",Fisk o skaldjursprodukter o rätter,0.8,mg
1275,Tonfisk i olja konserv. avrunnen,Vitamin E,Fisk o skaldjursprodukter o rätter,5.5,mg
1275,Tonfisk i olja konserv. avrunnen,Vitamin D inkl 25-OH-D3,Fisk o skaldjursprodukter o rätter,4.42,µg
1275,Tonfisk i olja konserv. avrunnen,Vitamin D,Fisk o skaldjursprodukter o rätter,4.42,µg
1275,Tonfisk i olja konserv. avrunnen,Vitamin C,Fisk o skaldjursprodukter o rätter,0.0,mg
1275,Tonfisk i olja konserv. avrunnen,Vitamin B6,Fisk o skaldjursprodukter o rätter,0.65,mg
1275,Tonfisk i olja konserv. avrunnen,Vitamin B12,Fisk o skaldjursprodukter o rätter,2.69,µg
1275,Tonfisk i olja konserv. avrunnen,Vitamin A,Fisk o skaldjursprodukter o rätter,5.9,RE/µg
1275,Tonfisk i olja konserv. avrunnen,Vatten,Fisk o skaldjursprodukter o rätter,63.4,g
1275,Tonfisk i olja konserv. avrunnen,Tiamin,Fisk o skaldjursprodukter o rätter,0.01,mg
1275,Tonfisk i olja konserv. avrunnen,Tillsatt socker,Fisk o skaldjursprodukter o rätter,0.0,g
1275,Tonfisk i olja konserv. avrunnen,Fritt socker,Fisk o skaldjursprodukter o rätter,0.0,g
1275,Tonfisk i olja konserv. avrunnen,"Selen, Se",Fisk o skaldjursprodukter o rätter,86.6,µg
1275,Tonfisk i olja konserv. avrunnen,Sackaros,Fisk o skaldjursprodukter o rätter,0.0,g
1275,Tonfisk i olja konserv. avrunnen,Riboflavin,Fisk o skaldjursprodukter o rätter,0.09,mg
1275,Tonfisk i olja konserv. avrunnen,Retinol,Fisk o skaldjursprodukter o rätter,5.9,µg
1275,Tonfisk i olja konserv. avrunnen,Protein,Fisk o skaldjursprodukter o rätter,24.9,g
1275,Tonfisk i olja konserv. avrunnen,Summa fleromättade fettsyror,Fisk o skaldjursprodukter o rätter,5.3,g
1275,Tonfisk i olja konserv. avrunnen,"Fosfor, P",Fisk o skaldjursprodukter o rätter,224.0,mg
1275,Tonfisk i olja konserv. avrunnen,Niacinekvivalenter,Fisk o skaldjursprodukter o rätter,18.1,NE/mg
1275,Tonfisk i olja konserv. avrunnen,Niacin,Fisk o skaldjursprodukter o rätter,13.5,mg
1275,Tonfisk i olja konserv. avrunnen,"Salt, NaCl",Fisk o skaldjursprodukter o rätter,1.0,g
1275,Tonfisk i olja konserv. avrunnen,"Natrium, Na",Fisk o skaldjursprodukter o rätter,406.0,mg
1275,Tonfisk i olja konserv. avrunnen,Monosackarider,Fisk o skaldjursprodukter o rätter,0.0,g
1275,Tonfisk i olja konserv. avrunnen,"Sockerarter, totalt",Fisk o skaldjursprodukter o rätter,0.0,g
1275,Tonfisk i olja konserv. avrunnen,Summa enkelomättade fettsyror,Fisk o skaldjursprodukter o rätter,2.4,g
1275,Tonfisk i olja konserv. avrunnen,"Magnesium, Mg",Fisk o skaldjursprodukter o rätter,32.0,mg
1275,Tonfisk i olja konserv. avrunnen,Summa mättade fettsyror,Fisk o skaldjursprodukter o rätter,1.2,g
1275,Tonfisk i olja konserv. avrunnen,"Kolhydrater, tillgängliga",Fisk o skaldjursprodukter o rätter,0.0,g
1275,Tonfisk i olja konserv. avrunnen,Kolesterol,Fisk o skaldjursprodukter o rätter,45.3,mg
1275,Tonfisk i olja konserv. avrunnen,"Kalium, K",Fisk o skaldjursprodukter o rätter,230.0,mg
1275,Tonfisk i olja konserv. avrunnen,"Jod, I",Fisk o skaldjursprodukter o rätter,26.0,µg
1275,Tonfisk i olja konserv. avrunnen,Fullkorn totalt,Fisk o skaldjursprodukter o rätter,0.0,g
1275,Tonfisk i olja konserv. avrunnen,"Folat, totalt",Fisk o skaldjursprodukter o rätter,14.0,µg
1275,Tonfisk i olja konserv. avrunnen,Fibrer,Fisk o skaldjursprodukter o rätter,0.0,g
1275,Tonfisk i olja konserv. avrunnen,"Fett, totalt",Fisk o skaldjursprodukter o rätter,9.9,g
1275,Tonfisk i olja konserv. avrunnen,"Järn, Fe",Fisk o skaldjursprodukter o rätter,0.8,mg
1275,Tonfisk i olja konserv. avrunnen,Energi (kJ),Fisk o skaldjursprodukter o rätter,789.0,kJ
1275,Tonfisk i olja konserv. avrunnen,Energi (kcal),Fisk o skaldjursprodukter o rätter,189.0,kcal
1275,Tonfisk i olja konserv. avrunnen,Disackarider,Fisk o skaldjursprodukter o rätter,0.0,g
1275,Tonfisk i olja konserv. avrunnen,"Kalcium, Ca",Fisk o skaldjursprodukter o rätter,17.0,mg
1275,Tonfisk i olja konserv. avrunnen,Fettsyra 4:0-10:0,Fisk o skaldjursprodukter o rätter,0.0,g
1275,Tonfisk i olja konserv. avrunnen,DHA (C22:6),Fisk o skaldjursprodukter o rätter,0.2,g
1275,Tonfisk i olja konserv. avrunnen,DPA (C22:5),Fisk o skaldjursprodukter o rätter,0.0,g
1275,Tonfisk i olja konserv. avrunnen,EPA (C20:5),Fisk o skaldjursprodukter o rätter,0.0,g
1275,Tonfisk i olja konserv. avrunnen,Arakidonsyra C20:4,Fisk o skaldjursprodukter o rätter,0.0,g
1275,Tonfisk i olja konserv. avrunnen,Arakidinsyra C20:0,Fisk o skaldjursprodukter o rätter,0.0,g
1275,Tonfisk i olja konserv. avrunnen,Linolensyra C18:3,Fisk o skaldjursprodukter o rätter,0.0,g
1275,Tonfisk i olja konserv. avrunnen,Linolsyra C18:2,Fisk o skaldjursprodukter o rätter,5.0,g
1275,Tonfisk i olja konserv. avrunnen,Oljesyra C18:1,Fisk o skaldjursprodukter o rätter,2.3,g
1275,Tonfisk i olja konserv. avrunnen,Stearinsyra C18:0,Fisk o skaldjursprodukter o rätter,0.3,g
1275,Tonfisk i olja konserv. avrunnen,Palmitoljesyra C16:1,Fisk o skaldjursprodukter o rätter,0.0,g
1275,Tonfisk i olja konserv. avrunnen,Palmitinsyra C16:0,Fisk o skaldjursprodukter o rätter,0.7,g
1275,Tonfisk i olja konserv. avrunnen,Myristinsyra C14:0,Fisk o skaldjursprodukter o rätter,0.0,g
1275,Tonfisk i olja konserv. avrunnen,Laurinsyra C12:0,Fisk o skaldjursprodukter o rätter,0.0,g
1275,Tonfisk i olja konserv. avrunnen,Betakaroten/β-Karoten,Fisk o skaldjursprodukter o rätter,0.0,µg
1275,Tonfisk i olja konserv. avrunnen,Avfall (skal etc.),Fisk o skaldjursprodukter o rätter,0.0,%
1275,Tonfisk i olja konserv. avrunnen,Aska,Fisk o skaldjursprodukter o rätter,1.8,g
1275,Tonfisk i olja konserv. avrunnen,Alkohol,Fisk o skaldjursprodukter o rätter,0.0,g
1277,Ål varmrökt rundrökt,"Zink, Zn",Fisk rökt,3.5,mg
1277,Ål varmrökt rundrökt,Vitamin E,Fisk rökt,9.0,mg
1277,Ål varmrökt rundrökt,Vitamin D,Fisk rökt,48.0,µg
1277,Ål varmrökt rundrökt,Vitamin C,Fisk rökt,0.0,mg
1277,Ål varmrökt rundrökt,Vitamin B6,Fisk rökt,0.18,mg
1277,Ål varmrökt rundrökt,Vitamin B12,Fisk rökt,4.3,µg
1277,Ål varmrökt rundrökt,Vitamin A,Fisk rökt,3300.0,RE/µg
1277,Ål varmrökt rundrökt,Vatten,Fisk rökt,48.3,g
1277,Ål varmrökt rundrökt,Tiamin,Fisk rökt,0.18,mg
1277,Ål varmrökt rundrökt,Tillsatt socker,Fisk rökt,0.0,g
1277,Ål varmrökt rundrökt,Fritt socker,Fisk rökt,0.0,g
1277,Ål varmrökt rundrökt,"Selen, Se",Fisk rökt,59.6,µg
1277,Ål varmrökt rundrökt,Sackaros,Fisk rökt,0.0,g
1277,Ål varmrökt rundrökt,Riboflavin,Fisk rökt,0.31,mg
1277,Ål varmrökt rundrökt,Retinol,Fisk rökt,3300.0,µg
1277,Ål varmrökt rundrökt,Protein,Fisk rökt,19.1,g
1277,Ål varmrökt rundrökt,Summa fleromättade fettsyror,Fisk rökt,6.8,g
1277,Ål varmrökt rundrökt,"Fosfor, P",Fisk rökt,183.0,mg
1277,Ål varmrökt rundrökt,Niacinekvivalenter,Fisk rökt,6.7,NE/mg
1277,Ål varmrökt rundrökt,Niacin,Fisk rökt,3.2,mg
1277,Ål varmrökt rundrökt,"Salt, NaCl",Fisk rökt,1.5,g
1277,Ål varmrökt rundrökt,"Natrium, Na",Fisk rökt,583.0,mg
1277,Ål varmrökt rundrökt,Monosackarider,Fisk rökt,0.0,g
1277,Ål varmrökt rundrökt,"Sockerarter, totalt",Fisk rökt,0.0,g
1277,Ål varmrökt rundrökt,Summa enkelomättade fettsyror,Fisk rökt,13.3,g
1277,Ål varmrökt rundrökt,"Magnesium, Mg",Fisk rökt,10.0,mg
1277,Ål varmrökt rundrökt,Summa mättade fettsyror,Fisk rökt,7.3,g
1277,Ål varmrökt rundrökt,"Kolhydrater, tillgängliga",Fisk rökt,0.0,g
1277,Ål varmrökt rundrökt,Kolesterol,Fisk rökt,131.7,mg
1277,Ål varmrökt rundrökt,"Kalium, K",Fisk rökt,214.0,mg
1277,Ål varmrökt rundrökt,"Jod, I",Fisk rökt,60.0,µg
1277,Ål varmrökt rundrökt,Fullkorn totalt,Fisk rökt,0.0,g
1277,Ål varmrökt rundrökt,"Folat, totalt",Fisk rökt,29.0,µg
1277,Ål varmrökt rundrökt,Fibrer,Fisk rökt,0.0,g
1277,Ål varmrökt rundrökt,"Fett, totalt",Fisk rökt,30.5,g
1277,Ål varmrökt rundrökt,"Järn, Fe",Fisk rökt,0.5,mg
1277,Ål varmrökt rundrökt,Energi (kJ),Fisk rökt,1453.0,kJ
1277,Ål varmrökt rundrökt,Energi (kcal),Fisk rökt,347.0,kcal
1277,Ål varmrökt rundrökt,Disackarider,Fisk rökt,0.0,g
1277,Ål varmrökt rundrökt,"Kalcium, Ca",Fisk rökt,26.0,mg
1277,Ål varmrökt rundrökt,Fettsyra 4:0-10:0,Fisk rökt,0.0,g
1277,Ål varmrökt rundrökt,DHA (C22:6),Fisk rökt,1.8,g
1277,Ål varmrökt rundrökt,DPA (C22:5),Fisk rökt,1.0,g
1277,Ål varmrökt rundrökt,EPA (C20:5),Fisk rökt,1.3,g
1277,Ål varmrökt rundrökt,Arakidonsyra C20:4,Fisk rökt,0.7,g
1277,Ål varmrökt rundrökt,Arakidinsyra C20:0,Fisk rökt,0.0,g
1277,Ål varmrökt rundrökt,Linolensyra C18:3,Fisk rökt,0.2,g
1277,Ål varmrökt rundrökt,Linolsyra C18:2,Fisk rökt,0.6,g
1277,Ål varmrökt rundrökt,Oljesyra C18:1,Fisk rökt,10.1,g
1277,Ål varmrökt rundrökt,Stearinsyra C18:0,Fisk rökt,1.2,g
1277,Ål varmrökt rundrökt,Palmitoljesyra C16:1,Fisk rökt,2.7,g
1277,Ål varmrökt rundrökt,Palmitinsyra C16:0,Fisk rökt,5.1,g
1277,Ål varmrökt rundrökt,Myristinsyra C14:0,Fisk rökt,0.8,g
1277,Ål varmrökt rundrökt,Laurinsyra C12:0,Fisk rökt,0.0,g
1277,Ål varmrökt rundrökt,Betakaroten/β-Karoten,Fisk rökt,0.0,µg
1277,Ål varmrökt rundrökt,Avfall (skal etc.),Fisk rökt,30.0,%
1277,Ål varmrökt rundrökt,Aska,Fisk rökt,2.1,g
1277,Ål varmrökt rundrökt,Alkohol,Fisk rökt,0.0,g
1278,Tonfisk i vatten konserv. avrunnen,"Zink, Zn",Fisk o skaldjursprodukter o rätter,0.9,mg
1278,Tonfisk i vatten konserv. avrunnen,Vitamin E,Fisk o skaldjursprodukter o rätter,0.4,mg
1278,Tonfisk i vatten konserv. avrunnen,Vitamin D inkl 25-OH-D3,Fisk o skaldjursprodukter o rätter,4.2,µg
1278,Tonfisk i vatten konserv. avrunnen,Vitamin D,Fisk o skaldjursprodukter o rätter,4.2,µg
1278,Tonfisk i vatten konserv. avrunnen,Vitamin C,Fisk o skaldjursprodukter o rätter,0.0,mg
1278,Tonfisk i vatten konserv. avrunnen,Vitamin B6,Fisk o skaldjursprodukter o rätter,0.49,mg
1278,Tonfisk i vatten konserv. avrunnen,Vitamin B12,Fisk o skaldjursprodukter o rätter,2.53,µg
1278,Tonfisk i vatten konserv. avrunnen,Vitamin A,Fisk o skaldjursprodukter o rätter,7.6,RE/µg
1278,Tonfisk i vatten konserv. avrunnen,Vatten,Fisk o skaldjursprodukter o rätter,74.1,g
1278,Tonfisk i vatten konserv. avrunnen,Tiamin,Fisk o skaldjursprodukter o rätter,0.01,mg
1278,Tonfisk i vatten konserv. avrunnen,Tillsatt socker,Fisk o skaldjursprodukter o rätter,0.0,g
1278,Tonfisk i vatten konserv. avrunnen,Fritt socker,Fisk o skaldjursprodukter o rätter,0.0,g
1278,Tonfisk i vatten konserv. avrunnen,"Selen, Se",Fisk o skaldjursprodukter o rätter,77.0,µg
1278,Tonfisk i vatten konserv. avrunnen,Sackaros,Fisk o skaldjursprodukter o rätter,0.0,g
1278,Tonfisk i vatten konserv. avrunnen,Riboflavin,Fisk o skaldjursprodukter o rätter,0.08,mg
1278,Tonfisk i vatten konserv. avrunnen,Retinol,Fisk o skaldjursprodukter o rätter,7.6,µg
1278,Tonfisk i vatten konserv. avrunnen,Protein,Fisk o skaldjursprodukter o rätter,24.1,g
1278,Tonfisk i vatten konserv. avrunnen,Summa fleromättade fettsyror,Fisk o skaldjursprodukter o rätter,0.3,g
1278,Tonfisk i vatten konserv. avrunnen,"Fosfor, P",Fisk o skaldjursprodukter o rätter,206.0,mg
1278,Tonfisk i vatten konserv. avrunnen,Niacinekvivalenter,Fisk o skaldjursprodukter o rätter,16.5,NE/mg
1278,Tonfisk i vatten konserv. avrunnen,Niacin,Fisk o skaldjursprodukter o rätter,12.1,mg
1278,Tonfisk i vatten konserv. avrunnen,"Salt, NaCl",Fisk o skaldjursprodukter o rätter,1.0,g
1278,Tonfisk i vatten konserv. avrunnen,"Natrium, Na",Fisk o skaldjursprodukter o rätter,384.0,mg
1278,Tonfisk i vatten konserv. avrunnen,Monosackarider,Fisk o skaldjursprodukter o rätter,0.0,g
1278,Tonfisk i vatten konserv. avrunnen,"Sockerarter, totalt",Fisk o skaldjursprodukter o rätter,0.0,g
1278,Tonfisk i vatten konserv. avrunnen,Summa enkelomättade fettsyror,Fisk o skaldjursprodukter o rätter,0.1,g
1278,Tonfisk i vatten konserv. avrunnen,"Magnesium, Mg",Fisk o skaldjursprodukter o rätter,28.0,mg
1278,Tonfisk i vatten konserv. avrunnen,Summa mättade fettsyror,Fisk o skaldjursprodukter o rätter,0.2,g
1278,Tonfisk i vatten konserv. avrunnen,"Kolhydrater, tillgängliga",Fisk o skaldjursprodukter o rätter,0.0,g
1278,Tonfisk i vatten konserv. avrunnen,Kolesterol,Fisk o skaldjursprodukter o rätter,55.9,mg
1278,Tonfisk i vatten konserv. avrunnen,"Kalium, K",Fisk o skaldjursprodukter o rätter,220.0,mg
1278,Tonfisk i vatten konserv. avrunnen,"Jod, I",Fisk o skaldjursprodukter o rätter,26.0,µg
1278,Tonfisk i vatten konserv. avrunnen,Fullkorn totalt,Fisk o skaldjursprodukter o rätter,0.0,g
1278,Tonfisk i vatten konserv. avrunnen,"Folat, totalt",Fisk o skaldjursprodukter o rätter,4.6,µg
1278,Tonfisk i vatten konserv. avrunnen,Fibrer,Fisk o skaldjursprodukter o rätter,0.0,g
1278,Tonfisk i vatten konserv. avrunnen,"Fett, totalt",Fisk o skaldjursprodukter o rätter,1.0,g
1278,Tonfisk i vatten konserv. avrunnen,"Järn, Fe",Fisk o skaldjursprodukter o rätter,1.3,mg
1278,Tonfisk i vatten konserv. avrunnen,Energi (kJ),Fisk o skaldjursprodukter o rätter,444.0,kJ
1278,Tonfisk i vatten konserv. avrunnen,Energi (kcal),Fisk o skaldjursprodukter o rätter,106.0,kcal
1278,Tonfisk i vatten konserv. avrunnen,Disackarider,Fisk o skaldjursprodukter o rätter,0.0,g
1278,Tonfisk i vatten konserv. avrunnen,"Kalcium, Ca",Fisk o skaldjursprodukter o rätter,15.0,mg
1278,Tonfisk i vatten konserv. avrunnen,Fettsyra 4:0-10:0,Fisk o skaldjursprodukter o rätter,0.0,g
1278,Tonfisk i vatten konserv. avrunnen,DHA (C22:6),Fisk o skaldjursprodukter o rätter,0.2,g
1278,Tonfisk i vatten konserv. avrunnen,DPA (C22:5),Fisk o skaldjursprodukter o rätter,0.0,g
1278,Tonfisk i vatten konserv. avrunnen,EPA (C20:5),Fisk o skaldjursprodukter o rätter,0.0,g
1278,Tonfisk i vatten konserv. avrunnen,Arakidonsyra C20:4,Fisk o skaldjursprodukter o rätter,0.0,g
1278,Tonfisk i vatten konserv. avrunnen,Arakidinsyra C20:0,Fisk o skaldjursprodukter o rätter,0.0,g
1278,Tonfisk i vatten konserv. avrunnen,Linolensyra C18:3,Fisk o skaldjursprodukter o rätter,0.0,g
1278,Tonfisk i vatten konserv. avrunnen,Linolsyra C18:2,Fisk o skaldjursprodukter o rätter,0.0,g
1278,Tonfisk i vatten konserv. avrunnen,Oljesyra C18:1,Fisk o skaldjursprodukter o rätter,0.1,g
1278,Tonfisk i vatten konserv. avrunnen,Stearinsyra C18:0,Fisk o skaldjursprodukter o rätter,0.1,g
1278,Tonfisk i vatten konserv. avrunnen,Palmitoljesyra C16:1,Fisk o skaldjursprodukter o rätter,0.0,g
1278,Tonfisk i vatten konserv. avrunnen,Palmitinsyra C16:0,Fisk o skaldjursprodukter o rätter,0.1,g
1278,Tonfisk i vatten konserv. avrunnen,Myristinsyra C14:0,Fisk o skaldjursprodukter o rätter,0.0,g
1278,Tonfisk i vatten konserv. avrunnen,Laurinsyra C12:0,Fisk o skaldjursprodukter o rätter,0.0,g
1278,Tonfisk i vatten konserv. avrunnen,Betakaroten/β-Karoten,Fisk o skaldjursprodukter o rätter,0.0,µg
1278,Tonfisk i vatten konserv. avrunnen,Avfall (skal etc.),Fisk o skaldjursprodukter o rätter,0.0,%
1278,Tonfisk i vatten konserv. avrunnen,Aska,Fisk o skaldjursprodukter o rätter,1.5,g
1278,Tonfisk i vatten konserv. avrunnen,Alkohol,Fisk o skaldjursprodukter o rätter,0.0,g
1279,Makrill urtagen varmrökt,"Zink, Zn",Fisk rökt,0.7,mg
1279,Makrill urtagen varmrökt,Vitamin E,Fisk rökt,1.6,mg
1279,Makrill urtagen varmrökt,Vitamin D,Fisk rökt,3.5,µg
1279,Makrill urtagen varmrökt,Vitamin C,Fisk rökt,0.0,mg
1279,Makrill urtagen varmrökt,Vitamin B6,Fisk rökt,0.37,mg
1279,Makrill urtagen varmrökt,Vitamin B12,Fisk rökt,13.0,µg
1279,Makrill urtagen varmrökt,Vitamin A,Fisk rökt,76.0,RE/µg
1279,Makrill urtagen varmrökt,Vatten,Fisk rökt,53.9,g
1279,Makrill urtagen varmrökt,Tiamin,Fisk rökt,0.16,mg
1279,Makrill urtagen varmrökt,Tillsatt socker,Fisk rökt,0.0,g
1279,Makrill urtagen varmrökt,Fritt socker,Fisk rökt,0.0,g
1279,Makrill urtagen varmrökt,"Selen, Se",Fisk rökt,27.7,µg
1279,Makrill urtagen varmrökt,Sackaros,Fisk rökt,0.0,g
1279,Makrill urtagen varmrökt,Riboflavin,Fisk rökt,0.3,mg
1279,Makrill urtagen varmrökt,Retinol,Fisk rökt,76.0,µg
1279,Makrill urtagen varmrökt,Protein,Fisk rökt,19.4,g
1279,Makrill urtagen varmrökt,Summa fleromättade fettsyror,Fisk rökt,6.7,g
1279,Makrill urtagen varmrökt,"Fosfor, P",Fisk rökt,338.0,mg
1279,Makrill urtagen varmrökt,Niacinekvivalenter,Fisk rökt,12.16,NE/mg
1279,Makrill urtagen varmrökt,Niacin,Fisk rökt,8.6,mg
1279,Makrill urtagen varmrökt,"Salt, NaCl",Fisk rökt,1.4,g
1279,Makrill urtagen varmrökt,"Natrium, Na",Fisk rökt,570.0,mg
1279,Makrill urtagen varmrökt,Monosackarider,Fisk rökt,0.0,g
1279,Makrill urtagen varmrökt,"Sockerarter, totalt",Fisk rökt,0.0,g
1279,Makrill urtagen varmrökt,Summa enkelomättade fettsyror,Fisk rökt,10.0,g
1279,Makrill urtagen varmrökt,"Magnesium, Mg",Fisk rökt,31.0,mg
1279,Makrill urtagen varmrökt,Summa mättade fettsyror,Fisk rökt,5.3,g
1279,Makrill urtagen varmrökt,"Kolhydrater, tillgängliga",Fisk rökt,0.0,g
1279,Makrill urtagen varmrökt,Kolesterol,Fisk rökt,88.7,mg
1279,Makrill urtagen varmrökt,"Kalium, K",Fisk rökt,288.0,mg
1279,Makrill urtagen varmrökt,"Jod, I",Fisk rökt,20.0,µg
1279,Makrill urtagen varmrökt,Fullkorn totalt,Fisk rökt,0.0,g
1279,Makrill urtagen varmrökt,"Folat, totalt",Fisk rökt,7.3,µg
1279,Makrill urtagen varmrökt,Fibrer,Fisk rökt,0.0,g
1279,Makrill urtagen varmrökt,"Fett, totalt",Fisk rökt,24.5,g
1279,Makrill urtagen varmrökt,"Järn, Fe",Fisk rökt,1.1,mg
1279,Makrill urtagen varmrökt,Energi (kJ),Fisk rökt,1236.0,kJ
1279,Makrill urtagen varmrökt,Energi (kcal),Fisk rökt,296.0,kcal
1279,Makrill urtagen varmrökt,Disackarider,Fisk rökt,0.0,g
1279,Makrill urtagen varmrökt,"Kalcium, Ca",Fisk rökt,23.0,mg
1279,Makrill urtagen varmrökt,Fettsyra 4:0-10:0,Fisk rökt,0.0,g
1279,Makrill urtagen varmrökt,DHA (C22:6),Fisk rökt,2.4,g
1279,Makrill urtagen varmrökt,DPA (C22:5),Fisk rökt,0.2,g
1279,Makrill urtagen varmrökt,EPA (C20:5),Fisk rökt,1.4,g
1279,Makrill urtagen varmrökt,Arakidonsyra C20:4,Fisk rökt,0.1,g
1279,Makrill urtagen varmrökt,Arakidinsyra C20:0,Fisk rökt,0.0,g
1279,Makrill urtagen varmrökt,Linolensyra C18:3,Fisk rökt,0.4,g
1279,Makrill urtagen varmrökt,Linolsyra C18:2,Fisk rökt,0.5,g
1279,Makrill urtagen varmrökt,Oljesyra C18:1,Fisk rökt,2.6,g
1279,Makrill urtagen varmrökt,Stearinsyra C18:0,Fisk rökt,0.5,g
1279,Makrill urtagen varmrökt,Palmitoljesyra C16:1,Fisk rökt,1.1,g
1279,Makrill urtagen varmrökt,Palmitinsyra C16:0,Fisk rökt,3.0,g
1279,Makrill urtagen varmrökt,Myristinsyra C14:0,Fisk rökt,1.6,g
1279,Makrill urtagen varmrökt,Laurinsyra C12:0,Fisk rökt,0.0,g
1279,Makrill urtagen varmrökt,Betakaroten/β-Karoten,Fisk rökt,0.0,µg
1279,Makrill urtagen varmrökt,Avfall (skal etc.),Fisk rökt,22.0,%
1279,Makrill urtagen varmrökt,Aska,Fisk rökt,2.2,g
1279,Makrill urtagen varmrökt,Alkohol,Fisk rökt,0.0,g
1280,Lutfisk rå frysvara,"Zink, Zn",Fisk o skaldjursprodukter o rätter,0.4,mg
1280,Lutfisk rå frysvara,Vitamin E,Fisk o skaldjursprodukter o rätter,0.1,mg
1280,Lutfisk rå frysvara,Vitamin D,Fisk o skaldjursprodukter o rätter,0.36,µg
1280,Lutfisk rå frysvara,Vitamin C,Fisk o skaldjursprodukter o rätter,0.0,mg
1280,Lutfisk rå frysvara,Vitamin B6,Fisk o skaldjursprodukter o rätter,0.02,mg
1280,Lutfisk rå frysvara,Vitamin B12,Fisk o skaldjursprodukter o rätter,0.3,µg
1280,Lutfisk rå frysvara,Vitamin A,Fisk o skaldjursprodukter o rätter,0.0,RE/µg
1280,Lutfisk rå frysvara,Vatten,Fisk o skaldjursprodukter o rätter,93.1,g
1280,Lutfisk rå frysvara,Tiamin,Fisk o skaldjursprodukter o rätter,0.01,mg
1280,Lutfisk rå frysvara,Tillsatt socker,Fisk o skaldjursprodukter o rätter,0.0,g
1280,Lutfisk rå frysvara,Fritt socker,Fisk o skaldjursprodukter o rätter,0.0,g
1280,Lutfisk rå frysvara,"Selen, Se",Fisk o skaldjursprodukter o rätter,25.0,µg
1280,Lutfisk rå frysvara,Sackaros,Fisk o skaldjursprodukter o rätter,0.0,g
1280,Lutfisk rå frysvara,Riboflavin,Fisk o skaldjursprodukter o rätter,0.01,mg
1280,Lutfisk rå frysvara,Retinol,Fisk o skaldjursprodukter o rätter,0.0,µg
1280,Lutfisk rå frysvara,Protein,Fisk o skaldjursprodukter o rätter,6.3,g
1280,Lutfisk rå frysvara,Summa fleromättade fettsyror,Fisk o skaldjursprodukter o rätter,0.1,g
1280,Lutfisk rå frysvara,"Fosfor, P",Fisk o skaldjursprodukter o rätter,22.0,mg
1280,Lutfisk rå frysvara,Niacinekvivalenter,Fisk o skaldjursprodukter o rätter,2.06,NE/mg
1280,Lutfisk rå frysvara,Niacin,Fisk o skaldjursprodukter o rätter,0.9,mg
1280,Lutfisk rå frysvara,"Salt, NaCl",Fisk o skaldjursprodukter o rätter,0.1,g
1280,Lutfisk rå frysvara,"Natrium, Na",Fisk o skaldjursprodukter o rätter,35.0,mg
1280,Lutfisk rå frysvara,Monosackarider,Fisk o skaldjursprodukter o rätter,0.0,g
1280,Lutfisk rå frysvara,"Sockerarter, totalt",Fisk o skaldjursprodukter o rätter,0.0,g
1280,Lutfisk rå frysvara,Summa enkelomättade fettsyror,Fisk o skaldjursprodukter o rätter,0.0,g
1280,Lutfisk rå frysvara,"Magnesium, Mg",Fisk o skaldjursprodukter o rätter,8.0,mg
1280,Lutfisk rå frysvara,Summa mättade fettsyror,Fisk o skaldjursprodukter o rätter,0.1,g
1280,Lutfisk rå frysvara,"Kolhydrater, tillgängliga",Fisk o skaldjursprodukter o rätter,0.0,g
1280,Lutfisk rå frysvara,Kolesterol,Fisk o skaldjursprodukter o rätter,50.0,mg
1280,Lutfisk rå frysvara,"Kalium, K",Fisk o skaldjursprodukter o rätter,3.0,mg
1280,Lutfisk rå frysvara,"Jod, I",Fisk o skaldjursprodukter o rätter,2.0,µg
1280,Lutfisk rå frysvara,Fullkorn totalt,Fisk o skaldjursprodukter o rätter,0.0,g
1280,Lutfisk rå frysvara,"Folat, totalt",Fisk o skaldjursprodukter o rätter,12.0,µg
1280,Lutfisk rå frysvara,Fibrer,Fisk o skaldjursprodukter o rätter,0.0,g
1280,Lutfisk rå frysvara,"Fett, totalt",Fisk o skaldjursprodukter o rätter,0.3,g
1280,Lutfisk rå frysvara,"Järn, Fe",Fisk o skaldjursprodukter o rätter,0.2,mg
1280,Lutfisk rå frysvara,Energi (kJ),Fisk o skaldjursprodukter o rätter,118.0,kJ
1280,Lutfisk rå frysvara,Energi (kcal),Fisk o skaldjursprodukter o rätter,28.0,kcal
1280,Lutfisk rå frysvara,Disackarider,Fisk o skaldjursprodukter o rätter,0.0,g
1280,Lutfisk rå frysvara,"Kalcium, Ca",Fisk o skaldjursprodukter o rätter,105.0,mg
1280,Lutfisk rå frysvara,Fettsyra 4:0-10:0,Fisk o skaldjursprodukter o rätter,0.0,g
1280,Lutfisk rå frysvara,DHA (C22:6),Fisk o skaldjursprodukter o rätter,0.1,g
1280,Lutfisk rå frysvara,DPA (C22:5),Fisk o skaldjursprodukter o rätter,0.0,g
1280,Lutfisk rå frysvara,EPA (C20:5),Fisk o skaldjursprodukter o rätter,0.0,g
1280,Lutfisk rå frysvara,Arakidonsyra C20:4,Fisk o skaldjursprodukter o rätter,0.0,g
1280,Lutfisk rå frysvara,Arakidinsyra C20:0,Fisk o skaldjursprodukter o rätter,0.0,g
1280,Lutfisk rå frysvara,Linolensyra C18:3,Fisk o skaldjursprodukter o rätter,0.0,g
1280,Lutfisk rå frysvara,Linolsyra C18:2,Fisk o skaldjursprodukter o rätter,0.0,g
1280,Lutfisk rå frysvara,Oljesyra C18:1,Fisk o skaldjursprodukter o rätter,0.0,g
1280,Lutfisk rå frysvara,Stearinsyra C18:0,Fisk o skaldjursprodukter o rätter,0.0,g
1280,Lutfisk rå frysvara,Palmitoljesyra C16:1,Fisk o skaldjursprodukter o rätter,0.0,g
1280,Lutfisk rå frysvara,Palmitinsyra C16:0,Fisk o skaldjursprodukter o rätter,0.0,g
1280,Lutfisk rå frysvara,Myristinsyra C14:0,Fisk o skaldjursprodukter o rätter,0.0,g
1280,Lutfisk rå frysvara,Laurinsyra C12:0,Fisk o skaldjursprodukter o rätter,0.0,g
1280,Lutfisk rå frysvara,Betakaroten/β-Karoten,Fisk o skaldjursprodukter o rätter,0.0,µg
1280,Lutfisk rå frysvara,Avfall (skal etc.),Fisk o skaldjursprodukter o rätter,10.0,%
1280,Lutfisk rå frysvara,Aska,Fisk o skaldjursprodukter o rätter,0.3,g
1280,Lutfisk rå frysvara,Alkohol,Fisk o skaldjursprodukter o rätter,0.0,g
1281,Sill matjessill konserv.,"Zink, Zn",Fisk o skaldjursprodukter o rätter,0.4,mg
1281,Sill matjessill konserv.,Vitamin E,Fisk o skaldjursprodukter o rätter,0.6,mg
1281,Sill matjessill konserv.,Vitamin D,Fisk o skaldjursprodukter o rätter,20.8,µg
1281,Sill matjessill konserv.,Vitamin C,Fisk o skaldjursprodukter o rätter,0.0,mg
1281,Sill matjessill konserv.,Vitamin B6,Fisk o skaldjursprodukter o rätter,0.05,mg
1281,Sill matjessill konserv.,Vitamin B12,Fisk o skaldjursprodukter o rätter,4.54,µg
1281,Sill matjessill konserv.,Vitamin A,Fisk o skaldjursprodukter o rätter,10.3,RE/µg
1281,Sill matjessill konserv.,Vatten,Fisk o skaldjursprodukter o rätter,55.2,g
1281,Sill matjessill konserv.,Tiamin,Fisk o skaldjursprodukter o rätter,0.0,mg
1281,Sill matjessill konserv.,Tillsatt socker,Fisk o skaldjursprodukter o rätter,15.0,g
1281,Sill matjessill konserv.,Fritt socker,Fisk o skaldjursprodukter o rätter,15.0,g
1281,Sill matjessill konserv.,"Selen, Se",Fisk o skaldjursprodukter o rätter,15.0,µg
1281,Sill matjessill konserv.,Sackaros,Fisk o skaldjursprodukter o rätter,14.9,g
1281,Sill matjessill konserv.,Riboflavin,Fisk o skaldjursprodukter o rätter,0.09,mg
1281,Sill matjessill konserv.,Retinol,Fisk o skaldjursprodukter o rätter,10.3,µg
1281,Sill matjessill konserv.,Protein,Fisk o skaldjursprodukter o rätter,9.5,g
1281,Sill matjessill konserv.,Summa fleromättade fettsyror,Fisk o skaldjursprodukter o rätter,2.3,g
1281,Sill matjessill konserv.,"Fosfor, P",Fisk o skaldjursprodukter o rätter,68.0,mg
1281,Sill matjessill konserv.,Niacinekvivalenter,Fisk o skaldjursprodukter o rätter,2.7,NE/mg
1281,Sill matjessill konserv.,Niacin,Fisk o skaldjursprodukter o rätter,1.13,mg
1281,Sill matjessill konserv.,"Salt, NaCl",Fisk o skaldjursprodukter o rätter,4.2,g
1281,Sill matjessill konserv.,"Natrium, Na",Fisk o skaldjursprodukter o rätter,1700.0,mg
1281,Sill matjessill konserv.,Monosackarider,Fisk o skaldjursprodukter o rätter,0.2,g
1281,Sill matjessill konserv.,"Sockerarter, totalt",Fisk o skaldjursprodukter o rätter,15.1,g
1281,Sill matjessill konserv.,Summa enkelomättade fettsyror,Fisk o skaldjursprodukter o rätter,5.5,g
1281,Sill matjessill konserv.,"Magnesium, Mg",Fisk o skaldjursprodukter o rätter,16.0,mg
1281,Sill matjessill konserv.,Summa mättade fettsyror,Fisk o skaldjursprodukter o rätter,2.4,g
1281,Sill matjessill konserv.,"Kolhydrater, tillgängliga",Fisk o skaldjursprodukter o rätter,17.1,g
1281,Sill matjessill konserv.,Kolesterol,Fisk o skaldjursprodukter o rätter,33.2,mg
1281,Sill matjessill konserv.,"Kalium, K",Fisk o skaldjursprodukter o rätter,85.0,mg
1281,Sill matjessill konserv.,"Jod, I",Fisk o skaldjursprodukter o rätter,11.0,µg
1281,Sill matjessill konserv.,Fullkorn totalt,Fisk o skaldjursprodukter o rätter,0.0,g
1281,Sill matjessill konserv.,"Folat, totalt",Fisk o skaldjursprodukter o rätter,5.0,µg
1281,Sill matjessill konserv.,Fibrer,Fisk o skaldjursprodukter o rätter,0.4,g
1281,Sill matjessill konserv.,"Fett, totalt",Fisk o skaldjursprodukter o rätter,11.5,g
1281,Sill matjessill konserv.,"Järn, Fe",Fisk o skaldjursprodukter o rätter,0.6,mg
1281,Sill matjessill konserv.,Energi (kJ),Fisk o skaldjursprodukter o rätter,881.0,kJ
1281,Sill matjessill konserv.,Energi (kcal),Fisk o skaldjursprodukter o rätter,210.0,kcal
1281,Sill matjessill konserv.,Disackarider,Fisk o skaldjursprodukter o rätter,14.9,g
1281,Sill matjessill konserv.,"Kalcium, Ca",Fisk o skaldjursprodukter o rätter,23.0,mg
1281,Sill matjessill konserv.,Fettsyra 4:0-10:0,Fisk o skaldjursprodukter o rätter,0.0,g
1281,Sill matjessill konserv.,DHA (C22:6),Fisk o skaldjursprodukter o rätter,0.8,g
1281,Sill matjessill konserv.,DPA (C22:5),Fisk o skaldjursprodukter o rätter,0.1,g
1281,Sill matjessill konserv.,EPA (C20:5),Fisk o skaldjursprodukter o rätter,0.7,g
1281,Sill matjessill konserv.,Arakidonsyra C20:4,Fisk o skaldjursprodukter o rätter,0.1,g
1281,Sill matjessill konserv.,Arakidinsyra C20:0,Fisk o skaldjursprodukter o rätter,0.0,g
1281,Sill matjessill konserv.,Linolensyra C18:3,Fisk o skaldjursprodukter o rätter,0.1,g
1281,Sill matjessill konserv.,Linolsyra C18:2,Fisk o skaldjursprodukter o rätter,0.2,g
1281,Sill matjessill konserv.,Oljesyra C18:1,Fisk o skaldjursprodukter o rätter,1.4,g
1281,Sill matjessill konserv.,Stearinsyra C18:0,Fisk o skaldjursprodukter o rätter,0.1,g
1281,Sill matjessill konserv.,Palmitoljesyra C16:1,Fisk o skaldjursprodukter o rätter,0.6,g
1281,Sill matjessill konserv.,Palmitinsyra C16:0,Fisk o skaldjursprodukter o rätter,1.4,g
1281,Sill matjessill konserv.,Myristinsyra C14:0,Fisk o skaldjursprodukter o rätter,0.8,g
1281,Sill matjessill konserv.,Laurinsyra C12:0,Fisk o skaldjursprodukter o rätter,0.0,g
1281,Sill matjessill konserv.,Betakaroten/β-Karoten,Fisk o skaldjursprodukter o rätter,0.0,µg
1281,Sill matjessill konserv.,Avfall (skal etc.),Fisk o skaldjursprodukter o rätter,0.0,%
1281,Sill matjessill konserv.,Aska,Fisk o skaldjursprodukter o rätter,6.3,g
1281,Sill matjessill konserv.,Alkohol,Fisk o skaldjursprodukter o rätter,0.0,g
1282,Marulk rå,"Zink, Zn",Fisk färsk fryst kokt,0.3,mg
1282,Marulk rå,Vitamin E,Fisk färsk fryst kokt,0.5,mg
1282,Marulk rå,Vitamin D,Fisk färsk fryst kokt,1.0,µg
1282,Marulk rå,Vitamin C,Fisk färsk fryst kokt,0.0,mg
1282,Marulk rå,Vitamin B6,Fisk färsk fryst kokt,0.23,mg
1282,Marulk rå,Vitamin B12,Fisk färsk fryst kokt,0.8,µg
1282,Marulk rå,Vitamin A,Fisk färsk fryst kokt,80.0,RE/µg
1282,Marulk rå,Vatten,Fisk färsk fryst kokt,82.9,g
1282,Marulk rå,Tiamin,Fisk färsk fryst kokt,0.02,mg
1282,Marulk rå,Tillsatt socker,Fisk färsk fryst kokt,0.0,g
1282,Marulk rå,Fritt socker,Fisk färsk fryst kokt,0.0,g
1282,Marulk rå,"Selen, Se",Fisk färsk fryst kokt,30.0,µg
1282,Marulk rå,Sackaros,Fisk färsk fryst kokt,0.0,g
1282,Marulk rå,Riboflavin,Fisk färsk fryst kokt,0.06,mg
1282,Marulk rå,Retinol,Fisk färsk fryst kokt,80.0,µg
1282,Marulk rå,Protein,Fisk färsk fryst kokt,15.8,g
1282,Marulk rå,Summa fleromättade fettsyror,Fisk färsk fryst kokt,0.0,g
1282,Marulk rå,"Fosfor, P",Fisk färsk fryst kokt,160.0,mg
1282,Marulk rå,Niacinekvivalenter,Fisk färsk fryst kokt,4.9,NE/mg
1282,Marulk rå,Niacin,Fisk färsk fryst kokt,2.0,mg
1282,Marulk rå,"Salt, NaCl",Fisk färsk fryst kokt,0.2,g
1282,Marulk rå,"Natrium, Na",Fisk färsk fryst kokt,82.0,mg
1282,Marulk rå,Monosackarider,Fisk färsk fryst kokt,0.0,g
1282,Marulk rå,"Sockerarter, totalt",Fisk färsk fryst kokt,0.0,g
1282,Marulk rå,Summa enkelomättade fettsyror,Fisk färsk fryst kokt,0.0,g
1282,Marulk rå,"Magnesium, Mg",Fisk färsk fryst kokt,19.0,mg
1282,Marulk rå,Summa mättade fettsyror,Fisk färsk fryst kokt,0.0,g
1282,Marulk rå,"Kolhydrater, tillgängliga",Fisk färsk fryst kokt,0.0,g
1282,Marulk rå,Kolesterol,Fisk färsk fryst kokt,25.0,mg
1282,Marulk rå,"Kalium, K",Fisk färsk fryst kokt,342.0,mg
1282,Marulk rå,"Jod, I",Fisk färsk fryst kokt,14.0,µg
1282,Marulk rå,Fullkorn totalt,Fisk färsk fryst kokt,0.0,g
1282,Marulk rå,"Folat, totalt",Fisk färsk fryst kokt,12.0,µg
1282,Marulk rå,Fibrer,Fisk färsk fryst kokt,0.0,g
1282,Marulk rå,"Fett, totalt",Fisk färsk fryst kokt,0.1,g
1282,Marulk rå,"Järn, Fe",Fisk färsk fryst kokt,0.0,mg
1282,Marulk rå,Energi (kJ),Fisk färsk fryst kokt,272.0,kJ
1282,Marulk rå,Energi (kcal),Fisk färsk fryst kokt,65.0,kcal
1282,Marulk rå,Disackarider,Fisk färsk fryst kokt,0.0,g
1282,Marulk rå,"Kalcium, Ca",Fisk färsk fryst kokt,5.0,mg
1282,Marulk rå,Fettsyra 4:0-10:0,Fisk färsk fryst kokt,0.0,g
1282,Marulk rå,DHA (C22:6),Fisk färsk fryst kokt,0.0,g
1282,Marulk rå,DPA (C22:5),Fisk färsk fryst kokt,0.0,g
1282,Marulk rå,EPA (C20:5),Fisk färsk fryst kokt,0.0,g
1282,Marulk rå,Arakidonsyra C20:4,Fisk färsk fryst kokt,0.0,g
1282,Marulk rå,Arakidinsyra C20:0,Fisk färsk fryst kokt,0.0,g
1282,Marulk rå,Linolensyra C18:3,Fisk färsk fryst kokt,0.0,g
1282,Marulk rå,Linolsyra C18:2,Fisk färsk fryst kokt,0.0,g
1282,Marulk rå,Oljesyra C18:1,Fisk färsk fryst kokt,0.0,g
1282,Marulk rå,Stearinsyra C18:0,Fisk färsk fryst kokt,0.0,g
1282,Marulk rå,Palmitoljesyra C16:1,Fisk färsk fryst kokt,0.0,g
1282,Marulk rå,Palmitinsyra C16:0,Fisk färsk fryst kokt,0.0,g
1282,Marulk rå,Myristinsyra C14:0,Fisk färsk fryst kokt,0.0,g
1282,Marulk rå,Laurinsyra C12:0,Fisk färsk fryst kokt,0.0,g
1282,Marulk rå,Betakaroten/β-Karoten,Fisk färsk fryst kokt,0.0,µg
1282,Marulk rå,Avfall (skal etc.),Fisk färsk fryst kokt,66.0,%
1282,Marulk rå,Aska,Fisk färsk fryst kokt,1.2,g
1282,Marulk rå,Alkohol,Fisk färsk fryst kokt,0.0,g
1283,Makrill filé i olja konserv.,"Zink, Zn",Fisk o skaldjursprodukter o rätter,0.5,mg
1283,Makrill filé i olja konserv.,Vitamin E,Fisk o skaldjursprodukter o rätter,0.9,mg
1283,Makrill filé i olja konserv.,Vitamin D,Fisk o skaldjursprodukter o rätter,2.8,µg
1283,Makrill filé i olja konserv.,Vitamin C,Fisk o skaldjursprodukter o rätter,0.0,mg
1283,Makrill filé i olja konserv.,Vitamin B6,Fisk o skaldjursprodukter o rätter,0.6,mg
1283,Makrill filé i olja konserv.,Vitamin B12,Fisk o skaldjursprodukter o rätter,9.0,µg
1283,Makrill filé i olja konserv.,Vitamin A,Fisk o skaldjursprodukter o rätter,40.0,RE/µg
1283,Makrill filé i olja konserv.,Vatten,Fisk o skaldjursprodukter o rätter,51.9,g
1283,Makrill filé i olja konserv.,Tiamin,Fisk o skaldjursprodukter o rätter,0.06,mg
1283,Makrill filé i olja konserv.,Tillsatt socker,Fisk o skaldjursprodukter o rätter,0.0,g
1283,Makrill filé i olja konserv.,Fritt socker,Fisk o skaldjursprodukter o rätter,0.0,g
1283,Makrill filé i olja konserv.,"Selen, Se",Fisk o skaldjursprodukter o rätter,19.9,µg
1283,Makrill filé i olja konserv.,Sackaros,Fisk o skaldjursprodukter o rätter,0.0,g
1283,Makrill filé i olja konserv.,Riboflavin,Fisk o skaldjursprodukter o rätter,0.16,mg
1283,Makrill filé i olja konserv.,Retinol,Fisk o skaldjursprodukter o rätter,40.0,µg
1283,Makrill filé i olja konserv.,Protein,Fisk o skaldjursprodukter o rätter,18.9,g
1283,Makrill filé i olja konserv.,Summa fleromättade fettsyror,Fisk o skaldjursprodukter o rätter,7.7,g
1283,Makrill filé i olja konserv.,"Fosfor, P",Fisk o skaldjursprodukter o rätter,150.0,mg
1283,Makrill filé i olja konserv.,Niacinekvivalenter,Fisk o skaldjursprodukter o rätter,8.47,NE/mg
1283,Makrill filé i olja konserv.,Niacin,Fisk o skaldjursprodukter o rätter,5.0,mg
1283,Makrill filé i olja konserv.,"Salt, NaCl",Fisk o skaldjursprodukter o rätter,0.6,g
1283,Makrill filé i olja konserv.,"Natrium, Na",Fisk o skaldjursprodukter o rätter,260.0,mg
1283,Makrill filé i olja konserv.,Monosackarider,Fisk o skaldjursprodukter o rätter,0.0,g
1283,Makrill filé i olja konserv.,"Sockerarter, totalt",Fisk o skaldjursprodukter o rätter,0.0,g
1283,Makrill filé i olja konserv.,Summa enkelomättade fettsyror,Fisk o skaldjursprodukter o rätter,11.4,g
1283,Makrill filé i olja konserv.,"Magnesium, Mg",Fisk o skaldjursprodukter o rätter,20.0,mg
1283,Makrill filé i olja konserv.,Summa mättade fettsyror,Fisk o skaldjursprodukter o rätter,6.0,g
1283,Makrill filé i olja konserv.,"Kolhydrater, tillgängliga",Fisk o skaldjursprodukter o rätter,0.0,g
1283,Makrill filé i olja konserv.,Kolesterol,Fisk o skaldjursprodukter o rätter,75.0,mg
1283,Makrill filé i olja konserv.,"Kalium, K",Fisk o skaldjursprodukter o rätter,320.0,mg
1283,Makrill filé i olja konserv.,"Jod, I",Fisk o skaldjursprodukter o rätter,8.0,µg
1283,Makrill filé i olja konserv.,Fullkorn totalt,Fisk o skaldjursprodukter o rätter,0.0,g
1283,Makrill filé i olja konserv.,"Folat, totalt",Fisk o skaldjursprodukter o rätter,1.0,µg
1283,Makrill filé i olja konserv.,Fibrer,Fisk o skaldjursprodukter o rätter,0.0,g
1283,Makrill filé i olja konserv.,"Fett, totalt",Fisk o skaldjursprodukter o rätter,28.0,g
1283,Makrill filé i olja konserv.,"Järn, Fe",Fisk o skaldjursprodukter o rätter,1.1,mg
1283,Makrill filé i olja konserv.,Energi (kJ),Fisk o skaldjursprodukter o rätter,1357.0,kJ
1283,Makrill filé i olja konserv.,Energi (kcal),Fisk o skaldjursprodukter o rätter,324.0,kcal
1283,Makrill filé i olja konserv.,Disackarider,Fisk o skaldjursprodukter o rätter,0.0,g
1283,Makrill filé i olja konserv.,"Kalcium, Ca",Fisk o skaldjursprodukter o rätter,15.0,mg
1283,Makrill filé i olja konserv.,Fettsyra 4:0-10:0,Fisk o skaldjursprodukter o rätter,0.0,g
1283,Makrill filé i olja konserv.,DHA (C22:6),Fisk o skaldjursprodukter o rätter,2.7,g
1283,Makrill filé i olja konserv.,DPA (C22:5),Fisk o skaldjursprodukter o rätter,0.2,g
1283,Makrill filé i olja konserv.,EPA (C20:5),Fisk o skaldjursprodukter o rätter,1.6,g
1283,Makrill filé i olja konserv.,Arakidonsyra C20:4,Fisk o skaldjursprodukter o rätter,0.1,g
1283,Makrill filé i olja konserv.,Arakidinsyra C20:0,Fisk o skaldjursprodukter o rätter,0.0,g
1283,Makrill filé i olja konserv.,Linolensyra C18:3,Fisk o skaldjursprodukter o rätter,0.5,g
1283,Makrill filé i olja konserv.,Linolsyra C18:2,Fisk o skaldjursprodukter o rätter,0.5,g
1283,Makrill filé i olja konserv.,Oljesyra C18:1,Fisk o skaldjursprodukter o rätter,3.0,g
1283,Makrill filé i olja konserv.,Stearinsyra C18:0,Fisk o skaldjursprodukter o rätter,0.6,g
1283,Makrill filé i olja konserv.,Palmitoljesyra C16:1,Fisk o skaldjursprodukter o rätter,1.2,g
1283,Makrill filé i olja konserv.,Palmitinsyra C16:0,Fisk o skaldjursprodukter o rätter,3.4,g
1283,Makrill filé i olja konserv.,Myristinsyra C14:0,Fisk o skaldjursprodukter o rätter,1.8,g
1283,Makrill filé i olja konserv.,Laurinsyra C12:0,Fisk o skaldjursprodukter o rätter,0.0,g
1283,Makrill filé i olja konserv.,Betakaroten/β-Karoten,Fisk o skaldjursprodukter o rätter,0.0,µg
1283,Makrill filé i olja konserv.,Avfall (skal etc.),Fisk o skaldjursprodukter o rätter,0.0,%
1283,Makrill filé i olja konserv.,Aska,Fisk o skaldjursprodukter o rätter,1.2,g
1283,Makrill filé i olja konserv.,Alkohol,Fisk o skaldjursprodukter o rätter,0.0,g
1284,Saltsill urvattnad konserv.,"Zink, Zn",Fisk färsk fryst kokt,0.7,mg
1284,Saltsill urvattnad konserv.,Vitamin E,Fisk färsk fryst kokt,1.0,mg
1284,Saltsill urvattnad konserv.,Vitamin D,Fisk färsk fryst kokt,5.0,µg
1284,Saltsill urvattnad konserv.,Vitamin C,Fisk färsk fryst kokt,0.0,mg
1284,Saltsill urvattnad konserv.,Vitamin B6,Fisk färsk fryst kokt,0.12,mg
1284,Saltsill urvattnad konserv.,Vitamin B12,Fisk färsk fryst kokt,5.2,µg
1284,Saltsill urvattnad konserv.,Vitamin A,Fisk färsk fryst kokt,10.0,RE/µg
1284,Saltsill urvattnad konserv.,Vatten,Fisk färsk fryst kokt,65.0,g
1284,Saltsill urvattnad konserv.,Tiamin,Fisk färsk fryst kokt,0.03,mg
1284,Saltsill urvattnad konserv.,Tillsatt socker,Fisk färsk fryst kokt,0.0,g
1284,Saltsill urvattnad konserv.,Fritt socker,Fisk färsk fryst kokt,0.0,g
1284,Saltsill urvattnad konserv.,"Selen, Se",Fisk färsk fryst kokt,22.0,µg
1284,Saltsill urvattnad konserv.,Sackaros,Fisk färsk fryst kokt,0.0,g
1284,Saltsill urvattnad konserv.,Riboflavin,Fisk färsk fryst kokt,0.17,mg
1284,Saltsill urvattnad konserv.,Retinol,Fisk färsk fryst kokt,10.0,µg
1284,Saltsill urvattnad konserv.,Protein,Fisk färsk fryst kokt,16.5,g
1284,Saltsill urvattnad konserv.,Summa fleromättade fettsyror,Fisk färsk fryst kokt,4.1,g
1284,Saltsill urvattnad konserv.,"Fosfor, P",Fisk färsk fryst kokt,54.0,mg
1284,Saltsill urvattnad konserv.,Niacinekvivalenter,Fisk färsk fryst kokt,5.53,NE/mg
1284,Saltsill urvattnad konserv.,Niacin,Fisk färsk fryst kokt,2.5,mg
1284,Saltsill urvattnad konserv.,"Salt, NaCl",Fisk färsk fryst kokt,2.4,g
1284,Saltsill urvattnad konserv.,"Natrium, Na",Fisk färsk fryst kokt,960.0,mg
1284,Saltsill urvattnad konserv.,Monosackarider,Fisk färsk fryst kokt,0.0,g
1284,Saltsill urvattnad konserv.,"Sockerarter, totalt",Fisk färsk fryst kokt,0.0,g
1284,Saltsill urvattnad konserv.,Summa enkelomättade fettsyror,Fisk färsk fryst kokt,6.6,g
1284,Saltsill urvattnad konserv.,"Magnesium, Mg",Fisk färsk fryst kokt,12.0,mg
1284,Saltsill urvattnad konserv.,Summa mättade fettsyror,Fisk färsk fryst kokt,3.6,g
1284,Saltsill urvattnad konserv.,"Kolhydrater, tillgängliga",Fisk färsk fryst kokt,0.0,g
1284,Saltsill urvattnad konserv.,Kolesterol,Fisk färsk fryst kokt,80.0,mg
1284,Saltsill urvattnad konserv.,"Kalium, K",Fisk färsk fryst kokt,52.0,mg
1284,Saltsill urvattnad konserv.,"Jod, I",Fisk färsk fryst kokt,41.5,µg
1284,Saltsill urvattnad konserv.,Fullkorn totalt,Fisk färsk fryst kokt,0.0,g
1284,Saltsill urvattnad konserv.,"Folat, totalt",Fisk färsk fryst kokt,5.0,µg
1284,Saltsill urvattnad konserv.,Fibrer,Fisk färsk fryst kokt,0.0,g
1284,Saltsill urvattnad konserv.,"Fett, totalt",Fisk färsk fryst kokt,16.0,g
1284,Saltsill urvattnad konserv.,"Järn, Fe",Fisk färsk fryst kokt,0.9,mg
1284,Saltsill urvattnad konserv.,Energi (kJ),Fisk färsk fryst kokt,872.0,kJ
1284,Saltsill urvattnad konserv.,Energi (kcal),Fisk färsk fryst kokt,208.0,kcal
1284,Saltsill urvattnad konserv.,Disackarider,Fisk färsk fryst kokt,0.0,g
1284,Saltsill urvattnad konserv.,"Kalcium, Ca",Fisk färsk fryst kokt,18.0,mg
1284,Saltsill urvattnad konserv.,Fettsyra 4:0-10:0,Fisk färsk fryst kokt,0.0,g
1284,Saltsill urvattnad konserv.,DHA (C22:6),Fisk färsk fryst kokt,1.4,g
1284,Saltsill urvattnad konserv.,DPA (C22:5),Fisk färsk fryst kokt,0.1,g
1284,Saltsill urvattnad konserv.,EPA (C20:5),Fisk färsk fryst kokt,0.9,g
1284,Saltsill urvattnad konserv.,Arakidonsyra C20:4,Fisk färsk fryst kokt,0.1,g
1284,Saltsill urvattnad konserv.,Arakidinsyra C20:0,Fisk färsk fryst kokt,0.0,g
1284,Saltsill urvattnad konserv.,Linolensyra C18:3,Fisk färsk fryst kokt,0.3,g
1284,Saltsill urvattnad konserv.,Linolsyra C18:2,Fisk färsk fryst kokt,0.4,g
1284,Saltsill urvattnad konserv.,Oljesyra C18:1,Fisk färsk fryst kokt,2.0,g
1284,Saltsill urvattnad konserv.,Stearinsyra C18:0,Fisk färsk fryst kokt,0.1,g
1284,Saltsill urvattnad konserv.,Palmitoljesyra C16:1,Fisk färsk fryst kokt,0.9,g
1284,Saltsill urvattnad konserv.,Palmitinsyra C16:0,Fisk färsk fryst kokt,2.2,g
1284,Saltsill urvattnad konserv.,Myristinsyra C14:0,Fisk färsk fryst kokt,1.1,g
1284,Saltsill urvattnad konserv.,Laurinsyra C12:0,Fisk färsk fryst kokt,0.0,g
1284,Saltsill urvattnad konserv.,Betakaroten/β-Karoten,Fisk färsk fryst kokt,0.0,µg
1284,Saltsill urvattnad konserv.,Avfall (skal etc.),Fisk färsk fryst kokt,0.0,%
1284,Saltsill urvattnad konserv.,Aska,Fisk färsk fryst kokt,2.5,g
1284,Saltsill urvattnad konserv.,Alkohol,Fisk färsk fryst kokt,0.0,g
1285,Lax gravad,"Zink, Zn",Fisk o skaldjursprodukter o rätter,0.3,mg
1285,Lax gravad,Vitamin E,Fisk o skaldjursprodukter o rätter,3.7,mg
1285,Lax gravad,Vitamin D inkl 25-OH-D3,Fisk o skaldjursprodukter o rätter,6.95,µg
1285,Lax gravad,Vitamin D,Fisk o skaldjursprodukter o rätter,6.18,µg
1285,Lax gravad,Vitamin C,Fisk o skaldjursprodukter o rätter,0.0,mg
1285,Lax gravad,Vitamin B6,Fisk o skaldjursprodukter o rätter,0.55,mg
1285,Lax gravad,Vitamin B12,Fisk o skaldjursprodukter o rätter,4.89,µg
1285,Lax gravad,Vitamin A,Fisk o skaldjursprodukter o rätter,8.7,RE/µg
1285,Lax gravad,Vatten,Fisk o skaldjursprodukter o rätter,65.1,g
1285,Lax gravad,Tiamin,Fisk o skaldjursprodukter o rätter,0.26,mg
1285,Lax gravad,Tillsatt socker,Fisk o skaldjursprodukter o rätter,1.0,g
1285,Lax gravad,Fritt socker,Fisk o skaldjursprodukter o rätter,1.0,g
1285,Lax gravad,"Selen, Se",Fisk o skaldjursprodukter o rätter,15.1,µg
1285,Lax gravad,Sackaros,Fisk o skaldjursprodukter o rätter,1.3,g
1285,Lax gravad,Riboflavin,Fisk o skaldjursprodukter o rätter,0.09,mg
1285,Lax gravad,Retinol,Fisk o skaldjursprodukter o rätter,6.2,µg
1285,Lax gravad,Protein,Fisk o skaldjursprodukter o rätter,18.8,g
1285,Lax gravad,Summa fleromättade fettsyror,Fisk o skaldjursprodukter o rätter,2.6,g
1285,Lax gravad,"Fosfor, P",Fisk o skaldjursprodukter o rätter,214.0,mg
1285,Lax gravad,Niacinekvivalenter,Fisk o skaldjursprodukter o rätter,10.6,NE/mg
1285,Lax gravad,Niacin,Fisk o skaldjursprodukter o rätter,7.48,mg
1285,Lax gravad,"Salt, NaCl",Fisk o skaldjursprodukter o rätter,2.9,g
1285,Lax gravad,"Natrium, Na",Fisk o skaldjursprodukter o rätter,1150.0,mg
1285,Lax gravad,Monosackarider,Fisk o skaldjursprodukter o rätter,0.0,g
1285,Lax gravad,"Sockerarter, totalt",Fisk o skaldjursprodukter o rätter,1.3,g
1285,Lax gravad,Summa enkelomättade fettsyror,Fisk o skaldjursprodukter o rätter,4.1,g
1285,Lax gravad,"Magnesium, Mg",Fisk o skaldjursprodukter o rätter,24.0,mg
1285,Lax gravad,Summa mättade fettsyror,Fisk o skaldjursprodukter o rätter,1.2,g
1285,Lax gravad,"Kolhydrater, tillgängliga",Fisk o skaldjursprodukter o rätter,3.1,g
1285,Lax gravad,Kolesterol,Fisk o skaldjursprodukter o rätter,59.1,mg
1285,Lax gravad,"Kalium, K",Fisk o skaldjursprodukter o rätter,317.0,mg
1285,Lax gravad,"Jod, I",Fisk o skaldjursprodukter o rätter,32.0,µg
1285,Lax gravad,Fullkorn totalt,Fisk o skaldjursprodukter o rätter,0.0,g
1285,Lax gravad,"Folat, totalt",Fisk o skaldjursprodukter o rätter,5.9,µg
1285,Lax gravad,Fibrer,Fisk o skaldjursprodukter o rätter,0.0,g
1285,Lax gravad,"Fett, totalt",Fisk o skaldjursprodukter o rätter,8.7,g
1285,Lax gravad,"Järn, Fe",Fisk o skaldjursprodukter o rätter,0.2,mg
1285,Lax gravad,Energi (kJ),Fisk o skaldjursprodukter o rätter,694.0,kJ
1285,Lax gravad,Energi (kcal),Fisk o skaldjursprodukter o rätter,166.0,kcal
1285,Lax gravad,Disackarider,Fisk o skaldjursprodukter o rätter,1.3,g
1285,Lax gravad,"Kalcium, Ca",Fisk o skaldjursprodukter o rätter,10.0,mg
1285,Lax gravad,Fettsyra 4:0-10:0,Fisk o skaldjursprodukter o rätter,0.0,g
1285,Lax gravad,DHA (C22:6),Fisk o skaldjursprodukter o rätter,0.4,g
1285,Lax gravad,DPA (C22:5),Fisk o skaldjursprodukter o rätter,0.1,g
1285,Lax gravad,EPA (C20:5),Fisk o skaldjursprodukter o rätter,0.2,g
1285,Lax gravad,Arakidonsyra C20:4,Fisk o skaldjursprodukter o rätter,0.1,g
1285,Lax gravad,Arakidinsyra C20:0,Fisk o skaldjursprodukter o rätter,0.0,g
1285,Lax gravad,Linolensyra C18:3,Fisk o skaldjursprodukter o rätter,0.5,g
1285,Lax gravad,Linolsyra C18:2,Fisk o skaldjursprodukter o rätter,1.1,g
1285,Lax gravad,Oljesyra C18:1,Fisk o skaldjursprodukter o rätter,3.4,g
1285,Lax gravad,Stearinsyra C18:0,Fisk o skaldjursprodukter o rätter,0.2,g
1285,Lax gravad,Palmitoljesyra C16:1,Fisk o skaldjursprodukter o rätter,0.2,g
1285,Lax gravad,Palmitinsyra C16:0,Fisk o skaldjursprodukter o rätter,0.8,g
1285,Lax gravad,Myristinsyra C14:0,Fisk o skaldjursprodukter o rätter,0.2,g
1285,Lax gravad,Laurinsyra C12:0,Fisk o skaldjursprodukter o rätter,0.0,g
1285,Lax gravad,Betakaroten/β-Karoten,Fisk o skaldjursprodukter o rätter,30.0,µg
1285,Lax gravad,Avfall (skal etc.),Fisk o skaldjursprodukter o rätter,10.0,%
1285,Lax gravad,Aska,Fisk o skaldjursprodukter o rätter,4.3,g
1285,Lax gravad,Alkohol,Fisk o skaldjursprodukter o rätter,0.0,g
1286,Lax rimmad,"Zink, Zn",Fisk o skaldjursprodukter o rätter,0.4,mg
1286,Lax rimmad,Vitamin E,Fisk o skaldjursprodukter o rätter,2.2,mg
1286,Lax rimmad,Vitamin D,Fisk o skaldjursprodukter o rätter,13.0,µg
1286,Lax rimmad,Vitamin C,Fisk o skaldjursprodukter o rätter,0.0,mg
1286,Lax rimmad,Vitamin B6,Fisk o skaldjursprodukter o rätter,0.78,mg
1286,Lax rimmad,Vitamin B12,Fisk o skaldjursprodukter o rätter,5.0,µg
1286,Lax rimmad,Vitamin A,Fisk o skaldjursprodukter o rätter,30.0,RE/µg
1286,Lax rimmad,Vatten,Fisk o skaldjursprodukter o rätter,67.8,g
1286,Lax rimmad,Tiamin,Fisk o skaldjursprodukter o rätter,0.18,mg
1286,Lax rimmad,Tillsatt socker,Fisk o skaldjursprodukter o rätter,2.0,g
1286,Lax rimmad,Fritt socker,Fisk o skaldjursprodukter o rätter,2.0,g
1286,Lax rimmad,"Selen, Se",Fisk o skaldjursprodukter o rätter,26.0,µg
1286,Lax rimmad,Sackaros,Fisk o skaldjursprodukter o rätter,1.5,g
1286,Lax rimmad,Riboflavin,Fisk o skaldjursprodukter o rätter,0.08,mg
1286,Lax rimmad,Retinol,Fisk o skaldjursprodukter o rätter,30.0,µg
1286,Lax rimmad,Protein,Fisk o skaldjursprodukter o rätter,18.8,g
1286,Lax rimmad,Summa fleromättade fettsyror,Fisk o skaldjursprodukter o rätter,2.2,g
1286,Lax rimmad,"Fosfor, P",Fisk o skaldjursprodukter o rätter,184.0,mg
1286,Lax rimmad,Niacinekvivalenter,Fisk o skaldjursprodukter o rätter,9.45,NE/mg
1286,Lax rimmad,Niacin,Fisk o skaldjursprodukter o rätter,6.0,mg
1286,Lax rimmad,"Salt, NaCl",Fisk o skaldjursprodukter o rätter,4.4,g
1286,Lax rimmad,"Natrium, Na",Fisk o skaldjursprodukter o rätter,1760.0,mg
1286,Lax rimmad,Monosackarider,Fisk o skaldjursprodukter o rätter,0.0,g
1286,Lax rimmad,"Sockerarter, totalt",Fisk o skaldjursprodukter o rätter,1.5,g
1286,Lax rimmad,Summa enkelomättade fettsyror,Fisk o skaldjursprodukter o rätter,3.4,g
1286,Lax rimmad,"Magnesium, Mg",Fisk o skaldjursprodukter o rätter,24.0,mg
1286,Lax rimmad,Summa mättade fettsyror,Fisk o skaldjursprodukter o rätter,1.7,g
1286,Lax rimmad,"Kolhydrater, tillgängliga",Fisk o skaldjursprodukter o rätter,0.0,g
1286,Lax rimmad,Kolesterol,Fisk o skaldjursprodukter o rätter,70.0,mg
1286,Lax rimmad,"Kalium, K",Fisk o skaldjursprodukter o rätter,250.0,mg
1286,Lax rimmad,"Jod, I",Fisk o skaldjursprodukter o rätter,12.0,µg
1286,Lax rimmad,Fullkorn totalt,Fisk o skaldjursprodukter o rätter,0.0,g
1286,Lax rimmad,"Folat, totalt",Fisk o skaldjursprodukter o rätter,26.0,µg
1286,Lax rimmad,Fibrer,Fisk o skaldjursprodukter o rätter,0.0,g
1286,Lax rimmad,"Fett, totalt",Fisk o skaldjursprodukter o rätter,8.1,g
1286,Lax rimmad,"Järn, Fe",Fisk o skaldjursprodukter o rätter,0.3,mg
1286,Lax rimmad,Energi (kJ),Fisk o skaldjursprodukter o rätter,619.0,kJ
1286,Lax rimmad,Energi (kcal),Fisk o skaldjursprodukter o rätter,148.0,kcal
1286,Lax rimmad,Disackarider,Fisk o skaldjursprodukter o rätter,1.5,g
1286,Lax rimmad,"Kalcium, Ca",Fisk o skaldjursprodukter o rätter,19.0,mg
1286,Lax rimmad,Fettsyra 4:0-10:0,Fisk o skaldjursprodukter o rätter,0.0,g
1286,Lax rimmad,DHA (C22:6),Fisk o skaldjursprodukter o rätter,0.9,g
1286,Lax rimmad,DPA (C22:5),Fisk o skaldjursprodukter o rätter,0.2,g
1286,Lax rimmad,EPA (C20:5),Fisk o skaldjursprodukter o rätter,0.3,g
1286,Lax rimmad,Arakidonsyra C20:4,Fisk o skaldjursprodukter o rätter,0.1,g
1286,Lax rimmad,Arakidinsyra C20:0,Fisk o skaldjursprodukter o rätter,0.0,g
1286,Lax rimmad,Linolensyra C18:3,Fisk o skaldjursprodukter o rätter,0.1,g
1286,Lax rimmad,Linolsyra C18:2,Fisk o skaldjursprodukter o rätter,0.3,g
1286,Lax rimmad,Oljesyra C18:1,Fisk o skaldjursprodukter o rätter,2.4,g
1286,Lax rimmad,Stearinsyra C18:0,Fisk o skaldjursprodukter o rätter,0.2,g
1286,Lax rimmad,Palmitoljesyra C16:1,Fisk o skaldjursprodukter o rätter,0.7,g
1286,Lax rimmad,Palmitinsyra C16:0,Fisk o skaldjursprodukter o rätter,1.2,g
1286,Lax rimmad,Myristinsyra C14:0,Fisk o skaldjursprodukter o rätter,0.2,g
1286,Lax rimmad,Laurinsyra C12:0,Fisk o skaldjursprodukter o rätter,0.0,g
1286,Lax rimmad,Betakaroten/β-Karoten,Fisk o skaldjursprodukter o rätter,0.0,µg
1286,Lax rimmad,Avfall (skal etc.),Fisk o skaldjursprodukter o rätter,10.0,%
1286,Lax rimmad,Aska,Fisk o skaldjursprodukter o rätter,5.3,g
1286,Lax rimmad,Alkohol,Fisk o skaldjursprodukter o rätter,0.0,g
1287,Böckling dubbelfilé varmrökt,"Zink, Zn",Fisk rökt,1.3,mg
1287,Böckling dubbelfilé varmrökt,Vitamin E,Fisk rökt,2.5,mg
1287,Böckling dubbelfilé varmrökt,Vitamin D,Fisk rökt,19.1,µg
1287,Böckling dubbelfilé varmrökt,Vitamin C,Fisk rökt,0.0,mg
1287,Böckling dubbelfilé varmrökt,Vitamin B6,Fisk rökt,0.3,mg
1287,Böckling dubbelfilé varmrökt,Vitamin B12,Fisk rökt,15.0,µg
1287,Böckling dubbelfilé varmrökt,Vitamin A,Fisk rökt,21.0,RE/µg
1287,Böckling dubbelfilé varmrökt,Vatten,Fisk rökt,57.9,g
1287,Böckling dubbelfilé varmrökt,Tiamin,Fisk rökt,0.0,mg
1287,Böckling dubbelfilé varmrökt,Tillsatt socker,Fisk rökt,0.0,g
1287,Böckling dubbelfilé varmrökt,Fritt socker,Fisk rökt,0.0,g
1287,Böckling dubbelfilé varmrökt,"Selen, Se",Fisk rökt,20.1,µg
1287,Böckling dubbelfilé varmrökt,Sackaros,Fisk rökt,0.0,g
1287,Böckling dubbelfilé varmrökt,Riboflavin,Fisk rökt,0.32,mg
1287,Böckling dubbelfilé varmrökt,Retinol,Fisk rökt,21.0,µg
1287,Böckling dubbelfilé varmrökt,Protein,Fisk rökt,19.0,g
1287,Böckling dubbelfilé varmrökt,Summa fleromättade fettsyror,Fisk rökt,6.2,g
1287,Böckling dubbelfilé varmrökt,"Fosfor, P",Fisk rökt,192.0,mg
1287,Böckling dubbelfilé varmrökt,Niacinekvivalenter,Fisk rökt,7.48,NE/mg
1287,Böckling dubbelfilé varmrökt,Niacin,Fisk rökt,4.0,mg
1287,Böckling dubbelfilé varmrökt,"Salt, NaCl",Fisk rökt,1.5,g
1287,Böckling dubbelfilé varmrökt,"Natrium, Na",Fisk rökt,583.0,mg
1287,Böckling dubbelfilé varmrökt,Monosackarider,Fisk rökt,0.0,g
1287,Böckling dubbelfilé varmrökt,"Sockerarter, totalt",Fisk rökt,0.0,g
1287,Böckling dubbelfilé varmrökt,Summa enkelomättade fettsyror,Fisk rökt,6.4,g
1287,Böckling dubbelfilé varmrökt,"Magnesium, Mg",Fisk rökt,31.0,mg
1287,Böckling dubbelfilé varmrökt,Summa mättade fettsyror,Fisk rökt,6.1,g
1287,Böckling dubbelfilé varmrökt,"Kolhydrater, tillgängliga",Fisk rökt,0.0,g
1287,Böckling dubbelfilé varmrökt,Kolesterol,Fisk rökt,97.2,mg
1287,Böckling dubbelfilé varmrökt,"Kalium, K",Fisk rökt,307.0,mg
1287,Böckling dubbelfilé varmrökt,"Jod, I",Fisk rökt,59.0,µg
1287,Böckling dubbelfilé varmrökt,Fullkorn totalt,Fisk rökt,0.0,g
1287,Böckling dubbelfilé varmrökt,"Folat, totalt",Fisk rökt,5.4,µg
1287,Böckling dubbelfilé varmrökt,Fibrer,Fisk rökt,0.0,g
1287,Böckling dubbelfilé varmrökt,"Fett, totalt",Fisk rökt,20.8,g
1287,Böckling dubbelfilé varmrökt,"Järn, Fe",Fisk rökt,1.2,mg
1287,Böckling dubbelfilé varmrökt,Energi (kJ),Fisk rökt,1093.0,kJ
1287,Böckling dubbelfilé varmrökt,Energi (kcal),Fisk rökt,261.0,kcal
1287,Böckling dubbelfilé varmrökt,Disackarider,Fisk rökt,0.0,g
1287,Böckling dubbelfilé varmrökt,"Kalcium, Ca",Fisk rökt,34.0,mg
1287,Böckling dubbelfilé varmrökt,Fettsyra 4:0-10:0,Fisk rökt,0.0,g
1287,Böckling dubbelfilé varmrökt,DHA (C22:6),Fisk rökt,1.2,g
1287,Böckling dubbelfilé varmrökt,DPA (C22:5),Fisk rökt,0.0,g
1287,Böckling dubbelfilé varmrökt,EPA (C20:5),Fisk rökt,1.0,g
1287,Böckling dubbelfilé varmrökt,Arakidonsyra C20:4,Fisk rökt,0.2,g
1287,Böckling dubbelfilé varmrökt,Arakidinsyra C20:0,Fisk rökt,0.0,g
1287,Böckling dubbelfilé varmrökt,Linolensyra C18:3,Fisk rökt,0.9,g
1287,Böckling dubbelfilé varmrökt,Linolsyra C18:2,Fisk rökt,1.5,g
1287,Böckling dubbelfilé varmrökt,Oljesyra C18:1,Fisk rökt,4.5,g
1287,Böckling dubbelfilé varmrökt,Stearinsyra C18:0,Fisk rökt,0.2,g
1287,Böckling dubbelfilé varmrökt,Palmitoljesyra C16:1,Fisk rökt,1.4,g
1287,Böckling dubbelfilé varmrökt,Palmitinsyra C16:0,Fisk rökt,4.1,g
1287,Böckling dubbelfilé varmrökt,Myristinsyra C14:0,Fisk rökt,1.7,g
1287,Böckling dubbelfilé varmrökt,Laurinsyra C12:0,Fisk rökt,0.0,g
1287,Böckling dubbelfilé varmrökt,Betakaroten/β-Karoten,Fisk rökt,0.0,µg
1287,Böckling dubbelfilé varmrökt,Avfall (skal etc.),Fisk rökt,12.0,%
1287,Böckling dubbelfilé varmrökt,Aska,Fisk rökt,2.3,g
1287,Böckling dubbelfilé varmrökt,Alkohol,Fisk rökt,0.0,g
1288,Lax varmrökt urtagen,"Zink, Zn",Fisk rökt,0.4,mg
1288,Lax varmrökt urtagen,Vitamin E,Fisk rökt,5.2,mg
1288,Lax varmrökt urtagen,Vitamin D inkl 25-OH-D3,Fisk rökt,10.42,µg
1288,Lax varmrökt urtagen,Vitamin D,Fisk rökt,9.04,µg
1288,Lax varmrökt urtagen,Vitamin C,Fisk rökt,0.0,mg
1288,Lax varmrökt urtagen,Vitamin B6,Fisk rökt,0.54,mg
1288,Lax varmrökt urtagen,Vitamin B12,Fisk rökt,4.74,µg
1288,Lax varmrökt urtagen,Vitamin A,Fisk rökt,7.6,RE/µg
1288,Lax varmrökt urtagen,Vatten,Fisk rökt,60.5,g
1288,Lax varmrökt urtagen,Tiamin,Fisk rökt,0.26,mg
1288,Lax varmrökt urtagen,Tillsatt socker,Fisk rökt,0.0,g
1288,Lax varmrökt urtagen,Fritt socker,Fisk rökt,0.0,g
1288,Lax varmrökt urtagen,"Selen, Se",Fisk rökt,21.6,µg
1288,Lax varmrökt urtagen,Sackaros,Fisk rökt,0.0,g
1288,Lax varmrökt urtagen,Riboflavin,Fisk rökt,0.1,mg
1288,Lax varmrökt urtagen,Retinol,Fisk rökt,7.6,µg
1288,Lax varmrökt urtagen,Protein,Fisk rökt,21.9,g
1288,Lax varmrökt urtagen,Summa fleromättade fettsyror,Fisk rökt,4.3,g
1288,Lax varmrökt urtagen,"Fosfor, P",Fisk rökt,235.0,mg
1288,Lax varmrökt urtagen,Niacinekvivalenter,Fisk rökt,12.2,NE/mg
1288,Lax varmrökt urtagen,Niacin,Fisk rökt,8.54,mg
1288,Lax varmrökt urtagen,"Salt, NaCl",Fisk rökt,1.6,g
1288,Lax varmrökt urtagen,"Natrium, Na",Fisk rökt,643.0,mg
1288,Lax varmrökt urtagen,Monosackarider,Fisk rökt,0.0,g
1288,Lax varmrökt urtagen,"Sockerarter, totalt",Fisk rökt,0.0,g
1288,Lax varmrökt urtagen,Summa enkelomättade fettsyror,Fisk rökt,7.0,g
1288,Lax varmrökt urtagen,"Magnesium, Mg",Fisk rökt,26.0,mg
1288,Lax varmrökt urtagen,Summa mättade fettsyror,Fisk rökt,2.0,g
1288,Lax varmrökt urtagen,"Kolhydrater, tillgängliga",Fisk rökt,0.1,g
1288,Lax varmrökt urtagen,Kolesterol,Fisk rökt,65.9,mg
1288,Lax varmrökt urtagen,"Kalium, K",Fisk rökt,341.0,mg
1288,Lax varmrökt urtagen,"Jod, I",Fisk rökt,19.9,µg
1288,Lax varmrökt urtagen,Fullkorn totalt,Fisk rökt,0.0,g
1288,Lax varmrökt urtagen,"Folat, totalt",Fisk rökt,8.7,µg
1288,Lax varmrökt urtagen,Fibrer,Fisk rökt,0.0,g
1288,Lax varmrökt urtagen,"Fett, totalt",Fisk rökt,14.8,g
1288,Lax varmrökt urtagen,"Järn, Fe",Fisk rökt,0.2,mg
1288,Lax varmrökt urtagen,Energi (kJ),Fisk rökt,921.0,kJ
1288,Lax varmrökt urtagen,Energi (kcal),Fisk rökt,220.0,kcal
1288,Lax varmrökt urtagen,Disackarider,Fisk rökt,0.0,g
1288,Lax varmrökt urtagen,"Kalcium, Ca",Fisk rökt,10.0,mg
1288,Lax varmrökt urtagen,Fettsyra 4:0-10:0,Fisk rökt,0.0,g
1288,Lax varmrökt urtagen,DHA (C22:6),Fisk rökt,0.6,g
1288,Lax varmrökt urtagen,DPA (C22:5),Fisk rökt,0.2,g
1288,Lax varmrökt urtagen,EPA (C20:5),Fisk rökt,0.3,g
1288,Lax varmrökt urtagen,Arakidonsyra C20:4,Fisk rökt,0.1,g
1288,Lax varmrökt urtagen,Arakidinsyra C20:0,Fisk rökt,0.0,g
1288,Lax varmrökt urtagen,Linolensyra C18:3,Fisk rökt,0.8,g
1288,Lax varmrökt urtagen,Linolsyra C18:2,Fisk rökt,1.9,g
1288,Lax varmrökt urtagen,Oljesyra C18:1,Fisk rökt,5.8,g
1288,Lax varmrökt urtagen,Stearinsyra C18:0,Fisk rökt,0.3,g
1288,Lax varmrökt urtagen,Palmitoljesyra C16:1,Fisk rökt,0.4,g
1288,Lax varmrökt urtagen,Palmitinsyra C16:0,Fisk rökt,1.3,g
1288,Lax varmrökt urtagen,Myristinsyra C14:0,Fisk rökt,0.3,g
1288,Lax varmrökt urtagen,Laurinsyra C12:0,Fisk rökt,0.0,g
1288,Lax varmrökt urtagen,Betakaroten/β-Karoten,Fisk rökt,0.0,µg
1288,Lax varmrökt urtagen,Avfall (skal etc.),Fisk rökt,25.0,%
1288,Lax varmrökt urtagen,Aska,Fisk rökt,2.7,g
1288,Lax varmrökt urtagen,Alkohol,Fisk rökt,0.0,g
1289,Makrill filé varmrökt,"Zink, Zn",Fisk rökt,0.9,mg
1289,Makrill filé varmrökt,Vitamin E,Fisk rökt,1.5,mg
1289,Makrill filé varmrökt,Vitamin D,Fisk rökt,6.3,µg
1289,Makrill filé varmrökt,Vitamin C,Fisk rökt,0.0,mg
1289,Makrill filé varmrökt,Vitamin B6,Fisk rökt,0.35,mg
1289,Makrill filé varmrökt,Vitamin B12,Fisk rökt,2.9,µg
1289,Makrill filé varmrökt,Vitamin A,Fisk rökt,79.0,RE/µg
1289,Makrill filé varmrökt,Vatten,Fisk rökt,49.3,g
1289,Makrill filé varmrökt,Tiamin,Fisk rökt,0.15,mg
1289,Makrill filé varmrökt,Tillsatt socker,Fisk rökt,0.0,g
1289,Makrill filé varmrökt,Fritt socker,Fisk rökt,0.0,g
1289,Makrill filé varmrökt,"Selen, Se",Fisk rökt,29.0,µg
1289,Makrill filé varmrökt,Sackaros,Fisk rökt,0.0,g
1289,Makrill filé varmrökt,Riboflavin,Fisk rökt,0.46,mg
1289,Makrill filé varmrökt,Retinol,Fisk rökt,79.0,µg
1289,Makrill filé varmrökt,Protein,Fisk rökt,20.1,g
1289,Makrill filé varmrökt,Summa fleromättade fettsyror,Fisk rökt,7.6,g
1289,Makrill filé varmrökt,"Fosfor, P",Fisk rökt,354.0,mg
1289,Makrill filé varmrökt,Niacinekvivalenter,Fisk rökt,11.89,NE/mg
1289,Makrill filé varmrökt,Niacin,Fisk rökt,8.2,mg
1289,Makrill filé varmrökt,"Salt, NaCl",Fisk rökt,2.0,g
1289,Makrill filé varmrökt,"Natrium, Na",Fisk rökt,803.0,mg
1289,Makrill filé varmrökt,Monosackarider,Fisk rökt,0.0,g
1289,Makrill filé varmrökt,"Sockerarter, totalt",Fisk rökt,0.0,g
1289,Makrill filé varmrökt,Summa enkelomättade fettsyror,Fisk rökt,11.3,g
1289,Makrill filé varmrökt,"Magnesium, Mg",Fisk rökt,32.0,mg
1289,Makrill filé varmrökt,Summa mättade fettsyror,Fisk rökt,6.0,g
1289,Makrill filé varmrökt,"Kolhydrater, tillgängliga",Fisk rökt,0.0,g
1289,Makrill filé varmrökt,Kolesterol,Fisk rökt,92.8,mg
1289,Makrill filé varmrökt,"Kalium, K",Fisk rökt,307.0,mg
1289,Makrill filé varmrökt,"Jod, I",Fisk rökt,20.0,µg
1289,Makrill filé varmrökt,Fullkorn totalt,Fisk rökt,0.0,g
1289,Makrill filé varmrökt,"Folat, totalt",Fisk rökt,3.9,µg
1289,Makrill filé varmrökt,Fibrer,Fisk rökt,0.0,g
1289,Makrill filé varmrökt,"Fett, totalt",Fisk rökt,27.7,g
1289,Makrill filé varmrökt,"Järn, Fe",Fisk rökt,1.5,mg
1289,Makrill filé varmrökt,Energi (kJ),Fisk rökt,1367.0,kJ
1289,Makrill filé varmrökt,Energi (kcal),Fisk rökt,327.0,kcal
1289,Makrill filé varmrökt,Disackarider,Fisk rökt,0.0,g
1289,Makrill filé varmrökt,"Kalcium, Ca",Fisk rökt,23.0,mg
1289,Makrill filé varmrökt,Fettsyra 4:0-10:0,Fisk rökt,0.0,g
1289,Makrill filé varmrökt,DHA (C22:6),Fisk rökt,2.7,g
1289,Makrill filé varmrökt,DPA (C22:5),Fisk rökt,0.2,g
1289,Makrill filé varmrökt,EPA (C20:5),Fisk rökt,1.6,g
1289,Makrill filé varmrökt,Arakidonsyra C20:4,Fisk rökt,0.1,g
1289,Makrill filé varmrökt,Arakidinsyra C20:0,Fisk rökt,0.0,g
1289,Makrill filé varmrökt,Linolensyra C18:3,Fisk rökt,0.5,g
1289,Makrill filé varmrökt,Linolsyra C18:2,Fisk rökt,0.5,g
1289,Makrill filé varmrökt,Oljesyra C18:1,Fisk rökt,3.0,g
1289,Makrill filé varmrökt,Stearinsyra C18:0,Fisk rökt,0.6,g
1289,Makrill filé varmrökt,Palmitoljesyra C16:1,Fisk rökt,1.2,g
1289,Makrill filé varmrökt,Palmitinsyra C16:0,Fisk rökt,3.3,g
1289,Makrill filé varmrökt,Myristinsyra C14:0,Fisk rökt,1.8,g
1289,Makrill filé varmrökt,Laurinsyra C12:0,Fisk rökt,0.0,g
1289,Makrill filé varmrökt,Betakaroten/β-Karoten,Fisk rökt,0.0,µg
1289,Makrill filé varmrökt,Avfall (skal etc.),Fisk rökt,7.0,%
1289,Makrill filé varmrökt,Aska,Fisk rökt,2.9,g
1289,Makrill filé varmrökt,Alkohol,Fisk rökt,0.0,g
1290,Regnbågslax kallrökt,"Zink, Zn",Fisk rökt,0.4,mg
1290,Regnbågslax kallrökt,Vitamin E,Fisk rökt,1.7,mg
1290,Regnbågslax kallrökt,Vitamin D,Fisk rökt,3.8,µg
1290,Regnbågslax kallrökt,Vitamin C,Fisk rökt,0.0,mg
1290,Regnbågslax kallrökt,Vitamin B6,Fisk rökt,0.4,mg
1290,Regnbågslax kallrökt,Vitamin B12,Fisk rökt,4.2,µg
1290,Regnbågslax kallrökt,Vitamin A,Fisk rökt,72.0,RE/µg
1290,Regnbågslax kallrökt,Vatten,Fisk rökt,63.6,g
1290,Regnbågslax kallrökt,Tiamin,Fisk rökt,0.15,mg
1290,Regnbågslax kallrökt,Tillsatt socker,Fisk rökt,0.0,g
1290,Regnbågslax kallrökt,Fritt socker,Fisk rökt,0.0,g
1290,Regnbågslax kallrökt,"Selen, Se",Fisk rökt,28.0,µg
1290,Regnbågslax kallrökt,Sackaros,Fisk rökt,0.0,g
1290,Regnbågslax kallrökt,Riboflavin,Fisk rökt,0.1,mg
1290,Regnbågslax kallrökt,Retinol,Fisk rökt,72.0,µg
1290,Regnbågslax kallrökt,Protein,Fisk rökt,20.4,g
1290,Regnbågslax kallrökt,Summa fleromättade fettsyror,Fisk rökt,4.6,g
1290,Regnbågslax kallrökt,"Fosfor, P",Fisk rökt,264.0,mg
1290,Regnbågslax kallrökt,Niacinekvivalenter,Fisk rökt,10.04,NE/mg
1290,Regnbågslax kallrökt,Niacin,Fisk rökt,6.3,mg
1290,Regnbågslax kallrökt,"Salt, NaCl",Fisk rökt,2.9,g
1290,Regnbågslax kallrökt,"Natrium, Na",Fisk rökt,1160.0,mg
1290,Regnbågslax kallrökt,Monosackarider,Fisk rökt,0.0,g
1290,Regnbågslax kallrökt,"Sockerarter, totalt",Fisk rökt,0.0,g
1290,Regnbågslax kallrökt,Summa enkelomättade fettsyror,Fisk rökt,3.6,g
1290,Regnbågslax kallrökt,"Magnesium, Mg",Fisk rökt,27.0,mg
1290,Regnbågslax kallrökt,Summa mättade fettsyror,Fisk rökt,2.8,g
1290,Regnbågslax kallrökt,"Kolhydrater, tillgängliga",Fisk rökt,0.0,g
1290,Regnbågslax kallrökt,Kolesterol,Fisk rökt,59.3,mg
1290,Regnbågslax kallrökt,"Kalium, K",Fisk rökt,345.0,mg
1290,Regnbågslax kallrökt,"Jod, I",Fisk rökt,40.0,µg
1290,Regnbågslax kallrökt,Fullkorn totalt,Fisk rökt,0.0,g
1290,Regnbågslax kallrökt,"Folat, totalt",Fisk rökt,6.6,µg
1290,Regnbågslax kallrökt,Fibrer,Fisk rökt,0.0,g
1290,Regnbågslax kallrökt,"Fett, totalt",Fisk rökt,12.1,g
1290,Regnbågslax kallrökt,"Järn, Fe",Fisk rökt,0.2,mg
1290,Regnbågslax kallrökt,Energi (kJ),Fisk rökt,794.0,kJ
1290,Regnbågslax kallrökt,Energi (kcal),Fisk rökt,190.0,kcal
1290,Regnbågslax kallrökt,Disackarider,Fisk rökt,0.0,g
1290,Regnbågslax kallrökt,"Kalcium, Ca",Fisk rökt,18.0,mg
1290,Regnbågslax kallrökt,Fettsyra 4:0-10:0,Fisk rökt,0.0,g
1290,Regnbågslax kallrökt,DHA (C22:6),Fisk rökt,2.2,g
1290,Regnbågslax kallrökt,DPA (C22:5),Fisk rökt,0.2,g
1290,Regnbågslax kallrökt,EPA (C20:5),Fisk rökt,0.8,g
1290,Regnbågslax kallrökt,Arakidonsyra C20:4,Fisk rökt,0.1,g
1290,Regnbågslax kallrökt,Arakidinsyra C20:0,Fisk rökt,0.0,g
1290,Regnbågslax kallrökt,Linolensyra C18:3,Fisk rökt,0.2,g
1290,Regnbågslax kallrökt,Linolsyra C18:2,Fisk rökt,0.5,g
1290,Regnbågslax kallrökt,Oljesyra C18:1,Fisk rökt,2.2,g
1290,Regnbågslax kallrökt,Stearinsyra C18:0,Fisk rökt,0.4,g
1290,Regnbågslax kallrökt,Palmitoljesyra C16:1,Fisk rökt,0.7,g
1290,Regnbågslax kallrökt,Palmitinsyra C16:0,Fisk rökt,1.9,g
1290,Regnbågslax kallrökt,Myristinsyra C14:0,Fisk rökt,0.4,g
1290,Regnbågslax kallrökt,Laurinsyra C12:0,Fisk rökt,0.0,g
1290,Regnbågslax kallrökt,Betakaroten/β-Karoten,Fisk rökt,0.0,µg
1290,Regnbågslax kallrökt,Avfall (skal etc.),Fisk rökt,24.0,%
1290,Regnbågslax kallrökt,Aska,Fisk rökt,3.9,g
1290,Regnbågslax kallrökt,Alkohol,Fisk rökt,0.0,g
1291,Regnbågslax urtagen varmrökt,"Zink, Zn",Fisk rökt,0.5,mg
1291,Regnbågslax urtagen varmrökt,Vitamin E,Fisk rökt,1.1,mg
1291,Regnbågslax urtagen varmrökt,Vitamin D,Fisk rökt,7.4,µg
1291,Regnbågslax urtagen varmrökt,Vitamin C,Fisk rökt,0.0,mg
1291,Regnbågslax urtagen varmrökt,Vitamin B6,Fisk rökt,0.29,mg
1291,Regnbågslax urtagen varmrökt,Vitamin B12,Fisk rökt,3.3,µg
1291,Regnbågslax urtagen varmrökt,Vitamin A,Fisk rökt,19.0,RE/µg
1291,Regnbågslax urtagen varmrökt,Vatten,Fisk rökt,67.5,g
1291,Regnbågslax urtagen varmrökt,Tiamin,Fisk rökt,0.21,mg
1291,Regnbågslax urtagen varmrökt,Tillsatt socker,Fisk rökt,0.0,g
1291,Regnbågslax urtagen varmrökt,Fritt socker,Fisk rökt,0.0,g
1291,Regnbågslax urtagen varmrökt,"Selen, Se",Fisk rökt,26.7,µg
1291,Regnbågslax urtagen varmrökt,Sackaros,Fisk rökt,0.0,g
1291,Regnbågslax urtagen varmrökt,Riboflavin,Fisk rökt,0.15,mg
1291,Regnbågslax urtagen varmrökt,Retinol,Fisk rökt,19.0,µg
1291,Regnbågslax urtagen varmrökt,Protein,Fisk rökt,21.9,g
1291,Regnbågslax urtagen varmrökt,Summa fleromättade fettsyror,Fisk rökt,2.9,g
1291,Regnbågslax urtagen varmrökt,"Fosfor, P",Fisk rökt,252.0,mg
1291,Regnbågslax urtagen varmrökt,Niacinekvivalenter,Fisk rökt,8.52,NE/mg
1291,Regnbågslax urtagen varmrökt,Niacin,Fisk rökt,4.5,mg
1291,Regnbågslax urtagen varmrökt,"Salt, NaCl",Fisk rökt,2.2,g
1291,Regnbågslax urtagen varmrökt,"Natrium, Na",Fisk rökt,877.0,mg
1291,Regnbågslax urtagen varmrökt,Monosackarider,Fisk rökt,0.0,g
1291,Regnbågslax urtagen varmrökt,"Sockerarter, totalt",Fisk rökt,0.0,g
1291,Regnbågslax urtagen varmrökt,Summa enkelomättade fettsyror,Fisk rökt,2.2,g
1291,Regnbågslax urtagen varmrökt,"Magnesium, Mg",Fisk rökt,26.0,mg
1291,Regnbågslax urtagen varmrökt,Summa mättade fettsyror,Fisk rökt,1.8,g
1291,Regnbågslax urtagen varmrökt,"Kolhydrater, tillgängliga",Fisk rökt,0.0,g
1291,Regnbågslax urtagen varmrökt,Kolesterol,Fisk rökt,56.6,mg
1291,Regnbågslax urtagen varmrökt,"Kalium, K",Fisk rökt,220.0,mg
1291,Regnbågslax urtagen varmrökt,"Jod, I",Fisk rökt,40.0,µg
1291,Regnbågslax urtagen varmrökt,Fullkorn totalt,Fisk rökt,0.0,g
1291,Regnbågslax urtagen varmrökt,"Folat, totalt",Fisk rökt,5.4,µg
1291,Regnbågslax urtagen varmrökt,Fibrer,Fisk rökt,0.0,g
1291,Regnbågslax urtagen varmrökt,"Fett, totalt",Fisk rökt,7.7,g
1291,Regnbågslax urtagen varmrökt,"Järn, Fe",Fisk rökt,0.4,mg
1291,Regnbågslax urtagen varmrökt,Energi (kJ),Fisk rökt,656.0,kJ
1291,Regnbågslax urtagen varmrökt,Energi (kcal),Fisk rökt,157.0,kcal
1291,Regnbågslax urtagen varmrökt,Disackarider,Fisk rökt,0.0,g
1291,Regnbågslax urtagen varmrökt,"Kalcium, Ca",Fisk rökt,27.0,mg
1291,Regnbågslax urtagen varmrökt,Fettsyra 4:0-10:0,Fisk rökt,0.0,g
1291,Regnbågslax urtagen varmrökt,DHA (C22:6),Fisk rökt,1.4,g
1291,Regnbågslax urtagen varmrökt,DPA (C22:5),Fisk rökt,0.1,g
1291,Regnbågslax urtagen varmrökt,EPA (C20:5),Fisk rökt,0.5,g
1291,Regnbågslax urtagen varmrökt,Arakidonsyra C20:4,Fisk rökt,0.1,g
1291,Regnbågslax urtagen varmrökt,Arakidinsyra C20:0,Fisk rökt,0.0,g
1291,Regnbågslax urtagen varmrökt,Linolensyra C18:3,Fisk rökt,0.1,g
1291,Regnbågslax urtagen varmrökt,Linolsyra C18:2,Fisk rökt,0.3,g
1291,Regnbågslax urtagen varmrökt,Oljesyra C18:1,Fisk rökt,1.4,g
1291,Regnbågslax urtagen varmrökt,Stearinsyra C18:0,Fisk rökt,0.3,g
1291,Regnbågslax urtagen varmrökt,Palmitoljesyra C16:1,Fisk rökt,0.5,g
1291,Regnbågslax urtagen varmrökt,Palmitinsyra C16:0,Fisk rökt,1.2,g
1291,Regnbågslax urtagen varmrökt,Myristinsyra C14:0,Fisk rökt,0.2,g
1291,Regnbågslax urtagen varmrökt,Laurinsyra C12:0,Fisk rökt,0.0,g
1291,Regnbågslax urtagen varmrökt,Betakaroten/β-Karoten,Fisk rökt,0.0,µg
1291,Regnbågslax urtagen varmrökt,Avfall (skal etc.),Fisk rökt,35.0,%
1291,Regnbågslax urtagen varmrökt,Aska,Fisk rökt,2.9,g
1291,Regnbågslax urtagen varmrökt,Alkohol,Fisk rökt,0.0,g
1292,Röding urtagen varmrökt,"Zink, Zn",Fisk rökt,0.5,mg
1292,Röding urtagen varmrökt,Vitamin E,Fisk rökt,1.9,mg
1292,Röding urtagen varmrökt,Vitamin D,Fisk rökt,8.2,µg
1292,Röding urtagen varmrökt,Vitamin C,Fisk rökt,0.0,mg
1292,Röding urtagen varmrökt,Vitamin B6,Fisk rökt,0.36,mg
1292,Röding urtagen varmrökt,Vitamin B12,Fisk rökt,3.2,µg
1292,Röding urtagen varmrökt,Vitamin A,Fisk rökt,41.0,RE/µg
1292,Röding urtagen varmrökt,Vatten,Fisk rökt,67.2,g
1292,Röding urtagen varmrökt,Tiamin,Fisk rökt,0.08,mg
1292,Röding urtagen varmrökt,Tillsatt socker,Fisk rökt,0.0,g
1292,Röding urtagen varmrökt,Fritt socker,Fisk rökt,0.0,g
1292,Röding urtagen varmrökt,"Selen, Se",Fisk rökt,27.0,µg
1292,Röding urtagen varmrökt,Sackaros,Fisk rökt,0.0,g
1292,Röding urtagen varmrökt,Riboflavin,Fisk rökt,0.1,mg
1292,Röding urtagen varmrökt,Retinol,Fisk rökt,41.0,µg
1292,Röding urtagen varmrökt,Protein,Fisk rökt,21.4,g
1292,Röding urtagen varmrökt,Summa fleromättade fettsyror,Fisk rökt,3.2,g
1292,Röding urtagen varmrökt,"Fosfor, P",Fisk rökt,243.0,mg
1292,Röding urtagen varmrökt,Niacinekvivalenter,Fisk rökt,8.02,NE/mg
1292,Röding urtagen varmrökt,Niacin,Fisk rökt,4.1,mg
1292,Röding urtagen varmrökt,"Salt, NaCl",Fisk rökt,2.1,g
1292,Röding urtagen varmrökt,"Natrium, Na",Fisk rökt,823.0,mg
1292,Röding urtagen varmrökt,Monosackarider,Fisk rökt,0.0,g
1292,Röding urtagen varmrökt,"Sockerarter, totalt",Fisk rökt,0.0,g
1292,Röding urtagen varmrökt,Summa enkelomättade fettsyror,Fisk rökt,2.8,g
1292,Röding urtagen varmrökt,"Magnesium, Mg",Fisk rökt,26.0,mg
1292,Röding urtagen varmrökt,Summa mättade fettsyror,Fisk rökt,1.7,g
1292,Röding urtagen varmrökt,"Kolhydrater, tillgängliga",Fisk rökt,0.0,g
1292,Röding urtagen varmrökt,Kolesterol,Fisk rökt,57.1,mg
1292,Röding urtagen varmrökt,"Kalium, K",Fisk rökt,251.0,mg
1292,Röding urtagen varmrökt,"Jod, I",Fisk rökt,20.0,µg
1292,Röding urtagen varmrökt,Fullkorn totalt,Fisk rökt,0.0,g
1292,Röding urtagen varmrökt,"Folat, totalt",Fisk rökt,5.5,µg
1292,Röding urtagen varmrökt,Fibrer,Fisk rökt,0.0,g
1292,Röding urtagen varmrökt,"Fett, totalt",Fisk rökt,8.6,g
1292,Röding urtagen varmrökt,"Järn, Fe",Fisk rökt,0.3,mg
1292,Röding urtagen varmrökt,Energi (kJ),Fisk rökt,682.0,kJ
1292,Röding urtagen varmrökt,Energi (kcal),Fisk rökt,163.0,kcal
1292,Röding urtagen varmrökt,Disackarider,Fisk rökt,0.0,g
1292,Röding urtagen varmrökt,"Kalcium, Ca",Fisk rökt,20.0,mg
1292,Röding urtagen varmrökt,Fettsyra 4:0-10:0,Fisk rökt,0.0,g
1292,Röding urtagen varmrökt,DHA (C22:6),Fisk rökt,0.7,g
1292,Röding urtagen varmrökt,DPA (C22:5),Fisk rökt,0.3,g
1292,Röding urtagen varmrökt,EPA (C20:5),Fisk rökt,0.6,g
1292,Röding urtagen varmrökt,Arakidonsyra C20:4,Fisk rökt,0.2,g
1292,Röding urtagen varmrökt,Arakidinsyra C20:0,Fisk rökt,0.0,g
1292,Röding urtagen varmrökt,Linolensyra C18:3,Fisk rökt,0.5,g
1292,Röding urtagen varmrökt,Linolsyra C18:2,Fisk rökt,0.4,g
1292,Röding urtagen varmrökt,Oljesyra C18:1,Fisk rökt,1.7,g
1292,Röding urtagen varmrökt,Stearinsyra C18:0,Fisk rökt,0.2,g
1292,Röding urtagen varmrökt,Palmitoljesyra C16:1,Fisk rökt,0.9,g
1292,Röding urtagen varmrökt,Palmitinsyra C16:0,Fisk rökt,1.1,g
1292,Röding urtagen varmrökt,Myristinsyra C14:0,Fisk rökt,0.3,g
1292,Röding urtagen varmrökt,Laurinsyra C12:0,Fisk rökt,0.0,g
1292,Röding urtagen varmrökt,Betakaroten/β-Karoten,Fisk rökt,0.0,µg
1292,Röding urtagen varmrökt,Avfall (skal etc.),Fisk rökt,32.0,%
1292,Röding urtagen varmrökt,Aska,Fisk rökt,2.8,g
1292,Röding urtagen varmrökt,Alkohol,Fisk rökt,0.0,g
1293,Ål varmrökt flatrökt,"Zink, Zn",Fisk rökt,3.0,mg
1293,Ål varmrökt flatrökt,Vitamin E,Fisk rökt,14.1,mg
1293,Ål varmrökt flatrökt,Vitamin D,Fisk rökt,98.0,µg
1293,Ål varmrökt flatrökt,Vitamin C,Fisk rökt,0.0,mg
1293,Ål varmrökt flatrökt,Vitamin B6,Fisk rökt,0.22,mg
1293,Ål varmrökt flatrökt,Vitamin B12,Fisk rökt,4.8,µg
1293,Ål varmrökt flatrökt,Vitamin A,Fisk rökt,3600.0,RE/µg
1293,Ål varmrökt flatrökt,Vatten,Fisk rökt,38.0,g
1293,Ål varmrökt flatrökt,Tiamin,Fisk rökt,0.12,mg
1293,Ål varmrökt flatrökt,Tillsatt socker,Fisk rökt,0.0,g
1293,Ål varmrökt flatrökt,Fritt socker,Fisk rökt,0.0,g
1293,Ål varmrökt flatrökt,"Selen, Se",Fisk rökt,66.7,µg
1293,Ål varmrökt flatrökt,Sackaros,Fisk rökt,0.0,g
1293,Ål varmrökt flatrökt,Riboflavin,Fisk rökt,0.18,mg
1293,Ål varmrökt flatrökt,Retinol,Fisk rökt,3600.0,µg
1293,Ål varmrökt flatrökt,Protein,Fisk rökt,17.8,g
1293,Ål varmrökt flatrökt,Summa fleromättade fettsyror,Fisk rökt,9.0,g
1293,Ål varmrökt flatrökt,"Fosfor, P",Fisk rökt,205.0,mg
1293,Ål varmrökt flatrökt,Niacinekvivalenter,Fisk rökt,6.76,NE/mg
1293,Ål varmrökt flatrökt,Niacin,Fisk rökt,3.5,mg
1293,Ål varmrökt flatrökt,"Salt, NaCl",Fisk rökt,3.2,g
1293,Ål varmrökt flatrökt,"Natrium, Na",Fisk rökt,1260.0,mg
1293,Ål varmrökt flatrökt,Monosackarider,Fisk rökt,0.0,g
1293,Ål varmrökt flatrökt,"Sockerarter, totalt",Fisk rökt,0.0,g
1293,Ål varmrökt flatrökt,Summa enkelomättade fettsyror,Fisk rökt,17.6,g
1293,Ål varmrökt flatrökt,"Magnesium, Mg",Fisk rökt,12.0,mg
1293,Ål varmrökt flatrökt,Summa mättade fettsyror,Fisk rökt,9.6,g
1293,Ål varmrökt flatrökt,"Kolhydrater, tillgängliga",Fisk rökt,0.0,g
1293,Ål varmrökt flatrökt,Kolesterol,Fisk rökt,147.4,mg
1293,Ål varmrökt flatrökt,"Kalium, K",Fisk rökt,190.0,mg
1293,Ål varmrökt flatrökt,"Jod, I",Fisk rökt,60.0,µg
1293,Ål varmrökt flatrökt,Fullkorn totalt,Fisk rökt,0.0,g
1293,Ål varmrökt flatrökt,"Folat, totalt",Fisk rökt,7.1,µg
1293,Ål varmrökt flatrökt,Fibrer,Fisk rökt,0.0,g
1293,Ål varmrökt flatrökt,"Fett, totalt",Fisk rökt,40.2,g
1293,Ål varmrökt flatrökt,"Järn, Fe",Fisk rökt,0.5,mg
1293,Ål varmrökt flatrökt,Energi (kJ),Fisk rökt,1790.0,kJ
1293,Ål varmrökt flatrökt,Energi (kcal),Fisk rökt,428.0,kcal
1293,Ål varmrökt flatrökt,Disackarider,Fisk rökt,0.0,g
1293,Ål varmrökt flatrökt,"Kalcium, Ca",Fisk rökt,35.0,mg
1293,Ål varmrökt flatrökt,Fettsyra 4:0-10:0,Fisk rökt,0.0,g
1293,Ål varmrökt flatrökt,DHA (C22:6),Fisk rökt,2.4,g
1293,Ål varmrökt flatrökt,DPA (C22:5),Fisk rökt,1.4,g
1293,Ål varmrökt flatrökt,EPA (C20:5),Fisk rökt,1.7,g
1293,Ål varmrökt flatrökt,Arakidonsyra C20:4,Fisk rökt,0.9,g
1293,Ål varmrökt flatrökt,Arakidinsyra C20:0,Fisk rökt,0.0,g
1293,Ål varmrökt flatrökt,Linolensyra C18:3,Fisk rökt,0.3,g
1293,Ål varmrökt flatrökt,Linolsyra C18:2,Fisk rökt,0.8,g
1293,Ål varmrökt flatrökt,Oljesyra C18:1,Fisk rökt,13.4,g
1293,Ål varmrökt flatrökt,Stearinsyra C18:0,Fisk rökt,1.6,g
1293,Ål varmrökt flatrökt,Palmitoljesyra C16:1,Fisk rökt,3.5,g
1293,Ål varmrökt flatrökt,Palmitinsyra C16:0,Fisk rökt,6.7,g
1293,Ål varmrökt flatrökt,Myristinsyra C14:0,Fisk rökt,1.0,g
1293,Ål varmrökt flatrökt,Laurinsyra C12:0,Fisk rökt,0.0,g
1293,Ål varmrökt flatrökt,Betakaroten/β-Karoten,Fisk rökt,0.0,µg
1293,Ål varmrökt flatrökt,Avfall (skal etc.),Fisk rökt,20.0,%
1293,Ål varmrökt flatrökt,Aska,Fisk rökt,4.0,g
1293,Ål varmrökt flatrökt,Alkohol,Fisk rökt,0.0,g
1294,Fiskpinnar stekta,"Zink, Zn",Fisk o skaldjursprodukter o rätter,0.5,mg
1294,Fiskpinnar stekta,Vitamin E,Fisk o skaldjursprodukter o rätter,3.8,mg
1294,Fiskpinnar stekta,Vitamin D,Fisk o skaldjursprodukter o rätter,0.87,µg
1294,Fiskpinnar stekta,Vitamin C,Fisk o skaldjursprodukter o rätter,0.0,mg
1294,Fiskpinnar stekta,Vitamin B6,Fisk o skaldjursprodukter o rätter,0.07,mg
1294,Fiskpinnar stekta,Vitamin B12,Fisk o skaldjursprodukter o rätter,1.25,µg
1294,Fiskpinnar stekta,Vitamin A,Fisk o skaldjursprodukter o rätter,54.3,RE/µg
1294,Fiskpinnar stekta,Vatten,Fisk o skaldjursprodukter o rätter,57.8,g
1294,Fiskpinnar stekta,Tiamin,Fisk o skaldjursprodukter o rätter,0.09,mg
1294,Fiskpinnar stekta,Tillsatt socker,Fisk o skaldjursprodukter o rätter,0.0,g
1294,Fiskpinnar stekta,Fritt socker,Fisk o skaldjursprodukter o rätter,0.0,g
1294,Fiskpinnar stekta,"Selen, Se",Fisk o skaldjursprodukter o rätter,13.0,µg
1294,Fiskpinnar stekta,Sackaros,Fisk o skaldjursprodukter o rätter,0.0,g
1294,Fiskpinnar stekta,Riboflavin,Fisk o skaldjursprodukter o rätter,0.07,mg
1294,Fiskpinnar stekta,Retinol,Fisk o skaldjursprodukter o rätter,50.4,µg
1294,Fiskpinnar stekta,Protein,Fisk o skaldjursprodukter o rätter,11.7,g
1294,Fiskpinnar stekta,Summa fleromättade fettsyror,Fisk o skaldjursprodukter o rätter,4.1,g
1294,Fiskpinnar stekta,"Fosfor, P",Fisk o skaldjursprodukter o rätter,140.0,mg
1294,Fiskpinnar stekta,Niacinekvivalenter,Fisk o skaldjursprodukter o rätter,3.3,NE/mg
1294,Fiskpinnar stekta,Niacin,Fisk o skaldjursprodukter o rätter,1.17,mg
1294,Fiskpinnar stekta,"Salt, NaCl",Fisk o skaldjursprodukter o rätter,1.1,g
1294,Fiskpinnar stekta,"Natrium, Na",Fisk o skaldjursprodukter o rätter,452.0,mg
1294,Fiskpinnar stekta,Monosackarider,Fisk o skaldjursprodukter o rätter,0.2,g
1294,Fiskpinnar stekta,"Sockerarter, totalt",Fisk o skaldjursprodukter o rätter,1.2,g
1294,Fiskpinnar stekta,Summa enkelomättade fettsyror,Fisk o skaldjursprodukter o rätter,5.7,g
1294,Fiskpinnar stekta,"Magnesium, Mg",Fisk o skaldjursprodukter o rätter,28.0,mg
1294,Fiskpinnar stekta,Summa mättade fettsyror,Fisk o skaldjursprodukter o rätter,1.1,g
1294,Fiskpinnar stekta,"Kolhydrater, tillgängliga",Fisk o skaldjursprodukter o rätter,16.8,g
1294,Fiskpinnar stekta,Kolesterol,Fisk o skaldjursprodukter o rätter,29.5,mg
1294,Fiskpinnar stekta,"Kalium, K",Fisk o skaldjursprodukter o rätter,225.0,mg
1294,Fiskpinnar stekta,"Jod, I",Fisk o skaldjursprodukter o rätter,34.0,µg
1294,Fiskpinnar stekta,Fullkorn totalt,Fisk o skaldjursprodukter o rätter,0.0,g
1294,Fiskpinnar stekta,"Folat, totalt",Fisk o skaldjursprodukter o rätter,9.4,µg
1294,Fiskpinnar stekta,Fibrer,Fisk o skaldjursprodukter o rätter,0.0,g
1294,Fiskpinnar stekta,"Fett, totalt",Fisk o skaldjursprodukter o rätter,12.1,g
1294,Fiskpinnar stekta,"Järn, Fe",Fisk o skaldjursprodukter o rätter,0.3,mg
1294,Fiskpinnar stekta,Energi (kJ),Fisk o skaldjursprodukter o rätter,932.0,kJ
1294,Fiskpinnar stekta,Energi (kcal),Fisk o skaldjursprodukter o rätter,223.0,kcal
1294,Fiskpinnar stekta,Disackarider,Fisk o skaldjursprodukter o rätter,1.0,g
1294,Fiskpinnar stekta,"Kalcium, Ca",Fisk o skaldjursprodukter o rätter,19.0,mg
1294,Fiskpinnar stekta,Fettsyra 4:0-10:0,Fisk o skaldjursprodukter o rätter,0.0,g
1294,Fiskpinnar stekta,DHA (C22:6),Fisk o skaldjursprodukter o rätter,0.1,g
1294,Fiskpinnar stekta,DPA (C22:5),Fisk o skaldjursprodukter o rätter,0.0,g
1294,Fiskpinnar stekta,EPA (C20:5),Fisk o skaldjursprodukter o rätter,0.1,g
1294,Fiskpinnar stekta,Arakidonsyra C20:4,Fisk o skaldjursprodukter o rätter,0.0,g
1294,Fiskpinnar stekta,Arakidinsyra C20:0,Fisk o skaldjursprodukter o rätter,0.1,g
1294,Fiskpinnar stekta,Linolensyra C18:3,Fisk o skaldjursprodukter o rätter,0.8,g
1294,Fiskpinnar stekta,Linolsyra C18:2,Fisk o skaldjursprodukter o rätter,3.1,g
1294,Fiskpinnar stekta,Oljesyra C18:1,Fisk o skaldjursprodukter o rätter,5.5,g
1294,Fiskpinnar stekta,Stearinsyra C18:0,Fisk o skaldjursprodukter o rätter,0.3,g
1294,Fiskpinnar stekta,Palmitoljesyra C16:1,Fisk o skaldjursprodukter o rätter,0.0,g
1294,Fiskpinnar stekta,Palmitinsyra C16:0,Fisk o skaldjursprodukter o rätter,0.6,g
1294,Fiskpinnar stekta,Myristinsyra C14:0,Fisk o skaldjursprodukter o rätter,0.0,g
1294,Fiskpinnar stekta,Laurinsyra C12:0,Fisk o skaldjursprodukter o rätter,0.0,g
1294,Fiskpinnar stekta,Betakaroten/β-Karoten,Fisk o skaldjursprodukter o rätter,40.0,µg
1294,Fiskpinnar stekta,Avfall (skal etc.),Fisk o skaldjursprodukter o rätter,0.0,%
1294,Fiskpinnar stekta,Aska,Fisk o skaldjursprodukter o rätter,1.6,g
1294,Fiskpinnar stekta,Alkohol,Fisk o skaldjursprodukter o rätter,0.0,g
1296,Makrill filé i tomatsås konserv.,"Zink, Zn",Fisk o skaldjursprodukter o rätter,0.9,mg
1296,Makrill filé i tomatsås konserv.,Vitamin E,Fisk o skaldjursprodukter o rätter,2.3,mg
1296,Makrill filé i tomatsås konserv.,Vitamin D inkl 25-OH-D3,Fisk o skaldjursprodukter o rätter,1.36,µg
1296,Makrill filé i tomatsås konserv.,Vitamin D,Fisk o skaldjursprodukter o rätter,1.36,µg
1296,Makrill filé i tomatsås konserv.,Vitamin C,Fisk o skaldjursprodukter o rätter,0.0,mg
1296,Makrill filé i tomatsås konserv.,Vitamin B6,Fisk o skaldjursprodukter o rätter,0.29,mg
1296,Makrill filé i tomatsås konserv.,Vitamin B12,Fisk o skaldjursprodukter o rätter,5.38,µg
1296,Makrill filé i tomatsås konserv.,Vitamin A,Fisk o skaldjursprodukter o rätter,35.9,RE/µg
1296,Makrill filé i tomatsås konserv.,Vatten,Fisk o skaldjursprodukter o rätter,68.3,g
1296,Makrill filé i tomatsås konserv.,Tiamin,Fisk o skaldjursprodukter o rätter,0.04,mg
1296,Makrill filé i tomatsås konserv.,Tillsatt socker,Fisk o skaldjursprodukter o rätter,0.0,g
1296,Makrill filé i tomatsås konserv.,Fritt socker,Fisk o skaldjursprodukter o rätter,0.0,g
1296,Makrill filé i tomatsås konserv.,"Selen, Se",Fisk o skaldjursprodukter o rätter,19.9,µg
1296,Makrill filé i tomatsås konserv.,Sackaros,Fisk o skaldjursprodukter o rätter,0.2,g
1296,Makrill filé i tomatsås konserv.,Riboflavin,Fisk o skaldjursprodukter o rätter,0.2,mg
1296,Makrill filé i tomatsås konserv.,Retinol,Fisk o skaldjursprodukter o rätter,22.5,µg
1296,Makrill filé i tomatsås konserv.,Protein,Fisk o skaldjursprodukter o rätter,11.7,g
1296,Makrill filé i tomatsås konserv.,Summa fleromättade fettsyror,Fisk o skaldjursprodukter o rätter,4.0,g
1296,Makrill filé i tomatsås konserv.,"Fosfor, P",Fisk o skaldjursprodukter o rätter,141.0,mg
1296,Makrill filé i tomatsås konserv.,Niacinekvivalenter,Fisk o skaldjursprodukter o rätter,8.0,NE/mg
1296,Makrill filé i tomatsås konserv.,Niacin,Fisk o skaldjursprodukter o rätter,5.85,mg
1296,Makrill filé i tomatsås konserv.,"Salt, NaCl",Fisk o skaldjursprodukter o rätter,0.9,g
1296,Makrill filé i tomatsås konserv.,"Natrium, Na",Fisk o skaldjursprodukter o rätter,368.0,mg
1296,Makrill filé i tomatsås konserv.,Monosackarider,Fisk o skaldjursprodukter o rätter,3.0,g
1296,Makrill filé i tomatsås konserv.,"Sockerarter, totalt",Fisk o skaldjursprodukter o rätter,3.2,g
1296,Makrill filé i tomatsås konserv.,Summa enkelomättade fettsyror,Fisk o skaldjursprodukter o rätter,5.6,g
1296,Makrill filé i tomatsås konserv.,"Magnesium, Mg",Fisk o skaldjursprodukter o rätter,32.0,mg
1296,Makrill filé i tomatsås konserv.,Summa mättade fettsyror,Fisk o skaldjursprodukter o rätter,2.6,g
1296,Makrill filé i tomatsås konserv.,"Kolhydrater, tillgängliga",Fisk o skaldjursprodukter o rätter,3.9,g
1296,Makrill filé i tomatsås konserv.,Kolesterol,Fisk o skaldjursprodukter o rätter,39.7,mg
1296,Makrill filé i tomatsås konserv.,"Kalium, K",Fisk o skaldjursprodukter o rätter,423.0,mg
1296,Makrill filé i tomatsås konserv.,"Jod, I",Fisk o skaldjursprodukter o rätter,36.0,µg
1296,Makrill filé i tomatsås konserv.,Fullkorn totalt,Fisk o skaldjursprodukter o rätter,0.0,g
1296,Makrill filé i tomatsås konserv.,"Folat, totalt",Fisk o skaldjursprodukter o rätter,19.0,µg
1296,Makrill filé i tomatsås konserv.,Fibrer,Fisk o skaldjursprodukter o rätter,0.0,g
1296,Makrill filé i tomatsås konserv.,"Fett, totalt",Fisk o skaldjursprodukter o rätter,13.9,g
1296,Makrill filé i tomatsås konserv.,"Järn, Fe",Fisk o skaldjursprodukter o rätter,0.8,mg
1296,Makrill filé i tomatsås konserv.,Energi (kJ),Fisk o skaldjursprodukter o rätter,779.0,kJ
1296,Makrill filé i tomatsås konserv.,Energi (kcal),Fisk o skaldjursprodukter o rätter,186.0,kcal
1296,Makrill filé i tomatsås konserv.,Disackarider,Fisk o skaldjursprodukter o rätter,0.2,g
1296,Makrill filé i tomatsås konserv.,"Kalcium, Ca",Fisk o skaldjursprodukter o rätter,24.0,mg
1296,Makrill filé i tomatsås konserv.,Fettsyra 4:0-10:0,Fisk o skaldjursprodukter o rätter,0.0,g
1296,Makrill filé i tomatsås konserv.,DHA (C22:6),Fisk o skaldjursprodukter o rätter,1.3,g
1296,Makrill filé i tomatsås konserv.,DPA (C22:5),Fisk o skaldjursprodukter o rätter,0.2,g
1296,Makrill filé i tomatsås konserv.,EPA (C20:5),Fisk o skaldjursprodukter o rätter,0.7,g
1296,Makrill filé i tomatsås konserv.,Arakidonsyra C20:4,Fisk o skaldjursprodukter o rätter,0.2,g
1296,Makrill filé i tomatsås konserv.,Arakidinsyra C20:0,Fisk o skaldjursprodukter o rätter,0.0,g
1296,Makrill filé i tomatsås konserv.,Linolensyra C18:3,Fisk o skaldjursprodukter o rätter,0.4,g
1296,Makrill filé i tomatsås konserv.,Linolsyra C18:2,Fisk o skaldjursprodukter o rätter,0.5,g
1296,Makrill filé i tomatsås konserv.,Oljesyra C18:1,Fisk o skaldjursprodukter o rätter,2.1,g
1296,Makrill filé i tomatsås konserv.,Stearinsyra C18:0,Fisk o skaldjursprodukter o rätter,0.3,g
1296,Makrill filé i tomatsås konserv.,Palmitoljesyra C16:1,Fisk o skaldjursprodukter o rätter,0.4,g
1296,Makrill filé i tomatsås konserv.,Palmitinsyra C16:0,Fisk o skaldjursprodukter o rätter,1.4,g
1296,Makrill filé i tomatsås konserv.,Myristinsyra C14:0,Fisk o skaldjursprodukter o rätter,0.7,g
1296,Makrill filé i tomatsås konserv.,Laurinsyra C12:0,Fisk o skaldjursprodukter o rätter,0.0,g
1296,Makrill filé i tomatsås konserv.,Betakaroten/β-Karoten,Fisk o skaldjursprodukter o rätter,161.0,µg
1296,Makrill filé i tomatsås konserv.,Avfall (skal etc.),Fisk o skaldjursprodukter o rätter,0.0,%
1296,Makrill filé i tomatsås konserv.,Aska,Fisk o skaldjursprodukter o rätter,2.2,g
1296,Makrill filé i tomatsås konserv.,Alkohol,Fisk o skaldjursprodukter o rätter,0.0,g
1297,Surströmming,"Zink, Zn",Fisk o skaldjursprodukter o rätter,1.8,mg
1297,Surströmming,Vitamin E,Fisk o skaldjursprodukter o rätter,4.2,mg
1297,Surströmming,Vitamin D,Fisk o skaldjursprodukter o rätter,5.9,µg
1297,Surströmming,Vitamin C,Fisk o skaldjursprodukter o rätter,0.0,mg
1297,Surströmming,Vitamin B6,Fisk o skaldjursprodukter o rätter,0.06,mg
1297,Surströmming,Vitamin B12,Fisk o skaldjursprodukter o rätter,4.49,µg
1297,Surströmming,Vitamin A,Fisk o skaldjursprodukter o rätter,6.0,RE/µg
1297,Surströmming,Vatten,Fisk o skaldjursprodukter o rätter,75.9,g
1297,Surströmming,Tiamin,Fisk o skaldjursprodukter o rätter,0.0,mg
1297,Surströmming,Tillsatt socker,Fisk o skaldjursprodukter o rätter,0.0,g
1297,Surströmming,Fritt socker,Fisk o skaldjursprodukter o rätter,0.0,g
1297,Surströmming,"Selen, Se",Fisk o skaldjursprodukter o rätter,10.8,µg
1297,Surströmming,Sackaros,Fisk o skaldjursprodukter o rätter,0.0,g
1297,Surströmming,Riboflavin,Fisk o skaldjursprodukter o rätter,0.16,mg
1297,Surströmming,Retinol,Fisk o skaldjursprodukter o rätter,6.0,µg
1297,Surströmming,Protein,Fisk o skaldjursprodukter o rätter,11.8,g
1297,Surströmming,Summa fleromättade fettsyror,Fisk o skaldjursprodukter o rätter,0.9,g
1297,Surströmming,"Fosfor, P",Fisk o skaldjursprodukter o rätter,159.0,mg
1297,Surströmming,Niacinekvivalenter,Fisk o skaldjursprodukter o rätter,3.5,NE/mg
1297,Surströmming,Niacin,Fisk o skaldjursprodukter o rätter,1.33,mg
1297,Surströmming,"Salt, NaCl",Fisk o skaldjursprodukter o rätter,8.8,g
1297,Surströmming,"Natrium, Na",Fisk o skaldjursprodukter o rätter,3523.0,mg
1297,Surströmming,Monosackarider,Fisk o skaldjursprodukter o rätter,0.0,g
1297,Surströmming,"Sockerarter, totalt",Fisk o skaldjursprodukter o rätter,0.0,g
1297,Surströmming,Summa enkelomättade fettsyror,Fisk o skaldjursprodukter o rätter,1.1,g
1297,Surströmming,"Magnesium, Mg",Fisk o skaldjursprodukter o rätter,11.0,mg
1297,Surströmming,Summa mättade fettsyror,Fisk o skaldjursprodukter o rätter,0.6,g
1297,Surströmming,"Kolhydrater, tillgängliga",Fisk o skaldjursprodukter o rätter,0.0,g
1297,Surströmming,Kolesterol,Fisk o skaldjursprodukter o rätter,82.2,mg
1297,Surströmming,"Kalium, K",Fisk o skaldjursprodukter o rätter,159.0,mg
1297,Surströmming,"Jod, I",Fisk o skaldjursprodukter o rätter,17.0,µg
1297,Surströmming,Fullkorn totalt,Fisk o skaldjursprodukter o rätter,0.0,g
1297,Surströmming,"Folat, totalt",Fisk o skaldjursprodukter o rätter,19.0,µg
1297,Surströmming,Fibrer,Fisk o skaldjursprodukter o rätter,0.0,g
1297,Surströmming,"Fett, totalt",Fisk o skaldjursprodukter o rätter,3.9,g
1297,Surströmming,"Järn, Fe",Fisk o skaldjursprodukter o rätter,0.7,mg
1297,Surströmming,Energi (kJ),Fisk o skaldjursprodukter o rätter,344.0,kJ
1297,Surströmming,Energi (kcal),Fisk o skaldjursprodukter o rätter,82.0,kcal
1297,Surströmming,Disackarider,Fisk o skaldjursprodukter o rätter,0.0,g
1297,Surströmming,"Kalcium, Ca",Fisk o skaldjursprodukter o rätter,89.0,mg
1297,Surströmming,Fettsyra 4:0-10:0,Fisk o skaldjursprodukter o rätter,0.0,g
1297,Surströmming,DHA (C22:6),Fisk o skaldjursprodukter o rätter,0.2,g
1297,Surströmming,DPA (C22:5),Fisk o skaldjursprodukter o rätter,0.0,g
1297,Surströmming,EPA (C20:5),Fisk o skaldjursprodukter o rätter,0.1,g
1297,Surströmming,Arakidonsyra C20:4,Fisk o skaldjursprodukter o rätter,0.0,g
1297,Surströmming,Arakidinsyra C20:0,Fisk o skaldjursprodukter o rätter,0.0,g
1297,Surströmming,Linolensyra C18:3,Fisk o skaldjursprodukter o rätter,0.0,g
1297,Surströmming,Linolsyra C18:2,Fisk o skaldjursprodukter o rätter,0.2,g
1297,Surströmming,Oljesyra C18:1,Fisk o skaldjursprodukter o rätter,0.7,g
1297,Surströmming,Stearinsyra C18:0,Fisk o skaldjursprodukter o rätter,0.0,g
1297,Surströmming,Palmitoljesyra C16:1,Fisk o skaldjursprodukter o rätter,0.3,g
1297,Surströmming,Palmitinsyra C16:0,Fisk o skaldjursprodukter o rätter,0.5,g
1297,Surströmming,Myristinsyra C14:0,Fisk o skaldjursprodukter o rätter,0.1,g
1297,Surströmming,Laurinsyra C12:0,Fisk o skaldjursprodukter o rätter,0.0,g
1297,Surströmming,Betakaroten/β-Karoten,Fisk o skaldjursprodukter o rätter,0.0,µg
1297,Surströmming,Avfall (skal etc.),Fisk o skaldjursprodukter o rätter,42.0,%
1297,Surströmming,Aska,Fisk o skaldjursprodukter o rätter,9.6,g
1297,Surströmming,Alkohol,Fisk o skaldjursprodukter o rätter,0.0,g
1298,Lutfisk kokt,"Zink, Zn",Fisk o skaldjursprodukter o rätter,0.2,mg
1298,Lutfisk kokt,Vitamin E,Fisk o skaldjursprodukter o rätter,0.1,mg
1298,Lutfisk kokt,Vitamin D,Fisk o skaldjursprodukter o rätter,0.12,µg
1298,Lutfisk kokt,Vitamin C,Fisk o skaldjursprodukter o rätter,0.0,mg
1298,Lutfisk kokt,Vitamin B6,Fisk o skaldjursprodukter o rätter,0.0,mg
1298,Lutfisk kokt,Vitamin B12,Fisk o skaldjursprodukter o rätter,0.0,µg
1298,Lutfisk kokt,Vitamin A,Fisk o skaldjursprodukter o rätter,0.0,RE/µg
1298,Lutfisk kokt,Vatten,Fisk o skaldjursprodukter o rätter,93.0,g
1298,Lutfisk kokt,Tiamin,Fisk o skaldjursprodukter o rätter,0.0,mg
1298,Lutfisk kokt,Tillsatt socker,Fisk o skaldjursprodukter o rätter,0.0,g
1298,Lutfisk kokt,Fritt socker,Fisk o skaldjursprodukter o rätter,0.0,g
1298,Lutfisk kokt,"Selen, Se",Fisk o skaldjursprodukter o rätter,12.3,µg
1298,Lutfisk kokt,Sackaros,Fisk o skaldjursprodukter o rätter,0.0,g
1298,Lutfisk kokt,Riboflavin,Fisk o skaldjursprodukter o rätter,0.0,mg
1298,Lutfisk kokt,Retinol,Fisk o skaldjursprodukter o rätter,0.0,µg
1298,Lutfisk kokt,Protein,Fisk o skaldjursprodukter o rätter,5.9,g
1298,Lutfisk kokt,Summa fleromättade fettsyror,Fisk o skaldjursprodukter o rätter,0.2,g
1298,Lutfisk kokt,"Fosfor, P",Fisk o skaldjursprodukter o rätter,24.0,mg
1298,Lutfisk kokt,Niacinekvivalenter,Fisk o skaldjursprodukter o rätter,1.1,NE/mg
1298,Lutfisk kokt,Niacin,Fisk o skaldjursprodukter o rätter,0.0,mg
1298,Lutfisk kokt,"Salt, NaCl",Fisk o skaldjursprodukter o rätter,0.1,g
1298,Lutfisk kokt,"Natrium, Na",Fisk o skaldjursprodukter o rätter,30.0,mg
1298,Lutfisk kokt,Monosackarider,Fisk o skaldjursprodukter o rätter,0.0,g
1298,Lutfisk kokt,"Sockerarter, totalt",Fisk o skaldjursprodukter o rätter,0.0,g
1298,Lutfisk kokt,Summa enkelomättade fettsyror,Fisk o skaldjursprodukter o rätter,0.1,g
1298,Lutfisk kokt,"Magnesium, Mg",Fisk o skaldjursprodukter o rätter,12.0,mg
1298,Lutfisk kokt,Summa mättade fettsyror,Fisk o skaldjursprodukter o rätter,0.1,g
1298,Lutfisk kokt,"Kolhydrater, tillgängliga",Fisk o skaldjursprodukter o rätter,0.0,g
1298,Lutfisk kokt,Kolesterol,Fisk o skaldjursprodukter o rätter,25.9,mg
1298,Lutfisk kokt,"Kalium, K",Fisk o skaldjursprodukter o rätter,4.0,mg
1298,Lutfisk kokt,"Jod, I",Fisk o skaldjursprodukter o rätter,2.0,µg
1298,Lutfisk kokt,Fullkorn totalt,Fisk o skaldjursprodukter o rätter,0.0,g
1298,Lutfisk kokt,"Folat, totalt",Fisk o skaldjursprodukter o rätter,0.0,µg
1298,Lutfisk kokt,Fibrer,Fisk o skaldjursprodukter o rätter,0.0,g
1298,Lutfisk kokt,"Fett, totalt",Fisk o skaldjursprodukter o rätter,0.5,g
1298,Lutfisk kokt,"Järn, Fe",Fisk o skaldjursprodukter o rätter,0.2,mg
1298,Lutfisk kokt,Energi (kJ),Fisk o skaldjursprodukter o rätter,118.0,kJ
1298,Lutfisk kokt,Energi (kcal),Fisk o skaldjursprodukter o rätter,28.0,kcal
1298,Lutfisk kokt,Disackarider,Fisk o skaldjursprodukter o rätter,0.0,g
1298,Lutfisk kokt,"Kalcium, Ca",Fisk o skaldjursprodukter o rätter,129.0,mg
1298,Lutfisk kokt,Fettsyra 4:0-10:0,Fisk o skaldjursprodukter o rätter,0.0,g
1298,Lutfisk kokt,DHA (C22:6),Fisk o skaldjursprodukter o rätter,0.1,g
1298,Lutfisk kokt,DPA (C22:5),Fisk o skaldjursprodukter o rätter,0.0,g
1298,Lutfisk kokt,EPA (C20:5),Fisk o skaldjursprodukter o rätter,0.0,g
1298,Lutfisk kokt,Arakidonsyra C20:4,Fisk o skaldjursprodukter o rätter,0.0,g
1298,Lutfisk kokt,Arakidinsyra C20:0,Fisk o skaldjursprodukter o rätter,0.0,g
1298,Lutfisk kokt,Linolensyra C18:3,Fisk o skaldjursprodukter o rätter,0.0,g
1298,Lutfisk kokt,Linolsyra C18:2,Fisk o skaldjursprodukter o rätter,0.0,g
1298,Lutfisk kokt,Oljesyra C18:1,Fisk o skaldjursprodukter o rätter,0.0,g
1298,Lutfisk kokt,Stearinsyra C18:0,Fisk o skaldjursprodukter o rätter,0.0,g
1298,Lutfisk kokt,Palmitoljesyra C16:1,Fisk o skaldjursprodukter o rätter,0.0,g
1298,Lutfisk kokt,Palmitinsyra C16:0,Fisk o skaldjursprodukter o rätter,0.1,g
1298,Lutfisk kokt,Myristinsyra C14:0,Fisk o skaldjursprodukter o rätter,0.0,g
1298,Lutfisk kokt,Laurinsyra C12:0,Fisk o skaldjursprodukter o rätter,0.0,g
1298,Lutfisk kokt,Betakaroten/β-Karoten,Fisk o skaldjursprodukter o rätter,0.0,µg
1298,Lutfisk kokt,Avfall (skal etc.),Fisk o skaldjursprodukter o rätter,20.0,%
1298,Lutfisk kokt,Aska,Fisk o skaldjursprodukter o rätter,0.6,g
1298,Lutfisk kokt,Alkohol,Fisk o skaldjursprodukter o rätter,0.0,g
1299,Saltsill panerad stekt hemlagad,"Zink, Zn",Fisk o skaldjursprodukter o rätter,1.6,mg
1299,Saltsill panerad stekt hemlagad,Vitamin E,Fisk o skaldjursprodukter o rätter,2.5,mg
1299,Saltsill panerad stekt hemlagad,Vitamin D,Fisk o skaldjursprodukter o rätter,5.4,µg
1299,Saltsill panerad stekt hemlagad,Vitamin C,Fisk o skaldjursprodukter o rätter,0.0,mg
1299,Saltsill panerad stekt hemlagad,Vitamin B6,Fisk o skaldjursprodukter o rätter,0.37,mg
1299,Saltsill panerad stekt hemlagad,Vitamin B12,Fisk o skaldjursprodukter o rätter,10.8,µg
1299,Saltsill panerad stekt hemlagad,Vitamin A,Fisk o skaldjursprodukter o rätter,87.2,RE/µg
1299,Saltsill panerad stekt hemlagad,Vatten,Fisk o skaldjursprodukter o rätter,52.0,g
1299,Saltsill panerad stekt hemlagad,Tiamin,Fisk o skaldjursprodukter o rätter,0.04,mg
1299,Saltsill panerad stekt hemlagad,Tillsatt socker,Fisk o skaldjursprodukter o rätter,0.0,g
1299,Saltsill panerad stekt hemlagad,Fritt socker,Fisk o skaldjursprodukter o rätter,0.0,g
1299,Saltsill panerad stekt hemlagad,"Selen, Se",Fisk o skaldjursprodukter o rätter,21.8,µg
1299,Saltsill panerad stekt hemlagad,Sackaros,Fisk o skaldjursprodukter o rätter,0.0,g
1299,Saltsill panerad stekt hemlagad,Riboflavin,Fisk o skaldjursprodukter o rätter,0.23,mg
1299,Saltsill panerad stekt hemlagad,Retinol,Fisk o skaldjursprodukter o rätter,87.0,µg
1299,Saltsill panerad stekt hemlagad,Protein,Fisk o skaldjursprodukter o rätter,14.1,g
1299,Saltsill panerad stekt hemlagad,Summa fleromättade fettsyror,Fisk o skaldjursprodukter o rätter,5.5,g
1299,Saltsill panerad stekt hemlagad,"Fosfor, P",Fisk o skaldjursprodukter o rätter,92.0,mg
1299,Saltsill panerad stekt hemlagad,Niacinekvivalenter,Fisk o skaldjursprodukter o rätter,7.25,NE/mg
1299,Saltsill panerad stekt hemlagad,Niacin,Fisk o skaldjursprodukter o rätter,4.66,mg
1299,Saltsill panerad stekt hemlagad,"Salt, NaCl",Fisk o skaldjursprodukter o rätter,3.0,g
1299,Saltsill panerad stekt hemlagad,"Natrium, Na",Fisk o skaldjursprodukter o rätter,1220.0,mg
1299,Saltsill panerad stekt hemlagad,Monosackarider,Fisk o skaldjursprodukter o rätter,0.1,g
1299,Saltsill panerad stekt hemlagad,"Sockerarter, totalt",Fisk o skaldjursprodukter o rätter,0.2,g
1299,Saltsill panerad stekt hemlagad,Summa enkelomättade fettsyror,Fisk o skaldjursprodukter o rätter,10.8,g
1299,Saltsill panerad stekt hemlagad,"Magnesium, Mg",Fisk o skaldjursprodukter o rätter,40.0,mg
1299,Saltsill panerad stekt hemlagad,Summa mättade fettsyror,Fisk o skaldjursprodukter o rätter,6.3,g
1299,Saltsill panerad stekt hemlagad,"Kolhydrater, tillgängliga",Fisk o skaldjursprodukter o rätter,4.0,g
1299,Saltsill panerad stekt hemlagad,Kolesterol,Fisk o skaldjursprodukter o rätter,87.0,mg
1299,Saltsill panerad stekt hemlagad,"Kalium, K",Fisk o skaldjursprodukter o rätter,55.0,mg
1299,Saltsill panerad stekt hemlagad,"Jod, I",Fisk o skaldjursprodukter o rätter,12.4,µg
1299,Saltsill panerad stekt hemlagad,Fullkorn totalt,Fisk o skaldjursprodukter o rätter,0.0,g
1299,Saltsill panerad stekt hemlagad,"Folat, totalt",Fisk o skaldjursprodukter o rätter,7.9,µg
1299,Saltsill panerad stekt hemlagad,Fibrer,Fisk o skaldjursprodukter o rätter,0.9,g
1299,Saltsill panerad stekt hemlagad,"Fett, totalt",Fisk o skaldjursprodukter o rätter,24.2,g
1299,Saltsill panerad stekt hemlagad,"Järn, Fe",Fisk o skaldjursprodukter o rätter,1.2,mg
1299,Saltsill panerad stekt hemlagad,Energi (kJ),Fisk o skaldjursprodukter o rätter,1210.0,kJ
1299,Saltsill panerad stekt hemlagad,Energi (kcal),Fisk o skaldjursprodukter o rätter,289.0,kcal
1299,Saltsill panerad stekt hemlagad,Disackarider,Fisk o skaldjursprodukter o rätter,0.1,g
1299,Saltsill panerad stekt hemlagad,"Kalcium, Ca",Fisk o skaldjursprodukter o rätter,88.0,mg
1299,Saltsill panerad stekt hemlagad,Fettsyra 4:0-10:0,Fisk o skaldjursprodukter o rätter,0.1,g
1299,Saltsill panerad stekt hemlagad,DHA (C22:6),Fisk o skaldjursprodukter o rätter,1.7,g
1299,Saltsill panerad stekt hemlagad,DPA (C22:5),Fisk o skaldjursprodukter o rätter,0.1,g
1299,Saltsill panerad stekt hemlagad,EPA (C20:5),Fisk o skaldjursprodukter o rätter,1.0,g
1299,Saltsill panerad stekt hemlagad,Arakidonsyra C20:4,Fisk o skaldjursprodukter o rätter,0.1,g
1299,Saltsill panerad stekt hemlagad,Arakidinsyra C20:0,Fisk o skaldjursprodukter o rätter,0.0,g
1299,Saltsill panerad stekt hemlagad,Linolensyra C18:3,Fisk o skaldjursprodukter o rätter,0.5,g
1299,Saltsill panerad stekt hemlagad,Linolsyra C18:2,Fisk o skaldjursprodukter o rätter,1.1,g
1299,Saltsill panerad stekt hemlagad,Oljesyra C18:1,Fisk o skaldjursprodukter o rätter,4.6,g
1299,Saltsill panerad stekt hemlagad,Stearinsyra C18:0,Fisk o skaldjursprodukter o rätter,0.7,g
1299,Saltsill panerad stekt hemlagad,Palmitoljesyra C16:1,Fisk o skaldjursprodukter o rätter,1.1,g
1299,Saltsill panerad stekt hemlagad,Palmitinsyra C16:0,Fisk o skaldjursprodukter o rätter,3.4,g
1299,Saltsill panerad stekt hemlagad,Myristinsyra C14:0,Fisk o skaldjursprodukter o rätter,1.5,g
1299,Saltsill panerad stekt hemlagad,Laurinsyra C12:0,Fisk o skaldjursprodukter o rätter,0.2,g
1299,Saltsill panerad stekt hemlagad,Betakaroten/β-Karoten,Fisk o skaldjursprodukter o rätter,3.0,µg
1299,Saltsill panerad stekt hemlagad,Avfall (skal etc.),Fisk o skaldjursprodukter o rätter,0.0,%
1299,Saltsill panerad stekt hemlagad,Aska,Fisk o skaldjursprodukter o rätter,4.8,g
1299,Saltsill panerad stekt hemlagad,Alkohol,Fisk o skaldjursprodukter o rätter,0.0,g
1300,Strömmingsflundra panerad stekt hemlagad,"Zink, Zn",Fisk o skaldjursprodukter o rätter,1.3,mg
1300,Strömmingsflundra panerad stekt hemlagad,Vitamin E,Fisk o skaldjursprodukter o rätter,3.0,mg
1300,Strömmingsflundra panerad stekt hemlagad,Vitamin D,Fisk o skaldjursprodukter o rätter,11.2,µg
1300,Strömmingsflundra panerad stekt hemlagad,Vitamin C,Fisk o skaldjursprodukter o rätter,0.0,mg
1300,Strömmingsflundra panerad stekt hemlagad,Vitamin B6,Fisk o skaldjursprodukter o rätter,0.24,mg
1300,Strömmingsflundra panerad stekt hemlagad,Vitamin B12,Fisk o skaldjursprodukter o rätter,9.0,µg
1300,Strömmingsflundra panerad stekt hemlagad,Vitamin A,Fisk o skaldjursprodukter o rätter,90.0,RE/µg
1300,Strömmingsflundra panerad stekt hemlagad,Vatten,Fisk o skaldjursprodukter o rätter,59.0,g
1300,Strömmingsflundra panerad stekt hemlagad,Tiamin,Fisk o skaldjursprodukter o rätter,0.06,mg
1300,Strömmingsflundra panerad stekt hemlagad,Tillsatt socker,Fisk o skaldjursprodukter o rätter,0.0,g
1300,Strömmingsflundra panerad stekt hemlagad,Fritt socker,Fisk o skaldjursprodukter o rätter,0.0,g
1300,Strömmingsflundra panerad stekt hemlagad,"Selen, Se",Fisk o skaldjursprodukter o rätter,16.3,µg
1300,Strömmingsflundra panerad stekt hemlagad,Sackaros,Fisk o skaldjursprodukter o rätter,0.0,g
1300,Strömmingsflundra panerad stekt hemlagad,Riboflavin,Fisk o skaldjursprodukter o rätter,0.26,mg
1300,Strömmingsflundra panerad stekt hemlagad,Retinol,Fisk o skaldjursprodukter o rätter,90.0,µg
1300,Strömmingsflundra panerad stekt hemlagad,Protein,Fisk o skaldjursprodukter o rätter,15.2,g
1300,Strömmingsflundra panerad stekt hemlagad,Summa fleromättade fettsyror,Fisk o skaldjursprodukter o rätter,4.8,g
1300,Strömmingsflundra panerad stekt hemlagad,"Fosfor, P",Fisk o skaldjursprodukter o rätter,215.0,mg
1300,Strömmingsflundra panerad stekt hemlagad,Niacinekvivalenter,Fisk o skaldjursprodukter o rätter,6.69,NE/mg
1300,Strömmingsflundra panerad stekt hemlagad,Niacin,Fisk o skaldjursprodukter o rätter,3.9,mg
1300,Strömmingsflundra panerad stekt hemlagad,"Salt, NaCl",Fisk o skaldjursprodukter o rätter,1.3,g
1300,Strömmingsflundra panerad stekt hemlagad,"Natrium, Na",Fisk o skaldjursprodukter o rätter,520.0,mg
1300,Strömmingsflundra panerad stekt hemlagad,Monosackarider,Fisk o skaldjursprodukter o rätter,0.0,g
1300,Strömmingsflundra panerad stekt hemlagad,"Sockerarter, totalt",Fisk o skaldjursprodukter o rätter,0.0,g
1300,Strömmingsflundra panerad stekt hemlagad,Summa enkelomättade fettsyror,Fisk o skaldjursprodukter o rätter,7.1,g
1300,Strömmingsflundra panerad stekt hemlagad,"Magnesium, Mg",Fisk o skaldjursprodukter o rätter,17.0,mg
1300,Strömmingsflundra panerad stekt hemlagad,Summa mättade fettsyror,Fisk o skaldjursprodukter o rätter,5.8,g
1300,Strömmingsflundra panerad stekt hemlagad,"Kolhydrater, tillgängliga",Fisk o skaldjursprodukter o rätter,4.1,g
1300,Strömmingsflundra panerad stekt hemlagad,Kolesterol,Fisk o skaldjursprodukter o rätter,85.0,mg
1300,Strömmingsflundra panerad stekt hemlagad,"Kalium, K",Fisk o skaldjursprodukter o rätter,340.0,mg
1300,Strömmingsflundra panerad stekt hemlagad,"Jod, I",Fisk o skaldjursprodukter o rätter,66.2,µg
1300,Strömmingsflundra panerad stekt hemlagad,Fullkorn totalt,Fisk o skaldjursprodukter o rätter,0.0,g
1300,Strömmingsflundra panerad stekt hemlagad,"Folat, totalt",Fisk o skaldjursprodukter o rätter,7.3,µg
1300,Strömmingsflundra panerad stekt hemlagad,Fibrer,Fisk o skaldjursprodukter o rätter,0.3,g
1300,Strömmingsflundra panerad stekt hemlagad,"Fett, totalt",Fisk o skaldjursprodukter o rätter,19.2,g
1300,Strömmingsflundra panerad stekt hemlagad,"Järn, Fe",Fisk o skaldjursprodukter o rätter,1.1,mg
1300,Strömmingsflundra panerad stekt hemlagad,Energi (kJ),Fisk o skaldjursprodukter o rätter,1041.0,kJ
1300,Strömmingsflundra panerad stekt hemlagad,Energi (kcal),Fisk o skaldjursprodukter o rätter,249.0,kcal
1300,Strömmingsflundra panerad stekt hemlagad,Disackarider,Fisk o skaldjursprodukter o rätter,0.0,g
1300,Strömmingsflundra panerad stekt hemlagad,"Kalcium, Ca",Fisk o skaldjursprodukter o rätter,38.0,mg
1300,Strömmingsflundra panerad stekt hemlagad,Fettsyra 4:0-10:0,Fisk o skaldjursprodukter o rätter,0.1,g
1300,Strömmingsflundra panerad stekt hemlagad,DHA (C22:6),Fisk o skaldjursprodukter o rätter,0.9,g
1300,Strömmingsflundra panerad stekt hemlagad,DPA (C22:5),Fisk o skaldjursprodukter o rätter,0.0,g
1300,Strömmingsflundra panerad stekt hemlagad,EPA (C20:5),Fisk o skaldjursprodukter o rätter,0.6,g
1300,Strömmingsflundra panerad stekt hemlagad,Arakidonsyra C20:4,Fisk o skaldjursprodukter o rätter,0.0,g
1300,Strömmingsflundra panerad stekt hemlagad,Arakidinsyra C20:0,Fisk o skaldjursprodukter o rätter,0.1,g
1300,Strömmingsflundra panerad stekt hemlagad,Linolensyra C18:3,Fisk o skaldjursprodukter o rätter,0.6,g
1300,Strömmingsflundra panerad stekt hemlagad,Linolsyra C18:2,Fisk o skaldjursprodukter o rätter,1.7,g
1300,Strömmingsflundra panerad stekt hemlagad,Oljesyra C18:1,Fisk o skaldjursprodukter o rätter,5.8,g
1300,Strömmingsflundra panerad stekt hemlagad,Stearinsyra C18:0,Fisk o skaldjursprodukter o rätter,1.0,g
1300,Strömmingsflundra panerad stekt hemlagad,Palmitoljesyra C16:1,Fisk o skaldjursprodukter o rätter,0.7,g
1300,Strömmingsflundra panerad stekt hemlagad,Palmitinsyra C16:0,Fisk o skaldjursprodukter o rätter,3.2,g
1300,Strömmingsflundra panerad stekt hemlagad,Myristinsyra C14:0,Fisk o skaldjursprodukter o rätter,1.0,g
1300,Strömmingsflundra panerad stekt hemlagad,Laurinsyra C12:0,Fisk o skaldjursprodukter o rätter,0.4,g
1300,Strömmingsflundra panerad stekt hemlagad,Betakaroten/β-Karoten,Fisk o skaldjursprodukter o rätter,0.0,µg
1300,Strömmingsflundra panerad stekt hemlagad,Avfall (skal etc.),Fisk o skaldjursprodukter o rätter,0.0,%
1300,Strömmingsflundra panerad stekt hemlagad,Aska,Fisk o skaldjursprodukter o rätter,2.2,g
1300,Strömmingsflundra panerad stekt hemlagad,Alkohol,Fisk o skaldjursprodukter o rätter,0.0,g
1301,Torsk filé panerad stekt hemlagad,"Zink, Zn",Fisk o skaldjursprodukter o rätter,0.5,mg
1301,Torsk filé panerad stekt hemlagad,Vitamin E,Fisk o skaldjursprodukter o rätter,1.5,mg
1301,Torsk filé panerad stekt hemlagad,Vitamin D,Fisk o skaldjursprodukter o rätter,1.35,µg
1301,Torsk filé panerad stekt hemlagad,Vitamin C,Fisk o skaldjursprodukter o rätter,0.5,mg
1301,Torsk filé panerad stekt hemlagad,Vitamin B6,Fisk o skaldjursprodukter o rätter,0.23,mg
1301,Torsk filé panerad stekt hemlagad,Vitamin B12,Fisk o skaldjursprodukter o rätter,0.9,µg
1301,Torsk filé panerad stekt hemlagad,Vitamin A,Fisk o skaldjursprodukter o rätter,66.0,RE/µg
1301,Torsk filé panerad stekt hemlagad,Vatten,Fisk o skaldjursprodukter o rätter,69.0,g
1301,Torsk filé panerad stekt hemlagad,Tiamin,Fisk o skaldjursprodukter o rätter,0.05,mg
1301,Torsk filé panerad stekt hemlagad,Tillsatt socker,Fisk o skaldjursprodukter o rätter,0.0,g
1301,Torsk filé panerad stekt hemlagad,Fritt socker,Fisk o skaldjursprodukter o rätter,0.0,g
1301,Torsk filé panerad stekt hemlagad,"Selen, Se",Fisk o skaldjursprodukter o rätter,26.0,µg
1301,Torsk filé panerad stekt hemlagad,Sackaros,Fisk o skaldjursprodukter o rätter,0.0,g
1301,Torsk filé panerad stekt hemlagad,Riboflavin,Fisk o skaldjursprodukter o rätter,0.15,mg
1301,Torsk filé panerad stekt hemlagad,Retinol,Fisk o skaldjursprodukter o rätter,66.0,µg
1301,Torsk filé panerad stekt hemlagad,Protein,Fisk o skaldjursprodukter o rätter,17.6,g
1301,Torsk filé panerad stekt hemlagad,Summa fleromättade fettsyror,Fisk o skaldjursprodukter o rätter,1.2,g
1301,Torsk filé panerad stekt hemlagad,"Fosfor, P",Fisk o skaldjursprodukter o rätter,220.0,mg
1301,Torsk filé panerad stekt hemlagad,Niacinekvivalenter,Fisk o skaldjursprodukter o rätter,5.43,NE/mg
1301,Torsk filé panerad stekt hemlagad,Niacin,Fisk o skaldjursprodukter o rätter,2.2,mg
1301,Torsk filé panerad stekt hemlagad,"Salt, NaCl",Fisk o skaldjursprodukter o rätter,1.6,g
1301,Torsk filé panerad stekt hemlagad,"Natrium, Na",Fisk o skaldjursprodukter o rätter,620.0,mg
1301,Torsk filé panerad stekt hemlagad,Monosackarider,Fisk o skaldjursprodukter o rätter,0.1,g
1301,Torsk filé panerad stekt hemlagad,"Sockerarter, totalt",Fisk o skaldjursprodukter o rätter,0.1,g
1301,Torsk filé panerad stekt hemlagad,Summa enkelomättade fettsyror,Fisk o skaldjursprodukter o rätter,2.4,g
1301,Torsk filé panerad stekt hemlagad,"Magnesium, Mg",Fisk o skaldjursprodukter o rätter,32.0,mg
1301,Torsk filé panerad stekt hemlagad,Summa mättade fettsyror,Fisk o skaldjursprodukter o rätter,1.9,g
1301,Torsk filé panerad stekt hemlagad,"Kolhydrater, tillgängliga",Fisk o skaldjursprodukter o rätter,4.5,g
1301,Torsk filé panerad stekt hemlagad,Kolesterol,Fisk o skaldjursprodukter o rätter,88.0,mg
1301,Torsk filé panerad stekt hemlagad,"Kalium, K",Fisk o skaldjursprodukter o rätter,405.0,mg
1301,Torsk filé panerad stekt hemlagad,"Jod, I",Fisk o skaldjursprodukter o rätter,34.0,µg
1301,Torsk filé panerad stekt hemlagad,Fullkorn totalt,Fisk o skaldjursprodukter o rätter,0.0,g
1301,Torsk filé panerad stekt hemlagad,"Folat, totalt",Fisk o skaldjursprodukter o rätter,17.0,µg
1301,Torsk filé panerad stekt hemlagad,Fibrer,Fisk o skaldjursprodukter o rätter,0.3,g
1301,Torsk filé panerad stekt hemlagad,"Fett, totalt",Fisk o skaldjursprodukter o rätter,6.0,g
1301,Torsk filé panerad stekt hemlagad,"Järn, Fe",Fisk o skaldjursprodukter o rätter,0.8,mg
1301,Torsk filé panerad stekt hemlagad,Energi (kJ),Fisk o skaldjursprodukter o rätter,600.0,kJ
1301,Torsk filé panerad stekt hemlagad,Energi (kcal),Fisk o skaldjursprodukter o rätter,143.0,kcal
1301,Torsk filé panerad stekt hemlagad,Disackarider,Fisk o skaldjursprodukter o rätter,0.0,g
1301,Torsk filé panerad stekt hemlagad,"Kalcium, Ca",Fisk o skaldjursprodukter o rätter,16.0,mg
1301,Torsk filé panerad stekt hemlagad,Fettsyra 4:0-10:0,Fisk o skaldjursprodukter o rätter,0.1,g
1301,Torsk filé panerad stekt hemlagad,DHA (C22:6),Fisk o skaldjursprodukter o rätter,0.2,g
1301,Torsk filé panerad stekt hemlagad,DPA (C22:5),Fisk o skaldjursprodukter o rätter,0.0,g
1301,Torsk filé panerad stekt hemlagad,EPA (C20:5),Fisk o skaldjursprodukter o rätter,0.0,g
1301,Torsk filé panerad stekt hemlagad,Arakidonsyra C20:4,Fisk o skaldjursprodukter o rätter,0.0,g
1301,Torsk filé panerad stekt hemlagad,Arakidinsyra C20:0,Fisk o skaldjursprodukter o rätter,0.0,g
1301,Torsk filé panerad stekt hemlagad,Linolensyra C18:3,Fisk o skaldjursprodukter o rätter,0.1,g
1301,Torsk filé panerad stekt hemlagad,Linolsyra C18:2,Fisk o skaldjursprodukter o rätter,0.6,g
1301,Torsk filé panerad stekt hemlagad,Oljesyra C18:1,Fisk o skaldjursprodukter o rätter,2.2,g
1301,Torsk filé panerad stekt hemlagad,Stearinsyra C18:0,Fisk o skaldjursprodukter o rätter,0.6,g
1301,Torsk filé panerad stekt hemlagad,Palmitoljesyra C16:1,Fisk o skaldjursprodukter o rätter,0.1,g
1301,Torsk filé panerad stekt hemlagad,Palmitinsyra C16:0,Fisk o skaldjursprodukter o rätter,0.9,g
1301,Torsk filé panerad stekt hemlagad,Myristinsyra C14:0,Fisk o skaldjursprodukter o rätter,0.2,g
1301,Torsk filé panerad stekt hemlagad,Laurinsyra C12:0,Fisk o skaldjursprodukter o rätter,0.2,g
1301,Torsk filé panerad stekt hemlagad,Betakaroten/β-Karoten,Fisk o skaldjursprodukter o rätter,0.0,µg
1301,Torsk filé panerad stekt hemlagad,Avfall (skal etc.),Fisk o skaldjursprodukter o rätter,0.0,%
1301,Torsk filé panerad stekt hemlagad,Aska,Fisk o skaldjursprodukter o rätter,2.6,g
1301,Torsk filé panerad stekt hemlagad,Alkohol,Fisk o skaldjursprodukter o rätter,0.0,g
1302,Ål inkokt hemlagad,"Zink, Zn",Fisk färsk fryst kokt,3.2,mg
1302,Ål inkokt hemlagad,Vitamin E,Fisk färsk fryst kokt,19.3,mg
1302,Ål inkokt hemlagad,Vitamin D,Fisk färsk fryst kokt,40.0,µg
1302,Ål inkokt hemlagad,Vitamin C,Fisk färsk fryst kokt,0.0,mg
1302,Ål inkokt hemlagad,Vitamin B6,Fisk färsk fryst kokt,0.21,mg
1302,Ål inkokt hemlagad,Vitamin B12,Fisk färsk fryst kokt,5.6,µg
1302,Ål inkokt hemlagad,Vitamin A,Fisk färsk fryst kokt,3400.0,RE/µg
1302,Ål inkokt hemlagad,Vatten,Fisk färsk fryst kokt,47.2,g
1302,Ål inkokt hemlagad,Tiamin,Fisk färsk fryst kokt,0.05,mg
1302,Ål inkokt hemlagad,Tillsatt socker,Fisk färsk fryst kokt,0.0,g
1302,Ål inkokt hemlagad,Fritt socker,Fisk färsk fryst kokt,0.0,g
1302,Ål inkokt hemlagad,"Selen, Se",Fisk färsk fryst kokt,63.0,µg
1302,Ål inkokt hemlagad,Sackaros,Fisk färsk fryst kokt,0.0,g
1302,Ål inkokt hemlagad,Riboflavin,Fisk färsk fryst kokt,0.2,mg
1302,Ål inkokt hemlagad,Retinol,Fisk färsk fryst kokt,3400.0,µg
1302,Ål inkokt hemlagad,Protein,Fisk färsk fryst kokt,15.8,g
1302,Ål inkokt hemlagad,Summa fleromättade fettsyror,Fisk färsk fryst kokt,8.1,g
1302,Ål inkokt hemlagad,"Fosfor, P",Fisk färsk fryst kokt,110.0,mg
1302,Ål inkokt hemlagad,Niacinekvivalenter,Fisk färsk fryst kokt,4.6,NE/mg
1302,Ål inkokt hemlagad,Niacin,Fisk färsk fryst kokt,1.7,mg
1302,Ål inkokt hemlagad,"Salt, NaCl",Fisk färsk fryst kokt,0.5,g
1302,Ål inkokt hemlagad,"Natrium, Na",Fisk färsk fryst kokt,186.0,mg
1302,Ål inkokt hemlagad,Monosackarider,Fisk färsk fryst kokt,0.0,g
1302,Ål inkokt hemlagad,"Sockerarter, totalt",Fisk färsk fryst kokt,0.0,g
1302,Ål inkokt hemlagad,Summa enkelomättade fettsyror,Fisk färsk fryst kokt,15.7,g
1302,Ål inkokt hemlagad,"Magnesium, Mg",Fisk färsk fryst kokt,10.0,mg
1302,Ål inkokt hemlagad,Summa mättade fettsyror,Fisk färsk fryst kokt,8.6,g
1302,Ål inkokt hemlagad,"Kolhydrater, tillgängliga",Fisk färsk fryst kokt,0.0,g
1302,Ål inkokt hemlagad,Kolesterol,Fisk färsk fryst kokt,140.0,mg
1302,Ål inkokt hemlagad,"Kalium, K",Fisk färsk fryst kokt,119.0,mg
1302,Ål inkokt hemlagad,"Jod, I",Fisk färsk fryst kokt,60.0,µg
1302,Ål inkokt hemlagad,Fullkorn totalt,Fisk färsk fryst kokt,0.0,g
1302,Ål inkokt hemlagad,"Folat, totalt",Fisk färsk fryst kokt,18.0,µg
1302,Ål inkokt hemlagad,Fibrer,Fisk färsk fryst kokt,0.0,g
1302,Ål inkokt hemlagad,"Fett, totalt",Fisk färsk fryst kokt,36.0,g
1302,Ål inkokt hemlagad,"Järn, Fe",Fisk färsk fryst kokt,0.7,mg
1302,Ål inkokt hemlagad,Energi (kJ),Fisk färsk fryst kokt,1601.0,kJ
1302,Ål inkokt hemlagad,Energi (kcal),Fisk färsk fryst kokt,382.0,kcal
1302,Ål inkokt hemlagad,Disackarider,Fisk färsk fryst kokt,0.0,g
1302,Ål inkokt hemlagad,"Kalcium, Ca",Fisk färsk fryst kokt,36.0,mg
1302,Ål inkokt hemlagad,Fettsyra 4:0-10:0,Fisk färsk fryst kokt,0.0,g
1302,Ål inkokt hemlagad,DHA (C22:6),Fisk färsk fryst kokt,2.1,g
1302,Ål inkokt hemlagad,DPA (C22:5),Fisk färsk fryst kokt,1.2,g
1302,Ål inkokt hemlagad,EPA (C20:5),Fisk färsk fryst kokt,1.5,g
1302,Ål inkokt hemlagad,Arakidonsyra C20:4,Fisk färsk fryst kokt,0.8,g
1302,Ål inkokt hemlagad,Arakidinsyra C20:0,Fisk färsk fryst kokt,0.0,g
1302,Ål inkokt hemlagad,Linolensyra C18:3,Fisk färsk fryst kokt,0.3,g
1302,Ål inkokt hemlagad,Linolsyra C18:2,Fisk färsk fryst kokt,0.7,g
1302,Ål inkokt hemlagad,Oljesyra C18:1,Fisk färsk fryst kokt,12.0,g
1302,Ål inkokt hemlagad,Stearinsyra C18:0,Fisk färsk fryst kokt,1.4,g
1302,Ål inkokt hemlagad,Palmitoljesyra C16:1,Fisk färsk fryst kokt,3.1,g
1302,Ål inkokt hemlagad,Palmitinsyra C16:0,Fisk färsk fryst kokt,6.0,g
1302,Ål inkokt hemlagad,Myristinsyra C14:0,Fisk färsk fryst kokt,0.9,g
1302,Ål inkokt hemlagad,Laurinsyra C12:0,Fisk färsk fryst kokt,0.0,g
1302,Ål inkokt hemlagad,Betakaroten/β-Karoten,Fisk färsk fryst kokt,0.0,µg
1302,Ål inkokt hemlagad,Avfall (skal etc.),Fisk färsk fryst kokt,13.0,%
1302,Ål inkokt hemlagad,Aska,Fisk färsk fryst kokt,1.0,g
1302,Ål inkokt hemlagad,Alkohol,Fisk färsk fryst kokt,0.0,g
1303,Ål ugnsstekt hemlagad,"Zink, Zn",Fisk stekt ej panerad,3.6,mg
1303,Ål ugnsstekt hemlagad,Vitamin E,Fisk stekt ej panerad,38.0,mg
1303,Ål ugnsstekt hemlagad,Vitamin D,Fisk stekt ej panerad,35.0,µg
1303,Ål ugnsstekt hemlagad,Vitamin C,Fisk stekt ej panerad,0.0,mg
1303,Ål ugnsstekt hemlagad,Vitamin B6,Fisk stekt ej panerad,0.21,mg
1303,Ål ugnsstekt hemlagad,Vitamin B12,Fisk stekt ej panerad,5.6,µg
1303,Ål ugnsstekt hemlagad,Vitamin A,Fisk stekt ej panerad,3500.0,RE/µg
1303,Ål ugnsstekt hemlagad,Vatten,Fisk stekt ej panerad,38.0,g
1303,Ål ugnsstekt hemlagad,Tiamin,Fisk stekt ej panerad,0.15,mg
1303,Ål ugnsstekt hemlagad,Tillsatt socker,Fisk stekt ej panerad,0.0,g
1303,Ål ugnsstekt hemlagad,Fritt socker,Fisk stekt ej panerad,0.0,g
1303,Ål ugnsstekt hemlagad,"Selen, Se",Fisk stekt ej panerad,60.0,µg
1303,Ål ugnsstekt hemlagad,Sackaros,Fisk stekt ej panerad,0.0,g
1303,Ål ugnsstekt hemlagad,Riboflavin,Fisk stekt ej panerad,0.34,mg
1303,Ål ugnsstekt hemlagad,Retinol,Fisk stekt ej panerad,3500.0,µg
1303,Ål ugnsstekt hemlagad,Protein,Fisk stekt ej panerad,16.1,g
1303,Ål ugnsstekt hemlagad,Summa fleromättade fettsyror,Fisk stekt ej panerad,8.8,g
1303,Ål ugnsstekt hemlagad,"Fosfor, P",Fisk stekt ej panerad,181.0,mg
1303,Ål ugnsstekt hemlagad,Niacinekvivalenter,Fisk stekt ej panerad,5.65,NE/mg
1303,Ål ugnsstekt hemlagad,Niacin,Fisk stekt ej panerad,2.7,mg
1303,Ål ugnsstekt hemlagad,"Salt, NaCl",Fisk stekt ej panerad,1.2,g
1303,Ål ugnsstekt hemlagad,"Natrium, Na",Fisk stekt ej panerad,490.0,mg
1303,Ål ugnsstekt hemlagad,Monosackarider,Fisk stekt ej panerad,0.0,g
1303,Ål ugnsstekt hemlagad,"Sockerarter, totalt",Fisk stekt ej panerad,0.0,g
1303,Ål ugnsstekt hemlagad,Summa enkelomättade fettsyror,Fisk stekt ej panerad,17.7,g
1303,Ål ugnsstekt hemlagad,"Magnesium, Mg",Fisk stekt ej panerad,15.0,mg
1303,Ål ugnsstekt hemlagad,Summa mättade fettsyror,Fisk stekt ej panerad,10.1,g
1303,Ål ugnsstekt hemlagad,"Kolhydrater, tillgängliga",Fisk stekt ej panerad,3.2,g
1303,Ål ugnsstekt hemlagad,Kolesterol,Fisk stekt ej panerad,140.0,mg
1303,Ål ugnsstekt hemlagad,"Kalium, K",Fisk stekt ej panerad,220.0,mg
1303,Ål ugnsstekt hemlagad,"Jod, I",Fisk stekt ej panerad,60.0,µg
1303,Ål ugnsstekt hemlagad,Fullkorn totalt,Fisk stekt ej panerad,0.0,g
1303,Ål ugnsstekt hemlagad,"Folat, totalt",Fisk stekt ej panerad,17.0,µg
1303,Ål ugnsstekt hemlagad,Fibrer,Fisk stekt ej panerad,0.0,g
1303,Ål ugnsstekt hemlagad,"Fett, totalt",Fisk stekt ej panerad,40.5,g
1303,Ål ugnsstekt hemlagad,"Järn, Fe",Fisk stekt ej panerad,1.1,mg
1303,Ål ugnsstekt hemlagad,Energi (kJ),Fisk stekt ej panerad,1827.0,kJ
1303,Ål ugnsstekt hemlagad,Energi (kcal),Fisk stekt ej panerad,437.0,kcal
1303,Ål ugnsstekt hemlagad,Disackarider,Fisk stekt ej panerad,0.0,g
1303,Ål ugnsstekt hemlagad,"Kalcium, Ca",Fisk stekt ej panerad,44.0,mg
1303,Ål ugnsstekt hemlagad,Fettsyra 4:0-10:0,Fisk stekt ej panerad,0.0,g
1303,Ål ugnsstekt hemlagad,DHA (C22:6),Fisk stekt ej panerad,2.2,g
1303,Ål ugnsstekt hemlagad,DPA (C22:5),Fisk stekt ej panerad,1.2,g
1303,Ål ugnsstekt hemlagad,EPA (C20:5),Fisk stekt ej panerad,1.5,g
1303,Ål ugnsstekt hemlagad,Arakidonsyra C20:4,Fisk stekt ej panerad,0.8,g
1303,Ål ugnsstekt hemlagad,Arakidinsyra C20:0,Fisk stekt ej panerad,0.0,g
1303,Ål ugnsstekt hemlagad,Linolensyra C18:3,Fisk stekt ej panerad,0.4,g
1303,Ål ugnsstekt hemlagad,Linolsyra C18:2,Fisk stekt ej panerad,1.2,g
1303,Ål ugnsstekt hemlagad,Oljesyra C18:1,Fisk stekt ej panerad,13.8,g
1303,Ål ugnsstekt hemlagad,Stearinsyra C18:0,Fisk stekt ej panerad,1.8,g
1303,Ål ugnsstekt hemlagad,Palmitoljesyra C16:1,Fisk stekt ej panerad,3.3,g
1303,Ål ugnsstekt hemlagad,Palmitinsyra C16:0,Fisk stekt ej panerad,6.7,g
1303,Ål ugnsstekt hemlagad,Myristinsyra C14:0,Fisk stekt ej panerad,1.1,g
1303,Ål ugnsstekt hemlagad,Laurinsyra C12:0,Fisk stekt ej panerad,0.2,g
1303,Ål ugnsstekt hemlagad,Betakaroten/β-Karoten,Fisk stekt ej panerad,0.0,µg
1303,Ål ugnsstekt hemlagad,Avfall (skal etc.),Fisk stekt ej panerad,13.0,%
1303,Ål ugnsstekt hemlagad,Aska,Fisk stekt ej panerad,2.2,g
1303,Ål ugnsstekt hemlagad,Alkohol,Fisk stekt ej panerad,0.0,g
1304,Abborre kokt m. salt,"Zink, Zn",Fisk färsk fryst kokt,0.8,mg
1304,Abborre kokt m. salt,Vitamin E,Fisk färsk fryst kokt,1.2,mg
1304,Abborre kokt m. salt,Vitamin D,Fisk färsk fryst kokt,27.92,µg
1304,Abborre kokt m. salt,Vitamin C,Fisk färsk fryst kokt,0.0,mg
1304,Abborre kokt m. salt,Vitamin B6,Fisk färsk fryst kokt,0.53,mg
1304,Abborre kokt m. salt,Vitamin B12,Fisk färsk fryst kokt,3.7,µg
1304,Abborre kokt m. salt,Vitamin A,Fisk färsk fryst kokt,25.1,RE/µg
1304,Abborre kokt m. salt,Vatten,Fisk färsk fryst kokt,64.1,g
1304,Abborre kokt m. salt,Tiamin,Fisk färsk fryst kokt,0.18,mg
1304,Abborre kokt m. salt,Tillsatt socker,Fisk färsk fryst kokt,0.0,g
1304,Abborre kokt m. salt,Fritt socker,Fisk färsk fryst kokt,0.0,g
1304,Abborre kokt m. salt,"Selen, Se",Fisk färsk fryst kokt,71.9,µg
1304,Abborre kokt m. salt,Sackaros,Fisk färsk fryst kokt,0.0,g
1304,Abborre kokt m. salt,Riboflavin,Fisk färsk fryst kokt,0.13,mg
1304,Abborre kokt m. salt,Retinol,Fisk färsk fryst kokt,25.1,µg
1304,Abborre kokt m. salt,Protein,Fisk färsk fryst kokt,32.3,g
1304,Abborre kokt m. salt,Summa fleromättade fettsyror,Fisk färsk fryst kokt,0.3,g
1304,Abborre kokt m. salt,"Fosfor, P",Fisk färsk fryst kokt,358.0,mg
1304,Abborre kokt m. salt,Niacinekvivalenter,Fisk färsk fryst kokt,14.51,NE/mg
1304,Abborre kokt m. salt,Niacin,Fisk färsk fryst kokt,8.56,mg
1304,Abborre kokt m. salt,"Salt, NaCl",Fisk färsk fryst kokt,1.2,g
1304,Abborre kokt m. salt,"Natrium, Na",Fisk färsk fryst kokt,456.0,mg
1304,Abborre kokt m. salt,Monosackarider,Fisk färsk fryst kokt,0.0,g
1304,Abborre kokt m. salt,"Sockerarter, totalt",Fisk färsk fryst kokt,0.0,g
1304,Abborre kokt m. salt,Summa enkelomättade fettsyror,Fisk färsk fryst kokt,0.2,g
1304,Abborre kokt m. salt,"Magnesium, Mg",Fisk färsk fryst kokt,44.0,mg
1304,Abborre kokt m. salt,Summa mättade fettsyror,Fisk färsk fryst kokt,0.2,g
1304,Abborre kokt m. salt,"Kolhydrater, tillgängliga",Fisk färsk fryst kokt,0.0,g
1304,Abborre kokt m. salt,Kolesterol,Fisk färsk fryst kokt,126.9,mg
1304,Abborre kokt m. salt,"Kalium, K",Fisk färsk fryst kokt,476.0,mg
1304,Abborre kokt m. salt,"Jod, I",Fisk färsk fryst kokt,63.9,µg
1304,Abborre kokt m. salt,Fullkorn totalt,Fisk färsk fryst kokt,0.0,g
1304,Abborre kokt m. salt,"Folat, totalt",Fisk färsk fryst kokt,16.1,µg
1304,Abborre kokt m. salt,Fibrer,Fisk färsk fryst kokt,0.0,g
1304,Abborre kokt m. salt,"Fett, totalt",Fisk färsk fryst kokt,1.0,g
1304,Abborre kokt m. salt,"Järn, Fe",Fisk färsk fryst kokt,0.4,mg
1304,Abborre kokt m. salt,Energi (kJ),Fisk färsk fryst kokt,585.0,kJ
1304,Abborre kokt m. salt,Energi (kcal),Fisk färsk fryst kokt,140.0,kcal
1304,Abborre kokt m. salt,Disackarider,Fisk färsk fryst kokt,0.0,g
1304,Abborre kokt m. salt,"Kalcium, Ca",Fisk färsk fryst kokt,27.0,mg
1304,Abborre kokt m. salt,Fettsyra 4:0-10:0,Fisk färsk fryst kokt,0.0,g
1304,Abborre kokt m. salt,DHA (C22:6),Fisk färsk fryst kokt,0.2,g
1304,Abborre kokt m. salt,DPA (C22:5),Fisk färsk fryst kokt,0.0,g
1304,Abborre kokt m. salt,EPA (C20:5),Fisk färsk fryst kokt,0.0,g
1304,Abborre kokt m. salt,Arakidonsyra C20:4,Fisk färsk fryst kokt,0.0,g
1304,Abborre kokt m. salt,Arakidinsyra C20:0,Fisk färsk fryst kokt,0.0,g
1304,Abborre kokt m. salt,Linolensyra C18:3,Fisk färsk fryst kokt,0.0,g
1304,Abborre kokt m. salt,Linolsyra C18:2,Fisk färsk fryst kokt,0.0,g
1304,Abborre kokt m. salt,Oljesyra C18:1,Fisk färsk fryst kokt,0.1,g
1304,Abborre kokt m. salt,Stearinsyra C18:0,Fisk färsk fryst kokt,0.0,g
1304,Abborre kokt m. salt,Palmitoljesyra C16:1,Fisk färsk fryst kokt,0.0,g
1304,Abborre kokt m. salt,Palmitinsyra C16:0,Fisk färsk fryst kokt,0.1,g
1304,Abborre kokt m. salt,Myristinsyra C14:0,Fisk färsk fryst kokt,0.0,g
1304,Abborre kokt m. salt,Laurinsyra C12:0,Fisk färsk fryst kokt,0.0,g
1304,Abborre kokt m. salt,Betakaroten/β-Karoten,Fisk färsk fryst kokt,0.0,µg
1304,Abborre kokt m. salt,Avfall (skal etc.),Fisk färsk fryst kokt,60.0,%
1304,Abborre kokt m. salt,Aska,Fisk färsk fryst kokt,2.6,g
1304,Abborre kokt m. salt,Alkohol,Fisk färsk fryst kokt,0.0,g
1305,Abborre filé panerad stekt,"Zink, Zn",Fisk o skaldjursprodukter o rätter,0.7,mg
1305,Abborre filé panerad stekt,Vitamin E,Fisk o skaldjursprodukter o rätter,3.2,mg
1305,Abborre filé panerad stekt,Vitamin D,Fisk o skaldjursprodukter o rätter,19.03,µg
1305,Abborre filé panerad stekt,Vitamin C,Fisk o skaldjursprodukter o rätter,0.1,mg
1305,Abborre filé panerad stekt,Vitamin B6,Fisk o skaldjursprodukter o rätter,0.4,mg
1305,Abborre filé panerad stekt,Vitamin B12,Fisk o skaldjursprodukter o rätter,2.1,µg
1305,Abborre filé panerad stekt,Vitamin A,Fisk o skaldjursprodukter o rätter,58.8,RE/µg
1305,Abborre filé panerad stekt,Vatten,Fisk o skaldjursprodukter o rätter,59.5,g
1305,Abborre filé panerad stekt,Tiamin,Fisk o skaldjursprodukter o rätter,0.14,mg
1305,Abborre filé panerad stekt,Tillsatt socker,Fisk o skaldjursprodukter o rätter,0.0,g
1305,Abborre filé panerad stekt,Fritt socker,Fisk o skaldjursprodukter o rätter,0.0,g
1305,Abborre filé panerad stekt,"Selen, Se",Fisk o skaldjursprodukter o rätter,47.9,µg
1305,Abborre filé panerad stekt,Sackaros,Fisk o skaldjursprodukter o rätter,0.0,g
1305,Abborre filé panerad stekt,Riboflavin,Fisk o skaldjursprodukter o rätter,0.14,mg
1305,Abborre filé panerad stekt,Retinol,Fisk o skaldjursprodukter o rätter,47.6,µg
1305,Abborre filé panerad stekt,Protein,Fisk o skaldjursprodukter o rätter,22.3,g
1305,Abborre filé panerad stekt,Summa fleromättade fettsyror,Fisk o skaldjursprodukter o rätter,2.5,g
1305,Abborre filé panerad stekt,"Fosfor, P",Fisk o skaldjursprodukter o rätter,255.0,mg
1305,Abborre filé panerad stekt,Niacinekvivalenter,Fisk o skaldjursprodukter o rätter,9.65,NE/mg
1305,Abborre filé panerad stekt,Niacin,Fisk o skaldjursprodukter o rätter,5.49,mg
1305,Abborre filé panerad stekt,"Salt, NaCl",Fisk o skaldjursprodukter o rätter,1.5,g
1305,Abborre filé panerad stekt,"Natrium, Na",Fisk o skaldjursprodukter o rätter,594.0,mg
1305,Abborre filé panerad stekt,Monosackarider,Fisk o skaldjursprodukter o rätter,0.1,g
1305,Abborre filé panerad stekt,"Sockerarter, totalt",Fisk o skaldjursprodukter o rätter,0.3,g
1305,Abborre filé panerad stekt,Summa enkelomättade fettsyror,Fisk o skaldjursprodukter o rätter,4.6,g
1305,Abborre filé panerad stekt,"Magnesium, Mg",Fisk o skaldjursprodukter o rätter,32.0,mg
1305,Abborre filé panerad stekt,Summa mättade fettsyror,Fisk o skaldjursprodukter o rätter,1.1,g
1305,Abborre filé panerad stekt,"Kolhydrater, tillgängliga",Fisk o skaldjursprodukter o rätter,6.3,g
1305,Abborre filé panerad stekt,Kolesterol,Fisk o skaldjursprodukter o rätter,111.4,mg
1305,Abborre filé panerad stekt,"Kalium, K",Fisk o skaldjursprodukter o rätter,371.0,mg
1305,Abborre filé panerad stekt,"Jod, I",Fisk o skaldjursprodukter o rätter,77.4,µg
1305,Abborre filé panerad stekt,Fullkorn totalt,Fisk o skaldjursprodukter o rätter,1.0,g
1305,Abborre filé panerad stekt,"Folat, totalt",Fisk o skaldjursprodukter o rätter,18.8,µg
1305,Abborre filé panerad stekt,Fibrer,Fisk o skaldjursprodukter o rätter,0.5,g
1305,Abborre filé panerad stekt,"Fett, totalt",Fisk o skaldjursprodukter o rätter,8.8,g
1305,Abborre filé panerad stekt,"Järn, Fe",Fisk o skaldjursprodukter o rätter,0.5,mg
1305,Abborre filé panerad stekt,Energi (kJ),Fisk o skaldjursprodukter o rätter,816.0,kJ
1305,Abborre filé panerad stekt,Energi (kcal),Fisk o skaldjursprodukter o rätter,195.0,kcal
1305,Abborre filé panerad stekt,Disackarider,Fisk o skaldjursprodukter o rätter,0.2,g
1305,Abborre filé panerad stekt,"Kalcium, Ca",Fisk o skaldjursprodukter o rätter,27.0,mg
1305,Abborre filé panerad stekt,Fettsyra 4:0-10:0,Fisk o skaldjursprodukter o rätter,0.0,g
1305,Abborre filé panerad stekt,DHA (C22:6),Fisk o skaldjursprodukter o rätter,0.1,g
1305,Abborre filé panerad stekt,DPA (C22:5),Fisk o skaldjursprodukter o rätter,0.0,g
1305,Abborre filé panerad stekt,EPA (C20:5),Fisk o skaldjursprodukter o rätter,0.0,g
1305,Abborre filé panerad stekt,Arakidonsyra C20:4,Fisk o skaldjursprodukter o rätter,0.0,g
1305,Abborre filé panerad stekt,Arakidinsyra C20:0,Fisk o skaldjursprodukter o rätter,0.0,g
1305,Abborre filé panerad stekt,Linolensyra C18:3,Fisk o skaldjursprodukter o rätter,0.5,g
1305,Abborre filé panerad stekt,Linolsyra C18:2,Fisk o skaldjursprodukter o rätter,1.7,g
1305,Abborre filé panerad stekt,Oljesyra C18:1,Fisk o skaldjursprodukter o rätter,4.4,g
1305,Abborre filé panerad stekt,Stearinsyra C18:0,Fisk o skaldjursprodukter o rätter,0.2,g
1305,Abborre filé panerad stekt,Palmitoljesyra C16:1,Fisk o skaldjursprodukter o rätter,0.1,g
1305,Abborre filé panerad stekt,Palmitinsyra C16:0,Fisk o skaldjursprodukter o rätter,0.7,g
1305,Abborre filé panerad stekt,Myristinsyra C14:0,Fisk o skaldjursprodukter o rätter,0.0,g
1305,Abborre filé panerad stekt,Laurinsyra C12:0,Fisk o skaldjursprodukter o rätter,0.0,g
1305,Abborre filé panerad stekt,Betakaroten/β-Karoten,Fisk o skaldjursprodukter o rätter,9.0,µg
1305,Abborre filé panerad stekt,Avfall (skal etc.),Fisk o skaldjursprodukter o rätter,48.0,%
1305,Abborre filé panerad stekt,Aska,Fisk o skaldjursprodukter o rätter,2.5,g
1305,Abborre filé panerad stekt,Alkohol,Fisk o skaldjursprodukter o rätter,0.0,g
1306,Fisk friterad,"Zink, Zn",Fisk o skaldjursprodukter o rätter,0.4,mg
1306,Fisk friterad,Vitamin E,Fisk o skaldjursprodukter o rätter,4.6,mg
1306,Fisk friterad,Vitamin D,Fisk o skaldjursprodukter o rätter,2.76,µg
1306,Fisk friterad,Vitamin C,Fisk o skaldjursprodukter o rätter,1.5,mg
1306,Fisk friterad,Vitamin B6,Fisk o skaldjursprodukter o rätter,0.16,mg
1306,Fisk friterad,Vitamin B12,Fisk o skaldjursprodukter o rätter,1.48,µg
1306,Fisk friterad,Vitamin A,Fisk o skaldjursprodukter o rätter,2.5,RE/µg
1306,Fisk friterad,Vatten,Fisk o skaldjursprodukter o rätter,59.0,g
1306,Fisk friterad,Tiamin,Fisk o skaldjursprodukter o rätter,0.14,mg
1306,Fisk friterad,Tillsatt socker,Fisk o skaldjursprodukter o rätter,0.0,g
1306,Fisk friterad,Fritt socker,Fisk o skaldjursprodukter o rätter,0.0,g
1306,Fisk friterad,"Selen, Se",Fisk o skaldjursprodukter o rätter,17.7,µg
1306,Fisk friterad,Sackaros,Fisk o skaldjursprodukter o rätter,0.0,g
1306,Fisk friterad,Riboflavin,Fisk o skaldjursprodukter o rätter,0.06,mg
1306,Fisk friterad,Retinol,Fisk o skaldjursprodukter o rätter,2.4,µg
1306,Fisk friterad,Protein,Fisk o skaldjursprodukter o rätter,15.4,g
1306,Fisk friterad,Summa fleromättade fettsyror,Fisk o skaldjursprodukter o rätter,5.1,g
1306,Fisk friterad,"Fosfor, P",Fisk o skaldjursprodukter o rätter,175.0,mg
1306,Fisk friterad,Niacinekvivalenter,Fisk o skaldjursprodukter o rätter,6.47,NE/mg
1306,Fisk friterad,Niacin,Fisk o skaldjursprodukter o rätter,3.74,mg
1306,Fisk friterad,"Salt, NaCl",Fisk o skaldjursprodukter o rätter,1.3,g
1306,Fisk friterad,"Natrium, Na",Fisk o skaldjursprodukter o rätter,503.0,mg
1306,Fisk friterad,Monosackarider,Fisk o skaldjursprodukter o rätter,0.1,g
1306,Fisk friterad,"Sockerarter, totalt",Fisk o skaldjursprodukter o rätter,0.4,g
1306,Fisk friterad,Summa enkelomättade fettsyror,Fisk o skaldjursprodukter o rätter,3.9,g
1306,Fisk friterad,"Magnesium, Mg",Fisk o skaldjursprodukter o rätter,24.0,mg
1306,Fisk friterad,Summa mättade fettsyror,Fisk o skaldjursprodukter o rätter,1.4,g
1306,Fisk friterad,"Kolhydrater, tillgängliga",Fisk o skaldjursprodukter o rätter,12.0,g
1306,Fisk friterad,Kolesterol,Fisk o skaldjursprodukter o rätter,37.3,mg
1306,Fisk friterad,"Kalium, K",Fisk o skaldjursprodukter o rätter,239.0,mg
1306,Fisk friterad,"Jod, I",Fisk o skaldjursprodukter o rätter,106.3,µg
1306,Fisk friterad,Fullkorn totalt,Fisk o skaldjursprodukter o rätter,0.0,g
1306,Fisk friterad,"Folat, totalt",Fisk o skaldjursprodukter o rätter,8.1,µg
1306,Fisk friterad,Fibrer,Fisk o skaldjursprodukter o rätter,0.6,g
1306,Fisk friterad,"Fett, totalt",Fisk o skaldjursprodukter o rätter,11.2,g
1306,Fisk friterad,"Järn, Fe",Fisk o skaldjursprodukter o rätter,0.2,mg
1306,Fisk friterad,Energi (kJ),Fisk o skaldjursprodukter o rätter,886.0,kJ
1306,Fisk friterad,Energi (kcal),Fisk o skaldjursprodukter o rätter,212.0,kcal
1306,Fisk friterad,Disackarider,Fisk o skaldjursprodukter o rätter,0.3,g
1306,Fisk friterad,"Kalcium, Ca",Fisk o skaldjursprodukter o rätter,14.0,mg
1306,Fisk friterad,Fettsyra 4:0-10:0,Fisk o skaldjursprodukter o rätter,0.0,g
1306,Fisk friterad,DHA (C22:6),Fisk o skaldjursprodukter o rätter,0.2,g
1306,Fisk friterad,DPA (C22:5),Fisk o skaldjursprodukter o rätter,0.0,g
1306,Fisk friterad,EPA (C20:5),Fisk o skaldjursprodukter o rätter,0.1,g
1306,Fisk friterad,Arakidonsyra C20:4,Fisk o skaldjursprodukter o rätter,0.0,g
1306,Fisk friterad,Arakidinsyra C20:0,Fisk o skaldjursprodukter o rätter,0.0,g
1306,Fisk friterad,Linolensyra C18:3,Fisk o skaldjursprodukter o rätter,0.3,g
1306,Fisk friterad,Linolsyra C18:2,Fisk o skaldjursprodukter o rätter,4.3,g
1306,Fisk friterad,Oljesyra C18:1,Fisk o skaldjursprodukter o rätter,3.5,g
1306,Fisk friterad,Stearinsyra C18:0,Fisk o skaldjursprodukter o rätter,0.3,g
1306,Fisk friterad,Palmitoljesyra C16:1,Fisk o skaldjursprodukter o rätter,0.1,g
1306,Fisk friterad,Palmitinsyra C16:0,Fisk o skaldjursprodukter o rätter,0.9,g
1306,Fisk friterad,Myristinsyra C14:0,Fisk o skaldjursprodukter o rätter,0.1,g
1306,Fisk friterad,Laurinsyra C12:0,Fisk o skaldjursprodukter o rätter,0.0,g
1306,Fisk friterad,Betakaroten/β-Karoten,Fisk o skaldjursprodukter o rätter,1.0,µg
1306,Fisk friterad,Avfall (skal etc.),Fisk o skaldjursprodukter o rätter,18.0,%
1306,Fisk friterad,Aska,Fisk o skaldjursprodukter o rätter,2.1,g
1306,Fisk friterad,Alkohol,Fisk o skaldjursprodukter o rätter,0.02,g
1308,Regnbågslax inkokt m. salt,"Zink, Zn",Fisk färsk fryst kokt,0.5,mg
1308,Regnbågslax inkokt m. salt,Vitamin E,Fisk färsk fryst kokt,2.3,mg
1308,Regnbågslax inkokt m. salt,Vitamin D,Fisk färsk fryst kokt,12.98,µg
1308,Regnbågslax inkokt m. salt,Vitamin C,Fisk färsk fryst kokt,0.0,mg
1308,Regnbågslax inkokt m. salt,Vitamin B6,Fisk färsk fryst kokt,0.58,mg
1308,Regnbågslax inkokt m. salt,Vitamin B12,Fisk färsk fryst kokt,3.88,µg
1308,Regnbågslax inkokt m. salt,Vitamin A,Fisk färsk fryst kokt,35.8,RE/µg
1308,Regnbågslax inkokt m. salt,Vatten,Fisk färsk fryst kokt,64.0,g
1308,Regnbågslax inkokt m. salt,Tiamin,Fisk färsk fryst kokt,0.07,mg
1308,Regnbågslax inkokt m. salt,Tillsatt socker,Fisk färsk fryst kokt,0.0,g
1308,Regnbågslax inkokt m. salt,Fritt socker,Fisk färsk fryst kokt,0.0,g
1308,Regnbågslax inkokt m. salt,"Selen, Se",Fisk färsk fryst kokt,31.0,µg
1308,Regnbågslax inkokt m. salt,Sackaros,Fisk färsk fryst kokt,0.0,g
1308,Regnbågslax inkokt m. salt,Riboflavin,Fisk färsk fryst kokt,0.17,mg
1308,Regnbågslax inkokt m. salt,Retinol,Fisk färsk fryst kokt,35.8,µg
1308,Regnbågslax inkokt m. salt,Protein,Fisk färsk fryst kokt,22.2,g
1308,Regnbågslax inkokt m. salt,Summa fleromättade fettsyror,Fisk färsk fryst kokt,4.3,g
1308,Regnbågslax inkokt m. salt,"Fosfor, P",Fisk färsk fryst kokt,293.0,mg
1308,Regnbågslax inkokt m. salt,Niacinekvivalenter,Fisk färsk fryst kokt,14.09,NE/mg
1308,Regnbågslax inkokt m. salt,Niacin,Fisk färsk fryst kokt,10.02,mg
1308,Regnbågslax inkokt m. salt,"Salt, NaCl",Fisk färsk fryst kokt,1.0,g
1308,Regnbågslax inkokt m. salt,"Natrium, Na",Fisk färsk fryst kokt,429.0,mg
1308,Regnbågslax inkokt m. salt,Monosackarider,Fisk färsk fryst kokt,0.0,g
1308,Regnbågslax inkokt m. salt,"Sockerarter, totalt",Fisk färsk fryst kokt,0.0,g
1308,Regnbågslax inkokt m. salt,Summa enkelomättade fettsyror,Fisk färsk fryst kokt,3.4,g
1308,Regnbågslax inkokt m. salt,"Magnesium, Mg",Fisk färsk fryst kokt,30.0,mg
1308,Regnbågslax inkokt m. salt,Summa mättade fettsyror,Fisk färsk fryst kokt,2.6,g
1308,Regnbågslax inkokt m. salt,"Kolhydrater, tillgängliga",Fisk färsk fryst kokt,0.0,g
1308,Regnbågslax inkokt m. salt,Kolesterol,Fisk färsk fryst kokt,65.6,mg
1308,Regnbågslax inkokt m. salt,"Kalium, K",Fisk färsk fryst kokt,376.0,mg
1308,Regnbågslax inkokt m. salt,"Jod, I",Fisk färsk fryst kokt,54.3,µg
1308,Regnbågslax inkokt m. salt,Fullkorn totalt,Fisk färsk fryst kokt,0.0,g
1308,Regnbågslax inkokt m. salt,"Folat, totalt",Fisk färsk fryst kokt,26.4,µg
1308,Regnbågslax inkokt m. salt,Fibrer,Fisk färsk fryst kokt,0.0,g
1308,Regnbågslax inkokt m. salt,"Fett, totalt",Fisk färsk fryst kokt,11.5,g
1308,Regnbågslax inkokt m. salt,"Järn, Fe",Fisk färsk fryst kokt,0.5,mg
1308,Regnbågslax inkokt m. salt,Energi (kJ),Fisk färsk fryst kokt,800.0,kJ
1308,Regnbågslax inkokt m. salt,Energi (kcal),Fisk färsk fryst kokt,191.0,kcal
1308,Regnbågslax inkokt m. salt,Disackarider,Fisk färsk fryst kokt,0.0,g
1308,Regnbågslax inkokt m. salt,"Kalcium, Ca",Fisk färsk fryst kokt,84.0,mg
1308,Regnbågslax inkokt m. salt,Fettsyra 4:0-10:0,Fisk färsk fryst kokt,0.0,g
1308,Regnbågslax inkokt m. salt,DHA (C22:6),Fisk färsk fryst kokt,2.1,g
1308,Regnbågslax inkokt m. salt,DPA (C22:5),Fisk färsk fryst kokt,0.2,g
1308,Regnbågslax inkokt m. salt,EPA (C20:5),Fisk färsk fryst kokt,0.7,g
1308,Regnbågslax inkokt m. salt,Arakidonsyra C20:4,Fisk färsk fryst kokt,0.1,g
1308,Regnbågslax inkokt m. salt,Arakidinsyra C20:0,Fisk färsk fryst kokt,0.0,g
1308,Regnbågslax inkokt m. salt,Linolensyra C18:3,Fisk färsk fryst kokt,0.2,g
1308,Regnbågslax inkokt m. salt,Linolsyra C18:2,Fisk färsk fryst kokt,0.5,g
1308,Regnbågslax inkokt m. salt,Oljesyra C18:1,Fisk färsk fryst kokt,2.1,g
1308,Regnbågslax inkokt m. salt,Stearinsyra C18:0,Fisk färsk fryst kokt,0.4,g
1308,Regnbågslax inkokt m. salt,Palmitoljesyra C16:1,Fisk färsk fryst kokt,0.7,g
1308,Regnbågslax inkokt m. salt,Palmitinsyra C16:0,Fisk färsk fryst kokt,1.8,g
1308,Regnbågslax inkokt m. salt,Myristinsyra C14:0,Fisk färsk fryst kokt,0.3,g
1308,Regnbågslax inkokt m. salt,Laurinsyra C12:0,Fisk färsk fryst kokt,0.0,g
1308,Regnbågslax inkokt m. salt,Betakaroten/β-Karoten,Fisk färsk fryst kokt,0.0,µg
1308,Regnbågslax inkokt m. salt,Avfall (skal etc.),Fisk färsk fryst kokt,38.0,%
1308,Regnbågslax inkokt m. salt,Aska,Fisk färsk fryst kokt,2.4,g
1308,Regnbågslax inkokt m. salt,Alkohol,Fisk färsk fryst kokt,0.0,g
1309,Regnbågslax panerad stekt,"Zink, Zn",Fisk o skaldjursprodukter o rätter,0.6,mg
1309,Regnbågslax panerad stekt,Vitamin E,Fisk o skaldjursprodukter o rätter,4.0,mg
1309,Regnbågslax panerad stekt,Vitamin D,Fisk o skaldjursprodukter o rätter,11.09,µg
1309,Regnbågslax panerad stekt,Vitamin C,Fisk o skaldjursprodukter o rätter,0.1,mg
1309,Regnbågslax panerad stekt,Vitamin B6,Fisk o skaldjursprodukter o rätter,0.53,mg
1309,Regnbågslax panerad stekt,Vitamin B12,Fisk o skaldjursprodukter o rätter,2.67,µg
1309,Regnbågslax panerad stekt,Vitamin A,Fisk o skaldjursprodukter o rätter,66.9,RE/µg
1309,Regnbågslax panerad stekt,Vatten,Fisk o skaldjursprodukter o rätter,57.6,g
1309,Regnbågslax panerad stekt,Tiamin,Fisk o skaldjursprodukter o rätter,0.08,mg
1309,Regnbågslax panerad stekt,Tillsatt socker,Fisk o skaldjursprodukter o rätter,0.0,g
1309,Regnbågslax panerad stekt,Fritt socker,Fisk o skaldjursprodukter o rätter,0.0,g
1309,Regnbågslax panerad stekt,"Selen, Se",Fisk o skaldjursprodukter o rätter,26.6,µg
1309,Regnbågslax panerad stekt,Sackaros,Fisk o skaldjursprodukter o rätter,0.0,g
1309,Regnbågslax panerad stekt,Riboflavin,Fisk o skaldjursprodukter o rätter,0.2,mg
1309,Regnbågslax panerad stekt,Retinol,Fisk o skaldjursprodukter o rätter,56.7,µg
1309,Regnbågslax panerad stekt,Protein,Fisk o skaldjursprodukter o rätter,19.1,g
1309,Regnbågslax panerad stekt,Summa fleromättade fettsyror,Fisk o skaldjursprodukter o rätter,4.7,g
1309,Regnbågslax panerad stekt,"Fosfor, P",Fisk o skaldjursprodukter o rätter,256.0,mg
1309,Regnbågslax panerad stekt,Niacinekvivalenter,Fisk o skaldjursprodukter o rätter,11.46,NE/mg
1309,Regnbågslax panerad stekt,Niacin,Fisk o skaldjursprodukter o rätter,7.9,mg
1309,Regnbågslax panerad stekt,"Salt, NaCl",Fisk o skaldjursprodukter o rätter,1.4,g
1309,Regnbågslax panerad stekt,"Natrium, Na",Fisk o skaldjursprodukter o rätter,557.0,mg
1309,Regnbågslax panerad stekt,Monosackarider,Fisk o skaldjursprodukter o rätter,0.1,g
1309,Regnbågslax panerad stekt,"Sockerarter, totalt",Fisk o skaldjursprodukter o rätter,0.3,g
1309,Regnbågslax panerad stekt,Summa enkelomättade fettsyror,Fisk o skaldjursprodukter o rätter,6.2,g
1309,Regnbågslax panerad stekt,"Magnesium, Mg",Fisk o skaldjursprodukter o rätter,28.0,mg
1309,Regnbågslax panerad stekt,Summa mättade fettsyror,Fisk o skaldjursprodukter o rätter,2.5,g
1309,Regnbågslax panerad stekt,"Kolhydrater, tillgängliga",Fisk o skaldjursprodukter o rätter,5.7,g
1309,Regnbågslax panerad stekt,Kolesterol,Fisk o skaldjursprodukter o rätter,69.6,mg
1309,Regnbågslax panerad stekt,"Kalium, K",Fisk o skaldjursprodukter o rätter,361.0,mg
1309,Regnbågslax panerad stekt,"Jod, I",Fisk o skaldjursprodukter o rätter,68.9,µg
1309,Regnbågslax panerad stekt,Fullkorn totalt,Fisk o skaldjursprodukter o rätter,1.0,g
1309,Regnbågslax panerad stekt,"Folat, totalt",Fisk o skaldjursprodukter o rätter,27.8,µg
1309,Regnbågslax panerad stekt,Fibrer,Fisk o skaldjursprodukter o rätter,0.5,g
1309,Regnbågslax panerad stekt,"Fett, totalt",Fisk o skaldjursprodukter o rätter,14.6,g
1309,Regnbågslax panerad stekt,"Järn, Fe",Fisk o skaldjursprodukter o rätter,0.6,mg
1309,Regnbågslax panerad stekt,Energi (kJ),Fisk o skaldjursprodukter o rätter,964.0,kJ
1309,Regnbågslax panerad stekt,Energi (kcal),Fisk o skaldjursprodukter o rätter,230.0,kcal
1309,Regnbågslax panerad stekt,Disackarider,Fisk o skaldjursprodukter o rätter,0.2,g
1309,Regnbågslax panerad stekt,"Kalcium, Ca",Fisk o skaldjursprodukter o rätter,74.0,mg
1309,Regnbågslax panerad stekt,Fettsyra 4:0-10:0,Fisk o skaldjursprodukter o rätter,0.0,g
1309,Regnbågslax panerad stekt,DHA (C22:6),Fisk o skaldjursprodukter o rätter,1.3,g
1309,Regnbågslax panerad stekt,DPA (C22:5),Fisk o skaldjursprodukter o rätter,0.1,g
1309,Regnbågslax panerad stekt,EPA (C20:5),Fisk o skaldjursprodukter o rätter,0.4,g
1309,Regnbågslax panerad stekt,Arakidonsyra C20:4,Fisk o skaldjursprodukter o rätter,0.1,g
1309,Regnbågslax panerad stekt,Arakidinsyra C20:0,Fisk o skaldjursprodukter o rätter,0.0,g
1309,Regnbågslax panerad stekt,Linolensyra C18:3,Fisk o skaldjursprodukter o rätter,0.6,g
1309,Regnbågslax panerad stekt,Linolsyra C18:2,Fisk o skaldjursprodukter o rätter,1.9,g
1309,Regnbågslax panerad stekt,Oljesyra C18:1,Fisk o skaldjursprodukter o rätter,5.2,g
1309,Regnbågslax panerad stekt,Stearinsyra C18:0,Fisk o skaldjursprodukter o rätter,0.4,g
1309,Regnbågslax panerad stekt,Palmitoljesyra C16:1,Fisk o skaldjursprodukter o rätter,0.5,g
1309,Regnbågslax panerad stekt,Palmitinsyra C16:0,Fisk o skaldjursprodukter o rätter,1.7,g
1309,Regnbågslax panerad stekt,Myristinsyra C14:0,Fisk o skaldjursprodukter o rätter,0.2,g
1309,Regnbågslax panerad stekt,Laurinsyra C12:0,Fisk o skaldjursprodukter o rätter,0.0,g
1309,Regnbågslax panerad stekt,Betakaroten/β-Karoten,Fisk o skaldjursprodukter o rätter,8.0,µg
1309,Regnbågslax panerad stekt,Avfall (skal etc.),Fisk o skaldjursprodukter o rätter,31.0,%
1309,Regnbågslax panerad stekt,Aska,Fisk o skaldjursprodukter o rätter,2.5,g
1309,Regnbågslax panerad stekt,Alkohol,Fisk o skaldjursprodukter o rätter,0.0,g
1310,Gädda kokt m. salt,"Zink, Zn",Fisk färsk fryst kokt,1.3,mg
1310,Gädda kokt m. salt,Vitamin E,Fisk färsk fryst kokt,0.8,mg
1310,Gädda kokt m. salt,Vitamin D,Fisk färsk fryst kokt,6.91,µg
1310,Gädda kokt m. salt,Vitamin C,Fisk färsk fryst kokt,0.0,mg
1310,Gädda kokt m. salt,Vitamin B6,Fisk färsk fryst kokt,0.34,mg
1310,Gädda kokt m. salt,Vitamin B12,Fisk färsk fryst kokt,1.87,µg
1310,Gädda kokt m. salt,Vitamin A,Fisk färsk fryst kokt,0.0,RE/µg
1310,Gädda kokt m. salt,Vatten,Fisk färsk fryst kokt,63.7,g
1310,Gädda kokt m. salt,Tiamin,Fisk färsk fryst kokt,0.06,mg
1310,Gädda kokt m. salt,Tillsatt socker,Fisk färsk fryst kokt,0.0,g
1310,Gädda kokt m. salt,Fritt socker,Fisk färsk fryst kokt,0.0,g
1310,Gädda kokt m. salt,"Selen, Se",Fisk färsk fryst kokt,32.0,µg
1310,Gädda kokt m. salt,Sackaros,Fisk färsk fryst kokt,0.0,g
1310,Gädda kokt m. salt,Riboflavin,Fisk färsk fryst kokt,0.05,mg
1310,Gädda kokt m. salt,Retinol,Fisk färsk fryst kokt,0.0,µg
1310,Gädda kokt m. salt,Protein,Fisk färsk fryst kokt,32.9,g
1310,Gädda kokt m. salt,Summa fleromättade fettsyror,Fisk färsk fryst kokt,0.2,g
1310,Gädda kokt m. salt,"Fosfor, P",Fisk färsk fryst kokt,389.0,mg
1310,Gädda kokt m. salt,Niacinekvivalenter,Fisk färsk fryst kokt,10.9,NE/mg
1310,Gädda kokt m. salt,Niacin,Fisk färsk fryst kokt,4.91,mg
1310,Gädda kokt m. salt,"Salt, NaCl",Fisk färsk fryst kokt,1.2,g
1310,Gädda kokt m. salt,"Natrium, Na",Fisk färsk fryst kokt,472.0,mg
1310,Gädda kokt m. salt,Monosackarider,Fisk färsk fryst kokt,0.0,g
1310,Gädda kokt m. salt,"Sockerarter, totalt",Fisk färsk fryst kokt,0.0,g
1310,Gädda kokt m. salt,Summa enkelomättade fettsyror,Fisk färsk fryst kokt,0.0,g
1310,Gädda kokt m. salt,"Magnesium, Mg",Fisk färsk fryst kokt,48.0,mg
1310,Gädda kokt m. salt,Summa mättade fettsyror,Fisk färsk fryst kokt,0.0,g
1310,Gädda kokt m. salt,"Kolhydrater, tillgängliga",Fisk färsk fryst kokt,0.0,g
1310,Gädda kokt m. salt,Kolesterol,Fisk färsk fryst kokt,76.0,mg
1310,Gädda kokt m. salt,"Kalium, K",Fisk färsk fryst kokt,565.0,mg
1310,Gädda kokt m. salt,"Jod, I",Fisk färsk fryst kokt,70.2,µg
1310,Gädda kokt m. salt,Fullkorn totalt,Fisk färsk fryst kokt,0.0,g
1310,Gädda kokt m. salt,"Folat, totalt",Fisk färsk fryst kokt,13.8,µg
1310,Gädda kokt m. salt,Fibrer,Fisk färsk fryst kokt,0.0,g
1310,Gädda kokt m. salt,"Fett, totalt",Fisk färsk fryst kokt,0.4,g
1310,Gädda kokt m. salt,"Järn, Fe",Fisk färsk fryst kokt,0.3,mg
1310,Gädda kokt m. salt,Energi (kJ),Fisk färsk fryst kokt,574.0,kJ
1310,Gädda kokt m. salt,Energi (kcal),Fisk färsk fryst kokt,137.0,kcal
1310,Gädda kokt m. salt,Disackarider,Fisk färsk fryst kokt,0.0,g
1310,Gädda kokt m. salt,"Kalcium, Ca",Fisk färsk fryst kokt,79.0,mg
1310,Gädda kokt m. salt,Fettsyra 4:0-10:0,Fisk färsk fryst kokt,0.0,g
1310,Gädda kokt m. salt,DHA (C22:6),Fisk färsk fryst kokt,0.1,g
1310,Gädda kokt m. salt,DPA (C22:5),Fisk färsk fryst kokt,0.0,g
1310,Gädda kokt m. salt,EPA (C20:5),Fisk färsk fryst kokt,0.0,g
1310,Gädda kokt m. salt,Arakidonsyra C20:4,Fisk färsk fryst kokt,0.0,g
1310,Gädda kokt m. salt,Arakidinsyra C20:0,Fisk färsk fryst kokt,0.0,g
1310,Gädda kokt m. salt,Linolensyra C18:3,Fisk färsk fryst kokt,0.0,g
1310,Gädda kokt m. salt,Linolsyra C18:2,Fisk färsk fryst kokt,0.0,g
1310,Gädda kokt m. salt,Oljesyra C18:1,Fisk färsk fryst kokt,0.0,g
1310,Gädda kokt m. salt,Stearinsyra C18:0,Fisk färsk fryst kokt,0.0,g
1310,Gädda kokt m. salt,Palmitoljesyra C16:1,Fisk färsk fryst kokt,0.0,g
1310,Gädda kokt m. salt,Palmitinsyra C16:0,Fisk färsk fryst kokt,0.0,g
1310,Gädda kokt m. salt,Myristinsyra C14:0,Fisk färsk fryst kokt,0.0,g
1310,Gädda kokt m. salt,Laurinsyra C12:0,Fisk färsk fryst kokt,0.0,g
1310,Gädda kokt m. salt,Betakaroten/β-Karoten,Fisk färsk fryst kokt,0.0,µg
1310,Gädda kokt m. salt,Avfall (skal etc.),Fisk färsk fryst kokt,47.0,%
1310,Gädda kokt m. salt,Aska,Fisk färsk fryst kokt,3.0,g
1310,Gädda kokt m. salt,Alkohol,Fisk färsk fryst kokt,0.0,g
1311,Gädda panerad stekt,"Zink, Zn",Fisk o skaldjursprodukter o rätter,1.0,mg
1311,Gädda panerad stekt,Vitamin E,Fisk o skaldjursprodukter o rätter,2.9,mg
1311,Gädda panerad stekt,Vitamin D,Fisk o skaldjursprodukter o rätter,5.01,µg
1311,Gädda panerad stekt,Vitamin C,Fisk o skaldjursprodukter o rätter,0.1,mg
1311,Gädda panerad stekt,Vitamin B6,Fisk o skaldjursprodukter o rätter,0.26,mg
1311,Gädda panerad stekt,Vitamin B12,Fisk o skaldjursprodukter o rätter,1.13,µg
1311,Gädda panerad stekt,Vitamin A,Fisk o skaldjursprodukter o rätter,43.0,RE/µg
1311,Gädda panerad stekt,Vatten,Fisk o skaldjursprodukter o rätter,59.2,g
1311,Gädda panerad stekt,Tiamin,Fisk o skaldjursprodukter o rätter,0.06,mg
1311,Gädda panerad stekt,Tillsatt socker,Fisk o skaldjursprodukter o rätter,0.0,g
1311,Gädda panerad stekt,Fritt socker,Fisk o skaldjursprodukter o rätter,0.0,g
1311,Gädda panerad stekt,"Selen, Se",Fisk o skaldjursprodukter o rätter,22.8,µg
1311,Gädda panerad stekt,Sackaros,Fisk o skaldjursprodukter o rätter,0.0,g
1311,Gädda panerad stekt,Riboflavin,Fisk o skaldjursprodukter o rätter,0.08,mg
1311,Gädda panerad stekt,Retinol,Fisk o skaldjursprodukter o rätter,31.8,µg
1311,Gädda panerad stekt,Protein,Fisk o skaldjursprodukter o rätter,22.6,g
1311,Gädda panerad stekt,Summa fleromättade fettsyror,Fisk o skaldjursprodukter o rätter,2.4,g
1311,Gädda panerad stekt,"Fosfor, P",Fisk o skaldjursprodukter o rätter,275.0,mg
1311,Gädda panerad stekt,Niacinekvivalenter,Fisk o skaldjursprodukter o rätter,7.39,NE/mg
1311,Gädda panerad stekt,Niacin,Fisk o skaldjursprodukter o rätter,3.2,mg
1311,Gädda panerad stekt,"Salt, NaCl",Fisk o skaldjursprodukter o rätter,1.5,g
1311,Gädda panerad stekt,"Natrium, Na",Fisk o skaldjursprodukter o rätter,605.0,mg
1311,Gädda panerad stekt,Monosackarider,Fisk o skaldjursprodukter o rätter,0.1,g
1311,Gädda panerad stekt,"Sockerarter, totalt",Fisk o skaldjursprodukter o rätter,0.3,g
1311,Gädda panerad stekt,Summa enkelomättade fettsyror,Fisk o skaldjursprodukter o rätter,4.5,g
1311,Gädda panerad stekt,"Magnesium, Mg",Fisk o skaldjursprodukter o rätter,35.0,mg
1311,Gädda panerad stekt,Summa mättade fettsyror,Fisk o skaldjursprodukter o rätter,1.0,g
1311,Gädda panerad stekt,"Kolhydrater, tillgängliga",Fisk o skaldjursprodukter o rätter,6.3,g
1311,Gädda panerad stekt,Kolesterol,Fisk o skaldjursprodukter o rätter,79.4,mg
1311,Gädda panerad stekt,"Kalium, K",Fisk o skaldjursprodukter o rätter,435.0,mg
1311,Gädda panerad stekt,"Jod, I",Fisk o skaldjursprodukter o rätter,81.4,µg
1311,Gädda panerad stekt,Fullkorn totalt,Fisk o skaldjursprodukter o rätter,1.0,g
1311,Gädda panerad stekt,"Folat, totalt",Fisk o skaldjursprodukter o rätter,17.5,µg
1311,Gädda panerad stekt,Fibrer,Fisk o skaldjursprodukter o rätter,0.5,g
1311,Gädda panerad stekt,"Fett, totalt",Fisk o skaldjursprodukter o rätter,8.4,g
1311,Gädda panerad stekt,"Järn, Fe",Fisk o skaldjursprodukter o rätter,0.5,mg
1311,Gädda panerad stekt,Energi (kJ),Fisk o skaldjursprodukter o rätter,809.0,kJ
1311,Gädda panerad stekt,Energi (kcal),Fisk o skaldjursprodukter o rätter,193.0,kcal
1311,Gädda panerad stekt,Disackarider,Fisk o skaldjursprodukter o rätter,0.2,g
1311,Gädda panerad stekt,"Kalcium, Ca",Fisk o skaldjursprodukter o rätter,59.0,mg
1311,Gädda panerad stekt,Fettsyra 4:0-10:0,Fisk o skaldjursprodukter o rätter,0.0,g
1311,Gädda panerad stekt,DHA (C22:6),Fisk o skaldjursprodukter o rätter,0.1,g
1311,Gädda panerad stekt,DPA (C22:5),Fisk o skaldjursprodukter o rätter,0.0,g
1311,Gädda panerad stekt,EPA (C20:5),Fisk o skaldjursprodukter o rätter,0.0,g
1311,Gädda panerad stekt,Arakidonsyra C20:4,Fisk o skaldjursprodukter o rätter,0.0,g
1311,Gädda panerad stekt,Arakidinsyra C20:0,Fisk o skaldjursprodukter o rätter,0.0,g
1311,Gädda panerad stekt,Linolensyra C18:3,Fisk o skaldjursprodukter o rätter,0.5,g
1311,Gädda panerad stekt,Linolsyra C18:2,Fisk o skaldjursprodukter o rätter,1.7,g
1311,Gädda panerad stekt,Oljesyra C18:1,Fisk o skaldjursprodukter o rätter,4.3,g
1311,Gädda panerad stekt,Stearinsyra C18:0,Fisk o skaldjursprodukter o rätter,0.2,g
1311,Gädda panerad stekt,Palmitoljesyra C16:1,Fisk o skaldjursprodukter o rätter,0.1,g
1311,Gädda panerad stekt,Palmitinsyra C16:0,Fisk o skaldjursprodukter o rätter,0.7,g
1311,Gädda panerad stekt,Myristinsyra C14:0,Fisk o skaldjursprodukter o rätter,0.0,g
1311,Gädda panerad stekt,Laurinsyra C12:0,Fisk o skaldjursprodukter o rätter,0.0,g
1311,Gädda panerad stekt,Betakaroten/β-Karoten,Fisk o skaldjursprodukter o rätter,9.0,µg
1311,Gädda panerad stekt,Avfall (skal etc.),Fisk o skaldjursprodukter o rätter,38.0,%
1311,Gädda panerad stekt,Aska,Fisk o skaldjursprodukter o rätter,2.7,g
1311,Gädda panerad stekt,Alkohol,Fisk o skaldjursprodukter o rätter,0.0,g
1312,Hälleflundra kokt m. salt,"Zink, Zn",Fisk färsk fryst kokt,0.4,mg
1312,Hälleflundra kokt m. salt,Vitamin E,Fisk färsk fryst kokt,3.1,mg
1312,Hälleflundra kokt m. salt,Vitamin D inkl 25-OH-D3,Fisk färsk fryst kokt,11.38,µg
1312,Hälleflundra kokt m. salt,Vitamin D,Fisk färsk fryst kokt,9.1,µg
1312,Hälleflundra kokt m. salt,Vitamin C,Fisk färsk fryst kokt,0.0,mg
1312,Hälleflundra kokt m. salt,Vitamin B6,Fisk färsk fryst kokt,0.23,mg
1312,Hälleflundra kokt m. salt,Vitamin B12,Fisk färsk fryst kokt,0.57,µg
1312,Hälleflundra kokt m. salt,Vitamin A,Fisk färsk fryst kokt,16.3,RE/µg
1312,Hälleflundra kokt m. salt,Vatten,Fisk färsk fryst kokt,69.0,g
1312,Hälleflundra kokt m. salt,Tiamin,Fisk färsk fryst kokt,0.03,mg
1312,Hälleflundra kokt m. salt,Tillsatt socker,Fisk färsk fryst kokt,0.0,g
1312,Hälleflundra kokt m. salt,Fritt socker,Fisk färsk fryst kokt,0.0,g
1312,Hälleflundra kokt m. salt,"Selen, Se",Fisk färsk fryst kokt,72.6,µg
1312,Hälleflundra kokt m. salt,Sackaros,Fisk färsk fryst kokt,0.0,g
1312,Hälleflundra kokt m. salt,Riboflavin,Fisk färsk fryst kokt,0.05,mg
1312,Hälleflundra kokt m. salt,Retinol,Fisk färsk fryst kokt,16.3,µg
1312,Hälleflundra kokt m. salt,Protein,Fisk färsk fryst kokt,18.8,g
1312,Hälleflundra kokt m. salt,Summa fleromättade fettsyror,Fisk färsk fryst kokt,1.3,g
1312,Hälleflundra kokt m. salt,"Fosfor, P",Fisk färsk fryst kokt,220.0,mg
1312,Hälleflundra kokt m. salt,Niacinekvivalenter,Fisk färsk fryst kokt,6.9,NE/mg
1312,Hälleflundra kokt m. salt,Niacin,Fisk färsk fryst kokt,3.51,mg
1312,Hälleflundra kokt m. salt,"Salt, NaCl",Fisk färsk fryst kokt,1.0,g
1312,Hälleflundra kokt m. salt,"Natrium, Na",Fisk färsk fryst kokt,389.0,mg
1312,Hälleflundra kokt m. salt,Monosackarider,Fisk färsk fryst kokt,0.0,g
1312,Hälleflundra kokt m. salt,"Sockerarter, totalt",Fisk färsk fryst kokt,0.0,g
1312,Hälleflundra kokt m. salt,Summa enkelomättade fettsyror,Fisk färsk fryst kokt,6.1,g
1312,Hälleflundra kokt m. salt,"Magnesium, Mg",Fisk färsk fryst kokt,25.0,mg
1312,Hälleflundra kokt m. salt,Summa mättade fettsyror,Fisk färsk fryst kokt,1.6,g
1312,Hälleflundra kokt m. salt,"Kolhydrater, tillgängliga",Fisk färsk fryst kokt,0.0,g
1312,Hälleflundra kokt m. salt,Kolesterol,Fisk färsk fryst kokt,60.5,mg
1312,Hälleflundra kokt m. salt,"Kalium, K",Fisk färsk fryst kokt,356.0,mg
1312,Hälleflundra kokt m. salt,"Jod, I",Fisk färsk fryst kokt,48.0,µg
1312,Hälleflundra kokt m. salt,Fullkorn totalt,Fisk färsk fryst kokt,0.0,g
1312,Hälleflundra kokt m. salt,"Folat, totalt",Fisk färsk fryst kokt,3.6,µg
1312,Hälleflundra kokt m. salt,Fibrer,Fisk färsk fryst kokt,0.0,g
1312,Hälleflundra kokt m. salt,"Fett, totalt",Fisk färsk fryst kokt,10.3,g
1312,Hälleflundra kokt m. salt,"Järn, Fe",Fisk färsk fryst kokt,0.2,mg
1312,Hälleflundra kokt m. salt,Energi (kJ),Fisk färsk fryst kokt,702.0,kJ
1312,Hälleflundra kokt m. salt,Energi (kcal),Fisk färsk fryst kokt,168.0,kcal
1312,Hälleflundra kokt m. salt,Disackarider,Fisk färsk fryst kokt,0.0,g
1312,Hälleflundra kokt m. salt,"Kalcium, Ca",Fisk färsk fryst kokt,7.0,mg
1312,Hälleflundra kokt m. salt,Fettsyra 4:0-10:0,Fisk färsk fryst kokt,0.0,g
1312,Hälleflundra kokt m. salt,DHA (C22:6),Fisk färsk fryst kokt,0.5,g
1312,Hälleflundra kokt m. salt,DPA (C22:5),Fisk färsk fryst kokt,0.1,g
1312,Hälleflundra kokt m. salt,EPA (C20:5),Fisk färsk fryst kokt,0.4,g
1312,Hälleflundra kokt m. salt,Arakidonsyra C20:4,Fisk färsk fryst kokt,0.1,g
1312,Hälleflundra kokt m. salt,Arakidinsyra C20:0,Fisk färsk fryst kokt,0.0,g
1312,Hälleflundra kokt m. salt,Linolensyra C18:3,Fisk färsk fryst kokt,0.0,g
1312,Hälleflundra kokt m. salt,Linolsyra C18:2,Fisk färsk fryst kokt,0.1,g
1312,Hälleflundra kokt m. salt,Oljesyra C18:1,Fisk färsk fryst kokt,2.6,g
1312,Hälleflundra kokt m. salt,Stearinsyra C18:0,Fisk färsk fryst kokt,0.2,g
1312,Hälleflundra kokt m. salt,Palmitoljesyra C16:1,Fisk färsk fryst kokt,1.1,g
1312,Hälleflundra kokt m. salt,Palmitinsyra C16:0,Fisk färsk fryst kokt,1.0,g
1312,Hälleflundra kokt m. salt,Myristinsyra C14:0,Fisk färsk fryst kokt,0.3,g
1312,Hälleflundra kokt m. salt,Laurinsyra C12:0,Fisk färsk fryst kokt,0.0,g
1312,Hälleflundra kokt m. salt,Betakaroten/β-Karoten,Fisk färsk fryst kokt,0.0,µg
1312,Hälleflundra kokt m. salt,Avfall (skal etc.),Fisk färsk fryst kokt,20.0,%
1312,Hälleflundra kokt m. salt,Aska,Fisk färsk fryst kokt,2.0,g
1312,Hälleflundra kokt m. salt,Alkohol,Fisk färsk fryst kokt,0.0,g
1313,Hälleflundra panerad stekt,"Zink, Zn",Fisk o skaldjursprodukter o rätter,0.5,mg
1313,Hälleflundra panerad stekt,Vitamin E,Fisk o skaldjursprodukter o rätter,4.6,mg
1313,Hälleflundra panerad stekt,Vitamin D,Fisk o skaldjursprodukter o rätter,7.83,µg
1313,Hälleflundra panerad stekt,Vitamin C,Fisk o skaldjursprodukter o rätter,0.1,mg
1313,Hälleflundra panerad stekt,Vitamin B6,Fisk o skaldjursprodukter o rätter,0.22,mg
1313,Hälleflundra panerad stekt,Vitamin B12,Fisk o skaldjursprodukter o rätter,0.49,µg
1313,Hälleflundra panerad stekt,Vitamin A,Fisk o skaldjursprodukter o rätter,51.9,RE/µg
1313,Hälleflundra panerad stekt,Vatten,Fisk o skaldjursprodukter o rätter,61.2,g
1313,Hälleflundra panerad stekt,Tiamin,Fisk o skaldjursprodukter o rätter,0.04,mg
1313,Hälleflundra panerad stekt,Tillsatt socker,Fisk o skaldjursprodukter o rätter,0.0,g
1313,Hälleflundra panerad stekt,Fritt socker,Fisk o skaldjursprodukter o rätter,0.0,g
1313,Hälleflundra panerad stekt,"Selen, Se",Fisk o skaldjursprodukter o rätter,58.6,µg
1313,Hälleflundra panerad stekt,Sackaros,Fisk o skaldjursprodukter o rätter,0.0,g
1313,Hälleflundra panerad stekt,Riboflavin,Fisk o skaldjursprodukter o rätter,0.08,mg
1313,Hälleflundra panerad stekt,Retinol,Fisk o skaldjursprodukter o rätter,41.7,µg
1313,Hälleflundra panerad stekt,Protein,Fisk o skaldjursprodukter o rätter,16.3,g
1313,Hälleflundra panerad stekt,Summa fleromättade fettsyror,Fisk o skaldjursprodukter o rätter,2.9,g
1313,Hälleflundra panerad stekt,"Fosfor, P",Fisk o skaldjursprodukter o rätter,198.0,mg
1313,Hälleflundra panerad stekt,Niacinekvivalenter,Fisk o skaldjursprodukter o rätter,5.82,NE/mg
1313,Hälleflundra panerad stekt,Niacin,Fisk o skaldjursprodukter o rätter,2.81,mg
1313,Hälleflundra panerad stekt,"Salt, NaCl",Fisk o skaldjursprodukter o rätter,1.5,g
1313,Hälleflundra panerad stekt,"Natrium, Na",Fisk o skaldjursprodukter o rätter,582.0,mg
1313,Hälleflundra panerad stekt,Monosackarider,Fisk o skaldjursprodukter o rätter,0.1,g
1313,Hälleflundra panerad stekt,"Sockerarter, totalt",Fisk o skaldjursprodukter o rätter,0.3,g
1313,Hälleflundra panerad stekt,Summa enkelomättade fettsyror,Fisk o skaldjursprodukter o rätter,7.8,g
1313,Hälleflundra panerad stekt,"Magnesium, Mg",Fisk o skaldjursprodukter o rätter,24.0,mg
1313,Hälleflundra panerad stekt,Summa mättade fettsyror,Fisk o skaldjursprodukter o rätter,1.9,g
1313,Hälleflundra panerad stekt,"Kolhydrater, tillgängliga",Fisk o skaldjursprodukter o rätter,5.7,g
1313,Hälleflundra panerad stekt,Kolesterol,Fisk o skaldjursprodukter o rätter,66.3,mg
1313,Hälleflundra panerad stekt,"Kalium, K",Fisk o skaldjursprodukter o rätter,341.0,mg
1313,Hälleflundra panerad stekt,"Jod, I",Fisk o skaldjursprodukter o rätter,71.2,µg
1313,Hälleflundra panerad stekt,Fullkorn totalt,Fisk o skaldjursprodukter o rätter,1.0,g
1313,Hälleflundra panerad stekt,"Folat, totalt",Fisk o skaldjursprodukter o rätter,11.1,µg
1313,Hälleflundra panerad stekt,Fibrer,Fisk o skaldjursprodukter o rätter,0.5,g
1313,Hälleflundra panerad stekt,"Fett, totalt",Fisk o skaldjursprodukter o rätter,13.9,g
1313,Hälleflundra panerad stekt,"Järn, Fe",Fisk o skaldjursprodukter o rätter,0.4,mg
1313,Hälleflundra panerad stekt,Energi (kJ),Fisk o skaldjursprodukter o rätter,893.0,kJ
1313,Hälleflundra panerad stekt,Energi (kcal),Fisk o skaldjursprodukter o rätter,214.0,kcal
1313,Hälleflundra panerad stekt,Disackarider,Fisk o skaldjursprodukter o rätter,0.2,g
1313,Hälleflundra panerad stekt,"Kalcium, Ca",Fisk o skaldjursprodukter o rätter,14.0,mg
1313,Hälleflundra panerad stekt,Fettsyra 4:0-10:0,Fisk o skaldjursprodukter o rätter,0.0,g
1313,Hälleflundra panerad stekt,DHA (C22:6),Fisk o skaldjursprodukter o rätter,0.3,g
1313,Hälleflundra panerad stekt,DPA (C22:5),Fisk o skaldjursprodukter o rätter,0.1,g
1313,Hälleflundra panerad stekt,EPA (C20:5),Fisk o skaldjursprodukter o rätter,0.3,g
1313,Hälleflundra panerad stekt,Arakidonsyra C20:4,Fisk o skaldjursprodukter o rätter,0.1,g
1313,Hälleflundra panerad stekt,Arakidinsyra C20:0,Fisk o skaldjursprodukter o rätter,0.0,g
1313,Hälleflundra panerad stekt,Linolensyra C18:3,Fisk o skaldjursprodukter o rätter,0.5,g
1313,Hälleflundra panerad stekt,Linolsyra C18:2,Fisk o skaldjursprodukter o rätter,1.6,g
1313,Hälleflundra panerad stekt,Oljesyra C18:1,Fisk o skaldjursprodukter o rätter,5.6,g
1313,Hälleflundra panerad stekt,Stearinsyra C18:0,Fisk o skaldjursprodukter o rätter,0.3,g
1313,Hälleflundra panerad stekt,Palmitoljesyra C16:1,Fisk o skaldjursprodukter o rätter,0.7,g
1313,Hälleflundra panerad stekt,Palmitinsyra C16:0,Fisk o skaldjursprodukter o rätter,1.2,g
1313,Hälleflundra panerad stekt,Myristinsyra C14:0,Fisk o skaldjursprodukter o rätter,0.2,g
1313,Hälleflundra panerad stekt,Laurinsyra C12:0,Fisk o skaldjursprodukter o rätter,0.0,g
1313,Hälleflundra panerad stekt,Betakaroten/β-Karoten,Fisk o skaldjursprodukter o rätter,8.0,µg
1313,Hälleflundra panerad stekt,Avfall (skal etc.),Fisk o skaldjursprodukter o rätter,17.0,%
1313,Hälleflundra panerad stekt,Aska,Fisk o skaldjursprodukter o rätter,2.3,g
1313,Hälleflundra panerad stekt,Alkohol,Fisk o skaldjursprodukter o rätter,0.0,g
1314,Kolja kokt m. salt,"Zink, Zn",Fisk färsk fryst kokt,0.5,mg
1314,Kolja kokt m. salt,Vitamin E,Fisk färsk fryst kokt,0.7,mg
1314,Kolja kokt m. salt,Vitamin D,Fisk färsk fryst kokt,1.95,µg
1314,Kolja kokt m. salt,Vitamin C,Fisk färsk fryst kokt,0.0,mg
1314,Kolja kokt m. salt,Vitamin B6,Fisk färsk fryst kokt,0.4,mg
1314,Kolja kokt m. salt,Vitamin B12,Fisk färsk fryst kokt,1.85,µg
1314,Kolja kokt m. salt,Vitamin A,Fisk färsk fryst kokt,0.0,RE/µg
1314,Kolja kokt m. salt,Vatten,Fisk färsk fryst kokt,65.7,g
1314,Kolja kokt m. salt,Tiamin,Fisk färsk fryst kokt,0.06,mg
1314,Kolja kokt m. salt,Tillsatt socker,Fisk färsk fryst kokt,0.0,g
1314,Kolja kokt m. salt,Fritt socker,Fisk färsk fryst kokt,0.0,g
1314,Kolja kokt m. salt,"Selen, Se",Fisk färsk fryst kokt,49.1,µg
1314,Kolja kokt m. salt,Sackaros,Fisk färsk fryst kokt,0.0,g
1314,Kolja kokt m. salt,Riboflavin,Fisk färsk fryst kokt,0.05,mg
1314,Kolja kokt m. salt,Retinol,Fisk färsk fryst kokt,0.0,µg
1314,Kolja kokt m. salt,Protein,Fisk färsk fryst kokt,31.9,g
1314,Kolja kokt m. salt,Summa fleromättade fettsyror,Fisk färsk fryst kokt,0.0,g
1314,Kolja kokt m. salt,"Fosfor, P",Fisk färsk fryst kokt,328.0,mg
1314,Kolja kokt m. salt,Niacinekvivalenter,Fisk färsk fryst kokt,13.67,NE/mg
1314,Kolja kokt m. salt,Niacin,Fisk färsk fryst kokt,8.3,mg
1314,Kolja kokt m. salt,"Salt, NaCl",Fisk färsk fryst kokt,1.2,g
1314,Kolja kokt m. salt,"Natrium, Na",Fisk färsk fryst kokt,482.0,mg
1314,Kolja kokt m. salt,Monosackarider,Fisk färsk fryst kokt,0.0,g
1314,Kolja kokt m. salt,"Sockerarter, totalt",Fisk färsk fryst kokt,0.0,g
1314,Kolja kokt m. salt,Summa enkelomättade fettsyror,Fisk färsk fryst kokt,0.0,g
1314,Kolja kokt m. salt,"Magnesium, Mg",Fisk färsk fryst kokt,43.0,mg
1314,Kolja kokt m. salt,Summa mättade fettsyror,Fisk färsk fryst kokt,0.0,g
1314,Kolja kokt m. salt,"Kolhydrater, tillgängliga",Fisk färsk fryst kokt,0.0,g
1314,Kolja kokt m. salt,Kolesterol,Fisk färsk fryst kokt,99.6,mg
1314,Kolja kokt m. salt,"Kalium, K",Fisk färsk fryst kokt,646.0,mg
1314,Kolja kokt m. salt,"Jod, I",Fisk färsk fryst kokt,235.8,µg
1314,Kolja kokt m. salt,Fullkorn totalt,Fisk färsk fryst kokt,0.0,g
1314,Kolja kokt m. salt,"Folat, totalt",Fisk färsk fryst kokt,16.1,µg
1314,Kolja kokt m. salt,Fibrer,Fisk färsk fryst kokt,0.0,g
1314,Kolja kokt m. salt,"Fett, totalt",Fisk färsk fryst kokt,0.0,g
1314,Kolja kokt m. salt,"Järn, Fe",Fisk färsk fryst kokt,0.2,mg
1314,Kolja kokt m. salt,Energi (kJ),Fisk färsk fryst kokt,542.0,kJ
1314,Kolja kokt m. salt,Energi (kcal),Fisk färsk fryst kokt,130.0,kcal
1314,Kolja kokt m. salt,Disackarider,Fisk färsk fryst kokt,0.0,g
1314,Kolja kokt m. salt,"Kalcium, Ca",Fisk färsk fryst kokt,12.0,mg
1314,Kolja kokt m. salt,Fettsyra 4:0-10:0,Fisk färsk fryst kokt,0.0,g
1314,Kolja kokt m. salt,DHA (C22:6),Fisk färsk fryst kokt,0.0,g
1314,Kolja kokt m. salt,DPA (C22:5),Fisk färsk fryst kokt,0.0,g
1314,Kolja kokt m. salt,EPA (C20:5),Fisk färsk fryst kokt,0.0,g
1314,Kolja kokt m. salt,Arakidonsyra C20:4,Fisk färsk fryst kokt,0.0,g
1314,Kolja kokt m. salt,Arakidinsyra C20:0,Fisk färsk fryst kokt,0.0,g
1314,Kolja kokt m. salt,Linolensyra C18:3,Fisk färsk fryst kokt,0.0,g
1314,Kolja kokt m. salt,Linolsyra C18:2,Fisk färsk fryst kokt,0.0,g
1314,Kolja kokt m. salt,Oljesyra C18:1,Fisk färsk fryst kokt,0.0,g
1314,Kolja kokt m. salt,Stearinsyra C18:0,Fisk färsk fryst kokt,0.0,g
1314,Kolja kokt m. salt,Palmitoljesyra C16:1,Fisk färsk fryst kokt,0.0,g
1314,Kolja kokt m. salt,Palmitinsyra C16:0,Fisk färsk fryst kokt,0.0,g
1314,Kolja kokt m. salt,Myristinsyra C14:0,Fisk färsk fryst kokt,0.0,g
1314,Kolja kokt m. salt,Laurinsyra C12:0,Fisk färsk fryst kokt,0.0,g
1314,Kolja kokt m. salt,Betakaroten/β-Karoten,Fisk färsk fryst kokt,0.0,µg
1314,Kolja kokt m. salt,Avfall (skal etc.),Fisk färsk fryst kokt,52.0,%
1314,Kolja kokt m. salt,Aska,Fisk färsk fryst kokt,2.8,g
1314,Kolja kokt m. salt,Alkohol,Fisk färsk fryst kokt,0.0,g
1315,Kolja panerad stekt m. salt,"Zink, Zn",Fisk o skaldjursprodukter o rätter,0.5,mg
1315,Kolja panerad stekt m. salt,Vitamin E,Fisk o skaldjursprodukter o rätter,2.9,mg
1315,Kolja panerad stekt m. salt,Vitamin D,Fisk o skaldjursprodukter o rätter,1.69,µg
1315,Kolja panerad stekt m. salt,Vitamin C,Fisk o skaldjursprodukter o rätter,0.1,mg
1315,Kolja panerad stekt m. salt,Vitamin B6,Fisk o skaldjursprodukter o rätter,0.3,mg
1315,Kolja panerad stekt m. salt,Vitamin B12,Fisk o skaldjursprodukter o rätter,1.11,µg
1315,Kolja panerad stekt m. salt,Vitamin A,Fisk o skaldjursprodukter o rätter,43.2,RE/µg
1315,Kolja panerad stekt m. salt,Vatten,Fisk o skaldjursprodukter o rätter,60.5,g
1315,Kolja panerad stekt m. salt,Tiamin,Fisk o skaldjursprodukter o rätter,0.06,mg
1315,Kolja panerad stekt m. salt,Tillsatt socker,Fisk o skaldjursprodukter o rätter,0.0,g
1315,Kolja panerad stekt m. salt,Fritt socker,Fisk o skaldjursprodukter o rätter,0.0,g
1315,Kolja panerad stekt m. salt,"Selen, Se",Fisk o skaldjursprodukter o rätter,33.4,µg
1315,Kolja panerad stekt m. salt,Sackaros,Fisk o skaldjursprodukter o rätter,0.0,g
1315,Kolja panerad stekt m. salt,Riboflavin,Fisk o skaldjursprodukter o rätter,0.08,mg
1315,Kolja panerad stekt m. salt,Retinol,Fisk o skaldjursprodukter o rätter,32.0,µg
1315,Kolja panerad stekt m. salt,Protein,Fisk o skaldjursprodukter o rätter,21.9,g
1315,Kolja panerad stekt m. salt,Summa fleromättade fettsyror,Fisk o skaldjursprodukter o rätter,2.3,g
1315,Kolja panerad stekt m. salt,"Fosfor, P",Fisk o skaldjursprodukter o rätter,236.0,mg
1315,Kolja panerad stekt m. salt,Niacinekvivalenter,Fisk o skaldjursprodukter o rätter,9.08,NE/mg
1315,Kolja panerad stekt m. salt,Niacin,Fisk o skaldjursprodukter o rätter,5.29,mg
1315,Kolja panerad stekt m. salt,"Salt, NaCl",Fisk o skaldjursprodukter o rätter,1.5,g
1315,Kolja panerad stekt m. salt,"Natrium, Na",Fisk o skaldjursprodukter o rätter,610.0,mg
1315,Kolja panerad stekt m. salt,Monosackarider,Fisk o skaldjursprodukter o rätter,0.1,g
1315,Kolja panerad stekt m. salt,"Sockerarter, totalt",Fisk o skaldjursprodukter o rätter,0.3,g
1315,Kolja panerad stekt m. salt,Summa enkelomättade fettsyror,Fisk o skaldjursprodukter o rätter,4.5,g
1315,Kolja panerad stekt m. salt,"Magnesium, Mg",Fisk o skaldjursprodukter o rätter,31.0,mg
1315,Kolja panerad stekt m. salt,Summa mättade fettsyror,Fisk o skaldjursprodukter o rätter,1.0,g
1315,Kolja panerad stekt m. salt,"Kolhydrater, tillgängliga",Fisk o skaldjursprodukter o rätter,6.3,g
1315,Kolja panerad stekt m. salt,Kolesterol,Fisk o skaldjursprodukter o rätter,94.0,mg
1315,Kolja panerad stekt m. salt,"Kalium, K",Fisk o skaldjursprodukter o rätter,490.0,mg
1315,Kolja panerad stekt m. salt,"Jod, I",Fisk o skaldjursprodukter o rätter,184.8,µg
1315,Kolja panerad stekt m. salt,Fullkorn totalt,Fisk o skaldjursprodukter o rätter,1.0,g
1315,Kolja panerad stekt m. salt,"Folat, totalt",Fisk o skaldjursprodukter o rätter,18.8,µg
1315,Kolja panerad stekt m. salt,Fibrer,Fisk o skaldjursprodukter o rätter,0.6,g
1315,Kolja panerad stekt m. salt,"Fett, totalt",Fisk o skaldjursprodukter o rätter,8.2,g
1315,Kolja panerad stekt m. salt,"Järn, Fe",Fisk o skaldjursprodukter o rätter,0.4,mg
1315,Kolja panerad stekt m. salt,Energi (kJ),Fisk o skaldjursprodukter o rätter,789.0,kJ
1315,Kolja panerad stekt m. salt,Energi (kcal),Fisk o skaldjursprodukter o rätter,189.0,kcal
1315,Kolja panerad stekt m. salt,Disackarider,Fisk o skaldjursprodukter o rätter,0.2,g
1315,Kolja panerad stekt m. salt,"Kalcium, Ca",Fisk o skaldjursprodukter o rätter,17.0,mg
1315,Kolja panerad stekt m. salt,Fettsyra 4:0-10:0,Fisk o skaldjursprodukter o rätter,0.0,g
1315,Kolja panerad stekt m. salt,DHA (C22:6),Fisk o skaldjursprodukter o rätter,0.0,g
1315,Kolja panerad stekt m. salt,DPA (C22:5),Fisk o skaldjursprodukter o rätter,0.0,g
1315,Kolja panerad stekt m. salt,EPA (C20:5),Fisk o skaldjursprodukter o rätter,0.0,g
1315,Kolja panerad stekt m. salt,Arakidonsyra C20:4,Fisk o skaldjursprodukter o rätter,0.0,g
1315,Kolja panerad stekt m. salt,Arakidinsyra C20:0,Fisk o skaldjursprodukter o rätter,0.0,g
1315,Kolja panerad stekt m. salt,Linolensyra C18:3,Fisk o skaldjursprodukter o rätter,0.5,g
1315,Kolja panerad stekt m. salt,Linolsyra C18:2,Fisk o skaldjursprodukter o rätter,1.7,g
1315,Kolja panerad stekt m. salt,Oljesyra C18:1,Fisk o skaldjursprodukter o rätter,4.4,g
1315,Kolja panerad stekt m. salt,Stearinsyra C18:0,Fisk o skaldjursprodukter o rätter,0.2,g
1315,Kolja panerad stekt m. salt,Palmitoljesyra C16:1,Fisk o skaldjursprodukter o rätter,0.0,g
1315,Kolja panerad stekt m. salt,Palmitinsyra C16:0,Fisk o skaldjursprodukter o rätter,0.6,g
1315,Kolja panerad stekt m. salt,Myristinsyra C14:0,Fisk o skaldjursprodukter o rätter,0.0,g
1315,Kolja panerad stekt m. salt,Laurinsyra C12:0,Fisk o skaldjursprodukter o rätter,0.0,g
1315,Kolja panerad stekt m. salt,Betakaroten/β-Karoten,Fisk o skaldjursprodukter o rätter,9.0,µg
1315,Kolja panerad stekt m. salt,Avfall (skal etc.),Fisk o skaldjursprodukter o rätter,42.0,%
1315,Kolja panerad stekt m. salt,Aska,Fisk o skaldjursprodukter o rätter,2.6,g
1315,Kolja panerad stekt m. salt,Alkohol,Fisk o skaldjursprodukter o rätter,0.0,g
1316,Lax stekt m. salt,"Zink, Zn",Fisk stekt ej panerad,0.4,mg
1316,Lax stekt m. salt,Vitamin E,Fisk stekt ej panerad,5.5,mg
1316,Lax stekt m. salt,Vitamin D inkl 25-OH-D3,Fisk stekt ej panerad,10.95,µg
1316,Lax stekt m. salt,Vitamin D,Fisk stekt ej panerad,7.49,µg
1316,Lax stekt m. salt,Vitamin C,Fisk stekt ej panerad,0.0,mg
1316,Lax stekt m. salt,Vitamin B6,Fisk stekt ej panerad,0.6,mg
1316,Lax stekt m. salt,Vitamin B12,Fisk stekt ej panerad,3.45,µg
1316,Lax stekt m. salt,Vitamin A,Fisk stekt ej panerad,4.4,RE/µg
1316,Lax stekt m. salt,Vatten,Fisk stekt ej panerad,59.5,g
1316,Lax stekt m. salt,Tiamin,Fisk stekt ej panerad,0.27,mg
1316,Lax stekt m. salt,Tillsatt socker,Fisk stekt ej panerad,0.0,g
1316,Lax stekt m. salt,Fritt socker,Fisk stekt ej panerad,0.0,g
1316,Lax stekt m. salt,"Selen, Se",Fisk stekt ej panerad,20.1,µg
1316,Lax stekt m. salt,Sackaros,Fisk stekt ej panerad,0.0,g
1316,Lax stekt m. salt,Riboflavin,Fisk stekt ej panerad,0.08,mg
1316,Lax stekt m. salt,Retinol,Fisk stekt ej panerad,4.4,µg
1316,Lax stekt m. salt,Protein,Fisk stekt ej panerad,24.1,g
1316,Lax stekt m. salt,Summa fleromättade fettsyror,Fisk stekt ej panerad,3.9,g
1316,Lax stekt m. salt,"Fosfor, P",Fisk stekt ej panerad,281.0,mg
1316,Lax stekt m. salt,Niacinekvivalenter,Fisk stekt ej panerad,13.63,NE/mg
1316,Lax stekt m. salt,Niacin,Fisk stekt ej panerad,9.6,mg
1316,Lax stekt m. salt,"Salt, NaCl",Fisk stekt ej panerad,0.7,g
1316,Lax stekt m. salt,"Natrium, Na",Fisk stekt ej panerad,285.0,mg
1316,Lax stekt m. salt,Monosackarider,Fisk stekt ej panerad,0.0,g
1316,Lax stekt m. salt,"Sockerarter, totalt",Fisk stekt ej panerad,0.0,g
1316,Lax stekt m. salt,Summa enkelomättade fettsyror,Fisk stekt ej panerad,6.4,g
1316,Lax stekt m. salt,"Magnesium, Mg",Fisk stekt ej panerad,32.0,mg
1316,Lax stekt m. salt,Summa mättade fettsyror,Fisk stekt ej panerad,1.8,g
1316,Lax stekt m. salt,"Kolhydrater, tillgängliga",Fisk stekt ej panerad,0.8,g
1316,Lax stekt m. salt,Kolesterol,Fisk stekt ej panerad,61.1,mg
1316,Lax stekt m. salt,"Kalium, K",Fisk stekt ej panerad,360.0,mg
1316,Lax stekt m. salt,"Jod, I",Fisk stekt ej panerad,51.1,µg
1316,Lax stekt m. salt,Fullkorn totalt,Fisk stekt ej panerad,0.0,g
1316,Lax stekt m. salt,"Folat, totalt",Fisk stekt ej panerad,5.1,µg
1316,Lax stekt m. salt,Fibrer,Fisk stekt ej panerad,0.0,g
1316,Lax stekt m. salt,"Fett, totalt",Fisk stekt ej panerad,13.5,g
1316,Lax stekt m. salt,"Järn, Fe",Fisk stekt ej panerad,0.2,mg
1316,Lax stekt m. salt,Energi (kJ),Fisk stekt ej panerad,925.0,kJ
1316,Lax stekt m. salt,Energi (kcal),Fisk stekt ej panerad,221.0,kcal
1316,Lax stekt m. salt,Disackarider,Fisk stekt ej panerad,0.0,g
1316,Lax stekt m. salt,"Kalcium, Ca",Fisk stekt ej panerad,7.0,mg
1316,Lax stekt m. salt,Fettsyra 4:0-10:0,Fisk stekt ej panerad,0.0,g
1316,Lax stekt m. salt,DHA (C22:6),Fisk stekt ej panerad,0.6,g
1316,Lax stekt m. salt,DPA (C22:5),Fisk stekt ej panerad,0.1,g
1316,Lax stekt m. salt,EPA (C20:5),Fisk stekt ej panerad,0.3,g
1316,Lax stekt m. salt,Arakidonsyra C20:4,Fisk stekt ej panerad,0.1,g
1316,Lax stekt m. salt,Arakidinsyra C20:0,Fisk stekt ej panerad,0.0,g
1316,Lax stekt m. salt,Linolensyra C18:3,Fisk stekt ej panerad,0.8,g
1316,Lax stekt m. salt,Linolsyra C18:2,Fisk stekt ej panerad,1.7,g
1316,Lax stekt m. salt,Oljesyra C18:1,Fisk stekt ej panerad,5.2,g
1316,Lax stekt m. salt,Stearinsyra C18:0,Fisk stekt ej panerad,0.3,g
1316,Lax stekt m. salt,Palmitoljesyra C16:1,Fisk stekt ej panerad,0.3,g
1316,Lax stekt m. salt,Palmitinsyra C16:0,Fisk stekt ej panerad,1.1,g
1316,Lax stekt m. salt,Myristinsyra C14:0,Fisk stekt ej panerad,0.2,g
1316,Lax stekt m. salt,Laurinsyra C12:0,Fisk stekt ej panerad,0.0,g
1316,Lax stekt m. salt,Betakaroten/β-Karoten,Fisk stekt ej panerad,0.0,µg
1316,Lax stekt m. salt,Avfall (skal etc.),Fisk stekt ej panerad,35.0,%
1316,Lax stekt m. salt,Aska,Fisk stekt ej panerad,2.0,g
1316,Lax stekt m. salt,Alkohol,Fisk stekt ej panerad,0.0,g
1317,Lax kokt m. salt,"Zink, Zn",Fisk färsk fryst kokt,0.4,mg
1317,Lax kokt m. salt,Vitamin E,Fisk färsk fryst kokt,5.4,mg
1317,Lax kokt m. salt,Vitamin D inkl 25-OH-D3,Fisk färsk fryst kokt,10.74,µg
1317,Lax kokt m. salt,Vitamin D,Fisk färsk fryst kokt,6.91,µg
1317,Lax kokt m. salt,Vitamin C,Fisk färsk fryst kokt,0.0,mg
1317,Lax kokt m. salt,Vitamin B6,Fisk färsk fryst kokt,0.51,mg
1317,Lax kokt m. salt,Vitamin B12,Fisk färsk fryst kokt,4.0,µg
1317,Lax kokt m. salt,Vitamin A,Fisk färsk fryst kokt,4.3,RE/µg
1317,Lax kokt m. salt,Vatten,Fisk färsk fryst kokt,56.8,g
1317,Lax kokt m. salt,Tiamin,Fisk färsk fryst kokt,0.25,mg
1317,Lax kokt m. salt,Tillsatt socker,Fisk färsk fryst kokt,0.0,g
1317,Lax kokt m. salt,Fritt socker,Fisk färsk fryst kokt,0.0,g
1317,Lax kokt m. salt,"Selen, Se",Fisk färsk fryst kokt,19.7,µg
1317,Lax kokt m. salt,Sackaros,Fisk färsk fryst kokt,0.0,g
1317,Lax kokt m. salt,Riboflavin,Fisk färsk fryst kokt,0.06,mg
1317,Lax kokt m. salt,Retinol,Fisk färsk fryst kokt,4.3,µg
1317,Lax kokt m. salt,Protein,Fisk färsk fryst kokt,23.7,g
1317,Lax kokt m. salt,Summa fleromättade fettsyror,Fisk färsk fryst kokt,4.8,g
1317,Lax kokt m. salt,"Fosfor, P",Fisk färsk fryst kokt,275.0,mg
1317,Lax kokt m. salt,Niacinekvivalenter,Fisk färsk fryst kokt,13.36,NE/mg
1317,Lax kokt m. salt,Niacin,Fisk färsk fryst kokt,9.41,mg
1317,Lax kokt m. salt,"Salt, NaCl",Fisk färsk fryst kokt,0.8,g
1317,Lax kokt m. salt,"Natrium, Na",Fisk färsk fryst kokt,333.0,mg
1317,Lax kokt m. salt,Monosackarider,Fisk färsk fryst kokt,0.0,g
1317,Lax kokt m. salt,"Sockerarter, totalt",Fisk färsk fryst kokt,0.0,g
1317,Lax kokt m. salt,Summa enkelomättade fettsyror,Fisk färsk fryst kokt,7.9,g
1317,Lax kokt m. salt,"Magnesium, Mg",Fisk färsk fryst kokt,31.0,mg
1317,Lax kokt m. salt,Summa mättade fettsyror,Fisk färsk fryst kokt,2.2,g
1317,Lax kokt m. salt,"Kolhydrater, tillgängliga",Fisk färsk fryst kokt,0.8,g
1317,Lax kokt m. salt,Kolesterol,Fisk färsk fryst kokt,74.9,mg
1317,Lax kokt m. salt,"Kalium, K",Fisk färsk fryst kokt,311.0,mg
1317,Lax kokt m. salt,"Jod, I",Fisk färsk fryst kokt,56.8,µg
1317,Lax kokt m. salt,Fullkorn totalt,Fisk färsk fryst kokt,0.0,g
1317,Lax kokt m. salt,"Folat, totalt",Fisk färsk fryst kokt,5.3,µg
1317,Lax kokt m. salt,Fibrer,Fisk färsk fryst kokt,0.0,g
1317,Lax kokt m. salt,"Fett, totalt",Fisk färsk fryst kokt,16.6,g
1317,Lax kokt m. salt,"Järn, Fe",Fisk färsk fryst kokt,0.2,mg
1317,Lax kokt m. salt,Energi (kJ),Fisk färsk fryst kokt,1029.0,kJ
1317,Lax kokt m. salt,Energi (kcal),Fisk färsk fryst kokt,246.0,kcal
1317,Lax kokt m. salt,Disackarider,Fisk färsk fryst kokt,0.0,g
1317,Lax kokt m. salt,"Kalcium, Ca",Fisk färsk fryst kokt,7.0,mg
1317,Lax kokt m. salt,Fettsyra 4:0-10:0,Fisk färsk fryst kokt,0.0,g
1317,Lax kokt m. salt,DHA (C22:6),Fisk färsk fryst kokt,0.7,g
1317,Lax kokt m. salt,DPA (C22:5),Fisk färsk fryst kokt,0.2,g
1317,Lax kokt m. salt,EPA (C20:5),Fisk färsk fryst kokt,0.4,g
1317,Lax kokt m. salt,Arakidonsyra C20:4,Fisk färsk fryst kokt,0.2,g
1317,Lax kokt m. salt,Arakidinsyra C20:0,Fisk färsk fryst kokt,0.0,g
1317,Lax kokt m. salt,Linolensyra C18:3,Fisk färsk fryst kokt,0.9,g
1317,Lax kokt m. salt,Linolsyra C18:2,Fisk färsk fryst kokt,2.1,g
1317,Lax kokt m. salt,Oljesyra C18:1,Fisk färsk fryst kokt,6.4,g
1317,Lax kokt m. salt,Stearinsyra C18:0,Fisk färsk fryst kokt,0.4,g
1317,Lax kokt m. salt,Palmitoljesyra C16:1,Fisk färsk fryst kokt,0.4,g
1317,Lax kokt m. salt,Palmitinsyra C16:0,Fisk färsk fryst kokt,1.4,g
1317,Lax kokt m. salt,Myristinsyra C14:0,Fisk färsk fryst kokt,0.3,g
1317,Lax kokt m. salt,Laurinsyra C12:0,Fisk färsk fryst kokt,0.0,g
1317,Lax kokt m. salt,Betakaroten/β-Karoten,Fisk färsk fryst kokt,0.0,µg
1317,Lax kokt m. salt,Avfall (skal etc.),Fisk färsk fryst kokt,35.0,%
1317,Lax kokt m. salt,Aska,Fisk färsk fryst kokt,2.1,g
1317,Lax kokt m. salt,Alkohol,Fisk färsk fryst kokt,0.0,g
1318,Makrill kokt m. salt,"Zink, Zn",Fisk färsk fryst kokt,0.7,mg
1318,Makrill kokt m. salt,Vitamin E,Fisk färsk fryst kokt,0.5,mg
1318,Makrill kokt m. salt,Vitamin D inkl 25-OH-D3,Fisk färsk fryst kokt,6.18,µg
1318,Makrill kokt m. salt,Vitamin D,Fisk färsk fryst kokt,4.94,µg
1318,Makrill kokt m. salt,Vitamin C,Fisk färsk fryst kokt,0.0,mg
1318,Makrill kokt m. salt,Vitamin B6,Fisk färsk fryst kokt,0.49,mg
1318,Makrill kokt m. salt,Vitamin B12,Fisk färsk fryst kokt,5.5,µg
1318,Makrill kokt m. salt,Vitamin A,Fisk färsk fryst kokt,17.2,RE/µg
1318,Makrill kokt m. salt,Vatten,Fisk färsk fryst kokt,47.8,g
1318,Makrill kokt m. salt,Tiamin,Fisk färsk fryst kokt,0.09,mg
1318,Makrill kokt m. salt,Tillsatt socker,Fisk färsk fryst kokt,0.0,g
1318,Makrill kokt m. salt,Fritt socker,Fisk färsk fryst kokt,0.0,g
1318,Makrill kokt m. salt,"Selen, Se",Fisk färsk fryst kokt,68.6,µg
1318,Makrill kokt m. salt,Sackaros,Fisk färsk fryst kokt,0.0,g
1318,Makrill kokt m. salt,Riboflavin,Fisk färsk fryst kokt,0.22,mg
1318,Makrill kokt m. salt,Retinol,Fisk färsk fryst kokt,17.2,µg
1318,Makrill kokt m. salt,Protein,Fisk färsk fryst kokt,19.4,g
1318,Makrill kokt m. salt,Summa fleromättade fettsyror,Fisk färsk fryst kokt,8.3,g
1318,Makrill kokt m. salt,"Fosfor, P",Fisk färsk fryst kokt,222.0,mg
1318,Makrill kokt m. salt,Niacinekvivalenter,Fisk färsk fryst kokt,13.04,NE/mg
1318,Makrill kokt m. salt,Niacin,Fisk färsk fryst kokt,9.49,mg
1318,Makrill kokt m. salt,"Salt, NaCl",Fisk färsk fryst kokt,0.8,g
1318,Makrill kokt m. salt,"Natrium, Na",Fisk färsk fryst kokt,332.0,mg
1318,Makrill kokt m. salt,Monosackarider,Fisk färsk fryst kokt,0.0,g
1318,Makrill kokt m. salt,"Sockerarter, totalt",Fisk färsk fryst kokt,0.0,g
1318,Makrill kokt m. salt,Summa enkelomättade fettsyror,Fisk färsk fryst kokt,10.4,g
1318,Makrill kokt m. salt,"Magnesium, Mg",Fisk färsk fryst kokt,28.0,mg
1318,Makrill kokt m. salt,Summa mättade fettsyror,Fisk färsk fryst kokt,6.1,g
1318,Makrill kokt m. salt,"Kolhydrater, tillgängliga",Fisk färsk fryst kokt,0.0,g
1318,Makrill kokt m. salt,Kolesterol,Fisk färsk fryst kokt,55.8,mg
1318,Makrill kokt m. salt,"Kalium, K",Fisk färsk fryst kokt,315.0,mg
1318,Makrill kokt m. salt,"Jod, I",Fisk färsk fryst kokt,107.7,µg
1318,Makrill kokt m. salt,Fullkorn totalt,Fisk färsk fryst kokt,0.0,g
1318,Makrill kokt m. salt,"Folat, totalt",Fisk färsk fryst kokt,0.0,µg
1318,Makrill kokt m. salt,Fibrer,Fisk färsk fryst kokt,0.0,g
1318,Makrill kokt m. salt,"Fett, totalt",Fisk färsk fryst kokt,28.6,g
1318,Makrill kokt m. salt,"Järn, Fe",Fisk färsk fryst kokt,0.9,mg
1318,Makrill kokt m. salt,Energi (kJ),Fisk färsk fryst kokt,1389.0,kJ
1318,Makrill kokt m. salt,Energi (kcal),Fisk färsk fryst kokt,332.0,kcal
1318,Makrill kokt m. salt,Disackarider,Fisk färsk fryst kokt,0.0,g
1318,Makrill kokt m. salt,"Kalcium, Ca",Fisk färsk fryst kokt,18.0,mg
1318,Makrill kokt m. salt,Fettsyra 4:0-10:0,Fisk färsk fryst kokt,0.0,g
1318,Makrill kokt m. salt,DHA (C22:6),Fisk färsk fryst kokt,3.2,g
1318,Makrill kokt m. salt,DPA (C22:5),Fisk färsk fryst kokt,0.4,g
1318,Makrill kokt m. salt,EPA (C20:5),Fisk färsk fryst kokt,2.0,g
1318,Makrill kokt m. salt,Arakidonsyra C20:4,Fisk färsk fryst kokt,0.4,g
1318,Makrill kokt m. salt,Arakidinsyra C20:0,Fisk färsk fryst kokt,0.0,g
1318,Makrill kokt m. salt,Linolensyra C18:3,Fisk färsk fryst kokt,0.4,g
1318,Makrill kokt m. salt,Linolsyra C18:2,Fisk färsk fryst kokt,0.4,g
1318,Makrill kokt m. salt,Oljesyra C18:1,Fisk färsk fryst kokt,3.3,g
1318,Makrill kokt m. salt,Stearinsyra C18:0,Fisk färsk fryst kokt,0.6,g
1318,Makrill kokt m. salt,Palmitoljesyra C16:1,Fisk färsk fryst kokt,1.0,g
1318,Makrill kokt m. salt,Palmitinsyra C16:0,Fisk färsk fryst kokt,3.4,g
1318,Makrill kokt m. salt,Myristinsyra C14:0,Fisk färsk fryst kokt,1.8,g
1318,Makrill kokt m. salt,Laurinsyra C12:0,Fisk färsk fryst kokt,0.0,g
1318,Makrill kokt m. salt,Betakaroten/β-Karoten,Fisk färsk fryst kokt,0.0,µg
1318,Makrill kokt m. salt,Avfall (skal etc.),Fisk färsk fryst kokt,41.0,%
1318,Makrill kokt m. salt,Aska,Fisk färsk fryst kokt,1.9,g
1318,Makrill kokt m. salt,Alkohol,Fisk färsk fryst kokt,0.0,g
1319,Makrill panerad stekt,"Zink, Zn",Fisk o skaldjursprodukter o rätter,0.8,mg
1319,Makrill panerad stekt,Vitamin E,Fisk o skaldjursprodukter o rätter,2.6,mg
1319,Makrill panerad stekt,Vitamin D,Fisk o skaldjursprodukter o rätter,4.61,µg
1319,Makrill panerad stekt,Vitamin C,Fisk o skaldjursprodukter o rätter,0.1,mg
1319,Makrill panerad stekt,Vitamin B6,Fisk o skaldjursprodukter o rätter,0.47,mg
1319,Makrill panerad stekt,Vitamin B12,Fisk o skaldjursprodukter o rätter,3.88,µg
1319,Makrill panerad stekt,Vitamin A,Fisk o skaldjursprodukter o rätter,52.8,RE/µg
1319,Makrill panerad stekt,Vatten,Fisk o skaldjursprodukter o rätter,46.2,g
1319,Makrill panerad stekt,Tiamin,Fisk o skaldjursprodukter o rätter,0.09,mg
1319,Makrill panerad stekt,Tillsatt socker,Fisk o skaldjursprodukter o rätter,0.0,g
1319,Makrill panerad stekt,Fritt socker,Fisk o skaldjursprodukter o rätter,0.0,g
1319,Makrill panerad stekt,"Selen, Se",Fisk o skaldjursprodukter o rätter,58.0,µg
1319,Makrill panerad stekt,Sackaros,Fisk o skaldjursprodukter o rätter,0.0,g
1319,Makrill panerad stekt,Riboflavin,Fisk o skaldjursprodukter o rätter,0.27,mg
1319,Makrill panerad stekt,Retinol,Fisk o skaldjursprodukter o rätter,42.6,µg
1319,Makrill panerad stekt,Protein,Fisk o skaldjursprodukter o rätter,17.5,g
1319,Makrill panerad stekt,Summa fleromättade fettsyror,Fisk o skaldjursprodukter o rätter,7.4,g
1319,Makrill panerad stekt,"Fosfor, P",Fisk o skaldjursprodukter o rätter,208.0,mg
1319,Makrill panerad stekt,Niacinekvivalenter,Fisk o skaldjursprodukter o rätter,11.04,NE/mg
1319,Makrill panerad stekt,Niacin,Fisk o skaldjursprodukter o rätter,7.78,mg
1319,Makrill panerad stekt,"Salt, NaCl",Fisk o skaldjursprodukter o rätter,1.4,g
1319,Makrill panerad stekt,"Natrium, Na",Fisk o skaldjursprodukter o rätter,547.0,mg
1319,Makrill panerad stekt,Monosackarider,Fisk o skaldjursprodukter o rätter,0.1,g
1319,Makrill panerad stekt,"Sockerarter, totalt",Fisk o skaldjursprodukter o rätter,0.3,g
1319,Makrill panerad stekt,Summa enkelomättade fettsyror,Fisk o skaldjursprodukter o rätter,10.8,g
1319,Makrill panerad stekt,"Magnesium, Mg",Fisk o skaldjursprodukter o rätter,27.0,mg
1319,Makrill panerad stekt,Summa mättade fettsyror,Fisk o skaldjursprodukter o rätter,4.8,g
1319,Makrill panerad stekt,"Kolhydrater, tillgängliga",Fisk o skaldjursprodukter o rätter,5.7,g
1319,Makrill panerad stekt,Kolesterol,Fisk o skaldjursprodukter o rätter,64.7,mg
1319,Makrill panerad stekt,"Kalium, K",Fisk o skaldjursprodukter o rätter,318.0,mg
1319,Makrill panerad stekt,"Jod, I",Fisk o skaldjursprodukter o rätter,120.9,µg
1319,Makrill panerad stekt,Fullkorn totalt,Fisk o skaldjursprodukter o rätter,1.0,g
1319,Makrill panerad stekt,"Folat, totalt",Fisk o skaldjursprodukter o rätter,8.4,µg
1319,Makrill panerad stekt,Fibrer,Fisk o skaldjursprodukter o rätter,0.5,g
1319,Makrill panerad stekt,"Fett, totalt",Fisk o skaldjursprodukter o rätter,25.9,g
1319,Makrill panerad stekt,"Järn, Fe",Fisk o skaldjursprodukter o rätter,1.0,mg
1319,Makrill panerad stekt,Energi (kJ),Fisk o skaldjursprodukter o rätter,1358.0,kJ
1319,Makrill panerad stekt,Energi (kcal),Fisk o skaldjursprodukter o rätter,324.0,kcal
1319,Makrill panerad stekt,Disackarider,Fisk o skaldjursprodukter o rätter,0.2,g
1319,Makrill panerad stekt,"Kalcium, Ca",Fisk o skaldjursprodukter o rätter,23.0,mg
1319,Makrill panerad stekt,Fettsyra 4:0-10:0,Fisk o skaldjursprodukter o rätter,0.0,g
1319,Makrill panerad stekt,DHA (C22:6),Fisk o skaldjursprodukter o rätter,2.1,g
1319,Makrill panerad stekt,DPA (C22:5),Fisk o skaldjursprodukter o rätter,0.3,g
1319,Makrill panerad stekt,EPA (C20:5),Fisk o skaldjursprodukter o rätter,1.3,g
1319,Makrill panerad stekt,Arakidonsyra C20:4,Fisk o skaldjursprodukter o rätter,0.3,g
1319,Makrill panerad stekt,Arakidinsyra C20:0,Fisk o skaldjursprodukter o rätter,0.1,g
1319,Makrill panerad stekt,Linolensyra C18:3,Fisk o skaldjursprodukter o rätter,0.7,g
1319,Makrill panerad stekt,Linolsyra C18:2,Fisk o skaldjursprodukter o rätter,1.8,g
1319,Makrill panerad stekt,Oljesyra C18:1,Fisk o skaldjursprodukter o rätter,6.1,g
1319,Makrill panerad stekt,Stearinsyra C18:0,Fisk o skaldjursprodukter o rätter,0.6,g
1319,Makrill panerad stekt,Palmitoljesyra C16:1,Fisk o skaldjursprodukter o rätter,0.7,g
1319,Makrill panerad stekt,Palmitinsyra C16:0,Fisk o skaldjursprodukter o rätter,2.8,g
1319,Makrill panerad stekt,Myristinsyra C14:0,Fisk o skaldjursprodukter o rätter,1.2,g
1319,Makrill panerad stekt,Laurinsyra C12:0,Fisk o skaldjursprodukter o rätter,0.0,g
1319,Makrill panerad stekt,Betakaroten/β-Karoten,Fisk o skaldjursprodukter o rätter,8.0,µg
1319,Makrill panerad stekt,Avfall (skal etc.),Fisk o skaldjursprodukter o rätter,33.0,%
1319,Makrill panerad stekt,Aska,Fisk o skaldjursprodukter o rätter,2.3,g
1319,Makrill panerad stekt,Alkohol,Fisk o skaldjursprodukter o rätter,0.0,g
1320,Makrill stekt m. salt,"Zink, Zn",Fisk stekt ej panerad,0.7,mg
1320,Makrill stekt m. salt,Vitamin E,Fisk stekt ej panerad,0.5,mg
1320,Makrill stekt m. salt,Vitamin D inkl 25-OH-D3,Fisk stekt ej panerad,6.47,µg
1320,Makrill stekt m. salt,Vitamin D,Fisk stekt ej panerad,5.5,µg
1320,Makrill stekt m. salt,Vitamin C,Fisk stekt ej panerad,0.0,mg
1320,Makrill stekt m. salt,Vitamin B6,Fisk stekt ej panerad,0.59,mg
1320,Makrill stekt m. salt,Vitamin B12,Fisk stekt ej panerad,4.88,µg
1320,Makrill stekt m. salt,Vitamin A,Fisk stekt ej panerad,18.0,RE/µg
1320,Makrill stekt m. salt,Vatten,Fisk stekt ej panerad,51.4,g
1320,Makrill stekt m. salt,Tiamin,Fisk stekt ej panerad,0.1,mg
1320,Makrill stekt m. salt,Tillsatt socker,Fisk stekt ej panerad,0.0,g
1320,Makrill stekt m. salt,Fritt socker,Fisk stekt ej panerad,0.0,g
1320,Makrill stekt m. salt,"Selen, Se",Fisk stekt ej panerad,71.9,µg
1320,Makrill stekt m. salt,Sackaros,Fisk stekt ej panerad,0.0,g
1320,Makrill stekt m. salt,Riboflavin,Fisk stekt ej panerad,0.3,mg
1320,Makrill stekt m. salt,Retinol,Fisk stekt ej panerad,18.0,µg
1320,Makrill stekt m. salt,Protein,Fisk stekt ej panerad,20.4,g
1320,Makrill stekt m. salt,Summa fleromättade fettsyror,Fisk stekt ej panerad,6.9,g
1320,Makrill stekt m. salt,"Fosfor, P",Fisk stekt ej panerad,233.0,mg
1320,Makrill stekt m. salt,Niacinekvivalenter,Fisk stekt ej panerad,13.67,NE/mg
1320,Makrill stekt m. salt,Niacin,Fisk stekt ej panerad,9.95,mg
1320,Makrill stekt m. salt,"Salt, NaCl",Fisk stekt ej panerad,0.7,g
1320,Makrill stekt m. salt,"Natrium, Na",Fisk stekt ej panerad,293.0,mg
1320,Makrill stekt m. salt,Monosackarider,Fisk stekt ej panerad,0.0,g
1320,Makrill stekt m. salt,"Sockerarter, totalt",Fisk stekt ej panerad,0.0,g
1320,Makrill stekt m. salt,Summa enkelomättade fettsyror,Fisk stekt ej panerad,8.7,g
1320,Makrill stekt m. salt,"Magnesium, Mg",Fisk stekt ej panerad,29.0,mg
1320,Makrill stekt m. salt,Summa mättade fettsyror,Fisk stekt ej panerad,5.1,g
1320,Makrill stekt m. salt,"Kolhydrater, tillgängliga",Fisk stekt ej panerad,0.0,g
1320,Makrill stekt m. salt,Kolesterol,Fisk stekt ej panerad,46.8,mg
1320,Makrill stekt m. salt,"Kalium, K",Fisk stekt ej panerad,374.0,mg
1320,Makrill stekt m. salt,"Jod, I",Fisk stekt ej panerad,106.0,µg
1320,Makrill stekt m. salt,Fullkorn totalt,Fisk stekt ej panerad,0.0,g
1320,Makrill stekt m. salt,"Folat, totalt",Fisk stekt ej panerad,0.0,µg
1320,Makrill stekt m. salt,Fibrer,Fisk stekt ej panerad,0.0,g
1320,Makrill stekt m. salt,"Fett, totalt",Fisk stekt ej panerad,24.0,g
1320,Makrill stekt m. salt,"Järn, Fe",Fisk stekt ej panerad,1.0,mg
1320,Makrill stekt m. salt,Energi (kJ),Fisk stekt ej panerad,1234.0,kJ
1320,Makrill stekt m. salt,Energi (kcal),Fisk stekt ej panerad,295.0,kcal
1320,Makrill stekt m. salt,Disackarider,Fisk stekt ej panerad,0.0,g
1320,Makrill stekt m. salt,"Kalcium, Ca",Fisk stekt ej panerad,19.0,mg
1320,Makrill stekt m. salt,Fettsyra 4:0-10:0,Fisk stekt ej panerad,0.0,g
1320,Makrill stekt m. salt,DHA (C22:6),Fisk stekt ej panerad,2.7,g
1320,Makrill stekt m. salt,DPA (C22:5),Fisk stekt ej panerad,0.3,g
1320,Makrill stekt m. salt,EPA (C20:5),Fisk stekt ej panerad,1.7,g
1320,Makrill stekt m. salt,Arakidonsyra C20:4,Fisk stekt ej panerad,0.3,g
1320,Makrill stekt m. salt,Arakidinsyra C20:0,Fisk stekt ej panerad,0.0,g
1320,Makrill stekt m. salt,Linolensyra C18:3,Fisk stekt ej panerad,0.3,g
1320,Makrill stekt m. salt,Linolsyra C18:2,Fisk stekt ej panerad,0.3,g
1320,Makrill stekt m. salt,Oljesyra C18:1,Fisk stekt ej panerad,2.8,g
1320,Makrill stekt m. salt,Stearinsyra C18:0,Fisk stekt ej panerad,0.5,g
1320,Makrill stekt m. salt,Palmitoljesyra C16:1,Fisk stekt ej panerad,0.8,g
1320,Makrill stekt m. salt,Palmitinsyra C16:0,Fisk stekt ej panerad,2.8,g
1320,Makrill stekt m. salt,Myristinsyra C14:0,Fisk stekt ej panerad,1.5,g
1320,Makrill stekt m. salt,Laurinsyra C12:0,Fisk stekt ej panerad,0.0,g
1320,Makrill stekt m. salt,Betakaroten/β-Karoten,Fisk stekt ej panerad,0.0,µg
1320,Makrill stekt m. salt,Avfall (skal etc.),Fisk stekt ej panerad,41.0,%
1320,Makrill stekt m. salt,Aska,Fisk stekt ej panerad,1.8,g
1320,Makrill stekt m. salt,Alkohol,Fisk stekt ej panerad,0.0,g
1321,Piggvar kokt m. salt,"Zink, Zn",Fisk färsk fryst kokt,0.3,mg
1321,Piggvar kokt m. salt,Vitamin E,Fisk färsk fryst kokt,1.3,mg
1321,Piggvar kokt m. salt,Vitamin D,Fisk färsk fryst kokt,2.7,µg
1321,Piggvar kokt m. salt,Vitamin C,Fisk färsk fryst kokt,0.0,mg
1321,Piggvar kokt m. salt,Vitamin B6,Fisk färsk fryst kokt,0.25,mg
1321,Piggvar kokt m. salt,Vitamin B12,Fisk färsk fryst kokt,1.08,µg
1321,Piggvar kokt m. salt,Vitamin A,Fisk färsk fryst kokt,23.2,RE/µg
1321,Piggvar kokt m. salt,Vatten,Fisk färsk fryst kokt,66.5,g
1321,Piggvar kokt m. salt,Tiamin,Fisk färsk fryst kokt,0.02,mg
1321,Piggvar kokt m. salt,Tillsatt socker,Fisk färsk fryst kokt,0.0,g
1321,Piggvar kokt m. salt,Fritt socker,Fisk färsk fryst kokt,0.0,g
1321,Piggvar kokt m. salt,"Selen, Se",Fisk färsk fryst kokt,41.4,µg
1321,Piggvar kokt m. salt,Sackaros,Fisk färsk fryst kokt,0.0,g
1321,Piggvar kokt m. salt,Riboflavin,Fisk färsk fryst kokt,0.17,mg
1321,Piggvar kokt m. salt,Retinol,Fisk färsk fryst kokt,23.2,µg
1321,Piggvar kokt m. salt,Protein,Fisk färsk fryst kokt,27.6,g
1321,Piggvar kokt m. salt,Summa fleromättade fettsyror,Fisk färsk fryst kokt,1.4,g
1321,Piggvar kokt m. salt,"Fosfor, P",Fisk färsk fryst kokt,264.0,mg
1321,Piggvar kokt m. salt,Niacinekvivalenter,Fisk färsk fryst kokt,10.03,NE/mg
1321,Piggvar kokt m. salt,Niacin,Fisk färsk fryst kokt,4.96,mg
1321,Piggvar kokt m. salt,"Salt, NaCl",Fisk färsk fryst kokt,1.5,g
1321,Piggvar kokt m. salt,"Natrium, Na",Fisk färsk fryst kokt,597.0,mg
1321,Piggvar kokt m. salt,Monosackarider,Fisk färsk fryst kokt,0.0,g
1321,Piggvar kokt m. salt,"Sockerarter, totalt",Fisk färsk fryst kokt,0.0,g
1321,Piggvar kokt m. salt,Summa enkelomättade fettsyror,Fisk färsk fryst kokt,0.7,g
1321,Piggvar kokt m. salt,"Magnesium, Mg",Fisk färsk fryst kokt,75.0,mg
1321,Piggvar kokt m. salt,Summa mättade fettsyror,Fisk färsk fryst kokt,0.6,g
1321,Piggvar kokt m. salt,"Kolhydrater, tillgängliga",Fisk färsk fryst kokt,0.0,g
1321,Piggvar kokt m. salt,Kolesterol,Fisk färsk fryst kokt,82.7,mg
1321,Piggvar kokt m. salt,"Kalium, K",Fisk färsk fryst kokt,360.0,mg
1321,Piggvar kokt m. salt,"Jod, I",Fisk färsk fryst kokt,109.5,µg
1321,Piggvar kokt m. salt,Fullkorn totalt,Fisk färsk fryst kokt,0.0,g
1321,Piggvar kokt m. salt,"Folat, totalt",Fisk färsk fryst kokt,15.5,µg
1321,Piggvar kokt m. salt,Fibrer,Fisk färsk fryst kokt,0.0,g
1321,Piggvar kokt m. salt,"Fett, totalt",Fisk färsk fryst kokt,2.8,g
1321,Piggvar kokt m. salt,"Järn, Fe",Fisk färsk fryst kokt,0.8,mg
1321,Piggvar kokt m. salt,Energi (kJ),Fisk färsk fryst kokt,574.0,kJ
1321,Piggvar kokt m. salt,Energi (kcal),Fisk färsk fryst kokt,137.0,kcal
1321,Piggvar kokt m. salt,Disackarider,Fisk färsk fryst kokt,0.0,g
1321,Piggvar kokt m. salt,"Kalcium, Ca",Fisk färsk fryst kokt,30.0,mg
1321,Piggvar kokt m. salt,Fettsyra 4:0-10:0,Fisk färsk fryst kokt,0.0,g
1321,Piggvar kokt m. salt,DHA (C22:6),Fisk färsk fryst kokt,0.1,g
1321,Piggvar kokt m. salt,DPA (C22:5),Fisk färsk fryst kokt,0.1,g
1321,Piggvar kokt m. salt,EPA (C20:5),Fisk färsk fryst kokt,0.3,g
1321,Piggvar kokt m. salt,Arakidonsyra C20:4,Fisk färsk fryst kokt,0.0,g
1321,Piggvar kokt m. salt,Arakidinsyra C20:0,Fisk färsk fryst kokt,0.0,g
1321,Piggvar kokt m. salt,Linolensyra C18:3,Fisk färsk fryst kokt,0.1,g
1321,Piggvar kokt m. salt,Linolsyra C18:2,Fisk färsk fryst kokt,0.1,g
1321,Piggvar kokt m. salt,Oljesyra C18:1,Fisk färsk fryst kokt,0.3,g
1321,Piggvar kokt m. salt,Stearinsyra C18:0,Fisk färsk fryst kokt,0.0,g
1321,Piggvar kokt m. salt,Palmitoljesyra C16:1,Fisk färsk fryst kokt,0.1,g
1321,Piggvar kokt m. salt,Palmitinsyra C16:0,Fisk färsk fryst kokt,0.4,g
1321,Piggvar kokt m. salt,Myristinsyra C14:0,Fisk färsk fryst kokt,0.1,g
1321,Piggvar kokt m. salt,Laurinsyra C12:0,Fisk färsk fryst kokt,0.0,g
1321,Piggvar kokt m. salt,Betakaroten/β-Karoten,Fisk färsk fryst kokt,0.0,µg
1321,Piggvar kokt m. salt,Avfall (skal etc.),Fisk färsk fryst kokt,51.0,%
1321,Piggvar kokt m. salt,Aska,Fisk färsk fryst kokt,3.0,g
1321,Piggvar kokt m. salt,Alkohol,Fisk färsk fryst kokt,0.0,g
1322,Rödspätta filé kokt m. salt,"Zink, Zn",Fisk färsk fryst kokt,0.6,mg
1322,Rödspätta filé kokt m. salt,Vitamin E,Fisk färsk fryst kokt,1.3,mg
1322,Rödspätta filé kokt m. salt,Vitamin D inkl 25-OH-D3,Fisk färsk fryst kokt,7.02,µg
1322,Rödspätta filé kokt m. salt,Vitamin D,Fisk färsk fryst kokt,5.62,µg
1322,Rödspätta filé kokt m. salt,Vitamin C,Fisk färsk fryst kokt,0.0,mg
1322,Rödspätta filé kokt m. salt,Vitamin B6,Fisk färsk fryst kokt,0.18,mg
1322,Rödspätta filé kokt m. salt,Vitamin B12,Fisk färsk fryst kokt,1.06,µg
1322,Rödspätta filé kokt m. salt,Vitamin A,Fisk färsk fryst kokt,0.0,RE/µg
1322,Rödspätta filé kokt m. salt,Vatten,Fisk färsk fryst kokt,74.5,g
1322,Rödspätta filé kokt m. salt,Tiamin,Fisk färsk fryst kokt,0.12,mg
1322,Rödspätta filé kokt m. salt,Tillsatt socker,Fisk färsk fryst kokt,0.0,g
1322,Rödspätta filé kokt m. salt,Fritt socker,Fisk färsk fryst kokt,0.0,g
1322,Rödspätta filé kokt m. salt,"Selen, Se",Fisk färsk fryst kokt,107.5,µg
1322,Rödspätta filé kokt m. salt,Sackaros,Fisk färsk fryst kokt,0.0,g
1322,Rödspätta filé kokt m. salt,Riboflavin,Fisk färsk fryst kokt,0.16,mg
1322,Rödspätta filé kokt m. salt,Retinol,Fisk färsk fryst kokt,0.0,µg
1322,Rödspätta filé kokt m. salt,Protein,Fisk färsk fryst kokt,21.5,g
1322,Rödspätta filé kokt m. salt,Summa fleromättade fettsyror,Fisk färsk fryst kokt,0.3,g
1322,Rödspätta filé kokt m. salt,"Fosfor, P",Fisk färsk fryst kokt,209.0,mg
1322,Rödspätta filé kokt m. salt,Niacinekvivalenter,Fisk färsk fryst kokt,6.24,NE/mg
1322,Rödspätta filé kokt m. salt,Niacin,Fisk färsk fryst kokt,2.67,mg
1322,Rödspätta filé kokt m. salt,"Salt, NaCl",Fisk färsk fryst kokt,2.3,g
1322,Rödspätta filé kokt m. salt,"Natrium, Na",Fisk färsk fryst kokt,931.0,mg
1322,Rödspätta filé kokt m. salt,Monosackarider,Fisk färsk fryst kokt,0.0,g
1322,Rödspätta filé kokt m. salt,"Sockerarter, totalt",Fisk färsk fryst kokt,0.0,g
1322,Rödspätta filé kokt m. salt,Summa enkelomättade fettsyror,Fisk färsk fryst kokt,0.2,g
1322,Rödspätta filé kokt m. salt,"Magnesium, Mg",Fisk färsk fryst kokt,23.0,mg
1322,Rödspätta filé kokt m. salt,Summa mättade fettsyror,Fisk färsk fryst kokt,0.2,g
1322,Rödspätta filé kokt m. salt,"Kolhydrater, tillgängliga",Fisk färsk fryst kokt,0.0,g
1322,Rödspätta filé kokt m. salt,Kolesterol,Fisk färsk fryst kokt,55.8,mg
1322,Rödspätta filé kokt m. salt,"Kalium, K",Fisk färsk fryst kokt,221.0,mg
1322,Rödspätta filé kokt m. salt,"Jod, I",Fisk färsk fryst kokt,90.5,µg
1322,Rödspätta filé kokt m. salt,Fullkorn totalt,Fisk färsk fryst kokt,0.0,g
1322,Rödspätta filé kokt m. salt,"Folat, totalt",Fisk färsk fryst kokt,17.5,µg
1322,Rödspätta filé kokt m. salt,Fibrer,Fisk färsk fryst kokt,0.0,g
1322,Rödspätta filé kokt m. salt,"Fett, totalt",Fisk färsk fryst kokt,1.0,g
1322,Rödspätta filé kokt m. salt,"Järn, Fe",Fisk färsk fryst kokt,0.2,mg
1322,Rödspätta filé kokt m. salt,Energi (kJ),Fisk färsk fryst kokt,406.0,kJ
1322,Rödspätta filé kokt m. salt,Energi (kcal),Fisk färsk fryst kokt,97.0,kcal
1322,Rödspätta filé kokt m. salt,Disackarider,Fisk färsk fryst kokt,0.0,g
1322,Rödspätta filé kokt m. salt,"Kalcium, Ca",Fisk färsk fryst kokt,43.0,mg
1322,Rödspätta filé kokt m. salt,Fettsyra 4:0-10:0,Fisk färsk fryst kokt,0.0,g
1322,Rödspätta filé kokt m. salt,DHA (C22:6),Fisk färsk fryst kokt,0.1,g
1322,Rödspätta filé kokt m. salt,DPA (C22:5),Fisk färsk fryst kokt,0.0,g
1322,Rödspätta filé kokt m. salt,EPA (C20:5),Fisk färsk fryst kokt,0.1,g
1322,Rödspätta filé kokt m. salt,Arakidonsyra C20:4,Fisk färsk fryst kokt,0.0,g
1322,Rödspätta filé kokt m. salt,Arakidinsyra C20:0,Fisk färsk fryst kokt,0.0,g
1322,Rödspätta filé kokt m. salt,Linolensyra C18:3,Fisk färsk fryst kokt,0.0,g
1322,Rödspätta filé kokt m. salt,Linolsyra C18:2,Fisk färsk fryst kokt,0.0,g
1322,Rödspätta filé kokt m. salt,Oljesyra C18:1,Fisk färsk fryst kokt,0.1,g
1322,Rödspätta filé kokt m. salt,Stearinsyra C18:0,Fisk färsk fryst kokt,0.0,g
1322,Rödspätta filé kokt m. salt,Palmitoljesyra C16:1,Fisk färsk fryst kokt,0.1,g
1322,Rödspätta filé kokt m. salt,Palmitinsyra C16:0,Fisk färsk fryst kokt,0.1,g
1322,Rödspätta filé kokt m. salt,Myristinsyra C14:0,Fisk färsk fryst kokt,0.0,g
1322,Rödspätta filé kokt m. salt,Laurinsyra C12:0,Fisk färsk fryst kokt,0.0,g
1322,Rödspätta filé kokt m. salt,Betakaroten/β-Karoten,Fisk färsk fryst kokt,0.0,µg
1322,Rödspätta filé kokt m. salt,Avfall (skal etc.),Fisk färsk fryst kokt,49.0,%
1322,Rödspätta filé kokt m. salt,Aska,Fisk färsk fryst kokt,3.5,g
1322,Rödspätta filé kokt m. salt,Alkohol,Fisk färsk fryst kokt,0.0,g
1323,Rödspätta filé panerad stekt m. salt,"Zink, Zn",Fisk o skaldjursprodukter o rätter,0.6,mg
1323,Rödspätta filé panerad stekt m. salt,Vitamin E,Fisk o skaldjursprodukter o rätter,3.3,mg
1323,Rödspätta filé panerad stekt m. salt,Vitamin D,Fisk o skaldjursprodukter o rätter,4.03,µg
1323,Rödspätta filé panerad stekt m. salt,Vitamin C,Fisk o skaldjursprodukter o rätter,0.1,mg
1323,Rödspätta filé panerad stekt m. salt,Vitamin B6,Fisk o skaldjursprodukter o rätter,0.14,mg
1323,Rödspätta filé panerad stekt m. salt,Vitamin B12,Fisk o skaldjursprodukter o rätter,0.68,µg
1323,Rödspätta filé panerad stekt m. salt,Vitamin A,Fisk o skaldjursprodukter o rätter,44.2,RE/µg
1323,Rödspätta filé panerad stekt m. salt,Vatten,Fisk o skaldjursprodukter o rätter,66.1,g
1323,Rödspätta filé panerad stekt m. salt,Tiamin,Fisk o skaldjursprodukter o rätter,0.1,mg
1323,Rödspätta filé panerad stekt m. salt,Tillsatt socker,Fisk o skaldjursprodukter o rätter,0.0,g
1323,Rödspätta filé panerad stekt m. salt,Fritt socker,Fisk o skaldjursprodukter o rätter,0.0,g
1323,Rödspätta filé panerad stekt m. salt,"Selen, Se",Fisk o skaldjursprodukter o rätter,68.0,µg
1323,Rödspätta filé panerad stekt m. salt,Sackaros,Fisk o skaldjursprodukter o rätter,0.0,g
1323,Rödspätta filé panerad stekt m. salt,Riboflavin,Fisk o skaldjursprodukter o rätter,0.16,mg
1323,Rödspätta filé panerad stekt m. salt,Retinol,Fisk o skaldjursprodukter o rätter,32.7,µg
1323,Rödspätta filé panerad stekt m. salt,Protein,Fisk o skaldjursprodukter o rätter,15.1,g
1323,Rödspätta filé panerad stekt m. salt,Summa fleromättade fettsyror,Fisk o skaldjursprodukter o rätter,2.5,g
1323,Rödspätta filé panerad stekt m. salt,"Fosfor, P",Fisk o skaldjursprodukter o rätter,158.0,mg
1323,Rödspätta filé panerad stekt m. salt,Niacinekvivalenter,Fisk o skaldjursprodukter o rätter,4.34,NE/mg
1323,Rödspätta filé panerad stekt m. salt,Niacin,Fisk o skaldjursprodukter o rätter,1.73,mg
1323,Rödspätta filé panerad stekt m. salt,"Salt, NaCl",Fisk o skaldjursprodukter o rätter,2.2,g
1323,Rödspätta filé panerad stekt m. salt,"Natrium, Na",Fisk o skaldjursprodukter o rätter,881.0,mg
1323,Rödspätta filé panerad stekt m. salt,Monosackarider,Fisk o skaldjursprodukter o rätter,0.1,g
1323,Rödspätta filé panerad stekt m. salt,"Sockerarter, totalt",Fisk o skaldjursprodukter o rätter,0.3,g
1323,Rödspätta filé panerad stekt m. salt,Summa enkelomättade fettsyror,Fisk o skaldjursprodukter o rätter,4.7,g
1323,Rödspätta filé panerad stekt m. salt,"Magnesium, Mg",Fisk o skaldjursprodukter o rätter,19.0,mg
1323,Rödspätta filé panerad stekt m. salt,Summa mättade fettsyror,Fisk o skaldjursprodukter o rätter,1.1,g
1323,Rödspätta filé panerad stekt m. salt,"Kolhydrater, tillgängliga",Fisk o skaldjursprodukter o rätter,6.5,g
1323,Rödspätta filé panerad stekt m. salt,Kolesterol,Fisk o skaldjursprodukter o rätter,66.4,mg
1323,Rödspätta filé panerad stekt m. salt,"Kalium, K",Fisk o skaldjursprodukter o rätter,185.0,mg
1323,Rödspätta filé panerad stekt m. salt,"Jod, I",Fisk o skaldjursprodukter o rätter,93.2,µg
1323,Rödspätta filé panerad stekt m. salt,Fullkorn totalt,Fisk o skaldjursprodukter o rätter,1.0,g
1323,Rödspätta filé panerad stekt m. salt,"Folat, totalt",Fisk o skaldjursprodukter o rätter,19.6,µg
1323,Rödspätta filé panerad stekt m. salt,Fibrer,Fisk o skaldjursprodukter o rätter,0.6,g
1323,Rödspätta filé panerad stekt m. salt,"Fett, totalt",Fisk o skaldjursprodukter o rätter,9.1,g
1323,Rödspätta filé panerad stekt m. salt,"Järn, Fe",Fisk o skaldjursprodukter o rätter,0.4,mg
1323,Rödspätta filé panerad stekt m. salt,Energi (kJ),Fisk o skaldjursprodukter o rätter,707.0,kJ
1323,Rödspätta filé panerad stekt m. salt,Energi (kcal),Fisk o skaldjursprodukter o rätter,169.0,kcal
1323,Rödspätta filé panerad stekt m. salt,Disackarider,Fisk o skaldjursprodukter o rätter,0.2,g
1323,Rödspätta filé panerad stekt m. salt,"Kalcium, Ca",Fisk o skaldjursprodukter o rätter,36.0,mg
1323,Rödspätta filé panerad stekt m. salt,Fettsyra 4:0-10:0,Fisk o skaldjursprodukter o rätter,0.0,g
1323,Rödspätta filé panerad stekt m. salt,DHA (C22:6),Fisk o skaldjursprodukter o rätter,0.1,g
1323,Rödspätta filé panerad stekt m. salt,DPA (C22:5),Fisk o skaldjursprodukter o rätter,0.0,g
1323,Rödspätta filé panerad stekt m. salt,EPA (C20:5),Fisk o skaldjursprodukter o rätter,0.0,g
1323,Rödspätta filé panerad stekt m. salt,Arakidonsyra C20:4,Fisk o skaldjursprodukter o rätter,0.0,g
1323,Rödspätta filé panerad stekt m. salt,Arakidinsyra C20:0,Fisk o skaldjursprodukter o rätter,0.0,g
1323,Rödspätta filé panerad stekt m. salt,Linolensyra C18:3,Fisk o skaldjursprodukter o rätter,0.5,g
1323,Rödspätta filé panerad stekt m. salt,Linolsyra C18:2,Fisk o skaldjursprodukter o rätter,1.8,g
1323,Rödspätta filé panerad stekt m. salt,Oljesyra C18:1,Fisk o skaldjursprodukter o rätter,4.5,g
1323,Rödspätta filé panerad stekt m. salt,Stearinsyra C18:0,Fisk o skaldjursprodukter o rätter,0.2,g
1323,Rödspätta filé panerad stekt m. salt,Palmitoljesyra C16:1,Fisk o skaldjursprodukter o rätter,0.1,g
1323,Rödspätta filé panerad stekt m. salt,Palmitinsyra C16:0,Fisk o skaldjursprodukter o rätter,0.7,g
1323,Rödspätta filé panerad stekt m. salt,Myristinsyra C14:0,Fisk o skaldjursprodukter o rätter,0.0,g
1323,Rödspätta filé panerad stekt m. salt,Laurinsyra C12:0,Fisk o skaldjursprodukter o rätter,0.0,g
1323,Rödspätta filé panerad stekt m. salt,Betakaroten/β-Karoten,Fisk o skaldjursprodukter o rätter,9.0,µg
1323,Rödspätta filé panerad stekt m. salt,Avfall (skal etc.),Fisk o skaldjursprodukter o rätter,40.0,%
1323,Rödspätta filé panerad stekt m. salt,Aska,Fisk o skaldjursprodukter o rätter,3.0,g
1323,Rödspätta filé panerad stekt m. salt,Alkohol,Fisk o skaldjursprodukter o rätter,0.0,g
1324,Rödspätta filé stekt m. salt,"Zink, Zn",Fisk stekt ej panerad,0.5,mg
1324,Rödspätta filé stekt m. salt,Vitamin E,Fisk stekt ej panerad,1.0,mg
1324,Rödspätta filé stekt m. salt,Vitamin D inkl 25-OH-D3,Fisk stekt ej panerad,5.75,µg
1324,Rödspätta filé stekt m. salt,Vitamin D,Fisk stekt ej panerad,4.89,µg
1324,Rödspätta filé stekt m. salt,Vitamin C,Fisk stekt ej panerad,0.0,mg
1324,Rödspätta filé stekt m. salt,Vitamin B6,Fisk stekt ej panerad,0.17,mg
1324,Rödspätta filé stekt m. salt,Vitamin B12,Fisk stekt ej panerad,0.73,µg
1324,Rödspätta filé stekt m. salt,Vitamin A,Fisk stekt ej panerad,0.0,RE/µg
1324,Rödspätta filé stekt m. salt,Vatten,Fisk stekt ej panerad,79.3,g
1324,Rödspätta filé stekt m. salt,Tiamin,Fisk stekt ej panerad,0.1,mg
1324,Rödspätta filé stekt m. salt,Tillsatt socker,Fisk stekt ej panerad,0.0,g
1324,Rödspätta filé stekt m. salt,Fritt socker,Fisk stekt ej panerad,0.0,g
1324,Rödspätta filé stekt m. salt,"Selen, Se",Fisk stekt ej panerad,88.0,µg
1324,Rödspätta filé stekt m. salt,Sackaros,Fisk stekt ej panerad,0.0,g
1324,Rödspätta filé stekt m. salt,Riboflavin,Fisk stekt ej panerad,0.17,mg
1324,Rödspätta filé stekt m. salt,Retinol,Fisk stekt ej panerad,0.0,µg
1324,Rödspätta filé stekt m. salt,Protein,Fisk stekt ej panerad,17.6,g
1324,Rödspätta filé stekt m. salt,Summa fleromättade fettsyror,Fisk stekt ej panerad,0.3,g
1324,Rödspätta filé stekt m. salt,"Fosfor, P",Fisk stekt ej panerad,171.0,mg
1324,Rödspätta filé stekt m. salt,Niacinekvivalenter,Fisk stekt ej panerad,5.11,NE/mg
1324,Rödspätta filé stekt m. salt,Niacin,Fisk stekt ej panerad,2.19,mg
1324,Rödspätta filé stekt m. salt,"Salt, NaCl",Fisk stekt ej panerad,1.7,g
1324,Rödspätta filé stekt m. salt,"Natrium, Na",Fisk stekt ej panerad,698.0,mg
1324,Rödspätta filé stekt m. salt,Monosackarider,Fisk stekt ej panerad,0.0,g
1324,Rödspätta filé stekt m. salt,"Sockerarter, totalt",Fisk stekt ej panerad,0.0,g
1324,Rödspätta filé stekt m. salt,Summa enkelomättade fettsyror,Fisk stekt ej panerad,0.1,g
1324,Rödspätta filé stekt m. salt,"Magnesium, Mg",Fisk stekt ej panerad,19.0,mg
1324,Rödspätta filé stekt m. salt,Summa mättade fettsyror,Fisk stekt ej panerad,0.1,g
1324,Rödspätta filé stekt m. salt,"Kolhydrater, tillgängliga",Fisk stekt ej panerad,0.0,g
1324,Rödspätta filé stekt m. salt,Kolesterol,Fisk stekt ej panerad,45.7,mg
1324,Rödspätta filé stekt m. salt,"Kalium, K",Fisk stekt ej panerad,205.0,mg
1324,Rödspätta filé stekt m. salt,"Jod, I",Fisk stekt ej panerad,65.9,µg
1324,Rödspätta filé stekt m. salt,Fullkorn totalt,Fisk stekt ej panerad,0.0,g
1324,Rödspätta filé stekt m. salt,"Folat, totalt",Fisk stekt ej panerad,13.5,µg
1324,Rödspätta filé stekt m. salt,Fibrer,Fisk stekt ej panerad,0.0,g
1324,Rödspätta filé stekt m. salt,"Fett, totalt",Fisk stekt ej panerad,0.9,g
1324,Rödspätta filé stekt m. salt,"Järn, Fe",Fisk stekt ej panerad,0.2,mg
1324,Rödspätta filé stekt m. salt,Energi (kJ),Fisk stekt ej panerad,332.0,kJ
1324,Rödspätta filé stekt m. salt,Energi (kcal),Fisk stekt ej panerad,79.0,kcal
1324,Rödspätta filé stekt m. salt,Disackarider,Fisk stekt ej panerad,0.0,g
1324,Rödspätta filé stekt m. salt,"Kalcium, Ca",Fisk stekt ej panerad,35.0,mg
1324,Rödspätta filé stekt m. salt,Fettsyra 4:0-10:0,Fisk stekt ej panerad,0.0,g
1324,Rödspätta filé stekt m. salt,DHA (C22:6),Fisk stekt ej panerad,0.1,g
1324,Rödspätta filé stekt m. salt,DPA (C22:5),Fisk stekt ej panerad,0.0,g
1324,Rödspätta filé stekt m. salt,EPA (C20:5),Fisk stekt ej panerad,0.1,g
1324,Rödspätta filé stekt m. salt,Arakidonsyra C20:4,Fisk stekt ej panerad,0.0,g
1324,Rödspätta filé stekt m. salt,Arakidinsyra C20:0,Fisk stekt ej panerad,0.0,g
1324,Rödspätta filé stekt m. salt,Linolensyra C18:3,Fisk stekt ej panerad,0.0,g
1324,Rödspätta filé stekt m. salt,Linolsyra C18:2,Fisk stekt ej panerad,0.0,g
1324,Rödspätta filé stekt m. salt,Oljesyra C18:1,Fisk stekt ej panerad,0.1,g
1324,Rödspätta filé stekt m. salt,Stearinsyra C18:0,Fisk stekt ej panerad,0.0,g
1324,Rödspätta filé stekt m. salt,Palmitoljesyra C16:1,Fisk stekt ej panerad,0.0,g
1324,Rödspätta filé stekt m. salt,Palmitinsyra C16:0,Fisk stekt ej panerad,0.1,g
1324,Rödspätta filé stekt m. salt,Myristinsyra C14:0,Fisk stekt ej panerad,0.0,g
1324,Rödspätta filé stekt m. salt,Laurinsyra C12:0,Fisk stekt ej panerad,0.0,g
1324,Rödspätta filé stekt m. salt,Betakaroten/β-Karoten,Fisk stekt ej panerad,0.0,µg
1324,Rödspätta filé stekt m. salt,Avfall (skal etc.),Fisk stekt ej panerad,49.0,%
1324,Rödspätta filé stekt m. salt,Aska,Fisk stekt ej panerad,2.7,g
1324,Rödspätta filé stekt m. salt,Alkohol,Fisk stekt ej panerad,0.0,g
1325,Sik kokt m. salt,"Zink, Zn",Fisk färsk fryst kokt,0.6,mg
1325,Sik kokt m. salt,Vitamin E,Fisk färsk fryst kokt,0.7,mg
1325,Sik kokt m. salt,Vitamin D,Fisk färsk fryst kokt,10.32,µg
1325,Sik kokt m. salt,Vitamin C,Fisk färsk fryst kokt,0.0,mg
1325,Sik kokt m. salt,Vitamin B6,Fisk färsk fryst kokt,0.58,mg
1325,Sik kokt m. salt,Vitamin B12,Fisk färsk fryst kokt,3.37,µg
1325,Sik kokt m. salt,Vitamin A,Fisk färsk fryst kokt,0.0,RE/µg
1325,Sik kokt m. salt,Vatten,Fisk färsk fryst kokt,62.3,g
1325,Sik kokt m. salt,Tiamin,Fisk färsk fryst kokt,0.12,mg
1325,Sik kokt m. salt,Tillsatt socker,Fisk färsk fryst kokt,0.0,g
1325,Sik kokt m. salt,Fritt socker,Fisk färsk fryst kokt,0.0,g
1325,Sik kokt m. salt,"Selen, Se",Fisk färsk fryst kokt,40.1,µg
1325,Sik kokt m. salt,Sackaros,Fisk färsk fryst kokt,0.0,g
1325,Sik kokt m. salt,Riboflavin,Fisk färsk fryst kokt,0.06,mg
1325,Sik kokt m. salt,Retinol,Fisk färsk fryst kokt,0.0,µg
1325,Sik kokt m. salt,Protein,Fisk färsk fryst kokt,33.7,g
1325,Sik kokt m. salt,Summa fleromättade fettsyror,Fisk färsk fryst kokt,0.3,g
1325,Sik kokt m. salt,"Fosfor, P",Fisk färsk fryst kokt,401.0,mg
1325,Sik kokt m. salt,Niacinekvivalenter,Fisk färsk fryst kokt,16.12,NE/mg
1325,Sik kokt m. salt,Niacin,Fisk färsk fryst kokt,10.03,mg
1325,Sik kokt m. salt,"Salt, NaCl",Fisk färsk fryst kokt,1.2,g
1325,Sik kokt m. salt,"Natrium, Na",Fisk färsk fryst kokt,466.0,mg
1325,Sik kokt m. salt,Monosackarider,Fisk färsk fryst kokt,0.0,g
1325,Sik kokt m. salt,"Sockerarter, totalt",Fisk färsk fryst kokt,0.0,g
1325,Sik kokt m. salt,Summa enkelomättade fettsyror,Fisk färsk fryst kokt,0.2,g
1325,Sik kokt m. salt,"Magnesium, Mg",Fisk färsk fryst kokt,46.0,mg
1325,Sik kokt m. salt,Summa mättade fettsyror,Fisk färsk fryst kokt,0.2,g
1325,Sik kokt m. salt,"Kolhydrater, tillgängliga",Fisk färsk fryst kokt,0.0,g
1325,Sik kokt m. salt,Kolesterol,Fisk färsk fryst kokt,76.3,mg
1325,Sik kokt m. salt,"Kalium, K",Fisk färsk fryst kokt,587.0,mg
1325,Sik kokt m. salt,"Jod, I",Fisk färsk fryst kokt,68.0,µg
1325,Sik kokt m. salt,Fullkorn totalt,Fisk färsk fryst kokt,0.0,g
1325,Sik kokt m. salt,"Folat, totalt",Fisk färsk fryst kokt,14.7,µg
1325,Sik kokt m. salt,Fibrer,Fisk färsk fryst kokt,0.0,g
1325,Sik kokt m. salt,"Fett, totalt",Fisk färsk fryst kokt,1.0,g
1325,Sik kokt m. salt,"Järn, Fe",Fisk färsk fryst kokt,0.4,mg
1325,Sik kokt m. salt,Energi (kJ),Fisk färsk fryst kokt,611.0,kJ
1325,Sik kokt m. salt,Energi (kcal),Fisk färsk fryst kokt,145.0,kcal
1325,Sik kokt m. salt,Disackarider,Fisk färsk fryst kokt,0.0,g
1325,Sik kokt m. salt,"Kalcium, Ca",Fisk färsk fryst kokt,21.0,mg
1325,Sik kokt m. salt,Fettsyra 4:0-10:0,Fisk färsk fryst kokt,0.0,g
1325,Sik kokt m. salt,DHA (C22:6),Fisk färsk fryst kokt,0.2,g
1325,Sik kokt m. salt,DPA (C22:5),Fisk färsk fryst kokt,0.0,g
1325,Sik kokt m. salt,EPA (C20:5),Fisk färsk fryst kokt,0.1,g
1325,Sik kokt m. salt,Arakidonsyra C20:4,Fisk färsk fryst kokt,0.0,g
1325,Sik kokt m. salt,Arakidinsyra C20:0,Fisk färsk fryst kokt,0.0,g
1325,Sik kokt m. salt,Linolensyra C18:3,Fisk färsk fryst kokt,0.0,g
1325,Sik kokt m. salt,Linolsyra C18:2,Fisk färsk fryst kokt,0.0,g
1325,Sik kokt m. salt,Oljesyra C18:1,Fisk färsk fryst kokt,0.1,g
1325,Sik kokt m. salt,Stearinsyra C18:0,Fisk färsk fryst kokt,0.0,g
1325,Sik kokt m. salt,Palmitoljesyra C16:1,Fisk färsk fryst kokt,0.1,g
1325,Sik kokt m. salt,Palmitinsyra C16:0,Fisk färsk fryst kokt,0.1,g
1325,Sik kokt m. salt,Myristinsyra C14:0,Fisk färsk fryst kokt,0.0,g
1325,Sik kokt m. salt,Laurinsyra C12:0,Fisk färsk fryst kokt,0.0,g
1325,Sik kokt m. salt,Betakaroten/β-Karoten,Fisk färsk fryst kokt,0.0,µg
1325,Sik kokt m. salt,Avfall (skal etc.),Fisk färsk fryst kokt,40.0,%
1325,Sik kokt m. salt,Aska,Fisk färsk fryst kokt,3.1,g
1325,Sik kokt m. salt,Alkohol,Fisk färsk fryst kokt,0.0,g
1326,Sik panerad stekt,"Zink, Zn",Fisk o skaldjursprodukter o rätter,0.6,mg
1326,Sik panerad stekt,Vitamin E,Fisk o skaldjursprodukter o rätter,2.9,mg
1326,Sik panerad stekt,Vitamin D,Fisk o skaldjursprodukter o rätter,7.33,µg
1326,Sik panerad stekt,Vitamin C,Fisk o skaldjursprodukter o rätter,0.1,mg
1326,Sik panerad stekt,Vitamin B6,Fisk o skaldjursprodukter o rätter,0.43,mg
1326,Sik panerad stekt,Vitamin B12,Fisk o skaldjursprodukter o rätter,1.93,µg
1326,Sik panerad stekt,Vitamin A,Fisk o skaldjursprodukter o rätter,42.8,RE/µg
1326,Sik panerad stekt,Vatten,Fisk o skaldjursprodukter o rätter,58.3,g
1326,Sik panerad stekt,Tiamin,Fisk o skaldjursprodukter o rätter,0.1,mg
1326,Sik panerad stekt,Tillsatt socker,Fisk o skaldjursprodukter o rätter,0.0,g
1326,Sik panerad stekt,Fritt socker,Fisk o skaldjursprodukter o rätter,0.0,g
1326,Sik panerad stekt,"Selen, Se",Fisk o skaldjursprodukter o rätter,28.1,µg
1326,Sik panerad stekt,Sackaros,Fisk o skaldjursprodukter o rätter,0.0,g
1326,Sik panerad stekt,Riboflavin,Fisk o skaldjursprodukter o rätter,0.09,mg
1326,Sik panerad stekt,Retinol,Fisk o skaldjursprodukter o rätter,31.7,µg
1326,Sik panerad stekt,Protein,Fisk o skaldjursprodukter o rätter,23.3,g
1326,Sik panerad stekt,Summa fleromättade fettsyror,Fisk o skaldjursprodukter o rätter,2.4,g
1326,Sik panerad stekt,"Fosfor, P",Fisk o skaldjursprodukter o rätter,284.0,mg
1326,Sik panerad stekt,Niacinekvivalenter,Fisk o skaldjursprodukter o rätter,10.73,NE/mg
1326,Sik panerad stekt,Niacin,Fisk o skaldjursprodukter o rätter,6.45,mg
1326,Sik panerad stekt,"Salt, NaCl",Fisk o skaldjursprodukter o rätter,1.5,g
1326,Sik panerad stekt,"Natrium, Na",Fisk o skaldjursprodukter o rätter,601.0,mg
1326,Sik panerad stekt,Monosackarider,Fisk o skaldjursprodukter o rätter,0.1,g
1326,Sik panerad stekt,"Sockerarter, totalt",Fisk o skaldjursprodukter o rätter,0.3,g
1326,Sik panerad stekt,Summa enkelomättade fettsyror,Fisk o skaldjursprodukter o rätter,4.6,g
1326,Sik panerad stekt,"Magnesium, Mg",Fisk o skaldjursprodukter o rätter,34.0,mg
1326,Sik panerad stekt,Summa mättade fettsyror,Fisk o skaldjursprodukter o rätter,1.1,g
1326,Sik panerad stekt,"Kolhydrater, tillgängliga",Fisk o skaldjursprodukter o rätter,6.3,g
1326,Sik panerad stekt,Kolesterol,Fisk o skaldjursprodukter o rätter,79.7,mg
1326,Sik panerad stekt,"Kalium, K",Fisk o skaldjursprodukter o rätter,452.0,mg
1326,Sik panerad stekt,"Jod, I",Fisk o skaldjursprodukter o rätter,80.1,µg
1326,Sik panerad stekt,Fullkorn totalt,Fisk o skaldjursprodukter o rätter,1.0,g
1326,Sik panerad stekt,"Folat, totalt",Fisk o skaldjursprodukter o rätter,18.0,µg
1326,Sik panerad stekt,Fibrer,Fisk o skaldjursprodukter o rätter,0.5,g
1326,Sik panerad stekt,"Fett, totalt",Fisk o skaldjursprodukter o rätter,8.8,g
1326,Sik panerad stekt,"Järn, Fe",Fisk o skaldjursprodukter o rätter,0.5,mg
1326,Sik panerad stekt,Energi (kJ),Fisk o skaldjursprodukter o rätter,833.0,kJ
1326,Sik panerad stekt,Energi (kcal),Fisk o skaldjursprodukter o rätter,198.0,kcal
1326,Sik panerad stekt,Disackarider,Fisk o skaldjursprodukter o rätter,0.2,g
1326,Sik panerad stekt,"Kalcium, Ca",Fisk o skaldjursprodukter o rätter,23.0,mg
1326,Sik panerad stekt,Fettsyra 4:0-10:0,Fisk o skaldjursprodukter o rätter,0.0,g
1326,Sik panerad stekt,DHA (C22:6),Fisk o skaldjursprodukter o rätter,0.1,g
1326,Sik panerad stekt,DPA (C22:5),Fisk o skaldjursprodukter o rätter,0.0,g
1326,Sik panerad stekt,EPA (C20:5),Fisk o skaldjursprodukter o rätter,0.0,g
1326,Sik panerad stekt,Arakidonsyra C20:4,Fisk o skaldjursprodukter o rätter,0.0,g
1326,Sik panerad stekt,Arakidinsyra C20:0,Fisk o skaldjursprodukter o rätter,0.0,g
1326,Sik panerad stekt,Linolensyra C18:3,Fisk o skaldjursprodukter o rätter,0.5,g
1326,Sik panerad stekt,Linolsyra C18:2,Fisk o skaldjursprodukter o rätter,1.7,g
1326,Sik panerad stekt,Oljesyra C18:1,Fisk o skaldjursprodukter o rätter,4.4,g
1326,Sik panerad stekt,Stearinsyra C18:0,Fisk o skaldjursprodukter o rätter,0.2,g
1326,Sik panerad stekt,Palmitoljesyra C16:1,Fisk o skaldjursprodukter o rätter,0.1,g
1326,Sik panerad stekt,Palmitinsyra C16:0,Fisk o skaldjursprodukter o rätter,0.7,g
1326,Sik panerad stekt,Myristinsyra C14:0,Fisk o skaldjursprodukter o rätter,0.0,g
1326,Sik panerad stekt,Laurinsyra C12:0,Fisk o skaldjursprodukter o rätter,0.0,g
1326,Sik panerad stekt,Betakaroten/β-Karoten,Fisk o skaldjursprodukter o rätter,9.0,µg
1326,Sik panerad stekt,Avfall (skal etc.),Fisk o skaldjursprodukter o rätter,33.0,%
1326,Sik panerad stekt,Aska,Fisk o skaldjursprodukter o rätter,2.8,g
1326,Sik panerad stekt,Alkohol,Fisk o skaldjursprodukter o rätter,0.0,g
1327,Saltsill kokt,"Zink, Zn",Fisk färsk fryst kokt,0.8,mg
1327,Saltsill kokt,Vitamin E,Fisk färsk fryst kokt,1.2,mg
1327,Saltsill kokt,Vitamin D,Fisk färsk fryst kokt,4.74,µg
1327,Saltsill kokt,Vitamin C,Fisk färsk fryst kokt,0.0,mg
1327,Saltsill kokt,Vitamin B6,Fisk färsk fryst kokt,0.1,mg
1327,Saltsill kokt,Vitamin B12,Fisk färsk fryst kokt,4.0,µg
1327,Saltsill kokt,Vitamin A,Fisk färsk fryst kokt,11.8,RE/µg
1327,Saltsill kokt,Vatten,Fisk färsk fryst kokt,58.5,g
1327,Saltsill kokt,Tiamin,Fisk färsk fryst kokt,0.03,mg
1327,Saltsill kokt,Tillsatt socker,Fisk färsk fryst kokt,0.0,g
1327,Saltsill kokt,Fritt socker,Fisk färsk fryst kokt,0.0,g
1327,Saltsill kokt,"Selen, Se",Fisk färsk fryst kokt,26.1,µg
1327,Saltsill kokt,Sackaros,Fisk färsk fryst kokt,0.0,g
1327,Saltsill kokt,Riboflavin,Fisk färsk fryst kokt,0.14,mg
1327,Saltsill kokt,Retinol,Fisk färsk fryst kokt,11.8,µg
1327,Saltsill kokt,Protein,Fisk färsk fryst kokt,19.5,g
1327,Saltsill kokt,Summa fleromättade fettsyror,Fisk färsk fryst kokt,4.9,g
1327,Saltsill kokt,"Fosfor, P",Fisk färsk fryst kokt,64.0,mg
1327,Saltsill kokt,Niacinekvivalenter,Fisk färsk fryst kokt,6.55,NE/mg
1327,Saltsill kokt,Niacin,Fisk färsk fryst kokt,2.96,mg
1327,Saltsill kokt,"Salt, NaCl",Fisk färsk fryst kokt,2.8,g
1327,Saltsill kokt,"Natrium, Na",Fisk färsk fryst kokt,1137.0,mg
1327,Saltsill kokt,Monosackarider,Fisk färsk fryst kokt,0.0,g
1327,Saltsill kokt,"Sockerarter, totalt",Fisk färsk fryst kokt,0.0,g
1327,Saltsill kokt,Summa enkelomättade fettsyror,Fisk färsk fryst kokt,7.9,g
1327,Saltsill kokt,"Magnesium, Mg",Fisk färsk fryst kokt,14.0,mg
1327,Saltsill kokt,Summa mättade fettsyror,Fisk färsk fryst kokt,4.3,g
1327,Saltsill kokt,"Kolhydrater, tillgängliga",Fisk färsk fryst kokt,0.0,g
1327,Saltsill kokt,Kolesterol,Fisk färsk fryst kokt,94.8,mg
1327,Saltsill kokt,"Kalium, K",Fisk färsk fryst kokt,46.0,mg
1327,Saltsill kokt,"Jod, I",Fisk färsk fryst kokt,49.2,µg
1327,Saltsill kokt,Fullkorn totalt,Fisk färsk fryst kokt,0.0,g
1327,Saltsill kokt,"Folat, totalt",Fisk färsk fryst kokt,5.0,µg
1327,Saltsill kokt,Fibrer,Fisk färsk fryst kokt,0.0,g
1327,Saltsill kokt,"Fett, totalt",Fisk färsk fryst kokt,19.0,g
1327,Saltsill kokt,"Järn, Fe",Fisk färsk fryst kokt,1.1,mg
1327,Saltsill kokt,Energi (kJ),Fisk färsk fryst kokt,1033.0,kJ
1327,Saltsill kokt,Energi (kcal),Fisk färsk fryst kokt,246.0,kcal
1327,Saltsill kokt,Disackarider,Fisk färsk fryst kokt,0.0,g
1327,Saltsill kokt,"Kalcium, Ca",Fisk färsk fryst kokt,21.0,mg
1327,Saltsill kokt,Fettsyra 4:0-10:0,Fisk färsk fryst kokt,0.0,g
1327,Saltsill kokt,DHA (C22:6),Fisk färsk fryst kokt,1.7,g
1327,Saltsill kokt,DPA (C22:5),Fisk färsk fryst kokt,0.1,g
1327,Saltsill kokt,EPA (C20:5),Fisk färsk fryst kokt,1.1,g
1327,Saltsill kokt,Arakidonsyra C20:4,Fisk färsk fryst kokt,0.1,g
1327,Saltsill kokt,Arakidinsyra C20:0,Fisk färsk fryst kokt,0.0,g
1327,Saltsill kokt,Linolensyra C18:3,Fisk färsk fryst kokt,0.3,g
1327,Saltsill kokt,Linolsyra C18:2,Fisk färsk fryst kokt,0.4,g
1327,Saltsill kokt,Oljesyra C18:1,Fisk färsk fryst kokt,2.4,g
1327,Saltsill kokt,Stearinsyra C18:0,Fisk färsk fryst kokt,0.2,g
1327,Saltsill kokt,Palmitoljesyra C16:1,Fisk färsk fryst kokt,1.1,g
1327,Saltsill kokt,Palmitinsyra C16:0,Fisk färsk fryst kokt,2.6,g
1327,Saltsill kokt,Myristinsyra C14:0,Fisk färsk fryst kokt,1.3,g
1327,Saltsill kokt,Laurinsyra C12:0,Fisk färsk fryst kokt,0.0,g
1327,Saltsill kokt,Betakaroten/β-Karoten,Fisk färsk fryst kokt,0.0,µg
1327,Saltsill kokt,Avfall (skal etc.),Fisk färsk fryst kokt,0.0,%
1327,Saltsill kokt,Aska,Fisk färsk fryst kokt,3.0,g
1327,Saltsill kokt,Alkohol,Fisk färsk fryst kokt,0.0,g
1328,Sill panerad stekt m. salt,"Zink, Zn",Fisk o skaldjursprodukter o rätter,1.6,mg
1328,Sill panerad stekt m. salt,Vitamin E,Fisk o skaldjursprodukter o rätter,2.4,mg
1328,Sill panerad stekt m. salt,Vitamin D,Fisk o skaldjursprodukter o rätter,5.12,µg
1328,Sill panerad stekt m. salt,Vitamin C,Fisk o skaldjursprodukter o rätter,0.1,mg
1328,Sill panerad stekt m. salt,Vitamin B6,Fisk o skaldjursprodukter o rätter,0.25,mg
1328,Sill panerad stekt m. salt,Vitamin B12,Fisk o skaldjursprodukter o rätter,4.79,µg
1328,Sill panerad stekt m. salt,Vitamin A,Fisk o skaldjursprodukter o rätter,25.6,RE/µg
1328,Sill panerad stekt m. salt,Vatten,Fisk o skaldjursprodukter o rätter,56.3,g
1328,Sill panerad stekt m. salt,Tiamin,Fisk o skaldjursprodukter o rätter,0.02,mg
1328,Sill panerad stekt m. salt,Tillsatt socker,Fisk o skaldjursprodukter o rätter,0.0,g
1328,Sill panerad stekt m. salt,Fritt socker,Fisk o skaldjursprodukter o rätter,0.0,g
1328,Sill panerad stekt m. salt,"Selen, Se",Fisk o skaldjursprodukter o rätter,25.4,µg
1328,Sill panerad stekt m. salt,Sackaros,Fisk o skaldjursprodukter o rätter,0.0,g
1328,Sill panerad stekt m. salt,Riboflavin,Fisk o skaldjursprodukter o rätter,0.19,mg
1328,Sill panerad stekt m. salt,Retinol,Fisk o skaldjursprodukter o rätter,15.5,µg
1328,Sill panerad stekt m. salt,Protein,Fisk o skaldjursprodukter o rätter,17.4,g
1328,Sill panerad stekt m. salt,Summa fleromättade fettsyror,Fisk o skaldjursprodukter o rätter,3.8,g
1328,Sill panerad stekt m. salt,"Fosfor, P",Fisk o skaldjursprodukter o rätter,296.0,mg
1328,Sill panerad stekt m. salt,Niacinekvivalenter,Fisk o skaldjursprodukter o rätter,8.16,NE/mg
1328,Sill panerad stekt m. salt,Niacin,Fisk o skaldjursprodukter o rätter,5.0,mg
1328,Sill panerad stekt m. salt,"Salt, NaCl",Fisk o skaldjursprodukter o rätter,2.8,g
1328,Sill panerad stekt m. salt,"Natrium, Na",Fisk o skaldjursprodukter o rätter,1133.0,mg
1328,Sill panerad stekt m. salt,Monosackarider,Fisk o skaldjursprodukter o rätter,0.1,g
1328,Sill panerad stekt m. salt,"Sockerarter, totalt",Fisk o skaldjursprodukter o rätter,0.2,g
1328,Sill panerad stekt m. salt,Summa enkelomättade fettsyror,Fisk o skaldjursprodukter o rätter,6.6,g
1328,Sill panerad stekt m. salt,"Magnesium, Mg",Fisk o skaldjursprodukter o rätter,43.0,mg
1328,Sill panerad stekt m. salt,Summa mättade fettsyror,Fisk o skaldjursprodukter o rätter,2.2,g
1328,Sill panerad stekt m. salt,"Kolhydrater, tillgängliga",Fisk o skaldjursprodukter o rätter,6.0,g
1328,Sill panerad stekt m. salt,Kolesterol,Fisk o skaldjursprodukter o rätter,45.2,mg
1328,Sill panerad stekt m. salt,"Kalium, K",Fisk o skaldjursprodukter o rätter,311.0,mg
1328,Sill panerad stekt m. salt,"Jod, I",Fisk o skaldjursprodukter o rätter,156.8,µg
1328,Sill panerad stekt m. salt,Fullkorn totalt,Fisk o skaldjursprodukter o rätter,5.0,g
1328,Sill panerad stekt m. salt,"Folat, totalt",Fisk o skaldjursprodukter o rätter,12.9,µg
1328,Sill panerad stekt m. salt,Fibrer,Fisk o skaldjursprodukter o rätter,1.0,g
1328,Sill panerad stekt m. salt,"Fett, totalt",Fisk o skaldjursprodukter o rätter,13.7,g
1328,Sill panerad stekt m. salt,"Järn, Fe",Fisk o skaldjursprodukter o rätter,0.8,mg
1328,Sill panerad stekt m. salt,Energi (kJ),Fisk o skaldjursprodukter o rätter,912.0,kJ
1328,Sill panerad stekt m. salt,Energi (kcal),Fisk o skaldjursprodukter o rätter,219.0,kcal
1328,Sill panerad stekt m. salt,Disackarider,Fisk o skaldjursprodukter o rätter,0.1,g
1328,Sill panerad stekt m. salt,"Kalcium, Ca",Fisk o skaldjursprodukter o rätter,62.0,mg
1328,Sill panerad stekt m. salt,Fettsyra 4:0-10:0,Fisk o skaldjursprodukter o rätter,0.0,g
1328,Sill panerad stekt m. salt,DHA (C22:6),Fisk o skaldjursprodukter o rätter,0.7,g
1328,Sill panerad stekt m. salt,DPA (C22:5),Fisk o skaldjursprodukter o rätter,0.1,g
1328,Sill panerad stekt m. salt,EPA (C20:5),Fisk o skaldjursprodukter o rätter,0.3,g
1328,Sill panerad stekt m. salt,Arakidonsyra C20:4,Fisk o skaldjursprodukter o rätter,0.1,g
1328,Sill panerad stekt m. salt,Arakidinsyra C20:0,Fisk o skaldjursprodukter o rätter,0.0,g
1328,Sill panerad stekt m. salt,Linolensyra C18:3,Fisk o skaldjursprodukter o rätter,0.6,g
1328,Sill panerad stekt m. salt,Linolsyra C18:2,Fisk o skaldjursprodukter o rätter,1.6,g
1328,Sill panerad stekt m. salt,Oljesyra C18:1,Fisk o skaldjursprodukter o rätter,4.2,g
1328,Sill panerad stekt m. salt,Stearinsyra C18:0,Fisk o skaldjursprodukter o rätter,0.2,g
1328,Sill panerad stekt m. salt,Palmitoljesyra C16:1,Fisk o skaldjursprodukter o rätter,0.3,g
1328,Sill panerad stekt m. salt,Palmitinsyra C16:0,Fisk o skaldjursprodukter o rätter,1.3,g
1328,Sill panerad stekt m. salt,Myristinsyra C14:0,Fisk o skaldjursprodukter o rätter,0.5,g
1328,Sill panerad stekt m. salt,Laurinsyra C12:0,Fisk o skaldjursprodukter o rätter,0.0,g
1328,Sill panerad stekt m. salt,Betakaroten/β-Karoten,Fisk o skaldjursprodukter o rätter,8.0,µg
1328,Sill panerad stekt m. salt,Avfall (skal etc.),Fisk o skaldjursprodukter o rätter,25.0,%
1328,Sill panerad stekt m. salt,Aska,Fisk o skaldjursprodukter o rätter,4.2,g
1328,Sill panerad stekt m. salt,Alkohol,Fisk o skaldjursprodukter o rätter,0.0,g
1329,Strömming kokt m. salt,"Zink, Zn",Fisk färsk fryst kokt,2.1,mg
1329,Strömming kokt m. salt,Vitamin E,Fisk färsk fryst kokt,1.0,mg
1329,Strömming kokt m. salt,Vitamin D,Fisk färsk fryst kokt,7.95,µg
1329,Strömming kokt m. salt,Vitamin C,Fisk färsk fryst kokt,0.0,mg
1329,Strömming kokt m. salt,Vitamin B6,Fisk färsk fryst kokt,0.2,mg
1329,Strömming kokt m. salt,Vitamin B12,Fisk färsk fryst kokt,7.33,µg
1329,Strömming kokt m. salt,Vitamin A,Fisk färsk fryst kokt,20.5,RE/µg
1329,Strömming kokt m. salt,Vatten,Fisk färsk fryst kokt,69.8,g
1329,Strömming kokt m. salt,Tiamin,Fisk färsk fryst kokt,0.01,mg
1329,Strömming kokt m. salt,Tillsatt socker,Fisk färsk fryst kokt,0.0,g
1329,Strömming kokt m. salt,Fritt socker,Fisk färsk fryst kokt,0.0,g
1329,Strömming kokt m. salt,"Selen, Se",Fisk färsk fryst kokt,31.2,µg
1329,Strömming kokt m. salt,Sackaros,Fisk färsk fryst kokt,0.0,g
1329,Strömming kokt m. salt,Riboflavin,Fisk färsk fryst kokt,0.14,mg
1329,Strömming kokt m. salt,Retinol,Fisk färsk fryst kokt,20.5,µg
1329,Strömming kokt m. salt,Protein,Fisk färsk fryst kokt,21.8,g
1329,Strömming kokt m. salt,Summa fleromättade fettsyror,Fisk färsk fryst kokt,1.5,g
1329,Strömming kokt m. salt,"Fosfor, P",Fisk färsk fryst kokt,336.0,mg
1329,Strömming kokt m. salt,Niacinekvivalenter,Fisk färsk fryst kokt,8.55,NE/mg
1329,Strömming kokt m. salt,Niacin,Fisk färsk fryst kokt,4.58,mg
1329,Strömming kokt m. salt,"Salt, NaCl",Fisk färsk fryst kokt,0.9,g
1329,Strömming kokt m. salt,"Natrium, Na",Fisk färsk fryst kokt,380.0,mg
1329,Strömming kokt m. salt,Monosackarider,Fisk färsk fryst kokt,0.0,g
1329,Strömming kokt m. salt,"Sockerarter, totalt",Fisk färsk fryst kokt,0.0,g
1329,Strömming kokt m. salt,Summa enkelomättade fettsyror,Fisk färsk fryst kokt,1.6,g
1329,Strömming kokt m. salt,"Magnesium, Mg",Fisk färsk fryst kokt,40.0,mg
1329,Strömming kokt m. salt,Summa mättade fettsyror,Fisk färsk fryst kokt,1.2,g
1329,Strömming kokt m. salt,"Kolhydrater, tillgängliga",Fisk färsk fryst kokt,0.0,g
1329,Strömming kokt m. salt,Kolesterol,Fisk färsk fryst kokt,89.2,mg
1329,Strömming kokt m. salt,"Kalium, K",Fisk färsk fryst kokt,373.0,mg
1329,Strömming kokt m. salt,"Jod, I",Fisk färsk fryst kokt,73.6,µg
1329,Strömming kokt m. salt,Fullkorn totalt,Fisk färsk fryst kokt,0.0,g
1329,Strömming kokt m. salt,"Folat, totalt",Fisk färsk fryst kokt,18.1,µg
1329,Strömming kokt m. salt,Fibrer,Fisk färsk fryst kokt,0.0,g
1329,Strömming kokt m. salt,"Fett, totalt",Fisk färsk fryst kokt,4.9,g
1329,Strömming kokt m. salt,"Järn, Fe",Fisk färsk fryst kokt,1.0,mg
1329,Strömming kokt m. salt,Energi (kJ),Fisk färsk fryst kokt,549.0,kJ
1329,Strömming kokt m. salt,Energi (kcal),Fisk färsk fryst kokt,131.0,kcal
1329,Strömming kokt m. salt,Disackarider,Fisk färsk fryst kokt,0.0,g
1329,Strömming kokt m. salt,"Kalcium, Ca",Fisk färsk fryst kokt,89.0,mg
1329,Strömming kokt m. salt,Fettsyra 4:0-10:0,Fisk färsk fryst kokt,0.0,g
1329,Strömming kokt m. salt,DHA (C22:6),Fisk färsk fryst kokt,0.6,g
1329,Strömming kokt m. salt,DPA (C22:5),Fisk färsk fryst kokt,0.0,g
1329,Strömming kokt m. salt,EPA (C20:5),Fisk färsk fryst kokt,0.3,g
1329,Strömming kokt m. salt,Arakidonsyra C20:4,Fisk färsk fryst kokt,0.0,g
1329,Strömming kokt m. salt,Arakidinsyra C20:0,Fisk färsk fryst kokt,0.0,g
1329,Strömming kokt m. salt,Linolensyra C18:3,Fisk färsk fryst kokt,0.1,g
1329,Strömming kokt m. salt,Linolsyra C18:2,Fisk färsk fryst kokt,0.2,g
1329,Strömming kokt m. salt,Oljesyra C18:1,Fisk färsk fryst kokt,0.9,g
1329,Strömming kokt m. salt,Stearinsyra C18:0,Fisk färsk fryst kokt,0.1,g
1329,Strömming kokt m. salt,Palmitoljesyra C16:1,Fisk färsk fryst kokt,0.2,g
1329,Strömming kokt m. salt,Palmitinsyra C16:0,Fisk färsk fryst kokt,0.8,g
1329,Strömming kokt m. salt,Myristinsyra C14:0,Fisk färsk fryst kokt,0.3,g
1329,Strömming kokt m. salt,Laurinsyra C12:0,Fisk färsk fryst kokt,0.0,g
1329,Strömming kokt m. salt,Betakaroten/β-Karoten,Fisk färsk fryst kokt,0.0,µg
1329,Strömming kokt m. salt,Avfall (skal etc.),Fisk färsk fryst kokt,42.0,%
1329,Strömming kokt m. salt,Aska,Fisk färsk fryst kokt,2.7,g
1329,Strömming kokt m. salt,Alkohol,Fisk färsk fryst kokt,0.0,g
1331,Ättikströmming,"Zink, Zn",Fisk o skaldjursprodukter o rätter,1.0,mg
1331,Ättikströmming,Vitamin E,Fisk o skaldjursprodukter o rätter,2.4,mg
1331,Ättikströmming,Vitamin D,Fisk o skaldjursprodukter o rätter,8.88,µg
1331,Ättikströmming,Vitamin C,Fisk o skaldjursprodukter o rätter,1.1,mg
1331,Ättikströmming,Vitamin B6,Fisk o skaldjursprodukter o rätter,0.21,mg
1331,Ättikströmming,Vitamin B12,Fisk o skaldjursprodukter o rätter,7.14,µg
1331,Ättikströmming,Vitamin A,Fisk o skaldjursprodukter o rätter,71.4,RE/µg
1331,Ättikströmming,Vatten,Fisk o skaldjursprodukter o rätter,61.4,g
1331,Ättikströmming,Tiamin,Fisk o skaldjursprodukter o rätter,0.05,mg
1331,Ättikströmming,Tillsatt socker,Fisk o skaldjursprodukter o rätter,4.0,g
1331,Ättikströmming,Fritt socker,Fisk o skaldjursprodukter o rätter,4.0,g
1331,Ättikströmming,"Selen, Se",Fisk o skaldjursprodukter o rätter,12.9,µg
1331,Ättikströmming,Sackaros,Fisk o skaldjursprodukter o rätter,3.9,g
1331,Ättikströmming,Riboflavin,Fisk o skaldjursprodukter o rätter,0.21,mg
1331,Ättikströmming,Retinol,Fisk o skaldjursprodukter o rätter,71.4,µg
1331,Ättikströmming,Protein,Fisk o skaldjursprodukter o rätter,12.2,g
1331,Ättikströmming,Summa fleromättade fettsyror,Fisk o skaldjursprodukter o rätter,3.8,g
1331,Ättikströmming,"Fosfor, P",Fisk o skaldjursprodukter o rätter,175.0,mg
1331,Ättikströmming,Niacinekvivalenter,Fisk o skaldjursprodukter o rätter,5.35,NE/mg
1331,Ättikströmming,Niacin,Fisk o skaldjursprodukter o rätter,3.11,mg
1331,Ättikströmming,"Salt, NaCl",Fisk o skaldjursprodukter o rätter,1.5,g
1331,Ättikströmming,"Natrium, Na",Fisk o skaldjursprodukter o rätter,596.0,mg
1331,Ättikströmming,Monosackarider,Fisk o skaldjursprodukter o rätter,0.4,g
1331,Ättikströmming,"Sockerarter, totalt",Fisk o skaldjursprodukter o rätter,4.3,g
1331,Ättikströmming,Summa enkelomättade fettsyror,Fisk o skaldjursprodukter o rätter,5.6,g
1331,Ättikströmming,"Magnesium, Mg",Fisk o skaldjursprodukter o rätter,15.0,mg
1331,Ättikströmming,Summa mättade fettsyror,Fisk o skaldjursprodukter o rätter,4.6,g
1331,Ättikströmming,"Kolhydrater, tillgängliga",Fisk o skaldjursprodukter o rätter,8.4,g
1331,Ättikströmming,Kolesterol,Fisk o skaldjursprodukter o rätter,67.4,mg
1331,Ättikströmming,"Kalium, K",Fisk o skaldjursprodukter o rätter,294.0,mg
1331,Ättikströmming,"Jod, I",Fisk o skaldjursprodukter o rätter,75.9,µg
1331,Ättikströmming,Fullkorn totalt,Fisk o skaldjursprodukter o rätter,0.0,g
1331,Ättikströmming,"Folat, totalt",Fisk o skaldjursprodukter o rätter,8.8,µg
1331,Ättikströmming,Fibrer,Fisk o skaldjursprodukter o rätter,0.5,g
1331,Ättikströmming,"Fett, totalt",Fisk o skaldjursprodukter o rätter,15.2,g
1331,Ättikströmming,"Järn, Fe",Fisk o skaldjursprodukter o rätter,0.9,mg
1331,Ättikströmming,Energi (kJ),Fisk o skaldjursprodukter o rätter,919.0,kJ
1331,Ättikströmming,Energi (kcal),Fisk o skaldjursprodukter o rätter,220.0,kcal
1331,Ättikströmming,Disackarider,Fisk o skaldjursprodukter o rätter,3.9,g
1331,Ättikströmming,"Kalcium, Ca",Fisk o skaldjursprodukter o rätter,34.0,mg
1331,Ättikströmming,Fettsyra 4:0-10:0,Fisk o skaldjursprodukter o rätter,0.1,g
1331,Ättikströmming,DHA (C22:6),Fisk o skaldjursprodukter o rätter,0.7,g
1331,Ättikströmming,DPA (C22:5),Fisk o skaldjursprodukter o rätter,0.0,g
1331,Ättikströmming,EPA (C20:5),Fisk o skaldjursprodukter o rätter,0.5,g
1331,Ättikströmming,Arakidonsyra C20:4,Fisk o skaldjursprodukter o rätter,0.0,g
1331,Ättikströmming,Arakidinsyra C20:0,Fisk o skaldjursprodukter o rätter,0.1,g
1331,Ättikströmming,Linolensyra C18:3,Fisk o skaldjursprodukter o rätter,0.5,g
1331,Ättikströmming,Linolsyra C18:2,Fisk o skaldjursprodukter o rätter,1.4,g
1331,Ättikströmming,Oljesyra C18:1,Fisk o skaldjursprodukter o rätter,4.6,g
1331,Ättikströmming,Stearinsyra C18:0,Fisk o skaldjursprodukter o rätter,0.8,g
1331,Ättikströmming,Palmitoljesyra C16:1,Fisk o skaldjursprodukter o rätter,0.5,g
1331,Ättikströmming,Palmitinsyra C16:0,Fisk o skaldjursprodukter o rätter,2.5,g
1331,Ättikströmming,Myristinsyra C14:0,Fisk o skaldjursprodukter o rätter,0.8,g
1331,Ättikströmming,Laurinsyra C12:0,Fisk o skaldjursprodukter o rätter,0.3,g
1331,Ättikströmming,Betakaroten/β-Karoten,Fisk o skaldjursprodukter o rätter,0.0,µg
1331,Ättikströmming,Avfall (skal etc.),Fisk o skaldjursprodukter o rätter,1.0,%
1331,Ättikströmming,Aska,Fisk o skaldjursprodukter o rätter,2.3,g
1331,Ättikströmming,Alkohol,Fisk o skaldjursprodukter o rätter,0.0,g
1332,Kräftströmming,"Zink, Zn",Fisk o skaldjursprodukter o rätter,1.6,mg
1332,Kräftströmming,Vitamin E,Fisk o skaldjursprodukter o rätter,1.2,mg
1332,Kräftströmming,Vitamin D,Fisk o skaldjursprodukter o rätter,5.92,µg
1332,Kräftströmming,Vitamin C,Fisk o skaldjursprodukter o rätter,2.3,mg
1332,Kräftströmming,Vitamin B6,Fisk o skaldjursprodukter o rätter,0.17,mg
1332,Kräftströmming,Vitamin B12,Fisk o skaldjursprodukter o rätter,5.46,µg
1332,Kräftströmming,Vitamin A,Fisk o skaldjursprodukter o rätter,25.2,RE/µg
1332,Kräftströmming,Vatten,Fisk o skaldjursprodukter o rätter,74.0,g
1332,Kräftströmming,Tiamin,Fisk o skaldjursprodukter o rätter,0.02,mg
1332,Kräftströmming,Tillsatt socker,Fisk o skaldjursprodukter o rätter,0.0,g
1332,Kräftströmming,Fritt socker,Fisk o skaldjursprodukter o rätter,0.0,g
1332,Kräftströmming,"Selen, Se",Fisk o skaldjursprodukter o rätter,23.2,µg
1332,Kräftströmming,Sackaros,Fisk o skaldjursprodukter o rätter,0.0,g
1332,Kräftströmming,Riboflavin,Fisk o skaldjursprodukter o rätter,0.11,mg
1332,Kräftströmming,Retinol,Fisk o skaldjursprodukter o rätter,15.3,µg
1332,Kräftströmming,Protein,Fisk o skaldjursprodukter o rätter,16.5,g
1332,Kräftströmming,Summa fleromättade fettsyror,Fisk o skaldjursprodukter o rätter,1.2,g
1332,Kräftströmming,"Fosfor, P",Fisk o skaldjursprodukter o rätter,259.0,mg
1332,Kräftströmming,Niacinekvivalenter,Fisk o skaldjursprodukter o rätter,6.68,NE/mg
1332,Kräftströmming,Niacin,Fisk o skaldjursprodukter o rätter,3.68,mg
1332,Kräftströmming,"Salt, NaCl",Fisk o skaldjursprodukter o rätter,2.3,g
1332,Kräftströmming,"Natrium, Na",Fisk o skaldjursprodukter o rätter,902.0,mg
1332,Kräftströmming,Monosackarider,Fisk o skaldjursprodukter o rätter,1.0,g
1332,Kräftströmming,"Sockerarter, totalt",Fisk o skaldjursprodukter o rätter,1.0,g
1332,Kräftströmming,Summa enkelomättade fettsyror,Fisk o skaldjursprodukter o rätter,1.2,g
1332,Kräftströmming,"Magnesium, Mg",Fisk o skaldjursprodukter o rätter,34.0,mg
1332,Kräftströmming,Summa mättade fettsyror,Fisk o skaldjursprodukter o rätter,0.9,g
1332,Kräftströmming,"Kolhydrater, tillgängliga",Fisk o skaldjursprodukter o rätter,1.0,g
1332,Kräftströmming,Kolesterol,Fisk o skaldjursprodukter o rätter,66.5,mg
1332,Kräftströmming,"Kalium, K",Fisk o skaldjursprodukter o rätter,341.0,mg
1332,Kräftströmming,Fullkorn totalt,Fisk o skaldjursprodukter o rätter,0.0,g
1332,Kräftströmming,"Folat, totalt",Fisk o skaldjursprodukter o rätter,18.4,µg
1332,Kräftströmming,Fibrer,Fisk o skaldjursprodukter o rätter,0.4,g
1332,Kräftströmming,"Fett, totalt",Fisk o skaldjursprodukter o rätter,3.7,g
1332,Kräftströmming,"Järn, Fe",Fisk o skaldjursprodukter o rätter,0.9,mg
1332,Kräftströmming,Energi (kJ),Fisk o skaldjursprodukter o rätter,436.0,kJ
1332,Kräftströmming,Energi (kcal),Fisk o skaldjursprodukter o rätter,104.0,kcal
1332,Kräftströmming,Disackarider,Fisk o skaldjursprodukter o rätter,0.0,g
1332,Kräftströmming,"Kalcium, Ca",Fisk o skaldjursprodukter o rätter,73.0,mg
1332,Kräftströmming,Fettsyra 4:0-10:0,Fisk o skaldjursprodukter o rätter,0.0,g
1332,Kräftströmming,DHA (C22:6),Fisk o skaldjursprodukter o rätter,0.5,g
1332,Kräftströmming,DPA (C22:5),Fisk o skaldjursprodukter o rätter,0.0,g
1332,Kräftströmming,EPA (C20:5),Fisk o skaldjursprodukter o rätter,0.2,g
1332,Kräftströmming,Arakidonsyra C20:4,Fisk o skaldjursprodukter o rätter,0.0,g
1332,Kräftströmming,Arakidinsyra C20:0,Fisk o skaldjursprodukter o rätter,0.0,g
1332,Kräftströmming,Linolensyra C18:3,Fisk o skaldjursprodukter o rätter,0.1,g
1332,Kräftströmming,Linolsyra C18:2,Fisk o skaldjursprodukter o rätter,0.2,g
1332,Kräftströmming,Oljesyra C18:1,Fisk o skaldjursprodukter o rätter,0.7,g
1332,Kräftströmming,Stearinsyra C18:0,Fisk o skaldjursprodukter o rätter,0.1,g
1332,Kräftströmming,Palmitoljesyra C16:1,Fisk o skaldjursprodukter o rätter,0.2,g
1332,Kräftströmming,Palmitinsyra C16:0,Fisk o skaldjursprodukter o rätter,0.6,g
1332,Kräftströmming,Myristinsyra C14:0,Fisk o skaldjursprodukter o rätter,0.2,g
1332,Kräftströmming,Laurinsyra C12:0,Fisk o skaldjursprodukter o rätter,0.0,g
1332,Kräftströmming,Betakaroten/β-Karoten,Fisk o skaldjursprodukter o rätter,119.0,µg
1332,Kräftströmming,Avfall (skal etc.),Fisk o skaldjursprodukter o rätter,31.0,%
1332,Kräftströmming,Aska,Fisk o skaldjursprodukter o rätter,3.8,g
1332,Kräftströmming,Alkohol,Fisk o skaldjursprodukter o rätter,0.0,g
1333,Strömming filé stekt m. salt,"Zink, Zn",Fisk stekt ej panerad,2.1,mg
1333,Strömming filé stekt m. salt,Vitamin E,Fisk stekt ej panerad,1.0,mg
1333,Strömming filé stekt m. salt,Vitamin D,Fisk stekt ej panerad,8.38,µg
1333,Strömming filé stekt m. salt,Vitamin C,Fisk stekt ej panerad,0.0,mg
1333,Strömming filé stekt m. salt,Vitamin B6,Fisk stekt ej panerad,0.22,mg
1333,Strömming filé stekt m. salt,Vitamin B12,Fisk stekt ej panerad,6.16,µg
1333,Strömming filé stekt m. salt,Vitamin A,Fisk stekt ej panerad,20.3,RE/µg
1333,Strömming filé stekt m. salt,Vatten,Fisk stekt ej panerad,71.1,g
1333,Strömming filé stekt m. salt,Tiamin,Fisk stekt ej panerad,0.01,mg
1333,Strömming filé stekt m. salt,Tillsatt socker,Fisk stekt ej panerad,0.0,g
1333,Strömming filé stekt m. salt,Fritt socker,Fisk stekt ej panerad,0.0,g
1333,Strömming filé stekt m. salt,"Selen, Se",Fisk stekt ej panerad,30.9,µg
1333,Strömming filé stekt m. salt,Sackaros,Fisk stekt ej panerad,0.0,g
1333,Strömming filé stekt m. salt,Riboflavin,Fisk stekt ej panerad,0.18,mg
1333,Strömming filé stekt m. salt,Retinol,Fisk stekt ej panerad,20.3,µg
1333,Strömming filé stekt m. salt,Protein,Fisk stekt ej panerad,21.6,g
1333,Strömming filé stekt m. salt,Summa fleromättade fettsyror,Fisk stekt ej panerad,1.2,g
1333,Strömming filé stekt m. salt,"Fosfor, P",Fisk stekt ej panerad,334.0,mg
1333,Strömming filé stekt m. salt,Niacinekvivalenter,Fisk stekt ej panerad,8.49,NE/mg
1333,Strömming filé stekt m. salt,Niacin,Fisk stekt ej panerad,4.55,mg
1333,Strömming filé stekt m. salt,"Salt, NaCl",Fisk stekt ej panerad,0.8,g
1333,Strömming filé stekt m. salt,"Natrium, Na",Fisk stekt ej panerad,322.0,mg
1333,Strömming filé stekt m. salt,Monosackarider,Fisk stekt ej panerad,0.0,g
1333,Strömming filé stekt m. salt,"Sockerarter, totalt",Fisk stekt ej panerad,0.0,g
1333,Strömming filé stekt m. salt,Summa enkelomättade fettsyror,Fisk stekt ej panerad,1.3,g
1333,Strömming filé stekt m. salt,"Magnesium, Mg",Fisk stekt ej panerad,39.0,mg
1333,Strömming filé stekt m. salt,Summa mättade fettsyror,Fisk stekt ej panerad,1.0,g
1333,Strömming filé stekt m. salt,"Kolhydrater, tillgängliga",Fisk stekt ej panerad,0.0,g
1333,Strömming filé stekt m. salt,Kolesterol,Fisk stekt ej panerad,70.8,mg
1333,Strömming filé stekt m. salt,"Kalium, K",Fisk stekt ej panerad,419.0,mg
1333,Strömming filé stekt m. salt,"Jod, I",Fisk stekt ej panerad,66.2,µg
1333,Strömming filé stekt m. salt,Fullkorn totalt,Fisk stekt ej panerad,0.0,g
1333,Strömming filé stekt m. salt,"Folat, totalt",Fisk stekt ej panerad,17.0,µg
1333,Strömming filé stekt m. salt,Fibrer,Fisk stekt ej panerad,0.0,g
1333,Strömming filé stekt m. salt,"Fett, totalt",Fisk stekt ej panerad,3.9,g
1333,Strömming filé stekt m. salt,"Järn, Fe",Fisk stekt ej panerad,1.0,mg
1333,Strömming filé stekt m. salt,Energi (kJ),Fisk stekt ej panerad,510.0,kJ
1333,Strömming filé stekt m. salt,Energi (kcal),Fisk stekt ej panerad,122.0,kcal
1333,Strömming filé stekt m. salt,Disackarider,Fisk stekt ej panerad,0.0,g
1333,Strömming filé stekt m. salt,"Kalcium, Ca",Fisk stekt ej panerad,88.0,mg
1333,Strömming filé stekt m. salt,Fettsyra 4:0-10:0,Fisk stekt ej panerad,0.0,g
1333,Strömming filé stekt m. salt,DHA (C22:6),Fisk stekt ej panerad,0.5,g
1333,Strömming filé stekt m. salt,DPA (C22:5),Fisk stekt ej panerad,0.0,g
1333,Strömming filé stekt m. salt,EPA (C20:5),Fisk stekt ej panerad,0.3,g
1333,Strömming filé stekt m. salt,Arakidonsyra C20:4,Fisk stekt ej panerad,0.0,g
1333,Strömming filé stekt m. salt,Arakidinsyra C20:0,Fisk stekt ej panerad,0.0,g
1333,Strömming filé stekt m. salt,Linolensyra C18:3,Fisk stekt ej panerad,0.1,g
1333,Strömming filé stekt m. salt,Linolsyra C18:2,Fisk stekt ej panerad,0.1,g
1333,Strömming filé stekt m. salt,Oljesyra C18:1,Fisk stekt ej panerad,0.7,g
1333,Strömming filé stekt m. salt,Stearinsyra C18:0,Fisk stekt ej panerad,0.1,g
1333,Strömming filé stekt m. salt,Palmitoljesyra C16:1,Fisk stekt ej panerad,0.2,g
1333,Strömming filé stekt m. salt,Palmitinsyra C16:0,Fisk stekt ej panerad,0.7,g
1333,Strömming filé stekt m. salt,Myristinsyra C14:0,Fisk stekt ej panerad,0.2,g
1333,Strömming filé stekt m. salt,Laurinsyra C12:0,Fisk stekt ej panerad,0.0,g
1333,Strömming filé stekt m. salt,Betakaroten/β-Karoten,Fisk stekt ej panerad,0.0,µg
1333,Strömming filé stekt m. salt,Avfall (skal etc.),Fisk stekt ej panerad,42.0,%
1333,Strömming filé stekt m. salt,Aska,Fisk stekt ej panerad,2.5,g
1333,Strömming filé stekt m. salt,Alkohol,Fisk stekt ej panerad,0.0,g
1334,Tonfisk stekt m. salt,"Zink, Zn",Fisk stekt ej panerad,0.4,mg
1334,Tonfisk stekt m. salt,Vitamin E,Fisk stekt ej panerad,0.5,mg
1334,Tonfisk stekt m. salt,Vitamin D inkl 25-OH-D3,Fisk stekt ej panerad,7.16,µg
1334,Tonfisk stekt m. salt,Vitamin D,Fisk stekt ej panerad,6.08,µg
1334,Tonfisk stekt m. salt,Vitamin C,Fisk stekt ej panerad,0.0,mg
1334,Tonfisk stekt m. salt,Vitamin B6,Fisk stekt ej panerad,0.48,mg
1334,Tonfisk stekt m. salt,Vitamin B12,Fisk stekt ej panerad,0.93,µg
1334,Tonfisk stekt m. salt,Vitamin A,Fisk stekt ej panerad,34.6,RE/µg
1334,Tonfisk stekt m. salt,Vatten,Fisk stekt ej panerad,65.9,g
1334,Tonfisk stekt m. salt,Tiamin,Fisk stekt ej panerad,0.02,mg
1334,Tonfisk stekt m. salt,Tillsatt socker,Fisk stekt ej panerad,0.0,g
1334,Tonfisk stekt m. salt,Fritt socker,Fisk stekt ej panerad,0.0,g
1334,Tonfisk stekt m. salt,"Selen, Se",Fisk stekt ej panerad,87.6,µg
1334,Tonfisk stekt m. salt,Sackaros,Fisk stekt ej panerad,0.0,g
1334,Tonfisk stekt m. salt,Riboflavin,Fisk stekt ej panerad,0.0,mg
1334,Tonfisk stekt m. salt,Retinol,Fisk stekt ej panerad,34.6,µg
1334,Tonfisk stekt m. salt,Protein,Fisk stekt ej panerad,29.2,g
1334,Tonfisk stekt m. salt,Summa fleromättade fettsyror,Fisk stekt ej panerad,0.3,g
1334,Tonfisk stekt m. salt,"Fosfor, P",Fisk stekt ej panerad,351.0,mg
1334,Tonfisk stekt m. salt,Niacinekvivalenter,Fisk stekt ej panerad,21.84,NE/mg
1334,Tonfisk stekt m. salt,Niacin,Fisk stekt ej panerad,16.98,mg
1334,Tonfisk stekt m. salt,"Salt, NaCl",Fisk stekt ej panerad,2.2,g
1334,Tonfisk stekt m. salt,"Natrium, Na",Fisk stekt ej panerad,851.0,mg
1334,Tonfisk stekt m. salt,Monosackarider,Fisk stekt ej panerad,0.3,g
1334,Tonfisk stekt m. salt,"Sockerarter, totalt",Fisk stekt ej panerad,0.3,g
1334,Tonfisk stekt m. salt,Summa enkelomättade fettsyror,Fisk stekt ej panerad,0.1,g
1334,Tonfisk stekt m. salt,"Magnesium, Mg",Fisk stekt ej panerad,45.0,mg
1334,Tonfisk stekt m. salt,Summa mättade fettsyror,Fisk stekt ej panerad,0.1,g
1334,Tonfisk stekt m. salt,"Kolhydrater, tillgängliga",Fisk stekt ej panerad,0.7,g
1334,Tonfisk stekt m. salt,Kolesterol,Fisk stekt ej panerad,43.0,mg
1334,Tonfisk stekt m. salt,"Kalium, K",Fisk stekt ej panerad,413.0,mg
1334,Tonfisk stekt m. salt,"Jod, I",Fisk stekt ej panerad,47.8,µg
1334,Tonfisk stekt m. salt,Fullkorn totalt,Fisk stekt ej panerad,0.0,g
1334,Tonfisk stekt m. salt,"Folat, totalt",Fisk stekt ej panerad,5.0,µg
1334,Tonfisk stekt m. salt,Fibrer,Fisk stekt ej panerad,0.0,g
1334,Tonfisk stekt m. salt,"Fett, totalt",Fisk stekt ej panerad,0.8,g
1334,Tonfisk stekt m. salt,"Järn, Fe",Fisk stekt ej panerad,0.6,mg
1334,Tonfisk stekt m. salt,Energi (kJ),Fisk stekt ej panerad,538.0,kJ
1334,Tonfisk stekt m. salt,Energi (kcal),Fisk stekt ej panerad,128.0,kcal
1334,Tonfisk stekt m. salt,Disackarider,Fisk stekt ej panerad,0.0,g
1334,Tonfisk stekt m. salt,"Kalcium, Ca",Fisk stekt ej panerad,6.0,mg
1334,Tonfisk stekt m. salt,Fettsyra 4:0-10:0,Fisk stekt ej panerad,0.0,g
1334,Tonfisk stekt m. salt,DHA (C22:6),Fisk stekt ej panerad,0.1,g
1334,Tonfisk stekt m. salt,DPA (C22:5),Fisk stekt ej panerad,0.0,g
1334,Tonfisk stekt m. salt,EPA (C20:5),Fisk stekt ej panerad,0.0,g
1334,Tonfisk stekt m. salt,Arakidonsyra C20:4,Fisk stekt ej panerad,0.0,g
1334,Tonfisk stekt m. salt,Arakidinsyra C20:0,Fisk stekt ej panerad,0.0,g
1334,Tonfisk stekt m. salt,Linolensyra C18:3,Fisk stekt ej panerad,0.0,g
1334,Tonfisk stekt m. salt,Linolsyra C18:2,Fisk stekt ej panerad,0.0,g
1334,Tonfisk stekt m. salt,Oljesyra C18:1,Fisk stekt ej panerad,0.1,g
1334,Tonfisk stekt m. salt,Stearinsyra C18:0,Fisk stekt ej panerad,0.0,g
1334,Tonfisk stekt m. salt,Palmitoljesyra C16:1,Fisk stekt ej panerad,0.0,g
1334,Tonfisk stekt m. salt,Palmitinsyra C16:0,Fisk stekt ej panerad,0.1,g
1334,Tonfisk stekt m. salt,Myristinsyra C14:0,Fisk stekt ej panerad,0.0,g
1334,Tonfisk stekt m. salt,Laurinsyra C12:0,Fisk stekt ej panerad,0.0,g
1334,Tonfisk stekt m. salt,Betakaroten/β-Karoten,Fisk stekt ej panerad,0.0,µg
1334,Tonfisk stekt m. salt,Avfall (skal etc.),Fisk stekt ej panerad,0.0,%
1334,Tonfisk stekt m. salt,Aska,Fisk stekt ej panerad,3.4,g
1334,Tonfisk stekt m. salt,Alkohol,Fisk stekt ej panerad,0.0,g
1335,Torsk filé kokt m. salt,"Zink, Zn",Fisk färsk fryst kokt,1.0,mg
1335,Torsk filé kokt m. salt,Vitamin E,Fisk färsk fryst kokt,1.1,mg
1335,Torsk filé kokt m. salt,Vitamin D,Fisk färsk fryst kokt,2.45,µg
1335,Torsk filé kokt m. salt,Vitamin C,Fisk färsk fryst kokt,0.0,mg
1335,Torsk filé kokt m. salt,Vitamin B6,Fisk färsk fryst kokt,0.17,mg
1335,Torsk filé kokt m. salt,Vitamin B12,Fisk färsk fryst kokt,1.52,µg
1335,Torsk filé kokt m. salt,Vitamin A,Fisk färsk fryst kokt,3.8,RE/µg
1335,Torsk filé kokt m. salt,Vatten,Fisk färsk fryst kokt,67.4,g
1335,Torsk filé kokt m. salt,Tiamin,Fisk färsk fryst kokt,0.06,mg
1335,Torsk filé kokt m. salt,Tillsatt socker,Fisk färsk fryst kokt,0.0,g
1335,Torsk filé kokt m. salt,Fritt socker,Fisk färsk fryst kokt,0.0,g
1335,Torsk filé kokt m. salt,"Selen, Se",Fisk färsk fryst kokt,45.4,µg
1335,Torsk filé kokt m. salt,Sackaros,Fisk färsk fryst kokt,0.0,g
1335,Torsk filé kokt m. salt,Riboflavin,Fisk färsk fryst kokt,0.06,mg
1335,Torsk filé kokt m. salt,Retinol,Fisk färsk fryst kokt,3.8,µg
1335,Torsk filé kokt m. salt,Protein,Fisk färsk fryst kokt,30.3,g
1335,Torsk filé kokt m. salt,Summa fleromättade fettsyror,Fisk färsk fryst kokt,0.3,g
1335,Torsk filé kokt m. salt,"Fosfor, P",Fisk färsk fryst kokt,362.0,mg
1335,Torsk filé kokt m. salt,Niacinekvivalenter,Fisk färsk fryst kokt,9.15,NE/mg
1335,Torsk filé kokt m. salt,Niacin,Fisk färsk fryst kokt,3.59,mg
1335,Torsk filé kokt m. salt,"Salt, NaCl",Fisk färsk fryst kokt,1.4,g
1335,Torsk filé kokt m. salt,"Natrium, Na",Fisk färsk fryst kokt,509.0,mg
1335,Torsk filé kokt m. salt,Monosackarider,Fisk färsk fryst kokt,0.0,g
1335,Torsk filé kokt m. salt,"Sockerarter, totalt",Fisk färsk fryst kokt,0.0,g
1335,Torsk filé kokt m. salt,Summa enkelomättade fettsyror,Fisk färsk fryst kokt,0.0,g
1335,Torsk filé kokt m. salt,"Magnesium, Mg",Fisk färsk fryst kokt,45.0,mg
1335,Torsk filé kokt m. salt,Summa mättade fettsyror,Fisk färsk fryst kokt,0.2,g
1335,Torsk filé kokt m. salt,"Kolhydrater, tillgängliga",Fisk färsk fryst kokt,0.0,g
1335,Torsk filé kokt m. salt,Kolesterol,Fisk färsk fryst kokt,80.5,mg
1335,Torsk filé kokt m. salt,"Kalium, K",Fisk färsk fryst kokt,502.0,mg
1335,Torsk filé kokt m. salt,"Jod, I",Fisk färsk fryst kokt,351.2,µg
1335,Torsk filé kokt m. salt,Fullkorn totalt,Fisk färsk fryst kokt,0.0,g
1335,Torsk filé kokt m. salt,"Folat, totalt",Fisk färsk fryst kokt,19.8,µg
1335,Torsk filé kokt m. salt,Fibrer,Fisk färsk fryst kokt,0.0,g
1335,Torsk filé kokt m. salt,"Fett, totalt",Fisk färsk fryst kokt,0.8,g
1335,Torsk filé kokt m. salt,"Järn, Fe",Fisk färsk fryst kokt,0.2,mg
1335,Torsk filé kokt m. salt,Energi (kJ),Fisk färsk fryst kokt,546.0,kJ
1335,Torsk filé kokt m. salt,Energi (kcal),Fisk färsk fryst kokt,130.0,kcal
1335,Torsk filé kokt m. salt,Disackarider,Fisk färsk fryst kokt,0.0,g
1335,Torsk filé kokt m. salt,"Kalcium, Ca",Fisk färsk fryst kokt,22.0,mg
1335,Torsk filé kokt m. salt,Fettsyra 4:0-10:0,Fisk färsk fryst kokt,0.0,g
1335,Torsk filé kokt m. salt,DHA (C22:6),Fisk färsk fryst kokt,0.2,g
1335,Torsk filé kokt m. salt,DPA (C22:5),Fisk färsk fryst kokt,0.0,g
1335,Torsk filé kokt m. salt,EPA (C20:5),Fisk färsk fryst kokt,0.0,g
1335,Torsk filé kokt m. salt,Arakidonsyra C20:4,Fisk färsk fryst kokt,0.0,g
1335,Torsk filé kokt m. salt,Arakidinsyra C20:0,Fisk färsk fryst kokt,0.0,g
1335,Torsk filé kokt m. salt,Linolensyra C18:3,Fisk färsk fryst kokt,0.0,g
1335,Torsk filé kokt m. salt,Linolsyra C18:2,Fisk färsk fryst kokt,0.0,g
1335,Torsk filé kokt m. salt,Oljesyra C18:1,Fisk färsk fryst kokt,0.1,g
1335,Torsk filé kokt m. salt,Stearinsyra C18:0,Fisk färsk fryst kokt,0.0,g
1335,Torsk filé kokt m. salt,Palmitoljesyra C16:1,Fisk färsk fryst kokt,0.0,g
1335,Torsk filé kokt m. salt,Palmitinsyra C16:0,Fisk färsk fryst kokt,0.1,g
1335,Torsk filé kokt m. salt,Myristinsyra C14:0,Fisk färsk fryst kokt,0.0,g
1335,Torsk filé kokt m. salt,Laurinsyra C12:0,Fisk färsk fryst kokt,0.0,g
1335,Torsk filé kokt m. salt,Betakaroten/β-Karoten,Fisk färsk fryst kokt,0.0,µg
1335,Torsk filé kokt m. salt,Avfall (skal etc.),Fisk färsk fryst kokt,34.0,%
1335,Torsk filé kokt m. salt,Aska,Fisk färsk fryst kokt,2.9,g
1335,Torsk filé kokt m. salt,Alkohol,Fisk färsk fryst kokt,0.0,g
1336,Torsk panerad stekt,"Zink, Zn",Fisk o skaldjursprodukter o rätter,0.8,mg
1336,Torsk panerad stekt,Vitamin E,Fisk o skaldjursprodukter o rätter,3.1,mg
1336,Torsk panerad stekt,Vitamin D,Fisk o skaldjursprodukter o rätter,2.02,µg
1336,Torsk panerad stekt,Vitamin C,Fisk o skaldjursprodukter o rätter,0.1,mg
1336,Torsk panerad stekt,Vitamin B6,Fisk o skaldjursprodukter o rätter,0.14,mg
1336,Torsk panerad stekt,Vitamin B12,Fisk o skaldjursprodukter o rätter,0.93,µg
1336,Torsk panerad stekt,Vitamin A,Fisk o skaldjursprodukter o rätter,45.8,RE/µg
1336,Torsk panerad stekt,Vatten,Fisk o skaldjursprodukter o rätter,61.6,g
1336,Torsk panerad stekt,Tiamin,Fisk o skaldjursprodukter o rätter,0.06,mg
1336,Torsk panerad stekt,Tillsatt socker,Fisk o skaldjursprodukter o rätter,0.0,g
1336,Torsk panerad stekt,Fritt socker,Fisk o skaldjursprodukter o rätter,0.0,g
1336,Torsk panerad stekt,"Selen, Se",Fisk o skaldjursprodukter o rätter,30.9,µg
1336,Torsk panerad stekt,Sackaros,Fisk o skaldjursprodukter o rätter,0.0,g
1336,Torsk panerad stekt,Riboflavin,Fisk o skaldjursprodukter o rätter,0.09,mg
1336,Torsk panerad stekt,Retinol,Fisk o skaldjursprodukter o rätter,34.5,µg
1336,Torsk panerad stekt,Protein,Fisk o skaldjursprodukter o rätter,20.8,g
1336,Torsk panerad stekt,Summa fleromättade fettsyror,Fisk o skaldjursprodukter o rätter,2.5,g
1336,Torsk panerad stekt,"Fosfor, P",Fisk o skaldjursprodukter o rätter,255.0,mg
1336,Torsk panerad stekt,Niacinekvivalenter,Fisk o skaldjursprodukter o rätter,6.23,NE/mg
1336,Torsk panerad stekt,Niacin,Fisk o skaldjursprodukter o rätter,2.34,mg
1336,Torsk panerad stekt,"Salt, NaCl",Fisk o skaldjursprodukter o rätter,1.6,g
1336,Torsk panerad stekt,"Natrium, Na",Fisk o skaldjursprodukter o rätter,627.0,mg
1336,Torsk panerad stekt,Monosackarider,Fisk o skaldjursprodukter o rätter,0.1,g
1336,Torsk panerad stekt,"Sockerarter, totalt",Fisk o skaldjursprodukter o rätter,0.3,g
1336,Torsk panerad stekt,Summa enkelomättade fettsyror,Fisk o skaldjursprodukter o rätter,4.5,g
1336,Torsk panerad stekt,"Magnesium, Mg",Fisk o skaldjursprodukter o rätter,33.0,mg
1336,Torsk panerad stekt,Summa mättade fettsyror,Fisk o skaldjursprodukter o rätter,1.1,g
1336,Torsk panerad stekt,"Kolhydrater, tillgängliga",Fisk o skaldjursprodukter o rätter,6.3,g
1336,Torsk panerad stekt,Kolesterol,Fisk o skaldjursprodukter o rätter,81.9,mg
1336,Torsk panerad stekt,"Kalium, K",Fisk o skaldjursprodukter o rätter,386.0,mg
1336,Torsk panerad stekt,"Jod, I",Fisk o skaldjursprodukter o rätter,255.8,µg
1336,Torsk panerad stekt,Fullkorn totalt,Fisk o skaldjursprodukter o rätter,1.0,g
1336,Torsk panerad stekt,"Folat, totalt",Fisk o skaldjursprodukter o rätter,21.0,µg
1336,Torsk panerad stekt,Fibrer,Fisk o skaldjursprodukter o rätter,0.6,g
1336,Torsk panerad stekt,"Fett, totalt",Fisk o skaldjursprodukter o rätter,8.8,g
1336,Torsk panerad stekt,"Järn, Fe",Fisk o skaldjursprodukter o rätter,0.4,mg
1336,Torsk panerad stekt,Energi (kJ),Fisk o skaldjursprodukter o rätter,792.0,kJ
1336,Torsk panerad stekt,Energi (kcal),Fisk o skaldjursprodukter o rätter,189.0,kcal
1336,Torsk panerad stekt,Disackarider,Fisk o skaldjursprodukter o rätter,0.2,g
1336,Torsk panerad stekt,"Kalcium, Ca",Fisk o skaldjursprodukter o rätter,23.0,mg
1336,Torsk panerad stekt,Fettsyra 4:0-10:0,Fisk o skaldjursprodukter o rätter,0.0,g
1336,Torsk panerad stekt,DHA (C22:6),Fisk o skaldjursprodukter o rätter,0.2,g
1336,Torsk panerad stekt,DPA (C22:5),Fisk o skaldjursprodukter o rätter,0.0,g
1336,Torsk panerad stekt,EPA (C20:5),Fisk o skaldjursprodukter o rätter,0.0,g
1336,Torsk panerad stekt,Arakidonsyra C20:4,Fisk o skaldjursprodukter o rätter,0.0,g
1336,Torsk panerad stekt,Arakidinsyra C20:0,Fisk o skaldjursprodukter o rätter,0.0,g
1336,Torsk panerad stekt,Linolensyra C18:3,Fisk o skaldjursprodukter o rätter,0.5,g
1336,Torsk panerad stekt,Linolsyra C18:2,Fisk o skaldjursprodukter o rätter,1.7,g
1336,Torsk panerad stekt,Oljesyra C18:1,Fisk o skaldjursprodukter o rätter,4.4,g
1336,Torsk panerad stekt,Stearinsyra C18:0,Fisk o skaldjursprodukter o rätter,0.2,g
1336,Torsk panerad stekt,Palmitoljesyra C16:1,Fisk o skaldjursprodukter o rätter,0.1,g
1336,Torsk panerad stekt,Palmitinsyra C16:0,Fisk o skaldjursprodukter o rätter,0.7,g
1336,Torsk panerad stekt,Myristinsyra C14:0,Fisk o skaldjursprodukter o rätter,0.0,g
1336,Torsk panerad stekt,Laurinsyra C12:0,Fisk o skaldjursprodukter o rätter,0.0,g
1336,Torsk panerad stekt,Betakaroten/β-Karoten,Fisk o skaldjursprodukter o rätter,9.0,µg
1336,Torsk panerad stekt,Avfall (skal etc.),Fisk o skaldjursprodukter o rätter,28.0,%
1336,Torsk panerad stekt,Aska,Fisk o skaldjursprodukter o rätter,2.7,g
1336,Torsk panerad stekt,Alkohol,Fisk o skaldjursprodukter o rätter,0.0,g
1337,Torsk stekt,"Zink, Zn",Fisk stekt ej panerad,0.8,mg
1337,Torsk stekt,Vitamin E,Fisk stekt ej panerad,0.9,mg
1337,Torsk stekt,Vitamin D,Fisk stekt ej panerad,2.17,µg
1337,Torsk stekt,Vitamin C,Fisk stekt ej panerad,0.0,mg
1337,Torsk stekt,Vitamin B6,Fisk stekt ej panerad,0.16,mg
1337,Torsk stekt,Vitamin B12,Fisk stekt ej panerad,1.07,µg
1337,Torsk stekt,Vitamin A,Fisk stekt ej panerad,3.2,RE/µg
1337,Torsk stekt,Vatten,Fisk stekt ej panerad,73.0,g
1337,Torsk stekt,Tiamin,Fisk stekt ej panerad,0.05,mg
1337,Torsk stekt,Tillsatt socker,Fisk stekt ej panerad,0.0,g
1337,Torsk stekt,Fritt socker,Fisk stekt ej panerad,0.0,g
1337,Torsk stekt,"Selen, Se",Fisk stekt ej panerad,37.8,µg
1337,Torsk stekt,Sackaros,Fisk stekt ej panerad,0.0,g
1337,Torsk stekt,Riboflavin,Fisk stekt ej panerad,0.06,mg
1337,Torsk stekt,Retinol,Fisk stekt ej panerad,3.2,µg
1337,Torsk stekt,Protein,Fisk stekt ej panerad,25.2,g
1337,Torsk stekt,Summa fleromättade fettsyror,Fisk stekt ej panerad,0.3,g
1337,Torsk stekt,"Fosfor, P",Fisk stekt ej panerad,301.0,mg
1337,Torsk stekt,Niacinekvivalenter,Fisk stekt ej panerad,7.62,NE/mg
1337,Torsk stekt,Niacin,Fisk stekt ej panerad,2.99,mg
1337,Torsk stekt,"Salt, NaCl",Fisk stekt ej panerad,1.0,g
1337,Torsk stekt,"Natrium, Na",Fisk stekt ej panerad,361.0,mg
1337,Torsk stekt,Monosackarider,Fisk stekt ej panerad,0.0,g
1337,Torsk stekt,"Sockerarter, totalt",Fisk stekt ej panerad,0.0,g
1337,Torsk stekt,Summa enkelomättade fettsyror,Fisk stekt ej panerad,0.0,g
1337,Torsk stekt,"Magnesium, Mg",Fisk stekt ej panerad,38.0,mg
1337,Torsk stekt,Summa mättade fettsyror,Fisk stekt ej panerad,0.1,g
1337,Torsk stekt,"Kolhydrater, tillgängliga",Fisk stekt ej panerad,0.0,g
1337,Torsk stekt,Kolesterol,Fisk stekt ej panerad,67.1,mg
1337,Torsk stekt,"Kalium, K",Fisk stekt ej panerad,474.0,mg
1337,Torsk stekt,"Jod, I",Fisk stekt ej panerad,284.7,µg
1337,Torsk stekt,Fullkorn totalt,Fisk stekt ej panerad,0.0,g
1337,Torsk stekt,"Folat, totalt",Fisk stekt ej panerad,15.5,µg
1337,Torsk stekt,Fibrer,Fisk stekt ej panerad,0.0,g
1337,Torsk stekt,"Fett, totalt",Fisk stekt ej panerad,0.7,g
1337,Torsk stekt,"Järn, Fe",Fisk stekt ej panerad,0.2,mg
1337,Torsk stekt,Energi (kJ),Fisk stekt ej panerad,455.0,kJ
1337,Torsk stekt,Energi (kcal),Fisk stekt ej panerad,108.0,kcal
1337,Torsk stekt,Disackarider,Fisk stekt ej panerad,0.0,g
1337,Torsk stekt,"Kalcium, Ca",Fisk stekt ej panerad,18.0,mg
1337,Torsk stekt,Fettsyra 4:0-10:0,Fisk stekt ej panerad,0.0,g
1337,Torsk stekt,DHA (C22:6),Fisk stekt ej panerad,0.2,g
1337,Torsk stekt,DPA (C22:5),Fisk stekt ej panerad,0.0,g
1337,Torsk stekt,EPA (C20:5),Fisk stekt ej panerad,0.0,g
1337,Torsk stekt,Arakidonsyra C20:4,Fisk stekt ej panerad,0.0,g
1337,Torsk stekt,Arakidinsyra C20:0,Fisk stekt ej panerad,0.0,g
1337,Torsk stekt,Linolensyra C18:3,Fisk stekt ej panerad,0.0,g
1337,Torsk stekt,Linolsyra C18:2,Fisk stekt ej panerad,0.0,g
1337,Torsk stekt,Oljesyra C18:1,Fisk stekt ej panerad,0.1,g
1337,Torsk stekt,Stearinsyra C18:0,Fisk stekt ej panerad,0.0,g
1337,Torsk stekt,Palmitoljesyra C16:1,Fisk stekt ej panerad,0.0,g
1337,Torsk stekt,Palmitinsyra C16:0,Fisk stekt ej panerad,0.1,g
1337,Torsk stekt,Myristinsyra C14:0,Fisk stekt ej panerad,0.0,g
1337,Torsk stekt,Laurinsyra C12:0,Fisk stekt ej panerad,0.0,g
1337,Torsk stekt,Betakaroten/β-Karoten,Fisk stekt ej panerad,0.0,µg
1337,Torsk stekt,Avfall (skal etc.),Fisk stekt ej panerad,34.0,%
1337,Torsk stekt,Aska,Fisk stekt ej panerad,2.2,g
1337,Torsk stekt,Alkohol,Fisk stekt ej panerad,0.0,g
1338,Vitling kokt m. salt,"Zink, Zn",Fisk färsk fryst kokt,0.8,mg
1338,Vitling kokt m. salt,Vitamin E,Fisk färsk fryst kokt,0.4,mg
1338,Vitling kokt m. salt,Vitamin D,Fisk färsk fryst kokt,0.92,µg
1338,Vitling kokt m. salt,Vitamin C,Fisk färsk fryst kokt,0.0,mg
1338,Vitling kokt m. salt,Vitamin B6,Fisk färsk fryst kokt,0.21,mg
1338,Vitling kokt m. salt,Vitamin B12,Fisk färsk fryst kokt,0.86,µg
1338,Vitling kokt m. salt,Vitamin A,Fisk färsk fryst kokt,4.9,RE/µg
1338,Vitling kokt m. salt,Vatten,Fisk färsk fryst kokt,65.8,g
1338,Vitling kokt m. salt,Tiamin,Fisk färsk fryst kokt,0.06,mg
1338,Vitling kokt m. salt,Tillsatt socker,Fisk färsk fryst kokt,0.0,g
1338,Vitling kokt m. salt,Fritt socker,Fisk färsk fryst kokt,0.0,g
1338,Vitling kokt m. salt,"Selen, Se",Fisk färsk fryst kokt,41.2,µg
1338,Vitling kokt m. salt,Sackaros,Fisk färsk fryst kokt,0.0,g
1338,Vitling kokt m. salt,Riboflavin,Fisk färsk fryst kokt,0.06,mg
1338,Vitling kokt m. salt,Retinol,Fisk färsk fryst kokt,4.9,µg
1338,Vitling kokt m. salt,Protein,Fisk färsk fryst kokt,30.2,g
1338,Vitling kokt m. salt,Summa fleromättade fettsyror,Fisk färsk fryst kokt,0.2,g
1338,Vitling kokt m. salt,"Fosfor, P",Fisk färsk fryst kokt,302.0,mg
1338,Vitling kokt m. salt,Niacinekvivalenter,Fisk färsk fryst kokt,8.83,NE/mg
1338,Vitling kokt m. salt,Niacin,Fisk färsk fryst kokt,3.3,mg
1338,Vitling kokt m. salt,"Salt, NaCl",Fisk färsk fryst kokt,1.2,g
1338,Vitling kokt m. salt,"Natrium, Na",Fisk färsk fryst kokt,489.0,mg
1338,Vitling kokt m. salt,Monosackarider,Fisk färsk fryst kokt,0.0,g
1338,Vitling kokt m. salt,"Sockerarter, totalt",Fisk färsk fryst kokt,0.0,g
1338,Vitling kokt m. salt,Summa enkelomättade fettsyror,Fisk färsk fryst kokt,0.3,g
1338,Vitling kokt m. salt,"Magnesium, Mg",Fisk färsk fryst kokt,40.0,mg
1338,Vitling kokt m. salt,Summa mättade fettsyror,Fisk färsk fryst kokt,0.1,g
1338,Vitling kokt m. salt,"Kolhydrater, tillgängliga",Fisk färsk fryst kokt,0.0,g
1338,Vitling kokt m. salt,Kolesterol,Fisk färsk fryst kokt,82.4,mg
1338,Vitling kokt m. salt,"Kalium, K",Fisk färsk fryst kokt,458.0,mg
1338,Vitling kokt m. salt,"Jod, I",Fisk färsk fryst kokt,509.6,µg
1338,Vitling kokt m. salt,Fullkorn totalt,Fisk färsk fryst kokt,0.0,g
1338,Vitling kokt m. salt,"Folat, totalt",Fisk färsk fryst kokt,16.8,µg
1338,Vitling kokt m. salt,Fibrer,Fisk färsk fryst kokt,0.0,g
1338,Vitling kokt m. salt,"Fett, totalt",Fisk färsk fryst kokt,1.0,g
1338,Vitling kokt m. salt,"Järn, Fe",Fisk färsk fryst kokt,0.5,mg
1338,Vitling kokt m. salt,Energi (kJ),Fisk färsk fryst kokt,549.0,kJ
1338,Vitling kokt m. salt,Energi (kcal),Fisk färsk fryst kokt,132.0,kcal
1338,Vitling kokt m. salt,Disackarider,Fisk färsk fryst kokt,0.0,g
1338,Vitling kokt m. salt,"Kalcium, Ca",Fisk färsk fryst kokt,84.0,mg
1338,Vitling kokt m. salt,Fettsyra 4:0-10:0,Fisk färsk fryst kokt,0.0,g
1338,Vitling kokt m. salt,DHA (C22:6),Fisk färsk fryst kokt,0.1,g
1338,Vitling kokt m. salt,DPA (C22:5),Fisk färsk fryst kokt,0.0,g
1338,Vitling kokt m. salt,EPA (C20:5),Fisk färsk fryst kokt,0.1,g
1338,Vitling kokt m. salt,Arakidonsyra C20:4,Fisk färsk fryst kokt,0.0,g
1338,Vitling kokt m. salt,Arakidinsyra C20:0,Fisk färsk fryst kokt,0.0,g
1338,Vitling kokt m. salt,Linolensyra C18:3,Fisk färsk fryst kokt,0.0,g
1338,Vitling kokt m. salt,Linolsyra C18:2,Fisk färsk fryst kokt,0.0,g
1338,Vitling kokt m. salt,Oljesyra C18:1,Fisk färsk fryst kokt,0.1,g
1338,Vitling kokt m. salt,Stearinsyra C18:0,Fisk färsk fryst kokt,0.0,g
1338,Vitling kokt m. salt,Palmitoljesyra C16:1,Fisk färsk fryst kokt,0.0,g
1338,Vitling kokt m. salt,Palmitinsyra C16:0,Fisk färsk fryst kokt,0.1,g
1338,Vitling kokt m. salt,Myristinsyra C14:0,Fisk färsk fryst kokt,0.0,g
1338,Vitling kokt m. salt,Laurinsyra C12:0,Fisk färsk fryst kokt,0.0,g
1338,Vitling kokt m. salt,Betakaroten/β-Karoten,Fisk färsk fryst kokt,0.0,µg
1338,Vitling kokt m. salt,Avfall (skal etc.),Fisk färsk fryst kokt,52.0,%
1338,Vitling kokt m. salt,Aska,Fisk färsk fryst kokt,3.0,g
1338,Vitling kokt m. salt,Alkohol,Fisk färsk fryst kokt,0.0,g
1339,Vitling filé panerad stekt,"Zink, Zn",Fisk o skaldjursprodukter o rätter,0.7,mg
1339,Vitling filé panerad stekt,Vitamin E,Fisk o skaldjursprodukter o rätter,2.7,mg
1339,Vitling filé panerad stekt,Vitamin D,Fisk o skaldjursprodukter o rätter,1.01,µg
1339,Vitling filé panerad stekt,Vitamin C,Fisk o skaldjursprodukter o rätter,0.1,mg
1339,Vitling filé panerad stekt,Vitamin B6,Fisk o skaldjursprodukter o rätter,0.17,mg
1339,Vitling filé panerad stekt,Vitamin B12,Fisk o skaldjursprodukter o rätter,0.58,µg
1339,Vitling filé panerad stekt,Vitamin A,Fisk o skaldjursprodukter o rätter,46.3,RE/µg
1339,Vitling filé panerad stekt,Vatten,Fisk o skaldjursprodukter o rätter,60.6,g
1339,Vitling filé panerad stekt,Tiamin,Fisk o skaldjursprodukter o rätter,0.06,mg
1339,Vitling filé panerad stekt,Tillsatt socker,Fisk o skaldjursprodukter o rätter,0.0,g
1339,Vitling filé panerad stekt,Fritt socker,Fisk o skaldjursprodukter o rätter,0.0,g
1339,Vitling filé panerad stekt,"Selen, Se",Fisk o skaldjursprodukter o rätter,28.4,µg
1339,Vitling filé panerad stekt,Sackaros,Fisk o skaldjursprodukter o rätter,0.0,g
1339,Vitling filé panerad stekt,Riboflavin,Fisk o skaldjursprodukter o rätter,0.09,mg
1339,Vitling filé panerad stekt,Retinol,Fisk o skaldjursprodukter o rätter,35.1,µg
1339,Vitling filé panerad stekt,Protein,Fisk o skaldjursprodukter o rätter,20.8,g
1339,Vitling filé panerad stekt,Summa fleromättade fettsyror,Fisk o skaldjursprodukter o rätter,2.4,g
1339,Vitling filé panerad stekt,"Fosfor, P",Fisk o skaldjursprodukter o rätter,219.0,mg
1339,Vitling filé panerad stekt,Niacinekvivalenter,Fisk o skaldjursprodukter o rätter,6.06,NE/mg
1339,Vitling filé panerad stekt,Niacin,Fisk o skaldjursprodukter o rätter,2.17,mg
1339,Vitling filé panerad stekt,"Salt, NaCl",Fisk o skaldjursprodukter o rätter,1.5,g
1339,Vitling filé panerad stekt,"Natrium, Na",Fisk o skaldjursprodukter o rätter,615.0,mg
1339,Vitling filé panerad stekt,Monosackarider,Fisk o skaldjursprodukter o rätter,0.1,g
1339,Vitling filé panerad stekt,"Sockerarter, totalt",Fisk o skaldjursprodukter o rätter,0.3,g
1339,Vitling filé panerad stekt,Summa enkelomättade fettsyror,Fisk o skaldjursprodukter o rätter,4.7,g
1339,Vitling filé panerad stekt,"Magnesium, Mg",Fisk o skaldjursprodukter o rätter,30.0,mg
1339,Vitling filé panerad stekt,Summa mättade fettsyror,Fisk o skaldjursprodukter o rätter,1.1,g
1339,Vitling filé panerad stekt,"Kolhydrater, tillgängliga",Fisk o skaldjursprodukter o rätter,6.3,g
1339,Vitling filé panerad stekt,Kolesterol,Fisk o skaldjursprodukter o rätter,83.3,mg
1339,Vitling filé panerad stekt,"Kalium, K",Fisk o skaldjursprodukter o rätter,356.0,mg
1339,Vitling filé panerad stekt,"Jod, I",Fisk o skaldjursprodukter o rätter,355.7,µg
1339,Vitling filé panerad stekt,Fullkorn totalt,Fisk o skaldjursprodukter o rätter,1.0,g
1339,Vitling filé panerad stekt,"Folat, totalt",Fisk o skaldjursprodukter o rätter,19.3,µg
1339,Vitling filé panerad stekt,Fibrer,Fisk o skaldjursprodukter o rätter,0.6,g
1339,Vitling filé panerad stekt,"Fett, totalt",Fisk o skaldjursprodukter o rätter,8.9,g
1339,Vitling filé panerad stekt,"Järn, Fe",Fisk o skaldjursprodukter o rätter,0.6,mg
1339,Vitling filé panerad stekt,Energi (kJ),Fisk o skaldjursprodukter o rätter,794.0,kJ
1339,Vitling filé panerad stekt,Energi (kcal),Fisk o skaldjursprodukter o rätter,190.0,kcal
1339,Vitling filé panerad stekt,Disackarider,Fisk o skaldjursprodukter o rätter,0.2,g
1339,Vitling filé panerad stekt,"Kalcium, Ca",Fisk o skaldjursprodukter o rätter,62.0,mg
1339,Vitling filé panerad stekt,Fettsyra 4:0-10:0,Fisk o skaldjursprodukter o rätter,0.0,g
1339,Vitling filé panerad stekt,DHA (C22:6),Fisk o skaldjursprodukter o rätter,0.1,g
1339,Vitling filé panerad stekt,DPA (C22:5),Fisk o skaldjursprodukter o rätter,0.0,g
1339,Vitling filé panerad stekt,EPA (C20:5),Fisk o skaldjursprodukter o rätter,0.0,g
1339,Vitling filé panerad stekt,Arakidonsyra C20:4,Fisk o skaldjursprodukter o rätter,0.0,g
1339,Vitling filé panerad stekt,Arakidinsyra C20:0,Fisk o skaldjursprodukter o rätter,0.0,g
1339,Vitling filé panerad stekt,Linolensyra C18:3,Fisk o skaldjursprodukter o rätter,0.5,g
1339,Vitling filé panerad stekt,Linolsyra C18:2,Fisk o skaldjursprodukter o rätter,1.7,g
1339,Vitling filé panerad stekt,Oljesyra C18:1,Fisk o skaldjursprodukter o rätter,4.4,g
1339,Vitling filé panerad stekt,Stearinsyra C18:0,Fisk o skaldjursprodukter o rätter,0.2,g
1339,Vitling filé panerad stekt,Palmitoljesyra C16:1,Fisk o skaldjursprodukter o rätter,0.1,g
1339,Vitling filé panerad stekt,Palmitinsyra C16:0,Fisk o skaldjursprodukter o rätter,0.7,g
1339,Vitling filé panerad stekt,Myristinsyra C14:0,Fisk o skaldjursprodukter o rätter,0.0,g
1339,Vitling filé panerad stekt,Laurinsyra C12:0,Fisk o skaldjursprodukter o rätter,0.0,g
1339,Vitling filé panerad stekt,Betakaroten/β-Karoten,Fisk o skaldjursprodukter o rätter,9.0,µg
1339,Vitling filé panerad stekt,Avfall (skal etc.),Fisk o skaldjursprodukter o rätter,42.0,%
1339,Vitling filé panerad stekt,Aska,Fisk o skaldjursprodukter o rätter,2.8,g
1339,Vitling filé panerad stekt,Alkohol,Fisk o skaldjursprodukter o rätter,0.0,g
1340,Fisk varmrökt,"Zink, Zn",Fisk rökt,0.4,mg
1340,Fisk varmrökt,Vitamin E,Fisk rökt,4.8,mg
1340,Fisk varmrökt,Vitamin D,Fisk rökt,8.61,µg
1340,Fisk varmrökt,Vitamin C,Fisk rökt,0.0,mg
1340,Fisk varmrökt,Vitamin B6,Fisk rökt,0.52,mg
1340,Fisk varmrökt,Vitamin B12,Fisk rökt,5.57,µg
1340,Fisk varmrökt,Vitamin A,Fisk rökt,14.0,RE/µg
1340,Fisk varmrökt,Vatten,Fisk rökt,60.0,g
1340,Fisk varmrökt,Tiamin,Fisk rökt,0.25,mg
1340,Fisk varmrökt,Tillsatt socker,Fisk rökt,0.0,g
1340,Fisk varmrökt,Fritt socker,Fisk rökt,0.0,g
1340,Fisk varmrökt,"Selen, Se",Fisk rökt,22.0,µg
1340,Fisk varmrökt,Sackaros,Fisk rökt,0.0,g
1340,Fisk varmrökt,Riboflavin,Fisk rökt,0.12,mg
1340,Fisk varmrökt,Retinol,Fisk rökt,14.0,µg
1340,Fisk varmrökt,Protein,Fisk rökt,21.7,g
1340,Fisk varmrökt,Summa fleromättade fettsyror,Fisk rökt,4.5,g
1340,Fisk varmrökt,"Fosfor, P",Fisk rökt,242.0,mg
1340,Fisk varmrökt,Niacinekvivalenter,Fisk rökt,12.12,NE/mg
1340,Fisk varmrökt,Niacin,Fisk rökt,8.46,mg
1340,Fisk varmrökt,"Salt, NaCl",Fisk rökt,1.6,g
1340,Fisk varmrökt,"Natrium, Na",Fisk rökt,641.0,mg
1340,Fisk varmrökt,Monosackarider,Fisk rökt,0.0,g
1340,Fisk varmrökt,"Sockerarter, totalt",Fisk rökt,0.0,g
1340,Fisk varmrökt,Summa enkelomättade fettsyror,Fisk rökt,7.2,g
1340,Fisk varmrökt,"Magnesium, Mg",Fisk rökt,26.0,mg
1340,Fisk varmrökt,Summa mättade fettsyror,Fisk rökt,2.3,g
1340,Fisk varmrökt,"Kolhydrater, tillgängliga",Fisk rökt,0.1,g
1340,Fisk varmrökt,Kolesterol,Fisk rökt,68.3,mg
1340,Fisk varmrökt,"Kalium, K",Fisk rökt,337.0,mg
1340,Fisk varmrökt,"Jod, I",Fisk rökt,19.8,µg
1340,Fisk varmrökt,Fullkorn totalt,Fisk rökt,0.0,g
1340,Fisk varmrökt,"Folat, totalt",Fisk rökt,8.8,µg
1340,Fisk varmrökt,Fibrer,Fisk rökt,0.0,g
1340,Fisk varmrökt,"Fett, totalt",Fisk rökt,15.5,g
1340,Fisk varmrökt,"Järn, Fe",Fisk rökt,0.3,mg
1340,Fisk varmrökt,Energi (kJ),Fisk rökt,944.0,kJ
1340,Fisk varmrökt,Energi (kcal),Fisk rökt,226.0,kcal
1340,Fisk varmrökt,Disackarider,Fisk rökt,0.0,g
1340,Fisk varmrökt,"Kalcium, Ca",Fisk rökt,12.0,mg
1340,Fisk varmrökt,Fettsyra 4:0-10:0,Fisk rökt,0.0,g
1340,Fisk varmrökt,DHA (C22:6),Fisk rökt,0.8,g
1340,Fisk varmrökt,DPA (C22:5),Fisk rökt,0.2,g
1340,Fisk varmrökt,EPA (C20:5),Fisk rökt,0.4,g
1340,Fisk varmrökt,Arakidonsyra C20:4,Fisk rökt,0.1,g
1340,Fisk varmrökt,Arakidinsyra C20:0,Fisk rökt,0.0,g
1340,Fisk varmrökt,Linolensyra C18:3,Fisk rökt,0.8,g
1340,Fisk varmrökt,Linolsyra C18:2,Fisk rökt,1.8,g
1340,Fisk varmrökt,Oljesyra C18:1,Fisk rökt,5.5,g
1340,Fisk varmrökt,Stearinsyra C18:0,Fisk rökt,0.3,g
1340,Fisk varmrökt,Palmitoljesyra C16:1,Fisk rökt,0.4,g
1340,Fisk varmrökt,Palmitinsyra C16:0,Fisk rökt,1.4,g
1340,Fisk varmrökt,Myristinsyra C14:0,Fisk rökt,0.4,g
1340,Fisk varmrökt,Laurinsyra C12:0,Fisk rökt,0.0,g
1340,Fisk varmrökt,Betakaroten/β-Karoten,Fisk rökt,0.0,µg
1340,Fisk varmrökt,Avfall (skal etc.),Fisk rökt,25.0,%
1340,Fisk varmrökt,Aska,Fisk rökt,2.7,g
1340,Fisk varmrökt,Alkohol,Fisk rökt,0.0,g
1344,Fiskbullar konserv. u. buljong,"Zink, Zn",Fisk o skaldjursprodukter o rätter,0.2,mg
1344,Fiskbullar konserv. u. buljong,Vitamin E,Fisk o skaldjursprodukter o rätter,0.7,mg
1344,Fiskbullar konserv. u. buljong,Vitamin D,Fisk o skaldjursprodukter o rätter,0.28,µg
1344,Fiskbullar konserv. u. buljong,Vitamin C,Fisk o skaldjursprodukter o rätter,0.0,mg
1344,Fiskbullar konserv. u. buljong,Vitamin B6,Fisk o skaldjursprodukter o rätter,0.0,mg
1344,Fiskbullar konserv. u. buljong,Vitamin B12,Fisk o skaldjursprodukter o rätter,0.32,µg
1344,Fiskbullar konserv. u. buljong,Vitamin A,Fisk o skaldjursprodukter o rätter,2.8,RE/µg
1344,Fiskbullar konserv. u. buljong,Vatten,Fisk o skaldjursprodukter o rätter,83.6,g
1344,Fiskbullar konserv. u. buljong,Tiamin,Fisk o skaldjursprodukter o rätter,0.0,mg
1344,Fiskbullar konserv. u. buljong,Tillsatt socker,Fisk o skaldjursprodukter o rätter,0.0,g
1344,Fiskbullar konserv. u. buljong,Fritt socker,Fisk o skaldjursprodukter o rätter,0.0,g
1344,Fiskbullar konserv. u. buljong,"Selen, Se",Fisk o skaldjursprodukter o rätter,10.4,µg
1344,Fiskbullar konserv. u. buljong,Sackaros,Fisk o skaldjursprodukter o rätter,0.0,g
1344,Fiskbullar konserv. u. buljong,Riboflavin,Fisk o skaldjursprodukter o rätter,0.0,mg
1344,Fiskbullar konserv. u. buljong,Retinol,Fisk o skaldjursprodukter o rätter,2.8,µg
1344,Fiskbullar konserv. u. buljong,Protein,Fisk o skaldjursprodukter o rätter,6.9,g
1344,Fiskbullar konserv. u. buljong,Summa fleromättade fettsyror,Fisk o skaldjursprodukter o rätter,0.4,g
1344,Fiskbullar konserv. u. buljong,"Fosfor, P",Fisk o skaldjursprodukter o rätter,42.0,mg
1344,Fiskbullar konserv. u. buljong,Niacinekvivalenter,Fisk o skaldjursprodukter o rätter,1.6,NE/mg
1344,Fiskbullar konserv. u. buljong,Niacin,Fisk o skaldjursprodukter o rätter,0.44,mg
1344,Fiskbullar konserv. u. buljong,"Salt, NaCl",Fisk o skaldjursprodukter o rätter,1.3,g
1344,Fiskbullar konserv. u. buljong,"Natrium, Na",Fisk o skaldjursprodukter o rätter,504.0,mg
1344,Fiskbullar konserv. u. buljong,Monosackarider,Fisk o skaldjursprodukter o rätter,0.0,g
1344,Fiskbullar konserv. u. buljong,"Sockerarter, totalt",Fisk o skaldjursprodukter o rätter,0.3,g
1344,Fiskbullar konserv. u. buljong,Summa enkelomättade fettsyror,Fisk o skaldjursprodukter o rätter,0.9,g
1344,Fiskbullar konserv. u. buljong,"Magnesium, Mg",Fisk o skaldjursprodukter o rätter,7.0,mg
1344,Fiskbullar konserv. u. buljong,Summa mättade fettsyror,Fisk o skaldjursprodukter o rätter,0.3,g
1344,Fiskbullar konserv. u. buljong,"Kolhydrater, tillgängliga",Fisk o skaldjursprodukter o rätter,5.8,g
1344,Fiskbullar konserv. u. buljong,Kolesterol,Fisk o skaldjursprodukter o rätter,25.3,mg
1344,Fiskbullar konserv. u. buljong,"Kalium, K",Fisk o skaldjursprodukter o rätter,62.0,mg
1344,Fiskbullar konserv. u. buljong,"Jod, I",Fisk o skaldjursprodukter o rätter,35.6,µg
1344,Fiskbullar konserv. u. buljong,Fullkorn totalt,Fisk o skaldjursprodukter o rätter,0.0,g
1344,Fiskbullar konserv. u. buljong,"Folat, totalt",Fisk o skaldjursprodukter o rätter,1.6,µg
1344,Fiskbullar konserv. u. buljong,Fibrer,Fisk o skaldjursprodukter o rätter,0.0,g
1344,Fiskbullar konserv. u. buljong,"Fett, totalt",Fisk o skaldjursprodukter o rätter,2.3,g
1344,Fiskbullar konserv. u. buljong,"Järn, Fe",Fisk o skaldjursprodukter o rätter,0.1,mg
1344,Fiskbullar konserv. u. buljong,Energi (kJ),Fisk o skaldjursprodukter o rätter,300.0,kJ
1344,Fiskbullar konserv. u. buljong,Energi (kcal),Fisk o skaldjursprodukter o rätter,72.0,kcal
1344,Fiskbullar konserv. u. buljong,Disackarider,Fisk o skaldjursprodukter o rätter,0.3,g
1344,Fiskbullar konserv. u. buljong,"Kalcium, Ca",Fisk o skaldjursprodukter o rätter,16.0,mg
1344,Fiskbullar konserv. u. buljong,Fettsyra 4:0-10:0,Fisk o skaldjursprodukter o rätter,0.0,g
1344,Fiskbullar konserv. u. buljong,DHA (C22:6),Fisk o skaldjursprodukter o rätter,0.0,g
1344,Fiskbullar konserv. u. buljong,DPA (C22:5),Fisk o skaldjursprodukter o rätter,0.0,g
1344,Fiskbullar konserv. u. buljong,EPA (C20:5),Fisk o skaldjursprodukter o rätter,0.0,g
1344,Fiskbullar konserv. u. buljong,Arakidonsyra C20:4,Fisk o skaldjursprodukter o rätter,0.0,g
1344,Fiskbullar konserv. u. buljong,Arakidinsyra C20:0,Fisk o skaldjursprodukter o rätter,0.0,g
1344,Fiskbullar konserv. u. buljong,Linolensyra C18:3,Fisk o skaldjursprodukter o rätter,0.1,g
1344,Fiskbullar konserv. u. buljong,Linolsyra C18:2,Fisk o skaldjursprodukter o rätter,0.2,g
1344,Fiskbullar konserv. u. buljong,Oljesyra C18:1,Fisk o skaldjursprodukter o rätter,0.8,g
1344,Fiskbullar konserv. u. buljong,Stearinsyra C18:0,Fisk o skaldjursprodukter o rätter,0.0,g
1344,Fiskbullar konserv. u. buljong,Palmitoljesyra C16:1,Fisk o skaldjursprodukter o rätter,0.0,g
1344,Fiskbullar konserv. u. buljong,Palmitinsyra C16:0,Fisk o skaldjursprodukter o rätter,0.2,g
1344,Fiskbullar konserv. u. buljong,Myristinsyra C14:0,Fisk o skaldjursprodukter o rätter,0.0,g
1344,Fiskbullar konserv. u. buljong,Laurinsyra C12:0,Fisk o skaldjursprodukter o rätter,0.0,g
1344,Fiskbullar konserv. u. buljong,Betakaroten/β-Karoten,Fisk o skaldjursprodukter o rätter,0.0,µg
1344,Fiskbullar konserv. u. buljong,Avfall (skal etc.),Fisk o skaldjursprodukter o rätter,0.0,%
1344,Fiskbullar konserv. u. buljong,Aska,Fisk o skaldjursprodukter o rätter,1.4,g
1344,Fiskbullar konserv. u. buljong,Alkohol,Fisk o skaldjursprodukter o rätter,0.0,g
1345,Fiskbullar m. hummersås konserv. tillagad,"Zink, Zn",Fisk o skaldjursprodukter o rätter,0.3,mg
1345,Fiskbullar m. hummersås konserv. tillagad,Vitamin E,Fisk o skaldjursprodukter o rätter,0.9,mg
1345,Fiskbullar m. hummersås konserv. tillagad,Vitamin D,Fisk o skaldjursprodukter o rätter,0.19,µg
1345,Fiskbullar m. hummersås konserv. tillagad,Vitamin C,Fisk o skaldjursprodukter o rätter,0.0,mg
1345,Fiskbullar m. hummersås konserv. tillagad,Vitamin B6,Fisk o skaldjursprodukter o rätter,0.02,mg
1345,Fiskbullar m. hummersås konserv. tillagad,Vitamin B12,Fisk o skaldjursprodukter o rätter,0.3,µg
1345,Fiskbullar m. hummersås konserv. tillagad,Vitamin A,Fisk o skaldjursprodukter o rätter,18.9,RE/µg
1345,Fiskbullar m. hummersås konserv. tillagad,Vatten,Fisk o skaldjursprodukter o rätter,82.0,g
1345,Fiskbullar m. hummersås konserv. tillagad,Tiamin,Fisk o skaldjursprodukter o rätter,0.0,mg
1345,Fiskbullar m. hummersås konserv. tillagad,Tillsatt socker,Fisk o skaldjursprodukter o rätter,0.0,g
1345,Fiskbullar m. hummersås konserv. tillagad,Fritt socker,Fisk o skaldjursprodukter o rätter,0.0,g
1345,Fiskbullar m. hummersås konserv. tillagad,"Selen, Se",Fisk o skaldjursprodukter o rätter,9.3,µg
1345,Fiskbullar m. hummersås konserv. tillagad,Sackaros,Fisk o skaldjursprodukter o rätter,0.0,g
1345,Fiskbullar m. hummersås konserv. tillagad,Riboflavin,Fisk o skaldjursprodukter o rätter,0.05,mg
1345,Fiskbullar m. hummersås konserv. tillagad,Retinol,Fisk o skaldjursprodukter o rätter,16.7,µg
1345,Fiskbullar m. hummersås konserv. tillagad,Protein,Fisk o skaldjursprodukter o rätter,4.8,g
1345,Fiskbullar m. hummersås konserv. tillagad,Summa fleromättade fettsyror,Fisk o skaldjursprodukter o rätter,0.8,g
1345,Fiskbullar m. hummersås konserv. tillagad,"Fosfor, P",Fisk o skaldjursprodukter o rätter,57.0,mg
1345,Fiskbullar m. hummersås konserv. tillagad,Niacinekvivalenter,Fisk o skaldjursprodukter o rätter,1.5,NE/mg
1345,Fiskbullar m. hummersås konserv. tillagad,Niacin,Fisk o skaldjursprodukter o rätter,0.63,mg
1345,Fiskbullar m. hummersås konserv. tillagad,"Salt, NaCl",Fisk o skaldjursprodukter o rätter,1.2,g
1345,Fiskbullar m. hummersås konserv. tillagad,"Natrium, Na",Fisk o skaldjursprodukter o rätter,492.0,mg
1345,Fiskbullar m. hummersås konserv. tillagad,Monosackarider,Fisk o skaldjursprodukter o rätter,0.0,g
1345,Fiskbullar m. hummersås konserv. tillagad,"Sockerarter, totalt",Fisk o skaldjursprodukter o rätter,0.6,g
1345,Fiskbullar m. hummersås konserv. tillagad,Summa enkelomättade fettsyror,Fisk o skaldjursprodukter o rätter,1.6,g
1345,Fiskbullar m. hummersås konserv. tillagad,"Magnesium, Mg",Fisk o skaldjursprodukter o rätter,9.0,mg
1345,Fiskbullar m. hummersås konserv. tillagad,Summa mättade fettsyror,Fisk o skaldjursprodukter o rätter,0.6,g
1345,Fiskbullar m. hummersås konserv. tillagad,"Kolhydrater, tillgängliga",Fisk o skaldjursprodukter o rätter,7.4,g
1345,Fiskbullar m. hummersås konserv. tillagad,Kolesterol,Fisk o skaldjursprodukter o rätter,22.9,mg
1345,Fiskbullar m. hummersås konserv. tillagad,"Kalium, K",Fisk o skaldjursprodukter o rätter,86.0,mg
1345,Fiskbullar m. hummersås konserv. tillagad,"Jod, I",Fisk o skaldjursprodukter o rätter,28.0,µg
1345,Fiskbullar m. hummersås konserv. tillagad,Fullkorn totalt,Fisk o skaldjursprodukter o rätter,0.0,g
1345,Fiskbullar m. hummersås konserv. tillagad,"Folat, totalt",Fisk o skaldjursprodukter o rätter,2.0,µg
1345,Fiskbullar m. hummersås konserv. tillagad,Fibrer,Fisk o skaldjursprodukter o rätter,0.0,g
1345,Fiskbullar m. hummersås konserv. tillagad,"Fett, totalt",Fisk o skaldjursprodukter o rätter,4.4,g
1345,Fiskbullar m. hummersås konserv. tillagad,"Järn, Fe",Fisk o skaldjursprodukter o rätter,0.1,mg
1345,Fiskbullar m. hummersås konserv. tillagad,Energi (kJ),Fisk o skaldjursprodukter o rätter,369.0,kJ
1345,Fiskbullar m. hummersås konserv. tillagad,Energi (kcal),Fisk o skaldjursprodukter o rätter,88.0,kcal
1345,Fiskbullar m. hummersås konserv. tillagad,Disackarider,Fisk o skaldjursprodukter o rätter,0.6,g
1345,Fiskbullar m. hummersås konserv. tillagad,"Kalcium, Ca",Fisk o skaldjursprodukter o rätter,28.0,mg
1345,Fiskbullar m. hummersås konserv. tillagad,Fettsyra 4:0-10:0,Fisk o skaldjursprodukter o rätter,0.0,g
1345,Fiskbullar m. hummersås konserv. tillagad,DHA (C22:6),Fisk o skaldjursprodukter o rätter,0.0,g
1345,Fiskbullar m. hummersås konserv. tillagad,DPA (C22:5),Fisk o skaldjursprodukter o rätter,0.0,g
1345,Fiskbullar m. hummersås konserv. tillagad,EPA (C20:5),Fisk o skaldjursprodukter o rätter,0.0,g
1345,Fiskbullar m. hummersås konserv. tillagad,Arakidonsyra C20:4,Fisk o skaldjursprodukter o rätter,0.0,g
1345,Fiskbullar m. hummersås konserv. tillagad,Arakidinsyra C20:0,Fisk o skaldjursprodukter o rätter,0.0,g
1345,Fiskbullar m. hummersås konserv. tillagad,Linolensyra C18:3,Fisk o skaldjursprodukter o rätter,0.3,g
1345,Fiskbullar m. hummersås konserv. tillagad,Linolsyra C18:2,Fisk o skaldjursprodukter o rätter,0.5,g
1345,Fiskbullar m. hummersås konserv. tillagad,Oljesyra C18:1,Fisk o skaldjursprodukter o rätter,1.5,g
1345,Fiskbullar m. hummersås konserv. tillagad,Stearinsyra C18:0,Fisk o skaldjursprodukter o rätter,0.1,g
1345,Fiskbullar m. hummersås konserv. tillagad,Palmitoljesyra C16:1,Fisk o skaldjursprodukter o rätter,0.0,g
1345,Fiskbullar m. hummersås konserv. tillagad,Palmitinsyra C16:0,Fisk o skaldjursprodukter o rätter,0.3,g
1345,Fiskbullar m. hummersås konserv. tillagad,Myristinsyra C14:0,Fisk o skaldjursprodukter o rätter,0.1,g
1345,Fiskbullar m. hummersås konserv. tillagad,Laurinsyra C12:0,Fisk o skaldjursprodukter o rätter,0.0,g
1345,Fiskbullar m. hummersås konserv. tillagad,Betakaroten/β-Karoten,Fisk o skaldjursprodukter o rätter,22.0,µg
1345,Fiskbullar m. hummersås konserv. tillagad,Avfall (skal etc.),Fisk o skaldjursprodukter o rätter,0.0,%
1345,Fiskbullar m. hummersås konserv. tillagad,Aska,Fisk o skaldjursprodukter o rätter,1.4,g
1345,Fiskbullar m. hummersås konserv. tillagad,Alkohol,Fisk o skaldjursprodukter o rätter,0.0,g
1346,Laxpastej lättrökt,"Zink, Zn",Fisk o skaldjursprodukter o rätter,3.0,mg
1346,Laxpastej lättrökt,Vitamin E,Fisk o skaldjursprodukter o rätter,5.5,mg
1346,Laxpastej lättrökt,Vitamin D,Fisk o skaldjursprodukter o rätter,1.5,µg
1346,Laxpastej lättrökt,Vitamin C,Fisk o skaldjursprodukter o rätter,0.0,mg
1346,Laxpastej lättrökt,Vitamin B6,Fisk o skaldjursprodukter o rätter,0.1,mg
1346,Laxpastej lättrökt,Vitamin B12,Fisk o skaldjursprodukter o rätter,4.0,µg
1346,Laxpastej lättrökt,Vitamin A,Fisk o skaldjursprodukter o rätter,100.0,RE/µg
1346,Laxpastej lättrökt,Vatten,Fisk o skaldjursprodukter o rätter,40.0,g
1346,Laxpastej lättrökt,Tiamin,Fisk o skaldjursprodukter o rätter,0.33,mg
1346,Laxpastej lättrökt,Tillsatt socker,Fisk o skaldjursprodukter o rätter,4.0,g
1346,Laxpastej lättrökt,Fritt socker,Fisk o skaldjursprodukter o rätter,4.0,g
1346,Laxpastej lättrökt,"Selen, Se",Fisk o skaldjursprodukter o rätter,10.0,µg
1346,Laxpastej lättrökt,Sackaros,Fisk o skaldjursprodukter o rätter,3.6,g
1346,Laxpastej lättrökt,Riboflavin,Fisk o skaldjursprodukter o rätter,0.46,mg
1346,Laxpastej lättrökt,Retinol,Fisk o skaldjursprodukter o rätter,100.0,µg
1346,Laxpastej lättrökt,Protein,Fisk o skaldjursprodukter o rätter,12.0,g
1346,Laxpastej lättrökt,Summa fleromättade fettsyror,Fisk o skaldjursprodukter o rätter,8.8,g
1346,Laxpastej lättrökt,"Fosfor, P",Fisk o skaldjursprodukter o rätter,330.0,mg
1346,Laxpastej lättrökt,Niacinekvivalenter,Fisk o skaldjursprodukter o rätter,3.0,NE/mg
1346,Laxpastej lättrökt,Niacin,Fisk o skaldjursprodukter o rätter,0.8,mg
1346,Laxpastej lättrökt,"Salt, NaCl",Fisk o skaldjursprodukter o rätter,5.0,g
1346,Laxpastej lättrökt,"Natrium, Na",Fisk o skaldjursprodukter o rätter,2000.0,mg
1346,Laxpastej lättrökt,Monosackarider,Fisk o skaldjursprodukter o rätter,0.0,g
1346,Laxpastej lättrökt,"Sockerarter, totalt",Fisk o skaldjursprodukter o rätter,3.6,g
1346,Laxpastej lättrökt,Summa enkelomättade fettsyror,Fisk o skaldjursprodukter o rätter,16.2,g
1346,Laxpastej lättrökt,"Magnesium, Mg",Fisk o skaldjursprodukter o rätter,15.0,mg
1346,Laxpastej lättrökt,Summa mättade fettsyror,Fisk o skaldjursprodukter o rätter,2.0,g
1346,Laxpastej lättrökt,"Kolhydrater, tillgängliga",Fisk o skaldjursprodukter o rätter,10.0,g
1346,Laxpastej lättrökt,Kolesterol,Fisk o skaldjursprodukter o rätter,18.0,mg
1346,Laxpastej lättrökt,"Kalium, K",Fisk o skaldjursprodukter o rätter,100.0,mg
1346,Laxpastej lättrökt,"Jod, I",Fisk o skaldjursprodukter o rätter,2.6,µg
1346,Laxpastej lättrökt,Fullkorn totalt,Fisk o skaldjursprodukter o rätter,0.0,g
1346,Laxpastej lättrökt,"Folat, totalt",Fisk o skaldjursprodukter o rätter,10.0,µg
1346,Laxpastej lättrökt,Fibrer,Fisk o skaldjursprodukter o rätter,0.0,g
1346,Laxpastej lättrökt,"Fett, totalt",Fisk o skaldjursprodukter o rätter,30.0,g
1346,Laxpastej lättrökt,"Järn, Fe",Fisk o skaldjursprodukter o rätter,1.0,mg
1346,Laxpastej lättrökt,Energi (kJ),Fisk o skaldjursprodukter o rätter,1484.0,kJ
1346,Laxpastej lättrökt,Energi (kcal),Fisk o skaldjursprodukter o rätter,355.0,kcal
1346,Laxpastej lättrökt,Disackarider,Fisk o skaldjursprodukter o rätter,3.6,g
1346,Laxpastej lättrökt,"Kalcium, Ca",Fisk o skaldjursprodukter o rätter,43.0,mg
1346,Laxpastej lättrökt,Fettsyra 4:0-10:0,Fisk o skaldjursprodukter o rätter,0.0,g
1346,Laxpastej lättrökt,DHA (C22:6),Fisk o skaldjursprodukter o rätter,0.2,g
1346,Laxpastej lättrökt,DPA (C22:5),Fisk o skaldjursprodukter o rätter,0.0,g
1346,Laxpastej lättrökt,EPA (C20:5),Fisk o skaldjursprodukter o rätter,0.1,g
1346,Laxpastej lättrökt,Arakidonsyra C20:4,Fisk o skaldjursprodukter o rätter,0.0,g
1346,Laxpastej lättrökt,Arakidinsyra C20:0,Fisk o skaldjursprodukter o rätter,0.2,g
1346,Laxpastej lättrökt,Linolensyra C18:3,Fisk o skaldjursprodukter o rätter,3.1,g
1346,Laxpastej lättrökt,Linolsyra C18:2,Fisk o skaldjursprodukter o rätter,5.4,g
1346,Laxpastej lättrökt,Oljesyra C18:1,Fisk o skaldjursprodukter o rätter,14.4,g
1346,Laxpastej lättrökt,Stearinsyra C18:0,Fisk o skaldjursprodukter o rätter,0.4,g
1346,Laxpastej lättrökt,Palmitoljesyra C16:1,Fisk o skaldjursprodukter o rätter,0.3,g
1346,Laxpastej lättrökt,Palmitinsyra C16:0,Fisk o skaldjursprodukter o rätter,1.3,g
1346,Laxpastej lättrökt,Myristinsyra C14:0,Fisk o skaldjursprodukter o rätter,0.1,g
1346,Laxpastej lättrökt,Laurinsyra C12:0,Fisk o skaldjursprodukter o rätter,0.0,g
1346,Laxpastej lättrökt,Betakaroten/β-Karoten,Fisk o skaldjursprodukter o rätter,0.0,µg
1346,Laxpastej lättrökt,Avfall (skal etc.),Fisk o skaldjursprodukter o rätter,0.0,%
1346,Laxpastej lättrökt,Aska,Fisk o skaldjursprodukter o rätter,8.0,g
1346,Laxpastej lättrökt,Alkohol,Fisk o skaldjursprodukter o rätter,0.0,g
1347,Böcklingpastej,"Zink, Zn",Fisk o skaldjursprodukter o rätter,3.0,mg
1347,Böcklingpastej,Vitamin E,Fisk o skaldjursprodukter o rätter,5.5,mg
1347,Böcklingpastej,Vitamin D,Fisk o skaldjursprodukter o rätter,1.5,µg
1347,Böcklingpastej,Vitamin C,Fisk o skaldjursprodukter o rätter,0.0,mg
1347,Böcklingpastej,Vitamin B6,Fisk o skaldjursprodukter o rätter,0.1,mg
1347,Böcklingpastej,Vitamin B12,Fisk o skaldjursprodukter o rätter,4.0,µg
1347,Böcklingpastej,Vitamin A,Fisk o skaldjursprodukter o rätter,100.0,RE/µg
1347,Böcklingpastej,Vatten,Fisk o skaldjursprodukter o rätter,39.0,g
1347,Böcklingpastej,Tiamin,Fisk o skaldjursprodukter o rätter,0.33,mg
1347,Böcklingpastej,Tillsatt socker,Fisk o skaldjursprodukter o rätter,2.0,g
1347,Böcklingpastej,Fritt socker,Fisk o skaldjursprodukter o rätter,2.0,g
1347,Böcklingpastej,"Selen, Se",Fisk o skaldjursprodukter o rätter,10.0,µg
1347,Böcklingpastej,Sackaros,Fisk o skaldjursprodukter o rätter,2.1,g
1347,Böcklingpastej,Riboflavin,Fisk o skaldjursprodukter o rätter,0.46,mg
1347,Böcklingpastej,Retinol,Fisk o skaldjursprodukter o rätter,100.0,µg
1347,Böcklingpastej,Protein,Fisk o skaldjursprodukter o rätter,13.0,g
1347,Böcklingpastej,Summa fleromättade fettsyror,Fisk o skaldjursprodukter o rätter,12.5,g
1347,Böcklingpastej,"Fosfor, P",Fisk o skaldjursprodukter o rätter,330.0,mg
1347,Böcklingpastej,Niacinekvivalenter,Fisk o skaldjursprodukter o rätter,3.18,NE/mg
1347,Böcklingpastej,Niacin,Fisk o skaldjursprodukter o rätter,0.8,mg
1347,Böcklingpastej,"Salt, NaCl",Fisk o skaldjursprodukter o rätter,5.0,g
1347,Böcklingpastej,"Natrium, Na",Fisk o skaldjursprodukter o rätter,2000.0,mg
1347,Böcklingpastej,Monosackarider,Fisk o skaldjursprodukter o rätter,0.0,g
1347,Böcklingpastej,"Sockerarter, totalt",Fisk o skaldjursprodukter o rätter,2.1,g
1347,Böcklingpastej,Summa enkelomättade fettsyror,Fisk o skaldjursprodukter o rätter,12.0,g
1347,Böcklingpastej,"Magnesium, Mg",Fisk o skaldjursprodukter o rätter,15.0,mg
1347,Böcklingpastej,Summa mättade fettsyror,Fisk o skaldjursprodukter o rätter,4.0,g
1347,Böcklingpastej,"Kolhydrater, tillgängliga",Fisk o skaldjursprodukter o rätter,9.0,g
1347,Böcklingpastej,Kolesterol,Fisk o skaldjursprodukter o rätter,18.0,mg
1347,Böcklingpastej,"Kalium, K",Fisk o skaldjursprodukter o rätter,100.0,mg
1347,Böcklingpastej,"Jod, I",Fisk o skaldjursprodukter o rätter,18.2,µg
1347,Böcklingpastej,Fullkorn totalt,Fisk o skaldjursprodukter o rätter,0.0,g
1347,Böcklingpastej,"Folat, totalt",Fisk o skaldjursprodukter o rätter,3.0,µg
1347,Böcklingpastej,Fibrer,Fisk o skaldjursprodukter o rätter,0.0,g
1347,Böcklingpastej,"Fett, totalt",Fisk o skaldjursprodukter o rätter,31.0,g
1347,Böcklingpastej,"Järn, Fe",Fisk o skaldjursprodukter o rätter,1.0,mg
1347,Böcklingpastej,Energi (kJ),Fisk o skaldjursprodukter o rätter,1521.0,kJ
1347,Böcklingpastej,Energi (kcal),Fisk o skaldjursprodukter o rätter,364.0,kcal
1347,Böcklingpastej,Disackarider,Fisk o skaldjursprodukter o rätter,2.1,g
1347,Böcklingpastej,"Kalcium, Ca",Fisk o skaldjursprodukter o rätter,43.0,mg
1347,Böcklingpastej,Fettsyra 4:0-10:0,Fisk o skaldjursprodukter o rätter,0.0,g
1347,Böcklingpastej,DHA (C22:6),Fisk o skaldjursprodukter o rätter,0.2,g
1347,Böcklingpastej,DPA (C22:5),Fisk o skaldjursprodukter o rätter,0.0,g
1347,Böcklingpastej,EPA (C20:5),Fisk o skaldjursprodukter o rätter,0.2,g
1347,Böcklingpastej,Arakidonsyra C20:4,Fisk o skaldjursprodukter o rätter,0.0,g
1347,Böcklingpastej,Arakidinsyra C20:0,Fisk o skaldjursprodukter o rätter,0.1,g
1347,Böcklingpastej,Linolensyra C18:3,Fisk o skaldjursprodukter o rätter,2.7,g
1347,Böcklingpastej,Linolsyra C18:2,Fisk o skaldjursprodukter o rätter,9.3,g
1347,Böcklingpastej,Oljesyra C18:1,Fisk o skaldjursprodukter o rätter,10.7,g
1347,Böcklingpastej,Stearinsyra C18:0,Fisk o skaldjursprodukter o rätter,0.7,g
1347,Böcklingpastej,Palmitoljesyra C16:1,Fisk o skaldjursprodukter o rätter,0.4,g
1347,Böcklingpastej,Palmitinsyra C16:0,Fisk o skaldjursprodukter o rätter,2.6,g
1347,Böcklingpastej,Myristinsyra C14:0,Fisk o skaldjursprodukter o rätter,0.4,g
1347,Böcklingpastej,Laurinsyra C12:0,Fisk o skaldjursprodukter o rätter,0.0,g
1347,Böcklingpastej,Betakaroten/β-Karoten,Fisk o skaldjursprodukter o rätter,0.0,µg
1347,Böcklingpastej,Avfall (skal etc.),Fisk o skaldjursprodukter o rätter,0.0,%
1347,Böcklingpastej,Aska,Fisk o skaldjursprodukter o rätter,8.0,g
1347,Böcklingpastej,Alkohol,Fisk o skaldjursprodukter o rätter,0.0,g
1348,Fiskpudding m. ris hemlagad,"Zink, Zn",Fisk o skaldjursprodukter o rätter,0.6,mg
1348,Fiskpudding m. ris hemlagad,Vitamin E,Fisk o skaldjursprodukter o rätter,0.1,mg
1348,Fiskpudding m. ris hemlagad,Vitamin D,Fisk o skaldjursprodukter o rätter,0.47,µg
1348,Fiskpudding m. ris hemlagad,Vitamin C,Fisk o skaldjursprodukter o rätter,0.2,mg
1348,Fiskpudding m. ris hemlagad,Vitamin B6,Fisk o skaldjursprodukter o rätter,0.24,mg
1348,Fiskpudding m. ris hemlagad,Vitamin B12,Fisk o skaldjursprodukter o rätter,0.5,µg
1348,Fiskpudding m. ris hemlagad,Vitamin A,Fisk o skaldjursprodukter o rätter,36.1,RE/µg
1348,Fiskpudding m. ris hemlagad,Vatten,Fisk o skaldjursprodukter o rätter,76.5,g
1348,Fiskpudding m. ris hemlagad,Tiamin,Fisk o skaldjursprodukter o rätter,0.08,mg
1348,Fiskpudding m. ris hemlagad,Tillsatt socker,Fisk o skaldjursprodukter o rätter,0.0,g
1348,Fiskpudding m. ris hemlagad,Fritt socker,Fisk o skaldjursprodukter o rätter,0.0,g
1348,Fiskpudding m. ris hemlagad,"Selen, Se",Fisk o skaldjursprodukter o rätter,10.0,µg
1348,Fiskpudding m. ris hemlagad,Sackaros,Fisk o skaldjursprodukter o rätter,0.0,g
1348,Fiskpudding m. ris hemlagad,Riboflavin,Fisk o skaldjursprodukter o rätter,0.12,mg
1348,Fiskpudding m. ris hemlagad,Retinol,Fisk o skaldjursprodukter o rätter,35.0,µg
1348,Fiskpudding m. ris hemlagad,Protein,Fisk o skaldjursprodukter o rätter,11.4,g
1348,Fiskpudding m. ris hemlagad,Summa fleromättade fettsyror,Fisk o skaldjursprodukter o rätter,0.5,g
1348,Fiskpudding m. ris hemlagad,"Fosfor, P",Fisk o skaldjursprodukter o rätter,167.0,mg
1348,Fiskpudding m. ris hemlagad,Niacinekvivalenter,Fisk o skaldjursprodukter o rätter,3.79,NE/mg
1348,Fiskpudding m. ris hemlagad,Niacin,Fisk o skaldjursprodukter o rätter,1.7,mg
1348,Fiskpudding m. ris hemlagad,"Salt, NaCl",Fisk o skaldjursprodukter o rätter,1.1,g
1348,Fiskpudding m. ris hemlagad,"Natrium, Na",Fisk o skaldjursprodukter o rätter,425.0,mg
1348,Fiskpudding m. ris hemlagad,Monosackarider,Fisk o skaldjursprodukter o rätter,0.0,g
1348,Fiskpudding m. ris hemlagad,"Sockerarter, totalt",Fisk o skaldjursprodukter o rätter,2.6,g
1348,Fiskpudding m. ris hemlagad,Summa enkelomättade fettsyror,Fisk o skaldjursprodukter o rätter,1.8,g
1348,Fiskpudding m. ris hemlagad,"Magnesium, Mg",Fisk o skaldjursprodukter o rätter,20.0,mg
1348,Fiskpudding m. ris hemlagad,Summa mättade fettsyror,Fisk o skaldjursprodukter o rätter,2.7,g
1348,Fiskpudding m. ris hemlagad,"Kolhydrater, tillgängliga",Fisk o skaldjursprodukter o rätter,4.5,g
1348,Fiskpudding m. ris hemlagad,Kolesterol,Fisk o skaldjursprodukter o rätter,53.0,mg
1348,Fiskpudding m. ris hemlagad,"Kalium, K",Fisk o skaldjursprodukter o rätter,260.0,mg
1348,Fiskpudding m. ris hemlagad,"Jod, I",Fisk o skaldjursprodukter o rätter,23.0,µg
1348,Fiskpudding m. ris hemlagad,Fullkorn totalt,Fisk o skaldjursprodukter o rätter,0.0,g
1348,Fiskpudding m. ris hemlagad,"Folat, totalt",Fisk o skaldjursprodukter o rätter,13.0,µg
1348,Fiskpudding m. ris hemlagad,Fibrer,Fisk o skaldjursprodukter o rätter,0.1,g
1348,Fiskpudding m. ris hemlagad,"Fett, totalt",Fisk o skaldjursprodukter o rätter,5.6,g
1348,Fiskpudding m. ris hemlagad,"Järn, Fe",Fisk o skaldjursprodukter o rätter,0.4,mg
1348,Fiskpudding m. ris hemlagad,Energi (kJ),Fisk o skaldjursprodukter o rätter,478.0,kJ
1348,Fiskpudding m. ris hemlagad,Energi (kcal),Fisk o skaldjursprodukter o rätter,114.0,kcal
1348,Fiskpudding m. ris hemlagad,Disackarider,Fisk o skaldjursprodukter o rätter,2.6,g
1348,Fiskpudding m. ris hemlagad,"Kalcium, Ca",Fisk o skaldjursprodukter o rätter,60.0,mg
1348,Fiskpudding m. ris hemlagad,Fettsyra 4:0-10:0,Fisk o skaldjursprodukter o rätter,0.3,g
1348,Fiskpudding m. ris hemlagad,DHA (C22:6),Fisk o skaldjursprodukter o rätter,0.1,g
1348,Fiskpudding m. ris hemlagad,DPA (C22:5),Fisk o skaldjursprodukter o rätter,0.0,g
1348,Fiskpudding m. ris hemlagad,EPA (C20:5),Fisk o skaldjursprodukter o rätter,0.0,g
1348,Fiskpudding m. ris hemlagad,Arakidonsyra C20:4,Fisk o skaldjursprodukter o rätter,0.0,g
1348,Fiskpudding m. ris hemlagad,Arakidinsyra C20:0,Fisk o skaldjursprodukter o rätter,0.0,g
1348,Fiskpudding m. ris hemlagad,Linolensyra C18:3,Fisk o skaldjursprodukter o rätter,0.0,g
1348,Fiskpudding m. ris hemlagad,Linolsyra C18:2,Fisk o skaldjursprodukter o rätter,0.3,g
1348,Fiskpudding m. ris hemlagad,Oljesyra C18:1,Fisk o skaldjursprodukter o rätter,1.5,g
1348,Fiskpudding m. ris hemlagad,Stearinsyra C18:0,Fisk o skaldjursprodukter o rätter,0.5,g
1348,Fiskpudding m. ris hemlagad,Palmitoljesyra C16:1,Fisk o skaldjursprodukter o rätter,0.1,g
1348,Fiskpudding m. ris hemlagad,Palmitinsyra C16:0,Fisk o skaldjursprodukter o rätter,1.3,g
1348,Fiskpudding m. ris hemlagad,Myristinsyra C14:0,Fisk o skaldjursprodukter o rätter,0.3,g
1348,Fiskpudding m. ris hemlagad,Laurinsyra C12:0,Fisk o skaldjursprodukter o rätter,0.1,g
1348,Fiskpudding m. ris hemlagad,Betakaroten/β-Karoten,Fisk o skaldjursprodukter o rätter,13.0,µg
1348,Fiskpudding m. ris hemlagad,Avfall (skal etc.),Fisk o skaldjursprodukter o rätter,0.0,%
1348,Fiskpudding m. ris hemlagad,Aska,Fisk o skaldjursprodukter o rätter,1.9,g
1348,Fiskpudding m. ris hemlagad,Alkohol,Fisk o skaldjursprodukter o rätter,0.0,g
1349,Fiskgratäng u. potatismos hemlagad,"Zink, Zn",Fisk o skaldjursprodukter o rätter,0.6,mg
1349,Fiskgratäng u. potatismos hemlagad,Vitamin E,Fisk o skaldjursprodukter o rätter,0.1,mg
1349,Fiskgratäng u. potatismos hemlagad,Vitamin D,Fisk o skaldjursprodukter o rätter,0.96,µg
1349,Fiskgratäng u. potatismos hemlagad,Vitamin C,Fisk o skaldjursprodukter o rätter,0.0,mg
1349,Fiskgratäng u. potatismos hemlagad,Vitamin B6,Fisk o skaldjursprodukter o rätter,0.24,mg
1349,Fiskgratäng u. potatismos hemlagad,Vitamin B12,Fisk o skaldjursprodukter o rätter,0.8,µg
1349,Fiskgratäng u. potatismos hemlagad,Vitamin A,Fisk o skaldjursprodukter o rätter,60.9,RE/µg
1349,Fiskgratäng u. potatismos hemlagad,Vatten,Fisk o skaldjursprodukter o rätter,76.5,g
1349,Fiskgratäng u. potatismos hemlagad,Tiamin,Fisk o skaldjursprodukter o rätter,0.08,mg
1349,Fiskgratäng u. potatismos hemlagad,Tillsatt socker,Fisk o skaldjursprodukter o rätter,0.0,g
1349,Fiskgratäng u. potatismos hemlagad,Fritt socker,Fisk o skaldjursprodukter o rätter,0.0,g
1349,Fiskgratäng u. potatismos hemlagad,"Selen, Se",Fisk o skaldjursprodukter o rätter,14.0,µg
1349,Fiskgratäng u. potatismos hemlagad,Sackaros,Fisk o skaldjursprodukter o rätter,0.0,g
1349,Fiskgratäng u. potatismos hemlagad,Riboflavin,Fisk o skaldjursprodukter o rätter,0.12,mg
1349,Fiskgratäng u. potatismos hemlagad,Retinol,Fisk o skaldjursprodukter o rätter,58.0,µg
1349,Fiskgratäng u. potatismos hemlagad,Protein,Fisk o skaldjursprodukter o rätter,11.4,g
1349,Fiskgratäng u. potatismos hemlagad,Summa fleromättade fettsyror,Fisk o skaldjursprodukter o rätter,0.8,g
1349,Fiskgratäng u. potatismos hemlagad,"Fosfor, P",Fisk o skaldjursprodukter o rätter,167.0,mg
1349,Fiskgratäng u. potatismos hemlagad,Niacinekvivalenter,Fisk o skaldjursprodukter o rätter,3.79,NE/mg
1349,Fiskgratäng u. potatismos hemlagad,Niacin,Fisk o skaldjursprodukter o rätter,1.7,mg
1349,Fiskgratäng u. potatismos hemlagad,"Salt, NaCl",Fisk o skaldjursprodukter o rätter,1.1,g
1349,Fiskgratäng u. potatismos hemlagad,"Natrium, Na",Fisk o skaldjursprodukter o rätter,425.0,mg
1349,Fiskgratäng u. potatismos hemlagad,Monosackarider,Fisk o skaldjursprodukter o rätter,0.0,g
1349,Fiskgratäng u. potatismos hemlagad,"Sockerarter, totalt",Fisk o skaldjursprodukter o rätter,1.7,g
1349,Fiskgratäng u. potatismos hemlagad,Summa enkelomättade fettsyror,Fisk o skaldjursprodukter o rätter,2.1,g
1349,Fiskgratäng u. potatismos hemlagad,"Magnesium, Mg",Fisk o skaldjursprodukter o rätter,20.0,mg
1349,Fiskgratäng u. potatismos hemlagad,Summa mättade fettsyror,Fisk o skaldjursprodukter o rätter,2.2,g
1349,Fiskgratäng u. potatismos hemlagad,"Kolhydrater, tillgängliga",Fisk o skaldjursprodukter o rätter,4.5,g
1349,Fiskgratäng u. potatismos hemlagad,Kolesterol,Fisk o skaldjursprodukter o rätter,81.0,mg
1349,Fiskgratäng u. potatismos hemlagad,"Kalium, K",Fisk o skaldjursprodukter o rätter,260.0,mg
1349,Fiskgratäng u. potatismos hemlagad,"Jod, I",Fisk o skaldjursprodukter o rätter,79.6,µg
1349,Fiskgratäng u. potatismos hemlagad,Fullkorn totalt,Fisk o skaldjursprodukter o rätter,0.0,g
1349,Fiskgratäng u. potatismos hemlagad,"Folat, totalt",Fisk o skaldjursprodukter o rätter,12.0,µg
1349,Fiskgratäng u. potatismos hemlagad,Fibrer,Fisk o skaldjursprodukter o rätter,0.1,g
1349,Fiskgratäng u. potatismos hemlagad,"Fett, totalt",Fisk o skaldjursprodukter o rätter,5.6,g
1349,Fiskgratäng u. potatismos hemlagad,"Järn, Fe",Fisk o skaldjursprodukter o rätter,0.4,mg
1349,Fiskgratäng u. potatismos hemlagad,Energi (kJ),Fisk o skaldjursprodukter o rätter,478.0,kJ
1349,Fiskgratäng u. potatismos hemlagad,Energi (kcal),Fisk o skaldjursprodukter o rätter,114.0,kcal
1349,Fiskgratäng u. potatismos hemlagad,Disackarider,Fisk o skaldjursprodukter o rätter,1.7,g
1349,Fiskgratäng u. potatismos hemlagad,"Kalcium, Ca",Fisk o skaldjursprodukter o rätter,60.0,mg
1349,Fiskgratäng u. potatismos hemlagad,Fettsyra 4:0-10:0,Fisk o skaldjursprodukter o rätter,0.2,g
1349,Fiskgratäng u. potatismos hemlagad,DHA (C22:6),Fisk o skaldjursprodukter o rätter,0.1,g
1349,Fiskgratäng u. potatismos hemlagad,DPA (C22:5),Fisk o skaldjursprodukter o rätter,0.0,g
1349,Fiskgratäng u. potatismos hemlagad,EPA (C20:5),Fisk o skaldjursprodukter o rätter,0.0,g
1349,Fiskgratäng u. potatismos hemlagad,Arakidonsyra C20:4,Fisk o skaldjursprodukter o rätter,0.0,g
1349,Fiskgratäng u. potatismos hemlagad,Arakidinsyra C20:0,Fisk o skaldjursprodukter o rätter,0.0,g
1349,Fiskgratäng u. potatismos hemlagad,Linolensyra C18:3,Fisk o skaldjursprodukter o rätter,0.1,g
1349,Fiskgratäng u. potatismos hemlagad,Linolsyra C18:2,Fisk o skaldjursprodukter o rätter,0.5,g
1349,Fiskgratäng u. potatismos hemlagad,Oljesyra C18:1,Fisk o skaldjursprodukter o rätter,1.8,g
1349,Fiskgratäng u. potatismos hemlagad,Stearinsyra C18:0,Fisk o skaldjursprodukter o rätter,0.5,g
1349,Fiskgratäng u. potatismos hemlagad,Palmitoljesyra C16:1,Fisk o skaldjursprodukter o rätter,0.1,g
1349,Fiskgratäng u. potatismos hemlagad,Palmitinsyra C16:0,Fisk o skaldjursprodukter o rätter,1.0,g
1349,Fiskgratäng u. potatismos hemlagad,Myristinsyra C14:0,Fisk o skaldjursprodukter o rätter,0.2,g
1349,Fiskgratäng u. potatismos hemlagad,Laurinsyra C12:0,Fisk o skaldjursprodukter o rätter,0.2,g
1349,Fiskgratäng u. potatismos hemlagad,Betakaroten/β-Karoten,Fisk o skaldjursprodukter o rätter,35.0,µg
1349,Fiskgratäng u. potatismos hemlagad,Avfall (skal etc.),Fisk o skaldjursprodukter o rätter,0.0,%
1349,Fiskgratäng u. potatismos hemlagad,Aska,Fisk o skaldjursprodukter o rätter,1.9,g
1349,Fiskgratäng u. potatismos hemlagad,Alkohol,Fisk o skaldjursprodukter o rätter,0.0,g
1350,Böcklinglåda m. äggstanning,"Zink, Zn",Fisk o skaldjursprodukter o rätter,0.9,mg
1350,Böcklinglåda m. äggstanning,Vitamin E,Fisk o skaldjursprodukter o rätter,1.0,mg
1350,Böcklinglåda m. äggstanning,Vitamin D,Fisk o skaldjursprodukter o rätter,5.43,µg
1350,Böcklinglåda m. äggstanning,Vitamin C,Fisk o skaldjursprodukter o rätter,0.6,mg
1350,Böcklinglåda m. äggstanning,Vitamin B6,Fisk o skaldjursprodukter o rätter,0.12,mg
1350,Böcklinglåda m. äggstanning,Vitamin B12,Fisk o skaldjursprodukter o rätter,4.88,µg
1350,Böcklinglåda m. äggstanning,Vitamin A,Fisk o skaldjursprodukter o rätter,74.7,RE/µg
1350,Böcklinglåda m. äggstanning,Vatten,Fisk o skaldjursprodukter o rätter,69.7,g
1350,Böcklinglåda m. äggstanning,Tiamin,Fisk o skaldjursprodukter o rätter,0.02,mg
1350,Böcklinglåda m. äggstanning,Tillsatt socker,Fisk o skaldjursprodukter o rätter,0.0,g
1350,Böcklinglåda m. äggstanning,Fritt socker,Fisk o skaldjursprodukter o rätter,0.0,g
1350,Böcklinglåda m. äggstanning,"Selen, Se",Fisk o skaldjursprodukter o rätter,15.0,µg
1350,Böcklinglåda m. äggstanning,Sackaros,Fisk o skaldjursprodukter o rätter,0.1,g
1350,Böcklinglåda m. äggstanning,Riboflavin,Fisk o skaldjursprodukter o rätter,0.22,mg
1350,Böcklinglåda m. äggstanning,Retinol,Fisk o skaldjursprodukter o rätter,74.2,µg
1350,Böcklinglåda m. äggstanning,Protein,Fisk o skaldjursprodukter o rätter,15.4,g
1350,Böcklinglåda m. äggstanning,Summa fleromättade fettsyror,Fisk o skaldjursprodukter o rätter,2.5,g
1350,Böcklinglåda m. äggstanning,"Fosfor, P",Fisk o skaldjursprodukter o rätter,177.0,mg
1350,Böcklinglåda m. äggstanning,Niacinekvivalenter,Fisk o skaldjursprodukter o rätter,5.54,NE/mg
1350,Böcklinglåda m. äggstanning,Niacin,Fisk o skaldjursprodukter o rätter,2.56,mg
1350,Böcklinglåda m. äggstanning,"Salt, NaCl",Fisk o skaldjursprodukter o rätter,1.8,g
1350,Böcklinglåda m. äggstanning,"Natrium, Na",Fisk o skaldjursprodukter o rätter,718.0,mg
1350,Böcklinglåda m. äggstanning,Monosackarider,Fisk o skaldjursprodukter o rätter,0.3,g
1350,Böcklinglåda m. äggstanning,"Sockerarter, totalt",Fisk o skaldjursprodukter o rätter,1.8,g
1350,Böcklinglåda m. äggstanning,Summa enkelomättade fettsyror,Fisk o skaldjursprodukter o rätter,3.1,g
1350,Böcklinglåda m. äggstanning,"Magnesium, Mg",Fisk o skaldjursprodukter o rätter,23.0,mg
1350,Böcklinglåda m. äggstanning,Summa mättade fettsyror,Fisk o skaldjursprodukter o rätter,3.2,g
1350,Böcklinglåda m. äggstanning,"Kolhydrater, tillgängliga",Fisk o skaldjursprodukter o rätter,2.1,g
1350,Böcklinglåda m. äggstanning,Kolesterol,Fisk o skaldjursprodukter o rätter,108.5,mg
1350,Böcklinglåda m. äggstanning,"Kalium, K",Fisk o skaldjursprodukter o rätter,259.0,mg
1350,Böcklinglåda m. äggstanning,"Jod, I",Fisk o skaldjursprodukter o rätter,46.6,µg
1350,Böcklinglåda m. äggstanning,Fullkorn totalt,Fisk o skaldjursprodukter o rätter,0.0,g
1350,Böcklinglåda m. äggstanning,"Folat, totalt",Fisk o skaldjursprodukter o rätter,20.9,µg
1350,Böcklinglåda m. äggstanning,Fibrer,Fisk o skaldjursprodukter o rätter,0.2,g
1350,Böcklinglåda m. äggstanning,"Fett, totalt",Fisk o skaldjursprodukter o rätter,9.8,g
1350,Böcklinglåda m. äggstanning,"Järn, Fe",Fisk o skaldjursprodukter o rätter,1.0,mg
1350,Böcklinglåda m. äggstanning,Energi (kJ),Fisk o skaldjursprodukter o rätter,661.0,kJ
1350,Böcklinglåda m. äggstanning,Energi (kcal),Fisk o skaldjursprodukter o rätter,158.0,kcal
1350,Böcklinglåda m. äggstanning,Disackarider,Fisk o skaldjursprodukter o rätter,1.5,g
1350,Böcklinglåda m. äggstanning,"Kalcium, Ca",Fisk o skaldjursprodukter o rätter,70.0,mg
1350,Böcklinglåda m. äggstanning,Fettsyra 4:0-10:0,Fisk o skaldjursprodukter o rätter,0.1,g
1350,Böcklinglåda m. äggstanning,DHA (C22:6),Fisk o skaldjursprodukter o rätter,0.5,g
1350,Böcklinglåda m. äggstanning,DPA (C22:5),Fisk o skaldjursprodukter o rätter,0.0,g
1350,Böcklinglåda m. äggstanning,EPA (C20:5),Fisk o skaldjursprodukter o rätter,0.4,g
1350,Böcklinglåda m. äggstanning,Arakidonsyra C20:4,Fisk o skaldjursprodukter o rätter,0.1,g
1350,Böcklinglåda m. äggstanning,Arakidinsyra C20:0,Fisk o skaldjursprodukter o rätter,0.0,g
1350,Böcklinglåda m. äggstanning,Linolensyra C18:3,Fisk o skaldjursprodukter o rätter,0.3,g
1350,Böcklinglåda m. äggstanning,Linolsyra C18:2,Fisk o skaldjursprodukter o rätter,0.7,g
1350,Böcklinglåda m. äggstanning,Oljesyra C18:1,Fisk o skaldjursprodukter o rätter,2.3,g
1350,Böcklinglåda m. äggstanning,Stearinsyra C18:0,Fisk o skaldjursprodukter o rätter,0.2,g
1350,Böcklinglåda m. äggstanning,Palmitoljesyra C16:1,Fisk o skaldjursprodukter o rätter,0.6,g
1350,Böcklinglåda m. äggstanning,Palmitinsyra C16:0,Fisk o skaldjursprodukter o rätter,2.0,g
1350,Böcklinglåda m. äggstanning,Myristinsyra C14:0,Fisk o skaldjursprodukter o rätter,0.7,g
1350,Böcklinglåda m. äggstanning,Laurinsyra C12:0,Fisk o skaldjursprodukter o rätter,0.0,g
1350,Böcklinglåda m. äggstanning,Betakaroten/β-Karoten,Fisk o skaldjursprodukter o rätter,5.0,µg
1350,Böcklinglåda m. äggstanning,Avfall (skal etc.),Fisk o skaldjursprodukter o rätter,23.0,%
1350,Böcklinglåda m. äggstanning,Aska,Fisk o skaldjursprodukter o rätter,2.7,g
1350,Böcklinglåda m. äggstanning,Alkohol,Fisk o skaldjursprodukter o rätter,0.0,g
1351,Fiskbullar panerade stekta,"Zink, Zn",Fisk o skaldjursprodukter o rätter,0.5,mg
1351,Fiskbullar panerade stekta,Vitamin E,Fisk o skaldjursprodukter o rätter,2.8,mg
1351,Fiskbullar panerade stekta,Vitamin D,Fisk o skaldjursprodukter o rätter,0.47,µg
1351,Fiskbullar panerade stekta,Vitamin C,Fisk o skaldjursprodukter o rätter,0.1,mg
1351,Fiskbullar panerade stekta,Vitamin B6,Fisk o skaldjursprodukter o rätter,0.03,mg
1351,Fiskbullar panerade stekta,Vitamin B12,Fisk o skaldjursprodukter o rätter,0.25,µg
1351,Fiskbullar panerade stekta,Vitamin A,Fisk o skaldjursprodukter o rätter,51.7,RE/µg
1351,Fiskbullar panerade stekta,Vatten,Fisk o skaldjursprodukter o rätter,69.3,g
1351,Fiskbullar panerade stekta,Tiamin,Fisk o skaldjursprodukter o rätter,0.02,mg
1351,Fiskbullar panerade stekta,Tillsatt socker,Fisk o skaldjursprodukter o rätter,0.0,g
1351,Fiskbullar panerade stekta,Fritt socker,Fisk o skaldjursprodukter o rätter,0.0,g
1351,Fiskbullar panerade stekta,"Selen, Se",Fisk o skaldjursprodukter o rätter,10.1,µg
1351,Fiskbullar panerade stekta,Sackaros,Fisk o skaldjursprodukter o rätter,0.0,g
1351,Fiskbullar panerade stekta,Riboflavin,Fisk o skaldjursprodukter o rätter,0.07,mg
1351,Fiskbullar panerade stekta,Retinol,Fisk o skaldjursprodukter o rätter,40.6,µg
1351,Fiskbullar panerade stekta,Protein,Fisk o skaldjursprodukter o rätter,5.7,g
1351,Fiskbullar panerade stekta,Summa fleromättade fettsyror,Fisk o skaldjursprodukter o rätter,2.5,g
1351,Fiskbullar panerade stekta,"Fosfor, P",Fisk o skaldjursprodukter o rätter,74.0,mg
1351,Fiskbullar panerade stekta,Niacinekvivalenter,Fisk o skaldjursprodukter o rätter,1.72,NE/mg
1351,Fiskbullar panerade stekta,Niacin,Fisk o skaldjursprodukter o rätter,0.63,mg
1351,Fiskbullar panerade stekta,"Salt, NaCl",Fisk o skaldjursprodukter o rätter,2.2,g
1351,Fiskbullar panerade stekta,"Natrium, Na",Fisk o skaldjursprodukter o rätter,883.0,mg
1351,Fiskbullar panerade stekta,Monosackarider,Fisk o skaldjursprodukter o rätter,0.1,g
1351,Fiskbullar panerade stekta,"Sockerarter, totalt",Fisk o skaldjursprodukter o rätter,0.8,g
1351,Fiskbullar panerade stekta,Summa enkelomättade fettsyror,Fisk o skaldjursprodukter o rätter,5.1,g
1351,Fiskbullar panerade stekta,"Magnesium, Mg",Fisk o skaldjursprodukter o rätter,12.0,mg
1351,Fiskbullar panerade stekta,Summa mättade fettsyror,Fisk o skaldjursprodukter o rätter,1.3,g
1351,Fiskbullar panerade stekta,"Kolhydrater, tillgängliga",Fisk o skaldjursprodukter o rätter,11.5,g
1351,Fiskbullar panerade stekta,Kolesterol,Fisk o skaldjursprodukter o rätter,45.7,mg
1351,Fiskbullar panerade stekta,"Kalium, K",Fisk o skaldjursprodukter o rätter,89.0,mg
1351,Fiskbullar panerade stekta,"Jod, I",Fisk o skaldjursprodukter o rätter,81.2,µg
1351,Fiskbullar panerade stekta,Fullkorn totalt,Fisk o skaldjursprodukter o rätter,1.0,g
1351,Fiskbullar panerade stekta,"Folat, totalt",Fisk o skaldjursprodukter o rätter,9.1,µg
1351,Fiskbullar panerade stekta,Fibrer,Fisk o skaldjursprodukter o rätter,0.5,g
1351,Fiskbullar panerade stekta,"Fett, totalt",Fisk o skaldjursprodukter o rätter,10.5,g
1351,Fiskbullar panerade stekta,"Järn, Fe",Fisk o skaldjursprodukter o rätter,0.3,mg
1351,Fiskbullar panerade stekta,Energi (kJ),Fisk o skaldjursprodukter o rätter,685.0,kJ
1351,Fiskbullar panerade stekta,Energi (kcal),Fisk o skaldjursprodukter o rätter,164.0,kcal
1351,Fiskbullar panerade stekta,Disackarider,Fisk o skaldjursprodukter o rätter,0.7,g
1351,Fiskbullar panerade stekta,"Kalcium, Ca",Fisk o skaldjursprodukter o rätter,32.0,mg
1351,Fiskbullar panerade stekta,Fettsyra 4:0-10:0,Fisk o skaldjursprodukter o rätter,0.1,g
1351,Fiskbullar panerade stekta,DHA (C22:6),Fisk o skaldjursprodukter o rätter,0.0,g
1351,Fiskbullar panerade stekta,DPA (C22:5),Fisk o skaldjursprodukter o rätter,0.0,g
1351,Fiskbullar panerade stekta,EPA (C20:5),Fisk o skaldjursprodukter o rätter,0.0,g
1351,Fiskbullar panerade stekta,Arakidonsyra C20:4,Fisk o skaldjursprodukter o rätter,0.0,g
1351,Fiskbullar panerade stekta,Arakidinsyra C20:0,Fisk o skaldjursprodukter o rätter,0.0,g
1351,Fiskbullar panerade stekta,Linolensyra C18:3,Fisk o skaldjursprodukter o rätter,0.6,g
1351,Fiskbullar panerade stekta,Linolsyra C18:2,Fisk o skaldjursprodukter o rätter,1.9,g
1351,Fiskbullar panerade stekta,Oljesyra C18:1,Fisk o skaldjursprodukter o rätter,4.9,g
1351,Fiskbullar panerade stekta,Stearinsyra C18:0,Fisk o skaldjursprodukter o rätter,0.3,g
1351,Fiskbullar panerade stekta,Palmitoljesyra C16:1,Fisk o skaldjursprodukter o rätter,0.1,g
1351,Fiskbullar panerade stekta,Palmitinsyra C16:0,Fisk o skaldjursprodukter o rätter,0.8,g
1351,Fiskbullar panerade stekta,Myristinsyra C14:0,Fisk o skaldjursprodukter o rätter,0.1,g
1351,Fiskbullar panerade stekta,Laurinsyra C12:0,Fisk o skaldjursprodukter o rätter,0.0,g
1351,Fiskbullar panerade stekta,Betakaroten/β-Karoten,Fisk o skaldjursprodukter o rätter,26.0,µg
1351,Fiskbullar panerade stekta,Avfall (skal etc.),Fisk o skaldjursprodukter o rätter,1.0,%
1351,Fiskbullar panerade stekta,Aska,Fisk o skaldjursprodukter o rätter,2.4,g
1351,Fiskbullar panerade stekta,Alkohol,Fisk o skaldjursprodukter o rätter,0.0,g
1354,Fisksoppa bouillabaisse,"Zink, Zn",Soppa mat,0.5,mg
1354,Fisksoppa bouillabaisse,Vitamin E,Soppa mat,1.6,mg
1354,Fisksoppa bouillabaisse,Vitamin D,Soppa mat,1.12,µg
1354,Fisksoppa bouillabaisse,Vitamin C,Soppa mat,3.1,mg
1354,Fisksoppa bouillabaisse,Vitamin B6,Soppa mat,0.12,mg
1354,Fisksoppa bouillabaisse,Vitamin B12,Soppa mat,1.4,µg
1354,Fisksoppa bouillabaisse,Vitamin A,Soppa mat,21.6,RE/µg
1354,Fisksoppa bouillabaisse,Vatten,Soppa mat,84.5,g
1354,Fisksoppa bouillabaisse,Tiamin,Soppa mat,0.06,mg
1354,Fisksoppa bouillabaisse,Tillsatt socker,Soppa mat,0.0,g
1354,Fisksoppa bouillabaisse,Fritt socker,Soppa mat,0.0,g
1354,Fisksoppa bouillabaisse,"Selen, Se",Soppa mat,13.0,µg
1354,Fisksoppa bouillabaisse,Sackaros,Soppa mat,0.1,g
1354,Fisksoppa bouillabaisse,Riboflavin,Soppa mat,0.06,mg
1354,Fisksoppa bouillabaisse,Retinol,Soppa mat,5.6,µg
1354,Fisksoppa bouillabaisse,Protein,Soppa mat,8.5,g
1354,Fisksoppa bouillabaisse,Summa fleromättade fettsyror,Soppa mat,0.9,g
1354,Fisksoppa bouillabaisse,"Fosfor, P",Soppa mat,114.0,mg
1354,Fisksoppa bouillabaisse,Niacinekvivalenter,Soppa mat,3.48,NE/mg
1354,Fisksoppa bouillabaisse,Niacin,Soppa mat,1.98,mg
1354,Fisksoppa bouillabaisse,"Salt, NaCl",Soppa mat,0.6,g
1354,Fisksoppa bouillabaisse,"Natrium, Na",Soppa mat,223.0,mg
1354,Fisksoppa bouillabaisse,Monosackarider,Soppa mat,0.9,g
1354,Fisksoppa bouillabaisse,"Sockerarter, totalt",Soppa mat,1.0,g
1354,Fisksoppa bouillabaisse,Summa enkelomättade fettsyror,Soppa mat,1.5,g
1354,Fisksoppa bouillabaisse,"Magnesium, Mg",Soppa mat,19.0,mg
1354,Fisksoppa bouillabaisse,Summa mättade fettsyror,Soppa mat,0.4,g
1354,Fisksoppa bouillabaisse,"Kolhydrater, tillgängliga",Soppa mat,1.5,g
1354,Fisksoppa bouillabaisse,Kolesterol,Soppa mat,26.8,mg
1354,Fisksoppa bouillabaisse,"Kalium, K",Soppa mat,158.0,mg
1354,Fisksoppa bouillabaisse,"Jod, I",Soppa mat,57.0,µg
1354,Fisksoppa bouillabaisse,Fullkorn totalt,Soppa mat,0.0,g
1354,Fisksoppa bouillabaisse,"Folat, totalt",Soppa mat,9.7,µg
1354,Fisksoppa bouillabaisse,Fibrer,Soppa mat,0.5,g
1354,Fisksoppa bouillabaisse,"Fett, totalt",Soppa mat,3.2,g
1354,Fisksoppa bouillabaisse,"Järn, Fe",Soppa mat,0.7,mg
1354,Fisksoppa bouillabaisse,Energi (kJ),Soppa mat,300.0,kJ
1354,Fisksoppa bouillabaisse,Energi (kcal),Soppa mat,71.0,kcal
1354,Fisksoppa bouillabaisse,Disackarider,Soppa mat,0.1,g
1354,Fisksoppa bouillabaisse,"Kalcium, Ca",Soppa mat,20.0,mg
1354,Fisksoppa bouillabaisse,Fettsyra 4:0-10:0,Soppa mat,0.0,g
1354,Fisksoppa bouillabaisse,DHA (C22:6),Soppa mat,0.1,g
1354,Fisksoppa bouillabaisse,DPA (C22:5),Soppa mat,0.0,g
1354,Fisksoppa bouillabaisse,EPA (C20:5),Soppa mat,0.1,g
1354,Fisksoppa bouillabaisse,Arakidonsyra C20:4,Soppa mat,0.0,g
1354,Fisksoppa bouillabaisse,Arakidinsyra C20:0,Soppa mat,0.0,g
1354,Fisksoppa bouillabaisse,Linolensyra C18:3,Soppa mat,0.1,g
1354,Fisksoppa bouillabaisse,Linolsyra C18:2,Soppa mat,0.4,g
1354,Fisksoppa bouillabaisse,Oljesyra C18:1,Soppa mat,1.3,g
1354,Fisksoppa bouillabaisse,Stearinsyra C18:0,Soppa mat,0.1,g
1354,Fisksoppa bouillabaisse,Palmitoljesyra C16:1,Soppa mat,0.1,g
1354,Fisksoppa bouillabaisse,Palmitinsyra C16:0,Soppa mat,0.3,g
1354,Fisksoppa bouillabaisse,Myristinsyra C14:0,Soppa mat,0.0,g
1354,Fisksoppa bouillabaisse,Laurinsyra C12:0,Soppa mat,0.0,g
1354,Fisksoppa bouillabaisse,Betakaroten/β-Karoten,Soppa mat,190.0,µg
1354,Fisksoppa bouillabaisse,Avfall (skal etc.),Soppa mat,15.0,%
1354,Fisksoppa bouillabaisse,Aska,Soppa mat,1.3,g
1354,Fisksoppa bouillabaisse,Alkohol,Soppa mat,0.24,g
1356,Fiskpaté m. räkor,"Zink, Zn",Fisk o skaldjursprodukter o rätter,0.7,mg
1356,Fiskpaté m. räkor,Vitamin E,Fisk o skaldjursprodukter o rätter,3.0,mg
1356,Fiskpaté m. räkor,Vitamin D,Fisk o skaldjursprodukter o rätter,2.16,µg
1356,Fiskpaté m. räkor,Vitamin C,Fisk o skaldjursprodukter o rätter,2.5,mg
1356,Fiskpaté m. räkor,Vitamin B6,Fisk o skaldjursprodukter o rätter,0.19,mg
1356,Fiskpaté m. räkor,Vitamin B12,Fisk o skaldjursprodukter o rätter,1.97,µg
1356,Fiskpaté m. räkor,Vitamin A,Fisk o skaldjursprodukter o rätter,121.1,RE/µg
1356,Fiskpaté m. räkor,Vatten,Fisk o skaldjursprodukter o rätter,64.0,g
1356,Fiskpaté m. räkor,Tiamin,Fisk o skaldjursprodukter o rätter,0.11,mg
1356,Fiskpaté m. räkor,Tillsatt socker,Fisk o skaldjursprodukter o rätter,0.0,g
1356,Fiskpaté m. räkor,Fritt socker,Fisk o skaldjursprodukter o rätter,0.0,g
1356,Fiskpaté m. räkor,"Selen, Se",Fisk o skaldjursprodukter o rätter,18.4,µg
1356,Fiskpaté m. räkor,Sackaros,Fisk o skaldjursprodukter o rätter,0.0,g
1356,Fiskpaté m. räkor,Riboflavin,Fisk o skaldjursprodukter o rätter,0.11,mg
1356,Fiskpaté m. räkor,Retinol,Fisk o skaldjursprodukter o rätter,103.8,µg
1356,Fiskpaté m. räkor,Protein,Fisk o skaldjursprodukter o rätter,15.6,g
1356,Fiskpaté m. räkor,Summa fleromättade fettsyror,Fisk o skaldjursprodukter o rätter,1.7,g
1356,Fiskpaté m. räkor,"Fosfor, P",Fisk o skaldjursprodukter o rätter,194.0,mg
1356,Fiskpaté m. räkor,Niacinekvivalenter,Fisk o skaldjursprodukter o rätter,6.37,NE/mg
1356,Fiskpaté m. räkor,Niacin,Fisk o skaldjursprodukter o rätter,3.5,mg
1356,Fiskpaté m. räkor,"Salt, NaCl",Fisk o skaldjursprodukter o rätter,1.5,g
1356,Fiskpaté m. räkor,"Natrium, Na",Fisk o skaldjursprodukter o rätter,588.0,mg
1356,Fiskpaté m. räkor,Monosackarider,Fisk o skaldjursprodukter o rätter,0.1,g
1356,Fiskpaté m. räkor,"Sockerarter, totalt",Fisk o skaldjursprodukter o rätter,1.2,g
1356,Fiskpaté m. räkor,Summa enkelomättade fettsyror,Fisk o skaldjursprodukter o rätter,4.7,g
1356,Fiskpaté m. räkor,"Magnesium, Mg",Fisk o skaldjursprodukter o rätter,26.0,mg
1356,Fiskpaté m. räkor,Summa mättade fettsyror,Fisk o skaldjursprodukter o rätter,6.6,g
1356,Fiskpaté m. räkor,"Kolhydrater, tillgängliga",Fisk o skaldjursprodukter o rätter,3.4,g
1356,Fiskpaté m. räkor,Kolesterol,Fisk o skaldjursprodukter o rätter,117.6,mg
1356,Fiskpaté m. räkor,"Kalium, K",Fisk o skaldjursprodukter o rätter,226.0,mg
1356,Fiskpaté m. räkor,"Jod, I",Fisk o skaldjursprodukter o rätter,78.5,µg
1356,Fiskpaté m. räkor,Fullkorn totalt,Fisk o skaldjursprodukter o rätter,0.0,g
1356,Fiskpaté m. räkor,"Folat, totalt",Fisk o skaldjursprodukter o rätter,18.0,µg
1356,Fiskpaté m. räkor,Fibrer,Fisk o skaldjursprodukter o rätter,0.1,g
1356,Fiskpaté m. räkor,"Fett, totalt",Fisk o skaldjursprodukter o rätter,14.5,g
1356,Fiskpaté m. räkor,"Järn, Fe",Fisk o skaldjursprodukter o rätter,0.4,mg
1356,Fiskpaté m. räkor,Energi (kJ),Fisk o skaldjursprodukter o rätter,860.0,kJ
1356,Fiskpaté m. räkor,Energi (kcal),Fisk o skaldjursprodukter o rätter,205.0,kcal
1356,Fiskpaté m. räkor,Disackarider,Fisk o skaldjursprodukter o rätter,1.1,g
1356,Fiskpaté m. räkor,"Kalcium, Ca",Fisk o skaldjursprodukter o rätter,52.0,mg
1356,Fiskpaté m. räkor,Fettsyra 4:0-10:0,Fisk o skaldjursprodukter o rätter,0.7,g
1356,Fiskpaté m. räkor,DHA (C22:6),Fisk o skaldjursprodukter o rätter,0.2,g
1356,Fiskpaté m. räkor,DPA (C22:5),Fisk o skaldjursprodukter o rätter,0.0,g
1356,Fiskpaté m. räkor,EPA (C20:5),Fisk o skaldjursprodukter o rätter,0.1,g
1356,Fiskpaté m. räkor,Arakidonsyra C20:4,Fisk o skaldjursprodukter o rätter,0.1,g
1356,Fiskpaté m. räkor,Arakidinsyra C20:0,Fisk o skaldjursprodukter o rätter,0.0,g
1356,Fiskpaté m. räkor,Linolensyra C18:3,Fisk o skaldjursprodukter o rätter,0.3,g
1356,Fiskpaté m. räkor,Linolsyra C18:2,Fisk o skaldjursprodukter o rätter,0.8,g
1356,Fiskpaté m. räkor,Oljesyra C18:1,Fisk o skaldjursprodukter o rätter,4.0,g
1356,Fiskpaté m. räkor,Stearinsyra C18:0,Fisk o skaldjursprodukter o rätter,1.1,g
1356,Fiskpaté m. räkor,Palmitoljesyra C16:1,Fisk o skaldjursprodukter o rätter,0.3,g
1356,Fiskpaté m. räkor,Palmitinsyra C16:0,Fisk o skaldjursprodukter o rätter,3.4,g
1356,Fiskpaté m. räkor,Myristinsyra C14:0,Fisk o skaldjursprodukter o rätter,1.0,g
1356,Fiskpaté m. räkor,Laurinsyra C12:0,Fisk o skaldjursprodukter o rätter,0.3,g
1356,Fiskpaté m. räkor,Betakaroten/β-Karoten,Fisk o skaldjursprodukter o rätter,208.0,µg
1356,Fiskpaté m. räkor,Avfall (skal etc.),Fisk o skaldjursprodukter o rätter,21.0,%
1356,Fiskpaté m. räkor,Aska,Fisk o skaldjursprodukter o rätter,2.4,g
1356,Fiskpaté m. räkor,Alkohol,Fisk o skaldjursprodukter o rätter,0.0,g
1357,Fiskfärs kokt,"Zink, Zn",Fisk o skaldjursprodukter o rätter,0.6,mg
1357,Fiskfärs kokt,Vitamin E,Fisk o skaldjursprodukter o rätter,0.7,mg
1357,Fiskfärs kokt,Vitamin D,Fisk o skaldjursprodukter o rätter,1.26,µg
1357,Fiskfärs kokt,Vitamin C,Fisk o skaldjursprodukter o rätter,4.0,mg
1357,Fiskfärs kokt,Vitamin B6,Fisk o skaldjursprodukter o rätter,0.11,mg
1357,Fiskfärs kokt,Vitamin B12,Fisk o skaldjursprodukter o rätter,1.04,µg
1357,Fiskfärs kokt,Vitamin A,Fisk o skaldjursprodukter o rätter,37.3,RE/µg
1357,Fiskfärs kokt,Vatten,Fisk o skaldjursprodukter o rätter,71.7,g
1357,Fiskfärs kokt,Tiamin,Fisk o skaldjursprodukter o rätter,0.06,mg
1357,Fiskfärs kokt,Tillsatt socker,Fisk o skaldjursprodukter o rätter,0.0,g
1357,Fiskfärs kokt,Fritt socker,Fisk o skaldjursprodukter o rätter,0.0,g
1357,Fiskfärs kokt,"Selen, Se",Fisk o skaldjursprodukter o rätter,21.1,µg
1357,Fiskfärs kokt,Sackaros,Fisk o skaldjursprodukter o rätter,0.0,g
1357,Fiskfärs kokt,Riboflavin,Fisk o skaldjursprodukter o rätter,0.12,mg
1357,Fiskfärs kokt,Retinol,Fisk o skaldjursprodukter o rätter,14.6,µg
1357,Fiskfärs kokt,Protein,Fisk o skaldjursprodukter o rätter,15.5,g
1357,Fiskfärs kokt,Summa fleromättade fettsyror,Fisk o skaldjursprodukter o rätter,0.2,g
1357,Fiskfärs kokt,"Fosfor, P",Fisk o skaldjursprodukter o rätter,229.0,mg
1357,Fiskfärs kokt,Niacinekvivalenter,Fisk o skaldjursprodukter o rätter,4.57,NE/mg
1357,Fiskfärs kokt,Niacin,Fisk o skaldjursprodukter o rätter,1.69,mg
1357,Fiskfärs kokt,"Salt, NaCl",Fisk o skaldjursprodukter o rätter,1.6,g
1357,Fiskfärs kokt,"Natrium, Na",Fisk o skaldjursprodukter o rätter,619.0,mg
1357,Fiskfärs kokt,Monosackarider,Fisk o skaldjursprodukter o rätter,0.1,g
1357,Fiskfärs kokt,"Sockerarter, totalt",Fisk o skaldjursprodukter o rätter,2.3,g
1357,Fiskfärs kokt,Summa enkelomättade fettsyror,Fisk o skaldjursprodukter o rätter,0.4,g
1357,Fiskfärs kokt,"Magnesium, Mg",Fisk o skaldjursprodukter o rätter,28.0,mg
1357,Fiskfärs kokt,Summa mättade fettsyror,Fisk o skaldjursprodukter o rätter,1.0,g
1357,Fiskfärs kokt,"Kolhydrater, tillgängliga",Fisk o skaldjursprodukter o rätter,8.5,g
1357,Fiskfärs kokt,Kolesterol,Fisk o skaldjursprodukter o rätter,46.5,mg
1357,Fiskfärs kokt,"Kalium, K",Fisk o skaldjursprodukter o rätter,305.0,mg
1357,Fiskfärs kokt,"Jod, I",Fisk o skaldjursprodukter o rätter,170.3,µg
1357,Fiskfärs kokt,Fullkorn totalt,Fisk o skaldjursprodukter o rätter,0.0,g
1357,Fiskfärs kokt,"Folat, totalt",Fisk o skaldjursprodukter o rätter,13.0,µg
1357,Fiskfärs kokt,Fibrer,Fisk o skaldjursprodukter o rätter,0.2,g
1357,Fiskfärs kokt,"Fett, totalt",Fisk o skaldjursprodukter o rätter,2.0,g
1357,Fiskfärs kokt,"Järn, Fe",Fisk o skaldjursprodukter o rätter,0.3,mg
1357,Fiskfärs kokt,Energi (kJ),Fisk o skaldjursprodukter o rätter,483.0,kJ
1357,Fiskfärs kokt,Energi (kcal),Fisk o skaldjursprodukter o rätter,115.0,kcal
1357,Fiskfärs kokt,Disackarider,Fisk o skaldjursprodukter o rätter,2.3,g
1357,Fiskfärs kokt,"Kalcium, Ca",Fisk o skaldjursprodukter o rätter,91.0,mg
1357,Fiskfärs kokt,Fettsyra 4:0-10:0,Fisk o skaldjursprodukter o rätter,0.1,g
1357,Fiskfärs kokt,DHA (C22:6),Fisk o skaldjursprodukter o rätter,0.1,g
1357,Fiskfärs kokt,DPA (C22:5),Fisk o skaldjursprodukter o rätter,0.0,g
1357,Fiskfärs kokt,EPA (C20:5),Fisk o skaldjursprodukter o rätter,0.0,g
1357,Fiskfärs kokt,Arakidonsyra C20:4,Fisk o skaldjursprodukter o rätter,0.0,g
1357,Fiskfärs kokt,Arakidinsyra C20:0,Fisk o skaldjursprodukter o rätter,0.0,g
1357,Fiskfärs kokt,Linolensyra C18:3,Fisk o skaldjursprodukter o rätter,0.0,g
1357,Fiskfärs kokt,Linolsyra C18:2,Fisk o skaldjursprodukter o rätter,0.1,g
1357,Fiskfärs kokt,Oljesyra C18:1,Fisk o skaldjursprodukter o rätter,0.3,g
1357,Fiskfärs kokt,Stearinsyra C18:0,Fisk o skaldjursprodukter o rätter,0.1,g
1357,Fiskfärs kokt,Palmitoljesyra C16:1,Fisk o skaldjursprodukter o rätter,0.0,g
1357,Fiskfärs kokt,Palmitinsyra C16:0,Fisk o skaldjursprodukter o rätter,0.5,g
1357,Fiskfärs kokt,Myristinsyra C14:0,Fisk o skaldjursprodukter o rätter,0.2,g
1357,Fiskfärs kokt,Laurinsyra C12:0,Fisk o skaldjursprodukter o rätter,0.0,g
1357,Fiskfärs kokt,Betakaroten/β-Karoten,Fisk o skaldjursprodukter o rätter,272.0,µg
1357,Fiskfärs kokt,Avfall (skal etc.),Fisk o skaldjursprodukter o rätter,15.0,%
1357,Fiskfärs kokt,Aska,Fisk o skaldjursprodukter o rätter,2.7,g
1357,Fiskfärs kokt,Alkohol,Fisk o skaldjursprodukter o rätter,0.0,g
1358,Fiskgratäng m. dillsås,"Zink, Zn",Fisk o skaldjursprodukter o rätter,0.6,mg
1358,Fiskgratäng m. dillsås,Vitamin E,Fisk o skaldjursprodukter o rätter,1.4,mg
1358,Fiskgratäng m. dillsås,Vitamin D,Fisk o skaldjursprodukter o rätter,0.99,µg
1358,Fiskgratäng m. dillsås,Vitamin C,Fisk o skaldjursprodukter o rätter,6.2,mg
1358,Fiskgratäng m. dillsås,Vitamin B6,Fisk o skaldjursprodukter o rätter,0.08,mg
1358,Fiskgratäng m. dillsås,Vitamin B12,Fisk o skaldjursprodukter o rätter,0.66,µg
1358,Fiskgratäng m. dillsås,Vitamin A,Fisk o skaldjursprodukter o rätter,149.8,RE/µg
1358,Fiskgratäng m. dillsås,Vatten,Fisk o skaldjursprodukter o rätter,72.5,g
1358,Fiskgratäng m. dillsås,Tiamin,Fisk o skaldjursprodukter o rätter,0.06,mg
1358,Fiskgratäng m. dillsås,Tillsatt socker,Fisk o skaldjursprodukter o rätter,0.0,g
1358,Fiskgratäng m. dillsås,Fritt socker,Fisk o skaldjursprodukter o rätter,0.0,g
1358,Fiskgratäng m. dillsås,"Selen, Se",Fisk o skaldjursprodukter o rätter,13.0,µg
1358,Fiskgratäng m. dillsås,Sackaros,Fisk o skaldjursprodukter o rätter,0.3,g
1358,Fiskgratäng m. dillsås,Riboflavin,Fisk o skaldjursprodukter o rätter,0.12,mg
1358,Fiskgratäng m. dillsås,Retinol,Fisk o skaldjursprodukter o rätter,64.3,µg
1358,Fiskgratäng m. dillsås,Protein,Fisk o skaldjursprodukter o rätter,10.2,g
1358,Fiskgratäng m. dillsås,Summa fleromättade fettsyror,Fisk o skaldjursprodukter o rätter,1.1,g
1358,Fiskgratäng m. dillsås,"Fosfor, P",Fisk o skaldjursprodukter o rätter,164.0,mg
1358,Fiskgratäng m. dillsås,Niacinekvivalenter,Fisk o skaldjursprodukter o rätter,3.13,NE/mg
1358,Fiskgratäng m. dillsås,Niacin,Fisk o skaldjursprodukter o rätter,1.18,mg
1358,Fiskgratäng m. dillsås,"Salt, NaCl",Fisk o skaldjursprodukter o rätter,0.8,g
1358,Fiskgratäng m. dillsås,"Natrium, Na",Fisk o skaldjursprodukter o rätter,296.0,mg
1358,Fiskgratäng m. dillsås,Monosackarider,Fisk o skaldjursprodukter o rätter,0.4,g
1358,Fiskgratäng m. dillsås,"Sockerarter, totalt",Fisk o skaldjursprodukter o rätter,3.0,g
1358,Fiskgratäng m. dillsås,Summa enkelomättade fettsyror,Fisk o skaldjursprodukter o rätter,3.4,g
1358,Fiskgratäng m. dillsås,"Magnesium, Mg",Fisk o skaldjursprodukter o rätter,22.0,mg
1358,Fiskgratäng m. dillsås,Summa mättade fettsyror,Fisk o skaldjursprodukter o rätter,4.7,g
1358,Fiskgratäng m. dillsås,"Kolhydrater, tillgängliga",Fisk o skaldjursprodukter o rätter,5.3,g
1358,Fiskgratäng m. dillsås,Kolesterol,Fisk o skaldjursprodukter o rätter,44.5,mg
1358,Fiskgratäng m. dillsås,"Kalium, K",Fisk o skaldjursprodukter o rätter,274.0,mg
1358,Fiskgratäng m. dillsås,"Jod, I",Fisk o skaldjursprodukter o rätter,92.9,µg
1358,Fiskgratäng m. dillsås,Fullkorn totalt,Fisk o skaldjursprodukter o rätter,0.0,g
1358,Fiskgratäng m. dillsås,"Folat, totalt",Fisk o skaldjursprodukter o rätter,10.1,µg
1358,Fiskgratäng m. dillsås,Fibrer,Fisk o skaldjursprodukter o rätter,0.5,g
1358,Fiskgratäng m. dillsås,"Fett, totalt",Fisk o skaldjursprodukter o rätter,10.1,g
1358,Fiskgratäng m. dillsås,"Järn, Fe",Fisk o skaldjursprodukter o rätter,0.3,mg
1358,Fiskgratäng m. dillsås,Energi (kJ),Fisk o skaldjursprodukter o rätter,641.0,kJ
1358,Fiskgratäng m. dillsås,Energi (kcal),Fisk o skaldjursprodukter o rätter,153.0,kcal
1358,Fiskgratäng m. dillsås,Disackarider,Fisk o skaldjursprodukter o rätter,2.7,g
1358,Fiskgratäng m. dillsås,"Kalcium, Ca",Fisk o skaldjursprodukter o rätter,96.0,mg
1358,Fiskgratäng m. dillsås,Fettsyra 4:0-10:0,Fisk o skaldjursprodukter o rätter,0.5,g
1358,Fiskgratäng m. dillsås,DHA (C22:6),Fisk o skaldjursprodukter o rätter,0.1,g
1358,Fiskgratäng m. dillsås,DPA (C22:5),Fisk o skaldjursprodukter o rätter,0.0,g
1358,Fiskgratäng m. dillsås,EPA (C20:5),Fisk o skaldjursprodukter o rätter,0.0,g
1358,Fiskgratäng m. dillsås,Arakidonsyra C20:4,Fisk o skaldjursprodukter o rätter,0.0,g
1358,Fiskgratäng m. dillsås,Arakidinsyra C20:0,Fisk o skaldjursprodukter o rätter,0.0,g
1358,Fiskgratäng m. dillsås,Linolensyra C18:3,Fisk o skaldjursprodukter o rätter,0.3,g
1358,Fiskgratäng m. dillsås,Linolsyra C18:2,Fisk o skaldjursprodukter o rätter,0.8,g
1358,Fiskgratäng m. dillsås,Oljesyra C18:1,Fisk o skaldjursprodukter o rätter,3.1,g
1358,Fiskgratäng m. dillsås,Stearinsyra C18:0,Fisk o skaldjursprodukter o rätter,0.8,g
1358,Fiskgratäng m. dillsås,Palmitoljesyra C16:1,Fisk o skaldjursprodukter o rätter,0.2,g
1358,Fiskgratäng m. dillsås,Palmitinsyra C16:0,Fisk o skaldjursprodukter o rätter,2.3,g
1358,Fiskgratäng m. dillsås,Myristinsyra C14:0,Fisk o skaldjursprodukter o rätter,0.7,g
1358,Fiskgratäng m. dillsås,Laurinsyra C12:0,Fisk o skaldjursprodukter o rätter,0.2,g
1358,Fiskgratäng m. dillsås,Betakaroten/β-Karoten,Fisk o skaldjursprodukter o rätter,875.0,µg
1358,Fiskgratäng m. dillsås,Avfall (skal etc.),Fisk o skaldjursprodukter o rätter,11.0,%
1358,Fiskgratäng m. dillsås,Aska,Fisk o skaldjursprodukter o rätter,1.7,g
1358,Fiskgratäng m. dillsås,Alkohol,Fisk o skaldjursprodukter o rätter,0.0,g
1359,Fiskgratäng m. räkor u. potatismos,"Zink, Zn",Fisk o skaldjursprodukter o rätter,0.7,mg
1359,Fiskgratäng m. räkor u. potatismos,Vitamin E,Fisk o skaldjursprodukter o rätter,1.8,mg
1359,Fiskgratäng m. räkor u. potatismos,Vitamin D,Fisk o skaldjursprodukter o rätter,0.85,µg
1359,Fiskgratäng m. räkor u. potatismos,Vitamin C,Fisk o skaldjursprodukter o rätter,5.4,mg
1359,Fiskgratäng m. räkor u. potatismos,Vitamin B6,Fisk o skaldjursprodukter o rätter,0.07,mg
1359,Fiskgratäng m. räkor u. potatismos,Vitamin B12,Fisk o skaldjursprodukter o rätter,1.06,µg
1359,Fiskgratäng m. räkor u. potatismos,Vitamin A,Fisk o skaldjursprodukter o rätter,128.9,RE/µg
1359,Fiskgratäng m. räkor u. potatismos,Vatten,Fisk o skaldjursprodukter o rätter,73.4,g
1359,Fiskgratäng m. räkor u. potatismos,Tiamin,Fisk o skaldjursprodukter o rätter,0.05,mg
1359,Fiskgratäng m. räkor u. potatismos,Tillsatt socker,Fisk o skaldjursprodukter o rätter,0.0,g
1359,Fiskgratäng m. räkor u. potatismos,Fritt socker,Fisk o skaldjursprodukter o rätter,0.0,g
1359,Fiskgratäng m. räkor u. potatismos,"Selen, Se",Fisk o skaldjursprodukter o rätter,14.4,µg
1359,Fiskgratäng m. räkor u. potatismos,Sackaros,Fisk o skaldjursprodukter o rätter,0.2,g
1359,Fiskgratäng m. räkor u. potatismos,Riboflavin,Fisk o skaldjursprodukter o rätter,0.1,mg
1359,Fiskgratäng m. räkor u. potatismos,Retinol,Fisk o skaldjursprodukter o rätter,55.3,µg
1359,Fiskgratäng m. räkor u. potatismos,Protein,Fisk o skaldjursprodukter o rätter,11.3,g
1359,Fiskgratäng m. räkor u. potatismos,Summa fleromättade fettsyror,Fisk o skaldjursprodukter o rätter,1.0,g
1359,Fiskgratäng m. räkor u. potatismos,"Fosfor, P",Fisk o skaldjursprodukter o rätter,162.0,mg
1359,Fiskgratäng m. räkor u. potatismos,Niacinekvivalenter,Fisk o skaldjursprodukter o rätter,3.28,NE/mg
1359,Fiskgratäng m. räkor u. potatismos,Niacin,Fisk o skaldjursprodukter o rätter,1.15,mg
1359,Fiskgratäng m. räkor u. potatismos,"Salt, NaCl",Fisk o skaldjursprodukter o rätter,0.9,g
1359,Fiskgratäng m. räkor u. potatismos,"Natrium, Na",Fisk o skaldjursprodukter o rätter,343.0,mg
1359,Fiskgratäng m. räkor u. potatismos,Monosackarider,Fisk o skaldjursprodukter o rätter,0.3,g
1359,Fiskgratäng m. räkor u. potatismos,"Sockerarter, totalt",Fisk o skaldjursprodukter o rätter,2.6,g
1359,Fiskgratäng m. räkor u. potatismos,Summa enkelomättade fettsyror,Fisk o skaldjursprodukter o rätter,2.9,g
1359,Fiskgratäng m. räkor u. potatismos,"Magnesium, Mg",Fisk o skaldjursprodukter o rätter,24.0,mg
1359,Fiskgratäng m. räkor u. potatismos,Summa mättade fettsyror,Fisk o skaldjursprodukter o rätter,4.1,g
1359,Fiskgratäng m. räkor u. potatismos,"Kolhydrater, tillgängliga",Fisk o skaldjursprodukter o rätter,4.6,g
1359,Fiskgratäng m. räkor u. potatismos,Kolesterol,Fisk o skaldjursprodukter o rätter,58.9,mg
1359,Fiskgratäng m. räkor u. potatismos,"Kalium, K",Fisk o skaldjursprodukter o rätter,248.0,mg
1359,Fiskgratäng m. räkor u. potatismos,"Jod, I",Fisk o skaldjursprodukter o rätter,82.7,µg
1359,Fiskgratäng m. räkor u. potatismos,Fullkorn totalt,Fisk o skaldjursprodukter o rätter,0.0,g
1359,Fiskgratäng m. räkor u. potatismos,"Folat, totalt",Fisk o skaldjursprodukter o rätter,10.7,µg
1359,Fiskgratäng m. räkor u. potatismos,Fibrer,Fisk o skaldjursprodukter o rätter,0.4,g
1359,Fiskgratäng m. räkor u. potatismos,"Fett, totalt",Fisk o skaldjursprodukter o rätter,8.7,g
1359,Fiskgratäng m. räkor u. potatismos,"Järn, Fe",Fisk o skaldjursprodukter o rätter,0.3,mg
1359,Fiskgratäng m. räkor u. potatismos,Energi (kJ),Fisk o skaldjursprodukter o rätter,597.0,kJ
1359,Fiskgratäng m. räkor u. potatismos,Energi (kcal),Fisk o skaldjursprodukter o rätter,142.0,kcal
1359,Fiskgratäng m. räkor u. potatismos,Disackarider,Fisk o skaldjursprodukter o rätter,2.3,g
1359,Fiskgratäng m. räkor u. potatismos,"Kalcium, Ca",Fisk o skaldjursprodukter o rätter,86.0,mg
1359,Fiskgratäng m. räkor u. potatismos,Fettsyra 4:0-10:0,Fisk o skaldjursprodukter o rätter,0.4,g
1359,Fiskgratäng m. räkor u. potatismos,DHA (C22:6),Fisk o skaldjursprodukter o rätter,0.1,g
1359,Fiskgratäng m. räkor u. potatismos,DPA (C22:5),Fisk o skaldjursprodukter o rätter,0.0,g
1359,Fiskgratäng m. räkor u. potatismos,EPA (C20:5),Fisk o skaldjursprodukter o rätter,0.0,g
1359,Fiskgratäng m. räkor u. potatismos,Arakidonsyra C20:4,Fisk o skaldjursprodukter o rätter,0.0,g
1359,Fiskgratäng m. räkor u. potatismos,Arakidinsyra C20:0,Fisk o skaldjursprodukter o rätter,0.0,g
1359,Fiskgratäng m. räkor u. potatismos,Linolensyra C18:3,Fisk o skaldjursprodukter o rätter,0.2,g
1359,Fiskgratäng m. räkor u. potatismos,Linolsyra C18:2,Fisk o skaldjursprodukter o rätter,0.7,g
1359,Fiskgratäng m. räkor u. potatismos,Oljesyra C18:1,Fisk o skaldjursprodukter o rätter,2.7,g
1359,Fiskgratäng m. räkor u. potatismos,Stearinsyra C18:0,Fisk o skaldjursprodukter o rätter,0.7,g
1359,Fiskgratäng m. räkor u. potatismos,Palmitoljesyra C16:1,Fisk o skaldjursprodukter o rätter,0.1,g
1359,Fiskgratäng m. räkor u. potatismos,Palmitinsyra C16:0,Fisk o skaldjursprodukter o rätter,2.0,g
1359,Fiskgratäng m. räkor u. potatismos,Myristinsyra C14:0,Fisk o skaldjursprodukter o rätter,0.6,g
1359,Fiskgratäng m. räkor u. potatismos,Laurinsyra C12:0,Fisk o skaldjursprodukter o rätter,0.2,g
1359,Fiskgratäng m. räkor u. potatismos,Betakaroten/β-Karoten,Fisk o skaldjursprodukter o rätter,753.0,µg
1359,Fiskgratäng m. räkor u. potatismos,Avfall (skal etc.),Fisk o skaldjursprodukter o rätter,17.0,%
1359,Fiskgratäng m. räkor u. potatismos,Aska,Fisk o skaldjursprodukter o rätter,1.8,g
1359,Fiskgratäng m. räkor u. potatismos,Alkohol,Fisk o skaldjursprodukter o rätter,0.0,g
1360,Laxmousse,"Zink, Zn",Fisk o skaldjursprodukter o rätter,0.5,mg
1360,Laxmousse,Vitamin E,Fisk o skaldjursprodukter o rätter,3.0,mg
1360,Laxmousse,Vitamin D,Fisk o skaldjursprodukter o rätter,2.48,µg
1360,Laxmousse,Vitamin C,Fisk o skaldjursprodukter o rätter,2.5,mg
1360,Laxmousse,Vitamin B6,Fisk o skaldjursprodukter o rätter,0.22,mg
1360,Laxmousse,Vitamin B12,Fisk o skaldjursprodukter o rätter,1.64,µg
1360,Laxmousse,Vitamin A,Fisk o skaldjursprodukter o rätter,165.6,RE/µg
1360,Laxmousse,Vatten,Fisk o skaldjursprodukter o rätter,64.3,g
1360,Laxmousse,Tiamin,Fisk o skaldjursprodukter o rätter,0.11,mg
1360,Laxmousse,Tillsatt socker,Fisk o skaldjursprodukter o rätter,0.0,g
1360,Laxmousse,Fritt socker,Fisk o skaldjursprodukter o rätter,0.0,g
1360,Laxmousse,"Selen, Se",Fisk o skaldjursprodukter o rätter,10.4,µg
1360,Laxmousse,Sackaros,Fisk o skaldjursprodukter o rätter,0.2,g
1360,Laxmousse,Riboflavin,Fisk o skaldjursprodukter o rätter,0.13,mg
1360,Laxmousse,Retinol,Fisk o skaldjursprodukter o rätter,149.6,µg
1360,Laxmousse,Protein,Fisk o skaldjursprodukter o rätter,11.3,g
1360,Laxmousse,Summa fleromättade fettsyror,Fisk o skaldjursprodukter o rätter,2.1,g
1360,Laxmousse,"Fosfor, P",Fisk o skaldjursprodukter o rätter,145.0,mg
1360,Laxmousse,Niacinekvivalenter,Fisk o skaldjursprodukter o rätter,5.18,NE/mg
1360,Laxmousse,Niacin,Fisk o skaldjursprodukter o rätter,3.08,mg
1360,Laxmousse,"Salt, NaCl",Fisk o skaldjursprodukter o rätter,0.9,g
1360,Laxmousse,"Natrium, Na",Fisk o skaldjursprodukter o rätter,361.0,mg
1360,Laxmousse,Monosackarider,Fisk o skaldjursprodukter o rätter,0.6,g
1360,Laxmousse,"Sockerarter, totalt",Fisk o skaldjursprodukter o rätter,1.7,g
1360,Laxmousse,Summa enkelomättade fettsyror,Fisk o skaldjursprodukter o rätter,6.4,g
1360,Laxmousse,"Magnesium, Mg",Fisk o skaldjursprodukter o rätter,17.0,mg
1360,Laxmousse,Summa mättade fettsyror,Fisk o skaldjursprodukter o rätter,9.4,g
1360,Laxmousse,"Kolhydrater, tillgängliga",Fisk o skaldjursprodukter o rätter,2.5,g
1360,Laxmousse,Kolesterol,Fisk o skaldjursprodukter o rätter,115.5,mg
1360,Laxmousse,"Kalium, K",Fisk o skaldjursprodukter o rätter,189.0,mg
1360,Laxmousse,"Jod, I",Fisk o skaldjursprodukter o rätter,57.9,µg
1360,Laxmousse,Fullkorn totalt,Fisk o skaldjursprodukter o rätter,0.0,g
1360,Laxmousse,"Folat, totalt",Fisk o skaldjursprodukter o rätter,23.3,µg
1360,Laxmousse,Fibrer,Fisk o skaldjursprodukter o rätter,0.3,g
1360,Laxmousse,"Fett, totalt",Fisk o skaldjursprodukter o rätter,19.8,g
1360,Laxmousse,"Järn, Fe",Fisk o skaldjursprodukter o rätter,0.4,mg
1360,Laxmousse,Energi (kJ),Fisk o skaldjursprodukter o rätter,969.0,kJ
1360,Laxmousse,Energi (kcal),Fisk o skaldjursprodukter o rätter,232.0,kcal
1360,Laxmousse,Disackarider,Fisk o skaldjursprodukter o rätter,1.1,g
1360,Laxmousse,"Kalcium, Ca",Fisk o skaldjursprodukter o rätter,43.0,mg
1360,Laxmousse,Fettsyra 4:0-10:0,Fisk o skaldjursprodukter o rätter,0.9,g
1360,Laxmousse,DHA (C22:6),Fisk o skaldjursprodukter o rätter,0.2,g
1360,Laxmousse,DPA (C22:5),Fisk o skaldjursprodukter o rätter,0.1,g
1360,Laxmousse,EPA (C20:5),Fisk o skaldjursprodukter o rätter,0.1,g
1360,Laxmousse,Arakidonsyra C20:4,Fisk o skaldjursprodukter o rätter,0.1,g
1360,Laxmousse,Arakidinsyra C20:0,Fisk o skaldjursprodukter o rätter,0.0,g
1360,Laxmousse,Linolensyra C18:3,Fisk o skaldjursprodukter o rätter,0.4,g
1360,Laxmousse,Linolsyra C18:2,Fisk o skaldjursprodukter o rätter,1.0,g
1360,Laxmousse,Oljesyra C18:1,Fisk o skaldjursprodukter o rätter,5.4,g
1360,Laxmousse,Stearinsyra C18:0,Fisk o skaldjursprodukter o rätter,1.5,g
1360,Laxmousse,Palmitoljesyra C16:1,Fisk o skaldjursprodukter o rätter,0.4,g
1360,Laxmousse,Palmitinsyra C16:0,Fisk o skaldjursprodukter o rätter,4.8,g
1360,Laxmousse,Myristinsyra C14:0,Fisk o skaldjursprodukter o rätter,1.4,g
1360,Laxmousse,Laurinsyra C12:0,Fisk o skaldjursprodukter o rätter,0.4,g
1360,Laxmousse,Betakaroten/β-Karoten,Fisk o skaldjursprodukter o rätter,192.0,µg
1360,Laxmousse,Avfall (skal etc.),Fisk o skaldjursprodukter o rätter,14.0,%
1360,Laxmousse,Aska,Fisk o skaldjursprodukter o rätter,1.6,g
1360,Laxmousse,Alkohol,Fisk o skaldjursprodukter o rätter,0.0,g
1361,Sillbullar,"Zink, Zn",Fisk o skaldjursprodukter o rätter,0.9,mg
1361,Sillbullar,Vitamin E,Fisk o skaldjursprodukter o rätter,2.1,mg
1361,Sillbullar,Vitamin D,Fisk o skaldjursprodukter o rätter,1.37,µg
1361,Sillbullar,Vitamin C,Fisk o skaldjursprodukter o rätter,5.5,mg
1361,Sillbullar,Vitamin B6,Fisk o skaldjursprodukter o rätter,0.18,mg
1361,Sillbullar,Vitamin B12,Fisk o skaldjursprodukter o rätter,0.79,µg
1361,Sillbullar,Vitamin A,Fisk o skaldjursprodukter o rätter,25.1,RE/µg
1361,Sillbullar,Vatten,Fisk o skaldjursprodukter o rätter,63.0,g
1361,Sillbullar,Tiamin,Fisk o skaldjursprodukter o rätter,0.13,mg
1361,Sillbullar,Tillsatt socker,Fisk o skaldjursprodukter o rätter,0.0,g
1361,Sillbullar,Fritt socker,Fisk o skaldjursprodukter o rätter,0.0,g
1361,Sillbullar,"Selen, Se",Fisk o skaldjursprodukter o rätter,6.9,µg
1361,Sillbullar,Sackaros,Fisk o skaldjursprodukter o rätter,0.4,g
1361,Sillbullar,Riboflavin,Fisk o skaldjursprodukter o rätter,0.1,mg
1361,Sillbullar,Retinol,Fisk o skaldjursprodukter o rätter,14.4,µg
1361,Sillbullar,Protein,Fisk o skaldjursprodukter o rätter,9.0,g
1361,Sillbullar,Summa fleromättade fettsyror,Fisk o skaldjursprodukter o rätter,2.8,g
1361,Sillbullar,"Fosfor, P",Fisk o skaldjursprodukter o rätter,92.0,mg
1361,Sillbullar,Niacinekvivalenter,Fisk o skaldjursprodukter o rätter,4.36,NE/mg
1361,Sillbullar,Niacin,Fisk o skaldjursprodukter o rätter,2.72,mg
1361,Sillbullar,"Salt, NaCl",Fisk o skaldjursprodukter o rätter,0.8,g
1361,Sillbullar,"Natrium, Na",Fisk o skaldjursprodukter o rätter,337.0,mg
1361,Sillbullar,Monosackarider,Fisk o skaldjursprodukter o rätter,0.6,g
1361,Sillbullar,"Sockerarter, totalt",Fisk o skaldjursprodukter o rätter,1.4,g
1361,Sillbullar,Summa enkelomättade fettsyror,Fisk o skaldjursprodukter o rätter,5.5,g
1361,Sillbullar,"Magnesium, Mg",Fisk o skaldjursprodukter o rätter,21.0,mg
1361,Sillbullar,Summa mättade fettsyror,Fisk o skaldjursprodukter o rätter,2.0,g
1361,Sillbullar,"Kolhydrater, tillgängliga",Fisk o skaldjursprodukter o rätter,13.7,g
1361,Sillbullar,Kolesterol,Fisk o skaldjursprodukter o rätter,25.4,mg
1361,Sillbullar,"Kalium, K",Fisk o skaldjursprodukter o rätter,256.0,mg
1361,Sillbullar,"Jod, I",Fisk o skaldjursprodukter o rätter,21.1,µg
1361,Sillbullar,Fullkorn totalt,Fisk o skaldjursprodukter o rätter,2.0,g
1361,Sillbullar,"Folat, totalt",Fisk o skaldjursprodukter o rätter,12.9,µg
1361,Sillbullar,Fibrer,Fisk o skaldjursprodukter o rätter,1.8,g
1361,Sillbullar,"Fett, totalt",Fisk o skaldjursprodukter o rätter,11.0,g
1361,Sillbullar,"Järn, Fe",Fisk o skaldjursprodukter o rätter,0.8,mg
1361,Sillbullar,Energi (kJ),Fisk o skaldjursprodukter o rätter,807.0,kJ
1361,Sillbullar,Energi (kcal),Fisk o skaldjursprodukter o rätter,193.0,kcal
1361,Sillbullar,Disackarider,Fisk o skaldjursprodukter o rätter,0.8,g
1361,Sillbullar,"Kalcium, Ca",Fisk o skaldjursprodukter o rätter,23.0,mg
1361,Sillbullar,Fettsyra 4:0-10:0,Fisk o skaldjursprodukter o rätter,0.0,g
1361,Sillbullar,DHA (C22:6),Fisk o skaldjursprodukter o rätter,0.3,g
1361,Sillbullar,DPA (C22:5),Fisk o skaldjursprodukter o rätter,0.0,g
1361,Sillbullar,EPA (C20:5),Fisk o skaldjursprodukter o rätter,0.2,g
1361,Sillbullar,Arakidonsyra C20:4,Fisk o skaldjursprodukter o rätter,0.0,g
1361,Sillbullar,Arakidinsyra C20:0,Fisk o skaldjursprodukter o rätter,0.0,g
1361,Sillbullar,Linolensyra C18:3,Fisk o skaldjursprodukter o rätter,0.5,g
1361,Sillbullar,Linolsyra C18:2,Fisk o skaldjursprodukter o rätter,1.6,g
1361,Sillbullar,Oljesyra C18:1,Fisk o skaldjursprodukter o rätter,4.5,g
1361,Sillbullar,Stearinsyra C18:0,Fisk o skaldjursprodukter o rätter,0.4,g
1361,Sillbullar,Palmitoljesyra C16:1,Fisk o skaldjursprodukter o rätter,0.2,g
1361,Sillbullar,Palmitinsyra C16:0,Fisk o skaldjursprodukter o rätter,1.2,g
1361,Sillbullar,Myristinsyra C14:0,Fisk o skaldjursprodukter o rätter,0.3,g
1361,Sillbullar,Laurinsyra C12:0,Fisk o skaldjursprodukter o rätter,0.0,g
1361,Sillbullar,Betakaroten/β-Karoten,Fisk o skaldjursprodukter o rätter,12.0,µg
1361,Sillbullar,Avfall (skal etc.),Fisk o skaldjursprodukter o rätter,4.0,%
1361,Sillbullar,Aska,Fisk o skaldjursprodukter o rätter,1.5,g
1361,Sillbullar,Alkohol,Fisk o skaldjursprodukter o rätter,0.0,g
1362,Sillsallad,"Zink, Zn",Fisk o skaldjursprodukter o rätter,0.3,mg
1362,Sillsallad,Vitamin E,Fisk o skaldjursprodukter o rätter,0.3,mg
1362,Sillsallad,Vitamin D,Fisk o skaldjursprodukter o rätter,1.09,µg
1362,Sillsallad,Vitamin C,Fisk o skaldjursprodukter o rätter,6.0,mg
1362,Sillsallad,Vitamin B6,Fisk o skaldjursprodukter o rätter,0.09,mg
1362,Sillsallad,Vitamin B12,Fisk o skaldjursprodukter o rätter,1.13,µg
1362,Sillsallad,Vitamin A,Fisk o skaldjursprodukter o rätter,3.1,RE/µg
1362,Sillsallad,Vatten,Fisk o skaldjursprodukter o rätter,79.3,g
1362,Sillsallad,Tiamin,Fisk o skaldjursprodukter o rätter,0.02,mg
1362,Sillsallad,Tillsatt socker,Fisk o skaldjursprodukter o rätter,3.0,g
1362,Sillsallad,Fritt socker,Fisk o skaldjursprodukter o rätter,3.0,g
1362,Sillsallad,"Selen, Se",Fisk o skaldjursprodukter o rätter,4.8,µg
1362,Sillsallad,Sackaros,Fisk o skaldjursprodukter o rätter,3.5,g
1362,Sillsallad,Riboflavin,Fisk o skaldjursprodukter o rätter,0.04,mg
1362,Sillsallad,Retinol,Fisk o skaldjursprodukter o rätter,2.2,µg
1362,Sillsallad,Protein,Fisk o skaldjursprodukter o rätter,4.3,g
1362,Sillsallad,Summa fleromättade fettsyror,Fisk o skaldjursprodukter o rätter,0.9,g
1362,Sillsallad,"Fosfor, P",Fisk o skaldjursprodukter o rätter,29.0,mg
1362,Sillsallad,Niacinekvivalenter,Fisk o skaldjursprodukter o rätter,1.81,NE/mg
1362,Sillsallad,Niacin,Fisk o skaldjursprodukter o rätter,1.0,mg
1362,Sillsallad,"Salt, NaCl",Fisk o skaldjursprodukter o rätter,0.8,g
1362,Sillsallad,"Natrium, Na",Fisk o skaldjursprodukter o rätter,317.0,mg
1362,Sillsallad,Monosackarider,Fisk o skaldjursprodukter o rätter,2.5,g
1362,Sillsallad,"Sockerarter, totalt",Fisk o skaldjursprodukter o rätter,6.0,g
1362,Sillsallad,Summa enkelomättade fettsyror,Fisk o skaldjursprodukter o rätter,1.4,g
1362,Sillsallad,"Magnesium, Mg",Fisk o skaldjursprodukter o rätter,10.0,mg
1362,Sillsallad,Summa mättade fettsyror,Fisk o skaldjursprodukter o rätter,0.8,g
1362,Sillsallad,"Kolhydrater, tillgängliga",Fisk o skaldjursprodukter o rätter,10.3,g
1362,Sillsallad,Kolesterol,Fisk o skaldjursprodukter o rätter,17.4,mg
1362,Sillsallad,"Kalium, K",Fisk o skaldjursprodukter o rätter,146.0,mg
1362,Sillsallad,"Jod, I",Fisk o skaldjursprodukter o rätter,11.2,µg
1362,Sillsallad,Fullkorn totalt,Fisk o skaldjursprodukter o rätter,0.0,g
1362,Sillsallad,"Folat, totalt",Fisk o skaldjursprodukter o rätter,11.4,µg
1362,Sillsallad,Fibrer,Fisk o skaldjursprodukter o rätter,1.4,g
1362,Sillsallad,"Fett, totalt",Fisk o skaldjursprodukter o rätter,3.5,g
1362,Sillsallad,"Järn, Fe",Fisk o skaldjursprodukter o rätter,0.4,mg
1362,Sillsallad,Energi (kJ),Fisk o skaldjursprodukter o rätter,392.0,kJ
1362,Sillsallad,Energi (kcal),Fisk o skaldjursprodukter o rätter,94.0,kcal
1362,Sillsallad,Disackarider,Fisk o skaldjursprodukter o rätter,3.5,g
1362,Sillsallad,"Kalcium, Ca",Fisk o skaldjursprodukter o rätter,11.0,mg
1362,Sillsallad,Fettsyra 4:0-10:0,Fisk o skaldjursprodukter o rätter,0.0,g
1362,Sillsallad,DHA (C22:6),Fisk o skaldjursprodukter o rätter,0.3,g
1362,Sillsallad,DPA (C22:5),Fisk o skaldjursprodukter o rätter,0.0,g
1362,Sillsallad,EPA (C20:5),Fisk o skaldjursprodukter o rätter,0.2,g
1362,Sillsallad,Arakidonsyra C20:4,Fisk o skaldjursprodukter o rätter,0.0,g
1362,Sillsallad,Arakidinsyra C20:0,Fisk o skaldjursprodukter o rätter,0.0,g
1362,Sillsallad,Linolensyra C18:3,Fisk o skaldjursprodukter o rätter,0.1,g
1362,Sillsallad,Linolsyra C18:2,Fisk o skaldjursprodukter o rätter,0.1,g
1362,Sillsallad,Oljesyra C18:1,Fisk o skaldjursprodukter o rätter,0.4,g
1362,Sillsallad,Stearinsyra C18:0,Fisk o skaldjursprodukter o rätter,0.0,g
1362,Sillsallad,Palmitoljesyra C16:1,Fisk o skaldjursprodukter o rätter,0.2,g
1362,Sillsallad,Palmitinsyra C16:0,Fisk o skaldjursprodukter o rätter,0.5,g
1362,Sillsallad,Myristinsyra C14:0,Fisk o skaldjursprodukter o rätter,0.2,g
1362,Sillsallad,Laurinsyra C12:0,Fisk o skaldjursprodukter o rätter,0.0,g
1362,Sillsallad,Betakaroten/β-Karoten,Fisk o skaldjursprodukter o rätter,11.0,µg
1362,Sillsallad,Avfall (skal etc.),Fisk o skaldjursprodukter o rätter,2.0,%
1362,Sillsallad,Aska,Fisk o skaldjursprodukter o rätter,1.0,g
1362,Sillsallad,Alkohol,Fisk o skaldjursprodukter o rätter,0.0,g
1363,Sushi nigiri m. lax,"Zink, Zn",Fisk o skaldjursprodukter o rätter,0.5,mg
1363,Sushi nigiri m. lax,Vitamin E,Fisk o skaldjursprodukter o rätter,1.9,mg
1363,Sushi nigiri m. lax,Vitamin D inkl 25-OH-D3,Fisk o skaldjursprodukter o rätter,3.66,µg
1363,Sushi nigiri m. lax,Vitamin D,Fisk o skaldjursprodukter o rätter,2.95,µg
1363,Sushi nigiri m. lax,Vitamin C,Fisk o skaldjursprodukter o rätter,2.4,mg
1363,Sushi nigiri m. lax,Vitamin B6,Fisk o skaldjursprodukter o rätter,0.26,mg
1363,Sushi nigiri m. lax,Vitamin B12,Fisk o skaldjursprodukter o rätter,2.1,µg
1363,Sushi nigiri m. lax,Vitamin A,Fisk o skaldjursprodukter o rätter,1.5,RE/µg
1363,Sushi nigiri m. lax,Vatten,Fisk o skaldjursprodukter o rätter,60.1,g
1363,Sushi nigiri m. lax,Tiamin,Fisk o skaldjursprodukter o rätter,0.12,mg
1363,Sushi nigiri m. lax,Tillsatt socker,Fisk o skaldjursprodukter o rätter,3.0,g
1363,Sushi nigiri m. lax,Fritt socker,Fisk o skaldjursprodukter o rätter,3.0,g
1363,Sushi nigiri m. lax,"Selen, Se",Fisk o skaldjursprodukter o rätter,7.3,µg
1363,Sushi nigiri m. lax,Sackaros,Fisk o skaldjursprodukter o rätter,2.0,g
1363,Sushi nigiri m. lax,Riboflavin,Fisk o skaldjursprodukter o rätter,0.03,mg
1363,Sushi nigiri m. lax,Retinol,Fisk o skaldjursprodukter o rätter,1.5,µg
1363,Sushi nigiri m. lax,Protein,Fisk o skaldjursprodukter o rätter,9.8,g
1363,Sushi nigiri m. lax,Summa fleromättade fettsyror,Fisk o skaldjursprodukter o rätter,1.6,g
1363,Sushi nigiri m. lax,"Fosfor, P",Fisk o skaldjursprodukter o rätter,113.0,mg
1363,Sushi nigiri m. lax,Niacinekvivalenter,Fisk o skaldjursprodukter o rätter,4.93,NE/mg
1363,Sushi nigiri m. lax,Niacin,Fisk o skaldjursprodukter o rätter,3.3,mg
1363,Sushi nigiri m. lax,"Salt, NaCl",Fisk o skaldjursprodukter o rätter,0.4,g
1363,Sushi nigiri m. lax,"Natrium, Na",Fisk o skaldjursprodukter o rätter,174.0,mg
1363,Sushi nigiri m. lax,Monosackarider,Fisk o skaldjursprodukter o rätter,1.3,g
1363,Sushi nigiri m. lax,"Sockerarter, totalt",Fisk o skaldjursprodukter o rätter,3.5,g
1363,Sushi nigiri m. lax,Summa enkelomättade fettsyror,Fisk o skaldjursprodukter o rätter,2.7,g
1363,Sushi nigiri m. lax,"Magnesium, Mg",Fisk o skaldjursprodukter o rätter,16.0,mg
1363,Sushi nigiri m. lax,Summa mättade fettsyror,Fisk o skaldjursprodukter o rätter,0.8,g
1363,Sushi nigiri m. lax,"Kolhydrater, tillgängliga",Fisk o skaldjursprodukter o rätter,22.3,g
1363,Sushi nigiri m. lax,Kolesterol,Fisk o skaldjursprodukter o rätter,25.5,mg
1363,Sushi nigiri m. lax,"Kalium, K",Fisk o skaldjursprodukter o rätter,172.0,mg
1363,Sushi nigiri m. lax,"Jod, I",Fisk o skaldjursprodukter o rätter,19.4,µg
1363,Sushi nigiri m. lax,Fullkorn totalt,Fisk o skaldjursprodukter o rätter,0.0,g
1363,Sushi nigiri m. lax,"Folat, totalt",Fisk o skaldjursprodukter o rätter,6.4,µg
1363,Sushi nigiri m. lax,Fibrer,Fisk o skaldjursprodukter o rätter,1.0,g
1363,Sushi nigiri m. lax,"Fett, totalt",Fisk o skaldjursprodukter o rätter,5.9,g
1363,Sushi nigiri m. lax,"Järn, Fe",Fisk o skaldjursprodukter o rätter,0.1,mg
1363,Sushi nigiri m. lax,Energi (kJ),Fisk o skaldjursprodukter o rätter,771.0,kJ
1363,Sushi nigiri m. lax,Energi (kcal),Fisk o skaldjursprodukter o rätter,184.0,kcal
1363,Sushi nigiri m. lax,Disackarider,Fisk o skaldjursprodukter o rätter,2.2,g
1363,Sushi nigiri m. lax,"Kalcium, Ca",Fisk o skaldjursprodukter o rätter,9.0,mg
1363,Sushi nigiri m. lax,Fettsyra 4:0-10:0,Fisk o skaldjursprodukter o rätter,0.0,g
1363,Sushi nigiri m. lax,DHA (C22:6),Fisk o skaldjursprodukter o rätter,0.2,g
1363,Sushi nigiri m. lax,DPA (C22:5),Fisk o skaldjursprodukter o rätter,0.1,g
1363,Sushi nigiri m. lax,EPA (C20:5),Fisk o skaldjursprodukter o rätter,0.1,g
1363,Sushi nigiri m. lax,Arakidonsyra C20:4,Fisk o skaldjursprodukter o rätter,0.1,g
1363,Sushi nigiri m. lax,Arakidinsyra C20:0,Fisk o skaldjursprodukter o rätter,0.0,g
1363,Sushi nigiri m. lax,Linolensyra C18:3,Fisk o skaldjursprodukter o rätter,0.3,g
1363,Sushi nigiri m. lax,Linolsyra C18:2,Fisk o skaldjursprodukter o rätter,0.7,g
1363,Sushi nigiri m. lax,Oljesyra C18:1,Fisk o skaldjursprodukter o rätter,2.2,g
1363,Sushi nigiri m. lax,Stearinsyra C18:0,Fisk o skaldjursprodukter o rätter,0.1,g
1363,Sushi nigiri m. lax,Palmitoljesyra C16:1,Fisk o skaldjursprodukter o rätter,0.1,g
1363,Sushi nigiri m. lax,Palmitinsyra C16:0,Fisk o skaldjursprodukter o rätter,0.5,g
1363,Sushi nigiri m. lax,Myristinsyra C14:0,Fisk o skaldjursprodukter o rätter,0.1,g
1363,Sushi nigiri m. lax,Laurinsyra C12:0,Fisk o skaldjursprodukter o rätter,0.0,g
1363,Sushi nigiri m. lax,Betakaroten/β-Karoten,Fisk o skaldjursprodukter o rätter,0.0,µg
1363,Sushi nigiri m. lax,Avfall (skal etc.),Fisk o skaldjursprodukter o rätter,15.0,%
1363,Sushi nigiri m. lax,Aska,Fisk o skaldjursprodukter o rätter,1.0,g
1363,Sushi nigiri m. lax,Alkohol,Fisk o skaldjursprodukter o rätter,0.0,g
1364,Sushi nigiri m. hälleflundra,"Zink, Zn",Fisk o skaldjursprodukter o rätter,0.5,mg
1364,Sushi nigiri m. hälleflundra,Vitamin E,Fisk o skaldjursprodukter o rätter,0.9,mg
1364,Sushi nigiri m. hälleflundra,Vitamin D inkl 25-OH-D3,Fisk o skaldjursprodukter o rätter,3.36,µg
1364,Sushi nigiri m. hälleflundra,Vitamin D,Fisk o skaldjursprodukter o rätter,3.36,µg
1364,Sushi nigiri m. hälleflundra,Vitamin C,Fisk o skaldjursprodukter o rätter,2.6,mg
1364,Sushi nigiri m. hälleflundra,Vitamin B6,Fisk o skaldjursprodukter o rätter,0.11,mg
1364,Sushi nigiri m. hälleflundra,Vitamin B12,Fisk o skaldjursprodukter o rätter,0.26,µg
1364,Sushi nigiri m. hälleflundra,Vitamin A,Fisk o skaldjursprodukter o rätter,4.8,RE/µg
1364,Sushi nigiri m. hälleflundra,Vatten,Fisk o skaldjursprodukter o rätter,63.8,g
1364,Sushi nigiri m. hälleflundra,Tiamin,Fisk o skaldjursprodukter o rätter,0.02,mg
1364,Sushi nigiri m. hälleflundra,Tillsatt socker,Fisk o skaldjursprodukter o rätter,4.0,g
1364,Sushi nigiri m. hälleflundra,Fritt socker,Fisk o skaldjursprodukter o rätter,4.0,g
1364,Sushi nigiri m. hälleflundra,"Selen, Se",Fisk o skaldjursprodukter o rätter,22.0,µg
1364,Sushi nigiri m. hälleflundra,Sackaros,Fisk o skaldjursprodukter o rätter,2.2,g
1364,Sushi nigiri m. hälleflundra,Riboflavin,Fisk o skaldjursprodukter o rätter,0.02,mg
1364,Sushi nigiri m. hälleflundra,Retinol,Fisk o skaldjursprodukter o rätter,4.8,µg
1364,Sushi nigiri m. hälleflundra,Protein,Fisk o skaldjursprodukter o rätter,7.3,g
1364,Sushi nigiri m. hälleflundra,Summa fleromättade fettsyror,Fisk o skaldjursprodukter o rätter,0.4,g
1364,Sushi nigiri m. hälleflundra,"Fosfor, P",Fisk o skaldjursprodukter o rätter,85.0,mg
1364,Sushi nigiri m. hälleflundra,Niacinekvivalenter,Fisk o skaldjursprodukter o rätter,2.44,NE/mg
1364,Sushi nigiri m. hälleflundra,Niacin,Fisk o skaldjursprodukter o rätter,1.13,mg
1364,Sushi nigiri m. hälleflundra,"Salt, NaCl",Fisk o skaldjursprodukter o rätter,0.5,g
1364,Sushi nigiri m. hälleflundra,"Natrium, Na",Fisk o skaldjursprodukter o rätter,197.0,mg
1364,Sushi nigiri m. hälleflundra,Monosackarider,Fisk o skaldjursprodukter o rätter,1.4,g
1364,Sushi nigiri m. hälleflundra,"Sockerarter, totalt",Fisk o skaldjursprodukter o rätter,3.8,g
1364,Sushi nigiri m. hälleflundra,Summa enkelomättade fettsyror,Fisk o skaldjursprodukter o rätter,1.8,g
1364,Sushi nigiri m. hälleflundra,"Magnesium, Mg",Fisk o skaldjursprodukter o rätter,13.0,mg
1364,Sushi nigiri m. hälleflundra,Summa mättade fettsyror,Fisk o skaldjursprodukter o rätter,0.5,g
1364,Sushi nigiri m. hälleflundra,"Kolhydrater, tillgängliga",Fisk o skaldjursprodukter o rätter,23.6,g
1364,Sushi nigiri m. hälleflundra,Kolesterol,Fisk o skaldjursprodukter o rätter,17.9,mg
1364,Sushi nigiri m. hälleflundra,"Kalium, K",Fisk o skaldjursprodukter o rätter,172.0,mg
1364,Sushi nigiri m. hälleflundra,"Jod, I",Fisk o skaldjursprodukter o rätter,16.4,µg
1364,Sushi nigiri m. hälleflundra,Fullkorn totalt,Fisk o skaldjursprodukter o rätter,0.0,g
1364,Sushi nigiri m. hälleflundra,"Folat, totalt",Fisk o skaldjursprodukter o rätter,5.8,µg
1364,Sushi nigiri m. hälleflundra,Fibrer,Fisk o skaldjursprodukter o rätter,1.0,g
1364,Sushi nigiri m. hälleflundra,"Fett, totalt",Fisk o skaldjursprodukter o rätter,3.3,g
1364,Sushi nigiri m. hälleflundra,"Järn, Fe",Fisk o skaldjursprodukter o rätter,0.1,mg
1364,Sushi nigiri m. hälleflundra,Energi (kJ),Fisk o skaldjursprodukter o rätter,656.0,kJ
1364,Sushi nigiri m. hälleflundra,Energi (kcal),Fisk o skaldjursprodukter o rätter,157.0,kcal
1364,Sushi nigiri m. hälleflundra,Disackarider,Fisk o skaldjursprodukter o rätter,2.4,g
1364,Sushi nigiri m. hälleflundra,"Kalcium, Ca",Fisk o skaldjursprodukter o rätter,9.0,mg
1364,Sushi nigiri m. hälleflundra,Fettsyra 4:0-10:0,Fisk o skaldjursprodukter o rätter,0.0,g
1364,Sushi nigiri m. hälleflundra,DHA (C22:6),Fisk o skaldjursprodukter o rätter,0.2,g
1364,Sushi nigiri m. hälleflundra,DPA (C22:5),Fisk o skaldjursprodukter o rätter,0.0,g
1364,Sushi nigiri m. hälleflundra,EPA (C20:5),Fisk o skaldjursprodukter o rätter,0.1,g
1364,Sushi nigiri m. hälleflundra,Arakidonsyra C20:4,Fisk o skaldjursprodukter o rätter,0.0,g
1364,Sushi nigiri m. hälleflundra,Arakidinsyra C20:0,Fisk o skaldjursprodukter o rätter,0.0,g
1364,Sushi nigiri m. hälleflundra,Linolensyra C18:3,Fisk o skaldjursprodukter o rätter,0.0,g
1364,Sushi nigiri m. hälleflundra,Linolsyra C18:2,Fisk o skaldjursprodukter o rätter,0.0,g
1364,Sushi nigiri m. hälleflundra,Oljesyra C18:1,Fisk o skaldjursprodukter o rätter,0.8,g
1364,Sushi nigiri m. hälleflundra,Stearinsyra C18:0,Fisk o skaldjursprodukter o rätter,0.1,g
1364,Sushi nigiri m. hälleflundra,Palmitoljesyra C16:1,Fisk o skaldjursprodukter o rätter,0.3,g
1364,Sushi nigiri m. hälleflundra,Palmitinsyra C16:0,Fisk o skaldjursprodukter o rätter,0.3,g
1364,Sushi nigiri m. hälleflundra,Myristinsyra C14:0,Fisk o skaldjursprodukter o rätter,0.1,g
1364,Sushi nigiri m. hälleflundra,Laurinsyra C12:0,Fisk o skaldjursprodukter o rätter,0.0,g
1364,Sushi nigiri m. hälleflundra,Betakaroten/β-Karoten,Fisk o skaldjursprodukter o rätter,0.0,µg
1364,Sushi nigiri m. hälleflundra,Avfall (skal etc.),Fisk o skaldjursprodukter o rätter,8.0,%
1364,Sushi nigiri m. hälleflundra,Aska,Fisk o skaldjursprodukter o rätter,0.9,g
1364,Sushi nigiri m. hälleflundra,Alkohol,Fisk o skaldjursprodukter o rätter,0.0,g
1365,Sushi nigiri m. tonfisk,"Zink, Zn",Fisk o skaldjursprodukter o rätter,0.5,mg
1365,Sushi nigiri m. tonfisk,Vitamin E,Fisk o skaldjursprodukter o rätter,0.1,mg
1365,Sushi nigiri m. tonfisk,Vitamin D inkl 25-OH-D3,Fisk o skaldjursprodukter o rätter,1.49,µg
1365,Sushi nigiri m. tonfisk,Vitamin D,Fisk o skaldjursprodukter o rätter,1.49,µg
1365,Sushi nigiri m. tonfisk,Vitamin C,Fisk o skaldjursprodukter o rätter,2.9,mg
1365,Sushi nigiri m. tonfisk,Vitamin B6,Fisk o skaldjursprodukter o rätter,0.13,mg
1365,Sushi nigiri m. tonfisk,Vitamin B12,Fisk o skaldjursprodukter o rätter,0.35,µg
1365,Sushi nigiri m. tonfisk,Vitamin A,Fisk o skaldjursprodukter o rätter,7.2,RE/µg
1365,Sushi nigiri m. tonfisk,Vatten,Fisk o skaldjursprodukter o rätter,62.6,g
1365,Sushi nigiri m. tonfisk,Tiamin,Fisk o skaldjursprodukter o rätter,0.02,mg
1365,Sushi nigiri m. tonfisk,Tillsatt socker,Fisk o skaldjursprodukter o rätter,4.0,g
1365,Sushi nigiri m. tonfisk,Fritt socker,Fisk o skaldjursprodukter o rätter,4.0,g
1365,Sushi nigiri m. tonfisk,"Selen, Se",Fisk o skaldjursprodukter o rätter,18.9,µg
1365,Sushi nigiri m. tonfisk,Sackaros,Fisk o skaldjursprodukter o rätter,2.4,g
1365,Sushi nigiri m. tonfisk,Riboflavin,Fisk o skaldjursprodukter o rätter,0.0,mg
1365,Sushi nigiri m. tonfisk,Retinol,Fisk o skaldjursprodukter o rätter,7.2,µg
1365,Sushi nigiri m. tonfisk,Protein,Fisk o skaldjursprodukter o rätter,8.1,g
1365,Sushi nigiri m. tonfisk,Summa fleromättade fettsyror,Fisk o skaldjursprodukter o rätter,0.1,g
1365,Sushi nigiri m. tonfisk,"Fosfor, P",Fisk o skaldjursprodukter o rätter,96.0,mg
1365,Sushi nigiri m. tonfisk,Niacinekvivalenter,Fisk o skaldjursprodukter o rätter,4.98,NE/mg
1365,Sushi nigiri m. tonfisk,Niacin,Fisk o skaldjursprodukter o rätter,3.63,mg
1365,Sushi nigiri m. tonfisk,"Salt, NaCl",Fisk o skaldjursprodukter o rätter,0.8,g
1365,Sushi nigiri m. tonfisk,"Natrium, Na",Fisk o skaldjursprodukter o rätter,311.0,mg
1365,Sushi nigiri m. tonfisk,Monosackarider,Fisk o skaldjursprodukter o rätter,1.7,g
1365,Sushi nigiri m. tonfisk,"Sockerarter, totalt",Fisk o skaldjursprodukter o rätter,4.3,g
1365,Sushi nigiri m. tonfisk,Summa enkelomättade fettsyror,Fisk o skaldjursprodukter o rätter,0.0,g
1365,Sushi nigiri m. tonfisk,"Magnesium, Mg",Fisk o skaldjursprodukter o rätter,16.0,mg
1365,Sushi nigiri m. tonfisk,Summa mättade fettsyror,Fisk o skaldjursprodukter o rätter,0.0,g
1365,Sushi nigiri m. tonfisk,"Kolhydrater, tillgängliga",Fisk o skaldjursprodukter o rätter,26.6,g
1365,Sushi nigiri m. tonfisk,Kolesterol,Fisk o skaldjursprodukter o rätter,8.9,mg
1365,Sushi nigiri m. tonfisk,"Kalium, K",Fisk o skaldjursprodukter o rätter,137.0,mg
1365,Sushi nigiri m. tonfisk,"Jod, I",Fisk o skaldjursprodukter o rätter,17.8,µg
1365,Sushi nigiri m. tonfisk,Fullkorn totalt,Fisk o skaldjursprodukter o rätter,0.0,g
1365,Sushi nigiri m. tonfisk,"Folat, totalt",Fisk o skaldjursprodukter o rätter,6.4,µg
1365,Sushi nigiri m. tonfisk,Fibrer,Fisk o skaldjursprodukter o rätter,1.1,g
1365,Sushi nigiri m. tonfisk,"Fett, totalt",Fisk o skaldjursprodukter o rätter,0.4,g
1365,Sushi nigiri m. tonfisk,"Järn, Fe",Fisk o skaldjursprodukter o rätter,0.2,mg
1365,Sushi nigiri m. tonfisk,Energi (kJ),Fisk o skaldjursprodukter o rätter,615.0,kJ
1365,Sushi nigiri m. tonfisk,Energi (kcal),Fisk o skaldjursprodukter o rätter,147.0,kcal
1365,Sushi nigiri m. tonfisk,Disackarider,Fisk o skaldjursprodukter o rätter,2.6,g
1365,Sushi nigiri m. tonfisk,"Kalcium, Ca",Fisk o skaldjursprodukter o rätter,9.0,mg
1365,Sushi nigiri m. tonfisk,Fettsyra 4:0-10:0,Fisk o skaldjursprodukter o rätter,0.0,g
1365,Sushi nigiri m. tonfisk,DHA (C22:6),Fisk o skaldjursprodukter o rätter,0.0,g
1365,Sushi nigiri m. tonfisk,DPA (C22:5),Fisk o skaldjursprodukter o rätter,0.0,g
1365,Sushi nigiri m. tonfisk,EPA (C20:5),Fisk o skaldjursprodukter o rätter,0.0,g
1365,Sushi nigiri m. tonfisk,Arakidonsyra C20:4,Fisk o skaldjursprodukter o rätter,0.0,g
1365,Sushi nigiri m. tonfisk,Arakidinsyra C20:0,Fisk o skaldjursprodukter o rätter,0.0,g
1365,Sushi nigiri m. tonfisk,Linolensyra C18:3,Fisk o skaldjursprodukter o rätter,0.0,g
1365,Sushi nigiri m. tonfisk,Linolsyra C18:2,Fisk o skaldjursprodukter o rätter,0.0,g
1365,Sushi nigiri m. tonfisk,Oljesyra C18:1,Fisk o skaldjursprodukter o rätter,0.0,g
1365,Sushi nigiri m. tonfisk,Stearinsyra C18:0,Fisk o skaldjursprodukter o rätter,0.0,g
1365,Sushi nigiri m. tonfisk,Palmitoljesyra C16:1,Fisk o skaldjursprodukter o rätter,0.0,g
1365,Sushi nigiri m. tonfisk,Palmitinsyra C16:0,Fisk o skaldjursprodukter o rätter,0.0,g
1365,Sushi nigiri m. tonfisk,Myristinsyra C14:0,Fisk o skaldjursprodukter o rätter,0.0,g
1365,Sushi nigiri m. tonfisk,Laurinsyra C12:0,Fisk o skaldjursprodukter o rätter,0.0,g
1365,Sushi nigiri m. tonfisk,Betakaroten/β-Karoten,Fisk o skaldjursprodukter o rätter,0.0,µg
1365,Sushi nigiri m. tonfisk,Avfall (skal etc.),Fisk o skaldjursprodukter o rätter,1.0,%
1365,Sushi nigiri m. tonfisk,Aska,Fisk o skaldjursprodukter o rätter,1.2,g
1365,Sushi nigiri m. tonfisk,Alkohol,Fisk o skaldjursprodukter o rätter,0.0,g
1366,Sushi rulle m. crabfish gurka,"Zink, Zn",Fisk o skaldjursprodukter o rätter,0.5,mg
1366,Sushi rulle m. crabfish gurka,Vitamin E,Fisk o skaldjursprodukter o rätter,0.2,mg
1366,Sushi rulle m. crabfish gurka,Vitamin D,Fisk o skaldjursprodukter o rätter,0.17,µg
1366,Sushi rulle m. crabfish gurka,Vitamin C,Fisk o skaldjursprodukter o rätter,1.1,mg
1366,Sushi rulle m. crabfish gurka,Vitamin B6,Fisk o skaldjursprodukter o rätter,0.02,mg
1366,Sushi rulle m. crabfish gurka,Vitamin B12,Fisk o skaldjursprodukter o rätter,0.38,µg
1366,Sushi rulle m. crabfish gurka,Vitamin A,Fisk o skaldjursprodukter o rätter,2.1,RE/µg
1366,Sushi rulle m. crabfish gurka,Vatten,Fisk o skaldjursprodukter o rätter,62.8,g
1366,Sushi rulle m. crabfish gurka,Tiamin,Fisk o skaldjursprodukter o rätter,0.02,mg
1366,Sushi rulle m. crabfish gurka,Tillsatt socker,Fisk o skaldjursprodukter o rätter,5.0,g
1366,Sushi rulle m. crabfish gurka,Fritt socker,Fisk o skaldjursprodukter o rätter,5.0,g
1366,Sushi rulle m. crabfish gurka,"Selen, Se",Fisk o skaldjursprodukter o rätter,6.3,µg
1366,Sushi rulle m. crabfish gurka,Sackaros,Fisk o skaldjursprodukter o rätter,2.4,g
1366,Sushi rulle m. crabfish gurka,Riboflavin,Fisk o skaldjursprodukter o rätter,0.03,mg
1366,Sushi rulle m. crabfish gurka,Retinol,Fisk o skaldjursprodukter o rätter,0.3,µg
1366,Sushi rulle m. crabfish gurka,Protein,Fisk o skaldjursprodukter o rätter,4.4,g
1366,Sushi rulle m. crabfish gurka,Summa fleromättade fettsyror,Fisk o skaldjursprodukter o rätter,0.0,g
1366,Sushi rulle m. crabfish gurka,"Fosfor, P",Fisk o skaldjursprodukter o rätter,57.0,mg
1366,Sushi rulle m. crabfish gurka,Niacinekvivalenter,Fisk o skaldjursprodukter o rätter,1.13,NE/mg
1366,Sushi rulle m. crabfish gurka,Niacin,Fisk o skaldjursprodukter o rätter,0.36,mg
1366,Sushi rulle m. crabfish gurka,"Salt, NaCl",Fisk o skaldjursprodukter o rätter,0.7,g
1366,Sushi rulle m. crabfish gurka,"Natrium, Na",Fisk o skaldjursprodukter o rätter,282.0,mg
1366,Sushi rulle m. crabfish gurka,Monosackarider,Fisk o skaldjursprodukter o rätter,1.9,g
1366,Sushi rulle m. crabfish gurka,"Sockerarter, totalt",Fisk o skaldjursprodukter o rätter,4.6,g
1366,Sushi rulle m. crabfish gurka,Summa enkelomättade fettsyror,Fisk o skaldjursprodukter o rätter,0.0,g
1366,Sushi rulle m. crabfish gurka,"Magnesium, Mg",Fisk o skaldjursprodukter o rätter,10.0,mg
1366,Sushi rulle m. crabfish gurka,Summa mättade fettsyror,Fisk o skaldjursprodukter o rätter,0.0,g
1366,Sushi rulle m. crabfish gurka,"Kolhydrater, tillgängliga",Fisk o skaldjursprodukter o rätter,30.2,g
1366,Sushi rulle m. crabfish gurka,Kolesterol,Fisk o skaldjursprodukter o rätter,7.7,mg
1366,Sushi rulle m. crabfish gurka,"Kalium, K",Fisk o skaldjursprodukter o rätter,219.0,mg
1366,Sushi rulle m. crabfish gurka,"Jod, I",Fisk o skaldjursprodukter o rätter,77.7,µg
1366,Sushi rulle m. crabfish gurka,Fullkorn totalt,Fisk o skaldjursprodukter o rätter,0.0,g
1366,Sushi rulle m. crabfish gurka,"Folat, totalt",Fisk o skaldjursprodukter o rätter,4.0,µg
1366,Sushi rulle m. crabfish gurka,Fibrer,Fisk o skaldjursprodukter o rätter,0.9,g
1366,Sushi rulle m. crabfish gurka,"Fett, totalt",Fisk o skaldjursprodukter o rätter,0.4,g
1366,Sushi rulle m. crabfish gurka,"Järn, Fe",Fisk o skaldjursprodukter o rätter,0.2,mg
1366,Sushi rulle m. crabfish gurka,Energi (kJ),Fisk o skaldjursprodukter o rätter,613.0,kJ
1366,Sushi rulle m. crabfish gurka,Energi (kcal),Fisk o skaldjursprodukter o rätter,147.0,kcal
1366,Sushi rulle m. crabfish gurka,Disackarider,Fisk o skaldjursprodukter o rätter,2.6,g
1366,Sushi rulle m. crabfish gurka,"Kalcium, Ca",Fisk o skaldjursprodukter o rätter,25.0,mg
1366,Sushi rulle m. crabfish gurka,Fettsyra 4:0-10:0,Fisk o skaldjursprodukter o rätter,0.0,g
1366,Sushi rulle m. crabfish gurka,DHA (C22:6),Fisk o skaldjursprodukter o rätter,0.0,g
1366,Sushi rulle m. crabfish gurka,DPA (C22:5),Fisk o skaldjursprodukter o rätter,0.0,g
1366,Sushi rulle m. crabfish gurka,EPA (C20:5),Fisk o skaldjursprodukter o rätter,0.0,g
1366,Sushi rulle m. crabfish gurka,Arakidonsyra C20:4,Fisk o skaldjursprodukter o rätter,0.0,g
1366,Sushi rulle m. crabfish gurka,Arakidinsyra C20:0,Fisk o skaldjursprodukter o rätter,0.0,g
1366,Sushi rulle m. crabfish gurka,Linolensyra C18:3,Fisk o skaldjursprodukter o rätter,0.0,g
1366,Sushi rulle m. crabfish gurka,Linolsyra C18:2,Fisk o skaldjursprodukter o rätter,0.0,g
1366,Sushi rulle m. crabfish gurka,Oljesyra C18:1,Fisk o skaldjursprodukter o rätter,0.0,g
1366,Sushi rulle m. crabfish gurka,Stearinsyra C18:0,Fisk o skaldjursprodukter o rätter,0.0,g
1366,Sushi rulle m. crabfish gurka,Palmitoljesyra C16:1,Fisk o skaldjursprodukter o rätter,0.0,g
1366,Sushi rulle m. crabfish gurka,Palmitinsyra C16:0,Fisk o skaldjursprodukter o rätter,0.0,g
1366,Sushi rulle m. crabfish gurka,Myristinsyra C14:0,Fisk o skaldjursprodukter o rätter,0.0,g
1366,Sushi rulle m. crabfish gurka,Laurinsyra C12:0,Fisk o skaldjursprodukter o rätter,0.0,g
1366,Sushi rulle m. crabfish gurka,Betakaroten/β-Karoten,Fisk o skaldjursprodukter o rätter,22.0,µg
1366,Sushi rulle m. crabfish gurka,Avfall (skal etc.),Fisk o skaldjursprodukter o rätter,6.0,%
1366,Sushi rulle m. crabfish gurka,Aska,Fisk o skaldjursprodukter o rätter,1.3,g
1366,Sushi rulle m. crabfish gurka,Alkohol,Fisk o skaldjursprodukter o rätter,0.0,g
1367,Sallad m. tonfisk potatis bönor tomat sallad u. dressing,"Zink, Zn",Sallad blandad mat,0.5,mg
1367,Sallad m. tonfisk potatis bönor tomat sallad u. dressing,Vitamin E,Sallad blandad mat,2.2,mg
1367,Sallad m. tonfisk potatis bönor tomat sallad u. dressing,Vitamin D,Sallad blandad mat,1.54,µg
1367,Sallad m. tonfisk potatis bönor tomat sallad u. dressing,Vitamin C,Sallad blandad mat,8.3,mg
1367,Sallad m. tonfisk potatis bönor tomat sallad u. dressing,Vitamin B6,Sallad blandad mat,0.25,mg
1367,Sallad m. tonfisk potatis bönor tomat sallad u. dressing,Vitamin B12,Sallad blandad mat,1.05,µg
1367,Sallad m. tonfisk potatis bönor tomat sallad u. dressing,Vitamin A,Sallad blandad mat,33.1,RE/µg
1367,Sallad m. tonfisk potatis bönor tomat sallad u. dressing,Vatten,Sallad blandad mat,78.8,g
1367,Sallad m. tonfisk potatis bönor tomat sallad u. dressing,Tiamin,Sallad blandad mat,0.04,mg
1367,Sallad m. tonfisk potatis bönor tomat sallad u. dressing,Tillsatt socker,Sallad blandad mat,0.0,g
1367,Sallad m. tonfisk potatis bönor tomat sallad u. dressing,Fritt socker,Sallad blandad mat,0.0,g
1367,Sallad m. tonfisk potatis bönor tomat sallad u. dressing,"Selen, Se",Sallad blandad mat,23.4,µg
1367,Sallad m. tonfisk potatis bönor tomat sallad u. dressing,Sackaros,Sallad blandad mat,0.2,g
1367,Sallad m. tonfisk potatis bönor tomat sallad u. dressing,Riboflavin,Sallad blandad mat,0.08,mg
1367,Sallad m. tonfisk potatis bönor tomat sallad u. dressing,Retinol,Sallad blandad mat,23.8,µg
1367,Sallad m. tonfisk potatis bönor tomat sallad u. dressing,Protein,Sallad blandad mat,8.7,g
1367,Sallad m. tonfisk potatis bönor tomat sallad u. dressing,Summa fleromättade fettsyror,Sallad blandad mat,1.5,g
1367,Sallad m. tonfisk potatis bönor tomat sallad u. dressing,"Fosfor, P",Sallad blandad mat,100.0,mg
1367,Sallad m. tonfisk potatis bönor tomat sallad u. dressing,Niacinekvivalenter,Sallad blandad mat,5.56,NE/mg
1367,Sallad m. tonfisk potatis bönor tomat sallad u. dressing,Niacin,Sallad blandad mat,3.9,mg
1367,Sallad m. tonfisk potatis bönor tomat sallad u. dressing,"Salt, NaCl",Sallad blandad mat,0.6,g
1367,Sallad m. tonfisk potatis bönor tomat sallad u. dressing,"Natrium, Na",Sallad blandad mat,235.0,mg
1367,Sallad m. tonfisk potatis bönor tomat sallad u. dressing,Monosackarider,Sallad blandad mat,0.9,g
1367,Sallad m. tonfisk potatis bönor tomat sallad u. dressing,"Sockerarter, totalt",Sallad blandad mat,1.1,g
1367,Sallad m. tonfisk potatis bönor tomat sallad u. dressing,Summa enkelomättade fettsyror,Sallad blandad mat,1.3,g
1367,Sallad m. tonfisk potatis bönor tomat sallad u. dressing,"Magnesium, Mg",Sallad blandad mat,20.0,mg
1367,Sallad m. tonfisk potatis bönor tomat sallad u. dressing,Summa mättade fettsyror,Sallad blandad mat,0.7,g
1367,Sallad m. tonfisk potatis bönor tomat sallad u. dressing,"Kolhydrater, tillgängliga",Sallad blandad mat,5.9,g
1367,Sallad m. tonfisk potatis bönor tomat sallad u. dressing,Kolesterol,Sallad blandad mat,42.9,mg
1367,Sallad m. tonfisk potatis bönor tomat sallad u. dressing,"Kalium, K",Sallad blandad mat,235.0,mg
1367,Sallad m. tonfisk potatis bönor tomat sallad u. dressing,"Jod, I",Sallad blandad mat,13.7,µg
1367,Sallad m. tonfisk potatis bönor tomat sallad u. dressing,Fullkorn totalt,Sallad blandad mat,0.0,g
1367,Sallad m. tonfisk potatis bönor tomat sallad u. dressing,"Folat, totalt",Sallad blandad mat,32.3,µg
1367,Sallad m. tonfisk potatis bönor tomat sallad u. dressing,Fibrer,Sallad blandad mat,1.3,g
1367,Sallad m. tonfisk potatis bönor tomat sallad u. dressing,"Fett, totalt",Sallad blandad mat,4.0,g
1367,Sallad m. tonfisk potatis bönor tomat sallad u. dressing,"Järn, Fe",Sallad blandad mat,0.7,mg
1367,Sallad m. tonfisk potatis bönor tomat sallad u. dressing,Energi (kJ),Sallad blandad mat,406.0,kJ
1367,Sallad m. tonfisk potatis bönor tomat sallad u. dressing,Energi (kcal),Sallad blandad mat,97.0,kcal
1367,Sallad m. tonfisk potatis bönor tomat sallad u. dressing,Disackarider,Sallad blandad mat,0.2,g
1367,Sallad m. tonfisk potatis bönor tomat sallad u. dressing,"Kalcium, Ca",Sallad blandad mat,32.0,mg
1367,Sallad m. tonfisk potatis bönor tomat sallad u. dressing,Fettsyra 4:0-10:0,Sallad blandad mat,0.0,g
1367,Sallad m. tonfisk potatis bönor tomat sallad u. dressing,DHA (C22:6),Sallad blandad mat,0.1,g
1367,Sallad m. tonfisk potatis bönor tomat sallad u. dressing,DPA (C22:5),Sallad blandad mat,0.0,g
1367,Sallad m. tonfisk potatis bönor tomat sallad u. dressing,EPA (C20:5),Sallad blandad mat,0.0,g
1367,Sallad m. tonfisk potatis bönor tomat sallad u. dressing,Arakidonsyra C20:4,Sallad blandad mat,0.0,g
1367,Sallad m. tonfisk potatis bönor tomat sallad u. dressing,Arakidinsyra C20:0,Sallad blandad mat,0.0,g
1367,Sallad m. tonfisk potatis bönor tomat sallad u. dressing,Linolensyra C18:3,Sallad blandad mat,0.0,g
1367,Sallad m. tonfisk potatis bönor tomat sallad u. dressing,Linolsyra C18:2,Sallad blandad mat,1.3,g
1367,Sallad m. tonfisk potatis bönor tomat sallad u. dressing,Oljesyra C18:1,Sallad blandad mat,1.2,g
1367,Sallad m. tonfisk potatis bönor tomat sallad u. dressing,Stearinsyra C18:0,Sallad blandad mat,0.2,g
1367,Sallad m. tonfisk potatis bönor tomat sallad u. dressing,Palmitoljesyra C16:1,Sallad blandad mat,0.0,g
1367,Sallad m. tonfisk potatis bönor tomat sallad u. dressing,Palmitinsyra C16:0,Sallad blandad mat,0.4,g
1367,Sallad m. tonfisk potatis bönor tomat sallad u. dressing,Myristinsyra C14:0,Sallad blandad mat,0.0,g
1367,Sallad m. tonfisk potatis bönor tomat sallad u. dressing,Laurinsyra C12:0,Sallad blandad mat,0.0,g
1367,Sallad m. tonfisk potatis bönor tomat sallad u. dressing,Betakaroten/β-Karoten,Sallad blandad mat,107.0,µg
1367,Sallad m. tonfisk potatis bönor tomat sallad u. dressing,Avfall (skal etc.),Sallad blandad mat,2.0,%
1367,Sallad m. tonfisk potatis bönor tomat sallad u. dressing,Aska,Sallad blandad mat,1.3,g
1367,Sallad m. tonfisk potatis bönor tomat sallad u. dressing,Alkohol,Sallad blandad mat,0.0,g
1371,Fisk m. mandel ströbröd frysvara,"Zink, Zn",Fisk o skaldjursprodukter o rätter,0.4,mg
1371,Fisk m. mandel ströbröd frysvara,Vitamin E,Fisk o skaldjursprodukter o rätter,0.3,mg
1371,Fisk m. mandel ströbröd frysvara,Vitamin D,Fisk o skaldjursprodukter o rätter,0.45,µg
1371,Fisk m. mandel ströbröd frysvara,Vitamin C,Fisk o skaldjursprodukter o rätter,0.0,mg
1371,Fisk m. mandel ströbröd frysvara,Vitamin B6,Fisk o skaldjursprodukter o rätter,0.11,mg
1371,Fisk m. mandel ströbröd frysvara,Vitamin B12,Fisk o skaldjursprodukter o rätter,0.8,µg
1371,Fisk m. mandel ströbröd frysvara,Vitamin A,Fisk o skaldjursprodukter o rätter,90.0,RE/µg
1371,Fisk m. mandel ströbröd frysvara,Vatten,Fisk o skaldjursprodukter o rätter,66.4,g
1371,Fisk m. mandel ströbröd frysvara,Tiamin,Fisk o skaldjursprodukter o rätter,0.05,mg
1371,Fisk m. mandel ströbröd frysvara,Tillsatt socker,Fisk o skaldjursprodukter o rätter,0.0,g
1371,Fisk m. mandel ströbröd frysvara,Fritt socker,Fisk o skaldjursprodukter o rätter,0.0,g
1371,Fisk m. mandel ströbröd frysvara,"Selen, Se",Fisk o skaldjursprodukter o rätter,20.0,µg
1371,Fisk m. mandel ströbröd frysvara,Sackaros,Fisk o skaldjursprodukter o rätter,0.0,g
1371,Fisk m. mandel ströbröd frysvara,Riboflavin,Fisk o skaldjursprodukter o rätter,0.03,mg
1371,Fisk m. mandel ströbröd frysvara,Retinol,Fisk o skaldjursprodukter o rätter,90.0,µg
1371,Fisk m. mandel ströbröd frysvara,Protein,Fisk o skaldjursprodukter o rätter,14.0,g
1371,Fisk m. mandel ströbröd frysvara,Summa fleromättade fettsyror,Fisk o skaldjursprodukter o rätter,1.3,g
1371,Fisk m. mandel ströbröd frysvara,"Fosfor, P",Fisk o skaldjursprodukter o rätter,70.0,mg
1371,Fisk m. mandel ströbröd frysvara,Niacinekvivalenter,Fisk o skaldjursprodukter o rätter,4.67,NE/mg
1371,Fisk m. mandel ströbröd frysvara,Niacin,Fisk o skaldjursprodukter o rätter,2.1,mg
1371,Fisk m. mandel ströbröd frysvara,"Salt, NaCl",Fisk o skaldjursprodukter o rätter,1.0,g
1371,Fisk m. mandel ströbröd frysvara,"Natrium, Na",Fisk o skaldjursprodukter o rätter,400.0,mg
1371,Fisk m. mandel ströbröd frysvara,Monosackarider,Fisk o skaldjursprodukter o rätter,0.0,g
1371,Fisk m. mandel ströbröd frysvara,"Sockerarter, totalt",Fisk o skaldjursprodukter o rätter,0.2,g
1371,Fisk m. mandel ströbröd frysvara,Summa enkelomättade fettsyror,Fisk o skaldjursprodukter o rätter,4.0,g
1371,Fisk m. mandel ströbröd frysvara,"Magnesium, Mg",Fisk o skaldjursprodukter o rätter,21.0,mg
1371,Fisk m. mandel ströbröd frysvara,Summa mättade fettsyror,Fisk o skaldjursprodukter o rätter,5.3,g
1371,Fisk m. mandel ströbröd frysvara,"Kolhydrater, tillgängliga",Fisk o skaldjursprodukter o rätter,5.3,g
1371,Fisk m. mandel ströbröd frysvara,Kolesterol,Fisk o skaldjursprodukter o rätter,81.0,mg
1371,Fisk m. mandel ströbröd frysvara,"Kalium, K",Fisk o skaldjursprodukter o rätter,350.0,mg
1371,Fisk m. mandel ströbröd frysvara,"Jod, I",Fisk o skaldjursprodukter o rätter,55.0,µg
1371,Fisk m. mandel ströbröd frysvara,Fullkorn totalt,Fisk o skaldjursprodukter o rätter,0.0,g
1371,Fisk m. mandel ströbröd frysvara,"Folat, totalt",Fisk o skaldjursprodukter o rätter,5.5,µg
1371,Fisk m. mandel ströbröd frysvara,Fibrer,Fisk o skaldjursprodukter o rätter,0.7,g
1371,Fisk m. mandel ströbröd frysvara,"Fett, totalt",Fisk o skaldjursprodukter o rätter,11.0,g
1371,Fisk m. mandel ströbröd frysvara,"Järn, Fe",Fisk o skaldjursprodukter o rätter,0.4,mg
1371,Fisk m. mandel ströbröd frysvara,Energi (kJ),Fisk o skaldjursprodukter o rätter,741.0,kJ
1371,Fisk m. mandel ströbröd frysvara,Energi (kcal),Fisk o skaldjursprodukter o rätter,177.0,kcal
1371,Fisk m. mandel ströbröd frysvara,Disackarider,Fisk o skaldjursprodukter o rätter,0.2,g
1371,Fisk m. mandel ströbröd frysvara,"Kalcium, Ca",Fisk o skaldjursprodukter o rätter,20.0,mg
1371,Fisk m. mandel ströbröd frysvara,Fettsyra 4:0-10:0,Fisk o skaldjursprodukter o rätter,0.5,g
1371,Fisk m. mandel ströbröd frysvara,DHA (C22:6),Fisk o skaldjursprodukter o rätter,0.2,g
1371,Fisk m. mandel ströbröd frysvara,DPA (C22:5),Fisk o skaldjursprodukter o rätter,0.0,g
1371,Fisk m. mandel ströbröd frysvara,EPA (C20:5),Fisk o skaldjursprodukter o rätter,0.1,g
1371,Fisk m. mandel ströbröd frysvara,Arakidonsyra C20:4,Fisk o skaldjursprodukter o rätter,0.0,g
1371,Fisk m. mandel ströbröd frysvara,Arakidinsyra C20:0,Fisk o skaldjursprodukter o rätter,0.1,g
1371,Fisk m. mandel ströbröd frysvara,Linolensyra C18:3,Fisk o skaldjursprodukter o rätter,0.2,g
1371,Fisk m. mandel ströbröd frysvara,Linolsyra C18:2,Fisk o skaldjursprodukter o rätter,0.9,g
1371,Fisk m. mandel ströbröd frysvara,Oljesyra C18:1,Fisk o skaldjursprodukter o rätter,3.6,g
1371,Fisk m. mandel ströbröd frysvara,Stearinsyra C18:0,Fisk o skaldjursprodukter o rätter,1.2,g
1371,Fisk m. mandel ströbröd frysvara,Palmitoljesyra C16:1,Fisk o skaldjursprodukter o rätter,0.2,g
1371,Fisk m. mandel ströbröd frysvara,Palmitinsyra C16:0,Fisk o skaldjursprodukter o rätter,2.4,g
1371,Fisk m. mandel ströbröd frysvara,Myristinsyra C14:0,Fisk o skaldjursprodukter o rätter,0.7,g
1371,Fisk m. mandel ströbröd frysvara,Laurinsyra C12:0,Fisk o skaldjursprodukter o rätter,0.4,g
1371,Fisk m. mandel ströbröd frysvara,Betakaroten/β-Karoten,Fisk o skaldjursprodukter o rätter,0.0,µg
1371,Fisk m. mandel ströbröd frysvara,Avfall (skal etc.),Fisk o skaldjursprodukter o rätter,0.0,%
1371,Fisk m. mandel ströbröd frysvara,Aska,Fisk o skaldjursprodukter o rätter,2.6,g
1371,Fisk m. mandel ströbröd frysvara,Alkohol,Fisk o skaldjursprodukter o rätter,0.0,g
1372,Fiskgratäng m. potatismos dillsås tillagad frysvara,"Zink, Zn",Fisk o skaldjursprodukter o rätter,0.5,mg
1372,Fiskgratäng m. potatismos dillsås tillagad frysvara,Vitamin E,Fisk o skaldjursprodukter o rätter,0.6,mg
1372,Fiskgratäng m. potatismos dillsås tillagad frysvara,Vitamin D,Fisk o skaldjursprodukter o rätter,0.0,µg
1372,Fiskgratäng m. potatismos dillsås tillagad frysvara,Vitamin C,Fisk o skaldjursprodukter o rätter,0.0,mg
1372,Fiskgratäng m. potatismos dillsås tillagad frysvara,Vitamin B6,Fisk o skaldjursprodukter o rätter,0.14,mg
1372,Fiskgratäng m. potatismos dillsås tillagad frysvara,Vitamin B12,Fisk o skaldjursprodukter o rätter,0.86,µg
1372,Fiskgratäng m. potatismos dillsås tillagad frysvara,Vitamin A,Fisk o skaldjursprodukter o rätter,31.4,RE/µg
1372,Fiskgratäng m. potatismos dillsås tillagad frysvara,Vatten,Fisk o skaldjursprodukter o rätter,71.6,g
1372,Fiskgratäng m. potatismos dillsås tillagad frysvara,Tiamin,Fisk o skaldjursprodukter o rätter,0.04,mg
1372,Fiskgratäng m. potatismos dillsås tillagad frysvara,Tillsatt socker,Fisk o skaldjursprodukter o rätter,0.0,g
1372,Fiskgratäng m. potatismos dillsås tillagad frysvara,Fritt socker,Fisk o skaldjursprodukter o rätter,0.0,g
1372,Fiskgratäng m. potatismos dillsås tillagad frysvara,"Selen, Se",Fisk o skaldjursprodukter o rätter,8.6,µg
1372,Fiskgratäng m. potatismos dillsås tillagad frysvara,Sackaros,Fisk o skaldjursprodukter o rätter,0.1,g
1372,Fiskgratäng m. potatismos dillsås tillagad frysvara,Riboflavin,Fisk o skaldjursprodukter o rätter,0.13,mg
1372,Fiskgratäng m. potatismos dillsås tillagad frysvara,Retinol,Fisk o skaldjursprodukter o rätter,28.8,µg
1372,Fiskgratäng m. potatismos dillsås tillagad frysvara,Protein,Fisk o skaldjursprodukter o rätter,7.9,g
1372,Fiskgratäng m. potatismos dillsås tillagad frysvara,Summa fleromättade fettsyror,Fisk o skaldjursprodukter o rätter,0.5,g
1372,Fiskgratäng m. potatismos dillsås tillagad frysvara,"Fosfor, P",Fisk o skaldjursprodukter o rätter,140.0,mg
1372,Fiskgratäng m. potatismos dillsås tillagad frysvara,Niacinekvivalenter,Fisk o skaldjursprodukter o rätter,2.8,NE/mg
1372,Fiskgratäng m. potatismos dillsås tillagad frysvara,Niacin,Fisk o skaldjursprodukter o rätter,1.43,mg
1372,Fiskgratäng m. potatismos dillsås tillagad frysvara,"Salt, NaCl",Fisk o skaldjursprodukter o rätter,0.9,g
1372,Fiskgratäng m. potatismos dillsås tillagad frysvara,"Natrium, Na",Fisk o skaldjursprodukter o rätter,360.0,mg
1372,Fiskgratäng m. potatismos dillsås tillagad frysvara,Monosackarider,Fisk o skaldjursprodukter o rätter,0.1,g
1372,Fiskgratäng m. potatismos dillsås tillagad frysvara,"Sockerarter, totalt",Fisk o skaldjursprodukter o rätter,3.5,g
1372,Fiskgratäng m. potatismos dillsås tillagad frysvara,Summa enkelomättade fettsyror,Fisk o skaldjursprodukter o rätter,1.2,g
1372,Fiskgratäng m. potatismos dillsås tillagad frysvara,"Magnesium, Mg",Fisk o skaldjursprodukter o rätter,28.0,mg
1372,Fiskgratäng m. potatismos dillsås tillagad frysvara,Summa mättade fettsyror,Fisk o skaldjursprodukter o rätter,2.5,g
1372,Fiskgratäng m. potatismos dillsås tillagad frysvara,"Kolhydrater, tillgängliga",Fisk o skaldjursprodukter o rätter,12.6,g
1372,Fiskgratäng m. potatismos dillsås tillagad frysvara,Kolesterol,Fisk o skaldjursprodukter o rätter,28.3,mg
1372,Fiskgratäng m. potatismos dillsås tillagad frysvara,"Kalium, K",Fisk o skaldjursprodukter o rätter,420.0,mg
1372,Fiskgratäng m. potatismos dillsås tillagad frysvara,"Jod, I",Fisk o skaldjursprodukter o rätter,38.0,µg
1372,Fiskgratäng m. potatismos dillsås tillagad frysvara,Fullkorn totalt,Fisk o skaldjursprodukter o rätter,0.0,g
1372,Fiskgratäng m. potatismos dillsås tillagad frysvara,"Folat, totalt",Fisk o skaldjursprodukter o rätter,22.7,µg
1372,Fiskgratäng m. potatismos dillsås tillagad frysvara,Fibrer,Fisk o skaldjursprodukter o rätter,1.3,g
1372,Fiskgratäng m. potatismos dillsås tillagad frysvara,"Fett, totalt",Fisk o skaldjursprodukter o rätter,4.5,g
1372,Fiskgratäng m. potatismos dillsås tillagad frysvara,"Järn, Fe",Fisk o skaldjursprodukter o rätter,0.3,mg
1372,Fiskgratäng m. potatismos dillsås tillagad frysvara,Energi (kJ),Fisk o skaldjursprodukter o rätter,527.0,kJ
1372,Fiskgratäng m. potatismos dillsås tillagad frysvara,Energi (kcal),Fisk o skaldjursprodukter o rätter,126.0,kcal
1372,Fiskgratäng m. potatismos dillsås tillagad frysvara,Disackarider,Fisk o skaldjursprodukter o rätter,3.4,g
1372,Fiskgratäng m. potatismos dillsås tillagad frysvara,"Kalcium, Ca",Fisk o skaldjursprodukter o rätter,88.0,mg
1372,Fiskgratäng m. potatismos dillsås tillagad frysvara,Fettsyra 4:0-10:0,Fisk o skaldjursprodukter o rätter,0.2,g
1372,Fiskgratäng m. potatismos dillsås tillagad frysvara,DHA (C22:6),Fisk o skaldjursprodukter o rätter,0.0,g
1372,Fiskgratäng m. potatismos dillsås tillagad frysvara,DPA (C22:5),Fisk o skaldjursprodukter o rätter,0.0,g
1372,Fiskgratäng m. potatismos dillsås tillagad frysvara,EPA (C20:5),Fisk o skaldjursprodukter o rätter,0.0,g
1372,Fiskgratäng m. potatismos dillsås tillagad frysvara,Arakidonsyra C20:4,Fisk o skaldjursprodukter o rätter,0.0,g
1372,Fiskgratäng m. potatismos dillsås tillagad frysvara,Arakidinsyra C20:0,Fisk o skaldjursprodukter o rätter,0.0,g
1372,Fiskgratäng m. potatismos dillsås tillagad frysvara,Linolensyra C18:3,Fisk o skaldjursprodukter o rätter,0.0,g
1372,Fiskgratäng m. potatismos dillsås tillagad frysvara,Linolsyra C18:2,Fisk o skaldjursprodukter o rätter,0.4,g
1372,Fiskgratäng m. potatismos dillsås tillagad frysvara,Oljesyra C18:1,Fisk o skaldjursprodukter o rätter,1.1,g
1372,Fiskgratäng m. potatismos dillsås tillagad frysvara,Stearinsyra C18:0,Fisk o skaldjursprodukter o rätter,0.4,g
1372,Fiskgratäng m. potatismos dillsås tillagad frysvara,Palmitoljesyra C16:1,Fisk o skaldjursprodukter o rätter,0.1,g
1372,Fiskgratäng m. potatismos dillsås tillagad frysvara,Palmitinsyra C16:0,Fisk o skaldjursprodukter o rätter,1.2,g
1372,Fiskgratäng m. potatismos dillsås tillagad frysvara,Myristinsyra C14:0,Fisk o skaldjursprodukter o rätter,0.4,g
1372,Fiskgratäng m. potatismos dillsås tillagad frysvara,Laurinsyra C12:0,Fisk o skaldjursprodukter o rätter,0.1,g
1372,Fiskgratäng m. potatismos dillsås tillagad frysvara,Betakaroten/β-Karoten,Fisk o skaldjursprodukter o rätter,31.0,µg
1372,Fiskgratäng m. potatismos dillsås tillagad frysvara,Avfall (skal etc.),Fisk o skaldjursprodukter o rätter,0.0,%
1372,Fiskgratäng m. potatismos dillsås tillagad frysvara,Aska,Fisk o skaldjursprodukter o rätter,2.0,g
1372,Fiskgratäng m. potatismos dillsås tillagad frysvara,Alkohol,Fisk o skaldjursprodukter o rätter,0.0,g
1373,Laxpaté,"Zink, Zn",Fisk o skaldjursprodukter o rätter,0.5,mg
1373,Laxpaté,Vitamin E,Fisk o skaldjursprodukter o rätter,1.6,mg
1373,Laxpaté,Vitamin D,Fisk o skaldjursprodukter o rätter,3.8,µg
1373,Laxpaté,Vitamin C,Fisk o skaldjursprodukter o rätter,0.0,mg
1373,Laxpaté,Vitamin B6,Fisk o skaldjursprodukter o rätter,0.16,mg
1373,Laxpaté,Vitamin B12,Fisk o skaldjursprodukter o rätter,1.37,µg
1373,Laxpaté,Vitamin A,Fisk o skaldjursprodukter o rätter,116.8,RE/µg
1373,Laxpaté,Vatten,Fisk o skaldjursprodukter o rätter,64.0,g
1373,Laxpaté,Tiamin,Fisk o skaldjursprodukter o rätter,0.1,mg
1373,Laxpaté,Tillsatt socker,Fisk o skaldjursprodukter o rätter,0.0,g
1373,Laxpaté,Fritt socker,Fisk o skaldjursprodukter o rätter,0.0,g
1373,Laxpaté,"Selen, Se",Fisk o skaldjursprodukter o rätter,18.0,µg
1373,Laxpaté,Sackaros,Fisk o skaldjursprodukter o rätter,0.1,g
1373,Laxpaté,Riboflavin,Fisk o skaldjursprodukter o rätter,0.16,mg
1373,Laxpaté,Retinol,Fisk o skaldjursprodukter o rätter,101.8,µg
1373,Laxpaté,Protein,Fisk o skaldjursprodukter o rätter,13.1,g
1373,Laxpaté,Summa fleromättade fettsyror,Fisk o skaldjursprodukter o rätter,4.6,g
1373,Laxpaté,"Fosfor, P",Fisk o skaldjursprodukter o rätter,141.0,mg
1373,Laxpaté,Niacinekvivalenter,Fisk o skaldjursprodukter o rätter,5.1,NE/mg
1373,Laxpaté,Niacin,Fisk o skaldjursprodukter o rätter,2.71,mg
1373,Laxpaté,"Salt, NaCl",Fisk o skaldjursprodukter o rätter,1.3,g
1373,Laxpaté,"Natrium, Na",Fisk o skaldjursprodukter o rätter,516.0,mg
1373,Laxpaté,Monosackarider,Fisk o skaldjursprodukter o rätter,0.2,g
1373,Laxpaté,"Sockerarter, totalt",Fisk o skaldjursprodukter o rätter,0.8,g
1373,Laxpaté,Summa enkelomättade fettsyror,Fisk o skaldjursprodukter o rätter,5.4,g
1373,Laxpaté,"Magnesium, Mg",Fisk o skaldjursprodukter o rätter,18.0,mg
1373,Laxpaté,Summa mättade fettsyror,Fisk o skaldjursprodukter o rätter,8.2,g
1373,Laxpaté,"Kolhydrater, tillgängliga",Fisk o skaldjursprodukter o rätter,0.9,g
1373,Laxpaté,Kolesterol,Fisk o skaldjursprodukter o rätter,102.0,mg
1373,Laxpaté,"Kalium, K",Fisk o skaldjursprodukter o rätter,284.0,mg
1373,Laxpaté,"Jod, I",Fisk o skaldjursprodukter o rätter,23.7,µg
1373,Laxpaté,Fullkorn totalt,Fisk o skaldjursprodukter o rätter,0.0,g
1373,Laxpaté,"Folat, totalt",Fisk o skaldjursprodukter o rätter,19.9,µg
1373,Laxpaté,Fibrer,Fisk o skaldjursprodukter o rätter,1.8,g
1373,Laxpaté,"Fett, totalt",Fisk o skaldjursprodukter o rätter,18.1,g
1373,Laxpaté,"Järn, Fe",Fisk o skaldjursprodukter o rätter,0.5,mg
1373,Laxpaté,Energi (kJ),Fisk o skaldjursprodukter o rätter,924.0,kJ
1373,Laxpaté,Energi (kcal),Fisk o skaldjursprodukter o rätter,221.0,kcal
1373,Laxpaté,Disackarider,Fisk o skaldjursprodukter o rätter,0.7,g
1373,Laxpaté,"Kalcium, Ca",Fisk o skaldjursprodukter o rätter,34.0,mg
1373,Laxpaté,Fettsyra 4:0-10:0,Fisk o skaldjursprodukter o rätter,1.2,g
1373,Laxpaté,DHA (C22:6),Fisk o skaldjursprodukter o rätter,0.8,g
1373,Laxpaté,DPA (C22:5),Fisk o skaldjursprodukter o rätter,0.6,g
1373,Laxpaté,EPA (C20:5),Fisk o skaldjursprodukter o rätter,0.6,g
1373,Laxpaté,Arakidonsyra C20:4,Fisk o skaldjursprodukter o rätter,0.2,g
1373,Laxpaté,Arakidinsyra C20:0,Fisk o skaldjursprodukter o rätter,0.0,g
1373,Laxpaté,Linolensyra C18:3,Fisk o skaldjursprodukter o rätter,0.2,g
1373,Laxpaté,Linolsyra C18:2,Fisk o skaldjursprodukter o rätter,0.6,g
1373,Laxpaté,Oljesyra C18:1,Fisk o skaldjursprodukter o rätter,3.5,g
1373,Laxpaté,Stearinsyra C18:0,Fisk o skaldjursprodukter o rätter,1.3,g
1373,Laxpaté,Palmitoljesyra C16:1,Fisk o skaldjursprodukter o rätter,0.6,g
1373,Laxpaté,Palmitinsyra C16:0,Fisk o skaldjursprodukter o rätter,3.8,g
1373,Laxpaté,Myristinsyra C14:0,Fisk o skaldjursprodukter o rätter,1.4,g
1373,Laxpaté,Laurinsyra C12:0,Fisk o skaldjursprodukter o rätter,0.3,g
1373,Laxpaté,Betakaroten/β-Karoten,Fisk o skaldjursprodukter o rätter,179.0,µg
1373,Laxpaté,Avfall (skal etc.),Fisk o skaldjursprodukter o rätter,0.0,%
1373,Laxpaté,Aska,Fisk o skaldjursprodukter o rätter,2.1,g
1373,Laxpaté,Alkohol,Fisk o skaldjursprodukter o rätter,0.0,g
1374,Fiskgratäng m. potatismos räksås tillagad frysvara,"Zink, Zn",Fisk o skaldjursprodukter o rätter,0.4,mg
1374,Fiskgratäng m. potatismos räksås tillagad frysvara,Vitamin E,Fisk o skaldjursprodukter o rätter,1.1,mg
1374,Fiskgratäng m. potatismos räksås tillagad frysvara,Vitamin D,Fisk o skaldjursprodukter o rätter,0.0,µg
1374,Fiskgratäng m. potatismos räksås tillagad frysvara,Vitamin C,Fisk o skaldjursprodukter o rätter,0.7,mg
1374,Fiskgratäng m. potatismos räksås tillagad frysvara,Vitamin B6,Fisk o skaldjursprodukter o rätter,0.14,mg
1374,Fiskgratäng m. potatismos räksås tillagad frysvara,Vitamin B12,Fisk o skaldjursprodukter o rätter,0.94,µg
1374,Fiskgratäng m. potatismos räksås tillagad frysvara,Vitamin A,Fisk o skaldjursprodukter o rätter,24.8,RE/µg
1374,Fiskgratäng m. potatismos räksås tillagad frysvara,Vatten,Fisk o skaldjursprodukter o rätter,74.9,g
1374,Fiskgratäng m. potatismos räksås tillagad frysvara,Tiamin,Fisk o skaldjursprodukter o rätter,0.05,mg
1374,Fiskgratäng m. potatismos räksås tillagad frysvara,Tillsatt socker,Fisk o skaldjursprodukter o rätter,0.0,g
1374,Fiskgratäng m. potatismos räksås tillagad frysvara,Fritt socker,Fisk o skaldjursprodukter o rätter,0.0,g
1374,Fiskgratäng m. potatismos räksås tillagad frysvara,"Selen, Se",Fisk o skaldjursprodukter o rätter,9.0,µg
1374,Fiskgratäng m. potatismos räksås tillagad frysvara,Sackaros,Fisk o skaldjursprodukter o rätter,0.1,g
1374,Fiskgratäng m. potatismos räksås tillagad frysvara,Riboflavin,Fisk o skaldjursprodukter o rätter,0.09,mg
1374,Fiskgratäng m. potatismos räksås tillagad frysvara,Retinol,Fisk o skaldjursprodukter o rätter,21.9,µg
1374,Fiskgratäng m. potatismos räksås tillagad frysvara,Protein,Fisk o skaldjursprodukter o rätter,7.6,g
1374,Fiskgratäng m. potatismos räksås tillagad frysvara,Summa fleromättade fettsyror,Fisk o skaldjursprodukter o rätter,0.6,g
1374,Fiskgratäng m. potatismos räksås tillagad frysvara,"Fosfor, P",Fisk o skaldjursprodukter o rätter,120.0,mg
1374,Fiskgratäng m. potatismos räksås tillagad frysvara,Niacinekvivalenter,Fisk o skaldjursprodukter o rätter,2.4,NE/mg
1374,Fiskgratäng m. potatismos räksås tillagad frysvara,Niacin,Fisk o skaldjursprodukter o rätter,1.17,mg
1374,Fiskgratäng m. potatismos räksås tillagad frysvara,"Salt, NaCl",Fisk o skaldjursprodukter o rätter,0.9,g
1374,Fiskgratäng m. potatismos räksås tillagad frysvara,"Natrium, Na",Fisk o skaldjursprodukter o rätter,360.0,mg
1374,Fiskgratäng m. potatismos räksås tillagad frysvara,Monosackarider,Fisk o skaldjursprodukter o rätter,0.1,g
1374,Fiskgratäng m. potatismos räksås tillagad frysvara,"Sockerarter, totalt",Fisk o skaldjursprodukter o rätter,2.2,g
1374,Fiskgratäng m. potatismos räksås tillagad frysvara,Summa enkelomättade fettsyror,Fisk o skaldjursprodukter o rätter,0.8,g
1374,Fiskgratäng m. potatismos räksås tillagad frysvara,"Magnesium, Mg",Fisk o skaldjursprodukter o rätter,27.0,mg
1374,Fiskgratäng m. potatismos räksås tillagad frysvara,Summa mättade fettsyror,Fisk o skaldjursprodukter o rätter,1.4,g
1374,Fiskgratäng m. potatismos räksås tillagad frysvara,"Kolhydrater, tillgängliga",Fisk o skaldjursprodukter o rätter,10.4,g
1374,Fiskgratäng m. potatismos räksås tillagad frysvara,Kolesterol,Fisk o skaldjursprodukter o rätter,33.6,mg
1374,Fiskgratäng m. potatismos räksås tillagad frysvara,"Kalium, K",Fisk o skaldjursprodukter o rätter,370.0,mg
1374,Fiskgratäng m. potatismos räksås tillagad frysvara,"Jod, I",Fisk o skaldjursprodukter o rätter,35.0,µg
1374,Fiskgratäng m. potatismos räksås tillagad frysvara,Fullkorn totalt,Fisk o skaldjursprodukter o rätter,0.0,g
1374,Fiskgratäng m. potatismos räksås tillagad frysvara,"Folat, totalt",Fisk o skaldjursprodukter o rätter,27.2,µg
1374,Fiskgratäng m. potatismos räksås tillagad frysvara,Fibrer,Fisk o skaldjursprodukter o rätter,1.3,g
1374,Fiskgratäng m. potatismos räksås tillagad frysvara,"Fett, totalt",Fisk o skaldjursprodukter o rätter,4.0,g
1374,Fiskgratäng m. potatismos räksås tillagad frysvara,"Järn, Fe",Fisk o skaldjursprodukter o rätter,0.3,mg
1374,Fiskgratäng m. potatismos räksås tillagad frysvara,Energi (kJ),Fisk o skaldjursprodukter o rätter,463.0,kJ
1374,Fiskgratäng m. potatismos räksås tillagad frysvara,Energi (kcal),Fisk o skaldjursprodukter o rätter,111.0,kcal
1374,Fiskgratäng m. potatismos räksås tillagad frysvara,Disackarider,Fisk o skaldjursprodukter o rätter,2.0,g
1374,Fiskgratäng m. potatismos räksås tillagad frysvara,"Kalcium, Ca",Fisk o skaldjursprodukter o rätter,74.0,mg
1374,Fiskgratäng m. potatismos räksås tillagad frysvara,Fettsyra 4:0-10:0,Fisk o skaldjursprodukter o rätter,0.1,g
1374,Fiskgratäng m. potatismos räksås tillagad frysvara,DHA (C22:6),Fisk o skaldjursprodukter o rätter,0.0,g
1374,Fiskgratäng m. potatismos räksås tillagad frysvara,DPA (C22:5),Fisk o skaldjursprodukter o rätter,0.0,g
1374,Fiskgratäng m. potatismos räksås tillagad frysvara,EPA (C20:5),Fisk o skaldjursprodukter o rätter,0.0,g
1374,Fiskgratäng m. potatismos räksås tillagad frysvara,Arakidonsyra C20:4,Fisk o skaldjursprodukter o rätter,0.0,g
1374,Fiskgratäng m. potatismos räksås tillagad frysvara,Arakidinsyra C20:0,Fisk o skaldjursprodukter o rätter,0.0,g
1374,Fiskgratäng m. potatismos räksås tillagad frysvara,Linolensyra C18:3,Fisk o skaldjursprodukter o rätter,0.0,g
1374,Fiskgratäng m. potatismos räksås tillagad frysvara,Linolsyra C18:2,Fisk o skaldjursprodukter o rätter,0.5,g
1374,Fiskgratäng m. potatismos räksås tillagad frysvara,Oljesyra C18:1,Fisk o skaldjursprodukter o rätter,0.7,g
1374,Fiskgratäng m. potatismos räksås tillagad frysvara,Stearinsyra C18:0,Fisk o skaldjursprodukter o rätter,0.2,g
1374,Fiskgratäng m. potatismos räksås tillagad frysvara,Palmitoljesyra C16:1,Fisk o skaldjursprodukter o rätter,0.0,g
1374,Fiskgratäng m. potatismos räksås tillagad frysvara,Palmitinsyra C16:0,Fisk o skaldjursprodukter o rätter,0.7,g
1374,Fiskgratäng m. potatismos räksås tillagad frysvara,Myristinsyra C14:0,Fisk o skaldjursprodukter o rätter,0.2,g
1374,Fiskgratäng m. potatismos räksås tillagad frysvara,Laurinsyra C12:0,Fisk o skaldjursprodukter o rätter,0.1,g
1374,Fiskgratäng m. potatismos räksås tillagad frysvara,Betakaroten/β-Karoten,Fisk o skaldjursprodukter o rätter,34.0,µg
1374,Fiskgratäng m. potatismos räksås tillagad frysvara,Avfall (skal etc.),Fisk o skaldjursprodukter o rätter,0.0,%
1374,Fiskgratäng m. potatismos räksås tillagad frysvara,Aska,Fisk o skaldjursprodukter o rätter,1.8,g
1374,Fiskgratäng m. potatismos räksås tillagad frysvara,Alkohol,Fisk o skaldjursprodukter o rätter,0.0,g
1376,Fiskrom torsk sill rå,"Zink, Zn","Rom, kaviar",2.1,mg
1376,Fiskrom torsk sill rå,Vitamin E,"Rom, kaviar",10.0,mg
1376,Fiskrom torsk sill rå,Vitamin D,"Rom, kaviar",7.0,µg
1376,Fiskrom torsk sill rå,Vitamin C,"Rom, kaviar",14.0,mg
1376,Fiskrom torsk sill rå,Vitamin B6,"Rom, kaviar",0.17,mg
1376,Fiskrom torsk sill rå,Vitamin B12,"Rom, kaviar",18.0,µg
1376,Fiskrom torsk sill rå,Vitamin A,"Rom, kaviar",0.0,RE/µg
1376,Fiskrom torsk sill rå,Vatten,"Rom, kaviar",71.5,g
1376,Fiskrom torsk sill rå,Tiamin,"Rom, kaviar",0.75,mg
1376,Fiskrom torsk sill rå,Tillsatt socker,"Rom, kaviar",0.0,g
1376,Fiskrom torsk sill rå,Fritt socker,"Rom, kaviar",0.0,g
1376,Fiskrom torsk sill rå,"Selen, Se","Rom, kaviar",20.0,µg
1376,Fiskrom torsk sill rå,Sackaros,"Rom, kaviar",0.0,g
1376,Fiskrom torsk sill rå,Riboflavin,"Rom, kaviar",0.76,mg
1376,Fiskrom torsk sill rå,Retinol,"Rom, kaviar",0.0,µg
1376,Fiskrom torsk sill rå,Protein,"Rom, kaviar",24.5,g
1376,Fiskrom torsk sill rå,Summa fleromättade fettsyror,"Rom, kaviar",0.8,g
1376,Fiskrom torsk sill rå,"Fosfor, P","Rom, kaviar",500.0,mg
1376,Fiskrom torsk sill rå,Niacinekvivalenter,"Rom, kaviar",5.89,NE/mg
1376,Fiskrom torsk sill rå,Niacin,"Rom, kaviar",1.4,mg
1376,Fiskrom torsk sill rå,"Salt, NaCl","Rom, kaviar",0.3,g
1376,Fiskrom torsk sill rå,"Natrium, Na","Rom, kaviar",130.0,mg
1376,Fiskrom torsk sill rå,Monosackarider,"Rom, kaviar",0.0,g
1376,Fiskrom torsk sill rå,"Sockerarter, totalt","Rom, kaviar",0.0,g
1376,Fiskrom torsk sill rå,Summa enkelomättade fettsyror,"Rom, kaviar",0.4,g
1376,Fiskrom torsk sill rå,"Magnesium, Mg","Rom, kaviar",25.0,mg
1376,Fiskrom torsk sill rå,Summa mättade fettsyror,"Rom, kaviar",0.4,g
1376,Fiskrom torsk sill rå,"Kolhydrater, tillgängliga","Rom, kaviar",0.0,g
1376,Fiskrom torsk sill rå,Kolesterol,"Rom, kaviar",360.0,mg
1376,Fiskrom torsk sill rå,"Kalium, K","Rom, kaviar",260.0,mg
1376,Fiskrom torsk sill rå,"Jod, I","Rom, kaviar",195.0,µg
1376,Fiskrom torsk sill rå,Fullkorn totalt,"Rom, kaviar",0.0,g
1376,Fiskrom torsk sill rå,"Folat, totalt","Rom, kaviar",12.0,µg
1376,Fiskrom torsk sill rå,Fibrer,"Rom, kaviar",0.0,g
1376,Fiskrom torsk sill rå,"Fett, totalt","Rom, kaviar",2.3,g
1376,Fiskrom torsk sill rå,"Järn, Fe","Rom, kaviar",0.6,mg
1376,Fiskrom torsk sill rå,Energi (kJ),"Rom, kaviar",502.0,kJ
1376,Fiskrom torsk sill rå,Energi (kcal),"Rom, kaviar",120.0,kcal
1376,Fiskrom torsk sill rå,Disackarider,"Rom, kaviar",0.0,g
1376,Fiskrom torsk sill rå,"Kalcium, Ca","Rom, kaviar",17.0,mg
1376,Fiskrom torsk sill rå,Fettsyra 4:0-10:0,"Rom, kaviar",0.0,g
1376,Fiskrom torsk sill rå,DHA (C22:6),"Rom, kaviar",0.5,g
1376,Fiskrom torsk sill rå,DPA (C22:5),"Rom, kaviar",0.0,g
1376,Fiskrom torsk sill rå,EPA (C20:5),"Rom, kaviar",0.3,g
1376,Fiskrom torsk sill rå,Arakidonsyra C20:4,"Rom, kaviar",0.0,g
1376,Fiskrom torsk sill rå,Arakidinsyra C20:0,"Rom, kaviar",0.0,g
1376,Fiskrom torsk sill rå,Linolensyra C18:3,"Rom, kaviar",0.0,g
1376,Fiskrom torsk sill rå,Linolsyra C18:2,"Rom, kaviar",0.0,g
1376,Fiskrom torsk sill rå,Oljesyra C18:1,"Rom, kaviar",0.3,g
1376,Fiskrom torsk sill rå,Stearinsyra C18:0,"Rom, kaviar",0.0,g
1376,Fiskrom torsk sill rå,Palmitoljesyra C16:1,"Rom, kaviar",0.1,g
1376,Fiskrom torsk sill rå,Palmitinsyra C16:0,"Rom, kaviar",0.3,g
1376,Fiskrom torsk sill rå,Myristinsyra C14:0,"Rom, kaviar",0.0,g
1376,Fiskrom torsk sill rå,Laurinsyra C12:0,"Rom, kaviar",0.0,g
1376,Fiskrom torsk sill rå,Betakaroten/β-Karoten,"Rom, kaviar",0.0,µg
1376,Fiskrom torsk sill rå,Avfall (skal etc.),"Rom, kaviar",0.0,%
1376,Fiskrom torsk sill rå,Aska,"Rom, kaviar",1.7,g
1376,Fiskrom torsk sill rå,Alkohol,"Rom, kaviar",0.0,g
1377,Påläggskaviar orökt,"Zink, Zn","Rom, kaviar",2.0,mg
1377,Påläggskaviar orökt,Vitamin E,"Rom, kaviar",7.5,mg
1377,Påläggskaviar orökt,Vitamin D,"Rom, kaviar",2.5,µg
1377,Påläggskaviar orökt,Vitamin C,"Rom, kaviar",0.0,mg
1377,Påläggskaviar orökt,Vitamin B6,"Rom, kaviar",0.13,mg
1377,Påläggskaviar orökt,Vitamin B12,"Rom, kaviar",5.7,µg
1377,Påläggskaviar orökt,Vitamin A,"Rom, kaviar",0.0,RE/µg
1377,Påläggskaviar orökt,Vatten,"Rom, kaviar",48.0,g
1377,Påläggskaviar orökt,Tiamin,"Rom, kaviar",0.33,mg
1377,Påläggskaviar orökt,Tillsatt socker,"Rom, kaviar",10.0,g
1377,Påläggskaviar orökt,Fritt socker,"Rom, kaviar",10.0,g
1377,Påläggskaviar orökt,"Selen, Se","Rom, kaviar",10.0,µg
1377,Påläggskaviar orökt,Sackaros,"Rom, kaviar",10.0,g
1377,Påläggskaviar orökt,Riboflavin,"Rom, kaviar",0.46,mg
1377,Påläggskaviar orökt,Retinol,"Rom, kaviar",0.0,µg
1377,Påläggskaviar orökt,Protein,"Rom, kaviar",15.3,g
1377,Påläggskaviar orökt,Summa fleromättade fettsyror,"Rom, kaviar",1.1,g
1377,Påläggskaviar orökt,"Fosfor, P","Rom, kaviar",255.0,mg
1377,Påläggskaviar orökt,Niacinekvivalenter,"Rom, kaviar",3.31,NE/mg
1377,Påläggskaviar orökt,Niacin,"Rom, kaviar",0.5,mg
1377,Påläggskaviar orökt,"Salt, NaCl","Rom, kaviar",7.9,g
1377,Påläggskaviar orökt,"Natrium, Na","Rom, kaviar",3150.0,mg
1377,Påläggskaviar orökt,Monosackarider,"Rom, kaviar",0.2,g
1377,Påläggskaviar orökt,"Sockerarter, totalt","Rom, kaviar",10.2,g
1377,Påläggskaviar orökt,Summa enkelomättade fettsyror,"Rom, kaviar",0.7,g
1377,Påläggskaviar orökt,"Magnesium, Mg","Rom, kaviar",19.0,mg
1377,Påläggskaviar orökt,Summa mättade fettsyror,"Rom, kaviar",0.6,g
1377,Påläggskaviar orökt,"Kolhydrater, tillgängliga","Rom, kaviar",23.6,g
1377,Påläggskaviar orökt,Kolesterol,"Rom, kaviar",300.0,mg
1377,Påläggskaviar orökt,"Kalium, K","Rom, kaviar",240.0,mg
1377,Påläggskaviar orökt,"Jod, I","Rom, kaviar",54.0,µg
1377,Påläggskaviar orökt,Fullkorn totalt,"Rom, kaviar",0.0,g
1377,Påläggskaviar orökt,"Folat, totalt","Rom, kaviar",6.0,µg
1377,Påläggskaviar orökt,Fibrer,"Rom, kaviar",0.0,g
1377,Påläggskaviar orökt,"Fett, totalt","Rom, kaviar",3.3,g
1377,Påläggskaviar orökt,"Järn, Fe","Rom, kaviar",0.8,mg
1377,Påläggskaviar orökt,Energi (kJ),"Rom, kaviar",783.0,kJ
1377,Påläggskaviar orökt,Energi (kcal),"Rom, kaviar",187.0,kcal
1377,Påläggskaviar orökt,Disackarider,"Rom, kaviar",10.0,g
1377,Påläggskaviar orökt,"Kalcium, Ca","Rom, kaviar",26.0,mg
1377,Påläggskaviar orökt,Fettsyra 4:0-10:0,"Rom, kaviar",0.0,g
1377,Påläggskaviar orökt,DHA (C22:6),"Rom, kaviar",0.6,g
1377,Påläggskaviar orökt,DPA (C22:5),"Rom, kaviar",0.0,g
1377,Påläggskaviar orökt,EPA (C20:5),"Rom, kaviar",0.3,g
1377,Påläggskaviar orökt,Arakidonsyra C20:4,"Rom, kaviar",0.0,g
1377,Påläggskaviar orökt,Arakidinsyra C20:0,"Rom, kaviar",0.0,g
1377,Påläggskaviar orökt,Linolensyra C18:3,"Rom, kaviar",0.0,g
1377,Påläggskaviar orökt,Linolsyra C18:2,"Rom, kaviar",0.3,g
1377,Påläggskaviar orökt,Oljesyra C18:1,"Rom, kaviar",0.6,g
1377,Påläggskaviar orökt,Stearinsyra C18:0,"Rom, kaviar",0.1,g
1377,Påläggskaviar orökt,Palmitoljesyra C16:1,"Rom, kaviar",0.1,g
1377,Påläggskaviar orökt,Palmitinsyra C16:0,"Rom, kaviar",0.5,g
1377,Påläggskaviar orökt,Myristinsyra C14:0,"Rom, kaviar",0.0,g
1377,Påläggskaviar orökt,Laurinsyra C12:0,"Rom, kaviar",0.0,g
1377,Påläggskaviar orökt,Betakaroten/β-Karoten,"Rom, kaviar",0.0,µg
1377,Påläggskaviar orökt,Avfall (skal etc.),"Rom, kaviar",0.0,%
1377,Påläggskaviar orökt,Aska,"Rom, kaviar",9.8,g
1377,Påläggskaviar orökt,Alkohol,"Rom, kaviar",0.0,g
1378,Påläggskaviar original,"Zink, Zn","Rom, kaviar",1.7,mg
1378,Påläggskaviar original,Vitamin E,"Rom, kaviar",11.6,mg
1378,Påläggskaviar original,Vitamin D,"Rom, kaviar",1.43,µg
1378,Påläggskaviar original,Vitamin C,"Rom, kaviar",32.6,mg
1378,Påläggskaviar original,Vitamin B6,"Rom, kaviar",0.04,mg
1378,Påläggskaviar original,Vitamin B12,"Rom, kaviar",5.33,µg
1378,Påläggskaviar original,Vitamin A,"Rom, kaviar",4.3,RE/µg
1378,Påläggskaviar original,Vatten,"Rom, kaviar",33.6,g
1378,Påläggskaviar original,Tiamin,"Rom, kaviar",0.27,mg
1378,Påläggskaviar original,Tillsatt socker,"Rom, kaviar",12.0,g
1378,Påläggskaviar original,Fritt socker,"Rom, kaviar",12.0,g
1378,Påläggskaviar original,"Selen, Se","Rom, kaviar",27.0,µg
1378,Påläggskaviar original,Sackaros,"Rom, kaviar",11.8,g
1378,Påläggskaviar original,Riboflavin,"Rom, kaviar",0.21,mg
1378,Påläggskaviar original,Retinol,"Rom, kaviar",3.7,µg
1378,Påläggskaviar original,Protein,"Rom, kaviar",8.8,g
1378,Påläggskaviar original,Summa fleromättade fettsyror,"Rom, kaviar",9.2,g
1378,Påläggskaviar original,"Fosfor, P","Rom, kaviar",120.0,mg
1378,Påläggskaviar original,Niacinekvivalenter,"Rom, kaviar",2.1,NE/mg
1378,Påläggskaviar original,Niacin,"Rom, kaviar",0.64,mg
1378,Påläggskaviar original,"Salt, NaCl","Rom, kaviar",4.9,g
1378,Påläggskaviar original,"Natrium, Na","Rom, kaviar",1960.0,mg
1378,Påläggskaviar original,Monosackarider,"Rom, kaviar",0.2,g
1378,Påläggskaviar original,"Sockerarter, totalt","Rom, kaviar",12.0,g
1378,Påläggskaviar original,Summa enkelomättade fettsyror,"Rom, kaviar",20.6,g
1378,Påläggskaviar original,"Magnesium, Mg","Rom, kaviar",6.0,mg
1378,Påläggskaviar original,Summa mättade fettsyror,"Rom, kaviar",2.2,g
1378,Påläggskaviar original,"Kolhydrater, tillgängliga","Rom, kaviar",15.2,g
1378,Påläggskaviar original,Kolesterol,"Rom, kaviar",72.1,mg
1378,Påläggskaviar original,"Kalium, K","Rom, kaviar",133.0,mg
1378,Påläggskaviar original,"Jod, I","Rom, kaviar",54.0,µg
1378,Påläggskaviar original,Fullkorn totalt,"Rom, kaviar",0.0,g
1378,Påläggskaviar original,"Folat, totalt","Rom, kaviar",23.5,µg
1378,Påläggskaviar original,Fibrer,"Rom, kaviar",0.0,g
1378,Påläggskaviar original,"Fett, totalt","Rom, kaviar",35.8,g
1378,Påläggskaviar original,"Järn, Fe","Rom, kaviar",0.3,mg
1378,Påläggskaviar original,Energi (kJ),"Rom, kaviar",1732.0,kJ
1378,Påläggskaviar original,Energi (kcal),"Rom, kaviar",414.0,kcal
1378,Påläggskaviar original,Disackarider,"Rom, kaviar",11.8,g
1378,Påläggskaviar original,"Kalcium, Ca","Rom, kaviar",3.0,mg
1378,Påläggskaviar original,Fettsyra 4:0-10:0,"Rom, kaviar",0.0,g
1378,Påläggskaviar original,DHA (C22:6),"Rom, kaviar",0.2,g
1378,Påläggskaviar original,DPA (C22:5),"Rom, kaviar",0.0,g
1378,Påläggskaviar original,EPA (C20:5),"Rom, kaviar",0.1,g
1378,Påläggskaviar original,Arakidonsyra C20:4,"Rom, kaviar",0.0,g
1378,Påläggskaviar original,Arakidinsyra C20:0,"Rom, kaviar",0.2,g
1378,Påläggskaviar original,Linolensyra C18:3,"Rom, kaviar",3.0,g
1378,Påläggskaviar original,Linolsyra C18:2,"Rom, kaviar",6.0,g
1378,Påläggskaviar original,Oljesyra C18:1,"Rom, kaviar",20.1,g
1378,Påläggskaviar original,Stearinsyra C18:0,"Rom, kaviar",0.5,g
1378,Påläggskaviar original,Palmitoljesyra C16:1,"Rom, kaviar",0.1,g
1378,Påläggskaviar original,Palmitinsyra C16:0,"Rom, kaviar",1.5,g
1378,Påläggskaviar original,Myristinsyra C14:0,"Rom, kaviar",0.0,g
1378,Påläggskaviar original,Laurinsyra C12:0,"Rom, kaviar",0.0,g
1378,Påläggskaviar original,Betakaroten/β-Karoten,"Rom, kaviar",8.0,µg
1378,Påläggskaviar original,Avfall (skal etc.),"Rom, kaviar",0.0,%
1378,Påläggskaviar original,Aska,"Rom, kaviar",6.6,g
1378,Påläggskaviar original,Alkohol,"Rom, kaviar",0.0,g
1379,Påläggskaviar lätt,"Zink, Zn","Rom, kaviar",2.0,mg
1379,Påläggskaviar lätt,Vitamin E,"Rom, kaviar",6.6,mg
1379,Påläggskaviar lätt,Vitamin D,"Rom, kaviar",1.38,µg
1379,Påläggskaviar lätt,Vitamin C,"Rom, kaviar",32.6,mg
1379,Påläggskaviar lätt,Vitamin B6,"Rom, kaviar",0.08,mg
1379,Påläggskaviar lätt,Vitamin B12,"Rom, kaviar",8.0,µg
1379,Påläggskaviar lätt,Vitamin A,"Rom, kaviar",18.6,RE/µg
1379,Påläggskaviar lätt,Vatten,"Rom, kaviar",44.5,g
1379,Påläggskaviar lätt,Tiamin,"Rom, kaviar",0.16,mg
1379,Påläggskaviar lätt,Tillsatt socker,"Rom, kaviar",13.0,g
1379,Påläggskaviar lätt,Fritt socker,"Rom, kaviar",13.0,g
1379,Påläggskaviar lätt,"Selen, Se","Rom, kaviar",38.4,µg
1379,Påläggskaviar lätt,Sackaros,"Rom, kaviar",12.6,g
1379,Påläggskaviar lätt,Riboflavin,"Rom, kaviar",0.28,mg
1379,Påläggskaviar lätt,Retinol,"Rom, kaviar",17.0,µg
1379,Påläggskaviar lätt,Protein,"Rom, kaviar",9.0,g
1379,Påläggskaviar lätt,Summa fleromättade fettsyror,"Rom, kaviar",4.3,g
1379,Påläggskaviar lätt,"Fosfor, P","Rom, kaviar",227.0,mg
1379,Påläggskaviar lätt,Niacinekvivalenter,"Rom, kaviar",2.3,NE/mg
1379,Påläggskaviar lätt,Niacin,"Rom, kaviar",0.6,mg
1379,Påläggskaviar lätt,"Salt, NaCl","Rom, kaviar",10.5,g
1379,Påläggskaviar lätt,"Natrium, Na","Rom, kaviar",4210.0,mg
1379,Påläggskaviar lätt,Monosackarider,"Rom, kaviar",0.1,g
1379,Påläggskaviar lätt,"Sockerarter, totalt","Rom, kaviar",12.8,g
1379,Påläggskaviar lätt,Summa enkelomättade fettsyror,"Rom, kaviar",8.6,g
1379,Påläggskaviar lätt,"Magnesium, Mg","Rom, kaviar",8.0,mg
1379,Påläggskaviar lätt,Summa mättade fettsyror,"Rom, kaviar",1.2,g
1379,Påläggskaviar lätt,"Kolhydrater, tillgängliga","Rom, kaviar",23.0,g
1379,Påläggskaviar lätt,Kolesterol,"Rom, kaviar",115.6,mg
1379,Påläggskaviar lätt,"Kalium, K","Rom, kaviar",252.0,mg
1379,Påläggskaviar lätt,"Jod, I","Rom, kaviar",44.0,µg
1379,Påläggskaviar lätt,Fullkorn totalt,"Rom, kaviar",0.0,g
1379,Påläggskaviar lätt,"Folat, totalt","Rom, kaviar",31.8,µg
1379,Påläggskaviar lätt,Fibrer,"Rom, kaviar",0.0,g
1379,Påläggskaviar lätt,"Fett, totalt","Rom, kaviar",15.8,g
1379,Påläggskaviar lätt,"Järn, Fe","Rom, kaviar",0.5,mg
1379,Påläggskaviar lätt,Energi (kJ),"Rom, kaviar",1128.0,kJ
1379,Påläggskaviar lätt,Energi (kcal),"Rom, kaviar",270.0,kcal
1379,Påläggskaviar lätt,Disackarider,"Rom, kaviar",12.7,g
1379,Påläggskaviar lätt,"Kalcium, Ca","Rom, kaviar",11.0,mg
1379,Påläggskaviar lätt,Fettsyra 4:0-10:0,"Rom, kaviar",0.0,g
1379,Påläggskaviar lätt,DHA (C22:6),"Rom, kaviar",0.3,g
1379,Påläggskaviar lätt,DPA (C22:5),"Rom, kaviar",0.0,g
1379,Påläggskaviar lätt,EPA (C20:5),"Rom, kaviar",0.0,g
1379,Påläggskaviar lätt,Arakidonsyra C20:4,"Rom, kaviar",0.0,g
1379,Påläggskaviar lätt,Arakidinsyra C20:0,"Rom, kaviar",0.1,g
1379,Påläggskaviar lätt,Linolensyra C18:3,"Rom, kaviar",1.3,g
1379,Påläggskaviar lätt,Linolsyra C18:2,"Rom, kaviar",2.6,g
1379,Påläggskaviar lätt,Oljesyra C18:1,"Rom, kaviar",8.3,g
1379,Påläggskaviar lätt,Stearinsyra C18:0,"Rom, kaviar",0.2,g
1379,Påläggskaviar lätt,Palmitoljesyra C16:1,"Rom, kaviar",0.1,g
1379,Påläggskaviar lätt,Palmitinsyra C16:0,"Rom, kaviar",0.7,g
1379,Påläggskaviar lätt,Myristinsyra C14:0,"Rom, kaviar",0.0,g
1379,Påläggskaviar lätt,Laurinsyra C12:0,"Rom, kaviar",0.0,g
1379,Påläggskaviar lätt,Betakaroten/β-Karoten,"Rom, kaviar",16.0,µg
1379,Påläggskaviar lätt,Avfall (skal etc.),"Rom, kaviar",0.0,%
1379,Påläggskaviar lätt,Aska,"Rom, kaviar",7.7,g
1379,Påläggskaviar lätt,Alkohol,"Rom, kaviar",0.0,g
1381,Stenbitsrom,"Zink, Zn","Rom, kaviar",1.0,mg
1381,Stenbitsrom,Vitamin E,"Rom, kaviar",1.2,mg
1381,Stenbitsrom,Vitamin D,"Rom, kaviar",2.93,µg
1381,Stenbitsrom,Vitamin C,"Rom, kaviar",0.0,mg
1381,Stenbitsrom,Vitamin B6,"Rom, kaviar",0.0,mg
1381,Stenbitsrom,Vitamin B12,"Rom, kaviar",4.01,µg
1381,Stenbitsrom,Vitamin A,"Rom, kaviar",19.5,RE/µg
1381,Stenbitsrom,Vatten,"Rom, kaviar",78.0,g
1381,Stenbitsrom,Tiamin,"Rom, kaviar",0.01,mg
1381,Stenbitsrom,Tillsatt socker,"Rom, kaviar",0.0,g
1381,Stenbitsrom,Fritt socker,"Rom, kaviar",0.0,g
1381,Stenbitsrom,"Selen, Se","Rom, kaviar",29.5,µg
1381,Stenbitsrom,Sackaros,"Rom, kaviar",0.0,g
1381,Stenbitsrom,Riboflavin,"Rom, kaviar",4.23,mg
1381,Stenbitsrom,Retinol,"Rom, kaviar",6.5,µg
1381,Stenbitsrom,Protein,"Rom, kaviar",10.6,g
1381,Stenbitsrom,Summa fleromättade fettsyror,"Rom, kaviar",1.0,g
1381,Stenbitsrom,"Fosfor, P","Rom, kaviar",115.0,mg
1381,Stenbitsrom,Niacinekvivalenter,"Rom, kaviar",1.9,NE/mg
1381,Stenbitsrom,Niacin,"Rom, kaviar",0.1,mg
1381,Stenbitsrom,"Salt, NaCl","Rom, kaviar",4.4,g
1381,Stenbitsrom,"Natrium, Na","Rom, kaviar",1780.0,mg
1381,Stenbitsrom,Monosackarider,"Rom, kaviar",0.0,g
1381,Stenbitsrom,"Sockerarter, totalt","Rom, kaviar",0.0,g
1381,Stenbitsrom,Summa enkelomättade fettsyror,"Rom, kaviar",0.8,g
1381,Stenbitsrom,"Magnesium, Mg","Rom, kaviar",4.0,mg
1381,Stenbitsrom,Summa mättade fettsyror,"Rom, kaviar",0.6,g
1381,Stenbitsrom,"Kolhydrater, tillgängliga","Rom, kaviar",2.5,g
1381,Stenbitsrom,Kolesterol,"Rom, kaviar",296.0,mg
1381,Stenbitsrom,"Kalium, K","Rom, kaviar",95.0,mg
1381,Stenbitsrom,"Jod, I","Rom, kaviar",36.2,µg
1381,Stenbitsrom,Fullkorn totalt,"Rom, kaviar",0.0,g
1381,Stenbitsrom,"Folat, totalt","Rom, kaviar",12.6,µg
1381,Stenbitsrom,Fibrer,"Rom, kaviar",0.0,g
1381,Stenbitsrom,"Fett, totalt","Rom, kaviar",3.4,g
1381,Stenbitsrom,"Järn, Fe","Rom, kaviar",0.3,mg
1381,Stenbitsrom,Energi (kJ),"Rom, kaviar",350.0,kJ
1381,Stenbitsrom,Energi (kcal),"Rom, kaviar",84.0,kcal
1381,Stenbitsrom,Disackarider,"Rom, kaviar",0.0,g
1381,Stenbitsrom,"Kalcium, Ca","Rom, kaviar",8.0,mg
1381,Stenbitsrom,Fettsyra 4:0-10:0,"Rom, kaviar",0.0,g
1381,Stenbitsrom,DHA (C22:6),"Rom, kaviar",0.5,g
1381,Stenbitsrom,DPA (C22:5),"Rom, kaviar",0.0,g
1381,Stenbitsrom,EPA (C20:5),"Rom, kaviar",0.4,g
1381,Stenbitsrom,Arakidonsyra C20:4,"Rom, kaviar",0.0,g
1381,Stenbitsrom,Arakidinsyra C20:0,"Rom, kaviar",0.0,g
1381,Stenbitsrom,Linolensyra C18:3,"Rom, kaviar",0.0,g
1381,Stenbitsrom,Linolsyra C18:2,"Rom, kaviar",0.0,g
1381,Stenbitsrom,Oljesyra C18:1,"Rom, kaviar",0.7,g
1381,Stenbitsrom,Stearinsyra C18:0,"Rom, kaviar",0.1,g
1381,Stenbitsrom,Palmitoljesyra C16:1,"Rom, kaviar",0.1,g
1381,Stenbitsrom,Palmitinsyra C16:0,"Rom, kaviar",0.4,g
1381,Stenbitsrom,Myristinsyra C14:0,"Rom, kaviar",0.0,g
1381,Stenbitsrom,Laurinsyra C12:0,"Rom, kaviar",0.0,g
1381,Stenbitsrom,Betakaroten/β-Karoten,"Rom, kaviar",156.0,µg
1381,Stenbitsrom,Avfall (skal etc.),"Rom, kaviar",0.0,%
1381,Stenbitsrom,Aska,"Rom, kaviar",5.4,g
1381,Stenbitsrom,Alkohol,"Rom, kaviar",0.0,g
1382,Löjrom saltad,"Zink, Zn","Rom, kaviar",2.5,mg
1382,Löjrom saltad,Vitamin E,"Rom, kaviar",10.0,mg
1382,Löjrom saltad,Vitamin D,"Rom, kaviar",7.0,µg
1382,Löjrom saltad,Vitamin C,"Rom, kaviar",14.0,mg
1382,Löjrom saltad,Vitamin B6,"Rom, kaviar",0.17,mg
1382,Löjrom saltad,Vitamin B12,"Rom, kaviar",18.0,µg
1382,Löjrom saltad,Vitamin A,"Rom, kaviar",0.0,RE/µg
1382,Löjrom saltad,Vatten,"Rom, kaviar",67.0,g
1382,Löjrom saltad,Tiamin,"Rom, kaviar",0.75,mg
1382,Löjrom saltad,Tillsatt socker,"Rom, kaviar",0.0,g
1382,Löjrom saltad,Fritt socker,"Rom, kaviar",0.0,g
1382,Löjrom saltad,"Selen, Se","Rom, kaviar",90.0,µg
1382,Löjrom saltad,Sackaros,"Rom, kaviar",0.0,g
1382,Löjrom saltad,Riboflavin,"Rom, kaviar",0.76,mg
1382,Löjrom saltad,Retinol,"Rom, kaviar",0.0,µg
1382,Löjrom saltad,Protein,"Rom, kaviar",24.5,g
1382,Löjrom saltad,Summa fleromättade fettsyror,"Rom, kaviar",0.8,g
1382,Löjrom saltad,"Fosfor, P","Rom, kaviar",320.0,mg
1382,Löjrom saltad,Niacinekvivalenter,"Rom, kaviar",5.89,NE/mg
1382,Löjrom saltad,Niacin,"Rom, kaviar",1.4,mg
1382,Löjrom saltad,"Salt, NaCl","Rom, kaviar",4.2,g
1382,Löjrom saltad,"Natrium, Na","Rom, kaviar",1700.0,mg
1382,Löjrom saltad,Monosackarider,"Rom, kaviar",0.0,g
1382,Löjrom saltad,"Sockerarter, totalt","Rom, kaviar",0.0,g
1382,Löjrom saltad,Summa enkelomättade fettsyror,"Rom, kaviar",0.4,g
1382,Löjrom saltad,"Magnesium, Mg","Rom, kaviar",41.0,mg
1382,Löjrom saltad,Summa mättade fettsyror,"Rom, kaviar",0.4,g
1382,Löjrom saltad,"Kolhydrater, tillgängliga","Rom, kaviar",1.5,g
1382,Löjrom saltad,Kolesterol,"Rom, kaviar",360.0,mg
1382,Löjrom saltad,"Kalium, K","Rom, kaviar",160.0,mg
1382,Löjrom saltad,"Jod, I","Rom, kaviar",140.0,µg
1382,Löjrom saltad,Fullkorn totalt,"Rom, kaviar",0.0,g
1382,Löjrom saltad,"Folat, totalt","Rom, kaviar",12.0,µg
1382,Löjrom saltad,Fibrer,"Rom, kaviar",0.0,g
1382,Löjrom saltad,"Fett, totalt","Rom, kaviar",2.3,g
1382,Löjrom saltad,"Järn, Fe","Rom, kaviar",0.8,mg
1382,Löjrom saltad,Energi (kJ),"Rom, kaviar",527.0,kJ
1382,Löjrom saltad,Energi (kcal),"Rom, kaviar",126.0,kcal
1382,Löjrom saltad,Disackarider,"Rom, kaviar",0.0,g
1382,Löjrom saltad,"Kalcium, Ca","Rom, kaviar",28.0,mg
1382,Löjrom saltad,Fettsyra 4:0-10:0,"Rom, kaviar",0.0,g
1382,Löjrom saltad,DHA (C22:6),"Rom, kaviar",0.5,g
1382,Löjrom saltad,DPA (C22:5),"Rom, kaviar",0.0,g
1382,Löjrom saltad,EPA (C20:5),"Rom, kaviar",0.3,g
1382,Löjrom saltad,Arakidonsyra C20:4,"Rom, kaviar",0.0,g
1382,Löjrom saltad,Arakidinsyra C20:0,"Rom, kaviar",0.0,g
1382,Löjrom saltad,Linolensyra C18:3,"Rom, kaviar",0.0,g
1382,Löjrom saltad,Linolsyra C18:2,"Rom, kaviar",0.0,g
1382,Löjrom saltad,Oljesyra C18:1,"Rom, kaviar",0.3,g
1382,Löjrom saltad,Stearinsyra C18:0,"Rom, kaviar",0.0,g
1382,Löjrom saltad,Palmitoljesyra C16:1,"Rom, kaviar",0.1,g
1382,Löjrom saltad,Palmitinsyra C16:0,"Rom, kaviar",0.3,g
1382,Löjrom saltad,Myristinsyra C14:0,"Rom, kaviar",0.0,g
1382,Löjrom saltad,Laurinsyra C12:0,"Rom, kaviar",0.0,g
1382,Löjrom saltad,Betakaroten/β-Karoten,"Rom, kaviar",0.0,µg
1382,Löjrom saltad,Avfall (skal etc.),"Rom, kaviar",0.0,%
1382,Löjrom saltad,Aska,"Rom, kaviar",4.7,g
1382,Löjrom saltad,Alkohol,"Rom, kaviar",0.0,g
1384,Bläckfisk rå,"Zink, Zn",Skaldjur bläckfisk färsk fryst kokt,1.1,mg
1384,Bläckfisk rå,Vitamin E,Skaldjur bläckfisk färsk fryst kokt,1.2,mg
1384,Bläckfisk rå,Vitamin D,Skaldjur bläckfisk färsk fryst kokt,0.0,µg
1384,Bläckfisk rå,Vitamin C,Skaldjur bläckfisk färsk fryst kokt,0.0,mg
1384,Bläckfisk rå,Vitamin B6,Skaldjur bläckfisk färsk fryst kokt,0.69,mg
1384,Bläckfisk rå,Vitamin B12,Skaldjur bläckfisk färsk fryst kokt,3.0,µg
1384,Bläckfisk rå,Vitamin A,Skaldjur bläckfisk färsk fryst kokt,50.0,RE/µg
1384,Bläckfisk rå,Vatten,Skaldjur bläckfisk färsk fryst kokt,80.5,g
1384,Bläckfisk rå,Tiamin,Skaldjur bläckfisk färsk fryst kokt,0.1,mg
1384,Bläckfisk rå,Tillsatt socker,Skaldjur bläckfisk färsk fryst kokt,0.0,g
1384,Bläckfisk rå,Fritt socker,Skaldjur bläckfisk färsk fryst kokt,0.0,g
1384,Bläckfisk rå,"Selen, Se",Skaldjur bläckfisk färsk fryst kokt,66.0,µg
1384,Bläckfisk rå,Sackaros,Skaldjur bläckfisk färsk fryst kokt,0.0,g
1384,Bläckfisk rå,Riboflavin,Skaldjur bläckfisk färsk fryst kokt,0.12,mg
1384,Bläckfisk rå,Retinol,Skaldjur bläckfisk färsk fryst kokt,50.0,µg
1384,Bläckfisk rå,Protein,Skaldjur bläckfisk färsk fryst kokt,15.4,g
1384,Bläckfisk rå,Summa fleromättade fettsyror,Skaldjur bläckfisk färsk fryst kokt,0.4,g
1384,Bläckfisk rå,"Fosfor, P",Skaldjur bläckfisk färsk fryst kokt,190.0,mg
1384,Bläckfisk rå,Niacinekvivalenter,Skaldjur bläckfisk färsk fryst kokt,6.0,NE/mg
1384,Bläckfisk rå,Niacin,Skaldjur bläckfisk färsk fryst kokt,3.4,mg
1384,Bläckfisk rå,"Salt, NaCl",Skaldjur bläckfisk färsk fryst kokt,0.3,g
1384,Bläckfisk rå,"Natrium, Na",Skaldjur bläckfisk färsk fryst kokt,110.0,mg
1384,Bläckfisk rå,Monosackarider,Skaldjur bläckfisk färsk fryst kokt,0.0,g
1384,Bläckfisk rå,"Sockerarter, totalt",Skaldjur bläckfisk färsk fryst kokt,0.0,g
1384,Bläckfisk rå,Summa enkelomättade fettsyror,Skaldjur bläckfisk färsk fryst kokt,0.5,g
1384,Bläckfisk rå,"Magnesium, Mg",Skaldjur bläckfisk färsk fryst kokt,28.0,mg
1384,Bläckfisk rå,Summa mättade fettsyror,Skaldjur bläckfisk färsk fryst kokt,0.8,g
1384,Bläckfisk rå,"Kolhydrater, tillgängliga",Skaldjur bläckfisk färsk fryst kokt,1.4,g
1384,Bläckfisk rå,Kolesterol,Skaldjur bläckfisk färsk fryst kokt,225.0,mg
1384,Bläckfisk rå,"Kalium, K",Skaldjur bläckfisk färsk fryst kokt,280.0,mg
1384,Bläckfisk rå,"Jod, I",Skaldjur bläckfisk färsk fryst kokt,20.0,µg
1384,Bläckfisk rå,Fullkorn totalt,Skaldjur bläckfisk färsk fryst kokt,0.0,g
1384,Bläckfisk rå,"Folat, totalt",Skaldjur bläckfisk färsk fryst kokt,13.0,µg
1384,Bläckfisk rå,Fibrer,Skaldjur bläckfisk färsk fryst kokt,0.0,g
1384,Bläckfisk rå,"Fett, totalt",Skaldjur bläckfisk färsk fryst kokt,1.7,g
1384,Bläckfisk rå,"Järn, Fe",Skaldjur bläckfisk färsk fryst kokt,0.5,mg
1384,Bläckfisk rå,Energi (kJ),Skaldjur bläckfisk färsk fryst kokt,348.0,kJ
1384,Bläckfisk rå,Energi (kcal),Skaldjur bläckfisk färsk fryst kokt,83.0,kcal
1384,Bläckfisk rå,Disackarider,Skaldjur bläckfisk färsk fryst kokt,0.0,g
1384,Bläckfisk rå,"Kalcium, Ca",Skaldjur bläckfisk färsk fryst kokt,13.0,mg
1384,Bläckfisk rå,Fettsyra 4:0-10:0,Skaldjur bläckfisk färsk fryst kokt,0.0,g
1384,Bläckfisk rå,DHA (C22:6),Skaldjur bläckfisk färsk fryst kokt,0.1,g
1384,Bläckfisk rå,DPA (C22:5),Skaldjur bläckfisk färsk fryst kokt,0.0,g
1384,Bläckfisk rå,EPA (C20:5),Skaldjur bläckfisk färsk fryst kokt,0.3,g
1384,Bläckfisk rå,Arakidonsyra C20:4,Skaldjur bläckfisk färsk fryst kokt,0.0,g
1384,Bläckfisk rå,Arakidinsyra C20:0,Skaldjur bläckfisk färsk fryst kokt,0.0,g
1384,Bläckfisk rå,Linolensyra C18:3,Skaldjur bläckfisk färsk fryst kokt,0.0,g
1384,Bläckfisk rå,Linolsyra C18:2,Skaldjur bläckfisk färsk fryst kokt,0.0,g
1384,Bläckfisk rå,Oljesyra C18:1,Skaldjur bläckfisk färsk fryst kokt,0.1,g
1384,Bläckfisk rå,Stearinsyra C18:0,Skaldjur bläckfisk färsk fryst kokt,0.1,g
1384,Bläckfisk rå,Palmitoljesyra C16:1,Skaldjur bläckfisk färsk fryst kokt,0.0,g
1384,Bläckfisk rå,Palmitinsyra C16:0,Skaldjur bläckfisk färsk fryst kokt,0.7,g
1384,Bläckfisk rå,Myristinsyra C14:0,Skaldjur bläckfisk färsk fryst kokt,0.1,g
1384,Bläckfisk rå,Laurinsyra C12:0,Skaldjur bläckfisk färsk fryst kokt,0.0,g
1384,Bläckfisk rå,Betakaroten/β-Karoten,Skaldjur bläckfisk färsk fryst kokt,0.0,µg
1384,Bläckfisk rå,Avfall (skal etc.),Skaldjur bläckfisk färsk fryst kokt,35.0,%
1384,Bläckfisk rå,Aska,Skaldjur bläckfisk färsk fryst kokt,1.0,g
1384,Bläckfisk rå,Alkohol,Skaldjur bläckfisk färsk fryst kokt,0.0,g
1385,Blåmussla kokt m. vin avrunnen,"Zink, Zn",Fisk o skaldjursprodukter o rätter,2.9,mg
1385,Blåmussla kokt m. vin avrunnen,Vitamin E,Fisk o skaldjursprodukter o rätter,3.1,mg
1385,Blåmussla kokt m. vin avrunnen,Vitamin D inkl 25-OH-D3,Fisk o skaldjursprodukter o rätter,0.0,µg
1385,Blåmussla kokt m. vin avrunnen,Vitamin D,Fisk o skaldjursprodukter o rätter,0.0,µg
1385,Blåmussla kokt m. vin avrunnen,Vitamin C,Fisk o skaldjursprodukter o rätter,0.0,mg
1385,Blåmussla kokt m. vin avrunnen,Vitamin B6,Fisk o skaldjursprodukter o rätter,0.09,mg
1385,Blåmussla kokt m. vin avrunnen,Vitamin B12,Fisk o skaldjursprodukter o rätter,7.87,µg
1385,Blåmussla kokt m. vin avrunnen,Vitamin A,Fisk o skaldjursprodukter o rätter,66.5,RE/µg
1385,Blåmussla kokt m. vin avrunnen,Vatten,Fisk o skaldjursprodukter o rätter,73.5,g
1385,Blåmussla kokt m. vin avrunnen,Tiamin,Fisk o skaldjursprodukter o rätter,0.04,mg
1385,Blåmussla kokt m. vin avrunnen,Tillsatt socker,Fisk o skaldjursprodukter o rätter,0.0,g
1385,Blåmussla kokt m. vin avrunnen,Fritt socker,Fisk o skaldjursprodukter o rätter,0.0,g
1385,Blåmussla kokt m. vin avrunnen,"Selen, Se",Fisk o skaldjursprodukter o rätter,68.1,µg
1385,Blåmussla kokt m. vin avrunnen,Sackaros,Fisk o skaldjursprodukter o rätter,0.0,g
1385,Blåmussla kokt m. vin avrunnen,Riboflavin,Fisk o skaldjursprodukter o rätter,0.42,mg
1385,Blåmussla kokt m. vin avrunnen,Retinol,Fisk o skaldjursprodukter o rätter,61.4,µg
1385,Blåmussla kokt m. vin avrunnen,Protein,Fisk o skaldjursprodukter o rätter,18.5,g
1385,Blåmussla kokt m. vin avrunnen,Summa fleromättade fettsyror,Fisk o skaldjursprodukter o rätter,1.1,g
1385,Blåmussla kokt m. vin avrunnen,"Fosfor, P",Fisk o skaldjursprodukter o rätter,393.0,mg
1385,Blåmussla kokt m. vin avrunnen,Niacinekvivalenter,Fisk o skaldjursprodukter o rätter,5.3,NE/mg
1385,Blåmussla kokt m. vin avrunnen,Niacin,Fisk o skaldjursprodukter o rätter,1.95,mg
1385,Blåmussla kokt m. vin avrunnen,"Salt, NaCl",Fisk o skaldjursprodukter o rätter,0.7,g
1385,Blåmussla kokt m. vin avrunnen,"Natrium, Na",Fisk o skaldjursprodukter o rätter,273.0,mg
1385,Blåmussla kokt m. vin avrunnen,Monosackarider,Fisk o skaldjursprodukter o rätter,0.1,g
1385,Blåmussla kokt m. vin avrunnen,"Sockerarter, totalt",Fisk o skaldjursprodukter o rätter,0.1,g
1385,Blåmussla kokt m. vin avrunnen,Summa enkelomättade fettsyror,Fisk o skaldjursprodukter o rätter,0.5,g
1385,Blåmussla kokt m. vin avrunnen,"Magnesium, Mg",Fisk o skaldjursprodukter o rätter,60.0,mg
1385,Blåmussla kokt m. vin avrunnen,Summa mättade fettsyror,Fisk o skaldjursprodukter o rätter,0.5,g
1385,Blåmussla kokt m. vin avrunnen,"Kolhydrater, tillgängliga",Fisk o skaldjursprodukter o rätter,2.3,g
1385,Blåmussla kokt m. vin avrunnen,Kolesterol,Fisk o skaldjursprodukter o rätter,30.9,mg
1385,Blåmussla kokt m. vin avrunnen,"Kalium, K",Fisk o skaldjursprodukter o rätter,120.0,mg
1385,Blåmussla kokt m. vin avrunnen,"Jod, I",Fisk o skaldjursprodukter o rätter,180.0,µg
1385,Blåmussla kokt m. vin avrunnen,Fullkorn totalt,Fisk o skaldjursprodukter o rätter,0.0,g
1385,Blåmussla kokt m. vin avrunnen,"Folat, totalt",Fisk o skaldjursprodukter o rätter,37.0,µg
1385,Blåmussla kokt m. vin avrunnen,Fibrer,Fisk o skaldjursprodukter o rätter,0.0,g
1385,Blåmussla kokt m. vin avrunnen,"Fett, totalt",Fisk o skaldjursprodukter o rätter,3.3,g
1385,Blåmussla kokt m. vin avrunnen,"Järn, Fe",Fisk o skaldjursprodukter o rätter,4.2,mg
1385,Blåmussla kokt m. vin avrunnen,Energi (kJ),Fisk o skaldjursprodukter o rätter,474.0,kJ
1385,Blåmussla kokt m. vin avrunnen,Energi (kcal),Fisk o skaldjursprodukter o rätter,113.0,kcal
1385,Blåmussla kokt m. vin avrunnen,Disackarider,Fisk o skaldjursprodukter o rätter,0.0,g
1385,Blåmussla kokt m. vin avrunnen,"Kalcium, Ca",Fisk o skaldjursprodukter o rätter,66.0,mg
1385,Blåmussla kokt m. vin avrunnen,Fettsyra 4:0-10:0,Fisk o skaldjursprodukter o rätter,0.0,g
1385,Blåmussla kokt m. vin avrunnen,DHA (C22:6),Fisk o skaldjursprodukter o rätter,0.3,g
1385,Blåmussla kokt m. vin avrunnen,DPA (C22:5),Fisk o skaldjursprodukter o rätter,0.0,g
1385,Blåmussla kokt m. vin avrunnen,EPA (C20:5),Fisk o skaldjursprodukter o rätter,0.4,g
1385,Blåmussla kokt m. vin avrunnen,Arakidonsyra C20:4,Fisk o skaldjursprodukter o rätter,0.0,g
1385,Blåmussla kokt m. vin avrunnen,Arakidinsyra C20:0,Fisk o skaldjursprodukter o rätter,0.0,g
1385,Blåmussla kokt m. vin avrunnen,Linolensyra C18:3,Fisk o skaldjursprodukter o rätter,0.1,g
1385,Blåmussla kokt m. vin avrunnen,Linolsyra C18:2,Fisk o skaldjursprodukter o rätter,0.1,g
1385,Blåmussla kokt m. vin avrunnen,Oljesyra C18:1,Fisk o skaldjursprodukter o rätter,0.2,g
1385,Blåmussla kokt m. vin avrunnen,Stearinsyra C18:0,Fisk o skaldjursprodukter o rätter,0.0,g
1385,Blåmussla kokt m. vin avrunnen,Palmitoljesyra C16:1,Fisk o skaldjursprodukter o rätter,0.2,g
1385,Blåmussla kokt m. vin avrunnen,Palmitinsyra C16:0,Fisk o skaldjursprodukter o rätter,0.3,g
1385,Blåmussla kokt m. vin avrunnen,Myristinsyra C14:0,Fisk o skaldjursprodukter o rätter,0.0,g
1385,Blåmussla kokt m. vin avrunnen,Laurinsyra C12:0,Fisk o skaldjursprodukter o rätter,0.0,g
1385,Blåmussla kokt m. vin avrunnen,Betakaroten/β-Karoten,Fisk o skaldjursprodukter o rätter,44.0,µg
1385,Blåmussla kokt m. vin avrunnen,Avfall (skal etc.),Fisk o skaldjursprodukter o rätter,71.0,%
1385,Blåmussla kokt m. vin avrunnen,Aska,Fisk o skaldjursprodukter o rätter,2.4,g
1385,Blåmussla kokt m. vin avrunnen,Alkohol,Fisk o skaldjursprodukter o rätter,0.0,g
1386,Ostron,"Zink, Zn",Skaldjur bläckfisk färsk fryst kokt,42.0,mg
1386,Ostron,Vitamin E,Skaldjur bläckfisk färsk fryst kokt,1.1,mg
1386,Ostron,Vitamin D,Skaldjur bläckfisk färsk fryst kokt,3.1,µg
1386,Ostron,Vitamin C,Skaldjur bläckfisk färsk fryst kokt,0.0,mg
1386,Ostron,Vitamin B6,Skaldjur bläckfisk färsk fryst kokt,0.2,mg
1386,Ostron,Vitamin B12,Skaldjur bläckfisk färsk fryst kokt,14.0,µg
1386,Ostron,Vitamin A,Skaldjur bläckfisk färsk fryst kokt,38.0,RE/µg
1386,Ostron,Vatten,Skaldjur bläckfisk färsk fryst kokt,80.0,g
1386,Ostron,Tiamin,Skaldjur bläckfisk färsk fryst kokt,0.13,mg
1386,Ostron,Tillsatt socker,Skaldjur bläckfisk färsk fryst kokt,0.0,g
1386,Ostron,Fritt socker,Skaldjur bläckfisk färsk fryst kokt,0.0,g
1386,Ostron,"Selen, Se",Skaldjur bläckfisk färsk fryst kokt,60.0,µg
1386,Ostron,Sackaros,Skaldjur bläckfisk färsk fryst kokt,0.0,g
1386,Ostron,Riboflavin,Skaldjur bläckfisk färsk fryst kokt,0.2,mg
1386,Ostron,Retinol,Skaldjur bläckfisk färsk fryst kokt,38.0,µg
1386,Ostron,Protein,Skaldjur bläckfisk färsk fryst kokt,9.3,g
1386,Ostron,Summa fleromättade fettsyror,Skaldjur bläckfisk färsk fryst kokt,0.7,g
1386,Ostron,"Fosfor, P",Skaldjur bläckfisk färsk fryst kokt,161.0,mg
1386,Ostron,Niacinekvivalenter,Skaldjur bläckfisk färsk fryst kokt,3.6,NE/mg
1386,Ostron,Niacin,Skaldjur bläckfisk färsk fryst kokt,2.0,mg
1386,Ostron,"Salt, NaCl",Skaldjur bläckfisk färsk fryst kokt,0.3,g
1386,Ostron,"Natrium, Na",Skaldjur bläckfisk färsk fryst kokt,110.0,mg
1386,Ostron,Monosackarider,Skaldjur bläckfisk färsk fryst kokt,0.0,g
1386,Ostron,"Sockerarter, totalt",Skaldjur bläckfisk färsk fryst kokt,0.0,g
1386,Ostron,Summa enkelomättade fettsyror,Skaldjur bläckfisk färsk fryst kokt,0.3,g
1386,Ostron,"Magnesium, Mg",Skaldjur bläckfisk färsk fryst kokt,19.0,mg
1386,Ostron,Summa mättade fettsyror,Skaldjur bläckfisk färsk fryst kokt,0.7,g
1386,Ostron,"Kolhydrater, tillgängliga",Skaldjur bläckfisk färsk fryst kokt,0.0,g
1386,Ostron,Kolesterol,Skaldjur bläckfisk färsk fryst kokt,50.0,mg
1386,Ostron,"Kalium, K",Skaldjur bläckfisk färsk fryst kokt,265.0,mg
1386,Ostron,"Jod, I",Skaldjur bläckfisk färsk fryst kokt,85.0,µg
1386,Ostron,Fullkorn totalt,Skaldjur bläckfisk färsk fryst kokt,0.0,g
1386,Ostron,"Folat, totalt",Skaldjur bläckfisk färsk fryst kokt,10.0,µg
1386,Ostron,Fibrer,Skaldjur bläckfisk färsk fryst kokt,0.0,g
1386,Ostron,"Fett, totalt",Skaldjur bläckfisk färsk fryst kokt,2.4,g
1386,Ostron,"Järn, Fe",Skaldjur bläckfisk färsk fryst kokt,3.1,mg
1386,Ostron,Energi (kJ),Skaldjur bläckfisk färsk fryst kokt,230.0,kJ
1386,Ostron,Energi (kcal),Skaldjur bläckfisk färsk fryst kokt,55.0,kcal
1386,Ostron,Disackarider,Skaldjur bläckfisk färsk fryst kokt,0.0,g
1386,Ostron,"Kalcium, Ca",Skaldjur bläckfisk färsk fryst kokt,22.0,mg
1386,Ostron,Fettsyra 4:0-10:0,Skaldjur bläckfisk färsk fryst kokt,0.0,g
1386,Ostron,DHA (C22:6),Skaldjur bläckfisk färsk fryst kokt,0.2,g
1386,Ostron,DPA (C22:5),Skaldjur bläckfisk färsk fryst kokt,0.0,g
1386,Ostron,EPA (C20:5),Skaldjur bläckfisk färsk fryst kokt,0.3,g
1386,Ostron,Arakidonsyra C20:4,Skaldjur bläckfisk färsk fryst kokt,0.0,g
1386,Ostron,Arakidinsyra C20:0,Skaldjur bläckfisk färsk fryst kokt,0.0,g
1386,Ostron,Linolensyra C18:3,Skaldjur bläckfisk färsk fryst kokt,0.1,g
1386,Ostron,Linolsyra C18:2,Skaldjur bläckfisk färsk fryst kokt,0.1,g
1386,Ostron,Oljesyra C18:1,Skaldjur bläckfisk färsk fryst kokt,0.3,g
1386,Ostron,Stearinsyra C18:0,Skaldjur bläckfisk färsk fryst kokt,0.1,g
1386,Ostron,Palmitoljesyra C16:1,Skaldjur bläckfisk färsk fryst kokt,0.1,g
1386,Ostron,Palmitinsyra C16:0,Skaldjur bläckfisk färsk fryst kokt,0.5,g
1386,Ostron,Myristinsyra C14:0,Skaldjur bläckfisk färsk fryst kokt,0.1,g
1386,Ostron,Laurinsyra C12:0,Skaldjur bläckfisk färsk fryst kokt,0.0,g
1386,Ostron,Betakaroten/β-Karoten,Skaldjur bläckfisk färsk fryst kokt,0.0,µg
1386,Ostron,Avfall (skal etc.),Skaldjur bläckfisk färsk fryst kokt,90.0,%
1386,Ostron,Aska,Skaldjur bläckfisk färsk fryst kokt,1.8,g
1386,Ostron,Alkohol,Skaldjur bläckfisk färsk fryst kokt,0.0,g
1387,Snigel vinbergssnäcka,"Zink, Zn",Skaldjur bläckfisk färsk fryst kokt,2.0,mg
1387,Snigel vinbergssnäcka,Vitamin E,Skaldjur bläckfisk färsk fryst kokt,0.8,mg
1387,Snigel vinbergssnäcka,Vitamin D,Skaldjur bläckfisk färsk fryst kokt,1.1,µg
1387,Snigel vinbergssnäcka,Vitamin C,Skaldjur bläckfisk färsk fryst kokt,0.0,mg
1387,Snigel vinbergssnäcka,Vitamin B6,Skaldjur bläckfisk färsk fryst kokt,0.05,mg
1387,Snigel vinbergssnäcka,Vitamin B12,Skaldjur bläckfisk färsk fryst kokt,5.0,µg
1387,Snigel vinbergssnäcka,Vitamin A,Skaldjur bläckfisk färsk fryst kokt,90.0,RE/µg
1387,Snigel vinbergssnäcka,Vatten,Skaldjur bläckfisk färsk fryst kokt,79.0,g
1387,Snigel vinbergssnäcka,Tiamin,Skaldjur bläckfisk färsk fryst kokt,0.13,mg
1387,Snigel vinbergssnäcka,Tillsatt socker,Skaldjur bläckfisk färsk fryst kokt,0.0,g
1387,Snigel vinbergssnäcka,Fritt socker,Skaldjur bläckfisk färsk fryst kokt,0.0,g
1387,Snigel vinbergssnäcka,"Selen, Se",Skaldjur bläckfisk färsk fryst kokt,50.0,µg
1387,Snigel vinbergssnäcka,Sackaros,Skaldjur bläckfisk färsk fryst kokt,0.0,g
1387,Snigel vinbergssnäcka,Riboflavin,Skaldjur bläckfisk färsk fryst kokt,0.18,mg
1387,Snigel vinbergssnäcka,Retinol,Skaldjur bläckfisk färsk fryst kokt,90.0,µg
1387,Snigel vinbergssnäcka,Protein,Skaldjur bläckfisk färsk fryst kokt,16.1,g
1387,Snigel vinbergssnäcka,Summa fleromättade fettsyror,Skaldjur bläckfisk färsk fryst kokt,0.4,g
1387,Snigel vinbergssnäcka,"Fosfor, P",Skaldjur bläckfisk färsk fryst kokt,200.0,mg
1387,Snigel vinbergssnäcka,Niacinekvivalenter,Skaldjur bläckfisk färsk fryst kokt,4.85,NE/mg
1387,Snigel vinbergssnäcka,Niacin,Skaldjur bläckfisk färsk fryst kokt,1.9,mg
1387,Snigel vinbergssnäcka,"Salt, NaCl",Skaldjur bläckfisk färsk fryst kokt,0.2,g
1387,Snigel vinbergssnäcka,"Natrium, Na",Skaldjur bläckfisk färsk fryst kokt,73.0,mg
1387,Snigel vinbergssnäcka,Monosackarider,Skaldjur bläckfisk färsk fryst kokt,0.0,g
1387,Snigel vinbergssnäcka,"Sockerarter, totalt",Skaldjur bläckfisk färsk fryst kokt,0.0,g
1387,Snigel vinbergssnäcka,Summa enkelomättade fettsyror,Skaldjur bläckfisk färsk fryst kokt,0.3,g
1387,Snigel vinbergssnäcka,"Magnesium, Mg",Skaldjur bläckfisk färsk fryst kokt,250.0,mg
1387,Snigel vinbergssnäcka,Summa mättade fettsyror,Skaldjur bläckfisk färsk fryst kokt,0.2,g
1387,Snigel vinbergssnäcka,"Kolhydrater, tillgängliga",Skaldjur bläckfisk färsk fryst kokt,2.2,g
1387,Snigel vinbergssnäcka,Kolesterol,Skaldjur bläckfisk färsk fryst kokt,50.0,mg
1387,Snigel vinbergssnäcka,"Kalium, K",Skaldjur bläckfisk färsk fryst kokt,121.0,mg
1387,Snigel vinbergssnäcka,"Jod, I",Skaldjur bläckfisk färsk fryst kokt,6.0,µg
1387,Snigel vinbergssnäcka,Fullkorn totalt,Skaldjur bläckfisk färsk fryst kokt,0.0,g
1387,Snigel vinbergssnäcka,"Folat, totalt",Skaldjur bläckfisk färsk fryst kokt,20.0,µg
1387,Snigel vinbergssnäcka,Fibrer,Skaldjur bläckfisk färsk fryst kokt,0.0,g
1387,Snigel vinbergssnäcka,"Fett, totalt",Skaldjur bläckfisk färsk fryst kokt,1.4,g
1387,Snigel vinbergssnäcka,"Järn, Fe",Skaldjur bläckfisk färsk fryst kokt,3.5,mg
1387,Snigel vinbergssnäcka,Energi (kJ),Skaldjur bläckfisk färsk fryst kokt,363.0,kJ
1387,Snigel vinbergssnäcka,Energi (kcal),Skaldjur bläckfisk färsk fryst kokt,87.0,kcal
1387,Snigel vinbergssnäcka,Disackarider,Skaldjur bläckfisk färsk fryst kokt,0.0,g
1387,Snigel vinbergssnäcka,"Kalcium, Ca",Skaldjur bläckfisk färsk fryst kokt,170.0,mg
1387,Snigel vinbergssnäcka,Fettsyra 4:0-10:0,Skaldjur bläckfisk färsk fryst kokt,0.0,g
1387,Snigel vinbergssnäcka,DHA (C22:6),Skaldjur bläckfisk färsk fryst kokt,0.0,g
1387,Snigel vinbergssnäcka,DPA (C22:5),Skaldjur bläckfisk färsk fryst kokt,0.0,g
1387,Snigel vinbergssnäcka,EPA (C20:5),Skaldjur bläckfisk färsk fryst kokt,0.2,g
1387,Snigel vinbergssnäcka,Arakidonsyra C20:4,Skaldjur bläckfisk färsk fryst kokt,0.1,g
1387,Snigel vinbergssnäcka,Arakidinsyra C20:0,Skaldjur bläckfisk färsk fryst kokt,0.0,g
1387,Snigel vinbergssnäcka,Linolensyra C18:3,Skaldjur bläckfisk färsk fryst kokt,0.0,g
1387,Snigel vinbergssnäcka,Linolsyra C18:2,Skaldjur bläckfisk färsk fryst kokt,0.0,g
1387,Snigel vinbergssnäcka,Oljesyra C18:1,Skaldjur bläckfisk färsk fryst kokt,0.2,g
1387,Snigel vinbergssnäcka,Stearinsyra C18:0,Skaldjur bläckfisk färsk fryst kokt,0.1,g
1387,Snigel vinbergssnäcka,Palmitoljesyra C16:1,Skaldjur bläckfisk färsk fryst kokt,0.0,g
1387,Snigel vinbergssnäcka,Palmitinsyra C16:0,Skaldjur bläckfisk färsk fryst kokt,0.2,g
1387,Snigel vinbergssnäcka,Myristinsyra C14:0,Skaldjur bläckfisk färsk fryst kokt,0.0,g
1387,Snigel vinbergssnäcka,Laurinsyra C12:0,Skaldjur bläckfisk färsk fryst kokt,0.0,g
1387,Snigel vinbergssnäcka,Betakaroten/β-Karoten,Skaldjur bläckfisk färsk fryst kokt,0.0,µg
1387,Snigel vinbergssnäcka,Avfall (skal etc.),Skaldjur bläckfisk färsk fryst kokt,35.0,%
1387,Snigel vinbergssnäcka,Aska,Skaldjur bläckfisk färsk fryst kokt,1.3,g
1387,Snigel vinbergssnäcka,Alkohol,Skaldjur bläckfisk färsk fryst kokt,0.0,g
1388,Groda lår rått frysvara,"Zink, Zn","Övrigt animaliskt ""kött"", grodlår, sniglar, säl - färskt, fryst, tillagat",2.0,mg
1388,Groda lår rått frysvara,Vitamin E,"Övrigt animaliskt ""kött"", grodlår, sniglar, säl - färskt, fryst, tillagat",0.8,mg
1388,Groda lår rått frysvara,Vitamin D,"Övrigt animaliskt ""kött"", grodlår, sniglar, säl - färskt, fryst, tillagat",0.5,µg
1388,Groda lår rått frysvara,Vitamin C,"Övrigt animaliskt ""kött"", grodlår, sniglar, säl - färskt, fryst, tillagat",0.0,mg
1388,Groda lår rått frysvara,Vitamin B6,"Övrigt animaliskt ""kött"", grodlår, sniglar, säl - färskt, fryst, tillagat",1.2,mg
1388,Groda lår rått frysvara,Vitamin B12,"Övrigt animaliskt ""kött"", grodlår, sniglar, säl - färskt, fryst, tillagat",1.0,µg
1388,Groda lår rått frysvara,Vitamin A,"Övrigt animaliskt ""kött"", grodlår, sniglar, säl - färskt, fryst, tillagat",10.0,RE/µg
1388,Groda lår rått frysvara,Vatten,"Övrigt animaliskt ""kött"", grodlår, sniglar, säl - färskt, fryst, tillagat",82.2,g
1388,Groda lår rått frysvara,Tiamin,"Övrigt animaliskt ""kött"", grodlår, sniglar, säl - färskt, fryst, tillagat",0.14,mg
1388,Groda lår rått frysvara,Tillsatt socker,"Övrigt animaliskt ""kött"", grodlår, sniglar, säl - färskt, fryst, tillagat",0.0,g
1388,Groda lår rått frysvara,Fritt socker,"Övrigt animaliskt ""kött"", grodlår, sniglar, säl - färskt, fryst, tillagat",0.0,g
1388,Groda lår rått frysvara,"Selen, Se","Övrigt animaliskt ""kött"", grodlår, sniglar, säl - färskt, fryst, tillagat",20.0,µg
1388,Groda lår rått frysvara,Sackaros,"Övrigt animaliskt ""kött"", grodlår, sniglar, säl - färskt, fryst, tillagat",0.0,g
1388,Groda lår rått frysvara,Riboflavin,"Övrigt animaliskt ""kött"", grodlår, sniglar, säl - färskt, fryst, tillagat",0.25,mg
1388,Groda lår rått frysvara,Retinol,"Övrigt animaliskt ""kött"", grodlår, sniglar, säl - färskt, fryst, tillagat",10.0,µg
1388,Groda lår rått frysvara,Protein,"Övrigt animaliskt ""kött"", grodlår, sniglar, säl - färskt, fryst, tillagat",16.4,g
1388,Groda lår rått frysvara,Summa fleromättade fettsyror,"Övrigt animaliskt ""kött"", grodlår, sniglar, säl - färskt, fryst, tillagat",0.0,g
1388,Groda lår rått frysvara,"Fosfor, P","Övrigt animaliskt ""kött"", grodlår, sniglar, säl - färskt, fryst, tillagat",147.0,mg
1388,Groda lår rått frysvara,Niacinekvivalenter,"Övrigt animaliskt ""kött"", grodlår, sniglar, säl - färskt, fryst, tillagat",4.21,NE/mg
1388,Groda lår rått frysvara,Niacin,"Övrigt animaliskt ""kött"", grodlår, sniglar, säl - färskt, fryst, tillagat",1.2,mg
1388,Groda lår rått frysvara,"Salt, NaCl","Övrigt animaliskt ""kött"", grodlår, sniglar, säl - färskt, fryst, tillagat",0.1,g
1388,Groda lår rått frysvara,"Natrium, Na","Övrigt animaliskt ""kött"", grodlår, sniglar, säl - färskt, fryst, tillagat",55.0,mg
1388,Groda lår rått frysvara,Monosackarider,"Övrigt animaliskt ""kött"", grodlår, sniglar, säl - färskt, fryst, tillagat",0.0,g
1388,Groda lår rått frysvara,"Sockerarter, totalt","Övrigt animaliskt ""kött"", grodlår, sniglar, säl - färskt, fryst, tillagat",0.0,g
1388,Groda lår rått frysvara,Summa enkelomättade fettsyror,"Övrigt animaliskt ""kött"", grodlår, sniglar, säl - färskt, fryst, tillagat",0.0,g
1388,Groda lår rått frysvara,"Magnesium, Mg","Övrigt animaliskt ""kött"", grodlår, sniglar, säl - färskt, fryst, tillagat",23.0,mg
1388,Groda lår rått frysvara,Summa mättade fettsyror,"Övrigt animaliskt ""kött"", grodlår, sniglar, säl - färskt, fryst, tillagat",0.1,g
1388,Groda lår rått frysvara,"Kolhydrater, tillgängliga","Övrigt animaliskt ""kött"", grodlår, sniglar, säl - färskt, fryst, tillagat",0.0,g
1388,Groda lår rått frysvara,Kolesterol,"Övrigt animaliskt ""kött"", grodlår, sniglar, säl - färskt, fryst, tillagat",50.0,mg
1388,Groda lår rått frysvara,"Kalium, K","Övrigt animaliskt ""kött"", grodlår, sniglar, säl - färskt, fryst, tillagat",310.0,mg
1388,Groda lår rått frysvara,"Jod, I","Övrigt animaliskt ""kött"", grodlår, sniglar, säl - färskt, fryst, tillagat",6.0,µg
1388,Groda lår rått frysvara,Fullkorn totalt,"Övrigt animaliskt ""kött"", grodlår, sniglar, säl - färskt, fryst, tillagat",0.0,g
1388,Groda lår rått frysvara,"Folat, totalt","Övrigt animaliskt ""kött"", grodlår, sniglar, säl - färskt, fryst, tillagat",10.0,µg
1388,Groda lår rått frysvara,Fibrer,"Övrigt animaliskt ""kött"", grodlår, sniglar, säl - färskt, fryst, tillagat",0.0,g
1388,Groda lår rått frysvara,"Fett, totalt","Övrigt animaliskt ""kött"", grodlår, sniglar, säl - färskt, fryst, tillagat",0.3,g
1388,Groda lår rått frysvara,"Järn, Fe","Övrigt animaliskt ""kött"", grodlår, sniglar, säl - färskt, fryst, tillagat",1.5,mg
1388,Groda lår rått frysvara,Energi (kJ),"Övrigt animaliskt ""kött"", grodlår, sniglar, säl - färskt, fryst, tillagat",290.0,kJ
1388,Groda lår rått frysvara,Energi (kcal),"Övrigt animaliskt ""kött"", grodlår, sniglar, säl - färskt, fryst, tillagat",69.0,kcal
1388,Groda lår rått frysvara,Disackarider,"Övrigt animaliskt ""kött"", grodlår, sniglar, säl - färskt, fryst, tillagat",0.0,g
1388,Groda lår rått frysvara,"Kalcium, Ca","Övrigt animaliskt ""kött"", grodlår, sniglar, säl - färskt, fryst, tillagat",18.0,mg
1388,Groda lår rått frysvara,Fettsyra 4:0-10:0,"Övrigt animaliskt ""kött"", grodlår, sniglar, säl - färskt, fryst, tillagat",0.0,g
1388,Groda lår rått frysvara,DHA (C22:6),"Övrigt animaliskt ""kött"", grodlår, sniglar, säl - färskt, fryst, tillagat",0.0,g
1388,Groda lår rått frysvara,DPA (C22:5),"Övrigt animaliskt ""kött"", grodlår, sniglar, säl - färskt, fryst, tillagat",0.0,g
1388,Groda lår rått frysvara,EPA (C20:5),"Övrigt animaliskt ""kött"", grodlår, sniglar, säl - färskt, fryst, tillagat",0.0,g
1388,Groda lår rått frysvara,Arakidonsyra C20:4,"Övrigt animaliskt ""kött"", grodlår, sniglar, säl - färskt, fryst, tillagat",0.0,g
1388,Groda lår rått frysvara,Arakidinsyra C20:0,"Övrigt animaliskt ""kött"", grodlår, sniglar, säl - färskt, fryst, tillagat",0.0,g
1388,Groda lår rått frysvara,Linolensyra C18:3,"Övrigt animaliskt ""kött"", grodlår, sniglar, säl - färskt, fryst, tillagat",0.0,g
1388,Groda lår rått frysvara,Linolsyra C18:2,"Övrigt animaliskt ""kött"", grodlår, sniglar, säl - färskt, fryst, tillagat",0.0,g
1388,Groda lår rått frysvara,Oljesyra C18:1,"Övrigt animaliskt ""kött"", grodlår, sniglar, säl - färskt, fryst, tillagat",0.0,g
1388,Groda lår rått frysvara,Stearinsyra C18:0,"Övrigt animaliskt ""kött"", grodlår, sniglar, säl - färskt, fryst, tillagat",0.0,g
1388,Groda lår rått frysvara,Palmitoljesyra C16:1,"Övrigt animaliskt ""kött"", grodlår, sniglar, säl - färskt, fryst, tillagat",0.0,g
1388,Groda lår rått frysvara,Palmitinsyra C16:0,"Övrigt animaliskt ""kött"", grodlår, sniglar, säl - färskt, fryst, tillagat",0.0,g
1388,Groda lår rått frysvara,Myristinsyra C14:0,"Övrigt animaliskt ""kött"", grodlår, sniglar, säl - färskt, fryst, tillagat",0.0,g
1388,Groda lår rått frysvara,Laurinsyra C12:0,"Övrigt animaliskt ""kött"", grodlår, sniglar, säl - färskt, fryst, tillagat",0.0,g
1388,Groda lår rått frysvara,Betakaroten/β-Karoten,"Övrigt animaliskt ""kött"", grodlår, sniglar, säl - färskt, fryst, tillagat",0.0,µg
1388,Groda lår rått frysvara,Avfall (skal etc.),"Övrigt animaliskt ""kött"", grodlår, sniglar, säl - färskt, fryst, tillagat",35.0,%
1388,Groda lår rått frysvara,Aska,"Övrigt animaliskt ""kött"", grodlår, sniglar, säl - färskt, fryst, tillagat",1.1,g
1388,Groda lår rått frysvara,Alkohol,"Övrigt animaliskt ""kött"", grodlår, sniglar, säl - färskt, fryst, tillagat",0.0,g
1389,Mussla konserv. m. lag,"Zink, Zn",Fisk o skaldjursprodukter o rätter,2.3,mg
1389,Mussla konserv. m. lag,Vitamin E,Fisk o skaldjursprodukter o rätter,0.5,mg
1389,Mussla konserv. m. lag,Vitamin D inkl 25-OH-D3,Fisk o skaldjursprodukter o rätter,0.0,µg
1389,Mussla konserv. m. lag,Vitamin D,Fisk o skaldjursprodukter o rätter,0.0,µg
1389,Mussla konserv. m. lag,Vitamin C,Fisk o skaldjursprodukter o rätter,0.0,mg
1389,Mussla konserv. m. lag,Vitamin B6,Fisk o skaldjursprodukter o rätter,0.08,mg
1389,Mussla konserv. m. lag,Vitamin B12,Fisk o skaldjursprodukter o rätter,5.0,µg
1389,Mussla konserv. m. lag,Vitamin A,Fisk o skaldjursprodukter o rätter,54.0,RE/µg
1389,Mussla konserv. m. lag,Vatten,Fisk o skaldjursprodukter o rätter,86.0,g
1389,Mussla konserv. m. lag,Tiamin,Fisk o skaldjursprodukter o rätter,0.01,mg
1389,Mussla konserv. m. lag,Tillsatt socker,Fisk o skaldjursprodukter o rätter,0.0,g
1389,Mussla konserv. m. lag,Fritt socker,Fisk o skaldjursprodukter o rätter,0.0,g
1389,Mussla konserv. m. lag,"Selen, Se",Fisk o skaldjursprodukter o rätter,56.0,µg
1389,Mussla konserv. m. lag,Sackaros,Fisk o skaldjursprodukter o rätter,0.0,g
1389,Mussla konserv. m. lag,Riboflavin,Fisk o skaldjursprodukter o rätter,0.11,mg
1389,Mussla konserv. m. lag,Retinol,Fisk o skaldjursprodukter o rätter,54.0,µg
1389,Mussla konserv. m. lag,Protein,Fisk o skaldjursprodukter o rätter,7.9,g
1389,Mussla konserv. m. lag,Summa fleromättade fettsyror,Fisk o skaldjursprodukter o rätter,0.2,g
1389,Mussla konserv. m. lag,"Fosfor, P",Fisk o skaldjursprodukter o rätter,137.0,mg
1389,Mussla konserv. m. lag,Niacinekvivalenter,Fisk o skaldjursprodukter o rätter,2.45,NE/mg
1389,Mussla konserv. m. lag,Niacin,Fisk o skaldjursprodukter o rätter,1.0,mg
1389,Mussla konserv. m. lag,"Salt, NaCl",Fisk o skaldjursprodukter o rätter,1.0,g
1389,Mussla konserv. m. lag,"Natrium, Na",Fisk o skaldjursprodukter o rätter,390.0,mg
1389,Mussla konserv. m. lag,Monosackarider,Fisk o skaldjursprodukter o rätter,0.0,g
1389,Mussla konserv. m. lag,"Sockerarter, totalt",Fisk o skaldjursprodukter o rätter,0.0,g
1389,Mussla konserv. m. lag,Summa enkelomättade fettsyror,Fisk o skaldjursprodukter o rätter,0.1,g
1389,Mussla konserv. m. lag,"Magnesium, Mg",Fisk o skaldjursprodukter o rätter,32.0,mg
1389,Mussla konserv. m. lag,Summa mättade fettsyror,Fisk o skaldjursprodukter o rätter,0.1,g
1389,Mussla konserv. m. lag,"Kolhydrater, tillgängliga",Fisk o skaldjursprodukter o rätter,3.1,g
1389,Mussla konserv. m. lag,Kolesterol,Fisk o skaldjursprodukter o rätter,55.0,mg
1389,Mussla konserv. m. lag,"Kalium, K",Fisk o skaldjursprodukter o rätter,140.0,mg
1389,Mussla konserv. m. lag,"Jod, I",Fisk o skaldjursprodukter o rätter,170.0,µg
1389,Mussla konserv. m. lag,Fullkorn totalt,Fisk o skaldjursprodukter o rätter,0.0,g
1389,Mussla konserv. m. lag,"Folat, totalt",Fisk o skaldjursprodukter o rätter,20.0,µg
1389,Mussla konserv. m. lag,Fibrer,Fisk o skaldjursprodukter o rätter,0.0,g
1389,Mussla konserv. m. lag,"Fett, totalt",Fisk o skaldjursprodukter o rätter,0.7,g
1389,Mussla konserv. m. lag,"Järn, Fe",Fisk o skaldjursprodukter o rätter,4.8,mg
1389,Mussla konserv. m. lag,Energi (kJ),Fisk o skaldjursprodukter o rätter,213.0,kJ
1389,Mussla konserv. m. lag,Energi (kcal),Fisk o skaldjursprodukter o rätter,51.0,kcal
1389,Mussla konserv. m. lag,Disackarider,Fisk o skaldjursprodukter o rätter,0.0,g
1389,Mussla konserv. m. lag,"Kalcium, Ca",Fisk o skaldjursprodukter o rätter,55.0,mg
1389,Mussla konserv. m. lag,Fettsyra 4:0-10:0,Fisk o skaldjursprodukter o rätter,0.0,g
1389,Mussla konserv. m. lag,DHA (C22:6),Fisk o skaldjursprodukter o rätter,0.0,g
1389,Mussla konserv. m. lag,DPA (C22:5),Fisk o skaldjursprodukter o rätter,0.0,g
1389,Mussla konserv. m. lag,EPA (C20:5),Fisk o skaldjursprodukter o rätter,0.1,g
1389,Mussla konserv. m. lag,Arakidonsyra C20:4,Fisk o skaldjursprodukter o rätter,0.0,g
1389,Mussla konserv. m. lag,Arakidinsyra C20:0,Fisk o skaldjursprodukter o rätter,0.0,g
1389,Mussla konserv. m. lag,Linolensyra C18:3,Fisk o skaldjursprodukter o rätter,0.0,g
1389,Mussla konserv. m. lag,Linolsyra C18:2,Fisk o skaldjursprodukter o rätter,0.0,g
1389,Mussla konserv. m. lag,Oljesyra C18:1,Fisk o skaldjursprodukter o rätter,0.0,g
1389,Mussla konserv. m. lag,Stearinsyra C18:0,Fisk o skaldjursprodukter o rätter,0.0,g
1389,Mussla konserv. m. lag,Palmitoljesyra C16:1,Fisk o skaldjursprodukter o rätter,0.0,g
1389,Mussla konserv. m. lag,Palmitinsyra C16:0,Fisk o skaldjursprodukter o rätter,0.1,g
1389,Mussla konserv. m. lag,Myristinsyra C14:0,Fisk o skaldjursprodukter o rätter,0.0,g
1389,Mussla konserv. m. lag,Laurinsyra C12:0,Fisk o skaldjursprodukter o rätter,0.0,g
1389,Mussla konserv. m. lag,Betakaroten/β-Karoten,Fisk o skaldjursprodukter o rätter,0.0,µg
1389,Mussla konserv. m. lag,Avfall (skal etc.),Fisk o skaldjursprodukter o rätter,0.0,%
1389,Mussla konserv. m. lag,Aska,Fisk o skaldjursprodukter o rätter,2.3,g
1389,Mussla konserv. m. lag,Alkohol,Fisk o skaldjursprodukter o rätter,0.0,g
1390,Mussla konserv. u. lag,"Zink, Zn",Fisk o skaldjursprodukter o rätter,3.6,mg
1390,Mussla konserv. u. lag,Vitamin E,Fisk o skaldjursprodukter o rätter,2.2,mg
1390,Mussla konserv. u. lag,Vitamin D inkl 25-OH-D3,Fisk o skaldjursprodukter o rätter,0.15,µg
1390,Mussla konserv. u. lag,Vitamin D,Fisk o skaldjursprodukter o rätter,0.15,µg
1390,Mussla konserv. u. lag,Vitamin C,Fisk o skaldjursprodukter o rätter,0.0,mg
1390,Mussla konserv. u. lag,Vitamin B6,Fisk o skaldjursprodukter o rätter,0.0,mg
1390,Mussla konserv. u. lag,Vitamin B12,Fisk o skaldjursprodukter o rätter,14.7,µg
1390,Mussla konserv. u. lag,Vitamin A,Fisk o skaldjursprodukter o rätter,42.3,RE/µg
1390,Mussla konserv. u. lag,Vatten,Fisk o skaldjursprodukter o rätter,74.3,g
1390,Mussla konserv. u. lag,Tiamin,Fisk o skaldjursprodukter o rätter,0.0,mg
1390,Mussla konserv. u. lag,Tillsatt socker,Fisk o skaldjursprodukter o rätter,0.0,g
1390,Mussla konserv. u. lag,Fritt socker,Fisk o skaldjursprodukter o rätter,0.0,g
1390,Mussla konserv. u. lag,"Selen, Se",Fisk o skaldjursprodukter o rätter,67.0,µg
1390,Mussla konserv. u. lag,Sackaros,Fisk o skaldjursprodukter o rätter,0.0,g
1390,Mussla konserv. u. lag,Riboflavin,Fisk o skaldjursprodukter o rätter,0.18,mg
1390,Mussla konserv. u. lag,Retinol,Fisk o skaldjursprodukter o rätter,42.3,µg
1390,Mussla konserv. u. lag,Protein,Fisk o skaldjursprodukter o rätter,16.9,g
1390,Mussla konserv. u. lag,Summa fleromättade fettsyror,Fisk o skaldjursprodukter o rätter,0.8,g
1390,Mussla konserv. u. lag,"Fosfor, P",Fisk o skaldjursprodukter o rätter,222.0,mg
1390,Mussla konserv. u. lag,Niacinekvivalenter,Fisk o skaldjursprodukter o rätter,3.4,NE/mg
1390,Mussla konserv. u. lag,Niacin,Fisk o skaldjursprodukter o rätter,0.61,mg
1390,Mussla konserv. u. lag,"Salt, NaCl",Fisk o skaldjursprodukter o rätter,1.3,g
1390,Mussla konserv. u. lag,"Natrium, Na",Fisk o skaldjursprodukter o rätter,511.0,mg
1390,Mussla konserv. u. lag,Monosackarider,Fisk o skaldjursprodukter o rätter,0.0,g
1390,Mussla konserv. u. lag,"Sockerarter, totalt",Fisk o skaldjursprodukter o rätter,0.0,g
1390,Mussla konserv. u. lag,Summa enkelomättade fettsyror,Fisk o skaldjursprodukter o rätter,0.4,g
1390,Mussla konserv. u. lag,"Magnesium, Mg",Fisk o skaldjursprodukter o rätter,41.0,mg
1390,Mussla konserv. u. lag,Summa mättade fettsyror,Fisk o skaldjursprodukter o rätter,0.4,g
1390,Mussla konserv. u. lag,"Kolhydrater, tillgängliga",Fisk o skaldjursprodukter o rätter,4.7,g
1390,Mussla konserv. u. lag,Kolesterol,Fisk o skaldjursprodukter o rätter,85.5,mg
1390,Mussla konserv. u. lag,"Kalium, K",Fisk o skaldjursprodukter o rätter,73.0,mg
1390,Mussla konserv. u. lag,"Jod, I",Fisk o skaldjursprodukter o rätter,170.0,µg
1390,Mussla konserv. u. lag,Fullkorn totalt,Fisk o skaldjursprodukter o rätter,0.0,g
1390,Mussla konserv. u. lag,"Folat, totalt",Fisk o skaldjursprodukter o rätter,30.8,µg
1390,Mussla konserv. u. lag,Fibrer,Fisk o skaldjursprodukter o rätter,0.0,g
1390,Mussla konserv. u. lag,"Fett, totalt",Fisk o skaldjursprodukter o rätter,2.3,g
1390,Mussla konserv. u. lag,"Järn, Fe",Fisk o skaldjursprodukter o rätter,4.3,mg
1390,Mussla konserv. u. lag,Energi (kJ),Fisk o skaldjursprodukter o rätter,451.0,kJ
1390,Mussla konserv. u. lag,Energi (kcal),Fisk o skaldjursprodukter o rätter,108.0,kcal
1390,Mussla konserv. u. lag,Disackarider,Fisk o skaldjursprodukter o rätter,0.0,g
1390,Mussla konserv. u. lag,"Kalcium, Ca",Fisk o skaldjursprodukter o rätter,40.0,mg
1390,Mussla konserv. u. lag,Fettsyra 4:0-10:0,Fisk o skaldjursprodukter o rätter,0.0,g
1390,Mussla konserv. u. lag,DHA (C22:6),Fisk o skaldjursprodukter o rätter,0.2,g
1390,Mussla konserv. u. lag,DPA (C22:5),Fisk o skaldjursprodukter o rätter,0.0,g
1390,Mussla konserv. u. lag,EPA (C20:5),Fisk o skaldjursprodukter o rätter,0.4,g
1390,Mussla konserv. u. lag,Arakidonsyra C20:4,Fisk o skaldjursprodukter o rätter,0.0,g
1390,Mussla konserv. u. lag,Arakidinsyra C20:0,Fisk o skaldjursprodukter o rätter,0.0,g
1390,Mussla konserv. u. lag,Linolensyra C18:3,Fisk o skaldjursprodukter o rätter,0.0,g
1390,Mussla konserv. u. lag,Linolsyra C18:2,Fisk o skaldjursprodukter o rätter,0.0,g
1390,Mussla konserv. u. lag,Oljesyra C18:1,Fisk o skaldjursprodukter o rätter,0.1,g
1390,Mussla konserv. u. lag,Stearinsyra C18:0,Fisk o skaldjursprodukter o rätter,0.0,g
1390,Mussla konserv. u. lag,Palmitoljesyra C16:1,Fisk o skaldjursprodukter o rätter,0.2,g
1390,Mussla konserv. u. lag,Palmitinsyra C16:0,Fisk o skaldjursprodukter o rätter,0.3,g
1390,Mussla konserv. u. lag,Myristinsyra C14:0,Fisk o skaldjursprodukter o rätter,0.1,g
1390,Mussla konserv. u. lag,Laurinsyra C12:0,Fisk o skaldjursprodukter o rätter,0.0,g
1390,Mussla konserv. u. lag,Betakaroten/β-Karoten,Fisk o skaldjursprodukter o rätter,0.0,µg
1390,Mussla konserv. u. lag,Avfall (skal etc.),Fisk o skaldjursprodukter o rätter,0.0,%
1390,Mussla konserv. u. lag,Aska,Fisk o skaldjursprodukter o rätter,1.8,g
1390,Mussla konserv. u. lag,Alkohol,Fisk o skaldjursprodukter o rätter,0.0,g
1391,Ostron konserv. m. lag,"Zink, Zn",Fisk o skaldjursprodukter o rätter,32.5,mg
1391,Ostron konserv. m. lag,Vitamin E,Fisk o skaldjursprodukter o rätter,0.6,mg
1391,Ostron konserv. m. lag,Vitamin D,Fisk o skaldjursprodukter o rätter,0.65,µg
1391,Ostron konserv. m. lag,Vitamin C,Fisk o skaldjursprodukter o rätter,0.0,mg
1391,Ostron konserv. m. lag,Vitamin B6,Fisk o skaldjursprodukter o rätter,0.04,mg
1391,Ostron konserv. m. lag,Vitamin B12,Fisk o skaldjursprodukter o rätter,19.0,µg
1391,Ostron konserv. m. lag,Vitamin A,Fisk o skaldjursprodukter o rätter,60.0,RE/µg
1391,Ostron konserv. m. lag,Vatten,Fisk o skaldjursprodukter o rätter,86.1,g
1391,Ostron konserv. m. lag,Tiamin,Fisk o skaldjursprodukter o rätter,0.02,mg
1391,Ostron konserv. m. lag,Tillsatt socker,Fisk o skaldjursprodukter o rätter,0.0,g
1391,Ostron konserv. m. lag,Fritt socker,Fisk o skaldjursprodukter o rätter,0.0,g
1391,Ostron konserv. m. lag,"Selen, Se",Fisk o skaldjursprodukter o rätter,50.0,µg
1391,Ostron konserv. m. lag,Sackaros,Fisk o skaldjursprodukter o rätter,0.0,g
1391,Ostron konserv. m. lag,Riboflavin,Fisk o skaldjursprodukter o rätter,0.2,mg
1391,Ostron konserv. m. lag,Retinol,Fisk o skaldjursprodukter o rätter,60.0,µg
1391,Ostron konserv. m. lag,Protein,Fisk o skaldjursprodukter o rätter,9.5,g
1391,Ostron konserv. m. lag,Summa fleromättade fettsyror,Fisk o skaldjursprodukter o rätter,0.7,g
1391,Ostron konserv. m. lag,"Fosfor, P",Fisk o skaldjursprodukter o rätter,124.0,mg
1391,Ostron konserv. m. lag,Niacinekvivalenter,Fisk o skaldjursprodukter o rätter,2.54,NE/mg
1391,Ostron konserv. m. lag,Niacin,Fisk o skaldjursprodukter o rätter,0.8,mg
1391,Ostron konserv. m. lag,"Salt, NaCl",Fisk o skaldjursprodukter o rätter,0.3,g
1391,Ostron konserv. m. lag,"Natrium, Na",Fisk o skaldjursprodukter o rätter,112.0,mg
1391,Ostron konserv. m. lag,Monosackarider,Fisk o skaldjursprodukter o rätter,0.0,g
1391,Ostron konserv. m. lag,"Sockerarter, totalt",Fisk o skaldjursprodukter o rätter,0.0,g
1391,Ostron konserv. m. lag,Summa enkelomättade fettsyror,Fisk o skaldjursprodukter o rätter,0.2,g
1391,Ostron konserv. m. lag,"Magnesium, Mg",Fisk o skaldjursprodukter o rätter,54.0,mg
1391,Ostron konserv. m. lag,Summa mättade fettsyror,Fisk o skaldjursprodukter o rätter,0.6,g
1391,Ostron konserv. m. lag,"Kolhydrater, tillgängliga",Fisk o skaldjursprodukter o rätter,0.0,g
1391,Ostron konserv. m. lag,Kolesterol,Fisk o skaldjursprodukter o rätter,55.0,mg
1391,Ostron konserv. m. lag,"Kalium, K",Fisk o skaldjursprodukter o rätter,70.0,mg
1391,Ostron konserv. m. lag,"Jod, I",Fisk o skaldjursprodukter o rätter,85.0,µg
1391,Ostron konserv. m. lag,Fullkorn totalt,Fisk o skaldjursprodukter o rätter,0.0,g
1391,Ostron konserv. m. lag,"Folat, totalt",Fisk o skaldjursprodukter o rätter,8.9,µg
1391,Ostron konserv. m. lag,Fibrer,Fisk o skaldjursprodukter o rätter,0.0,g
1391,Ostron konserv. m. lag,"Fett, totalt",Fisk o skaldjursprodukter o rätter,2.2,g
1391,Ostron konserv. m. lag,"Järn, Fe",Fisk o skaldjursprodukter o rätter,5.6,mg
1391,Ostron konserv. m. lag,Energi (kJ),Fisk o skaldjursprodukter o rätter,243.0,kJ
1391,Ostron konserv. m. lag,Energi (kcal),Fisk o skaldjursprodukter o rätter,58.0,kcal
1391,Ostron konserv. m. lag,Disackarider,Fisk o skaldjursprodukter o rätter,0.0,g
1391,Ostron konserv. m. lag,"Kalcium, Ca",Fisk o skaldjursprodukter o rätter,28.0,mg
1391,Ostron konserv. m. lag,Fettsyra 4:0-10:0,Fisk o skaldjursprodukter o rätter,0.0,g
1391,Ostron konserv. m. lag,DHA (C22:6),Fisk o skaldjursprodukter o rätter,0.3,g
1391,Ostron konserv. m. lag,DPA (C22:5),Fisk o skaldjursprodukter o rätter,0.0,g
1391,Ostron konserv. m. lag,EPA (C20:5),Fisk o skaldjursprodukter o rätter,0.2,g
1391,Ostron konserv. m. lag,Arakidonsyra C20:4,Fisk o skaldjursprodukter o rätter,0.0,g
1391,Ostron konserv. m. lag,Arakidinsyra C20:0,Fisk o skaldjursprodukter o rätter,0.0,g
1391,Ostron konserv. m. lag,Linolensyra C18:3,Fisk o skaldjursprodukter o rätter,0.0,g
1391,Ostron konserv. m. lag,Linolsyra C18:2,Fisk o skaldjursprodukter o rätter,0.0,g
1391,Ostron konserv. m. lag,Oljesyra C18:1,Fisk o skaldjursprodukter o rätter,0.1,g
1391,Ostron konserv. m. lag,Stearinsyra C18:0,Fisk o skaldjursprodukter o rätter,0.1,g
1391,Ostron konserv. m. lag,Palmitoljesyra C16:1,Fisk o skaldjursprodukter o rätter,0.1,g
1391,Ostron konserv. m. lag,Palmitinsyra C16:0,Fisk o skaldjursprodukter o rätter,0.3,g
1391,Ostron konserv. m. lag,Myristinsyra C14:0,Fisk o skaldjursprodukter o rätter,0.1,g
1391,Ostron konserv. m. lag,Laurinsyra C12:0,Fisk o skaldjursprodukter o rätter,0.1,g
1391,Ostron konserv. m. lag,Betakaroten/β-Karoten,Fisk o skaldjursprodukter o rätter,0.0,µg
1391,Ostron konserv. m. lag,Avfall (skal etc.),Fisk o skaldjursprodukter o rätter,0.0,%
1391,Ostron konserv. m. lag,Aska,Fisk o skaldjursprodukter o rätter,2.2,g
1391,Ostron konserv. m. lag,Alkohol,Fisk o skaldjursprodukter o rätter,0.0,g
1392,Krabba Blå krabba kokt,"Zink, Zn",Skaldjur bläckfisk färsk fryst kokt,3.5,mg
1392,Krabba Blå krabba kokt,Vitamin E,Skaldjur bläckfisk färsk fryst kokt,1.2,mg
1392,Krabba Blå krabba kokt,Vitamin D,Skaldjur bläckfisk färsk fryst kokt,0.13,µg
1392,Krabba Blå krabba kokt,Vitamin C,Skaldjur bläckfisk färsk fryst kokt,0.0,mg
1392,Krabba Blå krabba kokt,Vitamin B6,Skaldjur bläckfisk färsk fryst kokt,0.3,mg
1392,Krabba Blå krabba kokt,Vitamin B12,Skaldjur bläckfisk färsk fryst kokt,0.5,µg
1392,Krabba Blå krabba kokt,Vitamin A,Skaldjur bläckfisk färsk fryst kokt,7.0,RE/µg
1392,Krabba Blå krabba kokt,Vatten,Skaldjur bläckfisk färsk fryst kokt,79.0,g
1392,Krabba Blå krabba kokt,Tiamin,Skaldjur bläckfisk färsk fryst kokt,0.08,mg
1392,Krabba Blå krabba kokt,Tillsatt socker,Skaldjur bläckfisk färsk fryst kokt,0.0,g
1392,Krabba Blå krabba kokt,Fritt socker,Skaldjur bläckfisk färsk fryst kokt,0.0,g
1392,Krabba Blå krabba kokt,"Selen, Se",Skaldjur bläckfisk färsk fryst kokt,50.0,µg
1392,Krabba Blå krabba kokt,Sackaros,Skaldjur bläckfisk färsk fryst kokt,0.0,g
1392,Krabba Blå krabba kokt,Riboflavin,Skaldjur bläckfisk färsk fryst kokt,0.08,mg
1392,Krabba Blå krabba kokt,Retinol,Skaldjur bläckfisk färsk fryst kokt,7.0,µg
1392,Krabba Blå krabba kokt,Protein,Skaldjur bläckfisk färsk fryst kokt,18.0,g
1392,Krabba Blå krabba kokt,Summa fleromättade fettsyror,Skaldjur bläckfisk färsk fryst kokt,0.4,g
1392,Krabba Blå krabba kokt,"Fosfor, P",Skaldjur bläckfisk färsk fryst kokt,229.0,mg
1392,Krabba Blå krabba kokt,Niacinekvivalenter,Skaldjur bläckfisk färsk fryst kokt,4.67,NE/mg
1392,Krabba Blå krabba kokt,Niacin,Skaldjur bläckfisk färsk fryst kokt,1.37,mg
1392,Krabba Blå krabba kokt,"Salt, NaCl",Skaldjur bläckfisk färsk fryst kokt,0.7,g
1392,Krabba Blå krabba kokt,"Natrium, Na",Skaldjur bläckfisk färsk fryst kokt,293.0,mg
1392,Krabba Blå krabba kokt,Monosackarider,Skaldjur bläckfisk färsk fryst kokt,0.0,g
1392,Krabba Blå krabba kokt,"Sockerarter, totalt",Skaldjur bläckfisk färsk fryst kokt,0.0,g
1392,Krabba Blå krabba kokt,Summa enkelomättade fettsyror,Skaldjur bläckfisk färsk fryst kokt,0.2,g
1392,Krabba Blå krabba kokt,"Magnesium, Mg",Skaldjur bläckfisk färsk fryst kokt,34.0,mg
1392,Krabba Blå krabba kokt,Summa mättade fettsyror,Skaldjur bläckfisk färsk fryst kokt,0.2,g
1392,Krabba Blå krabba kokt,"Kolhydrater, tillgängliga",Skaldjur bläckfisk färsk fryst kokt,0.0,g
1392,Krabba Blå krabba kokt,Kolesterol,Skaldjur bläckfisk färsk fryst kokt,78.0,mg
1392,Krabba Blå krabba kokt,"Kalium, K",Skaldjur bläckfisk färsk fryst kokt,329.0,mg
1392,Krabba Blå krabba kokt,"Jod, I",Skaldjur bläckfisk färsk fryst kokt,39.0,µg
1392,Krabba Blå krabba kokt,Fullkorn totalt,Skaldjur bläckfisk färsk fryst kokt,0.0,g
1392,Krabba Blå krabba kokt,"Folat, totalt",Skaldjur bläckfisk färsk fryst kokt,20.0,µg
1392,Krabba Blå krabba kokt,Fibrer,Skaldjur bläckfisk färsk fryst kokt,0.0,g
1392,Krabba Blå krabba kokt,"Fett, totalt",Skaldjur bläckfisk färsk fryst kokt,1.1,g
1392,Krabba Blå krabba kokt,"Järn, Fe",Skaldjur bläckfisk färsk fryst kokt,0.7,mg
1392,Krabba Blå krabba kokt,Energi (kJ),Skaldjur bläckfisk färsk fryst kokt,347.0,kJ
1392,Krabba Blå krabba kokt,Energi (kcal),Skaldjur bläckfisk färsk fryst kokt,83.0,kcal
1392,Krabba Blå krabba kokt,Disackarider,Skaldjur bläckfisk färsk fryst kokt,0.0,g
1392,Krabba Blå krabba kokt,"Kalcium, Ca",Skaldjur bläckfisk färsk fryst kokt,89.0,mg
1392,Krabba Blå krabba kokt,Fettsyra 4:0-10:0,Skaldjur bläckfisk färsk fryst kokt,0.0,g
1392,Krabba Blå krabba kokt,DHA (C22:6),Skaldjur bläckfisk färsk fryst kokt,0.2,g
1392,Krabba Blå krabba kokt,DPA (C22:5),Skaldjur bläckfisk färsk fryst kokt,0.0,g
1392,Krabba Blå krabba kokt,EPA (C20:5),Skaldjur bläckfisk färsk fryst kokt,0.2,g
1392,Krabba Blå krabba kokt,Arakidonsyra C20:4,Skaldjur bläckfisk färsk fryst kokt,0.1,g
1392,Krabba Blå krabba kokt,Arakidinsyra C20:0,Skaldjur bläckfisk färsk fryst kokt,0.0,g
1392,Krabba Blå krabba kokt,Linolensyra C18:3,Skaldjur bläckfisk färsk fryst kokt,0.0,g
1392,Krabba Blå krabba kokt,Linolsyra C18:2,Skaldjur bläckfisk färsk fryst kokt,0.0,g
1392,Krabba Blå krabba kokt,Oljesyra C18:1,Skaldjur bläckfisk färsk fryst kokt,0.1,g
1392,Krabba Blå krabba kokt,Stearinsyra C18:0,Skaldjur bläckfisk färsk fryst kokt,0.1,g
1392,Krabba Blå krabba kokt,Palmitoljesyra C16:1,Skaldjur bläckfisk färsk fryst kokt,0.1,g
1392,Krabba Blå krabba kokt,Palmitinsyra C16:0,Skaldjur bläckfisk färsk fryst kokt,0.1,g
1392,Krabba Blå krabba kokt,Myristinsyra C14:0,Skaldjur bläckfisk färsk fryst kokt,0.0,g
1392,Krabba Blå krabba kokt,Laurinsyra C12:0,Skaldjur bläckfisk färsk fryst kokt,0.0,g
1392,Krabba Blå krabba kokt,Betakaroten/β-Karoten,Skaldjur bläckfisk färsk fryst kokt,0.0,µg
1392,Krabba Blå krabba kokt,Avfall (skal etc.),Skaldjur bläckfisk färsk fryst kokt,84.0,%
1392,Krabba Blå krabba kokt,Aska,Skaldjur bläckfisk färsk fryst kokt,1.8,g
1392,Krabba Blå krabba kokt,Alkohol,Skaldjur bläckfisk färsk fryst kokt,0.0,g
1393,Hummer kokt,"Zink, Zn",Skaldjur bläckfisk färsk fryst kokt,4.0,mg
1393,Hummer kokt,Vitamin E,Skaldjur bläckfisk färsk fryst kokt,1.5,mg
1393,Hummer kokt,Vitamin D,Skaldjur bläckfisk färsk fryst kokt,1.0,µg
1393,Hummer kokt,Vitamin C,Skaldjur bläckfisk färsk fryst kokt,0.0,mg
1393,Hummer kokt,Vitamin B6,Skaldjur bläckfisk färsk fryst kokt,0.12,mg
1393,Hummer kokt,Vitamin B12,Skaldjur bläckfisk färsk fryst kokt,1.43,µg
1393,Hummer kokt,Vitamin A,Skaldjur bläckfisk färsk fryst kokt,1.0,RE/µg
1393,Hummer kokt,Vatten,Skaldjur bläckfisk färsk fryst kokt,78.1,g
1393,Hummer kokt,Tiamin,Skaldjur bläckfisk färsk fryst kokt,0.02,mg
1393,Hummer kokt,Tillsatt socker,Skaldjur bläckfisk färsk fryst kokt,0.0,g
1393,Hummer kokt,Fritt socker,Skaldjur bläckfisk färsk fryst kokt,0.0,g
1393,Hummer kokt,"Selen, Se",Skaldjur bläckfisk färsk fryst kokt,73.1,µg
1393,Hummer kokt,Sackaros,Skaldjur bläckfisk färsk fryst kokt,0.0,g
1393,Hummer kokt,Riboflavin,Skaldjur bläckfisk färsk fryst kokt,0.02,mg
1393,Hummer kokt,Retinol,Skaldjur bläckfisk färsk fryst kokt,1.0,µg
1393,Hummer kokt,Protein,Skaldjur bläckfisk färsk fryst kokt,19.0,g
1393,Hummer kokt,Summa fleromättade fettsyror,Skaldjur bläckfisk färsk fryst kokt,0.3,g
1393,Hummer kokt,"Fosfor, P",Skaldjur bläckfisk färsk fryst kokt,185.0,mg
1393,Hummer kokt,Niacinekvivalenter,Skaldjur bläckfisk färsk fryst kokt,5.0,NE/mg
1393,Hummer kokt,Niacin,Skaldjur bläckfisk färsk fryst kokt,1.83,mg
1393,Hummer kokt,"Salt, NaCl",Skaldjur bläckfisk färsk fryst kokt,1.2,g
1393,Hummer kokt,"Natrium, Na",Skaldjur bläckfisk färsk fryst kokt,486.0,mg
1393,Hummer kokt,Monosackarider,Skaldjur bläckfisk färsk fryst kokt,0.0,g
1393,Hummer kokt,"Sockerarter, totalt",Skaldjur bläckfisk färsk fryst kokt,0.0,g
1393,Hummer kokt,Summa enkelomättade fettsyror,Skaldjur bläckfisk färsk fryst kokt,0.3,g
1393,Hummer kokt,"Magnesium, Mg",Skaldjur bläckfisk färsk fryst kokt,43.0,mg
1393,Hummer kokt,Summa mättade fettsyror,Skaldjur bläckfisk färsk fryst kokt,0.2,g
1393,Hummer kokt,"Kolhydrater, tillgängliga",Skaldjur bläckfisk färsk fryst kokt,0.0,g
1393,Hummer kokt,Kolesterol,Skaldjur bläckfisk färsk fryst kokt,146.0,mg
1393,Hummer kokt,"Kalium, K",Skaldjur bläckfisk färsk fryst kokt,230.0,mg
1393,Hummer kokt,"Jod, I",Skaldjur bläckfisk färsk fryst kokt,350.0,µg
1393,Hummer kokt,Fullkorn totalt,Skaldjur bläckfisk färsk fryst kokt,0.0,g
1393,Hummer kokt,"Folat, totalt",Skaldjur bläckfisk färsk fryst kokt,11.0,µg
1393,Hummer kokt,Fibrer,Skaldjur bläckfisk färsk fryst kokt,0.0,g
1393,Hummer kokt,"Fett, totalt",Skaldjur bläckfisk färsk fryst kokt,0.9,g
1393,Hummer kokt,"Järn, Fe",Skaldjur bläckfisk färsk fryst kokt,0.3,mg
1393,Hummer kokt,Energi (kJ),Skaldjur bläckfisk färsk fryst kokt,355.0,kJ
1393,Hummer kokt,Energi (kcal),Skaldjur bläckfisk färsk fryst kokt,85.0,kcal
1393,Hummer kokt,Disackarider,Skaldjur bläckfisk färsk fryst kokt,0.0,g
1393,Hummer kokt,"Kalcium, Ca",Skaldjur bläckfisk färsk fryst kokt,96.0,mg
1393,Hummer kokt,Fettsyra 4:0-10:0,Skaldjur bläckfisk färsk fryst kokt,0.0,g
1393,Hummer kokt,DHA (C22:6),Skaldjur bläckfisk färsk fryst kokt,0.0,g
1393,Hummer kokt,DPA (C22:5),Skaldjur bläckfisk färsk fryst kokt,0.0,g
1393,Hummer kokt,EPA (C20:5),Skaldjur bläckfisk färsk fryst kokt,0.0,g
1393,Hummer kokt,Arakidonsyra C20:4,Skaldjur bläckfisk färsk fryst kokt,0.0,g
1393,Hummer kokt,Arakidinsyra C20:0,Skaldjur bläckfisk färsk fryst kokt,0.0,g
1393,Hummer kokt,Linolensyra C18:3,Skaldjur bläckfisk färsk fryst kokt,0.0,g
1393,Hummer kokt,Linolsyra C18:2,Skaldjur bläckfisk färsk fryst kokt,0.0,g
1393,Hummer kokt,Oljesyra C18:1,Skaldjur bläckfisk färsk fryst kokt,0.0,g
1393,Hummer kokt,Stearinsyra C18:0,Skaldjur bläckfisk färsk fryst kokt,0.0,g
1393,Hummer kokt,Palmitoljesyra C16:1,Skaldjur bläckfisk färsk fryst kokt,0.0,g
1393,Hummer kokt,Palmitinsyra C16:0,Skaldjur bläckfisk färsk fryst kokt,0.0,g
1393,Hummer kokt,Myristinsyra C14:0,Skaldjur bläckfisk färsk fryst kokt,0.0,g
1393,Hummer kokt,Laurinsyra C12:0,Skaldjur bläckfisk färsk fryst kokt,0.0,g
1393,Hummer kokt,Betakaroten/β-Karoten,Skaldjur bläckfisk färsk fryst kokt,0.0,µg
1393,Hummer kokt,Avfall (skal etc.),Skaldjur bläckfisk färsk fryst kokt,72.0,%
1393,Hummer kokt,Aska,Skaldjur bläckfisk färsk fryst kokt,2.1,g
1393,Hummer kokt,Alkohol,Skaldjur bläckfisk färsk fryst kokt,0.0,g
1394,Kräfta kokt,"Zink, Zn",Skaldjur bläckfisk färsk fryst kokt,2.1,mg
1394,Kräfta kokt,Vitamin E,Skaldjur bläckfisk färsk fryst kokt,2.0,mg
1394,Kräfta kokt,Vitamin D,Skaldjur bläckfisk färsk fryst kokt,0.0,µg
1394,Kräfta kokt,Vitamin C,Skaldjur bläckfisk färsk fryst kokt,0.0,mg
1394,Kräfta kokt,Vitamin B6,Skaldjur bläckfisk färsk fryst kokt,0.03,mg
1394,Kräfta kokt,Vitamin B12,Skaldjur bläckfisk färsk fryst kokt,3.63,µg
1394,Kräfta kokt,Vitamin A,Skaldjur bläckfisk färsk fryst kokt,10.9,RE/µg
1394,Kräfta kokt,Vatten,Skaldjur bläckfisk färsk fryst kokt,80.9,g
1394,Kräfta kokt,Tiamin,Skaldjur bläckfisk färsk fryst kokt,0.04,mg
1394,Kräfta kokt,Tillsatt socker,Skaldjur bläckfisk färsk fryst kokt,0.0,g
1394,Kräfta kokt,Fritt socker,Skaldjur bläckfisk färsk fryst kokt,0.0,g
1394,Kräfta kokt,"Selen, Se",Skaldjur bläckfisk färsk fryst kokt,18.0,µg
1394,Kräfta kokt,Sackaros,Skaldjur bläckfisk färsk fryst kokt,0.2,g
1394,Kräfta kokt,Riboflavin,Skaldjur bläckfisk färsk fryst kokt,0.12,mg
1394,Kräfta kokt,Retinol,Skaldjur bläckfisk färsk fryst kokt,0.0,µg
1394,Kräfta kokt,Protein,Skaldjur bläckfisk färsk fryst kokt,15.6,g
1394,Kräfta kokt,Summa fleromättade fettsyror,Skaldjur bläckfisk färsk fryst kokt,0.2,g
1394,Kräfta kokt,"Fosfor, P",Skaldjur bläckfisk färsk fryst kokt,148.0,mg
1394,Kräfta kokt,Niacinekvivalenter,Skaldjur bläckfisk färsk fryst kokt,4.4,NE/mg
1394,Kräfta kokt,Niacin,Skaldjur bläckfisk färsk fryst kokt,1.57,mg
1394,Kräfta kokt,"Salt, NaCl",Skaldjur bläckfisk färsk fryst kokt,2.2,g
1394,Kräfta kokt,"Natrium, Na",Skaldjur bläckfisk färsk fryst kokt,893.0,mg
1394,Kräfta kokt,Monosackarider,Skaldjur bläckfisk färsk fryst kokt,0.0,g
1394,Kräfta kokt,"Sockerarter, totalt",Skaldjur bläckfisk färsk fryst kokt,0.2,g
1394,Kräfta kokt,Summa enkelomättade fettsyror,Skaldjur bläckfisk färsk fryst kokt,0.2,g
1394,Kräfta kokt,"Magnesium, Mg",Skaldjur bläckfisk färsk fryst kokt,28.0,mg
1394,Kräfta kokt,Summa mättade fettsyror,Skaldjur bläckfisk färsk fryst kokt,0.1,g
1394,Kräfta kokt,"Kolhydrater, tillgängliga",Skaldjur bläckfisk färsk fryst kokt,0.2,g
1394,Kräfta kokt,Kolesterol,Skaldjur bläckfisk färsk fryst kokt,110.0,mg
1394,Kräfta kokt,"Kalium, K",Skaldjur bläckfisk färsk fryst kokt,148.0,mg
1394,Kräfta kokt,"Jod, I",Skaldjur bläckfisk färsk fryst kokt,77.0,µg
1394,Kräfta kokt,Fullkorn totalt,Skaldjur bläckfisk färsk fryst kokt,0.0,g
1394,Kräfta kokt,"Folat, totalt",Skaldjur bläckfisk färsk fryst kokt,30.0,µg
1394,Kräfta kokt,Fibrer,Skaldjur bläckfisk färsk fryst kokt,0.0,g
1394,Kräfta kokt,"Fett, totalt",Skaldjur bläckfisk färsk fryst kokt,0.8,g
1394,Kräfta kokt,"Järn, Fe",Skaldjur bläckfisk färsk fryst kokt,0.8,mg
1394,Kräfta kokt,Energi (kJ),Skaldjur bläckfisk färsk fryst kokt,299.0,kJ
1394,Kräfta kokt,Energi (kcal),Skaldjur bläckfisk färsk fryst kokt,71.0,kcal
1394,Kräfta kokt,Disackarider,Skaldjur bläckfisk färsk fryst kokt,0.2,g
1394,Kräfta kokt,"Kalcium, Ca",Skaldjur bläckfisk färsk fryst kokt,78.0,mg
1394,Kräfta kokt,Fettsyra 4:0-10:0,Skaldjur bläckfisk färsk fryst kokt,0.0,g
1394,Kräfta kokt,DHA (C22:6),Skaldjur bläckfisk färsk fryst kokt,0.0,g
1394,Kräfta kokt,DPA (C22:5),Skaldjur bläckfisk färsk fryst kokt,0.0,g
1394,Kräfta kokt,EPA (C20:5),Skaldjur bläckfisk färsk fryst kokt,0.1,g
1394,Kräfta kokt,Arakidonsyra C20:4,Skaldjur bläckfisk färsk fryst kokt,0.0,g
1394,Kräfta kokt,Arakidinsyra C20:0,Skaldjur bläckfisk färsk fryst kokt,0.0,g
1394,Kräfta kokt,Linolensyra C18:3,Skaldjur bläckfisk färsk fryst kokt,0.0,g
1394,Kräfta kokt,Linolsyra C18:2,Skaldjur bläckfisk färsk fryst kokt,0.1,g
1394,Kräfta kokt,Oljesyra C18:1,Skaldjur bläckfisk färsk fryst kokt,0.1,g
1394,Kräfta kokt,Stearinsyra C18:0,Skaldjur bläckfisk färsk fryst kokt,0.0,g
1394,Kräfta kokt,Palmitoljesyra C16:1,Skaldjur bläckfisk färsk fryst kokt,0.0,g
1394,Kräfta kokt,Palmitinsyra C16:0,Skaldjur bläckfisk färsk fryst kokt,0.1,g
1394,Kräfta kokt,Myristinsyra C14:0,Skaldjur bläckfisk färsk fryst kokt,0.0,g
1394,Kräfta kokt,Laurinsyra C12:0,Skaldjur bläckfisk färsk fryst kokt,0.0,g
1394,Kräfta kokt,Betakaroten/β-Karoten,Skaldjur bläckfisk färsk fryst kokt,126.0,µg
1394,Kräfta kokt,Avfall (skal etc.),Skaldjur bläckfisk färsk fryst kokt,88.0,%
1394,Kräfta kokt,Aska,Skaldjur bläckfisk färsk fryst kokt,3.0,g
1394,Kräfta kokt,Alkohol,Skaldjur bläckfisk färsk fryst kokt,0.0,g
1395,Räka kokt,"Zink, Zn",Skaldjur bläckfisk färsk fryst kokt,1.1,mg
1395,Räka kokt,Vitamin E,Skaldjur bläckfisk färsk fryst kokt,3.9,mg
1395,Räka kokt,Vitamin D inkl 25-OH-D3,Skaldjur bläckfisk färsk fryst kokt,0.0,µg
1395,Räka kokt,Vitamin D,Skaldjur bläckfisk färsk fryst kokt,0.0,µg
1395,Räka kokt,Vitamin C,Skaldjur bläckfisk färsk fryst kokt,0.0,mg
1395,Räka kokt,Vitamin B6,Skaldjur bläckfisk färsk fryst kokt,0.04,mg
1395,Räka kokt,Vitamin B12,Skaldjur bläckfisk färsk fryst kokt,3.52,µg
1395,Räka kokt,Vitamin A,Skaldjur bläckfisk färsk fryst kokt,0.0,RE/µg
1395,Räka kokt,Vatten,Skaldjur bläckfisk färsk fryst kokt,78.7,g
1395,Räka kokt,Tiamin,Skaldjur bläckfisk färsk fryst kokt,0.04,mg
1395,Räka kokt,Tillsatt socker,Skaldjur bläckfisk färsk fryst kokt,0.0,g
1395,Räka kokt,Fritt socker,Skaldjur bläckfisk färsk fryst kokt,0.0,g
1395,Räka kokt,"Selen, Se",Skaldjur bläckfisk färsk fryst kokt,23.0,µg
1395,Räka kokt,Sackaros,Skaldjur bläckfisk färsk fryst kokt,0.0,g
1395,Räka kokt,Riboflavin,Skaldjur bläckfisk färsk fryst kokt,0.0,mg
1395,Räka kokt,Retinol,Skaldjur bläckfisk färsk fryst kokt,0.0,µg
1395,Räka kokt,Protein,Skaldjur bläckfisk färsk fryst kokt,17.6,g
1395,Räka kokt,Summa fleromättade fettsyror,Skaldjur bläckfisk färsk fryst kokt,0.2,g
1395,Räka kokt,"Fosfor, P",Skaldjur bläckfisk färsk fryst kokt,147.0,mg
1395,Räka kokt,Niacinekvivalenter,Skaldjur bläckfisk färsk fryst kokt,4.2,NE/mg
1395,Räka kokt,Niacin,Skaldjur bläckfisk färsk fryst kokt,0.99,mg
1395,Räka kokt,"Salt, NaCl",Skaldjur bläckfisk färsk fryst kokt,1.6,g
1395,Räka kokt,"Natrium, Na",Skaldjur bläckfisk färsk fryst kokt,630.0,mg
1395,Räka kokt,Monosackarider,Skaldjur bläckfisk färsk fryst kokt,0.0,g
1395,Räka kokt,"Sockerarter, totalt",Skaldjur bläckfisk färsk fryst kokt,0.0,g
1395,Räka kokt,Summa enkelomättade fettsyror,Skaldjur bläckfisk färsk fryst kokt,0.2,g
1395,Räka kokt,"Magnesium, Mg",Skaldjur bläckfisk färsk fryst kokt,37.0,mg
1395,Räka kokt,Summa mättade fettsyror,Skaldjur bläckfisk färsk fryst kokt,0.1,g
1395,Räka kokt,"Kolhydrater, tillgängliga",Skaldjur bläckfisk färsk fryst kokt,0.0,g
1395,Räka kokt,Kolesterol,Skaldjur bläckfisk färsk fryst kokt,147.0,mg
1395,Räka kokt,"Kalium, K",Skaldjur bläckfisk färsk fryst kokt,88.0,mg
1395,Räka kokt,"Jod, I",Skaldjur bläckfisk färsk fryst kokt,20.0,µg
1395,Räka kokt,Fullkorn totalt,Skaldjur bläckfisk färsk fryst kokt,0.0,g
1395,Räka kokt,"Folat, totalt",Skaldjur bläckfisk färsk fryst kokt,14.0,µg
1395,Räka kokt,Fibrer,Skaldjur bläckfisk färsk fryst kokt,0.0,g
1395,Räka kokt,"Fett, totalt",Skaldjur bläckfisk färsk fryst kokt,0.6,g
1395,Räka kokt,"Järn, Fe",Skaldjur bläckfisk färsk fryst kokt,0.2,mg
1395,Räka kokt,Energi (kJ),Skaldjur bläckfisk färsk fryst kokt,323.0,kJ
1395,Räka kokt,Energi (kcal),Skaldjur bläckfisk färsk fryst kokt,77.0,kcal
1395,Räka kokt,Disackarider,Skaldjur bläckfisk färsk fryst kokt,0.0,g
1395,Räka kokt,"Kalcium, Ca",Skaldjur bläckfisk färsk fryst kokt,21.0,mg
1395,Räka kokt,Fettsyra 4:0-10:0,Skaldjur bläckfisk färsk fryst kokt,0.0,g
1395,Räka kokt,DHA (C22:6),Skaldjur bläckfisk färsk fryst kokt,0.1,g
1395,Räka kokt,DPA (C22:5),Skaldjur bläckfisk färsk fryst kokt,0.0,g
1395,Räka kokt,EPA (C20:5),Skaldjur bläckfisk färsk fryst kokt,0.1,g
1395,Räka kokt,Arakidonsyra C20:4,Skaldjur bläckfisk färsk fryst kokt,0.0,g
1395,Räka kokt,Arakidinsyra C20:0,Skaldjur bläckfisk färsk fryst kokt,0.0,g
1395,Räka kokt,Linolensyra C18:3,Skaldjur bläckfisk färsk fryst kokt,0.0,g
1395,Räka kokt,Linolsyra C18:2,Skaldjur bläckfisk färsk fryst kokt,0.0,g
1395,Räka kokt,Oljesyra C18:1,Skaldjur bläckfisk färsk fryst kokt,0.1,g
1395,Räka kokt,Stearinsyra C18:0,Skaldjur bläckfisk färsk fryst kokt,0.0,g
1395,Räka kokt,Palmitoljesyra C16:1,Skaldjur bläckfisk färsk fryst kokt,0.0,g
1395,Räka kokt,Palmitinsyra C16:0,Skaldjur bläckfisk färsk fryst kokt,0.1,g
1395,Räka kokt,Myristinsyra C14:0,Skaldjur bläckfisk färsk fryst kokt,0.0,g
1395,Räka kokt,Laurinsyra C12:0,Skaldjur bläckfisk färsk fryst kokt,0.0,g
1395,Räka kokt,Betakaroten/β-Karoten,Skaldjur bläckfisk färsk fryst kokt,0.0,µg
1395,Räka kokt,Avfall (skal etc.),Skaldjur bläckfisk färsk fryst kokt,62.0,%
1395,Räka kokt,Aska,Skaldjur bläckfisk färsk fryst kokt,2.2,g
1395,Räka kokt,Alkohol,Skaldjur bläckfisk färsk fryst kokt,0.0,g
1396,Hummer kokt el. konserv.,"Zink, Zn",Skaldjur bläckfisk färsk fryst kokt,3.4,mg
1396,Hummer kokt el. konserv.,Vitamin E,Skaldjur bläckfisk färsk fryst kokt,1.5,mg
1396,Hummer kokt el. konserv.,Vitamin D,Skaldjur bläckfisk färsk fryst kokt,0.0,µg
1396,Hummer kokt el. konserv.,Vitamin C,Skaldjur bläckfisk färsk fryst kokt,0.0,mg
1396,Hummer kokt el. konserv.,Vitamin B6,Skaldjur bläckfisk färsk fryst kokt,0.06,mg
1396,Hummer kokt el. konserv.,Vitamin B12,Skaldjur bläckfisk färsk fryst kokt,0.5,µg
1396,Hummer kokt el. konserv.,Vitamin A,Skaldjur bläckfisk färsk fryst kokt,0.0,RE/µg
1396,Hummer kokt el. konserv.,Vatten,Skaldjur bläckfisk färsk fryst kokt,77.0,g
1396,Hummer kokt el. konserv.,Tiamin,Skaldjur bläckfisk färsk fryst kokt,0.1,mg
1396,Hummer kokt el. konserv.,Tillsatt socker,Skaldjur bläckfisk färsk fryst kokt,0.0,g
1396,Hummer kokt el. konserv.,Fritt socker,Skaldjur bläckfisk färsk fryst kokt,0.0,g
1396,Hummer kokt el. konserv.,"Selen, Se",Skaldjur bläckfisk färsk fryst kokt,100.0,µg
1396,Hummer kokt el. konserv.,Sackaros,Skaldjur bläckfisk färsk fryst kokt,0.0,g
1396,Hummer kokt el. konserv.,Riboflavin,Skaldjur bläckfisk färsk fryst kokt,0.05,mg
1396,Hummer kokt el. konserv.,Retinol,Skaldjur bläckfisk färsk fryst kokt,0.0,µg
1396,Hummer kokt el. konserv.,Protein,Skaldjur bläckfisk färsk fryst kokt,18.7,g
1396,Hummer kokt el. konserv.,Summa fleromättade fettsyror,Skaldjur bläckfisk färsk fryst kokt,0.6,g
1396,Hummer kokt el. konserv.,"Fosfor, P",Skaldjur bläckfisk färsk fryst kokt,192.0,mg
1396,Hummer kokt el. konserv.,Niacinekvivalenter,Skaldjur bläckfisk färsk fryst kokt,4.93,NE/mg
1396,Hummer kokt el. konserv.,Niacin,Skaldjur bläckfisk färsk fryst kokt,1.5,mg
1396,Hummer kokt el. konserv.,"Salt, NaCl",Skaldjur bläckfisk färsk fryst kokt,0.8,g
1396,Hummer kokt el. konserv.,"Natrium, Na",Skaldjur bläckfisk färsk fryst kokt,330.0,mg
1396,Hummer kokt el. konserv.,Monosackarider,Skaldjur bläckfisk färsk fryst kokt,0.0,g
1396,Hummer kokt el. konserv.,"Sockerarter, totalt",Skaldjur bläckfisk färsk fryst kokt,0.0,g
1396,Hummer kokt el. konserv.,Summa enkelomättade fettsyror,Skaldjur bläckfisk färsk fryst kokt,0.3,g
1396,Hummer kokt el. konserv.,"Magnesium, Mg",Skaldjur bläckfisk färsk fryst kokt,47.0,mg
1396,Hummer kokt el. konserv.,Summa mättade fettsyror,Skaldjur bläckfisk färsk fryst kokt,0.2,g
1396,Hummer kokt el. konserv.,"Kolhydrater, tillgängliga",Skaldjur bläckfisk färsk fryst kokt,0.1,g
1396,Hummer kokt el. konserv.,Kolesterol,Skaldjur bläckfisk färsk fryst kokt,132.0,mg
1396,Hummer kokt el. konserv.,"Kalium, K",Skaldjur bläckfisk färsk fryst kokt,260.0,mg
1396,Hummer kokt el. konserv.,"Jod, I",Skaldjur bläckfisk färsk fryst kokt,350.0,µg
1396,Hummer kokt el. konserv.,Fullkorn totalt,Skaldjur bläckfisk färsk fryst kokt,0.0,g
1396,Hummer kokt el. konserv.,"Folat, totalt",Skaldjur bläckfisk färsk fryst kokt,17.0,µg
1396,Hummer kokt el. konserv.,Fibrer,Skaldjur bläckfisk färsk fryst kokt,0.0,g
1396,Hummer kokt el. konserv.,"Fett, totalt",Skaldjur bläckfisk färsk fryst kokt,1.5,g
1396,Hummer kokt el. konserv.,"Järn, Fe",Skaldjur bläckfisk färsk fryst kokt,0.8,mg
1396,Hummer kokt el. konserv.,Energi (kJ),Skaldjur bläckfisk färsk fryst kokt,375.0,kJ
1396,Hummer kokt el. konserv.,Energi (kcal),Skaldjur bläckfisk färsk fryst kokt,90.0,kcal
1396,Hummer kokt el. konserv.,Disackarider,Skaldjur bläckfisk färsk fryst kokt,0.0,g
1396,Hummer kokt el. konserv.,"Kalcium, Ca",Skaldjur bläckfisk färsk fryst kokt,65.0,mg
1396,Hummer kokt el. konserv.,Fettsyra 4:0-10:0,Skaldjur bläckfisk färsk fryst kokt,0.0,g
1396,Hummer kokt el. konserv.,DHA (C22:6),Skaldjur bläckfisk färsk fryst kokt,0.1,g
1396,Hummer kokt el. konserv.,DPA (C22:5),Skaldjur bläckfisk färsk fryst kokt,0.0,g
1396,Hummer kokt el. konserv.,EPA (C20:5),Skaldjur bläckfisk färsk fryst kokt,0.2,g
1396,Hummer kokt el. konserv.,Arakidonsyra C20:4,Skaldjur bläckfisk färsk fryst kokt,0.0,g
1396,Hummer kokt el. konserv.,Arakidinsyra C20:0,Skaldjur bläckfisk färsk fryst kokt,0.0,g
1396,Hummer kokt el. konserv.,Linolensyra C18:3,Skaldjur bläckfisk färsk fryst kokt,0.0,g
1396,Hummer kokt el. konserv.,Linolsyra C18:2,Skaldjur bläckfisk färsk fryst kokt,0.0,g
1396,Hummer kokt el. konserv.,Oljesyra C18:1,Skaldjur bläckfisk färsk fryst kokt,0.2,g
1396,Hummer kokt el. konserv.,Stearinsyra C18:0,Skaldjur bläckfisk färsk fryst kokt,0.0,g
1396,Hummer kokt el. konserv.,Palmitoljesyra C16:1,Skaldjur bläckfisk färsk fryst kokt,0.0,g
1396,Hummer kokt el. konserv.,Palmitinsyra C16:0,Skaldjur bläckfisk färsk fryst kokt,0.0,g
1396,Hummer kokt el. konserv.,Myristinsyra C14:0,Skaldjur bläckfisk färsk fryst kokt,0.1,g
1396,Hummer kokt el. konserv.,Laurinsyra C12:0,Skaldjur bläckfisk färsk fryst kokt,0.0,g
1396,Hummer kokt el. konserv.,Betakaroten/β-Karoten,Skaldjur bläckfisk färsk fryst kokt,0.0,µg
1396,Hummer kokt el. konserv.,Avfall (skal etc.),Skaldjur bläckfisk färsk fryst kokt,72.0,%
1396,Hummer kokt el. konserv.,Aska,Skaldjur bläckfisk färsk fryst kokt,2.7,g
1396,Hummer kokt el. konserv.,Alkohol,Skaldjur bläckfisk färsk fryst kokt,0.0,g
1397,Krabba kokt,"Zink, Zn",Skaldjur bläckfisk färsk fryst kokt,6.6,mg
1397,Krabba kokt,Vitamin E,Skaldjur bläckfisk färsk fryst kokt,4.7,mg
1397,Krabba kokt,Vitamin D,Skaldjur bläckfisk färsk fryst kokt,0.0,µg
1397,Krabba kokt,Vitamin C,Skaldjur bläckfisk färsk fryst kokt,0.0,mg
1397,Krabba kokt,Vitamin B6,Skaldjur bläckfisk färsk fryst kokt,0.16,mg
1397,Krabba kokt,Vitamin B12,Skaldjur bläckfisk färsk fryst kokt,12.9,µg
1397,Krabba kokt,Vitamin A,Skaldjur bläckfisk färsk fryst kokt,3.0,RE/µg
1397,Krabba kokt,Vatten,Skaldjur bläckfisk färsk fryst kokt,72.0,g
1397,Krabba kokt,Tiamin,Skaldjur bläckfisk färsk fryst kokt,0.04,mg
1397,Krabba kokt,Tillsatt socker,Skaldjur bläckfisk färsk fryst kokt,0.0,g
1397,Krabba kokt,Fritt socker,Skaldjur bläckfisk färsk fryst kokt,0.0,g
1397,Krabba kokt,"Selen, Se",Skaldjur bläckfisk färsk fryst kokt,156.0,µg
1397,Krabba kokt,Sackaros,Skaldjur bläckfisk färsk fryst kokt,0.0,g
1397,Krabba kokt,Riboflavin,Skaldjur bläckfisk färsk fryst kokt,0.88,mg
1397,Krabba kokt,Retinol,Skaldjur bläckfisk färsk fryst kokt,3.0,µg
1397,Krabba kokt,Protein,Skaldjur bläckfisk färsk fryst kokt,19.7,g
1397,Krabba kokt,Summa fleromättade fettsyror,Skaldjur bläckfisk färsk fryst kokt,1.0,g
1397,Krabba kokt,"Fosfor, P",Skaldjur bläckfisk färsk fryst kokt,318.0,mg
1397,Krabba kokt,Niacinekvivalenter,Skaldjur bläckfisk färsk fryst kokt,4.0,NE/mg
1397,Krabba kokt,Niacin,Skaldjur bläckfisk färsk fryst kokt,0.75,mg
1397,Krabba kokt,"Salt, NaCl",Skaldjur bläckfisk färsk fryst kokt,0.8,g
1397,Krabba kokt,"Natrium, Na",Skaldjur bläckfisk färsk fryst kokt,336.0,mg
1397,Krabba kokt,Monosackarider,Skaldjur bläckfisk färsk fryst kokt,0.0,g
1397,Krabba kokt,"Sockerarter, totalt",Skaldjur bläckfisk färsk fryst kokt,0.0,g
1397,Krabba kokt,Summa enkelomättade fettsyror,Skaldjur bläckfisk färsk fryst kokt,0.9,g
1397,Krabba kokt,"Magnesium, Mg",Skaldjur bläckfisk färsk fryst kokt,42.0,mg
1397,Krabba kokt,Summa mättade fettsyror,Skaldjur bläckfisk färsk fryst kokt,0.6,g
1397,Krabba kokt,"Kolhydrater, tillgängliga",Skaldjur bläckfisk färsk fryst kokt,2.2,g
1397,Krabba kokt,Kolesterol,Skaldjur bläckfisk färsk fryst kokt,168.5,mg
1397,Krabba kokt,"Kalium, K",Skaldjur bläckfisk färsk fryst kokt,204.0,mg
1397,Krabba kokt,"Jod, I",Skaldjur bläckfisk färsk fryst kokt,218.0,µg
1397,Krabba kokt,Fullkorn totalt,Skaldjur bläckfisk färsk fryst kokt,0.0,g
1397,Krabba kokt,"Folat, totalt",Skaldjur bläckfisk färsk fryst kokt,12.5,µg
1397,Krabba kokt,Fibrer,Skaldjur bläckfisk färsk fryst kokt,0.0,g
1397,Krabba kokt,"Fett, totalt",Skaldjur bläckfisk färsk fryst kokt,4.0,g
1397,Krabba kokt,"Järn, Fe",Skaldjur bläckfisk färsk fryst kokt,1.5,mg
1397,Krabba kokt,Energi (kJ),Skaldjur bläckfisk färsk fryst kokt,521.0,kJ
1397,Krabba kokt,Energi (kcal),Skaldjur bläckfisk färsk fryst kokt,125.0,kcal
1397,Krabba kokt,Disackarider,Skaldjur bläckfisk färsk fryst kokt,0.0,g
1397,Krabba kokt,"Kalcium, Ca",Skaldjur bläckfisk färsk fryst kokt,226.0,mg
1397,Krabba kokt,Fettsyra 4:0-10:0,Skaldjur bläckfisk färsk fryst kokt,0.0,g
1397,Krabba kokt,DHA (C22:6),Skaldjur bläckfisk färsk fryst kokt,0.3,g
1397,Krabba kokt,DPA (C22:5),Skaldjur bläckfisk färsk fryst kokt,0.0,g
1397,Krabba kokt,EPA (C20:5),Skaldjur bläckfisk färsk fryst kokt,0.4,g
1397,Krabba kokt,Arakidonsyra C20:4,Skaldjur bläckfisk färsk fryst kokt,0.1,g
1397,Krabba kokt,Arakidinsyra C20:0,Skaldjur bläckfisk färsk fryst kokt,0.0,g
1397,Krabba kokt,Linolensyra C18:3,Skaldjur bläckfisk färsk fryst kokt,0.0,g
1397,Krabba kokt,Linolsyra C18:2,Skaldjur bläckfisk färsk fryst kokt,0.0,g
1397,Krabba kokt,Oljesyra C18:1,Skaldjur bläckfisk färsk fryst kokt,0.6,g
1397,Krabba kokt,Stearinsyra C18:0,Skaldjur bläckfisk färsk fryst kokt,0.1,g
1397,Krabba kokt,Palmitoljesyra C16:1,Skaldjur bläckfisk färsk fryst kokt,0.2,g
1397,Krabba kokt,Palmitinsyra C16:0,Skaldjur bläckfisk färsk fryst kokt,0.3,g
1397,Krabba kokt,Myristinsyra C14:0,Skaldjur bläckfisk färsk fryst kokt,0.0,g
1397,Krabba kokt,Laurinsyra C12:0,Skaldjur bläckfisk färsk fryst kokt,0.0,g
1397,Krabba kokt,Betakaroten/β-Karoten,Skaldjur bläckfisk färsk fryst kokt,0.0,µg
1397,Krabba kokt,Avfall (skal etc.),Skaldjur bläckfisk färsk fryst kokt,84.0,%
1397,Krabba kokt,Aska,Skaldjur bläckfisk färsk fryst kokt,2.0,g
1397,Krabba kokt,Alkohol,Skaldjur bläckfisk färsk fryst kokt,0.0,g
1398,Krabba konserv.,"Zink, Zn",Fisk o skaldjursprodukter o rätter,5.0,mg
1398,Krabba konserv.,Vitamin E,Fisk o skaldjursprodukter o rätter,1.2,mg
1398,Krabba konserv.,Vitamin D,Fisk o skaldjursprodukter o rätter,0.13,µg
1398,Krabba konserv.,Vitamin C,Fisk o skaldjursprodukter o rätter,0.0,mg
1398,Krabba konserv.,Vitamin B6,Fisk o skaldjursprodukter o rätter,0.3,mg
1398,Krabba konserv.,Vitamin B12,Fisk o skaldjursprodukter o rätter,13.5,µg
1398,Krabba konserv.,Vitamin A,Fisk o skaldjursprodukter o rätter,9.0,RE/µg
1398,Krabba konserv.,Vatten,Fisk o skaldjursprodukter o rätter,77.0,g
1398,Krabba konserv.,Tiamin,Fisk o skaldjursprodukter o rätter,0.08,mg
1398,Krabba konserv.,Tillsatt socker,Fisk o skaldjursprodukter o rätter,0.0,g
1398,Krabba konserv.,Fritt socker,Fisk o skaldjursprodukter o rätter,0.0,g
1398,Krabba konserv.,"Selen, Se",Fisk o skaldjursprodukter o rätter,50.0,µg
1398,Krabba konserv.,Sackaros,Fisk o skaldjursprodukter o rätter,0.0,g
1398,Krabba konserv.,Riboflavin,Fisk o skaldjursprodukter o rätter,0.08,mg
1398,Krabba konserv.,Retinol,Fisk o skaldjursprodukter o rätter,9.0,µg
1398,Krabba konserv.,Protein,Fisk o skaldjursprodukter o rätter,17.4,g
1398,Krabba konserv.,Summa fleromättade fettsyror,Fisk o skaldjursprodukter o rätter,0.8,g
1398,Krabba konserv.,"Fosfor, P",Fisk o skaldjursprodukter o rätter,140.0,mg
1398,Krabba konserv.,Niacinekvivalenter,Fisk o skaldjursprodukter o rätter,5.09,NE/mg
1398,Krabba konserv.,Niacin,Fisk o skaldjursprodukter o rätter,1.9,mg
1398,Krabba konserv.,"Salt, NaCl",Fisk o skaldjursprodukter o rätter,1.4,g
1398,Krabba konserv.,"Natrium, Na",Fisk o skaldjursprodukter o rätter,550.0,mg
1398,Krabba konserv.,Monosackarider,Fisk o skaldjursprodukter o rätter,0.0,g
1398,Krabba konserv.,"Sockerarter, totalt",Fisk o skaldjursprodukter o rätter,0.0,g
1398,Krabba konserv.,Summa enkelomättade fettsyror,Fisk o skaldjursprodukter o rätter,0.5,g
1398,Krabba konserv.,"Magnesium, Mg",Fisk o skaldjursprodukter o rätter,32.0,mg
1398,Krabba konserv.,Summa mättade fettsyror,Fisk o skaldjursprodukter o rätter,0.3,g
1398,Krabba konserv.,"Kolhydrater, tillgängliga",Fisk o skaldjursprodukter o rätter,1.3,g
1398,Krabba konserv.,Kolesterol,Fisk o skaldjursprodukter o rätter,87.0,mg
1398,Krabba konserv.,"Kalium, K",Fisk o skaldjursprodukter o rätter,110.0,mg
1398,Krabba konserv.,"Jod, I",Fisk o skaldjursprodukter o rätter,268.0,µg
1398,Krabba konserv.,Fullkorn totalt,Fisk o skaldjursprodukter o rätter,0.0,g
1398,Krabba konserv.,"Folat, totalt",Fisk o skaldjursprodukter o rätter,10.0,µg
1398,Krabba konserv.,Fibrer,Fisk o skaldjursprodukter o rätter,0.0,g
1398,Krabba konserv.,"Fett, totalt",Fisk o skaldjursprodukter o rätter,2.5,g
1398,Krabba konserv.,"Järn, Fe",Fisk o skaldjursprodukter o rätter,0.8,mg
1398,Krabba konserv.,Energi (kJ),Fisk o skaldjursprodukter o rätter,410.0,kJ
1398,Krabba konserv.,Energi (kcal),Fisk o skaldjursprodukter o rätter,98.0,kcal
1398,Krabba konserv.,Disackarider,Fisk o skaldjursprodukter o rätter,0.0,g
1398,Krabba konserv.,"Kalcium, Ca",Fisk o skaldjursprodukter o rätter,120.0,mg
1398,Krabba konserv.,Fettsyra 4:0-10:0,Fisk o skaldjursprodukter o rätter,0.0,g
1398,Krabba konserv.,DHA (C22:6),Fisk o skaldjursprodukter o rätter,0.2,g
1398,Krabba konserv.,DPA (C22:5),Fisk o skaldjursprodukter o rätter,0.0,g
1398,Krabba konserv.,EPA (C20:5),Fisk o skaldjursprodukter o rätter,0.4,g
1398,Krabba konserv.,Arakidonsyra C20:4,Fisk o skaldjursprodukter o rätter,0.0,g
1398,Krabba konserv.,Arakidinsyra C20:0,Fisk o skaldjursprodukter o rätter,0.0,g
1398,Krabba konserv.,Linolensyra C18:3,Fisk o skaldjursprodukter o rätter,0.1,g
1398,Krabba konserv.,Linolsyra C18:2,Fisk o skaldjursprodukter o rätter,0.1,g
1398,Krabba konserv.,Oljesyra C18:1,Fisk o skaldjursprodukter o rätter,0.3,g
1398,Krabba konserv.,Stearinsyra C18:0,Fisk o skaldjursprodukter o rätter,0.1,g
1398,Krabba konserv.,Palmitoljesyra C16:1,Fisk o skaldjursprodukter o rätter,0.1,g
1398,Krabba konserv.,Palmitinsyra C16:0,Fisk o skaldjursprodukter o rätter,0.2,g
1398,Krabba konserv.,Myristinsyra C14:0,Fisk o skaldjursprodukter o rätter,0.0,g
1398,Krabba konserv.,Laurinsyra C12:0,Fisk o skaldjursprodukter o rätter,0.0,g
1398,Krabba konserv.,Betakaroten/β-Karoten,Fisk o skaldjursprodukter o rätter,0.0,µg
1398,Krabba konserv.,Avfall (skal etc.),Fisk o skaldjursprodukter o rätter,0.0,%
1398,Krabba konserv.,Aska,Fisk o skaldjursprodukter o rätter,1.8,g
1398,Krabba konserv.,Alkohol,Fisk o skaldjursprodukter o rätter,0.0,g
1399,Räka konserv. m. lag,"Zink, Zn",Fisk o skaldjursprodukter o rätter,1.1,mg
1399,Räka konserv. m. lag,Vitamin E,Fisk o skaldjursprodukter o rätter,1.2,mg
1399,Räka konserv. m. lag,Vitamin D,Fisk o skaldjursprodukter o rätter,0.32,µg
1399,Räka konserv. m. lag,Vitamin C,Fisk o skaldjursprodukter o rätter,0.0,mg
1399,Räka konserv. m. lag,Vitamin B6,Fisk o skaldjursprodukter o rätter,0.06,mg
1399,Räka konserv. m. lag,Vitamin B12,Fisk o skaldjursprodukter o rätter,0.6,µg
1399,Räka konserv. m. lag,Vitamin A,Fisk o skaldjursprodukter o rätter,15.0,RE/µg
1399,Räka konserv. m. lag,Vatten,Fisk o skaldjursprodukter o rätter,78.0,g
1399,Räka konserv. m. lag,Tiamin,Fisk o skaldjursprodukter o rätter,0.01,mg
1399,Räka konserv. m. lag,Tillsatt socker,Fisk o skaldjursprodukter o rätter,0.0,g
1399,Räka konserv. m. lag,Fritt socker,Fisk o skaldjursprodukter o rätter,0.0,g
1399,Räka konserv. m. lag,"Selen, Se",Fisk o skaldjursprodukter o rätter,21.0,µg
1399,Räka konserv. m. lag,Sackaros,Fisk o skaldjursprodukter o rätter,0.0,g
1399,Räka konserv. m. lag,Riboflavin,Fisk o skaldjursprodukter o rätter,0.03,mg
1399,Räka konserv. m. lag,Retinol,Fisk o skaldjursprodukter o rätter,15.0,µg
1399,Räka konserv. m. lag,Protein,Fisk o skaldjursprodukter o rätter,16.2,g
1399,Räka konserv. m. lag,Summa fleromättade fettsyror,Fisk o skaldjursprodukter o rätter,0.2,g
1399,Räka konserv. m. lag,"Fosfor, P",Fisk o skaldjursprodukter o rätter,152.0,mg
1399,Räka konserv. m. lag,Niacinekvivalenter,Fisk o skaldjursprodukter o rätter,4.47,NE/mg
1399,Räka konserv. m. lag,Niacin,Fisk o skaldjursprodukter o rätter,1.5,mg
1399,Räka konserv. m. lag,"Salt, NaCl",Fisk o skaldjursprodukter o rätter,2.4,g
1399,Räka konserv. m. lag,"Natrium, Na",Fisk o skaldjursprodukter o rätter,980.0,mg
1399,Räka konserv. m. lag,Monosackarider,Fisk o skaldjursprodukter o rätter,0.0,g
1399,Räka konserv. m. lag,"Sockerarter, totalt",Fisk o skaldjursprodukter o rätter,0.0,g
1399,Räka konserv. m. lag,Summa enkelomättade fettsyror,Fisk o skaldjursprodukter o rätter,0.2,g
1399,Räka konserv. m. lag,"Magnesium, Mg",Fisk o skaldjursprodukter o rätter,32.0,mg
1399,Räka konserv. m. lag,Summa mättade fettsyror,Fisk o skaldjursprodukter o rätter,0.1,g
1399,Räka konserv. m. lag,"Kolhydrater, tillgängliga",Fisk o skaldjursprodukter o rätter,1.0,g
1399,Räka konserv. m. lag,Kolesterol,Fisk o skaldjursprodukter o rätter,170.0,mg
1399,Räka konserv. m. lag,"Kalium, K",Fisk o skaldjursprodukter o rätter,122.0,mg
1399,Räka konserv. m. lag,"Jod, I",Fisk o skaldjursprodukter o rätter,11.9,µg
1399,Räka konserv. m. lag,Fullkorn totalt,Fisk o skaldjursprodukter o rätter,0.0,g
1399,Räka konserv. m. lag,"Folat, totalt",Fisk o skaldjursprodukter o rätter,1.5,µg
1399,Räka konserv. m. lag,Fibrer,Fisk o skaldjursprodukter o rätter,0.0,g
1399,Räka konserv. m. lag,"Fett, totalt",Fisk o skaldjursprodukter o rätter,0.8,g
1399,Räka konserv. m. lag,"Järn, Fe",Fisk o skaldjursprodukter o rätter,1.8,mg
1399,Räka konserv. m. lag,Energi (kJ),Fisk o skaldjursprodukter o rätter,322.0,kJ
1399,Räka konserv. m. lag,Energi (kcal),Fisk o skaldjursprodukter o rätter,77.0,kcal
1399,Räka konserv. m. lag,Disackarider,Fisk o skaldjursprodukter o rätter,0.0,g
1399,Räka konserv. m. lag,"Kalcium, Ca",Fisk o skaldjursprodukter o rätter,59.0,mg
1399,Räka konserv. m. lag,Fettsyra 4:0-10:0,Fisk o skaldjursprodukter o rätter,0.0,g
1399,Räka konserv. m. lag,DHA (C22:6),Fisk o skaldjursprodukter o rätter,0.1,g
1399,Räka konserv. m. lag,DPA (C22:5),Fisk o skaldjursprodukter o rätter,0.0,g
1399,Räka konserv. m. lag,EPA (C20:5),Fisk o skaldjursprodukter o rätter,0.1,g
1399,Räka konserv. m. lag,Arakidonsyra C20:4,Fisk o skaldjursprodukter o rätter,0.0,g
1399,Räka konserv. m. lag,Arakidinsyra C20:0,Fisk o skaldjursprodukter o rätter,0.0,g
1399,Räka konserv. m. lag,Linolensyra C18:3,Fisk o skaldjursprodukter o rätter,0.0,g
1399,Räka konserv. m. lag,Linolsyra C18:2,Fisk o skaldjursprodukter o rätter,0.0,g
1399,Räka konserv. m. lag,Oljesyra C18:1,Fisk o skaldjursprodukter o rätter,0.1,g
1399,Räka konserv. m. lag,Stearinsyra C18:0,Fisk o skaldjursprodukter o rätter,0.0,g
1399,Räka konserv. m. lag,Palmitoljesyra C16:1,Fisk o skaldjursprodukter o rätter,0.0,g
1399,Räka konserv. m. lag,Palmitinsyra C16:0,Fisk o skaldjursprodukter o rätter,0.1,g
1399,Räka konserv. m. lag,Myristinsyra C14:0,Fisk o skaldjursprodukter o rätter,0.0,g
1399,Räka konserv. m. lag,Laurinsyra C12:0,Fisk o skaldjursprodukter o rätter,0.0,g
1399,Räka konserv. m. lag,Betakaroten/β-Karoten,Fisk o skaldjursprodukter o rätter,0.0,µg
1399,Räka konserv. m. lag,Avfall (skal etc.),Fisk o skaldjursprodukter o rätter,0.0,%
1399,Räka konserv. m. lag,Aska,Fisk o skaldjursprodukter o rätter,4.0,g
1399,Räka konserv. m. lag,Alkohol,Fisk o skaldjursprodukter o rätter,0.0,g
1400,Räka konserv. u. lag,"Zink, Zn",Fisk o skaldjursprodukter o rätter,0.7,mg
1400,Räka konserv. u. lag,Vitamin E,Fisk o skaldjursprodukter o rätter,3.1,mg
1400,Räka konserv. u. lag,Vitamin D inkl 25-OH-D3,Fisk o skaldjursprodukter o rätter,0.0,µg
1400,Räka konserv. u. lag,Vitamin D,Fisk o skaldjursprodukter o rätter,0.0,µg
1400,Räka konserv. u. lag,Vitamin C,Fisk o skaldjursprodukter o rätter,0.0,mg
1400,Räka konserv. u. lag,Vitamin B6,Fisk o skaldjursprodukter o rätter,0.0,mg
1400,Räka konserv. u. lag,Vitamin B12,Fisk o skaldjursprodukter o rätter,1.76,µg
1400,Räka konserv. u. lag,Vitamin A,Fisk o skaldjursprodukter o rätter,0.0,RE/µg
1400,Räka konserv. u. lag,Vatten,Fisk o skaldjursprodukter o rätter,79.2,g
1400,Räka konserv. u. lag,Tiamin,Fisk o skaldjursprodukter o rätter,0.01,mg
1400,Räka konserv. u. lag,Tillsatt socker,Fisk o skaldjursprodukter o rätter,0.0,g
1400,Räka konserv. u. lag,Fritt socker,Fisk o skaldjursprodukter o rätter,0.0,g
1400,Räka konserv. u. lag,"Selen, Se",Fisk o skaldjursprodukter o rätter,20.3,µg
1400,Räka konserv. u. lag,Sackaros,Fisk o skaldjursprodukter o rätter,0.0,g
1400,Räka konserv. u. lag,Riboflavin,Fisk o skaldjursprodukter o rätter,0.0,mg
1400,Räka konserv. u. lag,Retinol,Fisk o skaldjursprodukter o rätter,0.0,µg
1400,Räka konserv. u. lag,Protein,Fisk o skaldjursprodukter o rätter,16.2,g
1400,Räka konserv. u. lag,Summa fleromättade fettsyror,Fisk o skaldjursprodukter o rätter,0.1,g
1400,Räka konserv. u. lag,"Fosfor, P",Fisk o skaldjursprodukter o rätter,99.0,mg
1400,Räka konserv. u. lag,Niacinekvivalenter,Fisk o skaldjursprodukter o rätter,3.0,NE/mg
1400,Räka konserv. u. lag,Niacin,Fisk o skaldjursprodukter o rätter,0.28,mg
1400,Räka konserv. u. lag,"Salt, NaCl",Fisk o skaldjursprodukter o rätter,2.5,g
1400,Räka konserv. u. lag,"Natrium, Na",Fisk o skaldjursprodukter o rätter,1010.0,mg
1400,Räka konserv. u. lag,Monosackarider,Fisk o skaldjursprodukter o rätter,0.0,g
1400,Räka konserv. u. lag,"Sockerarter, totalt",Fisk o skaldjursprodukter o rätter,0.0,g
1400,Räka konserv. u. lag,Summa enkelomättade fettsyror,Fisk o skaldjursprodukter o rätter,0.1,g
1400,Räka konserv. u. lag,"Magnesium, Mg",Fisk o skaldjursprodukter o rätter,19.0,mg
1400,Räka konserv. u. lag,Summa mättade fettsyror,Fisk o skaldjursprodukter o rätter,0.0,g
1400,Räka konserv. u. lag,"Kolhydrater, tillgängliga",Fisk o skaldjursprodukter o rätter,1.2,g
1400,Räka konserv. u. lag,Kolesterol,Fisk o skaldjursprodukter o rätter,172.0,mg
1400,Räka konserv. u. lag,"Kalium, K",Fisk o skaldjursprodukter o rätter,94.0,mg
1400,Räka konserv. u. lag,"Jod, I",Fisk o skaldjursprodukter o rätter,11.9,µg
1400,Räka konserv. u. lag,Fullkorn totalt,Fisk o skaldjursprodukter o rätter,0.0,g
1400,Räka konserv. u. lag,"Folat, totalt",Fisk o skaldjursprodukter o rätter,4.4,µg
1400,Räka konserv. u. lag,Fibrer,Fisk o skaldjursprodukter o rätter,0.0,g
1400,Räka konserv. u. lag,"Fett, totalt",Fisk o skaldjursprodukter o rätter,0.3,g
1400,Räka konserv. u. lag,"Järn, Fe",Fisk o skaldjursprodukter o rätter,0.1,mg
1400,Räka konserv. u. lag,Energi (kJ),Fisk o skaldjursprodukter o rätter,306.0,kJ
1400,Räka konserv. u. lag,Energi (kcal),Fisk o skaldjursprodukter o rätter,73.0,kcal
1400,Räka konserv. u. lag,Disackarider,Fisk o skaldjursprodukter o rätter,0.0,g
1400,Räka konserv. u. lag,"Kalcium, Ca",Fisk o skaldjursprodukter o rätter,36.0,mg
1400,Räka konserv. u. lag,Fettsyra 4:0-10:0,Fisk o skaldjursprodukter o rätter,0.0,g
1400,Räka konserv. u. lag,DHA (C22:6),Fisk o skaldjursprodukter o rätter,0.0,g
1400,Räka konserv. u. lag,DPA (C22:5),Fisk o skaldjursprodukter o rätter,0.0,g
1400,Räka konserv. u. lag,EPA (C20:5),Fisk o skaldjursprodukter o rätter,0.0,g
1400,Räka konserv. u. lag,Arakidonsyra C20:4,Fisk o skaldjursprodukter o rätter,0.0,g
1400,Räka konserv. u. lag,Arakidinsyra C20:0,Fisk o skaldjursprodukter o rätter,0.0,g
1400,Räka konserv. u. lag,Linolensyra C18:3,Fisk o skaldjursprodukter o rätter,0.0,g
1400,Räka konserv. u. lag,Linolsyra C18:2,Fisk o skaldjursprodukter o rätter,0.0,g
1400,Räka konserv. u. lag,Oljesyra C18:1,Fisk o skaldjursprodukter o rätter,0.0,g
1400,Räka konserv. u. lag,Stearinsyra C18:0,Fisk o skaldjursprodukter o rätter,0.0,g
1400,Räka konserv. u. lag,Palmitoljesyra C16:1,Fisk o skaldjursprodukter o rätter,0.0,g
1400,Räka konserv. u. lag,Palmitinsyra C16:0,Fisk o skaldjursprodukter o rätter,0.0,g
1400,Räka konserv. u. lag,Myristinsyra C14:0,Fisk o skaldjursprodukter o rätter,0.0,g
1400,Räka konserv. u. lag,Laurinsyra C12:0,Fisk o skaldjursprodukter o rätter,0.0,g
1400,Räka konserv. u. lag,Betakaroten/β-Karoten,Fisk o skaldjursprodukter o rätter,0.0,µg
1400,Räka konserv. u. lag,Avfall (skal etc.),Fisk o skaldjursprodukter o rätter,0.0,%
1400,Räka konserv. u. lag,Aska,Fisk o skaldjursprodukter o rätter,3.0,g
1400,Räka konserv. u. lag,Alkohol,Fisk o skaldjursprodukter o rätter,0.0,g
1403,Havskräfta kokt,"Zink, Zn",Skaldjur bläckfisk färsk fryst kokt,1.8,mg
1403,Havskräfta kokt,Vitamin E,Skaldjur bläckfisk färsk fryst kokt,3.6,mg
1403,Havskräfta kokt,Vitamin D,Skaldjur bläckfisk färsk fryst kokt,0.0,µg
1403,Havskräfta kokt,Vitamin C,Skaldjur bläckfisk färsk fryst kokt,0.0,mg
1403,Havskräfta kokt,Vitamin B6,Skaldjur bläckfisk färsk fryst kokt,0.07,mg
1403,Havskräfta kokt,Vitamin B12,Skaldjur bläckfisk färsk fryst kokt,3.32,µg
1403,Havskräfta kokt,Vitamin A,Skaldjur bläckfisk färsk fryst kokt,0.5,RE/µg
1403,Havskräfta kokt,Vatten,Skaldjur bläckfisk färsk fryst kokt,79.5,g
1403,Havskräfta kokt,Tiamin,Skaldjur bläckfisk färsk fryst kokt,0.0,mg
1403,Havskräfta kokt,Tillsatt socker,Skaldjur bläckfisk färsk fryst kokt,0.0,g
1403,Havskräfta kokt,Fritt socker,Skaldjur bläckfisk färsk fryst kokt,0.0,g
1403,Havskräfta kokt,"Selen, Se",Skaldjur bläckfisk färsk fryst kokt,53.0,µg
1403,Havskräfta kokt,Sackaros,Skaldjur bläckfisk färsk fryst kokt,0.0,g
1403,Havskräfta kokt,Riboflavin,Skaldjur bläckfisk färsk fryst kokt,0.02,mg
1403,Havskräfta kokt,Retinol,Skaldjur bläckfisk färsk fryst kokt,0.0,µg
1403,Havskräfta kokt,Protein,Skaldjur bläckfisk färsk fryst kokt,17.2,g
1403,Havskräfta kokt,Summa fleromättade fettsyror,Skaldjur bläckfisk färsk fryst kokt,0.2,g
1403,Havskräfta kokt,"Fosfor, P",Skaldjur bläckfisk färsk fryst kokt,100.0,mg
1403,Havskräfta kokt,Niacinekvivalenter,Skaldjur bläckfisk färsk fryst kokt,4.0,NE/mg
1403,Havskräfta kokt,Niacin,Skaldjur bläckfisk färsk fryst kokt,0.84,mg
1403,Havskräfta kokt,"Salt, NaCl",Skaldjur bläckfisk färsk fryst kokt,2.0,g
1403,Havskräfta kokt,"Natrium, Na",Skaldjur bläckfisk färsk fryst kokt,810.0,mg
1403,Havskräfta kokt,Monosackarider,Skaldjur bläckfisk färsk fryst kokt,0.0,g
1403,Havskräfta kokt,"Sockerarter, totalt",Skaldjur bläckfisk färsk fryst kokt,0.0,g
1403,Havskräfta kokt,Summa enkelomättade fettsyror,Skaldjur bläckfisk färsk fryst kokt,0.2,g
1403,Havskräfta kokt,"Magnesium, Mg",Skaldjur bläckfisk färsk fryst kokt,27.0,mg
1403,Havskräfta kokt,Summa mättade fettsyror,Skaldjur bläckfisk färsk fryst kokt,0.2,g
1403,Havskräfta kokt,"Kolhydrater, tillgängliga",Skaldjur bläckfisk färsk fryst kokt,0.0,g
1403,Havskräfta kokt,Kolesterol,Skaldjur bläckfisk färsk fryst kokt,157.0,mg
1403,Havskräfta kokt,"Kalium, K",Skaldjur bläckfisk färsk fryst kokt,56.0,mg
1403,Havskräfta kokt,"Jod, I",Skaldjur bläckfisk färsk fryst kokt,200.0,µg
1403,Havskräfta kokt,Fullkorn totalt,Skaldjur bläckfisk färsk fryst kokt,0.0,g
1403,Havskräfta kokt,"Folat, totalt",Skaldjur bläckfisk färsk fryst kokt,17.0,µg
1403,Havskräfta kokt,Fibrer,Skaldjur bläckfisk färsk fryst kokt,0.0,g
1403,Havskräfta kokt,"Fett, totalt",Skaldjur bläckfisk färsk fryst kokt,0.9,g
1403,Havskräfta kokt,"Järn, Fe",Skaldjur bläckfisk färsk fryst kokt,2.2,mg
1403,Havskräfta kokt,Energi (kJ),Skaldjur bläckfisk färsk fryst kokt,326.0,kJ
1403,Havskräfta kokt,Energi (kcal),Skaldjur bläckfisk färsk fryst kokt,78.0,kcal
1403,Havskräfta kokt,Disackarider,Skaldjur bläckfisk färsk fryst kokt,0.0,g
1403,Havskräfta kokt,"Kalcium, Ca",Skaldjur bläckfisk färsk fryst kokt,130.0,mg
1403,Havskräfta kokt,Fettsyra 4:0-10:0,Skaldjur bläckfisk färsk fryst kokt,0.0,g
1403,Havskräfta kokt,DHA (C22:6),Skaldjur bläckfisk färsk fryst kokt,0.1,g
1403,Havskräfta kokt,DPA (C22:5),Skaldjur bläckfisk färsk fryst kokt,0.0,g
1403,Havskräfta kokt,EPA (C20:5),Skaldjur bläckfisk färsk fryst kokt,0.1,g
1403,Havskräfta kokt,Arakidonsyra C20:4,Skaldjur bläckfisk färsk fryst kokt,0.0,g
1403,Havskräfta kokt,Arakidinsyra C20:0,Skaldjur bläckfisk färsk fryst kokt,0.0,g
1403,Havskräfta kokt,Linolensyra C18:3,Skaldjur bläckfisk färsk fryst kokt,0.0,g
1403,Havskräfta kokt,Linolsyra C18:2,Skaldjur bläckfisk färsk fryst kokt,0.0,g
1403,Havskräfta kokt,Oljesyra C18:1,Skaldjur bläckfisk färsk fryst kokt,0.1,g
1403,Havskräfta kokt,Stearinsyra C18:0,Skaldjur bläckfisk färsk fryst kokt,0.0,g
1403,Havskräfta kokt,Palmitoljesyra C16:1,Skaldjur bläckfisk färsk fryst kokt,0.0,g
1403,Havskräfta kokt,Palmitinsyra C16:0,Skaldjur bläckfisk färsk fryst kokt,0.1,g
1403,Havskräfta kokt,Myristinsyra C14:0,Skaldjur bläckfisk färsk fryst kokt,0.0,g
1403,Havskräfta kokt,Laurinsyra C12:0,Skaldjur bläckfisk färsk fryst kokt,0.0,g
1403,Havskräfta kokt,Betakaroten/β-Karoten,Skaldjur bläckfisk färsk fryst kokt,6.0,µg
1403,Havskräfta kokt,Avfall (skal etc.),Skaldjur bläckfisk färsk fryst kokt,70.0,%
1403,Havskräfta kokt,Aska,Skaldjur bläckfisk färsk fryst kokt,3.2,g
1403,Havskräfta kokt,Alkohol,Skaldjur bläckfisk färsk fryst kokt,0.0,g
1404,Räka friterad,"Zink, Zn",Fisk o skaldjursprodukter o rätter,1.5,mg
1404,Räka friterad,Vitamin E,Fisk o skaldjursprodukter o rätter,1.1,mg
1404,Räka friterad,Vitamin D,Fisk o skaldjursprodukter o rätter,0.38,µg
1404,Räka friterad,Vitamin C,Fisk o skaldjursprodukter o rätter,0.0,mg
1404,Räka friterad,Vitamin B6,Fisk o skaldjursprodukter o rätter,0.08,mg
1404,Räka friterad,Vitamin B12,Fisk o skaldjursprodukter o rätter,0.8,µg
1404,Räka friterad,Vitamin A,Fisk o skaldjursprodukter o rätter,11.0,RE/µg
1404,Räka friterad,Vatten,Fisk o skaldjursprodukter o rätter,44.3,g
1404,Räka friterad,Tiamin,Fisk o skaldjursprodukter o rätter,0.04,mg
1404,Räka friterad,Tillsatt socker,Fisk o skaldjursprodukter o rätter,0.0,g
1404,Räka friterad,Fritt socker,Fisk o skaldjursprodukter o rätter,0.0,g
1404,Räka friterad,"Selen, Se",Fisk o skaldjursprodukter o rätter,20.0,µg
1404,Räka friterad,Sackaros,Fisk o skaldjursprodukter o rätter,0.7,g
1404,Räka friterad,Riboflavin,Fisk o skaldjursprodukter o rätter,0.08,mg
1404,Räka friterad,Retinol,Fisk o skaldjursprodukter o rätter,11.0,µg
1404,Räka friterad,Protein,Fisk o skaldjursprodukter o rätter,10.6,g
1404,Räka friterad,Summa fleromättade fettsyror,Fisk o skaldjursprodukter o rätter,2.8,g
1404,Räka friterad,"Fosfor, P",Fisk o skaldjursprodukter o rätter,191.0,mg
1404,Räka friterad,Niacinekvivalenter,Fisk o skaldjursprodukter o rätter,4.64,NE/mg
1404,Räka friterad,Niacin,Fisk o skaldjursprodukter o rätter,2.7,mg
1404,Räka friterad,"Salt, NaCl",Fisk o skaldjursprodukter o rätter,1.6,g
1404,Räka friterad,"Natrium, Na",Fisk o skaldjursprodukter o rätter,650.0,mg
1404,Räka friterad,Monosackarider,Fisk o skaldjursprodukter o rätter,0.0,g
1404,Räka friterad,"Sockerarter, totalt",Fisk o skaldjursprodukter o rätter,1.0,g
1404,Räka friterad,Summa enkelomättade fettsyror,Fisk o skaldjursprodukter o rätter,6.1,g
1404,Räka friterad,"Magnesium, Mg",Fisk o skaldjursprodukter o rätter,23.0,mg
1404,Räka friterad,Summa mättade fettsyror,Fisk o skaldjursprodukter o rätter,5.0,g
1404,Räka friterad,"Kolhydrater, tillgängliga",Fisk o skaldjursprodukter o rätter,27.8,g
1404,Räka friterad,Kolesterol,Fisk o skaldjursprodukter o rätter,164.0,mg
1404,Räka friterad,"Kalium, K",Fisk o skaldjursprodukter o rätter,90.0,mg
1404,Räka friterad,"Jod, I",Fisk o skaldjursprodukter o rätter,6.2,µg
1404,Räka friterad,Fullkorn totalt,Fisk o skaldjursprodukter o rätter,0.0,g
1404,Räka friterad,"Folat, totalt",Fisk o skaldjursprodukter o rätter,4.0,µg
1404,Räka friterad,Fibrer,Fisk o skaldjursprodukter o rätter,0.2,g
1404,Räka friterad,"Fett, totalt",Fisk o skaldjursprodukter o rätter,14.8,g
1404,Räka friterad,"Järn, Fe",Fisk o skaldjursprodukter o rätter,1.0,mg
1404,Räka friterad,Energi (kJ),Fisk o skaldjursprodukter o rätter,1202.0,kJ
1404,Räka friterad,Energi (kcal),Fisk o skaldjursprodukter o rätter,287.0,kcal
1404,Räka friterad,Disackarider,Fisk o skaldjursprodukter o rätter,1.0,g
1404,Räka friterad,"Kalcium, Ca",Fisk o skaldjursprodukter o rätter,52.0,mg
1404,Räka friterad,Fettsyra 4:0-10:0,Fisk o skaldjursprodukter o rätter,0.0,g
1404,Räka friterad,DHA (C22:6),Fisk o skaldjursprodukter o rätter,0.0,g
1404,Räka friterad,DPA (C22:5),Fisk o skaldjursprodukter o rätter,0.0,g
1404,Räka friterad,EPA (C20:5),Fisk o skaldjursprodukter o rätter,0.0,g
1404,Räka friterad,Arakidonsyra C20:4,Fisk o skaldjursprodukter o rätter,0.0,g
1404,Räka friterad,Arakidinsyra C20:0,Fisk o skaldjursprodukter o rätter,0.0,g
1404,Räka friterad,Linolensyra C18:3,Fisk o skaldjursprodukter o rätter,0.0,g
1404,Räka friterad,Linolsyra C18:2,Fisk o skaldjursprodukter o rätter,2.8,g
1404,Räka friterad,Oljesyra C18:1,Fisk o skaldjursprodukter o rätter,5.4,g
1404,Räka friterad,Stearinsyra C18:0,Fisk o skaldjursprodukter o rätter,1.1,g
1404,Räka friterad,Palmitoljesyra C16:1,Fisk o skaldjursprodukter o rätter,0.7,g
1404,Räka friterad,Palmitinsyra C16:0,Fisk o skaldjursprodukter o rätter,3.7,g
1404,Räka friterad,Myristinsyra C14:0,Fisk o skaldjursprodukter o rätter,0.3,g
1404,Räka friterad,Laurinsyra C12:0,Fisk o skaldjursprodukter o rätter,0.0,g
1404,Räka friterad,Betakaroten/β-Karoten,Fisk o skaldjursprodukter o rätter,0.0,µg
1404,Räka friterad,Avfall (skal etc.),Fisk o skaldjursprodukter o rätter,0.0,%
1404,Räka friterad,Aska,Fisk o skaldjursprodukter o rätter,2.3,g
1404,Räka friterad,Alkohol,Fisk o skaldjursprodukter o rätter,0.0,g
1406,Räka friterad tillagad på restaurang,"Zink, Zn",Fisk o skaldjursprodukter o rätter,0.5,mg
1406,Räka friterad tillagad på restaurang,Vitamin E,Fisk o skaldjursprodukter o rätter,12.5,mg
1406,Räka friterad tillagad på restaurang,Vitamin D,Fisk o skaldjursprodukter o rätter,0.0,µg
1406,Räka friterad tillagad på restaurang,Vitamin C,Fisk o skaldjursprodukter o rätter,0.0,mg
1406,Räka friterad tillagad på restaurang,Vitamin B6,Fisk o skaldjursprodukter o rätter,0.03,mg
1406,Räka friterad tillagad på restaurang,Vitamin B12,Fisk o skaldjursprodukter o rätter,0.21,µg
1406,Räka friterad tillagad på restaurang,Vitamin A,Fisk o skaldjursprodukter o rätter,0.0,RE/µg
1406,Räka friterad tillagad på restaurang,Vatten,Fisk o skaldjursprodukter o rätter,37.0,g
1406,Räka friterad tillagad på restaurang,Tiamin,Fisk o skaldjursprodukter o rätter,0.03,mg
1406,Räka friterad tillagad på restaurang,Tillsatt socker,Fisk o skaldjursprodukter o rätter,0.0,g
1406,Räka friterad tillagad på restaurang,Fritt socker,Fisk o skaldjursprodukter o rätter,0.0,g
1406,Räka friterad tillagad på restaurang,"Selen, Se",Fisk o skaldjursprodukter o rätter,11.3,µg
1406,Räka friterad tillagad på restaurang,Sackaros,Fisk o skaldjursprodukter o rätter,0.0,g
1406,Räka friterad tillagad på restaurang,Riboflavin,Fisk o skaldjursprodukter o rätter,0.01,mg
1406,Räka friterad tillagad på restaurang,Retinol,Fisk o skaldjursprodukter o rätter,0.0,µg
1406,Räka friterad tillagad på restaurang,Protein,Fisk o skaldjursprodukter o rätter,6.9,g
1406,Räka friterad tillagad på restaurang,Summa fleromättade fettsyror,Fisk o skaldjursprodukter o rätter,12.9,g
1406,Räka friterad tillagad på restaurang,"Fosfor, P",Fisk o skaldjursprodukter o rätter,233.0,mg
1406,Räka friterad tillagad på restaurang,Niacinekvivalenter,Fisk o skaldjursprodukter o rätter,1.7,NE/mg
1406,Räka friterad tillagad på restaurang,Niacin,Fisk o skaldjursprodukter o rätter,0.43,mg
1406,Räka friterad tillagad på restaurang,"Salt, NaCl",Fisk o skaldjursprodukter o rätter,1.0,g
1406,Räka friterad tillagad på restaurang,"Natrium, Na",Fisk o skaldjursprodukter o rätter,384.0,mg
1406,Räka friterad tillagad på restaurang,Monosackarider,Fisk o skaldjursprodukter o rätter,0.0,g
1406,Räka friterad tillagad på restaurang,"Sockerarter, totalt",Fisk o skaldjursprodukter o rätter,0.0,g
1406,Räka friterad tillagad på restaurang,Summa enkelomättade fettsyror,Fisk o skaldjursprodukter o rätter,10.9,g
1406,Räka friterad tillagad på restaurang,"Magnesium, Mg",Fisk o skaldjursprodukter o rätter,17.0,mg
1406,Räka friterad tillagad på restaurang,Summa mättade fettsyror,Fisk o skaldjursprodukter o rätter,3.9,g
1406,Räka friterad tillagad på restaurang,"Kolhydrater, tillgängliga",Fisk o skaldjursprodukter o rätter,24.7,g
1406,Räka friterad tillagad på restaurang,Kolesterol,Fisk o skaldjursprodukter o rätter,48.7,mg
1406,Räka friterad tillagad på restaurang,"Kalium, K",Fisk o skaldjursprodukter o rätter,58.0,mg
1406,Räka friterad tillagad på restaurang,"Jod, I",Fisk o skaldjursprodukter o rätter,6.2,µg
1406,Räka friterad tillagad på restaurang,Fullkorn totalt,Fisk o skaldjursprodukter o rätter,0.0,g
1406,Räka friterad tillagad på restaurang,"Folat, totalt",Fisk o skaldjursprodukter o rätter,13.5,µg
1406,Räka friterad tillagad på restaurang,Fibrer,Fisk o skaldjursprodukter o rätter,1.1,g
1406,Räka friterad tillagad på restaurang,"Fett, totalt",Fisk o skaldjursprodukter o rätter,29.1,g
1406,Räka friterad tillagad på restaurang,"Järn, Fe",Fisk o skaldjursprodukter o rätter,0.4,mg
1406,Räka friterad tillagad på restaurang,Energi (kJ),Fisk o skaldjursprodukter o rätter,1621.0,kJ
1406,Räka friterad tillagad på restaurang,Energi (kcal),Fisk o skaldjursprodukter o rätter,387.0,kcal
1406,Räka friterad tillagad på restaurang,Disackarider,Fisk o skaldjursprodukter o rätter,0.0,g
1406,Räka friterad tillagad på restaurang,"Kalcium, Ca",Fisk o skaldjursprodukter o rätter,29.0,mg
1406,Räka friterad tillagad på restaurang,Fettsyra 4:0-10:0,Fisk o skaldjursprodukter o rätter,0.0,g
1406,Räka friterad tillagad på restaurang,DHA (C22:6),Fisk o skaldjursprodukter o rätter,0.0,g
1406,Räka friterad tillagad på restaurang,DPA (C22:5),Fisk o skaldjursprodukter o rätter,0.1,g
1406,Räka friterad tillagad på restaurang,EPA (C20:5),Fisk o skaldjursprodukter o rätter,0.0,g
1406,Räka friterad tillagad på restaurang,Arakidonsyra C20:4,Fisk o skaldjursprodukter o rätter,0.0,g
1406,Räka friterad tillagad på restaurang,Arakidinsyra C20:0,Fisk o skaldjursprodukter o rätter,0.1,g
1406,Räka friterad tillagad på restaurang,Linolensyra C18:3,Fisk o skaldjursprodukter o rätter,0.7,g
1406,Räka friterad tillagad på restaurang,Linolsyra C18:2,Fisk o skaldjursprodukter o rätter,12.0,g
1406,Räka friterad tillagad på restaurang,Oljesyra C18:1,Fisk o skaldjursprodukter o rätter,10.6,g
1406,Räka friterad tillagad på restaurang,Stearinsyra C18:0,Fisk o skaldjursprodukter o rätter,1.0,g
1406,Räka friterad tillagad på restaurang,Palmitoljesyra C16:1,Fisk o skaldjursprodukter o rätter,0.1,g
1406,Räka friterad tillagad på restaurang,Palmitinsyra C16:0,Fisk o skaldjursprodukter o rätter,2.6,g
1406,Räka friterad tillagad på restaurang,Myristinsyra C14:0,Fisk o skaldjursprodukter o rätter,0.1,g
1406,Räka friterad tillagad på restaurang,Laurinsyra C12:0,Fisk o skaldjursprodukter o rätter,0.0,g
1406,Räka friterad tillagad på restaurang,Betakaroten/β-Karoten,Fisk o skaldjursprodukter o rätter,0.0,µg
1406,Räka friterad tillagad på restaurang,Avfall (skal etc.),Fisk o skaldjursprodukter o rätter,0.0,%
1406,Räka friterad tillagad på restaurang,Aska,Fisk o skaldjursprodukter o rätter,1.2,g
1406,Räka friterad tillagad på restaurang,Alkohol,Fisk o skaldjursprodukter o rätter,0.0,g
1407,Bläckfisk friterad panerad,"Zink, Zn",Fisk o skaldjursprodukter o rätter,1.7,mg
1407,Bläckfisk friterad panerad,Vitamin E,Fisk o skaldjursprodukter o rätter,0.9,mg
1407,Bläckfisk friterad panerad,Vitamin D,Fisk o skaldjursprodukter o rätter,0.81,µg
1407,Bläckfisk friterad panerad,Vitamin C,Fisk o skaldjursprodukter o rätter,0.0,mg
1407,Bläckfisk friterad panerad,Vitamin B6,Fisk o skaldjursprodukter o rätter,0.04,mg
1407,Bläckfisk friterad panerad,Vitamin B12,Fisk o skaldjursprodukter o rätter,3.8,µg
1407,Bläckfisk friterad panerad,Vitamin A,Fisk o skaldjursprodukter o rätter,38.0,RE/µg
1407,Bläckfisk friterad panerad,Vatten,Fisk o skaldjursprodukter o rätter,46.6,g
1407,Bläckfisk friterad panerad,Tiamin,Fisk o skaldjursprodukter o rätter,0.15,mg
1407,Bläckfisk friterad panerad,Tillsatt socker,Fisk o skaldjursprodukter o rätter,0.0,g
1407,Bläckfisk friterad panerad,Fritt socker,Fisk o skaldjursprodukter o rätter,0.0,g
1407,Bläckfisk friterad panerad,"Selen, Se",Fisk o skaldjursprodukter o rätter,20.0,µg
1407,Bläckfisk friterad panerad,Sackaros,Fisk o skaldjursprodukter o rätter,0.7,g
1407,Bläckfisk friterad panerad,Riboflavin,Fisk o skaldjursprodukter o rätter,0.9,mg
1407,Bläckfisk friterad panerad,Retinol,Fisk o skaldjursprodukter o rätter,38.0,µg
1407,Bläckfisk friterad panerad,Protein,Fisk o skaldjursprodukter o rätter,18.6,g
1407,Bläckfisk friterad panerad,Summa fleromättade fettsyror,Fisk o skaldjursprodukter o rätter,5.5,g
1407,Bläckfisk friterad panerad,"Fosfor, P",Fisk o skaldjursprodukter o rätter,89.0,mg
1407,Bläckfisk friterad panerad,Niacinekvivalenter,Fisk o skaldjursprodukter o rätter,4.16,NE/mg
1407,Bläckfisk friterad panerad,Niacin,Fisk o skaldjursprodukter o rätter,0.75,mg
1407,Bläckfisk friterad panerad,"Salt, NaCl",Fisk o skaldjursprodukter o rätter,1.4,g
1407,Bläckfisk friterad panerad,"Natrium, Na",Fisk o skaldjursprodukter o rätter,570.0,mg
1407,Bläckfisk friterad panerad,Monosackarider,Fisk o skaldjursprodukter o rätter,0.0,g
1407,Bläckfisk friterad panerad,"Sockerarter, totalt",Fisk o skaldjursprodukter o rätter,1.0,g
1407,Bläckfisk friterad panerad,Summa enkelomättade fettsyror,Fisk o skaldjursprodukter o rätter,8.0,g
1407,Bläckfisk friterad panerad,"Magnesium, Mg",Fisk o skaldjursprodukter o rätter,43.0,mg
1407,Bläckfisk friterad panerad,Summa mättade fettsyror,Fisk o skaldjursprodukter o rätter,3.1,g
1407,Bläckfisk friterad panerad,"Kolhydrater, tillgängliga",Fisk o skaldjursprodukter o rätter,15.2,g
1407,Bläckfisk friterad panerad,Kolesterol,Fisk o skaldjursprodukter o rätter,160.0,mg
1407,Bläckfisk friterad panerad,"Kalium, K",Fisk o skaldjursprodukter o rätter,150.0,mg
1407,Bläckfisk friterad panerad,"Jod, I",Fisk o skaldjursprodukter o rätter,50.0,µg
1407,Bläckfisk friterad panerad,Fullkorn totalt,Fisk o skaldjursprodukter o rätter,0.0,g
1407,Bläckfisk friterad panerad,"Folat, totalt",Fisk o skaldjursprodukter o rätter,10.0,µg
1407,Bläckfisk friterad panerad,Fibrer,Fisk o skaldjursprodukter o rätter,0.2,g
1407,Bläckfisk friterad panerad,"Fett, totalt",Fisk o skaldjursprodukter o rätter,17.4,g
1407,Bläckfisk friterad panerad,"Järn, Fe",Fisk o skaldjursprodukter o rätter,0.6,mg
1407,Bläckfisk friterad panerad,Energi (kJ),Fisk o skaldjursprodukter o rätter,1220.0,kJ
1407,Bläckfisk friterad panerad,Energi (kcal),Fisk o skaldjursprodukter o rätter,292.0,kcal
1407,Bläckfisk friterad panerad,Disackarider,Fisk o skaldjursprodukter o rätter,1.0,g
1407,Bläckfisk friterad panerad,"Kalcium, Ca",Fisk o skaldjursprodukter o rätter,29.0,mg
1407,Bläckfisk friterad panerad,Fettsyra 4:0-10:0,Fisk o skaldjursprodukter o rätter,0.0,g
1407,Bläckfisk friterad panerad,DHA (C22:6),Fisk o skaldjursprodukter o rätter,0.0,g
1407,Bläckfisk friterad panerad,DPA (C22:5),Fisk o skaldjursprodukter o rätter,0.3,g
1407,Bläckfisk friterad panerad,EPA (C20:5),Fisk o skaldjursprodukter o rätter,0.0,g
1407,Bläckfisk friterad panerad,Arakidonsyra C20:4,Fisk o skaldjursprodukter o rätter,0.0,g
1407,Bläckfisk friterad panerad,Arakidinsyra C20:0,Fisk o skaldjursprodukter o rätter,0.0,g
1407,Bläckfisk friterad panerad,Linolensyra C18:3,Fisk o skaldjursprodukter o rätter,1.3,g
1407,Bläckfisk friterad panerad,Linolsyra C18:2,Fisk o skaldjursprodukter o rätter,3.5,g
1407,Bläckfisk friterad panerad,Oljesyra C18:1,Fisk o skaldjursprodukter o rätter,8.0,g
1407,Bläckfisk friterad panerad,Stearinsyra C18:0,Fisk o skaldjursprodukter o rätter,0.0,g
1407,Bläckfisk friterad panerad,Palmitoljesyra C16:1,Fisk o skaldjursprodukter o rätter,0.0,g
1407,Bläckfisk friterad panerad,Palmitinsyra C16:0,Fisk o skaldjursprodukter o rätter,2.5,g
1407,Bläckfisk friterad panerad,Myristinsyra C14:0,Fisk o skaldjursprodukter o rätter,0.0,g
1407,Bläckfisk friterad panerad,Laurinsyra C12:0,Fisk o skaldjursprodukter o rätter,0.0,g
1407,Bläckfisk friterad panerad,Betakaroten/β-Karoten,Fisk o skaldjursprodukter o rätter,0.0,µg
1407,Bläckfisk friterad panerad,Avfall (skal etc.),Fisk o skaldjursprodukter o rätter,0.0,%
1407,Bläckfisk friterad panerad,Aska,Fisk o skaldjursprodukter o rätter,2.0,g
1407,Bläckfisk friterad panerad,Alkohol,Fisk o skaldjursprodukter o rätter,0.0,g
1408,Bläckfisk friterad panerad tillagad på restaurang,"Zink, Zn",Fisk o skaldjursprodukter o rätter,0.9,mg
1408,Bläckfisk friterad panerad tillagad på restaurang,Vitamin E,Fisk o skaldjursprodukter o rätter,10.9,mg
1408,Bläckfisk friterad panerad tillagad på restaurang,Vitamin D,Fisk o skaldjursprodukter o rätter,0.11,µg
1408,Bläckfisk friterad panerad tillagad på restaurang,Vitamin C,Fisk o skaldjursprodukter o rätter,0.0,mg
1408,Bläckfisk friterad panerad tillagad på restaurang,Vitamin B6,Fisk o skaldjursprodukter o rätter,0.1,mg
1408,Bläckfisk friterad panerad tillagad på restaurang,Vitamin B12,Fisk o skaldjursprodukter o rätter,1.87,µg
1408,Bläckfisk friterad panerad tillagad på restaurang,Vitamin A,Fisk o skaldjursprodukter o rätter,7.2,RE/µg
1408,Bläckfisk friterad panerad tillagad på restaurang,Vatten,Fisk o skaldjursprodukter o rätter,50.1,g
1408,Bläckfisk friterad panerad tillagad på restaurang,Tiamin,Fisk o skaldjursprodukter o rätter,0.02,mg
1408,Bläckfisk friterad panerad tillagad på restaurang,Tillsatt socker,Fisk o skaldjursprodukter o rätter,0.0,g
1408,Bläckfisk friterad panerad tillagad på restaurang,Fritt socker,Fisk o skaldjursprodukter o rätter,0.0,g
1408,Bläckfisk friterad panerad tillagad på restaurang,"Selen, Se",Fisk o skaldjursprodukter o rätter,24.5,µg
1408,Bläckfisk friterad panerad tillagad på restaurang,Sackaros,Fisk o skaldjursprodukter o rätter,0.0,g
1408,Bläckfisk friterad panerad tillagad på restaurang,Riboflavin,Fisk o skaldjursprodukter o rätter,0.06,mg
1408,Bläckfisk friterad panerad tillagad på restaurang,Retinol,Fisk o skaldjursprodukter o rätter,6.6,µg
1408,Bläckfisk friterad panerad tillagad på restaurang,Protein,Fisk o skaldjursprodukter o rätter,11.2,g
1408,Bläckfisk friterad panerad tillagad på restaurang,Summa fleromättade fettsyror,Fisk o skaldjursprodukter o rätter,8.1,g
1408,Bläckfisk friterad panerad tillagad på restaurang,"Fosfor, P",Fisk o skaldjursprodukter o rätter,146.0,mg
1408,Bläckfisk friterad panerad tillagad på restaurang,Niacinekvivalenter,Fisk o skaldjursprodukter o rätter,3.2,NE/mg
1408,Bläckfisk friterad panerad tillagad på restaurang,Niacin,Fisk o skaldjursprodukter o rätter,1.13,mg
1408,Bläckfisk friterad panerad tillagad på restaurang,"Salt, NaCl",Fisk o skaldjursprodukter o rätter,1.5,g
1408,Bläckfisk friterad panerad tillagad på restaurang,"Natrium, Na",Fisk o skaldjursprodukter o rätter,605.0,mg
1408,Bläckfisk friterad panerad tillagad på restaurang,Monosackarider,Fisk o skaldjursprodukter o rätter,0.0,g
1408,Bläckfisk friterad panerad tillagad på restaurang,"Sockerarter, totalt",Fisk o skaldjursprodukter o rätter,0.0,g
1408,Bläckfisk friterad panerad tillagad på restaurang,Summa enkelomättade fettsyror,Fisk o skaldjursprodukter o rätter,6.3,g
1408,Bläckfisk friterad panerad tillagad på restaurang,"Magnesium, Mg",Fisk o skaldjursprodukter o rätter,15.0,mg
1408,Bläckfisk friterad panerad tillagad på restaurang,Summa mättade fettsyror,Fisk o skaldjursprodukter o rätter,2.6,g
1408,Bläckfisk friterad panerad tillagad på restaurang,"Kolhydrater, tillgängliga",Fisk o skaldjursprodukter o rätter,19.1,g
1408,Bläckfisk friterad panerad tillagad på restaurang,Kolesterol,Fisk o skaldjursprodukter o rätter,118.0,mg
1408,Bläckfisk friterad panerad tillagad på restaurang,"Kalium, K",Fisk o skaldjursprodukter o rätter,74.0,mg
1408,Bläckfisk friterad panerad tillagad på restaurang,"Jod, I",Fisk o skaldjursprodukter o rätter,7.9,µg
1408,Bläckfisk friterad panerad tillagad på restaurang,Fullkorn totalt,Fisk o skaldjursprodukter o rätter,0.0,g
1408,Bläckfisk friterad panerad tillagad på restaurang,"Folat, totalt",Fisk o skaldjursprodukter o rätter,13.0,µg
1408,Bläckfisk friterad panerad tillagad på restaurang,Fibrer,Fisk o skaldjursprodukter o rätter,0.0,g
1408,Bläckfisk friterad panerad tillagad på restaurang,"Fett, totalt",Fisk o skaldjursprodukter o rätter,17.8,g
1408,Bläckfisk friterad panerad tillagad på restaurang,"Järn, Fe",Fisk o skaldjursprodukter o rätter,0.3,mg
1408,Bläckfisk friterad panerad tillagad på restaurang,Energi (kJ),Fisk o skaldjursprodukter o rätter,1173.0,kJ
1408,Bläckfisk friterad panerad tillagad på restaurang,Energi (kcal),Fisk o skaldjursprodukter o rätter,280.0,kcal
1408,Bläckfisk friterad panerad tillagad på restaurang,Disackarider,Fisk o skaldjursprodukter o rätter,0.0,g
1408,Bläckfisk friterad panerad tillagad på restaurang,"Kalcium, Ca",Fisk o skaldjursprodukter o rätter,13.0,mg
1408,Bläckfisk friterad panerad tillagad på restaurang,Fettsyra 4:0-10:0,Fisk o skaldjursprodukter o rätter,0.0,g
1408,Bläckfisk friterad panerad tillagad på restaurang,DHA (C22:6),Fisk o skaldjursprodukter o rätter,0.3,g
1408,Bläckfisk friterad panerad tillagad på restaurang,DPA (C22:5),Fisk o skaldjursprodukter o rätter,0.0,g
1408,Bläckfisk friterad panerad tillagad på restaurang,EPA (C20:5),Fisk o skaldjursprodukter o rätter,0.1,g
1408,Bläckfisk friterad panerad tillagad på restaurang,Arakidonsyra C20:4,Fisk o skaldjursprodukter o rätter,0.0,g
1408,Bläckfisk friterad panerad tillagad på restaurang,Arakidinsyra C20:0,Fisk o skaldjursprodukter o rätter,0.1,g
1408,Bläckfisk friterad panerad tillagad på restaurang,Linolensyra C18:3,Fisk o skaldjursprodukter o rätter,0.4,g
1408,Bläckfisk friterad panerad tillagad på restaurang,Linolsyra C18:2,Fisk o skaldjursprodukter o rätter,7.2,g
1408,Bläckfisk friterad panerad tillagad på restaurang,Oljesyra C18:1,Fisk o skaldjursprodukter o rätter,6.1,g
1408,Bläckfisk friterad panerad tillagad på restaurang,Stearinsyra C18:0,Fisk o skaldjursprodukter o rätter,0.6,g
1408,Bläckfisk friterad panerad tillagad på restaurang,Palmitoljesyra C16:1,Fisk o skaldjursprodukter o rätter,0.0,g
1408,Bläckfisk friterad panerad tillagad på restaurang,Palmitinsyra C16:0,Fisk o skaldjursprodukter o rätter,1.8,g
1408,Bläckfisk friterad panerad tillagad på restaurang,Myristinsyra C14:0,Fisk o skaldjursprodukter o rätter,0.0,g
1408,Bläckfisk friterad panerad tillagad på restaurang,Laurinsyra C12:0,Fisk o skaldjursprodukter o rätter,0.0,g
1408,Bläckfisk friterad panerad tillagad på restaurang,Betakaroten/β-Karoten,Fisk o skaldjursprodukter o rätter,0.0,µg
1408,Bläckfisk friterad panerad tillagad på restaurang,Avfall (skal etc.),Fisk o skaldjursprodukter o rätter,0.0,%
1408,Bläckfisk friterad panerad tillagad på restaurang,Aska,Fisk o skaldjursprodukter o rätter,1.8,g
1408,Bläckfisk friterad panerad tillagad på restaurang,Alkohol,Fisk o skaldjursprodukter o rätter,0.0,g
1410,Sallad m. räkor sparris tomat champinjoner ägg,"Zink, Zn",Sallad blandad mat,0.6,mg
1410,Sallad m. räkor sparris tomat champinjoner ägg,Vitamin E,Sallad blandad mat,2.6,mg
1410,Sallad m. räkor sparris tomat champinjoner ägg,Vitamin D inkl 25-OH-D3,Sallad blandad mat,0.34,µg
1410,Sallad m. räkor sparris tomat champinjoner ägg,Vitamin D,Sallad blandad mat,0.18,µg
1410,Sallad m. räkor sparris tomat champinjoner ägg,Vitamin C,Sallad blandad mat,5.0,mg
1410,Sallad m. räkor sparris tomat champinjoner ägg,Vitamin B6,Sallad blandad mat,0.06,mg
1410,Sallad m. räkor sparris tomat champinjoner ägg,Vitamin B12,Sallad blandad mat,0.94,µg
1410,Sallad m. räkor sparris tomat champinjoner ägg,Vitamin A,Sallad blandad mat,39.6,RE/µg
1410,Sallad m. räkor sparris tomat champinjoner ägg,Vatten,Sallad blandad mat,85.7,g
1410,Sallad m. räkor sparris tomat champinjoner ägg,Tiamin,Sallad blandad mat,0.04,mg
1410,Sallad m. räkor sparris tomat champinjoner ägg,Tillsatt socker,Sallad blandad mat,0.0,g
1410,Sallad m. räkor sparris tomat champinjoner ägg,Fritt socker,Sallad blandad mat,0.0,g
1410,Sallad m. räkor sparris tomat champinjoner ägg,"Selen, Se",Sallad blandad mat,10.2,µg
1410,Sallad m. räkor sparris tomat champinjoner ägg,Sackaros,Sallad blandad mat,0.0,g
1410,Sallad m. räkor sparris tomat champinjoner ägg,Riboflavin,Sallad blandad mat,0.11,mg
1410,Sallad m. räkor sparris tomat champinjoner ägg,Retinol,Sallad blandad mat,29.8,µg
1410,Sallad m. räkor sparris tomat champinjoner ägg,Protein,Sallad blandad mat,6.2,g
1410,Sallad m. räkor sparris tomat champinjoner ägg,Summa fleromättade fettsyror,Sallad blandad mat,1.0,g
1410,Sallad m. räkor sparris tomat champinjoner ägg,"Fosfor, P",Sallad blandad mat,69.0,mg
1410,Sallad m. räkor sparris tomat champinjoner ägg,Niacinekvivalenter,Sallad blandad mat,2.0,NE/mg
1410,Sallad m. räkor sparris tomat champinjoner ägg,Niacin,Sallad blandad mat,0.76,mg
1410,Sallad m. räkor sparris tomat champinjoner ägg,"Salt, NaCl",Sallad blandad mat,0.7,g
1410,Sallad m. räkor sparris tomat champinjoner ägg,"Natrium, Na",Sallad blandad mat,277.0,mg
1410,Sallad m. räkor sparris tomat champinjoner ägg,Monosackarider,Sallad blandad mat,1.0,g
1410,Sallad m. räkor sparris tomat champinjoner ägg,"Sockerarter, totalt",Sallad blandad mat,1.1,g
1410,Sallad m. räkor sparris tomat champinjoner ägg,Summa enkelomättade fettsyror,Sallad blandad mat,2.2,g
1410,Sallad m. räkor sparris tomat champinjoner ägg,"Magnesium, Mg",Sallad blandad mat,16.0,mg
1410,Sallad m. räkor sparris tomat champinjoner ägg,Summa mättade fettsyror,Sallad blandad mat,0.6,g
1410,Sallad m. räkor sparris tomat champinjoner ägg,"Kolhydrater, tillgängliga",Sallad blandad mat,1.4,g
1410,Sallad m. räkor sparris tomat champinjoner ägg,Kolesterol,Sallad blandad mat,76.4,mg
1410,Sallad m. räkor sparris tomat champinjoner ägg,"Kalium, K",Sallad blandad mat,138.0,mg
1410,Sallad m. räkor sparris tomat champinjoner ägg,"Jod, I",Sallad blandad mat,24.7,µg
1410,Sallad m. räkor sparris tomat champinjoner ägg,Fullkorn totalt,Sallad blandad mat,0.0,g
1410,Sallad m. räkor sparris tomat champinjoner ägg,"Folat, totalt",Sallad blandad mat,35.1,µg
1410,Sallad m. räkor sparris tomat champinjoner ägg,Fibrer,Sallad blandad mat,0.9,g
1410,Sallad m. räkor sparris tomat champinjoner ägg,"Fett, totalt",Sallad blandad mat,4.3,g
1410,Sallad m. räkor sparris tomat champinjoner ägg,"Järn, Fe",Sallad blandad mat,0.6,mg
1410,Sallad m. räkor sparris tomat champinjoner ägg,Energi (kJ),Sallad blandad mat,295.0,kJ
1410,Sallad m. räkor sparris tomat champinjoner ägg,Energi (kcal),Sallad blandad mat,70.0,kcal
1410,Sallad m. räkor sparris tomat champinjoner ägg,Disackarider,Sallad blandad mat,0.0,g
1410,Sallad m. räkor sparris tomat champinjoner ägg,"Kalcium, Ca",Sallad blandad mat,22.0,mg
1410,Sallad m. räkor sparris tomat champinjoner ägg,Fettsyra 4:0-10:0,Sallad blandad mat,0.0,g
1410,Sallad m. räkor sparris tomat champinjoner ägg,DHA (C22:6),Sallad blandad mat,0.0,g
1410,Sallad m. räkor sparris tomat champinjoner ägg,DPA (C22:5),Sallad blandad mat,0.0,g
1410,Sallad m. räkor sparris tomat champinjoner ägg,EPA (C20:5),Sallad blandad mat,0.0,g
1410,Sallad m. räkor sparris tomat champinjoner ägg,Arakidonsyra C20:4,Sallad blandad mat,0.0,g
1410,Sallad m. räkor sparris tomat champinjoner ägg,Arakidinsyra C20:0,Sallad blandad mat,0.0,g
1410,Sallad m. räkor sparris tomat champinjoner ägg,Linolensyra C18:3,Sallad blandad mat,0.2,g
1410,Sallad m. räkor sparris tomat champinjoner ägg,Linolsyra C18:2,Sallad blandad mat,0.7,g
1410,Sallad m. räkor sparris tomat champinjoner ägg,Oljesyra C18:1,Sallad blandad mat,2.1,g
1410,Sallad m. räkor sparris tomat champinjoner ägg,Stearinsyra C18:0,Sallad blandad mat,0.1,g
1410,Sallad m. räkor sparris tomat champinjoner ägg,Palmitoljesyra C16:1,Sallad blandad mat,0.0,g
1410,Sallad m. räkor sparris tomat champinjoner ägg,Palmitinsyra C16:0,Sallad blandad mat,0.4,g
1410,Sallad m. räkor sparris tomat champinjoner ägg,Myristinsyra C14:0,Sallad blandad mat,0.0,g
1410,Sallad m. räkor sparris tomat champinjoner ägg,Laurinsyra C12:0,Sallad blandad mat,0.0,g
1410,Sallad m. räkor sparris tomat champinjoner ägg,Betakaroten/β-Karoten,Sallad blandad mat,117.0,µg
1410,Sallad m. räkor sparris tomat champinjoner ägg,Avfall (skal etc.),Sallad blandad mat,16.0,%
1410,Sallad m. räkor sparris tomat champinjoner ägg,Aska,Sallad blandad mat,1.2,g
1410,Sallad m. räkor sparris tomat champinjoner ägg,Alkohol,Sallad blandad mat,0.0,g
1411,Räka stuvad,"Zink, Zn",Fisk o skaldjursprodukter o rätter,0.5,mg
1411,Räka stuvad,Vitamin E,Fisk o skaldjursprodukter o rätter,2.6,mg
1411,Räka stuvad,Vitamin D,Fisk o skaldjursprodukter o rätter,0.22,µg
1411,Räka stuvad,Vitamin C,Fisk o skaldjursprodukter o rätter,1.9,mg
1411,Räka stuvad,Vitamin B6,Fisk o skaldjursprodukter o rätter,0.03,mg
1411,Räka stuvad,Vitamin B12,Fisk o skaldjursprodukter o rätter,1.28,µg
1411,Räka stuvad,Vitamin A,Fisk o skaldjursprodukter o rätter,60.6,RE/µg
1411,Räka stuvad,Vatten,Fisk o skaldjursprodukter o rätter,76.6,g
1411,Räka stuvad,Tiamin,Fisk o skaldjursprodukter o rätter,0.03,mg
1411,Räka stuvad,Tillsatt socker,Fisk o skaldjursprodukter o rätter,0.0,g
1411,Räka stuvad,Fritt socker,Fisk o skaldjursprodukter o rätter,0.0,g
1411,Räka stuvad,"Selen, Se",Fisk o skaldjursprodukter o rätter,8.3,µg
1411,Räka stuvad,Sackaros,Fisk o skaldjursprodukter o rätter,0.1,g
1411,Räka stuvad,Riboflavin,Fisk o skaldjursprodukter o rätter,0.03,mg
1411,Räka stuvad,Retinol,Fisk o skaldjursprodukter o rätter,47.6,µg
1411,Räka stuvad,Protein,Fisk o skaldjursprodukter o rätter,6.8,g
1411,Räka stuvad,Summa fleromättade fettsyror,Fisk o skaldjursprodukter o rätter,1.5,g
1411,Räka stuvad,"Fosfor, P",Fisk o skaldjursprodukter o rätter,70.0,mg
1411,Räka stuvad,Niacinekvivalenter,Fisk o skaldjursprodukter o rätter,1.77,NE/mg
1411,Räka stuvad,Niacin,Fisk o skaldjursprodukter o rätter,0.5,mg
1411,Räka stuvad,"Salt, NaCl",Fisk o skaldjursprodukter o rätter,1.8,g
1411,Räka stuvad,"Natrium, Na",Fisk o skaldjursprodukter o rätter,715.0,mg
1411,Räka stuvad,Monosackarider,Fisk o skaldjursprodukter o rätter,0.0,g
1411,Räka stuvad,"Sockerarter, totalt",Fisk o skaldjursprodukter o rätter,0.7,g
1411,Räka stuvad,Summa enkelomättade fettsyror,Fisk o skaldjursprodukter o rätter,3.8,g
1411,Räka stuvad,"Magnesium, Mg",Fisk o skaldjursprodukter o rätter,17.0,mg
1411,Räka stuvad,Summa mättade fettsyror,Fisk o skaldjursprodukter o rätter,3.6,g
1411,Räka stuvad,"Kolhydrater, tillgängliga",Fisk o skaldjursprodukter o rätter,4.2,g
1411,Räka stuvad,Kolesterol,Fisk o skaldjursprodukter o rätter,62.4,mg
1411,Räka stuvad,"Kalium, K",Fisk o skaldjursprodukter o rätter,66.0,mg
1411,Räka stuvad,"Jod, I",Fisk o skaldjursprodukter o rätter,52.2,µg
1411,Räka stuvad,Fullkorn totalt,Fisk o skaldjursprodukter o rätter,0.0,g
1411,Räka stuvad,"Folat, totalt",Fisk o skaldjursprodukter o rätter,8.2,µg
1411,Räka stuvad,Fibrer,Fisk o skaldjursprodukter o rätter,0.2,g
1411,Räka stuvad,"Fett, totalt",Fisk o skaldjursprodukter o rätter,9.5,g
1411,Räka stuvad,"Järn, Fe",Fisk o skaldjursprodukter o rätter,0.2,mg
1411,Räka stuvad,Energi (kJ),Fisk o skaldjursprodukter o rätter,541.0,kJ
1411,Räka stuvad,Energi (kcal),Fisk o skaldjursprodukter o rätter,129.0,kcal
1411,Räka stuvad,Disackarider,Fisk o skaldjursprodukter o rätter,0.7,g
1411,Räka stuvad,"Kalcium, Ca",Fisk o skaldjursprodukter o rätter,29.0,mg
1411,Räka stuvad,Fettsyra 4:0-10:0,Fisk o skaldjursprodukter o rätter,0.3,g
1411,Räka stuvad,DHA (C22:6),Fisk o skaldjursprodukter o rätter,0.0,g
1411,Räka stuvad,DPA (C22:5),Fisk o skaldjursprodukter o rätter,0.0,g
1411,Räka stuvad,EPA (C20:5),Fisk o skaldjursprodukter o rätter,0.0,g
1411,Räka stuvad,Arakidonsyra C20:4,Fisk o skaldjursprodukter o rätter,0.0,g
1411,Räka stuvad,Arakidinsyra C20:0,Fisk o skaldjursprodukter o rätter,0.0,g
1411,Räka stuvad,Linolensyra C18:3,Fisk o skaldjursprodukter o rätter,0.3,g
1411,Räka stuvad,Linolsyra C18:2,Fisk o skaldjursprodukter o rätter,1.1,g
1411,Räka stuvad,Oljesyra C18:1,Fisk o skaldjursprodukter o rätter,3.5,g
1411,Räka stuvad,Stearinsyra C18:0,Fisk o skaldjursprodukter o rätter,0.6,g
1411,Räka stuvad,Palmitoljesyra C16:1,Fisk o skaldjursprodukter o rätter,0.1,g
1411,Räka stuvad,Palmitinsyra C16:0,Fisk o skaldjursprodukter o rätter,1.8,g
1411,Räka stuvad,Myristinsyra C14:0,Fisk o skaldjursprodukter o rätter,0.5,g
1411,Räka stuvad,Laurinsyra C12:0,Fisk o skaldjursprodukter o rätter,0.2,g
1411,Räka stuvad,Betakaroten/β-Karoten,Fisk o skaldjursprodukter o rätter,76.0,µg
1411,Räka stuvad,Avfall (skal etc.),Fisk o skaldjursprodukter o rätter,18.0,%
1411,Räka stuvad,Aska,Fisk o skaldjursprodukter o rätter,2.4,g
1411,Räka stuvad,Alkohol,Fisk o skaldjursprodukter o rätter,0.0,g
1412,Räksoppa ätf.,"Zink, Zn",Soppa mat,0.4,mg
1412,Räksoppa ätf.,Vitamin E,Soppa mat,1.3,mg
1412,Räksoppa ätf.,Vitamin D,Soppa mat,0.05,µg
1412,Räksoppa ätf.,Vitamin C,Soppa mat,1.7,mg
1412,Räksoppa ätf.,Vitamin B6,Soppa mat,0.03,mg
1412,Räksoppa ätf.,Vitamin B12,Soppa mat,0.61,µg
1412,Räksoppa ätf.,Vitamin A,Soppa mat,87.1,RE/µg
1412,Räksoppa ätf.,Vatten,Soppa mat,84.3,g
1412,Räksoppa ätf.,Tiamin,Soppa mat,0.03,mg
1412,Räksoppa ätf.,Tillsatt socker,Soppa mat,0.0,g
1412,Räksoppa ätf.,Fritt socker,Soppa mat,0.0,g
1412,Räksoppa ätf.,"Selen, Se",Soppa mat,5.4,µg
1412,Räksoppa ätf.,Sackaros,Soppa mat,0.3,g
1412,Räksoppa ätf.,Riboflavin,Soppa mat,0.03,mg
1412,Räksoppa ätf.,Retinol,Soppa mat,41.4,µg
1412,Räksoppa ätf.,Protein,Soppa mat,4.8,g
1412,Räksoppa ätf.,Summa fleromättade fettsyror,Soppa mat,0.4,g
1412,Räksoppa ätf.,"Fosfor, P",Soppa mat,55.0,mg
1412,Räksoppa ätf.,Niacinekvivalenter,Soppa mat,1.34,NE/mg
1412,Räksoppa ätf.,Niacin,Soppa mat,0.44,mg
1412,Räksoppa ätf.,"Salt, NaCl",Soppa mat,1.0,g
1412,Räksoppa ätf.,"Natrium, Na",Soppa mat,407.0,mg
1412,Räksoppa ätf.,Monosackarider,Soppa mat,0.6,g
1412,Räksoppa ätf.,"Sockerarter, totalt",Soppa mat,1.5,g
1412,Räksoppa ätf.,Summa enkelomättade fettsyror,Soppa mat,1.6,g
1412,Räksoppa ätf.,"Magnesium, Mg",Soppa mat,14.0,mg
1412,Räksoppa ätf.,Summa mättade fettsyror,Soppa mat,3.1,g
1412,Räksoppa ätf.,"Kolhydrater, tillgängliga",Soppa mat,2.7,g
1412,Räksoppa ätf.,Kolesterol,Soppa mat,45.3,mg
1412,Räksoppa ätf.,"Kalium, K",Soppa mat,85.0,mg
1412,Räksoppa ätf.,"Jod, I",Soppa mat,14.9,µg
1412,Räksoppa ätf.,Fullkorn totalt,Soppa mat,0.0,g
1412,Räksoppa ätf.,"Folat, totalt",Soppa mat,7.4,µg
1412,Räksoppa ätf.,Fibrer,Soppa mat,0.4,g
1412,Räksoppa ätf.,"Fett, totalt",Soppa mat,5.6,g
1412,Räksoppa ätf.,"Järn, Fe",Soppa mat,0.2,mg
1412,Räksoppa ätf.,Energi (kJ),Soppa mat,344.0,kJ
1412,Räksoppa ätf.,Energi (kcal),Soppa mat,82.0,kcal
1412,Räksoppa ätf.,Disackarider,Soppa mat,0.9,g
1412,Räksoppa ätf.,"Kalcium, Ca",Soppa mat,29.0,mg
1412,Räksoppa ätf.,Fettsyra 4:0-10:0,Soppa mat,0.3,g
1412,Räksoppa ätf.,DHA (C22:6),Soppa mat,0.0,g
1412,Räksoppa ätf.,DPA (C22:5),Soppa mat,0.0,g
1412,Räksoppa ätf.,EPA (C20:5),Soppa mat,0.0,g
1412,Räksoppa ätf.,Arakidonsyra C20:4,Soppa mat,0.0,g
1412,Räksoppa ätf.,Arakidinsyra C20:0,Soppa mat,0.0,g
1412,Räksoppa ätf.,Linolensyra C18:3,Soppa mat,0.1,g
1412,Räksoppa ätf.,Linolsyra C18:2,Soppa mat,0.2,g
1412,Räksoppa ätf.,Oljesyra C18:1,Soppa mat,1.4,g
1412,Räksoppa ätf.,Stearinsyra C18:0,Soppa mat,0.5,g
1412,Räksoppa ätf.,Palmitoljesyra C16:1,Soppa mat,0.1,g
1412,Räksoppa ätf.,Palmitinsyra C16:0,Soppa mat,1.5,g
1412,Räksoppa ätf.,Myristinsyra C14:0,Soppa mat,0.5,g
1412,Räksoppa ätf.,Laurinsyra C12:0,Soppa mat,0.1,g
1412,Räksoppa ätf.,Betakaroten/β-Karoten,Soppa mat,465.0,µg
1412,Räksoppa ätf.,Avfall (skal etc.),Soppa mat,12.0,%
1412,Räksoppa ätf.,Aska,Soppa mat,1.5,g
1412,Räksoppa ätf.,Alkohol,Soppa mat,0.18,g
1413,Västkustsallad m. musslor räkor champinjon dressing hemlagad,"Zink, Zn",Sallad blandad mat,0.8,mg
1413,Västkustsallad m. musslor räkor champinjon dressing hemlagad,Vitamin E,Sallad blandad mat,2.5,mg
1413,Västkustsallad m. musslor räkor champinjon dressing hemlagad,Vitamin D,Sallad blandad mat,0.04,µg
1413,Västkustsallad m. musslor räkor champinjon dressing hemlagad,Vitamin C,Sallad blandad mat,11.0,mg
1413,Västkustsallad m. musslor räkor champinjon dressing hemlagad,Vitamin B6,Sallad blandad mat,0.09,mg
1413,Västkustsallad m. musslor räkor champinjon dressing hemlagad,Vitamin B12,Sallad blandad mat,1.63,µg
1413,Västkustsallad m. musslor räkor champinjon dressing hemlagad,Vitamin A,Sallad blandad mat,51.1,RE/µg
1413,Västkustsallad m. musslor räkor champinjon dressing hemlagad,Vatten,Sallad blandad mat,81.2,g
1413,Västkustsallad m. musslor räkor champinjon dressing hemlagad,Tiamin,Sallad blandad mat,0.06,mg
1413,Västkustsallad m. musslor räkor champinjon dressing hemlagad,Tillsatt socker,Sallad blandad mat,0.0,g
1413,Västkustsallad m. musslor räkor champinjon dressing hemlagad,Fritt socker,Sallad blandad mat,0.0,g
1413,Västkustsallad m. musslor räkor champinjon dressing hemlagad,"Selen, Se",Sallad blandad mat,15.9,µg
1413,Västkustsallad m. musslor räkor champinjon dressing hemlagad,Sackaros,Sallad blandad mat,0.3,g
1413,Västkustsallad m. musslor räkor champinjon dressing hemlagad,Riboflavin,Sallad blandad mat,0.15,mg
1413,Västkustsallad m. musslor räkor champinjon dressing hemlagad,Retinol,Sallad blandad mat,19.4,µg
1413,Västkustsallad m. musslor räkor champinjon dressing hemlagad,Protein,Sallad blandad mat,6.2,g
1413,Västkustsallad m. musslor räkor champinjon dressing hemlagad,Summa fleromättade fettsyror,Sallad blandad mat,1.3,g
1413,Västkustsallad m. musslor räkor champinjon dressing hemlagad,"Fosfor, P",Sallad blandad mat,107.0,mg
1413,Västkustsallad m. musslor räkor champinjon dressing hemlagad,Niacinekvivalenter,Sallad blandad mat,2.17,NE/mg
1413,Västkustsallad m. musslor räkor champinjon dressing hemlagad,Niacin,Sallad blandad mat,1.05,mg
1413,Västkustsallad m. musslor räkor champinjon dressing hemlagad,"Salt, NaCl",Sallad blandad mat,0.6,g
1413,Västkustsallad m. musslor räkor champinjon dressing hemlagad,"Natrium, Na",Sallad blandad mat,219.0,mg
1413,Västkustsallad m. musslor räkor champinjon dressing hemlagad,Monosackarider,Sallad blandad mat,1.1,g
1413,Västkustsallad m. musslor räkor champinjon dressing hemlagad,"Sockerarter, totalt",Sallad blandad mat,1.6,g
1413,Västkustsallad m. musslor räkor champinjon dressing hemlagad,Summa enkelomättade fettsyror,Sallad blandad mat,4.0,g
1413,Västkustsallad m. musslor räkor champinjon dressing hemlagad,"Magnesium, Mg",Sallad blandad mat,23.0,mg
1413,Västkustsallad m. musslor räkor champinjon dressing hemlagad,Summa mättade fettsyror,Sallad blandad mat,1.3,g
1413,Västkustsallad m. musslor räkor champinjon dressing hemlagad,"Kolhydrater, tillgängliga",Sallad blandad mat,2.6,g
1413,Västkustsallad m. musslor räkor champinjon dressing hemlagad,Kolesterol,Sallad blandad mat,29.1,mg
1413,Västkustsallad m. musslor räkor champinjon dressing hemlagad,"Kalium, K",Sallad blandad mat,188.0,mg
1413,Västkustsallad m. musslor räkor champinjon dressing hemlagad,"Jod, I",Sallad blandad mat,43.2,µg
1413,Västkustsallad m. musslor räkor champinjon dressing hemlagad,Fullkorn totalt,Sallad blandad mat,0.0,g
1413,Västkustsallad m. musslor räkor champinjon dressing hemlagad,"Folat, totalt",Sallad blandad mat,34.5,µg
1413,Västkustsallad m. musslor räkor champinjon dressing hemlagad,Fibrer,Sallad blandad mat,1.2,g
1413,Västkustsallad m. musslor räkor champinjon dressing hemlagad,"Fett, totalt",Sallad blandad mat,7.2,g
1413,Västkustsallad m. musslor räkor champinjon dressing hemlagad,"Järn, Fe",Sallad blandad mat,1.1,mg
1413,Västkustsallad m. musslor räkor champinjon dressing hemlagad,Energi (kJ),Sallad blandad mat,426.0,kJ
1413,Västkustsallad m. musslor räkor champinjon dressing hemlagad,Energi (kcal),Sallad blandad mat,102.0,kcal
1413,Västkustsallad m. musslor räkor champinjon dressing hemlagad,Disackarider,Sallad blandad mat,0.5,g
1413,Västkustsallad m. musslor räkor champinjon dressing hemlagad,"Kalcium, Ca",Sallad blandad mat,42.0,mg
1413,Västkustsallad m. musslor räkor champinjon dressing hemlagad,Fettsyra 4:0-10:0,Sallad blandad mat,0.1,g
1413,Västkustsallad m. musslor räkor champinjon dressing hemlagad,DHA (C22:6),Sallad blandad mat,0.0,g
1413,Västkustsallad m. musslor räkor champinjon dressing hemlagad,DPA (C22:5),Sallad blandad mat,0.0,g
1413,Västkustsallad m. musslor räkor champinjon dressing hemlagad,EPA (C20:5),Sallad blandad mat,0.1,g
1413,Västkustsallad m. musslor räkor champinjon dressing hemlagad,Arakidonsyra C20:4,Sallad blandad mat,0.0,g
1413,Västkustsallad m. musslor räkor champinjon dressing hemlagad,Arakidinsyra C20:0,Sallad blandad mat,0.0,g
1413,Västkustsallad m. musslor räkor champinjon dressing hemlagad,Linolensyra C18:3,Sallad blandad mat,0.3,g
1413,Västkustsallad m. musslor räkor champinjon dressing hemlagad,Linolsyra C18:2,Sallad blandad mat,0.9,g
1413,Västkustsallad m. musslor räkor champinjon dressing hemlagad,Oljesyra C18:1,Sallad blandad mat,3.8,g
1413,Västkustsallad m. musslor räkor champinjon dressing hemlagad,Stearinsyra C18:0,Sallad blandad mat,0.2,g
1413,Västkustsallad m. musslor räkor champinjon dressing hemlagad,Palmitoljesyra C16:1,Sallad blandad mat,0.1,g
1413,Västkustsallad m. musslor räkor champinjon dressing hemlagad,Palmitinsyra C16:0,Sallad blandad mat,0.8,g
1413,Västkustsallad m. musslor räkor champinjon dressing hemlagad,Myristinsyra C14:0,Sallad blandad mat,0.1,g
1413,Västkustsallad m. musslor räkor champinjon dressing hemlagad,Laurinsyra C12:0,Sallad blandad mat,0.0,g
1413,Västkustsallad m. musslor räkor champinjon dressing hemlagad,Betakaroten/β-Karoten,Sallad blandad mat,377.0,µg
1413,Västkustsallad m. musslor räkor champinjon dressing hemlagad,Avfall (skal etc.),Sallad blandad mat,21.0,%
1413,Västkustsallad m. musslor räkor champinjon dressing hemlagad,Aska,Sallad blandad mat,1.4,g
1413,Västkustsallad m. musslor räkor champinjon dressing hemlagad,Alkohol,Sallad blandad mat,0.0,g
1414,Västkustsallad m. musslor räkor champinjon hemlagad,"Zink, Zn",Sallad blandad mat,0.9,mg
1414,Västkustsallad m. musslor räkor champinjon hemlagad,Vitamin E,Sallad blandad mat,1.4,mg
1414,Västkustsallad m. musslor räkor champinjon hemlagad,Vitamin D inkl 25-OH-D3,Sallad blandad mat,0.02,µg
1414,Västkustsallad m. musslor räkor champinjon hemlagad,Vitamin D,Sallad blandad mat,0.02,µg
1414,Västkustsallad m. musslor räkor champinjon hemlagad,Vitamin C,Sallad blandad mat,11.3,mg
1414,Västkustsallad m. musslor räkor champinjon hemlagad,Vitamin B6,Sallad blandad mat,0.08,mg
1414,Västkustsallad m. musslor räkor champinjon hemlagad,Vitamin B12,Sallad blandad mat,1.97,µg
1414,Västkustsallad m. musslor räkor champinjon hemlagad,Vitamin A,Sallad blandad mat,42.5,RE/µg
1414,Västkustsallad m. musslor räkor champinjon hemlagad,Vatten,Sallad blandad mat,87.0,g
1414,Västkustsallad m. musslor räkor champinjon hemlagad,Tiamin,Sallad blandad mat,0.07,mg
1414,Västkustsallad m. musslor räkor champinjon hemlagad,Tillsatt socker,Sallad blandad mat,0.0,g
1414,Västkustsallad m. musslor räkor champinjon hemlagad,Fritt socker,Sallad blandad mat,0.0,g
1414,Västkustsallad m. musslor räkor champinjon hemlagad,"Selen, Se",Sallad blandad mat,19.0,µg
1414,Västkustsallad m. musslor räkor champinjon hemlagad,Sackaros,Sallad blandad mat,0.2,g
1414,Västkustsallad m. musslor räkor champinjon hemlagad,Riboflavin,Sallad blandad mat,0.16,mg
1414,Västkustsallad m. musslor räkor champinjon hemlagad,Retinol,Sallad blandad mat,11.3,µg
1414,Västkustsallad m. musslor räkor champinjon hemlagad,Protein,Sallad blandad mat,7.2,g
1414,Västkustsallad m. musslor räkor champinjon hemlagad,Summa fleromättade fettsyror,Sallad blandad mat,0.3,g
1414,Västkustsallad m. musslor räkor champinjon hemlagad,"Fosfor, P",Sallad blandad mat,117.0,mg
1414,Västkustsallad m. musslor räkor champinjon hemlagad,Niacinekvivalenter,Sallad blandad mat,2.44,NE/mg
1414,Västkustsallad m. musslor räkor champinjon hemlagad,Niacin,Sallad blandad mat,1.16,mg
1414,Västkustsallad m. musslor räkor champinjon hemlagad,"Salt, NaCl",Sallad blandad mat,0.4,g
1414,Västkustsallad m. musslor räkor champinjon hemlagad,"Natrium, Na",Sallad blandad mat,161.0,mg
1414,Västkustsallad m. musslor räkor champinjon hemlagad,Monosackarider,Sallad blandad mat,1.1,g
1414,Västkustsallad m. musslor räkor champinjon hemlagad,"Sockerarter, totalt",Sallad blandad mat,1.3,g
1414,Västkustsallad m. musslor räkor champinjon hemlagad,Summa enkelomättade fettsyror,Sallad blandad mat,0.1,g
1414,Västkustsallad m. musslor räkor champinjon hemlagad,"Magnesium, Mg",Sallad blandad mat,25.0,mg
1414,Västkustsallad m. musslor räkor champinjon hemlagad,Summa mättade fettsyror,Sallad blandad mat,0.1,g
1414,Västkustsallad m. musslor räkor champinjon hemlagad,"Kolhydrater, tillgängliga",Sallad blandad mat,2.3,g
1414,Västkustsallad m. musslor räkor champinjon hemlagad,Kolesterol,Sallad blandad mat,27.4,mg
1414,Västkustsallad m. musslor räkor champinjon hemlagad,"Kalium, K",Sallad blandad mat,177.0,mg
1414,Västkustsallad m. musslor räkor champinjon hemlagad,"Jod, I",Sallad blandad mat,39.0,µg
1414,Västkustsallad m. musslor räkor champinjon hemlagad,Fullkorn totalt,Sallad blandad mat,0.0,g
1414,Västkustsallad m. musslor räkor champinjon hemlagad,"Folat, totalt",Sallad blandad mat,33.5,µg
1414,Västkustsallad m. musslor räkor champinjon hemlagad,Fibrer,Sallad blandad mat,1.2,g
1414,Västkustsallad m. musslor räkor champinjon hemlagad,"Fett, totalt",Sallad blandad mat,0.9,g
1414,Västkustsallad m. musslor räkor champinjon hemlagad,"Järn, Fe",Sallad blandad mat,1.3,mg
1414,Västkustsallad m. musslor räkor champinjon hemlagad,Energi (kJ),Sallad blandad mat,204.0,kJ
1414,Västkustsallad m. musslor räkor champinjon hemlagad,Energi (kcal),Sallad blandad mat,49.0,kcal
1414,Västkustsallad m. musslor räkor champinjon hemlagad,Disackarider,Sallad blandad mat,0.2,g
1414,Västkustsallad m. musslor räkor champinjon hemlagad,"Kalcium, Ca",Sallad blandad mat,38.0,mg
1414,Västkustsallad m. musslor räkor champinjon hemlagad,Fettsyra 4:0-10:0,Sallad blandad mat,0.0,g
1414,Västkustsallad m. musslor räkor champinjon hemlagad,DHA (C22:6),Sallad blandad mat,0.1,g
1414,Västkustsallad m. musslor räkor champinjon hemlagad,DPA (C22:5),Sallad blandad mat,0.0,g
1414,Västkustsallad m. musslor räkor champinjon hemlagad,EPA (C20:5),Sallad blandad mat,0.1,g
1414,Västkustsallad m. musslor räkor champinjon hemlagad,Arakidonsyra C20:4,Sallad blandad mat,0.0,g
1414,Västkustsallad m. musslor räkor champinjon hemlagad,Arakidinsyra C20:0,Sallad blandad mat,0.0,g
1414,Västkustsallad m. musslor räkor champinjon hemlagad,Linolensyra C18:3,Sallad blandad mat,0.0,g
1414,Västkustsallad m. musslor räkor champinjon hemlagad,Linolsyra C18:2,Sallad blandad mat,0.0,g
1414,Västkustsallad m. musslor räkor champinjon hemlagad,Oljesyra C18:1,Sallad blandad mat,0.1,g
1414,Västkustsallad m. musslor räkor champinjon hemlagad,Stearinsyra C18:0,Sallad blandad mat,0.0,g
1414,Västkustsallad m. musslor räkor champinjon hemlagad,Palmitoljesyra C16:1,Sallad blandad mat,0.0,g
1414,Västkustsallad m. musslor räkor champinjon hemlagad,Palmitinsyra C16:0,Sallad blandad mat,0.1,g
1414,Västkustsallad m. musslor räkor champinjon hemlagad,Myristinsyra C14:0,Sallad blandad mat,0.0,g
1414,Västkustsallad m. musslor räkor champinjon hemlagad,Laurinsyra C12:0,Sallad blandad mat,0.0,g
1414,Västkustsallad m. musslor räkor champinjon hemlagad,Betakaroten/β-Karoten,Sallad blandad mat,371.0,µg
1414,Västkustsallad m. musslor räkor champinjon hemlagad,Avfall (skal etc.),Sallad blandad mat,25.0,%
1414,Västkustsallad m. musslor räkor champinjon hemlagad,Aska,Sallad blandad mat,1.3,g
1414,Västkustsallad m. musslor räkor champinjon hemlagad,Alkohol,Sallad blandad mat,0.0,g
1416,Medelhavssallad m. tonfisk skaldjur majonnäsdressing sallad tomat,"Zink, Zn",Sallad blandad mat,0.3,mg
1416,Medelhavssallad m. tonfisk skaldjur majonnäsdressing sallad tomat,Vitamin E,Sallad blandad mat,3.2,mg
1416,Medelhavssallad m. tonfisk skaldjur majonnäsdressing sallad tomat,Vitamin D,Sallad blandad mat,0.2,µg
1416,Medelhavssallad m. tonfisk skaldjur majonnäsdressing sallad tomat,Vitamin C,Sallad blandad mat,0.0,mg
1416,Medelhavssallad m. tonfisk skaldjur majonnäsdressing sallad tomat,Vitamin B6,Sallad blandad mat,0.09,mg
1416,Medelhavssallad m. tonfisk skaldjur majonnäsdressing sallad tomat,Vitamin B12,Sallad blandad mat,0.65,µg
1416,Medelhavssallad m. tonfisk skaldjur majonnäsdressing sallad tomat,Vitamin A,Sallad blandad mat,6.1,RE/µg
1416,Medelhavssallad m. tonfisk skaldjur majonnäsdressing sallad tomat,Vatten,Sallad blandad mat,78.4,g
1416,Medelhavssallad m. tonfisk skaldjur majonnäsdressing sallad tomat,Tiamin,Sallad blandad mat,0.03,mg
1416,Medelhavssallad m. tonfisk skaldjur majonnäsdressing sallad tomat,Tillsatt socker,Sallad blandad mat,0.0,g
1416,Medelhavssallad m. tonfisk skaldjur majonnäsdressing sallad tomat,Fritt socker,Sallad blandad mat,0.0,g
1416,Medelhavssallad m. tonfisk skaldjur majonnäsdressing sallad tomat,"Selen, Se",Sallad blandad mat,16.3,µg
1416,Medelhavssallad m. tonfisk skaldjur majonnäsdressing sallad tomat,Sackaros,Sallad blandad mat,0.0,g
1416,Medelhavssallad m. tonfisk skaldjur majonnäsdressing sallad tomat,Riboflavin,Sallad blandad mat,0.04,mg
1416,Medelhavssallad m. tonfisk skaldjur majonnäsdressing sallad tomat,Retinol,Sallad blandad mat,0.0,µg
1416,Medelhavssallad m. tonfisk skaldjur majonnäsdressing sallad tomat,Protein,Sallad blandad mat,7.4,g
1416,Medelhavssallad m. tonfisk skaldjur majonnäsdressing sallad tomat,Summa fleromättade fettsyror,Sallad blandad mat,2.6,g
1416,Medelhavssallad m. tonfisk skaldjur majonnäsdressing sallad tomat,"Fosfor, P",Sallad blandad mat,74.0,mg
1416,Medelhavssallad m. tonfisk skaldjur majonnäsdressing sallad tomat,Niacinekvivalenter,Sallad blandad mat,3.4,NE/mg
1416,Medelhavssallad m. tonfisk skaldjur majonnäsdressing sallad tomat,Niacin,Sallad blandad mat,2.05,mg
1416,Medelhavssallad m. tonfisk skaldjur majonnäsdressing sallad tomat,"Salt, NaCl",Sallad blandad mat,0.9,g
1416,Medelhavssallad m. tonfisk skaldjur majonnäsdressing sallad tomat,"Natrium, Na",Sallad blandad mat,361.0,mg
1416,Medelhavssallad m. tonfisk skaldjur majonnäsdressing sallad tomat,Monosackarider,Sallad blandad mat,0.9,g
1416,Medelhavssallad m. tonfisk skaldjur majonnäsdressing sallad tomat,"Sockerarter, totalt",Sallad blandad mat,1.4,g
1416,Medelhavssallad m. tonfisk skaldjur majonnäsdressing sallad tomat,Summa enkelomättade fettsyror,Sallad blandad mat,5.2,g
1416,Medelhavssallad m. tonfisk skaldjur majonnäsdressing sallad tomat,"Magnesium, Mg",Sallad blandad mat,14.0,mg
1416,Medelhavssallad m. tonfisk skaldjur majonnäsdressing sallad tomat,Summa mättade fettsyror,Sallad blandad mat,0.7,g
1416,Medelhavssallad m. tonfisk skaldjur majonnäsdressing sallad tomat,"Kolhydrater, tillgängliga",Sallad blandad mat,2.5,g
1416,Medelhavssallad m. tonfisk skaldjur majonnäsdressing sallad tomat,Kolesterol,Sallad blandad mat,37.7,mg
1416,Medelhavssallad m. tonfisk skaldjur majonnäsdressing sallad tomat,"Kalium, K",Sallad blandad mat,157.0,mg
1416,Medelhavssallad m. tonfisk skaldjur majonnäsdressing sallad tomat,"Jod, I",Sallad blandad mat,4.9,µg
1416,Medelhavssallad m. tonfisk skaldjur majonnäsdressing sallad tomat,Fullkorn totalt,Sallad blandad mat,0.0,g
1416,Medelhavssallad m. tonfisk skaldjur majonnäsdressing sallad tomat,"Folat, totalt",Sallad blandad mat,22.2,µg
1416,Medelhavssallad m. tonfisk skaldjur majonnäsdressing sallad tomat,Fibrer,Sallad blandad mat,0.8,g
1416,Medelhavssallad m. tonfisk skaldjur majonnäsdressing sallad tomat,"Fett, totalt",Sallad blandad mat,9.5,g
1416,Medelhavssallad m. tonfisk skaldjur majonnäsdressing sallad tomat,"Järn, Fe",Sallad blandad mat,0.2,mg
1416,Medelhavssallad m. tonfisk skaldjur majonnäsdressing sallad tomat,Energi (kJ),Sallad blandad mat,527.0,kJ
1416,Medelhavssallad m. tonfisk skaldjur majonnäsdressing sallad tomat,Energi (kcal),Sallad blandad mat,126.0,kcal
1416,Medelhavssallad m. tonfisk skaldjur majonnäsdressing sallad tomat,Disackarider,Sallad blandad mat,0.5,g
1416,Medelhavssallad m. tonfisk skaldjur majonnäsdressing sallad tomat,"Kalcium, Ca",Sallad blandad mat,37.0,mg
1416,Medelhavssallad m. tonfisk skaldjur majonnäsdressing sallad tomat,Fettsyra 4:0-10:0,Sallad blandad mat,0.0,g
1416,Medelhavssallad m. tonfisk skaldjur majonnäsdressing sallad tomat,DHA (C22:6),Sallad blandad mat,0.0,g
1416,Medelhavssallad m. tonfisk skaldjur majonnäsdressing sallad tomat,DPA (C22:5),Sallad blandad mat,0.0,g
1416,Medelhavssallad m. tonfisk skaldjur majonnäsdressing sallad tomat,EPA (C20:5),Sallad blandad mat,0.0,g
1416,Medelhavssallad m. tonfisk skaldjur majonnäsdressing sallad tomat,Arakidonsyra C20:4,Sallad blandad mat,0.0,g
1416,Medelhavssallad m. tonfisk skaldjur majonnäsdressing sallad tomat,Arakidinsyra C20:0,Sallad blandad mat,0.0,g
1416,Medelhavssallad m. tonfisk skaldjur majonnäsdressing sallad tomat,Linolensyra C18:3,Sallad blandad mat,0.8,g
1416,Medelhavssallad m. tonfisk skaldjur majonnäsdressing sallad tomat,Linolsyra C18:2,Sallad blandad mat,1.7,g
1416,Medelhavssallad m. tonfisk skaldjur majonnäsdressing sallad tomat,Oljesyra C18:1,Sallad blandad mat,5.0,g
1416,Medelhavssallad m. tonfisk skaldjur majonnäsdressing sallad tomat,Stearinsyra C18:0,Sallad blandad mat,0.2,g
1416,Medelhavssallad m. tonfisk skaldjur majonnäsdressing sallad tomat,Palmitoljesyra C16:1,Sallad blandad mat,0.0,g
1416,Medelhavssallad m. tonfisk skaldjur majonnäsdressing sallad tomat,Palmitinsyra C16:0,Sallad blandad mat,0.4,g
1416,Medelhavssallad m. tonfisk skaldjur majonnäsdressing sallad tomat,Myristinsyra C14:0,Sallad blandad mat,0.0,g
1416,Medelhavssallad m. tonfisk skaldjur majonnäsdressing sallad tomat,Laurinsyra C12:0,Sallad blandad mat,0.0,g
1416,Medelhavssallad m. tonfisk skaldjur majonnäsdressing sallad tomat,Betakaroten/β-Karoten,Sallad blandad mat,72.0,µg
1416,Medelhavssallad m. tonfisk skaldjur majonnäsdressing sallad tomat,Avfall (skal etc.),Sallad blandad mat,0.0,%
1416,Medelhavssallad m. tonfisk skaldjur majonnäsdressing sallad tomat,Aska,Sallad blandad mat,1.4,g
1416,Medelhavssallad m. tonfisk skaldjur majonnäsdressing sallad tomat,Alkohol,Sallad blandad mat,0.0,g
1417,Skaldjurspaté,"Zink, Zn",Fisk o skaldjursprodukter o rätter,0.6,mg
1417,Skaldjurspaté,Vitamin E,Fisk o skaldjursprodukter o rätter,1.1,mg
1417,Skaldjurspaté,Vitamin D,Fisk o skaldjursprodukter o rätter,1.23,µg
1417,Skaldjurspaté,Vitamin C,Fisk o skaldjursprodukter o rätter,0.1,mg
1417,Skaldjurspaté,Vitamin B6,Fisk o skaldjursprodukter o rätter,0.07,mg
1417,Skaldjurspaté,Vitamin B12,Fisk o skaldjursprodukter o rätter,0.72,µg
1417,Skaldjurspaté,Vitamin A,Fisk o skaldjursprodukter o rätter,137.8,RE/µg
1417,Skaldjurspaté,Vatten,Fisk o skaldjursprodukter o rätter,71.3,g
1417,Skaldjurspaté,Tiamin,Fisk o skaldjursprodukter o rätter,0.03,mg
1417,Skaldjurspaté,Tillsatt socker,Fisk o skaldjursprodukter o rätter,0.0,g
1417,Skaldjurspaté,Fritt socker,Fisk o skaldjursprodukter o rätter,0.0,g
1417,Skaldjurspaté,"Selen, Se",Fisk o skaldjursprodukter o rätter,17.7,µg
1417,Skaldjurspaté,Sackaros,Fisk o skaldjursprodukter o rätter,0.4,g
1417,Skaldjurspaté,Riboflavin,Fisk o skaldjursprodukter o rätter,0.11,mg
1417,Skaldjurspaté,Retinol,Fisk o skaldjursprodukter o rätter,91.9,µg
1417,Skaldjurspaté,Protein,Fisk o skaldjursprodukter o rätter,11.7,g
1417,Skaldjurspaté,Summa fleromättade fettsyror,Fisk o skaldjursprodukter o rätter,0.8,g
1417,Skaldjurspaté,"Fosfor, P",Fisk o skaldjursprodukter o rätter,112.0,mg
1417,Skaldjurspaté,Niacinekvivalenter,Fisk o skaldjursprodukter o rätter,2.9,NE/mg
1417,Skaldjurspaté,Niacin,Fisk o skaldjursprodukter o rätter,0.78,mg
1417,Skaldjurspaté,"Salt, NaCl",Fisk o skaldjursprodukter o rätter,1.8,g
1417,Skaldjurspaté,"Natrium, Na",Fisk o skaldjursprodukter o rätter,713.0,mg
1417,Skaldjurspaté,Monosackarider,Fisk o skaldjursprodukter o rätter,0.1,g
1417,Skaldjurspaté,"Sockerarter, totalt",Fisk o skaldjursprodukter o rätter,1.0,g
1417,Skaldjurspaté,Summa enkelomättade fettsyror,Fisk o skaldjursprodukter o rätter,2.4,g
1417,Skaldjurspaté,"Magnesium, Mg",Fisk o skaldjursprodukter o rätter,15.0,mg
1417,Skaldjurspaté,Summa mättade fettsyror,Fisk o skaldjursprodukter o rätter,5.8,g
1417,Skaldjurspaté,"Kolhydrater, tillgängliga",Fisk o skaldjursprodukter o rätter,2.3,g
1417,Skaldjurspaté,Kolesterol,Fisk o skaldjursprodukter o rätter,104.0,mg
1417,Skaldjurspaté,"Kalium, K",Fisk o skaldjursprodukter o rätter,189.0,mg
1417,Skaldjurspaté,"Jod, I",Fisk o skaldjursprodukter o rätter,24.6,µg
1417,Skaldjurspaté,Fullkorn totalt,Fisk o skaldjursprodukter o rätter,0.0,g
1417,Skaldjurspaté,"Folat, totalt",Fisk o skaldjursprodukter o rätter,13.8,µg
1417,Skaldjurspaté,Fibrer,Fisk o skaldjursprodukter o rätter,2.1,g
1417,Skaldjurspaté,"Fett, totalt",Fisk o skaldjursprodukter o rätter,10.2,g
1417,Skaldjurspaté,"Järn, Fe",Fisk o skaldjursprodukter o rätter,0.4,mg
1417,Skaldjurspaté,Energi (kJ),Fisk o skaldjursprodukter o rätter,631.0,kJ
1417,Skaldjurspaté,Energi (kcal),Fisk o skaldjursprodukter o rätter,151.0,kcal
1417,Skaldjurspaté,Disackarider,Fisk o skaldjursprodukter o rätter,0.9,g
1417,Skaldjurspaté,"Kalcium, Ca",Fisk o skaldjursprodukter o rätter,56.0,mg
1417,Skaldjurspaté,Fettsyra 4:0-10:0,Fisk o skaldjursprodukter o rätter,1.0,g
1417,Skaldjurspaté,DHA (C22:6),Fisk o skaldjursprodukter o rätter,0.1,g
1417,Skaldjurspaté,DPA (C22:5),Fisk o skaldjursprodukter o rätter,0.0,g
1417,Skaldjurspaté,EPA (C20:5),Fisk o skaldjursprodukter o rätter,0.0,g
1417,Skaldjurspaté,Arakidonsyra C20:4,Fisk o skaldjursprodukter o rätter,0.0,g
1417,Skaldjurspaté,Arakidinsyra C20:0,Fisk o skaldjursprodukter o rätter,0.0,g
1417,Skaldjurspaté,Linolensyra C18:3,Fisk o skaldjursprodukter o rätter,0.1,g
1417,Skaldjurspaté,Linolsyra C18:2,Fisk o skaldjursprodukter o rätter,0.3,g
1417,Skaldjurspaté,Oljesyra C18:1,Fisk o skaldjursprodukter o rätter,2.1,g
1417,Skaldjurspaté,Stearinsyra C18:0,Fisk o skaldjursprodukter o rätter,0.9,g
1417,Skaldjurspaté,Palmitoljesyra C16:1,Fisk o skaldjursprodukter o rätter,0.2,g
1417,Skaldjurspaté,Palmitinsyra C16:0,Fisk o skaldjursprodukter o rätter,2.5,g
1417,Skaldjurspaté,Myristinsyra C14:0,Fisk o skaldjursprodukter o rätter,0.9,g
1417,Skaldjurspaté,Laurinsyra C12:0,Fisk o skaldjursprodukter o rätter,0.3,g
1417,Skaldjurspaté,Betakaroten/β-Karoten,Fisk o skaldjursprodukter o rätter,489.0,µg
1417,Skaldjurspaté,Avfall (skal etc.),Fisk o skaldjursprodukter o rätter,0.0,%
1417,Skaldjurspaté,Aska,Fisk o skaldjursprodukter o rätter,2.5,g
1417,Skaldjurspaté,Alkohol,Fisk o skaldjursprodukter o rätter,0.0,g
1418,Räksoppa tillagad pulver m. vatten mjölk,"Zink, Zn",Soppa mat,0.3,mg
1418,Räksoppa tillagad pulver m. vatten mjölk,Vitamin E,Soppa mat,0.4,mg
1418,Räksoppa tillagad pulver m. vatten mjölk,Vitamin D,Soppa mat,0.0,µg
1418,Räksoppa tillagad pulver m. vatten mjölk,Vitamin C,Soppa mat,0.0,mg
1418,Räksoppa tillagad pulver m. vatten mjölk,Vitamin B6,Soppa mat,0.03,mg
1418,Räksoppa tillagad pulver m. vatten mjölk,Vitamin B12,Soppa mat,0.16,µg
1418,Räksoppa tillagad pulver m. vatten mjölk,Vitamin A,Soppa mat,8.4,RE/µg
1418,Räksoppa tillagad pulver m. vatten mjölk,Vatten,Soppa mat,88.6,g
1418,Räksoppa tillagad pulver m. vatten mjölk,Tiamin,Soppa mat,0.02,mg
1418,Räksoppa tillagad pulver m. vatten mjölk,Tillsatt socker,Soppa mat,2.0,g
1418,Räksoppa tillagad pulver m. vatten mjölk,Fritt socker,Soppa mat,2.0,g
1418,Räksoppa tillagad pulver m. vatten mjölk,"Selen, Se",Soppa mat,2.5,µg
1418,Räksoppa tillagad pulver m. vatten mjölk,Sackaros,Soppa mat,0.1,g
1418,Räksoppa tillagad pulver m. vatten mjölk,Riboflavin,Soppa mat,0.06,mg
1418,Räksoppa tillagad pulver m. vatten mjölk,Retinol,Soppa mat,8.2,µg
1418,Räksoppa tillagad pulver m. vatten mjölk,Protein,Soppa mat,2.1,g
1418,Räksoppa tillagad pulver m. vatten mjölk,Summa fleromättade fettsyror,Soppa mat,0.1,g
1418,Räksoppa tillagad pulver m. vatten mjölk,"Fosfor, P",Soppa mat,52.0,mg
1418,Räksoppa tillagad pulver m. vatten mjölk,Niacinekvivalenter,Soppa mat,0.56,NE/mg
1418,Räksoppa tillagad pulver m. vatten mjölk,Niacin,Soppa mat,0.17,mg
1418,Räksoppa tillagad pulver m. vatten mjölk,"Salt, NaCl",Soppa mat,1.0,g
1418,Räksoppa tillagad pulver m. vatten mjölk,"Natrium, Na",Soppa mat,393.0,mg
1418,Räksoppa tillagad pulver m. vatten mjölk,Monosackarider,Soppa mat,0.1,g
1418,Räksoppa tillagad pulver m. vatten mjölk,"Sockerarter, totalt",Soppa mat,1.9,g
1418,Räksoppa tillagad pulver m. vatten mjölk,Summa enkelomättade fettsyror,Soppa mat,1.0,g
1418,Räksoppa tillagad pulver m. vatten mjölk,"Magnesium, Mg",Soppa mat,9.0,mg
1418,Räksoppa tillagad pulver m. vatten mjölk,Summa mättade fettsyror,Soppa mat,0.8,g
1418,Räksoppa tillagad pulver m. vatten mjölk,"Kolhydrater, tillgängliga",Soppa mat,5.8,g
1418,Räksoppa tillagad pulver m. vatten mjölk,Kolesterol,Soppa mat,14.0,mg
1418,Räksoppa tillagad pulver m. vatten mjölk,"Kalium, K",Soppa mat,82.0,mg
1418,Räksoppa tillagad pulver m. vatten mjölk,Fullkorn totalt,Soppa mat,0.0,g
1418,Räksoppa tillagad pulver m. vatten mjölk,"Folat, totalt",Soppa mat,13.8,µg
1418,Räksoppa tillagad pulver m. vatten mjölk,Fibrer,Soppa mat,0.1,g
1418,Räksoppa tillagad pulver m. vatten mjölk,"Fett, totalt",Soppa mat,2.1,g
1418,Räksoppa tillagad pulver m. vatten mjölk,"Järn, Fe",Soppa mat,0.1,mg
1418,Räksoppa tillagad pulver m. vatten mjölk,Energi (kJ),Soppa mat,212.0,kJ
1418,Räksoppa tillagad pulver m. vatten mjölk,Energi (kcal),Soppa mat,51.0,kcal
1418,Räksoppa tillagad pulver m. vatten mjölk,Disackarider,Soppa mat,1.8,g
1418,Räksoppa tillagad pulver m. vatten mjölk,"Kalcium, Ca",Soppa mat,32.0,mg
1418,Räksoppa tillagad pulver m. vatten mjölk,Fettsyra 4:0-10:0,Soppa mat,0.0,g
1418,Räksoppa tillagad pulver m. vatten mjölk,DHA (C22:6),Soppa mat,0.0,g
1418,Räksoppa tillagad pulver m. vatten mjölk,DPA (C22:5),Soppa mat,0.0,g
1418,Räksoppa tillagad pulver m. vatten mjölk,EPA (C20:5),Soppa mat,0.0,g
1418,Räksoppa tillagad pulver m. vatten mjölk,Arakidonsyra C20:4,Soppa mat,0.0,g
1418,Räksoppa tillagad pulver m. vatten mjölk,Arakidinsyra C20:0,Soppa mat,0.0,g
1418,Räksoppa tillagad pulver m. vatten mjölk,Linolensyra C18:3,Soppa mat,0.0,g
1418,Räksoppa tillagad pulver m. vatten mjölk,Linolsyra C18:2,Soppa mat,0.1,g
1418,Räksoppa tillagad pulver m. vatten mjölk,Oljesyra C18:1,Soppa mat,1.0,g
1418,Räksoppa tillagad pulver m. vatten mjölk,Stearinsyra C18:0,Soppa mat,0.3,g
1418,Räksoppa tillagad pulver m. vatten mjölk,Palmitoljesyra C16:1,Soppa mat,0.0,g
1418,Räksoppa tillagad pulver m. vatten mjölk,Palmitinsyra C16:0,Soppa mat,0.4,g
1418,Räksoppa tillagad pulver m. vatten mjölk,Myristinsyra C14:0,Soppa mat,0.1,g
1418,Räksoppa tillagad pulver m. vatten mjölk,Laurinsyra C12:0,Soppa mat,0.0,g
1418,Räksoppa tillagad pulver m. vatten mjölk,Betakaroten/β-Karoten,Soppa mat,3.0,µg
1418,Räksoppa tillagad pulver m. vatten mjölk,Avfall (skal etc.),Soppa mat,0.0,%
1418,Räksoppa tillagad pulver m. vatten mjölk,Aska,Soppa mat,1.3,g
1418,Räksoppa tillagad pulver m. vatten mjölk,Alkohol,Soppa mat,0.0,g
1419,Fiskbuljong pasta el. pulver storhushåll,"Zink, Zn",Buljong,0.0,mg
1419,Fiskbuljong pasta el. pulver storhushåll,Vitamin E,Buljong,0.0,mg
1419,Fiskbuljong pasta el. pulver storhushåll,Vitamin D,Buljong,0.48,µg
1419,Fiskbuljong pasta el. pulver storhushåll,Vitamin C,Buljong,0.0,mg
1419,Fiskbuljong pasta el. pulver storhushåll,Vitamin B6,Buljong,0.48,mg
1419,Fiskbuljong pasta el. pulver storhushåll,Vitamin B12,Buljong,4.79,µg
1419,Fiskbuljong pasta el. pulver storhushåll,Vitamin A,Buljong,47.9,RE/µg
1419,Fiskbuljong pasta el. pulver storhushåll,Vatten,Buljong,4.2,g
1419,Fiskbuljong pasta el. pulver storhushåll,Tiamin,Buljong,0.3,mg
1419,Fiskbuljong pasta el. pulver storhushåll,Tillsatt socker,Buljong,5.0,g
1419,Fiskbuljong pasta el. pulver storhushåll,Fritt socker,Buljong,5.0,g
1419,Fiskbuljong pasta el. pulver storhushåll,"Selen, Se",Buljong,0.0,µg
1419,Fiskbuljong pasta el. pulver storhushåll,Sackaros,Buljong,5.0,g
1419,Fiskbuljong pasta el. pulver storhushåll,Riboflavin,Buljong,1.2,mg
1419,Fiskbuljong pasta el. pulver storhushåll,Retinol,Buljong,47.9,µg
1419,Fiskbuljong pasta el. pulver storhushåll,Protein,Buljong,25.0,g
1419,Fiskbuljong pasta el. pulver storhushåll,Summa fleromättade fettsyror,Buljong,0.2,g
1419,Fiskbuljong pasta el. pulver storhushåll,"Fosfor, P",Buljong,192.0,mg
1419,Fiskbuljong pasta el. pulver storhushåll,Niacinekvivalenter,Buljong,8.48,NE/mg
1419,Fiskbuljong pasta el. pulver storhushåll,Niacin,Buljong,3.9,mg
1419,Fiskbuljong pasta el. pulver storhushåll,"Salt, NaCl",Buljong,46.5,g
1419,Fiskbuljong pasta el. pulver storhushåll,"Natrium, Na",Buljong,18600.0,mg
1419,Fiskbuljong pasta el. pulver storhushåll,Monosackarider,Buljong,0.0,g
1419,Fiskbuljong pasta el. pulver storhushåll,"Sockerarter, totalt",Buljong,5.0,g
1419,Fiskbuljong pasta el. pulver storhushåll,Summa enkelomättade fettsyror,Buljong,2.0,g
1419,Fiskbuljong pasta el. pulver storhushåll,"Magnesium, Mg",Buljong,120.0,mg
1419,Fiskbuljong pasta el. pulver storhushåll,Summa mättade fettsyror,Buljong,2.4,g
1419,Fiskbuljong pasta el. pulver storhushåll,"Kolhydrater, tillgängliga",Buljong,17.5,g
1419,Fiskbuljong pasta el. pulver storhushåll,Kolesterol,Buljong,0.0,mg
1419,Fiskbuljong pasta el. pulver storhushåll,"Kalium, K",Buljong,463.0,mg
1419,Fiskbuljong pasta el. pulver storhushåll,"Jod, I",Buljong,15.0,µg
1419,Fiskbuljong pasta el. pulver storhushåll,Fullkorn totalt,Buljong,0.0,g
1419,Fiskbuljong pasta el. pulver storhushåll,"Folat, totalt",Buljong,95.8,µg
1419,Fiskbuljong pasta el. pulver storhushåll,Fibrer,Buljong,0.0,g
1419,Fiskbuljong pasta el. pulver storhushåll,"Fett, totalt",Buljong,4.9,g
1419,Fiskbuljong pasta el. pulver storhushåll,"Järn, Fe",Buljong,1.8,mg
1419,Fiskbuljong pasta el. pulver storhushåll,Energi (kJ),Buljong,903.0,kJ
1419,Fiskbuljong pasta el. pulver storhushåll,Energi (kcal),Buljong,216.0,kcal
1419,Fiskbuljong pasta el. pulver storhushåll,Disackarider,Buljong,5.0,g
1419,Fiskbuljong pasta el. pulver storhushåll,"Kalcium, Ca",Buljong,59.0,mg
1419,Fiskbuljong pasta el. pulver storhushåll,Fettsyra 4:0-10:0,Buljong,0.0,g
1419,Fiskbuljong pasta el. pulver storhushåll,DHA (C22:6),Buljong,0.0,g
1419,Fiskbuljong pasta el. pulver storhushåll,DPA (C22:5),Buljong,0.0,g
1419,Fiskbuljong pasta el. pulver storhushåll,EPA (C20:5),Buljong,0.0,g
1419,Fiskbuljong pasta el. pulver storhushåll,Arakidonsyra C20:4,Buljong,0.0,g
1419,Fiskbuljong pasta el. pulver storhushåll,Arakidinsyra C20:0,Buljong,0.0,g
1419,Fiskbuljong pasta el. pulver storhushåll,Linolensyra C18:3,Buljong,0.0,g
1419,Fiskbuljong pasta el. pulver storhushåll,Linolsyra C18:2,Buljong,0.2,g
1419,Fiskbuljong pasta el. pulver storhushåll,Oljesyra C18:1,Buljong,1.7,g
1419,Fiskbuljong pasta el. pulver storhushåll,Stearinsyra C18:0,Buljong,1.0,g
1419,Fiskbuljong pasta el. pulver storhushåll,Palmitoljesyra C16:1,Buljong,0.2,g
1419,Fiskbuljong pasta el. pulver storhushåll,Palmitinsyra C16:0,Buljong,1.2,g
1419,Fiskbuljong pasta el. pulver storhushåll,Myristinsyra C14:0,Buljong,0.2,g
1419,Fiskbuljong pasta el. pulver storhushåll,Laurinsyra C12:0,Buljong,0.0,g
1419,Fiskbuljong pasta el. pulver storhushåll,Betakaroten/β-Karoten,Buljong,0.0,µg
1419,Fiskbuljong pasta el. pulver storhushåll,Avfall (skal etc.),Buljong,0.0,%
1419,Fiskbuljong pasta el. pulver storhushåll,Aska,Buljong,48.4,g
1419,Fiskbuljong pasta el. pulver storhushåll,Alkohol,Buljong,0.0,g
1420,Fiskbuljong pasta el. pulver lågsalt storhushåll,"Zink, Zn",Buljong,0.0,mg
1420,Fiskbuljong pasta el. pulver lågsalt storhushåll,Vitamin E,Buljong,0.0,mg
1420,Fiskbuljong pasta el. pulver lågsalt storhushåll,Vitamin D,Buljong,0.0,µg
1420,Fiskbuljong pasta el. pulver lågsalt storhushåll,Vitamin C,Buljong,0.0,mg
1420,Fiskbuljong pasta el. pulver lågsalt storhushåll,Vitamin B6,Buljong,0.49,mg
1420,Fiskbuljong pasta el. pulver lågsalt storhushåll,Vitamin B12,Buljong,0.49,µg
1420,Fiskbuljong pasta el. pulver lågsalt storhushåll,Vitamin A,Buljong,49.4,RE/µg
1420,Fiskbuljong pasta el. pulver lågsalt storhushåll,Vatten,Buljong,1.3,g
1420,Fiskbuljong pasta el. pulver lågsalt storhushåll,Tiamin,Buljong,0.49,mg
1420,Fiskbuljong pasta el. pulver lågsalt storhushåll,Tillsatt socker,Buljong,5.0,g
1420,Fiskbuljong pasta el. pulver lågsalt storhushåll,Fritt socker,Buljong,5.0,g
1420,Fiskbuljong pasta el. pulver lågsalt storhushåll,"Selen, Se",Buljong,0.0,µg
1420,Fiskbuljong pasta el. pulver lågsalt storhushåll,Sackaros,Buljong,5.0,g
1420,Fiskbuljong pasta el. pulver lågsalt storhushåll,Riboflavin,Buljong,0.49,mg
1420,Fiskbuljong pasta el. pulver lågsalt storhushåll,Retinol,Buljong,49.4,µg
1420,Fiskbuljong pasta el. pulver lågsalt storhushåll,Protein,Buljong,35.0,g
1420,Fiskbuljong pasta el. pulver lågsalt storhushåll,Summa fleromättade fettsyror,Buljong,0.2,g
1420,Fiskbuljong pasta el. pulver lågsalt storhushåll,"Fosfor, P",Buljong,197.0,mg
1420,Fiskbuljong pasta el. pulver lågsalt storhushåll,Niacinekvivalenter,Buljong,16.32,NE/mg
1420,Fiskbuljong pasta el. pulver lågsalt storhushåll,Niacin,Buljong,9.9,mg
1420,Fiskbuljong pasta el. pulver lågsalt storhushåll,"Salt, NaCl",Buljong,34.2,g
1420,Fiskbuljong pasta el. pulver lågsalt storhushåll,"Natrium, Na",Buljong,13700.0,mg
1420,Fiskbuljong pasta el. pulver lågsalt storhushåll,Monosackarider,Buljong,0.0,g
1420,Fiskbuljong pasta el. pulver lågsalt storhushåll,"Sockerarter, totalt",Buljong,5.0,g
1420,Fiskbuljong pasta el. pulver lågsalt storhushåll,Summa enkelomättade fettsyror,Buljong,1.4,g
1420,Fiskbuljong pasta el. pulver lågsalt storhushåll,"Magnesium, Mg",Buljong,123.0,mg
1420,Fiskbuljong pasta el. pulver lågsalt storhushåll,Summa mättade fettsyror,Buljong,1.8,g
1420,Fiskbuljong pasta el. pulver lågsalt storhushåll,"Kolhydrater, tillgängliga",Buljong,23.0,g
1420,Fiskbuljong pasta el. pulver lågsalt storhushåll,Kolesterol,Buljong,0.0,mg
1420,Fiskbuljong pasta el. pulver lågsalt storhushåll,"Kalium, K",Buljong,1100.0,mg
1420,Fiskbuljong pasta el. pulver lågsalt storhushåll,"Jod, I",Buljong,0.3,µg
1420,Fiskbuljong pasta el. pulver lågsalt storhushåll,Fullkorn totalt,Buljong,0.0,g
1420,Fiskbuljong pasta el. pulver lågsalt storhushåll,"Folat, totalt",Buljong,98.7,µg
1420,Fiskbuljong pasta el. pulver lågsalt storhushåll,Fibrer,Buljong,0.0,g
1420,Fiskbuljong pasta el. pulver lågsalt storhushåll,"Fett, totalt",Buljong,3.5,g
1420,Fiskbuljong pasta el. pulver lågsalt storhushåll,"Järn, Fe",Buljong,0.4,mg
1420,Fiskbuljong pasta el. pulver lågsalt storhushåll,Energi (kJ),Buljong,1116.0,kJ
1420,Fiskbuljong pasta el. pulver lågsalt storhushåll,Energi (kcal),Buljong,267.0,kcal
1420,Fiskbuljong pasta el. pulver lågsalt storhushåll,Disackarider,Buljong,5.0,g
1420,Fiskbuljong pasta el. pulver lågsalt storhushåll,"Kalcium, Ca",Buljong,100.0,mg
1420,Fiskbuljong pasta el. pulver lågsalt storhushåll,Fettsyra 4:0-10:0,Buljong,0.0,g
1420,Fiskbuljong pasta el. pulver lågsalt storhushåll,DHA (C22:6),Buljong,0.0,g
1420,Fiskbuljong pasta el. pulver lågsalt storhushåll,DPA (C22:5),Buljong,0.0,g
1420,Fiskbuljong pasta el. pulver lågsalt storhushåll,EPA (C20:5),Buljong,0.0,g
1420,Fiskbuljong pasta el. pulver lågsalt storhushåll,Arakidonsyra C20:4,Buljong,0.0,g
1420,Fiskbuljong pasta el. pulver lågsalt storhushåll,Arakidinsyra C20:0,Buljong,0.0,g
1420,Fiskbuljong pasta el. pulver lågsalt storhushåll,Linolensyra C18:3,Buljong,0.0,g
1420,Fiskbuljong pasta el. pulver lågsalt storhushåll,Linolsyra C18:2,Buljong,0.2,g
1420,Fiskbuljong pasta el. pulver lågsalt storhushåll,Oljesyra C18:1,Buljong,1.2,g
1420,Fiskbuljong pasta el. pulver lågsalt storhushåll,Stearinsyra C18:0,Buljong,0.7,g
1420,Fiskbuljong pasta el. pulver lågsalt storhushåll,Palmitoljesyra C16:1,Buljong,0.2,g
1420,Fiskbuljong pasta el. pulver lågsalt storhushåll,Palmitinsyra C16:0,Buljong,0.9,g
1420,Fiskbuljong pasta el. pulver lågsalt storhushåll,Myristinsyra C14:0,Buljong,0.2,g
1420,Fiskbuljong pasta el. pulver lågsalt storhushåll,Laurinsyra C12:0,Buljong,0.0,g
1420,Fiskbuljong pasta el. pulver lågsalt storhushåll,Betakaroten/β-Karoten,Buljong,0.0,µg
1420,Fiskbuljong pasta el. pulver lågsalt storhushåll,Avfall (skal etc.),Buljong,0.0,%
1420,Fiskbuljong pasta el. pulver lågsalt storhushåll,Aska,Buljong,37.2,g
1420,Fiskbuljong pasta el. pulver lågsalt storhushåll,Alkohol,Buljong,0.0,g
1421,Fisk och skaldjurssås tillagad pulver m. mjölk vatten smör typ Smögen,"Zink, Zn",Sås dressing majonnäs ,0.5,mg
1421,Fisk och skaldjurssås tillagad pulver m. mjölk vatten smör typ Smögen,Vitamin E,Sås dressing majonnäs ,1.0,mg
1421,Fisk och skaldjurssås tillagad pulver m. mjölk vatten smör typ Smögen,Vitamin D,Sås dressing majonnäs ,0.0,µg
1421,Fisk och skaldjurssås tillagad pulver m. mjölk vatten smör typ Smögen,Vitamin C,Sås dressing majonnäs ,0.0,mg
1421,Fisk och skaldjurssås tillagad pulver m. mjölk vatten smör typ Smögen,Vitamin B6,Sås dressing majonnäs ,0.05,mg
1421,Fisk och skaldjurssås tillagad pulver m. mjölk vatten smör typ Smögen,Vitamin B12,Sås dressing majonnäs ,0.2,µg
1421,Fisk och skaldjurssås tillagad pulver m. mjölk vatten smör typ Smögen,Vitamin A,Sås dressing majonnäs ,43.3,RE/µg
1421,Fisk och skaldjurssås tillagad pulver m. mjölk vatten smör typ Smögen,Vatten,Sås dressing majonnäs ,79.9,g
1421,Fisk och skaldjurssås tillagad pulver m. mjölk vatten smör typ Smögen,Tiamin,Sås dressing majonnäs ,0.05,mg
1421,Fisk och skaldjurssås tillagad pulver m. mjölk vatten smör typ Smögen,Tillsatt socker,Sås dressing majonnäs ,4.0,g
1421,Fisk och skaldjurssås tillagad pulver m. mjölk vatten smör typ Smögen,Fritt socker,Sås dressing majonnäs ,4.0,g
1421,Fisk och skaldjurssås tillagad pulver m. mjölk vatten smör typ Smögen,"Selen, Se",Sås dressing majonnäs ,1.8,µg
1421,Fisk och skaldjurssås tillagad pulver m. mjölk vatten smör typ Smögen,Sackaros,Sås dressing majonnäs ,0.3,g
1421,Fisk och skaldjurssås tillagad pulver m. mjölk vatten smör typ Smögen,Riboflavin,Sås dressing majonnäs ,0.09,mg
1421,Fisk och skaldjurssås tillagad pulver m. mjölk vatten smör typ Smögen,Retinol,Sås dressing majonnäs ,39.5,µg
1421,Fisk och skaldjurssås tillagad pulver m. mjölk vatten smör typ Smögen,Protein,Sås dressing majonnäs ,2.7,g
1421,Fisk och skaldjurssås tillagad pulver m. mjölk vatten smör typ Smögen,Summa fleromättade fettsyror,Sås dressing majonnäs ,0.3,g
1421,Fisk och skaldjurssås tillagad pulver m. mjölk vatten smör typ Smögen,"Fosfor, P",Sås dressing majonnäs ,82.0,mg
1421,Fisk och skaldjurssås tillagad pulver m. mjölk vatten smör typ Smögen,Niacinekvivalenter,Sås dressing majonnäs ,0.7,NE/mg
1421,Fisk och skaldjurssås tillagad pulver m. mjölk vatten smör typ Smögen,Niacin,Sås dressing majonnäs ,0.21,mg
1421,Fisk och skaldjurssås tillagad pulver m. mjölk vatten smör typ Smögen,"Salt, NaCl",Sås dressing majonnäs ,1.2,g
1421,Fisk och skaldjurssås tillagad pulver m. mjölk vatten smör typ Smögen,"Natrium, Na",Sås dressing majonnäs ,491.0,mg
1421,Fisk och skaldjurssås tillagad pulver m. mjölk vatten smör typ Smögen,Monosackarider,Sås dressing majonnäs ,0.7,g
1421,Fisk och skaldjurssås tillagad pulver m. mjölk vatten smör typ Smögen,"Sockerarter, totalt",Sås dressing majonnäs ,3.9,g
1421,Fisk och skaldjurssås tillagad pulver m. mjölk vatten smör typ Smögen,Summa enkelomättade fettsyror,Sås dressing majonnäs ,3.2,g
1421,Fisk och skaldjurssås tillagad pulver m. mjölk vatten smör typ Smögen,"Magnesium, Mg",Sås dressing majonnäs ,7.0,mg
1421,Fisk och skaldjurssås tillagad pulver m. mjölk vatten smör typ Smögen,Summa mättade fettsyror,Sås dressing majonnäs ,3.6,g
1421,Fisk och skaldjurssås tillagad pulver m. mjölk vatten smör typ Smögen,"Kolhydrater, tillgängliga",Sås dressing majonnäs ,8.2,g
1421,Fisk och skaldjurssås tillagad pulver m. mjölk vatten smör typ Smögen,Kolesterol,Sås dressing majonnäs ,36.0,mg
1421,Fisk och skaldjurssås tillagad pulver m. mjölk vatten smör typ Smögen,"Kalium, K",Sås dressing majonnäs ,114.0,mg
1421,Fisk och skaldjurssås tillagad pulver m. mjölk vatten smör typ Smögen,Fullkorn totalt,Sås dressing majonnäs ,0.0,g
1421,Fisk och skaldjurssås tillagad pulver m. mjölk vatten smör typ Smögen,"Folat, totalt",Sås dressing majonnäs ,14.1,µg
1421,Fisk och skaldjurssås tillagad pulver m. mjölk vatten smör typ Smögen,Fibrer,Sås dressing majonnäs ,0.0,g
1421,Fisk och skaldjurssås tillagad pulver m. mjölk vatten smör typ Smögen,"Fett, totalt",Sås dressing majonnäs ,7.6,g
1421,Fisk och skaldjurssås tillagad pulver m. mjölk vatten smör typ Smögen,"Järn, Fe",Sås dressing majonnäs ,0.2,mg
1421,Fisk och skaldjurssås tillagad pulver m. mjölk vatten smör typ Smögen,Energi (kJ),Sås dressing majonnäs ,468.0,kJ
1421,Fisk och skaldjurssås tillagad pulver m. mjölk vatten smör typ Smögen,Energi (kcal),Sås dressing majonnäs ,112.0,kcal
1421,Fisk och skaldjurssås tillagad pulver m. mjölk vatten smör typ Smögen,Disackarider,Sås dressing majonnäs ,3.2,g
1421,Fisk och skaldjurssås tillagad pulver m. mjölk vatten smör typ Smögen,"Kalcium, Ca",Sås dressing majonnäs ,53.0,mg
1421,Fisk och skaldjurssås tillagad pulver m. mjölk vatten smör typ Smögen,Fettsyra 4:0-10:0,Sås dressing majonnäs ,0.4,g
1421,Fisk och skaldjurssås tillagad pulver m. mjölk vatten smör typ Smögen,DHA (C22:6),Sås dressing majonnäs ,0.0,g
1421,Fisk och skaldjurssås tillagad pulver m. mjölk vatten smör typ Smögen,DPA (C22:5),Sås dressing majonnäs ,0.0,g
1421,Fisk och skaldjurssås tillagad pulver m. mjölk vatten smör typ Smögen,EPA (C20:5),Sås dressing majonnäs ,0.0,g
1421,Fisk och skaldjurssås tillagad pulver m. mjölk vatten smör typ Smögen,Arakidonsyra C20:4,Sås dressing majonnäs ,0.0,g
1421,Fisk och skaldjurssås tillagad pulver m. mjölk vatten smör typ Smögen,Arakidinsyra C20:0,Sås dressing majonnäs ,0.0,g
1421,Fisk och skaldjurssås tillagad pulver m. mjölk vatten smör typ Smögen,Linolensyra C18:3,Sås dressing majonnäs ,0.0,g
1421,Fisk och skaldjurssås tillagad pulver m. mjölk vatten smör typ Smögen,Linolsyra C18:2,Sås dressing majonnäs ,0.2,g
1421,Fisk och skaldjurssås tillagad pulver m. mjölk vatten smör typ Smögen,Oljesyra C18:1,Sås dressing majonnäs ,3.0,g
1421,Fisk och skaldjurssås tillagad pulver m. mjölk vatten smör typ Smögen,Stearinsyra C18:0,Sås dressing majonnäs ,0.9,g
1421,Fisk och skaldjurssås tillagad pulver m. mjölk vatten smör typ Smögen,Palmitoljesyra C16:1,Sås dressing majonnäs ,0.1,g
1421,Fisk och skaldjurssås tillagad pulver m. mjölk vatten smör typ Smögen,Palmitinsyra C16:0,Sås dressing majonnäs ,1.6,g
1421,Fisk och skaldjurssås tillagad pulver m. mjölk vatten smör typ Smögen,Myristinsyra C14:0,Sås dressing majonnäs ,0.4,g
1421,Fisk och skaldjurssås tillagad pulver m. mjölk vatten smör typ Smögen,Laurinsyra C12:0,Sås dressing majonnäs ,0.1,g
1421,Fisk och skaldjurssås tillagad pulver m. mjölk vatten smör typ Smögen,Betakaroten/β-Karoten,Sås dressing majonnäs ,23.0,µg
1421,Fisk och skaldjurssås tillagad pulver m. mjölk vatten smör typ Smögen,Avfall (skal etc.),Sås dressing majonnäs ,0.0,%
1421,Fisk och skaldjurssås tillagad pulver m. mjölk vatten smör typ Smögen,Aska,Sås dressing majonnäs ,1.5,g
1421,Fisk och skaldjurssås tillagad pulver m. mjölk vatten smör typ Smögen,Alkohol,Sås dressing majonnäs ,0.0,g
1422,Fiskbuljong ätf.,"Zink, Zn",Buljong,0.0,mg
1422,Fiskbuljong ätf.,Vitamin E,Buljong,0.0,mg
1422,Fiskbuljong ätf.,Vitamin D,Buljong,0.01,µg
1422,Fiskbuljong ätf.,Vitamin C,Buljong,0.0,mg
1422,Fiskbuljong ätf.,Vitamin B6,Buljong,0.01,mg
1422,Fiskbuljong ätf.,Vitamin B12,Buljong,0.1,µg
1422,Fiskbuljong ätf.,Vitamin A,Buljong,1.0,RE/µg
1422,Fiskbuljong ätf.,Vatten,Buljong,98.0,g
1422,Fiskbuljong ätf.,Tiamin,Buljong,0.01,mg
1422,Fiskbuljong ätf.,Tillsatt socker,Buljong,0.0,g
1422,Fiskbuljong ätf.,Fritt socker,Buljong,0.0,g
1422,Fiskbuljong ätf.,"Selen, Se",Buljong,0.0,µg
1422,Fiskbuljong ätf.,Sackaros,Buljong,0.1,g
1422,Fiskbuljong ätf.,Riboflavin,Buljong,0.01,mg
1422,Fiskbuljong ätf.,Retinol,Buljong,1.0,µg
1422,Fiskbuljong ätf.,Protein,Buljong,0.3,g
1422,Fiskbuljong ätf.,Summa fleromättade fettsyror,Buljong,0.0,g
1422,Fiskbuljong ätf.,"Fosfor, P",Buljong,4.0,mg
1422,Fiskbuljong ätf.,Niacinekvivalenter,Buljong,0.26,NE/mg
1422,Fiskbuljong ätf.,Niacin,Buljong,0.2,mg
1422,Fiskbuljong ätf.,"Salt, NaCl",Buljong,0.7,g
1422,Fiskbuljong ätf.,"Natrium, Na",Buljong,295.0,mg
1422,Fiskbuljong ätf.,Monosackarider,Buljong,0.0,g
1422,Fiskbuljong ätf.,"Sockerarter, totalt",Buljong,0.1,g
1422,Fiskbuljong ätf.,Summa enkelomättade fettsyror,Buljong,0.1,g
1422,Fiskbuljong ätf.,"Magnesium, Mg",Buljong,2.0,mg
1422,Fiskbuljong ätf.,Summa mättade fettsyror,Buljong,0.1,g
1422,Fiskbuljong ätf.,"Kolhydrater, tillgängliga",Buljong,0.3,g
1422,Fiskbuljong ätf.,Kolesterol,Buljong,0.0,mg
1422,Fiskbuljong ätf.,"Kalium, K",Buljong,7.0,mg
1422,Fiskbuljong ätf.,"Jod, I",Buljong,0.3,µg
1422,Fiskbuljong ätf.,Fullkorn totalt,Buljong,0.0,g
1422,Fiskbuljong ätf.,"Folat, totalt",Buljong,2.0,µg
1422,Fiskbuljong ätf.,Fibrer,Buljong,0.0,g
1422,Fiskbuljong ätf.,"Fett, totalt",Buljong,0.2,g
1422,Fiskbuljong ätf.,"Järn, Fe",Buljong,0.1,mg
1422,Fiskbuljong ätf.,Energi (kJ),Buljong,18.0,kJ
1422,Fiskbuljong ätf.,Energi (kcal),Buljong,4.0,kcal
1422,Fiskbuljong ätf.,Disackarider,Buljong,0.1,g
1422,Fiskbuljong ätf.,"Kalcium, Ca",Buljong,4.0,mg
1422,Fiskbuljong ätf.,Fettsyra 4:0-10:0,Buljong,0.0,g
1422,Fiskbuljong ätf.,DHA (C22:6),Buljong,0.0,g
1422,Fiskbuljong ätf.,DPA (C22:5),Buljong,0.0,g
1422,Fiskbuljong ätf.,EPA (C20:5),Buljong,0.0,g
1422,Fiskbuljong ätf.,Arakidonsyra C20:4,Buljong,0.0,g
1422,Fiskbuljong ätf.,Arakidinsyra C20:0,Buljong,0.0,g
1422,Fiskbuljong ätf.,Linolensyra C18:3,Buljong,0.0,g
1422,Fiskbuljong ätf.,Linolsyra C18:2,Buljong,0.0,g
1422,Fiskbuljong ätf.,Oljesyra C18:1,Buljong,0.1,g
1422,Fiskbuljong ätf.,Stearinsyra C18:0,Buljong,0.0,g
1422,Fiskbuljong ätf.,Palmitoljesyra C16:1,Buljong,0.0,g
1422,Fiskbuljong ätf.,Palmitinsyra C16:0,Buljong,0.0,g
1422,Fiskbuljong ätf.,Myristinsyra C14:0,Buljong,0.0,g
1422,Fiskbuljong ätf.,Laurinsyra C12:0,Buljong,0.0,g
1422,Fiskbuljong ätf.,Betakaroten/β-Karoten,Buljong,0.0,µg
1422,Fiskbuljong ätf.,Avfall (skal etc.),Buljong,0.0,%
1422,Fiskbuljong ätf.,Aska,Buljong,1.2,g
1422,Fiskbuljong ätf.,Alkohol,Buljong,0.0,g
1423,Gris blod rått,"Zink, Zn",Blodmat,0.3,mg
1423,Gris blod rått,Vitamin E,Blodmat,0.4,mg
1423,Gris blod rått,Vitamin D,Blodmat,0.1,µg
1423,Gris blod rått,Vitamin C,Blodmat,0.0,mg
1423,Gris blod rått,Vitamin B6,Blodmat,0.01,mg
1423,Gris blod rått,Vitamin B12,Blodmat,0.6,µg
1423,Gris blod rått,Vitamin A,Blodmat,28.0,RE/µg
1423,Gris blod rått,Vatten,Blodmat,81.0,g
1423,Gris blod rått,Tiamin,Blodmat,0.09,mg
1423,Gris blod rått,Tillsatt socker,Blodmat,0.0,g
1423,Gris blod rått,Fritt socker,Blodmat,0.0,g
1423,Gris blod rått,"Selen, Se",Blodmat,14.0,µg
1423,Gris blod rått,Sackaros,Blodmat,0.0,g
1423,Gris blod rått,Riboflavin,Blodmat,0.03,mg
1423,Gris blod rått,Retinol,Blodmat,28.0,µg
1423,Gris blod rått,Protein,Blodmat,16.6,g
1423,Gris blod rått,Summa fleromättade fettsyror,Blodmat,0.2,g
1423,Gris blod rått,"Fosfor, P",Blodmat,62.0,mg
1423,Gris blod rått,Niacinekvivalenter,Blodmat,3.64,NE/mg
1423,Gris blod rått,Niacin,Blodmat,0.6,mg
1423,Gris blod rått,"Salt, NaCl",Blodmat,0.5,g
1423,Gris blod rått,"Natrium, Na",Blodmat,205.0,mg
1423,Gris blod rått,Monosackarider,Blodmat,0.1,g
1423,Gris blod rått,"Sockerarter, totalt",Blodmat,0.1,g
1423,Gris blod rått,Summa enkelomättade fettsyror,Blodmat,0.0,g
1423,Gris blod rått,"Magnesium, Mg",Blodmat,5.0,mg
1423,Gris blod rått,Summa mättade fettsyror,Blodmat,0.1,g
1423,Gris blod rått,"Kolhydrater, tillgängliga",Blodmat,0.4,g
1423,Gris blod rått,Kolesterol,Blodmat,40.0,mg
1423,Gris blod rått,"Kalium, K",Blodmat,205.0,mg
1423,Gris blod rått,"Jod, I",Blodmat,5.0,µg
1423,Gris blod rått,Fullkorn totalt,Blodmat,0.0,g
1423,Gris blod rått,"Folat, totalt",Blodmat,4.0,µg
1423,Gris blod rått,Fibrer,Blodmat,0.0,g
1423,Gris blod rått,"Fett, totalt",Blodmat,0.4,g
1423,Gris blod rått,"Järn, Fe",Blodmat,39.5,mg
1423,Gris blod rått,Energi (kJ),Blodmat,304.0,kJ
1423,Gris blod rått,Energi (kcal),Blodmat,73.0,kcal
1423,Gris blod rått,Disackarider,Blodmat,0.0,g
1423,Gris blod rått,"Kalcium, Ca",Blodmat,7.0,mg
1423,Gris blod rått,Fettsyra 4:0-10:0,Blodmat,0.0,g
1423,Gris blod rått,DHA (C22:6),Blodmat,0.0,g
1423,Gris blod rått,DPA (C22:5),Blodmat,0.0,g
1423,Gris blod rått,EPA (C20:5),Blodmat,0.0,g
1423,Gris blod rått,Arakidonsyra C20:4,Blodmat,0.0,g
1423,Gris blod rått,Arakidinsyra C20:0,Blodmat,0.0,g
1423,Gris blod rått,Linolensyra C18:3,Blodmat,0.0,g
1423,Gris blod rått,Linolsyra C18:2,Blodmat,0.1,g
1423,Gris blod rått,Oljesyra C18:1,Blodmat,0.0,g
1423,Gris blod rått,Stearinsyra C18:0,Blodmat,0.0,g
1423,Gris blod rått,Palmitoljesyra C16:1,Blodmat,0.0,g
1423,Gris blod rått,Palmitinsyra C16:0,Blodmat,0.0,g
1423,Gris blod rått,Myristinsyra C14:0,Blodmat,0.0,g
1423,Gris blod rått,Laurinsyra C12:0,Blodmat,0.0,g
1423,Gris blod rått,Betakaroten/β-Karoten,Blodmat,0.0,µg
1423,Gris blod rått,Avfall (skal etc.),Blodmat,0.0,%
1423,Gris blod rått,Aska,Blodmat,1.6,g
1423,Gris blod rått,Alkohol,Blodmat,0.0,g
1424,Nöt blod rått,"Zink, Zn",Blodmat,0.4,mg
1424,Nöt blod rått,Vitamin E,Blodmat,0.4,mg
1424,Nöt blod rått,Vitamin D,Blodmat,0.1,µg
1424,Nöt blod rått,Vitamin C,Blodmat,0.0,mg
1424,Nöt blod rått,Vitamin B6,Blodmat,0.01,mg
1424,Nöt blod rått,Vitamin B12,Blodmat,0.6,µg
1424,Nöt blod rått,Vitamin A,Blodmat,28.0,RE/µg
1424,Nöt blod rått,Vatten,Blodmat,81.8,g
1424,Nöt blod rått,Tiamin,Blodmat,0.09,mg
1424,Nöt blod rått,Tillsatt socker,Blodmat,0.0,g
1424,Nöt blod rått,Fritt socker,Blodmat,0.0,g
1424,Nöt blod rått,"Selen, Se",Blodmat,9.0,µg
1424,Nöt blod rått,Sackaros,Blodmat,0.0,g
1424,Nöt blod rått,Riboflavin,Blodmat,0.03,mg
1424,Nöt blod rått,Retinol,Blodmat,28.0,µg
1424,Nöt blod rått,Protein,Blodmat,16.4,g
1424,Nöt blod rått,Summa fleromättade fettsyror,Blodmat,0.2,g
1424,Nöt blod rått,"Fosfor, P",Blodmat,23.0,mg
1424,Nöt blod rått,Niacinekvivalenter,Blodmat,3.81,NE/mg
1424,Nöt blod rått,Niacin,Blodmat,0.8,mg
1424,Nöt blod rått,"Salt, NaCl",Blodmat,0.8,g
1424,Nöt blod rått,"Natrium, Na",Blodmat,330.0,mg
1424,Nöt blod rått,Monosackarider,Blodmat,0.1,g
1424,Nöt blod rått,"Sockerarter, totalt",Blodmat,0.1,g
1424,Nöt blod rått,Summa enkelomättade fettsyror,Blodmat,0.0,g
1424,Nöt blod rått,"Magnesium, Mg",Blodmat,2.0,mg
1424,Nöt blod rått,Summa mättade fettsyror,Blodmat,0.1,g
1424,Nöt blod rått,"Kolhydrater, tillgängliga",Blodmat,0.0,g
1424,Nöt blod rått,Kolesterol,Blodmat,190.0,mg
1424,Nöt blod rått,"Kalium, K",Blodmat,43.0,mg
1424,Nöt blod rått,"Jod, I",Blodmat,5.0,µg
1424,Nöt blod rått,Fullkorn totalt,Blodmat,0.0,g
1424,Nöt blod rått,"Folat, totalt",Blodmat,12.0,µg
1424,Nöt blod rått,Fibrer,Blodmat,0.0,g
1424,Nöt blod rått,"Fett, totalt",Blodmat,0.4,g
1424,Nöt blod rått,"Järn, Fe",Blodmat,35.5,mg
1424,Nöt blod rått,Energi (kJ),Blodmat,294.0,kJ
1424,Nöt blod rått,Energi (kcal),Blodmat,70.0,kcal
1424,Nöt blod rått,Disackarider,Blodmat,0.0,g
1424,Nöt blod rått,"Kalcium, Ca",Blodmat,7.0,mg
1424,Nöt blod rått,Fettsyra 4:0-10:0,Blodmat,0.0,g
1424,Nöt blod rått,DHA (C22:6),Blodmat,0.0,g
1424,Nöt blod rått,DPA (C22:5),Blodmat,0.0,g
1424,Nöt blod rått,EPA (C20:5),Blodmat,0.0,g
1424,Nöt blod rått,Arakidonsyra C20:4,Blodmat,0.0,g
1424,Nöt blod rått,Arakidinsyra C20:0,Blodmat,0.0,g
1424,Nöt blod rått,Linolensyra C18:3,Blodmat,0.0,g
1424,Nöt blod rått,Linolsyra C18:2,Blodmat,0.1,g
1424,Nöt blod rått,Oljesyra C18:1,Blodmat,0.0,g
1424,Nöt blod rått,Stearinsyra C18:0,Blodmat,0.0,g
1424,Nöt blod rått,Palmitoljesyra C16:1,Blodmat,0.0,g
1424,Nöt blod rått,Palmitinsyra C16:0,Blodmat,0.0,g
1424,Nöt blod rått,Myristinsyra C14:0,Blodmat,0.0,g
1424,Nöt blod rått,Laurinsyra C12:0,Blodmat,0.0,g
1424,Nöt blod rått,Betakaroten/β-Karoten,Blodmat,0.0,µg
1424,Nöt blod rått,Avfall (skal etc.),Blodmat,0.0,%
1424,Nöt blod rått,Aska,Blodmat,1.4,g
1424,Nöt blod rått,Alkohol,Blodmat,0.0,g
1425,Hårt bröd blodbröd fullkorn,"Zink, Zn",Hårt bröd ,1.3,mg
1425,Hårt bröd blodbröd fullkorn,Vitamin E,Hårt bröd ,0.2,mg
1425,Hårt bröd blodbröd fullkorn,Vitamin D,Hårt bröd ,0.86,µg
1425,Hårt bröd blodbröd fullkorn,Vitamin C,Hårt bröd ,0.0,mg
1425,Hårt bröd blodbröd fullkorn,Vitamin B6,Hårt bröd ,0.24,mg
1425,Hårt bröd blodbröd fullkorn,Vitamin B12,Hårt bröd ,0.4,µg
1425,Hårt bröd blodbröd fullkorn,Vitamin A,Hårt bröd ,12.0,RE/µg
1425,Hårt bröd blodbröd fullkorn,Vatten,Hårt bröd ,7.4,g
1425,Hårt bröd blodbröd fullkorn,Tiamin,Hårt bröd ,0.45,mg
1425,Hårt bröd blodbröd fullkorn,Tillsatt socker,Hårt bröd ,0.0,g
1425,Hårt bröd blodbröd fullkorn,Fritt socker,Hårt bröd ,0.0,g
1425,Hårt bröd blodbröd fullkorn,"Selen, Se",Hårt bröd ,3.0,µg
1425,Hårt bröd blodbröd fullkorn,Sackaros,Hårt bröd ,0.1,g
1425,Hårt bröd blodbröd fullkorn,Riboflavin,Hårt bröd ,0.13,mg
1425,Hårt bröd blodbröd fullkorn,Retinol,Hårt bröd ,12.0,µg
1425,Hårt bröd blodbröd fullkorn,Protein,Hårt bröd ,17.7,g
1425,Hårt bröd blodbröd fullkorn,Summa fleromättade fettsyror,Hårt bröd ,0.7,g
1425,Hårt bröd blodbröd fullkorn,"Fosfor, P",Hårt bröd ,465.0,mg
1425,Hårt bröd blodbröd fullkorn,Niacinekvivalenter,Hårt bröd ,6.55,NE/mg
1425,Hårt bröd blodbröd fullkorn,Niacin,Hårt bröd ,3.3,mg
1425,Hårt bröd blodbröd fullkorn,"Salt, NaCl",Hårt bröd ,0.4,g
1425,Hårt bröd blodbröd fullkorn,"Natrium, Na",Hårt bröd ,160.0,mg
1425,Hårt bröd blodbröd fullkorn,Monosackarider,Hårt bröd ,0.0,g
1425,Hårt bröd blodbröd fullkorn,"Sockerarter, totalt",Hårt bröd ,0.6,g
1425,Hårt bröd blodbröd fullkorn,Summa enkelomättade fettsyror,Hårt bröd ,0.5,g
1425,Hårt bröd blodbröd fullkorn,"Magnesium, Mg",Hårt bröd ,16.0,mg
1425,Hårt bröd blodbröd fullkorn,Summa mättade fettsyror,Hårt bröd ,0.2,g
1425,Hårt bröd blodbröd fullkorn,"Kolhydrater, tillgängliga",Hårt bröd ,65.5,g
1425,Hårt bröd blodbröd fullkorn,Kolesterol,Hårt bröd ,30.0,mg
1425,Hårt bröd blodbröd fullkorn,"Kalium, K",Hårt bröd ,240.0,mg
1425,Hårt bröd blodbröd fullkorn,"Jod, I",Hårt bröd ,5.5,µg
1425,Hårt bröd blodbröd fullkorn,Fullkorn totalt,Hårt bröd ,42.0,g
1425,Hårt bröd blodbröd fullkorn,"Folat, totalt",Hårt bröd ,14.0,µg
1425,Hårt bröd blodbröd fullkorn,Fibrer,Hårt bröd ,6.0,g
1425,Hårt bröd blodbröd fullkorn,"Fett, totalt",Hårt bröd ,1.9,g
1425,Hårt bröd blodbröd fullkorn,"Järn, Fe",Hårt bröd ,51.0,mg
1425,Hårt bröd blodbröd fullkorn,Energi (kJ),Hårt bröd ,1533.0,kJ
1425,Hårt bröd blodbröd fullkorn,Energi (kcal),Hårt bröd ,366.0,kcal
1425,Hårt bröd blodbröd fullkorn,Disackarider,Hårt bröd ,0.6,g
1425,Hårt bröd blodbröd fullkorn,"Kalcium, Ca",Hårt bröd ,36.0,mg
1425,Hårt bröd blodbröd fullkorn,Fettsyra 4:0-10:0,Hårt bröd ,0.0,g
1425,Hårt bröd blodbröd fullkorn,DHA (C22:6),Hårt bröd ,0.0,g
1425,Hårt bröd blodbröd fullkorn,DPA (C22:5),Hårt bröd ,0.0,g
1425,Hårt bröd blodbröd fullkorn,EPA (C20:5),Hårt bröd ,0.0,g
1425,Hårt bröd blodbröd fullkorn,Arakidonsyra C20:4,Hårt bröd ,0.0,g
1425,Hårt bröd blodbröd fullkorn,Arakidinsyra C20:0,Hårt bröd ,0.0,g
1425,Hårt bröd blodbröd fullkorn,Linolensyra C18:3,Hårt bröd ,0.1,g
1425,Hårt bröd blodbröd fullkorn,Linolsyra C18:2,Hårt bröd ,0.6,g
1425,Hårt bröd blodbröd fullkorn,Oljesyra C18:1,Hårt bröd ,0.5,g
1425,Hårt bröd blodbröd fullkorn,Stearinsyra C18:0,Hårt bröd ,0.0,g
1425,Hårt bröd blodbröd fullkorn,Palmitoljesyra C16:1,Hårt bröd ,0.0,g
1425,Hårt bröd blodbröd fullkorn,Palmitinsyra C16:0,Hårt bröd ,0.2,g
1425,Hårt bröd blodbröd fullkorn,Myristinsyra C14:0,Hårt bröd ,0.0,g
1425,Hårt bröd blodbröd fullkorn,Laurinsyra C12:0,Hårt bröd ,0.0,g
1425,Hårt bröd blodbröd fullkorn,Betakaroten/β-Karoten,Hårt bröd ,0.0,µg
1425,Hårt bröd blodbröd fullkorn,Avfall (skal etc.),Hårt bröd ,0.0,%
1425,Hårt bröd blodbröd fullkorn,Aska,Hårt bröd ,1.5,g
1425,Hårt bröd blodbröd fullkorn,Alkohol,Hårt bröd ,0.0,g
1426,Blodpudding blodkorv fett 19%,"Zink, Zn",Blodprodukter blodrätter,0.9,mg
1426,Blodpudding blodkorv fett 19%,Vitamin E,Blodprodukter blodrätter,0.2,mg
1426,Blodpudding blodkorv fett 19%,Vitamin D,Blodprodukter blodrätter,0.9,µg
1426,Blodpudding blodkorv fett 19%,Vitamin C,Blodprodukter blodrätter,0.0,mg
1426,Blodpudding blodkorv fett 19%,Vitamin B6,Blodprodukter blodrätter,0.08,mg
1426,Blodpudding blodkorv fett 19%,Vitamin B12,Blodprodukter blodrätter,0.4,µg
1426,Blodpudding blodkorv fett 19%,Vitamin A,Blodprodukter blodrätter,12.0,RE/µg
1426,Blodpudding blodkorv fett 19%,Vatten,Blodprodukter blodrätter,45.0,g
1426,Blodpudding blodkorv fett 19%,Tiamin,Blodprodukter blodrätter,0.05,mg
1426,Blodpudding blodkorv fett 19%,Tillsatt socker,Blodprodukter blodrätter,12.0,g
1426,Blodpudding blodkorv fett 19%,Fritt socker,Blodprodukter blodrätter,12.0,g
1426,Blodpudding blodkorv fett 19%,"Selen, Se",Blodprodukter blodrätter,3.0,µg
1426,Blodpudding blodkorv fett 19%,Sackaros,Blodprodukter blodrätter,8.2,g
1426,Blodpudding blodkorv fett 19%,Riboflavin,Blodprodukter blodrätter,0.06,mg
1426,Blodpudding blodkorv fett 19%,Retinol,Blodprodukter blodrätter,12.0,µg
1426,Blodpudding blodkorv fett 19%,Protein,Blodprodukter blodrätter,10.6,g
1426,Blodpudding blodkorv fett 19%,Summa fleromättade fettsyror,Blodprodukter blodrätter,1.3,g
1426,Blodpudding blodkorv fett 19%,"Fosfor, P",Blodprodukter blodrätter,84.0,mg
1426,Blodpudding blodkorv fett 19%,Niacinekvivalenter,Blodprodukter blodrätter,2.74,NE/mg
1426,Blodpudding blodkorv fett 19%,Niacin,Blodprodukter blodrätter,0.8,mg
1426,Blodpudding blodkorv fett 19%,"Salt, NaCl",Blodprodukter blodrätter,0.9,g
1426,Blodpudding blodkorv fett 19%,"Natrium, Na",Blodprodukter blodrätter,350.0,mg
1426,Blodpudding blodkorv fett 19%,Monosackarider,Blodprodukter blodrätter,4.2,g
1426,Blodpudding blodkorv fett 19%,"Sockerarter, totalt",Blodprodukter blodrätter,12.4,g
1426,Blodpudding blodkorv fett 19%,Summa enkelomättade fettsyror,Blodprodukter blodrätter,7.4,g
1426,Blodpudding blodkorv fett 19%,"Magnesium, Mg",Blodprodukter blodrätter,16.0,mg
1426,Blodpudding blodkorv fett 19%,Summa mättade fettsyror,Blodprodukter blodrätter,9.4,g
1426,Blodpudding blodkorv fett 19%,"Kolhydrater, tillgängliga",Blodprodukter blodrätter,21.0,g
1426,Blodpudding blodkorv fett 19%,Kolesterol,Blodprodukter blodrätter,65.0,mg
1426,Blodpudding blodkorv fett 19%,"Kalium, K",Blodprodukter blodrätter,170.0,mg
1426,Blodpudding blodkorv fett 19%,"Jod, I",Blodprodukter blodrätter,0.0,µg
1426,Blodpudding blodkorv fett 19%,Fullkorn totalt,Blodprodukter blodrätter,0.0,g
1426,Blodpudding blodkorv fett 19%,"Folat, totalt",Blodprodukter blodrätter,5.0,µg
1426,Blodpudding blodkorv fett 19%,Fibrer,Blodprodukter blodrätter,2.3,g
1426,Blodpudding blodkorv fett 19%,"Fett, totalt",Blodprodukter blodrätter,19.0,g
1426,Blodpudding blodkorv fett 19%,"Järn, Fe",Blodprodukter blodrätter,17.7,mg
1426,Blodpudding blodkorv fett 19%,Energi (kJ),Blodprodukter blodrätter,1259.0,kJ
1426,Blodpudding blodkorv fett 19%,Energi (kcal),Blodprodukter blodrätter,301.0,kcal
1426,Blodpudding blodkorv fett 19%,Disackarider,Blodprodukter blodrätter,8.2,g
1426,Blodpudding blodkorv fett 19%,"Kalcium, Ca",Blodprodukter blodrätter,19.0,mg
1426,Blodpudding blodkorv fett 19%,Fettsyra 4:0-10:0,Blodprodukter blodrätter,0.0,g
1426,Blodpudding blodkorv fett 19%,DHA (C22:6),Blodprodukter blodrätter,0.0,g
1426,Blodpudding blodkorv fett 19%,DPA (C22:5),Blodprodukter blodrätter,0.0,g
1426,Blodpudding blodkorv fett 19%,EPA (C20:5),Blodprodukter blodrätter,0.0,g
1426,Blodpudding blodkorv fett 19%,Arakidonsyra C20:4,Blodprodukter blodrätter,0.0,g
1426,Blodpudding blodkorv fett 19%,Arakidinsyra C20:0,Blodprodukter blodrätter,0.1,g
1426,Blodpudding blodkorv fett 19%,Linolensyra C18:3,Blodprodukter blodrätter,0.1,g
1426,Blodpudding blodkorv fett 19%,Linolsyra C18:2,Blodprodukter blodrätter,1.1,g
1426,Blodpudding blodkorv fett 19%,Oljesyra C18:1,Blodprodukter blodrätter,6.6,g
1426,Blodpudding blodkorv fett 19%,Stearinsyra C18:0,Blodprodukter blodrätter,3.4,g
1426,Blodpudding blodkorv fett 19%,Palmitoljesyra C16:1,Blodprodukter blodrätter,0.5,g
1426,Blodpudding blodkorv fett 19%,Palmitinsyra C16:0,Blodprodukter blodrätter,5.2,g
1426,Blodpudding blodkorv fett 19%,Myristinsyra C14:0,Blodprodukter blodrätter,0.6,g
1426,Blodpudding blodkorv fett 19%,Laurinsyra C12:0,Blodprodukter blodrätter,0.0,g
1426,Blodpudding blodkorv fett 19%,Betakaroten/β-Karoten,Blodprodukter blodrätter,0.0,µg
1426,Blodpudding blodkorv fett 19%,Avfall (skal etc.),Blodprodukter blodrätter,0.0,%
1426,Blodpudding blodkorv fett 19%,Aska,Blodprodukter blodrätter,2.1,g
1426,Blodpudding blodkorv fett 19%,Alkohol,Blodprodukter blodrätter,0.0,g
1427,Blodpalt,"Zink, Zn",Blodprodukter blodrätter,0.9,mg
1427,Blodpalt,Vitamin E,Blodprodukter blodrätter,0.2,mg
1427,Blodpalt,Vitamin D,Blodprodukter blodrätter,0.9,µg
1427,Blodpalt,Vitamin C,Blodprodukter blodrätter,0.0,mg
1427,Blodpalt,Vitamin B6,Blodprodukter blodrätter,0.12,mg
1427,Blodpalt,Vitamin B12,Blodprodukter blodrätter,0.4,µg
1427,Blodpalt,Vitamin A,Blodprodukter blodrätter,12.0,RE/µg
1427,Blodpalt,Vatten,Blodprodukter blodrätter,58.0,g
1427,Blodpalt,Tiamin,Blodprodukter blodrätter,0.11,mg
1427,Blodpalt,Tillsatt socker,Blodprodukter blodrätter,0.0,g
1427,Blodpalt,Fritt socker,Blodprodukter blodrätter,0.0,g
1427,Blodpalt,"Selen, Se",Blodprodukter blodrätter,3.0,µg
1427,Blodpalt,Sackaros,Blodprodukter blodrätter,9.3,g
1427,Blodpalt,Riboflavin,Blodprodukter blodrätter,0.06,mg
1427,Blodpalt,Retinol,Blodprodukter blodrätter,12.0,µg
1427,Blodpalt,Protein,Blodprodukter blodrätter,8.6,g
1427,Blodpalt,Summa fleromättade fettsyror,Blodprodukter blodrätter,1.9,g
1427,Blodpalt,"Fosfor, P",Blodprodukter blodrätter,123.0,mg
1427,Blodpalt,Niacinekvivalenter,Blodprodukter blodrätter,3.28,NE/mg
1427,Blodpalt,Niacin,Blodprodukter blodrätter,1.7,mg
1427,Blodpalt,"Salt, NaCl",Blodprodukter blodrätter,0.9,g
1427,Blodpalt,"Natrium, Na",Blodprodukter blodrätter,350.0,mg
1427,Blodpalt,Monosackarider,Blodprodukter blodrätter,4.8,g
1427,Blodpalt,"Sockerarter, totalt",Blodprodukter blodrätter,14.1,g
1427,Blodpalt,Summa enkelomättade fettsyror,Blodprodukter blodrätter,1.4,g
1427,Blodpalt,"Magnesium, Mg",Blodprodukter blodrätter,16.0,mg
1427,Blodpalt,Summa mättade fettsyror,Blodprodukter blodrätter,0.5,g
1427,Blodpalt,"Kolhydrater, tillgängliga",Blodprodukter blodrätter,21.9,g
1427,Blodpalt,Kolesterol,Blodprodukter blodrätter,60.0,mg
1427,Blodpalt,"Kalium, K",Blodprodukter blodrätter,170.0,mg
1427,Blodpalt,"Jod, I",Blodprodukter blodrätter,35.0,µg
1427,Blodpalt,Fullkorn totalt,Blodprodukter blodrätter,0.0,g
1427,Blodpalt,"Folat, totalt",Blodprodukter blodrätter,14.0,µg
1427,Blodpalt,Fibrer,Blodprodukter blodrätter,4.7,g
1427,Blodpalt,"Fett, totalt",Blodprodukter blodrätter,4.2,g
1427,Blodpalt,"Järn, Fe",Blodprodukter blodrätter,13.3,mg
1427,Blodpalt,Energi (kJ),Blodprodukter blodrätter,712.0,kJ
1427,Blodpalt,Energi (kcal),Blodprodukter blodrätter,170.0,kcal
1427,Blodpalt,Disackarider,Blodprodukter blodrätter,9.3,g
1427,Blodpalt,"Kalcium, Ca",Blodprodukter blodrätter,18.0,mg
1427,Blodpalt,Fettsyra 4:0-10:0,Blodprodukter blodrätter,0.0,g
1427,Blodpalt,DHA (C22:6),Blodprodukter blodrätter,0.0,g
1427,Blodpalt,DPA (C22:5),Blodprodukter blodrätter,0.0,g
1427,Blodpalt,EPA (C20:5),Blodprodukter blodrätter,0.0,g
1427,Blodpalt,Arakidonsyra C20:4,Blodprodukter blodrätter,0.0,g
1427,Blodpalt,Arakidinsyra C20:0,Blodprodukter blodrätter,0.0,g
1427,Blodpalt,Linolensyra C18:3,Blodprodukter blodrätter,0.3,g
1427,Blodpalt,Linolsyra C18:2,Blodprodukter blodrätter,1.6,g
1427,Blodpalt,Oljesyra C18:1,Blodprodukter blodrätter,1.3,g
1427,Blodpalt,Stearinsyra C18:0,Blodprodukter blodrätter,0.0,g
1427,Blodpalt,Palmitoljesyra C16:1,Blodprodukter blodrätter,0.0,g
1427,Blodpalt,Palmitinsyra C16:0,Blodprodukter blodrätter,0.4,g
1427,Blodpalt,Myristinsyra C14:0,Blodprodukter blodrätter,0.0,g
1427,Blodpalt,Laurinsyra C12:0,Blodprodukter blodrätter,0.0,g
1427,Blodpalt,Betakaroten/β-Karoten,Blodprodukter blodrätter,0.0,µg
1427,Blodpalt,Avfall (skal etc.),Blodprodukter blodrätter,0.0,%
1427,Blodpalt,Aska,Blodprodukter blodrätter,2.6,g
1427,Blodpalt,Alkohol,Blodprodukter blodrätter,0.0,g
1428,Blodpudding blodkorv fett 14%,"Zink, Zn",Blodprodukter blodrätter,1.2,mg
1428,Blodpudding blodkorv fett 14%,Vitamin E,Blodprodukter blodrätter,0.2,mg
1428,Blodpudding blodkorv fett 14%,Vitamin D,Blodprodukter blodrätter,1.0,µg
1428,Blodpudding blodkorv fett 14%,Vitamin C,Blodprodukter blodrätter,0.0,mg
1428,Blodpudding blodkorv fett 14%,Vitamin B6,Blodprodukter blodrätter,0.1,mg
1428,Blodpudding blodkorv fett 14%,Vitamin B12,Blodprodukter blodrätter,0.1,µg
1428,Blodpudding blodkorv fett 14%,Vitamin A,Blodprodukter blodrätter,10.0,RE/µg
1428,Blodpudding blodkorv fett 14%,Vatten,Blodprodukter blodrätter,51.0,g
1428,Blodpudding blodkorv fett 14%,Tiamin,Blodprodukter blodrätter,0.08,mg
1428,Blodpudding blodkorv fett 14%,Tillsatt socker,Blodprodukter blodrätter,11.0,g
1428,Blodpudding blodkorv fett 14%,Fritt socker,Blodprodukter blodrätter,11.0,g
1428,Blodpudding blodkorv fett 14%,"Selen, Se",Blodprodukter blodrätter,3.0,µg
1428,Blodpudding blodkorv fett 14%,Sackaros,Blodprodukter blodrätter,7.2,g
1428,Blodpudding blodkorv fett 14%,Riboflavin,Blodprodukter blodrätter,0.05,mg
1428,Blodpudding blodkorv fett 14%,Retinol,Blodprodukter blodrätter,10.0,µg
1428,Blodpudding blodkorv fett 14%,Protein,Blodprodukter blodrätter,11.0,g
1428,Blodpudding blodkorv fett 14%,Summa fleromättade fettsyror,Blodprodukter blodrätter,1.1,g
1428,Blodpudding blodkorv fett 14%,"Fosfor, P",Blodprodukter blodrätter,92.0,mg
1428,Blodpudding blodkorv fett 14%,Niacinekvivalenter,Blodprodukter blodrätter,2.89,NE/mg
1428,Blodpudding blodkorv fett 14%,Niacin,Blodprodukter blodrätter,0.87,mg
1428,Blodpudding blodkorv fett 14%,"Salt, NaCl",Blodprodukter blodrätter,1.0,g
1428,Blodpudding blodkorv fett 14%,"Natrium, Na",Blodprodukter blodrätter,400.0,mg
1428,Blodpudding blodkorv fett 14%,Monosackarider,Blodprodukter blodrätter,3.7,g
1428,Blodpudding blodkorv fett 14%,"Sockerarter, totalt",Blodprodukter blodrätter,10.9,g
1428,Blodpudding blodkorv fett 14%,Summa enkelomättade fettsyror,Blodprodukter blodrätter,6.5,g
1428,Blodpudding blodkorv fett 14%,"Magnesium, Mg",Blodprodukter blodrätter,16.0,mg
1428,Blodpudding blodkorv fett 14%,Summa mättade fettsyror,Blodprodukter blodrätter,5.6,g
1428,Blodpudding blodkorv fett 14%,"Kolhydrater, tillgängliga",Blodprodukter blodrätter,20.0,g
1428,Blodpudding blodkorv fett 14%,Kolesterol,Blodprodukter blodrätter,65.0,mg
1428,Blodpudding blodkorv fett 14%,"Kalium, K",Blodprodukter blodrätter,139.0,mg
1428,Blodpudding blodkorv fett 14%,"Jod, I",Blodprodukter blodrätter,0.0,µg
1428,Blodpudding blodkorv fett 14%,Fullkorn totalt,Blodprodukter blodrätter,0.0,g
1428,Blodpudding blodkorv fett 14%,"Folat, totalt",Blodprodukter blodrätter,5.0,µg
1428,Blodpudding blodkorv fett 14%,Fibrer,Blodprodukter blodrätter,2.3,g
1428,Blodpudding blodkorv fett 14%,"Fett, totalt",Blodprodukter blodrätter,14.0,g
1428,Blodpudding blodkorv fett 14%,"Järn, Fe",Blodprodukter blodrätter,19.0,mg
1428,Blodpudding blodkorv fett 14%,Energi (kJ),Blodprodukter blodrätter,1063.0,kJ
1428,Blodpudding blodkorv fett 14%,Energi (kcal),Blodprodukter blodrätter,254.0,kcal
1428,Blodpudding blodkorv fett 14%,Disackarider,Blodprodukter blodrätter,7.2,g
1428,Blodpudding blodkorv fett 14%,"Kalcium, Ca",Blodprodukter blodrätter,17.0,mg
1428,Blodpudding blodkorv fett 14%,Fettsyra 4:0-10:0,Blodprodukter blodrätter,0.0,g
1428,Blodpudding blodkorv fett 14%,DHA (C22:6),Blodprodukter blodrätter,0.0,g
1428,Blodpudding blodkorv fett 14%,DPA (C22:5),Blodprodukter blodrätter,0.0,g
1428,Blodpudding blodkorv fett 14%,EPA (C20:5),Blodprodukter blodrätter,0.0,g
1428,Blodpudding blodkorv fett 14%,Arakidonsyra C20:4,Blodprodukter blodrätter,0.0,g
1428,Blodpudding blodkorv fett 14%,Arakidinsyra C20:0,Blodprodukter blodrätter,0.0,g
1428,Blodpudding blodkorv fett 14%,Linolensyra C18:3,Blodprodukter blodrätter,0.1,g
1428,Blodpudding blodkorv fett 14%,Linolsyra C18:2,Blodprodukter blodrätter,0.9,g
1428,Blodpudding blodkorv fett 14%,Oljesyra C18:1,Blodprodukter blodrätter,5.6,g
1428,Blodpudding blodkorv fett 14%,Stearinsyra C18:0,Blodprodukter blodrätter,1.8,g
1428,Blodpudding blodkorv fett 14%,Palmitoljesyra C16:1,Blodprodukter blodrätter,0.5,g
1428,Blodpudding blodkorv fett 14%,Palmitinsyra C16:0,Blodprodukter blodrätter,3.2,g
1428,Blodpudding blodkorv fett 14%,Myristinsyra C14:0,Blodprodukter blodrätter,0.3,g
1428,Blodpudding blodkorv fett 14%,Laurinsyra C12:0,Blodprodukter blodrätter,0.0,g
1428,Blodpudding blodkorv fett 14%,Betakaroten/β-Karoten,Blodprodukter blodrätter,0.0,µg
1428,Blodpudding blodkorv fett 14%,Avfall (skal etc.),Blodprodukter blodrätter,0.0,%
1428,Blodpudding blodkorv fett 14%,Aska,Blodprodukter blodrätter,1.7,g
1428,Blodpudding blodkorv fett 14%,Alkohol,Blodprodukter blodrätter,0.0,g
1429,Blodbröd paltbröd frysvara,"Zink, Zn",Blodprodukter blodrätter,1.3,mg
1429,Blodbröd paltbröd frysvara,Vitamin E,Blodprodukter blodrätter,0.2,mg
1429,Blodbröd paltbröd frysvara,Vitamin D,Blodprodukter blodrätter,0.9,µg
1429,Blodbröd paltbröd frysvara,Vitamin C,Blodprodukter blodrätter,0.0,mg
1429,Blodbröd paltbröd frysvara,Vitamin B6,Blodprodukter blodrätter,0.28,mg
1429,Blodbröd paltbröd frysvara,Vitamin B12,Blodprodukter blodrätter,0.4,µg
1429,Blodbröd paltbröd frysvara,Vitamin A,Blodprodukter blodrätter,12.0,RE/µg
1429,Blodbröd paltbröd frysvara,Vatten,Blodprodukter blodrätter,27.0,g
1429,Blodbröd paltbröd frysvara,Tiamin,Blodprodukter blodrätter,0.33,mg
1429,Blodbröd paltbröd frysvara,Tillsatt socker,Blodprodukter blodrätter,0.0,g
1429,Blodbröd paltbröd frysvara,Fritt socker,Blodprodukter blodrätter,0.0,g
1429,Blodbröd paltbröd frysvara,"Selen, Se",Blodprodukter blodrätter,3.0,µg
1429,Blodbröd paltbröd frysvara,Sackaros,Blodprodukter blodrätter,18.6,g
1429,Blodbröd paltbröd frysvara,Riboflavin,Blodprodukter blodrätter,0.17,mg
1429,Blodbröd paltbröd frysvara,Retinol,Blodprodukter blodrätter,12.0,µg
1429,Blodbröd paltbröd frysvara,Protein,Blodprodukter blodrätter,14.4,g
1429,Blodbröd paltbröd frysvara,Summa fleromättade fettsyror,Blodprodukter blodrätter,1.0,g
1429,Blodbröd paltbröd frysvara,"Fosfor, P",Blodprodukter blodrätter,235.0,mg
1429,Blodbröd paltbröd frysvara,Niacinekvivalenter,Blodprodukter blodrätter,5.14,NE/mg
1429,Blodbröd paltbröd frysvara,Niacin,Blodprodukter blodrätter,2.5,mg
1429,Blodbröd paltbröd frysvara,"Salt, NaCl",Blodprodukter blodrätter,0.9,g
1429,Blodbröd paltbröd frysvara,"Natrium, Na",Blodprodukter blodrätter,350.0,mg
1429,Blodbröd paltbröd frysvara,Monosackarider,Blodprodukter blodrätter,9.6,g
1429,Blodbröd paltbröd frysvara,"Sockerarter, totalt",Blodprodukter blodrätter,28.2,g
1429,Blodbröd paltbröd frysvara,Summa enkelomättade fettsyror,Blodprodukter blodrätter,0.7,g
1429,Blodbröd paltbröd frysvara,"Magnesium, Mg",Blodprodukter blodrätter,16.0,mg
1429,Blodbröd paltbröd frysvara,Summa mättade fettsyror,Blodprodukter blodrätter,0.3,g
1429,Blodbröd paltbröd frysvara,"Kolhydrater, tillgängliga",Blodprodukter blodrätter,47.8,g
1429,Blodbröd paltbröd frysvara,Kolesterol,Blodprodukter blodrätter,60.0,mg
1429,Blodbröd paltbröd frysvara,"Kalium, K",Blodprodukter blodrätter,170.0,mg
1429,Blodbröd paltbröd frysvara,"Jod, I",Blodprodukter blodrätter,0.0,µg
1429,Blodbröd paltbröd frysvara,Fullkorn totalt,Blodprodukter blodrätter,0.0,g
1429,Blodbröd paltbröd frysvara,"Folat, totalt",Blodprodukter blodrätter,14.0,µg
1429,Blodbröd paltbröd frysvara,Fibrer,Blodprodukter blodrätter,4.7,g
1429,Blodbröd paltbröd frysvara,"Fett, totalt",Blodprodukter blodrätter,2.8,g
1429,Blodbröd paltbröd frysvara,"Järn, Fe",Blodprodukter blodrätter,12.2,mg
1429,Blodbröd paltbröd frysvara,Energi (kJ),Blodprodukter blodrätter,1199.0,kJ
1429,Blodbröd paltbröd frysvara,Energi (kcal),Blodprodukter blodrätter,286.0,kcal
1429,Blodbröd paltbröd frysvara,Disackarider,Blodprodukter blodrätter,18.6,g
1429,Blodbröd paltbröd frysvara,"Kalcium, Ca",Blodprodukter blodrätter,41.0,mg
1429,Blodbröd paltbröd frysvara,Fettsyra 4:0-10:0,Blodprodukter blodrätter,0.0,g
1429,Blodbröd paltbröd frysvara,DHA (C22:6),Blodprodukter blodrätter,0.0,g
1429,Blodbröd paltbröd frysvara,DPA (C22:5),Blodprodukter blodrätter,0.0,g
1429,Blodbröd paltbröd frysvara,EPA (C20:5),Blodprodukter blodrätter,0.0,g
1429,Blodbröd paltbröd frysvara,Arakidonsyra C20:4,Blodprodukter blodrätter,0.0,g
1429,Blodbröd paltbröd frysvara,Arakidinsyra C20:0,Blodprodukter blodrätter,0.0,g
1429,Blodbröd paltbröd frysvara,Linolensyra C18:3,Blodprodukter blodrätter,0.2,g
1429,Blodbröd paltbröd frysvara,Linolsyra C18:2,Blodprodukter blodrätter,0.8,g
1429,Blodbröd paltbröd frysvara,Oljesyra C18:1,Blodprodukter blodrätter,0.7,g
1429,Blodbröd paltbröd frysvara,Stearinsyra C18:0,Blodprodukter blodrätter,0.0,g
1429,Blodbröd paltbröd frysvara,Palmitoljesyra C16:1,Blodprodukter blodrätter,0.0,g
1429,Blodbröd paltbröd frysvara,Palmitinsyra C16:0,Blodprodukter blodrätter,0.2,g
1429,Blodbröd paltbröd frysvara,Myristinsyra C14:0,Blodprodukter blodrätter,0.0,g
1429,Blodbröd paltbröd frysvara,Laurinsyra C12:0,Blodprodukter blodrätter,0.0,g
1429,Blodbröd paltbröd frysvara,Betakaroten/β-Karoten,Blodprodukter blodrätter,0.0,µg
1429,Blodbröd paltbröd frysvara,Avfall (skal etc.),Blodprodukter blodrätter,0.0,%
1429,Blodbröd paltbröd frysvara,Aska,Blodprodukter blodrätter,3.3,g
1429,Blodbröd paltbröd frysvara,Alkohol,Blodprodukter blodrätter,0.0,g
1430,Blodpudding blodkorv fett 10%,"Zink, Zn",Blodprodukter blodrätter,1.2,mg
1430,Blodpudding blodkorv fett 10%,Vitamin E,Blodprodukter blodrätter,0.0,mg
1430,Blodpudding blodkorv fett 10%,Vitamin D,Blodprodukter blodrätter,0.1,µg
1430,Blodpudding blodkorv fett 10%,Vitamin C,Blodprodukter blodrätter,0.0,mg
1430,Blodpudding blodkorv fett 10%,Vitamin B6,Blodprodukter blodrätter,0.08,mg
1430,Blodpudding blodkorv fett 10%,Vitamin B12,Blodprodukter blodrätter,0.14,µg
1430,Blodpudding blodkorv fett 10%,Vitamin A,Blodprodukter blodrätter,8.3,RE/µg
1430,Blodpudding blodkorv fett 10%,Vatten,Blodprodukter blodrätter,58.0,g
1430,Blodpudding blodkorv fett 10%,Tiamin,Blodprodukter blodrätter,0.04,mg
1430,Blodpudding blodkorv fett 10%,Tillsatt socker,Blodprodukter blodrätter,12.0,g
1430,Blodpudding blodkorv fett 10%,Fritt socker,Blodprodukter blodrätter,12.0,g
1430,Blodpudding blodkorv fett 10%,"Selen, Se",Blodprodukter blodrätter,3.0,µg
1430,Blodpudding blodkorv fett 10%,Sackaros,Blodprodukter blodrätter,7.7,g
1430,Blodpudding blodkorv fett 10%,Riboflavin,Blodprodukter blodrätter,0.03,mg
1430,Blodpudding blodkorv fett 10%,Retinol,Blodprodukter blodrätter,8.3,µg
1430,Blodpudding blodkorv fett 10%,Protein,Blodprodukter blodrätter,12.0,g
1430,Blodpudding blodkorv fett 10%,Summa fleromättade fettsyror,Blodprodukter blodrätter,1.0,g
1430,Blodpudding blodkorv fett 10%,"Fosfor, P",Blodprodukter blodrätter,92.0,mg
1430,Blodpudding blodkorv fett 10%,Niacinekvivalenter,Blodprodukter blodrätter,2.93,NE/mg
1430,Blodpudding blodkorv fett 10%,Niacin,Blodprodukter blodrätter,0.73,mg
1430,Blodpudding blodkorv fett 10%,"Salt, NaCl",Blodprodukter blodrätter,1.0,g
1430,Blodpudding blodkorv fett 10%,"Natrium, Na",Blodprodukter blodrätter,400.0,mg
1430,Blodpudding blodkorv fett 10%,Monosackarider,Blodprodukter blodrätter,4.0,g
1430,Blodpudding blodkorv fett 10%,"Sockerarter, totalt",Blodprodukter blodrätter,11.7,g
1430,Blodpudding blodkorv fett 10%,Summa enkelomättade fettsyror,Blodprodukter blodrätter,3.6,g
1430,Blodpudding blodkorv fett 10%,"Magnesium, Mg",Blodprodukter blodrätter,16.0,mg
1430,Blodpudding blodkorv fett 10%,Summa mättade fettsyror,Blodprodukter blodrätter,3.9,g
1430,Blodpudding blodkorv fett 10%,"Kolhydrater, tillgängliga",Blodprodukter blodrätter,17.3,g
1430,Blodpudding blodkorv fett 10%,Kolesterol,Blodprodukter blodrätter,65.0,mg
1430,Blodpudding blodkorv fett 10%,"Kalium, K",Blodprodukter blodrätter,139.0,mg
1430,Blodpudding blodkorv fett 10%,"Jod, I",Blodprodukter blodrätter,0.0,µg
1430,Blodpudding blodkorv fett 10%,Fullkorn totalt,Blodprodukter blodrätter,0.0,g
1430,Blodpudding blodkorv fett 10%,"Folat, totalt",Blodprodukter blodrätter,5.0,µg
1430,Blodpudding blodkorv fett 10%,Fibrer,Blodprodukter blodrätter,2.0,g
1430,Blodpudding blodkorv fett 10%,"Fett, totalt",Blodprodukter blodrätter,9.0,g
1430,Blodpudding blodkorv fett 10%,"Järn, Fe",Blodprodukter blodrätter,17.0,mg
1430,Blodpudding blodkorv fett 10%,Energi (kJ),Blodprodukter blodrätter,847.0,kJ
1430,Blodpudding blodkorv fett 10%,Energi (kcal),Blodprodukter blodrätter,202.0,kcal
1430,Blodpudding blodkorv fett 10%,Disackarider,Blodprodukter blodrätter,7.7,g
1430,Blodpudding blodkorv fett 10%,"Kalcium, Ca",Blodprodukter blodrätter,17.0,mg
1430,Blodpudding blodkorv fett 10%,Fettsyra 4:0-10:0,Blodprodukter blodrätter,0.0,g
1430,Blodpudding blodkorv fett 10%,DHA (C22:6),Blodprodukter blodrätter,0.0,g
1430,Blodpudding blodkorv fett 10%,DPA (C22:5),Blodprodukter blodrätter,0.0,g
1430,Blodpudding blodkorv fett 10%,EPA (C20:5),Blodprodukter blodrätter,0.0,g
1430,Blodpudding blodkorv fett 10%,Arakidonsyra C20:4,Blodprodukter blodrätter,0.0,g
1430,Blodpudding blodkorv fett 10%,Arakidinsyra C20:0,Blodprodukter blodrätter,0.0,g
1430,Blodpudding blodkorv fett 10%,Linolensyra C18:3,Blodprodukter blodrätter,0.1,g
1430,Blodpudding blodkorv fett 10%,Linolsyra C18:2,Blodprodukter blodrätter,0.9,g
1430,Blodpudding blodkorv fett 10%,Oljesyra C18:1,Blodprodukter blodrätter,3.3,g
1430,Blodpudding blodkorv fett 10%,Stearinsyra C18:0,Blodprodukter blodrätter,1.5,g
1430,Blodpudding blodkorv fett 10%,Palmitoljesyra C16:1,Blodprodukter blodrätter,0.2,g
1430,Blodpudding blodkorv fett 10%,Palmitinsyra C16:0,Blodprodukter blodrätter,2.2,g
1430,Blodpudding blodkorv fett 10%,Myristinsyra C14:0,Blodprodukter blodrätter,0.1,g
1430,Blodpudding blodkorv fett 10%,Laurinsyra C12:0,Blodprodukter blodrätter,0.0,g
1430,Blodpudding blodkorv fett 10%,Betakaroten/β-Karoten,Blodprodukter blodrätter,0.0,µg
1430,Blodpudding blodkorv fett 10%,Avfall (skal etc.),Blodprodukter blodrätter,0.0,%
1430,Blodpudding blodkorv fett 10%,Aska,Blodprodukter blodrätter,1.7,g
1430,Blodpudding blodkorv fett 10%,Alkohol,Blodprodukter blodrätter,0.0,g
1431,Blodpudding blodkorv stekt fett 13%,"Zink, Zn",Blodprodukter blodrätter,1.2,mg
1431,Blodpudding blodkorv stekt fett 13%,Vitamin E,Blodprodukter blodrätter,0.2,mg
1431,Blodpudding blodkorv stekt fett 13%,Vitamin D,Blodprodukter blodrätter,0.82,µg
1431,Blodpudding blodkorv stekt fett 13%,Vitamin C,Blodprodukter blodrätter,0.0,mg
1431,Blodpudding blodkorv stekt fett 13%,Vitamin B6,Blodprodukter blodrätter,0.05,mg
1431,Blodpudding blodkorv stekt fett 13%,Vitamin B12,Blodprodukter blodrätter,0.08,µg
1431,Blodpudding blodkorv stekt fett 13%,Vitamin A,Blodprodukter blodrätter,10.3,RE/µg
1431,Blodpudding blodkorv stekt fett 13%,Vatten,Blodprodukter blodrätter,49.7,g
1431,Blodpudding blodkorv stekt fett 13%,Tiamin,Blodprodukter blodrätter,0.06,mg
1431,Blodpudding blodkorv stekt fett 13%,Tillsatt socker,Blodprodukter blodrätter,11.0,g
1431,Blodpudding blodkorv stekt fett 13%,Fritt socker,Blodprodukter blodrätter,11.0,g
1431,Blodpudding blodkorv stekt fett 13%,"Selen, Se",Blodprodukter blodrätter,3.1,µg
1431,Blodpudding blodkorv stekt fett 13%,Sackaros,Blodprodukter blodrätter,7.4,g
1431,Blodpudding blodkorv stekt fett 13%,Riboflavin,Blodprodukter blodrätter,0.04,mg
1431,Blodpudding blodkorv stekt fett 13%,Retinol,Blodprodukter blodrätter,10.3,µg
1431,Blodpudding blodkorv stekt fett 13%,Protein,Blodprodukter blodrätter,11.3,g
1431,Blodpudding blodkorv stekt fett 13%,Summa fleromättade fettsyror,Blodprodukter blodrätter,1.1,g
1431,Blodpudding blodkorv stekt fett 13%,"Fosfor, P",Blodprodukter blodrätter,94.0,mg
1431,Blodpudding blodkorv stekt fett 13%,Niacinekvivalenter,Blodprodukter blodrätter,2.97,NE/mg
1431,Blodpudding blodkorv stekt fett 13%,Niacin,Blodprodukter blodrätter,0.89,mg
1431,Blodpudding blodkorv stekt fett 13%,"Salt, NaCl",Blodprodukter blodrätter,1.0,g
1431,Blodpudding blodkorv stekt fett 13%,"Natrium, Na",Blodprodukter blodrätter,410.0,mg
1431,Blodpudding blodkorv stekt fett 13%,Monosackarider,Blodprodukter blodrätter,3.8,g
1431,Blodpudding blodkorv stekt fett 13%,"Sockerarter, totalt",Blodprodukter blodrätter,11.2,g
1431,Blodpudding blodkorv stekt fett 13%,Summa enkelomättade fettsyror,Blodprodukter blodrätter,6.6,g
1431,Blodpudding blodkorv stekt fett 13%,"Magnesium, Mg",Blodprodukter blodrätter,16.0,mg
1431,Blodpudding blodkorv stekt fett 13%,Summa mättade fettsyror,Blodprodukter blodrätter,5.7,g
1431,Blodpudding blodkorv stekt fett 13%,"Kolhydrater, tillgängliga",Blodprodukter blodrätter,20.5,g
1431,Blodpudding blodkorv stekt fett 13%,Kolesterol,Blodprodukter blodrätter,66.7,mg
1431,Blodpudding blodkorv stekt fett 13%,"Kalium, K",Blodprodukter blodrätter,100.0,mg
1431,Blodpudding blodkorv stekt fett 13%,"Jod, I",Blodprodukter blodrätter,0.0,µg
1431,Blodpudding blodkorv stekt fett 13%,Fullkorn totalt,Blodprodukter blodrätter,0.0,g
1431,Blodpudding blodkorv stekt fett 13%,"Folat, totalt",Blodprodukter blodrätter,4.4,µg
1431,Blodpudding blodkorv stekt fett 13%,Fibrer,Blodprodukter blodrätter,2.4,g
1431,Blodpudding blodkorv stekt fett 13%,"Fett, totalt",Blodprodukter blodrätter,14.4,g
1431,Blodpudding blodkorv stekt fett 13%,"Järn, Fe",Blodprodukter blodrätter,19.5,mg
1431,Blodpudding blodkorv stekt fett 13%,Energi (kJ),Blodprodukter blodrätter,1091.0,kJ
1431,Blodpudding blodkorv stekt fett 13%,Energi (kcal),Blodprodukter blodrätter,261.0,kcal
1431,Blodpudding blodkorv stekt fett 13%,Disackarider,Blodprodukter blodrätter,7.4,g
1431,Blodpudding blodkorv stekt fett 13%,"Kalcium, Ca",Blodprodukter blodrätter,17.0,mg
1431,Blodpudding blodkorv stekt fett 13%,Fettsyra 4:0-10:0,Blodprodukter blodrätter,0.0,g
1431,Blodpudding blodkorv stekt fett 13%,DHA (C22:6),Blodprodukter blodrätter,0.0,g
1431,Blodpudding blodkorv stekt fett 13%,DPA (C22:5),Blodprodukter blodrätter,0.0,g
1431,Blodpudding blodkorv stekt fett 13%,EPA (C20:5),Blodprodukter blodrätter,0.0,g
1431,Blodpudding blodkorv stekt fett 13%,Arakidonsyra C20:4,Blodprodukter blodrätter,0.0,g
1431,Blodpudding blodkorv stekt fett 13%,Arakidinsyra C20:0,Blodprodukter blodrätter,0.0,g
1431,Blodpudding blodkorv stekt fett 13%,Linolensyra C18:3,Blodprodukter blodrätter,0.1,g
1431,Blodpudding blodkorv stekt fett 13%,Linolsyra C18:2,Blodprodukter blodrätter,1.0,g
1431,Blodpudding blodkorv stekt fett 13%,Oljesyra C18:1,Blodprodukter blodrätter,5.8,g
1431,Blodpudding blodkorv stekt fett 13%,Stearinsyra C18:0,Blodprodukter blodrätter,1.8,g
1431,Blodpudding blodkorv stekt fett 13%,Palmitoljesyra C16:1,Blodprodukter blodrätter,0.6,g
1431,Blodpudding blodkorv stekt fett 13%,Palmitinsyra C16:0,Blodprodukter blodrätter,3.3,g
1431,Blodpudding blodkorv stekt fett 13%,Myristinsyra C14:0,Blodprodukter blodrätter,0.3,g
1431,Blodpudding blodkorv stekt fett 13%,Laurinsyra C12:0,Blodprodukter blodrätter,0.0,g
1431,Blodpudding blodkorv stekt fett 13%,Betakaroten/β-Karoten,Blodprodukter blodrätter,0.0,µg
1431,Blodpudding blodkorv stekt fett 13%,Avfall (skal etc.),Blodprodukter blodrätter,0.0,%
1431,Blodpudding blodkorv stekt fett 13%,Aska,Blodprodukter blodrätter,1.7,g
1431,Blodpudding blodkorv stekt fett 13%,Alkohol,Blodprodukter blodrätter,0.0,g
1432,Blodpudding blodkorv stekt fett 8%,"Zink, Zn",Blodprodukter blodrätter,1.2,mg
1432,Blodpudding blodkorv stekt fett 8%,Vitamin E,Blodprodukter blodrätter,0.0,mg
1432,Blodpudding blodkorv stekt fett 8%,Vitamin D,Blodprodukter blodrätter,0.08,µg
1432,Blodpudding blodkorv stekt fett 8%,Vitamin C,Blodprodukter blodrätter,0.0,mg
1432,Blodpudding blodkorv stekt fett 8%,Vitamin B6,Blodprodukter blodrätter,0.04,mg
1432,Blodpudding blodkorv stekt fett 8%,Vitamin B12,Blodprodukter blodrätter,0.11,µg
1432,Blodpudding blodkorv stekt fett 8%,Vitamin A,Blodprodukter blodrätter,8.5,RE/µg
1432,Blodpudding blodkorv stekt fett 8%,Vatten,Blodprodukter blodrätter,56.7,g
1432,Blodpudding blodkorv stekt fett 8%,Tiamin,Blodprodukter blodrätter,0.03,mg
1432,Blodpudding blodkorv stekt fett 8%,Tillsatt socker,Blodprodukter blodrätter,12.0,g
1432,Blodpudding blodkorv stekt fett 8%,Fritt socker,Blodprodukter blodrätter,12.0,g
1432,Blodpudding blodkorv stekt fett 8%,"Selen, Se",Blodprodukter blodrätter,3.1,µg
1432,Blodpudding blodkorv stekt fett 8%,Sackaros,Blodprodukter blodrätter,7.9,g
1432,Blodpudding blodkorv stekt fett 8%,Riboflavin,Blodprodukter blodrätter,0.02,mg
1432,Blodpudding blodkorv stekt fett 8%,Retinol,Blodprodukter blodrätter,8.5,µg
1432,Blodpudding blodkorv stekt fett 8%,Protein,Blodprodukter blodrätter,12.4,g
1432,Blodpudding blodkorv stekt fett 8%,Summa fleromättade fettsyror,Blodprodukter blodrätter,1.0,g
1432,Blodpudding blodkorv stekt fett 8%,"Fosfor, P",Blodprodukter blodrätter,95.0,mg
1432,Blodpudding blodkorv stekt fett 8%,Niacinekvivalenter,Blodprodukter blodrätter,3.02,NE/mg
1432,Blodpudding blodkorv stekt fett 8%,Niacin,Blodprodukter blodrätter,0.75,mg
1432,Blodpudding blodkorv stekt fett 8%,"Salt, NaCl",Blodprodukter blodrätter,1.0,g
1432,Blodpudding blodkorv stekt fett 8%,"Natrium, Na",Blodprodukter blodrätter,412.0,mg
1432,Blodpudding blodkorv stekt fett 8%,Monosackarider,Blodprodukter blodrätter,4.1,g
1432,Blodpudding blodkorv stekt fett 8%,"Sockerarter, totalt",Blodprodukter blodrätter,12.0,g
1432,Blodpudding blodkorv stekt fett 8%,Summa enkelomättade fettsyror,Blodprodukter blodrätter,3.7,g
1432,Blodpudding blodkorv stekt fett 8%,"Magnesium, Mg",Blodprodukter blodrätter,16.0,mg
1432,Blodpudding blodkorv stekt fett 8%,Summa mättade fettsyror,Blodprodukter blodrätter,4.0,g
1432,Blodpudding blodkorv stekt fett 8%,"Kolhydrater, tillgängliga",Blodprodukter blodrätter,17.8,g
1432,Blodpudding blodkorv stekt fett 8%,Kolesterol,Blodprodukter blodrätter,66.9,mg
1432,Blodpudding blodkorv stekt fett 8%,"Kalium, K",Blodprodukter blodrätter,100.0,mg
1432,Blodpudding blodkorv stekt fett 8%,"Jod, I",Blodprodukter blodrätter,0.0,µg
1432,Blodpudding blodkorv stekt fett 8%,Fullkorn totalt,Blodprodukter blodrätter,0.0,g
1432,Blodpudding blodkorv stekt fett 8%,"Folat, totalt",Blodprodukter blodrätter,4.4,µg
1432,Blodpudding blodkorv stekt fett 8%,Fibrer,Blodprodukter blodrätter,2.1,g
1432,Blodpudding blodkorv stekt fett 8%,"Fett, totalt",Blodprodukter blodrätter,9.3,g
1432,Blodpudding blodkorv stekt fett 8%,"Järn, Fe",Blodprodukter blodrätter,17.5,mg
1432,Blodpudding blodkorv stekt fett 8%,Energi (kJ),Blodprodukter blodrätter,872.0,kJ
1432,Blodpudding blodkorv stekt fett 8%,Energi (kcal),Blodprodukter blodrätter,208.0,kcal
1432,Blodpudding blodkorv stekt fett 8%,Disackarider,Blodprodukter blodrätter,7.9,g
1432,Blodpudding blodkorv stekt fett 8%,"Kalcium, Ca",Blodprodukter blodrätter,18.0,mg
1432,Blodpudding blodkorv stekt fett 8%,Fettsyra 4:0-10:0,Blodprodukter blodrätter,0.0,g
1432,Blodpudding blodkorv stekt fett 8%,DHA (C22:6),Blodprodukter blodrätter,0.0,g
1432,Blodpudding blodkorv stekt fett 8%,DPA (C22:5),Blodprodukter blodrätter,0.0,g
1432,Blodpudding blodkorv stekt fett 8%,EPA (C20:5),Blodprodukter blodrätter,0.0,g
1432,Blodpudding blodkorv stekt fett 8%,Arakidonsyra C20:4,Blodprodukter blodrätter,0.0,g
1432,Blodpudding blodkorv stekt fett 8%,Arakidinsyra C20:0,Blodprodukter blodrätter,0.0,g
1432,Blodpudding blodkorv stekt fett 8%,Linolensyra C18:3,Blodprodukter blodrätter,0.1,g
1432,Blodpudding blodkorv stekt fett 8%,Linolsyra C18:2,Blodprodukter blodrätter,0.9,g
1432,Blodpudding blodkorv stekt fett 8%,Oljesyra C18:1,Blodprodukter blodrätter,3.4,g
1432,Blodpudding blodkorv stekt fett 8%,Stearinsyra C18:0,Blodprodukter blodrätter,1.5,g
1432,Blodpudding blodkorv stekt fett 8%,Palmitoljesyra C16:1,Blodprodukter blodrätter,0.2,g
1432,Blodpudding blodkorv stekt fett 8%,Palmitinsyra C16:0,Blodprodukter blodrätter,2.3,g
1432,Blodpudding blodkorv stekt fett 8%,Myristinsyra C14:0,Blodprodukter blodrätter,0.1,g
1432,Blodpudding blodkorv stekt fett 8%,Laurinsyra C12:0,Blodprodukter blodrätter,0.0,g
1432,Blodpudding blodkorv stekt fett 8%,Betakaroten/β-Karoten,Blodprodukter blodrätter,0.0,µg
1432,Blodpudding blodkorv stekt fett 8%,Avfall (skal etc.),Blodprodukter blodrätter,0.0,%
1432,Blodpudding blodkorv stekt fett 8%,Aska,Blodprodukter blodrätter,1.8,g
1432,Blodpudding blodkorv stekt fett 8%,Alkohol,Blodprodukter blodrätter,0.0,g
1433,Blodbröd paltbröd kokt m. salt,"Zink, Zn",Blodprodukter blodrätter,0.5,mg
1433,Blodbröd paltbröd kokt m. salt,Vitamin E,Blodprodukter blodrätter,0.1,mg
1433,Blodbröd paltbröd kokt m. salt,Vitamin D,Blodprodukter blodrätter,0.35,µg
1433,Blodbröd paltbröd kokt m. salt,Vitamin C,Blodprodukter blodrätter,0.0,mg
1433,Blodbröd paltbröd kokt m. salt,Vitamin B6,Blodprodukter blodrätter,0.07,mg
1433,Blodbröd paltbröd kokt m. salt,Vitamin B12,Blodprodukter blodrätter,0.14,µg
1433,Blodbröd paltbröd kokt m. salt,Vitamin A,Blodprodukter blodrätter,4.7,RE/µg
1433,Blodbröd paltbröd kokt m. salt,Vatten,Blodprodukter blodrätter,71.4,g
1433,Blodbröd paltbröd kokt m. salt,Tiamin,Blodprodukter blodrätter,0.08,mg
1433,Blodbröd paltbröd kokt m. salt,Tillsatt socker,Blodprodukter blodrätter,0.0,g
1433,Blodbröd paltbröd kokt m. salt,Fritt socker,Blodprodukter blodrätter,0.0,g
1433,Blodbröd paltbröd kokt m. salt,"Selen, Se",Blodprodukter blodrätter,1.2,µg
1433,Blodbröd paltbröd kokt m. salt,Sackaros,Blodprodukter blodrätter,7.3,g
1433,Blodbröd paltbröd kokt m. salt,Riboflavin,Blodprodukter blodrätter,0.04,mg
1433,Blodbröd paltbröd kokt m. salt,Retinol,Blodprodukter blodrätter,4.7,µg
1433,Blodbröd paltbröd kokt m. salt,Protein,Blodprodukter blodrätter,5.6,g
1433,Blodbröd paltbröd kokt m. salt,Summa fleromättade fettsyror,Blodprodukter blodrätter,0.4,g
1433,Blodbröd paltbröd kokt m. salt,"Fosfor, P",Blodprodukter blodrätter,92.0,mg
1433,Blodbröd paltbröd kokt m. salt,Niacinekvivalenter,Blodprodukter blodrätter,2.01,NE/mg
1433,Blodbröd paltbröd kokt m. salt,Niacin,Blodprodukter blodrätter,0.98,mg
1433,Blodbröd paltbröd kokt m. salt,"Salt, NaCl",Blodprodukter blodrätter,0.5,g
1433,Blodbröd paltbröd kokt m. salt,"Natrium, Na",Blodprodukter blodrätter,191.0,mg
1433,Blodbröd paltbröd kokt m. salt,Monosackarider,Blodprodukter blodrätter,3.7,g
1433,Blodbröd paltbröd kokt m. salt,"Sockerarter, totalt",Blodprodukter blodrätter,11.0,g
1433,Blodbröd paltbröd kokt m. salt,Summa enkelomättade fettsyror,Blodprodukter blodrätter,0.3,g
1433,Blodbröd paltbröd kokt m. salt,"Magnesium, Mg",Blodprodukter blodrätter,6.0,mg
1433,Blodbröd paltbröd kokt m. salt,Summa mättade fettsyror,Blodprodukter blodrätter,0.1,g
1433,Blodbröd paltbröd kokt m. salt,"Kolhydrater, tillgängliga",Blodprodukter blodrätter,18.6,g
1433,Blodbröd paltbröd kokt m. salt,Kolesterol,Blodprodukter blodrätter,23.4,mg
1433,Blodbröd paltbröd kokt m. salt,"Kalium, K",Blodprodukter blodrätter,43.0,mg
1433,Blodbröd paltbröd kokt m. salt,"Jod, I",Blodprodukter blodrätter,6.9,µg
1433,Blodbröd paltbröd kokt m. salt,Fullkorn totalt,Blodprodukter blodrätter,0.0,g
1433,Blodbröd paltbröd kokt m. salt,"Folat, totalt",Blodprodukter blodrätter,3.3,µg
1433,Blodbröd paltbröd kokt m. salt,Fibrer,Blodprodukter blodrätter,1.8,g
1433,Blodbröd paltbröd kokt m. salt,"Fett, totalt",Blodprodukter blodrätter,1.1,g
1433,Blodbröd paltbröd kokt m. salt,"Järn, Fe",Blodprodukter blodrätter,4.8,mg
1433,Blodbröd paltbröd kokt m. salt,Energi (kJ),Blodprodukter blodrätter,468.0,kJ
1433,Blodbröd paltbröd kokt m. salt,Energi (kcal),Blodprodukter blodrätter,112.0,kcal
1433,Blodbröd paltbröd kokt m. salt,Disackarider,Blodprodukter blodrätter,7.3,g
1433,Blodbröd paltbröd kokt m. salt,"Kalcium, Ca",Blodprodukter blodrätter,16.0,mg
1433,Blodbröd paltbröd kokt m. salt,Fettsyra 4:0-10:0,Blodprodukter blodrätter,0.0,g
1433,Blodbröd paltbröd kokt m. salt,DHA (C22:6),Blodprodukter blodrätter,0.0,g
1433,Blodbröd paltbröd kokt m. salt,DPA (C22:5),Blodprodukter blodrätter,0.0,g
1433,Blodbröd paltbröd kokt m. salt,EPA (C20:5),Blodprodukter blodrätter,0.0,g
1433,Blodbröd paltbröd kokt m. salt,Arakidonsyra C20:4,Blodprodukter blodrätter,0.0,g
1433,Blodbröd paltbröd kokt m. salt,Arakidinsyra C20:0,Blodprodukter blodrätter,0.0,g
1433,Blodbröd paltbröd kokt m. salt,Linolensyra C18:3,Blodprodukter blodrätter,0.1,g
1433,Blodbröd paltbröd kokt m. salt,Linolsyra C18:2,Blodprodukter blodrätter,0.3,g
1433,Blodbröd paltbröd kokt m. salt,Oljesyra C18:1,Blodprodukter blodrätter,0.3,g
1433,Blodbröd paltbröd kokt m. salt,Stearinsyra C18:0,Blodprodukter blodrätter,0.0,g
1433,Blodbröd paltbröd kokt m. salt,Palmitoljesyra C16:1,Blodprodukter blodrätter,0.0,g
1433,Blodbröd paltbröd kokt m. salt,Palmitinsyra C16:0,Blodprodukter blodrätter,0.1,g
1433,Blodbröd paltbröd kokt m. salt,Myristinsyra C14:0,Blodprodukter blodrätter,0.0,g
1433,Blodbröd paltbröd kokt m. salt,Laurinsyra C12:0,Blodprodukter blodrätter,0.0,g
1433,Blodbröd paltbröd kokt m. salt,Betakaroten/β-Karoten,Blodprodukter blodrätter,0.0,µg
1433,Blodbröd paltbröd kokt m. salt,Avfall (skal etc.),Blodprodukter blodrätter,0.0,%
1433,Blodbröd paltbröd kokt m. salt,Aska,Blodprodukter blodrätter,1.4,g
1433,Blodbröd paltbröd kokt m. salt,Alkohol,Blodprodukter blodrätter,0.0,g
1434,Lamm bräss rå,"Zink, Zn",Inälvor och organ,1.9,mg
1434,Lamm bräss rå,Vitamin E,Inälvor och organ,0.4,mg
1434,Lamm bräss rå,Vitamin D,Inälvor och organ,0.4,µg
1434,Lamm bräss rå,Vitamin C,Inälvor och organ,18.0,mg
1434,Lamm bräss rå,Vitamin B6,Inälvor och organ,0.03,mg
1434,Lamm bräss rå,Vitamin B12,Inälvor och organ,6.0,µg
1434,Lamm bräss rå,Vitamin A,Inälvor och organ,7.0,RE/µg
1434,Lamm bräss rå,Vatten,Inälvor och organ,75.6,g
1434,Lamm bräss rå,Tiamin,Inälvor och organ,0.03,mg
1434,Lamm bräss rå,Tillsatt socker,Inälvor och organ,0.0,g
1434,Lamm bräss rå,Fritt socker,Inälvor och organ,0.0,g
1434,Lamm bräss rå,"Selen, Se",Inälvor och organ,3.0,µg
1434,Lamm bräss rå,Sackaros,Inälvor och organ,0.0,g
1434,Lamm bräss rå,Riboflavin,Inälvor och organ,0.25,mg
1434,Lamm bräss rå,Retinol,Inälvor och organ,7.0,µg
1434,Lamm bräss rå,Protein,Inälvor och organ,15.3,g
1434,Lamm bräss rå,Summa fleromättade fettsyror,Inälvor och organ,0.4,g
1434,Lamm bräss rå,"Fosfor, P",Inälvor och organ,400.0,mg
1434,Lamm bräss rå,Niacinekvivalenter,Inälvor och organ,6.51,NE/mg
1434,Lamm bräss rå,Niacin,Inälvor och organ,3.7,mg
1434,Lamm bräss rå,"Salt, NaCl",Inälvor och organ,0.2,g
1434,Lamm bräss rå,"Natrium, Na",Inälvor och organ,75.0,mg
1434,Lamm bräss rå,Monosackarider,Inälvor och organ,0.0,g
1434,Lamm bräss rå,"Sockerarter, totalt",Inälvor och organ,0.0,g
1434,Lamm bräss rå,Summa enkelomättade fettsyror,Inälvor och organ,3.0,g
1434,Lamm bräss rå,"Magnesium, Mg",Inälvor och organ,21.0,mg
1434,Lamm bräss rå,Summa mättade fettsyror,Inälvor och organ,3.8,g
1434,Lamm bräss rå,"Kolhydrater, tillgängliga",Inälvor och organ,0.0,g
1434,Lamm bräss rå,Kolesterol,Inälvor och organ,250.0,mg
1434,Lamm bräss rå,"Kalium, K",Inälvor och organ,420.0,mg
1434,Lamm bräss rå,"Jod, I",Inälvor och organ,1.9,µg
1434,Lamm bräss rå,Fullkorn totalt,Inälvor och organ,0.0,g
1434,Lamm bräss rå,"Folat, totalt",Inälvor och organ,13.0,µg
1434,Lamm bräss rå,Fibrer,Inälvor och organ,0.0,g
1434,Lamm bräss rå,"Fett, totalt",Inälvor och organ,7.8,g
1434,Lamm bräss rå,"Järn, Fe",Inälvor och organ,1.7,mg
1434,Lamm bräss rå,Energi (kJ),Inälvor och organ,549.0,kJ
1434,Lamm bräss rå,Energi (kcal),Inälvor och organ,131.0,kcal
1434,Lamm bräss rå,Disackarider,Inälvor och organ,0.0,g
1434,Lamm bräss rå,"Kalcium, Ca",Inälvor och organ,8.0,mg
1434,Lamm bräss rå,Fettsyra 4:0-10:0,Inälvor och organ,0.0,g
1434,Lamm bräss rå,DHA (C22:6),Inälvor och organ,0.0,g
1434,Lamm bräss rå,DPA (C22:5),Inälvor och organ,0.0,g
1434,Lamm bräss rå,EPA (C20:5),Inälvor och organ,0.0,g
1434,Lamm bräss rå,Arakidonsyra C20:4,Inälvor och organ,0.1,g
1434,Lamm bräss rå,Arakidinsyra C20:0,Inälvor och organ,0.0,g
1434,Lamm bräss rå,Linolensyra C18:3,Inälvor och organ,0.2,g
1434,Lamm bräss rå,Linolsyra C18:2,Inälvor och organ,0.2,g
1434,Lamm bräss rå,Oljesyra C18:1,Inälvor och organ,2.8,g
1434,Lamm bräss rå,Stearinsyra C18:0,Inälvor och organ,1.7,g
1434,Lamm bräss rå,Palmitoljesyra C16:1,Inälvor och organ,0.2,g
1434,Lamm bräss rå,Palmitinsyra C16:0,Inälvor och organ,1.6,g
1434,Lamm bräss rå,Myristinsyra C14:0,Inälvor och organ,0.4,g
1434,Lamm bräss rå,Laurinsyra C12:0,Inälvor och organ,0.0,g
1434,Lamm bräss rå,Betakaroten/β-Karoten,Inälvor och organ,0.0,µg
1434,Lamm bräss rå,Avfall (skal etc.),Inälvor och organ,0.0,%
1434,Lamm bräss rå,Aska,Inälvor och organ,1.3,g
1434,Lamm bräss rå,Alkohol,Inälvor och organ,0.0,g
1435,Lamm hjärta rå,"Zink, Zn",Inälvor och organ,2.0,mg
1435,Lamm hjärta rå,Vitamin E,Inälvor och organ,0.4,mg
1435,Lamm hjärta rå,Vitamin D,Inälvor och organ,0.4,µg
1435,Lamm hjärta rå,Vitamin C,Inälvor och organ,7.0,mg
1435,Lamm hjärta rå,Vitamin B6,Inälvor och organ,0.29,mg
1435,Lamm hjärta rå,Vitamin B12,Inälvor och organ,8.0,µg
1435,Lamm hjärta rå,Vitamin A,Inälvor och organ,7.0,RE/µg
1435,Lamm hjärta rå,Vatten,Inälvor och organ,76.3,g
1435,Lamm hjärta rå,Tiamin,Inälvor och organ,0.48,mg
1435,Lamm hjärta rå,Tillsatt socker,Inälvor och organ,0.0,g
1435,Lamm hjärta rå,Fritt socker,Inälvor och organ,0.0,g
1435,Lamm hjärta rå,"Selen, Se",Inälvor och organ,3.0,µg
1435,Lamm hjärta rå,Sackaros,Inälvor och organ,0.0,g
1435,Lamm hjärta rå,Riboflavin,Inälvor och organ,0.9,mg
1435,Lamm hjärta rå,Retinol,Inälvor och organ,7.0,µg
1435,Lamm hjärta rå,Protein,Inälvor och organ,17.1,g
1435,Lamm hjärta rå,Summa fleromättade fettsyror,Inälvor och organ,0.5,g
1435,Lamm hjärta rå,"Fosfor, P",Inälvor och organ,210.0,mg
1435,Lamm hjärta rå,Niacinekvivalenter,Inälvor och organ,10.04,NE/mg
1435,Lamm hjärta rå,Niacin,Inälvor och organ,6.9,mg
1435,Lamm hjärta rå,"Salt, NaCl",Inälvor och organ,0.4,g
1435,Lamm hjärta rå,"Natrium, Na",Inälvor och organ,140.0,mg
1435,Lamm hjärta rå,Monosackarider,Inälvor och organ,0.0,g
1435,Lamm hjärta rå,"Sockerarter, totalt",Inälvor och organ,0.0,g
1435,Lamm hjärta rå,Summa enkelomättade fettsyror,Inälvor och organ,1.7,g
1435,Lamm hjärta rå,"Magnesium, Mg",Inälvor och organ,21.0,mg
1435,Lamm hjärta rå,Summa mättade fettsyror,Inälvor och organ,2.2,g
1435,Lamm hjärta rå,"Kolhydrater, tillgängliga",Inälvor och organ,0.0,g
1435,Lamm hjärta rå,Kolesterol,Inälvor och organ,140.0,mg
1435,Lamm hjärta rå,"Kalium, K",Inälvor och organ,280.0,mg
1435,Lamm hjärta rå,"Jod, I",Inälvor och organ,1.9,µg
1435,Lamm hjärta rå,Fullkorn totalt,Inälvor och organ,0.0,g
1435,Lamm hjärta rå,"Folat, totalt",Inälvor och organ,20.0,µg
1435,Lamm hjärta rå,Fibrer,Inälvor och organ,0.0,g
1435,Lamm hjärta rå,"Fett, totalt",Inälvor och organ,5.6,g
1435,Lamm hjärta rå,"Järn, Fe",Inälvor och organ,3.6,mg
1435,Lamm hjärta rå,Energi (kJ),Inälvor och organ,498.0,kJ
1435,Lamm hjärta rå,Energi (kcal),Inälvor och organ,119.0,kcal
1435,Lamm hjärta rå,Disackarider,Inälvor och organ,0.0,g
1435,Lamm hjärta rå,"Kalcium, Ca",Inälvor och organ,7.0,mg
1435,Lamm hjärta rå,Fettsyra 4:0-10:0,Inälvor och organ,0.0,g
1435,Lamm hjärta rå,DHA (C22:6),Inälvor och organ,0.0,g
1435,Lamm hjärta rå,DPA (C22:5),Inälvor och organ,0.0,g
1435,Lamm hjärta rå,EPA (C20:5),Inälvor och organ,0.0,g
1435,Lamm hjärta rå,Arakidonsyra C20:4,Inälvor och organ,0.1,g
1435,Lamm hjärta rå,Arakidinsyra C20:0,Inälvor och organ,0.0,g
1435,Lamm hjärta rå,Linolensyra C18:3,Inälvor och organ,0.1,g
1435,Lamm hjärta rå,Linolsyra C18:2,Inälvor och organ,0.3,g
1435,Lamm hjärta rå,Oljesyra C18:1,Inälvor och organ,1.5,g
1435,Lamm hjärta rå,Stearinsyra C18:0,Inälvor och organ,1.1,g
1435,Lamm hjärta rå,Palmitoljesyra C16:1,Inälvor och organ,0.1,g
1435,Lamm hjärta rå,Palmitinsyra C16:0,Inälvor och organ,0.9,g
1435,Lamm hjärta rå,Myristinsyra C14:0,Inälvor och organ,0.2,g
1435,Lamm hjärta rå,Laurinsyra C12:0,Inälvor och organ,0.0,g
1435,Lamm hjärta rå,Betakaroten/β-Karoten,Inälvor och organ,0.0,µg
1435,Lamm hjärta rå,Avfall (skal etc.),Inälvor och organ,22.0,%
1435,Lamm hjärta rå,Aska,Inälvor och organ,1.0,g
1435,Lamm hjärta rå,Alkohol,Inälvor och organ,0.0,g
1436,Lamm lever rå,"Zink, Zn",Inälvor och organ,4.7,mg
1436,Lamm lever rå,Vitamin E,Inälvor och organ,0.5,mg
1436,Lamm lever rå,Vitamin D,Inälvor och organ,0.5,µg
1436,Lamm lever rå,Vitamin C,Inälvor och organ,33.0,mg
1436,Lamm lever rå,Vitamin B6,Inälvor och organ,0.42,mg
1436,Lamm lever rå,Vitamin B12,Inälvor och organ,84.0,µg
1436,Lamm lever rå,Vitamin A,Inälvor och organ,49014.3,RE/µg
1436,Lamm lever rå,Vatten,Inälvor och organ,68.0,g
1436,Lamm lever rå,Tiamin,Inälvor och organ,0.23,mg
1436,Lamm lever rå,Tillsatt socker,Inälvor och organ,0.0,g
1436,Lamm lever rå,Fritt socker,Inälvor och organ,0.0,g
1436,Lamm lever rå,"Selen, Se",Inälvor och organ,9.0,µg
1436,Lamm lever rå,Sackaros,Inälvor och organ,0.0,g
1436,Lamm lever rå,Riboflavin,Inälvor och organ,2.4,mg
1436,Lamm lever rå,Retinol,Inälvor och organ,49000.0,µg
1436,Lamm lever rå,Protein,Inälvor och organ,22.0,g
1436,Lamm lever rå,Summa fleromättade fettsyror,Inälvor och organ,1.0,g
1436,Lamm lever rå,"Fosfor, P",Inälvor och organ,435.0,mg
1436,Lamm lever rå,Niacinekvivalenter,Inälvor och organ,19.03,NE/mg
1436,Lamm lever rå,Niacin,Inälvor och organ,15.0,mg
1436,Lamm lever rå,"Salt, NaCl",Inälvor och organ,0.2,g
1436,Lamm lever rå,"Natrium, Na",Inälvor och organ,76.0,mg
1436,Lamm lever rå,Monosackarider,Inälvor och organ,0.0,g
1436,Lamm lever rå,"Sockerarter, totalt",Inälvor och organ,0.0,g
1436,Lamm lever rå,Summa enkelomättade fettsyror,Inälvor och organ,1.0,g
1436,Lamm lever rå,"Magnesium, Mg",Inälvor och organ,19.0,mg
1436,Lamm lever rå,Summa mättade fettsyror,Inälvor och organ,1.8,g
1436,Lamm lever rå,"Kolhydrater, tillgängliga",Inälvor och organ,3.2,g
1436,Lamm lever rå,Kolesterol,Inälvor och organ,300.0,mg
1436,Lamm lever rå,"Kalium, K",Inälvor och organ,290.0,mg
1436,Lamm lever rå,"Jod, I",Inälvor och organ,7.0,µg
1436,Lamm lever rå,Fullkorn totalt,Inälvor och organ,0.0,g
1436,Lamm lever rå,"Folat, totalt",Inälvor och organ,2000.0,µg
1436,Lamm lever rå,Fibrer,Inälvor och organ,0.0,g
1436,Lamm lever rå,"Fett, totalt",Inälvor och organ,5.3,g
1436,Lamm lever rå,"Järn, Fe",Inälvor och organ,4.9,mg
1436,Lamm lever rå,Energi (kJ),Inälvor och organ,624.0,kJ
1436,Lamm lever rå,Energi (kcal),Inälvor och organ,149.0,kcal
1436,Lamm lever rå,Disackarider,Inälvor och organ,0.0,g
1436,Lamm lever rå,"Kalcium, Ca",Inälvor och organ,5.0,mg
1436,Lamm lever rå,Fettsyra 4:0-10:0,Inälvor och organ,0.0,g
1436,Lamm lever rå,DHA (C22:6),Inälvor och organ,0.0,g
1436,Lamm lever rå,DPA (C22:5),Inälvor och organ,0.2,g
1436,Lamm lever rå,EPA (C20:5),Inälvor och organ,0.1,g
1436,Lamm lever rå,Arakidonsyra C20:4,Inälvor och organ,0.2,g
1436,Lamm lever rå,Arakidinsyra C20:0,Inälvor och organ,0.0,g
1436,Lamm lever rå,Linolensyra C18:3,Inälvor och organ,0.2,g
1436,Lamm lever rå,Linolsyra C18:2,Inälvor och organ,0.3,g
1436,Lamm lever rå,Oljesyra C18:1,Inälvor och organ,0.9,g
1436,Lamm lever rå,Stearinsyra C18:0,Inälvor och organ,1.0,g
1436,Lamm lever rå,Palmitoljesyra C16:1,Inälvor och organ,0.1,g
1436,Lamm lever rå,Palmitinsyra C16:0,Inälvor och organ,0.7,g
1436,Lamm lever rå,Myristinsyra C14:0,Inälvor och organ,0.0,g
1436,Lamm lever rå,Laurinsyra C12:0,Inälvor och organ,0.0,g
1436,Lamm lever rå,Betakaroten/β-Karoten,Inälvor och organ,172.0,µg
1436,Lamm lever rå,Avfall (skal etc.),Inälvor och organ,9.0,%
1436,Lamm lever rå,Aska,Inälvor och organ,1.5,g
1436,Lamm lever rå,Alkohol,Inälvor och organ,0.0,g
1437,Lamm njure rå,"Zink, Zn",Inälvor och organ,2.6,mg
1437,Lamm njure rå,Vitamin E,Inälvor och organ,0.4,mg
1437,Lamm njure rå,Vitamin D,Inälvor och organ,0.4,µg
1437,Lamm njure rå,Vitamin C,Inälvor och organ,15.0,mg
1437,Lamm njure rå,Vitamin B6,Inälvor och organ,0.3,mg
1437,Lamm njure rå,Vitamin B12,Inälvor och organ,63.0,µg
1437,Lamm njure rå,Vitamin A,Inälvor och organ,107.5,RE/µg
1437,Lamm njure rå,Vatten,Inälvor och organ,79.1,g
1437,Lamm njure rå,Tiamin,Inälvor och organ,0.68,mg
1437,Lamm njure rå,Tillsatt socker,Inälvor och organ,0.0,g
1437,Lamm njure rå,Fritt socker,Inälvor och organ,0.0,g
1437,Lamm njure rå,"Selen, Se",Inälvor och organ,66.0,µg
1437,Lamm njure rå,Sackaros,Inälvor och organ,0.0,g
1437,Lamm njure rå,Riboflavin,Inälvor och organ,2.4,mg
1437,Lamm njure rå,Retinol,Inälvor och organ,107.0,µg
1437,Lamm njure rå,Protein,Inälvor och organ,16.2,g
1437,Lamm njure rå,Summa fleromättade fettsyror,Inälvor och organ,0.5,g
1437,Lamm njure rå,"Fosfor, P",Inälvor och organ,250.0,mg
1437,Lamm njure rå,Niacinekvivalenter,Inälvor och organ,10.37,NE/mg
1437,Lamm njure rå,Niacin,Inälvor och organ,7.4,mg
1437,Lamm njure rå,"Salt, NaCl",Inälvor och organ,0.5,g
1437,Lamm njure rå,"Natrium, Na",Inälvor och organ,190.0,mg
1437,Lamm njure rå,Monosackarider,Inälvor och organ,0.0,g
1437,Lamm njure rå,"Sockerarter, totalt",Inälvor och organ,0.0,g
1437,Lamm njure rå,Summa enkelomättade fettsyror,Inälvor och organ,0.8,g
1437,Lamm njure rå,"Magnesium, Mg",Inälvor och organ,17.0,mg
1437,Lamm njure rå,Summa mättade fettsyror,Inälvor och organ,1.2,g
1437,Lamm njure rå,"Kolhydrater, tillgängliga",Inälvor och organ,0.0,g
1437,Lamm njure rå,Kolesterol,Inälvor och organ,375.0,mg
1437,Lamm njure rå,"Kalium, K",Inälvor och organ,250.0,mg
1437,Lamm njure rå,"Jod, I",Inälvor och organ,4.6,µg
1437,Lamm njure rå,Fullkorn totalt,Inälvor och organ,0.0,g
1437,Lamm njure rå,"Folat, totalt",Inälvor och organ,31.0,µg
1437,Lamm njure rå,Fibrer,Inälvor och organ,0.0,g
1437,Lamm njure rå,"Fett, totalt",Inälvor och organ,3.4,g
1437,Lamm njure rå,"Järn, Fe",Inälvor och organ,4.3,mg
1437,Lamm njure rå,Energi (kJ),Inälvor och organ,401.0,kJ
1437,Lamm njure rå,Energi (kcal),Inälvor och organ,96.0,kcal
1437,Lamm njure rå,Disackarider,Inälvor och organ,0.0,g
1437,Lamm njure rå,"Kalcium, Ca",Inälvor och organ,15.0,mg
1437,Lamm njure rå,Fettsyra 4:0-10:0,Inälvor och organ,0.0,g
1437,Lamm njure rå,DHA (C22:6),Inälvor och organ,0.0,g
1437,Lamm njure rå,DPA (C22:5),Inälvor och organ,0.0,g
1437,Lamm njure rå,EPA (C20:5),Inälvor och organ,0.0,g
1437,Lamm njure rå,Arakidonsyra C20:4,Inälvor och organ,0.2,g
1437,Lamm njure rå,Arakidinsyra C20:0,Inälvor och organ,0.0,g
1437,Lamm njure rå,Linolensyra C18:3,Inälvor och organ,0.1,g
1437,Lamm njure rå,Linolsyra C18:2,Inälvor och organ,0.2,g
1437,Lamm njure rå,Oljesyra C18:1,Inälvor och organ,0.7,g
1437,Lamm njure rå,Stearinsyra C18:0,Inälvor och organ,0.6,g
1437,Lamm njure rå,Palmitoljesyra C16:1,Inälvor och organ,0.0,g
1437,Lamm njure rå,Palmitinsyra C16:0,Inälvor och organ,0.5,g
1437,Lamm njure rå,Myristinsyra C14:0,Inälvor och organ,0.1,g
1437,Lamm njure rå,Laurinsyra C12:0,Inälvor och organ,0.0,g
1437,Lamm njure rå,Betakaroten/β-Karoten,Inälvor och organ,6.0,µg
1437,Lamm njure rå,Avfall (skal etc.),Inälvor och organ,3.0,%
1437,Lamm njure rå,Aska,Inälvor och organ,1.3,g
1437,Lamm njure rå,Alkohol,Inälvor och organ,0.0,g
1438,Lamm tunga rå,"Zink, Zn",Inälvor och organ,2.5,mg
1438,Lamm tunga rå,Vitamin E,Inälvor och organ,0.2,mg
1438,Lamm tunga rå,Vitamin D,Inälvor och organ,0.4,µg
1438,Lamm tunga rå,Vitamin C,Inälvor och organ,7.0,mg
1438,Lamm tunga rå,Vitamin B6,Inälvor och organ,0.17,mg
1438,Lamm tunga rå,Vitamin B12,Inälvor och organ,7.0,µg
1438,Lamm tunga rå,Vitamin A,Inälvor och organ,53.6,RE/µg
1438,Lamm tunga rå,Vatten,Inälvor och organ,69.0,g
1438,Lamm tunga rå,Tiamin,Inälvor och organ,0.17,mg
1438,Lamm tunga rå,Tillsatt socker,Inälvor och organ,0.0,g
1438,Lamm tunga rå,Fritt socker,Inälvor och organ,0.0,g
1438,Lamm tunga rå,"Selen, Se",Inälvor och organ,5.0,µg
1438,Lamm tunga rå,Sackaros,Inälvor och organ,0.0,g
1438,Lamm tunga rå,Riboflavin,Inälvor och organ,0.49,mg
1438,Lamm tunga rå,Retinol,Inälvor och organ,53.0,µg
1438,Lamm tunga rå,Protein,Inälvor och organ,15.3,g
1438,Lamm tunga rå,Summa fleromättade fettsyror,Inälvor och organ,1.1,g
1438,Lamm tunga rå,"Fosfor, P",Inälvor och organ,170.0,mg
1438,Lamm tunga rå,Niacinekvivalenter,Inälvor och organ,7.71,NE/mg
1438,Lamm tunga rå,Niacin,Inälvor och organ,4.9,mg
1438,Lamm tunga rå,"Salt, NaCl",Inälvor och organ,0.2,g
1438,Lamm tunga rå,"Natrium, Na",Inälvor och organ,97.0,mg
1438,Lamm tunga rå,Monosackarider,Inälvor och organ,0.0,g
1438,Lamm tunga rå,"Sockerarter, totalt",Inälvor och organ,0.0,g
1438,Lamm tunga rå,Summa enkelomättade fettsyror,Inälvor och organ,5.5,g
1438,Lamm tunga rå,"Magnesium, Mg",Inälvor och organ,21.0,mg
1438,Lamm tunga rå,Summa mättade fettsyror,Inälvor och organ,7.3,g
1438,Lamm tunga rå,"Kolhydrater, tillgängliga",Inälvor och organ,0.0,g
1438,Lamm tunga rå,Kolesterol,Inälvor och organ,180.0,mg
1438,Lamm tunga rå,"Kalium, K",Inälvor och organ,250.0,mg
1438,Lamm tunga rå,"Jod, I",Inälvor och organ,0.0,µg
1438,Lamm tunga rå,Fullkorn totalt,Inälvor och organ,0.0,g
1438,Lamm tunga rå,"Folat, totalt",Inälvor och organ,19.0,µg
1438,Lamm tunga rå,Fibrer,Inälvor och organ,0.0,g
1438,Lamm tunga rå,"Fett, totalt",Inälvor och organ,14.6,g
1438,Lamm tunga rå,"Järn, Fe",Inälvor och organ,2.2,mg
1438,Lamm tunga rå,Energi (kJ),Inälvor och organ,800.0,kJ
1438,Lamm tunga rå,Energi (kcal),Inälvor och organ,191.0,kcal
1438,Lamm tunga rå,Disackarider,Inälvor och organ,0.0,g
1438,Lamm tunga rå,"Kalcium, Ca",Inälvor och organ,6.0,mg
1438,Lamm tunga rå,Fettsyra 4:0-10:0,Inälvor och organ,0.1,g
1438,Lamm tunga rå,DHA (C22:6),Inälvor och organ,0.0,g
1438,Lamm tunga rå,DPA (C22:5),Inälvor och organ,0.0,g
1438,Lamm tunga rå,EPA (C20:5),Inälvor och organ,0.0,g
1438,Lamm tunga rå,Arakidonsyra C20:4,Inälvor och organ,0.0,g
1438,Lamm tunga rå,Arakidinsyra C20:0,Inälvor och organ,0.2,g
1438,Lamm tunga rå,Linolensyra C18:3,Inälvor och organ,0.1,g
1438,Lamm tunga rå,Linolsyra C18:2,Inälvor och organ,0.6,g
1438,Lamm tunga rå,Oljesyra C18:1,Inälvor och organ,4.9,g
1438,Lamm tunga rå,Stearinsyra C18:0,Inälvor och organ,2.4,g
1438,Lamm tunga rå,Palmitoljesyra C16:1,Inälvor och organ,0.4,g
1438,Lamm tunga rå,Palmitinsyra C16:0,Inälvor och organ,3.2,g
1438,Lamm tunga rå,Myristinsyra C14:0,Inälvor och organ,0.9,g
1438,Lamm tunga rå,Laurinsyra C12:0,Inälvor och organ,0.1,g
1438,Lamm tunga rå,Betakaroten/β-Karoten,Inälvor och organ,7.0,µg
1438,Lamm tunga rå,Avfall (skal etc.),Inälvor och organ,20.0,%
1438,Lamm tunga rå,Aska,Inälvor och organ,1.1,g
1438,Lamm tunga rå,Alkohol,Inälvor och organ,0.0,g
1439,Kalv bräss rå,"Zink, Zn",Inälvor och organ,1.0,mg
1439,Kalv bräss rå,Vitamin E,Inälvor och organ,0.4,mg
1439,Kalv bräss rå,Vitamin D,Inälvor och organ,0.3,µg
1439,Kalv bräss rå,Vitamin C,Inälvor och organ,18.0,mg
1439,Kalv bräss rå,Vitamin B6,Inälvor och organ,0.03,mg
1439,Kalv bräss rå,Vitamin B12,Inälvor och organ,2.1,µg
1439,Kalv bräss rå,Vitamin A,Inälvor och organ,53.6,RE/µg
1439,Kalv bräss rå,Vatten,Inälvor och organ,78.0,g
1439,Kalv bräss rå,Tiamin,Inälvor och organ,0.13,mg
1439,Kalv bräss rå,Tillsatt socker,Inälvor och organ,0.0,g
1439,Kalv bräss rå,Fritt socker,Inälvor och organ,0.0,g
1439,Kalv bräss rå,"Selen, Se",Inälvor och organ,6.0,µg
1439,Kalv bräss rå,Sackaros,Inälvor och organ,0.0,g
1439,Kalv bräss rå,Riboflavin,Inälvor och organ,0.17,mg
1439,Kalv bräss rå,Retinol,Inälvor och organ,53.0,µg
1439,Kalv bräss rå,Protein,Inälvor och organ,16.9,g
1439,Kalv bräss rå,Summa fleromättade fettsyror,Inälvor och organ,0.2,g
1439,Kalv bräss rå,"Fosfor, P",Inälvor och organ,550.0,mg
1439,Kalv bräss rå,Niacinekvivalenter,Inälvor och organ,5.7,NE/mg
1439,Kalv bräss rå,Niacin,Inälvor och organ,2.6,mg
1439,Kalv bräss rå,"Salt, NaCl",Inälvor och organ,0.2,g
1439,Kalv bräss rå,"Natrium, Na",Inälvor och organ,75.0,mg
1439,Kalv bräss rå,Monosackarider,Inälvor och organ,0.0,g
1439,Kalv bräss rå,"Sockerarter, totalt",Inälvor och organ,0.0,g
1439,Kalv bräss rå,Summa enkelomättade fettsyror,Inälvor och organ,1.2,g
1439,Kalv bräss rå,"Magnesium, Mg",Inälvor och organ,19.0,mg
1439,Kalv bräss rå,Summa mättade fettsyror,Inälvor och organ,1.5,g
1439,Kalv bräss rå,"Kolhydrater, tillgängliga",Inälvor och organ,0.0,g
1439,Kalv bräss rå,Kolesterol,Inälvor och organ,250.0,mg
1439,Kalv bräss rå,"Kalium, K",Inälvor och organ,400.0,mg
1439,Kalv bräss rå,"Jod, I",Inälvor och organ,0.0,µg
1439,Kalv bräss rå,Fullkorn totalt,Inälvor och organ,0.0,g
1439,Kalv bräss rå,"Folat, totalt",Inälvor och organ,13.0,µg
1439,Kalv bräss rå,Fibrer,Inälvor och organ,0.0,g
1439,Kalv bräss rå,"Fett, totalt",Inälvor och organ,3.1,g
1439,Kalv bräss rå,"Järn, Fe",Inälvor och organ,0.7,mg
1439,Kalv bräss rå,Energi (kJ),Inälvor och organ,402.0,kJ
1439,Kalv bräss rå,Energi (kcal),Inälvor och organ,96.0,kcal
1439,Kalv bräss rå,Disackarider,Inälvor och organ,0.0,g
1439,Kalv bräss rå,"Kalcium, Ca",Inälvor och organ,2.0,mg
1439,Kalv bräss rå,Fettsyra 4:0-10:0,Inälvor och organ,0.0,g
1439,Kalv bräss rå,DHA (C22:6),Inälvor och organ,0.0,g
1439,Kalv bräss rå,DPA (C22:5),Inälvor och organ,0.0,g
1439,Kalv bräss rå,EPA (C20:5),Inälvor och organ,0.0,g
1439,Kalv bräss rå,Arakidonsyra C20:4,Inälvor och organ,0.0,g
1439,Kalv bräss rå,Arakidinsyra C20:0,Inälvor och organ,0.0,g
1439,Kalv bräss rå,Linolensyra C18:3,Inälvor och organ,0.1,g
1439,Kalv bräss rå,Linolsyra C18:2,Inälvor och organ,0.1,g
1439,Kalv bräss rå,Oljesyra C18:1,Inälvor och organ,1.0,g
1439,Kalv bräss rå,Stearinsyra C18:0,Inälvor och organ,0.6,g
1439,Kalv bräss rå,Palmitoljesyra C16:1,Inälvor och organ,0.1,g
1439,Kalv bräss rå,Palmitinsyra C16:0,Inälvor och organ,0.6,g
1439,Kalv bräss rå,Myristinsyra C14:0,Inälvor och organ,0.1,g
1439,Kalv bräss rå,Laurinsyra C12:0,Inälvor och organ,0.0,g
1439,Kalv bräss rå,Betakaroten/β-Karoten,Inälvor och organ,7.0,µg
1439,Kalv bräss rå,Avfall (skal etc.),Inälvor och organ,0.0,%
1439,Kalv bräss rå,Aska,Inälvor och organ,2.0,g
1439,Kalv bräss rå,Alkohol,Inälvor och organ,0.0,g
1441,Kalv lever rå,"Zink, Zn",Inälvor och organ,3.2,mg
1441,Kalv lever rå,Vitamin E,Inälvor och organ,0.7,mg
1441,Kalv lever rå,Vitamin D,Inälvor och organ,0.25,µg
1441,Kalv lever rå,Vitamin C,Inälvor och organ,32.0,mg
1441,Kalv lever rå,Vitamin B6,Inälvor och organ,0.9,mg
1441,Kalv lever rå,Vitamin B12,Inälvor och organ,60.0,µg
1441,Kalv lever rå,Vitamin A,Inälvor och organ,6602.7,RE/µg
1441,Kalv lever rå,Vatten,Inälvor och organ,73.0,g
1441,Kalv lever rå,Tiamin,Inälvor och organ,0.23,mg
1441,Kalv lever rå,Tillsatt socker,Inälvor och organ,0.0,g
1441,Kalv lever rå,Fritt socker,Inälvor och organ,0.0,g
1441,Kalv lever rå,"Selen, Se",Inälvor och organ,15.0,µg
1441,Kalv lever rå,Sackaros,Inälvor och organ,0.0,g
1441,Kalv lever rå,Riboflavin,Inälvor och organ,4.2,mg
1441,Kalv lever rå,Retinol,Inälvor och organ,6600.0,µg
1441,Kalv lever rå,Protein,Inälvor och organ,19.4,g
1441,Kalv lever rå,Summa fleromättade fettsyror,Inälvor och organ,0.6,g
1441,Kalv lever rå,"Fosfor, P",Inälvor och organ,340.0,mg
1441,Kalv lever rå,Niacinekvivalenter,Inälvor och organ,16.86,NE/mg
1441,Kalv lever rå,Niacin,Inälvor och organ,13.3,mg
1441,Kalv lever rå,"Salt, NaCl",Inälvor och organ,0.2,g
1441,Kalv lever rå,"Natrium, Na",Inälvor och organ,76.0,mg
1441,Kalv lever rå,Monosackarider,Inälvor och organ,0.0,g
1441,Kalv lever rå,"Sockerarter, totalt",Inälvor och organ,0.0,g
1441,Kalv lever rå,Summa enkelomättade fettsyror,Inälvor och organ,0.8,g
1441,Kalv lever rå,"Magnesium, Mg",Inälvor och organ,20.0,mg
1441,Kalv lever rå,Summa mättade fettsyror,Inälvor och organ,1.1,g
1441,Kalv lever rå,"Kolhydrater, tillgängliga",Inälvor och organ,2.8,g
1441,Kalv lever rå,Kolesterol,Inälvor och organ,300.0,mg
1441,Kalv lever rå,"Kalium, K",Inälvor och organ,310.0,mg
1441,Kalv lever rå,"Jod, I",Inälvor och organ,4.3,µg
1441,Kalv lever rå,Fullkorn totalt,Inälvor och organ,0.0,g
1441,Kalv lever rå,"Folat, totalt",Inälvor och organ,1790.0,µg
1441,Kalv lever rå,Fibrer,Inälvor och organ,0.0,g
1441,Kalv lever rå,"Fett, totalt",Inälvor och organ,3.3,g
1441,Kalv lever rå,"Järn, Fe",Inälvor och organ,8.7,mg
1441,Kalv lever rå,Energi (kJ),Inälvor och organ,500.0,kJ
1441,Kalv lever rå,Energi (kcal),Inälvor och organ,119.0,kcal
1441,Kalv lever rå,Disackarider,Inälvor och organ,0.0,g
1441,Kalv lever rå,"Kalcium, Ca",Inälvor och organ,10.0,mg
1441,Kalv lever rå,Fettsyra 4:0-10:0,Inälvor och organ,0.0,g
1441,Kalv lever rå,DHA (C22:6),Inälvor och organ,0.0,g
1441,Kalv lever rå,DPA (C22:5),Inälvor och organ,0.0,g
1441,Kalv lever rå,EPA (C20:5),Inälvor och organ,0.0,g
1441,Kalv lever rå,Arakidonsyra C20:4,Inälvor och organ,0.1,g
1441,Kalv lever rå,Arakidinsyra C20:0,Inälvor och organ,0.0,g
1441,Kalv lever rå,Linolensyra C18:3,Inälvor och organ,0.0,g
1441,Kalv lever rå,Linolsyra C18:2,Inälvor och organ,0.2,g
1441,Kalv lever rå,Oljesyra C18:1,Inälvor och organ,0.7,g
1441,Kalv lever rå,Stearinsyra C18:0,Inälvor och organ,0.6,g
1441,Kalv lever rå,Palmitoljesyra C16:1,Inälvor och organ,0.1,g
1441,Kalv lever rå,Palmitinsyra C16:0,Inälvor och organ,0.5,g
1441,Kalv lever rå,Myristinsyra C14:0,Inälvor och organ,0.0,g
1441,Kalv lever rå,Laurinsyra C12:0,Inälvor och organ,0.0,g
1441,Kalv lever rå,Betakaroten/β-Karoten,Inälvor och organ,32.0,µg
1441,Kalv lever rå,Avfall (skal etc.),Inälvor och organ,8.0,%
1441,Kalv lever rå,Aska,Inälvor och organ,1.5,g
1441,Kalv lever rå,Alkohol,Inälvor och organ,0.0,g
1442,Kalv njure rå,"Zink, Zn",Inälvor och organ,1.9,mg
1442,Kalv njure rå,Vitamin E,Inälvor och organ,0.3,mg
1442,Kalv njure rå,Vitamin D,Inälvor och organ,1.0,µg
1442,Kalv njure rå,Vitamin C,Inälvor och organ,17.0,mg
1442,Kalv njure rå,Vitamin B6,Inälvor och organ,0.5,mg
1442,Kalv njure rå,Vitamin B12,Inälvor och organ,23.0,µg
1442,Kalv njure rå,Vitamin A,Inälvor och organ,71.7,RE/µg
1442,Kalv njure rå,Vatten,Inälvor och organ,77.0,g
1442,Kalv njure rå,Tiamin,Inälvor och organ,0.4,mg
1442,Kalv njure rå,Tillsatt socker,Inälvor och organ,0.0,g
1442,Kalv njure rå,Fritt socker,Inälvor och organ,0.0,g
1442,Kalv njure rå,"Selen, Se",Inälvor och organ,118.0,µg
1442,Kalv njure rå,Sackaros,Inälvor och organ,0.0,g
1442,Kalv njure rå,Riboflavin,Inälvor och organ,3.4,mg
1442,Kalv njure rå,Retinol,Inälvor och organ,66.0,µg
1442,Kalv njure rå,Protein,Inälvor och organ,15.3,g
1442,Kalv njure rå,Summa fleromättade fettsyror,Inälvor och organ,0.3,g
1442,Kalv njure rå,"Fosfor, P",Inälvor och organ,245.0,mg
1442,Kalv njure rå,Niacinekvivalenter,Inälvor och organ,7.81,NE/mg
1442,Kalv njure rå,Niacin,Inälvor och organ,5.0,mg
1442,Kalv njure rå,"Salt, NaCl",Inälvor och organ,0.3,g
1442,Kalv njure rå,"Natrium, Na",Inälvor och organ,111.0,mg
1442,Kalv njure rå,Monosackarider,Inälvor och organ,0.0,g
1442,Kalv njure rå,"Sockerarter, totalt",Inälvor och organ,0.0,g
1442,Kalv njure rå,Summa enkelomättade fettsyror,Inälvor och organ,1.5,g
1442,Kalv njure rå,"Magnesium, Mg",Inälvor och organ,18.0,mg
1442,Kalv njure rå,Summa mättade fettsyror,Inälvor och organ,2.4,g
1442,Kalv njure rå,"Kolhydrater, tillgängliga",Inälvor och organ,0.7,g
1442,Kalv njure rå,Kolesterol,Inälvor och organ,375.0,mg
1442,Kalv njure rå,"Kalium, K",Inälvor och organ,225.0,mg
1442,Kalv njure rå,"Jod, I",Inälvor och organ,4.2,µg
1442,Kalv njure rå,Fullkorn totalt,Inälvor och organ,0.0,g
1442,Kalv njure rå,"Folat, totalt",Inälvor och organ,80.0,µg
1442,Kalv njure rå,Fibrer,Inälvor och organ,0.0,g
1442,Kalv njure rå,"Fett, totalt",Inälvor och organ,5.8,g
1442,Kalv njure rå,"Järn, Fe",Inälvor och organ,6.2,mg
1442,Kalv njure rå,Energi (kJ),Inälvor och organ,487.0,kJ
1442,Kalv njure rå,Energi (kcal),Inälvor och organ,116.0,kcal
1442,Kalv njure rå,Disackarider,Inälvor och organ,0.0,g
1442,Kalv njure rå,"Kalcium, Ca",Inälvor och organ,13.0,mg
1442,Kalv njure rå,Fettsyra 4:0-10:0,Inälvor och organ,0.0,g
1442,Kalv njure rå,DHA (C22:6),Inälvor och organ,0.0,g
1442,Kalv njure rå,DPA (C22:5),Inälvor och organ,0.0,g
1442,Kalv njure rå,EPA (C20:5),Inälvor och organ,0.0,g
1442,Kalv njure rå,Arakidonsyra C20:4,Inälvor och organ,0.1,g
1442,Kalv njure rå,Arakidinsyra C20:0,Inälvor och organ,0.0,g
1442,Kalv njure rå,Linolensyra C18:3,Inälvor och organ,0.0,g
1442,Kalv njure rå,Linolsyra C18:2,Inälvor och organ,0.2,g
1442,Kalv njure rå,Oljesyra C18:1,Inälvor och organ,1.3,g
1442,Kalv njure rå,Stearinsyra C18:0,Inälvor och organ,1.2,g
1442,Kalv njure rå,Palmitoljesyra C16:1,Inälvor och organ,0.1,g
1442,Kalv njure rå,Palmitinsyra C16:0,Inälvor och organ,1.1,g
1442,Kalv njure rå,Myristinsyra C14:0,Inälvor och organ,0.1,g
1442,Kalv njure rå,Laurinsyra C12:0,Inälvor och organ,0.0,g
1442,Kalv njure rå,Betakaroten/β-Karoten,Inälvor och organ,68.0,µg
1442,Kalv njure rå,Avfall (skal etc.),Inälvor och organ,10.0,%
1442,Kalv njure rå,Aska,Inälvor och organ,1.2,g
1442,Kalv njure rå,Alkohol,Inälvor och organ,0.0,g
1443,Kalv tunga rå,"Zink, Zn",Inälvor och organ,3.4,mg
1443,Kalv tunga rå,Vitamin E,Inälvor och organ,0.2,mg
1443,Kalv tunga rå,Vitamin D,Inälvor och organ,0.3,µg
1443,Kalv tunga rå,Vitamin C,Inälvor och organ,0.0,mg
1443,Kalv tunga rå,Vitamin B6,Inälvor och organ,0.12,mg
1443,Kalv tunga rå,Vitamin B12,Inälvor och organ,4.0,µg
1443,Kalv tunga rå,Vitamin A,Inälvor och organ,11.6,RE/µg
1443,Kalv tunga rå,Vatten,Inälvor och organ,73.0,g
1443,Kalv tunga rå,Tiamin,Inälvor och organ,0.08,mg
1443,Kalv tunga rå,Tillsatt socker,Inälvor och organ,0.0,g
1443,Kalv tunga rå,Fritt socker,Inälvor och organ,0.0,g
1443,Kalv tunga rå,"Selen, Se",Inälvor och organ,2.0,µg
1443,Kalv tunga rå,Sackaros,Inälvor och organ,0.0,g
1443,Kalv tunga rå,Riboflavin,Inälvor och organ,0.28,mg
1443,Kalv tunga rå,Retinol,Inälvor och organ,10.0,µg
1443,Kalv tunga rå,Protein,Inälvor och organ,16.2,g
1443,Kalv tunga rå,Summa fleromättade fettsyror,Inälvor och organ,0.4,g
1443,Kalv tunga rå,"Fosfor, P",Inälvor och organ,185.0,mg
1443,Kalv tunga rå,Niacinekvivalenter,Inälvor och organ,5.97,NE/mg
1443,Kalv tunga rå,Niacin,Inälvor och organ,3.0,mg
1443,Kalv tunga rå,"Salt, NaCl",Inälvor och organ,0.2,g
1443,Kalv tunga rå,"Natrium, Na",Inälvor och organ,93.0,mg
1443,Kalv tunga rå,Monosackarider,Inälvor och organ,0.0,g
1443,Kalv tunga rå,"Sockerarter, totalt",Inälvor och organ,0.0,g
1443,Kalv tunga rå,Summa enkelomättade fettsyror,Inälvor och organ,4.6,g
1443,Kalv tunga rå,"Magnesium, Mg",Inälvor och organ,17.0,mg
1443,Kalv tunga rå,Summa mättade fettsyror,Inälvor och organ,4.0,g
1443,Kalv tunga rå,"Kolhydrater, tillgängliga",Inälvor och organ,0.0,g
1443,Kalv tunga rå,Kolesterol,Inälvor och organ,100.0,mg
1443,Kalv tunga rå,"Kalium, K",Inälvor och organ,240.0,mg
1443,Kalv tunga rå,"Jod, I",Inälvor och organ,2.3,µg
1443,Kalv tunga rå,Fullkorn totalt,Inälvor och organ,0.0,g
1443,Kalv tunga rå,"Folat, totalt",Inälvor och organ,19.0,µg
1443,Kalv tunga rå,Fibrer,Inälvor och organ,0.0,g
1443,Kalv tunga rå,"Fett, totalt",Inälvor och organ,9.8,g
1443,Kalv tunga rå,"Järn, Fe",Inälvor och organ,2.0,mg
1443,Kalv tunga rå,Energi (kJ),Inälvor och organ,638.0,kJ
1443,Kalv tunga rå,Energi (kcal),Inälvor och organ,152.0,kcal
1443,Kalv tunga rå,Disackarider,Inälvor och organ,0.0,g
1443,Kalv tunga rå,"Kalcium, Ca",Inälvor och organ,9.0,mg
1443,Kalv tunga rå,Fettsyra 4:0-10:0,Inälvor och organ,0.0,g
1443,Kalv tunga rå,DHA (C22:6),Inälvor och organ,0.0,g
1443,Kalv tunga rå,DPA (C22:5),Inälvor och organ,0.0,g
1443,Kalv tunga rå,EPA (C20:5),Inälvor och organ,0.0,g
1443,Kalv tunga rå,Arakidonsyra C20:4,Inälvor och organ,0.1,g
1443,Kalv tunga rå,Arakidinsyra C20:0,Inälvor och organ,0.0,g
1443,Kalv tunga rå,Linolensyra C18:3,Inälvor och organ,0.1,g
1443,Kalv tunga rå,Linolsyra C18:2,Inälvor och organ,0.2,g
1443,Kalv tunga rå,Oljesyra C18:1,Inälvor och organ,3.8,g
1443,Kalv tunga rå,Stearinsyra C18:0,Inälvor och organ,1.2,g
1443,Kalv tunga rå,Palmitoljesyra C16:1,Inälvor och organ,0.6,g
1443,Kalv tunga rå,Palmitinsyra C16:0,Inälvor och organ,2.4,g
1443,Kalv tunga rå,Myristinsyra C14:0,Inälvor och organ,0.3,g
1443,Kalv tunga rå,Laurinsyra C12:0,Inälvor och organ,0.0,g
1443,Kalv tunga rå,Betakaroten/β-Karoten,Inälvor och organ,19.0,µg
1443,Kalv tunga rå,Avfall (skal etc.),Inälvor och organ,20.0,%
1443,Kalv tunga rå,Aska,Inälvor och organ,1.0,g
1443,Kalv tunga rå,Alkohol,Inälvor och organ,0.0,g
1444,Nöt kalv hjärta,"Zink, Zn",Inälvor och organ,1.3,mg
1444,Nöt kalv hjärta,Vitamin E,Inälvor och organ,0.3,mg
1444,Nöt kalv hjärta,Vitamin D,Inälvor och organ,1.0,µg
1444,Nöt kalv hjärta,Vitamin C,Inälvor och organ,2.0,mg
1444,Nöt kalv hjärta,Vitamin B6,Inälvor och organ,0.26,mg
1444,Nöt kalv hjärta,Vitamin B12,Inälvor och organ,10.0,µg
1444,Nöt kalv hjärta,Vitamin A,Inälvor och organ,6.0,RE/µg
1444,Nöt kalv hjärta,Vatten,Inälvor och organ,74.4,g
1444,Nöt kalv hjärta,Tiamin,Inälvor och organ,0.34,mg
1444,Nöt kalv hjärta,Tillsatt socker,Inälvor och organ,0.0,g
1444,Nöt kalv hjärta,Fritt socker,Inälvor och organ,0.0,g
1444,Nöt kalv hjärta,"Selen, Se",Inälvor och organ,9.0,µg
1444,Nöt kalv hjärta,Sackaros,Inälvor och organ,0.0,g
1444,Nöt kalv hjärta,Riboflavin,Inälvor och organ,0.75,mg
1444,Nöt kalv hjärta,Retinol,Inälvor och organ,6.0,µg
1444,Nöt kalv hjärta,Protein,Inälvor och organ,16.6,g
1444,Nöt kalv hjärta,Summa fleromättade fettsyror,Inälvor och organ,0.3,g
1444,Nöt kalv hjärta,"Fosfor, P",Inälvor och organ,160.0,mg
1444,Nöt kalv hjärta,Niacinekvivalenter,Inälvor och organ,10.54,NE/mg
1444,Nöt kalv hjärta,Niacin,Inälvor och organ,7.5,mg
1444,Nöt kalv hjärta,"Salt, NaCl",Inälvor och organ,0.2,g
1444,Nöt kalv hjärta,"Natrium, Na",Inälvor och organ,95.0,mg
1444,Nöt kalv hjärta,Monosackarider,Inälvor och organ,0.0,g
1444,Nöt kalv hjärta,"Sockerarter, totalt",Inälvor och organ,0.0,g
1444,Nöt kalv hjärta,Summa enkelomättade fettsyror,Inälvor och organ,2.7,g
1444,Nöt kalv hjärta,"Magnesium, Mg",Inälvor och organ,17.0,mg
1444,Nöt kalv hjärta,Summa mättade fettsyror,Inälvor och organ,3.2,g
1444,Nöt kalv hjärta,"Kolhydrater, tillgängliga",Inälvor och organ,0.0,g
1444,Nöt kalv hjärta,Kolesterol,Inälvor och organ,150.0,mg
1444,Nöt kalv hjärta,"Kalium, K",Inälvor och organ,240.0,mg
1444,Nöt kalv hjärta,"Jod, I",Inälvor och organ,1.8,µg
1444,Nöt kalv hjärta,Fullkorn totalt,Inälvor och organ,0.0,g
1444,Nöt kalv hjärta,"Folat, totalt",Inälvor och organ,20.0,µg
1444,Nöt kalv hjärta,Fibrer,Inälvor och organ,0.0,g
1444,Nöt kalv hjärta,"Fett, totalt",Inälvor och organ,8.0,g
1444,Nöt kalv hjärta,"Järn, Fe",Inälvor och organ,5.4,mg
1444,Nöt kalv hjärta,Energi (kJ),Inälvor och organ,578.0,kJ
1444,Nöt kalv hjärta,Energi (kcal),Inälvor och organ,138.0,kcal
1444,Nöt kalv hjärta,Disackarider,Inälvor och organ,0.0,g
1444,Nöt kalv hjärta,"Kalcium, Ca",Inälvor och organ,6.0,mg
1444,Nöt kalv hjärta,Fettsyra 4:0-10:0,Inälvor och organ,0.0,g
1444,Nöt kalv hjärta,DHA (C22:6),Inälvor och organ,0.0,g
1444,Nöt kalv hjärta,DPA (C22:5),Inälvor och organ,0.0,g
1444,Nöt kalv hjärta,EPA (C20:5),Inälvor och organ,0.0,g
1444,Nöt kalv hjärta,Arakidonsyra C20:4,Inälvor och organ,0.0,g
1444,Nöt kalv hjärta,Arakidinsyra C20:0,Inälvor och organ,0.0,g
1444,Nöt kalv hjärta,Linolensyra C18:3,Inälvor och organ,0.0,g
1444,Nöt kalv hjärta,Linolsyra C18:2,Inälvor och organ,0.2,g
1444,Nöt kalv hjärta,Oljesyra C18:1,Inälvor och organ,2.4,g
1444,Nöt kalv hjärta,Stearinsyra C18:0,Inälvor och organ,1.3,g
1444,Nöt kalv hjärta,Palmitoljesyra C16:1,Inälvor och organ,0.2,g
1444,Nöt kalv hjärta,Palmitinsyra C16:0,Inälvor och organ,1.6,g
1444,Nöt kalv hjärta,Myristinsyra C14:0,Inälvor och organ,0.2,g
1444,Nöt kalv hjärta,Laurinsyra C12:0,Inälvor och organ,0.0,g
1444,Nöt kalv hjärta,Betakaroten/β-Karoten,Inälvor och organ,0.0,µg
1444,Nöt kalv hjärta,Avfall (skal etc.),Inälvor och organ,20.0,%
1444,Nöt kalv hjärta,Aska,Inälvor och organ,1.0,g
1444,Nöt kalv hjärta,Alkohol,Inälvor och organ,0.0,g
1445,Nöt lever rå,"Zink, Zn",Inälvor och organ,4.0,mg
1445,Nöt lever rå,Vitamin E,Inälvor och organ,0.8,mg
1445,Nöt lever rå,Vitamin D,Inälvor och organ,0.13,µg
1445,Nöt lever rå,Vitamin C,Inälvor och organ,29.0,mg
1445,Nöt lever rå,Vitamin B6,Inälvor och organ,1.0,mg
1445,Nöt lever rå,Vitamin B12,Inälvor och organ,110.0,µg
1445,Nöt lever rå,Vitamin A,Inälvor och organ,14279.2,RE/µg
1445,Nöt lever rå,Vatten,Inälvor och organ,71.0,g
1445,Nöt lever rå,Tiamin,Inälvor och organ,0.29,mg
1445,Nöt lever rå,Tillsatt socker,Inälvor och organ,0.0,g
1445,Nöt lever rå,Fritt socker,Inälvor och organ,0.0,g
1445,Nöt lever rå,"Selen, Se",Inälvor och organ,15.0,µg
1445,Nöt lever rå,Sackaros,Inälvor och organ,0.0,g
1445,Nöt lever rå,Riboflavin,Inälvor och organ,4.2,mg
1445,Nöt lever rå,Retinol,Inälvor och organ,14200.0,µg
1445,Nöt lever rå,Protein,Inälvor och organ,20.0,g
1445,Nöt lever rå,Summa fleromättade fettsyror,Inälvor och organ,0.6,g
1445,Nöt lever rå,"Fosfor, P",Inälvor och organ,345.0,mg
1445,Nöt lever rå,Niacinekvivalenter,Inälvor och organ,14.87,NE/mg
1445,Nöt lever rå,Niacin,Inälvor och organ,11.2,mg
1445,Nöt lever rå,"Salt, NaCl",Inälvor och organ,0.2,g
1445,Nöt lever rå,"Natrium, Na",Inälvor och organ,82.0,mg
1445,Nöt lever rå,Monosackarider,Inälvor och organ,0.0,g
1445,Nöt lever rå,"Sockerarter, totalt",Inälvor och organ,0.0,g
1445,Nöt lever rå,Summa enkelomättade fettsyror,Inälvor och organ,0.7,g
1445,Nöt lever rå,"Magnesium, Mg",Inälvor och organ,34.0,mg
1445,Nöt lever rå,Summa mättade fettsyror,Inälvor och organ,1.0,g
1445,Nöt lever rå,"Kolhydrater, tillgängliga",Inälvor och organ,4.4,g
1445,Nöt lever rå,Kolesterol,Inälvor och organ,300.0,mg
1445,Nöt lever rå,"Kalium, K",Inälvor och organ,285.0,mg
1445,Nöt lever rå,"Jod, I",Inälvor och organ,0.0,µg
1445,Nöt lever rå,Fullkorn totalt,Inälvor och organ,0.0,g
1445,Nöt lever rå,"Folat, totalt",Inälvor och organ,2300.0,µg
1445,Nöt lever rå,Fibrer,Inälvor och organ,0.0,g
1445,Nöt lever rå,"Fett, totalt",Inälvor och organ,3.1,g
1445,Nöt lever rå,"Järn, Fe",Inälvor och organ,9.4,mg
1445,Nöt lever rå,Energi (kJ),Inälvor och organ,530.0,kJ
1445,Nöt lever rå,Energi (kcal),Inälvor och organ,127.0,kcal
1445,Nöt lever rå,Disackarider,Inälvor och organ,0.0,g
1445,Nöt lever rå,"Kalcium, Ca",Inälvor och organ,8.0,mg
1445,Nöt lever rå,Fettsyra 4:0-10:0,Inälvor och organ,0.0,g
1445,Nöt lever rå,DHA (C22:6),Inälvor och organ,0.0,g
1445,Nöt lever rå,DPA (C22:5),Inälvor och organ,0.1,g
1445,Nöt lever rå,EPA (C20:5),Inälvor och organ,0.0,g
1445,Nöt lever rå,Arakidonsyra C20:4,Inälvor och organ,0.2,g
1445,Nöt lever rå,Arakidinsyra C20:0,Inälvor och organ,0.0,g
1445,Nöt lever rå,Linolensyra C18:3,Inälvor och organ,0.0,g
1445,Nöt lever rå,Linolsyra C18:2,Inälvor och organ,0.2,g
1445,Nöt lever rå,Oljesyra C18:1,Inälvor och organ,0.5,g
1445,Nöt lever rå,Stearinsyra C18:0,Inälvor och organ,0.5,g
1445,Nöt lever rå,Palmitoljesyra C16:1,Inälvor och organ,0.1,g
1445,Nöt lever rå,Palmitinsyra C16:0,Inälvor och organ,0.5,g
1445,Nöt lever rå,Myristinsyra C14:0,Inälvor och organ,0.0,g
1445,Nöt lever rå,Laurinsyra C12:0,Inälvor och organ,0.0,g
1445,Nöt lever rå,Betakaroten/β-Karoten,Inälvor och organ,950.0,µg
1445,Nöt lever rå,Avfall (skal etc.),Inälvor och organ,7.0,%
1445,Nöt lever rå,Aska,Inälvor och organ,1.5,g
1445,Nöt lever rå,Alkohol,Inälvor och organ,0.0,g
1446,Nöt njure rå,"Zink, Zn",Inälvor och organ,1.6,mg
1446,Nöt njure rå,Vitamin E,Inälvor och organ,0.3,mg
1446,Nöt njure rå,Vitamin D,Inälvor och organ,1.0,µg
1446,Nöt njure rå,Vitamin C,Inälvor och organ,9.0,mg
1446,Nöt njure rå,Vitamin B6,Inälvor och organ,0.43,mg
1446,Nöt njure rå,Vitamin B12,Inälvor och organ,31.0,µg
1446,Nöt njure rå,Vitamin A,Inälvor och organ,210.7,RE/µg
1446,Nöt njure rå,Vatten,Inälvor och organ,77.0,g
1446,Nöt njure rå,Tiamin,Inälvor och organ,0.39,mg
1446,Nöt njure rå,Tillsatt socker,Inälvor och organ,0.0,g
1446,Nöt njure rå,Fritt socker,Inälvor och organ,0.0,g
1446,Nöt njure rå,"Selen, Se",Inälvor och organ,124.0,µg
1446,Nöt njure rå,Sackaros,Inälvor och organ,0.0,g
1446,Nöt njure rå,Riboflavin,Inälvor och organ,3.6,mg
1446,Nöt njure rå,Retinol,Inälvor och organ,205.0,µg
1446,Nöt njure rå,Protein,Inälvor och organ,15.8,g
1446,Nöt njure rå,Summa fleromättade fettsyror,Inälvor och organ,0.3,g
1446,Nöt njure rå,"Fosfor, P",Inälvor och organ,230.0,mg
1446,Nöt njure rå,Niacinekvivalenter,Inälvor och organ,11.1,NE/mg
1446,Nöt njure rå,Niacin,Inälvor och organ,8.2,mg
1446,Nöt njure rå,"Salt, NaCl",Inälvor och organ,0.5,g
1446,Nöt njure rå,"Natrium, Na",Inälvor och organ,195.0,mg
1446,Nöt njure rå,Monosackarider,Inälvor och organ,0.0,g
1446,Nöt njure rå,"Sockerarter, totalt",Inälvor och organ,0.0,g
1446,Nöt njure rå,Summa enkelomättade fettsyror,Inälvor och organ,1.3,g
1446,Nöt njure rå,"Magnesium, Mg",Inälvor och organ,10.0,mg
1446,Nöt njure rå,Summa mättade fettsyror,Inälvor och organ,2.1,g
1446,Nöt njure rå,"Kolhydrater, tillgängliga",Inälvor och organ,0.9,g
1446,Nöt njure rå,Kolesterol,Inälvor och organ,375.0,mg
1446,Nöt njure rå,"Kalium, K",Inälvor och organ,189.0,mg
1446,Nöt njure rå,"Jod, I",Inälvor och organ,4.2,µg
1446,Nöt njure rå,Fullkorn totalt,Inälvor och organ,0.0,g
1446,Nöt njure rå,"Folat, totalt",Inälvor och organ,80.0,µg
1446,Nöt njure rå,Fibrer,Inälvor och organ,0.0,g
1446,Nöt njure rå,"Fett, totalt",Inälvor och organ,5.1,g
1446,Nöt njure rå,"Järn, Fe",Inälvor och organ,7.2,mg
1446,Nöt njure rå,Energi (kJ),Inälvor och organ,473.0,kJ
1446,Nöt njure rå,Energi (kcal),Inälvor och organ,113.0,kcal
1446,Nöt njure rå,Disackarider,Inälvor och organ,0.0,g
1446,Nöt njure rå,"Kalcium, Ca",Inälvor och organ,15.0,mg
1446,Nöt njure rå,Fettsyra 4:0-10:0,Inälvor och organ,0.0,g
1446,Nöt njure rå,DHA (C22:6),Inälvor och organ,0.0,g
1446,Nöt njure rå,DPA (C22:5),Inälvor och organ,0.0,g
1446,Nöt njure rå,EPA (C20:5),Inälvor och organ,0.0,g
1446,Nöt njure rå,Arakidonsyra C20:4,Inälvor och organ,0.1,g
1446,Nöt njure rå,Arakidinsyra C20:0,Inälvor och organ,0.0,g
1446,Nöt njure rå,Linolensyra C18:3,Inälvor och organ,0.0,g
1446,Nöt njure rå,Linolsyra C18:2,Inälvor och organ,0.2,g
1446,Nöt njure rå,Oljesyra C18:1,Inälvor och organ,1.2,g
1446,Nöt njure rå,Stearinsyra C18:0,Inälvor och organ,1.0,g
1446,Nöt njure rå,Palmitoljesyra C16:1,Inälvor och organ,0.1,g
1446,Nöt njure rå,Palmitinsyra C16:0,Inälvor och organ,1.0,g
1446,Nöt njure rå,Myristinsyra C14:0,Inälvor och organ,0.1,g
1446,Nöt njure rå,Laurinsyra C12:0,Inälvor och organ,0.0,g
1446,Nöt njure rå,Betakaroten/β-Karoten,Inälvor och organ,68.0,µg
1446,Nöt njure rå,Avfall (skal etc.),Inälvor och organ,10.0,%
1446,Nöt njure rå,Aska,Inälvor och organ,1.2,g
1446,Nöt njure rå,Alkohol,Inälvor och organ,0.0,g
1447,Nöt oxtunga rå,"Zink, Zn",Inälvor och organ,3.1,mg
1447,Nöt oxtunga rå,Vitamin E,Inälvor och organ,0.3,mg
1447,Nöt oxtunga rå,Vitamin D,Inälvor och organ,0.3,µg
1447,Nöt oxtunga rå,Vitamin C,Inälvor och organ,0.0,mg
1447,Nöt oxtunga rå,Vitamin B6,Inälvor och organ,0.12,mg
1447,Nöt oxtunga rå,Vitamin B12,Inälvor och organ,4.9,µg
1447,Nöt oxtunga rå,Vitamin A,Inälvor och organ,14.0,RE/µg
1447,Nöt oxtunga rå,Vatten,Inälvor och organ,70.5,g
1447,Nöt oxtunga rå,Tiamin,Inälvor och organ,0.08,mg
1447,Nöt oxtunga rå,Tillsatt socker,Inälvor och organ,0.0,g
1447,Nöt oxtunga rå,Fritt socker,Inälvor och organ,0.0,g
1447,Nöt oxtunga rå,"Selen, Se",Inälvor och organ,9.0,µg
1447,Nöt oxtunga rå,Sackaros,Inälvor och organ,0.0,g
1447,Nöt oxtunga rå,Riboflavin,Inälvor och organ,0.34,mg
1447,Nöt oxtunga rå,Retinol,Inälvor och organ,12.0,µg
1447,Nöt oxtunga rå,Protein,Inälvor och organ,16.2,g
1447,Nöt oxtunga rå,Summa fleromättade fettsyror,Inälvor och organ,0.5,g
1447,Nöt oxtunga rå,"Fosfor, P",Inälvor och organ,175.0,mg
1447,Nöt oxtunga rå,Niacinekvivalenter,Inälvor och organ,7.97,NE/mg
1447,Nöt oxtunga rå,Niacin,Inälvor och organ,5.0,mg
1447,Nöt oxtunga rå,"Salt, NaCl",Inälvor och organ,0.2,g
1447,Nöt oxtunga rå,"Natrium, Na",Inälvor och organ,97.0,mg
1447,Nöt oxtunga rå,Monosackarider,Inälvor och organ,0.0,g
1447,Nöt oxtunga rå,"Sockerarter, totalt",Inälvor och organ,0.0,g
1447,Nöt oxtunga rå,Summa enkelomättade fettsyror,Inälvor och organ,5.0,g
1447,Nöt oxtunga rå,"Magnesium, Mg",Inälvor och organ,18.0,mg
1447,Nöt oxtunga rå,Summa mättade fettsyror,Inälvor och organ,5.9,g
1447,Nöt oxtunga rå,"Kolhydrater, tillgängliga",Inälvor och organ,0.0,g
1447,Nöt oxtunga rå,Kolesterol,Inälvor och organ,100.0,mg
1447,Nöt oxtunga rå,"Kalium, K",Inälvor och organ,295.0,mg
1447,Nöt oxtunga rå,"Jod, I",Inälvor och organ,2.3,µg
1447,Nöt oxtunga rå,Fullkorn totalt,Inälvor och organ,0.0,g
1447,Nöt oxtunga rå,"Folat, totalt",Inälvor och organ,19.0,µg
1447,Nöt oxtunga rå,Fibrer,Inälvor och organ,0.0,g
1447,Nöt oxtunga rå,"Fett, totalt",Inälvor och organ,12.4,g
1447,Nöt oxtunga rå,"Järn, Fe",Inälvor och organ,2.6,mg
1447,Nöt oxtunga rå,Energi (kJ),Inälvor och organ,734.0,kJ
1447,Nöt oxtunga rå,Energi (kcal),Inälvor och organ,176.0,kcal
1447,Nöt oxtunga rå,Disackarider,Inälvor och organ,0.0,g
1447,Nöt oxtunga rå,"Kalcium, Ca",Inälvor och organ,9.0,mg
1447,Nöt oxtunga rå,Fettsyra 4:0-10:0,Inälvor och organ,0.0,g
1447,Nöt oxtunga rå,DHA (C22:6),Inälvor och organ,0.0,g
1447,Nöt oxtunga rå,DPA (C22:5),Inälvor och organ,0.0,g
1447,Nöt oxtunga rå,EPA (C20:5),Inälvor och organ,0.0,g
1447,Nöt oxtunga rå,Arakidonsyra C20:4,Inälvor och organ,0.0,g
1447,Nöt oxtunga rå,Arakidinsyra C20:0,Inälvor och organ,0.0,g
1447,Nöt oxtunga rå,Linolensyra C18:3,Inälvor och organ,0.1,g
1447,Nöt oxtunga rå,Linolsyra C18:2,Inälvor och organ,0.3,g
1447,Nöt oxtunga rå,Oljesyra C18:1,Inälvor och organ,4.5,g
1447,Nöt oxtunga rå,Stearinsyra C18:0,Inälvor och organ,2.4,g
1447,Nöt oxtunga rå,Palmitoljesyra C16:1,Inälvor och organ,0.3,g
1447,Nöt oxtunga rå,Palmitinsyra C16:0,Inälvor och organ,3.0,g
1447,Nöt oxtunga rå,Myristinsyra C14:0,Inälvor och organ,0.3,g
1447,Nöt oxtunga rå,Laurinsyra C12:0,Inälvor och organ,0.0,g
1447,Nöt oxtunga rå,Betakaroten/β-Karoten,Inälvor och organ,24.0,µg
1447,Nöt oxtunga rå,Avfall (skal etc.),Inälvor och organ,25.0,%
1447,Nöt oxtunga rå,Aska,Inälvor och organ,0.9,g
1447,Nöt oxtunga rå,Alkohol,Inälvor och organ,0.0,g
1448,Gris hjärta rå,"Zink, Zn",Inälvor och organ,2.1,mg
1448,Gris hjärta rå,Vitamin E,Inälvor och organ,0.6,mg
1448,Gris hjärta rå,Vitamin D,Inälvor och organ,0.7,µg
1448,Gris hjärta rå,Vitamin C,Inälvor och organ,3.0,mg
1448,Gris hjärta rå,Vitamin B6,Inälvor och organ,0.5,mg
1448,Gris hjärta rå,Vitamin B12,Inälvor och organ,2.7,µg
1448,Gris hjärta rå,Vitamin A,Inälvor och organ,7.0,RE/µg
1448,Gris hjärta rå,Vatten,Inälvor och organ,76.6,g
1448,Gris hjärta rå,Tiamin,Inälvor och organ,0.44,mg
1448,Gris hjärta rå,Tillsatt socker,Inälvor och organ,0.0,g
1448,Gris hjärta rå,Fritt socker,Inälvor och organ,0.0,g
1448,Gris hjärta rå,"Selen, Se",Inälvor och organ,22.0,µg
1448,Gris hjärta rå,Sackaros,Inälvor och organ,0.0,g
1448,Gris hjärta rå,Riboflavin,Inälvor och organ,1.0,mg
1448,Gris hjärta rå,Retinol,Inälvor och organ,7.0,µg
1448,Gris hjärta rå,Protein,Inälvor och organ,16.5,g
1448,Gris hjärta rå,Summa fleromättade fettsyror,Inälvor och organ,2.0,g
1448,Gris hjärta rå,"Fosfor, P",Inälvor och organ,195.0,mg
1448,Gris hjärta rå,Niacinekvivalenter,Inälvor och organ,9.53,NE/mg
1448,Gris hjärta rå,Niacin,Inälvor och organ,6.5,mg
1448,Gris hjärta rå,"Salt, NaCl",Inälvor och organ,0.3,g
1448,Gris hjärta rå,"Natrium, Na",Inälvor och organ,107.0,mg
1448,Gris hjärta rå,Monosackarider,Inälvor och organ,0.0,g
1448,Gris hjärta rå,"Sockerarter, totalt",Inälvor och organ,0.0,g
1448,Gris hjärta rå,Summa enkelomättade fettsyror,Inälvor och organ,0.9,g
1448,Gris hjärta rå,"Magnesium, Mg",Inälvor och organ,21.0,mg
1448,Gris hjärta rå,Summa mättade fettsyror,Inälvor och organ,1.7,g
1448,Gris hjärta rå,"Kolhydrater, tillgängliga",Inälvor och organ,0.0,g
1448,Gris hjärta rå,Kolesterol,Inälvor och organ,150.0,mg
1448,Gris hjärta rå,"Kalium, K",Inälvor och organ,300.0,mg
1448,Gris hjärta rå,"Jod, I",Inälvor och organ,1.1,µg
1448,Gris hjärta rå,Fullkorn totalt,Inälvor och organ,0.0,g
1448,Gris hjärta rå,"Folat, totalt",Inälvor och organ,9.0,µg
1448,Gris hjärta rå,Fibrer,Inälvor och organ,0.0,g
1448,Gris hjärta rå,"Fett, totalt",Inälvor och organ,5.9,g
1448,Gris hjärta rå,"Järn, Fe",Inälvor och organ,4.2,mg
1448,Gris hjärta rå,Energi (kJ),Inälvor och organ,499.0,kJ
1448,Gris hjärta rå,Energi (kcal),Inälvor och organ,119.0,kcal
1448,Gris hjärta rå,Disackarider,Inälvor och organ,0.0,g
1448,Gris hjärta rå,"Kalcium, Ca",Inälvor och organ,5.0,mg
1448,Gris hjärta rå,Fettsyra 4:0-10:0,Inälvor och organ,0.0,g
1448,Gris hjärta rå,DHA (C22:6),Inälvor och organ,0.0,g
1448,Gris hjärta rå,DPA (C22:5),Inälvor och organ,0.0,g
1448,Gris hjärta rå,EPA (C20:5),Inälvor och organ,0.0,g
1448,Gris hjärta rå,Arakidonsyra C20:4,Inälvor och organ,0.5,g
1448,Gris hjärta rå,Arakidinsyra C20:0,Inälvor och organ,0.0,g
1448,Gris hjärta rå,Linolensyra C18:3,Inälvor och organ,0.0,g
1448,Gris hjärta rå,Linolsyra C18:2,Inälvor och organ,1.6,g
1448,Gris hjärta rå,Oljesyra C18:1,Inälvor och organ,0.8,g
1448,Gris hjärta rå,Stearinsyra C18:0,Inälvor och organ,0.7,g
1448,Gris hjärta rå,Palmitoljesyra C16:1,Inälvor och organ,0.0,g
1448,Gris hjärta rå,Palmitinsyra C16:0,Inälvor och organ,0.8,g
1448,Gris hjärta rå,Myristinsyra C14:0,Inälvor och organ,0.0,g
1448,Gris hjärta rå,Laurinsyra C12:0,Inälvor och organ,0.0,g
1448,Gris hjärta rå,Betakaroten/β-Karoten,Inälvor och organ,0.0,µg
1448,Gris hjärta rå,Avfall (skal etc.),Inälvor och organ,10.0,%
1448,Gris hjärta rå,Aska,Inälvor och organ,1.0,g
1448,Gris hjärta rå,Alkohol,Inälvor och organ,0.0,g
1449,Gris lever rå,"Zink, Zn",Inälvor och organ,7.4,mg
1449,Gris lever rå,Vitamin E,Inälvor och organ,0.6,mg
1449,Gris lever rå,Vitamin D,Inälvor och organ,0.2,µg
1449,Gris lever rå,Vitamin C,Inälvor och organ,24.5,mg
1449,Gris lever rå,Vitamin B6,Inälvor och organ,0.85,mg
1449,Gris lever rå,Vitamin B12,Inälvor och organ,40.0,µg
1449,Gris lever rå,Vitamin A,Inälvor och organ,13000.9,RE/µg
1449,Gris lever rå,Vatten,Inälvor och organ,70.0,g
1449,Gris lever rå,Tiamin,Inälvor och organ,0.31,mg
1449,Gris lever rå,Tillsatt socker,Inälvor och organ,0.0,g
1449,Gris lever rå,Fritt socker,Inälvor och organ,0.0,g
1449,Gris lever rå,"Selen, Se",Inälvor och organ,50.0,µg
1449,Gris lever rå,Sackaros,Inälvor och organ,0.0,g
1449,Gris lever rå,Riboflavin,Inälvor och organ,6.3,mg
1449,Gris lever rå,Retinol,Inälvor och organ,13000.0,µg
1449,Gris lever rå,Protein,Inälvor och organ,22.0,g
1449,Gris lever rå,Summa fleromättade fettsyror,Inälvor och organ,0.9,g
1449,Gris lever rå,"Fosfor, P",Inälvor och organ,385.0,mg
1449,Gris lever rå,Niacinekvivalenter,Inälvor och organ,18.23,NE/mg
1449,Gris lever rå,Niacin,Inälvor och organ,14.2,mg
1449,Gris lever rå,"Salt, NaCl",Inälvor och organ,0.2,g
1449,Gris lever rå,"Natrium, Na",Inälvor och organ,86.0,mg
1449,Gris lever rå,Monosackarider,Inälvor och organ,0.0,g
1449,Gris lever rå,"Sockerarter, totalt",Inälvor och organ,0.0,g
1449,Gris lever rå,Summa enkelomättade fettsyror,Inälvor och organ,0.5,g
1449,Gris lever rå,"Magnesium, Mg",Inälvor och organ,32.0,mg
1449,Gris lever rå,Summa mättade fettsyror,Inälvor och organ,1.0,g
1449,Gris lever rå,"Kolhydrater, tillgängliga",Inälvor och organ,3.0,g
1449,Gris lever rå,Kolesterol,Inälvor och organ,300.0,mg
1449,Gris lever rå,"Kalium, K",Inälvor och organ,270.0,mg
1449,Gris lever rå,"Jod, I",Inälvor och organ,3.1,µg
1449,Gris lever rå,Fullkorn totalt,Inälvor och organ,0.0,g
1449,Gris lever rå,"Folat, totalt",Inälvor och organ,1000.0,µg
1449,Gris lever rå,Fibrer,Inälvor och organ,0.0,g
1449,Gris lever rå,"Fett, totalt",Inälvor och organ,3.4,g
1449,Gris lever rå,"Järn, Fe",Inälvor och organ,18.7,mg
1449,Gris lever rå,Energi (kJ),Inälvor och organ,551.0,kJ
1449,Gris lever rå,Energi (kcal),Inälvor och organ,132.0,kcal
1449,Gris lever rå,Disackarider,Inälvor och organ,0.0,g
1449,Gris lever rå,"Kalcium, Ca",Inälvor och organ,8.0,mg
1449,Gris lever rå,Fettsyra 4:0-10:0,Inälvor och organ,0.0,g
1449,Gris lever rå,DHA (C22:6),Inälvor och organ,0.1,g
1449,Gris lever rå,DPA (C22:5),Inälvor och organ,0.1,g
1449,Gris lever rå,EPA (C20:5),Inälvor och organ,0.0,g
1449,Gris lever rå,Arakidonsyra C20:4,Inälvor och organ,0.4,g
1449,Gris lever rå,Arakidinsyra C20:0,Inälvor och organ,0.0,g
1449,Gris lever rå,Linolensyra C18:3,Inälvor och organ,0.0,g
1449,Gris lever rå,Linolsyra C18:2,Inälvor och organ,0.4,g
1449,Gris lever rå,Oljesyra C18:1,Inälvor och organ,0.5,g
1449,Gris lever rå,Stearinsyra C18:0,Inälvor och organ,0.6,g
1449,Gris lever rå,Palmitoljesyra C16:1,Inälvor och organ,0.0,g
1449,Gris lever rå,Palmitinsyra C16:0,Inälvor och organ,0.4,g
1449,Gris lever rå,Myristinsyra C14:0,Inälvor och organ,0.0,g
1449,Gris lever rå,Laurinsyra C12:0,Inälvor och organ,0.0,g
1449,Gris lever rå,Betakaroten/β-Karoten,Inälvor och organ,11.0,µg
1449,Gris lever rå,Avfall (skal etc.),Inälvor och organ,8.0,%
1449,Gris lever rå,Aska,Inälvor och organ,1.6,g
1449,Gris lever rå,Alkohol,Inälvor och organ,0.0,g
1450,Gris njure rå,"Zink, Zn",Inälvor och organ,2.2,mg
1450,Gris njure rå,Vitamin E,Inälvor och organ,0.4,mg
1450,Gris njure rå,Vitamin D,Inälvor och organ,1.0,µg
1450,Gris njure rå,Vitamin C,Inälvor och organ,11.0,mg
1450,Gris njure rå,Vitamin B6,Inälvor och organ,0.44,mg
1450,Gris njure rå,Vitamin B12,Inälvor och organ,17.0,µg
1450,Gris njure rå,Vitamin A,Inälvor och organ,115.8,RE/µg
1450,Gris njure rå,Vatten,Inälvor och organ,78.0,g
1450,Gris njure rå,Tiamin,Inälvor och organ,0.36,mg
1450,Gris njure rå,Tillsatt socker,Inälvor och organ,0.0,g
1450,Gris njure rå,Fritt socker,Inälvor och organ,0.0,g
1450,Gris njure rå,"Selen, Se",Inälvor och organ,190.0,µg
1450,Gris njure rå,Sackaros,Inälvor och organ,0.0,g
1450,Gris njure rå,Riboflavin,Inälvor och organ,4.0,mg
1450,Gris njure rå,Retinol,Inälvor och organ,115.0,µg
1450,Gris njure rå,Protein,Inälvor och organ,16.7,g
1450,Gris njure rå,Summa fleromättade fettsyror,Inälvor och organ,0.6,g
1450,Gris njure rå,"Fosfor, P",Inälvor och organ,270.0,mg
1450,Gris njure rå,Niacinekvivalenter,Inälvor och organ,11.06,NE/mg
1450,Gris njure rå,Niacin,Inälvor och organ,8.0,mg
1450,Gris njure rå,"Salt, NaCl",Inälvor och organ,0.4,g
1450,Gris njure rå,"Natrium, Na",Inälvor och organ,158.0,mg
1450,Gris njure rå,Monosackarider,Inälvor och organ,0.0,g
1450,Gris njure rå,"Sockerarter, totalt",Inälvor och organ,0.0,g
1450,Gris njure rå,Summa enkelomättade fettsyror,Inälvor och organ,1.0,g
1450,Gris njure rå,"Magnesium, Mg",Inälvor och organ,20.0,mg
1450,Gris njure rå,Summa mättade fettsyror,Inälvor och organ,1.2,g
1450,Gris njure rå,"Kolhydrater, tillgängliga",Inälvor och organ,0.3,g
1450,Gris njure rå,Kolesterol,Inälvor och organ,320.0,mg
1450,Gris njure rå,"Kalium, K",Inälvor och organ,220.0,mg
1450,Gris njure rå,"Jod, I",Inälvor och organ,4.4,µg
1450,Gris njure rå,Fullkorn totalt,Inälvor och organ,0.0,g
1450,Gris njure rå,"Folat, totalt",Inälvor och organ,42.0,µg
1450,Gris njure rå,Fibrer,Inälvor och organ,0.0,g
1450,Gris njure rå,"Fett, totalt",Inälvor och organ,3.8,g
1450,Gris njure rå,"Järn, Fe",Inälvor och organ,6.0,mg
1450,Gris njure rå,Energi (kJ),Inälvor och organ,430.0,kJ
1450,Gris njure rå,Energi (kcal),Inälvor och organ,103.0,kcal
1450,Gris njure rå,Disackarider,Inälvor och organ,0.0,g
1450,Gris njure rå,"Kalcium, Ca",Inälvor och organ,10.0,mg
1450,Gris njure rå,Fettsyra 4:0-10:0,Inälvor och organ,0.0,g
1450,Gris njure rå,DHA (C22:6),Inälvor och organ,0.0,g
1450,Gris njure rå,DPA (C22:5),Inälvor och organ,0.0,g
1450,Gris njure rå,EPA (C20:5),Inälvor och organ,0.0,g
1450,Gris njure rå,Arakidonsyra C20:4,Inälvor och organ,0.2,g
1450,Gris njure rå,Arakidinsyra C20:0,Inälvor och organ,0.0,g
1450,Gris njure rå,Linolensyra C18:3,Inälvor och organ,0.0,g
1450,Gris njure rå,Linolsyra C18:2,Inälvor och organ,0.3,g
1450,Gris njure rå,Oljesyra C18:1,Inälvor och organ,0.9,g
1450,Gris njure rå,Stearinsyra C18:0,Inälvor och organ,0.5,g
1450,Gris njure rå,Palmitoljesyra C16:1,Inälvor och organ,0.1,g
1450,Gris njure rå,Palmitinsyra C16:0,Inälvor och organ,0.7,g
1450,Gris njure rå,Myristinsyra C14:0,Inälvor och organ,0.0,g
1450,Gris njure rå,Laurinsyra C12:0,Inälvor och organ,0.0,g
1450,Gris njure rå,Betakaroten/β-Karoten,Inälvor och organ,10.0,µg
1450,Gris njure rå,Avfall (skal etc.),Inälvor och organ,10.0,%
1450,Gris njure rå,Aska,Inälvor och organ,1.2,g
1450,Gris njure rå,Alkohol,Inälvor och organ,0.0,g
1451,Gris tunga rå,"Zink, Zn",Inälvor och organ,2.6,mg
1451,Gris tunga rå,Vitamin E,Inälvor och organ,0.5,mg
1451,Gris tunga rå,Vitamin D,Inälvor och organ,0.6,µg
1451,Gris tunga rå,Vitamin C,Inälvor och organ,0.0,mg
1451,Gris tunga rå,Vitamin B6,Inälvor och organ,0.35,mg
1451,Gris tunga rå,Vitamin B12,Inälvor och organ,3.7,µg
1451,Gris tunga rå,Vitamin A,Inälvor och organ,9.0,RE/µg
1451,Gris tunga rå,Vatten,Inälvor och organ,71.0,g
1451,Gris tunga rå,Tiamin,Inälvor och organ,0.33,mg
1451,Gris tunga rå,Tillsatt socker,Inälvor och organ,0.0,g
1451,Gris tunga rå,Fritt socker,Inälvor och organ,0.0,g
1451,Gris tunga rå,"Selen, Se",Inälvor och organ,12.0,µg
1451,Gris tunga rå,Sackaros,Inälvor och organ,0.0,g
1451,Gris tunga rå,Riboflavin,Inälvor och organ,0.42,mg
1451,Gris tunga rå,Retinol,Inälvor och organ,9.0,µg
1451,Gris tunga rå,Protein,Inälvor och organ,16.5,g
1451,Gris tunga rå,Summa fleromättade fettsyror,Inälvor och organ,1.2,g
1451,Gris tunga rå,"Fosfor, P",Inälvor och organ,188.0,mg
1451,Gris tunga rå,Niacinekvivalenter,Inälvor och organ,8.33,NE/mg
1451,Gris tunga rå,Niacin,Inälvor och organ,5.3,mg
1451,Gris tunga rå,"Salt, NaCl",Inälvor och organ,0.3,g
1451,Gris tunga rå,"Natrium, Na",Inälvor och organ,108.0,mg
1451,Gris tunga rå,Monosackarider,Inälvor och organ,0.0,g
1451,Gris tunga rå,"Sockerarter, totalt",Inälvor och organ,0.0,g
1451,Gris tunga rå,Summa enkelomättade fettsyror,Inälvor och organ,5.2,g
1451,Gris tunga rå,"Magnesium, Mg",Inälvor och organ,18.0,mg
1451,Gris tunga rå,Summa mättade fettsyror,Inälvor och organ,3.8,g
1451,Gris tunga rå,"Kolhydrater, tillgängliga",Inälvor och organ,0.4,g
1451,Gris tunga rå,Kolesterol,Inälvor och organ,101.0,mg
1451,Gris tunga rå,"Kalium, K",Inälvor och organ,255.0,mg
1451,Gris tunga rå,"Jod, I",Inälvor och organ,1.4,µg
1451,Gris tunga rå,Fullkorn totalt,Inälvor och organ,0.0,g
1451,Gris tunga rå,"Folat, totalt",Inälvor och organ,8.0,µg
1451,Gris tunga rå,Fibrer,Inälvor och organ,0.0,g
1451,Gris tunga rå,"Fett, totalt",Inälvor och organ,11.1,g
1451,Gris tunga rå,"Järn, Fe",Inälvor och organ,4.5,mg
1451,Gris tunga rå,Energi (kJ),Inälvor och organ,698.0,kJ
1451,Gris tunga rå,Energi (kcal),Inälvor och organ,167.0,kcal
1451,Gris tunga rå,Disackarider,Inälvor och organ,0.0,g
1451,Gris tunga rå,"Kalcium, Ca",Inälvor och organ,11.0,mg
1451,Gris tunga rå,Fettsyra 4:0-10:0,Inälvor och organ,0.0,g
1451,Gris tunga rå,DHA (C22:6),Inälvor och organ,0.0,g
1451,Gris tunga rå,DPA (C22:5),Inälvor och organ,0.0,g
1451,Gris tunga rå,EPA (C20:5),Inälvor och organ,0.0,g
1451,Gris tunga rå,Arakidonsyra C20:4,Inälvor och organ,0.0,g
1451,Gris tunga rå,Arakidinsyra C20:0,Inälvor och organ,0.0,g
1451,Gris tunga rå,Linolensyra C18:3,Inälvor och organ,0.0,g
1451,Gris tunga rå,Linolsyra C18:2,Inälvor och organ,1.1,g
1451,Gris tunga rå,Oljesyra C18:1,Inälvor och organ,4.7,g
1451,Gris tunga rå,Stearinsyra C18:0,Inälvor och organ,1.1,g
1451,Gris tunga rå,Palmitoljesyra C16:1,Inälvor och organ,0.4,g
1451,Gris tunga rå,Palmitinsyra C16:0,Inälvor och organ,2.5,g
1451,Gris tunga rå,Myristinsyra C14:0,Inälvor och organ,0.2,g
1451,Gris tunga rå,Laurinsyra C12:0,Inälvor och organ,0.1,g
1451,Gris tunga rå,Betakaroten/β-Karoten,Inälvor och organ,0.0,µg
1451,Gris tunga rå,Avfall (skal etc.),Inälvor och organ,20.0,%
1451,Gris tunga rå,Aska,Inälvor och organ,1.0,g
1451,Gris tunga rå,Alkohol,Inälvor och organ,0.0,g
1452,Kyckling hjärta rå,"Zink, Zn",Inälvor och organ,6.6,mg
1452,Kyckling hjärta rå,Vitamin E,Inälvor och organ,1.2,mg
1452,Kyckling hjärta rå,Vitamin D,Inälvor och organ,0.4,µg
1452,Kyckling hjärta rå,Vitamin C,Inälvor och organ,0.0,mg
1452,Kyckling hjärta rå,Vitamin B6,Inälvor och organ,0.36,mg
1452,Kyckling hjärta rå,Vitamin B12,Inälvor och organ,7.3,µg
1452,Kyckling hjärta rå,Vitamin A,Inälvor och organ,9.0,RE/µg
1452,Kyckling hjärta rå,Vatten,Inälvor och organ,74.0,g
1452,Kyckling hjärta rå,Tiamin,Inälvor och organ,0.31,mg
1452,Kyckling hjärta rå,Tillsatt socker,Inälvor och organ,0.0,g
1452,Kyckling hjärta rå,Fritt socker,Inälvor och organ,0.0,g
1452,Kyckling hjärta rå,"Selen, Se",Inälvor och organ,10.0,µg
1452,Kyckling hjärta rå,Sackaros,Inälvor och organ,0.0,g
1452,Kyckling hjärta rå,Riboflavin,Inälvor och organ,0.73,mg
1452,Kyckling hjärta rå,Retinol,Inälvor och organ,9.0,µg
1452,Kyckling hjärta rå,Protein,Inälvor och organ,15.6,g
1452,Kyckling hjärta rå,Summa fleromättade fettsyror,Inälvor och organ,2.6,g
1452,Kyckling hjärta rå,"Fosfor, P",Inälvor och organ,177.0,mg
1452,Kyckling hjärta rå,Niacinekvivalenter,Inälvor och organ,7.76,NE/mg
1452,Kyckling hjärta rå,Niacin,Inälvor och organ,4.9,mg
1452,Kyckling hjärta rå,"Salt, NaCl",Inälvor och organ,0.2,g
1452,Kyckling hjärta rå,"Natrium, Na",Inälvor och organ,64.0,mg
1452,Kyckling hjärta rå,Monosackarider,Inälvor och organ,0.0,g
1452,Kyckling hjärta rå,"Sockerarter, totalt",Inälvor och organ,0.0,g
1452,Kyckling hjärta rå,Summa enkelomättade fettsyror,Inälvor och organ,2.2,g
1452,Kyckling hjärta rå,"Magnesium, Mg",Inälvor och organ,17.0,mg
1452,Kyckling hjärta rå,Summa mättade fettsyror,Inälvor och organ,2.5,g
1452,Kyckling hjärta rå,"Kolhydrater, tillgängliga",Inälvor och organ,0.3,g
1452,Kyckling hjärta rå,Kolesterol,Inälvor och organ,136.0,mg
1452,Kyckling hjärta rå,"Kalium, K",Inälvor och organ,177.0,mg
1452,Kyckling hjärta rå,"Jod, I",Inälvor och organ,0.0,µg
1452,Kyckling hjärta rå,Fullkorn totalt,Inälvor och organ,0.0,g
1452,Kyckling hjärta rå,"Folat, totalt",Inälvor och organ,45.0,µg
1452,Kyckling hjärta rå,Fibrer,Inälvor och organ,0.0,g
1452,Kyckling hjärta rå,"Fett, totalt",Inälvor och organ,9.3,g
1452,Kyckling hjärta rå,"Järn, Fe",Inälvor och organ,6.0,mg
1452,Kyckling hjärta rå,Energi (kJ),Inälvor och organ,614.0,kJ
1452,Kyckling hjärta rå,Energi (kcal),Inälvor och organ,147.0,kcal
1452,Kyckling hjärta rå,Disackarider,Inälvor och organ,0.0,g
1452,Kyckling hjärta rå,"Kalcium, Ca",Inälvor och organ,12.0,mg
1452,Kyckling hjärta rå,Fettsyra 4:0-10:0,Inälvor och organ,0.0,g
1452,Kyckling hjärta rå,DHA (C22:6),Inälvor och organ,0.0,g
1452,Kyckling hjärta rå,DPA (C22:5),Inälvor och organ,0.0,g
1452,Kyckling hjärta rå,EPA (C20:5),Inälvor och organ,0.0,g
1452,Kyckling hjärta rå,Arakidonsyra C20:4,Inälvor och organ,0.7,g
1452,Kyckling hjärta rå,Arakidinsyra C20:0,Inälvor och organ,0.0,g
1452,Kyckling hjärta rå,Linolensyra C18:3,Inälvor och organ,0.1,g
1452,Kyckling hjärta rå,Linolsyra C18:2,Inälvor och organ,1.8,g
1452,Kyckling hjärta rå,Oljesyra C18:1,Inälvor och organ,1.9,g
1452,Kyckling hjärta rå,Stearinsyra C18:0,Inälvor och organ,0.7,g
1452,Kyckling hjärta rå,Palmitoljesyra C16:1,Inälvor och organ,0.4,g
1452,Kyckling hjärta rå,Palmitinsyra C16:0,Inälvor och organ,0.1,g
1452,Kyckling hjärta rå,Myristinsyra C14:0,Inälvor och organ,1.0,g
1452,Kyckling hjärta rå,Laurinsyra C12:0,Inälvor och organ,0.0,g
1452,Kyckling hjärta rå,Betakaroten/β-Karoten,Inälvor och organ,0.0,µg
1452,Kyckling hjärta rå,Avfall (skal etc.),Inälvor och organ,0.0,%
1452,Kyckling hjärta rå,Aska,Inälvor och organ,0.8,g
1452,Kyckling hjärta rå,Alkohol,Inälvor och organ,0.0,g
1453,Kyckling lever rå,"Zink, Zn",Inälvor och organ,2.4,mg
1453,Kyckling lever rå,Vitamin E,Inälvor och organ,2.6,mg
1453,Kyckling lever rå,Vitamin D,Inälvor och organ,0.4,µg
1453,Kyckling lever rå,Vitamin C,Inälvor och organ,33.8,mg
1453,Kyckling lever rå,Vitamin B6,Inälvor och organ,0.79,mg
1453,Kyckling lever rå,Vitamin B12,Inälvor och organ,32.0,µg
1453,Kyckling lever rå,Vitamin A,Inälvor och organ,9500.0,RE/µg
1453,Kyckling lever rå,Vatten,Inälvor och organ,74.8,g
1453,Kyckling lever rå,Tiamin,Inälvor och organ,0.48,mg
1453,Kyckling lever rå,Tillsatt socker,Inälvor och organ,0.0,g
1453,Kyckling lever rå,Fritt socker,Inälvor och organ,0.0,g
1453,Kyckling lever rå,"Selen, Se",Inälvor och organ,46.0,µg
1453,Kyckling lever rå,Sackaros,Inälvor och organ,0.0,g
1453,Kyckling lever rå,Riboflavin,Inälvor och organ,2.4,mg
1453,Kyckling lever rå,Retinol,Inälvor och organ,9500.0,µg
1453,Kyckling lever rå,Protein,Inälvor och organ,19.4,g
1453,Kyckling lever rå,Summa fleromättade fettsyror,Inälvor och organ,1.0,g
1453,Kyckling lever rå,"Fosfor, P",Inälvor och organ,333.0,mg
1453,Kyckling lever rå,Niacinekvivalenter,Inälvor och organ,15.56,NE/mg
1453,Kyckling lever rå,Niacin,Inälvor och organ,12.0,mg
1453,Kyckling lever rå,"Salt, NaCl",Inälvor och organ,0.2,g
1453,Kyckling lever rå,"Natrium, Na",Inälvor och organ,67.0,mg
1453,Kyckling lever rå,Monosackarider,Inälvor och organ,0.0,g
1453,Kyckling lever rå,"Sockerarter, totalt",Inälvor och organ,0.0,g
1453,Kyckling lever rå,Summa enkelomättade fettsyror,Inälvor och organ,0.6,g
1453,Kyckling lever rå,"Magnesium, Mg",Inälvor och organ,19.0,mg
1453,Kyckling lever rå,Summa mättade fettsyror,Inälvor och organ,1.2,g
1453,Kyckling lever rå,"Kolhydrater, tillgängliga",Inälvor och organ,0.7,g
1453,Kyckling lever rå,Kolesterol,Inälvor och organ,440.0,mg
1453,Kyckling lever rå,"Kalium, K",Inälvor och organ,255.0,mg
1453,Kyckling lever rå,"Jod, I",Inälvor och organ,0.0,µg
1453,Kyckling lever rå,Fullkorn totalt,Inälvor och organ,0.0,g
1453,Kyckling lever rå,"Folat, totalt",Inälvor och organ,995.0,µg
1453,Kyckling lever rå,Fibrer,Inälvor och organ,0.0,g
1453,Kyckling lever rå,"Fett, totalt",Inälvor och organ,3.8,g
1453,Kyckling lever rå,"Järn, Fe",Inälvor och organ,7.3,mg
1453,Kyckling lever rå,Energi (kJ),Inälvor och organ,482.0,kJ
1453,Kyckling lever rå,Energi (kcal),Inälvor och organ,115.0,kcal
1453,Kyckling lever rå,Disackarider,Inälvor och organ,0.0,g
1453,Kyckling lever rå,"Kalcium, Ca",Inälvor och organ,7.0,mg
1453,Kyckling lever rå,Fettsyra 4:0-10:0,Inälvor och organ,0.0,g
1453,Kyckling lever rå,DHA (C22:6),Inälvor och organ,0.2,g
1453,Kyckling lever rå,DPA (C22:5),Inälvor och organ,0.0,g
1453,Kyckling lever rå,EPA (C20:5),Inälvor och organ,0.1,g
1453,Kyckling lever rå,Arakidonsyra C20:4,Inälvor och organ,0.1,g
1453,Kyckling lever rå,Arakidinsyra C20:0,Inälvor och organ,0.0,g
1453,Kyckling lever rå,Linolensyra C18:3,Inälvor och organ,0.0,g
1453,Kyckling lever rå,Linolsyra C18:2,Inälvor och organ,0.4,g
1453,Kyckling lever rå,Oljesyra C18:1,Inälvor och organ,0.6,g
1453,Kyckling lever rå,Stearinsyra C18:0,Inälvor och organ,0.5,g
1453,Kyckling lever rå,Palmitoljesyra C16:1,Inälvor och organ,0.1,g
1453,Kyckling lever rå,Palmitinsyra C16:0,Inälvor och organ,0.6,g
1453,Kyckling lever rå,Myristinsyra C14:0,Inälvor och organ,0.0,g
1453,Kyckling lever rå,Laurinsyra C12:0,Inälvor och organ,0.0,g
1453,Kyckling lever rå,Betakaroten/β-Karoten,Inälvor och organ,0.0,µg
1453,Kyckling lever rå,Avfall (skal etc.),Inälvor och organ,0.0,%
1453,Kyckling lever rå,Aska,Inälvor och organ,1.3,g
1453,Kyckling lever rå,Alkohol,Inälvor och organ,0.0,g
1454,Kyckling mage rå,"Zink, Zn",Inälvor och organ,3.0,mg
1454,Kyckling mage rå,Vitamin E,Inälvor och organ,0.2,mg
1454,Kyckling mage rå,Vitamin D,Inälvor och organ,0.4,µg
1454,Kyckling mage rå,Vitamin C,Inälvor och organ,3.2,mg
1454,Kyckling mage rå,Vitamin B6,Inälvor och organ,0.12,mg
1454,Kyckling mage rå,Vitamin B12,Inälvor och organ,0.6,µg
1454,Kyckling mage rå,Vitamin A,Inälvor och organ,65.0,RE/µg
1454,Kyckling mage rå,Vatten,Inälvor och organ,76.8,g
1454,Kyckling mage rå,Tiamin,Inälvor och organ,0.09,mg
1454,Kyckling mage rå,Tillsatt socker,Inälvor och organ,0.0,g
1454,Kyckling mage rå,Fritt socker,Inälvor och organ,0.0,g
1454,Kyckling mage rå,"Selen, Se",Inälvor och organ,10.0,µg
1454,Kyckling mage rå,Sackaros,Inälvor och organ,0.0,g
1454,Kyckling mage rå,Riboflavin,Inälvor och organ,0.05,mg
1454,Kyckling mage rå,Retinol,Inälvor och organ,65.0,µg
1454,Kyckling mage rå,Protein,Inälvor och organ,18.2,g
1454,Kyckling mage rå,Summa fleromättade fettsyror,Inälvor och organ,1.2,g
1454,Kyckling mage rå,"Fosfor, P",Inälvor och organ,135.0,mg
1454,Kyckling mage rå,Niacinekvivalenter,Inälvor och organ,7.84,NE/mg
1454,Kyckling mage rå,Niacin,Inälvor och organ,4.5,mg
1454,Kyckling mage rå,"Salt, NaCl",Inälvor och organ,0.2,g
1454,Kyckling mage rå,"Natrium, Na",Inälvor och organ,69.0,mg
1454,Kyckling mage rå,Monosackarider,Inälvor och organ,0.0,g
1454,Kyckling mage rå,"Sockerarter, totalt",Inälvor och organ,0.0,g
1454,Kyckling mage rå,Summa enkelomättade fettsyror,Inälvor och organ,1.1,g
1454,Kyckling mage rå,"Magnesium, Mg",Inälvor och organ,13.0,mg
1454,Kyckling mage rå,Summa mättade fettsyror,Inälvor och organ,1.2,g
1454,Kyckling mage rå,"Kolhydrater, tillgängliga",Inälvor och organ,0.0,g
1454,Kyckling mage rå,Kolesterol,Inälvor och organ,130.0,mg
1454,Kyckling mage rå,"Kalium, K",Inälvor och organ,188.0,mg
1454,Kyckling mage rå,Fullkorn totalt,Inälvor och organ,0.0,g
1454,Kyckling mage rå,"Folat, totalt",Inälvor och organ,38.0,µg
1454,Kyckling mage rå,Fibrer,Inälvor och organ,0.0,g
1454,Kyckling mage rå,"Fett, totalt",Inälvor och organ,4.2,g
1454,Kyckling mage rå,"Järn, Fe",Inälvor och organ,3.5,mg
1454,Kyckling mage rå,Energi (kJ),Inälvor och organ,465.0,kJ
1454,Kyckling mage rå,Energi (kcal),Inälvor och organ,111.0,kcal
1454,Kyckling mage rå,Disackarider,Inälvor och organ,0.0,g
1454,Kyckling mage rå,"Kalcium, Ca",Inälvor och organ,8.0,mg
1454,Kyckling mage rå,Fettsyra 4:0-10:0,Inälvor och organ,0.0,g
1454,Kyckling mage rå,DHA (C22:6),Inälvor och organ,0.0,g
1454,Kyckling mage rå,DPA (C22:5),Inälvor och organ,0.0,g
1454,Kyckling mage rå,EPA (C20:5),Inälvor och organ,0.0,g
1454,Kyckling mage rå,Arakidonsyra C20:4,Inälvor och organ,0.3,g
1454,Kyckling mage rå,Arakidinsyra C20:0,Inälvor och organ,0.0,g
1454,Kyckling mage rå,Linolensyra C18:3,Inälvor och organ,0.0,g
1454,Kyckling mage rå,Linolsyra C18:2,Inälvor och organ,0.9,g
1454,Kyckling mage rå,Oljesyra C18:1,Inälvor och organ,0.9,g
1454,Kyckling mage rå,Stearinsyra C18:0,Inälvor och organ,0.4,g
1454,Kyckling mage rå,Palmitoljesyra C16:1,Inälvor och organ,0.2,g
1454,Kyckling mage rå,Palmitinsyra C16:0,Inälvor och organ,0.6,g
1454,Kyckling mage rå,Myristinsyra C14:0,Inälvor och organ,0.0,g
1454,Kyckling mage rå,Laurinsyra C12:0,Inälvor och organ,0.0,g
1454,Kyckling mage rå,Betakaroten/β-Karoten,Inälvor och organ,0.0,µg
1454,Kyckling mage rå,Avfall (skal etc.),Inälvor och organ,0.0,%
1454,Kyckling mage rå,Aska,Inälvor och organ,0.8,g
1454,Kyckling mage rå,Alkohol,Inälvor och organ,0.0,g
1455,Ren lever rå,"Zink, Zn",Inälvor och organ,3.4,mg
1455,Ren lever rå,Vitamin E,Inälvor och organ,0.8,mg
1455,Ren lever rå,Vitamin D,Inälvor och organ,0.13,µg
1455,Ren lever rå,Vitamin C,Inälvor och organ,33.0,mg
1455,Ren lever rå,Vitamin B6,Inälvor och organ,0.42,mg
1455,Ren lever rå,Vitamin B12,Inälvor och organ,84.0,µg
1455,Ren lever rå,Vitamin A,Inälvor och organ,36500.0,RE/µg
1455,Ren lever rå,Vatten,Inälvor och organ,71.0,g
1455,Ren lever rå,Tiamin,Inälvor och organ,0.56,mg
1455,Ren lever rå,Tillsatt socker,Inälvor och organ,0.0,g
1455,Ren lever rå,Fritt socker,Inälvor och organ,0.0,g
1455,Ren lever rå,"Selen, Se",Inälvor och organ,50.0,µg
1455,Ren lever rå,Sackaros,Inälvor och organ,0.0,g
1455,Ren lever rå,Riboflavin,Inälvor och organ,4.2,mg
1455,Ren lever rå,Retinol,Inälvor och organ,36500.0,µg
1455,Ren lever rå,Protein,Inälvor och organ,22.0,g
1455,Ren lever rå,Summa fleromättade fettsyror,Inälvor och organ,0.7,g
1455,Ren lever rå,"Fosfor, P",Inälvor och organ,435.0,mg
1455,Ren lever rå,Niacinekvivalenter,Inälvor och organ,22.63,NE/mg
1455,Ren lever rå,Niacin,Inälvor och organ,18.6,mg
1455,Ren lever rå,"Salt, NaCl",Inälvor och organ,0.2,g
1455,Ren lever rå,"Natrium, Na",Inälvor och organ,76.0,mg
1455,Ren lever rå,Monosackarider,Inälvor och organ,0.0,g
1455,Ren lever rå,"Sockerarter, totalt",Inälvor och organ,0.0,g
1455,Ren lever rå,Summa enkelomättade fettsyror,Inälvor och organ,0.7,g
1455,Ren lever rå,"Magnesium, Mg",Inälvor och organ,20.0,mg
1455,Ren lever rå,Summa mättade fettsyror,Inälvor och organ,1.3,g
1455,Ren lever rå,"Kolhydrater, tillgängliga",Inälvor och organ,1.8,g
1455,Ren lever rå,Kolesterol,Inälvor och organ,300.0,mg
1455,Ren lever rå,"Kalium, K",Inälvor och organ,290.0,mg
1455,Ren lever rå,"Jod, I",Inälvor och organ,0.0,µg
1455,Ren lever rå,Fullkorn totalt,Inälvor och organ,0.0,g
1455,Ren lever rå,"Folat, totalt",Inälvor och organ,2000.0,µg
1455,Ren lever rå,Fibrer,Inälvor och organ,0.0,g
1455,Ren lever rå,"Fett, totalt",Inälvor och organ,3.7,g
1455,Ren lever rå,"Järn, Fe",Inälvor och organ,8.8,mg
1455,Ren lever rå,Energi (kJ),Inälvor och organ,542.0,kJ
1455,Ren lever rå,Energi (kcal),Inälvor och organ,129.0,kcal
1455,Ren lever rå,Disackarider,Inälvor och organ,0.0,g
1455,Ren lever rå,"Kalcium, Ca",Inälvor och organ,20.0,mg
1455,Ren lever rå,Fettsyra 4:0-10:0,Inälvor och organ,0.0,g
1455,Ren lever rå,DHA (C22:6),Inälvor och organ,0.0,g
1455,Ren lever rå,DPA (C22:5),Inälvor och organ,0.1,g
1455,Ren lever rå,EPA (C20:5),Inälvor och organ,0.1,g
1455,Ren lever rå,Arakidonsyra C20:4,Inälvor och organ,0.1,g
1455,Ren lever rå,Arakidinsyra C20:0,Inälvor och organ,0.0,g
1455,Ren lever rå,Linolensyra C18:3,Inälvor och organ,0.1,g
1455,Ren lever rå,Linolsyra C18:2,Inälvor och organ,0.2,g
1455,Ren lever rå,Oljesyra C18:1,Inälvor och organ,0.7,g
1455,Ren lever rå,Stearinsyra C18:0,Inälvor och organ,0.7,g
1455,Ren lever rå,Palmitoljesyra C16:1,Inälvor och organ,0.0,g
1455,Ren lever rå,Palmitinsyra C16:0,Inälvor och organ,0.5,g
1455,Ren lever rå,Myristinsyra C14:0,Inälvor och organ,0.0,g
1455,Ren lever rå,Laurinsyra C12:0,Inälvor och organ,0.0,g
1455,Ren lever rå,Betakaroten/β-Karoten,Inälvor och organ,0.0,µg
1455,Ren lever rå,Avfall (skal etc.),Inälvor och organ,6.0,%
1455,Ren lever rå,Aska,Inälvor och organ,1.5,g
1455,Ren lever rå,Alkohol,Inälvor och organ,0.0,g
1456,Nöt oxtunga rimmad rå,"Zink, Zn",Inälvor organ produkter o rätter,3.5,mg
1456,Nöt oxtunga rimmad rå,Vitamin E,Inälvor organ produkter o rätter,0.3,mg
1456,Nöt oxtunga rimmad rå,Vitamin D,Inälvor organ produkter o rätter,0.3,µg
1456,Nöt oxtunga rimmad rå,Vitamin C,Inälvor organ produkter o rätter,3.0,mg
1456,Nöt oxtunga rimmad rå,Vitamin B6,Inälvor organ produkter o rätter,0.18,mg
1456,Nöt oxtunga rimmad rå,Vitamin B12,Inälvor organ produkter o rätter,0.0,µg
1456,Nöt oxtunga rimmad rå,Vitamin A,Inälvor organ produkter o rätter,22.0,RE/µg
1456,Nöt oxtunga rimmad rå,Vatten,Inälvor organ produkter o rätter,62.0,g
1456,Nöt oxtunga rimmad rå,Tiamin,Inälvor organ produkter o rätter,0.1,mg
1456,Nöt oxtunga rimmad rå,Tillsatt socker,Inälvor organ produkter o rätter,0.0,g
1456,Nöt oxtunga rimmad rå,Fritt socker,Inälvor organ produkter o rätter,0.0,g
1456,Nöt oxtunga rimmad rå,"Selen, Se",Inälvor organ produkter o rätter,9.0,µg
1456,Nöt oxtunga rimmad rå,Sackaros,Inälvor organ produkter o rätter,0.5,g
1456,Nöt oxtunga rimmad rå,Riboflavin,Inälvor organ produkter o rätter,0.38,mg
1456,Nöt oxtunga rimmad rå,Retinol,Inälvor organ produkter o rätter,19.0,µg
1456,Nöt oxtunga rimmad rå,Protein,Inälvor organ produkter o rätter,15.7,g
1456,Nöt oxtunga rimmad rå,Summa fleromättade fettsyror,Inälvor organ produkter o rätter,0.7,g
1456,Nöt oxtunga rimmad rå,"Fosfor, P",Inälvor organ produkter o rätter,150.0,mg
1456,Nöt oxtunga rimmad rå,Niacinekvivalenter,Inälvor organ produkter o rätter,9.28,NE/mg
1456,Nöt oxtunga rimmad rå,Niacin,Inälvor organ produkter o rätter,6.4,mg
1456,Nöt oxtunga rimmad rå,"Salt, NaCl",Inälvor organ produkter o rätter,3.0,g
1456,Nöt oxtunga rimmad rå,"Natrium, Na",Inälvor organ produkter o rätter,1210.0,mg
1456,Nöt oxtunga rimmad rå,Monosackarider,Inälvor organ produkter o rätter,0.0,g
1456,Nöt oxtunga rimmad rå,"Sockerarter, totalt",Inälvor organ produkter o rätter,0.5,g
1456,Nöt oxtunga rimmad rå,Summa enkelomättade fettsyror,Inälvor organ produkter o rätter,7.0,g
1456,Nöt oxtunga rimmad rå,"Magnesium, Mg",Inälvor organ produkter o rätter,19.0,mg
1456,Nöt oxtunga rimmad rå,Summa mättade fettsyror,Inälvor organ produkter o rätter,8.4,g
1456,Nöt oxtunga rimmad rå,"Kolhydrater, tillgängliga",Inälvor organ produkter o rätter,0.4,g
1456,Nöt oxtunga rimmad rå,Kolesterol,Inälvor organ produkter o rätter,78.0,mg
1456,Nöt oxtunga rimmad rå,"Kalium, K",Inälvor organ produkter o rätter,300.0,mg
1456,Nöt oxtunga rimmad rå,"Jod, I",Inälvor organ produkter o rätter,35.8,µg
1456,Nöt oxtunga rimmad rå,Fullkorn totalt,Inälvor organ produkter o rätter,0.0,g
1456,Nöt oxtunga rimmad rå,"Folat, totalt",Inälvor organ produkter o rätter,12.0,µg
1456,Nöt oxtunga rimmad rå,Fibrer,Inälvor organ produkter o rätter,0.0,g
1456,Nöt oxtunga rimmad rå,"Fett, totalt",Inälvor organ produkter o rätter,17.5,g
1456,Nöt oxtunga rimmad rå,"Järn, Fe",Inälvor organ produkter o rätter,4.9,mg
1456,Nöt oxtunga rimmad rå,Energi (kJ),Inälvor organ produkter o rätter,921.0,kJ
1456,Nöt oxtunga rimmad rå,Energi (kcal),Inälvor organ produkter o rätter,220.0,kcal
1456,Nöt oxtunga rimmad rå,Disackarider,Inälvor organ produkter o rätter,0.5,g
1456,Nöt oxtunga rimmad rå,"Kalcium, Ca",Inälvor organ produkter o rätter,7.0,mg
1456,Nöt oxtunga rimmad rå,Fettsyra 4:0-10:0,Inälvor organ produkter o rätter,0.0,g
1456,Nöt oxtunga rimmad rå,DHA (C22:6),Inälvor organ produkter o rätter,0.0,g
1456,Nöt oxtunga rimmad rå,DPA (C22:5),Inälvor organ produkter o rätter,0.0,g
1456,Nöt oxtunga rimmad rå,EPA (C20:5),Inälvor organ produkter o rätter,0.0,g
1456,Nöt oxtunga rimmad rå,Arakidonsyra C20:4,Inälvor organ produkter o rätter,0.1,g
1456,Nöt oxtunga rimmad rå,Arakidinsyra C20:0,Inälvor organ produkter o rätter,0.0,g
1456,Nöt oxtunga rimmad rå,Linolensyra C18:3,Inälvor organ produkter o rätter,0.1,g
1456,Nöt oxtunga rimmad rå,Linolsyra C18:2,Inälvor organ produkter o rätter,0.4,g
1456,Nöt oxtunga rimmad rå,Oljesyra C18:1,Inälvor organ produkter o rätter,6.4,g
1456,Nöt oxtunga rimmad rå,Stearinsyra C18:0,Inälvor organ produkter o rätter,3.4,g
1456,Nöt oxtunga rimmad rå,Palmitoljesyra C16:1,Inälvor organ produkter o rätter,0.5,g
1456,Nöt oxtunga rimmad rå,Palmitinsyra C16:0,Inälvor organ produkter o rätter,4.2,g
1456,Nöt oxtunga rimmad rå,Myristinsyra C14:0,Inälvor organ produkter o rätter,0.4,g
1456,Nöt oxtunga rimmad rå,Laurinsyra C12:0,Inälvor organ produkter o rätter,0.0,g
1456,Nöt oxtunga rimmad rå,Betakaroten/β-Karoten,Inälvor organ produkter o rätter,36.0,µg
1456,Nöt oxtunga rimmad rå,Avfall (skal etc.),Inälvor organ produkter o rätter,25.0,%
1456,Nöt oxtunga rimmad rå,Aska,Inälvor organ produkter o rätter,4.4,g
1456,Nöt oxtunga rimmad rå,Alkohol,Inälvor organ produkter o rätter,0.0,g
1457,Kyckling lever stekt,"Zink, Zn",Inälvor och organ,3.1,mg
1457,Kyckling lever stekt,Vitamin E,Inälvor och organ,3.4,mg
1457,Kyckling lever stekt,Vitamin D,Inälvor och organ,0.41,µg
1457,Kyckling lever stekt,Vitamin C,Inälvor och organ,43.8,mg
1457,Kyckling lever stekt,Vitamin B6,Inälvor och organ,0.51,mg
1457,Kyckling lever stekt,Vitamin B12,Inälvor och organ,31.12,µg
1457,Kyckling lever stekt,Vitamin A,Inälvor och organ,12316.5,RE/µg
1457,Kyckling lever stekt,Vatten,Inälvor och organ,66.9,g
1457,Kyckling lever stekt,Tiamin,Inälvor och organ,0.44,mg
1457,Kyckling lever stekt,Tillsatt socker,Inälvor och organ,0.0,g
1457,Kyckling lever stekt,Fritt socker,Inälvor och organ,0.0,g
1457,Kyckling lever stekt,"Selen, Se",Inälvor och organ,59.6,µg
1457,Kyckling lever stekt,Sackaros,Inälvor och organ,0.0,g
1457,Kyckling lever stekt,Riboflavin,Inälvor och organ,2.49,mg
1457,Kyckling lever stekt,Retinol,Inälvor och organ,12316.5,µg
1457,Kyckling lever stekt,Protein,Inälvor och organ,25.2,g
1457,Kyckling lever stekt,Summa fleromättade fettsyror,Inälvor och organ,1.3,g
1457,Kyckling lever stekt,"Fosfor, P",Inälvor och organ,432.0,mg
1457,Kyckling lever stekt,Niacinekvivalenter,Inälvor och organ,20.17,NE/mg
1457,Kyckling lever stekt,Niacin,Inälvor och organ,15.56,mg
1457,Kyckling lever stekt,"Salt, NaCl",Inälvor och organ,0.7,g
1457,Kyckling lever stekt,"Natrium, Na",Inälvor och organ,251.0,mg
1457,Kyckling lever stekt,Monosackarider,Inälvor och organ,0.0,g
1457,Kyckling lever stekt,"Sockerarter, totalt",Inälvor och organ,0.0,g
1457,Kyckling lever stekt,Summa enkelomättade fettsyror,Inälvor och organ,0.8,g
1457,Kyckling lever stekt,"Magnesium, Mg",Inälvor och organ,25.0,mg
1457,Kyckling lever stekt,Summa mättade fettsyror,Inälvor och organ,1.5,g
1457,Kyckling lever stekt,"Kolhydrater, tillgängliga",Inälvor och organ,0.9,g
1457,Kyckling lever stekt,Kolesterol,Inälvor och organ,570.5,mg
1457,Kyckling lever stekt,"Kalium, K",Inälvor och organ,232.0,mg
1457,Kyckling lever stekt,"Jod, I",Inälvor och organ,20.7,µg
1457,Kyckling lever stekt,Fullkorn totalt,Inälvor och organ,0.0,g
1457,Kyckling lever stekt,"Folat, totalt",Inälvor och organ,1096.5,µg
1457,Kyckling lever stekt,Fibrer,Inälvor och organ,0.0,g
1457,Kyckling lever stekt,"Fett, totalt",Inälvor och organ,4.9,g
1457,Kyckling lever stekt,"Järn, Fe",Inälvor och organ,9.5,mg
1457,Kyckling lever stekt,Energi (kJ),Inälvor och organ,625.0,kJ
1457,Kyckling lever stekt,Energi (kcal),Inälvor och organ,149.0,kcal
1457,Kyckling lever stekt,Disackarider,Inälvor och organ,0.0,g
1457,Kyckling lever stekt,"Kalcium, Ca",Inälvor och organ,10.0,mg
1457,Kyckling lever stekt,Fettsyra 4:0-10:0,Inälvor och organ,0.0,g
1457,Kyckling lever stekt,DHA (C22:6),Inälvor och organ,0.3,g
1457,Kyckling lever stekt,DPA (C22:5),Inälvor och organ,0.1,g
1457,Kyckling lever stekt,EPA (C20:5),Inälvor och organ,0.2,g
1457,Kyckling lever stekt,Arakidonsyra C20:4,Inälvor och organ,0.2,g
1457,Kyckling lever stekt,Arakidinsyra C20:0,Inälvor och organ,0.0,g
1457,Kyckling lever stekt,Linolensyra C18:3,Inälvor och organ,0.0,g
1457,Kyckling lever stekt,Linolsyra C18:2,Inälvor och organ,0.5,g
1457,Kyckling lever stekt,Oljesyra C18:1,Inälvor och organ,0.7,g
1457,Kyckling lever stekt,Stearinsyra C18:0,Inälvor och organ,0.7,g
1457,Kyckling lever stekt,Palmitoljesyra C16:1,Inälvor och organ,0.1,g
1457,Kyckling lever stekt,Palmitinsyra C16:0,Inälvor och organ,0.8,g
1457,Kyckling lever stekt,Myristinsyra C14:0,Inälvor och organ,0.0,g
1457,Kyckling lever stekt,Laurinsyra C12:0,Inälvor och organ,0.0,g
1457,Kyckling lever stekt,Betakaroten/β-Karoten,Inälvor och organ,0.0,µg
1457,Kyckling lever stekt,Avfall (skal etc.),Inälvor och organ,0.0,%
1457,Kyckling lever stekt,Aska,Inälvor och organ,2.1,g
1457,Kyckling lever stekt,Alkohol,Inälvor och organ,0.0,g
1458,Nöt lever panerad stekt,"Zink, Zn",Inälvor organ produkter o rätter,4.5,mg
1458,Nöt lever panerad stekt,Vitamin E,Inälvor organ produkter o rätter,2.1,mg
1458,Nöt lever panerad stekt,Vitamin D,Inälvor organ produkter o rätter,0.28,µg
1458,Nöt lever panerad stekt,Vitamin C,Inälvor organ produkter o rätter,32.0,mg
1458,Nöt lever panerad stekt,Vitamin B6,Inälvor organ produkter o rätter,0.56,mg
1458,Nöt lever panerad stekt,Vitamin B12,Inälvor organ produkter o rätter,90.55,µg
1458,Nöt lever panerad stekt,Vitamin A,Inälvor organ produkter o rätter,15685.3,RE/µg
1458,Nöt lever panerad stekt,Vatten,Inälvor organ produkter o rätter,54.9,g
1458,Nöt lever panerad stekt,Tiamin,Inälvor organ produkter o rätter,0.24,mg
1458,Nöt lever panerad stekt,Tillsatt socker,Inälvor organ produkter o rätter,0.0,g
1458,Nöt lever panerad stekt,Fritt socker,Inälvor organ produkter o rätter,0.0,g
1458,Nöt lever panerad stekt,"Selen, Se",Inälvor organ produkter o rätter,17.1,µg
1458,Nöt lever panerad stekt,Sackaros,Inälvor organ produkter o rätter,0.0,g
1458,Nöt lever panerad stekt,Riboflavin,Inälvor organ produkter o rätter,3.69,mg
1458,Nöt lever panerad stekt,Retinol,Inälvor organ produkter o rätter,15591.6,µg
1458,Nöt lever panerad stekt,Protein,Inälvor organ produkter o rätter,22.9,g
1458,Nöt lever panerad stekt,Summa fleromättade fettsyror,Inälvor organ produkter o rätter,2.0,g
1458,Nöt lever panerad stekt,"Fosfor, P",Inälvor organ produkter o rätter,393.0,mg
1458,Nöt lever panerad stekt,Niacinekvivalenter,Inälvor organ produkter o rätter,16.59,NE/mg
1458,Nöt lever panerad stekt,Niacin,Inälvor organ produkter o rätter,12.41,mg
1458,Nöt lever panerad stekt,"Salt, NaCl",Inälvor organ produkter o rätter,0.6,g
1458,Nöt lever panerad stekt,"Natrium, Na",Inälvor organ produkter o rätter,256.0,mg
1458,Nöt lever panerad stekt,Monosackarider,Inälvor organ produkter o rätter,0.1,g
1458,Nöt lever panerad stekt,"Sockerarter, totalt",Inälvor organ produkter o rätter,0.3,g
1458,Nöt lever panerad stekt,Summa enkelomättade fettsyror,Inälvor organ produkter o rätter,3.3,g
1458,Nöt lever panerad stekt,"Magnesium, Mg",Inälvor organ produkter o rätter,41.0,mg
1458,Nöt lever panerad stekt,Summa mättade fettsyror,Inälvor organ produkter o rätter,1.6,g
1458,Nöt lever panerad stekt,"Kolhydrater, tillgängliga",Inälvor organ produkter o rätter,11.5,g
1458,Nöt lever panerad stekt,Kolesterol,Inälvor organ produkter o rätter,329.3,mg
1458,Nöt lever panerad stekt,"Kalium, K",Inälvor organ produkter o rätter,240.0,mg
1458,Nöt lever panerad stekt,"Jod, I",Inälvor organ produkter o rätter,17.7,µg
1458,Nöt lever panerad stekt,Fullkorn totalt,Inälvor organ produkter o rätter,1.0,g
1458,Nöt lever panerad stekt,"Folat, totalt",Inälvor organ produkter o rätter,2149.8,µg
1458,Nöt lever panerad stekt,Fibrer,Inälvor organ produkter o rätter,0.6,g
1458,Nöt lever panerad stekt,"Fett, totalt",Inälvor organ produkter o rätter,8.0,g
1458,Nöt lever panerad stekt,"Järn, Fe",Inälvor organ produkter o rätter,10.4,mg
1458,Nöt lever panerad stekt,Energi (kJ),Inälvor organ produkter o rätter,885.0,kJ
1458,Nöt lever panerad stekt,Energi (kcal),Inälvor organ produkter o rätter,212.0,kcal
1458,Nöt lever panerad stekt,Disackarider,Inälvor organ produkter o rätter,0.2,g
1458,Nöt lever panerad stekt,"Kalcium, Ca",Inälvor organ produkter o rätter,13.0,mg
1458,Nöt lever panerad stekt,Fettsyra 4:0-10:0,Inälvor organ produkter o rätter,0.0,g
1458,Nöt lever panerad stekt,DHA (C22:6),Inälvor organ produkter o rätter,0.0,g
1458,Nöt lever panerad stekt,DPA (C22:5),Inälvor organ produkter o rätter,0.1,g
1458,Nöt lever panerad stekt,EPA (C20:5),Inälvor organ produkter o rätter,0.1,g
1458,Nöt lever panerad stekt,Arakidonsyra C20:4,Inälvor organ produkter o rätter,0.2,g
1458,Nöt lever panerad stekt,Arakidinsyra C20:0,Inälvor organ produkter o rätter,0.0,g
1458,Nöt lever panerad stekt,Linolensyra C18:3,Inälvor organ produkter o rätter,0.3,g
1458,Nöt lever panerad stekt,Linolsyra C18:2,Inälvor organ produkter o rätter,1.2,g
1458,Nöt lever panerad stekt,Oljesyra C18:1,Inälvor organ produkter o rätter,3.1,g
1458,Nöt lever panerad stekt,Stearinsyra C18:0,Inälvor organ produkter o rätter,0.6,g
1458,Nöt lever panerad stekt,Palmitoljesyra C16:1,Inälvor organ produkter o rätter,0.1,g
1458,Nöt lever panerad stekt,Palmitinsyra C16:0,Inälvor organ produkter o rätter,0.8,g
1458,Nöt lever panerad stekt,Myristinsyra C14:0,Inälvor organ produkter o rätter,0.0,g
1458,Nöt lever panerad stekt,Laurinsyra C12:0,Inälvor organ produkter o rätter,0.0,g
1458,Nöt lever panerad stekt,Betakaroten/β-Karoten,Inälvor organ produkter o rätter,1048.0,µg
1458,Nöt lever panerad stekt,Avfall (skal etc.),Inälvor organ produkter o rätter,6.0,%
1458,Nöt lever panerad stekt,Aska,Inälvor organ produkter o rätter,2.1,g
1458,Nöt lever panerad stekt,Alkohol,Inälvor organ produkter o rätter,0.0,g
1459,Nöt lever stekt m. salt,"Zink, Zn",Inälvor organ produkter o rätter,5.0,mg
1459,Nöt lever stekt m. salt,Vitamin E,Inälvor organ produkter o rätter,1.1,mg
1459,Nöt lever stekt m. salt,Vitamin D,Inälvor organ produkter o rätter,0.14,µg
1459,Nöt lever stekt m. salt,Vitamin C,Inälvor organ produkter o rätter,35.9,mg
1459,Nöt lever stekt m. salt,Vitamin B6,Inälvor organ produkter o rätter,0.62,mg
1459,Nöt lever stekt m. salt,Vitamin B12,Inälvor organ produkter o rätter,102.12,µg
1459,Nöt lever stekt m. salt,Vitamin A,Inälvor organ produkter o rätter,17692.4,RE/µg
1459,Nöt lever stekt m. salt,Vatten,Inälvor organ produkter o rätter,61.1,g
1459,Nöt lever stekt m. salt,Tiamin,Inälvor organ produkter o rätter,0.25,mg
1459,Nöt lever stekt m. salt,Tillsatt socker,Inälvor organ produkter o rätter,0.0,g
1459,Nöt lever stekt m. salt,Fritt socker,Inälvor organ produkter o rätter,0.0,g
1459,Nöt lever stekt m. salt,"Selen, Se",Inälvor organ produkter o rätter,18.6,µg
1459,Nöt lever stekt m. salt,Sackaros,Inälvor organ produkter o rätter,0.0,g
1459,Nöt lever stekt m. salt,Riboflavin,Inälvor organ produkter o rätter,4.16,mg
1459,Nöt lever stekt m. salt,Retinol,Inälvor organ produkter o rätter,17593.4,µg
1459,Nöt lever stekt m. salt,Protein,Inälvor organ produkter o rätter,24.8,g
1459,Nöt lever stekt m. salt,Summa fleromättade fettsyror,Inälvor organ produkter o rätter,0.8,g
1459,Nöt lever stekt m. salt,"Fosfor, P",Inälvor organ produkter o rätter,428.0,mg
1459,Nöt lever stekt m. salt,Niacinekvivalenter,Inälvor organ produkter o rätter,18.41,NE/mg
1459,Nöt lever stekt m. salt,Niacin,Inälvor organ produkter o rätter,13.86,mg
1459,Nöt lever stekt m. salt,"Salt, NaCl",Inälvor organ produkter o rätter,0.9,g
1459,Nöt lever stekt m. salt,"Natrium, Na",Inälvor organ produkter o rätter,344.0,mg
1459,Nöt lever stekt m. salt,Monosackarider,Inälvor organ produkter o rätter,0.0,g
1459,Nöt lever stekt m. salt,"Sockerarter, totalt",Inälvor organ produkter o rätter,0.0,g
1459,Nöt lever stekt m. salt,Summa enkelomättade fettsyror,Inälvor organ produkter o rätter,1.4,g
1459,Nöt lever stekt m. salt,"Magnesium, Mg",Inälvor organ produkter o rätter,42.0,mg
1459,Nöt lever stekt m. salt,Summa mättade fettsyror,Inälvor organ produkter o rätter,2.9,g
1459,Nöt lever stekt m. salt,"Kolhydrater, tillgängliga",Inälvor organ produkter o rätter,5.5,g
1459,Nöt lever stekt m. salt,Kolesterol,Inälvor organ produkter o rätter,378.7,mg
1459,Nöt lever stekt m. salt,"Kalium, K",Inälvor organ produkter o rätter,247.0,mg
1459,Nöt lever stekt m. salt,"Jod, I",Inälvor organ produkter o rätter,29.0,µg
1459,Nöt lever stekt m. salt,Fullkorn totalt,Inälvor organ produkter o rätter,0.0,g
1459,Nöt lever stekt m. salt,"Folat, totalt",Inälvor organ produkter o rätter,2419.9,µg
1459,Nöt lever stekt m. salt,Fibrer,Inälvor organ produkter o rätter,0.0,g
1459,Nöt lever stekt m. salt,"Fett, totalt",Inälvor organ produkter o rätter,6.2,g
1459,Nöt lever stekt m. salt,"Järn, Fe",Inälvor organ produkter o rätter,11.6,mg
1459,Nöt lever stekt m. salt,Energi (kJ),Inälvor organ produkter o rätter,744.0,kJ
1459,Nöt lever stekt m. salt,Energi (kcal),Inälvor organ produkter o rätter,178.0,kcal
1459,Nöt lever stekt m. salt,Disackarider,Inälvor organ produkter o rätter,0.0,g
1459,Nöt lever stekt m. salt,"Kalcium, Ca",Inälvor organ produkter o rätter,11.0,mg
1459,Nöt lever stekt m. salt,Fettsyra 4:0-10:0,Inälvor organ produkter o rätter,0.2,g
1459,Nöt lever stekt m. salt,DHA (C22:6),Inälvor organ produkter o rätter,0.0,g
1459,Nöt lever stekt m. salt,DPA (C22:5),Inälvor organ produkter o rätter,0.1,g
1459,Nöt lever stekt m. salt,EPA (C20:5),Inälvor organ produkter o rätter,0.1,g
1459,Nöt lever stekt m. salt,Arakidonsyra C20:4,Inälvor organ produkter o rätter,0.2,g
1459,Nöt lever stekt m. salt,Arakidinsyra C20:0,Inälvor organ produkter o rätter,0.0,g
1459,Nöt lever stekt m. salt,Linolensyra C18:3,Inälvor organ produkter o rätter,0.0,g
1459,Nöt lever stekt m. salt,Linolsyra C18:2,Inälvor organ produkter o rätter,0.3,g
1459,Nöt lever stekt m. salt,Oljesyra C18:1,Inälvor organ produkter o rätter,1.1,g
1459,Nöt lever stekt m. salt,Stearinsyra C18:0,Inälvor organ produkter o rätter,0.8,g
1459,Nöt lever stekt m. salt,Palmitoljesyra C16:1,Inälvor organ produkter o rätter,0.1,g
1459,Nöt lever stekt m. salt,Palmitinsyra C16:0,Inälvor organ produkter o rätter,1.3,g
1459,Nöt lever stekt m. salt,Myristinsyra C14:0,Inälvor organ produkter o rätter,0.3,g
1459,Nöt lever stekt m. salt,Laurinsyra C12:0,Inälvor organ produkter o rätter,0.1,g
1459,Nöt lever stekt m. salt,Betakaroten/β-Karoten,Inälvor organ produkter o rätter,1187.0,µg
1459,Nöt lever stekt m. salt,Avfall (skal etc.),Inälvor organ produkter o rätter,7.0,%
1459,Nöt lever stekt m. salt,Aska,Inälvor organ produkter o rätter,2.4,g
1459,Nöt lever stekt m. salt,Alkohol,Inälvor organ produkter o rätter,0.0,g
1460,Nöt oxtunga rimmad kokt,"Zink, Zn",Inälvor organ produkter o rätter,3.5,mg
1460,Nöt oxtunga rimmad kokt,Vitamin E,Inälvor organ produkter o rätter,0.4,mg
1460,Nöt oxtunga rimmad kokt,Vitamin D,Inälvor organ produkter o rätter,0.7,µg
1460,Nöt oxtunga rimmad kokt,Vitamin C,Inälvor organ produkter o rätter,0.0,mg
1460,Nöt oxtunga rimmad kokt,Vitamin B6,Inälvor organ produkter o rätter,0.09,mg
1460,Nöt oxtunga rimmad kokt,Vitamin B12,Inälvor organ produkter o rätter,4.0,µg
1460,Nöt oxtunga rimmad kokt,Vitamin A,Inälvor organ produkter o rätter,13.9,RE/µg
1460,Nöt oxtunga rimmad kokt,Vatten,Inälvor organ produkter o rätter,53.1,g
1460,Nöt oxtunga rimmad kokt,Tiamin,Inälvor organ produkter o rätter,0.06,mg
1460,Nöt oxtunga rimmad kokt,Tillsatt socker,Inälvor organ produkter o rätter,0.0,g
1460,Nöt oxtunga rimmad kokt,Fritt socker,Inälvor organ produkter o rätter,0.0,g
1460,Nöt oxtunga rimmad kokt,"Selen, Se",Inälvor organ produkter o rätter,3.0,µg
1460,Nöt oxtunga rimmad kokt,Sackaros,Inälvor organ produkter o rätter,0.5,g
1460,Nöt oxtunga rimmad kokt,Riboflavin,Inälvor organ produkter o rätter,0.29,mg
1460,Nöt oxtunga rimmad kokt,Retinol,Inälvor organ produkter o rätter,12.0,µg
1460,Nöt oxtunga rimmad kokt,Protein,Inälvor organ produkter o rätter,19.5,g
1460,Nöt oxtunga rimmad kokt,Summa fleromättade fettsyror,Inälvor organ produkter o rätter,0.9,g
1460,Nöt oxtunga rimmad kokt,"Fosfor, P",Inälvor organ produkter o rätter,230.0,mg
1460,Nöt oxtunga rimmad kokt,Niacinekvivalenter,Inälvor organ produkter o rätter,7.68,NE/mg
1460,Nöt oxtunga rimmad kokt,Niacin,Inälvor organ produkter o rätter,4.1,mg
1460,Nöt oxtunga rimmad kokt,"Salt, NaCl",Inälvor organ produkter o rätter,2.5,g
1460,Nöt oxtunga rimmad kokt,"Natrium, Na",Inälvor organ produkter o rätter,1000.0,mg
1460,Nöt oxtunga rimmad kokt,Monosackarider,Inälvor organ produkter o rätter,0.0,g
1460,Nöt oxtunga rimmad kokt,"Sockerarter, totalt",Inälvor organ produkter o rätter,0.5,g
1460,Nöt oxtunga rimmad kokt,Summa enkelomättade fettsyror,Inälvor organ produkter o rätter,11.6,g
1460,Nöt oxtunga rimmad kokt,"Magnesium, Mg",Inälvor organ produkter o rätter,16.0,mg
1460,Nöt oxtunga rimmad kokt,Summa mättade fettsyror,Inälvor organ produkter o rätter,9.8,g
1460,Nöt oxtunga rimmad kokt,"Kolhydrater, tillgängliga",Inälvor organ produkter o rätter,0.0,g
1460,Nöt oxtunga rimmad kokt,Kolesterol,Inälvor organ produkter o rätter,100.0,mg
1460,Nöt oxtunga rimmad kokt,"Kalium, K",Inälvor organ produkter o rätter,150.0,mg
1460,Nöt oxtunga rimmad kokt,"Jod, I",Inälvor organ produkter o rätter,29.4,µg
1460,Nöt oxtunga rimmad kokt,Fullkorn totalt,Inälvor organ produkter o rätter,0.0,g
1460,Nöt oxtunga rimmad kokt,"Folat, totalt",Inälvor organ produkter o rätter,5.0,µg
1460,Nöt oxtunga rimmad kokt,Fibrer,Inälvor organ produkter o rätter,0.0,g
1460,Nöt oxtunga rimmad kokt,"Fett, totalt",Inälvor organ produkter o rätter,24.0,g
1460,Nöt oxtunga rimmad kokt,"Järn, Fe",Inälvor organ produkter o rätter,3.0,mg
1460,Nöt oxtunga rimmad kokt,Energi (kJ),Inälvor organ produkter o rätter,1220.0,kJ
1460,Nöt oxtunga rimmad kokt,Energi (kcal),Inälvor organ produkter o rätter,292.0,kcal
1460,Nöt oxtunga rimmad kokt,Disackarider,Inälvor organ produkter o rätter,0.5,g
1460,Nöt oxtunga rimmad kokt,"Kalcium, Ca",Inälvor organ produkter o rätter,31.0,mg
1460,Nöt oxtunga rimmad kokt,Fettsyra 4:0-10:0,Inälvor organ produkter o rätter,0.0,g
1460,Nöt oxtunga rimmad kokt,DHA (C22:6),Inälvor organ produkter o rätter,0.0,g
1460,Nöt oxtunga rimmad kokt,DPA (C22:5),Inälvor organ produkter o rätter,0.0,g
1460,Nöt oxtunga rimmad kokt,EPA (C20:5),Inälvor organ produkter o rätter,0.0,g
1460,Nöt oxtunga rimmad kokt,Arakidonsyra C20:4,Inälvor organ produkter o rätter,0.1,g
1460,Nöt oxtunga rimmad kokt,Arakidinsyra C20:0,Inälvor organ produkter o rätter,0.0,g
1460,Nöt oxtunga rimmad kokt,Linolensyra C18:3,Inälvor organ produkter o rätter,0.2,g
1460,Nöt oxtunga rimmad kokt,Linolsyra C18:2,Inälvor organ produkter o rätter,0.5,g
1460,Nöt oxtunga rimmad kokt,Oljesyra C18:1,Inälvor organ produkter o rätter,9.7,g
1460,Nöt oxtunga rimmad kokt,Stearinsyra C18:0,Inälvor organ produkter o rätter,2.6,g
1460,Nöt oxtunga rimmad kokt,Palmitoljesyra C16:1,Inälvor organ produkter o rätter,1.2,g
1460,Nöt oxtunga rimmad kokt,Palmitinsyra C16:0,Inälvor organ produkter o rätter,5.8,g
1460,Nöt oxtunga rimmad kokt,Myristinsyra C14:0,Inälvor organ produkter o rätter,0.7,g
1460,Nöt oxtunga rimmad kokt,Laurinsyra C12:0,Inälvor organ produkter o rätter,0.0,g
1460,Nöt oxtunga rimmad kokt,Betakaroten/β-Karoten,Inälvor organ produkter o rätter,23.0,µg
1460,Nöt oxtunga rimmad kokt,Avfall (skal etc.),Inälvor organ produkter o rätter,0.0,%
1460,Nöt oxtunga rimmad kokt,Aska,Inälvor organ produkter o rätter,3.4,g
1460,Nöt oxtunga rimmad kokt,Alkohol,Inälvor organ produkter o rätter,0.0,g
1461,Lever stuvad hemlagad,"Zink, Zn",Inälvor organ produkter o rätter,2.6,mg
1461,Lever stuvad hemlagad,Vitamin E,Inälvor organ produkter o rätter,0.8,mg
1461,Lever stuvad hemlagad,Vitamin D,Inälvor organ produkter o rätter,0.51,µg
1461,Lever stuvad hemlagad,Vitamin C,Inälvor organ produkter o rätter,12.0,mg
1461,Lever stuvad hemlagad,Vitamin B6,Inälvor organ produkter o rätter,0.56,mg
1461,Lever stuvad hemlagad,Vitamin B12,Inälvor organ produkter o rätter,31.0,µg
1461,Lever stuvad hemlagad,Vitamin A,Inälvor organ produkter o rätter,4944.1,RE/µg
1461,Lever stuvad hemlagad,Vatten,Inälvor organ produkter o rätter,72.0,g
1461,Lever stuvad hemlagad,Tiamin,Inälvor organ produkter o rätter,0.18,mg
1461,Lever stuvad hemlagad,Tillsatt socker,Inälvor organ produkter o rätter,0.0,g
1461,Lever stuvad hemlagad,Fritt socker,Inälvor organ produkter o rätter,0.0,g
1461,Lever stuvad hemlagad,"Selen, Se",Inälvor organ produkter o rätter,5.0,µg
1461,Lever stuvad hemlagad,Sackaros,Inälvor organ produkter o rätter,0.4,g
1461,Lever stuvad hemlagad,Riboflavin,Inälvor organ produkter o rätter,1.8,mg
1461,Lever stuvad hemlagad,Retinol,Inälvor organ produkter o rätter,4900.0,µg
1461,Lever stuvad hemlagad,Protein,Inälvor organ produkter o rätter,11.4,g
1461,Lever stuvad hemlagad,Summa fleromättade fettsyror,Inälvor organ produkter o rätter,1.1,g
1461,Lever stuvad hemlagad,"Fosfor, P",Inälvor organ produkter o rätter,225.0,mg
1461,Lever stuvad hemlagad,Niacinekvivalenter,Inälvor organ produkter o rätter,9.29,NE/mg
1461,Lever stuvad hemlagad,Niacin,Inälvor organ produkter o rätter,7.2,mg
1461,Lever stuvad hemlagad,"Salt, NaCl",Inälvor organ produkter o rätter,1.0,g
1461,Lever stuvad hemlagad,"Natrium, Na",Inälvor organ produkter o rätter,415.0,mg
1461,Lever stuvad hemlagad,Monosackarider,Inälvor organ produkter o rätter,0.6,g
1461,Lever stuvad hemlagad,"Sockerarter, totalt",Inälvor organ produkter o rätter,2.6,g
1461,Lever stuvad hemlagad,Summa enkelomättade fettsyror,Inälvor organ produkter o rätter,2.7,g
1461,Lever stuvad hemlagad,"Magnesium, Mg",Inälvor organ produkter o rätter,17.0,mg
1461,Lever stuvad hemlagad,Summa mättade fettsyror,Inälvor organ produkter o rätter,3.0,g
1461,Lever stuvad hemlagad,"Kolhydrater, tillgängliga",Inälvor organ produkter o rätter,6.6,g
1461,Lever stuvad hemlagad,Kolesterol,Inälvor organ produkter o rätter,170.0,mg
1461,Lever stuvad hemlagad,"Kalium, K",Inälvor organ produkter o rätter,225.0,mg
1461,Lever stuvad hemlagad,"Jod, I",Inälvor organ produkter o rätter,50.0,µg
1461,Lever stuvad hemlagad,Fullkorn totalt,Inälvor organ produkter o rätter,0.0,g
1461,Lever stuvad hemlagad,"Folat, totalt",Inälvor organ produkter o rätter,114.0,µg
1461,Lever stuvad hemlagad,Fibrer,Inälvor organ produkter o rätter,0.3,g
1461,Lever stuvad hemlagad,"Fett, totalt",Inälvor organ produkter o rätter,7.5,g
1461,Lever stuvad hemlagad,"Järn, Fe",Inälvor organ produkter o rätter,2.4,mg
1461,Lever stuvad hemlagad,Energi (kJ),Inälvor organ produkter o rätter,586.0,kJ
1461,Lever stuvad hemlagad,Energi (kcal),Inälvor organ produkter o rätter,140.0,kcal
1461,Lever stuvad hemlagad,Disackarider,Inälvor organ produkter o rätter,2.0,g
1461,Lever stuvad hemlagad,"Kalcium, Ca",Inälvor organ produkter o rätter,40.0,mg
1461,Lever stuvad hemlagad,Fettsyra 4:0-10:0,Inälvor organ produkter o rätter,0.2,g
1461,Lever stuvad hemlagad,DHA (C22:6),Inälvor organ produkter o rätter,0.0,g
1461,Lever stuvad hemlagad,DPA (C22:5),Inälvor organ produkter o rätter,0.0,g
1461,Lever stuvad hemlagad,EPA (C20:5),Inälvor organ produkter o rätter,0.0,g
1461,Lever stuvad hemlagad,Arakidonsyra C20:4,Inälvor organ produkter o rätter,0.1,g
1461,Lever stuvad hemlagad,Arakidinsyra C20:0,Inälvor organ produkter o rätter,0.0,g
1461,Lever stuvad hemlagad,Linolensyra C18:3,Inälvor organ produkter o rätter,0.2,g
1461,Lever stuvad hemlagad,Linolsyra C18:2,Inälvor organ produkter o rätter,0.7,g
1461,Lever stuvad hemlagad,Oljesyra C18:1,Inälvor organ produkter o rätter,2.4,g
1461,Lever stuvad hemlagad,Stearinsyra C18:0,Inälvor organ produkter o rätter,0.9,g
1461,Lever stuvad hemlagad,Palmitoljesyra C16:1,Inälvor organ produkter o rätter,0.1,g
1461,Lever stuvad hemlagad,Palmitinsyra C16:0,Inälvor organ produkter o rätter,1.3,g
1461,Lever stuvad hemlagad,Myristinsyra C14:0,Inälvor organ produkter o rätter,0.3,g
1461,Lever stuvad hemlagad,Laurinsyra C12:0,Inälvor organ produkter o rätter,0.2,g
1461,Lever stuvad hemlagad,Betakaroten/β-Karoten,Inälvor organ produkter o rätter,529.0,µg
1461,Lever stuvad hemlagad,Avfall (skal etc.),Inälvor organ produkter o rätter,0.0,%
1461,Lever stuvad hemlagad,Aska,Inälvor organ produkter o rätter,2.2,g
1461,Lever stuvad hemlagad,Alkohol,Inälvor organ produkter o rätter,0.0,g
1462,Gryta m. kalvhjärta grönsaker,"Zink, Zn",Inälvor organ produkter o rätter,0.6,mg
1462,Gryta m. kalvhjärta grönsaker,Vitamin E,Inälvor organ produkter o rätter,0.6,mg
1462,Gryta m. kalvhjärta grönsaker,Vitamin D,Inälvor organ produkter o rätter,0.37,µg
1462,Gryta m. kalvhjärta grönsaker,Vitamin C,Inälvor organ produkter o rätter,10.6,mg
1462,Gryta m. kalvhjärta grönsaker,Vitamin B6,Inälvor organ produkter o rätter,0.12,mg
1462,Gryta m. kalvhjärta grönsaker,Vitamin B12,Inälvor organ produkter o rätter,1.87,µg
1462,Gryta m. kalvhjärta grönsaker,Vitamin A,Inälvor organ produkter o rätter,141.1,RE/µg
1462,Gryta m. kalvhjärta grönsaker,Vatten,Inälvor organ produkter o rätter,82.6,g
1462,Gryta m. kalvhjärta grönsaker,Tiamin,Inälvor organ produkter o rätter,0.08,mg
1462,Gryta m. kalvhjärta grönsaker,Tillsatt socker,Inälvor organ produkter o rätter,0.0,g
1462,Gryta m. kalvhjärta grönsaker,Fritt socker,Inälvor organ produkter o rätter,0.0,g
1462,Gryta m. kalvhjärta grönsaker,"Selen, Se",Inälvor organ produkter o rätter,3.4,µg
1462,Gryta m. kalvhjärta grönsaker,Sackaros,Inälvor organ produkter o rätter,0.8,g
1462,Gryta m. kalvhjärta grönsaker,Riboflavin,Inälvor organ produkter o rätter,0.2,mg
1462,Gryta m. kalvhjärta grönsaker,Retinol,Inälvor organ produkter o rätter,4.8,µg
1462,Gryta m. kalvhjärta grönsaker,Protein,Inälvor organ produkter o rätter,6.8,g
1462,Gryta m. kalvhjärta grönsaker,Summa fleromättade fettsyror,Inälvor organ produkter o rätter,0.6,g
1462,Gryta m. kalvhjärta grönsaker,"Fosfor, P",Inälvor organ produkter o rätter,76.0,mg
1462,Gryta m. kalvhjärta grönsaker,Niacinekvivalenter,Inälvor organ produkter o rätter,4.55,NE/mg
1462,Gryta m. kalvhjärta grönsaker,Niacin,Inälvor organ produkter o rätter,3.32,mg
1462,Gryta m. kalvhjärta grönsaker,"Salt, NaCl",Inälvor organ produkter o rätter,0.4,g
1462,Gryta m. kalvhjärta grönsaker,"Natrium, Na",Inälvor organ produkter o rätter,166.0,mg
1462,Gryta m. kalvhjärta grönsaker,Monosackarider,Inälvor organ produkter o rätter,2.5,g
1462,Gryta m. kalvhjärta grönsaker,"Sockerarter, totalt",Inälvor organ produkter o rätter,3.3,g
1462,Gryta m. kalvhjärta grönsaker,Summa enkelomättade fettsyror,Inälvor organ produkter o rätter,1.9,g
1462,Gryta m. kalvhjärta grönsaker,"Magnesium, Mg",Inälvor organ produkter o rätter,12.0,mg
1462,Gryta m. kalvhjärta grönsaker,Summa mättade fettsyror,Inälvor organ produkter o rätter,1.4,g
1462,Gryta m. kalvhjärta grönsaker,"Kolhydrater, tillgängliga",Inälvor organ produkter o rätter,3.5,g
1462,Gryta m. kalvhjärta grönsaker,Kolesterol,Inälvor organ produkter o rätter,55.5,mg
1462,Gryta m. kalvhjärta grönsaker,"Kalium, K",Inälvor organ produkter o rätter,124.0,mg
1462,Gryta m. kalvhjärta grönsaker,"Jod, I",Inälvor organ produkter o rätter,1.3,µg
1462,Gryta m. kalvhjärta grönsaker,Fullkorn totalt,Inälvor organ produkter o rätter,0.0,g
1462,Gryta m. kalvhjärta grönsaker,"Folat, totalt",Inälvor organ produkter o rätter,17.1,µg
1462,Gryta m. kalvhjärta grönsaker,Fibrer,Inälvor organ produkter o rätter,1.4,g
1462,Gryta m. kalvhjärta grönsaker,"Fett, totalt",Inälvor organ produkter o rätter,4.7,g
1462,Gryta m. kalvhjärta grönsaker,"Järn, Fe",Inälvor organ produkter o rätter,2.1,mg
1462,Gryta m. kalvhjärta grönsaker,Energi (kJ),Inälvor organ produkter o rätter,360.0,kJ
1462,Gryta m. kalvhjärta grönsaker,Energi (kcal),Inälvor organ produkter o rätter,86.0,kcal
1462,Gryta m. kalvhjärta grönsaker,Disackarider,Inälvor organ produkter o rätter,0.8,g
1462,Gryta m. kalvhjärta grönsaker,"Kalcium, Ca",Inälvor organ produkter o rätter,22.0,mg
1462,Gryta m. kalvhjärta grönsaker,Fettsyra 4:0-10:0,Inälvor organ produkter o rätter,0.0,g
1462,Gryta m. kalvhjärta grönsaker,DHA (C22:6),Inälvor organ produkter o rätter,0.0,g
1462,Gryta m. kalvhjärta grönsaker,DPA (C22:5),Inälvor organ produkter o rätter,0.0,g
1462,Gryta m. kalvhjärta grönsaker,EPA (C20:5),Inälvor organ produkter o rätter,0.0,g
1462,Gryta m. kalvhjärta grönsaker,Arakidonsyra C20:4,Inälvor organ produkter o rätter,0.0,g
1462,Gryta m. kalvhjärta grönsaker,Arakidinsyra C20:0,Inälvor organ produkter o rätter,0.0,g
1462,Gryta m. kalvhjärta grönsaker,Linolensyra C18:3,Inälvor organ produkter o rätter,0.1,g
1462,Gryta m. kalvhjärta grönsaker,Linolsyra C18:2,Inälvor organ produkter o rätter,0.4,g
1462,Gryta m. kalvhjärta grönsaker,Oljesyra C18:1,Inälvor organ produkter o rätter,1.8,g
1462,Gryta m. kalvhjärta grönsaker,Stearinsyra C18:0,Inälvor organ produkter o rätter,0.5,g
1462,Gryta m. kalvhjärta grönsaker,Palmitoljesyra C16:1,Inälvor organ produkter o rätter,0.1,g
1462,Gryta m. kalvhjärta grönsaker,Palmitinsyra C16:0,Inälvor organ produkter o rätter,0.7,g
1462,Gryta m. kalvhjärta grönsaker,Myristinsyra C14:0,Inälvor organ produkter o rätter,0.1,g
1462,Gryta m. kalvhjärta grönsaker,Laurinsyra C12:0,Inälvor organ produkter o rätter,0.0,g
1462,Gryta m. kalvhjärta grönsaker,Betakaroten/β-Karoten,Inälvor organ produkter o rätter,1352.0,µg
1462,Gryta m. kalvhjärta grönsaker,Avfall (skal etc.),Inälvor organ produkter o rätter,11.0,%
1462,Gryta m. kalvhjärta grönsaker,Aska,Inälvor organ produkter o rätter,1.0,g
1462,Gryta m. kalvhjärta grönsaker,Alkohol,Inälvor organ produkter o rätter,0.0,g
1463,Korvkaka,"Zink, Zn",Korvrätter,1.4,mg
1463,Korvkaka,Vitamin E,Korvrätter,0.8,mg
1463,Korvkaka,Vitamin D,Korvrätter,0.43,µg
1463,Korvkaka,Vitamin C,Korvrätter,5.5,mg
1463,Korvkaka,Vitamin B6,Korvrätter,0.23,mg
1463,Korvkaka,Vitamin B12,Korvrätter,10.53,µg
1463,Korvkaka,Vitamin A,Korvrätter,2366.1,RE/µg
1463,Korvkaka,Vatten,Korvrätter,72.6,g
1463,Korvkaka,Tiamin,Korvrätter,0.08,mg
1463,Korvkaka,Tillsatt socker,Korvrätter,1.0,g
1463,Korvkaka,Fritt socker,Korvrätter,1.0,g
1463,Korvkaka,"Selen, Se",Korvrätter,7.8,µg
1463,Korvkaka,Sackaros,Korvrätter,0.8,g
1463,Korvkaka,Riboflavin,Korvrätter,0.85,mg
1463,Korvkaka,Retinol,Korvrätter,2357.4,µg
1463,Korvkaka,Protein,Korvrätter,6.9,g
1463,Korvkaka,Summa fleromättade fettsyror,Korvrätter,0.6,g
1463,Korvkaka,"Fosfor, P",Korvrätter,154.0,mg
1463,Korvkaka,Niacinekvivalenter,Korvrätter,3.97,NE/mg
1463,Korvkaka,Niacin,Korvrätter,2.6,mg
1463,Korvkaka,"Salt, NaCl",Korvrätter,0.4,g
1463,Korvkaka,"Natrium, Na",Korvrätter,165.0,mg
1463,Korvkaka,Monosackarider,Korvrätter,3.5,g
1463,Korvkaka,"Sockerarter, totalt",Korvrätter,5.9,g
1463,Korvkaka,Summa enkelomättade fettsyror,Korvrätter,1.1,g
1463,Korvkaka,"Magnesium, Mg",Korvrätter,17.0,mg
1463,Korvkaka,Summa mättade fettsyror,Korvrätter,0.9,g
1463,Korvkaka,"Kolhydrater, tillgängliga",Korvrätter,15.1,g
1463,Korvkaka,Kolesterol,Korvrätter,77.4,mg
1463,Korvkaka,"Kalium, K",Korvrätter,173.0,mg
1463,Korvkaka,"Jod, I",Korvrätter,30.1,µg
1463,Korvkaka,Fullkorn totalt,Korvrätter,5.0,g
1463,Korvkaka,"Folat, totalt",Korvrätter,249.5,µg
1463,Korvkaka,Fibrer,Korvrätter,1.1,g
1463,Korvkaka,"Fett, totalt",Korvrätter,3.0,g
1463,Korvkaka,"Järn, Fe",Korvrätter,2.8,mg
1463,Korvkaka,Energi (kJ),Korvrätter,493.0,kJ
1463,Korvkaka,Energi (kcal),Korvrätter,118.0,kcal
1463,Korvkaka,Disackarider,Korvrätter,2.3,g
1463,Korvkaka,"Kalcium, Ca",Korvrätter,56.0,mg
1463,Korvkaka,Fettsyra 4:0-10:0,Korvrätter,0.1,g
1463,Korvkaka,DHA (C22:6),Korvrätter,0.0,g
1463,Korvkaka,DPA (C22:5),Korvrätter,0.0,g
1463,Korvkaka,EPA (C20:5),Korvrätter,0.0,g
1463,Korvkaka,Arakidonsyra C20:4,Korvrätter,0.1,g
1463,Korvkaka,Arakidinsyra C20:0,Korvrätter,0.0,g
1463,Korvkaka,Linolensyra C18:3,Korvrätter,0.1,g
1463,Korvkaka,Linolsyra C18:2,Korvrätter,0.4,g
1463,Korvkaka,Oljesyra C18:1,Korvrätter,1.0,g
1463,Korvkaka,Stearinsyra C18:0,Korvrätter,0.2,g
1463,Korvkaka,Palmitoljesyra C16:1,Korvrätter,0.0,g
1463,Korvkaka,Palmitinsyra C16:0,Korvrätter,0.5,g
1463,Korvkaka,Myristinsyra C14:0,Korvrätter,0.1,g
1463,Korvkaka,Laurinsyra C12:0,Korvrätter,0.0,g
1463,Korvkaka,Betakaroten/β-Karoten,Korvrätter,88.0,µg
1463,Korvkaka,Avfall (skal etc.),Korvrätter,3.0,%
1463,Korvkaka,Aska,Korvrätter,1.3,g
1463,Korvkaka,Alkohol,Korvrätter,0.0,g
1464,Leversauté kyckling,"Zink, Zn",Inälvor organ produkter o rätter,1.3,mg
1464,Leversauté kyckling,Vitamin E,Inälvor organ produkter o rätter,2.4,mg
1464,Leversauté kyckling,Vitamin D,Inälvor organ produkter o rätter,0.37,µg
1464,Leversauté kyckling,Vitamin C,Inälvor organ produkter o rätter,16.7,mg
1464,Leversauté kyckling,Vitamin B6,Inälvor organ produkter o rätter,0.22,mg
1464,Leversauté kyckling,Vitamin B12,Inälvor organ produkter o rätter,7.64,µg
1464,Leversauté kyckling,Vitamin A,Inälvor organ produkter o rätter,4533.4,RE/µg
1464,Leversauté kyckling,Vatten,Inälvor organ produkter o rätter,73.5,g
1464,Leversauté kyckling,Tiamin,Inälvor organ produkter o rätter,0.13,mg
1464,Leversauté kyckling,Tillsatt socker,Inälvor organ produkter o rätter,0.0,g
1464,Leversauté kyckling,Fritt socker,Inälvor organ produkter o rätter,0.0,g
1464,Leversauté kyckling,"Selen, Se",Inälvor organ produkter o rätter,26.2,µg
1464,Leversauté kyckling,Sackaros,Inälvor organ produkter o rätter,0.2,g
1464,Leversauté kyckling,Riboflavin,Inälvor organ produkter o rätter,0.89,mg
1464,Leversauté kyckling,Retinol,Inälvor organ produkter o rätter,4525.0,µg
1464,Leversauté kyckling,Protein,Inälvor organ produkter o rätter,10.6,g
1464,Leversauté kyckling,Summa fleromättade fettsyror,Inälvor organ produkter o rätter,1.7,g
1464,Leversauté kyckling,"Fosfor, P",Inälvor organ produkter o rätter,179.0,mg
1464,Leversauté kyckling,Niacinekvivalenter,Inälvor organ produkter o rätter,8.28,NE/mg
1464,Leversauté kyckling,Niacin,Inälvor organ produkter o rätter,6.34,mg
1464,Leversauté kyckling,"Salt, NaCl",Inälvor organ produkter o rätter,1.5,g
1464,Leversauté kyckling,"Natrium, Na",Inälvor organ produkter o rätter,587.0,mg
1464,Leversauté kyckling,Monosackarider,Inälvor organ produkter o rätter,0.2,g
1464,Leversauté kyckling,"Sockerarter, totalt",Inälvor organ produkter o rätter,0.8,g
1464,Leversauté kyckling,Summa enkelomättade fettsyror,Inälvor organ produkter o rätter,3.4,g
1464,Leversauté kyckling,"Magnesium, Mg",Inälvor organ produkter o rätter,15.0,mg
1464,Leversauté kyckling,Summa mättade fettsyror,Inälvor organ produkter o rätter,3.1,g
1464,Leversauté kyckling,"Kolhydrater, tillgängliga",Inälvor organ produkter o rätter,3.5,g
1464,Leversauté kyckling,Kolesterol,Inälvor organ produkter o rätter,217.6,mg
1464,Leversauté kyckling,"Kalium, K",Inälvor organ produkter o rätter,126.0,mg
1464,Leversauté kyckling,"Jod, I",Inälvor organ produkter o rätter,25.5,µg
1464,Leversauté kyckling,Fullkorn totalt,Inälvor organ produkter o rätter,0.0,g
1464,Leversauté kyckling,"Folat, totalt",Inälvor organ produkter o rätter,312.9,µg
1464,Leversauté kyckling,Fibrer,Inälvor organ produkter o rätter,0.6,g
1464,Leversauté kyckling,"Fett, totalt",Inälvor organ produkter o rätter,9.2,g
1464,Leversauté kyckling,"Järn, Fe",Inälvor organ produkter o rätter,3.6,mg
1464,Leversauté kyckling,Energi (kJ),Inälvor organ produkter o rätter,587.0,kJ
1464,Leversauté kyckling,Energi (kcal),Inälvor organ produkter o rätter,140.0,kcal
1464,Leversauté kyckling,Disackarider,Inälvor organ produkter o rätter,0.6,g
1464,Leversauté kyckling,"Kalcium, Ca",Inälvor organ produkter o rätter,19.0,mg
1464,Leversauté kyckling,Fettsyra 4:0-10:0,Inälvor organ produkter o rätter,0.3,g
1464,Leversauté kyckling,DHA (C22:6),Inälvor organ produkter o rätter,0.1,g
1464,Leversauté kyckling,DPA (C22:5),Inälvor organ produkter o rätter,0.0,g
1464,Leversauté kyckling,EPA (C20:5),Inälvor organ produkter o rätter,0.1,g
1464,Leversauté kyckling,Arakidonsyra C20:4,Inälvor organ produkter o rätter,0.1,g
1464,Leversauté kyckling,Arakidinsyra C20:0,Inälvor organ produkter o rätter,0.0,g
1464,Leversauté kyckling,Linolensyra C18:3,Inälvor organ produkter o rätter,0.3,g
1464,Leversauté kyckling,Linolsyra C18:2,Inälvor organ produkter o rätter,1.1,g
1464,Leversauté kyckling,Oljesyra C18:1,Inälvor organ produkter o rätter,3.2,g
1464,Leversauté kyckling,Stearinsyra C18:0,Inälvor organ produkter o rätter,0.7,g
1464,Leversauté kyckling,Palmitoljesyra C16:1,Inälvor organ produkter o rätter,0.1,g
1464,Leversauté kyckling,Palmitinsyra C16:0,Inälvor organ produkter o rätter,1.6,g
1464,Leversauté kyckling,Myristinsyra C14:0,Inälvor organ produkter o rätter,0.4,g
1464,Leversauté kyckling,Laurinsyra C12:0,Inälvor organ produkter o rätter,0.1,g
1464,Leversauté kyckling,Betakaroten/β-Karoten,Inälvor organ produkter o rätter,30.0,µg
1464,Leversauté kyckling,Avfall (skal etc.),Inälvor organ produkter o rätter,0.0,%
1464,Leversauté kyckling,Aska,Inälvor organ produkter o rätter,2.3,g
1464,Leversauté kyckling,Alkohol,Inälvor organ produkter o rätter,0.07,g
1465,Gryta levergryta nöt,"Zink, Zn",Inälvor organ produkter o rätter,2.3,mg
1465,Gryta levergryta nöt,Vitamin E,Inälvor organ produkter o rätter,1.4,mg
1465,Gryta levergryta nöt,Vitamin D,Inälvor organ produkter o rätter,0.32,µg
1465,Gryta levergryta nöt,Vitamin C,Inälvor organ produkter o rätter,16.7,mg
1465,Gryta levergryta nöt,Vitamin B6,Inälvor organ produkter o rätter,0.33,mg
1465,Gryta levergryta nöt,Vitamin B12,Inälvor organ produkter o rätter,29.2,µg
1465,Gryta levergryta nöt,Vitamin A,Inälvor organ produkter o rätter,7599.9,RE/µg
1465,Gryta levergryta nöt,Vatten,Inälvor organ produkter o rätter,70.1,g
1465,Gryta levergryta nöt,Tiamin,Inälvor organ produkter o rätter,0.09,mg
1465,Gryta levergryta nöt,Tillsatt socker,Inälvor organ produkter o rätter,0.0,g
1465,Gryta levergryta nöt,Fritt socker,Inälvor organ produkter o rätter,0.0,g
1465,Gryta levergryta nöt,"Selen, Se",Inälvor organ produkter o rätter,8.5,µg
1465,Gryta levergryta nöt,Sackaros,Inälvor organ produkter o rätter,0.4,g
1465,Gryta levergryta nöt,Riboflavin,Inälvor organ produkter o rätter,1.59,mg
1465,Gryta levergryta nöt,Retinol,Inälvor organ produkter o rätter,7548.7,µg
1465,Gryta levergryta nöt,Protein,Inälvor organ produkter o rätter,12.0,g
1465,Gryta levergryta nöt,Summa fleromättade fettsyror,Inälvor organ produkter o rätter,1.3,g
1465,Gryta levergryta nöt,"Fosfor, P",Inälvor organ produkter o rätter,223.0,mg
1465,Gryta levergryta nöt,Niacinekvivalenter,Inälvor organ produkter o rätter,8.27,NE/mg
1465,Gryta levergryta nöt,Niacin,Inälvor organ produkter o rätter,6.04,mg
1465,Gryta levergryta nöt,"Salt, NaCl",Inälvor organ produkter o rätter,1.2,g
1465,Gryta levergryta nöt,"Natrium, Na",Inälvor organ produkter o rätter,490.0,mg
1465,Gryta levergryta nöt,Monosackarider,Inälvor organ produkter o rätter,0.7,g
1465,Gryta levergryta nöt,"Sockerarter, totalt",Inälvor organ produkter o rätter,2.1,g
1465,Gryta levergryta nöt,Summa enkelomättade fettsyror,Inälvor organ produkter o rätter,3.0,g
1465,Gryta levergryta nöt,"Magnesium, Mg",Inälvor organ produkter o rätter,26.0,mg
1465,Gryta levergryta nöt,Summa mättade fettsyror,Inälvor organ produkter o rätter,3.1,g
1465,Gryta levergryta nöt,"Kolhydrater, tillgängliga",Inälvor organ produkter o rätter,6.7,g
1465,Gryta levergryta nöt,Kolesterol,Inälvor organ produkter o rätter,169.2,mg
1465,Gryta levergryta nöt,"Kalium, K",Inälvor organ produkter o rätter,173.0,mg
1465,Gryta levergryta nöt,"Jod, I",Inälvor organ produkter o rätter,35.5,µg
1465,Gryta levergryta nöt,Fullkorn totalt,Inälvor organ produkter o rätter,0.0,g
1465,Gryta levergryta nöt,"Folat, totalt",Inälvor organ produkter o rätter,797.6,µg
1465,Gryta levergryta nöt,Fibrer,Inälvor organ produkter o rätter,0.5,g
1465,Gryta levergryta nöt,"Fett, totalt",Inälvor organ produkter o rätter,8.3,g
1465,Gryta levergryta nöt,"Järn, Fe",Inälvor organ produkter o rätter,5.1,mg
1465,Gryta levergryta nöt,Energi (kJ),Inälvor organ produkter o rätter,633.0,kJ
1465,Gryta levergryta nöt,Energi (kcal),Inälvor organ produkter o rätter,151.0,kcal
1465,Gryta levergryta nöt,Disackarider,Inälvor organ produkter o rätter,1.4,g
1465,Gryta levergryta nöt,"Kalcium, Ca",Inälvor organ produkter o rätter,40.0,mg
1465,Gryta levergryta nöt,Fettsyra 4:0-10:0,Inälvor organ produkter o rätter,0.3,g
1465,Gryta levergryta nöt,DHA (C22:6),Inälvor organ produkter o rätter,0.0,g
1465,Gryta levergryta nöt,DPA (C22:5),Inälvor organ produkter o rätter,0.1,g
1465,Gryta levergryta nöt,EPA (C20:5),Inälvor organ produkter o rätter,0.0,g
1465,Gryta levergryta nöt,Arakidonsyra C20:4,Inälvor organ produkter o rätter,0.1,g
1465,Gryta levergryta nöt,Arakidinsyra C20:0,Inälvor organ produkter o rätter,0.0,g
1465,Gryta levergryta nöt,Linolensyra C18:3,Inälvor organ produkter o rätter,0.3,g
1465,Gryta levergryta nöt,Linolsyra C18:2,Inälvor organ produkter o rätter,0.8,g
1465,Gryta levergryta nöt,Oljesyra C18:1,Inälvor organ produkter o rätter,2.8,g
1465,Gryta levergryta nöt,Stearinsyra C18:0,Inälvor organ produkter o rätter,0.7,g
1465,Gryta levergryta nöt,Palmitoljesyra C16:1,Inälvor organ produkter o rätter,0.1,g
1465,Gryta levergryta nöt,Palmitinsyra C16:0,Inälvor organ produkter o rätter,1.6,g
1465,Gryta levergryta nöt,Myristinsyra C14:0,Inälvor organ produkter o rätter,0.4,g
1465,Gryta levergryta nöt,Laurinsyra C12:0,Inälvor organ produkter o rätter,0.1,g
1465,Gryta levergryta nöt,Betakaroten/β-Karoten,Inälvor organ produkter o rätter,557.0,µg
1465,Gryta levergryta nöt,Avfall (skal etc.),Inälvor organ produkter o rätter,4.0,%
1465,Gryta levergryta nöt,Aska,Inälvor organ produkter o rätter,2.2,g
1465,Gryta levergryta nöt,Alkohol,Inälvor organ produkter o rätter,0.0,g
1466,Njursauté,"Zink, Zn",Inälvor organ produkter o rätter,1.3,mg
1466,Njursauté,Vitamin E,Inälvor organ produkter o rätter,1.1,mg
1466,Njursauté,Vitamin D,Inälvor organ produkter o rätter,0.46,µg
1466,Njursauté,Vitamin C,Inälvor organ produkter o rätter,8.9,mg
1466,Njursauté,Vitamin B6,Inälvor organ produkter o rätter,0.14,mg
1466,Njursauté,Vitamin B12,Inälvor organ produkter o rätter,10.65,µg
1466,Njursauté,Vitamin A,Inälvor organ produkter o rätter,80.2,RE/µg
1466,Njursauté,Vatten,Inälvor organ produkter o rätter,76.0,g
1466,Njursauté,Tiamin,Inälvor organ produkter o rätter,0.15,mg
1466,Njursauté,Tillsatt socker,Inälvor organ produkter o rätter,0.0,g
1466,Njursauté,Fritt socker,Inälvor organ produkter o rätter,0.0,g
1466,Njursauté,"Selen, Se",Inälvor organ produkter o rätter,49.1,µg
1466,Njursauté,Sackaros,Inälvor organ produkter o rätter,0.3,g
1466,Njursauté,Riboflavin,Inälvor organ produkter o rätter,1.08,mg
1466,Njursauté,Retinol,Inälvor organ produkter o rätter,71.6,µg
1466,Njursauté,Protein,Inälvor organ produkter o rätter,9.1,g
1466,Njursauté,Summa fleromättade fettsyror,Inälvor organ produkter o rätter,1.2,g
1466,Njursauté,"Fosfor, P",Inälvor organ produkter o rätter,145.0,mg
1466,Njursauté,Niacinekvivalenter,Inälvor organ produkter o rätter,5.42,NE/mg
1466,Njursauté,Niacin,Inälvor organ produkter o rätter,3.75,mg
1466,Njursauté,"Salt, NaCl",Inälvor organ produkter o rätter,1.5,g
1466,Njursauté,"Natrium, Na",Inälvor organ produkter o rätter,582.0,mg
1466,Njursauté,Monosackarider,Inälvor organ produkter o rätter,0.4,g
1466,Njursauté,"Sockerarter, totalt",Inälvor organ produkter o rätter,1.1,g
1466,Njursauté,Summa enkelomättade fettsyror,Inälvor organ produkter o rätter,3.1,g
1466,Njursauté,"Magnesium, Mg",Inälvor organ produkter o rätter,15.0,mg
1466,Njursauté,Summa mättade fettsyror,Inälvor organ produkter o rätter,3.0,g
1466,Njursauté,"Kolhydrater, tillgängliga",Inälvor organ produkter o rätter,3.3,g
1466,Njursauté,Kolesterol,Inälvor organ produkter o rätter,193.2,mg
1466,Njursauté,"Kalium, K",Inälvor organ produkter o rätter,123.0,mg
1466,Njursauté,"Jod, I",Inälvor organ produkter o rätter,23.7,µg
1466,Njursauté,Fullkorn totalt,Inälvor organ produkter o rätter,0.0,g
1466,Njursauté,"Folat, totalt",Inälvor organ produkter o rätter,25.2,µg
1466,Njursauté,Fibrer,Inälvor organ produkter o rätter,0.7,g
1466,Njursauté,"Fett, totalt",Inälvor organ produkter o rätter,8.4,g
1466,Njursauté,"Järn, Fe",Inälvor organ produkter o rätter,2.8,mg
1466,Njursauté,Energi (kJ),Inälvor organ produkter o rätter,531.0,kJ
1466,Njursauté,Energi (kcal),Inälvor organ produkter o rätter,127.0,kcal
1466,Njursauté,Disackarider,Inälvor organ produkter o rätter,0.7,g
1466,Njursauté,"Kalcium, Ca",Inälvor organ produkter o rätter,23.0,mg
1466,Njursauté,Fettsyra 4:0-10:0,Inälvor organ produkter o rätter,0.2,g
1466,Njursauté,DHA (C22:6),Inälvor organ produkter o rätter,0.0,g
1466,Njursauté,DPA (C22:5),Inälvor organ produkter o rätter,0.0,g
1466,Njursauté,EPA (C20:5),Inälvor organ produkter o rätter,0.0,g
1466,Njursauté,Arakidonsyra C20:4,Inälvor organ produkter o rätter,0.1,g
1466,Njursauté,Arakidinsyra C20:0,Inälvor organ produkter o rätter,0.0,g
1466,Njursauté,Linolensyra C18:3,Inälvor organ produkter o rätter,0.3,g
1466,Njursauté,Linolsyra C18:2,Inälvor organ produkter o rätter,0.9,g
1466,Njursauté,Oljesyra C18:1,Inälvor organ produkter o rätter,2.9,g
1466,Njursauté,Stearinsyra C18:0,Inälvor organ produkter o rätter,0.8,g
1466,Njursauté,Palmitoljesyra C16:1,Inälvor organ produkter o rätter,0.1,g
1466,Njursauté,Palmitinsyra C16:0,Inälvor organ produkter o rätter,1.5,g
1466,Njursauté,Myristinsyra C14:0,Inälvor organ produkter o rätter,0.3,g
1466,Njursauté,Laurinsyra C12:0,Inälvor organ produkter o rätter,0.1,g
1466,Njursauté,Betakaroten/β-Karoten,Inälvor organ produkter o rätter,43.0,µg
1466,Njursauté,Avfall (skal etc.),Inälvor organ produkter o rätter,3.0,%
1466,Njursauté,Aska,Inälvor organ produkter o rätter,2.3,g
1466,Njursauté,Alkohol,Inälvor organ produkter o rätter,0.06,g
1467,Leverbiff mald lever stekt frysvara,"Zink, Zn",Inälvor organ produkter o rätter,3.3,mg
1467,Leverbiff mald lever stekt frysvara,Vitamin E,Inälvor organ produkter o rätter,1.0,mg
1467,Leverbiff mald lever stekt frysvara,Vitamin D,Inälvor organ produkter o rätter,0.47,µg
1467,Leverbiff mald lever stekt frysvara,Vitamin C,Inälvor organ produkter o rätter,0.0,mg
1467,Leverbiff mald lever stekt frysvara,Vitamin B6,Inälvor organ produkter o rätter,0.52,mg
1467,Leverbiff mald lever stekt frysvara,Vitamin B12,Inälvor organ produkter o rätter,43.4,µg
1467,Leverbiff mald lever stekt frysvara,Vitamin A,Inälvor organ produkter o rätter,2483.3,RE/µg
1467,Leverbiff mald lever stekt frysvara,Vatten,Inälvor organ produkter o rätter,58.0,g
1467,Leverbiff mald lever stekt frysvara,Tiamin,Inälvor organ produkter o rätter,0.26,mg
1467,Leverbiff mald lever stekt frysvara,Tillsatt socker,Inälvor organ produkter o rätter,0.0,g
1467,Leverbiff mald lever stekt frysvara,Fritt socker,Inälvor organ produkter o rätter,0.0,g
1467,Leverbiff mald lever stekt frysvara,"Selen, Se",Inälvor organ produkter o rätter,10.0,µg
1467,Leverbiff mald lever stekt frysvara,Sackaros,Inälvor organ produkter o rätter,0.1,g
1467,Leverbiff mald lever stekt frysvara,Riboflavin,Inälvor organ produkter o rätter,0.66,mg
1467,Leverbiff mald lever stekt frysvara,Retinol,Inälvor organ produkter o rätter,2470.0,µg
1467,Leverbiff mald lever stekt frysvara,Protein,Inälvor organ produkter o rätter,15.2,g
1467,Leverbiff mald lever stekt frysvara,Summa fleromättade fettsyror,Inälvor organ produkter o rätter,2.1,g
1467,Leverbiff mald lever stekt frysvara,"Fosfor, P",Inälvor organ produkter o rätter,182.0,mg
1467,Leverbiff mald lever stekt frysvara,Niacinekvivalenter,Inälvor organ produkter o rätter,7.79,NE/mg
1467,Leverbiff mald lever stekt frysvara,Niacin,Inälvor organ produkter o rätter,5.0,mg
1467,Leverbiff mald lever stekt frysvara,"Salt, NaCl",Inälvor organ produkter o rätter,1.8,g
1467,Leverbiff mald lever stekt frysvara,"Natrium, Na",Inälvor organ produkter o rätter,730.0,mg
1467,Leverbiff mald lever stekt frysvara,Monosackarider,Inälvor organ produkter o rätter,0.2,g
1467,Leverbiff mald lever stekt frysvara,"Sockerarter, totalt",Inälvor organ produkter o rätter,0.3,g
1467,Leverbiff mald lever stekt frysvara,Summa enkelomättade fettsyror,Inälvor organ produkter o rätter,6.3,g
1467,Leverbiff mald lever stekt frysvara,"Magnesium, Mg",Inälvor organ produkter o rätter,20.0,mg
1467,Leverbiff mald lever stekt frysvara,Summa mättade fettsyror,Inälvor organ produkter o rätter,5.3,g
1467,Leverbiff mald lever stekt frysvara,"Kolhydrater, tillgängliga",Inälvor organ produkter o rätter,8.1,g
1467,Leverbiff mald lever stekt frysvara,Kolesterol,Inälvor organ produkter o rätter,130.0,mg
1467,Leverbiff mald lever stekt frysvara,"Kalium, K",Inälvor organ produkter o rätter,380.0,mg
1467,Leverbiff mald lever stekt frysvara,"Jod, I",Inälvor organ produkter o rätter,22.1,µg
1467,Leverbiff mald lever stekt frysvara,Fullkorn totalt,Inälvor organ produkter o rätter,0.0,g
1467,Leverbiff mald lever stekt frysvara,"Folat, totalt",Inälvor organ produkter o rätter,59.4,µg
1467,Leverbiff mald lever stekt frysvara,Fibrer,Inälvor organ produkter o rätter,0.7,g
1467,Leverbiff mald lever stekt frysvara,"Fett, totalt",Inälvor organ produkter o rätter,14.4,g
1467,Leverbiff mald lever stekt frysvara,"Järn, Fe",Inälvor organ produkter o rätter,4.6,mg
1467,Leverbiff mald lever stekt frysvara,Energi (kJ),Inälvor organ produkter o rätter,934.0,kJ
1467,Leverbiff mald lever stekt frysvara,Energi (kcal),Inälvor organ produkter o rätter,223.0,kcal
1467,Leverbiff mald lever stekt frysvara,Disackarider,Inälvor organ produkter o rätter,0.1,g
1467,Leverbiff mald lever stekt frysvara,"Kalcium, Ca",Inälvor organ produkter o rätter,31.0,mg
1467,Leverbiff mald lever stekt frysvara,Fettsyra 4:0-10:0,Inälvor organ produkter o rätter,0.0,g
1467,Leverbiff mald lever stekt frysvara,DHA (C22:6),Inälvor organ produkter o rätter,0.1,g
1467,Leverbiff mald lever stekt frysvara,DPA (C22:5),Inälvor organ produkter o rätter,0.0,g
1467,Leverbiff mald lever stekt frysvara,EPA (C20:5),Inälvor organ produkter o rätter,0.0,g
1467,Leverbiff mald lever stekt frysvara,Arakidonsyra C20:4,Inälvor organ produkter o rätter,0.2,g
1467,Leverbiff mald lever stekt frysvara,Arakidinsyra C20:0,Inälvor organ produkter o rätter,0.0,g
1467,Leverbiff mald lever stekt frysvara,Linolensyra C18:3,Inälvor organ produkter o rätter,0.1,g
1467,Leverbiff mald lever stekt frysvara,Linolsyra C18:2,Inälvor organ produkter o rätter,1.5,g
1467,Leverbiff mald lever stekt frysvara,Oljesyra C18:1,Inälvor organ produkter o rätter,5.6,g
1467,Leverbiff mald lever stekt frysvara,Stearinsyra C18:0,Inälvor organ produkter o rätter,1.9,g
1467,Leverbiff mald lever stekt frysvara,Palmitoljesyra C16:1,Inälvor organ produkter o rätter,0.4,g
1467,Leverbiff mald lever stekt frysvara,Palmitinsyra C16:0,Inälvor organ produkter o rätter,3.2,g
1467,Leverbiff mald lever stekt frysvara,Myristinsyra C14:0,Inälvor organ produkter o rätter,0.2,g
1467,Leverbiff mald lever stekt frysvara,Laurinsyra C12:0,Inälvor organ produkter o rätter,0.0,g
1467,Leverbiff mald lever stekt frysvara,Betakaroten/β-Karoten,Inälvor organ produkter o rätter,160.0,µg
1467,Leverbiff mald lever stekt frysvara,Avfall (skal etc.),Inälvor organ produkter o rätter,0.0,%
1467,Leverbiff mald lever stekt frysvara,Aska,Inälvor organ produkter o rätter,3.6,g
1467,Leverbiff mald lever stekt frysvara,Alkohol,Inälvor organ produkter o rätter,0.0,g
1468,Gryta levergryta m. grönsaker frysvara,"Zink, Zn",Inälvor organ produkter o rätter,1.6,mg
1468,Gryta levergryta m. grönsaker frysvara,Vitamin E,Inälvor organ produkter o rätter,1.0,mg
1468,Gryta levergryta m. grönsaker frysvara,Vitamin D,Inälvor organ produkter o rätter,0.34,µg
1468,Gryta levergryta m. grönsaker frysvara,Vitamin C,Inälvor organ produkter o rätter,10.9,mg
1468,Gryta levergryta m. grönsaker frysvara,Vitamin B6,Inälvor organ produkter o rätter,0.36,mg
1468,Gryta levergryta m. grönsaker frysvara,Vitamin B12,Inälvor organ produkter o rätter,38.0,µg
1468,Gryta levergryta m. grönsaker frysvara,Vitamin A,Inälvor organ produkter o rätter,4928.1,RE/µg
1468,Gryta levergryta m. grönsaker frysvara,Vatten,Inälvor organ produkter o rätter,77.1,g
1468,Gryta levergryta m. grönsaker frysvara,Tiamin,Inälvor organ produkter o rätter,0.1,mg
1468,Gryta levergryta m. grönsaker frysvara,Tillsatt socker,Inälvor organ produkter o rätter,0.0,g
1468,Gryta levergryta m. grönsaker frysvara,Fritt socker,Inälvor organ produkter o rätter,0.0,g
1468,Gryta levergryta m. grönsaker frysvara,"Selen, Se",Inälvor organ produkter o rätter,3.5,µg
1468,Gryta levergryta m. grönsaker frysvara,Sackaros,Inälvor organ produkter o rätter,0.4,g
1468,Gryta levergryta m. grönsaker frysvara,Riboflavin,Inälvor organ produkter o rätter,1.12,mg
1468,Gryta levergryta m. grönsaker frysvara,Retinol,Inälvor organ produkter o rätter,4880.0,µg
1468,Gryta levergryta m. grönsaker frysvara,Protein,Inälvor organ produkter o rätter,8.1,g
1468,Gryta levergryta m. grönsaker frysvara,Summa fleromättade fettsyror,Inälvor organ produkter o rätter,0.7,g
1468,Gryta levergryta m. grönsaker frysvara,"Fosfor, P",Inälvor organ produkter o rätter,145.0,mg
1468,Gryta levergryta m. grönsaker frysvara,Niacinekvivalenter,Inälvor organ produkter o rätter,5.14,NE/mg
1468,Gryta levergryta m. grönsaker frysvara,Niacin,Inälvor organ produkter o rätter,3.65,mg
1468,Gryta levergryta m. grönsaker frysvara,"Salt, NaCl",Inälvor organ produkter o rätter,1.0,g
1468,Gryta levergryta m. grönsaker frysvara,"Natrium, Na",Inälvor organ produkter o rätter,408.0,mg
1468,Gryta levergryta m. grönsaker frysvara,Monosackarider,Inälvor organ produkter o rätter,2.1,g
1468,Gryta levergryta m. grönsaker frysvara,"Sockerarter, totalt",Inälvor organ produkter o rätter,2.5,g
1468,Gryta levergryta m. grönsaker frysvara,Summa enkelomättade fettsyror,Inälvor organ produkter o rätter,1.7,g
1468,Gryta levergryta m. grönsaker frysvara,"Magnesium, Mg",Inälvor organ produkter o rätter,24.0,mg
1468,Gryta levergryta m. grönsaker frysvara,Summa mättade fettsyror,Inälvor organ produkter o rätter,1.6,g
1468,Gryta levergryta m. grönsaker frysvara,"Kolhydrater, tillgängliga",Inälvor organ produkter o rätter,7.0,g
1468,Gryta levergryta m. grönsaker frysvara,Kolesterol,Inälvor organ produkter o rätter,107.0,mg
1468,Gryta levergryta m. grönsaker frysvara,"Kalium, K",Inälvor organ produkter o rätter,241.0,mg
1468,Gryta levergryta m. grönsaker frysvara,Fullkorn totalt,Inälvor organ produkter o rätter,0.0,g
1468,Gryta levergryta m. grönsaker frysvara,"Folat, totalt",Inälvor organ produkter o rätter,72.5,µg
1468,Gryta levergryta m. grönsaker frysvara,Fibrer,Inälvor organ produkter o rätter,1.3,g
1468,Gryta levergryta m. grönsaker frysvara,"Fett, totalt",Inälvor organ produkter o rätter,4.4,g
1468,Gryta levergryta m. grönsaker frysvara,"Järn, Fe",Inälvor organ produkter o rätter,3.8,mg
1468,Gryta levergryta m. grönsaker frysvara,Energi (kJ),Inälvor organ produkter o rätter,430.0,kJ
1468,Gryta levergryta m. grönsaker frysvara,Energi (kcal),Inälvor organ produkter o rätter,103.0,kcal
1468,Gryta levergryta m. grönsaker frysvara,Disackarider,Inälvor organ produkter o rätter,0.4,g
1468,Gryta levergryta m. grönsaker frysvara,"Kalcium, Ca",Inälvor organ produkter o rätter,22.0,mg
1468,Gryta levergryta m. grönsaker frysvara,Fettsyra 4:0-10:0,Inälvor organ produkter o rätter,0.0,g
1468,Gryta levergryta m. grönsaker frysvara,DHA (C22:6),Inälvor organ produkter o rätter,0.0,g
1468,Gryta levergryta m. grönsaker frysvara,DPA (C22:5),Inälvor organ produkter o rätter,0.0,g
1468,Gryta levergryta m. grönsaker frysvara,EPA (C20:5),Inälvor organ produkter o rätter,0.0,g
1468,Gryta levergryta m. grönsaker frysvara,Arakidonsyra C20:4,Inälvor organ produkter o rätter,0.1,g
1468,Gryta levergryta m. grönsaker frysvara,Arakidinsyra C20:0,Inälvor organ produkter o rätter,0.0,g
1468,Gryta levergryta m. grönsaker frysvara,Linolensyra C18:3,Inälvor organ produkter o rätter,0.1,g
1468,Gryta levergryta m. grönsaker frysvara,Linolsyra C18:2,Inälvor organ produkter o rätter,0.4,g
1468,Gryta levergryta m. grönsaker frysvara,Oljesyra C18:1,Inälvor organ produkter o rätter,1.5,g
1468,Gryta levergryta m. grönsaker frysvara,Stearinsyra C18:0,Inälvor organ produkter o rätter,0.5,g
1468,Gryta levergryta m. grönsaker frysvara,Palmitoljesyra C16:1,Inälvor organ produkter o rätter,0.1,g
1468,Gryta levergryta m. grönsaker frysvara,Palmitinsyra C16:0,Inälvor organ produkter o rätter,0.7,g
1468,Gryta levergryta m. grönsaker frysvara,Myristinsyra C14:0,Inälvor organ produkter o rätter,0.1,g
1468,Gryta levergryta m. grönsaker frysvara,Laurinsyra C12:0,Inälvor organ produkter o rätter,0.1,g
1468,Gryta levergryta m. grönsaker frysvara,Betakaroten/β-Karoten,Inälvor organ produkter o rätter,577.0,µg
1468,Gryta levergryta m. grönsaker frysvara,Avfall (skal etc.),Inälvor organ produkter o rätter,0.0,%
1468,Gryta levergryta m. grönsaker frysvara,Aska,Inälvor organ produkter o rätter,2.1,g
1468,Gryta levergryta m. grönsaker frysvara,Alkohol,Inälvor organ produkter o rätter,0.0,g
1470,Gåsleverpastej konserv. rökt,"Zink, Zn",Kött processat,2.3,mg
1470,Gåsleverpastej konserv. rökt,Vitamin E,Kött processat,0.3,mg
1470,Gåsleverpastej konserv. rökt,Vitamin D,Kött processat,0.6,µg
1470,Gåsleverpastej konserv. rökt,Vitamin C,Kött processat,0.0,mg
1470,Gåsleverpastej konserv. rökt,Vitamin B6,Kött processat,0.34,mg
1470,Gåsleverpastej konserv. rökt,Vitamin B12,Kött processat,9.4,µg
1470,Gåsleverpastej konserv. rökt,Vitamin A,Kött processat,3000.0,RE/µg
1470,Gåsleverpastej konserv. rökt,Vatten,Kött processat,37.0,g
1470,Gåsleverpastej konserv. rökt,Tiamin,Kött processat,0.09,mg
1470,Gåsleverpastej konserv. rökt,Tillsatt socker,Kött processat,0.0,g
1470,Gåsleverpastej konserv. rökt,Fritt socker,Kött processat,0.0,g
1470,Gåsleverpastej konserv. rökt,"Selen, Se",Kött processat,18.0,µg
1470,Gåsleverpastej konserv. rökt,Sackaros,Kött processat,0.0,g
1470,Gåsleverpastej konserv. rökt,Riboflavin,Kött processat,0.3,mg
1470,Gåsleverpastej konserv. rökt,Retinol,Kött processat,3000.0,µg
1470,Gåsleverpastej konserv. rökt,Protein,Kött processat,11.4,g
1470,Gåsleverpastej konserv. rökt,Summa fleromättade fettsyror,Kött processat,6.5,g
1470,Gåsleverpastej konserv. rökt,"Fosfor, P",Kött processat,182.0,mg
1470,Gåsleverpastej konserv. rökt,Niacinekvivalenter,Kött processat,4.59,NE/mg
1470,Gåsleverpastej konserv. rökt,Niacin,Kött processat,2.5,mg
1470,Gåsleverpastej konserv. rökt,"Salt, NaCl",Kött processat,2.2,g
1470,Gåsleverpastej konserv. rökt,"Natrium, Na",Kött processat,880.0,mg
1470,Gåsleverpastej konserv. rökt,Monosackarider,Kött processat,0.0,g
1470,Gåsleverpastej konserv. rökt,"Sockerarter, totalt",Kött processat,0.4,g
1470,Gåsleverpastej konserv. rökt,Summa enkelomättade fettsyror,Kött processat,19.2,g
1470,Gåsleverpastej konserv. rökt,"Magnesium, Mg",Kött processat,19.0,mg
1470,Gåsleverpastej konserv. rökt,Summa mättade fettsyror,Kött processat,16.2,g
1470,Gåsleverpastej konserv. rökt,"Kolhydrater, tillgängliga",Kött processat,4.6,g
1470,Gåsleverpastej konserv. rökt,Kolesterol,Kött processat,150.0,mg
1470,Gåsleverpastej konserv. rökt,"Kalium, K",Kött processat,184.0,mg
1470,Gåsleverpastej konserv. rökt,Fullkorn totalt,Kött processat,0.0,g
1470,Gåsleverpastej konserv. rökt,"Folat, totalt",Kött processat,114.0,µg
1470,Gåsleverpastej konserv. rökt,Fibrer,Kött processat,0.0,g
1470,Gåsleverpastej konserv. rökt,"Fett, totalt",Kött processat,44.0,g
1470,Gåsleverpastej konserv. rökt,"Järn, Fe",Kött processat,8.0,mg
1470,Gåsleverpastej konserv. rökt,Energi (kJ),Kött processat,1900.0,kJ
1470,Gåsleverpastej konserv. rökt,Energi (kcal),Kött processat,454.0,kcal
1470,Gåsleverpastej konserv. rökt,Disackarider,Kött processat,0.4,g
1470,Gåsleverpastej konserv. rökt,"Kalcium, Ca",Kött processat,22.0,mg
1470,Gåsleverpastej konserv. rökt,Fettsyra 4:0-10:0,Kött processat,0.0,g
1470,Gåsleverpastej konserv. rökt,DHA (C22:6),Kött processat,0.3,g
1470,Gåsleverpastej konserv. rökt,DPA (C22:5),Kött processat,0.2,g
1470,Gåsleverpastej konserv. rökt,EPA (C20:5),Kött processat,0.1,g
1470,Gåsleverpastej konserv. rökt,Arakidonsyra C20:4,Kött processat,0.6,g
1470,Gåsleverpastej konserv. rökt,Arakidinsyra C20:0,Kött processat,0.1,g
1470,Gåsleverpastej konserv. rökt,Linolensyra C18:3,Kött processat,0.4,g
1470,Gåsleverpastej konserv. rökt,Linolsyra C18:2,Kött processat,4.5,g
1470,Gåsleverpastej konserv. rökt,Oljesyra C18:1,Kött processat,17.2,g
1470,Gåsleverpastej konserv. rökt,Stearinsyra C18:0,Kött processat,5.7,g
1470,Gåsleverpastej konserv. rökt,Palmitoljesyra C16:1,Kött processat,1.3,g
1470,Gåsleverpastej konserv. rökt,Palmitinsyra C16:0,Kött processat,9.6,g
1470,Gåsleverpastej konserv. rökt,Myristinsyra C14:0,Kött processat,0.6,g
1470,Gåsleverpastej konserv. rökt,Laurinsyra C12:0,Kött processat,0.0,g
1470,Gåsleverpastej konserv. rökt,Betakaroten/β-Karoten,Kött processat,0.0,µg
1470,Gåsleverpastej konserv. rökt,Avfall (skal etc.),Kött processat,0.0,%
1470,Gåsleverpastej konserv. rökt,Aska,Kött processat,3.0,g
1470,Gåsleverpastej konserv. rökt,Alkohol,Kött processat,0.0,g
1471,Leverpalt,"Zink, Zn",Inälvor organ produkter o rätter,3.3,mg
1471,Leverpalt,Vitamin E,Inälvor organ produkter o rätter,0.3,mg
1471,Leverpalt,Vitamin D,Inälvor organ produkter o rätter,0.3,µg
1471,Leverpalt,Vitamin C,Inälvor organ produkter o rätter,0.0,mg
1471,Leverpalt,Vitamin B6,Inälvor organ produkter o rätter,0.31,mg
1471,Leverpalt,Vitamin B12,Inälvor organ produkter o rätter,31.0,µg
1471,Leverpalt,Vitamin A,Inälvor organ produkter o rätter,4900.9,RE/µg
1471,Leverpalt,Vatten,Inälvor organ produkter o rätter,53.0,g
1471,Leverpalt,Tiamin,Inälvor organ produkter o rätter,0.23,mg
1471,Leverpalt,Tillsatt socker,Inälvor organ produkter o rätter,0.0,g
1471,Leverpalt,Fritt socker,Inälvor organ produkter o rätter,0.0,g
1471,Leverpalt,"Selen, Se",Inälvor organ produkter o rätter,18.0,µg
1471,Leverpalt,Sackaros,Inälvor organ produkter o rätter,0.0,g
1471,Leverpalt,Riboflavin,Inälvor organ produkter o rätter,0.64,mg
1471,Leverpalt,Retinol,Inälvor organ produkter o rätter,4900.0,µg
1471,Leverpalt,Protein,Inälvor organ produkter o rätter,9.9,g
1471,Leverpalt,Summa fleromättade fettsyror,Inälvor organ produkter o rätter,1.8,g
1471,Leverpalt,"Fosfor, P",Inälvor organ produkter o rätter,141.0,mg
1471,Leverpalt,Niacinekvivalenter,Inälvor organ produkter o rätter,5.52,NE/mg
1471,Leverpalt,Niacin,Inälvor organ produkter o rätter,3.7,mg
1471,Leverpalt,"Salt, NaCl",Inälvor organ produkter o rätter,1.0,g
1471,Leverpalt,"Natrium, Na",Inälvor organ produkter o rätter,390.0,mg
1471,Leverpalt,Monosackarider,Inälvor organ produkter o rätter,0.0,g
1471,Leverpalt,"Sockerarter, totalt",Inälvor organ produkter o rätter,0.0,g
1471,Leverpalt,Summa enkelomättade fettsyror,Inälvor organ produkter o rätter,3.2,g
1471,Leverpalt,"Magnesium, Mg",Inälvor organ produkter o rätter,20.0,mg
1471,Leverpalt,Summa mättade fettsyror,Inälvor organ produkter o rätter,3.8,g
1471,Leverpalt,"Kolhydrater, tillgängliga",Inälvor organ produkter o rätter,22.8,g
1471,Leverpalt,Kolesterol,Inälvor organ produkter o rätter,48.0,mg
1471,Leverpalt,"Kalium, K",Inälvor organ produkter o rätter,245.0,mg
1471,Leverpalt,Fullkorn totalt,Inälvor organ produkter o rätter,0.0,g
1471,Leverpalt,"Folat, totalt",Inälvor organ produkter o rätter,114.0,µg
1471,Leverpalt,Fibrer,Inälvor organ produkter o rätter,2.3,g
1471,Leverpalt,"Fett, totalt",Inälvor organ produkter o rätter,9.9,g
1471,Leverpalt,"Järn, Fe",Inälvor organ produkter o rätter,3.8,mg
1471,Leverpalt,Energi (kJ),Inälvor organ produkter o rätter,941.0,kJ
1471,Leverpalt,Energi (kcal),Inälvor organ produkter o rätter,225.0,kcal
1471,Leverpalt,Disackarider,Inälvor organ produkter o rätter,0.0,g
1471,Leverpalt,"Kalcium, Ca",Inälvor organ produkter o rätter,16.0,mg
1471,Leverpalt,Fettsyra 4:0-10:0,Inälvor organ produkter o rätter,0.1,g
1471,Leverpalt,DHA (C22:6),Inälvor organ produkter o rätter,0.0,g
1471,Leverpalt,DPA (C22:5),Inälvor organ produkter o rätter,0.0,g
1471,Leverpalt,EPA (C20:5),Inälvor organ produkter o rätter,0.0,g
1471,Leverpalt,Arakidonsyra C20:4,Inälvor organ produkter o rätter,0.1,g
1471,Leverpalt,Arakidinsyra C20:0,Inälvor organ produkter o rätter,0.0,g
1471,Leverpalt,Linolensyra C18:3,Inälvor organ produkter o rätter,0.1,g
1471,Leverpalt,Linolsyra C18:2,Inälvor organ produkter o rätter,1.5,g
1471,Leverpalt,Oljesyra C18:1,Inälvor organ produkter o rätter,2.8,g
1471,Leverpalt,Stearinsyra C18:0,Inälvor organ produkter o rätter,1.2,g
1471,Leverpalt,Palmitoljesyra C16:1,Inälvor organ produkter o rätter,0.2,g
1471,Leverpalt,Palmitinsyra C16:0,Inälvor organ produkter o rätter,2.3,g
1471,Leverpalt,Myristinsyra C14:0,Inälvor organ produkter o rätter,0.2,g
1471,Leverpalt,Laurinsyra C12:0,Inälvor organ produkter o rätter,0.0,g
1471,Leverpalt,Betakaroten/β-Karoten,Inälvor organ produkter o rätter,11.0,µg
1471,Leverpalt,Avfall (skal etc.),Inälvor organ produkter o rätter,0.0,%
1471,Leverpalt,Aska,Inälvor organ produkter o rätter,2.1,g
1471,Leverpalt,Alkohol,Inälvor organ produkter o rätter,0.0,g
1472,Njurpalt,"Zink, Zn",Inälvor organ produkter o rätter,3.3,mg
1472,Njurpalt,Vitamin E,Inälvor organ produkter o rätter,0.3,mg
1472,Njurpalt,Vitamin D,Inälvor organ produkter o rätter,0.3,µg
1472,Njurpalt,Vitamin C,Inälvor organ produkter o rätter,0.0,mg
1472,Njurpalt,Vitamin B6,Inälvor organ produkter o rätter,0.16,mg
1472,Njurpalt,Vitamin B12,Inälvor organ produkter o rätter,18.9,µg
1472,Njurpalt,Vitamin A,Inälvor organ produkter o rätter,115.8,RE/µg
1472,Njurpalt,Vatten,Inälvor organ produkter o rätter,62.0,g
1472,Njurpalt,Tiamin,Inälvor organ produkter o rätter,0.2,mg
1472,Njurpalt,Tillsatt socker,Inälvor organ produkter o rätter,0.0,g
1472,Njurpalt,Fritt socker,Inälvor organ produkter o rätter,0.0,g
1472,Njurpalt,"Selen, Se",Inälvor organ produkter o rätter,18.0,µg
1472,Njurpalt,Sackaros,Inälvor organ produkter o rätter,0.0,g
1472,Njurpalt,Riboflavin,Inälvor organ produkter o rätter,0.38,mg
1472,Njurpalt,Retinol,Inälvor organ produkter o rätter,115.0,µg
1472,Njurpalt,Protein,Inälvor organ produkter o rätter,8.3,g
1472,Njurpalt,Summa fleromättade fettsyror,Inälvor organ produkter o rätter,0.6,g
1472,Njurpalt,"Fosfor, P",Inälvor organ produkter o rätter,84.0,mg
1472,Njurpalt,Niacinekvivalenter,Inälvor organ produkter o rätter,4.22,NE/mg
1472,Njurpalt,Niacin,Inälvor organ produkter o rätter,2.7,mg
1472,Njurpalt,"Salt, NaCl",Inälvor organ produkter o rätter,1.0,g
1472,Njurpalt,"Natrium, Na",Inälvor organ produkter o rätter,390.0,mg
1472,Njurpalt,Monosackarider,Inälvor organ produkter o rätter,0.0,g
1472,Njurpalt,"Sockerarter, totalt",Inälvor organ produkter o rätter,0.0,g
1472,Njurpalt,Summa enkelomättade fettsyror,Inälvor organ produkter o rätter,0.2,g
1472,Njurpalt,"Magnesium, Mg",Inälvor organ produkter o rätter,20.0,mg
1472,Njurpalt,Summa mättade fettsyror,Inälvor organ produkter o rätter,0.4,g
1472,Njurpalt,"Kolhydrater, tillgängliga",Inälvor organ produkter o rätter,24.6,g
1472,Njurpalt,Kolesterol,Inälvor organ produkter o rätter,48.0,mg
1472,Njurpalt,"Kalium, K",Inälvor organ produkter o rätter,245.0,mg
1472,Njurpalt,Fullkorn totalt,Inälvor organ produkter o rätter,0.0,g
1472,Njurpalt,"Folat, totalt",Inälvor organ produkter o rätter,10.0,µg
1472,Njurpalt,Fibrer,Inälvor organ produkter o rätter,2.3,g
1472,Njurpalt,"Fett, totalt",Inälvor organ produkter o rätter,1.7,g
1472,Njurpalt,"Järn, Fe",Inälvor organ produkter o rätter,3.3,mg
1472,Njurpalt,Energi (kJ),Inälvor organ produkter o rätter,641.0,kJ
1472,Njurpalt,Energi (kcal),Inälvor organ produkter o rätter,153.0,kcal
1472,Njurpalt,Disackarider,Inälvor organ produkter o rätter,0.0,g
1472,Njurpalt,"Kalcium, Ca",Inälvor organ produkter o rätter,10.0,mg
1472,Njurpalt,Fettsyra 4:0-10:0,Inälvor organ produkter o rätter,0.0,g
1472,Njurpalt,DHA (C22:6),Inälvor organ produkter o rätter,0.0,g
1472,Njurpalt,DPA (C22:5),Inälvor organ produkter o rätter,0.0,g
1472,Njurpalt,EPA (C20:5),Inälvor organ produkter o rätter,0.0,g
1472,Njurpalt,Arakidonsyra C20:4,Inälvor organ produkter o rätter,0.0,g
1472,Njurpalt,Arakidinsyra C20:0,Inälvor organ produkter o rätter,0.0,g
1472,Njurpalt,Linolensyra C18:3,Inälvor organ produkter o rätter,0.0,g
1472,Njurpalt,Linolsyra C18:2,Inälvor organ produkter o rätter,0.5,g
1472,Njurpalt,Oljesyra C18:1,Inälvor organ produkter o rätter,0.2,g
1472,Njurpalt,Stearinsyra C18:0,Inälvor organ produkter o rätter,0.1,g
1472,Njurpalt,Palmitoljesyra C16:1,Inälvor organ produkter o rätter,0.0,g
1472,Njurpalt,Palmitinsyra C16:0,Inälvor organ produkter o rätter,0.3,g
1472,Njurpalt,Myristinsyra C14:0,Inälvor organ produkter o rätter,0.0,g
1472,Njurpalt,Laurinsyra C12:0,Inälvor organ produkter o rätter,0.0,g
1472,Njurpalt,Betakaroten/β-Karoten,Inälvor organ produkter o rätter,10.0,µg
1472,Njurpalt,Avfall (skal etc.),Inälvor organ produkter o rätter,0.0,%
1472,Njurpalt,Aska,Inälvor organ produkter o rätter,1.1,g
1472,Njurpalt,Alkohol,Inälvor organ produkter o rätter,0.0,g
1473,Leverbiff mald lever rå frysvara,"Zink, Zn",Inälvor organ produkter o rätter,3.3,mg
1473,Leverbiff mald lever rå frysvara,Vitamin E,Inälvor organ produkter o rätter,0.4,mg
1473,Leverbiff mald lever rå frysvara,Vitamin D,Inälvor organ produkter o rätter,0.47,µg
1473,Leverbiff mald lever rå frysvara,Vitamin C,Inälvor organ produkter o rätter,0.0,mg
1473,Leverbiff mald lever rå frysvara,Vitamin B6,Inälvor organ produkter o rätter,0.56,mg
1473,Leverbiff mald lever rå frysvara,Vitamin B12,Inälvor organ produkter o rätter,31.0,µg
1473,Leverbiff mald lever rå frysvara,Vitamin A,Inälvor organ produkter o rätter,5400.2,RE/µg
1473,Leverbiff mald lever rå frysvara,Vatten,Inälvor organ produkter o rätter,63.0,g
1473,Leverbiff mald lever rå frysvara,Tiamin,Inälvor organ produkter o rätter,0.36,mg
1473,Leverbiff mald lever rå frysvara,Tillsatt socker,Inälvor organ produkter o rätter,0.0,g
1473,Leverbiff mald lever rå frysvara,Fritt socker,Inälvor organ produkter o rätter,0.0,g
1473,Leverbiff mald lever rå frysvara,"Selen, Se",Inälvor organ produkter o rätter,15.4,µg
1473,Leverbiff mald lever rå frysvara,Sackaros,Inälvor organ produkter o rätter,0.1,g
1473,Leverbiff mald lever rå frysvara,Riboflavin,Inälvor organ produkter o rätter,0.2,mg
1473,Leverbiff mald lever rå frysvara,Retinol,Inälvor organ produkter o rätter,5400.0,µg
1473,Leverbiff mald lever rå frysvara,Protein,Inälvor organ produkter o rätter,13.0,g
1473,Leverbiff mald lever rå frysvara,Summa fleromättade fettsyror,Inälvor organ produkter o rätter,2.1,g
1473,Leverbiff mald lever rå frysvara,"Fosfor, P",Inälvor organ produkter o rätter,215.0,mg
1473,Leverbiff mald lever rå frysvara,Niacinekvivalenter,Inälvor organ produkter o rätter,9.58,NE/mg
1473,Leverbiff mald lever rå frysvara,Niacin,Inälvor organ produkter o rätter,7.2,mg
1473,Leverbiff mald lever rå frysvara,"Salt, NaCl",Inälvor organ produkter o rätter,0.9,g
1473,Leverbiff mald lever rå frysvara,"Natrium, Na",Inälvor organ produkter o rätter,375.0,mg
1473,Leverbiff mald lever rå frysvara,Monosackarider,Inälvor organ produkter o rätter,0.2,g
1473,Leverbiff mald lever rå frysvara,"Sockerarter, totalt",Inälvor organ produkter o rätter,0.3,g
1473,Leverbiff mald lever rå frysvara,Summa enkelomättade fettsyror,Inälvor organ produkter o rätter,6.3,g
1473,Leverbiff mald lever rå frysvara,"Magnesium, Mg",Inälvor organ produkter o rätter,16.0,mg
1473,Leverbiff mald lever rå frysvara,Summa mättade fettsyror,Inälvor organ produkter o rätter,5.4,g
1473,Leverbiff mald lever rå frysvara,"Kolhydrater, tillgängliga",Inälvor organ produkter o rätter,7.0,g
1473,Leverbiff mald lever rå frysvara,Kolesterol,Inälvor organ produkter o rätter,175.0,mg
1473,Leverbiff mald lever rå frysvara,"Kalium, K",Inälvor organ produkter o rätter,33.0,mg
1473,Leverbiff mald lever rå frysvara,"Jod, I",Inälvor organ produkter o rätter,3.0,µg
1473,Leverbiff mald lever rå frysvara,Fullkorn totalt,Inälvor organ produkter o rätter,0.0,g
1473,Leverbiff mald lever rå frysvara,"Folat, totalt",Inälvor organ produkter o rätter,114.0,µg
1473,Leverbiff mald lever rå frysvara,Fibrer,Inälvor organ produkter o rätter,0.6,g
1473,Leverbiff mald lever rå frysvara,"Fett, totalt",Inälvor organ produkter o rätter,14.5,g
1473,Leverbiff mald lever rå frysvara,"Järn, Fe",Inälvor organ produkter o rätter,8.6,mg
1473,Leverbiff mald lever rå frysvara,Energi (kJ),Inälvor organ produkter o rätter,881.0,kJ
1473,Leverbiff mald lever rå frysvara,Energi (kcal),Inälvor organ produkter o rätter,211.0,kcal
1473,Leverbiff mald lever rå frysvara,Disackarider,Inälvor organ produkter o rätter,0.1,g
1473,Leverbiff mald lever rå frysvara,"Kalcium, Ca",Inälvor organ produkter o rätter,4.0,mg
1473,Leverbiff mald lever rå frysvara,Fettsyra 4:0-10:0,Inälvor organ produkter o rätter,0.0,g
1473,Leverbiff mald lever rå frysvara,DHA (C22:6),Inälvor organ produkter o rätter,0.1,g
1473,Leverbiff mald lever rå frysvara,DPA (C22:5),Inälvor organ produkter o rätter,0.1,g
1473,Leverbiff mald lever rå frysvara,EPA (C20:5),Inälvor organ produkter o rätter,0.0,g
1473,Leverbiff mald lever rå frysvara,Arakidonsyra C20:4,Inälvor organ produkter o rätter,0.2,g
1473,Leverbiff mald lever rå frysvara,Arakidinsyra C20:0,Inälvor organ produkter o rätter,0.0,g
1473,Leverbiff mald lever rå frysvara,Linolensyra C18:3,Inälvor organ produkter o rätter,0.1,g
1473,Leverbiff mald lever rå frysvara,Linolsyra C18:2,Inälvor organ produkter o rätter,1.5,g
1473,Leverbiff mald lever rå frysvara,Oljesyra C18:1,Inälvor organ produkter o rätter,5.7,g
1473,Leverbiff mald lever rå frysvara,Stearinsyra C18:0,Inälvor organ produkter o rätter,1.8,g
1473,Leverbiff mald lever rå frysvara,Palmitoljesyra C16:1,Inälvor organ produkter o rätter,0.4,g
1473,Leverbiff mald lever rå frysvara,Palmitinsyra C16:0,Inälvor organ produkter o rätter,3.2,g
1473,Leverbiff mald lever rå frysvara,Myristinsyra C14:0,Inälvor organ produkter o rätter,0.2,g
1473,Leverbiff mald lever rå frysvara,Laurinsyra C12:0,Inälvor organ produkter o rätter,0.0,g
1473,Leverbiff mald lever rå frysvara,Betakaroten/β-Karoten,Inälvor organ produkter o rätter,3.0,µg
1473,Leverbiff mald lever rå frysvara,Avfall (skal etc.),Inälvor organ produkter o rätter,0.0,%
1473,Leverbiff mald lever rå frysvara,Aska,Inälvor organ produkter o rätter,1.9,g
1473,Leverbiff mald lever rå frysvara,Alkohol,Inälvor organ produkter o rätter,0.0,g
1474,Leverpastej bredbar fett ca 24%,"Zink, Zn",Kött processat,2.2,mg
1474,Leverpastej bredbar fett ca 24%,Vitamin E,Kött processat,0.9,mg
1474,Leverpastej bredbar fett ca 24%,Vitamin D,Kött processat,0.0,µg
1474,Leverpastej bredbar fett ca 24%,Vitamin C,Kött processat,0.0,mg
1474,Leverpastej bredbar fett ca 24%,Vitamin B6,Kött processat,0.16,mg
1474,Leverpastej bredbar fett ca 24%,Vitamin B12,Kött processat,6.42,µg
1474,Leverpastej bredbar fett ca 24%,Vitamin A,Kött processat,3150.0,RE/µg
1474,Leverpastej bredbar fett ca 24%,Vatten,Kött processat,54.6,g
1474,Leverpastej bredbar fett ca 24%,Tiamin,Kött processat,0.12,mg
1474,Leverpastej bredbar fett ca 24%,Tillsatt socker,Kött processat,4.0,g
1474,Leverpastej bredbar fett ca 24%,Fritt socker,Kött processat,4.0,g
1474,Leverpastej bredbar fett ca 24%,"Selen, Se",Kött processat,21.0,µg
1474,Leverpastej bredbar fett ca 24%,Sackaros,Kött processat,2.5,g
1474,Leverpastej bredbar fett ca 24%,Riboflavin,Kött processat,0.9,mg
1474,Leverpastej bredbar fett ca 24%,Retinol,Kött processat,3150.0,µg
1474,Leverpastej bredbar fett ca 24%,Protein,Kött processat,9.5,g
1474,Leverpastej bredbar fett ca 24%,Summa fleromättade fettsyror,Kött processat,2.0,g
1474,Leverpastej bredbar fett ca 24%,"Fosfor, P",Kött processat,147.0,mg
1474,Leverpastej bredbar fett ca 24%,Niacinekvivalenter,Kött processat,6.8,NE/mg
1474,Leverpastej bredbar fett ca 24%,Niacin,Kött processat,5.08,mg
1474,Leverpastej bredbar fett ca 24%,"Salt, NaCl",Kött processat,2.0,g
1474,Leverpastej bredbar fett ca 24%,"Natrium, Na",Kött processat,815.0,mg
1474,Leverpastej bredbar fett ca 24%,Monosackarider,Kött processat,0.9,g
1474,Leverpastej bredbar fett ca 24%,"Sockerarter, totalt",Kött processat,3.8,g
1474,Leverpastej bredbar fett ca 24%,Summa enkelomättade fettsyror,Kött processat,8.9,g
1474,Leverpastej bredbar fett ca 24%,"Magnesium, Mg",Kött processat,10.0,mg
1474,Leverpastej bredbar fett ca 24%,Summa mättade fettsyror,Kött processat,7.2,g
1474,Leverpastej bredbar fett ca 24%,"Kolhydrater, tillgängliga",Kött processat,9.0,g
1474,Leverpastej bredbar fett ca 24%,Kolesterol,Kött processat,76.4,mg
1474,Leverpastej bredbar fett ca 24%,"Kalium, K",Kött processat,172.0,mg
1474,Leverpastej bredbar fett ca 24%,"Jod, I",Kött processat,0.0,µg
1474,Leverpastej bredbar fett ca 24%,Fullkorn totalt,Kött processat,0.0,g
1474,Leverpastej bredbar fett ca 24%,"Folat, totalt",Kött processat,51.3,µg
1474,Leverpastej bredbar fett ca 24%,Fibrer,Kött processat,0.0,g
1474,Leverpastej bredbar fett ca 24%,"Fett, totalt",Kött processat,24.5,g
1474,Leverpastej bredbar fett ca 24%,"Järn, Fe",Kött processat,7.5,mg
1474,Leverpastej bredbar fett ca 24%,Energi (kJ),Kött processat,1221.0,kJ
1474,Leverpastej bredbar fett ca 24%,Energi (kcal),Kött processat,292.0,kcal
1474,Leverpastej bredbar fett ca 24%,Disackarider,Kött processat,2.9,g
1474,Leverpastej bredbar fett ca 24%,"Kalcium, Ca",Kött processat,18.0,mg
1474,Leverpastej bredbar fett ca 24%,Fettsyra 4:0-10:0,Kött processat,0.0,g
1474,Leverpastej bredbar fett ca 24%,DHA (C22:6),Kött processat,0.0,g
1474,Leverpastej bredbar fett ca 24%,DPA (C22:5),Kött processat,0.0,g
1474,Leverpastej bredbar fett ca 24%,EPA (C20:5),Kött processat,0.0,g
1474,Leverpastej bredbar fett ca 24%,Arakidonsyra C20:4,Kött processat,0.2,g
1474,Leverpastej bredbar fett ca 24%,Arakidinsyra C20:0,Kött processat,0.0,g
1474,Leverpastej bredbar fett ca 24%,Linolensyra C18:3,Kött processat,0.2,g
1474,Leverpastej bredbar fett ca 24%,Linolsyra C18:2,Kött processat,1.6,g
1474,Leverpastej bredbar fett ca 24%,Oljesyra C18:1,Kött processat,8.4,g
1474,Leverpastej bredbar fett ca 24%,Stearinsyra C18:0,Kött processat,2.5,g
1474,Leverpastej bredbar fett ca 24%,Palmitoljesyra C16:1,Kött processat,0.4,g
1474,Leverpastej bredbar fett ca 24%,Palmitinsyra C16:0,Kött processat,4.3,g
1474,Leverpastej bredbar fett ca 24%,Myristinsyra C14:0,Kött processat,0.2,g
1474,Leverpastej bredbar fett ca 24%,Laurinsyra C12:0,Kött processat,0.0,g
1474,Leverpastej bredbar fett ca 24%,Betakaroten/β-Karoten,Kött processat,0.0,µg
1474,Leverpastej bredbar fett ca 24%,Avfall (skal etc.),Kött processat,0.0,%
1474,Leverpastej bredbar fett ca 24%,Aska,Kött processat,2.4,g
1474,Leverpastej bredbar fett ca 24%,Alkohol,Kött processat,0.0,g
1475,Leverpastej skivbar fett ca 22% ,"Zink, Zn",Kött processat,2.2,mg
1475,Leverpastej skivbar fett ca 22% ,Vitamin E,Kött processat,0.9,mg
1475,Leverpastej skivbar fett ca 22% ,Vitamin D,Kött processat,0.0,µg
1475,Leverpastej skivbar fett ca 22% ,Vitamin C,Kött processat,0.0,mg
1475,Leverpastej skivbar fett ca 22% ,Vitamin B6,Kött processat,0.16,mg
1475,Leverpastej skivbar fett ca 22% ,Vitamin B12,Kött processat,6.42,µg
1475,Leverpastej skivbar fett ca 22% ,Vitamin A,Kött processat,3150.0,RE/µg
1475,Leverpastej skivbar fett ca 22% ,Vatten,Kött processat,54.6,g
1475,Leverpastej skivbar fett ca 22% ,Tiamin,Kött processat,0.12,mg
1475,Leverpastej skivbar fett ca 22% ,Tillsatt socker,Kött processat,3.0,g
1475,Leverpastej skivbar fett ca 22% ,Fritt socker,Kött processat,3.0,g
1475,Leverpastej skivbar fett ca 22% ,"Selen, Se",Kött processat,21.0,µg
1475,Leverpastej skivbar fett ca 22% ,Sackaros,Kött processat,2.7,g
1475,Leverpastej skivbar fett ca 22% ,Riboflavin,Kött processat,0.9,mg
1475,Leverpastej skivbar fett ca 22% ,Retinol,Kött processat,3150.0,µg
1475,Leverpastej skivbar fett ca 22% ,Protein,Kött processat,11.9,g
1475,Leverpastej skivbar fett ca 22% ,Summa fleromättade fettsyror,Kött processat,2.0,g
1475,Leverpastej skivbar fett ca 22% ,"Fosfor, P",Kött processat,147.0,mg
1475,Leverpastej skivbar fett ca 22% ,Niacinekvivalenter,Kött processat,6.8,NE/mg
1475,Leverpastej skivbar fett ca 22% ,Niacin,Kött processat,5.08,mg
1475,Leverpastej skivbar fett ca 22% ,"Salt, NaCl",Kött processat,2.1,g
1475,Leverpastej skivbar fett ca 22% ,"Natrium, Na",Kött processat,840.0,mg
1475,Leverpastej skivbar fett ca 22% ,Monosackarider,Kött processat,1.0,g
1475,Leverpastej skivbar fett ca 22% ,"Sockerarter, totalt",Kött processat,4.1,g
1475,Leverpastej skivbar fett ca 22% ,Summa enkelomättade fettsyror,Kött processat,8.9,g
1475,Leverpastej skivbar fett ca 22% ,"Magnesium, Mg",Kött processat,10.0,mg
1475,Leverpastej skivbar fett ca 22% ,Summa mättade fettsyror,Kött processat,8.4,g
1475,Leverpastej skivbar fett ca 22% ,"Kolhydrater, tillgängliga",Kött processat,9.5,g
1475,Leverpastej skivbar fett ca 22% ,Kolesterol,Kött processat,76.4,mg
1475,Leverpastej skivbar fett ca 22% ,"Kalium, K",Kött processat,172.0,mg
1475,Leverpastej skivbar fett ca 22% ,"Jod, I",Kött processat,0.0,µg
1475,Leverpastej skivbar fett ca 22% ,Fullkorn totalt,Kött processat,0.0,g
1475,Leverpastej skivbar fett ca 22% ,"Folat, totalt",Kött processat,51.3,µg
1475,Leverpastej skivbar fett ca 22% ,Fibrer,Kött processat,0.0,g
1475,Leverpastej skivbar fett ca 22% ,"Fett, totalt",Kött processat,21.6,g
1475,Leverpastej skivbar fett ca 22% ,"Järn, Fe",Kött processat,8.5,mg
1475,Leverpastej skivbar fett ca 22% ,Energi (kJ),Kött processat,1163.0,kJ
1475,Leverpastej skivbar fett ca 22% ,Energi (kcal),Kött processat,278.0,kcal
1475,Leverpastej skivbar fett ca 22% ,Disackarider,Kött processat,3.1,g
1475,Leverpastej skivbar fett ca 22% ,"Kalcium, Ca",Kött processat,18.0,mg
1475,Leverpastej skivbar fett ca 22% ,Fettsyra 4:0-10:0,Kött processat,0.0,g
1475,Leverpastej skivbar fett ca 22% ,DHA (C22:6),Kött processat,0.0,g
1475,Leverpastej skivbar fett ca 22% ,DPA (C22:5),Kött processat,0.0,g
1475,Leverpastej skivbar fett ca 22% ,EPA (C20:5),Kött processat,0.0,g
1475,Leverpastej skivbar fett ca 22% ,Arakidonsyra C20:4,Kött processat,0.2,g
1475,Leverpastej skivbar fett ca 22% ,Arakidinsyra C20:0,Kött processat,0.0,g
1475,Leverpastej skivbar fett ca 22% ,Linolensyra C18:3,Kött processat,0.2,g
1475,Leverpastej skivbar fett ca 22% ,Linolsyra C18:2,Kött processat,1.6,g
1475,Leverpastej skivbar fett ca 22% ,Oljesyra C18:1,Kött processat,8.4,g
1475,Leverpastej skivbar fett ca 22% ,Stearinsyra C18:0,Kött processat,2.5,g
1475,Leverpastej skivbar fett ca 22% ,Palmitoljesyra C16:1,Kött processat,0.4,g
1475,Leverpastej skivbar fett ca 22% ,Palmitinsyra C16:0,Kött processat,4.3,g
1475,Leverpastej skivbar fett ca 22% ,Myristinsyra C14:0,Kött processat,0.2,g
1475,Leverpastej skivbar fett ca 22% ,Laurinsyra C12:0,Kött processat,0.0,g
1475,Leverpastej skivbar fett ca 22% ,Betakaroten/β-Karoten,Kött processat,0.0,µg
1475,Leverpastej skivbar fett ca 22% ,Avfall (skal etc.),Kött processat,0.0,%
1475,Leverpastej skivbar fett ca 22% ,Aska,Kött processat,2.4,g
1475,Leverpastej skivbar fett ca 22% ,Alkohol,Kött processat,0.0,g
1476,Leverpastej skivbar fett 14%,"Zink, Zn",Kött processat,3.4,mg
1476,Leverpastej skivbar fett 14%,Vitamin E,Kött processat,0.3,mg
1476,Leverpastej skivbar fett 14%,Vitamin D,Kött processat,0.1,µg
1476,Leverpastej skivbar fett 14%,Vitamin C,Kött processat,0.0,mg
1476,Leverpastej skivbar fett 14%,Vitamin B6,Kött processat,0.25,mg
1476,Leverpastej skivbar fett 14%,Vitamin B12,Kött processat,11.2,µg
1476,Leverpastej skivbar fett 14%,Vitamin A,Kött processat,2800.2,RE/µg
1476,Leverpastej skivbar fett 14%,Vatten,Kött processat,62.2,g
1476,Leverpastej skivbar fett 14%,Tiamin,Kött processat,0.14,mg
1476,Leverpastej skivbar fett 14%,Tillsatt socker,Kött processat,4.0,g
1476,Leverpastej skivbar fett 14%,Fritt socker,Kött processat,4.0,g
1476,Leverpastej skivbar fett 14%,"Selen, Se",Kött processat,18.0,µg
1476,Leverpastej skivbar fett 14%,Sackaros,Kött processat,2.5,g
1476,Leverpastej skivbar fett 14%,Riboflavin,Kött processat,1.1,mg
1476,Leverpastej skivbar fett 14%,Retinol,Kött processat,2800.0,µg
1476,Leverpastej skivbar fett 14%,Protein,Kött processat,12.0,g
1476,Leverpastej skivbar fett 14%,Summa fleromättade fettsyror,Kött processat,1.5,g
1476,Leverpastej skivbar fett 14%,"Fosfor, P",Kött processat,182.0,mg
1476,Leverpastej skivbar fett 14%,Niacinekvivalenter,Kött processat,7.4,NE/mg
1476,Leverpastej skivbar fett 14%,Niacin,Kött processat,5.2,mg
1476,Leverpastej skivbar fett 14%,"Salt, NaCl",Kött processat,1.5,g
1476,Leverpastej skivbar fett 14%,"Natrium, Na",Kött processat,600.0,mg
1476,Leverpastej skivbar fett 14%,Monosackarider,Kött processat,0.9,g
1476,Leverpastej skivbar fett 14%,"Sockerarter, totalt",Kött processat,3.8,g
1476,Leverpastej skivbar fett 14%,Summa enkelomättade fettsyror,Kött processat,4.8,g
1476,Leverpastej skivbar fett 14%,"Magnesium, Mg",Kött processat,8.0,mg
1476,Leverpastej skivbar fett 14%,Summa mättade fettsyror,Kött processat,4.0,g
1476,Leverpastej skivbar fett 14%,"Kolhydrater, tillgängliga",Kött processat,9.8,g
1476,Leverpastej skivbar fett 14%,Kolesterol,Kött processat,130.0,mg
1476,Leverpastej skivbar fett 14%,"Kalium, K",Kött processat,184.0,mg
1476,Leverpastej skivbar fett 14%,"Jod, I",Kött processat,0.0,µg
1476,Leverpastej skivbar fett 14%,Fullkorn totalt,Kött processat,0.0,g
1476,Leverpastej skivbar fett 14%,"Folat, totalt",Kött processat,36.0,µg
1476,Leverpastej skivbar fett 14%,Fibrer,Kött processat,0.0,g
1476,Leverpastej skivbar fett 14%,"Fett, totalt",Kött processat,14.0,g
1476,Leverpastej skivbar fett 14%,"Järn, Fe",Kött processat,8.0,mg
1476,Leverpastej skivbar fett 14%,Energi (kJ),Kött processat,889.0,kJ
1476,Leverpastej skivbar fett 14%,Energi (kcal),Kött processat,212.0,kcal
1476,Leverpastej skivbar fett 14%,Disackarider,Kött processat,2.9,g
1476,Leverpastej skivbar fett 14%,"Kalcium, Ca",Kött processat,28.0,mg
1476,Leverpastej skivbar fett 14%,Fettsyra 4:0-10:0,Kött processat,0.0,g
1476,Leverpastej skivbar fett 14%,DHA (C22:6),Kött processat,0.0,g
1476,Leverpastej skivbar fett 14%,DPA (C22:5),Kött processat,0.0,g
1476,Leverpastej skivbar fett 14%,EPA (C20:5),Kött processat,0.0,g
1476,Leverpastej skivbar fett 14%,Arakidonsyra C20:4,Kött processat,0.2,g
1476,Leverpastej skivbar fett 14%,Arakidinsyra C20:0,Kött processat,0.0,g
1476,Leverpastej skivbar fett 14%,Linolensyra C18:3,Kött processat,0.1,g
1476,Leverpastej skivbar fett 14%,Linolsyra C18:2,Kött processat,1.0,g
1476,Leverpastej skivbar fett 14%,Oljesyra C18:1,Kött processat,4.4,g
1476,Leverpastej skivbar fett 14%,Stearinsyra C18:0,Kött processat,1.5,g
1476,Leverpastej skivbar fett 14%,Palmitoljesyra C16:1,Kött processat,0.3,g
1476,Leverpastej skivbar fett 14%,Palmitinsyra C16:0,Kött processat,2.4,g
1476,Leverpastej skivbar fett 14%,Myristinsyra C14:0,Kött processat,0.1,g
1476,Leverpastej skivbar fett 14%,Laurinsyra C12:0,Kött processat,0.0,g
1476,Leverpastej skivbar fett 14%,Betakaroten/β-Karoten,Kött processat,3.0,µg
1476,Leverpastej skivbar fett 14%,Avfall (skal etc.),Kött processat,0.0,%
1476,Leverpastej skivbar fett 14%,Aska,Kött processat,2.0,g
1476,Leverpastej skivbar fett 14%,Alkohol,Kött processat,0.0,g
1477,Leverpastej bredbar fett ca 10%,"Zink, Zn",Kött processat,3.2,mg
1477,Leverpastej bredbar fett ca 10%,Vitamin E,Kött processat,0.4,mg
1477,Leverpastej bredbar fett ca 10%,Vitamin D,Kött processat,0.1,µg
1477,Leverpastej bredbar fett ca 10%,Vitamin C,Kött processat,0.0,mg
1477,Leverpastej bredbar fett ca 10%,Vitamin B6,Kött processat,0.23,mg
1477,Leverpastej bredbar fett ca 10%,Vitamin B12,Kött processat,7.3,µg
1477,Leverpastej bredbar fett ca 10%,Vitamin A,Kött processat,3300.2,RE/µg
1477,Leverpastej bredbar fett ca 10%,Vatten,Kött processat,63.5,g
1477,Leverpastej bredbar fett ca 10%,Tiamin,Kött processat,0.13,mg
1477,Leverpastej bredbar fett ca 10%,Tillsatt socker,Kött processat,2.0,g
1477,Leverpastej bredbar fett ca 10%,Fritt socker,Kött processat,2.0,g
1477,Leverpastej bredbar fett ca 10%,"Selen, Se",Kött processat,20.0,µg
1477,Leverpastej bredbar fett ca 10%,Sackaros,Kött processat,1.2,g
1477,Leverpastej bredbar fett ca 10%,Riboflavin,Kött processat,1.0,mg
1477,Leverpastej bredbar fett ca 10%,Retinol,Kött processat,3300.0,µg
1477,Leverpastej bredbar fett ca 10%,Protein,Kött processat,12.0,g
1477,Leverpastej bredbar fett ca 10%,Summa fleromättade fettsyror,Kött processat,1.5,g
1477,Leverpastej bredbar fett ca 10%,"Fosfor, P",Kött processat,176.0,mg
1477,Leverpastej bredbar fett ca 10%,Niacinekvivalenter,Kött processat,7.2,NE/mg
1477,Leverpastej bredbar fett ca 10%,Niacin,Kött processat,5.0,mg
1477,Leverpastej bredbar fett ca 10%,"Salt, NaCl",Kött processat,1.5,g
1477,Leverpastej bredbar fett ca 10%,"Natrium, Na",Kött processat,600.0,mg
1477,Leverpastej bredbar fett ca 10%,Monosackarider,Kött processat,0.9,g
1477,Leverpastej bredbar fett ca 10%,"Sockerarter, totalt",Kött processat,2.6,g
1477,Leverpastej bredbar fett ca 10%,Summa enkelomättade fettsyror,Kött processat,3.8,g
1477,Leverpastej bredbar fett ca 10%,"Magnesium, Mg",Kött processat,19.0,mg
1477,Leverpastej bredbar fett ca 10%,Summa mättade fettsyror,Kött processat,3.2,g
1477,Leverpastej bredbar fett ca 10%,"Kolhydrater, tillgängliga",Kött processat,13.5,g
1477,Leverpastej bredbar fett ca 10%,Kolesterol,Kött processat,130.0,mg
1477,Leverpastej bredbar fett ca 10%,"Kalium, K",Kött processat,170.0,mg
1477,Leverpastej bredbar fett ca 10%,"Jod, I",Kött processat,0.0,µg
1477,Leverpastej bredbar fett ca 10%,Fullkorn totalt,Kött processat,0.0,g
1477,Leverpastej bredbar fett ca 10%,"Folat, totalt",Kött processat,36.0,µg
1477,Leverpastej bredbar fett ca 10%,Fibrer,Kött processat,0.0,g
1477,Leverpastej bredbar fett ca 10%,"Fett, totalt",Kött processat,9.0,g
1477,Leverpastej bredbar fett ca 10%,"Järn, Fe",Kött processat,5.5,mg
1477,Leverpastej bredbar fett ca 10%,Energi (kJ),Kött processat,766.0,kJ
1477,Leverpastej bredbar fett ca 10%,Energi (kcal),Kött processat,183.0,kcal
1477,Leverpastej bredbar fett ca 10%,Disackarider,Kött processat,1.7,g
1477,Leverpastej bredbar fett ca 10%,"Kalcium, Ca",Kött processat,27.0,mg
1477,Leverpastej bredbar fett ca 10%,Fettsyra 4:0-10:0,Kött processat,0.0,g
1477,Leverpastej bredbar fett ca 10%,DHA (C22:6),Kött processat,0.0,g
1477,Leverpastej bredbar fett ca 10%,DPA (C22:5),Kött processat,0.0,g
1477,Leverpastej bredbar fett ca 10%,EPA (C20:5),Kött processat,0.0,g
1477,Leverpastej bredbar fett ca 10%,Arakidonsyra C20:4,Kött processat,0.2,g
1477,Leverpastej bredbar fett ca 10%,Arakidinsyra C20:0,Kött processat,0.0,g
1477,Leverpastej bredbar fett ca 10%,Linolensyra C18:3,Kött processat,0.1,g
1477,Leverpastej bredbar fett ca 10%,Linolsyra C18:2,Kött processat,1.0,g
1477,Leverpastej bredbar fett ca 10%,Oljesyra C18:1,Kött processat,3.5,g
1477,Leverpastej bredbar fett ca 10%,Stearinsyra C18:0,Kött processat,1.2,g
1477,Leverpastej bredbar fett ca 10%,Palmitoljesyra C16:1,Kött processat,0.2,g
1477,Leverpastej bredbar fett ca 10%,Palmitinsyra C16:0,Kött processat,1.9,g
1477,Leverpastej bredbar fett ca 10%,Myristinsyra C14:0,Kött processat,0.1,g
1477,Leverpastej bredbar fett ca 10%,Laurinsyra C12:0,Kött processat,0.0,g
1477,Leverpastej bredbar fett ca 10%,Betakaroten/β-Karoten,Kött processat,3.0,µg
1477,Leverpastej bredbar fett ca 10%,Avfall (skal etc.),Kött processat,0.0,%
1477,Leverpastej bredbar fett ca 10%,Aska,Kött processat,2.0,g
1477,Leverpastej bredbar fett ca 10%,Alkohol,Kött processat,0.0,g
1478,"Leverpastej bredbar fett 3-3,5%","Zink, Zn",Kött processat,3.1,mg
1478,"Leverpastej bredbar fett 3-3,5%",Vitamin E,Kött processat,0.2,mg
1478,"Leverpastej bredbar fett 3-3,5%",Vitamin D,Kött processat,0.1,µg
1478,"Leverpastej bredbar fett 3-3,5%",Vitamin C,Kött processat,0.3,mg
1478,"Leverpastej bredbar fett 3-3,5%",Vitamin B6,Kött processat,0.25,mg
1478,"Leverpastej bredbar fett 3-3,5%",Vitamin B12,Kött processat,7.16,µg
1478,"Leverpastej bredbar fett 3-3,5%",Vitamin A,Kött processat,3770.4,RE/µg
1478,"Leverpastej bredbar fett 3-3,5%",Vatten,Kött processat,67.1,g
1478,"Leverpastej bredbar fett 3-3,5%",Tiamin,Kött processat,0.13,mg
1478,"Leverpastej bredbar fett 3-3,5%",Tillsatt socker,Kött processat,5.0,g
1478,"Leverpastej bredbar fett 3-3,5%",Fritt socker,Kött processat,5.0,g
1478,"Leverpastej bredbar fett 3-3,5%","Selen, Se",Kött processat,23.2,µg
1478,"Leverpastej bredbar fett 3-3,5%",Sackaros,Kött processat,1.2,g
1478,"Leverpastej bredbar fett 3-3,5%",Riboflavin,Kött processat,1.25,mg
1478,"Leverpastej bredbar fett 3-3,5%",Retinol,Kött processat,3770.0,µg
1478,"Leverpastej bredbar fett 3-3,5%",Protein,Kött processat,10.6,g
1478,"Leverpastej bredbar fett 3-3,5%",Summa fleromättade fettsyror,Kött processat,0.6,g
1478,"Leverpastej bredbar fett 3-3,5%","Fosfor, P",Kött processat,184.0,mg
1478,"Leverpastej bredbar fett 3-3,5%",Niacinekvivalenter,Kött processat,7.5,NE/mg
1478,"Leverpastej bredbar fett 3-3,5%",Niacin,Kött processat,5.6,mg
1478,"Leverpastej bredbar fett 3-3,5%","Salt, NaCl",Kött processat,2.2,g
1478,"Leverpastej bredbar fett 3-3,5%","Natrium, Na",Kött processat,890.0,mg
1478,"Leverpastej bredbar fett 3-3,5%",Monosackarider,Kött processat,1.4,g
1478,"Leverpastej bredbar fett 3-3,5%","Sockerarter, totalt",Kött processat,5.3,g
1478,"Leverpastej bredbar fett 3-3,5%",Summa enkelomättade fettsyror,Kött processat,0.9,g
1478,"Leverpastej bredbar fett 3-3,5%","Magnesium, Mg",Kött processat,14.0,mg
1478,"Leverpastej bredbar fett 3-3,5%",Summa mättade fettsyror,Kött processat,1.1,g
1478,"Leverpastej bredbar fett 3-3,5%","Kolhydrater, tillgängliga",Kött processat,12.9,g
1478,"Leverpastej bredbar fett 3-3,5%",Kolesterol,Kött processat,70.5,mg
1478,"Leverpastej bredbar fett 3-3,5%","Kalium, K",Kött processat,219.0,mg
1478,"Leverpastej bredbar fett 3-3,5%","Jod, I",Kött processat,5.0,µg
1478,"Leverpastej bredbar fett 3-3,5%",Fullkorn totalt,Kött processat,0.0,g
1478,"Leverpastej bredbar fett 3-3,5%","Folat, totalt",Kött processat,36.0,µg
1478,"Leverpastej bredbar fett 3-3,5%",Fibrer,Kött processat,2.7,g
1478,"Leverpastej bredbar fett 3-3,5%","Fett, totalt",Kött processat,3.6,g
1478,"Leverpastej bredbar fett 3-3,5%","Järn, Fe",Kött processat,6.6,mg
1478,"Leverpastej bredbar fett 3-3,5%",Energi (kJ),Kött processat,554.0,kJ
1478,"Leverpastej bredbar fett 3-3,5%",Energi (kcal),Kött processat,132.0,kcal
1478,"Leverpastej bredbar fett 3-3,5%",Disackarider,Kött processat,3.9,g
1478,"Leverpastej bredbar fett 3-3,5%","Kalcium, Ca",Kött processat,58.0,mg
1478,"Leverpastej bredbar fett 3-3,5%",Fettsyra 4:0-10:0,Kött processat,0.0,g
1478,"Leverpastej bredbar fett 3-3,5%",DHA (C22:6),Kött processat,0.0,g
1478,"Leverpastej bredbar fett 3-3,5%",DPA (C22:5),Kött processat,0.0,g
1478,"Leverpastej bredbar fett 3-3,5%",EPA (C20:5),Kött processat,0.0,g
1478,"Leverpastej bredbar fett 3-3,5%",Arakidonsyra C20:4,Kött processat,0.2,g
1478,"Leverpastej bredbar fett 3-3,5%",Arakidinsyra C20:0,Kött processat,0.0,g
1478,"Leverpastej bredbar fett 3-3,5%",Linolensyra C18:3,Kött processat,0.0,g
1478,"Leverpastej bredbar fett 3-3,5%",Linolsyra C18:2,Kött processat,0.3,g
1478,"Leverpastej bredbar fett 3-3,5%",Oljesyra C18:1,Kött processat,0.8,g
1478,"Leverpastej bredbar fett 3-3,5%",Stearinsyra C18:0,Kött processat,0.4,g
1478,"Leverpastej bredbar fett 3-3,5%",Palmitoljesyra C16:1,Kött processat,0.1,g
1478,"Leverpastej bredbar fett 3-3,5%",Palmitinsyra C16:0,Kött processat,0.6,g
1478,"Leverpastej bredbar fett 3-3,5%",Myristinsyra C14:0,Kött processat,0.1,g
1478,"Leverpastej bredbar fett 3-3,5%",Laurinsyra C12:0,Kött processat,0.0,g
1478,"Leverpastej bredbar fett 3-3,5%",Betakaroten/β-Karoten,Kött processat,0.0,µg
1478,"Leverpastej bredbar fett 3-3,5%",Avfall (skal etc.),Kött processat,0.0,%
1478,"Leverpastej bredbar fett 3-3,5%",Aska,Kött processat,3.2,g
1478,"Leverpastej bredbar fett 3-3,5%",Alkohol,Kött processat,0.0,g
1479,Leverbiff mald lever stekt hemlagad,"Zink, Zn",Inälvor organ produkter o rätter,3.3,mg
1479,Leverbiff mald lever stekt hemlagad,Vitamin E,Inälvor organ produkter o rätter,0.8,mg
1479,Leverbiff mald lever stekt hemlagad,Vitamin D,Inälvor organ produkter o rätter,0.47,µg
1479,Leverbiff mald lever stekt hemlagad,Vitamin C,Inälvor organ produkter o rätter,10.0,mg
1479,Leverbiff mald lever stekt hemlagad,Vitamin B6,Inälvor organ produkter o rätter,0.56,mg
1479,Leverbiff mald lever stekt hemlagad,Vitamin B12,Inälvor organ produkter o rätter,31.0,µg
1479,Leverbiff mald lever stekt hemlagad,Vitamin A,Inälvor organ produkter o rätter,6523.2,RE/µg
1479,Leverbiff mald lever stekt hemlagad,Vatten,Inälvor organ produkter o rätter,69.0,g
1479,Leverbiff mald lever stekt hemlagad,Tiamin,Inälvor organ produkter o rätter,0.18,mg
1479,Leverbiff mald lever stekt hemlagad,Tillsatt socker,Inälvor organ produkter o rätter,0.0,g
1479,Leverbiff mald lever stekt hemlagad,Fritt socker,Inälvor organ produkter o rätter,0.0,g
1479,Leverbiff mald lever stekt hemlagad,"Selen, Se",Inälvor organ produkter o rätter,10.0,µg
1479,Leverbiff mald lever stekt hemlagad,Sackaros,Inälvor organ produkter o rätter,0.1,g
1479,Leverbiff mald lever stekt hemlagad,Riboflavin,Inälvor organ produkter o rätter,1.8,mg
1479,Leverbiff mald lever stekt hemlagad,Retinol,Inälvor organ produkter o rätter,6500.0,µg
1479,Leverbiff mald lever stekt hemlagad,Protein,Inälvor organ produkter o rätter,12.8,g
1479,Leverbiff mald lever stekt hemlagad,Summa fleromättade fettsyror,Inälvor organ produkter o rätter,1.0,g
1479,Leverbiff mald lever stekt hemlagad,"Fosfor, P",Inälvor organ produkter o rätter,245.0,mg
1479,Leverbiff mald lever stekt hemlagad,Niacinekvivalenter,Inälvor organ produkter o rätter,9.55,NE/mg
1479,Leverbiff mald lever stekt hemlagad,Niacin,Inälvor organ produkter o rätter,7.2,mg
1479,Leverbiff mald lever stekt hemlagad,"Salt, NaCl",Inälvor organ produkter o rätter,1.0,g
1479,Leverbiff mald lever stekt hemlagad,"Natrium, Na",Inälvor organ produkter o rätter,415.0,mg
1479,Leverbiff mald lever stekt hemlagad,Monosackarider,Inälvor organ produkter o rätter,0.2,g
1479,Leverbiff mald lever stekt hemlagad,"Sockerarter, totalt",Inälvor organ produkter o rätter,0.3,g
1479,Leverbiff mald lever stekt hemlagad,Summa enkelomättade fettsyror,Inälvor organ produkter o rätter,2.4,g
1479,Leverbiff mald lever stekt hemlagad,"Magnesium, Mg",Inälvor organ produkter o rätter,20.0,mg
1479,Leverbiff mald lever stekt hemlagad,Summa mättade fettsyror,Inälvor organ produkter o rätter,2.1,g
1479,Leverbiff mald lever stekt hemlagad,"Kolhydrater, tillgängliga",Inälvor organ produkter o rätter,8.9,g
1479,Leverbiff mald lever stekt hemlagad,Kolesterol,Inälvor organ produkter o rätter,100.0,mg
1479,Leverbiff mald lever stekt hemlagad,"Kalium, K",Inälvor organ produkter o rätter,385.0,mg
1479,Leverbiff mald lever stekt hemlagad,"Jod, I",Inälvor organ produkter o rätter,0.2,µg
1479,Leverbiff mald lever stekt hemlagad,Fullkorn totalt,Inälvor organ produkter o rätter,0.0,g
1479,Leverbiff mald lever stekt hemlagad,"Folat, totalt",Inälvor organ produkter o rätter,114.0,µg
1479,Leverbiff mald lever stekt hemlagad,Fibrer,Inälvor organ produkter o rätter,0.7,g
1479,Leverbiff mald lever stekt hemlagad,"Fett, totalt",Inälvor organ produkter o rätter,6.4,g
1479,Leverbiff mald lever stekt hemlagad,"Järn, Fe",Inälvor organ produkter o rätter,9.6,mg
1479,Leverbiff mald lever stekt hemlagad,Energi (kJ),Inälvor organ produkter o rätter,611.0,kJ
1479,Leverbiff mald lever stekt hemlagad,Energi (kcal),Inälvor organ produkter o rätter,146.0,kcal
1479,Leverbiff mald lever stekt hemlagad,Disackarider,Inälvor organ produkter o rätter,0.1,g
1479,Leverbiff mald lever stekt hemlagad,"Kalcium, Ca",Inälvor organ produkter o rätter,4.0,mg
1479,Leverbiff mald lever stekt hemlagad,Fettsyra 4:0-10:0,Inälvor organ produkter o rätter,0.1,g
1479,Leverbiff mald lever stekt hemlagad,DHA (C22:6),Inälvor organ produkter o rätter,0.0,g
1479,Leverbiff mald lever stekt hemlagad,DPA (C22:5),Inälvor organ produkter o rätter,0.0,g
1479,Leverbiff mald lever stekt hemlagad,EPA (C20:5),Inälvor organ produkter o rätter,0.0,g
1479,Leverbiff mald lever stekt hemlagad,Arakidonsyra C20:4,Inälvor organ produkter o rätter,0.1,g
1479,Leverbiff mald lever stekt hemlagad,Arakidinsyra C20:0,Inälvor organ produkter o rätter,0.0,g
1479,Leverbiff mald lever stekt hemlagad,Linolensyra C18:3,Inälvor organ produkter o rätter,0.2,g
1479,Leverbiff mald lever stekt hemlagad,Linolsyra C18:2,Inälvor organ produkter o rätter,0.7,g
1479,Leverbiff mald lever stekt hemlagad,Oljesyra C18:1,Inälvor organ produkter o rätter,2.2,g
1479,Leverbiff mald lever stekt hemlagad,Stearinsyra C18:0,Inälvor organ produkter o rätter,0.7,g
1479,Leverbiff mald lever stekt hemlagad,Palmitoljesyra C16:1,Inälvor organ produkter o rätter,0.1,g
1479,Leverbiff mald lever stekt hemlagad,Palmitinsyra C16:0,Inälvor organ produkter o rätter,0.9,g
1479,Leverbiff mald lever stekt hemlagad,Myristinsyra C14:0,Inälvor organ produkter o rätter,0.2,g
1479,Leverbiff mald lever stekt hemlagad,Laurinsyra C12:0,Inälvor organ produkter o rätter,0.2,g
1479,Leverbiff mald lever stekt hemlagad,Betakaroten/β-Karoten,Inälvor organ produkter o rätter,278.0,µg
1479,Leverbiff mald lever stekt hemlagad,Avfall (skal etc.),Inälvor organ produkter o rätter,0.0,%
1479,Leverbiff mald lever stekt hemlagad,Aska,Inälvor organ produkter o rätter,2.2,g
1479,Leverbiff mald lever stekt hemlagad,Alkohol,Inälvor organ produkter o rätter,0.0,g
1480,Paté älgfärs kycklinglever,"Zink, Zn",Inälvor organ produkter o rätter,3.0,mg
1480,Paté älgfärs kycklinglever,Vitamin E,Inälvor organ produkter o rätter,1.7,mg
1480,Paté älgfärs kycklinglever,Vitamin D,Inälvor organ produkter o rätter,0.16,µg
1480,Paté älgfärs kycklinglever,Vitamin C,Inälvor organ produkter o rätter,7.0,mg
1480,Paté älgfärs kycklinglever,Vitamin B6,Inälvor organ produkter o rätter,0.28,mg
1480,Paté älgfärs kycklinglever,Vitamin B12,Inälvor organ produkter o rätter,6.03,µg
1480,Paté älgfärs kycklinglever,Vitamin A,Inälvor organ produkter o rätter,1956.9,RE/µg
1480,Paté älgfärs kycklinglever,Vatten,Inälvor organ produkter o rätter,67.9,g
1480,Paté älgfärs kycklinglever,Tiamin,Inälvor organ produkter o rätter,0.13,mg
1480,Paté älgfärs kycklinglever,Tillsatt socker,Inälvor organ produkter o rätter,0.0,g
1480,Paté älgfärs kycklinglever,Fritt socker,Inälvor organ produkter o rätter,0.0,g
1480,Paté älgfärs kycklinglever,"Selen, Se",Inälvor organ produkter o rätter,17.1,µg
1480,Paté älgfärs kycklinglever,Sackaros,Inälvor organ produkter o rätter,0.3,g
1480,Paté älgfärs kycklinglever,Riboflavin,Inälvor organ produkter o rätter,0.61,mg
1480,Paté älgfärs kycklinglever,Retinol,Inälvor organ produkter o rätter,1954.2,µg
1480,Paté älgfärs kycklinglever,Protein,Inälvor organ produkter o rätter,14.0,g
1480,Paté älgfärs kycklinglever,Summa fleromättade fettsyror,Inälvor organ produkter o rätter,0.7,g
1480,Paté älgfärs kycklinglever,"Fosfor, P",Inälvor organ produkter o rätter,175.0,mg
1480,Paté älgfärs kycklinglever,Niacinekvivalenter,Inälvor organ produkter o rätter,6.95,NE/mg
1480,Paté älgfärs kycklinglever,Niacin,Inälvor organ produkter o rätter,4.26,mg
1480,Paté älgfärs kycklinglever,"Salt, NaCl",Inälvor organ produkter o rätter,1.9,g
1480,Paté älgfärs kycklinglever,"Natrium, Na",Inälvor organ produkter o rätter,748.0,mg
1480,Paté älgfärs kycklinglever,Monosackarider,Inälvor organ produkter o rätter,0.3,g
1480,Paté älgfärs kycklinglever,"Sockerarter, totalt",Inälvor organ produkter o rätter,1.3,g
1480,Paté älgfärs kycklinglever,Summa enkelomättade fettsyror,Inälvor organ produkter o rätter,2.5,g
1480,Paté älgfärs kycklinglever,"Magnesium, Mg",Inälvor organ produkter o rätter,17.0,mg
1480,Paté älgfärs kycklinglever,Summa mättade fettsyror,Inälvor organ produkter o rätter,6.9,g
1480,Paté älgfärs kycklinglever,"Kolhydrater, tillgängliga",Inälvor organ produkter o rätter,3.6,g
1480,Paté älgfärs kycklinglever,Kolesterol,Inälvor organ produkter o rätter,160.1,mg
1480,Paté älgfärs kycklinglever,"Kalium, K",Inälvor organ produkter o rätter,208.0,mg
1480,Paté älgfärs kycklinglever,"Jod, I",Inälvor organ produkter o rätter,54.6,µg
1480,Paté älgfärs kycklinglever,Fullkorn totalt,Inälvor organ produkter o rätter,0.0,g
1480,Paté älgfärs kycklinglever,"Folat, totalt",Inälvor organ produkter o rätter,177.1,µg
1480,Paté älgfärs kycklinglever,Fibrer,Inälvor organ produkter o rätter,0.5,g
1480,Paté älgfärs kycklinglever,"Fett, totalt",Inälvor organ produkter o rätter,11.2,g
1480,Paté älgfärs kycklinglever,"Järn, Fe",Inälvor organ produkter o rätter,2.7,mg
1480,Paté älgfärs kycklinglever,Energi (kJ),Inälvor organ produkter o rätter,719.0,kJ
1480,Paté älgfärs kycklinglever,Energi (kcal),Inälvor organ produkter o rätter,172.0,kcal
1480,Paté älgfärs kycklinglever,Disackarider,Inälvor organ produkter o rätter,1.0,g
1480,Paté älgfärs kycklinglever,"Kalcium, Ca",Inälvor organ produkter o rätter,31.0,mg
1480,Paté älgfärs kycklinglever,Fettsyra 4:0-10:0,Inälvor organ produkter o rätter,0.5,g
1480,Paté älgfärs kycklinglever,DHA (C22:6),Inälvor organ produkter o rätter,0.1,g
1480,Paté älgfärs kycklinglever,DPA (C22:5),Inälvor organ produkter o rätter,0.0,g
1480,Paté älgfärs kycklinglever,EPA (C20:5),Inälvor organ produkter o rätter,0.0,g
1480,Paté älgfärs kycklinglever,Arakidonsyra C20:4,Inälvor organ produkter o rätter,0.1,g
1480,Paté älgfärs kycklinglever,Arakidinsyra C20:0,Inälvor organ produkter o rätter,0.0,g
1480,Paté älgfärs kycklinglever,Linolensyra C18:3,Inälvor organ produkter o rätter,0.1,g
1480,Paté älgfärs kycklinglever,Linolsyra C18:2,Inälvor organ produkter o rätter,0.5,g
1480,Paté älgfärs kycklinglever,Oljesyra C18:1,Inälvor organ produkter o rätter,2.2,g
1480,Paté älgfärs kycklinglever,Stearinsyra C18:0,Inälvor organ produkter o rätter,1.3,g
1480,Paté älgfärs kycklinglever,Palmitoljesyra C16:1,Inälvor organ produkter o rätter,0.2,g
1480,Paté älgfärs kycklinglever,Palmitinsyra C16:0,Inälvor organ produkter o rätter,3.5,g
1480,Paté älgfärs kycklinglever,Myristinsyra C14:0,Inälvor organ produkter o rätter,1.1,g
1480,Paté älgfärs kycklinglever,Laurinsyra C12:0,Inälvor organ produkter o rätter,0.3,g
1480,Paté älgfärs kycklinglever,Betakaroten/β-Karoten,Inälvor organ produkter o rätter,31.0,µg
1480,Paté älgfärs kycklinglever,Avfall (skal etc.),Inälvor organ produkter o rätter,2.0,%
1480,Paté älgfärs kycklinglever,Aska,Inälvor organ produkter o rätter,2.7,g
1480,Paté älgfärs kycklinglever,Alkohol,Inälvor organ produkter o rätter,0.0,g
1482,Lantpaté,"Zink, Zn",Inälvor organ produkter o rätter,2.3,mg
1482,Lantpaté,Vitamin E,Inälvor organ produkter o rätter,0.1,mg
1482,Lantpaté,Vitamin D,Inälvor organ produkter o rätter,0.62,µg
1482,Lantpaté,Vitamin C,Inälvor organ produkter o rätter,51.3,mg
1482,Lantpaté,Vitamin B6,Inälvor organ produkter o rätter,0.26,mg
1482,Lantpaté,Vitamin B12,Inälvor organ produkter o rätter,5.16,µg
1482,Lantpaté,Vitamin A,Inälvor organ produkter o rätter,401.4,RE/µg
1482,Lantpaté,Vatten,Inälvor organ produkter o rätter,41.7,g
1482,Lantpaté,Tiamin,Inälvor organ produkter o rätter,0.14,mg
1482,Lantpaté,Tillsatt socker,Inälvor organ produkter o rätter,0.0,g
1482,Lantpaté,Fritt socker,Inälvor organ produkter o rätter,0.0,g
1482,Lantpaté,"Selen, Se",Inälvor organ produkter o rätter,24.3,µg
1482,Lantpaté,Sackaros,Inälvor organ produkter o rätter,0.0,g
1482,Lantpaté,Riboflavin,Inälvor organ produkter o rätter,1.21,mg
1482,Lantpaté,Retinol,Inälvor organ produkter o rätter,399.9,µg
1482,Lantpaté,Protein,Inälvor organ produkter o rätter,12.1,g
1482,Lantpaté,Summa fleromättade fettsyror,Inälvor organ produkter o rätter,4.5,g
1482,Lantpaté,"Fosfor, P",Inälvor organ produkter o rätter,213.0,mg
1482,Lantpaté,Niacinekvivalenter,Inälvor organ produkter o rätter,8.1,NE/mg
1482,Lantpaté,Niacin,Inälvor organ produkter o rätter,5.85,mg
1482,Lantpaté,"Salt, NaCl",Inälvor organ produkter o rätter,1.9,g
1482,Lantpaté,"Natrium, Na",Inälvor organ produkter o rätter,766.0,mg
1482,Lantpaté,Monosackarider,Inälvor organ produkter o rätter,0.8,g
1482,Lantpaté,"Sockerarter, totalt",Inälvor organ produkter o rätter,0.9,g
1482,Lantpaté,Summa enkelomättade fettsyror,Inälvor organ produkter o rätter,12.6,g
1482,Lantpaté,"Magnesium, Mg",Inälvor organ produkter o rätter,9.0,mg
1482,Lantpaté,Summa mättade fettsyror,Inälvor organ produkter o rätter,10.4,g
1482,Lantpaté,"Kolhydrater, tillgängliga",Inälvor organ produkter o rätter,4.7,g
1482,Lantpaté,Kolesterol,Inälvor organ produkter o rätter,128.0,mg
1482,Lantpaté,"Kalium, K",Inälvor organ produkter o rätter,157.0,mg
1482,Lantpaté,"Jod, I",Inälvor organ produkter o rätter,4.5,µg
1482,Lantpaté,Fullkorn totalt,Inälvor organ produkter o rätter,0.0,g
1482,Lantpaté,"Folat, totalt",Inälvor organ produkter o rätter,54.0,µg
1482,Lantpaté,Fibrer,Inälvor organ produkter o rätter,1.4,g
1482,Lantpaté,"Fett, totalt",Inälvor organ produkter o rätter,37.4,g
1482,Lantpaté,"Järn, Fe",Inälvor organ produkter o rätter,5.9,mg
1482,Lantpaté,Energi (kJ),Inälvor organ produkter o rätter,1683.0,kJ
1482,Lantpaté,Energi (kcal),Inälvor organ produkter o rätter,402.0,kcal
1482,Lantpaté,Disackarider,Inälvor organ produkter o rätter,0.0,g
1482,Lantpaté,"Kalcium, Ca",Inälvor organ produkter o rätter,10.0,mg
1482,Lantpaté,Fettsyra 4:0-10:0,Inälvor organ produkter o rätter,0.0,g
1482,Lantpaté,DHA (C22:6),Inälvor organ produkter o rätter,0.0,g
1482,Lantpaté,DPA (C22:5),Inälvor organ produkter o rätter,0.0,g
1482,Lantpaté,EPA (C20:5),Inälvor organ produkter o rätter,0.0,g
1482,Lantpaté,Arakidonsyra C20:4,Inälvor organ produkter o rätter,0.4,g
1482,Lantpaté,Arakidinsyra C20:0,Inälvor organ produkter o rätter,0.1,g
1482,Lantpaté,Linolensyra C18:3,Inälvor organ produkter o rätter,0.3,g
1482,Lantpaté,Linolsyra C18:2,Inälvor organ produkter o rätter,3.6,g
1482,Lantpaté,Oljesyra C18:1,Inälvor organ produkter o rätter,11.5,g
1482,Lantpaté,Stearinsyra C18:0,Inälvor organ produkter o rätter,3.7,g
1482,Lantpaté,Palmitoljesyra C16:1,Inälvor organ produkter o rätter,0.7,g
1482,Lantpaté,Palmitinsyra C16:0,Inälvor organ produkter o rätter,6.1,g
1482,Lantpaté,Myristinsyra C14:0,Inälvor organ produkter o rätter,0.3,g
1482,Lantpaté,Laurinsyra C12:0,Inälvor organ produkter o rätter,0.0,g
1482,Lantpaté,Betakaroten/β-Karoten,Inälvor organ produkter o rätter,11.0,µg
1482,Lantpaté,Avfall (skal etc.),Inälvor organ produkter o rätter,0.0,%
1482,Lantpaté,Aska,Inälvor organ produkter o rätter,2.6,g
1482,Lantpaté,Alkohol,Inälvor organ produkter o rätter,0.0,g
1483,Grönpepparpaté,"Zink, Zn",Inälvor organ produkter o rätter,3.5,mg
1483,Grönpepparpaté,Vitamin E,Inälvor organ produkter o rätter,0.2,mg
1483,Grönpepparpaté,Vitamin D,Inälvor organ produkter o rätter,0.81,µg
1483,Grönpepparpaté,Vitamin C,Inälvor organ produkter o rätter,34.0,mg
1483,Grönpepparpaté,Vitamin B6,Inälvor organ produkter o rätter,0.28,mg
1483,Grönpepparpaté,Vitamin B12,Inälvor organ produkter o rätter,7.46,µg
1483,Grönpepparpaté,Vitamin A,Inälvor organ produkter o rätter,11170.5,RE/µg
1483,Grönpepparpaté,Vatten,Inälvor organ produkter o rätter,53.5,g
1483,Grönpepparpaté,Tiamin,Inälvor organ produkter o rätter,0.16,mg
1483,Grönpepparpaté,Tillsatt socker,Inälvor organ produkter o rätter,1.0,g
1483,Grönpepparpaté,Fritt socker,Inälvor organ produkter o rätter,1.0,g
1483,Grönpepparpaté,"Selen, Se",Inälvor organ produkter o rätter,32.2,µg
1483,Grönpepparpaté,Sackaros,Inälvor organ produkter o rätter,0.0,g
1483,Grönpepparpaté,Riboflavin,Inälvor organ produkter o rätter,1.65,mg
1483,Grönpepparpaté,Retinol,Inälvor organ produkter o rätter,11170.0,µg
1483,Grönpepparpaté,Protein,Inälvor organ produkter o rätter,15.2,g
1483,Grönpepparpaté,Summa fleromättade fettsyror,Inälvor organ produkter o rätter,3.4,g
1483,Grönpepparpaté,"Fosfor, P",Inälvor organ produkter o rätter,174.0,mg
1483,Grönpepparpaté,Niacinekvivalenter,Inälvor organ produkter o rätter,10.5,NE/mg
1483,Grönpepparpaté,Niacin,Inälvor organ produkter o rätter,7.71,mg
1483,Grönpepparpaté,"Salt, NaCl",Inälvor organ produkter o rätter,2.3,g
1483,Grönpepparpaté,"Natrium, Na",Inälvor organ produkter o rätter,911.0,mg
1483,Grönpepparpaté,Monosackarider,Inälvor organ produkter o rätter,1.0,g
1483,Grönpepparpaté,"Sockerarter, totalt",Inälvor organ produkter o rätter,1.0,g
1483,Grönpepparpaté,Summa enkelomättade fettsyror,Inälvor organ produkter o rätter,8.3,g
1483,Grönpepparpaté,"Magnesium, Mg",Inälvor organ produkter o rätter,11.0,mg
1483,Grönpepparpaté,Summa mättade fettsyror,Inälvor organ produkter o rätter,7.5,g
1483,Grönpepparpaté,"Kolhydrater, tillgängliga",Inälvor organ produkter o rätter,1.1,g
1483,Grönpepparpaté,Kolesterol,Inälvor organ produkter o rätter,180.0,mg
1483,Grönpepparpaté,"Kalium, K",Inälvor organ produkter o rätter,161.0,mg
1483,Grönpepparpaté,"Jod, I",Inälvor organ produkter o rätter,9.6,µg
1483,Grönpepparpaté,Fullkorn totalt,Inälvor organ produkter o rätter,0.0,g
1483,Grönpepparpaté,"Folat, totalt",Inälvor organ produkter o rätter,121.0,µg
1483,Grönpepparpaté,Fibrer,Inälvor organ produkter o rätter,1.2,g
1483,Grönpepparpaté,"Fett, totalt",Inälvor organ produkter o rätter,26.0,g
1483,Grönpepparpaté,"Järn, Fe",Inälvor organ produkter o rätter,8.4,mg
1483,Grönpepparpaté,Energi (kJ),Inälvor organ produkter o rätter,1249.0,kJ
1483,Grönpepparpaté,Energi (kcal),Inälvor organ produkter o rätter,299.0,kcal
1483,Grönpepparpaté,Disackarider,Inälvor organ produkter o rätter,0.0,g
1483,Grönpepparpaté,"Kalcium, Ca",Inälvor organ produkter o rätter,9.0,mg
1483,Grönpepparpaté,Fettsyra 4:0-10:0,Inälvor organ produkter o rätter,0.0,g
1483,Grönpepparpaté,DHA (C22:6),Inälvor organ produkter o rätter,0.0,g
1483,Grönpepparpaté,DPA (C22:5),Inälvor organ produkter o rätter,0.0,g
1483,Grönpepparpaté,EPA (C20:5),Inälvor organ produkter o rätter,0.0,g
1483,Grönpepparpaté,Arakidonsyra C20:4,Inälvor organ produkter o rätter,0.2,g
1483,Grönpepparpaté,Arakidinsyra C20:0,Inälvor organ produkter o rätter,0.0,g
1483,Grönpepparpaté,Linolensyra C18:3,Inälvor organ produkter o rätter,0.2,g
1483,Grönpepparpaté,Linolsyra C18:2,Inälvor organ produkter o rätter,2.6,g
1483,Grönpepparpaté,Oljesyra C18:1,Inälvor organ produkter o rätter,7.5,g
1483,Grönpepparpaté,Stearinsyra C18:0,Inälvor organ produkter o rätter,2.7,g
1483,Grönpepparpaté,Palmitoljesyra C16:1,Inälvor organ produkter o rätter,0.5,g
1483,Grönpepparpaté,Palmitinsyra C16:0,Inälvor organ produkter o rätter,4.3,g
1483,Grönpepparpaté,Myristinsyra C14:0,Inälvor organ produkter o rätter,0.2,g
1483,Grönpepparpaté,Laurinsyra C12:0,Inälvor organ produkter o rätter,0.0,g
1483,Grönpepparpaté,Betakaroten/β-Karoten,Inälvor organ produkter o rätter,4.0,µg
1483,Grönpepparpaté,Avfall (skal etc.),Inälvor organ produkter o rätter,0.0,%
1483,Grönpepparpaté,Aska,Inälvor organ produkter o rätter,3.0,g
1483,Grönpepparpaté,Alkohol,Inälvor organ produkter o rätter,0.0,g
1485,Korv kycklingkorv mager,"Zink, Zn",Korv,0.8,mg
1485,Korv kycklingkorv mager,Vitamin E,Korv,0.2,mg
1485,Korv kycklingkorv mager,Vitamin D,Korv,0.1,µg
1485,Korv kycklingkorv mager,Vitamin C,Korv,32.4,mg
1485,Korv kycklingkorv mager,Vitamin B6,Korv,0.19,mg
1485,Korv kycklingkorv mager,Vitamin B12,Korv,0.25,µg
1485,Korv kycklingkorv mager,Vitamin A,Korv,11.9,RE/µg
1485,Korv kycklingkorv mager,Vatten,Korv,69.6,g
1485,Korv kycklingkorv mager,Tiamin,Korv,0.07,mg
1485,Korv kycklingkorv mager,Tillsatt socker,Korv,1.0,g
1485,Korv kycklingkorv mager,Fritt socker,Korv,1.0,g
1485,Korv kycklingkorv mager,"Selen, Se",Korv,8.8,µg
1485,Korv kycklingkorv mager,Sackaros,Korv,0.2,g
1485,Korv kycklingkorv mager,Riboflavin,Korv,0.11,mg
1485,Korv kycklingkorv mager,Retinol,Korv,11.6,µg
1485,Korv kycklingkorv mager,Protein,Korv,11.5,g
1485,Korv kycklingkorv mager,Summa fleromättade fettsyror,Korv,1.6,g
1485,Korv kycklingkorv mager,"Fosfor, P",Korv,126.0,mg
1485,Korv kycklingkorv mager,Niacinekvivalenter,Korv,6.5,NE/mg
1485,Korv kycklingkorv mager,Niacin,Korv,4.4,mg
1485,Korv kycklingkorv mager,"Salt, NaCl",Korv,1.7,g
1485,Korv kycklingkorv mager,"Natrium, Na",Korv,678.0,mg
1485,Korv kycklingkorv mager,Monosackarider,Korv,0.7,g
1485,Korv kycklingkorv mager,"Sockerarter, totalt",Korv,1.0,g
1485,Korv kycklingkorv mager,Summa enkelomättade fettsyror,Korv,4.4,g
1485,Korv kycklingkorv mager,"Magnesium, Mg",Korv,13.0,mg
1485,Korv kycklingkorv mager,Summa mättade fettsyror,Korv,2.6,g
1485,Korv kycklingkorv mager,"Kolhydrater, tillgängliga",Korv,6.5,g
1485,Korv kycklingkorv mager,Kolesterol,Korv,58.3,mg
1485,Korv kycklingkorv mager,"Kalium, K",Korv,166.0,mg
1485,Korv kycklingkorv mager,"Jod, I",Korv,3.0,µg
1485,Korv kycklingkorv mager,Fullkorn totalt,Korv,0.0,g
1485,Korv kycklingkorv mager,"Folat, totalt",Korv,13.9,µg
1485,Korv kycklingkorv mager,Fibrer,Korv,1.0,g
1485,Korv kycklingkorv mager,"Fett, totalt",Korv,9.1,g
1485,Korv kycklingkorv mager,"Järn, Fe",Korv,1.0,mg
1485,Korv kycklingkorv mager,Energi (kJ),Korv,650.0,kJ
1485,Korv kycklingkorv mager,Energi (kcal),Korv,155.0,kcal
1485,Korv kycklingkorv mager,Disackarider,Korv,0.3,g
1485,Korv kycklingkorv mager,"Kalcium, Ca",Korv,44.0,mg
1485,Korv kycklingkorv mager,Fettsyra 4:0-10:0,Korv,0.0,g
1485,Korv kycklingkorv mager,DHA (C22:6),Korv,0.0,g
1485,Korv kycklingkorv mager,DPA (C22:5),Korv,0.0,g
1485,Korv kycklingkorv mager,EPA (C20:5),Korv,0.0,g
1485,Korv kycklingkorv mager,Arakidonsyra C20:4,Korv,0.0,g
1485,Korv kycklingkorv mager,Arakidinsyra C20:0,Korv,0.0,g
1485,Korv kycklingkorv mager,Linolensyra C18:3,Korv,0.2,g
1485,Korv kycklingkorv mager,Linolsyra C18:2,Korv,1.3,g
1485,Korv kycklingkorv mager,Oljesyra C18:1,Korv,3.8,g
1485,Korv kycklingkorv mager,Stearinsyra C18:0,Korv,0.5,g
1485,Korv kycklingkorv mager,Palmitoljesyra C16:1,Korv,0.5,g
1485,Korv kycklingkorv mager,Palmitinsyra C16:0,Korv,1.9,g
1485,Korv kycklingkorv mager,Myristinsyra C14:0,Korv,0.1,g
1485,Korv kycklingkorv mager,Laurinsyra C12:0,Korv,0.0,g
1485,Korv kycklingkorv mager,Betakaroten/β-Karoten,Korv,2.0,µg
1485,Korv kycklingkorv mager,Avfall (skal etc.),Korv,0.0,%
1485,Korv kycklingkorv mager,Aska,Korv,2.3,g
1485,Korv kycklingkorv mager,Alkohol,Korv,0.0,g
1486,Korv kycklingkorv halal,"Zink, Zn",Korv,1.4,mg
1486,Korv kycklingkorv halal,Vitamin E,Korv,0.1,mg
1486,Korv kycklingkorv halal,Vitamin D,Korv,0.16,µg
1486,Korv kycklingkorv halal,Vitamin C,Korv,0.0,mg
1486,Korv kycklingkorv halal,Vitamin B6,Korv,0.14,mg
1486,Korv kycklingkorv halal,Vitamin B12,Korv,0.4,µg
1486,Korv kycklingkorv halal,Vitamin A,Korv,20.5,RE/µg
1486,Korv kycklingkorv halal,Vatten,Korv,65.7,g
1486,Korv kycklingkorv halal,Tiamin,Korv,0.06,mg
1486,Korv kycklingkorv halal,Tillsatt socker,Korv,0.0,g
1486,Korv kycklingkorv halal,Fritt socker,Korv,0.0,g
1486,Korv kycklingkorv halal,"Selen, Se",Korv,11.6,µg
1486,Korv kycklingkorv halal,Sackaros,Korv,0.0,g
1486,Korv kycklingkorv halal,Riboflavin,Korv,0.14,mg
1486,Korv kycklingkorv halal,Retinol,Korv,19.8,µg
1486,Korv kycklingkorv halal,Protein,Korv,12.2,g
1486,Korv kycklingkorv halal,Summa fleromättade fettsyror,Korv,2.9,g
1486,Korv kycklingkorv halal,"Fosfor, P",Korv,192.0,mg
1486,Korv kycklingkorv halal,Niacinekvivalenter,Korv,5.3,NE/mg
1486,Korv kycklingkorv halal,Niacin,Korv,3.1,mg
1486,Korv kycklingkorv halal,"Salt, NaCl",Korv,1.6,g
1486,Korv kycklingkorv halal,"Natrium, Na",Korv,630.0,mg
1486,Korv kycklingkorv halal,Monosackarider,Korv,0.1,g
1486,Korv kycklingkorv halal,"Sockerarter, totalt",Korv,0.2,g
1486,Korv kycklingkorv halal,Summa enkelomättade fettsyror,Korv,7.1,g
1486,Korv kycklingkorv halal,"Magnesium, Mg",Korv,16.0,mg
1486,Korv kycklingkorv halal,Summa mättade fettsyror,Korv,4.5,g
1486,Korv kycklingkorv halal,"Kolhydrater, tillgängliga",Korv,3.5,g
1486,Korv kycklingkorv halal,Kolesterol,Korv,96.1,mg
1486,Korv kycklingkorv halal,"Kalium, K",Korv,136.0,mg
1486,Korv kycklingkorv halal,"Jod, I",Korv,56.0,µg
1486,Korv kycklingkorv halal,Fullkorn totalt,Korv,0.0,g
1486,Korv kycklingkorv halal,"Folat, totalt",Korv,17.0,µg
1486,Korv kycklingkorv halal,Fibrer,Korv,1.0,g
1486,Korv kycklingkorv halal,"Fett, totalt",Korv,15.5,g
1486,Korv kycklingkorv halal,"Järn, Fe",Korv,2.0,mg
1486,Korv kycklingkorv halal,Energi (kJ),Korv,848.0,kJ
1486,Korv kycklingkorv halal,Energi (kcal),Korv,203.0,kcal
1486,Korv kycklingkorv halal,Disackarider,Korv,0.2,g
1486,Korv kycklingkorv halal,"Kalcium, Ca",Korv,85.0,mg
1486,Korv kycklingkorv halal,Fettsyra 4:0-10:0,Korv,0.0,g
1486,Korv kycklingkorv halal,DHA (C22:6),Korv,0.0,g
1486,Korv kycklingkorv halal,DPA (C22:5),Korv,0.0,g
1486,Korv kycklingkorv halal,EPA (C20:5),Korv,0.0,g
1486,Korv kycklingkorv halal,Arakidonsyra C20:4,Korv,0.0,g
1486,Korv kycklingkorv halal,Arakidinsyra C20:0,Korv,0.0,g
1486,Korv kycklingkorv halal,Linolensyra C18:3,Korv,0.2,g
1486,Korv kycklingkorv halal,Linolsyra C18:2,Korv,2.5,g
1486,Korv kycklingkorv halal,Oljesyra C18:1,Korv,6.1,g
1486,Korv kycklingkorv halal,Stearinsyra C18:0,Korv,0.9,g
1486,Korv kycklingkorv halal,Palmitoljesyra C16:1,Korv,0.8,g
1486,Korv kycklingkorv halal,Palmitinsyra C16:0,Korv,3.4,g
1486,Korv kycklingkorv halal,Myristinsyra C14:0,Korv,0.1,g
1486,Korv kycklingkorv halal,Laurinsyra C12:0,Korv,0.0,g
1486,Korv kycklingkorv halal,Betakaroten/β-Karoten,Korv,4.0,µg
1486,Korv kycklingkorv halal,Avfall (skal etc.),Korv,0.0,%
1486,Korv kycklingkorv halal,Aska,Korv,2.1,g
1486,Korv kycklingkorv halal,Alkohol,Korv,0.0,g
1487,Korv falukorv fett 19% kött 58%,"Zink, Zn",Korv,1.7,mg
1487,Korv falukorv fett 19% kött 58%,Vitamin E,Korv,0.3,mg
1487,Korv falukorv fett 19% kött 58%,Vitamin D,Korv,0.2,µg
1487,Korv falukorv fett 19% kött 58%,Vitamin C,Korv,0.0,mg
1487,Korv falukorv fett 19% kött 58%,Vitamin B6,Korv,0.15,mg
1487,Korv falukorv fett 19% kött 58%,Vitamin B12,Korv,1.1,µg
1487,Korv falukorv fett 19% kött 58%,Vitamin A,Korv,10.7,RE/µg
1487,Korv falukorv fett 19% kött 58%,Vatten,Korv,57.0,g
1487,Korv falukorv fett 19% kött 58%,Tiamin,Korv,0.16,mg
1487,Korv falukorv fett 19% kött 58%,Tillsatt socker,Korv,0.0,g
1487,Korv falukorv fett 19% kött 58%,Fritt socker,Korv,0.0,g
1487,Korv falukorv fett 19% kött 58%,"Selen, Se",Korv,2.0,µg
1487,Korv falukorv fett 19% kött 58%,Sackaros,Korv,0.0,g
1487,Korv falukorv fett 19% kött 58%,Riboflavin,Korv,0.22,mg
1487,Korv falukorv fett 19% kött 58%,Retinol,Korv,10.0,µg
1487,Korv falukorv fett 19% kött 58%,Protein,Korv,12.7,g
1487,Korv falukorv fett 19% kött 58%,Summa fleromättade fettsyror,Korv,2.4,g
1487,Korv falukorv fett 19% kött 58%,"Fosfor, P",Korv,172.0,mg
1487,Korv falukorv fett 19% kött 58%,Niacinekvivalenter,Korv,5.43,NE/mg
1487,Korv falukorv fett 19% kött 58%,Niacin,Korv,3.1,mg
1487,Korv falukorv fett 19% kött 58%,"Salt, NaCl",Korv,2.0,g
1487,Korv falukorv fett 19% kött 58%,"Natrium, Na",Korv,800.0,mg
1487,Korv falukorv fett 19% kött 58%,Monosackarider,Korv,0.4,g
1487,Korv falukorv fett 19% kött 58%,"Sockerarter, totalt",Korv,0.4,g
1487,Korv falukorv fett 19% kött 58%,Summa enkelomättade fettsyror,Korv,8.7,g
1487,Korv falukorv fett 19% kött 58%,"Magnesium, Mg",Korv,12.0,mg
1487,Korv falukorv fett 19% kött 58%,Summa mättade fettsyror,Korv,7.3,g
1487,Korv falukorv fett 19% kött 58%,"Kolhydrater, tillgängliga",Korv,7.9,g
1487,Korv falukorv fett 19% kött 58%,Kolesterol,Korv,65.0,mg
1487,Korv falukorv fett 19% kött 58%,"Kalium, K",Korv,230.0,mg
1487,Korv falukorv fett 19% kött 58%,"Jod, I",Korv,0.0,µg
1487,Korv falukorv fett 19% kött 58%,Fullkorn totalt,Korv,0.0,g
1487,Korv falukorv fett 19% kött 58%,"Folat, totalt",Korv,4.0,µg
1487,Korv falukorv fett 19% kött 58%,Fibrer,Korv,0.0,g
1487,Korv falukorv fett 19% kött 58%,"Fett, totalt",Korv,19.3,g
1487,Korv falukorv fett 19% kött 58%,"Järn, Fe",Korv,1.4,mg
1487,Korv falukorv fett 19% kött 58%,Energi (kJ),Korv,1064.0,kJ
1487,Korv falukorv fett 19% kött 58%,Energi (kcal),Korv,254.0,kcal
1487,Korv falukorv fett 19% kött 58%,Disackarider,Korv,0.0,g
1487,Korv falukorv fett 19% kött 58%,"Kalcium, Ca",Korv,70.0,mg
1487,Korv falukorv fett 19% kött 58%,Fettsyra 4:0-10:0,Korv,0.0,g
1487,Korv falukorv fett 19% kött 58%,DHA (C22:6),Korv,0.1,g
1487,Korv falukorv fett 19% kött 58%,DPA (C22:5),Korv,0.0,g
1487,Korv falukorv fett 19% kött 58%,EPA (C20:5),Korv,0.0,g
1487,Korv falukorv fett 19% kött 58%,Arakidonsyra C20:4,Korv,0.1,g
1487,Korv falukorv fett 19% kött 58%,Arakidinsyra C20:0,Korv,0.1,g
1487,Korv falukorv fett 19% kött 58%,Linolensyra C18:3,Korv,0.2,g
1487,Korv falukorv fett 19% kött 58%,Linolsyra C18:2,Korv,1.8,g
1487,Korv falukorv fett 19% kött 58%,Oljesyra C18:1,Korv,7.7,g
1487,Korv falukorv fett 19% kött 58%,Stearinsyra C18:0,Korv,2.4,g
1487,Korv falukorv fett 19% kött 58%,Palmitoljesyra C16:1,Korv,0.7,g
1487,Korv falukorv fett 19% kött 58%,Palmitinsyra C16:0,Korv,4.4,g
1487,Korv falukorv fett 19% kött 58%,Myristinsyra C14:0,Korv,0.3,g
1487,Korv falukorv fett 19% kött 58%,Laurinsyra C12:0,Korv,0.0,g
1487,Korv falukorv fett 19% kött 58%,Betakaroten/β-Karoten,Korv,8.0,µg
1487,Korv falukorv fett 19% kött 58%,Avfall (skal etc.),Korv,0.0,%
1487,Korv falukorv fett 19% kött 58%,Aska,Korv,3.1,g
1487,Korv falukorv fett 19% kött 58%,Alkohol,Korv,0.0,g
1488,Korv falukorv kött 58%,"Zink, Zn",Korv,1.1,mg
1488,Korv falukorv kött 58%,Vitamin E,Korv,1.2,mg
1488,Korv falukorv kött 58%,Vitamin D,Korv,0.0,µg
1488,Korv falukorv kött 58%,Vitamin C,Korv,29.9,mg
1488,Korv falukorv kött 58%,Vitamin B6,Korv,0.1,mg
1488,Korv falukorv kött 58%,Vitamin B12,Korv,0.37,µg
1488,Korv falukorv kött 58%,Vitamin A,Korv,0.0,RE/µg
1488,Korv falukorv kött 58%,Vatten,Korv,63.1,g
1488,Korv falukorv kött 58%,Tiamin,Korv,0.26,mg
1488,Korv falukorv kött 58%,Tillsatt socker,Korv,1.0,g
1488,Korv falukorv kött 58%,Fritt socker,Korv,1.0,g
1488,Korv falukorv kött 58%,"Selen, Se",Korv,8.0,µg
1488,Korv falukorv kött 58%,Sackaros,Korv,0.0,g
1488,Korv falukorv kött 58%,Riboflavin,Korv,1.28,mg
1488,Korv falukorv kött 58%,Retinol,Korv,0.0,µg
1488,Korv falukorv kött 58%,Protein,Korv,9.1,g
1488,Korv falukorv kött 58%,Summa fleromättade fettsyror,Korv,1.8,g
1488,Korv falukorv kött 58%,"Fosfor, P",Korv,100.0,mg
1488,Korv falukorv kött 58%,Niacinekvivalenter,Korv,3.9,NE/mg
1488,Korv falukorv kött 58%,Niacin,Korv,2.22,mg
1488,Korv falukorv kött 58%,"Salt, NaCl",Korv,1.6,g
1488,Korv falukorv kött 58%,"Natrium, Na",Korv,630.0,mg
1488,Korv falukorv kött 58%,Monosackarider,Korv,0.6,g
1488,Korv falukorv kött 58%,"Sockerarter, totalt",Korv,0.7,g
1488,Korv falukorv kött 58%,Summa enkelomättade fettsyror,Korv,10.0,g
1488,Korv falukorv kött 58%,"Magnesium, Mg",Korv,9.0,mg
1488,Korv falukorv kött 58%,Summa mättade fettsyror,Korv,7.7,g
1488,Korv falukorv kött 58%,"Kolhydrater, tillgängliga",Korv,5.1,g
1488,Korv falukorv kött 58%,Kolesterol,Korv,47.6,mg
1488,Korv falukorv kött 58%,"Kalium, K",Korv,140.0,mg
1488,Korv falukorv kött 58%,"Jod, I",Korv,0.0,µg
1488,Korv falukorv kött 58%,Fullkorn totalt,Korv,0.0,g
1488,Korv falukorv kött 58%,"Folat, totalt",Korv,0.0,µg
1488,Korv falukorv kött 58%,Fibrer,Korv,0.0,g
1488,Korv falukorv kött 58%,"Fett, totalt",Korv,20.6,g
1488,Korv falukorv kött 58%,"Järn, Fe",Korv,0.5,mg
1488,Korv falukorv kött 58%,Energi (kJ),Korv,1003.0,kJ
1488,Korv falukorv kött 58%,Energi (kcal),Korv,240.0,kcal
1488,Korv falukorv kött 58%,Disackarider,Korv,0.1,g
1488,Korv falukorv kött 58%,"Kalcium, Ca",Korv,7.0,mg
1488,Korv falukorv kött 58%,Fettsyra 4:0-10:0,Korv,0.0,g
1488,Korv falukorv kött 58%,DHA (C22:6),Korv,0.0,g
1488,Korv falukorv kött 58%,DPA (C22:5),Korv,0.0,g
1488,Korv falukorv kött 58%,EPA (C20:5),Korv,0.0,g
1488,Korv falukorv kött 58%,Arakidonsyra C20:4,Korv,0.0,g
1488,Korv falukorv kött 58%,Arakidinsyra C20:0,Korv,0.0,g
1488,Korv falukorv kött 58%,Linolensyra C18:3,Korv,0.1,g
1488,Korv falukorv kött 58%,Linolsyra C18:2,Korv,1.5,g
1488,Korv falukorv kött 58%,Oljesyra C18:1,Korv,9.2,g
1488,Korv falukorv kött 58%,Stearinsyra C18:0,Korv,2.6,g
1488,Korv falukorv kött 58%,Palmitoljesyra C16:1,Korv,0.6,g
1488,Korv falukorv kött 58%,Palmitinsyra C16:0,Korv,4.8,g
1488,Korv falukorv kött 58%,Myristinsyra C14:0,Korv,0.3,g
1488,Korv falukorv kött 58%,Laurinsyra C12:0,Korv,0.0,g
1488,Korv falukorv kött 58%,Betakaroten/β-Karoten,Korv,0.0,µg
1488,Korv falukorv kött 58%,Avfall (skal etc.),Korv,0.0,%
1488,Korv falukorv kött 58%,Aska,Korv,2.2,g
1488,Korv falukorv kött 58%,Alkohol,Korv,0.0,g
1491,Korv fläskkorv kokt kött 48%,"Zink, Zn",Korv,1.2,mg
1491,Korv fläskkorv kokt kött 48%,Vitamin E,Korv,0.3,mg
1491,Korv fläskkorv kokt kött 48%,Vitamin D,Korv,0.25,µg
1491,Korv fläskkorv kokt kött 48%,Vitamin C,Korv,0.0,mg
1491,Korv fläskkorv kokt kött 48%,Vitamin B6,Korv,0.15,mg
1491,Korv fläskkorv kokt kött 48%,Vitamin B12,Korv,1.1,µg
1491,Korv fläskkorv kokt kött 48%,Vitamin A,Korv,6.0,RE/µg
1491,Korv fläskkorv kokt kött 48%,Vatten,Korv,64.0,g
1491,Korv fläskkorv kokt kött 48%,Tiamin,Korv,0.18,mg
1491,Korv fläskkorv kokt kött 48%,Tillsatt socker,Korv,0.0,g
1491,Korv fläskkorv kokt kött 48%,Fritt socker,Korv,0.0,g
1491,Korv fläskkorv kokt kött 48%,"Selen, Se",Korv,2.0,µg
1491,Korv fläskkorv kokt kött 48%,Sackaros,Korv,0.0,g
1491,Korv fläskkorv kokt kött 48%,Riboflavin,Korv,0.11,mg
1491,Korv fläskkorv kokt kött 48%,Retinol,Korv,6.0,µg
1491,Korv fläskkorv kokt kött 48%,Protein,Korv,9.1,g
1491,Korv fläskkorv kokt kött 48%,Summa fleromättade fettsyror,Korv,2.3,g
1491,Korv fläskkorv kokt kött 48%,"Fosfor, P",Korv,94.0,mg
1491,Korv fläskkorv kokt kött 48%,Niacinekvivalenter,Korv,3.97,NE/mg
1491,Korv fläskkorv kokt kött 48%,Niacin,Korv,2.3,mg
1491,Korv fläskkorv kokt kött 48%,"Salt, NaCl",Korv,2.1,g
1491,Korv fläskkorv kokt kött 48%,"Natrium, Na",Korv,830.0,mg
1491,Korv fläskkorv kokt kött 48%,Monosackarider,Korv,0.0,g
1491,Korv fläskkorv kokt kött 48%,"Sockerarter, totalt",Korv,0.0,g
1491,Korv fläskkorv kokt kött 48%,Summa enkelomättade fettsyror,Korv,8.4,g
1491,Korv fläskkorv kokt kött 48%,"Magnesium, Mg",Korv,12.0,mg
1491,Korv fläskkorv kokt kött 48%,Summa mättade fettsyror,Korv,8.8,g
1491,Korv fläskkorv kokt kött 48%,"Kolhydrater, tillgängliga",Korv,3.8,g
1491,Korv fläskkorv kokt kött 48%,Kolesterol,Korv,65.0,mg
1491,Korv fläskkorv kokt kött 48%,"Kalium, K",Korv,125.0,mg
1491,Korv fläskkorv kokt kött 48%,"Jod, I",Korv,0.0,µg
1491,Korv fläskkorv kokt kött 48%,Fullkorn totalt,Korv,0.0,g
1491,Korv fläskkorv kokt kött 48%,"Folat, totalt",Korv,3.0,µg
1491,Korv fläskkorv kokt kött 48%,Fibrer,Korv,0.0,g
1491,Korv fläskkorv kokt kött 48%,"Fett, totalt",Korv,20.5,g
1491,Korv fläskkorv kokt kött 48%,"Järn, Fe",Korv,0.9,mg
1491,Korv fläskkorv kokt kött 48%,Energi (kJ),Korv,978.0,kJ
1491,Korv fläskkorv kokt kött 48%,Energi (kcal),Korv,234.0,kcal
1491,Korv fläskkorv kokt kött 48%,Disackarider,Korv,0.0,g
1491,Korv fläskkorv kokt kött 48%,"Kalcium, Ca",Korv,12.0,mg
1491,Korv fläskkorv kokt kött 48%,Fettsyra 4:0-10:0,Korv,0.0,g
1491,Korv fläskkorv kokt kött 48%,DHA (C22:6),Korv,0.1,g
1491,Korv fläskkorv kokt kött 48%,DPA (C22:5),Korv,0.1,g
1491,Korv fläskkorv kokt kött 48%,EPA (C20:5),Korv,0.0,g
1491,Korv fläskkorv kokt kött 48%,Arakidonsyra C20:4,Korv,0.1,g
1491,Korv fläskkorv kokt kött 48%,Arakidinsyra C20:0,Korv,0.1,g
1491,Korv fläskkorv kokt kött 48%,Linolensyra C18:3,Korv,0.1,g
1491,Korv fläskkorv kokt kött 48%,Linolsyra C18:2,Korv,1.8,g
1491,Korv fläskkorv kokt kött 48%,Oljesyra C18:1,Korv,7.4,g
1491,Korv fläskkorv kokt kött 48%,Stearinsyra C18:0,Korv,3.1,g
1491,Korv fläskkorv kokt kött 48%,Palmitoljesyra C16:1,Korv,0.7,g
1491,Korv fläskkorv kokt kött 48%,Palmitinsyra C16:0,Korv,5.3,g
1491,Korv fläskkorv kokt kött 48%,Myristinsyra C14:0,Korv,0.4,g
1491,Korv fläskkorv kokt kött 48%,Laurinsyra C12:0,Korv,0.0,g
1491,Korv fläskkorv kokt kött 48%,Betakaroten/β-Karoten,Korv,0.0,µg
1491,Korv fläskkorv kokt kött 48%,Avfall (skal etc.),Korv,0.0,%
1491,Korv fläskkorv kokt kött 48%,Aska,Korv,2.6,g
1491,Korv fläskkorv kokt kött 48%,Alkohol,Korv,0.0,g
1492,Korv frukostkorv fett 23% kött 52%,"Zink, Zn",Korv,1.7,mg
1492,Korv frukostkorv fett 23% kött 52%,Vitamin E,Korv,0.3,mg
1492,Korv frukostkorv fett 23% kött 52%,Vitamin D,Korv,0.2,µg
1492,Korv frukostkorv fett 23% kött 52%,Vitamin C,Korv,0.0,mg
1492,Korv frukostkorv fett 23% kött 52%,Vitamin B6,Korv,0.15,mg
1492,Korv frukostkorv fett 23% kött 52%,Vitamin B12,Korv,1.1,µg
1492,Korv frukostkorv fett 23% kött 52%,Vitamin A,Korv,10.7,RE/µg
1492,Korv frukostkorv fett 23% kött 52%,Vatten,Korv,61.5,g
1492,Korv frukostkorv fett 23% kött 52%,Tiamin,Korv,0.14,mg
1492,Korv frukostkorv fett 23% kött 52%,Tillsatt socker,Korv,0.0,g
1492,Korv frukostkorv fett 23% kött 52%,Fritt socker,Korv,0.0,g
1492,Korv frukostkorv fett 23% kött 52%,"Selen, Se",Korv,2.0,µg
1492,Korv frukostkorv fett 23% kött 52%,Sackaros,Korv,0.0,g
1492,Korv frukostkorv fett 23% kött 52%,Riboflavin,Korv,0.09,mg
1492,Korv frukostkorv fett 23% kött 52%,Retinol,Korv,10.0,µg
1492,Korv frukostkorv fett 23% kött 52%,Protein,Korv,9.9,g
1492,Korv frukostkorv fett 23% kött 52%,Summa fleromättade fettsyror,Korv,2.4,g
1492,Korv frukostkorv fett 23% kött 52%,"Fosfor, P",Korv,87.0,mg
1492,Korv frukostkorv fett 23% kött 52%,Niacinekvivalenter,Korv,3.82,NE/mg
1492,Korv frukostkorv fett 23% kött 52%,Niacin,Korv,2.0,mg
1492,Korv frukostkorv fett 23% kött 52%,"Salt, NaCl",Korv,2.0,g
1492,Korv frukostkorv fett 23% kött 52%,"Natrium, Na",Korv,790.0,mg
1492,Korv frukostkorv fett 23% kött 52%,Monosackarider,Korv,0.0,g
1492,Korv frukostkorv fett 23% kött 52%,"Sockerarter, totalt",Korv,0.0,g
1492,Korv frukostkorv fett 23% kött 52%,Summa enkelomättade fettsyror,Korv,10.9,g
1492,Korv frukostkorv fett 23% kött 52%,"Magnesium, Mg",Korv,12.0,mg
1492,Korv frukostkorv fett 23% kött 52%,Summa mättade fettsyror,Korv,8.6,g
1492,Korv frukostkorv fett 23% kött 52%,"Kolhydrater, tillgängliga",Korv,3.2,g
1492,Korv frukostkorv fett 23% kött 52%,Kolesterol,Korv,65.0,mg
1492,Korv frukostkorv fett 23% kött 52%,"Kalium, K",Korv,124.0,mg
1492,Korv frukostkorv fett 23% kött 52%,"Jod, I",Korv,0.0,µg
1492,Korv frukostkorv fett 23% kött 52%,Fullkorn totalt,Korv,0.0,g
1492,Korv frukostkorv fett 23% kött 52%,"Folat, totalt",Korv,4.0,µg
1492,Korv frukostkorv fett 23% kött 52%,Fibrer,Korv,0.0,g
1492,Korv frukostkorv fett 23% kött 52%,"Fett, totalt",Korv,23.0,g
1492,Korv frukostkorv fett 23% kött 52%,"Järn, Fe",Korv,1.1,mg
1492,Korv frukostkorv fett 23% kött 52%,Energi (kJ),Korv,1074.0,kJ
1492,Korv frukostkorv fett 23% kött 52%,Energi (kcal),Korv,257.0,kcal
1492,Korv frukostkorv fett 23% kött 52%,Disackarider,Korv,0.0,g
1492,Korv frukostkorv fett 23% kött 52%,"Kalcium, Ca",Korv,12.0,mg
1492,Korv frukostkorv fett 23% kött 52%,Fettsyra 4:0-10:0,Korv,0.0,g
1492,Korv frukostkorv fett 23% kött 52%,DHA (C22:6),Korv,0.0,g
1492,Korv frukostkorv fett 23% kött 52%,DPA (C22:5),Korv,0.0,g
1492,Korv frukostkorv fett 23% kött 52%,EPA (C20:5),Korv,0.0,g
1492,Korv frukostkorv fett 23% kött 52%,Arakidonsyra C20:4,Korv,0.1,g
1492,Korv frukostkorv fett 23% kött 52%,Arakidinsyra C20:0,Korv,0.1,g
1492,Korv frukostkorv fett 23% kött 52%,Linolensyra C18:3,Korv,0.1,g
1492,Korv frukostkorv fett 23% kött 52%,Linolsyra C18:2,Korv,1.9,g
1492,Korv frukostkorv fett 23% kött 52%,Oljesyra C18:1,Korv,9.6,g
1492,Korv frukostkorv fett 23% kött 52%,Stearinsyra C18:0,Korv,2.8,g
1492,Korv frukostkorv fett 23% kött 52%,Palmitoljesyra C16:1,Korv,0.9,g
1492,Korv frukostkorv fett 23% kött 52%,Palmitinsyra C16:0,Korv,5.2,g
1492,Korv frukostkorv fett 23% kött 52%,Myristinsyra C14:0,Korv,0.4,g
1492,Korv frukostkorv fett 23% kött 52%,Laurinsyra C12:0,Korv,0.0,g
1492,Korv frukostkorv fett 23% kött 52%,Betakaroten/β-Karoten,Korv,8.0,µg
1492,Korv frukostkorv fett 23% kött 52%,Avfall (skal etc.),Korv,0.0,%
1492,Korv frukostkorv fett 23% kött 52%,Aska,Korv,2.4,g
1492,Korv frukostkorv fett 23% kött 52%,Alkohol,Korv,0.0,g
1496,Påläggskorv medvurst fett 23%,"Zink, Zn",Korv,1.9,mg
1496,Påläggskorv medvurst fett 23%,Vitamin E,Korv,0.3,mg
1496,Påläggskorv medvurst fett 23%,Vitamin D,Korv,0.2,µg
1496,Påläggskorv medvurst fett 23%,Vitamin C,Korv,0.0,mg
1496,Påläggskorv medvurst fett 23%,Vitamin B6,Korv,0.15,mg
1496,Påläggskorv medvurst fett 23%,Vitamin B12,Korv,1.1,µg
1496,Påläggskorv medvurst fett 23%,Vitamin A,Korv,10.7,RE/µg
1496,Påläggskorv medvurst fett 23%,Vatten,Korv,61.0,g
1496,Påläggskorv medvurst fett 23%,Tiamin,Korv,0.19,mg
1496,Påläggskorv medvurst fett 23%,Tillsatt socker,Korv,3.0,g
1496,Påläggskorv medvurst fett 23%,Fritt socker,Korv,3.0,g
1496,Påläggskorv medvurst fett 23%,"Selen, Se",Korv,2.0,µg
1496,Påläggskorv medvurst fett 23%,Sackaros,Korv,2.2,g
1496,Påläggskorv medvurst fett 23%,Riboflavin,Korv,0.12,mg
1496,Påläggskorv medvurst fett 23%,Retinol,Korv,10.0,µg
1496,Påläggskorv medvurst fett 23%,Protein,Korv,9.9,g
1496,Påläggskorv medvurst fett 23%,Summa fleromättade fettsyror,Korv,3.1,g
1496,Påläggskorv medvurst fett 23%,"Fosfor, P",Korv,102.0,mg
1496,Påläggskorv medvurst fett 23%,Niacinekvivalenter,Korv,4.02,NE/mg
1496,Påläggskorv medvurst fett 23%,Niacin,Korv,2.2,mg
1496,Påläggskorv medvurst fett 23%,"Salt, NaCl",Korv,1.9,g
1496,Påläggskorv medvurst fett 23%,"Natrium, Na",Korv,770.0,mg
1496,Påläggskorv medvurst fett 23%,Monosackarider,Korv,0.6,g
1496,Påläggskorv medvurst fett 23%,"Sockerarter, totalt",Korv,2.8,g
1496,Påläggskorv medvurst fett 23%,Summa enkelomättade fettsyror,Korv,10.0,g
1496,Påläggskorv medvurst fett 23%,"Magnesium, Mg",Korv,12.0,mg
1496,Påläggskorv medvurst fett 23%,Summa mättade fettsyror,Korv,8.4,g
1496,Påläggskorv medvurst fett 23%,"Kolhydrater, tillgängliga",Korv,4.1,g
1496,Påläggskorv medvurst fett 23%,Kolesterol,Korv,65.0,mg
1496,Påläggskorv medvurst fett 23%,"Kalium, K",Korv,152.0,mg
1496,Påläggskorv medvurst fett 23%,"Jod, I",Korv,4.5,µg
1496,Påläggskorv medvurst fett 23%,Fullkorn totalt,Korv,0.0,g
1496,Påläggskorv medvurst fett 23%,"Folat, totalt",Korv,4.0,µg
1496,Påläggskorv medvurst fett 23%,Fibrer,Korv,0.0,g
1496,Påläggskorv medvurst fett 23%,"Fett, totalt",Korv,22.5,g
1496,Påläggskorv medvurst fett 23%,"Järn, Fe",Korv,1.5,mg
1496,Påläggskorv medvurst fett 23%,Energi (kJ),Korv,1070.0,kJ
1496,Påläggskorv medvurst fett 23%,Energi (kcal),Korv,256.0,kcal
1496,Påläggskorv medvurst fett 23%,Disackarider,Korv,2.2,g
1496,Påläggskorv medvurst fett 23%,"Kalcium, Ca",Korv,8.0,mg
1496,Påläggskorv medvurst fett 23%,Fettsyra 4:0-10:0,Korv,0.0,g
1496,Påläggskorv medvurst fett 23%,DHA (C22:6),Korv,0.1,g
1496,Påläggskorv medvurst fett 23%,DPA (C22:5),Korv,0.0,g
1496,Påläggskorv medvurst fett 23%,EPA (C20:5),Korv,0.0,g
1496,Påläggskorv medvurst fett 23%,Arakidonsyra C20:4,Korv,0.1,g
1496,Påläggskorv medvurst fett 23%,Arakidinsyra C20:0,Korv,0.1,g
1496,Påläggskorv medvurst fett 23%,Linolensyra C18:3,Korv,0.2,g
1496,Påläggskorv medvurst fett 23%,Linolsyra C18:2,Korv,2.4,g
1496,Påläggskorv medvurst fett 23%,Oljesyra C18:1,Korv,8.9,g
1496,Påläggskorv medvurst fett 23%,Stearinsyra C18:0,Korv,2.9,g
1496,Påläggskorv medvurst fett 23%,Palmitoljesyra C16:1,Korv,0.7,g
1496,Påläggskorv medvurst fett 23%,Palmitinsyra C16:0,Korv,5.0,g
1496,Påläggskorv medvurst fett 23%,Myristinsyra C14:0,Korv,0.3,g
1496,Påläggskorv medvurst fett 23%,Laurinsyra C12:0,Korv,0.0,g
1496,Påläggskorv medvurst fett 23%,Betakaroten/β-Karoten,Korv,8.0,µg
1496,Påläggskorv medvurst fett 23%,Avfall (skal etc.),Korv,0.0,%
1496,Påläggskorv medvurst fett 23%,Aska,Korv,2.5,g
1496,Påläggskorv medvurst fett 23%,Alkohol,Korv,0.0,g
1497,Påläggskorv medvurst rökt fett 35%,"Zink, Zn",Korv,1.4,mg
1497,Påläggskorv medvurst rökt fett 35%,Vitamin E,Korv,1.6,mg
1497,Påläggskorv medvurst rökt fett 35%,Vitamin D,Korv,0.24,µg
1497,Påläggskorv medvurst rökt fett 35%,Vitamin C,Korv,0.0,mg
1497,Påläggskorv medvurst rökt fett 35%,Vitamin B6,Korv,0.2,mg
1497,Påläggskorv medvurst rökt fett 35%,Vitamin B12,Korv,0.75,µg
1497,Påläggskorv medvurst rökt fett 35%,Vitamin A,Korv,9.6,RE/µg
1497,Påläggskorv medvurst rökt fett 35%,Vatten,Korv,42.3,g
1497,Påläggskorv medvurst rökt fett 35%,Tiamin,Korv,0.31,mg
1497,Påläggskorv medvurst rökt fett 35%,Tillsatt socker,Korv,3.0,g
1497,Påläggskorv medvurst rökt fett 35%,Fritt socker,Korv,3.0,g
1497,Påläggskorv medvurst rökt fett 35%,"Selen, Se",Korv,8.0,µg
1497,Påläggskorv medvurst rökt fett 35%,Sackaros,Korv,2.2,g
1497,Påläggskorv medvurst rökt fett 35%,Riboflavin,Korv,0.13,mg
1497,Påläggskorv medvurst rökt fett 35%,Retinol,Korv,9.6,µg
1497,Påläggskorv medvurst rökt fett 35%,Protein,Korv,14.2,g
1497,Påläggskorv medvurst rökt fett 35%,Summa fleromättade fettsyror,Korv,3.4,g
1497,Påläggskorv medvurst rökt fett 35%,"Fosfor, P",Korv,150.0,mg
1497,Påläggskorv medvurst rökt fett 35%,Niacinekvivalenter,Korv,5.8,NE/mg
1497,Påläggskorv medvurst rökt fett 35%,Niacin,Korv,3.23,mg
1497,Påläggskorv medvurst rökt fett 35%,"Salt, NaCl",Korv,3.1,g
1497,Påläggskorv medvurst rökt fett 35%,"Natrium, Na",Korv,1240.0,mg
1497,Påläggskorv medvurst rökt fett 35%,Monosackarider,Korv,0.6,g
1497,Påläggskorv medvurst rökt fett 35%,"Sockerarter, totalt",Korv,3.3,g
1497,Påläggskorv medvurst rökt fett 35%,Summa enkelomättade fettsyror,Korv,16.2,g
1497,Påläggskorv medvurst rökt fett 35%,"Magnesium, Mg",Korv,18.0,mg
1497,Påläggskorv medvurst rökt fett 35%,Summa mättade fettsyror,Korv,13.2,g
1497,Påläggskorv medvurst rökt fett 35%,"Kolhydrater, tillgängliga",Korv,5.4,g
1497,Påläggskorv medvurst rökt fett 35%,Kolesterol,Korv,38.7,mg
1497,Påläggskorv medvurst rökt fett 35%,"Kalium, K",Korv,272.0,mg
1497,Påläggskorv medvurst rökt fett 35%,"Jod, I",Korv,0.0,µg
1497,Påläggskorv medvurst rökt fett 35%,Fullkorn totalt,Korv,0.0,g
1497,Påläggskorv medvurst rökt fett 35%,"Folat, totalt",Korv,1.2,µg
1497,Påläggskorv medvurst rökt fett 35%,Fibrer,Korv,0.0,g
1497,Påläggskorv medvurst rökt fett 35%,"Fett, totalt",Korv,34.6,g
1497,Påläggskorv medvurst rökt fett 35%,"Järn, Fe",Korv,0.8,mg
1497,Påläggskorv medvurst rökt fett 35%,Energi (kJ),Korv,1614.0,kJ
1497,Påläggskorv medvurst rökt fett 35%,Energi (kcal),Korv,386.0,kcal
1497,Påläggskorv medvurst rökt fett 35%,Disackarider,Korv,2.7,g
1497,Påläggskorv medvurst rökt fett 35%,"Kalcium, Ca",Korv,38.0,mg
1497,Påläggskorv medvurst rökt fett 35%,Fettsyra 4:0-10:0,Korv,0.0,g
1497,Påläggskorv medvurst rökt fett 35%,DHA (C22:6),Korv,0.0,g
1497,Påläggskorv medvurst rökt fett 35%,DPA (C22:5),Korv,0.0,g
1497,Påläggskorv medvurst rökt fett 35%,EPA (C20:5),Korv,0.0,g
1497,Påläggskorv medvurst rökt fett 35%,Arakidonsyra C20:4,Korv,0.1,g
1497,Påläggskorv medvurst rökt fett 35%,Arakidinsyra C20:0,Korv,0.1,g
1497,Påläggskorv medvurst rökt fett 35%,Linolensyra C18:3,Korv,0.3,g
1497,Påläggskorv medvurst rökt fett 35%,Linolsyra C18:2,Korv,2.9,g
1497,Påläggskorv medvurst rökt fett 35%,Oljesyra C18:1,Korv,15.1,g
1497,Påläggskorv medvurst rökt fett 35%,Stearinsyra C18:0,Korv,4.5,g
1497,Påläggskorv medvurst rökt fett 35%,Palmitoljesyra C16:1,Korv,0.8,g
1497,Påläggskorv medvurst rökt fett 35%,Palmitinsyra C16:0,Korv,8.0,g
1497,Påläggskorv medvurst rökt fett 35%,Myristinsyra C14:0,Korv,0.5,g
1497,Påläggskorv medvurst rökt fett 35%,Laurinsyra C12:0,Korv,0.0,g
1497,Påläggskorv medvurst rökt fett 35%,Betakaroten/β-Karoten,Korv,0.0,µg
1497,Påläggskorv medvurst rökt fett 35%,Avfall (skal etc.),Korv,0.0,%
1497,Påläggskorv medvurst rökt fett 35%,Aska,Korv,3.5,g
1497,Påläggskorv medvurst rökt fett 35%,Alkohol,Korv,0.0,g
1498,Påläggskorv salami rökt,"Zink, Zn",Korv,1.8,mg
1498,Påläggskorv salami rökt,Vitamin E,Korv,1.1,mg
1498,Påläggskorv salami rökt,Vitamin D,Korv,0.14,µg
1498,Påläggskorv salami rökt,Vitamin C,Korv,0.0,mg
1498,Påläggskorv salami rökt,Vitamin B6,Korv,0.21,mg
1498,Påläggskorv salami rökt,Vitamin B12,Korv,0.85,µg
1498,Påläggskorv salami rökt,Vitamin A,Korv,0.8,RE/µg
1498,Påläggskorv salami rökt,Vatten,Korv,38.9,g
1498,Påläggskorv salami rökt,Tiamin,Korv,0.42,mg
1498,Påläggskorv salami rökt,Tillsatt socker,Korv,1.0,g
1498,Påläggskorv salami rökt,Fritt socker,Korv,1.0,g
1498,Påläggskorv salami rökt,"Selen, Se",Korv,7.7,µg
1498,Påläggskorv salami rökt,Sackaros,Korv,0.8,g
1498,Påläggskorv salami rökt,Riboflavin,Korv,0.15,mg
1498,Påläggskorv salami rökt,Retinol,Korv,0.0,µg
1498,Påläggskorv salami rökt,Protein,Korv,16.1,g
1498,Påläggskorv salami rökt,Summa fleromättade fettsyror,Korv,4.0,g
1498,Påläggskorv salami rökt,"Fosfor, P",Korv,145.0,mg
1498,Påläggskorv salami rökt,Niacinekvivalenter,Korv,7.0,NE/mg
1498,Påläggskorv salami rökt,Niacin,Korv,4.08,mg
1498,Påläggskorv salami rökt,"Salt, NaCl",Korv,3.0,g
1498,Påläggskorv salami rökt,"Natrium, Na",Korv,1220.0,mg
1498,Påläggskorv salami rökt,Monosackarider,Korv,0.5,g
1498,Påläggskorv salami rökt,"Sockerarter, totalt",Korv,1.4,g
1498,Påläggskorv salami rökt,Summa enkelomättade fettsyror,Korv,19.3,g
1498,Påläggskorv salami rökt,"Magnesium, Mg",Korv,15.0,mg
1498,Påläggskorv salami rökt,Summa mättade fettsyror,Korv,15.6,g
1498,Påläggskorv salami rökt,"Kolhydrater, tillgängliga",Korv,0.2,g
1498,Påläggskorv salami rökt,Kolesterol,Korv,43.4,mg
1498,Påläggskorv salami rökt,"Kalium, K",Korv,234.0,mg
1498,Påläggskorv salami rökt,"Jod, I",Korv,0.0,µg
1498,Påläggskorv salami rökt,Fullkorn totalt,Korv,0.0,g
1498,Påläggskorv salami rökt,"Folat, totalt",Korv,1.2,µg
1498,Påläggskorv salami rökt,Fibrer,Korv,0.0,g
1498,Påläggskorv salami rökt,"Fett, totalt",Korv,41.2,g
1498,Påläggskorv salami rökt,"Järn, Fe",Korv,0.9,mg
1498,Påläggskorv salami rökt,Energi (kJ),Korv,1801.0,kJ
1498,Påläggskorv salami rökt,Energi (kcal),Korv,430.0,kcal
1498,Påläggskorv salami rökt,Disackarider,Korv,0.8,g
1498,Påläggskorv salami rökt,"Kalcium, Ca",Korv,20.0,mg
1498,Påläggskorv salami rökt,Fettsyra 4:0-10:0,Korv,0.0,g
1498,Påläggskorv salami rökt,DHA (C22:6),Korv,0.0,g
1498,Påläggskorv salami rökt,DPA (C22:5),Korv,0.0,g
1498,Påläggskorv salami rökt,EPA (C20:5),Korv,0.0,g
1498,Påläggskorv salami rökt,Arakidonsyra C20:4,Korv,0.1,g
1498,Påläggskorv salami rökt,Arakidinsyra C20:0,Korv,0.1,g
1498,Påläggskorv salami rökt,Linolensyra C18:3,Korv,0.3,g
1498,Påläggskorv salami rökt,Linolsyra C18:2,Korv,3.4,g
1498,Påläggskorv salami rökt,Oljesyra C18:1,Korv,17.9,g
1498,Påläggskorv salami rökt,Stearinsyra C18:0,Korv,5.3,g
1498,Påläggskorv salami rökt,Palmitoljesyra C16:1,Korv,1.0,g
1498,Påläggskorv salami rökt,Palmitinsyra C16:0,Korv,9.5,g
1498,Påläggskorv salami rökt,Myristinsyra C14:0,Korv,0.6,g
1498,Påläggskorv salami rökt,Laurinsyra C12:0,Korv,0.0,g
1498,Påläggskorv salami rökt,Betakaroten/β-Karoten,Korv,9.0,µg
1498,Påläggskorv salami rökt,Avfall (skal etc.),Korv,0.0,%
1498,Påläggskorv salami rökt,Aska,Korv,3.6,g
1498,Påläggskorv salami rökt,Alkohol,Korv,0.0,g
1500,Korv varmkorv kött 51-54%,"Zink, Zn",Korv,1.7,mg
1500,Korv varmkorv kött 51-54%,Vitamin E,Korv,0.3,mg
1500,Korv varmkorv kött 51-54%,Vitamin D,Korv,0.2,µg
1500,Korv varmkorv kött 51-54%,Vitamin C,Korv,0.0,mg
1500,Korv varmkorv kött 51-54%,Vitamin B6,Korv,0.15,mg
1500,Korv varmkorv kött 51-54%,Vitamin B12,Korv,1.1,µg
1500,Korv varmkorv kött 51-54%,Vitamin A,Korv,11.1,RE/µg
1500,Korv varmkorv kött 51-54%,Vatten,Korv,55.0,g
1500,Korv varmkorv kött 51-54%,Tiamin,Korv,0.16,mg
1500,Korv varmkorv kött 51-54%,Tillsatt socker,Korv,1.0,g
1500,Korv varmkorv kött 51-54%,Fritt socker,Korv,1.0,g
1500,Korv varmkorv kött 51-54%,"Selen, Se",Korv,2.0,µg
1500,Korv varmkorv kött 51-54%,Sackaros,Korv,0.0,g
1500,Korv varmkorv kött 51-54%,Riboflavin,Korv,0.22,mg
1500,Korv varmkorv kött 51-54%,Retinol,Korv,10.0,µg
1500,Korv varmkorv kött 51-54%,Protein,Korv,12.1,g
1500,Korv varmkorv kött 51-54%,Summa fleromättade fettsyror,Korv,2.2,g
1500,Korv varmkorv kött 51-54%,"Fosfor, P",Korv,125.0,mg
1500,Korv varmkorv kött 51-54%,Niacinekvivalenter,Korv,5.32,NE/mg
1500,Korv varmkorv kött 51-54%,Niacin,Korv,3.1,mg
1500,Korv varmkorv kött 51-54%,"Salt, NaCl",Korv,2.1,g
1500,Korv varmkorv kött 51-54%,"Natrium, Na",Korv,850.0,mg
1500,Korv varmkorv kött 51-54%,Monosackarider,Korv,1.4,g
1500,Korv varmkorv kött 51-54%,"Sockerarter, totalt",Korv,1.4,g
1500,Korv varmkorv kött 51-54%,Summa enkelomättade fettsyror,Korv,10.4,g
1500,Korv varmkorv kött 51-54%,"Magnesium, Mg",Korv,13.0,mg
1500,Korv varmkorv kött 51-54%,Summa mättade fettsyror,Korv,7.9,g
1500,Korv varmkorv kött 51-54%,"Kolhydrater, tillgängliga",Korv,8.5,g
1500,Korv varmkorv kött 51-54%,Kolesterol,Korv,65.0,mg
1500,Korv varmkorv kött 51-54%,"Kalium, K",Korv,215.0,mg
1500,Korv varmkorv kött 51-54%,"Jod, I",Korv,2.0,µg
1500,Korv varmkorv kött 51-54%,Fullkorn totalt,Korv,0.0,g
1500,Korv varmkorv kött 51-54%,"Folat, totalt",Korv,4.0,µg
1500,Korv varmkorv kött 51-54%,Fibrer,Korv,0.0,g
1500,Korv varmkorv kött 51-54%,"Fett, totalt",Korv,21.5,g
1500,Korv varmkorv kött 51-54%,"Järn, Fe",Korv,2.1,mg
1500,Korv varmkorv kött 51-54%,Energi (kJ),Korv,1146.0,kJ
1500,Korv varmkorv kött 51-54%,Energi (kcal),Korv,274.0,kcal
1500,Korv varmkorv kött 51-54%,Disackarider,Korv,0.0,g
1500,Korv varmkorv kött 51-54%,"Kalcium, Ca",Korv,76.0,mg
1500,Korv varmkorv kött 51-54%,Fettsyra 4:0-10:0,Korv,0.0,g
1500,Korv varmkorv kött 51-54%,DHA (C22:6),Korv,0.1,g
1500,Korv varmkorv kött 51-54%,DPA (C22:5),Korv,0.0,g
1500,Korv varmkorv kött 51-54%,EPA (C20:5),Korv,0.0,g
1500,Korv varmkorv kött 51-54%,Arakidonsyra C20:4,Korv,0.1,g
1500,Korv varmkorv kött 51-54%,Arakidinsyra C20:0,Korv,0.1,g
1500,Korv varmkorv kött 51-54%,Linolensyra C18:3,Korv,0.1,g
1500,Korv varmkorv kött 51-54%,Linolsyra C18:2,Korv,1.7,g
1500,Korv varmkorv kött 51-54%,Oljesyra C18:1,Korv,9.2,g
1500,Korv varmkorv kött 51-54%,Stearinsyra C18:0,Korv,2.5,g
1500,Korv varmkorv kött 51-54%,Palmitoljesyra C16:1,Korv,0.8,g
1500,Korv varmkorv kött 51-54%,Palmitinsyra C16:0,Korv,4.9,g
1500,Korv varmkorv kött 51-54%,Myristinsyra C14:0,Korv,0.4,g
1500,Korv varmkorv kött 51-54%,Laurinsyra C12:0,Korv,0.0,g
1500,Korv varmkorv kött 51-54%,Betakaroten/β-Karoten,Korv,13.0,µg
1500,Korv varmkorv kött 51-54%,Avfall (skal etc.),Korv,0.0,%
1500,Korv varmkorv kött 51-54%,Aska,Korv,2.9,g
1500,Korv varmkorv kött 51-54%,Alkohol,Korv,0.0,g
1501,Korv varmkorv kokt kött ca 53%,"Zink, Zn",Korv,0.8,mg
1501,Korv varmkorv kokt kött ca 53%,Vitamin E,Korv,0.6,mg
1501,Korv varmkorv kokt kött ca 53%,Vitamin D,Korv,0.19,µg
1501,Korv varmkorv kokt kött ca 53%,Vitamin C,Korv,0.0,mg
1501,Korv varmkorv kokt kött ca 53%,Vitamin B6,Korv,0.07,mg
1501,Korv varmkorv kokt kött ca 53%,Vitamin B12,Korv,0.45,µg
1501,Korv varmkorv kokt kött ca 53%,Vitamin A,Korv,5.7,RE/µg
1501,Korv varmkorv kokt kött ca 53%,Vatten,Korv,56.7,g
1501,Korv varmkorv kokt kött ca 53%,Tiamin,Korv,0.2,mg
1501,Korv varmkorv kokt kött ca 53%,Tillsatt socker,Korv,1.0,g
1501,Korv varmkorv kokt kött ca 53%,Fritt socker,Korv,1.0,g
1501,Korv varmkorv kokt kött ca 53%,"Selen, Se",Korv,6.5,µg
1501,Korv varmkorv kokt kött ca 53%,Sackaros,Korv,0.0,g
1501,Korv varmkorv kokt kött ca 53%,Riboflavin,Korv,0.08,mg
1501,Korv varmkorv kokt kött ca 53%,Retinol,Korv,5.7,µg
1501,Korv varmkorv kokt kött ca 53%,Protein,Korv,9.9,g
1501,Korv varmkorv kokt kött ca 53%,Summa fleromättade fettsyror,Korv,2.3,g
1501,Korv varmkorv kokt kött ca 53%,"Fosfor, P",Korv,83.0,mg
1501,Korv varmkorv kokt kött ca 53%,Niacinekvivalenter,Korv,3.7,NE/mg
1501,Korv varmkorv kokt kött ca 53%,Niacin,Korv,1.87,mg
1501,Korv varmkorv kokt kött ca 53%,"Salt, NaCl",Korv,1.9,g
1501,Korv varmkorv kokt kött ca 53%,"Natrium, Na",Korv,769.0,mg
1501,Korv varmkorv kokt kött ca 53%,Monosackarider,Korv,1.4,g
1501,Korv varmkorv kokt kött ca 53%,"Sockerarter, totalt",Korv,1.4,g
1501,Korv varmkorv kokt kött ca 53%,Summa enkelomättade fettsyror,Korv,11.1,g
1501,Korv varmkorv kokt kött ca 53%,"Magnesium, Mg",Korv,9.0,mg
1501,Korv varmkorv kokt kött ca 53%,Summa mättade fettsyror,Korv,8.1,g
1501,Korv varmkorv kokt kött ca 53%,"Kolhydrater, tillgängliga",Korv,7.8,g
1501,Korv varmkorv kokt kött ca 53%,Kolesterol,Korv,43.1,mg
1501,Korv varmkorv kokt kött ca 53%,"Kalium, K",Korv,141.0,mg
1501,Korv varmkorv kokt kött ca 53%,"Jod, I",Korv,0.0,µg
1501,Korv varmkorv kokt kött ca 53%,Fullkorn totalt,Korv,0.0,g
1501,Korv varmkorv kokt kött ca 53%,"Folat, totalt",Korv,1.3,µg
1501,Korv varmkorv kokt kött ca 53%,Fibrer,Korv,0.8,g
1501,Korv varmkorv kokt kött ca 53%,"Fett, totalt",Korv,22.6,g
1501,Korv varmkorv kokt kött ca 53%,"Järn, Fe",Korv,0.6,mg
1501,Korv varmkorv kokt kött ca 53%,Energi (kJ),Korv,1143.0,kJ
1501,Korv varmkorv kokt kött ca 53%,Energi (kcal),Korv,273.0,kcal
1501,Korv varmkorv kokt kött ca 53%,Disackarider,Korv,0.0,g
1501,Korv varmkorv kokt kött ca 53%,"Kalcium, Ca",Korv,10.0,mg
1501,Korv varmkorv kokt kött ca 53%,Fettsyra 4:0-10:0,Korv,0.0,g
1501,Korv varmkorv kokt kött ca 53%,DHA (C22:6),Korv,0.0,g
1501,Korv varmkorv kokt kött ca 53%,DPA (C22:5),Korv,0.0,g
1501,Korv varmkorv kokt kött ca 53%,EPA (C20:5),Korv,0.0,g
1501,Korv varmkorv kokt kött ca 53%,Arakidonsyra C20:4,Korv,0.1,g
1501,Korv varmkorv kokt kött ca 53%,Arakidinsyra C20:0,Korv,0.0,g
1501,Korv varmkorv kokt kött ca 53%,Linolensyra C18:3,Korv,0.2,g
1501,Korv varmkorv kokt kött ca 53%,Linolsyra C18:2,Korv,2.0,g
1501,Korv varmkorv kokt kött ca 53%,Oljesyra C18:1,Korv,10.3,g
1501,Korv varmkorv kokt kött ca 53%,Stearinsyra C18:0,Korv,2.6,g
1501,Korv varmkorv kokt kött ca 53%,Palmitoljesyra C16:1,Korv,0.6,g
1501,Korv varmkorv kokt kött ca 53%,Palmitinsyra C16:0,Korv,5.0,g
1501,Korv varmkorv kokt kött ca 53%,Myristinsyra C14:0,Korv,0.3,g
1501,Korv varmkorv kokt kött ca 53%,Laurinsyra C12:0,Korv,0.0,g
1501,Korv varmkorv kokt kött ca 53%,Betakaroten/β-Karoten,Korv,0.0,µg
1501,Korv varmkorv kokt kött ca 53%,Avfall (skal etc.),Korv,0.0,%
1501,Korv varmkorv kokt kött ca 53%,Aska,Korv,2.2,g
1501,Korv varmkorv kokt kött ca 53%,Alkohol,Korv,0.0,g
1503,Korv wienerkorv kött 73%,"Zink, Zn",Korv,1.8,mg
1503,Korv wienerkorv kött 73%,Vitamin E,Korv,0.3,mg
1503,Korv wienerkorv kött 73%,Vitamin D,Korv,0.2,µg
1503,Korv wienerkorv kött 73%,Vitamin C,Korv,0.0,mg
1503,Korv wienerkorv kött 73%,Vitamin B6,Korv,0.15,mg
1503,Korv wienerkorv kött 73%,Vitamin B12,Korv,1.1,µg
1503,Korv wienerkorv kött 73%,Vitamin A,Korv,10.7,RE/µg
1503,Korv wienerkorv kött 73%,Vatten,Korv,61.0,g
1503,Korv wienerkorv kött 73%,Tiamin,Korv,0.15,mg
1503,Korv wienerkorv kött 73%,Tillsatt socker,Korv,1.0,g
1503,Korv wienerkorv kött 73%,Fritt socker,Korv,1.0,g
1503,Korv wienerkorv kött 73%,"Selen, Se",Korv,2.0,µg
1503,Korv wienerkorv kött 73%,Sackaros,Korv,0.0,g
1503,Korv wienerkorv kött 73%,Riboflavin,Korv,0.09,mg
1503,Korv wienerkorv kött 73%,Retinol,Korv,10.0,µg
1503,Korv wienerkorv kött 73%,Protein,Korv,9.8,g
1503,Korv wienerkorv kött 73%,Summa fleromättade fettsyror,Korv,2.3,g
1503,Korv wienerkorv kött 73%,"Fosfor, P",Korv,83.0,mg
1503,Korv wienerkorv kött 73%,Niacinekvivalenter,Korv,4.1,NE/mg
1503,Korv wienerkorv kött 73%,Niacin,Korv,2.3,mg
1503,Korv wienerkorv kött 73%,"Salt, NaCl",Korv,2.0,g
1503,Korv wienerkorv kött 73%,"Natrium, Na",Korv,780.0,mg
1503,Korv wienerkorv kött 73%,Monosackarider,Korv,1.4,g
1503,Korv wienerkorv kött 73%,"Sockerarter, totalt",Korv,1.4,g
1503,Korv wienerkorv kött 73%,Summa enkelomättade fettsyror,Korv,11.1,g
1503,Korv wienerkorv kött 73%,"Magnesium, Mg",Korv,12.0,mg
1503,Korv wienerkorv kött 73%,Summa mättade fettsyror,Korv,8.4,g
1503,Korv wienerkorv kött 73%,"Kolhydrater, tillgängliga",Korv,3.9,g
1503,Korv wienerkorv kött 73%,Kolesterol,Korv,65.0,mg
1503,Korv wienerkorv kött 73%,"Kalium, K",Korv,119.0,mg
1503,Korv wienerkorv kött 73%,"Jod, I",Korv,0.0,µg
1503,Korv wienerkorv kött 73%,Fullkorn totalt,Korv,0.0,g
1503,Korv wienerkorv kött 73%,"Folat, totalt",Korv,4.0,µg
1503,Korv wienerkorv kött 73%,Fibrer,Korv,0.0,g
1503,Korv wienerkorv kött 73%,"Fett, totalt",Korv,23.0,g
1503,Korv wienerkorv kött 73%,"Järn, Fe",Korv,1.1,mg
1503,Korv wienerkorv kött 73%,Energi (kJ),Korv,1084.0,kJ
1503,Korv wienerkorv kött 73%,Energi (kcal),Korv,259.0,kcal
1503,Korv wienerkorv kött 73%,Disackarider,Korv,0.0,g
1503,Korv wienerkorv kött 73%,"Kalcium, Ca",Korv,10.0,mg
1503,Korv wienerkorv kött 73%,Fettsyra 4:0-10:0,Korv,0.0,g
1503,Korv wienerkorv kött 73%,DHA (C22:6),Korv,0.1,g
1503,Korv wienerkorv kött 73%,DPA (C22:5),Korv,0.0,g
1503,Korv wienerkorv kött 73%,EPA (C20:5),Korv,0.0,g
1503,Korv wienerkorv kött 73%,Arakidonsyra C20:4,Korv,0.1,g
1503,Korv wienerkorv kött 73%,Arakidinsyra C20:0,Korv,0.1,g
1503,Korv wienerkorv kött 73%,Linolensyra C18:3,Korv,0.2,g
1503,Korv wienerkorv kött 73%,Linolsyra C18:2,Korv,1.8,g
1503,Korv wienerkorv kött 73%,Oljesyra C18:1,Korv,9.9,g
1503,Korv wienerkorv kött 73%,Stearinsyra C18:0,Korv,2.7,g
1503,Korv wienerkorv kött 73%,Palmitoljesyra C16:1,Korv,0.9,g
1503,Korv wienerkorv kött 73%,Palmitinsyra C16:0,Korv,5.2,g
1503,Korv wienerkorv kött 73%,Myristinsyra C14:0,Korv,0.4,g
1503,Korv wienerkorv kött 73%,Laurinsyra C12:0,Korv,0.0,g
1503,Korv wienerkorv kött 73%,Betakaroten/β-Karoten,Korv,8.0,µg
1503,Korv wienerkorv kött 73%,Avfall (skal etc.),Korv,0.0,%
1503,Korv wienerkorv kött 73%,Aska,Korv,2.3,g
1503,Korv wienerkorv kött 73%,Alkohol,Korv,0.0,g
1508,Korv grillkorv kött 32-35%,"Zink, Zn",Korv,1.7,mg
1508,Korv grillkorv kött 32-35%,Vitamin E,Korv,0.1,mg
1508,Korv grillkorv kött 32-35%,Vitamin D,Korv,0.0,µg
1508,Korv grillkorv kött 32-35%,Vitamin C,Korv,0.0,mg
1508,Korv grillkorv kött 32-35%,Vitamin B6,Korv,0.07,mg
1508,Korv grillkorv kött 32-35%,Vitamin B12,Korv,0.46,µg
1508,Korv grillkorv kött 32-35%,Vitamin A,Korv,9.0,RE/µg
1508,Korv grillkorv kött 32-35%,Vatten,Korv,61.9,g
1508,Korv grillkorv kött 32-35%,Tiamin,Korv,0.08,mg
1508,Korv grillkorv kött 32-35%,Tillsatt socker,Korv,1.0,g
1508,Korv grillkorv kött 32-35%,Fritt socker,Korv,1.0,g
1508,Korv grillkorv kött 32-35%,"Selen, Se",Korv,2.0,µg
1508,Korv grillkorv kött 32-35%,Sackaros,Korv,0.0,g
1508,Korv grillkorv kött 32-35%,Riboflavin,Korv,0.11,mg
1508,Korv grillkorv kött 32-35%,Retinol,Korv,8.3,µg
1508,Korv grillkorv kött 32-35%,Protein,Korv,11.0,g
1508,Korv grillkorv kött 32-35%,Summa fleromättade fettsyror,Korv,1.3,g
1508,Korv grillkorv kött 32-35%,"Fosfor, P",Korv,129.0,mg
1508,Korv grillkorv kött 32-35%,Niacinekvivalenter,Korv,3.0,NE/mg
1508,Korv grillkorv kött 32-35%,Niacin,Korv,0.98,mg
1508,Korv grillkorv kött 32-35%,"Salt, NaCl",Korv,2.0,g
1508,Korv grillkorv kött 32-35%,"Natrium, Na",Korv,800.0,mg
1508,Korv grillkorv kött 32-35%,Monosackarider,Korv,1.2,g
1508,Korv grillkorv kött 32-35%,"Sockerarter, totalt",Korv,1.2,g
1508,Korv grillkorv kött 32-35%,Summa enkelomättade fettsyror,Korv,7.0,g
1508,Korv grillkorv kött 32-35%,"Magnesium, Mg",Korv,12.0,mg
1508,Korv grillkorv kött 32-35%,Summa mättade fettsyror,Korv,5.8,g
1508,Korv grillkorv kött 32-35%,"Kolhydrater, tillgängliga",Korv,9.2,g
1508,Korv grillkorv kött 32-35%,Kolesterol,Korv,65.0,mg
1508,Korv grillkorv kött 32-35%,"Kalium, K",Korv,190.0,mg
1508,Korv grillkorv kött 32-35%,"Jod, I",Korv,0.0,µg
1508,Korv grillkorv kött 32-35%,Fullkorn totalt,Korv,0.0,g
1508,Korv grillkorv kött 32-35%,"Folat, totalt",Korv,4.0,µg
1508,Korv grillkorv kött 32-35%,Fibrer,Korv,0.0,g
1508,Korv grillkorv kött 32-35%,"Fett, totalt",Korv,15.0,g
1508,Korv grillkorv kött 32-35%,"Järn, Fe",Korv,1.2,mg
1508,Korv grillkorv kött 32-35%,Energi (kJ),Korv,898.0,kJ
1508,Korv grillkorv kött 32-35%,Energi (kcal),Korv,215.0,kcal
1508,Korv grillkorv kött 32-35%,Disackarider,Korv,0.0,g
1508,Korv grillkorv kött 32-35%,"Kalcium, Ca",Korv,50.0,mg
1508,Korv grillkorv kött 32-35%,Fettsyra 4:0-10:0,Korv,0.0,g
1508,Korv grillkorv kött 32-35%,DHA (C22:6),Korv,0.0,g
1508,Korv grillkorv kött 32-35%,DPA (C22:5),Korv,0.0,g
1508,Korv grillkorv kött 32-35%,EPA (C20:5),Korv,0.0,g
1508,Korv grillkorv kött 32-35%,Arakidonsyra C20:4,Korv,0.0,g
1508,Korv grillkorv kött 32-35%,Arakidinsyra C20:0,Korv,0.0,g
1508,Korv grillkorv kött 32-35%,Linolensyra C18:3,Korv,0.2,g
1508,Korv grillkorv kött 32-35%,Linolsyra C18:2,Korv,1.1,g
1508,Korv grillkorv kött 32-35%,Oljesyra C18:1,Korv,6.2,g
1508,Korv grillkorv kött 32-35%,Stearinsyra C18:0,Korv,1.8,g
1508,Korv grillkorv kött 32-35%,Palmitoljesyra C16:1,Korv,0.5,g
1508,Korv grillkorv kött 32-35%,Palmitinsyra C16:0,Korv,3.4,g
1508,Korv grillkorv kött 32-35%,Myristinsyra C14:0,Korv,0.3,g
1508,Korv grillkorv kött 32-35%,Laurinsyra C12:0,Korv,0.0,g
1508,Korv grillkorv kött 32-35%,Betakaroten/β-Karoten,Korv,8.0,µg
1508,Korv grillkorv kött 32-35%,Avfall (skal etc.),Korv,0.0,%
1508,Korv grillkorv kött 32-35%,Aska,Korv,2.9,g
1508,Korv grillkorv kött 32-35%,Alkohol,Korv,0.0,g
1509,Korv isterband fermenterad kött 59%,"Zink, Zn",Korv,1.2,mg
1509,Korv isterband fermenterad kött 59%,Vitamin E,Korv,0.3,mg
1509,Korv isterband fermenterad kött 59%,Vitamin D,Korv,0.0,µg
1509,Korv isterband fermenterad kött 59%,Vitamin C,Korv,0.0,mg
1509,Korv isterband fermenterad kött 59%,Vitamin B6,Korv,0.18,mg
1509,Korv isterband fermenterad kött 59%,Vitamin B12,Korv,0.33,µg
1509,Korv isterband fermenterad kött 59%,Vitamin A,Korv,28.0,RE/µg
1509,Korv isterband fermenterad kött 59%,Vatten,Korv,57.1,g
1509,Korv isterband fermenterad kött 59%,Tiamin,Korv,0.17,mg
1509,Korv isterband fermenterad kött 59%,Tillsatt socker,Korv,2.0,g
1509,Korv isterband fermenterad kött 59%,Fritt socker,Korv,2.0,g
1509,Korv isterband fermenterad kött 59%,"Selen, Se",Korv,2.0,µg
1509,Korv isterband fermenterad kött 59%,Sackaros,Korv,1.5,g
1509,Korv isterband fermenterad kött 59%,Riboflavin,Korv,0.06,mg
1509,Korv isterband fermenterad kött 59%,Retinol,Korv,28.0,µg
1509,Korv isterband fermenterad kött 59%,Protein,Korv,11.0,g
1509,Korv isterband fermenterad kött 59%,Summa fleromättade fettsyror,Korv,2.0,g
1509,Korv isterband fermenterad kött 59%,"Fosfor, P",Korv,78.0,mg
1509,Korv isterband fermenterad kött 59%,Niacinekvivalenter,Korv,4.52,NE/mg
1509,Korv isterband fermenterad kött 59%,Niacin,Korv,2.5,mg
1509,Korv isterband fermenterad kött 59%,"Salt, NaCl",Korv,0.8,g
1509,Korv isterband fermenterad kött 59%,"Natrium, Na",Korv,320.0,mg
1509,Korv isterband fermenterad kött 59%,Monosackarider,Korv,0.0,g
1509,Korv isterband fermenterad kött 59%,"Sockerarter, totalt",Korv,1.5,g
1509,Korv isterband fermenterad kött 59%,Summa enkelomättade fettsyror,Korv,11.3,g
1509,Korv isterband fermenterad kött 59%,"Magnesium, Mg",Korv,12.0,mg
1509,Korv isterband fermenterad kött 59%,Summa mättade fettsyror,Korv,9.4,g
1509,Korv isterband fermenterad kött 59%,"Kolhydrater, tillgängliga",Korv,4.6,g
1509,Korv isterband fermenterad kött 59%,Kolesterol,Korv,65.0,mg
1509,Korv isterband fermenterad kött 59%,"Kalium, K",Korv,178.0,mg
1509,Korv isterband fermenterad kött 59%,"Jod, I",Korv,0.3,µg
1509,Korv isterband fermenterad kött 59%,Fullkorn totalt,Korv,0.0,g
1509,Korv isterband fermenterad kött 59%,"Folat, totalt",Korv,4.0,µg
1509,Korv isterband fermenterad kött 59%,Fibrer,Korv,1.0,g
1509,Korv isterband fermenterad kött 59%,"Fett, totalt",Korv,24.0,g
1509,Korv isterband fermenterad kött 59%,"Järn, Fe",Korv,1.2,mg
1509,Korv isterband fermenterad kött 59%,Energi (kJ),Korv,1161.0,kJ
1509,Korv isterband fermenterad kött 59%,Energi (kcal),Korv,278.0,kcal
1509,Korv isterband fermenterad kött 59%,Disackarider,Korv,1.5,g
1509,Korv isterband fermenterad kött 59%,"Kalcium, Ca",Korv,11.0,mg
1509,Korv isterband fermenterad kött 59%,Fettsyra 4:0-10:0,Korv,0.0,g
1509,Korv isterband fermenterad kött 59%,DHA (C22:6),Korv,0.0,g
1509,Korv isterband fermenterad kött 59%,DPA (C22:5),Korv,0.0,g
1509,Korv isterband fermenterad kött 59%,EPA (C20:5),Korv,0.0,g
1509,Korv isterband fermenterad kött 59%,Arakidonsyra C20:4,Korv,0.1,g
1509,Korv isterband fermenterad kött 59%,Arakidinsyra C20:0,Korv,0.0,g
1509,Korv isterband fermenterad kött 59%,Linolensyra C18:3,Korv,0.2,g
1509,Korv isterband fermenterad kött 59%,Linolsyra C18:2,Korv,1.6,g
1509,Korv isterband fermenterad kött 59%,Oljesyra C18:1,Korv,10.1,g
1509,Korv isterband fermenterad kött 59%,Stearinsyra C18:0,Korv,3.3,g
1509,Korv isterband fermenterad kött 59%,Palmitoljesyra C16:1,Korv,0.7,g
1509,Korv isterband fermenterad kött 59%,Palmitinsyra C16:0,Korv,5.4,g
1509,Korv isterband fermenterad kött 59%,Myristinsyra C14:0,Korv,0.4,g
1509,Korv isterband fermenterad kött 59%,Laurinsyra C12:0,Korv,0.0,g
1509,Korv isterband fermenterad kött 59%,Betakaroten/β-Karoten,Korv,0.0,µg
1509,Korv isterband fermenterad kött 59%,Avfall (skal etc.),Korv,0.0,%
1509,Korv isterband fermenterad kött 59%,Aska,Korv,2.3,g
1509,Korv isterband fermenterad kött 59%,Alkohol,Korv,0.0,g
1511,Korv middagskorv fett ca 15%  kött 52%,"Zink, Zn",Korv,1.4,mg
1511,Korv middagskorv fett ca 15%  kött 52%,Vitamin E,Korv,0.3,mg
1511,Korv middagskorv fett ca 15%  kött 52%,Vitamin D,Korv,0.0,µg
1511,Korv middagskorv fett ca 15%  kött 52%,Vitamin C,Korv,0.0,mg
1511,Korv middagskorv fett ca 15%  kött 52%,Vitamin B6,Korv,0.13,mg
1511,Korv middagskorv fett ca 15%  kött 52%,Vitamin B12,Korv,0.54,µg
1511,Korv middagskorv fett ca 15%  kött 52%,Vitamin A,Korv,17.7,RE/µg
1511,Korv middagskorv fett ca 15%  kött 52%,Vatten,Korv,68.0,g
1511,Korv middagskorv fett ca 15%  kött 52%,Tiamin,Korv,0.14,mg
1511,Korv middagskorv fett ca 15%  kött 52%,Tillsatt socker,Korv,1.0,g
1511,Korv middagskorv fett ca 15%  kött 52%,Fritt socker,Korv,1.0,g
1511,Korv middagskorv fett ca 15%  kött 52%,"Selen, Se",Korv,2.0,µg
1511,Korv middagskorv fett ca 15%  kött 52%,Sackaros,Korv,0.0,g
1511,Korv middagskorv fett ca 15%  kött 52%,Riboflavin,Korv,0.08,mg
1511,Korv middagskorv fett ca 15%  kött 52%,Retinol,Korv,17.0,µg
1511,Korv middagskorv fett ca 15%  kött 52%,Protein,Korv,9.5,g
1511,Korv middagskorv fett ca 15%  kött 52%,Summa fleromättade fettsyror,Korv,1.2,g
1511,Korv middagskorv fett ca 15%  kött 52%,"Fosfor, P",Korv,88.0,mg
1511,Korv middagskorv fett ca 15%  kött 52%,Niacinekvivalenter,Korv,3.79,NE/mg
1511,Korv middagskorv fett ca 15%  kött 52%,Niacin,Korv,2.05,mg
1511,Korv middagskorv fett ca 15%  kött 52%,"Salt, NaCl",Korv,2.0,g
1511,Korv middagskorv fett ca 15%  kött 52%,"Natrium, Na",Korv,780.0,mg
1511,Korv middagskorv fett ca 15%  kött 52%,Monosackarider,Korv,1.2,g
1511,Korv middagskorv fett ca 15%  kött 52%,"Sockerarter, totalt",Korv,1.2,g
1511,Korv middagskorv fett ca 15%  kött 52%,Summa enkelomättade fettsyror,Korv,6.5,g
1511,Korv middagskorv fett ca 15%  kött 52%,"Magnesium, Mg",Korv,12.0,mg
1511,Korv middagskorv fett ca 15%  kött 52%,Summa mättade fettsyror,Korv,5.4,g
1511,Korv middagskorv fett ca 15%  kött 52%,"Kolhydrater, tillgängliga",Korv,5.7,g
1511,Korv middagskorv fett ca 15%  kött 52%,Kolesterol,Korv,65.0,mg
1511,Korv middagskorv fett ca 15%  kött 52%,"Kalium, K",Korv,137.0,mg
1511,Korv middagskorv fett ca 15%  kött 52%,"Jod, I",Korv,0.0,µg
1511,Korv middagskorv fett ca 15%  kött 52%,Fullkorn totalt,Korv,0.0,g
1511,Korv middagskorv fett ca 15%  kött 52%,"Folat, totalt",Korv,4.0,µg
1511,Korv middagskorv fett ca 15%  kött 52%,Fibrer,Korv,0.0,g
1511,Korv middagskorv fett ca 15%  kött 52%,"Fett, totalt",Korv,14.4,g
1511,Korv middagskorv fett ca 15%  kött 52%,"Järn, Fe",Korv,1.0,mg
1511,Korv middagskorv fett ca 15%  kött 52%,Energi (kJ),Korv,791.0,kJ
1511,Korv middagskorv fett ca 15%  kött 52%,Energi (kcal),Korv,189.0,kcal
1511,Korv middagskorv fett ca 15%  kött 52%,Disackarider,Korv,0.0,g
1511,Korv middagskorv fett ca 15%  kött 52%,"Kalcium, Ca",Korv,8.0,mg
1511,Korv middagskorv fett ca 15%  kött 52%,Fettsyra 4:0-10:0,Korv,0.0,g
1511,Korv middagskorv fett ca 15%  kött 52%,DHA (C22:6),Korv,0.0,g
1511,Korv middagskorv fett ca 15%  kött 52%,DPA (C22:5),Korv,0.0,g
1511,Korv middagskorv fett ca 15%  kött 52%,EPA (C20:5),Korv,0.0,g
1511,Korv middagskorv fett ca 15%  kött 52%,Arakidonsyra C20:4,Korv,0.0,g
1511,Korv middagskorv fett ca 15%  kött 52%,Arakidinsyra C20:0,Korv,0.0,g
1511,Korv middagskorv fett ca 15%  kött 52%,Linolensyra C18:3,Korv,0.1,g
1511,Korv middagskorv fett ca 15%  kött 52%,Linolsyra C18:2,Korv,1.0,g
1511,Korv middagskorv fett ca 15%  kött 52%,Oljesyra C18:1,Korv,5.8,g
1511,Korv middagskorv fett ca 15%  kött 52%,Stearinsyra C18:0,Korv,1.8,g
1511,Korv middagskorv fett ca 15%  kött 52%,Palmitoljesyra C16:1,Korv,0.4,g
1511,Korv middagskorv fett ca 15%  kött 52%,Palmitinsyra C16:0,Korv,3.2,g
1511,Korv middagskorv fett ca 15%  kött 52%,Myristinsyra C14:0,Korv,0.2,g
1511,Korv middagskorv fett ca 15%  kött 52%,Laurinsyra C12:0,Korv,0.0,g
1511,Korv middagskorv fett ca 15%  kött 52%,Betakaroten/β-Karoten,Korv,8.0,µg
1511,Korv middagskorv fett ca 15%  kött 52%,Avfall (skal etc.),Korv,0.0,%
1511,Korv middagskorv fett ca 15%  kött 52%,Aska,Korv,2.4,g
1511,Korv middagskorv fett ca 15%  kött 52%,Alkohol,Korv,0.0,g
1512,Korv wienerkorv mager kött 73%,"Zink, Zn",Korv,1.8,mg
1512,Korv wienerkorv mager kött 73%,Vitamin E,Korv,0.2,mg
1512,Korv wienerkorv mager kött 73%,Vitamin D,Korv,0.0,µg
1512,Korv wienerkorv mager kött 73%,Vitamin C,Korv,0.0,mg
1512,Korv wienerkorv mager kött 73%,Vitamin B6,Korv,0.13,mg
1512,Korv wienerkorv mager kött 73%,Vitamin B12,Korv,0.48,µg
1512,Korv wienerkorv mager kött 73%,Vitamin A,Korv,19.7,RE/µg
1512,Korv wienerkorv mager kött 73%,Vatten,Korv,67.0,g
1512,Korv wienerkorv mager kött 73%,Tiamin,Korv,0.14,mg
1512,Korv wienerkorv mager kött 73%,Tillsatt socker,Korv,1.0,g
1512,Korv wienerkorv mager kött 73%,Fritt socker,Korv,1.0,g
1512,Korv wienerkorv mager kött 73%,"Selen, Se",Korv,2.0,µg
1512,Korv wienerkorv mager kött 73%,Sackaros,Korv,0.0,g
1512,Korv wienerkorv mager kött 73%,Riboflavin,Korv,0.08,mg
1512,Korv wienerkorv mager kött 73%,Retinol,Korv,19.0,µg
1512,Korv wienerkorv mager kött 73%,Protein,Korv,10.0,g
1512,Korv wienerkorv mager kött 73%,Summa fleromättade fettsyror,Korv,1.1,g
1512,Korv wienerkorv mager kött 73%,"Fosfor, P",Korv,83.0,mg
1512,Korv wienerkorv mager kött 73%,Niacinekvivalenter,Korv,4.03,NE/mg
1512,Korv wienerkorv mager kött 73%,Niacin,Korv,2.2,mg
1512,Korv wienerkorv mager kött 73%,"Salt, NaCl",Korv,2.0,g
1512,Korv wienerkorv mager kött 73%,"Natrium, Na",Korv,800.0,mg
1512,Korv wienerkorv mager kött 73%,Monosackarider,Korv,1.2,g
1512,Korv wienerkorv mager kött 73%,"Sockerarter, totalt",Korv,1.2,g
1512,Korv wienerkorv mager kött 73%,Summa enkelomättade fettsyror,Korv,6.7,g
1512,Korv wienerkorv mager kött 73%,"Magnesium, Mg",Korv,12.0,mg
1512,Korv wienerkorv mager kött 73%,Summa mättade fettsyror,Korv,6.4,g
1512,Korv wienerkorv mager kött 73%,"Kolhydrater, tillgängliga",Korv,5.7,g
1512,Korv wienerkorv mager kött 73%,Kolesterol,Korv,65.0,mg
1512,Korv wienerkorv mager kött 73%,"Kalium, K",Korv,119.0,mg
1512,Korv wienerkorv mager kött 73%,"Jod, I",Korv,0.0,µg
1512,Korv wienerkorv mager kött 73%,Fullkorn totalt,Korv,0.0,g
1512,Korv wienerkorv mager kött 73%,"Folat, totalt",Korv,4.0,µg
1512,Korv wienerkorv mager kött 73%,Fibrer,Korv,0.0,g
1512,Korv wienerkorv mager kött 73%,"Fett, totalt",Korv,15.0,g
1512,Korv wienerkorv mager kött 73%,"Järn, Fe",Korv,1.1,mg
1512,Korv wienerkorv mager kött 73%,Energi (kJ),Korv,822.0,kJ
1512,Korv wienerkorv mager kött 73%,Energi (kcal),Korv,196.0,kcal
1512,Korv wienerkorv mager kött 73%,Disackarider,Korv,0.0,g
1512,Korv wienerkorv mager kött 73%,"Kalcium, Ca",Korv,10.0,mg
1512,Korv wienerkorv mager kött 73%,Fettsyra 4:0-10:0,Korv,0.0,g
1512,Korv wienerkorv mager kött 73%,DHA (C22:6),Korv,0.0,g
1512,Korv wienerkorv mager kött 73%,DPA (C22:5),Korv,0.0,g
1512,Korv wienerkorv mager kött 73%,EPA (C20:5),Korv,0.0,g
1512,Korv wienerkorv mager kött 73%,Arakidonsyra C20:4,Korv,0.0,g
1512,Korv wienerkorv mager kött 73%,Arakidinsyra C20:0,Korv,0.0,g
1512,Korv wienerkorv mager kött 73%,Linolensyra C18:3,Korv,0.1,g
1512,Korv wienerkorv mager kött 73%,Linolsyra C18:2,Korv,0.9,g
1512,Korv wienerkorv mager kött 73%,Oljesyra C18:1,Korv,6.0,g
1512,Korv wienerkorv mager kött 73%,Stearinsyra C18:0,Korv,2.3,g
1512,Korv wienerkorv mager kött 73%,Palmitoljesyra C16:1,Korv,0.5,g
1512,Korv wienerkorv mager kött 73%,Palmitinsyra C16:0,Korv,3.5,g
1512,Korv wienerkorv mager kött 73%,Myristinsyra C14:0,Korv,0.3,g
1512,Korv wienerkorv mager kött 73%,Laurinsyra C12:0,Korv,0.0,g
1512,Korv wienerkorv mager kött 73%,Betakaroten/β-Karoten,Korv,8.0,µg
1512,Korv wienerkorv mager kött 73%,Avfall (skal etc.),Korv,0.0,%
1512,Korv wienerkorv mager kött 73%,Aska,Korv,2.3,g
1512,Korv wienerkorv mager kött 73%,Alkohol,Korv,0.0,g
1513,Korv chorizo stekt kött 73%,"Zink, Zn",Korv,2.1,mg
1513,Korv chorizo stekt kött 73%,Vitamin E,Korv,0.2,mg
1513,Korv chorizo stekt kött 73%,Vitamin D,Korv,0.5,µg
1513,Korv chorizo stekt kött 73%,Vitamin C,Korv,0.0,mg
1513,Korv chorizo stekt kött 73%,Vitamin B6,Korv,0.2,mg
1513,Korv chorizo stekt kött 73%,Vitamin B12,Korv,0.66,µg
1513,Korv chorizo stekt kött 73%,Vitamin A,Korv,18.2,RE/µg
1513,Korv chorizo stekt kött 73%,Vatten,Korv,54.4,g
1513,Korv chorizo stekt kött 73%,Tiamin,Korv,0.23,mg
1513,Korv chorizo stekt kött 73%,Tillsatt socker,Korv,0.0,g
1513,Korv chorizo stekt kött 73%,Fritt socker,Korv,0.0,g
1513,Korv chorizo stekt kött 73%,"Selen, Se",Korv,6.8,µg
1513,Korv chorizo stekt kött 73%,Sackaros,Korv,0.0,g
1513,Korv chorizo stekt kött 73%,Riboflavin,Korv,0.14,mg
1513,Korv chorizo stekt kött 73%,Retinol,Korv,0.0,µg
1513,Korv chorizo stekt kött 73%,Protein,Korv,14.3,g
1513,Korv chorizo stekt kött 73%,Summa fleromättade fettsyror,Korv,2.2,g
1513,Korv chorizo stekt kött 73%,"Fosfor, P",Korv,256.0,mg
1513,Korv chorizo stekt kött 73%,Niacinekvivalenter,Korv,5.8,NE/mg
1513,Korv chorizo stekt kött 73%,Niacin,Korv,3.22,mg
1513,Korv chorizo stekt kött 73%,"Salt, NaCl",Korv,2.7,g
1513,Korv chorizo stekt kött 73%,"Natrium, Na",Korv,1076.0,mg
1513,Korv chorizo stekt kött 73%,Monosackarider,Korv,0.4,g
1513,Korv chorizo stekt kött 73%,"Sockerarter, totalt",Korv,0.5,g
1513,Korv chorizo stekt kött 73%,Summa enkelomättade fettsyror,Korv,11.4,g
1513,Korv chorizo stekt kött 73%,"Magnesium, Mg",Korv,14.0,mg
1513,Korv chorizo stekt kött 73%,Summa mättade fettsyror,Korv,8.6,g
1513,Korv chorizo stekt kött 73%,"Kolhydrater, tillgängliga",Korv,4.1,g
1513,Korv chorizo stekt kött 73%,Kolesterol,Korv,60.1,mg
1513,Korv chorizo stekt kött 73%,"Kalium, K",Korv,208.0,mg
1513,Korv chorizo stekt kött 73%,"Jod, I",Korv,2.6,µg
1513,Korv chorizo stekt kött 73%,Fullkorn totalt,Korv,0.0,g
1513,Korv chorizo stekt kött 73%,"Folat, totalt",Korv,11.6,µg
1513,Korv chorizo stekt kött 73%,Fibrer,Korv,0.0,g
1513,Korv chorizo stekt kött 73%,"Fett, totalt",Korv,23.8,g
1513,Korv chorizo stekt kött 73%,"Järn, Fe",Korv,1.3,mg
1513,Korv chorizo stekt kött 73%,Energi (kJ),Korv,1195.0,kJ
1513,Korv chorizo stekt kött 73%,Energi (kcal),Korv,286.0,kcal
1513,Korv chorizo stekt kött 73%,Disackarider,Korv,0.1,g
1513,Korv chorizo stekt kött 73%,"Kalcium, Ca",Korv,19.0,mg
1513,Korv chorizo stekt kött 73%,Fettsyra 4:0-10:0,Korv,0.0,g
1513,Korv chorizo stekt kött 73%,DHA (C22:6),Korv,0.0,g
1513,Korv chorizo stekt kött 73%,DPA (C22:5),Korv,0.0,g
1513,Korv chorizo stekt kött 73%,EPA (C20:5),Korv,0.0,g
1513,Korv chorizo stekt kött 73%,Arakidonsyra C20:4,Korv,0.0,g
1513,Korv chorizo stekt kött 73%,Arakidinsyra C20:0,Korv,0.0,g
1513,Korv chorizo stekt kött 73%,Linolensyra C18:3,Korv,0.2,g
1513,Korv chorizo stekt kött 73%,Linolsyra C18:2,Korv,1.8,g
1513,Korv chorizo stekt kött 73%,Oljesyra C18:1,Korv,10.4,g
1513,Korv chorizo stekt kött 73%,Stearinsyra C18:0,Korv,2.7,g
1513,Korv chorizo stekt kött 73%,Palmitoljesyra C16:1,Korv,0.7,g
1513,Korv chorizo stekt kött 73%,Palmitinsyra C16:0,Korv,5.2,g
1513,Korv chorizo stekt kött 73%,Myristinsyra C14:0,Korv,0.4,g
1513,Korv chorizo stekt kött 73%,Laurinsyra C12:0,Korv,0.0,g
1513,Korv chorizo stekt kött 73%,Betakaroten/β-Karoten,Korv,127.0,µg
1513,Korv chorizo stekt kött 73%,Avfall (skal etc.),Korv,0.0,%
1513,Korv chorizo stekt kött 73%,Aska,Korv,3.4,g
1513,Korv chorizo stekt kött 73%,Alkohol,Korv,0.0,g
1514,Korv kabanoss stekt kött 80%,"Zink, Zn",Korv,3.2,mg
1514,Korv kabanoss stekt kött 80%,Vitamin E,Korv,0.1,mg
1514,Korv kabanoss stekt kött 80%,Vitamin D,Korv,0.38,µg
1514,Korv kabanoss stekt kött 80%,Vitamin C,Korv,0.0,mg
1514,Korv kabanoss stekt kött 80%,Vitamin B6,Korv,0.21,mg
1514,Korv kabanoss stekt kött 80%,Vitamin B12,Korv,1.0,µg
1514,Korv kabanoss stekt kött 80%,Vitamin A,Korv,13.8,RE/µg
1514,Korv kabanoss stekt kött 80%,Vatten,Korv,42.9,g
1514,Korv kabanoss stekt kött 80%,Tiamin,Korv,0.24,mg
1514,Korv kabanoss stekt kött 80%,Tillsatt socker,Korv,1.0,g
1514,Korv kabanoss stekt kött 80%,Fritt socker,Korv,1.0,g
1514,Korv kabanoss stekt kött 80%,"Selen, Se",Korv,8.8,µg
1514,Korv kabanoss stekt kött 80%,Sackaros,Korv,0.0,g
1514,Korv kabanoss stekt kött 80%,Riboflavin,Korv,0.15,mg
1514,Korv kabanoss stekt kött 80%,Retinol,Korv,0.0,µg
1514,Korv kabanoss stekt kött 80%,Protein,Korv,18.4,g
1514,Korv kabanoss stekt kött 80%,Summa fleromättade fettsyror,Korv,3.3,g
1514,Korv kabanoss stekt kött 80%,"Fosfor, P",Korv,233.0,mg
1514,Korv kabanoss stekt kött 80%,Niacinekvivalenter,Korv,7.4,NE/mg
1514,Korv kabanoss stekt kött 80%,Niacin,Korv,4.02,mg
1514,Korv kabanoss stekt kött 80%,"Salt, NaCl",Korv,3.2,g
1514,Korv kabanoss stekt kött 80%,"Natrium, Na",Korv,1263.0,mg
1514,Korv kabanoss stekt kött 80%,Monosackarider,Korv,1.2,g
1514,Korv kabanoss stekt kött 80%,"Sockerarter, totalt",Korv,1.3,g
1514,Korv kabanoss stekt kött 80%,Summa enkelomättade fettsyror,Korv,15.3,g
1514,Korv kabanoss stekt kött 80%,"Magnesium, Mg",Korv,19.0,mg
1514,Korv kabanoss stekt kött 80%,Summa mättade fettsyror,Korv,12.2,g
1514,Korv kabanoss stekt kött 80%,"Kolhydrater, tillgängliga",Korv,1.2,g
1514,Korv kabanoss stekt kött 80%,Kolesterol,Korv,73.0,mg
1514,Korv kabanoss stekt kött 80%,"Kalium, K",Korv,248.0,mg
1514,Korv kabanoss stekt kött 80%,"Jod, I",Korv,3.9,µg
1514,Korv kabanoss stekt kött 80%,Fullkorn totalt,Korv,0.0,g
1514,Korv kabanoss stekt kött 80%,"Folat, totalt",Korv,10.5,µg
1514,Korv kabanoss stekt kött 80%,Fibrer,Korv,0.7,g
1514,Korv kabanoss stekt kött 80%,"Fett, totalt",Korv,33.0,g
1514,Korv kabanoss stekt kött 80%,"Järn, Fe",Korv,1.9,mg
1514,Korv kabanoss stekt kött 80%,Energi (kJ),Korv,1558.0,kJ
1514,Korv kabanoss stekt kött 80%,Energi (kcal),Korv,372.0,kcal
1514,Korv kabanoss stekt kött 80%,Disackarider,Korv,0.1,g
1514,Korv kabanoss stekt kött 80%,"Kalcium, Ca",Korv,12.0,mg
1514,Korv kabanoss stekt kött 80%,Fettsyra 4:0-10:0,Korv,0.0,g
1514,Korv kabanoss stekt kött 80%,DHA (C22:6),Korv,0.0,g
1514,Korv kabanoss stekt kött 80%,DPA (C22:5),Korv,0.1,g
1514,Korv kabanoss stekt kött 80%,EPA (C20:5),Korv,0.0,g
1514,Korv kabanoss stekt kött 80%,Arakidonsyra C20:4,Korv,0.1,g
1514,Korv kabanoss stekt kött 80%,Arakidinsyra C20:0,Korv,0.1,g
1514,Korv kabanoss stekt kött 80%,Linolensyra C18:3,Korv,0.2,g
1514,Korv kabanoss stekt kött 80%,Linolsyra C18:2,Korv,2.7,g
1514,Korv kabanoss stekt kött 80%,Oljesyra C18:1,Korv,14.0,g
1514,Korv kabanoss stekt kött 80%,Stearinsyra C18:0,Korv,4.1,g
1514,Korv kabanoss stekt kött 80%,Palmitoljesyra C16:1,Korv,0.8,g
1514,Korv kabanoss stekt kött 80%,Palmitinsyra C16:0,Korv,7.3,g
1514,Korv kabanoss stekt kött 80%,Myristinsyra C14:0,Korv,0.5,g
1514,Korv kabanoss stekt kött 80%,Laurinsyra C12:0,Korv,0.0,g
1514,Korv kabanoss stekt kött 80%,Betakaroten/β-Karoten,Korv,76.0,µg
1514,Korv kabanoss stekt kött 80%,Avfall (skal etc.),Korv,0.0,%
1514,Korv kabanoss stekt kött 80%,Aska,Korv,3.9,g
1514,Korv kabanoss stekt kött 80%,Alkohol,Korv,0.0,g
1516,Korv prinskorv kött 61%,"Zink, Zn",Korv,1.8,mg
1516,Korv prinskorv kött 61%,Vitamin E,Korv,0.3,mg
1516,Korv prinskorv kött 61%,Vitamin D,Korv,0.2,µg
1516,Korv prinskorv kött 61%,Vitamin C,Korv,0.0,mg
1516,Korv prinskorv kött 61%,Vitamin B6,Korv,0.15,mg
1516,Korv prinskorv kött 61%,Vitamin B12,Korv,1.1,µg
1516,Korv prinskorv kött 61%,Vitamin A,Korv,10.7,RE/µg
1516,Korv prinskorv kött 61%,Vatten,Korv,60.0,g
1516,Korv prinskorv kött 61%,Tiamin,Korv,0.14,mg
1516,Korv prinskorv kött 61%,Tillsatt socker,Korv,0.0,g
1516,Korv prinskorv kött 61%,Fritt socker,Korv,0.0,g
1516,Korv prinskorv kött 61%,"Selen, Se",Korv,2.0,µg
1516,Korv prinskorv kött 61%,Sackaros,Korv,0.0,g
1516,Korv prinskorv kött 61%,Riboflavin,Korv,0.09,mg
1516,Korv prinskorv kött 61%,Retinol,Korv,10.0,µg
1516,Korv prinskorv kött 61%,Protein,Korv,10.0,g
1516,Korv prinskorv kött 61%,Summa fleromättade fettsyror,Korv,2.4,g
1516,Korv prinskorv kött 61%,"Fosfor, P",Korv,88.0,mg
1516,Korv prinskorv kött 61%,Niacinekvivalenter,Korv,3.93,NE/mg
1516,Korv prinskorv kött 61%,Niacin,Korv,2.1,mg
1516,Korv prinskorv kött 61%,"Salt, NaCl",Korv,1.9,g
1516,Korv prinskorv kött 61%,"Natrium, Na",Korv,760.0,mg
1516,Korv prinskorv kött 61%,Monosackarider,Korv,0.0,g
1516,Korv prinskorv kött 61%,"Sockerarter, totalt",Korv,0.0,g
1516,Korv prinskorv kött 61%,Summa enkelomättade fettsyror,Korv,11.6,g
1516,Korv prinskorv kött 61%,"Magnesium, Mg",Korv,12.0,mg
1516,Korv prinskorv kött 61%,Summa mättade fettsyror,Korv,8.8,g
1516,Korv prinskorv kött 61%,"Kolhydrater, tillgängliga",Korv,3.8,g
1516,Korv prinskorv kött 61%,Kolesterol,Korv,65.0,mg
1516,Korv prinskorv kött 61%,"Kalium, K",Korv,112.0,mg
1516,Korv prinskorv kött 61%,"Jod, I",Korv,2.0,µg
1516,Korv prinskorv kött 61%,Fullkorn totalt,Korv,0.0,g
1516,Korv prinskorv kött 61%,"Folat, totalt",Korv,4.0,µg
1516,Korv prinskorv kött 61%,Fibrer,Korv,0.0,g
1516,Korv prinskorv kött 61%,"Fett, totalt",Korv,24.0,g
1516,Korv prinskorv kött 61%,"Järn, Fe",Korv,1.1,mg
1516,Korv prinskorv kött 61%,Energi (kJ),Korv,1123.0,kJ
1516,Korv prinskorv kött 61%,Energi (kcal),Korv,268.0,kcal
1516,Korv prinskorv kött 61%,Disackarider,Korv,0.0,g
1516,Korv prinskorv kött 61%,"Kalcium, Ca",Korv,10.0,mg
1516,Korv prinskorv kött 61%,Fettsyra 4:0-10:0,Korv,0.0,g
1516,Korv prinskorv kött 61%,DHA (C22:6),Korv,0.1,g
1516,Korv prinskorv kött 61%,DPA (C22:5),Korv,0.0,g
1516,Korv prinskorv kött 61%,EPA (C20:5),Korv,0.0,g
1516,Korv prinskorv kött 61%,Arakidonsyra C20:4,Korv,0.1,g
1516,Korv prinskorv kött 61%,Arakidinsyra C20:0,Korv,0.1,g
1516,Korv prinskorv kött 61%,Linolensyra C18:3,Korv,0.2,g
1516,Korv prinskorv kött 61%,Linolsyra C18:2,Korv,1.9,g
1516,Korv prinskorv kött 61%,Oljesyra C18:1,Korv,10.3,g
1516,Korv prinskorv kött 61%,Stearinsyra C18:0,Korv,2.8,g
1516,Korv prinskorv kött 61%,Palmitoljesyra C16:1,Korv,0.9,g
1516,Korv prinskorv kött 61%,Palmitinsyra C16:0,Korv,5.4,g
1516,Korv prinskorv kött 61%,Myristinsyra C14:0,Korv,0.4,g
1516,Korv prinskorv kött 61%,Laurinsyra C12:0,Korv,0.0,g
1516,Korv prinskorv kött 61%,Betakaroten/β-Karoten,Korv,8.0,µg
1516,Korv prinskorv kött 61%,Avfall (skal etc.),Korv,0.0,%
1516,Korv prinskorv kött 61%,Aska,Korv,2.2,g
1516,Korv prinskorv kött 61%,Alkohol,Korv,0.0,g
1518,Korv salsiccia rå kött 73%,"Zink, Zn",Korv,3.4,mg
1518,Korv salsiccia rå kött 73%,Vitamin E,Korv,0.0,mg
1518,Korv salsiccia rå kött 73%,Vitamin D,Korv,0.36,µg
1518,Korv salsiccia rå kött 73%,Vitamin C,Korv,73.9,mg
1518,Korv salsiccia rå kött 73%,Vitamin B6,Korv,0.47,mg
1518,Korv salsiccia rå kött 73%,Vitamin B12,Korv,0.7,µg
1518,Korv salsiccia rå kött 73%,Vitamin A,Korv,13.7,RE/µg
1518,Korv salsiccia rå kött 73%,Vatten,Korv,51.5,g
1518,Korv salsiccia rå kött 73%,Tiamin,Korv,0.83,mg
1518,Korv salsiccia rå kött 73%,Tillsatt socker,Korv,0.0,g
1518,Korv salsiccia rå kött 73%,Fritt socker,Korv,0.0,g
1518,Korv salsiccia rå kött 73%,"Selen, Se",Korv,14.3,µg
1518,Korv salsiccia rå kött 73%,Sackaros,Korv,0.0,g
1518,Korv salsiccia rå kött 73%,Riboflavin,Korv,0.24,mg
1518,Korv salsiccia rå kött 73%,Retinol,Korv,13.4,µg
1518,Korv salsiccia rå kött 73%,Protein,Korv,21.8,g
1518,Korv salsiccia rå kött 73%,Summa fleromättade fettsyror,Korv,2.2,g
1518,Korv salsiccia rå kött 73%,"Fosfor, P",Korv,189.0,mg
1518,Korv salsiccia rå kött 73%,Niacinekvivalenter,Korv,10.0,NE/mg
1518,Korv salsiccia rå kött 73%,Niacin,Korv,6.04,mg
1518,Korv salsiccia rå kött 73%,"Salt, NaCl",Korv,2.7,g
1518,Korv salsiccia rå kött 73%,"Natrium, Na",Korv,1079.0,mg
1518,Korv salsiccia rå kött 73%,Monosackarider,Korv,0.1,g
1518,Korv salsiccia rå kött 73%,"Sockerarter, totalt",Korv,0.2,g
1518,Korv salsiccia rå kött 73%,Summa enkelomättade fettsyror,Korv,8.7,g
1518,Korv salsiccia rå kött 73%,"Magnesium, Mg",Korv,24.0,mg
1518,Korv salsiccia rå kött 73%,Summa mättade fettsyror,Korv,6.4,g
1518,Korv salsiccia rå kött 73%,"Kolhydrater, tillgängliga",Korv,4.7,g
1518,Korv salsiccia rå kött 73%,Kolesterol,Korv,60.6,mg
1518,Korv salsiccia rå kött 73%,"Kalium, K",Korv,368.0,mg
1518,Korv salsiccia rå kött 73%,"Jod, I",Korv,2.0,µg
1518,Korv salsiccia rå kött 73%,Fullkorn totalt,Korv,0.0,g
1518,Korv salsiccia rå kött 73%,"Folat, totalt",Korv,12.0,µg
1518,Korv salsiccia rå kött 73%,Fibrer,Korv,0.0,g
1518,Korv salsiccia rå kött 73%,"Fett, totalt",Korv,18.3,g
1518,Korv salsiccia rå kött 73%,"Järn, Fe",Korv,1.1,mg
1518,Korv salsiccia rå kött 73%,Energi (kJ),Korv,1128.0,kJ
1518,Korv salsiccia rå kött 73%,Energi (kcal),Korv,270.0,kcal
1518,Korv salsiccia rå kött 73%,Disackarider,Korv,0.2,g
1518,Korv salsiccia rå kött 73%,"Kalcium, Ca",Korv,11.0,mg
1518,Korv salsiccia rå kött 73%,Fettsyra 4:0-10:0,Korv,0.0,g
1518,Korv salsiccia rå kött 73%,DHA (C22:6),Korv,0.0,g
1518,Korv salsiccia rå kött 73%,DPA (C22:5),Korv,0.0,g
1518,Korv salsiccia rå kött 73%,EPA (C20:5),Korv,0.0,g
1518,Korv salsiccia rå kött 73%,Arakidonsyra C20:4,Korv,0.0,g
1518,Korv salsiccia rå kött 73%,Arakidinsyra C20:0,Korv,0.0,g
1518,Korv salsiccia rå kött 73%,Linolensyra C18:3,Korv,0.2,g
1518,Korv salsiccia rå kött 73%,Linolsyra C18:2,Korv,1.8,g
1518,Korv salsiccia rå kött 73%,Oljesyra C18:1,Korv,7.9,g
1518,Korv salsiccia rå kött 73%,Stearinsyra C18:0,Korv,2.2,g
1518,Korv salsiccia rå kött 73%,Palmitoljesyra C16:1,Korv,0.4,g
1518,Korv salsiccia rå kött 73%,Palmitinsyra C16:0,Korv,3.8,g
1518,Korv salsiccia rå kött 73%,Myristinsyra C14:0,Korv,0.2,g
1518,Korv salsiccia rå kött 73%,Laurinsyra C12:0,Korv,0.0,g
1518,Korv salsiccia rå kött 73%,Betakaroten/β-Karoten,Korv,0.0,µg
1518,Korv salsiccia rå kött 73%,Avfall (skal etc.),Korv,0.0,%
1518,Korv salsiccia rå kött 73%,Aska,Korv,3.6,g
1518,Korv salsiccia rå kött 73%,Alkohol,Korv,0.0,g
1519,Korv salsiccia stekt u. fett kött 73%,"Zink, Zn",Korv,4.7,mg
1519,Korv salsiccia stekt u. fett kött 73%,Vitamin E,Korv,0.0,mg
1519,Korv salsiccia stekt u. fett kött 73%,Vitamin D,Korv,0.39,µg
1519,Korv salsiccia stekt u. fett kött 73%,Vitamin C,Korv,74.7,mg
1519,Korv salsiccia stekt u. fett kött 73%,Vitamin B6,Korv,0.56,mg
1519,Korv salsiccia stekt u. fett kött 73%,Vitamin B12,Korv,0.75,µg
1519,Korv salsiccia stekt u. fett kött 73%,Vitamin A,Korv,8.1,RE/µg
1519,Korv salsiccia stekt u. fett kött 73%,Vatten,Korv,46.6,g
1519,Korv salsiccia stekt u. fett kött 73%,Tiamin,Korv,0.93,mg
1519,Korv salsiccia stekt u. fett kött 73%,Tillsatt socker,Korv,0.0,g
1519,Korv salsiccia stekt u. fett kött 73%,Fritt socker,Korv,0.0,g
1519,Korv salsiccia stekt u. fett kött 73%,"Selen, Se",Korv,14.3,µg
1519,Korv salsiccia stekt u. fett kött 73%,Sackaros,Korv,0.0,g
1519,Korv salsiccia stekt u. fett kött 73%,Riboflavin,Korv,0.32,mg
1519,Korv salsiccia stekt u. fett kött 73%,Retinol,Korv,7.8,µg
1519,Korv salsiccia stekt u. fett kött 73%,Protein,Korv,21.8,g
1519,Korv salsiccia stekt u. fett kött 73%,Summa fleromättade fettsyror,Korv,2.3,g
1519,Korv salsiccia stekt u. fett kött 73%,"Fosfor, P",Korv,189.0,mg
1519,Korv salsiccia stekt u. fett kött 73%,Niacinekvivalenter,Korv,12.8,NE/mg
1519,Korv salsiccia stekt u. fett kött 73%,Niacin,Korv,8.8,mg
1519,Korv salsiccia stekt u. fett kött 73%,"Salt, NaCl",Korv,2.7,g
1519,Korv salsiccia stekt u. fett kött 73%,"Natrium, Na",Korv,1079.0,mg
1519,Korv salsiccia stekt u. fett kött 73%,Monosackarider,Korv,0.1,g
1519,Korv salsiccia stekt u. fett kött 73%,"Sockerarter, totalt",Korv,0.2,g
1519,Korv salsiccia stekt u. fett kött 73%,Summa enkelomättade fettsyror,Korv,9.3,g
1519,Korv salsiccia stekt u. fett kött 73%,"Magnesium, Mg",Korv,24.0,mg
1519,Korv salsiccia stekt u. fett kött 73%,Summa mättade fettsyror,Korv,7.6,g
1519,Korv salsiccia stekt u. fett kött 73%,"Kolhydrater, tillgängliga",Korv,7.7,g
1519,Korv salsiccia stekt u. fett kött 73%,Kolesterol,Korv,60.6,mg
1519,Korv salsiccia stekt u. fett kött 73%,"Kalium, K",Korv,368.0,mg
1519,Korv salsiccia stekt u. fett kött 73%,"Jod, I",Korv,2.0,µg
1519,Korv salsiccia stekt u. fett kött 73%,Fullkorn totalt,Korv,0.0,g
1519,Korv salsiccia stekt u. fett kött 73%,"Folat, totalt",Korv,11.8,µg
1519,Korv salsiccia stekt u. fett kött 73%,Fibrer,Korv,0.0,g
1519,Korv salsiccia stekt u. fett kött 73%,"Fett, totalt",Korv,20.2,g
1519,Korv salsiccia stekt u. fett kött 73%,"Järn, Fe",Korv,1.6,mg
1519,Korv salsiccia stekt u. fett kött 73%,Energi (kJ),Korv,1251.0,kJ
1519,Korv salsiccia stekt u. fett kött 73%,Energi (kcal),Korv,299.0,kcal
1519,Korv salsiccia stekt u. fett kött 73%,Disackarider,Korv,0.2,g
1519,Korv salsiccia stekt u. fett kött 73%,"Kalcium, Ca",Korv,11.0,mg
1519,Korv salsiccia stekt u. fett kött 73%,Fettsyra 4:0-10:0,Korv,0.0,g
1519,Korv salsiccia stekt u. fett kött 73%,DHA (C22:6),Korv,0.0,g
1519,Korv salsiccia stekt u. fett kött 73%,DPA (C22:5),Korv,0.0,g
1519,Korv salsiccia stekt u. fett kött 73%,EPA (C20:5),Korv,0.0,g
1519,Korv salsiccia stekt u. fett kött 73%,Arakidonsyra C20:4,Korv,0.1,g
1519,Korv salsiccia stekt u. fett kött 73%,Arakidinsyra C20:0,Korv,0.0,g
1519,Korv salsiccia stekt u. fett kött 73%,Linolensyra C18:3,Korv,0.1,g
1519,Korv salsiccia stekt u. fett kött 73%,Linolsyra C18:2,Korv,1.9,g
1519,Korv salsiccia stekt u. fett kött 73%,Oljesyra C18:1,Korv,8.5,g
1519,Korv salsiccia stekt u. fett kött 73%,Stearinsyra C18:0,Korv,2.7,g
1519,Korv salsiccia stekt u. fett kött 73%,Palmitoljesyra C16:1,Korv,0.5,g
1519,Korv salsiccia stekt u. fett kött 73%,Palmitinsyra C16:0,Korv,4.5,g
1519,Korv salsiccia stekt u. fett kött 73%,Myristinsyra C14:0,Korv,0.3,g
1519,Korv salsiccia stekt u. fett kött 73%,Laurinsyra C12:0,Korv,0.0,g
1519,Korv salsiccia stekt u. fett kött 73%,Betakaroten/β-Karoten,Korv,0.0,µg
1519,Korv salsiccia stekt u. fett kött 73%,Avfall (skal etc.),Korv,0.0,%
1519,Korv salsiccia stekt u. fett kött 73%,Aska,Korv,3.6,g
1519,Korv salsiccia stekt u. fett kött 73%,Alkohol,Korv,0.0,g
1521,Korv värmlandskorv rå kött 45%,"Zink, Zn",Korv,1.2,mg
1521,Korv värmlandskorv rå kött 45%,Vitamin E,Korv,0.3,mg
1521,Korv värmlandskorv rå kött 45%,Vitamin D,Korv,0.12,µg
1521,Korv värmlandskorv rå kött 45%,Vitamin C,Korv,0.0,mg
1521,Korv värmlandskorv rå kött 45%,Vitamin B6,Korv,0.15,mg
1521,Korv värmlandskorv rå kött 45%,Vitamin B12,Korv,1.1,µg
1521,Korv värmlandskorv rå kött 45%,Vitamin A,Korv,6.0,RE/µg
1521,Korv värmlandskorv rå kött 45%,Vatten,Korv,63.0,g
1521,Korv värmlandskorv rå kött 45%,Tiamin,Korv,0.16,mg
1521,Korv värmlandskorv rå kött 45%,Tillsatt socker,Korv,0.0,g
1521,Korv värmlandskorv rå kött 45%,Fritt socker,Korv,0.0,g
1521,Korv värmlandskorv rå kött 45%,"Selen, Se",Korv,2.0,µg
1521,Korv värmlandskorv rå kött 45%,Sackaros,Korv,0.0,g
1521,Korv värmlandskorv rå kött 45%,Riboflavin,Korv,0.11,mg
1521,Korv värmlandskorv rå kött 45%,Retinol,Korv,6.0,µg
1521,Korv värmlandskorv rå kött 45%,Protein,Korv,6.1,g
1521,Korv värmlandskorv rå kött 45%,Summa fleromättade fettsyror,Korv,2.3,g
1521,Korv värmlandskorv rå kött 45%,"Fosfor, P",Korv,75.0,mg
1521,Korv värmlandskorv rå kött 45%,Niacinekvivalenter,Korv,3.42,NE/mg
1521,Korv värmlandskorv rå kött 45%,Niacin,Korv,2.3,mg
1521,Korv värmlandskorv rå kött 45%,"Salt, NaCl",Korv,1.8,g
1521,Korv värmlandskorv rå kött 45%,"Natrium, Na",Korv,720.0,mg
1521,Korv värmlandskorv rå kött 45%,Monosackarider,Korv,0.3,g
1521,Korv värmlandskorv rå kött 45%,"Sockerarter, totalt",Korv,0.3,g
1521,Korv värmlandskorv rå kött 45%,Summa enkelomättade fettsyror,Korv,8.6,g
1521,Korv värmlandskorv rå kött 45%,"Magnesium, Mg",Korv,12.0,mg
1521,Korv värmlandskorv rå kött 45%,Summa mättade fettsyror,Korv,7.2,g
1521,Korv värmlandskorv rå kött 45%,"Kolhydrater, tillgängliga",Korv,8.9,g
1521,Korv värmlandskorv rå kött 45%,Kolesterol,Korv,65.0,mg
1521,Korv värmlandskorv rå kött 45%,"Kalium, K",Korv,126.0,mg
1521,Korv värmlandskorv rå kött 45%,"Jod, I",Korv,0.0,µg
1521,Korv värmlandskorv rå kött 45%,Fullkorn totalt,Korv,0.0,g
1521,Korv värmlandskorv rå kött 45%,"Folat, totalt",Korv,6.0,µg
1521,Korv värmlandskorv rå kött 45%,Fibrer,Korv,0.5,g
1521,Korv värmlandskorv rå kött 45%,"Fett, totalt",Korv,19.1,g
1521,Korv värmlandskorv rå kött 45%,"Järn, Fe",Korv,0.8,mg
1521,Korv värmlandskorv rå kött 45%,Energi (kJ),Korv,966.0,kJ
1521,Korv värmlandskorv rå kött 45%,Energi (kcal),Korv,231.0,kcal
1521,Korv värmlandskorv rå kött 45%,Disackarider,Korv,0.0,g
1521,Korv värmlandskorv rå kött 45%,"Kalcium, Ca",Korv,8.0,mg
1521,Korv värmlandskorv rå kött 45%,Fettsyra 4:0-10:0,Korv,0.0,g
1521,Korv värmlandskorv rå kött 45%,DHA (C22:6),Korv,0.0,g
1521,Korv värmlandskorv rå kött 45%,DPA (C22:5),Korv,0.0,g
1521,Korv värmlandskorv rå kött 45%,EPA (C20:5),Korv,0.0,g
1521,Korv värmlandskorv rå kött 45%,Arakidonsyra C20:4,Korv,0.1,g
1521,Korv värmlandskorv rå kött 45%,Arakidinsyra C20:0,Korv,0.1,g
1521,Korv värmlandskorv rå kött 45%,Linolensyra C18:3,Korv,0.2,g
1521,Korv värmlandskorv rå kött 45%,Linolsyra C18:2,Korv,1.8,g
1521,Korv värmlandskorv rå kött 45%,Oljesyra C18:1,Korv,7.6,g
1521,Korv värmlandskorv rå kött 45%,Stearinsyra C18:0,Korv,2.4,g
1521,Korv värmlandskorv rå kött 45%,Palmitoljesyra C16:1,Korv,0.7,g
1521,Korv värmlandskorv rå kött 45%,Palmitinsyra C16:0,Korv,4.4,g
1521,Korv värmlandskorv rå kött 45%,Myristinsyra C14:0,Korv,0.3,g
1521,Korv värmlandskorv rå kött 45%,Laurinsyra C12:0,Korv,0.0,g
1521,Korv värmlandskorv rå kött 45%,Betakaroten/β-Karoten,Korv,0.0,µg
1521,Korv värmlandskorv rå kött 45%,Avfall (skal etc.),Korv,0.0,%
1521,Korv värmlandskorv rå kött 45%,Aska,Korv,2.4,g
1521,Korv värmlandskorv rå kött 45%,Alkohol,Korv,0.0,g
1522,Korv värmlandskorv kokt kött 45%,"Zink, Zn",Korv,1.2,mg
1522,Korv värmlandskorv kokt kött 45%,Vitamin E,Korv,0.3,mg
1522,Korv värmlandskorv kokt kött 45%,Vitamin D,Korv,0.12,µg
1522,Korv värmlandskorv kokt kött 45%,Vitamin C,Korv,0.0,mg
1522,Korv värmlandskorv kokt kött 45%,Vitamin B6,Korv,0.15,mg
1522,Korv värmlandskorv kokt kött 45%,Vitamin B12,Korv,1.1,µg
1522,Korv värmlandskorv kokt kött 45%,Vitamin A,Korv,5.0,RE/µg
1522,Korv värmlandskorv kokt kött 45%,Vatten,Korv,64.0,g
1522,Korv värmlandskorv kokt kött 45%,Tiamin,Korv,0.16,mg
1522,Korv värmlandskorv kokt kött 45%,Tillsatt socker,Korv,0.0,g
1522,Korv värmlandskorv kokt kött 45%,Fritt socker,Korv,0.0,g
1522,Korv värmlandskorv kokt kött 45%,"Selen, Se",Korv,2.0,µg
1522,Korv värmlandskorv kokt kött 45%,Sackaros,Korv,0.0,g
1522,Korv värmlandskorv kokt kött 45%,Riboflavin,Korv,0.16,mg
1522,Korv värmlandskorv kokt kött 45%,Retinol,Korv,5.0,µg
1522,Korv värmlandskorv kokt kött 45%,Protein,Korv,6.5,g
1522,Korv värmlandskorv kokt kött 45%,Summa fleromättade fettsyror,Korv,2.2,g
1522,Korv värmlandskorv kokt kött 45%,"Fosfor, P",Korv,75.0,mg
1522,Korv värmlandskorv kokt kött 45%,Niacinekvivalenter,Korv,3.49,NE/mg
1522,Korv värmlandskorv kokt kött 45%,Niacin,Korv,2.3,mg
1522,Korv värmlandskorv kokt kött 45%,"Salt, NaCl",Korv,1.8,g
1522,Korv värmlandskorv kokt kött 45%,"Natrium, Na",Korv,720.0,mg
1522,Korv värmlandskorv kokt kött 45%,Monosackarider,Korv,0.3,g
1522,Korv värmlandskorv kokt kött 45%,"Sockerarter, totalt",Korv,0.3,g
1522,Korv värmlandskorv kokt kött 45%,Summa enkelomättade fettsyror,Korv,8.2,g
1522,Korv värmlandskorv kokt kött 45%,"Magnesium, Mg",Korv,12.0,mg
1522,Korv värmlandskorv kokt kött 45%,Summa mättade fettsyror,Korv,6.9,g
1522,Korv värmlandskorv kokt kött 45%,"Kolhydrater, tillgängliga",Korv,8.5,g
1522,Korv värmlandskorv kokt kött 45%,Kolesterol,Korv,65.0,mg
1522,Korv värmlandskorv kokt kött 45%,"Kalium, K",Korv,126.0,mg
1522,Korv värmlandskorv kokt kött 45%,"Jod, I",Korv,0.0,µg
1522,Korv värmlandskorv kokt kött 45%,Fullkorn totalt,Korv,0.0,g
1522,Korv värmlandskorv kokt kött 45%,"Folat, totalt",Korv,3.0,µg
1522,Korv värmlandskorv kokt kött 45%,Fibrer,Korv,0.5,g
1522,Korv värmlandskorv kokt kött 45%,"Fett, totalt",Korv,18.2,g
1522,Korv värmlandskorv kokt kött 45%,"Järn, Fe",Korv,1.0,mg
1522,Korv värmlandskorv kokt kött 45%,Energi (kJ),Korv,932.0,kJ
1522,Korv värmlandskorv kokt kött 45%,Energi (kcal),Korv,223.0,kcal
1522,Korv värmlandskorv kokt kött 45%,Disackarider,Korv,0.0,g
1522,Korv värmlandskorv kokt kött 45%,"Kalcium, Ca",Korv,13.0,mg
1522,Korv värmlandskorv kokt kött 45%,Fettsyra 4:0-10:0,Korv,0.0,g
1522,Korv värmlandskorv kokt kött 45%,DHA (C22:6),Korv,0.0,g
1522,Korv värmlandskorv kokt kött 45%,DPA (C22:5),Korv,0.0,g
1522,Korv värmlandskorv kokt kött 45%,EPA (C20:5),Korv,0.0,g
1522,Korv värmlandskorv kokt kött 45%,Arakidonsyra C20:4,Korv,0.1,g
1522,Korv värmlandskorv kokt kött 45%,Arakidinsyra C20:0,Korv,0.1,g
1522,Korv värmlandskorv kokt kött 45%,Linolensyra C18:3,Korv,0.1,g
1522,Korv värmlandskorv kokt kött 45%,Linolsyra C18:2,Korv,1.7,g
1522,Korv värmlandskorv kokt kött 45%,Oljesyra C18:1,Korv,7.3,g
1522,Korv värmlandskorv kokt kött 45%,Stearinsyra C18:0,Korv,2.2,g
1522,Korv värmlandskorv kokt kött 45%,Palmitoljesyra C16:1,Korv,0.6,g
1522,Korv värmlandskorv kokt kött 45%,Palmitinsyra C16:0,Korv,4.2,g
1522,Korv värmlandskorv kokt kött 45%,Myristinsyra C14:0,Korv,0.3,g
1522,Korv värmlandskorv kokt kött 45%,Laurinsyra C12:0,Korv,0.0,g
1522,Korv värmlandskorv kokt kött 45%,Betakaroten/β-Karoten,Korv,0.0,µg
1522,Korv värmlandskorv kokt kött 45%,Avfall (skal etc.),Korv,0.0,%
1522,Korv värmlandskorv kokt kött 45%,Aska,Korv,2.3,g
1522,Korv värmlandskorv kokt kött 45%,Alkohol,Korv,0.0,g
1523,Gris bacon stekt mager,"Zink, Zn",Kött processat,1.9,mg
1523,Gris bacon stekt mager,Vitamin E,Kött processat,0.2,mg
1523,Gris bacon stekt mager,Vitamin D,Kött processat,0.11,µg
1523,Gris bacon stekt mager,Vitamin C,Kött processat,0.0,mg
1523,Gris bacon stekt mager,Vitamin B6,Kött processat,0.32,mg
1523,Gris bacon stekt mager,Vitamin B12,Kött processat,0.26,µg
1523,Gris bacon stekt mager,Vitamin A,Kött processat,6.8,RE/µg
1523,Gris bacon stekt mager,Vatten,Kött processat,62.9,g
1523,Gris bacon stekt mager,Tiamin,Kött processat,0.89,mg
1523,Gris bacon stekt mager,Tillsatt socker,Kött processat,0.0,g
1523,Gris bacon stekt mager,Fritt socker,Kött processat,0.0,g
1523,Gris bacon stekt mager,"Selen, Se",Kött processat,16.4,µg
1523,Gris bacon stekt mager,Sackaros,Kött processat,0.2,g
1523,Gris bacon stekt mager,Riboflavin,Kött processat,0.15,mg
1523,Gris bacon stekt mager,Retinol,Kött processat,6.8,µg
1523,Gris bacon stekt mager,Protein,Kött processat,26.6,g
1523,Gris bacon stekt mager,Summa fleromättade fettsyror,Kött processat,0.4,g
1523,Gris bacon stekt mager,"Fosfor, P",Kött processat,230.0,mg
1523,Gris bacon stekt mager,Niacinekvivalenter,Kött processat,15.2,NE/mg
1523,Gris bacon stekt mager,Niacin,Kött processat,10.27,mg
1523,Gris bacon stekt mager,"Salt, NaCl",Kött processat,4.5,g
1523,Gris bacon stekt mager,"Natrium, Na",Kött processat,1817.0,mg
1523,Gris bacon stekt mager,Monosackarider,Kött processat,0.8,g
1523,Gris bacon stekt mager,"Sockerarter, totalt",Kött processat,1.1,g
1523,Gris bacon stekt mager,Summa enkelomättade fettsyror,Kött processat,1.4,g
1523,Gris bacon stekt mager,"Magnesium, Mg",Kött processat,26.0,mg
1523,Gris bacon stekt mager,Summa mättade fettsyror,Kött processat,1.1,g
1523,Gris bacon stekt mager,"Kolhydrater, tillgängliga",Kött processat,1.4,g
1523,Gris bacon stekt mager,Kolesterol,Kött processat,37.2,mg
1523,Gris bacon stekt mager,"Kalium, K",Kött processat,339.0,mg
1523,Gris bacon stekt mager,"Jod, I",Kött processat,5.5,µg
1523,Gris bacon stekt mager,Fullkorn totalt,Kött processat,0.0,g
1523,Gris bacon stekt mager,"Folat, totalt",Kött processat,10.8,µg
1523,Gris bacon stekt mager,Fibrer,Kött processat,0.0,g
1523,Gris bacon stekt mager,"Fett, totalt",Kött processat,3.1,g
1523,Gris bacon stekt mager,"Järn, Fe",Kött processat,0.8,mg
1523,Gris bacon stekt mager,Energi (kJ),Kött processat,592.0,kJ
1523,Gris bacon stekt mager,Energi (kcal),Kött processat,142.0,kcal
1523,Gris bacon stekt mager,Disackarider,Kött processat,0.3,g
1523,Gris bacon stekt mager,"Kalcium, Ca",Kött processat,10.0,mg
1523,Gris bacon stekt mager,Fettsyra 4:0-10:0,Kött processat,0.0,g
1523,Gris bacon stekt mager,DHA (C22:6),Kött processat,0.0,g
1523,Gris bacon stekt mager,DPA (C22:5),Kött processat,0.0,g
1523,Gris bacon stekt mager,EPA (C20:5),Kött processat,0.0,g
1523,Gris bacon stekt mager,Arakidonsyra C20:4,Kött processat,0.0,g
1523,Gris bacon stekt mager,Arakidinsyra C20:0,Kött processat,0.0,g
1523,Gris bacon stekt mager,Linolensyra C18:3,Kött processat,0.0,g
1523,Gris bacon stekt mager,Linolsyra C18:2,Kött processat,0.3,g
1523,Gris bacon stekt mager,Oljesyra C18:1,Kött processat,1.2,g
1523,Gris bacon stekt mager,Stearinsyra C18:0,Kött processat,0.4,g
1523,Gris bacon stekt mager,Palmitoljesyra C16:1,Kött processat,0.1,g
1523,Gris bacon stekt mager,Palmitinsyra C16:0,Kött processat,0.7,g
1523,Gris bacon stekt mager,Myristinsyra C14:0,Kött processat,0.0,g
1523,Gris bacon stekt mager,Laurinsyra C12:0,Kött processat,0.0,g
1523,Gris bacon stekt mager,Betakaroten/β-Karoten,Kött processat,0.0,µg
1523,Gris bacon stekt mager,Avfall (skal etc.),Kött processat,0.0,%
1523,Gris bacon stekt mager,Aska,Kött processat,6.0,g
1523,Gris bacon stekt mager,Alkohol,Kött processat,0.0,g
1524,Gris bacon rå mager,"Zink, Zn",Kött processat,1.4,mg
1524,Gris bacon rå mager,Vitamin E,Kött processat,0.2,mg
1524,Gris bacon rå mager,Vitamin D,Kött processat,0.1,µg
1524,Gris bacon rå mager,Vitamin C,Kött processat,0.0,mg
1524,Gris bacon rå mager,Vitamin B6,Kött processat,0.47,mg
1524,Gris bacon rå mager,Vitamin B12,Kött processat,0.25,µg
1524,Gris bacon rå mager,Vitamin A,Kött processat,5.0,RE/µg
1524,Gris bacon rå mager,Vatten,Kött processat,71.7,g
1524,Gris bacon rå mager,Tiamin,Kött processat,0.93,mg
1524,Gris bacon rå mager,Tillsatt socker,Kött processat,0.0,g
1524,Gris bacon rå mager,Fritt socker,Kött processat,0.0,g
1524,Gris bacon rå mager,"Selen, Se",Kött processat,12.0,µg
1524,Gris bacon rå mager,Sackaros,Kött processat,0.1,g
1524,Gris bacon rå mager,Riboflavin,Kött processat,0.14,mg
1524,Gris bacon rå mager,Retinol,Kött processat,5.0,µg
1524,Gris bacon rå mager,Protein,Kött processat,19.4,g
1524,Gris bacon rå mager,Summa fleromättade fettsyror,Kött processat,0.4,g
1524,Gris bacon rå mager,"Fosfor, P",Kött processat,168.0,mg
1524,Gris bacon rå mager,Niacinekvivalenter,Kött processat,11.1,NE/mg
1524,Gris bacon rå mager,Niacin,Kött processat,7.5,mg
1524,Gris bacon rå mager,"Salt, NaCl",Kött processat,3.3,g
1524,Gris bacon rå mager,"Natrium, Na",Kött processat,1327.0,mg
1524,Gris bacon rå mager,Monosackarider,Kött processat,0.6,g
1524,Gris bacon rå mager,"Sockerarter, totalt",Kött processat,0.8,g
1524,Gris bacon rå mager,Summa enkelomättade fettsyror,Kött processat,1.5,g
1524,Gris bacon rå mager,"Magnesium, Mg",Kött processat,19.0,mg
1524,Gris bacon rå mager,Summa mättade fettsyror,Kött processat,1.2,g
1524,Gris bacon rå mager,"Kolhydrater, tillgängliga",Kött processat,1.0,g
1524,Gris bacon rå mager,Kolesterol,Kött processat,41.2,mg
1524,Gris bacon rå mager,"Kalium, K",Kött processat,353.0,mg
1524,Gris bacon rå mager,"Jod, I",Kött processat,4.0,µg
1524,Gris bacon rå mager,Fullkorn totalt,Kött processat,0.0,g
1524,Gris bacon rå mager,"Folat, totalt",Kött processat,9.3,µg
1524,Gris bacon rå mager,Fibrer,Kött processat,0.0,g
1524,Gris bacon rå mager,"Fett, totalt",Kött processat,3.5,g
1524,Gris bacon rå mager,"Järn, Fe",Kött processat,0.6,mg
1524,Gris bacon rå mager,Energi (kJ),Kött processat,476.0,kJ
1524,Gris bacon rå mager,Energi (kcal),Kött processat,114.0,kcal
1524,Gris bacon rå mager,Disackarider,Kött processat,0.2,g
1524,Gris bacon rå mager,"Kalcium, Ca",Kött processat,7.0,mg
1524,Gris bacon rå mager,Fettsyra 4:0-10:0,Kött processat,0.0,g
1524,Gris bacon rå mager,DHA (C22:6),Kött processat,0.0,g
1524,Gris bacon rå mager,DPA (C22:5),Kött processat,0.0,g
1524,Gris bacon rå mager,EPA (C20:5),Kött processat,0.0,g
1524,Gris bacon rå mager,Arakidonsyra C20:4,Kött processat,0.0,g
1524,Gris bacon rå mager,Arakidinsyra C20:0,Kött processat,0.0,g
1524,Gris bacon rå mager,Linolensyra C18:3,Kött processat,0.0,g
1524,Gris bacon rå mager,Linolsyra C18:2,Kött processat,0.3,g
1524,Gris bacon rå mager,Oljesyra C18:1,Kött processat,1.4,g
1524,Gris bacon rå mager,Stearinsyra C18:0,Kött processat,0.4,g
1524,Gris bacon rå mager,Palmitoljesyra C16:1,Kött processat,0.1,g
1524,Gris bacon rå mager,Palmitinsyra C16:0,Kött processat,0.8,g
1524,Gris bacon rå mager,Myristinsyra C14:0,Kött processat,0.0,g
1524,Gris bacon rå mager,Laurinsyra C12:0,Kött processat,0.0,g
1524,Gris bacon rå mager,Betakaroten/β-Karoten,Kött processat,0.0,µg
1524,Gris bacon rå mager,Avfall (skal etc.),Kött processat,0.0,%
1524,Gris bacon rå mager,Aska,Kött processat,4.4,g
1524,Gris bacon rå mager,Alkohol,Kött processat,0.0,g
1526,Korv frukostkorv kokt fett 23% kött 52%,"Zink, Zn",Korv,1.8,mg
1526,Korv frukostkorv kokt fett 23% kött 52%,Vitamin E,Korv,0.3,mg
1526,Korv frukostkorv kokt fett 23% kött 52%,Vitamin D,Korv,0.19,µg
1526,Korv frukostkorv kokt fett 23% kött 52%,Vitamin C,Korv,0.0,mg
1526,Korv frukostkorv kokt fett 23% kött 52%,Vitamin B6,Korv,0.11,mg
1526,Korv frukostkorv kokt fett 23% kött 52%,Vitamin B12,Korv,1.16,µg
1526,Korv frukostkorv kokt fett 23% kött 52%,Vitamin A,Korv,11.3,RE/µg
1526,Korv frukostkorv kokt fett 23% kött 52%,Vatten,Korv,59.2,g
1526,Korv frukostkorv kokt fett 23% kött 52%,Tiamin,Korv,0.09,mg
1526,Korv frukostkorv kokt fett 23% kött 52%,Tillsatt socker,Korv,0.0,g
1526,Korv frukostkorv kokt fett 23% kött 52%,Fritt socker,Korv,0.0,g
1526,Korv frukostkorv kokt fett 23% kött 52%,"Selen, Se",Korv,2.1,µg
1526,Korv frukostkorv kokt fett 23% kött 52%,Sackaros,Korv,0.0,g
1526,Korv frukostkorv kokt fett 23% kött 52%,Riboflavin,Korv,0.07,mg
1526,Korv frukostkorv kokt fett 23% kött 52%,Retinol,Korv,10.6,µg
1526,Korv frukostkorv kokt fett 23% kött 52%,Protein,Korv,10.5,g
1526,Korv frukostkorv kokt fett 23% kött 52%,Summa fleromättade fettsyror,Korv,2.6,g
1526,Korv frukostkorv kokt fett 23% kött 52%,"Fosfor, P",Korv,92.0,mg
1526,Korv frukostkorv kokt fett 23% kött 52%,Niacinekvivalenter,Korv,4.04,NE/mg
1526,Korv frukostkorv kokt fett 23% kött 52%,Niacin,Korv,2.12,mg
1526,Korv frukostkorv kokt fett 23% kött 52%,"Salt, NaCl",Korv,2.1,g
1526,Korv frukostkorv kokt fett 23% kött 52%,"Natrium, Na",Korv,836.0,mg
1526,Korv frukostkorv kokt fett 23% kött 52%,Monosackarider,Korv,0.0,g
1526,Korv frukostkorv kokt fett 23% kött 52%,"Sockerarter, totalt",Korv,0.0,g
1526,Korv frukostkorv kokt fett 23% kött 52%,Summa enkelomättade fettsyror,Korv,11.5,g
1526,Korv frukostkorv kokt fett 23% kött 52%,"Magnesium, Mg",Korv,13.0,mg
1526,Korv frukostkorv kokt fett 23% kött 52%,Summa mättade fettsyror,Korv,9.1,g
1526,Korv frukostkorv kokt fett 23% kött 52%,"Kolhydrater, tillgängliga",Korv,3.4,g
1526,Korv frukostkorv kokt fett 23% kött 52%,Kolesterol,Korv,68.8,mg
1526,Korv frukostkorv kokt fett 23% kött 52%,"Kalium, K",Korv,92.0,mg
1526,Korv frukostkorv kokt fett 23% kött 52%,"Jod, I",Korv,0.0,µg
1526,Korv frukostkorv kokt fett 23% kött 52%,Fullkorn totalt,Korv,0.0,g
1526,Korv frukostkorv kokt fett 23% kött 52%,"Folat, totalt",Korv,2.5,µg
1526,Korv frukostkorv kokt fett 23% kött 52%,Fibrer,Korv,0.0,g
1526,Korv frukostkorv kokt fett 23% kött 52%,"Fett, totalt",Korv,24.3,g
1526,Korv frukostkorv kokt fett 23% kött 52%,"Järn, Fe",Korv,1.2,mg
1526,Korv frukostkorv kokt fett 23% kött 52%,Energi (kJ),Korv,1137.0,kJ
1526,Korv frukostkorv kokt fett 23% kött 52%,Energi (kcal),Korv,272.0,kcal
1526,Korv frukostkorv kokt fett 23% kött 52%,Disackarider,Korv,0.0,g
1526,Korv frukostkorv kokt fett 23% kött 52%,"Kalcium, Ca",Korv,13.0,mg
1526,Korv frukostkorv kokt fett 23% kött 52%,Fettsyra 4:0-10:0,Korv,0.0,g
1526,Korv frukostkorv kokt fett 23% kött 52%,DHA (C22:6),Korv,0.0,g
1526,Korv frukostkorv kokt fett 23% kött 52%,DPA (C22:5),Korv,0.0,g
1526,Korv frukostkorv kokt fett 23% kött 52%,EPA (C20:5),Korv,0.0,g
1526,Korv frukostkorv kokt fett 23% kött 52%,Arakidonsyra C20:4,Korv,0.1,g
1526,Korv frukostkorv kokt fett 23% kött 52%,Arakidinsyra C20:0,Korv,0.1,g
1526,Korv frukostkorv kokt fett 23% kött 52%,Linolensyra C18:3,Korv,0.1,g
1526,Korv frukostkorv kokt fett 23% kött 52%,Linolsyra C18:2,Korv,2.0,g
1526,Korv frukostkorv kokt fett 23% kött 52%,Oljesyra C18:1,Korv,10.2,g
1526,Korv frukostkorv kokt fett 23% kött 52%,Stearinsyra C18:0,Korv,2.9,g
1526,Korv frukostkorv kokt fett 23% kött 52%,Palmitoljesyra C16:1,Korv,0.9,g
1526,Korv frukostkorv kokt fett 23% kött 52%,Palmitinsyra C16:0,Korv,5.5,g
1526,Korv frukostkorv kokt fett 23% kött 52%,Myristinsyra C14:0,Korv,0.4,g
1526,Korv frukostkorv kokt fett 23% kött 52%,Laurinsyra C12:0,Korv,0.0,g
1526,Korv frukostkorv kokt fett 23% kött 52%,Betakaroten/β-Karoten,Korv,8.0,µg
1526,Korv frukostkorv kokt fett 23% kött 52%,Avfall (skal etc.),Korv,0.0,%
1526,Korv frukostkorv kokt fett 23% kött 52%,Aska,Korv,2.5,g
1526,Korv frukostkorv kokt fett 23% kött 52%,Alkohol,Korv,0.0,g
1527,Korv falukorv stekt fett 19% kött 58%,"Zink, Zn",Korv,1.8,mg
1527,Korv falukorv stekt fett 19% kött 58%,Vitamin E,Korv,0.3,mg
1527,Korv falukorv stekt fett 19% kött 58%,Vitamin D,Korv,0.19,µg
1527,Korv falukorv stekt fett 19% kött 58%,Vitamin C,Korv,0.0,mg
1527,Korv falukorv stekt fett 19% kött 58%,Vitamin B6,Korv,0.14,mg
1527,Korv falukorv stekt fett 19% kött 58%,Vitamin B12,Korv,1.16,µg
1527,Korv falukorv stekt fett 19% kött 58%,Vitamin A,Korv,11.3,RE/µg
1527,Korv falukorv stekt fett 19% kött 58%,Vatten,Korv,54.7,g
1527,Korv falukorv stekt fett 19% kött 58%,Tiamin,Korv,0.15,mg
1527,Korv falukorv stekt fett 19% kött 58%,Tillsatt socker,Korv,0.0,g
1527,Korv falukorv stekt fett 19% kött 58%,Fritt socker,Korv,0.0,g
1527,Korv falukorv stekt fett 19% kött 58%,"Selen, Se",Korv,2.1,µg
1527,Korv falukorv stekt fett 19% kött 58%,Sackaros,Korv,0.0,g
1527,Korv falukorv stekt fett 19% kött 58%,Riboflavin,Korv,0.22,mg
1527,Korv falukorv stekt fett 19% kött 58%,Retinol,Korv,10.5,µg
1527,Korv falukorv stekt fett 19% kött 58%,Protein,Korv,13.4,g
1527,Korv falukorv stekt fett 19% kött 58%,Summa fleromättade fettsyror,Korv,2.5,g
1527,Korv falukorv stekt fett 19% kött 58%,"Fosfor, P",Korv,181.0,mg
1527,Korv falukorv stekt fett 19% kött 58%,Niacinekvivalenter,Korv,5.72,NE/mg
1527,Korv falukorv stekt fett 19% kött 58%,Niacin,Korv,3.27,mg
1527,Korv falukorv stekt fett 19% kött 58%,"Salt, NaCl",Korv,2.1,g
1527,Korv falukorv stekt fett 19% kött 58%,"Natrium, Na",Korv,843.0,mg
1527,Korv falukorv stekt fett 19% kött 58%,Monosackarider,Korv,0.4,g
1527,Korv falukorv stekt fett 19% kött 58%,"Sockerarter, totalt",Korv,0.4,g
1527,Korv falukorv stekt fett 19% kött 58%,Summa enkelomättade fettsyror,Korv,9.2,g
1527,Korv falukorv stekt fett 19% kött 58%,"Magnesium, Mg",Korv,13.0,mg
1527,Korv falukorv stekt fett 19% kött 58%,Summa mättade fettsyror,Korv,7.7,g
1527,Korv falukorv stekt fett 19% kött 58%,"Kolhydrater, tillgängliga",Korv,8.3,g
1527,Korv falukorv stekt fett 19% kött 58%,Kolesterol,Korv,68.5,mg
1527,Korv falukorv stekt fett 19% kött 58%,"Kalium, K",Korv,242.0,mg
1527,Korv falukorv stekt fett 19% kött 58%,"Jod, I",Korv,0.0,µg
1527,Korv falukorv stekt fett 19% kött 58%,Fullkorn totalt,Korv,0.0,g
1527,Korv falukorv stekt fett 19% kött 58%,"Folat, totalt",Korv,3.0,µg
1527,Korv falukorv stekt fett 19% kött 58%,Fibrer,Korv,0.0,g
1527,Korv falukorv stekt fett 19% kött 58%,"Fett, totalt",Korv,20.3,g
1527,Korv falukorv stekt fett 19% kött 58%,"Järn, Fe",Korv,1.5,mg
1527,Korv falukorv stekt fett 19% kött 58%,Energi (kJ),Korv,1122.0,kJ
1527,Korv falukorv stekt fett 19% kött 58%,Energi (kcal),Korv,268.0,kcal
1527,Korv falukorv stekt fett 19% kött 58%,Disackarider,Korv,0.0,g
1527,Korv falukorv stekt fett 19% kött 58%,"Kalcium, Ca",Korv,74.0,mg
1527,Korv falukorv stekt fett 19% kött 58%,Fettsyra 4:0-10:0,Korv,0.0,g
1527,Korv falukorv stekt fett 19% kött 58%,DHA (C22:6),Korv,0.1,g
1527,Korv falukorv stekt fett 19% kött 58%,DPA (C22:5),Korv,0.0,g
1527,Korv falukorv stekt fett 19% kött 58%,EPA (C20:5),Korv,0.0,g
1527,Korv falukorv stekt fett 19% kött 58%,Arakidonsyra C20:4,Korv,0.1,g
1527,Korv falukorv stekt fett 19% kött 58%,Arakidinsyra C20:0,Korv,0.1,g
1527,Korv falukorv stekt fett 19% kött 58%,Linolensyra C18:3,Korv,0.2,g
1527,Korv falukorv stekt fett 19% kött 58%,Linolsyra C18:2,Korv,1.9,g
1527,Korv falukorv stekt fett 19% kött 58%,Oljesyra C18:1,Korv,8.1,g
1527,Korv falukorv stekt fett 19% kött 58%,Stearinsyra C18:0,Korv,2.5,g
1527,Korv falukorv stekt fett 19% kött 58%,Palmitoljesyra C16:1,Korv,0.7,g
1527,Korv falukorv stekt fett 19% kött 58%,Palmitinsyra C16:0,Korv,4.6,g
1527,Korv falukorv stekt fett 19% kött 58%,Myristinsyra C14:0,Korv,0.3,g
1527,Korv falukorv stekt fett 19% kött 58%,Laurinsyra C12:0,Korv,0.0,g
1527,Korv falukorv stekt fett 19% kött 58%,Betakaroten/β-Karoten,Korv,8.0,µg
1527,Korv falukorv stekt fett 19% kött 58%,Avfall (skal etc.),Korv,0.0,%
1527,Korv falukorv stekt fett 19% kött 58%,Aska,Korv,3.3,g
1527,Korv falukorv stekt fett 19% kött 58%,Alkohol,Korv,0.0,g
1528,Korv falukorv skivad kokt,"Zink, Zn",Korv,1.2,mg
1528,Korv falukorv skivad kokt,Vitamin E,Korv,1.2,mg
1528,Korv falukorv skivad kokt,Vitamin D,Korv,0.0,µg
1528,Korv falukorv skivad kokt,Vitamin C,Korv,17.4,mg
1528,Korv falukorv skivad kokt,Vitamin B6,Korv,0.08,mg
1528,Korv falukorv skivad kokt,Vitamin B12,Korv,0.39,µg
1528,Korv falukorv skivad kokt,Vitamin A,Korv,0.0,RE/µg
1528,Korv falukorv skivad kokt,Vatten,Korv,60.9,g
1528,Korv falukorv skivad kokt,Tiamin,Korv,0.17,mg
1528,Korv falukorv skivad kokt,Tillsatt socker,Korv,1.0,g
1528,Korv falukorv skivad kokt,Fritt socker,Korv,1.0,g
1528,Korv falukorv skivad kokt,"Selen, Se",Korv,8.5,µg
1528,Korv falukorv skivad kokt,Sackaros,Korv,0.0,g
1528,Korv falukorv skivad kokt,Riboflavin,Korv,1.02,mg
1528,Korv falukorv skivad kokt,Retinol,Korv,0.0,µg
1528,Korv falukorv skivad kokt,Protein,Korv,9.6,g
1528,Korv falukorv skivad kokt,Summa fleromättade fettsyror,Korv,1.9,g
1528,Korv falukorv skivad kokt,"Fosfor, P",Korv,106.0,mg
1528,Korv falukorv skivad kokt,Niacinekvivalenter,Korv,4.13,NE/mg
1528,Korv falukorv skivad kokt,Niacin,Korv,2.35,mg
1528,Korv falukorv skivad kokt,"Salt, NaCl",Korv,1.7,g
1528,Korv falukorv skivad kokt,"Natrium, Na",Korv,668.0,mg
1528,Korv falukorv skivad kokt,Monosackarider,Korv,0.6,g
1528,Korv falukorv skivad kokt,"Sockerarter, totalt",Korv,0.7,g
1528,Korv falukorv skivad kokt,Summa enkelomättade fettsyror,Korv,10.6,g
1528,Korv falukorv skivad kokt,"Magnesium, Mg",Korv,9.0,mg
1528,Korv falukorv skivad kokt,Summa mättade fettsyror,Korv,8.2,g
1528,Korv falukorv skivad kokt,"Kolhydrater, tillgängliga",Korv,5.4,g
1528,Korv falukorv skivad kokt,Kolesterol,Korv,50.5,mg
1528,Korv falukorv skivad kokt,"Kalium, K",Korv,104.0,mg
1528,Korv falukorv skivad kokt,"Jod, I",Korv,0.0,µg
1528,Korv falukorv skivad kokt,Fullkorn totalt,Korv,0.0,g
1528,Korv falukorv skivad kokt,"Folat, totalt",Korv,0.0,µg
1528,Korv falukorv skivad kokt,Fibrer,Korv,0.0,g
1528,Korv falukorv skivad kokt,"Fett, totalt",Korv,21.8,g
1528,Korv falukorv skivad kokt,"Järn, Fe",Korv,0.6,mg
1528,Korv falukorv skivad kokt,Energi (kJ),Korv,1063.0,kJ
1528,Korv falukorv skivad kokt,Energi (kcal),Korv,254.0,kcal
1528,Korv falukorv skivad kokt,Disackarider,Korv,0.1,g
1528,Korv falukorv skivad kokt,"Kalcium, Ca",Korv,8.0,mg
1528,Korv falukorv skivad kokt,Fettsyra 4:0-10:0,Korv,0.0,g
1528,Korv falukorv skivad kokt,DHA (C22:6),Korv,0.0,g
1528,Korv falukorv skivad kokt,DPA (C22:5),Korv,0.0,g
1528,Korv falukorv skivad kokt,EPA (C20:5),Korv,0.0,g
1528,Korv falukorv skivad kokt,Arakidonsyra C20:4,Korv,0.0,g
1528,Korv falukorv skivad kokt,Arakidinsyra C20:0,Korv,0.0,g
1528,Korv falukorv skivad kokt,Linolensyra C18:3,Korv,0.1,g
1528,Korv falukorv skivad kokt,Linolsyra C18:2,Korv,1.6,g
1528,Korv falukorv skivad kokt,Oljesyra C18:1,Korv,9.8,g
1528,Korv falukorv skivad kokt,Stearinsyra C18:0,Korv,2.7,g
1528,Korv falukorv skivad kokt,Palmitoljesyra C16:1,Korv,0.6,g
1528,Korv falukorv skivad kokt,Palmitinsyra C16:0,Korv,5.1,g
1528,Korv falukorv skivad kokt,Myristinsyra C14:0,Korv,0.3,g
1528,Korv falukorv skivad kokt,Laurinsyra C12:0,Korv,0.0,g
1528,Korv falukorv skivad kokt,Betakaroten/β-Karoten,Korv,0.0,µg
1528,Korv falukorv skivad kokt,Avfall (skal etc.),Korv,0.0,%
1528,Korv falukorv skivad kokt,Aska,Korv,2.3,g
1528,Korv falukorv skivad kokt,Alkohol,Korv,0.0,g
1530,Korv frukostkorv stekt,"Zink, Zn",Korv,1.8,mg
1530,Korv frukostkorv stekt,Vitamin E,Korv,0.3,mg
1530,Korv frukostkorv stekt,Vitamin D,Korv,0.19,µg
1530,Korv frukostkorv stekt,Vitamin C,Korv,0.0,mg
1530,Korv frukostkorv stekt,Vitamin B6,Korv,0.14,mg
1530,Korv frukostkorv stekt,Vitamin B12,Korv,1.16,µg
1530,Korv frukostkorv stekt,Vitamin A,Korv,11.3,RE/µg
1530,Korv frukostkorv stekt,Vatten,Korv,59.2,g
1530,Korv frukostkorv stekt,Tiamin,Korv,0.13,mg
1530,Korv frukostkorv stekt,Tillsatt socker,Korv,0.0,g
1530,Korv frukostkorv stekt,Fritt socker,Korv,0.0,g
1530,Korv frukostkorv stekt,"Selen, Se",Korv,2.1,µg
1530,Korv frukostkorv stekt,Sackaros,Korv,0.0,g
1530,Korv frukostkorv stekt,Riboflavin,Korv,0.09,mg
1530,Korv frukostkorv stekt,Retinol,Korv,10.6,µg
1530,Korv frukostkorv stekt,Protein,Korv,10.5,g
1530,Korv frukostkorv stekt,Summa fleromättade fettsyror,Korv,2.6,g
1530,Korv frukostkorv stekt,"Fosfor, P",Korv,92.0,mg
1530,Korv frukostkorv stekt,Niacinekvivalenter,Korv,4.04,NE/mg
1530,Korv frukostkorv stekt,Niacin,Korv,2.12,mg
1530,Korv frukostkorv stekt,"Salt, NaCl",Korv,2.1,g
1530,Korv frukostkorv stekt,"Natrium, Na",Korv,836.0,mg
1530,Korv frukostkorv stekt,Monosackarider,Korv,0.0,g
1530,Korv frukostkorv stekt,"Sockerarter, totalt",Korv,0.0,g
1530,Korv frukostkorv stekt,Summa enkelomättade fettsyror,Korv,11.5,g
1530,Korv frukostkorv stekt,"Magnesium, Mg",Korv,13.0,mg
1530,Korv frukostkorv stekt,Summa mättade fettsyror,Korv,9.1,g
1530,Korv frukostkorv stekt,"Kolhydrater, tillgängliga",Korv,3.4,g
1530,Korv frukostkorv stekt,Kolesterol,Korv,68.8,mg
1530,Korv frukostkorv stekt,"Kalium, K",Korv,131.0,mg
1530,Korv frukostkorv stekt,"Jod, I",Korv,0.0,µg
1530,Korv frukostkorv stekt,Fullkorn totalt,Korv,0.0,g
1530,Korv frukostkorv stekt,"Folat, totalt",Korv,3.0,µg
1530,Korv frukostkorv stekt,Fibrer,Korv,0.0,g
1530,Korv frukostkorv stekt,"Fett, totalt",Korv,24.3,g
1530,Korv frukostkorv stekt,"Järn, Fe",Korv,1.2,mg
1530,Korv frukostkorv stekt,Energi (kJ),Korv,1137.0,kJ
1530,Korv frukostkorv stekt,Energi (kcal),Korv,272.0,kcal
1530,Korv frukostkorv stekt,Disackarider,Korv,0.0,g
1530,Korv frukostkorv stekt,"Kalcium, Ca",Korv,13.0,mg
1530,Korv frukostkorv stekt,Fettsyra 4:0-10:0,Korv,0.0,g
1530,Korv frukostkorv stekt,DHA (C22:6),Korv,0.0,g
1530,Korv frukostkorv stekt,DPA (C22:5),Korv,0.0,g
1530,Korv frukostkorv stekt,EPA (C20:5),Korv,0.0,g
1530,Korv frukostkorv stekt,Arakidonsyra C20:4,Korv,0.1,g
1530,Korv frukostkorv stekt,Arakidinsyra C20:0,Korv,0.1,g
1530,Korv frukostkorv stekt,Linolensyra C18:3,Korv,0.1,g
1530,Korv frukostkorv stekt,Linolsyra C18:2,Korv,2.0,g
1530,Korv frukostkorv stekt,Oljesyra C18:1,Korv,10.2,g
1530,Korv frukostkorv stekt,Stearinsyra C18:0,Korv,2.9,g
1530,Korv frukostkorv stekt,Palmitoljesyra C16:1,Korv,0.9,g
1530,Korv frukostkorv stekt,Palmitinsyra C16:0,Korv,5.5,g
1530,Korv frukostkorv stekt,Myristinsyra C14:0,Korv,0.4,g
1530,Korv frukostkorv stekt,Laurinsyra C12:0,Korv,0.0,g
1530,Korv frukostkorv stekt,Betakaroten/β-Karoten,Korv,8.0,µg
1530,Korv frukostkorv stekt,Avfall (skal etc.),Korv,0.0,%
1530,Korv frukostkorv stekt,Aska,Korv,2.5,g
1530,Korv frukostkorv stekt,Alkohol,Korv,0.0,g
1531,Korv isterband fermenterad stekt kött 59%,"Zink, Zn",Korv,1.3,mg
1531,Korv isterband fermenterad stekt kött 59%,Vitamin E,Korv,0.3,mg
1531,Korv isterband fermenterad stekt kött 59%,Vitamin D,Korv,0.0,µg
1531,Korv isterband fermenterad stekt kött 59%,Vitamin C,Korv,0.0,mg
1531,Korv isterband fermenterad stekt kött 59%,Vitamin B6,Korv,0.17,mg
1531,Korv isterband fermenterad stekt kött 59%,Vitamin B12,Korv,0.35,µg
1531,Korv isterband fermenterad stekt kött 59%,Vitamin A,Korv,29.5,RE/µg
1531,Korv isterband fermenterad stekt kött 59%,Vatten,Korv,54.8,g
1531,Korv isterband fermenterad stekt kött 59%,Tiamin,Korv,0.16,mg
1531,Korv isterband fermenterad stekt kött 59%,Tillsatt socker,Korv,2.0,g
1531,Korv isterband fermenterad stekt kött 59%,Fritt socker,Korv,2.0,g
1531,Korv isterband fermenterad stekt kött 59%,"Selen, Se",Korv,2.1,µg
1531,Korv isterband fermenterad stekt kött 59%,Sackaros,Korv,1.6,g
1531,Korv isterband fermenterad stekt kött 59%,Riboflavin,Korv,0.06,mg
1531,Korv isterband fermenterad stekt kött 59%,Retinol,Korv,29.5,µg
1531,Korv isterband fermenterad stekt kött 59%,Protein,Korv,11.6,g
1531,Korv isterband fermenterad stekt kött 59%,Summa fleromättade fettsyror,Korv,2.1,g
1531,Korv isterband fermenterad stekt kött 59%,"Fosfor, P",Korv,82.0,mg
1531,Korv isterband fermenterad stekt kött 59%,Niacinekvivalenter,Korv,4.76,NE/mg
1531,Korv isterband fermenterad stekt kött 59%,Niacin,Korv,2.64,mg
1531,Korv isterband fermenterad stekt kött 59%,"Salt, NaCl",Korv,0.8,g
1531,Korv isterband fermenterad stekt kött 59%,"Natrium, Na",Korv,337.0,mg
1531,Korv isterband fermenterad stekt kött 59%,Monosackarider,Korv,0.0,g
1531,Korv isterband fermenterad stekt kött 59%,"Sockerarter, totalt",Korv,1.6,g
1531,Korv isterband fermenterad stekt kött 59%,Summa enkelomättade fettsyror,Korv,11.9,g
1531,Korv isterband fermenterad stekt kött 59%,"Magnesium, Mg",Korv,13.0,mg
1531,Korv isterband fermenterad stekt kött 59%,Summa mättade fettsyror,Korv,9.9,g
1531,Korv isterband fermenterad stekt kött 59%,"Kolhydrater, tillgängliga",Korv,4.8,g
1531,Korv isterband fermenterad stekt kött 59%,Kolesterol,Korv,68.5,mg
1531,Korv isterband fermenterad stekt kött 59%,"Kalium, K",Korv,188.0,mg
1531,Korv isterband fermenterad stekt kött 59%,"Jod, I",Korv,0.3,µg
1531,Korv isterband fermenterad stekt kött 59%,Fullkorn totalt,Korv,0.0,g
1531,Korv isterband fermenterad stekt kött 59%,"Folat, totalt",Korv,3.0,µg
1531,Korv isterband fermenterad stekt kött 59%,Fibrer,Korv,1.1,g
1531,Korv isterband fermenterad stekt kött 59%,"Fett, totalt",Korv,25.3,g
1531,Korv isterband fermenterad stekt kött 59%,"Järn, Fe",Korv,1.3,mg
1531,Korv isterband fermenterad stekt kött 59%,Energi (kJ),Korv,1224.0,kJ
1531,Korv isterband fermenterad stekt kött 59%,Energi (kcal),Korv,293.0,kcal
1531,Korv isterband fermenterad stekt kött 59%,Disackarider,Korv,1.6,g
1531,Korv isterband fermenterad stekt kött 59%,"Kalcium, Ca",Korv,12.0,mg
1531,Korv isterband fermenterad stekt kött 59%,Fettsyra 4:0-10:0,Korv,0.0,g
1531,Korv isterband fermenterad stekt kött 59%,DHA (C22:6),Korv,0.0,g
1531,Korv isterband fermenterad stekt kött 59%,DPA (C22:5),Korv,0.0,g
1531,Korv isterband fermenterad stekt kött 59%,EPA (C20:5),Korv,0.0,g
1531,Korv isterband fermenterad stekt kött 59%,Arakidonsyra C20:4,Korv,0.1,g
1531,Korv isterband fermenterad stekt kött 59%,Arakidinsyra C20:0,Korv,0.1,g
1531,Korv isterband fermenterad stekt kött 59%,Linolensyra C18:3,Korv,0.2,g
1531,Korv isterband fermenterad stekt kött 59%,Linolsyra C18:2,Korv,1.7,g
1531,Korv isterband fermenterad stekt kött 59%,Oljesyra C18:1,Korv,10.7,g
1531,Korv isterband fermenterad stekt kött 59%,Stearinsyra C18:0,Korv,3.5,g
1531,Korv isterband fermenterad stekt kött 59%,Palmitoljesyra C16:1,Korv,0.8,g
1531,Korv isterband fermenterad stekt kött 59%,Palmitinsyra C16:0,Korv,5.7,g
1531,Korv isterband fermenterad stekt kött 59%,Myristinsyra C14:0,Korv,0.4,g
1531,Korv isterband fermenterad stekt kött 59%,Laurinsyra C12:0,Korv,0.0,g
1531,Korv isterband fermenterad stekt kött 59%,Betakaroten/β-Karoten,Korv,0.0,µg
1531,Korv isterband fermenterad stekt kött 59%,Avfall (skal etc.),Korv,0.0,%
1531,Korv isterband fermenterad stekt kött 59%,Aska,Korv,2.4,g
1531,Korv isterband fermenterad stekt kött 59%,Alkohol,Korv,0.0,g
1534,Korv varmkorv kokt,"Zink, Zn",Korv,0.8,mg
1534,Korv varmkorv kokt,Vitamin E,Korv,0.6,mg
1534,Korv varmkorv kokt,Vitamin D,Korv,0.19,µg
1534,Korv varmkorv kokt,Vitamin C,Korv,0.0,mg
1534,Korv varmkorv kokt,Vitamin B6,Korv,0.07,mg
1534,Korv varmkorv kokt,Vitamin B12,Korv,0.45,µg
1534,Korv varmkorv kokt,Vitamin A,Korv,5.7,RE/µg
1534,Korv varmkorv kokt,Vatten,Korv,56.7,g
1534,Korv varmkorv kokt,Tiamin,Korv,0.2,mg
1534,Korv varmkorv kokt,Tillsatt socker,Korv,1.0,g
1534,Korv varmkorv kokt,Fritt socker,Korv,1.0,g
1534,Korv varmkorv kokt,"Selen, Se",Korv,6.5,µg
1534,Korv varmkorv kokt,Sackaros,Korv,0.0,g
1534,Korv varmkorv kokt,Riboflavin,Korv,0.08,mg
1534,Korv varmkorv kokt,Retinol,Korv,5.7,µg
1534,Korv varmkorv kokt,Protein,Korv,9.9,g
1534,Korv varmkorv kokt,Summa fleromättade fettsyror,Korv,2.3,g
1534,Korv varmkorv kokt,"Fosfor, P",Korv,83.0,mg
1534,Korv varmkorv kokt,Niacinekvivalenter,Korv,3.7,NE/mg
1534,Korv varmkorv kokt,Niacin,Korv,1.87,mg
1534,Korv varmkorv kokt,"Salt, NaCl",Korv,1.9,g
1534,Korv varmkorv kokt,"Natrium, Na",Korv,769.0,mg
1534,Korv varmkorv kokt,Monosackarider,Korv,1.4,g
1534,Korv varmkorv kokt,"Sockerarter, totalt",Korv,1.4,g
1534,Korv varmkorv kokt,Summa enkelomättade fettsyror,Korv,11.1,g
1534,Korv varmkorv kokt,"Magnesium, Mg",Korv,9.0,mg
1534,Korv varmkorv kokt,Summa mättade fettsyror,Korv,8.1,g
1534,Korv varmkorv kokt,"Kolhydrater, tillgängliga",Korv,7.8,g
1534,Korv varmkorv kokt,Kolesterol,Korv,43.1,mg
1534,Korv varmkorv kokt,"Kalium, K",Korv,141.0,mg
1534,Korv varmkorv kokt,"Jod, I",Korv,0.0,µg
1534,Korv varmkorv kokt,Fullkorn totalt,Korv,0.0,g
1534,Korv varmkorv kokt,"Folat, totalt",Korv,1.3,µg
1534,Korv varmkorv kokt,Fibrer,Korv,0.8,g
1534,Korv varmkorv kokt,"Fett, totalt",Korv,22.6,g
1534,Korv varmkorv kokt,"Järn, Fe",Korv,0.6,mg
1534,Korv varmkorv kokt,Energi (kJ),Korv,1143.0,kJ
1534,Korv varmkorv kokt,Energi (kcal),Korv,273.0,kcal
1534,Korv varmkorv kokt,Disackarider,Korv,0.0,g
1534,Korv varmkorv kokt,"Kalcium, Ca",Korv,10.0,mg
1534,Korv varmkorv kokt,Fettsyra 4:0-10:0,Korv,0.0,g
1534,Korv varmkorv kokt,DHA (C22:6),Korv,0.0,g
1534,Korv varmkorv kokt,DPA (C22:5),Korv,0.0,g
1534,Korv varmkorv kokt,EPA (C20:5),Korv,0.0,g
1534,Korv varmkorv kokt,Arakidonsyra C20:4,Korv,0.1,g
1534,Korv varmkorv kokt,Arakidinsyra C20:0,Korv,0.0,g
1534,Korv varmkorv kokt,Linolensyra C18:3,Korv,0.2,g
1534,Korv varmkorv kokt,Linolsyra C18:2,Korv,2.0,g
1534,Korv varmkorv kokt,Oljesyra C18:1,Korv,10.3,g
1534,Korv varmkorv kokt,Stearinsyra C18:0,Korv,2.6,g
1534,Korv varmkorv kokt,Palmitoljesyra C16:1,Korv,0.6,g
1534,Korv varmkorv kokt,Palmitinsyra C16:0,Korv,5.0,g
1534,Korv varmkorv kokt,Myristinsyra C14:0,Korv,0.3,g
1534,Korv varmkorv kokt,Laurinsyra C12:0,Korv,0.0,g
1534,Korv varmkorv kokt,Betakaroten/β-Karoten,Korv,0.0,µg
1534,Korv varmkorv kokt,Avfall (skal etc.),Korv,0.0,%
1534,Korv varmkorv kokt,Aska,Korv,2.2,g
1534,Korv varmkorv kokt,Alkohol,Korv,0.0,g
1535,Korv varmkorv stekt,"Zink, Zn",Korv,1.8,mg
1535,Korv varmkorv stekt,Vitamin E,Korv,0.3,mg
1535,Korv varmkorv stekt,Vitamin D,Korv,0.19,µg
1535,Korv varmkorv stekt,Vitamin C,Korv,0.0,mg
1535,Korv varmkorv stekt,Vitamin B6,Korv,0.14,mg
1535,Korv varmkorv stekt,Vitamin B12,Korv,1.16,µg
1535,Korv varmkorv stekt,Vitamin A,Korv,11.7,RE/µg
1535,Korv varmkorv stekt,Vatten,Korv,52.7,g
1535,Korv varmkorv stekt,Tiamin,Korv,0.15,mg
1535,Korv varmkorv stekt,Tillsatt socker,Korv,1.0,g
1535,Korv varmkorv stekt,Fritt socker,Korv,1.0,g
1535,Korv varmkorv stekt,"Selen, Se",Korv,2.1,µg
1535,Korv varmkorv stekt,Sackaros,Korv,0.0,g
1535,Korv varmkorv stekt,Riboflavin,Korv,0.22,mg
1535,Korv varmkorv stekt,Retinol,Korv,10.5,µg
1535,Korv varmkorv stekt,Protein,Korv,12.7,g
1535,Korv varmkorv stekt,Summa fleromättade fettsyror,Korv,2.3,g
1535,Korv varmkorv stekt,"Fosfor, P",Korv,132.0,mg
1535,Korv varmkorv stekt,Niacinekvivalenter,Korv,5.6,NE/mg
1535,Korv varmkorv stekt,Niacin,Korv,3.26,mg
1535,Korv varmkorv stekt,"Salt, NaCl",Korv,2.2,g
1535,Korv varmkorv stekt,"Natrium, Na",Korv,894.0,mg
1535,Korv varmkorv stekt,Monosackarider,Korv,1.5,g
1535,Korv varmkorv stekt,"Sockerarter, totalt",Korv,1.5,g
1535,Korv varmkorv stekt,Summa enkelomättade fettsyror,Korv,10.9,g
1535,Korv varmkorv stekt,"Magnesium, Mg",Korv,14.0,mg
1535,Korv varmkorv stekt,Summa mättade fettsyror,Korv,8.3,g
1535,Korv varmkorv stekt,"Kolhydrater, tillgängliga",Korv,8.9,g
1535,Korv varmkorv stekt,Kolesterol,Korv,68.4,mg
1535,Korv varmkorv stekt,"Kalium, K",Korv,226.0,mg
1535,Korv varmkorv stekt,"Jod, I",Korv,2.1,µg
1535,Korv varmkorv stekt,Fullkorn totalt,Korv,0.0,g
1535,Korv varmkorv stekt,"Folat, totalt",Korv,2.9,µg
1535,Korv varmkorv stekt,Fibrer,Korv,0.0,g
1535,Korv varmkorv stekt,"Fett, totalt",Korv,22.6,g
1535,Korv varmkorv stekt,"Järn, Fe",Korv,2.2,mg
1535,Korv varmkorv stekt,Energi (kJ),Korv,1206.0,kJ
1535,Korv varmkorv stekt,Energi (kcal),Korv,288.0,kcal
1535,Korv varmkorv stekt,Disackarider,Korv,0.0,g
1535,Korv varmkorv stekt,"Kalcium, Ca",Korv,80.0,mg
1535,Korv varmkorv stekt,Fettsyra 4:0-10:0,Korv,0.0,g
1535,Korv varmkorv stekt,DHA (C22:6),Korv,0.1,g
1535,Korv varmkorv stekt,DPA (C22:5),Korv,0.0,g
1535,Korv varmkorv stekt,EPA (C20:5),Korv,0.0,g
1535,Korv varmkorv stekt,Arakidonsyra C20:4,Korv,0.1,g
1535,Korv varmkorv stekt,Arakidinsyra C20:0,Korv,0.1,g
1535,Korv varmkorv stekt,Linolensyra C18:3,Korv,0.1,g
1535,Korv varmkorv stekt,Linolsyra C18:2,Korv,1.8,g
1535,Korv varmkorv stekt,Oljesyra C18:1,Korv,9.7,g
1535,Korv varmkorv stekt,Stearinsyra C18:0,Korv,2.6,g
1535,Korv varmkorv stekt,Palmitoljesyra C16:1,Korv,0.9,g
1535,Korv varmkorv stekt,Palmitinsyra C16:0,Korv,5.1,g
1535,Korv varmkorv stekt,Myristinsyra C14:0,Korv,0.4,g
1535,Korv varmkorv stekt,Laurinsyra C12:0,Korv,0.0,g
1535,Korv varmkorv stekt,Betakaroten/β-Karoten,Korv,14.0,µg
1535,Korv varmkorv stekt,Avfall (skal etc.),Korv,0.0,%
1535,Korv varmkorv stekt,Aska,Korv,3.1,g
1535,Korv varmkorv stekt,Alkohol,Korv,0.0,g
1536,Korv wienerkorv stekt,"Zink, Zn",Korv,1.9,mg
1536,Korv wienerkorv stekt,Vitamin E,Korv,0.3,mg
1536,Korv wienerkorv stekt,Vitamin D,Korv,0.19,µg
1536,Korv wienerkorv stekt,Vitamin C,Korv,0.0,mg
1536,Korv wienerkorv stekt,Vitamin B6,Korv,0.14,mg
1536,Korv wienerkorv stekt,Vitamin B12,Korv,1.16,µg
1536,Korv wienerkorv stekt,Vitamin A,Korv,11.3,RE/µg
1536,Korv wienerkorv stekt,Vatten,Korv,58.7,g
1536,Korv wienerkorv stekt,Tiamin,Korv,0.14,mg
1536,Korv wienerkorv stekt,Tillsatt socker,Korv,1.0,g
1536,Korv wienerkorv stekt,Fritt socker,Korv,1.0,g
1536,Korv wienerkorv stekt,"Selen, Se",Korv,2.1,µg
1536,Korv wienerkorv stekt,Sackaros,Korv,0.0,g
1536,Korv wienerkorv stekt,Riboflavin,Korv,0.09,mg
1536,Korv wienerkorv stekt,Retinol,Korv,10.6,µg
1536,Korv wienerkorv stekt,Protein,Korv,10.4,g
1536,Korv wienerkorv stekt,Summa fleromättade fettsyror,Korv,2.5,g
1536,Korv wienerkorv stekt,"Fosfor, P",Korv,88.0,mg
1536,Korv wienerkorv stekt,Niacinekvivalenter,Korv,4.34,NE/mg
1536,Korv wienerkorv stekt,Niacin,Korv,2.43,mg
1536,Korv wienerkorv stekt,"Salt, NaCl",Korv,2.1,g
1536,Korv wienerkorv stekt,"Natrium, Na",Korv,825.0,mg
1536,Korv wienerkorv stekt,Monosackarider,Korv,1.5,g
1536,Korv wienerkorv stekt,"Sockerarter, totalt",Korv,1.5,g
1536,Korv wienerkorv stekt,Summa enkelomättade fettsyror,Korv,11.7,g
1536,Korv wienerkorv stekt,"Magnesium, Mg",Korv,13.0,mg
1536,Korv wienerkorv stekt,Summa mättade fettsyror,Korv,8.9,g
1536,Korv wienerkorv stekt,"Kolhydrater, tillgängliga",Korv,4.1,g
1536,Korv wienerkorv stekt,Kolesterol,Korv,68.8,mg
1536,Korv wienerkorv stekt,"Kalium, K",Korv,126.0,mg
1536,Korv wienerkorv stekt,"Jod, I",Korv,0.0,µg
1536,Korv wienerkorv stekt,Fullkorn totalt,Korv,0.0,g
1536,Korv wienerkorv stekt,"Folat, totalt",Korv,3.0,µg
1536,Korv wienerkorv stekt,Fibrer,Korv,0.0,g
1536,Korv wienerkorv stekt,"Fett, totalt",Korv,24.3,g
1536,Korv wienerkorv stekt,"Järn, Fe",Korv,1.2,mg
1536,Korv wienerkorv stekt,Energi (kJ),Korv,1147.0,kJ
1536,Korv wienerkorv stekt,Energi (kcal),Korv,274.0,kcal
1536,Korv wienerkorv stekt,Disackarider,Korv,0.0,g
1536,Korv wienerkorv stekt,"Kalcium, Ca",Korv,11.0,mg
1536,Korv wienerkorv stekt,Fettsyra 4:0-10:0,Korv,0.0,g
1536,Korv wienerkorv stekt,DHA (C22:6),Korv,0.1,g
1536,Korv wienerkorv stekt,DPA (C22:5),Korv,0.0,g
1536,Korv wienerkorv stekt,EPA (C20:5),Korv,0.0,g
1536,Korv wienerkorv stekt,Arakidonsyra C20:4,Korv,0.1,g
1536,Korv wienerkorv stekt,Arakidinsyra C20:0,Korv,0.1,g
1536,Korv wienerkorv stekt,Linolensyra C18:3,Korv,0.2,g
1536,Korv wienerkorv stekt,Linolsyra C18:2,Korv,1.9,g
1536,Korv wienerkorv stekt,Oljesyra C18:1,Korv,10.5,g
1536,Korv wienerkorv stekt,Stearinsyra C18:0,Korv,2.8,g
1536,Korv wienerkorv stekt,Palmitoljesyra C16:1,Korv,0.9,g
1536,Korv wienerkorv stekt,Palmitinsyra C16:0,Korv,5.5,g
1536,Korv wienerkorv stekt,Myristinsyra C14:0,Korv,0.4,g
1536,Korv wienerkorv stekt,Laurinsyra C12:0,Korv,0.0,g
1536,Korv wienerkorv stekt,Betakaroten/β-Karoten,Korv,8.0,µg
1536,Korv wienerkorv stekt,Avfall (skal etc.),Korv,0.0,%
1536,Korv wienerkorv stekt,Aska,Korv,2.4,g
1536,Korv wienerkorv stekt,Alkohol,Korv,0.0,g
1537,Korv falukorv ugnsstekt,"Zink, Zn",Korvrätter,1.2,mg
1537,Korv falukorv ugnsstekt,Vitamin E,Korvrätter,1.0,mg
1537,Korv falukorv ugnsstekt,Vitamin D,Korvrätter,0.01,µg
1537,Korv falukorv ugnsstekt,Vitamin C,Korvrätter,14.5,mg
1537,Korv falukorv ugnsstekt,Vitamin B6,Korvrätter,0.1,mg
1537,Korv falukorv ugnsstekt,Vitamin B12,Korvrätter,0.42,µg
1537,Korv falukorv ugnsstekt,Vitamin A,Korvrätter,39.1,RE/µg
1537,Korv falukorv ugnsstekt,Vatten,Korvrätter,66.1,g
1537,Korv falukorv ugnsstekt,Tiamin,Korvrätter,0.16,mg
1537,Korv falukorv ugnsstekt,Tillsatt socker,Korvrätter,1.0,g
1537,Korv falukorv ugnsstekt,Fritt socker,Korvrätter,1.0,g
1537,Korv falukorv ugnsstekt,"Selen, Se",Korvrätter,6.4,µg
1537,Korv falukorv ugnsstekt,Sackaros,Korvrätter,0.8,g
1537,Korv falukorv ugnsstekt,Riboflavin,Korvrätter,0.82,mg
1537,Korv falukorv ugnsstekt,Retinol,Korvrätter,29.4,µg
1537,Korv falukorv ugnsstekt,Protein,Korvrätter,9.0,g
1537,Korv falukorv ugnsstekt,Summa fleromättade fettsyror,Korvrätter,1.3,g
1537,Korv falukorv ugnsstekt,"Fosfor, P",Korvrätter,125.0,mg
1537,Korv falukorv ugnsstekt,Niacinekvivalenter,Korvrätter,3.35,NE/mg
1537,Korv falukorv ugnsstekt,Niacin,Korvrätter,1.55,mg
1537,Korv falukorv ugnsstekt,"Salt, NaCl",Korvrätter,1.2,g
1537,Korv falukorv ugnsstekt,"Natrium, Na",Korvrätter,468.0,mg
1537,Korv falukorv ugnsstekt,Monosackarider,Korvrätter,1.6,g
1537,Korv falukorv ugnsstekt,"Sockerarter, totalt",Korvrätter,2.5,g
1537,Korv falukorv ugnsstekt,Summa enkelomättade fettsyror,Korvrätter,6.9,g
1537,Korv falukorv ugnsstekt,"Magnesium, Mg",Korvrätter,14.0,mg
1537,Korv falukorv ugnsstekt,Summa mättade fettsyror,Korvrätter,6.8,g
1537,Korv falukorv ugnsstekt,"Kolhydrater, tillgängliga",Korvrätter,6.3,g
1537,Korv falukorv ugnsstekt,Kolesterol,Korvrätter,36.8,mg
1537,Korv falukorv ugnsstekt,"Kalium, K",Korvrätter,179.0,mg
1537,Korv falukorv ugnsstekt,"Jod, I",Korvrätter,3.5,µg
1537,Korv falukorv ugnsstekt,Fullkorn totalt,Korvrätter,0.0,g
1537,Korv falukorv ugnsstekt,"Folat, totalt",Korvrätter,6.6,µg
1537,Korv falukorv ugnsstekt,Fibrer,Korvrätter,0.6,g
1537,Korv falukorv ugnsstekt,"Fett, totalt",Korvrätter,15.9,g
1537,Korv falukorv ugnsstekt,"Järn, Fe",Korvrätter,0.5,mg
1537,Korv falukorv ugnsstekt,Energi (kJ),Korvrätter,855.0,kJ
1537,Korv falukorv ugnsstekt,Energi (kcal),Korvrätter,205.0,kcal
1537,Korv falukorv ugnsstekt,Disackarider,Korvrätter,0.9,g
1537,Korv falukorv ugnsstekt,"Kalcium, Ca",Korvrätter,93.0,mg
1537,Korv falukorv ugnsstekt,Fettsyra 4:0-10:0,Korvrätter,0.3,g
1537,Korv falukorv ugnsstekt,DHA (C22:6),Korvrätter,0.0,g
1537,Korv falukorv ugnsstekt,DPA (C22:5),Korvrätter,0.0,g
1537,Korv falukorv ugnsstekt,EPA (C20:5),Korvrätter,0.0,g
1537,Korv falukorv ugnsstekt,Arakidonsyra C20:4,Korvrätter,0.0,g
1537,Korv falukorv ugnsstekt,Arakidinsyra C20:0,Korvrätter,0.0,g
1537,Korv falukorv ugnsstekt,Linolensyra C18:3,Korvrätter,0.1,g
1537,Korv falukorv ugnsstekt,Linolsyra C18:2,Korvrätter,1.0,g
1537,Korv falukorv ugnsstekt,Oljesyra C18:1,Korvrätter,6.3,g
1537,Korv falukorv ugnsstekt,Stearinsyra C18:0,Korvrätter,1.9,g
1537,Korv falukorv ugnsstekt,Palmitoljesyra C16:1,Korvrätter,0.4,g
1537,Korv falukorv ugnsstekt,Palmitinsyra C16:0,Korvrätter,3.9,g
1537,Korv falukorv ugnsstekt,Myristinsyra C14:0,Korvrätter,0.5,g
1537,Korv falukorv ugnsstekt,Laurinsyra C12:0,Korvrätter,0.1,g
1537,Korv falukorv ugnsstekt,Betakaroten/β-Karoten,Korvrätter,116.0,µg
1537,Korv falukorv ugnsstekt,Avfall (skal etc.),Korvrätter,1.0,%
1537,Korv falukorv ugnsstekt,Aska,Korvrätter,2.1,g
1537,Korv falukorv ugnsstekt,Alkohol,Korvrätter,0.0,g
1540,Korv wienerkorv kokt,"Zink, Zn",Korv,1.9,mg
1540,Korv wienerkorv kokt,Vitamin E,Korv,0.3,mg
1540,Korv wienerkorv kokt,Vitamin D,Korv,0.19,µg
1540,Korv wienerkorv kokt,Vitamin C,Korv,0.0,mg
1540,Korv wienerkorv kokt,Vitamin B6,Korv,0.11,mg
1540,Korv wienerkorv kokt,Vitamin B12,Korv,1.16,µg
1540,Korv wienerkorv kokt,Vitamin A,Korv,11.3,RE/µg
1540,Korv wienerkorv kokt,Vatten,Korv,58.7,g
1540,Korv wienerkorv kokt,Tiamin,Korv,0.1,mg
1540,Korv wienerkorv kokt,Tillsatt socker,Korv,1.0,g
1540,Korv wienerkorv kokt,Fritt socker,Korv,1.0,g
1540,Korv wienerkorv kokt,"Selen, Se",Korv,2.1,µg
1540,Korv wienerkorv kokt,Sackaros,Korv,0.0,g
1540,Korv wienerkorv kokt,Riboflavin,Korv,0.07,mg
1540,Korv wienerkorv kokt,Retinol,Korv,10.6,µg
1540,Korv wienerkorv kokt,Protein,Korv,10.4,g
1540,Korv wienerkorv kokt,Summa fleromättade fettsyror,Korv,2.5,g
1540,Korv wienerkorv kokt,"Fosfor, P",Korv,88.0,mg
1540,Korv wienerkorv kokt,Niacinekvivalenter,Korv,4.34,NE/mg
1540,Korv wienerkorv kokt,Niacin,Korv,2.43,mg
1540,Korv wienerkorv kokt,"Salt, NaCl",Korv,2.1,g
1540,Korv wienerkorv kokt,"Natrium, Na",Korv,825.0,mg
1540,Korv wienerkorv kokt,Monosackarider,Korv,1.5,g
1540,Korv wienerkorv kokt,"Sockerarter, totalt",Korv,1.5,g
1540,Korv wienerkorv kokt,Summa enkelomättade fettsyror,Korv,11.7,g
1540,Korv wienerkorv kokt,"Magnesium, Mg",Korv,13.0,mg
1540,Korv wienerkorv kokt,Summa mättade fettsyror,Korv,8.9,g
1540,Korv wienerkorv kokt,"Kolhydrater, tillgängliga",Korv,4.1,g
1540,Korv wienerkorv kokt,Kolesterol,Korv,68.8,mg
1540,Korv wienerkorv kokt,"Kalium, K",Korv,88.0,mg
1540,Korv wienerkorv kokt,"Jod, I",Korv,0.0,µg
1540,Korv wienerkorv kokt,Fullkorn totalt,Korv,0.0,g
1540,Korv wienerkorv kokt,"Folat, totalt",Korv,2.5,µg
1540,Korv wienerkorv kokt,Fibrer,Korv,0.0,g
1540,Korv wienerkorv kokt,"Fett, totalt",Korv,24.3,g
1540,Korv wienerkorv kokt,"Järn, Fe",Korv,1.2,mg
1540,Korv wienerkorv kokt,Energi (kJ),Korv,1147.0,kJ
1540,Korv wienerkorv kokt,Energi (kcal),Korv,274.0,kcal
1540,Korv wienerkorv kokt,Disackarider,Korv,0.0,g
1540,Korv wienerkorv kokt,"Kalcium, Ca",Korv,11.0,mg
1540,Korv wienerkorv kokt,Fettsyra 4:0-10:0,Korv,0.0,g
1540,Korv wienerkorv kokt,DHA (C22:6),Korv,0.1,g
1540,Korv wienerkorv kokt,DPA (C22:5),Korv,0.0,g
1540,Korv wienerkorv kokt,EPA (C20:5),Korv,0.0,g
1540,Korv wienerkorv kokt,Arakidonsyra C20:4,Korv,0.1,g
1540,Korv wienerkorv kokt,Arakidinsyra C20:0,Korv,0.1,g
1540,Korv wienerkorv kokt,Linolensyra C18:3,Korv,0.2,g
1540,Korv wienerkorv kokt,Linolsyra C18:2,Korv,1.9,g
1540,Korv wienerkorv kokt,Oljesyra C18:1,Korv,10.5,g
1540,Korv wienerkorv kokt,Stearinsyra C18:0,Korv,2.8,g
1540,Korv wienerkorv kokt,Palmitoljesyra C16:1,Korv,0.9,g
1540,Korv wienerkorv kokt,Palmitinsyra C16:0,Korv,5.5,g
1540,Korv wienerkorv kokt,Myristinsyra C14:0,Korv,0.4,g
1540,Korv wienerkorv kokt,Laurinsyra C12:0,Korv,0.0,g
1540,Korv wienerkorv kokt,Betakaroten/β-Karoten,Korv,8.0,µg
1540,Korv wienerkorv kokt,Avfall (skal etc.),Korv,0.0,%
1540,Korv wienerkorv kokt,Aska,Korv,2.4,g
1540,Korv wienerkorv kokt,Alkohol,Korv,0.0,g
1541,Pölsa stekt värmd,"Zink, Zn",Inälvor organ produkter o rätter,1.6,mg
1541,Pölsa stekt värmd,Vitamin E,Inälvor organ produkter o rätter,0.4,mg
1541,Pölsa stekt värmd,Vitamin D,Inälvor organ produkter o rätter,0.1,µg
1541,Pölsa stekt värmd,Vitamin C,Inälvor organ produkter o rätter,0.0,mg
1541,Pölsa stekt värmd,Vitamin B6,Inälvor organ produkter o rätter,0.05,mg
1541,Pölsa stekt värmd,Vitamin B12,Inälvor organ produkter o rätter,1.07,µg
1541,Pölsa stekt värmd,Vitamin A,Inälvor organ produkter o rätter,131.9,RE/µg
1541,Pölsa stekt värmd,Vatten,Inälvor organ produkter o rätter,56.2,g
1541,Pölsa stekt värmd,Tiamin,Inälvor organ produkter o rätter,0.03,mg
1541,Pölsa stekt värmd,Tillsatt socker,Inälvor organ produkter o rätter,0.0,g
1541,Pölsa stekt värmd,Fritt socker,Inälvor organ produkter o rätter,0.0,g
1541,Pölsa stekt värmd,"Selen, Se",Inälvor organ produkter o rätter,2.5,µg
1541,Pölsa stekt värmd,Sackaros,Inälvor organ produkter o rätter,0.0,g
1541,Pölsa stekt värmd,Riboflavin,Inälvor organ produkter o rätter,0.16,mg
1541,Pölsa stekt värmd,Retinol,Inälvor organ produkter o rätter,131.5,µg
1541,Pölsa stekt värmd,Protein,Inälvor organ produkter o rätter,17.5,g
1541,Pölsa stekt värmd,Summa fleromättade fettsyror,Inälvor organ produkter o rätter,0.8,g
1541,Pölsa stekt värmd,"Fosfor, P",Inälvor organ produkter o rätter,80.0,mg
1541,Pölsa stekt värmd,Niacinekvivalenter,Inälvor organ produkter o rätter,4.85,NE/mg
1541,Pölsa stekt värmd,Niacin,Inälvor organ produkter o rätter,1.63,mg
1541,Pölsa stekt värmd,"Salt, NaCl",Inälvor organ produkter o rätter,1.3,g
1541,Pölsa stekt värmd,"Natrium, Na",Inälvor organ produkter o rätter,501.0,mg
1541,Pölsa stekt värmd,Monosackarider,Inälvor organ produkter o rätter,0.0,g
1541,Pölsa stekt värmd,"Sockerarter, totalt",Inälvor organ produkter o rätter,0.0,g
1541,Pölsa stekt värmd,Summa enkelomättade fettsyror,Inälvor organ produkter o rätter,6.4,g
1541,Pölsa stekt värmd,"Magnesium, Mg",Inälvor organ produkter o rätter,15.0,mg
1541,Pölsa stekt värmd,Summa mättade fettsyror,Inälvor organ produkter o rätter,6.0,g
1541,Pölsa stekt värmd,"Kolhydrater, tillgängliga",Inälvor organ produkter o rätter,9.0,g
1541,Pölsa stekt värmd,Kolesterol,Inälvor organ produkter o rätter,81.4,mg
1541,Pölsa stekt värmd,"Kalium, K",Inälvor organ produkter o rätter,99.0,mg
1541,Pölsa stekt värmd,"Jod, I",Inälvor organ produkter o rätter,0.9,µg
1541,Pölsa stekt värmd,Fullkorn totalt,Inälvor organ produkter o rätter,0.0,g
1541,Pölsa stekt värmd,"Folat, totalt",Inälvor organ produkter o rätter,4.3,µg
1541,Pölsa stekt värmd,Fibrer,Inälvor organ produkter o rätter,1.3,g
1541,Pölsa stekt värmd,"Fett, totalt",Inälvor organ produkter o rätter,14.2,g
1541,Pölsa stekt värmd,"Järn, Fe",Inälvor organ produkter o rätter,2.8,mg
1541,Pölsa stekt värmd,Energi (kJ),Inälvor organ produkter o rätter,984.0,kJ
1541,Pölsa stekt värmd,Energi (kcal),Inälvor organ produkter o rätter,235.0,kcal
1541,Pölsa stekt värmd,Disackarider,Inälvor organ produkter o rätter,0.0,g
1541,Pölsa stekt värmd,"Kalcium, Ca",Inälvor organ produkter o rätter,16.0,mg
1541,Pölsa stekt värmd,Fettsyra 4:0-10:0,Inälvor organ produkter o rätter,0.0,g
1541,Pölsa stekt värmd,DHA (C22:6),Inälvor organ produkter o rätter,0.0,g
1541,Pölsa stekt värmd,DPA (C22:5),Inälvor organ produkter o rätter,0.0,g
1541,Pölsa stekt värmd,EPA (C20:5),Inälvor organ produkter o rätter,0.0,g
1541,Pölsa stekt värmd,Arakidonsyra C20:4,Inälvor organ produkter o rätter,0.1,g
1541,Pölsa stekt värmd,Arakidinsyra C20:0,Inälvor organ produkter o rätter,0.0,g
1541,Pölsa stekt värmd,Linolensyra C18:3,Inälvor organ produkter o rätter,0.1,g
1541,Pölsa stekt värmd,Linolsyra C18:2,Inälvor organ produkter o rätter,0.6,g
1541,Pölsa stekt värmd,Oljesyra C18:1,Inälvor organ produkter o rätter,5.6,g
1541,Pölsa stekt värmd,Stearinsyra C18:0,Inälvor organ produkter o rätter,2.0,g
1541,Pölsa stekt värmd,Palmitoljesyra C16:1,Inälvor organ produkter o rätter,0.6,g
1541,Pölsa stekt värmd,Palmitinsyra C16:0,Inälvor organ produkter o rätter,3.3,g
1541,Pölsa stekt värmd,Myristinsyra C14:0,Inälvor organ produkter o rätter,0.4,g
1541,Pölsa stekt värmd,Laurinsyra C12:0,Inälvor organ produkter o rätter,0.0,g
1541,Pölsa stekt värmd,Betakaroten/β-Karoten,Inälvor organ produkter o rätter,5.0,µg
1541,Pölsa stekt värmd,Avfall (skal etc.),Inälvor organ produkter o rätter,0.0,%
1541,Pölsa stekt värmd,Aska,Inälvor organ produkter o rätter,1.9,g
1541,Pölsa stekt värmd,Alkohol,Inälvor organ produkter o rätter,0.0,g
1543,Pölsa,"Zink, Zn",Inälvor organ produkter o rätter,1.2,mg
1543,Pölsa,Vitamin E,Inälvor organ produkter o rätter,0.3,mg
1543,Pölsa,Vitamin D,Inälvor organ produkter o rätter,0.1,µg
1543,Pölsa,Vitamin C,Inälvor organ produkter o rätter,0.0,mg
1543,Pölsa,Vitamin B6,Inälvor organ produkter o rätter,0.08,mg
1543,Pölsa,Vitamin B12,Inälvor organ produkter o rätter,1.14,µg
1543,Pölsa,Vitamin A,Inälvor organ produkter o rätter,105.3,RE/µg
1543,Pölsa,Vatten,Inälvor organ produkter o rätter,65.0,g
1543,Pölsa,Tiamin,Inälvor organ produkter o rätter,0.04,mg
1543,Pölsa,Tillsatt socker,Inälvor organ produkter o rätter,0.0,g
1543,Pölsa,Fritt socker,Inälvor organ produkter o rätter,0.0,g
1543,Pölsa,"Selen, Se",Inälvor organ produkter o rätter,2.0,µg
1543,Pölsa,Sackaros,Inälvor organ produkter o rätter,0.0,g
1543,Pölsa,Riboflavin,Inälvor organ produkter o rätter,0.16,mg
1543,Pölsa,Retinol,Inälvor organ produkter o rätter,105.0,µg
1543,Pölsa,Protein,Inälvor organ produkter o rätter,14.0,g
1543,Pölsa,Summa fleromättade fettsyror,Inälvor organ produkter o rätter,0.6,g
1543,Pölsa,"Fosfor, P",Inälvor organ produkter o rätter,64.0,mg
1543,Pölsa,Niacinekvivalenter,Inälvor organ produkter o rätter,3.87,NE/mg
1543,Pölsa,Niacin,Inälvor organ produkter o rätter,1.3,mg
1543,Pölsa,"Salt, NaCl",Inälvor organ produkter o rätter,1.0,g
1543,Pölsa,"Natrium, Na",Inälvor organ produkter o rätter,400.0,mg
1543,Pölsa,Monosackarider,Inälvor organ produkter o rätter,0.0,g
1543,Pölsa,"Sockerarter, totalt",Inälvor organ produkter o rätter,0.0,g
1543,Pölsa,Summa enkelomättade fettsyror,Inälvor organ produkter o rätter,5.2,g
1543,Pölsa,"Magnesium, Mg",Inälvor organ produkter o rätter,12.0,mg
1543,Pölsa,Summa mättade fettsyror,Inälvor organ produkter o rätter,4.8,g
1543,Pölsa,"Kolhydrater, tillgängliga",Inälvor organ produkter o rätter,7.2,g
1543,Pölsa,Kolesterol,Inälvor organ produkter o rätter,65.0,mg
1543,Pölsa,"Kalium, K",Inälvor organ produkter o rätter,113.0,mg
1543,Pölsa,"Jod, I",Inälvor organ produkter o rätter,0.7,µg
1543,Pölsa,Fullkorn totalt,Inälvor organ produkter o rätter,0.0,g
1543,Pölsa,"Folat, totalt",Inälvor organ produkter o rätter,4.0,µg
1543,Pölsa,Fibrer,Inälvor organ produkter o rätter,1.0,g
1543,Pölsa,"Fett, totalt",Inälvor organ produkter o rätter,11.3,g
1543,Pölsa,"Järn, Fe",Inälvor organ produkter o rätter,2.2,mg
1543,Pölsa,Energi (kJ),Inälvor organ produkter o rätter,786.0,kJ
1543,Pölsa,Energi (kcal),Inälvor organ produkter o rätter,188.0,kcal
1543,Pölsa,Disackarider,Inälvor organ produkter o rätter,0.0,g
1543,Pölsa,"Kalcium, Ca",Inälvor organ produkter o rätter,13.0,mg
1543,Pölsa,Fettsyra 4:0-10:0,Inälvor organ produkter o rätter,0.0,g
1543,Pölsa,DHA (C22:6),Inälvor organ produkter o rätter,0.0,g
1543,Pölsa,DPA (C22:5),Inälvor organ produkter o rätter,0.0,g
1543,Pölsa,EPA (C20:5),Inälvor organ produkter o rätter,0.0,g
1543,Pölsa,Arakidonsyra C20:4,Inälvor organ produkter o rätter,0.1,g
1543,Pölsa,Arakidinsyra C20:0,Inälvor organ produkter o rätter,0.0,g
1543,Pölsa,Linolensyra C18:3,Inälvor organ produkter o rätter,0.1,g
1543,Pölsa,Linolsyra C18:2,Inälvor organ produkter o rätter,0.5,g
1543,Pölsa,Oljesyra C18:1,Inälvor organ produkter o rätter,4.5,g
1543,Pölsa,Stearinsyra C18:0,Inälvor organ produkter o rätter,1.6,g
1543,Pölsa,Palmitoljesyra C16:1,Inälvor organ produkter o rätter,0.5,g
1543,Pölsa,Palmitinsyra C16:0,Inälvor organ produkter o rätter,2.7,g
1543,Pölsa,Myristinsyra C14:0,Inälvor organ produkter o rätter,0.3,g
1543,Pölsa,Laurinsyra C12:0,Inälvor organ produkter o rätter,0.0,g
1543,Pölsa,Betakaroten/β-Karoten,Inälvor organ produkter o rätter,4.0,µg
1543,Pölsa,Avfall (skal etc.),Inälvor organ produkter o rätter,0.0,%
1543,Pölsa,Aska,Inälvor organ produkter o rätter,1.5,g
1543,Pölsa,Alkohol,Inälvor organ produkter o rätter,0.0,g
1544,Korv stroganoff hemlagad i gjutjärnsstekpanna,"Zink, Zn",Korvrätter,0.9,mg
1544,Korv stroganoff hemlagad i gjutjärnsstekpanna,Vitamin E,Korvrätter,0.6,mg
1544,Korv stroganoff hemlagad i gjutjärnsstekpanna,Vitamin D,Korvrätter,0.3,µg
1544,Korv stroganoff hemlagad i gjutjärnsstekpanna,Vitamin C,Korvrätter,1.7,mg
1544,Korv stroganoff hemlagad i gjutjärnsstekpanna,Vitamin B6,Korvrätter,0.16,mg
1544,Korv stroganoff hemlagad i gjutjärnsstekpanna,Vitamin B12,Korvrätter,0.1,µg
1544,Korv stroganoff hemlagad i gjutjärnsstekpanna,Vitamin A,Korvrätter,60.2,RE/µg
1544,Korv stroganoff hemlagad i gjutjärnsstekpanna,Vatten,Korvrätter,62.0,g
1544,Korv stroganoff hemlagad i gjutjärnsstekpanna,Tiamin,Korvrätter,0.17,mg
1544,Korv stroganoff hemlagad i gjutjärnsstekpanna,Tillsatt socker,Korvrätter,2.0,g
1544,Korv stroganoff hemlagad i gjutjärnsstekpanna,Fritt socker,Korvrätter,2.0,g
1544,Korv stroganoff hemlagad i gjutjärnsstekpanna,"Selen, Se",Korvrätter,1.0,µg
1544,Korv stroganoff hemlagad i gjutjärnsstekpanna,Sackaros,Korvrätter,0.3,g
1544,Korv stroganoff hemlagad i gjutjärnsstekpanna,Riboflavin,Korvrätter,0.12,mg
1544,Korv stroganoff hemlagad i gjutjärnsstekpanna,Retinol,Korvrätter,53.0,µg
1544,Korv stroganoff hemlagad i gjutjärnsstekpanna,Protein,Korvrätter,7.2,g
1544,Korv stroganoff hemlagad i gjutjärnsstekpanna,Summa fleromättade fettsyror,Korvrätter,2.2,g
1544,Korv stroganoff hemlagad i gjutjärnsstekpanna,"Fosfor, P",Korvrätter,84.0,mg
1544,Korv stroganoff hemlagad i gjutjärnsstekpanna,Niacinekvivalenter,Korvrätter,2.92,NE/mg
1544,Korv stroganoff hemlagad i gjutjärnsstekpanna,Niacin,Korvrätter,1.6,mg
1544,Korv stroganoff hemlagad i gjutjärnsstekpanna,"Salt, NaCl",Korvrätter,1.4,g
1544,Korv stroganoff hemlagad i gjutjärnsstekpanna,"Natrium, Na",Korvrätter,550.0,mg
1544,Korv stroganoff hemlagad i gjutjärnsstekpanna,Monosackarider,Korvrätter,0.8,g
1544,Korv stroganoff hemlagad i gjutjärnsstekpanna,"Sockerarter, totalt",Korvrätter,2.4,g
1544,Korv stroganoff hemlagad i gjutjärnsstekpanna,Summa enkelomättade fettsyror,Korvrätter,9.0,g
1544,Korv stroganoff hemlagad i gjutjärnsstekpanna,"Magnesium, Mg",Korvrätter,14.0,mg
1544,Korv stroganoff hemlagad i gjutjärnsstekpanna,Summa mättade fettsyror,Korvrätter,8.4,g
1544,Korv stroganoff hemlagad i gjutjärnsstekpanna,"Kolhydrater, tillgängliga",Korvrätter,7.5,g
1544,Korv stroganoff hemlagad i gjutjärnsstekpanna,Kolesterol,Korvrätter,9.0,mg
1544,Korv stroganoff hemlagad i gjutjärnsstekpanna,"Kalium, K",Korvrätter,265.0,mg
1544,Korv stroganoff hemlagad i gjutjärnsstekpanna,"Jod, I",Korvrätter,35.2,µg
1544,Korv stroganoff hemlagad i gjutjärnsstekpanna,Fullkorn totalt,Korvrätter,0.0,g
1544,Korv stroganoff hemlagad i gjutjärnsstekpanna,"Folat, totalt",Korvrätter,8.0,µg
1544,Korv stroganoff hemlagad i gjutjärnsstekpanna,Fibrer,Korvrätter,0.6,g
1544,Korv stroganoff hemlagad i gjutjärnsstekpanna,"Fett, totalt",Korvrätter,20.5,g
1544,Korv stroganoff hemlagad i gjutjärnsstekpanna,"Järn, Fe",Korvrätter,2.1,mg
1544,Korv stroganoff hemlagad i gjutjärnsstekpanna,Energi (kJ),Korvrätter,1013.0,kJ
1544,Korv stroganoff hemlagad i gjutjärnsstekpanna,Energi (kcal),Korvrätter,242.0,kcal
1544,Korv stroganoff hemlagad i gjutjärnsstekpanna,Disackarider,Korvrätter,1.6,g
1544,Korv stroganoff hemlagad i gjutjärnsstekpanna,"Kalcium, Ca",Korvrätter,40.0,mg
1544,Korv stroganoff hemlagad i gjutjärnsstekpanna,Fettsyra 4:0-10:0,Korvrätter,0.3,g
1544,Korv stroganoff hemlagad i gjutjärnsstekpanna,DHA (C22:6),Korvrätter,0.0,g
1544,Korv stroganoff hemlagad i gjutjärnsstekpanna,DPA (C22:5),Korvrätter,0.0,g
1544,Korv stroganoff hemlagad i gjutjärnsstekpanna,EPA (C20:5),Korvrätter,0.0,g
1544,Korv stroganoff hemlagad i gjutjärnsstekpanna,Arakidonsyra C20:4,Korvrätter,0.0,g
1544,Korv stroganoff hemlagad i gjutjärnsstekpanna,Arakidinsyra C20:0,Korvrätter,0.1,g
1544,Korv stroganoff hemlagad i gjutjärnsstekpanna,Linolensyra C18:3,Korvrätter,0.2,g
1544,Korv stroganoff hemlagad i gjutjärnsstekpanna,Linolsyra C18:2,Korvrätter,1.6,g
1544,Korv stroganoff hemlagad i gjutjärnsstekpanna,Oljesyra C18:1,Korvrätter,8.0,g
1544,Korv stroganoff hemlagad i gjutjärnsstekpanna,Stearinsyra C18:0,Korvrätter,2.4,g
1544,Korv stroganoff hemlagad i gjutjärnsstekpanna,Palmitoljesyra C16:1,Korvrätter,0.7,g
1544,Korv stroganoff hemlagad i gjutjärnsstekpanna,Palmitinsyra C16:0,Korvrätter,4.5,g
1544,Korv stroganoff hemlagad i gjutjärnsstekpanna,Myristinsyra C14:0,Korvrätter,0.6,g
1544,Korv stroganoff hemlagad i gjutjärnsstekpanna,Laurinsyra C12:0,Korvrätter,0.2,g
1544,Korv stroganoff hemlagad i gjutjärnsstekpanna,Betakaroten/β-Karoten,Korvrätter,87.0,µg
1544,Korv stroganoff hemlagad i gjutjärnsstekpanna,Avfall (skal etc.),Korvrätter,0.0,%
1544,Korv stroganoff hemlagad i gjutjärnsstekpanna,Aska,Korvrätter,2.2,g
1544,Korv stroganoff hemlagad i gjutjärnsstekpanna,Alkohol,Korvrätter,0.0,g
1548,Gryta korvgryta m. chorizo rotfrukter,"Zink, Zn",Korvrätter,0.8,mg
1548,Gryta korvgryta m. chorizo rotfrukter,Vitamin E,Korvrätter,0.5,mg
1548,Gryta korvgryta m. chorizo rotfrukter,Vitamin D,Korvrätter,0.19,µg
1548,Gryta korvgryta m. chorizo rotfrukter,Vitamin C,Korvrätter,2.7,mg
1548,Gryta korvgryta m. chorizo rotfrukter,Vitamin B6,Korvrätter,0.09,mg
1548,Gryta korvgryta m. chorizo rotfrukter,Vitamin B12,Korvrätter,0.23,µg
1548,Gryta korvgryta m. chorizo rotfrukter,Vitamin A,Korvrätter,106.9,RE/µg
1548,Gryta korvgryta m. chorizo rotfrukter,Vatten,Korvrätter,77.9,g
1548,Gryta korvgryta m. chorizo rotfrukter,Tiamin,Korvrätter,0.06,mg
1548,Gryta korvgryta m. chorizo rotfrukter,Tillsatt socker,Korvrätter,1.0,g
1548,Gryta korvgryta m. chorizo rotfrukter,Fritt socker,Korvrätter,1.0,g
1548,Gryta korvgryta m. chorizo rotfrukter,"Selen, Se",Korvrätter,2.2,µg
1548,Gryta korvgryta m. chorizo rotfrukter,Sackaros,Korvrätter,1.5,g
1548,Gryta korvgryta m. chorizo rotfrukter,Riboflavin,Korvrätter,0.04,mg
1548,Gryta korvgryta m. chorizo rotfrukter,Retinol,Korvrätter,1.4,µg
1548,Gryta korvgryta m. chorizo rotfrukter,Protein,Korvrätter,5.2,g
1548,Gryta korvgryta m. chorizo rotfrukter,Summa fleromättade fettsyror,Korvrätter,1.0,g
1548,Gryta korvgryta m. chorizo rotfrukter,"Fosfor, P",Korvrätter,102.0,mg
1548,Gryta korvgryta m. chorizo rotfrukter,Niacinekvivalenter,Korvrätter,2.4,NE/mg
1548,Gryta korvgryta m. chorizo rotfrukter,Niacin,Korvrätter,1.47,mg
1548,Gryta korvgryta m. chorizo rotfrukter,"Salt, NaCl",Korvrätter,1.3,g
1548,Gryta korvgryta m. chorizo rotfrukter,"Natrium, Na",Korvrätter,513.0,mg
1548,Gryta korvgryta m. chorizo rotfrukter,Monosackarider,Korvrätter,1.1,g
1548,Gryta korvgryta m. chorizo rotfrukter,"Sockerarter, totalt",Korvrätter,2.6,g
1548,Gryta korvgryta m. chorizo rotfrukter,Summa enkelomättade fettsyror,Korvrätter,4.2,g
1548,Gryta korvgryta m. chorizo rotfrukter,"Magnesium, Mg",Korvrätter,11.0,mg
1548,Gryta korvgryta m. chorizo rotfrukter,Summa mättade fettsyror,Korvrätter,2.9,g
1548,Gryta korvgryta m. chorizo rotfrukter,"Kolhydrater, tillgängliga",Korvrätter,5.2,g
1548,Gryta korvgryta m. chorizo rotfrukter,Kolesterol,Korvrätter,19.3,mg
1548,Gryta korvgryta m. chorizo rotfrukter,"Kalium, K",Korvrätter,139.0,mg
1548,Gryta korvgryta m. chorizo rotfrukter,"Jod, I",Korvrätter,3.3,µg
1548,Gryta korvgryta m. chorizo rotfrukter,Fullkorn totalt,Korvrätter,0.0,g
1548,Gryta korvgryta m. chorizo rotfrukter,"Folat, totalt",Korvrätter,14.6,µg
1548,Gryta korvgryta m. chorizo rotfrukter,Fibrer,Korvrätter,1.2,g
1548,Gryta korvgryta m. chorizo rotfrukter,"Fett, totalt",Korvrätter,8.7,g
1548,Gryta korvgryta m. chorizo rotfrukter,"Järn, Fe",Korvrätter,0.6,mg
1548,Gryta korvgryta m. chorizo rotfrukter,Energi (kJ),Korvrätter,508.0,kJ
1548,Gryta korvgryta m. chorizo rotfrukter,Energi (kcal),Korvrätter,121.0,kcal
1548,Gryta korvgryta m. chorizo rotfrukter,Disackarider,Korvrätter,1.6,g
1548,Gryta korvgryta m. chorizo rotfrukter,"Kalcium, Ca",Korvrätter,20.0,mg
1548,Gryta korvgryta m. chorizo rotfrukter,Fettsyra 4:0-10:0,Korvrätter,0.0,g
1548,Gryta korvgryta m. chorizo rotfrukter,DHA (C22:6),Korvrätter,0.0,g
1548,Gryta korvgryta m. chorizo rotfrukter,DPA (C22:5),Korvrätter,0.0,g
1548,Gryta korvgryta m. chorizo rotfrukter,EPA (C20:5),Korvrätter,0.0,g
1548,Gryta korvgryta m. chorizo rotfrukter,Arakidonsyra C20:4,Korvrätter,0.0,g
1548,Gryta korvgryta m. chorizo rotfrukter,Arakidinsyra C20:0,Korvrätter,0.0,g
1548,Gryta korvgryta m. chorizo rotfrukter,Linolensyra C18:3,Korvrätter,0.1,g
1548,Gryta korvgryta m. chorizo rotfrukter,Linolsyra C18:2,Korvrätter,0.8,g
1548,Gryta korvgryta m. chorizo rotfrukter,Oljesyra C18:1,Korvrätter,3.8,g
1548,Gryta korvgryta m. chorizo rotfrukter,Stearinsyra C18:0,Korvrätter,0.9,g
1548,Gryta korvgryta m. chorizo rotfrukter,Palmitoljesyra C16:1,Korvrätter,0.2,g
1548,Gryta korvgryta m. chorizo rotfrukter,Palmitinsyra C16:0,Korvrätter,1.8,g
1548,Gryta korvgryta m. chorizo rotfrukter,Myristinsyra C14:0,Korvrätter,0.1,g
1548,Gryta korvgryta m. chorizo rotfrukter,Laurinsyra C12:0,Korvrätter,0.0,g
1548,Gryta korvgryta m. chorizo rotfrukter,Betakaroten/β-Karoten,Korvrätter,1045.0,µg
1548,Gryta korvgryta m. chorizo rotfrukter,Avfall (skal etc.),Korvrätter,6.0,%
1548,Gryta korvgryta m. chorizo rotfrukter,Aska,Korvrätter,1.8,g
1548,Gryta korvgryta m. chorizo rotfrukter,Alkohol,Korvrätter,0.0,g
1551,Tunnbrödrulle m. korv potatismos räk- gurksallad,"Zink, Zn",Korvrätter,0.6,mg
1551,Tunnbrödrulle m. korv potatismos räk- gurksallad,Vitamin E,Korvrätter,0.7,mg
1551,Tunnbrödrulle m. korv potatismos räk- gurksallad,Vitamin D,Korvrätter,0.06,µg
1551,Tunnbrödrulle m. korv potatismos räk- gurksallad,Vitamin C,Korvrätter,6.7,mg
1551,Tunnbrödrulle m. korv potatismos räk- gurksallad,Vitamin B6,Korvrätter,0.13,mg
1551,Tunnbrödrulle m. korv potatismos räk- gurksallad,Vitamin B12,Korvrätter,0.22,µg
1551,Tunnbrödrulle m. korv potatismos räk- gurksallad,Vitamin A,Korvrätter,29.3,RE/µg
1551,Tunnbrödrulle m. korv potatismos räk- gurksallad,Vatten,Korvrätter,64.7,g
1551,Tunnbrödrulle m. korv potatismos räk- gurksallad,Tiamin,Korvrätter,0.13,mg
1551,Tunnbrödrulle m. korv potatismos räk- gurksallad,Tillsatt socker,Korvrätter,2.0,g
1551,Tunnbrödrulle m. korv potatismos räk- gurksallad,Fritt socker,Korvrätter,2.0,g
1551,Tunnbrödrulle m. korv potatismos räk- gurksallad,"Selen, Se",Korvrätter,1.9,µg
1551,Tunnbrödrulle m. korv potatismos räk- gurksallad,Sackaros,Korvrätter,1.2,g
1551,Tunnbrödrulle m. korv potatismos räk- gurksallad,Riboflavin,Korvrätter,0.1,mg
1551,Tunnbrödrulle m. korv potatismos räk- gurksallad,Retinol,Korvrätter,13.9,µg
1551,Tunnbrödrulle m. korv potatismos räk- gurksallad,Protein,Korvrätter,4.5,g
1551,Tunnbrödrulle m. korv potatismos räk- gurksallad,Summa fleromättade fettsyror,Korvrätter,3.1,g
1551,Tunnbrödrulle m. korv potatismos räk- gurksallad,"Fosfor, P",Korvrätter,71.0,mg
1551,Tunnbrödrulle m. korv potatismos räk- gurksallad,Niacinekvivalenter,Korvrätter,2.31,NE/mg
1551,Tunnbrödrulle m. korv potatismos räk- gurksallad,Niacin,Korvrätter,1.47,mg
1551,Tunnbrödrulle m. korv potatismos räk- gurksallad,"Salt, NaCl",Korvrätter,0.9,g
1551,Tunnbrödrulle m. korv potatismos räk- gurksallad,"Natrium, Na",Korvrätter,372.0,mg
1551,Tunnbrödrulle m. korv potatismos räk- gurksallad,Monosackarider,Korvrätter,1.8,g
1551,Tunnbrödrulle m. korv potatismos räk- gurksallad,"Sockerarter, totalt",Korvrätter,3.6,g
1551,Tunnbrödrulle m. korv potatismos räk- gurksallad,Summa enkelomättade fettsyror,Korvrätter,4.9,g
1551,Tunnbrödrulle m. korv potatismos räk- gurksallad,"Magnesium, Mg",Korvrätter,18.0,mg
1551,Tunnbrödrulle m. korv potatismos räk- gurksallad,Summa mättade fettsyror,Korvrätter,2.5,g
1551,Tunnbrödrulle m. korv potatismos räk- gurksallad,"Kolhydrater, tillgängliga",Korvrätter,16.3,g
1551,Tunnbrödrulle m. korv potatismos räk- gurksallad,Kolesterol,Korvrätter,19.7,mg
1551,Tunnbrödrulle m. korv potatismos räk- gurksallad,"Kalium, K",Korvrätter,211.0,mg
1551,Tunnbrödrulle m. korv potatismos räk- gurksallad,"Jod, I",Korvrätter,3.3,µg
1551,Tunnbrödrulle m. korv potatismos räk- gurksallad,Fullkorn totalt,Korvrätter,0.0,g
1551,Tunnbrödrulle m. korv potatismos räk- gurksallad,"Folat, totalt",Korvrätter,17.3,µg
1551,Tunnbrödrulle m. korv potatismos räk- gurksallad,Fibrer,Korvrätter,1.6,g
1551,Tunnbrödrulle m. korv potatismos räk- gurksallad,"Fett, totalt",Korvrätter,11.2,g
1551,Tunnbrödrulle m. korv potatismos räk- gurksallad,"Järn, Fe",Korvrätter,0.6,mg
1551,Tunnbrödrulle m. korv potatismos räk- gurksallad,Energi (kJ),Korvrätter,780.0,kJ
1551,Tunnbrödrulle m. korv potatismos räk- gurksallad,Energi (kcal),Korvrätter,186.0,kcal
1551,Tunnbrödrulle m. korv potatismos räk- gurksallad,Disackarider,Korvrätter,1.8,g
1551,Tunnbrödrulle m. korv potatismos räk- gurksallad,"Kalcium, Ca",Korvrätter,30.0,mg
1551,Tunnbrödrulle m. korv potatismos räk- gurksallad,Fettsyra 4:0-10:0,Korvrätter,0.0,g
1551,Tunnbrödrulle m. korv potatismos räk- gurksallad,DHA (C22:6),Korvrätter,0.0,g
1551,Tunnbrödrulle m. korv potatismos räk- gurksallad,DPA (C22:5),Korvrätter,0.0,g
1551,Tunnbrödrulle m. korv potatismos räk- gurksallad,EPA (C20:5),Korvrätter,0.0,g
1551,Tunnbrödrulle m. korv potatismos räk- gurksallad,Arakidonsyra C20:4,Korvrätter,0.0,g
1551,Tunnbrödrulle m. korv potatismos räk- gurksallad,Arakidinsyra C20:0,Korvrätter,0.0,g
1551,Tunnbrödrulle m. korv potatismos räk- gurksallad,Linolensyra C18:3,Korvrätter,0.5,g
1551,Tunnbrödrulle m. korv potatismos räk- gurksallad,Linolsyra C18:2,Korvrätter,2.5,g
1551,Tunnbrödrulle m. korv potatismos räk- gurksallad,Oljesyra C18:1,Korvrätter,4.5,g
1551,Tunnbrödrulle m. korv potatismos räk- gurksallad,Stearinsyra C18:0,Korvrätter,0.7,g
1551,Tunnbrödrulle m. korv potatismos räk- gurksallad,Palmitoljesyra C16:1,Korvrätter,0.1,g
1551,Tunnbrödrulle m. korv potatismos räk- gurksallad,Palmitinsyra C16:0,Korvrätter,1.5,g
1551,Tunnbrödrulle m. korv potatismos räk- gurksallad,Myristinsyra C14:0,Korvrätter,0.1,g
1551,Tunnbrödrulle m. korv potatismos räk- gurksallad,Laurinsyra C12:0,Korvrätter,0.0,g
1551,Tunnbrödrulle m. korv potatismos räk- gurksallad,Betakaroten/β-Karoten,Korvrätter,185.0,µg
1551,Tunnbrödrulle m. korv potatismos räk- gurksallad,Avfall (skal etc.),Korvrätter,2.0,%
1551,Tunnbrödrulle m. korv potatismos räk- gurksallad,Aska,Korvrätter,1.6,g
1551,Tunnbrödrulle m. korv potatismos räk- gurksallad,Alkohol,Korvrätter,0.0,g
1553,Kalvsylta,"Zink, Zn",Sylta,1.7,mg
1553,Kalvsylta,Vitamin E,Sylta,0.1,mg
1553,Kalvsylta,Vitamin D,Sylta,0.2,µg
1553,Kalvsylta,Vitamin C,Sylta,0.0,mg
1553,Kalvsylta,Vitamin B6,Sylta,0.07,mg
1553,Kalvsylta,Vitamin B12,Sylta,1.0,µg
1553,Kalvsylta,Vitamin A,Sylta,3.6,RE/µg
1553,Kalvsylta,Vatten,Sylta,80.0,g
1553,Kalvsylta,Tiamin,Sylta,0.08,mg
1553,Kalvsylta,Tillsatt socker,Sylta,0.0,g
1553,Kalvsylta,Fritt socker,Sylta,0.0,g
1553,Kalvsylta,"Selen, Se",Sylta,2.0,µg
1553,Kalvsylta,Sackaros,Sylta,0.0,g
1553,Kalvsylta,Riboflavin,Sylta,0.19,mg
1553,Kalvsylta,Retinol,Sylta,3.0,µg
1553,Kalvsylta,Protein,Sylta,12.0,g
1553,Kalvsylta,Summa fleromättade fettsyror,Sylta,0.6,g
1553,Kalvsylta,"Fosfor, P",Sylta,90.0,mg
1553,Kalvsylta,Niacinekvivalenter,Sylta,4.1,NE/mg
1553,Kalvsylta,Niacin,Sylta,1.9,mg
1553,Kalvsylta,"Salt, NaCl",Sylta,1.5,g
1553,Kalvsylta,"Natrium, Na",Sylta,595.0,mg
1553,Kalvsylta,Monosackarider,Sylta,0.0,g
1553,Kalvsylta,"Sockerarter, totalt",Sylta,0.0,g
1553,Kalvsylta,Summa enkelomättade fettsyror,Sylta,2.5,g
1553,Kalvsylta,"Magnesium, Mg",Sylta,10.0,mg
1553,Kalvsylta,Summa mättade fettsyror,Sylta,2.3,g
1553,Kalvsylta,"Kolhydrater, tillgängliga",Sylta,0.1,g
1553,Kalvsylta,Kolesterol,Sylta,65.0,mg
1553,Kalvsylta,"Kalium, K",Sylta,120.0,mg
1553,Kalvsylta,"Jod, I",Sylta,2.6,µg
1553,Kalvsylta,Fullkorn totalt,Sylta,0.0,g
1553,Kalvsylta,"Folat, totalt",Sylta,3.0,µg
1553,Kalvsylta,Fibrer,Sylta,0.0,g
1553,Kalvsylta,"Fett, totalt",Sylta,5.7,g
1553,Kalvsylta,"Järn, Fe",Sylta,0.8,mg
1553,Kalvsylta,Energi (kJ),Sylta,417.0,kJ
1553,Kalvsylta,Energi (kcal),Sylta,100.0,kcal
1553,Kalvsylta,Disackarider,Sylta,0.0,g
1553,Kalvsylta,"Kalcium, Ca",Sylta,8.0,mg
1553,Kalvsylta,Fettsyra 4:0-10:0,Sylta,0.0,g
1553,Kalvsylta,DHA (C22:6),Sylta,0.0,g
1553,Kalvsylta,DPA (C22:5),Sylta,0.0,g
1553,Kalvsylta,EPA (C20:5),Sylta,0.0,g
1553,Kalvsylta,Arakidonsyra C20:4,Sylta,0.0,g
1553,Kalvsylta,Arakidinsyra C20:0,Sylta,0.0,g
1553,Kalvsylta,Linolensyra C18:3,Sylta,0.0,g
1553,Kalvsylta,Linolsyra C18:2,Sylta,0.5,g
1553,Kalvsylta,Oljesyra C18:1,Sylta,2.2,g
1553,Kalvsylta,Stearinsyra C18:0,Sylta,0.8,g
1553,Kalvsylta,Palmitoljesyra C16:1,Sylta,0.2,g
1553,Kalvsylta,Palmitinsyra C16:0,Sylta,1.4,g
1553,Kalvsylta,Myristinsyra C14:0,Sylta,0.1,g
1553,Kalvsylta,Laurinsyra C12:0,Sylta,0.0,g
1553,Kalvsylta,Betakaroten/β-Karoten,Sylta,7.0,µg
1553,Kalvsylta,Avfall (skal etc.),Sylta,0.0,%
1553,Kalvsylta,Aska,Sylta,2.2,g
1553,Kalvsylta,Alkohol,Sylta,0.0,g
1554,Pressylta,"Zink, Zn",Sylta,1.3,mg
1554,Pressylta,Vitamin E,Sylta,0.3,mg
1554,Pressylta,Vitamin D,Sylta,0.5,µg
1554,Pressylta,Vitamin C,Sylta,0.0,mg
1554,Pressylta,Vitamin B6,Sylta,0.3,mg
1554,Pressylta,Vitamin B12,Sylta,0.7,µg
1554,Pressylta,Vitamin A,Sylta,10.0,RE/µg
1554,Pressylta,Vatten,Sylta,53.4,g
1554,Pressylta,Tiamin,Sylta,0.22,mg
1554,Pressylta,Tillsatt socker,Sylta,0.0,g
1554,Pressylta,Fritt socker,Sylta,0.0,g
1554,Pressylta,"Selen, Se",Sylta,3.0,µg
1554,Pressylta,Sackaros,Sylta,0.0,g
1554,Pressylta,Riboflavin,Sylta,0.14,mg
1554,Pressylta,Retinol,Sylta,10.0,µg
1554,Pressylta,Protein,Sylta,17.5,g
1554,Pressylta,Summa fleromättade fettsyror,Sylta,3.0,g
1554,Pressylta,"Fosfor, P",Sylta,106.0,mg
1554,Pressylta,Niacinekvivalenter,Sylta,5.01,NE/mg
1554,Pressylta,Niacin,Sylta,1.8,mg
1554,Pressylta,"Salt, NaCl",Sylta,1.6,g
1554,Pressylta,"Natrium, Na",Sylta,650.0,mg
1554,Pressylta,Monosackarider,Sylta,0.2,g
1554,Pressylta,"Sockerarter, totalt",Sylta,0.2,g
1554,Pressylta,Summa enkelomättade fettsyror,Sylta,12.0,g
1554,Pressylta,"Magnesium, Mg",Sylta,9.0,mg
1554,Pressylta,Summa mättade fettsyror,Sylta,10.2,g
1554,Pressylta,"Kolhydrater, tillgängliga",Sylta,0.0,g
1554,Pressylta,Kolesterol,Sylta,65.0,mg
1554,Pressylta,"Kalium, K",Sylta,120.0,mg
1554,Pressylta,"Jod, I",Sylta,2.6,µg
1554,Pressylta,Fullkorn totalt,Sylta,0.0,g
1554,Pressylta,"Folat, totalt",Sylta,3.0,µg
1554,Pressylta,Fibrer,Sylta,0.0,g
1554,Pressylta,"Fett, totalt",Sylta,26.5,g
1554,Pressylta,"Järn, Fe",Sylta,1.5,mg
1554,Pressylta,Energi (kJ),Sylta,1278.0,kJ
1554,Pressylta,Energi (kcal),Sylta,305.0,kcal
1554,Pressylta,Disackarider,Sylta,0.0,g
1554,Pressylta,"Kalcium, Ca",Sylta,6.0,mg
1554,Pressylta,Fettsyra 4:0-10:0,Sylta,0.0,g
1554,Pressylta,DHA (C22:6),Sylta,0.0,g
1554,Pressylta,DPA (C22:5),Sylta,0.0,g
1554,Pressylta,EPA (C20:5),Sylta,0.0,g
1554,Pressylta,Arakidonsyra C20:4,Sylta,0.1,g
1554,Pressylta,Arakidinsyra C20:0,Sylta,0.1,g
1554,Pressylta,Linolensyra C18:3,Sylta,0.2,g
1554,Pressylta,Linolsyra C18:2,Sylta,2.2,g
1554,Pressylta,Oljesyra C18:1,Sylta,10.7,g
1554,Pressylta,Stearinsyra C18:0,Sylta,3.4,g
1554,Pressylta,Palmitoljesyra C16:1,Sylta,0.9,g
1554,Pressylta,Palmitinsyra C16:0,Sylta,6.2,g
1554,Pressylta,Myristinsyra C14:0,Sylta,0.4,g
1554,Pressylta,Laurinsyra C12:0,Sylta,0.0,g
1554,Pressylta,Betakaroten/β-Karoten,Sylta,0.0,µg
1554,Pressylta,Avfall (skal etc.),Sylta,0.0,%
1554,Pressylta,Aska,Sylta,2.6,g
1554,Pressylta,Alkohol,Sylta,0.0,g
1555,Hushållssylta,"Zink, Zn",Sylta,1.3,mg
1555,Hushållssylta,Vitamin E,Sylta,0.1,mg
1555,Hushållssylta,Vitamin D,Sylta,0.2,µg
1555,Hushållssylta,Vitamin C,Sylta,0.0,mg
1555,Hushållssylta,Vitamin B6,Sylta,0.09,mg
1555,Hushållssylta,Vitamin B12,Sylta,0.5,µg
1555,Hushållssylta,Vitamin A,Sylta,3.6,RE/µg
1555,Hushållssylta,Vatten,Sylta,75.0,g
1555,Hushållssylta,Tiamin,Sylta,0.3,mg
1555,Hushållssylta,Tillsatt socker,Sylta,0.0,g
1555,Hushållssylta,Fritt socker,Sylta,0.0,g
1555,Hushållssylta,"Selen, Se",Sylta,2.0,µg
1555,Hushållssylta,Sackaros,Sylta,0.0,g
1555,Hushållssylta,Riboflavin,Sylta,0.1,mg
1555,Hushållssylta,Retinol,Sylta,3.0,µg
1555,Hushållssylta,Protein,Sylta,11.9,g
1555,Hushållssylta,Summa fleromättade fettsyror,Sylta,1.2,g
1555,Hushållssylta,"Fosfor, P",Sylta,59.0,mg
1555,Hushållssylta,Niacinekvivalenter,Sylta,3.28,NE/mg
1555,Hushållssylta,Niacin,Sylta,1.1,mg
1555,Hushållssylta,"Salt, NaCl",Sylta,1.6,g
1555,Hushållssylta,"Natrium, Na",Sylta,650.0,mg
1555,Hushållssylta,Monosackarider,Sylta,0.0,g
1555,Hushållssylta,"Sockerarter, totalt",Sylta,0.0,g
1555,Hushållssylta,Summa enkelomättade fettsyror,Sylta,4.6,g
1555,Hushållssylta,"Magnesium, Mg",Sylta,9.0,mg
1555,Hushållssylta,Summa mättade fettsyror,Sylta,4.3,g
1555,Hushållssylta,"Kolhydrater, tillgängliga",Sylta,0.3,g
1555,Hushållssylta,Kolesterol,Sylta,65.0,mg
1555,Hushållssylta,"Kalium, K",Sylta,122.0,mg
1555,Hushållssylta,"Jod, I",Sylta,2.6,µg
1555,Hushållssylta,Fullkorn totalt,Sylta,0.0,g
1555,Hushållssylta,"Folat, totalt",Sylta,3.0,µg
1555,Hushållssylta,Fibrer,Sylta,0.0,g
1555,Hushållssylta,"Fett, totalt",Sylta,10.6,g
1555,Hushållssylta,"Järn, Fe",Sylta,1.0,mg
1555,Hushållssylta,Energi (kJ),Sylta,600.0,kJ
1555,Hushållssylta,Energi (kcal),Sylta,143.0,kcal
1555,Hushållssylta,Disackarider,Sylta,0.0,g
1555,Hushållssylta,"Kalcium, Ca",Sylta,5.0,mg
1555,Hushållssylta,Fettsyra 4:0-10:0,Sylta,0.0,g
1555,Hushållssylta,DHA (C22:6),Sylta,0.0,g
1555,Hushållssylta,DPA (C22:5),Sylta,0.0,g
1555,Hushållssylta,EPA (C20:5),Sylta,0.0,g
1555,Hushållssylta,Arakidonsyra C20:4,Sylta,0.0,g
1555,Hushållssylta,Arakidinsyra C20:0,Sylta,0.0,g
1555,Hushållssylta,Linolensyra C18:3,Sylta,0.1,g
1555,Hushållssylta,Linolsyra C18:2,Sylta,0.9,g
1555,Hushållssylta,Oljesyra C18:1,Sylta,4.2,g
1555,Hushållssylta,Stearinsyra C18:0,Sylta,1.5,g
1555,Hushållssylta,Palmitoljesyra C16:1,Sylta,0.3,g
1555,Hushållssylta,Palmitinsyra C16:0,Sylta,2.6,g
1555,Hushållssylta,Myristinsyra C14:0,Sylta,0.2,g
1555,Hushållssylta,Laurinsyra C12:0,Sylta,0.0,g
1555,Hushållssylta,Betakaroten/β-Karoten,Sylta,7.0,µg
1555,Hushållssylta,Avfall (skal etc.),Sylta,0.0,%
1555,Hushållssylta,Aska,Sylta,2.2,g
1555,Hushållssylta,Alkohol,Sylta,0.0,g
1557,Cashewnötter rostade u. salt,"Zink, Zn",Nötter frön,4.7,mg
1557,Cashewnötter rostade u. salt,Vitamin E,Nötter frön,0.8,mg
1557,Cashewnötter rostade u. salt,Vitamin D inkl 25-OH-D3,Nötter frön,0.0,µg
1557,Cashewnötter rostade u. salt,Vitamin D,Nötter frön,0.0,µg
1557,Cashewnötter rostade u. salt,Vitamin C,Nötter frön,0.1,mg
1557,Cashewnötter rostade u. salt,Vitamin B6,Nötter frön,0.55,mg
1557,Cashewnötter rostade u. salt,Vitamin B12,Nötter frön,0.0,µg
1557,Cashewnötter rostade u. salt,Vitamin A,Nötter frön,0.6,RE/µg
1557,Cashewnötter rostade u. salt,Vatten,Nötter frön,2.7,g
1557,Cashewnötter rostade u. salt,Tiamin,Nötter frön,0.44,mg
1557,Cashewnötter rostade u. salt,Tillsatt socker,Nötter frön,0.0,g
1557,Cashewnötter rostade u. salt,Fritt socker,Nötter frön,0.0,g
1557,Cashewnötter rostade u. salt,"Selen, Se",Nötter frön,14.6,µg
1557,Cashewnötter rostade u. salt,Sackaros,Nötter frön,5.9,g
1557,Cashewnötter rostade u. salt,Riboflavin,Nötter frön,0.14,mg
1557,Cashewnötter rostade u. salt,Retinol,Nötter frön,0.0,µg
1557,Cashewnötter rostade u. salt,Protein,Nötter frön,18.0,g
1557,Cashewnötter rostade u. salt,Summa fleromättade fettsyror,Nötter frön,9.1,g
1557,Cashewnötter rostade u. salt,"Fosfor, P",Nötter frön,487.0,mg
1557,Cashewnötter rostade u. salt,Niacinekvivalenter,Nötter frön,3.9,NE/mg
1557,Cashewnötter rostade u. salt,Niacin,Nötter frön,0.93,mg
1557,Cashewnötter rostade u. salt,"Salt, NaCl",Nötter frön,0.0,g
1557,Cashewnötter rostade u. salt,"Natrium, Na",Nötter frön,16.0,mg
1557,Cashewnötter rostade u. salt,Monosackarider,Nötter frön,0.0,g
1557,Cashewnötter rostade u. salt,"Sockerarter, totalt",Nötter frön,5.9,g
1557,Cashewnötter rostade u. salt,Summa enkelomättade fettsyror,Nötter frön,31.0,g
1557,Cashewnötter rostade u. salt,"Magnesium, Mg",Nötter frön,257.0,mg
1557,Cashewnötter rostade u. salt,Summa mättade fettsyror,Nötter frön,8.7,g
1557,Cashewnötter rostade u. salt,"Kolhydrater, tillgängliga",Nötter frön,19.1,g
1557,Cashewnötter rostade u. salt,Kolesterol,Nötter frön,0.3,mg
1557,Cashewnötter rostade u. salt,"Kalium, K",Nötter frön,580.0,mg
1557,Cashewnötter rostade u. salt,"Jod, I",Nötter frön,0.0,µg
1557,Cashewnötter rostade u. salt,Fullkorn totalt,Nötter frön,0.0,g
1557,Cashewnötter rostade u. salt,"Folat, totalt",Nötter frön,46.7,µg
1557,Cashewnötter rostade u. salt,Fibrer,Nötter frön,8.3,g
1557,Cashewnötter rostade u. salt,"Fett, totalt",Nötter frön,48.7,g
1557,Cashewnötter rostade u. salt,"Järn, Fe",Nötter frön,5.0,mg
1557,Cashewnötter rostade u. salt,Energi (kJ),Nötter frön,2498.0,kJ
1557,Cashewnötter rostade u. salt,Energi (kcal),Nötter frön,597.0,kcal
1557,Cashewnötter rostade u. salt,Disackarider,Nötter frön,5.9,g
1557,Cashewnötter rostade u. salt,"Kalcium, Ca",Nötter frön,42.0,mg
1557,Cashewnötter rostade u. salt,Fettsyra 4:0-10:0,Nötter frön,0.0,g
1557,Cashewnötter rostade u. salt,DHA (C22:6),Nötter frön,0.0,g
1557,Cashewnötter rostade u. salt,DPA (C22:5),Nötter frön,0.0,g
1557,Cashewnötter rostade u. salt,EPA (C20:5),Nötter frön,0.0,g
1557,Cashewnötter rostade u. salt,Arakidonsyra C20:4,Nötter frön,0.0,g
1557,Cashewnötter rostade u. salt,Arakidinsyra C20:0,Nötter frön,0.3,g
1557,Cashewnötter rostade u. salt,Linolensyra C18:3,Nötter frön,0.3,g
1557,Cashewnötter rostade u. salt,Linolsyra C18:2,Nötter frön,8.9,g
1557,Cashewnötter rostade u. salt,Oljesyra C18:1,Nötter frön,30.6,g
1557,Cashewnötter rostade u. salt,Stearinsyra C18:0,Nötter frön,3.9,g
1557,Cashewnötter rostade u. salt,Palmitoljesyra C16:1,Nötter frön,0.2,g
1557,Cashewnötter rostade u. salt,Palmitinsyra C16:0,Nötter frön,4.3,g
1557,Cashewnötter rostade u. salt,Myristinsyra C14:0,Nötter frön,0.0,g
1557,Cashewnötter rostade u. salt,Laurinsyra C12:0,Nötter frön,0.0,g
1557,Cashewnötter rostade u. salt,Betakaroten/β-Karoten,Nötter frön,7.0,µg
1557,Cashewnötter rostade u. salt,Avfall (skal etc.),Nötter frön,0.0,%
1557,Cashewnötter rostade u. salt,Aska,Nötter frön,3.2,g
1557,Cashewnötter rostade u. salt,Alkohol,Nötter frön,0.0,g
1558,Hasselnötter,"Zink, Zn",Nötter frön,2.1,mg
1558,Hasselnötter,Vitamin E,Nötter frön,25.8,mg
1558,Hasselnötter,Vitamin D inkl 25-OH-D3,Nötter frön,0.0,µg
1558,Hasselnötter,Vitamin D,Nötter frön,0.0,µg
1558,Hasselnötter,Vitamin C,Nötter frön,0.0,mg
1558,Hasselnötter,Vitamin B6,Nötter frön,0.25,mg
1558,Hasselnötter,Vitamin B12,Nötter frön,0.0,µg
1558,Hasselnötter,Vitamin A,Nötter frön,0.8,RE/µg
1558,Hasselnötter,Vatten,Nötter frön,3.2,g
1558,Hasselnötter,Tiamin,Nötter frön,0.19,mg
1558,Hasselnötter,Tillsatt socker,Nötter frön,0.0,g
1558,Hasselnötter,Fritt socker,Nötter frön,0.0,g
1558,Hasselnötter,"Selen, Se",Nötter frön,0.0,µg
1558,Hasselnötter,Sackaros,Nötter frön,2.5,g
1558,Hasselnötter,Riboflavin,Nötter frön,0.07,mg
1558,Hasselnötter,Retinol,Nötter frön,0.0,µg
1558,Hasselnötter,Protein,Nötter frön,13.2,g
1558,Hasselnötter,Summa fleromättade fettsyror,Nötter frön,5.7,g
1558,Hasselnötter,"Fosfor, P",Nötter frön,354.0,mg
1558,Hasselnötter,Niacinekvivalenter,Nötter frön,3.5,NE/mg
1558,Hasselnötter,Niacin,Nötter frön,1.26,mg
1558,Hasselnötter,"Salt, NaCl",Nötter frön,0.0,g
1558,Hasselnötter,"Natrium, Na",Nötter frön,0.0,mg
1558,Hasselnötter,Monosackarider,Nötter frön,1.1,g
1558,Hasselnötter,"Sockerarter, totalt",Nötter frön,3.6,g
1558,Hasselnötter,Summa enkelomättade fettsyror,Nötter frön,51.1,g
1558,Hasselnötter,"Magnesium, Mg",Nötter frön,148.0,mg
1558,Hasselnötter,Summa mättade fettsyror,Nötter frön,4.8,g
1558,Hasselnötter,"Kolhydrater, tillgängliga",Nötter frön,0.5,g
1558,Hasselnötter,Kolesterol,Nötter frön,0.0,mg
1558,Hasselnötter,"Kalium, K",Nötter frön,820.0,mg
1558,Hasselnötter,"Jod, I",Nötter frön,0.0,µg
1558,Hasselnötter,Fullkorn totalt,Nötter frön,0.0,g
1558,Hasselnötter,"Folat, totalt",Nötter frön,77.6,µg
1558,Hasselnötter,Fibrer,Nötter frön,16.1,g
1558,Hasselnötter,"Fett, totalt",Nötter frön,64.6,g
1558,Hasselnötter,"Järn, Fe",Nötter frön,3.0,mg
1558,Hasselnötter,Energi (kJ),Nötter frön,2753.0,kJ
1558,Hasselnötter,Energi (kcal),Nötter frön,658.0,kcal
1558,Hasselnötter,Disackarider,Nötter frön,2.5,g
1558,Hasselnötter,"Kalcium, Ca",Nötter frön,166.0,mg
1558,Hasselnötter,Fettsyra 4:0-10:0,Nötter frön,0.0,g
1558,Hasselnötter,DHA (C22:6),Nötter frön,0.0,g
1558,Hasselnötter,DPA (C22:5),Nötter frön,0.0,g
1558,Hasselnötter,EPA (C20:5),Nötter frön,0.0,g
1558,Hasselnötter,Arakidonsyra C20:4,Nötter frön,0.0,g
1558,Hasselnötter,Arakidinsyra C20:0,Nötter frön,0.1,g
1558,Hasselnötter,Linolensyra C18:3,Nötter frön,0.0,g
1558,Hasselnötter,Linolsyra C18:2,Nötter frön,5.7,g
1558,Hasselnötter,Oljesyra C18:1,Nötter frön,50.9,g
1558,Hasselnötter,Stearinsyra C18:0,Nötter frön,1.4,g
1558,Hasselnötter,Palmitoljesyra C16:1,Nötter frön,0.1,g
1558,Hasselnötter,Palmitinsyra C16:0,Nötter frön,3.3,g
1558,Hasselnötter,Myristinsyra C14:0,Nötter frön,0.0,g
1558,Hasselnötter,Laurinsyra C12:0,Nötter frön,0.0,g
1558,Hasselnötter,Betakaroten/β-Karoten,Nötter frön,9.0,µg
1558,Hasselnötter,Avfall (skal etc.),Nötter frön,54.0,%
1558,Hasselnötter,Aska,Nötter frön,2.4,g
1558,Hasselnötter,Alkohol,Nötter frön,0.0,g
1559,Jordnötssmör,"Zink, Zn",Nötter frön,2.9,mg
1559,Jordnötssmör,Vitamin E,Nötter frön,4.7,mg
1559,Jordnötssmör,Vitamin D inkl 25-OH-D3,Nötter frön,0.0,µg
1559,Jordnötssmör,Vitamin D,Nötter frön,0.0,µg
1559,Jordnötssmör,Vitamin C,Nötter frön,0.0,mg
1559,Jordnötssmör,Vitamin B6,Nötter frön,0.39,mg
1559,Jordnötssmör,Vitamin B12,Nötter frön,0.0,µg
1559,Jordnötssmör,Vitamin A,Nötter frön,0.0,RE/µg
1559,Jordnötssmör,Vatten,Nötter frön,1.3,g
1559,Jordnötssmör,Tiamin,Nötter frön,0.15,mg
1559,Jordnötssmör,Tillsatt socker,Nötter frön,11.0,g
1559,Jordnötssmör,Fritt socker,Nötter frön,11.0,g
1559,Jordnötssmör,"Selen, Se",Nötter frön,2.0,µg
1559,Jordnötssmör,Sackaros,Nötter frön,6.4,g
1559,Jordnötssmör,Riboflavin,Nötter frön,0.1,mg
1559,Jordnötssmör,Retinol,Nötter frön,0.0,µg
1559,Jordnötssmör,Protein,Nötter frön,22.6,g
1559,Jordnötssmör,Summa fleromättade fettsyror,Nötter frön,15.3,g
1559,Jordnötssmör,"Fosfor, P",Nötter frön,375.0,mg
1559,Jordnötssmör,Niacinekvivalenter,Nötter frön,17.27,NE/mg
1559,Jordnötssmör,Niacin,Nötter frön,13.5,mg
1559,Jordnötssmör,"Salt, NaCl",Nötter frön,1.2,g
1559,Jordnötssmör,"Natrium, Na",Nötter frön,470.0,mg
1559,Jordnötssmör,Monosackarider,Nötter frön,8.8,g
1559,Jordnötssmör,"Sockerarter, totalt",Nötter frön,15.2,g
1559,Jordnötssmör,Summa enkelomättade fettsyror,Nötter frön,24.6,g
1559,Jordnötssmör,"Magnesium, Mg",Nötter frön,175.0,mg
1559,Jordnötssmör,Summa mättade fettsyror,Nötter frön,8.5,g
1559,Jordnötssmör,"Kolhydrater, tillgängliga",Nötter frön,14.3,g
1559,Jordnötssmör,Kolesterol,Nötter frön,0.0,mg
1559,Jordnötssmör,"Kalium, K",Nötter frön,680.0,mg
1559,Jordnötssmör,"Jod, I",Nötter frön,0.0,µg
1559,Jordnötssmör,Fullkorn totalt,Nötter frön,0.0,g
1559,Jordnötssmör,"Folat, totalt",Nötter frön,82.0,µg
1559,Jordnötssmör,Fibrer,Nötter frön,7.6,g
1559,Jordnötssmör,"Fett, totalt",Nötter frön,51.0,g
1559,Jordnötssmör,"Järn, Fe",Nötter frön,1.8,mg
1559,Jordnötssmör,Energi (kJ),Nötter frön,2575.0,kJ
1559,Jordnötssmör,Energi (kcal),Nötter frön,615.0,kcal
1559,Jordnötssmör,Disackarider,Nötter frön,6.4,g
1559,Jordnötssmör,"Kalcium, Ca",Nötter frön,33.0,mg
1559,Jordnötssmör,Fettsyra 4:0-10:0,Nötter frön,0.0,g
1559,Jordnötssmör,DHA (C22:6),Nötter frön,0.0,g
1559,Jordnötssmör,DPA (C22:5),Nötter frön,0.0,g
1559,Jordnötssmör,EPA (C20:5),Nötter frön,0.0,g
1559,Jordnötssmör,Arakidonsyra C20:4,Nötter frön,0.0,g
1559,Jordnötssmör,Arakidinsyra C20:0,Nötter frön,0.0,g
1559,Jordnötssmör,Linolensyra C18:3,Nötter frön,0.0,g
1559,Jordnötssmör,Linolsyra C18:2,Nötter frön,15.3,g
1559,Jordnötssmör,Oljesyra C18:1,Nötter frön,23.9,g
1559,Jordnötssmör,Stearinsyra C18:0,Nötter frön,1.9,g
1559,Jordnötssmör,Palmitoljesyra C16:1,Nötter frön,0.0,g
1559,Jordnötssmör,Palmitinsyra C16:0,Nötter frön,5.8,g
1559,Jordnötssmör,Myristinsyra C14:0,Nötter frön,0.0,g
1559,Jordnötssmör,Laurinsyra C12:0,Nötter frön,0.0,g
1559,Jordnötssmör,Betakaroten/β-Karoten,Nötter frön,0.0,µg
1559,Jordnötssmör,Avfall (skal etc.),Nötter frön,0.0,%
1559,Jordnötssmör,Aska,Nötter frön,3.2,g
1559,Jordnötssmör,Alkohol,Nötter frön,0.0,g
1560,Jordnötter torkade,"Zink, Zn",Nötter frön,3.1,mg
1560,Jordnötter torkade,Vitamin E,Nötter frön,9.1,mg
1560,Jordnötter torkade,Vitamin D inkl 25-OH-D3,Nötter frön,0.0,µg
1560,Jordnötter torkade,Vitamin D,Nötter frön,0.0,µg
1560,Jordnötter torkade,Vitamin C,Nötter frön,0.0,mg
1560,Jordnötter torkade,Vitamin B6,Nötter frön,0.3,mg
1560,Jordnötter torkade,Vitamin B12,Nötter frön,0.0,µg
1560,Jordnötter torkade,Vitamin A,Nötter frön,0.0,RE/µg
1560,Jordnötter torkade,Vatten,Nötter frön,6.7,g
1560,Jordnötter torkade,Tiamin,Nötter frön,0.66,mg
1560,Jordnötter torkade,Tillsatt socker,Nötter frön,0.0,g
1560,Jordnötter torkade,Fritt socker,Nötter frön,0.0,g
1560,Jordnötter torkade,"Selen, Se",Nötter frön,2.0,µg
1560,Jordnötter torkade,Sackaros,Nötter frön,2.0,g
1560,Jordnötter torkade,Riboflavin,Nötter frön,0.13,mg
1560,Jordnötter torkade,Retinol,Nötter frön,0.0,µg
1560,Jordnötter torkade,Protein,Nötter frön,25.7,g
1560,Jordnötter torkade,Summa fleromättade fettsyror,Nötter frön,15.5,g
1560,Jordnötter torkade,"Fosfor, P",Nötter frön,385.0,mg
1560,Jordnötter torkade,Niacinekvivalenter,Nötter frön,18.48,NE/mg
1560,Jordnötter torkade,Niacin,Nötter frön,14.2,mg
1560,Jordnötter torkade,"Salt, NaCl",Nötter frön,0.0,g
1560,Jordnötter torkade,"Natrium, Na",Nötter frön,16.0,mg
1560,Jordnötter torkade,Monosackarider,Nötter frön,0.0,g
1560,Jordnötter torkade,"Sockerarter, totalt",Nötter frön,2.0,g
1560,Jordnötter torkade,Summa enkelomättade fettsyror,Nötter frön,24.5,g
1560,Jordnötter torkade,"Magnesium, Mg",Nötter frön,180.0,mg
1560,Jordnötter torkade,Summa mättade fettsyror,Nötter frön,6.8,g
1560,Jordnötter torkade,"Kolhydrater, tillgängliga",Nötter frön,8.2,g
1560,Jordnötter torkade,Kolesterol,Nötter frön,0.0,mg
1560,Jordnötter torkade,"Kalium, K",Nötter frön,720.0,mg
1560,Jordnötter torkade,"Jod, I",Nötter frön,0.0,µg
1560,Jordnötter torkade,Fullkorn totalt,Nötter frön,0.0,g
1560,Jordnötter torkade,"Folat, totalt",Nötter frön,101.0,µg
1560,Jordnötter torkade,Fibrer,Nötter frön,8.1,g
1560,Jordnötter torkade,"Fett, totalt",Nötter frön,49.0,g
1560,Jordnötter torkade,"Järn, Fe",Nötter frön,3.2,mg
1560,Jordnötter torkade,Energi (kJ),Nötter frön,2454.0,kJ
1560,Jordnötter torkade,Energi (kcal),Nötter frön,586.0,kcal
1560,Jordnötter torkade,Disackarider,Nötter frön,2.0,g
1560,Jordnötter torkade,"Kalcium, Ca",Nötter frön,58.0,mg
1560,Jordnötter torkade,Fettsyra 4:0-10:0,Nötter frön,0.0,g
1560,Jordnötter torkade,DHA (C22:6),Nötter frön,0.0,g
1560,Jordnötter torkade,DPA (C22:5),Nötter frön,0.0,g
1560,Jordnötter torkade,EPA (C20:5),Nötter frön,0.0,g
1560,Jordnötter torkade,Arakidonsyra C20:4,Nötter frön,0.0,g
1560,Jordnötter torkade,Arakidinsyra C20:0,Nötter frön,0.0,g
1560,Jordnötter torkade,Linolensyra C18:3,Nötter frön,0.0,g
1560,Jordnötter torkade,Linolsyra C18:2,Nötter frön,15.5,g
1560,Jordnötter torkade,Oljesyra C18:1,Nötter frön,23.7,g
1560,Jordnötter torkade,Stearinsyra C18:0,Nötter frön,1.1,g
1560,Jordnötter torkade,Palmitoljesyra C16:1,Nötter frön,0.0,g
1560,Jordnötter torkade,Palmitinsyra C16:0,Nötter frön,5.1,g
1560,Jordnötter torkade,Myristinsyra C14:0,Nötter frön,0.2,g
1560,Jordnötter torkade,Laurinsyra C12:0,Nötter frön,0.0,g
1560,Jordnötter torkade,Betakaroten/β-Karoten,Nötter frön,0.0,µg
1560,Jordnötter torkade,Avfall (skal etc.),Nötter frön,27.0,%
1560,Jordnötter torkade,Aska,Nötter frön,2.3,g
1560,Jordnötter torkade,Alkohol,Nötter frön,0.0,g
1561,Jordnötter rostade,"Zink, Zn",Nötter frön,2.6,mg
1561,Jordnötter rostade,Vitamin E,Nötter frön,6.6,mg
1561,Jordnötter rostade,Vitamin D inkl 25-OH-D3,Nötter frön,0.0,µg
1561,Jordnötter rostade,Vitamin D,Nötter frön,0.0,µg
1561,Jordnötter rostade,Vitamin C,Nötter frön,0.0,mg
1561,Jordnötter rostade,Vitamin B6,Nötter frön,0.52,mg
1561,Jordnötter rostade,Vitamin B12,Nötter frön,0.0,µg
1561,Jordnötter rostade,Vitamin A,Nötter frön,1.2,RE/µg
1561,Jordnötter rostade,Vatten,Nötter frön,1.7,g
1561,Jordnötter rostade,Tiamin,Nötter frön,1.96,mg
1561,Jordnötter rostade,Tillsatt socker,Nötter frön,0.0,g
1561,Jordnötter rostade,Fritt socker,Nötter frön,0.0,g
1561,Jordnötter rostade,"Selen, Se",Nötter frön,18.3,µg
1561,Jordnötter rostade,Sackaros,Nötter frön,4.6,g
1561,Jordnötter rostade,Riboflavin,Nötter frön,0.11,mg
1561,Jordnötter rostade,Retinol,Nötter frön,0.0,µg
1561,Jordnötter rostade,Protein,Nötter frön,22.4,g
1561,Jordnötter rostade,Summa fleromättade fettsyror,Nötter frön,5.1,g
1561,Jordnötter rostade,"Fosfor, P",Nötter frön,382.0,mg
1561,Jordnötter rostade,Niacinekvivalenter,Nötter frön,18.8,NE/mg
1561,Jordnötter rostade,Niacin,Nötter frön,15.1,mg
1561,Jordnötter rostade,"Salt, NaCl",Nötter frön,0.0,g
1561,Jordnötter rostade,"Natrium, Na",Nötter frön,15.0,mg
1561,Jordnötter rostade,Monosackarider,Nötter frön,0.0,g
1561,Jordnötter rostade,"Sockerarter, totalt",Nötter frön,4.6,g
1561,Jordnötter rostade,Summa enkelomättade fettsyror,Nötter frön,37.4,g
1561,Jordnötter rostade,"Magnesium, Mg",Nötter frön,171.0,mg
1561,Jordnötter rostade,Summa mättade fettsyror,Nötter frön,6.4,g
1561,Jordnötter rostade,"Kolhydrater, tillgängliga",Nötter frön,9.3,g
1561,Jordnötter rostade,Kolesterol,Nötter frön,0.0,mg
1561,Jordnötter rostade,"Kalium, K",Nötter frön,651.0,mg
1561,Jordnötter rostade,"Jod, I",Nötter frön,0.0,µg
1561,Jordnötter rostade,Fullkorn totalt,Nötter frön,0.0,g
1561,Jordnötter rostade,"Folat, totalt",Nötter frön,115.0,µg
1561,Jordnötter rostade,Fibrer,Nötter frön,11.6,g
1561,Jordnötter rostade,"Fett, totalt",Nötter frön,51.3,g
1561,Jordnötter rostade,"Järn, Fe",Nötter frön,1.5,mg
1561,Jordnötter rostade,Energi (kJ),Nötter frön,2530.0,kJ
1561,Jordnötter rostade,Energi (kcal),Nötter frön,605.0,kcal
1561,Jordnötter rostade,Disackarider,Nötter frön,4.6,g
1561,Jordnötter rostade,"Kalcium, Ca",Nötter frön,61.0,mg
1561,Jordnötter rostade,Fettsyra 4:0-10:0,Nötter frön,0.0,g
1561,Jordnötter rostade,DHA (C22:6),Nötter frön,0.0,g
1561,Jordnötter rostade,DPA (C22:5),Nötter frön,0.0,g
1561,Jordnötter rostade,EPA (C20:5),Nötter frön,0.0,g
1561,Jordnötter rostade,Arakidonsyra C20:4,Nötter frön,0.0,g
1561,Jordnötter rostade,Arakidinsyra C20:0,Nötter frön,0.5,g
1561,Jordnötter rostade,Linolensyra C18:3,Nötter frön,0.0,g
1561,Jordnötter rostade,Linolsyra C18:2,Nötter frön,5.1,g
1561,Jordnötter rostade,Oljesyra C18:1,Nötter frön,36.3,g
1561,Jordnötter rostade,Stearinsyra C18:0,Nötter frön,1.0,g
1561,Jordnötter rostade,Palmitoljesyra C16:1,Nötter frön,0.0,g
1561,Jordnötter rostade,Palmitinsyra C16:0,Nötter frön,3.2,g
1561,Jordnötter rostade,Myristinsyra C14:0,Nötter frön,0.0,g
1561,Jordnötter rostade,Laurinsyra C12:0,Nötter frön,0.0,g
1561,Jordnötter rostade,Betakaroten/β-Karoten,Nötter frön,11.0,µg
1561,Jordnötter rostade,Avfall (skal etc.),Nötter frön,0.0,%
1561,Jordnötter rostade,Aska,Nötter frön,3.7,g
1561,Jordnötter rostade,Alkohol,Nötter frön,0.0,g
1562,Jordnötter rostade saltade,"Zink, Zn",Nötter frön,2.6,mg
1562,Jordnötter rostade saltade,Vitamin E,Nötter frön,6.6,mg
1562,Jordnötter rostade saltade,Vitamin D inkl 25-OH-D3,Nötter frön,0.0,µg
1562,Jordnötter rostade saltade,Vitamin D,Nötter frön,0.0,µg
1562,Jordnötter rostade saltade,Vitamin C,Nötter frön,0.0,mg
1562,Jordnötter rostade saltade,Vitamin B6,Nötter frön,0.52,mg
1562,Jordnötter rostade saltade,Vitamin B12,Nötter frön,0.0,µg
1562,Jordnötter rostade saltade,Vitamin A,Nötter frön,1.2,RE/µg
1562,Jordnötter rostade saltade,Vatten,Nötter frön,1.7,g
1562,Jordnötter rostade saltade,Tiamin,Nötter frön,1.96,mg
1562,Jordnötter rostade saltade,Tillsatt socker,Nötter frön,0.0,g
1562,Jordnötter rostade saltade,Fritt socker,Nötter frön,0.0,g
1562,Jordnötter rostade saltade,"Selen, Se",Nötter frön,18.3,µg
1562,Jordnötter rostade saltade,Sackaros,Nötter frön,4.6,g
1562,Jordnötter rostade saltade,Riboflavin,Nötter frön,0.11,mg
1562,Jordnötter rostade saltade,Retinol,Nötter frön,0.0,µg
1562,Jordnötter rostade saltade,Protein,Nötter frön,22.4,g
1562,Jordnötter rostade saltade,Summa fleromättade fettsyror,Nötter frön,5.1,g
1562,Jordnötter rostade saltade,"Fosfor, P",Nötter frön,382.0,mg
1562,Jordnötter rostade saltade,Niacinekvivalenter,Nötter frön,18.8,NE/mg
1562,Jordnötter rostade saltade,Niacin,Nötter frön,15.1,mg
1562,Jordnötter rostade saltade,"Salt, NaCl",Nötter frön,1.9,g
1562,Jordnötter rostade saltade,"Natrium, Na",Nötter frön,759.0,mg
1562,Jordnötter rostade saltade,Monosackarider,Nötter frön,0.0,g
1562,Jordnötter rostade saltade,"Sockerarter, totalt",Nötter frön,4.6,g
1562,Jordnötter rostade saltade,Summa enkelomättade fettsyror,Nötter frön,37.4,g
1562,Jordnötter rostade saltade,"Magnesium, Mg",Nötter frön,171.0,mg
1562,Jordnötter rostade saltade,Summa mättade fettsyror,Nötter frön,6.4,g
1562,Jordnötter rostade saltade,"Kolhydrater, tillgängliga",Nötter frön,9.3,g
1562,Jordnötter rostade saltade,Kolesterol,Nötter frön,0.0,mg
1562,Jordnötter rostade saltade,"Kalium, K",Nötter frön,651.0,mg
1562,Jordnötter rostade saltade,"Jod, I",Nötter frön,0.0,µg
1562,Jordnötter rostade saltade,Fullkorn totalt,Nötter frön,0.0,g
1562,Jordnötter rostade saltade,"Folat, totalt",Nötter frön,115.0,µg
1562,Jordnötter rostade saltade,Fibrer,Nötter frön,11.6,g
1562,Jordnötter rostade saltade,"Fett, totalt",Nötter frön,51.3,g
1562,Jordnötter rostade saltade,"Järn, Fe",Nötter frön,1.5,mg
1562,Jordnötter rostade saltade,Energi (kJ),Nötter frön,2530.0,kJ
1562,Jordnötter rostade saltade,Energi (kcal),Nötter frön,605.0,kcal
1562,Jordnötter rostade saltade,Disackarider,Nötter frön,4.6,g
1562,Jordnötter rostade saltade,"Kalcium, Ca",Nötter frön,61.0,mg
1562,Jordnötter rostade saltade,Fettsyra 4:0-10:0,Nötter frön,0.0,g
1562,Jordnötter rostade saltade,DHA (C22:6),Nötter frön,0.0,g
1562,Jordnötter rostade saltade,DPA (C22:5),Nötter frön,0.0,g
1562,Jordnötter rostade saltade,EPA (C20:5),Nötter frön,0.0,g
1562,Jordnötter rostade saltade,Arakidonsyra C20:4,Nötter frön,0.0,g
1562,Jordnötter rostade saltade,Arakidinsyra C20:0,Nötter frön,0.5,g
1562,Jordnötter rostade saltade,Linolensyra C18:3,Nötter frön,0.0,g
1562,Jordnötter rostade saltade,Linolsyra C18:2,Nötter frön,5.1,g
1562,Jordnötter rostade saltade,Oljesyra C18:1,Nötter frön,36.3,g
1562,Jordnötter rostade saltade,Stearinsyra C18:0,Nötter frön,1.0,g
1562,Jordnötter rostade saltade,Palmitoljesyra C16:1,Nötter frön,0.0,g
1562,Jordnötter rostade saltade,Palmitinsyra C16:0,Nötter frön,3.2,g
1562,Jordnötter rostade saltade,Myristinsyra C14:0,Nötter frön,0.0,g
1562,Jordnötter rostade saltade,Laurinsyra C12:0,Nötter frön,0.0,g
1562,Jordnötter rostade saltade,Betakaroten/β-Karoten,Nötter frön,11.0,µg
1562,Jordnötter rostade saltade,Avfall (skal etc.),Nötter frön,0.0,%
1562,Jordnötter rostade saltade,Aska,Nötter frön,3.7,g
1562,Jordnötter rostade saltade,Alkohol,Nötter frön,0.0,g
1563,Kastanjer,"Zink, Zn",Nötter frön,0.5,mg
1563,Kastanjer,Vitamin E,Nötter frön,0.5,mg
1563,Kastanjer,Vitamin D inkl 25-OH-D3,Nötter frön,0.0,µg
1563,Kastanjer,Vitamin D,Nötter frön,0.0,µg
1563,Kastanjer,Vitamin C,Nötter frön,43.0,mg
1563,Kastanjer,Vitamin B6,Nötter frön,0.38,mg
1563,Kastanjer,Vitamin B12,Nötter frön,0.0,µg
1563,Kastanjer,Vitamin A,Nötter frön,1.5,RE/µg
1563,Kastanjer,Vatten,Nötter frön,48.5,g
1563,Kastanjer,Tiamin,Nötter frön,0.24,mg
1563,Kastanjer,Tillsatt socker,Nötter frön,0.0,g
1563,Kastanjer,Fritt socker,Nötter frön,0.0,g
1563,Kastanjer,"Selen, Se",Nötter frön,2.0,µg
1563,Kastanjer,Sackaros,Nötter frön,3.6,g
1563,Kastanjer,Riboflavin,Nötter frön,0.17,mg
1563,Kastanjer,Retinol,Nötter frön,0.0,µg
1563,Kastanjer,Protein,Nötter frön,2.4,g
1563,Kastanjer,Summa fleromättade fettsyror,Nötter frön,0.8,g
1563,Kastanjer,"Fosfor, P",Nötter frön,93.0,mg
1563,Kastanjer,Niacinekvivalenter,Nötter frön,1.6,NE/mg
1563,Kastanjer,Niacin,Nötter frön,1.2,mg
1563,Kastanjer,"Salt, NaCl",Nötter frön,0.0,g
1563,Kastanjer,"Natrium, Na",Nötter frön,3.0,mg
1563,Kastanjer,Monosackarider,Nötter frön,3.4,g
1563,Kastanjer,"Sockerarter, totalt",Nötter frön,7.0,g
1563,Kastanjer,Summa enkelomättade fettsyror,Nötter frön,0.7,g
1563,Kastanjer,"Magnesium, Mg",Nötter frön,32.0,mg
1563,Kastanjer,Summa mättade fettsyror,Nötter frön,0.3,g
1563,Kastanjer,"Kolhydrater, tillgängliga",Nötter frön,39.0,g
1563,Kastanjer,Kolesterol,Nötter frön,0.0,mg
1563,Kastanjer,"Kalium, K",Nötter frön,520.0,mg
1563,Kastanjer,"Jod, I",Nötter frön,0.0,µg
1563,Kastanjer,Fullkorn totalt,Nötter frön,0.0,g
1563,Kastanjer,"Folat, totalt",Nötter frön,62.0,µg
1563,Kastanjer,Fibrer,Nötter frön,6.8,g
1563,Kastanjer,"Fett, totalt",Nötter frön,2.2,g
1563,Kastanjer,"Järn, Fe",Nötter frön,1.0,mg
1563,Kastanjer,Energi (kJ),Nötter frön,840.0,kJ
1563,Kastanjer,Energi (kcal),Nötter frön,201.0,kcal
1563,Kastanjer,Disackarider,Nötter frön,3.6,g
1563,Kastanjer,"Kalcium, Ca",Nötter frön,27.0,mg
1563,Kastanjer,Fettsyra 4:0-10:0,Nötter frön,0.0,g
1563,Kastanjer,DHA (C22:6),Nötter frön,0.0,g
1563,Kastanjer,DPA (C22:5),Nötter frön,0.0,g
1563,Kastanjer,EPA (C20:5),Nötter frön,0.0,g
1563,Kastanjer,Arakidonsyra C20:4,Nötter frön,0.0,g
1563,Kastanjer,Arakidinsyra C20:0,Nötter frön,0.0,g
1563,Kastanjer,Linolensyra C18:3,Nötter frön,0.1,g
1563,Kastanjer,Linolsyra C18:2,Nötter frön,0.7,g
1563,Kastanjer,Oljesyra C18:1,Nötter frön,0.7,g
1563,Kastanjer,Stearinsyra C18:0,Nötter frön,0.0,g
1563,Kastanjer,Palmitoljesyra C16:1,Nötter frön,0.0,g
1563,Kastanjer,Palmitinsyra C16:0,Nötter frön,0.3,g
1563,Kastanjer,Myristinsyra C14:0,Nötter frön,0.0,g
1563,Kastanjer,Laurinsyra C12:0,Nötter frön,0.0,g
1563,Kastanjer,Betakaroten/β-Karoten,Nötter frön,18.0,µg
1563,Kastanjer,Avfall (skal etc.),Nötter frön,26.0,%
1563,Kastanjer,Aska,Nötter frön,1.1,g
1563,Kastanjer,Alkohol,Nötter frön,0.0,g
1564,Kokosflingor,"Zink, Zn",Nötter frön,1.2,mg
1564,Kokosflingor,Vitamin E,Nötter frön,0.0,mg
1564,Kokosflingor,Vitamin D inkl 25-OH-D3,Nötter frön,0.0,µg
1564,Kokosflingor,Vitamin D,Nötter frön,0.0,µg
1564,Kokosflingor,Vitamin C,Nötter frön,0.0,mg
1564,Kokosflingor,Vitamin B6,Nötter frön,0.12,mg
1564,Kokosflingor,Vitamin B12,Nötter frön,0.0,µg
1564,Kokosflingor,Vitamin A,Nötter frön,0.0,RE/µg
1564,Kokosflingor,Vatten,Nötter frön,2.2,g
1564,Kokosflingor,Tiamin,Nötter frön,0.03,mg
1564,Kokosflingor,Tillsatt socker,Nötter frön,0.0,g
1564,Kokosflingor,Fritt socker,Nötter frön,0.0,g
1564,Kokosflingor,"Selen, Se",Nötter frön,0.0,µg
1564,Kokosflingor,Sackaros,Nötter frön,5.0,g
1564,Kokosflingor,Riboflavin,Nötter frön,0.0,mg
1564,Kokosflingor,Retinol,Nötter frön,0.0,µg
1564,Kokosflingor,Protein,Nötter frön,6.2,g
1564,Kokosflingor,Summa fleromättade fettsyror,Nötter frön,0.5,g
1564,Kokosflingor,"Fosfor, P",Nötter frön,185.0,mg
1564,Kokosflingor,Niacinekvivalenter,Nötter frön,2.4,NE/mg
1564,Kokosflingor,Niacin,Nötter frön,1.39,mg
1564,Kokosflingor,"Salt, NaCl",Nötter frön,0.1,g
1564,Kokosflingor,"Natrium, Na",Nötter frön,25.0,mg
1564,Kokosflingor,Monosackarider,Nötter frön,0.4,g
1564,Kokosflingor,"Sockerarter, totalt",Nötter frön,5.4,g
1564,Kokosflingor,Summa enkelomättade fettsyror,Nötter frön,3.0,g
1564,Kokosflingor,"Magnesium, Mg",Nötter frön,109.0,mg
1564,Kokosflingor,Summa mättade fettsyror,Nötter frön,60.7,g
1564,Kokosflingor,"Kolhydrater, tillgängliga",Nötter frön,13.1,g
1564,Kokosflingor,Kolesterol,Nötter frön,0.0,mg
1564,Kokosflingor,"Kalium, K",Nötter frön,793.0,mg
1564,Kokosflingor,"Jod, I",Nötter frön,0.0,µg
1564,Kokosflingor,Fullkorn totalt,Nötter frön,0.0,g
1564,Kokosflingor,"Folat, totalt",Nötter frön,6.2,µg
1564,Kokosflingor,Fibrer,Nötter frön,9.2,g
1564,Kokosflingor,"Fett, totalt",Nötter frön,67.2,g
1564,Kokosflingor,"Järn, Fe",Nötter frön,2.4,mg
1564,Kokosflingor,Energi (kJ),Nötter frön,2889.0,kJ
1564,Kokosflingor,Energi (kcal),Nötter frön,690.0,kcal
1564,Kokosflingor,Disackarider,Nötter frön,5.0,g
1564,Kokosflingor,"Kalcium, Ca",Nötter frön,12.0,mg
1564,Kokosflingor,Fettsyra 4:0-10:0,Nötter frön,8.9,g
1564,Kokosflingor,DHA (C22:6),Nötter frön,0.0,g
1564,Kokosflingor,DPA (C22:5),Nötter frön,0.0,g
1564,Kokosflingor,EPA (C20:5),Nötter frön,0.0,g
1564,Kokosflingor,Arakidonsyra C20:4,Nötter frön,0.0,g
1564,Kokosflingor,Arakidinsyra C20:0,Nötter frön,0.0,g
1564,Kokosflingor,Linolensyra C18:3,Nötter frön,0.0,g
1564,Kokosflingor,Linolsyra C18:2,Nötter frön,0.5,g
1564,Kokosflingor,Oljesyra C18:1,Nötter frön,3.0,g
1564,Kokosflingor,Stearinsyra C18:0,Nötter frön,1.9,g
1564,Kokosflingor,Palmitoljesyra C16:1,Nötter frön,0.0,g
1564,Kokosflingor,Palmitinsyra C16:0,Nötter frön,5.2,g
1564,Kokosflingor,Myristinsyra C14:0,Nötter frön,12.3,g
1564,Kokosflingor,Laurinsyra C12:0,Nötter frön,32.4,g
1564,Kokosflingor,Betakaroten/β-Karoten,Nötter frön,0.0,µg
1564,Kokosflingor,Avfall (skal etc.),Nötter frön,0.0,%
1564,Kokosflingor,Aska,Nötter frön,2.1,g
1564,Kokosflingor,Alkohol,Nötter frön,0.0,g
1565,Kokosnöt,"Zink, Zn",Nötter frön,0.5,mg
1565,Kokosnöt,Vitamin E,Nötter frön,0.7,mg
1565,Kokosnöt,Vitamin D inkl 25-OH-D3,Nötter frön,0.0,µg
1565,Kokosnöt,Vitamin D,Nötter frön,0.0,µg
1565,Kokosnöt,Vitamin C,Nötter frön,3.0,mg
1565,Kokosnöt,Vitamin B6,Nötter frön,0.05,mg
1565,Kokosnöt,Vitamin B12,Nötter frön,0.0,µg
1565,Kokosnöt,Vitamin A,Nötter frön,0.0,RE/µg
1565,Kokosnöt,Vatten,Nötter frön,47.0,g
1565,Kokosnöt,Tiamin,Nötter frön,0.07,mg
1565,Kokosnöt,Tillsatt socker,Nötter frön,0.0,g
1565,Kokosnöt,Fritt socker,Nötter frön,0.0,g
1565,Kokosnöt,"Selen, Se",Nötter frön,1.0,µg
1565,Kokosnöt,Sackaros,Nötter frön,4.7,g
1565,Kokosnöt,Riboflavin,Nötter frön,0.02,mg
1565,Kokosnöt,Retinol,Nötter frön,0.0,µg
1565,Kokosnöt,Protein,Nötter frön,3.4,g
1565,Kokosnöt,Summa fleromättade fettsyror,Nötter frön,0.6,g
1565,Kokosnöt,"Fosfor, P",Nötter frön,113.0,mg
1565,Kokosnöt,Niacinekvivalenter,Nötter frön,1.07,NE/mg
1565,Kokosnöt,Niacin,Nötter frön,0.5,mg
1565,Kokosnöt,"Salt, NaCl",Nötter frön,0.0,g
1565,Kokosnöt,"Natrium, Na",Nötter frön,20.0,mg
1565,Kokosnöt,Monosackarider,Nötter frön,0.1,g
1565,Kokosnöt,"Sockerarter, totalt",Nötter frön,4.8,g
1565,Kokosnöt,Summa enkelomättade fettsyror,Nötter frön,2.2,g
1565,Kokosnöt,"Magnesium, Mg",Nötter frön,43.0,mg
1565,Kokosnöt,Summa mättade fettsyror,Nötter frön,29.2,g
1565,Kokosnöt,"Kolhydrater, tillgängliga",Nötter frön,6.1,g
1565,Kokosnöt,Kolesterol,Nötter frön,0.0,mg
1565,Kokosnöt,"Kalium, K",Nötter frön,355.0,mg
1565,Kokosnöt,"Jod, I",Nötter frön,0.3,µg
1565,Kokosnöt,Fullkorn totalt,Nötter frön,0.0,g
1565,Kokosnöt,"Folat, totalt",Nötter frön,26.0,µg
1565,Kokosnöt,Fibrer,Nötter frön,9.0,g
1565,Kokosnöt,"Fett, totalt",Nötter frön,33.5,g
1565,Kokosnöt,"Järn, Fe",Nötter frön,1.8,mg
1565,Kokosnöt,Energi (kJ),Nötter frön,1473.0,kJ
1565,Kokosnöt,Energi (kcal),Nötter frön,352.0,kcal
1565,Kokosnöt,Disackarider,Nötter frön,4.7,g
1565,Kokosnöt,"Kalcium, Ca",Nötter frön,14.0,mg
1565,Kokosnöt,Fettsyra 4:0-10:0,Nötter frön,4.9,g
1565,Kokosnöt,DHA (C22:6),Nötter frön,0.0,g
1565,Kokosnöt,DPA (C22:5),Nötter frön,0.0,g
1565,Kokosnöt,EPA (C20:5),Nötter frön,0.0,g
1565,Kokosnöt,Arakidonsyra C20:4,Nötter frön,0.0,g
1565,Kokosnöt,Arakidinsyra C20:0,Nötter frön,0.3,g
1565,Kokosnöt,Linolensyra C18:3,Nötter frön,0.0,g
1565,Kokosnöt,Linolsyra C18:2,Nötter frön,0.6,g
1565,Kokosnöt,Oljesyra C18:1,Nötter frön,2.1,g
1565,Kokosnöt,Stearinsyra C18:0,Nötter frön,0.8,g
1565,Kokosnöt,Palmitoljesyra C16:1,Nötter frön,0.1,g
1565,Kokosnöt,Palmitinsyra C16:0,Nötter frön,2.9,g
1565,Kokosnöt,Myristinsyra C14:0,Nötter frön,5.1,g
1565,Kokosnöt,Laurinsyra C12:0,Nötter frön,15.3,g
1565,Kokosnöt,Betakaroten/β-Karoten,Nötter frön,0.0,µg
1565,Kokosnöt,Avfall (skal etc.),Nötter frön,48.0,%
1565,Kokosnöt,Aska,Nötter frön,1.0,g
1565,Kokosnöt,Alkohol,Nötter frön,0.0,g
1566,Kokosmjölk fett ca 6%,"Zink, Zn",Vegetabiliska produkter och mjölkersättning,0.1,mg
1566,Kokosmjölk fett ca 6%,Vitamin E,Vegetabiliska produkter och mjölkersättning,0.0,mg
1566,Kokosmjölk fett ca 6%,Vitamin D inkl 25-OH-D3,Vegetabiliska produkter och mjölkersättning,0.0,µg
1566,Kokosmjölk fett ca 6%,Vitamin D,Vegetabiliska produkter och mjölkersättning,0.0,µg
1566,Kokosmjölk fett ca 6%,Vitamin C,Vegetabiliska produkter och mjölkersättning,0.0,mg
1566,Kokosmjölk fett ca 6%,Vitamin B6,Vegetabiliska produkter och mjölkersättning,0.01,mg
1566,Kokosmjölk fett ca 6%,Vitamin B12,Vegetabiliska produkter och mjölkersättning,0.0,µg
1566,Kokosmjölk fett ca 6%,Vitamin A,Vegetabiliska produkter och mjölkersättning,0.0,RE/µg
1566,Kokosmjölk fett ca 6%,Vatten,Vegetabiliska produkter och mjölkersättning,87.8,g
1566,Kokosmjölk fett ca 6%,Tiamin,Vegetabiliska produkter och mjölkersättning,0.0,mg
1566,Kokosmjölk fett ca 6%,Tillsatt socker,Vegetabiliska produkter och mjölkersättning,0.0,g
1566,Kokosmjölk fett ca 6%,Fritt socker,Vegetabiliska produkter och mjölkersättning,0.0,g
1566,Kokosmjölk fett ca 6%,"Selen, Se",Vegetabiliska produkter och mjölkersättning,1.5,µg
1566,Kokosmjölk fett ca 6%,Sackaros,Vegetabiliska produkter och mjölkersättning,0.8,g
1566,Kokosmjölk fett ca 6%,Riboflavin,Vegetabiliska produkter och mjölkersättning,0.0,mg
1566,Kokosmjölk fett ca 6%,Retinol,Vegetabiliska produkter och mjölkersättning,0.0,µg
1566,Kokosmjölk fett ca 6%,Protein,Vegetabiliska produkter och mjölkersättning,0.6,g
1566,Kokosmjölk fett ca 6%,Summa fleromättade fettsyror,Vegetabiliska produkter och mjölkersättning,0.1,g
1566,Kokosmjölk fett ca 6%,"Fosfor, P",Vegetabiliska produkter och mjölkersättning,18.0,mg
1566,Kokosmjölk fett ca 6%,Niacinekvivalenter,Vegetabiliska produkter och mjölkersättning,0.2,NE/mg
1566,Kokosmjölk fett ca 6%,Niacin,Vegetabiliska produkter och mjölkersättning,0.09,mg
1566,Kokosmjölk fett ca 6%,"Salt, NaCl",Vegetabiliska produkter och mjölkersättning,0.1,g
1566,Kokosmjölk fett ca 6%,"Natrium, Na",Vegetabiliska produkter och mjölkersättning,34.0,mg
1566,Kokosmjölk fett ca 6%,Monosackarider,Vegetabiliska produkter och mjölkersättning,0.0,g
1566,Kokosmjölk fett ca 6%,"Sockerarter, totalt",Vegetabiliska produkter och mjölkersättning,0.8,g
1566,Kokosmjölk fett ca 6%,Summa enkelomättade fettsyror,Vegetabiliska produkter och mjölkersättning,0.4,g
1566,Kokosmjölk fett ca 6%,"Magnesium, Mg",Vegetabiliska produkter och mjölkersättning,12.0,mg
1566,Kokosmjölk fett ca 6%,Summa mättade fettsyror,Vegetabiliska produkter och mjölkersättning,6.2,g
1566,Kokosmjölk fett ca 6%,"Kolhydrater, tillgängliga",Vegetabiliska produkter och mjölkersättning,3.0,g
1566,Kokosmjölk fett ca 6%,Kolesterol,Vegetabiliska produkter och mjölkersättning,0.0,mg
1566,Kokosmjölk fett ca 6%,"Kalium, K",Vegetabiliska produkter och mjölkersättning,77.0,mg
1566,Kokosmjölk fett ca 6%,"Jod, I",Vegetabiliska produkter och mjölkersättning,2.0,µg
1566,Kokosmjölk fett ca 6%,Fullkorn totalt,Vegetabiliska produkter och mjölkersättning,0.0,g
1566,Kokosmjölk fett ca 6%,"Folat, totalt",Vegetabiliska produkter och mjölkersättning,9.2,µg
1566,Kokosmjölk fett ca 6%,Fibrer,Vegetabiliska produkter och mjölkersättning,1.3,g
1566,Kokosmjölk fett ca 6%,"Fett, totalt",Vegetabiliska produkter och mjölkersättning,7.1,g
1566,Kokosmjölk fett ca 6%,"Järn, Fe",Vegetabiliska produkter och mjölkersättning,0.3,mg
1566,Kokosmjölk fett ca 6%,Energi (kJ),Vegetabiliska produkter och mjölkersättning,333.0,kJ
1566,Kokosmjölk fett ca 6%,Energi (kcal),Vegetabiliska produkter och mjölkersättning,80.0,kcal
1566,Kokosmjölk fett ca 6%,Disackarider,Vegetabiliska produkter och mjölkersättning,0.8,g
1566,Kokosmjölk fett ca 6%,"Kalcium, Ca",Vegetabiliska produkter och mjölkersättning,2.0,mg
1566,Kokosmjölk fett ca 6%,Fettsyra 4:0-10:0,Vegetabiliska produkter och mjölkersättning,1.1,g
1566,Kokosmjölk fett ca 6%,DHA (C22:6),Vegetabiliska produkter och mjölkersättning,0.0,g
1566,Kokosmjölk fett ca 6%,DPA (C22:5),Vegetabiliska produkter och mjölkersättning,0.0,g
1566,Kokosmjölk fett ca 6%,EPA (C20:5),Vegetabiliska produkter och mjölkersättning,0.0,g
1566,Kokosmjölk fett ca 6%,Arakidonsyra C20:4,Vegetabiliska produkter och mjölkersättning,0.0,g
1566,Kokosmjölk fett ca 6%,Arakidinsyra C20:0,Vegetabiliska produkter och mjölkersättning,0.0,g
1566,Kokosmjölk fett ca 6%,Linolensyra C18:3,Vegetabiliska produkter och mjölkersättning,0.0,g
1566,Kokosmjölk fett ca 6%,Linolsyra C18:2,Vegetabiliska produkter och mjölkersättning,0.1,g
1566,Kokosmjölk fett ca 6%,Oljesyra C18:1,Vegetabiliska produkter och mjölkersättning,0.4,g
1566,Kokosmjölk fett ca 6%,Stearinsyra C18:0,Vegetabiliska produkter och mjölkersättning,0.3,g
1566,Kokosmjölk fett ca 6%,Palmitoljesyra C16:1,Vegetabiliska produkter och mjölkersättning,0.0,g
1566,Kokosmjölk fett ca 6%,Palmitinsyra C16:0,Vegetabiliska produkter och mjölkersättning,0.7,g
1566,Kokosmjölk fett ca 6%,Myristinsyra C14:0,Vegetabiliska produkter och mjölkersättning,1.2,g
1566,Kokosmjölk fett ca 6%,Laurinsyra C12:0,Vegetabiliska produkter och mjölkersättning,3.1,g
1566,Kokosmjölk fett ca 6%,Betakaroten/β-Karoten,Vegetabiliska produkter och mjölkersättning,0.0,µg
1566,Kokosmjölk fett ca 6%,Avfall (skal etc.),Vegetabiliska produkter och mjölkersättning,0.0,%
1566,Kokosmjölk fett ca 6%,Aska,Vegetabiliska produkter och mjölkersättning,0.3,g
1566,Kokosmjölk fett ca 6%,Alkohol,Vegetabiliska produkter och mjölkersättning,0.0,g
1567,Linfrö hela,"Zink, Zn",Nötter frön,5.4,mg
1567,Linfrö hela,Vitamin E,Nötter frön,0.2,mg
1567,Linfrö hela,Vitamin D inkl 25-OH-D3,Nötter frön,0.0,µg
1567,Linfrö hela,Vitamin D,Nötter frön,0.0,µg
1567,Linfrö hela,Vitamin C,Nötter frön,0.6,mg
1567,Linfrö hela,Vitamin B6,Nötter frön,0.47,mg
1567,Linfrö hela,Vitamin B12,Nötter frön,0.0,µg
1567,Linfrö hela,Vitamin A,Nötter frön,0.0,RE/µg
1567,Linfrö hela,Vatten,Nötter frön,6.3,g
1567,Linfrö hela,Tiamin,Nötter frön,1.64,mg
1567,Linfrö hela,Tillsatt socker,Nötter frön,0.0,g
1567,Linfrö hela,Fritt socker,Nötter frön,0.0,g
1567,Linfrö hela,"Selen, Se",Nötter frön,13.0,µg
1567,Linfrö hela,Sackaros,Nötter frön,1.2,g
1567,Linfrö hela,Riboflavin,Nötter frön,0.16,mg
1567,Linfrö hela,Retinol,Nötter frön,0.0,µg
1567,Linfrö hela,Protein,Nötter frön,18.7,g
1567,Linfrö hela,Summa fleromättade fettsyror,Nötter frön,30.5,g
1567,Linfrö hela,"Fosfor, P",Nötter frön,642.0,mg
1567,Linfrö hela,Niacinekvivalenter,Nötter frön,6.2,NE/mg
1567,Linfrö hela,Niacin,Nötter frön,3.08,mg
1567,Linfrö hela,"Salt, NaCl",Nötter frön,0.1,g
1567,Linfrö hela,"Natrium, Na",Nötter frön,30.0,mg
1567,Linfrö hela,Monosackarider,Nötter frön,0.4,g
1567,Linfrö hela,"Sockerarter, totalt",Nötter frön,1.6,g
1567,Linfrö hela,Summa enkelomättade fettsyror,Nötter frön,7.5,g
1567,Linfrö hela,"Magnesium, Mg",Nötter frön,392.0,mg
1567,Linfrö hela,Summa mättade fettsyror,Nötter frön,3.4,g
1567,Linfrö hela,"Kolhydrater, tillgängliga",Nötter frön,0.0,g
1567,Linfrö hela,Kolesterol,Nötter frön,0.0,mg
1567,Linfrö hela,"Kalium, K",Nötter frön,813.0,mg
1567,Linfrö hela,"Jod, I",Nötter frön,0.0,µg
1567,Linfrö hela,Fullkorn totalt,Nötter frön,0.0,g
1567,Linfrö hela,"Folat, totalt",Nötter frön,87.0,µg
1567,Linfrö hela,Fibrer,Nötter frön,30.4,g
1567,Linfrö hela,"Fett, totalt",Nötter frön,43.8,g
1567,Linfrö hela,"Järn, Fe",Nötter frön,8.2,mg
1567,Linfrö hela,Energi (kJ),Nötter frön,2182.0,kJ
1567,Linfrö hela,Energi (kcal),Nötter frön,522.0,kcal
1567,Linfrö hela,Disackarider,Nötter frön,1.2,g
1567,Linfrö hela,"Kalcium, Ca",Nötter frön,234.0,mg
1567,Linfrö hela,Fettsyra 4:0-10:0,Nötter frön,0.0,g
1567,Linfrö hela,DHA (C22:6),Nötter frön,0.0,g
1567,Linfrö hela,DPA (C22:5),Nötter frön,0.0,g
1567,Linfrö hela,EPA (C20:5),Nötter frön,0.0,g
1567,Linfrö hela,Arakidonsyra C20:4,Nötter frön,0.0,g
1567,Linfrö hela,Arakidinsyra C20:0,Nötter frön,0.0,g
1567,Linfrö hela,Linolensyra C18:3,Nötter frön,24.2,g
1567,Linfrö hela,Linolsyra C18:2,Nötter frön,6.3,g
1567,Linfrö hela,Oljesyra C18:1,Nötter frön,7.5,g
1567,Linfrö hela,Stearinsyra C18:0,Nötter frön,1.5,g
1567,Linfrö hela,Palmitoljesyra C16:1,Nötter frön,0.0,g
1567,Linfrö hela,Palmitinsyra C16:0,Nötter frön,1.9,g
1567,Linfrö hela,Myristinsyra C14:0,Nötter frön,0.0,g
1567,Linfrö hela,Laurinsyra C12:0,Nötter frön,0.0,g
1567,Linfrö hela,Betakaroten/β-Karoten,Nötter frön,0.0,µg
1567,Linfrö hela,Avfall (skal etc.),Nötter frön,0.0,%
1567,Linfrö hela,Aska,Nötter frön,3.0,g
1567,Linfrö hela,Alkohol,Nötter frön,0.0,g
1568,Paranötter,"Zink, Zn",Nötter frön,3.8,mg
1568,Paranötter,Vitamin E,Nötter frön,6.1,mg
1568,Paranötter,Vitamin D inkl 25-OH-D3,Nötter frön,0.0,µg
1568,Paranötter,Vitamin D,Nötter frön,0.0,µg
1568,Paranötter,Vitamin C,Nötter frön,0.0,mg
1568,Paranötter,Vitamin B6,Nötter frön,0.33,mg
1568,Paranötter,Vitamin B12,Nötter frön,0.0,µg
1568,Paranötter,Vitamin A,Nötter frön,0.6,RE/µg
1568,Paranötter,Vatten,Nötter frön,1.8,g
1568,Paranötter,Tiamin,Nötter frön,0.73,mg
1568,Paranötter,Tillsatt socker,Nötter frön,0.0,g
1568,Paranötter,Fritt socker,Nötter frön,0.0,g
1568,Paranötter,"Selen, Se",Nötter frön,225.0,µg
1568,Paranötter,Sackaros,Nötter frön,1.8,g
1568,Paranötter,Riboflavin,Nötter frön,0.0,mg
1568,Paranötter,Retinol,Nötter frön,0.0,µg
1568,Paranötter,Protein,Nötter frön,14.2,g
1568,Paranötter,Summa fleromättade fettsyror,Nötter frön,29.2,g
1568,Paranötter,"Fosfor, P",Nötter frön,723.0,mg
1568,Paranötter,Niacinekvivalenter,Nötter frön,2.9,NE/mg
1568,Paranötter,Niacin,Nötter frön,0.48,mg
1568,Paranötter,"Salt, NaCl",Nötter frön,0.0,g
1568,Paranötter,"Natrium, Na",Nötter frön,0.0,mg
1568,Paranötter,Monosackarider,Nötter frön,0.0,g
1568,Paranötter,"Sockerarter, totalt",Nötter frön,1.8,g
1568,Paranötter,Summa enkelomättade fettsyror,Nötter frön,20.1,g
1568,Paranötter,"Magnesium, Mg",Nötter frön,400.0,mg
1568,Paranötter,Summa mättade fettsyror,Nötter frön,15.4,g
1568,Paranötter,"Kolhydrater, tillgängliga",Nötter frön,0.0,g
1568,Paranötter,Kolesterol,Nötter frön,0.0,mg
1568,Paranötter,"Kalium, K",Nötter frön,623.0,mg
1568,Paranötter,"Jod, I",Nötter frön,0.0,µg
1568,Paranötter,Fullkorn totalt,Nötter frön,0.0,g
1568,Paranötter,"Folat, totalt",Nötter frön,5.3,µg
1568,Paranötter,Fibrer,Nötter frön,13.7,g
1568,Paranötter,"Fett, totalt",Nötter frön,67.8,g
1568,Paranötter,"Järn, Fe",Nötter frön,2.4,mg
1568,Paranötter,Energi (kJ),Nötter frön,2860.0,kJ
1568,Paranötter,Energi (kcal),Nötter frön,683.0,kcal
1568,Paranötter,Disackarider,Nötter frön,1.8,g
1568,Paranötter,"Kalcium, Ca",Nötter frön,176.0,mg
1568,Paranötter,Fettsyra 4:0-10:0,Nötter frön,0.0,g
1568,Paranötter,DHA (C22:6),Nötter frön,0.0,g
1568,Paranötter,DPA (C22:5),Nötter frön,0.0,g
1568,Paranötter,EPA (C20:5),Nötter frön,0.0,g
1568,Paranötter,Arakidonsyra C20:4,Nötter frön,0.0,g
1568,Paranötter,Arakidinsyra C20:0,Nötter frön,0.1,g
1568,Paranötter,Linolensyra C18:3,Nötter frön,0.0,g
1568,Paranötter,Linolsyra C18:2,Nötter frön,29.2,g
1568,Paranötter,Oljesyra C18:1,Nötter frön,19.9,g
1568,Paranötter,Stearinsyra C18:0,Nötter frön,6.0,g
1568,Paranötter,Palmitoljesyra C16:1,Nötter frön,0.2,g
1568,Paranötter,Palmitinsyra C16:0,Nötter frön,9.2,g
1568,Paranötter,Myristinsyra C14:0,Nötter frön,0.0,g
1568,Paranötter,Laurinsyra C12:0,Nötter frön,0.0,g
1568,Paranötter,Betakaroten/β-Karoten,Nötter frön,5.0,µg
1568,Paranötter,Avfall (skal etc.),Nötter frön,52.0,%
1568,Paranötter,Aska,Nötter frön,3.8,g
1568,Paranötter,Alkohol,Nötter frön,0.0,g
1569,Pekannötter,"Zink, Zn",Nötter frön,4.1,mg
1569,Pekannötter,Vitamin E,Nötter frön,1.4,mg
1569,Pekannötter,Vitamin D inkl 25-OH-D3,Nötter frön,0.0,µg
1569,Pekannötter,Vitamin D,Nötter frön,0.0,µg
1569,Pekannötter,Vitamin C,Nötter frön,0.0,mg
1569,Pekannötter,Vitamin B6,Nötter frön,0.14,mg
1569,Pekannötter,Vitamin B12,Nötter frön,0.0,µg
1569,Pekannötter,Vitamin A,Nötter frön,2.0,RE/µg
1569,Pekannötter,Vatten,Nötter frön,1.9,g
1569,Pekannötter,Tiamin,Nötter frön,0.46,mg
1569,Pekannötter,Tillsatt socker,Nötter frön,0.0,g
1569,Pekannötter,Fritt socker,Nötter frön,0.0,g
1569,Pekannötter,"Selen, Se",Nötter frön,0.0,µg
1569,Pekannötter,Sackaros,Nötter frön,2.9,g
1569,Pekannötter,Riboflavin,Nötter frön,0.04,mg
1569,Pekannötter,Retinol,Nötter frön,0.0,µg
1569,Pekannötter,Protein,Nötter frön,8.5,g
1569,Pekannötter,Summa fleromättade fettsyror,Nötter frön,21.1,g
1569,Pekannötter,"Fosfor, P",Nötter frön,408.0,mg
1569,Pekannötter,Niacinekvivalenter,Nötter frön,2.2,NE/mg
1569,Pekannötter,Niacin,Nötter frön,0.82,mg
1569,Pekannötter,"Salt, NaCl",Nötter frön,0.0,g
1569,Pekannötter,"Natrium, Na",Nötter frön,0.0,mg
1569,Pekannötter,Monosackarider,Nötter frön,1.0,g
1569,Pekannötter,"Sockerarter, totalt",Nötter frön,4.0,g
1569,Pekannötter,Summa enkelomättade fettsyror,Nötter frön,42.7,g
1569,Pekannötter,"Magnesium, Mg",Nötter frön,173.0,mg
1569,Pekannötter,Summa mättade fettsyror,Nötter frön,6.2,g
1569,Pekannötter,"Kolhydrater, tillgängliga",Nötter frön,1.5,g
1569,Pekannötter,Kolesterol,Nötter frön,0.0,mg
1569,Pekannötter,"Kalium, K",Nötter frön,662.0,mg
1569,Pekannötter,"Jod, I",Nötter frön,0.0,µg
1569,Pekannötter,Fullkorn totalt,Nötter frön,0.0,g
1569,Pekannötter,"Folat, totalt",Nötter frön,33.1,µg
1569,Pekannötter,Fibrer,Nötter frön,13.3,g
1569,Pekannötter,"Fett, totalt",Nötter frön,73.3,g
1569,Pekannötter,"Järn, Fe",Nötter frön,2.5,mg
1569,Pekannötter,Energi (kJ),Nötter frön,2988.0,kJ
1569,Pekannötter,Energi (kcal),Nötter frön,714.0,kcal
1569,Pekannötter,Disackarider,Nötter frön,2.9,g
1569,Pekannötter,"Kalcium, Ca",Nötter frön,53.0,mg
1569,Pekannötter,Fettsyra 4:0-10:0,Nötter frön,0.0,g
1569,Pekannötter,DHA (C22:6),Nötter frön,0.0,g
1569,Pekannötter,DPA (C22:5),Nötter frön,0.0,g
1569,Pekannötter,EPA (C20:5),Nötter frön,0.0,g
1569,Pekannötter,Arakidonsyra C20:4,Nötter frön,0.0,g
1569,Pekannötter,Arakidinsyra C20:0,Nötter frön,0.1,g
1569,Pekannötter,Linolensyra C18:3,Nötter frön,0.8,g
1569,Pekannötter,Linolsyra C18:2,Nötter frön,20.2,g
1569,Pekannötter,Oljesyra C18:1,Nötter frön,42.5,g
1569,Pekannötter,Stearinsyra C18:0,Nötter frön,1.7,g
1569,Pekannötter,Palmitoljesyra C16:1,Nötter frön,0.0,g
1569,Pekannötter,Palmitinsyra C16:0,Nötter frön,4.4,g
1569,Pekannötter,Myristinsyra C14:0,Nötter frön,0.0,g
1569,Pekannötter,Laurinsyra C12:0,Nötter frön,0.0,g
1569,Pekannötter,Betakaroten/β-Karoten,Nötter frön,19.0,µg
1569,Pekannötter,Avfall (skal etc.),Nötter frön,47.0,%
1569,Pekannötter,Aska,Nötter frön,1.6,g
1569,Pekannötter,Alkohol,Nötter frön,0.0,g
1570,Pistaschnötter u. salt,"Zink, Zn",Nötter frön,2.4,mg
1570,Pistaschnötter u. salt,Vitamin E,Nötter frön,31.4,mg
1570,Pistaschnötter u. salt,Vitamin D inkl 25-OH-D3,Nötter frön,0.0,µg
1570,Pistaschnötter u. salt,Vitamin D,Nötter frön,0.0,µg
1570,Pistaschnötter u. salt,Vitamin C,Nötter frön,0.0,mg
1570,Pistaschnötter u. salt,Vitamin B6,Nötter frön,0.96,mg
1570,Pistaschnötter u. salt,Vitamin B12,Nötter frön,0.0,µg
1570,Pistaschnötter u. salt,Vitamin A,Nötter frön,9.2,RE/µg
1570,Pistaschnötter u. salt,Vatten,Nötter frön,4.7,g
1570,Pistaschnötter u. salt,Tiamin,Nötter frön,0.98,mg
1570,Pistaschnötter u. salt,Tillsatt socker,Nötter frön,0.0,g
1570,Pistaschnötter u. salt,Fritt socker,Nötter frön,0.0,g
1570,Pistaschnötter u. salt,"Selen, Se",Nötter frön,10.5,µg
1570,Pistaschnötter u. salt,Sackaros,Nötter frön,1.2,g
1570,Pistaschnötter u. salt,Riboflavin,Nötter frön,0.04,mg
1570,Pistaschnötter u. salt,Retinol,Nötter frön,0.0,µg
1570,Pistaschnötter u. salt,Protein,Nötter frön,23.4,g
1570,Pistaschnötter u. salt,Summa fleromättade fettsyror,Nötter frön,11.9,g
1570,Pistaschnötter u. salt,"Fosfor, P",Nötter frön,537.0,mg
1570,Pistaschnötter u. salt,Niacinekvivalenter,Nötter frön,4.8,NE/mg
1570,Pistaschnötter u. salt,Niacin,Nötter frön,0.86,mg
1570,Pistaschnötter u. salt,"Salt, NaCl",Nötter frön,0.0,g
1570,Pistaschnötter u. salt,"Natrium, Na",Nötter frön,7.0,mg
1570,Pistaschnötter u. salt,Monosackarider,Nötter frön,6.8,g
1570,Pistaschnötter u. salt,"Sockerarter, totalt",Nötter frön,7.9,g
1570,Pistaschnötter u. salt,Summa enkelomättade fettsyror,Nötter frön,18.9,g
1570,Pistaschnötter u. salt,"Magnesium, Mg",Nötter frön,149.0,mg
1570,Pistaschnötter u. salt,Summa mättade fettsyror,Nötter frön,4.0,g
1570,Pistaschnötter u. salt,"Kolhydrater, tillgängliga",Nötter frön,15.8,g
1570,Pistaschnötter u. salt,Kolesterol,Nötter frön,0.0,mg
1570,Pistaschnötter u. salt,"Kalium, K",Nötter frön,1053.0,mg
1570,Pistaschnötter u. salt,"Jod, I",Nötter frön,6.2,µg
1570,Pistaschnötter u. salt,Fullkorn totalt,Nötter frön,0.0,g
1570,Pistaschnötter u. salt,"Folat, totalt",Nötter frön,64.9,µg
1570,Pistaschnötter u. salt,Fibrer,Nötter frön,10.6,g
1570,Pistaschnötter u. salt,"Fett, totalt",Nötter frön,42.5,g
1570,Pistaschnötter u. salt,"Järn, Fe",Nötter frön,4.5,mg
1570,Pistaschnötter u. salt,Energi (kJ),Nötter frön,2323.0,kJ
1570,Pistaschnötter u. salt,Energi (kcal),Nötter frön,555.0,kcal
1570,Pistaschnötter u. salt,Disackarider,Nötter frön,1.2,g
1570,Pistaschnötter u. salt,"Kalcium, Ca",Nötter frön,135.0,mg
1570,Pistaschnötter u. salt,Fettsyra 4:0-10:0,Nötter frön,0.0,g
1570,Pistaschnötter u. salt,DHA (C22:6),Nötter frön,0.0,g
1570,Pistaschnötter u. salt,DPA (C22:5),Nötter frön,0.0,g
1570,Pistaschnötter u. salt,EPA (C20:5),Nötter frön,0.0,g
1570,Pistaschnötter u. salt,Arakidonsyra C20:4,Nötter frön,0.0,g
1570,Pistaschnötter u. salt,Arakidinsyra C20:0,Nötter frön,0.0,g
1570,Pistaschnötter u. salt,Linolensyra C18:3,Nötter frön,0.2,g
1570,Pistaschnötter u. salt,Linolsyra C18:2,Nötter frön,11.8,g
1570,Pistaschnötter u. salt,Oljesyra C18:1,Nötter frön,18.5,g
1570,Pistaschnötter u. salt,Stearinsyra C18:0,Nötter frön,0.4,g
1570,Pistaschnötter u. salt,Palmitoljesyra C16:1,Nötter frön,0.3,g
1570,Pistaschnötter u. salt,Palmitinsyra C16:0,Nötter frön,3.5,g
1570,Pistaschnötter u. salt,Myristinsyra C14:0,Nötter frön,0.0,g
1570,Pistaschnötter u. salt,Laurinsyra C12:0,Nötter frön,0.0,g
1570,Pistaschnötter u. salt,Betakaroten/β-Karoten,Nötter frön,110.0,µg
1570,Pistaschnötter u. salt,Avfall (skal etc.),Nötter frön,50.0,%
1570,Pistaschnötter u. salt,Aska,Nötter frön,3.0,g
1570,Pistaschnötter u. salt,Alkohol,Nötter frön,0.0,g
1571,Pumpafrö,"Zink, Zn",Nötter frön,8.4,mg
1571,Pumpafrö,Vitamin E,Nötter frön,2.3,mg
1571,Pumpafrö,Vitamin D inkl 25-OH-D3,Nötter frön,0.0,µg
1571,Pumpafrö,Vitamin D,Nötter frön,0.0,µg
1571,Pumpafrö,Vitamin C,Nötter frön,1.9,mg
1571,Pumpafrö,Vitamin B6,Nötter frön,0.14,mg
1571,Pumpafrö,Vitamin B12,Nötter frön,0.0,µg
1571,Pumpafrö,Vitamin A,Nötter frön,0.8,RE/µg
1571,Pumpafrö,Vatten,Nötter frön,5.8,g
1571,Pumpafrö,Tiamin,Nötter frön,0.27,mg
1571,Pumpafrö,Tillsatt socker,Nötter frön,0.0,g
1571,Pumpafrö,Fritt socker,Nötter frön,0.0,g
1571,Pumpafrö,"Selen, Se",Nötter frön,9.4,µg
1571,Pumpafrö,Sackaros,Nötter frön,1.1,g
1571,Pumpafrö,Riboflavin,Nötter frön,0.15,mg
1571,Pumpafrö,Retinol,Nötter frön,0.0,µg
1571,Pumpafrö,Protein,Nötter frön,29.8,g
1571,Pumpafrö,Summa fleromättade fettsyror,Nötter frön,22.2,g
1571,Pumpafrö,"Fosfor, P",Nötter frön,1233.0,mg
1571,Pumpafrö,Niacinekvivalenter,Nötter frön,9.9,NE/mg
1571,Pumpafrö,Niacin,Nötter frön,4.99,mg
1571,Pumpafrö,"Salt, NaCl",Nötter frön,0.0,g
1571,Pumpafrö,"Natrium, Na",Nötter frön,7.0,mg
1571,Pumpafrö,Monosackarider,Nötter frön,0.3,g
1571,Pumpafrö,"Sockerarter, totalt",Nötter frön,1.4,g
1571,Pumpafrö,Summa enkelomättade fettsyror,Nötter frön,15.7,g
1571,Pumpafrö,"Magnesium, Mg",Nötter frön,592.0,mg
1571,Pumpafrö,Summa mättade fettsyror,Nötter frön,7.3,g
1571,Pumpafrö,"Kolhydrater, tillgängliga",Nötter frön,2.4,g
1571,Pumpafrö,Kolesterol,Nötter frön,0.0,mg
1571,Pumpafrö,"Kalium, K",Nötter frön,809.0,mg
1571,Pumpafrö,"Jod, I",Nötter frön,0.2,µg
1571,Pumpafrö,Fullkorn totalt,Nötter frön,0.0,g
1571,Pumpafrö,"Folat, totalt",Nötter frön,58.0,µg
1571,Pumpafrö,Fibrer,Nötter frön,9.2,g
1571,Pumpafrö,"Fett, totalt",Nötter frön,48.0,g
1571,Pumpafrö,"Järn, Fe",Nötter frön,10.3,mg
1571,Pumpafrö,Energi (kJ),Nötter frön,2396.0,kJ
1571,Pumpafrö,Energi (kcal),Nötter frön,573.0,kcal
1571,Pumpafrö,Disackarider,Nötter frön,1.1,g
1571,Pumpafrö,"Kalcium, Ca",Nötter frön,63.0,mg
1571,Pumpafrö,Fettsyra 4:0-10:0,Nötter frön,0.0,g
1571,Pumpafrö,DHA (C22:6),Nötter frön,0.0,g
1571,Pumpafrö,DPA (C22:5),Nötter frön,0.0,g
1571,Pumpafrö,EPA (C20:5),Nötter frön,0.0,g
1571,Pumpafrö,Arakidonsyra C20:4,Nötter frön,0.0,g
1571,Pumpafrö,Arakidinsyra C20:0,Nötter frön,0.1,g
1571,Pumpafrö,Linolensyra C18:3,Nötter frön,0.0,g
1571,Pumpafrö,Linolsyra C18:2,Nötter frön,22.2,g
1571,Pumpafrö,Oljesyra C18:1,Nötter frön,15.7,g
1571,Pumpafrö,Stearinsyra C18:0,Nötter frön,2.3,g
1571,Pumpafrö,Palmitoljesyra C16:1,Nötter frön,0.0,g
1571,Pumpafrö,Palmitinsyra C16:0,Nötter frön,4.8,g
1571,Pumpafrö,Myristinsyra C14:0,Nötter frön,0.1,g
1571,Pumpafrö,Laurinsyra C12:0,Nötter frön,0.0,g
1571,Pumpafrö,Betakaroten/β-Karoten,Nötter frön,9.0,µg
1571,Pumpafrö,Avfall (skal etc.),Nötter frön,26.0,%
1571,Pumpafrö,Aska,Nötter frön,4.8,g
1571,Pumpafrö,Alkohol,Nötter frön,0.0,g
1572,Sesamfrö m. skal,"Zink, Zn",Nötter frön,6.3,mg
1572,Sesamfrö m. skal,Vitamin E,Nötter frön,0.0,mg
1572,Sesamfrö m. skal,Vitamin D inkl 25-OH-D3,Nötter frön,0.0,µg
1572,Sesamfrö m. skal,Vitamin D,Nötter frön,0.0,µg
1572,Sesamfrö m. skal,Vitamin C,Nötter frön,0.0,mg
1572,Sesamfrö m. skal,Vitamin B6,Nötter frön,0.37,mg
1572,Sesamfrö m. skal,Vitamin B12,Nötter frön,0.0,µg
1572,Sesamfrö m. skal,Vitamin A,Nötter frön,0.5,RE/µg
1572,Sesamfrö m. skal,Vatten,Nötter frön,4.0,g
1572,Sesamfrö m. skal,Tiamin,Nötter frön,0.75,mg
1572,Sesamfrö m. skal,Tillsatt socker,Nötter frön,0.0,g
1572,Sesamfrö m. skal,Fritt socker,Nötter frön,0.0,g
1572,Sesamfrö m. skal,"Selen, Se",Nötter frön,49.1,µg
1572,Sesamfrö m. skal,Sackaros,Nötter frön,0.6,g
1572,Sesamfrö m. skal,Riboflavin,Nötter frön,0.22,mg
1572,Sesamfrö m. skal,Retinol,Nötter frön,0.0,µg
1572,Sesamfrö m. skal,Protein,Nötter frön,19.9,g
1572,Sesamfrö m. skal,Summa fleromättade fettsyror,Nötter frön,23.2,g
1572,Sesamfrö m. skal,"Fosfor, P",Nötter frön,630.0,mg
1572,Sesamfrö m. skal,Niacinekvivalenter,Nötter frön,7.9,NE/mg
1572,Sesamfrö m. skal,Niacin,Nötter frön,4.6,mg
1572,Sesamfrö m. skal,"Salt, NaCl",Nötter frön,0.0,g
1572,Sesamfrö m. skal,"Natrium, Na",Nötter frön,1.0,mg
1572,Sesamfrö m. skal,Monosackarider,Nötter frön,0.0,g
1572,Sesamfrö m. skal,"Sockerarter, totalt",Nötter frön,0.6,g
1572,Sesamfrö m. skal,Summa enkelomättade fettsyror,Nötter frön,21.7,g
1572,Sesamfrö m. skal,"Magnesium, Mg",Nötter frön,335.0,mg
1572,Sesamfrö m. skal,Summa mättade fettsyror,Nötter frön,6.8,g
1572,Sesamfrö m. skal,"Kolhydrater, tillgängliga",Nötter frön,4.4,g
1572,Sesamfrö m. skal,Kolesterol,Nötter frön,0.0,mg
1572,Sesamfrö m. skal,"Kalium, K",Nötter frön,505.0,mg
1572,Sesamfrö m. skal,"Jod, I",Nötter frön,0.0,µg
1572,Sesamfrö m. skal,Fullkorn totalt,Nötter frön,0.0,g
1572,Sesamfrö m. skal,"Folat, totalt",Nötter frön,171.0,µg
1572,Sesamfrö m. skal,Fibrer,Nötter frön,12.0,g
1572,Sesamfrö m. skal,"Fett, totalt",Nötter frön,54.8,g
1572,Sesamfrö m. skal,"Järn, Fe",Nötter frön,9.1,mg
1572,Sesamfrö m. skal,Energi (kJ),Nötter frön,2537.0,kJ
1572,Sesamfrö m. skal,Energi (kcal),Nötter frön,606.0,kcal
1572,Sesamfrö m. skal,Disackarider,Nötter frön,0.6,g
1572,Sesamfrö m. skal,"Kalcium, Ca",Nötter frön,960.0,mg
1572,Sesamfrö m. skal,Fettsyra 4:0-10:0,Nötter frön,0.0,g
1572,Sesamfrö m. skal,DHA (C22:6),Nötter frön,0.0,g
1572,Sesamfrö m. skal,DPA (C22:5),Nötter frön,0.0,g
1572,Sesamfrö m. skal,EPA (C20:5),Nötter frön,0.0,g
1572,Sesamfrö m. skal,Arakidonsyra C20:4,Nötter frön,0.0,g
1572,Sesamfrö m. skal,Arakidinsyra C20:0,Nötter frön,0.2,g
1572,Sesamfrö m. skal,Linolensyra C18:3,Nötter frön,0.2,g
1572,Sesamfrö m. skal,Linolsyra C18:2,Nötter frön,23.1,g
1572,Sesamfrö m. skal,Oljesyra C18:1,Nötter frön,21.7,g
1572,Sesamfrö m. skal,Stearinsyra C18:0,Nötter frön,2.4,g
1572,Sesamfrö m. skal,Palmitoljesyra C16:1,Nötter frön,0.0,g
1572,Sesamfrö m. skal,Palmitinsyra C16:0,Nötter frön,4.2,g
1572,Sesamfrö m. skal,Myristinsyra C14:0,Nötter frön,0.0,g
1572,Sesamfrö m. skal,Laurinsyra C12:0,Nötter frön,0.0,g
1572,Sesamfrö m. skal,Betakaroten/β-Karoten,Nötter frön,6.0,µg
1572,Sesamfrö m. skal,Avfall (skal etc.),Nötter frön,0.0,%
1572,Sesamfrö m. skal,Aska,Nötter frön,4.9,g
1572,Sesamfrö m. skal,Alkohol,Nötter frön,0.0,g
1573,Sesamfrö u. skal,"Zink, Zn",Nötter frön,7.6,mg
1573,Sesamfrö u. skal,Vitamin E,Nötter frön,0.0,mg
1573,Sesamfrö u. skal,Vitamin D inkl 25-OH-D3,Nötter frön,0.0,µg
1573,Sesamfrö u. skal,Vitamin D,Nötter frön,0.0,µg
1573,Sesamfrö u. skal,Vitamin C,Nötter frön,0.0,mg
1573,Sesamfrö u. skal,Vitamin B6,Nötter frön,0.35,mg
1573,Sesamfrö u. skal,Vitamin B12,Nötter frön,0.0,µg
1573,Sesamfrö u. skal,Vitamin A,Nötter frön,0.5,RE/µg
1573,Sesamfrö u. skal,Vatten,Nötter frön,3.4,g
1573,Sesamfrö u. skal,Tiamin,Nötter frön,0.83,mg
1573,Sesamfrö u. skal,Tillsatt socker,Nötter frön,0.0,g
1573,Sesamfrö u. skal,Fritt socker,Nötter frön,0.0,g
1573,Sesamfrö u. skal,"Selen, Se",Nötter frön,84.5,µg
1573,Sesamfrö u. skal,Sackaros,Nötter frön,1.0,g
1573,Sesamfrö u. skal,Riboflavin,Nötter frön,0.12,mg
1573,Sesamfrö u. skal,Retinol,Nötter frön,0.0,µg
1573,Sesamfrö u. skal,Protein,Nötter frön,20.9,g
1573,Sesamfrö u. skal,Summa fleromättade fettsyror,Nötter frön,25.2,g
1573,Sesamfrö u. skal,"Fosfor, P",Nötter frön,640.0,mg
1573,Sesamfrö u. skal,Niacinekvivalenter,Nötter frön,9.0,NE/mg
1573,Sesamfrö u. skal,Niacin,Nötter frön,5.5,mg
1573,Sesamfrö u. skal,"Salt, NaCl",Nötter frön,0.1,g
1573,Sesamfrö u. skal,"Natrium, Na",Nötter frön,26.0,mg
1573,Sesamfrö u. skal,Monosackarider,Nötter frön,0.0,g
1573,Sesamfrö u. skal,"Sockerarter, totalt",Nötter frön,1.0,g
1573,Sesamfrö u. skal,Summa enkelomättade fettsyror,Nötter frön,23.5,g
1573,Sesamfrö u. skal,"Magnesium, Mg",Nötter frön,335.0,mg
1573,Sesamfrö u. skal,Summa mättade fettsyror,Nötter frön,7.6,g
1573,Sesamfrö u. skal,"Kolhydrater, tillgängliga",Nötter frön,2.7,g
1573,Sesamfrö u. skal,Kolesterol,Nötter frön,0.0,mg
1573,Sesamfrö u. skal,"Kalium, K",Nötter frön,475.0,mg
1573,Sesamfrö u. skal,"Jod, I",Nötter frön,0.0,µg
1573,Sesamfrö u. skal,Fullkorn totalt,Nötter frön,0.0,g
1573,Sesamfrö u. skal,"Folat, totalt",Nötter frön,115.0,µg
1573,Sesamfrö u. skal,Fibrer,Nötter frön,10.4,g
1573,Sesamfrö u. skal,"Fett, totalt",Nötter frön,59.7,g
1573,Sesamfrö u. skal,"Järn, Fe",Nötter frön,7.4,mg
1573,Sesamfrö u. skal,Energi (kJ),Nötter frön,2693.0,kJ
1573,Sesamfrö u. skal,Energi (kcal),Nötter frön,644.0,kcal
1573,Sesamfrö u. skal,Disackarider,Nötter frön,1.0,g
1573,Sesamfrö u. skal,"Kalcium, Ca",Nötter frön,59.0,mg
1573,Sesamfrö u. skal,Fettsyra 4:0-10:0,Nötter frön,0.0,g
1573,Sesamfrö u. skal,DHA (C22:6),Nötter frön,0.0,g
1573,Sesamfrö u. skal,DPA (C22:5),Nötter frön,0.0,g
1573,Sesamfrö u. skal,EPA (C20:5),Nötter frön,0.0,g
1573,Sesamfrö u. skal,Arakidonsyra C20:4,Nötter frön,0.0,g
1573,Sesamfrö u. skal,Arakidinsyra C20:0,Nötter frön,0.2,g
1573,Sesamfrö u. skal,Linolensyra C18:3,Nötter frön,0.0,g
1573,Sesamfrö u. skal,Linolsyra C18:2,Nötter frön,25.2,g
1573,Sesamfrö u. skal,Oljesyra C18:1,Nötter frön,23.5,g
1573,Sesamfrö u. skal,Stearinsyra C18:0,Nötter frön,2.6,g
1573,Sesamfrö u. skal,Palmitoljesyra C16:1,Nötter frön,0.0,g
1573,Sesamfrö u. skal,Palmitinsyra C16:0,Nötter frön,4.8,g
1573,Sesamfrö u. skal,Myristinsyra C14:0,Nötter frön,0.0,g
1573,Sesamfrö u. skal,Laurinsyra C12:0,Nötter frön,0.0,g
1573,Sesamfrö u. skal,Betakaroten/β-Karoten,Nötter frön,6.0,µg
1573,Sesamfrö u. skal,Avfall (skal etc.),Nötter frön,0.0,%
1573,Sesamfrö u. skal,Aska,Nötter frön,2.9,g
1573,Sesamfrö u. skal,Alkohol,Nötter frön,0.0,g
1574,Solrosfrö,"Zink, Zn",Nötter frön,7.0,mg
1574,Solrosfrö,Vitamin E,Nötter frön,40.0,mg
1574,Solrosfrö,Vitamin D inkl 25-OH-D3,Nötter frön,0.0,µg
1574,Solrosfrö,Vitamin D,Nötter frön,0.0,µg
1574,Solrosfrö,Vitamin C,Nötter frön,0.0,mg
1574,Solrosfrö,Vitamin B6,Nötter frön,0.57,mg
1574,Solrosfrö,Vitamin B12,Nötter frön,0.0,µg
1574,Solrosfrö,Vitamin A,Nötter frön,1.2,RE/µg
1574,Solrosfrö,Vatten,Nötter frön,4.4,g
1574,Solrosfrö,Tiamin,Nötter frön,1.31,mg
1574,Solrosfrö,Tillsatt socker,Nötter frön,0.0,g
1574,Solrosfrö,Fritt socker,Nötter frön,0.0,g
1574,Solrosfrö,"Selen, Se",Nötter frön,15.4,µg
1574,Solrosfrö,Sackaros,Nötter frön,2.9,g
1574,Solrosfrö,Riboflavin,Nötter frön,0.2,mg
1574,Solrosfrö,Retinol,Nötter frön,0.0,µg
1574,Solrosfrö,Protein,Nötter frön,20.6,g
1574,Solrosfrö,Summa fleromättade fettsyror,Nötter frön,30.1,g
1574,Solrosfrö,"Fosfor, P",Nötter frön,670.0,mg
1574,Solrosfrö,Niacinekvivalenter,Nötter frön,6.3,NE/mg
1574,Solrosfrö,Niacin,Nötter frön,2.88,mg
1574,Solrosfrö,"Salt, NaCl",Nötter frön,0.0,g
1574,Solrosfrö,"Natrium, Na",Nötter frön,0.0,mg
1574,Solrosfrö,Monosackarider,Nötter frön,0.0,g
1574,Solrosfrö,"Sockerarter, totalt",Nötter frön,2.9,g
1574,Solrosfrö,Summa enkelomättade fettsyror,Nötter frön,18.3,g
1574,Solrosfrö,"Magnesium, Mg",Nötter frön,320.0,mg
1574,Solrosfrö,Summa mättade fettsyror,Nötter frön,4.9,g
1574,Solrosfrö,"Kolhydrater, tillgängliga",Nötter frön,3.9,g
1574,Solrosfrö,Kolesterol,Nötter frön,0.0,mg
1574,Solrosfrö,"Kalium, K",Nötter frön,755.0,mg
1574,Solrosfrö,"Jod, I",Nötter frön,0.0,µg
1574,Solrosfrö,Fullkorn totalt,Nötter frön,0.0,g
1574,Solrosfrö,"Folat, totalt",Nötter frön,151.0,µg
1574,Solrosfrö,Fibrer,Nötter frön,11.5,g
1574,Solrosfrö,"Fett, totalt",Nötter frön,56.1,g
1574,Solrosfrö,"Järn, Fe",Nötter frön,5.7,mg
1574,Solrosfrö,Energi (kJ),Nötter frön,2584.0,kJ
1574,Solrosfrö,Energi (kcal),Nötter frön,618.0,kcal
1574,Solrosfrö,Disackarider,Nötter frön,2.9,g
1574,Solrosfrö,"Kalcium, Ca",Nötter frön,92.0,mg
1574,Solrosfrö,Fettsyra 4:0-10:0,Nötter frön,0.0,g
1574,Solrosfrö,DHA (C22:6),Nötter frön,0.0,g
1574,Solrosfrö,DPA (C22:5),Nötter frön,0.0,g
1574,Solrosfrö,EPA (C20:5),Nötter frön,0.0,g
1574,Solrosfrö,Arakidonsyra C20:4,Nötter frön,0.0,g
1574,Solrosfrö,Arakidinsyra C20:0,Nötter frön,0.1,g
1574,Solrosfrö,Linolensyra C18:3,Nötter frön,0.0,g
1574,Solrosfrö,Linolsyra C18:2,Nötter frön,30.1,g
1574,Solrosfrö,Oljesyra C18:1,Nötter frön,18.3,g
1574,Solrosfrö,Stearinsyra C18:0,Nötter frön,1.6,g
1574,Solrosfrö,Palmitoljesyra C16:1,Nötter frön,0.0,g
1574,Solrosfrö,Palmitinsyra C16:0,Nötter frön,2.9,g
1574,Solrosfrö,Myristinsyra C14:0,Nötter frön,0.0,g
1574,Solrosfrö,Laurinsyra C12:0,Nötter frön,0.0,g
1574,Solrosfrö,Betakaroten/β-Karoten,Nötter frön,15.0,µg
1574,Solrosfrö,Avfall (skal etc.),Nötter frön,51.0,%
1574,Solrosfrö,Aska,Nötter frön,3.5,g
1574,Solrosfrö,Alkohol,Nötter frön,0.0,g
1575,Sötmandel,"Zink, Zn",Nötter frön,3.2,mg
1575,Sötmandel,Vitamin E,Nötter frön,25.2,mg
1575,Sötmandel,Vitamin D inkl 25-OH-D3,Nötter frön,0.0,µg
1575,Sötmandel,Vitamin D,Nötter frön,0.0,µg
1575,Sötmandel,Vitamin C,Nötter frön,0.0,mg
1575,Sötmandel,Vitamin B6,Nötter frön,0.1,mg
1575,Sötmandel,Vitamin B12,Nötter frön,0.0,µg
1575,Sötmandel,Vitamin A,Nötter frön,0.5,RE/µg
1575,Sötmandel,Vatten,Nötter frön,3.7,g
1575,Sötmandel,Tiamin,Nötter frön,0.12,mg
1575,Sötmandel,Tillsatt socker,Nötter frön,0.0,g
1575,Sötmandel,Fritt socker,Nötter frön,0.0,g
1575,Sötmandel,"Selen, Se",Nötter frön,0.0,µg
1575,Sötmandel,Sackaros,Nötter frön,2.6,g
1575,Sötmandel,Riboflavin,Nötter frön,0.6,mg
1575,Sötmandel,Retinol,Nötter frön,0.0,µg
1575,Sötmandel,Protein,Nötter frön,20.7,g
1575,Sötmandel,Summa fleromättade fettsyror,Nötter frön,11.6,g
1575,Sötmandel,"Fosfor, P",Nötter frön,587.0,mg
1575,Sötmandel,Niacinekvivalenter,Nötter frön,7.6,NE/mg
1575,Sötmandel,Niacin,Nötter frön,4.17,mg
1575,Sötmandel,"Salt, NaCl",Nötter frön,0.0,g
1575,Sötmandel,"Natrium, Na",Nötter frön,0.0,mg
1575,Sötmandel,Monosackarider,Nötter frön,1.1,g
1575,Sötmandel,"Sockerarter, totalt",Nötter frön,3.6,g
1575,Sötmandel,Summa enkelomättade fettsyror,Nötter frön,34.7,g
1575,Sötmandel,"Magnesium, Mg",Nötter frön,273.0,mg
1575,Sötmandel,Summa mättade fettsyror,Nötter frön,4.4,g
1575,Sötmandel,"Kolhydrater, tillgängliga",Nötter frön,0.5,g
1575,Sötmandel,Kolesterol,Nötter frön,0.0,mg
1575,Sötmandel,"Kalium, K",Nötter frön,1010.0,mg
1575,Sötmandel,"Jod, I",Nötter frön,0.0,µg
1575,Sötmandel,Fullkorn totalt,Nötter frön,0.0,g
1575,Sötmandel,"Folat, totalt",Nötter frön,47.2,µg
1575,Sötmandel,Fibrer,Nötter frön,18.7,g
1575,Sötmandel,"Fett, totalt",Nötter frön,53.2,g
1575,Sötmandel,"Järn, Fe",Nötter frön,3.2,mg
1575,Sötmandel,Energi (kJ),Nötter frön,2478.0,kJ
1575,Sötmandel,Energi (kcal),Nötter frön,592.0,kcal
1575,Sötmandel,Disackarider,Nötter frön,2.6,g
1575,Sötmandel,"Kalcium, Ca",Nötter frön,296.0,mg
1575,Sötmandel,Fettsyra 4:0-10:0,Nötter frön,0.0,g
1575,Sötmandel,DHA (C22:6),Nötter frön,0.0,g
1575,Sötmandel,DPA (C22:5),Nötter frön,0.0,g
1575,Sötmandel,EPA (C20:5),Nötter frön,0.0,g
1575,Sötmandel,Arakidonsyra C20:4,Nötter frön,0.0,g
1575,Sötmandel,Arakidinsyra C20:0,Nötter frön,0.0,g
1575,Sötmandel,Linolensyra C18:3,Nötter frön,0.0,g
1575,Sötmandel,Linolsyra C18:2,Nötter frön,11.6,g
1575,Sötmandel,Oljesyra C18:1,Nötter frön,34.5,g
1575,Sötmandel,Stearinsyra C18:0,Nötter frön,0.9,g
1575,Sötmandel,Palmitoljesyra C16:1,Nötter frön,0.2,g
1575,Sötmandel,Palmitinsyra C16:0,Nötter frön,3.5,g
1575,Sötmandel,Myristinsyra C14:0,Nötter frön,0.0,g
1575,Sötmandel,Laurinsyra C12:0,Nötter frön,0.0,g
1575,Sötmandel,Betakaroten/β-Karoten,Nötter frön,6.0,µg
1575,Sötmandel,Avfall (skal etc.),Nötter frön,60.0,%
1575,Sötmandel,Aska,Nötter frön,3.2,g
1575,Sötmandel,Alkohol,Nötter frön,0.0,g
1576,Valnötter,"Zink, Zn",Nötter frön,2.8,mg
1576,Valnötter,Vitamin E,Nötter frön,1.3,mg
1576,Valnötter,Vitamin D inkl 25-OH-D3,Nötter frön,0.0,µg
1576,Valnötter,Vitamin D,Nötter frön,0.0,µg
1576,Valnötter,Vitamin C,Nötter frön,0.0,mg
1576,Valnötter,Vitamin B6,Nötter frön,0.38,mg
1576,Valnötter,Vitamin B12,Nötter frön,0.0,µg
1576,Valnötter,Vitamin A,Nötter frön,1.7,RE/µg
1576,Valnötter,Vatten,Nötter frön,2.3,g
1576,Valnötter,Tiamin,Nötter frön,0.06,mg
1576,Valnötter,Tillsatt socker,Nötter frön,0.0,g
1576,Valnötter,Fritt socker,Nötter frön,0.0,g
1576,Valnötter,"Selen, Se",Nötter frön,0.0,µg
1576,Valnötter,Sackaros,Nötter frön,1.5,g
1576,Valnötter,Riboflavin,Nötter frön,0.06,mg
1576,Valnötter,Retinol,Nötter frön,0.0,µg
1576,Valnötter,Protein,Nötter frön,13.8,g
1576,Valnötter,Summa fleromättade fettsyror,Nötter frön,46.2,g
1576,Valnötter,"Fosfor, P",Nötter frön,386.0,mg
1576,Valnötter,Niacinekvivalenter,Nötter frön,3.4,NE/mg
1576,Valnötter,Niacin,Nötter frön,1.1,mg
1576,Valnötter,"Salt, NaCl",Nötter frön,0.0,g
1576,Valnötter,"Natrium, Na",Nötter frön,0.0,mg
1576,Valnötter,Monosackarider,Nötter frön,1.0,g
1576,Valnötter,"Sockerarter, totalt",Nötter frön,2.5,g
1576,Valnötter,Summa enkelomättade fettsyror,Nötter frön,9.9,g
1576,Valnötter,"Magnesium, Mg",Nötter frön,151.0,mg
1576,Valnötter,Summa mättade fettsyror,Nötter frön,5.7,g
1576,Valnötter,"Kolhydrater, tillgängliga",Nötter frön,8.3,g
1576,Valnötter,Kolesterol,Nötter frön,0.0,mg
1576,Valnötter,"Kalium, K",Nötter frön,492.0,mg
1576,Valnötter,"Jod, I",Nötter frön,0.0,µg
1576,Valnötter,Fullkorn totalt,Nötter frön,0.0,g
1576,Valnötter,"Folat, totalt",Nötter frön,98.2,µg
1576,Valnötter,Fibrer,Nötter frön,9.0,g
1576,Valnötter,"Fett, totalt",Nötter frön,64.8,g
1576,Valnötter,"Järn, Fe",Nötter frön,2.5,mg
1576,Valnötter,Energi (kJ),Nötter frön,2845.0,kJ
1576,Valnötter,Energi (kcal),Nötter frön,680.0,kcal
1576,Valnötter,Disackarider,Nötter frön,1.5,g
1576,Valnötter,"Kalcium, Ca",Nötter frön,95.0,mg
1576,Valnötter,Fettsyra 4:0-10:0,Nötter frön,0.0,g
1576,Valnötter,DHA (C22:6),Nötter frön,0.0,g
1576,Valnötter,DPA (C22:5),Nötter frön,0.0,g
1576,Valnötter,EPA (C20:5),Nötter frön,0.0,g
1576,Valnötter,Arakidonsyra C20:4,Nötter frön,0.0,g
1576,Valnötter,Arakidinsyra C20:0,Nötter frön,0.0,g
1576,Valnötter,Linolensyra C18:3,Nötter frön,8.5,g
1576,Valnötter,Linolsyra C18:2,Nötter frön,37.7,g
1576,Valnötter,Oljesyra C18:1,Nötter frön,9.7,g
1576,Valnötter,Stearinsyra C18:0,Nötter frön,1.6,g
1576,Valnötter,Palmitoljesyra C16:1,Nötter frön,0.1,g
1576,Valnötter,Palmitinsyra C16:0,Nötter frön,4.1,g
1576,Valnötter,Myristinsyra C14:0,Nötter frön,0.0,g
1576,Valnötter,Laurinsyra C12:0,Nötter frön,0.0,g
1576,Valnötter,Betakaroten/β-Karoten,Nötter frön,13.0,µg
1576,Valnötter,Avfall (skal etc.),Nötter frön,55.0,%
1576,Valnötter,Aska,Nötter frön,1.8,g
1576,Valnötter,Alkohol,Nötter frön,0.0,g
1577,Kastanjer rostade,"Zink, Zn",Nötter frön,0.6,mg
1577,Kastanjer rostade,Vitamin E,Nötter frön,0.5,mg
1577,Kastanjer rostade,Vitamin D inkl 25-OH-D3,Nötter frön,0.0,µg
1577,Kastanjer rostade,Vitamin D,Nötter frön,0.0,µg
1577,Kastanjer rostade,Vitamin C,Nötter frön,26.0,mg
1577,Kastanjer rostade,Vitamin B6,Nötter frön,0.5,mg
1577,Kastanjer rostade,Vitamin B12,Nötter frön,0.0,µg
1577,Kastanjer rostade,Vitamin A,Nötter frön,1.0,RE/µg
1577,Kastanjer rostade,Vatten,Nötter frön,40.5,g
1577,Kastanjer rostade,Tiamin,Nötter frön,0.24,mg
1577,Kastanjer rostade,Tillsatt socker,Nötter frön,0.0,g
1577,Kastanjer rostade,Fritt socker,Nötter frön,0.0,g
1577,Kastanjer rostade,"Selen, Se",Nötter frön,2.0,µg
1577,Kastanjer rostade,Sackaros,Nötter frön,3.6,g
1577,Kastanjer rostade,Riboflavin,Nötter frön,0.18,mg
1577,Kastanjer rostade,Retinol,Nötter frön,0.0,µg
1577,Kastanjer rostade,Protein,Nötter frön,3.2,g
1577,Kastanjer rostade,Summa fleromättade fettsyror,Nötter frön,0.8,g
1577,Kastanjer rostade,"Fosfor, P",Nötter frön,107.0,mg
1577,Kastanjer rostade,Niacinekvivalenter,Nötter frön,1.83,NE/mg
1577,Kastanjer rostade,Niacin,Nötter frön,1.3,mg
1577,Kastanjer rostade,"Salt, NaCl",Nötter frön,0.0,g
1577,Kastanjer rostade,"Natrium, Na",Nötter frön,2.0,mg
1577,Kastanjer rostade,Monosackarider,Nötter frön,3.4,g
1577,Kastanjer rostade,"Sockerarter, totalt",Nötter frön,7.0,g
1577,Kastanjer rostade,Summa enkelomättade fettsyror,Nötter frön,0.7,g
1577,Kastanjer rostade,"Magnesium, Mg",Nötter frön,33.0,mg
1577,Kastanjer rostade,Summa mättade fettsyror,Nötter frön,0.3,g
1577,Kastanjer rostade,"Kolhydrater, tillgängliga",Nötter frön,45.0,g
1577,Kastanjer rostade,Kolesterol,Nötter frön,0.0,mg
1577,Kastanjer rostade,"Kalium, K",Nötter frön,590.0,mg
1577,Kastanjer rostade,"Jod, I",Nötter frön,0.0,µg
1577,Kastanjer rostade,Fullkorn totalt,Nötter frön,0.0,g
1577,Kastanjer rostade,"Folat, totalt",Nötter frön,62.0,µg
1577,Kastanjer rostade,Fibrer,Nötter frön,7.9,g
1577,Kastanjer rostade,"Fett, totalt",Nötter frön,2.2,g
1577,Kastanjer rostade,"Järn, Fe",Nötter frön,0.9,mg
1577,Kastanjer rostade,Energi (kJ),Nötter frön,964.0,kJ
1577,Kastanjer rostade,Energi (kcal),Nötter frön,230.0,kcal
1577,Kastanjer rostade,Disackarider,Nötter frön,3.6,g
1577,Kastanjer rostade,"Kalcium, Ca",Nötter frön,29.0,mg
1577,Kastanjer rostade,Fettsyra 4:0-10:0,Nötter frön,0.0,g
1577,Kastanjer rostade,DHA (C22:6),Nötter frön,0.0,g
1577,Kastanjer rostade,DPA (C22:5),Nötter frön,0.0,g
1577,Kastanjer rostade,EPA (C20:5),Nötter frön,0.0,g
1577,Kastanjer rostade,Arakidonsyra C20:4,Nötter frön,0.0,g
1577,Kastanjer rostade,Arakidinsyra C20:0,Nötter frön,0.0,g
1577,Kastanjer rostade,Linolensyra C18:3,Nötter frön,0.1,g
1577,Kastanjer rostade,Linolsyra C18:2,Nötter frön,0.7,g
1577,Kastanjer rostade,Oljesyra C18:1,Nötter frön,0.7,g
1577,Kastanjer rostade,Stearinsyra C18:0,Nötter frön,0.0,g
1577,Kastanjer rostade,Palmitoljesyra C16:1,Nötter frön,0.0,g
1577,Kastanjer rostade,Palmitinsyra C16:0,Nötter frön,0.3,g
1577,Kastanjer rostade,Myristinsyra C14:0,Nötter frön,0.0,g
1577,Kastanjer rostade,Laurinsyra C12:0,Nötter frön,0.0,g
1577,Kastanjer rostade,Betakaroten/β-Karoten,Nötter frön,12.0,µg
1577,Kastanjer rostade,Avfall (skal etc.),Nötter frön,37.0,%
1577,Kastanjer rostade,Aska,Nötter frön,1.2,g
1577,Kastanjer rostade,Alkohol,Nötter frön,0.0,g
1579,Kikärtor snacks torkade m. salt,"Zink, Zn",Chips popcorn o dyl,3.0,mg
1579,Kikärtor snacks torkade m. salt,Vitamin E,Chips popcorn o dyl,1.3,mg
1579,Kikärtor snacks torkade m. salt,Vitamin D inkl 25-OH-D3,Chips popcorn o dyl,0.0,µg
1579,Kikärtor snacks torkade m. salt,Vitamin D,Chips popcorn o dyl,0.0,µg
1579,Kikärtor snacks torkade m. salt,Vitamin C,Chips popcorn o dyl,0.0,mg
1579,Kikärtor snacks torkade m. salt,Vitamin B6,Chips popcorn o dyl,0.7,mg
1579,Kikärtor snacks torkade m. salt,Vitamin B12,Chips popcorn o dyl,0.0,µg
1579,Kikärtor snacks torkade m. salt,Vitamin A,Chips popcorn o dyl,2.0,RE/µg
1579,Kikärtor snacks torkade m. salt,Vatten,Chips popcorn o dyl,3.9,g
1579,Kikärtor snacks torkade m. salt,Tiamin,Chips popcorn o dyl,0.07,mg
1579,Kikärtor snacks torkade m. salt,Tillsatt socker,Chips popcorn o dyl,3.0,g
1579,Kikärtor snacks torkade m. salt,Fritt socker,Chips popcorn o dyl,3.0,g
1579,Kikärtor snacks torkade m. salt,"Selen, Se",Chips popcorn o dyl,2.3,µg
1579,Kikärtor snacks torkade m. salt,Sackaros,Chips popcorn o dyl,2.6,g
1579,Kikärtor snacks torkade m. salt,Riboflavin,Chips popcorn o dyl,0.18,mg
1579,Kikärtor snacks torkade m. salt,Retinol,Chips popcorn o dyl,0.0,µg
1579,Kikärtor snacks torkade m. salt,Protein,Chips popcorn o dyl,23.3,g
1579,Kikärtor snacks torkade m. salt,Summa fleromättade fettsyror,Chips popcorn o dyl,2.5,g
1579,Kikärtor snacks torkade m. salt,"Fosfor, P",Chips popcorn o dyl,342.0,mg
1579,Kikärtor snacks torkade m. salt,Niacinekvivalenter,Chips popcorn o dyl,5.5,NE/mg
1579,Kikärtor snacks torkade m. salt,Niacin,Chips popcorn o dyl,1.6,mg
1579,Kikärtor snacks torkade m. salt,"Salt, NaCl",Chips popcorn o dyl,0.3,g
1579,Kikärtor snacks torkade m. salt,"Natrium, Na",Chips popcorn o dyl,118.0,mg
1579,Kikärtor snacks torkade m. salt,Monosackarider,Chips popcorn o dyl,0.0,g
1579,Kikärtor snacks torkade m. salt,"Sockerarter, totalt",Chips popcorn o dyl,2.6,g
1579,Kikärtor snacks torkade m. salt,Summa enkelomättade fettsyror,Chips popcorn o dyl,2.0,g
1579,Kikärtor snacks torkade m. salt,"Magnesium, Mg",Chips popcorn o dyl,116.0,mg
1579,Kikärtor snacks torkade m. salt,Summa mättade fettsyror,Chips popcorn o dyl,0.7,g
1579,Kikärtor snacks torkade m. salt,"Kolhydrater, tillgängliga",Chips popcorn o dyl,47.8,g
1579,Kikärtor snacks torkade m. salt,Kolesterol,Chips popcorn o dyl,0.0,mg
1579,Kikärtor snacks torkade m. salt,"Kalium, K",Chips popcorn o dyl,959.0,mg
1579,Kikärtor snacks torkade m. salt,"Jod, I",Chips popcorn o dyl,2.0,µg
1579,Kikärtor snacks torkade m. salt,Fullkorn totalt,Chips popcorn o dyl,0.0,g
1579,Kikärtor snacks torkade m. salt,"Folat, totalt",Chips popcorn o dyl,320.0,µg
1579,Kikärtor snacks torkade m. salt,Fibrer,Chips popcorn o dyl,15.5,g
1579,Kikärtor snacks torkade m. salt,"Fett, totalt",Chips popcorn o dyl,6.6,g
1579,Kikärtor snacks torkade m. salt,"Järn, Fe",Chips popcorn o dyl,4.4,mg
1579,Kikärtor snacks torkade m. salt,Energi (kJ),Chips popcorn o dyl,1575.0,kJ
1579,Kikärtor snacks torkade m. salt,Energi (kcal),Chips popcorn o dyl,376.0,kcal
1579,Kikärtor snacks torkade m. salt,Disackarider,Chips popcorn o dyl,2.6,g
1579,Kikärtor snacks torkade m. salt,"Kalcium, Ca",Chips popcorn o dyl,64.0,mg
1579,Kikärtor snacks torkade m. salt,Fettsyra 4:0-10:0,Chips popcorn o dyl,0.0,g
1579,Kikärtor snacks torkade m. salt,DHA (C22:6),Chips popcorn o dyl,0.0,g
1579,Kikärtor snacks torkade m. salt,DPA (C22:5),Chips popcorn o dyl,0.0,g
1579,Kikärtor snacks torkade m. salt,EPA (C20:5),Chips popcorn o dyl,0.0,g
1579,Kikärtor snacks torkade m. salt,Arakidonsyra C20:4,Chips popcorn o dyl,0.0,g
1579,Kikärtor snacks torkade m. salt,Arakidinsyra C20:0,Chips popcorn o dyl,0.0,g
1579,Kikärtor snacks torkade m. salt,Linolensyra C18:3,Chips popcorn o dyl,0.1,g
1579,Kikärtor snacks torkade m. salt,Linolsyra C18:2,Chips popcorn o dyl,2.4,g
1579,Kikärtor snacks torkade m. salt,Oljesyra C18:1,Chips popcorn o dyl,2.0,g
1579,Kikärtor snacks torkade m. salt,Stearinsyra C18:0,Chips popcorn o dyl,0.1,g
1579,Kikärtor snacks torkade m. salt,Palmitoljesyra C16:1,Chips popcorn o dyl,0.0,g
1579,Kikärtor snacks torkade m. salt,Palmitinsyra C16:0,Chips popcorn o dyl,0.5,g
1579,Kikärtor snacks torkade m. salt,Myristinsyra C14:0,Chips popcorn o dyl,0.0,g
1579,Kikärtor snacks torkade m. salt,Laurinsyra C12:0,Chips popcorn o dyl,0.0,g
1579,Kikärtor snacks torkade m. salt,Betakaroten/β-Karoten,Chips popcorn o dyl,21.0,µg
1579,Kikärtor snacks torkade m. salt,Avfall (skal etc.),Chips popcorn o dyl,0.0,%
1579,Kikärtor snacks torkade m. salt,Aska,Chips popcorn o dyl,2.9,g
1579,Kikärtor snacks torkade m. salt,Alkohol,Chips popcorn o dyl,0.0,g
1580,Jordnötsbågar jordnötsringar,"Zink, Zn",Chips popcorn o dyl,1.5,mg
1580,Jordnötsbågar jordnötsringar,Vitamin E,Chips popcorn o dyl,6.8,mg
1580,Jordnötsbågar jordnötsringar,Vitamin D inkl 25-OH-D3,Chips popcorn o dyl,0.0,µg
1580,Jordnötsbågar jordnötsringar,Vitamin D,Chips popcorn o dyl,0.0,µg
1580,Jordnötsbågar jordnötsringar,Vitamin C,Chips popcorn o dyl,0.0,mg
1580,Jordnötsbågar jordnötsringar,Vitamin B6,Chips popcorn o dyl,0.23,mg
1580,Jordnötsbågar jordnötsringar,Vitamin B12,Chips popcorn o dyl,0.0,µg
1580,Jordnötsbågar jordnötsringar,Vitamin A,Chips popcorn o dyl,2.8,RE/µg
1580,Jordnötsbågar jordnötsringar,Vatten,Chips popcorn o dyl,2.8,g
1580,Jordnötsbågar jordnötsringar,Tiamin,Chips popcorn o dyl,0.08,mg
1580,Jordnötsbågar jordnötsringar,Tillsatt socker,Chips popcorn o dyl,6.0,g
1580,Jordnötsbågar jordnötsringar,Fritt socker,Chips popcorn o dyl,6.0,g
1580,Jordnötsbågar jordnötsringar,"Selen, Se",Chips popcorn o dyl,0.0,µg
1580,Jordnötsbågar jordnötsringar,Sackaros,Chips popcorn o dyl,3.8,g
1580,Jordnötsbågar jordnötsringar,Riboflavin,Chips popcorn o dyl,0.06,mg
1580,Jordnötsbågar jordnötsringar,Retinol,Chips popcorn o dyl,0.0,µg
1580,Jordnötsbågar jordnötsringar,Protein,Chips popcorn o dyl,11.4,g
1580,Jordnötsbågar jordnötsringar,Summa fleromättade fettsyror,Chips popcorn o dyl,3.4,g
1580,Jordnötsbågar jordnötsringar,"Fosfor, P",Chips popcorn o dyl,170.0,mg
1580,Jordnötsbågar jordnötsringar,Niacinekvivalenter,Chips popcorn o dyl,6.9,NE/mg
1580,Jordnötsbågar jordnötsringar,Niacin,Chips popcorn o dyl,5.03,mg
1580,Jordnötsbågar jordnötsringar,"Salt, NaCl",Chips popcorn o dyl,2.0,g
1580,Jordnötsbågar jordnötsringar,"Natrium, Na",Chips popcorn o dyl,810.0,mg
1580,Jordnötsbågar jordnötsringar,Monosackarider,Chips popcorn o dyl,2.0,g
1580,Jordnötsbågar jordnötsringar,"Sockerarter, totalt",Chips popcorn o dyl,5.8,g
1580,Jordnötsbågar jordnötsringar,Summa enkelomättade fettsyror,Chips popcorn o dyl,16.5,g
1580,Jordnötsbågar jordnötsringar,"Magnesium, Mg",Chips popcorn o dyl,72.0,mg
1580,Jordnötsbågar jordnötsringar,Summa mättade fettsyror,Chips popcorn o dyl,4.0,g
1580,Jordnötsbågar jordnötsringar,"Kolhydrater, tillgängliga",Chips popcorn o dyl,51.4,g
1580,Jordnötsbågar jordnötsringar,Kolesterol,Chips popcorn o dyl,0.0,mg
1580,Jordnötsbågar jordnötsringar,"Kalium, K",Chips popcorn o dyl,270.0,mg
1580,Jordnötsbågar jordnötsringar,"Jod, I",Chips popcorn o dyl,0.0,µg
1580,Jordnötsbågar jordnötsringar,Fullkorn totalt,Chips popcorn o dyl,0.0,g
1580,Jordnötsbågar jordnötsringar,"Folat, totalt",Chips popcorn o dyl,24.3,µg
1580,Jordnötsbågar jordnötsringar,Fibrer,Chips popcorn o dyl,6.3,g
1580,Jordnötsbågar jordnötsringar,"Fett, totalt",Chips popcorn o dyl,25.0,g
1580,Jordnötsbågar jordnötsringar,"Järn, Fe",Chips popcorn o dyl,1.2,mg
1580,Jordnötsbågar jordnötsringar,Energi (kJ),Chips popcorn o dyl,2042.0,kJ
1580,Jordnötsbågar jordnötsringar,Energi (kcal),Chips popcorn o dyl,488.0,kcal
1580,Jordnötsbågar jordnötsringar,Disackarider,Chips popcorn o dyl,3.8,g
1580,Jordnötsbågar jordnötsringar,"Kalcium, Ca",Chips popcorn o dyl,23.0,mg
1580,Jordnötsbågar jordnötsringar,Fettsyra 4:0-10:0,Chips popcorn o dyl,0.0,g
1580,Jordnötsbågar jordnötsringar,DHA (C22:6),Chips popcorn o dyl,0.0,g
1580,Jordnötsbågar jordnötsringar,DPA (C22:5),Chips popcorn o dyl,0.0,g
1580,Jordnötsbågar jordnötsringar,EPA (C20:5),Chips popcorn o dyl,0.0,g
1580,Jordnötsbågar jordnötsringar,Arakidonsyra C20:4,Chips popcorn o dyl,0.0,g
1580,Jordnötsbågar jordnötsringar,Arakidinsyra C20:0,Chips popcorn o dyl,0.2,g
1580,Jordnötsbågar jordnötsringar,Linolensyra C18:3,Chips popcorn o dyl,0.1,g
1580,Jordnötsbågar jordnötsringar,Linolsyra C18:2,Chips popcorn o dyl,3.3,g
1580,Jordnötsbågar jordnötsringar,Oljesyra C18:1,Chips popcorn o dyl,16.2,g
1580,Jordnötsbågar jordnötsringar,Stearinsyra C18:0,Chips popcorn o dyl,0.6,g
1580,Jordnötsbågar jordnötsringar,Palmitoljesyra C16:1,Chips popcorn o dyl,0.0,g
1580,Jordnötsbågar jordnötsringar,Palmitinsyra C16:0,Chips popcorn o dyl,2.5,g
1580,Jordnötsbågar jordnötsringar,Myristinsyra C14:0,Chips popcorn o dyl,0.0,g
1580,Jordnötsbågar jordnötsringar,Laurinsyra C12:0,Chips popcorn o dyl,0.0,g
1580,Jordnötsbågar jordnötsringar,Betakaroten/β-Karoten,Chips popcorn o dyl,20.0,µg
1580,Jordnötsbågar jordnötsringar,Avfall (skal etc.),Chips popcorn o dyl,0.0,%
1580,Jordnötsbågar jordnötsringar,Aska,Chips popcorn o dyl,3.2,g
1580,Jordnötsbågar jordnötsringar,Alkohol,Chips popcorn o dyl,0.0,g
1581,Chips majs tortilla ,"Zink, Zn",Chips popcorn o dyl,1.2,mg
1581,Chips majs tortilla ,Vitamin E,Chips popcorn o dyl,4.9,mg
1581,Chips majs tortilla ,Vitamin D inkl 25-OH-D3,Chips popcorn o dyl,0.0,µg
1581,Chips majs tortilla ,Vitamin D,Chips popcorn o dyl,0.0,µg
1581,Chips majs tortilla ,Vitamin C,Chips popcorn o dyl,1.3,mg
1581,Chips majs tortilla ,Vitamin B6,Chips popcorn o dyl,0.46,mg
1581,Chips majs tortilla ,Vitamin B12,Chips popcorn o dyl,0.0,µg
1581,Chips majs tortilla ,Vitamin A,Chips popcorn o dyl,2.4,RE/µg
1581,Chips majs tortilla ,Vatten,Chips popcorn o dyl,2.0,g
1581,Chips majs tortilla ,Tiamin,Chips popcorn o dyl,0.7,mg
1581,Chips majs tortilla ,Tillsatt socker,Chips popcorn o dyl,0.0,g
1581,Chips majs tortilla ,Fritt socker,Chips popcorn o dyl,0.0,g
1581,Chips majs tortilla ,"Selen, Se",Chips popcorn o dyl,2.7,µg
1581,Chips majs tortilla ,Sackaros,Chips popcorn o dyl,1.0,g
1581,Chips majs tortilla ,Riboflavin,Chips popcorn o dyl,0.07,mg
1581,Chips majs tortilla ,Retinol,Chips popcorn o dyl,0.0,µg
1581,Chips majs tortilla ,Protein,Chips popcorn o dyl,7.1,g
1581,Chips majs tortilla ,Summa fleromättade fettsyror,Chips popcorn o dyl,4.2,g
1581,Chips majs tortilla ,"Fosfor, P",Chips popcorn o dyl,180.0,mg
1581,Chips majs tortilla ,Niacinekvivalenter,Chips popcorn o dyl,2.1,NE/mg
1581,Chips majs tortilla ,Niacin,Chips popcorn o dyl,1.4,mg
1581,Chips majs tortilla ,"Salt, NaCl",Chips popcorn o dyl,0.7,g
1581,Chips majs tortilla ,"Natrium, Na",Chips popcorn o dyl,280.0,mg
1581,Chips majs tortilla ,Monosackarider,Chips popcorn o dyl,0.2,g
1581,Chips majs tortilla ,"Sockerarter, totalt",Chips popcorn o dyl,1.3,g
1581,Chips majs tortilla ,Summa enkelomättade fettsyror,Chips popcorn o dyl,10.3,g
1581,Chips majs tortilla ,"Magnesium, Mg",Chips popcorn o dyl,73.0,mg
1581,Chips majs tortilla ,Summa mättade fettsyror,Chips popcorn o dyl,1.5,g
1581,Chips majs tortilla ,"Kolhydrater, tillgängliga",Chips popcorn o dyl,63.6,g
1581,Chips majs tortilla ,Kolesterol,Chips popcorn o dyl,3.5,mg
1581,Chips majs tortilla ,"Kalium, K",Chips popcorn o dyl,250.0,mg
1581,Chips majs tortilla ,"Jod, I",Chips popcorn o dyl,0.0,µg
1581,Chips majs tortilla ,Fullkorn totalt,Chips popcorn o dyl,0.0,g
1581,Chips majs tortilla ,"Folat, totalt",Chips popcorn o dyl,15.0,µg
1581,Chips majs tortilla ,Fibrer,Chips popcorn o dyl,7.9,g
1581,Chips majs tortilla ,"Fett, totalt",Chips popcorn o dyl,17.9,g
1581,Chips majs tortilla ,"Järn, Fe",Chips popcorn o dyl,1.3,mg
1581,Chips majs tortilla ,Energi (kJ),Chips popcorn o dyl,1927.0,kJ
1581,Chips majs tortilla ,Energi (kcal),Chips popcorn o dyl,461.0,kcal
1581,Chips majs tortilla ,Disackarider,Chips popcorn o dyl,1.1,g
1581,Chips majs tortilla ,"Kalcium, Ca",Chips popcorn o dyl,48.0,mg
1581,Chips majs tortilla ,Fettsyra 4:0-10:0,Chips popcorn o dyl,0.0,g
1581,Chips majs tortilla ,DHA (C22:6),Chips popcorn o dyl,0.0,g
1581,Chips majs tortilla ,DPA (C22:5),Chips popcorn o dyl,0.0,g
1581,Chips majs tortilla ,EPA (C20:5),Chips popcorn o dyl,0.0,g
1581,Chips majs tortilla ,Arakidonsyra C20:4,Chips popcorn o dyl,0.0,g
1581,Chips majs tortilla ,Arakidinsyra C20:0,Chips popcorn o dyl,0.1,g
1581,Chips majs tortilla ,Linolensyra C18:3,Chips popcorn o dyl,0.2,g
1581,Chips majs tortilla ,Linolsyra C18:2,Chips popcorn o dyl,4.0,g
1581,Chips majs tortilla ,Oljesyra C18:1,Chips popcorn o dyl,10.1,g
1581,Chips majs tortilla ,Stearinsyra C18:0,Chips popcorn o dyl,0.5,g
1581,Chips majs tortilla ,Palmitoljesyra C16:1,Chips popcorn o dyl,0.0,g
1581,Chips majs tortilla ,Palmitinsyra C16:0,Chips popcorn o dyl,0.8,g
1581,Chips majs tortilla ,Myristinsyra C14:0,Chips popcorn o dyl,0.0,g
1581,Chips majs tortilla ,Laurinsyra C12:0,Chips popcorn o dyl,0.0,g
1581,Chips majs tortilla ,Betakaroten/β-Karoten,Chips popcorn o dyl,29.0,µg
1581,Chips majs tortilla ,Avfall (skal etc.),Chips popcorn o dyl,0.0,%
1581,Chips majs tortilla ,Aska,Chips popcorn o dyl,1.5,g
1581,Chips majs tortilla ,Alkohol,Chips popcorn o dyl,0.0,g
1582,Ostbågar,"Zink, Zn",Chips popcorn o dyl,0.7,mg
1582,Ostbågar,Vitamin E,Chips popcorn o dyl,17.9,mg
1582,Ostbågar,Vitamin D inkl 25-OH-D3,Chips popcorn o dyl,0.0,µg
1582,Ostbågar,Vitamin D,Chips popcorn o dyl,0.0,µg
1582,Ostbågar,Vitamin C,Chips popcorn o dyl,0.0,mg
1582,Ostbågar,Vitamin B6,Chips popcorn o dyl,0.07,mg
1582,Ostbågar,Vitamin B12,Chips popcorn o dyl,0.16,µg
1582,Ostbågar,Vitamin A,Chips popcorn o dyl,80.0,RE/µg
1582,Ostbågar,Vatten,Chips popcorn o dyl,1.9,g
1582,Ostbågar,Tiamin,Chips popcorn o dyl,0.02,mg
1582,Ostbågar,Tillsatt socker,Chips popcorn o dyl,1.0,g
1582,Ostbågar,Fritt socker,Chips popcorn o dyl,1.0,g
1582,Ostbågar,"Selen, Se",Chips popcorn o dyl,0.0,µg
1582,Ostbågar,Sackaros,Chips popcorn o dyl,0.7,g
1582,Ostbågar,Riboflavin,Chips popcorn o dyl,0.14,mg
1582,Ostbågar,Retinol,Chips popcorn o dyl,32.2,µg
1582,Ostbågar,Protein,Chips popcorn o dyl,8.5,g
1582,Ostbågar,Summa fleromättade fettsyror,Chips popcorn o dyl,3.7,g
1582,Ostbågar,"Fosfor, P",Chips popcorn o dyl,230.0,mg
1582,Ostbågar,Niacinekvivalenter,Chips popcorn o dyl,1.2,NE/mg
1582,Ostbågar,Niacin,Chips popcorn o dyl,0.36,mg
1582,Ostbågar,"Salt, NaCl",Chips popcorn o dyl,2.2,g
1582,Ostbågar,"Natrium, Na",Chips popcorn o dyl,880.0,mg
1582,Ostbågar,Monosackarider,Chips popcorn o dyl,0.7,g
1582,Ostbågar,"Sockerarter, totalt",Chips popcorn o dyl,2.8,g
1582,Ostbågar,Summa enkelomättade fettsyror,Chips popcorn o dyl,25.0,g
1582,Ostbågar,"Magnesium, Mg",Chips popcorn o dyl,14.0,mg
1582,Ostbågar,Summa mättade fettsyror,Chips popcorn o dyl,5.2,g
1582,Ostbågar,"Kolhydrater, tillgängliga",Chips popcorn o dyl,48.2,g
1582,Ostbågar,Kolesterol,Chips popcorn o dyl,14.0,mg
1582,Ostbågar,"Kalium, K",Chips popcorn o dyl,120.0,mg
1582,Ostbågar,"Jod, I",Chips popcorn o dyl,0.0,µg
1582,Ostbågar,Fullkorn totalt,Chips popcorn o dyl,0.0,g
1582,Ostbågar,"Folat, totalt",Chips popcorn o dyl,12.8,µg
1582,Ostbågar,Fibrer,Chips popcorn o dyl,2.8,g
1582,Ostbågar,"Fett, totalt",Chips popcorn o dyl,35.5,g
1582,Ostbågar,"Järn, Fe",Chips popcorn o dyl,0.2,mg
1582,Ostbågar,Energi (kJ),Chips popcorn o dyl,2300.0,kJ
1582,Ostbågar,Energi (kcal),Chips popcorn o dyl,550.0,kcal
1582,Ostbågar,Disackarider,Chips popcorn o dyl,2.1,g
1582,Ostbågar,"Kalcium, Ca",Chips popcorn o dyl,210.0,mg
1582,Ostbågar,Fettsyra 4:0-10:0,Chips popcorn o dyl,0.4,g
1582,Ostbågar,DHA (C22:6),Chips popcorn o dyl,0.0,g
1582,Ostbågar,DPA (C22:5),Chips popcorn o dyl,0.0,g
1582,Ostbågar,EPA (C20:5),Chips popcorn o dyl,0.0,g
1582,Ostbågar,Arakidonsyra C20:4,Chips popcorn o dyl,0.0,g
1582,Ostbågar,Arakidinsyra C20:0,Chips popcorn o dyl,0.1,g
1582,Ostbågar,Linolensyra C18:3,Chips popcorn o dyl,0.0,g
1582,Ostbågar,Linolsyra C18:2,Chips popcorn o dyl,3.6,g
1582,Ostbågar,Oljesyra C18:1,Chips popcorn o dyl,24.8,g
1582,Ostbågar,Stearinsyra C18:0,Chips popcorn o dyl,1.4,g
1582,Ostbågar,Palmitoljesyra C16:1,Chips popcorn o dyl,0.1,g
1582,Ostbågar,Palmitinsyra C16:0,Chips popcorn o dyl,2.4,g
1582,Ostbågar,Myristinsyra C14:0,Chips popcorn o dyl,0.4,g
1582,Ostbågar,Laurinsyra C12:0,Chips popcorn o dyl,0.1,g
1582,Ostbågar,Betakaroten/β-Karoten,Chips popcorn o dyl,466.0,µg
1582,Ostbågar,Avfall (skal etc.),Chips popcorn o dyl,0.0,%
1582,Ostbågar,Aska,Chips popcorn o dyl,3.1,g
1582,Ostbågar,Alkohol,Chips popcorn o dyl,0.0,g
1584,Chips potatis m. havssalt,"Zink, Zn",Chips popcorn o dyl,0.7,mg
1584,Chips potatis m. havssalt,Vitamin E,Chips popcorn o dyl,9.2,mg
1584,Chips potatis m. havssalt,Vitamin D inkl 25-OH-D3,Chips popcorn o dyl,0.0,µg
1584,Chips potatis m. havssalt,Vitamin D,Chips popcorn o dyl,0.0,µg
1584,Chips potatis m. havssalt,Vitamin C,Chips popcorn o dyl,17.4,mg
1584,Chips potatis m. havssalt,Vitamin B6,Chips popcorn o dyl,0.71,mg
1584,Chips potatis m. havssalt,Vitamin B12,Chips popcorn o dyl,0.0,µg
1584,Chips potatis m. havssalt,Vitamin A,Chips popcorn o dyl,0.0,RE/µg
1584,Chips potatis m. havssalt,Vatten,Chips popcorn o dyl,2.0,g
1584,Chips potatis m. havssalt,Tiamin,Chips popcorn o dyl,0.14,mg
1584,Chips potatis m. havssalt,Tillsatt socker,Chips popcorn o dyl,0.0,g
1584,Chips potatis m. havssalt,Fritt socker,Chips popcorn o dyl,0.0,g
1584,Chips potatis m. havssalt,"Selen, Se",Chips popcorn o dyl,0.0,µg
1584,Chips potatis m. havssalt,Sackaros,Chips popcorn o dyl,0.4,g
1584,Chips potatis m. havssalt,Riboflavin,Chips popcorn o dyl,0.06,mg
1584,Chips potatis m. havssalt,Retinol,Chips popcorn o dyl,0.0,µg
1584,Chips potatis m. havssalt,Protein,Chips popcorn o dyl,5.2,g
1584,Chips potatis m. havssalt,Summa fleromättade fettsyror,Chips popcorn o dyl,2.5,g
1584,Chips potatis m. havssalt,"Fosfor, P",Chips popcorn o dyl,125.0,mg
1584,Chips potatis m. havssalt,Niacinekvivalenter,Chips popcorn o dyl,4.4,NE/mg
1584,Chips potatis m. havssalt,Niacin,Chips popcorn o dyl,3.55,mg
1584,Chips potatis m. havssalt,"Salt, NaCl",Chips popcorn o dyl,1.1,g
1584,Chips potatis m. havssalt,"Natrium, Na",Chips popcorn o dyl,455.0,mg
1584,Chips potatis m. havssalt,Monosackarider,Chips popcorn o dyl,0.0,g
1584,Chips potatis m. havssalt,"Sockerarter, totalt",Chips popcorn o dyl,0.5,g
1584,Chips potatis m. havssalt,Summa enkelomättade fettsyror,Chips popcorn o dyl,24.6,g
1584,Chips potatis m. havssalt,"Magnesium, Mg",Chips popcorn o dyl,66.0,mg
1584,Chips potatis m. havssalt,Summa mättade fettsyror,Chips popcorn o dyl,2.6,g
1584,Chips potatis m. havssalt,"Kolhydrater, tillgängliga",Chips popcorn o dyl,52.4,g
1584,Chips potatis m. havssalt,Kolesterol,Chips popcorn o dyl,1.2,mg
1584,Chips potatis m. havssalt,"Kalium, K",Chips popcorn o dyl,1130.0,mg
1584,Chips potatis m. havssalt,"Jod, I",Chips popcorn o dyl,0.0,µg
1584,Chips potatis m. havssalt,Fullkorn totalt,Chips popcorn o dyl,0.0,g
1584,Chips potatis m. havssalt,"Folat, totalt",Chips popcorn o dyl,33.5,µg
1584,Chips potatis m. havssalt,Fibrer,Chips popcorn o dyl,5.5,g
1584,Chips potatis m. havssalt,"Fett, totalt",Chips popcorn o dyl,31.5,g
1584,Chips potatis m. havssalt,"Järn, Fe",Chips popcorn o dyl,1.2,mg
1584,Chips potatis m. havssalt,Energi (kJ),Chips popcorn o dyl,2189.0,kJ
1584,Chips potatis m. havssalt,Energi (kcal),Chips popcorn o dyl,523.0,kcal
1584,Chips potatis m. havssalt,Disackarider,Chips popcorn o dyl,0.5,g
1584,Chips potatis m. havssalt,"Kalcium, Ca",Chips popcorn o dyl,8.0,mg
1584,Chips potatis m. havssalt,Fettsyra 4:0-10:0,Chips popcorn o dyl,0.0,g
1584,Chips potatis m. havssalt,DHA (C22:6),Chips popcorn o dyl,0.0,g
1584,Chips potatis m. havssalt,DPA (C22:5),Chips popcorn o dyl,0.0,g
1584,Chips potatis m. havssalt,EPA (C20:5),Chips popcorn o dyl,0.0,g
1584,Chips potatis m. havssalt,Arakidonsyra C20:4,Chips popcorn o dyl,0.0,g
1584,Chips potatis m. havssalt,Arakidinsyra C20:0,Chips popcorn o dyl,0.1,g
1584,Chips potatis m. havssalt,Linolensyra C18:3,Chips popcorn o dyl,0.1,g
1584,Chips potatis m. havssalt,Linolsyra C18:2,Chips popcorn o dyl,2.3,g
1584,Chips potatis m. havssalt,Oljesyra C18:1,Chips popcorn o dyl,24.5,g
1584,Chips potatis m. havssalt,Stearinsyra C18:0,Chips popcorn o dyl,0.9,g
1584,Chips potatis m. havssalt,Palmitoljesyra C16:1,Chips popcorn o dyl,0.0,g
1584,Chips potatis m. havssalt,Palmitinsyra C16:0,Chips popcorn o dyl,1.2,g
1584,Chips potatis m. havssalt,Myristinsyra C14:0,Chips popcorn o dyl,0.0,g
1584,Chips potatis m. havssalt,Laurinsyra C12:0,Chips popcorn o dyl,0.0,g
1584,Chips potatis m. havssalt,Betakaroten/β-Karoten,Chips popcorn o dyl,0.0,µg
1584,Chips potatis m. havssalt,Avfall (skal etc.),Chips popcorn o dyl,0.0,%
1584,Chips potatis m. havssalt,Aska,Chips popcorn o dyl,3.4,g
1584,Chips potatis m. havssalt,Alkohol,Chips popcorn o dyl,0.0,g
1585,Salta pinnar,"Zink, Zn",Chips popcorn o dyl,1.1,mg
1585,Salta pinnar,Vitamin E,Chips popcorn o dyl,0.7,mg
1585,Salta pinnar,Vitamin D inkl 25-OH-D3,Chips popcorn o dyl,0.0,µg
1585,Salta pinnar,Vitamin D,Chips popcorn o dyl,0.0,µg
1585,Salta pinnar,Vitamin C,Chips popcorn o dyl,0.0,mg
1585,Salta pinnar,Vitamin B6,Chips popcorn o dyl,0.08,mg
1585,Salta pinnar,Vitamin B12,Chips popcorn o dyl,0.0,µg
1585,Salta pinnar,Vitamin A,Chips popcorn o dyl,0.0,RE/µg
1585,Salta pinnar,Vatten,Chips popcorn o dyl,2.5,g
1585,Salta pinnar,Tiamin,Chips popcorn o dyl,0.18,mg
1585,Salta pinnar,Tillsatt socker,Chips popcorn o dyl,2.0,g
1585,Salta pinnar,Fritt socker,Chips popcorn o dyl,2.0,g
1585,Salta pinnar,"Selen, Se",Chips popcorn o dyl,5.8,µg
1585,Salta pinnar,Sackaros,Chips popcorn o dyl,0.2,g
1585,Salta pinnar,Riboflavin,Chips popcorn o dyl,0.05,mg
1585,Salta pinnar,Retinol,Chips popcorn o dyl,0.0,µg
1585,Salta pinnar,Protein,Chips popcorn o dyl,11.5,g
1585,Salta pinnar,Summa fleromättade fettsyror,Chips popcorn o dyl,1.2,g
1585,Salta pinnar,"Fosfor, P",Chips popcorn o dyl,160.0,mg
1585,Salta pinnar,Niacinekvivalenter,Chips popcorn o dyl,3.2,NE/mg
1585,Salta pinnar,Niacin,Chips popcorn o dyl,1.26,mg
1585,Salta pinnar,"Salt, NaCl",Chips popcorn o dyl,4.2,g
1585,Salta pinnar,"Natrium, Na",Chips popcorn o dyl,1700.0,mg
1585,Salta pinnar,Monosackarider,Chips popcorn o dyl,0.4,g
1585,Salta pinnar,"Sockerarter, totalt",Chips popcorn o dyl,2.2,g
1585,Salta pinnar,Summa enkelomättade fettsyror,Chips popcorn o dyl,3.7,g
1585,Salta pinnar,"Magnesium, Mg",Chips popcorn o dyl,37.0,mg
1585,Salta pinnar,Summa mättade fettsyror,Chips popcorn o dyl,0.5,g
1585,Salta pinnar,"Kolhydrater, tillgängliga",Chips popcorn o dyl,69.6,g
1585,Salta pinnar,Kolesterol,Chips popcorn o dyl,0.0,mg
1585,Salta pinnar,"Kalium, K",Chips popcorn o dyl,170.0,mg
1585,Salta pinnar,"Jod, I",Chips popcorn o dyl,1.0,µg
1585,Salta pinnar,Fullkorn totalt,Chips popcorn o dyl,0.0,g
1585,Salta pinnar,"Folat, totalt",Chips popcorn o dyl,16.6,µg
1585,Salta pinnar,Fibrer,Chips popcorn o dyl,6.1,g
1585,Salta pinnar,"Fett, totalt",Chips popcorn o dyl,5.6,g
1585,Salta pinnar,"Järn, Fe",Chips popcorn o dyl,1.5,mg
1585,Salta pinnar,Energi (kJ),Chips popcorn o dyl,1636.0,kJ
1585,Salta pinnar,Energi (kcal),Chips popcorn o dyl,391.0,kcal
1585,Salta pinnar,Disackarider,Chips popcorn o dyl,1.8,g
1585,Salta pinnar,"Kalcium, Ca",Chips popcorn o dyl,26.0,mg
1585,Salta pinnar,Fettsyra 4:0-10:0,Chips popcorn o dyl,0.0,g
1585,Salta pinnar,DHA (C22:6),Chips popcorn o dyl,0.0,g
1585,Salta pinnar,DPA (C22:5),Chips popcorn o dyl,0.0,g
1585,Salta pinnar,EPA (C20:5),Chips popcorn o dyl,0.0,g
1585,Salta pinnar,Arakidonsyra C20:4,Chips popcorn o dyl,0.0,g
1585,Salta pinnar,Arakidinsyra C20:0,Chips popcorn o dyl,0.0,g
1585,Salta pinnar,Linolensyra C18:3,Chips popcorn o dyl,0.2,g
1585,Salta pinnar,Linolsyra C18:2,Chips popcorn o dyl,1.1,g
1585,Salta pinnar,Oljesyra C18:1,Chips popcorn o dyl,3.6,g
1585,Salta pinnar,Stearinsyra C18:0,Chips popcorn o dyl,0.1,g
1585,Salta pinnar,Palmitoljesyra C16:1,Chips popcorn o dyl,0.0,g
1585,Salta pinnar,Palmitinsyra C16:0,Chips popcorn o dyl,0.3,g
1585,Salta pinnar,Myristinsyra C14:0,Chips popcorn o dyl,0.0,g
1585,Salta pinnar,Laurinsyra C12:0,Chips popcorn o dyl,0.0,g
1585,Salta pinnar,Betakaroten/β-Karoten,Chips popcorn o dyl,0.0,µg
1585,Salta pinnar,Avfall (skal etc.),Chips popcorn o dyl,0.0,%
1585,Salta pinnar,Aska,Chips popcorn o dyl,4.7,g
1585,Salta pinnar,Alkohol,Chips popcorn o dyl,0.0,g
1586,Popcorn mikropopcorn poppade fett ca 22%,"Zink, Zn",Chips popcorn o dyl,2.9,mg
1586,Popcorn mikropopcorn poppade fett ca 22%,Vitamin E,Chips popcorn o dyl,2.5,mg
1586,Popcorn mikropopcorn poppade fett ca 22%,Vitamin D inkl 25-OH-D3,Chips popcorn o dyl,0.0,µg
1586,Popcorn mikropopcorn poppade fett ca 22%,Vitamin D,Chips popcorn o dyl,0.0,µg
1586,Popcorn mikropopcorn poppade fett ca 22%,Vitamin C,Chips popcorn o dyl,0.0,mg
1586,Popcorn mikropopcorn poppade fett ca 22%,Vitamin B6,Chips popcorn o dyl,0.23,mg
1586,Popcorn mikropopcorn poppade fett ca 22%,Vitamin B12,Chips popcorn o dyl,0.0,µg
1586,Popcorn mikropopcorn poppade fett ca 22%,Vitamin A,Chips popcorn o dyl,5.2,RE/µg
1586,Popcorn mikropopcorn poppade fett ca 22%,Vatten,Chips popcorn o dyl,2.1,g
1586,Popcorn mikropopcorn poppade fett ca 22%,Tiamin,Chips popcorn o dyl,0.06,mg
1586,Popcorn mikropopcorn poppade fett ca 22%,Tillsatt socker,Chips popcorn o dyl,0.0,g
1586,Popcorn mikropopcorn poppade fett ca 22%,Fritt socker,Chips popcorn o dyl,0.0,g
1586,Popcorn mikropopcorn poppade fett ca 22%,"Selen, Se",Chips popcorn o dyl,0.0,µg
1586,Popcorn mikropopcorn poppade fett ca 22%,Sackaros,Chips popcorn o dyl,0.9,g
1586,Popcorn mikropopcorn poppade fett ca 22%,Riboflavin,Chips popcorn o dyl,0.06,mg
1586,Popcorn mikropopcorn poppade fett ca 22%,Retinol,Chips popcorn o dyl,0.0,µg
1586,Popcorn mikropopcorn poppade fett ca 22%,Protein,Chips popcorn o dyl,9.6,g
1586,Popcorn mikropopcorn poppade fett ca 22%,Summa fleromättade fettsyror,Chips popcorn o dyl,2.5,g
1586,Popcorn mikropopcorn poppade fett ca 22%,"Fosfor, P",Chips popcorn o dyl,200.0,mg
1586,Popcorn mikropopcorn poppade fett ca 22%,Niacinekvivalenter,Chips popcorn o dyl,2.5,NE/mg
1586,Popcorn mikropopcorn poppade fett ca 22%,Niacin,Chips popcorn o dyl,1.58,mg
1586,Popcorn mikropopcorn poppade fett ca 22%,"Salt, NaCl",Chips popcorn o dyl,1.9,g
1586,Popcorn mikropopcorn poppade fett ca 22%,"Natrium, Na",Chips popcorn o dyl,760.0,mg
1586,Popcorn mikropopcorn poppade fett ca 22%,Monosackarider,Chips popcorn o dyl,0.0,g
1586,Popcorn mikropopcorn poppade fett ca 22%,"Sockerarter, totalt",Chips popcorn o dyl,0.9,g
1586,Popcorn mikropopcorn poppade fett ca 22%,Summa enkelomättade fettsyror,Chips popcorn o dyl,7.5,g
1586,Popcorn mikropopcorn poppade fett ca 22%,"Magnesium, Mg",Chips popcorn o dyl,72.0,mg
1586,Popcorn mikropopcorn poppade fett ca 22%,Summa mättade fettsyror,Chips popcorn o dyl,6.1,g
1586,Popcorn mikropopcorn poppade fett ca 22%,"Kolhydrater, tillgängliga",Chips popcorn o dyl,55.9,g
1586,Popcorn mikropopcorn poppade fett ca 22%,Kolesterol,Chips popcorn o dyl,0.0,mg
1586,Popcorn mikropopcorn poppade fett ca 22%,"Kalium, K",Chips popcorn o dyl,170.0,mg
1586,Popcorn mikropopcorn poppade fett ca 22%,"Jod, I",Chips popcorn o dyl,0.0,µg
1586,Popcorn mikropopcorn poppade fett ca 22%,Fullkorn totalt,Chips popcorn o dyl,83.0,g
1586,Popcorn mikropopcorn poppade fett ca 22%,"Folat, totalt",Chips popcorn o dyl,11.7,µg
1586,Popcorn mikropopcorn poppade fett ca 22%,Fibrer,Chips popcorn o dyl,12.5,g
1586,Popcorn mikropopcorn poppade fett ca 22%,"Fett, totalt",Chips popcorn o dyl,16.9,g
1586,Popcorn mikropopcorn poppade fett ca 22%,"Järn, Fe",Chips popcorn o dyl,2.2,mg
1586,Popcorn mikropopcorn poppade fett ca 22%,Energi (kJ),Chips popcorn o dyl,1839.0,kJ
1586,Popcorn mikropopcorn poppade fett ca 22%,Energi (kcal),Chips popcorn o dyl,440.0,kcal
1586,Popcorn mikropopcorn poppade fett ca 22%,Disackarider,Chips popcorn o dyl,0.9,g
1586,Popcorn mikropopcorn poppade fett ca 22%,"Kalcium, Ca",Chips popcorn o dyl,3.0,mg
1586,Popcorn mikropopcorn poppade fett ca 22%,Fettsyra 4:0-10:0,Chips popcorn o dyl,0.0,g
1586,Popcorn mikropopcorn poppade fett ca 22%,DHA (C22:6),Chips popcorn o dyl,0.0,g
1586,Popcorn mikropopcorn poppade fett ca 22%,DPA (C22:5),Chips popcorn o dyl,0.0,g
1586,Popcorn mikropopcorn poppade fett ca 22%,EPA (C20:5),Chips popcorn o dyl,0.0,g
1586,Popcorn mikropopcorn poppade fett ca 22%,Arakidonsyra C20:4,Chips popcorn o dyl,0.0,g
1586,Popcorn mikropopcorn poppade fett ca 22%,Arakidinsyra C20:0,Chips popcorn o dyl,0.3,g
1586,Popcorn mikropopcorn poppade fett ca 22%,Linolensyra C18:3,Chips popcorn o dyl,0.0,g
1586,Popcorn mikropopcorn poppade fett ca 22%,Linolsyra C18:2,Chips popcorn o dyl,2.5,g
1586,Popcorn mikropopcorn poppade fett ca 22%,Oljesyra C18:1,Chips popcorn o dyl,7.4,g
1586,Popcorn mikropopcorn poppade fett ca 22%,Stearinsyra C18:0,Chips popcorn o dyl,2.7,g
1586,Popcorn mikropopcorn poppade fett ca 22%,Palmitoljesyra C16:1,Chips popcorn o dyl,0.0,g
1586,Popcorn mikropopcorn poppade fett ca 22%,Palmitinsyra C16:0,Chips popcorn o dyl,3.0,g
1586,Popcorn mikropopcorn poppade fett ca 22%,Myristinsyra C14:0,Chips popcorn o dyl,0.0,g
1586,Popcorn mikropopcorn poppade fett ca 22%,Laurinsyra C12:0,Chips popcorn o dyl,0.0,g
1586,Popcorn mikropopcorn poppade fett ca 22%,Betakaroten/β-Karoten,Chips popcorn o dyl,26.0,µg
1586,Popcorn mikropopcorn poppade fett ca 22%,Avfall (skal etc.),Chips popcorn o dyl,0.0,%
1586,Popcorn mikropopcorn poppade fett ca 22%,Aska,Chips popcorn o dyl,3.0,g
1586,Popcorn mikropopcorn poppade fett ca 22%,Alkohol,Chips popcorn o dyl,0.0,g
1587,Chips potatis smaksatta fett ca 33%,"Zink, Zn",Chips popcorn o dyl,0.8,mg
1587,Chips potatis smaksatta fett ca 33%,Vitamin E,Chips popcorn o dyl,15.2,mg
1587,Chips potatis smaksatta fett ca 33%,Vitamin D inkl 25-OH-D3,Chips popcorn o dyl,0.0,µg
1587,Chips potatis smaksatta fett ca 33%,Vitamin D,Chips popcorn o dyl,0.0,µg
1587,Chips potatis smaksatta fett ca 33%,Vitamin C,Chips popcorn o dyl,13.3,mg
1587,Chips potatis smaksatta fett ca 33%,Vitamin B6,Chips popcorn o dyl,0.45,mg
1587,Chips potatis smaksatta fett ca 33%,Vitamin B12,Chips popcorn o dyl,0.0,µg
1587,Chips potatis smaksatta fett ca 33%,Vitamin A,Chips popcorn o dyl,1.4,RE/µg
1587,Chips potatis smaksatta fett ca 33%,Vatten,Chips popcorn o dyl,2.3,g
1587,Chips potatis smaksatta fett ca 33%,Tiamin,Chips popcorn o dyl,0.14,mg
1587,Chips potatis smaksatta fett ca 33%,Tillsatt socker,Chips popcorn o dyl,2.0,g
1587,Chips potatis smaksatta fett ca 33%,Fritt socker,Chips popcorn o dyl,2.0,g
1587,Chips potatis smaksatta fett ca 33%,"Selen, Se",Chips popcorn o dyl,0.0,µg
1587,Chips potatis smaksatta fett ca 33%,Sackaros,Chips popcorn o dyl,1.0,g
1587,Chips potatis smaksatta fett ca 33%,Riboflavin,Chips popcorn o dyl,0.15,mg
1587,Chips potatis smaksatta fett ca 33%,Retinol,Chips popcorn o dyl,0.0,µg
1587,Chips potatis smaksatta fett ca 33%,Protein,Chips popcorn o dyl,5.9,g
1587,Chips potatis smaksatta fett ca 33%,Summa fleromättade fettsyror,Chips popcorn o dyl,5.3,g
1587,Chips potatis smaksatta fett ca 33%,"Fosfor, P",Chips popcorn o dyl,150.0,mg
1587,Chips potatis smaksatta fett ca 33%,Niacinekvivalenter,Chips popcorn o dyl,5.1,NE/mg
1587,Chips potatis smaksatta fett ca 33%,Niacin,Chips popcorn o dyl,4.07,mg
1587,Chips potatis smaksatta fett ca 33%,"Salt, NaCl",Chips popcorn o dyl,1.8,g
1587,Chips potatis smaksatta fett ca 33%,"Natrium, Na",Chips popcorn o dyl,730.0,mg
1587,Chips potatis smaksatta fett ca 33%,Monosackarider,Chips popcorn o dyl,0.4,g
1587,Chips potatis smaksatta fett ca 33%,"Sockerarter, totalt",Chips popcorn o dyl,3.2,g
1587,Chips potatis smaksatta fett ca 33%,Summa enkelomättade fettsyror,Chips popcorn o dyl,23.2,g
1587,Chips potatis smaksatta fett ca 33%,"Magnesium, Mg",Chips popcorn o dyl,55.0,mg
1587,Chips potatis smaksatta fett ca 33%,Summa mättade fettsyror,Chips popcorn o dyl,2.7,g
1587,Chips potatis smaksatta fett ca 33%,"Kolhydrater, tillgängliga",Chips popcorn o dyl,50.0,g
1587,Chips potatis smaksatta fett ca 33%,Kolesterol,Chips popcorn o dyl,1.9,mg
1587,Chips potatis smaksatta fett ca 33%,"Kalium, K",Chips popcorn o dyl,970.0,mg
1587,Chips potatis smaksatta fett ca 33%,"Jod, I",Chips popcorn o dyl,0.0,µg
1587,Chips potatis smaksatta fett ca 33%,Fullkorn totalt,Chips popcorn o dyl,0.0,g
1587,Chips potatis smaksatta fett ca 33%,"Folat, totalt",Chips popcorn o dyl,19.6,µg
1587,Chips potatis smaksatta fett ca 33%,Fibrer,Chips popcorn o dyl,5.8,g
1587,Chips potatis smaksatta fett ca 33%,"Fett, totalt",Chips popcorn o dyl,32.6,g
1587,Chips potatis smaksatta fett ca 33%,"Järn, Fe",Chips popcorn o dyl,1.1,mg
1587,Chips potatis smaksatta fett ca 33%,Energi (kJ),Chips popcorn o dyl,2203.0,kJ
1587,Chips potatis smaksatta fett ca 33%,Energi (kcal),Chips popcorn o dyl,526.0,kcal
1587,Chips potatis smaksatta fett ca 33%,Disackarider,Chips popcorn o dyl,2.9,g
1587,Chips potatis smaksatta fett ca 33%,"Kalcium, Ca",Chips popcorn o dyl,45.0,mg
1587,Chips potatis smaksatta fett ca 33%,Fettsyra 4:0-10:0,Chips popcorn o dyl,0.0,g
1587,Chips potatis smaksatta fett ca 33%,DHA (C22:6),Chips popcorn o dyl,0.0,g
1587,Chips potatis smaksatta fett ca 33%,DPA (C22:5),Chips popcorn o dyl,0.0,g
1587,Chips potatis smaksatta fett ca 33%,EPA (C20:5),Chips popcorn o dyl,0.0,g
1587,Chips potatis smaksatta fett ca 33%,Arakidonsyra C20:4,Chips popcorn o dyl,0.0,g
1587,Chips potatis smaksatta fett ca 33%,Arakidinsyra C20:0,Chips popcorn o dyl,0.1,g
1587,Chips potatis smaksatta fett ca 33%,Linolensyra C18:3,Chips popcorn o dyl,0.2,g
1587,Chips potatis smaksatta fett ca 33%,Linolsyra C18:2,Chips popcorn o dyl,5.1,g
1587,Chips potatis smaksatta fett ca 33%,Oljesyra C18:1,Chips popcorn o dyl,23.0,g
1587,Chips potatis smaksatta fett ca 33%,Stearinsyra C18:0,Chips popcorn o dyl,0.9,g
1587,Chips potatis smaksatta fett ca 33%,Palmitoljesyra C16:1,Chips popcorn o dyl,0.0,g
1587,Chips potatis smaksatta fett ca 33%,Palmitinsyra C16:0,Chips popcorn o dyl,1.4,g
1587,Chips potatis smaksatta fett ca 33%,Myristinsyra C14:0,Chips popcorn o dyl,0.0,g
1587,Chips potatis smaksatta fett ca 33%,Laurinsyra C12:0,Chips popcorn o dyl,0.0,g
1587,Chips potatis smaksatta fett ca 33%,Betakaroten/β-Karoten,Chips popcorn o dyl,14.0,µg
1587,Chips potatis smaksatta fett ca 33%,Avfall (skal etc.),Chips popcorn o dyl,0.0,%
1587,Chips potatis smaksatta fett ca 33%,Aska,Chips popcorn o dyl,3.4,g
1587,Chips potatis smaksatta fett ca 33%,Alkohol,Chips popcorn o dyl,0.0,g
1588,Chips potatis light fett 25%,"Zink, Zn",Chips popcorn o dyl,0.7,mg
1588,Chips potatis light fett 25%,Vitamin E,Chips popcorn o dyl,4.0,mg
1588,Chips potatis light fett 25%,Vitamin D inkl 25-OH-D3,Chips popcorn o dyl,0.0,µg
1588,Chips potatis light fett 25%,Vitamin D,Chips popcorn o dyl,0.0,µg
1588,Chips potatis light fett 25%,Vitamin C,Chips popcorn o dyl,5.5,mg
1588,Chips potatis light fett 25%,Vitamin B6,Chips popcorn o dyl,0.38,mg
1588,Chips potatis light fett 25%,Vitamin B12,Chips popcorn o dyl,0.0,µg
1588,Chips potatis light fett 25%,Vitamin A,Chips popcorn o dyl,0.0,RE/µg
1588,Chips potatis light fett 25%,Vatten,Chips popcorn o dyl,2.5,g
1588,Chips potatis light fett 25%,Tiamin,Chips popcorn o dyl,0.13,mg
1588,Chips potatis light fett 25%,Tillsatt socker,Chips popcorn o dyl,0.0,g
1588,Chips potatis light fett 25%,Fritt socker,Chips popcorn o dyl,0.0,g
1588,Chips potatis light fett 25%,"Selen, Se",Chips popcorn o dyl,1.3,µg
1588,Chips potatis light fett 25%,Sackaros,Chips popcorn o dyl,0.2,g
1588,Chips potatis light fett 25%,Riboflavin,Chips popcorn o dyl,0.05,mg
1588,Chips potatis light fett 25%,Retinol,Chips popcorn o dyl,0.0,µg
1588,Chips potatis light fett 25%,Protein,Chips popcorn o dyl,4.1,g
1588,Chips potatis light fett 25%,Summa fleromättade fettsyror,Chips popcorn o dyl,5.5,g
1588,Chips potatis light fett 25%,"Fosfor, P",Chips popcorn o dyl,107.0,mg
1588,Chips potatis light fett 25%,Niacinekvivalenter,Chips popcorn o dyl,3.6,NE/mg
1588,Chips potatis light fett 25%,Niacin,Chips popcorn o dyl,2.94,mg
1588,Chips potatis light fett 25%,"Salt, NaCl",Chips popcorn o dyl,1.0,g
1588,Chips potatis light fett 25%,"Natrium, Na",Chips popcorn o dyl,407.0,mg
1588,Chips potatis light fett 25%,Monosackarider,Chips popcorn o dyl,0.2,g
1588,Chips potatis light fett 25%,"Sockerarter, totalt",Chips popcorn o dyl,0.6,g
1588,Chips potatis light fett 25%,Summa enkelomättade fettsyror,Chips popcorn o dyl,9.1,g
1588,Chips potatis light fett 25%,"Magnesium, Mg",Chips popcorn o dyl,30.0,mg
1588,Chips potatis light fett 25%,Summa mättade fettsyror,Chips popcorn o dyl,8.5,g
1588,Chips potatis light fett 25%,"Kolhydrater, tillgängliga",Chips popcorn o dyl,63.0,g
1588,Chips potatis light fett 25%,Kolesterol,Chips popcorn o dyl,0.0,mg
1588,Chips potatis light fett 25%,"Kalium, K",Chips popcorn o dyl,550.0,mg
1588,Chips potatis light fett 25%,"Jod, I",Chips popcorn o dyl,2.0,µg
1588,Chips potatis light fett 25%,Fullkorn totalt,Chips popcorn o dyl,0.0,g
1588,Chips potatis light fett 25%,"Folat, totalt",Chips popcorn o dyl,25.6,µg
1588,Chips potatis light fett 25%,Fibrer,Chips popcorn o dyl,3.8,g
1588,Chips potatis light fett 25%,"Fett, totalt",Chips popcorn o dyl,24.3,g
1588,Chips potatis light fett 25%,"Järn, Fe",Chips popcorn o dyl,1.0,mg
1588,Chips potatis light fett 25%,Energi (kJ),Chips popcorn o dyl,2070.0,kJ
1588,Chips potatis light fett 25%,Energi (kcal),Chips popcorn o dyl,495.0,kcal
1588,Chips potatis light fett 25%,Disackarider,Chips popcorn o dyl,0.5,g
1588,Chips potatis light fett 25%,"Kalcium, Ca",Chips popcorn o dyl,19.0,mg
1588,Chips potatis light fett 25%,Fettsyra 4:0-10:0,Chips popcorn o dyl,0.0,g
1588,Chips potatis light fett 25%,DHA (C22:6),Chips popcorn o dyl,0.0,g
1588,Chips potatis light fett 25%,DPA (C22:5),Chips popcorn o dyl,0.0,g
1588,Chips potatis light fett 25%,EPA (C20:5),Chips popcorn o dyl,0.0,g
1588,Chips potatis light fett 25%,Arakidonsyra C20:4,Chips popcorn o dyl,0.0,g
1588,Chips potatis light fett 25%,Arakidinsyra C20:0,Chips popcorn o dyl,0.1,g
1588,Chips potatis light fett 25%,Linolensyra C18:3,Chips popcorn o dyl,0.1,g
1588,Chips potatis light fett 25%,Linolsyra C18:2,Chips popcorn o dyl,5.4,g
1588,Chips potatis light fett 25%,Oljesyra C18:1,Chips popcorn o dyl,9.0,g
1588,Chips potatis light fett 25%,Stearinsyra C18:0,Chips popcorn o dyl,0.9,g
1588,Chips potatis light fett 25%,Palmitoljesyra C16:1,Chips popcorn o dyl,0.0,g
1588,Chips potatis light fett 25%,Palmitinsyra C16:0,Chips popcorn o dyl,7.2,g
1588,Chips potatis light fett 25%,Myristinsyra C14:0,Chips popcorn o dyl,0.2,g
1588,Chips potatis light fett 25%,Laurinsyra C12:0,Chips popcorn o dyl,0.0,g
1588,Chips potatis light fett 25%,Betakaroten/β-Karoten,Chips popcorn o dyl,0.0,µg
1588,Chips potatis light fett 25%,Avfall (skal etc.),Chips popcorn o dyl,0.0,%
1588,Chips potatis light fett 25%,Aska,Chips popcorn o dyl,2.3,g
1588,Chips potatis light fett 25%,Alkohol,Chips popcorn o dyl,0.0,g
1589,Japanmix blandade snacks m. inbakade nötter riscracker,"Zink, Zn",Chips popcorn o dyl,1.6,mg
1589,Japanmix blandade snacks m. inbakade nötter riscracker,Vitamin E,Chips popcorn o dyl,1.1,mg
1589,Japanmix blandade snacks m. inbakade nötter riscracker,Vitamin D,Chips popcorn o dyl,0.1,µg
1589,Japanmix blandade snacks m. inbakade nötter riscracker,Vitamin C,Chips popcorn o dyl,0.0,mg
1589,Japanmix blandade snacks m. inbakade nötter riscracker,Vitamin B6,Chips popcorn o dyl,0.12,mg
1589,Japanmix blandade snacks m. inbakade nötter riscracker,Vitamin B12,Chips popcorn o dyl,0.12,µg
1589,Japanmix blandade snacks m. inbakade nötter riscracker,Vitamin A,Chips popcorn o dyl,4.8,RE/µg
1589,Japanmix blandade snacks m. inbakade nötter riscracker,Vatten,Chips popcorn o dyl,3.5,g
1589,Japanmix blandade snacks m. inbakade nötter riscracker,Tiamin,Chips popcorn o dyl,0.06,mg
1589,Japanmix blandade snacks m. inbakade nötter riscracker,Tillsatt socker,Chips popcorn o dyl,7.0,g
1589,Japanmix blandade snacks m. inbakade nötter riscracker,Fritt socker,Chips popcorn o dyl,7.0,g
1589,Japanmix blandade snacks m. inbakade nötter riscracker,"Selen, Se",Chips popcorn o dyl,4.3,µg
1589,Japanmix blandade snacks m. inbakade nötter riscracker,Sackaros,Chips popcorn o dyl,6.7,g
1589,Japanmix blandade snacks m. inbakade nötter riscracker,Riboflavin,Chips popcorn o dyl,0.04,mg
1589,Japanmix blandade snacks m. inbakade nötter riscracker,Retinol,Chips popcorn o dyl,4.0,µg
1589,Japanmix blandade snacks m. inbakade nötter riscracker,Protein,Chips popcorn o dyl,9.4,g
1589,Japanmix blandade snacks m. inbakade nötter riscracker,Summa fleromättade fettsyror,Chips popcorn o dyl,1.7,g
1589,Japanmix blandade snacks m. inbakade nötter riscracker,"Fosfor, P",Chips popcorn o dyl,108.0,mg
1589,Japanmix blandade snacks m. inbakade nötter riscracker,Niacinekvivalenter,Chips popcorn o dyl,5.1,NE/mg
1589,Japanmix blandade snacks m. inbakade nötter riscracker,Niacin,Chips popcorn o dyl,3.5,mg
1589,Japanmix blandade snacks m. inbakade nötter riscracker,"Salt, NaCl",Chips popcorn o dyl,0.9,g
1589,Japanmix blandade snacks m. inbakade nötter riscracker,"Natrium, Na",Chips popcorn o dyl,362.0,mg
1589,Japanmix blandade snacks m. inbakade nötter riscracker,Monosackarider,Chips popcorn o dyl,0.1,g
1589,Japanmix blandade snacks m. inbakade nötter riscracker,"Sockerarter, totalt",Chips popcorn o dyl,7.0,g
1589,Japanmix blandade snacks m. inbakade nötter riscracker,Summa enkelomättade fettsyror,Chips popcorn o dyl,2.6,g
1589,Japanmix blandade snacks m. inbakade nötter riscracker,"Magnesium, Mg",Chips popcorn o dyl,48.0,mg
1589,Japanmix blandade snacks m. inbakade nötter riscracker,Summa mättade fettsyror,Chips popcorn o dyl,1.1,g
1589,Japanmix blandade snacks m. inbakade nötter riscracker,"Kolhydrater, tillgängliga",Chips popcorn o dyl,75.5,g
1589,Japanmix blandade snacks m. inbakade nötter riscracker,Kolesterol,Chips popcorn o dyl,2.0,mg
1589,Japanmix blandade snacks m. inbakade nötter riscracker,"Kalium, K",Chips popcorn o dyl,176.0,mg
1589,Japanmix blandade snacks m. inbakade nötter riscracker,"Jod, I",Chips popcorn o dyl,12.0,µg
1589,Japanmix blandade snacks m. inbakade nötter riscracker,Fullkorn totalt,Chips popcorn o dyl,0.0,g
1589,Japanmix blandade snacks m. inbakade nötter riscracker,"Folat, totalt",Chips popcorn o dyl,39.3,µg
1589,Japanmix blandade snacks m. inbakade nötter riscracker,Fibrer,Chips popcorn o dyl,4.4,g
1589,Japanmix blandade snacks m. inbakade nötter riscracker,"Fett, totalt",Chips popcorn o dyl,5.6,g
1589,Japanmix blandade snacks m. inbakade nötter riscracker,"Järn, Fe",Chips popcorn o dyl,1.5,mg
1589,Japanmix blandade snacks m. inbakade nötter riscracker,Energi (kJ),Chips popcorn o dyl,1688.0,kJ
1589,Japanmix blandade snacks m. inbakade nötter riscracker,Energi (kcal),Chips popcorn o dyl,403.0,kcal
1589,Japanmix blandade snacks m. inbakade nötter riscracker,Disackarider,Chips popcorn o dyl,6.9,g
1589,Japanmix blandade snacks m. inbakade nötter riscracker,"Kalcium, Ca",Chips popcorn o dyl,21.0,mg
1589,Japanmix blandade snacks m. inbakade nötter riscracker,Fettsyra 4:0-10:0,Chips popcorn o dyl,0.0,g
1589,Japanmix blandade snacks m. inbakade nötter riscracker,DHA (C22:6),Chips popcorn o dyl,0.0,g
1589,Japanmix blandade snacks m. inbakade nötter riscracker,DPA (C22:5),Chips popcorn o dyl,0.0,g
1589,Japanmix blandade snacks m. inbakade nötter riscracker,EPA (C20:5),Chips popcorn o dyl,0.0,g
1589,Japanmix blandade snacks m. inbakade nötter riscracker,Arakidonsyra C20:4,Chips popcorn o dyl,0.0,g
1589,Japanmix blandade snacks m. inbakade nötter riscracker,Arakidinsyra C20:0,Chips popcorn o dyl,0.1,g
1589,Japanmix blandade snacks m. inbakade nötter riscracker,Linolensyra C18:3,Chips popcorn o dyl,0.0,g
1589,Japanmix blandade snacks m. inbakade nötter riscracker,Linolsyra C18:2,Chips popcorn o dyl,1.7,g
1589,Japanmix blandade snacks m. inbakade nötter riscracker,Oljesyra C18:1,Chips popcorn o dyl,2.5,g
1589,Japanmix blandade snacks m. inbakade nötter riscracker,Stearinsyra C18:0,Chips popcorn o dyl,0.2,g
1589,Japanmix blandade snacks m. inbakade nötter riscracker,Palmitoljesyra C16:1,Chips popcorn o dyl,0.0,g
1589,Japanmix blandade snacks m. inbakade nötter riscracker,Palmitinsyra C16:0,Chips popcorn o dyl,0.6,g
1589,Japanmix blandade snacks m. inbakade nötter riscracker,Myristinsyra C14:0,Chips popcorn o dyl,0.0,g
1589,Japanmix blandade snacks m. inbakade nötter riscracker,Laurinsyra C12:0,Chips popcorn o dyl,0.0,g
1589,Japanmix blandade snacks m. inbakade nötter riscracker,Betakaroten/β-Karoten,Chips popcorn o dyl,8.0,µg
1589,Japanmix blandade snacks m. inbakade nötter riscracker,Avfall (skal etc.),Chips popcorn o dyl,0.0,%
1589,Japanmix blandade snacks m. inbakade nötter riscracker,Aska,Chips popcorn o dyl,1.5,g
1589,Japanmix blandade snacks m. inbakade nötter riscracker,Alkohol,Chips popcorn o dyl,0.0,g
1590,Kokosmjölk fett ca 24%,"Zink, Zn",Vegetabiliska produkter och mjölkersättning,0.7,mg
1590,Kokosmjölk fett ca 24%,Vitamin E,Vegetabiliska produkter och mjölkersättning,0.2,mg
1590,Kokosmjölk fett ca 24%,Vitamin D inkl 25-OH-D3,Vegetabiliska produkter och mjölkersättning,0.0,µg
1590,Kokosmjölk fett ca 24%,Vitamin D,Vegetabiliska produkter och mjölkersättning,0.0,µg
1590,Kokosmjölk fett ca 24%,Vitamin C,Vegetabiliska produkter och mjölkersättning,2.0,mg
1590,Kokosmjölk fett ca 24%,Vitamin B6,Vegetabiliska produkter och mjölkersättning,0.0,mg
1590,Kokosmjölk fett ca 24%,Vitamin B12,Vegetabiliska produkter och mjölkersättning,0.0,µg
1590,Kokosmjölk fett ca 24%,Vitamin A,Vegetabiliska produkter och mjölkersättning,0.0,RE/µg
1590,Kokosmjölk fett ca 24%,Vatten,Vegetabiliska produkter och mjölkersättning,68.0,g
1590,Kokosmjölk fett ca 24%,Tiamin,Vegetabiliska produkter och mjölkersättning,0.03,mg
1590,Kokosmjölk fett ca 24%,Tillsatt socker,Vegetabiliska produkter och mjölkersättning,0.0,g
1590,Kokosmjölk fett ca 24%,Fritt socker,Vegetabiliska produkter och mjölkersättning,0.0,g
1590,Kokosmjölk fett ca 24%,"Selen, Se",Vegetabiliska produkter och mjölkersättning,0.1,µg
1590,Kokosmjölk fett ca 24%,Sackaros,Vegetabiliska produkter och mjölkersättning,1.5,g
1590,Kokosmjölk fett ca 24%,Riboflavin,Vegetabiliska produkter och mjölkersättning,0.0,mg
1590,Kokosmjölk fett ca 24%,Retinol,Vegetabiliska produkter och mjölkersättning,0.0,µg
1590,Kokosmjölk fett ca 24%,Protein,Vegetabiliska produkter och mjölkersättning,2.3,g
1590,Kokosmjölk fett ca 24%,Summa fleromättade fettsyror,Vegetabiliska produkter och mjölkersättning,0.5,g
1590,Kokosmjölk fett ca 24%,"Fosfor, P",Vegetabiliska produkter och mjölkersättning,100.0,mg
1590,Kokosmjölk fett ca 24%,Niacinekvivalenter,Vegetabiliska produkter och mjölkersättning,1.18,NE/mg
1590,Kokosmjölk fett ca 24%,Niacin,Vegetabiliska produkter och mjölkersättning,0.8,mg
1590,Kokosmjölk fett ca 24%,"Salt, NaCl",Vegetabiliska produkter och mjölkersättning,0.0,g
1590,Kokosmjölk fett ca 24%,"Natrium, Na",Vegetabiliska produkter och mjölkersättning,15.0,mg
1590,Kokosmjölk fett ca 24%,Monosackarider,Vegetabiliska produkter och mjölkersättning,0.0,g
1590,Kokosmjölk fett ca 24%,"Sockerarter, totalt",Vegetabiliska produkter och mjölkersättning,1.5,g
1590,Kokosmjölk fett ca 24%,Summa enkelomättade fettsyror,Vegetabiliska produkter och mjölkersättning,1.7,g
1590,Kokosmjölk fett ca 24%,"Magnesium, Mg",Vegetabiliska produkter och mjölkersättning,37.0,mg
1590,Kokosmjölk fett ca 24%,Summa mättade fettsyror,Vegetabiliska produkter och mjölkersättning,20.3,g
1590,Kokosmjölk fett ca 24%,"Kolhydrater, tillgängliga",Vegetabiliska produkter och mjölkersättning,3.5,g
1590,Kokosmjölk fett ca 24%,Kolesterol,Vegetabiliska produkter och mjölkersättning,0.0,mg
1590,Kokosmjölk fett ca 24%,"Kalium, K",Vegetabiliska produkter och mjölkersättning,265.0,mg
1590,Kokosmjölk fett ca 24%,"Jod, I",Vegetabiliska produkter och mjölkersättning,2.0,µg
1590,Kokosmjölk fett ca 24%,Fullkorn totalt,Vegetabiliska produkter och mjölkersättning,0.0,g
1590,Kokosmjölk fett ca 24%,"Folat, totalt",Vegetabiliska produkter och mjölkersättning,1.2,µg
1590,Kokosmjölk fett ca 24%,Fibrer,Vegetabiliska produkter och mjölkersättning,1.5,g
1590,Kokosmjölk fett ca 24%,"Fett, totalt",Vegetabiliska produkter och mjölkersättning,24.0,g
1590,Kokosmjölk fett ca 24%,"Järn, Fe",Vegetabiliska produkter och mjölkersättning,1.6,mg
1590,Kokosmjölk fett ca 24%,Energi (kJ),Vegetabiliska produkter och mjölkersättning,999.0,kJ
1590,Kokosmjölk fett ca 24%,Energi (kcal),Vegetabiliska produkter och mjölkersättning,239.0,kcal
1590,Kokosmjölk fett ca 24%,Disackarider,Vegetabiliska produkter och mjölkersättning,1.5,g
1590,Kokosmjölk fett ca 24%,"Kalcium, Ca",Vegetabiliska produkter och mjölkersättning,16.0,mg
1590,Kokosmjölk fett ca 24%,Fettsyra 4:0-10:0,Vegetabiliska produkter och mjölkersättning,3.4,g
1590,Kokosmjölk fett ca 24%,DHA (C22:6),Vegetabiliska produkter och mjölkersättning,0.0,g
1590,Kokosmjölk fett ca 24%,DPA (C22:5),Vegetabiliska produkter och mjölkersättning,0.0,g
1590,Kokosmjölk fett ca 24%,EPA (C20:5),Vegetabiliska produkter och mjölkersättning,0.0,g
1590,Kokosmjölk fett ca 24%,Arakidonsyra C20:4,Vegetabiliska produkter och mjölkersättning,0.0,g
1590,Kokosmjölk fett ca 24%,Arakidinsyra C20:0,Vegetabiliska produkter och mjölkersättning,0.0,g
1590,Kokosmjölk fett ca 24%,Linolensyra C18:3,Vegetabiliska produkter och mjölkersättning,0.0,g
1590,Kokosmjölk fett ca 24%,Linolsyra C18:2,Vegetabiliska produkter och mjölkersättning,0.5,g
1590,Kokosmjölk fett ca 24%,Oljesyra C18:1,Vegetabiliska produkter och mjölkersättning,1.7,g
1590,Kokosmjölk fett ca 24%,Stearinsyra C18:0,Vegetabiliska produkter och mjölkersättning,0.6,g
1590,Kokosmjölk fett ca 24%,Palmitoljesyra C16:1,Vegetabiliska produkter och mjölkersättning,0.0,g
1590,Kokosmjölk fett ca 24%,Palmitinsyra C16:0,Vegetabiliska produkter och mjölkersättning,1.9,g
1590,Kokosmjölk fett ca 24%,Myristinsyra C14:0,Vegetabiliska produkter och mjölkersättning,3.9,g
1590,Kokosmjölk fett ca 24%,Laurinsyra C12:0,Vegetabiliska produkter och mjölkersättning,10.5,g
1590,Kokosmjölk fett ca 24%,Betakaroten/β-Karoten,Vegetabiliska produkter och mjölkersättning,0.0,µg
1590,Kokosmjölk fett ca 24%,Avfall (skal etc.),Vegetabiliska produkter och mjölkersättning,0.0,%
1590,Kokosmjölk fett ca 24%,Aska,Vegetabiliska produkter och mjölkersättning,0.7,g
1590,Kokosmjölk fett ca 24%,Alkohol,Vegetabiliska produkter och mjölkersättning,0.0,g
1591,Vatten kokosvatten,"Zink, Zn",Dryck,0.0,mg
1591,Vatten kokosvatten,Vitamin E,Dryck,0.0,mg
1591,Vatten kokosvatten,Vitamin D inkl 25-OH-D3,Dryck,0.0,µg
1591,Vatten kokosvatten,Vitamin D,Dryck,0.0,µg
1591,Vatten kokosvatten,Vitamin C,Dryck,24.8,mg
1591,Vatten kokosvatten,Vitamin B6,Dryck,0.0,mg
1591,Vatten kokosvatten,Vitamin B12,Dryck,0.0,µg
1591,Vatten kokosvatten,Vitamin A,Dryck,0.0,RE/µg
1591,Vatten kokosvatten,Vatten,Dryck,95.0,g
1591,Vatten kokosvatten,Tiamin,Dryck,0.0,mg
1591,Vatten kokosvatten,Tillsatt socker,Dryck,0.0,g
1591,Vatten kokosvatten,Fritt socker,Dryck,4.0,g
1591,Vatten kokosvatten,"Selen, Se",Dryck,0.0,µg
1591,Vatten kokosvatten,Sackaros,Dryck,1.8,g
1591,Vatten kokosvatten,Riboflavin,Dryck,0.0,mg
1591,Vatten kokosvatten,Retinol,Dryck,0.0,µg
1591,Vatten kokosvatten,Protein,Dryck,0.0,g
1591,Vatten kokosvatten,Summa fleromättade fettsyror,Dryck,0.0,g
1591,Vatten kokosvatten,"Fosfor, P",Dryck,6.0,mg
1591,Vatten kokosvatten,Niacinekvivalenter,Dryck,0.0,NE/mg
1591,Vatten kokosvatten,Niacin,Dryck,0.0,mg
1591,Vatten kokosvatten,"Salt, NaCl",Dryck,0.1,g
1591,Vatten kokosvatten,"Natrium, Na",Dryck,32.0,mg
1591,Vatten kokosvatten,Monosackarider,Dryck,2.2,g
1591,Vatten kokosvatten,"Sockerarter, totalt",Dryck,4.0,g
1591,Vatten kokosvatten,Summa enkelomättade fettsyror,Dryck,0.0,g
1591,Vatten kokosvatten,"Magnesium, Mg",Dryck,8.0,mg
1591,Vatten kokosvatten,Summa mättade fettsyror,Dryck,0.0,g
1591,Vatten kokosvatten,"Kolhydrater, tillgängliga",Dryck,4.5,g
1591,Vatten kokosvatten,Kolesterol,Dryck,0.0,mg
1591,Vatten kokosvatten,"Kalium, K",Dryck,141.0,mg
1591,Vatten kokosvatten,"Jod, I",Dryck,0.3,µg
1591,Vatten kokosvatten,Fullkorn totalt,Dryck,0.0,g
1591,Vatten kokosvatten,"Folat, totalt",Dryck,0.8,µg
1591,Vatten kokosvatten,Fibrer,Dryck,0.0,g
1591,Vatten kokosvatten,"Fett, totalt",Dryck,0.0,g
1591,Vatten kokosvatten,"Järn, Fe",Dryck,0.0,mg
1591,Vatten kokosvatten,Energi (kJ),Dryck,76.0,kJ
1591,Vatten kokosvatten,Energi (kcal),Dryck,18.0,kcal
1591,Vatten kokosvatten,Disackarider,Dryck,1.8,g
1591,Vatten kokosvatten,"Kalcium, Ca",Dryck,10.0,mg
1591,Vatten kokosvatten,Fettsyra 4:0-10:0,Dryck,0.0,g
1591,Vatten kokosvatten,DHA (C22:6),Dryck,0.0,g
1591,Vatten kokosvatten,DPA (C22:5),Dryck,0.0,g
1591,Vatten kokosvatten,EPA (C20:5),Dryck,0.0,g
1591,Vatten kokosvatten,Arakidonsyra C20:4,Dryck,0.0,g
1591,Vatten kokosvatten,Arakidinsyra C20:0,Dryck,0.0,g
1591,Vatten kokosvatten,Linolensyra C18:3,Dryck,0.0,g
1591,Vatten kokosvatten,Linolsyra C18:2,Dryck,0.0,g
1591,Vatten kokosvatten,Oljesyra C18:1,Dryck,0.0,g
1591,Vatten kokosvatten,Stearinsyra C18:0,Dryck,0.0,g
1591,Vatten kokosvatten,Palmitoljesyra C16:1,Dryck,0.0,g
1591,Vatten kokosvatten,Palmitinsyra C16:0,Dryck,0.0,g
1591,Vatten kokosvatten,Myristinsyra C14:0,Dryck,0.0,g
1591,Vatten kokosvatten,Laurinsyra C12:0,Dryck,0.0,g
1591,Vatten kokosvatten,Betakaroten/β-Karoten,Dryck,0.0,µg
1591,Vatten kokosvatten,Avfall (skal etc.),Dryck,0.0,%
1591,Vatten kokosvatten,Aska,Dryck,0.5,g
1591,Vatten kokosvatten,Alkohol,Dryck,0.0,g
1592,Sesamdryck vattenextrakt av frön m. skal,"Zink, Zn",Dryck,1.3,mg
1592,Sesamdryck vattenextrakt av frön m. skal,Vitamin E,Dryck,0.3,mg
1592,Sesamdryck vattenextrakt av frön m. skal,Vitamin D inkl 25-OH-D3,Dryck,0.0,µg
1592,Sesamdryck vattenextrakt av frön m. skal,Vitamin D,Dryck,0.0,µg
1592,Sesamdryck vattenextrakt av frön m. skal,Vitamin C,Dryck,0.0,mg
1592,Sesamdryck vattenextrakt av frön m. skal,Vitamin B6,Dryck,0.01,mg
1592,Sesamdryck vattenextrakt av frön m. skal,Vitamin B12,Dryck,0.0,µg
1592,Sesamdryck vattenextrakt av frön m. skal,Vitamin A,Dryck,0.2,RE/µg
1592,Sesamdryck vattenextrakt av frön m. skal,Vatten,Dryck,90.0,g
1592,Sesamdryck vattenextrakt av frön m. skal,Tiamin,Dryck,0.1,mg
1592,Sesamdryck vattenextrakt av frön m. skal,Tillsatt socker,Dryck,0.0,g
1592,Sesamdryck vattenextrakt av frön m. skal,Fritt socker,Dryck,0.0,g
1592,Sesamdryck vattenextrakt av frön m. skal,"Selen, Se",Dryck,0.2,µg
1592,Sesamdryck vattenextrakt av frön m. skal,Sackaros,Dryck,0.4,g
1592,Sesamdryck vattenextrakt av frön m. skal,Riboflavin,Dryck,0.03,mg
1592,Sesamdryck vattenextrakt av frön m. skal,Retinol,Dryck,0.0,µg
1592,Sesamdryck vattenextrakt av frön m. skal,Protein,Dryck,1.8,g
1592,Sesamdryck vattenextrakt av frön m. skal,Summa fleromättade fettsyror,Dryck,2.7,g
1592,Sesamdryck vattenextrakt av frön m. skal,"Fosfor, P",Dryck,76.0,mg
1592,Sesamdryck vattenextrakt av frön m. skal,Niacinekvivalenter,Dryck,0.88,NE/mg
1592,Sesamdryck vattenextrakt av frön m. skal,Niacin,Dryck,0.58,mg
1592,Sesamdryck vattenextrakt av frön m. skal,"Salt, NaCl",Dryck,0.0,g
1592,Sesamdryck vattenextrakt av frön m. skal,"Natrium, Na",Dryck,12.0,mg
1592,Sesamdryck vattenextrakt av frön m. skal,Monosackarider,Dryck,0.1,g
1592,Sesamdryck vattenextrakt av frön m. skal,"Sockerarter, totalt",Dryck,0.5,g
1592,Sesamdryck vattenextrakt av frön m. skal,Summa enkelomättade fettsyror,Dryck,2.5,g
1592,Sesamdryck vattenextrakt av frön m. skal,"Magnesium, Mg",Dryck,12.0,mg
1592,Sesamdryck vattenextrakt av frön m. skal,Summa mättade fettsyror,Dryck,1.0,g
1592,Sesamdryck vattenextrakt av frön m. skal,"Kolhydrater, tillgängliga",Dryck,0.6,g
1592,Sesamdryck vattenextrakt av frön m. skal,Kolesterol,Dryck,0.0,mg
1592,Sesamdryck vattenextrakt av frön m. skal,"Kalium, K",Dryck,60.0,mg
1592,Sesamdryck vattenextrakt av frön m. skal,"Jod, I",Dryck,1.0,µg
1592,Sesamdryck vattenextrakt av frön m. skal,Fullkorn totalt,Dryck,0.0,g
1592,Sesamdryck vattenextrakt av frön m. skal,"Folat, totalt",Dryck,13.0,µg
1592,Sesamdryck vattenextrakt av frön m. skal,Fibrer,Dryck,0.6,g
1592,Sesamdryck vattenextrakt av frön m. skal,"Fett, totalt",Dryck,6.4,g
1592,Sesamdryck vattenextrakt av frön m. skal,"Järn, Fe",Dryck,1.6,mg
1592,Sesamdryck vattenextrakt av frön m. skal,Energi (kJ),Dryck,282.0,kJ
1592,Sesamdryck vattenextrakt av frön m. skal,Energi (kcal),Dryck,68.0,kcal
1592,Sesamdryck vattenextrakt av frön m. skal,Disackarider,Dryck,0.4,g
1592,Sesamdryck vattenextrakt av frön m. skal,"Kalcium, Ca",Dryck,111.0,mg
1592,Sesamdryck vattenextrakt av frön m. skal,Fettsyra 4:0-10:0,Dryck,0.0,g
1592,Sesamdryck vattenextrakt av frön m. skal,DHA (C22:6),Dryck,0.0,g
1592,Sesamdryck vattenextrakt av frön m. skal,DPA (C22:5),Dryck,0.0,g
1592,Sesamdryck vattenextrakt av frön m. skal,EPA (C20:5),Dryck,0.0,g
1592,Sesamdryck vattenextrakt av frön m. skal,Arakidonsyra C20:4,Dryck,0.0,g
1592,Sesamdryck vattenextrakt av frön m. skal,Arakidinsyra C20:0,Dryck,0.0,g
1592,Sesamdryck vattenextrakt av frön m. skal,Linolensyra C18:3,Dryck,0.0,g
1592,Sesamdryck vattenextrakt av frön m. skal,Linolsyra C18:2,Dryck,2.6,g
1592,Sesamdryck vattenextrakt av frön m. skal,Oljesyra C18:1,Dryck,2.5,g
1592,Sesamdryck vattenextrakt av frön m. skal,Stearinsyra C18:0,Dryck,0.4,g
1592,Sesamdryck vattenextrakt av frön m. skal,Palmitoljesyra C16:1,Dryck,0.0,g
1592,Sesamdryck vattenextrakt av frön m. skal,Palmitinsyra C16:0,Dryck,0.6,g
1592,Sesamdryck vattenextrakt av frön m. skal,Myristinsyra C14:0,Dryck,0.0,g
1592,Sesamdryck vattenextrakt av frön m. skal,Laurinsyra C12:0,Dryck,0.0,g
1592,Sesamdryck vattenextrakt av frön m. skal,Betakaroten/β-Karoten,Dryck,3.0,µg
1592,Sesamdryck vattenextrakt av frön m. skal,Avfall (skal etc.),Dryck,0.0,%
1592,Sesamdryck vattenextrakt av frön m. skal,Aska,Dryck,0.6,g
1592,Sesamdryck vattenextrakt av frön m. skal,Alkohol,Dryck,0.0,g
1593,Sesamdryck vattenextrakt av frön u. skal,"Zink, Zn",Dryck,0.6,mg
1593,Sesamdryck vattenextrakt av frön u. skal,Vitamin E,Dryck,0.3,mg
1593,Sesamdryck vattenextrakt av frön u. skal,Vitamin D inkl 25-OH-D3,Dryck,0.0,µg
1593,Sesamdryck vattenextrakt av frön u. skal,Vitamin D,Dryck,0.0,µg
1593,Sesamdryck vattenextrakt av frön u. skal,Vitamin C,Dryck,0.0,mg
1593,Sesamdryck vattenextrakt av frön u. skal,Vitamin B6,Dryck,0.0,mg
1593,Sesamdryck vattenextrakt av frön u. skal,Vitamin B12,Dryck,0.0,µg
1593,Sesamdryck vattenextrakt av frön u. skal,Vitamin A,Dryck,0.2,RE/µg
1593,Sesamdryck vattenextrakt av frön u. skal,Vatten,Dryck,89.0,g
1593,Sesamdryck vattenextrakt av frön u. skal,Tiamin,Dryck,0.0,mg
1593,Sesamdryck vattenextrakt av frön u. skal,Tillsatt socker,Dryck,0.0,g
1593,Sesamdryck vattenextrakt av frön u. skal,Fritt socker,Dryck,0.0,g
1593,Sesamdryck vattenextrakt av frön u. skal,"Selen, Se",Dryck,0.2,µg
1593,Sesamdryck vattenextrakt av frön u. skal,Sackaros,Dryck,0.4,g
1593,Sesamdryck vattenextrakt av frön u. skal,Riboflavin,Dryck,0.0,mg
1593,Sesamdryck vattenextrakt av frön u. skal,Retinol,Dryck,0.0,µg
1593,Sesamdryck vattenextrakt av frön u. skal,Protein,Dryck,2.2,g
1593,Sesamdryck vattenextrakt av frön u. skal,Summa fleromättade fettsyror,Dryck,2.7,g
1593,Sesamdryck vattenextrakt av frön u. skal,"Fosfor, P",Dryck,72.0,mg
1593,Sesamdryck vattenextrakt av frön u. skal,Niacinekvivalenter,Dryck,0.37,NE/mg
1593,Sesamdryck vattenextrakt av frön u. skal,Niacin,Dryck,0.0,mg
1593,Sesamdryck vattenextrakt av frön u. skal,"Salt, NaCl",Dryck,0.0,g
1593,Sesamdryck vattenextrakt av frön u. skal,"Natrium, Na",Dryck,18.0,mg
1593,Sesamdryck vattenextrakt av frön u. skal,Monosackarider,Dryck,0.1,g
1593,Sesamdryck vattenextrakt av frön u. skal,"Sockerarter, totalt",Dryck,0.5,g
1593,Sesamdryck vattenextrakt av frön u. skal,Summa enkelomättade fettsyror,Dryck,2.5,g
1593,Sesamdryck vattenextrakt av frön u. skal,"Magnesium, Mg",Dryck,0.0,mg
1593,Sesamdryck vattenextrakt av frön u. skal,Summa mättade fettsyror,Dryck,1.0,g
1593,Sesamdryck vattenextrakt av frön u. skal,"Kolhydrater, tillgängliga",Dryck,1.4,g
1593,Sesamdryck vattenextrakt av frön u. skal,Kolesterol,Dryck,0.0,mg
1593,Sesamdryck vattenextrakt av frön u. skal,"Kalium, K",Dryck,40.0,mg
1593,Sesamdryck vattenextrakt av frön u. skal,"Jod, I",Dryck,1.0,µg
1593,Sesamdryck vattenextrakt av frön u. skal,Fullkorn totalt,Dryck,0.0,g
1593,Sesamdryck vattenextrakt av frön u. skal,"Folat, totalt",Dryck,12.0,µg
1593,Sesamdryck vattenextrakt av frön u. skal,Fibrer,Dryck,0.6,g
1593,Sesamdryck vattenextrakt av frön u. skal,"Fett, totalt",Dryck,6.4,g
1593,Sesamdryck vattenextrakt av frön u. skal,"Järn, Fe",Dryck,0.7,mg
1593,Sesamdryck vattenextrakt av frön u. skal,Energi (kJ),Dryck,303.0,kJ
1593,Sesamdryck vattenextrakt av frön u. skal,Energi (kcal),Dryck,72.0,kcal
1593,Sesamdryck vattenextrakt av frön u. skal,Disackarider,Dryck,0.4,g
1593,Sesamdryck vattenextrakt av frön u. skal,"Kalcium, Ca",Dryck,6.0,mg
1593,Sesamdryck vattenextrakt av frön u. skal,Fettsyra 4:0-10:0,Dryck,0.0,g
1593,Sesamdryck vattenextrakt av frön u. skal,DHA (C22:6),Dryck,0.0,g
1593,Sesamdryck vattenextrakt av frön u. skal,DPA (C22:5),Dryck,0.0,g
1593,Sesamdryck vattenextrakt av frön u. skal,EPA (C20:5),Dryck,0.0,g
1593,Sesamdryck vattenextrakt av frön u. skal,Arakidonsyra C20:4,Dryck,0.0,g
1593,Sesamdryck vattenextrakt av frön u. skal,Arakidinsyra C20:0,Dryck,0.0,g
1593,Sesamdryck vattenextrakt av frön u. skal,Linolensyra C18:3,Dryck,0.0,g
1593,Sesamdryck vattenextrakt av frön u. skal,Linolsyra C18:2,Dryck,2.6,g
1593,Sesamdryck vattenextrakt av frön u. skal,Oljesyra C18:1,Dryck,2.5,g
1593,Sesamdryck vattenextrakt av frön u. skal,Stearinsyra C18:0,Dryck,0.4,g
1593,Sesamdryck vattenextrakt av frön u. skal,Palmitoljesyra C16:1,Dryck,0.0,g
1593,Sesamdryck vattenextrakt av frön u. skal,Palmitinsyra C16:0,Dryck,0.6,g
1593,Sesamdryck vattenextrakt av frön u. skal,Myristinsyra C14:0,Dryck,0.0,g
1593,Sesamdryck vattenextrakt av frön u. skal,Laurinsyra C12:0,Dryck,0.0,g
1593,Sesamdryck vattenextrakt av frön u. skal,Betakaroten/β-Karoten,Dryck,3.0,µg
1593,Sesamdryck vattenextrakt av frön u. skal,Avfall (skal etc.),Dryck,0.0,%
1593,Sesamdryck vattenextrakt av frön u. skal,Aska,Dryck,0.4,g
1593,Sesamdryck vattenextrakt av frön u. skal,Alkohol,Dryck,0.0,g
1594,Sött vetebröd kanelbulle hembakad,"Zink, Zn",Bullar kakor tårtor mm,0.5,mg
1594,Sött vetebröd kanelbulle hembakad,Vitamin E,Bullar kakor tårtor mm,1.2,mg
1594,Sött vetebröd kanelbulle hembakad,Vitamin D,Bullar kakor tårtor mm,0.82,µg
1594,Sött vetebröd kanelbulle hembakad,Vitamin C,Bullar kakor tårtor mm,1.3,mg
1594,Sött vetebröd kanelbulle hembakad,Vitamin B6,Bullar kakor tårtor mm,0.06,mg
1594,Sött vetebröd kanelbulle hembakad,Vitamin B12,Bullar kakor tårtor mm,0.15,µg
1594,Sött vetebröd kanelbulle hembakad,Vitamin A,Bullar kakor tårtor mm,102.2,RE/µg
1594,Sött vetebröd kanelbulle hembakad,Vatten,Bullar kakor tårtor mm,33.4,g
1594,Sött vetebröd kanelbulle hembakad,Tiamin,Bullar kakor tårtor mm,0.08,mg
1594,Sött vetebröd kanelbulle hembakad,Tillsatt socker,Bullar kakor tårtor mm,9.0,g
1594,Sött vetebröd kanelbulle hembakad,Fritt socker,Bullar kakor tårtor mm,9.0,g
1594,Sött vetebröd kanelbulle hembakad,"Selen, Se",Bullar kakor tårtor mm,6.0,µg
1594,Sött vetebröd kanelbulle hembakad,Sackaros,Bullar kakor tårtor mm,8.8,g
1594,Sött vetebröd kanelbulle hembakad,Riboflavin,Bullar kakor tårtor mm,0.11,mg
1594,Sött vetebröd kanelbulle hembakad,Retinol,Bullar kakor tårtor mm,96.9,µg
1594,Sött vetebröd kanelbulle hembakad,Protein,Bullar kakor tårtor mm,5.8,g
1594,Sött vetebröd kanelbulle hembakad,Summa fleromättade fettsyror,Bullar kakor tårtor mm,1.6,g
1594,Sött vetebröd kanelbulle hembakad,"Fosfor, P",Bullar kakor tårtor mm,110.0,mg
1594,Sött vetebröd kanelbulle hembakad,Niacinekvivalenter,Bullar kakor tårtor mm,1.85,NE/mg
1594,Sött vetebröd kanelbulle hembakad,Niacin,Bullar kakor tårtor mm,0.76,mg
1594,Sött vetebröd kanelbulle hembakad,"Salt, NaCl",Bullar kakor tårtor mm,0.5,g
1594,Sött vetebröd kanelbulle hembakad,"Natrium, Na",Bullar kakor tårtor mm,198.0,mg
1594,Sött vetebröd kanelbulle hembakad,Monosackarider,Bullar kakor tårtor mm,0.1,g
1594,Sött vetebröd kanelbulle hembakad,"Sockerarter, totalt",Bullar kakor tårtor mm,10.9,g
1594,Sött vetebröd kanelbulle hembakad,Summa enkelomättade fettsyror,Bullar kakor tårtor mm,3.6,g
1594,Sött vetebröd kanelbulle hembakad,"Magnesium, Mg",Bullar kakor tårtor mm,16.0,mg
1594,Sött vetebröd kanelbulle hembakad,Summa mättade fettsyror,Bullar kakor tårtor mm,6.4,g
1594,Sött vetebröd kanelbulle hembakad,"Kolhydrater, tillgängliga",Bullar kakor tårtor mm,45.5,g
1594,Sött vetebröd kanelbulle hembakad,Kolesterol,Bullar kakor tårtor mm,30.0,mg
1594,Sött vetebröd kanelbulle hembakad,"Kalium, K",Bullar kakor tårtor mm,148.0,mg
1594,Sött vetebröd kanelbulle hembakad,"Jod, I",Bullar kakor tårtor mm,23.2,µg
1594,Sött vetebröd kanelbulle hembakad,Fullkorn totalt,Bullar kakor tårtor mm,0.0,g
1594,Sött vetebröd kanelbulle hembakad,"Folat, totalt",Bullar kakor tårtor mm,37.0,µg
1594,Sött vetebröd kanelbulle hembakad,Fibrer,Bullar kakor tårtor mm,2.0,g
1594,Sött vetebröd kanelbulle hembakad,"Fett, totalt",Bullar kakor tårtor mm,12.3,g
1594,Sött vetebröd kanelbulle hembakad,"Järn, Fe",Bullar kakor tårtor mm,0.6,mg
1594,Sött vetebröd kanelbulle hembakad,Energi (kJ),Bullar kakor tårtor mm,1344.0,kJ
1594,Sött vetebröd kanelbulle hembakad,Energi (kcal),Bullar kakor tårtor mm,321.0,kcal
1594,Sött vetebröd kanelbulle hembakad,Disackarider,Bullar kakor tårtor mm,10.7,g
1594,Sött vetebröd kanelbulle hembakad,"Kalcium, Ca",Bullar kakor tårtor mm,52.0,mg
1594,Sött vetebröd kanelbulle hembakad,Fettsyra 4:0-10:0,Bullar kakor tårtor mm,0.7,g
1594,Sött vetebröd kanelbulle hembakad,DHA (C22:6),Bullar kakor tårtor mm,0.0,g
1594,Sött vetebröd kanelbulle hembakad,DPA (C22:5),Bullar kakor tårtor mm,0.0,g
1594,Sött vetebröd kanelbulle hembakad,EPA (C20:5),Bullar kakor tårtor mm,0.0,g
1594,Sött vetebröd kanelbulle hembakad,Arakidonsyra C20:4,Bullar kakor tårtor mm,0.0,g
1594,Sött vetebröd kanelbulle hembakad,Arakidinsyra C20:0,Bullar kakor tårtor mm,0.0,g
1594,Sött vetebröd kanelbulle hembakad,Linolensyra C18:3,Bullar kakor tårtor mm,0.3,g
1594,Sött vetebröd kanelbulle hembakad,Linolsyra C18:2,Bullar kakor tårtor mm,1.2,g
1594,Sött vetebröd kanelbulle hembakad,Oljesyra C18:1,Bullar kakor tårtor mm,3.5,g
1594,Sött vetebröd kanelbulle hembakad,Stearinsyra C18:0,Bullar kakor tårtor mm,0.8,g
1594,Sött vetebröd kanelbulle hembakad,Palmitoljesyra C16:1,Bullar kakor tårtor mm,0.1,g
1594,Sött vetebröd kanelbulle hembakad,Palmitinsyra C16:0,Bullar kakor tårtor mm,3.4,g
1594,Sött vetebröd kanelbulle hembakad,Myristinsyra C14:0,Bullar kakor tårtor mm,0.8,g
1594,Sött vetebröd kanelbulle hembakad,Laurinsyra C12:0,Bullar kakor tårtor mm,0.3,g
1594,Sött vetebröd kanelbulle hembakad,Betakaroten/β-Karoten,Bullar kakor tårtor mm,62.0,µg
1594,Sött vetebröd kanelbulle hembakad,Avfall (skal etc.),Bullar kakor tårtor mm,0.0,%
1594,Sött vetebröd kanelbulle hembakad,Aska,Bullar kakor tårtor mm,1.0,g
1594,Sött vetebröd kanelbulle hembakad,Alkohol,Bullar kakor tårtor mm,0.0,g
1595,Skorpor råg,"Zink, Zn",Hårt bröd ,1.2,mg
1595,Skorpor råg,Vitamin E,Hårt bröd ,0.8,mg
1595,Skorpor råg,Vitamin D,Hårt bröd ,1.24,µg
1595,Skorpor råg,Vitamin C,Hårt bröd ,0.0,mg
1595,Skorpor råg,Vitamin B6,Hårt bröd ,0.28,mg
1595,Skorpor råg,Vitamin B12,Hårt bröd ,0.2,µg
1595,Skorpor råg,Vitamin A,Hårt bröd ,85.1,RE/µg
1595,Skorpor råg,Vatten,Hårt bröd ,7.6,g
1595,Skorpor råg,Tiamin,Hårt bröd ,0.36,mg
1595,Skorpor råg,Tillsatt socker,Hårt bröd ,2.0,g
1595,Skorpor råg,Fritt socker,Hårt bröd ,2.0,g
1595,Skorpor råg,"Selen, Se",Hårt bröd ,1.5,µg
1595,Skorpor råg,Sackaros,Hårt bröd ,0.0,g
1595,Skorpor råg,Riboflavin,Hårt bröd ,0.18,mg
1595,Skorpor råg,Retinol,Hårt bröd ,84.0,µg
1595,Skorpor råg,Protein,Hårt bröd ,9.0,g
1595,Skorpor råg,Summa fleromättade fettsyror,Hårt bröd ,2.0,g
1595,Skorpor råg,"Fosfor, P",Hårt bröd ,170.0,mg
1595,Skorpor råg,Niacinekvivalenter,Hårt bröd ,5.5,NE/mg
1595,Skorpor råg,Niacin,Hårt bröd ,4.0,mg
1595,Skorpor råg,"Salt, NaCl",Hårt bröd ,1.2,g
1595,Skorpor råg,"Natrium, Na",Hårt bröd ,460.0,mg
1595,Skorpor råg,Monosackarider,Hårt bröd ,0.6,g
1595,Skorpor råg,"Sockerarter, totalt",Hårt bröd ,2.1,g
1595,Skorpor råg,Summa enkelomättade fettsyror,Hårt bröd ,5.2,g
1595,Skorpor råg,"Magnesium, Mg",Hårt bröd ,74.0,mg
1595,Skorpor råg,Summa mättade fettsyror,Hårt bröd ,3.1,g
1595,Skorpor råg,"Kolhydrater, tillgängliga",Hårt bröd ,51.9,g
1595,Skorpor råg,Kolesterol,Hårt bröd ,15.0,mg
1595,Skorpor råg,"Kalium, K",Hårt bröd ,490.0,mg
1595,Skorpor råg,"Jod, I",Hårt bröd ,0.0,µg
1595,Skorpor råg,Fullkorn totalt,Hårt bröd ,0.0,g
1595,Skorpor råg,"Folat, totalt",Hårt bröd ,21.0,µg
1595,Skorpor råg,Fibrer,Hårt bröd ,19.0,g
1595,Skorpor råg,"Fett, totalt",Hårt bröd ,10.8,g
1595,Skorpor råg,"Järn, Fe",Hårt bröd ,1.4,mg
1595,Skorpor råg,Energi (kJ),Hårt bröd ,1587.0,kJ
1595,Skorpor råg,Energi (kcal),Hårt bröd ,379.0,kcal
1595,Skorpor råg,Disackarider,Hårt bröd ,1.5,g
1595,Skorpor råg,"Kalcium, Ca",Hårt bröd ,89.0,mg
1595,Skorpor råg,Fettsyra 4:0-10:0,Hårt bröd ,0.1,g
1595,Skorpor råg,DHA (C22:6),Hårt bröd ,0.0,g
1595,Skorpor råg,DPA (C22:5),Hårt bröd ,0.0,g
1595,Skorpor råg,EPA (C20:5),Hårt bröd ,0.0,g
1595,Skorpor råg,Arakidonsyra C20:4,Hårt bröd ,0.0,g
1595,Skorpor råg,Arakidinsyra C20:0,Hårt bröd ,0.1,g
1595,Skorpor råg,Linolensyra C18:3,Hårt bröd ,0.2,g
1595,Skorpor råg,Linolsyra C18:2,Hårt bröd ,1.7,g
1595,Skorpor råg,Oljesyra C18:1,Hårt bröd ,4.7,g
1595,Skorpor råg,Stearinsyra C18:0,Hårt bröd ,1.1,g
1595,Skorpor råg,Palmitoljesyra C16:1,Hårt bröd ,0.2,g
1595,Skorpor råg,Palmitinsyra C16:0,Hårt bröd ,1.4,g
1595,Skorpor råg,Myristinsyra C14:0,Hårt bröd ,0.2,g
1595,Skorpor råg,Laurinsyra C12:0,Hårt bröd ,0.1,g
1595,Skorpor råg,Betakaroten/β-Karoten,Hårt bröd ,13.0,µg
1595,Skorpor råg,Avfall (skal etc.),Hårt bröd ,0.0,%
1595,Skorpor råg,Aska,Hårt bröd ,1.7,g
1595,Skorpor råg,Alkohol,Hårt bröd ,0.0,g
1597,Skorpor vete osötade,"Zink, Zn",Hårt bröd ,1.1,mg
1597,Skorpor vete osötade,Vitamin E,Hårt bröd ,1.9,mg
1597,Skorpor vete osötade,Vitamin D,Hårt bröd ,1.46,µg
1597,Skorpor vete osötade,Vitamin C,Hårt bröd ,0.0,mg
1597,Skorpor vete osötade,Vitamin B6,Hårt bröd ,0.35,mg
1597,Skorpor vete osötade,Vitamin B12,Hårt bröd ,0.2,µg
1597,Skorpor vete osötade,Vitamin A,Hårt bröd ,186.5,RE/µg
1597,Skorpor vete osötade,Vatten,Hårt bröd ,1.1,g
1597,Skorpor vete osötade,Tiamin,Hårt bröd ,0.35,mg
1597,Skorpor vete osötade,Tillsatt socker,Hårt bröd ,0.0,g
1597,Skorpor vete osötade,Fritt socker,Hårt bröd ,0.0,g
1597,Skorpor vete osötade,"Selen, Se",Hårt bröd ,1.0,µg
1597,Skorpor vete osötade,Sackaros,Hårt bröd ,0.1,g
1597,Skorpor vete osötade,Riboflavin,Hårt bröd ,0.25,mg
1597,Skorpor vete osötade,Retinol,Hårt bröd ,186.0,µg
1597,Skorpor vete osötade,Protein,Hårt bröd ,9.9,g
1597,Skorpor vete osötade,Summa fleromättade fettsyror,Hårt bröd ,2.9,g
1597,Skorpor vete osötade,"Fosfor, P",Hårt bröd ,228.0,mg
1597,Skorpor vete osötade,Niacinekvivalenter,Hårt bröd ,5.43,NE/mg
1597,Skorpor vete osötade,Niacin,Hårt bröd ,3.78,mg
1597,Skorpor vete osötade,"Salt, NaCl",Hårt bröd ,0.9,g
1597,Skorpor vete osötade,"Natrium, Na",Hårt bröd ,350.0,mg
1597,Skorpor vete osötade,Monosackarider,Hårt bröd ,0.3,g
1597,Skorpor vete osötade,"Sockerarter, totalt",Hårt bröd ,3.1,g
1597,Skorpor vete osötade,Summa enkelomättade fettsyror,Hårt bröd ,7.5,g
1597,Skorpor vete osötade,"Magnesium, Mg",Hårt bröd ,26.0,mg
1597,Skorpor vete osötade,Summa mättade fettsyror,Hårt bröd ,6.7,g
1597,Skorpor vete osötade,"Kolhydrater, tillgängliga",Hårt bröd ,66.2,g
1597,Skorpor vete osötade,Kolesterol,Hårt bröd ,15.0,mg
1597,Skorpor vete osötade,"Kalium, K",Hårt bröd ,222.0,mg
1597,Skorpor vete osötade,"Jod, I",Hårt bröd ,3.0,µg
1597,Skorpor vete osötade,Fullkorn totalt,Hårt bröd ,0.0,g
1597,Skorpor vete osötade,"Folat, totalt",Hårt bröd ,15.0,µg
1597,Skorpor vete osötade,Fibrer,Hårt bröd ,3.0,g
1597,Skorpor vete osötade,"Fett, totalt",Hårt bröd ,18.2,g
1597,Skorpor vete osötade,"Järn, Fe",Hårt bröd ,1.0,mg
1597,Skorpor vete osötade,Energi (kJ),Hårt bröd ,1991.0,kJ
1597,Skorpor vete osötade,Energi (kcal),Hårt bröd ,476.0,kcal
1597,Skorpor vete osötade,Disackarider,Hårt bröd ,2.8,g
1597,Skorpor vete osötade,"Kalcium, Ca",Hårt bröd ,148.0,mg
1597,Skorpor vete osötade,Fettsyra 4:0-10:0,Hårt bröd ,0.4,g
1597,Skorpor vete osötade,DHA (C22:6),Hårt bröd ,0.0,g
1597,Skorpor vete osötade,DPA (C22:5),Hårt bröd ,0.0,g
1597,Skorpor vete osötade,EPA (C20:5),Hårt bröd ,0.0,g
1597,Skorpor vete osötade,Arakidonsyra C20:4,Hårt bröd ,0.0,g
1597,Skorpor vete osötade,Arakidinsyra C20:0,Hårt bröd ,0.1,g
1597,Skorpor vete osötade,Linolensyra C18:3,Hårt bröd ,0.5,g
1597,Skorpor vete osötade,Linolsyra C18:2,Hårt bröd ,2.4,g
1597,Skorpor vete osötade,Oljesyra C18:1,Hårt bröd ,6.8,g
1597,Skorpor vete osötade,Stearinsyra C18:0,Hårt bröd ,1.8,g
1597,Skorpor vete osötade,Palmitoljesyra C16:1,Hårt bröd ,0.3,g
1597,Skorpor vete osötade,Palmitinsyra C16:0,Hårt bröd ,2.8,g
1597,Skorpor vete osötade,Myristinsyra C14:0,Hårt bröd ,0.7,g
1597,Skorpor vete osötade,Laurinsyra C12:0,Hårt bröd ,0.8,g
1597,Skorpor vete osötade,Betakaroten/β-Karoten,Hårt bröd ,6.0,µg
1597,Skorpor vete osötade,Avfall (skal etc.),Hårt bröd ,0.0,%
1597,Skorpor vete osötade,Aska,Hårt bröd ,1.6,g
1597,Skorpor vete osötade,Alkohol,Hårt bröd ,0.0,g
1598,Sött vetebröd,"Zink, Zn",Bullar kakor tårtor mm,0.9,mg
1598,Sött vetebröd,Vitamin E,Bullar kakor tårtor mm,1.1,mg
1598,Sött vetebröd,Vitamin D,Bullar kakor tårtor mm,0.74,µg
1598,Sött vetebröd,Vitamin C,Bullar kakor tårtor mm,0.0,mg
1598,Sött vetebröd,Vitamin B6,Bullar kakor tårtor mm,0.09,mg
1598,Sött vetebröd,Vitamin B12,Bullar kakor tårtor mm,0.2,µg
1598,Sött vetebröd,Vitamin A,Bullar kakor tårtor mm,51.8,RE/µg
1598,Sött vetebröd,Vatten,Bullar kakor tårtor mm,22.5,g
1598,Sött vetebröd,Tiamin,Bullar kakor tårtor mm,0.17,mg
1598,Sött vetebröd,Tillsatt socker,Bullar kakor tårtor mm,15.0,g
1598,Sött vetebröd,Fritt socker,Bullar kakor tårtor mm,15.0,g
1598,Sött vetebröd,"Selen, Se",Bullar kakor tårtor mm,1.0,µg
1598,Sött vetebröd,Sackaros,Bullar kakor tårtor mm,6.5,g
1598,Sött vetebröd,Riboflavin,Bullar kakor tårtor mm,0.17,mg
1598,Sött vetebröd,Retinol,Bullar kakor tårtor mm,51.0,µg
1598,Sött vetebröd,Protein,Bullar kakor tårtor mm,8.2,g
1598,Sött vetebröd,Summa fleromättade fettsyror,Bullar kakor tårtor mm,1.3,g
1598,Sött vetebröd,"Fosfor, P",Bullar kakor tårtor mm,98.0,mg
1598,Sött vetebröd,Niacinekvivalenter,Bullar kakor tårtor mm,3.97,NE/mg
1598,Sött vetebröd,Niacin,Bullar kakor tårtor mm,2.6,mg
1598,Sött vetebröd,"Salt, NaCl",Bullar kakor tårtor mm,0.6,g
1598,Sött vetebröd,"Natrium, Na",Bullar kakor tårtor mm,239.0,mg
1598,Sött vetebröd,Monosackarider,Bullar kakor tårtor mm,9.9,g
1598,Sött vetebröd,"Sockerarter, totalt",Bullar kakor tårtor mm,18.1,g
1598,Sött vetebröd,Summa enkelomättade fettsyror,Bullar kakor tårtor mm,3.9,g
1598,Sött vetebröd,"Magnesium, Mg",Bullar kakor tårtor mm,22.0,mg
1598,Sött vetebröd,Summa mättade fettsyror,Bullar kakor tårtor mm,5.0,g
1598,Sött vetebröd,"Kolhydrater, tillgängliga",Bullar kakor tårtor mm,54.4,g
1598,Sött vetebröd,Kolesterol,Bullar kakor tårtor mm,20.0,mg
1598,Sött vetebröd,"Kalium, K",Bullar kakor tårtor mm,146.0,mg
1598,Sött vetebröd,"Jod, I",Bullar kakor tårtor mm,3.3,µg
1598,Sött vetebröd,Fullkorn totalt,Bullar kakor tårtor mm,0.0,g
1598,Sött vetebröd,"Folat, totalt",Bullar kakor tårtor mm,30.0,µg
1598,Sött vetebröd,Fibrer,Bullar kakor tårtor mm,2.8,g
1598,Sött vetebröd,"Fett, totalt",Bullar kakor tårtor mm,10.9,g
1598,Sött vetebröd,"Järn, Fe",Bullar kakor tårtor mm,0.8,mg
1598,Sött vetebröd,Energi (kJ),Bullar kakor tårtor mm,1490.0,kJ
1598,Sött vetebröd,Energi (kcal),Bullar kakor tårtor mm,356.0,kcal
1598,Sött vetebröd,Disackarider,Bullar kakor tårtor mm,8.1,g
1598,Sött vetebröd,"Kalcium, Ca",Bullar kakor tårtor mm,104.0,mg
1598,Sött vetebröd,Fettsyra 4:0-10:0,Bullar kakor tårtor mm,0.4,g
1598,Sött vetebröd,DHA (C22:6),Bullar kakor tårtor mm,0.0,g
1598,Sött vetebröd,DPA (C22:5),Bullar kakor tårtor mm,0.0,g
1598,Sött vetebröd,EPA (C20:5),Bullar kakor tårtor mm,0.0,g
1598,Sött vetebröd,Arakidonsyra C20:4,Bullar kakor tårtor mm,0.0,g
1598,Sött vetebröd,Arakidinsyra C20:0,Bullar kakor tårtor mm,0.1,g
1598,Sött vetebröd,Linolensyra C18:3,Bullar kakor tårtor mm,0.2,g
1598,Sött vetebröd,Linolsyra C18:2,Bullar kakor tårtor mm,1.1,g
1598,Sött vetebröd,Oljesyra C18:1,Bullar kakor tårtor mm,3.3,g
1598,Sött vetebröd,Stearinsyra C18:0,Bullar kakor tårtor mm,1.0,g
1598,Sött vetebröd,Palmitoljesyra C16:1,Bullar kakor tårtor mm,0.2,g
1598,Sött vetebröd,Palmitinsyra C16:0,Bullar kakor tårtor mm,2.5,g
1598,Sött vetebröd,Myristinsyra C14:0,Bullar kakor tårtor mm,0.6,g
1598,Sött vetebröd,Laurinsyra C12:0,Bullar kakor tårtor mm,0.3,g
1598,Sött vetebröd,Betakaroten/β-Karoten,Bullar kakor tårtor mm,9.0,µg
1598,Sött vetebröd,Avfall (skal etc.),Bullar kakor tårtor mm,0.0,%
1598,Sött vetebröd,Aska,Bullar kakor tårtor mm,1.2,g
1598,Sött vetebröd,Alkohol,Bullar kakor tårtor mm,0.0,g
1599,Sött vetebröd slätt,"Zink, Zn",Bullar kakor tårtor mm,0.9,mg
1599,Sött vetebröd slätt,Vitamin E,Bullar kakor tårtor mm,1.1,mg
1599,Sött vetebröd slätt,Vitamin D,Bullar kakor tårtor mm,0.74,µg
1599,Sött vetebröd slätt,Vitamin C,Bullar kakor tårtor mm,0.0,mg
1599,Sött vetebröd slätt,Vitamin B6,Bullar kakor tårtor mm,0.09,mg
1599,Sött vetebröd slätt,Vitamin B12,Bullar kakor tårtor mm,0.2,µg
1599,Sött vetebröd slätt,Vitamin A,Bullar kakor tårtor mm,47.7,RE/µg
1599,Sött vetebröd slätt,Vatten,Bullar kakor tårtor mm,27.5,g
1599,Sött vetebröd slätt,Tiamin,Bullar kakor tårtor mm,0.17,mg
1599,Sött vetebröd slätt,Tillsatt socker,Bullar kakor tårtor mm,11.0,g
1599,Sött vetebröd slätt,Fritt socker,Bullar kakor tårtor mm,11.0,g
1599,Sött vetebröd slätt,"Selen, Se",Bullar kakor tårtor mm,1.0,µg
1599,Sött vetebröd slätt,Sackaros,Bullar kakor tårtor mm,4.1,g
1599,Sött vetebröd slätt,Riboflavin,Bullar kakor tårtor mm,0.17,mg
1599,Sött vetebröd slätt,Retinol,Bullar kakor tårtor mm,47.0,µg
1599,Sött vetebröd slätt,Protein,Bullar kakor tårtor mm,8.7,g
1599,Sött vetebröd slätt,Summa fleromättade fettsyror,Bullar kakor tårtor mm,1.1,g
1599,Sött vetebröd slätt,"Fosfor, P",Bullar kakor tårtor mm,94.0,mg
1599,Sött vetebröd slätt,Niacinekvivalenter,Bullar kakor tårtor mm,4.05,NE/mg
1599,Sött vetebröd slätt,Niacin,Bullar kakor tårtor mm,2.6,mg
1599,Sött vetebröd slätt,"Salt, NaCl",Bullar kakor tårtor mm,0.6,g
1599,Sött vetebröd slätt,"Natrium, Na",Bullar kakor tårtor mm,230.0,mg
1599,Sött vetebröd slätt,Monosackarider,Bullar kakor tårtor mm,10.5,g
1599,Sött vetebröd slätt,"Sockerarter, totalt",Bullar kakor tårtor mm,16.1,g
1599,Sött vetebröd slätt,Summa enkelomättade fettsyror,Bullar kakor tårtor mm,3.0,g
1599,Sött vetebröd slätt,"Magnesium, Mg",Bullar kakor tårtor mm,22.0,mg
1599,Sött vetebröd slätt,Summa mättade fettsyror,Bullar kakor tårtor mm,4.8,g
1599,Sött vetebröd slätt,"Kolhydrater, tillgängliga",Bullar kakor tårtor mm,50.3,g
1599,Sött vetebröd slätt,Kolesterol,Bullar kakor tårtor mm,20.0,mg
1599,Sött vetebröd slätt,"Kalium, K",Bullar kakor tårtor mm,154.0,mg
1599,Sött vetebröd slätt,"Jod, I",Bullar kakor tårtor mm,5.0,µg
1599,Sött vetebröd slätt,Fullkorn totalt,Bullar kakor tårtor mm,0.0,g
1599,Sött vetebröd slätt,"Folat, totalt",Bullar kakor tårtor mm,30.0,µg
1599,Sött vetebröd slätt,Fibrer,Bullar kakor tårtor mm,2.8,g
1599,Sött vetebröd slätt,"Fett, totalt",Bullar kakor tårtor mm,9.5,g
1599,Sött vetebröd slätt,"Järn, Fe",Bullar kakor tårtor mm,0.8,mg
1599,Sött vetebröd slätt,Energi (kJ),Bullar kakor tårtor mm,1377.0,kJ
1599,Sött vetebröd slätt,Energi (kcal),Bullar kakor tårtor mm,329.0,kcal
1599,Sött vetebröd slätt,Disackarider,Bullar kakor tårtor mm,5.6,g
1599,Sött vetebröd slätt,"Kalcium, Ca",Bullar kakor tårtor mm,110.0,mg
1599,Sött vetebröd slätt,Fettsyra 4:0-10:0,Bullar kakor tårtor mm,0.3,g
1599,Sött vetebröd slätt,DHA (C22:6),Bullar kakor tårtor mm,0.0,g
1599,Sött vetebröd slätt,DPA (C22:5),Bullar kakor tårtor mm,0.0,g
1599,Sött vetebröd slätt,EPA (C20:5),Bullar kakor tårtor mm,0.0,g
1599,Sött vetebröd slätt,Arakidonsyra C20:4,Bullar kakor tårtor mm,0.0,g
1599,Sött vetebröd slätt,Arakidinsyra C20:0,Bullar kakor tårtor mm,0.1,g
1599,Sött vetebröd slätt,Linolensyra C18:3,Bullar kakor tårtor mm,0.1,g
1599,Sött vetebröd slätt,Linolsyra C18:2,Bullar kakor tårtor mm,0.9,g
1599,Sött vetebröd slätt,Oljesyra C18:1,Bullar kakor tårtor mm,2.2,g
1599,Sött vetebröd slätt,Stearinsyra C18:0,Bullar kakor tårtor mm,0.9,g
1599,Sött vetebröd slätt,Palmitoljesyra C16:1,Bullar kakor tårtor mm,0.2,g
1599,Sött vetebröd slätt,Palmitinsyra C16:0,Bullar kakor tårtor mm,2.5,g
1599,Sött vetebröd slätt,Myristinsyra C14:0,Bullar kakor tårtor mm,0.6,g
1599,Sött vetebröd slätt,Laurinsyra C12:0,Bullar kakor tårtor mm,0.2,g
1599,Sött vetebröd slätt,Betakaroten/β-Karoten,Bullar kakor tårtor mm,8.0,µg
1599,Sött vetebröd slätt,Avfall (skal etc.),Bullar kakor tårtor mm,0.0,%
1599,Sött vetebröd slätt,Aska,Bullar kakor tårtor mm,1.2,g
1599,Sött vetebröd slätt,Alkohol,Bullar kakor tårtor mm,0.0,g
1600,Sött vetebröd sötat m. fruktsocker,"Zink, Zn",Bullar kakor tårtor mm,0.7,mg
1600,Sött vetebröd sötat m. fruktsocker,Vitamin E,Bullar kakor tårtor mm,1.1,mg
1600,Sött vetebröd sötat m. fruktsocker,Vitamin D,Bullar kakor tårtor mm,0.69,µg
1600,Sött vetebröd sötat m. fruktsocker,Vitamin C,Bullar kakor tårtor mm,0.0,mg
1600,Sött vetebröd sötat m. fruktsocker,Vitamin B6,Bullar kakor tårtor mm,0.24,mg
1600,Sött vetebröd sötat m. fruktsocker,Vitamin B12,Bullar kakor tårtor mm,0.2,µg
1600,Sött vetebröd sötat m. fruktsocker,Vitamin A,Bullar kakor tårtor mm,84.0,RE/µg
1600,Sött vetebröd sötat m. fruktsocker,Vatten,Bullar kakor tårtor mm,36.0,g
1600,Sött vetebröd sötat m. fruktsocker,Tiamin,Bullar kakor tårtor mm,0.24,mg
1600,Sött vetebröd sötat m. fruktsocker,Tillsatt socker,Bullar kakor tårtor mm,0.0,g
1600,Sött vetebröd sötat m. fruktsocker,Fritt socker,Bullar kakor tårtor mm,0.0,g
1600,Sött vetebröd sötat m. fruktsocker,"Selen, Se",Bullar kakor tårtor mm,1.0,µg
1600,Sött vetebröd sötat m. fruktsocker,Sackaros,Bullar kakor tårtor mm,0.0,g
1600,Sött vetebröd sötat m. fruktsocker,Riboflavin,Bullar kakor tårtor mm,0.18,mg
1600,Sött vetebröd sötat m. fruktsocker,Retinol,Bullar kakor tårtor mm,84.0,µg
1600,Sött vetebröd sötat m. fruktsocker,Protein,Bullar kakor tårtor mm,7.2,g
1600,Sött vetebröd sötat m. fruktsocker,Summa fleromättade fettsyror,Bullar kakor tårtor mm,0.9,g
1600,Sött vetebröd sötat m. fruktsocker,"Fosfor, P",Bullar kakor tårtor mm,128.0,mg
1600,Sött vetebröd sötat m. fruktsocker,Niacinekvivalenter,Bullar kakor tårtor mm,3.82,NE/mg
1600,Sött vetebröd sötat m. fruktsocker,Niacin,Bullar kakor tårtor mm,2.62,mg
1600,Sött vetebröd sötat m. fruktsocker,"Salt, NaCl",Bullar kakor tårtor mm,0.4,g
1600,Sött vetebröd sötat m. fruktsocker,"Natrium, Na",Bullar kakor tårtor mm,180.0,mg
1600,Sött vetebröd sötat m. fruktsocker,Monosackarider,Bullar kakor tårtor mm,0.3,g
1600,Sött vetebröd sötat m. fruktsocker,"Sockerarter, totalt",Bullar kakor tårtor mm,3.2,g
1600,Sött vetebröd sötat m. fruktsocker,Summa enkelomättade fettsyror,Bullar kakor tårtor mm,2.6,g
1600,Sött vetebröd sötat m. fruktsocker,"Magnesium, Mg",Bullar kakor tårtor mm,18.0,mg
1600,Sött vetebröd sötat m. fruktsocker,Summa mättade fettsyror,Bullar kakor tårtor mm,4.1,g
1600,Sött vetebröd sötat m. fruktsocker,"Kolhydrater, tillgängliga",Bullar kakor tårtor mm,45.6,g
1600,Sött vetebröd sötat m. fruktsocker,Kolesterol,Bullar kakor tårtor mm,20.0,mg
1600,Sött vetebröd sötat m. fruktsocker,"Kalium, K",Bullar kakor tårtor mm,157.0,mg
1600,Sött vetebröd sötat m. fruktsocker,"Jod, I",Bullar kakor tårtor mm,3.3,µg
1600,Sött vetebröd sötat m. fruktsocker,Fullkorn totalt,Bullar kakor tårtor mm,0.0,g
1600,Sött vetebröd sötat m. fruktsocker,"Folat, totalt",Bullar kakor tårtor mm,26.5,µg
1600,Sött vetebröd sötat m. fruktsocker,Fibrer,Bullar kakor tårtor mm,2.1,g
1600,Sött vetebröd sötat m. fruktsocker,"Fett, totalt",Bullar kakor tårtor mm,8.0,g
1600,Sött vetebröd sötat m. fruktsocker,"Järn, Fe",Bullar kakor tårtor mm,0.8,mg
1600,Sött vetebröd sötat m. fruktsocker,Energi (kJ),Bullar kakor tårtor mm,1210.0,kJ
1600,Sött vetebröd sötat m. fruktsocker,Energi (kcal),Bullar kakor tårtor mm,289.0,kcal
1600,Sött vetebröd sötat m. fruktsocker,Disackarider,Bullar kakor tårtor mm,3.0,g
1600,Sött vetebröd sötat m. fruktsocker,"Kalcium, Ca",Bullar kakor tårtor mm,56.0,mg
1600,Sött vetebröd sötat m. fruktsocker,Fettsyra 4:0-10:0,Bullar kakor tårtor mm,0.2,g
1600,Sött vetebröd sötat m. fruktsocker,DHA (C22:6),Bullar kakor tårtor mm,0.0,g
1600,Sött vetebröd sötat m. fruktsocker,DPA (C22:5),Bullar kakor tårtor mm,0.0,g
1600,Sött vetebröd sötat m. fruktsocker,EPA (C20:5),Bullar kakor tårtor mm,0.0,g
1600,Sött vetebröd sötat m. fruktsocker,Arakidonsyra C20:4,Bullar kakor tårtor mm,0.0,g
1600,Sött vetebröd sötat m. fruktsocker,Arakidinsyra C20:0,Bullar kakor tårtor mm,0.1,g
1600,Sött vetebröd sötat m. fruktsocker,Linolensyra C18:3,Bullar kakor tårtor mm,0.1,g
1600,Sött vetebröd sötat m. fruktsocker,Linolsyra C18:2,Bullar kakor tårtor mm,0.8,g
1600,Sött vetebröd sötat m. fruktsocker,Oljesyra C18:1,Bullar kakor tårtor mm,1.9,g
1600,Sött vetebröd sötat m. fruktsocker,Stearinsyra C18:0,Bullar kakor tårtor mm,0.8,g
1600,Sött vetebröd sötat m. fruktsocker,Palmitoljesyra C16:1,Bullar kakor tårtor mm,0.2,g
1600,Sött vetebröd sötat m. fruktsocker,Palmitinsyra C16:0,Bullar kakor tårtor mm,2.1,g
1600,Sött vetebröd sötat m. fruktsocker,Myristinsyra C14:0,Bullar kakor tårtor mm,0.5,g
1600,Sött vetebröd sötat m. fruktsocker,Laurinsyra C12:0,Bullar kakor tårtor mm,0.2,g
1600,Sött vetebröd sötat m. fruktsocker,Betakaroten/β-Karoten,Bullar kakor tårtor mm,0.0,µg
1600,Sött vetebröd sötat m. fruktsocker,Avfall (skal etc.),Bullar kakor tårtor mm,0.0,%
1600,Sött vetebröd sötat m. fruktsocker,Aska,Bullar kakor tårtor mm,1.1,g
1600,Sött vetebröd sötat m. fruktsocker,Alkohol,Bullar kakor tårtor mm,0.0,g
1601,Vetebröd osötat,"Zink, Zn",Bullar kakor tårtor mm,0.6,mg
1601,Vetebröd osötat,Vitamin E,Bullar kakor tårtor mm,1.1,mg
1601,Vetebröd osötat,Vitamin D,Bullar kakor tårtor mm,0.46,µg
1601,Vetebröd osötat,Vitamin C,Bullar kakor tårtor mm,0.0,mg
1601,Vetebröd osötat,Vitamin B6,Bullar kakor tårtor mm,0.2,mg
1601,Vetebröd osötat,Vitamin B12,Bullar kakor tårtor mm,0.2,µg
1601,Vetebröd osötat,Vitamin A,Bullar kakor tårtor mm,57.0,RE/µg
1601,Vetebröd osötat,Vatten,Bullar kakor tårtor mm,36.2,g
1601,Vetebröd osötat,Tiamin,Bullar kakor tårtor mm,0.2,mg
1601,Vetebröd osötat,Tillsatt socker,Bullar kakor tårtor mm,0.0,g
1601,Vetebröd osötat,Fritt socker,Bullar kakor tårtor mm,0.0,g
1601,Vetebröd osötat,"Selen, Se",Bullar kakor tårtor mm,1.0,µg
1601,Vetebröd osötat,Sackaros,Bullar kakor tårtor mm,0.0,g
1601,Vetebröd osötat,Riboflavin,Bullar kakor tårtor mm,0.16,mg
1601,Vetebröd osötat,Retinol,Bullar kakor tårtor mm,57.0,µg
1601,Vetebröd osötat,Protein,Bullar kakor tårtor mm,7.6,g
1601,Vetebröd osötat,Summa fleromättade fettsyror,Bullar kakor tårtor mm,0.9,g
1601,Vetebröd osötat,"Fosfor, P",Bullar kakor tårtor mm,114.0,mg
1601,Vetebröd osötat,Niacinekvivalenter,Bullar kakor tårtor mm,3.69,NE/mg
1601,Vetebröd osötat,Niacin,Bullar kakor tårtor mm,2.42,mg
1601,Vetebröd osötat,"Salt, NaCl",Bullar kakor tårtor mm,0.4,g
1601,Vetebröd osötat,"Natrium, Na",Bullar kakor tårtor mm,178.0,mg
1601,Vetebröd osötat,Monosackarider,Bullar kakor tårtor mm,0.0,g
1601,Vetebröd osötat,"Sockerarter, totalt",Bullar kakor tårtor mm,3.5,g
1601,Vetebröd osötat,Summa enkelomättade fettsyror,Bullar kakor tårtor mm,2.5,g
1601,Vetebröd osötat,"Magnesium, Mg",Bullar kakor tårtor mm,20.0,mg
1601,Vetebröd osötat,Summa mättade fettsyror,Bullar kakor tårtor mm,4.0,g
1601,Vetebröd osötat,"Kolhydrater, tillgängliga",Bullar kakor tårtor mm,44.6,g
1601,Vetebröd osötat,Kolesterol,Bullar kakor tårtor mm,20.0,mg
1601,Vetebröd osötat,"Kalium, K",Bullar kakor tårtor mm,192.0,mg
1601,Vetebröd osötat,"Jod, I",Bullar kakor tårtor mm,3.3,µg
1601,Vetebröd osötat,Fullkorn totalt,Bullar kakor tårtor mm,0.0,g
1601,Vetebröd osötat,"Folat, totalt",Bullar kakor tårtor mm,36.0,µg
1601,Vetebröd osötat,Fibrer,Bullar kakor tårtor mm,2.8,g
1601,Vetebröd osötat,"Fett, totalt",Bullar kakor tårtor mm,7.8,g
1601,Vetebröd osötat,"Järn, Fe",Bullar kakor tårtor mm,0.8,mg
1601,Vetebröd osötat,Energi (kJ),Bullar kakor tårtor mm,1198.0,kJ
1601,Vetebröd osötat,Energi (kcal),Bullar kakor tårtor mm,286.0,kcal
1601,Vetebröd osötat,Disackarider,Bullar kakor tårtor mm,3.5,g
1601,Vetebröd osötat,"Kalcium, Ca",Bullar kakor tårtor mm,62.0,mg
1601,Vetebröd osötat,Fettsyra 4:0-10:0,Bullar kakor tårtor mm,0.2,g
1601,Vetebröd osötat,DHA (C22:6),Bullar kakor tårtor mm,0.0,g
1601,Vetebröd osötat,DPA (C22:5),Bullar kakor tårtor mm,0.0,g
1601,Vetebröd osötat,EPA (C20:5),Bullar kakor tårtor mm,0.0,g
1601,Vetebröd osötat,Arakidonsyra C20:4,Bullar kakor tårtor mm,0.0,g
1601,Vetebröd osötat,Arakidinsyra C20:0,Bullar kakor tårtor mm,0.1,g
1601,Vetebröd osötat,Linolensyra C18:3,Bullar kakor tårtor mm,0.1,g
1601,Vetebröd osötat,Linolsyra C18:2,Bullar kakor tårtor mm,0.7,g
1601,Vetebröd osötat,Oljesyra C18:1,Bullar kakor tårtor mm,1.8,g
1601,Vetebröd osötat,Stearinsyra C18:0,Bullar kakor tårtor mm,0.7,g
1601,Vetebröd osötat,Palmitoljesyra C16:1,Bullar kakor tårtor mm,0.2,g
1601,Vetebröd osötat,Palmitinsyra C16:0,Bullar kakor tårtor mm,2.0,g
1601,Vetebröd osötat,Myristinsyra C14:0,Bullar kakor tårtor mm,0.5,g
1601,Vetebröd osötat,Laurinsyra C12:0,Bullar kakor tårtor mm,0.2,g
1601,Vetebröd osötat,Betakaroten/β-Karoten,Bullar kakor tårtor mm,0.0,µg
1601,Vetebröd osötat,Avfall (skal etc.),Bullar kakor tårtor mm,0.0,%
1601,Vetebröd osötat,Aska,Bullar kakor tårtor mm,1.0,g
1601,Vetebröd osötat,Alkohol,Bullar kakor tårtor mm,0.0,g
1602,Sött vetebröd m. fyllning bulle längd,"Zink, Zn",Bullar kakor tårtor mm,0.6,mg
1602,Sött vetebröd m. fyllning bulle längd,Vitamin E,Bullar kakor tårtor mm,1.7,mg
1602,Sött vetebröd m. fyllning bulle längd,Vitamin D,Bullar kakor tårtor mm,0.27,µg
1602,Sött vetebröd m. fyllning bulle längd,Vitamin C,Bullar kakor tårtor mm,0.0,mg
1602,Sött vetebröd m. fyllning bulle längd,Vitamin B6,Bullar kakor tårtor mm,0.08,mg
1602,Sött vetebröd m. fyllning bulle längd,Vitamin B12,Bullar kakor tårtor mm,0.12,µg
1602,Sött vetebröd m. fyllning bulle längd,Vitamin A,Bullar kakor tårtor mm,98.8,RE/µg
1602,Sött vetebröd m. fyllning bulle längd,Vatten,Bullar kakor tårtor mm,23.8,g
1602,Sött vetebröd m. fyllning bulle längd,Tiamin,Bullar kakor tårtor mm,0.08,mg
1602,Sött vetebröd m. fyllning bulle längd,Tillsatt socker,Bullar kakor tårtor mm,15.0,g
1602,Sött vetebröd m. fyllning bulle längd,Fritt socker,Bullar kakor tårtor mm,15.0,g
1602,Sött vetebröd m. fyllning bulle längd,"Selen, Se",Bullar kakor tårtor mm,2.1,µg
1602,Sött vetebröd m. fyllning bulle längd,Sackaros,Bullar kakor tårtor mm,9.1,g
1602,Sött vetebröd m. fyllning bulle längd,Riboflavin,Bullar kakor tårtor mm,0.11,mg
1602,Sött vetebröd m. fyllning bulle längd,Retinol,Bullar kakor tårtor mm,94.6,µg
1602,Sött vetebröd m. fyllning bulle längd,Protein,Bullar kakor tårtor mm,6.5,g
1602,Sött vetebröd m. fyllning bulle längd,Summa fleromättade fettsyror,Bullar kakor tårtor mm,1.7,g
1602,Sött vetebröd m. fyllning bulle längd,"Fosfor, P",Bullar kakor tårtor mm,84.0,mg
1602,Sött vetebröd m. fyllning bulle längd,Niacinekvivalenter,Bullar kakor tårtor mm,2.2,NE/mg
1602,Sött vetebröd m. fyllning bulle längd,Niacin,Bullar kakor tårtor mm,1.07,mg
1602,Sött vetebröd m. fyllning bulle längd,"Salt, NaCl",Bullar kakor tårtor mm,0.5,g
1602,Sött vetebröd m. fyllning bulle längd,"Natrium, Na",Bullar kakor tårtor mm,186.0,mg
1602,Sött vetebröd m. fyllning bulle längd,Monosackarider,Bullar kakor tårtor mm,7.5,g
1602,Sött vetebröd m. fyllning bulle längd,"Sockerarter, totalt",Bullar kakor tårtor mm,18.0,g
1602,Sött vetebröd m. fyllning bulle längd,Summa enkelomättade fettsyror,Bullar kakor tårtor mm,4.2,g
1602,Sött vetebröd m. fyllning bulle längd,"Magnesium, Mg",Bullar kakor tårtor mm,25.0,mg
1602,Sött vetebröd m. fyllning bulle längd,Summa mättade fettsyror,Bullar kakor tårtor mm,3.9,g
1602,Sött vetebröd m. fyllning bulle längd,"Kolhydrater, tillgängliga",Bullar kakor tårtor mm,56.1,g
1602,Sött vetebröd m. fyllning bulle längd,Kolesterol,Bullar kakor tårtor mm,10.2,mg
1602,Sött vetebröd m. fyllning bulle längd,"Kalium, K",Bullar kakor tårtor mm,161.0,mg
1602,Sött vetebröd m. fyllning bulle längd,"Jod, I",Bullar kakor tårtor mm,5.0,µg
1602,Sött vetebröd m. fyllning bulle längd,Fullkorn totalt,Bullar kakor tårtor mm,0.0,g
1602,Sött vetebröd m. fyllning bulle längd,"Folat, totalt",Bullar kakor tårtor mm,42.7,µg
1602,Sött vetebröd m. fyllning bulle längd,Fibrer,Bullar kakor tårtor mm,2.5,g
1602,Sött vetebröd m. fyllning bulle längd,"Fett, totalt",Bullar kakor tårtor mm,10.3,g
1602,Sött vetebröd m. fyllning bulle längd,"Järn, Fe",Bullar kakor tårtor mm,1.0,mg
1602,Sött vetebröd m. fyllning bulle längd,Energi (kJ),Bullar kakor tårtor mm,1464.0,kJ
1602,Sött vetebröd m. fyllning bulle längd,Energi (kcal),Bullar kakor tårtor mm,350.0,kcal
1602,Sött vetebröd m. fyllning bulle längd,Disackarider,Bullar kakor tårtor mm,10.5,g
1602,Sött vetebröd m. fyllning bulle längd,"Kalcium, Ca",Bullar kakor tårtor mm,43.0,mg
1602,Sött vetebröd m. fyllning bulle längd,Fettsyra 4:0-10:0,Bullar kakor tårtor mm,0.3,g
1602,Sött vetebröd m. fyllning bulle längd,DHA (C22:6),Bullar kakor tårtor mm,0.0,g
1602,Sött vetebröd m. fyllning bulle längd,DPA (C22:5),Bullar kakor tårtor mm,0.0,g
1602,Sött vetebröd m. fyllning bulle längd,EPA (C20:5),Bullar kakor tårtor mm,0.0,g
1602,Sött vetebröd m. fyllning bulle längd,Arakidonsyra C20:4,Bullar kakor tårtor mm,0.0,g
1602,Sött vetebröd m. fyllning bulle längd,Arakidinsyra C20:0,Bullar kakor tårtor mm,0.0,g
1602,Sött vetebröd m. fyllning bulle längd,Linolensyra C18:3,Bullar kakor tårtor mm,0.3,g
1602,Sött vetebröd m. fyllning bulle längd,Linolsyra C18:2,Bullar kakor tårtor mm,1.3,g
1602,Sött vetebröd m. fyllning bulle längd,Oljesyra C18:1,Bullar kakor tårtor mm,4.0,g
1602,Sött vetebröd m. fyllning bulle längd,Stearinsyra C18:0,Bullar kakor tårtor mm,0.5,g
1602,Sött vetebröd m. fyllning bulle längd,Palmitoljesyra C16:1,Bullar kakor tårtor mm,0.1,g
1602,Sött vetebröd m. fyllning bulle längd,Palmitinsyra C16:0,Bullar kakor tårtor mm,1.9,g
1602,Sött vetebröd m. fyllning bulle längd,Myristinsyra C14:0,Bullar kakor tårtor mm,0.4,g
1602,Sött vetebröd m. fyllning bulle längd,Laurinsyra C12:0,Bullar kakor tårtor mm,0.5,g
1602,Sött vetebröd m. fyllning bulle längd,Betakaroten/β-Karoten,Bullar kakor tårtor mm,49.0,µg
1602,Sött vetebröd m. fyllning bulle längd,Avfall (skal etc.),Bullar kakor tårtor mm,0.0,%
1602,Sött vetebröd m. fyllning bulle längd,Aska,Bullar kakor tårtor mm,0.9,g
1602,Sött vetebröd m. fyllning bulle längd,Alkohol,Bullar kakor tårtor mm,0.0,g
1603,Skorpor vete,"Zink, Zn",Hårt bröd ,1.0,mg
1603,Skorpor vete,Vitamin E,Hårt bröd ,1.8,mg
1603,Skorpor vete,Vitamin D,Hårt bröd ,0.21,µg
1603,Skorpor vete,Vitamin C,Hårt bröd ,0.0,mg
1603,Skorpor vete,Vitamin B6,Hårt bröd ,0.3,mg
1603,Skorpor vete,Vitamin B12,Hårt bröd ,0.18,µg
1603,Skorpor vete,Vitamin A,Hårt bröd ,28.7,RE/µg
1603,Skorpor vete,Vatten,Hårt bröd ,4.3,g
1603,Skorpor vete,Tiamin,Hårt bröd ,0.18,mg
1603,Skorpor vete,Tillsatt socker,Hårt bröd ,10.0,g
1603,Skorpor vete,Fritt socker,Hårt bröd ,10.0,g
1603,Skorpor vete,"Selen, Se",Hårt bröd ,4.5,µg
1603,Skorpor vete,Sackaros,Hårt bröd ,0.0,g
1603,Skorpor vete,Riboflavin,Hårt bröd ,0.17,mg
1603,Skorpor vete,Retinol,Hårt bröd ,28.2,µg
1603,Skorpor vete,Protein,Hårt bröd ,10.3,g
1603,Skorpor vete,Summa fleromättade fettsyror,Hårt bröd ,1.8,g
1603,Skorpor vete,"Fosfor, P",Hårt bröd ,118.0,mg
1603,Skorpor vete,Niacinekvivalenter,Hårt bröd ,5.4,NE/mg
1603,Skorpor vete,Niacin,Hårt bröd ,3.68,mg
1603,Skorpor vete,"Salt, NaCl",Hårt bröd ,0.7,g
1603,Skorpor vete,"Natrium, Na",Hårt bröd ,284.0,mg
1603,Skorpor vete,Monosackarider,Hårt bröd ,7.2,g
1603,Skorpor vete,"Sockerarter, totalt",Hårt bröd ,9.9,g
1603,Skorpor vete,Summa enkelomättade fettsyror,Hårt bröd ,5.6,g
1603,Skorpor vete,"Magnesium, Mg",Hårt bröd ,29.0,mg
1603,Skorpor vete,Summa mättade fettsyror,Hårt bröd ,1.3,g
1603,Skorpor vete,"Kolhydrater, tillgängliga",Hårt bröd ,70.7,g
1603,Skorpor vete,Kolesterol,Hårt bröd ,2.0,mg
1603,Skorpor vete,"Kalium, K",Hårt bröd ,204.0,mg
1603,Skorpor vete,"Jod, I",Hårt bröd ,3.0,µg
1603,Skorpor vete,Fullkorn totalt,Hårt bröd ,0.0,g
1603,Skorpor vete,"Folat, totalt",Hårt bröd ,48.2,µg
1603,Skorpor vete,Fibrer,Hårt bröd ,4.2,g
1603,Skorpor vete,"Fett, totalt",Hårt bröd ,9.2,g
1603,Skorpor vete,"Järn, Fe",Hårt bröd ,1.3,mg
1603,Skorpor vete,Energi (kJ),Hårt bröd ,1752.0,kJ
1603,Skorpor vete,Energi (kcal),Hårt bröd ,419.0,kcal
1603,Skorpor vete,Disackarider,Hårt bröd ,2.7,g
1603,Skorpor vete,"Kalcium, Ca",Hårt bröd ,27.0,mg
1603,Skorpor vete,Fettsyra 4:0-10:0,Hårt bröd ,0.0,g
1603,Skorpor vete,DHA (C22:6),Hårt bröd ,0.0,g
1603,Skorpor vete,DPA (C22:5),Hårt bröd ,0.0,g
1603,Skorpor vete,EPA (C20:5),Hårt bröd ,0.0,g
1603,Skorpor vete,Arakidonsyra C20:4,Hårt bröd ,0.0,g
1603,Skorpor vete,Arakidinsyra C20:0,Hårt bröd ,0.1,g
1603,Skorpor vete,Linolensyra C18:3,Hårt bröd ,0.3,g
1603,Skorpor vete,Linolsyra C18:2,Hårt bröd ,1.6,g
1603,Skorpor vete,Oljesyra C18:1,Hårt bröd ,5.4,g
1603,Skorpor vete,Stearinsyra C18:0,Hårt bröd ,0.5,g
1603,Skorpor vete,Palmitoljesyra C16:1,Hårt bröd ,0.0,g
1603,Skorpor vete,Palmitinsyra C16:0,Hårt bröd ,0.6,g
1603,Skorpor vete,Myristinsyra C14:0,Hårt bröd ,0.0,g
1603,Skorpor vete,Laurinsyra C12:0,Hårt bröd ,0.0,g
1603,Skorpor vete,Betakaroten/β-Karoten,Hårt bröd ,5.0,µg
1603,Skorpor vete,Avfall (skal etc.),Hårt bröd ,0.0,%
1603,Skorpor vete,Aska,Hårt bröd ,1.2,g
1603,Skorpor vete,Alkohol,Hårt bröd ,0.0,g
1604,Skorpor fullkorn osötade,"Zink, Zn",Hårt bröd ,1.8,mg
1604,Skorpor fullkorn osötade,Vitamin E,Hårt bröd ,0.9,mg
1604,Skorpor fullkorn osötade,Vitamin D inkl 25-OH-D3,Hårt bröd ,0.0,µg
1604,Skorpor fullkorn osötade,Vitamin D,Hårt bröd ,0.0,µg
1604,Skorpor fullkorn osötade,Vitamin C,Hårt bröd ,0.0,mg
1604,Skorpor fullkorn osötade,Vitamin B6,Hårt bröd ,0.41,mg
1604,Skorpor fullkorn osötade,Vitamin B12,Hårt bröd ,0.0,µg
1604,Skorpor fullkorn osötade,Vitamin A,Hårt bröd ,0.0,RE/µg
1604,Skorpor fullkorn osötade,Vatten,Hårt bröd ,4.2,g
1604,Skorpor fullkorn osötade,Tiamin,Hårt bröd ,0.24,mg
1604,Skorpor fullkorn osötade,Tillsatt socker,Hårt bröd ,0.0,g
1604,Skorpor fullkorn osötade,Fritt socker,Hårt bröd ,0.0,g
1604,Skorpor fullkorn osötade,"Selen, Se",Hårt bröd ,4.5,µg
1604,Skorpor fullkorn osötade,Sackaros,Hårt bröd ,2.8,g
1604,Skorpor fullkorn osötade,Riboflavin,Hårt bröd ,0.2,mg
1604,Skorpor fullkorn osötade,Retinol,Hårt bröd ,0.0,µg
1604,Skorpor fullkorn osötade,Protein,Hårt bröd ,12.9,g
1604,Skorpor fullkorn osötade,Summa fleromättade fettsyror,Hårt bröd ,1.0,g
1604,Skorpor fullkorn osötade,"Fosfor, P",Hårt bröd ,236.0,mg
1604,Skorpor fullkorn osötade,Niacinekvivalenter,Hårt bröd ,9.2,NE/mg
1604,Skorpor fullkorn osötade,Niacin,Hårt bröd ,7.05,mg
1604,Skorpor fullkorn osötade,"Salt, NaCl",Hårt bröd ,1.5,g
1604,Skorpor fullkorn osötade,"Natrium, Na",Hårt bröd ,602.0,mg
1604,Skorpor fullkorn osötade,Monosackarider,Hårt bröd ,0.6,g
1604,Skorpor fullkorn osötade,"Sockerarter, totalt",Hårt bröd ,5.2,g
1604,Skorpor fullkorn osötade,Summa enkelomättade fettsyror,Hårt bröd ,2.7,g
1604,Skorpor fullkorn osötade,"Magnesium, Mg",Hårt bröd ,74.0,mg
1604,Skorpor fullkorn osötade,Summa mättade fettsyror,Hårt bröd ,0.7,g
1604,Skorpor fullkorn osötade,"Kolhydrater, tillgängliga",Hårt bröd ,64.1,g
1604,Skorpor fullkorn osötade,Kolesterol,Hårt bröd ,2.0,mg
1604,Skorpor fullkorn osötade,"Kalium, K",Hårt bröd ,350.0,mg
1604,Skorpor fullkorn osötade,"Jod, I",Hårt bröd ,3.0,µg
1604,Skorpor fullkorn osötade,Fullkorn totalt,Hårt bröd ,60.0,g
1604,Skorpor fullkorn osötade,"Folat, totalt",Hårt bröd ,52.0,µg
1604,Skorpor fullkorn osötade,Fibrer,Hårt bröd ,10.0,g
1604,Skorpor fullkorn osötade,"Fett, totalt",Hårt bröd ,6.2,g
1604,Skorpor fullkorn osötade,"Järn, Fe",Hårt bröd ,2.5,mg
1604,Skorpor fullkorn osötade,Energi (kJ),Hårt bröd ,1618.0,kJ
1604,Skorpor fullkorn osötade,Energi (kcal),Hårt bröd ,387.0,kcal
1604,Skorpor fullkorn osötade,Disackarider,Hårt bröd ,4.6,g
1604,Skorpor fullkorn osötade,"Kalcium, Ca",Hårt bröd ,30.0,mg
1604,Skorpor fullkorn osötade,Fettsyra 4:0-10:0,Hårt bröd ,0.0,g
1604,Skorpor fullkorn osötade,DHA (C22:6),Hårt bröd ,0.0,g
1604,Skorpor fullkorn osötade,DPA (C22:5),Hårt bröd ,0.0,g
1604,Skorpor fullkorn osötade,EPA (C20:5),Hårt bröd ,0.0,g
1604,Skorpor fullkorn osötade,Arakidonsyra C20:4,Hårt bröd ,0.0,g
1604,Skorpor fullkorn osötade,Arakidinsyra C20:0,Hårt bröd ,0.0,g
1604,Skorpor fullkorn osötade,Linolensyra C18:3,Hårt bröd ,0.0,g
1604,Skorpor fullkorn osötade,Linolsyra C18:2,Hårt bröd ,0.9,g
1604,Skorpor fullkorn osötade,Oljesyra C18:1,Hårt bröd ,2.6,g
1604,Skorpor fullkorn osötade,Stearinsyra C18:0,Hårt bröd ,0.3,g
1604,Skorpor fullkorn osötade,Palmitoljesyra C16:1,Hårt bröd ,0.0,g
1604,Skorpor fullkorn osötade,Palmitinsyra C16:0,Hårt bröd ,0.3,g
1604,Skorpor fullkorn osötade,Myristinsyra C14:0,Hårt bröd ,0.0,g
1604,Skorpor fullkorn osötade,Laurinsyra C12:0,Hårt bröd ,0.0,g
1604,Skorpor fullkorn osötade,Betakaroten/β-Karoten,Hårt bröd ,0.0,µg
1604,Skorpor fullkorn osötade,Avfall (skal etc.),Hårt bröd ,0.0,%
1604,Skorpor fullkorn osötade,Aska,Hårt bröd ,2.6,g
1604,Skorpor fullkorn osötade,Alkohol,Hårt bröd ,0.0,g
1605,Mandelkubb,"Zink, Zn",Bullar kakor tårtor mm,0.5,mg
1605,Mandelkubb,Vitamin E,Bullar kakor tårtor mm,1.8,mg
1605,Mandelkubb,Vitamin D,Bullar kakor tårtor mm,1.25,µg
1605,Mandelkubb,Vitamin C,Bullar kakor tårtor mm,0.0,mg
1605,Mandelkubb,Vitamin B6,Bullar kakor tårtor mm,0.17,mg
1605,Mandelkubb,Vitamin B12,Bullar kakor tårtor mm,0.12,µg
1605,Mandelkubb,Vitamin A,Bullar kakor tårtor mm,152.0,RE/µg
1605,Mandelkubb,Vatten,Bullar kakor tårtor mm,16.3,g
1605,Mandelkubb,Tiamin,Bullar kakor tårtor mm,0.03,mg
1605,Mandelkubb,Tillsatt socker,Bullar kakor tårtor mm,26.0,g
1605,Mandelkubb,Fritt socker,Bullar kakor tårtor mm,26.0,g
1605,Mandelkubb,"Selen, Se",Bullar kakor tårtor mm,2.9,µg
1605,Mandelkubb,Sackaros,Bullar kakor tårtor mm,25.8,g
1605,Mandelkubb,Riboflavin,Bullar kakor tårtor mm,0.07,mg
1605,Mandelkubb,Retinol,Bullar kakor tårtor mm,142.0,µg
1605,Mandelkubb,Protein,Bullar kakor tårtor mm,6.1,g
1605,Mandelkubb,Summa fleromättade fettsyror,Bullar kakor tårtor mm,1.9,g
1605,Mandelkubb,"Fosfor, P",Bullar kakor tårtor mm,151.0,mg
1605,Mandelkubb,Niacinekvivalenter,Bullar kakor tårtor mm,3.4,NE/mg
1605,Mandelkubb,Niacin,Bullar kakor tårtor mm,1.91,mg
1605,Mandelkubb,"Salt, NaCl",Bullar kakor tårtor mm,0.6,g
1605,Mandelkubb,"Natrium, Na",Bullar kakor tårtor mm,234.0,mg
1605,Mandelkubb,Monosackarider,Bullar kakor tårtor mm,0.2,g
1605,Mandelkubb,"Sockerarter, totalt",Bullar kakor tårtor mm,26.8,g
1605,Mandelkubb,Summa enkelomättade fettsyror,Bullar kakor tårtor mm,4.8,g
1605,Mandelkubb,"Magnesium, Mg",Bullar kakor tårtor mm,16.0,mg
1605,Mandelkubb,Summa mättade fettsyror,Bullar kakor tårtor mm,6.3,g
1605,Mandelkubb,"Kolhydrater, tillgängliga",Bullar kakor tårtor mm,61.3,g
1605,Mandelkubb,Kolesterol,Bullar kakor tårtor mm,12.9,mg
1605,Mandelkubb,"Kalium, K",Bullar kakor tårtor mm,104.0,mg
1605,Mandelkubb,"Jod, I",Bullar kakor tårtor mm,4.0,µg
1605,Mandelkubb,Fullkorn totalt,Bullar kakor tårtor mm,0.0,g
1605,Mandelkubb,"Folat, totalt",Bullar kakor tårtor mm,15.2,µg
1605,Mandelkubb,Fibrer,Bullar kakor tårtor mm,1.7,g
1605,Mandelkubb,"Fett, totalt",Bullar kakor tårtor mm,13.6,g
1605,Mandelkubb,"Järn, Fe",Bullar kakor tårtor mm,0.8,mg
1605,Mandelkubb,Energi (kJ),Bullar kakor tårtor mm,1661.0,kJ
1605,Mandelkubb,Energi (kcal),Bullar kakor tårtor mm,397.0,kcal
1605,Mandelkubb,Disackarider,Bullar kakor tårtor mm,26.6,g
1605,Mandelkubb,"Kalcium, Ca",Bullar kakor tårtor mm,34.0,mg
1605,Mandelkubb,Fettsyra 4:0-10:0,Bullar kakor tårtor mm,0.3,g
1605,Mandelkubb,DHA (C22:6),Bullar kakor tårtor mm,0.0,g
1605,Mandelkubb,DPA (C22:5),Bullar kakor tårtor mm,0.0,g
1605,Mandelkubb,EPA (C20:5),Bullar kakor tårtor mm,0.0,g
1605,Mandelkubb,Arakidonsyra C20:4,Bullar kakor tårtor mm,0.0,g
1605,Mandelkubb,Arakidinsyra C20:0,Bullar kakor tårtor mm,0.0,g
1605,Mandelkubb,Linolensyra C18:3,Bullar kakor tårtor mm,0.3,g
1605,Mandelkubb,Linolsyra C18:2,Bullar kakor tårtor mm,1.6,g
1605,Mandelkubb,Oljesyra C18:1,Bullar kakor tårtor mm,4.6,g
1605,Mandelkubb,Stearinsyra C18:0,Bullar kakor tårtor mm,0.5,g
1605,Mandelkubb,Palmitoljesyra C16:1,Bullar kakor tårtor mm,0.0,g
1605,Mandelkubb,Palmitinsyra C16:0,Bullar kakor tårtor mm,3.5,g
1605,Mandelkubb,Myristinsyra C14:0,Bullar kakor tårtor mm,0.6,g
1605,Mandelkubb,Laurinsyra C12:0,Bullar kakor tårtor mm,1.3,g
1605,Mandelkubb,Betakaroten/β-Karoten,Bullar kakor tårtor mm,120.0,µg
1605,Mandelkubb,Avfall (skal etc.),Bullar kakor tårtor mm,0.0,%
1605,Mandelkubb,Aska,Bullar kakor tårtor mm,1.0,g
1605,Mandelkubb,Alkohol,Bullar kakor tårtor mm,0.0,g
1606,Munk u. fyllning,"Zink, Zn",Bullar kakor tårtor mm,0.4,mg
1606,Munk u. fyllning,Vitamin E,Bullar kakor tårtor mm,2.2,mg
1606,Munk u. fyllning,Vitamin D,Bullar kakor tårtor mm,0.09,µg
1606,Munk u. fyllning,Vitamin C,Bullar kakor tårtor mm,0.0,mg
1606,Munk u. fyllning,Vitamin B6,Bullar kakor tårtor mm,0.06,mg
1606,Munk u. fyllning,Vitamin B12,Bullar kakor tårtor mm,0.12,µg
1606,Munk u. fyllning,Vitamin A,Bullar kakor tårtor mm,9.4,RE/µg
1606,Munk u. fyllning,Vatten,Bullar kakor tårtor mm,23.2,g
1606,Munk u. fyllning,Tiamin,Bullar kakor tårtor mm,0.12,mg
1606,Munk u. fyllning,Tillsatt socker,Bullar kakor tårtor mm,19.0,g
1606,Munk u. fyllning,Fritt socker,Bullar kakor tårtor mm,19.0,g
1606,Munk u. fyllning,"Selen, Se",Bullar kakor tårtor mm,3.9,µg
1606,Munk u. fyllning,Sackaros,Bullar kakor tårtor mm,17.3,g
1606,Munk u. fyllning,Riboflavin,Bullar kakor tårtor mm,0.06,mg
1606,Munk u. fyllning,Retinol,Bullar kakor tårtor mm,8.9,µg
1606,Munk u. fyllning,Protein,Bullar kakor tårtor mm,5.0,g
1606,Munk u. fyllning,Summa fleromättade fettsyror,Bullar kakor tårtor mm,3.0,g
1606,Munk u. fyllning,"Fosfor, P",Bullar kakor tårtor mm,274.0,mg
1606,Munk u. fyllning,Niacinekvivalenter,Bullar kakor tårtor mm,1.6,NE/mg
1606,Munk u. fyllning,Niacin,Bullar kakor tårtor mm,0.77,mg
1606,Munk u. fyllning,"Salt, NaCl",Bullar kakor tårtor mm,1.3,g
1606,Munk u. fyllning,"Natrium, Na",Bullar kakor tårtor mm,510.0,mg
1606,Munk u. fyllning,Monosackarider,Bullar kakor tårtor mm,0.2,g
1606,Munk u. fyllning,"Sockerarter, totalt",Bullar kakor tårtor mm,19.0,g
1606,Munk u. fyllning,Summa enkelomättade fettsyror,Bullar kakor tårtor mm,12.3,g
1606,Munk u. fyllning,"Magnesium, Mg",Bullar kakor tårtor mm,12.0,mg
1606,Munk u. fyllning,Summa mättade fettsyror,Bullar kakor tårtor mm,9.3,g
1606,Munk u. fyllning,"Kolhydrater, tillgängliga",Bullar kakor tårtor mm,42.7,g
1606,Munk u. fyllning,Kolesterol,Bullar kakor tårtor mm,31.8,mg
1606,Munk u. fyllning,"Kalium, K",Bullar kakor tårtor mm,118.0,mg
1606,Munk u. fyllning,"Jod, I",Bullar kakor tårtor mm,7.0,µg
1606,Munk u. fyllning,Fullkorn totalt,Bullar kakor tårtor mm,0.0,g
1606,Munk u. fyllning,"Folat, totalt",Bullar kakor tårtor mm,16.3,µg
1606,Munk u. fyllning,Fibrer,Bullar kakor tårtor mm,1.3,g
1606,Munk u. fyllning,"Fett, totalt",Bullar kakor tårtor mm,25.8,g
1606,Munk u. fyllning,"Järn, Fe",Bullar kakor tårtor mm,1.0,mg
1606,Munk u. fyllning,Energi (kJ),Bullar kakor tårtor mm,1778.0,kJ
1606,Munk u. fyllning,Energi (kcal),Bullar kakor tårtor mm,425.0,kcal
1606,Munk u. fyllning,Disackarider,Bullar kakor tårtor mm,18.8,g
1606,Munk u. fyllning,"Kalcium, Ca",Bullar kakor tårtor mm,76.0,mg
1606,Munk u. fyllning,Fettsyra 4:0-10:0,Bullar kakor tårtor mm,0.0,g
1606,Munk u. fyllning,DHA (C22:6),Bullar kakor tårtor mm,0.0,g
1606,Munk u. fyllning,DPA (C22:5),Bullar kakor tårtor mm,0.0,g
1606,Munk u. fyllning,EPA (C20:5),Bullar kakor tårtor mm,0.0,g
1606,Munk u. fyllning,Arakidonsyra C20:4,Bullar kakor tårtor mm,0.0,g
1606,Munk u. fyllning,Arakidinsyra C20:0,Bullar kakor tårtor mm,0.1,g
1606,Munk u. fyllning,Linolensyra C18:3,Bullar kakor tårtor mm,0.3,g
1606,Munk u. fyllning,Linolsyra C18:2,Bullar kakor tårtor mm,2.7,g
1606,Munk u. fyllning,Oljesyra C18:1,Bullar kakor tårtor mm,12.0,g
1606,Munk u. fyllning,Stearinsyra C18:0,Bullar kakor tårtor mm,1.4,g
1606,Munk u. fyllning,Palmitoljesyra C16:1,Bullar kakor tårtor mm,0.1,g
1606,Munk u. fyllning,Palmitinsyra C16:0,Bullar kakor tårtor mm,7.5,g
1606,Munk u. fyllning,Myristinsyra C14:0,Bullar kakor tårtor mm,0.2,g
1606,Munk u. fyllning,Laurinsyra C12:0,Bullar kakor tårtor mm,0.0,g
1606,Munk u. fyllning,Betakaroten/β-Karoten,Bullar kakor tårtor mm,5.0,µg
1606,Munk u. fyllning,Avfall (skal etc.),Bullar kakor tårtor mm,0.0,%
1606,Munk u. fyllning,Aska,Bullar kakor tårtor mm,1.9,g
1606,Munk u. fyllning,Alkohol,Bullar kakor tårtor mm,0.0,g
1607,Munk fylld m. äppelmos vaniljkräm,"Zink, Zn",Bullar kakor tårtor mm,0.7,mg
1607,Munk fylld m. äppelmos vaniljkräm,Vitamin E,Bullar kakor tårtor mm,1.3,mg
1607,Munk fylld m. äppelmos vaniljkräm,Vitamin D,Bullar kakor tårtor mm,0.09,µg
1607,Munk fylld m. äppelmos vaniljkräm,Vitamin C,Bullar kakor tårtor mm,2.3,mg
1607,Munk fylld m. äppelmos vaniljkräm,Vitamin B6,Bullar kakor tårtor mm,0.07,mg
1607,Munk fylld m. äppelmos vaniljkräm,Vitamin B12,Bullar kakor tårtor mm,0.15,µg
1607,Munk fylld m. äppelmos vaniljkräm,Vitamin A,Bullar kakor tårtor mm,11.3,RE/µg
1607,Munk fylld m. äppelmos vaniljkräm,Vatten,Bullar kakor tårtor mm,36.6,g
1607,Munk fylld m. äppelmos vaniljkräm,Tiamin,Bullar kakor tårtor mm,0.1,mg
1607,Munk fylld m. äppelmos vaniljkräm,Tillsatt socker,Bullar kakor tårtor mm,11.0,g
1607,Munk fylld m. äppelmos vaniljkräm,Fritt socker,Bullar kakor tårtor mm,11.0,g
1607,Munk fylld m. äppelmos vaniljkräm,"Selen, Se",Bullar kakor tårtor mm,5.1,µg
1607,Munk fylld m. äppelmos vaniljkräm,Sackaros,Bullar kakor tårtor mm,7.5,g
1607,Munk fylld m. äppelmos vaniljkräm,Riboflavin,Bullar kakor tårtor mm,0.24,mg
1607,Munk fylld m. äppelmos vaniljkräm,Retinol,Bullar kakor tårtor mm,7.9,µg
1607,Munk fylld m. äppelmos vaniljkräm,Protein,Bullar kakor tårtor mm,5.9,g
1607,Munk fylld m. äppelmos vaniljkräm,Summa fleromättade fettsyror,Bullar kakor tårtor mm,1.5,g
1607,Munk fylld m. äppelmos vaniljkräm,"Fosfor, P",Bullar kakor tårtor mm,157.0,mg
1607,Munk fylld m. äppelmos vaniljkräm,Niacinekvivalenter,Bullar kakor tårtor mm,2.0,NE/mg
1607,Munk fylld m. äppelmos vaniljkräm,Niacin,Bullar kakor tårtor mm,1.0,mg
1607,Munk fylld m. äppelmos vaniljkräm,"Salt, NaCl",Bullar kakor tårtor mm,0.7,g
1607,Munk fylld m. äppelmos vaniljkräm,"Natrium, Na",Bullar kakor tårtor mm,278.0,mg
1607,Munk fylld m. äppelmos vaniljkräm,Monosackarider,Bullar kakor tårtor mm,4.1,g
1607,Munk fylld m. äppelmos vaniljkräm,"Sockerarter, totalt",Bullar kakor tårtor mm,14.5,g
1607,Munk fylld m. äppelmos vaniljkräm,Summa enkelomättade fettsyror,Bullar kakor tårtor mm,5.5,g
1607,Munk fylld m. äppelmos vaniljkräm,"Magnesium, Mg",Bullar kakor tårtor mm,14.0,mg
1607,Munk fylld m. äppelmos vaniljkräm,Summa mättade fettsyror,Bullar kakor tårtor mm,5.6,g
1607,Munk fylld m. äppelmos vaniljkräm,"Kolhydrater, tillgängliga",Bullar kakor tårtor mm,41.4,g
1607,Munk fylld m. äppelmos vaniljkräm,Kolesterol,Bullar kakor tårtor mm,33.9,mg
1607,Munk fylld m. äppelmos vaniljkräm,"Kalium, K",Bullar kakor tårtor mm,129.0,mg
1607,Munk fylld m. äppelmos vaniljkräm,"Jod, I",Bullar kakor tårtor mm,5.0,µg
1607,Munk fylld m. äppelmos vaniljkräm,Fullkorn totalt,Bullar kakor tårtor mm,0.0,g
1607,Munk fylld m. äppelmos vaniljkräm,"Folat, totalt",Bullar kakor tårtor mm,36.8,µg
1607,Munk fylld m. äppelmos vaniljkräm,Fibrer,Bullar kakor tårtor mm,1.8,g
1607,Munk fylld m. äppelmos vaniljkräm,"Fett, totalt",Bullar kakor tårtor mm,13.2,g
1607,Munk fylld m. äppelmos vaniljkräm,"Järn, Fe",Bullar kakor tårtor mm,0.8,mg
1607,Munk fylld m. äppelmos vaniljkräm,Energi (kJ),Bullar kakor tårtor mm,1309.0,kJ
1607,Munk fylld m. äppelmos vaniljkräm,Energi (kcal),Bullar kakor tårtor mm,313.0,kcal
1607,Munk fylld m. äppelmos vaniljkräm,Disackarider,Bullar kakor tårtor mm,10.3,g
1607,Munk fylld m. äppelmos vaniljkräm,"Kalcium, Ca",Bullar kakor tårtor mm,22.0,mg
1607,Munk fylld m. äppelmos vaniljkräm,Fettsyra 4:0-10:0,Bullar kakor tårtor mm,0.1,g
1607,Munk fylld m. äppelmos vaniljkräm,DHA (C22:6),Bullar kakor tårtor mm,0.0,g
1607,Munk fylld m. äppelmos vaniljkräm,DPA (C22:5),Bullar kakor tårtor mm,0.0,g
1607,Munk fylld m. äppelmos vaniljkräm,EPA (C20:5),Bullar kakor tårtor mm,0.0,g
1607,Munk fylld m. äppelmos vaniljkräm,Arakidonsyra C20:4,Bullar kakor tårtor mm,0.0,g
1607,Munk fylld m. äppelmos vaniljkräm,Arakidinsyra C20:0,Bullar kakor tårtor mm,0.1,g
1607,Munk fylld m. äppelmos vaniljkräm,Linolensyra C18:3,Bullar kakor tårtor mm,0.1,g
1607,Munk fylld m. äppelmos vaniljkräm,Linolsyra C18:2,Bullar kakor tårtor mm,1.4,g
1607,Munk fylld m. äppelmos vaniljkräm,Oljesyra C18:1,Bullar kakor tårtor mm,5.3,g
1607,Munk fylld m. äppelmos vaniljkräm,Stearinsyra C18:0,Bullar kakor tårtor mm,0.9,g
1607,Munk fylld m. äppelmos vaniljkräm,Palmitoljesyra C16:1,Bullar kakor tårtor mm,0.0,g
1607,Munk fylld m. äppelmos vaniljkräm,Palmitinsyra C16:0,Bullar kakor tårtor mm,3.8,g
1607,Munk fylld m. äppelmos vaniljkräm,Myristinsyra C14:0,Bullar kakor tårtor mm,0.3,g
1607,Munk fylld m. äppelmos vaniljkräm,Laurinsyra C12:0,Bullar kakor tårtor mm,0.4,g
1607,Munk fylld m. äppelmos vaniljkräm,Betakaroten/β-Karoten,Bullar kakor tårtor mm,40.0,µg
1607,Munk fylld m. äppelmos vaniljkräm,Avfall (skal etc.),Bullar kakor tårtor mm,0.0,%
1607,Munk fylld m. äppelmos vaniljkräm,Aska,Bullar kakor tårtor mm,1.0,g
1607,Munk fylld m. äppelmos vaniljkräm,Alkohol,Bullar kakor tårtor mm,0.0,g
1608,Wienerbröd m. vaniljkräm sylt florsocker,"Zink, Zn",Bullar kakor tårtor mm,0.7,mg
1608,Wienerbröd m. vaniljkräm sylt florsocker,Vitamin E,Bullar kakor tårtor mm,4.6,mg
1608,Wienerbröd m. vaniljkräm sylt florsocker,Vitamin D,Bullar kakor tårtor mm,0.09,µg
1608,Wienerbröd m. vaniljkräm sylt florsocker,Vitamin C,Bullar kakor tårtor mm,0.0,mg
1608,Wienerbröd m. vaniljkräm sylt florsocker,Vitamin B6,Bullar kakor tårtor mm,0.06,mg
1608,Wienerbröd m. vaniljkräm sylt florsocker,Vitamin B12,Bullar kakor tårtor mm,0.12,µg
1608,Wienerbröd m. vaniljkräm sylt florsocker,Vitamin A,Bullar kakor tårtor mm,250.3,RE/µg
1608,Wienerbröd m. vaniljkräm sylt florsocker,Vatten,Bullar kakor tårtor mm,17.7,g
1608,Wienerbröd m. vaniljkräm sylt florsocker,Tiamin,Bullar kakor tårtor mm,0.06,mg
1608,Wienerbröd m. vaniljkräm sylt florsocker,Tillsatt socker,Bullar kakor tårtor mm,13.0,g
1608,Wienerbröd m. vaniljkräm sylt florsocker,Fritt socker,Bullar kakor tårtor mm,13.0,g
1608,Wienerbröd m. vaniljkräm sylt florsocker,"Selen, Se",Bullar kakor tårtor mm,4.5,µg
1608,Wienerbröd m. vaniljkräm sylt florsocker,Sackaros,Bullar kakor tårtor mm,7.6,g
1608,Wienerbröd m. vaniljkräm sylt florsocker,Riboflavin,Bullar kakor tårtor mm,0.18,mg
1608,Wienerbröd m. vaniljkräm sylt florsocker,Retinol,Bullar kakor tårtor mm,241.0,µg
1608,Wienerbröd m. vaniljkräm sylt florsocker,Protein,Bullar kakor tårtor mm,6.4,g
1608,Wienerbröd m. vaniljkräm sylt florsocker,Summa fleromättade fettsyror,Bullar kakor tårtor mm,3.0,g
1608,Wienerbröd m. vaniljkräm sylt florsocker,"Fosfor, P",Bullar kakor tårtor mm,85.0,mg
1608,Wienerbröd m. vaniljkräm sylt florsocker,Niacinekvivalenter,Bullar kakor tårtor mm,2.0,NE/mg
1608,Wienerbröd m. vaniljkräm sylt florsocker,Niacin,Bullar kakor tårtor mm,0.95,mg
1608,Wienerbröd m. vaniljkräm sylt florsocker,"Salt, NaCl",Bullar kakor tårtor mm,0.7,g
1608,Wienerbröd m. vaniljkräm sylt florsocker,"Natrium, Na",Bullar kakor tårtor mm,284.0,mg
1608,Wienerbröd m. vaniljkräm sylt florsocker,Monosackarider,Bullar kakor tårtor mm,3.8,g
1608,Wienerbröd m. vaniljkräm sylt florsocker,"Sockerarter, totalt",Bullar kakor tårtor mm,13.3,g
1608,Wienerbröd m. vaniljkräm sylt florsocker,Summa enkelomättade fettsyror,Bullar kakor tårtor mm,10.6,g
1608,Wienerbröd m. vaniljkräm sylt florsocker,"Magnesium, Mg",Bullar kakor tårtor mm,16.0,mg
1608,Wienerbröd m. vaniljkräm sylt florsocker,Summa mättade fettsyror,Bullar kakor tårtor mm,12.3,g
1608,Wienerbröd m. vaniljkräm sylt florsocker,"Kolhydrater, tillgängliga",Bullar kakor tårtor mm,45.4,g
1608,Wienerbröd m. vaniljkräm sylt florsocker,Kolesterol,Bullar kakor tårtor mm,31.8,mg
1608,Wienerbröd m. vaniljkräm sylt florsocker,"Kalium, K",Bullar kakor tårtor mm,130.0,mg
1608,Wienerbröd m. vaniljkräm sylt florsocker,"Jod, I",Bullar kakor tårtor mm,5.0,µg
1608,Wienerbröd m. vaniljkräm sylt florsocker,Fullkorn totalt,Bullar kakor tårtor mm,0.0,g
1608,Wienerbröd m. vaniljkräm sylt florsocker,"Folat, totalt",Bullar kakor tårtor mm,39.1,µg
1608,Wienerbröd m. vaniljkräm sylt florsocker,Fibrer,Bullar kakor tårtor mm,2.2,g
1608,Wienerbröd m. vaniljkräm sylt florsocker,"Fett, totalt",Bullar kakor tårtor mm,27.3,g
1608,Wienerbröd m. vaniljkräm sylt florsocker,"Järn, Fe",Bullar kakor tårtor mm,0.8,mg
1608,Wienerbröd m. vaniljkräm sylt florsocker,Energi (kJ),Bullar kakor tårtor mm,1908.0,kJ
1608,Wienerbröd m. vaniljkräm sylt florsocker,Energi (kcal),Bullar kakor tårtor mm,456.0,kcal
1608,Wienerbröd m. vaniljkräm sylt florsocker,Disackarider,Bullar kakor tårtor mm,9.5,g
1608,Wienerbröd m. vaniljkräm sylt florsocker,"Kalcium, Ca",Bullar kakor tårtor mm,37.0,mg
1608,Wienerbröd m. vaniljkräm sylt florsocker,Fettsyra 4:0-10:0,Bullar kakor tårtor mm,0.1,g
1608,Wienerbröd m. vaniljkräm sylt florsocker,DHA (C22:6),Bullar kakor tårtor mm,0.0,g
1608,Wienerbröd m. vaniljkräm sylt florsocker,DPA (C22:5),Bullar kakor tårtor mm,0.0,g
1608,Wienerbröd m. vaniljkräm sylt florsocker,EPA (C20:5),Bullar kakor tårtor mm,0.0,g
1608,Wienerbröd m. vaniljkräm sylt florsocker,Arakidonsyra C20:4,Bullar kakor tårtor mm,0.0,g
1608,Wienerbröd m. vaniljkräm sylt florsocker,Arakidinsyra C20:0,Bullar kakor tårtor mm,0.1,g
1608,Wienerbröd m. vaniljkräm sylt florsocker,Linolensyra C18:3,Bullar kakor tårtor mm,0.6,g
1608,Wienerbröd m. vaniljkräm sylt florsocker,Linolsyra C18:2,Bullar kakor tårtor mm,2.5,g
1608,Wienerbröd m. vaniljkräm sylt florsocker,Oljesyra C18:1,Bullar kakor tårtor mm,10.4,g
1608,Wienerbröd m. vaniljkräm sylt florsocker,Stearinsyra C18:0,Bullar kakor tårtor mm,1.6,g
1608,Wienerbröd m. vaniljkräm sylt florsocker,Palmitoljesyra C16:1,Bullar kakor tårtor mm,0.1,g
1608,Wienerbröd m. vaniljkräm sylt florsocker,Palmitinsyra C16:0,Bullar kakor tårtor mm,9.4,g
1608,Wienerbröd m. vaniljkräm sylt florsocker,Myristinsyra C14:0,Bullar kakor tårtor mm,0.5,g
1608,Wienerbröd m. vaniljkräm sylt florsocker,Laurinsyra C12:0,Bullar kakor tårtor mm,0.5,g
1608,Wienerbröd m. vaniljkräm sylt florsocker,Betakaroten/β-Karoten,Bullar kakor tårtor mm,111.0,µg
1608,Wienerbröd m. vaniljkräm sylt florsocker,Avfall (skal etc.),Bullar kakor tårtor mm,0.0,%
1608,Wienerbröd m. vaniljkräm sylt florsocker,Aska,Bullar kakor tårtor mm,1.1,g
1608,Wienerbröd m. vaniljkräm sylt florsocker,Alkohol,Bullar kakor tårtor mm,0.0,g
1609,Sött vetebröd bakpulver,"Zink, Zn",Bullar kakor tårtor mm,0.5,mg
1609,Sött vetebröd bakpulver,Vitamin E,Bullar kakor tårtor mm,1.7,mg
1609,Sött vetebröd bakpulver,Vitamin D,Bullar kakor tårtor mm,1.13,µg
1609,Sött vetebröd bakpulver,Vitamin C,Bullar kakor tårtor mm,1.2,mg
1609,Sött vetebröd bakpulver,Vitamin B6,Bullar kakor tårtor mm,0.04,mg
1609,Sött vetebröd bakpulver,Vitamin B12,Bullar kakor tårtor mm,0.19,µg
1609,Sött vetebröd bakpulver,Vitamin A,Bullar kakor tårtor mm,111.3,RE/µg
1609,Sött vetebröd bakpulver,Vatten,Bullar kakor tårtor mm,33.6,g
1609,Sött vetebröd bakpulver,Tiamin,Bullar kakor tårtor mm,0.06,mg
1609,Sött vetebröd bakpulver,Tillsatt socker,Bullar kakor tårtor mm,11.0,g
1609,Sött vetebröd bakpulver,Fritt socker,Bullar kakor tårtor mm,11.0,g
1609,Sött vetebröd bakpulver,"Selen, Se",Bullar kakor tårtor mm,6.3,µg
1609,Sött vetebröd bakpulver,Sackaros,Bullar kakor tårtor mm,11.2,g
1609,Sött vetebröd bakpulver,Riboflavin,Bullar kakor tårtor mm,0.07,mg
1609,Sött vetebröd bakpulver,Retinol,Bullar kakor tårtor mm,106.1,µg
1609,Sött vetebröd bakpulver,Protein,Bullar kakor tårtor mm,5.5,g
1609,Sött vetebröd bakpulver,Summa fleromättade fettsyror,Bullar kakor tårtor mm,2.1,g
1609,Sött vetebröd bakpulver,"Fosfor, P",Bullar kakor tårtor mm,342.0,mg
1609,Sött vetebröd bakpulver,Niacinekvivalenter,Bullar kakor tårtor mm,1.47,NE/mg
1609,Sött vetebröd bakpulver,Niacin,Bullar kakor tårtor mm,0.41,mg
1609,Sött vetebröd bakpulver,"Salt, NaCl",Bullar kakor tårtor mm,0.7,g
1609,Sött vetebröd bakpulver,"Natrium, Na",Bullar kakor tårtor mm,283.0,mg
1609,Sött vetebröd bakpulver,Monosackarider,Bullar kakor tårtor mm,0.1,g
1609,Sött vetebröd bakpulver,"Sockerarter, totalt",Bullar kakor tårtor mm,13.1,g
1609,Sött vetebröd bakpulver,Summa enkelomättade fettsyror,Bullar kakor tårtor mm,4.0,g
1609,Sött vetebröd bakpulver,"Magnesium, Mg",Bullar kakor tårtor mm,13.0,mg
1609,Sött vetebröd bakpulver,Summa mättade fettsyror,Bullar kakor tårtor mm,5.1,g
1609,Sött vetebröd bakpulver,"Kolhydrater, tillgängliga",Bullar kakor tårtor mm,45.5,g
1609,Sött vetebröd bakpulver,Kolesterol,Bullar kakor tårtor mm,30.2,mg
1609,Sött vetebröd bakpulver,"Kalium, K",Bullar kakor tårtor mm,124.0,mg
1609,Sött vetebröd bakpulver,"Jod, I",Bullar kakor tårtor mm,9.3,µg
1609,Sött vetebröd bakpulver,Fullkorn totalt,Bullar kakor tårtor mm,0.0,g
1609,Sött vetebröd bakpulver,"Folat, totalt",Bullar kakor tårtor mm,10.9,µg
1609,Sött vetebröd bakpulver,Fibrer,Bullar kakor tårtor mm,1.6,g
1609,Sött vetebröd bakpulver,"Fett, totalt",Bullar kakor tårtor mm,11.8,g
1609,Sött vetebröd bakpulver,"Järn, Fe",Bullar kakor tårtor mm,0.4,mg
1609,Sött vetebröd bakpulver,Energi (kJ),Bullar kakor tårtor mm,1318.0,kJ
1609,Sött vetebröd bakpulver,Energi (kcal),Bullar kakor tårtor mm,315.0,kcal
1609,Sött vetebröd bakpulver,Disackarider,Bullar kakor tårtor mm,13.0,g
1609,Sött vetebröd bakpulver,"Kalcium, Ca",Bullar kakor tårtor mm,226.0,mg
1609,Sött vetebröd bakpulver,Fettsyra 4:0-10:0,Bullar kakor tårtor mm,0.3,g
1609,Sött vetebröd bakpulver,DHA (C22:6),Bullar kakor tårtor mm,0.0,g
1609,Sött vetebröd bakpulver,DPA (C22:5),Bullar kakor tårtor mm,0.0,g
1609,Sött vetebröd bakpulver,EPA (C20:5),Bullar kakor tårtor mm,0.0,g
1609,Sött vetebröd bakpulver,Arakidonsyra C20:4,Bullar kakor tårtor mm,0.0,g
1609,Sött vetebröd bakpulver,Arakidinsyra C20:0,Bullar kakor tårtor mm,0.0,g
1609,Sött vetebröd bakpulver,Linolensyra C18:3,Bullar kakor tårtor mm,0.4,g
1609,Sött vetebröd bakpulver,Linolsyra C18:2,Bullar kakor tårtor mm,1.4,g
1609,Sött vetebröd bakpulver,Oljesyra C18:1,Bullar kakor tårtor mm,4.1,g
1609,Sött vetebröd bakpulver,Stearinsyra C18:0,Bullar kakor tårtor mm,0.6,g
1609,Sött vetebröd bakpulver,Palmitoljesyra C16:1,Bullar kakor tårtor mm,0.1,g
1609,Sött vetebröd bakpulver,Palmitinsyra C16:0,Bullar kakor tårtor mm,3.2,g
1609,Sött vetebröd bakpulver,Myristinsyra C14:0,Bullar kakor tårtor mm,0.4,g
1609,Sött vetebröd bakpulver,Laurinsyra C12:0,Bullar kakor tårtor mm,0.3,g
1609,Sött vetebröd bakpulver,Betakaroten/β-Karoten,Bullar kakor tårtor mm,62.0,µg
1609,Sött vetebröd bakpulver,Avfall (skal etc.),Bullar kakor tårtor mm,1.0,%
1609,Sött vetebröd bakpulver,Aska,Bullar kakor tårtor mm,1.9,g
1609,Sött vetebröd bakpulver,Alkohol,Bullar kakor tårtor mm,0.0,g
1610,Sött vetebröd saffransbröd hembakad,"Zink, Zn",Bullar kakor tårtor mm,0.5,mg
1610,Sött vetebröd saffransbröd hembakad,Vitamin E,Bullar kakor tårtor mm,1.2,mg
1610,Sött vetebröd saffransbröd hembakad,Vitamin D,Bullar kakor tårtor mm,0.86,µg
1610,Sött vetebröd saffransbröd hembakad,Vitamin C,Bullar kakor tårtor mm,1.3,mg
1610,Sött vetebröd saffransbröd hembakad,Vitamin B6,Bullar kakor tårtor mm,0.06,mg
1610,Sött vetebröd saffransbröd hembakad,Vitamin B12,Bullar kakor tårtor mm,0.15,µg
1610,Sött vetebröd saffransbröd hembakad,Vitamin A,Bullar kakor tårtor mm,73.3,RE/µg
1610,Sött vetebröd saffransbröd hembakad,Vatten,Bullar kakor tårtor mm,36.4,g
1610,Sött vetebröd saffransbröd hembakad,Tiamin,Bullar kakor tårtor mm,0.08,mg
1610,Sött vetebröd saffransbröd hembakad,Tillsatt socker,Bullar kakor tårtor mm,7.0,g
1610,Sött vetebröd saffransbröd hembakad,Fritt socker,Bullar kakor tårtor mm,7.0,g
1610,Sött vetebröd saffransbröd hembakad,"Selen, Se",Bullar kakor tårtor mm,6.0,µg
1610,Sött vetebröd saffransbröd hembakad,Sackaros,Bullar kakor tårtor mm,7.6,g
1610,Sött vetebröd saffransbröd hembakad,Riboflavin,Bullar kakor tårtor mm,0.1,mg
1610,Sött vetebröd saffransbröd hembakad,Retinol,Bullar kakor tårtor mm,69.5,µg
1610,Sött vetebröd saffransbröd hembakad,Protein,Bullar kakor tårtor mm,5.9,g
1610,Sött vetebröd saffransbröd hembakad,Summa fleromättade fettsyror,Bullar kakor tårtor mm,1.5,g
1610,Sött vetebröd saffransbröd hembakad,"Fosfor, P",Bullar kakor tårtor mm,112.0,mg
1610,Sött vetebröd saffransbröd hembakad,Niacinekvivalenter,Bullar kakor tårtor mm,1.87,NE/mg
1610,Sött vetebröd saffransbröd hembakad,Niacin,Bullar kakor tårtor mm,0.77,mg
1610,Sött vetebröd saffransbröd hembakad,"Salt, NaCl",Bullar kakor tårtor mm,0.4,g
1610,Sött vetebröd saffransbröd hembakad,"Natrium, Na",Bullar kakor tårtor mm,176.0,mg
1610,Sött vetebröd saffransbröd hembakad,Monosackarider,Bullar kakor tårtor mm,2.3,g
1610,Sött vetebröd saffransbröd hembakad,"Sockerarter, totalt",Bullar kakor tårtor mm,12.0,g
1610,Sött vetebröd saffransbröd hembakad,Summa enkelomättade fettsyror,Bullar kakor tårtor mm,2.7,g
1610,Sött vetebröd saffransbröd hembakad,"Magnesium, Mg",Bullar kakor tårtor mm,17.0,mg
1610,Sött vetebröd saffransbröd hembakad,Summa mättade fettsyror,Bullar kakor tårtor mm,3.6,g
1610,Sött vetebröd saffransbröd hembakad,"Kolhydrater, tillgängliga",Bullar kakor tårtor mm,46.3,g
1610,Sött vetebröd saffransbröd hembakad,Kolesterol,Bullar kakor tårtor mm,16.4,mg
1610,Sött vetebröd saffransbröd hembakad,"Kalium, K",Bullar kakor tårtor mm,169.0,mg
1610,Sött vetebröd saffransbröd hembakad,"Jod, I",Bullar kakor tårtor mm,26.6,µg
1610,Sött vetebröd saffransbröd hembakad,Fullkorn totalt,Bullar kakor tårtor mm,0.0,g
1610,Sött vetebröd saffransbröd hembakad,"Folat, totalt",Bullar kakor tårtor mm,26.2,µg
1610,Sött vetebröd saffransbröd hembakad,Fibrer,Bullar kakor tårtor mm,2.0,g
1610,Sött vetebröd saffransbröd hembakad,"Fett, totalt",Bullar kakor tårtor mm,8.4,g
1610,Sött vetebröd saffransbröd hembakad,"Järn, Fe",Bullar kakor tårtor mm,0.6,mg
1610,Sött vetebröd saffransbröd hembakad,Energi (kJ),Bullar kakor tårtor mm,1212.0,kJ
1610,Sött vetebröd saffransbröd hembakad,Energi (kcal),Bullar kakor tårtor mm,290.0,kcal
1610,Sött vetebröd saffransbröd hembakad,Disackarider,Bullar kakor tårtor mm,9.5,g
1610,Sött vetebröd saffransbröd hembakad,"Kalcium, Ca",Bullar kakor tårtor mm,49.0,mg
1610,Sött vetebröd saffransbröd hembakad,Fettsyra 4:0-10:0,Bullar kakor tårtor mm,0.2,g
1610,Sött vetebröd saffransbröd hembakad,DHA (C22:6),Bullar kakor tårtor mm,0.0,g
1610,Sött vetebröd saffransbröd hembakad,DPA (C22:5),Bullar kakor tårtor mm,0.0,g
1610,Sött vetebröd saffransbröd hembakad,EPA (C20:5),Bullar kakor tårtor mm,0.0,g
1610,Sött vetebröd saffransbröd hembakad,Arakidonsyra C20:4,Bullar kakor tårtor mm,0.0,g
1610,Sött vetebröd saffransbröd hembakad,Arakidinsyra C20:0,Bullar kakor tårtor mm,0.0,g
1610,Sött vetebröd saffransbröd hembakad,Linolensyra C18:3,Bullar kakor tårtor mm,0.3,g
1610,Sött vetebröd saffransbröd hembakad,Linolsyra C18:2,Bullar kakor tårtor mm,1.1,g
1610,Sött vetebröd saffransbröd hembakad,Oljesyra C18:1,Bullar kakor tårtor mm,2.8,g
1610,Sött vetebröd saffransbröd hembakad,Stearinsyra C18:0,Bullar kakor tårtor mm,0.4,g
1610,Sött vetebröd saffransbröd hembakad,Palmitoljesyra C16:1,Bullar kakor tårtor mm,0.1,g
1610,Sött vetebröd saffransbröd hembakad,Palmitinsyra C16:0,Bullar kakor tårtor mm,2.2,g
1610,Sött vetebröd saffransbröd hembakad,Myristinsyra C14:0,Bullar kakor tårtor mm,0.3,g
1610,Sött vetebröd saffransbröd hembakad,Laurinsyra C12:0,Bullar kakor tårtor mm,0.2,g
1610,Sött vetebröd saffransbröd hembakad,Betakaroten/β-Karoten,Bullar kakor tårtor mm,44.0,µg
1610,Sött vetebröd saffransbröd hembakad,Avfall (skal etc.),Bullar kakor tårtor mm,0.0,%
1610,Sött vetebröd saffransbröd hembakad,Aska,Bullar kakor tårtor mm,1.1,g
1610,Sött vetebröd saffransbröd hembakad,Alkohol,Bullar kakor tårtor mm,0.0,g
1611,Kex cream crackers,"Zink, Zn",Smörgåskex,0.9,mg
1611,Kex cream crackers,Vitamin E,Smörgåskex,0.3,mg
1611,Kex cream crackers,Vitamin D inkl 25-OH-D3,Smörgåskex,0.0,µg
1611,Kex cream crackers,Vitamin D,Smörgåskex,0.0,µg
1611,Kex cream crackers,Vitamin C,Smörgåskex,0.0,mg
1611,Kex cream crackers,Vitamin B6,Smörgåskex,0.03,mg
1611,Kex cream crackers,Vitamin B12,Smörgåskex,0.0,µg
1611,Kex cream crackers,Vitamin A,Smörgåskex,0.0,RE/µg
1611,Kex cream crackers,Vatten,Smörgåskex,3.0,g
1611,Kex cream crackers,Tiamin,Smörgåskex,0.01,mg
1611,Kex cream crackers,Tillsatt socker,Smörgåskex,0.0,g
1611,Kex cream crackers,Fritt socker,Smörgåskex,0.0,g
1611,Kex cream crackers,"Selen, Se",Smörgåskex,1.0,µg
1611,Kex cream crackers,Sackaros,Smörgåskex,0.0,g
1611,Kex cream crackers,Riboflavin,Smörgåskex,0.04,mg
1611,Kex cream crackers,Retinol,Smörgåskex,0.0,µg
1611,Kex cream crackers,Protein,Smörgåskex,7.8,g
1611,Kex cream crackers,Summa fleromättade fettsyror,Smörgåskex,1.9,g
1611,Kex cream crackers,"Fosfor, P",Smörgåskex,103.0,mg
1611,Kex cream crackers,Niacinekvivalenter,Smörgåskex,2.3,NE/mg
1611,Kex cream crackers,Niacin,Smörgåskex,1.0,mg
1611,Kex cream crackers,"Salt, NaCl",Smörgåskex,1.5,g
1611,Kex cream crackers,"Natrium, Na",Smörgåskex,590.0,mg
1611,Kex cream crackers,Monosackarider,Smörgåskex,0.6,g
1611,Kex cream crackers,"Sockerarter, totalt",Smörgåskex,1.6,g
1611,Kex cream crackers,Summa enkelomättade fettsyror,Smörgåskex,7.4,g
1611,Kex cream crackers,"Magnesium, Mg",Smörgåskex,29.0,mg
1611,Kex cream crackers,Summa mättade fettsyror,Smörgåskex,12.0,g
1611,Kex cream crackers,"Kolhydrater, tillgängliga",Smörgåskex,60.3,g
1611,Kex cream crackers,Kolesterol,Smörgåskex,0.0,mg
1611,Kex cream crackers,"Kalium, K",Smörgåskex,136.0,mg
1611,Kex cream crackers,"Jod, I",Smörgåskex,2.3,µg
1611,Kex cream crackers,Fullkorn totalt,Smörgåskex,0.0,g
1611,Kex cream crackers,"Folat, totalt",Smörgåskex,8.0,µg
1611,Kex cream crackers,Fibrer,Smörgåskex,4.3,g
1611,Kex cream crackers,"Fett, totalt",Smörgåskex,22.5,g
1611,Kex cream crackers,"Järn, Fe",Smörgåskex,1.0,mg
1611,Kex cream crackers,Energi (kJ),Smörgåskex,2025.0,kJ
1611,Kex cream crackers,Energi (kcal),Smörgåskex,484.0,kcal
1611,Kex cream crackers,Disackarider,Smörgåskex,1.0,g
1611,Kex cream crackers,"Kalcium, Ca",Smörgåskex,58.0,mg
1611,Kex cream crackers,Fettsyra 4:0-10:0,Smörgåskex,1.0,g
1611,Kex cream crackers,DHA (C22:6),Smörgåskex,0.0,g
1611,Kex cream crackers,DPA (C22:5),Smörgåskex,0.0,g
1611,Kex cream crackers,EPA (C20:5),Smörgåskex,0.0,g
1611,Kex cream crackers,Arakidonsyra C20:4,Smörgåskex,0.0,g
1611,Kex cream crackers,Arakidinsyra C20:0,Smörgåskex,0.1,g
1611,Kex cream crackers,Linolensyra C18:3,Smörgåskex,0.3,g
1611,Kex cream crackers,Linolsyra C18:2,Smörgåskex,1.6,g
1611,Kex cream crackers,Oljesyra C18:1,Smörgåskex,7.0,g
1611,Kex cream crackers,Stearinsyra C18:0,Smörgåskex,2.5,g
1611,Kex cream crackers,Palmitoljesyra C16:1,Smörgåskex,0.2,g
1611,Kex cream crackers,Palmitinsyra C16:0,Smörgåskex,3.4,g
1611,Kex cream crackers,Myristinsyra C14:0,Smörgåskex,1.6,g
1611,Kex cream crackers,Laurinsyra C12:0,Smörgåskex,3.1,g
1611,Kex cream crackers,Betakaroten/β-Karoten,Smörgåskex,0.0,µg
1611,Kex cream crackers,Avfall (skal etc.),Smörgåskex,0.0,%
1611,Kex cream crackers,Aska,Smörgåskex,2.1,g
1611,Kex cream crackers,Alkohol,Smörgåskex,0.0,g
1612,Kex rån m. cremefyllning smaksatt,"Zink, Zn",Bullar kakor tårtor mm,0.5,mg
1612,Kex rån m. cremefyllning smaksatt,Vitamin E,Bullar kakor tårtor mm,1.3,mg
1612,Kex rån m. cremefyllning smaksatt,Vitamin D inkl 25-OH-D3,Bullar kakor tårtor mm,0.0,µg
1612,Kex rån m. cremefyllning smaksatt,Vitamin D,Bullar kakor tårtor mm,0.0,µg
1612,Kex rån m. cremefyllning smaksatt,Vitamin C,Bullar kakor tårtor mm,0.0,mg
1612,Kex rån m. cremefyllning smaksatt,Vitamin B6,Bullar kakor tårtor mm,0.06,mg
1612,Kex rån m. cremefyllning smaksatt,Vitamin B12,Bullar kakor tårtor mm,0.1,µg
1612,Kex rån m. cremefyllning smaksatt,Vitamin A,Bullar kakor tårtor mm,0.0,RE/µg
1612,Kex rån m. cremefyllning smaksatt,Vatten,Bullar kakor tårtor mm,1.2,g
1612,Kex rån m. cremefyllning smaksatt,Tiamin,Bullar kakor tårtor mm,0.03,mg
1612,Kex rån m. cremefyllning smaksatt,Tillsatt socker,Bullar kakor tårtor mm,32.0,g
1612,Kex rån m. cremefyllning smaksatt,Fritt socker,Bullar kakor tårtor mm,32.0,g
1612,Kex rån m. cremefyllning smaksatt,"Selen, Se",Bullar kakor tårtor mm,1.3,µg
1612,Kex rån m. cremefyllning smaksatt,Sackaros,Bullar kakor tårtor mm,32.0,g
1612,Kex rån m. cremefyllning smaksatt,Riboflavin,Bullar kakor tårtor mm,0.04,mg
1612,Kex rån m. cremefyllning smaksatt,Retinol,Bullar kakor tårtor mm,0.0,µg
1612,Kex rån m. cremefyllning smaksatt,Protein,Bullar kakor tårtor mm,4.0,g
1612,Kex rån m. cremefyllning smaksatt,Summa fleromättade fettsyror,Bullar kakor tårtor mm,0.2,g
1612,Kex rån m. cremefyllning smaksatt,"Fosfor, P",Bullar kakor tårtor mm,68.0,mg
1612,Kex rån m. cremefyllning smaksatt,Niacinekvivalenter,Bullar kakor tårtor mm,1.4,NE/mg
1612,Kex rån m. cremefyllning smaksatt,Niacin,Bullar kakor tårtor mm,0.72,mg
1612,Kex rån m. cremefyllning smaksatt,"Salt, NaCl",Bullar kakor tårtor mm,0.3,g
1612,Kex rån m. cremefyllning smaksatt,"Natrium, Na",Bullar kakor tårtor mm,114.0,mg
1612,Kex rån m. cremefyllning smaksatt,Monosackarider,Bullar kakor tårtor mm,0.0,g
1612,Kex rån m. cremefyllning smaksatt,"Sockerarter, totalt",Bullar kakor tårtor mm,32.7,g
1612,Kex rån m. cremefyllning smaksatt,Summa enkelomättade fettsyror,Bullar kakor tårtor mm,0.3,g
1612,Kex rån m. cremefyllning smaksatt,"Magnesium, Mg",Bullar kakor tårtor mm,23.0,mg
1612,Kex rån m. cremefyllning smaksatt,Summa mättade fettsyror,Bullar kakor tårtor mm,28.1,g
1612,Kex rån m. cremefyllning smaksatt,"Kolhydrater, tillgängliga",Bullar kakor tårtor mm,62.3,g
1612,Kex rån m. cremefyllning smaksatt,Kolesterol,Bullar kakor tårtor mm,0.0,mg
1612,Kex rån m. cremefyllning smaksatt,"Kalium, K",Bullar kakor tårtor mm,177.0,mg
1612,Kex rån m. cremefyllning smaksatt,"Jod, I",Bullar kakor tårtor mm,3.0,µg
1612,Kex rån m. cremefyllning smaksatt,Fullkorn totalt,Bullar kakor tårtor mm,0.0,g
1612,Kex rån m. cremefyllning smaksatt,"Folat, totalt",Bullar kakor tårtor mm,14.0,µg
1612,Kex rån m. cremefyllning smaksatt,Fibrer,Bullar kakor tårtor mm,1.7,g
1612,Kex rån m. cremefyllning smaksatt,"Fett, totalt",Bullar kakor tårtor mm,29.9,g
1612,Kex rån m. cremefyllning smaksatt,"Järn, Fe",Bullar kakor tårtor mm,1.6,mg
1612,Kex rån m. cremefyllning smaksatt,Energi (kJ),Bullar kakor tårtor mm,2249.0,kJ
1612,Kex rån m. cremefyllning smaksatt,Energi (kcal),Bullar kakor tårtor mm,538.0,kcal
1612,Kex rån m. cremefyllning smaksatt,Disackarider,Bullar kakor tårtor mm,32.7,g
1612,Kex rån m. cremefyllning smaksatt,"Kalcium, Ca",Bullar kakor tårtor mm,20.0,mg
1612,Kex rån m. cremefyllning smaksatt,Fettsyra 4:0-10:0,Bullar kakor tårtor mm,3.8,g
1612,Kex rån m. cremefyllning smaksatt,DHA (C22:6),Bullar kakor tårtor mm,0.0,g
1612,Kex rån m. cremefyllning smaksatt,DPA (C22:5),Bullar kakor tårtor mm,0.0,g
1612,Kex rån m. cremefyllning smaksatt,EPA (C20:5),Bullar kakor tårtor mm,0.0,g
1612,Kex rån m. cremefyllning smaksatt,Arakidonsyra C20:4,Bullar kakor tårtor mm,0.0,g
1612,Kex rån m. cremefyllning smaksatt,Arakidinsyra C20:0,Bullar kakor tårtor mm,0.0,g
1612,Kex rån m. cremefyllning smaksatt,Linolensyra C18:3,Bullar kakor tårtor mm,0.0,g
1612,Kex rån m. cremefyllning smaksatt,Linolsyra C18:2,Bullar kakor tårtor mm,0.2,g
1612,Kex rån m. cremefyllning smaksatt,Oljesyra C18:1,Bullar kakor tårtor mm,0.3,g
1612,Kex rån m. cremefyllning smaksatt,Stearinsyra C18:0,Bullar kakor tårtor mm,3.8,g
1612,Kex rån m. cremefyllning smaksatt,Palmitoljesyra C16:1,Bullar kakor tårtor mm,0.0,g
1612,Kex rån m. cremefyllning smaksatt,Palmitinsyra C16:0,Bullar kakor tårtor mm,2.9,g
1612,Kex rån m. cremefyllning smaksatt,Myristinsyra C14:0,Bullar kakor tårtor mm,5.0,g
1612,Kex rån m. cremefyllning smaksatt,Laurinsyra C12:0,Bullar kakor tårtor mm,12.6,g
1612,Kex rån m. cremefyllning smaksatt,Betakaroten/β-Karoten,Bullar kakor tårtor mm,0.0,µg
1612,Kex rån m. cremefyllning smaksatt,Avfall (skal etc.),Bullar kakor tårtor mm,0.0,%
1612,Kex rån m. cremefyllning smaksatt,Aska,Bullar kakor tårtor mm,0.8,g
1612,Kex rån m. cremefyllning smaksatt,Alkohol,Bullar kakor tårtor mm,0.0,g
1613,Kex havrekex fullkorn,"Zink, Zn",Bullar kakor tårtor mm,1.2,mg
1613,Kex havrekex fullkorn,Vitamin E,Bullar kakor tårtor mm,3.2,mg
1613,Kex havrekex fullkorn,Vitamin D,Bullar kakor tårtor mm,0.19,µg
1613,Kex havrekex fullkorn,Vitamin C,Bullar kakor tårtor mm,0.0,mg
1613,Kex havrekex fullkorn,Vitamin B6,Bullar kakor tårtor mm,0.15,mg
1613,Kex havrekex fullkorn,Vitamin B12,Bullar kakor tårtor mm,0.13,µg
1613,Kex havrekex fullkorn,Vitamin A,Bullar kakor tårtor mm,11.6,RE/µg
1613,Kex havrekex fullkorn,Vatten,Bullar kakor tårtor mm,3.4,g
1613,Kex havrekex fullkorn,Tiamin,Bullar kakor tårtor mm,0.11,mg
1613,Kex havrekex fullkorn,Tillsatt socker,Bullar kakor tårtor mm,24.0,g
1613,Kex havrekex fullkorn,Fritt socker,Bullar kakor tårtor mm,24.0,g
1613,Kex havrekex fullkorn,"Selen, Se",Bullar kakor tårtor mm,2.6,µg
1613,Kex havrekex fullkorn,Sackaros,Bullar kakor tårtor mm,22.9,g
1613,Kex havrekex fullkorn,Riboflavin,Bullar kakor tårtor mm,0.05,mg
1613,Kex havrekex fullkorn,Retinol,Bullar kakor tårtor mm,10.5,µg
1613,Kex havrekex fullkorn,Protein,Bullar kakor tårtor mm,8.8,g
1613,Kex havrekex fullkorn,Summa fleromättade fettsyror,Bullar kakor tårtor mm,2.8,g
1613,Kex havrekex fullkorn,"Fosfor, P",Bullar kakor tårtor mm,190.0,mg
1613,Kex havrekex fullkorn,Niacinekvivalenter,Bullar kakor tårtor mm,3.1,NE/mg
1613,Kex havrekex fullkorn,Niacin,Bullar kakor tårtor mm,1.67,mg
1613,Kex havrekex fullkorn,"Salt, NaCl",Bullar kakor tårtor mm,1.3,g
1613,Kex havrekex fullkorn,"Natrium, Na",Bullar kakor tårtor mm,509.0,mg
1613,Kex havrekex fullkorn,Monosackarider,Bullar kakor tårtor mm,1.0,g
1613,Kex havrekex fullkorn,"Sockerarter, totalt",Bullar kakor tårtor mm,24.1,g
1613,Kex havrekex fullkorn,Summa enkelomättade fettsyror,Bullar kakor tårtor mm,8.4,g
1613,Kex havrekex fullkorn,"Magnesium, Mg",Bullar kakor tårtor mm,16.0,mg
1613,Kex havrekex fullkorn,Summa mättade fettsyror,Bullar kakor tårtor mm,8.4,g
1613,Kex havrekex fullkorn,"Kolhydrater, tillgängliga",Bullar kakor tårtor mm,59.1,g
1613,Kex havrekex fullkorn,Kolesterol,Bullar kakor tårtor mm,0.0,mg
1613,Kex havrekex fullkorn,"Kalium, K",Bullar kakor tårtor mm,233.0,mg
1613,Kex havrekex fullkorn,"Jod, I",Bullar kakor tårtor mm,2.0,µg
1613,Kex havrekex fullkorn,Fullkorn totalt,Bullar kakor tårtor mm,61.0,g
1613,Kex havrekex fullkorn,"Folat, totalt",Bullar kakor tårtor mm,21.9,µg
1613,Kex havrekex fullkorn,Fibrer,Bullar kakor tårtor mm,6.0,g
1613,Kex havrekex fullkorn,"Fett, totalt",Bullar kakor tårtor mm,20.6,g
1613,Kex havrekex fullkorn,"Järn, Fe",Bullar kakor tårtor mm,1.9,mg
1613,Kex havrekex fullkorn,Energi (kJ),Bullar kakor tårtor mm,1966.0,kJ
1613,Kex havrekex fullkorn,Energi (kcal),Bullar kakor tårtor mm,470.0,kcal
1613,Kex havrekex fullkorn,Disackarider,Bullar kakor tårtor mm,23.1,g
1613,Kex havrekex fullkorn,"Kalcium, Ca",Bullar kakor tårtor mm,30.0,mg
1613,Kex havrekex fullkorn,Fettsyra 4:0-10:0,Bullar kakor tårtor mm,0.0,g
1613,Kex havrekex fullkorn,DHA (C22:6),Bullar kakor tårtor mm,0.0,g
1613,Kex havrekex fullkorn,DPA (C22:5),Bullar kakor tårtor mm,0.0,g
1613,Kex havrekex fullkorn,EPA (C20:5),Bullar kakor tårtor mm,0.0,g
1613,Kex havrekex fullkorn,Arakidonsyra C20:4,Bullar kakor tårtor mm,0.0,g
1613,Kex havrekex fullkorn,Arakidinsyra C20:0,Bullar kakor tårtor mm,0.1,g
1613,Kex havrekex fullkorn,Linolensyra C18:3,Bullar kakor tårtor mm,0.1,g
1613,Kex havrekex fullkorn,Linolsyra C18:2,Bullar kakor tårtor mm,2.7,g
1613,Kex havrekex fullkorn,Oljesyra C18:1,Bullar kakor tårtor mm,8.3,g
1613,Kex havrekex fullkorn,Stearinsyra C18:0,Bullar kakor tårtor mm,1.2,g
1613,Kex havrekex fullkorn,Palmitoljesyra C16:1,Bullar kakor tårtor mm,0.0,g
1613,Kex havrekex fullkorn,Palmitinsyra C16:0,Bullar kakor tårtor mm,6.7,g
1613,Kex havrekex fullkorn,Myristinsyra C14:0,Bullar kakor tårtor mm,0.2,g
1613,Kex havrekex fullkorn,Laurinsyra C12:0,Bullar kakor tårtor mm,0.1,g
1613,Kex havrekex fullkorn,Betakaroten/β-Karoten,Bullar kakor tårtor mm,11.0,µg
1613,Kex havrekex fullkorn,Avfall (skal etc.),Bullar kakor tårtor mm,0.0,%
1613,Kex havrekex fullkorn,Aska,Bullar kakor tårtor mm,2.0,g
1613,Kex havrekex fullkorn,Alkohol,Bullar kakor tårtor mm,0.0,g
1614,Kex Mariekex,"Zink, Zn",Bullar kakor tårtor mm,0.5,mg
1614,Kex Mariekex,Vitamin E,Bullar kakor tårtor mm,1.4,mg
1614,Kex Mariekex,Vitamin D,Bullar kakor tårtor mm,0.1,µg
1614,Kex Mariekex,Vitamin C,Bullar kakor tårtor mm,0.0,mg
1614,Kex Mariekex,Vitamin B6,Bullar kakor tårtor mm,0.09,mg
1614,Kex Mariekex,Vitamin B12,Bullar kakor tårtor mm,0.11,µg
1614,Kex Mariekex,Vitamin A,Bullar kakor tårtor mm,7.2,RE/µg
1614,Kex Mariekex,Vatten,Bullar kakor tårtor mm,1.4,g
1614,Kex Mariekex,Tiamin,Bullar kakor tårtor mm,0.04,mg
1614,Kex Mariekex,Tillsatt socker,Bullar kakor tårtor mm,20.0,g
1614,Kex Mariekex,Fritt socker,Bullar kakor tårtor mm,20.0,g
1614,Kex Mariekex,"Selen, Se",Bullar kakor tårtor mm,2.4,µg
1614,Kex Mariekex,Sackaros,Bullar kakor tårtor mm,18.3,g
1614,Kex Mariekex,Riboflavin,Bullar kakor tårtor mm,0.02,mg
1614,Kex Mariekex,Retinol,Bullar kakor tårtor mm,7.0,µg
1614,Kex Mariekex,Protein,Bullar kakor tårtor mm,6.6,g
1614,Kex Mariekex,Summa fleromättade fettsyror,Bullar kakor tårtor mm,1.6,g
1614,Kex Mariekex,"Fosfor, P",Bullar kakor tårtor mm,76.0,mg
1614,Kex Mariekex,Niacinekvivalenter,Bullar kakor tårtor mm,2.2,NE/mg
1614,Kex Mariekex,Niacin,Bullar kakor tårtor mm,1.09,mg
1614,Kex Mariekex,"Salt, NaCl",Bullar kakor tårtor mm,1.1,g
1614,Kex Mariekex,"Natrium, Na",Bullar kakor tårtor mm,447.0,mg
1614,Kex Mariekex,Monosackarider,Bullar kakor tårtor mm,1.2,g
1614,Kex Mariekex,"Sockerarter, totalt",Bullar kakor tårtor mm,20.0,g
1614,Kex Mariekex,Summa enkelomättade fettsyror,Bullar kakor tårtor mm,5.5,g
1614,Kex Mariekex,"Magnesium, Mg",Bullar kakor tårtor mm,16.0,mg
1614,Kex Mariekex,Summa mättade fettsyror,Bullar kakor tårtor mm,5.0,g
1614,Kex Mariekex,"Kolhydrater, tillgängliga",Bullar kakor tårtor mm,74.7,g
1614,Kex Mariekex,Kolesterol,Bullar kakor tårtor mm,2.0,mg
1614,Kex Mariekex,"Kalium, K",Bullar kakor tårtor mm,141.0,mg
1614,Kex Mariekex,"Jod, I",Bullar kakor tårtor mm,2.0,µg
1614,Kex Mariekex,Fullkorn totalt,Bullar kakor tårtor mm,0.0,g
1614,Kex Mariekex,"Folat, totalt",Bullar kakor tårtor mm,15.4,µg
1614,Kex Mariekex,Fibrer,Bullar kakor tårtor mm,3.1,g
1614,Kex Mariekex,"Fett, totalt",Bullar kakor tårtor mm,12.8,g
1614,Kex Mariekex,"Järn, Fe",Bullar kakor tårtor mm,0.8,mg
1614,Kex Mariekex,Energi (kJ),Bullar kakor tårtor mm,1879.0,kJ
1614,Kex Mariekex,Energi (kcal),Bullar kakor tårtor mm,449.0,kcal
1614,Kex Mariekex,Disackarider,Bullar kakor tårtor mm,18.8,g
1614,Kex Mariekex,"Kalcium, Ca",Bullar kakor tårtor mm,27.0,mg
1614,Kex Mariekex,Fettsyra 4:0-10:0,Bullar kakor tårtor mm,0.0,g
1614,Kex Mariekex,DHA (C22:6),Bullar kakor tårtor mm,0.0,g
1614,Kex Mariekex,DPA (C22:5),Bullar kakor tårtor mm,0.0,g
1614,Kex Mariekex,EPA (C20:5),Bullar kakor tårtor mm,0.0,g
1614,Kex Mariekex,Arakidonsyra C20:4,Bullar kakor tårtor mm,0.0,g
1614,Kex Mariekex,Arakidinsyra C20:0,Bullar kakor tårtor mm,0.1,g
1614,Kex Mariekex,Linolensyra C18:3,Bullar kakor tårtor mm,0.1,g
1614,Kex Mariekex,Linolsyra C18:2,Bullar kakor tårtor mm,1.5,g
1614,Kex Mariekex,Oljesyra C18:1,Bullar kakor tårtor mm,5.4,g
1614,Kex Mariekex,Stearinsyra C18:0,Bullar kakor tårtor mm,1.3,g
1614,Kex Mariekex,Palmitoljesyra C16:1,Bullar kakor tårtor mm,0.0,g
1614,Kex Mariekex,Palmitinsyra C16:0,Bullar kakor tårtor mm,3.3,g
1614,Kex Mariekex,Myristinsyra C14:0,Bullar kakor tårtor mm,0.1,g
1614,Kex Mariekex,Laurinsyra C12:0,Bullar kakor tårtor mm,0.0,g
1614,Kex Mariekex,Betakaroten/β-Karoten,Bullar kakor tårtor mm,2.0,µg
1614,Kex Mariekex,Avfall (skal etc.),Bullar kakor tårtor mm,0.0,%
1614,Kex Mariekex,Aska,Bullar kakor tårtor mm,1.4,g
1614,Kex Mariekex,Alkohol,Bullar kakor tårtor mm,0.0,g
1615,Kex mördegskex,"Zink, Zn",Bullar kakor tårtor mm,0.4,mg
1615,Kex mördegskex,Vitamin E,Bullar kakor tårtor mm,4.4,mg
1615,Kex mördegskex,Vitamin D inkl 25-OH-D3,Bullar kakor tårtor mm,0.0,µg
1615,Kex mördegskex,Vitamin D,Bullar kakor tårtor mm,0.0,µg
1615,Kex mördegskex,Vitamin C,Bullar kakor tårtor mm,0.0,mg
1615,Kex mördegskex,Vitamin B6,Bullar kakor tårtor mm,0.07,mg
1615,Kex mördegskex,Vitamin B12,Bullar kakor tårtor mm,0.1,µg
1615,Kex mördegskex,Vitamin A,Bullar kakor tårtor mm,0.3,RE/µg
1615,Kex mördegskex,Vatten,Bullar kakor tårtor mm,1.4,g
1615,Kex mördegskex,Tiamin,Bullar kakor tårtor mm,0.06,mg
1615,Kex mördegskex,Tillsatt socker,Bullar kakor tårtor mm,22.0,g
1615,Kex mördegskex,Fritt socker,Bullar kakor tårtor mm,22.0,g
1615,Kex mördegskex,"Selen, Se",Bullar kakor tårtor mm,1.6,µg
1615,Kex mördegskex,Sackaros,Bullar kakor tårtor mm,21.4,g
1615,Kex mördegskex,Riboflavin,Bullar kakor tårtor mm,0.02,mg
1615,Kex mördegskex,Retinol,Bullar kakor tårtor mm,0.0,µg
1615,Kex mördegskex,Protein,Bullar kakor tårtor mm,5.4,g
1615,Kex mördegskex,Summa fleromättade fettsyror,Bullar kakor tårtor mm,1.5,g
1615,Kex mördegskex,"Fosfor, P",Bullar kakor tårtor mm,69.0,mg
1615,Kex mördegskex,Niacinekvivalenter,Bullar kakor tårtor mm,1.8,NE/mg
1615,Kex mördegskex,Niacin,Bullar kakor tårtor mm,0.91,mg
1615,Kex mördegskex,"Salt, NaCl",Bullar kakor tårtor mm,1.0,g
1615,Kex mördegskex,"Natrium, Na",Bullar kakor tårtor mm,390.0,mg
1615,Kex mördegskex,Monosackarider,Bullar kakor tårtor mm,0.6,g
1615,Kex mördegskex,"Sockerarter, totalt",Bullar kakor tårtor mm,22.2,g
1615,Kex mördegskex,Summa enkelomättade fettsyror,Bullar kakor tårtor mm,11.4,g
1615,Kex mördegskex,"Magnesium, Mg",Bullar kakor tårtor mm,15.0,mg
1615,Kex mördegskex,Summa mättade fettsyror,Bullar kakor tårtor mm,4.6,g
1615,Kex mördegskex,"Kolhydrater, tillgängliga",Bullar kakor tårtor mm,71.8,g
1615,Kex mördegskex,Kolesterol,Bullar kakor tårtor mm,2.0,mg
1615,Kex mördegskex,"Kalium, K",Bullar kakor tårtor mm,116.0,mg
1615,Kex mördegskex,"Jod, I",Bullar kakor tårtor mm,2.0,µg
1615,Kex mördegskex,Fullkorn totalt,Bullar kakor tårtor mm,0.0,g
1615,Kex mördegskex,"Folat, totalt",Bullar kakor tårtor mm,13.2,µg
1615,Kex mördegskex,Fibrer,Bullar kakor tårtor mm,1.8,g
1615,Kex mördegskex,"Fett, totalt",Bullar kakor tårtor mm,18.4,g
1615,Kex mördegskex,"Järn, Fe",Bullar kakor tårtor mm,0.6,mg
1615,Kex mördegskex,Energi (kJ),Bullar kakor tårtor mm,2007.0,kJ
1615,Kex mördegskex,Energi (kcal),Bullar kakor tårtor mm,480.0,kcal
1615,Kex mördegskex,Disackarider,Bullar kakor tårtor mm,21.6,g
1615,Kex mördegskex,"Kalcium, Ca",Bullar kakor tårtor mm,11.0,mg
1615,Kex mördegskex,Fettsyra 4:0-10:0,Bullar kakor tårtor mm,0.0,g
1615,Kex mördegskex,DHA (C22:6),Bullar kakor tårtor mm,0.0,g
1615,Kex mördegskex,DPA (C22:5),Bullar kakor tårtor mm,0.0,g
1615,Kex mördegskex,EPA (C20:5),Bullar kakor tårtor mm,0.0,g
1615,Kex mördegskex,Arakidonsyra C20:4,Bullar kakor tårtor mm,0.0,g
1615,Kex mördegskex,Arakidinsyra C20:0,Bullar kakor tårtor mm,0.1,g
1615,Kex mördegskex,Linolensyra C18:3,Bullar kakor tårtor mm,0.0,g
1615,Kex mördegskex,Linolsyra C18:2,Bullar kakor tårtor mm,1.4,g
1615,Kex mördegskex,Oljesyra C18:1,Bullar kakor tårtor mm,11.1,g
1615,Kex mördegskex,Stearinsyra C18:0,Bullar kakor tårtor mm,2.0,g
1615,Kex mördegskex,Palmitoljesyra C16:1,Bullar kakor tårtor mm,0.0,g
1615,Kex mördegskex,Palmitinsyra C16:0,Bullar kakor tårtor mm,2.3,g
1615,Kex mördegskex,Myristinsyra C14:0,Bullar kakor tårtor mm,0.1,g
1615,Kex mördegskex,Laurinsyra C12:0,Bullar kakor tårtor mm,0.0,g
1615,Kex mördegskex,Betakaroten/β-Karoten,Bullar kakor tårtor mm,2.0,µg
1615,Kex mördegskex,Avfall (skal etc.),Bullar kakor tårtor mm,0.0,%
1615,Kex mördegskex,Aska,Bullar kakor tårtor mm,1.2,g
1615,Kex mördegskex,Alkohol,Bullar kakor tårtor mm,0.0,g
1616,Kex m. syltfyllning,"Zink, Zn",Bullar kakor tårtor mm,0.2,mg
1616,Kex m. syltfyllning,Vitamin E,Bullar kakor tårtor mm,3.0,mg
1616,Kex m. syltfyllning,Vitamin D,Bullar kakor tårtor mm,0.1,µg
1616,Kex m. syltfyllning,Vitamin C,Bullar kakor tårtor mm,0.0,mg
1616,Kex m. syltfyllning,Vitamin B6,Bullar kakor tårtor mm,0.06,mg
1616,Kex m. syltfyllning,Vitamin B12,Bullar kakor tårtor mm,0.11,µg
1616,Kex m. syltfyllning,Vitamin A,Bullar kakor tårtor mm,0.0,RE/µg
1616,Kex m. syltfyllning,Vatten,Bullar kakor tårtor mm,3.9,g
1616,Kex m. syltfyllning,Tiamin,Bullar kakor tårtor mm,0.03,mg
1616,Kex m. syltfyllning,Tillsatt socker,Bullar kakor tårtor mm,36.0,g
1616,Kex m. syltfyllning,Fritt socker,Bullar kakor tårtor mm,36.0,g
1616,Kex m. syltfyllning,"Selen, Se",Bullar kakor tårtor mm,1.6,µg
1616,Kex m. syltfyllning,Sackaros,Bullar kakor tårtor mm,30.3,g
1616,Kex m. syltfyllning,Riboflavin,Bullar kakor tårtor mm,0.02,mg
1616,Kex m. syltfyllning,Retinol,Bullar kakor tårtor mm,0.0,µg
1616,Kex m. syltfyllning,Protein,Bullar kakor tårtor mm,4.0,g
1616,Kex m. syltfyllning,Summa fleromättade fettsyror,Bullar kakor tårtor mm,1.3,g
1616,Kex m. syltfyllning,"Fosfor, P",Bullar kakor tårtor mm,44.0,mg
1616,Kex m. syltfyllning,Niacinekvivalenter,Bullar kakor tårtor mm,1.5,NE/mg
1616,Kex m. syltfyllning,Niacin,Bullar kakor tårtor mm,0.79,mg
1616,Kex m. syltfyllning,"Salt, NaCl",Bullar kakor tårtor mm,0.6,g
1616,Kex m. syltfyllning,"Natrium, Na",Bullar kakor tårtor mm,242.0,mg
1616,Kex m. syltfyllning,Monosackarider,Bullar kakor tårtor mm,4.8,g
1616,Kex m. syltfyllning,"Sockerarter, totalt",Bullar kakor tårtor mm,36.5,g
1616,Kex m. syltfyllning,Summa enkelomättade fettsyror,Bullar kakor tårtor mm,7.3,g
1616,Kex m. syltfyllning,"Magnesium, Mg",Bullar kakor tårtor mm,10.0,mg
1616,Kex m. syltfyllning,Summa mättade fettsyror,Bullar kakor tårtor mm,9.4,g
1616,Kex m. syltfyllning,"Kolhydrater, tillgängliga",Bullar kakor tårtor mm,70.9,g
1616,Kex m. syltfyllning,Kolesterol,Bullar kakor tårtor mm,2.0,mg
1616,Kex m. syltfyllning,"Kalium, K",Bullar kakor tårtor mm,97.0,mg
1616,Kex m. syltfyllning,"Jod, I",Bullar kakor tårtor mm,2.0,µg
1616,Kex m. syltfyllning,Fullkorn totalt,Bullar kakor tårtor mm,0.0,g
1616,Kex m. syltfyllning,"Folat, totalt",Bullar kakor tårtor mm,10.8,µg
1616,Kex m. syltfyllning,Fibrer,Bullar kakor tårtor mm,1.4,g
1616,Kex m. syltfyllning,"Fett, totalt",Bullar kakor tårtor mm,18.9,g
1616,Kex m. syltfyllning,"Järn, Fe",Bullar kakor tårtor mm,0.5,mg
1616,Kex m. syltfyllning,Energi (kJ),Bullar kakor tårtor mm,1985.0,kJ
1616,Kex m. syltfyllning,Energi (kcal),Bullar kakor tårtor mm,474.0,kcal
1616,Kex m. syltfyllning,Disackarider,Bullar kakor tårtor mm,31.7,g
1616,Kex m. syltfyllning,"Kalcium, Ca",Bullar kakor tårtor mm,10.0,mg
1616,Kex m. syltfyllning,Fettsyra 4:0-10:0,Bullar kakor tårtor mm,1.1,g
1616,Kex m. syltfyllning,DHA (C22:6),Bullar kakor tårtor mm,0.0,g
1616,Kex m. syltfyllning,DPA (C22:5),Bullar kakor tårtor mm,0.0,g
1616,Kex m. syltfyllning,EPA (C20:5),Bullar kakor tårtor mm,0.0,g
1616,Kex m. syltfyllning,Arakidonsyra C20:4,Bullar kakor tårtor mm,0.0,g
1616,Kex m. syltfyllning,Arakidinsyra C20:0,Bullar kakor tårtor mm,0.1,g
1616,Kex m. syltfyllning,Linolensyra C18:3,Bullar kakor tårtor mm,0.1,g
1616,Kex m. syltfyllning,Linolsyra C18:2,Bullar kakor tårtor mm,1.2,g
1616,Kex m. syltfyllning,Oljesyra C18:1,Bullar kakor tårtor mm,7.1,g
1616,Kex m. syltfyllning,Stearinsyra C18:0,Bullar kakor tårtor mm,1.7,g
1616,Kex m. syltfyllning,Palmitoljesyra C16:1,Bullar kakor tårtor mm,0.0,g
1616,Kex m. syltfyllning,Palmitinsyra C16:0,Bullar kakor tårtor mm,1.5,g
1616,Kex m. syltfyllning,Myristinsyra C14:0,Bullar kakor tårtor mm,1.3,g
1616,Kex m. syltfyllning,Laurinsyra C12:0,Bullar kakor tårtor mm,3.5,g
1616,Kex m. syltfyllning,Betakaroten/β-Karoten,Bullar kakor tårtor mm,0.0,µg
1616,Kex m. syltfyllning,Avfall (skal etc.),Bullar kakor tårtor mm,0.0,%
1616,Kex m. syltfyllning,Aska,Bullar kakor tårtor mm,0.8,g
1616,Kex m. syltfyllning,Alkohol,Bullar kakor tårtor mm,0.0,g
1617,Kex m. nougatfyllning,"Zink, Zn",Bullar kakor tårtor mm,0.6,mg
1617,Kex m. nougatfyllning,Vitamin E,Bullar kakor tårtor mm,5.3,mg
1617,Kex m. nougatfyllning,Vitamin D inkl 25-OH-D3,Bullar kakor tårtor mm,0.0,µg
1617,Kex m. nougatfyllning,Vitamin D,Bullar kakor tårtor mm,0.0,µg
1617,Kex m. nougatfyllning,Vitamin C,Bullar kakor tårtor mm,0.0,mg
1617,Kex m. nougatfyllning,Vitamin B6,Bullar kakor tårtor mm,0.06,mg
1617,Kex m. nougatfyllning,Vitamin B12,Bullar kakor tårtor mm,0.0,µg
1617,Kex m. nougatfyllning,Vitamin A,Bullar kakor tårtor mm,0.0,RE/µg
1617,Kex m. nougatfyllning,Vatten,Bullar kakor tårtor mm,3.3,g
1617,Kex m. nougatfyllning,Tiamin,Bullar kakor tårtor mm,0.06,mg
1617,Kex m. nougatfyllning,Tillsatt socker,Bullar kakor tårtor mm,29.0,g
1617,Kex m. nougatfyllning,Fritt socker,Bullar kakor tårtor mm,29.0,g
1617,Kex m. nougatfyllning,"Selen, Se",Bullar kakor tårtor mm,0.0,µg
1617,Kex m. nougatfyllning,Sackaros,Bullar kakor tårtor mm,28.4,g
1617,Kex m. nougatfyllning,Riboflavin,Bullar kakor tårtor mm,0.11,mg
1617,Kex m. nougatfyllning,Retinol,Bullar kakor tårtor mm,0.0,µg
1617,Kex m. nougatfyllning,Protein,Bullar kakor tårtor mm,5.6,g
1617,Kex m. nougatfyllning,Summa fleromättade fettsyror,Bullar kakor tårtor mm,1.4,g
1617,Kex m. nougatfyllning,"Fosfor, P",Bullar kakor tårtor mm,130.0,mg
1617,Kex m. nougatfyllning,Niacinekvivalenter,Bullar kakor tårtor mm,1.4,NE/mg
1617,Kex m. nougatfyllning,Niacin,Bullar kakor tårtor mm,0.42,mg
1617,Kex m. nougatfyllning,"Salt, NaCl",Bullar kakor tårtor mm,0.5,g
1617,Kex m. nougatfyllning,"Natrium, Na",Bullar kakor tårtor mm,200.0,mg
1617,Kex m. nougatfyllning,Monosackarider,Bullar kakor tårtor mm,0.2,g
1617,Kex m. nougatfyllning,"Sockerarter, totalt",Bullar kakor tårtor mm,31.7,g
1617,Kex m. nougatfyllning,Summa enkelomättade fettsyror,Bullar kakor tårtor mm,9.1,g
1617,Kex m. nougatfyllning,"Magnesium, Mg",Bullar kakor tårtor mm,38.0,mg
1617,Kex m. nougatfyllning,Summa mättade fettsyror,Bullar kakor tårtor mm,11.7,g
1617,Kex m. nougatfyllning,"Kolhydrater, tillgängliga",Bullar kakor tårtor mm,62.6,g
1617,Kex m. nougatfyllning,Kolesterol,Bullar kakor tårtor mm,1.2,mg
1617,Kex m. nougatfyllning,"Kalium, K",Bullar kakor tårtor mm,270.0,mg
1617,Kex m. nougatfyllning,"Jod, I",Bullar kakor tårtor mm,0.0,µg
1617,Kex m. nougatfyllning,Fullkorn totalt,Bullar kakor tårtor mm,0.0,g
1617,Kex m. nougatfyllning,"Folat, totalt",Bullar kakor tårtor mm,14.5,µg
1617,Kex m. nougatfyllning,Fibrer,Bullar kakor tårtor mm,4.0,g
1617,Kex m. nougatfyllning,"Fett, totalt",Bullar kakor tårtor mm,23.2,g
1617,Kex m. nougatfyllning,"Järn, Fe",Bullar kakor tårtor mm,1.8,mg
1617,Kex m. nougatfyllning,Energi (kJ),Bullar kakor tårtor mm,2050.0,kJ
1617,Kex m. nougatfyllning,Energi (kcal),Bullar kakor tårtor mm,490.0,kcal
1617,Kex m. nougatfyllning,Disackarider,Bullar kakor tårtor mm,31.4,g
1617,Kex m. nougatfyllning,"Kalcium, Ca",Bullar kakor tårtor mm,67.0,mg
1617,Kex m. nougatfyllning,Fettsyra 4:0-10:0,Bullar kakor tårtor mm,1.2,g
1617,Kex m. nougatfyllning,DHA (C22:6),Bullar kakor tårtor mm,0.0,g
1617,Kex m. nougatfyllning,DPA (C22:5),Bullar kakor tårtor mm,0.0,g
1617,Kex m. nougatfyllning,EPA (C20:5),Bullar kakor tårtor mm,0.0,g
1617,Kex m. nougatfyllning,Arakidonsyra C20:4,Bullar kakor tårtor mm,0.0,g
1617,Kex m. nougatfyllning,Arakidinsyra C20:0,Bullar kakor tårtor mm,0.0,g
1617,Kex m. nougatfyllning,Linolensyra C18:3,Bullar kakor tårtor mm,0.1,g
1617,Kex m. nougatfyllning,Linolsyra C18:2,Bullar kakor tårtor mm,1.3,g
1617,Kex m. nougatfyllning,Oljesyra C18:1,Bullar kakor tårtor mm,9.0,g
1617,Kex m. nougatfyllning,Stearinsyra C18:0,Bullar kakor tårtor mm,1.5,g
1617,Kex m. nougatfyllning,Palmitoljesyra C16:1,Bullar kakor tårtor mm,0.0,g
1617,Kex m. nougatfyllning,Palmitinsyra C16:0,Bullar kakor tårtor mm,2.6,g
1617,Kex m. nougatfyllning,Myristinsyra C14:0,Bullar kakor tårtor mm,1.8,g
1617,Kex m. nougatfyllning,Laurinsyra C12:0,Bullar kakor tårtor mm,4.5,g
1617,Kex m. nougatfyllning,Betakaroten/β-Karoten,Bullar kakor tårtor mm,0.0,µg
1617,Kex m. nougatfyllning,Avfall (skal etc.),Bullar kakor tårtor mm,0.0,%
1617,Kex m. nougatfyllning,Aska,Bullar kakor tårtor mm,1.2,g
1617,Kex m. nougatfyllning,Alkohol,Bullar kakor tårtor mm,0.0,g
1618,Maräng m. choklad,"Zink, Zn",Bullar kakor tårtor mm,0.2,mg
1618,Maräng m. choklad,Vitamin E,Bullar kakor tårtor mm,0.1,mg
1618,Maräng m. choklad,Vitamin D inkl 25-OH-D3,Bullar kakor tårtor mm,0.0,µg
1618,Maräng m. choklad,Vitamin D,Bullar kakor tårtor mm,0.0,µg
1618,Maräng m. choklad,Vitamin C,Bullar kakor tårtor mm,0.0,mg
1618,Maräng m. choklad,Vitamin B6,Bullar kakor tårtor mm,0.0,mg
1618,Maräng m. choklad,Vitamin B12,Bullar kakor tårtor mm,0.04,µg
1618,Maräng m. choklad,Vitamin A,Bullar kakor tårtor mm,0.0,RE/µg
1618,Maräng m. choklad,Vatten,Bullar kakor tårtor mm,4.5,g
1618,Maräng m. choklad,Tiamin,Bullar kakor tårtor mm,0.0,mg
1618,Maräng m. choklad,Tillsatt socker,Bullar kakor tårtor mm,92.0,g
1618,Maräng m. choklad,Fritt socker,Bullar kakor tårtor mm,92.0,g
1618,Maräng m. choklad,"Selen, Se",Bullar kakor tårtor mm,3.0,µg
1618,Maräng m. choklad,Sackaros,Bullar kakor tårtor mm,91.6,g
1618,Maräng m. choklad,Riboflavin,Bullar kakor tårtor mm,0.1,mg
1618,Maräng m. choklad,Retinol,Bullar kakor tårtor mm,0.0,µg
1618,Maräng m. choklad,Protein,Bullar kakor tårtor mm,3.2,g
1618,Maräng m. choklad,Summa fleromättade fettsyror,Bullar kakor tårtor mm,0.0,g
1618,Maräng m. choklad,"Fosfor, P",Bullar kakor tårtor mm,12.0,mg
1618,Maräng m. choklad,Niacinekvivalenter,Bullar kakor tårtor mm,0.6,NE/mg
1618,Maräng m. choklad,Niacin,Bullar kakor tårtor mm,0.1,mg
1618,Maräng m. choklad,"Salt, NaCl",Bullar kakor tårtor mm,0.4,g
1618,Maräng m. choklad,"Natrium, Na",Bullar kakor tårtor mm,159.0,mg
1618,Maräng m. choklad,Monosackarider,Bullar kakor tårtor mm,0.4,g
1618,Maräng m. choklad,"Sockerarter, totalt",Bullar kakor tårtor mm,92.8,g
1618,Maräng m. choklad,Summa enkelomättade fettsyror,Bullar kakor tårtor mm,0.1,g
1618,Maräng m. choklad,"Magnesium, Mg",Bullar kakor tårtor mm,8.0,mg
1618,Maräng m. choklad,Summa mättade fettsyror,Bullar kakor tårtor mm,0.6,g
1618,Maräng m. choklad,"Kolhydrater, tillgängliga",Bullar kakor tårtor mm,91.0,g
1618,Maräng m. choklad,Kolesterol,Bullar kakor tårtor mm,0.0,mg
1618,Maräng m. choklad,"Kalium, K",Bullar kakor tårtor mm,116.0,mg
1618,Maräng m. choklad,"Jod, I",Bullar kakor tårtor mm,1.0,µg
1618,Maräng m. choklad,Fullkorn totalt,Bullar kakor tårtor mm,0.0,g
1618,Maräng m. choklad,"Folat, totalt",Bullar kakor tårtor mm,10.0,µg
1618,Maräng m. choklad,Fibrer,Bullar kakor tårtor mm,0.0,g
1618,Maräng m. choklad,"Fett, totalt",Bullar kakor tårtor mm,0.7,g
1618,Maräng m. choklad,"Järn, Fe",Bullar kakor tårtor mm,0.9,mg
1618,Maräng m. choklad,Energi (kJ),Bullar kakor tårtor mm,1629.0,kJ
1618,Maräng m. choklad,Energi (kcal),Bullar kakor tårtor mm,389.0,kcal
1618,Maräng m. choklad,Disackarider,Bullar kakor tårtor mm,92.4,g
1618,Maräng m. choklad,"Kalcium, Ca",Bullar kakor tårtor mm,5.0,mg
1618,Maräng m. choklad,Fettsyra 4:0-10:0,Bullar kakor tårtor mm,0.0,g
1618,Maräng m. choklad,DHA (C22:6),Bullar kakor tårtor mm,0.0,g
1618,Maräng m. choklad,DPA (C22:5),Bullar kakor tårtor mm,0.0,g
1618,Maräng m. choklad,EPA (C20:5),Bullar kakor tårtor mm,0.0,g
1618,Maräng m. choklad,Arakidonsyra C20:4,Bullar kakor tårtor mm,0.0,g
1618,Maräng m. choklad,Arakidinsyra C20:0,Bullar kakor tårtor mm,0.0,g
1618,Maräng m. choklad,Linolensyra C18:3,Bullar kakor tårtor mm,0.0,g
1618,Maräng m. choklad,Linolsyra C18:2,Bullar kakor tårtor mm,0.0,g
1618,Maräng m. choklad,Oljesyra C18:1,Bullar kakor tårtor mm,0.1,g
1618,Maräng m. choklad,Stearinsyra C18:0,Bullar kakor tårtor mm,0.1,g
1618,Maräng m. choklad,Palmitoljesyra C16:1,Bullar kakor tårtor mm,0.0,g
1618,Maräng m. choklad,Palmitinsyra C16:0,Bullar kakor tårtor mm,0.1,g
1618,Maräng m. choklad,Myristinsyra C14:0,Bullar kakor tårtor mm,0.1,g
1618,Maräng m. choklad,Laurinsyra C12:0,Bullar kakor tårtor mm,0.2,g
1618,Maräng m. choklad,Betakaroten/β-Karoten,Bullar kakor tårtor mm,0.0,µg
1618,Maräng m. choklad,Avfall (skal etc.),Bullar kakor tårtor mm,0.0,%
1618,Maräng m. choklad,Aska,Bullar kakor tårtor mm,0.6,g
1618,Maräng m. choklad,Alkohol,Bullar kakor tårtor mm,0.0,g
1619,Småkakor olika sorter,"Zink, Zn",Bullar kakor tårtor mm,0.4,mg
1619,Småkakor olika sorter,Vitamin E,Bullar kakor tårtor mm,4.2,mg
1619,Småkakor olika sorter,Vitamin D,Bullar kakor tårtor mm,0.59,µg
1619,Småkakor olika sorter,Vitamin C,Bullar kakor tårtor mm,0.0,mg
1619,Småkakor olika sorter,Vitamin B6,Bullar kakor tårtor mm,0.09,mg
1619,Småkakor olika sorter,Vitamin B12,Bullar kakor tårtor mm,0.08,µg
1619,Småkakor olika sorter,Vitamin A,Bullar kakor tårtor mm,239.7,RE/µg
1619,Småkakor olika sorter,Vatten,Bullar kakor tårtor mm,2.2,g
1619,Småkakor olika sorter,Tiamin,Bullar kakor tårtor mm,0.04,mg
1619,Småkakor olika sorter,Tillsatt socker,Bullar kakor tårtor mm,32.0,g
1619,Småkakor olika sorter,Fritt socker,Bullar kakor tårtor mm,32.0,g
1619,Småkakor olika sorter,"Selen, Se",Bullar kakor tårtor mm,2.1,µg
1619,Småkakor olika sorter,Sackaros,Bullar kakor tårtor mm,31.0,g
1619,Småkakor olika sorter,Riboflavin,Bullar kakor tårtor mm,0.05,mg
1619,Småkakor olika sorter,Retinol,Bullar kakor tårtor mm,234.0,µg
1619,Småkakor olika sorter,Protein,Bullar kakor tårtor mm,4.7,g
1619,Småkakor olika sorter,Summa fleromättade fettsyror,Bullar kakor tårtor mm,2.5,g
1619,Småkakor olika sorter,"Fosfor, P",Bullar kakor tårtor mm,108.0,mg
1619,Småkakor olika sorter,Niacinekvivalenter,Bullar kakor tårtor mm,1.8,NE/mg
1619,Småkakor olika sorter,Niacin,Bullar kakor tårtor mm,0.99,mg
1619,Småkakor olika sorter,"Salt, NaCl",Bullar kakor tårtor mm,0.6,g
1619,Småkakor olika sorter,"Natrium, Na",Bullar kakor tårtor mm,246.0,mg
1619,Småkakor olika sorter,Monosackarider,Bullar kakor tårtor mm,0.4,g
1619,Småkakor olika sorter,"Sockerarter, totalt",Bullar kakor tårtor mm,31.7,g
1619,Småkakor olika sorter,Summa enkelomättade fettsyror,Bullar kakor tårtor mm,9.0,g
1619,Småkakor olika sorter,"Magnesium, Mg",Bullar kakor tårtor mm,18.0,mg
1619,Småkakor olika sorter,Summa mättade fettsyror,Bullar kakor tårtor mm,9.0,g
1619,Småkakor olika sorter,"Kolhydrater, tillgängliga",Bullar kakor tårtor mm,68.8,g
1619,Småkakor olika sorter,Kolesterol,Bullar kakor tårtor mm,7.0,mg
1619,Småkakor olika sorter,"Kalium, K",Bullar kakor tårtor mm,123.0,mg
1619,Småkakor olika sorter,"Jod, I",Bullar kakor tårtor mm,2.0,µg
1619,Småkakor olika sorter,Fullkorn totalt,Bullar kakor tårtor mm,0.0,g
1619,Småkakor olika sorter,"Folat, totalt",Bullar kakor tårtor mm,14.7,µg
1619,Småkakor olika sorter,Fibrer,Bullar kakor tårtor mm,2.1,g
1619,Småkakor olika sorter,"Fett, totalt",Bullar kakor tårtor mm,21.4,g
1619,Småkakor olika sorter,"Järn, Fe",Bullar kakor tårtor mm,0.8,mg
1619,Småkakor olika sorter,Energi (kJ),Bullar kakor tårtor mm,2058.0,kJ
1619,Småkakor olika sorter,Energi (kcal),Bullar kakor tårtor mm,492.0,kcal
1619,Småkakor olika sorter,Disackarider,Bullar kakor tårtor mm,31.2,g
1619,Småkakor olika sorter,"Kalcium, Ca",Bullar kakor tårtor mm,13.0,mg
1619,Småkakor olika sorter,Fettsyra 4:0-10:0,Bullar kakor tårtor mm,0.3,g
1619,Småkakor olika sorter,DHA (C22:6),Bullar kakor tårtor mm,0.0,g
1619,Småkakor olika sorter,DPA (C22:5),Bullar kakor tårtor mm,0.0,g
1619,Småkakor olika sorter,EPA (C20:5),Bullar kakor tårtor mm,0.0,g
1619,Småkakor olika sorter,Arakidonsyra C20:4,Bullar kakor tårtor mm,0.0,g
1619,Småkakor olika sorter,Arakidinsyra C20:0,Bullar kakor tårtor mm,0.1,g
1619,Småkakor olika sorter,Linolensyra C18:3,Bullar kakor tårtor mm,0.4,g
1619,Småkakor olika sorter,Linolsyra C18:2,Bullar kakor tårtor mm,2.1,g
1619,Småkakor olika sorter,Oljesyra C18:1,Bullar kakor tårtor mm,8.8,g
1619,Småkakor olika sorter,Stearinsyra C18:0,Bullar kakor tårtor mm,1.2,g
1619,Småkakor olika sorter,Palmitoljesyra C16:1,Bullar kakor tårtor mm,0.0,g
1619,Småkakor olika sorter,Palmitinsyra C16:0,Bullar kakor tårtor mm,5.8,g
1619,Småkakor olika sorter,Myristinsyra C14:0,Bullar kakor tårtor mm,0.5,g
1619,Småkakor olika sorter,Laurinsyra C12:0,Bullar kakor tårtor mm,1.0,g
1619,Småkakor olika sorter,Betakaroten/β-Karoten,Bullar kakor tårtor mm,67.0,µg
1619,Småkakor olika sorter,Avfall (skal etc.),Bullar kakor tårtor mm,0.0,%
1619,Småkakor olika sorter,Aska,Bullar kakor tårtor mm,0.9,g
1619,Småkakor olika sorter,Alkohol,Bullar kakor tårtor mm,0.0,g
1620,Jitterbugg m. mördeg maräng,"Zink, Zn",Bullar kakor tårtor mm,0.4,mg
1620,Jitterbugg m. mördeg maräng,Vitamin E,Bullar kakor tårtor mm,3.9,mg
1620,Jitterbugg m. mördeg maräng,Vitamin D,Bullar kakor tårtor mm,1.68,µg
1620,Jitterbugg m. mördeg maräng,Vitamin C,Bullar kakor tårtor mm,0.0,mg
1620,Jitterbugg m. mördeg maräng,Vitamin B6,Bullar kakor tårtor mm,0.07,mg
1620,Jitterbugg m. mördeg maräng,Vitamin B12,Bullar kakor tårtor mm,0.08,µg
1620,Jitterbugg m. mördeg maräng,Vitamin A,Bullar kakor tårtor mm,338.2,RE/µg
1620,Jitterbugg m. mördeg maräng,Vatten,Bullar kakor tårtor mm,7.3,g
1620,Jitterbugg m. mördeg maräng,Tiamin,Bullar kakor tårtor mm,0.07,mg
1620,Jitterbugg m. mördeg maräng,Tillsatt socker,Bullar kakor tårtor mm,17.0,g
1620,Jitterbugg m. mördeg maräng,Fritt socker,Bullar kakor tårtor mm,17.0,g
1620,Jitterbugg m. mördeg maräng,"Selen, Se",Bullar kakor tårtor mm,2.0,µg
1620,Jitterbugg m. mördeg maräng,Sackaros,Bullar kakor tårtor mm,16.8,g
1620,Jitterbugg m. mördeg maräng,Riboflavin,Bullar kakor tårtor mm,0.06,mg
1620,Jitterbugg m. mördeg maräng,Retinol,Bullar kakor tårtor mm,333.0,µg
1620,Jitterbugg m. mördeg maräng,Protein,Bullar kakor tårtor mm,6.7,g
1620,Jitterbugg m. mördeg maräng,Summa fleromättade fettsyror,Bullar kakor tårtor mm,3.8,g
1620,Jitterbugg m. mördeg maräng,"Fosfor, P",Bullar kakor tårtor mm,63.0,mg
1620,Jitterbugg m. mördeg maräng,Niacinekvivalenter,Bullar kakor tårtor mm,1.8,NE/mg
1620,Jitterbugg m. mördeg maräng,Niacin,Bullar kakor tårtor mm,0.69,mg
1620,Jitterbugg m. mördeg maräng,"Salt, NaCl",Bullar kakor tårtor mm,0.7,g
1620,Jitterbugg m. mördeg maräng,"Natrium, Na",Bullar kakor tårtor mm,274.0,mg
1620,Jitterbugg m. mördeg maräng,Monosackarider,Bullar kakor tårtor mm,0.2,g
1620,Jitterbugg m. mördeg maräng,"Sockerarter, totalt",Bullar kakor tårtor mm,17.7,g
1620,Jitterbugg m. mördeg maräng,Summa enkelomättade fettsyror,Bullar kakor tårtor mm,11.1,g
1620,Jitterbugg m. mördeg maräng,"Magnesium, Mg",Bullar kakor tårtor mm,15.0,mg
1620,Jitterbugg m. mördeg maräng,Summa mättade fettsyror,Bullar kakor tårtor mm,13.9,g
1620,Jitterbugg m. mördeg maräng,"Kolhydrater, tillgängliga",Bullar kakor tårtor mm,52.8,g
1620,Jitterbugg m. mördeg maräng,Kolesterol,Bullar kakor tårtor mm,5.9,mg
1620,Jitterbugg m. mördeg maräng,"Kalium, K",Bullar kakor tårtor mm,121.0,mg
1620,Jitterbugg m. mördeg maräng,"Jod, I",Bullar kakor tårtor mm,3.0,µg
1620,Jitterbugg m. mördeg maräng,Fullkorn totalt,Bullar kakor tårtor mm,0.0,g
1620,Jitterbugg m. mördeg maräng,"Folat, totalt",Bullar kakor tårtor mm,14.5,µg
1620,Jitterbugg m. mördeg maräng,Fibrer,Bullar kakor tårtor mm,1.8,g
1620,Jitterbugg m. mördeg maräng,"Fett, totalt",Bullar kakor tårtor mm,30.5,g
1620,Jitterbugg m. mördeg maräng,"Järn, Fe",Bullar kakor tårtor mm,0.6,mg
1620,Jitterbugg m. mördeg maräng,Energi (kJ),Bullar kakor tårtor mm,2154.0,kJ
1620,Jitterbugg m. mördeg maräng,Energi (kcal),Bullar kakor tårtor mm,515.0,kcal
1620,Jitterbugg m. mördeg maräng,Disackarider,Bullar kakor tårtor mm,17.5,g
1620,Jitterbugg m. mördeg maräng,"Kalcium, Ca",Bullar kakor tårtor mm,18.0,mg
1620,Jitterbugg m. mördeg maräng,Fettsyra 4:0-10:0,Bullar kakor tårtor mm,0.7,g
1620,Jitterbugg m. mördeg maräng,DHA (C22:6),Bullar kakor tårtor mm,0.0,g
1620,Jitterbugg m. mördeg maräng,DPA (C22:5),Bullar kakor tårtor mm,0.0,g
1620,Jitterbugg m. mördeg maräng,EPA (C20:5),Bullar kakor tårtor mm,0.0,g
1620,Jitterbugg m. mördeg maräng,Arakidonsyra C20:4,Bullar kakor tårtor mm,0.0,g
1620,Jitterbugg m. mördeg maräng,Arakidinsyra C20:0,Bullar kakor tårtor mm,0.1,g
1620,Jitterbugg m. mördeg maräng,Linolensyra C18:3,Bullar kakor tårtor mm,0.8,g
1620,Jitterbugg m. mördeg maräng,Linolsyra C18:2,Bullar kakor tårtor mm,2.9,g
1620,Jitterbugg m. mördeg maräng,Oljesyra C18:1,Bullar kakor tårtor mm,10.9,g
1620,Jitterbugg m. mördeg maräng,Stearinsyra C18:0,Bullar kakor tårtor mm,1.2,g
1620,Jitterbugg m. mördeg maräng,Palmitoljesyra C16:1,Bullar kakor tårtor mm,0.0,g
1620,Jitterbugg m. mördeg maräng,Palmitinsyra C16:0,Bullar kakor tårtor mm,8.0,g
1620,Jitterbugg m. mördeg maräng,Myristinsyra C14:0,Bullar kakor tårtor mm,1.2,g
1620,Jitterbugg m. mördeg maräng,Laurinsyra C12:0,Bullar kakor tårtor mm,2.6,g
1620,Jitterbugg m. mördeg maräng,Betakaroten/β-Karoten,Bullar kakor tårtor mm,60.0,µg
1620,Jitterbugg m. mördeg maräng,Avfall (skal etc.),Bullar kakor tårtor mm,0.0,%
1620,Jitterbugg m. mördeg maräng,Aska,Bullar kakor tårtor mm,0.9,g
1620,Jitterbugg m. mördeg maräng,Alkohol,Bullar kakor tårtor mm,0.0,g
1621,Cookie amerikansk m. choklad,"Zink, Zn",Bullar kakor tårtor mm,0.9,mg
1621,Cookie amerikansk m. choklad,Vitamin E,Bullar kakor tårtor mm,3.1,mg
1621,Cookie amerikansk m. choklad,Vitamin D inkl 25-OH-D3,Bullar kakor tårtor mm,0.0,µg
1621,Cookie amerikansk m. choklad,Vitamin D,Bullar kakor tårtor mm,0.0,µg
1621,Cookie amerikansk m. choklad,Vitamin C,Bullar kakor tårtor mm,0.0,mg
1621,Cookie amerikansk m. choklad,Vitamin B6,Bullar kakor tårtor mm,0.06,mg
1621,Cookie amerikansk m. choklad,Vitamin B12,Bullar kakor tårtor mm,0.14,µg
1621,Cookie amerikansk m. choklad,Vitamin A,Bullar kakor tårtor mm,42.6,RE/µg
1621,Cookie amerikansk m. choklad,Vatten,Bullar kakor tårtor mm,4.5,g
1621,Cookie amerikansk m. choklad,Tiamin,Bullar kakor tårtor mm,0.02,mg
1621,Cookie amerikansk m. choklad,Tillsatt socker,Bullar kakor tårtor mm,42.0,g
1621,Cookie amerikansk m. choklad,Fritt socker,Bullar kakor tårtor mm,42.0,g
1621,Cookie amerikansk m. choklad,"Selen, Se",Bullar kakor tårtor mm,3.8,µg
1621,Cookie amerikansk m. choklad,Sackaros,Bullar kakor tårtor mm,38.5,g
1621,Cookie amerikansk m. choklad,Riboflavin,Bullar kakor tårtor mm,0.13,mg
1621,Cookie amerikansk m. choklad,Retinol,Bullar kakor tårtor mm,41.3,µg
1621,Cookie amerikansk m. choklad,Protein,Bullar kakor tårtor mm,5.2,g
1621,Cookie amerikansk m. choklad,Summa fleromättade fettsyror,Bullar kakor tårtor mm,2.2,g
1621,Cookie amerikansk m. choklad,"Fosfor, P",Bullar kakor tårtor mm,145.0,mg
1621,Cookie amerikansk m. choklad,Niacinekvivalenter,Bullar kakor tårtor mm,1.5,NE/mg
1621,Cookie amerikansk m. choklad,Niacin,Bullar kakor tårtor mm,0.63,mg
1621,Cookie amerikansk m. choklad,"Salt, NaCl",Bullar kakor tårtor mm,0.8,g
1621,Cookie amerikansk m. choklad,"Natrium, Na",Bullar kakor tårtor mm,323.0,mg
1621,Cookie amerikansk m. choklad,Monosackarider,Bullar kakor tårtor mm,3.7,g
1621,Cookie amerikansk m. choklad,"Sockerarter, totalt",Bullar kakor tårtor mm,43.9,g
1621,Cookie amerikansk m. choklad,Summa enkelomättade fettsyror,Bullar kakor tårtor mm,9.6,g
1621,Cookie amerikansk m. choklad,"Magnesium, Mg",Bullar kakor tårtor mm,40.0,mg
1621,Cookie amerikansk m. choklad,Summa mättade fettsyror,Bullar kakor tårtor mm,10.1,g
1621,Cookie amerikansk m. choklad,"Kolhydrater, tillgängliga",Bullar kakor tårtor mm,63.3,g
1621,Cookie amerikansk m. choklad,Kolesterol,Bullar kakor tårtor mm,27.5,mg
1621,Cookie amerikansk m. choklad,"Kalium, K",Bullar kakor tårtor mm,339.0,mg
1621,Cookie amerikansk m. choklad,"Jod, I",Bullar kakor tårtor mm,10.0,µg
1621,Cookie amerikansk m. choklad,Fullkorn totalt,Bullar kakor tårtor mm,0.0,g
1621,Cookie amerikansk m. choklad,"Folat, totalt",Bullar kakor tårtor mm,16.8,µg
1621,Cookie amerikansk m. choklad,Fibrer,Bullar kakor tårtor mm,2.5,g
1621,Cookie amerikansk m. choklad,"Fett, totalt",Bullar kakor tårtor mm,22.9,g
1621,Cookie amerikansk m. choklad,"Järn, Fe",Bullar kakor tårtor mm,2.7,mg
1621,Cookie amerikansk m. choklad,Energi (kJ),Bullar kakor tårtor mm,2032.0,kJ
1621,Cookie amerikansk m. choklad,Energi (kcal),Bullar kakor tårtor mm,486.0,kcal
1621,Cookie amerikansk m. choklad,Disackarider,Bullar kakor tårtor mm,40.2,g
1621,Cookie amerikansk m. choklad,"Kalcium, Ca",Bullar kakor tårtor mm,55.0,mg
1621,Cookie amerikansk m. choklad,Fettsyra 4:0-10:0,Bullar kakor tårtor mm,0.3,g
1621,Cookie amerikansk m. choklad,DHA (C22:6),Bullar kakor tårtor mm,0.0,g
1621,Cookie amerikansk m. choklad,DPA (C22:5),Bullar kakor tårtor mm,0.0,g
1621,Cookie amerikansk m. choklad,EPA (C20:5),Bullar kakor tårtor mm,0.0,g
1621,Cookie amerikansk m. choklad,Arakidonsyra C20:4,Bullar kakor tårtor mm,0.0,g
1621,Cookie amerikansk m. choklad,Arakidinsyra C20:0,Bullar kakor tårtor mm,0.1,g
1621,Cookie amerikansk m. choklad,Linolensyra C18:3,Bullar kakor tårtor mm,0.4,g
1621,Cookie amerikansk m. choklad,Linolsyra C18:2,Bullar kakor tårtor mm,1.8,g
1621,Cookie amerikansk m. choklad,Oljesyra C18:1,Bullar kakor tårtor mm,9.3,g
1621,Cookie amerikansk m. choklad,Stearinsyra C18:0,Bullar kakor tårtor mm,3.3,g
1621,Cookie amerikansk m. choklad,Palmitoljesyra C16:1,Bullar kakor tårtor mm,0.1,g
1621,Cookie amerikansk m. choklad,Palmitinsyra C16:0,Bullar kakor tårtor mm,5.4,g
1621,Cookie amerikansk m. choklad,Myristinsyra C14:0,Bullar kakor tårtor mm,0.4,g
1621,Cookie amerikansk m. choklad,Laurinsyra C12:0,Bullar kakor tårtor mm,0.4,g
1621,Cookie amerikansk m. choklad,Betakaroten/β-Karoten,Bullar kakor tårtor mm,16.0,µg
1621,Cookie amerikansk m. choklad,Avfall (skal etc.),Bullar kakor tårtor mm,0.0,%
1621,Cookie amerikansk m. choklad,Aska,Bullar kakor tårtor mm,1.6,g
1621,Cookie amerikansk m. choklad,Alkohol,Bullar kakor tårtor mm,0.0,g
1623,Kex smörgåskex,"Zink, Zn",Smörgåskex,0.9,mg
1623,Kex smörgåskex,Vitamin E,Smörgåskex,0.3,mg
1623,Kex smörgåskex,Vitamin D,Smörgåskex,0.8,µg
1623,Kex smörgåskex,Vitamin C,Smörgåskex,0.0,mg
1623,Kex smörgåskex,Vitamin B6,Smörgåskex,0.06,mg
1623,Kex smörgåskex,Vitamin B12,Smörgåskex,0.2,µg
1623,Kex smörgåskex,Vitamin A,Smörgåskex,222.8,RE/µg
1623,Kex smörgåskex,Vatten,Smörgåskex,1.0,g
1623,Kex smörgåskex,Tiamin,Smörgåskex,0.13,mg
1623,Kex smörgåskex,Tillsatt socker,Smörgåskex,15.0,g
1623,Kex smörgåskex,Fritt socker,Smörgåskex,15.0,g
1623,Kex smörgåskex,"Selen, Se",Smörgåskex,1.0,µg
1623,Kex smörgåskex,Sackaros,Smörgåskex,16.8,g
1623,Kex smörgåskex,Riboflavin,Smörgåskex,0.08,mg
1623,Kex smörgåskex,Retinol,Smörgåskex,220.0,µg
1623,Kex smörgåskex,Protein,Smörgåskex,7.0,g
1623,Kex smörgåskex,Summa fleromättade fettsyror,Smörgåskex,1.7,g
1623,Kex smörgåskex,"Fosfor, P",Smörgåskex,103.0,mg
1623,Kex smörgåskex,Niacinekvivalenter,Smörgåskex,2.67,NE/mg
1623,Kex smörgåskex,Niacin,Smörgåskex,1.5,mg
1623,Kex smörgåskex,"Salt, NaCl",Smörgåskex,1.2,g
1623,Kex smörgåskex,"Natrium, Na",Smörgåskex,500.0,mg
1623,Kex smörgåskex,Monosackarider,Smörgåskex,0.2,g
1623,Kex smörgåskex,"Sockerarter, totalt",Smörgåskex,17.0,g
1623,Kex smörgåskex,Summa enkelomättade fettsyror,Smörgåskex,9.1,g
1623,Kex smörgåskex,"Magnesium, Mg",Smörgåskex,29.0,mg
1623,Kex smörgåskex,Summa mättade fettsyror,Smörgåskex,6.1,g
1623,Kex smörgåskex,"Kolhydrater, tillgängliga",Smörgåskex,63.1,g
1623,Kex smörgåskex,Kolesterol,Smörgåskex,39.0,mg
1623,Kex smörgåskex,"Kalium, K",Smörgåskex,129.0,mg
1623,Kex smörgåskex,"Jod, I",Smörgåskex,2.3,µg
1623,Kex smörgåskex,Fullkorn totalt,Smörgåskex,0.0,g
1623,Kex smörgåskex,"Folat, totalt",Smörgåskex,8.0,µg
1623,Kex smörgåskex,Fibrer,Smörgåskex,9.0,g
1623,Kex smörgåskex,"Fett, totalt",Smörgåskex,18.1,g
1623,Kex smörgåskex,"Järn, Fe",Smörgåskex,2.5,mg
1623,Kex smörgåskex,Energi (kJ),Smörgåskex,1933.0,kJ
1623,Kex smörgåskex,Energi (kcal),Smörgåskex,462.0,kcal
1623,Kex smörgåskex,Disackarider,Smörgåskex,16.8,g
1623,Kex smörgåskex,"Kalcium, Ca",Smörgåskex,52.0,mg
1623,Kex smörgåskex,Fettsyra 4:0-10:0,Smörgåskex,0.0,g
1623,Kex smörgåskex,DHA (C22:6),Smörgåskex,0.0,g
1623,Kex smörgåskex,DPA (C22:5),Smörgåskex,0.0,g
1623,Kex smörgåskex,EPA (C20:5),Smörgåskex,0.0,g
1623,Kex smörgåskex,Arakidonsyra C20:4,Smörgåskex,0.0,g
1623,Kex smörgåskex,Arakidinsyra C20:0,Smörgåskex,0.3,g
1623,Kex smörgåskex,Linolensyra C18:3,Smörgåskex,0.1,g
1623,Kex smörgåskex,Linolsyra C18:2,Smörgåskex,1.5,g
1623,Kex smörgåskex,Oljesyra C18:1,Smörgåskex,7.8,g
1623,Kex smörgåskex,Stearinsyra C18:0,Smörgåskex,2.5,g
1623,Kex smörgåskex,Palmitoljesyra C16:1,Smörgåskex,0.3,g
1623,Kex smörgåskex,Palmitinsyra C16:0,Smörgåskex,2.9,g
1623,Kex smörgåskex,Myristinsyra C14:0,Smörgåskex,0.4,g
1623,Kex smörgåskex,Laurinsyra C12:0,Smörgåskex,0.1,g
1623,Kex smörgåskex,Betakaroten/β-Karoten,Smörgåskex,33.0,µg
1623,Kex smörgåskex,Avfall (skal etc.),Smörgåskex,0.0,%
1623,Kex smörgåskex,Aska,Smörgåskex,1.8,g
1623,Kex smörgåskex,Alkohol,Smörgåskex,0.0,g
1624,Pepparkaka,"Zink, Zn",Bullar kakor tårtor mm,0.4,mg
1624,Pepparkaka,Vitamin E,Bullar kakor tårtor mm,3.9,mg
1624,Pepparkaka,Vitamin D inkl 25-OH-D3,Bullar kakor tårtor mm,0.0,µg
1624,Pepparkaka,Vitamin D,Bullar kakor tårtor mm,0.0,µg
1624,Pepparkaka,Vitamin C,Bullar kakor tårtor mm,0.0,mg
1624,Pepparkaka,Vitamin B6,Bullar kakor tårtor mm,0.05,mg
1624,Pepparkaka,Vitamin B12,Bullar kakor tårtor mm,0.0,µg
1624,Pepparkaka,Vitamin A,Bullar kakor tårtor mm,0.8,RE/µg
1624,Pepparkaka,Vatten,Bullar kakor tårtor mm,3.2,g
1624,Pepparkaka,Tiamin,Bullar kakor tårtor mm,0.02,mg
1624,Pepparkaka,Tillsatt socker,Bullar kakor tårtor mm,33.0,g
1624,Pepparkaka,Fritt socker,Bullar kakor tårtor mm,33.0,g
1624,Pepparkaka,"Selen, Se",Bullar kakor tårtor mm,0.0,µg
1624,Pepparkaka,Sackaros,Bullar kakor tårtor mm,30.7,g
1624,Pepparkaka,Riboflavin,Bullar kakor tårtor mm,0.0,mg
1624,Pepparkaka,Retinol,Bullar kakor tårtor mm,0.0,µg
1624,Pepparkaka,Protein,Bullar kakor tårtor mm,4.9,g
1624,Pepparkaka,Summa fleromättade fettsyror,Bullar kakor tårtor mm,1.9,g
1624,Pepparkaka,"Fosfor, P",Bullar kakor tårtor mm,70.0,mg
1624,Pepparkaka,Niacinekvivalenter,Bullar kakor tårtor mm,1.8,NE/mg
1624,Pepparkaka,Niacin,Bullar kakor tårtor mm,0.97,mg
1624,Pepparkaka,"Salt, NaCl",Bullar kakor tårtor mm,1.6,g
1624,Pepparkaka,"Natrium, Na",Bullar kakor tårtor mm,640.0,mg
1624,Pepparkaka,Monosackarider,Bullar kakor tårtor mm,2.4,g
1624,Pepparkaka,"Sockerarter, totalt",Bullar kakor tårtor mm,33.1,g
1624,Pepparkaka,Summa enkelomättade fettsyror,Bullar kakor tårtor mm,7.0,g
1624,Pepparkaka,"Magnesium, Mg",Bullar kakor tårtor mm,17.0,mg
1624,Pepparkaka,Summa mättade fettsyror,Bullar kakor tårtor mm,5.8,g
1624,Pepparkaka,"Kolhydrater, tillgängliga",Bullar kakor tårtor mm,72.1,g
1624,Pepparkaka,Kolesterol,Bullar kakor tårtor mm,0.0,mg
1624,Pepparkaka,"Kalium, K",Bullar kakor tårtor mm,150.0,mg
1624,Pepparkaka,"Jod, I",Bullar kakor tårtor mm,1.6,µg
1624,Pepparkaka,Fullkorn totalt,Bullar kakor tårtor mm,0.0,g
1624,Pepparkaka,"Folat, totalt",Bullar kakor tårtor mm,5.0,µg
1624,Pepparkaka,Fibrer,Bullar kakor tårtor mm,2.2,g
1624,Pepparkaka,"Fett, totalt",Bullar kakor tårtor mm,15.4,g
1624,Pepparkaka,"Järn, Fe",Bullar kakor tårtor mm,0.9,mg
1624,Pepparkaka,Energi (kJ),Bullar kakor tårtor mm,1896.0,kJ
1624,Pepparkaka,Energi (kcal),Bullar kakor tårtor mm,453.0,kcal
1624,Pepparkaka,Disackarider,Bullar kakor tårtor mm,30.7,g
1624,Pepparkaka,"Kalcium, Ca",Bullar kakor tårtor mm,20.0,mg
1624,Pepparkaka,Fettsyra 4:0-10:0,Bullar kakor tårtor mm,0.1,g
1624,Pepparkaka,DHA (C22:6),Bullar kakor tårtor mm,0.0,g
1624,Pepparkaka,DPA (C22:5),Bullar kakor tårtor mm,0.0,g
1624,Pepparkaka,EPA (C20:5),Bullar kakor tårtor mm,0.0,g
1624,Pepparkaka,Arakidonsyra C20:4,Bullar kakor tårtor mm,0.0,g
1624,Pepparkaka,Arakidinsyra C20:0,Bullar kakor tårtor mm,0.1,g
1624,Pepparkaka,Linolensyra C18:3,Bullar kakor tårtor mm,0.1,g
1624,Pepparkaka,Linolsyra C18:2,Bullar kakor tårtor mm,1.8,g
1624,Pepparkaka,Oljesyra C18:1,Bullar kakor tårtor mm,6.9,g
1624,Pepparkaka,Stearinsyra C18:0,Bullar kakor tårtor mm,0.7,g
1624,Pepparkaka,Palmitoljesyra C16:1,Bullar kakor tårtor mm,0.0,g
1624,Pepparkaka,Palmitinsyra C16:0,Bullar kakor tårtor mm,4.4,g
1624,Pepparkaka,Myristinsyra C14:0,Bullar kakor tårtor mm,0.2,g
1624,Pepparkaka,Laurinsyra C12:0,Bullar kakor tårtor mm,0.3,g
1624,Pepparkaka,Betakaroten/β-Karoten,Bullar kakor tårtor mm,9.0,µg
1624,Pepparkaka,Avfall (skal etc.),Bullar kakor tårtor mm,0.0,%
1624,Pepparkaka,Aska,Bullar kakor tårtor mm,2.2,g
1624,Pepparkaka,Alkohol,Bullar kakor tårtor mm,0.0,g
1625,Spettekaka,"Zink, Zn",Bullar kakor tårtor mm,1.1,mg
1625,Spettekaka,Vitamin E,Bullar kakor tårtor mm,0.9,mg
1625,Spettekaka,Vitamin D,Bullar kakor tårtor mm,1.02,µg
1625,Spettekaka,Vitamin C,Bullar kakor tårtor mm,0.0,mg
1625,Spettekaka,Vitamin B6,Bullar kakor tårtor mm,0.08,mg
1625,Spettekaka,Vitamin B12,Bullar kakor tårtor mm,1.0,µg
1625,Spettekaka,Vitamin A,Bullar kakor tårtor mm,71.2,RE/µg
1625,Spettekaka,Vatten,Bullar kakor tårtor mm,5.1,g
1625,Spettekaka,Tiamin,Bullar kakor tårtor mm,0.11,mg
1625,Spettekaka,Tillsatt socker,Bullar kakor tårtor mm,65.0,g
1625,Spettekaka,Fritt socker,Bullar kakor tårtor mm,65.0,g
1625,Spettekaka,"Selen, Se",Bullar kakor tårtor mm,20.0,µg
1625,Spettekaka,Sackaros,Bullar kakor tårtor mm,65.0,g
1625,Spettekaka,Riboflavin,Bullar kakor tårtor mm,0.24,mg
1625,Spettekaka,Retinol,Bullar kakor tårtor mm,70.0,µg
1625,Spettekaka,Protein,Bullar kakor tårtor mm,11.8,g
1625,Spettekaka,Summa fleromättade fettsyror,Bullar kakor tårtor mm,1.6,g
1625,Spettekaka,"Fosfor, P",Bullar kakor tårtor mm,193.0,mg
1625,Spettekaka,Niacinekvivalenter,Bullar kakor tårtor mm,2.57,NE/mg
1625,Spettekaka,Niacin,Bullar kakor tårtor mm,0.6,mg
1625,Spettekaka,"Salt, NaCl",Bullar kakor tårtor mm,0.3,g
1625,Spettekaka,"Natrium, Na",Bullar kakor tårtor mm,120.0,mg
1625,Spettekaka,Monosackarider,Bullar kakor tårtor mm,0.1,g
1625,Spettekaka,"Sockerarter, totalt",Bullar kakor tårtor mm,65.1,g
1625,Spettekaka,Summa enkelomättade fettsyror,Bullar kakor tårtor mm,4.3,g
1625,Spettekaka,"Magnesium, Mg",Bullar kakor tårtor mm,13.0,mg
1625,Spettekaka,Summa mättade fettsyror,Bullar kakor tårtor mm,3.4,g
1625,Spettekaka,"Kolhydrater, tillgängliga",Bullar kakor tårtor mm,71.4,g
1625,Spettekaka,Kolesterol,Bullar kakor tårtor mm,500.0,mg
1625,Spettekaka,"Kalium, K",Bullar kakor tårtor mm,133.0,mg
1625,Spettekaka,"Jod, I",Bullar kakor tårtor mm,9.2,µg
1625,Spettekaka,Fullkorn totalt,Bullar kakor tårtor mm,0.0,g
1625,Spettekaka,"Folat, totalt",Bullar kakor tårtor mm,21.0,µg
1625,Spettekaka,Fibrer,Bullar kakor tårtor mm,1.0,g
1625,Spettekaka,"Fett, totalt",Bullar kakor tårtor mm,9.8,g
1625,Spettekaka,"Järn, Fe",Bullar kakor tårtor mm,1.8,mg
1625,Spettekaka,Energi (kJ),Bullar kakor tårtor mm,1785.0,kJ
1625,Spettekaka,Energi (kcal),Bullar kakor tårtor mm,427.0,kcal
1625,Spettekaka,Disackarider,Bullar kakor tårtor mm,65.0,g
1625,Spettekaka,"Kalcium, Ca",Bullar kakor tårtor mm,45.0,mg
1625,Spettekaka,Fettsyra 4:0-10:0,Bullar kakor tårtor mm,0.0,g
1625,Spettekaka,DHA (C22:6),Bullar kakor tårtor mm,0.2,g
1625,Spettekaka,DPA (C22:5),Bullar kakor tårtor mm,0.0,g
1625,Spettekaka,EPA (C20:5),Bullar kakor tårtor mm,0.0,g
1625,Spettekaka,Arakidonsyra C20:4,Bullar kakor tårtor mm,0.2,g
1625,Spettekaka,Arakidinsyra C20:0,Bullar kakor tårtor mm,0.0,g
1625,Spettekaka,Linolensyra C18:3,Bullar kakor tårtor mm,0.1,g
1625,Spettekaka,Linolsyra C18:2,Bullar kakor tårtor mm,1.2,g
1625,Spettekaka,Oljesyra C18:1,Bullar kakor tårtor mm,3.9,g
1625,Spettekaka,Stearinsyra C18:0,Bullar kakor tårtor mm,0.8,g
1625,Spettekaka,Palmitoljesyra C16:1,Bullar kakor tårtor mm,0.4,g
1625,Spettekaka,Palmitinsyra C16:0,Bullar kakor tårtor mm,2.5,g
1625,Spettekaka,Myristinsyra C14:0,Bullar kakor tårtor mm,0.0,g
1625,Spettekaka,Laurinsyra C12:0,Bullar kakor tårtor mm,0.0,g
1625,Spettekaka,Betakaroten/β-Karoten,Bullar kakor tårtor mm,14.0,µg
1625,Spettekaka,Avfall (skal etc.),Bullar kakor tårtor mm,0.0,%
1625,Spettekaka,Aska,Bullar kakor tårtor mm,0.9,g
1625,Spettekaka,Alkohol,Bullar kakor tårtor mm,0.0,g
1626,Maräng,"Zink, Zn",Bullar kakor tårtor mm,0.0,mg
1626,Maräng,Vitamin E,Bullar kakor tårtor mm,0.0,mg
1626,Maräng,Vitamin D inkl 25-OH-D3,Bullar kakor tårtor mm,0.0,µg
1626,Maräng,Vitamin D,Bullar kakor tårtor mm,0.0,µg
1626,Maräng,Vitamin C,Bullar kakor tårtor mm,0.0,mg
1626,Maräng,Vitamin B6,Bullar kakor tårtor mm,0.0,mg
1626,Maräng,Vitamin B12,Bullar kakor tårtor mm,0.0,µg
1626,Maräng,Vitamin A,Bullar kakor tårtor mm,0.0,RE/µg
1626,Maräng,Vatten,Bullar kakor tårtor mm,2.4,g
1626,Maräng,Tiamin,Bullar kakor tårtor mm,0.0,mg
1626,Maräng,Tillsatt socker,Bullar kakor tårtor mm,94.0,g
1626,Maräng,Fritt socker,Bullar kakor tårtor mm,94.0,g
1626,Maräng,"Selen, Se",Bullar kakor tårtor mm,20.0,µg
1626,Maräng,Sackaros,Bullar kakor tårtor mm,94.0,g
1626,Maräng,Riboflavin,Bullar kakor tårtor mm,0.25,mg
1626,Maräng,Retinol,Bullar kakor tårtor mm,0.0,µg
1626,Maräng,Protein,Bullar kakor tårtor mm,1.9,g
1626,Maräng,Summa fleromättade fettsyror,Bullar kakor tårtor mm,0.0,g
1626,Maräng,"Fosfor, P",Bullar kakor tårtor mm,38.0,mg
1626,Maräng,Niacinekvivalenter,Bullar kakor tårtor mm,0.42,NE/mg
1626,Maräng,Niacin,Bullar kakor tårtor mm,0.1,mg
1626,Maräng,"Salt, NaCl",Bullar kakor tårtor mm,0.2,g
1626,Maräng,"Natrium, Na",Bullar kakor tårtor mm,63.0,mg
1626,Maräng,Monosackarider,Bullar kakor tårtor mm,0.0,g
1626,Maräng,"Sockerarter, totalt",Bullar kakor tårtor mm,94.0,g
1626,Maräng,Summa enkelomättade fettsyror,Bullar kakor tårtor mm,0.0,g
1626,Maräng,"Magnesium, Mg",Bullar kakor tårtor mm,6.0,mg
1626,Maräng,Summa mättade fettsyror,Bullar kakor tårtor mm,0.0,g
1626,Maräng,"Kolhydrater, tillgängliga",Bullar kakor tårtor mm,95.3,g
1626,Maräng,Kolesterol,Bullar kakor tårtor mm,0.0,mg
1626,Maräng,"Kalium, K",Bullar kakor tårtor mm,54.0,mg
1626,Maräng,"Jod, I",Bullar kakor tårtor mm,1.3,µg
1626,Maräng,Fullkorn totalt,Bullar kakor tårtor mm,0.0,g
1626,Maräng,"Folat, totalt",Bullar kakor tårtor mm,0.0,µg
1626,Maräng,Fibrer,Bullar kakor tårtor mm,0.0,g
1626,Maräng,"Fett, totalt",Bullar kakor tårtor mm,0.0,g
1626,Maräng,"Järn, Fe",Bullar kakor tårtor mm,0.0,mg
1626,Maräng,Energi (kJ),Bullar kakor tårtor mm,1652.0,kJ
1626,Maräng,Energi (kcal),Bullar kakor tårtor mm,395.0,kcal
1626,Maräng,Disackarider,Bullar kakor tårtor mm,94.0,g
1626,Maräng,"Kalcium, Ca",Bullar kakor tårtor mm,33.0,mg
1626,Maräng,Fettsyra 4:0-10:0,Bullar kakor tårtor mm,0.0,g
1626,Maräng,DHA (C22:6),Bullar kakor tårtor mm,0.0,g
1626,Maräng,DPA (C22:5),Bullar kakor tårtor mm,0.0,g
1626,Maräng,EPA (C20:5),Bullar kakor tårtor mm,0.0,g
1626,Maräng,Arakidonsyra C20:4,Bullar kakor tårtor mm,0.0,g
1626,Maräng,Arakidinsyra C20:0,Bullar kakor tårtor mm,0.0,g
1626,Maräng,Linolensyra C18:3,Bullar kakor tårtor mm,0.0,g
1626,Maräng,Linolsyra C18:2,Bullar kakor tårtor mm,0.0,g
1626,Maräng,Oljesyra C18:1,Bullar kakor tårtor mm,0.0,g
1626,Maräng,Stearinsyra C18:0,Bullar kakor tårtor mm,0.0,g
1626,Maräng,Palmitoljesyra C16:1,Bullar kakor tårtor mm,0.0,g
1626,Maräng,Palmitinsyra C16:0,Bullar kakor tårtor mm,0.0,g
1626,Maräng,Myristinsyra C14:0,Bullar kakor tårtor mm,0.0,g
1626,Maräng,Laurinsyra C12:0,Bullar kakor tårtor mm,0.0,g
1626,Maräng,Betakaroten/β-Karoten,Bullar kakor tårtor mm,0.0,µg
1626,Maräng,Avfall (skal etc.),Bullar kakor tårtor mm,0.0,%
1626,Maräng,Aska,Bullar kakor tårtor mm,0.4,g
1626,Maräng,Alkohol,Bullar kakor tårtor mm,0.0,g
1627,Kex m. fyllning,"Zink, Zn",Bullar kakor tårtor mm,0.6,mg
1627,Kex m. fyllning,Vitamin E,Bullar kakor tårtor mm,1.9,mg
1627,Kex m. fyllning,Vitamin D,Bullar kakor tårtor mm,1.58,µg
1627,Kex m. fyllning,Vitamin C,Bullar kakor tårtor mm,0.1,mg
1627,Kex m. fyllning,Vitamin B6,Bullar kakor tårtor mm,0.05,mg
1627,Kex m. fyllning,Vitamin B12,Bullar kakor tårtor mm,0.2,µg
1627,Kex m. fyllning,Vitamin A,Bullar kakor tårtor mm,225.7,RE/µg
1627,Kex m. fyllning,Vatten,Bullar kakor tårtor mm,6.4,g
1627,Kex m. fyllning,Tiamin,Bullar kakor tårtor mm,0.15,mg
1627,Kex m. fyllning,Tillsatt socker,Bullar kakor tårtor mm,24.0,g
1627,Kex m. fyllning,Fritt socker,Bullar kakor tårtor mm,24.0,g
1627,Kex m. fyllning,"Selen, Se",Bullar kakor tårtor mm,1.0,µg
1627,Kex m. fyllning,Sackaros,Bullar kakor tårtor mm,19.4,g
1627,Kex m. fyllning,Riboflavin,Bullar kakor tårtor mm,0.09,mg
1627,Kex m. fyllning,Retinol,Bullar kakor tårtor mm,223.0,µg
1627,Kex m. fyllning,Protein,Bullar kakor tårtor mm,5.4,g
1627,Kex m. fyllning,Summa fleromättade fettsyror,Bullar kakor tårtor mm,3.5,g
1627,Kex m. fyllning,"Fosfor, P",Bullar kakor tårtor mm,104.0,mg
1627,Kex m. fyllning,Niacinekvivalenter,Bullar kakor tårtor mm,2.13,NE/mg
1627,Kex m. fyllning,Niacin,Bullar kakor tårtor mm,1.23,mg
1627,Kex m. fyllning,"Salt, NaCl",Bullar kakor tårtor mm,0.8,g
1627,Kex m. fyllning,"Natrium, Na",Bullar kakor tårtor mm,311.0,mg
1627,Kex m. fyllning,Monosackarider,Bullar kakor tårtor mm,3.2,g
1627,Kex m. fyllning,"Sockerarter, totalt",Bullar kakor tårtor mm,24.2,g
1627,Kex m. fyllning,Summa enkelomättade fettsyror,Bullar kakor tårtor mm,9.4,g
1627,Kex m. fyllning,"Magnesium, Mg",Bullar kakor tårtor mm,22.0,mg
1627,Kex m. fyllning,Summa mättade fettsyror,Bullar kakor tårtor mm,9.4,g
1627,Kex m. fyllning,"Kolhydrater, tillgängliga",Bullar kakor tårtor mm,60.7,g
1627,Kex m. fyllning,Kolesterol,Bullar kakor tårtor mm,77.0,mg
1627,Kex m. fyllning,"Kalium, K",Bullar kakor tårtor mm,123.0,mg
1627,Kex m. fyllning,"Jod, I",Bullar kakor tårtor mm,3.0,µg
1627,Kex m. fyllning,Fullkorn totalt,Bullar kakor tårtor mm,0.0,g
1627,Kex m. fyllning,"Folat, totalt",Bullar kakor tårtor mm,10.5,µg
1627,Kex m. fyllning,Fibrer,Bullar kakor tårtor mm,1.8,g
1627,Kex m. fyllning,"Fett, totalt",Bullar kakor tårtor mm,24.5,g
1627,Kex m. fyllning,"Järn, Fe",Bullar kakor tårtor mm,0.5,mg
1627,Kex m. fyllning,Energi (kJ),Bullar kakor tårtor mm,2045.0,kJ
1627,Kex m. fyllning,Energi (kcal),Bullar kakor tårtor mm,489.0,kcal
1627,Kex m. fyllning,Disackarider,Bullar kakor tårtor mm,21.0,g
1627,Kex m. fyllning,"Kalcium, Ca",Bullar kakor tårtor mm,28.0,mg
1627,Kex m. fyllning,Fettsyra 4:0-10:0,Bullar kakor tårtor mm,0.7,g
1627,Kex m. fyllning,DHA (C22:6),Bullar kakor tårtor mm,0.0,g
1627,Kex m. fyllning,DPA (C22:5),Bullar kakor tårtor mm,0.0,g
1627,Kex m. fyllning,EPA (C20:5),Bullar kakor tårtor mm,0.0,g
1627,Kex m. fyllning,Arakidonsyra C20:4,Bullar kakor tårtor mm,0.0,g
1627,Kex m. fyllning,Arakidinsyra C20:0,Bullar kakor tårtor mm,0.1,g
1627,Kex m. fyllning,Linolensyra C18:3,Bullar kakor tårtor mm,0.4,g
1627,Kex m. fyllning,Linolsyra C18:2,Bullar kakor tårtor mm,3.1,g
1627,Kex m. fyllning,Oljesyra C18:1,Bullar kakor tårtor mm,8.7,g
1627,Kex m. fyllning,Stearinsyra C18:0,Bullar kakor tårtor mm,2.8,g
1627,Kex m. fyllning,Palmitoljesyra C16:1,Bullar kakor tårtor mm,0.3,g
1627,Kex m. fyllning,Palmitinsyra C16:0,Bullar kakor tårtor mm,3.2,g
1627,Kex m. fyllning,Myristinsyra C14:0,Bullar kakor tårtor mm,1.0,g
1627,Kex m. fyllning,Laurinsyra C12:0,Bullar kakor tårtor mm,1.3,g
1627,Kex m. fyllning,Betakaroten/β-Karoten,Bullar kakor tårtor mm,32.0,µg
1627,Kex m. fyllning,Avfall (skal etc.),Bullar kakor tårtor mm,0.0,%
1627,Kex m. fyllning,Aska,Bullar kakor tårtor mm,1.2,g
1627,Kex m. fyllning,Alkohol,Bullar kakor tårtor mm,0.0,g
1628,Kex ostkex,"Zink, Zn",Smörgåskex,1.1,mg
1628,Kex ostkex,Vitamin E,Smörgåskex,0.3,mg
1628,Kex ostkex,Vitamin D,Smörgåskex,0.02,µg
1628,Kex ostkex,Vitamin C,Smörgåskex,0.0,mg
1628,Kex ostkex,Vitamin B6,Smörgåskex,0.55,mg
1628,Kex ostkex,Vitamin B12,Smörgåskex,0.46,µg
1628,Kex ostkex,Vitamin A,Smörgåskex,29.7,RE/µg
1628,Kex ostkex,Vatten,Smörgåskex,3.1,g
1628,Kex ostkex,Tiamin,Smörgåskex,0.02,mg
1628,Kex ostkex,Tillsatt socker,Smörgåskex,2.0,g
1628,Kex ostkex,Fritt socker,Smörgåskex,2.0,g
1628,Kex ostkex,"Selen, Se",Smörgåskex,1.3,µg
1628,Kex ostkex,Sackaros,Smörgåskex,5.0,g
1628,Kex ostkex,Riboflavin,Smörgåskex,0.07,mg
1628,Kex ostkex,Retinol,Smörgåskex,29.0,µg
1628,Kex ostkex,Protein,Smörgåskex,10.1,g
1628,Kex ostkex,Summa fleromättade fettsyror,Smörgåskex,4.8,g
1628,Kex ostkex,"Fosfor, P",Smörgåskex,218.0,mg
1628,Kex ostkex,Niacinekvivalenter,Smörgåskex,2.59,NE/mg
1628,Kex ostkex,Niacin,Smörgåskex,0.91,mg
1628,Kex ostkex,"Salt, NaCl",Smörgåskex,2.5,g
1628,Kex ostkex,"Natrium, Na",Smörgåskex,995.0,mg
1628,Kex ostkex,Monosackarider,Smörgåskex,0.0,g
1628,Kex ostkex,"Sockerarter, totalt",Smörgåskex,5.0,g
1628,Kex ostkex,Summa enkelomättade fettsyror,Smörgåskex,9.0,g
1628,Kex ostkex,"Magnesium, Mg",Smörgåskex,36.0,mg
1628,Kex ostkex,Summa mättade fettsyror,Smörgåskex,9.4,g
1628,Kex ostkex,"Kolhydrater, tillgängliga",Smörgåskex,54.1,g
1628,Kex ostkex,Kolesterol,Smörgåskex,13.0,mg
1628,Kex ostkex,"Kalium, K",Smörgåskex,145.0,mg
1628,Kex ostkex,"Jod, I",Smörgåskex,2.3,µg
1628,Kex ostkex,Fullkorn totalt,Smörgåskex,0.0,g
1628,Kex ostkex,"Folat, totalt",Smörgåskex,25.0,µg
1628,Kex ostkex,Fibrer,Smörgåskex,4.1,g
1628,Kex ostkex,"Fett, totalt",Smörgåskex,25.3,g
1628,Kex ostkex,"Järn, Fe",Smörgåskex,0.9,mg
1628,Kex ostkex,Energi (kJ),Smörgåskex,2060.0,kJ
1628,Kex ostkex,Energi (kcal),Smörgåskex,492.0,kcal
1628,Kex ostkex,Disackarider,Smörgåskex,5.0,g
1628,Kex ostkex,"Kalcium, Ca",Smörgåskex,122.0,mg
1628,Kex ostkex,Fettsyra 4:0-10:0,Smörgåskex,0.7,g
1628,Kex ostkex,DHA (C22:6),Smörgåskex,0.0,g
1628,Kex ostkex,DPA (C22:5),Smörgåskex,0.0,g
1628,Kex ostkex,EPA (C20:5),Smörgåskex,0.0,g
1628,Kex ostkex,Arakidonsyra C20:4,Smörgåskex,0.0,g
1628,Kex ostkex,Arakidinsyra C20:0,Smörgåskex,0.0,g
1628,Kex ostkex,Linolensyra C18:3,Smörgåskex,0.4,g
1628,Kex ostkex,Linolsyra C18:2,Smörgåskex,4.5,g
1628,Kex ostkex,Oljesyra C18:1,Smörgåskex,8.7,g
1628,Kex ostkex,Stearinsyra C18:0,Smörgåskex,2.6,g
1628,Kex ostkex,Palmitoljesyra C16:1,Smörgåskex,0.3,g
1628,Kex ostkex,Palmitinsyra C16:0,Smörgåskex,5.0,g
1628,Kex ostkex,Myristinsyra C14:0,Smörgåskex,1.0,g
1628,Kex ostkex,Laurinsyra C12:0,Smörgåskex,0.1,g
1628,Kex ostkex,Betakaroten/β-Karoten,Smörgåskex,8.0,µg
1628,Kex ostkex,Avfall (skal etc.),Smörgåskex,0.0,%
1628,Kex ostkex,Aska,Smörgåskex,3.3,g
1628,Kex ostkex,Alkohol,Smörgåskex,0.0,g
1629,Kex salta,"Zink, Zn",Smörgåskex,1.5,mg
1629,Kex salta,Vitamin E,Smörgåskex,3.7,mg
1629,Kex salta,Vitamin D,Smörgåskex,0.1,µg
1629,Kex salta,Vitamin C,Smörgåskex,0.0,mg
1629,Kex salta,Vitamin B6,Smörgåskex,0.23,mg
1629,Kex salta,Vitamin B12,Smörgåskex,0.0,µg
1629,Kex salta,Vitamin A,Smörgåskex,5.3,RE/µg
1629,Kex salta,Vatten,Smörgåskex,1.1,g
1629,Kex salta,Tiamin,Smörgåskex,0.1,mg
1629,Kex salta,Tillsatt socker,Smörgåskex,5.0,g
1629,Kex salta,Fritt socker,Smörgåskex,5.0,g
1629,Kex salta,"Selen, Se",Smörgåskex,3.6,µg
1629,Kex salta,Sackaros,Smörgåskex,4.0,g
1629,Kex salta,Riboflavin,Smörgåskex,0.07,mg
1629,Kex salta,Retinol,Smörgåskex,0.0,µg
1629,Kex salta,Protein,Smörgåskex,8.7,g
1629,Kex salta,Summa fleromättade fettsyror,Smörgåskex,1.7,g
1629,Kex salta,"Fosfor, P",Smörgåskex,154.0,mg
1629,Kex salta,Niacinekvivalenter,Smörgåskex,3.8,NE/mg
1629,Kex salta,Niacin,Smörgåskex,2.3,mg
1629,Kex salta,"Salt, NaCl",Smörgåskex,1.8,g
1629,Kex salta,"Natrium, Na",Smörgåskex,735.0,mg
1629,Kex salta,Monosackarider,Smörgåskex,0.1,g
1629,Kex salta,"Sockerarter, totalt",Smörgåskex,4.9,g
1629,Kex salta,Summa enkelomättade fettsyror,Smörgåskex,5.0,g
1629,Kex salta,"Magnesium, Mg",Smörgåskex,47.0,mg
1629,Kex salta,Summa mättade fettsyror,Smörgåskex,19.0,g
1629,Kex salta,"Kolhydrater, tillgängliga",Smörgåskex,55.3,g
1629,Kex salta,Kolesterol,Smörgåskex,0.0,mg
1629,Kex salta,"Kalium, K",Smörgåskex,212.0,mg
1629,Kex salta,"Jod, I",Smörgåskex,2.0,µg
1629,Kex salta,Fullkorn totalt,Smörgåskex,0.0,g
1629,Kex salta,"Folat, totalt",Smörgåskex,32.1,µg
1629,Kex salta,Fibrer,Smörgåskex,5.1,g
1629,Kex salta,"Fett, totalt",Smörgåskex,27.0,g
1629,Kex salta,"Järn, Fe",Smörgåskex,1.8,mg
1629,Kex salta,Energi (kJ),Smörgåskex,2129.0,kJ
1629,Kex salta,Energi (kcal),Smörgåskex,509.0,kcal
1629,Kex salta,Disackarider,Smörgåskex,4.8,g
1629,Kex salta,"Kalcium, Ca",Smörgåskex,19.0,mg
1629,Kex salta,Fettsyra 4:0-10:0,Smörgåskex,2.1,g
1629,Kex salta,DHA (C22:6),Smörgåskex,0.0,g
1629,Kex salta,DPA (C22:5),Smörgåskex,0.0,g
1629,Kex salta,EPA (C20:5),Smörgåskex,0.0,g
1629,Kex salta,Arakidonsyra C20:4,Smörgåskex,0.0,g
1629,Kex salta,Arakidinsyra C20:0,Smörgåskex,0.1,g
1629,Kex salta,Linolensyra C18:3,Smörgåskex,0.1,g
1629,Kex salta,Linolsyra C18:2,Smörgåskex,1.6,g
1629,Kex salta,Oljesyra C18:1,Smörgåskex,4.9,g
1629,Kex salta,Stearinsyra C18:0,Smörgåskex,3.2,g
1629,Kex salta,Palmitoljesyra C16:1,Smörgåskex,0.3,g
1629,Kex salta,Palmitinsyra C16:0,Smörgåskex,3.9,g
1629,Kex salta,Myristinsyra C14:0,Smörgåskex,2.6,g
1629,Kex salta,Laurinsyra C12:0,Smörgåskex,6.7,g
1629,Kex salta,Betakaroten/β-Karoten,Smörgåskex,2.0,µg
1629,Kex salta,Avfall (skal etc.),Smörgåskex,0.0,%
1629,Kex salta,Aska,Smörgåskex,2.7,g
1629,Kex salta,Alkohol,Smörgåskex,0.0,g
1630,Kex salta m. mjölk,"Zink, Zn",Smörgåskex,0.5,mg
1630,Kex salta m. mjölk,Vitamin E,Smörgåskex,2.4,mg
1630,Kex salta m. mjölk,Vitamin D,Smörgåskex,0.1,µg
1630,Kex salta m. mjölk,Vitamin C,Smörgåskex,0.0,mg
1630,Kex salta m. mjölk,Vitamin B6,Smörgåskex,0.09,mg
1630,Kex salta m. mjölk,Vitamin B12,Smörgåskex,0.08,µg
1630,Kex salta m. mjölk,Vitamin A,Smörgåskex,4.4,RE/µg
1630,Kex salta m. mjölk,Vatten,Smörgåskex,1.8,g
1630,Kex salta m. mjölk,Tiamin,Smörgåskex,0.08,mg
1630,Kex salta m. mjölk,Tillsatt socker,Smörgåskex,6.0,g
1630,Kex salta m. mjölk,Fritt socker,Smörgåskex,6.0,g
1630,Kex salta m. mjölk,"Selen, Se",Smörgåskex,3.2,µg
1630,Kex salta m. mjölk,Sackaros,Smörgåskex,4.5,g
1630,Kex salta m. mjölk,Riboflavin,Smörgåskex,0.05,mg
1630,Kex salta m. mjölk,Retinol,Smörgåskex,4.0,µg
1630,Kex salta m. mjölk,Protein,Smörgåskex,7.7,g
1630,Kex salta m. mjölk,Summa fleromättade fettsyror,Smörgåskex,2.6,g
1630,Kex salta m. mjölk,"Fosfor, P",Smörgåskex,86.0,mg
1630,Kex salta m. mjölk,Niacinekvivalenter,Smörgåskex,3.0,NE/mg
1630,Kex salta m. mjölk,Niacin,Smörgåskex,1.2,mg
1630,Kex salta m. mjölk,"Salt, NaCl",Smörgåskex,2.3,g
1630,Kex salta m. mjölk,"Natrium, Na",Smörgåskex,934.0,mg
1630,Kex salta m. mjölk,Monosackarider,Smörgåskex,0.4,g
1630,Kex salta m. mjölk,"Sockerarter, totalt",Smörgåskex,6.2,g
1630,Kex salta m. mjölk,Summa enkelomättade fettsyror,Smörgåskex,5.2,g
1630,Kex salta m. mjölk,"Magnesium, Mg",Smörgåskex,19.0,mg
1630,Kex salta m. mjölk,Summa mättade fettsyror,Smörgåskex,17.8,g
1630,Kex salta m. mjölk,"Kolhydrater, tillgängliga",Smörgåskex,57.6,g
1630,Kex salta m. mjölk,Kolesterol,Smörgåskex,2.0,mg
1630,Kex salta m. mjölk,"Kalium, K",Smörgåskex,141.0,mg
1630,Kex salta m. mjölk,"Jod, I",Smörgåskex,2.0,µg
1630,Kex salta m. mjölk,Fullkorn totalt,Smörgåskex,0.0,g
1630,Kex salta m. mjölk,"Folat, totalt",Smörgåskex,26.3,µg
1630,Kex salta m. mjölk,Fibrer,Smörgåskex,3.0,g
1630,Kex salta m. mjölk,"Fett, totalt",Smörgåskex,27.2,g
1630,Kex salta m. mjölk,"Järn, Fe",Smörgåskex,0.9,mg
1630,Kex salta m. mjölk,Energi (kJ),Smörgåskex,2143.0,kJ
1630,Kex salta m. mjölk,Energi (kcal),Smörgåskex,512.0,kcal
1630,Kex salta m. mjölk,Disackarider,Smörgåskex,5.7,g
1630,Kex salta m. mjölk,"Kalcium, Ca",Smörgåskex,18.0,mg
1630,Kex salta m. mjölk,Fettsyra 4:0-10:0,Smörgåskex,2.0,g
1630,Kex salta m. mjölk,DHA (C22:6),Smörgåskex,0.0,g
1630,Kex salta m. mjölk,DPA (C22:5),Smörgåskex,0.0,g
1630,Kex salta m. mjölk,EPA (C20:5),Smörgåskex,0.0,g
1630,Kex salta m. mjölk,Arakidonsyra C20:4,Smörgåskex,0.0,g
1630,Kex salta m. mjölk,Arakidinsyra C20:0,Smörgåskex,0.1,g
1630,Kex salta m. mjölk,Linolensyra C18:3,Smörgåskex,0.2,g
1630,Kex salta m. mjölk,Linolsyra C18:2,Smörgåskex,2.4,g
1630,Kex salta m. mjölk,Oljesyra C18:1,Smörgåskex,5.1,g
1630,Kex salta m. mjölk,Stearinsyra C18:0,Smörgåskex,2.6,g
1630,Kex salta m. mjölk,Palmitoljesyra C16:1,Smörgåskex,0.0,g
1630,Kex salta m. mjölk,Palmitinsyra C16:0,Smörgåskex,4.5,g
1630,Kex salta m. mjölk,Myristinsyra C14:0,Smörgåskex,2.4,g
1630,Kex salta m. mjölk,Laurinsyra C12:0,Smörgåskex,6.1,g
1630,Kex salta m. mjölk,Betakaroten/β-Karoten,Smörgåskex,0.0,µg
1630,Kex salta m. mjölk,Avfall (skal etc.),Smörgåskex,0.0,%
1630,Kex salta m. mjölk,Aska,Smörgåskex,2.6,g
1630,Kex salta m. mjölk,Alkohol,Smörgåskex,0.0,g
1631,Kex u. socker,"Zink, Zn",Bullar kakor tårtor mm,0.9,mg
1631,Kex u. socker,Vitamin E,Bullar kakor tårtor mm,0.4,mg
1631,Kex u. socker,Vitamin D,Bullar kakor tårtor mm,0.8,µg
1631,Kex u. socker,Vitamin C,Bullar kakor tårtor mm,0.0,mg
1631,Kex u. socker,Vitamin B6,Bullar kakor tårtor mm,0.08,mg
1631,Kex u. socker,Vitamin B12,Bullar kakor tårtor mm,0.1,µg
1631,Kex u. socker,Vitamin A,Bullar kakor tårtor mm,137.7,RE/µg
1631,Kex u. socker,Vatten,Bullar kakor tårtor mm,2.0,g
1631,Kex u. socker,Tiamin,Bullar kakor tårtor mm,0.2,mg
1631,Kex u. socker,Tillsatt socker,Bullar kakor tårtor mm,0.0,g
1631,Kex u. socker,Fritt socker,Bullar kakor tårtor mm,0.0,g
1631,Kex u. socker,"Selen, Se",Bullar kakor tårtor mm,1.0,µg
1631,Kex u. socker,Sackaros,Bullar kakor tårtor mm,0.0,g
1631,Kex u. socker,Riboflavin,Bullar kakor tårtor mm,0.11,mg
1631,Kex u. socker,Retinol,Bullar kakor tårtor mm,136.0,µg
1631,Kex u. socker,Protein,Bullar kakor tårtor mm,6.0,g
1631,Kex u. socker,Summa fleromättade fettsyror,Bullar kakor tårtor mm,1.3,g
1631,Kex u. socker,"Fosfor, P",Bullar kakor tårtor mm,113.0,mg
1631,Kex u. socker,Niacinekvivalenter,Bullar kakor tårtor mm,2.2,NE/mg
1631,Kex u. socker,Niacin,Bullar kakor tårtor mm,1.2,mg
1631,Kex u. socker,"Salt, NaCl",Bullar kakor tårtor mm,1.2,g
1631,Kex u. socker,"Natrium, Na",Bullar kakor tårtor mm,470.0,mg
1631,Kex u. socker,Monosackarider,Bullar kakor tårtor mm,0.6,g
1631,Kex u. socker,"Sockerarter, totalt",Bullar kakor tårtor mm,1.6,g
1631,Kex u. socker,Summa enkelomättade fettsyror,Bullar kakor tårtor mm,6.3,g
1631,Kex u. socker,"Magnesium, Mg",Bullar kakor tårtor mm,23.0,mg
1631,Kex u. socker,Summa mättade fettsyror,Bullar kakor tårtor mm,3.8,g
1631,Kex u. socker,"Kolhydrater, tillgängliga",Bullar kakor tårtor mm,76.1,g
1631,Kex u. socker,Kolesterol,Bullar kakor tårtor mm,15.0,mg
1631,Kex u. socker,"Kalium, K",Bullar kakor tårtor mm,131.0,mg
1631,Kex u. socker,"Jod, I",Bullar kakor tårtor mm,2.0,µg
1631,Kex u. socker,Fullkorn totalt,Bullar kakor tårtor mm,0.0,g
1631,Kex u. socker,"Folat, totalt",Bullar kakor tårtor mm,8.0,µg
1631,Kex u. socker,Fibrer,Bullar kakor tårtor mm,2.0,g
1631,Kex u. socker,"Fett, totalt",Bullar kakor tårtor mm,12.0,g
1631,Kex u. socker,"Järn, Fe",Bullar kakor tårtor mm,0.7,mg
1631,Kex u. socker,Energi (kJ),Bullar kakor tårtor mm,1856.0,kJ
1631,Kex u. socker,Energi (kcal),Bullar kakor tårtor mm,444.0,kcal
1631,Kex u. socker,Disackarider,Bullar kakor tårtor mm,1.0,g
1631,Kex u. socker,"Kalcium, Ca",Bullar kakor tårtor mm,26.0,mg
1631,Kex u. socker,Fettsyra 4:0-10:0,Bullar kakor tårtor mm,0.0,g
1631,Kex u. socker,DHA (C22:6),Bullar kakor tårtor mm,0.0,g
1631,Kex u. socker,DPA (C22:5),Bullar kakor tårtor mm,0.0,g
1631,Kex u. socker,EPA (C20:5),Bullar kakor tårtor mm,0.0,g
1631,Kex u. socker,Arakidonsyra C20:4,Bullar kakor tårtor mm,0.0,g
1631,Kex u. socker,Arakidinsyra C20:0,Bullar kakor tårtor mm,0.2,g
1631,Kex u. socker,Linolensyra C18:3,Bullar kakor tårtor mm,0.1,g
1631,Kex u. socker,Linolsyra C18:2,Bullar kakor tårtor mm,1.2,g
1631,Kex u. socker,Oljesyra C18:1,Bullar kakor tårtor mm,6.1,g
1631,Kex u. socker,Stearinsyra C18:0,Bullar kakor tårtor mm,2.7,g
1631,Kex u. socker,Palmitoljesyra C16:1,Bullar kakor tårtor mm,0.1,g
1631,Kex u. socker,Palmitinsyra C16:0,Bullar kakor tårtor mm,0.8,g
1631,Kex u. socker,Myristinsyra C14:0,Bullar kakor tårtor mm,0.1,g
1631,Kex u. socker,Laurinsyra C12:0,Bullar kakor tårtor mm,0.1,g
1631,Kex u. socker,Betakaroten/β-Karoten,Bullar kakor tårtor mm,20.0,µg
1631,Kex u. socker,Avfall (skal etc.),Bullar kakor tårtor mm,0.0,%
1631,Kex u. socker,Aska,Bullar kakor tårtor mm,1.9,g
1631,Kex u. socker,Alkohol,Bullar kakor tårtor mm,0.0,g
1632,Pepparkaka u. socker,"Zink, Zn",Bullar kakor tårtor mm,0.5,mg
1632,Pepparkaka u. socker,Vitamin E,Bullar kakor tårtor mm,1.5,mg
1632,Pepparkaka u. socker,Vitamin D,Bullar kakor tårtor mm,1.02,µg
1632,Pepparkaka u. socker,Vitamin C,Bullar kakor tårtor mm,0.0,mg
1632,Pepparkaka u. socker,Vitamin B6,Bullar kakor tårtor mm,0.07,mg
1632,Pepparkaka u. socker,Vitamin B12,Bullar kakor tårtor mm,0.0,µg
1632,Pepparkaka u. socker,Vitamin A,Bullar kakor tårtor mm,123.8,RE/µg
1632,Pepparkaka u. socker,Vatten,Bullar kakor tårtor mm,1.5,g
1632,Pepparkaka u. socker,Tiamin,Bullar kakor tårtor mm,0.08,mg
1632,Pepparkaka u. socker,Tillsatt socker,Bullar kakor tårtor mm,0.0,g
1632,Pepparkaka u. socker,Fritt socker,Bullar kakor tårtor mm,0.0,g
1632,Pepparkaka u. socker,"Selen, Se",Bullar kakor tårtor mm,1.0,µg
1632,Pepparkaka u. socker,Sackaros,Bullar kakor tårtor mm,0.0,g
1632,Pepparkaka u. socker,Riboflavin,Bullar kakor tårtor mm,0.18,mg
1632,Pepparkaka u. socker,Retinol,Bullar kakor tårtor mm,123.0,µg
1632,Pepparkaka u. socker,Protein,Bullar kakor tårtor mm,8.0,g
1632,Pepparkaka u. socker,Summa fleromättade fettsyror,Bullar kakor tårtor mm,2.6,g
1632,Pepparkaka u. socker,"Fosfor, P",Bullar kakor tårtor mm,69.0,mg
1632,Pepparkaka u. socker,Niacinekvivalenter,Bullar kakor tårtor mm,5.03,NE/mg
1632,Pepparkaka u. socker,Niacin,Bullar kakor tårtor mm,3.7,mg
1632,Pepparkaka u. socker,"Salt, NaCl",Bullar kakor tårtor mm,1.7,g
1632,Pepparkaka u. socker,"Natrium, Na",Bullar kakor tårtor mm,690.0,mg
1632,Pepparkaka u. socker,Monosackarider,Bullar kakor tårtor mm,3.0,g
1632,Pepparkaka u. socker,"Sockerarter, totalt",Bullar kakor tårtor mm,3.0,g
1632,Pepparkaka u. socker,Summa enkelomättade fettsyror,Bullar kakor tårtor mm,10.4,g
1632,Pepparkaka u. socker,"Magnesium, Mg",Bullar kakor tårtor mm,23.0,mg
1632,Pepparkaka u. socker,Summa mättade fettsyror,Bullar kakor tårtor mm,9.9,g
1632,Pepparkaka u. socker,"Kolhydrater, tillgängliga",Bullar kakor tårtor mm,63.2,g
1632,Pepparkaka u. socker,Kolesterol,Bullar kakor tårtor mm,15.0,mg
1632,Pepparkaka u. socker,"Kalium, K",Bullar kakor tårtor mm,153.0,mg
1632,Pepparkaka u. socker,"Jod, I",Bullar kakor tårtor mm,1.6,µg
1632,Pepparkaka u. socker,Fullkorn totalt,Bullar kakor tårtor mm,0.0,g
1632,Pepparkaka u. socker,"Folat, totalt",Bullar kakor tårtor mm,9.0,µg
1632,Pepparkaka u. socker,Fibrer,Bullar kakor tårtor mm,1.5,g
1632,Pepparkaka u. socker,"Fett, totalt",Bullar kakor tårtor mm,24.0,g
1632,Pepparkaka u. socker,"Järn, Fe",Bullar kakor tårtor mm,0.6,mg
1632,Pepparkaka u. socker,Energi (kJ),Bullar kakor tårtor mm,2110.0,kJ
1632,Pepparkaka u. socker,Energi (kcal),Bullar kakor tårtor mm,504.0,kcal
1632,Pepparkaka u. socker,Disackarider,Bullar kakor tårtor mm,0.0,g
1632,Pepparkaka u. socker,"Kalcium, Ca",Bullar kakor tårtor mm,25.0,mg
1632,Pepparkaka u. socker,Fettsyra 4:0-10:0,Bullar kakor tårtor mm,0.4,g
1632,Pepparkaka u. socker,DHA (C22:6),Bullar kakor tårtor mm,0.0,g
1632,Pepparkaka u. socker,DPA (C22:5),Bullar kakor tårtor mm,0.0,g
1632,Pepparkaka u. socker,EPA (C20:5),Bullar kakor tårtor mm,0.0,g
1632,Pepparkaka u. socker,Arakidonsyra C20:4,Bullar kakor tårtor mm,0.0,g
1632,Pepparkaka u. socker,Arakidinsyra C20:0,Bullar kakor tårtor mm,0.2,g
1632,Pepparkaka u. socker,Linolensyra C18:3,Bullar kakor tårtor mm,0.4,g
1632,Pepparkaka u. socker,Linolsyra C18:2,Bullar kakor tårtor mm,2.2,g
1632,Pepparkaka u. socker,Oljesyra C18:1,Bullar kakor tårtor mm,9.7,g
1632,Pepparkaka u. socker,Stearinsyra C18:0,Bullar kakor tårtor mm,4.3,g
1632,Pepparkaka u. socker,Palmitoljesyra C16:1,Bullar kakor tårtor mm,0.2,g
1632,Pepparkaka u. socker,Palmitinsyra C16:0,Bullar kakor tårtor mm,2.8,g
1632,Pepparkaka u. socker,Myristinsyra C14:0,Bullar kakor tårtor mm,0.7,g
1632,Pepparkaka u. socker,Laurinsyra C12:0,Bullar kakor tårtor mm,1.2,g
1632,Pepparkaka u. socker,Betakaroten/β-Karoten,Bullar kakor tårtor mm,10.0,µg
1632,Pepparkaka u. socker,Avfall (skal etc.),Bullar kakor tårtor mm,0.0,%
1632,Pepparkaka u. socker,Aska,Bullar kakor tårtor mm,1.8,g
1632,Pepparkaka u. socker,Alkohol,Bullar kakor tårtor mm,0.0,g
1633,Kex smörgåsrån,"Zink, Zn",Smörgåskex,0.9,mg
1633,Kex smörgåsrån,Vitamin E,Smörgåskex,0.7,mg
1633,Kex smörgåsrån,Vitamin D inkl 25-OH-D3,Smörgåskex,0.0,µg
1633,Kex smörgåsrån,Vitamin D,Smörgåskex,0.0,µg
1633,Kex smörgåsrån,Vitamin C,Smörgåskex,0.0,mg
1633,Kex smörgåsrån,Vitamin B6,Smörgåskex,0.08,mg
1633,Kex smörgåsrån,Vitamin B12,Smörgåskex,0.0,µg
1633,Kex smörgåsrån,Vitamin A,Smörgåskex,0.0,RE/µg
1633,Kex smörgåsrån,Vatten,Smörgåskex,2.4,g
1633,Kex smörgåsrån,Tiamin,Smörgåskex,0.23,mg
1633,Kex smörgåsrån,Tillsatt socker,Smörgåskex,0.0,g
1633,Kex smörgåsrån,Fritt socker,Smörgåskex,0.0,g
1633,Kex smörgåsrån,"Selen, Se",Smörgåskex,4.0,µg
1633,Kex smörgåsrån,Sackaros,Smörgåskex,0.4,g
1633,Kex smörgåsrån,Riboflavin,Smörgåskex,0.03,mg
1633,Kex smörgåsrån,Retinol,Smörgåskex,0.0,µg
1633,Kex smörgåsrån,Protein,Smörgåskex,8.8,g
1633,Kex smörgåsrån,Summa fleromättade fettsyror,Smörgåskex,1.3,g
1633,Kex smörgåsrån,"Fosfor, P",Smörgåskex,150.0,mg
1633,Kex smörgåsrån,Niacinekvivalenter,Smörgåskex,2.2,NE/mg
1633,Kex smörgåsrån,Niacin,Smörgåskex,0.75,mg
1633,Kex smörgåsrån,"Salt, NaCl",Smörgåskex,0.9,g
1633,Kex smörgåsrån,"Natrium, Na",Smörgåskex,350.0,mg
1633,Kex smörgåsrån,Monosackarider,Smörgåskex,0.2,g
1633,Kex smörgåsrån,"Sockerarter, totalt",Smörgåskex,1.6,g
1633,Kex smörgåsrån,Summa enkelomättade fettsyror,Smörgåskex,0.4,g
1633,Kex smörgåsrån,"Magnesium, Mg",Smörgåskex,30.0,mg
1633,Kex smörgåsrån,Summa mättade fettsyror,Smörgåskex,2.9,g
1633,Kex smörgåsrån,"Kolhydrater, tillgängliga",Smörgåskex,75.8,g
1633,Kex smörgåsrån,Kolesterol,Smörgåskex,0.0,mg
1633,Kex smörgåsrån,"Kalium, K",Smörgåskex,230.0,mg
1633,Kex smörgåsrån,"Jod, I",Smörgåskex,2.0,µg
1633,Kex smörgåsrån,Fullkorn totalt,Smörgåskex,0.0,g
1633,Kex smörgåsrån,"Folat, totalt",Smörgåskex,18.4,µg
1633,Kex smörgåsrån,Fibrer,Smörgåskex,6.7,g
1633,Kex smörgåsrån,"Fett, totalt",Smörgåskex,4.9,g
1633,Kex smörgåsrån,"Järn, Fe",Smörgåskex,1.0,mg
1633,Kex smörgåsrån,Energi (kJ),Smörgåskex,1672.0,kJ
1633,Kex smörgåsrån,Energi (kcal),Smörgåskex,400.0,kcal
1633,Kex smörgåsrån,Disackarider,Smörgåskex,1.4,g
1633,Kex smörgåsrån,"Kalcium, Ca",Smörgåskex,24.0,mg
1633,Kex smörgåsrån,Fettsyra 4:0-10:0,Smörgåskex,0.3,g
1633,Kex smörgåsrån,DHA (C22:6),Smörgåskex,0.0,g
1633,Kex smörgåsrån,DPA (C22:5),Smörgåskex,0.0,g
1633,Kex smörgåsrån,EPA (C20:5),Smörgåskex,0.0,g
1633,Kex smörgåsrån,Arakidonsyra C20:4,Smörgåskex,0.0,g
1633,Kex smörgåsrån,Arakidinsyra C20:0,Smörgåskex,0.0,g
1633,Kex smörgåsrån,Linolensyra C18:3,Smörgåskex,0.1,g
1633,Kex smörgåsrån,Linolsyra C18:2,Smörgåskex,1.2,g
1633,Kex smörgåsrån,Oljesyra C18:1,Smörgåskex,0.4,g
1633,Kex smörgåsrån,Stearinsyra C18:0,Smörgåskex,0.4,g
1633,Kex smörgåsrån,Palmitoljesyra C16:1,Smörgåskex,0.0,g
1633,Kex smörgåsrån,Palmitinsyra C16:0,Smörgåskex,0.6,g
1633,Kex smörgåsrån,Myristinsyra C14:0,Smörgåskex,0.5,g
1633,Kex smörgåsrån,Laurinsyra C12:0,Smörgåskex,1.2,g
1633,Kex smörgåsrån,Betakaroten/β-Karoten,Smörgåskex,0.0,µg
1633,Kex smörgåsrån,Avfall (skal etc.),Smörgåskex,0.0,%
1633,Kex smörgåsrån,Aska,Smörgåskex,1.5,g
1633,Kex smörgåsrån,Alkohol,Smörgåskex,0.0,g
1636,Glasstrut våffla ofylld,"Zink, Zn",Bullar kakor tårtor mm,0.6,mg
1636,Glasstrut våffla ofylld,Vitamin E,Bullar kakor tårtor mm,0.3,mg
1636,Glasstrut våffla ofylld,Vitamin D inkl 25-OH-D3,Bullar kakor tårtor mm,0.0,µg
1636,Glasstrut våffla ofylld,Vitamin D,Bullar kakor tårtor mm,0.0,µg
1636,Glasstrut våffla ofylld,Vitamin C,Bullar kakor tårtor mm,0.0,mg
1636,Glasstrut våffla ofylld,Vitamin B6,Bullar kakor tårtor mm,0.07,mg
1636,Glasstrut våffla ofylld,Vitamin B12,Bullar kakor tårtor mm,0.0,µg
1636,Glasstrut våffla ofylld,Vitamin A,Bullar kakor tårtor mm,0.0,RE/µg
1636,Glasstrut våffla ofylld,Vatten,Bullar kakor tårtor mm,2.8,g
1636,Glasstrut våffla ofylld,Tiamin,Bullar kakor tårtor mm,0.02,mg
1636,Glasstrut våffla ofylld,Tillsatt socker,Bullar kakor tårtor mm,26.0,g
1636,Glasstrut våffla ofylld,Fritt socker,Bullar kakor tårtor mm,26.0,g
1636,Glasstrut våffla ofylld,"Selen, Se",Bullar kakor tårtor mm,0.0,µg
1636,Glasstrut våffla ofylld,Sackaros,Bullar kakor tårtor mm,25.2,g
1636,Glasstrut våffla ofylld,Riboflavin,Bullar kakor tårtor mm,0.03,mg
1636,Glasstrut våffla ofylld,Retinol,Bullar kakor tårtor mm,0.0,µg
1636,Glasstrut våffla ofylld,Protein,Bullar kakor tårtor mm,6.3,g
1636,Glasstrut våffla ofylld,Summa fleromättade fettsyror,Bullar kakor tårtor mm,1.0,g
1636,Glasstrut våffla ofylld,"Fosfor, P",Bullar kakor tårtor mm,114.0,mg
1636,Glasstrut våffla ofylld,Niacinekvivalenter,Bullar kakor tårtor mm,1.9,NE/mg
1636,Glasstrut våffla ofylld,Niacin,Bullar kakor tårtor mm,0.88,mg
1636,Glasstrut våffla ofylld,"Salt, NaCl",Bullar kakor tårtor mm,0.6,g
1636,Glasstrut våffla ofylld,"Natrium, Na",Bullar kakor tårtor mm,236.0,mg
1636,Glasstrut våffla ofylld,Monosackarider,Bullar kakor tårtor mm,0.3,g
1636,Glasstrut våffla ofylld,"Sockerarter, totalt",Bullar kakor tårtor mm,25.7,g
1636,Glasstrut våffla ofylld,Summa enkelomättade fettsyror,Bullar kakor tårtor mm,0.5,g
1636,Glasstrut våffla ofylld,"Magnesium, Mg",Bullar kakor tårtor mm,21.0,mg
1636,Glasstrut våffla ofylld,Summa mättade fettsyror,Bullar kakor tårtor mm,4.6,g
1636,Glasstrut våffla ofylld,"Kolhydrater, tillgängliga",Bullar kakor tårtor mm,80.8,g
1636,Glasstrut våffla ofylld,Kolesterol,Bullar kakor tårtor mm,0.0,mg
1636,Glasstrut våffla ofylld,"Kalium, K",Bullar kakor tårtor mm,137.0,mg
1636,Glasstrut våffla ofylld,"Jod, I",Bullar kakor tårtor mm,2.0,µg
1636,Glasstrut våffla ofylld,Fullkorn totalt,Bullar kakor tårtor mm,0.0,g
1636,Glasstrut våffla ofylld,"Folat, totalt",Bullar kakor tårtor mm,16.2,µg
1636,Glasstrut våffla ofylld,Fibrer,Bullar kakor tårtor mm,2.6,g
1636,Glasstrut våffla ofylld,"Fett, totalt",Bullar kakor tårtor mm,6.4,g
1636,Glasstrut våffla ofylld,"Järn, Fe",Bullar kakor tårtor mm,0.6,mg
1636,Glasstrut våffla ofylld,Energi (kJ),Bullar kakor tårtor mm,1739.0,kJ
1636,Glasstrut våffla ofylld,Energi (kcal),Bullar kakor tårtor mm,416.0,kcal
1636,Glasstrut våffla ofylld,Disackarider,Bullar kakor tårtor mm,25.4,g
1636,Glasstrut våffla ofylld,"Kalcium, Ca",Bullar kakor tårtor mm,22.0,mg
1636,Glasstrut våffla ofylld,Fettsyra 4:0-10:0,Bullar kakor tårtor mm,0.7,g
1636,Glasstrut våffla ofylld,DHA (C22:6),Bullar kakor tårtor mm,0.0,g
1636,Glasstrut våffla ofylld,DPA (C22:5),Bullar kakor tårtor mm,0.0,g
1636,Glasstrut våffla ofylld,EPA (C20:5),Bullar kakor tårtor mm,0.0,g
1636,Glasstrut våffla ofylld,Arakidonsyra C20:4,Bullar kakor tårtor mm,0.0,g
1636,Glasstrut våffla ofylld,Arakidinsyra C20:0,Bullar kakor tårtor mm,0.0,g
1636,Glasstrut våffla ofylld,Linolensyra C18:3,Bullar kakor tårtor mm,0.1,g
1636,Glasstrut våffla ofylld,Linolsyra C18:2,Bullar kakor tårtor mm,0.9,g
1636,Glasstrut våffla ofylld,Oljesyra C18:1,Bullar kakor tårtor mm,0.5,g
1636,Glasstrut våffla ofylld,Stearinsyra C18:0,Bullar kakor tårtor mm,0.2,g
1636,Glasstrut våffla ofylld,Palmitoljesyra C16:1,Bullar kakor tårtor mm,0.0,g
1636,Glasstrut våffla ofylld,Palmitinsyra C16:0,Bullar kakor tårtor mm,0.6,g
1636,Glasstrut våffla ofylld,Myristinsyra C14:0,Bullar kakor tårtor mm,0.8,g
1636,Glasstrut våffla ofylld,Laurinsyra C12:0,Bullar kakor tårtor mm,2.2,g
1636,Glasstrut våffla ofylld,Betakaroten/β-Karoten,Bullar kakor tårtor mm,0.0,µg
1636,Glasstrut våffla ofylld,Avfall (skal etc.),Bullar kakor tårtor mm,0.0,%
1636,Glasstrut våffla ofylld,Aska,Bullar kakor tårtor mm,1.1,g
1636,Glasstrut våffla ofylld,Alkohol,Bullar kakor tårtor mm,0.0,g
1637,Småkakor u. socker,"Zink, Zn",Bullar kakor tårtor mm,0.5,mg
1637,Småkakor u. socker,Vitamin E,Bullar kakor tårtor mm,1.4,mg
1637,Småkakor u. socker,Vitamin D,Bullar kakor tårtor mm,2.28,µg
1637,Småkakor u. socker,Vitamin C,Bullar kakor tårtor mm,0.0,mg
1637,Småkakor u. socker,Vitamin B6,Bullar kakor tårtor mm,0.04,mg
1637,Småkakor u. socker,Vitamin B12,Bullar kakor tårtor mm,0.1,µg
1637,Småkakor u. socker,Vitamin A,Bullar kakor tårtor mm,247.5,RE/µg
1637,Småkakor u. socker,Vatten,Bullar kakor tårtor mm,2.4,g
1637,Småkakor u. socker,Tiamin,Bullar kakor tårtor mm,0.19,mg
1637,Småkakor u. socker,Tillsatt socker,Bullar kakor tårtor mm,0.0,g
1637,Småkakor u. socker,Fritt socker,Bullar kakor tårtor mm,0.0,g
1637,Småkakor u. socker,"Selen, Se",Bullar kakor tårtor mm,1.0,µg
1637,Småkakor u. socker,Sackaros,Bullar kakor tårtor mm,0.0,g
1637,Småkakor u. socker,Riboflavin,Bullar kakor tårtor mm,0.09,mg
1637,Småkakor u. socker,Retinol,Bullar kakor tårtor mm,245.0,µg
1637,Småkakor u. socker,Protein,Bullar kakor tårtor mm,7.0,g
1637,Småkakor u. socker,Summa fleromättade fettsyror,Bullar kakor tårtor mm,5.8,g
1637,Småkakor u. socker,"Fosfor, P",Bullar kakor tårtor mm,109.0,mg
1637,Småkakor u. socker,Niacinekvivalenter,Bullar kakor tårtor mm,3.17,NE/mg
1637,Småkakor u. socker,Niacin,Bullar kakor tårtor mm,2.0,mg
1637,Småkakor u. socker,"Salt, NaCl",Bullar kakor tårtor mm,0.6,g
1637,Småkakor u. socker,"Natrium, Na",Bullar kakor tårtor mm,260.0,mg
1637,Småkakor u. socker,Monosackarider,Bullar kakor tårtor mm,0.8,g
1637,Småkakor u. socker,"Sockerarter, totalt",Bullar kakor tårtor mm,1.6,g
1637,Småkakor u. socker,Summa enkelomättade fettsyror,Bullar kakor tårtor mm,14.0,g
1637,Småkakor u. socker,"Magnesium, Mg",Bullar kakor tårtor mm,18.0,mg
1637,Småkakor u. socker,Summa mättade fettsyror,Bullar kakor tårtor mm,11.8,g
1637,Småkakor u. socker,"Kolhydrater, tillgängliga",Bullar kakor tårtor mm,54.6,g
1637,Småkakor u. socker,Kolesterol,Bullar kakor tårtor mm,122.0,mg
1637,Småkakor u. socker,"Kalium, K",Bullar kakor tårtor mm,117.0,mg
1637,Småkakor u. socker,"Jod, I",Bullar kakor tårtor mm,2.0,µg
1637,Småkakor u. socker,Fullkorn totalt,Bullar kakor tårtor mm,0.0,g
1637,Småkakor u. socker,"Folat, totalt",Bullar kakor tårtor mm,9.0,µg
1637,Småkakor u. socker,Fibrer,Bullar kakor tårtor mm,2.0,g
1637,Småkakor u. socker,"Fett, totalt",Bullar kakor tårtor mm,33.0,g
1637,Småkakor u. socker,"Järn, Fe",Bullar kakor tårtor mm,0.5,mg
1637,Småkakor u. socker,Energi (kJ),Bullar kakor tårtor mm,2284.0,kJ
1637,Småkakor u. socker,Energi (kcal),Bullar kakor tårtor mm,546.0,kcal
1637,Småkakor u. socker,Disackarider,Bullar kakor tårtor mm,0.8,g
1637,Småkakor u. socker,"Kalcium, Ca",Bullar kakor tårtor mm,28.0,mg
1637,Småkakor u. socker,Fettsyra 4:0-10:0,Bullar kakor tårtor mm,0.8,g
1637,Småkakor u. socker,DHA (C22:6),Bullar kakor tårtor mm,0.0,g
1637,Småkakor u. socker,DPA (C22:5),Bullar kakor tårtor mm,0.0,g
1637,Småkakor u. socker,EPA (C20:5),Bullar kakor tårtor mm,0.0,g
1637,Småkakor u. socker,Arakidonsyra C20:4,Bullar kakor tårtor mm,0.0,g
1637,Småkakor u. socker,Arakidinsyra C20:0,Bullar kakor tårtor mm,0.2,g
1637,Småkakor u. socker,Linolensyra C18:3,Bullar kakor tårtor mm,0.8,g
1637,Småkakor u. socker,Linolsyra C18:2,Bullar kakor tårtor mm,5.0,g
1637,Småkakor u. socker,Oljesyra C18:1,Bullar kakor tårtor mm,13.1,g
1637,Småkakor u. socker,Stearinsyra C18:0,Bullar kakor tårtor mm,3.0,g
1637,Småkakor u. socker,Palmitoljesyra C16:1,Bullar kakor tårtor mm,0.4,g
1637,Småkakor u. socker,Palmitinsyra C16:0,Bullar kakor tårtor mm,3.6,g
1637,Småkakor u. socker,Myristinsyra C14:0,Bullar kakor tårtor mm,1.3,g
1637,Småkakor u. socker,Laurinsyra C12:0,Bullar kakor tårtor mm,2.7,g
1637,Småkakor u. socker,Betakaroten/β-Karoten,Bullar kakor tårtor mm,30.0,µg
1637,Småkakor u. socker,Avfall (skal etc.),Bullar kakor tårtor mm,0.0,%
1637,Småkakor u. socker,Aska,Bullar kakor tårtor mm,1.0,g
1637,Småkakor u. socker,Alkohol,Bullar kakor tårtor mm,0.0,g
1638,Mandelbiskvi,"Zink, Zn",Bullar kakor tårtor mm,1.4,mg
1638,Mandelbiskvi,Vitamin E,Bullar kakor tårtor mm,10.7,mg
1638,Mandelbiskvi,Vitamin D,Bullar kakor tårtor mm,0.0,µg
1638,Mandelbiskvi,Vitamin C,Bullar kakor tårtor mm,0.0,mg
1638,Mandelbiskvi,Vitamin B6,Bullar kakor tårtor mm,0.04,mg
1638,Mandelbiskvi,Vitamin B12,Bullar kakor tårtor mm,0.01,µg
1638,Mandelbiskvi,Vitamin A,Bullar kakor tårtor mm,0.2,RE/µg
1638,Mandelbiskvi,Vatten,Bullar kakor tårtor mm,22.8,g
1638,Mandelbiskvi,Tiamin,Bullar kakor tårtor mm,0.05,mg
1638,Mandelbiskvi,Tillsatt socker,Bullar kakor tårtor mm,33.0,g
1638,Mandelbiskvi,Fritt socker,Bullar kakor tårtor mm,33.0,g
1638,Mandelbiskvi,"Selen, Se",Bullar kakor tårtor mm,1.6,µg
1638,Mandelbiskvi,Sackaros,Bullar kakor tårtor mm,31.9,g
1638,Mandelbiskvi,Riboflavin,Bullar kakor tårtor mm,0.28,mg
1638,Mandelbiskvi,Retinol,Bullar kakor tårtor mm,0.0,µg
1638,Mandelbiskvi,Protein,Bullar kakor tårtor mm,10.0,g
1638,Mandelbiskvi,Summa fleromättade fettsyror,Bullar kakor tårtor mm,4.9,g
1638,Mandelbiskvi,"Fosfor, P",Bullar kakor tårtor mm,252.0,mg
1638,Mandelbiskvi,Niacinekvivalenter,Bullar kakor tårtor mm,3.6,NE/mg
1638,Mandelbiskvi,Niacin,Bullar kakor tårtor mm,1.79,mg
1638,Mandelbiskvi,"Salt, NaCl",Bullar kakor tårtor mm,0.0,g
1638,Mandelbiskvi,"Natrium, Na",Bullar kakor tårtor mm,16.0,mg
1638,Mandelbiskvi,Monosackarider,Bullar kakor tårtor mm,1.7,g
1638,Mandelbiskvi,"Sockerarter, totalt",Bullar kakor tårtor mm,34.5,g
1638,Mandelbiskvi,Summa enkelomättade fettsyror,Bullar kakor tårtor mm,14.8,g
1638,Mandelbiskvi,"Magnesium, Mg",Bullar kakor tårtor mm,117.0,mg
1638,Mandelbiskvi,Summa mättade fettsyror,Bullar kakor tårtor mm,1.9,g
1638,Mandelbiskvi,"Kolhydrater, tillgängliga",Bullar kakor tårtor mm,35.2,g
1638,Mandelbiskvi,Kolesterol,Bullar kakor tårtor mm,0.0,mg
1638,Mandelbiskvi,"Kalium, K",Bullar kakor tårtor mm,446.0,mg
1638,Mandelbiskvi,"Jod, I",Bullar kakor tårtor mm,0.4,µg
1638,Mandelbiskvi,Fullkorn totalt,Bullar kakor tårtor mm,0.0,g
1638,Mandelbiskvi,"Folat, totalt",Bullar kakor tårtor mm,20.6,µg
1638,Mandelbiskvi,Fibrer,Bullar kakor tårtor mm,8.0,g
1638,Mandelbiskvi,"Fett, totalt",Bullar kakor tårtor mm,22.6,g
1638,Mandelbiskvi,"Järn, Fe",Bullar kakor tårtor mm,1.3,mg
1638,Mandelbiskvi,Energi (kJ),Bullar kakor tårtor mm,1670.0,kJ
1638,Mandelbiskvi,Energi (kcal),Bullar kakor tårtor mm,399.0,kcal
1638,Mandelbiskvi,Disackarider,Bullar kakor tårtor mm,32.8,g
1638,Mandelbiskvi,"Kalcium, Ca",Bullar kakor tårtor mm,127.0,mg
1638,Mandelbiskvi,Fettsyra 4:0-10:0,Bullar kakor tårtor mm,0.0,g
1638,Mandelbiskvi,DHA (C22:6),Bullar kakor tårtor mm,0.0,g
1638,Mandelbiskvi,DPA (C22:5),Bullar kakor tårtor mm,0.0,g
1638,Mandelbiskvi,EPA (C20:5),Bullar kakor tårtor mm,0.0,g
1638,Mandelbiskvi,Arakidonsyra C20:4,Bullar kakor tårtor mm,0.0,g
1638,Mandelbiskvi,Arakidinsyra C20:0,Bullar kakor tårtor mm,0.0,g
1638,Mandelbiskvi,Linolensyra C18:3,Bullar kakor tårtor mm,0.0,g
1638,Mandelbiskvi,Linolsyra C18:2,Bullar kakor tårtor mm,5.0,g
1638,Mandelbiskvi,Oljesyra C18:1,Bullar kakor tårtor mm,14.7,g
1638,Mandelbiskvi,Stearinsyra C18:0,Bullar kakor tårtor mm,0.4,g
1638,Mandelbiskvi,Palmitoljesyra C16:1,Bullar kakor tårtor mm,0.1,g
1638,Mandelbiskvi,Palmitinsyra C16:0,Bullar kakor tårtor mm,1.5,g
1638,Mandelbiskvi,Myristinsyra C14:0,Bullar kakor tårtor mm,0.0,g
1638,Mandelbiskvi,Laurinsyra C12:0,Bullar kakor tårtor mm,0.0,g
1638,Mandelbiskvi,Betakaroten/β-Karoten,Bullar kakor tårtor mm,2.0,µg
1638,Mandelbiskvi,Avfall (skal etc.),Bullar kakor tårtor mm,25.0,%
1638,Mandelbiskvi,Aska,Bullar kakor tårtor mm,1.4,g
1638,Mandelbiskvi,Alkohol,Bullar kakor tårtor mm,0.0,g
1639,Deg mördeg gräddad,"Zink, Zn",Bullar kakor tårtor mm,0.4,mg
1639,Deg mördeg gräddad,Vitamin E,Bullar kakor tårtor mm,4.4,mg
1639,Deg mördeg gräddad,Vitamin D,Bullar kakor tårtor mm,2.79,µg
1639,Deg mördeg gräddad,Vitamin C,Bullar kakor tårtor mm,1.1,mg
1639,Deg mördeg gräddad,Vitamin B6,Bullar kakor tårtor mm,0.04,mg
1639,Deg mördeg gräddad,Vitamin B12,Bullar kakor tårtor mm,0.1,µg
1639,Deg mördeg gräddad,Vitamin A,Bullar kakor tårtor mm,321.7,RE/µg
1639,Deg mördeg gräddad,Vatten,Bullar kakor tårtor mm,14.4,g
1639,Deg mördeg gräddad,Tiamin,Bullar kakor tårtor mm,0.06,mg
1639,Deg mördeg gräddad,Tillsatt socker,Bullar kakor tårtor mm,9.0,g
1639,Deg mördeg gräddad,Fritt socker,Bullar kakor tårtor mm,9.0,g
1639,Deg mördeg gräddad,"Selen, Se",Bullar kakor tårtor mm,6.5,µg
1639,Deg mördeg gräddad,Sackaros,Bullar kakor tårtor mm,9.2,g
1639,Deg mördeg gräddad,Riboflavin,Bullar kakor tårtor mm,0.03,mg
1639,Deg mördeg gräddad,Retinol,Bullar kakor tårtor mm,306.1,µg
1639,Deg mördeg gräddad,Protein,Bullar kakor tårtor mm,4.7,g
1639,Deg mördeg gräddad,Summa fleromättade fettsyror,Bullar kakor tårtor mm,5.8,g
1639,Deg mördeg gräddad,"Fosfor, P",Bullar kakor tårtor mm,70.0,mg
1639,Deg mördeg gräddad,Niacinekvivalenter,Bullar kakor tårtor mm,1.25,NE/mg
1639,Deg mördeg gräddad,Niacin,Bullar kakor tårtor mm,0.41,mg
1639,Deg mördeg gräddad,"Salt, NaCl",Bullar kakor tårtor mm,0.6,g
1639,Deg mördeg gräddad,"Natrium, Na",Bullar kakor tårtor mm,230.0,mg
1639,Deg mördeg gräddad,Monosackarider,Bullar kakor tårtor mm,0.1,g
1639,Deg mördeg gräddad,"Sockerarter, totalt",Bullar kakor tårtor mm,10.0,g
1639,Deg mördeg gräddad,Summa enkelomättade fettsyror,Bullar kakor tårtor mm,12.0,g
1639,Deg mördeg gräddad,"Magnesium, Mg",Bullar kakor tårtor mm,11.0,mg
1639,Deg mördeg gräddad,Summa mättade fettsyror,Bullar kakor tårtor mm,15.2,g
1639,Deg mördeg gräddad,"Kolhydrater, tillgängliga",Bullar kakor tårtor mm,44.1,g
1639,Deg mördeg gräddad,Kolesterol,Bullar kakor tårtor mm,51.6,mg
1639,Deg mördeg gräddad,"Kalium, K",Bullar kakor tårtor mm,83.0,mg
1639,Deg mördeg gräddad,"Jod, I",Bullar kakor tårtor mm,3.6,µg
1639,Deg mördeg gräddad,Fullkorn totalt,Bullar kakor tårtor mm,0.0,g
1639,Deg mördeg gräddad,"Folat, totalt",Bullar kakor tårtor mm,11.3,µg
1639,Deg mördeg gräddad,Fibrer,Bullar kakor tårtor mm,1.7,g
1639,Deg mördeg gräddad,"Fett, totalt",Bullar kakor tårtor mm,34.1,g
1639,Deg mördeg gräddad,"Järn, Fe",Bullar kakor tårtor mm,0.4,mg
1639,Deg mördeg gräddad,Energi (kJ),Bullar kakor tårtor mm,2105.0,kJ
1639,Deg mördeg gräddad,Energi (kcal),Bullar kakor tårtor mm,503.0,kcal
1639,Deg mördeg gräddad,Disackarider,Bullar kakor tårtor mm,9.9,g
1639,Deg mördeg gräddad,"Kalcium, Ca",Bullar kakor tårtor mm,14.0,mg
1639,Deg mördeg gräddad,Fettsyra 4:0-10:0,Bullar kakor tårtor mm,0.9,g
1639,Deg mördeg gräddad,DHA (C22:6),Bullar kakor tårtor mm,0.0,g
1639,Deg mördeg gräddad,DPA (C22:5),Bullar kakor tårtor mm,0.0,g
1639,Deg mördeg gräddad,EPA (C20:5),Bullar kakor tårtor mm,0.0,g
1639,Deg mördeg gräddad,Arakidonsyra C20:4,Bullar kakor tårtor mm,0.0,g
1639,Deg mördeg gräddad,Arakidinsyra C20:0,Bullar kakor tårtor mm,0.0,g
1639,Deg mördeg gräddad,Linolensyra C18:3,Bullar kakor tårtor mm,1.2,g
1639,Deg mördeg gräddad,Linolsyra C18:2,Bullar kakor tårtor mm,3.8,g
1639,Deg mördeg gräddad,Oljesyra C18:1,Bullar kakor tårtor mm,12.5,g
1639,Deg mördeg gräddad,Stearinsyra C18:0,Bullar kakor tårtor mm,1.7,g
1639,Deg mördeg gräddad,Palmitoljesyra C16:1,Bullar kakor tårtor mm,0.2,g
1639,Deg mördeg gräddad,Palmitinsyra C16:0,Bullar kakor tårtor mm,9.6,g
1639,Deg mördeg gräddad,Myristinsyra C14:0,Bullar kakor tårtor mm,1.2,g
1639,Deg mördeg gräddad,Laurinsyra C12:0,Bullar kakor tårtor mm,0.9,g
1639,Deg mördeg gräddad,Betakaroten/β-Karoten,Bullar kakor tårtor mm,185.0,µg
1639,Deg mördeg gräddad,Avfall (skal etc.),Bullar kakor tårtor mm,0.0,%
1639,Deg mördeg gräddad,Aska,Bullar kakor tårtor mm,0.8,g
1639,Deg mördeg gräddad,Alkohol,Bullar kakor tårtor mm,0.0,g
1640,Deg smördeg gräddad,"Zink, Zn",Pizza paj pirog färdig smörgås,0.4,mg
1640,Deg smördeg gräddad,Vitamin E,Pizza paj pirog färdig smörgås,2.9,mg
1640,Deg smördeg gräddad,Vitamin D,Pizza paj pirog färdig smörgås,1.66,µg
1640,Deg smördeg gräddad,Vitamin C,Pizza paj pirog färdig smörgås,1.2,mg
1640,Deg smördeg gräddad,Vitamin B6,Pizza paj pirog färdig smörgås,0.04,mg
1640,Deg smördeg gräddad,Vitamin B12,Pizza paj pirog färdig smörgås,0.13,µg
1640,Deg smördeg gräddad,Vitamin A,Pizza paj pirog färdig smörgås,198.9,RE/µg
1640,Deg smördeg gräddad,Vatten,Pizza paj pirog färdig smörgås,16.7,g
1640,Deg smördeg gräddad,Tiamin,Pizza paj pirog färdig smörgås,0.06,mg
1640,Deg smördeg gräddad,Tillsatt socker,Pizza paj pirog färdig smörgås,17.0,g
1640,Deg smördeg gräddad,Fritt socker,Pizza paj pirog färdig smörgås,17.0,g
1640,Deg smördeg gräddad,"Selen, Se",Pizza paj pirog färdig smörgås,7.3,µg
1640,Deg smördeg gräddad,Sackaros,Pizza paj pirog färdig smörgås,17.1,g
1640,Deg smördeg gräddad,Riboflavin,Pizza paj pirog färdig smörgås,0.05,mg
1640,Deg smördeg gräddad,Retinol,Pizza paj pirog färdig smörgås,189.6,µg
1640,Deg smördeg gräddad,Protein,Pizza paj pirog färdig smörgås,5.6,g
1640,Deg smördeg gräddad,Summa fleromättade fettsyror,Pizza paj pirog färdig smörgås,3.6,g
1640,Deg smördeg gräddad,"Fosfor, P",Pizza paj pirog färdig smörgås,75.0,mg
1640,Deg smördeg gräddad,Niacinekvivalenter,Pizza paj pirog färdig smörgås,1.48,NE/mg
1640,Deg smördeg gräddad,Niacin,Pizza paj pirog färdig smörgås,0.44,mg
1640,Deg smördeg gräddad,"Salt, NaCl",Pizza paj pirog färdig smörgås,0.9,g
1640,Deg smördeg gräddad,"Natrium, Na",Pizza paj pirog färdig smörgås,356.0,mg
1640,Deg smördeg gräddad,Monosackarider,Pizza paj pirog färdig smörgås,0.1,g
1640,Deg smördeg gräddad,"Sockerarter, totalt",Pizza paj pirog färdig smörgås,17.9,g
1640,Deg smördeg gräddad,Summa enkelomättade fettsyror,Pizza paj pirog färdig smörgås,7.2,g
1640,Deg smördeg gräddad,"Magnesium, Mg",Pizza paj pirog färdig smörgås,12.0,mg
1640,Deg smördeg gräddad,Summa mättade fettsyror,Pizza paj pirog färdig smörgås,9.1,g
1640,Deg smördeg gräddad,"Kolhydrater, tillgängliga",Pizza paj pirog färdig smörgås,53.8,g
1640,Deg smördeg gräddad,Kolesterol,Pizza paj pirog färdig smörgås,45.8,mg
1640,Deg smördeg gräddad,"Kalium, K",Pizza paj pirog färdig smörgås,97.0,mg
1640,Deg smördeg gräddad,"Jod, I",Pizza paj pirog färdig smörgås,31.6,µg
1640,Deg smördeg gräddad,Fullkorn totalt,Pizza paj pirog färdig smörgås,0.0,g
1640,Deg smördeg gräddad,"Folat, totalt",Pizza paj pirog färdig smörgås,12.6,µg
1640,Deg smördeg gräddad,Fibrer,Pizza paj pirog färdig smörgås,1.8,g
1640,Deg smördeg gräddad,"Fett, totalt",Pizza paj pirog färdig smörgås,20.8,g
1640,Deg smördeg gräddad,"Järn, Fe",Pizza paj pirog färdig smörgås,0.5,mg
1640,Deg smördeg gräddad,Energi (kJ),Pizza paj pirog färdig smörgås,1795.0,kJ
1640,Deg smördeg gräddad,Energi (kcal),Pizza paj pirog färdig smörgås,429.0,kcal
1640,Deg smördeg gräddad,Disackarider,Pizza paj pirog färdig smörgås,17.8,g
1640,Deg smördeg gräddad,"Kalcium, Ca",Pizza paj pirog färdig smörgås,16.0,mg
1640,Deg smördeg gräddad,Fettsyra 4:0-10:0,Pizza paj pirog färdig smörgås,0.5,g
1640,Deg smördeg gräddad,DHA (C22:6),Pizza paj pirog färdig smörgås,0.0,g
1640,Deg smördeg gräddad,DPA (C22:5),Pizza paj pirog färdig smörgås,0.0,g
1640,Deg smördeg gräddad,EPA (C20:5),Pizza paj pirog färdig smörgås,0.0,g
1640,Deg smördeg gräddad,Arakidonsyra C20:4,Pizza paj pirog färdig smörgås,0.0,g
1640,Deg smördeg gräddad,Arakidinsyra C20:0,Pizza paj pirog färdig smörgås,0.0,g
1640,Deg smördeg gräddad,Linolensyra C18:3,Pizza paj pirog färdig smörgås,0.7,g
1640,Deg smördeg gräddad,Linolsyra C18:2,Pizza paj pirog färdig smörgås,2.4,g
1640,Deg smördeg gräddad,Oljesyra C18:1,Pizza paj pirog färdig smörgås,7.5,g
1640,Deg smördeg gräddad,Stearinsyra C18:0,Pizza paj pirog färdig smörgås,1.0,g
1640,Deg smördeg gräddad,Palmitoljesyra C16:1,Pizza paj pirog färdig smörgås,0.1,g
1640,Deg smördeg gräddad,Palmitinsyra C16:0,Pizza paj pirog färdig smörgås,5.8,g
1640,Deg smördeg gräddad,Myristinsyra C14:0,Pizza paj pirog färdig smörgås,0.7,g
1640,Deg smördeg gräddad,Laurinsyra C12:0,Pizza paj pirog färdig smörgås,0.5,g
1640,Deg smördeg gräddad,Betakaroten/β-Karoten,Pizza paj pirog färdig smörgås,110.0,µg
1640,Deg smördeg gräddad,Avfall (skal etc.),Pizza paj pirog färdig smörgås,1.0,%
1640,Deg smördeg gräddad,Aska,Pizza paj pirog färdig smörgås,1.2,g
1640,Deg smördeg gräddad,Alkohol,Pizza paj pirog färdig smörgås,0.0,g
1641,Deg smördeg frysvara,"Zink, Zn",Pizza paj pirog färdig smörgås,0.4,mg
1641,Deg smördeg frysvara,Vitamin E,Pizza paj pirog färdig smörgås,2.7,mg
1641,Deg smördeg frysvara,Vitamin D,Pizza paj pirog färdig smörgås,2.37,µg
1641,Deg smördeg frysvara,Vitamin C,Pizza paj pirog färdig smörgås,0.0,mg
1641,Deg smördeg frysvara,Vitamin B6,Pizza paj pirog färdig smörgås,0.17,mg
1641,Deg smördeg frysvara,Vitamin B12,Pizza paj pirog färdig smörgås,0.03,µg
1641,Deg smördeg frysvara,Vitamin A,Pizza paj pirog färdig smörgås,310.0,RE/µg
1641,Deg smördeg frysvara,Vatten,Pizza paj pirog färdig smörgås,33.3,g
1641,Deg smördeg frysvara,Tiamin,Pizza paj pirog färdig smörgås,0.19,mg
1641,Deg smördeg frysvara,Tillsatt socker,Pizza paj pirog färdig smörgås,0.0,g
1641,Deg smördeg frysvara,Fritt socker,Pizza paj pirog färdig smörgås,0.0,g
1641,Deg smördeg frysvara,"Selen, Se",Pizza paj pirog färdig smörgås,0.8,µg
1641,Deg smördeg frysvara,Sackaros,Pizza paj pirog färdig smörgås,0.0,g
1641,Deg smördeg frysvara,Riboflavin,Pizza paj pirog färdig smörgås,0.08,mg
1641,Deg smördeg frysvara,Retinol,Pizza paj pirog färdig smörgås,310.0,µg
1641,Deg smördeg frysvara,Protein,Pizza paj pirog färdig smörgås,5.0,g
1641,Deg smördeg frysvara,Summa fleromättade fettsyror,Pizza paj pirog färdig smörgås,4.7,g
1641,Deg smördeg frysvara,"Fosfor, P",Pizza paj pirog färdig smörgås,59.0,mg
1641,Deg smördeg frysvara,Niacinekvivalenter,Pizza paj pirog färdig smörgås,2.7,NE/mg
1641,Deg smördeg frysvara,Niacin,Pizza paj pirog färdig smörgås,1.87,mg
1641,Deg smördeg frysvara,"Salt, NaCl",Pizza paj pirog färdig smörgås,0.0,g
1641,Deg smördeg frysvara,"Natrium, Na",Pizza paj pirog färdig smörgås,3.0,mg
1641,Deg smördeg frysvara,Monosackarider,Pizza paj pirog färdig smörgås,0.1,g
1641,Deg smördeg frysvara,"Sockerarter, totalt",Pizza paj pirog färdig smörgås,0.3,g
1641,Deg smördeg frysvara,Summa enkelomättade fettsyror,Pizza paj pirog färdig smörgås,10.4,g
1641,Deg smördeg frysvara,"Magnesium, Mg",Pizza paj pirog färdig smörgås,10.0,mg
1641,Deg smördeg frysvara,Summa mättade fettsyror,Pizza paj pirog färdig smörgås,10.3,g
1641,Deg smördeg frysvara,"Kolhydrater, tillgängliga",Pizza paj pirog färdig smörgås,31.8,g
1641,Deg smördeg frysvara,Kolesterol,Pizza paj pirog färdig smörgås,0.0,mg
1641,Deg smördeg frysvara,"Kalium, K",Pizza paj pirog färdig smörgås,61.0,mg
1641,Deg smördeg frysvara,"Jod, I",Pizza paj pirog färdig smörgås,1.0,µg
1641,Deg smördeg frysvara,Fullkorn totalt,Pizza paj pirog färdig smörgås,0.0,g
1641,Deg smördeg frysvara,"Folat, totalt",Pizza paj pirog färdig smörgås,10.2,µg
1641,Deg smördeg frysvara,Fibrer,Pizza paj pirog färdig smörgås,1.4,g
1641,Deg smördeg frysvara,"Fett, totalt",Pizza paj pirog färdig smörgås,27.5,g
1641,Deg smördeg frysvara,"Järn, Fe",Pizza paj pirog färdig smörgås,3.1,mg
1641,Deg smördeg frysvara,Energi (kJ),Pizza paj pirog färdig smörgås,1654.0,kJ
1641,Deg smördeg frysvara,Energi (kcal),Pizza paj pirog färdig smörgås,395.0,kcal
1641,Deg smördeg frysvara,Disackarider,Pizza paj pirog färdig smörgås,0.2,g
1641,Deg smördeg frysvara,"Kalcium, Ca",Pizza paj pirog färdig smörgås,13.0,mg
1641,Deg smördeg frysvara,Fettsyra 4:0-10:0,Pizza paj pirog färdig smörgås,0.0,g
1641,Deg smördeg frysvara,DHA (C22:6),Pizza paj pirog färdig smörgås,0.0,g
1641,Deg smördeg frysvara,DPA (C22:5),Pizza paj pirog färdig smörgås,0.0,g
1641,Deg smördeg frysvara,EPA (C20:5),Pizza paj pirog färdig smörgås,0.0,g
1641,Deg smördeg frysvara,Arakidonsyra C20:4,Pizza paj pirog färdig smörgås,0.0,g
1641,Deg smördeg frysvara,Arakidinsyra C20:0,Pizza paj pirog färdig smörgås,0.1,g
1641,Deg smördeg frysvara,Linolensyra C18:3,Pizza paj pirog färdig smörgås,0.4,g
1641,Deg smördeg frysvara,Linolsyra C18:2,Pizza paj pirog färdig smörgås,4.2,g
1641,Deg smördeg frysvara,Oljesyra C18:1,Pizza paj pirog färdig smörgås,10.3,g
1641,Deg smördeg frysvara,Stearinsyra C18:0,Pizza paj pirog färdig smörgås,2.0,g
1641,Deg smördeg frysvara,Palmitoljesyra C16:1,Pizza paj pirog färdig smörgås,0.0,g
1641,Deg smördeg frysvara,Palmitinsyra C16:0,Pizza paj pirog färdig smörgås,7.9,g
1641,Deg smördeg frysvara,Myristinsyra C14:0,Pizza paj pirog färdig smörgås,0.2,g
1641,Deg smördeg frysvara,Laurinsyra C12:0,Pizza paj pirog färdig smörgås,0.1,g
1641,Deg smördeg frysvara,Betakaroten/β-Karoten,Pizza paj pirog färdig smörgås,0.0,µg
1641,Deg smördeg frysvara,Avfall (skal etc.),Pizza paj pirog färdig smörgås,0.0,%
1641,Deg smördeg frysvara,Aska,Pizza paj pirog färdig smörgås,1.0,g
1641,Deg smördeg frysvara,Alkohol,Pizza paj pirog färdig smörgås,0.0,g
1642,Deg filodeg kylvara el. frysvara,"Zink, Zn",Pizza paj pirog färdig smörgås,0.6,mg
1642,Deg filodeg kylvara el. frysvara,Vitamin E,Pizza paj pirog färdig smörgås,0.4,mg
1642,Deg filodeg kylvara el. frysvara,Vitamin D inkl 25-OH-D3,Pizza paj pirog färdig smörgås,0.0,µg
1642,Deg filodeg kylvara el. frysvara,Vitamin D,Pizza paj pirog färdig smörgås,0.0,µg
1642,Deg filodeg kylvara el. frysvara,Vitamin C,Pizza paj pirog färdig smörgås,0.0,mg
1642,Deg filodeg kylvara el. frysvara,Vitamin B6,Pizza paj pirog färdig smörgås,0.09,mg
1642,Deg filodeg kylvara el. frysvara,Vitamin B12,Pizza paj pirog färdig smörgås,0.0,µg
1642,Deg filodeg kylvara el. frysvara,Vitamin A,Pizza paj pirog färdig smörgås,0.0,RE/µg
1642,Deg filodeg kylvara el. frysvara,Vatten,Pizza paj pirog färdig smörgås,28.7,g
1642,Deg filodeg kylvara el. frysvara,Tiamin,Pizza paj pirog färdig smörgås,0.14,mg
1642,Deg filodeg kylvara el. frysvara,Tillsatt socker,Pizza paj pirog färdig smörgås,0.0,g
1642,Deg filodeg kylvara el. frysvara,Fritt socker,Pizza paj pirog färdig smörgås,0.0,g
1642,Deg filodeg kylvara el. frysvara,"Selen, Se",Pizza paj pirog färdig smörgås,8.6,µg
1642,Deg filodeg kylvara el. frysvara,Sackaros,Pizza paj pirog färdig smörgås,0.1,g
1642,Deg filodeg kylvara el. frysvara,Riboflavin,Pizza paj pirog färdig smörgås,0.03,mg
1642,Deg filodeg kylvara el. frysvara,Retinol,Pizza paj pirog färdig smörgås,0.0,µg
1642,Deg filodeg kylvara el. frysvara,Protein,Pizza paj pirog färdig smörgås,8.0,g
1642,Deg filodeg kylvara el. frysvara,Summa fleromättade fettsyror,Pizza paj pirog färdig smörgås,0.5,g
1642,Deg filodeg kylvara el. frysvara,"Fosfor, P",Pizza paj pirog färdig smörgås,86.0,mg
1642,Deg filodeg kylvara el. frysvara,Niacinekvivalenter,Pizza paj pirog färdig smörgås,2.6,NE/mg
1642,Deg filodeg kylvara el. frysvara,Niacin,Pizza paj pirog färdig smörgås,1.3,mg
1642,Deg filodeg kylvara el. frysvara,"Salt, NaCl",Pizza paj pirog färdig smörgås,0.6,g
1642,Deg filodeg kylvara el. frysvara,"Natrium, Na",Pizza paj pirog färdig smörgås,253.0,mg
1642,Deg filodeg kylvara el. frysvara,Monosackarider,Pizza paj pirog färdig smörgås,0.4,g
1642,Deg filodeg kylvara el. frysvara,"Sockerarter, totalt",Pizza paj pirog färdig smörgås,3.0,g
1642,Deg filodeg kylvara el. frysvara,Summa enkelomättade fettsyror,Pizza paj pirog färdig smörgås,0.6,g
1642,Deg filodeg kylvara el. frysvara,"Magnesium, Mg",Pizza paj pirog färdig smörgås,23.0,mg
1642,Deg filodeg kylvara el. frysvara,Summa mättade fettsyror,Pizza paj pirog färdig smörgås,0.2,g
1642,Deg filodeg kylvara el. frysvara,"Kolhydrater, tillgängliga",Pizza paj pirog färdig smörgås,57.9,g
1642,Deg filodeg kylvara el. frysvara,Kolesterol,Pizza paj pirog färdig smörgås,0.0,mg
1642,Deg filodeg kylvara el. frysvara,"Kalium, K",Pizza paj pirog färdig smörgås,124.0,mg
1642,Deg filodeg kylvara el. frysvara,"Jod, I",Pizza paj pirog färdig smörgås,1.0,µg
1642,Deg filodeg kylvara el. frysvara,Fullkorn totalt,Pizza paj pirog färdig smörgås,0.0,g
1642,Deg filodeg kylvara el. frysvara,"Folat, totalt",Pizza paj pirog färdig smörgås,16.9,µg
1642,Deg filodeg kylvara el. frysvara,Fibrer,Pizza paj pirog färdig smörgås,2.4,g
1642,Deg filodeg kylvara el. frysvara,"Fett, totalt",Pizza paj pirog färdig smörgås,1.9,g
1642,Deg filodeg kylvara el. frysvara,"Järn, Fe",Pizza paj pirog färdig smörgås,1.5,mg
1642,Deg filodeg kylvara el. frysvara,Energi (kJ),Pizza paj pirog färdig smörgås,1209.0,kJ
1642,Deg filodeg kylvara el. frysvara,Energi (kcal),Pizza paj pirog färdig smörgås,289.0,kcal
1642,Deg filodeg kylvara el. frysvara,Disackarider,Pizza paj pirog färdig smörgås,2.6,g
1642,Deg filodeg kylvara el. frysvara,"Kalcium, Ca",Pizza paj pirog färdig smörgås,63.0,mg
1642,Deg filodeg kylvara el. frysvara,Fettsyra 4:0-10:0,Pizza paj pirog färdig smörgås,0.0,g
1642,Deg filodeg kylvara el. frysvara,DHA (C22:6),Pizza paj pirog färdig smörgås,0.0,g
1642,Deg filodeg kylvara el. frysvara,DPA (C22:5),Pizza paj pirog färdig smörgås,0.0,g
1642,Deg filodeg kylvara el. frysvara,EPA (C20:5),Pizza paj pirog färdig smörgås,0.0,g
1642,Deg filodeg kylvara el. frysvara,Arakidonsyra C20:4,Pizza paj pirog färdig smörgås,0.0,g
1642,Deg filodeg kylvara el. frysvara,Arakidinsyra C20:0,Pizza paj pirog färdig smörgås,0.0,g
1642,Deg filodeg kylvara el. frysvara,Linolensyra C18:3,Pizza paj pirog färdig smörgås,0.1,g
1642,Deg filodeg kylvara el. frysvara,Linolsyra C18:2,Pizza paj pirog färdig smörgås,0.4,g
1642,Deg filodeg kylvara el. frysvara,Oljesyra C18:1,Pizza paj pirog färdig smörgås,0.6,g
1642,Deg filodeg kylvara el. frysvara,Stearinsyra C18:0,Pizza paj pirog färdig smörgås,0.0,g
1642,Deg filodeg kylvara el. frysvara,Palmitoljesyra C16:1,Pizza paj pirog färdig smörgås,0.0,g
1642,Deg filodeg kylvara el. frysvara,Palmitinsyra C16:0,Pizza paj pirog färdig smörgås,0.1,g
1642,Deg filodeg kylvara el. frysvara,Myristinsyra C14:0,Pizza paj pirog färdig smörgås,0.0,g
1642,Deg filodeg kylvara el. frysvara,Laurinsyra C12:0,Pizza paj pirog färdig smörgås,0.0,g
1642,Deg filodeg kylvara el. frysvara,Betakaroten/β-Karoten,Pizza paj pirog färdig smörgås,0.0,µg
1642,Deg filodeg kylvara el. frysvara,Avfall (skal etc.),Pizza paj pirog färdig smörgås,0.0,%
1642,Deg filodeg kylvara el. frysvara,Aska,Pizza paj pirog färdig smörgås,1.1,g
1642,Deg filodeg kylvara el. frysvara,Alkohol,Pizza paj pirog färdig smörgås,0.0,g
1645,Gräddtårta,"Zink, Zn",Bullar kakor tårtor mm,0.3,mg
1645,Gräddtårta,Vitamin E,Bullar kakor tårtor mm,0.5,mg
1645,Gräddtårta,Vitamin D,Bullar kakor tårtor mm,0.8,µg
1645,Gräddtårta,Vitamin C,Bullar kakor tårtor mm,0.0,mg
1645,Gräddtårta,Vitamin B6,Bullar kakor tårtor mm,0.04,mg
1645,Gräddtårta,Vitamin B12,Bullar kakor tårtor mm,0.2,µg
1645,Gräddtårta,Vitamin A,Bullar kakor tårtor mm,92.5,RE/µg
1645,Gräddtårta,Vatten,Bullar kakor tårtor mm,49.0,g
1645,Gräddtårta,Tiamin,Bullar kakor tårtor mm,0.08,mg
1645,Gräddtårta,Tillsatt socker,Bullar kakor tårtor mm,9.0,g
1645,Gräddtårta,Fritt socker,Bullar kakor tårtor mm,9.0,g
1645,Gräddtårta,"Selen, Se",Bullar kakor tårtor mm,2.0,µg
1645,Gräddtårta,Sackaros,Bullar kakor tårtor mm,11.7,g
1645,Gräddtårta,Riboflavin,Bullar kakor tårtor mm,0.15,mg
1645,Gräddtårta,Retinol,Bullar kakor tårtor mm,90.0,µg
1645,Gräddtårta,Protein,Bullar kakor tårtor mm,3.0,g
1645,Gräddtårta,Summa fleromättade fettsyror,Bullar kakor tårtor mm,1.0,g
1645,Gräddtårta,"Fosfor, P",Bullar kakor tårtor mm,131.0,mg
1645,Gräddtårta,Niacinekvivalenter,Bullar kakor tårtor mm,0.9,NE/mg
1645,Gräddtårta,Niacin,Bullar kakor tårtor mm,0.4,mg
1645,Gräddtårta,"Salt, NaCl",Bullar kakor tårtor mm,0.3,g
1645,Gräddtårta,"Natrium, Na",Bullar kakor tårtor mm,106.0,mg
1645,Gräddtårta,Monosackarider,Bullar kakor tårtor mm,0.1,g
1645,Gräddtårta,"Sockerarter, totalt",Bullar kakor tårtor mm,13.5,g
1645,Gräddtårta,Summa enkelomättade fettsyror,Bullar kakor tårtor mm,5.7,g
1645,Gräddtårta,"Magnesium, Mg",Bullar kakor tårtor mm,8.0,mg
1645,Gräddtårta,Summa mättade fettsyror,Bullar kakor tårtor mm,11.3,g
1645,Gräddtårta,"Kolhydrater, tillgängliga",Bullar kakor tårtor mm,27.7,g
1645,Gräddtårta,Kolesterol,Bullar kakor tårtor mm,100.0,mg
1645,Gräddtårta,"Kalium, K",Bullar kakor tårtor mm,109.0,mg
1645,Gräddtårta,"Jod, I",Bullar kakor tårtor mm,4.0,µg
1645,Gräddtårta,Fullkorn totalt,Bullar kakor tårtor mm,0.0,g
1645,Gräddtårta,"Folat, totalt",Bullar kakor tårtor mm,4.0,µg
1645,Gräddtårta,Fibrer,Bullar kakor tårtor mm,0.5,g
1645,Gräddtårta,"Fett, totalt",Bullar kakor tårtor mm,19.0,g
1645,Gräddtårta,"Järn, Fe",Bullar kakor tårtor mm,0.3,mg
1645,Gräddtårta,Energi (kJ),Bullar kakor tårtor mm,1229.0,kJ
1645,Gräddtårta,Energi (kcal),Bullar kakor tårtor mm,294.0,kcal
1645,Gräddtårta,Disackarider,Bullar kakor tårtor mm,13.4,g
1645,Gräddtårta,"Kalcium, Ca",Bullar kakor tårtor mm,58.0,mg
1645,Gräddtårta,Fettsyra 4:0-10:0,Bullar kakor tårtor mm,1.2,g
1645,Gräddtårta,DHA (C22:6),Bullar kakor tårtor mm,0.0,g
1645,Gräddtårta,DPA (C22:5),Bullar kakor tårtor mm,0.0,g
1645,Gräddtårta,EPA (C20:5),Bullar kakor tårtor mm,0.0,g
1645,Gräddtårta,Arakidonsyra C20:4,Bullar kakor tårtor mm,0.0,g
1645,Gräddtårta,Arakidinsyra C20:0,Bullar kakor tårtor mm,0.0,g
1645,Gräddtårta,Linolensyra C18:3,Bullar kakor tårtor mm,0.1,g
1645,Gräddtårta,Linolsyra C18:2,Bullar kakor tårtor mm,0.6,g
1645,Gräddtårta,Oljesyra C18:1,Bullar kakor tårtor mm,5.0,g
1645,Gräddtårta,Stearinsyra C18:0,Bullar kakor tårtor mm,2.4,g
1645,Gräddtårta,Palmitoljesyra C16:1,Bullar kakor tårtor mm,0.3,g
1645,Gräddtårta,Palmitinsyra C16:0,Bullar kakor tårtor mm,4.6,g
1645,Gräddtårta,Myristinsyra C14:0,Bullar kakor tårtor mm,1.8,g
1645,Gräddtårta,Laurinsyra C12:0,Bullar kakor tårtor mm,0.7,g
1645,Gräddtårta,Betakaroten/β-Karoten,Bullar kakor tårtor mm,30.0,µg
1645,Gräddtårta,Avfall (skal etc.),Bullar kakor tårtor mm,0.0,%
1645,Gräddtårta,Aska,Bullar kakor tårtor mm,0.8,g
1645,Gräddtårta,Alkohol,Bullar kakor tårtor mm,0.0,g
1646,Toscabit m. mazarinmassa mandel choklad,"Zink, Zn",Bullar kakor tårtor mm,0.9,mg
1646,Toscabit m. mazarinmassa mandel choklad,Vitamin E,Bullar kakor tårtor mm,6.8,mg
1646,Toscabit m. mazarinmassa mandel choklad,Vitamin D,Bullar kakor tårtor mm,1.16,µg
1646,Toscabit m. mazarinmassa mandel choklad,Vitamin C,Bullar kakor tårtor mm,0.0,mg
1646,Toscabit m. mazarinmassa mandel choklad,Vitamin B6,Bullar kakor tårtor mm,0.05,mg
1646,Toscabit m. mazarinmassa mandel choklad,Vitamin B12,Bullar kakor tårtor mm,0.22,µg
1646,Toscabit m. mazarinmassa mandel choklad,Vitamin A,Bullar kakor tårtor mm,188.5,RE/µg
1646,Toscabit m. mazarinmassa mandel choklad,Vatten,Bullar kakor tårtor mm,13.5,g
1646,Toscabit m. mazarinmassa mandel choklad,Tiamin,Bullar kakor tårtor mm,0.03,mg
1646,Toscabit m. mazarinmassa mandel choklad,Tillsatt socker,Bullar kakor tårtor mm,31.0,g
1646,Toscabit m. mazarinmassa mandel choklad,Fritt socker,Bullar kakor tårtor mm,31.0,g
1646,Toscabit m. mazarinmassa mandel choklad,"Selen, Se",Bullar kakor tårtor mm,4.1,µg
1646,Toscabit m. mazarinmassa mandel choklad,Sackaros,Bullar kakor tårtor mm,28.8,g
1646,Toscabit m. mazarinmassa mandel choklad,Riboflavin,Bullar kakor tårtor mm,0.21,mg
1646,Toscabit m. mazarinmassa mandel choklad,Retinol,Bullar kakor tårtor mm,185.0,µg
1646,Toscabit m. mazarinmassa mandel choklad,Protein,Bullar kakor tårtor mm,6.6,g
1646,Toscabit m. mazarinmassa mandel choklad,Summa fleromättade fettsyror,Bullar kakor tårtor mm,3.8,g
1646,Toscabit m. mazarinmassa mandel choklad,"Fosfor, P",Bullar kakor tårtor mm,144.0,mg
1646,Toscabit m. mazarinmassa mandel choklad,Niacinekvivalenter,Bullar kakor tårtor mm,1.9,NE/mg
1646,Toscabit m. mazarinmassa mandel choklad,Niacin,Bullar kakor tårtor mm,0.83,mg
1646,Toscabit m. mazarinmassa mandel choklad,"Salt, NaCl",Bullar kakor tårtor mm,0.4,g
1646,Toscabit m. mazarinmassa mandel choklad,"Natrium, Na",Bullar kakor tårtor mm,165.0,mg
1646,Toscabit m. mazarinmassa mandel choklad,Monosackarider,Bullar kakor tårtor mm,1.5,g
1646,Toscabit m. mazarinmassa mandel choklad,"Sockerarter, totalt",Bullar kakor tårtor mm,31.6,g
1646,Toscabit m. mazarinmassa mandel choklad,Summa enkelomättade fettsyror,Bullar kakor tårtor mm,12.6,g
1646,Toscabit m. mazarinmassa mandel choklad,"Magnesium, Mg",Bullar kakor tårtor mm,55.0,mg
1646,Toscabit m. mazarinmassa mandel choklad,Summa mättade fettsyror,Bullar kakor tårtor mm,13.5,g
1646,Toscabit m. mazarinmassa mandel choklad,"Kolhydrater, tillgängliga",Bullar kakor tårtor mm,42.6,g
1646,Toscabit m. mazarinmassa mandel choklad,Kolesterol,Bullar kakor tårtor mm,74.8,mg
1646,Toscabit m. mazarinmassa mandel choklad,"Kalium, K",Bullar kakor tårtor mm,221.0,mg
1646,Toscabit m. mazarinmassa mandel choklad,"Jod, I",Bullar kakor tårtor mm,5.0,µg
1646,Toscabit m. mazarinmassa mandel choklad,Fullkorn totalt,Bullar kakor tårtor mm,0.0,g
1646,Toscabit m. mazarinmassa mandel choklad,"Folat, totalt",Bullar kakor tårtor mm,23.3,µg
1646,Toscabit m. mazarinmassa mandel choklad,Fibrer,Bullar kakor tårtor mm,4.8,g
1646,Toscabit m. mazarinmassa mandel choklad,"Fett, totalt",Bullar kakor tårtor mm,31.4,g
1646,Toscabit m. mazarinmassa mandel choklad,"Järn, Fe",Bullar kakor tårtor mm,1.9,mg
1646,Toscabit m. mazarinmassa mandel choklad,Energi (kJ),Bullar kakor tårtor mm,2038.0,kJ
1646,Toscabit m. mazarinmassa mandel choklad,Energi (kcal),Bullar kakor tårtor mm,487.0,kcal
1646,Toscabit m. mazarinmassa mandel choklad,Disackarider,Bullar kakor tårtor mm,30.1,g
1646,Toscabit m. mazarinmassa mandel choklad,"Kalcium, Ca",Bullar kakor tårtor mm,55.0,mg
1646,Toscabit m. mazarinmassa mandel choklad,Fettsyra 4:0-10:0,Bullar kakor tårtor mm,1.0,g
1646,Toscabit m. mazarinmassa mandel choklad,DHA (C22:6),Bullar kakor tårtor mm,0.0,g
1646,Toscabit m. mazarinmassa mandel choklad,DPA (C22:5),Bullar kakor tårtor mm,0.0,g
1646,Toscabit m. mazarinmassa mandel choklad,EPA (C20:5),Bullar kakor tårtor mm,0.0,g
1646,Toscabit m. mazarinmassa mandel choklad,Arakidonsyra C20:4,Bullar kakor tårtor mm,0.0,g
1646,Toscabit m. mazarinmassa mandel choklad,Arakidinsyra C20:0,Bullar kakor tårtor mm,0.1,g
1646,Toscabit m. mazarinmassa mandel choklad,Linolensyra C18:3,Bullar kakor tårtor mm,0.4,g
1646,Toscabit m. mazarinmassa mandel choklad,Linolsyra C18:2,Bullar kakor tårtor mm,3.4,g
1646,Toscabit m. mazarinmassa mandel choklad,Oljesyra C18:1,Bullar kakor tårtor mm,12.2,g
1646,Toscabit m. mazarinmassa mandel choklad,Stearinsyra C18:0,Bullar kakor tårtor mm,2.0,g
1646,Toscabit m. mazarinmassa mandel choklad,Palmitoljesyra C16:1,Bullar kakor tårtor mm,0.2,g
1646,Toscabit m. mazarinmassa mandel choklad,Palmitinsyra C16:0,Bullar kakor tårtor mm,5.1,g
1646,Toscabit m. mazarinmassa mandel choklad,Myristinsyra C14:0,Bullar kakor tårtor mm,1.7,g
1646,Toscabit m. mazarinmassa mandel choklad,Laurinsyra C12:0,Bullar kakor tårtor mm,3.4,g
1646,Toscabit m. mazarinmassa mandel choklad,Betakaroten/β-Karoten,Bullar kakor tårtor mm,38.0,µg
1646,Toscabit m. mazarinmassa mandel choklad,Avfall (skal etc.),Bullar kakor tårtor mm,0.0,%
1646,Toscabit m. mazarinmassa mandel choklad,Aska,Bullar kakor tårtor mm,1.1,g
1646,Toscabit m. mazarinmassa mandel choklad,Alkohol,Bullar kakor tårtor mm,0.0,g
1647,Bärtårta m. grädde vaniljkräm sylt gele,"Zink, Zn",Bullar kakor tårtor mm,0.4,mg
1647,Bärtårta m. grädde vaniljkräm sylt gele,Vitamin E,Bullar kakor tårtor mm,1.4,mg
1647,Bärtårta m. grädde vaniljkräm sylt gele,Vitamin D,Bullar kakor tårtor mm,0.1,µg
1647,Bärtårta m. grädde vaniljkräm sylt gele,Vitamin C,Bullar kakor tårtor mm,1.9,mg
1647,Bärtårta m. grädde vaniljkräm sylt gele,Vitamin B6,Bullar kakor tårtor mm,0.06,mg
1647,Bärtårta m. grädde vaniljkräm sylt gele,Vitamin B12,Bullar kakor tårtor mm,0.16,µg
1647,Bärtårta m. grädde vaniljkräm sylt gele,Vitamin A,Bullar kakor tårtor mm,99.2,RE/µg
1647,Bärtårta m. grädde vaniljkräm sylt gele,Vatten,Bullar kakor tårtor mm,50.5,g
1647,Bärtårta m. grädde vaniljkräm sylt gele,Tiamin,Bullar kakor tårtor mm,0.02,mg
1647,Bärtårta m. grädde vaniljkräm sylt gele,Tillsatt socker,Bullar kakor tårtor mm,20.0,g
1647,Bärtårta m. grädde vaniljkräm sylt gele,Fritt socker,Bullar kakor tårtor mm,20.0,g
1647,Bärtårta m. grädde vaniljkräm sylt gele,"Selen, Se",Bullar kakor tårtor mm,0.0,µg
1647,Bärtårta m. grädde vaniljkräm sylt gele,Sackaros,Bullar kakor tårtor mm,14.8,g
1647,Bärtårta m. grädde vaniljkräm sylt gele,Riboflavin,Bullar kakor tårtor mm,0.26,mg
1647,Bärtårta m. grädde vaniljkräm sylt gele,Retinol,Bullar kakor tårtor mm,93.8,µg
1647,Bärtårta m. grädde vaniljkräm sylt gele,Protein,Bullar kakor tårtor mm,3.2,g
1647,Bärtårta m. grädde vaniljkräm sylt gele,Summa fleromättade fettsyror,Bullar kakor tårtor mm,0.6,g
1647,Bärtårta m. grädde vaniljkräm sylt gele,"Fosfor, P",Bullar kakor tårtor mm,87.0,mg
1647,Bärtårta m. grädde vaniljkräm sylt gele,Niacinekvivalenter,Bullar kakor tårtor mm,1.1,NE/mg
1647,Bärtårta m. grädde vaniljkräm sylt gele,Niacin,Bullar kakor tårtor mm,0.3,mg
1647,Bärtårta m. grädde vaniljkräm sylt gele,"Salt, NaCl",Bullar kakor tårtor mm,0.2,g
1647,Bärtårta m. grädde vaniljkräm sylt gele,"Natrium, Na",Bullar kakor tårtor mm,84.0,mg
1647,Bärtårta m. grädde vaniljkräm sylt gele,Monosackarider,Bullar kakor tårtor mm,6.2,g
1647,Bärtårta m. grädde vaniljkräm sylt gele,"Sockerarter, totalt",Bullar kakor tårtor mm,22.6,g
1647,Bärtårta m. grädde vaniljkräm sylt gele,Summa enkelomättade fettsyror,Bullar kakor tårtor mm,3.5,g
1647,Bärtårta m. grädde vaniljkräm sylt gele,"Magnesium, Mg",Bullar kakor tårtor mm,13.0,mg
1647,Bärtårta m. grädde vaniljkräm sylt gele,Summa mättade fettsyror,Bullar kakor tårtor mm,6.2,g
1647,Bärtårta m. grädde vaniljkräm sylt gele,"Kolhydrater, tillgängliga",Bullar kakor tårtor mm,31.4,g
1647,Bärtårta m. grädde vaniljkräm sylt gele,Kolesterol,Bullar kakor tårtor mm,43.9,mg
1647,Bärtårta m. grädde vaniljkräm sylt gele,"Kalium, K",Bullar kakor tårtor mm,112.0,mg
1647,Bärtårta m. grädde vaniljkräm sylt gele,"Jod, I",Bullar kakor tårtor mm,6.0,µg
1647,Bärtårta m. grädde vaniljkräm sylt gele,Fullkorn totalt,Bullar kakor tårtor mm,0.0,g
1647,Bärtårta m. grädde vaniljkräm sylt gele,"Folat, totalt",Bullar kakor tårtor mm,16.7,µg
1647,Bärtårta m. grädde vaniljkräm sylt gele,Fibrer,Bullar kakor tårtor mm,3.3,g
1647,Bärtårta m. grädde vaniljkräm sylt gele,"Fett, totalt",Bullar kakor tårtor mm,11.0,g
1647,Bärtårta m. grädde vaniljkräm sylt gele,"Järn, Fe",Bullar kakor tårtor mm,0.5,mg
1647,Bärtårta m. grädde vaniljkräm sylt gele,Energi (kJ),Bullar kakor tårtor mm,1023.0,kJ
1647,Bärtårta m. grädde vaniljkräm sylt gele,Energi (kcal),Bullar kakor tårtor mm,245.0,kcal
1647,Bärtårta m. grädde vaniljkräm sylt gele,Disackarider,Bullar kakor tårtor mm,16.4,g
1647,Bärtårta m. grädde vaniljkräm sylt gele,"Kalcium, Ca",Bullar kakor tårtor mm,51.0,mg
1647,Bärtårta m. grädde vaniljkräm sylt gele,Fettsyra 4:0-10:0,Bullar kakor tårtor mm,0.7,g
1647,Bärtårta m. grädde vaniljkräm sylt gele,DHA (C22:6),Bullar kakor tårtor mm,0.0,g
1647,Bärtårta m. grädde vaniljkräm sylt gele,DPA (C22:5),Bullar kakor tårtor mm,0.0,g
1647,Bärtårta m. grädde vaniljkräm sylt gele,EPA (C20:5),Bullar kakor tårtor mm,0.0,g
1647,Bärtårta m. grädde vaniljkräm sylt gele,Arakidonsyra C20:4,Bullar kakor tårtor mm,0.0,g
1647,Bärtårta m. grädde vaniljkräm sylt gele,Arakidinsyra C20:0,Bullar kakor tårtor mm,0.0,g
1647,Bärtårta m. grädde vaniljkräm sylt gele,Linolensyra C18:3,Bullar kakor tårtor mm,0.1,g
1647,Bärtårta m. grädde vaniljkräm sylt gele,Linolsyra C18:2,Bullar kakor tårtor mm,0.5,g
1647,Bärtårta m. grädde vaniljkräm sylt gele,Oljesyra C18:1,Bullar kakor tårtor mm,3.2,g
1647,Bärtårta m. grädde vaniljkräm sylt gele,Stearinsyra C18:0,Bullar kakor tårtor mm,1.2,g
1647,Bärtårta m. grädde vaniljkräm sylt gele,Palmitoljesyra C16:1,Bullar kakor tårtor mm,0.2,g
1647,Bärtårta m. grädde vaniljkräm sylt gele,Palmitinsyra C16:0,Bullar kakor tårtor mm,2.8,g
1647,Bärtårta m. grädde vaniljkräm sylt gele,Myristinsyra C14:0,Bullar kakor tårtor mm,0.9,g
1647,Bärtårta m. grädde vaniljkräm sylt gele,Laurinsyra C12:0,Bullar kakor tårtor mm,0.3,g
1647,Bärtårta m. grädde vaniljkräm sylt gele,Betakaroten/β-Karoten,Bullar kakor tårtor mm,63.0,µg
1647,Bärtårta m. grädde vaniljkräm sylt gele,Avfall (skal etc.),Bullar kakor tårtor mm,0.0,%
1647,Bärtårta m. grädde vaniljkräm sylt gele,Aska,Bullar kakor tårtor mm,0.6,g
1647,Bärtårta m. grädde vaniljkräm sylt gele,Alkohol,Bullar kakor tårtor mm,0.0,g
1648,Prinsesstårta m. grädde vaniljkräm hallonsylt marsipan,"Zink, Zn",Bullar kakor tårtor mm,0.4,mg
1648,Prinsesstårta m. grädde vaniljkräm hallonsylt marsipan,Vitamin E,Bullar kakor tårtor mm,1.6,mg
1648,Prinsesstårta m. grädde vaniljkräm hallonsylt marsipan,Vitamin D,Bullar kakor tårtor mm,0.1,µg
1648,Prinsesstårta m. grädde vaniljkräm hallonsylt marsipan,Vitamin C,Bullar kakor tårtor mm,0.0,mg
1648,Prinsesstårta m. grädde vaniljkräm hallonsylt marsipan,Vitamin B6,Bullar kakor tårtor mm,0.03,mg
1648,Prinsesstårta m. grädde vaniljkräm hallonsylt marsipan,Vitamin B12,Bullar kakor tårtor mm,0.2,µg
1648,Prinsesstårta m. grädde vaniljkräm hallonsylt marsipan,Vitamin A,Bullar kakor tårtor mm,111.0,RE/µg
1648,Prinsesstårta m. grädde vaniljkräm hallonsylt marsipan,Vatten,Bullar kakor tårtor mm,41.9,g
1648,Prinsesstårta m. grädde vaniljkräm hallonsylt marsipan,Tiamin,Bullar kakor tårtor mm,0.02,mg
1648,Prinsesstårta m. grädde vaniljkräm hallonsylt marsipan,Tillsatt socker,Bullar kakor tårtor mm,24.0,g
1648,Prinsesstårta m. grädde vaniljkräm hallonsylt marsipan,Fritt socker,Bullar kakor tårtor mm,24.0,g
1648,Prinsesstårta m. grädde vaniljkräm hallonsylt marsipan,"Selen, Se",Bullar kakor tårtor mm,1.5,µg
1648,Prinsesstårta m. grädde vaniljkräm hallonsylt marsipan,Sackaros,Bullar kakor tårtor mm,21.8,g
1648,Prinsesstårta m. grädde vaniljkräm hallonsylt marsipan,Riboflavin,Bullar kakor tårtor mm,0.32,mg
1648,Prinsesstårta m. grädde vaniljkräm hallonsylt marsipan,Retinol,Bullar kakor tårtor mm,105.0,µg
1648,Prinsesstårta m. grädde vaniljkräm hallonsylt marsipan,Protein,Bullar kakor tårtor mm,4.3,g
1648,Prinsesstårta m. grädde vaniljkräm hallonsylt marsipan,Summa fleromättade fettsyror,Bullar kakor tårtor mm,1.3,g
1648,Prinsesstårta m. grädde vaniljkräm hallonsylt marsipan,"Fosfor, P",Bullar kakor tårtor mm,109.0,mg
1648,Prinsesstårta m. grädde vaniljkräm hallonsylt marsipan,Niacinekvivalenter,Bullar kakor tårtor mm,1.4,NE/mg
1648,Prinsesstårta m. grädde vaniljkräm hallonsylt marsipan,Niacin,Bullar kakor tårtor mm,0.32,mg
1648,Prinsesstårta m. grädde vaniljkräm hallonsylt marsipan,"Salt, NaCl",Bullar kakor tårtor mm,0.3,g
1648,Prinsesstårta m. grädde vaniljkräm hallonsylt marsipan,"Natrium, Na",Bullar kakor tårtor mm,104.0,mg
1648,Prinsesstårta m. grädde vaniljkräm hallonsylt marsipan,Monosackarider,Bullar kakor tårtor mm,2.5,g
1648,Prinsesstårta m. grädde vaniljkräm hallonsylt marsipan,"Sockerarter, totalt",Bullar kakor tårtor mm,26.3,g
1648,Prinsesstårta m. grädde vaniljkräm hallonsylt marsipan,Summa enkelomättade fettsyror,Bullar kakor tårtor mm,4.9,g
1648,Prinsesstårta m. grädde vaniljkräm hallonsylt marsipan,"Magnesium, Mg",Bullar kakor tårtor mm,14.0,mg
1648,Prinsesstårta m. grädde vaniljkräm hallonsylt marsipan,Summa mättade fettsyror,Bullar kakor tårtor mm,6.8,g
1648,Prinsesstårta m. grädde vaniljkräm hallonsylt marsipan,"Kolhydrater, tillgängliga",Bullar kakor tårtor mm,37.3,g
1648,Prinsesstårta m. grädde vaniljkräm hallonsylt marsipan,Kolesterol,Bullar kakor tårtor mm,53.7,mg
1648,Prinsesstårta m. grädde vaniljkräm hallonsylt marsipan,"Kalium, K",Bullar kakor tårtor mm,103.0,mg
1648,Prinsesstårta m. grädde vaniljkräm hallonsylt marsipan,"Jod, I",Bullar kakor tårtor mm,6.0,µg
1648,Prinsesstårta m. grädde vaniljkräm hallonsylt marsipan,Fullkorn totalt,Bullar kakor tårtor mm,0.0,g
1648,Prinsesstårta m. grädde vaniljkräm hallonsylt marsipan,"Folat, totalt",Bullar kakor tårtor mm,15.3,µg
1648,Prinsesstårta m. grädde vaniljkräm hallonsylt marsipan,Fibrer,Bullar kakor tårtor mm,2.1,g
1648,Prinsesstårta m. grädde vaniljkräm hallonsylt marsipan,"Fett, totalt",Bullar kakor tårtor mm,13.8,g
1648,Prinsesstårta m. grädde vaniljkräm hallonsylt marsipan,"Järn, Fe",Bullar kakor tårtor mm,0.5,mg
1648,Prinsesstårta m. grädde vaniljkräm hallonsylt marsipan,Energi (kJ),Bullar kakor tårtor mm,1235.0,kJ
1648,Prinsesstårta m. grädde vaniljkräm hallonsylt marsipan,Energi (kcal),Bullar kakor tårtor mm,295.0,kcal
1648,Prinsesstårta m. grädde vaniljkräm hallonsylt marsipan,Disackarider,Bullar kakor tårtor mm,23.8,g
1648,Prinsesstårta m. grädde vaniljkräm hallonsylt marsipan,"Kalcium, Ca",Bullar kakor tårtor mm,60.0,mg
1648,Prinsesstårta m. grädde vaniljkräm hallonsylt marsipan,Fettsyra 4:0-10:0,Bullar kakor tårtor mm,0.9,g
1648,Prinsesstårta m. grädde vaniljkräm hallonsylt marsipan,DHA (C22:6),Bullar kakor tårtor mm,0.0,g
1648,Prinsesstårta m. grädde vaniljkräm hallonsylt marsipan,DPA (C22:5),Bullar kakor tårtor mm,0.0,g
1648,Prinsesstårta m. grädde vaniljkräm hallonsylt marsipan,EPA (C20:5),Bullar kakor tårtor mm,0.0,g
1648,Prinsesstårta m. grädde vaniljkräm hallonsylt marsipan,Arakidonsyra C20:4,Bullar kakor tårtor mm,0.0,g
1648,Prinsesstårta m. grädde vaniljkräm hallonsylt marsipan,Arakidinsyra C20:0,Bullar kakor tårtor mm,0.0,g
1648,Prinsesstårta m. grädde vaniljkräm hallonsylt marsipan,Linolensyra C18:3,Bullar kakor tårtor mm,0.1,g
1648,Prinsesstårta m. grädde vaniljkräm hallonsylt marsipan,Linolsyra C18:2,Bullar kakor tårtor mm,1.1,g
1648,Prinsesstårta m. grädde vaniljkräm hallonsylt marsipan,Oljesyra C18:1,Bullar kakor tårtor mm,4.5,g
1648,Prinsesstårta m. grädde vaniljkräm hallonsylt marsipan,Stearinsyra C18:0,Bullar kakor tårtor mm,1.1,g
1648,Prinsesstårta m. grädde vaniljkräm hallonsylt marsipan,Palmitoljesyra C16:1,Bullar kakor tårtor mm,0.2,g
1648,Prinsesstårta m. grädde vaniljkräm hallonsylt marsipan,Palmitinsyra C16:0,Bullar kakor tårtor mm,3.1,g
1648,Prinsesstårta m. grädde vaniljkräm hallonsylt marsipan,Myristinsyra C14:0,Bullar kakor tårtor mm,1.0,g
1648,Prinsesstårta m. grädde vaniljkräm hallonsylt marsipan,Laurinsyra C12:0,Bullar kakor tårtor mm,0.3,g
1648,Prinsesstårta m. grädde vaniljkräm hallonsylt marsipan,Betakaroten/β-Karoten,Bullar kakor tårtor mm,70.0,µg
1648,Prinsesstårta m. grädde vaniljkräm hallonsylt marsipan,Avfall (skal etc.),Bullar kakor tårtor mm,0.0,%
1648,Prinsesstårta m. grädde vaniljkräm hallonsylt marsipan,Aska,Bullar kakor tårtor mm,0.7,g
1648,Prinsesstårta m. grädde vaniljkräm hallonsylt marsipan,Alkohol,Bullar kakor tårtor mm,0.0,g
1649,Chokladtårta Sachertårta,"Zink, Zn",Bullar kakor tårtor mm,0.9,mg
1649,Chokladtårta Sachertårta,Vitamin E,Bullar kakor tårtor mm,1.3,mg
1649,Chokladtårta Sachertårta,Vitamin D,Bullar kakor tårtor mm,0.2,µg
1649,Chokladtårta Sachertårta,Vitamin C,Bullar kakor tårtor mm,0.0,mg
1649,Chokladtårta Sachertårta,Vitamin B6,Bullar kakor tårtor mm,0.05,mg
1649,Chokladtårta Sachertårta,Vitamin B12,Bullar kakor tårtor mm,0.17,µg
1649,Chokladtårta Sachertårta,Vitamin A,Bullar kakor tårtor mm,185.5,RE/µg
1649,Chokladtårta Sachertårta,Vatten,Bullar kakor tårtor mm,18.0,g
1649,Chokladtårta Sachertårta,Tiamin,Bullar kakor tårtor mm,0.02,mg
1649,Chokladtårta Sachertårta,Tillsatt socker,Bullar kakor tårtor mm,30.0,g
1649,Chokladtårta Sachertårta,Fritt socker,Bullar kakor tårtor mm,30.0,g
1649,Chokladtårta Sachertårta,"Selen, Se",Bullar kakor tårtor mm,0.5,µg
1649,Chokladtårta Sachertårta,Sackaros,Bullar kakor tårtor mm,26.6,g
1649,Chokladtårta Sachertårta,Riboflavin,Bullar kakor tårtor mm,0.11,mg
1649,Chokladtårta Sachertårta,Retinol,Bullar kakor tårtor mm,178.0,µg
1649,Chokladtårta Sachertårta,Protein,Bullar kakor tårtor mm,5.6,g
1649,Chokladtårta Sachertårta,Summa fleromättade fettsyror,Bullar kakor tårtor mm,1.2,g
1649,Chokladtårta Sachertårta,"Fosfor, P",Bullar kakor tårtor mm,170.0,mg
1649,Chokladtårta Sachertårta,Niacinekvivalenter,Bullar kakor tårtor mm,1.9,NE/mg
1649,Chokladtårta Sachertårta,Niacin,Bullar kakor tårtor mm,0.46,mg
1649,Chokladtårta Sachertårta,"Salt, NaCl",Bullar kakor tårtor mm,0.6,g
1649,Chokladtårta Sachertårta,"Natrium, Na",Bullar kakor tårtor mm,231.0,mg
1649,Chokladtårta Sachertårta,Monosackarider,Bullar kakor tårtor mm,3.5,g
1649,Chokladtårta Sachertårta,"Sockerarter, totalt",Bullar kakor tårtor mm,30.9,g
1649,Chokladtårta Sachertårta,Summa enkelomättade fettsyror,Bullar kakor tårtor mm,7.0,g
1649,Chokladtårta Sachertårta,"Magnesium, Mg",Bullar kakor tårtor mm,38.0,mg
1649,Chokladtårta Sachertårta,Summa mättade fettsyror,Bullar kakor tårtor mm,15.7,g
1649,Chokladtårta Sachertårta,"Kolhydrater, tillgängliga",Bullar kakor tårtor mm,46.8,g
1649,Chokladtårta Sachertårta,Kolesterol,Bullar kakor tårtor mm,97.9,mg
1649,Chokladtårta Sachertårta,"Kalium, K",Bullar kakor tårtor mm,186.0,mg
1649,Chokladtårta Sachertårta,"Jod, I",Bullar kakor tårtor mm,8.0,µg
1649,Chokladtårta Sachertårta,Fullkorn totalt,Bullar kakor tårtor mm,0.0,g
1649,Chokladtårta Sachertårta,"Folat, totalt",Bullar kakor tårtor mm,21.6,µg
1649,Chokladtårta Sachertårta,Fibrer,Bullar kakor tårtor mm,3.0,g
1649,Chokladtårta Sachertårta,"Fett, totalt",Bullar kakor tårtor mm,25.3,g
1649,Chokladtårta Sachertårta,"Järn, Fe",Bullar kakor tårtor mm,2.0,mg
1649,Chokladtårta Sachertårta,Energi (kJ),Bullar kakor tårtor mm,1852.0,kJ
1649,Chokladtårta Sachertårta,Energi (kcal),Bullar kakor tårtor mm,443.0,kcal
1649,Chokladtårta Sachertårta,Disackarider,Bullar kakor tårtor mm,27.3,g
1649,Chokladtårta Sachertårta,"Kalcium, Ca",Bullar kakor tårtor mm,28.0,mg
1649,Chokladtårta Sachertårta,Fettsyra 4:0-10:0,Bullar kakor tårtor mm,1.3,g
1649,Chokladtårta Sachertårta,DHA (C22:6),Bullar kakor tårtor mm,0.0,g
1649,Chokladtårta Sachertårta,DPA (C22:5),Bullar kakor tårtor mm,0.0,g
1649,Chokladtårta Sachertårta,EPA (C20:5),Bullar kakor tårtor mm,0.0,g
1649,Chokladtårta Sachertårta,Arakidonsyra C20:4,Bullar kakor tårtor mm,0.0,g
1649,Chokladtårta Sachertårta,Arakidinsyra C20:0,Bullar kakor tårtor mm,0.1,g
1649,Chokladtårta Sachertårta,Linolensyra C18:3,Bullar kakor tårtor mm,0.1,g
1649,Chokladtårta Sachertårta,Linolsyra C18:2,Bullar kakor tårtor mm,1.0,g
1649,Chokladtårta Sachertårta,Oljesyra C18:1,Bullar kakor tårtor mm,6.4,g
1649,Chokladtårta Sachertårta,Stearinsyra C18:0,Bullar kakor tårtor mm,4.5,g
1649,Chokladtårta Sachertårta,Palmitoljesyra C16:1,Bullar kakor tårtor mm,0.3,g
1649,Chokladtårta Sachertårta,Palmitinsyra C16:0,Bullar kakor tårtor mm,7.0,g
1649,Chokladtårta Sachertårta,Myristinsyra C14:0,Bullar kakor tårtor mm,1.7,g
1649,Chokladtårta Sachertårta,Laurinsyra C12:0,Bullar kakor tårtor mm,0.6,g
1649,Chokladtårta Sachertårta,Betakaroten/β-Karoten,Bullar kakor tårtor mm,89.0,µg
1649,Chokladtårta Sachertårta,Avfall (skal etc.),Bullar kakor tårtor mm,0.0,%
1649,Chokladtårta Sachertårta,Aska,Bullar kakor tårtor mm,1.3,g
1649,Chokladtårta Sachertårta,Alkohol,Bullar kakor tårtor mm,0.0,g
1650,Napoleonbakelse m. grädde vaniljkräm hallonsylt glasyr,"Zink, Zn",Bullar kakor tårtor mm,0.2,mg
1650,Napoleonbakelse m. grädde vaniljkräm hallonsylt glasyr,Vitamin E,Bullar kakor tårtor mm,2.0,mg
1650,Napoleonbakelse m. grädde vaniljkräm hallonsylt glasyr,Vitamin D,Bullar kakor tårtor mm,0.0,µg
1650,Napoleonbakelse m. grädde vaniljkräm hallonsylt glasyr,Vitamin C,Bullar kakor tårtor mm,0.3,mg
1650,Napoleonbakelse m. grädde vaniljkräm hallonsylt glasyr,Vitamin B6,Bullar kakor tårtor mm,0.03,mg
1650,Napoleonbakelse m. grädde vaniljkräm hallonsylt glasyr,Vitamin B12,Bullar kakor tårtor mm,0.13,µg
1650,Napoleonbakelse m. grädde vaniljkräm hallonsylt glasyr,Vitamin A,Bullar kakor tårtor mm,258.2,RE/µg
1650,Napoleonbakelse m. grädde vaniljkräm hallonsylt glasyr,Vatten,Bullar kakor tårtor mm,37.1,g
1650,Napoleonbakelse m. grädde vaniljkräm hallonsylt glasyr,Tiamin,Bullar kakor tårtor mm,0.03,mg
1650,Napoleonbakelse m. grädde vaniljkräm hallonsylt glasyr,Tillsatt socker,Bullar kakor tårtor mm,13.0,g
1650,Napoleonbakelse m. grädde vaniljkräm hallonsylt glasyr,Fritt socker,Bullar kakor tårtor mm,13.0,g
1650,Napoleonbakelse m. grädde vaniljkräm hallonsylt glasyr,"Selen, Se",Bullar kakor tårtor mm,1.0,µg
1650,Napoleonbakelse m. grädde vaniljkräm hallonsylt glasyr,Sackaros,Bullar kakor tårtor mm,10.5,g
1650,Napoleonbakelse m. grädde vaniljkräm hallonsylt glasyr,Riboflavin,Bullar kakor tårtor mm,0.3,mg
1650,Napoleonbakelse m. grädde vaniljkräm hallonsylt glasyr,Retinol,Bullar kakor tårtor mm,248.0,µg
1650,Napoleonbakelse m. grädde vaniljkräm hallonsylt glasyr,Protein,Bullar kakor tårtor mm,3.2,g
1650,Napoleonbakelse m. grädde vaniljkräm hallonsylt glasyr,Summa fleromättade fettsyror,Bullar kakor tårtor mm,1.6,g
1650,Napoleonbakelse m. grädde vaniljkräm hallonsylt glasyr,"Fosfor, P",Bullar kakor tårtor mm,57.0,mg
1650,Napoleonbakelse m. grädde vaniljkräm hallonsylt glasyr,Niacinekvivalenter,Bullar kakor tårtor mm,1.1,NE/mg
1650,Napoleonbakelse m. grädde vaniljkräm hallonsylt glasyr,Niacin,Bullar kakor tårtor mm,0.32,mg
1650,Napoleonbakelse m. grädde vaniljkräm hallonsylt glasyr,"Salt, NaCl",Bullar kakor tårtor mm,0.4,g
1650,Napoleonbakelse m. grädde vaniljkräm hallonsylt glasyr,"Natrium, Na",Bullar kakor tårtor mm,159.0,mg
1650,Napoleonbakelse m. grädde vaniljkräm hallonsylt glasyr,Monosackarider,Bullar kakor tårtor mm,2.5,g
1650,Napoleonbakelse m. grädde vaniljkräm hallonsylt glasyr,"Sockerarter, totalt",Bullar kakor tårtor mm,15.2,g
1650,Napoleonbakelse m. grädde vaniljkräm hallonsylt glasyr,Summa enkelomättade fettsyror,Bullar kakor tårtor mm,6.7,g
1650,Napoleonbakelse m. grädde vaniljkräm hallonsylt glasyr,"Magnesium, Mg",Bullar kakor tårtor mm,8.0,mg
1650,Napoleonbakelse m. grädde vaniljkräm hallonsylt glasyr,Summa mättade fettsyror,Bullar kakor tårtor mm,11.1,g
1650,Napoleonbakelse m. grädde vaniljkräm hallonsylt glasyr,"Kolhydrater, tillgängliga",Bullar kakor tårtor mm,37.2,g
1650,Napoleonbakelse m. grädde vaniljkräm hallonsylt glasyr,Kolesterol,Bullar kakor tårtor mm,33.2,mg
1650,Napoleonbakelse m. grädde vaniljkräm hallonsylt glasyr,"Kalium, K",Bullar kakor tårtor mm,101.0,mg
1650,Napoleonbakelse m. grädde vaniljkräm hallonsylt glasyr,"Jod, I",Bullar kakor tårtor mm,6.0,µg
1650,Napoleonbakelse m. grädde vaniljkräm hallonsylt glasyr,Fullkorn totalt,Bullar kakor tårtor mm,0.0,g
1650,Napoleonbakelse m. grädde vaniljkräm hallonsylt glasyr,"Folat, totalt",Bullar kakor tårtor mm,12.4,µg
1650,Napoleonbakelse m. grädde vaniljkräm hallonsylt glasyr,Fibrer,Bullar kakor tårtor mm,1.2,g
1650,Napoleonbakelse m. grädde vaniljkräm hallonsylt glasyr,"Fett, totalt",Bullar kakor tårtor mm,20.6,g
1650,Napoleonbakelse m. grädde vaniljkräm hallonsylt glasyr,"Järn, Fe",Bullar kakor tårtor mm,0.3,mg
1650,Napoleonbakelse m. grädde vaniljkräm hallonsylt glasyr,Energi (kJ),Bullar kakor tårtor mm,1459.0,kJ
1650,Napoleonbakelse m. grädde vaniljkräm hallonsylt glasyr,Energi (kcal),Bullar kakor tårtor mm,349.0,kcal
1650,Napoleonbakelse m. grädde vaniljkräm hallonsylt glasyr,Disackarider,Bullar kakor tårtor mm,12.7,g
1650,Napoleonbakelse m. grädde vaniljkräm hallonsylt glasyr,"Kalcium, Ca",Bullar kakor tårtor mm,42.0,mg
1650,Napoleonbakelse m. grädde vaniljkräm hallonsylt glasyr,Fettsyra 4:0-10:0,Bullar kakor tårtor mm,1.0,g
1650,Napoleonbakelse m. grädde vaniljkräm hallonsylt glasyr,DHA (C22:6),Bullar kakor tårtor mm,0.0,g
1650,Napoleonbakelse m. grädde vaniljkräm hallonsylt glasyr,DPA (C22:5),Bullar kakor tårtor mm,0.0,g
1650,Napoleonbakelse m. grädde vaniljkräm hallonsylt glasyr,EPA (C20:5),Bullar kakor tårtor mm,0.0,g
1650,Napoleonbakelse m. grädde vaniljkräm hallonsylt glasyr,Arakidonsyra C20:4,Bullar kakor tårtor mm,0.0,g
1650,Napoleonbakelse m. grädde vaniljkräm hallonsylt glasyr,Arakidinsyra C20:0,Bullar kakor tårtor mm,0.1,g
1650,Napoleonbakelse m. grädde vaniljkräm hallonsylt glasyr,Linolensyra C18:3,Bullar kakor tårtor mm,0.3,g
1650,Napoleonbakelse m. grädde vaniljkräm hallonsylt glasyr,Linolsyra C18:2,Bullar kakor tårtor mm,1.2,g
1650,Napoleonbakelse m. grädde vaniljkräm hallonsylt glasyr,Oljesyra C18:1,Bullar kakor tårtor mm,6.3,g
1650,Napoleonbakelse m. grädde vaniljkräm hallonsylt glasyr,Stearinsyra C18:0,Bullar kakor tårtor mm,1.5,g
1650,Napoleonbakelse m. grädde vaniljkräm hallonsylt glasyr,Palmitoljesyra C16:1,Bullar kakor tårtor mm,0.2,g
1650,Napoleonbakelse m. grädde vaniljkräm hallonsylt glasyr,Palmitinsyra C16:0,Bullar kakor tårtor mm,6.1,g
1650,Napoleonbakelse m. grädde vaniljkräm hallonsylt glasyr,Myristinsyra C14:0,Bullar kakor tårtor mm,1.3,g
1650,Napoleonbakelse m. grädde vaniljkräm hallonsylt glasyr,Laurinsyra C12:0,Bullar kakor tårtor mm,0.8,g
1650,Napoleonbakelse m. grädde vaniljkräm hallonsylt glasyr,Betakaroten/β-Karoten,Bullar kakor tårtor mm,123.0,µg
1650,Napoleonbakelse m. grädde vaniljkräm hallonsylt glasyr,Avfall (skal etc.),Bullar kakor tårtor mm,0.0,%
1650,Napoleonbakelse m. grädde vaniljkräm hallonsylt glasyr,Aska,Bullar kakor tårtor mm,0.8,g
1650,Napoleonbakelse m. grädde vaniljkräm hallonsylt glasyr,Alkohol,Bullar kakor tårtor mm,0.0,g
1651,Frukttårta m. hallonsylt vaniljkräm mandelmassa frukt gele,"Zink, Zn",Bullar kakor tårtor mm,0.5,mg
1651,Frukttårta m. hallonsylt vaniljkräm mandelmassa frukt gele,Vitamin E,Bullar kakor tårtor mm,2.4,mg
1651,Frukttårta m. hallonsylt vaniljkräm mandelmassa frukt gele,Vitamin D,Bullar kakor tårtor mm,0.1,µg
1651,Frukttårta m. hallonsylt vaniljkräm mandelmassa frukt gele,Vitamin C,Bullar kakor tårtor mm,2.3,mg
1651,Frukttårta m. hallonsylt vaniljkräm mandelmassa frukt gele,Vitamin B6,Bullar kakor tårtor mm,0.04,mg
1651,Frukttårta m. hallonsylt vaniljkräm mandelmassa frukt gele,Vitamin B12,Bullar kakor tårtor mm,0.17,µg
1651,Frukttårta m. hallonsylt vaniljkräm mandelmassa frukt gele,Vitamin A,Bullar kakor tårtor mm,12.6,RE/µg
1651,Frukttårta m. hallonsylt vaniljkräm mandelmassa frukt gele,Vatten,Bullar kakor tårtor mm,43.4,g
1651,Frukttårta m. hallonsylt vaniljkräm mandelmassa frukt gele,Tiamin,Bullar kakor tårtor mm,0.02,mg
1651,Frukttårta m. hallonsylt vaniljkräm mandelmassa frukt gele,Tillsatt socker,Bullar kakor tårtor mm,30.0,g
1651,Frukttårta m. hallonsylt vaniljkräm mandelmassa frukt gele,Fritt socker,Bullar kakor tårtor mm,30.0,g
1651,Frukttårta m. hallonsylt vaniljkräm mandelmassa frukt gele,"Selen, Se",Bullar kakor tårtor mm,0.0,µg
1651,Frukttårta m. hallonsylt vaniljkräm mandelmassa frukt gele,Sackaros,Bullar kakor tårtor mm,26.2,g
1651,Frukttårta m. hallonsylt vaniljkräm mandelmassa frukt gele,Riboflavin,Bullar kakor tårtor mm,0.54,mg
1651,Frukttårta m. hallonsylt vaniljkräm mandelmassa frukt gele,Retinol,Bullar kakor tårtor mm,6.9,µg
1651,Frukttårta m. hallonsylt vaniljkräm mandelmassa frukt gele,Protein,Bullar kakor tårtor mm,5.1,g
1651,Frukttårta m. hallonsylt vaniljkräm mandelmassa frukt gele,Summa fleromättade fettsyror,Bullar kakor tårtor mm,1.2,g
1651,Frukttårta m. hallonsylt vaniljkräm mandelmassa frukt gele,"Fosfor, P",Bullar kakor tårtor mm,133.0,mg
1651,Frukttårta m. hallonsylt vaniljkräm mandelmassa frukt gele,Niacinekvivalenter,Bullar kakor tårtor mm,1.9,NE/mg
1651,Frukttårta m. hallonsylt vaniljkräm mandelmassa frukt gele,Niacin,Bullar kakor tårtor mm,0.59,mg
1651,Frukttårta m. hallonsylt vaniljkräm mandelmassa frukt gele,"Salt, NaCl",Bullar kakor tårtor mm,0.2,g
1651,Frukttårta m. hallonsylt vaniljkräm mandelmassa frukt gele,"Natrium, Na",Bullar kakor tårtor mm,99.0,mg
1651,Frukttårta m. hallonsylt vaniljkräm mandelmassa frukt gele,Monosackarider,Bullar kakor tårtor mm,3.8,g
1651,Frukttårta m. hallonsylt vaniljkräm mandelmassa frukt gele,"Sockerarter, totalt",Bullar kakor tårtor mm,31.8,g
1651,Frukttårta m. hallonsylt vaniljkräm mandelmassa frukt gele,Summa enkelomättade fettsyror,Bullar kakor tårtor mm,3.6,g
1651,Frukttårta m. hallonsylt vaniljkräm mandelmassa frukt gele,"Magnesium, Mg",Bullar kakor tårtor mm,28.0,mg
1651,Frukttårta m. hallonsylt vaniljkräm mandelmassa frukt gele,Summa mättade fettsyror,Bullar kakor tårtor mm,2.1,g
1651,Frukttårta m. hallonsylt vaniljkräm mandelmassa frukt gele,"Kolhydrater, tillgängliga",Bullar kakor tårtor mm,37.4,g
1651,Frukttårta m. hallonsylt vaniljkräm mandelmassa frukt gele,Kolesterol,Bullar kakor tårtor mm,28.3,mg
1651,Frukttårta m. hallonsylt vaniljkräm mandelmassa frukt gele,"Kalium, K",Bullar kakor tårtor mm,187.0,mg
1651,Frukttårta m. hallonsylt vaniljkräm mandelmassa frukt gele,"Jod, I",Bullar kakor tårtor mm,9.0,µg
1651,Frukttårta m. hallonsylt vaniljkräm mandelmassa frukt gele,Fullkorn totalt,Bullar kakor tårtor mm,0.0,g
1651,Frukttårta m. hallonsylt vaniljkräm mandelmassa frukt gele,"Folat, totalt",Bullar kakor tårtor mm,15.5,µg
1651,Frukttårta m. hallonsylt vaniljkräm mandelmassa frukt gele,Fibrer,Bullar kakor tårtor mm,5.7,g
1651,Frukttårta m. hallonsylt vaniljkräm mandelmassa frukt gele,"Fett, totalt",Bullar kakor tårtor mm,7.5,g
1651,Frukttårta m. hallonsylt vaniljkräm mandelmassa frukt gele,"Järn, Fe",Bullar kakor tårtor mm,1.0,mg
1651,Frukttårta m. hallonsylt vaniljkräm mandelmassa frukt gele,Energi (kJ),Bullar kakor tårtor mm,1043.0,kJ
1651,Frukttårta m. hallonsylt vaniljkräm mandelmassa frukt gele,Energi (kcal),Bullar kakor tårtor mm,249.0,kcal
1651,Frukttårta m. hallonsylt vaniljkräm mandelmassa frukt gele,Disackarider,Bullar kakor tårtor mm,28.0,g
1651,Frukttårta m. hallonsylt vaniljkräm mandelmassa frukt gele,"Kalcium, Ca",Bullar kakor tårtor mm,64.0,mg
1651,Frukttårta m. hallonsylt vaniljkräm mandelmassa frukt gele,Fettsyra 4:0-10:0,Bullar kakor tårtor mm,0.2,g
1651,Frukttårta m. hallonsylt vaniljkräm mandelmassa frukt gele,DHA (C22:6),Bullar kakor tårtor mm,0.0,g
1651,Frukttårta m. hallonsylt vaniljkräm mandelmassa frukt gele,DPA (C22:5),Bullar kakor tårtor mm,0.0,g
1651,Frukttårta m. hallonsylt vaniljkräm mandelmassa frukt gele,EPA (C20:5),Bullar kakor tårtor mm,0.0,g
1651,Frukttårta m. hallonsylt vaniljkräm mandelmassa frukt gele,Arakidonsyra C20:4,Bullar kakor tårtor mm,0.0,g
1651,Frukttårta m. hallonsylt vaniljkräm mandelmassa frukt gele,Arakidinsyra C20:0,Bullar kakor tårtor mm,0.0,g
1651,Frukttårta m. hallonsylt vaniljkräm mandelmassa frukt gele,Linolensyra C18:3,Bullar kakor tårtor mm,0.0,g
1651,Frukttårta m. hallonsylt vaniljkräm mandelmassa frukt gele,Linolsyra C18:2,Bullar kakor tårtor mm,1.2,g
1651,Frukttårta m. hallonsylt vaniljkräm mandelmassa frukt gele,Oljesyra C18:1,Bullar kakor tårtor mm,3.5,g
1651,Frukttårta m. hallonsylt vaniljkräm mandelmassa frukt gele,Stearinsyra C18:0,Bullar kakor tårtor mm,0.4,g
1651,Frukttårta m. hallonsylt vaniljkräm mandelmassa frukt gele,Palmitoljesyra C16:1,Bullar kakor tårtor mm,0.0,g
1651,Frukttårta m. hallonsylt vaniljkräm mandelmassa frukt gele,Palmitinsyra C16:0,Bullar kakor tårtor mm,0.6,g
1651,Frukttårta m. hallonsylt vaniljkräm mandelmassa frukt gele,Myristinsyra C14:0,Bullar kakor tårtor mm,0.3,g
1651,Frukttårta m. hallonsylt vaniljkräm mandelmassa frukt gele,Laurinsyra C12:0,Bullar kakor tårtor mm,0.6,g
1651,Frukttårta m. hallonsylt vaniljkräm mandelmassa frukt gele,Betakaroten/β-Karoten,Bullar kakor tårtor mm,67.0,µg
1651,Frukttårta m. hallonsylt vaniljkräm mandelmassa frukt gele,Avfall (skal etc.),Bullar kakor tårtor mm,0.0,%
1651,Frukttårta m. hallonsylt vaniljkräm mandelmassa frukt gele,Aska,Bullar kakor tårtor mm,0.9,g
1651,Frukttårta m. hallonsylt vaniljkräm mandelmassa frukt gele,Alkohol,Bullar kakor tårtor mm,0.0,g
1652,Chokladbiskvi m. mandelbotten smörkräm choklad,"Zink, Zn",Bullar kakor tårtor mm,0.8,mg
1652,Chokladbiskvi m. mandelbotten smörkräm choklad,Vitamin E,Bullar kakor tårtor mm,5.1,mg
1652,Chokladbiskvi m. mandelbotten smörkräm choklad,Vitamin D,Bullar kakor tårtor mm,1.17,µg
1652,Chokladbiskvi m. mandelbotten smörkräm choklad,Vitamin C,Bullar kakor tårtor mm,0.0,mg
1652,Chokladbiskvi m. mandelbotten smörkräm choklad,Vitamin B6,Bullar kakor tårtor mm,0.03,mg
1652,Chokladbiskvi m. mandelbotten smörkräm choklad,Vitamin B12,Bullar kakor tårtor mm,0.12,µg
1652,Chokladbiskvi m. mandelbotten smörkräm choklad,Vitamin A,Bullar kakor tårtor mm,117.9,RE/µg
1652,Chokladbiskvi m. mandelbotten smörkräm choklad,Vatten,Bullar kakor tårtor mm,8.2,g
1652,Chokladbiskvi m. mandelbotten smörkräm choklad,Tiamin,Bullar kakor tårtor mm,0.0,mg
1652,Chokladbiskvi m. mandelbotten smörkräm choklad,Tillsatt socker,Bullar kakor tårtor mm,48.0,g
1652,Chokladbiskvi m. mandelbotten smörkräm choklad,Fritt socker,Bullar kakor tårtor mm,48.0,g
1652,Chokladbiskvi m. mandelbotten smörkräm choklad,"Selen, Se",Bullar kakor tårtor mm,1.0,µg
1652,Chokladbiskvi m. mandelbotten smörkräm choklad,Sackaros,Bullar kakor tårtor mm,44.0,g
1652,Chokladbiskvi m. mandelbotten smörkräm choklad,Riboflavin,Bullar kakor tårtor mm,0.19,mg
1652,Chokladbiskvi m. mandelbotten smörkräm choklad,Retinol,Bullar kakor tårtor mm,116.0,µg
1652,Chokladbiskvi m. mandelbotten smörkräm choklad,Protein,Bullar kakor tårtor mm,5.6,g
1652,Chokladbiskvi m. mandelbotten smörkräm choklad,Summa fleromättade fettsyror,Bullar kakor tårtor mm,3.4,g
1652,Chokladbiskvi m. mandelbotten smörkräm choklad,"Fosfor, P",Bullar kakor tårtor mm,97.0,mg
1652,Chokladbiskvi m. mandelbotten smörkräm choklad,Niacinekvivalenter,Bullar kakor tårtor mm,2.1,NE/mg
1652,Chokladbiskvi m. mandelbotten smörkräm choklad,Niacin,Bullar kakor tårtor mm,0.69,mg
1652,Chokladbiskvi m. mandelbotten smörkräm choklad,"Salt, NaCl",Bullar kakor tårtor mm,0.3,g
1652,Chokladbiskvi m. mandelbotten smörkräm choklad,"Natrium, Na",Bullar kakor tårtor mm,109.0,mg
1652,Chokladbiskvi m. mandelbotten smörkräm choklad,Monosackarider,Bullar kakor tårtor mm,3.5,g
1652,Chokladbiskvi m. mandelbotten smörkräm choklad,"Sockerarter, totalt",Bullar kakor tårtor mm,47.9,g
1652,Chokladbiskvi m. mandelbotten smörkräm choklad,Summa enkelomättade fettsyror,Bullar kakor tårtor mm,9.0,g
1652,Chokladbiskvi m. mandelbotten smörkräm choklad,"Magnesium, Mg",Bullar kakor tårtor mm,46.0,mg
1652,Chokladbiskvi m. mandelbotten smörkräm choklad,Summa mättade fettsyror,Bullar kakor tårtor mm,14.7,g
1652,Chokladbiskvi m. mandelbotten smörkräm choklad,"Kolhydrater, tillgängliga",Bullar kakor tårtor mm,50.9,g
1652,Chokladbiskvi m. mandelbotten smörkräm choklad,Kolesterol,Bullar kakor tårtor mm,2.0,mg
1652,Chokladbiskvi m. mandelbotten smörkräm choklad,"Kalium, K",Bullar kakor tårtor mm,270.0,mg
1652,Chokladbiskvi m. mandelbotten smörkräm choklad,"Jod, I",Bullar kakor tårtor mm,2.0,µg
1652,Chokladbiskvi m. mandelbotten smörkräm choklad,Fullkorn totalt,Bullar kakor tårtor mm,0.0,g
1652,Chokladbiskvi m. mandelbotten smörkräm choklad,"Folat, totalt",Bullar kakor tårtor mm,15.8,µg
1652,Chokladbiskvi m. mandelbotten smörkräm choklad,Fibrer,Bullar kakor tårtor mm,5.7,g
1652,Chokladbiskvi m. mandelbotten smörkräm choklad,"Fett, totalt",Bullar kakor tårtor mm,28.6,g
1652,Chokladbiskvi m. mandelbotten smörkräm choklad,"Järn, Fe",Bullar kakor tårtor mm,2.0,mg
1652,Chokladbiskvi m. mandelbotten smörkräm choklad,Energi (kJ),Bullar kakor tårtor mm,2065.0,kJ
1652,Chokladbiskvi m. mandelbotten smörkräm choklad,Energi (kcal),Bullar kakor tårtor mm,494.0,kcal
1652,Chokladbiskvi m. mandelbotten smörkräm choklad,Disackarider,Bullar kakor tårtor mm,44.4,g
1652,Chokladbiskvi m. mandelbotten smörkräm choklad,"Kalcium, Ca",Bullar kakor tårtor mm,31.0,mg
1652,Chokladbiskvi m. mandelbotten smörkräm choklad,Fettsyra 4:0-10:0,Bullar kakor tårtor mm,0.9,g
1652,Chokladbiskvi m. mandelbotten smörkräm choklad,DHA (C22:6),Bullar kakor tårtor mm,0.0,g
1652,Chokladbiskvi m. mandelbotten smörkräm choklad,DPA (C22:5),Bullar kakor tårtor mm,0.0,g
1652,Chokladbiskvi m. mandelbotten smörkräm choklad,EPA (C20:5),Bullar kakor tårtor mm,0.0,g
1652,Chokladbiskvi m. mandelbotten smörkräm choklad,Arakidonsyra C20:4,Bullar kakor tårtor mm,0.0,g
1652,Chokladbiskvi m. mandelbotten smörkräm choklad,Arakidinsyra C20:0,Bullar kakor tårtor mm,0.1,g
1652,Chokladbiskvi m. mandelbotten smörkräm choklad,Linolensyra C18:3,Bullar kakor tårtor mm,0.4,g
1652,Chokladbiskvi m. mandelbotten smörkräm choklad,Linolsyra C18:2,Bullar kakor tårtor mm,2.9,g
1652,Chokladbiskvi m. mandelbotten smörkräm choklad,Oljesyra C18:1,Bullar kakor tårtor mm,8.9,g
1652,Chokladbiskvi m. mandelbotten smörkräm choklad,Stearinsyra C18:0,Bullar kakor tårtor mm,1.7,g
1652,Chokladbiskvi m. mandelbotten smörkräm choklad,Palmitoljesyra C16:1,Bullar kakor tårtor mm,0.0,g
1652,Chokladbiskvi m. mandelbotten smörkräm choklad,Palmitinsyra C16:0,Bullar kakor tårtor mm,3.9,g
1652,Chokladbiskvi m. mandelbotten smörkräm choklad,Myristinsyra C14:0,Bullar kakor tårtor mm,2.3,g
1652,Chokladbiskvi m. mandelbotten smörkräm choklad,Laurinsyra C12:0,Bullar kakor tårtor mm,5.8,g
1652,Chokladbiskvi m. mandelbotten smörkräm choklad,Betakaroten/β-Karoten,Bullar kakor tårtor mm,20.0,µg
1652,Chokladbiskvi m. mandelbotten smörkräm choklad,Avfall (skal etc.),Bullar kakor tårtor mm,0.0,%
1652,Chokladbiskvi m. mandelbotten smörkräm choklad,Aska,Bullar kakor tårtor mm,1.0,g
1652,Chokladbiskvi m. mandelbotten smörkräm choklad,Alkohol,Bullar kakor tårtor mm,0.0,g
1653,Mazariner m. mördegsbotten mazarinfyllning glasyr,"Zink, Zn",Bullar kakor tårtor mm,0.7,mg
1653,Mazariner m. mördegsbotten mazarinfyllning glasyr,Vitamin E,Bullar kakor tårtor mm,4.8,mg
1653,Mazariner m. mördegsbotten mazarinfyllning glasyr,Vitamin D,Bullar kakor tårtor mm,1.71,µg
1653,Mazariner m. mördegsbotten mazarinfyllning glasyr,Vitamin C,Bullar kakor tårtor mm,0.0,mg
1653,Mazariner m. mördegsbotten mazarinfyllning glasyr,Vitamin B6,Bullar kakor tårtor mm,0.05,mg
1653,Mazariner m. mördegsbotten mazarinfyllning glasyr,Vitamin B12,Bullar kakor tårtor mm,0.31,µg
1653,Mazariner m. mördegsbotten mazarinfyllning glasyr,Vitamin A,Bullar kakor tårtor mm,225.3,RE/µg
1653,Mazariner m. mördegsbotten mazarinfyllning glasyr,Vatten,Bullar kakor tårtor mm,14.9,g
1653,Mazariner m. mördegsbotten mazarinfyllning glasyr,Tiamin,Bullar kakor tårtor mm,0.03,mg
1653,Mazariner m. mördegsbotten mazarinfyllning glasyr,Tillsatt socker,Bullar kakor tårtor mm,35.0,g
1653,Mazariner m. mördegsbotten mazarinfyllning glasyr,Fritt socker,Bullar kakor tårtor mm,35.0,g
1653,Mazariner m. mördegsbotten mazarinfyllning glasyr,"Selen, Se",Bullar kakor tårtor mm,4.2,µg
1653,Mazariner m. mördegsbotten mazarinfyllning glasyr,Sackaros,Bullar kakor tårtor mm,32.8,g
1653,Mazariner m. mördegsbotten mazarinfyllning glasyr,Riboflavin,Bullar kakor tårtor mm,0.16,mg
1653,Mazariner m. mördegsbotten mazarinfyllning glasyr,Retinol,Bullar kakor tårtor mm,222.0,µg
1653,Mazariner m. mördegsbotten mazarinfyllning glasyr,Protein,Bullar kakor tårtor mm,6.7,g
1653,Mazariner m. mördegsbotten mazarinfyllning glasyr,Summa fleromättade fettsyror,Bullar kakor tårtor mm,3.1,g
1653,Mazariner m. mördegsbotten mazarinfyllning glasyr,"Fosfor, P",Bullar kakor tårtor mm,99.0,mg
1653,Mazariner m. mördegsbotten mazarinfyllning glasyr,Niacinekvivalenter,Bullar kakor tårtor mm,2.4,NE/mg
1653,Mazariner m. mördegsbotten mazarinfyllning glasyr,Niacin,Bullar kakor tårtor mm,0.68,mg
1653,Mazariner m. mördegsbotten mazarinfyllning glasyr,"Salt, NaCl",Bullar kakor tårtor mm,0.4,g
1653,Mazariner m. mördegsbotten mazarinfyllning glasyr,"Natrium, Na",Bullar kakor tårtor mm,157.0,mg
1653,Mazariner m. mördegsbotten mazarinfyllning glasyr,Monosackarider,Bullar kakor tårtor mm,1.6,g
1653,Mazariner m. mördegsbotten mazarinfyllning glasyr,"Sockerarter, totalt",Bullar kakor tårtor mm,34.7,g
1653,Mazariner m. mördegsbotten mazarinfyllning glasyr,Summa enkelomättade fettsyror,Bullar kakor tårtor mm,8.0,g
1653,Mazariner m. mördegsbotten mazarinfyllning glasyr,"Magnesium, Mg",Bullar kakor tårtor mm,30.0,mg
1653,Mazariner m. mördegsbotten mazarinfyllning glasyr,Summa mättade fettsyror,Bullar kakor tårtor mm,7.7,g
1653,Mazariner m. mördegsbotten mazarinfyllning glasyr,"Kolhydrater, tillgängliga",Bullar kakor tårtor mm,55.0,g
1653,Mazariner m. mördegsbotten mazarinfyllning glasyr,Kolesterol,Bullar kakor tårtor mm,65.0,mg
1653,Mazariner m. mördegsbotten mazarinfyllning glasyr,"Kalium, K",Bullar kakor tårtor mm,150.0,mg
1653,Mazariner m. mördegsbotten mazarinfyllning glasyr,"Jod, I",Bullar kakor tårtor mm,5.0,µg
1653,Mazariner m. mördegsbotten mazarinfyllning glasyr,Fullkorn totalt,Bullar kakor tårtor mm,0.0,g
1653,Mazariner m. mördegsbotten mazarinfyllning glasyr,"Folat, totalt",Bullar kakor tårtor mm,23.3,µg
1653,Mazariner m. mördegsbotten mazarinfyllning glasyr,Fibrer,Bullar kakor tårtor mm,2.1,g
1653,Mazariner m. mördegsbotten mazarinfyllning glasyr,"Fett, totalt",Bullar kakor tårtor mm,20.6,g
1653,Mazariner m. mördegsbotten mazarinfyllning glasyr,"Järn, Fe",Bullar kakor tårtor mm,0.9,mg
1653,Mazariner m. mördegsbotten mazarinfyllning glasyr,Energi (kJ),Bullar kakor tårtor mm,1826.0,kJ
1653,Mazariner m. mördegsbotten mazarinfyllning glasyr,Energi (kcal),Bullar kakor tårtor mm,436.0,kcal
1653,Mazariner m. mördegsbotten mazarinfyllning glasyr,Disackarider,Bullar kakor tårtor mm,33.2,g
1653,Mazariner m. mördegsbotten mazarinfyllning glasyr,"Kalcium, Ca",Bullar kakor tårtor mm,39.0,mg
1653,Mazariner m. mördegsbotten mazarinfyllning glasyr,Fettsyra 4:0-10:0,Bullar kakor tårtor mm,0.5,g
1653,Mazariner m. mördegsbotten mazarinfyllning glasyr,DHA (C22:6),Bullar kakor tårtor mm,0.0,g
1653,Mazariner m. mördegsbotten mazarinfyllning glasyr,DPA (C22:5),Bullar kakor tårtor mm,0.0,g
1653,Mazariner m. mördegsbotten mazarinfyllning glasyr,EPA (C20:5),Bullar kakor tårtor mm,0.0,g
1653,Mazariner m. mördegsbotten mazarinfyllning glasyr,Arakidonsyra C20:4,Bullar kakor tårtor mm,0.0,g
1653,Mazariner m. mördegsbotten mazarinfyllning glasyr,Arakidinsyra C20:0,Bullar kakor tårtor mm,0.1,g
1653,Mazariner m. mördegsbotten mazarinfyllning glasyr,Linolensyra C18:3,Bullar kakor tårtor mm,0.5,g
1653,Mazariner m. mördegsbotten mazarinfyllning glasyr,Linolsyra C18:2,Bullar kakor tårtor mm,2.6,g
1653,Mazariner m. mördegsbotten mazarinfyllning glasyr,Oljesyra C18:1,Bullar kakor tårtor mm,7.9,g
1653,Mazariner m. mördegsbotten mazarinfyllning glasyr,Stearinsyra C18:0,Bullar kakor tårtor mm,0.7,g
1653,Mazariner m. mördegsbotten mazarinfyllning glasyr,Palmitoljesyra C16:1,Bullar kakor tårtor mm,0.1,g
1653,Mazariner m. mördegsbotten mazarinfyllning glasyr,Palmitinsyra C16:0,Bullar kakor tårtor mm,4.2,g
1653,Mazariner m. mördegsbotten mazarinfyllning glasyr,Myristinsyra C14:0,Bullar kakor tårtor mm,0.8,g
1653,Mazariner m. mördegsbotten mazarinfyllning glasyr,Laurinsyra C12:0,Bullar kakor tårtor mm,1.9,g
1653,Mazariner m. mördegsbotten mazarinfyllning glasyr,Betakaroten/β-Karoten,Bullar kakor tårtor mm,36.0,µg
1653,Mazariner m. mördegsbotten mazarinfyllning glasyr,Avfall (skal etc.),Bullar kakor tårtor mm,0.0,%
1653,Mazariner m. mördegsbotten mazarinfyllning glasyr,Aska,Bullar kakor tårtor mm,0.8,g
1653,Mazariner m. mördegsbotten mazarinfyllning glasyr,Alkohol,Bullar kakor tårtor mm,0.0,g
1654,Mjuk kaka drömtårta chokladrulltårta,"Zink, Zn",Bullar kakor tårtor mm,0.5,mg
1654,Mjuk kaka drömtårta chokladrulltårta,Vitamin E,Bullar kakor tårtor mm,3.0,mg
1654,Mjuk kaka drömtårta chokladrulltårta,Vitamin D,Bullar kakor tårtor mm,0.94,µg
1654,Mjuk kaka drömtårta chokladrulltårta,Vitamin C,Bullar kakor tårtor mm,0.0,mg
1654,Mjuk kaka drömtårta chokladrulltårta,Vitamin B6,Bullar kakor tårtor mm,0.05,mg
1654,Mjuk kaka drömtårta chokladrulltårta,Vitamin B12,Bullar kakor tårtor mm,0.12,µg
1654,Mjuk kaka drömtårta chokladrulltårta,Vitamin A,Bullar kakor tårtor mm,108.0,RE/µg
1654,Mjuk kaka drömtårta chokladrulltårta,Vatten,Bullar kakor tårtor mm,21.2,g
1654,Mjuk kaka drömtårta chokladrulltårta,Tiamin,Bullar kakor tårtor mm,0.03,mg
1654,Mjuk kaka drömtårta chokladrulltårta,Tillsatt socker,Bullar kakor tårtor mm,36.0,g
1654,Mjuk kaka drömtårta chokladrulltårta,Fritt socker,Bullar kakor tårtor mm,36.0,g
1654,Mjuk kaka drömtårta chokladrulltårta,"Selen, Se",Bullar kakor tårtor mm,5.4,µg
1654,Mjuk kaka drömtårta chokladrulltårta,Sackaros,Bullar kakor tårtor mm,34.6,g
1654,Mjuk kaka drömtårta chokladrulltårta,Riboflavin,Bullar kakor tårtor mm,0.1,mg
1654,Mjuk kaka drömtårta chokladrulltårta,Retinol,Bullar kakor tårtor mm,105.0,µg
1654,Mjuk kaka drömtårta chokladrulltårta,Protein,Bullar kakor tårtor mm,6.1,g
1654,Mjuk kaka drömtårta chokladrulltårta,Summa fleromättade fettsyror,Bullar kakor tårtor mm,2.0,g
1654,Mjuk kaka drömtårta chokladrulltårta,"Fosfor, P",Bullar kakor tårtor mm,139.0,mg
1654,Mjuk kaka drömtårta chokladrulltårta,Niacinekvivalenter,Bullar kakor tårtor mm,2.1,NE/mg
1654,Mjuk kaka drömtårta chokladrulltårta,Niacin,Bullar kakor tårtor mm,0.63,mg
1654,Mjuk kaka drömtårta chokladrulltårta,"Salt, NaCl",Bullar kakor tårtor mm,0.7,g
1654,Mjuk kaka drömtårta chokladrulltårta,"Natrium, Na",Bullar kakor tårtor mm,282.0,mg
1654,Mjuk kaka drömtårta chokladrulltårta,Monosackarider,Bullar kakor tårtor mm,1.1,g
1654,Mjuk kaka drömtårta chokladrulltårta,"Sockerarter, totalt",Bullar kakor tårtor mm,36.4,g
1654,Mjuk kaka drömtårta chokladrulltårta,Summa enkelomättade fettsyror,Bullar kakor tårtor mm,6.6,g
1654,Mjuk kaka drömtårta chokladrulltårta,"Magnesium, Mg",Bullar kakor tårtor mm,19.0,mg
1654,Mjuk kaka drömtårta chokladrulltårta,Summa mättade fettsyror,Bullar kakor tårtor mm,7.2,g
1654,Mjuk kaka drömtårta chokladrulltårta,"Kolhydrater, tillgängliga",Bullar kakor tårtor mm,53.2,g
1654,Mjuk kaka drömtårta chokladrulltårta,Kolesterol,Bullar kakor tårtor mm,41.5,mg
1654,Mjuk kaka drömtårta chokladrulltårta,"Kalium, K",Bullar kakor tårtor mm,175.0,mg
1654,Mjuk kaka drömtårta chokladrulltårta,"Jod, I",Bullar kakor tårtor mm,5.0,µg
1654,Mjuk kaka drömtårta chokladrulltårta,Fullkorn totalt,Bullar kakor tårtor mm,0.0,g
1654,Mjuk kaka drömtårta chokladrulltårta,"Folat, totalt",Bullar kakor tårtor mm,16.4,µg
1654,Mjuk kaka drömtårta chokladrulltårta,Fibrer,Bullar kakor tårtor mm,1.8,g
1654,Mjuk kaka drömtårta chokladrulltårta,"Fett, totalt",Bullar kakor tårtor mm,16.5,g
1654,Mjuk kaka drömtårta chokladrulltårta,"Järn, Fe",Bullar kakor tårtor mm,1.2,mg
1654,Mjuk kaka drömtårta chokladrulltårta,Energi (kJ),Bullar kakor tårtor mm,1632.0,kJ
1654,Mjuk kaka drömtårta chokladrulltårta,Energi (kcal),Bullar kakor tårtor mm,390.0,kcal
1654,Mjuk kaka drömtårta chokladrulltårta,Disackarider,Bullar kakor tårtor mm,35.3,g
1654,Mjuk kaka drömtårta chokladrulltårta,"Kalcium, Ca",Bullar kakor tårtor mm,59.0,mg
1654,Mjuk kaka drömtårta chokladrulltårta,Fettsyra 4:0-10:0,Bullar kakor tårtor mm,0.5,g
1654,Mjuk kaka drömtårta chokladrulltårta,DHA (C22:6),Bullar kakor tårtor mm,0.0,g
1654,Mjuk kaka drömtårta chokladrulltårta,DPA (C22:5),Bullar kakor tårtor mm,0.0,g
1654,Mjuk kaka drömtårta chokladrulltårta,EPA (C20:5),Bullar kakor tårtor mm,0.0,g
1654,Mjuk kaka drömtårta chokladrulltårta,Arakidonsyra C20:4,Bullar kakor tårtor mm,0.0,g
1654,Mjuk kaka drömtårta chokladrulltårta,Arakidinsyra C20:0,Bullar kakor tårtor mm,0.1,g
1654,Mjuk kaka drömtårta chokladrulltårta,Linolensyra C18:3,Bullar kakor tårtor mm,0.4,g
1654,Mjuk kaka drömtårta chokladrulltårta,Linolsyra C18:2,Bullar kakor tårtor mm,1.5,g
1654,Mjuk kaka drömtårta chokladrulltårta,Oljesyra C18:1,Bullar kakor tårtor mm,6.4,g
1654,Mjuk kaka drömtårta chokladrulltårta,Stearinsyra C18:0,Bullar kakor tårtor mm,1.1,g
1654,Mjuk kaka drömtårta chokladrulltårta,Palmitoljesyra C16:1,Bullar kakor tårtor mm,0.0,g
1654,Mjuk kaka drömtårta chokladrulltårta,Palmitinsyra C16:0,Bullar kakor tårtor mm,3.0,g
1654,Mjuk kaka drömtårta chokladrulltårta,Myristinsyra C14:0,Bullar kakor tårtor mm,0.7,g
1654,Mjuk kaka drömtårta chokladrulltårta,Laurinsyra C12:0,Bullar kakor tårtor mm,1.7,g
1654,Mjuk kaka drömtårta chokladrulltårta,Betakaroten/β-Karoten,Bullar kakor tårtor mm,34.0,µg
1654,Mjuk kaka drömtårta chokladrulltårta,Avfall (skal etc.),Bullar kakor tårtor mm,0.0,%
1654,Mjuk kaka drömtårta chokladrulltårta,Aska,Bullar kakor tårtor mm,1.2,g
1654,Mjuk kaka drömtårta chokladrulltårta,Alkohol,Bullar kakor tårtor mm,0.0,g
1655,Mjuk kaka rulltårta m. sylt,"Zink, Zn",Bullar kakor tårtor mm,0.2,mg
1655,Mjuk kaka rulltårta m. sylt,Vitamin E,Bullar kakor tårtor mm,2.3,mg
1655,Mjuk kaka rulltårta m. sylt,Vitamin D,Bullar kakor tårtor mm,0.47,µg
1655,Mjuk kaka rulltårta m. sylt,Vitamin C,Bullar kakor tårtor mm,0.0,mg
1655,Mjuk kaka rulltårta m. sylt,Vitamin B6,Bullar kakor tårtor mm,0.04,mg
1655,Mjuk kaka rulltårta m. sylt,Vitamin B12,Bullar kakor tårtor mm,0.1,µg
1655,Mjuk kaka rulltårta m. sylt,Vitamin A,Bullar kakor tårtor mm,66.1,RE/µg
1655,Mjuk kaka rulltårta m. sylt,Vatten,Bullar kakor tårtor mm,22.4,g
1655,Mjuk kaka rulltårta m. sylt,Tiamin,Bullar kakor tårtor mm,0.02,mg
1655,Mjuk kaka rulltårta m. sylt,Tillsatt socker,Bullar kakor tårtor mm,39.0,g
1655,Mjuk kaka rulltårta m. sylt,Fritt socker,Bullar kakor tårtor mm,39.0,g
1655,Mjuk kaka rulltårta m. sylt,"Selen, Se",Bullar kakor tårtor mm,2.4,µg
1655,Mjuk kaka rulltårta m. sylt,Sackaros,Bullar kakor tårtor mm,34.8,g
1655,Mjuk kaka rulltårta m. sylt,Riboflavin,Bullar kakor tårtor mm,0.07,mg
1655,Mjuk kaka rulltårta m. sylt,Retinol,Bullar kakor tårtor mm,65.0,µg
1655,Mjuk kaka rulltårta m. sylt,Protein,Bullar kakor tårtor mm,3.0,g
1655,Mjuk kaka rulltårta m. sylt,Summa fleromättade fettsyror,Bullar kakor tårtor mm,1.5,g
1655,Mjuk kaka rulltårta m. sylt,"Fosfor, P",Bullar kakor tårtor mm,113.0,mg
1655,Mjuk kaka rulltårta m. sylt,Niacinekvivalenter,Bullar kakor tårtor mm,1.2,NE/mg
1655,Mjuk kaka rulltårta m. sylt,Niacin,Bullar kakor tårtor mm,0.46,mg
1655,Mjuk kaka rulltårta m. sylt,"Salt, NaCl",Bullar kakor tårtor mm,0.6,g
1655,Mjuk kaka rulltårta m. sylt,"Natrium, Na",Bullar kakor tårtor mm,247.0,mg
1655,Mjuk kaka rulltårta m. sylt,Monosackarider,Bullar kakor tårtor mm,4.7,g
1655,Mjuk kaka rulltårta m. sylt,"Sockerarter, totalt",Bullar kakor tårtor mm,40.2,g
1655,Mjuk kaka rulltårta m. sylt,Summa enkelomättade fettsyror,Bullar kakor tårtor mm,4.9,g
1655,Mjuk kaka rulltårta m. sylt,"Magnesium, Mg",Bullar kakor tårtor mm,4.0,mg
1655,Mjuk kaka rulltårta m. sylt,Summa mättade fettsyror,Bullar kakor tårtor mm,7.8,g
1655,Mjuk kaka rulltårta m. sylt,"Kolhydrater, tillgängliga",Bullar kakor tårtor mm,57.4,g
1655,Mjuk kaka rulltårta m. sylt,Kolesterol,Bullar kakor tårtor mm,29.8,mg
1655,Mjuk kaka rulltårta m. sylt,"Kalium, K",Bullar kakor tårtor mm,84.0,mg
1655,Mjuk kaka rulltårta m. sylt,"Jod, I",Bullar kakor tårtor mm,4.0,µg
1655,Mjuk kaka rulltårta m. sylt,Fullkorn totalt,Bullar kakor tårtor mm,0.0,g
1655,Mjuk kaka rulltårta m. sylt,"Folat, totalt",Bullar kakor tårtor mm,13.6,µg
1655,Mjuk kaka rulltårta m. sylt,Fibrer,Bullar kakor tårtor mm,1.4,g
1655,Mjuk kaka rulltårta m. sylt,"Fett, totalt",Bullar kakor tårtor mm,14.9,g
1655,Mjuk kaka rulltårta m. sylt,"Järn, Fe",Bullar kakor tårtor mm,0.4,mg
1655,Mjuk kaka rulltårta m. sylt,Energi (kJ),Bullar kakor tårtor mm,1588.0,kJ
1655,Mjuk kaka rulltårta m. sylt,Energi (kcal),Bullar kakor tårtor mm,380.0,kcal
1655,Mjuk kaka rulltårta m. sylt,Disackarider,Bullar kakor tårtor mm,35.5,g
1655,Mjuk kaka rulltårta m. sylt,"Kalcium, Ca",Bullar kakor tårtor mm,45.0,mg
1655,Mjuk kaka rulltårta m. sylt,Fettsyra 4:0-10:0,Bullar kakor tårtor mm,0.8,g
1655,Mjuk kaka rulltårta m. sylt,DHA (C22:6),Bullar kakor tårtor mm,0.0,g
1655,Mjuk kaka rulltårta m. sylt,DPA (C22:5),Bullar kakor tårtor mm,0.0,g
1655,Mjuk kaka rulltårta m. sylt,EPA (C20:5),Bullar kakor tårtor mm,0.0,g
1655,Mjuk kaka rulltårta m. sylt,Arakidonsyra C20:4,Bullar kakor tårtor mm,0.0,g
1655,Mjuk kaka rulltårta m. sylt,Arakidinsyra C20:0,Bullar kakor tårtor mm,0.0,g
1655,Mjuk kaka rulltårta m. sylt,Linolensyra C18:3,Bullar kakor tårtor mm,0.3,g
1655,Mjuk kaka rulltårta m. sylt,Linolsyra C18:2,Bullar kakor tårtor mm,1.2,g
1655,Mjuk kaka rulltårta m. sylt,Oljesyra C18:1,Bullar kakor tårtor mm,4.8,g
1655,Mjuk kaka rulltårta m. sylt,Stearinsyra C18:0,Bullar kakor tårtor mm,1.0,g
1655,Mjuk kaka rulltårta m. sylt,Palmitoljesyra C16:1,Bullar kakor tårtor mm,0.0,g
1655,Mjuk kaka rulltårta m. sylt,Palmitinsyra C16:0,Bullar kakor tårtor mm,2.6,g
1655,Mjuk kaka rulltårta m. sylt,Myristinsyra C14:0,Bullar kakor tårtor mm,0.9,g
1655,Mjuk kaka rulltårta m. sylt,Laurinsyra C12:0,Bullar kakor tårtor mm,2.4,g
1655,Mjuk kaka rulltårta m. sylt,Betakaroten/β-Karoten,Bullar kakor tårtor mm,12.0,µg
1655,Mjuk kaka rulltårta m. sylt,Avfall (skal etc.),Bullar kakor tårtor mm,0.0,%
1655,Mjuk kaka rulltårta m. sylt,Aska,Bullar kakor tårtor mm,0.9,g
1655,Mjuk kaka rulltårta m. sylt,Alkohol,Bullar kakor tårtor mm,0.0,g
1656,Punschrulle,"Zink, Zn",Bullar kakor tårtor mm,0.9,mg
1656,Punschrulle,Vitamin E,Bullar kakor tårtor mm,5.0,mg
1656,Punschrulle,Vitamin D,Bullar kakor tårtor mm,0.46,µg
1656,Punschrulle,Vitamin C,Bullar kakor tårtor mm,0.0,mg
1656,Punschrulle,Vitamin B6,Bullar kakor tårtor mm,0.04,mg
1656,Punschrulle,Vitamin B12,Bullar kakor tårtor mm,0.12,µg
1656,Punschrulle,Vitamin A,Bullar kakor tårtor mm,57.6,RE/µg
1656,Punschrulle,Vatten,Bullar kakor tårtor mm,9.5,g
1656,Punschrulle,Tiamin,Bullar kakor tårtor mm,0.03,mg
1656,Punschrulle,Tillsatt socker,Bullar kakor tårtor mm,51.0,g
1656,Punschrulle,Fritt socker,Bullar kakor tårtor mm,51.0,g
1656,Punschrulle,"Selen, Se",Bullar kakor tårtor mm,1.5,µg
1656,Punschrulle,Sackaros,Bullar kakor tårtor mm,47.2,g
1656,Punschrulle,Riboflavin,Bullar kakor tårtor mm,0.21,mg
1656,Punschrulle,Retinol,Bullar kakor tårtor mm,46.4,µg
1656,Punschrulle,Protein,Bullar kakor tårtor mm,5.0,g
1656,Punschrulle,Summa fleromättade fettsyror,Bullar kakor tårtor mm,3.1,g
1656,Punschrulle,"Fosfor, P",Bullar kakor tårtor mm,124.0,mg
1656,Punschrulle,Niacinekvivalenter,Bullar kakor tårtor mm,1.5,NE/mg
1656,Punschrulle,Niacin,Bullar kakor tårtor mm,0.72,mg
1656,Punschrulle,"Salt, NaCl",Bullar kakor tårtor mm,0.2,g
1656,Punschrulle,"Natrium, Na",Bullar kakor tårtor mm,63.0,mg
1656,Punschrulle,Monosackarider,Bullar kakor tårtor mm,3.0,g
1656,Punschrulle,"Sockerarter, totalt",Bullar kakor tårtor mm,50.8,g
1656,Punschrulle,Summa enkelomättade fettsyror,Bullar kakor tårtor mm,8.8,g
1656,Punschrulle,"Magnesium, Mg",Bullar kakor tårtor mm,54.0,mg
1656,Punschrulle,Summa mättade fettsyror,Bullar kakor tårtor mm,7.3,g
1656,Punschrulle,"Kolhydrater, tillgängliga",Bullar kakor tårtor mm,61.2,g
1656,Punschrulle,Kolesterol,Bullar kakor tårtor mm,13.3,mg
1656,Punschrulle,"Kalium, K",Bullar kakor tårtor mm,226.0,mg
1656,Punschrulle,"Jod, I",Bullar kakor tårtor mm,3.0,µg
1656,Punschrulle,Fullkorn totalt,Bullar kakor tårtor mm,0.0,g
1656,Punschrulle,"Folat, totalt",Bullar kakor tårtor mm,19.0,µg
1656,Punschrulle,Fibrer,Bullar kakor tårtor mm,3.3,g
1656,Punschrulle,"Fett, totalt",Bullar kakor tårtor mm,20.2,g
1656,Punschrulle,"Järn, Fe",Bullar kakor tårtor mm,2.0,mg
1656,Punschrulle,Energi (kJ),Bullar kakor tårtor mm,1897.0,kJ
1656,Punschrulle,Energi (kcal),Bullar kakor tårtor mm,453.0,kcal
1656,Punschrulle,Disackarider,Bullar kakor tårtor mm,47.8,g
1656,Punschrulle,"Kalcium, Ca",Bullar kakor tårtor mm,56.0,mg
1656,Punschrulle,Fettsyra 4:0-10:0,Bullar kakor tårtor mm,0.3,g
1656,Punschrulle,DHA (C22:6),Bullar kakor tårtor mm,0.0,g
1656,Punschrulle,DPA (C22:5),Bullar kakor tårtor mm,0.0,g
1656,Punschrulle,EPA (C20:5),Bullar kakor tårtor mm,0.0,g
1656,Punschrulle,Arakidonsyra C20:4,Bullar kakor tårtor mm,0.0,g
1656,Punschrulle,Arakidinsyra C20:0,Bullar kakor tårtor mm,0.0,g
1656,Punschrulle,Linolensyra C18:3,Bullar kakor tårtor mm,0.2,g
1656,Punschrulle,Linolsyra C18:2,Bullar kakor tårtor mm,2.9,g
1656,Punschrulle,Oljesyra C18:1,Bullar kakor tårtor mm,8.7,g
1656,Punschrulle,Stearinsyra C18:0,Bullar kakor tårtor mm,1.1,g
1656,Punschrulle,Palmitoljesyra C16:1,Bullar kakor tårtor mm,0.1,g
1656,Punschrulle,Palmitinsyra C16:0,Bullar kakor tårtor mm,3.0,g
1656,Punschrulle,Myristinsyra C14:0,Bullar kakor tårtor mm,0.9,g
1656,Punschrulle,Laurinsyra C12:0,Bullar kakor tårtor mm,2.0,g
1656,Punschrulle,Betakaroten/β-Karoten,Bullar kakor tårtor mm,133.0,µg
1656,Punschrulle,Avfall (skal etc.),Bullar kakor tårtor mm,0.0,%
1656,Punschrulle,Aska,Bullar kakor tårtor mm,0.9,g
1656,Punschrulle,Alkohol,Bullar kakor tårtor mm,0.0,g
1657,Chokladboll,"Zink, Zn",Bullar kakor tårtor mm,1.1,mg
1657,Chokladboll,Vitamin E,Bullar kakor tårtor mm,3.2,mg
1657,Chokladboll,Vitamin D inkl 25-OH-D3,Bullar kakor tårtor mm,0.0,µg
1657,Chokladboll,Vitamin D,Bullar kakor tårtor mm,0.0,µg
1657,Chokladboll,Vitamin C,Bullar kakor tårtor mm,0.0,mg
1657,Chokladboll,Vitamin B6,Bullar kakor tårtor mm,0.04,mg
1657,Chokladboll,Vitamin B12,Bullar kakor tårtor mm,0.0,µg
1657,Chokladboll,Vitamin A,Bullar kakor tårtor mm,3.5,RE/µg
1657,Chokladboll,Vatten,Bullar kakor tårtor mm,8.1,g
1657,Chokladboll,Tiamin,Bullar kakor tårtor mm,0.09,mg
1657,Chokladboll,Tillsatt socker,Bullar kakor tårtor mm,33.0,g
1657,Chokladboll,Fritt socker,Bullar kakor tårtor mm,33.0,g
1657,Chokladboll,"Selen, Se",Bullar kakor tårtor mm,0.0,µg
1657,Chokladboll,Sackaros,Bullar kakor tårtor mm,31.0,g
1657,Chokladboll,Riboflavin,Bullar kakor tårtor mm,0.05,mg
1657,Chokladboll,Retinol,Bullar kakor tårtor mm,0.0,µg
1657,Chokladboll,Protein,Bullar kakor tårtor mm,4.9,g
1657,Chokladboll,Summa fleromättade fettsyror,Bullar kakor tårtor mm,2.8,g
1657,Chokladboll,"Fosfor, P",Bullar kakor tårtor mm,150.0,mg
1657,Chokladboll,Niacinekvivalenter,Bullar kakor tårtor mm,1.2,NE/mg
1657,Chokladboll,Niacin,Bullar kakor tårtor mm,0.35,mg
1657,Chokladboll,"Salt, NaCl",Bullar kakor tårtor mm,0.4,g
1657,Chokladboll,"Natrium, Na",Bullar kakor tårtor mm,170.0,mg
1657,Chokladboll,Monosackarider,Bullar kakor tårtor mm,1.7,g
1657,Chokladboll,"Sockerarter, totalt",Bullar kakor tårtor mm,32.7,g
1657,Chokladboll,Summa enkelomättade fettsyror,Bullar kakor tårtor mm,10.0,g
1657,Chokladboll,"Magnesium, Mg",Bullar kakor tårtor mm,54.0,mg
1657,Chokladboll,Summa mättade fettsyror,Bullar kakor tårtor mm,17.2,g
1657,Chokladboll,"Kolhydrater, tillgängliga",Bullar kakor tårtor mm,49.1,g
1657,Chokladboll,Kolesterol,Bullar kakor tårtor mm,3.0,mg
1657,Chokladboll,"Kalium, K",Bullar kakor tårtor mm,260.0,mg
1657,Chokladboll,"Jod, I",Bullar kakor tårtor mm,0.0,µg
1657,Chokladboll,Fullkorn totalt,Bullar kakor tårtor mm,27.0,g
1657,Chokladboll,"Folat, totalt",Bullar kakor tårtor mm,9.1,µg
1657,Chokladboll,Fibrer,Bullar kakor tårtor mm,5.2,g
1657,Chokladboll,"Fett, totalt",Bullar kakor tårtor mm,31.5,g
1657,Chokladboll,"Järn, Fe",Bullar kakor tårtor mm,2.4,mg
1657,Chokladboll,Energi (kJ),Bullar kakor tårtor mm,2125.0,kJ
1657,Chokladboll,Energi (kcal),Bullar kakor tårtor mm,508.0,kcal
1657,Chokladboll,Disackarider,Bullar kakor tårtor mm,31.0,g
1657,Chokladboll,"Kalcium, Ca",Bullar kakor tårtor mm,21.0,mg
1657,Chokladboll,Fettsyra 4:0-10:0,Bullar kakor tårtor mm,0.7,g
1657,Chokladboll,DHA (C22:6),Bullar kakor tårtor mm,0.0,g
1657,Chokladboll,DPA (C22:5),Bullar kakor tårtor mm,0.0,g
1657,Chokladboll,EPA (C20:5),Bullar kakor tårtor mm,0.0,g
1657,Chokladboll,Arakidonsyra C20:4,Bullar kakor tårtor mm,0.0,g
1657,Chokladboll,Arakidinsyra C20:0,Bullar kakor tårtor mm,0.1,g
1657,Chokladboll,Linolensyra C18:3,Bullar kakor tårtor mm,0.2,g
1657,Chokladboll,Linolsyra C18:2,Bullar kakor tårtor mm,2.6,g
1657,Chokladboll,Oljesyra C18:1,Bullar kakor tårtor mm,9.8,g
1657,Chokladboll,Stearinsyra C18:0,Bullar kakor tårtor mm,2.2,g
1657,Chokladboll,Palmitoljesyra C16:1,Bullar kakor tårtor mm,0.0,g
1657,Chokladboll,Palmitinsyra C16:0,Bullar kakor tårtor mm,7.8,g
1657,Chokladboll,Myristinsyra C14:0,Bullar kakor tårtor mm,1.9,g
1657,Chokladboll,Laurinsyra C12:0,Bullar kakor tårtor mm,4.6,g
1657,Chokladboll,Betakaroten/β-Karoten,Bullar kakor tårtor mm,42.0,µg
1657,Chokladboll,Avfall (skal etc.),Bullar kakor tårtor mm,0.0,%
1657,Chokladboll,Aska,Bullar kakor tårtor mm,1.2,g
1657,Chokladboll,Alkohol,Bullar kakor tårtor mm,0.0,g
1658,Gräddtårta m. jordgubb banan hemlagad,"Zink, Zn",Bullar kakor tårtor mm,0.3,mg
1658,Gräddtårta m. jordgubb banan hemlagad,Vitamin E,Bullar kakor tårtor mm,0.8,mg
1658,Gräddtårta m. jordgubb banan hemlagad,Vitamin D,Bullar kakor tårtor mm,0.1,µg
1658,Gräddtårta m. jordgubb banan hemlagad,Vitamin C,Bullar kakor tårtor mm,0.0,mg
1658,Gräddtårta m. jordgubb banan hemlagad,Vitamin B6,Bullar kakor tårtor mm,0.1,mg
1658,Gräddtårta m. jordgubb banan hemlagad,Vitamin B12,Bullar kakor tårtor mm,0.25,µg
1658,Gräddtårta m. jordgubb banan hemlagad,Vitamin A,Bullar kakor tårtor mm,127.5,RE/µg
1658,Gräddtårta m. jordgubb banan hemlagad,Vatten,Bullar kakor tårtor mm,60.5,g
1658,Gräddtårta m. jordgubb banan hemlagad,Tiamin,Bullar kakor tårtor mm,0.01,mg
1658,Gräddtårta m. jordgubb banan hemlagad,Tillsatt socker,Bullar kakor tårtor mm,13.0,g
1658,Gräddtårta m. jordgubb banan hemlagad,Fritt socker,Bullar kakor tårtor mm,13.0,g
1658,Gräddtårta m. jordgubb banan hemlagad,"Selen, Se",Bullar kakor tårtor mm,3.7,µg
1658,Gräddtårta m. jordgubb banan hemlagad,Sackaros,Bullar kakor tårtor mm,8.7,g
1658,Gräddtårta m. jordgubb banan hemlagad,Riboflavin,Bullar kakor tårtor mm,0.12,mg
1658,Gräddtårta m. jordgubb banan hemlagad,Retinol,Bullar kakor tårtor mm,124.0,µg
1658,Gräddtårta m. jordgubb banan hemlagad,Protein,Bullar kakor tårtor mm,3.0,g
1658,Gräddtårta m. jordgubb banan hemlagad,Summa fleromättade fettsyror,Bullar kakor tårtor mm,0.6,g
1658,Gräddtårta m. jordgubb banan hemlagad,"Fosfor, P",Bullar kakor tårtor mm,73.0,mg
1658,Gräddtårta m. jordgubb banan hemlagad,Niacinekvivalenter,Bullar kakor tårtor mm,1.1,NE/mg
1658,Gräddtårta m. jordgubb banan hemlagad,Niacin,Bullar kakor tårtor mm,0.35,mg
1658,Gräddtårta m. jordgubb banan hemlagad,"Salt, NaCl",Bullar kakor tårtor mm,0.2,g
1658,Gräddtårta m. jordgubb banan hemlagad,"Natrium, Na",Bullar kakor tårtor mm,70.0,mg
1658,Gräddtårta m. jordgubb banan hemlagad,Monosackarider,Bullar kakor tårtor mm,3.9,g
1658,Gräddtårta m. jordgubb banan hemlagad,"Sockerarter, totalt",Bullar kakor tårtor mm,13.6,g
1658,Gräddtårta m. jordgubb banan hemlagad,Summa enkelomättade fettsyror,Bullar kakor tårtor mm,3.2,g
1658,Gräddtårta m. jordgubb banan hemlagad,"Magnesium, Mg",Bullar kakor tårtor mm,9.0,mg
1658,Gräddtårta m. jordgubb banan hemlagad,Summa mättade fettsyror,Bullar kakor tårtor mm,7.2,g
1658,Gräddtårta m. jordgubb banan hemlagad,"Kolhydrater, tillgängliga",Bullar kakor tårtor mm,22.0,g
1658,Gräddtårta m. jordgubb banan hemlagad,Kolesterol,Bullar kakor tårtor mm,80.8,mg
1658,Gräddtårta m. jordgubb banan hemlagad,"Kalium, K",Bullar kakor tårtor mm,113.0,mg
1658,Gräddtårta m. jordgubb banan hemlagad,"Jod, I",Bullar kakor tårtor mm,4.0,µg
1658,Gräddtårta m. jordgubb banan hemlagad,Fullkorn totalt,Bullar kakor tårtor mm,0.0,g
1658,Gräddtårta m. jordgubb banan hemlagad,"Folat, totalt",Bullar kakor tårtor mm,14.5,µg
1658,Gräddtårta m. jordgubb banan hemlagad,Fibrer,Bullar kakor tårtor mm,2.2,g
1658,Gräddtårta m. jordgubb banan hemlagad,"Fett, totalt",Bullar kakor tårtor mm,11.7,g
1658,Gräddtårta m. jordgubb banan hemlagad,"Järn, Fe",Bullar kakor tårtor mm,0.4,mg
1658,Gräddtårta m. jordgubb banan hemlagad,Energi (kJ),Bullar kakor tårtor mm,874.0,kJ
1658,Gräddtårta m. jordgubb banan hemlagad,Energi (kcal),Bullar kakor tårtor mm,209.0,kcal
1658,Gräddtårta m. jordgubb banan hemlagad,Disackarider,Bullar kakor tårtor mm,9.7,g
1658,Gräddtårta m. jordgubb banan hemlagad,"Kalcium, Ca",Bullar kakor tårtor mm,23.0,mg
1658,Gräddtårta m. jordgubb banan hemlagad,Fettsyra 4:0-10:0,Bullar kakor tårtor mm,0.9,g
1658,Gräddtårta m. jordgubb banan hemlagad,DHA (C22:6),Bullar kakor tårtor mm,0.0,g
1658,Gräddtårta m. jordgubb banan hemlagad,DPA (C22:5),Bullar kakor tårtor mm,0.0,g
1658,Gräddtårta m. jordgubb banan hemlagad,EPA (C20:5),Bullar kakor tårtor mm,0.0,g
1658,Gräddtårta m. jordgubb banan hemlagad,Arakidonsyra C20:4,Bullar kakor tårtor mm,0.0,g
1658,Gräddtårta m. jordgubb banan hemlagad,Arakidinsyra C20:0,Bullar kakor tårtor mm,0.0,g
1658,Gräddtårta m. jordgubb banan hemlagad,Linolensyra C18:3,Bullar kakor tårtor mm,0.1,g
1658,Gräddtårta m. jordgubb banan hemlagad,Linolsyra C18:2,Bullar kakor tårtor mm,0.4,g
1658,Gräddtårta m. jordgubb banan hemlagad,Oljesyra C18:1,Bullar kakor tårtor mm,2.8,g
1658,Gräddtårta m. jordgubb banan hemlagad,Stearinsyra C18:0,Bullar kakor tårtor mm,1.1,g
1658,Gräddtårta m. jordgubb banan hemlagad,Palmitoljesyra C16:1,Bullar kakor tårtor mm,0.2,g
1658,Gräddtårta m. jordgubb banan hemlagad,Palmitinsyra C16:0,Bullar kakor tårtor mm,3.3,g
1658,Gräddtårta m. jordgubb banan hemlagad,Myristinsyra C14:0,Bullar kakor tårtor mm,1.1,g
1658,Gräddtårta m. jordgubb banan hemlagad,Laurinsyra C12:0,Bullar kakor tårtor mm,0.4,g
1658,Gräddtårta m. jordgubb banan hemlagad,Betakaroten/β-Karoten,Bullar kakor tårtor mm,41.0,µg
1658,Gräddtårta m. jordgubb banan hemlagad,Avfall (skal etc.),Bullar kakor tårtor mm,0.0,%
1658,Gräddtårta m. jordgubb banan hemlagad,Aska,Bullar kakor tårtor mm,0.6,g
1658,Gräddtårta m. jordgubb banan hemlagad,Alkohol,Bullar kakor tårtor mm,0.0,g
1659,Potatisbakelse m. vaniljkräm smörkräm marsipan,"Zink, Zn",Bullar kakor tårtor mm,0.6,mg
1659,Potatisbakelse m. vaniljkräm smörkräm marsipan,Vitamin E,Bullar kakor tårtor mm,3.1,mg
1659,Potatisbakelse m. vaniljkräm smörkräm marsipan,Vitamin D,Bullar kakor tårtor mm,0.1,µg
1659,Potatisbakelse m. vaniljkräm smörkräm marsipan,Vitamin C,Bullar kakor tårtor mm,0.0,mg
1659,Potatisbakelse m. vaniljkräm smörkräm marsipan,Vitamin B6,Bullar kakor tårtor mm,0.03,mg
1659,Potatisbakelse m. vaniljkräm smörkräm marsipan,Vitamin B12,Bullar kakor tårtor mm,0.18,µg
1659,Potatisbakelse m. vaniljkräm smörkräm marsipan,Vitamin A,Bullar kakor tårtor mm,73.0,RE/µg
1659,Potatisbakelse m. vaniljkräm smörkräm marsipan,Vatten,Bullar kakor tårtor mm,17.8,g
1659,Potatisbakelse m. vaniljkräm smörkräm marsipan,Tiamin,Bullar kakor tårtor mm,0.01,mg
1659,Potatisbakelse m. vaniljkräm smörkräm marsipan,Tillsatt socker,Bullar kakor tårtor mm,44.0,g
1659,Potatisbakelse m. vaniljkräm smörkräm marsipan,Fritt socker,Bullar kakor tårtor mm,44.0,g
1659,Potatisbakelse m. vaniljkräm smörkräm marsipan,"Selen, Se",Bullar kakor tårtor mm,2.6,µg
1659,Potatisbakelse m. vaniljkräm smörkräm marsipan,Sackaros,Bullar kakor tårtor mm,40.0,g
1659,Potatisbakelse m. vaniljkräm smörkräm marsipan,Riboflavin,Bullar kakor tårtor mm,0.25,mg
1659,Potatisbakelse m. vaniljkräm smörkräm marsipan,Retinol,Bullar kakor tårtor mm,59.5,µg
1659,Potatisbakelse m. vaniljkräm smörkräm marsipan,Protein,Bullar kakor tårtor mm,4.8,g
1659,Potatisbakelse m. vaniljkräm smörkräm marsipan,Summa fleromättade fettsyror,Bullar kakor tårtor mm,2.2,g
1659,Potatisbakelse m. vaniljkräm smörkräm marsipan,"Fosfor, P",Bullar kakor tårtor mm,120.0,mg
1659,Potatisbakelse m. vaniljkräm smörkräm marsipan,Niacinekvivalenter,Bullar kakor tårtor mm,1.7,NE/mg
1659,Potatisbakelse m. vaniljkräm smörkräm marsipan,Niacin,Bullar kakor tårtor mm,0.53,mg
1659,Potatisbakelse m. vaniljkräm smörkräm marsipan,"Salt, NaCl",Bullar kakor tårtor mm,0.3,g
1659,Potatisbakelse m. vaniljkräm smörkräm marsipan,"Natrium, Na",Bullar kakor tårtor mm,112.0,mg
1659,Potatisbakelse m. vaniljkräm smörkräm marsipan,Monosackarider,Bullar kakor tårtor mm,3.6,g
1659,Potatisbakelse m. vaniljkräm smörkräm marsipan,"Sockerarter, totalt",Bullar kakor tårtor mm,46.1,g
1659,Potatisbakelse m. vaniljkräm smörkräm marsipan,Summa enkelomättade fettsyror,Bullar kakor tårtor mm,7.2,g
1659,Potatisbakelse m. vaniljkräm smörkräm marsipan,"Magnesium, Mg",Bullar kakor tårtor mm,32.0,mg
1659,Potatisbakelse m. vaniljkräm smörkräm marsipan,Summa mättade fettsyror,Bullar kakor tårtor mm,6.5,g
1659,Potatisbakelse m. vaniljkräm smörkräm marsipan,"Kolhydrater, tillgängliga",Bullar kakor tårtor mm,56.8,g
1659,Potatisbakelse m. vaniljkräm smörkräm marsipan,Kolesterol,Bullar kakor tårtor mm,39.4,mg
1659,Potatisbakelse m. vaniljkräm smörkräm marsipan,"Kalium, K",Bullar kakor tårtor mm,145.0,mg
1659,Potatisbakelse m. vaniljkräm smörkräm marsipan,"Jod, I",Bullar kakor tårtor mm,9.0,µg
1659,Potatisbakelse m. vaniljkräm smörkräm marsipan,Fullkorn totalt,Bullar kakor tårtor mm,0.0,g
1659,Potatisbakelse m. vaniljkräm smörkräm marsipan,"Folat, totalt",Bullar kakor tårtor mm,16.3,µg
1659,Potatisbakelse m. vaniljkräm smörkräm marsipan,Fibrer,Bullar kakor tårtor mm,2.9,g
1659,Potatisbakelse m. vaniljkräm smörkräm marsipan,"Fett, totalt",Bullar kakor tårtor mm,16.8,g
1659,Potatisbakelse m. vaniljkräm smörkräm marsipan,"Järn, Fe",Bullar kakor tårtor mm,0.7,mg
1659,Potatisbakelse m. vaniljkräm smörkräm marsipan,Energi (kJ),Bullar kakor tårtor mm,1693.0,kJ
1659,Potatisbakelse m. vaniljkräm smörkräm marsipan,Energi (kcal),Bullar kakor tårtor mm,405.0,kcal
1659,Potatisbakelse m. vaniljkräm smörkräm marsipan,Disackarider,Bullar kakor tårtor mm,42.5,g
1659,Potatisbakelse m. vaniljkräm smörkräm marsipan,"Kalcium, Ca",Bullar kakor tårtor mm,52.0,mg
1659,Potatisbakelse m. vaniljkräm smörkräm marsipan,Fettsyra 4:0-10:0,Bullar kakor tårtor mm,0.6,g
1659,Potatisbakelse m. vaniljkräm smörkräm marsipan,DHA (C22:6),Bullar kakor tårtor mm,0.0,g
1659,Potatisbakelse m. vaniljkräm smörkräm marsipan,DPA (C22:5),Bullar kakor tårtor mm,0.0,g
1659,Potatisbakelse m. vaniljkräm smörkräm marsipan,EPA (C20:5),Bullar kakor tårtor mm,0.0,g
1659,Potatisbakelse m. vaniljkräm smörkräm marsipan,Arakidonsyra C20:4,Bullar kakor tårtor mm,0.0,g
1659,Potatisbakelse m. vaniljkräm smörkräm marsipan,Arakidinsyra C20:0,Bullar kakor tårtor mm,0.0,g
1659,Potatisbakelse m. vaniljkräm smörkräm marsipan,Linolensyra C18:3,Bullar kakor tårtor mm,0.1,g
1659,Potatisbakelse m. vaniljkräm smörkräm marsipan,Linolsyra C18:2,Bullar kakor tårtor mm,2.0,g
1659,Potatisbakelse m. vaniljkräm smörkräm marsipan,Oljesyra C18:1,Bullar kakor tårtor mm,6.9,g
1659,Potatisbakelse m. vaniljkräm smörkräm marsipan,Stearinsyra C18:0,Bullar kakor tårtor mm,1.2,g
1659,Potatisbakelse m. vaniljkräm smörkräm marsipan,Palmitoljesyra C16:1,Bullar kakor tårtor mm,0.1,g
1659,Potatisbakelse m. vaniljkräm smörkräm marsipan,Palmitinsyra C16:0,Bullar kakor tårtor mm,2.9,g
1659,Potatisbakelse m. vaniljkräm smörkräm marsipan,Myristinsyra C14:0,Bullar kakor tårtor mm,0.8,g
1659,Potatisbakelse m. vaniljkräm smörkräm marsipan,Laurinsyra C12:0,Bullar kakor tårtor mm,0.8,g
1659,Potatisbakelse m. vaniljkräm smörkräm marsipan,Betakaroten/β-Karoten,Bullar kakor tårtor mm,159.0,µg
1659,Potatisbakelse m. vaniljkräm smörkräm marsipan,Avfall (skal etc.),Bullar kakor tårtor mm,0.0,%
1659,Potatisbakelse m. vaniljkräm smörkräm marsipan,Aska,Bullar kakor tårtor mm,0.8,g
1659,Potatisbakelse m. vaniljkräm smörkräm marsipan,Alkohol,Bullar kakor tårtor mm,0.0,g
1660,Äppelkaka m. ströbröd,"Zink, Zn",Bullar kakor tårtor mm,0.2,mg
1660,Äppelkaka m. ströbröd,Vitamin E,Bullar kakor tårtor mm,1.6,mg
1660,Äppelkaka m. ströbröd,Vitamin D,Bullar kakor tårtor mm,0.83,µg
1660,Äppelkaka m. ströbröd,Vitamin C,Bullar kakor tårtor mm,6.0,mg
1660,Äppelkaka m. ströbröd,Vitamin B6,Bullar kakor tårtor mm,0.04,mg
1660,Äppelkaka m. ströbröd,Vitamin B12,Bullar kakor tårtor mm,0.0,µg
1660,Äppelkaka m. ströbröd,Vitamin A,Bullar kakor tårtor mm,92.3,RE/µg
1660,Äppelkaka m. ströbröd,Vatten,Bullar kakor tårtor mm,56.7,g
1660,Äppelkaka m. ströbröd,Tiamin,Bullar kakor tårtor mm,0.03,mg
1660,Äppelkaka m. ströbröd,Tillsatt socker,Bullar kakor tårtor mm,11.0,g
1660,Äppelkaka m. ströbröd,Fritt socker,Bullar kakor tårtor mm,11.0,g
1660,Äppelkaka m. ströbröd,"Selen, Se",Bullar kakor tårtor mm,0.2,µg
1660,Äppelkaka m. ströbröd,Sackaros,Bullar kakor tårtor mm,13.7,g
1660,Äppelkaka m. ströbröd,Riboflavin,Bullar kakor tårtor mm,0.02,mg
1660,Äppelkaka m. ströbröd,Retinol,Bullar kakor tårtor mm,86.1,µg
1660,Äppelkaka m. ströbröd,Protein,Bullar kakor tårtor mm,1.3,g
1660,Äppelkaka m. ströbröd,Summa fleromättade fettsyror,Bullar kakor tårtor mm,1.9,g
1660,Äppelkaka m. ströbröd,"Fosfor, P",Bullar kakor tårtor mm,28.0,mg
1660,Äppelkaka m. ströbröd,Niacinekvivalenter,Bullar kakor tårtor mm,0.51,NE/mg
1660,Äppelkaka m. ströbröd,Niacin,Bullar kakor tårtor mm,0.3,mg
1660,Äppelkaka m. ströbröd,"Salt, NaCl",Bullar kakor tårtor mm,0.3,g
1660,Äppelkaka m. ströbröd,"Natrium, Na",Bullar kakor tårtor mm,122.0,mg
1660,Äppelkaka m. ströbröd,Monosackarider,Bullar kakor tårtor mm,5.7,g
1660,Äppelkaka m. ströbröd,"Sockerarter, totalt",Bullar kakor tårtor mm,19.7,g
1660,Äppelkaka m. ströbröd,Summa enkelomättade fettsyror,Bullar kakor tårtor mm,4.1,g
1660,Äppelkaka m. ströbröd,"Magnesium, Mg",Bullar kakor tårtor mm,10.0,mg
1660,Äppelkaka m. ströbröd,Summa mättade fettsyror,Bullar kakor tårtor mm,4.5,g
1660,Äppelkaka m. ströbröd,"Kolhydrater, tillgängliga",Bullar kakor tårtor mm,27.6,g
1660,Äppelkaka m. ströbröd,Kolesterol,Bullar kakor tårtor mm,7.1,mg
1660,Äppelkaka m. ströbröd,"Kalium, K",Bullar kakor tårtor mm,85.0,mg
1660,Äppelkaka m. ströbröd,"Jod, I",Bullar kakor tårtor mm,0.3,µg
1660,Äppelkaka m. ströbröd,Fullkorn totalt,Bullar kakor tårtor mm,2.0,g
1660,Äppelkaka m. ströbröd,"Folat, totalt",Bullar kakor tårtor mm,7.8,µg
1660,Äppelkaka m. ströbröd,Fibrer,Bullar kakor tårtor mm,3.0,g
1660,Äppelkaka m. ströbröd,"Fett, totalt",Bullar kakor tårtor mm,10.8,g
1660,Äppelkaka m. ströbröd,"Järn, Fe",Bullar kakor tårtor mm,0.3,mg
1660,Äppelkaka m. ströbröd,Energi (kJ),Bullar kakor tårtor mm,915.0,kJ
1660,Äppelkaka m. ströbröd,Energi (kcal),Bullar kakor tårtor mm,219.0,kcal
1660,Äppelkaka m. ströbröd,Disackarider,Bullar kakor tårtor mm,14.0,g
1660,Äppelkaka m. ströbröd,"Kalcium, Ca",Bullar kakor tårtor mm,10.0,mg
1660,Äppelkaka m. ströbröd,Fettsyra 4:0-10:0,Bullar kakor tårtor mm,0.3,g
1660,Äppelkaka m. ströbröd,DHA (C22:6),Bullar kakor tårtor mm,0.0,g
1660,Äppelkaka m. ströbröd,DPA (C22:5),Bullar kakor tårtor mm,0.0,g
1660,Äppelkaka m. ströbröd,EPA (C20:5),Bullar kakor tårtor mm,0.0,g
1660,Äppelkaka m. ströbröd,Arakidonsyra C20:4,Bullar kakor tårtor mm,0.0,g
1660,Äppelkaka m. ströbröd,Arakidinsyra C20:0,Bullar kakor tårtor mm,0.0,g
1660,Äppelkaka m. ströbröd,Linolensyra C18:3,Bullar kakor tårtor mm,0.4,g
1660,Äppelkaka m. ströbröd,Linolsyra C18:2,Bullar kakor tårtor mm,1.3,g
1660,Äppelkaka m. ströbröd,Oljesyra C18:1,Bullar kakor tårtor mm,4.2,g
1660,Äppelkaka m. ströbröd,Stearinsyra C18:0,Bullar kakor tårtor mm,0.5,g
1660,Äppelkaka m. ströbröd,Palmitoljesyra C16:1,Bullar kakor tårtor mm,0.0,g
1660,Äppelkaka m. ströbröd,Palmitinsyra C16:0,Bullar kakor tårtor mm,2.9,g
1660,Äppelkaka m. ströbröd,Myristinsyra C14:0,Bullar kakor tårtor mm,0.4,g
1660,Äppelkaka m. ströbröd,Laurinsyra C12:0,Bullar kakor tårtor mm,0.3,g
1660,Äppelkaka m. ströbröd,Betakaroten/β-Karoten,Bullar kakor tårtor mm,73.0,µg
1660,Äppelkaka m. ströbröd,Avfall (skal etc.),Bullar kakor tårtor mm,6.0,%
1660,Äppelkaka m. ströbröd,Aska,Bullar kakor tårtor mm,0.6,g
1660,Äppelkaka m. ströbröd,Alkohol,Bullar kakor tårtor mm,0.0,g
1661,Mjuk kaka drömtårta chokladrulltårta hemlagad,"Zink, Zn",Bullar kakor tårtor mm,0.7,mg
1661,Mjuk kaka drömtårta chokladrulltårta hemlagad,Vitamin E,Bullar kakor tårtor mm,3.5,mg
1661,Mjuk kaka drömtårta chokladrulltårta hemlagad,Vitamin D,Bullar kakor tårtor mm,0.29,µg
1661,Mjuk kaka drömtårta chokladrulltårta hemlagad,Vitamin C,Bullar kakor tårtor mm,0.1,mg
1661,Mjuk kaka drömtårta chokladrulltårta hemlagad,Vitamin B6,Bullar kakor tårtor mm,0.05,mg
1661,Mjuk kaka drömtårta chokladrulltårta hemlagad,Vitamin B12,Bullar kakor tårtor mm,0.48,µg
1661,Mjuk kaka drömtårta chokladrulltårta hemlagad,Vitamin A,Bullar kakor tårtor mm,160.1,RE/µg
1661,Mjuk kaka drömtårta chokladrulltårta hemlagad,Vatten,Bullar kakor tårtor mm,31.0,g
1661,Mjuk kaka drömtårta chokladrulltårta hemlagad,Tiamin,Bullar kakor tårtor mm,0.04,mg
1661,Mjuk kaka drömtårta chokladrulltårta hemlagad,Tillsatt socker,Bullar kakor tårtor mm,32.0,g
1661,Mjuk kaka drömtårta chokladrulltårta hemlagad,Fritt socker,Bullar kakor tårtor mm,32.0,g
1661,Mjuk kaka drömtårta chokladrulltårta hemlagad,"Selen, Se",Bullar kakor tårtor mm,7.4,µg
1661,Mjuk kaka drömtårta chokladrulltårta hemlagad,Sackaros,Bullar kakor tårtor mm,32.6,g
1661,Mjuk kaka drömtårta chokladrulltårta hemlagad,Riboflavin,Bullar kakor tårtor mm,0.13,mg
1661,Mjuk kaka drömtårta chokladrulltårta hemlagad,Retinol,Bullar kakor tårtor mm,155.1,µg
1661,Mjuk kaka drömtårta chokladrulltårta hemlagad,Protein,Bullar kakor tårtor mm,5.3,g
1661,Mjuk kaka drömtårta chokladrulltårta hemlagad,Summa fleromättade fettsyror,Bullar kakor tårtor mm,1.2,g
1661,Mjuk kaka drömtårta chokladrulltårta hemlagad,"Fosfor, P",Bullar kakor tårtor mm,192.0,mg
1661,Mjuk kaka drömtårta chokladrulltårta hemlagad,Niacinekvivalenter,Bullar kakor tårtor mm,1.38,NE/mg
1661,Mjuk kaka drömtårta chokladrulltårta hemlagad,Niacin,Bullar kakor tårtor mm,0.17,mg
1661,Mjuk kaka drömtårta chokladrulltårta hemlagad,"Salt, NaCl",Bullar kakor tårtor mm,0.4,g
1661,Mjuk kaka drömtårta chokladrulltårta hemlagad,"Natrium, Na",Bullar kakor tårtor mm,149.0,mg
1661,Mjuk kaka drömtårta chokladrulltårta hemlagad,Monosackarider,Bullar kakor tårtor mm,0.2,g
1661,Mjuk kaka drömtårta chokladrulltårta hemlagad,"Sockerarter, totalt",Bullar kakor tårtor mm,33.1,g
1661,Mjuk kaka drömtårta chokladrulltårta hemlagad,Summa enkelomättade fettsyror,Bullar kakor tårtor mm,6.7,g
1661,Mjuk kaka drömtårta chokladrulltårta hemlagad,"Magnesium, Mg",Bullar kakor tårtor mm,24.0,mg
1661,Mjuk kaka drömtårta chokladrulltårta hemlagad,Summa mättade fettsyror,Bullar kakor tårtor mm,8.2,g
1661,Mjuk kaka drömtårta chokladrulltårta hemlagad,"Kolhydrater, tillgängliga",Bullar kakor tårtor mm,43.0,g
1661,Mjuk kaka drömtårta chokladrulltårta hemlagad,Kolesterol,Bullar kakor tårtor mm,141.5,mg
1661,Mjuk kaka drömtårta chokladrulltårta hemlagad,"Kalium, K",Bullar kakor tårtor mm,176.0,mg
1661,Mjuk kaka drömtårta chokladrulltårta hemlagad,"Jod, I",Bullar kakor tårtor mm,14.9,µg
1661,Mjuk kaka drömtårta chokladrulltårta hemlagad,Fullkorn totalt,Bullar kakor tårtor mm,0.0,g
1661,Mjuk kaka drömtårta chokladrulltårta hemlagad,"Folat, totalt",Bullar kakor tårtor mm,26.7,µg
1661,Mjuk kaka drömtårta chokladrulltårta hemlagad,Fibrer,Bullar kakor tårtor mm,1.6,g
1661,Mjuk kaka drömtårta chokladrulltårta hemlagad,"Fett, totalt",Bullar kakor tårtor mm,17.6,g
1661,Mjuk kaka drömtårta chokladrulltårta hemlagad,"Järn, Fe",Bullar kakor tårtor mm,0.9,mg
1661,Mjuk kaka drömtårta chokladrulltårta hemlagad,Energi (kJ),Bullar kakor tårtor mm,1486.0,kJ
1661,Mjuk kaka drömtårta chokladrulltårta hemlagad,Energi (kcal),Bullar kakor tårtor mm,355.0,kcal
1661,Mjuk kaka drömtårta chokladrulltårta hemlagad,Disackarider,Bullar kakor tårtor mm,32.9,g
1661,Mjuk kaka drömtårta chokladrulltårta hemlagad,"Kalcium, Ca",Bullar kakor tårtor mm,99.0,mg
1661,Mjuk kaka drömtårta chokladrulltårta hemlagad,Fettsyra 4:0-10:0,Bullar kakor tårtor mm,0.9,g
1661,Mjuk kaka drömtårta chokladrulltårta hemlagad,DHA (C22:6),Bullar kakor tårtor mm,0.0,g
1661,Mjuk kaka drömtårta chokladrulltårta hemlagad,DPA (C22:5),Bullar kakor tårtor mm,0.0,g
1661,Mjuk kaka drömtårta chokladrulltårta hemlagad,EPA (C20:5),Bullar kakor tårtor mm,0.0,g
1661,Mjuk kaka drömtårta chokladrulltårta hemlagad,Arakidonsyra C20:4,Bullar kakor tårtor mm,0.1,g
1661,Mjuk kaka drömtårta chokladrulltårta hemlagad,Arakidinsyra C20:0,Bullar kakor tårtor mm,0.0,g
1661,Mjuk kaka drömtårta chokladrulltårta hemlagad,Linolensyra C18:3,Bullar kakor tårtor mm,0.1,g
1661,Mjuk kaka drömtårta chokladrulltårta hemlagad,Linolsyra C18:2,Bullar kakor tårtor mm,0.9,g
1661,Mjuk kaka drömtårta chokladrulltårta hemlagad,Oljesyra C18:1,Bullar kakor tårtor mm,6.3,g
1661,Mjuk kaka drömtårta chokladrulltårta hemlagad,Stearinsyra C18:0,Bullar kakor tårtor mm,1.4,g
1661,Mjuk kaka drömtårta chokladrulltårta hemlagad,Palmitoljesyra C16:1,Bullar kakor tårtor mm,0.3,g
1661,Mjuk kaka drömtårta chokladrulltårta hemlagad,Palmitinsyra C16:0,Bullar kakor tårtor mm,4.1,g
1661,Mjuk kaka drömtårta chokladrulltårta hemlagad,Myristinsyra C14:0,Bullar kakor tårtor mm,1.1,g
1661,Mjuk kaka drömtårta chokladrulltårta hemlagad,Laurinsyra C12:0,Bullar kakor tårtor mm,0.3,g
1661,Mjuk kaka drömtårta chokladrulltårta hemlagad,Betakaroten/β-Karoten,Bullar kakor tårtor mm,59.0,µg
1661,Mjuk kaka drömtårta chokladrulltårta hemlagad,Avfall (skal etc.),Bullar kakor tårtor mm,6.0,%
1661,Mjuk kaka drömtårta chokladrulltårta hemlagad,Aska,Bullar kakor tårtor mm,1.1,g
1661,Mjuk kaka drömtårta chokladrulltårta hemlagad,Alkohol,Bullar kakor tårtor mm,0.0,g
1662,Semla vetebulle fylld m. mandelmassa vispad grädde,"Zink, Zn",Bullar kakor tårtor mm,0.6,mg
1662,Semla vetebulle fylld m. mandelmassa vispad grädde,Vitamin E,Bullar kakor tårtor mm,1.3,mg
1662,Semla vetebulle fylld m. mandelmassa vispad grädde,Vitamin D,Bullar kakor tårtor mm,0.18,µg
1662,Semla vetebulle fylld m. mandelmassa vispad grädde,Vitamin C,Bullar kakor tårtor mm,0.0,mg
1662,Semla vetebulle fylld m. mandelmassa vispad grädde,Vitamin B6,Bullar kakor tårtor mm,0.05,mg
1662,Semla vetebulle fylld m. mandelmassa vispad grädde,Vitamin B12,Bullar kakor tårtor mm,0.11,µg
1662,Semla vetebulle fylld m. mandelmassa vispad grädde,Vitamin A,Bullar kakor tårtor mm,150.1,RE/µg
1662,Semla vetebulle fylld m. mandelmassa vispad grädde,Vatten,Bullar kakor tårtor mm,35.1,g
1662,Semla vetebulle fylld m. mandelmassa vispad grädde,Tiamin,Bullar kakor tårtor mm,0.05,mg
1662,Semla vetebulle fylld m. mandelmassa vispad grädde,Tillsatt socker,Bullar kakor tårtor mm,18.0,g
1662,Semla vetebulle fylld m. mandelmassa vispad grädde,Fritt socker,Bullar kakor tårtor mm,18.0,g
1662,Semla vetebulle fylld m. mandelmassa vispad grädde,"Selen, Se",Bullar kakor tårtor mm,1.2,µg
1662,Semla vetebulle fylld m. mandelmassa vispad grädde,Sackaros,Bullar kakor tårtor mm,13.3,g
1662,Semla vetebulle fylld m. mandelmassa vispad grädde,Riboflavin,Bullar kakor tårtor mm,0.1,mg
1662,Semla vetebulle fylld m. mandelmassa vispad grädde,Retinol,Bullar kakor tårtor mm,145.0,µg
1662,Semla vetebulle fylld m. mandelmassa vispad grädde,Protein,Bullar kakor tårtor mm,5.4,g
1662,Semla vetebulle fylld m. mandelmassa vispad grädde,Summa fleromättade fettsyror,Bullar kakor tårtor mm,1.4,g
1662,Semla vetebulle fylld m. mandelmassa vispad grädde,"Fosfor, P",Bullar kakor tårtor mm,72.0,mg
1662,Semla vetebulle fylld m. mandelmassa vispad grädde,Niacinekvivalenter,Bullar kakor tårtor mm,1.9,NE/mg
1662,Semla vetebulle fylld m. mandelmassa vispad grädde,Niacin,Bullar kakor tårtor mm,0.59,mg
1662,Semla vetebulle fylld m. mandelmassa vispad grädde,"Salt, NaCl",Bullar kakor tårtor mm,0.3,g
1662,Semla vetebulle fylld m. mandelmassa vispad grädde,"Natrium, Na",Bullar kakor tårtor mm,109.0,mg
1662,Semla vetebulle fylld m. mandelmassa vispad grädde,Monosackarider,Bullar kakor tårtor mm,3.9,g
1662,Semla vetebulle fylld m. mandelmassa vispad grädde,"Sockerarter, totalt",Bullar kakor tårtor mm,19.2,g
1662,Semla vetebulle fylld m. mandelmassa vispad grädde,Summa enkelomättade fettsyror,Bullar kakor tårtor mm,5.4,g
1662,Semla vetebulle fylld m. mandelmassa vispad grädde,"Magnesium, Mg",Bullar kakor tårtor mm,19.0,mg
1662,Semla vetebulle fylld m. mandelmassa vispad grädde,Summa mättade fettsyror,Bullar kakor tårtor mm,8.6,g
1662,Semla vetebulle fylld m. mandelmassa vispad grädde,"Kolhydrater, tillgängliga",Bullar kakor tårtor mm,39.7,g
1662,Semla vetebulle fylld m. mandelmassa vispad grädde,Kolesterol,Bullar kakor tårtor mm,26.2,mg
1662,Semla vetebulle fylld m. mandelmassa vispad grädde,"Kalium, K",Bullar kakor tårtor mm,113.0,mg
1662,Semla vetebulle fylld m. mandelmassa vispad grädde,"Jod, I",Bullar kakor tårtor mm,7.0,µg
1662,Semla vetebulle fylld m. mandelmassa vispad grädde,Fullkorn totalt,Bullar kakor tårtor mm,0.0,g
1662,Semla vetebulle fylld m. mandelmassa vispad grädde,"Folat, totalt",Bullar kakor tårtor mm,28.3,µg
1662,Semla vetebulle fylld m. mandelmassa vispad grädde,Fibrer,Bullar kakor tårtor mm,2.9,g
1662,Semla vetebulle fylld m. mandelmassa vispad grädde,"Fett, totalt",Bullar kakor tårtor mm,16.3,g
1662,Semla vetebulle fylld m. mandelmassa vispad grädde,"Järn, Fe",Bullar kakor tårtor mm,0.6,mg
1662,Semla vetebulle fylld m. mandelmassa vispad grädde,Energi (kJ),Bullar kakor tårtor mm,1394.0,kJ
1662,Semla vetebulle fylld m. mandelmassa vispad grädde,Energi (kcal),Bullar kakor tårtor mm,333.0,kcal
1662,Semla vetebulle fylld m. mandelmassa vispad grädde,Disackarider,Bullar kakor tårtor mm,15.2,g
1662,Semla vetebulle fylld m. mandelmassa vispad grädde,"Kalcium, Ca",Bullar kakor tårtor mm,47.0,mg
1662,Semla vetebulle fylld m. mandelmassa vispad grädde,Fettsyra 4:0-10:0,Bullar kakor tårtor mm,0.9,g
1662,Semla vetebulle fylld m. mandelmassa vispad grädde,DHA (C22:6),Bullar kakor tårtor mm,0.0,g
1662,Semla vetebulle fylld m. mandelmassa vispad grädde,DPA (C22:5),Bullar kakor tårtor mm,0.0,g
1662,Semla vetebulle fylld m. mandelmassa vispad grädde,EPA (C20:5),Bullar kakor tårtor mm,0.0,g
1662,Semla vetebulle fylld m. mandelmassa vispad grädde,Arakidonsyra C20:4,Bullar kakor tårtor mm,0.0,g
1662,Semla vetebulle fylld m. mandelmassa vispad grädde,Arakidinsyra C20:0,Bullar kakor tårtor mm,0.0,g
1662,Semla vetebulle fylld m. mandelmassa vispad grädde,Linolensyra C18:3,Bullar kakor tårtor mm,0.2,g
1662,Semla vetebulle fylld m. mandelmassa vispad grädde,Linolsyra C18:2,Bullar kakor tårtor mm,1.2,g
1662,Semla vetebulle fylld m. mandelmassa vispad grädde,Oljesyra C18:1,Bullar kakor tårtor mm,5.1,g
1662,Semla vetebulle fylld m. mandelmassa vispad grädde,Stearinsyra C18:0,Bullar kakor tårtor mm,1.4,g
1662,Semla vetebulle fylld m. mandelmassa vispad grädde,Palmitoljesyra C16:1,Bullar kakor tårtor mm,0.2,g
1662,Semla vetebulle fylld m. mandelmassa vispad grädde,Palmitinsyra C16:0,Bullar kakor tårtor mm,4.0,g
1662,Semla vetebulle fylld m. mandelmassa vispad grädde,Myristinsyra C14:0,Bullar kakor tårtor mm,1.2,g
1662,Semla vetebulle fylld m. mandelmassa vispad grädde,Laurinsyra C12:0,Bullar kakor tårtor mm,0.7,g
1662,Semla vetebulle fylld m. mandelmassa vispad grädde,Betakaroten/β-Karoten,Bullar kakor tårtor mm,60.0,µg
1662,Semla vetebulle fylld m. mandelmassa vispad grädde,Avfall (skal etc.),Bullar kakor tårtor mm,0.0,%
1662,Semla vetebulle fylld m. mandelmassa vispad grädde,Aska,Bullar kakor tårtor mm,0.6,g
1662,Semla vetebulle fylld m. mandelmassa vispad grädde,Alkohol,Bullar kakor tårtor mm,0.0,g
1663,Mjuk kaka chokladruta m. chokladglasyr riven kokos,"Zink, Zn",Bullar kakor tårtor mm,0.6,mg
1663,Mjuk kaka chokladruta m. chokladglasyr riven kokos,Vitamin E,Bullar kakor tårtor mm,4.4,mg
1663,Mjuk kaka chokladruta m. chokladglasyr riven kokos,Vitamin D,Bullar kakor tårtor mm,1.28,µg
1663,Mjuk kaka chokladruta m. chokladglasyr riven kokos,Vitamin C,Bullar kakor tårtor mm,0.3,mg
1663,Mjuk kaka chokladruta m. chokladglasyr riven kokos,Vitamin B6,Bullar kakor tårtor mm,0.03,mg
1663,Mjuk kaka chokladruta m. chokladglasyr riven kokos,Vitamin B12,Bullar kakor tårtor mm,0.18,µg
1663,Mjuk kaka chokladruta m. chokladglasyr riven kokos,Vitamin A,Bullar kakor tårtor mm,156.1,RE/µg
1663,Mjuk kaka chokladruta m. chokladglasyr riven kokos,Vatten,Bullar kakor tårtor mm,21.1,g
1663,Mjuk kaka chokladruta m. chokladglasyr riven kokos,Tiamin,Bullar kakor tårtor mm,0.03,mg
1663,Mjuk kaka chokladruta m. chokladglasyr riven kokos,Tillsatt socker,Bullar kakor tårtor mm,36.0,g
1663,Mjuk kaka chokladruta m. chokladglasyr riven kokos,Fritt socker,Bullar kakor tårtor mm,36.0,g
1663,Mjuk kaka chokladruta m. chokladglasyr riven kokos,"Selen, Se",Bullar kakor tårtor mm,4.1,µg
1663,Mjuk kaka chokladruta m. chokladglasyr riven kokos,Sackaros,Bullar kakor tårtor mm,36.4,g
1663,Mjuk kaka chokladruta m. chokladglasyr riven kokos,Riboflavin,Bullar kakor tårtor mm,0.06,mg
1663,Mjuk kaka chokladruta m. chokladglasyr riven kokos,Retinol,Bullar kakor tårtor mm,149.3,µg
1663,Mjuk kaka chokladruta m. chokladglasyr riven kokos,Protein,Bullar kakor tårtor mm,4.2,g
1663,Mjuk kaka chokladruta m. chokladglasyr riven kokos,Summa fleromättade fettsyror,Bullar kakor tårtor mm,4.5,g
1663,Mjuk kaka chokladruta m. chokladglasyr riven kokos,"Fosfor, P",Bullar kakor tårtor mm,158.0,mg
1663,Mjuk kaka chokladruta m. chokladglasyr riven kokos,Niacinekvivalenter,Bullar kakor tårtor mm,1.15,NE/mg
1663,Mjuk kaka chokladruta m. chokladglasyr riven kokos,Niacin,Bullar kakor tårtor mm,0.33,mg
1663,Mjuk kaka chokladruta m. chokladglasyr riven kokos,"Salt, NaCl",Bullar kakor tårtor mm,0.5,g
1663,Mjuk kaka chokladruta m. chokladglasyr riven kokos,"Natrium, Na",Bullar kakor tårtor mm,178.0,mg
1663,Mjuk kaka chokladruta m. chokladglasyr riven kokos,Monosackarider,Bullar kakor tårtor mm,0.1,g
1663,Mjuk kaka chokladruta m. chokladglasyr riven kokos,"Sockerarter, totalt",Bullar kakor tårtor mm,36.9,g
1663,Mjuk kaka chokladruta m. chokladglasyr riven kokos,Summa enkelomättade fettsyror,Bullar kakor tårtor mm,6.9,g
1663,Mjuk kaka chokladruta m. chokladglasyr riven kokos,"Magnesium, Mg",Bullar kakor tårtor mm,35.0,mg
1663,Mjuk kaka chokladruta m. chokladglasyr riven kokos,Summa mättade fettsyror,Bullar kakor tårtor mm,10.8,g
1663,Mjuk kaka chokladruta m. chokladglasyr riven kokos,"Kolhydrater, tillgängliga",Bullar kakor tårtor mm,47.7,g
1663,Mjuk kaka chokladruta m. chokladglasyr riven kokos,Kolesterol,Bullar kakor tårtor mm,49.2,mg
1663,Mjuk kaka chokladruta m. chokladglasyr riven kokos,"Kalium, K",Bullar kakor tårtor mm,252.0,mg
1663,Mjuk kaka chokladruta m. chokladglasyr riven kokos,"Jod, I",Bullar kakor tårtor mm,6.3,µg
1663,Mjuk kaka chokladruta m. chokladglasyr riven kokos,Fullkorn totalt,Bullar kakor tårtor mm,0.0,g
1663,Mjuk kaka chokladruta m. chokladglasyr riven kokos,"Folat, totalt",Bullar kakor tårtor mm,10.3,µg
1663,Mjuk kaka chokladruta m. chokladglasyr riven kokos,Fibrer,Bullar kakor tårtor mm,2.5,g
1663,Mjuk kaka chokladruta m. chokladglasyr riven kokos,"Fett, totalt",Bullar kakor tårtor mm,23.2,g
1663,Mjuk kaka chokladruta m. chokladglasyr riven kokos,"Järn, Fe",Bullar kakor tårtor mm,0.9,mg
1663,Mjuk kaka chokladruta m. chokladglasyr riven kokos,Energi (kJ),Bullar kakor tårtor mm,1758.0,kJ
1663,Mjuk kaka chokladruta m. chokladglasyr riven kokos,Energi (kcal),Bullar kakor tårtor mm,420.0,kcal
1663,Mjuk kaka chokladruta m. chokladglasyr riven kokos,Disackarider,Bullar kakor tårtor mm,36.8,g
1663,Mjuk kaka chokladruta m. chokladglasyr riven kokos,"Kalcium, Ca",Bullar kakor tårtor mm,76.0,mg
1663,Mjuk kaka chokladruta m. chokladglasyr riven kokos,Fettsyra 4:0-10:0,Bullar kakor tårtor mm,0.8,g
1663,Mjuk kaka chokladruta m. chokladglasyr riven kokos,DHA (C22:6),Bullar kakor tårtor mm,0.0,g
1663,Mjuk kaka chokladruta m. chokladglasyr riven kokos,DPA (C22:5),Bullar kakor tårtor mm,0.0,g
1663,Mjuk kaka chokladruta m. chokladglasyr riven kokos,EPA (C20:5),Bullar kakor tårtor mm,0.0,g
1663,Mjuk kaka chokladruta m. chokladglasyr riven kokos,Arakidonsyra C20:4,Bullar kakor tårtor mm,0.0,g
1663,Mjuk kaka chokladruta m. chokladglasyr riven kokos,Arakidinsyra C20:0,Bullar kakor tårtor mm,0.0,g
1663,Mjuk kaka chokladruta m. chokladglasyr riven kokos,Linolensyra C18:3,Bullar kakor tårtor mm,0.5,g
1663,Mjuk kaka chokladruta m. chokladglasyr riven kokos,Linolsyra C18:2,Bullar kakor tårtor mm,3.6,g
1663,Mjuk kaka chokladruta m. chokladglasyr riven kokos,Oljesyra C18:1,Bullar kakor tårtor mm,7.1,g
1663,Mjuk kaka chokladruta m. chokladglasyr riven kokos,Stearinsyra C18:0,Bullar kakor tårtor mm,1.3,g
1663,Mjuk kaka chokladruta m. chokladglasyr riven kokos,Palmitoljesyra C16:1,Bullar kakor tårtor mm,0.1,g
1663,Mjuk kaka chokladruta m. chokladglasyr riven kokos,Palmitinsyra C16:0,Bullar kakor tårtor mm,5.0,g
1663,Mjuk kaka chokladruta m. chokladglasyr riven kokos,Myristinsyra C14:0,Bullar kakor tårtor mm,1.1,g
1663,Mjuk kaka chokladruta m. chokladglasyr riven kokos,Laurinsyra C12:0,Bullar kakor tårtor mm,2.1,g
1663,Mjuk kaka chokladruta m. chokladglasyr riven kokos,Betakaroten/β-Karoten,Bullar kakor tårtor mm,81.0,µg
1663,Mjuk kaka chokladruta m. chokladglasyr riven kokos,Avfall (skal etc.),Bullar kakor tårtor mm,1.0,%
1663,Mjuk kaka chokladruta m. chokladglasyr riven kokos,Aska,Bullar kakor tårtor mm,1.2,g
1663,Mjuk kaka chokladruta m. chokladglasyr riven kokos,Alkohol,Bullar kakor tårtor mm,0.0,g
1664,Mjuk kaka ambrosiakaka sockerkaka m. glasyr,"Zink, Zn",Bullar kakor tårtor mm,0.3,mg
1664,Mjuk kaka ambrosiakaka sockerkaka m. glasyr,Vitamin E,Bullar kakor tårtor mm,2.5,mg
1664,Mjuk kaka ambrosiakaka sockerkaka m. glasyr,Vitamin D,Bullar kakor tårtor mm,2.92,µg
1664,Mjuk kaka ambrosiakaka sockerkaka m. glasyr,Vitamin C,Bullar kakor tårtor mm,4.8,mg
1664,Mjuk kaka ambrosiakaka sockerkaka m. glasyr,Vitamin B6,Bullar kakor tårtor mm,0.05,mg
1664,Mjuk kaka ambrosiakaka sockerkaka m. glasyr,Vitamin B12,Bullar kakor tårtor mm,0.18,µg
1664,Mjuk kaka ambrosiakaka sockerkaka m. glasyr,Vitamin A,Bullar kakor tårtor mm,164.1,RE/µg
1664,Mjuk kaka ambrosiakaka sockerkaka m. glasyr,Vatten,Bullar kakor tårtor mm,24.8,g
1664,Mjuk kaka ambrosiakaka sockerkaka m. glasyr,Tiamin,Bullar kakor tårtor mm,0.06,mg
1664,Mjuk kaka ambrosiakaka sockerkaka m. glasyr,Tillsatt socker,Bullar kakor tårtor mm,36.0,g
1664,Mjuk kaka ambrosiakaka sockerkaka m. glasyr,Fritt socker,Bullar kakor tårtor mm,37.0,g
1664,Mjuk kaka ambrosiakaka sockerkaka m. glasyr,"Selen, Se",Bullar kakor tårtor mm,5.0,µg
1664,Mjuk kaka ambrosiakaka sockerkaka m. glasyr,Sackaros,Bullar kakor tårtor mm,34.5,g
1664,Mjuk kaka ambrosiakaka sockerkaka m. glasyr,Riboflavin,Bullar kakor tårtor mm,0.06,mg
1664,Mjuk kaka ambrosiakaka sockerkaka m. glasyr,Retinol,Bullar kakor tårtor mm,156.9,µg
1664,Mjuk kaka ambrosiakaka sockerkaka m. glasyr,Protein,Bullar kakor tårtor mm,3.5,g
1664,Mjuk kaka ambrosiakaka sockerkaka m. glasyr,Summa fleromättade fettsyror,Bullar kakor tårtor mm,2.7,g
1664,Mjuk kaka ambrosiakaka sockerkaka m. glasyr,"Fosfor, P",Bullar kakor tårtor mm,108.0,mg
1664,Mjuk kaka ambrosiakaka sockerkaka m. glasyr,Niacinekvivalenter,Bullar kakor tårtor mm,0.94,NE/mg
1664,Mjuk kaka ambrosiakaka sockerkaka m. glasyr,Niacin,Bullar kakor tårtor mm,0.23,mg
1664,Mjuk kaka ambrosiakaka sockerkaka m. glasyr,"Salt, NaCl",Bullar kakor tårtor mm,0.4,g
1664,Mjuk kaka ambrosiakaka sockerkaka m. glasyr,"Natrium, Na",Bullar kakor tårtor mm,169.0,mg
1664,Mjuk kaka ambrosiakaka sockerkaka m. glasyr,Monosackarider,Bullar kakor tårtor mm,3.0,g
1664,Mjuk kaka ambrosiakaka sockerkaka m. glasyr,"Sockerarter, totalt",Bullar kakor tårtor mm,37.8,g
1664,Mjuk kaka ambrosiakaka sockerkaka m. glasyr,Summa enkelomättade fettsyror,Bullar kakor tårtor mm,5.7,g
1664,Mjuk kaka ambrosiakaka sockerkaka m. glasyr,"Magnesium, Mg",Bullar kakor tårtor mm,7.0,mg
1664,Mjuk kaka ambrosiakaka sockerkaka m. glasyr,Summa mättade fettsyror,Bullar kakor tårtor mm,7.0,g
1664,Mjuk kaka ambrosiakaka sockerkaka m. glasyr,"Kolhydrater, tillgängliga",Bullar kakor tårtor mm,53.8,g
1664,Mjuk kaka ambrosiakaka sockerkaka m. glasyr,Kolesterol,Bullar kakor tårtor mm,51.6,mg
1664,Mjuk kaka ambrosiakaka sockerkaka m. glasyr,"Kalium, K",Bullar kakor tårtor mm,71.0,mg
1664,Mjuk kaka ambrosiakaka sockerkaka m. glasyr,"Jod, I",Bullar kakor tårtor mm,5.8,µg
1664,Mjuk kaka ambrosiakaka sockerkaka m. glasyr,Fullkorn totalt,Bullar kakor tårtor mm,0.0,g
1664,Mjuk kaka ambrosiakaka sockerkaka m. glasyr,"Folat, totalt",Bullar kakor tårtor mm,17.0,µg
1664,Mjuk kaka ambrosiakaka sockerkaka m. glasyr,Fibrer,Bullar kakor tårtor mm,0.9,g
1664,Mjuk kaka ambrosiakaka sockerkaka m. glasyr,"Fett, totalt",Bullar kakor tårtor mm,16.2,g
1664,Mjuk kaka ambrosiakaka sockerkaka m. glasyr,"Järn, Fe",Bullar kakor tårtor mm,0.4,mg
1664,Mjuk kaka ambrosiakaka sockerkaka m. glasyr,Energi (kJ),Bullar kakor tårtor mm,1578.0,kJ
1664,Mjuk kaka ambrosiakaka sockerkaka m. glasyr,Energi (kcal),Bullar kakor tårtor mm,377.0,kcal
1664,Mjuk kaka ambrosiakaka sockerkaka m. glasyr,Disackarider,Bullar kakor tårtor mm,34.8,g
1664,Mjuk kaka ambrosiakaka sockerkaka m. glasyr,"Kalcium, Ca",Bullar kakor tårtor mm,59.0,mg
1664,Mjuk kaka ambrosiakaka sockerkaka m. glasyr,Fettsyra 4:0-10:0,Bullar kakor tårtor mm,0.4,g
1664,Mjuk kaka ambrosiakaka sockerkaka m. glasyr,DHA (C22:6),Bullar kakor tårtor mm,0.0,g
1664,Mjuk kaka ambrosiakaka sockerkaka m. glasyr,DPA (C22:5),Bullar kakor tårtor mm,0.0,g
1664,Mjuk kaka ambrosiakaka sockerkaka m. glasyr,EPA (C20:5),Bullar kakor tårtor mm,0.0,g
1664,Mjuk kaka ambrosiakaka sockerkaka m. glasyr,Arakidonsyra C20:4,Bullar kakor tårtor mm,0.0,g
1664,Mjuk kaka ambrosiakaka sockerkaka m. glasyr,Arakidinsyra C20:0,Bullar kakor tårtor mm,0.0,g
1664,Mjuk kaka ambrosiakaka sockerkaka m. glasyr,Linolensyra C18:3,Bullar kakor tårtor mm,0.6,g
1664,Mjuk kaka ambrosiakaka sockerkaka m. glasyr,Linolsyra C18:2,Bullar kakor tårtor mm,1.8,g
1664,Mjuk kaka ambrosiakaka sockerkaka m. glasyr,Oljesyra C18:1,Bullar kakor tårtor mm,5.9,g
1664,Mjuk kaka ambrosiakaka sockerkaka m. glasyr,Stearinsyra C18:0,Bullar kakor tårtor mm,0.8,g
1664,Mjuk kaka ambrosiakaka sockerkaka m. glasyr,Palmitoljesyra C16:1,Bullar kakor tårtor mm,0.1,g
1664,Mjuk kaka ambrosiakaka sockerkaka m. glasyr,Palmitinsyra C16:0,Bullar kakor tårtor mm,4.5,g
1664,Mjuk kaka ambrosiakaka sockerkaka m. glasyr,Myristinsyra C14:0,Bullar kakor tårtor mm,0.5,g
1664,Mjuk kaka ambrosiakaka sockerkaka m. glasyr,Laurinsyra C12:0,Bullar kakor tårtor mm,0.4,g
1664,Mjuk kaka ambrosiakaka sockerkaka m. glasyr,Betakaroten/β-Karoten,Bullar kakor tårtor mm,86.0,µg
1664,Mjuk kaka ambrosiakaka sockerkaka m. glasyr,Avfall (skal etc.),Bullar kakor tårtor mm,1.0,%
1664,Mjuk kaka ambrosiakaka sockerkaka m. glasyr,Aska,Bullar kakor tårtor mm,0.8,g
1664,Mjuk kaka ambrosiakaka sockerkaka m. glasyr,Alkohol,Bullar kakor tårtor mm,0.0,g
1666,Arraksboll,"Zink, Zn",Bullar kakor tårtor mm,0.4,mg
1666,Arraksboll,Vitamin E,Bullar kakor tårtor mm,3.2,mg
1666,Arraksboll,Vitamin D,Bullar kakor tårtor mm,2.69,µg
1666,Arraksboll,Vitamin C,Bullar kakor tårtor mm,0.3,mg
1666,Arraksboll,Vitamin B6,Bullar kakor tårtor mm,0.04,mg
1666,Arraksboll,Vitamin B12,Bullar kakor tårtor mm,0.09,µg
1666,Arraksboll,Vitamin A,Bullar kakor tårtor mm,216.8,RE/µg
1666,Arraksboll,Vatten,Bullar kakor tårtor mm,14.6,g
1666,Arraksboll,Tiamin,Bullar kakor tårtor mm,0.03,mg
1666,Arraksboll,Tillsatt socker,Bullar kakor tårtor mm,40.0,g
1666,Arraksboll,Fritt socker,Bullar kakor tårtor mm,40.0,g
1666,Arraksboll,"Selen, Se",Bullar kakor tårtor mm,2.6,µg
1666,Arraksboll,Sackaros,Bullar kakor tårtor mm,40.0,g
1666,Arraksboll,Riboflavin,Bullar kakor tårtor mm,0.04,mg
1666,Arraksboll,Retinol,Bullar kakor tårtor mm,208.2,µg
1666,Arraksboll,Protein,Bullar kakor tårtor mm,3.2,g
1666,Arraksboll,Summa fleromättade fettsyror,Bullar kakor tårtor mm,3.2,g
1666,Arraksboll,"Fosfor, P",Bullar kakor tårtor mm,88.0,mg
1666,Arraksboll,Niacinekvivalenter,Bullar kakor tårtor mm,1.02,NE/mg
1666,Arraksboll,Niacin,Bullar kakor tårtor mm,0.41,mg
1666,Arraksboll,"Salt, NaCl",Bullar kakor tårtor mm,0.5,g
1666,Arraksboll,"Natrium, Na",Bullar kakor tårtor mm,202.0,mg
1666,Arraksboll,Monosackarider,Bullar kakor tårtor mm,0.1,g
1666,Arraksboll,"Sockerarter, totalt",Bullar kakor tårtor mm,40.4,g
1666,Arraksboll,Summa enkelomättade fettsyror,Bullar kakor tårtor mm,8.2,g
1666,Arraksboll,"Magnesium, Mg",Bullar kakor tårtor mm,17.0,mg
1666,Arraksboll,Summa mättade fettsyror,Bullar kakor tårtor mm,9.6,g
1666,Arraksboll,"Kolhydrater, tillgängliga",Bullar kakor tårtor mm,58.0,g
1666,Arraksboll,Kolesterol,Bullar kakor tårtor mm,28.6,mg
1666,Arraksboll,"Kalium, K",Bullar kakor tårtor mm,123.0,mg
1666,Arraksboll,"Jod, I",Bullar kakor tårtor mm,3.1,µg
1666,Arraksboll,Fullkorn totalt,Bullar kakor tårtor mm,0.0,g
1666,Arraksboll,"Folat, totalt",Bullar kakor tårtor mm,9.2,µg
1666,Arraksboll,Fibrer,Bullar kakor tårtor mm,1.6,g
1666,Arraksboll,"Fett, totalt",Bullar kakor tårtor mm,21.8,g
1666,Arraksboll,"Järn, Fe",Bullar kakor tårtor mm,0.6,mg
1666,Arraksboll,Energi (kJ),Bullar kakor tårtor mm,1859.0,kJ
1666,Arraksboll,Energi (kcal),Bullar kakor tårtor mm,445.0,kcal
1666,Arraksboll,Disackarider,Bullar kakor tårtor mm,40.2,g
1666,Arraksboll,"Kalcium, Ca",Bullar kakor tårtor mm,28.0,mg
1666,Arraksboll,Fettsyra 4:0-10:0,Bullar kakor tårtor mm,0.5,g
1666,Arraksboll,DHA (C22:6),Bullar kakor tårtor mm,0.0,g
1666,Arraksboll,DPA (C22:5),Bullar kakor tårtor mm,0.0,g
1666,Arraksboll,EPA (C20:5),Bullar kakor tårtor mm,0.0,g
1666,Arraksboll,Arakidonsyra C20:4,Bullar kakor tårtor mm,0.0,g
1666,Arraksboll,Arakidinsyra C20:0,Bullar kakor tårtor mm,0.1,g
1666,Arraksboll,Linolensyra C18:3,Bullar kakor tårtor mm,0.6,g
1666,Arraksboll,Linolsyra C18:2,Bullar kakor tårtor mm,2.2,g
1666,Arraksboll,Oljesyra C18:1,Bullar kakor tårtor mm,8.3,g
1666,Arraksboll,Stearinsyra C18:0,Bullar kakor tårtor mm,1.2,g
1666,Arraksboll,Palmitoljesyra C16:1,Bullar kakor tårtor mm,0.1,g
1666,Arraksboll,Palmitinsyra C16:0,Bullar kakor tårtor mm,6.1,g
1666,Arraksboll,Myristinsyra C14:0,Bullar kakor tårtor mm,0.7,g
1666,Arraksboll,Laurinsyra C12:0,Bullar kakor tårtor mm,0.7,g
1666,Arraksboll,Betakaroten/β-Karoten,Bullar kakor tårtor mm,102.0,µg
1666,Arraksboll,Avfall (skal etc.),Bullar kakor tårtor mm,1.0,%
1666,Arraksboll,Aska,Bullar kakor tårtor mm,0.8,g
1666,Arraksboll,Alkohol,Bullar kakor tårtor mm,0.0,g
1667,Petit-choux u. fyllning,"Zink, Zn",Bullar kakor tårtor mm,0.5,mg
1667,Petit-choux u. fyllning,Vitamin E,Bullar kakor tårtor mm,2.7,mg
1667,Petit-choux u. fyllning,Vitamin D,Bullar kakor tårtor mm,0.87,µg
1667,Petit-choux u. fyllning,Vitamin C,Bullar kakor tårtor mm,0.6,mg
1667,Petit-choux u. fyllning,Vitamin B6,Bullar kakor tårtor mm,0.04,mg
1667,Petit-choux u. fyllning,Vitamin B12,Bullar kakor tårtor mm,0.43,µg
1667,Petit-choux u. fyllning,Vitamin A,Bullar kakor tårtor mm,148.0,RE/µg
1667,Petit-choux u. fyllning,Vatten,Bullar kakor tårtor mm,63.1,g
1667,Petit-choux u. fyllning,Tiamin,Bullar kakor tårtor mm,0.05,mg
1667,Petit-choux u. fyllning,Tillsatt socker,Bullar kakor tårtor mm,0.0,g
1667,Petit-choux u. fyllning,Fritt socker,Bullar kakor tårtor mm,0.0,g
1667,Petit-choux u. fyllning,"Selen, Se",Bullar kakor tårtor mm,9.4,µg
1667,Petit-choux u. fyllning,Sackaros,Bullar kakor tårtor mm,0.1,g
1667,Petit-choux u. fyllning,Riboflavin,Bullar kakor tårtor mm,0.12,mg
1667,Petit-choux u. fyllning,Retinol,Bullar kakor tårtor mm,143.9,µg
1667,Petit-choux u. fyllning,Protein,Bullar kakor tårtor mm,5.9,g
1667,Petit-choux u. fyllning,Summa fleromättade fettsyror,Bullar kakor tårtor mm,2.0,g
1667,Petit-choux u. fyllning,"Fosfor, P",Bullar kakor tårtor mm,84.0,mg
1667,Petit-choux u. fyllning,Niacinekvivalenter,Bullar kakor tårtor mm,1.52,NE/mg
1667,Petit-choux u. fyllning,Niacin,Bullar kakor tårtor mm,0.21,mg
1667,Petit-choux u. fyllning,"Salt, NaCl",Bullar kakor tårtor mm,0.3,g
1667,Petit-choux u. fyllning,"Natrium, Na",Bullar kakor tårtor mm,102.0,mg
1667,Petit-choux u. fyllning,Monosackarider,Bullar kakor tårtor mm,0.1,g
1667,Petit-choux u. fyllning,"Sockerarter, totalt",Bullar kakor tårtor mm,0.5,g
1667,Petit-choux u. fyllning,Summa enkelomättade fettsyror,Bullar kakor tårtor mm,4.2,g
1667,Petit-choux u. fyllning,"Magnesium, Mg",Bullar kakor tårtor mm,9.0,mg
1667,Petit-choux u. fyllning,Summa mättade fettsyror,Bullar kakor tårtor mm,4.6,g
1667,Petit-choux u. fyllning,"Kolhydrater, tillgängliga",Bullar kakor tårtor mm,17.9,g
1667,Petit-choux u. fyllning,Kolesterol,Bullar kakor tårtor mm,110.0,mg
1667,Petit-choux u. fyllning,"Kalium, K",Bullar kakor tårtor mm,81.0,mg
1667,Petit-choux u. fyllning,"Jod, I",Bullar kakor tårtor mm,14.0,µg
1667,Petit-choux u. fyllning,Fullkorn totalt,Bullar kakor tårtor mm,0.0,g
1667,Petit-choux u. fyllning,"Folat, totalt",Bullar kakor tårtor mm,21.7,µg
1667,Petit-choux u. fyllning,Fibrer,Bullar kakor tårtor mm,0.9,g
1667,Petit-choux u. fyllning,"Fett, totalt",Bullar kakor tårtor mm,11.7,g
1667,Petit-choux u. fyllning,"Järn, Fe",Bullar kakor tårtor mm,0.7,mg
1667,Petit-choux u. fyllning,Energi (kJ),Bullar kakor tårtor mm,842.0,kJ
1667,Petit-choux u. fyllning,Energi (kcal),Bullar kakor tårtor mm,201.0,kcal
1667,Petit-choux u. fyllning,Disackarider,Bullar kakor tårtor mm,0.4,g
1667,Petit-choux u. fyllning,"Kalcium, Ca",Bullar kakor tårtor mm,22.0,mg
1667,Petit-choux u. fyllning,Fettsyra 4:0-10:0,Bullar kakor tårtor mm,0.2,g
1667,Petit-choux u. fyllning,DHA (C22:6),Bullar kakor tårtor mm,0.0,g
1667,Petit-choux u. fyllning,DPA (C22:5),Bullar kakor tårtor mm,0.0,g
1667,Petit-choux u. fyllning,EPA (C20:5),Bullar kakor tårtor mm,0.0,g
1667,Petit-choux u. fyllning,Arakidonsyra C20:4,Bullar kakor tårtor mm,0.0,g
1667,Petit-choux u. fyllning,Arakidinsyra C20:0,Bullar kakor tårtor mm,0.0,g
1667,Petit-choux u. fyllning,Linolensyra C18:3,Bullar kakor tårtor mm,0.3,g
1667,Petit-choux u. fyllning,Linolsyra C18:2,Bullar kakor tårtor mm,1.4,g
1667,Petit-choux u. fyllning,Oljesyra C18:1,Bullar kakor tårtor mm,4.2,g
1667,Petit-choux u. fyllning,Stearinsyra C18:0,Bullar kakor tårtor mm,0.6,g
1667,Petit-choux u. fyllning,Palmitoljesyra C16:1,Bullar kakor tårtor mm,0.1,g
1667,Petit-choux u. fyllning,Palmitinsyra C16:0,Bullar kakor tårtor mm,3.0,g
1667,Petit-choux u. fyllning,Myristinsyra C14:0,Bullar kakor tårtor mm,0.3,g
1667,Petit-choux u. fyllning,Laurinsyra C12:0,Bullar kakor tårtor mm,0.2,g
1667,Petit-choux u. fyllning,Betakaroten/β-Karoten,Bullar kakor tårtor mm,48.0,µg
1667,Petit-choux u. fyllning,Avfall (skal etc.),Bullar kakor tårtor mm,3.0,%
1667,Petit-choux u. fyllning,Aska,Bullar kakor tårtor mm,0.5,g
1667,Petit-choux u. fyllning,Alkohol,Bullar kakor tårtor mm,0.0,g
1668,Semla vetebulle fylld m. mandelmassa vispad grädde hemlagad,"Zink, Zn",Bullar kakor tårtor mm,0.6,mg
1668,Semla vetebulle fylld m. mandelmassa vispad grädde hemlagad,Vitamin E,Bullar kakor tårtor mm,2.1,mg
1668,Semla vetebulle fylld m. mandelmassa vispad grädde hemlagad,Vitamin D,Bullar kakor tårtor mm,1.26,µg
1668,Semla vetebulle fylld m. mandelmassa vispad grädde hemlagad,Vitamin C,Bullar kakor tårtor mm,1.1,mg
1668,Semla vetebulle fylld m. mandelmassa vispad grädde hemlagad,Vitamin B6,Bullar kakor tårtor mm,0.08,mg
1668,Semla vetebulle fylld m. mandelmassa vispad grädde hemlagad,Vitamin B12,Bullar kakor tårtor mm,0.22,µg
1668,Semla vetebulle fylld m. mandelmassa vispad grädde hemlagad,Vitamin A,Bullar kakor tårtor mm,100.3,RE/µg
1668,Semla vetebulle fylld m. mandelmassa vispad grädde hemlagad,Vatten,Bullar kakor tårtor mm,40.9,g
1668,Semla vetebulle fylld m. mandelmassa vispad grädde hemlagad,Tiamin,Bullar kakor tårtor mm,0.11,mg
1668,Semla vetebulle fylld m. mandelmassa vispad grädde hemlagad,Tillsatt socker,Bullar kakor tårtor mm,7.0,g
1668,Semla vetebulle fylld m. mandelmassa vispad grädde hemlagad,Fritt socker,Bullar kakor tårtor mm,7.0,g
1668,Semla vetebulle fylld m. mandelmassa vispad grädde hemlagad,"Selen, Se",Bullar kakor tårtor mm,5.5,µg
1668,Semla vetebulle fylld m. mandelmassa vispad grädde hemlagad,Sackaros,Bullar kakor tårtor mm,7.1,g
1668,Semla vetebulle fylld m. mandelmassa vispad grädde hemlagad,Riboflavin,Bullar kakor tårtor mm,0.14,mg
1668,Semla vetebulle fylld m. mandelmassa vispad grädde hemlagad,Retinol,Bullar kakor tårtor mm,94.8,µg
1668,Semla vetebulle fylld m. mandelmassa vispad grädde hemlagad,Protein,Bullar kakor tårtor mm,6.1,g
1668,Semla vetebulle fylld m. mandelmassa vispad grädde hemlagad,Summa fleromättade fettsyror,Bullar kakor tårtor mm,1.8,g
1668,Semla vetebulle fylld m. mandelmassa vispad grädde hemlagad,"Fosfor, P",Bullar kakor tårtor mm,128.0,mg
1668,Semla vetebulle fylld m. mandelmassa vispad grädde hemlagad,Niacinekvivalenter,Bullar kakor tårtor mm,1.93,NE/mg
1668,Semla vetebulle fylld m. mandelmassa vispad grädde hemlagad,Niacin,Bullar kakor tårtor mm,0.78,mg
1668,Semla vetebulle fylld m. mandelmassa vispad grädde hemlagad,"Salt, NaCl",Bullar kakor tårtor mm,0.4,g
1668,Semla vetebulle fylld m. mandelmassa vispad grädde hemlagad,"Natrium, Na",Bullar kakor tårtor mm,144.0,mg
1668,Semla vetebulle fylld m. mandelmassa vispad grädde hemlagad,Monosackarider,Bullar kakor tårtor mm,0.2,g
1668,Semla vetebulle fylld m. mandelmassa vispad grädde hemlagad,"Sockerarter, totalt",Bullar kakor tårtor mm,9.6,g
1668,Semla vetebulle fylld m. mandelmassa vispad grädde hemlagad,Summa enkelomättade fettsyror,Bullar kakor tårtor mm,4.6,g
1668,Semla vetebulle fylld m. mandelmassa vispad grädde hemlagad,"Magnesium, Mg",Bullar kakor tårtor mm,25.0,mg
1668,Semla vetebulle fylld m. mandelmassa vispad grädde hemlagad,Summa mättade fettsyror,Bullar kakor tårtor mm,5.7,g
1668,Semla vetebulle fylld m. mandelmassa vispad grädde hemlagad,"Kolhydrater, tillgängliga",Bullar kakor tårtor mm,36.8,g
1668,Semla vetebulle fylld m. mandelmassa vispad grädde hemlagad,Kolesterol,Bullar kakor tårtor mm,33.0,mg
1668,Semla vetebulle fylld m. mandelmassa vispad grädde hemlagad,"Kalium, K",Bullar kakor tårtor mm,178.0,mg
1668,Semla vetebulle fylld m. mandelmassa vispad grädde hemlagad,"Jod, I",Bullar kakor tårtor mm,21.8,µg
1668,Semla vetebulle fylld m. mandelmassa vispad grädde hemlagad,Fullkorn totalt,Bullar kakor tårtor mm,0.0,g
1668,Semla vetebulle fylld m. mandelmassa vispad grädde hemlagad,"Folat, totalt",Bullar kakor tårtor mm,39.6,µg
1668,Semla vetebulle fylld m. mandelmassa vispad grädde hemlagad,Fibrer,Bullar kakor tårtor mm,2.1,g
1668,Semla vetebulle fylld m. mandelmassa vispad grädde hemlagad,"Fett, totalt",Bullar kakor tårtor mm,13.0,g
1668,Semla vetebulle fylld m. mandelmassa vispad grädde hemlagad,"Järn, Fe",Bullar kakor tårtor mm,0.6,mg
1668,Semla vetebulle fylld m. mandelmassa vispad grädde hemlagad,Energi (kJ),Bullar kakor tårtor mm,1230.0,kJ
1668,Semla vetebulle fylld m. mandelmassa vispad grädde hemlagad,Energi (kcal),Bullar kakor tårtor mm,294.0,kcal
1668,Semla vetebulle fylld m. mandelmassa vispad grädde hemlagad,Disackarider,Bullar kakor tårtor mm,9.3,g
1668,Semla vetebulle fylld m. mandelmassa vispad grädde hemlagad,"Kalcium, Ca",Bullar kakor tårtor mm,65.0,mg
1668,Semla vetebulle fylld m. mandelmassa vispad grädde hemlagad,Fettsyra 4:0-10:0,Bullar kakor tårtor mm,0.5,g
1668,Semla vetebulle fylld m. mandelmassa vispad grädde hemlagad,DHA (C22:6),Bullar kakor tårtor mm,0.0,g
1668,Semla vetebulle fylld m. mandelmassa vispad grädde hemlagad,DPA (C22:5),Bullar kakor tårtor mm,0.0,g
1668,Semla vetebulle fylld m. mandelmassa vispad grädde hemlagad,EPA (C20:5),Bullar kakor tårtor mm,0.0,g
1668,Semla vetebulle fylld m. mandelmassa vispad grädde hemlagad,Arakidonsyra C20:4,Bullar kakor tårtor mm,0.0,g
1668,Semla vetebulle fylld m. mandelmassa vispad grädde hemlagad,Arakidinsyra C20:0,Bullar kakor tårtor mm,0.0,g
1668,Semla vetebulle fylld m. mandelmassa vispad grädde hemlagad,Linolensyra C18:3,Bullar kakor tårtor mm,0.2,g
1668,Semla vetebulle fylld m. mandelmassa vispad grädde hemlagad,Linolsyra C18:2,Bullar kakor tårtor mm,1.4,g
1668,Semla vetebulle fylld m. mandelmassa vispad grädde hemlagad,Oljesyra C18:1,Bullar kakor tårtor mm,4.5,g
1668,Semla vetebulle fylld m. mandelmassa vispad grädde hemlagad,Stearinsyra C18:0,Bullar kakor tårtor mm,0.8,g
1668,Semla vetebulle fylld m. mandelmassa vispad grädde hemlagad,Palmitoljesyra C16:1,Bullar kakor tårtor mm,0.1,g
1668,Semla vetebulle fylld m. mandelmassa vispad grädde hemlagad,Palmitinsyra C16:0,Bullar kakor tårtor mm,3.2,g
1668,Semla vetebulle fylld m. mandelmassa vispad grädde hemlagad,Myristinsyra C14:0,Bullar kakor tårtor mm,0.7,g
1668,Semla vetebulle fylld m. mandelmassa vispad grädde hemlagad,Laurinsyra C12:0,Bullar kakor tårtor mm,0.3,g
1668,Semla vetebulle fylld m. mandelmassa vispad grädde hemlagad,Betakaroten/β-Karoten,Bullar kakor tårtor mm,66.0,µg
1668,Semla vetebulle fylld m. mandelmassa vispad grädde hemlagad,Avfall (skal etc.),Bullar kakor tårtor mm,3.0,%
1668,Semla vetebulle fylld m. mandelmassa vispad grädde hemlagad,Aska,Bullar kakor tårtor mm,1.0,g
1668,Semla vetebulle fylld m. mandelmassa vispad grädde hemlagad,Alkohol,Bullar kakor tårtor mm,0.0,g
1669,Mjuk kaka fransk äppelkaka,"Zink, Zn",Bullar kakor tårtor mm,0.4,mg
1669,Mjuk kaka fransk äppelkaka,Vitamin E,Bullar kakor tårtor mm,4.3,mg
1669,Mjuk kaka fransk äppelkaka,Vitamin D,Bullar kakor tårtor mm,0.75,µg
1669,Mjuk kaka fransk äppelkaka,Vitamin C,Bullar kakor tårtor mm,5.5,mg
1669,Mjuk kaka fransk äppelkaka,Vitamin B6,Bullar kakor tårtor mm,0.05,mg
1669,Mjuk kaka fransk äppelkaka,Vitamin B12,Bullar kakor tårtor mm,0.14,µg
1669,Mjuk kaka fransk äppelkaka,Vitamin A,Bullar kakor tårtor mm,101.3,RE/µg
1669,Mjuk kaka fransk äppelkaka,Vatten,Bullar kakor tårtor mm,58.1,g
1669,Mjuk kaka fransk äppelkaka,Tiamin,Bullar kakor tårtor mm,0.02,mg
1669,Mjuk kaka fransk äppelkaka,Tillsatt socker,Bullar kakor tårtor mm,11.0,g
1669,Mjuk kaka fransk äppelkaka,Fritt socker,Bullar kakor tårtor mm,11.0,g
1669,Mjuk kaka fransk äppelkaka,"Selen, Se",Bullar kakor tårtor mm,2.3,µg
1669,Mjuk kaka fransk äppelkaka,Sackaros,Bullar kakor tårtor mm,14.2,g
1669,Mjuk kaka fransk äppelkaka,Riboflavin,Bullar kakor tårtor mm,0.07,mg
1669,Mjuk kaka fransk äppelkaka,Retinol,Bullar kakor tårtor mm,95.9,µg
1669,Mjuk kaka fransk äppelkaka,Protein,Bullar kakor tårtor mm,3.0,g
1669,Mjuk kaka fransk äppelkaka,Summa fleromättade fettsyror,Bullar kakor tårtor mm,2.4,g
1669,Mjuk kaka fransk äppelkaka,"Fosfor, P",Bullar kakor tårtor mm,72.0,mg
1669,Mjuk kaka fransk äppelkaka,Niacinekvivalenter,Bullar kakor tårtor mm,0.98,NE/mg
1669,Mjuk kaka fransk äppelkaka,Niacin,Bullar kakor tårtor mm,0.37,mg
1669,Mjuk kaka fransk äppelkaka,"Salt, NaCl",Bullar kakor tårtor mm,0.2,g
1669,Mjuk kaka fransk äppelkaka,"Natrium, Na",Bullar kakor tårtor mm,72.0,mg
1669,Mjuk kaka fransk äppelkaka,Monosackarider,Bullar kakor tårtor mm,5.1,g
1669,Mjuk kaka fransk äppelkaka,"Sockerarter, totalt",Bullar kakor tårtor mm,19.4,g
1669,Mjuk kaka fransk äppelkaka,Summa enkelomättade fettsyror,Bullar kakor tårtor mm,7.7,g
1669,Mjuk kaka fransk äppelkaka,"Magnesium, Mg",Bullar kakor tårtor mm,25.0,mg
1669,Mjuk kaka fransk äppelkaka,Summa mättade fettsyror,Bullar kakor tårtor mm,4.5,g
1669,Mjuk kaka fransk äppelkaka,"Kolhydrater, tillgängliga",Bullar kakor tårtor mm,19.5,g
1669,Mjuk kaka fransk äppelkaka,Kolesterol,Bullar kakor tårtor mm,40.4,mg
1669,Mjuk kaka fransk äppelkaka,"Kalium, K",Bullar kakor tårtor mm,153.0,mg
1669,Mjuk kaka fransk äppelkaka,"Jod, I",Bullar kakor tårtor mm,4.4,µg
1669,Mjuk kaka fransk äppelkaka,Fullkorn totalt,Bullar kakor tårtor mm,0.0,g
1669,Mjuk kaka fransk äppelkaka,"Folat, totalt",Bullar kakor tårtor mm,12.1,µg
1669,Mjuk kaka fransk äppelkaka,Fibrer,Bullar kakor tårtor mm,3.5,g
1669,Mjuk kaka fransk äppelkaka,"Fett, totalt",Bullar kakor tårtor mm,15.2,g
1669,Mjuk kaka fransk äppelkaka,"Järn, Fe",Bullar kakor tårtor mm,0.5,mg
1669,Mjuk kaka fransk äppelkaka,Energi (kJ),Bullar kakor tårtor mm,972.0,kJ
1669,Mjuk kaka fransk äppelkaka,Energi (kcal),Bullar kakor tårtor mm,233.0,kcal
1669,Mjuk kaka fransk äppelkaka,Disackarider,Bullar kakor tårtor mm,14.3,g
1669,Mjuk kaka fransk äppelkaka,"Kalcium, Ca",Bullar kakor tårtor mm,31.0,mg
1669,Mjuk kaka fransk äppelkaka,Fettsyra 4:0-10:0,Bullar kakor tårtor mm,0.2,g
1669,Mjuk kaka fransk äppelkaka,DHA (C22:6),Bullar kakor tårtor mm,0.0,g
1669,Mjuk kaka fransk äppelkaka,DPA (C22:5),Bullar kakor tårtor mm,0.0,g
1669,Mjuk kaka fransk äppelkaka,EPA (C20:5),Bullar kakor tårtor mm,0.0,g
1669,Mjuk kaka fransk äppelkaka,Arakidonsyra C20:4,Bullar kakor tårtor mm,0.0,g
1669,Mjuk kaka fransk äppelkaka,Arakidinsyra C20:0,Bullar kakor tårtor mm,0.0,g
1669,Mjuk kaka fransk äppelkaka,Linolensyra C18:3,Bullar kakor tårtor mm,0.3,g
1669,Mjuk kaka fransk äppelkaka,Linolsyra C18:2,Bullar kakor tårtor mm,1.8,g
1669,Mjuk kaka fransk äppelkaka,Oljesyra C18:1,Bullar kakor tårtor mm,7.8,g
1669,Mjuk kaka fransk äppelkaka,Stearinsyra C18:0,Bullar kakor tårtor mm,0.6,g
1669,Mjuk kaka fransk äppelkaka,Palmitoljesyra C16:1,Bullar kakor tårtor mm,0.1,g
1669,Mjuk kaka fransk äppelkaka,Palmitinsyra C16:0,Bullar kakor tårtor mm,2.9,g
1669,Mjuk kaka fransk äppelkaka,Myristinsyra C14:0,Bullar kakor tårtor mm,0.3,g
1669,Mjuk kaka fransk äppelkaka,Laurinsyra C12:0,Bullar kakor tårtor mm,0.2,g
1669,Mjuk kaka fransk äppelkaka,Betakaroten/β-Karoten,Bullar kakor tårtor mm,63.0,µg
1669,Mjuk kaka fransk äppelkaka,Avfall (skal etc.),Bullar kakor tårtor mm,11.0,%
1669,Mjuk kaka fransk äppelkaka,Aska,Bullar kakor tårtor mm,0.6,g
1669,Mjuk kaka fransk äppelkaka,Alkohol,Bullar kakor tårtor mm,0.0,g
1671,Mjuk kaka toscakaka,"Zink, Zn",Bullar kakor tårtor mm,0.8,mg
1671,Mjuk kaka toscakaka,Vitamin E,Bullar kakor tårtor mm,6.9,mg
1671,Mjuk kaka toscakaka,Vitamin D,Bullar kakor tårtor mm,1.52,µg
1671,Mjuk kaka toscakaka,Vitamin C,Bullar kakor tårtor mm,0.6,mg
1671,Mjuk kaka toscakaka,Vitamin B6,Bullar kakor tårtor mm,0.1,mg
1671,Mjuk kaka toscakaka,Vitamin B12,Bullar kakor tårtor mm,0.19,µg
1671,Mjuk kaka toscakaka,Vitamin A,Bullar kakor tårtor mm,117.7,RE/µg
1671,Mjuk kaka toscakaka,Vatten,Bullar kakor tårtor mm,23.2,g
1671,Mjuk kaka toscakaka,Tiamin,Bullar kakor tårtor mm,0.11,mg
1671,Mjuk kaka toscakaka,Tillsatt socker,Bullar kakor tårtor mm,28.0,g
1671,Mjuk kaka toscakaka,Fritt socker,Bullar kakor tårtor mm,28.0,g
1671,Mjuk kaka toscakaka,"Selen, Se",Bullar kakor tårtor mm,5.0,µg
1671,Mjuk kaka toscakaka,Sackaros,Bullar kakor tårtor mm,25.2,g
1671,Mjuk kaka toscakaka,Riboflavin,Bullar kakor tårtor mm,0.1,mg
1671,Mjuk kaka toscakaka,Retinol,Bullar kakor tårtor mm,112.1,µg
1671,Mjuk kaka toscakaka,Protein,Bullar kakor tårtor mm,6.8,g
1671,Mjuk kaka toscakaka,Summa fleromättade fettsyror,Bullar kakor tårtor mm,3.7,g
1671,Mjuk kaka toscakaka,"Fosfor, P",Bullar kakor tårtor mm,222.0,mg
1671,Mjuk kaka toscakaka,Niacinekvivalenter,Bullar kakor tårtor mm,1.86,NE/mg
1671,Mjuk kaka toscakaka,Niacin,Bullar kakor tårtor mm,0.57,mg
1671,Mjuk kaka toscakaka,"Salt, NaCl",Bullar kakor tårtor mm,0.4,g
1671,Mjuk kaka toscakaka,"Natrium, Na",Bullar kakor tårtor mm,178.0,mg
1671,Mjuk kaka toscakaka,Monosackarider,Bullar kakor tårtor mm,3.7,g
1671,Mjuk kaka toscakaka,"Sockerarter, totalt",Bullar kakor tårtor mm,29.8,g
1671,Mjuk kaka toscakaka,Summa enkelomättade fettsyror,Bullar kakor tårtor mm,10.6,g
1671,Mjuk kaka toscakaka,"Magnesium, Mg",Bullar kakor tårtor mm,42.0,mg
1671,Mjuk kaka toscakaka,Summa mättade fettsyror,Bullar kakor tårtor mm,5.8,g
1671,Mjuk kaka toscakaka,"Kolhydrater, tillgängliga",Bullar kakor tårtor mm,43.5,g
1671,Mjuk kaka toscakaka,Kolesterol,Bullar kakor tårtor mm,41.5,mg
1671,Mjuk kaka toscakaka,"Kalium, K",Bullar kakor tårtor mm,246.0,mg
1671,Mjuk kaka toscakaka,"Jod, I",Bullar kakor tårtor mm,7.8,µg
1671,Mjuk kaka toscakaka,Fullkorn totalt,Bullar kakor tårtor mm,0.0,g
1671,Mjuk kaka toscakaka,"Folat, totalt",Bullar kakor tårtor mm,20.9,µg
1671,Mjuk kaka toscakaka,Fibrer,Bullar kakor tårtor mm,3.5,g
1671,Mjuk kaka toscakaka,"Fett, totalt",Bullar kakor tårtor mm,21.4,g
1671,Mjuk kaka toscakaka,"Järn, Fe",Bullar kakor tårtor mm,1.0,mg
1671,Mjuk kaka toscakaka,Energi (kJ),Bullar kakor tårtor mm,1677.0,kJ
1671,Mjuk kaka toscakaka,Energi (kcal),Bullar kakor tårtor mm,401.0,kcal
1671,Mjuk kaka toscakaka,Disackarider,Bullar kakor tårtor mm,26.1,g
1671,Mjuk kaka toscakaka,"Kalcium, Ca",Bullar kakor tårtor mm,117.0,mg
1671,Mjuk kaka toscakaka,Fettsyra 4:0-10:0,Bullar kakor tårtor mm,0.3,g
1671,Mjuk kaka toscakaka,DHA (C22:6),Bullar kakor tårtor mm,0.0,g
1671,Mjuk kaka toscakaka,DPA (C22:5),Bullar kakor tårtor mm,0.0,g
1671,Mjuk kaka toscakaka,EPA (C20:5),Bullar kakor tårtor mm,0.0,g
1671,Mjuk kaka toscakaka,Arakidonsyra C20:4,Bullar kakor tårtor mm,0.0,g
1671,Mjuk kaka toscakaka,Arakidinsyra C20:0,Bullar kakor tårtor mm,0.0,g
1671,Mjuk kaka toscakaka,Linolensyra C18:3,Bullar kakor tårtor mm,0.4,g
1671,Mjuk kaka toscakaka,Linolsyra C18:2,Bullar kakor tårtor mm,3.1,g
1671,Mjuk kaka toscakaka,Oljesyra C18:1,Bullar kakor tårtor mm,10.7,g
1671,Mjuk kaka toscakaka,Stearinsyra C18:0,Bullar kakor tårtor mm,0.8,g
1671,Mjuk kaka toscakaka,Palmitoljesyra C16:1,Bullar kakor tårtor mm,0.1,g
1671,Mjuk kaka toscakaka,Palmitinsyra C16:0,Bullar kakor tårtor mm,3.8,g
1671,Mjuk kaka toscakaka,Myristinsyra C14:0,Bullar kakor tårtor mm,0.4,g
1671,Mjuk kaka toscakaka,Laurinsyra C12:0,Bullar kakor tårtor mm,0.3,g
1671,Mjuk kaka toscakaka,Betakaroten/β-Karoten,Bullar kakor tårtor mm,66.0,µg
1671,Mjuk kaka toscakaka,Avfall (skal etc.),Bullar kakor tårtor mm,11.0,%
1671,Mjuk kaka toscakaka,Aska,Bullar kakor tårtor mm,1.4,g
1671,Mjuk kaka toscakaka,Alkohol,Bullar kakor tårtor mm,0.0,g
1672,Mjuk kaka chokladkaka,"Zink, Zn",Bullar kakor tårtor mm,0.7,mg
1672,Mjuk kaka chokladkaka,Vitamin E,Bullar kakor tårtor mm,2.4,mg
1672,Mjuk kaka chokladkaka,Vitamin D,Bullar kakor tårtor mm,1.52,µg
1672,Mjuk kaka chokladkaka,Vitamin C,Bullar kakor tårtor mm,0.6,mg
1672,Mjuk kaka chokladkaka,Vitamin B6,Bullar kakor tårtor mm,0.03,mg
1672,Mjuk kaka chokladkaka,Vitamin B12,Bullar kakor tårtor mm,0.26,µg
1672,Mjuk kaka chokladkaka,Vitamin A,Bullar kakor tårtor mm,163.7,RE/µg
1672,Mjuk kaka chokladkaka,Vatten,Bullar kakor tårtor mm,34.0,g
1672,Mjuk kaka chokladkaka,Tiamin,Bullar kakor tårtor mm,0.04,mg
1672,Mjuk kaka chokladkaka,Tillsatt socker,Bullar kakor tårtor mm,22.0,g
1672,Mjuk kaka chokladkaka,Fritt socker,Bullar kakor tårtor mm,22.0,g
1672,Mjuk kaka chokladkaka,"Selen, Se",Bullar kakor tårtor mm,5.3,µg
1672,Mjuk kaka chokladkaka,Sackaros,Bullar kakor tårtor mm,22.4,g
1672,Mjuk kaka chokladkaka,Riboflavin,Bullar kakor tårtor mm,0.09,mg
1672,Mjuk kaka chokladkaka,Retinol,Bullar kakor tårtor mm,156.5,µg
1672,Mjuk kaka chokladkaka,Protein,Bullar kakor tårtor mm,5.3,g
1672,Mjuk kaka chokladkaka,Summa fleromättade fettsyror,Bullar kakor tårtor mm,2.7,g
1672,Mjuk kaka chokladkaka,"Fosfor, P",Bullar kakor tårtor mm,198.0,mg
1672,Mjuk kaka chokladkaka,Niacinekvivalenter,Bullar kakor tårtor mm,1.38,NE/mg
1672,Mjuk kaka chokladkaka,Niacin,Bullar kakor tårtor mm,0.31,mg
1672,Mjuk kaka chokladkaka,"Salt, NaCl",Bullar kakor tårtor mm,0.5,g
1672,Mjuk kaka chokladkaka,"Natrium, Na",Bullar kakor tårtor mm,196.0,mg
1672,Mjuk kaka chokladkaka,Monosackarider,Bullar kakor tårtor mm,0.1,g
1672,Mjuk kaka chokladkaka,"Sockerarter, totalt",Bullar kakor tårtor mm,23.9,g
1672,Mjuk kaka chokladkaka,Summa enkelomättade fettsyror,Bullar kakor tårtor mm,6.0,g
1672,Mjuk kaka chokladkaka,"Magnesium, Mg",Bullar kakor tårtor mm,33.0,mg
1672,Mjuk kaka chokladkaka,Summa mättade fettsyror,Bullar kakor tårtor mm,7.7,g
1672,Mjuk kaka chokladkaka,"Kolhydrater, tillgängliga",Bullar kakor tårtor mm,39.7,g
1672,Mjuk kaka chokladkaka,Kolesterol,Bullar kakor tårtor mm,52.1,mg
1672,Mjuk kaka chokladkaka,"Kalium, K",Bullar kakor tårtor mm,254.0,mg
1672,Mjuk kaka chokladkaka,"Jod, I",Bullar kakor tårtor mm,11.0,µg
1672,Mjuk kaka chokladkaka,Fullkorn totalt,Bullar kakor tårtor mm,0.0,g
1672,Mjuk kaka chokladkaka,"Folat, totalt",Bullar kakor tårtor mm,12.1,µg
1672,Mjuk kaka chokladkaka,Fibrer,Bullar kakor tårtor mm,2.4,g
1672,Mjuk kaka chokladkaka,"Fett, totalt",Bullar kakor tårtor mm,17.2,g
1672,Mjuk kaka chokladkaka,"Järn, Fe",Bullar kakor tårtor mm,0.9,mg
1672,Mjuk kaka chokladkaka,Energi (kJ),Bullar kakor tårtor mm,1419.0,kJ
1672,Mjuk kaka chokladkaka,Energi (kcal),Bullar kakor tårtor mm,339.0,kcal
1672,Mjuk kaka chokladkaka,Disackarider,Bullar kakor tårtor mm,23.8,g
1672,Mjuk kaka chokladkaka,"Kalcium, Ca",Bullar kakor tårtor mm,111.0,mg
1672,Mjuk kaka chokladkaka,Fettsyra 4:0-10:0,Bullar kakor tårtor mm,0.4,g
1672,Mjuk kaka chokladkaka,DHA (C22:6),Bullar kakor tårtor mm,0.0,g
1672,Mjuk kaka chokladkaka,DPA (C22:5),Bullar kakor tårtor mm,0.0,g
1672,Mjuk kaka chokladkaka,EPA (C20:5),Bullar kakor tårtor mm,0.0,g
1672,Mjuk kaka chokladkaka,Arakidonsyra C20:4,Bullar kakor tårtor mm,0.0,g
1672,Mjuk kaka chokladkaka,Arakidinsyra C20:0,Bullar kakor tårtor mm,0.0,g
1672,Mjuk kaka chokladkaka,Linolensyra C18:3,Bullar kakor tårtor mm,0.5,g
1672,Mjuk kaka chokladkaka,Linolsyra C18:2,Bullar kakor tårtor mm,1.8,g
1672,Mjuk kaka chokladkaka,Oljesyra C18:1,Bullar kakor tårtor mm,6.2,g
1672,Mjuk kaka chokladkaka,Stearinsyra C18:0,Bullar kakor tårtor mm,1.2,g
1672,Mjuk kaka chokladkaka,Palmitoljesyra C16:1,Bullar kakor tårtor mm,0.1,g
1672,Mjuk kaka chokladkaka,Palmitinsyra C16:0,Bullar kakor tårtor mm,4.7,g
1672,Mjuk kaka chokladkaka,Myristinsyra C14:0,Bullar kakor tårtor mm,0.6,g
1672,Mjuk kaka chokladkaka,Laurinsyra C12:0,Bullar kakor tårtor mm,0.4,g
1672,Mjuk kaka chokladkaka,Betakaroten/β-Karoten,Bullar kakor tårtor mm,86.0,µg
1672,Mjuk kaka chokladkaka,Avfall (skal etc.),Bullar kakor tårtor mm,1.0,%
1672,Mjuk kaka chokladkaka,Aska,Bullar kakor tårtor mm,1.4,g
1672,Mjuk kaka chokladkaka,Alkohol,Bullar kakor tårtor mm,0.0,g
1677,Muffins amerikansk,"Zink, Zn",Bullar kakor tårtor mm,0.6,mg
1677,Muffins amerikansk,Vitamin E,Bullar kakor tårtor mm,3.1,mg
1677,Muffins amerikansk,Vitamin D,Bullar kakor tårtor mm,0.0,µg
1677,Muffins amerikansk,Vitamin C,Bullar kakor tårtor mm,0.0,mg
1677,Muffins amerikansk,Vitamin B6,Bullar kakor tårtor mm,0.05,mg
1677,Muffins amerikansk,Vitamin B12,Bullar kakor tårtor mm,0.0,µg
1677,Muffins amerikansk,Vitamin A,Bullar kakor tårtor mm,41.5,RE/µg
1677,Muffins amerikansk,Vatten,Bullar kakor tårtor mm,20.2,g
1677,Muffins amerikansk,Tiamin,Bullar kakor tårtor mm,0.03,mg
1677,Muffins amerikansk,Tillsatt socker,Bullar kakor tårtor mm,25.0,g
1677,Muffins amerikansk,Fritt socker,Bullar kakor tårtor mm,25.0,g
1677,Muffins amerikansk,"Selen, Se",Bullar kakor tårtor mm,4.5,µg
1677,Muffins amerikansk,Sackaros,Bullar kakor tårtor mm,24.2,g
1677,Muffins amerikansk,Riboflavin,Bullar kakor tårtor mm,0.12,mg
1677,Muffins amerikansk,Retinol,Bullar kakor tårtor mm,41.3,µg
1677,Muffins amerikansk,Protein,Bullar kakor tårtor mm,5.8,g
1677,Muffins amerikansk,Summa fleromättade fettsyror,Bullar kakor tårtor mm,6.6,g
1677,Muffins amerikansk,"Fosfor, P",Bullar kakor tårtor mm,212.0,mg
1677,Muffins amerikansk,Niacinekvivalenter,Bullar kakor tårtor mm,1.9,NE/mg
1677,Muffins amerikansk,Niacin,Bullar kakor tårtor mm,0.44,mg
1677,Muffins amerikansk,"Salt, NaCl",Bullar kakor tårtor mm,0.7,g
1677,Muffins amerikansk,"Natrium, Na",Bullar kakor tårtor mm,292.0,mg
1677,Muffins amerikansk,Monosackarider,Bullar kakor tårtor mm,0.5,g
1677,Muffins amerikansk,"Sockerarter, totalt",Bullar kakor tårtor mm,25.9,g
1677,Muffins amerikansk,Summa enkelomättade fettsyror,Bullar kakor tårtor mm,14.0,g
1677,Muffins amerikansk,"Magnesium, Mg",Bullar kakor tårtor mm,16.0,mg
1677,Muffins amerikansk,Summa mättade fettsyror,Bullar kakor tårtor mm,2.2,g
1677,Muffins amerikansk,"Kolhydrater, tillgängliga",Bullar kakor tårtor mm,46.8,g
1677,Muffins amerikansk,Kolesterol,Bullar kakor tårtor mm,63.7,mg
1677,Muffins amerikansk,"Kalium, K",Bullar kakor tårtor mm,183.0,mg
1677,Muffins amerikansk,"Jod, I",Bullar kakor tårtor mm,9.0,µg
1677,Muffins amerikansk,Fullkorn totalt,Bullar kakor tårtor mm,0.0,g
1677,Muffins amerikansk,"Folat, totalt",Bullar kakor tårtor mm,16.2,µg
1677,Muffins amerikansk,Fibrer,Bullar kakor tårtor mm,1.6,g
1677,Muffins amerikansk,"Fett, totalt",Bullar kakor tårtor mm,24.2,g
1677,Muffins amerikansk,"Järn, Fe",Bullar kakor tårtor mm,1.1,mg
1677,Muffins amerikansk,Energi (kJ),Bullar kakor tårtor mm,1804.0,kJ
1677,Muffins amerikansk,Energi (kcal),Bullar kakor tårtor mm,431.0,kcal
1677,Muffins amerikansk,Disackarider,Bullar kakor tårtor mm,25.4,g
1677,Muffins amerikansk,"Kalcium, Ca",Bullar kakor tårtor mm,35.0,mg
1677,Muffins amerikansk,Fettsyra 4:0-10:0,Bullar kakor tårtor mm,0.0,g
1677,Muffins amerikansk,DHA (C22:6),Bullar kakor tårtor mm,0.0,g
1677,Muffins amerikansk,DPA (C22:5),Bullar kakor tårtor mm,0.0,g
1677,Muffins amerikansk,EPA (C20:5),Bullar kakor tårtor mm,0.0,g
1677,Muffins amerikansk,Arakidonsyra C20:4,Bullar kakor tårtor mm,0.0,g
1677,Muffins amerikansk,Arakidinsyra C20:0,Bullar kakor tårtor mm,0.1,g
1677,Muffins amerikansk,Linolensyra C18:3,Bullar kakor tårtor mm,1.8,g
1677,Muffins amerikansk,Linolsyra C18:2,Bullar kakor tårtor mm,4.7,g
1677,Muffins amerikansk,Oljesyra C18:1,Bullar kakor tårtor mm,13.5,g
1677,Muffins amerikansk,Stearinsyra C18:0,Bullar kakor tårtor mm,0.6,g
1677,Muffins amerikansk,Palmitoljesyra C16:1,Bullar kakor tårtor mm,0.1,g
1677,Muffins amerikansk,Palmitinsyra C16:0,Bullar kakor tårtor mm,1.4,g
1677,Muffins amerikansk,Myristinsyra C14:0,Bullar kakor tårtor mm,0.0,g
1677,Muffins amerikansk,Laurinsyra C12:0,Bullar kakor tårtor mm,0.0,g
1677,Muffins amerikansk,Betakaroten/β-Karoten,Bullar kakor tårtor mm,2.0,µg
1677,Muffins amerikansk,Avfall (skal etc.),Bullar kakor tårtor mm,0.0,%
1677,Muffins amerikansk,Aska,Bullar kakor tårtor mm,1.3,g
1677,Muffins amerikansk,Alkohol,Bullar kakor tårtor mm,0.0,g
1678,Mjuk kaka sockerkaka pepparkaka,"Zink, Zn",Bullar kakor tårtor mm,0.3,mg
1678,Mjuk kaka sockerkaka pepparkaka,Vitamin E,Bullar kakor tårtor mm,4.3,mg
1678,Mjuk kaka sockerkaka pepparkaka,Vitamin D inkl 25-OH-D3,Bullar kakor tårtor mm,0.0,µg
1678,Mjuk kaka sockerkaka pepparkaka,Vitamin D,Bullar kakor tårtor mm,0.0,µg
1678,Mjuk kaka sockerkaka pepparkaka,Vitamin C,Bullar kakor tårtor mm,0.0,mg
1678,Mjuk kaka sockerkaka pepparkaka,Vitamin B6,Bullar kakor tårtor mm,0.03,mg
1678,Mjuk kaka sockerkaka pepparkaka,Vitamin B12,Bullar kakor tårtor mm,0.0,µg
1678,Mjuk kaka sockerkaka pepparkaka,Vitamin A,Bullar kakor tårtor mm,0.0,RE/µg
1678,Mjuk kaka sockerkaka pepparkaka,Vatten,Bullar kakor tårtor mm,21.4,g
1678,Mjuk kaka sockerkaka pepparkaka,Tiamin,Bullar kakor tårtor mm,0.06,mg
1678,Mjuk kaka sockerkaka pepparkaka,Tillsatt socker,Bullar kakor tårtor mm,32.0,g
1678,Mjuk kaka sockerkaka pepparkaka,Fritt socker,Bullar kakor tårtor mm,32.0,g
1678,Mjuk kaka sockerkaka pepparkaka,"Selen, Se",Bullar kakor tårtor mm,3.0,µg
1678,Mjuk kaka sockerkaka pepparkaka,Sackaros,Bullar kakor tårtor mm,29.6,g
1678,Mjuk kaka sockerkaka pepparkaka,Riboflavin,Bullar kakor tårtor mm,0.1,mg
1678,Mjuk kaka sockerkaka pepparkaka,Retinol,Bullar kakor tårtor mm,0.0,µg
1678,Mjuk kaka sockerkaka pepparkaka,Protein,Bullar kakor tårtor mm,3.9,g
1678,Mjuk kaka sockerkaka pepparkaka,Summa fleromättade fettsyror,Bullar kakor tårtor mm,3.4,g
1678,Mjuk kaka sockerkaka pepparkaka,"Fosfor, P",Bullar kakor tårtor mm,140.0,mg
1678,Mjuk kaka sockerkaka pepparkaka,Niacinekvivalenter,Bullar kakor tårtor mm,1.3,NE/mg
1678,Mjuk kaka sockerkaka pepparkaka,Niacin,Bullar kakor tårtor mm,0.31,mg
1678,Mjuk kaka sockerkaka pepparkaka,"Salt, NaCl",Bullar kakor tårtor mm,0.9,g
1678,Mjuk kaka sockerkaka pepparkaka,"Natrium, Na",Bullar kakor tårtor mm,370.0,mg
1678,Mjuk kaka sockerkaka pepparkaka,Monosackarider,Bullar kakor tårtor mm,1.7,g
1678,Mjuk kaka sockerkaka pepparkaka,"Sockerarter, totalt",Bullar kakor tårtor mm,34.5,g
1678,Mjuk kaka sockerkaka pepparkaka,Summa enkelomättade fettsyror,Bullar kakor tårtor mm,8.8,g
1678,Mjuk kaka sockerkaka pepparkaka,"Magnesium, Mg",Bullar kakor tårtor mm,16.0,mg
1678,Mjuk kaka sockerkaka pepparkaka,Summa mättade fettsyror,Bullar kakor tårtor mm,1.2,g
1678,Mjuk kaka sockerkaka pepparkaka,"Kolhydrater, tillgängliga",Bullar kakor tårtor mm,56.0,g
1678,Mjuk kaka sockerkaka pepparkaka,Kolesterol,Bullar kakor tårtor mm,27.2,mg
1678,Mjuk kaka sockerkaka pepparkaka,"Kalium, K",Bullar kakor tårtor mm,170.0,mg
1678,Mjuk kaka sockerkaka pepparkaka,"Jod, I",Bullar kakor tårtor mm,12.0,µg
1678,Mjuk kaka sockerkaka pepparkaka,Fullkorn totalt,Bullar kakor tårtor mm,0.0,g
1678,Mjuk kaka sockerkaka pepparkaka,"Folat, totalt",Bullar kakor tårtor mm,6.4,µg
1678,Mjuk kaka sockerkaka pepparkaka,Fibrer,Bullar kakor tårtor mm,3.2,g
1678,Mjuk kaka sockerkaka pepparkaka,"Fett, totalt",Bullar kakor tårtor mm,14.1,g
1678,Mjuk kaka sockerkaka pepparkaka,"Järn, Fe",Bullar kakor tårtor mm,0.7,mg
1678,Mjuk kaka sockerkaka pepparkaka,Energi (kJ),Bullar kakor tårtor mm,1565.0,kJ
1678,Mjuk kaka sockerkaka pepparkaka,Energi (kcal),Bullar kakor tårtor mm,374.0,kcal
1678,Mjuk kaka sockerkaka pepparkaka,Disackarider,Bullar kakor tårtor mm,32.8,g
1678,Mjuk kaka sockerkaka pepparkaka,"Kalcium, Ca",Bullar kakor tårtor mm,52.0,mg
1678,Mjuk kaka sockerkaka pepparkaka,Fettsyra 4:0-10:0,Bullar kakor tårtor mm,0.1,g
1678,Mjuk kaka sockerkaka pepparkaka,DHA (C22:6),Bullar kakor tårtor mm,0.0,g
1678,Mjuk kaka sockerkaka pepparkaka,DPA (C22:5),Bullar kakor tårtor mm,0.0,g
1678,Mjuk kaka sockerkaka pepparkaka,EPA (C20:5),Bullar kakor tårtor mm,0.0,g
1678,Mjuk kaka sockerkaka pepparkaka,Arakidonsyra C20:4,Bullar kakor tårtor mm,0.0,g
1678,Mjuk kaka sockerkaka pepparkaka,Arakidinsyra C20:0,Bullar kakor tårtor mm,0.1,g
1678,Mjuk kaka sockerkaka pepparkaka,Linolensyra C18:3,Bullar kakor tårtor mm,0.8,g
1678,Mjuk kaka sockerkaka pepparkaka,Linolsyra C18:2,Bullar kakor tårtor mm,2.6,g
1678,Mjuk kaka sockerkaka pepparkaka,Oljesyra C18:1,Bullar kakor tårtor mm,8.6,g
1678,Mjuk kaka sockerkaka pepparkaka,Stearinsyra C18:0,Bullar kakor tårtor mm,0.2,g
1678,Mjuk kaka sockerkaka pepparkaka,Palmitoljesyra C16:1,Bullar kakor tårtor mm,0.0,g
1678,Mjuk kaka sockerkaka pepparkaka,Palmitinsyra C16:0,Bullar kakor tårtor mm,0.8,g
1678,Mjuk kaka sockerkaka pepparkaka,Myristinsyra C14:0,Bullar kakor tårtor mm,0.0,g
1678,Mjuk kaka sockerkaka pepparkaka,Laurinsyra C12:0,Bullar kakor tårtor mm,0.0,g
1678,Mjuk kaka sockerkaka pepparkaka,Betakaroten/β-Karoten,Bullar kakor tårtor mm,0.0,µg
1678,Mjuk kaka sockerkaka pepparkaka,Avfall (skal etc.),Bullar kakor tårtor mm,0.0,%
1678,Mjuk kaka sockerkaka pepparkaka,Aska,Bullar kakor tårtor mm,1.4,g
1678,Mjuk kaka sockerkaka pepparkaka,Alkohol,Bullar kakor tårtor mm,0.0,g
1679,Mjuk kaka tårtbotten,"Zink, Zn",Bullar kakor tårtor mm,0.6,mg
1679,Mjuk kaka tårtbotten,Vitamin E,Bullar kakor tårtor mm,2.3,mg
1679,Mjuk kaka tårtbotten,Vitamin D inkl 25-OH-D3,Bullar kakor tårtor mm,1.01,µg
1679,Mjuk kaka tårtbotten,Vitamin D,Bullar kakor tårtor mm,0.23,µg
1679,Mjuk kaka tårtbotten,Vitamin C,Bullar kakor tårtor mm,0.3,mg
1679,Mjuk kaka tårtbotten,Vitamin B6,Bullar kakor tårtor mm,0.04,mg
1679,Mjuk kaka tårtbotten,Vitamin B12,Bullar kakor tårtor mm,0.56,µg
1679,Mjuk kaka tårtbotten,Vitamin A,Bullar kakor tårtor mm,93.6,RE/µg
1679,Mjuk kaka tårtbotten,Vatten,Bullar kakor tårtor mm,29.6,g
1679,Mjuk kaka tårtbotten,Tiamin,Bullar kakor tårtor mm,0.04,mg
1679,Mjuk kaka tårtbotten,Tillsatt socker,Bullar kakor tårtor mm,36.0,g
1679,Mjuk kaka tårtbotten,Fritt socker,Bullar kakor tårtor mm,36.0,g
1679,Mjuk kaka tårtbotten,"Selen, Se",Bullar kakor tårtor mm,10.3,µg
1679,Mjuk kaka tårtbotten,Sackaros,Bullar kakor tårtor mm,36.1,g
1679,Mjuk kaka tårtbotten,Riboflavin,Bullar kakor tårtor mm,0.16,mg
1679,Mjuk kaka tårtbotten,Retinol,Bullar kakor tårtor mm,93.4,µg
1679,Mjuk kaka tårtbotten,Protein,Bullar kakor tårtor mm,5.9,g
1679,Mjuk kaka tårtbotten,Summa fleromättade fettsyror,Bullar kakor tårtor mm,0.7,g
1679,Mjuk kaka tårtbotten,"Fosfor, P",Bullar kakor tårtor mm,197.0,mg
1679,Mjuk kaka tårtbotten,Niacinekvivalenter,Bullar kakor tårtor mm,1.55,NE/mg
1679,Mjuk kaka tårtbotten,Niacin,Bullar kakor tårtor mm,0.13,mg
1679,Mjuk kaka tårtbotten,"Salt, NaCl",Bullar kakor tårtor mm,0.4,g
1679,Mjuk kaka tårtbotten,"Natrium, Na",Bullar kakor tårtor mm,137.0,mg
1679,Mjuk kaka tårtbotten,Monosackarider,Bullar kakor tårtor mm,0.2,g
1679,Mjuk kaka tårtbotten,"Sockerarter, totalt",Bullar kakor tårtor mm,36.4,g
1679,Mjuk kaka tårtbotten,Summa enkelomättade fettsyror,Bullar kakor tårtor mm,1.6,g
1679,Mjuk kaka tårtbotten,"Magnesium, Mg",Bullar kakor tårtor mm,8.0,mg
1679,Mjuk kaka tårtbotten,Summa mättade fettsyror,Bullar kakor tårtor mm,1.1,g
1679,Mjuk kaka tårtbotten,"Kolhydrater, tillgängliga",Bullar kakor tårtor mm,58.7,g
1679,Mjuk kaka tårtbotten,Kolesterol,Bullar kakor tårtor mm,136.3,mg
1679,Mjuk kaka tårtbotten,"Kalium, K",Bullar kakor tårtor mm,85.0,mg
1679,Mjuk kaka tårtbotten,"Jod, I",Bullar kakor tårtor mm,18.2,µg
1679,Mjuk kaka tårtbotten,Fullkorn totalt,Bullar kakor tårtor mm,0.0,g
1679,Mjuk kaka tårtbotten,"Folat, totalt",Bullar kakor tårtor mm,25.7,µg
1679,Mjuk kaka tårtbotten,Fibrer,Bullar kakor tårtor mm,0.4,g
1679,Mjuk kaka tårtbotten,"Fett, totalt",Bullar kakor tårtor mm,4.2,g
1679,Mjuk kaka tårtbotten,"Järn, Fe",Bullar kakor tårtor mm,0.8,mg
1679,Mjuk kaka tårtbotten,Energi (kJ),Bullar kakor tårtor mm,1258.0,kJ
1679,Mjuk kaka tårtbotten,Energi (kcal),Bullar kakor tårtor mm,301.0,kcal
1679,Mjuk kaka tårtbotten,Disackarider,Bullar kakor tårtor mm,36.2,g
1679,Mjuk kaka tårtbotten,"Kalcium, Ca",Bullar kakor tårtor mm,99.0,mg
1679,Mjuk kaka tårtbotten,Fettsyra 4:0-10:0,Bullar kakor tårtor mm,0.0,g
1679,Mjuk kaka tårtbotten,DHA (C22:6),Bullar kakor tårtor mm,0.0,g
1679,Mjuk kaka tårtbotten,DPA (C22:5),Bullar kakor tårtor mm,0.0,g
1679,Mjuk kaka tårtbotten,EPA (C20:5),Bullar kakor tårtor mm,0.0,g
1679,Mjuk kaka tårtbotten,Arakidonsyra C20:4,Bullar kakor tårtor mm,0.1,g
1679,Mjuk kaka tårtbotten,Arakidinsyra C20:0,Bullar kakor tårtor mm,0.0,g
1679,Mjuk kaka tårtbotten,Linolensyra C18:3,Bullar kakor tårtor mm,0.0,g
1679,Mjuk kaka tårtbotten,Linolsyra C18:2,Bullar kakor tårtor mm,0.5,g
1679,Mjuk kaka tårtbotten,Oljesyra C18:1,Bullar kakor tårtor mm,1.5,g
1679,Mjuk kaka tårtbotten,Stearinsyra C18:0,Bullar kakor tårtor mm,0.3,g
1679,Mjuk kaka tårtbotten,Palmitoljesyra C16:1,Bullar kakor tårtor mm,0.1,g
1679,Mjuk kaka tårtbotten,Palmitinsyra C16:0,Bullar kakor tårtor mm,0.8,g
1679,Mjuk kaka tårtbotten,Myristinsyra C14:0,Bullar kakor tårtor mm,0.0,g
1679,Mjuk kaka tårtbotten,Laurinsyra C12:0,Bullar kakor tårtor mm,0.0,g
1679,Mjuk kaka tårtbotten,Betakaroten/β-Karoten,Bullar kakor tårtor mm,1.0,µg
1679,Mjuk kaka tårtbotten,Avfall (skal etc.),Bullar kakor tårtor mm,5.0,%
1679,Mjuk kaka tårtbotten,Aska,Bullar kakor tårtor mm,0.9,g
1679,Mjuk kaka tårtbotten,Alkohol,Bullar kakor tårtor mm,0.0,g
1681,Mjuk kaka sockerkaka fin,"Zink, Zn",Bullar kakor tårtor mm,0.4,mg
1681,Mjuk kaka sockerkaka fin,Vitamin E,Bullar kakor tårtor mm,3.1,mg
1681,Mjuk kaka sockerkaka fin,Vitamin D,Bullar kakor tårtor mm,1.66,µg
1681,Mjuk kaka sockerkaka fin,Vitamin C,Bullar kakor tårtor mm,0.8,mg
1681,Mjuk kaka sockerkaka fin,Vitamin B6,Bullar kakor tårtor mm,0.03,mg
1681,Mjuk kaka sockerkaka fin,Vitamin B12,Bullar kakor tårtor mm,0.21,µg
1681,Mjuk kaka sockerkaka fin,Vitamin A,Bullar kakor tårtor mm,208.2,RE/µg
1681,Mjuk kaka sockerkaka fin,Vatten,Bullar kakor tårtor mm,24.8,g
1681,Mjuk kaka sockerkaka fin,Tiamin,Bullar kakor tårtor mm,0.04,mg
1681,Mjuk kaka sockerkaka fin,Tillsatt socker,Bullar kakor tårtor mm,28.0,g
1681,Mjuk kaka sockerkaka fin,Fritt socker,Bullar kakor tårtor mm,28.0,g
1681,Mjuk kaka sockerkaka fin,"Selen, Se",Bullar kakor tårtor mm,6.3,µg
1681,Mjuk kaka sockerkaka fin,Sackaros,Bullar kakor tårtor mm,28.1,g
1681,Mjuk kaka sockerkaka fin,Riboflavin,Bullar kakor tårtor mm,0.07,mg
1681,Mjuk kaka sockerkaka fin,Retinol,Bullar kakor tårtor mm,199.3,µg
1681,Mjuk kaka sockerkaka fin,Protein,Bullar kakor tårtor mm,4.3,g
1681,Mjuk kaka sockerkaka fin,Summa fleromättade fettsyror,Bullar kakor tårtor mm,3.5,g
1681,Mjuk kaka sockerkaka fin,"Fosfor, P",Bullar kakor tårtor mm,136.0,mg
1681,Mjuk kaka sockerkaka fin,Niacinekvivalenter,Bullar kakor tårtor mm,1.13,NE/mg
1681,Mjuk kaka sockerkaka fin,Niacin,Bullar kakor tårtor mm,0.24,mg
1681,Mjuk kaka sockerkaka fin,"Salt, NaCl",Bullar kakor tårtor mm,0.5,g
1681,Mjuk kaka sockerkaka fin,"Natrium, Na",Bullar kakor tårtor mm,213.0,mg
1681,Mjuk kaka sockerkaka fin,Monosackarider,Bullar kakor tårtor mm,0.1,g
1681,Mjuk kaka sockerkaka fin,"Sockerarter, totalt",Bullar kakor tårtor mm,28.6,g
1681,Mjuk kaka sockerkaka fin,Summa enkelomättade fettsyror,Bullar kakor tårtor mm,7.3,g
1681,Mjuk kaka sockerkaka fin,"Magnesium, Mg",Bullar kakor tårtor mm,8.0,mg
1681,Mjuk kaka sockerkaka fin,Summa mättade fettsyror,Bullar kakor tårtor mm,8.9,g
1681,Mjuk kaka sockerkaka fin,"Kolhydrater, tillgängliga",Bullar kakor tårtor mm,48.3,g
1681,Mjuk kaka sockerkaka fin,Kolesterol,Bullar kakor tårtor mm,65.5,mg
1681,Mjuk kaka sockerkaka fin,"Kalium, K",Bullar kakor tårtor mm,67.0,mg
1681,Mjuk kaka sockerkaka fin,"Jod, I",Bullar kakor tårtor mm,7.4,µg
1681,Mjuk kaka sockerkaka fin,Fullkorn totalt,Bullar kakor tårtor mm,0.0,g
1681,Mjuk kaka sockerkaka fin,"Folat, totalt",Bullar kakor tårtor mm,13.0,µg
1681,Mjuk kaka sockerkaka fin,Fibrer,Bullar kakor tårtor mm,1.0,g
1681,Mjuk kaka sockerkaka fin,"Fett, totalt",Bullar kakor tårtor mm,20.5,g
1681,Mjuk kaka sockerkaka fin,"Järn, Fe",Bullar kakor tårtor mm,0.5,mg
1681,Mjuk kaka sockerkaka fin,Energi (kJ),Bullar kakor tårtor mm,1662.0,kJ
1681,Mjuk kaka sockerkaka fin,Energi (kcal),Bullar kakor tårtor mm,397.0,kcal
1681,Mjuk kaka sockerkaka fin,Disackarider,Bullar kakor tårtor mm,28.5,g
1681,Mjuk kaka sockerkaka fin,"Kalcium, Ca",Bullar kakor tårtor mm,71.0,mg
1681,Mjuk kaka sockerkaka fin,Fettsyra 4:0-10:0,Bullar kakor tårtor mm,0.5,g
1681,Mjuk kaka sockerkaka fin,DHA (C22:6),Bullar kakor tårtor mm,0.0,g
1681,Mjuk kaka sockerkaka fin,DPA (C22:5),Bullar kakor tårtor mm,0.0,g
1681,Mjuk kaka sockerkaka fin,EPA (C20:5),Bullar kakor tårtor mm,0.0,g
1681,Mjuk kaka sockerkaka fin,Arakidonsyra C20:4,Bullar kakor tårtor mm,0.0,g
1681,Mjuk kaka sockerkaka fin,Arakidinsyra C20:0,Bullar kakor tårtor mm,0.0,g
1681,Mjuk kaka sockerkaka fin,Linolensyra C18:3,Bullar kakor tårtor mm,0.7,g
1681,Mjuk kaka sockerkaka fin,Linolsyra C18:2,Bullar kakor tårtor mm,2.3,g
1681,Mjuk kaka sockerkaka fin,Oljesyra C18:1,Bullar kakor tårtor mm,7.5,g
1681,Mjuk kaka sockerkaka fin,Stearinsyra C18:0,Bullar kakor tårtor mm,1.1,g
1681,Mjuk kaka sockerkaka fin,Palmitoljesyra C16:1,Bullar kakor tårtor mm,0.1,g
1681,Mjuk kaka sockerkaka fin,Palmitinsyra C16:0,Bullar kakor tårtor mm,5.7,g
1681,Mjuk kaka sockerkaka fin,Myristinsyra C14:0,Bullar kakor tårtor mm,0.7,g
1681,Mjuk kaka sockerkaka fin,Laurinsyra C12:0,Bullar kakor tårtor mm,0.5,g
1681,Mjuk kaka sockerkaka fin,Betakaroten/β-Karoten,Bullar kakor tårtor mm,106.0,µg
1681,Mjuk kaka sockerkaka fin,Avfall (skal etc.),Bullar kakor tårtor mm,2.0,%
1681,Mjuk kaka sockerkaka fin,Aska,Bullar kakor tårtor mm,0.9,g
1681,Mjuk kaka sockerkaka fin,Alkohol,Bullar kakor tårtor mm,0.0,g
1682,Mjuk kaka pepparkaka,"Zink, Zn",Bullar kakor tårtor mm,0.4,mg
1682,Mjuk kaka pepparkaka,Vitamin E,Bullar kakor tårtor mm,2.2,mg
1682,Mjuk kaka pepparkaka,Vitamin D,Bullar kakor tårtor mm,1.16,µg
1682,Mjuk kaka pepparkaka,Vitamin C,Bullar kakor tårtor mm,0.6,mg
1682,Mjuk kaka pepparkaka,Vitamin B6,Bullar kakor tårtor mm,0.03,mg
1682,Mjuk kaka pepparkaka,Vitamin B12,Bullar kakor tårtor mm,0.22,µg
1682,Mjuk kaka pepparkaka,Vitamin A,Bullar kakor tårtor mm,153.2,RE/µg
1682,Mjuk kaka pepparkaka,Vatten,Bullar kakor tårtor mm,33.0,g
1682,Mjuk kaka pepparkaka,Tiamin,Bullar kakor tårtor mm,0.04,mg
1682,Mjuk kaka pepparkaka,Tillsatt socker,Bullar kakor tårtor mm,25.0,g
1682,Mjuk kaka pepparkaka,Fritt socker,Bullar kakor tårtor mm,25.0,g
1682,Mjuk kaka pepparkaka,"Selen, Se",Bullar kakor tårtor mm,6.1,µg
1682,Mjuk kaka pepparkaka,Sackaros,Bullar kakor tårtor mm,24.8,g
1682,Mjuk kaka pepparkaka,Riboflavin,Bullar kakor tårtor mm,0.1,mg
1682,Mjuk kaka pepparkaka,Retinol,Bullar kakor tårtor mm,147.1,µg
1682,Mjuk kaka pepparkaka,Protein,Bullar kakor tårtor mm,4.6,g
1682,Mjuk kaka pepparkaka,Summa fleromättade fettsyror,Bullar kakor tårtor mm,2.3,g
1682,Mjuk kaka pepparkaka,"Fosfor, P",Bullar kakor tårtor mm,146.0,mg
1682,Mjuk kaka pepparkaka,Niacinekvivalenter,Bullar kakor tårtor mm,1.21,NE/mg
1682,Mjuk kaka pepparkaka,Niacin,Bullar kakor tårtor mm,0.24,mg
1682,Mjuk kaka pepparkaka,"Salt, NaCl",Bullar kakor tårtor mm,0.4,g
1682,Mjuk kaka pepparkaka,"Natrium, Na",Bullar kakor tårtor mm,180.0,mg
1682,Mjuk kaka pepparkaka,Monosackarider,Bullar kakor tårtor mm,0.3,g
1682,Mjuk kaka pepparkaka,"Sockerarter, totalt",Bullar kakor tårtor mm,26.3,g
1682,Mjuk kaka pepparkaka,Summa enkelomättade fettsyror,Bullar kakor tårtor mm,5.0,g
1682,Mjuk kaka pepparkaka,"Magnesium, Mg",Bullar kakor tårtor mm,17.0,mg
1682,Mjuk kaka pepparkaka,Summa mättade fettsyror,Bullar kakor tårtor mm,6.6,g
1682,Mjuk kaka pepparkaka,"Kolhydrater, tillgängliga",Bullar kakor tårtor mm,45.3,g
1682,Mjuk kaka pepparkaka,Kolesterol,Bullar kakor tårtor mm,61.2,mg
1682,Mjuk kaka pepparkaka,"Kalium, K",Bullar kakor tårtor mm,178.0,mg
1682,Mjuk kaka pepparkaka,"Jod, I",Bullar kakor tårtor mm,9.9,µg
1682,Mjuk kaka pepparkaka,Fullkorn totalt,Bullar kakor tårtor mm,0.0,g
1682,Mjuk kaka pepparkaka,"Folat, totalt",Bullar kakor tårtor mm,13.2,µg
1682,Mjuk kaka pepparkaka,Fibrer,Bullar kakor tårtor mm,0.9,g
1682,Mjuk kaka pepparkaka,"Fett, totalt",Bullar kakor tårtor mm,14.7,g
1682,Mjuk kaka pepparkaka,"Järn, Fe",Bullar kakor tårtor mm,1.2,mg
1682,Mjuk kaka pepparkaka,Energi (kJ),Bullar kakor tårtor mm,1398.0,kJ
1682,Mjuk kaka pepparkaka,Energi (kcal),Bullar kakor tårtor mm,334.0,kcal
1682,Mjuk kaka pepparkaka,Disackarider,Bullar kakor tårtor mm,25.9,g
1682,Mjuk kaka pepparkaka,"Kalcium, Ca",Bullar kakor tårtor mm,137.0,mg
1682,Mjuk kaka pepparkaka,Fettsyra 4:0-10:0,Bullar kakor tårtor mm,0.4,g
1682,Mjuk kaka pepparkaka,DHA (C22:6),Bullar kakor tårtor mm,0.0,g
1682,Mjuk kaka pepparkaka,DPA (C22:5),Bullar kakor tårtor mm,0.0,g
1682,Mjuk kaka pepparkaka,EPA (C20:5),Bullar kakor tårtor mm,0.0,g
1682,Mjuk kaka pepparkaka,Arakidonsyra C20:4,Bullar kakor tårtor mm,0.0,g
1682,Mjuk kaka pepparkaka,Arakidinsyra C20:0,Bullar kakor tårtor mm,0.0,g
1682,Mjuk kaka pepparkaka,Linolensyra C18:3,Bullar kakor tårtor mm,0.5,g
1682,Mjuk kaka pepparkaka,Linolsyra C18:2,Bullar kakor tårtor mm,1.6,g
1682,Mjuk kaka pepparkaka,Oljesyra C18:1,Bullar kakor tårtor mm,5.1,g
1682,Mjuk kaka pepparkaka,Stearinsyra C18:0,Bullar kakor tårtor mm,0.8,g
1682,Mjuk kaka pepparkaka,Palmitoljesyra C16:1,Bullar kakor tårtor mm,0.1,g
1682,Mjuk kaka pepparkaka,Palmitinsyra C16:0,Bullar kakor tårtor mm,4.1,g
1682,Mjuk kaka pepparkaka,Myristinsyra C14:0,Bullar kakor tårtor mm,0.6,g
1682,Mjuk kaka pepparkaka,Laurinsyra C12:0,Bullar kakor tårtor mm,0.4,g
1682,Mjuk kaka pepparkaka,Betakaroten/β-Karoten,Bullar kakor tårtor mm,72.0,µg
1682,Mjuk kaka pepparkaka,Avfall (skal etc.),Bullar kakor tårtor mm,2.0,%
1682,Mjuk kaka pepparkaka,Aska,Bullar kakor tårtor mm,1.5,g
1682,Mjuk kaka pepparkaka,Alkohol,Bullar kakor tårtor mm,0.0,g
1683,Mjuk kaka nötkaka,"Zink, Zn",Bullar kakor tårtor mm,1.3,mg
1683,Mjuk kaka nötkaka,Vitamin E,Bullar kakor tårtor mm,12.7,mg
1683,Mjuk kaka nötkaka,Vitamin D inkl 25-OH-D3,Bullar kakor tårtor mm,0.8,µg
1683,Mjuk kaka nötkaka,Vitamin D,Bullar kakor tårtor mm,0.18,µg
1683,Mjuk kaka nötkaka,Vitamin C,Bullar kakor tårtor mm,0.0,mg
1683,Mjuk kaka nötkaka,Vitamin B6,Bullar kakor tårtor mm,0.09,mg
1683,Mjuk kaka nötkaka,Vitamin B12,Bullar kakor tårtor mm,0.45,µg
1683,Mjuk kaka nötkaka,Vitamin A,Bullar kakor tårtor mm,74.7,RE/µg
1683,Mjuk kaka nötkaka,Vatten,Bullar kakor tårtor mm,21.7,g
1683,Mjuk kaka nötkaka,Tiamin,Bullar kakor tårtor mm,0.07,mg
1683,Mjuk kaka nötkaka,Tillsatt socker,Bullar kakor tårtor mm,29.0,g
1683,Mjuk kaka nötkaka,Fritt socker,Bullar kakor tårtor mm,29.0,g
1683,Mjuk kaka nötkaka,"Selen, Se",Bullar kakor tårtor mm,7.2,µg
1683,Mjuk kaka nötkaka,Sackaros,Bullar kakor tårtor mm,29.7,g
1683,Mjuk kaka nötkaka,Riboflavin,Bullar kakor tårtor mm,0.15,mg
1683,Mjuk kaka nötkaka,Retinol,Bullar kakor tårtor mm,74.3,µg
1683,Mjuk kaka nötkaka,Protein,Bullar kakor tårtor mm,9.5,g
1683,Mjuk kaka nötkaka,Summa fleromättade fettsyror,Bullar kakor tårtor mm,2.9,g
1683,Mjuk kaka nötkaka,"Fosfor, P",Bullar kakor tårtor mm,315.0,mg
1683,Mjuk kaka nötkaka,Niacinekvivalenter,Bullar kakor tårtor mm,2.48,NE/mg
1683,Mjuk kaka nötkaka,Niacin,Bullar kakor tårtor mm,0.54,mg
1683,Mjuk kaka nötkaka,"Salt, NaCl",Bullar kakor tårtor mm,0.3,g
1683,Mjuk kaka nötkaka,"Natrium, Na",Bullar kakor tårtor mm,129.0,mg
1683,Mjuk kaka nötkaka,Monosackarider,Bullar kakor tårtor mm,0.6,g
1683,Mjuk kaka nötkaka,"Sockerarter, totalt",Bullar kakor tårtor mm,30.3,g
1683,Mjuk kaka nötkaka,Summa enkelomättade fettsyror,Bullar kakor tårtor mm,23.0,g
1683,Mjuk kaka nötkaka,"Magnesium, Mg",Bullar kakor tårtor mm,67.0,mg
1683,Mjuk kaka nötkaka,Summa mättade fettsyror,Bullar kakor tårtor mm,2.9,g
1683,Mjuk kaka nötkaka,"Kolhydrater, tillgängliga",Bullar kakor tårtor mm,29.4,g
1683,Mjuk kaka nötkaka,Kolesterol,Bullar kakor tårtor mm,108.4,mg
1683,Mjuk kaka nötkaka,"Kalium, K",Bullar kakor tårtor mm,392.0,mg
1683,Mjuk kaka nötkaka,"Jod, I",Bullar kakor tårtor mm,13.4,µg
1683,Mjuk kaka nötkaka,Fullkorn totalt,Bullar kakor tårtor mm,0.0,g
1683,Mjuk kaka nötkaka,"Folat, totalt",Bullar kakor tårtor mm,38.9,µg
1683,Mjuk kaka nötkaka,Fibrer,Bullar kakor tårtor mm,6.8,g
1683,Mjuk kaka nötkaka,"Fett, totalt",Bullar kakor tårtor mm,30.6,g
1683,Mjuk kaka nötkaka,"Järn, Fe",Bullar kakor tårtor mm,1.8,mg
1683,Mjuk kaka nötkaka,Energi (kJ),Bullar kakor tårtor mm,1847.0,kJ
1683,Mjuk kaka nötkaka,Energi (kcal),Bullar kakor tårtor mm,441.0,kcal
1683,Mjuk kaka nötkaka,Disackarider,Bullar kakor tårtor mm,29.8,g
1683,Mjuk kaka nötkaka,"Kalcium, Ca",Bullar kakor tårtor mm,166.0,mg
1683,Mjuk kaka nötkaka,Fettsyra 4:0-10:0,Bullar kakor tårtor mm,0.0,g
1683,Mjuk kaka nötkaka,DHA (C22:6),Bullar kakor tårtor mm,0.0,g
1683,Mjuk kaka nötkaka,DPA (C22:5),Bullar kakor tårtor mm,0.0,g
1683,Mjuk kaka nötkaka,EPA (C20:5),Bullar kakor tårtor mm,0.0,g
1683,Mjuk kaka nötkaka,Arakidonsyra C20:4,Bullar kakor tårtor mm,0.0,g
1683,Mjuk kaka nötkaka,Arakidinsyra C20:0,Bullar kakor tårtor mm,0.0,g
1683,Mjuk kaka nötkaka,Linolensyra C18:3,Bullar kakor tårtor mm,0.0,g
1683,Mjuk kaka nötkaka,Linolsyra C18:2,Bullar kakor tårtor mm,2.8,g
1683,Mjuk kaka nötkaka,Oljesyra C18:1,Bullar kakor tårtor mm,22.8,g
1683,Mjuk kaka nötkaka,Stearinsyra C18:0,Bullar kakor tårtor mm,0.8,g
1683,Mjuk kaka nötkaka,Palmitoljesyra C16:1,Bullar kakor tårtor mm,0.1,g
1683,Mjuk kaka nötkaka,Palmitinsyra C16:0,Bullar kakor tårtor mm,2.0,g
1683,Mjuk kaka nötkaka,Myristinsyra C14:0,Bullar kakor tårtor mm,0.0,g
1683,Mjuk kaka nötkaka,Laurinsyra C12:0,Bullar kakor tårtor mm,0.0,g
1683,Mjuk kaka nötkaka,Betakaroten/β-Karoten,Bullar kakor tårtor mm,4.0,µg
1683,Mjuk kaka nötkaka,Avfall (skal etc.),Bullar kakor tårtor mm,26.0,%
1683,Mjuk kaka nötkaka,Aska,Bullar kakor tårtor mm,1.8,g
1683,Mjuk kaka nötkaka,Alkohol,Bullar kakor tårtor mm,0.0,g
1684,Mjuk kaka sockerkaka fin mager,"Zink, Zn",Bullar kakor tårtor mm,0.4,mg
1684,Mjuk kaka sockerkaka fin mager,Vitamin E,Bullar kakor tårtor mm,1.7,mg
1684,Mjuk kaka sockerkaka fin mager,Vitamin D,Bullar kakor tårtor mm,0.62,µg
1684,Mjuk kaka sockerkaka fin mager,Vitamin C,Bullar kakor tårtor mm,0.8,mg
1684,Mjuk kaka sockerkaka fin mager,Vitamin B6,Bullar kakor tårtor mm,0.03,mg
1684,Mjuk kaka sockerkaka fin mager,Vitamin B12,Bullar kakor tårtor mm,0.22,µg
1684,Mjuk kaka sockerkaka fin mager,Vitamin A,Bullar kakor tårtor mm,94.7,RE/µg
1684,Mjuk kaka sockerkaka fin mager,Vatten,Bullar kakor tårtor mm,36.5,g
1684,Mjuk kaka sockerkaka fin mager,Tiamin,Bullar kakor tårtor mm,0.04,mg
1684,Mjuk kaka sockerkaka fin mager,Tillsatt socker,Bullar kakor tårtor mm,28.0,g
1684,Mjuk kaka sockerkaka fin mager,Fritt socker,Bullar kakor tårtor mm,28.0,g
1684,Mjuk kaka sockerkaka fin mager,"Selen, Se",Bullar kakor tårtor mm,6.3,µg
1684,Mjuk kaka sockerkaka fin mager,Sackaros,Bullar kakor tårtor mm,28.5,g
1684,Mjuk kaka sockerkaka fin mager,Riboflavin,Bullar kakor tårtor mm,0.07,mg
1684,Mjuk kaka sockerkaka fin mager,Retinol,Bullar kakor tårtor mm,91.6,µg
1684,Mjuk kaka sockerkaka fin mager,Protein,Bullar kakor tårtor mm,4.3,g
1684,Mjuk kaka sockerkaka fin mager,Summa fleromättade fettsyror,Bullar kakor tårtor mm,1.5,g
1684,Mjuk kaka sockerkaka fin mager,"Fosfor, P",Bullar kakor tårtor mm,137.0,mg
1684,Mjuk kaka sockerkaka fin mager,Niacinekvivalenter,Bullar kakor tårtor mm,1.13,NE/mg
1684,Mjuk kaka sockerkaka fin mager,Niacin,Bullar kakor tårtor mm,0.24,mg
1684,Mjuk kaka sockerkaka fin mager,"Salt, NaCl",Bullar kakor tårtor mm,0.3,g
1684,Mjuk kaka sockerkaka fin mager,"Natrium, Na",Bullar kakor tårtor mm,128.0,mg
1684,Mjuk kaka sockerkaka fin mager,Monosackarider,Bullar kakor tårtor mm,0.1,g
1684,Mjuk kaka sockerkaka fin mager,"Sockerarter, totalt",Bullar kakor tårtor mm,29.0,g
1684,Mjuk kaka sockerkaka fin mager,Summa enkelomättade fettsyror,Bullar kakor tårtor mm,2.9,g
1684,Mjuk kaka sockerkaka fin mager,"Magnesium, Mg",Bullar kakor tårtor mm,8.0,mg
1684,Mjuk kaka sockerkaka fin mager,Summa mättade fettsyror,Bullar kakor tårtor mm,3.4,g
1684,Mjuk kaka sockerkaka fin mager,"Kolhydrater, tillgängliga",Bullar kakor tårtor mm,49.0,g
1684,Mjuk kaka sockerkaka fin mager,Kolesterol,Bullar kakor tårtor mm,57.4,mg
1684,Mjuk kaka sockerkaka fin mager,"Kalium, K",Bullar kakor tårtor mm,68.0,mg
1684,Mjuk kaka sockerkaka fin mager,"Jod, I",Bullar kakor tårtor mm,7.5,µg
1684,Mjuk kaka sockerkaka fin mager,Fullkorn totalt,Bullar kakor tårtor mm,0.0,g
1684,Mjuk kaka sockerkaka fin mager,"Folat, totalt",Bullar kakor tårtor mm,13.2,µg
1684,Mjuk kaka sockerkaka fin mager,Fibrer,Bullar kakor tårtor mm,1.0,g
1684,Mjuk kaka sockerkaka fin mager,"Fett, totalt",Bullar kakor tårtor mm,8.3,g
1684,Mjuk kaka sockerkaka fin mager,"Järn, Fe",Bullar kakor tårtor mm,0.5,mg
1684,Mjuk kaka sockerkaka fin mager,Energi (kJ),Bullar kakor tårtor mm,1221.0,kJ
1684,Mjuk kaka sockerkaka fin mager,Energi (kcal),Bullar kakor tårtor mm,292.0,kcal
1684,Mjuk kaka sockerkaka fin mager,Disackarider,Bullar kakor tårtor mm,28.9,g
1684,Mjuk kaka sockerkaka fin mager,"Kalcium, Ca",Bullar kakor tårtor mm,72.0,mg
1684,Mjuk kaka sockerkaka fin mager,Fettsyra 4:0-10:0,Bullar kakor tårtor mm,0.2,g
1684,Mjuk kaka sockerkaka fin mager,DHA (C22:6),Bullar kakor tårtor mm,0.0,g
1684,Mjuk kaka sockerkaka fin mager,DPA (C22:5),Bullar kakor tårtor mm,0.0,g
1684,Mjuk kaka sockerkaka fin mager,EPA (C20:5),Bullar kakor tårtor mm,0.0,g
1684,Mjuk kaka sockerkaka fin mager,Arakidonsyra C20:4,Bullar kakor tårtor mm,0.0,g
1684,Mjuk kaka sockerkaka fin mager,Arakidinsyra C20:0,Bullar kakor tårtor mm,0.0,g
1684,Mjuk kaka sockerkaka fin mager,Linolensyra C18:3,Bullar kakor tårtor mm,0.3,g
1684,Mjuk kaka sockerkaka fin mager,Linolsyra C18:2,Bullar kakor tårtor mm,1.0,g
1684,Mjuk kaka sockerkaka fin mager,Oljesyra C18:1,Bullar kakor tårtor mm,3.0,g
1684,Mjuk kaka sockerkaka fin mager,Stearinsyra C18:0,Bullar kakor tårtor mm,0.4,g
1684,Mjuk kaka sockerkaka fin mager,Palmitoljesyra C16:1,Bullar kakor tårtor mm,0.1,g
1684,Mjuk kaka sockerkaka fin mager,Palmitinsyra C16:0,Bullar kakor tårtor mm,2.2,g
1684,Mjuk kaka sockerkaka fin mager,Myristinsyra C14:0,Bullar kakor tårtor mm,0.2,g
1684,Mjuk kaka sockerkaka fin mager,Laurinsyra C12:0,Bullar kakor tårtor mm,0.2,g
1684,Mjuk kaka sockerkaka fin mager,Betakaroten/β-Karoten,Bullar kakor tårtor mm,37.0,µg
1684,Mjuk kaka sockerkaka fin mager,Avfall (skal etc.),Bullar kakor tårtor mm,2.0,%
1684,Mjuk kaka sockerkaka fin mager,Aska,Bullar kakor tårtor mm,0.8,g
1684,Mjuk kaka sockerkaka fin mager,Alkohol,Bullar kakor tårtor mm,0.0,g
1685,Mjuk kaka sockerkaka saftig,"Zink, Zn",Bullar kakor tårtor mm,0.5,mg
1685,Mjuk kaka sockerkaka saftig,Vitamin E,Bullar kakor tårtor mm,1.8,mg
1685,Mjuk kaka sockerkaka saftig,Vitamin D,Bullar kakor tårtor mm,0.83,µg
1685,Mjuk kaka sockerkaka saftig,Vitamin C,Bullar kakor tårtor mm,1.0,mg
1685,Mjuk kaka sockerkaka saftig,Vitamin B6,Bullar kakor tårtor mm,0.04,mg
1685,Mjuk kaka sockerkaka saftig,Vitamin B12,Bullar kakor tårtor mm,0.3,µg
1685,Mjuk kaka sockerkaka saftig,Vitamin A,Bullar kakor tårtor mm,103.1,RE/µg
1685,Mjuk kaka sockerkaka saftig,Vatten,Bullar kakor tårtor mm,30.5,g
1685,Mjuk kaka sockerkaka saftig,Tiamin,Bullar kakor tårtor mm,0.05,mg
1685,Mjuk kaka sockerkaka saftig,Tillsatt socker,Bullar kakor tårtor mm,30.0,g
1685,Mjuk kaka sockerkaka saftig,Fritt socker,Bullar kakor tårtor mm,30.0,g
1685,Mjuk kaka sockerkaka saftig,"Selen, Se",Bullar kakor tårtor mm,7.0,µg
1685,Mjuk kaka sockerkaka saftig,Sackaros,Bullar kakor tårtor mm,30.2,g
1685,Mjuk kaka sockerkaka saftig,Riboflavin,Bullar kakor tårtor mm,0.09,mg
1685,Mjuk kaka sockerkaka saftig,Retinol,Bullar kakor tårtor mm,99.6,µg
1685,Mjuk kaka sockerkaka saftig,Protein,Bullar kakor tårtor mm,5.2,g
1685,Mjuk kaka sockerkaka saftig,Summa fleromättade fettsyror,Bullar kakor tårtor mm,1.6,g
1685,Mjuk kaka sockerkaka saftig,"Fosfor, P",Bullar kakor tårtor mm,210.0,mg
1685,Mjuk kaka sockerkaka saftig,Niacinekvivalenter,Bullar kakor tårtor mm,1.36,NE/mg
1685,Mjuk kaka sockerkaka saftig,Niacin,Bullar kakor tårtor mm,0.27,mg
1685,Mjuk kaka sockerkaka saftig,"Salt, NaCl",Bullar kakor tårtor mm,0.4,g
1685,Mjuk kaka sockerkaka saftig,"Natrium, Na",Bullar kakor tårtor mm,174.0,mg
1685,Mjuk kaka sockerkaka saftig,Monosackarider,Bullar kakor tårtor mm,0.1,g
1685,Mjuk kaka sockerkaka saftig,"Sockerarter, totalt",Bullar kakor tårtor mm,31.5,g
1685,Mjuk kaka sockerkaka saftig,Summa enkelomättade fettsyror,Bullar kakor tårtor mm,3.2,g
1685,Mjuk kaka sockerkaka saftig,"Magnesium, Mg",Bullar kakor tårtor mm,10.0,mg
1685,Mjuk kaka sockerkaka saftig,Summa mättade fettsyror,Bullar kakor tårtor mm,3.7,g
1685,Mjuk kaka sockerkaka saftig,"Kolhydrater, tillgängliga",Bullar kakor tårtor mm,52.9,g
1685,Mjuk kaka sockerkaka saftig,Kolesterol,Bullar kakor tårtor mm,62.1,mg
1685,Mjuk kaka sockerkaka saftig,"Kalium, K",Bullar kakor tårtor mm,100.0,mg
1685,Mjuk kaka sockerkaka saftig,"Jod, I",Bullar kakor tårtor mm,11.4,µg
1685,Mjuk kaka sockerkaka saftig,Fullkorn totalt,Bullar kakor tårtor mm,0.0,g
1685,Mjuk kaka sockerkaka saftig,"Folat, totalt",Bullar kakor tårtor mm,14.7,µg
1685,Mjuk kaka sockerkaka saftig,Fibrer,Bullar kakor tårtor mm,1.1,g
1685,Mjuk kaka sockerkaka saftig,"Fett, totalt",Bullar kakor tårtor mm,9.1,g
1685,Mjuk kaka sockerkaka saftig,"Järn, Fe",Bullar kakor tårtor mm,0.5,mg
1685,Mjuk kaka sockerkaka saftig,Energi (kJ),Bullar kakor tårtor mm,1334.0,kJ
1685,Mjuk kaka sockerkaka saftig,Energi (kcal),Bullar kakor tårtor mm,319.0,kcal
1685,Mjuk kaka sockerkaka saftig,Disackarider,Bullar kakor tårtor mm,31.4,g
1685,Mjuk kaka sockerkaka saftig,"Kalcium, Ca",Bullar kakor tårtor mm,127.0,mg
1685,Mjuk kaka sockerkaka saftig,Fettsyra 4:0-10:0,Bullar kakor tårtor mm,0.2,g
1685,Mjuk kaka sockerkaka saftig,DHA (C22:6),Bullar kakor tårtor mm,0.0,g
1685,Mjuk kaka sockerkaka saftig,DPA (C22:5),Bullar kakor tårtor mm,0.0,g
1685,Mjuk kaka sockerkaka saftig,EPA (C20:5),Bullar kakor tårtor mm,0.0,g
1685,Mjuk kaka sockerkaka saftig,Arakidonsyra C20:4,Bullar kakor tårtor mm,0.0,g
1685,Mjuk kaka sockerkaka saftig,Arakidinsyra C20:0,Bullar kakor tårtor mm,0.0,g
1685,Mjuk kaka sockerkaka saftig,Linolensyra C18:3,Bullar kakor tårtor mm,0.3,g
1685,Mjuk kaka sockerkaka saftig,Linolsyra C18:2,Bullar kakor tårtor mm,1.1,g
1685,Mjuk kaka sockerkaka saftig,Oljesyra C18:1,Bullar kakor tårtor mm,3.2,g
1685,Mjuk kaka sockerkaka saftig,Stearinsyra C18:0,Bullar kakor tårtor mm,0.5,g
1685,Mjuk kaka sockerkaka saftig,Palmitoljesyra C16:1,Bullar kakor tårtor mm,0.1,g
1685,Mjuk kaka sockerkaka saftig,Palmitinsyra C16:0,Bullar kakor tårtor mm,2.4,g
1685,Mjuk kaka sockerkaka saftig,Myristinsyra C14:0,Bullar kakor tårtor mm,0.3,g
1685,Mjuk kaka sockerkaka saftig,Laurinsyra C12:0,Bullar kakor tårtor mm,0.2,g
1685,Mjuk kaka sockerkaka saftig,Betakaroten/β-Karoten,Bullar kakor tårtor mm,41.0,µg
1685,Mjuk kaka sockerkaka saftig,Avfall (skal etc.),Bullar kakor tårtor mm,2.0,%
1685,Mjuk kaka sockerkaka saftig,Aska,Bullar kakor tårtor mm,1.1,g
1685,Mjuk kaka sockerkaka saftig,Alkohol,Bullar kakor tårtor mm,0.0,g
1686,Kex digestive fullkorn 23%,"Zink, Zn",Smörgåskex,0.6,mg
1686,Kex digestive fullkorn 23%,Vitamin E,Smörgåskex,3.4,mg
1686,Kex digestive fullkorn 23%,Vitamin D inkl 25-OH-D3,Smörgåskex,0.0,µg
1686,Kex digestive fullkorn 23%,Vitamin D,Smörgåskex,0.0,µg
1686,Kex digestive fullkorn 23%,Vitamin C,Smörgåskex,0.0,mg
1686,Kex digestive fullkorn 23%,Vitamin B6,Smörgåskex,0.12,mg
1686,Kex digestive fullkorn 23%,Vitamin B12,Smörgåskex,0.13,µg
1686,Kex digestive fullkorn 23%,Vitamin A,Smörgåskex,0.4,RE/µg
1686,Kex digestive fullkorn 23%,Vatten,Smörgåskex,2.3,g
1686,Kex digestive fullkorn 23%,Tiamin,Smörgåskex,0.04,mg
1686,Kex digestive fullkorn 23%,Tillsatt socker,Smörgåskex,17.0,g
1686,Kex digestive fullkorn 23%,Fritt socker,Smörgåskex,17.0,g
1686,Kex digestive fullkorn 23%,"Selen, Se",Smörgåskex,1.9,µg
1686,Kex digestive fullkorn 23%,Sackaros,Smörgåskex,16.0,g
1686,Kex digestive fullkorn 23%,Riboflavin,Smörgåskex,0.03,mg
1686,Kex digestive fullkorn 23%,Retinol,Smörgåskex,0.0,µg
1686,Kex digestive fullkorn 23%,Protein,Smörgåskex,6.4,g
1686,Kex digestive fullkorn 23%,Summa fleromättade fettsyror,Smörgåskex,2.3,g
1686,Kex digestive fullkorn 23%,"Fosfor, P",Smörgåskex,96.0,mg
1686,Kex digestive fullkorn 23%,Niacinekvivalenter,Smörgåskex,3.4,NE/mg
1686,Kex digestive fullkorn 23%,Niacin,Smörgåskex,1.78,mg
1686,Kex digestive fullkorn 23%,"Salt, NaCl",Smörgåskex,1.6,g
1686,Kex digestive fullkorn 23%,"Natrium, Na",Smörgåskex,646.0,mg
1686,Kex digestive fullkorn 23%,Monosackarider,Smörgåskex,0.7,g
1686,Kex digestive fullkorn 23%,"Sockerarter, totalt",Smörgåskex,16.7,g
1686,Kex digestive fullkorn 23%,Summa enkelomättade fettsyror,Smörgåskex,8.4,g
1686,Kex digestive fullkorn 23%,"Magnesium, Mg",Smörgåskex,22.0,mg
1686,Kex digestive fullkorn 23%,Summa mättade fettsyror,Smörgåskex,7.9,g
1686,Kex digestive fullkorn 23%,"Kolhydrater, tillgängliga",Smörgåskex,66.1,g
1686,Kex digestive fullkorn 23%,Kolesterol,Smörgåskex,0.0,mg
1686,Kex digestive fullkorn 23%,"Kalium, K",Smörgåskex,170.0,mg
1686,Kex digestive fullkorn 23%,"Jod, I",Smörgåskex,3.0,µg
1686,Kex digestive fullkorn 23%,Fullkorn totalt,Smörgåskex,23.0,g
1686,Kex digestive fullkorn 23%,"Folat, totalt",Smörgåskex,18.7,µg
1686,Kex digestive fullkorn 23%,Fibrer,Smörgåskex,3.4,g
1686,Kex digestive fullkorn 23%,"Fett, totalt",Smörgåskex,19.8,g
1686,Kex digestive fullkorn 23%,"Järn, Fe",Smörgåskex,1.4,mg
1686,Kex digestive fullkorn 23%,Energi (kJ),Smörgåskex,1991.0,kJ
1686,Kex digestive fullkorn 23%,Energi (kcal),Smörgåskex,476.0,kcal
1686,Kex digestive fullkorn 23%,Disackarider,Smörgåskex,16.0,g
1686,Kex digestive fullkorn 23%,"Kalcium, Ca",Smörgåskex,60.0,mg
1686,Kex digestive fullkorn 23%,Fettsyra 4:0-10:0,Smörgåskex,0.0,g
1686,Kex digestive fullkorn 23%,DHA (C22:6),Smörgåskex,0.0,g
1686,Kex digestive fullkorn 23%,DPA (C22:5),Smörgåskex,0.0,g
1686,Kex digestive fullkorn 23%,EPA (C20:5),Smörgåskex,0.0,g
1686,Kex digestive fullkorn 23%,Arakidonsyra C20:4,Smörgåskex,0.0,g
1686,Kex digestive fullkorn 23%,Arakidinsyra C20:0,Smörgåskex,0.1,g
1686,Kex digestive fullkorn 23%,Linolensyra C18:3,Smörgåskex,0.1,g
1686,Kex digestive fullkorn 23%,Linolsyra C18:2,Smörgåskex,2.2,g
1686,Kex digestive fullkorn 23%,Oljesyra C18:1,Smörgåskex,8.3,g
1686,Kex digestive fullkorn 23%,Stearinsyra C18:0,Smörgåskex,2.0,g
1686,Kex digestive fullkorn 23%,Palmitoljesyra C16:1,Smörgåskex,0.0,g
1686,Kex digestive fullkorn 23%,Palmitinsyra C16:0,Smörgåskex,5.5,g
1686,Kex digestive fullkorn 23%,Myristinsyra C14:0,Smörgåskex,0.1,g
1686,Kex digestive fullkorn 23%,Laurinsyra C12:0,Smörgåskex,0.0,g
1686,Kex digestive fullkorn 23%,Betakaroten/β-Karoten,Smörgåskex,4.0,µg
1686,Kex digestive fullkorn 23%,Avfall (skal etc.),Smörgåskex,0.0,%
1686,Kex digestive fullkorn 23%,Aska,Smörgåskex,2.0,g
1686,Kex digestive fullkorn 23%,Alkohol,Smörgåskex,0.0,g
1687,Mjuk kaka fruktkaka,"Zink, Zn",Bullar kakor tårtor mm,0.5,mg
1687,Mjuk kaka fruktkaka,Vitamin E,Bullar kakor tårtor mm,4.4,mg
1687,Mjuk kaka fruktkaka,Vitamin D,Bullar kakor tårtor mm,1.51,µg
1687,Mjuk kaka fruktkaka,Vitamin C,Bullar kakor tårtor mm,0.6,mg
1687,Mjuk kaka fruktkaka,Vitamin B6,Bullar kakor tårtor mm,0.05,mg
1687,Mjuk kaka fruktkaka,Vitamin B12,Bullar kakor tårtor mm,0.23,µg
1687,Mjuk kaka fruktkaka,Vitamin A,Bullar kakor tårtor mm,199.0,RE/µg
1687,Mjuk kaka fruktkaka,Vatten,Bullar kakor tårtor mm,25.4,g
1687,Mjuk kaka fruktkaka,Tiamin,Bullar kakor tårtor mm,0.04,mg
1687,Mjuk kaka fruktkaka,Tillsatt socker,Bullar kakor tårtor mm,15.0,g
1687,Mjuk kaka fruktkaka,Fritt socker,Bullar kakor tårtor mm,15.0,g
1687,Mjuk kaka fruktkaka,"Selen, Se",Bullar kakor tårtor mm,5.7,µg
1687,Mjuk kaka fruktkaka,Sackaros,Bullar kakor tårtor mm,15.4,g
1687,Mjuk kaka fruktkaka,Riboflavin,Bullar kakor tårtor mm,0.09,mg
1687,Mjuk kaka fruktkaka,Retinol,Bullar kakor tårtor mm,185.7,µg
1687,Mjuk kaka fruktkaka,Protein,Bullar kakor tårtor mm,5.0,g
1687,Mjuk kaka fruktkaka,Summa fleromättade fettsyror,Bullar kakor tårtor mm,3.5,g
1687,Mjuk kaka fruktkaka,"Fosfor, P",Bullar kakor tårtor mm,132.0,mg
1687,Mjuk kaka fruktkaka,Niacinekvivalenter,Bullar kakor tårtor mm,1.81,NE/mg
1687,Mjuk kaka fruktkaka,Niacin,Bullar kakor tårtor mm,0.79,mg
1687,Mjuk kaka fruktkaka,"Salt, NaCl",Bullar kakor tårtor mm,0.4,g
1687,Mjuk kaka fruktkaka,"Natrium, Na",Bullar kakor tårtor mm,176.0,mg
1687,Mjuk kaka fruktkaka,Monosackarider,Bullar kakor tårtor mm,11.3,g
1687,Mjuk kaka fruktkaka,"Sockerarter, totalt",Bullar kakor tårtor mm,27.1,g
1687,Mjuk kaka fruktkaka,Summa enkelomättade fettsyror,Bullar kakor tårtor mm,8.4,g
1687,Mjuk kaka fruktkaka,"Magnesium, Mg",Bullar kakor tårtor mm,23.0,mg
1687,Mjuk kaka fruktkaka,Summa mättade fettsyror,Bullar kakor tårtor mm,8.3,g
1687,Mjuk kaka fruktkaka,"Kolhydrater, tillgängliga",Bullar kakor tårtor mm,42.9,g
1687,Mjuk kaka fruktkaka,Kolesterol,Bullar kakor tårtor mm,68.3,mg
1687,Mjuk kaka fruktkaka,"Kalium, K",Bullar kakor tårtor mm,291.0,mg
1687,Mjuk kaka fruktkaka,"Jod, I",Bullar kakor tårtor mm,16.6,µg
1687,Mjuk kaka fruktkaka,Fullkorn totalt,Bullar kakor tårtor mm,0.0,g
1687,Mjuk kaka fruktkaka,"Folat, totalt",Bullar kakor tårtor mm,15.2,µg
1687,Mjuk kaka fruktkaka,Fibrer,Bullar kakor tårtor mm,2.8,g
1687,Mjuk kaka fruktkaka,"Fett, totalt",Bullar kakor tårtor mm,21.1,g
1687,Mjuk kaka fruktkaka,"Järn, Fe",Bullar kakor tårtor mm,0.9,mg
1687,Mjuk kaka fruktkaka,Energi (kJ),Bullar kakor tårtor mm,1619.0,kJ
1687,Mjuk kaka fruktkaka,Energi (kcal),Bullar kakor tårtor mm,387.0,kcal
1687,Mjuk kaka fruktkaka,Disackarider,Bullar kakor tårtor mm,15.6,g
1687,Mjuk kaka fruktkaka,"Kalcium, Ca",Bullar kakor tårtor mm,68.0,mg
1687,Mjuk kaka fruktkaka,Fettsyra 4:0-10:0,Bullar kakor tårtor mm,0.4,g
1687,Mjuk kaka fruktkaka,DHA (C22:6),Bullar kakor tårtor mm,0.0,g
1687,Mjuk kaka fruktkaka,DPA (C22:5),Bullar kakor tårtor mm,0.0,g
1687,Mjuk kaka fruktkaka,EPA (C20:5),Bullar kakor tårtor mm,0.0,g
1687,Mjuk kaka fruktkaka,Arakidonsyra C20:4,Bullar kakor tårtor mm,0.0,g
1687,Mjuk kaka fruktkaka,Arakidinsyra C20:0,Bullar kakor tårtor mm,0.0,g
1687,Mjuk kaka fruktkaka,Linolensyra C18:3,Bullar kakor tårtor mm,0.6,g
1687,Mjuk kaka fruktkaka,Linolsyra C18:2,Bullar kakor tårtor mm,2.4,g
1687,Mjuk kaka fruktkaka,Oljesyra C18:1,Bullar kakor tårtor mm,8.6,g
1687,Mjuk kaka fruktkaka,Stearinsyra C18:0,Bullar kakor tårtor mm,1.0,g
1687,Mjuk kaka fruktkaka,Palmitoljesyra C16:1,Bullar kakor tårtor mm,0.1,g
1687,Mjuk kaka fruktkaka,Palmitinsyra C16:0,Bullar kakor tårtor mm,5.3,g
1687,Mjuk kaka fruktkaka,Myristinsyra C14:0,Bullar kakor tårtor mm,0.6,g
1687,Mjuk kaka fruktkaka,Laurinsyra C12:0,Bullar kakor tårtor mm,0.5,g
1687,Mjuk kaka fruktkaka,Betakaroten/β-Karoten,Bullar kakor tårtor mm,152.0,µg
1687,Mjuk kaka fruktkaka,Avfall (skal etc.),Bullar kakor tårtor mm,4.0,%
1687,Mjuk kaka fruktkaka,Aska,Bullar kakor tårtor mm,2.6,g
1687,Mjuk kaka fruktkaka,Alkohol,Bullar kakor tårtor mm,0.0,g
1689,Glass gräddglass fett 12%,"Zink, Zn",Glass,0.3,mg
1689,Glass gräddglass fett 12%,Vitamin E,Glass,0.3,mg
1689,Glass gräddglass fett 12%,Vitamin D,Glass,0.0,µg
1689,Glass gräddglass fett 12%,Vitamin C,Glass,0.0,mg
1689,Glass gräddglass fett 12%,Vitamin B6,Glass,0.04,mg
1689,Glass gräddglass fett 12%,Vitamin B12,Glass,0.43,µg
1689,Glass gräddglass fett 12%,Vitamin A,Glass,108.5,RE/µg
1689,Glass gräddglass fett 12%,Vatten,Glass,61.6,g
1689,Glass gräddglass fett 12%,Tiamin,Glass,0.04,mg
1689,Glass gräddglass fett 12%,Tillsatt socker,Glass,14.0,g
1689,Glass gräddglass fett 12%,Fritt socker,Glass,14.0,g
1689,Glass gräddglass fett 12%,"Selen, Se",Glass,0.0,µg
1689,Glass gräddglass fett 12%,Sackaros,Glass,9.8,g
1689,Glass gräddglass fett 12%,Riboflavin,Glass,0.17,mg
1689,Glass gräddglass fett 12%,Retinol,Glass,105.0,µg
1689,Glass gräddglass fett 12%,Protein,Glass,3.2,g
1689,Glass gräddglass fett 12%,Summa fleromättade fettsyror,Glass,0.3,g
1689,Glass gräddglass fett 12%,"Fosfor, P",Glass,91.0,mg
1689,Glass gräddglass fett 12%,Niacinekvivalenter,Glass,0.9,NE/mg
1689,Glass gräddglass fett 12%,Niacin,Glass,0.13,mg
1689,Glass gräddglass fett 12%,"Salt, NaCl",Glass,0.1,g
1689,Glass gräddglass fett 12%,"Natrium, Na",Glass,54.0,mg
1689,Glass gräddglass fett 12%,Monosackarider,Glass,3.0,g
1689,Glass gräddglass fett 12%,"Sockerarter, totalt",Glass,19.5,g
1689,Glass gräddglass fett 12%,Summa enkelomättade fettsyror,Glass,2.0,g
1689,Glass gräddglass fett 12%,"Magnesium, Mg",Glass,12.0,mg
1689,Glass gräddglass fett 12%,Summa mättade fettsyror,Glass,6.1,g
1689,Glass gräddglass fett 12%,"Kolhydrater, tillgängliga",Glass,25.1,g
1689,Glass gräddglass fett 12%,Kolesterol,Glass,30.7,mg
1689,Glass gräddglass fett 12%,"Kalium, K",Glass,188.0,mg
1689,Glass gräddglass fett 12%,"Jod, I",Glass,18.6,µg
1689,Glass gräddglass fett 12%,Fullkorn totalt,Glass,0.0,g
1689,Glass gräddglass fett 12%,"Folat, totalt",Glass,8.5,µg
1689,Glass gräddglass fett 12%,Fibrer,Glass,0.0,g
1689,Glass gräddglass fett 12%,"Fett, totalt",Glass,9.2,g
1689,Glass gräddglass fett 12%,"Järn, Fe",Glass,0.1,mg
1689,Glass gräddglass fett 12%,Energi (kJ),Glass,821.0,kJ
1689,Glass gräddglass fett 12%,Energi (kcal),Glass,196.0,kcal
1689,Glass gräddglass fett 12%,Disackarider,Glass,16.5,g
1689,Glass gräddglass fett 12%,"Kalcium, Ca",Glass,141.0,mg
1689,Glass gräddglass fett 12%,Fettsyra 4:0-10:0,Glass,0.7,g
1689,Glass gräddglass fett 12%,DHA (C22:6),Glass,0.0,g
1689,Glass gräddglass fett 12%,DPA (C22:5),Glass,0.0,g
1689,Glass gräddglass fett 12%,EPA (C20:5),Glass,0.0,g
1689,Glass gräddglass fett 12%,Arakidonsyra C20:4,Glass,0.0,g
1689,Glass gräddglass fett 12%,Arakidinsyra C20:0,Glass,0.0,g
1689,Glass gräddglass fett 12%,Linolensyra C18:3,Glass,0.1,g
1689,Glass gräddglass fett 12%,Linolsyra C18:2,Glass,0.3,g
1689,Glass gräddglass fett 12%,Oljesyra C18:1,Glass,1.7,g
1689,Glass gräddglass fett 12%,Stearinsyra C18:0,Glass,1.0,g
1689,Glass gräddglass fett 12%,Palmitoljesyra C16:1,Glass,0.1,g
1689,Glass gräddglass fett 12%,Palmitinsyra C16:0,Glass,2.8,g
1689,Glass gräddglass fett 12%,Myristinsyra C14:0,Glass,0.9,g
1689,Glass gräddglass fett 12%,Laurinsyra C12:0,Glass,0.3,g
1689,Glass gräddglass fett 12%,Betakaroten/β-Karoten,Glass,42.0,µg
1689,Glass gräddglass fett 12%,Avfall (skal etc.),Glass,0.0,%
1689,Glass gräddglass fett 12%,Aska,Glass,0.9,g
1689,Glass gräddglass fett 12%,Alkohol,Glass,0.0,g
1690,Glass vaniljsmak fett ca 8%,"Zink, Zn",Glass,0.2,mg
1690,Glass vaniljsmak fett ca 8%,Vitamin E,Glass,0.3,mg
1690,Glass vaniljsmak fett ca 8%,Vitamin D,Glass,0.0,µg
1690,Glass vaniljsmak fett ca 8%,Vitamin C,Glass,0.0,mg
1690,Glass vaniljsmak fett ca 8%,Vitamin B6,Glass,0.05,mg
1690,Glass vaniljsmak fett ca 8%,Vitamin B12,Glass,0.3,µg
1690,Glass vaniljsmak fett ca 8%,Vitamin A,Glass,5.7,RE/µg
1690,Glass vaniljsmak fett ca 8%,Vatten,Glass,63.3,g
1690,Glass vaniljsmak fett ca 8%,Tiamin,Glass,0.05,mg
1690,Glass vaniljsmak fett ca 8%,Tillsatt socker,Glass,17.0,g
1690,Glass vaniljsmak fett ca 8%,Fritt socker,Glass,17.0,g
1690,Glass vaniljsmak fett ca 8%,"Selen, Se",Glass,0.0,µg
1690,Glass vaniljsmak fett ca 8%,Sackaros,Glass,8.5,g
1690,Glass vaniljsmak fett ca 8%,Riboflavin,Glass,0.16,mg
1690,Glass vaniljsmak fett ca 8%,Retinol,Glass,0.0,µg
1690,Glass vaniljsmak fett ca 8%,Protein,Glass,2.5,g
1690,Glass vaniljsmak fett ca 8%,Summa fleromättade fettsyror,Glass,0.2,g
1690,Glass vaniljsmak fett ca 8%,"Fosfor, P",Glass,89.0,mg
1690,Glass vaniljsmak fett ca 8%,Niacinekvivalenter,Glass,0.7,NE/mg
1690,Glass vaniljsmak fett ca 8%,Niacin,Glass,0.12,mg
1690,Glass vaniljsmak fett ca 8%,"Salt, NaCl",Glass,0.1,g
1690,Glass vaniljsmak fett ca 8%,"Natrium, Na",Glass,49.0,mg
1690,Glass vaniljsmak fett ca 8%,Monosackarider,Glass,5.8,g
1690,Glass vaniljsmak fett ca 8%,"Sockerarter, totalt",Glass,21.6,g
1690,Glass vaniljsmak fett ca 8%,Summa enkelomättade fettsyror,Glass,0.8,g
1690,Glass vaniljsmak fett ca 8%,"Magnesium, Mg",Glass,12.0,mg
1690,Glass vaniljsmak fett ca 8%,Summa mättade fettsyror,Glass,5.2,g
1690,Glass vaniljsmak fett ca 8%,"Kolhydrater, tillgängliga",Glass,27.0,g
1690,Glass vaniljsmak fett ca 8%,Kolesterol,Glass,3.5,mg
1690,Glass vaniljsmak fett ca 8%,"Kalium, K",Glass,156.0,mg
1690,Glass vaniljsmak fett ca 8%,"Jod, I",Glass,10.6,µg
1690,Glass vaniljsmak fett ca 8%,Fullkorn totalt,Glass,0.0,g
1690,Glass vaniljsmak fett ca 8%,"Folat, totalt",Glass,7.9,µg
1690,Glass vaniljsmak fett ca 8%,Fibrer,Glass,0.0,g
1690,Glass vaniljsmak fett ca 8%,"Fett, totalt",Glass,6.5,g
1690,Glass vaniljsmak fett ca 8%,"Järn, Fe",Glass,0.0,mg
1690,Glass vaniljsmak fett ca 8%,Energi (kJ),Glass,741.0,kJ
1690,Glass vaniljsmak fett ca 8%,Energi (kcal),Glass,177.0,kcal
1690,Glass vaniljsmak fett ca 8%,Disackarider,Glass,15.9,g
1690,Glass vaniljsmak fett ca 8%,"Kalcium, Ca",Glass,104.0,mg
1690,Glass vaniljsmak fett ca 8%,Fettsyra 4:0-10:0,Glass,0.7,g
1690,Glass vaniljsmak fett ca 8%,DHA (C22:6),Glass,0.0,g
1690,Glass vaniljsmak fett ca 8%,DPA (C22:5),Glass,0.0,g
1690,Glass vaniljsmak fett ca 8%,EPA (C20:5),Glass,0.0,g
1690,Glass vaniljsmak fett ca 8%,Arakidonsyra C20:4,Glass,0.0,g
1690,Glass vaniljsmak fett ca 8%,Arakidinsyra C20:0,Glass,0.0,g
1690,Glass vaniljsmak fett ca 8%,Linolensyra C18:3,Glass,0.0,g
1690,Glass vaniljsmak fett ca 8%,Linolsyra C18:2,Glass,0.2,g
1690,Glass vaniljsmak fett ca 8%,Oljesyra C18:1,Glass,0.8,g
1690,Glass vaniljsmak fett ca 8%,Stearinsyra C18:0,Glass,0.3,g
1690,Glass vaniljsmak fett ca 8%,Palmitoljesyra C16:1,Glass,0.0,g
1690,Glass vaniljsmak fett ca 8%,Palmitinsyra C16:0,Glass,1.0,g
1690,Glass vaniljsmak fett ca 8%,Myristinsyra C14:0,Glass,0.9,g
1690,Glass vaniljsmak fett ca 8%,Laurinsyra C12:0,Glass,2.2,g
1690,Glass vaniljsmak fett ca 8%,Betakaroten/β-Karoten,Glass,61.0,µg
1690,Glass vaniljsmak fett ca 8%,Avfall (skal etc.),Glass,0.0,%
1690,Glass vaniljsmak fett ca 8%,Aska,Glass,0.7,g
1690,Glass vaniljsmak fett ca 8%,Alkohol,Glass,0.0,g
1691,Glass fett ca 10%,"Zink, Zn",Glass,0.5,mg
1691,Glass fett ca 10%,Vitamin E,Glass,2.0,mg
1691,Glass fett ca 10%,Vitamin D,Glass,0.0,µg
1691,Glass fett ca 10%,Vitamin C,Glass,0.0,mg
1691,Glass fett ca 10%,Vitamin B6,Glass,0.05,mg
1691,Glass fett ca 10%,Vitamin B12,Glass,0.5,µg
1691,Glass fett ca 10%,Vitamin A,Glass,2.0,RE/µg
1691,Glass fett ca 10%,Vatten,Glass,63.2,g
1691,Glass fett ca 10%,Tiamin,Glass,0.03,mg
1691,Glass fett ca 10%,Tillsatt socker,Glass,12.0,g
1691,Glass fett ca 10%,Fritt socker,Glass,12.0,g
1691,Glass fett ca 10%,"Selen, Se",Glass,0.1,µg
1691,Glass fett ca 10%,Sackaros,Glass,7.0,g
1691,Glass fett ca 10%,Riboflavin,Glass,0.15,mg
1691,Glass fett ca 10%,Retinol,Glass,2.0,µg
1691,Glass fett ca 10%,Protein,Glass,3.3,g
1691,Glass fett ca 10%,Summa fleromättade fettsyror,Glass,1.9,g
1691,Glass fett ca 10%,"Fosfor, P",Glass,84.0,mg
1691,Glass fett ca 10%,Niacinekvivalenter,Glass,0.87,NE/mg
1691,Glass fett ca 10%,Niacin,Glass,0.1,mg
1691,Glass fett ca 10%,"Salt, NaCl",Glass,0.1,g
1691,Glass fett ca 10%,"Natrium, Na",Glass,48.0,mg
1691,Glass fett ca 10%,Monosackarider,Glass,3.3,g
1691,Glass fett ca 10%,"Sockerarter, totalt",Glass,16.5,g
1691,Glass fett ca 10%,Summa enkelomättade fettsyror,Glass,4.3,g
1691,Glass fett ca 10%,"Magnesium, Mg",Glass,14.0,mg
1691,Glass fett ca 10%,Summa mättade fettsyror,Glass,2.9,g
1691,Glass fett ca 10%,"Kolhydrater, tillgängliga",Glass,23.1,g
1691,Glass fett ca 10%,Kolesterol,Glass,2.0,mg
1691,Glass fett ca 10%,"Kalium, K",Glass,146.0,mg
1691,Glass fett ca 10%,"Jod, I",Glass,10.6,µg
1691,Glass fett ca 10%,Fullkorn totalt,Glass,0.0,g
1691,Glass fett ca 10%,"Folat, totalt",Glass,2.0,µg
1691,Glass fett ca 10%,Fibrer,Glass,0.0,g
1691,Glass fett ca 10%,"Fett, totalt",Glass,9.7,g
1691,Glass fett ca 10%,"Järn, Fe",Glass,0.1,mg
1691,Glass fett ca 10%,Energi (kJ),Glass,807.0,kJ
1691,Glass fett ca 10%,Energi (kcal),Glass,193.0,kcal
1691,Glass fett ca 10%,Disackarider,Glass,13.2,g
1691,Glass fett ca 10%,"Kalcium, Ca",Glass,101.0,mg
1691,Glass fett ca 10%,Fettsyra 4:0-10:0,Glass,0.1,g
1691,Glass fett ca 10%,DHA (C22:6),Glass,0.0,g
1691,Glass fett ca 10%,DPA (C22:5),Glass,0.0,g
1691,Glass fett ca 10%,EPA (C20:5),Glass,0.0,g
1691,Glass fett ca 10%,Arakidonsyra C20:4,Glass,0.0,g
1691,Glass fett ca 10%,Arakidinsyra C20:0,Glass,0.0,g
1691,Glass fett ca 10%,Linolensyra C18:3,Glass,0.1,g
1691,Glass fett ca 10%,Linolsyra C18:2,Glass,1.8,g
1691,Glass fett ca 10%,Oljesyra C18:1,Glass,4.3,g
1691,Glass fett ca 10%,Stearinsyra C18:0,Glass,1.2,g
1691,Glass fett ca 10%,Palmitoljesyra C16:1,Glass,0.0,g
1691,Glass fett ca 10%,Palmitinsyra C16:0,Glass,1.2,g
1691,Glass fett ca 10%,Myristinsyra C14:0,Glass,0.1,g
1691,Glass fett ca 10%,Laurinsyra C12:0,Glass,0.2,g
1691,Glass fett ca 10%,Betakaroten/β-Karoten,Glass,0.0,µg
1691,Glass fett ca 10%,Avfall (skal etc.),Glass,0.0,%
1691,Glass fett ca 10%,Aska,Glass,0.7,g
1691,Glass fett ca 10%,Alkohol,Glass,0.0,g
1692,Glass glasstrut fett ca 15%,"Zink, Zn",Glass,0.5,mg
1692,Glass glasstrut fett ca 15%,Vitamin E,Glass,0.8,mg
1692,Glass glasstrut fett ca 15%,Vitamin D,Glass,0.1,µg
1692,Glass glasstrut fett ca 15%,Vitamin C,Glass,0.6,mg
1692,Glass glasstrut fett ca 15%,Vitamin B6,Glass,0.06,mg
1692,Glass glasstrut fett ca 15%,Vitamin B12,Glass,0.33,µg
1692,Glass glasstrut fett ca 15%,Vitamin A,Glass,93.2,RE/µg
1692,Glass glasstrut fett ca 15%,Vatten,Glass,50.3,g
1692,Glass glasstrut fett ca 15%,Tiamin,Glass,0.04,mg
1692,Glass glasstrut fett ca 15%,Tillsatt socker,Glass,11.0,g
1692,Glass glasstrut fett ca 15%,Fritt socker,Glass,11.0,g
1692,Glass glasstrut fett ca 15%,"Selen, Se",Glass,0.3,µg
1692,Glass glasstrut fett ca 15%,Sackaros,Glass,10.7,g
1692,Glass glasstrut fett ca 15%,Riboflavin,Glass,0.14,mg
1692,Glass glasstrut fett ca 15%,Retinol,Glass,89.0,µg
1692,Glass glasstrut fett ca 15%,Protein,Glass,4.0,g
1692,Glass glasstrut fett ca 15%,Summa fleromättade fettsyror,Glass,0.6,g
1692,Glass glasstrut fett ca 15%,"Fosfor, P",Glass,93.0,mg
1692,Glass glasstrut fett ca 15%,Niacinekvivalenter,Glass,1.04,NE/mg
1692,Glass glasstrut fett ca 15%,Niacin,Glass,0.1,mg
1692,Glass glasstrut fett ca 15%,"Salt, NaCl",Glass,0.2,g
1692,Glass glasstrut fett ca 15%,"Natrium, Na",Glass,67.0,mg
1692,Glass glasstrut fett ca 15%,Monosackarider,Glass,0.0,g
1692,Glass glasstrut fett ca 15%,"Sockerarter, totalt",Glass,13.6,g
1692,Glass glasstrut fett ca 15%,Summa enkelomättade fettsyror,Glass,3.1,g
1692,Glass glasstrut fett ca 15%,"Magnesium, Mg",Glass,15.0,mg
1692,Glass glasstrut fett ca 15%,Summa mättade fettsyror,Glass,8.0,g
1692,Glass glasstrut fett ca 15%,"Kolhydrater, tillgängliga",Glass,29.2,g
1692,Glass glasstrut fett ca 15%,Kolesterol,Glass,48.4,mg
1692,Glass glasstrut fett ca 15%,"Kalium, K",Glass,192.0,mg
1692,Glass glasstrut fett ca 15%,"Jod, I",Glass,10.0,µg
1692,Glass glasstrut fett ca 15%,Fullkorn totalt,Glass,0.0,g
1692,Glass glasstrut fett ca 15%,"Folat, totalt",Glass,2.9,µg
1692,Glass glasstrut fett ca 15%,Fibrer,Glass,0.3,g
1692,Glass glasstrut fett ca 15%,"Fett, totalt",Glass,15.3,g
1692,Glass glasstrut fett ca 15%,"Järn, Fe",Glass,0.2,mg
1692,Glass glasstrut fett ca 15%,Energi (kJ),Glass,1133.0,kJ
1692,Glass glasstrut fett ca 15%,Energi (kcal),Glass,271.0,kcal
1692,Glass glasstrut fett ca 15%,Disackarider,Glass,13.6,g
1692,Glass glasstrut fett ca 15%,"Kalcium, Ca",Glass,95.0,mg
1692,Glass glasstrut fett ca 15%,Fettsyra 4:0-10:0,Glass,0.7,g
1692,Glass glasstrut fett ca 15%,DHA (C22:6),Glass,0.0,g
1692,Glass glasstrut fett ca 15%,DPA (C22:5),Glass,0.0,g
1692,Glass glasstrut fett ca 15%,EPA (C20:5),Glass,0.0,g
1692,Glass glasstrut fett ca 15%,Arakidonsyra C20:4,Glass,0.0,g
1692,Glass glasstrut fett ca 15%,Arakidinsyra C20:0,Glass,0.0,g
1692,Glass glasstrut fett ca 15%,Linolensyra C18:3,Glass,0.1,g
1692,Glass glasstrut fett ca 15%,Linolsyra C18:2,Glass,0.5,g
1692,Glass glasstrut fett ca 15%,Oljesyra C18:1,Glass,2.8,g
1692,Glass glasstrut fett ca 15%,Stearinsyra C18:0,Glass,1.4,g
1692,Glass glasstrut fett ca 15%,Palmitoljesyra C16:1,Glass,0.2,g
1692,Glass glasstrut fett ca 15%,Palmitinsyra C16:0,Glass,3.7,g
1692,Glass glasstrut fett ca 15%,Myristinsyra C14:0,Glass,1.4,g
1692,Glass glasstrut fett ca 15%,Laurinsyra C12:0,Glass,0.6,g
1692,Glass glasstrut fett ca 15%,Betakaroten/β-Karoten,Glass,54.0,µg
1692,Glass glasstrut fett ca 15%,Avfall (skal etc.),Glass,0.0,%
1692,Glass glasstrut fett ca 15%,Aska,Glass,0.9,g
1692,Glass glasstrut fett ca 15%,Alkohol,Glass,0.0,g
1693,Glass lättglass m. sötningsm. fett ca 6%,"Zink, Zn",Glass,0.5,mg
1693,Glass lättglass m. sötningsm. fett ca 6%,Vitamin E,Glass,0.8,mg
1693,Glass lättglass m. sötningsm. fett ca 6%,Vitamin D,Glass,0.0,µg
1693,Glass lättglass m. sötningsm. fett ca 6%,Vitamin C,Glass,0.0,mg
1693,Glass lättglass m. sötningsm. fett ca 6%,Vitamin B6,Glass,0.1,mg
1693,Glass lättglass m. sötningsm. fett ca 6%,Vitamin B12,Glass,0.7,µg
1693,Glass lättglass m. sötningsm. fett ca 6%,Vitamin A,Glass,30.0,RE/µg
1693,Glass lättglass m. sötningsm. fett ca 6%,Vatten,Glass,71.5,g
1693,Glass lättglass m. sötningsm. fett ca 6%,Tiamin,Glass,0.06,mg
1693,Glass lättglass m. sötningsm. fett ca 6%,Tillsatt socker,Glass,0.0,g
1693,Glass lättglass m. sötningsm. fett ca 6%,Fritt socker,Glass,0.0,g
1693,Glass lättglass m. sötningsm. fett ca 6%,"Selen, Se",Glass,0.1,µg
1693,Glass lättglass m. sötningsm. fett ca 6%,Sackaros,Glass,0.6,g
1693,Glass lättglass m. sötningsm. fett ca 6%,Riboflavin,Glass,0.2,mg
1693,Glass lättglass m. sötningsm. fett ca 6%,Retinol,Glass,30.0,µg
1693,Glass lättglass m. sötningsm. fett ca 6%,Protein,Glass,4.3,g
1693,Glass lättglass m. sötningsm. fett ca 6%,Summa fleromättade fettsyror,Glass,0.7,g
1693,Glass lättglass m. sötningsm. fett ca 6%,"Fosfor, P",Glass,125.0,mg
1693,Glass lättglass m. sötningsm. fett ca 6%,Niacinekvivalenter,Glass,1.09,NE/mg
1693,Glass lättglass m. sötningsm. fett ca 6%,Niacin,Glass,0.1,mg
1693,Glass lättglass m. sötningsm. fett ca 6%,"Salt, NaCl",Glass,0.2,g
1693,Glass lättglass m. sötningsm. fett ca 6%,"Natrium, Na",Glass,87.0,mg
1693,Glass lättglass m. sötningsm. fett ca 6%,Monosackarider,Glass,0.0,g
1693,Glass lättglass m. sötningsm. fett ca 6%,"Sockerarter, totalt",Glass,6.3,g
1693,Glass lättglass m. sötningsm. fett ca 6%,Summa enkelomättade fettsyror,Glass,2.2,g
1693,Glass lättglass m. sötningsm. fett ca 6%,"Magnesium, Mg",Glass,14.0,mg
1693,Glass lättglass m. sötningsm. fett ca 6%,Summa mättade fettsyror,Glass,2.3,g
1693,Glass lättglass m. sötningsm. fett ca 6%,"Kolhydrater, tillgängliga",Glass,17.5,g
1693,Glass lättglass m. sötningsm. fett ca 6%,Kolesterol,Glass,12.0,mg
1693,Glass lättglass m. sötningsm. fett ca 6%,"Kalium, K",Glass,214.0,mg
1693,Glass lättglass m. sötningsm. fett ca 6%,"Jod, I",Glass,9.0,µg
1693,Glass lättglass m. sötningsm. fett ca 6%,Fullkorn totalt,Glass,0.0,g
1693,Glass lättglass m. sötningsm. fett ca 6%,"Folat, totalt",Glass,2.0,µg
1693,Glass lättglass m. sötningsm. fett ca 6%,Fibrer,Glass,0.0,g
1693,Glass lättglass m. sötningsm. fett ca 6%,"Fett, totalt",Glass,5.7,g
1693,Glass lättglass m. sötningsm. fett ca 6%,"Järn, Fe",Glass,0.1,mg
1693,Glass lättglass m. sötningsm. fett ca 6%,Energi (kJ),Glass,582.0,kJ
1693,Glass lättglass m. sötningsm. fett ca 6%,Energi (kcal),Glass,139.0,kcal
1693,Glass lättglass m. sötningsm. fett ca 6%,Disackarider,Glass,6.3,g
1693,Glass lättglass m. sötningsm. fett ca 6%,"Kalcium, Ca",Glass,126.0,mg
1693,Glass lättglass m. sötningsm. fett ca 6%,Fettsyra 4:0-10:0,Glass,0.1,g
1693,Glass lättglass m. sötningsm. fett ca 6%,DHA (C22:6),Glass,0.0,g
1693,Glass lättglass m. sötningsm. fett ca 6%,DPA (C22:5),Glass,0.0,g
1693,Glass lättglass m. sötningsm. fett ca 6%,EPA (C20:5),Glass,0.0,g
1693,Glass lättglass m. sötningsm. fett ca 6%,Arakidonsyra C20:4,Glass,0.0,g
1693,Glass lättglass m. sötningsm. fett ca 6%,Arakidinsyra C20:0,Glass,0.0,g
1693,Glass lättglass m. sötningsm. fett ca 6%,Linolensyra C18:3,Glass,0.1,g
1693,Glass lättglass m. sötningsm. fett ca 6%,Linolsyra C18:2,Glass,0.7,g
1693,Glass lättglass m. sötningsm. fett ca 6%,Oljesyra C18:1,Glass,2.1,g
1693,Glass lättglass m. sötningsm. fett ca 6%,Stearinsyra C18:0,Glass,0.8,g
1693,Glass lättglass m. sötningsm. fett ca 6%,Palmitoljesyra C16:1,Glass,0.0,g
1693,Glass lättglass m. sötningsm. fett ca 6%,Palmitinsyra C16:0,Glass,0.9,g
1693,Glass lättglass m. sötningsm. fett ca 6%,Myristinsyra C14:0,Glass,0.2,g
1693,Glass lättglass m. sötningsm. fett ca 6%,Laurinsyra C12:0,Glass,0.2,g
1693,Glass lättglass m. sötningsm. fett ca 6%,Betakaroten/β-Karoten,Glass,0.0,µg
1693,Glass lättglass m. sötningsm. fett ca 6%,Avfall (skal etc.),Glass,0.0,%
1693,Glass lättglass m. sötningsm. fett ca 6%,Aska,Glass,1.0,g
1693,Glass lättglass m. sötningsm. fett ca 6%,Alkohol,Glass,0.0,g
1694,Glass glasstrut våffla m. vaniljglass daimbitar chokladöverdrag,"Zink, Zn",Glass,0.4,mg
1694,Glass glasstrut våffla m. vaniljglass daimbitar chokladöverdrag,Vitamin E,Glass,1.1,mg
1694,Glass glasstrut våffla m. vaniljglass daimbitar chokladöverdrag,Vitamin D,Glass,0.0,µg
1694,Glass glasstrut våffla m. vaniljglass daimbitar chokladöverdrag,Vitamin C,Glass,0.0,mg
1694,Glass glasstrut våffla m. vaniljglass daimbitar chokladöverdrag,Vitamin B6,Glass,0.04,mg
1694,Glass glasstrut våffla m. vaniljglass daimbitar chokladöverdrag,Vitamin B12,Glass,0.19,µg
1694,Glass glasstrut våffla m. vaniljglass daimbitar chokladöverdrag,Vitamin A,Glass,11.2,RE/µg
1694,Glass glasstrut våffla m. vaniljglass daimbitar chokladöverdrag,Vatten,Glass,38.0,g
1694,Glass glasstrut våffla m. vaniljglass daimbitar chokladöverdrag,Tiamin,Glass,0.05,mg
1694,Glass glasstrut våffla m. vaniljglass daimbitar chokladöverdrag,Tillsatt socker,Glass,22.0,g
1694,Glass glasstrut våffla m. vaniljglass daimbitar chokladöverdrag,Fritt socker,Glass,22.0,g
1694,Glass glasstrut våffla m. vaniljglass daimbitar chokladöverdrag,"Selen, Se",Glass,1.5,µg
1694,Glass glasstrut våffla m. vaniljglass daimbitar chokladöverdrag,Sackaros,Glass,19.1,g
1694,Glass glasstrut våffla m. vaniljglass daimbitar chokladöverdrag,Riboflavin,Glass,0.14,mg
1694,Glass glasstrut våffla m. vaniljglass daimbitar chokladöverdrag,Retinol,Glass,10.8,µg
1694,Glass glasstrut våffla m. vaniljglass daimbitar chokladöverdrag,Protein,Glass,3.7,g
1694,Glass glasstrut våffla m. vaniljglass daimbitar chokladöverdrag,Summa fleromättade fettsyror,Glass,0.7,g
1694,Glass glasstrut våffla m. vaniljglass daimbitar chokladöverdrag,"Fosfor, P",Glass,94.0,mg
1694,Glass glasstrut våffla m. vaniljglass daimbitar chokladöverdrag,Niacinekvivalenter,Glass,1.1,NE/mg
1694,Glass glasstrut våffla m. vaniljglass daimbitar chokladöverdrag,Niacin,Glass,0.25,mg
1694,Glass glasstrut våffla m. vaniljglass daimbitar chokladöverdrag,"Salt, NaCl",Glass,0.2,g
1694,Glass glasstrut våffla m. vaniljglass daimbitar chokladöverdrag,"Natrium, Na",Glass,75.0,mg
1694,Glass glasstrut våffla m. vaniljglass daimbitar chokladöverdrag,Monosackarider,Glass,1.7,g
1694,Glass glasstrut våffla m. vaniljglass daimbitar chokladöverdrag,"Sockerarter, totalt",Glass,25.5,g
1694,Glass glasstrut våffla m. vaniljglass daimbitar chokladöverdrag,Summa enkelomättade fettsyror,Glass,5.2,g
1694,Glass glasstrut våffla m. vaniljglass daimbitar chokladöverdrag,"Magnesium, Mg",Glass,20.0,mg
1694,Glass glasstrut våffla m. vaniljglass daimbitar chokladöverdrag,Summa mättade fettsyror,Glass,13.8,g
1694,Glass glasstrut våffla m. vaniljglass daimbitar chokladöverdrag,"Kolhydrater, tillgängliga",Glass,35.1,g
1694,Glass glasstrut våffla m. vaniljglass daimbitar chokladöverdrag,Kolesterol,Glass,5.0,mg
1694,Glass glasstrut våffla m. vaniljglass daimbitar chokladöverdrag,"Kalium, K",Glass,158.0,mg
1694,Glass glasstrut våffla m. vaniljglass daimbitar chokladöverdrag,"Jod, I",Glass,10.0,µg
1694,Glass glasstrut våffla m. vaniljglass daimbitar chokladöverdrag,Fullkorn totalt,Glass,0.0,g
1694,Glass glasstrut våffla m. vaniljglass daimbitar chokladöverdrag,"Folat, totalt",Glass,11.8,µg
1694,Glass glasstrut våffla m. vaniljglass daimbitar chokladöverdrag,Fibrer,Glass,1.6,g
1694,Glass glasstrut våffla m. vaniljglass daimbitar chokladöverdrag,"Fett, totalt",Glass,20.8,g
1694,Glass glasstrut våffla m. vaniljglass daimbitar chokladöverdrag,"Järn, Fe",Glass,0.8,mg
1694,Glass glasstrut våffla m. vaniljglass daimbitar chokladöverdrag,Energi (kJ),Glass,1443.0,kJ
1694,Glass glasstrut våffla m. vaniljglass daimbitar chokladöverdrag,Energi (kcal),Glass,345.0,kcal
1694,Glass glasstrut våffla m. vaniljglass daimbitar chokladöverdrag,Disackarider,Glass,23.8,g
1694,Glass glasstrut våffla m. vaniljglass daimbitar chokladöverdrag,"Kalcium, Ca",Glass,58.0,mg
1694,Glass glasstrut våffla m. vaniljglass daimbitar chokladöverdrag,Fettsyra 4:0-10:0,Glass,1.5,g
1694,Glass glasstrut våffla m. vaniljglass daimbitar chokladöverdrag,DHA (C22:6),Glass,0.0,g
1694,Glass glasstrut våffla m. vaniljglass daimbitar chokladöverdrag,DPA (C22:5),Glass,0.0,g
1694,Glass glasstrut våffla m. vaniljglass daimbitar chokladöverdrag,EPA (C20:5),Glass,0.0,g
1694,Glass glasstrut våffla m. vaniljglass daimbitar chokladöverdrag,Arakidonsyra C20:4,Glass,0.0,g
1694,Glass glasstrut våffla m. vaniljglass daimbitar chokladöverdrag,Arakidinsyra C20:0,Glass,0.1,g
1694,Glass glasstrut våffla m. vaniljglass daimbitar chokladöverdrag,Linolensyra C18:3,Glass,0.0,g
1694,Glass glasstrut våffla m. vaniljglass daimbitar chokladöverdrag,Linolsyra C18:2,Glass,0.7,g
1694,Glass glasstrut våffla m. vaniljglass daimbitar chokladöverdrag,Oljesyra C18:1,Glass,5.1,g
1694,Glass glasstrut våffla m. vaniljglass daimbitar chokladöverdrag,Stearinsyra C18:0,Glass,2.8,g
1694,Glass glasstrut våffla m. vaniljglass daimbitar chokladöverdrag,Palmitoljesyra C16:1,Glass,0.0,g
1694,Glass glasstrut våffla m. vaniljglass daimbitar chokladöverdrag,Palmitinsyra C16:0,Glass,3.2,g
1694,Glass glasstrut våffla m. vaniljglass daimbitar chokladöverdrag,Myristinsyra C14:0,Glass,1.7,g
1694,Glass glasstrut våffla m. vaniljglass daimbitar chokladöverdrag,Laurinsyra C12:0,Glass,4.4,g
1694,Glass glasstrut våffla m. vaniljglass daimbitar chokladöverdrag,Betakaroten/β-Karoten,Glass,5.0,µg
1694,Glass glasstrut våffla m. vaniljglass daimbitar chokladöverdrag,Avfall (skal etc.),Glass,0.0,%
1694,Glass glasstrut våffla m. vaniljglass daimbitar chokladöverdrag,Aska,Glass,0.8,g
1694,Glass glasstrut våffla m. vaniljglass daimbitar chokladöverdrag,Alkohol,Glass,0.0,g
1695,Glass vaniljglass m. chokladkex,"Zink, Zn",Glass,0.5,mg
1695,Glass vaniljglass m. chokladkex,Vitamin E,Glass,0.7,mg
1695,Glass vaniljglass m. chokladkex,Vitamin D,Glass,0.1,µg
1695,Glass vaniljglass m. chokladkex,Vitamin C,Glass,0.0,mg
1695,Glass vaniljglass m. chokladkex,Vitamin B6,Glass,0.05,mg
1695,Glass vaniljglass m. chokladkex,Vitamin B12,Glass,0.25,µg
1695,Glass vaniljglass m. chokladkex,Vitamin A,Glass,9.8,RE/µg
1695,Glass vaniljglass m. chokladkex,Vatten,Glass,45.0,g
1695,Glass vaniljglass m. chokladkex,Tiamin,Glass,0.06,mg
1695,Glass vaniljglass m. chokladkex,Tillsatt socker,Glass,18.0,g
1695,Glass vaniljglass m. chokladkex,Fritt socker,Glass,18.0,g
1695,Glass vaniljglass m. chokladkex,"Selen, Se",Glass,3.0,µg
1695,Glass vaniljglass m. chokladkex,Sackaros,Glass,16.0,g
1695,Glass vaniljglass m. chokladkex,Riboflavin,Glass,0.19,mg
1695,Glass vaniljglass m. chokladkex,Retinol,Glass,9.5,µg
1695,Glass vaniljglass m. chokladkex,Protein,Glass,4.7,g
1695,Glass vaniljglass m. chokladkex,Summa fleromättade fettsyror,Glass,0.5,g
1695,Glass vaniljglass m. chokladkex,"Fosfor, P",Glass,102.0,mg
1695,Glass vaniljglass m. chokladkex,Niacinekvivalenter,Glass,1.5,NE/mg
1695,Glass vaniljglass m. chokladkex,Niacin,Glass,0.38,mg
1695,Glass vaniljglass m. chokladkex,"Salt, NaCl",Glass,0.4,g
1695,Glass vaniljglass m. chokladkex,"Natrium, Na",Glass,156.0,mg
1695,Glass vaniljglass m. chokladkex,Monosackarider,Glass,1.3,g
1695,Glass vaniljglass m. chokladkex,"Sockerarter, totalt",Glass,22.1,g
1695,Glass vaniljglass m. chokladkex,Summa enkelomättade fettsyror,Glass,1.8,g
1695,Glass vaniljglass m. chokladkex,"Magnesium, Mg",Glass,20.0,mg
1695,Glass vaniljglass m. chokladkex,Summa mättade fettsyror,Glass,7.5,g
1695,Glass vaniljglass m. chokladkex,"Kolhydrater, tillgängliga",Glass,37.4,g
1695,Glass vaniljglass m. chokladkex,Kolesterol,Glass,7.7,mg
1695,Glass vaniljglass m. chokladkex,"Kalium, K",Glass,190.0,mg
1695,Glass vaniljglass m. chokladkex,"Jod, I",Glass,16.0,µg
1695,Glass vaniljglass m. chokladkex,Fullkorn totalt,Glass,0.0,g
1695,Glass vaniljglass m. chokladkex,"Folat, totalt",Glass,16.9,µg
1695,Glass vaniljglass m. chokladkex,Fibrer,Glass,1.4,g
1695,Glass vaniljglass m. chokladkex,"Fett, totalt",Glass,10.4,g
1695,Glass vaniljglass m. chokladkex,"Järn, Fe",Glass,0.7,mg
1695,Glass vaniljglass m. chokladkex,Energi (kJ),Glass,1111.0,kJ
1695,Glass vaniljglass m. chokladkex,Energi (kcal),Glass,266.0,kcal
1695,Glass vaniljglass m. chokladkex,Disackarider,Glass,20.8,g
1695,Glass vaniljglass m. chokladkex,"Kalcium, Ca",Glass,46.0,mg
1695,Glass vaniljglass m. chokladkex,Fettsyra 4:0-10:0,Glass,0.9,g
1695,Glass vaniljglass m. chokladkex,DHA (C22:6),Glass,0.0,g
1695,Glass vaniljglass m. chokladkex,DPA (C22:5),Glass,0.0,g
1695,Glass vaniljglass m. chokladkex,EPA (C20:5),Glass,0.0,g
1695,Glass vaniljglass m. chokladkex,Arakidonsyra C20:4,Glass,0.0,g
1695,Glass vaniljglass m. chokladkex,Arakidinsyra C20:0,Glass,0.0,g
1695,Glass vaniljglass m. chokladkex,Linolensyra C18:3,Glass,0.0,g
1695,Glass vaniljglass m. chokladkex,Linolsyra C18:2,Glass,0.5,g
1695,Glass vaniljglass m. chokladkex,Oljesyra C18:1,Glass,1.8,g
1695,Glass vaniljglass m. chokladkex,Stearinsyra C18:0,Glass,0.5,g
1695,Glass vaniljglass m. chokladkex,Palmitoljesyra C16:1,Glass,0.0,g
1695,Glass vaniljglass m. chokladkex,Palmitinsyra C16:0,Glass,2.3,g
1695,Glass vaniljglass m. chokladkex,Myristinsyra C14:0,Glass,1.0,g
1695,Glass vaniljglass m. chokladkex,Laurinsyra C12:0,Glass,2.6,g
1695,Glass vaniljglass m. chokladkex,Betakaroten/β-Karoten,Glass,0.0,µg
1695,Glass vaniljglass m. chokladkex,Avfall (skal etc.),Glass,0.0,%
1695,Glass vaniljglass m. chokladkex,Aska,Glass,1.1,g
1695,Glass vaniljglass m. chokladkex,Alkohol,Glass,0.0,g
1696,Glass gräddglass fett 15%,"Zink, Zn",Glass,0.5,mg
1696,Glass gräddglass fett 15%,Vitamin E,Glass,0.3,mg
1696,Glass gräddglass fett 15%,Vitamin D,Glass,0.12,µg
1696,Glass gräddglass fett 15%,Vitamin C,Glass,0.0,mg
1696,Glass gräddglass fett 15%,Vitamin B6,Glass,0.07,mg
1696,Glass gräddglass fett 15%,Vitamin B12,Glass,0.4,µg
1696,Glass gräddglass fett 15%,Vitamin A,Glass,92.3,RE/µg
1696,Glass gräddglass fett 15%,Vatten,Glass,61.4,g
1696,Glass gräddglass fett 15%,Tiamin,Glass,0.05,mg
1696,Glass gräddglass fett 15%,Tillsatt socker,Glass,11.0,g
1696,Glass gräddglass fett 15%,Fritt socker,Glass,11.0,g
1696,Glass gräddglass fett 15%,"Selen, Se",Glass,0.2,µg
1696,Glass gräddglass fett 15%,Sackaros,Glass,10.8,g
1696,Glass gräddglass fett 15%,Riboflavin,Glass,0.16,mg
1696,Glass gräddglass fett 15%,Retinol,Glass,87.0,µg
1696,Glass gräddglass fett 15%,Protein,Glass,3.7,g
1696,Glass gräddglass fett 15%,Summa fleromättade fettsyror,Glass,0.5,g
1696,Glass gräddglass fett 15%,"Fosfor, P",Glass,86.0,mg
1696,Glass gräddglass fett 15%,Niacinekvivalenter,Glass,0.95,NE/mg
1696,Glass gräddglass fett 15%,Niacin,Glass,0.1,mg
1696,Glass gräddglass fett 15%,"Salt, NaCl",Glass,0.2,g
1696,Glass gräddglass fett 15%,"Natrium, Na",Glass,92.0,mg
1696,Glass gräddglass fett 15%,Monosackarider,Glass,0.0,g
1696,Glass gräddglass fett 15%,"Sockerarter, totalt",Glass,15.1,g
1696,Glass gräddglass fett 15%,Summa enkelomättade fettsyror,Glass,3.6,g
1696,Glass gräddglass fett 15%,"Magnesium, Mg",Glass,14.0,mg
1696,Glass gräddglass fett 15%,Summa mättade fettsyror,Glass,9.2,g
1696,Glass gräddglass fett 15%,"Kolhydrater, tillgängliga",Glass,19.6,g
1696,Glass gräddglass fett 15%,Kolesterol,Glass,59.0,mg
1696,Glass gräddglass fett 15%,"Kalium, K",Glass,158.0,mg
1696,Glass gräddglass fett 15%,"Jod, I",Glass,18.6,µg
1696,Glass gräddglass fett 15%,Fullkorn totalt,Glass,0.0,g
1696,Glass gräddglass fett 15%,"Folat, totalt",Glass,2.0,µg
1696,Glass gräddglass fett 15%,Fibrer,Glass,0.0,g
1696,Glass gräddglass fett 15%,"Fett, totalt",Glass,14.4,g
1696,Glass gräddglass fett 15%,"Järn, Fe",Glass,0.1,mg
1696,Glass gräddglass fett 15%,Energi (kJ),Glass,930.0,kJ
1696,Glass gräddglass fett 15%,Energi (kcal),Glass,222.0,kcal
1696,Glass gräddglass fett 15%,Disackarider,Glass,15.1,g
1696,Glass gräddglass fett 15%,"Kalcium, Ca",Glass,112.0,mg
1696,Glass gräddglass fett 15%,Fettsyra 4:0-10:0,Glass,0.8,g
1696,Glass gräddglass fett 15%,DHA (C22:6),Glass,0.0,g
1696,Glass gräddglass fett 15%,DPA (C22:5),Glass,0.0,g
1696,Glass gräddglass fett 15%,EPA (C20:5),Glass,0.0,g
1696,Glass gräddglass fett 15%,Arakidonsyra C20:4,Glass,0.0,g
1696,Glass gräddglass fett 15%,Arakidinsyra C20:0,Glass,0.0,g
1696,Glass gräddglass fett 15%,Linolensyra C18:3,Glass,0.1,g
1696,Glass gräddglass fett 15%,Linolsyra C18:2,Glass,0.4,g
1696,Glass gräddglass fett 15%,Oljesyra C18:1,Glass,3.2,g
1696,Glass gräddglass fett 15%,Stearinsyra C18:0,Glass,1.6,g
1696,Glass gräddglass fett 15%,Palmitoljesyra C16:1,Glass,0.2,g
1696,Glass gräddglass fett 15%,Palmitinsyra C16:0,Glass,4.4,g
1696,Glass gräddglass fett 15%,Myristinsyra C14:0,Glass,1.6,g
1696,Glass gräddglass fett 15%,Laurinsyra C12:0,Glass,0.5,g
1696,Glass gräddglass fett 15%,Betakaroten/β-Karoten,Glass,64.0,µg
1696,Glass gräddglass fett 15%,Avfall (skal etc.),Glass,0.0,%
1696,Glass gräddglass fett 15%,Aska,Glass,0.9,g
1696,Glass gräddglass fett 15%,Alkohol,Glass,0.0,g
1697,Glass fett 12%,"Zink, Zn",Glass,0.5,mg
1697,Glass fett 12%,Vitamin E,Glass,1.9,mg
1697,Glass fett 12%,Vitamin D,Glass,0.0,µg
1697,Glass fett 12%,Vitamin C,Glass,0.0,mg
1697,Glass fett 12%,Vitamin B6,Glass,0.05,mg
1697,Glass fett 12%,Vitamin B12,Glass,0.5,µg
1697,Glass fett 12%,Vitamin A,Glass,4.0,RE/µg
1697,Glass fett 12%,Vatten,Glass,63.9,g
1697,Glass fett 12%,Tiamin,Glass,0.03,mg
1697,Glass fett 12%,Tillsatt socker,Glass,11.0,g
1697,Glass fett 12%,Fritt socker,Glass,11.0,g
1697,Glass fett 12%,"Selen, Se",Glass,0.1,µg
1697,Glass fett 12%,Sackaros,Glass,10.6,g
1697,Glass fett 12%,Riboflavin,Glass,0.15,mg
1697,Glass fett 12%,Retinol,Glass,4.0,µg
1697,Glass fett 12%,Protein,Glass,3.8,g
1697,Glass fett 12%,Summa fleromättade fettsyror,Glass,1.2,g
1697,Glass fett 12%,"Fosfor, P",Glass,84.0,mg
1697,Glass fett 12%,Niacinekvivalenter,Glass,0.73,NE/mg
1697,Glass fett 12%,Niacin,Glass,0.1,mg
1697,Glass fett 12%,"Salt, NaCl",Glass,0.4,g
1697,Glass fett 12%,"Natrium, Na",Glass,178.0,mg
1697,Glass fett 12%,Monosackarider,Glass,0.0,g
1697,Glass fett 12%,"Sockerarter, totalt",Glass,15.1,g
1697,Glass fett 12%,Summa enkelomättade fettsyror,Glass,5.2,g
1697,Glass fett 12%,"Magnesium, Mg",Glass,14.0,mg
1697,Glass fett 12%,Summa mättade fettsyror,Glass,4.7,g
1697,Glass fett 12%,"Kolhydrater, tillgängliga",Glass,19.3,g
1697,Glass fett 12%,Kolesterol,Glass,2.0,mg
1697,Glass fett 12%,"Kalium, K",Glass,155.0,mg
1697,Glass fett 12%,"Jod, I",Glass,10.6,µg
1697,Glass fett 12%,Fullkorn totalt,Glass,0.0,g
1697,Glass fett 12%,"Folat, totalt",Glass,2.0,µg
1697,Glass fett 12%,Fibrer,Glass,0.0,g
1697,Glass fett 12%,"Fett, totalt",Glass,12.0,g
1697,Glass fett 12%,"Järn, Fe",Glass,0.1,mg
1697,Glass fett 12%,Energi (kJ),Glass,836.0,kJ
1697,Glass fett 12%,Energi (kcal),Glass,200.0,kcal
1697,Glass fett 12%,Disackarider,Glass,15.1,g
1697,Glass fett 12%,"Kalcium, Ca",Glass,107.0,mg
1697,Glass fett 12%,Fettsyra 4:0-10:0,Glass,0.3,g
1697,Glass fett 12%,DHA (C22:6),Glass,0.0,g
1697,Glass fett 12%,DPA (C22:5),Glass,0.0,g
1697,Glass fett 12%,EPA (C20:5),Glass,0.0,g
1697,Glass fett 12%,Arakidonsyra C20:4,Glass,0.0,g
1697,Glass fett 12%,Arakidinsyra C20:0,Glass,0.1,g
1697,Glass fett 12%,Linolensyra C18:3,Glass,0.4,g
1697,Glass fett 12%,Linolsyra C18:2,Glass,0.8,g
1697,Glass fett 12%,Oljesyra C18:1,Glass,5.0,g
1697,Glass fett 12%,Stearinsyra C18:0,Glass,1.4,g
1697,Glass fett 12%,Palmitoljesyra C16:1,Glass,0.0,g
1697,Glass fett 12%,Palmitinsyra C16:0,Glass,1.2,g
1697,Glass fett 12%,Myristinsyra C14:0,Glass,0.5,g
1697,Glass fett 12%,Laurinsyra C12:0,Glass,1.1,g
1697,Glass fett 12%,Betakaroten/β-Karoten,Glass,0.0,µg
1697,Glass fett 12%,Avfall (skal etc.),Glass,0.0,%
1697,Glass fett 12%,Aska,Glass,1.1,g
1697,Glass fett 12%,Alkohol,Glass,0.0,g
1698,Glass lättglass fett ca 5%,"Zink, Zn",Glass,0.5,mg
1698,Glass lättglass fett ca 5%,Vitamin E,Glass,1.2,mg
1698,Glass lättglass fett ca 5%,Vitamin D,Glass,0.03,µg
1698,Glass lättglass fett ca 5%,Vitamin C,Glass,0.0,mg
1698,Glass lättglass fett ca 5%,Vitamin B6,Glass,0.1,mg
1698,Glass lättglass fett ca 5%,Vitamin B12,Glass,0.6,µg
1698,Glass lättglass fett ca 5%,Vitamin A,Glass,16.1,RE/µg
1698,Glass lättglass fett ca 5%,Vatten,Glass,63.5,g
1698,Glass lättglass fett ca 5%,Tiamin,Glass,0.06,mg
1698,Glass lättglass fett ca 5%,Tillsatt socker,Glass,12.0,g
1698,Glass lättglass fett ca 5%,Fritt socker,Glass,12.0,g
1698,Glass lättglass fett ca 5%,"Selen, Se",Glass,0.2,µg
1698,Glass lättglass fett ca 5%,Sackaros,Glass,8.2,g
1698,Glass lättglass fett ca 5%,Riboflavin,Glass,0.2,mg
1698,Glass lättglass fett ca 5%,Retinol,Glass,15.0,µg
1698,Glass lättglass fett ca 5%,Protein,Glass,4.3,g
1698,Glass lättglass fett ca 5%,Summa fleromättade fettsyror,Glass,0.6,g
1698,Glass lättglass fett ca 5%,"Fosfor, P",Glass,125.0,mg
1698,Glass lättglass fett ca 5%,Niacinekvivalenter,Glass,1.1,NE/mg
1698,Glass lättglass fett ca 5%,Niacin,Glass,0.1,mg
1698,Glass lättglass fett ca 5%,"Salt, NaCl",Glass,0.2,g
1698,Glass lättglass fett ca 5%,"Natrium, Na",Glass,58.0,mg
1698,Glass lättglass fett ca 5%,Monosackarider,Glass,3.2,g
1698,Glass lättglass fett ca 5%,"Sockerarter, totalt",Glass,17.0,g
1698,Glass lättglass fett ca 5%,Summa enkelomättade fettsyror,Glass,1.8,g
1698,Glass lättglass fett ca 5%,"Magnesium, Mg",Glass,14.0,mg
1698,Glass lättglass fett ca 5%,Summa mättade fettsyror,Glass,2.0,g
1698,Glass lättglass fett ca 5%,"Kolhydrater, tillgängliga",Glass,26.6,g
1698,Glass lättglass fett ca 5%,Kolesterol,Glass,12.0,mg
1698,Glass lättglass fett ca 5%,"Kalium, K",Glass,205.0,mg
1698,Glass lättglass fett ca 5%,"Jod, I",Glass,9.0,µg
1698,Glass lättglass fett ca 5%,Fullkorn totalt,Glass,0.0,g
1698,Glass lättglass fett ca 5%,"Folat, totalt",Glass,2.0,µg
1698,Glass lättglass fett ca 5%,Fibrer,Glass,0.0,g
1698,Glass lättglass fett ca 5%,"Fett, totalt",Glass,4.7,g
1698,Glass lättglass fett ca 5%,"Järn, Fe",Glass,0.1,mg
1698,Glass lättglass fett ca 5%,Energi (kJ),Glass,698.0,kJ
1698,Glass lättglass fett ca 5%,Energi (kcal),Glass,167.0,kcal
1698,Glass lättglass fett ca 5%,Disackarider,Glass,13.8,g
1698,Glass lättglass fett ca 5%,"Kalcium, Ca",Glass,134.0,mg
1698,Glass lättglass fett ca 5%,Fettsyra 4:0-10:0,Glass,0.1,g
1698,Glass lättglass fett ca 5%,DHA (C22:6),Glass,0.0,g
1698,Glass lättglass fett ca 5%,DPA (C22:5),Glass,0.0,g
1698,Glass lättglass fett ca 5%,EPA (C20:5),Glass,0.0,g
1698,Glass lättglass fett ca 5%,Arakidonsyra C20:4,Glass,0.0,g
1698,Glass lättglass fett ca 5%,Arakidinsyra C20:0,Glass,0.0,g
1698,Glass lättglass fett ca 5%,Linolensyra C18:3,Glass,0.0,g
1698,Glass lättglass fett ca 5%,Linolsyra C18:2,Glass,0.5,g
1698,Glass lättglass fett ca 5%,Oljesyra C18:1,Glass,1.7,g
1698,Glass lättglass fett ca 5%,Stearinsyra C18:0,Glass,0.6,g
1698,Glass lättglass fett ca 5%,Palmitoljesyra C16:1,Glass,0.0,g
1698,Glass lättglass fett ca 5%,Palmitinsyra C16:0,Glass,0.9,g
1698,Glass lättglass fett ca 5%,Myristinsyra C14:0,Glass,0.2,g
1698,Glass lättglass fett ca 5%,Laurinsyra C12:0,Glass,0.1,g
1698,Glass lättglass fett ca 5%,Betakaroten/β-Karoten,Glass,13.0,µg
1698,Glass lättglass fett ca 5%,Avfall (skal etc.),Glass,0.0,%
1698,Glass lättglass fett ca 5%,Aska,Glass,1.0,g
1698,Glass lättglass fett ca 5%,Alkohol,Glass,0.0,g
1699,Glass glasspinne fett ca 25%,"Zink, Zn",Glass,0.5,mg
1699,Glass glasspinne fett ca 25%,Vitamin E,Glass,2.7,mg
1699,Glass glasspinne fett ca 25%,Vitamin D,Glass,0.07,µg
1699,Glass glasspinne fett ca 25%,Vitamin C,Glass,0.0,mg
1699,Glass glasspinne fett ca 25%,Vitamin B6,Glass,0.05,mg
1699,Glass glasspinne fett ca 25%,Vitamin B12,Glass,0.5,µg
1699,Glass glasspinne fett ca 25%,Vitamin A,Glass,33.3,RE/µg
1699,Glass glasspinne fett ca 25%,Vatten,Glass,43.1,g
1699,Glass glasspinne fett ca 25%,Tiamin,Glass,0.03,mg
1699,Glass glasspinne fett ca 25%,Tillsatt socker,Glass,16.0,g
1699,Glass glasspinne fett ca 25%,Fritt socker,Glass,16.0,g
1699,Glass glasspinne fett ca 25%,"Selen, Se",Glass,0.2,µg
1699,Glass glasspinne fett ca 25%,Sackaros,Glass,16.4,g
1699,Glass glasspinne fett ca 25%,Riboflavin,Glass,0.15,mg
1699,Glass glasspinne fett ca 25%,Retinol,Glass,28.0,µg
1699,Glass glasspinne fett ca 25%,Protein,Glass,4.6,g
1699,Glass glasspinne fett ca 25%,Summa fleromättade fettsyror,Glass,3.8,g
1699,Glass glasspinne fett ca 25%,"Fosfor, P",Glass,86.0,mg
1699,Glass glasspinne fett ca 25%,Niacinekvivalenter,Glass,1.18,NE/mg
1699,Glass glasspinne fett ca 25%,Niacin,Glass,0.1,mg
1699,Glass glasspinne fett ca 25%,"Salt, NaCl",Glass,0.1,g
1699,Glass glasspinne fett ca 25%,"Natrium, Na",Glass,52.0,mg
1699,Glass glasspinne fett ca 25%,Monosackarider,Glass,0.0,g
1699,Glass glasspinne fett ca 25%,"Sockerarter, totalt",Glass,20.3,g
1699,Glass glasspinne fett ca 25%,Summa enkelomättade fettsyror,Glass,8.1,g
1699,Glass glasspinne fett ca 25%,"Magnesium, Mg",Glass,14.0,mg
1699,Glass glasspinne fett ca 25%,Summa mättade fettsyror,Glass,12.0,g
1699,Glass glasspinne fett ca 25%,"Kolhydrater, tillgängliga",Glass,26.0,g
1699,Glass glasspinne fett ca 25%,Kolesterol,Glass,29.5,mg
1699,Glass glasspinne fett ca 25%,"Kalium, K",Glass,199.0,mg
1699,Glass glasspinne fett ca 25%,"Jod, I",Glass,9.0,µg
1699,Glass glasspinne fett ca 25%,Fullkorn totalt,Glass,0.0,g
1699,Glass glasspinne fett ca 25%,"Folat, totalt",Glass,2.0,µg
1699,Glass glasspinne fett ca 25%,Fibrer,Glass,0.0,g
1699,Glass glasspinne fett ca 25%,"Fett, totalt",Glass,25.3,g
1699,Glass glasspinne fett ca 25%,"Järn, Fe",Glass,0.1,mg
1699,Glass glasspinne fett ca 25%,Energi (kJ),Glass,1458.0,kJ
1699,Glass glasspinne fett ca 25%,Energi (kcal),Glass,348.0,kcal
1699,Glass glasspinne fett ca 25%,Disackarider,Glass,20.3,g
1699,Glass glasspinne fett ca 25%,"Kalcium, Ca",Glass,125.0,mg
1699,Glass glasspinne fett ca 25%,Fettsyra 4:0-10:0,Glass,1.0,g
1699,Glass glasspinne fett ca 25%,DHA (C22:6),Glass,0.0,g
1699,Glass glasspinne fett ca 25%,DPA (C22:5),Glass,0.0,g
1699,Glass glasspinne fett ca 25%,EPA (C20:5),Glass,0.0,g
1699,Glass glasspinne fett ca 25%,Arakidonsyra C20:4,Glass,0.0,g
1699,Glass glasspinne fett ca 25%,Arakidinsyra C20:0,Glass,0.1,g
1699,Glass glasspinne fett ca 25%,Linolensyra C18:3,Glass,0.5,g
1699,Glass glasspinne fett ca 25%,Linolsyra C18:2,Glass,3.3,g
1699,Glass glasspinne fett ca 25%,Oljesyra C18:1,Glass,7.9,g
1699,Glass glasspinne fett ca 25%,Stearinsyra C18:0,Glass,3.0,g
1699,Glass glasspinne fett ca 25%,Palmitoljesyra C16:1,Glass,0.1,g
1699,Glass glasspinne fett ca 25%,Palmitinsyra C16:0,Glass,3.7,g
1699,Glass glasspinne fett ca 25%,Myristinsyra C14:0,Glass,1.4,g
1699,Glass glasspinne fett ca 25%,Laurinsyra C12:0,Glass,2.6,g
1699,Glass glasspinne fett ca 25%,Betakaroten/β-Karoten,Glass,64.0,µg
1699,Glass glasspinne fett ca 25%,Avfall (skal etc.),Glass,0.0,%
1699,Glass glasspinne fett ca 25%,Aska,Glass,0.9,g
1699,Glass glasspinne fett ca 25%,Alkohol,Glass,0.0,g
1700,Glass glasspinne m. kakaoöverdrag fett 20%,"Zink, Zn",Glass,0.5,mg
1700,Glass glasspinne m. kakaoöverdrag fett 20%,Vitamin E,Glass,2.9,mg
1700,Glass glasspinne m. kakaoöverdrag fett 20%,Vitamin D,Glass,0.07,µg
1700,Glass glasspinne m. kakaoöverdrag fett 20%,Vitamin C,Glass,0.0,mg
1700,Glass glasspinne m. kakaoöverdrag fett 20%,Vitamin B6,Glass,0.05,mg
1700,Glass glasspinne m. kakaoöverdrag fett 20%,Vitamin B12,Glass,0.5,µg
1700,Glass glasspinne m. kakaoöverdrag fett 20%,Vitamin A,Glass,37.3,RE/µg
1700,Glass glasspinne m. kakaoöverdrag fett 20%,Vatten,Glass,47.3,g
1700,Glass glasspinne m. kakaoöverdrag fett 20%,Tiamin,Glass,0.03,mg
1700,Glass glasspinne m. kakaoöverdrag fett 20%,Tillsatt socker,Glass,14.0,g
1700,Glass glasspinne m. kakaoöverdrag fett 20%,Fritt socker,Glass,14.0,g
1700,Glass glasspinne m. kakaoöverdrag fett 20%,"Selen, Se",Glass,0.2,µg
1700,Glass glasspinne m. kakaoöverdrag fett 20%,Sackaros,Glass,13.9,g
1700,Glass glasspinne m. kakaoöverdrag fett 20%,Riboflavin,Glass,0.15,mg
1700,Glass glasspinne m. kakaoöverdrag fett 20%,Retinol,Glass,32.0,µg
1700,Glass glasspinne m. kakaoöverdrag fett 20%,Protein,Glass,3.8,g
1700,Glass glasspinne m. kakaoöverdrag fett 20%,Summa fleromättade fettsyror,Glass,2.6,g
1700,Glass glasspinne m. kakaoöverdrag fett 20%,"Fosfor, P",Glass,86.0,mg
1700,Glass glasspinne m. kakaoöverdrag fett 20%,Niacinekvivalenter,Glass,0.98,NE/mg
1700,Glass glasspinne m. kakaoöverdrag fett 20%,Niacin,Glass,0.1,mg
1700,Glass glasspinne m. kakaoöverdrag fett 20%,"Salt, NaCl",Glass,0.1,g
1700,Glass glasspinne m. kakaoöverdrag fett 20%,"Natrium, Na",Glass,44.0,mg
1700,Glass glasspinne m. kakaoöverdrag fett 20%,Monosackarider,Glass,0.0,g
1700,Glass glasspinne m. kakaoöverdrag fett 20%,"Sockerarter, totalt",Glass,16.9,g
1700,Glass glasspinne m. kakaoöverdrag fett 20%,Summa enkelomättade fettsyror,Glass,6.2,g
1700,Glass glasspinne m. kakaoöverdrag fett 20%,"Magnesium, Mg",Glass,14.0,mg
1700,Glass glasspinne m. kakaoöverdrag fett 20%,Summa mättade fettsyror,Glass,9.9,g
1700,Glass glasspinne m. kakaoöverdrag fett 20%,"Kolhydrater, tillgängliga",Glass,28.0,g
1700,Glass glasspinne m. kakaoöverdrag fett 20%,Kolesterol,Glass,29.5,mg
1700,Glass glasspinne m. kakaoöverdrag fett 20%,"Kalium, K",Glass,195.0,mg
1700,Glass glasspinne m. kakaoöverdrag fett 20%,"Jod, I",Glass,9.0,µg
1700,Glass glasspinne m. kakaoöverdrag fett 20%,Fullkorn totalt,Glass,0.0,g
1700,Glass glasspinne m. kakaoöverdrag fett 20%,"Folat, totalt",Glass,2.0,µg
1700,Glass glasspinne m. kakaoöverdrag fett 20%,Fibrer,Glass,0.0,g
1700,Glass glasspinne m. kakaoöverdrag fett 20%,"Fett, totalt",Glass,20.1,g
1700,Glass glasspinne m. kakaoöverdrag fett 20%,"Järn, Fe",Glass,0.1,mg
1700,Glass glasspinne m. kakaoöverdrag fett 20%,Energi (kJ),Glass,1283.0,kJ
1700,Glass glasspinne m. kakaoöverdrag fett 20%,Energi (kcal),Glass,307.0,kcal
1700,Glass glasspinne m. kakaoöverdrag fett 20%,Disackarider,Glass,16.9,g
1700,Glass glasspinne m. kakaoöverdrag fett 20%,"Kalcium, Ca",Glass,102.0,mg
1700,Glass glasspinne m. kakaoöverdrag fett 20%,Fettsyra 4:0-10:0,Glass,1.1,g
1700,Glass glasspinne m. kakaoöverdrag fett 20%,DHA (C22:6),Glass,0.0,g
1700,Glass glasspinne m. kakaoöverdrag fett 20%,DPA (C22:5),Glass,0.0,g
1700,Glass glasspinne m. kakaoöverdrag fett 20%,EPA (C20:5),Glass,0.0,g
1700,Glass glasspinne m. kakaoöverdrag fett 20%,Arakidonsyra C20:4,Glass,0.0,g
1700,Glass glasspinne m. kakaoöverdrag fett 20%,Arakidinsyra C20:0,Glass,0.1,g
1700,Glass glasspinne m. kakaoöverdrag fett 20%,Linolensyra C18:3,Glass,0.5,g
1700,Glass glasspinne m. kakaoöverdrag fett 20%,Linolsyra C18:2,Glass,2.1,g
1700,Glass glasspinne m. kakaoöverdrag fett 20%,Oljesyra C18:1,Glass,6.0,g
1700,Glass glasspinne m. kakaoöverdrag fett 20%,Stearinsyra C18:0,Glass,1.6,g
1700,Glass glasspinne m. kakaoöverdrag fett 20%,Palmitoljesyra C16:1,Glass,0.1,g
1700,Glass glasspinne m. kakaoöverdrag fett 20%,Palmitinsyra C16:0,Glass,2.5,g
1700,Glass glasspinne m. kakaoöverdrag fett 20%,Myristinsyra C14:0,Glass,1.6,g
1700,Glass glasspinne m. kakaoöverdrag fett 20%,Laurinsyra C12:0,Glass,3.1,g
1700,Glass glasspinne m. kakaoöverdrag fett 20%,Betakaroten/β-Karoten,Glass,64.0,µg
1700,Glass glasspinne m. kakaoöverdrag fett 20%,Avfall (skal etc.),Glass,0.0,%
1700,Glass glasspinne m. kakaoöverdrag fett 20%,Aska,Glass,0.8,g
1700,Glass glasspinne m. kakaoöverdrag fett 20%,Alkohol,Glass,0.0,g
1701,Glass glasspinne el. split m. isöverdrag fett ca 6%,"Zink, Zn",Glass,0.4,mg
1701,Glass glasspinne el. split m. isöverdrag fett ca 6%,Vitamin E,Glass,1.2,mg
1701,Glass glasspinne el. split m. isöverdrag fett ca 6%,Vitamin D,Glass,0.0,µg
1701,Glass glasspinne el. split m. isöverdrag fett ca 6%,Vitamin C,Glass,0.0,mg
1701,Glass glasspinne el. split m. isöverdrag fett ca 6%,Vitamin B6,Glass,0.04,mg
1701,Glass glasspinne el. split m. isöverdrag fett ca 6%,Vitamin B12,Glass,0.4,µg
1701,Glass glasspinne el. split m. isöverdrag fett ca 6%,Vitamin A,Glass,0.6,RE/µg
1701,Glass glasspinne el. split m. isöverdrag fett ca 6%,Vatten,Glass,69.6,g
1701,Glass glasspinne el. split m. isöverdrag fett ca 6%,Tiamin,Glass,0.03,mg
1701,Glass glasspinne el. split m. isöverdrag fett ca 6%,Tillsatt socker,Glass,19.0,g
1701,Glass glasspinne el. split m. isöverdrag fett ca 6%,Fritt socker,Glass,19.0,g
1701,Glass glasspinne el. split m. isöverdrag fett ca 6%,"Selen, Se",Glass,0.1,µg
1701,Glass glasspinne el. split m. isöverdrag fett ca 6%,Sackaros,Glass,14.5,g
1701,Glass glasspinne el. split m. isöverdrag fett ca 6%,Riboflavin,Glass,0.12,mg
1701,Glass glasspinne el. split m. isöverdrag fett ca 6%,Retinol,Glass,0.5,µg
1701,Glass glasspinne el. split m. isöverdrag fett ca 6%,Protein,Glass,1.7,g
1701,Glass glasspinne el. split m. isöverdrag fett ca 6%,Summa fleromättade fettsyror,Glass,1.1,g
1701,Glass glasspinne el. split m. isöverdrag fett ca 6%,"Fosfor, P",Glass,74.0,mg
1701,Glass glasspinne el. split m. isöverdrag fett ca 6%,Niacinekvivalenter,Glass,0.7,NE/mg
1701,Glass glasspinne el. split m. isöverdrag fett ca 6%,Niacin,Glass,0.1,mg
1701,Glass glasspinne el. split m. isöverdrag fett ca 6%,"Salt, NaCl",Glass,0.1,g
1701,Glass glasspinne el. split m. isöverdrag fett ca 6%,"Natrium, Na",Glass,49.0,mg
1701,Glass glasspinne el. split m. isöverdrag fett ca 6%,Monosackarider,Glass,1.6,g
1701,Glass glasspinne el. split m. isöverdrag fett ca 6%,"Sockerarter, totalt",Glass,18.7,g
1701,Glass glasspinne el. split m. isöverdrag fett ca 6%,Summa enkelomättade fettsyror,Glass,2.5,g
1701,Glass glasspinne el. split m. isöverdrag fett ca 6%,"Magnesium, Mg",Glass,13.0,mg
1701,Glass glasspinne el. split m. isöverdrag fett ca 6%,Summa mättade fettsyror,Glass,2.0,g
1701,Glass glasspinne el. split m. isöverdrag fett ca 6%,"Kolhydrater, tillgängliga",Glass,22.3,g
1701,Glass glasspinne el. split m. isöverdrag fett ca 6%,Kolesterol,Glass,1.6,mg
1701,Glass glasspinne el. split m. isöverdrag fett ca 6%,"Kalium, K",Glass,87.0,mg
1701,Glass glasspinne el. split m. isöverdrag fett ca 6%,"Jod, I",Glass,9.3,µg
1701,Glass glasspinne el. split m. isöverdrag fett ca 6%,Fullkorn totalt,Glass,0.0,g
1701,Glass glasspinne el. split m. isöverdrag fett ca 6%,"Folat, totalt",Glass,2.4,µg
1701,Glass glasspinne el. split m. isöverdrag fett ca 6%,Fibrer,Glass,0.0,g
1701,Glass glasspinne el. split m. isöverdrag fett ca 6%,"Fett, totalt",Glass,6.0,g
1701,Glass glasspinne el. split m. isöverdrag fett ca 6%,"Järn, Fe",Glass,0.1,mg
1701,Glass glasspinne el. split m. isöverdrag fett ca 6%,Energi (kJ),Glass,630.0,kJ
1701,Glass glasspinne el. split m. isöverdrag fett ca 6%,Energi (kcal),Glass,150.0,kcal
1701,Glass glasspinne el. split m. isöverdrag fett ca 6%,Disackarider,Glass,17.1,g
1701,Glass glasspinne el. split m. isöverdrag fett ca 6%,"Kalcium, Ca",Glass,56.0,mg
1701,Glass glasspinne el. split m. isöverdrag fett ca 6%,Fettsyra 4:0-10:0,Glass,0.1,g
1701,Glass glasspinne el. split m. isöverdrag fett ca 6%,DHA (C22:6),Glass,0.0,g
1701,Glass glasspinne el. split m. isöverdrag fett ca 6%,DPA (C22:5),Glass,0.0,g
1701,Glass glasspinne el. split m. isöverdrag fett ca 6%,EPA (C20:5),Glass,0.0,g
1701,Glass glasspinne el. split m. isöverdrag fett ca 6%,Arakidonsyra C20:4,Glass,0.0,g
1701,Glass glasspinne el. split m. isöverdrag fett ca 6%,Arakidinsyra C20:0,Glass,0.0,g
1701,Glass glasspinne el. split m. isöverdrag fett ca 6%,Linolensyra C18:3,Glass,0.1,g
1701,Glass glasspinne el. split m. isöverdrag fett ca 6%,Linolsyra C18:2,Glass,1.0,g
1701,Glass glasspinne el. split m. isöverdrag fett ca 6%,Oljesyra C18:1,Glass,2.5,g
1701,Glass glasspinne el. split m. isöverdrag fett ca 6%,Stearinsyra C18:0,Glass,0.7,g
1701,Glass glasspinne el. split m. isöverdrag fett ca 6%,Palmitoljesyra C16:1,Glass,0.0,g
1701,Glass glasspinne el. split m. isöverdrag fett ca 6%,Palmitinsyra C16:0,Glass,0.7,g
1701,Glass glasspinne el. split m. isöverdrag fett ca 6%,Myristinsyra C14:0,Glass,0.1,g
1701,Glass glasspinne el. split m. isöverdrag fett ca 6%,Laurinsyra C12:0,Glass,0.3,g
1701,Glass glasspinne el. split m. isöverdrag fett ca 6%,Betakaroten/β-Karoten,Glass,1.0,µg
1701,Glass glasspinne el. split m. isöverdrag fett ca 6%,Avfall (skal etc.),Glass,0.0,%
1701,Glass glasspinne el. split m. isöverdrag fett ca 6%,Aska,Glass,0.5,g
1701,Glass glasspinne el. split m. isöverdrag fett ca 6%,Alkohol,Glass,0.0,g
1702,Glass glasstrut fett ca 10%,"Zink, Zn",Glass,0.5,mg
1702,Glass glasstrut fett ca 10%,Vitamin E,Glass,0.7,mg
1702,Glass glasstrut fett ca 10%,Vitamin D,Glass,0.08,µg
1702,Glass glasstrut fett ca 10%,Vitamin C,Glass,0.6,mg
1702,Glass glasstrut fett ca 10%,Vitamin B6,Glass,0.08,mg
1702,Glass glasstrut fett ca 10%,Vitamin B12,Glass,0.4,µg
1702,Glass glasstrut fett ca 10%,Vitamin A,Glass,40.1,RE/µg
1702,Glass glasstrut fett ca 10%,Vatten,Glass,51.1,g
1702,Glass glasstrut fett ca 10%,Tiamin,Glass,0.04,mg
1702,Glass glasstrut fett ca 10%,Tillsatt socker,Glass,13.0,g
1702,Glass glasstrut fett ca 10%,Fritt socker,Glass,13.0,g
1702,Glass glasstrut fett ca 10%,"Selen, Se",Glass,0.3,µg
1702,Glass glasstrut fett ca 10%,Sackaros,Glass,12.5,g
1702,Glass glasstrut fett ca 10%,Riboflavin,Glass,0.15,mg
1702,Glass glasstrut fett ca 10%,Retinol,Glass,38.0,µg
1702,Glass glasstrut fett ca 10%,Protein,Glass,3.6,g
1702,Glass glasstrut fett ca 10%,Summa fleromättade fettsyror,Glass,0.6,g
1702,Glass glasstrut fett ca 10%,"Fosfor, P",Glass,116.0,mg
1702,Glass glasstrut fett ca 10%,Niacinekvivalenter,Glass,0.97,NE/mg
1702,Glass glasstrut fett ca 10%,Niacin,Glass,0.1,mg
1702,Glass glasstrut fett ca 10%,"Salt, NaCl",Glass,0.1,g
1702,Glass glasstrut fett ca 10%,"Natrium, Na",Glass,57.0,mg
1702,Glass glasstrut fett ca 10%,Monosackarider,Glass,0.8,g
1702,Glass glasstrut fett ca 10%,"Sockerarter, totalt",Glass,15.7,g
1702,Glass glasstrut fett ca 10%,Summa enkelomättade fettsyror,Glass,2.7,g
1702,Glass glasstrut fett ca 10%,"Magnesium, Mg",Glass,15.0,mg
1702,Glass glasstrut fett ca 10%,Summa mättade fettsyror,Glass,7.0,g
1702,Glass glasstrut fett ca 10%,"Kolhydrater, tillgängliga",Glass,34.0,g
1702,Glass glasstrut fett ca 10%,Kolesterol,Glass,37.3,mg
1702,Glass glasstrut fett ca 10%,"Kalium, K",Glass,167.0,mg
1702,Glass glasstrut fett ca 10%,"Jod, I",Glass,17.6,µg
1702,Glass glasstrut fett ca 10%,Fullkorn totalt,Glass,0.0,g
1702,Glass glasstrut fett ca 10%,"Folat, totalt",Glass,2.8,µg
1702,Glass glasstrut fett ca 10%,Fibrer,Glass,0.3,g
1702,Glass glasstrut fett ca 10%,"Fett, totalt",Glass,10.3,g
1702,Glass glasstrut fett ca 10%,"Järn, Fe",Glass,0.2,mg
1702,Glass glasstrut fett ca 10%,Energi (kJ),Glass,1021.0,kJ
1702,Glass glasstrut fett ca 10%,Energi (kcal),Glass,244.0,kcal
1702,Glass glasstrut fett ca 10%,Disackarider,Glass,14.9,g
1702,Glass glasstrut fett ca 10%,"Kalcium, Ca",Glass,89.0,mg
1702,Glass glasstrut fett ca 10%,Fettsyra 4:0-10:0,Glass,0.6,g
1702,Glass glasstrut fett ca 10%,DHA (C22:6),Glass,0.0,g
1702,Glass glasstrut fett ca 10%,DPA (C22:5),Glass,0.0,g
1702,Glass glasstrut fett ca 10%,EPA (C20:5),Glass,0.0,g
1702,Glass glasstrut fett ca 10%,Arakidonsyra C20:4,Glass,0.0,g
1702,Glass glasstrut fett ca 10%,Arakidinsyra C20:0,Glass,0.0,g
1702,Glass glasstrut fett ca 10%,Linolensyra C18:3,Glass,0.1,g
1702,Glass glasstrut fett ca 10%,Linolsyra C18:2,Glass,0.4,g
1702,Glass glasstrut fett ca 10%,Oljesyra C18:1,Glass,2.4,g
1702,Glass glasstrut fett ca 10%,Stearinsyra C18:0,Glass,1.2,g
1702,Glass glasstrut fett ca 10%,Palmitoljesyra C16:1,Glass,0.2,g
1702,Glass glasstrut fett ca 10%,Palmitinsyra C16:0,Glass,3.3,g
1702,Glass glasstrut fett ca 10%,Myristinsyra C14:0,Glass,1.2,g
1702,Glass glasstrut fett ca 10%,Laurinsyra C12:0,Glass,0.6,g
1702,Glass glasstrut fett ca 10%,Betakaroten/β-Karoten,Glass,41.0,µg
1702,Glass glasstrut fett ca 10%,Avfall (skal etc.),Glass,0.0,%
1702,Glass glasstrut fett ca 10%,Aska,Glass,0.8,g
1702,Glass glasstrut fett ca 10%,Alkohol,Glass,0.0,g
1703,Glass mjukglass bägare,"Zink, Zn",Glass,0.4,mg
1703,Glass mjukglass bägare,Vitamin E,Glass,0.1,mg
1703,Glass mjukglass bägare,Vitamin D,Glass,0.0,µg
1703,Glass mjukglass bägare,Vitamin C,Glass,0.0,mg
1703,Glass mjukglass bägare,Vitamin B6,Glass,0.04,mg
1703,Glass mjukglass bägare,Vitamin B12,Glass,0.17,µg
1703,Glass mjukglass bägare,Vitamin A,Glass,20.6,RE/µg
1703,Glass mjukglass bägare,Vatten,Glass,69.3,g
1703,Glass mjukglass bägare,Tiamin,Glass,0.04,mg
1703,Glass mjukglass bägare,Tillsatt socker,Glass,12.0,g
1703,Glass mjukglass bägare,Fritt socker,Glass,12.0,g
1703,Glass mjukglass bägare,"Selen, Se",Glass,1.5,µg
1703,Glass mjukglass bägare,Sackaros,Glass,11.1,g
1703,Glass mjukglass bägare,Riboflavin,Glass,0.19,mg
1703,Glass mjukglass bägare,Retinol,Glass,20.0,µg
1703,Glass mjukglass bägare,Protein,Glass,3.1,g
1703,Glass mjukglass bägare,Summa fleromättade fettsyror,Glass,0.1,g
1703,Glass mjukglass bägare,"Fosfor, P",Glass,109.0,mg
1703,Glass mjukglass bägare,Niacinekvivalenter,Glass,0.9,NE/mg
1703,Glass mjukglass bägare,Niacin,Glass,0.13,mg
1703,Glass mjukglass bägare,"Salt, NaCl",Glass,0.2,g
1703,Glass mjukglass bägare,"Natrium, Na",Glass,76.0,mg
1703,Glass mjukglass bägare,Monosackarider,Glass,0.1,g
1703,Glass mjukglass bägare,"Sockerarter, totalt",Glass,17.2,g
1703,Glass mjukglass bägare,Summa enkelomättade fettsyror,Glass,0.7,g
1703,Glass mjukglass bägare,"Magnesium, Mg",Glass,11.0,mg
1703,Glass mjukglass bägare,Summa mättade fettsyror,Glass,5.7,g
1703,Glass mjukglass bägare,"Kolhydrater, tillgängliga",Glass,19.7,g
1703,Glass mjukglass bägare,Kolesterol,Glass,8.4,mg
1703,Glass mjukglass bägare,"Kalium, K",Glass,186.0,mg
1703,Glass mjukglass bägare,"Jod, I",Glass,3.9,µg
1703,Glass mjukglass bägare,Fullkorn totalt,Glass,0.0,g
1703,Glass mjukglass bägare,"Folat, totalt",Glass,10.5,µg
1703,Glass mjukglass bägare,Fibrer,Glass,0.0,g
1703,Glass mjukglass bägare,"Fett, totalt",Glass,7.0,g
1703,Glass mjukglass bägare,"Järn, Fe",Glass,0.1,mg
1703,Glass mjukglass bägare,Energi (kJ),Glass,646.0,kJ
1703,Glass mjukglass bägare,Energi (kcal),Glass,154.0,kcal
1703,Glass mjukglass bägare,Disackarider,Glass,17.1,g
1703,Glass mjukglass bägare,"Kalcium, Ca",Glass,119.0,mg
1703,Glass mjukglass bägare,Fettsyra 4:0-10:0,Glass,0.9,g
1703,Glass mjukglass bägare,DHA (C22:6),Glass,0.0,g
1703,Glass mjukglass bägare,DPA (C22:5),Glass,0.0,g
1703,Glass mjukglass bägare,EPA (C20:5),Glass,0.0,g
1703,Glass mjukglass bägare,Arakidonsyra C20:4,Glass,0.0,g
1703,Glass mjukglass bägare,Arakidinsyra C20:0,Glass,0.0,g
1703,Glass mjukglass bägare,Linolensyra C18:3,Glass,0.0,g
1703,Glass mjukglass bägare,Linolsyra C18:2,Glass,0.1,g
1703,Glass mjukglass bägare,Oljesyra C18:1,Glass,0.6,g
1703,Glass mjukglass bägare,Stearinsyra C18:0,Glass,0.7,g
1703,Glass mjukglass bägare,Palmitoljesyra C16:1,Glass,0.0,g
1703,Glass mjukglass bägare,Palmitinsyra C16:0,Glass,1.2,g
1703,Glass mjukglass bägare,Myristinsyra C14:0,Glass,0.9,g
1703,Glass mjukglass bägare,Laurinsyra C12:0,Glass,1.8,g
1703,Glass mjukglass bägare,Betakaroten/β-Karoten,Glass,8.0,µg
1703,Glass mjukglass bägare,Avfall (skal etc.),Glass,0.0,%
1703,Glass mjukglass bägare,Aska,Glass,0.9,g
1703,Glass mjukglass bägare,Alkohol,Glass,0.0,g
1705,Glass glasstårta fett 17%,"Zink, Zn",Glass,0.7,mg
1705,Glass glasstårta fett 17%,Vitamin E,Glass,1.0,mg
1705,Glass glasstårta fett 17%,Vitamin D,Glass,0.05,µg
1705,Glass glasstårta fett 17%,Vitamin C,Glass,0.3,mg
1705,Glass glasstårta fett 17%,Vitamin B6,Glass,0.06,mg
1705,Glass glasstårta fett 17%,Vitamin B12,Glass,0.4,µg
1705,Glass glasstårta fett 17%,Vitamin A,Glass,44.5,RE/µg
1705,Glass glasstårta fett 17%,Vatten,Glass,54.0,g
1705,Glass glasstårta fett 17%,Tiamin,Glass,0.04,mg
1705,Glass glasstårta fett 17%,Tillsatt socker,Glass,12.0,g
1705,Glass glasstårta fett 17%,Fritt socker,Glass,12.0,g
1705,Glass glasstårta fett 17%,"Selen, Se",Glass,0.2,µg
1705,Glass glasstårta fett 17%,Sackaros,Glass,12.1,g
1705,Glass glasstårta fett 17%,Riboflavin,Glass,0.15,mg
1705,Glass glasstårta fett 17%,Retinol,Glass,41.0,µg
1705,Glass glasstårta fett 17%,Protein,Glass,4.4,g
1705,Glass glasstårta fett 17%,Summa fleromättade fettsyror,Glass,0.8,g
1705,Glass glasstårta fett 17%,"Fosfor, P",Glass,104.0,mg
1705,Glass glasstårta fett 17%,Niacinekvivalenter,Glass,1.02,NE/mg
1705,Glass glasstårta fett 17%,Niacin,Glass,0.19,mg
1705,Glass glasstårta fett 17%,"Salt, NaCl",Glass,0.1,g
1705,Glass glasstårta fett 17%,"Natrium, Na",Glass,48.0,mg
1705,Glass glasstårta fett 17%,Monosackarider,Glass,0.4,g
1705,Glass glasstårta fett 17%,"Sockerarter, totalt",Glass,16.4,g
1705,Glass glasstårta fett 17%,Summa enkelomättade fettsyror,Glass,4.2,g
1705,Glass glasstårta fett 17%,"Magnesium, Mg",Glass,34.0,mg
1705,Glass glasstårta fett 17%,Summa mättade fettsyror,Glass,6.8,g
1705,Glass glasstårta fett 17%,"Kolhydrater, tillgängliga",Glass,22.2,g
1705,Glass glasstårta fett 17%,Kolesterol,Glass,27.4,mg
1705,Glass glasstårta fett 17%,"Kalium, K",Glass,214.0,mg
1705,Glass glasstårta fett 17%,"Jod, I",Glass,10.0,µg
1705,Glass glasstårta fett 17%,Fullkorn totalt,Glass,0.0,g
1705,Glass glasstårta fett 17%,"Folat, totalt",Glass,3.4,µg
1705,Glass glasstårta fett 17%,Fibrer,Glass,1.4,g
1705,Glass glasstårta fett 17%,"Fett, totalt",Glass,17.0,g
1705,Glass glasstårta fett 17%,"Järn, Fe",Glass,0.5,mg
1705,Glass glasstårta fett 17%,Energi (kJ),Glass,1093.0,kJ
1705,Glass glasstårta fett 17%,Energi (kcal),Glass,261.0,kcal
1705,Glass glasstårta fett 17%,Disackarider,Glass,16.0,g
1705,Glass glasstårta fett 17%,"Kalcium, Ca",Glass,133.0,mg
1705,Glass glasstårta fett 17%,Fettsyra 4:0-10:0,Glass,0.5,g
1705,Glass glasstårta fett 17%,DHA (C22:6),Glass,0.0,g
1705,Glass glasstårta fett 17%,DPA (C22:5),Glass,0.0,g
1705,Glass glasstårta fett 17%,EPA (C20:5),Glass,0.0,g
1705,Glass glasstårta fett 17%,Arakidonsyra C20:4,Glass,0.0,g
1705,Glass glasstårta fett 17%,Arakidinsyra C20:0,Glass,0.0,g
1705,Glass glasstårta fett 17%,Linolensyra C18:3,Glass,0.2,g
1705,Glass glasstårta fett 17%,Linolsyra C18:2,Glass,0.6,g
1705,Glass glasstårta fett 17%,Oljesyra C18:1,Glass,4.0,g
1705,Glass glasstårta fett 17%,Stearinsyra C18:0,Glass,1.6,g
1705,Glass glasstårta fett 17%,Palmitoljesyra C16:1,Glass,0.1,g
1705,Glass glasstårta fett 17%,Palmitinsyra C16:0,Glass,2.8,g
1705,Glass glasstårta fett 17%,Myristinsyra C14:0,Glass,0.9,g
1705,Glass glasstårta fett 17%,Laurinsyra C12:0,Glass,0.7,g
1705,Glass glasstårta fett 17%,Betakaroten/β-Karoten,Glass,43.0,µg
1705,Glass glasstårta fett 17%,Avfall (skal etc.),Glass,0.0,%
1705,Glass glasstårta fett 17%,Aska,Glass,0.9,g
1705,Glass glasstårta fett 17%,Alkohol,Glass,0.0,g
1706,Glass m. maräng fett 10%,"Zink, Zn",Glass,0.6,mg
1706,Glass m. maräng fett 10%,Vitamin E,Glass,2.4,mg
1706,Glass m. maräng fett 10%,Vitamin D,Glass,0.0,µg
1706,Glass m. maräng fett 10%,Vitamin C,Glass,0.0,mg
1706,Glass m. maräng fett 10%,Vitamin B6,Glass,0.05,mg
1706,Glass m. maräng fett 10%,Vitamin B12,Glass,0.44,µg
1706,Glass m. maräng fett 10%,Vitamin A,Glass,4.0,RE/µg
1706,Glass m. maräng fett 10%,Vatten,Glass,56.4,g
1706,Glass m. maräng fett 10%,Tiamin,Glass,0.04,mg
1706,Glass m. maräng fett 10%,Tillsatt socker,Glass,14.0,g
1706,Glass m. maräng fett 10%,Fritt socker,Glass,14.0,g
1706,Glass m. maräng fett 10%,"Selen, Se",Glass,1.2,µg
1706,Glass m. maräng fett 10%,Sackaros,Glass,14.3,g
1706,Glass m. maräng fett 10%,Riboflavin,Glass,0.15,mg
1706,Glass m. maräng fett 10%,Retinol,Glass,4.0,µg
1706,Glass m. maräng fett 10%,Protein,Glass,4.0,g
1706,Glass m. maräng fett 10%,Summa fleromättade fettsyror,Glass,1.2,g
1706,Glass m. maräng fett 10%,"Fosfor, P",Glass,90.0,mg
1706,Glass m. maräng fett 10%,Niacinekvivalenter,Glass,0.77,NE/mg
1706,Glass m. maräng fett 10%,Niacin,Glass,0.13,mg
1706,Glass m. maräng fett 10%,"Salt, NaCl",Glass,0.1,g
1706,Glass m. maräng fett 10%,"Natrium, Na",Glass,54.0,mg
1706,Glass m. maräng fett 10%,Monosackarider,Glass,0.0,g
1706,Glass m. maräng fett 10%,"Sockerarter, totalt",Glass,18.0,g
1706,Glass m. maräng fett 10%,Summa enkelomättade fettsyror,Glass,5.2,g
1706,Glass m. maräng fett 10%,"Magnesium, Mg",Glass,22.0,mg
1706,Glass m. maräng fett 10%,Summa mättade fettsyror,Glass,5.4,g
1706,Glass m. maräng fett 10%,"Kolhydrater, tillgängliga",Glass,25.8,g
1706,Glass m. maräng fett 10%,Kolesterol,Glass,1.8,mg
1706,Glass m. maräng fett 10%,"Kalium, K",Glass,222.0,mg
1706,Glass m. maräng fett 10%,"Jod, I",Glass,9.5,µg
1706,Glass m. maräng fett 10%,Fullkorn totalt,Glass,0.0,g
1706,Glass m. maräng fett 10%,"Folat, totalt",Glass,2.3,µg
1706,Glass m. maräng fett 10%,Fibrer,Glass,0.1,g
1706,Glass m. maräng fett 10%,"Fett, totalt",Glass,12.8,g
1706,Glass m. maräng fett 10%,"Järn, Fe",Glass,0.3,mg
1706,Glass m. maräng fett 10%,Energi (kJ),Glass,981.0,kJ
1706,Glass m. maräng fett 10%,Energi (kcal),Glass,234.0,kcal
1706,Glass m. maräng fett 10%,Disackarider,Glass,18.0,g
1706,Glass m. maräng fett 10%,"Kalcium, Ca",Glass,114.0,mg
1706,Glass m. maräng fett 10%,Fettsyra 4:0-10:0,Glass,0.3,g
1706,Glass m. maräng fett 10%,DHA (C22:6),Glass,0.0,g
1706,Glass m. maräng fett 10%,DPA (C22:5),Glass,0.0,g
1706,Glass m. maräng fett 10%,EPA (C20:5),Glass,0.0,g
1706,Glass m. maräng fett 10%,Arakidonsyra C20:4,Glass,0.0,g
1706,Glass m. maräng fett 10%,Arakidinsyra C20:0,Glass,0.1,g
1706,Glass m. maräng fett 10%,Linolensyra C18:3,Glass,0.3,g
1706,Glass m. maräng fett 10%,Linolsyra C18:2,Glass,0.8,g
1706,Glass m. maräng fett 10%,Oljesyra C18:1,Glass,5.1,g
1706,Glass m. maräng fett 10%,Stearinsyra C18:0,Glass,1.9,g
1706,Glass m. maräng fett 10%,Palmitoljesyra C16:1,Glass,0.0,g
1706,Glass m. maräng fett 10%,Palmitinsyra C16:0,Glass,1.7,g
1706,Glass m. maräng fett 10%,Myristinsyra C14:0,Glass,0.5,g
1706,Glass m. maräng fett 10%,Laurinsyra C12:0,Glass,1.0,g
1706,Glass m. maräng fett 10%,Betakaroten/β-Karoten,Glass,0.0,µg
1706,Glass m. maräng fett 10%,Avfall (skal etc.),Glass,0.0,%
1706,Glass m. maräng fett 10%,Aska,Glass,0.9,g
1706,Glass m. maräng fett 10%,Alkohol,Glass,0.0,g
1707,Glass havreglass m. vanilji fett 13%,"Zink, Zn",Glass,0.2,mg
1707,Glass havreglass m. vanilji fett 13%,Vitamin E,Glass,0.0,mg
1707,Glass havreglass m. vanilji fett 13%,Vitamin D inkl 25-OH-D3,Glass,0.0,µg
1707,Glass havreglass m. vanilji fett 13%,Vitamin D,Glass,0.0,µg
1707,Glass havreglass m. vanilji fett 13%,Vitamin C,Glass,0.0,mg
1707,Glass havreglass m. vanilji fett 13%,Vitamin B6,Glass,0.0,mg
1707,Glass havreglass m. vanilji fett 13%,Vitamin B12,Glass,0.0,µg
1707,Glass havreglass m. vanilji fett 13%,Vitamin A,Glass,0.0,RE/µg
1707,Glass havreglass m. vanilji fett 13%,Vatten,Glass,60.7,g
1707,Glass havreglass m. vanilji fett 13%,Tiamin,Glass,0.0,mg
1707,Glass havreglass m. vanilji fett 13%,Tillsatt socker,Glass,19.0,g
1707,Glass havreglass m. vanilji fett 13%,Fritt socker,Glass,19.0,g
1707,Glass havreglass m. vanilji fett 13%,"Selen, Se",Glass,0.0,µg
1707,Glass havreglass m. vanilji fett 13%,Sackaros,Glass,8.6,g
1707,Glass havreglass m. vanilji fett 13%,Riboflavin,Glass,0.0,mg
1707,Glass havreglass m. vanilji fett 13%,Retinol,Glass,0.0,µg
1707,Glass havreglass m. vanilji fett 13%,Protein,Glass,0.5,g
1707,Glass havreglass m. vanilji fett 13%,Summa fleromättade fettsyror,Glass,1.7,g
1707,Glass havreglass m. vanilji fett 13%,"Fosfor, P",Glass,19.0,mg
1707,Glass havreglass m. vanilji fett 13%,Niacinekvivalenter,Glass,0.1,NE/mg
1707,Glass havreglass m. vanilji fett 13%,Niacin,Glass,0.0,mg
1707,Glass havreglass m. vanilji fett 13%,"Salt, NaCl",Glass,0.1,g
1707,Glass havreglass m. vanilji fett 13%,"Natrium, Na",Glass,38.0,mg
1707,Glass havreglass m. vanilji fett 13%,Monosackarider,Glass,7.5,g
1707,Glass havreglass m. vanilji fett 13%,"Sockerarter, totalt",Glass,19.0,g
1707,Glass havreglass m. vanilji fett 13%,Summa enkelomättade fettsyror,Glass,3.8,g
1707,Glass havreglass m. vanilji fett 13%,"Magnesium, Mg",Glass,0.0,mg
1707,Glass havreglass m. vanilji fett 13%,Summa mättade fettsyror,Glass,6.5,g
1707,Glass havreglass m. vanilji fett 13%,"Kolhydrater, tillgängliga",Glass,25.3,g
1707,Glass havreglass m. vanilji fett 13%,Kolesterol,Glass,0.0,mg
1707,Glass havreglass m. vanilji fett 13%,"Kalium, K",Glass,23.0,mg
1707,Glass havreglass m. vanilji fett 13%,"Jod, I",Glass,0.0,µg
1707,Glass havreglass m. vanilji fett 13%,Fullkorn totalt,Glass,0.0,g
1707,Glass havreglass m. vanilji fett 13%,"Folat, totalt",Glass,0.0,µg
1707,Glass havreglass m. vanilji fett 13%,Fibrer,Glass,0.8,g
1707,Glass havreglass m. vanilji fett 13%,"Fett, totalt",Glass,12.6,g
1707,Glass havreglass m. vanilji fett 13%,"Järn, Fe",Glass,0.0,mg
1707,Glass havreglass m. vanilji fett 13%,Energi (kJ),Glass,911.0,kJ
1707,Glass havreglass m. vanilji fett 13%,Energi (kcal),Glass,218.0,kcal
1707,Glass havreglass m. vanilji fett 13%,Disackarider,Glass,11.5,g
1707,Glass havreglass m. vanilji fett 13%,"Kalcium, Ca",Glass,2.0,mg
1707,Glass havreglass m. vanilji fett 13%,Fettsyra 4:0-10:0,Glass,0.6,g
1707,Glass havreglass m. vanilji fett 13%,DHA (C22:6),Glass,0.0,g
1707,Glass havreglass m. vanilji fett 13%,DPA (C22:5),Glass,0.0,g
1707,Glass havreglass m. vanilji fett 13%,EPA (C20:5),Glass,0.0,g
1707,Glass havreglass m. vanilji fett 13%,Arakidonsyra C20:4,Glass,0.0,g
1707,Glass havreglass m. vanilji fett 13%,Arakidinsyra C20:0,Glass,0.1,g
1707,Glass havreglass m. vanilji fett 13%,Linolensyra C18:3,Glass,0.5,g
1707,Glass havreglass m. vanilji fett 13%,Linolsyra C18:2,Glass,1.2,g
1707,Glass havreglass m. vanilji fett 13%,Oljesyra C18:1,Glass,3.8,g
1707,Glass havreglass m. vanilji fett 13%,Stearinsyra C18:0,Glass,2.0,g
1707,Glass havreglass m. vanilji fett 13%,Palmitoljesyra C16:1,Glass,0.0,g
1707,Glass havreglass m. vanilji fett 13%,Palmitinsyra C16:0,Glass,0.9,g
1707,Glass havreglass m. vanilji fett 13%,Myristinsyra C14:0,Glass,0.8,g
1707,Glass havreglass m. vanilji fett 13%,Laurinsyra C12:0,Glass,2.1,g
1707,Glass havreglass m. vanilji fett 13%,Betakaroten/β-Karoten,Glass,0.0,µg
1707,Glass havreglass m. vanilji fett 13%,Avfall (skal etc.),Glass,0.0,%
1707,Glass havreglass m. vanilji fett 13%,Aska,Glass,0.1,g
1707,Glass havreglass m. vanilji fett 13%,Alkohol,Glass,0.0,g
1708,Glass parfait m. bär,"Zink, Zn",Glass,0.5,mg
1708,Glass parfait m. bär,Vitamin E,Glass,1.9,mg
1708,Glass parfait m. bär,Vitamin D inkl 25-OH-D3,Glass,0.55,µg
1708,Glass parfait m. bär,Vitamin D,Glass,0.3,µg
1708,Glass parfait m. bär,Vitamin C,Glass,13.0,mg
1708,Glass parfait m. bär,Vitamin B6,Glass,0.06,mg
1708,Glass parfait m. bär,Vitamin B12,Glass,0.44,µg
1708,Glass parfait m. bär,Vitamin A,Glass,226.9,RE/µg
1708,Glass parfait m. bär,Vatten,Glass,65.0,g
1708,Glass parfait m. bär,Tiamin,Glass,0.04,mg
1708,Glass parfait m. bär,Tillsatt socker,Glass,5.0,g
1708,Glass parfait m. bär,Fritt socker,Glass,5.0,g
1708,Glass parfait m. bär,"Selen, Se",Glass,4.6,µg
1708,Glass parfait m. bär,Sackaros,Glass,5.0,g
1708,Glass parfait m. bär,Riboflavin,Glass,0.1,mg
1708,Glass parfait m. bär,Retinol,Glass,213.6,µg
1708,Glass parfait m. bär,Protein,Glass,2.4,g
1708,Glass parfait m. bär,Summa fleromättade fettsyror,Glass,0.9,g
1708,Glass parfait m. bär,"Fosfor, P",Glass,75.0,mg
1708,Glass parfait m. bär,Niacinekvivalenter,Glass,0.72,NE/mg
1708,Glass parfait m. bär,Niacin,Glass,0.19,mg
1708,Glass parfait m. bär,"Salt, NaCl",Glass,0.1,g
1708,Glass parfait m. bär,"Natrium, Na",Glass,17.0,mg
1708,Glass parfait m. bär,Monosackarider,Glass,2.3,g
1708,Glass parfait m. bär,"Sockerarter, totalt",Glass,8.6,g
1708,Glass parfait m. bär,Summa enkelomättade fettsyror,Glass,5.6,g
1708,Glass parfait m. bär,"Magnesium, Mg",Glass,10.0,mg
1708,Glass parfait m. bär,Summa mättade fettsyror,Glass,12.9,g
1708,Glass parfait m. bär,"Kolhydrater, tillgängliga",Glass,9.2,g
1708,Glass parfait m. bär,Kolesterol,Glass,122.1,mg
1708,Glass parfait m. bär,"Kalium, K",Glass,105.0,mg
1708,Glass parfait m. bär,"Jod, I",Glass,12.1,µg
1708,Glass parfait m. bär,Fullkorn totalt,Glass,0.0,g
1708,Glass parfait m. bär,"Folat, totalt",Glass,39.6,µg
1708,Glass parfait m. bär,Fibrer,Glass,1.2,g
1708,Glass parfait m. bär,"Fett, totalt",Glass,21.4,g
1708,Glass parfait m. bär,"Järn, Fe",Glass,0.5,mg
1708,Glass parfait m. bär,Energi (kJ),Glass,999.0,kJ
1708,Glass parfait m. bär,Energi (kcal),Glass,239.0,kcal
1708,Glass parfait m. bär,Disackarider,Glass,6.3,g
1708,Glass parfait m. bär,"Kalcium, Ca",Glass,55.0,mg
1708,Glass parfait m. bär,Fettsyra 4:0-10:0,Glass,1.4,g
1708,Glass parfait m. bär,DHA (C22:6),Glass,0.0,g
1708,Glass parfait m. bär,DPA (C22:5),Glass,0.0,g
1708,Glass parfait m. bär,EPA (C20:5),Glass,0.0,g
1708,Glass parfait m. bär,Arakidonsyra C20:4,Glass,0.0,g
1708,Glass parfait m. bär,Arakidinsyra C20:0,Glass,0.0,g
1708,Glass parfait m. bär,Linolensyra C18:3,Glass,0.2,g
1708,Glass parfait m. bär,Linolsyra C18:2,Glass,0.6,g
1708,Glass parfait m. bär,Oljesyra C18:1,Glass,4.9,g
1708,Glass parfait m. bär,Stearinsyra C18:0,Glass,2.1,g
1708,Glass parfait m. bär,Palmitoljesyra C16:1,Glass,0.4,g
1708,Glass parfait m. bär,Palmitinsyra C16:0,Glass,6.4,g
1708,Glass parfait m. bär,Myristinsyra C14:0,Glass,2.0,g
1708,Glass parfait m. bär,Laurinsyra C12:0,Glass,0.6,g
1708,Glass parfait m. bär,Betakaroten/β-Karoten,Glass,158.0,µg
1708,Glass parfait m. bär,Avfall (skal etc.),Glass,1.0,%
1708,Glass parfait m. bär,Aska,Glass,0.5,g
1708,Glass parfait m. bär,Alkohol,Glass,0.0,g
1712,Matlagningsbas m. havre fett 13%,"Zink, Zn",Vegetabiliska produkter och mjölkersättning,0.0,mg
1712,Matlagningsbas m. havre fett 13%,Vitamin E,Vegetabiliska produkter och mjölkersättning,0.0,mg
1712,Matlagningsbas m. havre fett 13%,Vitamin D inkl 25-OH-D3,Vegetabiliska produkter och mjölkersättning,0.0,µg
1712,Matlagningsbas m. havre fett 13%,Vitamin D,Vegetabiliska produkter och mjölkersättning,0.0,µg
1712,Matlagningsbas m. havre fett 13%,Vitamin C,Vegetabiliska produkter och mjölkersättning,0.0,mg
1712,Matlagningsbas m. havre fett 13%,Vitamin B6,Vegetabiliska produkter och mjölkersättning,0.0,mg
1712,Matlagningsbas m. havre fett 13%,Vitamin B12,Vegetabiliska produkter och mjölkersättning,0.0,µg
1712,Matlagningsbas m. havre fett 13%,Vitamin A,Vegetabiliska produkter och mjölkersättning,0.0,RE/µg
1712,Matlagningsbas m. havre fett 13%,Vatten,Vegetabiliska produkter och mjölkersättning,78.7,g
1712,Matlagningsbas m. havre fett 13%,Tiamin,Vegetabiliska produkter och mjölkersättning,0.02,mg
1712,Matlagningsbas m. havre fett 13%,Tillsatt socker,Vegetabiliska produkter och mjölkersättning,0.0,g
1712,Matlagningsbas m. havre fett 13%,Fritt socker,Vegetabiliska produkter och mjölkersättning,0.0,g
1712,Matlagningsbas m. havre fett 13%,"Selen, Se",Vegetabiliska produkter och mjölkersättning,0.0,µg
1712,Matlagningsbas m. havre fett 13%,Sackaros,Vegetabiliska produkter och mjölkersättning,0.1,g
1712,Matlagningsbas m. havre fett 13%,Riboflavin,Vegetabiliska produkter och mjölkersättning,0.0,mg
1712,Matlagningsbas m. havre fett 13%,Retinol,Vegetabiliska produkter och mjölkersättning,0.0,µg
1712,Matlagningsbas m. havre fett 13%,Protein,Vegetabiliska produkter och mjölkersättning,0.7,g
1712,Matlagningsbas m. havre fett 13%,Summa fleromättade fettsyror,Vegetabiliska produkter och mjölkersättning,3.3,g
1712,Matlagningsbas m. havre fett 13%,"Fosfor, P",Vegetabiliska produkter och mjölkersättning,26.0,mg
1712,Matlagningsbas m. havre fett 13%,Niacinekvivalenter,Vegetabiliska produkter och mjölkersättning,0.1,NE/mg
1712,Matlagningsbas m. havre fett 13%,Niacin,Vegetabiliska produkter och mjölkersättning,0.0,mg
1712,Matlagningsbas m. havre fett 13%,"Salt, NaCl",Vegetabiliska produkter och mjölkersättning,0.1,g
1712,Matlagningsbas m. havre fett 13%,"Natrium, Na",Vegetabiliska produkter och mjölkersättning,48.0,mg
1712,Matlagningsbas m. havre fett 13%,Monosackarider,Vegetabiliska produkter och mjölkersättning,0.0,g
1712,Matlagningsbas m. havre fett 13%,"Sockerarter, totalt",Vegetabiliska produkter och mjölkersättning,3.2,g
1712,Matlagningsbas m. havre fett 13%,Summa enkelomättade fettsyror,Vegetabiliska produkter och mjölkersättning,7.7,g
1712,Matlagningsbas m. havre fett 13%,"Magnesium, Mg",Vegetabiliska produkter och mjölkersättning,4.0,mg
1712,Matlagningsbas m. havre fett 13%,Summa mättade fettsyror,Vegetabiliska produkter och mjölkersättning,1.0,g
1712,Matlagningsbas m. havre fett 13%,"Kolhydrater, tillgängliga",Vegetabiliska produkter och mjölkersättning,6.7,g
1712,Matlagningsbas m. havre fett 13%,Kolesterol,Vegetabiliska produkter och mjölkersättning,0.0,mg
1712,Matlagningsbas m. havre fett 13%,"Kalium, K",Vegetabiliska produkter och mjölkersättning,31.0,mg
1712,Matlagningsbas m. havre fett 13%,"Jod, I",Vegetabiliska produkter och mjölkersättning,0.0,µg
1712,Matlagningsbas m. havre fett 13%,Fullkorn totalt,Vegetabiliska produkter och mjölkersättning,0.0,g
1712,Matlagningsbas m. havre fett 13%,"Folat, totalt",Vegetabiliska produkter och mjölkersättning,6.9,µg
1712,Matlagningsbas m. havre fett 13%,Fibrer,Vegetabiliska produkter och mjölkersättning,0.8,g
1712,Matlagningsbas m. havre fett 13%,"Fett, totalt",Vegetabiliska produkter och mjölkersättning,12.8,g
1712,Matlagningsbas m. havre fett 13%,"Järn, Fe",Vegetabiliska produkter och mjölkersättning,0.0,mg
1712,Matlagningsbas m. havre fett 13%,Energi (kJ),Vegetabiliska produkter och mjölkersättning,605.0,kJ
1712,Matlagningsbas m. havre fett 13%,Energi (kcal),Vegetabiliska produkter och mjölkersättning,145.0,kcal
1712,Matlagningsbas m. havre fett 13%,Disackarider,Vegetabiliska produkter och mjölkersättning,3.2,g
1712,Matlagningsbas m. havre fett 13%,"Kalcium, Ca",Vegetabiliska produkter och mjölkersättning,18.0,mg
1712,Matlagningsbas m. havre fett 13%,Fettsyra 4:0-10:0,Vegetabiliska produkter och mjölkersättning,0.0,g
1712,Matlagningsbas m. havre fett 13%,DHA (C22:6),Vegetabiliska produkter och mjölkersättning,0.0,g
1712,Matlagningsbas m. havre fett 13%,DPA (C22:5),Vegetabiliska produkter och mjölkersättning,0.0,g
1712,Matlagningsbas m. havre fett 13%,EPA (C20:5),Vegetabiliska produkter och mjölkersättning,0.0,g
1712,Matlagningsbas m. havre fett 13%,Arakidonsyra C20:4,Vegetabiliska produkter och mjölkersättning,0.0,g
1712,Matlagningsbas m. havre fett 13%,Arakidinsyra C20:0,Vegetabiliska produkter och mjölkersättning,0.1,g
1712,Matlagningsbas m. havre fett 13%,Linolensyra C18:3,Vegetabiliska produkter och mjölkersättning,0.9,g
1712,Matlagningsbas m. havre fett 13%,Linolsyra C18:2,Vegetabiliska produkter och mjölkersättning,2.4,g
1712,Matlagningsbas m. havre fett 13%,Oljesyra C18:1,Vegetabiliska produkter och mjölkersättning,7.5,g
1712,Matlagningsbas m. havre fett 13%,Stearinsyra C18:0,Vegetabiliska produkter och mjölkersättning,0.3,g
1712,Matlagningsbas m. havre fett 13%,Palmitoljesyra C16:1,Vegetabiliska produkter och mjölkersättning,0.0,g
1712,Matlagningsbas m. havre fett 13%,Palmitinsyra C16:0,Vegetabiliska produkter och mjölkersättning,0.6,g
1712,Matlagningsbas m. havre fett 13%,Myristinsyra C14:0,Vegetabiliska produkter och mjölkersättning,0.0,g
1712,Matlagningsbas m. havre fett 13%,Laurinsyra C12:0,Vegetabiliska produkter och mjölkersättning,0.0,g
1712,Matlagningsbas m. havre fett 13%,Betakaroten/β-Karoten,Vegetabiliska produkter och mjölkersättning,0.0,µg
1712,Matlagningsbas m. havre fett 13%,Avfall (skal etc.),Vegetabiliska produkter och mjölkersättning,0.0,%
1712,Matlagningsbas m. havre fett 13%,Aska,Vegetabiliska produkter och mjölkersättning,0.2,g
1712,Matlagningsbas m. havre fett 13%,Alkohol,Vegetabiliska produkter och mjölkersättning,0.0,g
1713,Gräddfil fett 12%,"Zink, Zn",Grädde creme fraiche,0.4,mg
1713,Gräddfil fett 12%,Vitamin E,Grädde creme fraiche,0.3,mg
1713,Gräddfil fett 12%,Vitamin D,Grädde creme fraiche,0.0,µg
1713,Gräddfil fett 12%,Vitamin C,Grädde creme fraiche,0.0,mg
1713,Gräddfil fett 12%,Vitamin B6,Grädde creme fraiche,0.03,mg
1713,Gräddfil fett 12%,Vitamin B12,Grädde creme fraiche,0.0,µg
1713,Gräddfil fett 12%,Vitamin A,Grädde creme fraiche,111.8,RE/µg
1713,Gräddfil fett 12%,Vatten,Grädde creme fraiche,81.4,g
1713,Gräddfil fett 12%,Tiamin,Grädde creme fraiche,0.0,mg
1713,Gräddfil fett 12%,Tillsatt socker,Grädde creme fraiche,0.0,g
1713,Gräddfil fett 12%,Fritt socker,Grädde creme fraiche,0.0,g
1713,Gräddfil fett 12%,"Selen, Se",Grädde creme fraiche,1.2,µg
1713,Gräddfil fett 12%,Sackaros,Grädde creme fraiche,0.0,g
1713,Gräddfil fett 12%,Riboflavin,Grädde creme fraiche,0.12,mg
1713,Gräddfil fett 12%,Retinol,Grädde creme fraiche,108.0,µg
1713,Gräddfil fett 12%,Protein,Grädde creme fraiche,2.5,g
1713,Gräddfil fett 12%,Summa fleromättade fettsyror,Grädde creme fraiche,0.4,g
1713,Gräddfil fett 12%,"Fosfor, P",Grädde creme fraiche,94.0,mg
1713,Gräddfil fett 12%,Niacinekvivalenter,Grädde creme fraiche,0.7,NE/mg
1713,Gräddfil fett 12%,Niacin,Grädde creme fraiche,0.1,mg
1713,Gräddfil fett 12%,"Salt, NaCl",Grädde creme fraiche,0.1,g
1713,Gräddfil fett 12%,"Natrium, Na",Grädde creme fraiche,38.0,mg
1713,Gräddfil fett 12%,Monosackarider,Grädde creme fraiche,0.0,g
1713,Gräddfil fett 12%,"Sockerarter, totalt",Grädde creme fraiche,3.3,g
1713,Gräddfil fett 12%,Summa enkelomättade fettsyror,Grädde creme fraiche,2.7,g
1713,Gräddfil fett 12%,"Magnesium, Mg",Grädde creme fraiche,10.0,mg
1713,Gräddfil fett 12%,Summa mättade fettsyror,Grädde creme fraiche,7.7,g
1713,Gräddfil fett 12%,"Kolhydrater, tillgängliga",Grädde creme fraiche,4.0,g
1713,Gräddfil fett 12%,Kolesterol,Grädde creme fraiche,37.3,mg
1713,Gräddfil fett 12%,"Kalium, K",Grädde creme fraiche,130.0,mg
1713,Gräddfil fett 12%,"Jod, I",Grädde creme fraiche,20.0,µg
1713,Gräddfil fett 12%,Fullkorn totalt,Grädde creme fraiche,0.0,g
1713,Gräddfil fett 12%,"Folat, totalt",Grädde creme fraiche,10.1,µg
1713,Gräddfil fett 12%,Fibrer,Grädde creme fraiche,0.0,g
1713,Gräddfil fett 12%,"Fett, totalt",Grädde creme fraiche,11.5,g
1713,Gräddfil fett 12%,"Järn, Fe",Grädde creme fraiche,0.0,mg
1713,Gräddfil fett 12%,Energi (kJ),Grädde creme fraiche,536.0,kJ
1713,Gräddfil fett 12%,Energi (kcal),Grädde creme fraiche,128.0,kcal
1713,Gräddfil fett 12%,Disackarider,Grädde creme fraiche,3.3,g
1713,Gräddfil fett 12%,"Kalcium, Ca",Grädde creme fraiche,100.0,mg
1713,Gräddfil fett 12%,Fettsyra 4:0-10:0,Grädde creme fraiche,0.8,g
1713,Gräddfil fett 12%,DHA (C22:6),Grädde creme fraiche,0.0,g
1713,Gräddfil fett 12%,DPA (C22:5),Grädde creme fraiche,0.0,g
1713,Gräddfil fett 12%,EPA (C20:5),Grädde creme fraiche,0.0,g
1713,Gräddfil fett 12%,Arakidonsyra C20:4,Grädde creme fraiche,0.0,g
1713,Gräddfil fett 12%,Arakidinsyra C20:0,Grädde creme fraiche,0.0,g
1713,Gräddfil fett 12%,Linolensyra C18:3,Grädde creme fraiche,0.1,g
1713,Gräddfil fett 12%,Linolsyra C18:2,Grädde creme fraiche,0.3,g
1713,Gräddfil fett 12%,Oljesyra C18:1,Grädde creme fraiche,2.3,g
1713,Gräddfil fett 12%,Stearinsyra C18:0,Grädde creme fraiche,1.0,g
1713,Gräddfil fett 12%,Palmitoljesyra C16:1,Grädde creme fraiche,0.2,g
1713,Gräddfil fett 12%,Palmitinsyra C16:0,Grädde creme fraiche,3.7,g
1713,Gräddfil fett 12%,Myristinsyra C14:0,Grädde creme fraiche,1.4,g
1713,Gräddfil fett 12%,Laurinsyra C12:0,Grädde creme fraiche,0.4,g
1713,Gräddfil fett 12%,Betakaroten/β-Karoten,Grädde creme fraiche,46.0,µg
1713,Gräddfil fett 12%,Avfall (skal etc.),Grädde creme fraiche,0.0,%
1713,Gräddfil fett 12%,Aska,Grädde creme fraiche,0.7,g
1713,Gräddfil fett 12%,Alkohol,Grädde creme fraiche,0.0,g
1714,Kaffegrädde fett 12%,"Zink, Zn",Grädde creme fraiche,0.4,mg
1714,Kaffegrädde fett 12%,Vitamin E,Grädde creme fraiche,0.3,mg
1714,Kaffegrädde fett 12%,Vitamin D inkl 25-OH-D3,Grädde creme fraiche,0.09,µg
1714,Kaffegrädde fett 12%,Vitamin D,Grädde creme fraiche,0.03,µg
1714,Kaffegrädde fett 12%,Vitamin C,Grädde creme fraiche,0.6,mg
1714,Kaffegrädde fett 12%,Vitamin B6,Grädde creme fraiche,0.04,mg
1714,Kaffegrädde fett 12%,Vitamin B12,Grädde creme fraiche,0.52,µg
1714,Kaffegrädde fett 12%,Vitamin A,Grädde creme fraiche,110.7,RE/µg
1714,Kaffegrädde fett 12%,Vatten,Grädde creme fraiche,79.8,g
1714,Kaffegrädde fett 12%,Tiamin,Grädde creme fraiche,0.04,mg
1714,Kaffegrädde fett 12%,Tillsatt socker,Grädde creme fraiche,0.0,g
1714,Kaffegrädde fett 12%,Fritt socker,Grädde creme fraiche,0.0,g
1714,Kaffegrädde fett 12%,"Selen, Se",Grädde creme fraiche,1.5,µg
1714,Kaffegrädde fett 12%,Sackaros,Grädde creme fraiche,0.0,g
1714,Kaffegrädde fett 12%,Riboflavin,Grädde creme fraiche,0.13,mg
1714,Kaffegrädde fett 12%,Retinol,Grädde creme fraiche,103.3,µg
1714,Kaffegrädde fett 12%,Protein,Grädde creme fraiche,3.1,g
1714,Kaffegrädde fett 12%,Summa fleromättade fettsyror,Grädde creme fraiche,0.3,g
1714,Kaffegrädde fett 12%,"Fosfor, P",Grädde creme fraiche,93.0,mg
1714,Kaffegrädde fett 12%,Niacinekvivalenter,Grädde creme fraiche,0.8,NE/mg
1714,Kaffegrädde fett 12%,Niacin,Grädde creme fraiche,0.06,mg
1714,Kaffegrädde fett 12%,"Salt, NaCl",Grädde creme fraiche,0.1,g
1714,Kaffegrädde fett 12%,"Natrium, Na",Grädde creme fraiche,36.0,mg
1714,Kaffegrädde fett 12%,Monosackarider,Grädde creme fraiche,0.0,g
1714,Kaffegrädde fett 12%,"Sockerarter, totalt",Grädde creme fraiche,4.3,g
1714,Kaffegrädde fett 12%,Summa enkelomättade fettsyror,Grädde creme fraiche,3.0,g
1714,Kaffegrädde fett 12%,"Magnesium, Mg",Grädde creme fraiche,10.0,mg
1714,Kaffegrädde fett 12%,Summa mättade fettsyror,Grädde creme fraiche,7.7,g
1714,Kaffegrädde fett 12%,"Kolhydrater, tillgängliga",Grädde creme fraiche,4.4,g
1714,Kaffegrädde fett 12%,Kolesterol,Grädde creme fraiche,35.6,mg
1714,Kaffegrädde fett 12%,"Kalium, K",Grädde creme fraiche,146.0,mg
1714,Kaffegrädde fett 12%,"Jod, I",Grädde creme fraiche,10.7,µg
1714,Kaffegrädde fett 12%,Fullkorn totalt,Grädde creme fraiche,0.0,g
1714,Kaffegrädde fett 12%,"Folat, totalt",Grädde creme fraiche,13.0,µg
1714,Kaffegrädde fett 12%,Fibrer,Grädde creme fraiche,0.0,g
1714,Kaffegrädde fett 12%,"Fett, totalt",Grädde creme fraiche,12.0,g
1714,Kaffegrädde fett 12%,"Järn, Fe",Grädde creme fraiche,0.0,mg
1714,Kaffegrädde fett 12%,Energi (kJ),Grädde creme fraiche,572.0,kJ
1714,Kaffegrädde fett 12%,Energi (kcal),Grädde creme fraiche,137.0,kcal
1714,Kaffegrädde fett 12%,Disackarider,Grädde creme fraiche,4.3,g
1714,Kaffegrädde fett 12%,"Kalcium, Ca",Grädde creme fraiche,109.0,mg
1714,Kaffegrädde fett 12%,Fettsyra 4:0-10:0,Grädde creme fraiche,0.9,g
1714,Kaffegrädde fett 12%,DHA (C22:6),Grädde creme fraiche,0.0,g
1714,Kaffegrädde fett 12%,DPA (C22:5),Grädde creme fraiche,0.0,g
1714,Kaffegrädde fett 12%,EPA (C20:5),Grädde creme fraiche,0.0,g
1714,Kaffegrädde fett 12%,Arakidonsyra C20:4,Grädde creme fraiche,0.0,g
1714,Kaffegrädde fett 12%,Arakidinsyra C20:0,Grädde creme fraiche,0.0,g
1714,Kaffegrädde fett 12%,Linolensyra C18:3,Grädde creme fraiche,0.1,g
1714,Kaffegrädde fett 12%,Linolsyra C18:2,Grädde creme fraiche,0.2,g
1714,Kaffegrädde fett 12%,Oljesyra C18:1,Grädde creme fraiche,2.6,g
1714,Kaffegrädde fett 12%,Stearinsyra C18:0,Grädde creme fraiche,1.2,g
1714,Kaffegrädde fett 12%,Palmitoljesyra C16:1,Grädde creme fraiche,0.2,g
1714,Kaffegrädde fett 12%,Palmitinsyra C16:0,Grädde creme fraiche,3.7,g
1714,Kaffegrädde fett 12%,Myristinsyra C14:0,Grädde creme fraiche,1.2,g
1714,Kaffegrädde fett 12%,Laurinsyra C12:0,Grädde creme fraiche,0.4,g
1714,Kaffegrädde fett 12%,Betakaroten/β-Karoten,Grädde creme fraiche,89.0,µg
1714,Kaffegrädde fett 12%,Avfall (skal etc.),Grädde creme fraiche,0.0,%
1714,Kaffegrädde fett 12%,Aska,Grädde creme fraiche,0.7,g
1714,Kaffegrädde fett 12%,Alkohol,Grädde creme fraiche,0.0,g
1715,Vispgrädde fett 40%,"Zink, Zn",Grädde creme fraiche,0.3,mg
1715,Vispgrädde fett 40%,Vitamin E,Grädde creme fraiche,1.0,mg
1715,Vispgrädde fett 40%,Vitamin D inkl 25-OH-D3,Grädde creme fraiche,0.24,µg
1715,Vispgrädde fett 40%,Vitamin D,Grädde creme fraiche,0.09,µg
1715,Vispgrädde fett 40%,Vitamin C,Grädde creme fraiche,0.4,mg
1715,Vispgrädde fett 40%,Vitamin B6,Grädde creme fraiche,0.03,mg
1715,Vispgrädde fett 40%,Vitamin B12,Grädde creme fraiche,0.36,µg
1715,Vispgrädde fett 40%,Vitamin A,Grädde creme fraiche,369.3,RE/µg
1715,Vispgrädde fett 40%,Vatten,Grädde creme fraiche,54.4,g
1715,Vispgrädde fett 40%,Tiamin,Grädde creme fraiche,0.03,mg
1715,Vispgrädde fett 40%,Tillsatt socker,Grädde creme fraiche,0.0,g
1715,Vispgrädde fett 40%,Fritt socker,Grädde creme fraiche,0.0,g
1715,Vispgrädde fett 40%,"Selen, Se",Grädde creme fraiche,1.3,µg
1715,Vispgrädde fett 40%,Sackaros,Grädde creme fraiche,0.0,g
1715,Vispgrädde fett 40%,Riboflavin,Grädde creme fraiche,0.09,mg
1715,Vispgrädde fett 40%,Retinol,Grädde creme fraiche,344.5,µg
1715,Vispgrädde fett 40%,Protein,Grädde creme fraiche,2.1,g
1715,Vispgrädde fett 40%,Summa fleromättade fettsyror,Grädde creme fraiche,1.0,g
1715,Vispgrädde fett 40%,"Fosfor, P",Grädde creme fraiche,63.0,mg
1715,Vispgrädde fett 40%,Niacinekvivalenter,Grädde creme fraiche,0.5,NE/mg
1715,Vispgrädde fett 40%,Niacin,Grädde creme fraiche,0.04,mg
1715,Vispgrädde fett 40%,"Salt, NaCl",Grädde creme fraiche,0.1,g
1715,Vispgrädde fett 40%,"Natrium, Na",Grädde creme fraiche,24.0,mg
1715,Vispgrädde fett 40%,Monosackarider,Grädde creme fraiche,0.0,g
1715,Vispgrädde fett 40%,"Sockerarter, totalt",Grädde creme fraiche,2.7,g
1715,Vispgrädde fett 40%,Summa enkelomättade fettsyror,Grädde creme fraiche,10.0,g
1715,Vispgrädde fett 40%,"Magnesium, Mg",Grädde creme fraiche,7.0,mg
1715,Vispgrädde fett 40%,Summa mättade fettsyror,Grädde creme fraiche,25.6,g
1715,Vispgrädde fett 40%,"Kolhydrater, tillgängliga",Grädde creme fraiche,3.0,g
1715,Vispgrädde fett 40%,Kolesterol,Grädde creme fraiche,114.3,mg
1715,Vispgrädde fett 40%,"Kalium, K",Grädde creme fraiche,100.0,mg
1715,Vispgrädde fett 40%,"Jod, I",Grädde creme fraiche,13.6,µg
1715,Vispgrädde fett 40%,Fullkorn totalt,Grädde creme fraiche,0.0,g
1715,Vispgrädde fett 40%,"Folat, totalt",Grädde creme fraiche,8.9,µg
1715,Vispgrädde fett 40%,Fibrer,Grädde creme fraiche,0.0,g
1715,Vispgrädde fett 40%,"Fett, totalt",Grädde creme fraiche,40.0,g
1715,Vispgrädde fett 40%,"Järn, Fe",Grädde creme fraiche,0.0,mg
1715,Vispgrädde fett 40%,Energi (kJ),Grädde creme fraiche,1567.0,kJ
1715,Vispgrädde fett 40%,Energi (kcal),Grädde creme fraiche,374.0,kcal
1715,Vispgrädde fett 40%,Disackarider,Grädde creme fraiche,2.7,g
1715,Vispgrädde fett 40%,"Kalcium, Ca",Grädde creme fraiche,75.0,mg
1715,Vispgrädde fett 40%,Fettsyra 4:0-10:0,Grädde creme fraiche,2.9,g
1715,Vispgrädde fett 40%,DHA (C22:6),Grädde creme fraiche,0.0,g
1715,Vispgrädde fett 40%,DPA (C22:5),Grädde creme fraiche,0.0,g
1715,Vispgrädde fett 40%,EPA (C20:5),Grädde creme fraiche,0.0,g
1715,Vispgrädde fett 40%,Arakidonsyra C20:4,Grädde creme fraiche,0.0,g
1715,Vispgrädde fett 40%,Arakidinsyra C20:0,Grädde creme fraiche,0.1,g
1715,Vispgrädde fett 40%,Linolensyra C18:3,Grädde creme fraiche,0.3,g
1715,Vispgrädde fett 40%,Linolsyra C18:2,Grädde creme fraiche,0.6,g
1715,Vispgrädde fett 40%,Oljesyra C18:1,Grädde creme fraiche,8.7,g
1715,Vispgrädde fett 40%,Stearinsyra C18:0,Grädde creme fraiche,4.0,g
1715,Vispgrädde fett 40%,Palmitoljesyra C16:1,Grädde creme fraiche,0.8,g
1715,Vispgrädde fett 40%,Palmitinsyra C16:0,Grädde creme fraiche,12.4,g
1715,Vispgrädde fett 40%,Myristinsyra C14:0,Grädde creme fraiche,4.2,g
1715,Vispgrädde fett 40%,Laurinsyra C12:0,Grädde creme fraiche,1.3,g
1715,Vispgrädde fett 40%,Betakaroten/β-Karoten,Grädde creme fraiche,298.0,µg
1715,Vispgrädde fett 40%,Avfall (skal etc.),Grädde creme fraiche,0.0,%
1715,Vispgrädde fett 40%,Aska,Grädde creme fraiche,0.5,g
1715,Vispgrädde fett 40%,Alkohol,Grädde creme fraiche,0.0,g
1716,Mellangrädde fett 27%,"Zink, Zn",Grädde creme fraiche,0.3,mg
1716,Mellangrädde fett 27%,Vitamin E,Grädde creme fraiche,0.7,mg
1716,Mellangrädde fett 27%,Vitamin D,Grädde creme fraiche,0.06,µg
1716,Mellangrädde fett 27%,Vitamin C,Grädde creme fraiche,0.5,mg
1716,Mellangrädde fett 27%,Vitamin B6,Grädde creme fraiche,0.04,mg
1716,Mellangrädde fett 27%,Vitamin B12,Grädde creme fraiche,0.43,µg
1716,Mellangrädde fett 27%,Vitamin A,Grädde creme fraiche,241.8,RE/µg
1716,Mellangrädde fett 27%,Vatten,Grädde creme fraiche,66.2,g
1716,Mellangrädde fett 27%,Tiamin,Grädde creme fraiche,0.04,mg
1716,Mellangrädde fett 27%,Tillsatt socker,Grädde creme fraiche,0.0,g
1716,Mellangrädde fett 27%,Fritt socker,Grädde creme fraiche,0.0,g
1716,Mellangrädde fett 27%,"Selen, Se",Grädde creme fraiche,1.4,µg
1716,Mellangrädde fett 27%,Sackaros,Grädde creme fraiche,0.0,g
1716,Mellangrädde fett 27%,Riboflavin,Grädde creme fraiche,0.11,mg
1716,Mellangrädde fett 27%,Retinol,Grädde creme fraiche,232.5,µg
1716,Mellangrädde fett 27%,Protein,Grädde creme fraiche,2.6,g
1716,Mellangrädde fett 27%,Summa fleromättade fettsyror,Grädde creme fraiche,0.6,g
1716,Mellangrädde fett 27%,"Fosfor, P",Grädde creme fraiche,77.0,mg
1716,Mellangrädde fett 27%,Niacinekvivalenter,Grädde creme fraiche,0.7,NE/mg
1716,Mellangrädde fett 27%,Niacin,Grädde creme fraiche,0.05,mg
1716,Mellangrädde fett 27%,"Salt, NaCl",Grädde creme fraiche,0.1,g
1716,Mellangrädde fett 27%,"Natrium, Na",Grädde creme fraiche,30.0,mg
1716,Mellangrädde fett 27%,Monosackarider,Grädde creme fraiche,0.0,g
1716,Mellangrädde fett 27%,"Sockerarter, totalt",Grädde creme fraiche,3.6,g
1716,Mellangrädde fett 27%,Summa enkelomättade fettsyror,Grädde creme fraiche,6.7,g
1716,Mellangrädde fett 27%,"Magnesium, Mg",Grädde creme fraiche,8.0,mg
1716,Mellangrädde fett 27%,Summa mättade fettsyror,Grädde creme fraiche,17.3,g
1716,Mellangrädde fett 27%,"Kolhydrater, tillgängliga",Grädde creme fraiche,3.6,g
1716,Mellangrädde fett 27%,Kolesterol,Grädde creme fraiche,77.8,mg
1716,Mellangrädde fett 27%,"Kalium, K",Grädde creme fraiche,121.0,mg
1716,Mellangrädde fett 27%,"Jod, I",Grädde creme fraiche,8.9,µg
1716,Mellangrädde fett 27%,Fullkorn totalt,Grädde creme fraiche,0.0,g
1716,Mellangrädde fett 27%,"Folat, totalt",Grädde creme fraiche,10.8,µg
1716,Mellangrädde fett 27%,Fibrer,Grädde creme fraiche,0.0,g
1716,Mellangrädde fett 27%,"Fett, totalt",Grädde creme fraiche,27.0,g
1716,Mellangrädde fett 27%,"Järn, Fe",Grädde creme fraiche,0.0,mg
1716,Mellangrädde fett 27%,Energi (kJ),Grädde creme fraiche,1105.0,kJ
1716,Mellangrädde fett 27%,Energi (kcal),Grädde creme fraiche,264.0,kcal
1716,Mellangrädde fett 27%,Disackarider,Grädde creme fraiche,3.6,g
1716,Mellangrädde fett 27%,"Kalcium, Ca",Grädde creme fraiche,91.0,mg
1716,Mellangrädde fett 27%,Fettsyra 4:0-10:0,Grädde creme fraiche,2.0,g
1716,Mellangrädde fett 27%,DHA (C22:6),Grädde creme fraiche,0.0,g
1716,Mellangrädde fett 27%,DPA (C22:5),Grädde creme fraiche,0.0,g
1716,Mellangrädde fett 27%,EPA (C20:5),Grädde creme fraiche,0.0,g
1716,Mellangrädde fett 27%,Arakidonsyra C20:4,Grädde creme fraiche,0.0,g
1716,Mellangrädde fett 27%,Arakidinsyra C20:0,Grädde creme fraiche,0.0,g
1716,Mellangrädde fett 27%,Linolensyra C18:3,Grädde creme fraiche,0.2,g
1716,Mellangrädde fett 27%,Linolsyra C18:2,Grädde creme fraiche,0.4,g
1716,Mellangrädde fett 27%,Oljesyra C18:1,Grädde creme fraiche,5.8,g
1716,Mellangrädde fett 27%,Stearinsyra C18:0,Grädde creme fraiche,2.7,g
1716,Mellangrädde fett 27%,Palmitoljesyra C16:1,Grädde creme fraiche,0.6,g
1716,Mellangrädde fett 27%,Palmitinsyra C16:0,Grädde creme fraiche,8.4,g
1716,Mellangrädde fett 27%,Myristinsyra C14:0,Grädde creme fraiche,2.8,g
1716,Mellangrädde fett 27%,Laurinsyra C12:0,Grädde creme fraiche,0.9,g
1716,Mellangrädde fett 27%,Betakaroten/β-Karoten,Grädde creme fraiche,112.0,µg
1716,Mellangrädde fett 27%,Avfall (skal etc.),Grädde creme fraiche,0.0,%
1716,Mellangrädde fett 27%,Aska,Grädde creme fraiche,0.6,g
1716,Mellangrädde fett 27%,Alkohol,Grädde creme fraiche,0.0,g
1717,Matlagningsgrädde fett 15%,"Zink, Zn",Grädde creme fraiche,0.4,mg
1717,Matlagningsgrädde fett 15%,Vitamin E,Grädde creme fraiche,0.4,mg
1717,Matlagningsgrädde fett 15%,Vitamin D inkl 25-OH-D3,Grädde creme fraiche,0.1,µg
1717,Matlagningsgrädde fett 15%,Vitamin D,Grädde creme fraiche,0.03,µg
1717,Matlagningsgrädde fett 15%,Vitamin C,Grädde creme fraiche,0.5,mg
1717,Matlagningsgrädde fett 15%,Vitamin B6,Grädde creme fraiche,0.04,mg
1717,Matlagningsgrädde fett 15%,Vitamin B12,Grädde creme fraiche,0.51,µg
1717,Matlagningsgrädde fett 15%,Vitamin A,Grädde creme fraiche,138.5,RE/µg
1717,Matlagningsgrädde fett 15%,Vatten,Grädde creme fraiche,77.1,g
1717,Matlagningsgrädde fett 15%,Tiamin,Grädde creme fraiche,0.04,mg
1717,Matlagningsgrädde fett 15%,Tillsatt socker,Grädde creme fraiche,0.0,g
1717,Matlagningsgrädde fett 15%,Fritt socker,Grädde creme fraiche,0.0,g
1717,Matlagningsgrädde fett 15%,"Selen, Se",Grädde creme fraiche,1.5,µg
1717,Matlagningsgrädde fett 15%,Sackaros,Grädde creme fraiche,0.0,g
1717,Matlagningsgrädde fett 15%,Riboflavin,Grädde creme fraiche,0.13,mg
1717,Matlagningsgrädde fett 15%,Retinol,Grädde creme fraiche,129.2,µg
1717,Matlagningsgrädde fett 15%,Protein,Grädde creme fraiche,3.0,g
1717,Matlagningsgrädde fett 15%,Summa fleromättade fettsyror,Grädde creme fraiche,0.4,g
1717,Matlagningsgrädde fett 15%,"Fosfor, P",Grädde creme fraiche,90.0,mg
1717,Matlagningsgrädde fett 15%,Niacinekvivalenter,Grädde creme fraiche,0.8,NE/mg
1717,Matlagningsgrädde fett 15%,Niacin,Grädde creme fraiche,0.06,mg
1717,Matlagningsgrädde fett 15%,"Salt, NaCl",Grädde creme fraiche,0.1,g
1717,Matlagningsgrädde fett 15%,"Natrium, Na",Grädde creme fraiche,35.0,mg
1717,Matlagningsgrädde fett 15%,Monosackarider,Grädde creme fraiche,0.0,g
1717,Matlagningsgrädde fett 15%,"Sockerarter, totalt",Grädde creme fraiche,4.2,g
1717,Matlagningsgrädde fett 15%,Summa enkelomättade fettsyror,Grädde creme fraiche,3.7,g
1717,Matlagningsgrädde fett 15%,"Magnesium, Mg",Grädde creme fraiche,10.0,mg
1717,Matlagningsgrädde fett 15%,Summa mättade fettsyror,Grädde creme fraiche,9.6,g
1717,Matlagningsgrädde fett 15%,"Kolhydrater, tillgängliga",Grädde creme fraiche,4.2,g
1717,Matlagningsgrädde fett 15%,Kolesterol,Grädde creme fraiche,44.0,mg
1717,Matlagningsgrädde fett 15%,"Kalium, K",Grädde creme fraiche,141.0,mg
1717,Matlagningsgrädde fett 15%,"Jod, I",Grädde creme fraiche,10.4,µg
1717,Matlagningsgrädde fett 15%,Fullkorn totalt,Grädde creme fraiche,0.0,g
1717,Matlagningsgrädde fett 15%,"Folat, totalt",Grädde creme fraiche,12.6,µg
1717,Matlagningsgrädde fett 15%,Fibrer,Grädde creme fraiche,0.0,g
1717,Matlagningsgrädde fett 15%,"Fett, totalt",Grädde creme fraiche,15.0,g
1717,Matlagningsgrädde fett 15%,"Järn, Fe",Grädde creme fraiche,0.0,mg
1717,Matlagningsgrädde fett 15%,Energi (kJ),Grädde creme fraiche,677.0,kJ
1717,Matlagningsgrädde fett 15%,Energi (kcal),Grädde creme fraiche,162.0,kcal
1717,Matlagningsgrädde fett 15%,Disackarider,Grädde creme fraiche,4.2,g
1717,Matlagningsgrädde fett 15%,"Kalcium, Ca",Grädde creme fraiche,106.0,mg
1717,Matlagningsgrädde fett 15%,Fettsyra 4:0-10:0,Grädde creme fraiche,1.1,g
1717,Matlagningsgrädde fett 15%,DHA (C22:6),Grädde creme fraiche,0.0,g
1717,Matlagningsgrädde fett 15%,DPA (C22:5),Grädde creme fraiche,0.0,g
1717,Matlagningsgrädde fett 15%,EPA (C20:5),Grädde creme fraiche,0.0,g
1717,Matlagningsgrädde fett 15%,Arakidonsyra C20:4,Grädde creme fraiche,0.0,g
1717,Matlagningsgrädde fett 15%,Arakidinsyra C20:0,Grädde creme fraiche,0.0,g
1717,Matlagningsgrädde fett 15%,Linolensyra C18:3,Grädde creme fraiche,0.1,g
1717,Matlagningsgrädde fett 15%,Linolsyra C18:2,Grädde creme fraiche,0.2,g
1717,Matlagningsgrädde fett 15%,Oljesyra C18:1,Grädde creme fraiche,3.2,g
1717,Matlagningsgrädde fett 15%,Stearinsyra C18:0,Grädde creme fraiche,1.5,g
1717,Matlagningsgrädde fett 15%,Palmitoljesyra C16:1,Grädde creme fraiche,0.3,g
1717,Matlagningsgrädde fett 15%,Palmitinsyra C16:0,Grädde creme fraiche,4.7,g
1717,Matlagningsgrädde fett 15%,Myristinsyra C14:0,Grädde creme fraiche,1.6,g
1717,Matlagningsgrädde fett 15%,Laurinsyra C12:0,Grädde creme fraiche,0.5,g
1717,Matlagningsgrädde fett 15%,Betakaroten/β-Karoten,Grädde creme fraiche,112.0,µg
1717,Matlagningsgrädde fett 15%,Avfall (skal etc.),Grädde creme fraiche,0.0,%
1717,Matlagningsgrädde fett 15%,Aska,Grädde creme fraiche,0.7,g
1717,Matlagningsgrädde fett 15%,Alkohol,Grädde creme fraiche,0.0,g
1719,Crème fraiche fett 34%,"Zink, Zn",Grädde creme fraiche,0.3,mg
1719,Crème fraiche fett 34%,Vitamin E,Grädde creme fraiche,0.8,mg
1719,Crème fraiche fett 34%,Vitamin D,Grädde creme fraiche,0.24,µg
1719,Crème fraiche fett 34%,Vitamin C,Grädde creme fraiche,0.0,mg
1719,Crème fraiche fett 34%,Vitamin B6,Grädde creme fraiche,0.03,mg
1719,Crème fraiche fett 34%,Vitamin B12,Grädde creme fraiche,0.18,µg
1719,Crème fraiche fett 34%,Vitamin A,Grädde creme fraiche,296.7,RE/µg
1719,Crème fraiche fett 34%,Vatten,Grädde creme fraiche,59.9,g
1719,Crème fraiche fett 34%,Tiamin,Grädde creme fraiche,0.03,mg
1719,Crème fraiche fett 34%,Tillsatt socker,Grädde creme fraiche,0.0,g
1719,Crème fraiche fett 34%,Fritt socker,Grädde creme fraiche,0.0,g
1719,Crème fraiche fett 34%,"Selen, Se",Grädde creme fraiche,1.5,µg
1719,Crème fraiche fett 34%,Sackaros,Grädde creme fraiche,0.0,g
1719,Crème fraiche fett 34%,Riboflavin,Grädde creme fraiche,0.1,mg
1719,Crème fraiche fett 34%,Retinol,Grädde creme fraiche,283.6,µg
1719,Crème fraiche fett 34%,Protein,Grädde creme fraiche,2.3,g
1719,Crème fraiche fett 34%,Summa fleromättade fettsyror,Grädde creme fraiche,0.5,g
1719,Crème fraiche fett 34%,"Fosfor, P",Grädde creme fraiche,62.0,mg
1719,Crème fraiche fett 34%,Niacinekvivalenter,Grädde creme fraiche,0.59,NE/mg
1719,Crème fraiche fett 34%,Niacin,Grädde creme fraiche,0.04,mg
1719,Crème fraiche fett 34%,"Salt, NaCl",Grädde creme fraiche,0.1,g
1719,Crème fraiche fett 34%,"Natrium, Na",Grädde creme fraiche,28.0,mg
1719,Crème fraiche fett 34%,Monosackarider,Grädde creme fraiche,0.0,g
1719,Crème fraiche fett 34%,"Sockerarter, totalt",Grädde creme fraiche,2.6,g
1719,Crème fraiche fett 34%,Summa enkelomättade fettsyror,Grädde creme fraiche,7.9,g
1719,Crème fraiche fett 34%,"Magnesium, Mg",Grädde creme fraiche,8.0,mg
1719,Crème fraiche fett 34%,Summa mättade fettsyror,Grädde creme fraiche,22.3,g
1719,Crème fraiche fett 34%,"Kolhydrater, tillgängliga",Grädde creme fraiche,3.3,g
1719,Crème fraiche fett 34%,Kolesterol,Grädde creme fraiche,96.0,mg
1719,Crème fraiche fett 34%,"Kalium, K",Grädde creme fraiche,110.0,mg
1719,Crème fraiche fett 34%,"Jod, I",Grädde creme fraiche,8.0,µg
1719,Crème fraiche fett 34%,Fullkorn totalt,Grädde creme fraiche,0.0,g
1719,Crème fraiche fett 34%,"Folat, totalt",Grädde creme fraiche,7.6,µg
1719,Crème fraiche fett 34%,Fibrer,Grädde creme fraiche,0.0,g
1719,Crème fraiche fett 34%,"Fett, totalt",Grädde creme fraiche,34.0,g
1719,Crème fraiche fett 34%,"Järn, Fe",Grädde creme fraiche,0.1,mg
1719,Crème fraiche fett 34%,Energi (kJ),Grädde creme fraiche,1353.0,kJ
1719,Crème fraiche fett 34%,Energi (kcal),Grädde creme fraiche,323.0,kcal
1719,Crème fraiche fett 34%,Disackarider,Grädde creme fraiche,2.6,g
1719,Crème fraiche fett 34%,"Kalcium, Ca",Grädde creme fraiche,79.0,mg
1719,Crème fraiche fett 34%,Fettsyra 4:0-10:0,Grädde creme fraiche,3.5,g
1719,Crème fraiche fett 34%,DHA (C22:6),Grädde creme fraiche,0.0,g
1719,Crème fraiche fett 34%,DPA (C22:5),Grädde creme fraiche,0.0,g
1719,Crème fraiche fett 34%,EPA (C20:5),Grädde creme fraiche,0.0,g
1719,Crème fraiche fett 34%,Arakidonsyra C20:4,Grädde creme fraiche,0.0,g
1719,Crème fraiche fett 34%,Arakidinsyra C20:0,Grädde creme fraiche,0.1,g
1719,Crème fraiche fett 34%,Linolensyra C18:3,Grädde creme fraiche,0.2,g
1719,Crème fraiche fett 34%,Linolsyra C18:2,Grädde creme fraiche,0.5,g
1719,Crème fraiche fett 34%,Oljesyra C18:1,Grädde creme fraiche,7.3,g
1719,Crème fraiche fett 34%,Stearinsyra C18:0,Grädde creme fraiche,3.9,g
1719,Crème fraiche fett 34%,Palmitoljesyra C16:1,Grädde creme fraiche,0.3,g
1719,Crème fraiche fett 34%,Palmitinsyra C16:0,Grädde creme fraiche,9.8,g
1719,Crème fraiche fett 34%,Myristinsyra C14:0,Grädde creme fraiche,3.5,g
1719,Crème fraiche fett 34%,Laurinsyra C12:0,Grädde creme fraiche,1.1,g
1719,Crème fraiche fett 34%,Betakaroten/β-Karoten,Grädde creme fraiche,157.0,µg
1719,Crème fraiche fett 34%,Avfall (skal etc.),Grädde creme fraiche,0.0,%
1719,Crème fraiche fett 34%,Aska,Grädde creme fraiche,0.5,g
1719,Crème fraiche fett 34%,Alkohol,Grädde creme fraiche,0.0,g
1725,Gräddersättning pulver fett 35%,"Zink, Zn",Grädde creme fraiche,0.5,mg
1725,Gräddersättning pulver fett 35%,Vitamin E,Grädde creme fraiche,0.0,mg
1725,Gräddersättning pulver fett 35%,Vitamin D inkl 25-OH-D3,Grädde creme fraiche,0.0,µg
1725,Gräddersättning pulver fett 35%,Vitamin D,Grädde creme fraiche,0.0,µg
1725,Gräddersättning pulver fett 35%,Vitamin C,Grädde creme fraiche,0.0,mg
1725,Gräddersättning pulver fett 35%,Vitamin B6,Grädde creme fraiche,0.0,mg
1725,Gräddersättning pulver fett 35%,Vitamin B12,Grädde creme fraiche,0.0,µg
1725,Gräddersättning pulver fett 35%,Vitamin A,Grädde creme fraiche,10.0,RE/µg
1725,Gräddersättning pulver fett 35%,Vatten,Grädde creme fraiche,2.2,g
1725,Gräddersättning pulver fett 35%,Tiamin,Grädde creme fraiche,0.0,mg
1725,Gräddersättning pulver fett 35%,Tillsatt socker,Grädde creme fraiche,54.0,g
1725,Gräddersättning pulver fett 35%,Fritt socker,Grädde creme fraiche,54.0,g
1725,Gräddersättning pulver fett 35%,"Selen, Se",Grädde creme fraiche,0.0,µg
1725,Gräddersättning pulver fett 35%,Sackaros,Grädde creme fraiche,0.0,g
1725,Gräddersättning pulver fett 35%,Riboflavin,Grädde creme fraiche,0.16,mg
1725,Gräddersättning pulver fett 35%,Retinol,Grädde creme fraiche,0.0,µg
1725,Gräddersättning pulver fett 35%,Protein,Grädde creme fraiche,4.8,g
1725,Gräddersättning pulver fett 35%,Summa fleromättade fettsyror,Grädde creme fraiche,0.0,g
1725,Gräddersättning pulver fett 35%,"Fosfor, P",Grädde creme fraiche,422.0,mg
1725,Gräddersättning pulver fett 35%,Niacinekvivalenter,Grädde creme fraiche,1.12,NE/mg
1725,Gräddersättning pulver fett 35%,Niacin,Grädde creme fraiche,0.0,mg
1725,Gräddersättning pulver fett 35%,"Salt, NaCl",Grädde creme fraiche,0.4,g
1725,Gräddersättning pulver fett 35%,"Natrium, Na",Grädde creme fraiche,181.0,mg
1725,Gräddersättning pulver fett 35%,Monosackarider,Grädde creme fraiche,0.0,g
1725,Gräddersättning pulver fett 35%,"Sockerarter, totalt",Grädde creme fraiche,54.0,g
1725,Gräddersättning pulver fett 35%,Summa enkelomättade fettsyror,Grädde creme fraiche,1.0,g
1725,Gräddersättning pulver fett 35%,"Magnesium, Mg",Grädde creme fraiche,4.0,mg
1725,Gräddersättning pulver fett 35%,Summa mättade fettsyror,Grädde creme fraiche,32.7,g
1725,Gräddersättning pulver fett 35%,"Kolhydrater, tillgängliga",Grädde creme fraiche,54.9,g
1725,Gräddersättning pulver fett 35%,Kolesterol,Grädde creme fraiche,0.0,mg
1725,Gräddersättning pulver fett 35%,"Kalium, K",Grädde creme fraiche,812.0,mg
1725,Gräddersättning pulver fett 35%,"Jod, I",Grädde creme fraiche,115.0,µg
1725,Gräddersättning pulver fett 35%,Fullkorn totalt,Grädde creme fraiche,0.0,g
1725,Gräddersättning pulver fett 35%,"Folat, totalt",Grädde creme fraiche,0.0,µg
1725,Gräddersättning pulver fett 35%,Fibrer,Grädde creme fraiche,0.0,g
1725,Gräddersättning pulver fett 35%,"Fett, totalt",Grädde creme fraiche,35.5,g
1725,Gräddersättning pulver fett 35%,"Järn, Fe",Grädde creme fraiche,1.2,mg
1725,Gräddersättning pulver fett 35%,Energi (kJ),Grädde creme fraiche,2328.0,kJ
1725,Gräddersättning pulver fett 35%,Energi (kcal),Grädde creme fraiche,556.0,kcal
1725,Gräddersättning pulver fett 35%,Disackarider,Grädde creme fraiche,54.0,g
1725,Gräddersättning pulver fett 35%,"Kalcium, Ca",Grädde creme fraiche,22.0,mg
1725,Gräddersättning pulver fett 35%,Fettsyra 4:0-10:0,Grädde creme fraiche,2.8,g
1725,Gräddersättning pulver fett 35%,DHA (C22:6),Grädde creme fraiche,0.0,g
1725,Gräddersättning pulver fett 35%,DPA (C22:5),Grädde creme fraiche,0.0,g
1725,Gräddersättning pulver fett 35%,EPA (C20:5),Grädde creme fraiche,0.0,g
1725,Gräddersättning pulver fett 35%,Arakidonsyra C20:4,Grädde creme fraiche,0.0,g
1725,Gräddersättning pulver fett 35%,Arakidinsyra C20:0,Grädde creme fraiche,0.0,g
1725,Gräddersättning pulver fett 35%,Linolensyra C18:3,Grädde creme fraiche,0.0,g
1725,Gräddersättning pulver fett 35%,Linolsyra C18:2,Grädde creme fraiche,0.0,g
1725,Gräddersättning pulver fett 35%,Oljesyra C18:1,Grädde creme fraiche,1.0,g
1725,Gräddersättning pulver fett 35%,Stearinsyra C18:0,Grädde creme fraiche,6.4,g
1725,Gräddersättning pulver fett 35%,Palmitoljesyra C16:1,Grädde creme fraiche,0.0,g
1725,Gräddersättning pulver fett 35%,Palmitinsyra C16:0,Grädde creme fraiche,3.8,g
1725,Gräddersättning pulver fett 35%,Myristinsyra C14:0,Grädde creme fraiche,6.0,g
1725,Gräddersättning pulver fett 35%,Laurinsyra C12:0,Grädde creme fraiche,13.7,g
1725,Gräddersättning pulver fett 35%,Betakaroten/β-Karoten,Grädde creme fraiche,120.0,µg
1725,Gräddersättning pulver fett 35%,Avfall (skal etc.),Grädde creme fraiche,0.0,%
1725,Gräddersättning pulver fett 35%,Aska,Grädde creme fraiche,2.6,g
1725,Gräddersättning pulver fett 35%,Alkohol,Grädde creme fraiche,0.0,g
1726,Gräddfilssås m. kryddgrönt,"Zink, Zn",Sås dressing majonnäs ,0.4,mg
1726,Gräddfilssås m. kryddgrönt,Vitamin E,Sås dressing majonnäs ,0.4,mg
1726,Gräddfilssås m. kryddgrönt,Vitamin D,Sås dressing majonnäs ,0.0,µg
1726,Gräddfilssås m. kryddgrönt,Vitamin C,Sås dressing majonnäs ,8.9,mg
1726,Gräddfilssås m. kryddgrönt,Vitamin B6,Sås dressing majonnäs ,0.05,mg
1726,Gräddfilssås m. kryddgrönt,Vitamin B12,Sås dressing majonnäs ,0.0,µg
1726,Gräddfilssås m. kryddgrönt,Vitamin A,Sås dressing majonnäs ,133.3,RE/µg
1726,Gräddfilssås m. kryddgrönt,Vatten,Sås dressing majonnäs ,81.3,g
1726,Gräddfilssås m. kryddgrönt,Tiamin,Sås dressing majonnäs ,0.02,mg
1726,Gräddfilssås m. kryddgrönt,Tillsatt socker,Sås dressing majonnäs ,0.0,g
1726,Gräddfilssås m. kryddgrönt,Fritt socker,Sås dressing majonnäs ,0.0,g
1726,Gräddfilssås m. kryddgrönt,"Selen, Se",Sås dressing majonnäs ,1.4,µg
1726,Gräddfilssås m. kryddgrönt,Sackaros,Sås dressing majonnäs ,0.0,g
1726,Gräddfilssås m. kryddgrönt,Riboflavin,Sås dressing majonnäs ,0.14,mg
1726,Gräddfilssås m. kryddgrönt,Retinol,Sås dressing majonnäs ,94.8,µg
1726,Gräddfilssås m. kryddgrönt,Protein,Sås dressing majonnäs ,2.6,g
1726,Gräddfilssås m. kryddgrönt,Summa fleromättade fettsyror,Sås dressing majonnäs ,0.4,g
1726,Gräddfilssås m. kryddgrönt,"Fosfor, P",Sås dressing majonnäs ,91.0,mg
1726,Gräddfilssås m. kryddgrönt,Niacinekvivalenter,Sås dressing majonnäs ,0.83,NE/mg
1726,Gräddfilssås m. kryddgrönt,Niacin,Sås dressing majonnäs ,0.23,mg
1726,Gräddfilssås m. kryddgrönt,"Salt, NaCl",Sås dressing majonnäs ,0.7,g
1726,Gräddfilssås m. kryddgrönt,"Natrium, Na",Sås dressing majonnäs ,268.0,mg
1726,Gräddfilssås m. kryddgrönt,Monosackarider,Sås dressing majonnäs ,0.1,g
1726,Gräddfilssås m. kryddgrönt,"Sockerarter, totalt",Sås dressing majonnäs ,3.0,g
1726,Gräddfilssås m. kryddgrönt,Summa enkelomättade fettsyror,Sås dressing majonnäs ,2.4,g
1726,Gräddfilssås m. kryddgrönt,"Magnesium, Mg",Sås dressing majonnäs ,13.0,mg
1726,Gräddfilssås m. kryddgrönt,Summa mättade fettsyror,Sås dressing majonnäs ,6.8,g
1726,Gräddfilssås m. kryddgrönt,"Kolhydrater, tillgängliga",Sås dressing majonnäs ,4.2,g
1726,Gräddfilssås m. kryddgrönt,Kolesterol,Sås dressing majonnäs ,32.7,mg
1726,Gräddfilssås m. kryddgrönt,"Kalium, K",Sås dressing majonnäs ,170.0,mg
1726,Gräddfilssås m. kryddgrönt,"Jod, I",Sås dressing majonnäs ,47.3,µg
1726,Gräddfilssås m. kryddgrönt,Fullkorn totalt,Sås dressing majonnäs ,0.0,g
1726,Gräddfilssås m. kryddgrönt,"Folat, totalt",Sås dressing majonnäs ,19.2,µg
1726,Gräddfilssås m. kryddgrönt,Fibrer,Sås dressing majonnäs ,0.3,g
1726,Gräddfilssås m. kryddgrönt,"Fett, totalt",Sås dressing majonnäs ,10.2,g
1726,Gräddfilssås m. kryddgrönt,"Järn, Fe",Sås dressing majonnäs ,0.4,mg
1726,Gräddfilssås m. kryddgrönt,Energi (kJ),Sås dressing majonnäs ,496.0,kJ
1726,Gräddfilssås m. kryddgrönt,Energi (kcal),Sås dressing majonnäs ,118.0,kcal
1726,Gräddfilssås m. kryddgrönt,Disackarider,Sås dressing majonnäs ,2.9,g
1726,Gräddfilssås m. kryddgrönt,"Kalcium, Ca",Sås dressing majonnäs ,116.0,mg
1726,Gräddfilssås m. kryddgrönt,Fettsyra 4:0-10:0,Sås dressing majonnäs ,0.7,g
1726,Gräddfilssås m. kryddgrönt,DHA (C22:6),Sås dressing majonnäs ,0.0,g
1726,Gräddfilssås m. kryddgrönt,DPA (C22:5),Sås dressing majonnäs ,0.0,g
1726,Gräddfilssås m. kryddgrönt,EPA (C20:5),Sås dressing majonnäs ,0.0,g
1726,Gräddfilssås m. kryddgrönt,Arakidonsyra C20:4,Sås dressing majonnäs ,0.0,g
1726,Gräddfilssås m. kryddgrönt,Arakidinsyra C20:0,Sås dressing majonnäs ,0.0,g
1726,Gräddfilssås m. kryddgrönt,Linolensyra C18:3,Sås dressing majonnäs ,0.1,g
1726,Gräddfilssås m. kryddgrönt,Linolsyra C18:2,Sås dressing majonnäs ,0.3,g
1726,Gräddfilssås m. kryddgrönt,Oljesyra C18:1,Sås dressing majonnäs ,2.0,g
1726,Gräddfilssås m. kryddgrönt,Stearinsyra C18:0,Sås dressing majonnäs ,0.9,g
1726,Gräddfilssås m. kryddgrönt,Palmitoljesyra C16:1,Sås dressing majonnäs ,0.2,g
1726,Gräddfilssås m. kryddgrönt,Palmitinsyra C16:0,Sås dressing majonnäs ,3.2,g
1726,Gräddfilssås m. kryddgrönt,Myristinsyra C14:0,Sås dressing majonnäs ,1.2,g
1726,Gräddfilssås m. kryddgrönt,Laurinsyra C12:0,Sås dressing majonnäs ,0.4,g
1726,Gräddfilssås m. kryddgrönt,Betakaroten/β-Karoten,Sås dressing majonnäs ,463.0,µg
1726,Gräddfilssås m. kryddgrönt,Avfall (skal etc.),Sås dressing majonnäs ,0.0,%
1726,Gräddfilssås m. kryddgrönt,Aska,Sås dressing majonnäs ,1.4,g
1726,Gräddfilssås m. kryddgrönt,Alkohol,Sås dressing majonnäs ,0.0,g
1727,Gräddfilssås fett 9%,"Zink, Zn",Sås dressing majonnäs ,0.5,mg
1727,Gräddfilssås fett 9%,Vitamin E,Sås dressing majonnäs ,0.4,mg
1727,Gräddfilssås fett 9%,Vitamin D,Sås dressing majonnäs ,0.4,µg
1727,Gräddfilssås fett 9%,Vitamin C,Sås dressing majonnäs ,4.4,mg
1727,Gräddfilssås fett 9%,Vitamin B6,Sås dressing majonnäs ,0.05,mg
1727,Gräddfilssås fett 9%,Vitamin B12,Sås dressing majonnäs ,0.22,µg
1727,Gräddfilssås fett 9%,Vitamin A,Sås dressing majonnäs ,56.8,RE/µg
1727,Gräddfilssås fett 9%,Vatten,Sås dressing majonnäs ,84.1,g
1727,Gräddfilssås fett 9%,Tiamin,Sås dressing majonnäs ,0.03,mg
1727,Gräddfilssås fett 9%,Tillsatt socker,Sås dressing majonnäs ,1.0,g
1727,Gräddfilssås fett 9%,Fritt socker,Sås dressing majonnäs ,1.0,g
1727,Gräddfilssås fett 9%,"Selen, Se",Sås dressing majonnäs ,0.8,µg
1727,Gräddfilssås fett 9%,Sackaros,Sås dressing majonnäs ,1.5,g
1727,Gräddfilssås fett 9%,Riboflavin,Sås dressing majonnäs ,0.12,mg
1727,Gräddfilssås fett 9%,Retinol,Sås dressing majonnäs ,44.5,µg
1727,Gräddfilssås fett 9%,Protein,Sås dressing majonnäs ,2.6,g
1727,Gräddfilssås fett 9%,Summa fleromättade fettsyror,Sås dressing majonnäs ,0.2,g
1727,Gräddfilssås fett 9%,"Fosfor, P",Sås dressing majonnäs ,76.0,mg
1727,Gräddfilssås fett 9%,Niacinekvivalenter,Sås dressing majonnäs ,0.75,NE/mg
1727,Gräddfilssås fett 9%,Niacin,Sås dressing majonnäs ,0.16,mg
1727,Gräddfilssås fett 9%,"Salt, NaCl",Sås dressing majonnäs ,0.4,g
1727,Gräddfilssås fett 9%,"Natrium, Na",Sås dressing majonnäs ,158.0,mg
1727,Gräddfilssås fett 9%,Monosackarider,Sås dressing majonnäs ,1.4,g
1727,Gräddfilssås fett 9%,"Sockerarter, totalt",Sås dressing majonnäs ,5.3,g
1727,Gräddfilssås fett 9%,Summa enkelomättade fettsyror,Sås dressing majonnäs ,1.2,g
1727,Gräddfilssås fett 9%,"Magnesium, Mg",Sås dressing majonnäs ,13.0,mg
1727,Gräddfilssås fett 9%,Summa mättade fettsyror,Sås dressing majonnäs ,3.2,g
1727,Gräddfilssås fett 9%,"Kolhydrater, tillgängliga",Sås dressing majonnäs ,6.6,g
1727,Gräddfilssås fett 9%,Kolesterol,Sås dressing majonnäs ,22.3,mg
1727,Gräddfilssås fett 9%,"Kalium, K",Sås dressing majonnäs ,151.0,mg
1727,Gräddfilssås fett 9%,"Jod, I",Sås dressing majonnäs ,16.6,µg
1727,Gräddfilssås fett 9%,Fullkorn totalt,Sås dressing majonnäs ,0.0,g
1727,Gräddfilssås fett 9%,"Folat, totalt",Sås dressing majonnäs ,12.2,µg
1727,Gräddfilssås fett 9%,Fibrer,Sås dressing majonnäs ,0.7,g
1727,Gräddfilssås fett 9%,"Fett, totalt",Sås dressing majonnäs ,5.0,g
1727,Gräddfilssås fett 9%,"Järn, Fe",Sås dressing majonnäs ,0.2,mg
1727,Gräddfilssås fett 9%,Energi (kJ),Sås dressing majonnäs ,346.0,kJ
1727,Gräddfilssås fett 9%,Energi (kcal),Sås dressing majonnäs ,83.0,kcal
1727,Gräddfilssås fett 9%,Disackarider,Sås dressing majonnäs ,3.9,g
1727,Gräddfilssås fett 9%,"Kalcium, Ca",Sås dressing majonnäs ,92.0,mg
1727,Gräddfilssås fett 9%,Fettsyra 4:0-10:0,Sås dressing majonnäs ,0.3,g
1727,Gräddfilssås fett 9%,DHA (C22:6),Sås dressing majonnäs ,0.0,g
1727,Gräddfilssås fett 9%,DPA (C22:5),Sås dressing majonnäs ,0.0,g
1727,Gräddfilssås fett 9%,EPA (C20:5),Sås dressing majonnäs ,0.0,g
1727,Gräddfilssås fett 9%,Arakidonsyra C20:4,Sås dressing majonnäs ,0.0,g
1727,Gräddfilssås fett 9%,Arakidinsyra C20:0,Sås dressing majonnäs ,0.0,g
1727,Gräddfilssås fett 9%,Linolensyra C18:3,Sås dressing majonnäs ,0.0,g
1727,Gräddfilssås fett 9%,Linolsyra C18:2,Sås dressing majonnäs ,0.1,g
1727,Gräddfilssås fett 9%,Oljesyra C18:1,Sås dressing majonnäs ,1.0,g
1727,Gräddfilssås fett 9%,Stearinsyra C18:0,Sås dressing majonnäs ,0.4,g
1727,Gräddfilssås fett 9%,Palmitoljesyra C16:1,Sås dressing majonnäs ,0.1,g
1727,Gräddfilssås fett 9%,Palmitinsyra C16:0,Sås dressing majonnäs ,1.5,g
1727,Gräddfilssås fett 9%,Myristinsyra C14:0,Sås dressing majonnäs ,0.5,g
1727,Gräddfilssås fett 9%,Laurinsyra C12:0,Sås dressing majonnäs ,0.2,g
1727,Gräddfilssås fett 9%,Betakaroten/β-Karoten,Sås dressing majonnäs ,148.0,µg
1727,Gräddfilssås fett 9%,Avfall (skal etc.),Sås dressing majonnäs ,2.0,%
1727,Gräddfilssås fett 9%,Aska,Sås dressing majonnäs ,1.0,g
1727,Gräddfilssås fett 9%,Alkohol,Sås dressing majonnäs ,0.0,g
1728,Gräddfilssås m. crème fraiche,"Zink, Zn",Sås dressing majonnäs ,0.4,mg
1728,Gräddfilssås m. crème fraiche,Vitamin E,Sås dressing majonnäs ,0.6,mg
1728,Gräddfilssås m. crème fraiche,Vitamin D,Sås dressing majonnäs ,0.06,µg
1728,Gräddfilssås m. crème fraiche,Vitamin C,Sås dressing majonnäs ,4.5,mg
1728,Gräddfilssås m. crème fraiche,Vitamin B6,Sås dressing majonnäs ,0.04,mg
1728,Gräddfilssås m. crème fraiche,Vitamin B12,Sås dressing majonnäs ,0.13,µg
1728,Gräddfilssås m. crème fraiche,Vitamin A,Sås dressing majonnäs ,124.8,RE/µg
1728,Gräddfilssås m. crème fraiche,Vatten,Sås dressing majonnäs ,78.2,g
1728,Gräddfilssås m. crème fraiche,Tiamin,Sås dressing majonnäs ,0.02,mg
1728,Gräddfilssås m. crème fraiche,Tillsatt socker,Sås dressing majonnäs ,1.0,g
1728,Gräddfilssås m. crème fraiche,Fritt socker,Sås dressing majonnäs ,1.0,g
1728,Gräddfilssås m. crème fraiche,"Selen, Se",Sås dressing majonnäs ,1.3,µg
1728,Gräddfilssås m. crème fraiche,Sackaros,Sås dressing majonnäs ,1.5,g
1728,Gräddfilssås m. crème fraiche,Riboflavin,Sås dressing majonnäs ,0.1,mg
1728,Gräddfilssås m. crème fraiche,Retinol,Sås dressing majonnäs ,110.2,µg
1728,Gräddfilssås m. crème fraiche,Protein,Sås dressing majonnäs ,2.4,g
1728,Gräddfilssås m. crème fraiche,Summa fleromättade fettsyror,Sås dressing majonnäs ,0.4,g
1728,Gräddfilssås m. crème fraiche,"Fosfor, P",Sås dressing majonnäs ,69.0,mg
1728,Gräddfilssås m. crème fraiche,Niacinekvivalenter,Sås dressing majonnäs ,0.67,NE/mg
1728,Gräddfilssås m. crème fraiche,Niacin,Sås dressing majonnäs ,0.15,mg
1728,Gräddfilssås m. crème fraiche,"Salt, NaCl",Sås dressing majonnäs ,0.4,g
1728,Gräddfilssås m. crème fraiche,"Natrium, Na",Sås dressing majonnäs ,156.0,mg
1728,Gräddfilssås m. crème fraiche,Monosackarider,Sås dressing majonnäs ,1.4,g
1728,Gräddfilssås m. crème fraiche,"Sockerarter, totalt",Sås dressing majonnäs ,5.0,g
1728,Gräddfilssås m. crème fraiche,Summa enkelomättade fettsyror,Sås dressing majonnäs ,2.5,g
1728,Gräddfilssås m. crème fraiche,"Magnesium, Mg",Sås dressing majonnäs ,12.0,mg
1728,Gräddfilssås m. crème fraiche,Summa mättade fettsyror,Sås dressing majonnäs ,7.9,g
1728,Gräddfilssås m. crème fraiche,"Kolhydrater, tillgängliga",Sås dressing majonnäs ,6.2,g
1728,Gräddfilssås m. crème fraiche,Kolesterol,Sås dressing majonnäs ,31.9,mg
1728,Gräddfilssås m. crème fraiche,"Kalium, K",Sås dressing majonnäs ,132.0,mg
1728,Gräddfilssås m. crème fraiche,"Jod, I",Sås dressing majonnäs ,17.7,µg
1728,Gräddfilssås m. crème fraiche,Fullkorn totalt,Sås dressing majonnäs ,0.0,g
1728,Gräddfilssås m. crème fraiche,"Folat, totalt",Sås dressing majonnäs ,11.8,µg
1728,Gräddfilssås m. crème fraiche,Fibrer,Sås dressing majonnäs ,0.7,g
1728,Gräddfilssås m. crème fraiche,"Fett, totalt",Sås dressing majonnäs ,11.6,g
1728,Gräddfilssås m. crème fraiche,"Järn, Fe",Sås dressing majonnäs ,0.2,mg
1728,Gräddfilssås m. crème fraiche,Energi (kJ),Sås dressing majonnäs ,580.0,kJ
1728,Gräddfilssås m. crème fraiche,Energi (kcal),Sås dressing majonnäs ,139.0,kcal
1728,Gräddfilssås m. crème fraiche,Disackarider,Sås dressing majonnäs ,3.6,g
1728,Gräddfilssås m. crème fraiche,"Kalcium, Ca",Sås dressing majonnäs ,78.0,mg
1728,Gräddfilssås m. crème fraiche,Fettsyra 4:0-10:0,Sås dressing majonnäs ,0.7,g
1728,Gräddfilssås m. crème fraiche,DHA (C22:6),Sås dressing majonnäs ,0.0,g
1728,Gräddfilssås m. crème fraiche,DPA (C22:5),Sås dressing majonnäs ,0.0,g
1728,Gräddfilssås m. crème fraiche,EPA (C20:5),Sås dressing majonnäs ,0.0,g
1728,Gräddfilssås m. crème fraiche,Arakidonsyra C20:4,Sås dressing majonnäs ,0.0,g
1728,Gräddfilssås m. crème fraiche,Arakidinsyra C20:0,Sås dressing majonnäs ,0.0,g
1728,Gräddfilssås m. crème fraiche,Linolensyra C18:3,Sås dressing majonnäs ,0.1,g
1728,Gräddfilssås m. crème fraiche,Linolsyra C18:2,Sås dressing majonnäs ,0.3,g
1728,Gräddfilssås m. crème fraiche,Oljesyra C18:1,Sås dressing majonnäs ,2.2,g
1728,Gräddfilssås m. crème fraiche,Stearinsyra C18:0,Sås dressing majonnäs ,1.1,g
1728,Gräddfilssås m. crème fraiche,Palmitoljesyra C16:1,Sås dressing majonnäs ,0.2,g
1728,Gräddfilssås m. crème fraiche,Palmitinsyra C16:0,Sås dressing majonnäs ,3.8,g
1728,Gräddfilssås m. crème fraiche,Myristinsyra C14:0,Sås dressing majonnäs ,1.4,g
1728,Gräddfilssås m. crème fraiche,Laurinsyra C12:0,Sås dressing majonnäs ,0.4,g
1728,Gräddfilssås m. crème fraiche,Betakaroten/β-Karoten,Sås dressing majonnäs ,174.0,µg
1728,Gräddfilssås m. crème fraiche,Avfall (skal etc.),Sås dressing majonnäs ,2.0,%
1728,Gräddfilssås m. crème fraiche,Aska,Sås dressing majonnäs ,0.9,g
1728,Gräddfilssås m. crème fraiche,Alkohol,Sås dressing majonnäs ,0.0,g
1729,Rabarberkräm,"Zink, Zn",Söta soppor kräm o efterrättssås,0.1,mg
1729,Rabarberkräm,Vitamin E,Söta soppor kräm o efterrättssås,0.2,mg
1729,Rabarberkräm,Vitamin D inkl 25-OH-D3,Söta soppor kräm o efterrättssås,0.0,µg
1729,Rabarberkräm,Vitamin D,Söta soppor kräm o efterrättssås,0.0,µg
1729,Rabarberkräm,Vitamin C,Söta soppor kräm o efterrättssås,1.6,mg
1729,Rabarberkräm,Vitamin B6,Söta soppor kräm o efterrättssås,0.01,mg
1729,Rabarberkräm,Vitamin B12,Söta soppor kräm o efterrättssås,0.0,µg
1729,Rabarberkräm,Vitamin A,Söta soppor kräm o efterrättssås,3.4,RE/µg
1729,Rabarberkräm,Vatten,Söta soppor kräm o efterrättssås,84.5,g
1729,Rabarberkräm,Tiamin,Söta soppor kräm o efterrättssås,0.01,mg
1729,Rabarberkräm,Tillsatt socker,Söta soppor kräm o efterrättssås,10.0,g
1729,Rabarberkräm,Fritt socker,Söta soppor kräm o efterrättssås,10.0,g
1729,Rabarberkräm,"Selen, Se",Söta soppor kräm o efterrättssås,0.0,µg
1729,Rabarberkräm,Sackaros,Söta soppor kräm o efterrättssås,10.2,g
1729,Rabarberkräm,Riboflavin,Söta soppor kräm o efterrättssås,0.0,mg
1729,Rabarberkräm,Retinol,Söta soppor kräm o efterrättssås,0.0,µg
1729,Rabarberkräm,Protein,Söta soppor kräm o efterrättssås,0.2,g
1729,Rabarberkräm,Summa fleromättade fettsyror,Söta soppor kräm o efterrättssås,0.0,g
1729,Rabarberkräm,"Fosfor, P",Söta soppor kräm o efterrättssås,13.0,mg
1729,Rabarberkräm,Niacinekvivalenter,Söta soppor kräm o efterrättssås,0.18,NE/mg
1729,Rabarberkräm,Niacin,Söta soppor kräm o efterrättssås,0.13,mg
1729,Rabarberkräm,"Salt, NaCl",Söta soppor kräm o efterrättssås,0.0,g
1729,Rabarberkräm,"Natrium, Na",Söta soppor kräm o efterrättssås,1.0,mg
1729,Rabarberkräm,Monosackarider,Söta soppor kräm o efterrättssås,0.5,g
1729,Rabarberkräm,"Sockerarter, totalt",Söta soppor kräm o efterrättssås,10.7,g
1729,Rabarberkräm,Summa enkelomättade fettsyror,Söta soppor kräm o efterrättssås,0.0,g
1729,Rabarberkräm,"Magnesium, Mg",Söta soppor kräm o efterrättssås,5.0,mg
1729,Rabarberkräm,Summa mättade fettsyror,Söta soppor kräm o efterrättssås,0.0,g
1729,Rabarberkräm,"Kolhydrater, tillgängliga",Söta soppor kräm o efterrättssås,12.7,g
1729,Rabarberkräm,Kolesterol,Söta soppor kräm o efterrättssås,0.0,mg
1729,Rabarberkräm,"Kalium, K",Söta soppor kräm o efterrättssås,66.0,mg
1729,Rabarberkräm,"Jod, I",Söta soppor kräm o efterrättssås,0.8,µg
1729,Rabarberkräm,Fullkorn totalt,Söta soppor kräm o efterrättssås,0.0,g
1729,Rabarberkräm,"Folat, totalt",Söta soppor kräm o efterrättssås,15.6,µg
1729,Rabarberkräm,Fibrer,Söta soppor kräm o efterrättssås,2.1,g
1729,Rabarberkräm,"Fett, totalt",Söta soppor kräm o efterrättssås,0.1,g
1729,Rabarberkräm,"Järn, Fe",Söta soppor kräm o efterrättssås,0.1,mg
1729,Rabarberkräm,Energi (kJ),Söta soppor kräm o efterrättssås,241.0,kJ
1729,Rabarberkräm,Energi (kcal),Söta soppor kräm o efterrättssås,57.0,kcal
1729,Rabarberkräm,Disackarider,Söta soppor kräm o efterrättssås,10.2,g
1729,Rabarberkräm,"Kalcium, Ca",Söta soppor kräm o efterrättssås,8.0,mg
1729,Rabarberkräm,Fettsyra 4:0-10:0,Söta soppor kräm o efterrättssås,0.0,g
1729,Rabarberkräm,DHA (C22:6),Söta soppor kräm o efterrättssås,0.0,g
1729,Rabarberkräm,DPA (C22:5),Söta soppor kräm o efterrättssås,0.0,g
1729,Rabarberkräm,EPA (C20:5),Söta soppor kräm o efterrättssås,0.0,g
1729,Rabarberkräm,Arakidonsyra C20:4,Söta soppor kräm o efterrättssås,0.0,g
1729,Rabarberkräm,Arakidinsyra C20:0,Söta soppor kräm o efterrättssås,0.0,g
1729,Rabarberkräm,Linolensyra C18:3,Söta soppor kräm o efterrättssås,0.0,g
1729,Rabarberkräm,Linolsyra C18:2,Söta soppor kräm o efterrättssås,0.0,g
1729,Rabarberkräm,Oljesyra C18:1,Söta soppor kräm o efterrättssås,0.0,g
1729,Rabarberkräm,Stearinsyra C18:0,Söta soppor kräm o efterrättssås,0.0,g
1729,Rabarberkräm,Palmitoljesyra C16:1,Söta soppor kräm o efterrättssås,0.0,g
1729,Rabarberkräm,Palmitinsyra C16:0,Söta soppor kräm o efterrättssås,0.0,g
1729,Rabarberkräm,Myristinsyra C14:0,Söta soppor kräm o efterrättssås,0.0,g
1729,Rabarberkräm,Laurinsyra C12:0,Söta soppor kräm o efterrättssås,0.0,g
1729,Rabarberkräm,Betakaroten/β-Karoten,Söta soppor kräm o efterrättssås,41.0,µg
1729,Rabarberkräm,Avfall (skal etc.),Söta soppor kräm o efterrättssås,0.0,%
1729,Rabarberkräm,Aska,Söta soppor kräm o efterrättssås,0.3,g
1729,Rabarberkräm,Alkohol,Söta soppor kräm o efterrättssås,0.0,g
1730,Rabarbersoppa,"Zink, Zn",Söta soppor kräm o efterrättssås,0.1,mg
1730,Rabarbersoppa,Vitamin E,Söta soppor kräm o efterrättssås,0.1,mg
1730,Rabarbersoppa,Vitamin D inkl 25-OH-D3,Söta soppor kräm o efterrättssås,0.0,µg
1730,Rabarbersoppa,Vitamin D,Söta soppor kräm o efterrättssås,0.0,µg
1730,Rabarbersoppa,Vitamin C,Söta soppor kräm o efterrättssås,1.2,mg
1730,Rabarbersoppa,Vitamin B6,Söta soppor kräm o efterrättssås,0.01,mg
1730,Rabarbersoppa,Vitamin B12,Söta soppor kräm o efterrättssås,0.0,µg
1730,Rabarbersoppa,Vitamin A,Söta soppor kräm o efterrättssås,2.7,RE/µg
1730,Rabarbersoppa,Vatten,Söta soppor kräm o efterrättssås,86.0,g
1730,Rabarbersoppa,Tiamin,Söta soppor kräm o efterrättssås,0.01,mg
1730,Rabarbersoppa,Tillsatt socker,Söta soppor kräm o efterrättssås,10.0,g
1730,Rabarbersoppa,Fritt socker,Söta soppor kräm o efterrättssås,10.0,g
1730,Rabarbersoppa,"Selen, Se",Söta soppor kräm o efterrättssås,0.0,µg
1730,Rabarbersoppa,Sackaros,Söta soppor kräm o efterrättssås,10.2,g
1730,Rabarbersoppa,Riboflavin,Söta soppor kräm o efterrättssås,0.0,mg
1730,Rabarbersoppa,Retinol,Söta soppor kräm o efterrättssås,0.0,µg
1730,Rabarbersoppa,Protein,Söta soppor kräm o efterrättssås,0.2,g
1730,Rabarbersoppa,Summa fleromättade fettsyror,Söta soppor kräm o efterrättssås,0.0,g
1730,Rabarbersoppa,"Fosfor, P",Söta soppor kräm o efterrättssås,10.0,mg
1730,Rabarbersoppa,Niacinekvivalenter,Söta soppor kräm o efterrättssås,0.14,NE/mg
1730,Rabarbersoppa,Niacin,Söta soppor kräm o efterrättssås,0.1,mg
1730,Rabarbersoppa,"Salt, NaCl",Söta soppor kräm o efterrättssås,0.0,g
1730,Rabarbersoppa,"Natrium, Na",Söta soppor kräm o efterrättssås,2.0,mg
1730,Rabarbersoppa,Monosackarider,Söta soppor kräm o efterrättssås,0.4,g
1730,Rabarbersoppa,"Sockerarter, totalt",Söta soppor kräm o efterrättssås,10.6,g
1730,Rabarbersoppa,Summa enkelomättade fettsyror,Söta soppor kräm o efterrättssås,0.0,g
1730,Rabarbersoppa,"Magnesium, Mg",Söta soppor kräm o efterrättssås,4.0,mg
1730,Rabarbersoppa,Summa mättade fettsyror,Söta soppor kräm o efterrättssås,0.0,g
1730,Rabarbersoppa,"Kolhydrater, tillgängliga",Söta soppor kräm o efterrättssås,11.7,g
1730,Rabarbersoppa,Kolesterol,Söta soppor kräm o efterrättssås,0.0,mg
1730,Rabarbersoppa,"Kalium, K",Söta soppor kräm o efterrättssås,53.0,mg
1730,Rabarbersoppa,"Jod, I",Söta soppor kräm o efterrättssås,0.9,µg
1730,Rabarbersoppa,Fullkorn totalt,Söta soppor kräm o efterrättssås,0.0,g
1730,Rabarbersoppa,"Folat, totalt",Söta soppor kräm o efterrättssås,12.5,µg
1730,Rabarbersoppa,Fibrer,Söta soppor kräm o efterrättssås,1.7,g
1730,Rabarbersoppa,"Fett, totalt",Söta soppor kräm o efterrättssås,0.1,g
1730,Rabarbersoppa,"Järn, Fe",Söta soppor kräm o efterrättssås,0.1,mg
1730,Rabarbersoppa,Energi (kJ),Söta soppor kräm o efterrättssås,220.0,kJ
1730,Rabarbersoppa,Energi (kcal),Söta soppor kräm o efterrättssås,52.0,kcal
1730,Rabarbersoppa,Disackarider,Söta soppor kräm o efterrättssås,10.2,g
1730,Rabarbersoppa,"Kalcium, Ca",Söta soppor kräm o efterrättssås,7.0,mg
1730,Rabarbersoppa,Fettsyra 4:0-10:0,Söta soppor kräm o efterrättssås,0.0,g
1730,Rabarbersoppa,DHA (C22:6),Söta soppor kräm o efterrättssås,0.0,g
1730,Rabarbersoppa,DPA (C22:5),Söta soppor kräm o efterrättssås,0.0,g
1730,Rabarbersoppa,EPA (C20:5),Söta soppor kräm o efterrättssås,0.0,g
1730,Rabarbersoppa,Arakidonsyra C20:4,Söta soppor kräm o efterrättssås,0.0,g
1730,Rabarbersoppa,Arakidinsyra C20:0,Söta soppor kräm o efterrättssås,0.0,g
1730,Rabarbersoppa,Linolensyra C18:3,Söta soppor kräm o efterrättssås,0.0,g
1730,Rabarbersoppa,Linolsyra C18:2,Söta soppor kräm o efterrättssås,0.0,g
1730,Rabarbersoppa,Oljesyra C18:1,Söta soppor kräm o efterrättssås,0.0,g
1730,Rabarbersoppa,Stearinsyra C18:0,Söta soppor kräm o efterrättssås,0.0,g
1730,Rabarbersoppa,Palmitoljesyra C16:1,Söta soppor kräm o efterrättssås,0.0,g
1730,Rabarbersoppa,Palmitinsyra C16:0,Söta soppor kräm o efterrättssås,0.0,g
1730,Rabarbersoppa,Myristinsyra C14:0,Söta soppor kräm o efterrättssås,0.0,g
1730,Rabarbersoppa,Laurinsyra C12:0,Söta soppor kräm o efterrättssås,0.0,g
1730,Rabarbersoppa,Betakaroten/β-Karoten,Söta soppor kräm o efterrättssås,32.0,µg
1730,Rabarbersoppa,Avfall (skal etc.),Söta soppor kräm o efterrättssås,0.0,%
1730,Rabarbersoppa,Aska,Söta soppor kräm o efterrättssås,0.3,g
1730,Rabarbersoppa,Alkohol,Söta soppor kräm o efterrättssås,0.0,g
1732,Apelsinsoppa,"Zink, Zn",Söta soppor kräm o efterrättssås,0.0,mg
1732,Apelsinsoppa,Vitamin E,Söta soppor kräm o efterrättssås,0.1,mg
1732,Apelsinsoppa,Vitamin D inkl 25-OH-D3,Söta soppor kräm o efterrättssås,0.0,µg
1732,Apelsinsoppa,Vitamin D,Söta soppor kräm o efterrättssås,0.0,µg
1732,Apelsinsoppa,Vitamin C,Söta soppor kräm o efterrättssås,22.1,mg
1732,Apelsinsoppa,Vitamin B6,Söta soppor kräm o efterrättssås,0.04,mg
1732,Apelsinsoppa,Vitamin B12,Söta soppor kräm o efterrättssås,0.0,µg
1732,Apelsinsoppa,Vitamin A,Söta soppor kräm o efterrättssås,1.0,RE/µg
1732,Apelsinsoppa,Vatten,Söta soppor kräm o efterrättssås,88.5,g
1732,Apelsinsoppa,Tiamin,Söta soppor kräm o efterrättssås,0.06,mg
1732,Apelsinsoppa,Tillsatt socker,Söta soppor kräm o efterrättssås,4.0,g
1732,Apelsinsoppa,Fritt socker,Söta soppor kräm o efterrättssås,6.0,g
1732,Apelsinsoppa,"Selen, Se",Söta soppor kräm o efterrättssås,0.1,µg
1732,Apelsinsoppa,Sackaros,Söta soppor kräm o efterrättssås,5.1,g
1732,Apelsinsoppa,Riboflavin,Söta soppor kräm o efterrättssås,0.02,mg
1732,Apelsinsoppa,Retinol,Söta soppor kräm o efterrättssås,0.0,µg
1732,Apelsinsoppa,Protein,Söta soppor kräm o efterrättssås,0.4,g
1732,Apelsinsoppa,Summa fleromättade fettsyror,Söta soppor kräm o efterrättssås,0.0,g
1732,Apelsinsoppa,"Fosfor, P",Söta soppor kräm o efterrättssås,9.0,mg
1732,Apelsinsoppa,Niacinekvivalenter,Söta soppor kräm o efterrättssås,0.26,NE/mg
1732,Apelsinsoppa,Niacin,Söta soppor kräm o efterrättssås,0.2,mg
1732,Apelsinsoppa,"Salt, NaCl",Söta soppor kräm o efterrättssås,0.0,g
1732,Apelsinsoppa,"Natrium, Na",Söta soppor kräm o efterrättssås,2.0,mg
1732,Apelsinsoppa,Monosackarider,Söta soppor kräm o efterrättssås,2.9,g
1732,Apelsinsoppa,"Sockerarter, totalt",Söta soppor kräm o efterrättssås,8.0,g
1732,Apelsinsoppa,Summa enkelomättade fettsyror,Söta soppor kräm o efterrättssås,0.0,g
1732,Apelsinsoppa,"Magnesium, Mg",Söta soppor kräm o efterrättssås,6.0,mg
1732,Apelsinsoppa,Summa mättade fettsyror,Söta soppor kräm o efterrättssås,0.0,g
1732,Apelsinsoppa,"Kolhydrater, tillgängliga",Söta soppor kräm o efterrättssås,10.6,g
1732,Apelsinsoppa,Kolesterol,Söta soppor kräm o efterrättssås,0.0,mg
1732,Apelsinsoppa,"Kalium, K",Söta soppor kräm o efterrättssås,84.0,mg
1732,Apelsinsoppa,"Jod, I",Söta soppor kräm o efterrättssås,1.1,µg
1732,Apelsinsoppa,Fullkorn totalt,Söta soppor kräm o efterrättssås,0.0,g
1732,Apelsinsoppa,"Folat, totalt",Söta soppor kräm o efterrättssås,11.6,µg
1732,Apelsinsoppa,Fibrer,Söta soppor kräm o efterrättssås,0.3,g
1732,Apelsinsoppa,"Fett, totalt",Söta soppor kräm o efterrättssås,0.1,g
1732,Apelsinsoppa,"Järn, Fe",Söta soppor kräm o efterrättssås,0.2,mg
1732,Apelsinsoppa,Energi (kJ),Söta soppor kräm o efterrättssås,191.0,kJ
1732,Apelsinsoppa,Energi (kcal),Söta soppor kräm o efterrättssås,46.0,kcal
1732,Apelsinsoppa,Disackarider,Söta soppor kräm o efterrättssås,5.1,g
1732,Apelsinsoppa,"Kalcium, Ca",Söta soppor kräm o efterrättssås,9.0,mg
1732,Apelsinsoppa,Fettsyra 4:0-10:0,Söta soppor kräm o efterrättssås,0.0,g
1732,Apelsinsoppa,DHA (C22:6),Söta soppor kräm o efterrättssås,0.0,g
1732,Apelsinsoppa,DPA (C22:5),Söta soppor kräm o efterrättssås,0.0,g
1732,Apelsinsoppa,EPA (C20:5),Söta soppor kräm o efterrättssås,0.0,g
1732,Apelsinsoppa,Arakidonsyra C20:4,Söta soppor kräm o efterrättssås,0.0,g
1732,Apelsinsoppa,Arakidinsyra C20:0,Söta soppor kräm o efterrättssås,0.0,g
1732,Apelsinsoppa,Linolensyra C18:3,Söta soppor kräm o efterrättssås,0.0,g
1732,Apelsinsoppa,Linolsyra C18:2,Söta soppor kräm o efterrättssås,0.0,g
1732,Apelsinsoppa,Oljesyra C18:1,Söta soppor kräm o efterrättssås,0.0,g
1732,Apelsinsoppa,Stearinsyra C18:0,Söta soppor kräm o efterrättssås,0.0,g
1732,Apelsinsoppa,Palmitoljesyra C16:1,Söta soppor kräm o efterrättssås,0.0,g
1732,Apelsinsoppa,Palmitinsyra C16:0,Söta soppor kräm o efterrättssås,0.0,g
1732,Apelsinsoppa,Myristinsyra C14:0,Söta soppor kräm o efterrättssås,0.0,g
1732,Apelsinsoppa,Laurinsyra C12:0,Söta soppor kräm o efterrättssås,0.0,g
1732,Apelsinsoppa,Betakaroten/β-Karoten,Söta soppor kräm o efterrättssås,2.0,µg
1732,Apelsinsoppa,Avfall (skal etc.),Söta soppor kräm o efterrättssås,5.0,%
1732,Apelsinsoppa,Aska,Söta soppor kräm o efterrättssås,0.2,g
1732,Apelsinsoppa,Alkohol,Söta soppor kräm o efterrättssås,0.0,g
1734,Blåbärssoppa hemlagad,"Zink, Zn",Söta soppor kräm o efterrättssås,0.1,mg
1734,Blåbärssoppa hemlagad,Vitamin E,Söta soppor kräm o efterrättssås,0.0,mg
1734,Blåbärssoppa hemlagad,Vitamin D inkl 25-OH-D3,Söta soppor kräm o efterrättssås,0.0,µg
1734,Blåbärssoppa hemlagad,Vitamin D,Söta soppor kräm o efterrättssås,0.0,µg
1734,Blåbärssoppa hemlagad,Vitamin C,Söta soppor kräm o efterrättssås,1.0,mg
1734,Blåbärssoppa hemlagad,Vitamin B6,Söta soppor kräm o efterrättssås,0.01,mg
1734,Blåbärssoppa hemlagad,Vitamin B12,Söta soppor kräm o efterrättssås,0.0,µg
1734,Blåbärssoppa hemlagad,Vitamin A,Söta soppor kräm o efterrättssås,2.7,RE/µg
1734,Blåbärssoppa hemlagad,Vatten,Söta soppor kräm o efterrättssås,88.0,g
1734,Blåbärssoppa hemlagad,Tiamin,Söta soppor kräm o efterrättssås,0.01,mg
1734,Blåbärssoppa hemlagad,Tillsatt socker,Söta soppor kräm o efterrättssås,6.0,g
1734,Blåbärssoppa hemlagad,Fritt socker,Söta soppor kräm o efterrättssås,6.0,g
1734,Blåbärssoppa hemlagad,"Selen, Se",Söta soppor kräm o efterrättssås,0.0,µg
1734,Blåbärssoppa hemlagad,Sackaros,Söta soppor kräm o efterrättssås,6.1,g
1734,Blåbärssoppa hemlagad,Riboflavin,Söta soppor kräm o efterrättssås,0.02,mg
1734,Blåbärssoppa hemlagad,Retinol,Söta soppor kräm o efterrättssås,0.0,µg
1734,Blåbärssoppa hemlagad,Protein,Söta soppor kräm o efterrättssås,0.2,g
1734,Blåbärssoppa hemlagad,Summa fleromättade fettsyror,Söta soppor kräm o efterrättssås,0.2,g
1734,Blåbärssoppa hemlagad,"Fosfor, P",Söta soppor kräm o efterrättssås,8.0,mg
1734,Blåbärssoppa hemlagad,Niacinekvivalenter,Söta soppor kräm o efterrättssås,0.14,NE/mg
1734,Blåbärssoppa hemlagad,Niacin,Söta soppor kräm o efterrättssås,0.1,mg
1734,Blåbärssoppa hemlagad,"Salt, NaCl",Söta soppor kräm o efterrättssås,0.0,g
1734,Blåbärssoppa hemlagad,"Natrium, Na",Söta soppor kräm o efterrättssås,3.0,mg
1734,Blåbärssoppa hemlagad,Monosackarider,Söta soppor kräm o efterrättssås,1.9,g
1734,Blåbärssoppa hemlagad,"Sockerarter, totalt",Söta soppor kräm o efterrättssås,8.0,g
1734,Blåbärssoppa hemlagad,Summa enkelomättade fettsyror,Söta soppor kräm o efterrättssås,0.0,g
1734,Blåbärssoppa hemlagad,"Magnesium, Mg",Söta soppor kräm o efterrättssås,3.0,mg
1734,Blåbärssoppa hemlagad,Summa mättade fettsyror,Söta soppor kräm o efterrättssås,0.0,g
1734,Blåbärssoppa hemlagad,"Kolhydrater, tillgängliga",Söta soppor kräm o efterrättssås,10.4,g
1734,Blåbärssoppa hemlagad,Kolesterol,Söta soppor kräm o efterrättssås,0.0,mg
1734,Blåbärssoppa hemlagad,"Kalium, K",Söta soppor kräm o efterrättssås,17.0,mg
1734,Blåbärssoppa hemlagad,"Jod, I",Söta soppor kräm o efterrättssås,1.7,µg
1734,Blåbärssoppa hemlagad,Fullkorn totalt,Söta soppor kräm o efterrättssås,0.0,g
1734,Blåbärssoppa hemlagad,"Folat, totalt",Söta soppor kräm o efterrättssås,1.6,µg
1734,Blåbärssoppa hemlagad,Fibrer,Söta soppor kräm o efterrättssås,1.0,g
1734,Blåbärssoppa hemlagad,"Fett, totalt",Söta soppor kräm o efterrättssås,0.3,g
1734,Blåbärssoppa hemlagad,"Järn, Fe",Söta soppor kräm o efterrättssås,0.2,mg
1734,Blåbärssoppa hemlagad,Energi (kJ),Söta soppor kräm o efterrättssås,198.0,kJ
1734,Blåbärssoppa hemlagad,Energi (kcal),Söta soppor kräm o efterrättssås,47.0,kcal
1734,Blåbärssoppa hemlagad,Disackarider,Söta soppor kräm o efterrättssås,6.1,g
1734,Blåbärssoppa hemlagad,"Kalcium, Ca",Söta soppor kräm o efterrättssås,10.0,mg
1734,Blåbärssoppa hemlagad,Fettsyra 4:0-10:0,Söta soppor kräm o efterrättssås,0.0,g
1734,Blåbärssoppa hemlagad,DHA (C22:6),Söta soppor kräm o efterrättssås,0.0,g
1734,Blåbärssoppa hemlagad,DPA (C22:5),Söta soppor kräm o efterrättssås,0.0,g
1734,Blåbärssoppa hemlagad,EPA (C20:5),Söta soppor kräm o efterrättssås,0.0,g
1734,Blåbärssoppa hemlagad,Arakidonsyra C20:4,Söta soppor kräm o efterrättssås,0.0,g
1734,Blåbärssoppa hemlagad,Arakidinsyra C20:0,Söta soppor kräm o efterrättssås,0.0,g
1734,Blåbärssoppa hemlagad,Linolensyra C18:3,Söta soppor kräm o efterrättssås,0.1,g
1734,Blåbärssoppa hemlagad,Linolsyra C18:2,Söta soppor kräm o efterrättssås,0.1,g
1734,Blåbärssoppa hemlagad,Oljesyra C18:1,Söta soppor kräm o efterrättssås,0.0,g
1734,Blåbärssoppa hemlagad,Stearinsyra C18:0,Söta soppor kräm o efterrättssås,0.0,g
1734,Blåbärssoppa hemlagad,Palmitoljesyra C16:1,Söta soppor kräm o efterrättssås,0.0,g
1734,Blåbärssoppa hemlagad,Palmitinsyra C16:0,Söta soppor kräm o efterrättssås,0.0,g
1734,Blåbärssoppa hemlagad,Myristinsyra C14:0,Söta soppor kräm o efterrättssås,0.0,g
1734,Blåbärssoppa hemlagad,Laurinsyra C12:0,Söta soppor kräm o efterrättssås,0.0,g
1734,Blåbärssoppa hemlagad,Betakaroten/β-Karoten,Söta soppor kräm o efterrättssås,31.0,µg
1734,Blåbärssoppa hemlagad,Avfall (skal etc.),Söta soppor kräm o efterrättssås,1.0,%
1734,Blåbärssoppa hemlagad,Aska,Söta soppor kräm o efterrättssås,0.1,g
1734,Blåbärssoppa hemlagad,Alkohol,Söta soppor kräm o efterrättssås,0.0,g
1740,Svartvinbärskräm,"Zink, Zn",Söta soppor kräm o efterrättssås,0.1,mg
1740,Svartvinbärskräm,Vitamin E,Söta soppor kräm o efterrättssås,0.7,mg
1740,Svartvinbärskräm,Vitamin D inkl 25-OH-D3,Söta soppor kräm o efterrättssås,0.0,µg
1740,Svartvinbärskräm,Vitamin D,Söta soppor kräm o efterrättssås,0.0,µg
1740,Svartvinbärskräm,Vitamin C,Söta soppor kräm o efterrättssås,16.7,mg
1740,Svartvinbärskräm,Vitamin B6,Söta soppor kräm o efterrättssås,0.02,mg
1740,Svartvinbärskräm,Vitamin B12,Söta soppor kräm o efterrättssås,0.0,µg
1740,Svartvinbärskräm,Vitamin A,Söta soppor kräm o efterrättssås,2.8,RE/µg
1740,Svartvinbärskräm,Vatten,Söta soppor kräm o efterrättssås,82.3,g
1740,Svartvinbärskräm,Tiamin,Söta soppor kräm o efterrättssås,0.01,mg
1740,Svartvinbärskräm,Tillsatt socker,Söta soppor kräm o efterrättssås,7.0,g
1740,Svartvinbärskräm,Fritt socker,Söta soppor kräm o efterrättssås,7.0,g
1740,Svartvinbärskräm,"Selen, Se",Söta soppor kräm o efterrättssås,0.0,µg
1740,Svartvinbärskräm,Sackaros,Söta soppor kräm o efterrättssås,7.6,g
1740,Svartvinbärskräm,Riboflavin,Söta soppor kräm o efterrättssås,0.01,mg
1740,Svartvinbärskräm,Retinol,Söta soppor kräm o efterrättssås,0.0,µg
1740,Svartvinbärskräm,Protein,Söta soppor kräm o efterrättssås,0.5,g
1740,Svartvinbärskräm,Summa fleromättade fettsyror,Söta soppor kräm o efterrättssås,0.2,g
1740,Svartvinbärskräm,"Fosfor, P",Söta soppor kräm o efterrättssås,22.0,mg
1740,Svartvinbärskräm,Niacinekvivalenter,Söta soppor kräm o efterrättssås,0.17,NE/mg
1740,Svartvinbärskräm,Niacin,Söta soppor kräm o efterrättssås,0.11,mg
1740,Svartvinbärskräm,"Salt, NaCl",Söta soppor kräm o efterrättssås,0.0,g
1740,Svartvinbärskräm,"Natrium, Na",Söta soppor kräm o efterrättssås,2.0,mg
1740,Svartvinbärskräm,Monosackarider,Söta soppor kräm o efterrättssås,2.6,g
1740,Svartvinbärskräm,"Sockerarter, totalt",Söta soppor kräm o efterrättssås,10.2,g
1740,Svartvinbärskräm,Summa enkelomättade fettsyror,Söta soppor kräm o efterrättssås,0.0,g
1740,Svartvinbärskräm,"Magnesium, Mg",Söta soppor kräm o efterrättssås,8.0,mg
1740,Svartvinbärskräm,Summa mättade fettsyror,Söta soppor kräm o efterrättssås,0.1,g
1740,Svartvinbärskräm,"Kolhydrater, tillgängliga",Söta soppor kräm o efterrättssås,14.7,g
1740,Svartvinbärskräm,Kolesterol,Söta soppor kräm o efterrättssås,0.0,mg
1740,Svartvinbärskräm,"Kalium, K",Söta soppor kräm o efterrättssås,69.0,mg
1740,Svartvinbärskräm,"Jod, I",Söta soppor kräm o efterrättssås,1.5,µg
1740,Svartvinbärskräm,Fullkorn totalt,Söta soppor kräm o efterrättssås,0.0,g
1740,Svartvinbärskräm,"Folat, totalt",Söta soppor kräm o efterrättssås,2.3,µg
1740,Svartvinbärskräm,Fibrer,Söta soppor kräm o efterrättssås,1.9,g
1740,Svartvinbärskräm,"Fett, totalt",Söta soppor kräm o efterrättssås,0.4,g
1740,Svartvinbärskräm,"Järn, Fe",Söta soppor kräm o efterrättssås,0.4,mg
1740,Svartvinbärskräm,Energi (kJ),Söta soppor kräm o efterrättssås,286.0,kJ
1740,Svartvinbärskräm,Energi (kcal),Söta soppor kräm o efterrättssås,69.0,kcal
1740,Svartvinbärskräm,Disackarider,Söta soppor kräm o efterrättssås,7.6,g
1740,Svartvinbärskräm,"Kalcium, Ca",Söta soppor kräm o efterrättssås,26.0,mg
1740,Svartvinbärskräm,Fettsyra 4:0-10:0,Söta soppor kräm o efterrättssås,0.0,g
1740,Svartvinbärskräm,DHA (C22:6),Söta soppor kräm o efterrättssås,0.0,g
1740,Svartvinbärskräm,DPA (C22:5),Söta soppor kräm o efterrättssås,0.0,g
1740,Svartvinbärskräm,EPA (C20:5),Söta soppor kräm o efterrättssås,0.0,g
1740,Svartvinbärskräm,Arakidonsyra C20:4,Söta soppor kräm o efterrättssås,0.0,g
1740,Svartvinbärskräm,Arakidinsyra C20:0,Söta soppor kräm o efterrättssås,0.0,g
1740,Svartvinbärskräm,Linolensyra C18:3,Söta soppor kräm o efterrättssås,0.1,g
1740,Svartvinbärskräm,Linolsyra C18:2,Söta soppor kräm o efterrättssås,0.1,g
1740,Svartvinbärskräm,Oljesyra C18:1,Söta soppor kräm o efterrättssås,0.0,g
1740,Svartvinbärskräm,Stearinsyra C18:0,Söta soppor kräm o efterrättssås,0.0,g
1740,Svartvinbärskräm,Palmitoljesyra C16:1,Söta soppor kräm o efterrättssås,0.0,g
1740,Svartvinbärskräm,Palmitinsyra C16:0,Söta soppor kräm o efterrättssås,0.1,g
1740,Svartvinbärskräm,Myristinsyra C14:0,Söta soppor kräm o efterrättssås,0.0,g
1740,Svartvinbärskräm,Laurinsyra C12:0,Söta soppor kräm o efterrättssås,0.0,g
1740,Svartvinbärskräm,Betakaroten/β-Karoten,Söta soppor kräm o efterrättssås,34.0,µg
1740,Svartvinbärskräm,Avfall (skal etc.),Söta soppor kräm o efterrättssås,0.0,%
1740,Svartvinbärskräm,Aska,Söta soppor kräm o efterrättssås,0.3,g
1740,Svartvinbärskräm,Alkohol,Söta soppor kräm o efterrättssås,0.0,g
1741,Äppelkompott,"Zink, Zn",Söta soppor kräm o efterrättssås,0.0,mg
1741,Äppelkompott,Vitamin E,Söta soppor kräm o efterrättssås,0.3,mg
1741,Äppelkompott,Vitamin D inkl 25-OH-D3,Söta soppor kräm o efterrättssås,0.0,µg
1741,Äppelkompott,Vitamin D,Söta soppor kräm o efterrättssås,0.0,µg
1741,Äppelkompott,Vitamin C,Söta soppor kräm o efterrättssås,2.4,mg
1741,Äppelkompott,Vitamin B6,Söta soppor kräm o efterrättssås,0.02,mg
1741,Äppelkompott,Vitamin B12,Söta soppor kräm o efterrättssås,0.0,µg
1741,Äppelkompott,Vitamin A,Söta soppor kräm o efterrättssås,1.6,RE/µg
1741,Äppelkompott,Vatten,Söta soppor kräm o efterrättssås,83.0,g
1741,Äppelkompott,Tiamin,Söta soppor kräm o efterrättssås,0.01,mg
1741,Äppelkompott,Tillsatt socker,Söta soppor kräm o efterrättssås,6.0,g
1741,Äppelkompott,Fritt socker,Söta soppor kräm o efterrättssås,6.0,g
1741,Äppelkompott,"Selen, Se",Söta soppor kräm o efterrättssås,0.0,µg
1741,Äppelkompott,Sackaros,Söta soppor kräm o efterrättssås,9.1,g
1741,Äppelkompott,Riboflavin,Söta soppor kräm o efterrättssås,0.0,mg
1741,Äppelkompott,Retinol,Söta soppor kräm o efterrättssås,0.0,µg
1741,Äppelkompott,Protein,Söta soppor kräm o efterrättssås,0.0,g
1741,Äppelkompott,Summa fleromättade fettsyror,Söta soppor kräm o efterrättssås,0.0,g
1741,Äppelkompott,"Fosfor, P",Söta soppor kräm o efterrättssås,6.0,mg
1741,Äppelkompott,Niacinekvivalenter,Söta soppor kräm o efterrättssås,0.1,NE/mg
1741,Äppelkompott,Niacin,Söta soppor kräm o efterrättssås,0.1,mg
1741,Äppelkompott,"Salt, NaCl",Söta soppor kräm o efterrättssås,0.0,g
1741,Äppelkompott,"Natrium, Na",Söta soppor kräm o efterrättssås,1.0,mg
1741,Äppelkompott,Monosackarider,Söta soppor kräm o efterrättssås,5.4,g
1741,Äppelkompott,"Sockerarter, totalt",Söta soppor kräm o efterrättssås,14.4,g
1741,Äppelkompott,Summa enkelomättade fettsyror,Söta soppor kräm o efterrättssås,0.0,g
1741,Äppelkompott,"Magnesium, Mg",Söta soppor kräm o efterrättssås,3.0,mg
1741,Äppelkompott,Summa mättade fettsyror,Söta soppor kräm o efterrättssås,0.0,g
1741,Äppelkompott,"Kolhydrater, tillgängliga",Söta soppor kräm o efterrättssås,15.0,g
1741,Äppelkompott,Kolesterol,Söta soppor kräm o efterrättssås,0.0,mg
1741,Äppelkompott,"Kalium, K",Söta soppor kräm o efterrättssås,30.0,mg
1741,Äppelkompott,"Jod, I",Söta soppor kräm o efterrättssås,0.4,µg
1741,Äppelkompott,Fullkorn totalt,Söta soppor kräm o efterrättssås,0.0,g
1741,Äppelkompott,"Folat, totalt",Söta soppor kräm o efterrättssås,1.2,µg
1741,Äppelkompott,Fibrer,Söta soppor kräm o efterrättssås,1.9,g
1741,Äppelkompott,"Fett, totalt",Söta soppor kräm o efterrättssås,0.0,g
1741,Äppelkompott,"Järn, Fe",Söta soppor kräm o efterrättssås,0.1,mg
1741,Äppelkompott,Energi (kJ),Söta soppor kräm o efterrättssås,271.0,kJ
1741,Äppelkompott,Energi (kcal),Söta soppor kräm o efterrättssås,65.0,kcal
1741,Äppelkompott,Disackarider,Söta soppor kräm o efterrättssås,9.1,g
1741,Äppelkompott,"Kalcium, Ca",Söta soppor kräm o efterrättssås,3.0,mg
1741,Äppelkompott,Fettsyra 4:0-10:0,Söta soppor kräm o efterrättssås,0.0,g
1741,Äppelkompott,DHA (C22:6),Söta soppor kräm o efterrättssås,0.0,g
1741,Äppelkompott,DPA (C22:5),Söta soppor kräm o efterrättssås,0.0,g
1741,Äppelkompott,EPA (C20:5),Söta soppor kräm o efterrättssås,0.0,g
1741,Äppelkompott,Arakidonsyra C20:4,Söta soppor kräm o efterrättssås,0.0,g
1741,Äppelkompott,Arakidinsyra C20:0,Söta soppor kräm o efterrättssås,0.0,g
1741,Äppelkompott,Linolensyra C18:3,Söta soppor kräm o efterrättssås,0.0,g
1741,Äppelkompott,Linolsyra C18:2,Söta soppor kräm o efterrättssås,0.0,g
1741,Äppelkompott,Oljesyra C18:1,Söta soppor kräm o efterrättssås,0.0,g
1741,Äppelkompott,Stearinsyra C18:0,Söta soppor kräm o efterrättssås,0.0,g
1741,Äppelkompott,Palmitoljesyra C16:1,Söta soppor kräm o efterrättssås,0.0,g
1741,Äppelkompott,Palmitinsyra C16:0,Söta soppor kräm o efterrättssås,0.0,g
1741,Äppelkompott,Myristinsyra C14:0,Söta soppor kräm o efterrättssås,0.0,g
1741,Äppelkompott,Laurinsyra C12:0,Söta soppor kräm o efterrättssås,0.0,g
1741,Äppelkompott,Betakaroten/β-Karoten,Söta soppor kräm o efterrättssås,18.0,µg
1741,Äppelkompott,Avfall (skal etc.),Söta soppor kräm o efterrättssås,5.0,%
1741,Äppelkompott,Aska,Söta soppor kräm o efterrättssås,0.2,g
1741,Äppelkompott,Alkohol,Söta soppor kräm o efterrättssås,0.0,g
1742,Äppelkräm,"Zink, Zn",Söta soppor kräm o efterrättssås,0.0,mg
1742,Äppelkräm,Vitamin E,Söta soppor kräm o efterrättssås,0.2,mg
1742,Äppelkräm,Vitamin D inkl 25-OH-D3,Söta soppor kräm o efterrättssås,0.0,µg
1742,Äppelkräm,Vitamin D,Söta soppor kräm o efterrättssås,0.0,µg
1742,Äppelkräm,Vitamin C,Söta soppor kräm o efterrättssås,2.1,mg
1742,Äppelkräm,Vitamin B6,Söta soppor kräm o efterrättssås,0.02,mg
1742,Äppelkräm,Vitamin B12,Söta soppor kräm o efterrättssås,0.0,µg
1742,Äppelkräm,Vitamin A,Söta soppor kräm o efterrättssås,1.5,RE/µg
1742,Äppelkräm,Vatten,Söta soppor kräm o efterrättssås,84.2,g
1742,Äppelkräm,Tiamin,Söta soppor kräm o efterrättssås,0.01,mg
1742,Äppelkräm,Tillsatt socker,Söta soppor kräm o efterrättssås,4.0,g
1742,Äppelkräm,Fritt socker,Söta soppor kräm o efterrättssås,4.0,g
1742,Äppelkräm,"Selen, Se",Söta soppor kräm o efterrättssås,0.0,µg
1742,Äppelkräm,Sackaros,Söta soppor kräm o efterrättssås,7.0,g
1742,Äppelkräm,Riboflavin,Söta soppor kräm o efterrättssås,0.0,mg
1742,Äppelkräm,Retinol,Söta soppor kräm o efterrättssås,0.0,µg
1742,Äppelkräm,Protein,Söta soppor kräm o efterrättssås,0.0,g
1742,Äppelkräm,Summa fleromättade fettsyror,Söta soppor kräm o efterrättssås,0.0,g
1742,Äppelkräm,"Fosfor, P",Söta soppor kräm o efterrättssås,6.0,mg
1742,Äppelkräm,Niacinekvivalenter,Söta soppor kräm o efterrättssås,0.09,NE/mg
1742,Äppelkräm,Niacin,Söta soppor kräm o efterrättssås,0.09,mg
1742,Äppelkräm,"Salt, NaCl",Söta soppor kräm o efterrättssås,0.0,g
1742,Äppelkräm,"Natrium, Na",Söta soppor kräm o efterrättssås,1.0,mg
1742,Äppelkräm,Monosackarider,Söta soppor kräm o efterrättssås,4.9,g
1742,Äppelkräm,"Sockerarter, totalt",Söta soppor kräm o efterrättssås,11.9,g
1742,Äppelkräm,Summa enkelomättade fettsyror,Söta soppor kräm o efterrättssås,0.0,g
1742,Äppelkräm,"Magnesium, Mg",Söta soppor kräm o efterrättssås,3.0,mg
1742,Äppelkräm,Summa mättade fettsyror,Söta soppor kräm o efterrättssås,0.0,g
1742,Äppelkräm,"Kolhydrater, tillgängliga",Söta soppor kräm o efterrättssås,13.9,g
1742,Äppelkräm,Kolesterol,Söta soppor kräm o efterrättssås,0.0,mg
1742,Äppelkräm,"Kalium, K",Söta soppor kräm o efterrättssås,28.0,mg
1742,Äppelkräm,"Jod, I",Söta soppor kräm o efterrättssås,0.7,µg
1742,Äppelkräm,Fullkorn totalt,Söta soppor kräm o efterrättssås,0.0,g
1742,Äppelkräm,"Folat, totalt",Söta soppor kräm o efterrättssås,1.1,µg
1742,Äppelkräm,Fibrer,Söta soppor kräm o efterrättssås,1.7,g
1742,Äppelkräm,"Fett, totalt",Söta soppor kräm o efterrättssås,0.0,g
1742,Äppelkräm,"Järn, Fe",Söta soppor kräm o efterrättssås,0.1,mg
1742,Äppelkräm,Energi (kJ),Söta soppor kräm o efterrättssås,251.0,kJ
1742,Äppelkräm,Energi (kcal),Söta soppor kräm o efterrättssås,60.0,kcal
1742,Äppelkräm,Disackarider,Söta soppor kräm o efterrättssås,7.0,g
1742,Äppelkräm,"Kalcium, Ca",Söta soppor kräm o efterrättssås,4.0,mg
1742,Äppelkräm,Fettsyra 4:0-10:0,Söta soppor kräm o efterrättssås,0.0,g
1742,Äppelkräm,DHA (C22:6),Söta soppor kräm o efterrättssås,0.0,g
1742,Äppelkräm,DPA (C22:5),Söta soppor kräm o efterrättssås,0.0,g
1742,Äppelkräm,EPA (C20:5),Söta soppor kräm o efterrättssås,0.0,g
1742,Äppelkräm,Arakidonsyra C20:4,Söta soppor kräm o efterrättssås,0.0,g
1742,Äppelkräm,Arakidinsyra C20:0,Söta soppor kräm o efterrättssås,0.0,g
1742,Äppelkräm,Linolensyra C18:3,Söta soppor kräm o efterrättssås,0.0,g
1742,Äppelkräm,Linolsyra C18:2,Söta soppor kräm o efterrättssås,0.0,g
1742,Äppelkräm,Oljesyra C18:1,Söta soppor kräm o efterrättssås,0.0,g
1742,Äppelkräm,Stearinsyra C18:0,Söta soppor kräm o efterrättssås,0.0,g
1742,Äppelkräm,Palmitoljesyra C16:1,Söta soppor kräm o efterrättssås,0.0,g
1742,Äppelkräm,Palmitinsyra C16:0,Söta soppor kräm o efterrättssås,0.0,g
1742,Äppelkräm,Myristinsyra C14:0,Söta soppor kräm o efterrättssås,0.0,g
1742,Äppelkräm,Laurinsyra C12:0,Söta soppor kräm o efterrättssås,0.0,g
1742,Äppelkräm,Betakaroten/β-Karoten,Söta soppor kräm o efterrättssås,16.0,µg
1742,Äppelkräm,Avfall (skal etc.),Söta soppor kräm o efterrättssås,5.0,%
1742,Äppelkräm,Aska,Söta soppor kräm o efterrättssås,0.2,g
1742,Äppelkräm,Alkohol,Söta soppor kräm o efterrättssås,0.0,g
1743,Äppelsoppa,"Zink, Zn",Söta soppor kräm o efterrättssås,0.0,mg
1743,Äppelsoppa,Vitamin E,Söta soppor kräm o efterrättssås,0.2,mg
1743,Äppelsoppa,Vitamin D inkl 25-OH-D3,Söta soppor kräm o efterrättssås,0.0,µg
1743,Äppelsoppa,Vitamin D,Söta soppor kräm o efterrättssås,0.0,µg
1743,Äppelsoppa,Vitamin C,Söta soppor kräm o efterrättssås,1.7,mg
1743,Äppelsoppa,Vitamin B6,Söta soppor kräm o efterrättssås,0.02,mg
1743,Äppelsoppa,Vitamin B12,Söta soppor kräm o efterrättssås,0.0,µg
1743,Äppelsoppa,Vitamin A,Söta soppor kräm o efterrättssås,1.2,RE/µg
1743,Äppelsoppa,Vatten,Söta soppor kräm o efterrättssås,87.2,g
1743,Äppelsoppa,Tiamin,Söta soppor kräm o efterrättssås,0.0,mg
1743,Äppelsoppa,Tillsatt socker,Söta soppor kräm o efterrättssås,4.0,g
1743,Äppelsoppa,Fritt socker,Söta soppor kräm o efterrättssås,4.0,g
1743,Äppelsoppa,"Selen, Se",Söta soppor kräm o efterrättssås,0.0,µg
1743,Äppelsoppa,Sackaros,Söta soppor kräm o efterrättssås,5.7,g
1743,Äppelsoppa,Riboflavin,Söta soppor kräm o efterrättssås,0.0,mg
1743,Äppelsoppa,Retinol,Söta soppor kräm o efterrättssås,0.0,µg
1743,Äppelsoppa,Protein,Söta soppor kräm o efterrättssås,0.0,g
1743,Äppelsoppa,Summa fleromättade fettsyror,Söta soppor kräm o efterrättssås,0.0,g
1743,Äppelsoppa,"Fosfor, P",Söta soppor kräm o efterrättssås,5.0,mg
1743,Äppelsoppa,Niacinekvivalenter,Söta soppor kräm o efterrättssås,0.08,NE/mg
1743,Äppelsoppa,Niacin,Söta soppor kräm o efterrättssås,0.07,mg
1743,Äppelsoppa,"Salt, NaCl",Söta soppor kräm o efterrättssås,0.0,g
1743,Äppelsoppa,"Natrium, Na",Söta soppor kräm o efterrättssås,1.0,mg
1743,Äppelsoppa,Monosackarider,Söta soppor kräm o efterrättssås,3.9,g
1743,Äppelsoppa,"Sockerarter, totalt",Söta soppor kräm o efterrättssås,9.6,g
1743,Äppelsoppa,Summa enkelomättade fettsyror,Söta soppor kräm o efterrättssås,0.0,g
1743,Äppelsoppa,"Magnesium, Mg",Söta soppor kräm o efterrättssås,2.0,mg
1743,Äppelsoppa,Summa mättade fettsyror,Söta soppor kräm o efterrättssås,0.0,g
1743,Äppelsoppa,"Kolhydrater, tillgängliga",Söta soppor kräm o efterrättssås,11.2,g
1743,Äppelsoppa,Kolesterol,Söta soppor kräm o efterrättssås,0.0,mg
1743,Äppelsoppa,"Kalium, K",Söta soppor kräm o efterrättssås,23.0,mg
1743,Äppelsoppa,"Jod, I",Söta soppor kräm o efterrättssås,0.8,µg
1743,Äppelsoppa,Fullkorn totalt,Söta soppor kräm o efterrättssås,0.0,g
1743,Äppelsoppa,"Folat, totalt",Söta soppor kräm o efterrättssås,0.9,µg
1743,Äppelsoppa,Fibrer,Söta soppor kräm o efterrättssås,1.4,g
1743,Äppelsoppa,"Fett, totalt",Söta soppor kräm o efterrättssås,0.0,g
1743,Äppelsoppa,"Järn, Fe",Söta soppor kräm o efterrättssås,0.1,mg
1743,Äppelsoppa,Energi (kJ),Söta soppor kräm o efterrättssås,203.0,kJ
1743,Äppelsoppa,Energi (kcal),Söta soppor kräm o efterrättssås,49.0,kcal
1743,Äppelsoppa,Disackarider,Söta soppor kräm o efterrättssås,5.7,g
1743,Äppelsoppa,"Kalcium, Ca",Söta soppor kräm o efterrättssås,4.0,mg
1743,Äppelsoppa,Fettsyra 4:0-10:0,Söta soppor kräm o efterrättssås,0.0,g
1743,Äppelsoppa,DHA (C22:6),Söta soppor kräm o efterrättssås,0.0,g
1743,Äppelsoppa,DPA (C22:5),Söta soppor kräm o efterrättssås,0.0,g
1743,Äppelsoppa,EPA (C20:5),Söta soppor kräm o efterrättssås,0.0,g
1743,Äppelsoppa,Arakidonsyra C20:4,Söta soppor kräm o efterrättssås,0.0,g
1743,Äppelsoppa,Arakidinsyra C20:0,Söta soppor kräm o efterrättssås,0.0,g
1743,Äppelsoppa,Linolensyra C18:3,Söta soppor kräm o efterrättssås,0.0,g
1743,Äppelsoppa,Linolsyra C18:2,Söta soppor kräm o efterrättssås,0.0,g
1743,Äppelsoppa,Oljesyra C18:1,Söta soppor kräm o efterrättssås,0.0,g
1743,Äppelsoppa,Stearinsyra C18:0,Söta soppor kräm o efterrättssås,0.0,g
1743,Äppelsoppa,Palmitoljesyra C16:1,Söta soppor kräm o efterrättssås,0.0,g
1743,Äppelsoppa,Palmitinsyra C16:0,Söta soppor kräm o efterrättssås,0.0,g
1743,Äppelsoppa,Myristinsyra C14:0,Söta soppor kräm o efterrättssås,0.0,g
1743,Äppelsoppa,Laurinsyra C12:0,Söta soppor kräm o efterrättssås,0.0,g
1743,Äppelsoppa,Betakaroten/β-Karoten,Söta soppor kräm o efterrättssås,13.0,µg
1743,Äppelsoppa,Avfall (skal etc.),Söta soppor kräm o efterrättssås,4.0,%
1743,Äppelsoppa,Aska,Söta soppor kräm o efterrättssås,0.1,g
1743,Äppelsoppa,Alkohol,Söta soppor kräm o efterrättssås,0.0,g
1744,Kräm m. bär el. frukt,"Zink, Zn",Söta soppor kräm o efterrättssås,0.1,mg
1744,Kräm m. bär el. frukt,Vitamin E,Söta soppor kräm o efterrättssås,0.2,mg
1744,Kräm m. bär el. frukt,Vitamin D inkl 25-OH-D3,Söta soppor kräm o efterrättssås,0.0,µg
1744,Kräm m. bär el. frukt,Vitamin D,Söta soppor kräm o efterrättssås,0.0,µg
1744,Kräm m. bär el. frukt,Vitamin C,Söta soppor kräm o efterrättssås,3.4,mg
1744,Kräm m. bär el. frukt,Vitamin B6,Söta soppor kräm o efterrättssås,0.02,mg
1744,Kräm m. bär el. frukt,Vitamin B12,Söta soppor kräm o efterrättssås,0.0,µg
1744,Kräm m. bär el. frukt,Vitamin A,Söta soppor kräm o efterrättssås,4.8,RE/µg
1744,Kräm m. bär el. frukt,Vatten,Söta soppor kräm o efterrättssås,83.6,g
1744,Kräm m. bär el. frukt,Tiamin,Söta soppor kräm o efterrättssås,0.01,mg
1744,Kräm m. bär el. frukt,Tillsatt socker,Söta soppor kräm o efterrättssås,8.0,g
1744,Kräm m. bär el. frukt,Fritt socker,Söta soppor kräm o efterrättssås,8.0,g
1744,Kräm m. bär el. frukt,"Selen, Se",Söta soppor kräm o efterrättssås,0.0,µg
1744,Kräm m. bär el. frukt,Sackaros,Söta soppor kräm o efterrättssås,9.0,g
1744,Kräm m. bär el. frukt,Riboflavin,Söta soppor kräm o efterrättssås,0.01,mg
1744,Kräm m. bär el. frukt,Retinol,Söta soppor kräm o efterrättssås,0.0,µg
1744,Kräm m. bär el. frukt,Protein,Söta soppor kräm o efterrättssås,0.2,g
1744,Kräm m. bär el. frukt,Summa fleromättade fettsyror,Söta soppor kräm o efterrättssås,0.1,g
1744,Kräm m. bär el. frukt,"Fosfor, P",Söta soppor kräm o efterrättssås,11.0,mg
1744,Kräm m. bär el. frukt,Niacinekvivalenter,Söta soppor kräm o efterrättssås,0.18,NE/mg
1744,Kräm m. bär el. frukt,Niacin,Söta soppor kräm o efterrättssås,0.14,mg
1744,Kräm m. bär el. frukt,"Salt, NaCl",Söta soppor kräm o efterrättssås,0.0,g
1744,Kräm m. bär el. frukt,"Natrium, Na",Söta soppor kräm o efterrättssås,2.0,mg
1744,Kräm m. bär el. frukt,Monosackarider,Söta soppor kräm o efterrättssås,2.2,g
1744,Kräm m. bär el. frukt,"Sockerarter, totalt",Söta soppor kräm o efterrättssås,11.2,g
1744,Kräm m. bär el. frukt,Summa enkelomättade fettsyror,Söta soppor kräm o efterrättssås,0.0,g
1744,Kräm m. bär el. frukt,"Magnesium, Mg",Söta soppor kräm o efterrättssås,5.0,mg
1744,Kräm m. bär el. frukt,Summa mättade fettsyror,Söta soppor kräm o efterrättssås,0.0,g
1744,Kräm m. bär el. frukt,"Kolhydrater, tillgängliga",Söta soppor kräm o efterrättssås,14.4,g
1744,Kräm m. bär el. frukt,Kolesterol,Söta soppor kräm o efterrättssås,0.0,mg
1744,Kräm m. bär el. frukt,"Kalium, K",Söta soppor kräm o efterrättssås,39.0,mg
1744,Kräm m. bär el. frukt,"Jod, I",Söta soppor kräm o efterrättssås,1.2,µg
1744,Kräm m. bär el. frukt,Fullkorn totalt,Söta soppor kräm o efterrättssås,0.0,g
1744,Kräm m. bär el. frukt,"Folat, totalt",Söta soppor kräm o efterrättssås,6.2,µg
1744,Kräm m. bär el. frukt,Fibrer,Söta soppor kräm o efterrättssås,1.4,g
1744,Kräm m. bär el. frukt,"Fett, totalt",Söta soppor kräm o efterrättssås,0.2,g
1744,Kräm m. bär el. frukt,"Järn, Fe",Söta soppor kräm o efterrättssås,0.2,mg
1744,Kräm m. bär el. frukt,Energi (kJ),Söta soppor kräm o efterrättssås,266.0,kJ
1744,Kräm m. bär el. frukt,Energi (kcal),Söta soppor kräm o efterrättssås,64.0,kcal
1744,Kräm m. bär el. frukt,Disackarider,Söta soppor kräm o efterrättssås,9.0,g
1744,Kräm m. bär el. frukt,"Kalcium, Ca",Söta soppor kräm o efterrättssås,9.0,mg
1744,Kräm m. bär el. frukt,Fettsyra 4:0-10:0,Söta soppor kräm o efterrättssås,0.0,g
1744,Kräm m. bär el. frukt,DHA (C22:6),Söta soppor kräm o efterrättssås,0.0,g
1744,Kräm m. bär el. frukt,DPA (C22:5),Söta soppor kräm o efterrättssås,0.0,g
1744,Kräm m. bär el. frukt,EPA (C20:5),Söta soppor kräm o efterrättssås,0.0,g
1744,Kräm m. bär el. frukt,Arakidonsyra C20:4,Söta soppor kräm o efterrättssås,0.0,g
1744,Kräm m. bär el. frukt,Arakidinsyra C20:0,Söta soppor kräm o efterrättssås,0.0,g
1744,Kräm m. bär el. frukt,Linolensyra C18:3,Söta soppor kräm o efterrättssås,0.0,g
1744,Kräm m. bär el. frukt,Linolsyra C18:2,Söta soppor kräm o efterrättssås,0.0,g
1744,Kräm m. bär el. frukt,Oljesyra C18:1,Söta soppor kräm o efterrättssås,0.0,g
1744,Kräm m. bär el. frukt,Stearinsyra C18:0,Söta soppor kräm o efterrättssås,0.0,g
1744,Kräm m. bär el. frukt,Palmitoljesyra C16:1,Söta soppor kräm o efterrättssås,0.0,g
1744,Kräm m. bär el. frukt,Palmitinsyra C16:0,Söta soppor kräm o efterrättssås,0.0,g
1744,Kräm m. bär el. frukt,Myristinsyra C14:0,Söta soppor kräm o efterrättssås,0.0,g
1744,Kräm m. bär el. frukt,Laurinsyra C12:0,Söta soppor kräm o efterrättssås,0.0,g
1744,Kräm m. bär el. frukt,Betakaroten/β-Karoten,Söta soppor kräm o efterrättssås,57.0,µg
1744,Kräm m. bär el. frukt,Avfall (skal etc.),Söta soppor kräm o efterrättssås,2.0,%
1744,Kräm m. bär el. frukt,Aska,Söta soppor kräm o efterrättssås,0.2,g
1744,Kräm m. bär el. frukt,Alkohol,Söta soppor kräm o efterrättssås,0.0,g
1745,Pajfyllning bär m. socker,"Zink, Zn",Bär färska frysta,0.1,mg
1745,Pajfyllning bär m. socker,Vitamin E,Bär färska frysta,0.5,mg
1745,Pajfyllning bär m. socker,Vitamin D inkl 25-OH-D3,Bär färska frysta,0.0,µg
1745,Pajfyllning bär m. socker,Vitamin D,Bär färska frysta,0.0,µg
1745,Pajfyllning bär m. socker,Vitamin C,Bär färska frysta,11.2,mg
1745,Pajfyllning bär m. socker,Vitamin B6,Bär färska frysta,0.06,mg
1745,Pajfyllning bär m. socker,Vitamin B12,Bär färska frysta,0.0,µg
1745,Pajfyllning bär m. socker,Vitamin A,Bär färska frysta,7.7,RE/µg
1745,Pajfyllning bär m. socker,Vatten,Bär färska frysta,72.4,g
1745,Pajfyllning bär m. socker,Tiamin,Bär färska frysta,0.03,mg
1745,Pajfyllning bär m. socker,Tillsatt socker,Bär färska frysta,13.0,g
1745,Pajfyllning bär m. socker,Fritt socker,Bär färska frysta,13.0,g
1745,Pajfyllning bär m. socker,"Selen, Se",Bär färska frysta,0.0,µg
1745,Pajfyllning bär m. socker,Sackaros,Bär färska frysta,13.2,g
1745,Pajfyllning bär m. socker,Riboflavin,Bär färska frysta,0.04,mg
1745,Pajfyllning bär m. socker,Retinol,Bär färska frysta,0.0,µg
1745,Pajfyllning bär m. socker,Protein,Bär färska frysta,0.8,g
1745,Pajfyllning bär m. socker,Summa fleromättade fettsyror,Bär färska frysta,0.2,g
1745,Pajfyllning bär m. socker,"Fosfor, P",Bär färska frysta,22.0,mg
1745,Pajfyllning bär m. socker,Niacinekvivalenter,Bär färska frysta,0.45,NE/mg
1745,Pajfyllning bär m. socker,Niacin,Bär färska frysta,0.32,mg
1745,Pajfyllning bär m. socker,"Salt, NaCl",Bär färska frysta,0.0,g
1745,Pajfyllning bär m. socker,"Natrium, Na",Bär färska frysta,2.0,mg
1745,Pajfyllning bär m. socker,Monosackarider,Bär färska frysta,6.7,g
1745,Pajfyllning bär m. socker,"Sockerarter, totalt",Bär färska frysta,19.9,g
1745,Pajfyllning bär m. socker,Summa enkelomättade fettsyror,Bär färska frysta,0.0,g
1745,Pajfyllning bär m. socker,"Magnesium, Mg",Bär färska frysta,11.0,mg
1745,Pajfyllning bär m. socker,Summa mättade fettsyror,Bär färska frysta,0.0,g
1745,Pajfyllning bär m. socker,"Kolhydrater, tillgängliga",Bär färska frysta,23.5,g
1745,Pajfyllning bär m. socker,Kolesterol,Bär färska frysta,0.0,mg
1745,Pajfyllning bär m. socker,"Kalium, K",Bär färska frysta,131.0,mg
1745,Pajfyllning bär m. socker,"Jod, I",Bär färska frysta,1.1,µg
1745,Pajfyllning bär m. socker,Fullkorn totalt,Bär färska frysta,0.0,g
1745,Pajfyllning bär m. socker,"Folat, totalt",Bär färska frysta,15.6,µg
1745,Pajfyllning bär m. socker,Fibrer,Bär färska frysta,2.6,g
1745,Pajfyllning bär m. socker,"Fett, totalt",Bär färska frysta,0.4,g
1745,Pajfyllning bär m. socker,"Järn, Fe",Bär färska frysta,0.4,mg
1745,Pajfyllning bär m. socker,Energi (kJ),Bär färska frysta,449.0,kJ
1745,Pajfyllning bär m. socker,Energi (kcal),Bär färska frysta,107.0,kcal
1745,Pajfyllning bär m. socker,Disackarider,Bär färska frysta,13.2,g
1745,Pajfyllning bär m. socker,"Kalcium, Ca",Bär färska frysta,22.0,mg
1745,Pajfyllning bär m. socker,Fettsyra 4:0-10:0,Bär färska frysta,0.0,g
1745,Pajfyllning bär m. socker,DHA (C22:6),Bär färska frysta,0.0,g
1745,Pajfyllning bär m. socker,DPA (C22:5),Bär färska frysta,0.0,g
1745,Pajfyllning bär m. socker,EPA (C20:5),Bär färska frysta,0.0,g
1745,Pajfyllning bär m. socker,Arakidonsyra C20:4,Bär färska frysta,0.0,g
1745,Pajfyllning bär m. socker,Arakidinsyra C20:0,Bär färska frysta,0.0,g
1745,Pajfyllning bär m. socker,Linolensyra C18:3,Bär färska frysta,0.1,g
1745,Pajfyllning bär m. socker,Linolsyra C18:2,Bär färska frysta,0.1,g
1745,Pajfyllning bär m. socker,Oljesyra C18:1,Bär färska frysta,0.0,g
1745,Pajfyllning bär m. socker,Stearinsyra C18:0,Bär färska frysta,0.0,g
1745,Pajfyllning bär m. socker,Palmitoljesyra C16:1,Bär färska frysta,0.0,g
1745,Pajfyllning bär m. socker,Palmitinsyra C16:0,Bär färska frysta,0.0,g
1745,Pajfyllning bär m. socker,Myristinsyra C14:0,Bär färska frysta,0.0,g
1745,Pajfyllning bär m. socker,Laurinsyra C12:0,Bär färska frysta,0.0,g
1745,Pajfyllning bär m. socker,Betakaroten/β-Karoten,Bär färska frysta,87.0,µg
1745,Pajfyllning bär m. socker,Avfall (skal etc.),Bär färska frysta,3.0,%
1745,Pajfyllning bär m. socker,Aska,Bär färska frysta,0.4,g
1745,Pajfyllning bär m. socker,Alkohol,Bär färska frysta,0.0,g
1746,Saftkräm,"Zink, Zn",Söta soppor kräm o efterrättssås,0.0,mg
1746,Saftkräm,Vitamin E,Söta soppor kräm o efterrättssås,0.0,mg
1746,Saftkräm,Vitamin D inkl 25-OH-D3,Söta soppor kräm o efterrättssås,0.0,µg
1746,Saftkräm,Vitamin D,Söta soppor kräm o efterrättssås,0.0,µg
1746,Saftkräm,Vitamin C,Söta soppor kräm o efterrättssås,0.0,mg
1746,Saftkräm,Vitamin B6,Söta soppor kräm o efterrättssås,0.0,mg
1746,Saftkräm,Vitamin B12,Söta soppor kräm o efterrättssås,0.0,µg
1746,Saftkräm,Vitamin A,Söta soppor kräm o efterrättssås,0.0,RE/µg
1746,Saftkräm,Vatten,Söta soppor kräm o efterrättssås,71.5,g
1746,Saftkräm,Tiamin,Söta soppor kräm o efterrättssås,0.0,mg
1746,Saftkräm,Tillsatt socker,Söta soppor kräm o efterrättssås,22.0,g
1746,Saftkräm,Fritt socker,Söta soppor kräm o efterrättssås,23.0,g
1746,Saftkräm,"Selen, Se",Söta soppor kräm o efterrättssås,0.0,µg
1746,Saftkräm,Sackaros,Söta soppor kräm o efterrättssås,12.9,g
1746,Saftkräm,Riboflavin,Söta soppor kräm o efterrättssås,0.0,mg
1746,Saftkräm,Retinol,Söta soppor kräm o efterrättssås,0.0,µg
1746,Saftkräm,Protein,Söta soppor kräm o efterrättssås,0.0,g
1746,Saftkräm,Summa fleromättade fettsyror,Söta soppor kräm o efterrättssås,0.0,g
1746,Saftkräm,"Fosfor, P",Söta soppor kräm o efterrättssås,6.0,mg
1746,Saftkräm,Niacinekvivalenter,Söta soppor kräm o efterrättssås,0.1,NE/mg
1746,Saftkräm,Niacin,Söta soppor kräm o efterrättssås,0.09,mg
1746,Saftkräm,"Salt, NaCl",Söta soppor kräm o efterrättssås,0.0,g
1746,Saftkräm,"Natrium, Na",Söta soppor kräm o efterrättssås,9.0,mg
1746,Saftkräm,Monosackarider,Söta soppor kräm o efterrättssås,10.7,g
1746,Saftkräm,"Sockerarter, totalt",Söta soppor kräm o efterrättssås,23.6,g
1746,Saftkräm,Summa enkelomättade fettsyror,Söta soppor kräm o efterrättssås,0.0,g
1746,Saftkräm,"Magnesium, Mg",Söta soppor kräm o efterrättssås,3.0,mg
1746,Saftkräm,Summa mättade fettsyror,Söta soppor kräm o efterrättssås,0.0,g
1746,Saftkräm,"Kolhydrater, tillgängliga",Söta soppor kräm o efterrättssås,28.4,g
1746,Saftkräm,Kolesterol,Söta soppor kräm o efterrättssås,0.0,mg
1746,Saftkräm,"Kalium, K",Söta soppor kräm o efterrättssås,45.0,mg
1746,Saftkräm,"Jod, I",Söta soppor kräm o efterrättssås,1.7,µg
1746,Saftkräm,Fullkorn totalt,Söta soppor kräm o efterrättssås,0.0,g
1746,Saftkräm,"Folat, totalt",Söta soppor kräm o efterrättssås,0.4,µg
1746,Saftkräm,Fibrer,Söta soppor kräm o efterrättssås,0.0,g
1746,Saftkräm,"Fett, totalt",Söta soppor kräm o efterrättssås,0.0,g
1746,Saftkräm,"Järn, Fe",Söta soppor kräm o efterrättssås,0.1,mg
1746,Saftkräm,Energi (kJ),Söta soppor kräm o efterrättssås,483.0,kJ
1746,Saftkräm,Energi (kcal),Söta soppor kräm o efterrättssås,116.0,kcal
1746,Saftkräm,Disackarider,Söta soppor kräm o efterrättssås,12.9,g
1746,Saftkräm,"Kalcium, Ca",Söta soppor kräm o efterrättssås,6.0,mg
1746,Saftkräm,Fettsyra 4:0-10:0,Söta soppor kräm o efterrättssås,0.0,g
1746,Saftkräm,DHA (C22:6),Söta soppor kräm o efterrättssås,0.0,g
1746,Saftkräm,DPA (C22:5),Söta soppor kräm o efterrättssås,0.0,g
1746,Saftkräm,EPA (C20:5),Söta soppor kräm o efterrättssås,0.0,g
1746,Saftkräm,Arakidonsyra C20:4,Söta soppor kräm o efterrättssås,0.0,g
1746,Saftkräm,Arakidinsyra C20:0,Söta soppor kräm o efterrättssås,0.0,g
1746,Saftkräm,Linolensyra C18:3,Söta soppor kräm o efterrättssås,0.0,g
1746,Saftkräm,Linolsyra C18:2,Söta soppor kräm o efterrättssås,0.0,g
1746,Saftkräm,Oljesyra C18:1,Söta soppor kräm o efterrättssås,0.0,g
1746,Saftkräm,Stearinsyra C18:0,Söta soppor kräm o efterrättssås,0.0,g
1746,Saftkräm,Palmitoljesyra C16:1,Söta soppor kräm o efterrättssås,0.0,g
1746,Saftkräm,Palmitinsyra C16:0,Söta soppor kräm o efterrättssås,0.0,g
1746,Saftkräm,Myristinsyra C14:0,Söta soppor kräm o efterrättssås,0.0,g
1746,Saftkräm,Laurinsyra C12:0,Söta soppor kräm o efterrättssås,0.0,g
1746,Saftkräm,Betakaroten/β-Karoten,Söta soppor kräm o efterrättssås,0.0,µg
1746,Saftkräm,Avfall (skal etc.),Söta soppor kräm o efterrättssås,0.0,%
1746,Saftkräm,Aska,Söta soppor kräm o efterrättssås,0.1,g
1746,Saftkräm,Alkohol,Söta soppor kräm o efterrättssås,0.0,g
1747,Saftsoppa,"Zink, Zn",Söta soppor kräm o efterrättssås,0.0,mg
1747,Saftsoppa,Vitamin E,Söta soppor kräm o efterrättssås,0.0,mg
1747,Saftsoppa,Vitamin D inkl 25-OH-D3,Söta soppor kräm o efterrättssås,0.0,µg
1747,Saftsoppa,Vitamin D,Söta soppor kräm o efterrättssås,0.0,µg
1747,Saftsoppa,Vitamin C,Söta soppor kräm o efterrättssås,0.0,mg
1747,Saftsoppa,Vitamin B6,Söta soppor kräm o efterrättssås,0.0,mg
1747,Saftsoppa,Vitamin B12,Söta soppor kräm o efterrättssås,0.0,µg
1747,Saftsoppa,Vitamin A,Söta soppor kräm o efterrättssås,0.0,RE/µg
1747,Saftsoppa,Vatten,Söta soppor kräm o efterrättssås,78.8,g
1747,Saftsoppa,Tiamin,Söta soppor kräm o efterrättssås,0.0,mg
1747,Saftsoppa,Tillsatt socker,Söta soppor kräm o efterrättssås,18.0,g
1747,Saftsoppa,Fritt socker,Söta soppor kräm o efterrättssås,19.0,g
1747,Saftsoppa,"Selen, Se",Söta soppor kräm o efterrättssås,0.0,µg
1747,Saftsoppa,Sackaros,Söta soppor kräm o efterrättssås,10.3,g
1747,Saftsoppa,Riboflavin,Söta soppor kräm o efterrättssås,0.0,mg
1747,Saftsoppa,Retinol,Söta soppor kräm o efterrättssås,0.0,µg
1747,Saftsoppa,Protein,Söta soppor kräm o efterrättssås,0.0,g
1747,Saftsoppa,Summa fleromättade fettsyror,Söta soppor kräm o efterrättssås,0.0,g
1747,Saftsoppa,"Fosfor, P",Söta soppor kräm o efterrättssås,4.0,mg
1747,Saftsoppa,Niacinekvivalenter,Söta soppor kräm o efterrättssås,0.08,NE/mg
1747,Saftsoppa,Niacin,Söta soppor kräm o efterrättssås,0.07,mg
1747,Saftsoppa,"Salt, NaCl",Söta soppor kräm o efterrättssås,0.0,g
1747,Saftsoppa,"Natrium, Na",Söta soppor kräm o efterrättssås,7.0,mg
1747,Saftsoppa,Monosackarider,Söta soppor kräm o efterrättssås,8.6,g
1747,Saftsoppa,"Sockerarter, totalt",Söta soppor kräm o efterrättssås,18.9,g
1747,Saftsoppa,Summa enkelomättade fettsyror,Söta soppor kräm o efterrättssås,0.0,g
1747,Saftsoppa,"Magnesium, Mg",Söta soppor kräm o efterrättssås,2.0,mg
1747,Saftsoppa,Summa mättade fettsyror,Söta soppor kräm o efterrättssås,0.0,g
1747,Saftsoppa,"Kolhydrater, tillgängliga",Söta soppor kräm o efterrättssås,21.1,g
1747,Saftsoppa,Kolesterol,Söta soppor kräm o efterrättssås,0.0,mg
1747,Saftsoppa,"Kalium, K",Söta soppor kräm o efterrättssås,35.0,mg
1747,Saftsoppa,"Jod, I",Söta soppor kräm o efterrättssås,1.5,µg
1747,Saftsoppa,Fullkorn totalt,Söta soppor kräm o efterrättssås,0.0,g
1747,Saftsoppa,"Folat, totalt",Söta soppor kräm o efterrättssås,0.3,µg
1747,Saftsoppa,Fibrer,Söta soppor kräm o efterrättssås,0.0,g
1747,Saftsoppa,"Fett, totalt",Söta soppor kräm o efterrättssås,0.0,g
1747,Saftsoppa,"Järn, Fe",Söta soppor kräm o efterrättssås,0.0,mg
1747,Saftsoppa,Energi (kJ),Söta soppor kräm o efterrättssås,360.0,kJ
1747,Saftsoppa,Energi (kcal),Söta soppor kräm o efterrättssås,86.0,kcal
1747,Saftsoppa,Disackarider,Söta soppor kräm o efterrättssås,10.3,g
1747,Saftsoppa,"Kalcium, Ca",Söta soppor kräm o efterrättssås,5.0,mg
1747,Saftsoppa,Fettsyra 4:0-10:0,Söta soppor kräm o efterrättssås,0.0,g
1747,Saftsoppa,DHA (C22:6),Söta soppor kräm o efterrättssås,0.0,g
1747,Saftsoppa,DPA (C22:5),Söta soppor kräm o efterrättssås,0.0,g
1747,Saftsoppa,EPA (C20:5),Söta soppor kräm o efterrättssås,0.0,g
1747,Saftsoppa,Arakidonsyra C20:4,Söta soppor kräm o efterrättssås,0.0,g
1747,Saftsoppa,Arakidinsyra C20:0,Söta soppor kräm o efterrättssås,0.0,g
1747,Saftsoppa,Linolensyra C18:3,Söta soppor kräm o efterrättssås,0.0,g
1747,Saftsoppa,Linolsyra C18:2,Söta soppor kräm o efterrättssås,0.0,g
1747,Saftsoppa,Oljesyra C18:1,Söta soppor kräm o efterrättssås,0.0,g
1747,Saftsoppa,Stearinsyra C18:0,Söta soppor kräm o efterrättssås,0.0,g
1747,Saftsoppa,Palmitoljesyra C16:1,Söta soppor kräm o efterrättssås,0.0,g
1747,Saftsoppa,Palmitinsyra C16:0,Söta soppor kräm o efterrättssås,0.0,g
1747,Saftsoppa,Myristinsyra C14:0,Söta soppor kräm o efterrättssås,0.0,g
1747,Saftsoppa,Laurinsyra C12:0,Söta soppor kräm o efterrättssås,0.0,g
1747,Saftsoppa,Betakaroten/β-Karoten,Söta soppor kräm o efterrättssås,0.0,µg
1747,Saftsoppa,Avfall (skal etc.),Söta soppor kräm o efterrättssås,0.0,%
1747,Saftsoppa,Aska,Söta soppor kräm o efterrättssås,0.1,g
1747,Saftsoppa,Alkohol,Söta soppor kräm o efterrättssås,0.0,g
1748,Saftsås,"Zink, Zn",Söta soppor kräm o efterrättssås,0.0,mg
1748,Saftsås,Vitamin E,Söta soppor kräm o efterrättssås,0.0,mg
1748,Saftsås,Vitamin D inkl 25-OH-D3,Söta soppor kräm o efterrättssås,0.0,µg
1748,Saftsås,Vitamin D,Söta soppor kräm o efterrättssås,0.0,µg
1748,Saftsås,Vitamin C,Söta soppor kräm o efterrättssås,0.0,mg
1748,Saftsås,Vitamin B6,Söta soppor kräm o efterrättssås,0.0,mg
1748,Saftsås,Vitamin B12,Söta soppor kräm o efterrättssås,0.0,µg
1748,Saftsås,Vitamin A,Söta soppor kräm o efterrättssås,0.0,RE/µg
1748,Saftsås,Vatten,Söta soppor kräm o efterrättssås,71.1,g
1748,Saftsås,Tiamin,Söta soppor kräm o efterrättssås,0.0,mg
1748,Saftsås,Tillsatt socker,Söta soppor kräm o efterrättssås,24.0,g
1748,Saftsås,Fritt socker,Söta soppor kräm o efterrättssås,25.0,g
1748,Saftsås,"Selen, Se",Söta soppor kräm o efterrättssås,0.0,µg
1748,Saftsås,Sackaros,Söta soppor kräm o efterrättssås,13.9,g
1748,Saftsås,Riboflavin,Söta soppor kräm o efterrättssås,0.0,mg
1748,Saftsås,Retinol,Söta soppor kräm o efterrättssås,0.0,µg
1748,Saftsås,Protein,Söta soppor kräm o efterrättssås,0.0,g
1748,Saftsås,Summa fleromättade fettsyror,Söta soppor kräm o efterrättssås,0.0,g
1748,Saftsås,"Fosfor, P",Söta soppor kräm o efterrättssås,6.0,mg
1748,Saftsås,Niacinekvivalenter,Söta soppor kräm o efterrättssås,0.11,NE/mg
1748,Saftsås,Niacin,Söta soppor kräm o efterrättssås,0.1,mg
1748,Saftsås,"Salt, NaCl",Söta soppor kräm o efterrättssås,0.0,g
1748,Saftsås,"Natrium, Na",Söta soppor kräm o efterrättssås,9.0,mg
1748,Saftsås,Monosackarider,Söta soppor kräm o efterrättssås,11.6,g
1748,Saftsås,"Sockerarter, totalt",Söta soppor kräm o efterrättssås,25.4,g
1748,Saftsås,Summa enkelomättade fettsyror,Söta soppor kräm o efterrättssås,0.0,g
1748,Saftsås,"Magnesium, Mg",Söta soppor kräm o efterrättssås,3.0,mg
1748,Saftsås,Summa mättade fettsyror,Söta soppor kräm o efterrättssås,0.0,g
1748,Saftsås,"Kolhydrater, tillgängliga",Söta soppor kräm o efterrättssås,28.8,g
1748,Saftsås,Kolesterol,Söta soppor kräm o efterrättssås,0.0,mg
1748,Saftsås,"Kalium, K",Söta soppor kräm o efterrättssås,47.0,mg
1748,Saftsås,"Jod, I",Söta soppor kräm o efterrättssås,1.6,µg
1748,Saftsås,Fullkorn totalt,Söta soppor kräm o efterrättssås,0.0,g
1748,Saftsås,"Folat, totalt",Söta soppor kräm o efterrättssås,0.4,µg
1748,Saftsås,Fibrer,Söta soppor kräm o efterrättssås,0.0,g
1748,Saftsås,"Fett, totalt",Söta soppor kräm o efterrättssås,0.0,g
1748,Saftsås,"Järn, Fe",Söta soppor kräm o efterrättssås,0.1,mg
1748,Saftsås,Energi (kJ),Söta soppor kräm o efterrättssås,490.0,kJ
1748,Saftsås,Energi (kcal),Söta soppor kräm o efterrättssås,117.0,kcal
1748,Saftsås,Disackarider,Söta soppor kräm o efterrättssås,13.9,g
1748,Saftsås,"Kalcium, Ca",Söta soppor kräm o efterrättssås,6.0,mg
1748,Saftsås,Fettsyra 4:0-10:0,Söta soppor kräm o efterrättssås,0.0,g
1748,Saftsås,DHA (C22:6),Söta soppor kräm o efterrättssås,0.0,g
1748,Saftsås,DPA (C22:5),Söta soppor kräm o efterrättssås,0.0,g
1748,Saftsås,EPA (C20:5),Söta soppor kräm o efterrättssås,0.0,g
1748,Saftsås,Arakidonsyra C20:4,Söta soppor kräm o efterrättssås,0.0,g
1748,Saftsås,Arakidinsyra C20:0,Söta soppor kräm o efterrättssås,0.0,g
1748,Saftsås,Linolensyra C18:3,Söta soppor kräm o efterrättssås,0.0,g
1748,Saftsås,Linolsyra C18:2,Söta soppor kräm o efterrättssås,0.0,g
1748,Saftsås,Oljesyra C18:1,Söta soppor kräm o efterrättssås,0.0,g
1748,Saftsås,Stearinsyra C18:0,Söta soppor kräm o efterrättssås,0.0,g
1748,Saftsås,Palmitoljesyra C16:1,Söta soppor kräm o efterrättssås,0.0,g
1748,Saftsås,Palmitinsyra C16:0,Söta soppor kräm o efterrättssås,0.0,g
1748,Saftsås,Myristinsyra C14:0,Söta soppor kräm o efterrättssås,0.0,g
1748,Saftsås,Laurinsyra C12:0,Söta soppor kräm o efterrättssås,0.0,g
1748,Saftsås,Betakaroten/β-Karoten,Söta soppor kräm o efterrättssås,0.0,µg
1748,Saftsås,Avfall (skal etc.),Söta soppor kräm o efterrättssås,0.0,%
1748,Saftsås,Aska,Söta soppor kräm o efterrättssås,0.1,g
1748,Saftsås,Alkohol,Söta soppor kräm o efterrättssås,0.0,g
1749,Fruktdryck blåbär berikad,"Zink, Zn",Söta soppor kräm o efterrättssås,0.0,mg
1749,Fruktdryck blåbär berikad,Vitamin E,Söta soppor kräm o efterrättssås,0.4,mg
1749,Fruktdryck blåbär berikad,Vitamin D inkl 25-OH-D3,Söta soppor kräm o efterrättssås,0.0,µg
1749,Fruktdryck blåbär berikad,Vitamin D,Söta soppor kräm o efterrättssås,0.0,µg
1749,Fruktdryck blåbär berikad,Vitamin C,Söta soppor kräm o efterrättssås,45.8,mg
1749,Fruktdryck blåbär berikad,Vitamin B6,Söta soppor kräm o efterrättssås,0.0,mg
1749,Fruktdryck blåbär berikad,Vitamin B12,Söta soppor kräm o efterrättssås,0.0,µg
1749,Fruktdryck blåbär berikad,Vitamin A,Söta soppor kräm o efterrättssås,6.9,RE/µg
1749,Fruktdryck blåbär berikad,Vatten,Söta soppor kräm o efterrättssås,88.2,g
1749,Fruktdryck blåbär berikad,Tiamin,Söta soppor kräm o efterrättssås,0.0,mg
1749,Fruktdryck blåbär berikad,Tillsatt socker,Söta soppor kräm o efterrättssås,9.0,g
1749,Fruktdryck blåbär berikad,Fritt socker,Söta soppor kräm o efterrättssås,10.0,g
1749,Fruktdryck blåbär berikad,"Selen, Se",Söta soppor kräm o efterrättssås,0.0,µg
1749,Fruktdryck blåbär berikad,Sackaros,Söta soppor kräm o efterrättssås,8.5,g
1749,Fruktdryck blåbär berikad,Riboflavin,Söta soppor kräm o efterrättssås,0.0,mg
1749,Fruktdryck blåbär berikad,Retinol,Söta soppor kräm o efterrättssås,0.0,µg
1749,Fruktdryck blåbär berikad,Protein,Söta soppor kräm o efterrättssås,0.8,g
1749,Fruktdryck blåbär berikad,Summa fleromättade fettsyror,Söta soppor kräm o efterrättssås,0.0,g
1749,Fruktdryck blåbär berikad,"Fosfor, P",Söta soppor kräm o efterrättssås,6.0,mg
1749,Fruktdryck blåbär berikad,Niacinekvivalenter,Söta soppor kräm o efterrättssås,0.2,NE/mg
1749,Fruktdryck blåbär berikad,Niacin,Söta soppor kräm o efterrättssås,0.07,mg
1749,Fruktdryck blåbär berikad,"Salt, NaCl",Söta soppor kräm o efterrättssås,0.0,g
1749,Fruktdryck blåbär berikad,"Natrium, Na",Söta soppor kräm o efterrättssås,11.0,mg
1749,Fruktdryck blåbär berikad,Monosackarider,Söta soppor kräm o efterrättssås,1.1,g
1749,Fruktdryck blåbär berikad,"Sockerarter, totalt",Söta soppor kräm o efterrättssås,9.6,g
1749,Fruktdryck blåbär berikad,Summa enkelomättade fettsyror,Söta soppor kräm o efterrättssås,0.0,g
1749,Fruktdryck blåbär berikad,"Magnesium, Mg",Söta soppor kräm o efterrättssås,5.0,mg
1749,Fruktdryck blåbär berikad,Summa mättade fettsyror,Söta soppor kräm o efterrättssås,0.0,g
1749,Fruktdryck blåbär berikad,"Kolhydrater, tillgängliga",Söta soppor kräm o efterrättssås,10.6,g
1749,Fruktdryck blåbär berikad,Kolesterol,Söta soppor kräm o efterrättssås,0.0,mg
1749,Fruktdryck blåbär berikad,"Kalium, K",Söta soppor kräm o efterrättssås,42.0,mg
1749,Fruktdryck blåbär berikad,"Jod, I",Söta soppor kräm o efterrättssås,1.2,µg
1749,Fruktdryck blåbär berikad,Fullkorn totalt,Söta soppor kräm o efterrättssås,0.0,g
1749,Fruktdryck blåbär berikad,"Folat, totalt",Söta soppor kräm o efterrättssås,1.2,µg
1749,Fruktdryck blåbär berikad,Fibrer,Söta soppor kräm o efterrättssås,0.2,g
1749,Fruktdryck blåbär berikad,"Fett, totalt",Söta soppor kräm o efterrättssås,0.1,g
1749,Fruktdryck blåbär berikad,"Järn, Fe",Söta soppor kräm o efterrättssås,0.1,mg
1749,Fruktdryck blåbär berikad,Energi (kJ),Söta soppor kräm o efterrättssås,199.0,kJ
1749,Fruktdryck blåbär berikad,Energi (kcal),Söta soppor kräm o efterrättssås,48.0,kcal
1749,Fruktdryck blåbär berikad,Disackarider,Söta soppor kräm o efterrättssås,8.5,g
1749,Fruktdryck blåbär berikad,"Kalcium, Ca",Söta soppor kräm o efterrättssås,15.0,mg
1749,Fruktdryck blåbär berikad,Fettsyra 4:0-10:0,Söta soppor kräm o efterrättssås,0.0,g
1749,Fruktdryck blåbär berikad,DHA (C22:6),Söta soppor kräm o efterrättssås,0.0,g
1749,Fruktdryck blåbär berikad,DPA (C22:5),Söta soppor kräm o efterrättssås,0.0,g
1749,Fruktdryck blåbär berikad,EPA (C20:5),Söta soppor kräm o efterrättssås,0.0,g
1749,Fruktdryck blåbär berikad,Arakidonsyra C20:4,Söta soppor kräm o efterrättssås,0.0,g
1749,Fruktdryck blåbär berikad,Arakidinsyra C20:0,Söta soppor kräm o efterrättssås,0.0,g
1749,Fruktdryck blåbär berikad,Linolensyra C18:3,Söta soppor kräm o efterrättssås,0.0,g
1749,Fruktdryck blåbär berikad,Linolsyra C18:2,Söta soppor kräm o efterrättssås,0.0,g
1749,Fruktdryck blåbär berikad,Oljesyra C18:1,Söta soppor kräm o efterrättssås,0.0,g
1749,Fruktdryck blåbär berikad,Stearinsyra C18:0,Söta soppor kräm o efterrättssås,0.0,g
1749,Fruktdryck blåbär berikad,Palmitoljesyra C16:1,Söta soppor kräm o efterrättssås,0.0,g
1749,Fruktdryck blåbär berikad,Palmitinsyra C16:0,Söta soppor kräm o efterrättssås,0.0,g
1749,Fruktdryck blåbär berikad,Myristinsyra C14:0,Söta soppor kräm o efterrättssås,0.0,g
1749,Fruktdryck blåbär berikad,Laurinsyra C12:0,Söta soppor kräm o efterrättssås,0.0,g
1749,Fruktdryck blåbär berikad,Betakaroten/β-Karoten,Söta soppor kräm o efterrättssås,76.0,µg
1749,Fruktdryck blåbär berikad,Avfall (skal etc.),Söta soppor kräm o efterrättssås,0.0,%
1749,Fruktdryck blåbär berikad,Aska,Söta soppor kräm o efterrättssås,0.1,g
1749,Fruktdryck blåbär berikad,Alkohol,Söta soppor kräm o efterrättssås,0.0,g
1750,Fruktsoppa pastöriserad ätf. blandad torkad frukt berikad,"Zink, Zn",Söta soppor kräm o efterrättssås,0.1,mg
1750,Fruktsoppa pastöriserad ätf. blandad torkad frukt berikad,Vitamin E,Söta soppor kräm o efterrättssås,0.1,mg
1750,Fruktsoppa pastöriserad ätf. blandad torkad frukt berikad,Vitamin D inkl 25-OH-D3,Söta soppor kräm o efterrättssås,0.0,µg
1750,Fruktsoppa pastöriserad ätf. blandad torkad frukt berikad,Vitamin D,Söta soppor kräm o efterrättssås,0.0,µg
1750,Fruktsoppa pastöriserad ätf. blandad torkad frukt berikad,Vitamin C,Söta soppor kräm o efterrättssås,20.0,mg
1750,Fruktsoppa pastöriserad ätf. blandad torkad frukt berikad,Vitamin B6,Söta soppor kräm o efterrättssås,0.02,mg
1750,Fruktsoppa pastöriserad ätf. blandad torkad frukt berikad,Vitamin B12,Söta soppor kräm o efterrättssås,0.0,µg
1750,Fruktsoppa pastöriserad ätf. blandad torkad frukt berikad,Vitamin A,Söta soppor kräm o efterrättssås,25.0,RE/µg
1750,Fruktsoppa pastöriserad ätf. blandad torkad frukt berikad,Vatten,Söta soppor kräm o efterrättssås,86.0,g
1750,Fruktsoppa pastöriserad ätf. blandad torkad frukt berikad,Tiamin,Söta soppor kräm o efterrättssås,0.01,mg
1750,Fruktsoppa pastöriserad ätf. blandad torkad frukt berikad,Tillsatt socker,Söta soppor kräm o efterrättssås,9.0,g
1750,Fruktsoppa pastöriserad ätf. blandad torkad frukt berikad,Fritt socker,Söta soppor kräm o efterrättssås,10.0,g
1750,Fruktsoppa pastöriserad ätf. blandad torkad frukt berikad,"Selen, Se",Söta soppor kräm o efterrättssås,0.1,µg
1750,Fruktsoppa pastöriserad ätf. blandad torkad frukt berikad,Sackaros,Söta soppor kräm o efterrättssås,6.7,g
1750,Fruktsoppa pastöriserad ätf. blandad torkad frukt berikad,Riboflavin,Söta soppor kräm o efterrättssås,0.02,mg
1750,Fruktsoppa pastöriserad ätf. blandad torkad frukt berikad,Retinol,Söta soppor kräm o efterrättssås,0.0,µg
1750,Fruktsoppa pastöriserad ätf. blandad torkad frukt berikad,Protein,Söta soppor kräm o efterrättssås,0.2,g
1750,Fruktsoppa pastöriserad ätf. blandad torkad frukt berikad,Summa fleromättade fettsyror,Söta soppor kräm o efterrättssås,0.0,g
1750,Fruktsoppa pastöriserad ätf. blandad torkad frukt berikad,"Fosfor, P",Söta soppor kräm o efterrättssås,11.0,mg
1750,Fruktsoppa pastöriserad ätf. blandad torkad frukt berikad,Niacinekvivalenter,Söta soppor kräm o efterrättssås,0.19,NE/mg
1750,Fruktsoppa pastöriserad ätf. blandad torkad frukt berikad,Niacin,Söta soppor kräm o efterrättssås,0.16,mg
1750,Fruktsoppa pastöriserad ätf. blandad torkad frukt berikad,"Salt, NaCl",Söta soppor kräm o efterrättssås,0.0,g
1750,Fruktsoppa pastöriserad ätf. blandad torkad frukt berikad,"Natrium, Na",Söta soppor kräm o efterrättssås,5.0,mg
1750,Fruktsoppa pastöriserad ätf. blandad torkad frukt berikad,Monosackarider,Söta soppor kräm o efterrättssås,4.3,g
1750,Fruktsoppa pastöriserad ätf. blandad torkad frukt berikad,"Sockerarter, totalt",Söta soppor kräm o efterrättssås,11.0,g
1750,Fruktsoppa pastöriserad ätf. blandad torkad frukt berikad,Summa enkelomättade fettsyror,Söta soppor kräm o efterrättssås,0.0,g
1750,Fruktsoppa pastöriserad ätf. blandad torkad frukt berikad,"Magnesium, Mg",Söta soppor kräm o efterrättssås,5.0,mg
1750,Fruktsoppa pastöriserad ätf. blandad torkad frukt berikad,Summa mättade fettsyror,Söta soppor kräm o efterrättssås,0.0,g
1750,Fruktsoppa pastöriserad ätf. blandad torkad frukt berikad,"Kolhydrater, tillgängliga",Söta soppor kräm o efterrättssås,12.9,g
1750,Fruktsoppa pastöriserad ätf. blandad torkad frukt berikad,Kolesterol,Söta soppor kräm o efterrättssås,0.0,mg
1750,Fruktsoppa pastöriserad ätf. blandad torkad frukt berikad,"Kalium, K",Söta soppor kräm o efterrättssås,24.0,mg
1750,Fruktsoppa pastöriserad ätf. blandad torkad frukt berikad,"Jod, I",Söta soppor kräm o efterrättssås,10.2,µg
1750,Fruktsoppa pastöriserad ätf. blandad torkad frukt berikad,Fullkorn totalt,Söta soppor kräm o efterrättssås,0.0,g
1750,Fruktsoppa pastöriserad ätf. blandad torkad frukt berikad,"Folat, totalt",Söta soppor kräm o efterrättssås,1.5,µg
1750,Fruktsoppa pastöriserad ätf. blandad torkad frukt berikad,Fibrer,Söta soppor kräm o efterrättssås,0.4,g
1750,Fruktsoppa pastöriserad ätf. blandad torkad frukt berikad,"Fett, totalt",Söta soppor kräm o efterrättssås,0.0,g
1750,Fruktsoppa pastöriserad ätf. blandad torkad frukt berikad,"Järn, Fe",Söta soppor kräm o efterrättssås,0.6,mg
1750,Fruktsoppa pastöriserad ätf. blandad torkad frukt berikad,Energi (kJ),Söta soppor kräm o efterrättssås,226.0,kJ
1750,Fruktsoppa pastöriserad ätf. blandad torkad frukt berikad,Energi (kcal),Söta soppor kräm o efterrättssås,54.0,kcal
1750,Fruktsoppa pastöriserad ätf. blandad torkad frukt berikad,Disackarider,Söta soppor kräm o efterrättssås,6.7,g
1750,Fruktsoppa pastöriserad ätf. blandad torkad frukt berikad,"Kalcium, Ca",Söta soppor kräm o efterrättssås,13.0,mg
1750,Fruktsoppa pastöriserad ätf. blandad torkad frukt berikad,Fettsyra 4:0-10:0,Söta soppor kräm o efterrättssås,0.0,g
1750,Fruktsoppa pastöriserad ätf. blandad torkad frukt berikad,DHA (C22:6),Söta soppor kräm o efterrättssås,0.0,g
1750,Fruktsoppa pastöriserad ätf. blandad torkad frukt berikad,DPA (C22:5),Söta soppor kräm o efterrättssås,0.0,g
1750,Fruktsoppa pastöriserad ätf. blandad torkad frukt berikad,EPA (C20:5),Söta soppor kräm o efterrättssås,0.0,g
1750,Fruktsoppa pastöriserad ätf. blandad torkad frukt berikad,Arakidonsyra C20:4,Söta soppor kräm o efterrättssås,0.0,g
1750,Fruktsoppa pastöriserad ätf. blandad torkad frukt berikad,Arakidinsyra C20:0,Söta soppor kräm o efterrättssås,0.0,g
1750,Fruktsoppa pastöriserad ätf. blandad torkad frukt berikad,Linolensyra C18:3,Söta soppor kräm o efterrättssås,0.0,g
1750,Fruktsoppa pastöriserad ätf. blandad torkad frukt berikad,Linolsyra C18:2,Söta soppor kräm o efterrättssås,0.0,g
1750,Fruktsoppa pastöriserad ätf. blandad torkad frukt berikad,Oljesyra C18:1,Söta soppor kräm o efterrättssås,0.0,g
1750,Fruktsoppa pastöriserad ätf. blandad torkad frukt berikad,Stearinsyra C18:0,Söta soppor kräm o efterrättssås,0.0,g
1750,Fruktsoppa pastöriserad ätf. blandad torkad frukt berikad,Palmitoljesyra C16:1,Söta soppor kräm o efterrättssås,0.0,g
1750,Fruktsoppa pastöriserad ätf. blandad torkad frukt berikad,Palmitinsyra C16:0,Söta soppor kräm o efterrättssås,0.0,g
1750,Fruktsoppa pastöriserad ätf. blandad torkad frukt berikad,Myristinsyra C14:0,Söta soppor kräm o efterrättssås,0.0,g
1750,Fruktsoppa pastöriserad ätf. blandad torkad frukt berikad,Laurinsyra C12:0,Söta soppor kräm o efterrättssås,0.0,g
1750,Fruktsoppa pastöriserad ätf. blandad torkad frukt berikad,Betakaroten/β-Karoten,Söta soppor kräm o efterrättssås,300.0,µg
1750,Fruktsoppa pastöriserad ätf. blandad torkad frukt berikad,Avfall (skal etc.),Söta soppor kräm o efterrättssås,0.0,%
1750,Fruktsoppa pastöriserad ätf. blandad torkad frukt berikad,Aska,Söta soppor kräm o efterrättssås,0.5,g
1750,Fruktsoppa pastöriserad ätf. blandad torkad frukt berikad,Alkohol,Söta soppor kräm o efterrättssås,0.0,g
1751,Nyponsoppa ätf. pastöriserad el. pulver berikad ,"Zink, Zn",Söta soppor kräm o efterrättssås,0.0,mg
1751,Nyponsoppa ätf. pastöriserad el. pulver berikad ,Vitamin E,Söta soppor kräm o efterrättssås,0.1,mg
1751,Nyponsoppa ätf. pastöriserad el. pulver berikad ,Vitamin D inkl 25-OH-D3,Söta soppor kräm o efterrättssås,0.0,µg
1751,Nyponsoppa ätf. pastöriserad el. pulver berikad ,Vitamin D,Söta soppor kräm o efterrättssås,0.0,µg
1751,Nyponsoppa ätf. pastöriserad el. pulver berikad ,Vitamin C,Söta soppor kräm o efterrättssås,28.0,mg
1751,Nyponsoppa ätf. pastöriserad el. pulver berikad ,Vitamin B6,Söta soppor kräm o efterrättssås,0.01,mg
1751,Nyponsoppa ätf. pastöriserad el. pulver berikad ,Vitamin B12,Söta soppor kräm o efterrättssås,0.0,µg
1751,Nyponsoppa ätf. pastöriserad el. pulver berikad ,Vitamin A,Söta soppor kräm o efterrättssås,10.7,RE/µg
1751,Nyponsoppa ätf. pastöriserad el. pulver berikad ,Vatten,Söta soppor kräm o efterrättssås,87.0,g
1751,Nyponsoppa ätf. pastöriserad el. pulver berikad ,Tiamin,Söta soppor kräm o efterrättssås,0.01,mg
1751,Nyponsoppa ätf. pastöriserad el. pulver berikad ,Tillsatt socker,Söta soppor kräm o efterrättssås,9.0,g
1751,Nyponsoppa ätf. pastöriserad el. pulver berikad ,Fritt socker,Söta soppor kräm o efterrättssås,9.0,g
1751,Nyponsoppa ätf. pastöriserad el. pulver berikad ,"Selen, Se",Söta soppor kräm o efterrättssås,0.1,µg
1751,Nyponsoppa ätf. pastöriserad el. pulver berikad ,Sackaros,Söta soppor kräm o efterrättssås,9.1,g
1751,Nyponsoppa ätf. pastöriserad el. pulver berikad ,Riboflavin,Söta soppor kräm o efterrättssås,0.02,mg
1751,Nyponsoppa ätf. pastöriserad el. pulver berikad ,Retinol,Söta soppor kräm o efterrättssås,0.0,µg
1751,Nyponsoppa ätf. pastöriserad el. pulver berikad ,Protein,Söta soppor kräm o efterrättssås,0.2,g
1751,Nyponsoppa ätf. pastöriserad el. pulver berikad ,Summa fleromättade fettsyror,Söta soppor kräm o efterrättssås,0.0,g
1751,Nyponsoppa ätf. pastöriserad el. pulver berikad ,"Fosfor, P",Söta soppor kräm o efterrättssås,7.0,mg
1751,Nyponsoppa ätf. pastöriserad el. pulver berikad ,Niacinekvivalenter,Söta soppor kräm o efterrättssås,0.13,NE/mg
1751,Nyponsoppa ätf. pastöriserad el. pulver berikad ,Niacin,Söta soppor kräm o efterrättssås,0.1,mg
1751,Nyponsoppa ätf. pastöriserad el. pulver berikad ,"Salt, NaCl",Söta soppor kräm o efterrättssås,0.0,g
1751,Nyponsoppa ätf. pastöriserad el. pulver berikad ,"Natrium, Na",Söta soppor kräm o efterrättssås,9.0,mg
1751,Nyponsoppa ätf. pastöriserad el. pulver berikad ,Monosackarider,Söta soppor kräm o efterrättssås,0.4,g
1751,Nyponsoppa ätf. pastöriserad el. pulver berikad ,"Sockerarter, totalt",Söta soppor kräm o efterrättssås,9.5,g
1751,Nyponsoppa ätf. pastöriserad el. pulver berikad ,Summa enkelomättade fettsyror,Söta soppor kräm o efterrättssås,0.0,g
1751,Nyponsoppa ätf. pastöriserad el. pulver berikad ,"Magnesium, Mg",Söta soppor kräm o efterrättssås,6.0,mg
1751,Nyponsoppa ätf. pastöriserad el. pulver berikad ,Summa mättade fettsyror,Söta soppor kräm o efterrättssås,0.0,g
1751,Nyponsoppa ätf. pastöriserad el. pulver berikad ,"Kolhydrater, tillgängliga",Söta soppor kräm o efterrättssås,12.1,g
1751,Nyponsoppa ätf. pastöriserad el. pulver berikad ,Kolesterol,Söta soppor kräm o efterrättssås,0.0,mg
1751,Nyponsoppa ätf. pastöriserad el. pulver berikad ,"Kalium, K",Söta soppor kräm o efterrättssås,28.0,mg
1751,Nyponsoppa ätf. pastöriserad el. pulver berikad ,"Jod, I",Söta soppor kräm o efterrättssås,0.9,µg
1751,Nyponsoppa ätf. pastöriserad el. pulver berikad ,Fullkorn totalt,Söta soppor kräm o efterrättssås,0.0,g
1751,Nyponsoppa ätf. pastöriserad el. pulver berikad ,"Folat, totalt",Söta soppor kräm o efterrättssås,0.5,µg
1751,Nyponsoppa ätf. pastöriserad el. pulver berikad ,Fibrer,Söta soppor kräm o efterrättssås,0.5,g
1751,Nyponsoppa ätf. pastöriserad el. pulver berikad ,"Fett, totalt",Söta soppor kräm o efterrättssås,0.1,g
1751,Nyponsoppa ätf. pastöriserad el. pulver berikad ,"Järn, Fe",Söta soppor kräm o efterrättssås,0.1,mg
1751,Nyponsoppa ätf. pastöriserad el. pulver berikad ,Energi (kJ),Söta soppor kräm o efterrättssås,217.0,kJ
1751,Nyponsoppa ätf. pastöriserad el. pulver berikad ,Energi (kcal),Söta soppor kräm o efterrättssås,52.0,kcal
1751,Nyponsoppa ätf. pastöriserad el. pulver berikad ,Disackarider,Söta soppor kräm o efterrättssås,9.1,g
1751,Nyponsoppa ätf. pastöriserad el. pulver berikad ,"Kalcium, Ca",Söta soppor kräm o efterrättssås,15.0,mg
1751,Nyponsoppa ätf. pastöriserad el. pulver berikad ,Fettsyra 4:0-10:0,Söta soppor kräm o efterrättssås,0.0,g
1751,Nyponsoppa ätf. pastöriserad el. pulver berikad ,DHA (C22:6),Söta soppor kräm o efterrättssås,0.0,g
1751,Nyponsoppa ätf. pastöriserad el. pulver berikad ,DPA (C22:5),Söta soppor kräm o efterrättssås,0.0,g
1751,Nyponsoppa ätf. pastöriserad el. pulver berikad ,EPA (C20:5),Söta soppor kräm o efterrättssås,0.0,g
1751,Nyponsoppa ätf. pastöriserad el. pulver berikad ,Arakidonsyra C20:4,Söta soppor kräm o efterrättssås,0.0,g
1751,Nyponsoppa ätf. pastöriserad el. pulver berikad ,Arakidinsyra C20:0,Söta soppor kräm o efterrättssås,0.0,g
1751,Nyponsoppa ätf. pastöriserad el. pulver berikad ,Linolensyra C18:3,Söta soppor kräm o efterrättssås,0.0,g
1751,Nyponsoppa ätf. pastöriserad el. pulver berikad ,Linolsyra C18:2,Söta soppor kräm o efterrättssås,0.0,g
1751,Nyponsoppa ätf. pastöriserad el. pulver berikad ,Oljesyra C18:1,Söta soppor kräm o efterrättssås,0.0,g
1751,Nyponsoppa ätf. pastöriserad el. pulver berikad ,Stearinsyra C18:0,Söta soppor kräm o efterrättssås,0.0,g
1751,Nyponsoppa ätf. pastöriserad el. pulver berikad ,Palmitoljesyra C16:1,Söta soppor kräm o efterrättssås,0.0,g
1751,Nyponsoppa ätf. pastöriserad el. pulver berikad ,Palmitinsyra C16:0,Söta soppor kräm o efterrättssås,0.0,g
1751,Nyponsoppa ätf. pastöriserad el. pulver berikad ,Myristinsyra C14:0,Söta soppor kräm o efterrättssås,0.0,g
1751,Nyponsoppa ätf. pastöriserad el. pulver berikad ,Laurinsyra C12:0,Söta soppor kräm o efterrättssås,0.0,g
1751,Nyponsoppa ätf. pastöriserad el. pulver berikad ,Betakaroten/β-Karoten,Söta soppor kräm o efterrättssås,128.0,µg
1751,Nyponsoppa ätf. pastöriserad el. pulver berikad ,Avfall (skal etc.),Söta soppor kräm o efterrättssås,0.0,%
1751,Nyponsoppa ätf. pastöriserad el. pulver berikad ,Aska,Söta soppor kräm o efterrättssås,0.1,g
1751,Nyponsoppa ätf. pastöriserad el. pulver berikad ,Alkohol,Söta soppor kräm o efterrättssås,0.0,g
1752,Nyponsoppa ätf. pulver osötad berikad,"Zink, Zn",Söta soppor kräm o efterrättssås,0.0,mg
1752,Nyponsoppa ätf. pulver osötad berikad,Vitamin E,Söta soppor kräm o efterrättssås,0.1,mg
1752,Nyponsoppa ätf. pulver osötad berikad,Vitamin D inkl 25-OH-D3,Söta soppor kräm o efterrättssås,0.0,µg
1752,Nyponsoppa ätf. pulver osötad berikad,Vitamin D,Söta soppor kräm o efterrättssås,0.0,µg
1752,Nyponsoppa ätf. pulver osötad berikad,Vitamin C,Söta soppor kräm o efterrättssås,24.0,mg
1752,Nyponsoppa ätf. pulver osötad berikad,Vitamin B6,Söta soppor kräm o efterrättssås,0.01,mg
1752,Nyponsoppa ätf. pulver osötad berikad,Vitamin B12,Söta soppor kräm o efterrättssås,0.0,µg
1752,Nyponsoppa ätf. pulver osötad berikad,Vitamin A,Söta soppor kräm o efterrättssås,10.0,RE/µg
1752,Nyponsoppa ätf. pulver osötad berikad,Vatten,Söta soppor kräm o efterrättssås,95.0,g
1752,Nyponsoppa ätf. pulver osötad berikad,Tiamin,Söta soppor kräm o efterrättssås,0.01,mg
1752,Nyponsoppa ätf. pulver osötad berikad,Tillsatt socker,Söta soppor kräm o efterrättssås,0.0,g
1752,Nyponsoppa ätf. pulver osötad berikad,Fritt socker,Söta soppor kräm o efterrättssås,0.0,g
1752,Nyponsoppa ätf. pulver osötad berikad,"Selen, Se",Söta soppor kräm o efterrättssås,0.0,µg
1752,Nyponsoppa ätf. pulver osötad berikad,Sackaros,Söta soppor kräm o efterrättssås,0.0,g
1752,Nyponsoppa ätf. pulver osötad berikad,Riboflavin,Söta soppor kräm o efterrättssås,0.02,mg
1752,Nyponsoppa ätf. pulver osötad berikad,Retinol,Söta soppor kräm o efterrättssås,0.0,µg
1752,Nyponsoppa ätf. pulver osötad berikad,Protein,Söta soppor kräm o efterrättssås,0.2,g
1752,Nyponsoppa ätf. pulver osötad berikad,Summa fleromättade fettsyror,Söta soppor kräm o efterrättssås,0.0,g
1752,Nyponsoppa ätf. pulver osötad berikad,"Fosfor, P",Söta soppor kräm o efterrättssås,7.0,mg
1752,Nyponsoppa ätf. pulver osötad berikad,Niacinekvivalenter,Söta soppor kräm o efterrättssås,0.13,NE/mg
1752,Nyponsoppa ätf. pulver osötad berikad,Niacin,Söta soppor kräm o efterrättssås,0.1,mg
1752,Nyponsoppa ätf. pulver osötad berikad,"Salt, NaCl",Söta soppor kräm o efterrättssås,0.0,g
1752,Nyponsoppa ätf. pulver osötad berikad,"Natrium, Na",Söta soppor kräm o efterrättssås,9.0,mg
1752,Nyponsoppa ätf. pulver osötad berikad,Monosackarider,Söta soppor kräm o efterrättssås,0.8,g
1752,Nyponsoppa ätf. pulver osötad berikad,"Sockerarter, totalt",Söta soppor kräm o efterrättssås,0.8,g
1752,Nyponsoppa ätf. pulver osötad berikad,Summa enkelomättade fettsyror,Söta soppor kräm o efterrättssås,0.0,g
1752,Nyponsoppa ätf. pulver osötad berikad,"Magnesium, Mg",Söta soppor kräm o efterrättssås,4.0,mg
1752,Nyponsoppa ätf. pulver osötad berikad,Summa mättade fettsyror,Söta soppor kräm o efterrättssås,0.0,g
1752,Nyponsoppa ätf. pulver osötad berikad,"Kolhydrater, tillgängliga",Söta soppor kräm o efterrättssås,4.3,g
1752,Nyponsoppa ätf. pulver osötad berikad,Kolesterol,Söta soppor kräm o efterrättssås,0.0,mg
1752,Nyponsoppa ätf. pulver osötad berikad,"Kalium, K",Söta soppor kräm o efterrättssås,28.0,mg
1752,Nyponsoppa ätf. pulver osötad berikad,"Jod, I",Söta soppor kräm o efterrättssås,0.9,µg
1752,Nyponsoppa ätf. pulver osötad berikad,Fullkorn totalt,Söta soppor kräm o efterrättssås,0.0,g
1752,Nyponsoppa ätf. pulver osötad berikad,"Folat, totalt",Söta soppor kräm o efterrättssås,0.1,µg
1752,Nyponsoppa ätf. pulver osötad berikad,Fibrer,Söta soppor kräm o efterrättssås,0.3,g
1752,Nyponsoppa ätf. pulver osötad berikad,"Fett, totalt",Söta soppor kräm o efterrättssås,0.1,g
1752,Nyponsoppa ätf. pulver osötad berikad,"Järn, Fe",Söta soppor kräm o efterrättssås,0.1,mg
1752,Nyponsoppa ätf. pulver osötad berikad,Energi (kJ),Söta soppor kräm o efterrättssås,83.0,kJ
1752,Nyponsoppa ätf. pulver osötad berikad,Energi (kcal),Söta soppor kräm o efterrättssås,20.0,kcal
1752,Nyponsoppa ätf. pulver osötad berikad,Disackarider,Söta soppor kräm o efterrättssås,0.0,g
1752,Nyponsoppa ätf. pulver osötad berikad,"Kalcium, Ca",Söta soppor kräm o efterrättssås,13.0,mg
1752,Nyponsoppa ätf. pulver osötad berikad,Fettsyra 4:0-10:0,Söta soppor kräm o efterrättssås,0.0,g
1752,Nyponsoppa ätf. pulver osötad berikad,DHA (C22:6),Söta soppor kräm o efterrättssås,0.0,g
1752,Nyponsoppa ätf. pulver osötad berikad,DPA (C22:5),Söta soppor kräm o efterrättssås,0.0,g
1752,Nyponsoppa ätf. pulver osötad berikad,EPA (C20:5),Söta soppor kräm o efterrättssås,0.0,g
1752,Nyponsoppa ätf. pulver osötad berikad,Arakidonsyra C20:4,Söta soppor kräm o efterrättssås,0.0,g
1752,Nyponsoppa ätf. pulver osötad berikad,Arakidinsyra C20:0,Söta soppor kräm o efterrättssås,0.0,g
1752,Nyponsoppa ätf. pulver osötad berikad,Linolensyra C18:3,Söta soppor kräm o efterrättssås,0.0,g
1752,Nyponsoppa ätf. pulver osötad berikad,Linolsyra C18:2,Söta soppor kräm o efterrättssås,0.0,g
1752,Nyponsoppa ätf. pulver osötad berikad,Oljesyra C18:1,Söta soppor kräm o efterrättssås,0.0,g
1752,Nyponsoppa ätf. pulver osötad berikad,Stearinsyra C18:0,Söta soppor kräm o efterrättssås,0.0,g
1752,Nyponsoppa ätf. pulver osötad berikad,Palmitoljesyra C16:1,Söta soppor kräm o efterrättssås,0.0,g
1752,Nyponsoppa ätf. pulver osötad berikad,Palmitinsyra C16:0,Söta soppor kräm o efterrättssås,0.0,g
1752,Nyponsoppa ätf. pulver osötad berikad,Myristinsyra C14:0,Söta soppor kräm o efterrättssås,0.0,g
1752,Nyponsoppa ätf. pulver osötad berikad,Laurinsyra C12:0,Söta soppor kräm o efterrättssås,0.0,g
1752,Nyponsoppa ätf. pulver osötad berikad,Betakaroten/β-Karoten,Söta soppor kräm o efterrättssås,120.0,µg
1752,Nyponsoppa ätf. pulver osötad berikad,Avfall (skal etc.),Söta soppor kräm o efterrättssås,0.0,%
1752,Nyponsoppa ätf. pulver osötad berikad,Aska,Söta soppor kräm o efterrättssås,0.1,g
1752,Nyponsoppa ätf. pulver osötad berikad,Alkohol,Söta soppor kräm o efterrättssås,0.0,g
1758,Mjuk kaka m. katrinplommon,"Zink, Zn",Bullar kakor tårtor mm,0.7,mg
1758,Mjuk kaka m. katrinplommon,Vitamin E,Bullar kakor tårtor mm,2.6,mg
1758,Mjuk kaka m. katrinplommon,Vitamin D,Bullar kakor tårtor mm,0.51,µg
1758,Mjuk kaka m. katrinplommon,Vitamin C,Bullar kakor tårtor mm,0.7,mg
1758,Mjuk kaka m. katrinplommon,Vitamin B6,Bullar kakor tårtor mm,0.04,mg
1758,Mjuk kaka m. katrinplommon,Vitamin B12,Bullar kakor tårtor mm,0.39,µg
1758,Mjuk kaka m. katrinplommon,Vitamin A,Bullar kakor tårtor mm,51.2,RE/µg
1758,Mjuk kaka m. katrinplommon,Vatten,Bullar kakor tårtor mm,59.3,g
1758,Mjuk kaka m. katrinplommon,Tiamin,Bullar kakor tårtor mm,0.03,mg
1758,Mjuk kaka m. katrinplommon,Tillsatt socker,Bullar kakor tårtor mm,5.0,g
1758,Mjuk kaka m. katrinplommon,Fritt socker,Bullar kakor tårtor mm,5.0,g
1758,Mjuk kaka m. katrinplommon,"Selen, Se",Bullar kakor tårtor mm,4.4,µg
1758,Mjuk kaka m. katrinplommon,Sackaros,Bullar kakor tårtor mm,4.7,g
1758,Mjuk kaka m. katrinplommon,Riboflavin,Bullar kakor tårtor mm,0.16,mg
1758,Mjuk kaka m. katrinplommon,Retinol,Bullar kakor tårtor mm,43.7,µg
1758,Mjuk kaka m. katrinplommon,Protein,Bullar kakor tårtor mm,5.4,g
1758,Mjuk kaka m. katrinplommon,Summa fleromättade fettsyror,Bullar kakor tårtor mm,0.9,g
1758,Mjuk kaka m. katrinplommon,"Fosfor, P",Bullar kakor tårtor mm,144.0,mg
1758,Mjuk kaka m. katrinplommon,Niacinekvivalenter,Bullar kakor tårtor mm,2.43,NE/mg
1758,Mjuk kaka m. katrinplommon,Niacin,Bullar kakor tårtor mm,1.25,mg
1758,Mjuk kaka m. katrinplommon,"Salt, NaCl",Bullar kakor tårtor mm,0.1,g
1758,Mjuk kaka m. katrinplommon,"Natrium, Na",Bullar kakor tårtor mm,39.0,mg
1758,Mjuk kaka m. katrinplommon,Monosackarider,Bullar kakor tårtor mm,13.4,g
1758,Mjuk kaka m. katrinplommon,"Sockerarter, totalt",Bullar kakor tårtor mm,20.0,g
1758,Mjuk kaka m. katrinplommon,Summa enkelomättade fettsyror,Bullar kakor tårtor mm,2.6,g
1758,Mjuk kaka m. katrinplommon,"Magnesium, Mg",Bullar kakor tårtor mm,34.0,mg
1758,Mjuk kaka m. katrinplommon,Summa mättade fettsyror,Bullar kakor tårtor mm,1.2,g
1758,Mjuk kaka m. katrinplommon,"Kolhydrater, tillgängliga",Bullar kakor tårtor mm,24.2,g
1758,Mjuk kaka m. katrinplommon,Kolesterol,Bullar kakor tårtor mm,58.0,mg
1758,Mjuk kaka m. katrinplommon,"Kalium, K",Bullar kakor tårtor mm,408.0,mg
1758,Mjuk kaka m. katrinplommon,"Jod, I",Bullar kakor tårtor mm,16.8,µg
1758,Mjuk kaka m. katrinplommon,Fullkorn totalt,Bullar kakor tårtor mm,0.0,g
1758,Mjuk kaka m. katrinplommon,"Folat, totalt",Bullar kakor tårtor mm,13.3,µg
1758,Mjuk kaka m. katrinplommon,Fibrer,Bullar kakor tårtor mm,2.9,g
1758,Mjuk kaka m. katrinplommon,"Fett, totalt",Bullar kakor tårtor mm,5.2,g
1758,Mjuk kaka m. katrinplommon,"Järn, Fe",Bullar kakor tårtor mm,1.0,mg
1758,Mjuk kaka m. katrinplommon,Energi (kJ),Bullar kakor tårtor mm,719.0,kJ
1758,Mjuk kaka m. katrinplommon,Energi (kcal),Bullar kakor tårtor mm,172.0,kcal
1758,Mjuk kaka m. katrinplommon,Disackarider,Bullar kakor tårtor mm,6.6,g
1758,Mjuk kaka m. katrinplommon,"Kalcium, Ca",Bullar kakor tårtor mm,99.0,mg
1758,Mjuk kaka m. katrinplommon,Fettsyra 4:0-10:0,Bullar kakor tårtor mm,0.1,g
1758,Mjuk kaka m. katrinplommon,DHA (C22:6),Bullar kakor tårtor mm,0.0,g
1758,Mjuk kaka m. katrinplommon,DPA (C22:5),Bullar kakor tårtor mm,0.0,g
1758,Mjuk kaka m. katrinplommon,EPA (C20:5),Bullar kakor tårtor mm,0.0,g
1758,Mjuk kaka m. katrinplommon,Arakidonsyra C20:4,Bullar kakor tårtor mm,0.0,g
1758,Mjuk kaka m. katrinplommon,Arakidinsyra C20:0,Bullar kakor tårtor mm,0.0,g
1758,Mjuk kaka m. katrinplommon,Linolensyra C18:3,Bullar kakor tårtor mm,0.0,g
1758,Mjuk kaka m. katrinplommon,Linolsyra C18:2,Bullar kakor tårtor mm,0.8,g
1758,Mjuk kaka m. katrinplommon,Oljesyra C18:1,Bullar kakor tårtor mm,2.6,g
1758,Mjuk kaka m. katrinplommon,Stearinsyra C18:0,Bullar kakor tårtor mm,0.2,g
1758,Mjuk kaka m. katrinplommon,Palmitoljesyra C16:1,Bullar kakor tårtor mm,0.1,g
1758,Mjuk kaka m. katrinplommon,Palmitinsyra C16:0,Bullar kakor tårtor mm,0.7,g
1758,Mjuk kaka m. katrinplommon,Myristinsyra C14:0,Bullar kakor tårtor mm,0.1,g
1758,Mjuk kaka m. katrinplommon,Laurinsyra C12:0,Bullar kakor tårtor mm,0.0,g
1758,Mjuk kaka m. katrinplommon,Betakaroten/β-Karoten,Bullar kakor tårtor mm,75.0,µg
1758,Mjuk kaka m. katrinplommon,Avfall (skal etc.),Bullar kakor tårtor mm,5.0,%
1758,Mjuk kaka m. katrinplommon,Aska,Bullar kakor tårtor mm,2.9,g
1758,Mjuk kaka m. katrinplommon,Alkohol,Bullar kakor tårtor mm,0.0,g
1759,Kalvdans m. mjölkpulver ägg,"Zink, Zn",Efterrätter,1.0,mg
1759,Kalvdans m. mjölkpulver ägg,Vitamin E,Efterrätter,0.7,mg
1759,Kalvdans m. mjölkpulver ägg,Vitamin D,Efterrätter,0.84,µg
1759,Kalvdans m. mjölkpulver ägg,Vitamin C,Efterrätter,0.5,mg
1759,Kalvdans m. mjölkpulver ägg,Vitamin B6,Efterrätter,0.06,mg
1759,Kalvdans m. mjölkpulver ägg,Vitamin B12,Efterrätter,1.1,µg
1759,Kalvdans m. mjölkpulver ägg,Vitamin A,Efterrätter,46.8,RE/µg
1759,Kalvdans m. mjölkpulver ägg,Vatten,Efterrätter,72.6,g
1759,Kalvdans m. mjölkpulver ägg,Tiamin,Efterrätter,0.06,mg
1759,Kalvdans m. mjölkpulver ägg,Tillsatt socker,Efterrätter,2.0,g
1759,Kalvdans m. mjölkpulver ägg,Fritt socker,Efterrätter,2.0,g
1759,Kalvdans m. mjölkpulver ägg,"Selen, Se",Efterrätter,5.1,µg
1759,Kalvdans m. mjölkpulver ägg,Sackaros,Efterrätter,2.3,g
1759,Kalvdans m. mjölkpulver ägg,Riboflavin,Efterrätter,0.34,mg
1759,Kalvdans m. mjölkpulver ägg,Retinol,Efterrätter,45.6,µg
1759,Kalvdans m. mjölkpulver ägg,Protein,Efterrätter,9.0,g
1759,Kalvdans m. mjölkpulver ägg,Summa fleromättade fettsyror,Efterrätter,0.2,g
1759,Kalvdans m. mjölkpulver ägg,"Fosfor, P",Efterrätter,259.0,mg
1759,Kalvdans m. mjölkpulver ägg,Niacinekvivalenter,Efterrätter,2.31,NE/mg
1759,Kalvdans m. mjölkpulver ägg,Niacin,Efterrätter,0.21,mg
1759,Kalvdans m. mjölkpulver ägg,"Salt, NaCl",Efterrätter,0.4,g
1759,Kalvdans m. mjölkpulver ägg,"Natrium, Na",Efterrätter,170.0,mg
1759,Kalvdans m. mjölkpulver ägg,Monosackarider,Efterrätter,0.0,g
1759,Kalvdans m. mjölkpulver ägg,"Sockerarter, totalt",Efterrätter,12.8,g
1759,Kalvdans m. mjölkpulver ägg,Summa enkelomättade fettsyror,Efterrätter,1.0,g
1759,Kalvdans m. mjölkpulver ägg,"Magnesium, Mg",Efterrätter,25.0,mg
1759,Kalvdans m. mjölkpulver ägg,Summa mättade fettsyror,Efterrätter,1.8,g
1759,Kalvdans m. mjölkpulver ägg,"Kolhydrater, tillgängliga",Efterrätter,12.9,g
1759,Kalvdans m. mjölkpulver ägg,Kolesterol,Efterrätter,48.3,mg
1759,Kalvdans m. mjölkpulver ägg,"Kalium, K",Efterrätter,380.0,mg
1759,Kalvdans m. mjölkpulver ägg,"Jod, I",Efterrätter,49.1,µg
1759,Kalvdans m. mjölkpulver ägg,Fullkorn totalt,Efterrätter,0.0,g
1759,Kalvdans m. mjölkpulver ägg,"Folat, totalt",Efterrätter,14.0,µg
1759,Kalvdans m. mjölkpulver ägg,Fibrer,Efterrätter,0.0,g
1759,Kalvdans m. mjölkpulver ägg,"Fett, totalt",Efterrätter,3.5,g
1759,Kalvdans m. mjölkpulver ägg,"Järn, Fe",Efterrätter,0.2,mg
1759,Kalvdans m. mjölkpulver ägg,Energi (kJ),Efterrätter,503.0,kJ
1759,Kalvdans m. mjölkpulver ägg,Energi (kcal),Efterrätter,120.0,kcal
1759,Kalvdans m. mjölkpulver ägg,Disackarider,Efterrätter,12.8,g
1759,Kalvdans m. mjölkpulver ägg,"Kalcium, Ca",Efterrätter,272.0,mg
1759,Kalvdans m. mjölkpulver ägg,Fettsyra 4:0-10:0,Efterrätter,0.2,g
1759,Kalvdans m. mjölkpulver ägg,DHA (C22:6),Efterrätter,0.0,g
1759,Kalvdans m. mjölkpulver ägg,DPA (C22:5),Efterrätter,0.0,g
1759,Kalvdans m. mjölkpulver ägg,EPA (C20:5),Efterrätter,0.0,g
1759,Kalvdans m. mjölkpulver ägg,Arakidonsyra C20:4,Efterrätter,0.0,g
1759,Kalvdans m. mjölkpulver ägg,Arakidinsyra C20:0,Efterrätter,0.0,g
1759,Kalvdans m. mjölkpulver ägg,Linolensyra C18:3,Efterrätter,0.0,g
1759,Kalvdans m. mjölkpulver ägg,Linolsyra C18:2,Efterrätter,0.2,g
1759,Kalvdans m. mjölkpulver ägg,Oljesyra C18:1,Efterrätter,0.9,g
1759,Kalvdans m. mjölkpulver ägg,Stearinsyra C18:0,Efterrätter,0.3,g
1759,Kalvdans m. mjölkpulver ägg,Palmitoljesyra C16:1,Efterrätter,0.1,g
1759,Kalvdans m. mjölkpulver ägg,Palmitinsyra C16:0,Efterrätter,0.9,g
1759,Kalvdans m. mjölkpulver ägg,Myristinsyra C14:0,Efterrätter,0.3,g
1759,Kalvdans m. mjölkpulver ägg,Laurinsyra C12:0,Efterrätter,0.1,g
1759,Kalvdans m. mjölkpulver ägg,Betakaroten/β-Karoten,Efterrätter,14.0,µg
1759,Kalvdans m. mjölkpulver ägg,Avfall (skal etc.),Efterrätter,1.0,%
1759,Kalvdans m. mjölkpulver ägg,Aska,Efterrätter,1.8,g
1759,Kalvdans m. mjölkpulver ägg,Alkohol,Efterrätter,0.0,g
1760,Ostkaka m. cottage cheese,"Zink, Zn",Efterrätter,0.6,mg
1760,Ostkaka m. cottage cheese,Vitamin E,Efterrätter,2.3,mg
1760,Ostkaka m. cottage cheese,Vitamin D,Efterrätter,0.31,µg
1760,Ostkaka m. cottage cheese,Vitamin C,Efterrätter,0.2,mg
1760,Ostkaka m. cottage cheese,Vitamin B6,Efterrätter,0.03,mg
1760,Ostkaka m. cottage cheese,Vitamin B12,Efterrätter,0.55,µg
1760,Ostkaka m. cottage cheese,Vitamin A,Efterrätter,78.4,RE/µg
1760,Ostkaka m. cottage cheese,Vatten,Efterrätter,67.8,g
1760,Ostkaka m. cottage cheese,Tiamin,Efterrätter,0.03,mg
1760,Ostkaka m. cottage cheese,Tillsatt socker,Efterrätter,6.0,g
1760,Ostkaka m. cottage cheese,Fritt socker,Efterrätter,6.0,g
1760,Ostkaka m. cottage cheese,"Selen, Se",Efterrätter,3.8,µg
1760,Ostkaka m. cottage cheese,Sackaros,Efterrätter,6.4,g
1760,Ostkaka m. cottage cheese,Riboflavin,Efterrätter,0.19,mg
1760,Ostkaka m. cottage cheese,Retinol,Efterrätter,75.9,µg
1760,Ostkaka m. cottage cheese,Protein,Efterrätter,10.1,g
1760,Ostkaka m. cottage cheese,Summa fleromättade fettsyror,Efterrätter,1.1,g
1760,Ostkaka m. cottage cheese,"Fosfor, P",Efterrätter,161.0,mg
1760,Ostkaka m. cottage cheese,Niacinekvivalenter,Efterrätter,2.63,NE/mg
1760,Ostkaka m. cottage cheese,Niacin,Efterrätter,0.33,mg
1760,Ostkaka m. cottage cheese,"Salt, NaCl",Efterrätter,0.4,g
1760,Ostkaka m. cottage cheese,"Natrium, Na",Efterrätter,150.0,mg
1760,Ostkaka m. cottage cheese,Monosackarider,Efterrätter,0.1,g
1760,Ostkaka m. cottage cheese,"Sockerarter, totalt",Efterrätter,8.7,g
1760,Ostkaka m. cottage cheese,Summa enkelomättade fettsyror,Efterrätter,3.7,g
1760,Ostkaka m. cottage cheese,"Magnesium, Mg",Efterrätter,23.0,mg
1760,Ostkaka m. cottage cheese,Summa mättade fettsyror,Efterrätter,3.8,g
1760,Ostkaka m. cottage cheese,"Kolhydrater, tillgängliga",Efterrätter,10.5,g
1760,Ostkaka m. cottage cheese,Kolesterol,Efterrätter,62.4,mg
1760,Ostkaka m. cottage cheese,"Kalium, K",Efterrätter,152.0,mg
1760,Ostkaka m. cottage cheese,"Jod, I",Efterrätter,14.0,µg
1760,Ostkaka m. cottage cheese,Fullkorn totalt,Efterrätter,0.0,g
1760,Ostkaka m. cottage cheese,"Folat, totalt",Efterrätter,18.4,µg
1760,Ostkaka m. cottage cheese,Fibrer,Efterrätter,1.2,g
1760,Ostkaka m. cottage cheese,"Fett, totalt",Efterrätter,9.3,g
1760,Ostkaka m. cottage cheese,"Järn, Fe",Efterrätter,0.5,mg
1760,Ostkaka m. cottage cheese,Energi (kJ),Efterrätter,705.0,kJ
1760,Ostkaka m. cottage cheese,Energi (kcal),Efterrätter,168.0,kcal
1760,Ostkaka m. cottage cheese,Disackarider,Efterrätter,8.6,g
1760,Ostkaka m. cottage cheese,"Kalcium, Ca",Efterrätter,84.0,mg
1760,Ostkaka m. cottage cheese,Fettsyra 4:0-10:0,Efterrätter,0.4,g
1760,Ostkaka m. cottage cheese,DHA (C22:6),Efterrätter,0.0,g
1760,Ostkaka m. cottage cheese,DPA (C22:5),Efterrätter,0.0,g
1760,Ostkaka m. cottage cheese,EPA (C20:5),Efterrätter,0.0,g
1760,Ostkaka m. cottage cheese,Arakidonsyra C20:4,Efterrätter,0.0,g
1760,Ostkaka m. cottage cheese,Arakidinsyra C20:0,Efterrätter,0.0,g
1760,Ostkaka m. cottage cheese,Linolensyra C18:3,Efterrätter,0.0,g
1760,Ostkaka m. cottage cheese,Linolsyra C18:2,Efterrätter,0.9,g
1760,Ostkaka m. cottage cheese,Oljesyra C18:1,Efterrätter,3.5,g
1760,Ostkaka m. cottage cheese,Stearinsyra C18:0,Efterrätter,0.6,g
1760,Ostkaka m. cottage cheese,Palmitoljesyra C16:1,Efterrätter,0.1,g
1760,Ostkaka m. cottage cheese,Palmitinsyra C16:0,Efterrätter,1.9,g
1760,Ostkaka m. cottage cheese,Myristinsyra C14:0,Efterrätter,0.5,g
1760,Ostkaka m. cottage cheese,Laurinsyra C12:0,Efterrätter,0.2,g
1760,Ostkaka m. cottage cheese,Betakaroten/β-Karoten,Efterrätter,30.0,µg
1760,Ostkaka m. cottage cheese,Avfall (skal etc.),Efterrätter,5.0,%
1760,Ostkaka m. cottage cheese,Aska,Efterrätter,1.0,g
1760,Ostkaka m. cottage cheese,Alkohol,Efterrätter,0.0,g
1761,Marängsviss hovdessert,"Zink, Zn",Efterrätter,0.8,mg
1761,Marängsviss hovdessert,Vitamin E,Efterrätter,2.6,mg
1761,Marängsviss hovdessert,Vitamin D inkl 25-OH-D3,Efterrätter,0.08,µg
1761,Marängsviss hovdessert,Vitamin D,Efterrätter,0.03,µg
1761,Marängsviss hovdessert,Vitamin C,Efterrätter,0.1,mg
1761,Marängsviss hovdessert,Vitamin B6,Efterrätter,0.02,mg
1761,Marängsviss hovdessert,Vitamin B12,Efterrätter,0.13,µg
1761,Marängsviss hovdessert,Vitamin A,Efterrätter,128.7,RE/µg
1761,Marängsviss hovdessert,Vatten,Efterrätter,33.1,g
1761,Marängsviss hovdessert,Tiamin,Efterrätter,0.03,mg
1761,Marängsviss hovdessert,Tillsatt socker,Efterrätter,35.0,g
1761,Marängsviss hovdessert,Fritt socker,Efterrätter,35.0,g
1761,Marängsviss hovdessert,"Selen, Se",Efterrätter,4.9,µg
1761,Marängsviss hovdessert,Sackaros,Efterrätter,35.6,g
1761,Marängsviss hovdessert,Riboflavin,Efterrätter,0.14,mg
1761,Marängsviss hovdessert,Retinol,Efterrätter,119.8,µg
1761,Marängsviss hovdessert,Protein,Efterrätter,4.5,g
1761,Marängsviss hovdessert,Summa fleromättade fettsyror,Efterrätter,1.4,g
1761,Marängsviss hovdessert,"Fosfor, P",Efterrätter,125.0,mg
1761,Marängsviss hovdessert,Niacinekvivalenter,Efterrätter,1.33,NE/mg
1761,Marängsviss hovdessert,Niacin,Efterrätter,0.54,mg
1761,Marängsviss hovdessert,"Salt, NaCl",Efterrätter,0.2,g
1761,Marängsviss hovdessert,"Natrium, Na",Efterrätter,71.0,mg
1761,Marängsviss hovdessert,Monosackarider,Efterrätter,0.1,g
1761,Marängsviss hovdessert,"Sockerarter, totalt",Efterrätter,36.6,g
1761,Marängsviss hovdessert,Summa enkelomättade fettsyror,Efterrätter,7.0,g
1761,Marängsviss hovdessert,"Magnesium, Mg",Efterrätter,62.0,mg
1761,Marängsviss hovdessert,Summa mättade fettsyror,Efterrätter,10.1,g
1761,Marängsviss hovdessert,"Kolhydrater, tillgängliga",Efterrätter,37.4,g
1761,Marängsviss hovdessert,Kolesterol,Efterrätter,39.8,mg
1761,Marängsviss hovdessert,"Kalium, K",Efterrätter,285.0,mg
1761,Marängsviss hovdessert,"Jod, I",Efterrätter,11.0,µg
1761,Marängsviss hovdessert,Fullkorn totalt,Efterrätter,0.0,g
1761,Marängsviss hovdessert,"Folat, totalt",Efterrätter,8.7,µg
1761,Marängsviss hovdessert,Fibrer,Efterrätter,3.9,g
1761,Marängsviss hovdessert,"Fett, totalt",Efterrätter,20.0,g
1761,Marängsviss hovdessert,"Järn, Fe",Efterrätter,1.0,mg
1761,Marängsviss hovdessert,Energi (kJ),Efterrätter,1482.0,kJ
1761,Marängsviss hovdessert,Energi (kcal),Efterrätter,354.0,kcal
1761,Marängsviss hovdessert,Disackarider,Efterrätter,36.5,g
1761,Marängsviss hovdessert,"Kalcium, Ca",Efterrätter,67.0,mg
1761,Marängsviss hovdessert,Fettsyra 4:0-10:0,Efterrätter,1.0,g
1761,Marängsviss hovdessert,DHA (C22:6),Efterrätter,0.0,g
1761,Marängsviss hovdessert,DPA (C22:5),Efterrätter,0.0,g
1761,Marängsviss hovdessert,EPA (C20:5),Efterrätter,0.0,g
1761,Marängsviss hovdessert,Arakidonsyra C20:4,Efterrätter,0.0,g
1761,Marängsviss hovdessert,Arakidinsyra C20:0,Efterrätter,0.0,g
1761,Marängsviss hovdessert,Linolensyra C18:3,Efterrätter,0.1,g
1761,Marängsviss hovdessert,Linolsyra C18:2,Efterrätter,1.3,g
1761,Marängsviss hovdessert,Oljesyra C18:1,Efterrätter,6.5,g
1761,Marängsviss hovdessert,Stearinsyra C18:0,Efterrätter,2.0,g
1761,Marängsviss hovdessert,Palmitoljesyra C16:1,Efterrätter,0.3,g
1761,Marängsviss hovdessert,Palmitinsyra C16:0,Efterrätter,5.0,g
1761,Marängsviss hovdessert,Myristinsyra C14:0,Efterrätter,1.4,g
1761,Marängsviss hovdessert,Laurinsyra C12:0,Efterrätter,0.4,g
1761,Marängsviss hovdessert,Betakaroten/β-Karoten,Efterrätter,107.0,µg
1761,Marängsviss hovdessert,Avfall (skal etc.),Efterrätter,5.0,%
1761,Marängsviss hovdessert,Aska,Efterrätter,1.1,g
1761,Marängsviss hovdessert,Alkohol,Efterrätter,0.0,g
1762,Brylépudding,"Zink, Zn",Efterrätter,0.5,mg
1762,Brylépudding,Vitamin E,Efterrätter,1.3,mg
1762,Brylépudding,Vitamin D,Efterrätter,0.71,µg
1762,Brylépudding,Vitamin C,Efterrätter,0.3,mg
1762,Brylépudding,Vitamin B6,Efterrätter,0.04,mg
1762,Brylépudding,Vitamin B12,Efterrätter,0.56,µg
1762,Brylépudding,Vitamin A,Efterrätter,63.6,RE/µg
1762,Brylépudding,Vatten,Efterrätter,71.3,g
1762,Brylépudding,Tiamin,Efterrätter,0.03,mg
1762,Brylépudding,Tillsatt socker,Efterrätter,17.0,g
1762,Brylépudding,Fritt socker,Efterrätter,17.0,g
1762,Brylépudding,"Selen, Se",Efterrätter,6.3,µg
1762,Brylépudding,Sackaros,Efterrätter,16.8,g
1762,Brylépudding,Riboflavin,Efterrätter,0.17,mg
1762,Brylépudding,Retinol,Efterrätter,63.0,µg
1762,Brylépudding,Protein,Efterrätter,4.9,g
1762,Brylépudding,Summa fleromättade fettsyror,Efterrätter,0.4,g
1762,Brylépudding,"Fosfor, P",Efterrätter,124.0,mg
1762,Brylépudding,Niacinekvivalenter,Efterrätter,1.29,NE/mg
1762,Brylépudding,Niacin,Efterrätter,0.06,mg
1762,Brylépudding,"Salt, NaCl",Efterrätter,0.3,g
1762,Brylépudding,"Natrium, Na",Efterrätter,106.0,mg
1762,Brylépudding,Monosackarider,Efterrätter,0.1,g
1762,Brylépudding,"Sockerarter, totalt",Efterrätter,19.6,g
1762,Brylépudding,Summa enkelomättade fettsyror,Efterrätter,1.2,g
1762,Brylépudding,"Magnesium, Mg",Efterrätter,9.0,mg
1762,Brylépudding,Summa mättade fettsyror,Efterrätter,1.3,g
1762,Brylépudding,"Kolhydrater, tillgängliga",Efterrätter,19.6,g
1762,Brylépudding,Kolesterol,Efterrätter,83.9,mg
1762,Brylépudding,"Kalium, K",Efterrätter,124.0,mg
1762,Brylépudding,"Jod, I",Efterrätter,29.4,µg
1762,Brylépudding,Fullkorn totalt,Efterrätter,0.0,g
1762,Brylépudding,"Folat, totalt",Efterrätter,16.6,µg
1762,Brylépudding,Fibrer,Efterrätter,0.0,g
1762,Brylépudding,"Fett, totalt",Efterrätter,3.3,g
1762,Brylépudding,"Järn, Fe",Efterrätter,0.4,mg
1762,Brylépudding,Energi (kJ),Efterrätter,539.0,kJ
1762,Brylépudding,Energi (kcal),Efterrätter,129.0,kcal
1762,Brylépudding,Disackarider,Efterrätter,19.5,g
1762,Brylépudding,"Kalcium, Ca",Efterrätter,85.0,mg
1762,Brylépudding,Fettsyra 4:0-10:0,Efterrätter,0.1,g
1762,Brylépudding,DHA (C22:6),Efterrätter,0.0,g
1762,Brylépudding,DPA (C22:5),Efterrätter,0.0,g
1762,Brylépudding,EPA (C20:5),Efterrätter,0.0,g
1762,Brylépudding,Arakidonsyra C20:4,Efterrätter,0.0,g
1762,Brylépudding,Arakidinsyra C20:0,Efterrätter,0.0,g
1762,Brylépudding,Linolensyra C18:3,Efterrätter,0.0,g
1762,Brylépudding,Linolsyra C18:2,Efterrätter,0.3,g
1762,Brylépudding,Oljesyra C18:1,Efterrätter,1.1,g
1762,Brylépudding,Stearinsyra C18:0,Efterrätter,0.3,g
1762,Brylépudding,Palmitoljesyra C16:1,Efterrätter,0.1,g
1762,Brylépudding,Palmitinsyra C16:0,Efterrätter,0.7,g
1762,Brylépudding,Myristinsyra C14:0,Efterrätter,0.1,g
1762,Brylépudding,Laurinsyra C12:0,Efterrätter,0.0,g
1762,Brylépudding,Betakaroten/β-Karoten,Efterrätter,6.0,µg
1762,Brylépudding,Avfall (skal etc.),Efterrätter,3.0,%
1762,Brylépudding,Aska,Efterrätter,0.8,g
1762,Brylépudding,Alkohol,Efterrätter,0.0,g
1763,Vaniljsås m. mellanmjölk matlagningsgrädde vispgrädde hemlagad,"Zink, Zn",Söta soppor kräm o efterrättssås,0.7,mg
1763,Vaniljsås m. mellanmjölk matlagningsgrädde vispgrädde hemlagad,Vitamin E,Söta soppor kräm o efterrättssås,1.2,mg
1763,Vaniljsås m. mellanmjölk matlagningsgrädde vispgrädde hemlagad,Vitamin D,Söta soppor kräm o efterrättssås,0.28,µg
1763,Vaniljsås m. mellanmjölk matlagningsgrädde vispgrädde hemlagad,Vitamin C,Söta soppor kräm o efterrättssås,0.0,mg
1763,Vaniljsås m. mellanmjölk matlagningsgrädde vispgrädde hemlagad,Vitamin B6,Söta soppor kräm o efterrättssås,0.05,mg
1763,Vaniljsås m. mellanmjölk matlagningsgrädde vispgrädde hemlagad,Vitamin B12,Söta soppor kräm o efterrättssås,0.41,µg
1763,Vaniljsås m. mellanmjölk matlagningsgrädde vispgrädde hemlagad,Vitamin A,Söta soppor kräm o efterrättssås,49.5,RE/µg
1763,Vaniljsås m. mellanmjölk matlagningsgrädde vispgrädde hemlagad,Vatten,Söta soppor kräm o efterrättssås,69.2,g
1763,Vaniljsås m. mellanmjölk matlagningsgrädde vispgrädde hemlagad,Tiamin,Söta soppor kräm o efterrättssås,0.04,mg
1763,Vaniljsås m. mellanmjölk matlagningsgrädde vispgrädde hemlagad,Tillsatt socker,Söta soppor kräm o efterrättssås,7.0,g
1763,Vaniljsås m. mellanmjölk matlagningsgrädde vispgrädde hemlagad,Fritt socker,Söta soppor kräm o efterrättssås,7.0,g
1763,Vaniljsås m. mellanmjölk matlagningsgrädde vispgrädde hemlagad,"Selen, Se",Söta soppor kräm o efterrättssås,5.7,µg
1763,Vaniljsås m. mellanmjölk matlagningsgrädde vispgrädde hemlagad,Sackaros,Söta soppor kräm o efterrättssås,6.6,g
1763,Vaniljsås m. mellanmjölk matlagningsgrädde vispgrädde hemlagad,Riboflavin,Söta soppor kräm o efterrättssås,0.18,mg
1763,Vaniljsås m. mellanmjölk matlagningsgrädde vispgrädde hemlagad,Retinol,Söta soppor kräm o efterrättssås,47.9,µg
1763,Vaniljsås m. mellanmjölk matlagningsgrädde vispgrädde hemlagad,Protein,Söta soppor kräm o efterrättssås,3.8,g
1763,Vaniljsås m. mellanmjölk matlagningsgrädde vispgrädde hemlagad,Summa fleromättade fettsyror,Söta soppor kräm o efterrättssås,0.8,g
1763,Vaniljsås m. mellanmjölk matlagningsgrädde vispgrädde hemlagad,"Fosfor, P",Söta soppor kräm o efterrättssås,101.0,mg
1763,Vaniljsås m. mellanmjölk matlagningsgrädde vispgrädde hemlagad,Niacinekvivalenter,Söta soppor kräm o efterrättssås,0.97,NE/mg
1763,Vaniljsås m. mellanmjölk matlagningsgrädde vispgrädde hemlagad,Niacin,Söta soppor kräm o efterrättssås,0.1,mg
1763,Vaniljsås m. mellanmjölk matlagningsgrädde vispgrädde hemlagad,"Salt, NaCl",Söta soppor kräm o efterrättssås,0.1,g
1763,Vaniljsås m. mellanmjölk matlagningsgrädde vispgrädde hemlagad,"Natrium, Na",Söta soppor kräm o efterrättssås,47.0,mg
1763,Vaniljsås m. mellanmjölk matlagningsgrädde vispgrädde hemlagad,Monosackarider,Söta soppor kräm o efterrättssås,0.0,g
1763,Vaniljsås m. mellanmjölk matlagningsgrädde vispgrädde hemlagad,"Sockerarter, totalt",Söta soppor kräm o efterrättssås,10.2,g
1763,Vaniljsås m. mellanmjölk matlagningsgrädde vispgrädde hemlagad,Summa enkelomättade fettsyror,Söta soppor kräm o efterrättssås,4.0,g
1763,Vaniljsås m. mellanmjölk matlagningsgrädde vispgrädde hemlagad,"Magnesium, Mg",Söta soppor kräm o efterrättssås,12.0,mg
1763,Vaniljsås m. mellanmjölk matlagningsgrädde vispgrädde hemlagad,Summa mättade fettsyror,Söta soppor kräm o efterrättssås,8.9,g
1763,Vaniljsås m. mellanmjölk matlagningsgrädde vispgrädde hemlagad,"Kolhydrater, tillgängliga",Söta soppor kräm o efterrättssås,11.8,g
1763,Vaniljsås m. mellanmjölk matlagningsgrädde vispgrädde hemlagad,Kolesterol,Söta soppor kräm o efterrättssås,114.6,mg
1763,Vaniljsås m. mellanmjölk matlagningsgrädde vispgrädde hemlagad,"Kalium, K",Söta soppor kräm o efterrättssås,120.0,mg
1763,Vaniljsås m. mellanmjölk matlagningsgrädde vispgrädde hemlagad,"Jod, I",Söta soppor kräm o efterrättssås,13.9,µg
1763,Vaniljsås m. mellanmjölk matlagningsgrädde vispgrädde hemlagad,Fullkorn totalt,Söta soppor kräm o efterrättssås,0.0,g
1763,Vaniljsås m. mellanmjölk matlagningsgrädde vispgrädde hemlagad,"Folat, totalt",Söta soppor kräm o efterrättssås,28.6,µg
1763,Vaniljsås m. mellanmjölk matlagningsgrädde vispgrädde hemlagad,Fibrer,Söta soppor kräm o efterrättssås,0.0,g
1763,Vaniljsås m. mellanmjölk matlagningsgrädde vispgrädde hemlagad,"Fett, totalt",Söta soppor kräm o efterrättssås,14.6,g
1763,Vaniljsås m. mellanmjölk matlagningsgrädde vispgrädde hemlagad,"Järn, Fe",Söta soppor kräm o efterrättssås,0.4,mg
1763,Vaniljsås m. mellanmjölk matlagningsgrädde vispgrädde hemlagad,Energi (kJ),Söta soppor kräm o efterrättssås,804.0,kJ
1763,Vaniljsås m. mellanmjölk matlagningsgrädde vispgrädde hemlagad,Energi (kcal),Söta soppor kräm o efterrättssås,192.0,kcal
1763,Vaniljsås m. mellanmjölk matlagningsgrädde vispgrädde hemlagad,Disackarider,Söta soppor kräm o efterrättssås,10.2,g
1763,Vaniljsås m. mellanmjölk matlagningsgrädde vispgrädde hemlagad,"Kalcium, Ca",Söta soppor kräm o efterrättssås,61.0,mg
1763,Vaniljsås m. mellanmjölk matlagningsgrädde vispgrädde hemlagad,Fettsyra 4:0-10:0,Söta soppor kräm o efterrättssås,1.1,g
1763,Vaniljsås m. mellanmjölk matlagningsgrädde vispgrädde hemlagad,DHA (C22:6),Söta soppor kräm o efterrättssås,0.0,g
1763,Vaniljsås m. mellanmjölk matlagningsgrädde vispgrädde hemlagad,DPA (C22:5),Söta soppor kräm o efterrättssås,0.0,g
1763,Vaniljsås m. mellanmjölk matlagningsgrädde vispgrädde hemlagad,EPA (C20:5),Söta soppor kräm o efterrättssås,0.0,g
1763,Vaniljsås m. mellanmjölk matlagningsgrädde vispgrädde hemlagad,Arakidonsyra C20:4,Söta soppor kräm o efterrättssås,0.0,g
1763,Vaniljsås m. mellanmjölk matlagningsgrädde vispgrädde hemlagad,Arakidinsyra C20:0,Söta soppor kräm o efterrättssås,0.0,g
1763,Vaniljsås m. mellanmjölk matlagningsgrädde vispgrädde hemlagad,Linolensyra C18:3,Söta soppor kräm o efterrättssås,0.1,g
1763,Vaniljsås m. mellanmjölk matlagningsgrädde vispgrädde hemlagad,Linolsyra C18:2,Söta soppor kräm o efterrättssås,0.4,g
1763,Vaniljsås m. mellanmjölk matlagningsgrädde vispgrädde hemlagad,Oljesyra C18:1,Söta soppor kräm o efterrättssås,3.5,g
1763,Vaniljsås m. mellanmjölk matlagningsgrädde vispgrädde hemlagad,Stearinsyra C18:0,Söta soppor kräm o efterrättssås,1.5,g
1763,Vaniljsås m. mellanmjölk matlagningsgrädde vispgrädde hemlagad,Palmitoljesyra C16:1,Söta soppor kräm o efterrättssås,0.2,g
1763,Vaniljsås m. mellanmjölk matlagningsgrädde vispgrädde hemlagad,Palmitinsyra C16:0,Söta soppor kräm o efterrättssås,4.0,g
1763,Vaniljsås m. mellanmjölk matlagningsgrädde vispgrädde hemlagad,Myristinsyra C14:0,Söta soppor kräm o efterrättssås,1.4,g
1763,Vaniljsås m. mellanmjölk matlagningsgrädde vispgrädde hemlagad,Laurinsyra C12:0,Söta soppor kräm o efterrättssås,0.5,g
1763,Vaniljsås m. mellanmjölk matlagningsgrädde vispgrädde hemlagad,Betakaroten/β-Karoten,Söta soppor kräm o efterrättssås,19.0,µg
1763,Vaniljsås m. mellanmjölk matlagningsgrädde vispgrädde hemlagad,Avfall (skal etc.),Söta soppor kräm o efterrättssås,0.0,%
1763,Vaniljsås m. mellanmjölk matlagningsgrädde vispgrädde hemlagad,Aska,Söta soppor kräm o efterrättssås,0.6,g
1763,Vaniljsås m. mellanmjölk matlagningsgrädde vispgrädde hemlagad,Alkohol,Söta soppor kräm o efterrättssås,0.0,g
1764,Chokladpudding,"Zink, Zn",Efterrätter,0.6,mg
1764,Chokladpudding,Vitamin E,Efterrätter,0.3,mg
1764,Chokladpudding,Vitamin D,Efterrätter,1.0,µg
1764,Chokladpudding,Vitamin C,Efterrätter,0.6,mg
1764,Chokladpudding,Vitamin B6,Efterrätter,0.04,mg
1764,Chokladpudding,Vitamin B12,Efterrätter,0.45,µg
1764,Chokladpudding,Vitamin A,Efterrätter,26.1,RE/µg
1764,Chokladpudding,Vatten,Efterrätter,70.9,g
1764,Chokladpudding,Tiamin,Efterrätter,0.04,mg
1764,Chokladpudding,Tillsatt socker,Efterrätter,8.0,g
1764,Chokladpudding,Fritt socker,Efterrätter,8.0,g
1764,Chokladpudding,"Selen, Se",Efterrätter,2.7,µg
1764,Chokladpudding,Sackaros,Efterrätter,8.5,g
1764,Chokladpudding,Riboflavin,Efterrätter,0.15,mg
1764,Chokladpudding,Retinol,Efterrätter,25.1,µg
1764,Chokladpudding,Protein,Efterrätter,4.8,g
1764,Chokladpudding,Summa fleromättade fettsyror,Efterrätter,0.1,g
1764,Chokladpudding,"Fosfor, P",Efterrätter,165.0,mg
1764,Chokladpudding,Niacinekvivalenter,Efterrätter,1.28,NE/mg
1764,Chokladpudding,Niacin,Efterrätter,0.18,mg
1764,Chokladpudding,"Salt, NaCl",Efterrätter,0.1,g
1764,Chokladpudding,"Natrium, Na",Efterrätter,41.0,mg
1764,Chokladpudding,Monosackarider,Efterrätter,0.0,g
1764,Chokladpudding,"Sockerarter, totalt",Efterrätter,12.9,g
1764,Chokladpudding,Summa enkelomättade fettsyror,Efterrätter,0.8,g
1764,Chokladpudding,"Magnesium, Mg",Efterrätter,30.0,mg
1764,Chokladpudding,Summa mättade fettsyror,Efterrätter,1.7,g
1764,Chokladpudding,"Kolhydrater, tillgängliga",Efterrätter,19.0,g
1764,Chokladpudding,Kolesterol,Efterrätter,23.5,mg
1764,Chokladpudding,"Kalium, K",Efterrätter,240.0,mg
1764,Chokladpudding,"Jod, I",Efterrätter,23.2,µg
1764,Chokladpudding,Fullkorn totalt,Efterrätter,0.0,g
1764,Chokladpudding,"Folat, totalt",Efterrätter,11.5,µg
1764,Chokladpudding,Fibrer,Efterrätter,1.2,g
1764,Chokladpudding,"Fett, totalt",Efterrätter,3.0,g
1764,Chokladpudding,"Järn, Fe",Efterrätter,0.5,mg
1764,Chokladpudding,Energi (kJ),Efterrätter,525.0,kJ
1764,Chokladpudding,Energi (kcal),Efterrätter,126.0,kcal
1764,Chokladpudding,Disackarider,Efterrätter,12.9,g
1764,Chokladpudding,"Kalcium, Ca",Efterrätter,124.0,mg
1764,Chokladpudding,Fettsyra 4:0-10:0,Efterrätter,0.2,g
1764,Chokladpudding,DHA (C22:6),Efterrätter,0.0,g
1764,Chokladpudding,DPA (C22:5),Efterrätter,0.0,g
1764,Chokladpudding,EPA (C20:5),Efterrätter,0.0,g
1764,Chokladpudding,Arakidonsyra C20:4,Efterrätter,0.0,g
1764,Chokladpudding,Arakidinsyra C20:0,Efterrätter,0.0,g
1764,Chokladpudding,Linolensyra C18:3,Efterrätter,0.0,g
1764,Chokladpudding,Linolsyra C18:2,Efterrätter,0.1,g
1764,Chokladpudding,Oljesyra C18:1,Efterrätter,0.8,g
1764,Chokladpudding,Stearinsyra C18:0,Efterrätter,0.4,g
1764,Chokladpudding,Palmitoljesyra C16:1,Efterrätter,0.1,g
1764,Chokladpudding,Palmitinsyra C16:0,Efterrätter,0.8,g
1764,Chokladpudding,Myristinsyra C14:0,Efterrätter,0.2,g
1764,Chokladpudding,Laurinsyra C12:0,Efterrätter,0.1,g
1764,Chokladpudding,Betakaroten/β-Karoten,Efterrätter,11.0,µg
1764,Chokladpudding,Avfall (skal etc.),Efterrätter,0.0,%
1764,Chokladpudding,Aska,Efterrätter,1.0,g
1764,Chokladpudding,Alkohol,Efterrätter,0.0,g
1765,Chokladpudding m. vispad grädde fett 40%,"Zink, Zn",Efterrätter,0.6,mg
1765,Chokladpudding m. vispad grädde fett 40%,Vitamin E,Efterrätter,0.4,mg
1765,Chokladpudding m. vispad grädde fett 40%,Vitamin D,Efterrätter,0.83,µg
1765,Chokladpudding m. vispad grädde fett 40%,Vitamin C,Efterrätter,0.5,mg
1765,Chokladpudding m. vispad grädde fett 40%,Vitamin B6,Efterrätter,0.04,mg
1765,Chokladpudding m. vispad grädde fett 40%,Vitamin B12,Efterrätter,0.43,µg
1765,Chokladpudding m. vispad grädde fett 40%,Vitamin A,Efterrätter,89.6,RE/µg
1765,Chokladpudding m. vispad grädde fett 40%,Vatten,Efterrätter,67.8,g
1765,Chokladpudding m. vispad grädde fett 40%,Tiamin,Efterrätter,0.04,mg
1765,Chokladpudding m. vispad grädde fett 40%,Tillsatt socker,Efterrätter,7.0,g
1765,Chokladpudding m. vispad grädde fett 40%,Fritt socker,Efterrätter,7.0,g
1765,Chokladpudding m. vispad grädde fett 40%,"Selen, Se",Efterrätter,2.5,µg
1765,Chokladpudding m. vispad grädde fett 40%,Sackaros,Efterrätter,6.9,g
1765,Chokladpudding m. vispad grädde fett 40%,Riboflavin,Efterrätter,0.14,mg
1765,Chokladpudding m. vispad grädde fett 40%,Retinol,Efterrätter,84.3,µg
1765,Chokladpudding m. vispad grädde fett 40%,Protein,Efterrätter,4.3,g
1765,Chokladpudding m. vispad grädde fett 40%,Summa fleromättade fettsyror,Efterrätter,0.3,g
1765,Chokladpudding m. vispad grädde fett 40%,"Fosfor, P",Efterrätter,146.0,mg
1765,Chokladpudding m. vispad grädde fett 40%,Niacinekvivalenter,Efterrätter,1.14,NE/mg
1765,Chokladpudding m. vispad grädde fett 40%,Niacin,Efterrätter,0.15,mg
1765,Chokladpudding m. vispad grädde fett 40%,"Salt, NaCl",Efterrätter,0.1,g
1765,Chokladpudding m. vispad grädde fett 40%,"Natrium, Na",Efterrätter,38.0,mg
1765,Chokladpudding m. vispad grädde fett 40%,Monosackarider,Efterrätter,0.0,g
1765,Chokladpudding m. vispad grädde fett 40%,"Sockerarter, totalt",Efterrätter,11.0,g
1765,Chokladpudding m. vispad grädde fett 40%,Summa enkelomättade fettsyror,Efterrätter,2.5,g
1765,Chokladpudding m. vispad grädde fett 40%,"Magnesium, Mg",Efterrätter,26.0,mg
1765,Chokladpudding m. vispad grädde fett 40%,Summa mättade fettsyror,Efterrätter,6.1,g
1765,Chokladpudding m. vispad grädde fett 40%,"Kolhydrater, tillgängliga",Efterrätter,16.1,g
1765,Chokladpudding m. vispad grädde fett 40%,Kolesterol,Efterrätter,40.3,mg
1765,Chokladpudding m. vispad grädde fett 40%,"Kalium, K",Efterrätter,214.0,mg
1765,Chokladpudding m. vispad grädde fett 40%,"Jod, I",Efterrätter,21.4,µg
1765,Chokladpudding m. vispad grädde fett 40%,Fullkorn totalt,Efterrätter,0.0,g
1765,Chokladpudding m. vispad grädde fett 40%,"Folat, totalt",Efterrätter,11.0,µg
1765,Chokladpudding m. vispad grädde fett 40%,Fibrer,Efterrätter,1.0,g
1765,Chokladpudding m. vispad grädde fett 40%,"Fett, totalt",Efterrätter,9.8,g
1765,Chokladpudding m. vispad grädde fett 40%,"Järn, Fe",Efterrätter,0.4,mg
1765,Chokladpudding m. vispad grädde fett 40%,Energi (kJ),Efterrätter,718.0,kJ
1765,Chokladpudding m. vispad grädde fett 40%,Energi (kcal),Efterrätter,172.0,kcal
1765,Chokladpudding m. vispad grädde fett 40%,Disackarider,Efterrätter,11.0,g
1765,Chokladpudding m. vispad grädde fett 40%,"Kalcium, Ca",Efterrätter,115.0,mg
1765,Chokladpudding m. vispad grädde fett 40%,Fettsyra 4:0-10:0,Efterrätter,0.7,g
1765,Chokladpudding m. vispad grädde fett 40%,DHA (C22:6),Efterrätter,0.0,g
1765,Chokladpudding m. vispad grädde fett 40%,DPA (C22:5),Efterrätter,0.0,g
1765,Chokladpudding m. vispad grädde fett 40%,EPA (C20:5),Efterrätter,0.0,g
1765,Chokladpudding m. vispad grädde fett 40%,Arakidonsyra C20:4,Efterrätter,0.0,g
1765,Chokladpudding m. vispad grädde fett 40%,Arakidinsyra C20:0,Efterrätter,0.0,g
1765,Chokladpudding m. vispad grädde fett 40%,Linolensyra C18:3,Efterrätter,0.1,g
1765,Chokladpudding m. vispad grädde fett 40%,Linolsyra C18:2,Efterrätter,0.2,g
1765,Chokladpudding m. vispad grädde fett 40%,Oljesyra C18:1,Efterrätter,2.2,g
1765,Chokladpudding m. vispad grädde fett 40%,Stearinsyra C18:0,Efterrätter,1.1,g
1765,Chokladpudding m. vispad grädde fett 40%,Palmitoljesyra C16:1,Efterrätter,0.2,g
1765,Chokladpudding m. vispad grädde fett 40%,Palmitinsyra C16:0,Efterrätter,2.9,g
1765,Chokladpudding m. vispad grädde fett 40%,Myristinsyra C14:0,Efterrätter,0.9,g
1765,Chokladpudding m. vispad grädde fett 40%,Laurinsyra C12:0,Efterrätter,0.3,g
1765,Chokladpudding m. vispad grädde fett 40%,Betakaroten/β-Karoten,Efterrätter,64.0,µg
1765,Chokladpudding m. vispad grädde fett 40%,Avfall (skal etc.),Efterrätter,0.0,%
1765,Chokladpudding m. vispad grädde fett 40%,Aska,Efterrätter,0.9,g
1765,Chokladpudding m. vispad grädde fett 40%,Alkohol,Efterrätter,0.0,g
1766,Chokladmousse,"Zink, Zn",Efterrätter,1.0,mg
1766,Chokladmousse,Vitamin E,Efterrätter,2.1,mg
1766,Chokladmousse,Vitamin D inkl 25-OH-D3,Efterrätter,0.81,µg
1766,Chokladmousse,Vitamin D,Efterrätter,0.47,µg
1766,Chokladmousse,Vitamin C,Efterrätter,9.7,mg
1766,Chokladmousse,Vitamin B6,Efterrätter,0.07,mg
1766,Chokladmousse,Vitamin B12,Efterrätter,0.44,µg
1766,Chokladmousse,Vitamin A,Efterrätter,124.3,RE/µg
1766,Chokladmousse,Vatten,Efterrätter,46.6,g
1766,Chokladmousse,Tiamin,Efterrätter,0.05,mg
1766,Chokladmousse,Tillsatt socker,Efterrätter,21.0,g
1766,Chokladmousse,Fritt socker,Efterrätter,23.0,g
1766,Chokladmousse,"Selen, Se",Efterrätter,7.8,µg
1766,Chokladmousse,Sackaros,Efterrätter,21.8,g
1766,Chokladmousse,Riboflavin,Efterrätter,0.16,mg
1766,Chokladmousse,Retinol,Efterrätter,120.2,µg
1766,Chokladmousse,Protein,Efterrätter,5.8,g
1766,Chokladmousse,Summa fleromättade fettsyror,Efterrätter,1.2,g
1766,Chokladmousse,"Fosfor, P",Efterrätter,113.0,mg
1766,Chokladmousse,Niacinekvivalenter,Efterrätter,1.51,NE/mg
1766,Chokladmousse,Niacin,Efterrätter,0.24,mg
1766,Chokladmousse,"Salt, NaCl",Efterrätter,0.2,g
1766,Chokladmousse,"Natrium, Na",Efterrätter,81.0,mg
1766,Chokladmousse,Monosackarider,Efterrätter,1.1,g
1766,Chokladmousse,"Sockerarter, totalt",Efterrätter,22.9,g
1766,Chokladmousse,Summa enkelomättade fettsyror,Efterrätter,5.4,g
1766,Chokladmousse,"Magnesium, Mg",Efterrätter,42.0,mg
1766,Chokladmousse,Summa mättade fettsyror,Efterrätter,9.9,g
1766,Chokladmousse,"Kolhydrater, tillgängliga",Efterrätter,28.7,g
1766,Chokladmousse,Kolesterol,Efterrätter,122.6,mg
1766,Chokladmousse,"Kalium, K",Efterrätter,201.0,mg
1766,Chokladmousse,"Jod, I",Efterrätter,13.6,µg
1766,Chokladmousse,Fullkorn totalt,Efterrätter,0.0,g
1766,Chokladmousse,"Folat, totalt",Efterrätter,36.5,µg
1766,Chokladmousse,Fibrer,Efterrätter,0.1,g
1766,Chokladmousse,"Fett, totalt",Efterrätter,17.8,g
1766,Chokladmousse,"Järn, Fe",Efterrätter,2.9,mg
1766,Chokladmousse,Energi (kJ),Efterrätter,1244.0,kJ
1766,Chokladmousse,Energi (kcal),Efterrätter,297.0,kcal
1766,Chokladmousse,Disackarider,Efterrätter,21.8,g
1766,Chokladmousse,"Kalcium, Ca",Efterrätter,34.0,mg
1766,Chokladmousse,Fettsyra 4:0-10:0,Efterrätter,0.6,g
1766,Chokladmousse,DHA (C22:6),Efterrätter,0.0,g
1766,Chokladmousse,DPA (C22:5),Efterrätter,0.0,g
1766,Chokladmousse,EPA (C20:5),Efterrätter,0.0,g
1766,Chokladmousse,Arakidonsyra C20:4,Efterrätter,0.0,g
1766,Chokladmousse,Arakidinsyra C20:0,Efterrätter,0.1,g
1766,Chokladmousse,Linolensyra C18:3,Efterrätter,0.1,g
1766,Chokladmousse,Linolsyra C18:2,Efterrätter,1.0,g
1766,Chokladmousse,Oljesyra C18:1,Efterrätter,5.1,g
1766,Chokladmousse,Stearinsyra C18:0,Efterrätter,3.5,g
1766,Chokladmousse,Palmitoljesyra C16:1,Efterrätter,0.2,g
1766,Chokladmousse,Palmitinsyra C16:0,Efterrätter,4.5,g
1766,Chokladmousse,Myristinsyra C14:0,Efterrätter,0.7,g
1766,Chokladmousse,Laurinsyra C12:0,Efterrätter,0.2,g
1766,Chokladmousse,Betakaroten/β-Karoten,Efterrätter,40.0,µg
1766,Chokladmousse,Avfall (skal etc.),Efterrätter,4.0,%
1766,Chokladmousse,Aska,Efterrätter,0.9,g
1766,Chokladmousse,Alkohol,Efterrätter,0.0,g
1767,Fromage apelsin el. citron hemlagad,"Zink, Zn",Efterrätter,0.5,mg
1767,Fromage apelsin el. citron hemlagad,Vitamin E,Efterrätter,1.8,mg
1767,Fromage apelsin el. citron hemlagad,Vitamin D,Efterrätter,0.37,µg
1767,Fromage apelsin el. citron hemlagad,Vitamin C,Efterrätter,8.0,mg
1767,Fromage apelsin el. citron hemlagad,Vitamin B6,Efterrätter,0.04,mg
1767,Fromage apelsin el. citron hemlagad,Vitamin B12,Efterrätter,0.5,µg
1767,Fromage apelsin el. citron hemlagad,Vitamin A,Efterrätter,221.7,RE/µg
1767,Fromage apelsin el. citron hemlagad,Vatten,Efterrätter,55.5,g
1767,Fromage apelsin el. citron hemlagad,Tiamin,Efterrätter,0.04,mg
1767,Fromage apelsin el. citron hemlagad,Tillsatt socker,Efterrätter,15.0,g
1767,Fromage apelsin el. citron hemlagad,Fritt socker,Efterrätter,16.0,g
1767,Fromage apelsin el. citron hemlagad,"Selen, Se",Efterrätter,5.8,µg
1767,Fromage apelsin el. citron hemlagad,Sackaros,Efterrätter,15.7,g
1767,Fromage apelsin el. citron hemlagad,Riboflavin,Efterrätter,0.15,mg
1767,Fromage apelsin el. citron hemlagad,Retinol,Efterrätter,209.4,µg
1767,Fromage apelsin el. citron hemlagad,Protein,Efterrätter,5.3,g
1767,Fromage apelsin el. citron hemlagad,Summa fleromättade fettsyror,Efterrätter,0.8,g
1767,Fromage apelsin el. citron hemlagad,"Fosfor, P",Efterrätter,73.0,mg
1767,Fromage apelsin el. citron hemlagad,Niacinekvivalenter,Efterrätter,1.26,NE/mg
1767,Fromage apelsin el. citron hemlagad,Niacin,Efterrätter,0.06,mg
1767,Fromage apelsin el. citron hemlagad,"Salt, NaCl",Efterrätter,0.1,g
1767,Fromage apelsin el. citron hemlagad,"Natrium, Na",Efterrätter,44.0,mg
1767,Fromage apelsin el. citron hemlagad,Monosackarider,Efterrätter,0.5,g
1767,Fromage apelsin el. citron hemlagad,"Sockerarter, totalt",Efterrätter,17.4,g
1767,Fromage apelsin el. citron hemlagad,Summa enkelomättade fettsyror,Efterrätter,5.5,g
1767,Fromage apelsin el. citron hemlagad,"Magnesium, Mg",Efterrätter,8.0,mg
1767,Fromage apelsin el. citron hemlagad,Summa mättade fettsyror,Efterrätter,12.2,g
1767,Fromage apelsin el. citron hemlagad,"Kolhydrater, tillgängliga",Efterrätter,18.2,g
1767,Fromage apelsin el. citron hemlagad,Kolesterol,Efterrätter,129.1,mg
1767,Fromage apelsin el. citron hemlagad,"Kalium, K",Efterrätter,101.0,mg
1767,Fromage apelsin el. citron hemlagad,"Jod, I",Efterrätter,15.8,µg
1767,Fromage apelsin el. citron hemlagad,Fullkorn totalt,Efterrätter,0.0,g
1767,Fromage apelsin el. citron hemlagad,"Folat, totalt",Efterrätter,27.4,µg
1767,Fromage apelsin el. citron hemlagad,Fibrer,Efterrätter,0.0,g
1767,Fromage apelsin el. citron hemlagad,"Fett, totalt",Efterrätter,20.4,g
1767,Fromage apelsin el. citron hemlagad,"Järn, Fe",Efterrätter,0.4,mg
1767,Fromage apelsin el. citron hemlagad,Energi (kJ),Efterrätter,1154.0,kJ
1767,Fromage apelsin el. citron hemlagad,Energi (kcal),Efterrätter,276.0,kcal
1767,Fromage apelsin el. citron hemlagad,Disackarider,Efterrätter,16.9,g
1767,Fromage apelsin el. citron hemlagad,"Kalcium, Ca",Efterrätter,49.0,mg
1767,Fromage apelsin el. citron hemlagad,Fettsyra 4:0-10:0,Efterrätter,1.3,g
1767,Fromage apelsin el. citron hemlagad,DHA (C22:6),Efterrätter,0.0,g
1767,Fromage apelsin el. citron hemlagad,DPA (C22:5),Efterrätter,0.0,g
1767,Fromage apelsin el. citron hemlagad,EPA (C20:5),Efterrätter,0.0,g
1767,Fromage apelsin el. citron hemlagad,Arakidonsyra C20:4,Efterrätter,0.0,g
1767,Fromage apelsin el. citron hemlagad,Arakidinsyra C20:0,Efterrätter,0.0,g
1767,Fromage apelsin el. citron hemlagad,Linolensyra C18:3,Efterrätter,0.1,g
1767,Fromage apelsin el. citron hemlagad,Linolsyra C18:2,Efterrätter,0.5,g
1767,Fromage apelsin el. citron hemlagad,Oljesyra C18:1,Efterrätter,4.8,g
1767,Fromage apelsin el. citron hemlagad,Stearinsyra C18:0,Efterrätter,2.0,g
1767,Fromage apelsin el. citron hemlagad,Palmitoljesyra C16:1,Efterrätter,0.4,g
1767,Fromage apelsin el. citron hemlagad,Palmitinsyra C16:0,Efterrätter,6.1,g
1767,Fromage apelsin el. citron hemlagad,Myristinsyra C14:0,Efterrätter,1.9,g
1767,Fromage apelsin el. citron hemlagad,Laurinsyra C12:0,Efterrätter,0.6,g
1767,Fromage apelsin el. citron hemlagad,Betakaroten/β-Karoten,Efterrätter,147.0,µg
1767,Fromage apelsin el. citron hemlagad,Avfall (skal etc.),Efterrätter,3.0,%
1767,Fromage apelsin el. citron hemlagad,Aska,Efterrätter,0.5,g
1767,Fromage apelsin el. citron hemlagad,Alkohol,Efterrätter,0.0,g
1768,Glassås choklad hemlagad,"Zink, Zn",Söta soppor kräm o efterrättssås,1.3,mg
1768,Glassås choklad hemlagad,Vitamin E,Söta soppor kräm o efterrättssås,0.1,mg
1768,Glassås choklad hemlagad,Vitamin D inkl 25-OH-D3,Söta soppor kräm o efterrättssås,0.0,µg
1768,Glassås choklad hemlagad,Vitamin D,Söta soppor kräm o efterrättssås,0.0,µg
1768,Glassås choklad hemlagad,Vitamin C,Söta soppor kräm o efterrättssås,0.0,mg
1768,Glassås choklad hemlagad,Vitamin B6,Söta soppor kräm o efterrättssås,0.01,mg
1768,Glassås choklad hemlagad,Vitamin B12,Söta soppor kräm o efterrättssås,0.0,µg
1768,Glassås choklad hemlagad,Vitamin A,Söta soppor kräm o efterrättssås,0.6,RE/µg
1768,Glassås choklad hemlagad,Vatten,Söta soppor kräm o efterrättssås,38.4,g
1768,Glassås choklad hemlagad,Tiamin,Söta soppor kräm o efterrättssås,0.01,mg
1768,Glassås choklad hemlagad,Tillsatt socker,Söta soppor kräm o efterrättssås,43.0,g
1768,Glassås choklad hemlagad,Fritt socker,Söta soppor kräm o efterrättssås,43.0,g
1768,Glassås choklad hemlagad,"Selen, Se",Söta soppor kräm o efterrättssås,0.2,µg
1768,Glassås choklad hemlagad,Sackaros,Söta soppor kräm o efterrättssås,42.9,g
1768,Glassås choklad hemlagad,Riboflavin,Söta soppor kräm o efterrättssås,0.02,mg
1768,Glassås choklad hemlagad,Retinol,Söta soppor kräm o efterrättssås,0.0,µg
1768,Glassås choklad hemlagad,Protein,Söta soppor kräm o efterrättssås,4.5,g
1768,Glassås choklad hemlagad,Summa fleromättade fettsyror,Söta soppor kräm o efterrättssås,0.1,g
1768,Glassås choklad hemlagad,"Fosfor, P",Söta soppor kräm o efterrättssås,126.0,mg
1768,Glassås choklad hemlagad,Niacinekvivalenter,Söta soppor kräm o efterrättssås,1.15,NE/mg
1768,Glassås choklad hemlagad,Niacin,Söta soppor kräm o efterrättssås,0.4,mg
1768,Glassås choklad hemlagad,"Salt, NaCl",Söta soppor kräm o efterrättssås,0.3,g
1768,Glassås choklad hemlagad,"Natrium, Na",Söta soppor kräm o efterrättssås,140.0,mg
1768,Glassås choklad hemlagad,Monosackarider,Söta soppor kräm o efterrättssås,0.0,g
1768,Glassås choklad hemlagad,"Sockerarter, totalt",Söta soppor kräm o efterrättssås,42.9,g
1768,Glassås choklad hemlagad,Summa enkelomättade fettsyror,Söta soppor kräm o efterrättssås,1.4,g
1768,Glassås choklad hemlagad,"Magnesium, Mg",Söta soppor kräm o efterrättssås,99.0,mg
1768,Glassås choklad hemlagad,Summa mättade fettsyror,Söta soppor kräm o efterrättssås,2.4,g
1768,Glassås choklad hemlagad,"Kolhydrater, tillgängliga",Söta soppor kräm o efterrättssås,44.8,g
1768,Glassås choklad hemlagad,Kolesterol,Söta soppor kräm o efterrättssås,0.0,mg
1768,Glassås choklad hemlagad,"Kalium, K",Söta soppor kräm o efterrättssås,433.0,mg
1768,Glassås choklad hemlagad,"Jod, I",Söta soppor kräm o efterrättssås,17.3,µg
1768,Glassås choklad hemlagad,Fullkorn totalt,Söta soppor kräm o efterrättssås,0.0,g
1768,Glassås choklad hemlagad,"Folat, totalt",Söta soppor kräm o efterrättssås,4.3,µg
1768,Glassås choklad hemlagad,Fibrer,Söta soppor kräm o efterrättssås,6.5,g
1768,Glassås choklad hemlagad,"Fett, totalt",Söta soppor kräm o efterrättssås,4.1,g
1768,Glassås choklad hemlagad,"Järn, Fe",Söta soppor kräm o efterrättssås,2.1,mg
1768,Glassås choklad hemlagad,Energi (kJ),Söta soppor kräm o efterrättssås,1041.0,kJ
1768,Glassås choklad hemlagad,Energi (kcal),Söta soppor kräm o efterrättssås,249.0,kcal
1768,Glassås choklad hemlagad,Disackarider,Söta soppor kräm o efterrättssås,42.9,g
1768,Glassås choklad hemlagad,"Kalcium, Ca",Söta soppor kräm o efterrättssås,22.0,mg
1768,Glassås choklad hemlagad,Fettsyra 4:0-10:0,Söta soppor kräm o efterrättssås,0.0,g
1768,Glassås choklad hemlagad,DHA (C22:6),Söta soppor kräm o efterrättssås,0.0,g
1768,Glassås choklad hemlagad,DPA (C22:5),Söta soppor kräm o efterrättssås,0.0,g
1768,Glassås choklad hemlagad,EPA (C20:5),Söta soppor kräm o efterrättssås,0.0,g
1768,Glassås choklad hemlagad,Arakidonsyra C20:4,Söta soppor kräm o efterrättssås,0.0,g
1768,Glassås choklad hemlagad,Arakidinsyra C20:0,Söta soppor kräm o efterrättssås,0.0,g
1768,Glassås choklad hemlagad,Linolensyra C18:3,Söta soppor kräm o efterrättssås,0.0,g
1768,Glassås choklad hemlagad,Linolsyra C18:2,Söta soppor kräm o efterrättssås,0.1,g
1768,Glassås choklad hemlagad,Oljesyra C18:1,Söta soppor kräm o efterrättssås,1.4,g
1768,Glassås choklad hemlagad,Stearinsyra C18:0,Söta soppor kräm o efterrättssås,1.3,g
1768,Glassås choklad hemlagad,Palmitoljesyra C16:1,Söta soppor kräm o efterrättssås,0.0,g
1768,Glassås choklad hemlagad,Palmitinsyra C16:0,Söta soppor kräm o efterrättssås,1.0,g
1768,Glassås choklad hemlagad,Myristinsyra C14:0,Söta soppor kräm o efterrättssås,0.0,g
1768,Glassås choklad hemlagad,Laurinsyra C12:0,Söta soppor kräm o efterrättssås,0.0,g
1768,Glassås choklad hemlagad,Betakaroten/β-Karoten,Söta soppor kräm o efterrättssås,8.0,µg
1768,Glassås choklad hemlagad,Avfall (skal etc.),Söta soppor kräm o efterrättssås,0.0,%
1768,Glassås choklad hemlagad,Aska,Söta soppor kräm o efterrättssås,1.7,g
1768,Glassås choklad hemlagad,Alkohol,Söta soppor kräm o efterrättssås,0.0,g
1769,Glassås kolasås,"Zink, Zn",Söta soppor kräm o efterrättssås,0.3,mg
1769,Glassås kolasås,Vitamin E,Söta soppor kräm o efterrättssås,0.5,mg
1769,Glassås kolasås,Vitamin D,Söta soppor kräm o efterrättssås,0.32,µg
1769,Glassås kolasås,Vitamin C,Söta soppor kräm o efterrättssås,0.4,mg
1769,Glassås kolasås,Vitamin B6,Söta soppor kräm o efterrättssås,0.03,mg
1769,Glassås kolasås,Vitamin B12,Söta soppor kräm o efterrättssås,0.32,µg
1769,Glassås kolasås,Vitamin A,Söta soppor kräm o efterrättssås,163.5,RE/µg
1769,Glassås kolasås,Vatten,Söta soppor kräm o efterrättssås,49.9,g
1769,Glassås kolasås,Tiamin,Söta soppor kräm o efterrättssås,0.03,mg
1769,Glassås kolasås,Tillsatt socker,Söta soppor kräm o efterrättssås,26.0,g
1769,Glassås kolasås,Fritt socker,Söta soppor kräm o efterrättssås,26.0,g
1769,Glassås kolasås,"Selen, Se",Söta soppor kräm o efterrättssås,1.4,µg
1769,Glassås kolasås,Sackaros,Söta soppor kräm o efterrättssås,17.4,g
1769,Glassås kolasås,Riboflavin,Söta soppor kräm o efterrättssås,0.09,mg
1769,Glassås kolasås,Retinol,Söta soppor kräm o efterrättssås,153.5,µg
1769,Glassås kolasås,Protein,Söta soppor kräm o efterrättssås,2.3,g
1769,Glassås kolasås,Summa fleromättade fettsyror,Söta soppor kräm o efterrättssås,0.5,g
1769,Glassås kolasås,"Fosfor, P",Söta soppor kräm o efterrättssås,78.0,mg
1769,Glassås kolasås,Niacinekvivalenter,Söta soppor kräm o efterrättssås,0.61,NE/mg
1769,Glassås kolasås,Niacin,Söta soppor kräm o efterrättssås,0.05,mg
1769,Glassås kolasås,"Salt, NaCl",Söta soppor kräm o efterrättssås,0.3,g
1769,Glassås kolasås,"Natrium, Na",Söta soppor kräm o efterrättssås,125.0,mg
1769,Glassås kolasås,Monosackarider,Söta soppor kräm o efterrättssås,8.2,g
1769,Glassås kolasås,"Sockerarter, totalt",Söta soppor kräm o efterrättssås,28.7,g
1769,Glassås kolasås,Summa enkelomättade fettsyror,Söta soppor kräm o efterrättssås,4.5,g
1769,Glassås kolasås,"Magnesium, Mg",Söta soppor kräm o efterrättssås,8.0,mg
1769,Glassås kolasås,Summa mättade fettsyror,Söta soppor kräm o efterrättssås,11.8,g
1769,Glassås kolasås,"Kolhydrater, tillgängliga",Söta soppor kräm o efterrättssås,28.6,g
1769,Glassås kolasås,Kolesterol,Söta soppor kräm o efterrättssås,54.1,mg
1769,Glassås kolasås,"Kalium, K",Söta soppor kräm o efterrättssås,112.0,mg
1769,Glassås kolasås,"Jod, I",Söta soppor kräm o efterrättssås,11.4,µg
1769,Glassås kolasås,Fullkorn totalt,Söta soppor kräm o efterrättssås,0.0,g
1769,Glassås kolasås,"Folat, totalt",Söta soppor kräm o efterrättssås,6.4,µg
1769,Glassås kolasås,Fibrer,Söta soppor kräm o efterrättssås,0.0,g
1769,Glassås kolasås,"Fett, totalt",Söta soppor kräm o efterrättssås,18.3,g
1769,Glassås kolasås,"Järn, Fe",Söta soppor kräm o efterrättssås,0.1,mg
1769,Glassås kolasås,Energi (kJ),Söta soppor kräm o efterrättssås,1205.0,kJ
1769,Glassås kolasås,Energi (kcal),Söta soppor kräm o efterrättssås,288.0,kcal
1769,Glassås kolasås,Disackarider,Söta soppor kräm o efterrättssås,20.5,g
1769,Glassås kolasås,"Kalcium, Ca",Söta soppor kräm o efterrättssås,82.0,mg
1769,Glassås kolasås,Fettsyra 4:0-10:0,Söta soppor kräm o efterrättssås,1.4,g
1769,Glassås kolasås,DHA (C22:6),Söta soppor kräm o efterrättssås,0.0,g
1769,Glassås kolasås,DPA (C22:5),Söta soppor kräm o efterrättssås,0.0,g
1769,Glassås kolasås,EPA (C20:5),Söta soppor kräm o efterrättssås,0.0,g
1769,Glassås kolasås,Arakidonsyra C20:4,Söta soppor kräm o efterrättssås,0.0,g
1769,Glassås kolasås,Arakidinsyra C20:0,Söta soppor kräm o efterrättssås,0.0,g
1769,Glassås kolasås,Linolensyra C18:3,Söta soppor kräm o efterrättssås,0.1,g
1769,Glassås kolasås,Linolsyra C18:2,Söta soppor kräm o efterrättssås,0.3,g
1769,Glassås kolasås,Oljesyra C18:1,Söta soppor kräm o efterrättssås,3.9,g
1769,Glassås kolasås,Stearinsyra C18:0,Söta soppor kräm o efterrättssås,1.8,g
1769,Glassås kolasås,Palmitoljesyra C16:1,Söta soppor kräm o efterrättssås,0.4,g
1769,Glassås kolasås,Palmitinsyra C16:0,Söta soppor kräm o efterrättssås,5.7,g
1769,Glassås kolasås,Myristinsyra C14:0,Söta soppor kräm o efterrättssås,1.9,g
1769,Glassås kolasås,Laurinsyra C12:0,Söta soppor kräm o efterrättssås,0.6,g
1769,Glassås kolasås,Betakaroten/β-Karoten,Söta soppor kräm o efterrättssås,120.0,µg
1769,Glassås kolasås,Avfall (skal etc.),Söta soppor kräm o efterrättssås,0.0,%
1769,Glassås kolasås,Aska,Söta soppor kräm o efterrättssås,0.8,g
1769,Glassås kolasås,Alkohol,Söta soppor kräm o efterrättssås,0.0,g
1770,Vaniljpudding,"Zink, Zn",Efterrätter,0.3,mg
1770,Vaniljpudding,Vitamin E,Efterrätter,0.2,mg
1770,Vaniljpudding,Vitamin D,Efterrätter,0.75,µg
1770,Vaniljpudding,Vitamin C,Efterrätter,0.7,mg
1770,Vaniljpudding,Vitamin B6,Efterrätter,0.03,mg
1770,Vaniljpudding,Vitamin B12,Efterrätter,0.35,µg
1770,Vaniljpudding,Vitamin A,Efterrätter,76.9,RE/µg
1770,Vaniljpudding,Vatten,Efterrätter,71.4,g
1770,Vaniljpudding,Tiamin,Efterrätter,0.03,mg
1770,Vaniljpudding,Tillsatt socker,Efterrätter,12.0,g
1770,Vaniljpudding,Fritt socker,Efterrätter,12.0,g
1770,Vaniljpudding,"Selen, Se",Efterrätter,1.5,µg
1770,Vaniljpudding,Sackaros,Efterrätter,12.0,g
1770,Vaniljpudding,Riboflavin,Efterrätter,0.11,mg
1770,Vaniljpudding,Retinol,Efterrätter,71.9,µg
1770,Vaniljpudding,Protein,Efterrätter,3.7,g
1770,Vaniljpudding,Summa fleromättade fettsyror,Efterrätter,0.2,g
1770,Vaniljpudding,"Fosfor, P",Efterrätter,113.0,mg
1770,Vaniljpudding,Niacinekvivalenter,Efterrätter,0.92,NE/mg
1770,Vaniljpudding,Niacin,Efterrätter,0.09,mg
1770,Vaniljpudding,"Salt, NaCl",Efterrätter,0.1,g
1770,Vaniljpudding,"Natrium, Na",Efterrätter,30.0,mg
1770,Vaniljpudding,Monosackarider,Efterrätter,0.0,g
1770,Vaniljpudding,"Sockerarter, totalt",Efterrätter,15.9,g
1770,Vaniljpudding,Summa enkelomättade fettsyror,Efterrätter,2.1,g
1770,Vaniljpudding,"Magnesium, Mg",Efterrätter,10.0,mg
1770,Vaniljpudding,Summa mättade fettsyror,Efterrätter,5.4,g
1770,Vaniljpudding,"Kolhydrater, tillgängliga",Efterrätter,15.9,g
1770,Vaniljpudding,Kolesterol,Efterrätter,25.8,mg
1770,Vaniljpudding,"Kalium, K",Efterrätter,136.0,mg
1770,Vaniljpudding,"Jod, I",Efterrätter,18.7,µg
1770,Vaniljpudding,Fullkorn totalt,Efterrätter,0.0,g
1770,Vaniljpudding,"Folat, totalt",Efterrätter,4.1,µg
1770,Vaniljpudding,Fibrer,Efterrätter,0.0,g
1770,Vaniljpudding,"Fett, totalt",Efterrätter,8.4,g
1770,Vaniljpudding,"Järn, Fe",Efterrätter,0.0,mg
1770,Vaniljpudding,Energi (kJ),Efterrätter,644.0,kJ
1770,Vaniljpudding,Energi (kcal),Efterrätter,154.0,kcal
1770,Vaniljpudding,Disackarider,Efterrätter,15.9,g
1770,Vaniljpudding,"Kalcium, Ca",Efterrätter,105.0,mg
1770,Vaniljpudding,Fettsyra 4:0-10:0,Efterrätter,0.6,g
1770,Vaniljpudding,DHA (C22:6),Efterrätter,0.0,g
1770,Vaniljpudding,DPA (C22:5),Efterrätter,0.0,g
1770,Vaniljpudding,EPA (C20:5),Efterrätter,0.0,g
1770,Vaniljpudding,Arakidonsyra C20:4,Efterrätter,0.0,g
1770,Vaniljpudding,Arakidinsyra C20:0,Efterrätter,0.0,g
1770,Vaniljpudding,Linolensyra C18:3,Efterrätter,0.1,g
1770,Vaniljpudding,Linolsyra C18:2,Efterrätter,0.1,g
1770,Vaniljpudding,Oljesyra C18:1,Efterrätter,1.8,g
1770,Vaniljpudding,Stearinsyra C18:0,Efterrätter,0.8,g
1770,Vaniljpudding,Palmitoljesyra C16:1,Efterrätter,0.2,g
1770,Vaniljpudding,Palmitinsyra C16:0,Efterrätter,2.6,g
1770,Vaniljpudding,Myristinsyra C14:0,Efterrätter,0.9,g
1770,Vaniljpudding,Laurinsyra C12:0,Efterrätter,0.3,g
1770,Vaniljpudding,Betakaroten/β-Karoten,Efterrätter,60.0,µg
1770,Vaniljpudding,Avfall (skal etc.),Efterrätter,0.0,%
1770,Vaniljpudding,Aska,Efterrätter,0.7,g
1770,Vaniljpudding,Alkohol,Efterrätter,0.0,g
1771,Vaniljsås m. grädde mjölk,"Zink, Zn",Söta soppor kräm o efterrättssås,0.5,mg
1771,Vaniljsås m. grädde mjölk,Vitamin E,Söta soppor kräm o efterrättssås,1.6,mg
1771,Vaniljsås m. grädde mjölk,Vitamin D,Söta soppor kräm o efterrättssås,0.46,µg
1771,Vaniljsås m. grädde mjölk,Vitamin C,Söta soppor kräm o efterrättssås,0.5,mg
1771,Vaniljsås m. grädde mjölk,Vitamin B6,Söta soppor kräm o efterrättssås,0.04,mg
1771,Vaniljsås m. grädde mjölk,Vitamin B12,Söta soppor kräm o efterrättssås,0.56,µg
1771,Vaniljsås m. grädde mjölk,Vitamin A,Söta soppor kräm o efterrättssås,280.1,RE/µg
1771,Vaniljsås m. grädde mjölk,Vatten,Söta soppor kräm o efterrättssås,57.4,g
1771,Vaniljsås m. grädde mjölk,Tiamin,Söta soppor kräm o efterrättssås,0.04,mg
1771,Vaniljsås m. grädde mjölk,Tillsatt socker,Söta soppor kräm o efterrättssås,6.0,g
1771,Vaniljsås m. grädde mjölk,Fritt socker,Söta soppor kräm o efterrättssås,6.0,g
1771,Vaniljsås m. grädde mjölk,"Selen, Se",Söta soppor kräm o efterrättssås,4.7,µg
1771,Vaniljsås m. grädde mjölk,Sackaros,Söta soppor kräm o efterrättssås,5.7,g
1771,Vaniljsås m. grädde mjölk,Riboflavin,Söta soppor kräm o efterrättssås,0.13,mg
1771,Vaniljsås m. grädde mjölk,Retinol,Söta soppor kräm o efterrättssås,264.4,µg
1771,Vaniljsås m. grädde mjölk,Protein,Söta soppor kräm o efterrättssås,3.4,g
1771,Vaniljsås m. grädde mjölk,Summa fleromättade fettsyror,Söta soppor kräm o efterrättssås,0.9,g
1771,Vaniljsås m. grädde mjölk,"Fosfor, P",Söta soppor kräm o efterrättssås,113.0,mg
1771,Vaniljsås m. grädde mjölk,Niacinekvivalenter,Söta soppor kräm o efterrättssås,0.87,NE/mg
1771,Vaniljsås m. grädde mjölk,Niacin,Söta soppor kräm o efterrättssås,0.06,mg
1771,Vaniljsås m. grädde mjölk,"Salt, NaCl",Söta soppor kräm o efterrättssås,0.1,g
1771,Vaniljsås m. grädde mjölk,"Natrium, Na",Söta soppor kräm o efterrättssås,31.0,mg
1771,Vaniljsås m. grädde mjölk,Monosackarider,Söta soppor kräm o efterrättssås,0.0,g
1771,Vaniljsås m. grädde mjölk,"Sockerarter, totalt",Söta soppor kräm o efterrättssås,9.1,g
1771,Vaniljsås m. grädde mjölk,Summa enkelomättade fettsyror,Söta soppor kräm o efterrättssås,7.2,g
1771,Vaniljsås m. grädde mjölk,"Magnesium, Mg",Söta soppor kräm o efterrättssås,9.0,mg
1771,Vaniljsås m. grädde mjölk,Summa mättade fettsyror,Söta soppor kräm o efterrättssås,17.1,g
1771,Vaniljsås m. grädde mjölk,"Kolhydrater, tillgängliga",Söta soppor kräm o efterrättssås,10.5,g
1771,Vaniljsås m. grädde mjölk,Kolesterol,Söta soppor kräm o efterrättssås,131.6,mg
1771,Vaniljsås m. grädde mjölk,"Kalium, K",Söta soppor kräm o efterrättssås,124.0,mg
1771,Vaniljsås m. grädde mjölk,"Jod, I",Söta soppor kräm o efterrättssås,18.0,µg
1771,Vaniljsås m. grädde mjölk,Fullkorn totalt,Söta soppor kräm o efterrättssås,0.0,g
1771,Vaniljsås m. grädde mjölk,"Folat, totalt",Söta soppor kräm o efterrättssås,21.1,µg
1771,Vaniljsås m. grädde mjölk,Fibrer,Söta soppor kräm o efterrättssås,0.0,g
1771,Vaniljsås m. grädde mjölk,"Fett, totalt",Söta soppor kräm o efterrättssås,27.7,g
1771,Vaniljsås m. grädde mjölk,"Järn, Fe",Söta soppor kräm o efterrättssås,0.2,mg
1771,Vaniljsås m. grädde mjölk,Energi (kJ),Söta soppor kräm o efterrättssås,1263.0,kJ
1771,Vaniljsås m. grädde mjölk,Energi (kcal),Söta soppor kräm o efterrättssås,302.0,kcal
1771,Vaniljsås m. grädde mjölk,Disackarider,Söta soppor kräm o efterrättssås,9.0,g
1771,Vaniljsås m. grädde mjölk,"Kalcium, Ca",Söta soppor kräm o efterrättssås,97.0,mg
1771,Vaniljsås m. grädde mjölk,Fettsyra 4:0-10:0,Söta soppor kräm o efterrättssås,1.9,g
1771,Vaniljsås m. grädde mjölk,DHA (C22:6),Söta soppor kräm o efterrättssås,0.0,g
1771,Vaniljsås m. grädde mjölk,DPA (C22:5),Söta soppor kräm o efterrättssås,0.0,g
1771,Vaniljsås m. grädde mjölk,EPA (C20:5),Söta soppor kräm o efterrättssås,0.0,g
1771,Vaniljsås m. grädde mjölk,Arakidonsyra C20:4,Söta soppor kräm o efterrättssås,0.0,g
1771,Vaniljsås m. grädde mjölk,Arakidinsyra C20:0,Söta soppor kräm o efterrättssås,0.1,g
1771,Vaniljsås m. grädde mjölk,Linolensyra C18:3,Söta soppor kräm o efterrättssås,0.2,g
1771,Vaniljsås m. grädde mjölk,Linolsyra C18:2,Söta soppor kräm o efterrättssås,0.6,g
1771,Vaniljsås m. grädde mjölk,Oljesyra C18:1,Söta soppor kräm o efterrättssås,6.3,g
1771,Vaniljsås m. grädde mjölk,Stearinsyra C18:0,Söta soppor kräm o efterrättssås,2.7,g
1771,Vaniljsås m. grädde mjölk,Palmitoljesyra C16:1,Söta soppor kräm o efterrättssås,0.6,g
1771,Vaniljsås m. grädde mjölk,Palmitinsyra C16:0,Söta soppor kräm o efterrättssås,8.4,g
1771,Vaniljsås m. grädde mjölk,Myristinsyra C14:0,Söta soppor kräm o efterrättssås,2.7,g
1771,Vaniljsås m. grädde mjölk,Laurinsyra C12:0,Söta soppor kräm o efterrättssås,0.8,g
1771,Vaniljsås m. grädde mjölk,Betakaroten/β-Karoten,Söta soppor kräm o efterrättssås,188.0,µg
1771,Vaniljsås m. grädde mjölk,Avfall (skal etc.),Söta soppor kräm o efterrättssås,0.0,%
1771,Vaniljsås m. grädde mjölk,Aska,Söta soppor kräm o efterrättssås,0.7,g
1771,Vaniljsås m. grädde mjölk,Alkohol,Söta soppor kräm o efterrättssås,0.0,g
1773,Ostkaka lätt osötad fett 3%,"Zink, Zn",Efterrätter,1.4,mg
1773,Ostkaka lätt osötad fett 3%,Vitamin E,Efterrätter,0.8,mg
1773,Ostkaka lätt osötad fett 3%,Vitamin D,Efterrätter,0.27,µg
1773,Ostkaka lätt osötad fett 3%,Vitamin C,Efterrätter,0.0,mg
1773,Ostkaka lätt osötad fett 3%,Vitamin B6,Efterrätter,0.07,mg
1773,Ostkaka lätt osötad fett 3%,Vitamin B12,Efterrätter,0.5,µg
1773,Ostkaka lätt osötad fett 3%,Vitamin A,Efterrätter,58.3,RE/µg
1773,Ostkaka lätt osötad fett 3%,Vatten,Efterrätter,74.7,g
1773,Ostkaka lätt osötad fett 3%,Tiamin,Efterrätter,0.1,mg
1773,Ostkaka lätt osötad fett 3%,Tillsatt socker,Efterrätter,4.0,g
1773,Ostkaka lätt osötad fett 3%,Fritt socker,Efterrätter,4.0,g
1773,Ostkaka lätt osötad fett 3%,"Selen, Se",Efterrätter,1.0,µg
1773,Ostkaka lätt osötad fett 3%,Sackaros,Efterrätter,0.0,g
1773,Ostkaka lätt osötad fett 3%,Riboflavin,Efterrätter,0.27,mg
1773,Ostkaka lätt osötad fett 3%,Retinol,Efterrätter,55.0,µg
1773,Ostkaka lätt osötad fett 3%,Protein,Efterrätter,12.0,g
1773,Ostkaka lätt osötad fett 3%,Summa fleromättade fettsyror,Efterrätter,0.1,g
1773,Ostkaka lätt osötad fett 3%,"Fosfor, P",Efterrätter,50.0,mg
1773,Ostkaka lätt osötad fett 3%,Niacinekvivalenter,Efterrätter,3.0,NE/mg
1773,Ostkaka lätt osötad fett 3%,Niacin,Efterrätter,0.2,mg
1773,Ostkaka lätt osötad fett 3%,"Salt, NaCl",Efterrätter,0.1,g
1773,Ostkaka lätt osötad fett 3%,"Natrium, Na",Efterrätter,54.0,mg
1773,Ostkaka lätt osötad fett 3%,Monosackarider,Efterrätter,0.2,g
1773,Ostkaka lätt osötad fett 3%,"Sockerarter, totalt",Efterrätter,5.0,g
1773,Ostkaka lätt osötad fett 3%,Summa enkelomättade fettsyror,Efterrätter,0.8,g
1773,Ostkaka lätt osötad fett 3%,"Magnesium, Mg",Efterrätter,20.0,mg
1773,Ostkaka lätt osötad fett 3%,Summa mättade fettsyror,Efterrätter,1.9,g
1773,Ostkaka lätt osötad fett 3%,"Kolhydrater, tillgängliga",Efterrätter,8.6,g
1773,Ostkaka lätt osötad fett 3%,Kolesterol,Efterrätter,41.0,mg
1773,Ostkaka lätt osötad fett 3%,"Kalium, K",Efterrätter,157.0,mg
1773,Ostkaka lätt osötad fett 3%,"Jod, I",Efterrätter,10.9,µg
1773,Ostkaka lätt osötad fett 3%,Fullkorn totalt,Efterrätter,0.0,g
1773,Ostkaka lätt osötad fett 3%,"Folat, totalt",Efterrätter,12.0,µg
1773,Ostkaka lätt osötad fett 3%,Fibrer,Efterrätter,0.4,g
1773,Ostkaka lätt osötad fett 3%,"Fett, totalt",Efterrätter,3.0,g
1773,Ostkaka lätt osötad fett 3%,"Järn, Fe",Efterrätter,1.0,mg
1773,Ostkaka lätt osötad fett 3%,Energi (kJ),Efterrätter,464.0,kJ
1773,Ostkaka lätt osötad fett 3%,Energi (kcal),Efterrätter,111.0,kcal
1773,Ostkaka lätt osötad fett 3%,Disackarider,Efterrätter,4.9,g
1773,Ostkaka lätt osötad fett 3%,"Kalcium, Ca",Efterrätter,430.0,mg
1773,Ostkaka lätt osötad fett 3%,Fettsyra 4:0-10:0,Efterrätter,0.3,g
1773,Ostkaka lätt osötad fett 3%,DHA (C22:6),Efterrätter,0.0,g
1773,Ostkaka lätt osötad fett 3%,DPA (C22:5),Efterrätter,0.0,g
1773,Ostkaka lätt osötad fett 3%,EPA (C20:5),Efterrätter,0.0,g
1773,Ostkaka lätt osötad fett 3%,Arakidonsyra C20:4,Efterrätter,0.0,g
1773,Ostkaka lätt osötad fett 3%,Arakidinsyra C20:0,Efterrätter,0.0,g
1773,Ostkaka lätt osötad fett 3%,Linolensyra C18:3,Efterrätter,0.0,g
1773,Ostkaka lätt osötad fett 3%,Linolsyra C18:2,Efterrätter,0.1,g
1773,Ostkaka lätt osötad fett 3%,Oljesyra C18:1,Efterrätter,0.7,g
1773,Ostkaka lätt osötad fett 3%,Stearinsyra C18:0,Efterrätter,0.3,g
1773,Ostkaka lätt osötad fett 3%,Palmitoljesyra C16:1,Efterrätter,0.0,g
1773,Ostkaka lätt osötad fett 3%,Palmitinsyra C16:0,Efterrätter,0.9,g
1773,Ostkaka lätt osötad fett 3%,Myristinsyra C14:0,Efterrätter,0.3,g
1773,Ostkaka lätt osötad fett 3%,Laurinsyra C12:0,Efterrätter,0.1,g
1773,Ostkaka lätt osötad fett 3%,Betakaroten/β-Karoten,Efterrätter,40.0,µg
1773,Ostkaka lätt osötad fett 3%,Avfall (skal etc.),Efterrätter,0.0,%
1773,Ostkaka lätt osötad fett 3%,Aska,Efterrätter,1.3,g
1773,Ostkaka lätt osötad fett 3%,Alkohol,Efterrätter,0.0,g
1775,Fromage citron,"Zink, Zn",Efterrätter,0.1,mg
1775,Fromage citron,Vitamin E,Efterrätter,0.3,mg
1775,Fromage citron,Vitamin D,Efterrätter,0.08,µg
1775,Fromage citron,Vitamin C,Efterrätter,0.0,mg
1775,Fromage citron,Vitamin B6,Efterrätter,0.01,mg
1775,Fromage citron,Vitamin B12,Efterrätter,0.1,µg
1775,Fromage citron,Vitamin A,Efterrätter,88.2,RE/µg
1775,Fromage citron,Vatten,Efterrätter,69.9,g
1775,Fromage citron,Tiamin,Efterrätter,0.01,mg
1775,Fromage citron,Tillsatt socker,Efterrätter,13.0,g
1775,Fromage citron,Fritt socker,Efterrätter,13.0,g
1775,Fromage citron,"Selen, Se",Efterrätter,0.6,µg
1775,Fromage citron,Sackaros,Efterrätter,13.0,g
1775,Fromage citron,Riboflavin,Efterrätter,0.04,mg
1775,Fromage citron,Retinol,Efterrätter,85.0,µg
1775,Fromage citron,Protein,Efterrätter,2.4,g
1775,Fromage citron,Summa fleromättade fettsyror,Efterrätter,0.3,g
1775,Fromage citron,"Fosfor, P",Efterrätter,18.0,mg
1775,Fromage citron,Niacinekvivalenter,Efterrätter,0.63,NE/mg
1775,Fromage citron,Niacin,Efterrätter,0.03,mg
1775,Fromage citron,"Salt, NaCl",Efterrätter,0.0,g
1775,Fromage citron,"Natrium, Na",Efterrätter,8.0,mg
1775,Fromage citron,Monosackarider,Efterrätter,0.5,g
1775,Fromage citron,"Sockerarter, totalt",Efterrätter,14.7,g
1775,Fromage citron,Summa enkelomättade fettsyror,Efterrätter,2.8,g
1775,Fromage citron,"Magnesium, Mg",Efterrätter,2.0,mg
1775,Fromage citron,Summa mättade fettsyror,Efterrätter,7.3,g
1775,Fromage citron,"Kolhydrater, tillgängliga",Efterrätter,16.2,g
1775,Fromage citron,Kolesterol,Efterrätter,38.0,mg
1775,Fromage citron,"Kalium, K",Efterrätter,26.0,mg
1775,Fromage citron,"Jod, I",Efterrätter,12.0,µg
1775,Fromage citron,Fullkorn totalt,Efterrätter,0.0,g
1775,Fromage citron,"Folat, totalt",Efterrätter,1.1,µg
1775,Fromage citron,Fibrer,Efterrätter,0.0,g
1775,Fromage citron,"Fett, totalt",Efterrätter,11.0,g
1775,Fromage citron,"Järn, Fe",Efterrätter,0.0,mg
1775,Fromage citron,Energi (kJ),Efterrätter,723.0,kJ
1775,Fromage citron,Energi (kcal),Efterrätter,173.0,kcal
1775,Fromage citron,Disackarider,Efterrätter,14.2,g
1775,Fromage citron,"Kalcium, Ca",Efterrätter,18.0,mg
1775,Fromage citron,Fettsyra 4:0-10:0,Efterrätter,1.1,g
1775,Fromage citron,DHA (C22:6),Efterrätter,0.0,g
1775,Fromage citron,DPA (C22:5),Efterrätter,0.0,g
1775,Fromage citron,EPA (C20:5),Efterrätter,0.0,g
1775,Fromage citron,Arakidonsyra C20:4,Efterrätter,0.0,g
1775,Fromage citron,Arakidinsyra C20:0,Efterrätter,0.1,g
1775,Fromage citron,Linolensyra C18:3,Efterrätter,0.0,g
1775,Fromage citron,Linolsyra C18:2,Efterrätter,0.2,g
1775,Fromage citron,Oljesyra C18:1,Efterrätter,2.4,g
1775,Fromage citron,Stearinsyra C18:0,Efterrätter,1.2,g
1775,Fromage citron,Palmitoljesyra C16:1,Efterrätter,0.2,g
1775,Fromage citron,Palmitinsyra C16:0,Efterrätter,3.2,g
1775,Fromage citron,Myristinsyra C14:0,Efterrätter,1.1,g
1775,Fromage citron,Laurinsyra C12:0,Efterrätter,0.4,g
1775,Fromage citron,Betakaroten/β-Karoten,Efterrätter,39.0,µg
1775,Fromage citron,Avfall (skal etc.),Efterrätter,0.0,%
1775,Fromage citron,Aska,Efterrätter,0.5,g
1775,Fromage citron,Alkohol,Efterrätter,0.0,g
1776,Vaniljsås m. havre fett 11%,"Zink, Zn",Vegetabiliska produkter och mjölkersättning,0.1,mg
1776,Vaniljsås m. havre fett 11%,Vitamin E,Vegetabiliska produkter och mjölkersättning,0.0,mg
1776,Vaniljsås m. havre fett 11%,Vitamin D inkl 25-OH-D3,Vegetabiliska produkter och mjölkersättning,0.0,µg
1776,Vaniljsås m. havre fett 11%,Vitamin D,Vegetabiliska produkter och mjölkersättning,0.0,µg
1776,Vaniljsås m. havre fett 11%,Vitamin C,Vegetabiliska produkter och mjölkersättning,0.0,mg
1776,Vaniljsås m. havre fett 11%,Vitamin B6,Vegetabiliska produkter och mjölkersättning,0.0,mg
1776,Vaniljsås m. havre fett 11%,Vitamin B12,Vegetabiliska produkter och mjölkersättning,0.0,µg
1776,Vaniljsås m. havre fett 11%,Vitamin A,Vegetabiliska produkter och mjölkersättning,0.0,RE/µg
1776,Vaniljsås m. havre fett 11%,Vatten,Vegetabiliska produkter och mjölkersättning,72.6,g
1776,Vaniljsås m. havre fett 11%,Tiamin,Vegetabiliska produkter och mjölkersättning,0.0,mg
1776,Vaniljsås m. havre fett 11%,Tillsatt socker,Vegetabiliska produkter och mjölkersättning,10.0,g
1776,Vaniljsås m. havre fett 11%,Fritt socker,Vegetabiliska produkter och mjölkersättning,10.0,g
1776,Vaniljsås m. havre fett 11%,"Selen, Se",Vegetabiliska produkter och mjölkersättning,0.0,µg
1776,Vaniljsås m. havre fett 11%,Sackaros,Vegetabiliska produkter och mjölkersättning,9.7,g
1776,Vaniljsås m. havre fett 11%,Riboflavin,Vegetabiliska produkter och mjölkersättning,0.0,mg
1776,Vaniljsås m. havre fett 11%,Retinol,Vegetabiliska produkter och mjölkersättning,0.0,µg
1776,Vaniljsås m. havre fett 11%,Protein,Vegetabiliska produkter och mjölkersättning,0.6,g
1776,Vaniljsås m. havre fett 11%,Summa fleromättade fettsyror,Vegetabiliska produkter och mjölkersättning,1.2,g
1776,Vaniljsås m. havre fett 11%,"Fosfor, P",Vegetabiliska produkter och mjölkersättning,16.0,mg
1776,Vaniljsås m. havre fett 11%,Niacinekvivalenter,Vegetabiliska produkter och mjölkersättning,0.2,NE/mg
1776,Vaniljsås m. havre fett 11%,Niacin,Vegetabiliska produkter och mjölkersättning,0.08,mg
1776,Vaniljsås m. havre fett 11%,"Salt, NaCl",Vegetabiliska produkter och mjölkersättning,0.2,g
1776,Vaniljsås m. havre fett 11%,"Natrium, Na",Vegetabiliska produkter och mjölkersättning,64.0,mg
1776,Vaniljsås m. havre fett 11%,Monosackarider,Vegetabiliska produkter och mjölkersättning,0.0,g
1776,Vaniljsås m. havre fett 11%,"Sockerarter, totalt",Vegetabiliska produkter och mjölkersättning,9.7,g
1776,Vaniljsås m. havre fett 11%,Summa enkelomättade fettsyror,Vegetabiliska produkter och mjölkersättning,2.9,g
1776,Vaniljsås m. havre fett 11%,"Magnesium, Mg",Vegetabiliska produkter och mjölkersättning,0.0,mg
1776,Vaniljsås m. havre fett 11%,Summa mättade fettsyror,Vegetabiliska produkter och mjölkersättning,5.0,g
1776,Vaniljsås m. havre fett 11%,"Kolhydrater, tillgängliga",Vegetabiliska produkter och mjölkersättning,16.1,g
1776,Vaniljsås m. havre fett 11%,Kolesterol,Vegetabiliska produkter och mjölkersättning,0.0,mg
1776,Vaniljsås m. havre fett 11%,"Kalium, K",Vegetabiliska produkter och mjölkersättning,30.0,mg
1776,Vaniljsås m. havre fett 11%,"Jod, I",Vegetabiliska produkter och mjölkersättning,0.0,µg
1776,Vaniljsås m. havre fett 11%,Fullkorn totalt,Vegetabiliska produkter och mjölkersättning,0.0,g
1776,Vaniljsås m. havre fett 11%,"Folat, totalt",Vegetabiliska produkter och mjölkersättning,0.0,µg
1776,Vaniljsås m. havre fett 11%,Fibrer,Vegetabiliska produkter och mjölkersättning,0.9,g
1776,Vaniljsås m. havre fett 11%,"Fett, totalt",Vegetabiliska produkter och mjölkersättning,9.6,g
1776,Vaniljsås m. havre fett 11%,"Järn, Fe",Vegetabiliska produkter och mjölkersättning,0.0,mg
1776,Vaniljsås m. havre fett 11%,Energi (kJ),Vegetabiliska produkter och mjölkersättning,646.0,kJ
1776,Vaniljsås m. havre fett 11%,Energi (kcal),Vegetabiliska produkter och mjölkersättning,154.0,kcal
1776,Vaniljsås m. havre fett 11%,Disackarider,Vegetabiliska produkter och mjölkersättning,9.7,g
1776,Vaniljsås m. havre fett 11%,"Kalcium, Ca",Vegetabiliska produkter och mjölkersättning,0.0,mg
1776,Vaniljsås m. havre fett 11%,Fettsyra 4:0-10:0,Vegetabiliska produkter och mjölkersättning,0.3,g
1776,Vaniljsås m. havre fett 11%,DHA (C22:6),Vegetabiliska produkter och mjölkersättning,0.0,g
1776,Vaniljsås m. havre fett 11%,DPA (C22:5),Vegetabiliska produkter och mjölkersättning,0.0,g
1776,Vaniljsås m. havre fett 11%,EPA (C20:5),Vegetabiliska produkter och mjölkersättning,0.0,g
1776,Vaniljsås m. havre fett 11%,Arakidonsyra C20:4,Vegetabiliska produkter och mjölkersättning,0.0,g
1776,Vaniljsås m. havre fett 11%,Arakidinsyra C20:0,Vegetabiliska produkter och mjölkersättning,0.0,g
1776,Vaniljsås m. havre fett 11%,Linolensyra C18:3,Vegetabiliska produkter och mjölkersättning,0.3,g
1776,Vaniljsås m. havre fett 11%,Linolsyra C18:2,Vegetabiliska produkter och mjölkersättning,0.9,g
1776,Vaniljsås m. havre fett 11%,Oljesyra C18:1,Vegetabiliska produkter och mjölkersättning,2.9,g
1776,Vaniljsås m. havre fett 11%,Stearinsyra C18:0,Vegetabiliska produkter och mjölkersättning,2.0,g
1776,Vaniljsås m. havre fett 11%,Palmitoljesyra C16:1,Vegetabiliska produkter och mjölkersättning,0.0,g
1776,Vaniljsås m. havre fett 11%,Palmitinsyra C16:0,Vegetabiliska produkter och mjölkersättning,1.0,g
1776,Vaniljsås m. havre fett 11%,Myristinsyra C14:0,Vegetabiliska produkter och mjölkersättning,0.5,g
1776,Vaniljsås m. havre fett 11%,Laurinsyra C12:0,Vegetabiliska produkter och mjölkersättning,1.2,g
1776,Vaniljsås m. havre fett 11%,Betakaroten/β-Karoten,Vegetabiliska produkter och mjölkersättning,0.0,µg
1776,Vaniljsås m. havre fett 11%,Avfall (skal etc.),Vegetabiliska produkter och mjölkersättning,0.0,%
1776,Vaniljsås m. havre fett 11%,Aska,Vegetabiliska produkter och mjölkersättning,0.2,g
1776,Vaniljsås m. havre fett 11%,Alkohol,Vegetabiliska produkter och mjölkersättning,0.0,g
1777,Vaniljsås tillagad pulver m. mjölk,"Zink, Zn",Söta soppor kräm o efterrättssås,0.5,mg
1777,Vaniljsås tillagad pulver m. mjölk,Vitamin E,Söta soppor kräm o efterrättssås,0.1,mg
1777,Vaniljsås tillagad pulver m. mjölk,Vitamin D inkl 25-OH-D3,Söta soppor kräm o efterrättssås,0.0,µg
1777,Vaniljsås tillagad pulver m. mjölk,Vitamin D,Söta soppor kräm o efterrättssås,0.0,µg
1777,Vaniljsås tillagad pulver m. mjölk,Vitamin C,Söta soppor kräm o efterrättssås,0.0,mg
1777,Vaniljsås tillagad pulver m. mjölk,Vitamin B6,Söta soppor kräm o efterrättssås,0.05,mg
1777,Vaniljsås tillagad pulver m. mjölk,Vitamin B12,Söta soppor kräm o efterrättssås,0.3,µg
1777,Vaniljsås tillagad pulver m. mjölk,Vitamin A,Söta soppor kräm o efterrättssås,31.0,RE/µg
1777,Vaniljsås tillagad pulver m. mjölk,Vatten,Söta soppor kräm o efterrättssås,76.9,g
1777,Vaniljsås tillagad pulver m. mjölk,Tiamin,Söta soppor kräm o efterrättssås,0.04,mg
1777,Vaniljsås tillagad pulver m. mjölk,Tillsatt socker,Söta soppor kräm o efterrättssås,7.0,g
1777,Vaniljsås tillagad pulver m. mjölk,Fritt socker,Söta soppor kräm o efterrättssås,7.0,g
1777,Vaniljsås tillagad pulver m. mjölk,"Selen, Se",Söta soppor kräm o efterrättssås,1.8,µg
1777,Vaniljsås tillagad pulver m. mjölk,Sackaros,Söta soppor kräm o efterrättssås,7.3,g
1777,Vaniljsås tillagad pulver m. mjölk,Riboflavin,Söta soppor kräm o efterrättssås,0.57,mg
1777,Vaniljsås tillagad pulver m. mjölk,Retinol,Söta soppor kräm o efterrättssås,29.4,µg
1777,Vaniljsås tillagad pulver m. mjölk,Protein,Söta soppor kräm o efterrättssås,3.1,g
1777,Vaniljsås tillagad pulver m. mjölk,Summa fleromättade fettsyror,Söta soppor kräm o efterrättssås,0.1,g
1777,Vaniljsås tillagad pulver m. mjölk,"Fosfor, P",Söta soppor kräm o efterrättssås,83.0,mg
1777,Vaniljsås tillagad pulver m. mjölk,Niacinekvivalenter,Söta soppor kräm o efterrättssås,0.82,NE/mg
1777,Vaniljsås tillagad pulver m. mjölk,Niacin,Söta soppor kräm o efterrättssås,0.1,mg
1777,Vaniljsås tillagad pulver m. mjölk,"Salt, NaCl",Söta soppor kräm o efterrättssås,0.2,g
1777,Vaniljsås tillagad pulver m. mjölk,"Natrium, Na",Söta soppor kräm o efterrättssås,63.0,mg
1777,Vaniljsås tillagad pulver m. mjölk,Monosackarider,Söta soppor kräm o efterrättssås,0.0,g
1777,Vaniljsås tillagad pulver m. mjölk,"Sockerarter, totalt",Söta soppor kräm o efterrättssås,11.9,g
1777,Vaniljsås tillagad pulver m. mjölk,Summa enkelomättade fettsyror,Söta soppor kräm o efterrättssås,0.9,g
1777,Vaniljsås tillagad pulver m. mjölk,"Magnesium, Mg",Söta soppor kräm o efterrättssås,12.0,mg
1777,Vaniljsås tillagad pulver m. mjölk,Summa mättade fettsyror,Söta soppor kräm o efterrättssås,2.0,g
1777,Vaniljsås tillagad pulver m. mjölk,"Kolhydrater, tillgängliga",Söta soppor kräm o efterrättssås,16.1,g
1777,Vaniljsås tillagad pulver m. mjölk,Kolesterol,Söta soppor kräm o efterrättssås,16.0,mg
1777,Vaniljsås tillagad pulver m. mjölk,"Kalium, K",Söta soppor kräm o efterrättssås,150.0,mg
1777,Vaniljsås tillagad pulver m. mjölk,"Jod, I",Söta soppor kräm o efterrättssås,10.2,µg
1777,Vaniljsås tillagad pulver m. mjölk,Fullkorn totalt,Söta soppor kräm o efterrättssås,0.0,g
1777,Vaniljsås tillagad pulver m. mjölk,"Folat, totalt",Söta soppor kräm o efterrättssås,15.9,µg
1777,Vaniljsås tillagad pulver m. mjölk,Fibrer,Söta soppor kräm o efterrättssås,0.0,g
1777,Vaniljsås tillagad pulver m. mjölk,"Fett, totalt",Söta soppor kräm o efterrättssås,3.2,g
1777,Vaniljsås tillagad pulver m. mjölk,"Järn, Fe",Söta soppor kräm o efterrättssås,0.1,mg
1777,Vaniljsås tillagad pulver m. mjölk,Energi (kJ),Söta soppor kräm o efterrättssås,445.0,kJ
1777,Vaniljsås tillagad pulver m. mjölk,Energi (kcal),Söta soppor kräm o efterrättssås,106.0,kcal
1777,Vaniljsås tillagad pulver m. mjölk,Disackarider,Söta soppor kräm o efterrättssås,11.9,g
1777,Vaniljsås tillagad pulver m. mjölk,"Kalcium, Ca",Söta soppor kräm o efterrättssås,88.0,mg
1777,Vaniljsås tillagad pulver m. mjölk,Fettsyra 4:0-10:0,Söta soppor kräm o efterrättssås,0.3,g
1777,Vaniljsås tillagad pulver m. mjölk,DHA (C22:6),Söta soppor kräm o efterrättssås,0.0,g
1777,Vaniljsås tillagad pulver m. mjölk,DPA (C22:5),Söta soppor kräm o efterrättssås,0.0,g
1777,Vaniljsås tillagad pulver m. mjölk,EPA (C20:5),Söta soppor kräm o efterrättssås,0.0,g
1777,Vaniljsås tillagad pulver m. mjölk,Arakidonsyra C20:4,Söta soppor kräm o efterrättssås,0.0,g
1777,Vaniljsås tillagad pulver m. mjölk,Arakidinsyra C20:0,Söta soppor kräm o efterrättssås,0.0,g
1777,Vaniljsås tillagad pulver m. mjölk,Linolensyra C18:3,Söta soppor kräm o efterrättssås,0.0,g
1777,Vaniljsås tillagad pulver m. mjölk,Linolsyra C18:2,Söta soppor kräm o efterrättssås,0.1,g
1777,Vaniljsås tillagad pulver m. mjölk,Oljesyra C18:1,Söta soppor kräm o efterrättssås,0.8,g
1777,Vaniljsås tillagad pulver m. mjölk,Stearinsyra C18:0,Söta soppor kräm o efterrättssås,0.4,g
1777,Vaniljsås tillagad pulver m. mjölk,Palmitoljesyra C16:1,Söta soppor kräm o efterrättssås,0.0,g
1777,Vaniljsås tillagad pulver m. mjölk,Palmitinsyra C16:0,Söta soppor kräm o efterrättssås,0.8,g
1777,Vaniljsås tillagad pulver m. mjölk,Myristinsyra C14:0,Söta soppor kräm o efterrättssås,0.3,g
1777,Vaniljsås tillagad pulver m. mjölk,Laurinsyra C12:0,Söta soppor kräm o efterrättssås,0.2,g
1777,Vaniljsås tillagad pulver m. mjölk,Betakaroten/β-Karoten,Söta soppor kräm o efterrättssås,19.0,µg
1777,Vaniljsås tillagad pulver m. mjölk,Avfall (skal etc.),Söta soppor kräm o efterrättssås,0.0,%
1777,Vaniljsås tillagad pulver m. mjölk,Aska,Söta soppor kräm o efterrättssås,0.7,g
1777,Vaniljsås tillagad pulver m. mjölk,Alkohol,Söta soppor kräm o efterrättssås,0.0,g
1778,Glassås choklad,"Zink, Zn",Söta soppor kräm o efterrättssås,0.7,mg
1778,Glassås choklad,Vitamin E,Söta soppor kräm o efterrättssås,1.3,mg
1778,Glassås choklad,Vitamin D,Söta soppor kräm o efterrättssås,0.1,µg
1778,Glassås choklad,Vitamin C,Söta soppor kräm o efterrättssås,0.0,mg
1778,Glassås choklad,Vitamin B6,Söta soppor kräm o efterrättssås,0.01,mg
1778,Glassås choklad,Vitamin B12,Söta soppor kräm o efterrättssås,0.0,µg
1778,Glassås choklad,Vitamin A,Söta soppor kräm o efterrättssås,0.6,RE/µg
1778,Glassås choklad,Vatten,Söta soppor kräm o efterrättssås,16.8,g
1778,Glassås choklad,Tiamin,Söta soppor kräm o efterrättssås,0.01,mg
1778,Glassås choklad,Tillsatt socker,Söta soppor kräm o efterrättssås,55.0,g
1778,Glassås choklad,Fritt socker,Söta soppor kräm o efterrättssås,55.0,g
1778,Glassås choklad,"Selen, Se",Söta soppor kräm o efterrättssås,2.1,µg
1778,Glassås choklad,Sackaros,Söta soppor kräm o efterrättssås,26.0,g
1778,Glassås choklad,Riboflavin,Söta soppor kräm o efterrättssås,0.08,mg
1778,Glassås choklad,Retinol,Söta soppor kräm o efterrättssås,0.0,µg
1778,Glassås choklad,Protein,Söta soppor kräm o efterrättssås,3.1,g
1778,Glassås choklad,Summa fleromättade fettsyror,Söta soppor kräm o efterrättssås,0.2,g
1778,Glassås choklad,"Fosfor, P",Söta soppor kräm o efterrättssås,91.0,mg
1778,Glassås choklad,Niacinekvivalenter,Söta soppor kräm o efterrättssås,0.8,NE/mg
1778,Glassås choklad,Niacin,Söta soppor kräm o efterrättssås,0.24,mg
1778,Glassås choklad,"Salt, NaCl",Söta soppor kräm o efterrättssås,0.3,g
1778,Glassås choklad,"Natrium, Na",Söta soppor kräm o efterrättssås,102.0,mg
1778,Glassås choklad,Monosackarider,Söta soppor kräm o efterrättssås,17.9,g
1778,Glassås choklad,"Sockerarter, totalt",Söta soppor kräm o efterrättssås,55.1,g
1778,Glassås choklad,Summa enkelomättade fettsyror,Söta soppor kräm o efterrättssås,2.7,g
1778,Glassås choklad,"Magnesium, Mg",Söta soppor kräm o efterrättssås,41.0,mg
1778,Glassås choklad,Summa mättade fettsyror,Söta soppor kräm o efterrättssås,2.4,g
1778,Glassås choklad,"Kolhydrater, tillgängliga",Söta soppor kräm o efterrättssås,69.5,g
1778,Glassås choklad,Kolesterol,Söta soppor kräm o efterrättssås,2.0,mg
1778,Glassås choklad,"Kalium, K",Söta soppor kräm o efterrättssås,307.0,mg
1778,Glassås choklad,"Jod, I",Söta soppor kräm o efterrättssås,5.0,µg
1778,Glassås choklad,Fullkorn totalt,Söta soppor kräm o efterrättssås,0.0,g
1778,Glassås choklad,"Folat, totalt",Söta soppor kräm o efterrättssås,13.3,µg
1778,Glassås choklad,Fibrer,Söta soppor kräm o efterrättssås,3.9,g
1778,Glassås choklad,"Fett, totalt",Söta soppor kräm o efterrättssås,5.5,g
1778,Glassås choklad,"Järn, Fe",Söta soppor kräm o efterrättssås,2.8,mg
1778,Glassås choklad,Energi (kJ),Söta soppor kräm o efterrättssås,1471.0,kJ
1778,Glassås choklad,Energi (kcal),Söta soppor kräm o efterrättssås,352.0,kcal
1778,Glassås choklad,Disackarider,Söta soppor kräm o efterrättssås,37.2,g
1778,Glassås choklad,"Kalcium, Ca",Söta soppor kräm o efterrättssås,50.0,mg
1778,Glassås choklad,Fettsyra 4:0-10:0,Söta soppor kräm o efterrättssås,0.0,g
1778,Glassås choklad,DHA (C22:6),Söta soppor kräm o efterrättssås,0.0,g
1778,Glassås choklad,DPA (C22:5),Söta soppor kräm o efterrättssås,0.0,g
1778,Glassås choklad,EPA (C20:5),Söta soppor kräm o efterrättssås,0.0,g
1778,Glassås choklad,Arakidonsyra C20:4,Söta soppor kräm o efterrättssås,0.0,g
1778,Glassås choklad,Arakidinsyra C20:0,Söta soppor kräm o efterrättssås,0.0,g
1778,Glassås choklad,Linolensyra C18:3,Söta soppor kräm o efterrättssås,0.0,g
1778,Glassås choklad,Linolsyra C18:2,Söta soppor kräm o efterrättssås,0.2,g
1778,Glassås choklad,Oljesyra C18:1,Söta soppor kräm o efterrättssås,2.7,g
1778,Glassås choklad,Stearinsyra C18:0,Söta soppor kräm o efterrättssås,0.4,g
1778,Glassås choklad,Palmitoljesyra C16:1,Söta soppor kräm o efterrättssås,0.0,g
1778,Glassås choklad,Palmitinsyra C16:0,Söta soppor kräm o efterrättssås,1.8,g
1778,Glassås choklad,Myristinsyra C14:0,Söta soppor kräm o efterrättssås,0.0,g
1778,Glassås choklad,Laurinsyra C12:0,Söta soppor kräm o efterrättssås,0.0,g
1778,Glassås choklad,Betakaroten/β-Karoten,Söta soppor kräm o efterrättssås,0.0,µg
1778,Glassås choklad,Avfall (skal etc.),Söta soppor kräm o efterrättssås,0.0,%
1778,Glassås choklad,Aska,Söta soppor kräm o efterrättssås,1.1,g
1778,Glassås choklad,Alkohol,Söta soppor kräm o efterrättssås,0.0,g
1779,Glassås frukt,"Zink, Zn",Söta soppor kräm o efterrättssås,0.0,mg
1779,Glassås frukt,Vitamin E,Söta soppor kräm o efterrättssås,0.0,mg
1779,Glassås frukt,Vitamin D inkl 25-OH-D3,Söta soppor kräm o efterrättssås,0.0,µg
1779,Glassås frukt,Vitamin D,Söta soppor kräm o efterrättssås,0.0,µg
1779,Glassås frukt,Vitamin C,Söta soppor kräm o efterrättssås,0.1,mg
1779,Glassås frukt,Vitamin B6,Söta soppor kräm o efterrättssås,0.0,mg
1779,Glassås frukt,Vitamin B12,Söta soppor kräm o efterrättssås,0.0,µg
1779,Glassås frukt,Vitamin A,Söta soppor kräm o efterrättssås,0.0,RE/µg
1779,Glassås frukt,Vatten,Söta soppor kräm o efterrättssås,21.8,g
1779,Glassås frukt,Tiamin,Söta soppor kräm o efterrättssås,0.01,mg
1779,Glassås frukt,Tillsatt socker,Söta soppor kräm o efterrättssås,54.0,g
1779,Glassås frukt,Fritt socker,Söta soppor kräm o efterrättssås,54.0,g
1779,Glassås frukt,"Selen, Se",Söta soppor kräm o efterrättssås,0.0,µg
1779,Glassås frukt,Sackaros,Söta soppor kräm o efterrättssås,17.9,g
1779,Glassås frukt,Riboflavin,Söta soppor kräm o efterrättssås,0.0,mg
1779,Glassås frukt,Retinol,Söta soppor kräm o efterrättssås,0.0,µg
1779,Glassås frukt,Protein,Söta soppor kräm o efterrättssås,0.1,g
1779,Glassås frukt,Summa fleromättade fettsyror,Söta soppor kräm o efterrättssås,0.0,g
1779,Glassås frukt,"Fosfor, P",Söta soppor kräm o efterrättssås,6.0,mg
1779,Glassås frukt,Niacinekvivalenter,Söta soppor kräm o efterrättssås,0.0,NE/mg
1779,Glassås frukt,Niacin,Söta soppor kräm o efterrättssås,0.03,mg
1779,Glassås frukt,"Salt, NaCl",Söta soppor kräm o efterrättssås,0.3,g
1779,Glassås frukt,"Natrium, Na",Söta soppor kräm o efterrättssås,107.0,mg
1779,Glassås frukt,Monosackarider,Söta soppor kräm o efterrättssås,25.6,g
1779,Glassås frukt,"Sockerarter, totalt",Söta soppor kräm o efterrättssås,54.2,g
1779,Glassås frukt,Summa enkelomättade fettsyror,Söta soppor kräm o efterrättssås,0.0,g
1779,Glassås frukt,"Magnesium, Mg",Söta soppor kräm o efterrättssås,1.0,mg
1779,Glassås frukt,Summa mättade fettsyror,Söta soppor kräm o efterrättssås,0.0,g
1779,Glassås frukt,"Kolhydrater, tillgängliga",Söta soppor kräm o efterrättssås,77.8,g
1779,Glassås frukt,Kolesterol,Söta soppor kräm o efterrättssås,0.0,mg
1779,Glassås frukt,"Kalium, K",Söta soppor kräm o efterrättssås,31.0,mg
1779,Glassås frukt,"Jod, I",Söta soppor kräm o efterrättssås,1.0,µg
1779,Glassås frukt,Fullkorn totalt,Söta soppor kräm o efterrättssås,0.0,g
1779,Glassås frukt,"Folat, totalt",Söta soppor kräm o efterrättssås,8.8,µg
1779,Glassås frukt,Fibrer,Söta soppor kräm o efterrättssås,0.0,g
1779,Glassås frukt,"Fett, totalt",Söta soppor kräm o efterrättssås,0.0,g
1779,Glassås frukt,"Järn, Fe",Söta soppor kräm o efterrättssås,0.1,mg
1779,Glassås frukt,Energi (kJ),Söta soppor kräm o efterrättssås,1324.0,kJ
1779,Glassås frukt,Energi (kcal),Söta soppor kräm o efterrättssås,316.0,kcal
1779,Glassås frukt,Disackarider,Söta soppor kräm o efterrättssås,28.6,g
1779,Glassås frukt,"Kalcium, Ca",Söta soppor kräm o efterrättssås,3.0,mg
1779,Glassås frukt,Fettsyra 4:0-10:0,Söta soppor kräm o efterrättssås,0.0,g
1779,Glassås frukt,DHA (C22:6),Söta soppor kräm o efterrättssås,0.0,g
1779,Glassås frukt,DPA (C22:5),Söta soppor kräm o efterrättssås,0.0,g
1779,Glassås frukt,EPA (C20:5),Söta soppor kräm o efterrättssås,0.0,g
1779,Glassås frukt,Arakidonsyra C20:4,Söta soppor kräm o efterrättssås,0.0,g
1779,Glassås frukt,Arakidinsyra C20:0,Söta soppor kräm o efterrättssås,0.0,g
1779,Glassås frukt,Linolensyra C18:3,Söta soppor kräm o efterrättssås,0.0,g
1779,Glassås frukt,Linolsyra C18:2,Söta soppor kräm o efterrättssås,0.0,g
1779,Glassås frukt,Oljesyra C18:1,Söta soppor kräm o efterrättssås,0.0,g
1779,Glassås frukt,Stearinsyra C18:0,Söta soppor kräm o efterrättssås,0.0,g
1779,Glassås frukt,Palmitoljesyra C16:1,Söta soppor kräm o efterrättssås,0.0,g
1779,Glassås frukt,Palmitinsyra C16:0,Söta soppor kräm o efterrättssås,0.0,g
1779,Glassås frukt,Myristinsyra C14:0,Söta soppor kräm o efterrättssås,0.0,g
1779,Glassås frukt,Laurinsyra C12:0,Söta soppor kräm o efterrättssås,0.0,g
1779,Glassås frukt,Betakaroten/β-Karoten,Söta soppor kräm o efterrättssås,0.0,µg
1779,Glassås frukt,Avfall (skal etc.),Söta soppor kräm o efterrättssås,0.0,%
1779,Glassås frukt,Aska,Söta soppor kräm o efterrättssås,0.3,g
1779,Glassås frukt,Alkohol,Söta soppor kräm o efterrättssås,0.0,g
1781,Rabarberpaj,"Zink, Zn",Efterrätter,0.3,mg
1781,Rabarberpaj,Vitamin E,Efterrätter,1.8,mg
1781,Rabarberpaj,Vitamin D,Efterrätter,1.07,µg
1781,Rabarberpaj,Vitamin C,Efterrätter,4.1,mg
1781,Rabarberpaj,Vitamin B6,Efterrätter,0.03,mg
1781,Rabarberpaj,Vitamin B12,Efterrätter,0.04,µg
1781,Rabarberpaj,Vitamin A,Efterrätter,125.1,RE/µg
1781,Rabarberpaj,Vatten,Efterrätter,46.0,g
1781,Rabarberpaj,Tiamin,Efterrätter,0.04,mg
1781,Rabarberpaj,Tillsatt socker,Efterrätter,16.0,g
1781,Rabarberpaj,Fritt socker,Efterrätter,16.0,g
1781,Rabarberpaj,"Selen, Se",Efterrätter,3.0,µg
1781,Rabarberpaj,Sackaros,Efterrätter,16.3,g
1781,Rabarberpaj,Riboflavin,Efterrätter,0.02,mg
1781,Rabarberpaj,Retinol,Efterrätter,116.0,µg
1781,Rabarberpaj,Protein,Efterrätter,2.6,g
1781,Rabarberpaj,Summa fleromättade fettsyror,Efterrätter,2.3,g
1781,Rabarberpaj,"Fosfor, P",Efterrätter,47.0,mg
1781,Rabarberpaj,Niacinekvivalenter,Efterrätter,0.8,NE/mg
1781,Rabarberpaj,Niacin,Efterrätter,0.32,mg
1781,Rabarberpaj,"Salt, NaCl",Efterrätter,0.2,g
1781,Rabarberpaj,"Natrium, Na",Efterrätter,91.0,mg
1781,Rabarberpaj,Monosackarider,Efterrätter,0.5,g
1781,Rabarberpaj,"Sockerarter, totalt",Efterrätter,17.2,g
1781,Rabarberpaj,Summa enkelomättade fettsyror,Efterrätter,4.6,g
1781,Rabarberpaj,"Magnesium, Mg",Efterrätter,11.0,mg
1781,Rabarberpaj,Summa mättade fettsyror,Efterrätter,5.8,g
1781,Rabarberpaj,"Kolhydrater, tillgängliga",Efterrätter,34.6,g
1781,Rabarberpaj,Kolesterol,Efterrätter,17.8,mg
1781,Rabarberpaj,"Kalium, K",Efterrätter,145.0,mg
1781,Rabarberpaj,"Jod, I",Efterrätter,1.9,µg
1781,Rabarberpaj,Fullkorn totalt,Efterrätter,1.0,g
1781,Rabarberpaj,"Folat, totalt",Efterrätter,33.2,µg
1781,Rabarberpaj,Fibrer,Efterrätter,2.9,g
1781,Rabarberpaj,"Fett, totalt",Efterrätter,13.3,g
1781,Rabarberpaj,"Järn, Fe",Efterrätter,0.4,mg
1781,Rabarberpaj,Energi (kJ),Efterrätter,1148.0,kJ
1781,Rabarberpaj,Energi (kcal),Efterrätter,274.0,kcal
1781,Rabarberpaj,Disackarider,Efterrätter,16.7,g
1781,Rabarberpaj,"Kalcium, Ca",Efterrätter,13.0,mg
1781,Rabarberpaj,Fettsyra 4:0-10:0,Efterrätter,0.3,g
1781,Rabarberpaj,DHA (C22:6),Efterrätter,0.0,g
1781,Rabarberpaj,DPA (C22:5),Efterrätter,0.0,g
1781,Rabarberpaj,EPA (C20:5),Efterrätter,0.0,g
1781,Rabarberpaj,Arakidonsyra C20:4,Efterrätter,0.0,g
1781,Rabarberpaj,Arakidinsyra C20:0,Efterrätter,0.0,g
1781,Rabarberpaj,Linolensyra C18:3,Efterrätter,0.5,g
1781,Rabarberpaj,Linolsyra C18:2,Efterrätter,1.5,g
1781,Rabarberpaj,Oljesyra C18:1,Efterrätter,4.8,g
1781,Rabarberpaj,Stearinsyra C18:0,Efterrätter,0.7,g
1781,Rabarberpaj,Palmitoljesyra C16:1,Efterrätter,0.1,g
1781,Rabarberpaj,Palmitinsyra C16:0,Efterrätter,3.7,g
1781,Rabarberpaj,Myristinsyra C14:0,Efterrätter,0.5,g
1781,Rabarberpaj,Laurinsyra C12:0,Efterrätter,0.3,g
1781,Rabarberpaj,Betakaroten/β-Karoten,Efterrätter,108.0,µg
1781,Rabarberpaj,Avfall (skal etc.),Efterrätter,0.0,%
1781,Rabarberpaj,Aska,Efterrätter,0.7,g
1781,Rabarberpaj,Alkohol,Efterrätter,0.0,g
1782,Äppelpaj m. lock,"Zink, Zn",Efterrätter,0.2,mg
1782,Äppelpaj m. lock,Vitamin E,Efterrätter,2.2,mg
1782,Äppelpaj m. lock,Vitamin D,Efterrätter,1.27,µg
1782,Äppelpaj m. lock,Vitamin C,Efterrätter,4.3,mg
1782,Äppelpaj m. lock,Vitamin B6,Efterrätter,0.04,mg
1782,Äppelpaj m. lock,Vitamin B12,Efterrätter,0.06,µg
1782,Äppelpaj m. lock,Vitamin A,Efterrätter,148.6,RE/µg
1782,Äppelpaj m. lock,Vatten,Efterrätter,46.3,g
1782,Äppelpaj m. lock,Tiamin,Efterrätter,0.04,mg
1782,Äppelpaj m. lock,Tillsatt socker,Efterrätter,7.0,g
1782,Äppelpaj m. lock,Fritt socker,Efterrätter,7.0,g
1782,Äppelpaj m. lock,"Selen, Se",Efterrätter,3.8,µg
1782,Äppelpaj m. lock,Sackaros,Efterrätter,8.8,g
1782,Äppelpaj m. lock,Riboflavin,Efterrätter,0.03,mg
1782,Äppelpaj m. lock,Retinol,Efterrätter,140.5,µg
1782,Äppelpaj m. lock,Protein,Efterrätter,3.0,g
1782,Äppelpaj m. lock,Summa fleromättade fettsyror,Efterrätter,2.7,g
1782,Äppelpaj m. lock,"Fosfor, P",Efterrätter,43.0,mg
1782,Äppelpaj m. lock,Niacinekvivalenter,Efterrätter,0.85,NE/mg
1782,Äppelpaj m. lock,Niacin,Efterrätter,0.3,mg
1782,Äppelpaj m. lock,"Salt, NaCl",Efterrätter,0.3,g
1782,Äppelpaj m. lock,"Natrium, Na",Efterrätter,110.0,mg
1782,Äppelpaj m. lock,Monosackarider,Efterrätter,3.4,g
1782,Äppelpaj m. lock,"Sockerarter, totalt",Efterrätter,12.6,g
1782,Äppelpaj m. lock,Summa enkelomättade fettsyror,Efterrätter,5.5,g
1782,Äppelpaj m. lock,"Magnesium, Mg",Efterrätter,8.0,mg
1782,Äppelpaj m. lock,Summa mättade fettsyror,Efterrätter,6.9,g
1782,Äppelpaj m. lock,"Kolhydrater, tillgängliga",Efterrätter,32.3,g
1782,Äppelpaj m. lock,Kolesterol,Efterrätter,26.2,mg
1782,Äppelpaj m. lock,"Kalium, K",Efterrätter,84.0,mg
1782,Äppelpaj m. lock,"Jod, I",Efterrätter,2.7,µg
1782,Äppelpaj m. lock,Fullkorn totalt,Efterrätter,0.0,g
1782,Äppelpaj m. lock,"Folat, totalt",Efterrätter,8.0,µg
1782,Äppelpaj m. lock,Fibrer,Efterrätter,2.2,g
1782,Äppelpaj m. lock,"Fett, totalt",Efterrätter,15.7,g
1782,Äppelpaj m. lock,"Järn, Fe",Efterrätter,0.3,mg
1782,Äppelpaj m. lock,Energi (kJ),Efterrätter,1198.0,kJ
1782,Äppelpaj m. lock,Energi (kcal),Efterrätter,286.0,kcal
1782,Äppelpaj m. lock,Disackarider,Efterrätter,9.2,g
1782,Äppelpaj m. lock,"Kalcium, Ca",Efterrätter,11.0,mg
1782,Äppelpaj m. lock,Fettsyra 4:0-10:0,Efterrätter,0.4,g
1782,Äppelpaj m. lock,DHA (C22:6),Efterrätter,0.0,g
1782,Äppelpaj m. lock,DPA (C22:5),Efterrätter,0.0,g
1782,Äppelpaj m. lock,EPA (C20:5),Efterrätter,0.0,g
1782,Äppelpaj m. lock,Arakidonsyra C20:4,Efterrätter,0.0,g
1782,Äppelpaj m. lock,Arakidinsyra C20:0,Efterrätter,0.0,g
1782,Äppelpaj m. lock,Linolensyra C18:3,Efterrätter,0.6,g
1782,Äppelpaj m. lock,Linolsyra C18:2,Efterrätter,1.8,g
1782,Äppelpaj m. lock,Oljesyra C18:1,Efterrätter,5.7,g
1782,Äppelpaj m. lock,Stearinsyra C18:0,Efterrätter,0.8,g
1782,Äppelpaj m. lock,Palmitoljesyra C16:1,Efterrätter,0.1,g
1782,Äppelpaj m. lock,Palmitinsyra C16:0,Efterrätter,4.4,g
1782,Äppelpaj m. lock,Myristinsyra C14:0,Efterrätter,0.5,g
1782,Äppelpaj m. lock,Laurinsyra C12:0,Efterrätter,0.4,g
1782,Äppelpaj m. lock,Betakaroten/β-Karoten,Efterrätter,96.0,µg
1782,Äppelpaj m. lock,Avfall (skal etc.),Efterrätter,4.0,%
1782,Äppelpaj m. lock,Aska,Efterrätter,0.5,g
1782,Äppelpaj m. lock,Alkohol,Efterrätter,0.0,g
1783,Cheesecake m. digestivebotten bär fryst,"Zink, Zn",Efterrätter,0.5,mg
1783,Cheesecake m. digestivebotten bär fryst,Vitamin E,Efterrätter,1.9,mg
1783,Cheesecake m. digestivebotten bär fryst,Vitamin D,Efterrätter,0.27,µg
1783,Cheesecake m. digestivebotten bär fryst,Vitamin C,Efterrätter,12.3,mg
1783,Cheesecake m. digestivebotten bär fryst,Vitamin B6,Efterrätter,0.06,mg
1783,Cheesecake m. digestivebotten bär fryst,Vitamin B12,Efterrätter,0.33,µg
1783,Cheesecake m. digestivebotten bär fryst,Vitamin A,Efterrätter,174.5,RE/µg
1783,Cheesecake m. digestivebotten bär fryst,Vatten,Efterrätter,57.2,g
1783,Cheesecake m. digestivebotten bär fryst,Tiamin,Efterrätter,0.03,mg
1783,Cheesecake m. digestivebotten bär fryst,Tillsatt socker,Efterrätter,7.0,g
1783,Cheesecake m. digestivebotten bär fryst,Fritt socker,Efterrätter,7.0,g
1783,Cheesecake m. digestivebotten bär fryst,"Selen, Se",Efterrätter,4.2,µg
1783,Cheesecake m. digestivebotten bär fryst,Sackaros,Efterrätter,7.0,g
1783,Cheesecake m. digestivebotten bär fryst,Riboflavin,Efterrätter,0.12,mg
1783,Cheesecake m. digestivebotten bär fryst,Retinol,Efterrätter,166.9,µg
1783,Cheesecake m. digestivebotten bär fryst,Protein,Efterrätter,4.1,g
1783,Cheesecake m. digestivebotten bär fryst,Summa fleromättade fettsyror,Efterrätter,1.1,g
1783,Cheesecake m. digestivebotten bär fryst,"Fosfor, P",Efterrätter,72.0,mg
1783,Cheesecake m. digestivebotten bär fryst,Niacinekvivalenter,Efterrätter,1.38,NE/mg
1783,Cheesecake m. digestivebotten bär fryst,Niacin,Efterrätter,0.39,mg
1783,Cheesecake m. digestivebotten bär fryst,"Salt, NaCl",Efterrätter,0.4,g
1783,Cheesecake m. digestivebotten bär fryst,"Natrium, Na",Efterrätter,173.0,mg
1783,Cheesecake m. digestivebotten bär fryst,Monosackarider,Efterrätter,2.0,g
1783,Cheesecake m. digestivebotten bär fryst,"Sockerarter, totalt",Efterrätter,9.9,g
1783,Cheesecake m. digestivebotten bär fryst,Summa enkelomättade fettsyror,Efterrätter,5.5,g
1783,Cheesecake m. digestivebotten bär fryst,"Magnesium, Mg",Efterrätter,11.0,mg
1783,Cheesecake m. digestivebotten bär fryst,Summa mättade fettsyror,Efterrätter,11.5,g
1783,Cheesecake m. digestivebotten bär fryst,"Kolhydrater, tillgängliga",Efterrätter,17.0,g
1783,Cheesecake m. digestivebotten bär fryst,Kolesterol,Efterrätter,96.3,mg
1783,Cheesecake m. digestivebotten bär fryst,"Kalium, K",Efterrätter,108.0,mg
1783,Cheesecake m. digestivebotten bär fryst,"Jod, I",Efterrätter,10.7,µg
1783,Cheesecake m. digestivebotten bär fryst,Fullkorn totalt,Efterrätter,3.0,g
1783,Cheesecake m. digestivebotten bär fryst,"Folat, totalt",Efterrätter,36.6,µg
1783,Cheesecake m. digestivebotten bär fryst,Fibrer,Efterrätter,1.2,g
1783,Cheesecake m. digestivebotten bär fryst,"Fett, totalt",Efterrätter,19.7,g
1783,Cheesecake m. digestivebotten bär fryst,"Järn, Fe",Efterrätter,0.6,mg
1783,Cheesecake m. digestivebotten bär fryst,Energi (kJ),Efterrätter,1095.0,kJ
1783,Cheesecake m. digestivebotten bär fryst,Energi (kcal),Efterrätter,262.0,kcal
1783,Cheesecake m. digestivebotten bär fryst,Disackarider,Efterrätter,7.9,g
1783,Cheesecake m. digestivebotten bär fryst,"Kalcium, Ca",Efterrätter,48.0,mg
1783,Cheesecake m. digestivebotten bär fryst,Fettsyra 4:0-10:0,Efterrätter,1.4,g
1783,Cheesecake m. digestivebotten bär fryst,DHA (C22:6),Efterrätter,0.0,g
1783,Cheesecake m. digestivebotten bär fryst,DPA (C22:5),Efterrätter,0.0,g
1783,Cheesecake m. digestivebotten bär fryst,EPA (C20:5),Efterrätter,0.0,g
1783,Cheesecake m. digestivebotten bär fryst,Arakidonsyra C20:4,Efterrätter,0.0,g
1783,Cheesecake m. digestivebotten bär fryst,Arakidinsyra C20:0,Efterrätter,0.0,g
1783,Cheesecake m. digestivebotten bär fryst,Linolensyra C18:3,Efterrätter,0.2,g
1783,Cheesecake m. digestivebotten bär fryst,Linolsyra C18:2,Efterrätter,0.8,g
1783,Cheesecake m. digestivebotten bär fryst,Oljesyra C18:1,Efterrätter,4.9,g
1783,Cheesecake m. digestivebotten bär fryst,Stearinsyra C18:0,Efterrätter,1.9,g
1783,Cheesecake m. digestivebotten bär fryst,Palmitoljesyra C16:1,Efterrätter,0.3,g
1783,Cheesecake m. digestivebotten bär fryst,Palmitinsyra C16:0,Efterrätter,5.6,g
1783,Cheesecake m. digestivebotten bär fryst,Myristinsyra C14:0,Efterrätter,1.6,g
1783,Cheesecake m. digestivebotten bär fryst,Laurinsyra C12:0,Efterrätter,0.5,g
1783,Cheesecake m. digestivebotten bär fryst,Betakaroten/β-Karoten,Efterrätter,89.0,µg
1783,Cheesecake m. digestivebotten bär fryst,Avfall (skal etc.),Efterrätter,2.0,%
1783,Cheesecake m. digestivebotten bär fryst,Aska,Efterrätter,0.8,g
1783,Cheesecake m. digestivebotten bär fryst,Alkohol,Efterrätter,0.0,g
1784,Cheesecake m. digestivebotten,"Zink, Zn",Efterrätter,0.6,mg
1784,Cheesecake m. digestivebotten,Vitamin E,Efterrätter,1.8,mg
1784,Cheesecake m. digestivebotten,Vitamin D,Efterrätter,0.38,µg
1784,Cheesecake m. digestivebotten,Vitamin C,Efterrätter,1.8,mg
1784,Cheesecake m. digestivebotten,Vitamin B6,Efterrätter,0.03,mg
1784,Cheesecake m. digestivebotten,Vitamin B12,Efterrätter,0.27,µg
1784,Cheesecake m. digestivebotten,Vitamin A,Efterrätter,209.0,RE/µg
1784,Cheesecake m. digestivebotten,Vatten,Efterrätter,52.0,g
1784,Cheesecake m. digestivebotten,Tiamin,Efterrätter,0.02,mg
1784,Cheesecake m. digestivebotten,Tillsatt socker,Efterrätter,12.0,g
1784,Cheesecake m. digestivebotten,Fritt socker,Efterrätter,13.0,g
1784,Cheesecake m. digestivebotten,"Selen, Se",Efterrätter,4.4,µg
1784,Cheesecake m. digestivebotten,Sackaros,Efterrätter,12.4,g
1784,Cheesecake m. digestivebotten,Riboflavin,Efterrätter,0.14,mg
1784,Cheesecake m. digestivebotten,Retinol,Efterrätter,206.0,µg
1784,Cheesecake m. digestivebotten,Protein,Efterrätter,5.4,g
1784,Cheesecake m. digestivebotten,Summa fleromättade fettsyror,Efterrätter,1.6,g
1784,Cheesecake m. digestivebotten,"Fosfor, P",Efterrätter,93.0,mg
1784,Cheesecake m. digestivebotten,Niacinekvivalenter,Efterrätter,1.57,NE/mg
1784,Cheesecake m. digestivebotten,Niacin,Efterrätter,0.25,mg
1784,Cheesecake m. digestivebotten,"Salt, NaCl",Efterrätter,0.6,g
1784,Cheesecake m. digestivebotten,"Natrium, Na",Efterrätter,242.0,mg
1784,Cheesecake m. digestivebotten,Monosackarider,Efterrätter,0.2,g
1784,Cheesecake m. digestivebotten,"Sockerarter, totalt",Efterrätter,14.3,g
1784,Cheesecake m. digestivebotten,Summa enkelomättade fettsyror,Efterrätter,6.0,g
1784,Cheesecake m. digestivebotten,"Magnesium, Mg",Efterrätter,9.0,mg
1784,Cheesecake m. digestivebotten,Summa mättade fettsyror,Efterrätter,12.3,g
1784,Cheesecake m. digestivebotten,"Kolhydrater, tillgängliga",Efterrätter,19.9,g
1784,Cheesecake m. digestivebotten,Kolesterol,Efterrätter,88.2,mg
1784,Cheesecake m. digestivebotten,"Kalium, K",Efterrätter,92.0,mg
1784,Cheesecake m. digestivebotten,"Jod, I",Efterrätter,11.8,µg
1784,Cheesecake m. digestivebotten,Fullkorn totalt,Efterrätter,3.0,g
1784,Cheesecake m. digestivebotten,"Folat, totalt",Efterrätter,13.1,µg
1784,Cheesecake m. digestivebotten,Fibrer,Efterrätter,0.4,g
1784,Cheesecake m. digestivebotten,"Fett, totalt",Efterrätter,21.2,g
1784,Cheesecake m. digestivebotten,"Järn, Fe",Efterrätter,0.4,mg
1784,Cheesecake m. digestivebotten,Energi (kJ),Efterrätter,1217.0,kJ
1784,Cheesecake m. digestivebotten,Energi (kcal),Efterrätter,291.0,kcal
1784,Cheesecake m. digestivebotten,Disackarider,Efterrätter,14.2,g
1784,Cheesecake m. digestivebotten,"Kalcium, Ca",Efterrätter,70.0,mg
1784,Cheesecake m. digestivebotten,Fettsyra 4:0-10:0,Efterrätter,1.8,g
1784,Cheesecake m. digestivebotten,DHA (C22:6),Efterrätter,0.0,g
1784,Cheesecake m. digestivebotten,DPA (C22:5),Efterrätter,0.0,g
1784,Cheesecake m. digestivebotten,EPA (C20:5),Efterrätter,0.0,g
1784,Cheesecake m. digestivebotten,Arakidonsyra C20:4,Efterrätter,0.0,g
1784,Cheesecake m. digestivebotten,Arakidinsyra C20:0,Efterrätter,0.0,g
1784,Cheesecake m. digestivebotten,Linolensyra C18:3,Efterrätter,0.2,g
1784,Cheesecake m. digestivebotten,Linolsyra C18:2,Efterrätter,1.0,g
1784,Cheesecake m. digestivebotten,Oljesyra C18:1,Efterrätter,5.5,g
1784,Cheesecake m. digestivebotten,Stearinsyra C18:0,Efterrätter,1.8,g
1784,Cheesecake m. digestivebotten,Palmitoljesyra C16:1,Efterrätter,0.3,g
1784,Cheesecake m. digestivebotten,Palmitinsyra C16:0,Efterrätter,5.7,g
1784,Cheesecake m. digestivebotten,Myristinsyra C14:0,Efterrätter,1.7,g
1784,Cheesecake m. digestivebotten,Laurinsyra C12:0,Efterrätter,0.6,g
1784,Cheesecake m. digestivebotten,Betakaroten/β-Karoten,Efterrätter,35.0,µg
1784,Cheesecake m. digestivebotten,Avfall (skal etc.),Efterrätter,1.0,%
1784,Cheesecake m. digestivebotten,Aska,Efterrätter,1.0,g
1784,Cheesecake m. digestivebotten,Alkohol,Efterrätter,0.0,g
1785,Mannagrynskaka mannagrynspudding,"Zink, Zn",Efterrätter,0.5,mg
1785,Mannagrynskaka mannagrynspudding,Vitamin E,Efterrätter,0.6,mg
1785,Mannagrynskaka mannagrynspudding,Vitamin D,Efterrätter,0.89,µg
1785,Mannagrynskaka mannagrynspudding,Vitamin C,Efterrätter,0.6,mg
1785,Mannagrynskaka mannagrynspudding,Vitamin B6,Efterrätter,0.05,mg
1785,Mannagrynskaka mannagrynspudding,Vitamin B12,Efterrätter,0.43,µg
1785,Mannagrynskaka mannagrynspudding,Vitamin A,Efterrätter,32.4,RE/µg
1785,Mannagrynskaka mannagrynspudding,Vatten,Efterrätter,75.0,g
1785,Mannagrynskaka mannagrynspudding,Tiamin,Efterrätter,0.04,mg
1785,Mannagrynskaka mannagrynspudding,Tillsatt socker,Efterrätter,3.0,g
1785,Mannagrynskaka mannagrynspudding,Fritt socker,Efterrätter,3.0,g
1785,Mannagrynskaka mannagrynspudding,"Selen, Se",Efterrätter,3.4,µg
1785,Mannagrynskaka mannagrynspudding,Sackaros,Efterrätter,3.0,g
1785,Mannagrynskaka mannagrynspudding,Riboflavin,Efterrätter,0.14,mg
1785,Mannagrynskaka mannagrynspudding,Retinol,Efterrätter,31.6,µg
1785,Mannagrynskaka mannagrynspudding,Protein,Efterrätter,4.9,g
1785,Mannagrynskaka mannagrynspudding,Summa fleromättade fettsyror,Efterrätter,0.2,g
1785,Mannagrynskaka mannagrynspudding,"Fosfor, P",Efterrätter,144.0,mg
1785,Mannagrynskaka mannagrynspudding,Niacinekvivalenter,Efterrätter,1.3,NE/mg
1785,Mannagrynskaka mannagrynspudding,Niacin,Efterrätter,0.17,mg
1785,Mannagrynskaka mannagrynspudding,"Salt, NaCl",Efterrätter,1.1,g
1785,Mannagrynskaka mannagrynspudding,"Natrium, Na",Efterrätter,440.0,mg
1785,Mannagrynskaka mannagrynspudding,Monosackarider,Efterrätter,2.2,g
1785,Mannagrynskaka mannagrynspudding,"Sockerarter, totalt",Efterrätter,9.2,g
1785,Mannagrynskaka mannagrynspudding,Summa enkelomättade fettsyror,Efterrätter,0.7,g
1785,Mannagrynskaka mannagrynspudding,"Magnesium, Mg",Efterrätter,13.0,mg
1785,Mannagrynskaka mannagrynspudding,Summa mättade fettsyror,Efterrätter,1.2,g
1785,Mannagrynskaka mannagrynspudding,"Kolhydrater, tillgängliga",Efterrätter,15.2,g
1785,Mannagrynskaka mannagrynspudding,Kolesterol,Efterrätter,34.4,mg
1785,Mannagrynskaka mannagrynspudding,"Kalium, K",Efterrätter,173.0,mg
1785,Mannagrynskaka mannagrynspudding,"Jod, I",Efterrätter,76.1,µg
1785,Mannagrynskaka mannagrynspudding,Fullkorn totalt,Efterrätter,0.0,g
1785,Mannagrynskaka mannagrynspudding,"Folat, totalt",Efterrätter,8.8,µg
1785,Mannagrynskaka mannagrynspudding,Fibrer,Efterrätter,0.5,g
1785,Mannagrynskaka mannagrynspudding,"Fett, totalt",Efterrätter,2.4,g
1785,Mannagrynskaka mannagrynspudding,"Järn, Fe",Efterrätter,0.4,mg
1785,Mannagrynskaka mannagrynspudding,Energi (kJ),Efterrätter,435.0,kJ
1785,Mannagrynskaka mannagrynspudding,Energi (kcal),Efterrätter,104.0,kcal
1785,Mannagrynskaka mannagrynspudding,Disackarider,Efterrätter,6.8,g
1785,Mannagrynskaka mannagrynspudding,"Kalcium, Ca",Efterrätter,114.0,mg
1785,Mannagrynskaka mannagrynspudding,Fettsyra 4:0-10:0,Efterrätter,0.1,g
1785,Mannagrynskaka mannagrynspudding,DHA (C22:6),Efterrätter,0.0,g
1785,Mannagrynskaka mannagrynspudding,DPA (C22:5),Efterrätter,0.0,g
1785,Mannagrynskaka mannagrynspudding,EPA (C20:5),Efterrätter,0.0,g
1785,Mannagrynskaka mannagrynspudding,Arakidonsyra C20:4,Efterrätter,0.0,g
1785,Mannagrynskaka mannagrynspudding,Arakidinsyra C20:0,Efterrätter,0.0,g
1785,Mannagrynskaka mannagrynspudding,Linolensyra C18:3,Efterrätter,0.0,g
1785,Mannagrynskaka mannagrynspudding,Linolsyra C18:2,Efterrätter,0.2,g
1785,Mannagrynskaka mannagrynspudding,Oljesyra C18:1,Efterrätter,0.6,g
1785,Mannagrynskaka mannagrynspudding,Stearinsyra C18:0,Efterrätter,0.2,g
1785,Mannagrynskaka mannagrynspudding,Palmitoljesyra C16:1,Efterrätter,0.1,g
1785,Mannagrynskaka mannagrynspudding,Palmitinsyra C16:0,Efterrätter,0.6,g
1785,Mannagrynskaka mannagrynspudding,Myristinsyra C14:0,Efterrätter,0.2,g
1785,Mannagrynskaka mannagrynspudding,Laurinsyra C12:0,Efterrätter,0.1,g
1785,Mannagrynskaka mannagrynspudding,Betakaroten/β-Karoten,Efterrätter,9.0,µg
1785,Mannagrynskaka mannagrynspudding,Avfall (skal etc.),Efterrätter,1.0,%
1785,Mannagrynskaka mannagrynspudding,Aska,Efterrätter,1.9,g
1785,Mannagrynskaka mannagrynspudding,Alkohol,Efterrätter,0.0,g
1786,Äppelsmulpaj,"Zink, Zn",Efterrätter,0.2,mg
1786,Äppelsmulpaj,Vitamin E,Efterrätter,1.5,mg
1786,Äppelsmulpaj,Vitamin D,Efterrätter,0.88,µg
1786,Äppelsmulpaj,Vitamin C,Efterrätter,5.6,mg
1786,Äppelsmulpaj,Vitamin B6,Efterrätter,0.04,mg
1786,Äppelsmulpaj,Vitamin B12,Efterrätter,0.0,µg
1786,Äppelsmulpaj,Vitamin A,Efterrätter,97.7,RE/µg
1786,Äppelsmulpaj,Vatten,Efterrätter,51.8,g
1786,Äppelsmulpaj,Tiamin,Efterrätter,0.03,mg
1786,Äppelsmulpaj,Tillsatt socker,Efterrätter,10.0,g
1786,Äppelsmulpaj,Fritt socker,Efterrätter,10.0,g
1786,Äppelsmulpaj,"Selen, Se",Efterrätter,2.1,µg
1786,Äppelsmulpaj,Sackaros,Efterrätter,12.7,g
1786,Äppelsmulpaj,Riboflavin,Efterrätter,0.01,mg
1786,Äppelsmulpaj,Retinol,Efterrätter,91.3,µg
1786,Äppelsmulpaj,Protein,Efterrätter,1.8,g
1786,Äppelsmulpaj,Summa fleromättade fettsyror,Efterrätter,1.9,g
1786,Äppelsmulpaj,"Fosfor, P",Efterrätter,37.0,mg
1786,Äppelsmulpaj,Niacinekvivalenter,Efterrätter,0.57,NE/mg
1786,Äppelsmulpaj,Niacin,Efterrätter,0.26,mg
1786,Äppelsmulpaj,"Salt, NaCl",Efterrätter,0.2,g
1786,Äppelsmulpaj,"Natrium, Na",Efterrätter,73.0,mg
1786,Äppelsmulpaj,Monosackarider,Efterrätter,4.7,g
1786,Äppelsmulpaj,"Sockerarter, totalt",Efterrätter,17.6,g
1786,Äppelsmulpaj,Summa enkelomättade fettsyror,Efterrätter,3.8,g
1786,Äppelsmulpaj,"Magnesium, Mg",Efterrätter,10.0,mg
1786,Äppelsmulpaj,Summa mättade fettsyror,Efterrätter,4.8,g
1786,Äppelsmulpaj,"Kolhydrater, tillgängliga",Efterrätter,32.5,g
1786,Äppelsmulpaj,Kolesterol,Efterrätter,7.5,mg
1786,Äppelsmulpaj,"Kalium, K",Efterrätter,85.0,mg
1786,Äppelsmulpaj,"Jod, I",Efterrätter,0.7,µg
1786,Äppelsmulpaj,Fullkorn totalt,Efterrätter,3.0,g
1786,Äppelsmulpaj,"Folat, totalt",Efterrätter,5.1,µg
1786,Äppelsmulpaj,Fibrer,Efterrätter,2.5,g
1786,Äppelsmulpaj,"Fett, totalt",Efterrätter,10.9,g
1786,Äppelsmulpaj,"Järn, Fe",Efterrätter,0.3,mg
1786,Äppelsmulpaj,Energi (kJ),Efterrätter,1007.0,kJ
1786,Äppelsmulpaj,Energi (kcal),Efterrätter,241.0,kcal
1786,Äppelsmulpaj,Disackarider,Efterrätter,12.9,g
1786,Äppelsmulpaj,"Kalcium, Ca",Efterrätter,7.0,mg
1786,Äppelsmulpaj,Fettsyra 4:0-10:0,Efterrätter,0.3,g
1786,Äppelsmulpaj,DHA (C22:6),Efterrätter,0.0,g
1786,Äppelsmulpaj,DPA (C22:5),Efterrätter,0.0,g
1786,Äppelsmulpaj,EPA (C20:5),Efterrätter,0.0,g
1786,Äppelsmulpaj,Arakidonsyra C20:4,Efterrätter,0.0,g
1786,Äppelsmulpaj,Arakidinsyra C20:0,Efterrätter,0.0,g
1786,Äppelsmulpaj,Linolensyra C18:3,Efterrätter,0.4,g
1786,Äppelsmulpaj,Linolsyra C18:2,Efterrätter,1.3,g
1786,Äppelsmulpaj,Oljesyra C18:1,Efterrätter,4.0,g
1786,Äppelsmulpaj,Stearinsyra C18:0,Efterrätter,0.5,g
1786,Äppelsmulpaj,Palmitoljesyra C16:1,Efterrätter,0.0,g
1786,Äppelsmulpaj,Palmitinsyra C16:0,Efterrätter,3.0,g
1786,Äppelsmulpaj,Myristinsyra C14:0,Efterrätter,0.4,g
1786,Äppelsmulpaj,Laurinsyra C12:0,Efterrätter,0.3,g
1786,Äppelsmulpaj,Betakaroten/β-Karoten,Efterrätter,75.0,µg
1786,Äppelsmulpaj,Avfall (skal etc.),Efterrätter,5.0,%
1786,Äppelsmulpaj,Aska,Efterrätter,0.5,g
1786,Äppelsmulpaj,Alkohol,Efterrätter,0.0,g
1788,Katrinplommonsufflé,"Zink, Zn",Efterrätter,0.1,mg
1788,Katrinplommonsufflé,Vitamin E,Efterrätter,0.3,mg
1788,Katrinplommonsufflé,Vitamin D,Efterrätter,0.0,µg
1788,Katrinplommonsufflé,Vitamin C,Efterrätter,0.1,mg
1788,Katrinplommonsufflé,Vitamin B6,Efterrätter,0.01,mg
1788,Katrinplommonsufflé,Vitamin B12,Efterrätter,0.01,µg
1788,Katrinplommonsufflé,Vitamin A,Efterrätter,2.9,RE/µg
1788,Katrinplommonsufflé,Vatten,Efterrätter,83.5,g
1788,Katrinplommonsufflé,Tiamin,Efterrätter,0.0,mg
1788,Katrinplommonsufflé,Tillsatt socker,Efterrätter,5.0,g
1788,Katrinplommonsufflé,Fritt socker,Efterrätter,5.0,g
1788,Katrinplommonsufflé,"Selen, Se",Efterrätter,2.0,µg
1788,Katrinplommonsufflé,Sackaros,Efterrätter,5.1,g
1788,Katrinplommonsufflé,Riboflavin,Efterrätter,0.04,mg
1788,Katrinplommonsufflé,Retinol,Efterrätter,0.0,µg
1788,Katrinplommonsufflé,Protein,Efterrätter,1.9,g
1788,Katrinplommonsufflé,Summa fleromättade fettsyror,Efterrätter,0.1,g
1788,Katrinplommonsufflé,"Fosfor, P",Efterrätter,14.0,mg
1788,Katrinplommonsufflé,Niacinekvivalenter,Efterrätter,0.95,NE/mg
1788,Katrinplommonsufflé,Niacin,Efterrätter,0.44,mg
1788,Katrinplommonsufflé,"Salt, NaCl",Efterrätter,0.1,g
1788,Katrinplommonsufflé,"Natrium, Na",Efterrätter,20.0,mg
1788,Katrinplommonsufflé,Monosackarider,Efterrätter,5.6,g
1788,Katrinplommonsufflé,"Sockerarter, totalt",Efterrätter,10.7,g
1788,Katrinplommonsufflé,Summa enkelomättade fettsyror,Efterrätter,0.1,g
1788,Katrinplommonsufflé,"Magnesium, Mg",Efterrätter,8.0,mg
1788,Katrinplommonsufflé,Summa mättade fettsyror,Efterrätter,0.0,g
1788,Katrinplommonsufflé,"Kolhydrater, tillgängliga",Efterrätter,12.4,g
1788,Katrinplommonsufflé,Kolesterol,Efterrätter,0.0,mg
1788,Katrinplommonsufflé,"Kalium, K",Efterrätter,134.0,mg
1788,Katrinplommonsufflé,"Jod, I",Efterrätter,0.6,µg
1788,Katrinplommonsufflé,Fullkorn totalt,Efterrätter,0.0,g
1788,Katrinplommonsufflé,"Folat, totalt",Efterrätter,1.0,µg
1788,Katrinplommonsufflé,Fibrer,Efterrätter,0.9,g
1788,Katrinplommonsufflé,"Fett, totalt",Efterrätter,0.2,g
1788,Katrinplommonsufflé,"Järn, Fe",Efterrätter,0.2,mg
1788,Katrinplommonsufflé,Energi (kJ),Efterrätter,260.0,kJ
1788,Katrinplommonsufflé,Energi (kcal),Efterrätter,62.0,kcal
1788,Katrinplommonsufflé,Disackarider,Efterrätter,5.1,g
1788,Katrinplommonsufflé,"Kalcium, Ca",Efterrätter,12.0,mg
1788,Katrinplommonsufflé,Fettsyra 4:0-10:0,Efterrätter,0.0,g
1788,Katrinplommonsufflé,DHA (C22:6),Efterrätter,0.0,g
1788,Katrinplommonsufflé,DPA (C22:5),Efterrätter,0.0,g
1788,Katrinplommonsufflé,EPA (C20:5),Efterrätter,0.0,g
1788,Katrinplommonsufflé,Arakidonsyra C20:4,Efterrätter,0.0,g
1788,Katrinplommonsufflé,Arakidinsyra C20:0,Efterrätter,0.0,g
1788,Katrinplommonsufflé,Linolensyra C18:3,Efterrätter,0.0,g
1788,Katrinplommonsufflé,Linolsyra C18:2,Efterrätter,0.1,g
1788,Katrinplommonsufflé,Oljesyra C18:1,Efterrätter,0.1,g
1788,Katrinplommonsufflé,Stearinsyra C18:0,Efterrätter,0.0,g
1788,Katrinplommonsufflé,Palmitoljesyra C16:1,Efterrätter,0.0,g
1788,Katrinplommonsufflé,Palmitinsyra C16:0,Efterrätter,0.0,g
1788,Katrinplommonsufflé,Myristinsyra C14:0,Efterrätter,0.0,g
1788,Katrinplommonsufflé,Laurinsyra C12:0,Efterrätter,0.0,g
1788,Katrinplommonsufflé,Betakaroten/β-Karoten,Efterrätter,29.0,µg
1788,Katrinplommonsufflé,Avfall (skal etc.),Efterrätter,1.0,%
1788,Katrinplommonsufflé,Aska,Efterrätter,1.1,g
1788,Katrinplommonsufflé,Alkohol,Efterrätter,0.0,g
1789,Äppelpaj friterad,"Zink, Zn",Efterrätter,0.2,mg
1789,Äppelpaj friterad,Vitamin E,Efterrätter,0.0,mg
1789,Äppelpaj friterad,Vitamin D inkl 25-OH-D3,Efterrätter,0.0,µg
1789,Äppelpaj friterad,Vitamin D,Efterrätter,0.0,µg
1789,Äppelpaj friterad,Vitamin C,Efterrätter,1.0,mg
1789,Äppelpaj friterad,Vitamin B6,Efterrätter,0.04,mg
1789,Äppelpaj friterad,Vitamin B12,Efterrätter,0.1,µg
1789,Äppelpaj friterad,Vitamin A,Efterrätter,10.0,RE/µg
1789,Äppelpaj friterad,Vatten,Efterrätter,42.9,g
1789,Äppelpaj friterad,Tiamin,Efterrätter,0.1,mg
1789,Äppelpaj friterad,Tillsatt socker,Efterrätter,8.0,g
1789,Äppelpaj friterad,Fritt socker,Efterrätter,8.0,g
1789,Äppelpaj friterad,"Selen, Se",Efterrätter,0.3,µg
1789,Äppelpaj friterad,Sackaros,Efterrätter,8.8,g
1789,Äppelpaj friterad,Riboflavin,Efterrätter,0.07,mg
1789,Äppelpaj friterad,Retinol,Efterrätter,0.0,µg
1789,Äppelpaj friterad,Protein,Efterrätter,2.6,g
1789,Äppelpaj friterad,Summa fleromättade fettsyror,Efterrätter,1.9,g
1789,Äppelpaj friterad,"Fosfor, P",Efterrätter,40.0,mg
1789,Äppelpaj friterad,Niacinekvivalenter,Efterrätter,1.6,NE/mg
1789,Äppelpaj friterad,Niacin,Efterrätter,1.17,mg
1789,Äppelpaj friterad,"Salt, NaCl",Efterrätter,1.0,g
1789,Äppelpaj friterad,"Natrium, Na",Efterrätter,384.0,mg
1789,Äppelpaj friterad,Monosackarider,Efterrätter,5.2,g
1789,Äppelpaj friterad,"Sockerarter, totalt",Efterrätter,14.0,g
1789,Äppelpaj friterad,Summa enkelomättade fettsyror,Efterrätter,8.1,g
1789,Äppelpaj friterad,"Magnesium, Mg",Efterrätter,9.0,mg
1789,Äppelpaj friterad,Summa mättade fettsyror,Efterrätter,5.5,g
1789,Äppelpaj friterad,"Kolhydrater, tillgängliga",Efterrätter,35.1,g
1789,Äppelpaj friterad,Kolesterol,Efterrätter,11.0,mg
1789,Äppelpaj friterad,"Kalium, K",Efterrätter,49.0,mg
1789,Äppelpaj friterad,"Jod, I",Efterrätter,1.9,µg
1789,Äppelpaj friterad,Fullkorn totalt,Efterrätter,0.0,g
1789,Äppelpaj friterad,"Folat, totalt",Efterrätter,4.0,µg
1789,Äppelpaj friterad,Fibrer,Efterrätter,1.7,g
1789,Äppelpaj friterad,"Fett, totalt",Efterrätter,16.6,g
1789,Äppelpaj friterad,"Järn, Fe",Efterrätter,1.1,mg
1789,Äppelpaj friterad,Energi (kJ),Efterrätter,1269.0,kJ
1789,Äppelpaj friterad,Energi (kcal),Efterrätter,303.0,kcal
1789,Äppelpaj friterad,Disackarider,Efterrätter,8.8,g
1789,Äppelpaj friterad,"Kalcium, Ca",Efterrätter,14.0,mg
1789,Äppelpaj friterad,Fettsyra 4:0-10:0,Efterrätter,0.2,g
1789,Äppelpaj friterad,DHA (C22:6),Efterrätter,0.0,g
1789,Äppelpaj friterad,DPA (C22:5),Efterrätter,0.0,g
1789,Äppelpaj friterad,EPA (C20:5),Efterrätter,0.0,g
1789,Äppelpaj friterad,Arakidonsyra C20:4,Efterrätter,0.0,g
1789,Äppelpaj friterad,Arakidinsyra C20:0,Efterrätter,0.1,g
1789,Äppelpaj friterad,Linolensyra C18:3,Efterrätter,0.2,g
1789,Äppelpaj friterad,Linolsyra C18:2,Efterrätter,1.7,g
1789,Äppelpaj friterad,Oljesyra C18:1,Efterrätter,8.0,g
1789,Äppelpaj friterad,Stearinsyra C18:0,Efterrätter,1.9,g
1789,Äppelpaj friterad,Palmitoljesyra C16:1,Efterrätter,0.1,g
1789,Äppelpaj friterad,Palmitinsyra C16:0,Efterrätter,2.3,g
1789,Äppelpaj friterad,Myristinsyra C14:0,Efterrätter,0.4,g
1789,Äppelpaj friterad,Laurinsyra C12:0,Efterrätter,0.6,g
1789,Äppelpaj friterad,Betakaroten/β-Karoten,Efterrätter,120.0,µg
1789,Äppelpaj friterad,Avfall (skal etc.),Efterrätter,0.0,%
1789,Äppelpaj friterad,Aska,Efterrätter,1.1,g
1789,Äppelpaj friterad,Alkohol,Efterrätter,0.0,g
1790,Banan friterad,"Zink, Zn",Efterrätter,0.3,mg
1790,Banan friterad,Vitamin E,Efterrätter,2.2,mg
1790,Banan friterad,Vitamin D inkl 25-OH-D3,Efterrätter,0.0,µg
1790,Banan friterad,Vitamin D,Efterrätter,0.0,µg
1790,Banan friterad,Vitamin C,Efterrätter,5.9,mg
1790,Banan friterad,Vitamin B6,Efterrätter,0.2,mg
1790,Banan friterad,Vitamin B12,Efterrätter,0.0,µg
1790,Banan friterad,Vitamin A,Efterrätter,15.3,RE/µg
1790,Banan friterad,Vatten,Efterrätter,61.0,g
1790,Banan friterad,Tiamin,Efterrätter,0.11,mg
1790,Banan friterad,Tillsatt socker,Efterrätter,0.0,g
1790,Banan friterad,Fritt socker,Efterrätter,0.0,g
1790,Banan friterad,"Selen, Se",Efterrätter,1.9,µg
1790,Banan friterad,Sackaros,Efterrätter,1.7,g
1790,Banan friterad,Riboflavin,Efterrätter,0.03,mg
1790,Banan friterad,Retinol,Efterrätter,0.0,µg
1790,Banan friterad,Protein,Efterrätter,2.2,g
1790,Banan friterad,Summa fleromättade fettsyror,Efterrätter,2.1,g
1790,Banan friterad,"Fosfor, P",Efterrätter,264.0,mg
1790,Banan friterad,Niacinekvivalenter,Efterrätter,0.97,NE/mg
1790,Banan friterad,Niacin,Efterrätter,0.58,mg
1790,Banan friterad,"Salt, NaCl",Efterrätter,0.5,g
1790,Banan friterad,"Natrium, Na",Efterrätter,184.0,mg
1790,Banan friterad,Monosackarider,Efterrätter,9.3,g
1790,Banan friterad,"Sockerarter, totalt",Efterrätter,11.2,g
1790,Banan friterad,Summa enkelomättade fettsyror,Efterrätter,2.7,g
1790,Banan friterad,"Magnesium, Mg",Efterrätter,21.0,mg
1790,Banan friterad,Summa mättade fettsyror,Efterrätter,0.8,g
1790,Banan friterad,"Kolhydrater, tillgängliga",Efterrätter,27.3,g
1790,Banan friterad,Kolesterol,Efterrätter,0.0,mg
1790,Banan friterad,"Kalium, K",Efterrätter,232.0,mg
1790,Banan friterad,"Jod, I",Efterrätter,2.6,µg
1790,Banan friterad,Fullkorn totalt,Efterrätter,0.0,g
1790,Banan friterad,"Folat, totalt",Efterrätter,11.0,µg
1790,Banan friterad,Fibrer,Efterrätter,1.5,g
1790,Banan friterad,"Fett, totalt",Efterrätter,6.0,g
1790,Banan friterad,"Järn, Fe",Efterrätter,0.1,mg
1790,Banan friterad,Energi (kJ),Efterrätter,737.0,kJ
1790,Banan friterad,Energi (kcal),Efterrätter,176.0,kcal
1790,Banan friterad,Disackarider,Efterrätter,1.9,g
1790,Banan friterad,"Kalcium, Ca",Efterrätter,179.0,mg
1790,Banan friterad,Fettsyra 4:0-10:0,Efterrätter,0.0,g
1790,Banan friterad,DHA (C22:6),Efterrätter,0.0,g
1790,Banan friterad,DPA (C22:5),Efterrätter,0.0,g
1790,Banan friterad,EPA (C20:5),Efterrätter,0.0,g
1790,Banan friterad,Arakidonsyra C20:4,Efterrätter,0.0,g
1790,Banan friterad,Arakidinsyra C20:0,Efterrätter,0.0,g
1790,Banan friterad,Linolensyra C18:3,Efterrätter,0.3,g
1790,Banan friterad,Linolsyra C18:2,Efterrätter,1.8,g
1790,Banan friterad,Oljesyra C18:1,Efterrätter,2.6,g
1790,Banan friterad,Stearinsyra C18:0,Efterrätter,0.1,g
1790,Banan friterad,Palmitoljesyra C16:1,Efterrätter,0.0,g
1790,Banan friterad,Palmitinsyra C16:0,Efterrätter,0.6,g
1790,Banan friterad,Myristinsyra C14:0,Efterrätter,0.0,g
1790,Banan friterad,Laurinsyra C12:0,Efterrätter,0.0,g
1790,Banan friterad,Betakaroten/β-Karoten,Efterrätter,143.0,µg
1790,Banan friterad,Avfall (skal etc.),Efterrätter,19.0,%
1790,Banan friterad,Aska,Efterrätter,1.9,g
1790,Banan friterad,Alkohol,Efterrätter,0.0,g
1791,Äpple ugnsstekt m. olja el. flytande margarin socker mandelmassa valnötter,"Zink, Zn",Efterrätter,0.6,mg
1791,Äpple ugnsstekt m. olja el. flytande margarin socker mandelmassa valnötter,Vitamin E,Efterrätter,4.7,mg
1791,Äpple ugnsstekt m. olja el. flytande margarin socker mandelmassa valnötter,Vitamin D,Efterrätter,0.26,µg
1791,Äpple ugnsstekt m. olja el. flytande margarin socker mandelmassa valnötter,Vitamin C,Efterrätter,4.9,mg
1791,Äpple ugnsstekt m. olja el. flytande margarin socker mandelmassa valnötter,Vitamin B6,Efterrätter,0.09,mg
1791,Äpple ugnsstekt m. olja el. flytande margarin socker mandelmassa valnötter,Vitamin B12,Efterrätter,0.0,µg
1791,Äpple ugnsstekt m. olja el. flytande margarin socker mandelmassa valnötter,Vitamin A,Efterrätter,35.8,RE/µg
1791,Äpple ugnsstekt m. olja el. flytande margarin socker mandelmassa valnötter,Vatten,Efterrätter,46.0,g
1791,Äpple ugnsstekt m. olja el. flytande margarin socker mandelmassa valnötter,Tiamin,Efterrätter,0.02,mg
1791,Äpple ugnsstekt m. olja el. flytande margarin socker mandelmassa valnötter,Tillsatt socker,Efterrätter,15.0,g
1791,Äpple ugnsstekt m. olja el. flytande margarin socker mandelmassa valnötter,Fritt socker,Efterrätter,15.0,g
1791,Äpple ugnsstekt m. olja el. flytande margarin socker mandelmassa valnötter,"Selen, Se",Efterrätter,0.0,µg
1791,Äpple ugnsstekt m. olja el. flytande margarin socker mandelmassa valnötter,Sackaros,Efterrätter,17.2,g
1791,Äpple ugnsstekt m. olja el. flytande margarin socker mandelmassa valnötter,Riboflavin,Efterrätter,0.04,mg
1791,Äpple ugnsstekt m. olja el. flytande margarin socker mandelmassa valnötter,Retinol,Efterrätter,16.3,µg
1791,Äpple ugnsstekt m. olja el. flytande margarin socker mandelmassa valnötter,Protein,Efterrätter,3.1,g
1791,Äpple ugnsstekt m. olja el. flytande margarin socker mandelmassa valnötter,Summa fleromättade fettsyror,Efterrätter,10.4,g
1791,Äpple ugnsstekt m. olja el. flytande margarin socker mandelmassa valnötter,"Fosfor, P",Efterrätter,92.0,mg
1791,Äpple ugnsstekt m. olja el. flytande margarin socker mandelmassa valnötter,Niacinekvivalenter,Efterrätter,0.98,NE/mg
1791,Äpple ugnsstekt m. olja el. flytande margarin socker mandelmassa valnötter,Niacin,Efterrätter,0.47,mg
1791,Äpple ugnsstekt m. olja el. flytande margarin socker mandelmassa valnötter,"Salt, NaCl",Efterrätter,0.1,g
1791,Äpple ugnsstekt m. olja el. flytande margarin socker mandelmassa valnötter,"Natrium, Na",Efterrätter,22.0,mg
1791,Äpple ugnsstekt m. olja el. flytande margarin socker mandelmassa valnötter,Monosackarider,Efterrätter,4.7,g
1791,Äpple ugnsstekt m. olja el. flytande margarin socker mandelmassa valnötter,"Sockerarter, totalt",Efterrätter,22.0,g
1791,Äpple ugnsstekt m. olja el. flytande margarin socker mandelmassa valnötter,Summa enkelomättade fettsyror,Efterrätter,9.6,g
1791,Äpple ugnsstekt m. olja el. flytande margarin socker mandelmassa valnötter,"Magnesium, Mg",Efterrätter,39.0,mg
1791,Äpple ugnsstekt m. olja el. flytande margarin socker mandelmassa valnötter,Summa mättade fettsyror,Efterrätter,2.2,g
1791,Äpple ugnsstekt m. olja el. flytande margarin socker mandelmassa valnötter,"Kolhydrater, tillgängliga",Efterrätter,23.3,g
1791,Äpple ugnsstekt m. olja el. flytande margarin socker mandelmassa valnötter,Kolesterol,Efterrätter,0.0,mg
1791,Äpple ugnsstekt m. olja el. flytande margarin socker mandelmassa valnötter,"Kalium, K",Efterrätter,166.0,mg
1791,Äpple ugnsstekt m. olja el. flytande margarin socker mandelmassa valnötter,"Jod, I",Efterrätter,0.0,µg
1791,Äpple ugnsstekt m. olja el. flytande margarin socker mandelmassa valnötter,Fullkorn totalt,Efterrätter,0.0,g
1791,Äpple ugnsstekt m. olja el. flytande margarin socker mandelmassa valnötter,"Folat, totalt",Efterrätter,18.4,µg
1791,Äpple ugnsstekt m. olja el. flytande margarin socker mandelmassa valnötter,Fibrer,Efterrätter,3.8,g
1791,Äpple ugnsstekt m. olja el. flytande margarin socker mandelmassa valnötter,"Fett, totalt",Efterrätter,23.2,g
1791,Äpple ugnsstekt m. olja el. flytande margarin socker mandelmassa valnötter,"Järn, Fe",Efterrätter,0.6,mg
1791,Äpple ugnsstekt m. olja el. flytande margarin socker mandelmassa valnötter,Energi (kJ),Efterrätter,1336.0,kJ
1791,Äpple ugnsstekt m. olja el. flytande margarin socker mandelmassa valnötter,Energi (kcal),Efterrätter,320.0,kcal
1791,Äpple ugnsstekt m. olja el. flytande margarin socker mandelmassa valnötter,Disackarider,Efterrätter,17.3,g
1791,Äpple ugnsstekt m. olja el. flytande margarin socker mandelmassa valnötter,"Kalcium, Ca",Efterrätter,32.0,mg
1791,Äpple ugnsstekt m. olja el. flytande margarin socker mandelmassa valnötter,Fettsyra 4:0-10:0,Efterrätter,0.0,g
1791,Äpple ugnsstekt m. olja el. flytande margarin socker mandelmassa valnötter,DHA (C22:6),Efterrätter,0.0,g
1791,Äpple ugnsstekt m. olja el. flytande margarin socker mandelmassa valnötter,DPA (C22:5),Efterrätter,0.0,g
1791,Äpple ugnsstekt m. olja el. flytande margarin socker mandelmassa valnötter,EPA (C20:5),Efterrätter,0.0,g
1791,Äpple ugnsstekt m. olja el. flytande margarin socker mandelmassa valnötter,Arakidonsyra C20:4,Efterrätter,0.0,g
1791,Äpple ugnsstekt m. olja el. flytande margarin socker mandelmassa valnötter,Arakidinsyra C20:0,Efterrätter,0.1,g
1791,Äpple ugnsstekt m. olja el. flytande margarin socker mandelmassa valnötter,Linolensyra C18:3,Efterrätter,2.0,g
1791,Äpple ugnsstekt m. olja el. flytande margarin socker mandelmassa valnötter,Linolsyra C18:2,Efterrätter,8.4,g
1791,Äpple ugnsstekt m. olja el. flytande margarin socker mandelmassa valnötter,Oljesyra C18:1,Efterrätter,9.4,g
1791,Äpple ugnsstekt m. olja el. flytande margarin socker mandelmassa valnötter,Stearinsyra C18:0,Efterrätter,0.5,g
1791,Äpple ugnsstekt m. olja el. flytande margarin socker mandelmassa valnötter,Palmitoljesyra C16:1,Efterrätter,0.1,g
1791,Äpple ugnsstekt m. olja el. flytande margarin socker mandelmassa valnötter,Palmitinsyra C16:0,Efterrätter,1.5,g
1791,Äpple ugnsstekt m. olja el. flytande margarin socker mandelmassa valnötter,Myristinsyra C14:0,Efterrätter,0.0,g
1791,Äpple ugnsstekt m. olja el. flytande margarin socker mandelmassa valnötter,Laurinsyra C12:0,Efterrätter,0.0,g
1791,Äpple ugnsstekt m. olja el. flytande margarin socker mandelmassa valnötter,Betakaroten/β-Karoten,Efterrätter,30.0,µg
1791,Äpple ugnsstekt m. olja el. flytande margarin socker mandelmassa valnötter,Avfall (skal etc.),Efterrätter,14.0,%
1791,Äpple ugnsstekt m. olja el. flytande margarin socker mandelmassa valnötter,Aska,Efterrätter,0.6,g
1791,Äpple ugnsstekt m. olja el. flytande margarin socker mandelmassa valnötter,Alkohol,Efterrätter,0.0,g
1792,Banan friterad m. glass tillagad på restaurang,"Zink, Zn",Efterrätter,2.2,mg
1792,Banan friterad m. glass tillagad på restaurang,Vitamin E,Efterrätter,4.7,mg
1792,Banan friterad m. glass tillagad på restaurang,Vitamin D inkl 25-OH-D3,Efterrätter,0.0,µg
1792,Banan friterad m. glass tillagad på restaurang,Vitamin D,Efterrätter,0.0,µg
1792,Banan friterad m. glass tillagad på restaurang,Vitamin C,Efterrätter,0.0,mg
1792,Banan friterad m. glass tillagad på restaurang,Vitamin B6,Efterrätter,0.15,mg
1792,Banan friterad m. glass tillagad på restaurang,Vitamin B12,Efterrätter,0.11,µg
1792,Banan friterad m. glass tillagad på restaurang,Vitamin A,Efterrätter,1.2,RE/µg
1792,Banan friterad m. glass tillagad på restaurang,Vatten,Efterrätter,51.4,g
1792,Banan friterad m. glass tillagad på restaurang,Tiamin,Efterrätter,0.03,mg
1792,Banan friterad m. glass tillagad på restaurang,Tillsatt socker,Efterrätter,14.0,g
1792,Banan friterad m. glass tillagad på restaurang,Fritt socker,Efterrätter,14.0,g
1792,Banan friterad m. glass tillagad på restaurang,"Selen, Se",Efterrätter,1.4,µg
1792,Banan friterad m. glass tillagad på restaurang,Sackaros,Efterrätter,9.7,g
1792,Banan friterad m. glass tillagad på restaurang,Riboflavin,Efterrätter,0.07,mg
1792,Banan friterad m. glass tillagad på restaurang,Retinol,Efterrätter,0.0,µg
1792,Banan friterad m. glass tillagad på restaurang,Protein,Efterrätter,2.4,g
1792,Banan friterad m. glass tillagad på restaurang,Summa fleromättade fettsyror,Efterrätter,4.6,g
1792,Banan friterad m. glass tillagad på restaurang,"Fosfor, P",Efterrätter,119.0,mg
1792,Banan friterad m. glass tillagad på restaurang,Niacinekvivalenter,Efterrätter,0.8,NE/mg
1792,Banan friterad m. glass tillagad på restaurang,Niacin,Efterrätter,0.37,mg
1792,Banan friterad m. glass tillagad på restaurang,"Salt, NaCl",Efterrätter,0.5,g
1792,Banan friterad m. glass tillagad på restaurang,"Natrium, Na",Efterrätter,201.0,mg
1792,Banan friterad m. glass tillagad på restaurang,Monosackarider,Efterrätter,7.8,g
1792,Banan friterad m. glass tillagad på restaurang,"Sockerarter, totalt",Efterrätter,19.5,g
1792,Banan friterad m. glass tillagad på restaurang,Summa enkelomättade fettsyror,Efterrätter,5.3,g
1792,Banan friterad m. glass tillagad på restaurang,"Magnesium, Mg",Efterrätter,14.0,mg
1792,Banan friterad m. glass tillagad på restaurang,Summa mättade fettsyror,Efterrätter,2.7,g
1792,Banan friterad m. glass tillagad på restaurang,"Kolhydrater, tillgängliga",Efterrätter,30.3,g
1792,Banan friterad m. glass tillagad på restaurang,Kolesterol,Efterrätter,2.9,mg
1792,Banan friterad m. glass tillagad på restaurang,"Kalium, K",Efterrätter,190.0,mg
1792,Banan friterad m. glass tillagad på restaurang,"Jod, I",Efterrätter,4.0,µg
1792,Banan friterad m. glass tillagad på restaurang,Fullkorn totalt,Efterrätter,0.0,g
1792,Banan friterad m. glass tillagad på restaurang,"Folat, totalt",Efterrätter,15.0,µg
1792,Banan friterad m. glass tillagad på restaurang,Fibrer,Efterrätter,1.7,g
1792,Banan friterad m. glass tillagad på restaurang,"Fett, totalt",Efterrätter,13.2,g
1792,Banan friterad m. glass tillagad på restaurang,"Järn, Fe",Efterrätter,0.2,mg
1792,Banan friterad m. glass tillagad på restaurang,Energi (kJ),Efterrätter,1058.0,kJ
1792,Banan friterad m. glass tillagad på restaurang,Energi (kcal),Efterrätter,253.0,kcal
1792,Banan friterad m. glass tillagad på restaurang,Disackarider,Efterrätter,11.7,g
1792,Banan friterad m. glass tillagad på restaurang,"Kalcium, Ca",Efterrätter,33.0,mg
1792,Banan friterad m. glass tillagad på restaurang,Fettsyra 4:0-10:0,Efterrätter,0.4,g
1792,Banan friterad m. glass tillagad på restaurang,DHA (C22:6),Efterrätter,0.0,g
1792,Banan friterad m. glass tillagad på restaurang,DPA (C22:5),Efterrätter,0.0,g
1792,Banan friterad m. glass tillagad på restaurang,EPA (C20:5),Efterrätter,0.0,g
1792,Banan friterad m. glass tillagad på restaurang,Arakidonsyra C20:4,Efterrätter,0.0,g
1792,Banan friterad m. glass tillagad på restaurang,Arakidinsyra C20:0,Efterrätter,0.0,g
1792,Banan friterad m. glass tillagad på restaurang,Linolensyra C18:3,Efterrätter,0.4,g
1792,Banan friterad m. glass tillagad på restaurang,Linolsyra C18:2,Efterrätter,4.3,g
1792,Banan friterad m. glass tillagad på restaurang,Oljesyra C18:1,Efterrätter,5.1,g
1792,Banan friterad m. glass tillagad på restaurang,Stearinsyra C18:0,Efterrätter,0.5,g
1792,Banan friterad m. glass tillagad på restaurang,Palmitoljesyra C16:1,Efterrätter,0.0,g
1792,Banan friterad m. glass tillagad på restaurang,Palmitinsyra C16:0,Efterrätter,1.4,g
1792,Banan friterad m. glass tillagad på restaurang,Myristinsyra C14:0,Efterrätter,0.1,g
1792,Banan friterad m. glass tillagad på restaurang,Laurinsyra C12:0,Efterrätter,0.2,g
1792,Banan friterad m. glass tillagad på restaurang,Betakaroten/β-Karoten,Efterrätter,11.0,µg
1792,Banan friterad m. glass tillagad på restaurang,Avfall (skal etc.),Efterrätter,0.0,%
1792,Banan friterad m. glass tillagad på restaurang,Aska,Efterrätter,1.0,g
1792,Banan friterad m. glass tillagad på restaurang,Alkohol,Efterrätter,0.0,g
1793,Apelsinmarmelad,"Zink, Zn",Sylt marmelad gelé äppelmos o dyl,0.0,mg
1793,Apelsinmarmelad,Vitamin E,Sylt marmelad gelé äppelmos o dyl,0.1,mg
1793,Apelsinmarmelad,Vitamin D inkl 25-OH-D3,Sylt marmelad gelé äppelmos o dyl,0.0,µg
1793,Apelsinmarmelad,Vitamin D,Sylt marmelad gelé äppelmos o dyl,0.0,µg
1793,Apelsinmarmelad,Vitamin C,Sylt marmelad gelé äppelmos o dyl,5.0,mg
1793,Apelsinmarmelad,Vitamin B6,Sylt marmelad gelé äppelmos o dyl,0.0,mg
1793,Apelsinmarmelad,Vitamin B12,Sylt marmelad gelé äppelmos o dyl,0.0,µg
1793,Apelsinmarmelad,Vitamin A,Sylt marmelad gelé äppelmos o dyl,1.3,RE/µg
1793,Apelsinmarmelad,Vatten,Sylt marmelad gelé äppelmos o dyl,42.0,g
1793,Apelsinmarmelad,Tiamin,Sylt marmelad gelé äppelmos o dyl,0.01,mg
1793,Apelsinmarmelad,Tillsatt socker,Sylt marmelad gelé äppelmos o dyl,50.0,g
1793,Apelsinmarmelad,Fritt socker,Sylt marmelad gelé äppelmos o dyl,50.0,g
1793,Apelsinmarmelad,"Selen, Se",Sylt marmelad gelé äppelmos o dyl,0.3,µg
1793,Apelsinmarmelad,Sackaros,Sylt marmelad gelé äppelmos o dyl,22.5,g
1793,Apelsinmarmelad,Riboflavin,Sylt marmelad gelé äppelmos o dyl,0.01,mg
1793,Apelsinmarmelad,Retinol,Sylt marmelad gelé äppelmos o dyl,0.0,µg
1793,Apelsinmarmelad,Protein,Sylt marmelad gelé äppelmos o dyl,0.2,g
1793,Apelsinmarmelad,Summa fleromättade fettsyror,Sylt marmelad gelé äppelmos o dyl,0.0,g
1793,Apelsinmarmelad,"Fosfor, P",Sylt marmelad gelé äppelmos o dyl,2.0,mg
1793,Apelsinmarmelad,Niacinekvivalenter,Sylt marmelad gelé äppelmos o dyl,0.18,NE/mg
1793,Apelsinmarmelad,Niacin,Sylt marmelad gelé äppelmos o dyl,0.15,mg
1793,Apelsinmarmelad,"Salt, NaCl",Sylt marmelad gelé äppelmos o dyl,0.0,g
1793,Apelsinmarmelad,"Natrium, Na",Sylt marmelad gelé äppelmos o dyl,20.0,mg
1793,Apelsinmarmelad,Monosackarider,Sylt marmelad gelé äppelmos o dyl,31.6,g
1793,Apelsinmarmelad,"Sockerarter, totalt",Sylt marmelad gelé äppelmos o dyl,54.1,g
1793,Apelsinmarmelad,Summa enkelomättade fettsyror,Sylt marmelad gelé äppelmos o dyl,0.0,g
1793,Apelsinmarmelad,"Magnesium, Mg",Sylt marmelad gelé äppelmos o dyl,1.0,mg
1793,Apelsinmarmelad,Summa mättade fettsyror,Sylt marmelad gelé äppelmos o dyl,0.0,g
1793,Apelsinmarmelad,"Kolhydrater, tillgängliga",Sylt marmelad gelé äppelmos o dyl,56.9,g
1793,Apelsinmarmelad,Kolesterol,Sylt marmelad gelé äppelmos o dyl,0.0,mg
1793,Apelsinmarmelad,"Kalium, K",Sylt marmelad gelé äppelmos o dyl,20.0,mg
1793,Apelsinmarmelad,"Jod, I",Sylt marmelad gelé äppelmos o dyl,0.0,µg
1793,Apelsinmarmelad,Fullkorn totalt,Sylt marmelad gelé äppelmos o dyl,0.0,g
1793,Apelsinmarmelad,"Folat, totalt",Sylt marmelad gelé äppelmos o dyl,5.0,µg
1793,Apelsinmarmelad,Fibrer,Sylt marmelad gelé äppelmos o dyl,0.7,g
1793,Apelsinmarmelad,"Fett, totalt",Sylt marmelad gelé äppelmos o dyl,0.0,g
1793,Apelsinmarmelad,"Järn, Fe",Sylt marmelad gelé äppelmos o dyl,0.3,mg
1793,Apelsinmarmelad,Energi (kJ),Sylt marmelad gelé äppelmos o dyl,976.0,kJ
1793,Apelsinmarmelad,Energi (kcal),Sylt marmelad gelé äppelmos o dyl,233.0,kcal
1793,Apelsinmarmelad,Disackarider,Sylt marmelad gelé äppelmos o dyl,22.5,g
1793,Apelsinmarmelad,"Kalcium, Ca",Sylt marmelad gelé äppelmos o dyl,20.0,mg
1793,Apelsinmarmelad,Fettsyra 4:0-10:0,Sylt marmelad gelé äppelmos o dyl,0.0,g
1793,Apelsinmarmelad,DHA (C22:6),Sylt marmelad gelé äppelmos o dyl,0.0,g
1793,Apelsinmarmelad,DPA (C22:5),Sylt marmelad gelé äppelmos o dyl,0.0,g
1793,Apelsinmarmelad,EPA (C20:5),Sylt marmelad gelé äppelmos o dyl,0.0,g
1793,Apelsinmarmelad,Arakidonsyra C20:4,Sylt marmelad gelé äppelmos o dyl,0.0,g
1793,Apelsinmarmelad,Arakidinsyra C20:0,Sylt marmelad gelé äppelmos o dyl,0.0,g
1793,Apelsinmarmelad,Linolensyra C18:3,Sylt marmelad gelé äppelmos o dyl,0.0,g
1793,Apelsinmarmelad,Linolsyra C18:2,Sylt marmelad gelé äppelmos o dyl,0.0,g
1793,Apelsinmarmelad,Oljesyra C18:1,Sylt marmelad gelé äppelmos o dyl,0.0,g
1793,Apelsinmarmelad,Stearinsyra C18:0,Sylt marmelad gelé äppelmos o dyl,0.0,g
1793,Apelsinmarmelad,Palmitoljesyra C16:1,Sylt marmelad gelé äppelmos o dyl,0.0,g
1793,Apelsinmarmelad,Palmitinsyra C16:0,Sylt marmelad gelé äppelmos o dyl,0.0,g
1793,Apelsinmarmelad,Myristinsyra C14:0,Sylt marmelad gelé äppelmos o dyl,0.0,g
1793,Apelsinmarmelad,Laurinsyra C12:0,Sylt marmelad gelé äppelmos o dyl,0.0,g
1793,Apelsinmarmelad,Betakaroten/β-Karoten,Sylt marmelad gelé äppelmos o dyl,16.0,µg
1793,Apelsinmarmelad,Avfall (skal etc.),Sylt marmelad gelé äppelmos o dyl,0.0,%
1793,Apelsinmarmelad,Aska,Sylt marmelad gelé äppelmos o dyl,0.2,g
1793,Apelsinmarmelad,Alkohol,Sylt marmelad gelé äppelmos o dyl,0.0,g
1794,Gelé röda vinbär,"Zink, Zn",Sylt marmelad gelé äppelmos o dyl,0.0,mg
1794,Gelé röda vinbär,Vitamin E,Sylt marmelad gelé äppelmos o dyl,0.4,mg
1794,Gelé röda vinbär,Vitamin D inkl 25-OH-D3,Sylt marmelad gelé äppelmos o dyl,0.0,µg
1794,Gelé röda vinbär,Vitamin D,Sylt marmelad gelé äppelmos o dyl,0.0,µg
1794,Gelé röda vinbär,Vitamin C,Sylt marmelad gelé äppelmos o dyl,0.0,mg
1794,Gelé röda vinbär,Vitamin B6,Sylt marmelad gelé äppelmos o dyl,0.02,mg
1794,Gelé röda vinbär,Vitamin B12,Sylt marmelad gelé äppelmos o dyl,0.0,µg
1794,Gelé röda vinbär,Vitamin A,Sylt marmelad gelé äppelmos o dyl,2.5,RE/µg
1794,Gelé röda vinbär,Vatten,Sylt marmelad gelé äppelmos o dyl,30.5,g
1794,Gelé röda vinbär,Tiamin,Sylt marmelad gelé äppelmos o dyl,0.01,mg
1794,Gelé röda vinbär,Tillsatt socker,Sylt marmelad gelé äppelmos o dyl,60.0,g
1794,Gelé röda vinbär,Fritt socker,Sylt marmelad gelé äppelmos o dyl,64.0,g
1794,Gelé röda vinbär,"Selen, Se",Sylt marmelad gelé äppelmos o dyl,0.2,µg
1794,Gelé röda vinbär,Sackaros,Sylt marmelad gelé äppelmos o dyl,26.6,g
1794,Gelé röda vinbär,Riboflavin,Sylt marmelad gelé äppelmos o dyl,0.01,mg
1794,Gelé röda vinbär,Retinol,Sylt marmelad gelé äppelmos o dyl,0.0,µg
1794,Gelé röda vinbär,Protein,Sylt marmelad gelé äppelmos o dyl,0.2,g
1794,Gelé röda vinbär,Summa fleromättade fettsyror,Sylt marmelad gelé äppelmos o dyl,0.0,g
1794,Gelé röda vinbär,"Fosfor, P",Sylt marmelad gelé äppelmos o dyl,10.0,mg
1794,Gelé röda vinbär,Niacinekvivalenter,Sylt marmelad gelé äppelmos o dyl,0.18,NE/mg
1794,Gelé röda vinbär,Niacin,Sylt marmelad gelé äppelmos o dyl,0.15,mg
1794,Gelé röda vinbär,"Salt, NaCl",Sylt marmelad gelé äppelmos o dyl,0.0,g
1794,Gelé röda vinbär,"Natrium, Na",Sylt marmelad gelé äppelmos o dyl,20.0,mg
1794,Gelé röda vinbär,Monosackarider,Sylt marmelad gelé äppelmos o dyl,37.1,g
1794,Gelé röda vinbär,"Sockerarter, totalt",Sylt marmelad gelé äppelmos o dyl,63.7,g
1794,Gelé röda vinbär,Summa enkelomättade fettsyror,Sylt marmelad gelé äppelmos o dyl,0.0,g
1794,Gelé röda vinbär,"Magnesium, Mg",Sylt marmelad gelé äppelmos o dyl,4.0,mg
1794,Gelé röda vinbär,Summa mättade fettsyror,Sylt marmelad gelé äppelmos o dyl,0.0,g
1794,Gelé röda vinbär,"Kolhydrater, tillgängliga",Sylt marmelad gelé äppelmos o dyl,68.4,g
1794,Gelé röda vinbär,Kolesterol,Sylt marmelad gelé äppelmos o dyl,0.0,mg
1794,Gelé röda vinbär,"Kalium, K",Sylt marmelad gelé äppelmos o dyl,73.0,mg
1794,Gelé röda vinbär,"Jod, I",Sylt marmelad gelé äppelmos o dyl,0.0,µg
1794,Gelé röda vinbär,Fullkorn totalt,Sylt marmelad gelé äppelmos o dyl,0.0,g
1794,Gelé röda vinbär,"Folat, totalt",Sylt marmelad gelé äppelmos o dyl,1.6,µg
1794,Gelé röda vinbär,Fibrer,Sylt marmelad gelé äppelmos o dyl,0.7,g
1794,Gelé röda vinbär,"Fett, totalt",Sylt marmelad gelé äppelmos o dyl,0.0,g
1794,Gelé röda vinbär,"Järn, Fe",Sylt marmelad gelé äppelmos o dyl,0.6,mg
1794,Gelé röda vinbär,Energi (kJ),Sylt marmelad gelé äppelmos o dyl,1172.0,kJ
1794,Gelé röda vinbär,Energi (kcal),Sylt marmelad gelé äppelmos o dyl,280.0,kcal
1794,Gelé röda vinbär,Disackarider,Sylt marmelad gelé äppelmos o dyl,26.6,g
1794,Gelé röda vinbär,"Kalcium, Ca",Sylt marmelad gelé äppelmos o dyl,8.0,mg
1794,Gelé röda vinbär,Fettsyra 4:0-10:0,Sylt marmelad gelé äppelmos o dyl,0.0,g
1794,Gelé röda vinbär,DHA (C22:6),Sylt marmelad gelé äppelmos o dyl,0.0,g
1794,Gelé röda vinbär,DPA (C22:5),Sylt marmelad gelé äppelmos o dyl,0.0,g
1794,Gelé röda vinbär,EPA (C20:5),Sylt marmelad gelé äppelmos o dyl,0.0,g
1794,Gelé röda vinbär,Arakidonsyra C20:4,Sylt marmelad gelé äppelmos o dyl,0.0,g
1794,Gelé röda vinbär,Arakidinsyra C20:0,Sylt marmelad gelé äppelmos o dyl,0.0,g
1794,Gelé röda vinbär,Linolensyra C18:3,Sylt marmelad gelé äppelmos o dyl,0.0,g
1794,Gelé röda vinbär,Linolsyra C18:2,Sylt marmelad gelé äppelmos o dyl,0.0,g
1794,Gelé röda vinbär,Oljesyra C18:1,Sylt marmelad gelé äppelmos o dyl,0.0,g
1794,Gelé röda vinbär,Stearinsyra C18:0,Sylt marmelad gelé äppelmos o dyl,0.0,g
1794,Gelé röda vinbär,Palmitoljesyra C16:1,Sylt marmelad gelé äppelmos o dyl,0.0,g
1794,Gelé röda vinbär,Palmitinsyra C16:0,Sylt marmelad gelé äppelmos o dyl,0.0,g
1794,Gelé röda vinbär,Myristinsyra C14:0,Sylt marmelad gelé äppelmos o dyl,0.0,g
1794,Gelé röda vinbär,Laurinsyra C12:0,Sylt marmelad gelé äppelmos o dyl,0.0,g
1794,Gelé röda vinbär,Betakaroten/β-Karoten,Sylt marmelad gelé äppelmos o dyl,30.0,µg
1794,Gelé röda vinbär,Avfall (skal etc.),Sylt marmelad gelé äppelmos o dyl,0.0,%
1794,Gelé röda vinbär,Aska,Sylt marmelad gelé äppelmos o dyl,0.2,g
1794,Gelé röda vinbär,Alkohol,Sylt marmelad gelé äppelmos o dyl,0.0,g
1795,Gelé svarta vinbär,"Zink, Zn",Sylt marmelad gelé äppelmos o dyl,0.1,mg
1795,Gelé svarta vinbär,Vitamin E,Sylt marmelad gelé äppelmos o dyl,1.0,mg
1795,Gelé svarta vinbär,Vitamin D inkl 25-OH-D3,Sylt marmelad gelé äppelmos o dyl,0.0,µg
1795,Gelé svarta vinbär,Vitamin D,Sylt marmelad gelé äppelmos o dyl,0.0,µg
1795,Gelé svarta vinbär,Vitamin C,Sylt marmelad gelé äppelmos o dyl,15.0,mg
1795,Gelé svarta vinbär,Vitamin B6,Sylt marmelad gelé äppelmos o dyl,0.04,mg
1795,Gelé svarta vinbär,Vitamin B12,Sylt marmelad gelé äppelmos o dyl,0.0,µg
1795,Gelé svarta vinbär,Vitamin A,Sylt marmelad gelé äppelmos o dyl,4.0,RE/µg
1795,Gelé svarta vinbär,Vatten,Sylt marmelad gelé äppelmos o dyl,34.0,g
1795,Gelé svarta vinbär,Tiamin,Sylt marmelad gelé äppelmos o dyl,0.01,mg
1795,Gelé svarta vinbär,Tillsatt socker,Sylt marmelad gelé äppelmos o dyl,54.0,g
1795,Gelé svarta vinbär,Fritt socker,Sylt marmelad gelé äppelmos o dyl,61.0,g
1795,Gelé svarta vinbär,"Selen, Se",Sylt marmelad gelé äppelmos o dyl,0.2,µg
1795,Gelé svarta vinbär,Sackaros,Sylt marmelad gelé äppelmos o dyl,25.5,g
1795,Gelé svarta vinbär,Riboflavin,Sylt marmelad gelé äppelmos o dyl,0.01,mg
1795,Gelé svarta vinbär,Retinol,Sylt marmelad gelé äppelmos o dyl,0.0,µg
1795,Gelé svarta vinbär,Protein,Sylt marmelad gelé äppelmos o dyl,0.2,g
1795,Gelé svarta vinbär,Summa fleromättade fettsyror,Sylt marmelad gelé äppelmos o dyl,0.0,g
1795,Gelé svarta vinbär,"Fosfor, P",Sylt marmelad gelé äppelmos o dyl,8.0,mg
1795,Gelé svarta vinbär,Niacinekvivalenter,Sylt marmelad gelé äppelmos o dyl,0.18,NE/mg
1795,Gelé svarta vinbär,Niacin,Sylt marmelad gelé äppelmos o dyl,0.15,mg
1795,Gelé svarta vinbär,"Salt, NaCl",Sylt marmelad gelé äppelmos o dyl,0.0,g
1795,Gelé svarta vinbär,"Natrium, Na",Sylt marmelad gelé äppelmos o dyl,14.0,mg
1795,Gelé svarta vinbär,Monosackarider,Sylt marmelad gelé äppelmos o dyl,35.9,g
1795,Gelé svarta vinbär,"Sockerarter, totalt",Sylt marmelad gelé äppelmos o dyl,61.4,g
1795,Gelé svarta vinbär,Summa enkelomättade fettsyror,Sylt marmelad gelé äppelmos o dyl,0.0,g
1795,Gelé svarta vinbär,"Magnesium, Mg",Sylt marmelad gelé äppelmos o dyl,4.0,mg
1795,Gelé svarta vinbär,Summa mättade fettsyror,Sylt marmelad gelé äppelmos o dyl,0.0,g
1795,Gelé svarta vinbär,"Kolhydrater, tillgängliga",Sylt marmelad gelé äppelmos o dyl,64.7,g
1795,Gelé svarta vinbär,Kolesterol,Sylt marmelad gelé äppelmos o dyl,0.0,mg
1795,Gelé svarta vinbär,"Kalium, K",Sylt marmelad gelé äppelmos o dyl,110.0,mg
1795,Gelé svarta vinbär,"Jod, I",Sylt marmelad gelé äppelmos o dyl,0.0,µg
1795,Gelé svarta vinbär,Fullkorn totalt,Sylt marmelad gelé äppelmos o dyl,0.0,g
1795,Gelé svarta vinbär,"Folat, totalt",Sylt marmelad gelé äppelmos o dyl,1.6,µg
1795,Gelé svarta vinbär,Fibrer,Sylt marmelad gelé äppelmos o dyl,0.8,g
1795,Gelé svarta vinbär,"Fett, totalt",Sylt marmelad gelé äppelmos o dyl,0.0,g
1795,Gelé svarta vinbär,"Järn, Fe",Sylt marmelad gelé äppelmos o dyl,1.1,mg
1795,Gelé svarta vinbär,Energi (kJ),Sylt marmelad gelé äppelmos o dyl,1110.0,kJ
1795,Gelé svarta vinbär,Energi (kcal),Sylt marmelad gelé äppelmos o dyl,265.0,kcal
1795,Gelé svarta vinbär,Disackarider,Sylt marmelad gelé äppelmos o dyl,25.5,g
1795,Gelé svarta vinbär,"Kalcium, Ca",Sylt marmelad gelé äppelmos o dyl,12.0,mg
1795,Gelé svarta vinbär,Fettsyra 4:0-10:0,Sylt marmelad gelé äppelmos o dyl,0.0,g
1795,Gelé svarta vinbär,DHA (C22:6),Sylt marmelad gelé äppelmos o dyl,0.0,g
1795,Gelé svarta vinbär,DPA (C22:5),Sylt marmelad gelé äppelmos o dyl,0.0,g
1795,Gelé svarta vinbär,EPA (C20:5),Sylt marmelad gelé äppelmos o dyl,0.0,g
1795,Gelé svarta vinbär,Arakidonsyra C20:4,Sylt marmelad gelé äppelmos o dyl,0.0,g
1795,Gelé svarta vinbär,Arakidinsyra C20:0,Sylt marmelad gelé äppelmos o dyl,0.0,g
1795,Gelé svarta vinbär,Linolensyra C18:3,Sylt marmelad gelé äppelmos o dyl,0.0,g
1795,Gelé svarta vinbär,Linolsyra C18:2,Sylt marmelad gelé äppelmos o dyl,0.0,g
1795,Gelé svarta vinbär,Oljesyra C18:1,Sylt marmelad gelé äppelmos o dyl,0.0,g
1795,Gelé svarta vinbär,Stearinsyra C18:0,Sylt marmelad gelé äppelmos o dyl,0.0,g
1795,Gelé svarta vinbär,Palmitoljesyra C16:1,Sylt marmelad gelé äppelmos o dyl,0.0,g
1795,Gelé svarta vinbär,Palmitinsyra C16:0,Sylt marmelad gelé äppelmos o dyl,0.0,g
1795,Gelé svarta vinbär,Myristinsyra C14:0,Sylt marmelad gelé äppelmos o dyl,0.0,g
1795,Gelé svarta vinbär,Laurinsyra C12:0,Sylt marmelad gelé äppelmos o dyl,0.0,g
1795,Gelé svarta vinbär,Betakaroten/β-Karoten,Sylt marmelad gelé äppelmos o dyl,48.0,µg
1795,Gelé svarta vinbär,Avfall (skal etc.),Sylt marmelad gelé äppelmos o dyl,0.0,%
1795,Gelé svarta vinbär,Aska,Sylt marmelad gelé äppelmos o dyl,0.3,g
1795,Gelé svarta vinbär,Alkohol,Sylt marmelad gelé äppelmos o dyl,0.0,g
1796,Apelsinmarmelad lättsockrad lag,"Zink, Zn",Sylt marmelad gelé äppelmos o dyl,0.0,mg
1796,Apelsinmarmelad lättsockrad lag,Vitamin E,Sylt marmelad gelé äppelmos o dyl,0.1,mg
1796,Apelsinmarmelad lättsockrad lag,Vitamin D inkl 25-OH-D3,Sylt marmelad gelé äppelmos o dyl,0.0,µg
1796,Apelsinmarmelad lättsockrad lag,Vitamin D,Sylt marmelad gelé äppelmos o dyl,0.0,µg
1796,Apelsinmarmelad lättsockrad lag,Vitamin C,Sylt marmelad gelé äppelmos o dyl,5.0,mg
1796,Apelsinmarmelad lättsockrad lag,Vitamin B6,Sylt marmelad gelé äppelmos o dyl,0.0,mg
1796,Apelsinmarmelad lättsockrad lag,Vitamin B12,Sylt marmelad gelé äppelmos o dyl,0.0,µg
1796,Apelsinmarmelad lättsockrad lag,Vitamin A,Sylt marmelad gelé äppelmos o dyl,4.0,RE/µg
1796,Apelsinmarmelad lättsockrad lag,Vatten,Sylt marmelad gelé äppelmos o dyl,54.0,g
1796,Apelsinmarmelad lättsockrad lag,Tiamin,Sylt marmelad gelé äppelmos o dyl,0.01,mg
1796,Apelsinmarmelad lättsockrad lag,Tillsatt socker,Sylt marmelad gelé äppelmos o dyl,35.0,g
1796,Apelsinmarmelad lättsockrad lag,Fritt socker,Sylt marmelad gelé äppelmos o dyl,35.0,g
1796,Apelsinmarmelad lättsockrad lag,"Selen, Se",Sylt marmelad gelé äppelmos o dyl,0.3,µg
1796,Apelsinmarmelad lättsockrad lag,Sackaros,Sylt marmelad gelé äppelmos o dyl,17.3,g
1796,Apelsinmarmelad lättsockrad lag,Riboflavin,Sylt marmelad gelé äppelmos o dyl,0.01,mg
1796,Apelsinmarmelad lättsockrad lag,Retinol,Sylt marmelad gelé äppelmos o dyl,0.0,µg
1796,Apelsinmarmelad lättsockrad lag,Protein,Sylt marmelad gelé äppelmos o dyl,0.5,g
1796,Apelsinmarmelad lättsockrad lag,Summa fleromättade fettsyror,Sylt marmelad gelé äppelmos o dyl,0.0,g
1796,Apelsinmarmelad lättsockrad lag,"Fosfor, P",Sylt marmelad gelé äppelmos o dyl,4.0,mg
1796,Apelsinmarmelad lättsockrad lag,Niacinekvivalenter,Sylt marmelad gelé äppelmos o dyl,0.21,NE/mg
1796,Apelsinmarmelad lättsockrad lag,Niacin,Sylt marmelad gelé äppelmos o dyl,0.13,mg
1796,Apelsinmarmelad lättsockrad lag,"Salt, NaCl",Sylt marmelad gelé äppelmos o dyl,0.0,g
1796,Apelsinmarmelad lättsockrad lag,"Natrium, Na",Sylt marmelad gelé äppelmos o dyl,20.0,mg
1796,Apelsinmarmelad lättsockrad lag,Monosackarider,Sylt marmelad gelé äppelmos o dyl,24.3,g
1796,Apelsinmarmelad lättsockrad lag,"Sockerarter, totalt",Sylt marmelad gelé äppelmos o dyl,41.6,g
1796,Apelsinmarmelad lättsockrad lag,Summa enkelomättade fettsyror,Sylt marmelad gelé äppelmos o dyl,0.0,g
1796,Apelsinmarmelad lättsockrad lag,"Magnesium, Mg",Sylt marmelad gelé äppelmos o dyl,1.0,mg
1796,Apelsinmarmelad lättsockrad lag,Summa mättade fettsyror,Sylt marmelad gelé äppelmos o dyl,0.0,g
1796,Apelsinmarmelad lättsockrad lag,"Kolhydrater, tillgängliga",Sylt marmelad gelé äppelmos o dyl,44.5,g
1796,Apelsinmarmelad lättsockrad lag,Kolesterol,Sylt marmelad gelé äppelmos o dyl,0.0,mg
1796,Apelsinmarmelad lättsockrad lag,"Kalium, K",Sylt marmelad gelé äppelmos o dyl,20.0,mg
1796,Apelsinmarmelad lättsockrad lag,"Jod, I",Sylt marmelad gelé äppelmos o dyl,0.1,µg
1796,Apelsinmarmelad lättsockrad lag,Fullkorn totalt,Sylt marmelad gelé äppelmos o dyl,0.0,g
1796,Apelsinmarmelad lättsockrad lag,"Folat, totalt",Sylt marmelad gelé äppelmos o dyl,5.0,µg
1796,Apelsinmarmelad lättsockrad lag,Fibrer,Sylt marmelad gelé äppelmos o dyl,0.7,g
1796,Apelsinmarmelad lättsockrad lag,"Fett, totalt",Sylt marmelad gelé äppelmos o dyl,0.1,g
1796,Apelsinmarmelad lättsockrad lag,"Järn, Fe",Sylt marmelad gelé äppelmos o dyl,0.1,mg
1796,Apelsinmarmelad lättsockrad lag,Energi (kJ),Sylt marmelad gelé äppelmos o dyl,774.0,kJ
1796,Apelsinmarmelad lättsockrad lag,Energi (kcal),Sylt marmelad gelé äppelmos o dyl,185.0,kcal
1796,Apelsinmarmelad lättsockrad lag,Disackarider,Sylt marmelad gelé äppelmos o dyl,17.3,g
1796,Apelsinmarmelad lättsockrad lag,"Kalcium, Ca",Sylt marmelad gelé äppelmos o dyl,10.0,mg
1796,Apelsinmarmelad lättsockrad lag,Fettsyra 4:0-10:0,Sylt marmelad gelé äppelmos o dyl,0.0,g
1796,Apelsinmarmelad lättsockrad lag,DHA (C22:6),Sylt marmelad gelé äppelmos o dyl,0.0,g
1796,Apelsinmarmelad lättsockrad lag,DPA (C22:5),Sylt marmelad gelé äppelmos o dyl,0.0,g
1796,Apelsinmarmelad lättsockrad lag,EPA (C20:5),Sylt marmelad gelé äppelmos o dyl,0.0,g
1796,Apelsinmarmelad lättsockrad lag,Arakidonsyra C20:4,Sylt marmelad gelé äppelmos o dyl,0.0,g
1796,Apelsinmarmelad lättsockrad lag,Arakidinsyra C20:0,Sylt marmelad gelé äppelmos o dyl,0.0,g
1796,Apelsinmarmelad lättsockrad lag,Linolensyra C18:3,Sylt marmelad gelé äppelmos o dyl,0.0,g
1796,Apelsinmarmelad lättsockrad lag,Linolsyra C18:2,Sylt marmelad gelé äppelmos o dyl,0.0,g
1796,Apelsinmarmelad lättsockrad lag,Oljesyra C18:1,Sylt marmelad gelé äppelmos o dyl,0.0,g
1796,Apelsinmarmelad lättsockrad lag,Stearinsyra C18:0,Sylt marmelad gelé äppelmos o dyl,0.0,g
1796,Apelsinmarmelad lättsockrad lag,Palmitoljesyra C16:1,Sylt marmelad gelé äppelmos o dyl,0.0,g
1796,Apelsinmarmelad lättsockrad lag,Palmitinsyra C16:0,Sylt marmelad gelé äppelmos o dyl,0.0,g
1796,Apelsinmarmelad lättsockrad lag,Myristinsyra C14:0,Sylt marmelad gelé äppelmos o dyl,0.0,g
1796,Apelsinmarmelad lättsockrad lag,Laurinsyra C12:0,Sylt marmelad gelé äppelmos o dyl,0.0,g
1796,Apelsinmarmelad lättsockrad lag,Betakaroten/β-Karoten,Sylt marmelad gelé äppelmos o dyl,48.0,µg
1796,Apelsinmarmelad lättsockrad lag,Avfall (skal etc.),Sylt marmelad gelé äppelmos o dyl,0.0,%
1796,Apelsinmarmelad lättsockrad lag,Aska,Sylt marmelad gelé äppelmos o dyl,0.2,g
1796,Apelsinmarmelad lättsockrad lag,Alkohol,Sylt marmelad gelé äppelmos o dyl,0.0,g
1797,Marmelad olika smaker,"Zink, Zn",Sylt marmelad gelé äppelmos o dyl,0.1,mg
1797,Marmelad olika smaker,Vitamin E,Sylt marmelad gelé äppelmos o dyl,0.1,mg
1797,Marmelad olika smaker,Vitamin D inkl 25-OH-D3,Sylt marmelad gelé äppelmos o dyl,0.0,µg
1797,Marmelad olika smaker,Vitamin D,Sylt marmelad gelé äppelmos o dyl,0.0,µg
1797,Marmelad olika smaker,Vitamin C,Sylt marmelad gelé äppelmos o dyl,10.0,mg
1797,Marmelad olika smaker,Vitamin B6,Sylt marmelad gelé äppelmos o dyl,0.02,mg
1797,Marmelad olika smaker,Vitamin B12,Sylt marmelad gelé äppelmos o dyl,0.0,µg
1797,Marmelad olika smaker,Vitamin A,Sylt marmelad gelé äppelmos o dyl,1.0,RE/µg
1797,Marmelad olika smaker,Vatten,Sylt marmelad gelé äppelmos o dyl,41.0,g
1797,Marmelad olika smaker,Tiamin,Sylt marmelad gelé äppelmos o dyl,0.02,mg
1797,Marmelad olika smaker,Tillsatt socker,Sylt marmelad gelé äppelmos o dyl,52.0,g
1797,Marmelad olika smaker,Fritt socker,Sylt marmelad gelé äppelmos o dyl,54.0,g
1797,Marmelad olika smaker,"Selen, Se",Sylt marmelad gelé äppelmos o dyl,0.0,µg
1797,Marmelad olika smaker,Sackaros,Sylt marmelad gelé äppelmos o dyl,22.5,g
1797,Marmelad olika smaker,Riboflavin,Sylt marmelad gelé äppelmos o dyl,0.02,mg
1797,Marmelad olika smaker,Retinol,Sylt marmelad gelé äppelmos o dyl,0.0,µg
1797,Marmelad olika smaker,Protein,Sylt marmelad gelé äppelmos o dyl,0.3,g
1797,Marmelad olika smaker,Summa fleromättade fettsyror,Sylt marmelad gelé äppelmos o dyl,0.0,g
1797,Marmelad olika smaker,"Fosfor, P",Sylt marmelad gelé äppelmos o dyl,16.0,mg
1797,Marmelad olika smaker,Niacinekvivalenter,Sylt marmelad gelé äppelmos o dyl,0.25,NE/mg
1797,Marmelad olika smaker,Niacin,Sylt marmelad gelé äppelmos o dyl,0.2,mg
1797,Marmelad olika smaker,"Salt, NaCl",Sylt marmelad gelé äppelmos o dyl,0.1,g
1797,Marmelad olika smaker,"Natrium, Na",Sylt marmelad gelé äppelmos o dyl,50.0,mg
1797,Marmelad olika smaker,Monosackarider,Sylt marmelad gelé äppelmos o dyl,31.6,g
1797,Marmelad olika smaker,"Sockerarter, totalt",Sylt marmelad gelé äppelmos o dyl,54.1,g
1797,Marmelad olika smaker,Summa enkelomättade fettsyror,Sylt marmelad gelé äppelmos o dyl,0.0,g
1797,Marmelad olika smaker,"Magnesium, Mg",Sylt marmelad gelé äppelmos o dyl,10.0,mg
1797,Marmelad olika smaker,Summa mättade fettsyror,Sylt marmelad gelé äppelmos o dyl,0.0,g
1797,Marmelad olika smaker,"Kolhydrater, tillgängliga",Sylt marmelad gelé äppelmos o dyl,57.7,g
1797,Marmelad olika smaker,Kolesterol,Sylt marmelad gelé äppelmos o dyl,0.0,mg
1797,Marmelad olika smaker,"Kalium, K",Sylt marmelad gelé äppelmos o dyl,80.0,mg
1797,Marmelad olika smaker,"Jod, I",Sylt marmelad gelé äppelmos o dyl,1.4,µg
1797,Marmelad olika smaker,Fullkorn totalt,Sylt marmelad gelé äppelmos o dyl,0.0,g
1797,Marmelad olika smaker,"Folat, totalt",Sylt marmelad gelé äppelmos o dyl,5.0,µg
1797,Marmelad olika smaker,Fibrer,Sylt marmelad gelé äppelmos o dyl,0.7,g
1797,Marmelad olika smaker,"Fett, totalt",Sylt marmelad gelé äppelmos o dyl,0.1,g
1797,Marmelad olika smaker,"Järn, Fe",Sylt marmelad gelé äppelmos o dyl,0.5,mg
1797,Marmelad olika smaker,Energi (kJ),Sylt marmelad gelé äppelmos o dyl,995.0,kJ
1797,Marmelad olika smaker,Energi (kcal),Sylt marmelad gelé äppelmos o dyl,238.0,kcal
1797,Marmelad olika smaker,Disackarider,Sylt marmelad gelé äppelmos o dyl,22.5,g
1797,Marmelad olika smaker,"Kalcium, Ca",Sylt marmelad gelé äppelmos o dyl,18.0,mg
1797,Marmelad olika smaker,Fettsyra 4:0-10:0,Sylt marmelad gelé äppelmos o dyl,0.0,g
1797,Marmelad olika smaker,DHA (C22:6),Sylt marmelad gelé äppelmos o dyl,0.0,g
1797,Marmelad olika smaker,DPA (C22:5),Sylt marmelad gelé äppelmos o dyl,0.0,g
1797,Marmelad olika smaker,EPA (C20:5),Sylt marmelad gelé äppelmos o dyl,0.0,g
1797,Marmelad olika smaker,Arakidonsyra C20:4,Sylt marmelad gelé äppelmos o dyl,0.0,g
1797,Marmelad olika smaker,Arakidinsyra C20:0,Sylt marmelad gelé äppelmos o dyl,0.0,g
1797,Marmelad olika smaker,Linolensyra C18:3,Sylt marmelad gelé äppelmos o dyl,0.0,g
1797,Marmelad olika smaker,Linolsyra C18:2,Sylt marmelad gelé äppelmos o dyl,0.0,g
1797,Marmelad olika smaker,Oljesyra C18:1,Sylt marmelad gelé äppelmos o dyl,0.0,g
1797,Marmelad olika smaker,Stearinsyra C18:0,Sylt marmelad gelé äppelmos o dyl,0.0,g
1797,Marmelad olika smaker,Palmitoljesyra C16:1,Sylt marmelad gelé äppelmos o dyl,0.0,g
1797,Marmelad olika smaker,Palmitinsyra C16:0,Sylt marmelad gelé äppelmos o dyl,0.0,g
1797,Marmelad olika smaker,Myristinsyra C14:0,Sylt marmelad gelé äppelmos o dyl,0.0,g
1797,Marmelad olika smaker,Laurinsyra C12:0,Sylt marmelad gelé äppelmos o dyl,0.0,g
1797,Marmelad olika smaker,Betakaroten/β-Karoten,Sylt marmelad gelé äppelmos o dyl,12.0,µg
1797,Marmelad olika smaker,Avfall (skal etc.),Sylt marmelad gelé äppelmos o dyl,0.0,%
1797,Marmelad olika smaker,Aska,Sylt marmelad gelé äppelmos o dyl,0.2,g
1797,Marmelad olika smaker,Alkohol,Sylt marmelad gelé äppelmos o dyl,0.0,g
1798,Lingonsylt,"Zink, Zn",Sylt marmelad gelé äppelmos o dyl,0.1,mg
1798,Lingonsylt,Vitamin E,Sylt marmelad gelé äppelmos o dyl,0.3,mg
1798,Lingonsylt,Vitamin D inkl 25-OH-D3,Sylt marmelad gelé äppelmos o dyl,0.0,µg
1798,Lingonsylt,Vitamin D,Sylt marmelad gelé äppelmos o dyl,0.0,µg
1798,Lingonsylt,Vitamin C,Sylt marmelad gelé äppelmos o dyl,0.3,mg
1798,Lingonsylt,Vitamin B6,Sylt marmelad gelé äppelmos o dyl,0.0,mg
1798,Lingonsylt,Vitamin B12,Sylt marmelad gelé äppelmos o dyl,0.0,µg
1798,Lingonsylt,Vitamin A,Sylt marmelad gelé äppelmos o dyl,0.2,RE/µg
1798,Lingonsylt,Vatten,Sylt marmelad gelé äppelmos o dyl,63.1,g
1798,Lingonsylt,Tiamin,Sylt marmelad gelé äppelmos o dyl,0.0,mg
1798,Lingonsylt,Tillsatt socker,Sylt marmelad gelé äppelmos o dyl,28.0,g
1798,Lingonsylt,Fritt socker,Sylt marmelad gelé äppelmos o dyl,28.0,g
1798,Lingonsylt,"Selen, Se",Sylt marmelad gelé äppelmos o dyl,0.0,µg
1798,Lingonsylt,Sackaros,Sylt marmelad gelé äppelmos o dyl,9.1,g
1798,Lingonsylt,Riboflavin,Sylt marmelad gelé äppelmos o dyl,0.0,mg
1798,Lingonsylt,Retinol,Sylt marmelad gelé äppelmos o dyl,0.0,µg
1798,Lingonsylt,Protein,Sylt marmelad gelé äppelmos o dyl,0.2,g
1798,Lingonsylt,Summa fleromättade fettsyror,Sylt marmelad gelé äppelmos o dyl,0.0,g
1798,Lingonsylt,"Fosfor, P",Sylt marmelad gelé äppelmos o dyl,5.0,mg
1798,Lingonsylt,Niacinekvivalenter,Sylt marmelad gelé äppelmos o dyl,0.2,NE/mg
1798,Lingonsylt,Niacin,Sylt marmelad gelé äppelmos o dyl,0.19,mg
1798,Lingonsylt,"Salt, NaCl",Sylt marmelad gelé äppelmos o dyl,0.0,g
1798,Lingonsylt,"Natrium, Na",Sylt marmelad gelé äppelmos o dyl,12.0,mg
1798,Lingonsylt,Monosackarider,Sylt marmelad gelé äppelmos o dyl,20.5,g
1798,Lingonsylt,"Sockerarter, totalt",Sylt marmelad gelé äppelmos o dyl,30.8,g
1798,Lingonsylt,Summa enkelomättade fettsyror,Sylt marmelad gelé äppelmos o dyl,0.0,g
1798,Lingonsylt,"Magnesium, Mg",Sylt marmelad gelé äppelmos o dyl,2.0,mg
1798,Lingonsylt,Summa mättade fettsyror,Sylt marmelad gelé äppelmos o dyl,0.0,g
1798,Lingonsylt,"Kolhydrater, tillgängliga",Sylt marmelad gelé äppelmos o dyl,35.3,g
1798,Lingonsylt,Kolesterol,Sylt marmelad gelé äppelmos o dyl,0.0,mg
1798,Lingonsylt,"Kalium, K",Sylt marmelad gelé äppelmos o dyl,32.0,mg
1798,Lingonsylt,"Jod, I",Sylt marmelad gelé äppelmos o dyl,0.0,µg
1798,Lingonsylt,Fullkorn totalt,Sylt marmelad gelé äppelmos o dyl,0.0,g
1798,Lingonsylt,"Folat, totalt",Sylt marmelad gelé äppelmos o dyl,2.0,µg
1798,Lingonsylt,Fibrer,Sylt marmelad gelé äppelmos o dyl,1.0,g
1798,Lingonsylt,"Fett, totalt",Sylt marmelad gelé äppelmos o dyl,0.2,g
1798,Lingonsylt,"Järn, Fe",Sylt marmelad gelé äppelmos o dyl,0.2,mg
1798,Lingonsylt,Energi (kJ),Sylt marmelad gelé äppelmos o dyl,620.0,kJ
1798,Lingonsylt,Energi (kcal),Sylt marmelad gelé äppelmos o dyl,148.0,kcal
1798,Lingonsylt,Disackarider,Sylt marmelad gelé äppelmos o dyl,10.3,g
1798,Lingonsylt,"Kalcium, Ca",Sylt marmelad gelé äppelmos o dyl,10.0,mg
1798,Lingonsylt,Fettsyra 4:0-10:0,Sylt marmelad gelé äppelmos o dyl,0.0,g
1798,Lingonsylt,DHA (C22:6),Sylt marmelad gelé äppelmos o dyl,0.0,g
1798,Lingonsylt,DPA (C22:5),Sylt marmelad gelé äppelmos o dyl,0.0,g
1798,Lingonsylt,EPA (C20:5),Sylt marmelad gelé äppelmos o dyl,0.0,g
1798,Lingonsylt,Arakidonsyra C20:4,Sylt marmelad gelé äppelmos o dyl,0.0,g
1798,Lingonsylt,Arakidinsyra C20:0,Sylt marmelad gelé äppelmos o dyl,0.0,g
1798,Lingonsylt,Linolensyra C18:3,Sylt marmelad gelé äppelmos o dyl,0.0,g
1798,Lingonsylt,Linolsyra C18:2,Sylt marmelad gelé äppelmos o dyl,0.0,g
1798,Lingonsylt,Oljesyra C18:1,Sylt marmelad gelé äppelmos o dyl,0.0,g
1798,Lingonsylt,Stearinsyra C18:0,Sylt marmelad gelé äppelmos o dyl,0.0,g
1798,Lingonsylt,Palmitoljesyra C16:1,Sylt marmelad gelé äppelmos o dyl,0.0,g
1798,Lingonsylt,Palmitinsyra C16:0,Sylt marmelad gelé äppelmos o dyl,0.0,g
1798,Lingonsylt,Myristinsyra C14:0,Sylt marmelad gelé äppelmos o dyl,0.0,g
1798,Lingonsylt,Laurinsyra C12:0,Sylt marmelad gelé äppelmos o dyl,0.0,g
1798,Lingonsylt,Betakaroten/β-Karoten,Sylt marmelad gelé äppelmos o dyl,2.0,µg
1798,Lingonsylt,Avfall (skal etc.),Sylt marmelad gelé äppelmos o dyl,0.0,%
1798,Lingonsylt,Aska,Sylt marmelad gelé äppelmos o dyl,0.1,g
1798,Lingonsylt,Alkohol,Sylt marmelad gelé äppelmos o dyl,0.0,g
1800,Lingonsylt sötningsm.,"Zink, Zn",Sylt marmelad gelé äppelmos o dyl,0.1,mg
1800,Lingonsylt sötningsm.,Vitamin E,Sylt marmelad gelé äppelmos o dyl,0.8,mg
1800,Lingonsylt sötningsm.,Vitamin D inkl 25-OH-D3,Sylt marmelad gelé äppelmos o dyl,0.0,µg
1800,Lingonsylt sötningsm.,Vitamin D,Sylt marmelad gelé äppelmos o dyl,0.0,µg
1800,Lingonsylt sötningsm.,Vitamin C,Sylt marmelad gelé äppelmos o dyl,0.0,mg
1800,Lingonsylt sötningsm.,Vitamin B6,Sylt marmelad gelé äppelmos o dyl,0.0,mg
1800,Lingonsylt sötningsm.,Vitamin B12,Sylt marmelad gelé äppelmos o dyl,0.0,µg
1800,Lingonsylt sötningsm.,Vitamin A,Sylt marmelad gelé äppelmos o dyl,2.5,RE/µg
1800,Lingonsylt sötningsm.,Vatten,Sylt marmelad gelé äppelmos o dyl,89.0,g
1800,Lingonsylt sötningsm.,Tiamin,Sylt marmelad gelé äppelmos o dyl,0.03,mg
1800,Lingonsylt sötningsm.,Tillsatt socker,Sylt marmelad gelé äppelmos o dyl,0.0,g
1800,Lingonsylt sötningsm.,Fritt socker,Sylt marmelad gelé äppelmos o dyl,0.0,g
1800,Lingonsylt sötningsm.,"Selen, Se",Sylt marmelad gelé äppelmos o dyl,0.3,µg
1800,Lingonsylt sötningsm.,Sackaros,Sylt marmelad gelé äppelmos o dyl,0.2,g
1800,Lingonsylt sötningsm.,Riboflavin,Sylt marmelad gelé äppelmos o dyl,0.04,mg
1800,Lingonsylt sötningsm.,Retinol,Sylt marmelad gelé äppelmos o dyl,0.0,µg
1800,Lingonsylt sötningsm.,Protein,Sylt marmelad gelé äppelmos o dyl,0.4,g
1800,Lingonsylt sötningsm.,Summa fleromättade fettsyror,Sylt marmelad gelé äppelmos o dyl,0.3,g
1800,Lingonsylt sötningsm.,"Fosfor, P",Sylt marmelad gelé äppelmos o dyl,28.0,mg
1800,Lingonsylt sötningsm.,Niacinekvivalenter,Sylt marmelad gelé äppelmos o dyl,0.22,NE/mg
1800,Lingonsylt sötningsm.,Niacin,Sylt marmelad gelé äppelmos o dyl,0.15,mg
1800,Lingonsylt sötningsm.,"Salt, NaCl",Sylt marmelad gelé äppelmos o dyl,0.0,g
1800,Lingonsylt sötningsm.,"Natrium, Na",Sylt marmelad gelé äppelmos o dyl,1.0,mg
1800,Lingonsylt sötningsm.,Monosackarider,Sylt marmelad gelé äppelmos o dyl,8.5,g
1800,Lingonsylt sötningsm.,"Sockerarter, totalt",Sylt marmelad gelé äppelmos o dyl,8.7,g
1800,Lingonsylt sötningsm.,Summa enkelomättade fettsyror,Sylt marmelad gelé äppelmos o dyl,0.0,g
1800,Lingonsylt sötningsm.,"Magnesium, Mg",Sylt marmelad gelé äppelmos o dyl,4.0,mg
1800,Lingonsylt sötningsm.,Summa mättade fettsyror,Sylt marmelad gelé äppelmos o dyl,0.0,g
1800,Lingonsylt sötningsm.,"Kolhydrater, tillgängliga",Sylt marmelad gelé äppelmos o dyl,8.8,g
1800,Lingonsylt sötningsm.,Kolesterol,Sylt marmelad gelé äppelmos o dyl,0.0,mg
1800,Lingonsylt sötningsm.,"Kalium, K",Sylt marmelad gelé äppelmos o dyl,90.0,mg
1800,Lingonsylt sötningsm.,"Jod, I",Sylt marmelad gelé äppelmos o dyl,0.0,µg
1800,Lingonsylt sötningsm.,Fullkorn totalt,Sylt marmelad gelé äppelmos o dyl,0.0,g
1800,Lingonsylt sötningsm.,"Folat, totalt",Sylt marmelad gelé äppelmos o dyl,4.0,µg
1800,Lingonsylt sötningsm.,Fibrer,Sylt marmelad gelé äppelmos o dyl,1.2,g
1800,Lingonsylt sötningsm.,"Fett, totalt",Sylt marmelad gelé äppelmos o dyl,0.4,g
1800,Lingonsylt sötningsm.,"Järn, Fe",Sylt marmelad gelé äppelmos o dyl,0.3,mg
1800,Lingonsylt sötningsm.,Energi (kJ),Sylt marmelad gelé äppelmos o dyl,181.0,kJ
1800,Lingonsylt sötningsm.,Energi (kcal),Sylt marmelad gelé äppelmos o dyl,43.0,kcal
1800,Lingonsylt sötningsm.,Disackarider,Sylt marmelad gelé äppelmos o dyl,0.2,g
1800,Lingonsylt sötningsm.,"Kalcium, Ca",Sylt marmelad gelé äppelmos o dyl,37.0,mg
1800,Lingonsylt sötningsm.,Fettsyra 4:0-10:0,Sylt marmelad gelé äppelmos o dyl,0.0,g
1800,Lingonsylt sötningsm.,DHA (C22:6),Sylt marmelad gelé äppelmos o dyl,0.0,g
1800,Lingonsylt sötningsm.,DPA (C22:5),Sylt marmelad gelé äppelmos o dyl,0.0,g
1800,Lingonsylt sötningsm.,EPA (C20:5),Sylt marmelad gelé äppelmos o dyl,0.0,g
1800,Lingonsylt sötningsm.,Arakidonsyra C20:4,Sylt marmelad gelé äppelmos o dyl,0.0,g
1800,Lingonsylt sötningsm.,Arakidinsyra C20:0,Sylt marmelad gelé äppelmos o dyl,0.0,g
1800,Lingonsylt sötningsm.,Linolensyra C18:3,Sylt marmelad gelé äppelmos o dyl,0.2,g
1800,Lingonsylt sötningsm.,Linolsyra C18:2,Sylt marmelad gelé äppelmos o dyl,0.1,g
1800,Lingonsylt sötningsm.,Oljesyra C18:1,Sylt marmelad gelé äppelmos o dyl,0.0,g
1800,Lingonsylt sötningsm.,Stearinsyra C18:0,Sylt marmelad gelé äppelmos o dyl,0.0,g
1800,Lingonsylt sötningsm.,Palmitoljesyra C16:1,Sylt marmelad gelé äppelmos o dyl,0.0,g
1800,Lingonsylt sötningsm.,Palmitinsyra C16:0,Sylt marmelad gelé äppelmos o dyl,0.0,g
1800,Lingonsylt sötningsm.,Myristinsyra C14:0,Sylt marmelad gelé äppelmos o dyl,0.0,g
1800,Lingonsylt sötningsm.,Laurinsyra C12:0,Sylt marmelad gelé äppelmos o dyl,0.0,g
1800,Lingonsylt sötningsm.,Betakaroten/β-Karoten,Sylt marmelad gelé äppelmos o dyl,30.0,µg
1800,Lingonsylt sötningsm.,Avfall (skal etc.),Sylt marmelad gelé äppelmos o dyl,0.0,%
1800,Lingonsylt sötningsm.,Aska,Sylt marmelad gelé äppelmos o dyl,0.2,g
1800,Lingonsylt sötningsm.,Alkohol,Sylt marmelad gelé äppelmos o dyl,0.0,g
1801,Jordgubbssylt,"Zink, Zn",Sylt marmelad gelé äppelmos o dyl,0.0,mg
1801,Jordgubbssylt,Vitamin E,Sylt marmelad gelé äppelmos o dyl,0.2,mg
1801,Jordgubbssylt,Vitamin D inkl 25-OH-D3,Sylt marmelad gelé äppelmos o dyl,0.0,µg
1801,Jordgubbssylt,Vitamin D,Sylt marmelad gelé äppelmos o dyl,0.0,µg
1801,Jordgubbssylt,Vitamin C,Sylt marmelad gelé äppelmos o dyl,3.3,mg
1801,Jordgubbssylt,Vitamin B6,Sylt marmelad gelé äppelmos o dyl,0.01,mg
1801,Jordgubbssylt,Vitamin B12,Sylt marmelad gelé äppelmos o dyl,0.0,µg
1801,Jordgubbssylt,Vitamin A,Sylt marmelad gelé äppelmos o dyl,0.2,RE/µg
1801,Jordgubbssylt,Vatten,Sylt marmelad gelé äppelmos o dyl,57.3,g
1801,Jordgubbssylt,Tiamin,Sylt marmelad gelé äppelmos o dyl,0.0,mg
1801,Jordgubbssylt,Tillsatt socker,Sylt marmelad gelé äppelmos o dyl,35.0,g
1801,Jordgubbssylt,Fritt socker,Sylt marmelad gelé äppelmos o dyl,35.0,g
1801,Jordgubbssylt,"Selen, Se",Sylt marmelad gelé äppelmos o dyl,0.0,µg
1801,Jordgubbssylt,Sackaros,Sylt marmelad gelé äppelmos o dyl,22.6,g
1801,Jordgubbssylt,Riboflavin,Sylt marmelad gelé äppelmos o dyl,0.07,mg
1801,Jordgubbssylt,Retinol,Sylt marmelad gelé äppelmos o dyl,0.0,µg
1801,Jordgubbssylt,Protein,Sylt marmelad gelé äppelmos o dyl,0.2,g
1801,Jordgubbssylt,Summa fleromättade fettsyror,Sylt marmelad gelé äppelmos o dyl,0.0,g
1801,Jordgubbssylt,"Fosfor, P",Sylt marmelad gelé äppelmos o dyl,8.0,mg
1801,Jordgubbssylt,Niacinekvivalenter,Sylt marmelad gelé äppelmos o dyl,0.2,NE/mg
1801,Jordgubbssylt,Niacin,Sylt marmelad gelé äppelmos o dyl,0.13,mg
1801,Jordgubbssylt,"Salt, NaCl",Sylt marmelad gelé äppelmos o dyl,0.0,g
1801,Jordgubbssylt,"Natrium, Na",Sylt marmelad gelé äppelmos o dyl,11.0,mg
1801,Jordgubbssylt,Monosackarider,Sylt marmelad gelé äppelmos o dyl,15.8,g
1801,Jordgubbssylt,"Sockerarter, totalt",Sylt marmelad gelé äppelmos o dyl,38.4,g
1801,Jordgubbssylt,Summa enkelomättade fettsyror,Sylt marmelad gelé äppelmos o dyl,0.0,g
1801,Jordgubbssylt,"Magnesium, Mg",Sylt marmelad gelé äppelmos o dyl,4.0,mg
1801,Jordgubbssylt,Summa mättade fettsyror,Sylt marmelad gelé äppelmos o dyl,0.0,g
1801,Jordgubbssylt,"Kolhydrater, tillgängliga",Sylt marmelad gelé äppelmos o dyl,41.1,g
1801,Jordgubbssylt,Kolesterol,Sylt marmelad gelé äppelmos o dyl,0.0,mg
1801,Jordgubbssylt,"Kalium, K",Sylt marmelad gelé äppelmos o dyl,58.0,mg
1801,Jordgubbssylt,"Jod, I",Sylt marmelad gelé äppelmos o dyl,30.8,µg
1801,Jordgubbssylt,Fullkorn totalt,Sylt marmelad gelé äppelmos o dyl,0.0,g
1801,Jordgubbssylt,"Folat, totalt",Sylt marmelad gelé äppelmos o dyl,17.5,µg
1801,Jordgubbssylt,Fibrer,Sylt marmelad gelé äppelmos o dyl,1.1,g
1801,Jordgubbssylt,"Fett, totalt",Sylt marmelad gelé äppelmos o dyl,0.1,g
1801,Jordgubbssylt,"Järn, Fe",Sylt marmelad gelé äppelmos o dyl,0.3,mg
1801,Jordgubbssylt,Energi (kJ),Sylt marmelad gelé äppelmos o dyl,715.0,kJ
1801,Jordgubbssylt,Energi (kcal),Sylt marmelad gelé äppelmos o dyl,171.0,kcal
1801,Jordgubbssylt,Disackarider,Sylt marmelad gelé äppelmos o dyl,22.6,g
1801,Jordgubbssylt,"Kalcium, Ca",Sylt marmelad gelé äppelmos o dyl,10.0,mg
1801,Jordgubbssylt,Fettsyra 4:0-10:0,Sylt marmelad gelé äppelmos o dyl,0.0,g
1801,Jordgubbssylt,DHA (C22:6),Sylt marmelad gelé äppelmos o dyl,0.0,g
1801,Jordgubbssylt,DPA (C22:5),Sylt marmelad gelé äppelmos o dyl,0.0,g
1801,Jordgubbssylt,EPA (C20:5),Sylt marmelad gelé äppelmos o dyl,0.0,g
1801,Jordgubbssylt,Arakidonsyra C20:4,Sylt marmelad gelé äppelmos o dyl,0.0,g
1801,Jordgubbssylt,Arakidinsyra C20:0,Sylt marmelad gelé äppelmos o dyl,0.0,g
1801,Jordgubbssylt,Linolensyra C18:3,Sylt marmelad gelé äppelmos o dyl,0.0,g
1801,Jordgubbssylt,Linolsyra C18:2,Sylt marmelad gelé äppelmos o dyl,0.0,g
1801,Jordgubbssylt,Oljesyra C18:1,Sylt marmelad gelé äppelmos o dyl,0.0,g
1801,Jordgubbssylt,Stearinsyra C18:0,Sylt marmelad gelé äppelmos o dyl,0.0,g
1801,Jordgubbssylt,Palmitoljesyra C16:1,Sylt marmelad gelé äppelmos o dyl,0.0,g
1801,Jordgubbssylt,Palmitinsyra C16:0,Sylt marmelad gelé äppelmos o dyl,0.0,g
1801,Jordgubbssylt,Myristinsyra C14:0,Sylt marmelad gelé äppelmos o dyl,0.0,g
1801,Jordgubbssylt,Laurinsyra C12:0,Sylt marmelad gelé äppelmos o dyl,0.0,g
1801,Jordgubbssylt,Betakaroten/β-Karoten,Sylt marmelad gelé äppelmos o dyl,2.0,µg
1801,Jordgubbssylt,Avfall (skal etc.),Sylt marmelad gelé äppelmos o dyl,0.0,%
1801,Jordgubbssylt,Aska,Sylt marmelad gelé äppelmos o dyl,0.2,g
1801,Jordgubbssylt,Alkohol,Sylt marmelad gelé äppelmos o dyl,0.0,g
1802,Björnbärssylt,"Zink, Zn",Sylt marmelad gelé äppelmos o dyl,0.1,mg
1802,Björnbärssylt,Vitamin E,Sylt marmelad gelé äppelmos o dyl,0.3,mg
1802,Björnbärssylt,Vitamin D inkl 25-OH-D3,Sylt marmelad gelé äppelmos o dyl,0.0,µg
1802,Björnbärssylt,Vitamin D,Sylt marmelad gelé äppelmos o dyl,0.0,µg
1802,Björnbärssylt,Vitamin C,Sylt marmelad gelé äppelmos o dyl,0.0,mg
1802,Björnbärssylt,Vitamin B6,Sylt marmelad gelé äppelmos o dyl,0.0,mg
1802,Björnbärssylt,Vitamin B12,Sylt marmelad gelé äppelmos o dyl,0.0,µg
1802,Björnbärssylt,Vitamin A,Sylt marmelad gelé äppelmos o dyl,3.0,RE/µg
1802,Björnbärssylt,Vatten,Sylt marmelad gelé äppelmos o dyl,56.0,g
1802,Björnbärssylt,Tiamin,Sylt marmelad gelé äppelmos o dyl,0.0,mg
1802,Björnbärssylt,Tillsatt socker,Sylt marmelad gelé äppelmos o dyl,37.0,g
1802,Björnbärssylt,Fritt socker,Sylt marmelad gelé äppelmos o dyl,38.0,g
1802,Björnbärssylt,"Selen, Se",Sylt marmelad gelé äppelmos o dyl,0.0,µg
1802,Björnbärssylt,Sackaros,Sylt marmelad gelé äppelmos o dyl,16.9,g
1802,Björnbärssylt,Riboflavin,Sylt marmelad gelé äppelmos o dyl,0.01,mg
1802,Björnbärssylt,Retinol,Sylt marmelad gelé äppelmos o dyl,0.0,µg
1802,Björnbärssylt,Protein,Sylt marmelad gelé äppelmos o dyl,0.2,g
1802,Björnbärssylt,Summa fleromättade fettsyror,Sylt marmelad gelé äppelmos o dyl,0.1,g
1802,Björnbärssylt,"Fosfor, P",Sylt marmelad gelé äppelmos o dyl,18.0,mg
1802,Björnbärssylt,Niacinekvivalenter,Sylt marmelad gelé äppelmos o dyl,0.23,NE/mg
1802,Björnbärssylt,Niacin,Sylt marmelad gelé äppelmos o dyl,0.2,mg
1802,Björnbärssylt,"Salt, NaCl",Sylt marmelad gelé äppelmos o dyl,0.1,g
1802,Björnbärssylt,"Natrium, Na",Sylt marmelad gelé äppelmos o dyl,50.0,mg
1802,Björnbärssylt,Monosackarider,Sylt marmelad gelé äppelmos o dyl,25.1,g
1802,Björnbärssylt,"Sockerarter, totalt",Sylt marmelad gelé äppelmos o dyl,42.0,g
1802,Björnbärssylt,Summa enkelomättade fettsyror,Sylt marmelad gelé äppelmos o dyl,0.0,g
1802,Björnbärssylt,"Magnesium, Mg",Sylt marmelad gelé äppelmos o dyl,11.0,mg
1802,Björnbärssylt,Summa mättade fettsyror,Sylt marmelad gelé äppelmos o dyl,0.0,g
1802,Björnbärssylt,"Kolhydrater, tillgängliga",Sylt marmelad gelé äppelmos o dyl,41.2,g
1802,Björnbärssylt,Kolesterol,Sylt marmelad gelé äppelmos o dyl,0.0,mg
1802,Björnbärssylt,"Kalium, K",Sylt marmelad gelé äppelmos o dyl,100.0,mg
1802,Björnbärssylt,"Jod, I",Sylt marmelad gelé äppelmos o dyl,0.4,µg
1802,Björnbärssylt,Fullkorn totalt,Sylt marmelad gelé äppelmos o dyl,0.0,g
1802,Björnbärssylt,"Folat, totalt",Sylt marmelad gelé äppelmos o dyl,5.1,µg
1802,Björnbärssylt,Fibrer,Sylt marmelad gelé äppelmos o dyl,2.4,g
1802,Björnbärssylt,"Fett, totalt",Sylt marmelad gelé äppelmos o dyl,0.1,g
1802,Björnbärssylt,"Järn, Fe",Sylt marmelad gelé äppelmos o dyl,0.5,mg
1802,Björnbärssylt,Energi (kJ),Sylt marmelad gelé äppelmos o dyl,727.0,kJ
1802,Björnbärssylt,Energi (kcal),Sylt marmelad gelé äppelmos o dyl,174.0,kcal
1802,Björnbärssylt,Disackarider,Sylt marmelad gelé äppelmos o dyl,16.9,g
1802,Björnbärssylt,"Kalcium, Ca",Sylt marmelad gelé äppelmos o dyl,20.0,mg
1802,Björnbärssylt,Fettsyra 4:0-10:0,Sylt marmelad gelé äppelmos o dyl,0.0,g
1802,Björnbärssylt,DHA (C22:6),Sylt marmelad gelé äppelmos o dyl,0.0,g
1802,Björnbärssylt,DPA (C22:5),Sylt marmelad gelé äppelmos o dyl,0.0,g
1802,Björnbärssylt,EPA (C20:5),Sylt marmelad gelé äppelmos o dyl,0.0,g
1802,Björnbärssylt,Arakidonsyra C20:4,Sylt marmelad gelé äppelmos o dyl,0.0,g
1802,Björnbärssylt,Arakidinsyra C20:0,Sylt marmelad gelé äppelmos o dyl,0.0,g
1802,Björnbärssylt,Linolensyra C18:3,Sylt marmelad gelé äppelmos o dyl,0.0,g
1802,Björnbärssylt,Linolsyra C18:2,Sylt marmelad gelé äppelmos o dyl,0.0,g
1802,Björnbärssylt,Oljesyra C18:1,Sylt marmelad gelé äppelmos o dyl,0.0,g
1802,Björnbärssylt,Stearinsyra C18:0,Sylt marmelad gelé äppelmos o dyl,0.0,g
1802,Björnbärssylt,Palmitoljesyra C16:1,Sylt marmelad gelé äppelmos o dyl,0.0,g
1802,Björnbärssylt,Palmitinsyra C16:0,Sylt marmelad gelé äppelmos o dyl,0.0,g
1802,Björnbärssylt,Myristinsyra C14:0,Sylt marmelad gelé äppelmos o dyl,0.0,g
1802,Björnbärssylt,Laurinsyra C12:0,Sylt marmelad gelé äppelmos o dyl,0.0,g
1802,Björnbärssylt,Betakaroten/β-Karoten,Sylt marmelad gelé äppelmos o dyl,36.0,µg
1802,Björnbärssylt,Avfall (skal etc.),Sylt marmelad gelé äppelmos o dyl,0.0,%
1802,Björnbärssylt,Aska,Sylt marmelad gelé äppelmos o dyl,0.1,g
1802,Björnbärssylt,Alkohol,Sylt marmelad gelé äppelmos o dyl,0.0,g
1803,Blåbärssylt,"Zink, Zn",Sylt marmelad gelé äppelmos o dyl,0.1,mg
1803,Blåbärssylt,Vitamin E,Sylt marmelad gelé äppelmos o dyl,0.1,mg
1803,Blåbärssylt,Vitamin D inkl 25-OH-D3,Sylt marmelad gelé äppelmos o dyl,0.0,µg
1803,Blåbärssylt,Vitamin D,Sylt marmelad gelé äppelmos o dyl,0.0,µg
1803,Blåbärssylt,Vitamin C,Sylt marmelad gelé äppelmos o dyl,0.0,mg
1803,Blåbärssylt,Vitamin B6,Sylt marmelad gelé äppelmos o dyl,0.0,mg
1803,Blåbärssylt,Vitamin B12,Sylt marmelad gelé äppelmos o dyl,0.0,µg
1803,Blåbärssylt,Vitamin A,Sylt marmelad gelé äppelmos o dyl,0.5,RE/µg
1803,Blåbärssylt,Vatten,Sylt marmelad gelé äppelmos o dyl,63.0,g
1803,Blåbärssylt,Tiamin,Sylt marmelad gelé äppelmos o dyl,0.01,mg
1803,Blåbärssylt,Tillsatt socker,Sylt marmelad gelé äppelmos o dyl,29.0,g
1803,Blåbärssylt,Fritt socker,Sylt marmelad gelé äppelmos o dyl,29.0,g
1803,Blåbärssylt,"Selen, Se",Sylt marmelad gelé äppelmos o dyl,0.0,µg
1803,Blåbärssylt,Sackaros,Sylt marmelad gelé äppelmos o dyl,13.2,g
1803,Blåbärssylt,Riboflavin,Sylt marmelad gelé äppelmos o dyl,0.02,mg
1803,Blåbärssylt,Retinol,Sylt marmelad gelé äppelmos o dyl,0.0,µg
1803,Blåbärssylt,Protein,Sylt marmelad gelé äppelmos o dyl,0.2,g
1803,Blåbärssylt,Summa fleromättade fettsyror,Sylt marmelad gelé äppelmos o dyl,0.2,g
1803,Blåbärssylt,"Fosfor, P",Sylt marmelad gelé äppelmos o dyl,7.0,mg
1803,Blåbärssylt,Niacinekvivalenter,Sylt marmelad gelé äppelmos o dyl,0.13,NE/mg
1803,Blåbärssylt,Niacin,Sylt marmelad gelé äppelmos o dyl,0.1,mg
1803,Blåbärssylt,"Salt, NaCl",Sylt marmelad gelé äppelmos o dyl,0.1,g
1803,Blåbärssylt,"Natrium, Na",Sylt marmelad gelé äppelmos o dyl,50.0,mg
1803,Blåbärssylt,Monosackarider,Sylt marmelad gelé äppelmos o dyl,18.8,g
1803,Blåbärssylt,"Sockerarter, totalt",Sylt marmelad gelé äppelmos o dyl,32.0,g
1803,Blåbärssylt,Summa enkelomättade fettsyror,Sylt marmelad gelé äppelmos o dyl,0.0,g
1803,Blåbärssylt,"Magnesium, Mg",Sylt marmelad gelé äppelmos o dyl,4.0,mg
1803,Blåbärssylt,Summa mättade fettsyror,Sylt marmelad gelé äppelmos o dyl,0.0,g
1803,Blåbärssylt,"Kolhydrater, tillgängliga",Sylt marmelad gelé äppelmos o dyl,34.9,g
1803,Blåbärssylt,Kolesterol,Sylt marmelad gelé äppelmos o dyl,0.0,mg
1803,Blåbärssylt,"Kalium, K",Sylt marmelad gelé äppelmos o dyl,45.0,mg
1803,Blåbärssylt,"Jod, I",Sylt marmelad gelé äppelmos o dyl,1.6,µg
1803,Blåbärssylt,Fullkorn totalt,Sylt marmelad gelé äppelmos o dyl,0.0,g
1803,Blåbärssylt,"Folat, totalt",Sylt marmelad gelé äppelmos o dyl,1.0,µg
1803,Blåbärssylt,Fibrer,Sylt marmelad gelé äppelmos o dyl,1.5,g
1803,Blåbärssylt,"Fett, totalt",Sylt marmelad gelé äppelmos o dyl,0.3,g
1803,Blåbärssylt,"Järn, Fe",Sylt marmelad gelé äppelmos o dyl,0.3,mg
1803,Blåbärssylt,Energi (kJ),Sylt marmelad gelé äppelmos o dyl,620.0,kJ
1803,Blåbärssylt,Energi (kcal),Sylt marmelad gelé äppelmos o dyl,148.0,kcal
1803,Blåbärssylt,Disackarider,Sylt marmelad gelé äppelmos o dyl,13.2,g
1803,Blåbärssylt,"Kalcium, Ca",Sylt marmelad gelé äppelmos o dyl,13.0,mg
1803,Blåbärssylt,Fettsyra 4:0-10:0,Sylt marmelad gelé äppelmos o dyl,0.0,g
1803,Blåbärssylt,DHA (C22:6),Sylt marmelad gelé äppelmos o dyl,0.0,g
1803,Blåbärssylt,DPA (C22:5),Sylt marmelad gelé äppelmos o dyl,0.0,g
1803,Blåbärssylt,EPA (C20:5),Sylt marmelad gelé äppelmos o dyl,0.0,g
1803,Blåbärssylt,Arakidonsyra C20:4,Sylt marmelad gelé äppelmos o dyl,0.0,g
1803,Blåbärssylt,Arakidinsyra C20:0,Sylt marmelad gelé äppelmos o dyl,0.0,g
1803,Blåbärssylt,Linolensyra C18:3,Sylt marmelad gelé äppelmos o dyl,0.1,g
1803,Blåbärssylt,Linolsyra C18:2,Sylt marmelad gelé äppelmos o dyl,0.1,g
1803,Blåbärssylt,Oljesyra C18:1,Sylt marmelad gelé äppelmos o dyl,0.0,g
1803,Blåbärssylt,Stearinsyra C18:0,Sylt marmelad gelé äppelmos o dyl,0.0,g
1803,Blåbärssylt,Palmitoljesyra C16:1,Sylt marmelad gelé äppelmos o dyl,0.0,g
1803,Blåbärssylt,Palmitinsyra C16:0,Sylt marmelad gelé äppelmos o dyl,0.0,g
1803,Blåbärssylt,Myristinsyra C14:0,Sylt marmelad gelé äppelmos o dyl,0.0,g
1803,Blåbärssylt,Laurinsyra C12:0,Sylt marmelad gelé äppelmos o dyl,0.0,g
1803,Blåbärssylt,Betakaroten/β-Karoten,Sylt marmelad gelé äppelmos o dyl,6.0,µg
1803,Blåbärssylt,Avfall (skal etc.),Sylt marmelad gelé äppelmos o dyl,0.0,%
1803,Blåbärssylt,Aska,Sylt marmelad gelé äppelmos o dyl,0.1,g
1803,Blåbärssylt,Alkohol,Sylt marmelad gelé äppelmos o dyl,0.0,g
1804,Hallonsylt,"Zink, Zn",Sylt marmelad gelé äppelmos o dyl,0.1,mg
1804,Hallonsylt,Vitamin E,Sylt marmelad gelé äppelmos o dyl,0.7,mg
1804,Hallonsylt,Vitamin D inkl 25-OH-D3,Sylt marmelad gelé äppelmos o dyl,0.0,µg
1804,Hallonsylt,Vitamin D,Sylt marmelad gelé äppelmos o dyl,0.0,µg
1804,Hallonsylt,Vitamin C,Sylt marmelad gelé äppelmos o dyl,0.0,mg
1804,Hallonsylt,Vitamin B6,Sylt marmelad gelé äppelmos o dyl,0.0,mg
1804,Hallonsylt,Vitamin B12,Sylt marmelad gelé äppelmos o dyl,0.0,µg
1804,Hallonsylt,Vitamin A,Sylt marmelad gelé äppelmos o dyl,1.0,RE/µg
1804,Hallonsylt,Vatten,Sylt marmelad gelé äppelmos o dyl,54.0,g
1804,Hallonsylt,Tiamin,Sylt marmelad gelé äppelmos o dyl,0.0,mg
1804,Hallonsylt,Tillsatt socker,Sylt marmelad gelé äppelmos o dyl,40.0,g
1804,Hallonsylt,Fritt socker,Sylt marmelad gelé äppelmos o dyl,40.0,g
1804,Hallonsylt,"Selen, Se",Sylt marmelad gelé äppelmos o dyl,0.0,µg
1804,Hallonsylt,Sackaros,Sylt marmelad gelé äppelmos o dyl,17.3,g
1804,Hallonsylt,Riboflavin,Sylt marmelad gelé äppelmos o dyl,0.02,mg
1804,Hallonsylt,Retinol,Sylt marmelad gelé äppelmos o dyl,0.0,µg
1804,Hallonsylt,Protein,Sylt marmelad gelé äppelmos o dyl,0.4,g
1804,Hallonsylt,Summa fleromättade fettsyror,Sylt marmelad gelé äppelmos o dyl,0.1,g
1804,Hallonsylt,"Fosfor, P",Sylt marmelad gelé äppelmos o dyl,15.0,mg
1804,Hallonsylt,Niacinekvivalenter,Sylt marmelad gelé äppelmos o dyl,0.32,NE/mg
1804,Hallonsylt,Niacin,Sylt marmelad gelé äppelmos o dyl,0.25,mg
1804,Hallonsylt,"Salt, NaCl",Sylt marmelad gelé äppelmos o dyl,0.0,g
1804,Hallonsylt,"Natrium, Na",Sylt marmelad gelé äppelmos o dyl,15.0,mg
1804,Hallonsylt,Monosackarider,Sylt marmelad gelé äppelmos o dyl,24.7,g
1804,Hallonsylt,"Sockerarter, totalt",Sylt marmelad gelé äppelmos o dyl,42.0,g
1804,Hallonsylt,Summa enkelomättade fettsyror,Sylt marmelad gelé äppelmos o dyl,0.0,g
1804,Hallonsylt,"Magnesium, Mg",Sylt marmelad gelé äppelmos o dyl,12.0,mg
1804,Hallonsylt,Summa mättade fettsyror,Sylt marmelad gelé äppelmos o dyl,0.0,g
1804,Hallonsylt,"Kolhydrater, tillgängliga",Sylt marmelad gelé äppelmos o dyl,43.6,g
1804,Hallonsylt,Kolesterol,Sylt marmelad gelé äppelmos o dyl,0.0,mg
1804,Hallonsylt,"Kalium, K",Sylt marmelad gelé äppelmos o dyl,65.0,mg
1804,Hallonsylt,"Jod, I",Sylt marmelad gelé äppelmos o dyl,0.0,µg
1804,Hallonsylt,Fullkorn totalt,Sylt marmelad gelé äppelmos o dyl,0.0,g
1804,Hallonsylt,"Folat, totalt",Sylt marmelad gelé äppelmos o dyl,4.4,µg
1804,Hallonsylt,Fibrer,Sylt marmelad gelé äppelmos o dyl,1.7,g
1804,Hallonsylt,"Fett, totalt",Sylt marmelad gelé äppelmos o dyl,0.2,g
1804,Hallonsylt,"Järn, Fe",Sylt marmelad gelé äppelmos o dyl,0.3,mg
1804,Hallonsylt,Energi (kJ),Sylt marmelad gelé äppelmos o dyl,769.0,kJ
1804,Hallonsylt,Energi (kcal),Sylt marmelad gelé äppelmos o dyl,184.0,kcal
1804,Hallonsylt,Disackarider,Sylt marmelad gelé äppelmos o dyl,17.3,g
1804,Hallonsylt,"Kalcium, Ca",Sylt marmelad gelé äppelmos o dyl,17.0,mg
1804,Hallonsylt,Fettsyra 4:0-10:0,Sylt marmelad gelé äppelmos o dyl,0.0,g
1804,Hallonsylt,DHA (C22:6),Sylt marmelad gelé äppelmos o dyl,0.0,g
1804,Hallonsylt,DPA (C22:5),Sylt marmelad gelé äppelmos o dyl,0.0,g
1804,Hallonsylt,EPA (C20:5),Sylt marmelad gelé äppelmos o dyl,0.0,g
1804,Hallonsylt,Arakidonsyra C20:4,Sylt marmelad gelé äppelmos o dyl,0.0,g
1804,Hallonsylt,Arakidinsyra C20:0,Sylt marmelad gelé äppelmos o dyl,0.0,g
1804,Hallonsylt,Linolensyra C18:3,Sylt marmelad gelé äppelmos o dyl,0.1,g
1804,Hallonsylt,Linolsyra C18:2,Sylt marmelad gelé äppelmos o dyl,0.1,g
1804,Hallonsylt,Oljesyra C18:1,Sylt marmelad gelé äppelmos o dyl,0.0,g
1804,Hallonsylt,Stearinsyra C18:0,Sylt marmelad gelé äppelmos o dyl,0.0,g
1804,Hallonsylt,Palmitoljesyra C16:1,Sylt marmelad gelé äppelmos o dyl,0.0,g
1804,Hallonsylt,Palmitinsyra C16:0,Sylt marmelad gelé äppelmos o dyl,0.0,g
1804,Hallonsylt,Myristinsyra C14:0,Sylt marmelad gelé äppelmos o dyl,0.0,g
1804,Hallonsylt,Laurinsyra C12:0,Sylt marmelad gelé äppelmos o dyl,0.0,g
1804,Hallonsylt,Betakaroten/β-Karoten,Sylt marmelad gelé äppelmos o dyl,12.0,µg
1804,Hallonsylt,Avfall (skal etc.),Sylt marmelad gelé äppelmos o dyl,0.0,%
1804,Hallonsylt,Aska,Sylt marmelad gelé äppelmos o dyl,0.1,g
1804,Hallonsylt,Alkohol,Sylt marmelad gelé äppelmos o dyl,0.0,g
1805,Hjortronsylt,"Zink, Zn",Sylt marmelad gelé äppelmos o dyl,0.1,mg
1805,Hjortronsylt,Vitamin E,Sylt marmelad gelé äppelmos o dyl,0.2,mg
1805,Hjortronsylt,Vitamin D inkl 25-OH-D3,Sylt marmelad gelé äppelmos o dyl,0.0,µg
1805,Hjortronsylt,Vitamin D,Sylt marmelad gelé äppelmos o dyl,0.0,µg
1805,Hjortronsylt,Vitamin C,Sylt marmelad gelé äppelmos o dyl,0.0,mg
1805,Hjortronsylt,Vitamin B6,Sylt marmelad gelé äppelmos o dyl,0.0,mg
1805,Hjortronsylt,Vitamin B12,Sylt marmelad gelé äppelmos o dyl,0.0,µg
1805,Hjortronsylt,Vitamin A,Sylt marmelad gelé äppelmos o dyl,30.0,RE/µg
1805,Hjortronsylt,Vatten,Sylt marmelad gelé äppelmos o dyl,54.0,g
1805,Hjortronsylt,Tiamin,Sylt marmelad gelé äppelmos o dyl,0.02,mg
1805,Hjortronsylt,Tillsatt socker,Sylt marmelad gelé äppelmos o dyl,38.0,g
1805,Hjortronsylt,Fritt socker,Sylt marmelad gelé äppelmos o dyl,42.0,g
1805,Hjortronsylt,"Selen, Se",Sylt marmelad gelé äppelmos o dyl,0.0,µg
1805,Hjortronsylt,Sackaros,Sylt marmelad gelé äppelmos o dyl,17.3,g
1805,Hjortronsylt,Riboflavin,Sylt marmelad gelé äppelmos o dyl,0.02,mg
1805,Hjortronsylt,Retinol,Sylt marmelad gelé äppelmos o dyl,0.0,µg
1805,Hjortronsylt,Protein,Sylt marmelad gelé äppelmos o dyl,0.5,g
1805,Hjortronsylt,Summa fleromättade fettsyror,Sylt marmelad gelé äppelmos o dyl,0.2,g
1805,Hjortronsylt,"Fosfor, P",Sylt marmelad gelé äppelmos o dyl,6.0,mg
1805,Hjortronsylt,Niacinekvivalenter,Sylt marmelad gelé äppelmos o dyl,0.18,NE/mg
1805,Hjortronsylt,Niacin,Sylt marmelad gelé äppelmos o dyl,0.1,mg
1805,Hjortronsylt,"Salt, NaCl",Sylt marmelad gelé äppelmos o dyl,0.1,g
1805,Hjortronsylt,"Natrium, Na",Sylt marmelad gelé äppelmos o dyl,50.0,mg
1805,Hjortronsylt,Monosackarider,Sylt marmelad gelé äppelmos o dyl,24.7,g
1805,Hjortronsylt,"Sockerarter, totalt",Sylt marmelad gelé äppelmos o dyl,42.0,g
1805,Hjortronsylt,Summa enkelomättade fettsyror,Sylt marmelad gelé äppelmos o dyl,0.0,g
1805,Hjortronsylt,"Magnesium, Mg",Sylt marmelad gelé äppelmos o dyl,5.0,mg
1805,Hjortronsylt,Summa mättade fettsyror,Sylt marmelad gelé äppelmos o dyl,0.0,g
1805,Hjortronsylt,"Kolhydrater, tillgängliga",Sylt marmelad gelé äppelmos o dyl,42.0,g
1805,Hjortronsylt,Kolesterol,Sylt marmelad gelé äppelmos o dyl,0.0,mg
1805,Hjortronsylt,"Kalium, K",Sylt marmelad gelé äppelmos o dyl,26.0,mg
1805,Hjortronsylt,"Jod, I",Sylt marmelad gelé äppelmos o dyl,0.4,µg
1805,Hjortronsylt,Fullkorn totalt,Sylt marmelad gelé äppelmos o dyl,0.0,g
1805,Hjortronsylt,"Folat, totalt",Sylt marmelad gelé äppelmos o dyl,6.0,µg
1805,Hjortronsylt,Fibrer,Sylt marmelad gelé äppelmos o dyl,3.0,g
1805,Hjortronsylt,"Fett, totalt",Sylt marmelad gelé äppelmos o dyl,0.3,g
1805,Hjortronsylt,"Järn, Fe",Sylt marmelad gelé äppelmos o dyl,0.2,mg
1805,Hjortronsylt,Energi (kJ),Sylt marmelad gelé äppelmos o dyl,758.0,kJ
1805,Hjortronsylt,Energi (kcal),Sylt marmelad gelé äppelmos o dyl,181.0,kcal
1805,Hjortronsylt,Disackarider,Sylt marmelad gelé äppelmos o dyl,17.3,g
1805,Hjortronsylt,"Kalcium, Ca",Sylt marmelad gelé äppelmos o dyl,5.0,mg
1805,Hjortronsylt,Fettsyra 4:0-10:0,Sylt marmelad gelé äppelmos o dyl,0.0,g
1805,Hjortronsylt,DHA (C22:6),Sylt marmelad gelé äppelmos o dyl,0.0,g
1805,Hjortronsylt,DPA (C22:5),Sylt marmelad gelé äppelmos o dyl,0.0,g
1805,Hjortronsylt,EPA (C20:5),Sylt marmelad gelé äppelmos o dyl,0.0,g
1805,Hjortronsylt,Arakidonsyra C20:4,Sylt marmelad gelé äppelmos o dyl,0.0,g
1805,Hjortronsylt,Arakidinsyra C20:0,Sylt marmelad gelé äppelmos o dyl,0.0,g
1805,Hjortronsylt,Linolensyra C18:3,Sylt marmelad gelé äppelmos o dyl,0.1,g
1805,Hjortronsylt,Linolsyra C18:2,Sylt marmelad gelé äppelmos o dyl,0.1,g
1805,Hjortronsylt,Oljesyra C18:1,Sylt marmelad gelé äppelmos o dyl,0.0,g
1805,Hjortronsylt,Stearinsyra C18:0,Sylt marmelad gelé äppelmos o dyl,0.0,g
1805,Hjortronsylt,Palmitoljesyra C16:1,Sylt marmelad gelé äppelmos o dyl,0.0,g
1805,Hjortronsylt,Palmitinsyra C16:0,Sylt marmelad gelé äppelmos o dyl,0.0,g
1805,Hjortronsylt,Myristinsyra C14:0,Sylt marmelad gelé äppelmos o dyl,0.0,g
1805,Hjortronsylt,Laurinsyra C12:0,Sylt marmelad gelé äppelmos o dyl,0.0,g
1805,Hjortronsylt,Betakaroten/β-Karoten,Sylt marmelad gelé äppelmos o dyl,360.0,µg
1805,Hjortronsylt,Avfall (skal etc.),Sylt marmelad gelé äppelmos o dyl,0.0,%
1805,Hjortronsylt,Aska,Sylt marmelad gelé äppelmos o dyl,0.2,g
1805,Hjortronsylt,Alkohol,Sylt marmelad gelé äppelmos o dyl,0.0,g
1806,Krusbärssylt,"Zink, Zn",Sylt marmelad gelé äppelmos o dyl,0.1,mg
1806,Krusbärssylt,Vitamin E,Sylt marmelad gelé äppelmos o dyl,0.2,mg
1806,Krusbärssylt,Vitamin D inkl 25-OH-D3,Sylt marmelad gelé äppelmos o dyl,0.0,µg
1806,Krusbärssylt,Vitamin D,Sylt marmelad gelé äppelmos o dyl,0.0,µg
1806,Krusbärssylt,Vitamin C,Sylt marmelad gelé äppelmos o dyl,0.0,mg
1806,Krusbärssylt,Vitamin B6,Sylt marmelad gelé äppelmos o dyl,0.0,mg
1806,Krusbärssylt,Vitamin B12,Sylt marmelad gelé äppelmos o dyl,0.0,µg
1806,Krusbärssylt,Vitamin A,Sylt marmelad gelé äppelmos o dyl,6.7,RE/µg
1806,Krusbärssylt,Vatten,Sylt marmelad gelé äppelmos o dyl,59.0,g
1806,Krusbärssylt,Tiamin,Sylt marmelad gelé äppelmos o dyl,0.01,mg
1806,Krusbärssylt,Tillsatt socker,Sylt marmelad gelé äppelmos o dyl,34.0,g
1806,Krusbärssylt,Fritt socker,Sylt marmelad gelé äppelmos o dyl,38.0,g
1806,Krusbärssylt,"Selen, Se",Sylt marmelad gelé äppelmos o dyl,0.0,µg
1806,Krusbärssylt,Sackaros,Sylt marmelad gelé äppelmos o dyl,15.4,g
1806,Krusbärssylt,Riboflavin,Sylt marmelad gelé äppelmos o dyl,0.02,mg
1806,Krusbärssylt,Retinol,Sylt marmelad gelé äppelmos o dyl,0.0,µg
1806,Krusbärssylt,Protein,Sylt marmelad gelé äppelmos o dyl,0.3,g
1806,Krusbärssylt,Summa fleromättade fettsyror,Sylt marmelad gelé äppelmos o dyl,0.1,g
1806,Krusbärssylt,"Fosfor, P",Sylt marmelad gelé äppelmos o dyl,10.0,mg
1806,Krusbärssylt,Niacinekvivalenter,Sylt marmelad gelé äppelmos o dyl,0.15,NE/mg
1806,Krusbärssylt,Niacin,Sylt marmelad gelé äppelmos o dyl,0.1,mg
1806,Krusbärssylt,"Salt, NaCl",Sylt marmelad gelé äppelmos o dyl,0.1,g
1806,Krusbärssylt,"Natrium, Na",Sylt marmelad gelé äppelmos o dyl,30.0,mg
1806,Krusbärssylt,Monosackarider,Sylt marmelad gelé äppelmos o dyl,22.6,g
1806,Krusbärssylt,"Sockerarter, totalt",Sylt marmelad gelé äppelmos o dyl,38.0,g
1806,Krusbärssylt,Summa enkelomättade fettsyror,Sylt marmelad gelé äppelmos o dyl,0.0,g
1806,Krusbärssylt,"Magnesium, Mg",Sylt marmelad gelé äppelmos o dyl,6.0,mg
1806,Krusbärssylt,Summa mättade fettsyror,Sylt marmelad gelé äppelmos o dyl,0.0,g
1806,Krusbärssylt,"Kolhydrater, tillgängliga",Sylt marmelad gelé äppelmos o dyl,38.5,g
1806,Krusbärssylt,Kolesterol,Sylt marmelad gelé äppelmos o dyl,0.0,mg
1806,Krusbärssylt,"Kalium, K",Sylt marmelad gelé äppelmos o dyl,60.0,mg
1806,Krusbärssylt,"Jod, I",Sylt marmelad gelé äppelmos o dyl,0.3,µg
1806,Krusbärssylt,Fullkorn totalt,Sylt marmelad gelé äppelmos o dyl,0.0,g
1806,Krusbärssylt,"Folat, totalt",Sylt marmelad gelé äppelmos o dyl,2.0,µg
1806,Krusbärssylt,Fibrer,Sylt marmelad gelé äppelmos o dyl,1.8,g
1806,Krusbärssylt,"Fett, totalt",Sylt marmelad gelé äppelmos o dyl,0.2,g
1806,Krusbärssylt,"Järn, Fe",Sylt marmelad gelé äppelmos o dyl,0.1,mg
1806,Krusbärssylt,Energi (kJ),Sylt marmelad gelé äppelmos o dyl,681.0,kJ
1806,Krusbärssylt,Energi (kcal),Sylt marmelad gelé äppelmos o dyl,163.0,kcal
1806,Krusbärssylt,Disackarider,Sylt marmelad gelé äppelmos o dyl,15.4,g
1806,Krusbärssylt,"Kalcium, Ca",Sylt marmelad gelé äppelmos o dyl,10.0,mg
1806,Krusbärssylt,Fettsyra 4:0-10:0,Sylt marmelad gelé äppelmos o dyl,0.0,g
1806,Krusbärssylt,DHA (C22:6),Sylt marmelad gelé äppelmos o dyl,0.0,g
1806,Krusbärssylt,DPA (C22:5),Sylt marmelad gelé äppelmos o dyl,0.0,g
1806,Krusbärssylt,EPA (C20:5),Sylt marmelad gelé äppelmos o dyl,0.0,g
1806,Krusbärssylt,Arakidonsyra C20:4,Sylt marmelad gelé äppelmos o dyl,0.0,g
1806,Krusbärssylt,Arakidinsyra C20:0,Sylt marmelad gelé äppelmos o dyl,0.0,g
1806,Krusbärssylt,Linolensyra C18:3,Sylt marmelad gelé äppelmos o dyl,0.0,g
1806,Krusbärssylt,Linolsyra C18:2,Sylt marmelad gelé äppelmos o dyl,0.0,g
1806,Krusbärssylt,Oljesyra C18:1,Sylt marmelad gelé äppelmos o dyl,0.0,g
1806,Krusbärssylt,Stearinsyra C18:0,Sylt marmelad gelé äppelmos o dyl,0.0,g
1806,Krusbärssylt,Palmitoljesyra C16:1,Sylt marmelad gelé äppelmos o dyl,0.0,g
1806,Krusbärssylt,Palmitinsyra C16:0,Sylt marmelad gelé äppelmos o dyl,0.0,g
1806,Krusbärssylt,Myristinsyra C14:0,Sylt marmelad gelé äppelmos o dyl,0.0,g
1806,Krusbärssylt,Laurinsyra C12:0,Sylt marmelad gelé äppelmos o dyl,0.0,g
1806,Krusbärssylt,Betakaroten/β-Karoten,Sylt marmelad gelé äppelmos o dyl,80.0,µg
1806,Krusbärssylt,Avfall (skal etc.),Sylt marmelad gelé äppelmos o dyl,0.0,%
1806,Krusbärssylt,Aska,Sylt marmelad gelé äppelmos o dyl,0.2,g
1806,Krusbärssylt,Alkohol,Sylt marmelad gelé äppelmos o dyl,0.0,g
1808,Körsbärssylt,"Zink, Zn",Sylt marmelad gelé äppelmos o dyl,0.1,mg
1808,Körsbärssylt,Vitamin E,Sylt marmelad gelé äppelmos o dyl,0.1,mg
1808,Körsbärssylt,Vitamin D inkl 25-OH-D3,Sylt marmelad gelé äppelmos o dyl,0.0,µg
1808,Körsbärssylt,Vitamin D,Sylt marmelad gelé äppelmos o dyl,0.0,µg
1808,Körsbärssylt,Vitamin C,Sylt marmelad gelé äppelmos o dyl,5.0,mg
1808,Körsbärssylt,Vitamin B6,Sylt marmelad gelé äppelmos o dyl,0.0,mg
1808,Körsbärssylt,Vitamin B12,Sylt marmelad gelé äppelmos o dyl,0.0,µg
1808,Körsbärssylt,Vitamin A,Sylt marmelad gelé äppelmos o dyl,17.5,RE/µg
1808,Körsbärssylt,Vatten,Sylt marmelad gelé äppelmos o dyl,55.0,g
1808,Körsbärssylt,Tiamin,Sylt marmelad gelé äppelmos o dyl,0.01,mg
1808,Körsbärssylt,Tillsatt socker,Sylt marmelad gelé äppelmos o dyl,28.0,g
1808,Körsbärssylt,Fritt socker,Sylt marmelad gelé äppelmos o dyl,40.0,g
1808,Körsbärssylt,"Selen, Se",Sylt marmelad gelé äppelmos o dyl,0.0,µg
1808,Körsbärssylt,Sackaros,Sylt marmelad gelé äppelmos o dyl,16.2,g
1808,Körsbärssylt,Riboflavin,Sylt marmelad gelé äppelmos o dyl,0.02,mg
1808,Körsbärssylt,Retinol,Sylt marmelad gelé äppelmos o dyl,0.0,µg
1808,Körsbärssylt,Protein,Sylt marmelad gelé äppelmos o dyl,0.7,g
1808,Körsbärssylt,Summa fleromättade fettsyror,Sylt marmelad gelé äppelmos o dyl,0.1,g
1808,Körsbärssylt,"Fosfor, P",Sylt marmelad gelé äppelmos o dyl,10.0,mg
1808,Körsbärssylt,Niacinekvivalenter,Sylt marmelad gelé äppelmos o dyl,0.32,NE/mg
1808,Körsbärssylt,Niacin,Sylt marmelad gelé äppelmos o dyl,0.2,mg
1808,Körsbärssylt,"Salt, NaCl",Sylt marmelad gelé äppelmos o dyl,0.1,g
1808,Körsbärssylt,"Natrium, Na",Sylt marmelad gelé äppelmos o dyl,30.0,mg
1808,Körsbärssylt,Monosackarider,Sylt marmelad gelé äppelmos o dyl,23.8,g
1808,Körsbärssylt,"Sockerarter, totalt",Sylt marmelad gelé äppelmos o dyl,40.0,g
1808,Körsbärssylt,Summa enkelomättade fettsyror,Sylt marmelad gelé äppelmos o dyl,0.1,g
1808,Körsbärssylt,"Magnesium, Mg",Sylt marmelad gelé äppelmos o dyl,6.0,mg
1808,Körsbärssylt,Summa mättade fettsyror,Sylt marmelad gelé äppelmos o dyl,0.1,g
1808,Körsbärssylt,"Kolhydrater, tillgängliga",Sylt marmelad gelé äppelmos o dyl,42.6,g
1808,Körsbärssylt,Kolesterol,Sylt marmelad gelé äppelmos o dyl,0.0,mg
1808,Körsbärssylt,"Kalium, K",Sylt marmelad gelé äppelmos o dyl,60.0,mg
1808,Körsbärssylt,"Jod, I",Sylt marmelad gelé äppelmos o dyl,0.0,µg
1808,Körsbärssylt,Fullkorn totalt,Sylt marmelad gelé äppelmos o dyl,0.0,g
1808,Körsbärssylt,"Folat, totalt",Sylt marmelad gelé äppelmos o dyl,1.4,µg
1808,Körsbärssylt,Fibrer,Sylt marmelad gelé äppelmos o dyl,1.2,g
1808,Körsbärssylt,"Fett, totalt",Sylt marmelad gelé äppelmos o dyl,0.3,g
1808,Körsbärssylt,"Järn, Fe",Sylt marmelad gelé äppelmos o dyl,0.1,mg
1808,Körsbärssylt,Energi (kJ),Sylt marmelad gelé äppelmos o dyl,757.0,kJ
1808,Körsbärssylt,Energi (kcal),Sylt marmelad gelé äppelmos o dyl,181.0,kcal
1808,Körsbärssylt,Disackarider,Sylt marmelad gelé äppelmos o dyl,16.2,g
1808,Körsbärssylt,"Kalcium, Ca",Sylt marmelad gelé äppelmos o dyl,10.0,mg
1808,Körsbärssylt,Fettsyra 4:0-10:0,Sylt marmelad gelé äppelmos o dyl,0.0,g
1808,Körsbärssylt,DHA (C22:6),Sylt marmelad gelé äppelmos o dyl,0.0,g
1808,Körsbärssylt,DPA (C22:5),Sylt marmelad gelé äppelmos o dyl,0.0,g
1808,Körsbärssylt,EPA (C20:5),Sylt marmelad gelé äppelmos o dyl,0.0,g
1808,Körsbärssylt,Arakidonsyra C20:4,Sylt marmelad gelé äppelmos o dyl,0.0,g
1808,Körsbärssylt,Arakidinsyra C20:0,Sylt marmelad gelé äppelmos o dyl,0.0,g
1808,Körsbärssylt,Linolensyra C18:3,Sylt marmelad gelé äppelmos o dyl,0.0,g
1808,Körsbärssylt,Linolsyra C18:2,Sylt marmelad gelé äppelmos o dyl,0.0,g
1808,Körsbärssylt,Oljesyra C18:1,Sylt marmelad gelé äppelmos o dyl,0.1,g
1808,Körsbärssylt,Stearinsyra C18:0,Sylt marmelad gelé äppelmos o dyl,0.0,g
1808,Körsbärssylt,Palmitoljesyra C16:1,Sylt marmelad gelé äppelmos o dyl,0.0,g
1808,Körsbärssylt,Palmitinsyra C16:0,Sylt marmelad gelé äppelmos o dyl,0.0,g
1808,Körsbärssylt,Myristinsyra C14:0,Sylt marmelad gelé äppelmos o dyl,0.0,g
1808,Körsbärssylt,Laurinsyra C12:0,Sylt marmelad gelé äppelmos o dyl,0.0,g
1808,Körsbärssylt,Betakaroten/β-Karoten,Sylt marmelad gelé äppelmos o dyl,210.0,µg
1808,Körsbärssylt,Avfall (skal etc.),Sylt marmelad gelé äppelmos o dyl,0.0,%
1808,Körsbärssylt,Aska,Sylt marmelad gelé äppelmos o dyl,0.2,g
1808,Körsbärssylt,Alkohol,Sylt marmelad gelé äppelmos o dyl,0.0,g
1809,Äppelmos,"Zink, Zn",Sylt marmelad gelé äppelmos o dyl,0.0,mg
1809,Äppelmos,Vitamin E,Sylt marmelad gelé äppelmos o dyl,0.1,mg
1809,Äppelmos,Vitamin D inkl 25-OH-D3,Sylt marmelad gelé äppelmos o dyl,0.0,µg
1809,Äppelmos,Vitamin D,Sylt marmelad gelé äppelmos o dyl,0.0,µg
1809,Äppelmos,Vitamin C,Sylt marmelad gelé äppelmos o dyl,1.0,mg
1809,Äppelmos,Vitamin B6,Sylt marmelad gelé äppelmos o dyl,0.03,mg
1809,Äppelmos,Vitamin B12,Sylt marmelad gelé äppelmos o dyl,0.0,µg
1809,Äppelmos,Vitamin A,Sylt marmelad gelé äppelmos o dyl,2.5,RE/µg
1809,Äppelmos,Vatten,Sylt marmelad gelé äppelmos o dyl,42.0,g
1809,Äppelmos,Tiamin,Sylt marmelad gelé äppelmos o dyl,0.1,mg
1809,Äppelmos,Tillsatt socker,Sylt marmelad gelé äppelmos o dyl,30.0,g
1809,Äppelmos,Fritt socker,Sylt marmelad gelé äppelmos o dyl,30.0,g
1809,Äppelmos,"Selen, Se",Sylt marmelad gelé äppelmos o dyl,0.0,µg
1809,Äppelmos,Sackaros,Sylt marmelad gelé äppelmos o dyl,8.2,g
1809,Äppelmos,Riboflavin,Sylt marmelad gelé äppelmos o dyl,0.02,mg
1809,Äppelmos,Retinol,Sylt marmelad gelé äppelmos o dyl,0.0,µg
1809,Äppelmos,Protein,Sylt marmelad gelé äppelmos o dyl,0.2,g
1809,Äppelmos,Summa fleromättade fettsyror,Sylt marmelad gelé äppelmos o dyl,0.0,g
1809,Äppelmos,"Fosfor, P",Sylt marmelad gelé äppelmos o dyl,24.0,mg
1809,Äppelmos,Niacinekvivalenter,Sylt marmelad gelé äppelmos o dyl,0.23,NE/mg
1809,Äppelmos,Niacin,Sylt marmelad gelé äppelmos o dyl,0.2,mg
1809,Äppelmos,"Salt, NaCl",Sylt marmelad gelé äppelmos o dyl,0.0,g
1809,Äppelmos,"Natrium, Na",Sylt marmelad gelé äppelmos o dyl,4.0,mg
1809,Äppelmos,Monosackarider,Sylt marmelad gelé äppelmos o dyl,35.9,g
1809,Äppelmos,"Sockerarter, totalt",Sylt marmelad gelé äppelmos o dyl,44.1,g
1809,Äppelmos,Summa enkelomättade fettsyror,Sylt marmelad gelé äppelmos o dyl,0.0,g
1809,Äppelmos,"Magnesium, Mg",Sylt marmelad gelé äppelmos o dyl,2.0,mg
1809,Äppelmos,Summa mättade fettsyror,Sylt marmelad gelé äppelmos o dyl,0.0,g
1809,Äppelmos,"Kolhydrater, tillgängliga",Sylt marmelad gelé äppelmos o dyl,56.9,g
1809,Äppelmos,Kolesterol,Sylt marmelad gelé äppelmos o dyl,0.0,mg
1809,Äppelmos,"Kalium, K",Sylt marmelad gelé äppelmos o dyl,112.0,mg
1809,Äppelmos,"Jod, I",Sylt marmelad gelé äppelmos o dyl,0.0,µg
1809,Äppelmos,Fullkorn totalt,Sylt marmelad gelé äppelmos o dyl,0.0,g
1809,Äppelmos,"Folat, totalt",Sylt marmelad gelé äppelmos o dyl,1.0,µg
1809,Äppelmos,Fibrer,Sylt marmelad gelé äppelmos o dyl,0.7,g
1809,Äppelmos,"Fett, totalt",Sylt marmelad gelé äppelmos o dyl,0.0,g
1809,Äppelmos,"Järn, Fe",Sylt marmelad gelé äppelmos o dyl,0.9,mg
1809,Äppelmos,Energi (kJ),Sylt marmelad gelé äppelmos o dyl,976.0,kJ
1809,Äppelmos,Energi (kcal),Sylt marmelad gelé äppelmos o dyl,233.0,kcal
1809,Äppelmos,Disackarider,Sylt marmelad gelé äppelmos o dyl,8.2,g
1809,Äppelmos,"Kalcium, Ca",Sylt marmelad gelé äppelmos o dyl,5.0,mg
1809,Äppelmos,Fettsyra 4:0-10:0,Sylt marmelad gelé äppelmos o dyl,0.0,g
1809,Äppelmos,DHA (C22:6),Sylt marmelad gelé äppelmos o dyl,0.0,g
1809,Äppelmos,DPA (C22:5),Sylt marmelad gelé äppelmos o dyl,0.0,g
1809,Äppelmos,EPA (C20:5),Sylt marmelad gelé äppelmos o dyl,0.0,g
1809,Äppelmos,Arakidonsyra C20:4,Sylt marmelad gelé äppelmos o dyl,0.0,g
1809,Äppelmos,Arakidinsyra C20:0,Sylt marmelad gelé äppelmos o dyl,0.0,g
1809,Äppelmos,Linolensyra C18:3,Sylt marmelad gelé äppelmos o dyl,0.0,g
1809,Äppelmos,Linolsyra C18:2,Sylt marmelad gelé äppelmos o dyl,0.0,g
1809,Äppelmos,Oljesyra C18:1,Sylt marmelad gelé äppelmos o dyl,0.0,g
1809,Äppelmos,Stearinsyra C18:0,Sylt marmelad gelé äppelmos o dyl,0.0,g
1809,Äppelmos,Palmitoljesyra C16:1,Sylt marmelad gelé äppelmos o dyl,0.0,g
1809,Äppelmos,Palmitinsyra C16:0,Sylt marmelad gelé äppelmos o dyl,0.0,g
1809,Äppelmos,Myristinsyra C14:0,Sylt marmelad gelé äppelmos o dyl,0.0,g
1809,Äppelmos,Laurinsyra C12:0,Sylt marmelad gelé äppelmos o dyl,0.0,g
1809,Äppelmos,Betakaroten/β-Karoten,Sylt marmelad gelé äppelmos o dyl,30.0,µg
1809,Äppelmos,Avfall (skal etc.),Sylt marmelad gelé äppelmos o dyl,0.0,%
1809,Äppelmos,Aska,Sylt marmelad gelé äppelmos o dyl,0.2,g
1809,Äppelmos,Alkohol,Sylt marmelad gelé äppelmos o dyl,0.0,g
1810,Äppelmos lättsockrad,"Zink, Zn",Sylt marmelad gelé äppelmos o dyl,0.0,mg
1810,Äppelmos lättsockrad,Vitamin E,Sylt marmelad gelé äppelmos o dyl,0.1,mg
1810,Äppelmos lättsockrad,Vitamin D inkl 25-OH-D3,Sylt marmelad gelé äppelmos o dyl,0.0,µg
1810,Äppelmos lättsockrad,Vitamin D,Sylt marmelad gelé äppelmos o dyl,0.0,µg
1810,Äppelmos lättsockrad,Vitamin C,Sylt marmelad gelé äppelmos o dyl,1.0,mg
1810,Äppelmos lättsockrad,Vitamin B6,Sylt marmelad gelé äppelmos o dyl,0.03,mg
1810,Äppelmos lättsockrad,Vitamin B12,Sylt marmelad gelé äppelmos o dyl,0.0,µg
1810,Äppelmos lättsockrad,Vitamin A,Sylt marmelad gelé äppelmos o dyl,2.0,RE/µg
1810,Äppelmos lättsockrad,Vatten,Sylt marmelad gelé äppelmos o dyl,68.0,g
1810,Äppelmos lättsockrad,Tiamin,Sylt marmelad gelé äppelmos o dyl,0.02,mg
1810,Äppelmos lättsockrad,Tillsatt socker,Sylt marmelad gelé äppelmos o dyl,20.0,g
1810,Äppelmos lättsockrad,Fritt socker,Sylt marmelad gelé äppelmos o dyl,32.0,g
1810,Äppelmos lättsockrad,"Selen, Se",Sylt marmelad gelé äppelmos o dyl,0.0,µg
1810,Äppelmos lättsockrad,Sackaros,Sylt marmelad gelé äppelmos o dyl,10.0,g
1810,Äppelmos lättsockrad,Riboflavin,Sylt marmelad gelé äppelmos o dyl,0.01,mg
1810,Äppelmos lättsockrad,Retinol,Sylt marmelad gelé äppelmos o dyl,0.0,µg
1810,Äppelmos lättsockrad,Protein,Sylt marmelad gelé äppelmos o dyl,0.2,g
1810,Äppelmos lättsockrad,Summa fleromättade fettsyror,Sylt marmelad gelé äppelmos o dyl,0.0,g
1810,Äppelmos lättsockrad,"Fosfor, P",Sylt marmelad gelé äppelmos o dyl,24.0,mg
1810,Äppelmos lättsockrad,Niacinekvivalenter,Sylt marmelad gelé äppelmos o dyl,0.23,NE/mg
1810,Äppelmos lättsockrad,Niacin,Sylt marmelad gelé äppelmos o dyl,0.2,mg
1810,Äppelmos lättsockrad,"Salt, NaCl",Sylt marmelad gelé äppelmos o dyl,0.0,g
1810,Äppelmos lättsockrad,"Natrium, Na",Sylt marmelad gelé äppelmos o dyl,4.0,mg
1810,Äppelmos lättsockrad,Monosackarider,Sylt marmelad gelé äppelmos o dyl,21.7,g
1810,Äppelmos lättsockrad,"Sockerarter, totalt",Sylt marmelad gelé äppelmos o dyl,31.7,g
1810,Äppelmos lättsockrad,Summa enkelomättade fettsyror,Sylt marmelad gelé äppelmos o dyl,0.0,g
1810,Äppelmos lättsockrad,"Magnesium, Mg",Sylt marmelad gelé äppelmos o dyl,2.0,mg
1810,Äppelmos lättsockrad,Summa mättade fettsyror,Sylt marmelad gelé äppelmos o dyl,0.0,g
1810,Äppelmos lättsockrad,"Kolhydrater, tillgängliga",Sylt marmelad gelé äppelmos o dyl,30.9,g
1810,Äppelmos lättsockrad,Kolesterol,Sylt marmelad gelé äppelmos o dyl,0.0,mg
1810,Äppelmos lättsockrad,"Kalium, K",Sylt marmelad gelé äppelmos o dyl,112.0,mg
1810,Äppelmos lättsockrad,"Jod, I",Sylt marmelad gelé äppelmos o dyl,0.0,µg
1810,Äppelmos lättsockrad,Fullkorn totalt,Sylt marmelad gelé äppelmos o dyl,0.0,g
1810,Äppelmos lättsockrad,"Folat, totalt",Sylt marmelad gelé äppelmos o dyl,1.0,µg
1810,Äppelmos lättsockrad,Fibrer,Sylt marmelad gelé äppelmos o dyl,0.7,g
1810,Äppelmos lättsockrad,"Fett, totalt",Sylt marmelad gelé äppelmos o dyl,0.0,g
1810,Äppelmos lättsockrad,"Järn, Fe",Sylt marmelad gelé äppelmos o dyl,0.5,mg
1810,Äppelmos lättsockrad,Energi (kJ),Sylt marmelad gelé äppelmos o dyl,534.0,kJ
1810,Äppelmos lättsockrad,Energi (kcal),Sylt marmelad gelé äppelmos o dyl,128.0,kcal
1810,Äppelmos lättsockrad,Disackarider,Sylt marmelad gelé äppelmos o dyl,10.0,g
1810,Äppelmos lättsockrad,"Kalcium, Ca",Sylt marmelad gelé äppelmos o dyl,5.0,mg
1810,Äppelmos lättsockrad,Fettsyra 4:0-10:0,Sylt marmelad gelé äppelmos o dyl,0.0,g
1810,Äppelmos lättsockrad,DHA (C22:6),Sylt marmelad gelé äppelmos o dyl,0.0,g
1810,Äppelmos lättsockrad,DPA (C22:5),Sylt marmelad gelé äppelmos o dyl,0.0,g
1810,Äppelmos lättsockrad,EPA (C20:5),Sylt marmelad gelé äppelmos o dyl,0.0,g
1810,Äppelmos lättsockrad,Arakidonsyra C20:4,Sylt marmelad gelé äppelmos o dyl,0.0,g
1810,Äppelmos lättsockrad,Arakidinsyra C20:0,Sylt marmelad gelé äppelmos o dyl,0.0,g
1810,Äppelmos lättsockrad,Linolensyra C18:3,Sylt marmelad gelé äppelmos o dyl,0.0,g
1810,Äppelmos lättsockrad,Linolsyra C18:2,Sylt marmelad gelé äppelmos o dyl,0.0,g
1810,Äppelmos lättsockrad,Oljesyra C18:1,Sylt marmelad gelé äppelmos o dyl,0.0,g
1810,Äppelmos lättsockrad,Stearinsyra C18:0,Sylt marmelad gelé äppelmos o dyl,0.0,g
1810,Äppelmos lättsockrad,Palmitoljesyra C16:1,Sylt marmelad gelé äppelmos o dyl,0.0,g
1810,Äppelmos lättsockrad,Palmitinsyra C16:0,Sylt marmelad gelé äppelmos o dyl,0.0,g
1810,Äppelmos lättsockrad,Myristinsyra C14:0,Sylt marmelad gelé äppelmos o dyl,0.0,g
1810,Äppelmos lättsockrad,Laurinsyra C12:0,Sylt marmelad gelé äppelmos o dyl,0.0,g
1810,Äppelmos lättsockrad,Betakaroten/β-Karoten,Sylt marmelad gelé äppelmos o dyl,24.0,µg
1810,Äppelmos lättsockrad,Avfall (skal etc.),Sylt marmelad gelé äppelmos o dyl,0.0,%
1810,Äppelmos lättsockrad,Aska,Sylt marmelad gelé äppelmos o dyl,0.2,g
1810,Äppelmos lättsockrad,Alkohol,Sylt marmelad gelé äppelmos o dyl,0.0,g
1811,Äppelmos osötad el. sötningsm.,"Zink, Zn",Sylt marmelad gelé äppelmos o dyl,0.1,mg
1811,Äppelmos osötad el. sötningsm.,Vitamin E,Sylt marmelad gelé äppelmos o dyl,0.1,mg
1811,Äppelmos osötad el. sötningsm.,Vitamin D inkl 25-OH-D3,Sylt marmelad gelé äppelmos o dyl,0.0,µg
1811,Äppelmos osötad el. sötningsm.,Vitamin D,Sylt marmelad gelé äppelmos o dyl,0.0,µg
1811,Äppelmos osötad el. sötningsm.,Vitamin C,Sylt marmelad gelé äppelmos o dyl,0.0,mg
1811,Äppelmos osötad el. sötningsm.,Vitamin B6,Sylt marmelad gelé äppelmos o dyl,0.03,mg
1811,Äppelmos osötad el. sötningsm.,Vitamin B12,Sylt marmelad gelé äppelmos o dyl,0.0,µg
1811,Äppelmos osötad el. sötningsm.,Vitamin A,Sylt marmelad gelé äppelmos o dyl,4.5,RE/µg
1811,Äppelmos osötad el. sötningsm.,Vatten,Sylt marmelad gelé äppelmos o dyl,87.7,g
1811,Äppelmos osötad el. sötningsm.,Tiamin,Sylt marmelad gelé äppelmos o dyl,0.03,mg
1811,Äppelmos osötad el. sötningsm.,Tillsatt socker,Sylt marmelad gelé äppelmos o dyl,0.0,g
1811,Äppelmos osötad el. sötningsm.,Fritt socker,Sylt marmelad gelé äppelmos o dyl,0.0,g
1811,Äppelmos osötad el. sötningsm.,"Selen, Se",Sylt marmelad gelé äppelmos o dyl,0.0,µg
1811,Äppelmos osötad el. sötningsm.,Sackaros,Sylt marmelad gelé äppelmos o dyl,2.0,g
1811,Äppelmos osötad el. sötningsm.,Riboflavin,Sylt marmelad gelé äppelmos o dyl,0.04,mg
1811,Äppelmos osötad el. sötningsm.,Retinol,Sylt marmelad gelé äppelmos o dyl,0.0,µg
1811,Äppelmos osötad el. sötningsm.,Protein,Sylt marmelad gelé äppelmos o dyl,0.2,g
1811,Äppelmos osötad el. sötningsm.,Summa fleromättade fettsyror,Sylt marmelad gelé äppelmos o dyl,0.0,g
1811,Äppelmos osötad el. sötningsm.,"Fosfor, P",Sylt marmelad gelé äppelmos o dyl,12.0,mg
1811,Äppelmos osötad el. sötningsm.,Niacinekvivalenter,Sylt marmelad gelé äppelmos o dyl,0.13,NE/mg
1811,Äppelmos osötad el. sötningsm.,Niacin,Sylt marmelad gelé äppelmos o dyl,0.1,mg
1811,Äppelmos osötad el. sötningsm.,"Salt, NaCl",Sylt marmelad gelé äppelmos o dyl,0.0,g
1811,Äppelmos osötad el. sötningsm.,"Natrium, Na",Sylt marmelad gelé äppelmos o dyl,15.0,mg
1811,Äppelmos osötad el. sötningsm.,Monosackarider,Sylt marmelad gelé äppelmos o dyl,8.0,g
1811,Äppelmos osötad el. sötningsm.,"Sockerarter, totalt",Sylt marmelad gelé äppelmos o dyl,10.0,g
1811,Äppelmos osötad el. sötningsm.,Summa enkelomättade fettsyror,Sylt marmelad gelé äppelmos o dyl,0.0,g
1811,Äppelmos osötad el. sötningsm.,"Magnesium, Mg",Sylt marmelad gelé äppelmos o dyl,5.0,mg
1811,Äppelmos osötad el. sötningsm.,Summa mättade fettsyror,Sylt marmelad gelé äppelmos o dyl,0.0,g
1811,Äppelmos osötad el. sötningsm.,"Kolhydrater, tillgängliga",Sylt marmelad gelé äppelmos o dyl,11.3,g
1811,Äppelmos osötad el. sötningsm.,Kolesterol,Sylt marmelad gelé äppelmos o dyl,0.0,mg
1811,Äppelmos osötad el. sötningsm.,"Kalium, K",Sylt marmelad gelé äppelmos o dyl,170.0,mg
1811,Äppelmos osötad el. sötningsm.,"Jod, I",Sylt marmelad gelé äppelmos o dyl,0.0,µg
1811,Äppelmos osötad el. sötningsm.,Fullkorn totalt,Sylt marmelad gelé äppelmos o dyl,0.0,g
1811,Äppelmos osötad el. sötningsm.,"Folat, totalt",Sylt marmelad gelé äppelmos o dyl,1.0,µg
1811,Äppelmos osötad el. sötningsm.,Fibrer,Sylt marmelad gelé äppelmos o dyl,0.7,g
1811,Äppelmos osötad el. sötningsm.,"Fett, totalt",Sylt marmelad gelé äppelmos o dyl,0.0,g
1811,Äppelmos osötad el. sötningsm.,"Järn, Fe",Sylt marmelad gelé äppelmos o dyl,0.3,mg
1811,Äppelmos osötad el. sötningsm.,Energi (kJ),Sylt marmelad gelé äppelmos o dyl,201.0,kJ
1811,Äppelmos osötad el. sötningsm.,Energi (kcal),Sylt marmelad gelé äppelmos o dyl,48.0,kcal
1811,Äppelmos osötad el. sötningsm.,Disackarider,Sylt marmelad gelé äppelmos o dyl,2.0,g
1811,Äppelmos osötad el. sötningsm.,"Kalcium, Ca",Sylt marmelad gelé äppelmos o dyl,10.0,mg
1811,Äppelmos osötad el. sötningsm.,Fettsyra 4:0-10:0,Sylt marmelad gelé äppelmos o dyl,0.0,g
1811,Äppelmos osötad el. sötningsm.,DHA (C22:6),Sylt marmelad gelé äppelmos o dyl,0.0,g
1811,Äppelmos osötad el. sötningsm.,DPA (C22:5),Sylt marmelad gelé äppelmos o dyl,0.0,g
1811,Äppelmos osötad el. sötningsm.,EPA (C20:5),Sylt marmelad gelé äppelmos o dyl,0.0,g
1811,Äppelmos osötad el. sötningsm.,Arakidonsyra C20:4,Sylt marmelad gelé äppelmos o dyl,0.0,g
1811,Äppelmos osötad el. sötningsm.,Arakidinsyra C20:0,Sylt marmelad gelé äppelmos o dyl,0.0,g
1811,Äppelmos osötad el. sötningsm.,Linolensyra C18:3,Sylt marmelad gelé äppelmos o dyl,0.0,g
1811,Äppelmos osötad el. sötningsm.,Linolsyra C18:2,Sylt marmelad gelé äppelmos o dyl,0.0,g
1811,Äppelmos osötad el. sötningsm.,Oljesyra C18:1,Sylt marmelad gelé äppelmos o dyl,0.0,g
1811,Äppelmos osötad el. sötningsm.,Stearinsyra C18:0,Sylt marmelad gelé äppelmos o dyl,0.0,g
1811,Äppelmos osötad el. sötningsm.,Palmitoljesyra C16:1,Sylt marmelad gelé äppelmos o dyl,0.0,g
1811,Äppelmos osötad el. sötningsm.,Palmitinsyra C16:0,Sylt marmelad gelé äppelmos o dyl,0.0,g
1811,Äppelmos osötad el. sötningsm.,Myristinsyra C14:0,Sylt marmelad gelé äppelmos o dyl,0.0,g
1811,Äppelmos osötad el. sötningsm.,Laurinsyra C12:0,Sylt marmelad gelé äppelmos o dyl,0.0,g
1811,Äppelmos osötad el. sötningsm.,Betakaroten/β-Karoten,Sylt marmelad gelé äppelmos o dyl,54.0,µg
1811,Äppelmos osötad el. sötningsm.,Avfall (skal etc.),Sylt marmelad gelé äppelmos o dyl,0.0,%
1811,Äppelmos osötad el. sötningsm.,Aska,Sylt marmelad gelé äppelmos o dyl,0.1,g
1811,Äppelmos osötad el. sötningsm.,Alkohol,Sylt marmelad gelé äppelmos o dyl,0.0,g
1812,Cumberlandsås,"Zink, Zn",Sylt marmelad gelé äppelmos o dyl,0.1,mg
1812,Cumberlandsås,Vitamin E,Sylt marmelad gelé äppelmos o dyl,0.6,mg
1812,Cumberlandsås,Vitamin D inkl 25-OH-D3,Sylt marmelad gelé äppelmos o dyl,0.0,µg
1812,Cumberlandsås,Vitamin D,Sylt marmelad gelé äppelmos o dyl,0.0,µg
1812,Cumberlandsås,Vitamin C,Sylt marmelad gelé äppelmos o dyl,13.5,mg
1812,Cumberlandsås,Vitamin B6,Sylt marmelad gelé äppelmos o dyl,0.03,mg
1812,Cumberlandsås,Vitamin B12,Sylt marmelad gelé äppelmos o dyl,0.0,µg
1812,Cumberlandsås,Vitamin A,Sylt marmelad gelé äppelmos o dyl,3.3,RE/µg
1812,Cumberlandsås,Vatten,Sylt marmelad gelé äppelmos o dyl,48.2,g
1812,Cumberlandsås,Tiamin,Sylt marmelad gelé äppelmos o dyl,0.02,mg
1812,Cumberlandsås,Tillsatt socker,Sylt marmelad gelé äppelmos o dyl,39.0,g
1812,Cumberlandsås,Fritt socker,Sylt marmelad gelé äppelmos o dyl,44.0,g
1812,Cumberlandsås,"Selen, Se",Sylt marmelad gelé äppelmos o dyl,0.5,µg
1812,Cumberlandsås,Sackaros,Sylt marmelad gelé äppelmos o dyl,18.6,g
1812,Cumberlandsås,Riboflavin,Sylt marmelad gelé äppelmos o dyl,0.02,mg
1812,Cumberlandsås,Retinol,Sylt marmelad gelé äppelmos o dyl,0.0,µg
1812,Cumberlandsås,Protein,Sylt marmelad gelé äppelmos o dyl,0.6,g
1812,Cumberlandsås,Summa fleromättade fettsyror,Sylt marmelad gelé äppelmos o dyl,0.1,g
1812,Cumberlandsås,"Fosfor, P",Sylt marmelad gelé äppelmos o dyl,16.0,mg
1812,Cumberlandsås,Niacinekvivalenter,Sylt marmelad gelé äppelmos o dyl,0.26,NE/mg
1812,Cumberlandsås,Niacin,Sylt marmelad gelé äppelmos o dyl,0.16,mg
1812,Cumberlandsås,"Salt, NaCl",Sylt marmelad gelé äppelmos o dyl,0.0,g
1812,Cumberlandsås,"Natrium, Na",Sylt marmelad gelé äppelmos o dyl,15.0,mg
1812,Cumberlandsås,Monosackarider,Sylt marmelad gelé äppelmos o dyl,25.5,g
1812,Cumberlandsås,"Sockerarter, totalt",Sylt marmelad gelé äppelmos o dyl,44.1,g
1812,Cumberlandsås,Summa enkelomättade fettsyror,Sylt marmelad gelé äppelmos o dyl,0.2,g
1812,Cumberlandsås,"Magnesium, Mg",Sylt marmelad gelé äppelmos o dyl,12.0,mg
1812,Cumberlandsås,Summa mättade fettsyror,Sylt marmelad gelé äppelmos o dyl,0.0,g
1812,Cumberlandsås,"Kolhydrater, tillgängliga",Sylt marmelad gelé äppelmos o dyl,48.0,g
1812,Cumberlandsås,Kolesterol,Sylt marmelad gelé äppelmos o dyl,0.0,mg
1812,Cumberlandsås,"Kalium, K",Sylt marmelad gelé äppelmos o dyl,113.0,mg
1812,Cumberlandsås,"Jod, I",Sylt marmelad gelé äppelmos o dyl,0.3,µg
1812,Cumberlandsås,Fullkorn totalt,Sylt marmelad gelé äppelmos o dyl,0.0,g
1812,Cumberlandsås,"Folat, totalt",Sylt marmelad gelé äppelmos o dyl,4.2,µg
1812,Cumberlandsås,Fibrer,Sylt marmelad gelé äppelmos o dyl,0.7,g
1812,Cumberlandsås,"Fett, totalt",Sylt marmelad gelé äppelmos o dyl,0.3,g
1812,Cumberlandsås,"Järn, Fe",Sylt marmelad gelé äppelmos o dyl,0.9,mg
1812,Cumberlandsås,Energi (kJ),Sylt marmelad gelé äppelmos o dyl,895.0,kJ
1812,Cumberlandsås,Energi (kcal),Sylt marmelad gelé äppelmos o dyl,214.0,kcal
1812,Cumberlandsås,Disackarider,Sylt marmelad gelé äppelmos o dyl,18.6,g
1812,Cumberlandsås,"Kalcium, Ca",Sylt marmelad gelé äppelmos o dyl,40.0,mg
1812,Cumberlandsås,Fettsyra 4:0-10:0,Sylt marmelad gelé äppelmos o dyl,0.0,g
1812,Cumberlandsås,DHA (C22:6),Sylt marmelad gelé äppelmos o dyl,0.0,g
1812,Cumberlandsås,DPA (C22:5),Sylt marmelad gelé äppelmos o dyl,0.0,g
1812,Cumberlandsås,EPA (C20:5),Sylt marmelad gelé äppelmos o dyl,0.0,g
1812,Cumberlandsås,Arakidonsyra C20:4,Sylt marmelad gelé äppelmos o dyl,0.0,g
1812,Cumberlandsås,Arakidinsyra C20:0,Sylt marmelad gelé äppelmos o dyl,0.0,g
1812,Cumberlandsås,Linolensyra C18:3,Sylt marmelad gelé äppelmos o dyl,0.0,g
1812,Cumberlandsås,Linolsyra C18:2,Sylt marmelad gelé äppelmos o dyl,0.0,g
1812,Cumberlandsås,Oljesyra C18:1,Sylt marmelad gelé äppelmos o dyl,0.1,g
1812,Cumberlandsås,Stearinsyra C18:0,Sylt marmelad gelé äppelmos o dyl,0.0,g
1812,Cumberlandsås,Palmitoljesyra C16:1,Sylt marmelad gelé äppelmos o dyl,0.0,g
1812,Cumberlandsås,Palmitinsyra C16:0,Sylt marmelad gelé äppelmos o dyl,0.0,g
1812,Cumberlandsås,Myristinsyra C14:0,Sylt marmelad gelé äppelmos o dyl,0.0,g
1812,Cumberlandsås,Laurinsyra C12:0,Sylt marmelad gelé äppelmos o dyl,0.0,g
1812,Cumberlandsås,Betakaroten/β-Karoten,Sylt marmelad gelé äppelmos o dyl,39.0,µg
1812,Cumberlandsås,Avfall (skal etc.),Sylt marmelad gelé äppelmos o dyl,0.0,%
1812,Cumberlandsås,Aska,Sylt marmelad gelé äppelmos o dyl,0.4,g
1812,Cumberlandsås,Alkohol,Sylt marmelad gelé äppelmos o dyl,1.83,g
1814,Apelsinsaft konc. berikad,"Zink, Zn",Saft läsk cider u alkohol ,0.0,mg
1814,Apelsinsaft konc. berikad,Vitamin E,Saft läsk cider u alkohol ,0.1,mg
1814,Apelsinsaft konc. berikad,Vitamin D inkl 25-OH-D3,Saft läsk cider u alkohol ,0.0,µg
1814,Apelsinsaft konc. berikad,Vitamin D,Saft läsk cider u alkohol ,0.0,µg
1814,Apelsinsaft konc. berikad,Vitamin C,Saft läsk cider u alkohol ,140.0,mg
1814,Apelsinsaft konc. berikad,Vitamin B6,Saft läsk cider u alkohol ,0.0,mg
1814,Apelsinsaft konc. berikad,Vitamin B12,Saft läsk cider u alkohol ,0.0,µg
1814,Apelsinsaft konc. berikad,Vitamin A,Saft läsk cider u alkohol ,4.5,RE/µg
1814,Apelsinsaft konc. berikad,Vatten,Saft läsk cider u alkohol ,52.0,g
1814,Apelsinsaft konc. berikad,Tiamin,Saft läsk cider u alkohol ,0.04,mg
1814,Apelsinsaft konc. berikad,Tillsatt socker,Saft läsk cider u alkohol ,42.0,g
1814,Apelsinsaft konc. berikad,Fritt socker,Saft läsk cider u alkohol ,46.0,g
1814,Apelsinsaft konc. berikad,"Selen, Se",Saft läsk cider u alkohol ,0.0,µg
1814,Apelsinsaft konc. berikad,Sackaros,Saft läsk cider u alkohol ,30.4,g
1814,Apelsinsaft konc. berikad,Riboflavin,Saft läsk cider u alkohol ,0.0,mg
1814,Apelsinsaft konc. berikad,Retinol,Saft läsk cider u alkohol ,0.0,µg
1814,Apelsinsaft konc. berikad,Protein,Saft läsk cider u alkohol ,0.3,g
1814,Apelsinsaft konc. berikad,Summa fleromättade fettsyror,Saft läsk cider u alkohol ,0.0,g
1814,Apelsinsaft konc. berikad,"Fosfor, P",Saft läsk cider u alkohol ,7.0,mg
1814,Apelsinsaft konc. berikad,Niacinekvivalenter,Saft läsk cider u alkohol ,0.15,NE/mg
1814,Apelsinsaft konc. berikad,Niacin,Saft läsk cider u alkohol ,0.1,mg
1814,Apelsinsaft konc. berikad,"Salt, NaCl",Saft läsk cider u alkohol ,0.1,g
1814,Apelsinsaft konc. berikad,"Natrium, Na",Saft läsk cider u alkohol ,22.0,mg
1814,Apelsinsaft konc. berikad,Monosackarider,Saft läsk cider u alkohol ,15.6,g
1814,Apelsinsaft konc. berikad,"Sockerarter, totalt",Saft läsk cider u alkohol ,46.0,g
1814,Apelsinsaft konc. berikad,Summa enkelomättade fettsyror,Saft läsk cider u alkohol ,0.0,g
1814,Apelsinsaft konc. berikad,"Magnesium, Mg",Saft läsk cider u alkohol ,0.0,mg
1814,Apelsinsaft konc. berikad,Summa mättade fettsyror,Saft läsk cider u alkohol ,0.0,g
1814,Apelsinsaft konc. berikad,"Kolhydrater, tillgängliga",Saft läsk cider u alkohol ,47.5,g
1814,Apelsinsaft konc. berikad,Kolesterol,Saft läsk cider u alkohol ,0.0,mg
1814,Apelsinsaft konc. berikad,"Kalium, K",Saft läsk cider u alkohol ,96.0,mg
1814,Apelsinsaft konc. berikad,"Jod, I",Saft läsk cider u alkohol ,1.0,µg
1814,Apelsinsaft konc. berikad,Fullkorn totalt,Saft läsk cider u alkohol ,0.0,g
1814,Apelsinsaft konc. berikad,"Folat, totalt",Saft läsk cider u alkohol ,5.0,µg
1814,Apelsinsaft konc. berikad,Fibrer,Saft läsk cider u alkohol ,0.0,g
1814,Apelsinsaft konc. berikad,"Fett, totalt",Saft läsk cider u alkohol ,0.0,g
1814,Apelsinsaft konc. berikad,"Järn, Fe",Saft läsk cider u alkohol ,0.0,mg
1814,Apelsinsaft konc. berikad,Energi (kJ),Saft läsk cider u alkohol ,813.0,kJ
1814,Apelsinsaft konc. berikad,Energi (kcal),Saft läsk cider u alkohol ,194.0,kcal
1814,Apelsinsaft konc. berikad,Disackarider,Saft läsk cider u alkohol ,30.4,g
1814,Apelsinsaft konc. berikad,"Kalcium, Ca",Saft läsk cider u alkohol ,4.0,mg
1814,Apelsinsaft konc. berikad,Fettsyra 4:0-10:0,Saft läsk cider u alkohol ,0.0,g
1814,Apelsinsaft konc. berikad,DHA (C22:6),Saft läsk cider u alkohol ,0.0,g
1814,Apelsinsaft konc. berikad,DPA (C22:5),Saft läsk cider u alkohol ,0.0,g
1814,Apelsinsaft konc. berikad,EPA (C20:5),Saft läsk cider u alkohol ,0.0,g
1814,Apelsinsaft konc. berikad,Arakidonsyra C20:4,Saft läsk cider u alkohol ,0.0,g
1814,Apelsinsaft konc. berikad,Arakidinsyra C20:0,Saft läsk cider u alkohol ,0.0,g
1814,Apelsinsaft konc. berikad,Linolensyra C18:3,Saft läsk cider u alkohol ,0.0,g
1814,Apelsinsaft konc. berikad,Linolsyra C18:2,Saft läsk cider u alkohol ,0.0,g
1814,Apelsinsaft konc. berikad,Oljesyra C18:1,Saft läsk cider u alkohol ,0.0,g
1814,Apelsinsaft konc. berikad,Stearinsyra C18:0,Saft läsk cider u alkohol ,0.0,g
1814,Apelsinsaft konc. berikad,Palmitoljesyra C16:1,Saft läsk cider u alkohol ,0.0,g
1814,Apelsinsaft konc. berikad,Palmitinsyra C16:0,Saft läsk cider u alkohol ,0.0,g
1814,Apelsinsaft konc. berikad,Myristinsyra C14:0,Saft läsk cider u alkohol ,0.0,g
1814,Apelsinsaft konc. berikad,Laurinsyra C12:0,Saft läsk cider u alkohol ,0.0,g
1814,Apelsinsaft konc. berikad,Betakaroten/β-Karoten,Saft läsk cider u alkohol ,54.0,µg
1814,Apelsinsaft konc. berikad,Avfall (skal etc.),Saft läsk cider u alkohol ,0.0,%
1814,Apelsinsaft konc. berikad,Aska,Saft läsk cider u alkohol ,0.2,g
1814,Apelsinsaft konc. berikad,Alkohol,Saft läsk cider u alkohol ,0.0,g
1815,Apelsinsaft drickf. berikad,"Zink, Zn",Saft läsk cider u alkohol ,0.0,mg
1815,Apelsinsaft drickf. berikad,Vitamin E,Saft läsk cider u alkohol ,0.0,mg
1815,Apelsinsaft drickf. berikad,Vitamin D inkl 25-OH-D3,Saft läsk cider u alkohol ,0.0,µg
1815,Apelsinsaft drickf. berikad,Vitamin D,Saft läsk cider u alkohol ,0.0,µg
1815,Apelsinsaft drickf. berikad,Vitamin C,Saft läsk cider u alkohol ,25.0,mg
1815,Apelsinsaft drickf. berikad,Vitamin B6,Saft läsk cider u alkohol ,0.0,mg
1815,Apelsinsaft drickf. berikad,Vitamin B12,Saft läsk cider u alkohol ,0.0,µg
1815,Apelsinsaft drickf. berikad,Vitamin A,Saft läsk cider u alkohol ,0.5,RE/µg
1815,Apelsinsaft drickf. berikad,Vatten,Saft läsk cider u alkohol ,92.5,g
1815,Apelsinsaft drickf. berikad,Tiamin,Saft läsk cider u alkohol ,0.01,mg
1815,Apelsinsaft drickf. berikad,Tillsatt socker,Saft läsk cider u alkohol ,7.0,g
1815,Apelsinsaft drickf. berikad,Fritt socker,Saft läsk cider u alkohol ,7.0,g
1815,Apelsinsaft drickf. berikad,"Selen, Se",Saft läsk cider u alkohol ,0.0,µg
1815,Apelsinsaft drickf. berikad,Sackaros,Saft läsk cider u alkohol ,4.9,g
1815,Apelsinsaft drickf. berikad,Riboflavin,Saft läsk cider u alkohol ,0.0,mg
1815,Apelsinsaft drickf. berikad,Retinol,Saft läsk cider u alkohol ,0.0,µg
1815,Apelsinsaft drickf. berikad,Protein,Saft läsk cider u alkohol ,0.0,g
1815,Apelsinsaft drickf. berikad,Summa fleromättade fettsyror,Saft läsk cider u alkohol ,0.0,g
1815,Apelsinsaft drickf. berikad,"Fosfor, P",Saft läsk cider u alkohol ,2.0,mg
1815,Apelsinsaft drickf. berikad,Niacinekvivalenter,Saft läsk cider u alkohol ,0.0,NE/mg
1815,Apelsinsaft drickf. berikad,Niacin,Saft läsk cider u alkohol ,0.0,mg
1815,Apelsinsaft drickf. berikad,"Salt, NaCl",Saft läsk cider u alkohol ,0.0,g
1815,Apelsinsaft drickf. berikad,"Natrium, Na",Saft läsk cider u alkohol ,4.0,mg
1815,Apelsinsaft drickf. berikad,Monosackarider,Saft läsk cider u alkohol ,2.5,g
1815,Apelsinsaft drickf. berikad,"Sockerarter, totalt",Saft läsk cider u alkohol ,7.4,g
1815,Apelsinsaft drickf. berikad,Summa enkelomättade fettsyror,Saft läsk cider u alkohol ,0.0,g
1815,Apelsinsaft drickf. berikad,"Magnesium, Mg",Saft läsk cider u alkohol ,6.0,mg
1815,Apelsinsaft drickf. berikad,Summa mättade fettsyror,Saft läsk cider u alkohol ,0.0,g
1815,Apelsinsaft drickf. berikad,"Kolhydrater, tillgängliga",Saft läsk cider u alkohol ,7.5,g
1815,Apelsinsaft drickf. berikad,Kolesterol,Saft läsk cider u alkohol ,0.0,mg
1815,Apelsinsaft drickf. berikad,"Kalium, K",Saft läsk cider u alkohol ,19.0,mg
1815,Apelsinsaft drickf. berikad,"Jod, I",Saft läsk cider u alkohol ,0.3,µg
1815,Apelsinsaft drickf. berikad,Fullkorn totalt,Saft läsk cider u alkohol ,0.0,g
1815,Apelsinsaft drickf. berikad,"Folat, totalt",Saft läsk cider u alkohol ,1.0,µg
1815,Apelsinsaft drickf. berikad,Fibrer,Saft läsk cider u alkohol ,0.0,g
1815,Apelsinsaft drickf. berikad,"Fett, totalt",Saft läsk cider u alkohol ,0.0,g
1815,Apelsinsaft drickf. berikad,"Järn, Fe",Saft läsk cider u alkohol ,0.0,mg
1815,Apelsinsaft drickf. berikad,Energi (kJ),Saft läsk cider u alkohol ,128.0,kJ
1815,Apelsinsaft drickf. berikad,Energi (kcal),Saft läsk cider u alkohol ,30.0,kcal
1815,Apelsinsaft drickf. berikad,Disackarider,Saft läsk cider u alkohol ,4.9,g
1815,Apelsinsaft drickf. berikad,"Kalcium, Ca",Saft läsk cider u alkohol ,1.0,mg
1815,Apelsinsaft drickf. berikad,Fettsyra 4:0-10:0,Saft läsk cider u alkohol ,0.0,g
1815,Apelsinsaft drickf. berikad,DHA (C22:6),Saft läsk cider u alkohol ,0.0,g
1815,Apelsinsaft drickf. berikad,DPA (C22:5),Saft läsk cider u alkohol ,0.0,g
1815,Apelsinsaft drickf. berikad,EPA (C20:5),Saft läsk cider u alkohol ,0.0,g
1815,Apelsinsaft drickf. berikad,Arakidonsyra C20:4,Saft läsk cider u alkohol ,0.0,g
1815,Apelsinsaft drickf. berikad,Arakidinsyra C20:0,Saft läsk cider u alkohol ,0.0,g
1815,Apelsinsaft drickf. berikad,Linolensyra C18:3,Saft läsk cider u alkohol ,0.0,g
1815,Apelsinsaft drickf. berikad,Linolsyra C18:2,Saft läsk cider u alkohol ,0.0,g
1815,Apelsinsaft drickf. berikad,Oljesyra C18:1,Saft läsk cider u alkohol ,0.0,g
1815,Apelsinsaft drickf. berikad,Stearinsyra C18:0,Saft läsk cider u alkohol ,0.0,g
1815,Apelsinsaft drickf. berikad,Palmitoljesyra C16:1,Saft läsk cider u alkohol ,0.0,g
1815,Apelsinsaft drickf. berikad,Palmitinsyra C16:0,Saft läsk cider u alkohol ,0.0,g
1815,Apelsinsaft drickf. berikad,Myristinsyra C14:0,Saft läsk cider u alkohol ,0.0,g
1815,Apelsinsaft drickf. berikad,Laurinsyra C12:0,Saft läsk cider u alkohol ,0.0,g
1815,Apelsinsaft drickf. berikad,Betakaroten/β-Karoten,Saft läsk cider u alkohol ,6.0,µg
1815,Apelsinsaft drickf. berikad,Avfall (skal etc.),Saft läsk cider u alkohol ,0.0,%
1815,Apelsinsaft drickf. berikad,Aska,Saft läsk cider u alkohol ,0.0,g
1815,Apelsinsaft drickf. berikad,Alkohol,Saft läsk cider u alkohol ,0.0,g
1817,Saft lättsockrad konc.,"Zink, Zn",Saft läsk cider u alkohol ,0.0,mg
1817,Saft lättsockrad konc.,Vitamin E,Saft läsk cider u alkohol ,0.0,mg
1817,Saft lättsockrad konc.,Vitamin D inkl 25-OH-D3,Saft läsk cider u alkohol ,0.0,µg
1817,Saft lättsockrad konc.,Vitamin D,Saft läsk cider u alkohol ,0.0,µg
1817,Saft lättsockrad konc.,Vitamin C,Saft läsk cider u alkohol ,0.0,mg
1817,Saft lättsockrad konc.,Vitamin B6,Saft läsk cider u alkohol ,0.0,mg
1817,Saft lättsockrad konc.,Vitamin B12,Saft läsk cider u alkohol ,0.0,µg
1817,Saft lättsockrad konc.,Vitamin A,Saft läsk cider u alkohol ,0.0,RE/µg
1817,Saft lättsockrad konc.,Vatten,Saft läsk cider u alkohol ,47.4,g
1817,Saft lättsockrad konc.,Tiamin,Saft läsk cider u alkohol ,0.0,mg
1817,Saft lättsockrad konc.,Tillsatt socker,Saft läsk cider u alkohol ,52.0,g
1817,Saft lättsockrad konc.,Fritt socker,Saft läsk cider u alkohol ,52.0,g
1817,Saft lättsockrad konc.,"Selen, Se",Saft läsk cider u alkohol ,0.0,µg
1817,Saft lättsockrad konc.,Sackaros,Saft läsk cider u alkohol ,28.6,g
1817,Saft lättsockrad konc.,Riboflavin,Saft läsk cider u alkohol ,0.0,mg
1817,Saft lättsockrad konc.,Retinol,Saft läsk cider u alkohol ,0.0,µg
1817,Saft lättsockrad konc.,Protein,Saft läsk cider u alkohol ,0.0,g
1817,Saft lättsockrad konc.,Summa fleromättade fettsyror,Saft läsk cider u alkohol ,0.0,g
1817,Saft lättsockrad konc.,"Fosfor, P",Saft läsk cider u alkohol ,6.0,mg
1817,Saft lättsockrad konc.,Niacinekvivalenter,Saft läsk cider u alkohol ,0.2,NE/mg
1817,Saft lättsockrad konc.,Niacin,Saft läsk cider u alkohol ,0.19,mg
1817,Saft lättsockrad konc.,"Salt, NaCl",Saft läsk cider u alkohol ,0.0,g
1817,Saft lättsockrad konc.,"Natrium, Na",Saft läsk cider u alkohol ,16.0,mg
1817,Saft lättsockrad konc.,Monosackarider,Saft läsk cider u alkohol ,23.8,g
1817,Saft lättsockrad konc.,"Sockerarter, totalt",Saft läsk cider u alkohol ,52.4,g
1817,Saft lättsockrad konc.,Summa enkelomättade fettsyror,Saft läsk cider u alkohol ,0.0,g
1817,Saft lättsockrad konc.,"Magnesium, Mg",Saft läsk cider u alkohol ,6.0,mg
1817,Saft lättsockrad konc.,Summa mättade fettsyror,Saft läsk cider u alkohol ,0.0,g
1817,Saft lättsockrad konc.,"Kolhydrater, tillgängliga",Saft läsk cider u alkohol ,52.4,g
1817,Saft lättsockrad konc.,Kolesterol,Saft läsk cider u alkohol ,0.0,mg
1817,Saft lättsockrad konc.,"Kalium, K",Saft läsk cider u alkohol ,94.0,mg
1817,Saft lättsockrad konc.,"Jod, I",Saft läsk cider u alkohol ,1.0,µg
1817,Saft lättsockrad konc.,Fullkorn totalt,Saft läsk cider u alkohol ,0.0,g
1817,Saft lättsockrad konc.,"Folat, totalt",Saft läsk cider u alkohol ,1.0,µg
1817,Saft lättsockrad konc.,Fibrer,Saft läsk cider u alkohol ,0.0,g
1817,Saft lättsockrad konc.,"Fett, totalt",Saft läsk cider u alkohol ,0.0,g
1817,Saft lättsockrad konc.,"Järn, Fe",Saft läsk cider u alkohol ,0.1,mg
1817,Saft lättsockrad konc.,Energi (kJ),Saft läsk cider u alkohol ,891.0,kJ
1817,Saft lättsockrad konc.,Energi (kcal),Saft läsk cider u alkohol ,213.0,kcal
1817,Saft lättsockrad konc.,Disackarider,Saft läsk cider u alkohol ,28.6,g
1817,Saft lättsockrad konc.,"Kalcium, Ca",Saft läsk cider u alkohol ,7.0,mg
1817,Saft lättsockrad konc.,Fettsyra 4:0-10:0,Saft läsk cider u alkohol ,0.0,g
1817,Saft lättsockrad konc.,DHA (C22:6),Saft läsk cider u alkohol ,0.0,g
1817,Saft lättsockrad konc.,DPA (C22:5),Saft läsk cider u alkohol ,0.0,g
1817,Saft lättsockrad konc.,EPA (C20:5),Saft läsk cider u alkohol ,0.0,g
1817,Saft lättsockrad konc.,Arakidonsyra C20:4,Saft läsk cider u alkohol ,0.0,g
1817,Saft lättsockrad konc.,Arakidinsyra C20:0,Saft läsk cider u alkohol ,0.0,g
1817,Saft lättsockrad konc.,Linolensyra C18:3,Saft läsk cider u alkohol ,0.0,g
1817,Saft lättsockrad konc.,Linolsyra C18:2,Saft läsk cider u alkohol ,0.0,g
1817,Saft lättsockrad konc.,Oljesyra C18:1,Saft läsk cider u alkohol ,0.0,g
1817,Saft lättsockrad konc.,Stearinsyra C18:0,Saft läsk cider u alkohol ,0.0,g
1817,Saft lättsockrad konc.,Palmitoljesyra C16:1,Saft läsk cider u alkohol ,0.0,g
1817,Saft lättsockrad konc.,Palmitinsyra C16:0,Saft läsk cider u alkohol ,0.0,g
1817,Saft lättsockrad konc.,Myristinsyra C14:0,Saft läsk cider u alkohol ,0.0,g
1817,Saft lättsockrad konc.,Laurinsyra C12:0,Saft läsk cider u alkohol ,0.0,g
1817,Saft lättsockrad konc.,Betakaroten/β-Karoten,Saft läsk cider u alkohol ,0.0,µg
1817,Saft lättsockrad konc.,Avfall (skal etc.),Saft läsk cider u alkohol ,0.0,%
1817,Saft lättsockrad konc.,Aska,Saft läsk cider u alkohol ,0.2,g
1817,Saft lättsockrad konc.,Alkohol,Saft läsk cider u alkohol ,0.0,g
1818,Måltidsdryck drickf.,"Zink, Zn",Saft läsk cider u alkohol ,0.0,mg
1818,Måltidsdryck drickf.,Vitamin E,Saft läsk cider u alkohol ,0.0,mg
1818,Måltidsdryck drickf.,Vitamin D inkl 25-OH-D3,Saft läsk cider u alkohol ,0.0,µg
1818,Måltidsdryck drickf.,Vitamin D,Saft läsk cider u alkohol ,0.0,µg
1818,Måltidsdryck drickf.,Vitamin C,Saft läsk cider u alkohol ,0.0,mg
1818,Måltidsdryck drickf.,Vitamin B6,Saft läsk cider u alkohol ,0.0,mg
1818,Måltidsdryck drickf.,Vitamin B12,Saft läsk cider u alkohol ,0.0,µg
1818,Måltidsdryck drickf.,Vitamin A,Saft läsk cider u alkohol ,0.0,RE/µg
1818,Måltidsdryck drickf.,Vatten,Saft läsk cider u alkohol ,91.2,g
1818,Måltidsdryck drickf.,Tiamin,Saft läsk cider u alkohol ,0.0,mg
1818,Måltidsdryck drickf.,Tillsatt socker,Saft läsk cider u alkohol ,7.0,g
1818,Måltidsdryck drickf.,Fritt socker,Saft läsk cider u alkohol ,7.0,g
1818,Måltidsdryck drickf.,"Selen, Se",Saft läsk cider u alkohol ,0.0,µg
1818,Måltidsdryck drickf.,Sackaros,Saft läsk cider u alkohol ,3.6,g
1818,Måltidsdryck drickf.,Riboflavin,Saft läsk cider u alkohol ,0.0,mg
1818,Måltidsdryck drickf.,Retinol,Saft läsk cider u alkohol ,0.0,µg
1818,Måltidsdryck drickf.,Protein,Saft läsk cider u alkohol ,0.0,g
1818,Måltidsdryck drickf.,Summa fleromättade fettsyror,Saft läsk cider u alkohol ,0.0,g
1818,Måltidsdryck drickf.,"Fosfor, P",Saft läsk cider u alkohol ,1.0,mg
1818,Måltidsdryck drickf.,Niacinekvivalenter,Saft läsk cider u alkohol ,0.0,NE/mg
1818,Måltidsdryck drickf.,Niacin,Saft läsk cider u alkohol ,0.02,mg
1818,Måltidsdryck drickf.,"Salt, NaCl",Saft läsk cider u alkohol ,0.0,g
1818,Måltidsdryck drickf.,"Natrium, Na",Saft läsk cider u alkohol ,2.0,mg
1818,Måltidsdryck drickf.,Monosackarider,Saft läsk cider u alkohol ,3.0,g
1818,Måltidsdryck drickf.,"Sockerarter, totalt",Saft läsk cider u alkohol ,6.6,g
1818,Måltidsdryck drickf.,Summa enkelomättade fettsyror,Saft läsk cider u alkohol ,0.0,g
1818,Måltidsdryck drickf.,"Magnesium, Mg",Saft läsk cider u alkohol ,1.0,mg
1818,Måltidsdryck drickf.,Summa mättade fettsyror,Saft läsk cider u alkohol ,0.0,g
1818,Måltidsdryck drickf.,"Kolhydrater, tillgängliga",Saft läsk cider u alkohol ,8.8,g
1818,Måltidsdryck drickf.,Kolesterol,Saft läsk cider u alkohol ,0.0,mg
1818,Måltidsdryck drickf.,"Kalium, K",Saft läsk cider u alkohol ,12.0,mg
1818,Måltidsdryck drickf.,"Jod, I",Saft läsk cider u alkohol ,0.1,µg
1818,Måltidsdryck drickf.,Fullkorn totalt,Saft läsk cider u alkohol ,0.0,g
1818,Måltidsdryck drickf.,"Folat, totalt",Saft läsk cider u alkohol ,0.1,µg
1818,Måltidsdryck drickf.,Fibrer,Saft läsk cider u alkohol ,0.0,g
1818,Måltidsdryck drickf.,"Fett, totalt",Saft läsk cider u alkohol ,0.0,g
1818,Måltidsdryck drickf.,"Järn, Fe",Saft läsk cider u alkohol ,0.0,mg
1818,Måltidsdryck drickf.,Energi (kJ),Saft läsk cider u alkohol ,150.0,kJ
1818,Måltidsdryck drickf.,Energi (kcal),Saft läsk cider u alkohol ,36.0,kcal
1818,Måltidsdryck drickf.,Disackarider,Saft läsk cider u alkohol ,3.6,g
1818,Måltidsdryck drickf.,"Kalcium, Ca",Saft läsk cider u alkohol ,1.0,mg
1818,Måltidsdryck drickf.,Fettsyra 4:0-10:0,Saft läsk cider u alkohol ,0.0,g
1818,Måltidsdryck drickf.,DHA (C22:6),Saft läsk cider u alkohol ,0.0,g
1818,Måltidsdryck drickf.,DPA (C22:5),Saft läsk cider u alkohol ,0.0,g
1818,Måltidsdryck drickf.,EPA (C20:5),Saft läsk cider u alkohol ,0.0,g
1818,Måltidsdryck drickf.,Arakidonsyra C20:4,Saft läsk cider u alkohol ,0.0,g
1818,Måltidsdryck drickf.,Arakidinsyra C20:0,Saft läsk cider u alkohol ,0.0,g
1818,Måltidsdryck drickf.,Linolensyra C18:3,Saft läsk cider u alkohol ,0.0,g
1818,Måltidsdryck drickf.,Linolsyra C18:2,Saft läsk cider u alkohol ,0.0,g
1818,Måltidsdryck drickf.,Oljesyra C18:1,Saft läsk cider u alkohol ,0.0,g
1818,Måltidsdryck drickf.,Stearinsyra C18:0,Saft läsk cider u alkohol ,0.0,g
1818,Måltidsdryck drickf.,Palmitoljesyra C16:1,Saft läsk cider u alkohol ,0.0,g
1818,Måltidsdryck drickf.,Palmitinsyra C16:0,Saft läsk cider u alkohol ,0.0,g
1818,Måltidsdryck drickf.,Myristinsyra C14:0,Saft läsk cider u alkohol ,0.0,g
1818,Måltidsdryck drickf.,Laurinsyra C12:0,Saft läsk cider u alkohol ,0.0,g
1818,Måltidsdryck drickf.,Betakaroten/β-Karoten,Saft läsk cider u alkohol ,0.0,µg
1818,Måltidsdryck drickf.,Avfall (skal etc.),Saft läsk cider u alkohol ,0.0,%
1818,Måltidsdryck drickf.,Aska,Saft läsk cider u alkohol ,0.0,g
1818,Måltidsdryck drickf.,Alkohol,Saft läsk cider u alkohol ,0.0,g
1819,Saft konc.,"Zink, Zn",Saft läsk cider u alkohol ,0.0,mg
1819,Saft konc.,Vitamin E,Saft läsk cider u alkohol ,0.0,mg
1819,Saft konc.,Vitamin D inkl 25-OH-D3,Saft läsk cider u alkohol ,0.0,µg
1819,Saft konc.,Vitamin D,Saft läsk cider u alkohol ,0.0,µg
1819,Saft konc.,Vitamin C,Saft läsk cider u alkohol ,0.0,mg
1819,Saft konc.,Vitamin B6,Saft läsk cider u alkohol ,0.0,mg
1819,Saft konc.,Vitamin B12,Saft läsk cider u alkohol ,0.0,µg
1819,Saft konc.,Vitamin A,Saft läsk cider u alkohol ,0.0,RE/µg
1819,Saft konc.,Vatten,Saft läsk cider u alkohol ,47.4,g
1819,Saft konc.,Tiamin,Saft läsk cider u alkohol ,0.0,mg
1819,Saft konc.,Tillsatt socker,Saft läsk cider u alkohol ,49.0,g
1819,Saft konc.,Fritt socker,Saft läsk cider u alkohol ,52.0,g
1819,Saft konc.,"Selen, Se",Saft läsk cider u alkohol ,0.0,µg
1819,Saft konc.,Sackaros,Saft läsk cider u alkohol ,28.6,g
1819,Saft konc.,Riboflavin,Saft läsk cider u alkohol ,0.0,mg
1819,Saft konc.,Retinol,Saft läsk cider u alkohol ,0.0,µg
1819,Saft konc.,Protein,Saft läsk cider u alkohol ,0.0,g
1819,Saft konc.,Summa fleromättade fettsyror,Saft läsk cider u alkohol ,0.0,g
1819,Saft konc.,"Fosfor, P",Saft läsk cider u alkohol ,6.0,mg
1819,Saft konc.,Niacinekvivalenter,Saft läsk cider u alkohol ,0.2,NE/mg
1819,Saft konc.,Niacin,Saft läsk cider u alkohol ,0.19,mg
1819,Saft konc.,"Salt, NaCl",Saft läsk cider u alkohol ,0.0,g
1819,Saft konc.,"Natrium, Na",Saft läsk cider u alkohol ,16.0,mg
1819,Saft konc.,Monosackarider,Saft läsk cider u alkohol ,23.8,g
1819,Saft konc.,"Sockerarter, totalt",Saft läsk cider u alkohol ,52.4,g
1819,Saft konc.,Summa enkelomättade fettsyror,Saft läsk cider u alkohol ,0.0,g
1819,Saft konc.,"Magnesium, Mg",Saft läsk cider u alkohol ,6.0,mg
1819,Saft konc.,Summa mättade fettsyror,Saft läsk cider u alkohol ,0.0,g
1819,Saft konc.,"Kolhydrater, tillgängliga",Saft läsk cider u alkohol ,52.4,g
1819,Saft konc.,Kolesterol,Saft läsk cider u alkohol ,0.0,mg
1819,Saft konc.,"Kalium, K",Saft läsk cider u alkohol ,94.0,mg
1819,Saft konc.,"Jod, I",Saft läsk cider u alkohol ,1.0,µg
1819,Saft konc.,Fullkorn totalt,Saft läsk cider u alkohol ,0.0,g
1819,Saft konc.,"Folat, totalt",Saft läsk cider u alkohol ,1.0,µg
1819,Saft konc.,Fibrer,Saft läsk cider u alkohol ,0.0,g
1819,Saft konc.,"Fett, totalt",Saft läsk cider u alkohol ,0.0,g
1819,Saft konc.,"Järn, Fe",Saft läsk cider u alkohol ,0.1,mg
1819,Saft konc.,Energi (kJ),Saft läsk cider u alkohol ,891.0,kJ
1819,Saft konc.,Energi (kcal),Saft läsk cider u alkohol ,213.0,kcal
1819,Saft konc.,Disackarider,Saft läsk cider u alkohol ,28.6,g
1819,Saft konc.,"Kalcium, Ca",Saft läsk cider u alkohol ,7.0,mg
1819,Saft konc.,Fettsyra 4:0-10:0,Saft läsk cider u alkohol ,0.0,g
1819,Saft konc.,DHA (C22:6),Saft läsk cider u alkohol ,0.0,g
1819,Saft konc.,DPA (C22:5),Saft läsk cider u alkohol ,0.0,g
1819,Saft konc.,EPA (C20:5),Saft läsk cider u alkohol ,0.0,g
1819,Saft konc.,Arakidonsyra C20:4,Saft läsk cider u alkohol ,0.0,g
1819,Saft konc.,Arakidinsyra C20:0,Saft läsk cider u alkohol ,0.0,g
1819,Saft konc.,Linolensyra C18:3,Saft läsk cider u alkohol ,0.0,g
1819,Saft konc.,Linolsyra C18:2,Saft läsk cider u alkohol ,0.0,g
1819,Saft konc.,Oljesyra C18:1,Saft läsk cider u alkohol ,0.0,g
1819,Saft konc.,Stearinsyra C18:0,Saft läsk cider u alkohol ,0.0,g
1819,Saft konc.,Palmitoljesyra C16:1,Saft läsk cider u alkohol ,0.0,g
1819,Saft konc.,Palmitinsyra C16:0,Saft läsk cider u alkohol ,0.0,g
1819,Saft konc.,Myristinsyra C14:0,Saft läsk cider u alkohol ,0.0,g
1819,Saft konc.,Laurinsyra C12:0,Saft läsk cider u alkohol ,0.0,g
1819,Saft konc.,Betakaroten/β-Karoten,Saft läsk cider u alkohol ,0.0,µg
1819,Saft konc.,Avfall (skal etc.),Saft läsk cider u alkohol ,0.0,%
1819,Saft konc.,Aska,Saft läsk cider u alkohol ,0.2,g
1819,Saft konc.,Alkohol,Saft läsk cider u alkohol ,0.0,g
1820,Saft drickf.,"Zink, Zn",Saft läsk cider u alkohol ,0.0,mg
1820,Saft drickf.,Vitamin E,Saft läsk cider u alkohol ,0.0,mg
1820,Saft drickf.,Vitamin D inkl 25-OH-D3,Saft läsk cider u alkohol ,0.0,µg
1820,Saft drickf.,Vitamin D,Saft läsk cider u alkohol ,0.0,µg
1820,Saft drickf.,Vitamin C,Saft läsk cider u alkohol ,0.0,mg
1820,Saft drickf.,Vitamin B6,Saft läsk cider u alkohol ,0.0,mg
1820,Saft drickf.,Vitamin B12,Saft läsk cider u alkohol ,0.0,µg
1820,Saft drickf.,Vitamin A,Saft läsk cider u alkohol ,0.0,RE/µg
1820,Saft drickf.,Vatten,Saft läsk cider u alkohol ,91.2,g
1820,Saft drickf.,Tiamin,Saft läsk cider u alkohol ,0.0,mg
1820,Saft drickf.,Tillsatt socker,Saft läsk cider u alkohol ,7.0,g
1820,Saft drickf.,Fritt socker,Saft läsk cider u alkohol ,7.0,g
1820,Saft drickf.,"Selen, Se",Saft läsk cider u alkohol ,0.0,µg
1820,Saft drickf.,Sackaros,Saft läsk cider u alkohol ,3.6,g
1820,Saft drickf.,Riboflavin,Saft läsk cider u alkohol ,0.0,mg
1820,Saft drickf.,Retinol,Saft läsk cider u alkohol ,0.0,µg
1820,Saft drickf.,Protein,Saft läsk cider u alkohol ,0.0,g
1820,Saft drickf.,Summa fleromättade fettsyror,Saft läsk cider u alkohol ,0.0,g
1820,Saft drickf.,"Fosfor, P",Saft läsk cider u alkohol ,1.0,mg
1820,Saft drickf.,Niacinekvivalenter,Saft läsk cider u alkohol ,0.0,NE/mg
1820,Saft drickf.,Niacin,Saft läsk cider u alkohol ,0.02,mg
1820,Saft drickf.,"Salt, NaCl",Saft läsk cider u alkohol ,0.0,g
1820,Saft drickf.,"Natrium, Na",Saft läsk cider u alkohol ,2.0,mg
1820,Saft drickf.,Monosackarider,Saft läsk cider u alkohol ,3.0,g
1820,Saft drickf.,"Sockerarter, totalt",Saft läsk cider u alkohol ,6.6,g
1820,Saft drickf.,Summa enkelomättade fettsyror,Saft läsk cider u alkohol ,0.0,g
1820,Saft drickf.,"Magnesium, Mg",Saft läsk cider u alkohol ,1.0,mg
1820,Saft drickf.,Summa mättade fettsyror,Saft läsk cider u alkohol ,0.0,g
1820,Saft drickf.,"Kolhydrater, tillgängliga",Saft läsk cider u alkohol ,8.8,g
1820,Saft drickf.,Kolesterol,Saft läsk cider u alkohol ,0.0,mg
1820,Saft drickf.,"Kalium, K",Saft läsk cider u alkohol ,12.0,mg
1820,Saft drickf.,"Jod, I",Saft läsk cider u alkohol ,0.1,µg
1820,Saft drickf.,Fullkorn totalt,Saft läsk cider u alkohol ,0.0,g
1820,Saft drickf.,"Folat, totalt",Saft läsk cider u alkohol ,0.1,µg
1820,Saft drickf.,Fibrer,Saft läsk cider u alkohol ,0.0,g
1820,Saft drickf.,"Fett, totalt",Saft läsk cider u alkohol ,0.0,g
1820,Saft drickf.,"Järn, Fe",Saft läsk cider u alkohol ,0.0,mg
1820,Saft drickf.,Energi (kJ),Saft läsk cider u alkohol ,150.0,kJ
1820,Saft drickf.,Energi (kcal),Saft läsk cider u alkohol ,36.0,kcal
1820,Saft drickf.,Disackarider,Saft läsk cider u alkohol ,3.6,g
1820,Saft drickf.,"Kalcium, Ca",Saft läsk cider u alkohol ,1.0,mg
1820,Saft drickf.,Fettsyra 4:0-10:0,Saft läsk cider u alkohol ,0.0,g
1820,Saft drickf.,DHA (C22:6),Saft läsk cider u alkohol ,0.0,g
1820,Saft drickf.,DPA (C22:5),Saft läsk cider u alkohol ,0.0,g
1820,Saft drickf.,EPA (C20:5),Saft läsk cider u alkohol ,0.0,g
1820,Saft drickf.,Arakidonsyra C20:4,Saft läsk cider u alkohol ,0.0,g
1820,Saft drickf.,Arakidinsyra C20:0,Saft läsk cider u alkohol ,0.0,g
1820,Saft drickf.,Linolensyra C18:3,Saft läsk cider u alkohol ,0.0,g
1820,Saft drickf.,Linolsyra C18:2,Saft läsk cider u alkohol ,0.0,g
1820,Saft drickf.,Oljesyra C18:1,Saft läsk cider u alkohol ,0.0,g
1820,Saft drickf.,Stearinsyra C18:0,Saft läsk cider u alkohol ,0.0,g
1820,Saft drickf.,Palmitoljesyra C16:1,Saft läsk cider u alkohol ,0.0,g
1820,Saft drickf.,Palmitinsyra C16:0,Saft läsk cider u alkohol ,0.0,g
1820,Saft drickf.,Myristinsyra C14:0,Saft läsk cider u alkohol ,0.0,g
1820,Saft drickf.,Laurinsyra C12:0,Saft läsk cider u alkohol ,0.0,g
1820,Saft drickf.,Betakaroten/β-Karoten,Saft läsk cider u alkohol ,0.0,µg
1820,Saft drickf.,Avfall (skal etc.),Saft läsk cider u alkohol ,0.0,%
1820,Saft drickf.,Aska,Saft läsk cider u alkohol ,0.0,g
1820,Saft drickf.,Alkohol,Saft läsk cider u alkohol ,0.0,g
1821,Svartvinbärssaft konc. berikad,"Zink, Zn",Saft läsk cider u alkohol ,0.0,mg
1821,Svartvinbärssaft konc. berikad,Vitamin E,Saft läsk cider u alkohol ,0.1,mg
1821,Svartvinbärssaft konc. berikad,Vitamin D inkl 25-OH-D3,Saft läsk cider u alkohol ,0.0,µg
1821,Svartvinbärssaft konc. berikad,Vitamin D,Saft läsk cider u alkohol ,0.0,µg
1821,Svartvinbärssaft konc. berikad,Vitamin C,Saft läsk cider u alkohol ,98.0,mg
1821,Svartvinbärssaft konc. berikad,Vitamin B6,Saft läsk cider u alkohol ,0.02,mg
1821,Svartvinbärssaft konc. berikad,Vitamin B12,Saft läsk cider u alkohol ,0.0,µg
1821,Svartvinbärssaft konc. berikad,Vitamin A,Saft läsk cider u alkohol ,2.5,RE/µg
1821,Svartvinbärssaft konc. berikad,Vatten,Saft läsk cider u alkohol ,57.0,g
1821,Svartvinbärssaft konc. berikad,Tiamin,Saft läsk cider u alkohol ,0.02,mg
1821,Svartvinbärssaft konc. berikad,Tillsatt socker,Saft läsk cider u alkohol ,42.0,g
1821,Svartvinbärssaft konc. berikad,Fritt socker,Saft läsk cider u alkohol ,42.0,g
1821,Svartvinbärssaft konc. berikad,"Selen, Se",Saft läsk cider u alkohol ,0.0,µg
1821,Svartvinbärssaft konc. berikad,Sackaros,Saft läsk cider u alkohol ,27.8,g
1821,Svartvinbärssaft konc. berikad,Riboflavin,Saft läsk cider u alkohol ,0.01,mg
1821,Svartvinbärssaft konc. berikad,Retinol,Saft läsk cider u alkohol ,0.0,µg
1821,Svartvinbärssaft konc. berikad,Protein,Saft läsk cider u alkohol ,0.4,g
1821,Svartvinbärssaft konc. berikad,Summa fleromättade fettsyror,Saft läsk cider u alkohol ,0.0,g
1821,Svartvinbärssaft konc. berikad,"Fosfor, P",Saft läsk cider u alkohol ,8.0,mg
1821,Svartvinbärssaft konc. berikad,Niacinekvivalenter,Saft läsk cider u alkohol ,0.22,NE/mg
1821,Svartvinbärssaft konc. berikad,Niacin,Saft läsk cider u alkohol ,0.15,mg
1821,Svartvinbärssaft konc. berikad,"Salt, NaCl",Saft läsk cider u alkohol ,0.1,g
1821,Svartvinbärssaft konc. berikad,"Natrium, Na",Saft läsk cider u alkohol ,24.0,mg
1821,Svartvinbärssaft konc. berikad,Monosackarider,Saft läsk cider u alkohol ,14.2,g
1821,Svartvinbärssaft konc. berikad,"Sockerarter, totalt",Saft läsk cider u alkohol ,42.0,g
1821,Svartvinbärssaft konc. berikad,Summa enkelomättade fettsyror,Saft läsk cider u alkohol ,0.0,g
1821,Svartvinbärssaft konc. berikad,"Magnesium, Mg",Saft läsk cider u alkohol ,22.0,mg
1821,Svartvinbärssaft konc. berikad,Summa mättade fettsyror,Saft läsk cider u alkohol ,0.0,g
1821,Svartvinbärssaft konc. berikad,"Kolhydrater, tillgängliga",Saft läsk cider u alkohol ,42.3,g
1821,Svartvinbärssaft konc. berikad,Kolesterol,Saft läsk cider u alkohol ,0.0,mg
1821,Svartvinbärssaft konc. berikad,"Kalium, K",Saft läsk cider u alkohol ,92.0,mg
1821,Svartvinbärssaft konc. berikad,"Jod, I",Saft läsk cider u alkohol ,1.0,µg
1821,Svartvinbärssaft konc. berikad,Fullkorn totalt,Saft läsk cider u alkohol ,0.0,g
1821,Svartvinbärssaft konc. berikad,"Folat, totalt",Saft läsk cider u alkohol ,5.0,µg
1821,Svartvinbärssaft konc. berikad,Fibrer,Saft läsk cider u alkohol ,0.0,g
1821,Svartvinbärssaft konc. berikad,"Fett, totalt",Saft läsk cider u alkohol ,0.0,g
1821,Svartvinbärssaft konc. berikad,"Järn, Fe",Saft läsk cider u alkohol ,0.4,mg
1821,Svartvinbärssaft konc. berikad,Energi (kJ),Saft läsk cider u alkohol ,726.0,kJ
1821,Svartvinbärssaft konc. berikad,Energi (kcal),Saft läsk cider u alkohol ,174.0,kcal
1821,Svartvinbärssaft konc. berikad,Disackarider,Saft läsk cider u alkohol ,27.8,g
1821,Svartvinbärssaft konc. berikad,"Kalcium, Ca",Saft läsk cider u alkohol ,8.0,mg
1821,Svartvinbärssaft konc. berikad,Fettsyra 4:0-10:0,Saft läsk cider u alkohol ,0.0,g
1821,Svartvinbärssaft konc. berikad,DHA (C22:6),Saft läsk cider u alkohol ,0.0,g
1821,Svartvinbärssaft konc. berikad,DPA (C22:5),Saft läsk cider u alkohol ,0.0,g
1821,Svartvinbärssaft konc. berikad,EPA (C20:5),Saft läsk cider u alkohol ,0.0,g
1821,Svartvinbärssaft konc. berikad,Arakidonsyra C20:4,Saft läsk cider u alkohol ,0.0,g
1821,Svartvinbärssaft konc. berikad,Arakidinsyra C20:0,Saft läsk cider u alkohol ,0.0,g
1821,Svartvinbärssaft konc. berikad,Linolensyra C18:3,Saft läsk cider u alkohol ,0.0,g
1821,Svartvinbärssaft konc. berikad,Linolsyra C18:2,Saft läsk cider u alkohol ,0.0,g
1821,Svartvinbärssaft konc. berikad,Oljesyra C18:1,Saft läsk cider u alkohol ,0.0,g
1821,Svartvinbärssaft konc. berikad,Stearinsyra C18:0,Saft läsk cider u alkohol ,0.0,g
1821,Svartvinbärssaft konc. berikad,Palmitoljesyra C16:1,Saft läsk cider u alkohol ,0.0,g
1821,Svartvinbärssaft konc. berikad,Palmitinsyra C16:0,Saft läsk cider u alkohol ,0.0,g
1821,Svartvinbärssaft konc. berikad,Myristinsyra C14:0,Saft läsk cider u alkohol ,0.0,g
1821,Svartvinbärssaft konc. berikad,Laurinsyra C12:0,Saft läsk cider u alkohol ,0.0,g
1821,Svartvinbärssaft konc. berikad,Betakaroten/β-Karoten,Saft läsk cider u alkohol ,30.0,µg
1821,Svartvinbärssaft konc. berikad,Avfall (skal etc.),Saft läsk cider u alkohol ,0.0,%
1821,Svartvinbärssaft konc. berikad,Aska,Saft läsk cider u alkohol ,0.3,g
1821,Svartvinbärssaft konc. berikad,Alkohol,Saft läsk cider u alkohol ,0.0,g
1822,Saft sötningsm. konc.,"Zink, Zn",Saft läsk cider u alkohol ,0.0,mg
1822,Saft sötningsm. konc.,Vitamin E,Saft läsk cider u alkohol ,0.1,mg
1822,Saft sötningsm. konc.,Vitamin D inkl 25-OH-D3,Saft läsk cider u alkohol ,0.0,µg
1822,Saft sötningsm. konc.,Vitamin D,Saft läsk cider u alkohol ,0.0,µg
1822,Saft sötningsm. konc.,Vitamin C,Saft läsk cider u alkohol ,25.0,mg
1822,Saft sötningsm. konc.,Vitamin B6,Saft läsk cider u alkohol ,0.02,mg
1822,Saft sötningsm. konc.,Vitamin B12,Saft läsk cider u alkohol ,0.0,µg
1822,Saft sötningsm. konc.,Vitamin A,Saft läsk cider u alkohol ,2.5,RE/µg
1822,Saft sötningsm. konc.,Vatten,Saft läsk cider u alkohol ,76.0,g
1822,Saft sötningsm. konc.,Tiamin,Saft läsk cider u alkohol ,0.04,mg
1822,Saft sötningsm. konc.,Tillsatt socker,Saft läsk cider u alkohol ,0.0,g
1822,Saft sötningsm. konc.,Fritt socker,Saft läsk cider u alkohol ,0.0,g
1822,Saft sötningsm. konc.,"Selen, Se",Saft läsk cider u alkohol ,0.0,µg
1822,Saft sötningsm. konc.,Sackaros,Saft läsk cider u alkohol ,0.1,g
1822,Saft sötningsm. konc.,Riboflavin,Saft läsk cider u alkohol ,0.05,mg
1822,Saft sötningsm. konc.,Retinol,Saft läsk cider u alkohol ,0.0,µg
1822,Saft sötningsm. konc.,Protein,Saft läsk cider u alkohol ,0.5,g
1822,Saft sötningsm. konc.,Summa fleromättade fettsyror,Saft läsk cider u alkohol ,0.0,g
1822,Saft sötningsm. konc.,"Fosfor, P",Saft läsk cider u alkohol ,15.0,mg
1822,Saft sötningsm. konc.,Niacinekvivalenter,Saft läsk cider u alkohol ,0.16,NE/mg
1822,Saft sötningsm. konc.,Niacin,Saft läsk cider u alkohol ,0.08,mg
1822,Saft sötningsm. konc.,"Salt, NaCl",Saft läsk cider u alkohol ,0.1,g
1822,Saft sötningsm. konc.,"Natrium, Na",Saft läsk cider u alkohol ,25.0,mg
1822,Saft sötningsm. konc.,Monosackarider,Saft läsk cider u alkohol ,3.5,g
1822,Saft sötningsm. konc.,"Sockerarter, totalt",Saft läsk cider u alkohol ,3.6,g
1822,Saft sötningsm. konc.,Summa enkelomättade fettsyror,Saft läsk cider u alkohol ,0.0,g
1822,Saft sötningsm. konc.,"Magnesium, Mg",Saft läsk cider u alkohol ,28.0,mg
1822,Saft sötningsm. konc.,Summa mättade fettsyror,Saft läsk cider u alkohol ,0.0,g
1822,Saft sötningsm. konc.,"Kolhydrater, tillgängliga",Saft läsk cider u alkohol ,22.5,g
1822,Saft sötningsm. konc.,Kolesterol,Saft läsk cider u alkohol ,0.0,mg
1822,Saft sötningsm. konc.,"Kalium, K",Saft läsk cider u alkohol ,120.0,mg
1822,Saft sötningsm. konc.,"Jod, I",Saft läsk cider u alkohol ,0.1,µg
1822,Saft sötningsm. konc.,Fullkorn totalt,Saft läsk cider u alkohol ,0.0,g
1822,Saft sötningsm. konc.,"Folat, totalt",Saft läsk cider u alkohol ,5.0,µg
1822,Saft sötningsm. konc.,Fibrer,Saft läsk cider u alkohol ,0.0,g
1822,Saft sötningsm. konc.,"Fett, totalt",Saft läsk cider u alkohol ,0.0,g
1822,Saft sötningsm. konc.,"Järn, Fe",Saft läsk cider u alkohol ,0.5,mg
1822,Saft sötningsm. konc.,Energi (kJ),Saft läsk cider u alkohol ,391.0,kJ
1822,Saft sötningsm. konc.,Energi (kcal),Saft läsk cider u alkohol ,93.0,kcal
1822,Saft sötningsm. konc.,Disackarider,Saft läsk cider u alkohol ,0.1,g
1822,Saft sötningsm. konc.,"Kalcium, Ca",Saft läsk cider u alkohol ,10.0,mg
1822,Saft sötningsm. konc.,Fettsyra 4:0-10:0,Saft läsk cider u alkohol ,0.0,g
1822,Saft sötningsm. konc.,DHA (C22:6),Saft läsk cider u alkohol ,0.0,g
1822,Saft sötningsm. konc.,DPA (C22:5),Saft läsk cider u alkohol ,0.0,g
1822,Saft sötningsm. konc.,EPA (C20:5),Saft läsk cider u alkohol ,0.0,g
1822,Saft sötningsm. konc.,Arakidonsyra C20:4,Saft läsk cider u alkohol ,0.0,g
1822,Saft sötningsm. konc.,Arakidinsyra C20:0,Saft läsk cider u alkohol ,0.0,g
1822,Saft sötningsm. konc.,Linolensyra C18:3,Saft läsk cider u alkohol ,0.0,g
1822,Saft sötningsm. konc.,Linolsyra C18:2,Saft läsk cider u alkohol ,0.0,g
1822,Saft sötningsm. konc.,Oljesyra C18:1,Saft läsk cider u alkohol ,0.0,g
1822,Saft sötningsm. konc.,Stearinsyra C18:0,Saft läsk cider u alkohol ,0.0,g
1822,Saft sötningsm. konc.,Palmitoljesyra C16:1,Saft läsk cider u alkohol ,0.0,g
1822,Saft sötningsm. konc.,Palmitinsyra C16:0,Saft läsk cider u alkohol ,0.0,g
1822,Saft sötningsm. konc.,Myristinsyra C14:0,Saft läsk cider u alkohol ,0.0,g
1822,Saft sötningsm. konc.,Laurinsyra C12:0,Saft läsk cider u alkohol ,0.0,g
1822,Saft sötningsm. konc.,Betakaroten/β-Karoten,Saft läsk cider u alkohol ,30.0,µg
1822,Saft sötningsm. konc.,Avfall (skal etc.),Saft läsk cider u alkohol ,0.0,%
1822,Saft sötningsm. konc.,Aska,Saft läsk cider u alkohol ,1.0,g
1822,Saft sötningsm. konc.,Alkohol,Saft läsk cider u alkohol ,0.0,g
1827,Fruktdryck u. kolsyra,"Zink, Zn",Saft läsk cider u alkohol ,0.0,mg
1827,Fruktdryck u. kolsyra,Vitamin E,Saft läsk cider u alkohol ,0.0,mg
1827,Fruktdryck u. kolsyra,Vitamin D inkl 25-OH-D3,Saft läsk cider u alkohol ,0.0,µg
1827,Fruktdryck u. kolsyra,Vitamin D,Saft läsk cider u alkohol ,0.0,µg
1827,Fruktdryck u. kolsyra,Vitamin C,Saft läsk cider u alkohol ,0.0,mg
1827,Fruktdryck u. kolsyra,Vitamin B6,Saft läsk cider u alkohol ,0.0,mg
1827,Fruktdryck u. kolsyra,Vitamin B12,Saft läsk cider u alkohol ,0.0,µg
1827,Fruktdryck u. kolsyra,Vitamin A,Saft läsk cider u alkohol ,0.0,RE/µg
1827,Fruktdryck u. kolsyra,Vatten,Saft läsk cider u alkohol ,88.0,g
1827,Fruktdryck u. kolsyra,Tiamin,Saft läsk cider u alkohol ,0.0,mg
1827,Fruktdryck u. kolsyra,Tillsatt socker,Saft läsk cider u alkohol ,10.0,g
1827,Fruktdryck u. kolsyra,Fritt socker,Saft läsk cider u alkohol ,10.0,g
1827,Fruktdryck u. kolsyra,"Selen, Se",Saft läsk cider u alkohol ,0.0,µg
1827,Fruktdryck u. kolsyra,Sackaros,Saft läsk cider u alkohol ,9.0,g
1827,Fruktdryck u. kolsyra,Riboflavin,Saft läsk cider u alkohol ,0.0,mg
1827,Fruktdryck u. kolsyra,Retinol,Saft läsk cider u alkohol ,0.0,µg
1827,Fruktdryck u. kolsyra,Protein,Saft läsk cider u alkohol ,0.0,g
1827,Fruktdryck u. kolsyra,Summa fleromättade fettsyror,Saft läsk cider u alkohol ,0.0,g
1827,Fruktdryck u. kolsyra,"Fosfor, P",Saft läsk cider u alkohol ,0.0,mg
1827,Fruktdryck u. kolsyra,Niacinekvivalenter,Saft läsk cider u alkohol ,0.0,NE/mg
1827,Fruktdryck u. kolsyra,Niacin,Saft läsk cider u alkohol ,0.0,mg
1827,Fruktdryck u. kolsyra,"Salt, NaCl",Saft läsk cider u alkohol ,0.1,g
1827,Fruktdryck u. kolsyra,"Natrium, Na",Saft läsk cider u alkohol ,26.0,mg
1827,Fruktdryck u. kolsyra,Monosackarider,Saft läsk cider u alkohol ,1.0,g
1827,Fruktdryck u. kolsyra,"Sockerarter, totalt",Saft läsk cider u alkohol ,10.0,g
1827,Fruktdryck u. kolsyra,Summa enkelomättade fettsyror,Saft läsk cider u alkohol ,0.0,g
1827,Fruktdryck u. kolsyra,"Magnesium, Mg",Saft läsk cider u alkohol ,0.0,mg
1827,Fruktdryck u. kolsyra,Summa mättade fettsyror,Saft läsk cider u alkohol ,0.0,g
1827,Fruktdryck u. kolsyra,"Kolhydrater, tillgängliga",Saft läsk cider u alkohol ,11.9,g
1827,Fruktdryck u. kolsyra,Kolesterol,Saft läsk cider u alkohol ,0.0,mg
1827,Fruktdryck u. kolsyra,"Kalium, K",Saft läsk cider u alkohol ,40.0,mg
1827,Fruktdryck u. kolsyra,"Jod, I",Saft läsk cider u alkohol ,1.1,µg
1827,Fruktdryck u. kolsyra,Fullkorn totalt,Saft läsk cider u alkohol ,0.0,g
1827,Fruktdryck u. kolsyra,"Folat, totalt",Saft läsk cider u alkohol ,0.0,µg
1827,Fruktdryck u. kolsyra,Fibrer,Saft läsk cider u alkohol ,0.0,g
1827,Fruktdryck u. kolsyra,"Fett, totalt",Saft läsk cider u alkohol ,0.0,g
1827,Fruktdryck u. kolsyra,"Järn, Fe",Saft läsk cider u alkohol ,0.0,mg
1827,Fruktdryck u. kolsyra,Energi (kJ),Saft läsk cider u alkohol ,202.0,kJ
1827,Fruktdryck u. kolsyra,Energi (kcal),Saft läsk cider u alkohol ,48.0,kcal
1827,Fruktdryck u. kolsyra,Disackarider,Saft läsk cider u alkohol ,9.0,g
1827,Fruktdryck u. kolsyra,"Kalcium, Ca",Saft läsk cider u alkohol ,2.0,mg
1827,Fruktdryck u. kolsyra,Fettsyra 4:0-10:0,Saft läsk cider u alkohol ,0.0,g
1827,Fruktdryck u. kolsyra,DHA (C22:6),Saft läsk cider u alkohol ,0.0,g
1827,Fruktdryck u. kolsyra,DPA (C22:5),Saft läsk cider u alkohol ,0.0,g
1827,Fruktdryck u. kolsyra,EPA (C20:5),Saft läsk cider u alkohol ,0.0,g
1827,Fruktdryck u. kolsyra,Arakidonsyra C20:4,Saft läsk cider u alkohol ,0.0,g
1827,Fruktdryck u. kolsyra,Arakidinsyra C20:0,Saft läsk cider u alkohol ,0.0,g
1827,Fruktdryck u. kolsyra,Linolensyra C18:3,Saft läsk cider u alkohol ,0.0,g
1827,Fruktdryck u. kolsyra,Linolsyra C18:2,Saft läsk cider u alkohol ,0.0,g
1827,Fruktdryck u. kolsyra,Oljesyra C18:1,Saft läsk cider u alkohol ,0.0,g
1827,Fruktdryck u. kolsyra,Stearinsyra C18:0,Saft läsk cider u alkohol ,0.0,g
1827,Fruktdryck u. kolsyra,Palmitoljesyra C16:1,Saft läsk cider u alkohol ,0.0,g
1827,Fruktdryck u. kolsyra,Palmitinsyra C16:0,Saft läsk cider u alkohol ,0.0,g
1827,Fruktdryck u. kolsyra,Myristinsyra C14:0,Saft läsk cider u alkohol ,0.0,g
1827,Fruktdryck u. kolsyra,Laurinsyra C12:0,Saft läsk cider u alkohol ,0.0,g
1827,Fruktdryck u. kolsyra,Betakaroten/β-Karoten,Saft läsk cider u alkohol ,0.0,µg
1827,Fruktdryck u. kolsyra,Avfall (skal etc.),Saft läsk cider u alkohol ,0.0,%
1827,Fruktdryck u. kolsyra,Aska,Saft läsk cider u alkohol ,0.1,g
1827,Fruktdryck u. kolsyra,Alkohol,Saft läsk cider u alkohol ,0.0,g
1828,Läsk,"Zink, Zn",Saft läsk cider u alkohol ,0.0,mg
1828,Läsk,Vitamin E,Saft läsk cider u alkohol ,0.0,mg
1828,Läsk,Vitamin D inkl 25-OH-D3,Saft läsk cider u alkohol ,0.0,µg
1828,Läsk,Vitamin D,Saft läsk cider u alkohol ,0.0,µg
1828,Läsk,Vitamin C,Saft läsk cider u alkohol ,1.4,mg
1828,Läsk,Vitamin B6,Saft läsk cider u alkohol ,0.0,mg
1828,Läsk,Vitamin B12,Saft läsk cider u alkohol ,0.0,µg
1828,Läsk,Vitamin A,Saft läsk cider u alkohol ,0.0,RE/µg
1828,Läsk,Vatten,Saft läsk cider u alkohol ,91.2,g
1828,Läsk,Tiamin,Saft läsk cider u alkohol ,0.0,mg
1828,Läsk,Tillsatt socker,Saft läsk cider u alkohol ,10.0,g
1828,Läsk,Fritt socker,Saft läsk cider u alkohol ,10.0,g
1828,Läsk,"Selen, Se",Saft läsk cider u alkohol ,0.0,µg
1828,Läsk,Sackaros,Saft läsk cider u alkohol ,3.5,g
1828,Läsk,Riboflavin,Saft läsk cider u alkohol ,0.0,mg
1828,Läsk,Retinol,Saft läsk cider u alkohol ,0.0,µg
1828,Läsk,Protein,Saft läsk cider u alkohol ,0.0,g
1828,Läsk,Summa fleromättade fettsyror,Saft läsk cider u alkohol ,0.0,g
1828,Läsk,"Fosfor, P",Saft läsk cider u alkohol ,0.0,mg
1828,Läsk,Niacinekvivalenter,Saft läsk cider u alkohol ,0.0,NE/mg
1828,Läsk,Niacin,Saft läsk cider u alkohol ,0.0,mg
1828,Läsk,"Salt, NaCl",Saft läsk cider u alkohol ,0.0,g
1828,Läsk,"Natrium, Na",Saft läsk cider u alkohol ,0.0,mg
1828,Läsk,Monosackarider,Saft läsk cider u alkohol ,6.1,g
1828,Läsk,"Sockerarter, totalt",Saft läsk cider u alkohol ,9.6,g
1828,Läsk,Summa enkelomättade fettsyror,Saft läsk cider u alkohol ,0.0,g
1828,Läsk,"Magnesium, Mg",Saft läsk cider u alkohol ,0.0,mg
1828,Läsk,Summa mättade fettsyror,Saft läsk cider u alkohol ,0.0,g
1828,Läsk,"Kolhydrater, tillgängliga",Saft läsk cider u alkohol ,8.8,g
1828,Läsk,Kolesterol,Saft läsk cider u alkohol ,0.0,mg
1828,Läsk,"Kalium, K",Saft läsk cider u alkohol ,8.0,mg
1828,Läsk,"Jod, I",Saft läsk cider u alkohol ,0.0,µg
1828,Läsk,Fullkorn totalt,Saft läsk cider u alkohol ,0.0,g
1828,Läsk,"Folat, totalt",Saft läsk cider u alkohol ,0.0,µg
1828,Läsk,Fibrer,Saft läsk cider u alkohol ,0.0,g
1828,Läsk,"Fett, totalt",Saft läsk cider u alkohol ,0.0,g
1828,Läsk,"Järn, Fe",Saft läsk cider u alkohol ,0.0,mg
1828,Läsk,Energi (kJ),Saft läsk cider u alkohol ,150.0,kJ
1828,Läsk,Energi (kcal),Saft läsk cider u alkohol ,36.0,kcal
1828,Läsk,Disackarider,Saft läsk cider u alkohol ,3.5,g
1828,Läsk,"Kalcium, Ca",Saft läsk cider u alkohol ,2.0,mg
1828,Läsk,Fettsyra 4:0-10:0,Saft läsk cider u alkohol ,0.0,g
1828,Läsk,DHA (C22:6),Saft läsk cider u alkohol ,0.0,g
1828,Läsk,DPA (C22:5),Saft läsk cider u alkohol ,0.0,g
1828,Läsk,EPA (C20:5),Saft läsk cider u alkohol ,0.0,g
1828,Läsk,Arakidonsyra C20:4,Saft läsk cider u alkohol ,0.0,g
1828,Läsk,Arakidinsyra C20:0,Saft läsk cider u alkohol ,0.0,g
1828,Läsk,Linolensyra C18:3,Saft läsk cider u alkohol ,0.0,g
1828,Läsk,Linolsyra C18:2,Saft läsk cider u alkohol ,0.0,g
1828,Läsk,Oljesyra C18:1,Saft läsk cider u alkohol ,0.0,g
1828,Läsk,Stearinsyra C18:0,Saft läsk cider u alkohol ,0.0,g
1828,Läsk,Palmitoljesyra C16:1,Saft läsk cider u alkohol ,0.0,g
1828,Läsk,Palmitinsyra C16:0,Saft läsk cider u alkohol ,0.0,g
1828,Läsk,Myristinsyra C14:0,Saft läsk cider u alkohol ,0.0,g
1828,Läsk,Laurinsyra C12:0,Saft läsk cider u alkohol ,0.0,g
1828,Läsk,Betakaroten/β-Karoten,Saft läsk cider u alkohol ,0.0,µg
1828,Läsk,Avfall (skal etc.),Saft läsk cider u alkohol ,0.0,%
1828,Läsk,Aska,Saft läsk cider u alkohol ,0.0,g
1828,Läsk,Alkohol,Saft läsk cider u alkohol ,0.0,g
1829,Läsk cola,"Zink, Zn",Saft läsk cider u alkohol ,0.0,mg
1829,Läsk cola,Vitamin E,Saft läsk cider u alkohol ,0.0,mg
1829,Läsk cola,Vitamin D inkl 25-OH-D3,Saft läsk cider u alkohol ,0.0,µg
1829,Läsk cola,Vitamin D,Saft läsk cider u alkohol ,0.0,µg
1829,Läsk cola,Vitamin C,Saft läsk cider u alkohol ,0.0,mg
1829,Läsk cola,Vitamin B6,Saft läsk cider u alkohol ,0.0,mg
1829,Läsk cola,Vitamin B12,Saft läsk cider u alkohol ,0.0,µg
1829,Läsk cola,Vitamin A,Saft läsk cider u alkohol ,0.0,RE/µg
1829,Läsk cola,Vatten,Saft läsk cider u alkohol ,89.5,g
1829,Läsk cola,Tiamin,Saft läsk cider u alkohol ,0.0,mg
1829,Läsk cola,Tillsatt socker,Saft läsk cider u alkohol ,10.0,g
1829,Läsk cola,Fritt socker,Saft läsk cider u alkohol ,10.0,g
1829,Läsk cola,"Selen, Se",Saft läsk cider u alkohol ,0.0,µg
1829,Läsk cola,Sackaros,Saft läsk cider u alkohol ,6.9,g
1829,Läsk cola,Riboflavin,Saft läsk cider u alkohol ,0.0,mg
1829,Läsk cola,Retinol,Saft läsk cider u alkohol ,0.0,µg
1829,Läsk cola,Protein,Saft läsk cider u alkohol ,0.0,g
1829,Läsk cola,Summa fleromättade fettsyror,Saft läsk cider u alkohol ,0.0,g
1829,Läsk cola,"Fosfor, P",Saft läsk cider u alkohol ,15.0,mg
1829,Läsk cola,Niacinekvivalenter,Saft läsk cider u alkohol ,0.0,NE/mg
1829,Läsk cola,Niacin,Saft läsk cider u alkohol ,0.0,mg
1829,Läsk cola,"Salt, NaCl",Saft läsk cider u alkohol ,0.0,g
1829,Läsk cola,"Natrium, Na",Saft läsk cider u alkohol ,2.0,mg
1829,Läsk cola,Monosackarider,Saft läsk cider u alkohol ,3.6,g
1829,Läsk cola,"Sockerarter, totalt",Saft läsk cider u alkohol ,10.5,g
1829,Läsk cola,Summa enkelomättade fettsyror,Saft läsk cider u alkohol ,0.0,g
1829,Läsk cola,"Magnesium, Mg",Saft läsk cider u alkohol ,0.0,mg
1829,Läsk cola,Summa mättade fettsyror,Saft läsk cider u alkohol ,0.0,g
1829,Läsk cola,"Kolhydrater, tillgängliga",Saft läsk cider u alkohol ,10.5,g
1829,Läsk cola,Kolesterol,Saft läsk cider u alkohol ,0.0,mg
1829,Läsk cola,"Kalium, K",Saft läsk cider u alkohol ,0.0,mg
1829,Läsk cola,"Jod, I",Saft läsk cider u alkohol ,0.0,µg
1829,Läsk cola,Fullkorn totalt,Saft läsk cider u alkohol ,0.0,g
1829,Läsk cola,"Folat, totalt",Saft läsk cider u alkohol ,0.0,µg
1829,Läsk cola,Fibrer,Saft läsk cider u alkohol ,0.0,g
1829,Läsk cola,"Fett, totalt",Saft läsk cider u alkohol ,0.0,g
1829,Läsk cola,"Järn, Fe",Saft läsk cider u alkohol ,0.0,mg
1829,Läsk cola,Energi (kJ),Saft läsk cider u alkohol ,178.0,kJ
1829,Läsk cola,Energi (kcal),Saft läsk cider u alkohol ,43.0,kcal
1829,Läsk cola,Disackarider,Saft läsk cider u alkohol ,6.9,g
1829,Läsk cola,"Kalcium, Ca",Saft läsk cider u alkohol ,2.0,mg
1829,Läsk cola,Fettsyra 4:0-10:0,Saft läsk cider u alkohol ,0.0,g
1829,Läsk cola,DHA (C22:6),Saft läsk cider u alkohol ,0.0,g
1829,Läsk cola,DPA (C22:5),Saft läsk cider u alkohol ,0.0,g
1829,Läsk cola,EPA (C20:5),Saft läsk cider u alkohol ,0.0,g
1829,Läsk cola,Arakidonsyra C20:4,Saft läsk cider u alkohol ,0.0,g
1829,Läsk cola,Arakidinsyra C20:0,Saft läsk cider u alkohol ,0.0,g
1829,Läsk cola,Linolensyra C18:3,Saft läsk cider u alkohol ,0.0,g
1829,Läsk cola,Linolsyra C18:2,Saft läsk cider u alkohol ,0.0,g
1829,Läsk cola,Oljesyra C18:1,Saft läsk cider u alkohol ,0.0,g
1829,Läsk cola,Stearinsyra C18:0,Saft läsk cider u alkohol ,0.0,g
1829,Läsk cola,Palmitoljesyra C16:1,Saft läsk cider u alkohol ,0.0,g
1829,Läsk cola,Palmitinsyra C16:0,Saft läsk cider u alkohol ,0.0,g
1829,Läsk cola,Myristinsyra C14:0,Saft läsk cider u alkohol ,0.0,g
1829,Läsk cola,Laurinsyra C12:0,Saft läsk cider u alkohol ,0.0,g
1829,Läsk cola,Betakaroten/β-Karoten,Saft läsk cider u alkohol ,0.0,µg
1829,Läsk cola,Avfall (skal etc.),Saft läsk cider u alkohol ,0.0,%
1829,Läsk cola,Aska,Saft läsk cider u alkohol ,0.0,g
1829,Läsk cola,Alkohol,Saft läsk cider u alkohol ,0.0,g
1830,Läsk light,"Zink, Zn",Lightdrycker u energi,0.0,mg
1830,Läsk light,Vitamin E,Lightdrycker u energi,0.0,mg
1830,Läsk light,Vitamin D inkl 25-OH-D3,Lightdrycker u energi,0.0,µg
1830,Läsk light,Vitamin D,Lightdrycker u energi,0.0,µg
1830,Läsk light,Vitamin C,Lightdrycker u energi,0.9,mg
1830,Läsk light,Vitamin B6,Lightdrycker u energi,0.0,mg
1830,Läsk light,Vitamin B12,Lightdrycker u energi,0.0,µg
1830,Läsk light,Vitamin A,Lightdrycker u energi,0.0,RE/µg
1830,Läsk light,Vatten,Lightdrycker u energi,99.7,g
1830,Läsk light,Tiamin,Lightdrycker u energi,0.0,mg
1830,Läsk light,Tillsatt socker,Lightdrycker u energi,0.0,g
1830,Läsk light,Fritt socker,Lightdrycker u energi,0.0,g
1830,Läsk light,"Selen, Se",Lightdrycker u energi,0.0,µg
1830,Läsk light,Sackaros,Lightdrycker u energi,0.0,g
1830,Läsk light,Riboflavin,Lightdrycker u energi,0.0,mg
1830,Läsk light,Retinol,Lightdrycker u energi,0.0,µg
1830,Läsk light,Protein,Lightdrycker u energi,0.0,g
1830,Läsk light,Summa fleromättade fettsyror,Lightdrycker u energi,0.0,g
1830,Läsk light,"Fosfor, P",Lightdrycker u energi,0.0,mg
1830,Läsk light,Niacinekvivalenter,Lightdrycker u energi,0.0,NE/mg
1830,Läsk light,Niacin,Lightdrycker u energi,0.0,mg
1830,Läsk light,"Salt, NaCl",Lightdrycker u energi,0.0,g
1830,Läsk light,"Natrium, Na",Lightdrycker u energi,8.0,mg
1830,Läsk light,Monosackarider,Lightdrycker u energi,0.1,g
1830,Läsk light,"Sockerarter, totalt",Lightdrycker u energi,0.1,g
1830,Läsk light,Summa enkelomättade fettsyror,Lightdrycker u energi,0.0,g
1830,Läsk light,"Magnesium, Mg",Lightdrycker u energi,0.0,mg
1830,Läsk light,Summa mättade fettsyror,Lightdrycker u energi,0.0,g
1830,Läsk light,"Kolhydrater, tillgängliga",Lightdrycker u energi,0.3,g
1830,Läsk light,Kolesterol,Lightdrycker u energi,0.0,mg
1830,Läsk light,"Kalium, K",Lightdrycker u energi,11.0,mg
1830,Läsk light,"Jod, I",Lightdrycker u energi,0.0,µg
1830,Läsk light,Fullkorn totalt,Lightdrycker u energi,0.0,g
1830,Läsk light,"Folat, totalt",Lightdrycker u energi,0.0,µg
1830,Läsk light,Fibrer,Lightdrycker u energi,0.0,g
1830,Läsk light,"Fett, totalt",Lightdrycker u energi,0.0,g
1830,Läsk light,"Järn, Fe",Lightdrycker u energi,0.0,mg
1830,Läsk light,Energi (kJ),Lightdrycker u energi,5.0,kJ
1830,Läsk light,Energi (kcal),Lightdrycker u energi,1.0,kcal
1830,Läsk light,Disackarider,Lightdrycker u energi,0.0,g
1830,Läsk light,"Kalcium, Ca",Lightdrycker u energi,2.0,mg
1830,Läsk light,Fettsyra 4:0-10:0,Lightdrycker u energi,0.0,g
1830,Läsk light,DHA (C22:6),Lightdrycker u energi,0.0,g
1830,Läsk light,DPA (C22:5),Lightdrycker u energi,0.0,g
1830,Läsk light,EPA (C20:5),Lightdrycker u energi,0.0,g
1830,Läsk light,Arakidonsyra C20:4,Lightdrycker u energi,0.0,g
1830,Läsk light,Arakidinsyra C20:0,Lightdrycker u energi,0.0,g
1830,Läsk light,Linolensyra C18:3,Lightdrycker u energi,0.0,g
1830,Läsk light,Linolsyra C18:2,Lightdrycker u energi,0.0,g
1830,Läsk light,Oljesyra C18:1,Lightdrycker u energi,0.0,g
1830,Läsk light,Stearinsyra C18:0,Lightdrycker u energi,0.0,g
1830,Läsk light,Palmitoljesyra C16:1,Lightdrycker u energi,0.0,g
1830,Läsk light,Palmitinsyra C16:0,Lightdrycker u energi,0.0,g
1830,Läsk light,Myristinsyra C14:0,Lightdrycker u energi,0.0,g
1830,Läsk light,Laurinsyra C12:0,Lightdrycker u energi,0.0,g
1830,Läsk light,Betakaroten/β-Karoten,Lightdrycker u energi,0.0,µg
1830,Läsk light,Avfall (skal etc.),Lightdrycker u energi,0.0,%
1830,Läsk light,Aska,Lightdrycker u energi,0.0,g
1830,Läsk light,Alkohol,Lightdrycker u energi,0.0,g
1831,Läsk cola light,"Zink, Zn",Lightdrycker u energi,0.0,mg
1831,Läsk cola light,Vitamin E,Lightdrycker u energi,0.0,mg
1831,Läsk cola light,Vitamin D inkl 25-OH-D3,Lightdrycker u energi,0.0,µg
1831,Läsk cola light,Vitamin D,Lightdrycker u energi,0.0,µg
1831,Läsk cola light,Vitamin C,Lightdrycker u energi,0.0,mg
1831,Läsk cola light,Vitamin B6,Lightdrycker u energi,0.0,mg
1831,Läsk cola light,Vitamin B12,Lightdrycker u energi,0.0,µg
1831,Läsk cola light,Vitamin A,Lightdrycker u energi,0.0,RE/µg
1831,Läsk cola light,Vatten,Lightdrycker u energi,99.9,g
1831,Läsk cola light,Tiamin,Lightdrycker u energi,0.0,mg
1831,Läsk cola light,Tillsatt socker,Lightdrycker u energi,0.0,g
1831,Läsk cola light,Fritt socker,Lightdrycker u energi,0.0,g
1831,Läsk cola light,"Selen, Se",Lightdrycker u energi,0.0,µg
1831,Läsk cola light,Sackaros,Lightdrycker u energi,0.0,g
1831,Läsk cola light,Riboflavin,Lightdrycker u energi,0.0,mg
1831,Läsk cola light,Retinol,Lightdrycker u energi,0.0,µg
1831,Läsk cola light,Protein,Lightdrycker u energi,0.0,g
1831,Läsk cola light,Summa fleromättade fettsyror,Lightdrycker u energi,0.0,g
1831,Läsk cola light,"Fosfor, P",Lightdrycker u energi,15.0,mg
1831,Läsk cola light,Niacinekvivalenter,Lightdrycker u energi,0.0,NE/mg
1831,Läsk cola light,Niacin,Lightdrycker u energi,0.0,mg
1831,Läsk cola light,"Salt, NaCl",Lightdrycker u energi,0.0,g
1831,Läsk cola light,"Natrium, Na",Lightdrycker u energi,2.0,mg
1831,Läsk cola light,Monosackarider,Lightdrycker u energi,0.0,g
1831,Läsk cola light,"Sockerarter, totalt",Lightdrycker u energi,0.0,g
1831,Läsk cola light,Summa enkelomättade fettsyror,Lightdrycker u energi,0.0,g
1831,Läsk cola light,"Magnesium, Mg",Lightdrycker u energi,0.0,mg
1831,Läsk cola light,Summa mättade fettsyror,Lightdrycker u energi,0.0,g
1831,Läsk cola light,"Kolhydrater, tillgängliga",Lightdrycker u energi,0.1,g
1831,Läsk cola light,Kolesterol,Lightdrycker u energi,0.0,mg
1831,Läsk cola light,"Kalium, K",Lightdrycker u energi,0.0,mg
1831,Läsk cola light,"Jod, I",Lightdrycker u energi,0.0,µg
1831,Läsk cola light,Fullkorn totalt,Lightdrycker u energi,0.0,g
1831,Läsk cola light,"Folat, totalt",Lightdrycker u energi,0.0,µg
1831,Läsk cola light,Fibrer,Lightdrycker u energi,0.0,g
1831,Läsk cola light,"Fett, totalt",Lightdrycker u energi,0.0,g
1831,Läsk cola light,"Järn, Fe",Lightdrycker u energi,0.0,mg
1831,Läsk cola light,Energi (kJ),Lightdrycker u energi,2.0,kJ
1831,Läsk cola light,Energi (kcal),Lightdrycker u energi,0.0,kcal
1831,Läsk cola light,Disackarider,Lightdrycker u energi,0.0,g
1831,Läsk cola light,"Kalcium, Ca",Lightdrycker u energi,2.0,mg
1831,Läsk cola light,Fettsyra 4:0-10:0,Lightdrycker u energi,0.0,g
1831,Läsk cola light,DHA (C22:6),Lightdrycker u energi,0.0,g
1831,Läsk cola light,DPA (C22:5),Lightdrycker u energi,0.0,g
1831,Läsk cola light,EPA (C20:5),Lightdrycker u energi,0.0,g
1831,Läsk cola light,Arakidonsyra C20:4,Lightdrycker u energi,0.0,g
1831,Läsk cola light,Arakidinsyra C20:0,Lightdrycker u energi,0.0,g
1831,Läsk cola light,Linolensyra C18:3,Lightdrycker u energi,0.0,g
1831,Läsk cola light,Linolsyra C18:2,Lightdrycker u energi,0.0,g
1831,Läsk cola light,Oljesyra C18:1,Lightdrycker u energi,0.0,g
1831,Läsk cola light,Stearinsyra C18:0,Lightdrycker u energi,0.0,g
1831,Läsk cola light,Palmitoljesyra C16:1,Lightdrycker u energi,0.0,g
1831,Läsk cola light,Palmitinsyra C16:0,Lightdrycker u energi,0.0,g
1831,Läsk cola light,Myristinsyra C14:0,Lightdrycker u energi,0.0,g
1831,Läsk cola light,Laurinsyra C12:0,Lightdrycker u energi,0.0,g
1831,Läsk cola light,Betakaroten/β-Karoten,Lightdrycker u energi,0.0,µg
1831,Läsk cola light,Avfall (skal etc.),Lightdrycker u energi,0.0,%
1831,Läsk cola light,Aska,Lightdrycker u energi,0.0,g
1831,Läsk cola light,Alkohol,Lightdrycker u energi,0.0,g
1832,Sportdryck drickf.,"Zink, Zn",Sportdrycker energidrycker,0.0,mg
1832,Sportdryck drickf.,Vitamin E,Sportdrycker energidrycker,0.0,mg
1832,Sportdryck drickf.,Vitamin D inkl 25-OH-D3,Sportdrycker energidrycker,0.0,µg
1832,Sportdryck drickf.,Vitamin D,Sportdrycker energidrycker,0.0,µg
1832,Sportdryck drickf.,Vitamin C,Sportdrycker energidrycker,0.0,mg
1832,Sportdryck drickf.,Vitamin B6,Sportdrycker energidrycker,0.0,mg
1832,Sportdryck drickf.,Vitamin B12,Sportdrycker energidrycker,0.0,µg
1832,Sportdryck drickf.,Vitamin A,Sportdrycker energidrycker,0.0,RE/µg
1832,Sportdryck drickf.,Vatten,Sportdrycker energidrycker,92.5,g
1832,Sportdryck drickf.,Tiamin,Sportdrycker energidrycker,0.0,mg
1832,Sportdryck drickf.,Tillsatt socker,Sportdrycker energidrycker,6.0,g
1832,Sportdryck drickf.,Fritt socker,Sportdrycker energidrycker,6.0,g
1832,Sportdryck drickf.,"Selen, Se",Sportdrycker energidrycker,0.0,µg
1832,Sportdryck drickf.,Sackaros,Sportdrycker energidrycker,0.0,g
1832,Sportdryck drickf.,Riboflavin,Sportdrycker energidrycker,0.0,mg
1832,Sportdryck drickf.,Retinol,Sportdrycker energidrycker,0.0,µg
1832,Sportdryck drickf.,Protein,Sportdrycker energidrycker,0.0,g
1832,Sportdryck drickf.,Summa fleromättade fettsyror,Sportdrycker energidrycker,0.0,g
1832,Sportdryck drickf.,"Fosfor, P",Sportdrycker energidrycker,4.0,mg
1832,Sportdryck drickf.,Niacinekvivalenter,Sportdrycker energidrycker,0.0,NE/mg
1832,Sportdryck drickf.,Niacin,Sportdrycker energidrycker,0.0,mg
1832,Sportdryck drickf.,"Salt, NaCl",Sportdrycker energidrycker,0.1,g
1832,Sportdryck drickf.,"Natrium, Na",Sportdrycker energidrycker,29.0,mg
1832,Sportdryck drickf.,Monosackarider,Sportdrycker energidrycker,6.0,g
1832,Sportdryck drickf.,"Sockerarter, totalt",Sportdrycker energidrycker,6.0,g
1832,Sportdryck drickf.,Summa enkelomättade fettsyror,Sportdrycker energidrycker,0.0,g
1832,Sportdryck drickf.,"Magnesium, Mg",Sportdrycker energidrycker,0.0,mg
1832,Sportdryck drickf.,Summa mättade fettsyror,Sportdrycker energidrycker,0.0,g
1832,Sportdryck drickf.,"Kolhydrater, tillgängliga",Sportdrycker energidrycker,7.2,g
1832,Sportdryck drickf.,Kolesterol,Sportdrycker energidrycker,0.0,mg
1832,Sportdryck drickf.,"Kalium, K",Sportdrycker energidrycker,8.0,mg
1832,Sportdryck drickf.,Fullkorn totalt,Sportdrycker energidrycker,0.0,g
1832,Sportdryck drickf.,"Folat, totalt",Sportdrycker energidrycker,0.0,µg
1832,Sportdryck drickf.,Fibrer,Sportdrycker energidrycker,0.0,g
1832,Sportdryck drickf.,"Fett, totalt",Sportdrycker energidrycker,0.0,g
1832,Sportdryck drickf.,"Järn, Fe",Sportdrycker energidrycker,0.0,mg
1832,Sportdryck drickf.,Energi (kJ),Sportdrycker energidrycker,122.0,kJ
1832,Sportdryck drickf.,Energi (kcal),Sportdrycker energidrycker,29.0,kcal
1832,Sportdryck drickf.,Disackarider,Sportdrycker energidrycker,0.0,g
1832,Sportdryck drickf.,"Kalcium, Ca",Sportdrycker energidrycker,0.0,mg
1832,Sportdryck drickf.,Fettsyra 4:0-10:0,Sportdrycker energidrycker,0.0,g
1832,Sportdryck drickf.,DHA (C22:6),Sportdrycker energidrycker,0.0,g
1832,Sportdryck drickf.,DPA (C22:5),Sportdrycker energidrycker,0.0,g
1832,Sportdryck drickf.,EPA (C20:5),Sportdrycker energidrycker,0.0,g
1832,Sportdryck drickf.,Arakidonsyra C20:4,Sportdrycker energidrycker,0.0,g
1832,Sportdryck drickf.,Arakidinsyra C20:0,Sportdrycker energidrycker,0.0,g
1832,Sportdryck drickf.,Linolensyra C18:3,Sportdrycker energidrycker,0.0,g
1832,Sportdryck drickf.,Linolsyra C18:2,Sportdrycker energidrycker,0.0,g
1832,Sportdryck drickf.,Oljesyra C18:1,Sportdrycker energidrycker,0.0,g
1832,Sportdryck drickf.,Stearinsyra C18:0,Sportdrycker energidrycker,0.0,g
1832,Sportdryck drickf.,Palmitoljesyra C16:1,Sportdrycker energidrycker,0.0,g
1832,Sportdryck drickf.,Palmitinsyra C16:0,Sportdrycker energidrycker,0.0,g
1832,Sportdryck drickf.,Myristinsyra C14:0,Sportdrycker energidrycker,0.0,g
1832,Sportdryck drickf.,Laurinsyra C12:0,Sportdrycker energidrycker,0.0,g
1832,Sportdryck drickf.,Betakaroten/β-Karoten,Sportdrycker energidrycker,0.0,µg
1832,Sportdryck drickf.,Avfall (skal etc.),Sportdrycker energidrycker,0.0,%
1832,Sportdryck drickf.,Aska,Sportdrycker energidrycker,0.3,g
1832,Sportdryck drickf.,Alkohol,Sportdrycker energidrycker,0.0,g
1834,Saft sötningsm. drickf.,"Zink, Zn",Lightdrycker u energi,0.0,mg
1834,Saft sötningsm. drickf.,Vitamin E,Lightdrycker u energi,0.0,mg
1834,Saft sötningsm. drickf.,Vitamin D inkl 25-OH-D3,Lightdrycker u energi,0.0,µg
1834,Saft sötningsm. drickf.,Vitamin D,Lightdrycker u energi,0.0,µg
1834,Saft sötningsm. drickf.,Vitamin C,Lightdrycker u energi,2.5,mg
1834,Saft sötningsm. drickf.,Vitamin B6,Lightdrycker u energi,0.0,mg
1834,Saft sötningsm. drickf.,Vitamin B12,Lightdrycker u energi,0.0,µg
1834,Saft sötningsm. drickf.,Vitamin A,Lightdrycker u energi,0.2,RE/µg
1834,Saft sötningsm. drickf.,Vatten,Lightdrycker u energi,97.6,g
1834,Saft sötningsm. drickf.,Tiamin,Lightdrycker u energi,0.0,mg
1834,Saft sötningsm. drickf.,Tillsatt socker,Lightdrycker u energi,0.0,g
1834,Saft sötningsm. drickf.,Fritt socker,Lightdrycker u energi,0.0,g
1834,Saft sötningsm. drickf.,"Selen, Se",Lightdrycker u energi,0.0,µg
1834,Saft sötningsm. drickf.,Sackaros,Lightdrycker u energi,0.0,g
1834,Saft sötningsm. drickf.,Riboflavin,Lightdrycker u energi,0.0,mg
1834,Saft sötningsm. drickf.,Retinol,Lightdrycker u energi,0.0,µg
1834,Saft sötningsm. drickf.,Protein,Lightdrycker u energi,0.0,g
1834,Saft sötningsm. drickf.,Summa fleromättade fettsyror,Lightdrycker u energi,0.0,g
1834,Saft sötningsm. drickf.,"Fosfor, P",Lightdrycker u energi,2.0,mg
1834,Saft sötningsm. drickf.,Niacinekvivalenter,Lightdrycker u energi,0.02,NE/mg
1834,Saft sötningsm. drickf.,Niacin,Lightdrycker u energi,0.01,mg
1834,Saft sötningsm. drickf.,"Salt, NaCl",Lightdrycker u energi,0.0,g
1834,Saft sötningsm. drickf.,"Natrium, Na",Lightdrycker u energi,4.0,mg
1834,Saft sötningsm. drickf.,Monosackarider,Lightdrycker u energi,0.4,g
1834,Saft sötningsm. drickf.,"Sockerarter, totalt",Lightdrycker u energi,0.4,g
1834,Saft sötningsm. drickf.,Summa enkelomättade fettsyror,Lightdrycker u energi,0.0,g
1834,Saft sötningsm. drickf.,"Magnesium, Mg",Lightdrycker u energi,3.0,mg
1834,Saft sötningsm. drickf.,Summa mättade fettsyror,Lightdrycker u energi,0.0,g
1834,Saft sötningsm. drickf.,"Kolhydrater, tillgängliga",Lightdrycker u energi,2.2,g
1834,Saft sötningsm. drickf.,Kolesterol,Lightdrycker u energi,0.0,mg
1834,Saft sötningsm. drickf.,"Kalium, K",Lightdrycker u energi,12.0,mg
1834,Saft sötningsm. drickf.,"Jod, I",Lightdrycker u energi,1.1,µg
1834,Saft sötningsm. drickf.,Fullkorn totalt,Lightdrycker u energi,0.0,g
1834,Saft sötningsm. drickf.,"Folat, totalt",Lightdrycker u energi,0.5,µg
1834,Saft sötningsm. drickf.,Fibrer,Lightdrycker u energi,0.0,g
1834,Saft sötningsm. drickf.,"Fett, totalt",Lightdrycker u energi,0.0,g
1834,Saft sötningsm. drickf.,"Järn, Fe",Lightdrycker u energi,0.0,mg
1834,Saft sötningsm. drickf.,Energi (kJ),Lightdrycker u energi,39.0,kJ
1834,Saft sötningsm. drickf.,Energi (kcal),Lightdrycker u energi,9.0,kcal
1834,Saft sötningsm. drickf.,Disackarider,Lightdrycker u energi,0.0,g
1834,Saft sötningsm. drickf.,"Kalcium, Ca",Lightdrycker u energi,3.0,mg
1834,Saft sötningsm. drickf.,Fettsyra 4:0-10:0,Lightdrycker u energi,0.0,g
1834,Saft sötningsm. drickf.,DHA (C22:6),Lightdrycker u energi,0.0,g
1834,Saft sötningsm. drickf.,DPA (C22:5),Lightdrycker u energi,0.0,g
1834,Saft sötningsm. drickf.,EPA (C20:5),Lightdrycker u energi,0.0,g
1834,Saft sötningsm. drickf.,Arakidonsyra C20:4,Lightdrycker u energi,0.0,g
1834,Saft sötningsm. drickf.,Arakidinsyra C20:0,Lightdrycker u energi,0.0,g
1834,Saft sötningsm. drickf.,Linolensyra C18:3,Lightdrycker u energi,0.0,g
1834,Saft sötningsm. drickf.,Linolsyra C18:2,Lightdrycker u energi,0.0,g
1834,Saft sötningsm. drickf.,Oljesyra C18:1,Lightdrycker u energi,0.0,g
1834,Saft sötningsm. drickf.,Stearinsyra C18:0,Lightdrycker u energi,0.0,g
1834,Saft sötningsm. drickf.,Palmitoljesyra C16:1,Lightdrycker u energi,0.0,g
1834,Saft sötningsm. drickf.,Palmitinsyra C16:0,Lightdrycker u energi,0.0,g
1834,Saft sötningsm. drickf.,Myristinsyra C14:0,Lightdrycker u energi,0.0,g
1834,Saft sötningsm. drickf.,Laurinsyra C12:0,Lightdrycker u energi,0.0,g
1834,Saft sötningsm. drickf.,Betakaroten/β-Karoten,Lightdrycker u energi,3.0,µg
1834,Saft sötningsm. drickf.,Avfall (skal etc.),Lightdrycker u energi,0.0,%
1834,Saft sötningsm. drickf.,Aska,Lightdrycker u energi,0.1,g
1834,Saft sötningsm. drickf.,Alkohol,Lightdrycker u energi,0.0,g
1837,Hallonsaft drickf.,"Zink, Zn",Saft läsk cider u alkohol ,0.0,mg
1837,Hallonsaft drickf.,Vitamin E,Saft läsk cider u alkohol ,0.0,mg
1837,Hallonsaft drickf.,Vitamin D inkl 25-OH-D3,Saft läsk cider u alkohol ,0.0,µg
1837,Hallonsaft drickf.,Vitamin D,Saft läsk cider u alkohol ,0.0,µg
1837,Hallonsaft drickf.,Vitamin C,Saft läsk cider u alkohol ,0.0,mg
1837,Hallonsaft drickf.,Vitamin B6,Saft läsk cider u alkohol ,0.0,mg
1837,Hallonsaft drickf.,Vitamin B12,Saft läsk cider u alkohol ,0.0,µg
1837,Hallonsaft drickf.,Vitamin A,Saft läsk cider u alkohol ,0.5,RE/µg
1837,Hallonsaft drickf.,Vatten,Saft läsk cider u alkohol ,91.0,g
1837,Hallonsaft drickf.,Tiamin,Saft läsk cider u alkohol ,0.0,mg
1837,Hallonsaft drickf.,Tillsatt socker,Saft läsk cider u alkohol ,10.0,g
1837,Hallonsaft drickf.,Fritt socker,Saft läsk cider u alkohol ,10.0,g
1837,Hallonsaft drickf.,"Selen, Se",Saft läsk cider u alkohol ,0.0,µg
1837,Hallonsaft drickf.,Sackaros,Saft läsk cider u alkohol ,4.8,g
1837,Hallonsaft drickf.,Riboflavin,Saft läsk cider u alkohol ,0.0,mg
1837,Hallonsaft drickf.,Retinol,Saft läsk cider u alkohol ,0.0,µg
1837,Hallonsaft drickf.,Protein,Saft läsk cider u alkohol ,0.0,g
1837,Hallonsaft drickf.,Summa fleromättade fettsyror,Saft läsk cider u alkohol ,0.0,g
1837,Hallonsaft drickf.,"Fosfor, P",Saft läsk cider u alkohol ,4.0,mg
1837,Hallonsaft drickf.,Niacinekvivalenter,Saft läsk cider u alkohol ,0.0,NE/mg
1837,Hallonsaft drickf.,Niacin,Saft läsk cider u alkohol ,0.0,mg
1837,Hallonsaft drickf.,"Salt, NaCl",Saft läsk cider u alkohol ,0.0,g
1837,Hallonsaft drickf.,"Natrium, Na",Saft läsk cider u alkohol ,4.0,mg
1837,Hallonsaft drickf.,Monosackarider,Saft läsk cider u alkohol ,4.8,g
1837,Hallonsaft drickf.,"Sockerarter, totalt",Saft läsk cider u alkohol ,9.6,g
1837,Hallonsaft drickf.,Summa enkelomättade fettsyror,Saft läsk cider u alkohol ,0.0,g
1837,Hallonsaft drickf.,"Magnesium, Mg",Saft läsk cider u alkohol ,6.0,mg
1837,Hallonsaft drickf.,Summa mättade fettsyror,Saft läsk cider u alkohol ,0.0,g
1837,Hallonsaft drickf.,"Kolhydrater, tillgängliga",Saft läsk cider u alkohol ,9.0,g
1837,Hallonsaft drickf.,Kolesterol,Saft läsk cider u alkohol ,0.0,mg
1837,Hallonsaft drickf.,"Kalium, K",Saft läsk cider u alkohol ,20.0,mg
1837,Hallonsaft drickf.,"Jod, I",Saft läsk cider u alkohol ,0.1,µg
1837,Hallonsaft drickf.,Fullkorn totalt,Saft läsk cider u alkohol ,0.0,g
1837,Hallonsaft drickf.,"Folat, totalt",Saft läsk cider u alkohol ,1.0,µg
1837,Hallonsaft drickf.,Fibrer,Saft läsk cider u alkohol ,0.0,g
1837,Hallonsaft drickf.,"Fett, totalt",Saft läsk cider u alkohol ,0.0,g
1837,Hallonsaft drickf.,"Järn, Fe",Saft läsk cider u alkohol ,0.1,mg
1837,Hallonsaft drickf.,Energi (kJ),Saft läsk cider u alkohol ,153.0,kJ
1837,Hallonsaft drickf.,Energi (kcal),Saft läsk cider u alkohol ,37.0,kcal
1837,Hallonsaft drickf.,Disackarider,Saft läsk cider u alkohol ,4.8,g
1837,Hallonsaft drickf.,"Kalcium, Ca",Saft läsk cider u alkohol ,4.0,mg
1837,Hallonsaft drickf.,Fettsyra 4:0-10:0,Saft läsk cider u alkohol ,0.0,g
1837,Hallonsaft drickf.,DHA (C22:6),Saft läsk cider u alkohol ,0.0,g
1837,Hallonsaft drickf.,DPA (C22:5),Saft läsk cider u alkohol ,0.0,g
1837,Hallonsaft drickf.,EPA (C20:5),Saft läsk cider u alkohol ,0.0,g
1837,Hallonsaft drickf.,Arakidonsyra C20:4,Saft läsk cider u alkohol ,0.0,g
1837,Hallonsaft drickf.,Arakidinsyra C20:0,Saft läsk cider u alkohol ,0.0,g
1837,Hallonsaft drickf.,Linolensyra C18:3,Saft läsk cider u alkohol ,0.0,g
1837,Hallonsaft drickf.,Linolsyra C18:2,Saft läsk cider u alkohol ,0.0,g
1837,Hallonsaft drickf.,Oljesyra C18:1,Saft läsk cider u alkohol ,0.0,g
1837,Hallonsaft drickf.,Stearinsyra C18:0,Saft läsk cider u alkohol ,0.0,g
1837,Hallonsaft drickf.,Palmitoljesyra C16:1,Saft läsk cider u alkohol ,0.0,g
1837,Hallonsaft drickf.,Palmitinsyra C16:0,Saft läsk cider u alkohol ,0.0,g
1837,Hallonsaft drickf.,Myristinsyra C14:0,Saft läsk cider u alkohol ,0.0,g
1837,Hallonsaft drickf.,Laurinsyra C12:0,Saft läsk cider u alkohol ,0.0,g
1837,Hallonsaft drickf.,Betakaroten/β-Karoten,Saft läsk cider u alkohol ,6.0,µg
1837,Hallonsaft drickf.,Avfall (skal etc.),Saft läsk cider u alkohol ,0.0,%
1837,Hallonsaft drickf.,Aska,Saft läsk cider u alkohol ,0.0,g
1837,Hallonsaft drickf.,Alkohol,Saft läsk cider u alkohol ,0.0,g
1838,Svartvinbärssaft drickf. berikad,"Zink, Zn",Saft läsk cider u alkohol ,0.0,mg
1838,Svartvinbärssaft drickf. berikad,Vitamin E,Saft läsk cider u alkohol ,0.0,mg
1838,Svartvinbärssaft drickf. berikad,Vitamin D inkl 25-OH-D3,Saft läsk cider u alkohol ,0.0,µg
1838,Svartvinbärssaft drickf. berikad,Vitamin D,Saft läsk cider u alkohol ,0.0,µg
1838,Svartvinbärssaft drickf. berikad,Vitamin C,Saft läsk cider u alkohol ,19.0,mg
1838,Svartvinbärssaft drickf. berikad,Vitamin B6,Saft läsk cider u alkohol ,0.0,mg
1838,Svartvinbärssaft drickf. berikad,Vitamin B12,Saft läsk cider u alkohol ,0.0,µg
1838,Svartvinbärssaft drickf. berikad,Vitamin A,Saft läsk cider u alkohol ,1.0,RE/µg
1838,Svartvinbärssaft drickf. berikad,Vatten,Saft läsk cider u alkohol ,92.0,g
1838,Svartvinbärssaft drickf. berikad,Tiamin,Saft läsk cider u alkohol ,0.0,mg
1838,Svartvinbärssaft drickf. berikad,Tillsatt socker,Saft läsk cider u alkohol ,8.0,g
1838,Svartvinbärssaft drickf. berikad,Fritt socker,Saft läsk cider u alkohol ,8.0,g
1838,Svartvinbärssaft drickf. berikad,"Selen, Se",Saft läsk cider u alkohol ,0.0,µg
1838,Svartvinbärssaft drickf. berikad,Sackaros,Saft läsk cider u alkohol ,4.0,g
1838,Svartvinbärssaft drickf. berikad,Riboflavin,Saft läsk cider u alkohol ,0.0,mg
1838,Svartvinbärssaft drickf. berikad,Retinol,Saft läsk cider u alkohol ,0.0,µg
1838,Svartvinbärssaft drickf. berikad,Protein,Saft läsk cider u alkohol ,0.0,g
1838,Svartvinbärssaft drickf. berikad,Summa fleromättade fettsyror,Saft läsk cider u alkohol ,0.0,g
1838,Svartvinbärssaft drickf. berikad,"Fosfor, P",Saft läsk cider u alkohol ,2.0,mg
1838,Svartvinbärssaft drickf. berikad,Niacinekvivalenter,Saft läsk cider u alkohol ,0.0,NE/mg
1838,Svartvinbärssaft drickf. berikad,Niacin,Saft läsk cider u alkohol ,0.0,mg
1838,Svartvinbärssaft drickf. berikad,"Salt, NaCl",Saft läsk cider u alkohol ,0.0,g
1838,Svartvinbärssaft drickf. berikad,"Natrium, Na",Saft läsk cider u alkohol ,6.0,mg
1838,Svartvinbärssaft drickf. berikad,Monosackarider,Saft läsk cider u alkohol ,4.0,g
1838,Svartvinbärssaft drickf. berikad,"Sockerarter, totalt",Saft läsk cider u alkohol ,8.0,g
1838,Svartvinbärssaft drickf. berikad,Summa enkelomättade fettsyror,Saft läsk cider u alkohol ,0.0,g
1838,Svartvinbärssaft drickf. berikad,"Magnesium, Mg",Saft läsk cider u alkohol ,6.0,mg
1838,Svartvinbärssaft drickf. berikad,Summa mättade fettsyror,Saft läsk cider u alkohol ,0.0,g
1838,Svartvinbärssaft drickf. berikad,"Kolhydrater, tillgängliga",Saft läsk cider u alkohol ,8.0,g
1838,Svartvinbärssaft drickf. berikad,Kolesterol,Saft läsk cider u alkohol ,0.0,mg
1838,Svartvinbärssaft drickf. berikad,"Kalium, K",Saft läsk cider u alkohol ,23.0,mg
1838,Svartvinbärssaft drickf. berikad,"Jod, I",Saft läsk cider u alkohol ,0.1,µg
1838,Svartvinbärssaft drickf. berikad,Fullkorn totalt,Saft läsk cider u alkohol ,0.0,g
1838,Svartvinbärssaft drickf. berikad,"Folat, totalt",Saft läsk cider u alkohol ,1.0,µg
1838,Svartvinbärssaft drickf. berikad,Fibrer,Saft läsk cider u alkohol ,0.0,g
1838,Svartvinbärssaft drickf. berikad,"Fett, totalt",Saft läsk cider u alkohol ,0.0,g
1838,Svartvinbärssaft drickf. berikad,"Järn, Fe",Saft läsk cider u alkohol ,0.0,mg
1838,Svartvinbärssaft drickf. berikad,Energi (kJ),Saft läsk cider u alkohol ,136.0,kJ
1838,Svartvinbärssaft drickf. berikad,Energi (kcal),Saft läsk cider u alkohol ,32.0,kcal
1838,Svartvinbärssaft drickf. berikad,Disackarider,Saft läsk cider u alkohol ,4.0,g
1838,Svartvinbärssaft drickf. berikad,"Kalcium, Ca",Saft läsk cider u alkohol ,2.0,mg
1838,Svartvinbärssaft drickf. berikad,Fettsyra 4:0-10:0,Saft läsk cider u alkohol ,0.0,g
1838,Svartvinbärssaft drickf. berikad,DHA (C22:6),Saft läsk cider u alkohol ,0.0,g
1838,Svartvinbärssaft drickf. berikad,DPA (C22:5),Saft läsk cider u alkohol ,0.0,g
1838,Svartvinbärssaft drickf. berikad,EPA (C20:5),Saft läsk cider u alkohol ,0.0,g
1838,Svartvinbärssaft drickf. berikad,Arakidonsyra C20:4,Saft läsk cider u alkohol ,0.0,g
1838,Svartvinbärssaft drickf. berikad,Arakidinsyra C20:0,Saft läsk cider u alkohol ,0.0,g
1838,Svartvinbärssaft drickf. berikad,Linolensyra C18:3,Saft läsk cider u alkohol ,0.0,g
1838,Svartvinbärssaft drickf. berikad,Linolsyra C18:2,Saft läsk cider u alkohol ,0.0,g
1838,Svartvinbärssaft drickf. berikad,Oljesyra C18:1,Saft läsk cider u alkohol ,0.0,g
1838,Svartvinbärssaft drickf. berikad,Stearinsyra C18:0,Saft läsk cider u alkohol ,0.0,g
1838,Svartvinbärssaft drickf. berikad,Palmitoljesyra C16:1,Saft läsk cider u alkohol ,0.0,g
1838,Svartvinbärssaft drickf. berikad,Palmitinsyra C16:0,Saft läsk cider u alkohol ,0.0,g
1838,Svartvinbärssaft drickf. berikad,Myristinsyra C14:0,Saft läsk cider u alkohol ,0.0,g
1838,Svartvinbärssaft drickf. berikad,Laurinsyra C12:0,Saft läsk cider u alkohol ,0.0,g
1838,Svartvinbärssaft drickf. berikad,Betakaroten/β-Karoten,Saft läsk cider u alkohol ,12.0,µg
1838,Svartvinbärssaft drickf. berikad,Avfall (skal etc.),Saft läsk cider u alkohol ,0.0,%
1838,Svartvinbärssaft drickf. berikad,Aska,Saft läsk cider u alkohol ,0.0,g
1838,Svartvinbärssaft drickf. berikad,Alkohol,Saft läsk cider u alkohol ,0.0,g
1840,Lingondricka drickf. berikad,"Zink, Zn",Övriga sötade drycker vattenchoklad,0.0,mg
1840,Lingondricka drickf. berikad,Vitamin E,Övriga sötade drycker vattenchoklad,0.0,mg
1840,Lingondricka drickf. berikad,Vitamin D inkl 25-OH-D3,Övriga sötade drycker vattenchoklad,0.0,µg
1840,Lingondricka drickf. berikad,Vitamin D,Övriga sötade drycker vattenchoklad,0.0,µg
1840,Lingondricka drickf. berikad,Vitamin C,Övriga sötade drycker vattenchoklad,15.0,mg
1840,Lingondricka drickf. berikad,Vitamin B6,Övriga sötade drycker vattenchoklad,0.0,mg
1840,Lingondricka drickf. berikad,Vitamin B12,Övriga sötade drycker vattenchoklad,0.0,µg
1840,Lingondricka drickf. berikad,Vitamin A,Övriga sötade drycker vattenchoklad,0.2,RE/µg
1840,Lingondricka drickf. berikad,Vatten,Övriga sötade drycker vattenchoklad,93.0,g
1840,Lingondricka drickf. berikad,Tiamin,Övriga sötade drycker vattenchoklad,0.0,mg
1840,Lingondricka drickf. berikad,Tillsatt socker,Övriga sötade drycker vattenchoklad,6.0,g
1840,Lingondricka drickf. berikad,Fritt socker,Övriga sötade drycker vattenchoklad,7.0,g
1840,Lingondricka drickf. berikad,"Selen, Se",Övriga sötade drycker vattenchoklad,0.0,µg
1840,Lingondricka drickf. berikad,Sackaros,Övriga sötade drycker vattenchoklad,4.5,g
1840,Lingondricka drickf. berikad,Riboflavin,Övriga sötade drycker vattenchoklad,0.0,mg
1840,Lingondricka drickf. berikad,Retinol,Övriga sötade drycker vattenchoklad,0.0,µg
1840,Lingondricka drickf. berikad,Protein,Övriga sötade drycker vattenchoklad,0.0,g
1840,Lingondricka drickf. berikad,Summa fleromättade fettsyror,Övriga sötade drycker vattenchoklad,0.0,g
1840,Lingondricka drickf. berikad,"Fosfor, P",Övriga sötade drycker vattenchoklad,1.0,mg
1840,Lingondricka drickf. berikad,Niacinekvivalenter,Övriga sötade drycker vattenchoklad,0.0,NE/mg
1840,Lingondricka drickf. berikad,Niacin,Övriga sötade drycker vattenchoklad,0.0,mg
1840,Lingondricka drickf. berikad,"Salt, NaCl",Övriga sötade drycker vattenchoklad,0.0,g
1840,Lingondricka drickf. berikad,"Natrium, Na",Övriga sötade drycker vattenchoklad,5.0,mg
1840,Lingondricka drickf. berikad,Monosackarider,Övriga sötade drycker vattenchoklad,2.5,g
1840,Lingondricka drickf. berikad,"Sockerarter, totalt",Övriga sötade drycker vattenchoklad,7.0,g
1840,Lingondricka drickf. berikad,Summa enkelomättade fettsyror,Övriga sötade drycker vattenchoklad,0.0,g
1840,Lingondricka drickf. berikad,"Magnesium, Mg",Övriga sötade drycker vattenchoklad,0.0,mg
1840,Lingondricka drickf. berikad,Summa mättade fettsyror,Övriga sötade drycker vattenchoklad,0.0,g
1840,Lingondricka drickf. berikad,"Kolhydrater, tillgängliga",Övriga sötade drycker vattenchoklad,7.0,g
1840,Lingondricka drickf. berikad,Kolesterol,Övriga sötade drycker vattenchoklad,0.0,mg
1840,Lingondricka drickf. berikad,"Kalium, K",Övriga sötade drycker vattenchoklad,15.0,mg
1840,Lingondricka drickf. berikad,Fullkorn totalt,Övriga sötade drycker vattenchoklad,0.0,g
1840,Lingondricka drickf. berikad,"Folat, totalt",Övriga sötade drycker vattenchoklad,0.0,µg
1840,Lingondricka drickf. berikad,Fibrer,Övriga sötade drycker vattenchoklad,0.0,g
1840,Lingondricka drickf. berikad,"Fett, totalt",Övriga sötade drycker vattenchoklad,0.0,g
1840,Lingondricka drickf. berikad,"Järn, Fe",Övriga sötade drycker vattenchoklad,0.0,mg
1840,Lingondricka drickf. berikad,Energi (kJ),Övriga sötade drycker vattenchoklad,119.0,kJ
1840,Lingondricka drickf. berikad,Energi (kcal),Övriga sötade drycker vattenchoklad,28.0,kcal
1840,Lingondricka drickf. berikad,Disackarider,Övriga sötade drycker vattenchoklad,4.5,g
1840,Lingondricka drickf. berikad,"Kalcium, Ca",Övriga sötade drycker vattenchoklad,1.0,mg
1840,Lingondricka drickf. berikad,Fettsyra 4:0-10:0,Övriga sötade drycker vattenchoklad,0.0,g
1840,Lingondricka drickf. berikad,DHA (C22:6),Övriga sötade drycker vattenchoklad,0.0,g
1840,Lingondricka drickf. berikad,DPA (C22:5),Övriga sötade drycker vattenchoklad,0.0,g
1840,Lingondricka drickf. berikad,EPA (C20:5),Övriga sötade drycker vattenchoklad,0.0,g
1840,Lingondricka drickf. berikad,Arakidonsyra C20:4,Övriga sötade drycker vattenchoklad,0.0,g
1840,Lingondricka drickf. berikad,Arakidinsyra C20:0,Övriga sötade drycker vattenchoklad,0.0,g
1840,Lingondricka drickf. berikad,Linolensyra C18:3,Övriga sötade drycker vattenchoklad,0.0,g
1840,Lingondricka drickf. berikad,Linolsyra C18:2,Övriga sötade drycker vattenchoklad,0.0,g
1840,Lingondricka drickf. berikad,Oljesyra C18:1,Övriga sötade drycker vattenchoklad,0.0,g
1840,Lingondricka drickf. berikad,Stearinsyra C18:0,Övriga sötade drycker vattenchoklad,0.0,g
1840,Lingondricka drickf. berikad,Palmitoljesyra C16:1,Övriga sötade drycker vattenchoklad,0.0,g
1840,Lingondricka drickf. berikad,Palmitinsyra C16:0,Övriga sötade drycker vattenchoklad,0.0,g
1840,Lingondricka drickf. berikad,Myristinsyra C14:0,Övriga sötade drycker vattenchoklad,0.0,g
1840,Lingondricka drickf. berikad,Laurinsyra C12:0,Övriga sötade drycker vattenchoklad,0.0,g
1840,Lingondricka drickf. berikad,Betakaroten/β-Karoten,Övriga sötade drycker vattenchoklad,3.0,µg
1840,Lingondricka drickf. berikad,Avfall (skal etc.),Övriga sötade drycker vattenchoklad,0.0,%
1840,Lingondricka drickf. berikad,Aska,Övriga sötade drycker vattenchoklad,0.0,g
1840,Lingondricka drickf. berikad,Alkohol,Övriga sötade drycker vattenchoklad,0.0,g
1841,Äppeldricka drickf. berikad,"Zink, Zn",Saft läsk cider u alkohol ,0.0,mg
1841,Äppeldricka drickf. berikad,Vitamin E,Saft läsk cider u alkohol ,0.0,mg
1841,Äppeldricka drickf. berikad,Vitamin D inkl 25-OH-D3,Saft läsk cider u alkohol ,0.0,µg
1841,Äppeldricka drickf. berikad,Vitamin D,Saft läsk cider u alkohol ,0.0,µg
1841,Äppeldricka drickf. berikad,Vitamin C,Saft läsk cider u alkohol ,15.0,mg
1841,Äppeldricka drickf. berikad,Vitamin B6,Saft läsk cider u alkohol ,0.0,mg
1841,Äppeldricka drickf. berikad,Vitamin B12,Saft läsk cider u alkohol ,0.0,µg
1841,Äppeldricka drickf. berikad,Vitamin A,Saft läsk cider u alkohol ,0.0,RE/µg
1841,Äppeldricka drickf. berikad,Vatten,Saft läsk cider u alkohol ,92.0,g
1841,Äppeldricka drickf. berikad,Tiamin,Saft läsk cider u alkohol ,0.0,mg
1841,Äppeldricka drickf. berikad,Tillsatt socker,Saft läsk cider u alkohol ,7.0,g
1841,Äppeldricka drickf. berikad,Fritt socker,Saft läsk cider u alkohol ,8.0,g
1841,Äppeldricka drickf. berikad,"Selen, Se",Saft läsk cider u alkohol ,0.0,µg
1841,Äppeldricka drickf. berikad,Sackaros,Saft läsk cider u alkohol ,5.1,g
1841,Äppeldricka drickf. berikad,Riboflavin,Saft läsk cider u alkohol ,0.0,mg
1841,Äppeldricka drickf. berikad,Retinol,Saft läsk cider u alkohol ,0.0,µg
1841,Äppeldricka drickf. berikad,Protein,Saft läsk cider u alkohol ,0.0,g
1841,Äppeldricka drickf. berikad,Summa fleromättade fettsyror,Saft läsk cider u alkohol ,0.0,g
1841,Äppeldricka drickf. berikad,"Fosfor, P",Saft läsk cider u alkohol ,5.0,mg
1841,Äppeldricka drickf. berikad,Niacinekvivalenter,Saft läsk cider u alkohol ,0.0,NE/mg
1841,Äppeldricka drickf. berikad,Niacin,Saft läsk cider u alkohol ,0.0,mg
1841,Äppeldricka drickf. berikad,"Salt, NaCl",Saft läsk cider u alkohol ,0.0,g
1841,Äppeldricka drickf. berikad,"Natrium, Na",Saft läsk cider u alkohol ,2.0,mg
1841,Äppeldricka drickf. berikad,Monosackarider,Saft läsk cider u alkohol ,2.9,g
1841,Äppeldricka drickf. berikad,"Sockerarter, totalt",Saft läsk cider u alkohol ,8.0,g
1841,Äppeldricka drickf. berikad,Summa enkelomättade fettsyror,Saft läsk cider u alkohol ,0.0,g
1841,Äppeldricka drickf. berikad,"Magnesium, Mg",Saft läsk cider u alkohol ,3.0,mg
1841,Äppeldricka drickf. berikad,Summa mättade fettsyror,Saft läsk cider u alkohol ,0.0,g
1841,Äppeldricka drickf. berikad,"Kolhydrater, tillgängliga",Saft läsk cider u alkohol ,7.9,g
1841,Äppeldricka drickf. berikad,Kolesterol,Saft läsk cider u alkohol ,0.0,mg
1841,Äppeldricka drickf. berikad,"Kalium, K",Saft läsk cider u alkohol ,80.0,mg
1841,Äppeldricka drickf. berikad,"Jod, I",Saft läsk cider u alkohol ,1.1,µg
1841,Äppeldricka drickf. berikad,Fullkorn totalt,Saft läsk cider u alkohol ,0.0,g
1841,Äppeldricka drickf. berikad,"Folat, totalt",Saft läsk cider u alkohol ,0.0,µg
1841,Äppeldricka drickf. berikad,Fibrer,Saft läsk cider u alkohol ,0.0,g
1841,Äppeldricka drickf. berikad,"Fett, totalt",Saft läsk cider u alkohol ,0.0,g
1841,Äppeldricka drickf. berikad,"Järn, Fe",Saft läsk cider u alkohol ,0.0,mg
1841,Äppeldricka drickf. berikad,Energi (kJ),Saft läsk cider u alkohol ,134.0,kJ
1841,Äppeldricka drickf. berikad,Energi (kcal),Saft läsk cider u alkohol ,32.0,kcal
1841,Äppeldricka drickf. berikad,Disackarider,Saft läsk cider u alkohol ,5.1,g
1841,Äppeldricka drickf. berikad,"Kalcium, Ca",Saft läsk cider u alkohol ,5.0,mg
1841,Äppeldricka drickf. berikad,Fettsyra 4:0-10:0,Saft läsk cider u alkohol ,0.0,g
1841,Äppeldricka drickf. berikad,DHA (C22:6),Saft läsk cider u alkohol ,0.0,g
1841,Äppeldricka drickf. berikad,DPA (C22:5),Saft läsk cider u alkohol ,0.0,g
1841,Äppeldricka drickf. berikad,EPA (C20:5),Saft läsk cider u alkohol ,0.0,g
1841,Äppeldricka drickf. berikad,Arakidonsyra C20:4,Saft läsk cider u alkohol ,0.0,g
1841,Äppeldricka drickf. berikad,Arakidinsyra C20:0,Saft läsk cider u alkohol ,0.0,g
1841,Äppeldricka drickf. berikad,Linolensyra C18:3,Saft läsk cider u alkohol ,0.0,g
1841,Äppeldricka drickf. berikad,Linolsyra C18:2,Saft läsk cider u alkohol ,0.0,g
1841,Äppeldricka drickf. berikad,Oljesyra C18:1,Saft läsk cider u alkohol ,0.0,g
1841,Äppeldricka drickf. berikad,Stearinsyra C18:0,Saft läsk cider u alkohol ,0.0,g
1841,Äppeldricka drickf. berikad,Palmitoljesyra C16:1,Saft läsk cider u alkohol ,0.0,g
1841,Äppeldricka drickf. berikad,Palmitinsyra C16:0,Saft läsk cider u alkohol ,0.0,g
1841,Äppeldricka drickf. berikad,Myristinsyra C14:0,Saft läsk cider u alkohol ,0.0,g
1841,Äppeldricka drickf. berikad,Laurinsyra C12:0,Saft läsk cider u alkohol ,0.0,g
1841,Äppeldricka drickf. berikad,Betakaroten/β-Karoten,Saft läsk cider u alkohol ,0.0,µg
1841,Äppeldricka drickf. berikad,Avfall (skal etc.),Saft läsk cider u alkohol ,0.0,%
1841,Äppeldricka drickf. berikad,Aska,Saft läsk cider u alkohol ,0.1,g
1841,Äppeldricka drickf. berikad,Alkohol,Saft läsk cider u alkohol ,0.0,g
1842,Saft sötningsm. drickf. berikad,"Zink, Zn",Saft läsk cider u alkohol ,0.0,mg
1842,Saft sötningsm. drickf. berikad,Vitamin E,Saft läsk cider u alkohol ,0.0,mg
1842,Saft sötningsm. drickf. berikad,Vitamin D inkl 25-OH-D3,Saft läsk cider u alkohol ,0.0,µg
1842,Saft sötningsm. drickf. berikad,Vitamin D,Saft läsk cider u alkohol ,0.0,µg
1842,Saft sötningsm. drickf. berikad,Vitamin C,Saft läsk cider u alkohol ,12.0,mg
1842,Saft sötningsm. drickf. berikad,Vitamin B6,Saft läsk cider u alkohol ,0.0,mg
1842,Saft sötningsm. drickf. berikad,Vitamin B12,Saft läsk cider u alkohol ,0.0,µg
1842,Saft sötningsm. drickf. berikad,Vitamin A,Saft läsk cider u alkohol ,0.5,RE/µg
1842,Saft sötningsm. drickf. berikad,Vatten,Saft läsk cider u alkohol ,95.8,g
1842,Saft sötningsm. drickf. berikad,Tiamin,Saft läsk cider u alkohol ,0.02,mg
1842,Saft sötningsm. drickf. berikad,Tillsatt socker,Saft läsk cider u alkohol ,0.0,g
1842,Saft sötningsm. drickf. berikad,Fritt socker,Saft läsk cider u alkohol ,0.0,g
1842,Saft sötningsm. drickf. berikad,"Selen, Se",Saft läsk cider u alkohol ,0.0,µg
1842,Saft sötningsm. drickf. berikad,Sackaros,Saft läsk cider u alkohol ,0.0,g
1842,Saft sötningsm. drickf. berikad,Riboflavin,Saft läsk cider u alkohol ,0.01,mg
1842,Saft sötningsm. drickf. berikad,Retinol,Saft läsk cider u alkohol ,0.0,µg
1842,Saft sötningsm. drickf. berikad,Protein,Saft läsk cider u alkohol ,0.0,g
1842,Saft sötningsm. drickf. berikad,Summa fleromättade fettsyror,Saft läsk cider u alkohol ,0.0,g
1842,Saft sötningsm. drickf. berikad,"Fosfor, P",Saft läsk cider u alkohol ,7.0,mg
1842,Saft sötningsm. drickf. berikad,Niacinekvivalenter,Saft läsk cider u alkohol ,0.09,NE/mg
1842,Saft sötningsm. drickf. berikad,Niacin,Saft läsk cider u alkohol ,0.09,mg
1842,Saft sötningsm. drickf. berikad,"Salt, NaCl",Saft läsk cider u alkohol ,0.0,g
1842,Saft sötningsm. drickf. berikad,"Natrium, Na",Saft läsk cider u alkohol ,4.0,mg
1842,Saft sötningsm. drickf. berikad,Monosackarider,Saft läsk cider u alkohol ,4.2,g
1842,Saft sötningsm. drickf. berikad,"Sockerarter, totalt",Saft läsk cider u alkohol ,4.2,g
1842,Saft sötningsm. drickf. berikad,Summa enkelomättade fettsyror,Saft läsk cider u alkohol ,0.0,g
1842,Saft sötningsm. drickf. berikad,"Magnesium, Mg",Saft läsk cider u alkohol ,6.0,mg
1842,Saft sötningsm. drickf. berikad,Summa mättade fettsyror,Saft läsk cider u alkohol ,0.0,g
1842,Saft sötningsm. drickf. berikad,"Kolhydrater, tillgängliga",Saft läsk cider u alkohol ,4.2,g
1842,Saft sötningsm. drickf. berikad,Kolesterol,Saft läsk cider u alkohol ,0.0,mg
1842,Saft sötningsm. drickf. berikad,"Kalium, K",Saft läsk cider u alkohol ,62.0,mg
1842,Saft sötningsm. drickf. berikad,"Jod, I",Saft läsk cider u alkohol ,1.1,µg
1842,Saft sötningsm. drickf. berikad,Fullkorn totalt,Saft läsk cider u alkohol ,0.0,g
1842,Saft sötningsm. drickf. berikad,"Folat, totalt",Saft läsk cider u alkohol ,1.0,µg
1842,Saft sötningsm. drickf. berikad,Fibrer,Saft läsk cider u alkohol ,0.0,g
1842,Saft sötningsm. drickf. berikad,"Fett, totalt",Saft läsk cider u alkohol ,0.0,g
1842,Saft sötningsm. drickf. berikad,"Järn, Fe",Saft läsk cider u alkohol ,0.2,mg
1842,Saft sötningsm. drickf. berikad,Energi (kJ),Saft läsk cider u alkohol ,71.0,kJ
1842,Saft sötningsm. drickf. berikad,Energi (kcal),Saft läsk cider u alkohol ,17.0,kcal
1842,Saft sötningsm. drickf. berikad,Disackarider,Saft läsk cider u alkohol ,0.0,g
1842,Saft sötningsm. drickf. berikad,"Kalcium, Ca",Saft läsk cider u alkohol ,8.0,mg
1842,Saft sötningsm. drickf. berikad,Fettsyra 4:0-10:0,Saft läsk cider u alkohol ,0.0,g
1842,Saft sötningsm. drickf. berikad,DHA (C22:6),Saft läsk cider u alkohol ,0.0,g
1842,Saft sötningsm. drickf. berikad,DPA (C22:5),Saft läsk cider u alkohol ,0.0,g
1842,Saft sötningsm. drickf. berikad,EPA (C20:5),Saft läsk cider u alkohol ,0.0,g
1842,Saft sötningsm. drickf. berikad,Arakidonsyra C20:4,Saft läsk cider u alkohol ,0.0,g
1842,Saft sötningsm. drickf. berikad,Arakidinsyra C20:0,Saft läsk cider u alkohol ,0.0,g
1842,Saft sötningsm. drickf. berikad,Linolensyra C18:3,Saft läsk cider u alkohol ,0.0,g
1842,Saft sötningsm. drickf. berikad,Linolsyra C18:2,Saft läsk cider u alkohol ,0.0,g
1842,Saft sötningsm. drickf. berikad,Oljesyra C18:1,Saft läsk cider u alkohol ,0.0,g
1842,Saft sötningsm. drickf. berikad,Stearinsyra C18:0,Saft läsk cider u alkohol ,0.0,g
1842,Saft sötningsm. drickf. berikad,Palmitoljesyra C16:1,Saft läsk cider u alkohol ,0.0,g
1842,Saft sötningsm. drickf. berikad,Palmitinsyra C16:0,Saft läsk cider u alkohol ,0.0,g
1842,Saft sötningsm. drickf. berikad,Myristinsyra C14:0,Saft läsk cider u alkohol ,0.0,g
1842,Saft sötningsm. drickf. berikad,Laurinsyra C12:0,Saft läsk cider u alkohol ,0.0,g
1842,Saft sötningsm. drickf. berikad,Betakaroten/β-Karoten,Saft läsk cider u alkohol ,6.0,µg
1842,Saft sötningsm. drickf. berikad,Avfall (skal etc.),Saft läsk cider u alkohol ,0.0,%
1842,Saft sötningsm. drickf. berikad,Aska,Saft läsk cider u alkohol ,0.0,g
1842,Saft sötningsm. drickf. berikad,Alkohol,Saft läsk cider u alkohol ,0.0,g
1843,Glass isglass,"Zink, Zn",Glass,0.0,mg
1843,Glass isglass,Vitamin E,Glass,0.0,mg
1843,Glass isglass,Vitamin D inkl 25-OH-D3,Glass,0.0,µg
1843,Glass isglass,Vitamin D,Glass,0.0,µg
1843,Glass isglass,Vitamin C,Glass,0.0,mg
1843,Glass isglass,Vitamin B6,Glass,0.0,mg
1843,Glass isglass,Vitamin B12,Glass,0.0,µg
1843,Glass isglass,Vitamin A,Glass,0.5,RE/µg
1843,Glass isglass,Vatten,Glass,76.5,g
1843,Glass isglass,Tiamin,Glass,0.0,mg
1843,Glass isglass,Tillsatt socker,Glass,23.0,g
1843,Glass isglass,Fritt socker,Glass,23.0,g
1843,Glass isglass,"Selen, Se",Glass,0.0,µg
1843,Glass isglass,Sackaros,Glass,19.5,g
1843,Glass isglass,Riboflavin,Glass,0.0,mg
1843,Glass isglass,Retinol,Glass,0.0,µg
1843,Glass isglass,Protein,Glass,0.1,g
1843,Glass isglass,Summa fleromättade fettsyror,Glass,0.0,g
1843,Glass isglass,"Fosfor, P",Glass,2.0,mg
1843,Glass isglass,Niacinekvivalenter,Glass,0.02,NE/mg
1843,Glass isglass,Niacin,Glass,0.0,mg
1843,Glass isglass,"Salt, NaCl",Glass,0.1,g
1843,Glass isglass,"Natrium, Na",Glass,47.0,mg
1843,Glass isglass,Monosackarider,Glass,3.1,g
1843,Glass isglass,"Sockerarter, totalt",Glass,22.6,g
1843,Glass isglass,Summa enkelomättade fettsyror,Glass,0.0,g
1843,Glass isglass,"Magnesium, Mg",Glass,6.0,mg
1843,Glass isglass,Summa mättade fettsyror,Glass,0.0,g
1843,Glass isglass,"Kolhydrater, tillgängliga",Glass,23.2,g
1843,Glass isglass,Kolesterol,Glass,0.0,mg
1843,Glass isglass,"Kalium, K",Glass,7.0,mg
1843,Glass isglass,"Jod, I",Glass,1.2,µg
1843,Glass isglass,Fullkorn totalt,Glass,0.0,g
1843,Glass isglass,"Folat, totalt",Glass,0.0,µg
1843,Glass isglass,Fibrer,Glass,0.0,g
1843,Glass isglass,"Fett, totalt",Glass,0.0,g
1843,Glass isglass,"Järn, Fe",Glass,0.1,mg
1843,Glass isglass,Energi (kJ),Glass,397.0,kJ
1843,Glass isglass,Energi (kcal),Glass,95.0,kcal
1843,Glass isglass,Disackarider,Glass,19.5,g
1843,Glass isglass,"Kalcium, Ca",Glass,4.0,mg
1843,Glass isglass,Fettsyra 4:0-10:0,Glass,0.0,g
1843,Glass isglass,DHA (C22:6),Glass,0.0,g
1843,Glass isglass,DPA (C22:5),Glass,0.0,g
1843,Glass isglass,EPA (C20:5),Glass,0.0,g
1843,Glass isglass,Arakidonsyra C20:4,Glass,0.0,g
1843,Glass isglass,Arakidinsyra C20:0,Glass,0.0,g
1843,Glass isglass,Linolensyra C18:3,Glass,0.0,g
1843,Glass isglass,Linolsyra C18:2,Glass,0.0,g
1843,Glass isglass,Oljesyra C18:1,Glass,0.0,g
1843,Glass isglass,Stearinsyra C18:0,Glass,0.0,g
1843,Glass isglass,Palmitoljesyra C16:1,Glass,0.0,g
1843,Glass isglass,Palmitinsyra C16:0,Glass,0.0,g
1843,Glass isglass,Myristinsyra C14:0,Glass,0.0,g
1843,Glass isglass,Laurinsyra C12:0,Glass,0.0,g
1843,Glass isglass,Betakaroten/β-Karoten,Glass,6.0,µg
1843,Glass isglass,Avfall (skal etc.),Glass,0.0,%
1843,Glass isglass,Aska,Glass,0.1,g
1843,Glass isglass,Alkohol,Glass,0.0,g
1844,Glass sorbet,"Zink, Zn",Glass,0.7,mg
1844,Glass sorbet,Vitamin E,Glass,0.1,mg
1844,Glass sorbet,Vitamin D inkl 25-OH-D3,Glass,0.0,µg
1844,Glass sorbet,Vitamin D,Glass,0.0,µg
1844,Glass sorbet,Vitamin C,Glass,12.8,mg
1844,Glass sorbet,Vitamin B6,Glass,0.01,mg
1844,Glass sorbet,Vitamin B12,Glass,0.1,µg
1844,Glass sorbet,Vitamin A,Glass,0.8,RE/µg
1844,Glass sorbet,Vatten,Glass,67.9,g
1844,Glass sorbet,Tiamin,Glass,0.02,mg
1844,Glass sorbet,Tillsatt socker,Glass,24.0,g
1844,Glass sorbet,Fritt socker,Glass,25.0,g
1844,Glass sorbet,"Selen, Se",Glass,0.1,µg
1844,Glass sorbet,Sackaros,Glass,21.0,g
1844,Glass sorbet,Riboflavin,Glass,0.05,mg
1844,Glass sorbet,Retinol,Glass,0.0,µg
1844,Glass sorbet,Protein,Glass,0.8,g
1844,Glass sorbet,Summa fleromättade fettsyror,Glass,0.1,g
1844,Glass sorbet,"Fosfor, P",Glass,38.0,mg
1844,Glass sorbet,Niacinekvivalenter,Glass,0.26,NE/mg
1844,Glass sorbet,Niacin,Glass,0.07,mg
1844,Glass sorbet,"Salt, NaCl",Glass,0.0,g
1844,Glass sorbet,"Natrium, Na",Glass,19.0,mg
1844,Glass sorbet,Monosackarider,Glass,4.2,g
1844,Glass sorbet,"Sockerarter, totalt",Glass,26.1,g
1844,Glass sorbet,Summa enkelomättade fettsyror,Glass,0.2,g
1844,Glass sorbet,"Magnesium, Mg",Glass,8.0,mg
1844,Glass sorbet,Summa mättade fettsyror,Glass,0.2,g
1844,Glass sorbet,"Kolhydrater, tillgängliga",Glass,30.5,g
1844,Glass sorbet,Kolesterol,Glass,7.0,mg
1844,Glass sorbet,"Kalium, K",Glass,60.0,mg
1844,Glass sorbet,"Jod, I",Glass,1.2,µg
1844,Glass sorbet,Fullkorn totalt,Glass,0.0,g
1844,Glass sorbet,"Folat, totalt",Glass,7.0,µg
1844,Glass sorbet,Fibrer,Glass,0.0,g
1844,Glass sorbet,"Fett, totalt",Glass,0.6,g
1844,Glass sorbet,"Järn, Fe",Glass,0.2,mg
1844,Glass sorbet,Energi (kJ),Glass,553.0,kJ
1844,Glass sorbet,Energi (kcal),Glass,132.0,kcal
1844,Glass sorbet,Disackarider,Glass,21.9,g
1844,Glass sorbet,"Kalcium, Ca",Glass,20.0,mg
1844,Glass sorbet,Fettsyra 4:0-10:0,Glass,0.0,g
1844,Glass sorbet,DHA (C22:6),Glass,0.0,g
1844,Glass sorbet,DPA (C22:5),Glass,0.0,g
1844,Glass sorbet,EPA (C20:5),Glass,0.0,g
1844,Glass sorbet,Arakidonsyra C20:4,Glass,0.0,g
1844,Glass sorbet,Arakidinsyra C20:0,Glass,0.0,g
1844,Glass sorbet,Linolensyra C18:3,Glass,0.0,g
1844,Glass sorbet,Linolsyra C18:2,Glass,0.1,g
1844,Glass sorbet,Oljesyra C18:1,Glass,0.2,g
1844,Glass sorbet,Stearinsyra C18:0,Glass,0.1,g
1844,Glass sorbet,Palmitoljesyra C16:1,Glass,0.0,g
1844,Glass sorbet,Palmitinsyra C16:0,Glass,0.1,g
1844,Glass sorbet,Myristinsyra C14:0,Glass,0.0,g
1844,Glass sorbet,Laurinsyra C12:0,Glass,0.0,g
1844,Glass sorbet,Betakaroten/β-Karoten,Glass,9.0,µg
1844,Glass sorbet,Avfall (skal etc.),Glass,0.0,%
1844,Glass sorbet,Aska,Glass,0.3,g
1844,Glass sorbet,Alkohol,Glass,0.0,g
1845,Glass isglass saftis,"Zink, Zn",Glass,0.0,mg
1845,Glass isglass saftis,Vitamin E,Glass,0.0,mg
1845,Glass isglass saftis,Vitamin D inkl 25-OH-D3,Glass,0.0,µg
1845,Glass isglass saftis,Vitamin D,Glass,0.0,µg
1845,Glass isglass saftis,Vitamin C,Glass,6.6,mg
1845,Glass isglass saftis,Vitamin B6,Glass,0.0,mg
1845,Glass isglass saftis,Vitamin B12,Glass,0.0,µg
1845,Glass isglass saftis,Vitamin A,Glass,0.5,RE/µg
1845,Glass isglass saftis,Vatten,Glass,77.9,g
1845,Glass isglass saftis,Tiamin,Glass,0.01,mg
1845,Glass isglass saftis,Tillsatt socker,Glass,20.0,g
1845,Glass isglass saftis,Fritt socker,Glass,20.0,g
1845,Glass isglass saftis,"Selen, Se",Glass,0.0,µg
1845,Glass isglass saftis,Sackaros,Glass,17.2,g
1845,Glass isglass saftis,Riboflavin,Glass,0.0,mg
1845,Glass isglass saftis,Retinol,Glass,0.0,µg
1845,Glass isglass saftis,Protein,Glass,0.0,g
1845,Glass isglass saftis,Summa fleromättade fettsyror,Glass,0.1,g
1845,Glass isglass saftis,"Fosfor, P",Glass,2.0,mg
1845,Glass isglass saftis,Niacinekvivalenter,Glass,0.0,NE/mg
1845,Glass isglass saftis,Niacin,Glass,0.0,mg
1845,Glass isglass saftis,"Salt, NaCl",Glass,0.0,g
1845,Glass isglass saftis,"Natrium, Na",Glass,0.0,mg
1845,Glass isglass saftis,Monosackarider,Glass,3.3,g
1845,Glass isglass saftis,"Sockerarter, totalt",Glass,20.5,g
1845,Glass isglass saftis,Summa enkelomättade fettsyror,Glass,0.2,g
1845,Glass isglass saftis,"Magnesium, Mg",Glass,6.0,mg
1845,Glass isglass saftis,Summa mättade fettsyror,Glass,0.8,g
1845,Glass isglass saftis,"Kolhydrater, tillgängliga",Glass,20.5,g
1845,Glass isglass saftis,Kolesterol,Glass,0.0,mg
1845,Glass isglass saftis,"Kalium, K",Glass,18.0,mg
1845,Glass isglass saftis,"Jod, I",Glass,1.2,µg
1845,Glass isglass saftis,Fullkorn totalt,Glass,0.0,g
1845,Glass isglass saftis,"Folat, totalt",Glass,1.0,µg
1845,Glass isglass saftis,Fibrer,Glass,0.0,g
1845,Glass isglass saftis,"Fett, totalt",Glass,1.5,g
1845,Glass isglass saftis,"Järn, Fe",Glass,0.0,mg
1845,Glass isglass saftis,Energi (kJ),Glass,404.0,kJ
1845,Glass isglass saftis,Energi (kcal),Glass,97.0,kcal
1845,Glass isglass saftis,Disackarider,Glass,17.2,g
1845,Glass isglass saftis,"Kalcium, Ca",Glass,0.0,mg
1845,Glass isglass saftis,Fettsyra 4:0-10:0,Glass,0.1,g
1845,Glass isglass saftis,DHA (C22:6),Glass,0.0,g
1845,Glass isglass saftis,DPA (C22:5),Glass,0.0,g
1845,Glass isglass saftis,EPA (C20:5),Glass,0.0,g
1845,Glass isglass saftis,Arakidonsyra C20:4,Glass,0.0,g
1845,Glass isglass saftis,Arakidinsyra C20:0,Glass,0.0,g
1845,Glass isglass saftis,Linolensyra C18:3,Glass,0.0,g
1845,Glass isglass saftis,Linolsyra C18:2,Glass,0.1,g
1845,Glass isglass saftis,Oljesyra C18:1,Glass,0.2,g
1845,Glass isglass saftis,Stearinsyra C18:0,Glass,0.1,g
1845,Glass isglass saftis,Palmitoljesyra C16:1,Glass,0.0,g
1845,Glass isglass saftis,Palmitinsyra C16:0,Glass,0.1,g
1845,Glass isglass saftis,Myristinsyra C14:0,Glass,0.2,g
1845,Glass isglass saftis,Laurinsyra C12:0,Glass,0.4,g
1845,Glass isglass saftis,Betakaroten/β-Karoten,Glass,6.0,µg
1845,Glass isglass saftis,Avfall (skal etc.),Glass,0.0,%
1845,Glass isglass saftis,Aska,Glass,0.1,g
1845,Glass isglass saftis,Alkohol,Glass,0.0,g
1846,Chokladdryck m. vatten,"Zink, Zn",Övriga sötade drycker vattenchoklad,0.4,mg
1846,Chokladdryck m. vatten,Vitamin E,Övriga sötade drycker vattenchoklad,0.0,mg
1846,Chokladdryck m. vatten,Vitamin D,Övriga sötade drycker vattenchoklad,0.0,µg
1846,Chokladdryck m. vatten,Vitamin C,Övriga sötade drycker vattenchoklad,0.0,mg
1846,Chokladdryck m. vatten,Vitamin B6,Övriga sötade drycker vattenchoklad,0.02,mg
1846,Chokladdryck m. vatten,Vitamin B12,Övriga sötade drycker vattenchoklad,0.33,µg
1846,Chokladdryck m. vatten,Vitamin A,Övriga sötade drycker vattenchoklad,0.6,RE/µg
1846,Chokladdryck m. vatten,Vatten,Övriga sötade drycker vattenchoklad,87.8,g
1846,Chokladdryck m. vatten,Tiamin,Övriga sötade drycker vattenchoklad,0.02,mg
1846,Chokladdryck m. vatten,Tillsatt socker,Övriga sötade drycker vattenchoklad,3.0,g
1846,Chokladdryck m. vatten,Fritt socker,Övriga sötade drycker vattenchoklad,3.0,g
1846,Chokladdryck m. vatten,"Selen, Se",Övriga sötade drycker vattenchoklad,0.8,µg
1846,Chokladdryck m. vatten,Sackaros,Övriga sötade drycker vattenchoklad,3.5,g
1846,Chokladdryck m. vatten,Riboflavin,Övriga sötade drycker vattenchoklad,0.08,mg
1846,Chokladdryck m. vatten,Retinol,Övriga sötade drycker vattenchoklad,0.5,µg
1846,Chokladdryck m. vatten,Protein,Övriga sötade drycker vattenchoklad,3.1,g
1846,Chokladdryck m. vatten,Summa fleromättade fettsyror,Övriga sötade drycker vattenchoklad,0.0,g
1846,Chokladdryck m. vatten,"Fosfor, P",Övriga sötade drycker vattenchoklad,84.0,mg
1846,Chokladdryck m. vatten,Niacinekvivalenter,Övriga sötade drycker vattenchoklad,0.81,NE/mg
1846,Chokladdryck m. vatten,Niacin,Övriga sötade drycker vattenchoklad,0.1,mg
1846,Chokladdryck m. vatten,"Salt, NaCl",Övriga sötade drycker vattenchoklad,0.1,g
1846,Chokladdryck m. vatten,"Natrium, Na",Övriga sötade drycker vattenchoklad,44.0,mg
1846,Chokladdryck m. vatten,Monosackarider,Övriga sötade drycker vattenchoklad,0.0,g
1846,Chokladdryck m. vatten,"Sockerarter, totalt",Övriga sötade drycker vattenchoklad,7.4,g
1846,Chokladdryck m. vatten,Summa enkelomättade fettsyror,Övriga sötade drycker vattenchoklad,0.1,g
1846,Chokladdryck m. vatten,"Magnesium, Mg",Övriga sötade drycker vattenchoklad,15.0,mg
1846,Chokladdryck m. vatten,Summa mättade fettsyror,Övriga sötade drycker vattenchoklad,0.2,g
1846,Chokladdryck m. vatten,"Kolhydrater, tillgängliga",Övriga sötade drycker vattenchoklad,7.6,g
1846,Chokladdryck m. vatten,Kolesterol,Övriga sötade drycker vattenchoklad,1.6,mg
1846,Chokladdryck m. vatten,"Kalium, K",Övriga sötade drycker vattenchoklad,120.0,mg
1846,Chokladdryck m. vatten,"Jod, I",Övriga sötade drycker vattenchoklad,12.8,µg
1846,Chokladdryck m. vatten,Fullkorn totalt,Övriga sötade drycker vattenchoklad,0.0,g
1846,Chokladdryck m. vatten,"Folat, totalt",Övriga sötade drycker vattenchoklad,2.6,µg
1846,Chokladdryck m. vatten,Fibrer,Övriga sötade drycker vattenchoklad,0.4,g
1846,Chokladdryck m. vatten,"Fett, totalt",Övriga sötade drycker vattenchoklad,0.3,g
1846,Chokladdryck m. vatten,"Järn, Fe",Övriga sötade drycker vattenchoklad,0.2,mg
1846,Chokladdryck m. vatten,Energi (kJ),Övriga sötade drycker vattenchoklad,198.0,kJ
1846,Chokladdryck m. vatten,Energi (kcal),Övriga sötade drycker vattenchoklad,47.0,kcal
1846,Chokladdryck m. vatten,Disackarider,Övriga sötade drycker vattenchoklad,7.4,g
1846,Chokladdryck m. vatten,"Kalcium, Ca",Övriga sötade drycker vattenchoklad,102.0,mg
1846,Chokladdryck m. vatten,Fettsyra 4:0-10:0,Övriga sötade drycker vattenchoklad,0.0,g
1846,Chokladdryck m. vatten,DHA (C22:6),Övriga sötade drycker vattenchoklad,0.0,g
1846,Chokladdryck m. vatten,DPA (C22:5),Övriga sötade drycker vattenchoklad,0.0,g
1846,Chokladdryck m. vatten,EPA (C20:5),Övriga sötade drycker vattenchoklad,0.0,g
1846,Chokladdryck m. vatten,Arakidonsyra C20:4,Övriga sötade drycker vattenchoklad,0.0,g
1846,Chokladdryck m. vatten,Arakidinsyra C20:0,Övriga sötade drycker vattenchoklad,0.0,g
1846,Chokladdryck m. vatten,Linolensyra C18:3,Övriga sötade drycker vattenchoklad,0.0,g
1846,Chokladdryck m. vatten,Linolsyra C18:2,Övriga sötade drycker vattenchoklad,0.0,g
1846,Chokladdryck m. vatten,Oljesyra C18:1,Övriga sötade drycker vattenchoklad,0.1,g
1846,Chokladdryck m. vatten,Stearinsyra C18:0,Övriga sötade drycker vattenchoklad,0.1,g
1846,Chokladdryck m. vatten,Palmitoljesyra C16:1,Övriga sötade drycker vattenchoklad,0.0,g
1846,Chokladdryck m. vatten,Palmitinsyra C16:0,Övriga sötade drycker vattenchoklad,0.1,g
1846,Chokladdryck m. vatten,Myristinsyra C14:0,Övriga sötade drycker vattenchoklad,0.0,g
1846,Chokladdryck m. vatten,Laurinsyra C12:0,Övriga sötade drycker vattenchoklad,0.0,g
1846,Chokladdryck m. vatten,Betakaroten/β-Karoten,Övriga sötade drycker vattenchoklad,1.0,µg
1846,Chokladdryck m. vatten,Avfall (skal etc.),Övriga sötade drycker vattenchoklad,0.0,%
1846,Chokladdryck m. vatten,Aska,Övriga sötade drycker vattenchoklad,0.7,g
1846,Chokladdryck m. vatten,Alkohol,Övriga sötade drycker vattenchoklad,0.0,g
1847,Chokladdryck drickf.,"Zink, Zn",Mjölkdryck chokladdryck milkshake smothie m yoghurt,0.4,mg
1847,Chokladdryck drickf.,Vitamin E,Mjölkdryck chokladdryck milkshake smothie m yoghurt,0.0,mg
1847,Chokladdryck drickf.,Vitamin D,Mjölkdryck chokladdryck milkshake smothie m yoghurt,0.0,µg
1847,Chokladdryck drickf.,Vitamin C,Mjölkdryck chokladdryck milkshake smothie m yoghurt,0.0,mg
1847,Chokladdryck drickf.,Vitamin B6,Mjölkdryck chokladdryck milkshake smothie m yoghurt,0.03,mg
1847,Chokladdryck drickf.,Vitamin B12,Mjölkdryck chokladdryck milkshake smothie m yoghurt,0.1,µg
1847,Chokladdryck drickf.,Vitamin A,Mjölkdryck chokladdryck milkshake smothie m yoghurt,16.6,RE/µg
1847,Chokladdryck drickf.,Vatten,Mjölkdryck chokladdryck milkshake smothie m yoghurt,84.0,g
1847,Chokladdryck drickf.,Tiamin,Mjölkdryck chokladdryck milkshake smothie m yoghurt,0.04,mg
1847,Chokladdryck drickf.,Tillsatt socker,Mjölkdryck chokladdryck milkshake smothie m yoghurt,4.0,g
1847,Chokladdryck drickf.,Fritt socker,Mjölkdryck chokladdryck milkshake smothie m yoghurt,4.0,g
1847,Chokladdryck drickf.,"Selen, Se",Mjölkdryck chokladdryck milkshake smothie m yoghurt,1.3,µg
1847,Chokladdryck drickf.,Sackaros,Mjölkdryck chokladdryck milkshake smothie m yoghurt,5.1,g
1847,Chokladdryck drickf.,Riboflavin,Mjölkdryck chokladdryck milkshake smothie m yoghurt,0.16,mg
1847,Chokladdryck drickf.,Retinol,Mjölkdryck chokladdryck milkshake smothie m yoghurt,16.0,µg
1847,Chokladdryck drickf.,Protein,Mjölkdryck chokladdryck milkshake smothie m yoghurt,3.5,g
1847,Chokladdryck drickf.,Summa fleromättade fettsyror,Mjölkdryck chokladdryck milkshake smothie m yoghurt,0.0,g
1847,Chokladdryck drickf.,"Fosfor, P",Mjölkdryck chokladdryck milkshake smothie m yoghurt,95.0,mg
1847,Chokladdryck drickf.,Niacinekvivalenter,Mjölkdryck chokladdryck milkshake smothie m yoghurt,0.92,NE/mg
1847,Chokladdryck drickf.,Niacin,Mjölkdryck chokladdryck milkshake smothie m yoghurt,0.1,mg
1847,Chokladdryck drickf.,"Salt, NaCl",Mjölkdryck chokladdryck milkshake smothie m yoghurt,0.2,g
1847,Chokladdryck drickf.,"Natrium, Na",Mjölkdryck chokladdryck milkshake smothie m yoghurt,70.0,mg
1847,Chokladdryck drickf.,Monosackarider,Mjölkdryck chokladdryck milkshake smothie m yoghurt,0.0,g
1847,Chokladdryck drickf.,"Sockerarter, totalt",Mjölkdryck chokladdryck milkshake smothie m yoghurt,9.7,g
1847,Chokladdryck drickf.,Summa enkelomättade fettsyror,Mjölkdryck chokladdryck milkshake smothie m yoghurt,0.4,g
1847,Chokladdryck drickf.,"Magnesium, Mg",Mjölkdryck chokladdryck milkshake smothie m yoghurt,13.0,mg
1847,Chokladdryck drickf.,Summa mättade fettsyror,Mjölkdryck chokladdryck milkshake smothie m yoghurt,1.0,g
1847,Chokladdryck drickf.,"Kolhydrater, tillgängliga",Mjölkdryck chokladdryck milkshake smothie m yoghurt,9.8,g
1847,Chokladdryck drickf.,Kolesterol,Mjölkdryck chokladdryck milkshake smothie m yoghurt,12.0,mg
1847,Chokladdryck drickf.,"Kalium, K",Mjölkdryck chokladdryck milkshake smothie m yoghurt,170.0,mg
1847,Chokladdryck drickf.,"Jod, I",Mjölkdryck chokladdryck milkshake smothie m yoghurt,25.8,µg
1847,Chokladdryck drickf.,Fullkorn totalt,Mjölkdryck chokladdryck milkshake smothie m yoghurt,0.0,g
1847,Chokladdryck drickf.,"Folat, totalt",Mjölkdryck chokladdryck milkshake smothie m yoghurt,3.2,µg
1847,Chokladdryck drickf.,Fibrer,Mjölkdryck chokladdryck milkshake smothie m yoghurt,0.5,g
1847,Chokladdryck drickf.,"Fett, totalt",Mjölkdryck chokladdryck milkshake smothie m yoghurt,1.5,g
1847,Chokladdryck drickf.,"Järn, Fe",Mjölkdryck chokladdryck milkshake smothie m yoghurt,0.4,mg
1847,Chokladdryck drickf.,Energi (kJ),Mjölkdryck chokladdryck milkshake smothie m yoghurt,286.0,kJ
1847,Chokladdryck drickf.,Energi (kcal),Mjölkdryck chokladdryck milkshake smothie m yoghurt,68.0,kcal
1847,Chokladdryck drickf.,Disackarider,Mjölkdryck chokladdryck milkshake smothie m yoghurt,9.7,g
1847,Chokladdryck drickf.,"Kalcium, Ca",Mjölkdryck chokladdryck milkshake smothie m yoghurt,110.0,mg
1847,Chokladdryck drickf.,Fettsyra 4:0-10:0,Mjölkdryck chokladdryck milkshake smothie m yoghurt,0.1,g
1847,Chokladdryck drickf.,DHA (C22:6),Mjölkdryck chokladdryck milkshake smothie m yoghurt,0.0,g
1847,Chokladdryck drickf.,DPA (C22:5),Mjölkdryck chokladdryck milkshake smothie m yoghurt,0.0,g
1847,Chokladdryck drickf.,EPA (C20:5),Mjölkdryck chokladdryck milkshake smothie m yoghurt,0.0,g
1847,Chokladdryck drickf.,Arakidonsyra C20:4,Mjölkdryck chokladdryck milkshake smothie m yoghurt,0.0,g
1847,Chokladdryck drickf.,Arakidinsyra C20:0,Mjölkdryck chokladdryck milkshake smothie m yoghurt,0.0,g
1847,Chokladdryck drickf.,Linolensyra C18:3,Mjölkdryck chokladdryck milkshake smothie m yoghurt,0.0,g
1847,Chokladdryck drickf.,Linolsyra C18:2,Mjölkdryck chokladdryck milkshake smothie m yoghurt,0.0,g
1847,Chokladdryck drickf.,Oljesyra C18:1,Mjölkdryck chokladdryck milkshake smothie m yoghurt,0.3,g
1847,Chokladdryck drickf.,Stearinsyra C18:0,Mjölkdryck chokladdryck milkshake smothie m yoghurt,0.2,g
1847,Chokladdryck drickf.,Palmitoljesyra C16:1,Mjölkdryck chokladdryck milkshake smothie m yoghurt,0.0,g
1847,Chokladdryck drickf.,Palmitinsyra C16:0,Mjölkdryck chokladdryck milkshake smothie m yoghurt,0.4,g
1847,Chokladdryck drickf.,Myristinsyra C14:0,Mjölkdryck chokladdryck milkshake smothie m yoghurt,0.2,g
1847,Chokladdryck drickf.,Laurinsyra C12:0,Mjölkdryck chokladdryck milkshake smothie m yoghurt,0.0,g
1847,Chokladdryck drickf.,Betakaroten/β-Karoten,Mjölkdryck chokladdryck milkshake smothie m yoghurt,7.0,µg
1847,Chokladdryck drickf.,Avfall (skal etc.),Mjölkdryck chokladdryck milkshake smothie m yoghurt,0.0,%
1847,Chokladdryck drickf.,Aska,Mjölkdryck chokladdryck milkshake smothie m yoghurt,0.7,g
1847,Chokladdryck drickf.,Alkohol,Mjölkdryck chokladdryck milkshake smothie m yoghurt,0.0,g
1848,Mjölkchoklad m. hackade hasselnötter,"Zink, Zn",Godis som innehåller choklad,1.3,mg
1848,Mjölkchoklad m. hackade hasselnötter,Vitamin E,Godis som innehåller choklad,4.4,mg
1848,Mjölkchoklad m. hackade hasselnötter,Vitamin D,Godis som innehåller choklad,0.1,µg
1848,Mjölkchoklad m. hackade hasselnötter,Vitamin C,Godis som innehåller choklad,0.0,mg
1848,Mjölkchoklad m. hackade hasselnötter,Vitamin B6,Godis som innehåller choklad,0.15,mg
1848,Mjölkchoklad m. hackade hasselnötter,Vitamin B12,Godis som innehåller choklad,0.22,µg
1848,Mjölkchoklad m. hackade hasselnötter,Vitamin A,Godis som innehåller choklad,42.0,RE/µg
1848,Mjölkchoklad m. hackade hasselnötter,Vatten,Godis som innehåller choklad,0.5,g
1848,Mjölkchoklad m. hackade hasselnötter,Tiamin,Godis som innehåller choklad,0.07,mg
1848,Mjölkchoklad m. hackade hasselnötter,Tillsatt socker,Godis som innehåller choklad,38.0,g
1848,Mjölkchoklad m. hackade hasselnötter,Fritt socker,Godis som innehåller choklad,38.0,g
1848,Mjölkchoklad m. hackade hasselnötter,"Selen, Se",Godis som innehåller choklad,2.3,µg
1848,Mjölkchoklad m. hackade hasselnötter,Sackaros,Godis som innehåller choklad,38.0,g
1848,Mjölkchoklad m. hackade hasselnötter,Riboflavin,Godis som innehåller choklad,0.3,mg
1848,Mjölkchoklad m. hackade hasselnötter,Retinol,Godis som innehåller choklad,40.5,µg
1848,Mjölkchoklad m. hackade hasselnötter,Protein,Godis som innehåller choklad,8.7,g
1848,Mjölkchoklad m. hackade hasselnötter,Summa fleromättade fettsyror,Godis som innehåller choklad,1.5,g
1848,Mjölkchoklad m. hackade hasselnötter,"Fosfor, P",Godis som innehåller choklad,231.0,mg
1848,Mjölkchoklad m. hackade hasselnötter,Niacinekvivalenter,Godis som innehåller choklad,1.9,NE/mg
1848,Mjölkchoklad m. hackade hasselnötter,Niacin,Godis som innehåller choklad,0.44,mg
1848,Mjölkchoklad m. hackade hasselnötter,"Salt, NaCl",Godis som innehåller choklad,0.1,g
1848,Mjölkchoklad m. hackade hasselnötter,"Natrium, Na",Godis som innehåller choklad,56.0,mg
1848,Mjölkchoklad m. hackade hasselnötter,Monosackarider,Godis som innehåller choklad,0.1,g
1848,Mjölkchoklad m. hackade hasselnötter,"Sockerarter, totalt",Godis som innehåller choklad,47.4,g
1848,Mjölkchoklad m. hackade hasselnötter,Summa enkelomättade fettsyror,Godis som innehåller choklad,13.8,g
1848,Mjölkchoklad m. hackade hasselnötter,"Magnesium, Mg",Godis som innehåller choklad,63.0,mg
1848,Mjölkchoklad m. hackade hasselnötter,Summa mättade fettsyror,Godis som innehåller choklad,15.0,g
1848,Mjölkchoklad m. hackade hasselnötter,"Kolhydrater, tillgängliga",Godis som innehåller choklad,55.6,g
1848,Mjölkchoklad m. hackade hasselnötter,Kolesterol,Godis som innehåller choklad,14.4,mg
1848,Mjölkchoklad m. hackade hasselnötter,"Kalium, K",Godis som innehåller choklad,387.0,mg
1848,Mjölkchoklad m. hackade hasselnötter,"Jod, I",Godis som innehåller choklad,30.0,µg
1848,Mjölkchoklad m. hackade hasselnötter,Fullkorn totalt,Godis som innehåller choklad,0.0,g
1848,Mjölkchoklad m. hackade hasselnötter,"Folat, totalt",Godis som innehåller choklad,30.7,µg
1848,Mjölkchoklad m. hackade hasselnötter,Fibrer,Godis som innehåller choklad,1.7,g
1848,Mjölkchoklad m. hackade hasselnötter,"Fett, totalt",Godis som innehåller choklad,31.8,g
1848,Mjölkchoklad m. hackade hasselnötter,"Järn, Fe",Godis som innehåller choklad,2.1,mg
1848,Mjölkchoklad m. hackade hasselnötter,Energi (kJ),Godis som innehåller choklad,2282.0,kJ
1848,Mjölkchoklad m. hackade hasselnötter,Energi (kcal),Godis som innehåller choklad,545.0,kcal
1848,Mjölkchoklad m. hackade hasselnötter,Disackarider,Godis som innehåller choklad,47.3,g
1848,Mjölkchoklad m. hackade hasselnötter,"Kalcium, Ca",Godis som innehåller choklad,194.0,mg
1848,Mjölkchoklad m. hackade hasselnötter,Fettsyra 4:0-10:0,Godis som innehåller choklad,0.2,g
1848,Mjölkchoklad m. hackade hasselnötter,DHA (C22:6),Godis som innehåller choklad,0.0,g
1848,Mjölkchoklad m. hackade hasselnötter,DPA (C22:5),Godis som innehåller choklad,0.0,g
1848,Mjölkchoklad m. hackade hasselnötter,EPA (C20:5),Godis som innehåller choklad,0.0,g
1848,Mjölkchoklad m. hackade hasselnötter,Arakidonsyra C20:4,Godis som innehåller choklad,0.0,g
1848,Mjölkchoklad m. hackade hasselnötter,Arakidinsyra C20:0,Godis som innehåller choklad,0.2,g
1848,Mjölkchoklad m. hackade hasselnötter,Linolensyra C18:3,Godis som innehåller choklad,0.1,g
1848,Mjölkchoklad m. hackade hasselnötter,Linolsyra C18:2,Godis som innehåller choklad,1.4,g
1848,Mjölkchoklad m. hackade hasselnötter,Oljesyra C18:1,Godis som innehåller choklad,13.6,g
1848,Mjölkchoklad m. hackade hasselnötter,Stearinsyra C18:0,Godis som innehåller choklad,7.6,g
1848,Mjölkchoklad m. hackade hasselnötter,Palmitoljesyra C16:1,Godis som innehåller choklad,0.1,g
1848,Mjölkchoklad m. hackade hasselnötter,Palmitinsyra C16:0,Godis som innehåller choklad,6.3,g
1848,Mjölkchoklad m. hackade hasselnötter,Myristinsyra C14:0,Godis som innehåller choklad,0.3,g
1848,Mjölkchoklad m. hackade hasselnötter,Laurinsyra C12:0,Godis som innehåller choklad,0.1,g
1848,Mjölkchoklad m. hackade hasselnötter,Betakaroten/β-Karoten,Godis som innehåller choklad,16.0,µg
1848,Mjölkchoklad m. hackade hasselnötter,Avfall (skal etc.),Godis som innehåller choklad,0.0,%
1848,Mjölkchoklad m. hackade hasselnötter,Aska,Godis som innehåller choklad,1.7,g
1848,Mjölkchoklad m. hackade hasselnötter,Alkohol,Godis som innehåller choklad,0.0,g
1849,Mjölkchoklad fylld m. mandelkrokant,"Zink, Zn",Godis som innehåller choklad,0.6,mg
1849,Mjölkchoklad fylld m. mandelkrokant,Vitamin E,Godis som innehåller choklad,3.1,mg
1849,Mjölkchoklad fylld m. mandelkrokant,Vitamin D,Godis som innehåller choklad,0.1,µg
1849,Mjölkchoklad fylld m. mandelkrokant,Vitamin C,Godis som innehåller choklad,0.0,mg
1849,Mjölkchoklad fylld m. mandelkrokant,Vitamin B6,Godis som innehåller choklad,0.03,mg
1849,Mjölkchoklad fylld m. mandelkrokant,Vitamin B12,Godis som innehåller choklad,0.16,µg
1849,Mjölkchoklad fylld m. mandelkrokant,Vitamin A,Godis som innehåller choklad,61.0,RE/µg
1849,Mjölkchoklad fylld m. mandelkrokant,Vatten,Godis som innehåller choklad,1.4,g
1849,Mjölkchoklad fylld m. mandelkrokant,Tiamin,Godis som innehåller choklad,0.03,mg
1849,Mjölkchoklad fylld m. mandelkrokant,Tillsatt socker,Godis som innehåller choklad,47.0,g
1849,Mjölkchoklad fylld m. mandelkrokant,Fritt socker,Godis som innehåller choklad,47.0,g
1849,Mjölkchoklad fylld m. mandelkrokant,"Selen, Se",Godis som innehåller choklad,1.4,µg
1849,Mjölkchoklad fylld m. mandelkrokant,Sackaros,Godis som innehåller choklad,40.7,g
1849,Mjölkchoklad fylld m. mandelkrokant,Riboflavin,Godis som innehåller choklad,0.21,mg
1849,Mjölkchoklad fylld m. mandelkrokant,Retinol,Godis som innehåller choklad,60.4,µg
1849,Mjölkchoklad fylld m. mandelkrokant,Protein,Godis som innehåller choklad,4.1,g
1849,Mjölkchoklad fylld m. mandelkrokant,Summa fleromättade fettsyror,Godis som innehåller choklad,2.3,g
1849,Mjölkchoklad fylld m. mandelkrokant,"Fosfor, P",Godis som innehåller choklad,110.0,mg
1849,Mjölkchoklad fylld m. mandelkrokant,Niacinekvivalenter,Godis som innehåller choklad,0.9,NE/mg
1849,Mjölkchoklad fylld m. mandelkrokant,Niacin,Godis som innehåller choklad,0.26,mg
1849,Mjölkchoklad fylld m. mandelkrokant,"Salt, NaCl",Godis som innehåller choklad,0.8,g
1849,Mjölkchoklad fylld m. mandelkrokant,"Natrium, Na",Godis som innehåller choklad,321.0,mg
1849,Mjölkchoklad fylld m. mandelkrokant,Monosackarider,Godis som innehåller choklad,6.2,g
1849,Mjölkchoklad fylld m. mandelkrokant,"Sockerarter, totalt",Godis som innehåller choklad,51.5,g
1849,Mjölkchoklad fylld m. mandelkrokant,Summa enkelomättade fettsyror,Godis som innehåller choklad,11.6,g
1849,Mjölkchoklad fylld m. mandelkrokant,"Magnesium, Mg",Godis som innehåller choklad,27.0,mg
1849,Mjölkchoklad fylld m. mandelkrokant,Summa mättade fettsyror,Godis som innehåller choklad,15.9,g
1849,Mjölkchoklad fylld m. mandelkrokant,"Kolhydrater, tillgängliga",Godis som innehåller choklad,60.1,g
1849,Mjölkchoklad fylld m. mandelkrokant,Kolesterol,Godis som innehåller choklad,22.3,mg
1849,Mjölkchoklad fylld m. mandelkrokant,"Kalium, K",Godis som innehåller choklad,174.0,mg
1849,Mjölkchoklad fylld m. mandelkrokant,"Jod, I",Godis som innehåller choklad,19.0,µg
1849,Mjölkchoklad fylld m. mandelkrokant,Fullkorn totalt,Godis som innehåller choklad,0.0,g
1849,Mjölkchoklad fylld m. mandelkrokant,"Folat, totalt",Godis som innehåller choklad,15.1,µg
1849,Mjölkchoklad fylld m. mandelkrokant,Fibrer,Godis som innehåller choklad,1.8,g
1849,Mjölkchoklad fylld m. mandelkrokant,"Fett, totalt",Godis som innehåller choklad,31.1,g
1849,Mjölkchoklad fylld m. mandelkrokant,"Järn, Fe",Godis som innehåller choklad,1.0,mg
1849,Mjölkchoklad fylld m. mandelkrokant,Energi (kJ),Godis som innehåller choklad,2257.0,kJ
1849,Mjölkchoklad fylld m. mandelkrokant,Energi (kcal),Godis som innehåller choklad,539.0,kcal
1849,Mjölkchoklad fylld m. mandelkrokant,Disackarider,Godis som innehåller choklad,45.3,g
1849,Mjölkchoklad fylld m. mandelkrokant,"Kalcium, Ca",Godis som innehåller choklad,57.0,mg
1849,Mjölkchoklad fylld m. mandelkrokant,Fettsyra 4:0-10:0,Godis som innehåller choklad,0.7,g
1849,Mjölkchoklad fylld m. mandelkrokant,DHA (C22:6),Godis som innehåller choklad,0.0,g
1849,Mjölkchoklad fylld m. mandelkrokant,DPA (C22:5),Godis som innehåller choklad,0.0,g
1849,Mjölkchoklad fylld m. mandelkrokant,EPA (C20:5),Godis som innehåller choklad,0.0,g
1849,Mjölkchoklad fylld m. mandelkrokant,Arakidonsyra C20:4,Godis som innehåller choklad,0.0,g
1849,Mjölkchoklad fylld m. mandelkrokant,Arakidinsyra C20:0,Godis som innehåller choklad,0.2,g
1849,Mjölkchoklad fylld m. mandelkrokant,Linolensyra C18:3,Godis som innehåller choklad,0.3,g
1849,Mjölkchoklad fylld m. mandelkrokant,Linolsyra C18:2,Godis som innehåller choklad,1.9,g
1849,Mjölkchoklad fylld m. mandelkrokant,Oljesyra C18:1,Godis som innehåller choklad,11.2,g
1849,Mjölkchoklad fylld m. mandelkrokant,Stearinsyra C18:0,Godis som innehåller choklad,5.5,g
1849,Mjölkchoklad fylld m. mandelkrokant,Palmitoljesyra C16:1,Godis som innehåller choklad,0.2,g
1849,Mjölkchoklad fylld m. mandelkrokant,Palmitinsyra C16:0,Godis som innehåller choklad,7.5,g
1849,Mjölkchoklad fylld m. mandelkrokant,Myristinsyra C14:0,Godis som innehåller choklad,0.9,g
1849,Mjölkchoklad fylld m. mandelkrokant,Laurinsyra C12:0,Godis som innehåller choklad,0.8,g
1849,Mjölkchoklad fylld m. mandelkrokant,Betakaroten/β-Karoten,Godis som innehåller choklad,0.0,µg
1849,Mjölkchoklad fylld m. mandelkrokant,Avfall (skal etc.),Godis som innehåller choklad,0.0,%
1849,Mjölkchoklad fylld m. mandelkrokant,Aska,Godis som innehåller choklad,1.5,g
1849,Mjölkchoklad fylld m. mandelkrokant,Alkohol,Godis som innehåller choklad,0.0,g
1850,Mjölkchoklad m. mjuk kolafyllning,"Zink, Zn",Godis som innehåller choklad,0.7,mg
1850,Mjölkchoklad m. mjuk kolafyllning,Vitamin E,Godis som innehåller choklad,0.6,mg
1850,Mjölkchoklad m. mjuk kolafyllning,Vitamin D inkl 25-OH-D3,Godis som innehåller choklad,0.76,µg
1850,Mjölkchoklad m. mjuk kolafyllning,Vitamin D,Godis som innehåller choklad,0.76,µg
1850,Mjölkchoklad m. mjuk kolafyllning,Vitamin C,Godis som innehåller choklad,0.2,mg
1850,Mjölkchoklad m. mjuk kolafyllning,Vitamin B6,Godis som innehåller choklad,0.03,mg
1850,Mjölkchoklad m. mjuk kolafyllning,Vitamin B12,Godis som innehåller choklad,0.25,µg
1850,Mjölkchoklad m. mjuk kolafyllning,Vitamin A,Godis som innehåller choklad,20.0,RE/µg
1850,Mjölkchoklad m. mjuk kolafyllning,Vatten,Godis som innehåller choklad,5.9,g
1850,Mjölkchoklad m. mjuk kolafyllning,Tiamin,Godis som innehåller choklad,0.04,mg
1850,Mjölkchoklad m. mjuk kolafyllning,Tillsatt socker,Godis som innehåller choklad,44.0,g
1850,Mjölkchoklad m. mjuk kolafyllning,Fritt socker,Godis som innehåller choklad,44.0,g
1850,Mjölkchoklad m. mjuk kolafyllning,"Selen, Se",Godis som innehåller choklad,0.0,µg
1850,Mjölkchoklad m. mjuk kolafyllning,Sackaros,Godis som innehåller choklad,36.3,g
1850,Mjölkchoklad m. mjuk kolafyllning,Riboflavin,Godis som innehåller choklad,0.16,mg
1850,Mjölkchoklad m. mjuk kolafyllning,Retinol,Godis som innehåller choklad,19.1,µg
1850,Mjölkchoklad m. mjuk kolafyllning,Protein,Godis som innehåller choklad,4.5,g
1850,Mjölkchoklad m. mjuk kolafyllning,Summa fleromättade fettsyror,Godis som innehåller choklad,0.8,g
1850,Mjölkchoklad m. mjuk kolafyllning,"Fosfor, P",Godis som innehåller choklad,120.0,mg
1850,Mjölkchoklad m. mjuk kolafyllning,Niacinekvivalenter,Godis som innehåller choklad,1.3,NE/mg
1850,Mjölkchoklad m. mjuk kolafyllning,Niacin,Godis som innehåller choklad,0.25,mg
1850,Mjölkchoklad m. mjuk kolafyllning,"Salt, NaCl",Godis som innehåller choklad,0.2,g
1850,Mjölkchoklad m. mjuk kolafyllning,"Natrium, Na",Godis som innehåller choklad,100.0,mg
1850,Mjölkchoklad m. mjuk kolafyllning,Monosackarider,Godis som innehåller choklad,3.7,g
1850,Mjölkchoklad m. mjuk kolafyllning,"Sockerarter, totalt",Godis som innehåller choklad,49.8,g
1850,Mjölkchoklad m. mjuk kolafyllning,Summa enkelomättade fettsyror,Godis som innehåller choklad,6.8,g
1850,Mjölkchoklad m. mjuk kolafyllning,"Magnesium, Mg",Godis som innehåller choklad,34.0,mg
1850,Mjölkchoklad m. mjuk kolafyllning,Summa mättade fettsyror,Godis som innehåller choklad,14.7,g
1850,Mjölkchoklad m. mjuk kolafyllning,"Kolhydrater, tillgängliga",Godis som innehåller choklad,62.6,g
1850,Mjölkchoklad m. mjuk kolafyllning,Kolesterol,Godis som innehåller choklad,8.2,mg
1850,Mjölkchoklad m. mjuk kolafyllning,"Kalium, K",Godis som innehåller choklad,270.0,mg
1850,Mjölkchoklad m. mjuk kolafyllning,"Jod, I",Godis som innehåller choklad,1.5,µg
1850,Mjölkchoklad m. mjuk kolafyllning,Fullkorn totalt,Godis som innehåller choklad,0.0,g
1850,Mjölkchoklad m. mjuk kolafyllning,"Folat, totalt",Godis som innehåller choklad,14.1,µg
1850,Mjölkchoklad m. mjuk kolafyllning,Fibrer,Godis som innehåller choklad,2.3,g
1850,Mjölkchoklad m. mjuk kolafyllning,"Fett, totalt",Godis som innehåller choklad,23.4,g
1850,Mjölkchoklad m. mjuk kolafyllning,"Järn, Fe",Godis som innehåller choklad,2.7,mg
1850,Mjölkchoklad m. mjuk kolafyllning,Energi (kJ),Godis som innehåller choklad,2025.0,kJ
1850,Mjölkchoklad m. mjuk kolafyllning,Energi (kcal),Godis som innehåller choklad,484.0,kcal
1850,Mjölkchoklad m. mjuk kolafyllning,Disackarider,Godis som innehåller choklad,46.1,g
1850,Mjölkchoklad m. mjuk kolafyllning,"Kalcium, Ca",Godis som innehåller choklad,99.0,mg
1850,Mjölkchoklad m. mjuk kolafyllning,Fettsyra 4:0-10:0,Godis som innehåller choklad,0.3,g
1850,Mjölkchoklad m. mjuk kolafyllning,DHA (C22:6),Godis som innehåller choklad,0.0,g
1850,Mjölkchoklad m. mjuk kolafyllning,DPA (C22:5),Godis som innehåller choklad,0.0,g
1850,Mjölkchoklad m. mjuk kolafyllning,EPA (C20:5),Godis som innehåller choklad,0.0,g
1850,Mjölkchoklad m. mjuk kolafyllning,Arakidonsyra C20:4,Godis som innehåller choklad,0.0,g
1850,Mjölkchoklad m. mjuk kolafyllning,Arakidinsyra C20:0,Godis som innehåller choklad,0.2,g
1850,Mjölkchoklad m. mjuk kolafyllning,Linolensyra C18:3,Godis som innehåller choklad,0.0,g
1850,Mjölkchoklad m. mjuk kolafyllning,Linolsyra C18:2,Godis som innehåller choklad,0.8,g
1850,Mjölkchoklad m. mjuk kolafyllning,Oljesyra C18:1,Godis som innehåller choklad,6.7,g
1850,Mjölkchoklad m. mjuk kolafyllning,Stearinsyra C18:0,Godis som innehåller choklad,6.6,g
1850,Mjölkchoklad m. mjuk kolafyllning,Palmitoljesyra C16:1,Godis som innehåller choklad,0.1,g
1850,Mjölkchoklad m. mjuk kolafyllning,Palmitinsyra C16:0,Godis som innehåller choklad,6.4,g
1850,Mjölkchoklad m. mjuk kolafyllning,Myristinsyra C14:0,Godis som innehåller choklad,0.5,g
1850,Mjölkchoklad m. mjuk kolafyllning,Laurinsyra C12:0,Godis som innehåller choklad,0.6,g
1850,Mjölkchoklad m. mjuk kolafyllning,Betakaroten/β-Karoten,Godis som innehåller choklad,11.0,µg
1850,Mjölkchoklad m. mjuk kolafyllning,Avfall (skal etc.),Godis som innehåller choklad,0.0,%
1850,Mjölkchoklad m. mjuk kolafyllning,Aska,Godis som innehåller choklad,1.3,g
1850,Mjölkchoklad m. mjuk kolafyllning,Alkohol,Godis som innehåller choklad,0.0,g
1851,Kex m. mjölkchokladöverdrag,"Zink, Zn",Godis som innehåller choklad,0.8,mg
1851,Kex m. mjölkchokladöverdrag,Vitamin E,Godis som innehåller choklad,0.8,mg
1851,Kex m. mjölkchokladöverdrag,Vitamin D,Godis som innehåller choklad,0.1,µg
1851,Kex m. mjölkchokladöverdrag,Vitamin C,Godis som innehåller choklad,0.0,mg
1851,Kex m. mjölkchokladöverdrag,Vitamin B6,Godis som innehåller choklad,0.05,mg
1851,Kex m. mjölkchokladöverdrag,Vitamin B12,Godis som innehåller choklad,0.2,µg
1851,Kex m. mjölkchokladöverdrag,Vitamin A,Godis som innehåller choklad,48.7,RE/µg
1851,Kex m. mjölkchokladöverdrag,Vatten,Godis som innehåller choklad,2.6,g
1851,Kex m. mjölkchokladöverdrag,Tiamin,Godis som innehåller choklad,0.07,mg
1851,Kex m. mjölkchokladöverdrag,Tillsatt socker,Godis som innehåller choklad,38.0,g
1851,Kex m. mjölkchokladöverdrag,Fritt socker,Godis som innehåller choklad,38.0,g
1851,Kex m. mjölkchokladöverdrag,"Selen, Se",Godis som innehåller choklad,4.0,µg
1851,Kex m. mjölkchokladöverdrag,Sackaros,Godis som innehåller choklad,38.2,g
1851,Kex m. mjölkchokladöverdrag,Riboflavin,Godis som innehåller choklad,0.2,mg
1851,Kex m. mjölkchokladöverdrag,Retinol,Godis som innehåller choklad,47.2,µg
1851,Kex m. mjölkchokladöverdrag,Protein,Godis som innehåller choklad,6.1,g
1851,Kex m. mjölkchokladöverdrag,Summa fleromättade fettsyror,Godis som innehåller choklad,1.2,g
1851,Kex m. mjölkchokladöverdrag,"Fosfor, P",Godis som innehåller choklad,151.0,mg
1851,Kex m. mjölkchokladöverdrag,Niacinekvivalenter,Godis som innehåller choklad,2.2,NE/mg
1851,Kex m. mjölkchokladöverdrag,Niacin,Godis som innehåller choklad,0.8,mg
1851,Kex m. mjölkchokladöverdrag,"Salt, NaCl",Godis som innehåller choklad,0.2,g
1851,Kex m. mjölkchokladöverdrag,"Natrium, Na",Godis som innehåller choklad,90.0,mg
1851,Kex m. mjölkchokladöverdrag,Monosackarider,Godis som innehåller choklad,0.0,g
1851,Kex m. mjölkchokladöverdrag,"Sockerarter, totalt",Godis som innehåller choklad,45.1,g
1851,Kex m. mjölkchokladöverdrag,Summa enkelomättade fettsyror,Godis som innehåller choklad,7.8,g
1851,Kex m. mjölkchokladöverdrag,"Magnesium, Mg",Godis som innehåller choklad,41.0,mg
1851,Kex m. mjölkchokladöverdrag,Summa mättade fettsyror,Godis som innehåller choklad,17.5,g
1851,Kex m. mjölkchokladöverdrag,"Kolhydrater, tillgängliga",Godis som innehåller choklad,58.7,g
1851,Kex m. mjölkchokladöverdrag,Kolesterol,Godis som innehåller choklad,16.0,mg
1851,Kex m. mjölkchokladöverdrag,"Kalium, K",Godis som innehåller choklad,340.0,mg
1851,Kex m. mjölkchokladöverdrag,"Jod, I",Godis som innehåller choklad,22.0,µg
1851,Kex m. mjölkchokladöverdrag,Fullkorn totalt,Godis som innehåller choklad,0.0,g
1851,Kex m. mjölkchokladöverdrag,"Folat, totalt",Godis som innehåller choklad,11.0,µg
1851,Kex m. mjölkchokladöverdrag,Fibrer,Godis som innehåller choklad,2.7,g
1851,Kex m. mjölkchokladöverdrag,"Fett, totalt",Godis som innehåller choklad,28.6,g
1851,Kex m. mjölkchokladöverdrag,"Järn, Fe",Godis som innehåller choklad,2.4,mg
1851,Kex m. mjölkchokladöverdrag,Energi (kJ),Godis som innehåller choklad,2182.0,kJ
1851,Kex m. mjölkchokladöverdrag,Energi (kcal),Godis som innehåller choklad,521.0,kcal
1851,Kex m. mjölkchokladöverdrag,Disackarider,Godis som innehåller choklad,45.1,g
1851,Kex m. mjölkchokladöverdrag,"Kalcium, Ca",Godis som innehåller choklad,167.0,mg
1851,Kex m. mjölkchokladöverdrag,Fettsyra 4:0-10:0,Godis som innehåller choklad,0.6,g
1851,Kex m. mjölkchokladöverdrag,DHA (C22:6),Godis som innehåller choklad,0.0,g
1851,Kex m. mjölkchokladöverdrag,DPA (C22:5),Godis som innehåller choklad,0.0,g
1851,Kex m. mjölkchokladöverdrag,EPA (C20:5),Godis som innehåller choklad,0.0,g
1851,Kex m. mjölkchokladöverdrag,Arakidonsyra C20:4,Godis som innehåller choklad,0.0,g
1851,Kex m. mjölkchokladöverdrag,Arakidinsyra C20:0,Godis som innehåller choklad,0.2,g
1851,Kex m. mjölkchokladöverdrag,Linolensyra C18:3,Godis som innehåller choklad,0.1,g
1851,Kex m. mjölkchokladöverdrag,Linolsyra C18:2,Godis som innehåller choklad,1.2,g
1851,Kex m. mjölkchokladöverdrag,Oljesyra C18:1,Godis som innehåller choklad,7.6,g
1851,Kex m. mjölkchokladöverdrag,Stearinsyra C18:0,Godis som innehåller choklad,5.4,g
1851,Kex m. mjölkchokladöverdrag,Palmitoljesyra C16:1,Godis som innehåller choklad,0.1,g
1851,Kex m. mjölkchokladöverdrag,Palmitinsyra C16:0,Godis som innehåller choklad,7.2,g
1851,Kex m. mjölkchokladöverdrag,Myristinsyra C14:0,Godis som innehåller choklad,1.2,g
1851,Kex m. mjölkchokladöverdrag,Laurinsyra C12:0,Godis som innehåller choklad,2.6,g
1851,Kex m. mjölkchokladöverdrag,Betakaroten/β-Karoten,Godis som innehåller choklad,14.0,µg
1851,Kex m. mjölkchokladöverdrag,Avfall (skal etc.),Godis som innehåller choklad,0.0,%
1851,Kex m. mjölkchokladöverdrag,Aska,Godis som innehåller choklad,1.3,g
1851,Kex m. mjölkchokladöverdrag,Alkohol,Godis som innehåller choklad,0.0,g
1852,Kex m. kola mjölkchokladöverdrag,"Zink, Zn",Godis som innehåller choklad,0.6,mg
1852,Kex m. kola mjölkchokladöverdrag,Vitamin E,Godis som innehåller choklad,1.3,mg
1852,Kex m. kola mjölkchokladöverdrag,Vitamin D,Godis som innehåller choklad,0.1,µg
1852,Kex m. kola mjölkchokladöverdrag,Vitamin C,Godis som innehåller choklad,0.0,mg
1852,Kex m. kola mjölkchokladöverdrag,Vitamin B6,Godis som innehåller choklad,0.0,mg
1852,Kex m. kola mjölkchokladöverdrag,Vitamin B12,Godis som innehåller choklad,0.5,µg
1852,Kex m. kola mjölkchokladöverdrag,Vitamin A,Godis som innehåller choklad,35.0,RE/µg
1852,Kex m. kola mjölkchokladöverdrag,Vatten,Godis som innehåller choklad,3.6,g
1852,Kex m. kola mjölkchokladöverdrag,Tiamin,Godis som innehåller choklad,0.03,mg
1852,Kex m. kola mjölkchokladöverdrag,Tillsatt socker,Godis som innehåller choklad,40.0,g
1852,Kex m. kola mjölkchokladöverdrag,Fritt socker,Godis som innehåller choklad,40.0,g
1852,Kex m. kola mjölkchokladöverdrag,"Selen, Se",Godis som innehåller choklad,1.0,µg
1852,Kex m. kola mjölkchokladöverdrag,Sackaros,Godis som innehåller choklad,31.6,g
1852,Kex m. kola mjölkchokladöverdrag,Riboflavin,Godis som innehåller choklad,0.23,mg
1852,Kex m. kola mjölkchokladöverdrag,Retinol,Godis som innehåller choklad,33.0,µg
1852,Kex m. kola mjölkchokladöverdrag,Protein,Godis som innehåller choklad,5.0,g
1852,Kex m. kola mjölkchokladöverdrag,Summa fleromättade fettsyror,Godis som innehåller choklad,1.4,g
1852,Kex m. kola mjölkchokladöverdrag,"Fosfor, P",Godis som innehåller choklad,118.0,mg
1852,Kex m. kola mjölkchokladöverdrag,Niacinekvivalenter,Godis som innehåller choklad,1.4,NE/mg
1852,Kex m. kola mjölkchokladöverdrag,Niacin,Godis som innehåller choklad,0.2,mg
1852,Kex m. kola mjölkchokladöverdrag,"Salt, NaCl",Godis som innehåller choklad,0.5,g
1852,Kex m. kola mjölkchokladöverdrag,"Natrium, Na",Godis som innehåller choklad,191.0,mg
1852,Kex m. kola mjölkchokladöverdrag,Monosackarider,Godis som innehåller choklad,4.5,g
1852,Kex m. kola mjölkchokladöverdrag,"Sockerarter, totalt",Godis som innehåller choklad,45.4,g
1852,Kex m. kola mjölkchokladöverdrag,Summa enkelomättade fettsyror,Godis som innehåller choklad,7.6,g
1852,Kex m. kola mjölkchokladöverdrag,"Magnesium, Mg",Godis som innehåller choklad,30.0,mg
1852,Kex m. kola mjölkchokladöverdrag,Summa mättade fettsyror,Godis som innehåller choklad,13.8,g
1852,Kex m. kola mjölkchokladöverdrag,"Kolhydrater, tillgängliga",Godis som innehåller choklad,64.1,g
1852,Kex m. kola mjölkchokladöverdrag,Kolesterol,Godis som innehåller choklad,10.0,mg
1852,Kex m. kola mjölkchokladöverdrag,"Kalium, K",Godis som innehåller choklad,242.0,mg
1852,Kex m. kola mjölkchokladöverdrag,"Jod, I",Godis som innehåller choklad,16.0,µg
1852,Kex m. kola mjölkchokladöverdrag,Fullkorn totalt,Godis som innehåller choklad,0.0,g
1852,Kex m. kola mjölkchokladöverdrag,"Folat, totalt",Godis som innehåller choklad,4.0,µg
1852,Kex m. kola mjölkchokladöverdrag,Fibrer,Godis som innehåller choklad,2.5,g
1852,Kex m. kola mjölkchokladöverdrag,"Fett, totalt",Godis som innehåller choklad,23.6,g
1852,Kex m. kola mjölkchokladöverdrag,"Järn, Fe",Godis som innehåller choklad,1.6,mg
1852,Kex m. kola mjölkchokladöverdrag,Energi (kJ),Godis som innehåller choklad,2069.0,kJ
1852,Kex m. kola mjölkchokladöverdrag,Energi (kcal),Godis som innehåller choklad,494.0,kcal
1852,Kex m. kola mjölkchokladöverdrag,Disackarider,Godis som innehåller choklad,40.9,g
1852,Kex m. kola mjölkchokladöverdrag,"Kalcium, Ca",Godis som innehåller choklad,100.0,mg
1852,Kex m. kola mjölkchokladöverdrag,Fettsyra 4:0-10:0,Godis som innehåller choklad,0.2,g
1852,Kex m. kola mjölkchokladöverdrag,DHA (C22:6),Godis som innehåller choklad,0.0,g
1852,Kex m. kola mjölkchokladöverdrag,DPA (C22:5),Godis som innehåller choklad,0.0,g
1852,Kex m. kola mjölkchokladöverdrag,EPA (C20:5),Godis som innehåller choklad,0.0,g
1852,Kex m. kola mjölkchokladöverdrag,Arakidonsyra C20:4,Godis som innehåller choklad,0.0,g
1852,Kex m. kola mjölkchokladöverdrag,Arakidinsyra C20:0,Godis som innehåller choklad,0.2,g
1852,Kex m. kola mjölkchokladöverdrag,Linolensyra C18:3,Godis som innehåller choklad,0.0,g
1852,Kex m. kola mjölkchokladöverdrag,Linolsyra C18:2,Godis som innehåller choklad,1.3,g
1852,Kex m. kola mjölkchokladöverdrag,Oljesyra C18:1,Godis som innehåller choklad,7.5,g
1852,Kex m. kola mjölkchokladöverdrag,Stearinsyra C18:0,Godis som innehåller choklad,4.0,g
1852,Kex m. kola mjölkchokladöverdrag,Palmitoljesyra C16:1,Godis som innehåller choklad,0.1,g
1852,Kex m. kola mjölkchokladöverdrag,Palmitinsyra C16:0,Godis som innehåller choklad,8.6,g
1852,Kex m. kola mjölkchokladöverdrag,Myristinsyra C14:0,Godis som innehåller choklad,0.4,g
1852,Kex m. kola mjölkchokladöverdrag,Laurinsyra C12:0,Godis som innehåller choklad,0.2,g
1852,Kex m. kola mjölkchokladöverdrag,Betakaroten/β-Karoten,Godis som innehåller choklad,12.0,µg
1852,Kex m. kola mjölkchokladöverdrag,Avfall (skal etc.),Godis som innehåller choklad,0.0,%
1852,Kex m. kola mjölkchokladöverdrag,Aska,Godis som innehåller choklad,1.2,g
1852,Kex m. kola mjölkchokladöverdrag,Alkohol,Godis som innehåller choklad,0.0,g
1853,Mjuk nougat m. kolasås jordnötter mjölkchokladöverdrag,"Zink, Zn",Godis som innehåller choklad,1.4,mg
1853,Mjuk nougat m. kolasås jordnötter mjölkchokladöverdrag,Vitamin E,Godis som innehåller choklad,4.3,mg
1853,Mjuk nougat m. kolasås jordnötter mjölkchokladöverdrag,Vitamin D,Godis som innehåller choklad,1.5,µg
1853,Mjuk nougat m. kolasås jordnötter mjölkchokladöverdrag,Vitamin C,Godis som innehåller choklad,0.0,mg
1853,Mjuk nougat m. kolasås jordnötter mjölkchokladöverdrag,Vitamin B6,Godis som innehåller choklad,0.04,mg
1853,Mjuk nougat m. kolasås jordnötter mjölkchokladöverdrag,Vitamin B12,Godis som innehåller choklad,0.21,µg
1853,Mjuk nougat m. kolasås jordnötter mjölkchokladöverdrag,Vitamin A,Godis som innehåller choklad,10.6,RE/µg
1853,Mjuk nougat m. kolasås jordnötter mjölkchokladöverdrag,Vatten,Godis som innehåller choklad,5.4,g
1853,Mjuk nougat m. kolasås jordnötter mjölkchokladöverdrag,Tiamin,Godis som innehåller choklad,0.12,mg
1853,Mjuk nougat m. kolasås jordnötter mjölkchokladöverdrag,Tillsatt socker,Godis som innehåller choklad,40.0,g
1853,Mjuk nougat m. kolasås jordnötter mjölkchokladöverdrag,Fritt socker,Godis som innehåller choklad,40.0,g
1853,Mjuk nougat m. kolasås jordnötter mjölkchokladöverdrag,"Selen, Se",Godis som innehåller choklad,6.0,µg
1853,Mjuk nougat m. kolasås jordnötter mjölkchokladöverdrag,Sackaros,Godis som innehåller choklad,31.0,g
1853,Mjuk nougat m. kolasås jordnötter mjölkchokladöverdrag,Riboflavin,Godis som innehåller choklad,0.16,mg
1853,Mjuk nougat m. kolasås jordnötter mjölkchokladöverdrag,Retinol,Godis som innehåller choklad,10.0,µg
1853,Mjuk nougat m. kolasås jordnötter mjölkchokladöverdrag,Protein,Godis som innehåller choklad,7.6,g
1853,Mjuk nougat m. kolasås jordnötter mjölkchokladöverdrag,Summa fleromättade fettsyror,Godis som innehåller choklad,2.1,g
1853,Mjuk nougat m. kolasås jordnötter mjölkchokladöverdrag,"Fosfor, P",Godis som innehåller choklad,210.0,mg
1853,Mjuk nougat m. kolasås jordnötter mjölkchokladöverdrag,Niacinekvivalenter,Godis som innehåller choklad,3.9,NE/mg
1853,Mjuk nougat m. kolasås jordnötter mjölkchokladöverdrag,Niacin,Godis som innehåller choklad,2.1,mg
1853,Mjuk nougat m. kolasås jordnötter mjölkchokladöverdrag,"Salt, NaCl",Godis som innehåller choklad,0.5,g
1853,Mjuk nougat m. kolasås jordnötter mjölkchokladöverdrag,"Natrium, Na",Godis som innehåller choklad,187.0,mg
1853,Mjuk nougat m. kolasås jordnötter mjölkchokladöverdrag,Monosackarider,Godis som innehåller choklad,4.9,g
1853,Mjuk nougat m. kolasås jordnötter mjölkchokladöverdrag,"Sockerarter, totalt",Godis som innehåller choklad,46.1,g
1853,Mjuk nougat m. kolasås jordnötter mjölkchokladöverdrag,Summa enkelomättade fettsyror,Godis som innehåller choklad,15.5,g
1853,Mjuk nougat m. kolasås jordnötter mjölkchokladöverdrag,"Magnesium, Mg",Godis som innehåller choklad,80.0,mg
1853,Mjuk nougat m. kolasås jordnötter mjölkchokladöverdrag,Summa mättade fettsyror,Godis som innehåller choklad,9.0,g
1853,Mjuk nougat m. kolasås jordnötter mjölkchokladöverdrag,"Kolhydrater, tillgängliga",Godis som innehåller choklad,54.4,g
1853,Mjuk nougat m. kolasås jordnötter mjölkchokladöverdrag,Kolesterol,Godis som innehåller choklad,4.0,mg
1853,Mjuk nougat m. kolasås jordnötter mjölkchokladöverdrag,"Kalium, K",Godis som innehåller choklad,388.0,mg
1853,Mjuk nougat m. kolasås jordnötter mjölkchokladöverdrag,"Jod, I",Godis som innehåller choklad,8.0,µg
1853,Mjuk nougat m. kolasås jordnötter mjölkchokladöverdrag,Fullkorn totalt,Godis som innehåller choklad,0.0,g
1853,Mjuk nougat m. kolasås jordnötter mjölkchokladöverdrag,"Folat, totalt",Godis som innehåller choklad,11.0,µg
1853,Mjuk nougat m. kolasås jordnötter mjölkchokladöverdrag,Fibrer,Godis som innehåller choklad,2.8,g
1853,Mjuk nougat m. kolasås jordnötter mjölkchokladöverdrag,"Fett, totalt",Godis som innehåller choklad,28.2,g
1853,Mjuk nougat m. kolasås jordnötter mjölkchokladöverdrag,"Järn, Fe",Godis som innehåller choklad,1.9,mg
1853,Mjuk nougat m. kolasås jordnötter mjölkchokladöverdrag,Energi (kJ),Godis som innehåller choklad,2120.0,kJ
1853,Mjuk nougat m. kolasås jordnötter mjölkchokladöverdrag,Energi (kcal),Godis som innehåller choklad,507.0,kcal
1853,Mjuk nougat m. kolasås jordnötter mjölkchokladöverdrag,Disackarider,Godis som innehåller choklad,41.2,g
1853,Mjuk nougat m. kolasås jordnötter mjölkchokladöverdrag,"Kalcium, Ca",Godis som innehåller choklad,101.0,mg
1853,Mjuk nougat m. kolasås jordnötter mjölkchokladöverdrag,Fettsyra 4:0-10:0,Godis som innehåller choklad,0.1,g
1853,Mjuk nougat m. kolasås jordnötter mjölkchokladöverdrag,DHA (C22:6),Godis som innehåller choklad,0.0,g
1853,Mjuk nougat m. kolasås jordnötter mjölkchokladöverdrag,DPA (C22:5),Godis som innehåller choklad,0.0,g
1853,Mjuk nougat m. kolasås jordnötter mjölkchokladöverdrag,EPA (C20:5),Godis som innehåller choklad,0.0,g
1853,Mjuk nougat m. kolasås jordnötter mjölkchokladöverdrag,Arakidonsyra C20:4,Godis som innehåller choklad,0.0,g
1853,Mjuk nougat m. kolasås jordnötter mjölkchokladöverdrag,Arakidinsyra C20:0,Godis som innehåller choklad,0.2,g
1853,Mjuk nougat m. kolasås jordnötter mjölkchokladöverdrag,Linolensyra C18:3,Godis som innehåller choklad,0.0,g
1853,Mjuk nougat m. kolasås jordnötter mjölkchokladöverdrag,Linolsyra C18:2,Godis som innehåller choklad,2.0,g
1853,Mjuk nougat m. kolasås jordnötter mjölkchokladöverdrag,Oljesyra C18:1,Godis som innehåller choklad,15.2,g
1853,Mjuk nougat m. kolasås jordnötter mjölkchokladöverdrag,Stearinsyra C18:0,Godis som innehåller choklad,3.2,g
1853,Mjuk nougat m. kolasås jordnötter mjölkchokladöverdrag,Palmitoljesyra C16:1,Godis som innehåller choklad,0.0,g
1853,Mjuk nougat m. kolasås jordnötter mjölkchokladöverdrag,Palmitinsyra C16:0,Godis som innehåller choklad,4.6,g
1853,Mjuk nougat m. kolasås jordnötter mjölkchokladöverdrag,Myristinsyra C14:0,Godis som innehåller choklad,0.2,g
1853,Mjuk nougat m. kolasås jordnötter mjölkchokladöverdrag,Laurinsyra C12:0,Godis som innehåller choklad,0.0,g
1853,Mjuk nougat m. kolasås jordnötter mjölkchokladöverdrag,Betakaroten/β-Karoten,Godis som innehåller choklad,6.0,µg
1853,Mjuk nougat m. kolasås jordnötter mjölkchokladöverdrag,Avfall (skal etc.),Godis som innehåller choklad,0.0,%
1853,Mjuk nougat m. kolasås jordnötter mjölkchokladöverdrag,Aska,Godis som innehåller choklad,1.6,g
1853,Mjuk nougat m. kolasås jordnötter mjölkchokladöverdrag,Alkohol,Godis som innehåller choklad,0.0,g
1854,Mjuk chokladmaräng m. kola mjölkchokladöverdrag,"Zink, Zn",Godis som innehåller choklad,0.6,mg
1854,Mjuk chokladmaräng m. kola mjölkchokladöverdrag,Vitamin E,Godis som innehåller choklad,2.0,mg
1854,Mjuk chokladmaräng m. kola mjölkchokladöverdrag,Vitamin D,Godis som innehåller choklad,0.1,µg
1854,Mjuk chokladmaräng m. kola mjölkchokladöverdrag,Vitamin C,Godis som innehåller choklad,0.0,mg
1854,Mjuk chokladmaräng m. kola mjölkchokladöverdrag,Vitamin B6,Godis som innehåller choklad,0.03,mg
1854,Mjuk chokladmaräng m. kola mjölkchokladöverdrag,Vitamin B12,Godis som innehåller choklad,0.24,µg
1854,Mjuk chokladmaräng m. kola mjölkchokladöverdrag,Vitamin A,Godis som innehåller choklad,34.2,RE/µg
1854,Mjuk chokladmaräng m. kola mjölkchokladöverdrag,Vatten,Godis som innehåller choklad,7.1,g
1854,Mjuk chokladmaräng m. kola mjölkchokladöverdrag,Tiamin,Godis som innehåller choklad,0.17,mg
1854,Mjuk chokladmaräng m. kola mjölkchokladöverdrag,Tillsatt socker,Godis som innehåller choklad,55.0,g
1854,Mjuk chokladmaräng m. kola mjölkchokladöverdrag,Fritt socker,Godis som innehåller choklad,55.0,g
1854,Mjuk chokladmaräng m. kola mjölkchokladöverdrag,"Selen, Se",Godis som innehåller choklad,1.0,µg
1854,Mjuk chokladmaräng m. kola mjölkchokladöverdrag,Sackaros,Godis som innehåller choklad,38.7,g
1854,Mjuk chokladmaräng m. kola mjölkchokladöverdrag,Riboflavin,Godis som innehåller choklad,0.2,mg
1854,Mjuk chokladmaräng m. kola mjölkchokladöverdrag,Retinol,Godis som innehåller choklad,33.0,µg
1854,Mjuk chokladmaräng m. kola mjölkchokladöverdrag,Protein,Godis som innehåller choklad,4.2,g
1854,Mjuk chokladmaräng m. kola mjölkchokladöverdrag,Summa fleromättade fettsyror,Godis som innehåller choklad,0.8,g
1854,Mjuk chokladmaräng m. kola mjölkchokladöverdrag,"Fosfor, P",Godis som innehåller choklad,125.0,mg
1854,Mjuk chokladmaräng m. kola mjölkchokladöverdrag,Niacinekvivalenter,Godis som innehåller choklad,1.4,NE/mg
1854,Mjuk chokladmaräng m. kola mjölkchokladöverdrag,Niacin,Godis som innehåller choklad,0.4,mg
1854,Mjuk chokladmaräng m. kola mjölkchokladöverdrag,"Salt, NaCl",Godis som innehåller choklad,0.4,g
1854,Mjuk chokladmaräng m. kola mjölkchokladöverdrag,"Natrium, Na",Godis som innehåller choklad,174.0,mg
1854,Mjuk chokladmaräng m. kola mjölkchokladöverdrag,Monosackarider,Godis som innehåller choklad,8.1,g
1854,Mjuk chokladmaräng m. kola mjölkchokladöverdrag,"Sockerarter, totalt",Godis som innehåller choklad,63.3,g
1854,Mjuk chokladmaräng m. kola mjölkchokladöverdrag,Summa enkelomättade fettsyror,Godis som innehåller choklad,6.3,g
1854,Mjuk chokladmaräng m. kola mjölkchokladöverdrag,"Magnesium, Mg",Godis som innehåller choklad,35.0,mg
1854,Mjuk chokladmaräng m. kola mjölkchokladöverdrag,Summa mättade fettsyror,Godis som innehåller choklad,7.2,g
1854,Mjuk chokladmaräng m. kola mjölkchokladöverdrag,"Kolhydrater, tillgängliga",Godis som innehåller choklad,70.7,g
1854,Mjuk chokladmaräng m. kola mjölkchokladöverdrag,Kolesterol,Godis som innehåller choklad,10.0,mg
1854,Mjuk chokladmaräng m. kola mjölkchokladöverdrag,"Kalium, K",Godis som innehåller choklad,269.0,mg
1854,Mjuk chokladmaräng m. kola mjölkchokladöverdrag,"Jod, I",Godis som innehåller choklad,9.0,µg
1854,Mjuk chokladmaräng m. kola mjölkchokladöverdrag,Fullkorn totalt,Godis som innehåller choklad,0.0,g
1854,Mjuk chokladmaräng m. kola mjölkchokladöverdrag,"Folat, totalt",Godis som innehåller choklad,5.0,µg
1854,Mjuk chokladmaräng m. kola mjölkchokladöverdrag,Fibrer,Godis som innehåller choklad,1.5,g
1854,Mjuk chokladmaräng m. kola mjölkchokladöverdrag,"Fett, totalt",Godis som innehåller choklad,15.3,g
1854,Mjuk chokladmaräng m. kola mjölkchokladöverdrag,"Järn, Fe",Godis som innehåller choklad,1.7,mg
1854,Mjuk chokladmaräng m. kola mjölkchokladöverdrag,Energi (kJ),Godis som innehåller choklad,1851.0,kJ
1854,Mjuk chokladmaräng m. kola mjölkchokladöverdrag,Energi (kcal),Godis som innehåller choklad,442.0,kcal
1854,Mjuk chokladmaräng m. kola mjölkchokladöverdrag,Disackarider,Godis som innehåller choklad,55.2,g
1854,Mjuk chokladmaräng m. kola mjölkchokladöverdrag,"Kalcium, Ca",Godis som innehåller choklad,118.0,mg
1854,Mjuk chokladmaräng m. kola mjölkchokladöverdrag,Fettsyra 4:0-10:0,Godis som innehåller choklad,0.1,g
1854,Mjuk chokladmaräng m. kola mjölkchokladöverdrag,DHA (C22:6),Godis som innehåller choklad,0.0,g
1854,Mjuk chokladmaräng m. kola mjölkchokladöverdrag,DPA (C22:5),Godis som innehåller choklad,0.0,g
1854,Mjuk chokladmaräng m. kola mjölkchokladöverdrag,EPA (C20:5),Godis som innehåller choklad,0.0,g
1854,Mjuk chokladmaräng m. kola mjölkchokladöverdrag,Arakidonsyra C20:4,Godis som innehåller choklad,0.0,g
1854,Mjuk chokladmaräng m. kola mjölkchokladöverdrag,Arakidinsyra C20:0,Godis som innehåller choklad,0.1,g
1854,Mjuk chokladmaräng m. kola mjölkchokladöverdrag,Linolensyra C18:3,Godis som innehåller choklad,0.0,g
1854,Mjuk chokladmaräng m. kola mjölkchokladöverdrag,Linolsyra C18:2,Godis som innehåller choklad,0.8,g
1854,Mjuk chokladmaräng m. kola mjölkchokladöverdrag,Oljesyra C18:1,Godis som innehåller choklad,6.3,g
1854,Mjuk chokladmaräng m. kola mjölkchokladöverdrag,Stearinsyra C18:0,Godis som innehåller choklad,3.0,g
1854,Mjuk chokladmaräng m. kola mjölkchokladöverdrag,Palmitoljesyra C16:1,Godis som innehåller choklad,0.0,g
1854,Mjuk chokladmaräng m. kola mjölkchokladöverdrag,Palmitinsyra C16:0,Godis som innehåller choklad,3.6,g
1854,Mjuk chokladmaräng m. kola mjölkchokladöverdrag,Myristinsyra C14:0,Godis som innehåller choklad,0.3,g
1854,Mjuk chokladmaräng m. kola mjölkchokladöverdrag,Laurinsyra C12:0,Godis som innehåller choklad,0.0,g
1854,Mjuk chokladmaräng m. kola mjölkchokladöverdrag,Betakaroten/β-Karoten,Godis som innehåller choklad,13.0,µg
1854,Mjuk chokladmaräng m. kola mjölkchokladöverdrag,Avfall (skal etc.),Godis som innehåller choklad,0.0,%
1854,Mjuk chokladmaräng m. kola mjölkchokladöverdrag,Aska,Godis som innehåller choklad,1.3,g
1854,Mjuk chokladmaräng m. kola mjölkchokladöverdrag,Alkohol,Godis som innehåller choklad,0.0,g
1855,Choklad chokladpraliner,"Zink, Zn",Godis som innehåller choklad,1.3,mg
1855,Choklad chokladpraliner,Vitamin E,Godis som innehåller choklad,0.4,mg
1855,Choklad chokladpraliner,Vitamin D,Godis som innehåller choklad,0.0,µg
1855,Choklad chokladpraliner,Vitamin C,Godis som innehåller choklad,0.0,mg
1855,Choklad chokladpraliner,Vitamin B6,Godis som innehåller choklad,0.03,mg
1855,Choklad chokladpraliner,Vitamin B12,Godis som innehåller choklad,0.0,µg
1855,Choklad chokladpraliner,Vitamin A,Godis som innehåller choklad,72.0,RE/µg
1855,Choklad chokladpraliner,Vatten,Godis som innehåller choklad,2.7,g
1855,Choklad chokladpraliner,Tiamin,Godis som innehåller choklad,0.16,mg
1855,Choklad chokladpraliner,Tillsatt socker,Godis som innehåller choklad,46.0,g
1855,Choklad chokladpraliner,Fritt socker,Godis som innehåller choklad,46.0,g
1855,Choklad chokladpraliner,"Selen, Se",Godis som innehåller choklad,1.8,µg
1855,Choklad chokladpraliner,Sackaros,Godis som innehåller choklad,43.3,g
1855,Choklad chokladpraliner,Riboflavin,Godis som innehåller choklad,0.35,mg
1855,Choklad chokladpraliner,Retinol,Godis som innehåller choklad,69.0,µg
1855,Choklad chokladpraliner,Protein,Godis som innehåller choklad,7.4,g
1855,Choklad chokladpraliner,Summa fleromättade fettsyror,Godis som innehåller choklad,1.3,g
1855,Choklad chokladpraliner,"Fosfor, P",Godis som innehåller choklad,260.0,mg
1855,Choklad chokladpraliner,Niacinekvivalenter,Godis som innehåller choklad,1.67,NE/mg
1855,Choklad chokladpraliner,Niacin,Godis som innehåller choklad,0.44,mg
1855,Choklad chokladpraliner,"Salt, NaCl",Godis som innehåller choklad,0.2,g
1855,Choklad chokladpraliner,"Natrium, Na",Godis som innehåller choklad,74.0,mg
1855,Choklad chokladpraliner,Monosackarider,Godis som innehåller choklad,0.0,g
1855,Choklad chokladpraliner,"Sockerarter, totalt",Godis som innehåller choklad,50.8,g
1855,Choklad chokladpraliner,Summa enkelomättade fettsyror,Godis som innehåller choklad,11.9,g
1855,Choklad chokladpraliner,"Magnesium, Mg",Godis som innehåller choklad,65.0,mg
1855,Choklad chokladpraliner,Summa mättade fettsyror,Godis som innehåller choklad,18.5,g
1855,Choklad chokladpraliner,"Kolhydrater, tillgängliga",Godis som innehåller choklad,53.7,g
1855,Choklad chokladpraliner,Kolesterol,Godis som innehåller choklad,7.0,mg
1855,Choklad chokladpraliner,"Kalium, K",Godis som innehåller choklad,406.0,mg
1855,Choklad chokladpraliner,"Jod, I",Godis som innehåller choklad,25.0,µg
1855,Choklad chokladpraliner,Fullkorn totalt,Godis som innehåller choklad,0.0,g
1855,Choklad chokladpraliner,"Folat, totalt",Godis som innehåller choklad,7.0,µg
1855,Choklad chokladpraliner,Fibrer,Godis som innehåller choklad,0.6,g
1855,Choklad chokladpraliner,"Fett, totalt",Godis som innehåller choklad,33.7,g
1855,Choklad chokladpraliner,"Järn, Fe",Godis som innehåller choklad,2.1,mg
1855,Choklad chokladpraliner,Energi (kJ),Godis som innehåller choklad,2290.0,kJ
1855,Choklad chokladpraliner,Energi (kcal),Godis som innehåller choklad,547.0,kcal
1855,Choklad chokladpraliner,Disackarider,Godis som innehåller choklad,50.8,g
1855,Choklad chokladpraliner,"Kalcium, Ca",Godis som innehåller choklad,290.0,mg
1855,Choklad chokladpraliner,Fettsyra 4:0-10:0,Godis som innehåller choklad,0.2,g
1855,Choklad chokladpraliner,DHA (C22:6),Godis som innehåller choklad,0.0,g
1855,Choklad chokladpraliner,DPA (C22:5),Godis som innehåller choklad,0.0,g
1855,Choklad chokladpraliner,EPA (C20:5),Godis som innehåller choklad,0.0,g
1855,Choklad chokladpraliner,Arakidonsyra C20:4,Godis som innehåller choklad,0.0,g
1855,Choklad chokladpraliner,Arakidinsyra C20:0,Godis som innehåller choklad,0.2,g
1855,Choklad chokladpraliner,Linolensyra C18:3,Godis som innehåller choklad,0.2,g
1855,Choklad chokladpraliner,Linolsyra C18:2,Godis som innehåller choklad,1.1,g
1855,Choklad chokladpraliner,Oljesyra C18:1,Godis som innehåller choklad,11.7,g
1855,Choklad chokladpraliner,Stearinsyra C18:0,Godis som innehåller choklad,8.5,g
1855,Choklad chokladpraliner,Palmitoljesyra C16:1,Godis som innehåller choklad,0.2,g
1855,Choklad chokladpraliner,Palmitinsyra C16:0,Godis som innehåller choklad,8.3,g
1855,Choklad chokladpraliner,Myristinsyra C14:0,Godis som innehåller choklad,0.9,g
1855,Choklad chokladpraliner,Laurinsyra C12:0,Godis som innehåller choklad,0.4,g
1855,Choklad chokladpraliner,Betakaroten/β-Karoten,Godis som innehåller choklad,36.0,µg
1855,Choklad chokladpraliner,Avfall (skal etc.),Godis som innehåller choklad,0.0,%
1855,Choklad chokladpraliner,Aska,Godis som innehåller choklad,1.9,g
1855,Choklad chokladpraliner,Alkohol,Godis som innehåller choklad,0.0,g
1858,Chokladpralin,"Zink, Zn",Godis som innehåller choklad,1.1,mg
1858,Chokladpralin,Vitamin E,Godis som innehåller choklad,1.0,mg
1858,Chokladpralin,Vitamin D,Godis som innehåller choklad,0.0,µg
1858,Chokladpralin,Vitamin C,Godis som innehåller choklad,0.0,mg
1858,Chokladpralin,Vitamin B6,Godis som innehåller choklad,0.02,mg
1858,Chokladpralin,Vitamin B12,Godis som innehåller choklad,0.0,µg
1858,Chokladpralin,Vitamin A,Godis som innehåller choklad,17.2,RE/µg
1858,Chokladpralin,Vatten,Godis som innehåller choklad,4.9,g
1858,Chokladpralin,Tiamin,Godis som innehåller choklad,0.11,mg
1858,Chokladpralin,Tillsatt socker,Godis som innehåller choklad,49.0,g
1858,Chokladpralin,Fritt socker,Godis som innehåller choklad,49.0,g
1858,Chokladpralin,"Selen, Se",Godis som innehåller choklad,1.0,µg
1858,Chokladpralin,Sackaros,Godis som innehåller choklad,49.0,g
1858,Chokladpralin,Riboflavin,Godis som innehåller choklad,0.21,mg
1858,Chokladpralin,Retinol,Godis som innehåller choklad,15.0,µg
1858,Chokladpralin,Protein,Godis som innehåller choklad,6.6,g
1858,Chokladpralin,Summa fleromättade fettsyror,Godis som innehåller choklad,1.5,g
1858,Chokladpralin,"Fosfor, P",Godis som innehåller choklad,180.0,mg
1858,Chokladpralin,Niacinekvivalenter,Godis som innehåller choklad,1.6,NE/mg
1858,Chokladpralin,Niacin,Godis som innehåller choklad,0.5,mg
1858,Chokladpralin,"Salt, NaCl",Godis som innehåller choklad,0.1,g
1858,Chokladpralin,"Natrium, Na",Godis som innehåller choklad,31.0,mg
1858,Chokladpralin,Monosackarider,Godis som innehåller choklad,0.0,g
1858,Chokladpralin,"Sockerarter, totalt",Godis som innehåller choklad,53.0,g
1858,Chokladpralin,Summa enkelomättade fettsyror,Godis som innehåller choklad,15.1,g
1858,Chokladpralin,"Magnesium, Mg",Godis som innehåller choklad,51.0,mg
1858,Chokladpralin,Summa mättade fettsyror,Godis som innehåller choklad,15.2,g
1858,Chokladpralin,"Kolhydrater, tillgängliga",Godis som innehåller choklad,53.3,g
1858,Chokladpralin,Kolesterol,Godis som innehåller choklad,0.0,mg
1858,Chokladpralin,"Kalium, K",Godis som innehåller choklad,315.0,mg
1858,Chokladpralin,"Jod, I",Godis som innehåller choklad,24.2,µg
1858,Chokladpralin,Fullkorn totalt,Godis som innehåller choklad,0.0,g
1858,Chokladpralin,"Folat, totalt",Godis som innehåller choklad,7.0,µg
1858,Chokladpralin,Fibrer,Godis som innehåller choklad,0.4,g
1858,Chokladpralin,"Fett, totalt",Godis som innehåller choklad,33.5,g
1858,Chokladpralin,"Järn, Fe",Godis som innehåller choklad,1.6,mg
1858,Chokladpralin,Energi (kJ),Godis som innehåller choklad,2261.0,kJ
1858,Chokladpralin,Energi (kcal),Godis som innehåller choklad,540.0,kcal
1858,Chokladpralin,Disackarider,Godis som innehåller choklad,53.0,g
1858,Chokladpralin,"Kalcium, Ca",Godis som innehåller choklad,97.0,mg
1858,Chokladpralin,Fettsyra 4:0-10:0,Godis som innehåller choklad,0.1,g
1858,Chokladpralin,DHA (C22:6),Godis som innehåller choklad,0.0,g
1858,Chokladpralin,DPA (C22:5),Godis som innehåller choklad,0.0,g
1858,Chokladpralin,EPA (C20:5),Godis som innehåller choklad,0.0,g
1858,Chokladpralin,Arakidonsyra C20:4,Godis som innehåller choklad,0.0,g
1858,Chokladpralin,Arakidinsyra C20:0,Godis som innehåller choklad,0.2,g
1858,Chokladpralin,Linolensyra C18:3,Godis som innehåller choklad,0.1,g
1858,Chokladpralin,Linolsyra C18:2,Godis som innehåller choklad,1.5,g
1858,Chokladpralin,Oljesyra C18:1,Godis som innehåller choklad,15.0,g
1858,Chokladpralin,Stearinsyra C18:0,Godis som innehåller choklad,7.4,g
1858,Chokladpralin,Palmitoljesyra C16:1,Godis som innehåller choklad,0.1,g
1858,Chokladpralin,Palmitinsyra C16:0,Godis som innehåller choklad,6.2,g
1858,Chokladpralin,Myristinsyra C14:0,Godis som innehåller choklad,0.4,g
1858,Chokladpralin,Laurinsyra C12:0,Godis som innehåller choklad,0.6,g
1858,Chokladpralin,Betakaroten/β-Karoten,Godis som innehåller choklad,26.0,µg
1858,Chokladpralin,Avfall (skal etc.),Godis som innehåller choklad,0.0,%
1858,Chokladpralin,Aska,Godis som innehåller choklad,1.3,g
1858,Chokladpralin,Alkohol,Godis som innehåller choklad,0.0,g
1859,Mjuk kokos m. mjölkchokladöverdrag,"Zink, Zn",Godis som innehåller choklad,0.8,mg
1859,Mjuk kokos m. mjölkchokladöverdrag,Vitamin E,Godis som innehåller choklad,0.2,mg
1859,Mjuk kokos m. mjölkchokladöverdrag,Vitamin D,Godis som innehåller choklad,0.0,µg
1859,Mjuk kokos m. mjölkchokladöverdrag,Vitamin C,Godis som innehåller choklad,0.0,mg
1859,Mjuk kokos m. mjölkchokladöverdrag,Vitamin B6,Godis som innehåller choklad,0.06,mg
1859,Mjuk kokos m. mjölkchokladöverdrag,Vitamin B12,Godis som innehåller choklad,0.17,µg
1859,Mjuk kokos m. mjölkchokladöverdrag,Vitamin A,Godis som innehåller choklad,19.7,RE/µg
1859,Mjuk kokos m. mjölkchokladöverdrag,Vatten,Godis som innehåller choklad,9.3,g
1859,Mjuk kokos m. mjölkchokladöverdrag,Tiamin,Godis som innehåller choklad,0.01,mg
1859,Mjuk kokos m. mjölkchokladöverdrag,Tillsatt socker,Godis som innehåller choklad,42.0,g
1859,Mjuk kokos m. mjölkchokladöverdrag,Fritt socker,Godis som innehåller choklad,42.0,g
1859,Mjuk kokos m. mjölkchokladöverdrag,"Selen, Se",Godis som innehåller choklad,0.0,µg
1859,Mjuk kokos m. mjölkchokladöverdrag,Sackaros,Godis som innehåller choklad,36.5,g
1859,Mjuk kokos m. mjölkchokladöverdrag,Riboflavin,Godis som innehåller choklad,0.12,mg
1859,Mjuk kokos m. mjölkchokladöverdrag,Retinol,Godis som innehåller choklad,19.0,µg
1859,Mjuk kokos m. mjölkchokladöverdrag,Protein,Godis som innehåller choklad,3.6,g
1859,Mjuk kokos m. mjölkchokladöverdrag,Summa fleromättade fettsyror,Godis som innehåller choklad,0.6,g
1859,Mjuk kokos m. mjölkchokladöverdrag,"Fosfor, P",Godis som innehåller choklad,125.0,mg
1859,Mjuk kokos m. mjölkchokladöverdrag,Niacinekvivalenter,Godis som innehåller choklad,1.0,NE/mg
1859,Mjuk kokos m. mjölkchokladöverdrag,Niacin,Godis som innehåller choklad,0.36,mg
1859,Mjuk kokos m. mjölkchokladöverdrag,"Salt, NaCl",Godis som innehåller choklad,0.2,g
1859,Mjuk kokos m. mjölkchokladöverdrag,"Natrium, Na",Godis som innehåller choklad,82.0,mg
1859,Mjuk kokos m. mjölkchokladöverdrag,Monosackarider,Godis som innehåller choklad,3.2,g
1859,Mjuk kokos m. mjölkchokladöverdrag,"Sockerarter, totalt",Godis som innehåller choklad,46.2,g
1859,Mjuk kokos m. mjölkchokladöverdrag,Summa enkelomättade fettsyror,Godis som innehåller choklad,4.3,g
1859,Mjuk kokos m. mjölkchokladöverdrag,"Magnesium, Mg",Godis som innehåller choklad,47.0,mg
1859,Mjuk kokos m. mjölkchokladöverdrag,Summa mättade fettsyror,Godis som innehåller choklad,19.5,g
1859,Mjuk kokos m. mjölkchokladöverdrag,"Kolhydrater, tillgängliga",Godis som innehåller choklad,56.1,g
1859,Mjuk kokos m. mjölkchokladöverdrag,Kolesterol,Godis som innehåller choklad,7.0,mg
1859,Mjuk kokos m. mjölkchokladöverdrag,"Kalium, K",Godis som innehåller choklad,316.0,mg
1859,Mjuk kokos m. mjölkchokladöverdrag,"Jod, I",Godis som innehåller choklad,9.0,µg
1859,Mjuk kokos m. mjölkchokladöverdrag,Fullkorn totalt,Godis som innehåller choklad,0.0,g
1859,Mjuk kokos m. mjölkchokladöverdrag,"Folat, totalt",Godis som innehåller choklad,12.8,µg
1859,Mjuk kokos m. mjölkchokladöverdrag,Fibrer,Godis som innehåller choklad,4.2,g
1859,Mjuk kokos m. mjölkchokladöverdrag,"Fett, totalt",Godis som innehåller choklad,25.7,g
1859,Mjuk kokos m. mjölkchokladöverdrag,"Järn, Fe",Godis som innehåller choklad,1.6,mg
1859,Mjuk kokos m. mjölkchokladöverdrag,Energi (kJ),Godis som innehåller choklad,2000.0,kJ
1859,Mjuk kokos m. mjölkchokladöverdrag,Energi (kcal),Godis som innehåller choklad,478.0,kcal
1859,Mjuk kokos m. mjölkchokladöverdrag,Disackarider,Godis som innehåller choklad,43.0,g
1859,Mjuk kokos m. mjölkchokladöverdrag,"Kalcium, Ca",Godis som innehåller choklad,79.0,mg
1859,Mjuk kokos m. mjölkchokladöverdrag,Fettsyra 4:0-10:0,Godis som innehåller choklad,2.0,g
1859,Mjuk kokos m. mjölkchokladöverdrag,DHA (C22:6),Godis som innehåller choklad,0.0,g
1859,Mjuk kokos m. mjölkchokladöverdrag,DPA (C22:5),Godis som innehåller choklad,0.0,g
1859,Mjuk kokos m. mjölkchokladöverdrag,EPA (C20:5),Godis som innehåller choklad,0.0,g
1859,Mjuk kokos m. mjölkchokladöverdrag,Arakidonsyra C20:4,Godis som innehåller choklad,0.0,g
1859,Mjuk kokos m. mjölkchokladöverdrag,Arakidinsyra C20:0,Godis som innehåller choklad,0.1,g
1859,Mjuk kokos m. mjölkchokladöverdrag,Linolensyra C18:3,Godis som innehåller choklad,0.0,g
1859,Mjuk kokos m. mjölkchokladöverdrag,Linolsyra C18:2,Godis som innehåller choklad,0.5,g
1859,Mjuk kokos m. mjölkchokladöverdrag,Oljesyra C18:1,Godis som innehåller choklad,4.3,g
1859,Mjuk kokos m. mjölkchokladöverdrag,Stearinsyra C18:0,Godis som innehåller choklad,4.6,g
1859,Mjuk kokos m. mjölkchokladöverdrag,Palmitoljesyra C16:1,Godis som innehåller choklad,0.0,g
1859,Mjuk kokos m. mjölkchokladöverdrag,Palmitinsyra C16:0,Godis som innehåller choklad,4.8,g
1859,Mjuk kokos m. mjölkchokladöverdrag,Myristinsyra C14:0,Godis som innehåller choklad,2.3,g
1859,Mjuk kokos m. mjölkchokladöverdrag,Laurinsyra C12:0,Godis som innehåller choklad,5.6,g
1859,Mjuk kokos m. mjölkchokladöverdrag,Betakaroten/β-Karoten,Godis som innehåller choklad,8.0,µg
1859,Mjuk kokos m. mjölkchokladöverdrag,Avfall (skal etc.),Godis som innehåller choklad,0.0,%
1859,Mjuk kokos m. mjölkchokladöverdrag,Aska,Godis som innehåller choklad,1.1,g
1859,Mjuk kokos m. mjölkchokladöverdrag,Alkohol,Godis som innehåller choklad,0.0,g
1860,Nötkräm chokladkräm,"Zink, Zn",Godis som innehåller choklad,1.1,mg
1860,Nötkräm chokladkräm,Vitamin E,Godis som innehåller choklad,10.0,mg
1860,Nötkräm chokladkräm,Vitamin D inkl 25-OH-D3,Godis som innehåller choklad,0.43,µg
1860,Nötkräm chokladkräm,Vitamin D,Godis som innehåller choklad,0.43,µg
1860,Nötkräm chokladkräm,Vitamin C,Godis som innehåller choklad,0.6,mg
1860,Nötkräm chokladkräm,Vitamin B6,Godis som innehåller choklad,0.09,mg
1860,Nötkräm chokladkräm,Vitamin B12,Godis som innehåller choklad,0.31,µg
1860,Nötkräm chokladkräm,Vitamin A,Godis som innehåller choklad,0.0,RE/µg
1860,Nötkräm chokladkräm,Vatten,Godis som innehåller choklad,1.1,g
1860,Nötkräm chokladkräm,Tiamin,Godis som innehåller choklad,0.04,mg
1860,Nötkräm chokladkräm,Tillsatt socker,Godis som innehåller choklad,46.0,g
1860,Nötkräm chokladkräm,Fritt socker,Godis som innehåller choklad,46.0,g
1860,Nötkräm chokladkräm,"Selen, Se",Godis som innehåller choklad,0.0,µg
1860,Nötkräm chokladkräm,Sackaros,Godis som innehåller choklad,45.9,g
1860,Nötkräm chokladkräm,Riboflavin,Godis som innehåller choklad,0.16,mg
1860,Nötkräm chokladkräm,Retinol,Godis som innehåller choklad,0.0,µg
1860,Nötkräm chokladkräm,Protein,Godis som innehåller choklad,5.5,g
1860,Nötkräm chokladkräm,Summa fleromättade fettsyror,Godis som innehåller choklad,6.6,g
1860,Nötkräm chokladkräm,"Fosfor, P",Godis som innehåller choklad,170.0,mg
1860,Nötkräm chokladkräm,Niacinekvivalenter,Godis som innehåller choklad,1.2,NE/mg
1860,Nötkräm chokladkräm,Niacin,Godis som innehåller choklad,0.27,mg
1860,Nötkräm chokladkräm,"Salt, NaCl",Godis som innehåller choklad,0.1,g
1860,Nötkräm chokladkräm,"Natrium, Na",Godis som innehåller choklad,33.0,mg
1860,Nötkräm chokladkräm,Monosackarider,Godis som innehåller choklad,0.0,g
1860,Nötkräm chokladkräm,"Sockerarter, totalt",Godis som innehåller choklad,49.6,g
1860,Nötkräm chokladkräm,Summa enkelomättade fettsyror,Godis som innehåller choklad,16.4,g
1860,Nötkräm chokladkräm,"Magnesium, Mg",Godis som innehåller choklad,75.0,mg
1860,Nötkräm chokladkräm,Summa mättade fettsyror,Godis som innehåller choklad,8.1,g
1860,Nötkräm chokladkräm,"Kolhydrater, tillgängliga",Godis som innehåller choklad,55.4,g
1860,Nötkräm chokladkräm,Kolesterol,Godis som innehåller choklad,2.2,mg
1860,Nötkräm chokladkräm,"Kalium, K",Godis som innehåller choklad,480.0,mg
1860,Nötkräm chokladkräm,"Jod, I",Godis som innehåller choklad,1.3,µg
1860,Nötkräm chokladkräm,Fullkorn totalt,Godis som innehåller choklad,0.0,g
1860,Nötkräm chokladkräm,"Folat, totalt",Godis som innehåller choklad,19.4,µg
1860,Nötkräm chokladkräm,Fibrer,Godis som innehåller choklad,4.0,g
1860,Nötkräm chokladkräm,"Fett, totalt",Godis som innehåller choklad,32.5,g
1860,Nötkräm chokladkräm,"Järn, Fe",Godis som innehåller choklad,3.5,mg
1860,Nötkräm chokladkräm,Energi (kJ),Godis som innehåller choklad,2269.0,kJ
1860,Nötkräm chokladkräm,Energi (kcal),Godis som innehåller choklad,542.0,kcal
1860,Nötkräm chokladkräm,Disackarider,Godis som innehåller choklad,49.6,g
1860,Nötkräm chokladkräm,"Kalcium, Ca",Godis som innehåller choklad,110.0,mg
1860,Nötkräm chokladkräm,Fettsyra 4:0-10:0,Godis som innehåller choklad,0.0,g
1860,Nötkräm chokladkräm,DHA (C22:6),Godis som innehåller choklad,0.0,g
1860,Nötkräm chokladkräm,DPA (C22:5),Godis som innehåller choklad,0.0,g
1860,Nötkräm chokladkräm,EPA (C20:5),Godis som innehåller choklad,0.0,g
1860,Nötkräm chokladkräm,Arakidonsyra C20:4,Godis som innehåller choklad,0.0,g
1860,Nötkräm chokladkräm,Arakidinsyra C20:0,Godis som innehåller choklad,0.1,g
1860,Nötkräm chokladkräm,Linolensyra C18:3,Godis som innehåller choklad,0.3,g
1860,Nötkräm chokladkräm,Linolsyra C18:2,Godis som innehåller choklad,6.3,g
1860,Nötkräm chokladkräm,Oljesyra C18:1,Godis som innehåller choklad,16.2,g
1860,Nötkräm chokladkräm,Stearinsyra C18:0,Godis som innehåller choklad,1.5,g
1860,Nötkräm chokladkräm,Palmitoljesyra C16:1,Godis som innehåller choklad,0.1,g
1860,Nötkräm chokladkräm,Palmitinsyra C16:0,Godis som innehåller choklad,6.3,g
1860,Nötkräm chokladkräm,Myristinsyra C14:0,Godis som innehåller choklad,0.1,g
1860,Nötkräm chokladkräm,Laurinsyra C12:0,Godis som innehåller choklad,0.0,g
1860,Nötkräm chokladkräm,Betakaroten/β-Karoten,Godis som innehåller choklad,0.0,µg
1860,Nötkräm chokladkräm,Avfall (skal etc.),Godis som innehåller choklad,0.0,%
1860,Nötkräm chokladkräm,Aska,Godis som innehåller choklad,1.6,g
1860,Nötkräm chokladkräm,Alkohol,Godis som innehåller choklad,0.0,g
1861,Mjölkchoklad m. sötningsm.,"Zink, Zn",Choklad ,0.2,mg
1861,Mjölkchoklad m. sötningsm.,Vitamin E,Choklad ,0.1,mg
1861,Mjölkchoklad m. sötningsm.,Vitamin D,Choklad ,0.0,µg
1861,Mjölkchoklad m. sötningsm.,Vitamin C,Choklad ,0.0,mg
1861,Mjölkchoklad m. sötningsm.,Vitamin B6,Choklad ,0.02,mg
1861,Mjölkchoklad m. sötningsm.,Vitamin B12,Choklad ,0.0,µg
1861,Mjölkchoklad m. sötningsm.,Vitamin A,Choklad ,17.2,RE/µg
1861,Mjölkchoklad m. sötningsm.,Vatten,Choklad ,2.3,g
1861,Mjölkchoklad m. sötningsm.,Tiamin,Choklad ,0.16,mg
1861,Mjölkchoklad m. sötningsm.,Tillsatt socker,Choklad ,0.0,g
1861,Mjölkchoklad m. sötningsm.,Fritt socker,Choklad ,0.0,g
1861,Mjölkchoklad m. sötningsm.,"Selen, Se",Choklad ,2.0,µg
1861,Mjölkchoklad m. sötningsm.,Sackaros,Choklad ,0.0,g
1861,Mjölkchoklad m. sötningsm.,Riboflavin,Choklad ,0.22,mg
1861,Mjölkchoklad m. sötningsm.,Retinol,Choklad ,15.0,µg
1861,Mjölkchoklad m. sötningsm.,Protein,Choklad ,10.0,g
1861,Mjölkchoklad m. sötningsm.,Summa fleromättade fettsyror,Choklad ,1.4,g
1861,Mjölkchoklad m. sötningsm.,"Fosfor, P",Choklad ,189.0,mg
1861,Mjölkchoklad m. sötningsm.,Niacinekvivalenter,Choklad ,2.17,NE/mg
1861,Mjölkchoklad m. sötningsm.,Niacin,Choklad ,0.5,mg
1861,Mjölkchoklad m. sötningsm.,"Salt, NaCl",Choklad ,0.2,g
1861,Mjölkchoklad m. sötningsm.,"Natrium, Na",Choklad ,64.0,mg
1861,Mjölkchoklad m. sötningsm.,Monosackarider,Choklad ,0.0,g
1861,Mjölkchoklad m. sötningsm.,"Sockerarter, totalt",Choklad ,11.3,g
1861,Mjölkchoklad m. sötningsm.,Summa enkelomättade fettsyror,Choklad ,12.6,g
1861,Mjölkchoklad m. sötningsm.,"Magnesium, Mg",Choklad ,175.0,mg
1861,Mjölkchoklad m. sötningsm.,Summa mättade fettsyror,Choklad ,22.9,g
1861,Mjölkchoklad m. sötningsm.,"Kolhydrater, tillgängliga",Choklad ,46.9,g
1861,Mjölkchoklad m. sötningsm.,Kolesterol,Choklad ,0.0,mg
1861,Mjölkchoklad m. sötningsm.,"Kalium, K",Choklad ,326.0,mg
1861,Mjölkchoklad m. sötningsm.,"Jod, I",Choklad ,2.0,µg
1861,Mjölkchoklad m. sötningsm.,Fullkorn totalt,Choklad ,0.0,g
1861,Mjölkchoklad m. sötningsm.,"Folat, totalt",Choklad ,7.0,µg
1861,Mjölkchoklad m. sötningsm.,Fibrer,Choklad ,0.4,g
1861,Mjölkchoklad m. sötningsm.,"Fett, totalt",Choklad ,39.0,g
1861,Mjölkchoklad m. sötningsm.,"Järn, Fe",Choklad ,2.2,mg
1861,Mjölkchoklad m. sötningsm.,Energi (kJ),Choklad ,2414.0,kJ
1861,Mjölkchoklad m. sötningsm.,Energi (kcal),Choklad ,577.0,kcal
1861,Mjölkchoklad m. sötningsm.,Disackarider,Choklad ,11.3,g
1861,Mjölkchoklad m. sötningsm.,"Kalcium, Ca",Choklad ,134.0,mg
1861,Mjölkchoklad m. sötningsm.,Fettsyra 4:0-10:0,Choklad ,0.0,g
1861,Mjölkchoklad m. sötningsm.,DHA (C22:6),Choklad ,0.0,g
1861,Mjölkchoklad m. sötningsm.,DPA (C22:5),Choklad ,0.0,g
1861,Mjölkchoklad m. sötningsm.,EPA (C20:5),Choklad ,0.0,g
1861,Mjölkchoklad m. sötningsm.,Arakidonsyra C20:4,Choklad ,0.0,g
1861,Mjölkchoklad m. sötningsm.,Arakidinsyra C20:0,Choklad ,0.2,g
1861,Mjölkchoklad m. sötningsm.,Linolensyra C18:3,Choklad ,0.0,g
1861,Mjölkchoklad m. sötningsm.,Linolsyra C18:2,Choklad ,1.2,g
1861,Mjölkchoklad m. sötningsm.,Oljesyra C18:1,Choklad ,12.4,g
1861,Mjölkchoklad m. sötningsm.,Stearinsyra C18:0,Choklad ,12.2,g
1861,Mjölkchoklad m. sötningsm.,Palmitoljesyra C16:1,Choklad ,0.0,g
1861,Mjölkchoklad m. sötningsm.,Palmitinsyra C16:0,Choklad ,9.9,g
1861,Mjölkchoklad m. sötningsm.,Myristinsyra C14:0,Choklad ,0.6,g
1861,Mjölkchoklad m. sötningsm.,Laurinsyra C12:0,Choklad ,0.2,g
1861,Mjölkchoklad m. sötningsm.,Betakaroten/β-Karoten,Choklad ,26.0,µg
1861,Mjölkchoklad m. sötningsm.,Avfall (skal etc.),Choklad ,0.0,%
1861,Mjölkchoklad m. sötningsm.,Aska,Choklad ,1.4,g
1861,Mjölkchoklad m. sötningsm.,Alkohol,Choklad ,0.0,g
1863,Gelégodis,"Zink, Zn",Godis ej choklad,0.0,mg
1863,Gelégodis,Vitamin E,Godis ej choklad,0.1,mg
1863,Gelégodis,Vitamin D inkl 25-OH-D3,Godis ej choklad,0.0,µg
1863,Gelégodis,Vitamin D,Godis ej choklad,0.0,µg
1863,Gelégodis,Vitamin C,Godis ej choklad,0.0,mg
1863,Gelégodis,Vitamin B6,Godis ej choklad,0.0,mg
1863,Gelégodis,Vitamin B12,Godis ej choklad,0.0,µg
1863,Gelégodis,Vitamin A,Godis ej choklad,0.0,RE/µg
1863,Gelégodis,Vatten,Godis ej choklad,13.5,g
1863,Gelégodis,Tiamin,Godis ej choklad,0.0,mg
1863,Gelégodis,Tillsatt socker,Godis ej choklad,53.0,g
1863,Gelégodis,Fritt socker,Godis ej choklad,55.0,g
1863,Gelégodis,"Selen, Se",Godis ej choklad,0.0,µg
1863,Gelégodis,Sackaros,Godis ej choklad,35.2,g
1863,Gelégodis,Riboflavin,Godis ej choklad,0.0,mg
1863,Gelégodis,Retinol,Godis ej choklad,0.0,µg
1863,Gelégodis,Protein,Godis ej choklad,4.7,g
1863,Gelégodis,Summa fleromättade fettsyror,Godis ej choklad,0.0,g
1863,Gelégodis,"Fosfor, P",Godis ej choklad,6.0,mg
1863,Gelégodis,Niacinekvivalenter,Godis ej choklad,0.8,NE/mg
1863,Gelégodis,Niacin,Godis ej choklad,0.0,mg
1863,Gelégodis,"Salt, NaCl",Godis ej choklad,0.1,g
1863,Gelégodis,"Natrium, Na",Godis ej choklad,34.0,mg
1863,Gelégodis,Monosackarider,Godis ej choklad,10.9,g
1863,Gelégodis,"Sockerarter, totalt",Godis ej choklad,54.9,g
1863,Gelégodis,Summa enkelomättade fettsyror,Godis ej choklad,0.0,g
1863,Gelégodis,"Magnesium, Mg",Godis ej choklad,0.0,mg
1863,Gelégodis,Summa mättade fettsyror,Godis ej choklad,0.0,g
1863,Gelégodis,"Kolhydrater, tillgängliga",Godis ej choklad,81.3,g
1863,Gelégodis,Kolesterol,Godis ej choklad,0.0,mg
1863,Gelégodis,"Kalium, K",Godis ej choklad,0.0,mg
1863,Gelégodis,"Jod, I",Godis ej choklad,0.0,µg
1863,Gelégodis,Fullkorn totalt,Godis ej choklad,0.0,g
1863,Gelégodis,"Folat, totalt",Godis ej choklad,0.0,µg
1863,Gelégodis,Fibrer,Godis ej choklad,0.6,g
1863,Gelégodis,"Fett, totalt",Godis ej choklad,0.0,g
1863,Gelégodis,"Järn, Fe",Godis ej choklad,0.0,mg
1863,Gelégodis,Energi (kJ),Godis ej choklad,1466.0,kJ
1863,Gelégodis,Energi (kcal),Godis ej choklad,350.0,kcal
1863,Gelégodis,Disackarider,Godis ej choklad,44.1,g
1863,Gelégodis,"Kalcium, Ca",Godis ej choklad,14.0,mg
1863,Gelégodis,Fettsyra 4:0-10:0,Godis ej choklad,0.0,g
1863,Gelégodis,DHA (C22:6),Godis ej choklad,0.0,g
1863,Gelégodis,DPA (C22:5),Godis ej choklad,0.0,g
1863,Gelégodis,EPA (C20:5),Godis ej choklad,0.0,g
1863,Gelégodis,Arakidonsyra C20:4,Godis ej choklad,0.0,g
1863,Gelégodis,Arakidinsyra C20:0,Godis ej choklad,0.0,g
1863,Gelégodis,Linolensyra C18:3,Godis ej choklad,0.0,g
1863,Gelégodis,Linolsyra C18:2,Godis ej choklad,0.0,g
1863,Gelégodis,Oljesyra C18:1,Godis ej choklad,0.0,g
1863,Gelégodis,Stearinsyra C18:0,Godis ej choklad,0.0,g
1863,Gelégodis,Palmitoljesyra C16:1,Godis ej choklad,0.0,g
1863,Gelégodis,Palmitinsyra C16:0,Godis ej choklad,0.0,g
1863,Gelégodis,Myristinsyra C14:0,Godis ej choklad,0.0,g
1863,Gelégodis,Laurinsyra C12:0,Godis ej choklad,0.0,g
1863,Gelégodis,Betakaroten/β-Karoten,Godis ej choklad,0.0,µg
1863,Gelégodis,Avfall (skal etc.),Godis ej choklad,0.0,%
1863,Gelégodis,Aska,Godis ej choklad,0.0,g
1863,Gelégodis,Alkohol,Godis ej choklad,0.0,g
1864,Karameller,"Zink, Zn",Godis ej choklad,0.1,mg
1864,Karameller,Vitamin E,Godis ej choklad,0.0,mg
1864,Karameller,Vitamin D inkl 25-OH-D3,Godis ej choklad,0.0,µg
1864,Karameller,Vitamin D,Godis ej choklad,0.0,µg
1864,Karameller,Vitamin C,Godis ej choklad,0.0,mg
1864,Karameller,Vitamin B6,Godis ej choklad,0.0,mg
1864,Karameller,Vitamin B12,Godis ej choklad,0.0,µg
1864,Karameller,Vitamin A,Godis ej choklad,0.0,RE/µg
1864,Karameller,Vatten,Godis ej choklad,2.6,g
1864,Karameller,Tiamin,Godis ej choklad,0.0,mg
1864,Karameller,Tillsatt socker,Godis ej choklad,78.0,g
1864,Karameller,Fritt socker,Godis ej choklad,78.0,g
1864,Karameller,"Selen, Se",Godis ej choklad,0.0,µg
1864,Karameller,Sackaros,Godis ej choklad,62.0,g
1864,Karameller,Riboflavin,Godis ej choklad,0.0,mg
1864,Karameller,Retinol,Godis ej choklad,0.0,µg
1864,Karameller,Protein,Godis ej choklad,0.0,g
1864,Karameller,Summa fleromättade fettsyror,Godis ej choklad,0.0,g
1864,Karameller,"Fosfor, P",Godis ej choklad,100.0,mg
1864,Karameller,Niacinekvivalenter,Godis ej choklad,0.0,NE/mg
1864,Karameller,Niacin,Godis ej choklad,0.0,mg
1864,Karameller,"Salt, NaCl",Godis ej choklad,0.1,g
1864,Karameller,"Natrium, Na",Godis ej choklad,25.0,mg
1864,Karameller,Monosackarider,Godis ej choklad,15.0,g
1864,Karameller,"Sockerarter, totalt",Godis ej choklad,78.0,g
1864,Karameller,Summa enkelomättade fettsyror,Godis ej choklad,0.0,g
1864,Karameller,"Magnesium, Mg",Godis ej choklad,29.0,mg
1864,Karameller,Summa mättade fettsyror,Godis ej choklad,0.0,g
1864,Karameller,"Kolhydrater, tillgängliga",Godis ej choklad,97.2,g
1864,Karameller,Kolesterol,Godis ej choklad,0.0,mg
1864,Karameller,"Kalium, K",Godis ej choklad,210.0,mg
1864,Karameller,"Jod, I",Godis ej choklad,0.0,µg
1864,Karameller,Fullkorn totalt,Godis ej choklad,0.0,g
1864,Karameller,"Folat, totalt",Godis ej choklad,0.0,µg
1864,Karameller,Fibrer,Godis ej choklad,0.0,g
1864,Karameller,"Fett, totalt",Godis ej choklad,0.0,g
1864,Karameller,"Järn, Fe",Godis ej choklad,1.1,mg
1864,Karameller,Energi (kJ),Godis ej choklad,1652.0,kJ
1864,Karameller,Energi (kcal),Godis ej choklad,395.0,kcal
1864,Karameller,Disackarider,Godis ej choklad,63.0,g
1864,Karameller,"Kalcium, Ca",Godis ej choklad,89.0,mg
1864,Karameller,Fettsyra 4:0-10:0,Godis ej choklad,0.0,g
1864,Karameller,DHA (C22:6),Godis ej choklad,0.0,g
1864,Karameller,DPA (C22:5),Godis ej choklad,0.0,g
1864,Karameller,EPA (C20:5),Godis ej choklad,0.0,g
1864,Karameller,Arakidonsyra C20:4,Godis ej choklad,0.0,g
1864,Karameller,Arakidinsyra C20:0,Godis ej choklad,0.0,g
1864,Karameller,Linolensyra C18:3,Godis ej choklad,0.0,g
1864,Karameller,Linolsyra C18:2,Godis ej choklad,0.0,g
1864,Karameller,Oljesyra C18:1,Godis ej choklad,0.0,g
1864,Karameller,Stearinsyra C18:0,Godis ej choklad,0.0,g
1864,Karameller,Palmitoljesyra C16:1,Godis ej choklad,0.0,g
1864,Karameller,Palmitinsyra C16:0,Godis ej choklad,0.0,g
1864,Karameller,Myristinsyra C14:0,Godis ej choklad,0.0,g
1864,Karameller,Laurinsyra C12:0,Godis ej choklad,0.0,g
1864,Karameller,Betakaroten/β-Karoten,Godis ej choklad,0.0,µg
1864,Karameller,Avfall (skal etc.),Godis ej choklad,0.0,%
1864,Karameller,Aska,Godis ej choklad,0.2,g
1864,Karameller,Alkohol,Godis ej choklad,0.0,g
1865,Kola,"Zink, Zn",Godis ej choklad,0.3,mg
1865,Kola,Vitamin E,Godis ej choklad,0.3,mg
1865,Kola,Vitamin D,Godis ej choklad,0.08,µg
1865,Kola,Vitamin C,Godis ej choklad,0.0,mg
1865,Kola,Vitamin B6,Godis ej choklad,0.03,mg
1865,Kola,Vitamin B12,Godis ej choklad,0.3,µg
1865,Kola,Vitamin A,Godis ej choklad,39.4,RE/µg
1865,Kola,Vatten,Godis ej choklad,7.2,g
1865,Kola,Tiamin,Godis ej choklad,0.01,mg
1865,Kola,Tillsatt socker,Godis ej choklad,48.0,g
1865,Kola,Fritt socker,Godis ej choklad,48.0,g
1865,Kola,"Selen, Se",Godis ej choklad,1.0,µg
1865,Kola,Sackaros,Godis ej choklad,35.0,g
1865,Kola,Riboflavin,Godis ej choklad,0.02,mg
1865,Kola,Retinol,Godis ej choklad,38.0,µg
1865,Kola,Protein,Godis ej choklad,4.1,g
1865,Kola,Summa fleromättade fettsyror,Godis ej choklad,0.5,g
1865,Kola,"Fosfor, P",Godis ej choklad,64.0,mg
1865,Kola,Niacinekvivalenter,Godis ej choklad,0.78,NE/mg
1865,Kola,Niacin,Godis ej choklad,0.1,mg
1865,Kola,"Salt, NaCl",Godis ej choklad,0.8,g
1865,Kola,"Natrium, Na",Godis ej choklad,320.0,mg
1865,Kola,Monosackarider,Godis ej choklad,6.6,g
1865,Kola,"Sockerarter, totalt",Godis ej choklad,47.6,g
1865,Kola,Summa enkelomättade fettsyror,Godis ej choklad,4.6,g
1865,Kola,"Magnesium, Mg",Godis ej choklad,16.0,mg
1865,Kola,Summa mättade fettsyror,Godis ej choklad,12.0,g
1865,Kola,"Kolhydrater, tillgängliga",Godis ej choklad,68.9,g
1865,Kola,Kolesterol,Godis ej choklad,10.0,mg
1865,Kola,"Kalium, K",Godis ej choklad,99.0,mg
1865,Kola,"Jod, I",Godis ej choklad,2.0,µg
1865,Kola,Fullkorn totalt,Godis ej choklad,0.0,g
1865,Kola,"Folat, totalt",Godis ej choklad,7.0,µg
1865,Kola,Fibrer,Godis ej choklad,0.0,g
1865,Kola,"Fett, totalt",Godis ej choklad,18.0,g
1865,Kola,"Järn, Fe",Godis ej choklad,0.8,mg
1865,Kola,Energi (kJ),Godis ej choklad,1907.0,kJ
1865,Kola,Energi (kcal),Godis ej choklad,456.0,kcal
1865,Kola,Disackarider,Godis ej choklad,41.0,g
1865,Kola,"Kalcium, Ca",Godis ej choklad,64.0,mg
1865,Kola,Fettsyra 4:0-10:0,Godis ej choklad,1.8,g
1865,Kola,DHA (C22:6),Godis ej choklad,0.0,g
1865,Kola,DPA (C22:5),Godis ej choklad,0.0,g
1865,Kola,EPA (C20:5),Godis ej choklad,0.0,g
1865,Kola,Arakidonsyra C20:4,Godis ej choklad,0.0,g
1865,Kola,Arakidinsyra C20:0,Godis ej choklad,0.2,g
1865,Kola,Linolensyra C18:3,Godis ej choklad,0.1,g
1865,Kola,Linolsyra C18:2,Godis ej choklad,0.4,g
1865,Kola,Oljesyra C18:1,Godis ej choklad,3.9,g
1865,Kola,Stearinsyra C18:0,Godis ej choklad,2.0,g
1865,Kola,Palmitoljesyra C16:1,Godis ej choklad,0.4,g
1865,Kola,Palmitinsyra C16:0,Godis ej choklad,5.2,g
1865,Kola,Myristinsyra C14:0,Godis ej choklad,1.8,g
1865,Kola,Laurinsyra C12:0,Godis ej choklad,0.6,g
1865,Kola,Betakaroten/β-Karoten,Godis ej choklad,17.0,µg
1865,Kola,Avfall (skal etc.),Godis ej choklad,0.0,%
1865,Kola,Aska,Godis ej choklad,1.8,g
1865,Kola,Alkohol,Godis ej choklad,0.0,g
1867,Marmeladkonfekt,"Zink, Zn",Godis ej choklad,0.1,mg
1867,Marmeladkonfekt,Vitamin E,Godis ej choklad,0.0,mg
1867,Marmeladkonfekt,Vitamin D inkl 25-OH-D3,Godis ej choklad,0.0,µg
1867,Marmeladkonfekt,Vitamin D,Godis ej choklad,0.0,µg
1867,Marmeladkonfekt,Vitamin C,Godis ej choklad,0.0,mg
1867,Marmeladkonfekt,Vitamin B6,Godis ej choklad,0.0,mg
1867,Marmeladkonfekt,Vitamin B12,Godis ej choklad,0.0,µg
1867,Marmeladkonfekt,Vitamin A,Godis ej choklad,0.0,RE/µg
1867,Marmeladkonfekt,Vatten,Godis ej choklad,17.2,g
1867,Marmeladkonfekt,Tiamin,Godis ej choklad,0.0,mg
1867,Marmeladkonfekt,Tillsatt socker,Godis ej choklad,55.0,g
1867,Marmeladkonfekt,Fritt socker,Godis ej choklad,55.0,g
1867,Marmeladkonfekt,"Selen, Se",Godis ej choklad,0.0,µg
1867,Marmeladkonfekt,Sackaros,Godis ej choklad,49.0,g
1867,Marmeladkonfekt,Riboflavin,Godis ej choklad,0.0,mg
1867,Marmeladkonfekt,Retinol,Godis ej choklad,0.0,µg
1867,Marmeladkonfekt,Protein,Godis ej choklad,0.0,g
1867,Marmeladkonfekt,Summa fleromättade fettsyror,Godis ej choklad,0.0,g
1867,Marmeladkonfekt,"Fosfor, P",Godis ej choklad,7.0,mg
1867,Marmeladkonfekt,Niacinekvivalenter,Godis ej choklad,0.0,NE/mg
1867,Marmeladkonfekt,Niacin,Godis ej choklad,0.0,mg
1867,Marmeladkonfekt,"Salt, NaCl",Godis ej choklad,0.2,g
1867,Marmeladkonfekt,"Natrium, Na",Godis ej choklad,64.0,mg
1867,Marmeladkonfekt,Monosackarider,Godis ej choklad,5.7,g
1867,Marmeladkonfekt,"Sockerarter, totalt",Godis ej choklad,54.7,g
1867,Marmeladkonfekt,Summa enkelomättade fettsyror,Godis ej choklad,0.0,g
1867,Marmeladkonfekt,"Magnesium, Mg",Godis ej choklad,2.0,mg
1867,Marmeladkonfekt,Summa mättade fettsyror,Godis ej choklad,0.0,g
1867,Marmeladkonfekt,"Kolhydrater, tillgängliga",Godis ej choklad,82.6,g
1867,Marmeladkonfekt,Kolesterol,Godis ej choklad,0.0,mg
1867,Marmeladkonfekt,"Kalium, K",Godis ej choklad,20.0,mg
1867,Marmeladkonfekt,"Jod, I",Godis ej choklad,0.0,µg
1867,Marmeladkonfekt,Fullkorn totalt,Godis ej choklad,0.0,g
1867,Marmeladkonfekt,"Folat, totalt",Godis ej choklad,0.0,µg
1867,Marmeladkonfekt,Fibrer,Godis ej choklad,0.0,g
1867,Marmeladkonfekt,"Fett, totalt",Godis ej choklad,0.0,g
1867,Marmeladkonfekt,"Järn, Fe",Godis ej choklad,0.3,mg
1867,Marmeladkonfekt,Energi (kJ),Godis ej choklad,1404.0,kJ
1867,Marmeladkonfekt,Energi (kcal),Godis ej choklad,336.0,kcal
1867,Marmeladkonfekt,Disackarider,Godis ej choklad,49.0,g
1867,Marmeladkonfekt,"Kalcium, Ca",Godis ej choklad,9.0,mg
1867,Marmeladkonfekt,Fettsyra 4:0-10:0,Godis ej choklad,0.0,g
1867,Marmeladkonfekt,DHA (C22:6),Godis ej choklad,0.0,g
1867,Marmeladkonfekt,DPA (C22:5),Godis ej choklad,0.0,g
1867,Marmeladkonfekt,EPA (C20:5),Godis ej choklad,0.0,g
1867,Marmeladkonfekt,Arakidonsyra C20:4,Godis ej choklad,0.0,g
1867,Marmeladkonfekt,Arakidinsyra C20:0,Godis ej choklad,0.0,g
1867,Marmeladkonfekt,Linolensyra C18:3,Godis ej choklad,0.0,g
1867,Marmeladkonfekt,Linolsyra C18:2,Godis ej choklad,0.0,g
1867,Marmeladkonfekt,Oljesyra C18:1,Godis ej choklad,0.0,g
1867,Marmeladkonfekt,Stearinsyra C18:0,Godis ej choklad,0.0,g
1867,Marmeladkonfekt,Palmitoljesyra C16:1,Godis ej choklad,0.0,g
1867,Marmeladkonfekt,Palmitinsyra C16:0,Godis ej choklad,0.0,g
1867,Marmeladkonfekt,Myristinsyra C14:0,Godis ej choklad,0.0,g
1867,Marmeladkonfekt,Laurinsyra C12:0,Godis ej choklad,0.0,g
1867,Marmeladkonfekt,Betakaroten/β-Karoten,Godis ej choklad,0.0,µg
1867,Marmeladkonfekt,Avfall (skal etc.),Godis ej choklad,0.0,%
1867,Marmeladkonfekt,Aska,Godis ej choklad,0.2,g
1867,Marmeladkonfekt,Alkohol,Godis ej choklad,0.0,g
1868,Skumgodis,"Zink, Zn",Godis ej choklad,0.0,mg
1868,Skumgodis,Vitamin E,Godis ej choklad,0.1,mg
1868,Skumgodis,Vitamin D inkl 25-OH-D3,Godis ej choklad,0.0,µg
1868,Skumgodis,Vitamin D,Godis ej choklad,0.0,µg
1868,Skumgodis,Vitamin C,Godis ej choklad,0.0,mg
1868,Skumgodis,Vitamin B6,Godis ej choklad,0.0,mg
1868,Skumgodis,Vitamin B12,Godis ej choklad,0.0,µg
1868,Skumgodis,Vitamin A,Godis ej choklad,0.0,RE/µg
1868,Skumgodis,Vatten,Godis ej choklad,13.5,g
1868,Skumgodis,Tiamin,Godis ej choklad,0.0,mg
1868,Skumgodis,Tillsatt socker,Godis ej choklad,53.0,g
1868,Skumgodis,Fritt socker,Godis ej choklad,55.0,g
1868,Skumgodis,"Selen, Se",Godis ej choklad,0.0,µg
1868,Skumgodis,Sackaros,Godis ej choklad,35.2,g
1868,Skumgodis,Riboflavin,Godis ej choklad,0.0,mg
1868,Skumgodis,Retinol,Godis ej choklad,0.0,µg
1868,Skumgodis,Protein,Godis ej choklad,4.7,g
1868,Skumgodis,Summa fleromättade fettsyror,Godis ej choklad,0.0,g
1868,Skumgodis,"Fosfor, P",Godis ej choklad,6.0,mg
1868,Skumgodis,Niacinekvivalenter,Godis ej choklad,0.8,NE/mg
1868,Skumgodis,Niacin,Godis ej choklad,0.0,mg
1868,Skumgodis,"Salt, NaCl",Godis ej choklad,0.1,g
1868,Skumgodis,"Natrium, Na",Godis ej choklad,34.0,mg
1868,Skumgodis,Monosackarider,Godis ej choklad,10.9,g
1868,Skumgodis,"Sockerarter, totalt",Godis ej choklad,54.9,g
1868,Skumgodis,Summa enkelomättade fettsyror,Godis ej choklad,0.0,g
1868,Skumgodis,"Magnesium, Mg",Godis ej choklad,0.0,mg
1868,Skumgodis,Summa mättade fettsyror,Godis ej choklad,0.0,g
1868,Skumgodis,"Kolhydrater, tillgängliga",Godis ej choklad,81.3,g
1868,Skumgodis,Kolesterol,Godis ej choklad,0.0,mg
1868,Skumgodis,"Kalium, K",Godis ej choklad,0.0,mg
1868,Skumgodis,"Jod, I",Godis ej choklad,0.0,µg
1868,Skumgodis,Fullkorn totalt,Godis ej choklad,0.0,g
1868,Skumgodis,"Folat, totalt",Godis ej choklad,0.0,µg
1868,Skumgodis,Fibrer,Godis ej choklad,0.6,g
1868,Skumgodis,"Fett, totalt",Godis ej choklad,0.0,g
1868,Skumgodis,"Järn, Fe",Godis ej choklad,0.0,mg
1868,Skumgodis,Energi (kJ),Godis ej choklad,1466.0,kJ
1868,Skumgodis,Energi (kcal),Godis ej choklad,350.0,kcal
1868,Skumgodis,Disackarider,Godis ej choklad,44.1,g
1868,Skumgodis,"Kalcium, Ca",Godis ej choklad,14.0,mg
1868,Skumgodis,Fettsyra 4:0-10:0,Godis ej choklad,0.0,g
1868,Skumgodis,DHA (C22:6),Godis ej choklad,0.0,g
1868,Skumgodis,DPA (C22:5),Godis ej choklad,0.0,g
1868,Skumgodis,EPA (C20:5),Godis ej choklad,0.0,g
1868,Skumgodis,Arakidonsyra C20:4,Godis ej choklad,0.0,g
1868,Skumgodis,Arakidinsyra C20:0,Godis ej choklad,0.0,g
1868,Skumgodis,Linolensyra C18:3,Godis ej choklad,0.0,g
1868,Skumgodis,Linolsyra C18:2,Godis ej choklad,0.0,g
1868,Skumgodis,Oljesyra C18:1,Godis ej choklad,0.0,g
1868,Skumgodis,Stearinsyra C18:0,Godis ej choklad,0.0,g
1868,Skumgodis,Palmitoljesyra C16:1,Godis ej choklad,0.0,g
1868,Skumgodis,Palmitinsyra C16:0,Godis ej choklad,0.0,g
1868,Skumgodis,Myristinsyra C14:0,Godis ej choklad,0.0,g
1868,Skumgodis,Laurinsyra C12:0,Godis ej choklad,0.0,g
1868,Skumgodis,Betakaroten/β-Karoten,Godis ej choklad,0.0,µg
1868,Skumgodis,Avfall (skal etc.),Godis ej choklad,0.0,%
1868,Skumgodis,Aska,Godis ej choklad,0.0,g
1868,Skumgodis,Alkohol,Godis ej choklad,0.0,g
1869,Polkagris,"Zink, Zn",Godis ej choklad,0.1,mg
1869,Polkagris,Vitamin E,Godis ej choklad,0.0,mg
1869,Polkagris,Vitamin D inkl 25-OH-D3,Godis ej choklad,0.0,µg
1869,Polkagris,Vitamin D,Godis ej choklad,0.0,µg
1869,Polkagris,Vitamin C,Godis ej choklad,0.0,mg
1869,Polkagris,Vitamin B6,Godis ej choklad,0.0,mg
1869,Polkagris,Vitamin B12,Godis ej choklad,0.0,µg
1869,Polkagris,Vitamin A,Godis ej choklad,0.0,RE/µg
1869,Polkagris,Vatten,Godis ej choklad,1.8,g
1869,Polkagris,Tiamin,Godis ej choklad,0.0,mg
1869,Polkagris,Tillsatt socker,Godis ej choklad,67.0,g
1869,Polkagris,Fritt socker,Godis ej choklad,67.0,g
1869,Polkagris,"Selen, Se",Godis ej choklad,0.0,µg
1869,Polkagris,Sackaros,Godis ej choklad,67.0,g
1869,Polkagris,Riboflavin,Godis ej choklad,0.0,mg
1869,Polkagris,Retinol,Godis ej choklad,0.0,µg
1869,Polkagris,Protein,Godis ej choklad,0.0,g
1869,Polkagris,Summa fleromättade fettsyror,Godis ej choklad,0.0,g
1869,Polkagris,"Fosfor, P",Godis ej choklad,0.0,mg
1869,Polkagris,Niacinekvivalenter,Godis ej choklad,0.0,NE/mg
1869,Polkagris,Niacin,Godis ej choklad,0.0,mg
1869,Polkagris,"Salt, NaCl",Godis ej choklad,0.0,g
1869,Polkagris,"Natrium, Na",Godis ej choklad,9.0,mg
1869,Polkagris,Monosackarider,Godis ej choklad,0.0,g
1869,Polkagris,"Sockerarter, totalt",Godis ej choklad,67.0,g
1869,Polkagris,Summa enkelomättade fettsyror,Godis ej choklad,0.0,g
1869,Polkagris,"Magnesium, Mg",Godis ej choklad,3.0,mg
1869,Polkagris,Summa mättade fettsyror,Godis ej choklad,0.0,g
1869,Polkagris,"Kolhydrater, tillgängliga",Godis ej choklad,98.1,g
1869,Polkagris,Kolesterol,Godis ej choklad,0.0,mg
1869,Polkagris,"Kalium, K",Godis ej choklad,0.0,mg
1869,Polkagris,"Jod, I",Godis ej choklad,0.0,µg
1869,Polkagris,Fullkorn totalt,Godis ej choklad,0.0,g
1869,Polkagris,"Folat, totalt",Godis ej choklad,0.0,µg
1869,Polkagris,Fibrer,Godis ej choklad,0.0,g
1869,Polkagris,"Fett, totalt",Godis ej choklad,0.0,g
1869,Polkagris,"Järn, Fe",Godis ej choklad,0.2,mg
1869,Polkagris,Energi (kJ),Godis ej choklad,1668.0,kJ
1869,Polkagris,Energi (kcal),Godis ej choklad,399.0,kcal
1869,Polkagris,Disackarider,Godis ej choklad,67.0,g
1869,Polkagris,"Kalcium, Ca",Godis ej choklad,7.0,mg
1869,Polkagris,Fettsyra 4:0-10:0,Godis ej choklad,0.0,g
1869,Polkagris,DHA (C22:6),Godis ej choklad,0.0,g
1869,Polkagris,DPA (C22:5),Godis ej choklad,0.0,g
1869,Polkagris,EPA (C20:5),Godis ej choklad,0.0,g
1869,Polkagris,Arakidonsyra C20:4,Godis ej choklad,0.0,g
1869,Polkagris,Arakidinsyra C20:0,Godis ej choklad,0.0,g
1869,Polkagris,Linolensyra C18:3,Godis ej choklad,0.0,g
1869,Polkagris,Linolsyra C18:2,Godis ej choklad,0.0,g
1869,Polkagris,Oljesyra C18:1,Godis ej choklad,0.0,g
1869,Polkagris,Stearinsyra C18:0,Godis ej choklad,0.0,g
1869,Polkagris,Palmitoljesyra C16:1,Godis ej choklad,0.0,g
1869,Polkagris,Palmitinsyra C16:0,Godis ej choklad,0.0,g
1869,Polkagris,Myristinsyra C14:0,Godis ej choklad,0.0,g
1869,Polkagris,Laurinsyra C12:0,Godis ej choklad,0.0,g
1869,Polkagris,Betakaroten/β-Karoten,Godis ej choklad,0.0,µg
1869,Polkagris,Avfall (skal etc.),Godis ej choklad,0.0,%
1869,Polkagris,Aska,Godis ej choklad,0.1,g
1869,Polkagris,Alkohol,Godis ej choklad,0.0,g
1870,Tuggummi,"Zink, Zn",Tuggummi,0.1,mg
1870,Tuggummi,Vitamin E,Tuggummi,0.0,mg
1870,Tuggummi,Vitamin D inkl 25-OH-D3,Tuggummi,0.0,µg
1870,Tuggummi,Vitamin D,Tuggummi,0.0,µg
1870,Tuggummi,Vitamin C,Tuggummi,0.0,mg
1870,Tuggummi,Vitamin B6,Tuggummi,0.0,mg
1870,Tuggummi,Vitamin B12,Tuggummi,0.0,µg
1870,Tuggummi,Vitamin A,Tuggummi,0.0,RE/µg
1870,Tuggummi,Vatten,Tuggummi,2.8,g
1870,Tuggummi,Tiamin,Tuggummi,0.0,mg
1870,Tuggummi,Tillsatt socker,Tuggummi,81.0,g
1870,Tuggummi,Fritt socker,Tuggummi,81.0,g
1870,Tuggummi,"Selen, Se",Tuggummi,0.0,µg
1870,Tuggummi,Sackaros,Tuggummi,78.2,g
1870,Tuggummi,Riboflavin,Tuggummi,0.0,mg
1870,Tuggummi,Retinol,Tuggummi,0.0,µg
1870,Tuggummi,Protein,Tuggummi,0.4,g
1870,Tuggummi,Summa fleromättade fettsyror,Tuggummi,0.0,g
1870,Tuggummi,"Fosfor, P",Tuggummi,4.0,mg
1870,Tuggummi,Niacinekvivalenter,Tuggummi,0.07,NE/mg
1870,Tuggummi,Niacin,Tuggummi,0.0,mg
1870,Tuggummi,"Salt, NaCl",Tuggummi,0.1,g
1870,Tuggummi,"Natrium, Na",Tuggummi,24.0,mg
1870,Tuggummi,Monosackarider,Tuggummi,1.5,g
1870,Tuggummi,"Sockerarter, totalt",Tuggummi,81.0,g
1870,Tuggummi,Summa enkelomättade fettsyror,Tuggummi,0.0,g
1870,Tuggummi,"Magnesium, Mg",Tuggummi,156.0,mg
1870,Tuggummi,Summa mättade fettsyror,Tuggummi,0.0,g
1870,Tuggummi,"Kolhydrater, tillgängliga",Tuggummi,92.7,g
1870,Tuggummi,Kolesterol,Tuggummi,0.0,mg
1870,Tuggummi,"Kalium, K",Tuggummi,41.0,mg
1870,Tuggummi,"Jod, I",Tuggummi,0.2,µg
1870,Tuggummi,Fullkorn totalt,Tuggummi,0.0,g
1870,Tuggummi,"Folat, totalt",Tuggummi,0.0,µg
1870,Tuggummi,Fibrer,Tuggummi,0.0,g
1870,Tuggummi,"Fett, totalt",Tuggummi,0.0,g
1870,Tuggummi,"Järn, Fe",Tuggummi,7.4,mg
1870,Tuggummi,Energi (kJ),Tuggummi,1583.0,kJ
1870,Tuggummi,Energi (kcal),Tuggummi,378.0,kcal
1870,Tuggummi,Disackarider,Tuggummi,79.5,g
1870,Tuggummi,"Kalcium, Ca",Tuggummi,1152.0,mg
1870,Tuggummi,Fettsyra 4:0-10:0,Tuggummi,0.0,g
1870,Tuggummi,DHA (C22:6),Tuggummi,0.0,g
1870,Tuggummi,DPA (C22:5),Tuggummi,0.0,g
1870,Tuggummi,EPA (C20:5),Tuggummi,0.0,g
1870,Tuggummi,Arakidonsyra C20:4,Tuggummi,0.0,g
1870,Tuggummi,Arakidinsyra C20:0,Tuggummi,0.0,g
1870,Tuggummi,Linolensyra C18:3,Tuggummi,0.0,g
1870,Tuggummi,Linolsyra C18:2,Tuggummi,0.0,g
1870,Tuggummi,Oljesyra C18:1,Tuggummi,0.0,g
1870,Tuggummi,Stearinsyra C18:0,Tuggummi,0.0,g
1870,Tuggummi,Palmitoljesyra C16:1,Tuggummi,0.0,g
1870,Tuggummi,Palmitinsyra C16:0,Tuggummi,0.0,g
1870,Tuggummi,Myristinsyra C14:0,Tuggummi,0.0,g
1870,Tuggummi,Laurinsyra C12:0,Tuggummi,0.0,g
1870,Tuggummi,Betakaroten/β-Karoten,Tuggummi,0.0,µg
1870,Tuggummi,Avfall (skal etc.),Tuggummi,0.0,%
1870,Tuggummi,Aska,Tuggummi,4.1,g
1870,Tuggummi,Alkohol,Tuggummi,0.0,g
1871,Klubba chokladkola karamell,"Zink, Zn",Godis som innehåller choklad,0.1,mg
1871,Klubba chokladkola karamell,Vitamin E,Godis som innehåller choklad,0.2,mg
1871,Klubba chokladkola karamell,Vitamin D,Godis som innehåller choklad,0.05,µg
1871,Klubba chokladkola karamell,Vitamin C,Godis som innehåller choklad,0.0,mg
1871,Klubba chokladkola karamell,Vitamin B6,Godis som innehåller choklad,0.01,mg
1871,Klubba chokladkola karamell,Vitamin B12,Godis som innehåller choklad,0.1,µg
1871,Klubba chokladkola karamell,Vitamin A,Godis som innehåller choklad,1.2,RE/µg
1871,Klubba chokladkola karamell,Vatten,Godis som innehåller choklad,4.8,g
1871,Klubba chokladkola karamell,Tiamin,Godis som innehåller choklad,0.01,mg
1871,Klubba chokladkola karamell,Tillsatt socker,Godis som innehåller choklad,56.0,g
1871,Klubba chokladkola karamell,Fritt socker,Godis som innehåller choklad,56.0,g
1871,Klubba chokladkola karamell,"Selen, Se",Godis som innehåller choklad,1.0,µg
1871,Klubba chokladkola karamell,Sackaros,Godis som innehåller choklad,47.7,g
1871,Klubba chokladkola karamell,Riboflavin,Godis som innehåller choklad,0.02,mg
1871,Klubba chokladkola karamell,Retinol,Godis som innehåller choklad,1.0,µg
1871,Klubba chokladkola karamell,Protein,Godis som innehåller choklad,2.5,g
1871,Klubba chokladkola karamell,Summa fleromättade fettsyror,Godis som innehåller choklad,0.3,g
1871,Klubba chokladkola karamell,"Fosfor, P",Godis som innehåller choklad,16.0,mg
1871,Klubba chokladkola karamell,Niacinekvivalenter,Godis som innehåller choklad,0.52,NE/mg
1871,Klubba chokladkola karamell,Niacin,Godis som innehåller choklad,0.1,mg
1871,Klubba chokladkola karamell,"Salt, NaCl",Godis som innehåller choklad,0.1,g
1871,Klubba chokladkola karamell,"Natrium, Na",Godis som innehåller choklad,25.0,mg
1871,Klubba chokladkola karamell,Monosackarider,Godis som innehåller choklad,9.0,g
1871,Klubba chokladkola karamell,"Sockerarter, totalt",Godis som innehåller choklad,60.7,g
1871,Klubba chokladkola karamell,Summa enkelomättade fettsyror,Godis som innehåller choklad,2.8,g
1871,Klubba chokladkola karamell,"Magnesium, Mg",Godis som innehåller choklad,46.0,mg
1871,Klubba chokladkola karamell,Summa mättade fettsyror,Godis som innehåller choklad,7.4,g
1871,Klubba chokladkola karamell,"Kolhydrater, tillgängliga",Godis som innehåller choklad,80.6,g
1871,Klubba chokladkola karamell,Kolesterol,Godis som innehåller choklad,10.0,mg
1871,Klubba chokladkola karamell,"Kalium, K",Godis som innehåller choklad,210.0,mg
1871,Klubba chokladkola karamell,"Jod, I",Godis som innehåller choklad,0.0,µg
1871,Klubba chokladkola karamell,Fullkorn totalt,Godis som innehåller choklad,0.0,g
1871,Klubba chokladkola karamell,"Folat, totalt",Godis som innehåller choklad,0.0,µg
1871,Klubba chokladkola karamell,Fibrer,Godis som innehåller choklad,0.0,g
1871,Klubba chokladkola karamell,"Fett, totalt",Godis som innehåller choklad,11.1,g
1871,Klubba chokladkola karamell,"Järn, Fe",Godis som innehåller choklad,0.2,mg
1871,Klubba chokladkola karamell,Energi (kJ),Godis som innehåller choklad,1823.0,kJ
1871,Klubba chokladkola karamell,Energi (kcal),Godis som innehåller choklad,436.0,kcal
1871,Klubba chokladkola karamell,Disackarider,Godis som innehåller choklad,51.7,g
1871,Klubba chokladkola karamell,"Kalcium, Ca",Godis som innehåller choklad,10.0,mg
1871,Klubba chokladkola karamell,Fettsyra 4:0-10:0,Godis som innehåller choklad,1.1,g
1871,Klubba chokladkola karamell,DHA (C22:6),Godis som innehåller choklad,0.0,g
1871,Klubba chokladkola karamell,DPA (C22:5),Godis som innehåller choklad,0.0,g
1871,Klubba chokladkola karamell,EPA (C20:5),Godis som innehåller choklad,0.0,g
1871,Klubba chokladkola karamell,Arakidonsyra C20:4,Godis som innehåller choklad,0.0,g
1871,Klubba chokladkola karamell,Arakidinsyra C20:0,Godis som innehåller choklad,0.1,g
1871,Klubba chokladkola karamell,Linolensyra C18:3,Godis som innehåller choklad,0.0,g
1871,Klubba chokladkola karamell,Linolsyra C18:2,Godis som innehåller choklad,0.2,g
1871,Klubba chokladkola karamell,Oljesyra C18:1,Godis som innehåller choklad,2.4,g
1871,Klubba chokladkola karamell,Stearinsyra C18:0,Godis som innehåller choklad,1.3,g
1871,Klubba chokladkola karamell,Palmitoljesyra C16:1,Godis som innehåller choklad,0.2,g
1871,Klubba chokladkola karamell,Palmitinsyra C16:0,Godis som innehåller choklad,3.2,g
1871,Klubba chokladkola karamell,Myristinsyra C14:0,Godis som innehåller choklad,1.1,g
1871,Klubba chokladkola karamell,Laurinsyra C12:0,Godis som innehåller choklad,0.4,g
1871,Klubba chokladkola karamell,Betakaroten/β-Karoten,Godis som innehåller choklad,3.0,µg
1871,Klubba chokladkola karamell,Avfall (skal etc.),Godis som innehåller choklad,0.0,%
1871,Klubba chokladkola karamell,Aska,Godis som innehåller choklad,1.0,g
1871,Klubba chokladkola karamell,Alkohol,Godis som innehåller choklad,0.0,g
1875,Chokladkola mörk m. chokladöverdrag,"Zink, Zn",Godis som innehåller choklad,0.9,mg
1875,Chokladkola mörk m. chokladöverdrag,Vitamin E,Godis som innehåller choklad,1.3,mg
1875,Chokladkola mörk m. chokladöverdrag,Vitamin D,Godis som innehåller choklad,0.0,µg
1875,Chokladkola mörk m. chokladöverdrag,Vitamin C,Godis som innehåller choklad,0.0,mg
1875,Chokladkola mörk m. chokladöverdrag,Vitamin B6,Godis som innehåller choklad,0.03,mg
1875,Chokladkola mörk m. chokladöverdrag,Vitamin B12,Godis som innehåller choklad,0.25,µg
1875,Chokladkola mörk m. chokladöverdrag,Vitamin A,Godis som innehåller choklad,17.3,RE/µg
1875,Chokladkola mörk m. chokladöverdrag,Vatten,Godis som innehåller choklad,4.3,g
1875,Chokladkola mörk m. chokladöverdrag,Tiamin,Godis som innehåller choklad,0.02,mg
1875,Chokladkola mörk m. chokladöverdrag,Tillsatt socker,Godis som innehåller choklad,38.0,g
1875,Chokladkola mörk m. chokladöverdrag,Fritt socker,Godis som innehåller choklad,38.0,g
1875,Chokladkola mörk m. chokladöverdrag,"Selen, Se",Godis som innehåller choklad,1.3,µg
1875,Chokladkola mörk m. chokladöverdrag,Sackaros,Godis som innehåller choklad,32.0,g
1875,Chokladkola mörk m. chokladöverdrag,Riboflavin,Godis som innehåller choklad,0.19,mg
1875,Chokladkola mörk m. chokladöverdrag,Retinol,Godis som innehåller choklad,16.9,µg
1875,Chokladkola mörk m. chokladöverdrag,Protein,Godis som innehåller choklad,4.3,g
1875,Chokladkola mörk m. chokladöverdrag,Summa fleromättade fettsyror,Godis som innehåller choklad,1.0,g
1875,Chokladkola mörk m. chokladöverdrag,"Fosfor, P",Godis som innehåller choklad,134.0,mg
1875,Chokladkola mörk m. chokladöverdrag,Niacinekvivalenter,Godis som innehåller choklad,1.0,NE/mg
1875,Chokladkola mörk m. chokladöverdrag,Niacin,Godis som innehåller choklad,0.3,mg
1875,Chokladkola mörk m. chokladöverdrag,"Salt, NaCl",Godis som innehåller choklad,0.2,g
1875,Chokladkola mörk m. chokladöverdrag,"Natrium, Na",Godis som innehåller choklad,67.0,mg
1875,Chokladkola mörk m. chokladöverdrag,Monosackarider,Godis som innehåller choklad,3.4,g
1875,Chokladkola mörk m. chokladöverdrag,"Sockerarter, totalt",Godis som innehåller choklad,42.9,g
1875,Chokladkola mörk m. chokladöverdrag,Summa enkelomättade fettsyror,Godis som innehåller choklad,7.8,g
1875,Chokladkola mörk m. chokladöverdrag,"Magnesium, Mg",Godis som innehåller choklad,63.0,mg
1875,Chokladkola mörk m. chokladöverdrag,Summa mättade fettsyror,Godis som innehåller choklad,8.5,g
1875,Chokladkola mörk m. chokladöverdrag,"Kolhydrater, tillgängliga",Godis som innehåller choklad,71.7,g
1875,Chokladkola mörk m. chokladöverdrag,Kolesterol,Godis som innehåller choklad,6.6,mg
1875,Chokladkola mörk m. chokladöverdrag,"Kalium, K",Godis som innehåller choklad,381.0,mg
1875,Chokladkola mörk m. chokladöverdrag,"Jod, I",Godis som innehåller choklad,10.0,µg
1875,Chokladkola mörk m. chokladöverdrag,Fullkorn totalt,Godis som innehåller choklad,0.0,g
1875,Chokladkola mörk m. chokladöverdrag,"Folat, totalt",Godis som innehåller choklad,17.7,µg
1875,Chokladkola mörk m. chokladöverdrag,Fibrer,Godis som innehåller choklad,0.0,g
1875,Chokladkola mörk m. chokladöverdrag,"Fett, totalt",Godis som innehåller choklad,18.2,g
1875,Chokladkola mörk m. chokladöverdrag,"Järn, Fe",Godis som innehåller choklad,3.4,mg
1875,Chokladkola mörk m. chokladöverdrag,Energi (kJ),Godis som innehåller choklad,1967.0,kJ
1875,Chokladkola mörk m. chokladöverdrag,Energi (kcal),Godis som innehåller choklad,470.0,kcal
1875,Chokladkola mörk m. chokladöverdrag,Disackarider,Godis som innehåller choklad,39.5,g
1875,Chokladkola mörk m. chokladöverdrag,"Kalcium, Ca",Godis som innehåller choklad,72.0,mg
1875,Chokladkola mörk m. chokladöverdrag,Fettsyra 4:0-10:0,Godis som innehåller choklad,0.0,g
1875,Chokladkola mörk m. chokladöverdrag,DHA (C22:6),Godis som innehåller choklad,0.0,g
1875,Chokladkola mörk m. chokladöverdrag,DPA (C22:5),Godis som innehåller choklad,0.0,g
1875,Chokladkola mörk m. chokladöverdrag,EPA (C20:5),Godis som innehåller choklad,0.0,g
1875,Chokladkola mörk m. chokladöverdrag,Arakidonsyra C20:4,Godis som innehåller choklad,0.0,g
1875,Chokladkola mörk m. chokladöverdrag,Arakidinsyra C20:0,Godis som innehåller choklad,0.1,g
1875,Chokladkola mörk m. chokladöverdrag,Linolensyra C18:3,Godis som innehåller choklad,0.0,g
1875,Chokladkola mörk m. chokladöverdrag,Linolsyra C18:2,Godis som innehåller choklad,0.9,g
1875,Chokladkola mörk m. chokladöverdrag,Oljesyra C18:1,Godis som innehåller choklad,7.8,g
1875,Chokladkola mörk m. chokladöverdrag,Stearinsyra C18:0,Godis som innehåller choklad,4.5,g
1875,Chokladkola mörk m. chokladöverdrag,Palmitoljesyra C16:1,Godis som innehåller choklad,0.0,g
1875,Chokladkola mörk m. chokladöverdrag,Palmitinsyra C16:0,Godis som innehåller choklad,3.6,g
1875,Chokladkola mörk m. chokladöverdrag,Myristinsyra C14:0,Godis som innehåller choklad,0.1,g
1875,Chokladkola mörk m. chokladöverdrag,Laurinsyra C12:0,Godis som innehåller choklad,0.0,g
1875,Chokladkola mörk m. chokladöverdrag,Betakaroten/β-Karoten,Godis som innehåller choklad,5.0,µg
1875,Chokladkola mörk m. chokladöverdrag,Avfall (skal etc.),Godis som innehåller choklad,0.0,%
1875,Chokladkola mörk m. chokladöverdrag,Aska,Godis som innehåller choklad,1.4,g
1875,Chokladkola mörk m. chokladöverdrag,Alkohol,Godis som innehåller choklad,0.0,g
1876,Kex rån m. chokladfyllning,"Zink, Zn",Godis som innehåller choklad,1.0,mg
1876,Kex rån m. chokladfyllning,Vitamin E,Godis som innehåller choklad,0.7,mg
1876,Kex rån m. chokladfyllning,Vitamin D inkl 25-OH-D3,Godis som innehåller choklad,0.73,µg
1876,Kex rån m. chokladfyllning,Vitamin D,Godis som innehåller choklad,0.73,µg
1876,Kex rån m. chokladfyllning,Vitamin C,Godis som innehåller choklad,1.4,mg
1876,Kex rån m. chokladfyllning,Vitamin B6,Godis som innehåller choklad,0.07,mg
1876,Kex rån m. chokladfyllning,Vitamin B12,Godis som innehåller choklad,0.92,µg
1876,Kex rån m. chokladfyllning,Vitamin A,Godis som innehåller choklad,10.9,RE/µg
1876,Kex rån m. chokladfyllning,Vatten,Godis som innehåller choklad,2.3,g
1876,Kex rån m. chokladfyllning,Tiamin,Godis som innehåller choklad,0.1,mg
1876,Kex rån m. chokladfyllning,Tillsatt socker,Godis som innehåller choklad,28.0,g
1876,Kex rån m. chokladfyllning,Fritt socker,Godis som innehåller choklad,28.0,g
1876,Kex rån m. chokladfyllning,"Selen, Se",Godis som innehåller choklad,8.2,µg
1876,Kex rån m. chokladfyllning,Sackaros,Godis som innehåller choklad,28.0,g
1876,Kex rån m. chokladfyllning,Riboflavin,Godis som innehåller choklad,0.4,mg
1876,Kex rån m. chokladfyllning,Retinol,Godis som innehåller choklad,10.1,µg
1876,Kex rån m. chokladfyllning,Protein,Godis som innehåller choklad,9.7,g
1876,Kex rån m. chokladfyllning,Summa fleromättade fettsyror,Godis som innehåller choklad,0.9,g
1876,Kex rån m. chokladfyllning,"Fosfor, P",Godis som innehåller choklad,230.0,mg
1876,Kex rån m. chokladfyllning,Niacinekvivalenter,Godis som innehåller choklad,2.8,NE/mg
1876,Kex rån m. chokladfyllning,Niacin,Godis som innehåller choklad,0.54,mg
1876,Kex rån m. chokladfyllning,"Salt, NaCl",Godis som innehåller choklad,0.4,g
1876,Kex rån m. chokladfyllning,"Natrium, Na",Godis som innehåller choklad,150.0,mg
1876,Kex rån m. chokladfyllning,Monosackarider,Godis som innehåller choklad,0.0,g
1876,Kex rån m. chokladfyllning,"Sockerarter, totalt",Godis som innehåller choklad,40.0,g
1876,Kex rån m. chokladfyllning,Summa enkelomättade fettsyror,Godis som innehåller choklad,6.0,g
1876,Kex rån m. chokladfyllning,"Magnesium, Mg",Godis som innehåller choklad,47.0,mg
1876,Kex rån m. chokladfyllning,Summa mättade fettsyror,Godis som innehåller choklad,16.6,g
1876,Kex rån m. chokladfyllning,"Kolhydrater, tillgängliga",Godis som innehåller choklad,58.5,g
1876,Kex rån m. chokladfyllning,Kolesterol,Godis som innehåller choklad,10.7,mg
1876,Kex rån m. chokladfyllning,"Kalium, K",Godis som innehåller choklad,460.0,mg
1876,Kex rån m. chokladfyllning,"Jod, I",Godis som innehåller choklad,3.5,µg
1876,Kex rån m. chokladfyllning,Fullkorn totalt,Godis som innehåller choklad,0.0,g
1876,Kex rån m. chokladfyllning,"Folat, totalt",Godis som innehåller choklad,21.1,µg
1876,Kex rån m. chokladfyllning,Fibrer,Godis som innehåller choklad,2.8,g
1876,Kex rån m. chokladfyllning,"Fett, totalt",Godis som innehåller choklad,24.6,g
1876,Kex rån m. chokladfyllning,"Järn, Fe",Godis som innehåller choklad,2.0,mg
1876,Kex rån m. chokladfyllning,Energi (kJ),Godis som innehåller choklad,2092.0,kJ
1876,Kex rån m. chokladfyllning,Energi (kcal),Godis som innehåller choklad,500.0,kcal
1876,Kex rån m. chokladfyllning,Disackarider,Godis som innehåller choklad,40.0,g
1876,Kex rån m. chokladfyllning,"Kalcium, Ca",Godis som innehåller choklad,210.0,mg
1876,Kex rån m. chokladfyllning,Fettsyra 4:0-10:0,Godis som innehåller choklad,0.6,g
1876,Kex rån m. chokladfyllning,DHA (C22:6),Godis som innehåller choklad,0.0,g
1876,Kex rån m. chokladfyllning,DPA (C22:5),Godis som innehåller choklad,0.0,g
1876,Kex rån m. chokladfyllning,EPA (C20:5),Godis som innehåller choklad,0.0,g
1876,Kex rån m. chokladfyllning,Arakidonsyra C20:4,Godis som innehåller choklad,0.0,g
1876,Kex rån m. chokladfyllning,Arakidinsyra C20:0,Godis som innehåller choklad,0.1,g
1876,Kex rån m. chokladfyllning,Linolensyra C18:3,Godis som innehåller choklad,0.0,g
1876,Kex rån m. chokladfyllning,Linolsyra C18:2,Godis som innehåller choklad,0.8,g
1876,Kex rån m. chokladfyllning,Oljesyra C18:1,Godis som innehåller choklad,6.0,g
1876,Kex rån m. chokladfyllning,Stearinsyra C18:0,Godis som innehåller choklad,4.7,g
1876,Kex rån m. chokladfyllning,Palmitoljesyra C16:1,Godis som innehåller choklad,0.0,g
1876,Kex rån m. chokladfyllning,Palmitinsyra C16:0,Godis som innehåller choklad,6.8,g
1876,Kex rån m. chokladfyllning,Myristinsyra C14:0,Godis som innehåller choklad,1.2,g
1876,Kex rån m. chokladfyllning,Laurinsyra C12:0,Godis som innehåller choklad,3.1,g
1876,Kex rån m. chokladfyllning,Betakaroten/β-Karoten,Godis som innehåller choklad,9.0,µg
1876,Kex rån m. chokladfyllning,Avfall (skal etc.),Godis som innehåller choklad,0.0,%
1876,Kex rån m. chokladfyllning,Aska,Godis som innehåller choklad,2.1,g
1876,Kex rån m. chokladfyllning,Alkohol,Godis som innehåller choklad,0.0,g
1877,Fruktkola,"Zink, Zn",Godis ej choklad,0.0,mg
1877,Fruktkola,Vitamin E,Godis ej choklad,0.0,mg
1877,Fruktkola,Vitamin D inkl 25-OH-D3,Godis ej choklad,0.0,µg
1877,Fruktkola,Vitamin D,Godis ej choklad,0.0,µg
1877,Fruktkola,Vitamin C,Godis ej choklad,0.0,mg
1877,Fruktkola,Vitamin B6,Godis ej choklad,0.0,mg
1877,Fruktkola,Vitamin B12,Godis ej choklad,0.0,µg
1877,Fruktkola,Vitamin A,Godis ej choklad,0.0,RE/µg
1877,Fruktkola,Vatten,Godis ej choklad,3.0,g
1877,Fruktkola,Tiamin,Godis ej choklad,0.0,mg
1877,Fruktkola,Tillsatt socker,Godis ej choklad,57.0,g
1877,Fruktkola,Fritt socker,Godis ej choklad,57.0,g
1877,Fruktkola,"Selen, Se",Godis ej choklad,0.0,µg
1877,Fruktkola,Sackaros,Godis ej choklad,31.3,g
1877,Fruktkola,Riboflavin,Godis ej choklad,0.0,mg
1877,Fruktkola,Retinol,Godis ej choklad,0.0,µg
1877,Fruktkola,Protein,Godis ej choklad,0.7,g
1877,Fruktkola,Summa fleromättade fettsyror,Godis ej choklad,0.0,g
1877,Fruktkola,"Fosfor, P",Godis ej choklad,3.0,mg
1877,Fruktkola,Niacinekvivalenter,Godis ej choklad,0.1,NE/mg
1877,Fruktkola,Niacin,Godis ej choklad,0.0,mg
1877,Fruktkola,"Salt, NaCl",Godis ej choklad,0.0,g
1877,Fruktkola,"Natrium, Na",Godis ej choklad,7.0,mg
1877,Fruktkola,Monosackarider,Godis ej choklad,20.4,g
1877,Fruktkola,"Sockerarter, totalt",Godis ej choklad,57.1,g
1877,Fruktkola,Summa enkelomättade fettsyror,Godis ej choklad,0.0,g
1877,Fruktkola,"Magnesium, Mg",Godis ej choklad,1.0,mg
1877,Fruktkola,Summa mättade fettsyror,Godis ej choklad,0.0,g
1877,Fruktkola,"Kolhydrater, tillgängliga",Godis ej choklad,96.3,g
1877,Fruktkola,Kolesterol,Godis ej choklad,0.0,mg
1877,Fruktkola,"Kalium, K",Godis ej choklad,2.0,mg
1877,Fruktkola,"Jod, I",Godis ej choklad,2.0,µg
1877,Fruktkola,Fullkorn totalt,Godis ej choklad,0.0,g
1877,Fruktkola,"Folat, totalt",Godis ej choklad,0.0,µg
1877,Fruktkola,Fibrer,Godis ej choklad,0.0,g
1877,Fruktkola,"Fett, totalt",Godis ej choklad,0.0,g
1877,Fruktkola,"Järn, Fe",Godis ej choklad,0.1,mg
1877,Fruktkola,Energi (kJ),Godis ej choklad,1649.0,kJ
1877,Fruktkola,Energi (kcal),Godis ej choklad,394.0,kcal
1877,Fruktkola,Disackarider,Godis ej choklad,36.7,g
1877,Fruktkola,"Kalcium, Ca",Godis ej choklad,2.0,mg
1877,Fruktkola,Fettsyra 4:0-10:0,Godis ej choklad,0.0,g
1877,Fruktkola,DHA (C22:6),Godis ej choklad,0.0,g
1877,Fruktkola,DPA (C22:5),Godis ej choklad,0.0,g
1877,Fruktkola,EPA (C20:5),Godis ej choklad,0.0,g
1877,Fruktkola,Arakidonsyra C20:4,Godis ej choklad,0.0,g
1877,Fruktkola,Arakidinsyra C20:0,Godis ej choklad,0.0,g
1877,Fruktkola,Linolensyra C18:3,Godis ej choklad,0.0,g
1877,Fruktkola,Linolsyra C18:2,Godis ej choklad,0.0,g
1877,Fruktkola,Oljesyra C18:1,Godis ej choklad,0.0,g
1877,Fruktkola,Stearinsyra C18:0,Godis ej choklad,0.0,g
1877,Fruktkola,Palmitoljesyra C16:1,Godis ej choklad,0.0,g
1877,Fruktkola,Palmitinsyra C16:0,Godis ej choklad,0.0,g
1877,Fruktkola,Myristinsyra C14:0,Godis ej choklad,0.0,g
1877,Fruktkola,Laurinsyra C12:0,Godis ej choklad,0.0,g
1877,Fruktkola,Betakaroten/β-Karoten,Godis ej choklad,0.0,µg
1877,Fruktkola,Avfall (skal etc.),Godis ej choklad,0.0,%
1877,Fruktkola,Aska,Godis ej choklad,0.0,g
1877,Fruktkola,Alkohol,Godis ej choklad,0.0,g
1879,Skumboll m. chokladöverdrag kokos,"Zink, Zn",Bullar kakor tårtor mm,0.5,mg
1879,Skumboll m. chokladöverdrag kokos,Vitamin E,Bullar kakor tårtor mm,0.1,mg
1879,Skumboll m. chokladöverdrag kokos,Vitamin D inkl 25-OH-D3,Bullar kakor tårtor mm,0.0,µg
1879,Skumboll m. chokladöverdrag kokos,Vitamin D,Bullar kakor tårtor mm,0.0,µg
1879,Skumboll m. chokladöverdrag kokos,Vitamin C,Bullar kakor tårtor mm,0.0,mg
1879,Skumboll m. chokladöverdrag kokos,Vitamin B6,Bullar kakor tårtor mm,0.02,mg
1879,Skumboll m. chokladöverdrag kokos,Vitamin B12,Bullar kakor tårtor mm,0.0,µg
1879,Skumboll m. chokladöverdrag kokos,Vitamin A,Bullar kakor tårtor mm,15.8,RE/µg
1879,Skumboll m. chokladöverdrag kokos,Vatten,Bullar kakor tårtor mm,21.0,g
1879,Skumboll m. chokladöverdrag kokos,Tiamin,Bullar kakor tårtor mm,0.03,mg
1879,Skumboll m. chokladöverdrag kokos,Tillsatt socker,Bullar kakor tårtor mm,31.0,g
1879,Skumboll m. chokladöverdrag kokos,Fritt socker,Bullar kakor tårtor mm,31.0,g
1879,Skumboll m. chokladöverdrag kokos,"Selen, Se",Bullar kakor tårtor mm,0.5,µg
1879,Skumboll m. chokladöverdrag kokos,Sackaros,Bullar kakor tårtor mm,23.1,g
1879,Skumboll m. chokladöverdrag kokos,Riboflavin,Bullar kakor tårtor mm,0.08,mg
1879,Skumboll m. chokladöverdrag kokos,Retinol,Bullar kakor tårtor mm,15.0,µg
1879,Skumboll m. chokladöverdrag kokos,Protein,Bullar kakor tårtor mm,5.0,g
1879,Skumboll m. chokladöverdrag kokos,Summa fleromättade fettsyror,Bullar kakor tårtor mm,0.6,g
1879,Skumboll m. chokladöverdrag kokos,"Fosfor, P",Bullar kakor tårtor mm,97.0,mg
1879,Skumboll m. chokladöverdrag kokos,Niacinekvivalenter,Bullar kakor tårtor mm,1.64,NE/mg
1879,Skumboll m. chokladöverdrag kokos,Niacin,Bullar kakor tårtor mm,0.81,mg
1879,Skumboll m. chokladöverdrag kokos,"Salt, NaCl",Bullar kakor tårtor mm,0.4,g
1879,Skumboll m. chokladöverdrag kokos,"Natrium, Na",Bullar kakor tårtor mm,146.0,mg
1879,Skumboll m. chokladöverdrag kokos,Monosackarider,Bullar kakor tårtor mm,4.1,g
1879,Skumboll m. chokladöverdrag kokos,"Sockerarter, totalt",Bullar kakor tårtor mm,30.9,g
1879,Skumboll m. chokladöverdrag kokos,Summa enkelomättade fettsyror,Bullar kakor tårtor mm,6.4,g
1879,Skumboll m. chokladöverdrag kokos,"Magnesium, Mg",Bullar kakor tårtor mm,22.0,mg
1879,Skumboll m. chokladöverdrag kokos,Summa mättade fettsyror,Bullar kakor tårtor mm,11.8,g
1879,Skumboll m. chokladöverdrag kokos,"Kolhydrater, tillgängliga",Bullar kakor tårtor mm,52.6,g
1879,Skumboll m. chokladöverdrag kokos,Kolesterol,Bullar kakor tårtor mm,2.0,mg
1879,Skumboll m. chokladöverdrag kokos,"Kalium, K",Bullar kakor tårtor mm,132.0,mg
1879,Skumboll m. chokladöverdrag kokos,"Jod, I",Bullar kakor tårtor mm,6.0,µg
1879,Skumboll m. chokladöverdrag kokos,Fullkorn totalt,Bullar kakor tårtor mm,0.0,g
1879,Skumboll m. chokladöverdrag kokos,"Folat, totalt",Bullar kakor tårtor mm,0.0,µg
1879,Skumboll m. chokladöverdrag kokos,Fibrer,Bullar kakor tårtor mm,0.4,g
1879,Skumboll m. chokladöverdrag kokos,"Fett, totalt",Bullar kakor tårtor mm,20.0,g
1879,Skumboll m. chokladöverdrag kokos,"Järn, Fe",Bullar kakor tårtor mm,1.4,mg
1879,Skumboll m. chokladöverdrag kokos,Energi (kJ),Bullar kakor tårtor mm,1722.0,kJ
1879,Skumboll m. chokladöverdrag kokos,Energi (kcal),Bullar kakor tårtor mm,412.0,kcal
1879,Skumboll m. chokladöverdrag kokos,Disackarider,Bullar kakor tårtor mm,26.8,g
1879,Skumboll m. chokladöverdrag kokos,"Kalcium, Ca",Bullar kakor tårtor mm,81.0,mg
1879,Skumboll m. chokladöverdrag kokos,Fettsyra 4:0-10:0,Bullar kakor tårtor mm,0.0,g
1879,Skumboll m. chokladöverdrag kokos,DHA (C22:6),Bullar kakor tårtor mm,0.0,g
1879,Skumboll m. chokladöverdrag kokos,DPA (C22:5),Bullar kakor tårtor mm,0.0,g
1879,Skumboll m. chokladöverdrag kokos,EPA (C20:5),Bullar kakor tårtor mm,0.0,g
1879,Skumboll m. chokladöverdrag kokos,Arakidonsyra C20:4,Bullar kakor tårtor mm,0.0,g
1879,Skumboll m. chokladöverdrag kokos,Arakidinsyra C20:0,Bullar kakor tårtor mm,0.1,g
1879,Skumboll m. chokladöverdrag kokos,Linolensyra C18:3,Bullar kakor tårtor mm,0.6,g
1879,Skumboll m. chokladöverdrag kokos,Linolsyra C18:2,Bullar kakor tårtor mm,0.0,g
1879,Skumboll m. chokladöverdrag kokos,Oljesyra C18:1,Bullar kakor tårtor mm,6.4,g
1879,Skumboll m. chokladöverdrag kokos,Stearinsyra C18:0,Bullar kakor tårtor mm,6.2,g
1879,Skumboll m. chokladöverdrag kokos,Palmitoljesyra C16:1,Bullar kakor tårtor mm,0.0,g
1879,Skumboll m. chokladöverdrag kokos,Palmitinsyra C16:0,Bullar kakor tårtor mm,5.1,g
1879,Skumboll m. chokladöverdrag kokos,Myristinsyra C14:0,Bullar kakor tårtor mm,0.3,g
1879,Skumboll m. chokladöverdrag kokos,Laurinsyra C12:0,Bullar kakor tårtor mm,0.1,g
1879,Skumboll m. chokladöverdrag kokos,Betakaroten/β-Karoten,Bullar kakor tårtor mm,9.0,µg
1879,Skumboll m. chokladöverdrag kokos,Avfall (skal etc.),Bullar kakor tårtor mm,0.0,%
1879,Skumboll m. chokladöverdrag kokos,Aska,Bullar kakor tårtor mm,1.0,g
1879,Skumboll m. chokladöverdrag kokos,Alkohol,Bullar kakor tårtor mm,0.0,g
1880,Skumboll m. chokladöverdrag,"Zink, Zn",Bullar kakor tårtor mm,0.5,mg
1880,Skumboll m. chokladöverdrag,Vitamin E,Bullar kakor tårtor mm,0.2,mg
1880,Skumboll m. chokladöverdrag,Vitamin D inkl 25-OH-D3,Bullar kakor tårtor mm,0.0,µg
1880,Skumboll m. chokladöverdrag,Vitamin D,Bullar kakor tårtor mm,0.0,µg
1880,Skumboll m. chokladöverdrag,Vitamin C,Bullar kakor tårtor mm,0.0,mg
1880,Skumboll m. chokladöverdrag,Vitamin B6,Bullar kakor tårtor mm,0.02,mg
1880,Skumboll m. chokladöverdrag,Vitamin B12,Bullar kakor tårtor mm,0.0,µg
1880,Skumboll m. chokladöverdrag,Vitamin A,Bullar kakor tårtor mm,337.1,RE/µg
1880,Skumboll m. chokladöverdrag,Vatten,Bullar kakor tårtor mm,19.0,g
1880,Skumboll m. chokladöverdrag,Tiamin,Bullar kakor tårtor mm,0.03,mg
1880,Skumboll m. chokladöverdrag,Tillsatt socker,Bullar kakor tårtor mm,35.0,g
1880,Skumboll m. chokladöverdrag,Fritt socker,Bullar kakor tårtor mm,35.0,g
1880,Skumboll m. chokladöverdrag,"Selen, Se",Bullar kakor tårtor mm,0.5,µg
1880,Skumboll m. chokladöverdrag,Sackaros,Bullar kakor tårtor mm,26.1,g
1880,Skumboll m. chokladöverdrag,Riboflavin,Bullar kakor tårtor mm,0.08,mg
1880,Skumboll m. chokladöverdrag,Retinol,Bullar kakor tårtor mm,321.0,µg
1880,Skumboll m. chokladöverdrag,Protein,Bullar kakor tårtor mm,5.0,g
1880,Skumboll m. chokladöverdrag,Summa fleromättade fettsyror,Bullar kakor tårtor mm,1.4,g
1880,Skumboll m. chokladöverdrag,"Fosfor, P",Bullar kakor tårtor mm,97.0,mg
1880,Skumboll m. chokladöverdrag,Niacinekvivalenter,Bullar kakor tårtor mm,1.64,NE/mg
1880,Skumboll m. chokladöverdrag,Niacin,Bullar kakor tårtor mm,0.81,mg
1880,Skumboll m. chokladöverdrag,"Salt, NaCl",Bullar kakor tårtor mm,0.4,g
1880,Skumboll m. chokladöverdrag,"Natrium, Na",Bullar kakor tårtor mm,146.0,mg
1880,Skumboll m. chokladöverdrag,Monosackarider,Bullar kakor tårtor mm,4.6,g
1880,Skumboll m. chokladöverdrag,"Sockerarter, totalt",Bullar kakor tårtor mm,39.0,g
1880,Skumboll m. chokladöverdrag,Summa enkelomättade fettsyror,Bullar kakor tårtor mm,4.1,g
1880,Skumboll m. chokladöverdrag,"Magnesium, Mg",Bullar kakor tårtor mm,22.0,mg
1880,Skumboll m. chokladöverdrag,Summa mättade fettsyror,Bullar kakor tårtor mm,8.6,g
1880,Skumboll m. chokladöverdrag,"Kolhydrater, tillgängliga",Bullar kakor tårtor mm,59.6,g
1880,Skumboll m. chokladöverdrag,Kolesterol,Bullar kakor tårtor mm,2.0,mg
1880,Skumboll m. chokladöverdrag,"Kalium, K",Bullar kakor tårtor mm,132.0,mg
1880,Skumboll m. chokladöverdrag,"Jod, I",Bullar kakor tårtor mm,6.0,µg
1880,Skumboll m. chokladöverdrag,Fullkorn totalt,Bullar kakor tårtor mm,0.0,g
1880,Skumboll m. chokladöverdrag,"Folat, totalt",Bullar kakor tårtor mm,3.3,µg
1880,Skumboll m. chokladöverdrag,Fibrer,Bullar kakor tårtor mm,0.4,g
1880,Skumboll m. chokladöverdrag,"Fett, totalt",Bullar kakor tårtor mm,15.0,g
1880,Skumboll m. chokladöverdrag,"Järn, Fe",Bullar kakor tårtor mm,1.4,mg
1880,Skumboll m. chokladöverdrag,Energi (kJ),Bullar kakor tårtor mm,1656.0,kJ
1880,Skumboll m. chokladöverdrag,Energi (kcal),Bullar kakor tårtor mm,396.0,kcal
1880,Skumboll m. chokladöverdrag,Disackarider,Bullar kakor tårtor mm,34.4,g
1880,Skumboll m. chokladöverdrag,"Kalcium, Ca",Bullar kakor tårtor mm,81.0,mg
1880,Skumboll m. chokladöverdrag,Fettsyra 4:0-10:0,Bullar kakor tårtor mm,0.4,g
1880,Skumboll m. chokladöverdrag,DHA (C22:6),Bullar kakor tårtor mm,0.0,g
1880,Skumboll m. chokladöverdrag,DPA (C22:5),Bullar kakor tårtor mm,0.0,g
1880,Skumboll m. chokladöverdrag,EPA (C20:5),Bullar kakor tårtor mm,0.0,g
1880,Skumboll m. chokladöverdrag,Arakidonsyra C20:4,Bullar kakor tårtor mm,0.0,g
1880,Skumboll m. chokladöverdrag,Arakidinsyra C20:0,Bullar kakor tårtor mm,0.1,g
1880,Skumboll m. chokladöverdrag,Linolensyra C18:3,Bullar kakor tårtor mm,0.2,g
1880,Skumboll m. chokladöverdrag,Linolsyra C18:2,Bullar kakor tårtor mm,1.2,g
1880,Skumboll m. chokladöverdrag,Oljesyra C18:1,Bullar kakor tårtor mm,4.0,g
1880,Skumboll m. chokladöverdrag,Stearinsyra C18:0,Bullar kakor tårtor mm,3.0,g
1880,Skumboll m. chokladöverdrag,Palmitoljesyra C16:1,Bullar kakor tårtor mm,0.1,g
1880,Skumboll m. chokladöverdrag,Palmitinsyra C16:0,Bullar kakor tårtor mm,3.3,g
1880,Skumboll m. chokladöverdrag,Myristinsyra C14:0,Bullar kakor tårtor mm,0.7,g
1880,Skumboll m. chokladöverdrag,Laurinsyra C12:0,Bullar kakor tårtor mm,1.1,g
1880,Skumboll m. chokladöverdrag,Betakaroten/β-Karoten,Bullar kakor tårtor mm,193.0,µg
1880,Skumboll m. chokladöverdrag,Avfall (skal etc.),Bullar kakor tårtor mm,0.0,%
1880,Skumboll m. chokladöverdrag,Aska,Bullar kakor tårtor mm,1.0,g
1880,Skumboll m. chokladöverdrag,Alkohol,Bullar kakor tårtor mm,0.0,g
1881,Bar energibar m. choklad nötter,"Zink, Zn",Frukt o nötblandningar bars,1.4,mg
1881,Bar energibar m. choklad nötter,Vitamin E,Frukt o nötblandningar bars,1.3,mg
1881,Bar energibar m. choklad nötter,Vitamin D,Frukt o nötblandningar bars,0.42,µg
1881,Bar energibar m. choklad nötter,Vitamin C,Frukt o nötblandningar bars,0.0,mg
1881,Bar energibar m. choklad nötter,Vitamin B6,Frukt o nötblandningar bars,0.11,mg
1881,Bar energibar m. choklad nötter,Vitamin B12,Frukt o nötblandningar bars,0.14,µg
1881,Bar energibar m. choklad nötter,Vitamin A,Frukt o nötblandningar bars,0.5,RE/µg
1881,Bar energibar m. choklad nötter,Vatten,Frukt o nötblandningar bars,6.3,g
1881,Bar energibar m. choklad nötter,Tiamin,Frukt o nötblandningar bars,0.2,mg
1881,Bar energibar m. choklad nötter,Tillsatt socker,Frukt o nötblandningar bars,33.0,g
1881,Bar energibar m. choklad nötter,Fritt socker,Frukt o nötblandningar bars,33.0,g
1881,Bar energibar m. choklad nötter,"Selen, Se",Frukt o nötblandningar bars,4.0,µg
1881,Bar energibar m. choklad nötter,Sackaros,Frukt o nötblandningar bars,11.8,g
1881,Bar energibar m. choklad nötter,Riboflavin,Frukt o nötblandningar bars,0.07,mg
1881,Bar energibar m. choklad nötter,Retinol,Frukt o nötblandningar bars,0.0,µg
1881,Bar energibar m. choklad nötter,Protein,Frukt o nötblandningar bars,7.1,g
1881,Bar energibar m. choklad nötter,Summa fleromättade fettsyror,Frukt o nötblandningar bars,1.4,g
1881,Bar energibar m. choklad nötter,"Fosfor, P",Frukt o nötblandningar bars,203.0,mg
1881,Bar energibar m. choklad nötter,Niacinekvivalenter,Frukt o nötblandningar bars,2.0,NE/mg
1881,Bar energibar m. choklad nötter,Niacin,Frukt o nötblandningar bars,0.8,mg
1881,Bar energibar m. choklad nötter,"Salt, NaCl",Frukt o nötblandningar bars,0.4,g
1881,Bar energibar m. choklad nötter,"Natrium, Na",Frukt o nötblandningar bars,161.0,mg
1881,Bar energibar m. choklad nötter,Monosackarider,Frukt o nötblandningar bars,19.2,g
1881,Bar energibar m. choklad nötter,"Sockerarter, totalt",Frukt o nötblandningar bars,33.5,g
1881,Bar energibar m. choklad nötter,Summa enkelomättade fettsyror,Frukt o nötblandningar bars,3.4,g
1881,Bar energibar m. choklad nötter,"Magnesium, Mg",Frukt o nötblandningar bars,65.0,mg
1881,Bar energibar m. choklad nötter,Summa mättade fettsyror,Frukt o nötblandningar bars,5.9,g
1881,Bar energibar m. choklad nötter,"Kolhydrater, tillgängliga",Frukt o nötblandningar bars,69.6,g
1881,Bar energibar m. choklad nötter,Kolesterol,Frukt o nötblandningar bars,0.0,mg
1881,Bar energibar m. choklad nötter,"Kalium, K",Frukt o nötblandningar bars,244.0,mg
1881,Bar energibar m. choklad nötter,"Jod, I",Frukt o nötblandningar bars,5.0,µg
1881,Bar energibar m. choklad nötter,Fullkorn totalt,Frukt o nötblandningar bars,0.0,g
1881,Bar energibar m. choklad nötter,"Folat, totalt",Frukt o nötblandningar bars,22.5,µg
1881,Bar energibar m. choklad nötter,Fibrer,Frukt o nötblandningar bars,4.5,g
1881,Bar energibar m. choklad nötter,"Fett, totalt",Frukt o nötblandningar bars,11.2,g
1881,Bar energibar m. choklad nötter,"Järn, Fe",Frukt o nötblandningar bars,2.9,mg
1881,Bar energibar m. choklad nötter,Energi (kJ),Frukt o nötblandningar bars,1753.0,kJ
1881,Bar energibar m. choklad nötter,Energi (kcal),Frukt o nötblandningar bars,419.0,kcal
1881,Bar energibar m. choklad nötter,Disackarider,Frukt o nötblandningar bars,14.3,g
1881,Bar energibar m. choklad nötter,"Kalcium, Ca",Frukt o nötblandningar bars,35.0,mg
1881,Bar energibar m. choklad nötter,Fettsyra 4:0-10:0,Frukt o nötblandningar bars,0.6,g
1881,Bar energibar m. choklad nötter,DHA (C22:6),Frukt o nötblandningar bars,0.0,g
1881,Bar energibar m. choklad nötter,DPA (C22:5),Frukt o nötblandningar bars,0.0,g
1881,Bar energibar m. choklad nötter,EPA (C20:5),Frukt o nötblandningar bars,0.0,g
1881,Bar energibar m. choklad nötter,Arakidonsyra C20:4,Frukt o nötblandningar bars,0.0,g
1881,Bar energibar m. choklad nötter,Arakidinsyra C20:0,Frukt o nötblandningar bars,0.0,g
1881,Bar energibar m. choklad nötter,Linolensyra C18:3,Frukt o nötblandningar bars,0.0,g
1881,Bar energibar m. choklad nötter,Linolsyra C18:2,Frukt o nötblandningar bars,1.3,g
1881,Bar energibar m. choklad nötter,Oljesyra C18:1,Frukt o nötblandningar bars,3.3,g
1881,Bar energibar m. choklad nötter,Stearinsyra C18:0,Frukt o nötblandningar bars,1.5,g
1881,Bar energibar m. choklad nötter,Palmitoljesyra C16:1,Frukt o nötblandningar bars,0.0,g
1881,Bar energibar m. choklad nötter,Palmitinsyra C16:0,Frukt o nötblandningar bars,1.6,g
1881,Bar energibar m. choklad nötter,Myristinsyra C14:0,Frukt o nötblandningar bars,0.6,g
1881,Bar energibar m. choklad nötter,Laurinsyra C12:0,Frukt o nötblandningar bars,1.6,g
1881,Bar energibar m. choklad nötter,Betakaroten/β-Karoten,Frukt o nötblandningar bars,3.0,µg
1881,Bar energibar m. choklad nötter,Avfall (skal etc.),Frukt o nötblandningar bars,0.0,%
1881,Bar energibar m. choklad nötter,Aska,Frukt o nötblandningar bars,1.3,g
1881,Bar energibar m. choklad nötter,Alkohol,Frukt o nötblandningar bars,0.0,g
1882,Karameller sockerfria,"Zink, Zn",Sockerfritt godis,0.1,mg
1882,Karameller sockerfria,Vitamin E,Sockerfritt godis,0.0,mg
1882,Karameller sockerfria,Vitamin D inkl 25-OH-D3,Sockerfritt godis,0.0,µg
1882,Karameller sockerfria,Vitamin D,Sockerfritt godis,0.0,µg
1882,Karameller sockerfria,Vitamin C,Sockerfritt godis,0.0,mg
1882,Karameller sockerfria,Vitamin B6,Sockerfritt godis,0.0,mg
1882,Karameller sockerfria,Vitamin B12,Sockerfritt godis,0.0,µg
1882,Karameller sockerfria,Vitamin A,Sockerfritt godis,0.0,RE/µg
1882,Karameller sockerfria,Vatten,Sockerfritt godis,26.7,g
1882,Karameller sockerfria,Tiamin,Sockerfritt godis,0.0,mg
1882,Karameller sockerfria,Tillsatt socker,Sockerfritt godis,0.0,g
1882,Karameller sockerfria,Fritt socker,Sockerfritt godis,0.0,g
1882,Karameller sockerfria,"Selen, Se",Sockerfritt godis,0.0,µg
1882,Karameller sockerfria,Sackaros,Sockerfritt godis,0.0,g
1882,Karameller sockerfria,Riboflavin,Sockerfritt godis,0.0,mg
1882,Karameller sockerfria,Retinol,Sockerfritt godis,0.0,µg
1882,Karameller sockerfria,Protein,Sockerfritt godis,6.1,g
1882,Karameller sockerfria,Summa fleromättade fettsyror,Sockerfritt godis,0.0,g
1882,Karameller sockerfria,"Fosfor, P",Sockerfritt godis,100.0,mg
1882,Karameller sockerfria,Niacinekvivalenter,Sockerfritt godis,1.02,NE/mg
1882,Karameller sockerfria,Niacin,Sockerfritt godis,0.0,mg
1882,Karameller sockerfria,"Salt, NaCl",Sockerfritt godis,0.6,g
1882,Karameller sockerfria,"Natrium, Na",Sockerfritt godis,250.0,mg
1882,Karameller sockerfria,Monosackarider,Sockerfritt godis,0.0,g
1882,Karameller sockerfria,"Sockerarter, totalt",Sockerfritt godis,2.1,g
1882,Karameller sockerfria,Summa enkelomättade fettsyror,Sockerfritt godis,0.0,g
1882,Karameller sockerfria,"Magnesium, Mg",Sockerfritt godis,29.0,mg
1882,Karameller sockerfria,Summa mättade fettsyror,Sockerfritt godis,0.0,g
1882,Karameller sockerfria,"Kolhydrater, tillgängliga",Sockerfritt godis,5.6,g
1882,Karameller sockerfria,Kolesterol,Sockerfritt godis,0.0,mg
1882,Karameller sockerfria,"Kalium, K",Sockerfritt godis,210.0,mg
1882,Karameller sockerfria,"Jod, I",Sockerfritt godis,0.0,µg
1882,Karameller sockerfria,Fullkorn totalt,Sockerfritt godis,0.0,g
1882,Karameller sockerfria,"Folat, totalt",Sockerfritt godis,0.0,µg
1882,Karameller sockerfria,Fibrer,Sockerfritt godis,61.0,g
1882,Karameller sockerfria,"Fett, totalt",Sockerfritt godis,0.5,g
1882,Karameller sockerfria,"Järn, Fe",Sockerfritt godis,1.1,mg
1882,Karameller sockerfria,Energi (kJ),Sockerfritt godis,705.0,kJ
1882,Karameller sockerfria,Energi (kcal),Sockerfritt godis,169.0,kcal
1882,Karameller sockerfria,Disackarider,Sockerfritt godis,2.1,g
1882,Karameller sockerfria,"Kalcium, Ca",Sockerfritt godis,89.0,mg
1882,Karameller sockerfria,Fettsyra 4:0-10:0,Sockerfritt godis,0.0,g
1882,Karameller sockerfria,DHA (C22:6),Sockerfritt godis,0.0,g
1882,Karameller sockerfria,DPA (C22:5),Sockerfritt godis,0.0,g
1882,Karameller sockerfria,EPA (C20:5),Sockerfritt godis,0.0,g
1882,Karameller sockerfria,Arakidonsyra C20:4,Sockerfritt godis,0.0,g
1882,Karameller sockerfria,Arakidinsyra C20:0,Sockerfritt godis,0.0,g
1882,Karameller sockerfria,Linolensyra C18:3,Sockerfritt godis,0.0,g
1882,Karameller sockerfria,Linolsyra C18:2,Sockerfritt godis,0.0,g
1882,Karameller sockerfria,Oljesyra C18:1,Sockerfritt godis,0.0,g
1882,Karameller sockerfria,Stearinsyra C18:0,Sockerfritt godis,0.0,g
1882,Karameller sockerfria,Palmitoljesyra C16:1,Sockerfritt godis,0.0,g
1882,Karameller sockerfria,Palmitinsyra C16:0,Sockerfritt godis,0.0,g
1882,Karameller sockerfria,Myristinsyra C14:0,Sockerfritt godis,0.0,g
1882,Karameller sockerfria,Laurinsyra C12:0,Sockerfritt godis,0.0,g
1882,Karameller sockerfria,Betakaroten/β-Karoten,Sockerfritt godis,0.0,µg
1882,Karameller sockerfria,Avfall (skal etc.),Sockerfritt godis,0.0,%
1882,Karameller sockerfria,Aska,Sockerfritt godis,0.1,g
1882,Karameller sockerfria,Alkohol,Sockerfritt godis,0.0,g
1884,Tuggummi sockerfritt,"Zink, Zn",Tuggummi,0.1,mg
1884,Tuggummi sockerfritt,Vitamin E,Tuggummi,0.0,mg
1884,Tuggummi sockerfritt,Vitamin D inkl 25-OH-D3,Tuggummi,0.0,µg
1884,Tuggummi sockerfritt,Vitamin D,Tuggummi,0.0,µg
1884,Tuggummi sockerfritt,Vitamin C,Tuggummi,0.0,mg
1884,Tuggummi sockerfritt,Vitamin B6,Tuggummi,0.0,mg
1884,Tuggummi sockerfritt,Vitamin B12,Tuggummi,0.0,µg
1884,Tuggummi sockerfritt,Vitamin A,Tuggummi,0.0,RE/µg
1884,Tuggummi sockerfritt,Vatten,Tuggummi,3.5,g
1884,Tuggummi sockerfritt,Tiamin,Tuggummi,0.0,mg
1884,Tuggummi sockerfritt,Tillsatt socker,Tuggummi,0.0,g
1884,Tuggummi sockerfritt,Fritt socker,Tuggummi,0.0,g
1884,Tuggummi sockerfritt,"Selen, Se",Tuggummi,0.0,µg
1884,Tuggummi sockerfritt,Sackaros,Tuggummi,0.0,g
1884,Tuggummi sockerfritt,Riboflavin,Tuggummi,0.0,mg
1884,Tuggummi sockerfritt,Retinol,Tuggummi,0.0,µg
1884,Tuggummi sockerfritt,Protein,Tuggummi,0.6,g
1884,Tuggummi sockerfritt,Summa fleromättade fettsyror,Tuggummi,0.0,g
1884,Tuggummi sockerfritt,"Fosfor, P",Tuggummi,4.0,mg
1884,Tuggummi sockerfritt,Niacinekvivalenter,Tuggummi,0.1,NE/mg
1884,Tuggummi sockerfritt,Niacin,Tuggummi,0.0,mg
1884,Tuggummi sockerfritt,"Salt, NaCl",Tuggummi,0.3,g
1884,Tuggummi sockerfritt,"Natrium, Na",Tuggummi,102.0,mg
1884,Tuggummi sockerfritt,Monosackarider,Tuggummi,0.0,g
1884,Tuggummi sockerfritt,"Sockerarter, totalt",Tuggummi,0.0,g
1884,Tuggummi sockerfritt,Summa enkelomättade fettsyror,Tuggummi,0.0,g
1884,Tuggummi sockerfritt,"Magnesium, Mg",Tuggummi,186.0,mg
1884,Tuggummi sockerfritt,Summa mättade fettsyror,Tuggummi,0.0,g
1884,Tuggummi sockerfritt,"Kolhydrater, tillgängliga",Tuggummi,86.1,g
1884,Tuggummi sockerfritt,Kolesterol,Tuggummi,0.0,mg
1884,Tuggummi sockerfritt,"Kalium, K",Tuggummi,87.0,mg
1884,Tuggummi sockerfritt,"Jod, I",Tuggummi,0.2,µg
1884,Tuggummi sockerfritt,Fullkorn totalt,Tuggummi,0.0,g
1884,Tuggummi sockerfritt,"Folat, totalt",Tuggummi,0.0,µg
1884,Tuggummi sockerfritt,Fibrer,Tuggummi,0.0,g
1884,Tuggummi sockerfritt,"Fett, totalt",Tuggummi,0.0,g
1884,Tuggummi sockerfritt,"Järn, Fe",Tuggummi,10.0,mg
1884,Tuggummi sockerfritt,Energi (kJ),Tuggummi,640.0,kJ
1884,Tuggummi sockerfritt,Energi (kcal),Tuggummi,153.0,kcal
1884,Tuggummi sockerfritt,Disackarider,Tuggummi,0.0,g
1884,Tuggummi sockerfritt,"Kalcium, Ca",Tuggummi,2355.0,mg
1884,Tuggummi sockerfritt,Fettsyra 4:0-10:0,Tuggummi,0.0,g
1884,Tuggummi sockerfritt,DHA (C22:6),Tuggummi,0.0,g
1884,Tuggummi sockerfritt,DPA (C22:5),Tuggummi,0.0,g
1884,Tuggummi sockerfritt,EPA (C20:5),Tuggummi,0.0,g
1884,Tuggummi sockerfritt,Arakidonsyra C20:4,Tuggummi,0.0,g
1884,Tuggummi sockerfritt,Arakidinsyra C20:0,Tuggummi,0.0,g
1884,Tuggummi sockerfritt,Linolensyra C18:3,Tuggummi,0.0,g
1884,Tuggummi sockerfritt,Linolsyra C18:2,Tuggummi,0.0,g
1884,Tuggummi sockerfritt,Oljesyra C18:1,Tuggummi,0.0,g
1884,Tuggummi sockerfritt,Stearinsyra C18:0,Tuggummi,0.0,g
1884,Tuggummi sockerfritt,Palmitoljesyra C16:1,Tuggummi,0.0,g
1884,Tuggummi sockerfritt,Palmitinsyra C16:0,Tuggummi,0.0,g
1884,Tuggummi sockerfritt,Myristinsyra C14:0,Tuggummi,0.0,g
1884,Tuggummi sockerfritt,Laurinsyra C12:0,Tuggummi,0.0,g
1884,Tuggummi sockerfritt,Betakaroten/β-Karoten,Tuggummi,0.0,µg
1884,Tuggummi sockerfritt,Avfall (skal etc.),Tuggummi,0.0,%
1884,Tuggummi sockerfritt,Aska,Tuggummi,9.8,g
1884,Tuggummi sockerfritt,Alkohol,Tuggummi,0.0,g
1886,Kakaopulver fett 20-22%,"Zink, Zn",Kakaoprodukter,6.9,mg
1886,Kakaopulver fett 20-22%,Vitamin E,Kakaoprodukter,0.4,mg
1886,Kakaopulver fett 20-22%,Vitamin D inkl 25-OH-D3,Kakaoprodukter,0.0,µg
1886,Kakaopulver fett 20-22%,Vitamin D,Kakaoprodukter,0.0,µg
1886,Kakaopulver fett 20-22%,Vitamin C,Kakaoprodukter,0.0,mg
1886,Kakaopulver fett 20-22%,Vitamin B6,Kakaoprodukter,0.07,mg
1886,Kakaopulver fett 20-22%,Vitamin B12,Kakaoprodukter,0.0,µg
1886,Kakaopulver fett 20-22%,Vitamin A,Kakaoprodukter,3.3,RE/µg
1886,Kakaopulver fett 20-22%,Vatten,Kakaoprodukter,3.1,g
1886,Kakaopulver fett 20-22%,Tiamin,Kakaoprodukter,0.11,mg
1886,Kakaopulver fett 20-22%,Tillsatt socker,Kakaoprodukter,0.0,g
1886,Kakaopulver fett 20-22%,Fritt socker,Kakaoprodukter,0.0,g
1886,Kakaopulver fett 20-22%,"Selen, Se",Kakaoprodukter,1.0,µg
1886,Kakaopulver fett 20-22%,Sackaros,Kakaoprodukter,0.0,g
1886,Kakaopulver fett 20-22%,Riboflavin,Kakaoprodukter,0.15,mg
1886,Kakaopulver fett 20-22%,Retinol,Kakaoprodukter,0.0,µg
1886,Kakaopulver fett 20-22%,Protein,Kakaoprodukter,23.5,g
1886,Kakaopulver fett 20-22%,Summa fleromättade fettsyror,Kakaoprodukter,0.6,g
1886,Kakaopulver fett 20-22%,"Fosfor, P",Kakaoprodukter,660.0,mg
1886,Kakaopulver fett 20-22%,Niacinekvivalenter,Kakaoprodukter,6.02,NE/mg
1886,Kakaopulver fett 20-22%,Niacin,Kakaoprodukter,2.1,mg
1886,Kakaopulver fett 20-22%,"Salt, NaCl",Kakaoprodukter,0.1,g
1886,Kakaopulver fett 20-22%,"Natrium, Na",Kakaoprodukter,35.0,mg
1886,Kakaopulver fett 20-22%,Monosackarider,Kakaoprodukter,0.0,g
1886,Kakaopulver fett 20-22%,"Sockerarter, totalt",Kakaoprodukter,0.0,g
1886,Kakaopulver fett 20-22%,Summa enkelomättade fettsyror,Kakaoprodukter,7.1,g
1886,Kakaopulver fett 20-22%,"Magnesium, Mg",Kakaoprodukter,520.0,mg
1886,Kakaopulver fett 20-22%,Summa mättade fettsyror,Kakaoprodukter,12.6,g
1886,Kakaopulver fett 20-22%,"Kolhydrater, tillgängliga",Kakaoprodukter,10.6,g
1886,Kakaopulver fett 20-22%,Kolesterol,Kakaoprodukter,0.0,mg
1886,Kakaopulver fett 20-22%,"Kalium, K",Kakaoprodukter,3490.0,mg
1886,Kakaopulver fett 20-22%,"Jod, I",Kakaoprodukter,0.0,µg
1886,Kakaopulver fett 20-22%,Fullkorn totalt,Kakaoprodukter,0.0,g
1886,Kakaopulver fett 20-22%,"Folat, totalt",Kakaoprodukter,38.0,µg
1886,Kakaopulver fett 20-22%,Fibrer,Kakaoprodukter,34.0,g
1886,Kakaopulver fett 20-22%,"Fett, totalt",Kakaoprodukter,21.5,g
1886,Kakaopulver fett 20-22%,"Järn, Fe",Kakaoprodukter,11.0,mg
1886,Kakaopulver fett 20-22%,Energi (kJ),Kakaoprodukter,1647.0,kJ
1886,Kakaopulver fett 20-22%,Energi (kcal),Kakaoprodukter,394.0,kcal
1886,Kakaopulver fett 20-22%,Disackarider,Kakaoprodukter,0.0,g
1886,Kakaopulver fett 20-22%,"Kalcium, Ca",Kakaoprodukter,105.0,mg
1886,Kakaopulver fett 20-22%,Fettsyra 4:0-10:0,Kakaoprodukter,0.0,g
1886,Kakaopulver fett 20-22%,DHA (C22:6),Kakaoprodukter,0.0,g
1886,Kakaopulver fett 20-22%,DPA (C22:5),Kakaoprodukter,0.0,g
1886,Kakaopulver fett 20-22%,EPA (C20:5),Kakaoprodukter,0.0,g
1886,Kakaopulver fett 20-22%,Arakidonsyra C20:4,Kakaoprodukter,0.0,g
1886,Kakaopulver fett 20-22%,Arakidinsyra C20:0,Kakaoprodukter,0.2,g
1886,Kakaopulver fett 20-22%,Linolensyra C18:3,Kakaoprodukter,0.0,g
1886,Kakaopulver fett 20-22%,Linolsyra C18:2,Kakaoprodukter,0.6,g
1886,Kakaopulver fett 20-22%,Oljesyra C18:1,Kakaoprodukter,7.1,g
1886,Kakaopulver fett 20-22%,Stearinsyra C18:0,Kakaoprodukter,7.1,g
1886,Kakaopulver fett 20-22%,Palmitoljesyra C16:1,Kakaoprodukter,0.0,g
1886,Kakaopulver fett 20-22%,Palmitinsyra C16:0,Kakaoprodukter,5.4,g
1886,Kakaopulver fett 20-22%,Myristinsyra C14:0,Kakaoprodukter,0.0,g
1886,Kakaopulver fett 20-22%,Laurinsyra C12:0,Kakaoprodukter,0.0,g
1886,Kakaopulver fett 20-22%,Betakaroten/β-Karoten,Kakaoprodukter,40.0,µg
1886,Kakaopulver fett 20-22%,Avfall (skal etc.),Kakaoprodukter,0.0,%
1886,Kakaopulver fett 20-22%,Aska,Kakaoprodukter,7.3,g
1886,Kakaopulver fett 20-22%,Alkohol,Kakaoprodukter,0.0,g
1887,"Chokladdryckspulver m. socker fett 2,5%","Zink, Zn",Kakaoprodukter,1.4,mg
1887,"Chokladdryckspulver m. socker fett 2,5%",Vitamin E,Kakaoprodukter,0.1,mg
1887,"Chokladdryckspulver m. socker fett 2,5%",Vitamin D inkl 25-OH-D3,Kakaoprodukter,0.0,µg
1887,"Chokladdryckspulver m. socker fett 2,5%",Vitamin D,Kakaoprodukter,0.0,µg
1887,"Chokladdryckspulver m. socker fett 2,5%",Vitamin C,Kakaoprodukter,0.0,mg
1887,"Chokladdryckspulver m. socker fett 2,5%",Vitamin B6,Kakaoprodukter,0.0,mg
1887,"Chokladdryckspulver m. socker fett 2,5%",Vitamin B12,Kakaoprodukter,0.0,µg
1887,"Chokladdryckspulver m. socker fett 2,5%",Vitamin A,Kakaoprodukter,0.0,RE/µg
1887,"Chokladdryckspulver m. socker fett 2,5%",Vatten,Kakaoprodukter,2.2,g
1887,"Chokladdryckspulver m. socker fett 2,5%",Tiamin,Kakaoprodukter,0.0,mg
1887,"Chokladdryckspulver m. socker fett 2,5%",Tillsatt socker,Kakaoprodukter,81.0,g
1887,"Chokladdryckspulver m. socker fett 2,5%",Fritt socker,Kakaoprodukter,81.0,g
1887,"Chokladdryckspulver m. socker fett 2,5%","Selen, Se",Kakaoprodukter,1.0,µg
1887,"Chokladdryckspulver m. socker fett 2,5%",Sackaros,Kakaoprodukter,65.4,g
1887,"Chokladdryckspulver m. socker fett 2,5%",Riboflavin,Kakaoprodukter,0.04,mg
1887,"Chokladdryckspulver m. socker fett 2,5%",Retinol,Kakaoprodukter,0.0,µg
1887,"Chokladdryckspulver m. socker fett 2,5%",Protein,Kakaoprodukter,5.1,g
1887,"Chokladdryckspulver m. socker fett 2,5%",Summa fleromättade fettsyror,Kakaoprodukter,0.1,g
1887,"Chokladdryckspulver m. socker fett 2,5%","Fosfor, P",Kakaoprodukter,168.0,mg
1887,"Chokladdryckspulver m. socker fett 2,5%",Niacinekvivalenter,Kakaoprodukter,1.4,NE/mg
1887,"Chokladdryckspulver m. socker fett 2,5%",Niacin,Kakaoprodukter,0.53,mg
1887,"Chokladdryckspulver m. socker fett 2,5%","Salt, NaCl",Kakaoprodukter,0.5,g
1887,"Chokladdryckspulver m. socker fett 2,5%","Natrium, Na",Kakaoprodukter,188.0,mg
1887,"Chokladdryckspulver m. socker fett 2,5%",Monosackarider,Kakaoprodukter,16.0,g
1887,"Chokladdryckspulver m. socker fett 2,5%","Sockerarter, totalt",Kakaoprodukter,81.4,g
1887,"Chokladdryckspulver m. socker fett 2,5%",Summa enkelomättade fettsyror,Kakaoprodukter,0.8,g
1887,"Chokladdryckspulver m. socker fett 2,5%","Magnesium, Mg",Kakaoprodukter,114.0,mg
1887,"Chokladdryckspulver m. socker fett 2,5%",Summa mättade fettsyror,Kakaoprodukter,1.5,g
1887,"Chokladdryckspulver m. socker fett 2,5%","Kolhydrater, tillgängliga",Kakaoprodukter,87.7,g
1887,"Chokladdryckspulver m. socker fett 2,5%",Kolesterol,Kakaoprodukter,0.0,mg
1887,"Chokladdryckspulver m. socker fett 2,5%","Kalium, K",Kakaoprodukter,676.0,mg
1887,"Chokladdryckspulver m. socker fett 2,5%","Jod, I",Kakaoprodukter,0.0,µg
1887,"Chokladdryckspulver m. socker fett 2,5%",Fullkorn totalt,Kakaoprodukter,0.0,g
1887,"Chokladdryckspulver m. socker fett 2,5%","Folat, totalt",Kakaoprodukter,8.8,µg
1887,"Chokladdryckspulver m. socker fett 2,5%",Fibrer,Kakaoprodukter,0.0,g
1887,"Chokladdryckspulver m. socker fett 2,5%","Fett, totalt",Kakaoprodukter,2.9,g
1887,"Chokladdryckspulver m. socker fett 2,5%","Järn, Fe",Kakaoprodukter,1.4,mg
1887,"Chokladdryckspulver m. socker fett 2,5%",Energi (kJ),Kakaoprodukter,1684.0,kJ
1887,"Chokladdryckspulver m. socker fett 2,5%",Energi (kcal),Kakaoprodukter,402.0,kcal
1887,"Chokladdryckspulver m. socker fett 2,5%",Disackarider,Kakaoprodukter,65.4,g
1887,"Chokladdryckspulver m. socker fett 2,5%","Kalcium, Ca",Kakaoprodukter,32.0,mg
1887,"Chokladdryckspulver m. socker fett 2,5%",Fettsyra 4:0-10:0,Kakaoprodukter,0.0,g
1887,"Chokladdryckspulver m. socker fett 2,5%",DHA (C22:6),Kakaoprodukter,0.0,g
1887,"Chokladdryckspulver m. socker fett 2,5%",DPA (C22:5),Kakaoprodukter,0.0,g
1887,"Chokladdryckspulver m. socker fett 2,5%",EPA (C20:5),Kakaoprodukter,0.0,g
1887,"Chokladdryckspulver m. socker fett 2,5%",Arakidonsyra C20:4,Kakaoprodukter,0.0,g
1887,"Chokladdryckspulver m. socker fett 2,5%",Arakidinsyra C20:0,Kakaoprodukter,0.0,g
1887,"Chokladdryckspulver m. socker fett 2,5%",Linolensyra C18:3,Kakaoprodukter,0.0,g
1887,"Chokladdryckspulver m. socker fett 2,5%",Linolsyra C18:2,Kakaoprodukter,0.1,g
1887,"Chokladdryckspulver m. socker fett 2,5%",Oljesyra C18:1,Kakaoprodukter,0.8,g
1887,"Chokladdryckspulver m. socker fett 2,5%",Stearinsyra C18:0,Kakaoprodukter,0.8,g
1887,"Chokladdryckspulver m. socker fett 2,5%",Palmitoljesyra C16:1,Kakaoprodukter,0.0,g
1887,"Chokladdryckspulver m. socker fett 2,5%",Palmitinsyra C16:0,Kakaoprodukter,0.6,g
1887,"Chokladdryckspulver m. socker fett 2,5%",Myristinsyra C14:0,Kakaoprodukter,0.0,g
1887,"Chokladdryckspulver m. socker fett 2,5%",Laurinsyra C12:0,Kakaoprodukter,0.0,g
1887,"Chokladdryckspulver m. socker fett 2,5%",Betakaroten/β-Karoten,Kakaoprodukter,0.0,µg
1887,"Chokladdryckspulver m. socker fett 2,5%",Avfall (skal etc.),Kakaoprodukter,0.0,%
1887,"Chokladdryckspulver m. socker fett 2,5%",Aska,Kakaoprodukter,2.2,g
1887,"Chokladdryckspulver m. socker fett 2,5%",Alkohol,Kakaoprodukter,0.0,g
1888,Chokladboll hemlagad,"Zink, Zn",Bullar kakor tårtor mm,0.9,mg
1888,Chokladboll hemlagad,Vitamin E,Bullar kakor tårtor mm,2.3,mg
1888,Chokladboll hemlagad,Vitamin D,Bullar kakor tårtor mm,3.43,µg
1888,Chokladboll hemlagad,Vitamin C,Bullar kakor tårtor mm,0.0,mg
1888,Chokladboll hemlagad,Vitamin B6,Bullar kakor tårtor mm,0.04,mg
1888,Chokladboll hemlagad,Vitamin B12,Bullar kakor tårtor mm,0.0,µg
1888,Chokladboll hemlagad,Vitamin A,Bullar kakor tårtor mm,169.5,RE/µg
1888,Chokladboll hemlagad,Vatten,Bullar kakor tårtor mm,15.1,g
1888,Chokladboll hemlagad,Tiamin,Bullar kakor tårtor mm,0.07,mg
1888,Chokladboll hemlagad,Tillsatt socker,Bullar kakor tårtor mm,36.0,g
1888,Chokladboll hemlagad,Fritt socker,Bullar kakor tårtor mm,36.0,g
1888,Chokladboll hemlagad,"Selen, Se",Bullar kakor tårtor mm,2.8,µg
1888,Chokladboll hemlagad,Sackaros,Bullar kakor tårtor mm,36.7,g
1888,Chokladboll hemlagad,Riboflavin,Bullar kakor tårtor mm,0.02,mg
1888,Chokladboll hemlagad,Retinol,Bullar kakor tårtor mm,160.9,µg
1888,Chokladboll hemlagad,Protein,Bullar kakor tårtor mm,3.5,g
1888,Chokladboll hemlagad,Summa fleromättade fettsyror,Bullar kakor tårtor mm,3.7,g
1888,Chokladboll hemlagad,"Fosfor, P",Bullar kakor tårtor mm,120.0,mg
1888,Chokladboll hemlagad,Niacinekvivalenter,Bullar kakor tårtor mm,0.98,NE/mg
1888,Chokladboll hemlagad,Niacin,Bullar kakor tårtor mm,0.39,mg
1888,Chokladboll hemlagad,"Salt, NaCl",Bullar kakor tårtor mm,0.3,g
1888,Chokladboll hemlagad,"Natrium, Na",Bullar kakor tårtor mm,132.0,mg
1888,Chokladboll hemlagad,Monosackarider,Bullar kakor tårtor mm,0.0,g
1888,Chokladboll hemlagad,"Sockerarter, totalt",Bullar kakor tårtor mm,36.7,g
1888,Chokladboll hemlagad,Summa enkelomättade fettsyror,Bullar kakor tårtor mm,7.5,g
1888,Chokladboll hemlagad,"Magnesium, Mg",Bullar kakor tårtor mm,51.0,mg
1888,Chokladboll hemlagad,Summa mättade fettsyror,Bullar kakor tårtor mm,12.5,g
1888,Chokladboll hemlagad,"Kolhydrater, tillgängliga",Bullar kakor tårtor mm,52.4,g
1888,Chokladboll hemlagad,Kolesterol,Bullar kakor tårtor mm,13.3,mg
1888,Chokladboll hemlagad,"Kalium, K",Bullar kakor tårtor mm,254.0,mg
1888,Chokladboll hemlagad,"Jod, I",Bullar kakor tårtor mm,2.2,µg
1888,Chokladboll hemlagad,Fullkorn totalt,Bullar kakor tårtor mm,24.0,g
1888,Chokladboll hemlagad,"Folat, totalt",Bullar kakor tårtor mm,8.8,µg
1888,Chokladboll hemlagad,Fibrer,Bullar kakor tårtor mm,3.5,g
1888,Chokladboll hemlagad,"Fett, totalt",Bullar kakor tårtor mm,24.5,g
1888,Chokladboll hemlagad,"Järn, Fe",Bullar kakor tårtor mm,1.3,mg
1888,Chokladboll hemlagad,Energi (kJ),Bullar kakor tårtor mm,1883.0,kJ
1888,Chokladboll hemlagad,Energi (kcal),Bullar kakor tårtor mm,450.0,kcal
1888,Chokladboll hemlagad,Disackarider,Bullar kakor tårtor mm,36.7,g
1888,Chokladboll hemlagad,"Kalcium, Ca",Bullar kakor tårtor mm,15.0,mg
1888,Chokladboll hemlagad,Fettsyra 4:0-10:0,Bullar kakor tårtor mm,1.0,g
1888,Chokladboll hemlagad,DHA (C22:6),Bullar kakor tårtor mm,0.0,g
1888,Chokladboll hemlagad,DPA (C22:5),Bullar kakor tårtor mm,0.0,g
1888,Chokladboll hemlagad,EPA (C20:5),Bullar kakor tårtor mm,0.0,g
1888,Chokladboll hemlagad,Arakidonsyra C20:4,Bullar kakor tårtor mm,0.0,g
1888,Chokladboll hemlagad,Arakidinsyra C20:0,Bullar kakor tårtor mm,0.0,g
1888,Chokladboll hemlagad,Linolensyra C18:3,Bullar kakor tårtor mm,0.7,g
1888,Chokladboll hemlagad,Linolsyra C18:2,Bullar kakor tårtor mm,2.6,g
1888,Chokladboll hemlagad,Oljesyra C18:1,Bullar kakor tårtor mm,7.8,g
1888,Chokladboll hemlagad,Stearinsyra C18:0,Bullar kakor tårtor mm,1.3,g
1888,Chokladboll hemlagad,Palmitoljesyra C16:1,Bullar kakor tårtor mm,0.1,g
1888,Chokladboll hemlagad,Palmitinsyra C16:0,Bullar kakor tårtor mm,6.0,g
1888,Chokladboll hemlagad,Myristinsyra C14:0,Bullar kakor tårtor mm,1.4,g
1888,Chokladboll hemlagad,Laurinsyra C12:0,Bullar kakor tårtor mm,2.4,g
1888,Chokladboll hemlagad,Betakaroten/β-Karoten,Bullar kakor tårtor mm,103.0,µg
1888,Chokladboll hemlagad,Avfall (skal etc.),Bullar kakor tårtor mm,0.0,%
1888,Chokladboll hemlagad,Aska,Bullar kakor tårtor mm,1.1,g
1888,Chokladboll hemlagad,Alkohol,Bullar kakor tårtor mm,0.0,g
1891,Måltidsersättning pulver chokladsmak berikad,"Zink, Zn",Kost- o näringspreparat,10.0,mg
1891,Måltidsersättning pulver chokladsmak berikad,Vitamin E,Kost- o näringspreparat,10.3,mg
1891,Måltidsersättning pulver chokladsmak berikad,Vitamin D,Kost- o näringspreparat,3.8,µg
1891,Måltidsersättning pulver chokladsmak berikad,Vitamin C,Kost- o näringspreparat,42.0,mg
1891,Måltidsersättning pulver chokladsmak berikad,Vitamin B6,Kost- o näringspreparat,1.9,mg
1891,Måltidsersättning pulver chokladsmak berikad,Vitamin B12,Kost- o näringspreparat,1.63,µg
1891,Måltidsersättning pulver chokladsmak berikad,Vitamin A,Kost- o näringspreparat,890.5,RE/µg
1891,Måltidsersättning pulver chokladsmak berikad,Vatten,Kost- o näringspreparat,3.7,g
1891,Måltidsersättning pulver chokladsmak berikad,Tiamin,Kost- o näringspreparat,1.06,mg
1891,Måltidsersättning pulver chokladsmak berikad,Tillsatt socker,Kost- o näringspreparat,29.0,g
1891,Måltidsersättning pulver chokladsmak berikad,Fritt socker,Kost- o näringspreparat,29.0,g
1891,Måltidsersättning pulver chokladsmak berikad,"Selen, Se",Kost- o näringspreparat,51.6,µg
1891,Måltidsersättning pulver chokladsmak berikad,Sackaros,Kost- o näringspreparat,0.3,g
1891,Måltidsersättning pulver chokladsmak berikad,Riboflavin,Kost- o näringspreparat,1.51,mg
1891,Måltidsersättning pulver chokladsmak berikad,Retinol,Kost- o näringspreparat,890.0,µg
1891,Måltidsersättning pulver chokladsmak berikad,Protein,Kost- o näringspreparat,35.0,g
1891,Måltidsersättning pulver chokladsmak berikad,Summa fleromättade fettsyror,Kost- o näringspreparat,4.4,g
1891,Måltidsersättning pulver chokladsmak berikad,"Fosfor, P",Kost- o näringspreparat,663.0,mg
1891,Måltidsersättning pulver chokladsmak berikad,Niacinekvivalenter,Kost- o näringspreparat,18.8,NE/mg
1891,Måltidsersättning pulver chokladsmak berikad,Niacin,Kost- o näringspreparat,13.0,mg
1891,Måltidsersättning pulver chokladsmak berikad,"Salt, NaCl",Kost- o näringspreparat,2.8,g
1891,Måltidsersättning pulver chokladsmak berikad,"Natrium, Na",Kost- o näringspreparat,1141.0,mg
1891,Måltidsersättning pulver chokladsmak berikad,Monosackarider,Kost- o näringspreparat,29.2,g
1891,Måltidsersättning pulver chokladsmak berikad,"Sockerarter, totalt",Kost- o näringspreparat,30.7,g
1891,Måltidsersättning pulver chokladsmak berikad,Summa enkelomättade fettsyror,Kost- o näringspreparat,1.9,g
1891,Måltidsersättning pulver chokladsmak berikad,"Magnesium, Mg",Kost- o näringspreparat,294.0,mg
1891,Måltidsersättning pulver chokladsmak berikad,Summa mättade fettsyror,Kost- o näringspreparat,2.3,g
1891,Måltidsersättning pulver chokladsmak berikad,"Kolhydrater, tillgängliga",Kost- o näringspreparat,32.6,g
1891,Måltidsersättning pulver chokladsmak berikad,Kolesterol,Kost- o näringspreparat,2.0,mg
1891,Måltidsersättning pulver chokladsmak berikad,"Kalium, K",Kost- o näringspreparat,1504.0,mg
1891,Måltidsersättning pulver chokladsmak berikad,"Jod, I",Kost- o näringspreparat,96.0,µg
1891,Måltidsersättning pulver chokladsmak berikad,Fullkorn totalt,Kost- o näringspreparat,0.0,g
1891,Måltidsersättning pulver chokladsmak berikad,"Folat, totalt",Kost- o näringspreparat,207.0,µg
1891,Måltidsersättning pulver chokladsmak berikad,Fibrer,Kost- o näringspreparat,11.6,g
1891,Måltidsersättning pulver chokladsmak berikad,"Fett, totalt",Kost- o näringspreparat,9.0,g
1891,Måltidsersättning pulver chokladsmak berikad,"Järn, Fe",Kost- o näringspreparat,16.6,mg
1891,Måltidsersättning pulver chokladsmak berikad,Energi (kJ),Kost- o näringspreparat,1575.0,kJ
1891,Måltidsersättning pulver chokladsmak berikad,Energi (kcal),Kost- o näringspreparat,376.0,kcal
1891,Måltidsersättning pulver chokladsmak berikad,Disackarider,Kost- o näringspreparat,1.6,g
1891,Måltidsersättning pulver chokladsmak berikad,"Kalcium, Ca",Kost- o näringspreparat,349.0,mg
1891,Måltidsersättning pulver chokladsmak berikad,Fettsyra 4:0-10:0,Kost- o näringspreparat,0.0,g
1891,Måltidsersättning pulver chokladsmak berikad,DHA (C22:6),Kost- o näringspreparat,0.0,g
1891,Måltidsersättning pulver chokladsmak berikad,DPA (C22:5),Kost- o näringspreparat,0.0,g
1891,Måltidsersättning pulver chokladsmak berikad,EPA (C20:5),Kost- o näringspreparat,0.0,g
1891,Måltidsersättning pulver chokladsmak berikad,Arakidonsyra C20:4,Kost- o näringspreparat,0.0,g
1891,Måltidsersättning pulver chokladsmak berikad,Arakidinsyra C20:0,Kost- o näringspreparat,0.0,g
1891,Måltidsersättning pulver chokladsmak berikad,Linolensyra C18:3,Kost- o näringspreparat,0.4,g
1891,Måltidsersättning pulver chokladsmak berikad,Linolsyra C18:2,Kost- o näringspreparat,4.0,g
1891,Måltidsersättning pulver chokladsmak berikad,Oljesyra C18:1,Kost- o näringspreparat,1.9,g
1891,Måltidsersättning pulver chokladsmak berikad,Stearinsyra C18:0,Kost- o näringspreparat,0.6,g
1891,Måltidsersättning pulver chokladsmak berikad,Palmitoljesyra C16:1,Kost- o näringspreparat,0.0,g
1891,Måltidsersättning pulver chokladsmak berikad,Palmitinsyra C16:0,Kost- o näringspreparat,1.4,g
1891,Måltidsersättning pulver chokladsmak berikad,Myristinsyra C14:0,Kost- o näringspreparat,0.0,g
1891,Måltidsersättning pulver chokladsmak berikad,Laurinsyra C12:0,Kost- o näringspreparat,0.1,g
1891,Måltidsersättning pulver chokladsmak berikad,Betakaroten/β-Karoten,Kost- o näringspreparat,0.0,µg
1891,Måltidsersättning pulver chokladsmak berikad,Avfall (skal etc.),Kost- o näringspreparat,0.0,%
1891,Måltidsersättning pulver chokladsmak berikad,Aska,Kost- o näringspreparat,8.1,g
1891,Måltidsersättning pulver chokladsmak berikad,Alkohol,Kost- o näringspreparat,0.0,g
1892,Socker,"Zink, Zn",Socker sirap honung,0.0,mg
1892,Socker,Vitamin E,Socker sirap honung,0.0,mg
1892,Socker,Vitamin D inkl 25-OH-D3,Socker sirap honung,0.0,µg
1892,Socker,Vitamin D,Socker sirap honung,0.0,µg
1892,Socker,Vitamin C,Socker sirap honung,0.0,mg
1892,Socker,Vitamin B6,Socker sirap honung,0.0,mg
1892,Socker,Vitamin B12,Socker sirap honung,0.0,µg
1892,Socker,Vitamin A,Socker sirap honung,0.0,RE/µg
1892,Socker,Vatten,Socker sirap honung,0.4,g
1892,Socker,Tiamin,Socker sirap honung,0.0,mg
1892,Socker,Tillsatt socker,Socker sirap honung,100.0,g
1892,Socker,Fritt socker,Socker sirap honung,100.0,g
1892,Socker,"Selen, Se",Socker sirap honung,0.0,µg
1892,Socker,Sackaros,Socker sirap honung,100.0,g
1892,Socker,Riboflavin,Socker sirap honung,0.0,mg
1892,Socker,Retinol,Socker sirap honung,0.0,µg
1892,Socker,Protein,Socker sirap honung,0.0,g
1892,Socker,Summa fleromättade fettsyror,Socker sirap honung,0.0,g
1892,Socker,"Fosfor, P",Socker sirap honung,0.0,mg
1892,Socker,Niacinekvivalenter,Socker sirap honung,0.0,NE/mg
1892,Socker,Niacin,Socker sirap honung,0.0,mg
1892,Socker,"Salt, NaCl",Socker sirap honung,0.0,g
1892,Socker,"Natrium, Na",Socker sirap honung,1.0,mg
1892,Socker,Monosackarider,Socker sirap honung,0.0,g
1892,Socker,"Sockerarter, totalt",Socker sirap honung,100.0,g
1892,Socker,Summa enkelomättade fettsyror,Socker sirap honung,0.0,g
1892,Socker,"Magnesium, Mg",Socker sirap honung,0.0,mg
1892,Socker,Summa mättade fettsyror,Socker sirap honung,0.0,g
1892,Socker,"Kolhydrater, tillgängliga",Socker sirap honung,99.6,g
1892,Socker,Kolesterol,Socker sirap honung,0.0,mg
1892,Socker,"Kalium, K",Socker sirap honung,2.0,mg
1892,Socker,"Jod, I",Socker sirap honung,0.0,µg
1892,Socker,Fullkorn totalt,Socker sirap honung,0.0,g
1892,Socker,"Folat, totalt",Socker sirap honung,0.0,µg
1892,Socker,Fibrer,Socker sirap honung,0.0,g
1892,Socker,"Fett, totalt",Socker sirap honung,0.0,g
1892,Socker,"Järn, Fe",Socker sirap honung,0.0,mg
1892,Socker,Energi (kJ),Socker sirap honung,1693.0,kJ
1892,Socker,Energi (kcal),Socker sirap honung,405.0,kcal
1892,Socker,Disackarider,Socker sirap honung,100.0,g
1892,Socker,"Kalcium, Ca",Socker sirap honung,1.0,mg
1892,Socker,Fettsyra 4:0-10:0,Socker sirap honung,0.0,g
1892,Socker,DHA (C22:6),Socker sirap honung,0.0,g
1892,Socker,DPA (C22:5),Socker sirap honung,0.0,g
1892,Socker,EPA (C20:5),Socker sirap honung,0.0,g
1892,Socker,Arakidonsyra C20:4,Socker sirap honung,0.0,g
1892,Socker,Arakidinsyra C20:0,Socker sirap honung,0.0,g
1892,Socker,Linolensyra C18:3,Socker sirap honung,0.0,g
1892,Socker,Linolsyra C18:2,Socker sirap honung,0.0,g
1892,Socker,Oljesyra C18:1,Socker sirap honung,0.0,g
1892,Socker,Stearinsyra C18:0,Socker sirap honung,0.0,g
1892,Socker,Palmitoljesyra C16:1,Socker sirap honung,0.0,g
1892,Socker,Palmitinsyra C16:0,Socker sirap honung,0.0,g
1892,Socker,Myristinsyra C14:0,Socker sirap honung,0.0,g
1892,Socker,Laurinsyra C12:0,Socker sirap honung,0.0,g
1892,Socker,Betakaroten/β-Karoten,Socker sirap honung,0.0,µg
1892,Socker,Avfall (skal etc.),Socker sirap honung,0.0,%
1892,Socker,Aska,Socker sirap honung,0.0,g
1892,Socker,Alkohol,Socker sirap honung,0.0,g
1893,Brun farin,"Zink, Zn",Socker sirap honung,0.0,mg
1893,Brun farin,Vitamin E,Socker sirap honung,0.0,mg
1893,Brun farin,Vitamin D inkl 25-OH-D3,Socker sirap honung,0.0,µg
1893,Brun farin,Vitamin D,Socker sirap honung,0.0,µg
1893,Brun farin,Vitamin C,Socker sirap honung,0.0,mg
1893,Brun farin,Vitamin B6,Socker sirap honung,0.0,mg
1893,Brun farin,Vitamin B12,Socker sirap honung,0.0,µg
1893,Brun farin,Vitamin A,Socker sirap honung,0.0,RE/µg
1893,Brun farin,Vatten,Socker sirap honung,2.5,g
1893,Brun farin,Tiamin,Socker sirap honung,0.0,mg
1893,Brun farin,Tillsatt socker,Socker sirap honung,94.0,g
1893,Brun farin,Fritt socker,Socker sirap honung,94.0,g
1893,Brun farin,"Selen, Se",Socker sirap honung,0.0,µg
1893,Brun farin,Sackaros,Socker sirap honung,93.0,g
1893,Brun farin,Riboflavin,Socker sirap honung,0.03,mg
1893,Brun farin,Retinol,Socker sirap honung,0.0,µg
1893,Brun farin,Protein,Socker sirap honung,0.0,g
1893,Brun farin,Summa fleromättade fettsyror,Socker sirap honung,0.0,g
1893,Brun farin,"Fosfor, P",Socker sirap honung,1.0,mg
1893,Brun farin,Niacinekvivalenter,Socker sirap honung,0.0,NE/mg
1893,Brun farin,Niacin,Socker sirap honung,0.0,mg
1893,Brun farin,"Salt, NaCl",Socker sirap honung,0.1,g
1893,Brun farin,"Natrium, Na",Socker sirap honung,55.0,mg
1893,Brun farin,Monosackarider,Socker sirap honung,1.0,g
1893,Brun farin,"Sockerarter, totalt",Socker sirap honung,94.0,g
1893,Brun farin,Summa enkelomättade fettsyror,Socker sirap honung,0.0,g
1893,Brun farin,"Magnesium, Mg",Socker sirap honung,28.0,mg
1893,Brun farin,Summa mättade fettsyror,Socker sirap honung,0.0,g
1893,Brun farin,"Kolhydrater, tillgängliga",Socker sirap honung,95.5,g
1893,Brun farin,Kolesterol,Socker sirap honung,0.0,mg
1893,Brun farin,"Kalium, K",Socker sirap honung,320.0,mg
1893,Brun farin,"Jod, I",Socker sirap honung,0.0,µg
1893,Brun farin,Fullkorn totalt,Socker sirap honung,0.0,g
1893,Brun farin,"Folat, totalt",Socker sirap honung,0.0,µg
1893,Brun farin,Fibrer,Socker sirap honung,0.0,g
1893,Brun farin,"Fett, totalt",Socker sirap honung,0.0,g
1893,Brun farin,"Järn, Fe",Socker sirap honung,3.1,mg
1893,Brun farin,Energi (kJ),Socker sirap honung,1624.0,kJ
1893,Brun farin,Energi (kcal),Socker sirap honung,388.0,kcal
1893,Brun farin,Disackarider,Socker sirap honung,93.0,g
1893,Brun farin,"Kalcium, Ca",Socker sirap honung,185.0,mg
1893,Brun farin,Fettsyra 4:0-10:0,Socker sirap honung,0.0,g
1893,Brun farin,DHA (C22:6),Socker sirap honung,0.0,g
1893,Brun farin,DPA (C22:5),Socker sirap honung,0.0,g
1893,Brun farin,EPA (C20:5),Socker sirap honung,0.0,g
1893,Brun farin,Arakidonsyra C20:4,Socker sirap honung,0.0,g
1893,Brun farin,Arakidinsyra C20:0,Socker sirap honung,0.0,g
1893,Brun farin,Linolensyra C18:3,Socker sirap honung,0.0,g
1893,Brun farin,Linolsyra C18:2,Socker sirap honung,0.0,g
1893,Brun farin,Oljesyra C18:1,Socker sirap honung,0.0,g
1893,Brun farin,Stearinsyra C18:0,Socker sirap honung,0.0,g
1893,Brun farin,Palmitoljesyra C16:1,Socker sirap honung,0.0,g
1893,Brun farin,Palmitinsyra C16:0,Socker sirap honung,0.0,g
1893,Brun farin,Myristinsyra C14:0,Socker sirap honung,0.0,g
1893,Brun farin,Laurinsyra C12:0,Socker sirap honung,0.0,g
1893,Brun farin,Betakaroten/β-Karoten,Socker sirap honung,0.0,µg
1893,Brun farin,Avfall (skal etc.),Socker sirap honung,0.0,%
1893,Brun farin,Aska,Socker sirap honung,2.0,g
1893,Brun farin,Alkohol,Socker sirap honung,0.0,g
1894,Ljus sirap,"Zink, Zn",Socker sirap honung,0.0,mg
1894,Ljus sirap,Vitamin E,Socker sirap honung,0.0,mg
1894,Ljus sirap,Vitamin D inkl 25-OH-D3,Socker sirap honung,0.0,µg
1894,Ljus sirap,Vitamin D,Socker sirap honung,0.0,µg
1894,Ljus sirap,Vitamin C,Socker sirap honung,0.0,mg
1894,Ljus sirap,Vitamin B6,Socker sirap honung,0.0,mg
1894,Ljus sirap,Vitamin B12,Socker sirap honung,0.0,µg
1894,Ljus sirap,Vitamin A,Socker sirap honung,0.0,RE/µg
1894,Ljus sirap,Vatten,Socker sirap honung,19.0,g
1894,Ljus sirap,Tiamin,Socker sirap honung,0.0,mg
1894,Ljus sirap,Tillsatt socker,Socker sirap honung,80.0,g
1894,Ljus sirap,Fritt socker,Socker sirap honung,80.0,g
1894,Ljus sirap,"Selen, Se",Socker sirap honung,1.0,µg
1894,Ljus sirap,Sackaros,Socker sirap honung,35.2,g
1894,Ljus sirap,Riboflavin,Socker sirap honung,0.0,mg
1894,Ljus sirap,Retinol,Socker sirap honung,0.0,µg
1894,Ljus sirap,Protein,Socker sirap honung,0.0,g
1894,Ljus sirap,Summa fleromättade fettsyror,Socker sirap honung,0.0,g
1894,Ljus sirap,"Fosfor, P",Socker sirap honung,1.0,mg
1894,Ljus sirap,Niacinekvivalenter,Socker sirap honung,0.0,NE/mg
1894,Ljus sirap,Niacin,Socker sirap honung,0.0,mg
1894,Ljus sirap,"Salt, NaCl",Socker sirap honung,1.1,g
1894,Ljus sirap,"Natrium, Na",Socker sirap honung,450.0,mg
1894,Ljus sirap,Monosackarider,Socker sirap honung,44.8,g
1894,Ljus sirap,"Sockerarter, totalt",Socker sirap honung,80.0,g
1894,Ljus sirap,Summa enkelomättade fettsyror,Socker sirap honung,0.0,g
1894,Ljus sirap,"Magnesium, Mg",Socker sirap honung,2.0,mg
1894,Ljus sirap,Summa mättade fettsyror,Socker sirap honung,0.0,g
1894,Ljus sirap,"Kolhydrater, tillgängliga",Socker sirap honung,79.6,g
1894,Ljus sirap,Kolesterol,Socker sirap honung,0.0,mg
1894,Ljus sirap,"Kalium, K",Socker sirap honung,38.0,mg
1894,Ljus sirap,"Jod, I",Socker sirap honung,0.0,µg
1894,Ljus sirap,Fullkorn totalt,Socker sirap honung,0.0,g
1894,Ljus sirap,"Folat, totalt",Socker sirap honung,0.0,µg
1894,Ljus sirap,Fibrer,Socker sirap honung,0.0,g
1894,Ljus sirap,"Fett, totalt",Socker sirap honung,0.0,g
1894,Ljus sirap,"Järn, Fe",Socker sirap honung,0.3,mg
1894,Ljus sirap,Energi (kJ),Socker sirap honung,1353.0,kJ
1894,Ljus sirap,Energi (kcal),Socker sirap honung,323.0,kcal
1894,Ljus sirap,Disackarider,Socker sirap honung,35.2,g
1894,Ljus sirap,"Kalcium, Ca",Socker sirap honung,10.0,mg
1894,Ljus sirap,Fettsyra 4:0-10:0,Socker sirap honung,0.0,g
1894,Ljus sirap,DHA (C22:6),Socker sirap honung,0.0,g
1894,Ljus sirap,DPA (C22:5),Socker sirap honung,0.0,g
1894,Ljus sirap,EPA (C20:5),Socker sirap honung,0.0,g
1894,Ljus sirap,Arakidonsyra C20:4,Socker sirap honung,0.0,g
1894,Ljus sirap,Arakidinsyra C20:0,Socker sirap honung,0.0,g
1894,Ljus sirap,Linolensyra C18:3,Socker sirap honung,0.0,g
1894,Ljus sirap,Linolsyra C18:2,Socker sirap honung,0.0,g
1894,Ljus sirap,Oljesyra C18:1,Socker sirap honung,0.0,g
1894,Ljus sirap,Stearinsyra C18:0,Socker sirap honung,0.0,g
1894,Ljus sirap,Palmitoljesyra C16:1,Socker sirap honung,0.0,g
1894,Ljus sirap,Palmitinsyra C16:0,Socker sirap honung,0.0,g
1894,Ljus sirap,Myristinsyra C14:0,Socker sirap honung,0.0,g
1894,Ljus sirap,Laurinsyra C12:0,Socker sirap honung,0.0,g
1894,Ljus sirap,Betakaroten/β-Karoten,Socker sirap honung,0.0,µg
1894,Ljus sirap,Avfall (skal etc.),Socker sirap honung,0.0,%
1894,Ljus sirap,Aska,Socker sirap honung,1.4,g
1894,Ljus sirap,Alkohol,Socker sirap honung,0.0,g
1896,Honung,"Zink, Zn",Socker sirap honung,0.6,mg
1896,Honung,Vitamin E,Socker sirap honung,0.0,mg
1896,Honung,Vitamin D inkl 25-OH-D3,Socker sirap honung,0.0,µg
1896,Honung,Vitamin D,Socker sirap honung,0.0,µg
1896,Honung,Vitamin C,Socker sirap honung,2.0,mg
1896,Honung,Vitamin B6,Socker sirap honung,0.02,mg
1896,Honung,Vitamin B12,Socker sirap honung,0.0,µg
1896,Honung,Vitamin A,Socker sirap honung,0.0,RE/µg
1896,Honung,Vatten,Socker sirap honung,18.0,g
1896,Honung,Tiamin,Socker sirap honung,0.0,mg
1896,Honung,Tillsatt socker,Socker sirap honung,0.0,g
1896,Honung,Fritt socker,Socker sirap honung,75.0,g
1896,Honung,"Selen, Se",Socker sirap honung,0.0,µg
1896,Honung,Sackaros,Socker sirap honung,0.8,g
1896,Honung,Riboflavin,Socker sirap honung,0.04,mg
1896,Honung,Retinol,Socker sirap honung,0.0,µg
1896,Honung,Protein,Socker sirap honung,0.3,g
1896,Honung,Summa fleromättade fettsyror,Socker sirap honung,0.0,g
1896,Honung,"Fosfor, P",Socker sirap honung,6.0,mg
1896,Honung,Niacinekvivalenter,Socker sirap honung,0.35,NE/mg
1896,Honung,Niacin,Socker sirap honung,0.3,mg
1896,Honung,"Salt, NaCl",Socker sirap honung,0.0,g
1896,Honung,"Natrium, Na",Socker sirap honung,5.0,mg
1896,Honung,Monosackarider,Socker sirap honung,71.0,g
1896,Honung,"Sockerarter, totalt",Socker sirap honung,74.7,g
1896,Honung,Summa enkelomättade fettsyror,Socker sirap honung,0.0,g
1896,Honung,"Magnesium, Mg",Socker sirap honung,3.0,mg
1896,Honung,Summa mättade fettsyror,Socker sirap honung,0.0,g
1896,Honung,"Kolhydrater, tillgängliga",Socker sirap honung,81.5,g
1896,Honung,Kolesterol,Socker sirap honung,0.0,mg
1896,Honung,"Kalium, K",Socker sirap honung,51.0,mg
1896,Honung,"Jod, I",Socker sirap honung,0.5,µg
1896,Honung,Fullkorn totalt,Socker sirap honung,0.0,g
1896,Honung,"Folat, totalt",Socker sirap honung,0.0,µg
1896,Honung,Fibrer,Socker sirap honung,0.0,g
1896,Honung,"Fett, totalt",Socker sirap honung,0.0,g
1896,Honung,"Järn, Fe",Socker sirap honung,0.5,mg
1896,Honung,Energi (kJ),Socker sirap honung,1391.0,kJ
1896,Honung,Energi (kcal),Socker sirap honung,332.0,kcal
1896,Honung,Disackarider,Socker sirap honung,3.7,g
1896,Honung,"Kalcium, Ca",Socker sirap honung,5.0,mg
1896,Honung,Fettsyra 4:0-10:0,Socker sirap honung,0.0,g
1896,Honung,DHA (C22:6),Socker sirap honung,0.0,g
1896,Honung,DPA (C22:5),Socker sirap honung,0.0,g
1896,Honung,EPA (C20:5),Socker sirap honung,0.0,g
1896,Honung,Arakidonsyra C20:4,Socker sirap honung,0.0,g
1896,Honung,Arakidinsyra C20:0,Socker sirap honung,0.0,g
1896,Honung,Linolensyra C18:3,Socker sirap honung,0.0,g
1896,Honung,Linolsyra C18:2,Socker sirap honung,0.0,g
1896,Honung,Oljesyra C18:1,Socker sirap honung,0.0,g
1896,Honung,Stearinsyra C18:0,Socker sirap honung,0.0,g
1896,Honung,Palmitoljesyra C16:1,Socker sirap honung,0.0,g
1896,Honung,Palmitinsyra C16:0,Socker sirap honung,0.0,g
1896,Honung,Myristinsyra C14:0,Socker sirap honung,0.0,g
1896,Honung,Laurinsyra C12:0,Socker sirap honung,0.0,g
1896,Honung,Betakaroten/β-Karoten,Socker sirap honung,0.0,µg
1896,Honung,Avfall (skal etc.),Socker sirap honung,0.0,%
1896,Honung,Aska,Socker sirap honung,0.2,g
1896,Honung,Alkohol,Socker sirap honung,0.0,g
1897,Druvsocker,"Zink, Zn",Socker sirap honung,0.0,mg
1897,Druvsocker,Vitamin E,Socker sirap honung,0.0,mg
1897,Druvsocker,Vitamin D inkl 25-OH-D3,Socker sirap honung,0.0,µg
1897,Druvsocker,Vitamin D,Socker sirap honung,0.0,µg
1897,Druvsocker,Vitamin C,Socker sirap honung,0.0,mg
1897,Druvsocker,Vitamin B6,Socker sirap honung,0.0,mg
1897,Druvsocker,Vitamin B12,Socker sirap honung,0.0,µg
1897,Druvsocker,Vitamin A,Socker sirap honung,0.0,RE/µg
1897,Druvsocker,Vatten,Socker sirap honung,8.9,g
1897,Druvsocker,Tiamin,Socker sirap honung,0.0,mg
1897,Druvsocker,Tillsatt socker,Socker sirap honung,91.0,g
1897,Druvsocker,Fritt socker,Socker sirap honung,91.0,g
1897,Druvsocker,"Selen, Se",Socker sirap honung,0.0,µg
1897,Druvsocker,Sackaros,Socker sirap honung,0.0,g
1897,Druvsocker,Riboflavin,Socker sirap honung,0.0,mg
1897,Druvsocker,Retinol,Socker sirap honung,0.0,µg
1897,Druvsocker,Protein,Socker sirap honung,0.0,g
1897,Druvsocker,Summa fleromättade fettsyror,Socker sirap honung,0.0,g
1897,Druvsocker,"Fosfor, P",Socker sirap honung,0.0,mg
1897,Druvsocker,Niacinekvivalenter,Socker sirap honung,0.0,NE/mg
1897,Druvsocker,Niacin,Socker sirap honung,0.0,mg
1897,Druvsocker,"Salt, NaCl",Socker sirap honung,0.0,g
1897,Druvsocker,"Natrium, Na",Socker sirap honung,1.0,mg
1897,Druvsocker,Monosackarider,Socker sirap honung,91.1,g
1897,Druvsocker,"Sockerarter, totalt",Socker sirap honung,91.1,g
1897,Druvsocker,Summa enkelomättade fettsyror,Socker sirap honung,0.0,g
1897,Druvsocker,"Magnesium, Mg",Socker sirap honung,0.0,mg
1897,Druvsocker,Summa mättade fettsyror,Socker sirap honung,0.0,g
1897,Druvsocker,"Kolhydrater, tillgängliga",Socker sirap honung,91.1,g
1897,Druvsocker,Kolesterol,Socker sirap honung,0.0,mg
1897,Druvsocker,"Kalium, K",Socker sirap honung,0.0,mg
1897,Druvsocker,"Jod, I",Socker sirap honung,0.0,µg
1897,Druvsocker,Fullkorn totalt,Socker sirap honung,0.0,g
1897,Druvsocker,"Folat, totalt",Socker sirap honung,0.0,µg
1897,Druvsocker,Fibrer,Socker sirap honung,0.0,g
1897,Druvsocker,"Fett, totalt",Socker sirap honung,0.0,g
1897,Druvsocker,"Järn, Fe",Socker sirap honung,0.0,mg
1897,Druvsocker,Energi (kJ),Socker sirap honung,1549.0,kJ
1897,Druvsocker,Energi (kcal),Socker sirap honung,370.0,kcal
1897,Druvsocker,Disackarider,Socker sirap honung,0.0,g
1897,Druvsocker,"Kalcium, Ca",Socker sirap honung,0.0,mg
1897,Druvsocker,Fettsyra 4:0-10:0,Socker sirap honung,0.0,g
1897,Druvsocker,DHA (C22:6),Socker sirap honung,0.0,g
1897,Druvsocker,DPA (C22:5),Socker sirap honung,0.0,g
1897,Druvsocker,EPA (C20:5),Socker sirap honung,0.0,g
1897,Druvsocker,Arakidonsyra C20:4,Socker sirap honung,0.0,g
1897,Druvsocker,Arakidinsyra C20:0,Socker sirap honung,0.0,g
1897,Druvsocker,Linolensyra C18:3,Socker sirap honung,0.0,g
1897,Druvsocker,Linolsyra C18:2,Socker sirap honung,0.0,g
1897,Druvsocker,Oljesyra C18:1,Socker sirap honung,0.0,g
1897,Druvsocker,Stearinsyra C18:0,Socker sirap honung,0.0,g
1897,Druvsocker,Palmitoljesyra C16:1,Socker sirap honung,0.0,g
1897,Druvsocker,Palmitinsyra C16:0,Socker sirap honung,0.0,g
1897,Druvsocker,Myristinsyra C14:0,Socker sirap honung,0.0,g
1897,Druvsocker,Laurinsyra C12:0,Socker sirap honung,0.0,g
1897,Druvsocker,Betakaroten/β-Karoten,Socker sirap honung,0.0,µg
1897,Druvsocker,Avfall (skal etc.),Socker sirap honung,0.0,%
1897,Druvsocker,Aska,Socker sirap honung,0.0,g
1897,Druvsocker,Alkohol,Socker sirap honung,0.0,g
1898,Fruktsocker,"Zink, Zn",Socker sirap honung,0.0,mg
1898,Fruktsocker,Vitamin E,Socker sirap honung,0.0,mg
1898,Fruktsocker,Vitamin D inkl 25-OH-D3,Socker sirap honung,0.0,µg
1898,Fruktsocker,Vitamin D,Socker sirap honung,0.0,µg
1898,Fruktsocker,Vitamin C,Socker sirap honung,0.0,mg
1898,Fruktsocker,Vitamin B6,Socker sirap honung,0.0,mg
1898,Fruktsocker,Vitamin B12,Socker sirap honung,0.0,µg
1898,Fruktsocker,Vitamin A,Socker sirap honung,0.0,RE/µg
1898,Fruktsocker,Vatten,Socker sirap honung,8.3,g
1898,Fruktsocker,Tiamin,Socker sirap honung,0.0,mg
1898,Fruktsocker,Tillsatt socker,Socker sirap honung,92.0,g
1898,Fruktsocker,Fritt socker,Socker sirap honung,92.0,g
1898,Fruktsocker,"Selen, Se",Socker sirap honung,0.0,µg
1898,Fruktsocker,Sackaros,Socker sirap honung,0.0,g
1898,Fruktsocker,Riboflavin,Socker sirap honung,0.0,mg
1898,Fruktsocker,Retinol,Socker sirap honung,0.0,µg
1898,Fruktsocker,Protein,Socker sirap honung,0.0,g
1898,Fruktsocker,Summa fleromättade fettsyror,Socker sirap honung,0.0,g
1898,Fruktsocker,"Fosfor, P",Socker sirap honung,0.0,mg
1898,Fruktsocker,Niacinekvivalenter,Socker sirap honung,0.0,NE/mg
1898,Fruktsocker,Niacin,Socker sirap honung,0.0,mg
1898,Fruktsocker,"Salt, NaCl",Socker sirap honung,0.0,g
1898,Fruktsocker,"Natrium, Na",Socker sirap honung,1.0,mg
1898,Fruktsocker,Monosackarider,Socker sirap honung,91.7,g
1898,Fruktsocker,"Sockerarter, totalt",Socker sirap honung,91.7,g
1898,Fruktsocker,Summa enkelomättade fettsyror,Socker sirap honung,0.0,g
1898,Fruktsocker,"Magnesium, Mg",Socker sirap honung,0.0,mg
1898,Fruktsocker,Summa mättade fettsyror,Socker sirap honung,0.0,g
1898,Fruktsocker,"Kolhydrater, tillgängliga",Socker sirap honung,91.7,g
1898,Fruktsocker,Kolesterol,Socker sirap honung,0.0,mg
1898,Fruktsocker,"Kalium, K",Socker sirap honung,0.0,mg
1898,Fruktsocker,"Jod, I",Socker sirap honung,0.0,µg
1898,Fruktsocker,Fullkorn totalt,Socker sirap honung,0.0,g
1898,Fruktsocker,"Folat, totalt",Socker sirap honung,0.0,µg
1898,Fruktsocker,Fibrer,Socker sirap honung,0.0,g
1898,Fruktsocker,"Fett, totalt",Socker sirap honung,0.0,g
1898,Fruktsocker,"Järn, Fe",Socker sirap honung,0.0,mg
1898,Fruktsocker,Energi (kJ),Socker sirap honung,1559.0,kJ
1898,Fruktsocker,Energi (kcal),Socker sirap honung,373.0,kcal
1898,Fruktsocker,Disackarider,Socker sirap honung,0.0,g
1898,Fruktsocker,"Kalcium, Ca",Socker sirap honung,0.0,mg
1898,Fruktsocker,Fettsyra 4:0-10:0,Socker sirap honung,0.0,g
1898,Fruktsocker,DHA (C22:6),Socker sirap honung,0.0,g
1898,Fruktsocker,DPA (C22:5),Socker sirap honung,0.0,g
1898,Fruktsocker,EPA (C20:5),Socker sirap honung,0.0,g
1898,Fruktsocker,Arakidonsyra C20:4,Socker sirap honung,0.0,g
1898,Fruktsocker,Arakidinsyra C20:0,Socker sirap honung,0.0,g
1898,Fruktsocker,Linolensyra C18:3,Socker sirap honung,0.0,g
1898,Fruktsocker,Linolsyra C18:2,Socker sirap honung,0.0,g
1898,Fruktsocker,Oljesyra C18:1,Socker sirap honung,0.0,g
1898,Fruktsocker,Stearinsyra C18:0,Socker sirap honung,0.0,g
1898,Fruktsocker,Palmitoljesyra C16:1,Socker sirap honung,0.0,g
1898,Fruktsocker,Palmitinsyra C16:0,Socker sirap honung,0.0,g
1898,Fruktsocker,Myristinsyra C14:0,Socker sirap honung,0.0,g
1898,Fruktsocker,Laurinsyra C12:0,Socker sirap honung,0.0,g
1898,Fruktsocker,Betakaroten/β-Karoten,Socker sirap honung,0.0,µg
1898,Fruktsocker,Avfall (skal etc.),Socker sirap honung,0.0,%
1898,Fruktsocker,Aska,Socker sirap honung,0.0,g
1898,Fruktsocker,Alkohol,Socker sirap honung,0.0,g
1899,Sorbitol m. sackarin,"Zink, Zn",Sötningsmedel,0.0,mg
1899,Sorbitol m. sackarin,Vitamin E,Sötningsmedel,0.0,mg
1899,Sorbitol m. sackarin,Vitamin D inkl 25-OH-D3,Sötningsmedel,0.0,µg
1899,Sorbitol m. sackarin,Vitamin D,Sötningsmedel,0.0,µg
1899,Sorbitol m. sackarin,Vitamin C,Sötningsmedel,0.0,mg
1899,Sorbitol m. sackarin,Vitamin B6,Sötningsmedel,0.0,mg
1899,Sorbitol m. sackarin,Vitamin B12,Sötningsmedel,0.0,µg
1899,Sorbitol m. sackarin,Vitamin A,Sötningsmedel,0.0,RE/µg
1899,Sorbitol m. sackarin,Vatten,Sötningsmedel,1.5,g
1899,Sorbitol m. sackarin,Tiamin,Sötningsmedel,0.0,mg
1899,Sorbitol m. sackarin,Tillsatt socker,Sötningsmedel,0.0,g
1899,Sorbitol m. sackarin,Fritt socker,Sötningsmedel,0.0,g
1899,Sorbitol m. sackarin,"Selen, Se",Sötningsmedel,0.0,µg
1899,Sorbitol m. sackarin,Sackaros,Sötningsmedel,0.0,g
1899,Sorbitol m. sackarin,Riboflavin,Sötningsmedel,0.0,mg
1899,Sorbitol m. sackarin,Retinol,Sötningsmedel,0.0,µg
1899,Sorbitol m. sackarin,Protein,Sötningsmedel,0.0,g
1899,Sorbitol m. sackarin,Summa fleromättade fettsyror,Sötningsmedel,0.0,g
1899,Sorbitol m. sackarin,"Fosfor, P",Sötningsmedel,0.0,mg
1899,Sorbitol m. sackarin,Niacinekvivalenter,Sötningsmedel,0.0,NE/mg
1899,Sorbitol m. sackarin,Niacin,Sötningsmedel,0.0,mg
1899,Sorbitol m. sackarin,"Salt, NaCl",Sötningsmedel,0.0,g
1899,Sorbitol m. sackarin,"Natrium, Na",Sötningsmedel,0.0,mg
1899,Sorbitol m. sackarin,Monosackarider,Sötningsmedel,0.0,g
1899,Sorbitol m. sackarin,"Sockerarter, totalt",Sötningsmedel,0.0,g
1899,Sorbitol m. sackarin,Summa enkelomättade fettsyror,Sötningsmedel,0.0,g
1899,Sorbitol m. sackarin,"Magnesium, Mg",Sötningsmedel,0.0,mg
1899,Sorbitol m. sackarin,Summa mättade fettsyror,Sötningsmedel,0.0,g
1899,Sorbitol m. sackarin,"Kolhydrater, tillgängliga",Sötningsmedel,98.5,g
1899,Sorbitol m. sackarin,Kolesterol,Sötningsmedel,0.0,mg
1899,Sorbitol m. sackarin,"Kalium, K",Sötningsmedel,0.0,mg
1899,Sorbitol m. sackarin,Fullkorn totalt,Sötningsmedel,0.0,g
1899,Sorbitol m. sackarin,"Folat, totalt",Sötningsmedel,0.0,µg
1899,Sorbitol m. sackarin,Fibrer,Sötningsmedel,0.0,g
1899,Sorbitol m. sackarin,"Fett, totalt",Sötningsmedel,0.0,g
1899,Sorbitol m. sackarin,"Järn, Fe",Sötningsmedel,0.0,mg
1899,Sorbitol m. sackarin,Energi (kJ),Sötningsmedel,985.0,kJ
1899,Sorbitol m. sackarin,Energi (kcal),Sötningsmedel,235.0,kcal
1899,Sorbitol m. sackarin,Disackarider,Sötningsmedel,0.0,g
1899,Sorbitol m. sackarin,"Kalcium, Ca",Sötningsmedel,0.0,mg
1899,Sorbitol m. sackarin,Fettsyra 4:0-10:0,Sötningsmedel,0.0,g
1899,Sorbitol m. sackarin,DHA (C22:6),Sötningsmedel,0.0,g
1899,Sorbitol m. sackarin,DPA (C22:5),Sötningsmedel,0.0,g
1899,Sorbitol m. sackarin,EPA (C20:5),Sötningsmedel,0.0,g
1899,Sorbitol m. sackarin,Arakidonsyra C20:4,Sötningsmedel,0.0,g
1899,Sorbitol m. sackarin,Arakidinsyra C20:0,Sötningsmedel,0.0,g
1899,Sorbitol m. sackarin,Linolensyra C18:3,Sötningsmedel,0.0,g
1899,Sorbitol m. sackarin,Linolsyra C18:2,Sötningsmedel,0.0,g
1899,Sorbitol m. sackarin,Oljesyra C18:1,Sötningsmedel,0.0,g
1899,Sorbitol m. sackarin,Stearinsyra C18:0,Sötningsmedel,0.0,g
1899,Sorbitol m. sackarin,Palmitoljesyra C16:1,Sötningsmedel,0.0,g
1899,Sorbitol m. sackarin,Palmitinsyra C16:0,Sötningsmedel,0.0,g
1899,Sorbitol m. sackarin,Myristinsyra C14:0,Sötningsmedel,0.0,g
1899,Sorbitol m. sackarin,Laurinsyra C12:0,Sötningsmedel,0.0,g
1899,Sorbitol m. sackarin,Betakaroten/β-Karoten,Sötningsmedel,0.0,µg
1899,Sorbitol m. sackarin,Avfall (skal etc.),Sötningsmedel,0.0,%
1899,Sorbitol m. sackarin,Aska,Sötningsmedel,0.0,g
1899,Sorbitol m. sackarin,Alkohol,Sötningsmedel,0.0,g
1900,"Svagdricka vol. % 2,3","Zink, Zn",Öl,0.0,mg
1900,"Svagdricka vol. % 2,3",Vitamin E,Öl,0.0,mg
1900,"Svagdricka vol. % 2,3",Vitamin D inkl 25-OH-D3,Öl,0.0,µg
1900,"Svagdricka vol. % 2,3",Vitamin D,Öl,0.0,µg
1900,"Svagdricka vol. % 2,3",Vitamin C,Öl,0.0,mg
1900,"Svagdricka vol. % 2,3",Vitamin B6,Öl,0.03,mg
1900,"Svagdricka vol. % 2,3",Vitamin B12,Öl,0.0,µg
1900,"Svagdricka vol. % 2,3",Vitamin A,Öl,0.0,RE/µg
1900,"Svagdricka vol. % 2,3",Vatten,Öl,94.0,g
1900,"Svagdricka vol. % 2,3",Tiamin,Öl,0.0,mg
1900,"Svagdricka vol. % 2,3",Tillsatt socker,Öl,0.0,g
1900,"Svagdricka vol. % 2,3",Fritt socker,Öl,0.0,g
1900,"Svagdricka vol. % 2,3","Selen, Se",Öl,0.0,µg
1900,"Svagdricka vol. % 2,3",Sackaros,Öl,0.0,g
1900,"Svagdricka vol. % 2,3",Riboflavin,Öl,0.02,mg
1900,"Svagdricka vol. % 2,3",Retinol,Öl,0.0,µg
1900,"Svagdricka vol. % 2,3",Protein,Öl,0.2,g
1900,"Svagdricka vol. % 2,3",Summa fleromättade fettsyror,Öl,0.0,g
1900,"Svagdricka vol. % 2,3","Fosfor, P",Öl,15.0,mg
1900,"Svagdricka vol. % 2,3",Niacinekvivalenter,Öl,0.33,NE/mg
1900,"Svagdricka vol. % 2,3",Niacin,Öl,0.3,mg
1900,"Svagdricka vol. % 2,3","Salt, NaCl",Öl,0.0,g
1900,"Svagdricka vol. % 2,3","Natrium, Na",Öl,3.0,mg
1900,"Svagdricka vol. % 2,3",Monosackarider,Öl,0.5,g
1900,"Svagdricka vol. % 2,3","Sockerarter, totalt",Öl,0.5,g
1900,"Svagdricka vol. % 2,3",Summa enkelomättade fettsyror,Öl,0.0,g
1900,"Svagdricka vol. % 2,3","Magnesium, Mg",Öl,8.0,mg
1900,"Svagdricka vol. % 2,3",Summa mättade fettsyror,Öl,0.0,g
1900,"Svagdricka vol. % 2,3","Kolhydrater, tillgängliga",Öl,3.8,g
1900,"Svagdricka vol. % 2,3",Kolesterol,Öl,0.0,mg
1900,"Svagdricka vol. % 2,3","Kalium, K",Öl,16.0,mg
1900,"Svagdricka vol. % 2,3","Jod, I",Öl,1.4,µg
1900,"Svagdricka vol. % 2,3",Fullkorn totalt,Öl,0.0,g
1900,"Svagdricka vol. % 2,3","Folat, totalt",Öl,0.0,µg
1900,"Svagdricka vol. % 2,3",Fibrer,Öl,0.0,g
1900,"Svagdricka vol. % 2,3","Fett, totalt",Öl,0.0,g
1900,"Svagdricka vol. % 2,3","Järn, Fe",Öl,0.0,mg
1900,"Svagdricka vol. % 2,3",Energi (kJ),Öl,120.0,kJ
1900,"Svagdricka vol. % 2,3",Energi (kcal),Öl,29.0,kcal
1900,"Svagdricka vol. % 2,3",Disackarider,Öl,0.0,g
1900,"Svagdricka vol. % 2,3","Kalcium, Ca",Öl,6.0,mg
1900,"Svagdricka vol. % 2,3",Fettsyra 4:0-10:0,Öl,0.0,g
1900,"Svagdricka vol. % 2,3",DHA (C22:6),Öl,0.0,g
1900,"Svagdricka vol. % 2,3",DPA (C22:5),Öl,0.0,g
1900,"Svagdricka vol. % 2,3",EPA (C20:5),Öl,0.0,g
1900,"Svagdricka vol. % 2,3",Arakidonsyra C20:4,Öl,0.0,g
1900,"Svagdricka vol. % 2,3",Arakidinsyra C20:0,Öl,0.0,g
1900,"Svagdricka vol. % 2,3",Linolensyra C18:3,Öl,0.0,g
1900,"Svagdricka vol. % 2,3",Linolsyra C18:2,Öl,0.0,g
1900,"Svagdricka vol. % 2,3",Oljesyra C18:1,Öl,0.0,g
1900,"Svagdricka vol. % 2,3",Stearinsyra C18:0,Öl,0.0,g
1900,"Svagdricka vol. % 2,3",Palmitoljesyra C16:1,Öl,0.0,g
1900,"Svagdricka vol. % 2,3",Palmitinsyra C16:0,Öl,0.0,g
1900,"Svagdricka vol. % 2,3",Myristinsyra C14:0,Öl,0.0,g
1900,"Svagdricka vol. % 2,3",Laurinsyra C12:0,Öl,0.0,g
1900,"Svagdricka vol. % 2,3",Betakaroten/β-Karoten,Öl,0.0,µg
1900,"Svagdricka vol. % 2,3",Avfall (skal etc.),Öl,0.0,%
1900,"Svagdricka vol. % 2,3",Aska,Öl,0.2,g
1900,"Svagdricka vol. % 2,3",Alkohol,Öl,1.8,g
1901,"Öl lättöl vol. % 2,3","Zink, Zn",Öl,0.0,mg
1901,"Öl lättöl vol. % 2,3",Vitamin E,Öl,0.0,mg
1901,"Öl lättöl vol. % 2,3",Vitamin D inkl 25-OH-D3,Öl,0.0,µg
1901,"Öl lättöl vol. % 2,3",Vitamin D,Öl,0.0,µg
1901,"Öl lättöl vol. % 2,3",Vitamin C,Öl,0.0,mg
1901,"Öl lättöl vol. % 2,3",Vitamin B6,Öl,0.03,mg
1901,"Öl lättöl vol. % 2,3",Vitamin B12,Öl,0.0,µg
1901,"Öl lättöl vol. % 2,3",Vitamin A,Öl,0.0,RE/µg
1901,"Öl lättöl vol. % 2,3",Vatten,Öl,94.0,g
1901,"Öl lättöl vol. % 2,3",Tiamin,Öl,0.0,mg
1901,"Öl lättöl vol. % 2,3",Tillsatt socker,Öl,0.0,g
1901,"Öl lättöl vol. % 2,3",Fritt socker,Öl,0.0,g
1901,"Öl lättöl vol. % 2,3","Selen, Se",Öl,0.0,µg
1901,"Öl lättöl vol. % 2,3",Sackaros,Öl,0.0,g
1901,"Öl lättöl vol. % 2,3",Riboflavin,Öl,0.02,mg
1901,"Öl lättöl vol. % 2,3",Retinol,Öl,0.0,µg
1901,"Öl lättöl vol. % 2,3",Protein,Öl,0.2,g
1901,"Öl lättöl vol. % 2,3",Summa fleromättade fettsyror,Öl,0.0,g
1901,"Öl lättöl vol. % 2,3","Fosfor, P",Öl,15.0,mg
1901,"Öl lättöl vol. % 2,3",Niacinekvivalenter,Öl,0.33,NE/mg
1901,"Öl lättöl vol. % 2,3",Niacin,Öl,0.3,mg
1901,"Öl lättöl vol. % 2,3","Salt, NaCl",Öl,0.0,g
1901,"Öl lättöl vol. % 2,3","Natrium, Na",Öl,3.0,mg
1901,"Öl lättöl vol. % 2,3",Monosackarider,Öl,0.5,g
1901,"Öl lättöl vol. % 2,3","Sockerarter, totalt",Öl,0.5,g
1901,"Öl lättöl vol. % 2,3",Summa enkelomättade fettsyror,Öl,0.0,g
1901,"Öl lättöl vol. % 2,3","Magnesium, Mg",Öl,8.0,mg
1901,"Öl lättöl vol. % 2,3",Summa mättade fettsyror,Öl,0.0,g
1901,"Öl lättöl vol. % 2,3","Kolhydrater, tillgängliga",Öl,3.8,g
1901,"Öl lättöl vol. % 2,3",Kolesterol,Öl,0.0,mg
1901,"Öl lättöl vol. % 2,3","Kalium, K",Öl,23.0,mg
1901,"Öl lättöl vol. % 2,3","Jod, I",Öl,1.4,µg
1901,"Öl lättöl vol. % 2,3",Fullkorn totalt,Öl,0.0,g
1901,"Öl lättöl vol. % 2,3","Folat, totalt",Öl,0.0,µg
1901,"Öl lättöl vol. % 2,3",Fibrer,Öl,0.0,g
1901,"Öl lättöl vol. % 2,3","Fett, totalt",Öl,0.0,g
1901,"Öl lättöl vol. % 2,3","Järn, Fe",Öl,0.0,mg
1901,"Öl lättöl vol. % 2,3",Energi (kJ),Öl,120.0,kJ
1901,"Öl lättöl vol. % 2,3",Energi (kcal),Öl,29.0,kcal
1901,"Öl lättöl vol. % 2,3",Disackarider,Öl,0.0,g
1901,"Öl lättöl vol. % 2,3","Kalcium, Ca",Öl,6.0,mg
1901,"Öl lättöl vol. % 2,3",Fettsyra 4:0-10:0,Öl,0.0,g
1901,"Öl lättöl vol. % 2,3",DHA (C22:6),Öl,0.0,g
1901,"Öl lättöl vol. % 2,3",DPA (C22:5),Öl,0.0,g
1901,"Öl lättöl vol. % 2,3",EPA (C20:5),Öl,0.0,g
1901,"Öl lättöl vol. % 2,3",Arakidonsyra C20:4,Öl,0.0,g
1901,"Öl lättöl vol. % 2,3",Arakidinsyra C20:0,Öl,0.0,g
1901,"Öl lättöl vol. % 2,3",Linolensyra C18:3,Öl,0.0,g
1901,"Öl lättöl vol. % 2,3",Linolsyra C18:2,Öl,0.0,g
1901,"Öl lättöl vol. % 2,3",Oljesyra C18:1,Öl,0.0,g
1901,"Öl lättöl vol. % 2,3",Stearinsyra C18:0,Öl,0.0,g
1901,"Öl lättöl vol. % 2,3",Palmitoljesyra C16:1,Öl,0.0,g
1901,"Öl lättöl vol. % 2,3",Palmitinsyra C16:0,Öl,0.0,g
1901,"Öl lättöl vol. % 2,3",Myristinsyra C14:0,Öl,0.0,g
1901,"Öl lättöl vol. % 2,3",Laurinsyra C12:0,Öl,0.0,g
1901,"Öl lättöl vol. % 2,3",Betakaroten/β-Karoten,Öl,0.0,µg
1901,"Öl lättöl vol. % 2,3",Avfall (skal etc.),Öl,0.0,%
1901,"Öl lättöl vol. % 2,3",Aska,Öl,0.2,g
1901,"Öl lättöl vol. % 2,3",Alkohol,Öl,1.8,g
1902,"Öl pilsner folköl vol. % 3,5","Zink, Zn",Öl,0.0,mg
1902,"Öl pilsner folköl vol. % 3,5",Vitamin E,Öl,0.0,mg
1902,"Öl pilsner folköl vol. % 3,5",Vitamin D inkl 25-OH-D3,Öl,0.0,µg
1902,"Öl pilsner folköl vol. % 3,5",Vitamin D,Öl,0.0,µg
1902,"Öl pilsner folköl vol. % 3,5",Vitamin C,Öl,0.0,mg
1902,"Öl pilsner folköl vol. % 3,5",Vitamin B6,Öl,0.03,mg
1902,"Öl pilsner folköl vol. % 3,5",Vitamin B12,Öl,0.0,µg
1902,"Öl pilsner folköl vol. % 3,5",Vitamin A,Öl,0.0,RE/µg
1902,"Öl pilsner folköl vol. % 3,5",Vatten,Öl,92.0,g
1902,"Öl pilsner folköl vol. % 3,5",Tiamin,Öl,0.0,mg
1902,"Öl pilsner folköl vol. % 3,5",Tillsatt socker,Öl,0.0,g
1902,"Öl pilsner folköl vol. % 3,5",Fritt socker,Öl,0.0,g
1902,"Öl pilsner folköl vol. % 3,5","Selen, Se",Öl,0.0,µg
1902,"Öl pilsner folköl vol. % 3,5",Sackaros,Öl,0.0,g
1902,"Öl pilsner folköl vol. % 3,5",Riboflavin,Öl,0.02,mg
1902,"Öl pilsner folköl vol. % 3,5",Retinol,Öl,0.0,µg
1902,"Öl pilsner folköl vol. % 3,5",Protein,Öl,0.4,g
1902,"Öl pilsner folköl vol. % 3,5",Summa fleromättade fettsyror,Öl,0.0,g
1902,"Öl pilsner folköl vol. % 3,5","Fosfor, P",Öl,22.0,mg
1902,"Öl pilsner folköl vol. % 3,5",Niacinekvivalenter,Öl,0.37,NE/mg
1902,"Öl pilsner folköl vol. % 3,5",Niacin,Öl,0.3,mg
1902,"Öl pilsner folköl vol. % 3,5","Salt, NaCl",Öl,0.0,g
1902,"Öl pilsner folköl vol. % 3,5","Natrium, Na",Öl,3.0,mg
1902,"Öl pilsner folköl vol. % 3,5",Monosackarider,Öl,0.3,g
1902,"Öl pilsner folköl vol. % 3,5","Sockerarter, totalt",Öl,0.3,g
1902,"Öl pilsner folköl vol. % 3,5",Summa enkelomättade fettsyror,Öl,0.0,g
1902,"Öl pilsner folköl vol. % 3,5","Magnesium, Mg",Öl,10.0,mg
1902,"Öl pilsner folköl vol. % 3,5",Summa mättade fettsyror,Öl,0.0,g
1902,"Öl pilsner folköl vol. % 3,5","Kolhydrater, tillgängliga",Öl,4.6,g
1902,"Öl pilsner folköl vol. % 3,5",Kolesterol,Öl,0.0,mg
1902,"Öl pilsner folköl vol. % 3,5","Kalium, K",Öl,26.0,mg
1902,"Öl pilsner folköl vol. % 3,5","Jod, I",Öl,1.4,µg
1902,"Öl pilsner folköl vol. % 3,5",Fullkorn totalt,Öl,0.0,g
1902,"Öl pilsner folköl vol. % 3,5","Folat, totalt",Öl,0.0,µg
1902,"Öl pilsner folköl vol. % 3,5",Fibrer,Öl,0.0,g
1902,"Öl pilsner folköl vol. % 3,5","Fett, totalt",Öl,0.0,g
1902,"Öl pilsner folköl vol. % 3,5","Järn, Fe",Öl,0.0,mg
1902,"Öl pilsner folköl vol. % 3,5",Energi (kJ),Öl,166.0,kJ
1902,"Öl pilsner folköl vol. % 3,5",Energi (kcal),Öl,40.0,kcal
1902,"Öl pilsner folköl vol. % 3,5",Disackarider,Öl,0.0,g
1902,"Öl pilsner folköl vol. % 3,5","Kalcium, Ca",Öl,4.0,mg
1902,"Öl pilsner folköl vol. % 3,5",Fettsyra 4:0-10:0,Öl,0.0,g
1902,"Öl pilsner folköl vol. % 3,5",DHA (C22:6),Öl,0.0,g
1902,"Öl pilsner folköl vol. % 3,5",DPA (C22:5),Öl,0.0,g
1902,"Öl pilsner folköl vol. % 3,5",EPA (C20:5),Öl,0.0,g
1902,"Öl pilsner folköl vol. % 3,5",Arakidonsyra C20:4,Öl,0.0,g
1902,"Öl pilsner folköl vol. % 3,5",Arakidinsyra C20:0,Öl,0.0,g
1902,"Öl pilsner folköl vol. % 3,5",Linolensyra C18:3,Öl,0.0,g
1902,"Öl pilsner folköl vol. % 3,5",Linolsyra C18:2,Öl,0.0,g
1902,"Öl pilsner folköl vol. % 3,5",Oljesyra C18:1,Öl,0.0,g
1902,"Öl pilsner folköl vol. % 3,5",Stearinsyra C18:0,Öl,0.0,g
1902,"Öl pilsner folköl vol. % 3,5",Palmitoljesyra C16:1,Öl,0.0,g
1902,"Öl pilsner folköl vol. % 3,5",Palmitinsyra C16:0,Öl,0.0,g
1902,"Öl pilsner folköl vol. % 3,5",Myristinsyra C14:0,Öl,0.0,g
1902,"Öl pilsner folköl vol. % 3,5",Laurinsyra C12:0,Öl,0.0,g
1902,"Öl pilsner folköl vol. % 3,5",Betakaroten/β-Karoten,Öl,0.0,µg
1902,"Öl pilsner folköl vol. % 3,5",Avfall (skal etc.),Öl,0.0,%
1902,"Öl pilsner folköl vol. % 3,5",Aska,Öl,0.2,g
1902,"Öl pilsner folköl vol. % 3,5",Alkohol,Öl,2.8,g
1903,Cider vol. % 1,"Zink, Zn",Cider alkoläsk drink,0.3,mg
1903,Cider vol. % 1,Vitamin E,Cider alkoläsk drink,0.0,mg
1903,Cider vol. % 1,Vitamin D inkl 25-OH-D3,Cider alkoläsk drink,0.0,µg
1903,Cider vol. % 1,Vitamin D,Cider alkoläsk drink,0.0,µg
1903,Cider vol. % 1,Vitamin C,Cider alkoläsk drink,0.0,mg
1903,Cider vol. % 1,Vitamin B6,Cider alkoläsk drink,0.0,mg
1903,Cider vol. % 1,Vitamin B12,Cider alkoläsk drink,0.0,µg
1903,Cider vol. % 1,Vitamin A,Cider alkoläsk drink,0.0,RE/µg
1903,Cider vol. % 1,Vatten,Cider alkoläsk drink,89.0,g
1903,Cider vol. % 1,Tiamin,Cider alkoläsk drink,0.0,mg
1903,Cider vol. % 1,Tillsatt socker,Cider alkoläsk drink,7.0,g
1903,Cider vol. % 1,Fritt socker,Cider alkoläsk drink,10.0,g
1903,Cider vol. % 1,"Selen, Se",Cider alkoläsk drink,0.0,µg
1903,Cider vol. % 1,Sackaros,Cider alkoläsk drink,2.8,g
1903,Cider vol. % 1,Riboflavin,Cider alkoläsk drink,0.0,mg
1903,Cider vol. % 1,Retinol,Cider alkoläsk drink,0.0,µg
1903,Cider vol. % 1,Protein,Cider alkoläsk drink,0.0,g
1903,Cider vol. % 1,Summa fleromättade fettsyror,Cider alkoläsk drink,0.0,g
1903,Cider vol. % 1,"Fosfor, P",Cider alkoläsk drink,5.0,mg
1903,Cider vol. % 1,Niacinekvivalenter,Cider alkoläsk drink,0.0,NE/mg
1903,Cider vol. % 1,Niacin,Cider alkoläsk drink,0.0,mg
1903,Cider vol. % 1,"Salt, NaCl",Cider alkoläsk drink,0.0,g
1903,Cider vol. % 1,"Natrium, Na",Cider alkoläsk drink,7.0,mg
1903,Cider vol. % 1,Monosackarider,Cider alkoläsk drink,7.3,g
1903,Cider vol. % 1,"Sockerarter, totalt",Cider alkoläsk drink,10.1,g
1903,Cider vol. % 1,Summa enkelomättade fettsyror,Cider alkoläsk drink,0.0,g
1903,Cider vol. % 1,"Magnesium, Mg",Cider alkoläsk drink,3.0,mg
1903,Cider vol. % 1,Summa mättade fettsyror,Cider alkoläsk drink,0.0,g
1903,Cider vol. % 1,"Kolhydrater, tillgängliga",Cider alkoläsk drink,10.1,g
1903,Cider vol. % 1,Kolesterol,Cider alkoläsk drink,0.0,mg
1903,Cider vol. % 1,"Kalium, K",Cider alkoläsk drink,17.0,mg
1903,Cider vol. % 1,"Jod, I",Cider alkoläsk drink,0.0,µg
1903,Cider vol. % 1,Fullkorn totalt,Cider alkoläsk drink,0.0,g
1903,Cider vol. % 1,"Folat, totalt",Cider alkoläsk drink,0.0,µg
1903,Cider vol. % 1,Fibrer,Cider alkoläsk drink,0.0,g
1903,Cider vol. % 1,"Fett, totalt",Cider alkoläsk drink,0.0,g
1903,Cider vol. % 1,"Järn, Fe",Cider alkoläsk drink,0.2,mg
1903,Cider vol. % 1,Energi (kJ),Cider alkoläsk drink,195.0,kJ
1903,Cider vol. % 1,Energi (kcal),Cider alkoläsk drink,47.0,kcal
1903,Cider vol. % 1,Disackarider,Cider alkoläsk drink,2.8,g
1903,Cider vol. % 1,"Kalcium, Ca",Cider alkoläsk drink,9.0,mg
1903,Cider vol. % 1,Fettsyra 4:0-10:0,Cider alkoläsk drink,0.0,g
1903,Cider vol. % 1,DHA (C22:6),Cider alkoläsk drink,0.0,g
1903,Cider vol. % 1,DPA (C22:5),Cider alkoläsk drink,0.0,g
1903,Cider vol. % 1,EPA (C20:5),Cider alkoläsk drink,0.0,g
1903,Cider vol. % 1,Arakidonsyra C20:4,Cider alkoläsk drink,0.0,g
1903,Cider vol. % 1,Arakidinsyra C20:0,Cider alkoläsk drink,0.0,g
1903,Cider vol. % 1,Linolensyra C18:3,Cider alkoläsk drink,0.0,g
1903,Cider vol. % 1,Linolsyra C18:2,Cider alkoläsk drink,0.0,g
1903,Cider vol. % 1,Oljesyra C18:1,Cider alkoläsk drink,0.0,g
1903,Cider vol. % 1,Stearinsyra C18:0,Cider alkoläsk drink,0.0,g
1903,Cider vol. % 1,Palmitoljesyra C16:1,Cider alkoläsk drink,0.0,g
1903,Cider vol. % 1,Palmitinsyra C16:0,Cider alkoläsk drink,0.0,g
1903,Cider vol. % 1,Myristinsyra C14:0,Cider alkoläsk drink,0.0,g
1903,Cider vol. % 1,Laurinsyra C12:0,Cider alkoläsk drink,0.0,g
1903,Cider vol. % 1,Betakaroten/β-Karoten,Cider alkoläsk drink,0.0,µg
1903,Cider vol. % 1,Avfall (skal etc.),Cider alkoläsk drink,0.0,%
1903,Cider vol. % 1,Aska,Cider alkoläsk drink,0.1,g
1903,Cider vol. % 1,Alkohol,Cider alkoläsk drink,0.8,g
1904,Vin vitt vol. % 1,"Zink, Zn",Vin,0.0,mg
1904,Vin vitt vol. % 1,Vitamin E,Vin,0.0,mg
1904,Vin vitt vol. % 1,Vitamin D inkl 25-OH-D3,Vin,0.0,µg
1904,Vin vitt vol. % 1,Vitamin D,Vin,0.0,µg
1904,Vin vitt vol. % 1,Vitamin C,Vin,0.0,mg
1904,Vin vitt vol. % 1,Vitamin B6,Vin,0.0,mg
1904,Vin vitt vol. % 1,Vitamin B12,Vin,0.0,µg
1904,Vin vitt vol. % 1,Vitamin A,Vin,0.0,RE/µg
1904,Vin vitt vol. % 1,Vatten,Vin,96.1,g
1904,Vin vitt vol. % 1,Tiamin,Vin,0.0,mg
1904,Vin vitt vol. % 1,Tillsatt socker,Vin,0.0,g
1904,Vin vitt vol. % 1,Fritt socker,Vin,3.0,g
1904,Vin vitt vol. % 1,"Selen, Se",Vin,0.1,µg
1904,Vin vitt vol. % 1,Sackaros,Vin,0.4,g
1904,Vin vitt vol. % 1,Riboflavin,Vin,0.0,mg
1904,Vin vitt vol. % 1,Retinol,Vin,0.0,µg
1904,Vin vitt vol. % 1,Protein,Vin,0.0,g
1904,Vin vitt vol. % 1,Summa fleromättade fettsyror,Vin,0.0,g
1904,Vin vitt vol. % 1,"Fosfor, P",Vin,20.0,mg
1904,Vin vitt vol. % 1,Niacinekvivalenter,Vin,0.0,NE/mg
1904,Vin vitt vol. % 1,Niacin,Vin,0.0,mg
1904,Vin vitt vol. % 1,"Salt, NaCl",Vin,0.0,g
1904,Vin vitt vol. % 1,"Natrium, Na",Vin,3.0,mg
1904,Vin vitt vol. % 1,Monosackarider,Vin,2.4,g
1904,Vin vitt vol. % 1,"Sockerarter, totalt",Vin,2.8,g
1904,Vin vitt vol. % 1,Summa enkelomättade fettsyror,Vin,0.0,g
1904,Vin vitt vol. % 1,"Magnesium, Mg",Vin,3.0,mg
1904,Vin vitt vol. % 1,Summa mättade fettsyror,Vin,0.0,g
1904,Vin vitt vol. % 1,"Kolhydrater, tillgängliga",Vin,2.8,g
1904,Vin vitt vol. % 1,Kolesterol,Vin,0.0,mg
1904,Vin vitt vol. % 1,"Kalium, K",Vin,70.0,mg
1904,Vin vitt vol. % 1,"Jod, I",Vin,1.5,µg
1904,Vin vitt vol. % 1,Fullkorn totalt,Vin,0.0,g
1904,Vin vitt vol. % 1,"Folat, totalt",Vin,0.0,µg
1904,Vin vitt vol. % 1,Fibrer,Vin,0.0,g
1904,Vin vitt vol. % 1,"Fett, totalt",Vin,0.0,g
1904,Vin vitt vol. % 1,"Järn, Fe",Vin,0.6,mg
1904,Vin vitt vol. % 1,Energi (kJ),Vin,71.0,kJ
1904,Vin vitt vol. % 1,Energi (kcal),Vin,17.0,kcal
1904,Vin vitt vol. % 1,Disackarider,Vin,0.4,g
1904,Vin vitt vol. % 1,"Kalcium, Ca",Vin,44.0,mg
1904,Vin vitt vol. % 1,Fettsyra 4:0-10:0,Vin,0.0,g
1904,Vin vitt vol. % 1,DHA (C22:6),Vin,0.0,g
1904,Vin vitt vol. % 1,DPA (C22:5),Vin,0.0,g
1904,Vin vitt vol. % 1,EPA (C20:5),Vin,0.0,g
1904,Vin vitt vol. % 1,Arakidonsyra C20:4,Vin,0.0,g
1904,Vin vitt vol. % 1,Arakidinsyra C20:0,Vin,0.0,g
1904,Vin vitt vol. % 1,Linolensyra C18:3,Vin,0.0,g
1904,Vin vitt vol. % 1,Linolsyra C18:2,Vin,0.0,g
1904,Vin vitt vol. % 1,Oljesyra C18:1,Vin,0.0,g
1904,Vin vitt vol. % 1,Stearinsyra C18:0,Vin,0.0,g
1904,Vin vitt vol. % 1,Palmitoljesyra C16:1,Vin,0.0,g
1904,Vin vitt vol. % 1,Palmitinsyra C16:0,Vin,0.0,g
1904,Vin vitt vol. % 1,Myristinsyra C14:0,Vin,0.0,g
1904,Vin vitt vol. % 1,Laurinsyra C12:0,Vin,0.0,g
1904,Vin vitt vol. % 1,Betakaroten/β-Karoten,Vin,0.0,µg
1904,Vin vitt vol. % 1,Avfall (skal etc.),Vin,0.0,%
1904,Vin vitt vol. % 1,Aska,Vin,0.3,g
1904,Vin vitt vol. % 1,Alkohol,Vin,0.8,g
1905,Vin rött el. rosé vol. % 1,"Zink, Zn",Vin,0.0,mg
1905,Vin rött el. rosé vol. % 1,Vitamin E,Vin,0.0,mg
1905,Vin rött el. rosé vol. % 1,Vitamin D inkl 25-OH-D3,Vin,0.0,µg
1905,Vin rött el. rosé vol. % 1,Vitamin D,Vin,0.0,µg
1905,Vin rött el. rosé vol. % 1,Vitamin C,Vin,0.0,mg
1905,Vin rött el. rosé vol. % 1,Vitamin B6,Vin,0.0,mg
1905,Vin rött el. rosé vol. % 1,Vitamin B12,Vin,0.0,µg
1905,Vin rött el. rosé vol. % 1,Vitamin A,Vin,0.0,RE/µg
1905,Vin rött el. rosé vol. % 1,Vatten,Vin,96.2,g
1905,Vin rött el. rosé vol. % 1,Tiamin,Vin,0.0,mg
1905,Vin rött el. rosé vol. % 1,Tillsatt socker,Vin,0.0,g
1905,Vin rött el. rosé vol. % 1,Fritt socker,Vin,3.0,g
1905,Vin rött el. rosé vol. % 1,"Selen, Se",Vin,0.1,µg
1905,Vin rött el. rosé vol. % 1,Sackaros,Vin,0.4,g
1905,Vin rött el. rosé vol. % 1,Riboflavin,Vin,0.0,mg
1905,Vin rött el. rosé vol. % 1,Retinol,Vin,0.0,µg
1905,Vin rött el. rosé vol. % 1,Protein,Vin,0.0,g
1905,Vin rött el. rosé vol. % 1,Summa fleromättade fettsyror,Vin,0.0,g
1905,Vin rött el. rosé vol. % 1,"Fosfor, P",Vin,15.0,mg
1905,Vin rött el. rosé vol. % 1,Niacinekvivalenter,Vin,0.0,NE/mg
1905,Vin rött el. rosé vol. % 1,Niacin,Vin,0.0,mg
1905,Vin rött el. rosé vol. % 1,"Salt, NaCl",Vin,0.0,g
1905,Vin rött el. rosé vol. % 1,"Natrium, Na",Vin,3.0,mg
1905,Vin rött el. rosé vol. % 1,Monosackarider,Vin,2.4,g
1905,Vin rött el. rosé vol. % 1,"Sockerarter, totalt",Vin,2.8,g
1905,Vin rött el. rosé vol. % 1,Summa enkelomättade fettsyror,Vin,0.0,g
1905,Vin rött el. rosé vol. % 1,"Magnesium, Mg",Vin,12.0,mg
1905,Vin rött el. rosé vol. % 1,Summa mättade fettsyror,Vin,0.0,g
1905,Vin rött el. rosé vol. % 1,"Kolhydrater, tillgängliga",Vin,2.8,g
1905,Vin rött el. rosé vol. % 1,Kolesterol,Vin,0.0,mg
1905,Vin rött el. rosé vol. % 1,"Kalium, K",Vin,110.0,mg
1905,Vin rött el. rosé vol. % 1,"Jod, I",Vin,1.2,µg
1905,Vin rött el. rosé vol. % 1,Fullkorn totalt,Vin,0.0,g
1905,Vin rött el. rosé vol. % 1,"Folat, totalt",Vin,0.0,µg
1905,Vin rött el. rosé vol. % 1,Fibrer,Vin,0.0,g
1905,Vin rött el. rosé vol. % 1,"Fett, totalt",Vin,0.0,g
1905,Vin rött el. rosé vol. % 1,"Järn, Fe",Vin,1.1,mg
1905,Vin rött el. rosé vol. % 1,Energi (kJ),Vin,71.0,kJ
1905,Vin rött el. rosé vol. % 1,Energi (kcal),Vin,17.0,kcal
1905,Vin rött el. rosé vol. % 1,Disackarider,Vin,0.4,g
1905,Vin rött el. rosé vol. % 1,"Kalcium, Ca",Vin,7.0,mg
1905,Vin rött el. rosé vol. % 1,Fettsyra 4:0-10:0,Vin,0.0,g
1905,Vin rött el. rosé vol. % 1,DHA (C22:6),Vin,0.0,g
1905,Vin rött el. rosé vol. % 1,DPA (C22:5),Vin,0.0,g
1905,Vin rött el. rosé vol. % 1,EPA (C20:5),Vin,0.0,g
1905,Vin rött el. rosé vol. % 1,Arakidonsyra C20:4,Vin,0.0,g
1905,Vin rött el. rosé vol. % 1,Arakidinsyra C20:0,Vin,0.0,g
1905,Vin rött el. rosé vol. % 1,Linolensyra C18:3,Vin,0.0,g
1905,Vin rött el. rosé vol. % 1,Linolsyra C18:2,Vin,0.0,g
1905,Vin rött el. rosé vol. % 1,Oljesyra C18:1,Vin,0.0,g
1905,Vin rött el. rosé vol. % 1,Stearinsyra C18:0,Vin,0.0,g
1905,Vin rött el. rosé vol. % 1,Palmitoljesyra C16:1,Vin,0.0,g
1905,Vin rött el. rosé vol. % 1,Palmitinsyra C16:0,Vin,0.0,g
1905,Vin rött el. rosé vol. % 1,Myristinsyra C14:0,Vin,0.0,g
1905,Vin rött el. rosé vol. % 1,Laurinsyra C12:0,Vin,0.0,g
1905,Vin rött el. rosé vol. % 1,Betakaroten/β-Karoten,Vin,0.0,µg
1905,Vin rött el. rosé vol. % 1,Avfall (skal etc.),Vin,0.0,%
1905,Vin rött el. rosé vol. % 1,Aska,Vin,0.2,g
1905,Vin rött el. rosé vol. % 1,Alkohol,Vin,0.8,g
1906,"Öl starköl el. exportöl vol. % 5,4","Zink, Zn",Öl,0.0,mg
1906,"Öl starköl el. exportöl vol. % 5,4",Vitamin E,Öl,0.0,mg
1906,"Öl starköl el. exportöl vol. % 5,4",Vitamin D inkl 25-OH-D3,Öl,0.0,µg
1906,"Öl starköl el. exportöl vol. % 5,4",Vitamin D,Öl,0.0,µg
1906,"Öl starköl el. exportöl vol. % 5,4",Vitamin C,Öl,0.0,mg
1906,"Öl starköl el. exportöl vol. % 5,4",Vitamin B6,Öl,0.0,mg
1906,"Öl starköl el. exportöl vol. % 5,4",Vitamin B12,Öl,0.0,µg
1906,"Öl starköl el. exportöl vol. % 5,4",Vitamin A,Öl,0.0,RE/µg
1906,"Öl starköl el. exportöl vol. % 5,4",Vatten,Öl,92.6,g
1906,"Öl starköl el. exportöl vol. % 5,4",Tiamin,Öl,0.0,mg
1906,"Öl starköl el. exportöl vol. % 5,4",Tillsatt socker,Öl,0.0,g
1906,"Öl starköl el. exportöl vol. % 5,4",Fritt socker,Öl,0.0,g
1906,"Öl starköl el. exportöl vol. % 5,4","Selen, Se",Öl,0.0,µg
1906,"Öl starköl el. exportöl vol. % 5,4",Sackaros,Öl,0.0,g
1906,"Öl starköl el. exportöl vol. % 5,4",Riboflavin,Öl,0.03,mg
1906,"Öl starköl el. exportöl vol. % 5,4",Retinol,Öl,0.0,µg
1906,"Öl starköl el. exportöl vol. % 5,4",Protein,Öl,0.0,g
1906,"Öl starköl el. exportöl vol. % 5,4",Summa fleromättade fettsyror,Öl,0.0,g
1906,"Öl starköl el. exportöl vol. % 5,4","Fosfor, P",Öl,23.0,mg
1906,"Öl starköl el. exportöl vol. % 5,4",Niacinekvivalenter,Öl,0.6,NE/mg
1906,"Öl starköl el. exportöl vol. % 5,4",Niacin,Öl,0.64,mg
1906,"Öl starköl el. exportöl vol. % 5,4","Salt, NaCl",Öl,0.0,g
1906,"Öl starköl el. exportöl vol. % 5,4","Natrium, Na",Öl,2.0,mg
1906,"Öl starköl el. exportöl vol. % 5,4",Monosackarider,Öl,0.0,g
1906,"Öl starköl el. exportöl vol. % 5,4","Sockerarter, totalt",Öl,0.0,g
1906,"Öl starköl el. exportöl vol. % 5,4",Summa enkelomättade fettsyror,Öl,0.0,g
1906,"Öl starköl el. exportöl vol. % 5,4","Magnesium, Mg",Öl,7.0,mg
1906,"Öl starköl el. exportöl vol. % 5,4",Summa mättade fettsyror,Öl,0.0,g
1906,"Öl starköl el. exportöl vol. % 5,4","Kolhydrater, tillgängliga",Öl,3.0,g
1906,"Öl starköl el. exportöl vol. % 5,4",Kolesterol,Öl,0.0,mg
1906,"Öl starköl el. exportöl vol. % 5,4","Kalium, K",Öl,49.0,mg
1906,"Öl starköl el. exportöl vol. % 5,4","Jod, I",Öl,1.4,µg
1906,"Öl starköl el. exportöl vol. % 5,4",Fullkorn totalt,Öl,0.0,g
1906,"Öl starköl el. exportöl vol. % 5,4","Folat, totalt",Öl,10.2,µg
1906,"Öl starköl el. exportöl vol. % 5,4",Fibrer,Öl,0.0,g
1906,"Öl starköl el. exportöl vol. % 5,4","Fett, totalt",Öl,0.0,g
1906,"Öl starköl el. exportöl vol. % 5,4","Järn, Fe",Öl,0.0,mg
1906,"Öl starköl el. exportöl vol. % 5,4",Energi (kJ),Öl,176.0,kJ
1906,"Öl starköl el. exportöl vol. % 5,4",Energi (kcal),Öl,42.0,kcal
1906,"Öl starköl el. exportöl vol. % 5,4",Disackarider,Öl,0.0,g
1906,"Öl starköl el. exportöl vol. % 5,4","Kalcium, Ca",Öl,3.0,mg
1906,"Öl starköl el. exportöl vol. % 5,4",Fettsyra 4:0-10:0,Öl,0.0,g
1906,"Öl starköl el. exportöl vol. % 5,4",DHA (C22:6),Öl,0.0,g
1906,"Öl starköl el. exportöl vol. % 5,4",DPA (C22:5),Öl,0.0,g
1906,"Öl starköl el. exportöl vol. % 5,4",EPA (C20:5),Öl,0.0,g
1906,"Öl starköl el. exportöl vol. % 5,4",Arakidonsyra C20:4,Öl,0.0,g
1906,"Öl starköl el. exportöl vol. % 5,4",Arakidinsyra C20:0,Öl,0.0,g
1906,"Öl starköl el. exportöl vol. % 5,4",Linolensyra C18:3,Öl,0.0,g
1906,"Öl starköl el. exportöl vol. % 5,4",Linolsyra C18:2,Öl,0.0,g
1906,"Öl starköl el. exportöl vol. % 5,4",Oljesyra C18:1,Öl,0.0,g
1906,"Öl starköl el. exportöl vol. % 5,4",Stearinsyra C18:0,Öl,0.0,g
1906,"Öl starköl el. exportöl vol. % 5,4",Palmitoljesyra C16:1,Öl,0.0,g
1906,"Öl starköl el. exportöl vol. % 5,4",Palmitinsyra C16:0,Öl,0.0,g
1906,"Öl starköl el. exportöl vol. % 5,4",Myristinsyra C14:0,Öl,0.0,g
1906,"Öl starköl el. exportöl vol. % 5,4",Laurinsyra C12:0,Öl,0.0,g
1906,"Öl starköl el. exportöl vol. % 5,4",Betakaroten/β-Karoten,Öl,0.0,µg
1906,"Öl starköl el. exportöl vol. % 5,4",Avfall (skal etc.),Öl,0.0,%
1906,"Öl starköl el. exportöl vol. % 5,4",Aska,Öl,0.1,g
1906,"Öl starköl el. exportöl vol. % 5,4",Alkohol,Öl,4.3,g
1907,Vin rött vol. % 14,"Zink, Zn",Vin,0.1,mg
1907,Vin rött vol. % 14,Vitamin E,Vin,0.0,mg
1907,Vin rött vol. % 14,Vitamin D inkl 25-OH-D3,Vin,0.0,µg
1907,Vin rött vol. % 14,Vitamin D,Vin,0.0,µg
1907,Vin rött vol. % 14,Vitamin C,Vin,0.0,mg
1907,Vin rött vol. % 14,Vitamin B6,Vin,0.0,mg
1907,Vin rött vol. % 14,Vitamin B12,Vin,0.0,µg
1907,Vin rött vol. % 14,Vitamin A,Vin,0.0,RE/µg
1907,Vin rött vol. % 14,Vatten,Vin,88.0,g
1907,Vin rött vol. % 14,Tiamin,Vin,0.0,mg
1907,Vin rött vol. % 14,Tillsatt socker,Vin,0.0,g
1907,Vin rött vol. % 14,Fritt socker,Vin,1.0,g
1907,Vin rött vol. % 14,"Selen, Se",Vin,0.0,µg
1907,Vin rött vol. % 14,Sackaros,Vin,0.0,g
1907,Vin rött vol. % 14,Riboflavin,Vin,0.0,mg
1907,Vin rött vol. % 14,Retinol,Vin,0.0,µg
1907,Vin rött vol. % 14,Protein,Vin,0.0,g
1907,Vin rött vol. % 14,Summa fleromättade fettsyror,Vin,0.0,g
1907,Vin rött vol. % 14,"Fosfor, P",Vin,23.0,mg
1907,Vin rött vol. % 14,Niacinekvivalenter,Vin,0.2,NE/mg
1907,Vin rött vol. % 14,Niacin,Vin,0.22,mg
1907,Vin rött vol. % 14,"Salt, NaCl",Vin,0.0,g
1907,Vin rött vol. % 14,"Natrium, Na",Vin,3.0,mg
1907,Vin rött vol. % 14,Monosackarider,Vin,0.7,g
1907,Vin rött vol. % 14,"Sockerarter, totalt",Vin,0.7,g
1907,Vin rött vol. % 14,Summa enkelomättade fettsyror,Vin,0.0,g
1907,Vin rött vol. % 14,"Magnesium, Mg",Vin,12.0,mg
1907,Vin rött vol. % 14,Summa mättade fettsyror,Vin,0.0,g
1907,Vin rött vol. % 14,"Kolhydrater, tillgängliga",Vin,1.0,g
1907,Vin rött vol. % 14,Kolesterol,Vin,0.0,mg
1907,Vin rött vol. % 14,"Kalium, K",Vin,120.0,mg
1907,Vin rött vol. % 14,"Jod, I",Vin,1.2,µg
1907,Vin rött vol. % 14,Fullkorn totalt,Vin,0.0,g
1907,Vin rött vol. % 14,"Folat, totalt",Vin,3.5,µg
1907,Vin rött vol. % 14,Fibrer,Vin,0.0,g
1907,Vin rött vol. % 14,"Fett, totalt",Vin,0.0,g
1907,Vin rött vol. % 14,"Järn, Fe",Vin,0.2,mg
1907,Vin rött vol. % 14,Energi (kJ),Vin,329.0,kJ
1907,Vin rött vol. % 14,Energi (kcal),Vin,79.0,kcal
1907,Vin rött vol. % 14,Disackarider,Vin,0.0,g
1907,Vin rött vol. % 14,"Kalcium, Ca",Vin,7.0,mg
1907,Vin rött vol. % 14,Fettsyra 4:0-10:0,Vin,0.0,g
1907,Vin rött vol. % 14,DHA (C22:6),Vin,0.0,g
1907,Vin rött vol. % 14,DPA (C22:5),Vin,0.0,g
1907,Vin rött vol. % 14,EPA (C20:5),Vin,0.0,g
1907,Vin rött vol. % 14,Arakidonsyra C20:4,Vin,0.0,g
1907,Vin rött vol. % 14,Arakidinsyra C20:0,Vin,0.0,g
1907,Vin rött vol. % 14,Linolensyra C18:3,Vin,0.0,g
1907,Vin rött vol. % 14,Linolsyra C18:2,Vin,0.0,g
1907,Vin rött vol. % 14,Oljesyra C18:1,Vin,0.0,g
1907,Vin rött vol. % 14,Stearinsyra C18:0,Vin,0.0,g
1907,Vin rött vol. % 14,Palmitoljesyra C16:1,Vin,0.0,g
1907,Vin rött vol. % 14,Palmitinsyra C16:0,Vin,0.0,g
1907,Vin rött vol. % 14,Myristinsyra C14:0,Vin,0.0,g
1907,Vin rött vol. % 14,Laurinsyra C12:0,Vin,0.0,g
1907,Vin rött vol. % 14,Betakaroten/β-Karoten,Vin,0.0,µg
1907,Vin rött vol. % 14,Avfall (skal etc.),Vin,0.0,%
1907,Vin rött vol. % 14,Aska,Vin,0.2,g
1907,Vin rött vol. % 14,Alkohol,Vin,10.77,g
1908,Vin vitt vol. % 12,"Zink, Zn",Vin,0.1,mg
1908,Vin vitt vol. % 12,Vitamin E,Vin,0.0,mg
1908,Vin vitt vol. % 12,Vitamin D inkl 25-OH-D3,Vin,0.0,µg
1908,Vin vitt vol. % 12,Vitamin D,Vin,0.0,µg
1908,Vin vitt vol. % 12,Vitamin C,Vin,0.0,mg
1908,Vin vitt vol. % 12,Vitamin B6,Vin,0.0,mg
1908,Vin vitt vol. % 12,Vitamin B12,Vin,0.0,µg
1908,Vin vitt vol. % 12,Vitamin A,Vin,0.0,RE/µg
1908,Vin vitt vol. % 12,Vatten,Vin,89.4,g
1908,Vin vitt vol. % 12,Tiamin,Vin,0.0,mg
1908,Vin vitt vol. % 12,Tillsatt socker,Vin,0.0,g
1908,Vin vitt vol. % 12,Fritt socker,Vin,1.0,g
1908,Vin vitt vol. % 12,"Selen, Se",Vin,0.0,µg
1908,Vin vitt vol. % 12,Sackaros,Vin,0.0,g
1908,Vin vitt vol. % 12,Riboflavin,Vin,0.0,mg
1908,Vin vitt vol. % 12,Retinol,Vin,0.0,µg
1908,Vin vitt vol. % 12,Protein,Vin,0.0,g
1908,Vin vitt vol. % 12,Summa fleromättade fettsyror,Vin,0.0,g
1908,Vin vitt vol. % 12,"Fosfor, P",Vin,14.0,mg
1908,Vin vitt vol. % 12,Niacinekvivalenter,Vin,0.1,NE/mg
1908,Vin vitt vol. % 12,Niacin,Vin,0.11,mg
1908,Vin vitt vol. % 12,"Salt, NaCl",Vin,0.0,g
1908,Vin vitt vol. % 12,"Natrium, Na",Vin,3.0,mg
1908,Vin vitt vol. % 12,Monosackarider,Vin,0.9,g
1908,Vin vitt vol. % 12,"Sockerarter, totalt",Vin,0.9,g
1908,Vin vitt vol. % 12,Summa enkelomättade fettsyror,Vin,0.0,g
1908,Vin vitt vol. % 12,"Magnesium, Mg",Vin,8.0,mg
1908,Vin vitt vol. % 12,Summa mättade fettsyror,Vin,0.0,g
1908,Vin vitt vol. % 12,"Kolhydrater, tillgängliga",Vin,1.0,g
1908,Vin vitt vol. % 12,Kolesterol,Vin,0.0,mg
1908,Vin vitt vol. % 12,"Kalium, K",Vin,68.0,mg
1908,Vin vitt vol. % 12,"Jod, I",Vin,1.5,µg
1908,Vin vitt vol. % 12,Fullkorn totalt,Vin,0.0,g
1908,Vin vitt vol. % 12,"Folat, totalt",Vin,3.7,µg
1908,Vin vitt vol. % 12,Fibrer,Vin,0.0,g
1908,Vin vitt vol. % 12,"Fett, totalt",Vin,0.0,g
1908,Vin vitt vol. % 12,"Järn, Fe",Vin,0.2,mg
1908,Vin vitt vol. % 12,Energi (kJ),Vin,293.0,kJ
1908,Vin vitt vol. % 12,Energi (kcal),Vin,70.0,kcal
1908,Vin vitt vol. % 12,Disackarider,Vin,0.0,g
1908,Vin vitt vol. % 12,"Kalcium, Ca",Vin,7.0,mg
1908,Vin vitt vol. % 12,Fettsyra 4:0-10:0,Vin,0.0,g
1908,Vin vitt vol. % 12,DHA (C22:6),Vin,0.0,g
1908,Vin vitt vol. % 12,DPA (C22:5),Vin,0.0,g
1908,Vin vitt vol. % 12,EPA (C20:5),Vin,0.0,g
1908,Vin vitt vol. % 12,Arakidonsyra C20:4,Vin,0.0,g
1908,Vin vitt vol. % 12,Arakidinsyra C20:0,Vin,0.0,g
1908,Vin vitt vol. % 12,Linolensyra C18:3,Vin,0.0,g
1908,Vin vitt vol. % 12,Linolsyra C18:2,Vin,0.0,g
1908,Vin vitt vol. % 12,Oljesyra C18:1,Vin,0.0,g
1908,Vin vitt vol. % 12,Stearinsyra C18:0,Vin,0.0,g
1908,Vin vitt vol. % 12,Palmitoljesyra C16:1,Vin,0.0,g
1908,Vin vitt vol. % 12,Palmitinsyra C16:0,Vin,0.0,g
1908,Vin vitt vol. % 12,Myristinsyra C14:0,Vin,0.0,g
1908,Vin vitt vol. % 12,Laurinsyra C12:0,Vin,0.0,g
1908,Vin vitt vol. % 12,Betakaroten/β-Karoten,Vin,0.0,µg
1908,Vin vitt vol. % 12,Avfall (skal etc.),Vin,0.0,%
1908,Vin vitt vol. % 12,Aska,Vin,0.1,g
1908,Vin vitt vol. % 12,Alkohol,Vin,9.53,g
1909,Vin vitt el. rhenvin vol. % 10,"Zink, Zn",Vin,0.0,mg
1909,Vin vitt el. rhenvin vol. % 10,Vitamin E,Vin,0.0,mg
1909,Vin vitt el. rhenvin vol. % 10,Vitamin D inkl 25-OH-D3,Vin,0.0,µg
1909,Vin vitt el. rhenvin vol. % 10,Vitamin D,Vin,0.0,µg
1909,Vin vitt el. rhenvin vol. % 10,Vitamin C,Vin,0.0,mg
1909,Vin vitt el. rhenvin vol. % 10,Vitamin B6,Vin,0.01,mg
1909,Vin vitt el. rhenvin vol. % 10,Vitamin B12,Vin,0.0,µg
1909,Vin vitt el. rhenvin vol. % 10,Vitamin A,Vin,0.0,RE/µg
1909,Vin vitt el. rhenvin vol. % 10,Vatten,Vin,88.0,g
1909,Vin vitt el. rhenvin vol. % 10,Tiamin,Vin,0.0,mg
1909,Vin vitt el. rhenvin vol. % 10,Tillsatt socker,Vin,0.0,g
1909,Vin vitt el. rhenvin vol. % 10,Fritt socker,Vin,4.0,g
1909,Vin vitt el. rhenvin vol. % 10,"Selen, Se",Vin,0.1,µg
1909,Vin vitt el. rhenvin vol. % 10,Sackaros,Vin,0.9,g
1909,Vin vitt el. rhenvin vol. % 10,Riboflavin,Vin,0.01,mg
1909,Vin vitt el. rhenvin vol. % 10,Retinol,Vin,0.0,µg
1909,Vin vitt el. rhenvin vol. % 10,Protein,Vin,0.1,g
1909,Vin vitt el. rhenvin vol. % 10,Summa fleromättade fettsyror,Vin,0.0,g
1909,Vin vitt el. rhenvin vol. % 10,"Fosfor, P",Vin,13.0,mg
1909,Vin vitt el. rhenvin vol. % 10,Niacinekvivalenter,Vin,0.12,NE/mg
1909,Vin vitt el. rhenvin vol. % 10,Niacin,Vin,0.1,mg
1909,Vin vitt el. rhenvin vol. % 10,"Salt, NaCl",Vin,0.0,g
1909,Vin vitt el. rhenvin vol. % 10,"Natrium, Na",Vin,3.0,mg
1909,Vin vitt el. rhenvin vol. % 10,Monosackarider,Vin,2.9,g
1909,Vin vitt el. rhenvin vol. % 10,"Sockerarter, totalt",Vin,3.8,g
1909,Vin vitt el. rhenvin vol. % 10,Summa enkelomättade fettsyror,Vin,0.0,g
1909,Vin vitt el. rhenvin vol. % 10,"Magnesium, Mg",Vin,3.0,mg
1909,Vin vitt el. rhenvin vol. % 10,Summa mättade fettsyror,Vin,0.0,g
1909,Vin vitt el. rhenvin vol. % 10,"Kolhydrater, tillgängliga",Vin,3.8,g
1909,Vin vitt el. rhenvin vol. % 10,Kolesterol,Vin,0.0,mg
1909,Vin vitt el. rhenvin vol. % 10,"Kalium, K",Vin,90.0,mg
1909,Vin vitt el. rhenvin vol. % 10,"Jod, I",Vin,1.5,µg
1909,Vin vitt el. rhenvin vol. % 10,Fullkorn totalt,Vin,0.0,g
1909,Vin vitt el. rhenvin vol. % 10,"Folat, totalt",Vin,0.0,µg
1909,Vin vitt el. rhenvin vol. % 10,Fibrer,Vin,0.0,g
1909,Vin vitt el. rhenvin vol. % 10,"Fett, totalt",Vin,0.0,g
1909,Vin vitt el. rhenvin vol. % 10,"Järn, Fe",Vin,0.4,mg
1909,Vin vitt el. rhenvin vol. % 10,Energi (kJ),Vin,295.0,kJ
1909,Vin vitt el. rhenvin vol. % 10,Energi (kcal),Vin,71.0,kcal
1909,Vin vitt el. rhenvin vol. % 10,Disackarider,Vin,0.9,g
1909,Vin vitt el. rhenvin vol. % 10,"Kalcium, Ca",Vin,44.0,mg
1909,Vin vitt el. rhenvin vol. % 10,Fettsyra 4:0-10:0,Vin,0.0,g
1909,Vin vitt el. rhenvin vol. % 10,DHA (C22:6),Vin,0.0,g
1909,Vin vitt el. rhenvin vol. % 10,DPA (C22:5),Vin,0.0,g
1909,Vin vitt el. rhenvin vol. % 10,EPA (C20:5),Vin,0.0,g
1909,Vin vitt el. rhenvin vol. % 10,Arakidonsyra C20:4,Vin,0.0,g
1909,Vin vitt el. rhenvin vol. % 10,Arakidinsyra C20:0,Vin,0.0,g
1909,Vin vitt el. rhenvin vol. % 10,Linolensyra C18:3,Vin,0.0,g
1909,Vin vitt el. rhenvin vol. % 10,Linolsyra C18:2,Vin,0.0,g
1909,Vin vitt el. rhenvin vol. % 10,Oljesyra C18:1,Vin,0.0,g
1909,Vin vitt el. rhenvin vol. % 10,Stearinsyra C18:0,Vin,0.0,g
1909,Vin vitt el. rhenvin vol. % 10,Palmitoljesyra C16:1,Vin,0.0,g
1909,Vin vitt el. rhenvin vol. % 10,Palmitinsyra C16:0,Vin,0.0,g
1909,Vin vitt el. rhenvin vol. % 10,Myristinsyra C14:0,Vin,0.0,g
1909,Vin vitt el. rhenvin vol. % 10,Laurinsyra C12:0,Vin,0.0,g
1909,Vin vitt el. rhenvin vol. % 10,Betakaroten/β-Karoten,Vin,0.0,µg
1909,Vin vitt el. rhenvin vol. % 10,Avfall (skal etc.),Vin,0.0,%
1909,Vin vitt el. rhenvin vol. % 10,Aska,Vin,0.2,g
1909,Vin vitt el. rhenvin vol. % 10,Alkohol,Vin,7.9,g
1912,Glögg vin vol. % 10,"Zink, Zn",Vin,0.1,mg
1912,Glögg vin vol. % 10,Vitamin E,Vin,0.0,mg
1912,Glögg vin vol. % 10,Vitamin D inkl 25-OH-D3,Vin,0.0,µg
1912,Glögg vin vol. % 10,Vitamin D,Vin,0.0,µg
1912,Glögg vin vol. % 10,Vitamin C,Vin,0.0,mg
1912,Glögg vin vol. % 10,Vitamin B6,Vin,0.02,mg
1912,Glögg vin vol. % 10,Vitamin B12,Vin,0.0,µg
1912,Glögg vin vol. % 10,Vitamin A,Vin,0.0,RE/µg
1912,Glögg vin vol. % 10,Vatten,Vin,74.7,g
1912,Glögg vin vol. % 10,Tiamin,Vin,0.0,mg
1912,Glögg vin vol. % 10,Tillsatt socker,Vin,17.0,g
1912,Glögg vin vol. % 10,Fritt socker,Vin,17.0,g
1912,Glögg vin vol. % 10,"Selen, Se",Vin,0.0,µg
1912,Glögg vin vol. % 10,Sackaros,Vin,16.6,g
1912,Glögg vin vol. % 10,Riboflavin,Vin,0.02,mg
1912,Glögg vin vol. % 10,Retinol,Vin,0.0,µg
1912,Glögg vin vol. % 10,Protein,Vin,0.0,g
1912,Glögg vin vol. % 10,Summa fleromättade fettsyror,Vin,0.0,g
1912,Glögg vin vol. % 10,"Fosfor, P",Vin,15.0,mg
1912,Glögg vin vol. % 10,Niacinekvivalenter,Vin,0.1,NE/mg
1912,Glögg vin vol. % 10,Niacin,Vin,0.1,mg
1912,Glögg vin vol. % 10,"Salt, NaCl",Vin,0.0,g
1912,Glögg vin vol. % 10,"Natrium, Na",Vin,3.0,mg
1912,Glögg vin vol. % 10,Monosackarider,Vin,0.4,g
1912,Glögg vin vol. % 10,"Sockerarter, totalt",Vin,17.0,g
1912,Glögg vin vol. % 10,Summa enkelomättade fettsyror,Vin,0.0,g
1912,Glögg vin vol. % 10,"Magnesium, Mg",Vin,12.0,mg
1912,Glögg vin vol. % 10,Summa mättade fettsyror,Vin,0.0,g
1912,Glögg vin vol. % 10,"Kolhydrater, tillgängliga",Vin,17.0,g
1912,Glögg vin vol. % 10,Kolesterol,Vin,0.0,mg
1912,Glögg vin vol. % 10,"Kalium, K",Vin,110.0,mg
1912,Glögg vin vol. % 10,"Jod, I",Vin,1.2,µg
1912,Glögg vin vol. % 10,Fullkorn totalt,Vin,0.0,g
1912,Glögg vin vol. % 10,"Folat, totalt",Vin,0.0,µg
1912,Glögg vin vol. % 10,Fibrer,Vin,0.0,g
1912,Glögg vin vol. % 10,"Fett, totalt",Vin,0.0,g
1912,Glögg vin vol. % 10,"Järn, Fe",Vin,1.1,mg
1912,Glögg vin vol. % 10,Energi (kJ),Vin,521.0,kJ
1912,Glögg vin vol. % 10,Energi (kcal),Vin,124.0,kcal
1912,Glögg vin vol. % 10,Disackarider,Vin,16.6,g
1912,Glögg vin vol. % 10,"Kalcium, Ca",Vin,7.0,mg
1912,Glögg vin vol. % 10,Fettsyra 4:0-10:0,Vin,0.0,g
1912,Glögg vin vol. % 10,DHA (C22:6),Vin,0.0,g
1912,Glögg vin vol. % 10,DPA (C22:5),Vin,0.0,g
1912,Glögg vin vol. % 10,EPA (C20:5),Vin,0.0,g
1912,Glögg vin vol. % 10,Arakidonsyra C20:4,Vin,0.0,g
1912,Glögg vin vol. % 10,Arakidinsyra C20:0,Vin,0.0,g
1912,Glögg vin vol. % 10,Linolensyra C18:3,Vin,0.0,g
1912,Glögg vin vol. % 10,Linolsyra C18:2,Vin,0.0,g
1912,Glögg vin vol. % 10,Oljesyra C18:1,Vin,0.0,g
1912,Glögg vin vol. % 10,Stearinsyra C18:0,Vin,0.0,g
1912,Glögg vin vol. % 10,Palmitoljesyra C16:1,Vin,0.0,g
1912,Glögg vin vol. % 10,Palmitinsyra C16:0,Vin,0.0,g
1912,Glögg vin vol. % 10,Myristinsyra C14:0,Vin,0.0,g
1912,Glögg vin vol. % 10,Laurinsyra C12:0,Vin,0.0,g
1912,Glögg vin vol. % 10,Betakaroten/β-Karoten,Vin,0.0,µg
1912,Glögg vin vol. % 10,Avfall (skal etc.),Vin,0.0,%
1912,Glögg vin vol. % 10,Aska,Vin,0.3,g
1912,Glögg vin vol. % 10,Alkohol,Vin,8.0,g
1914,Starkvin vol. % 18 typ Madeira,"Zink, Zn",Vin,0.0,mg
1914,Starkvin vol. % 18 typ Madeira,Vitamin E,Vin,0.0,mg
1914,Starkvin vol. % 18 typ Madeira,Vitamin D inkl 25-OH-D3,Vin,0.0,µg
1914,Starkvin vol. % 18 typ Madeira,Vitamin D,Vin,0.0,µg
1914,Starkvin vol. % 18 typ Madeira,Vitamin C,Vin,0.0,mg
1914,Starkvin vol. % 18 typ Madeira,Vitamin B6,Vin,0.01,mg
1914,Starkvin vol. % 18 typ Madeira,Vitamin B12,Vin,0.0,µg
1914,Starkvin vol. % 18 typ Madeira,Vitamin A,Vin,0.0,RE/µg
1914,Starkvin vol. % 18 typ Madeira,Vatten,Vin,77.9,g
1914,Starkvin vol. % 18 typ Madeira,Tiamin,Vin,0.0,mg
1914,Starkvin vol. % 18 typ Madeira,Tillsatt socker,Vin,0.0,g
1914,Starkvin vol. % 18 typ Madeira,Fritt socker,Vin,0.0,g
1914,Starkvin vol. % 18 typ Madeira,"Selen, Se",Vin,0.1,µg
1914,Starkvin vol. % 18 typ Madeira,Sackaros,Vin,7.9,g
1914,Starkvin vol. % 18 typ Madeira,Riboflavin,Vin,0.01,mg
1914,Starkvin vol. % 18 typ Madeira,Retinol,Vin,0.0,µg
1914,Starkvin vol. % 18 typ Madeira,Protein,Vin,0.0,g
1914,Starkvin vol. % 18 typ Madeira,Summa fleromättade fettsyror,Vin,0.0,g
1914,Starkvin vol. % 18 typ Madeira,"Fosfor, P",Vin,16.0,mg
1914,Starkvin vol. % 18 typ Madeira,Niacinekvivalenter,Vin,0.0,NE/mg
1914,Starkvin vol. % 18 typ Madeira,Niacin,Vin,0.0,mg
1914,Starkvin vol. % 18 typ Madeira,"Salt, NaCl",Vin,0.0,g
1914,Starkvin vol. % 18 typ Madeira,"Natrium, Na",Vin,4.0,mg
1914,Starkvin vol. % 18 typ Madeira,Monosackarider,Vin,0.0,g
1914,Starkvin vol. % 18 typ Madeira,"Sockerarter, totalt",Vin,7.9,g
1914,Starkvin vol. % 18 typ Madeira,Summa enkelomättade fettsyror,Vin,0.0,g
1914,Starkvin vol. % 18 typ Madeira,"Magnesium, Mg",Vin,10.0,mg
1914,Starkvin vol. % 18 typ Madeira,Summa mättade fettsyror,Vin,0.0,g
1914,Starkvin vol. % 18 typ Madeira,"Kolhydrater, tillgängliga",Vin,7.9,g
1914,Starkvin vol. % 18 typ Madeira,Kolesterol,Vin,0.0,mg
1914,Starkvin vol. % 18 typ Madeira,"Kalium, K",Vin,75.0,mg
1914,Starkvin vol. % 18 typ Madeira,"Jod, I",Vin,1.0,µg
1914,Starkvin vol. % 18 typ Madeira,Fullkorn totalt,Vin,0.0,g
1914,Starkvin vol. % 18 typ Madeira,"Folat, totalt",Vin,0.0,µg
1914,Starkvin vol. % 18 typ Madeira,Fibrer,Vin,0.0,g
1914,Starkvin vol. % 18 typ Madeira,"Fett, totalt",Vin,0.0,g
1914,Starkvin vol. % 18 typ Madeira,"Järn, Fe",Vin,0.6,mg
1914,Starkvin vol. % 18 typ Madeira,Energi (kJ),Vin,540.0,kJ
1914,Starkvin vol. % 18 typ Madeira,Energi (kcal),Vin,129.0,kcal
1914,Starkvin vol. % 18 typ Madeira,Disackarider,Vin,7.9,g
1914,Starkvin vol. % 18 typ Madeira,"Kalcium, Ca",Vin,8.0,mg
1914,Starkvin vol. % 18 typ Madeira,Fettsyra 4:0-10:0,Vin,0.0,g
1914,Starkvin vol. % 18 typ Madeira,DHA (C22:6),Vin,0.0,g
1914,Starkvin vol. % 18 typ Madeira,DPA (C22:5),Vin,0.0,g
1914,Starkvin vol. % 18 typ Madeira,EPA (C20:5),Vin,0.0,g
1914,Starkvin vol. % 18 typ Madeira,Arakidonsyra C20:4,Vin,0.0,g
1914,Starkvin vol. % 18 typ Madeira,Arakidinsyra C20:0,Vin,0.0,g
1914,Starkvin vol. % 18 typ Madeira,Linolensyra C18:3,Vin,0.0,g
1914,Starkvin vol. % 18 typ Madeira,Linolsyra C18:2,Vin,0.0,g
1914,Starkvin vol. % 18 typ Madeira,Oljesyra C18:1,Vin,0.0,g
1914,Starkvin vol. % 18 typ Madeira,Stearinsyra C18:0,Vin,0.0,g
1914,Starkvin vol. % 18 typ Madeira,Palmitoljesyra C16:1,Vin,0.0,g
1914,Starkvin vol. % 18 typ Madeira,Palmitinsyra C16:0,Vin,0.0,g
1914,Starkvin vol. % 18 typ Madeira,Myristinsyra C14:0,Vin,0.0,g
1914,Starkvin vol. % 18 typ Madeira,Laurinsyra C12:0,Vin,0.0,g
1914,Starkvin vol. % 18 typ Madeira,Betakaroten/β-Karoten,Vin,0.0,µg
1914,Starkvin vol. % 18 typ Madeira,Avfall (skal etc.),Vin,0.0,%
1914,Starkvin vol. % 18 typ Madeira,Aska,Vin,0.2,g
1914,Starkvin vol. % 18 typ Madeira,Alkohol,Vin,14.0,g
1915,Starkvin vitt rött vol. % 20 typ Portvin,"Zink, Zn",Vin,0.0,mg
1915,Starkvin vitt rött vol. % 20 typ Portvin,Vitamin E,Vin,0.0,mg
1915,Starkvin vitt rött vol. % 20 typ Portvin,Vitamin D inkl 25-OH-D3,Vin,0.0,µg
1915,Starkvin vitt rött vol. % 20 typ Portvin,Vitamin D,Vin,0.0,µg
1915,Starkvin vitt rött vol. % 20 typ Portvin,Vitamin C,Vin,0.0,mg
1915,Starkvin vitt rött vol. % 20 typ Portvin,Vitamin B6,Vin,0.01,mg
1915,Starkvin vitt rött vol. % 20 typ Portvin,Vitamin B12,Vin,0.0,µg
1915,Starkvin vitt rött vol. % 20 typ Portvin,Vitamin A,Vin,0.0,RE/µg
1915,Starkvin vitt rött vol. % 20 typ Portvin,Vatten,Vin,74.3,g
1915,Starkvin vitt rött vol. % 20 typ Portvin,Tiamin,Vin,0.0,mg
1915,Starkvin vitt rött vol. % 20 typ Portvin,Tillsatt socker,Vin,0.0,g
1915,Starkvin vitt rött vol. % 20 typ Portvin,Fritt socker,Vin,10.0,g
1915,Starkvin vitt rött vol. % 20 typ Portvin,"Selen, Se",Vin,0.0,µg
1915,Starkvin vitt rött vol. % 20 typ Portvin,Sackaros,Vin,9.5,g
1915,Starkvin vitt rött vol. % 20 typ Portvin,Riboflavin,Vin,0.01,mg
1915,Starkvin vitt rött vol. % 20 typ Portvin,Retinol,Vin,0.0,µg
1915,Starkvin vitt rött vol. % 20 typ Portvin,Protein,Vin,0.0,g
1915,Starkvin vitt rött vol. % 20 typ Portvin,Summa fleromättade fettsyror,Vin,0.0,g
1915,Starkvin vitt rött vol. % 20 typ Portvin,"Fosfor, P",Vin,21.0,mg
1915,Starkvin vitt rött vol. % 20 typ Portvin,Niacinekvivalenter,Vin,0.0,NE/mg
1915,Starkvin vitt rött vol. % 20 typ Portvin,Niacin,Vin,0.0,mg
1915,Starkvin vitt rött vol. % 20 typ Portvin,"Salt, NaCl",Vin,0.0,g
1915,Starkvin vitt rött vol. % 20 typ Portvin,"Natrium, Na",Vin,4.0,mg
1915,Starkvin vitt rött vol. % 20 typ Portvin,Monosackarider,Vin,0.0,g
1915,Starkvin vitt rött vol. % 20 typ Portvin,"Sockerarter, totalt",Vin,9.5,g
1915,Starkvin vitt rött vol. % 20 typ Portvin,Summa enkelomättade fettsyror,Vin,0.0,g
1915,Starkvin vitt rött vol. % 20 typ Portvin,"Magnesium, Mg",Vin,10.0,mg
1915,Starkvin vitt rött vol. % 20 typ Portvin,Summa mättade fettsyror,Vin,0.0,g
1915,Starkvin vitt rött vol. % 20 typ Portvin,"Kolhydrater, tillgängliga",Vin,9.5,g
1915,Starkvin vitt rött vol. % 20 typ Portvin,Kolesterol,Vin,0.0,mg
1915,Starkvin vitt rött vol. % 20 typ Portvin,"Kalium, K",Vin,80.0,mg
1915,Starkvin vitt rött vol. % 20 typ Portvin,"Jod, I",Vin,1.2,µg
1915,Starkvin vitt rött vol. % 20 typ Portvin,Fullkorn totalt,Vin,0.0,g
1915,Starkvin vitt rött vol. % 20 typ Portvin,"Folat, totalt",Vin,0.0,µg
1915,Starkvin vitt rött vol. % 20 typ Portvin,Fibrer,Vin,0.0,g
1915,Starkvin vitt rött vol. % 20 typ Portvin,"Fett, totalt",Vin,0.0,g
1915,Starkvin vitt rött vol. % 20 typ Portvin,"Järn, Fe",Vin,0.8,mg
1915,Starkvin vitt rött vol. % 20 typ Portvin,Energi (kJ),Vin,626.0,kJ
1915,Starkvin vitt rött vol. % 20 typ Portvin,Energi (kcal),Vin,150.0,kcal
1915,Starkvin vitt rött vol. % 20 typ Portvin,Disackarider,Vin,9.5,g
1915,Starkvin vitt rött vol. % 20 typ Portvin,"Kalcium, Ca",Vin,8.0,mg
1915,Starkvin vitt rött vol. % 20 typ Portvin,Fettsyra 4:0-10:0,Vin,0.0,g
1915,Starkvin vitt rött vol. % 20 typ Portvin,DHA (C22:6),Vin,0.0,g
1915,Starkvin vitt rött vol. % 20 typ Portvin,DPA (C22:5),Vin,0.0,g
1915,Starkvin vitt rött vol. % 20 typ Portvin,EPA (C20:5),Vin,0.0,g
1915,Starkvin vitt rött vol. % 20 typ Portvin,Arakidonsyra C20:4,Vin,0.0,g
1915,Starkvin vitt rött vol. % 20 typ Portvin,Arakidinsyra C20:0,Vin,0.0,g
1915,Starkvin vitt rött vol. % 20 typ Portvin,Linolensyra C18:3,Vin,0.0,g
1915,Starkvin vitt rött vol. % 20 typ Portvin,Linolsyra C18:2,Vin,0.0,g
1915,Starkvin vitt rött vol. % 20 typ Portvin,Oljesyra C18:1,Vin,0.0,g
1915,Starkvin vitt rött vol. % 20 typ Portvin,Stearinsyra C18:0,Vin,0.0,g
1915,Starkvin vitt rött vol. % 20 typ Portvin,Palmitoljesyra C16:1,Vin,0.0,g
1915,Starkvin vitt rött vol. % 20 typ Portvin,Palmitinsyra C16:0,Vin,0.0,g
1915,Starkvin vitt rött vol. % 20 typ Portvin,Myristinsyra C14:0,Vin,0.0,g
1915,Starkvin vitt rött vol. % 20 typ Portvin,Laurinsyra C12:0,Vin,0.0,g
1915,Starkvin vitt rött vol. % 20 typ Portvin,Betakaroten/β-Karoten,Vin,0.0,µg
1915,Starkvin vitt rött vol. % 20 typ Portvin,Avfall (skal etc.),Vin,0.0,%
1915,Starkvin vitt rött vol. % 20 typ Portvin,Aska,Vin,0.2,g
1915,Starkvin vitt rött vol. % 20 typ Portvin,Alkohol,Vin,16.0,g
1916,Starkvin halvtorr vol. % 17 typ Sherry,"Zink, Zn",Vin,0.0,mg
1916,Starkvin halvtorr vol. % 17 typ Sherry,Vitamin E,Vin,0.0,mg
1916,Starkvin halvtorr vol. % 17 typ Sherry,Vitamin D inkl 25-OH-D3,Vin,0.0,µg
1916,Starkvin halvtorr vol. % 17 typ Sherry,Vitamin D,Vin,0.0,µg
1916,Starkvin halvtorr vol. % 17 typ Sherry,Vitamin C,Vin,0.0,mg
1916,Starkvin halvtorr vol. % 17 typ Sherry,Vitamin B6,Vin,0.01,mg
1916,Starkvin halvtorr vol. % 17 typ Sherry,Vitamin B12,Vin,0.0,µg
1916,Starkvin halvtorr vol. % 17 typ Sherry,Vitamin A,Vin,0.0,RE/µg
1916,Starkvin halvtorr vol. % 17 typ Sherry,Vatten,Vin,80.3,g
1916,Starkvin halvtorr vol. % 17 typ Sherry,Tiamin,Vin,0.0,mg
1916,Starkvin halvtorr vol. % 17 typ Sherry,Tillsatt socker,Vin,0.0,g
1916,Starkvin halvtorr vol. % 17 typ Sherry,Fritt socker,Vin,3.0,g
1916,Starkvin halvtorr vol. % 17 typ Sherry,"Selen, Se",Vin,0.0,µg
1916,Starkvin halvtorr vol. % 17 typ Sherry,Sackaros,Vin,0.0,g
1916,Starkvin halvtorr vol. % 17 typ Sherry,Riboflavin,Vin,0.01,mg
1916,Starkvin halvtorr vol. % 17 typ Sherry,Retinol,Vin,0.0,µg
1916,Starkvin halvtorr vol. % 17 typ Sherry,Protein,Vin,0.0,g
1916,Starkvin halvtorr vol. % 17 typ Sherry,Summa fleromättade fettsyror,Vin,0.0,g
1916,Starkvin halvtorr vol. % 17 typ Sherry,"Fosfor, P",Vin,37.0,mg
1916,Starkvin halvtorr vol. % 17 typ Sherry,Niacinekvivalenter,Vin,0.1,NE/mg
1916,Starkvin halvtorr vol. % 17 typ Sherry,Niacin,Vin,0.1,mg
1916,Starkvin halvtorr vol. % 17 typ Sherry,"Salt, NaCl",Vin,0.0,g
1916,Starkvin halvtorr vol. % 17 typ Sherry,"Natrium, Na",Vin,6.0,mg
1916,Starkvin halvtorr vol. % 17 typ Sherry,Monosackarider,Vin,3.4,g
1916,Starkvin halvtorr vol. % 17 typ Sherry,"Sockerarter, totalt",Vin,3.4,g
1916,Starkvin halvtorr vol. % 17 typ Sherry,Summa enkelomättade fettsyror,Vin,0.0,g
1916,Starkvin halvtorr vol. % 17 typ Sherry,"Magnesium, Mg",Vin,10.0,mg
1916,Starkvin halvtorr vol. % 17 typ Sherry,Summa mättade fettsyror,Vin,0.0,g
1916,Starkvin halvtorr vol. % 17 typ Sherry,"Kolhydrater, tillgängliga",Vin,3.4,g
1916,Starkvin halvtorr vol. % 17 typ Sherry,Kolesterol,Vin,0.0,mg
1916,Starkvin halvtorr vol. % 17 typ Sherry,"Kalium, K",Vin,115.0,mg
1916,Starkvin halvtorr vol. % 17 typ Sherry,"Jod, I",Vin,1.2,µg
1916,Starkvin halvtorr vol. % 17 typ Sherry,Fullkorn totalt,Vin,0.0,g
1916,Starkvin halvtorr vol. % 17 typ Sherry,"Folat, totalt",Vin,0.0,µg
1916,Starkvin halvtorr vol. % 17 typ Sherry,Fibrer,Vin,0.0,g
1916,Starkvin halvtorr vol. % 17 typ Sherry,"Fett, totalt",Vin,0.0,g
1916,Starkvin halvtorr vol. % 17 typ Sherry,"Järn, Fe",Vin,2.4,mg
1916,Starkvin halvtorr vol. % 17 typ Sherry,Energi (kJ),Vin,522.0,kJ
1916,Starkvin halvtorr vol. % 17 typ Sherry,Energi (kcal),Vin,125.0,kcal
1916,Starkvin halvtorr vol. % 17 typ Sherry,Disackarider,Vin,0.0,g
1916,Starkvin halvtorr vol. % 17 typ Sherry,"Kalcium, Ca",Vin,8.0,mg
1916,Starkvin halvtorr vol. % 17 typ Sherry,Fettsyra 4:0-10:0,Vin,0.0,g
1916,Starkvin halvtorr vol. % 17 typ Sherry,DHA (C22:6),Vin,0.0,g
1916,Starkvin halvtorr vol. % 17 typ Sherry,DPA (C22:5),Vin,0.0,g
1916,Starkvin halvtorr vol. % 17 typ Sherry,EPA (C20:5),Vin,0.0,g
1916,Starkvin halvtorr vol. % 17 typ Sherry,Arakidonsyra C20:4,Vin,0.0,g
1916,Starkvin halvtorr vol. % 17 typ Sherry,Arakidinsyra C20:0,Vin,0.0,g
1916,Starkvin halvtorr vol. % 17 typ Sherry,Linolensyra C18:3,Vin,0.0,g
1916,Starkvin halvtorr vol. % 17 typ Sherry,Linolsyra C18:2,Vin,0.0,g
1916,Starkvin halvtorr vol. % 17 typ Sherry,Oljesyra C18:1,Vin,0.0,g
1916,Starkvin halvtorr vol. % 17 typ Sherry,Stearinsyra C18:0,Vin,0.0,g
1916,Starkvin halvtorr vol. % 17 typ Sherry,Palmitoljesyra C16:1,Vin,0.0,g
1916,Starkvin halvtorr vol. % 17 typ Sherry,Palmitinsyra C16:0,Vin,0.0,g
1916,Starkvin halvtorr vol. % 17 typ Sherry,Myristinsyra C14:0,Vin,0.0,g
1916,Starkvin halvtorr vol. % 17 typ Sherry,Laurinsyra C12:0,Vin,0.0,g
1916,Starkvin halvtorr vol. % 17 typ Sherry,Betakaroten/β-Karoten,Vin,0.0,µg
1916,Starkvin halvtorr vol. % 17 typ Sherry,Avfall (skal etc.),Vin,0.0,%
1916,Starkvin halvtorr vol. % 17 typ Sherry,Aska,Vin,0.3,g
1916,Starkvin halvtorr vol. % 17 typ Sherry,Alkohol,Vin,16.0,g
1917,Glögg starkvin vol. % 16,"Zink, Zn",Vin,0.0,mg
1917,Glögg starkvin vol. % 16,Vitamin E,Vin,0.0,mg
1917,Glögg starkvin vol. % 16,Vitamin D inkl 25-OH-D3,Vin,0.0,µg
1917,Glögg starkvin vol. % 16,Vitamin D,Vin,0.0,µg
1917,Glögg starkvin vol. % 16,Vitamin C,Vin,0.0,mg
1917,Glögg starkvin vol. % 16,Vitamin B6,Vin,0.01,mg
1917,Glögg starkvin vol. % 16,Vitamin B12,Vin,0.0,µg
1917,Glögg starkvin vol. % 16,Vitamin A,Vin,0.0,RE/µg
1917,Glögg starkvin vol. % 16,Vatten,Vin,64.6,g
1917,Glögg starkvin vol. % 16,Tiamin,Vin,0.0,mg
1917,Glögg starkvin vol. % 16,Tillsatt socker,Vin,22.0,g
1917,Glögg starkvin vol. % 16,Fritt socker,Vin,22.0,g
1917,Glögg starkvin vol. % 16,"Selen, Se",Vin,0.0,µg
1917,Glögg starkvin vol. % 16,Sackaros,Vin,13.0,g
1917,Glögg starkvin vol. % 16,Riboflavin,Vin,0.01,mg
1917,Glögg starkvin vol. % 16,Retinol,Vin,0.0,µg
1917,Glögg starkvin vol. % 16,Protein,Vin,0.0,g
1917,Glögg starkvin vol. % 16,Summa fleromättade fettsyror,Vin,0.0,g
1917,Glögg starkvin vol. % 16,"Fosfor, P",Vin,37.0,mg
1917,Glögg starkvin vol. % 16,Niacinekvivalenter,Vin,0.1,NE/mg
1917,Glögg starkvin vol. % 16,Niacin,Vin,0.1,mg
1917,Glögg starkvin vol. % 16,"Salt, NaCl",Vin,0.0,g
1917,Glögg starkvin vol. % 16,"Natrium, Na",Vin,6.0,mg
1917,Glögg starkvin vol. % 16,Monosackarider,Vin,9.3,g
1917,Glögg starkvin vol. % 16,"Sockerarter, totalt",Vin,22.3,g
1917,Glögg starkvin vol. % 16,Summa enkelomättade fettsyror,Vin,0.0,g
1917,Glögg starkvin vol. % 16,"Magnesium, Mg",Vin,10.0,mg
1917,Glögg starkvin vol. % 16,Summa mättade fettsyror,Vin,0.0,g
1917,Glögg starkvin vol. % 16,"Kolhydrater, tillgängliga",Vin,22.3,g
1917,Glögg starkvin vol. % 16,Kolesterol,Vin,0.0,mg
1917,Glögg starkvin vol. % 16,"Kalium, K",Vin,115.0,mg
1917,Glögg starkvin vol. % 16,"Jod, I",Vin,1.2,µg
1917,Glögg starkvin vol. % 16,Fullkorn totalt,Vin,0.0,g
1917,Glögg starkvin vol. % 16,"Folat, totalt",Vin,0.0,µg
1917,Glögg starkvin vol. % 16,Fibrer,Vin,0.0,g
1917,Glögg starkvin vol. % 16,"Fett, totalt",Vin,0.0,g
1917,Glögg starkvin vol. % 16,"Järn, Fe",Vin,2.4,mg
1917,Glögg starkvin vol. % 16,Energi (kJ),Vin,750.0,kJ
1917,Glögg starkvin vol. % 16,Energi (kcal),Vin,179.0,kcal
1917,Glögg starkvin vol. % 16,Disackarider,Vin,13.0,g
1917,Glögg starkvin vol. % 16,"Kalcium, Ca",Vin,8.0,mg
1917,Glögg starkvin vol. % 16,Fettsyra 4:0-10:0,Vin,0.0,g
1917,Glögg starkvin vol. % 16,DHA (C22:6),Vin,0.0,g
1917,Glögg starkvin vol. % 16,DPA (C22:5),Vin,0.0,g
1917,Glögg starkvin vol. % 16,EPA (C20:5),Vin,0.0,g
1917,Glögg starkvin vol. % 16,Arakidonsyra C20:4,Vin,0.0,g
1917,Glögg starkvin vol. % 16,Arakidinsyra C20:0,Vin,0.0,g
1917,Glögg starkvin vol. % 16,Linolensyra C18:3,Vin,0.0,g
1917,Glögg starkvin vol. % 16,Linolsyra C18:2,Vin,0.0,g
1917,Glögg starkvin vol. % 16,Oljesyra C18:1,Vin,0.0,g
1917,Glögg starkvin vol. % 16,Stearinsyra C18:0,Vin,0.0,g
1917,Glögg starkvin vol. % 16,Palmitoljesyra C16:1,Vin,0.0,g
1917,Glögg starkvin vol. % 16,Palmitinsyra C16:0,Vin,0.0,g
1917,Glögg starkvin vol. % 16,Myristinsyra C14:0,Vin,0.0,g
1917,Glögg starkvin vol. % 16,Laurinsyra C12:0,Vin,0.0,g
1917,Glögg starkvin vol. % 16,Betakaroten/β-Karoten,Vin,0.0,µg
1917,Glögg starkvin vol. % 16,Avfall (skal etc.),Vin,0.0,%
1917,Glögg starkvin vol. % 16,Aska,Vin,0.3,g
1917,Glögg starkvin vol. % 16,Alkohol,Vin,12.8,g
1918,Brännvin renat el. vodka vol. % 40,"Zink, Zn",Starksprit,0.0,mg
1918,Brännvin renat el. vodka vol. % 40,Vitamin E,Starksprit,0.0,mg
1918,Brännvin renat el. vodka vol. % 40,Vitamin D inkl 25-OH-D3,Starksprit,0.0,µg
1918,Brännvin renat el. vodka vol. % 40,Vitamin D,Starksprit,0.0,µg
1918,Brännvin renat el. vodka vol. % 40,Vitamin C,Starksprit,0.0,mg
1918,Brännvin renat el. vodka vol. % 40,Vitamin B6,Starksprit,0.0,mg
1918,Brännvin renat el. vodka vol. % 40,Vitamin B12,Starksprit,0.0,µg
1918,Brännvin renat el. vodka vol. % 40,Vitamin A,Starksprit,0.0,RE/µg
1918,Brännvin renat el. vodka vol. % 40,Vatten,Starksprit,68.0,g
1918,Brännvin renat el. vodka vol. % 40,Tiamin,Starksprit,0.0,mg
1918,Brännvin renat el. vodka vol. % 40,Tillsatt socker,Starksprit,0.0,g
1918,Brännvin renat el. vodka vol. % 40,Fritt socker,Starksprit,0.0,g
1918,Brännvin renat el. vodka vol. % 40,"Selen, Se",Starksprit,0.0,µg
1918,Brännvin renat el. vodka vol. % 40,Sackaros,Starksprit,0.0,g
1918,Brännvin renat el. vodka vol. % 40,Riboflavin,Starksprit,0.0,mg
1918,Brännvin renat el. vodka vol. % 40,Retinol,Starksprit,0.0,µg
1918,Brännvin renat el. vodka vol. % 40,Protein,Starksprit,0.0,g
1918,Brännvin renat el. vodka vol. % 40,Summa fleromättade fettsyror,Starksprit,0.0,g
1918,Brännvin renat el. vodka vol. % 40,"Fosfor, P",Starksprit,0.0,mg
1918,Brännvin renat el. vodka vol. % 40,Niacinekvivalenter,Starksprit,0.0,NE/mg
1918,Brännvin renat el. vodka vol. % 40,Niacin,Starksprit,0.0,mg
1918,Brännvin renat el. vodka vol. % 40,"Salt, NaCl",Starksprit,0.0,g
1918,Brännvin renat el. vodka vol. % 40,"Natrium, Na",Starksprit,0.0,mg
1918,Brännvin renat el. vodka vol. % 40,Monosackarider,Starksprit,0.0,g
1918,Brännvin renat el. vodka vol. % 40,"Sockerarter, totalt",Starksprit,0.0,g
1918,Brännvin renat el. vodka vol. % 40,Summa enkelomättade fettsyror,Starksprit,0.0,g
1918,Brännvin renat el. vodka vol. % 40,"Magnesium, Mg",Starksprit,0.0,mg
1918,Brännvin renat el. vodka vol. % 40,Summa mättade fettsyror,Starksprit,0.0,g
1918,Brännvin renat el. vodka vol. % 40,"Kolhydrater, tillgängliga",Starksprit,0.0,g
1918,Brännvin renat el. vodka vol. % 40,Kolesterol,Starksprit,0.0,mg
1918,Brännvin renat el. vodka vol. % 40,"Kalium, K",Starksprit,0.0,mg
1918,Brännvin renat el. vodka vol. % 40,"Jod, I",Starksprit,1.0,µg
1918,Brännvin renat el. vodka vol. % 40,Fullkorn totalt,Starksprit,0.0,g
1918,Brännvin renat el. vodka vol. % 40,"Folat, totalt",Starksprit,0.0,µg
1918,Brännvin renat el. vodka vol. % 40,Fibrer,Starksprit,0.0,g
1918,Brännvin renat el. vodka vol. % 40,"Fett, totalt",Starksprit,0.0,g
1918,Brännvin renat el. vodka vol. % 40,"Järn, Fe",Starksprit,0.0,mg
1918,Brännvin renat el. vodka vol. % 40,Energi (kJ),Starksprit,928.0,kJ
1918,Brännvin renat el. vodka vol. % 40,Energi (kcal),Starksprit,222.0,kcal
1918,Brännvin renat el. vodka vol. % 40,Disackarider,Starksprit,0.0,g
1918,Brännvin renat el. vodka vol. % 40,"Kalcium, Ca",Starksprit,0.0,mg
1918,Brännvin renat el. vodka vol. % 40,Fettsyra 4:0-10:0,Starksprit,0.0,g
1918,Brännvin renat el. vodka vol. % 40,DHA (C22:6),Starksprit,0.0,g
1918,Brännvin renat el. vodka vol. % 40,DPA (C22:5),Starksprit,0.0,g
1918,Brännvin renat el. vodka vol. % 40,EPA (C20:5),Starksprit,0.0,g
1918,Brännvin renat el. vodka vol. % 40,Arakidonsyra C20:4,Starksprit,0.0,g
1918,Brännvin renat el. vodka vol. % 40,Arakidinsyra C20:0,Starksprit,0.0,g
1918,Brännvin renat el. vodka vol. % 40,Linolensyra C18:3,Starksprit,0.0,g
1918,Brännvin renat el. vodka vol. % 40,Linolsyra C18:2,Starksprit,0.0,g
1918,Brännvin renat el. vodka vol. % 40,Oljesyra C18:1,Starksprit,0.0,g
1918,Brännvin renat el. vodka vol. % 40,Stearinsyra C18:0,Starksprit,0.0,g
1918,Brännvin renat el. vodka vol. % 40,Palmitoljesyra C16:1,Starksprit,0.0,g
1918,Brännvin renat el. vodka vol. % 40,Palmitinsyra C16:0,Starksprit,0.0,g
1918,Brännvin renat el. vodka vol. % 40,Myristinsyra C14:0,Starksprit,0.0,g
1918,Brännvin renat el. vodka vol. % 40,Laurinsyra C12:0,Starksprit,0.0,g
1918,Brännvin renat el. vodka vol. % 40,Betakaroten/β-Karoten,Starksprit,0.0,µg
1918,Brännvin renat el. vodka vol. % 40,Avfall (skal etc.),Starksprit,0.0,%
1918,Brännvin renat el. vodka vol. % 40,Aska,Starksprit,0.0,g
1918,Brännvin renat el. vodka vol. % 40,Alkohol,Starksprit,32.0,g
1919,Likör söt vol. % 24,"Zink, Zn",Likör,0.0,mg
1919,Likör söt vol. % 24,Vitamin E,Likör,0.0,mg
1919,Likör söt vol. % 24,Vitamin D inkl 25-OH-D3,Likör,0.0,µg
1919,Likör söt vol. % 24,Vitamin D,Likör,0.0,µg
1919,Likör söt vol. % 24,Vitamin C,Likör,0.0,mg
1919,Likör söt vol. % 24,Vitamin B6,Likör,0.01,mg
1919,Likör söt vol. % 24,Vitamin B12,Likör,0.0,µg
1919,Likör söt vol. % 24,Vitamin A,Likör,0.0,RE/µg
1919,Likör söt vol. % 24,Vatten,Likör,48.0,g
1919,Likör söt vol. % 24,Tiamin,Likör,0.0,mg
1919,Likör söt vol. % 24,Tillsatt socker,Likör,33.0,g
1919,Likör söt vol. % 24,Fritt socker,Likör,33.0,g
1919,Likör söt vol. % 24,"Selen, Se",Likör,0.0,µg
1919,Likör söt vol. % 24,Sackaros,Likör,33.0,g
1919,Likör söt vol. % 24,Riboflavin,Likör,0.0,mg
1919,Likör söt vol. % 24,Retinol,Likör,0.0,µg
1919,Likör söt vol. % 24,Protein,Likör,0.0,g
1919,Likör söt vol. % 24,Summa fleromättade fettsyror,Likör,0.0,g
1919,Likör söt vol. % 24,"Fosfor, P",Likör,0.0,mg
1919,Likör söt vol. % 24,Niacinekvivalenter,Likör,0.0,NE/mg
1919,Likör söt vol. % 24,Niacin,Likör,0.0,mg
1919,Likör söt vol. % 24,"Salt, NaCl",Likör,0.0,g
1919,Likör söt vol. % 24,"Natrium, Na",Likör,0.0,mg
1919,Likör söt vol. % 24,Monosackarider,Likör,0.0,g
1919,Likör söt vol. % 24,"Sockerarter, totalt",Likör,33.0,g
1919,Likör söt vol. % 24,Summa enkelomättade fettsyror,Likör,0.0,g
1919,Likör söt vol. % 24,"Magnesium, Mg",Likör,73.0,mg
1919,Likör söt vol. % 24,Summa mättade fettsyror,Likör,0.0,g
1919,Likör söt vol. % 24,"Kolhydrater, tillgängliga",Likör,33.0,g
1919,Likör söt vol. % 24,Kolesterol,Likör,0.0,mg
1919,Likör söt vol. % 24,"Kalium, K",Likör,0.0,mg
1919,Likör söt vol. % 24,"Jod, I",Likör,0.0,µg
1919,Likör söt vol. % 24,Fullkorn totalt,Likör,0.0,g
1919,Likör söt vol. % 24,"Folat, totalt",Likör,0.0,µg
1919,Likör söt vol. % 24,Fibrer,Likör,0.0,g
1919,Likör söt vol. % 24,"Fett, totalt",Likör,0.0,g
1919,Likör söt vol. % 24,"Järn, Fe",Likör,0.0,mg
1919,Likör söt vol. % 24,Energi (kJ),Likör,1112.0,kJ
1919,Likör söt vol. % 24,Energi (kcal),Likör,266.0,kcal
1919,Likör söt vol. % 24,Disackarider,Likör,33.0,g
1919,Likör söt vol. % 24,"Kalcium, Ca",Likör,0.0,mg
1919,Likör söt vol. % 24,Fettsyra 4:0-10:0,Likör,0.0,g
1919,Likör söt vol. % 24,DHA (C22:6),Likör,0.0,g
1919,Likör söt vol. % 24,DPA (C22:5),Likör,0.0,g
1919,Likör söt vol. % 24,EPA (C20:5),Likör,0.0,g
1919,Likör söt vol. % 24,Arakidonsyra C20:4,Likör,0.0,g
1919,Likör söt vol. % 24,Arakidinsyra C20:0,Likör,0.0,g
1919,Likör söt vol. % 24,Linolensyra C18:3,Likör,0.0,g
1919,Likör söt vol. % 24,Linolsyra C18:2,Likör,0.0,g
1919,Likör söt vol. % 24,Oljesyra C18:1,Likör,0.0,g
1919,Likör söt vol. % 24,Stearinsyra C18:0,Likör,0.0,g
1919,Likör söt vol. % 24,Palmitoljesyra C16:1,Likör,0.0,g
1919,Likör söt vol. % 24,Palmitinsyra C16:0,Likör,0.0,g
1919,Likör söt vol. % 24,Myristinsyra C14:0,Likör,0.0,g
1919,Likör söt vol. % 24,Laurinsyra C12:0,Likör,0.0,g
1919,Likör söt vol. % 24,Betakaroten/β-Karoten,Likör,0.0,µg
1919,Likör söt vol. % 24,Avfall (skal etc.),Likör,0.0,%
1919,Likör söt vol. % 24,Aska,Likör,0.0,g
1919,Likör söt vol. % 24,Alkohol,Likör,19.0,g
1920,Likör Kaptenlöjtnant vol. % 38,"Zink, Zn",Likör,0.0,mg
1920,Likör Kaptenlöjtnant vol. % 38,Vitamin E,Likör,0.0,mg
1920,Likör Kaptenlöjtnant vol. % 38,Vitamin D inkl 25-OH-D3,Likör,0.0,µg
1920,Likör Kaptenlöjtnant vol. % 38,Vitamin D,Likör,0.0,µg
1920,Likör Kaptenlöjtnant vol. % 38,Vitamin C,Likör,0.0,mg
1920,Likör Kaptenlöjtnant vol. % 38,Vitamin B6,Likör,0.0,mg
1920,Likör Kaptenlöjtnant vol. % 38,Vitamin B12,Likör,0.0,µg
1920,Likör Kaptenlöjtnant vol. % 38,Vitamin A,Likör,0.0,RE/µg
1920,Likör Kaptenlöjtnant vol. % 38,Vatten,Likör,42.5,g
1920,Likör Kaptenlöjtnant vol. % 38,Tiamin,Likör,0.0,mg
1920,Likör Kaptenlöjtnant vol. % 38,Tillsatt socker,Likör,27.0,g
1920,Likör Kaptenlöjtnant vol. % 38,Fritt socker,Likör,27.0,g
1920,Likör Kaptenlöjtnant vol. % 38,"Selen, Se",Likör,0.0,µg
1920,Likör Kaptenlöjtnant vol. % 38,Sackaros,Likör,17.0,g
1920,Likör Kaptenlöjtnant vol. % 38,Riboflavin,Likör,0.0,mg
1920,Likör Kaptenlöjtnant vol. % 38,Retinol,Likör,0.0,µg
1920,Likör Kaptenlöjtnant vol. % 38,Protein,Likör,0.0,g
1920,Likör Kaptenlöjtnant vol. % 38,Summa fleromättade fettsyror,Likör,0.0,g
1920,Likör Kaptenlöjtnant vol. % 38,"Fosfor, P",Likör,0.0,mg
1920,Likör Kaptenlöjtnant vol. % 38,Niacinekvivalenter,Likör,0.0,NE/mg
1920,Likör Kaptenlöjtnant vol. % 38,Niacin,Likör,0.0,mg
1920,Likör Kaptenlöjtnant vol. % 38,"Salt, NaCl",Likör,0.0,g
1920,Likör Kaptenlöjtnant vol. % 38,"Natrium, Na",Likör,0.0,mg
1920,Likör Kaptenlöjtnant vol. % 38,Monosackarider,Likör,10.0,g
1920,Likör Kaptenlöjtnant vol. % 38,"Sockerarter, totalt",Likör,27.0,g
1920,Likör Kaptenlöjtnant vol. % 38,Summa enkelomättade fettsyror,Likör,0.0,g
1920,Likör Kaptenlöjtnant vol. % 38,"Magnesium, Mg",Likör,0.0,mg
1920,Likör Kaptenlöjtnant vol. % 38,Summa mättade fettsyror,Likör,0.0,g
1920,Likör Kaptenlöjtnant vol. % 38,"Kolhydrater, tillgängliga",Likör,27.0,g
1920,Likör Kaptenlöjtnant vol. % 38,Kolesterol,Likör,0.0,mg
1920,Likör Kaptenlöjtnant vol. % 38,"Kalium, K",Likör,0.0,mg
1920,Likör Kaptenlöjtnant vol. % 38,"Jod, I",Likör,0.0,µg
1920,Likör Kaptenlöjtnant vol. % 38,Fullkorn totalt,Likör,0.0,g
1920,Likör Kaptenlöjtnant vol. % 38,"Folat, totalt",Likör,0.0,µg
1920,Likör Kaptenlöjtnant vol. % 38,Fibrer,Likör,0.0,g
1920,Likör Kaptenlöjtnant vol. % 38,"Fett, totalt",Likör,0.0,g
1920,Likör Kaptenlöjtnant vol. % 38,"Järn, Fe",Likör,0.0,mg
1920,Likör Kaptenlöjtnant vol. % 38,Energi (kJ),Likör,1344.0,kJ
1920,Likör Kaptenlöjtnant vol. % 38,Energi (kcal),Likör,321.0,kcal
1920,Likör Kaptenlöjtnant vol. % 38,Disackarider,Likör,17.0,g
1920,Likör Kaptenlöjtnant vol. % 38,"Kalcium, Ca",Likör,0.0,mg
1920,Likör Kaptenlöjtnant vol. % 38,Fettsyra 4:0-10:0,Likör,0.0,g
1920,Likör Kaptenlöjtnant vol. % 38,DHA (C22:6),Likör,0.0,g
1920,Likör Kaptenlöjtnant vol. % 38,DPA (C22:5),Likör,0.0,g
1920,Likör Kaptenlöjtnant vol. % 38,EPA (C20:5),Likör,0.0,g
1920,Likör Kaptenlöjtnant vol. % 38,Arakidonsyra C20:4,Likör,0.0,g
1920,Likör Kaptenlöjtnant vol. % 38,Arakidinsyra C20:0,Likör,0.0,g
1920,Likör Kaptenlöjtnant vol. % 38,Linolensyra C18:3,Likör,0.0,g
1920,Likör Kaptenlöjtnant vol. % 38,Linolsyra C18:2,Likör,0.0,g
1920,Likör Kaptenlöjtnant vol. % 38,Oljesyra C18:1,Likör,0.0,g
1920,Likör Kaptenlöjtnant vol. % 38,Stearinsyra C18:0,Likör,0.0,g
1920,Likör Kaptenlöjtnant vol. % 38,Palmitoljesyra C16:1,Likör,0.0,g
1920,Likör Kaptenlöjtnant vol. % 38,Palmitinsyra C16:0,Likör,0.0,g
1920,Likör Kaptenlöjtnant vol. % 38,Myristinsyra C14:0,Likör,0.0,g
1920,Likör Kaptenlöjtnant vol. % 38,Laurinsyra C12:0,Likör,0.0,g
1920,Likör Kaptenlöjtnant vol. % 38,Betakaroten/β-Karoten,Likör,0.0,µg
1920,Likör Kaptenlöjtnant vol. % 38,Avfall (skal etc.),Likör,0.0,%
1920,Likör Kaptenlöjtnant vol. % 38,Aska,Likör,0.0,g
1920,Likör Kaptenlöjtnant vol. % 38,Alkohol,Likör,30.5,g
1921,Konjak el. brandy vol. % 40,"Zink, Zn",Starksprit,0.0,mg
1921,Konjak el. brandy vol. % 40,Vitamin E,Starksprit,0.0,mg
1921,Konjak el. brandy vol. % 40,Vitamin D inkl 25-OH-D3,Starksprit,0.0,µg
1921,Konjak el. brandy vol. % 40,Vitamin D,Starksprit,0.0,µg
1921,Konjak el. brandy vol. % 40,Vitamin C,Starksprit,0.0,mg
1921,Konjak el. brandy vol. % 40,Vitamin B6,Starksprit,0.0,mg
1921,Konjak el. brandy vol. % 40,Vitamin B12,Starksprit,0.0,µg
1921,Konjak el. brandy vol. % 40,Vitamin A,Starksprit,0.0,RE/µg
1921,Konjak el. brandy vol. % 40,Vatten,Starksprit,67.1,g
1921,Konjak el. brandy vol. % 40,Tiamin,Starksprit,0.0,mg
1921,Konjak el. brandy vol. % 40,Tillsatt socker,Starksprit,0.0,g
1921,Konjak el. brandy vol. % 40,Fritt socker,Starksprit,0.0,g
1921,Konjak el. brandy vol. % 40,"Selen, Se",Starksprit,0.0,µg
1921,Konjak el. brandy vol. % 40,Sackaros,Starksprit,0.5,g
1921,Konjak el. brandy vol. % 40,Riboflavin,Starksprit,0.0,mg
1921,Konjak el. brandy vol. % 40,Retinol,Starksprit,0.0,µg
1921,Konjak el. brandy vol. % 40,Protein,Starksprit,0.0,g
1921,Konjak el. brandy vol. % 40,Summa fleromättade fettsyror,Starksprit,0.0,g
1921,Konjak el. brandy vol. % 40,"Fosfor, P",Starksprit,0.0,mg
1921,Konjak el. brandy vol. % 40,Niacinekvivalenter,Starksprit,0.0,NE/mg
1921,Konjak el. brandy vol. % 40,Niacin,Starksprit,0.0,mg
1921,Konjak el. brandy vol. % 40,"Salt, NaCl",Starksprit,0.0,g
1921,Konjak el. brandy vol. % 40,"Natrium, Na",Starksprit,0.0,mg
1921,Konjak el. brandy vol. % 40,Monosackarider,Starksprit,0.3,g
1921,Konjak el. brandy vol. % 40,"Sockerarter, totalt",Starksprit,0.8,g
1921,Konjak el. brandy vol. % 40,Summa enkelomättade fettsyror,Starksprit,0.0,g
1921,Konjak el. brandy vol. % 40,"Magnesium, Mg",Starksprit,0.0,mg
1921,Konjak el. brandy vol. % 40,Summa mättade fettsyror,Starksprit,0.0,g
1921,Konjak el. brandy vol. % 40,"Kolhydrater, tillgängliga",Starksprit,0.8,g
1921,Konjak el. brandy vol. % 40,Kolesterol,Starksprit,0.0,mg
1921,Konjak el. brandy vol. % 40,"Kalium, K",Starksprit,0.0,mg
1921,Konjak el. brandy vol. % 40,"Jod, I",Starksprit,1.1,µg
1921,Konjak el. brandy vol. % 40,Fullkorn totalt,Starksprit,0.0,g
1921,Konjak el. brandy vol. % 40,"Folat, totalt",Starksprit,0.0,µg
1921,Konjak el. brandy vol. % 40,Fibrer,Starksprit,0.0,g
1921,Konjak el. brandy vol. % 40,"Fett, totalt",Starksprit,0.0,g
1921,Konjak el. brandy vol. % 40,"Järn, Fe",Starksprit,0.0,mg
1921,Konjak el. brandy vol. % 40,Energi (kJ),Starksprit,942.0,kJ
1921,Konjak el. brandy vol. % 40,Energi (kcal),Starksprit,225.0,kcal
1921,Konjak el. brandy vol. % 40,Disackarider,Starksprit,0.5,g
1921,Konjak el. brandy vol. % 40,"Kalcium, Ca",Starksprit,0.0,mg
1921,Konjak el. brandy vol. % 40,Fettsyra 4:0-10:0,Starksprit,0.0,g
1921,Konjak el. brandy vol. % 40,DHA (C22:6),Starksprit,0.0,g
1921,Konjak el. brandy vol. % 40,DPA (C22:5),Starksprit,0.0,g
1921,Konjak el. brandy vol. % 40,EPA (C20:5),Starksprit,0.0,g
1921,Konjak el. brandy vol. % 40,Arakidonsyra C20:4,Starksprit,0.0,g
1921,Konjak el. brandy vol. % 40,Arakidinsyra C20:0,Starksprit,0.0,g
1921,Konjak el. brandy vol. % 40,Linolensyra C18:3,Starksprit,0.0,g
1921,Konjak el. brandy vol. % 40,Linolsyra C18:2,Starksprit,0.0,g
1921,Konjak el. brandy vol. % 40,Oljesyra C18:1,Starksprit,0.0,g
1921,Konjak el. brandy vol. % 40,Stearinsyra C18:0,Starksprit,0.0,g
1921,Konjak el. brandy vol. % 40,Palmitoljesyra C16:1,Starksprit,0.0,g
1921,Konjak el. brandy vol. % 40,Palmitinsyra C16:0,Starksprit,0.0,g
1921,Konjak el. brandy vol. % 40,Myristinsyra C14:0,Starksprit,0.0,g
1921,Konjak el. brandy vol. % 40,Laurinsyra C12:0,Starksprit,0.0,g
1921,Konjak el. brandy vol. % 40,Betakaroten/β-Karoten,Starksprit,0.0,µg
1921,Konjak el. brandy vol. % 40,Avfall (skal etc.),Starksprit,0.0,%
1921,Konjak el. brandy vol. % 40,Aska,Starksprit,0.1,g
1921,Konjak el. brandy vol. % 40,Alkohol,Starksprit,32.0,g
1922,Punsch vol. % 26,"Zink, Zn",Starksprit,0.0,mg
1922,Punsch vol. % 26,Vitamin E,Starksprit,0.0,mg
1922,Punsch vol. % 26,Vitamin D inkl 25-OH-D3,Starksprit,0.0,µg
1922,Punsch vol. % 26,Vitamin D,Starksprit,0.0,µg
1922,Punsch vol. % 26,Vitamin C,Starksprit,0.0,mg
1922,Punsch vol. % 26,Vitamin B6,Starksprit,0.0,mg
1922,Punsch vol. % 26,Vitamin B12,Starksprit,0.0,µg
1922,Punsch vol. % 26,Vitamin A,Starksprit,0.0,RE/µg
1922,Punsch vol. % 26,Vatten,Starksprit,54.0,g
1922,Punsch vol. % 26,Tiamin,Starksprit,0.0,mg
1922,Punsch vol. % 26,Tillsatt socker,Starksprit,26.0,g
1922,Punsch vol. % 26,Fritt socker,Starksprit,26.0,g
1922,Punsch vol. % 26,"Selen, Se",Starksprit,0.0,µg
1922,Punsch vol. % 26,Sackaros,Starksprit,14.2,g
1922,Punsch vol. % 26,Riboflavin,Starksprit,0.0,mg
1922,Punsch vol. % 26,Retinol,Starksprit,0.0,µg
1922,Punsch vol. % 26,Protein,Starksprit,0.0,g
1922,Punsch vol. % 26,Summa fleromättade fettsyror,Starksprit,0.0,g
1922,Punsch vol. % 26,"Fosfor, P",Starksprit,0.0,mg
1922,Punsch vol. % 26,Niacinekvivalenter,Starksprit,0.0,NE/mg
1922,Punsch vol. % 26,Niacin,Starksprit,0.0,mg
1922,Punsch vol. % 26,"Salt, NaCl",Starksprit,0.0,g
1922,Punsch vol. % 26,"Natrium, Na",Starksprit,0.0,mg
1922,Punsch vol. % 26,Monosackarider,Starksprit,11.8,g
1922,Punsch vol. % 26,"Sockerarter, totalt",Starksprit,26.0,g
1922,Punsch vol. % 26,Summa enkelomättade fettsyror,Starksprit,0.0,g
1922,Punsch vol. % 26,"Magnesium, Mg",Starksprit,0.0,mg
1922,Punsch vol. % 26,Summa mättade fettsyror,Starksprit,0.0,g
1922,Punsch vol. % 26,"Kolhydrater, tillgängliga",Starksprit,26.0,g
1922,Punsch vol. % 26,Kolesterol,Starksprit,0.0,mg
1922,Punsch vol. % 26,"Kalium, K",Starksprit,0.0,mg
1922,Punsch vol. % 26,"Jod, I",Starksprit,0.0,µg
1922,Punsch vol. % 26,Fullkorn totalt,Starksprit,0.0,g
1922,Punsch vol. % 26,"Folat, totalt",Starksprit,0.0,µg
1922,Punsch vol. % 26,Fibrer,Starksprit,0.0,g
1922,Punsch vol. % 26,"Fett, totalt",Starksprit,0.0,g
1922,Punsch vol. % 26,"Järn, Fe",Starksprit,0.0,mg
1922,Punsch vol. % 26,Energi (kJ),Starksprit,1022.0,kJ
1922,Punsch vol. % 26,Energi (kcal),Starksprit,244.0,kcal
1922,Punsch vol. % 26,Disackarider,Starksprit,14.2,g
1922,Punsch vol. % 26,"Kalcium, Ca",Starksprit,0.0,mg
1922,Punsch vol. % 26,Fettsyra 4:0-10:0,Starksprit,0.0,g
1922,Punsch vol. % 26,DHA (C22:6),Starksprit,0.0,g
1922,Punsch vol. % 26,DPA (C22:5),Starksprit,0.0,g
1922,Punsch vol. % 26,EPA (C20:5),Starksprit,0.0,g
1922,Punsch vol. % 26,Arakidonsyra C20:4,Starksprit,0.0,g
1922,Punsch vol. % 26,Arakidinsyra C20:0,Starksprit,0.0,g
1922,Punsch vol. % 26,Linolensyra C18:3,Starksprit,0.0,g
1922,Punsch vol. % 26,Linolsyra C18:2,Starksprit,0.0,g
1922,Punsch vol. % 26,Oljesyra C18:1,Starksprit,0.0,g
1922,Punsch vol. % 26,Stearinsyra C18:0,Starksprit,0.0,g
1922,Punsch vol. % 26,Palmitoljesyra C16:1,Starksprit,0.0,g
1922,Punsch vol. % 26,Palmitinsyra C16:0,Starksprit,0.0,g
1922,Punsch vol. % 26,Myristinsyra C14:0,Starksprit,0.0,g
1922,Punsch vol. % 26,Laurinsyra C12:0,Starksprit,0.0,g
1922,Punsch vol. % 26,Betakaroten/β-Karoten,Starksprit,0.0,µg
1922,Punsch vol. % 26,Avfall (skal etc.),Starksprit,0.0,%
1922,Punsch vol. % 26,Aska,Starksprit,0.0,g
1922,Punsch vol. % 26,Alkohol,Starksprit,20.0,g
1923,Rom vol. % 40,"Zink, Zn",Starksprit,0.0,mg
1923,Rom vol. % 40,Vitamin E,Starksprit,0.0,mg
1923,Rom vol. % 40,Vitamin D inkl 25-OH-D3,Starksprit,0.0,µg
1923,Rom vol. % 40,Vitamin D,Starksprit,0.0,µg
1923,Rom vol. % 40,Vitamin C,Starksprit,0.0,mg
1923,Rom vol. % 40,Vitamin B6,Starksprit,0.0,mg
1923,Rom vol. % 40,Vitamin B12,Starksprit,0.0,µg
1923,Rom vol. % 40,Vitamin A,Starksprit,0.0,RE/µg
1923,Rom vol. % 40,Vatten,Starksprit,67.7,g
1923,Rom vol. % 40,Tiamin,Starksprit,0.0,mg
1923,Rom vol. % 40,Tillsatt socker,Starksprit,0.0,g
1923,Rom vol. % 40,Fritt socker,Starksprit,0.0,g
1923,Rom vol. % 40,"Selen, Se",Starksprit,0.0,µg
1923,Rom vol. % 40,Sackaros,Starksprit,0.0,g
1923,Rom vol. % 40,Riboflavin,Starksprit,0.0,mg
1923,Rom vol. % 40,Retinol,Starksprit,0.0,µg
1923,Rom vol. % 40,Protein,Starksprit,0.0,g
1923,Rom vol. % 40,Summa fleromättade fettsyror,Starksprit,0.0,g
1923,Rom vol. % 40,"Fosfor, P",Starksprit,0.0,mg
1923,Rom vol. % 40,Niacinekvivalenter,Starksprit,0.0,NE/mg
1923,Rom vol. % 40,Niacin,Starksprit,0.0,mg
1923,Rom vol. % 40,"Salt, NaCl",Starksprit,0.0,g
1923,Rom vol. % 40,"Natrium, Na",Starksprit,0.0,mg
1923,Rom vol. % 40,Monosackarider,Starksprit,0.3,g
1923,Rom vol. % 40,"Sockerarter, totalt",Starksprit,0.3,g
1923,Rom vol. % 40,Summa enkelomättade fettsyror,Starksprit,0.0,g
1923,Rom vol. % 40,"Magnesium, Mg",Starksprit,0.0,mg
1923,Rom vol. % 40,Summa mättade fettsyror,Starksprit,0.0,g
1923,Rom vol. % 40,"Kolhydrater, tillgängliga",Starksprit,0.3,g
1923,Rom vol. % 40,Kolesterol,Starksprit,0.0,mg
1923,Rom vol. % 40,"Kalium, K",Starksprit,0.0,mg
1923,Rom vol. % 40,"Jod, I",Starksprit,0.0,µg
1923,Rom vol. % 40,Fullkorn totalt,Starksprit,0.0,g
1923,Rom vol. % 40,"Folat, totalt",Starksprit,0.0,µg
1923,Rom vol. % 40,Fibrer,Starksprit,0.0,g
1923,Rom vol. % 40,"Fett, totalt",Starksprit,0.0,g
1923,Rom vol. % 40,"Järn, Fe",Starksprit,0.0,mg
1923,Rom vol. % 40,Energi (kJ),Starksprit,933.0,kJ
1923,Rom vol. % 40,Energi (kcal),Starksprit,223.0,kcal
1923,Rom vol. % 40,Disackarider,Starksprit,0.0,g
1923,Rom vol. % 40,"Kalcium, Ca",Starksprit,0.0,mg
1923,Rom vol. % 40,Fettsyra 4:0-10:0,Starksprit,0.0,g
1923,Rom vol. % 40,DHA (C22:6),Starksprit,0.0,g
1923,Rom vol. % 40,DPA (C22:5),Starksprit,0.0,g
1923,Rom vol. % 40,EPA (C20:5),Starksprit,0.0,g
1923,Rom vol. % 40,Arakidonsyra C20:4,Starksprit,0.0,g
1923,Rom vol. % 40,Arakidinsyra C20:0,Starksprit,0.0,g
1923,Rom vol. % 40,Linolensyra C18:3,Starksprit,0.0,g
1923,Rom vol. % 40,Linolsyra C18:2,Starksprit,0.0,g
1923,Rom vol. % 40,Oljesyra C18:1,Starksprit,0.0,g
1923,Rom vol. % 40,Stearinsyra C18:0,Starksprit,0.0,g
1923,Rom vol. % 40,Palmitoljesyra C16:1,Starksprit,0.0,g
1923,Rom vol. % 40,Palmitinsyra C16:0,Starksprit,0.0,g
1923,Rom vol. % 40,Myristinsyra C14:0,Starksprit,0.0,g
1923,Rom vol. % 40,Laurinsyra C12:0,Starksprit,0.0,g
1923,Rom vol. % 40,Betakaroten/β-Karoten,Starksprit,0.0,µg
1923,Rom vol. % 40,Avfall (skal etc.),Starksprit,0.0,%
1923,Rom vol. % 40,Aska,Starksprit,0.0,g
1923,Rom vol. % 40,Alkohol,Starksprit,32.0,g
1924,Brännvin kryddat vol. % 40 ,"Zink, Zn",Starksprit,0.0,mg
1924,Brännvin kryddat vol. % 40 ,Vitamin E,Starksprit,0.0,mg
1924,Brännvin kryddat vol. % 40 ,Vitamin D inkl 25-OH-D3,Starksprit,0.0,µg
1924,Brännvin kryddat vol. % 40 ,Vitamin D,Starksprit,0.0,µg
1924,Brännvin kryddat vol. % 40 ,Vitamin C,Starksprit,0.0,mg
1924,Brännvin kryddat vol. % 40 ,Vitamin B6,Starksprit,0.0,mg
1924,Brännvin kryddat vol. % 40 ,Vitamin B12,Starksprit,0.0,µg
1924,Brännvin kryddat vol. % 40 ,Vitamin A,Starksprit,0.0,RE/µg
1924,Brännvin kryddat vol. % 40 ,Vatten,Starksprit,66.9,g
1924,Brännvin kryddat vol. % 40 ,Tiamin,Starksprit,0.0,mg
1924,Brännvin kryddat vol. % 40 ,Tillsatt socker,Starksprit,1.0,g
1924,Brännvin kryddat vol. % 40 ,Fritt socker,Starksprit,1.0,g
1924,Brännvin kryddat vol. % 40 ,"Selen, Se",Starksprit,0.0,µg
1924,Brännvin kryddat vol. % 40 ,Sackaros,Starksprit,0.0,g
1924,Brännvin kryddat vol. % 40 ,Riboflavin,Starksprit,0.0,mg
1924,Brännvin kryddat vol. % 40 ,Retinol,Starksprit,0.0,µg
1924,Brännvin kryddat vol. % 40 ,Protein,Starksprit,0.0,g
1924,Brännvin kryddat vol. % 40 ,Summa fleromättade fettsyror,Starksprit,0.0,g
1924,Brännvin kryddat vol. % 40 ,"Fosfor, P",Starksprit,0.0,mg
1924,Brännvin kryddat vol. % 40 ,Niacinekvivalenter,Starksprit,0.0,NE/mg
1924,Brännvin kryddat vol. % 40 ,Niacin,Starksprit,0.0,mg
1924,Brännvin kryddat vol. % 40 ,"Salt, NaCl",Starksprit,0.0,g
1924,Brännvin kryddat vol. % 40 ,"Natrium, Na",Starksprit,0.0,mg
1924,Brännvin kryddat vol. % 40 ,Monosackarider,Starksprit,1.1,g
1924,Brännvin kryddat vol. % 40 ,"Sockerarter, totalt",Starksprit,1.1,g
1924,Brännvin kryddat vol. % 40 ,Summa enkelomättade fettsyror,Starksprit,0.0,g
1924,Brännvin kryddat vol. % 40 ,"Magnesium, Mg",Starksprit,0.0,mg
1924,Brännvin kryddat vol. % 40 ,Summa mättade fettsyror,Starksprit,0.0,g
1924,Brännvin kryddat vol. % 40 ,"Kolhydrater, tillgängliga",Starksprit,1.1,g
1924,Brännvin kryddat vol. % 40 ,Kolesterol,Starksprit,0.0,mg
1924,Brännvin kryddat vol. % 40 ,"Kalium, K",Starksprit,0.0,mg
1924,Brännvin kryddat vol. % 40 ,"Jod, I",Starksprit,0.0,µg
1924,Brännvin kryddat vol. % 40 ,Fullkorn totalt,Starksprit,0.0,g
1924,Brännvin kryddat vol. % 40 ,"Folat, totalt",Starksprit,0.0,µg
1924,Brännvin kryddat vol. % 40 ,Fibrer,Starksprit,0.0,g
1924,Brännvin kryddat vol. % 40 ,"Fett, totalt",Starksprit,0.0,g
1924,Brännvin kryddat vol. % 40 ,"Järn, Fe",Starksprit,0.0,mg
1924,Brännvin kryddat vol. % 40 ,Energi (kJ),Starksprit,947.0,kJ
1924,Brännvin kryddat vol. % 40 ,Energi (kcal),Starksprit,226.0,kcal
1924,Brännvin kryddat vol. % 40 ,Disackarider,Starksprit,0.0,g
1924,Brännvin kryddat vol. % 40 ,"Kalcium, Ca",Starksprit,0.0,mg
1924,Brännvin kryddat vol. % 40 ,Fettsyra 4:0-10:0,Starksprit,0.0,g
1924,Brännvin kryddat vol. % 40 ,DHA (C22:6),Starksprit,0.0,g
1924,Brännvin kryddat vol. % 40 ,DPA (C22:5),Starksprit,0.0,g
1924,Brännvin kryddat vol. % 40 ,EPA (C20:5),Starksprit,0.0,g
1924,Brännvin kryddat vol. % 40 ,Arakidonsyra C20:4,Starksprit,0.0,g
1924,Brännvin kryddat vol. % 40 ,Arakidinsyra C20:0,Starksprit,0.0,g
1924,Brännvin kryddat vol. % 40 ,Linolensyra C18:3,Starksprit,0.0,g
1924,Brännvin kryddat vol. % 40 ,Linolsyra C18:2,Starksprit,0.0,g
1924,Brännvin kryddat vol. % 40 ,Oljesyra C18:1,Starksprit,0.0,g
1924,Brännvin kryddat vol. % 40 ,Stearinsyra C18:0,Starksprit,0.0,g
1924,Brännvin kryddat vol. % 40 ,Palmitoljesyra C16:1,Starksprit,0.0,g
1924,Brännvin kryddat vol. % 40 ,Palmitinsyra C16:0,Starksprit,0.0,g
1924,Brännvin kryddat vol. % 40 ,Myristinsyra C14:0,Starksprit,0.0,g
1924,Brännvin kryddat vol. % 40 ,Laurinsyra C12:0,Starksprit,0.0,g
1924,Brännvin kryddat vol. % 40 ,Betakaroten/β-Karoten,Starksprit,0.0,µg
1924,Brännvin kryddat vol. % 40 ,Avfall (skal etc.),Starksprit,0.0,%
1924,Brännvin kryddat vol. % 40 ,Aska,Starksprit,0.0,g
1924,Brännvin kryddat vol. % 40 ,Alkohol,Starksprit,32.0,g
1925,Gin vol. % 40,"Zink, Zn",Starksprit,0.0,mg
1925,Gin vol. % 40,Vitamin E,Starksprit,0.0,mg
1925,Gin vol. % 40,Vitamin D inkl 25-OH-D3,Starksprit,0.0,µg
1925,Gin vol. % 40,Vitamin D,Starksprit,0.0,µg
1925,Gin vol. % 40,Vitamin C,Starksprit,0.0,mg
1925,Gin vol. % 40,Vitamin B6,Starksprit,0.0,mg
1925,Gin vol. % 40,Vitamin B12,Starksprit,0.0,µg
1925,Gin vol. % 40,Vitamin A,Starksprit,0.0,RE/µg
1925,Gin vol. % 40,Vatten,Starksprit,68.0,g
1925,Gin vol. % 40,Tiamin,Starksprit,0.0,mg
1925,Gin vol. % 40,Tillsatt socker,Starksprit,0.0,g
1925,Gin vol. % 40,Fritt socker,Starksprit,0.0,g
1925,Gin vol. % 40,"Selen, Se",Starksprit,0.0,µg
1925,Gin vol. % 40,Sackaros,Starksprit,0.0,g
1925,Gin vol. % 40,Riboflavin,Starksprit,0.0,mg
1925,Gin vol. % 40,Retinol,Starksprit,0.0,µg
1925,Gin vol. % 40,Protein,Starksprit,0.0,g
1925,Gin vol. % 40,Summa fleromättade fettsyror,Starksprit,0.0,g
1925,Gin vol. % 40,"Fosfor, P",Starksprit,0.0,mg
1925,Gin vol. % 40,Niacinekvivalenter,Starksprit,0.0,NE/mg
1925,Gin vol. % 40,Niacin,Starksprit,0.0,mg
1925,Gin vol. % 40,"Salt, NaCl",Starksprit,0.0,g
1925,Gin vol. % 40,"Natrium, Na",Starksprit,0.0,mg
1925,Gin vol. % 40,Monosackarider,Starksprit,0.0,g
1925,Gin vol. % 40,"Sockerarter, totalt",Starksprit,0.0,g
1925,Gin vol. % 40,Summa enkelomättade fettsyror,Starksprit,0.0,g
1925,Gin vol. % 40,"Magnesium, Mg",Starksprit,0.0,mg
1925,Gin vol. % 40,Summa mättade fettsyror,Starksprit,0.0,g
1925,Gin vol. % 40,"Kolhydrater, tillgängliga",Starksprit,0.0,g
1925,Gin vol. % 40,Kolesterol,Starksprit,0.0,mg
1925,Gin vol. % 40,"Kalium, K",Starksprit,0.0,mg
1925,Gin vol. % 40,"Jod, I",Starksprit,1.0,µg
1925,Gin vol. % 40,Fullkorn totalt,Starksprit,0.0,g
1925,Gin vol. % 40,"Folat, totalt",Starksprit,0.0,µg
1925,Gin vol. % 40,Fibrer,Starksprit,0.0,g
1925,Gin vol. % 40,"Fett, totalt",Starksprit,0.0,g
1925,Gin vol. % 40,"Järn, Fe",Starksprit,0.0,mg
1925,Gin vol. % 40,Energi (kJ),Starksprit,928.0,kJ
1925,Gin vol. % 40,Energi (kcal),Starksprit,222.0,kcal
1925,Gin vol. % 40,Disackarider,Starksprit,0.0,g
1925,Gin vol. % 40,"Kalcium, Ca",Starksprit,0.0,mg
1925,Gin vol. % 40,Fettsyra 4:0-10:0,Starksprit,0.0,g
1925,Gin vol. % 40,DHA (C22:6),Starksprit,0.0,g
1925,Gin vol. % 40,DPA (C22:5),Starksprit,0.0,g
1925,Gin vol. % 40,EPA (C20:5),Starksprit,0.0,g
1925,Gin vol. % 40,Arakidonsyra C20:4,Starksprit,0.0,g
1925,Gin vol. % 40,Arakidinsyra C20:0,Starksprit,0.0,g
1925,Gin vol. % 40,Linolensyra C18:3,Starksprit,0.0,g
1925,Gin vol. % 40,Linolsyra C18:2,Starksprit,0.0,g
1925,Gin vol. % 40,Oljesyra C18:1,Starksprit,0.0,g
1925,Gin vol. % 40,Stearinsyra C18:0,Starksprit,0.0,g
1925,Gin vol. % 40,Palmitoljesyra C16:1,Starksprit,0.0,g
1925,Gin vol. % 40,Palmitinsyra C16:0,Starksprit,0.0,g
1925,Gin vol. % 40,Myristinsyra C14:0,Starksprit,0.0,g
1925,Gin vol. % 40,Laurinsyra C12:0,Starksprit,0.0,g
1925,Gin vol. % 40,Betakaroten/β-Karoten,Starksprit,0.0,µg
1925,Gin vol. % 40,Avfall (skal etc.),Starksprit,0.0,%
1925,Gin vol. % 40,Aska,Starksprit,0.0,g
1925,Gin vol. % 40,Alkohol,Starksprit,32.0,g
1926,Whisky vol. % 40,"Zink, Zn",Starksprit,0.0,mg
1926,Whisky vol. % 40,Vitamin E,Starksprit,0.0,mg
1926,Whisky vol. % 40,Vitamin D inkl 25-OH-D3,Starksprit,0.0,µg
1926,Whisky vol. % 40,Vitamin D,Starksprit,0.0,µg
1926,Whisky vol. % 40,Vitamin C,Starksprit,0.0,mg
1926,Whisky vol. % 40,Vitamin B6,Starksprit,0.0,mg
1926,Whisky vol. % 40,Vitamin B12,Starksprit,0.0,µg
1926,Whisky vol. % 40,Vitamin A,Starksprit,0.0,RE/µg
1926,Whisky vol. % 40,Vatten,Starksprit,68.0,g
1926,Whisky vol. % 40,Tiamin,Starksprit,0.0,mg
1926,Whisky vol. % 40,Tillsatt socker,Starksprit,0.0,g
1926,Whisky vol. % 40,Fritt socker,Starksprit,0.0,g
1926,Whisky vol. % 40,"Selen, Se",Starksprit,0.0,µg
1926,Whisky vol. % 40,Sackaros,Starksprit,0.0,g
1926,Whisky vol. % 40,Riboflavin,Starksprit,0.0,mg
1926,Whisky vol. % 40,Retinol,Starksprit,0.0,µg
1926,Whisky vol. % 40,Protein,Starksprit,0.0,g
1926,Whisky vol. % 40,Summa fleromättade fettsyror,Starksprit,0.0,g
1926,Whisky vol. % 40,"Fosfor, P",Starksprit,0.0,mg
1926,Whisky vol. % 40,Niacinekvivalenter,Starksprit,0.0,NE/mg
1926,Whisky vol. % 40,Niacin,Starksprit,0.0,mg
1926,Whisky vol. % 40,"Salt, NaCl",Starksprit,0.0,g
1926,Whisky vol. % 40,"Natrium, Na",Starksprit,0.0,mg
1926,Whisky vol. % 40,Monosackarider,Starksprit,0.0,g
1926,Whisky vol. % 40,"Sockerarter, totalt",Starksprit,0.0,g
1926,Whisky vol. % 40,Summa enkelomättade fettsyror,Starksprit,0.0,g
1926,Whisky vol. % 40,"Magnesium, Mg",Starksprit,0.0,mg
1926,Whisky vol. % 40,Summa mättade fettsyror,Starksprit,0.0,g
1926,Whisky vol. % 40,"Kolhydrater, tillgängliga",Starksprit,0.0,g
1926,Whisky vol. % 40,Kolesterol,Starksprit,0.0,mg
1926,Whisky vol. % 40,"Kalium, K",Starksprit,0.0,mg
1926,Whisky vol. % 40,"Jod, I",Starksprit,1.2,µg
1926,Whisky vol. % 40,Fullkorn totalt,Starksprit,0.0,g
1926,Whisky vol. % 40,"Folat, totalt",Starksprit,0.0,µg
1926,Whisky vol. % 40,Fibrer,Starksprit,0.0,g
1926,Whisky vol. % 40,"Fett, totalt",Starksprit,0.0,g
1926,Whisky vol. % 40,"Järn, Fe",Starksprit,0.0,mg
1926,Whisky vol. % 40,Energi (kJ),Starksprit,928.0,kJ
1926,Whisky vol. % 40,Energi (kcal),Starksprit,222.0,kcal
1926,Whisky vol. % 40,Disackarider,Starksprit,0.0,g
1926,Whisky vol. % 40,"Kalcium, Ca",Starksprit,0.0,mg
1926,Whisky vol. % 40,Fettsyra 4:0-10:0,Starksprit,0.0,g
1926,Whisky vol. % 40,DHA (C22:6),Starksprit,0.0,g
1926,Whisky vol. % 40,DPA (C22:5),Starksprit,0.0,g
1926,Whisky vol. % 40,EPA (C20:5),Starksprit,0.0,g
1926,Whisky vol. % 40,Arakidonsyra C20:4,Starksprit,0.0,g
1926,Whisky vol. % 40,Arakidinsyra C20:0,Starksprit,0.0,g
1926,Whisky vol. % 40,Linolensyra C18:3,Starksprit,0.0,g
1926,Whisky vol. % 40,Linolsyra C18:2,Starksprit,0.0,g
1926,Whisky vol. % 40,Oljesyra C18:1,Starksprit,0.0,g
1926,Whisky vol. % 40,Stearinsyra C18:0,Starksprit,0.0,g
1926,Whisky vol. % 40,Palmitoljesyra C16:1,Starksprit,0.0,g
1926,Whisky vol. % 40,Palmitinsyra C16:0,Starksprit,0.0,g
1926,Whisky vol. % 40,Myristinsyra C14:0,Starksprit,0.0,g
1926,Whisky vol. % 40,Laurinsyra C12:0,Starksprit,0.0,g
1926,Whisky vol. % 40,Betakaroten/β-Karoten,Starksprit,0.0,µg
1926,Whisky vol. % 40,Avfall (skal etc.),Starksprit,0.0,%
1926,Whisky vol. % 40,Aska,Starksprit,0.0,g
1926,Whisky vol. % 40,Alkohol,Starksprit,32.0,g
1927,Likör mindre söt vol. % 24,"Zink, Zn",Likör,0.0,mg
1927,Likör mindre söt vol. % 24,Vitamin E,Likör,0.0,mg
1927,Likör mindre söt vol. % 24,Vitamin D inkl 25-OH-D3,Likör,0.0,µg
1927,Likör mindre söt vol. % 24,Vitamin D,Likör,0.0,µg
1927,Likör mindre söt vol. % 24,Vitamin C,Likör,0.0,mg
1927,Likör mindre söt vol. % 24,Vitamin B6,Likör,0.0,mg
1927,Likör mindre söt vol. % 24,Vitamin B12,Likör,0.0,µg
1927,Likör mindre söt vol. % 24,Vitamin A,Likör,0.0,RE/µg
1927,Likör mindre söt vol. % 24,Vatten,Likör,56.3,g
1927,Likör mindre söt vol. % 24,Tiamin,Likör,0.0,mg
1927,Likör mindre söt vol. % 24,Tillsatt socker,Likör,25.0,g
1927,Likör mindre söt vol. % 24,Fritt socker,Likör,25.0,g
1927,Likör mindre söt vol. % 24,"Selen, Se",Likör,0.0,µg
1927,Likör mindre söt vol. % 24,Sackaros,Likör,17.0,g
1927,Likör mindre söt vol. % 24,Riboflavin,Likör,0.0,mg
1927,Likör mindre söt vol. % 24,Retinol,Likör,0.0,µg
1927,Likör mindre söt vol. % 24,Protein,Likör,0.0,g
1927,Likör mindre söt vol. % 24,Summa fleromättade fettsyror,Likör,0.0,g
1927,Likör mindre söt vol. % 24,"Fosfor, P",Likör,0.0,mg
1927,Likör mindre söt vol. % 24,Niacinekvivalenter,Likör,0.0,NE/mg
1927,Likör mindre söt vol. % 24,Niacin,Likör,0.0,mg
1927,Likör mindre söt vol. % 24,"Salt, NaCl",Likör,0.0,g
1927,Likör mindre söt vol. % 24,"Natrium, Na",Likör,0.0,mg
1927,Likör mindre söt vol. % 24,Monosackarider,Likör,5.7,g
1927,Likör mindre söt vol. % 24,"Sockerarter, totalt",Likör,24.7,g
1927,Likör mindre söt vol. % 24,Summa enkelomättade fettsyror,Likör,0.0,g
1927,Likör mindre söt vol. % 24,"Magnesium, Mg",Likör,0.0,mg
1927,Likör mindre söt vol. % 24,Summa mättade fettsyror,Likör,0.0,g
1927,Likör mindre söt vol. % 24,"Kolhydrater, tillgängliga",Likör,24.7,g
1927,Likör mindre söt vol. % 24,Kolesterol,Likör,0.0,mg
1927,Likör mindre söt vol. % 24,"Kalium, K",Likör,0.0,mg
1927,Likör mindre söt vol. % 24,"Jod, I",Likör,0.0,µg
1927,Likör mindre söt vol. % 24,Fullkorn totalt,Likör,0.0,g
1927,Likör mindre söt vol. % 24,"Folat, totalt",Likör,0.0,µg
1927,Likör mindre söt vol. % 24,Fibrer,Likör,0.0,g
1927,Likör mindre söt vol. % 24,"Fett, totalt",Likör,0.0,g
1927,Likör mindre söt vol. % 24,"Järn, Fe",Likör,0.0,mg
1927,Likör mindre söt vol. % 24,Energi (kJ),Likör,971.0,kJ
1927,Likör mindre söt vol. % 24,Energi (kcal),Likör,232.0,kcal
1927,Likör mindre söt vol. % 24,Disackarider,Likör,19.0,g
1927,Likör mindre söt vol. % 24,"Kalcium, Ca",Likör,0.0,mg
1927,Likör mindre söt vol. % 24,Fettsyra 4:0-10:0,Likör,0.0,g
1927,Likör mindre söt vol. % 24,DHA (C22:6),Likör,0.0,g
1927,Likör mindre söt vol. % 24,DPA (C22:5),Likör,0.0,g
1927,Likör mindre söt vol. % 24,EPA (C20:5),Likör,0.0,g
1927,Likör mindre söt vol. % 24,Arakidonsyra C20:4,Likör,0.0,g
1927,Likör mindre söt vol. % 24,Arakidinsyra C20:0,Likör,0.0,g
1927,Likör mindre söt vol. % 24,Linolensyra C18:3,Likör,0.0,g
1927,Likör mindre söt vol. % 24,Linolsyra C18:2,Likör,0.0,g
1927,Likör mindre söt vol. % 24,Oljesyra C18:1,Likör,0.0,g
1927,Likör mindre söt vol. % 24,Stearinsyra C18:0,Likör,0.0,g
1927,Likör mindre söt vol. % 24,Palmitoljesyra C16:1,Likör,0.0,g
1927,Likör mindre söt vol. % 24,Palmitinsyra C16:0,Likör,0.0,g
1927,Likör mindre söt vol. % 24,Myristinsyra C14:0,Likör,0.0,g
1927,Likör mindre söt vol. % 24,Laurinsyra C12:0,Likör,0.0,g
1927,Likör mindre söt vol. % 24,Betakaroten/β-Karoten,Likör,0.0,µg
1927,Likör mindre söt vol. % 24,Avfall (skal etc.),Likör,0.0,%
1927,Likör mindre söt vol. % 24,Aska,Likör,0.0,g
1927,Likör mindre söt vol. % 24,Alkohol,Likör,19.0,g
1929,Kaffedrink Irish coffee m.whiskey vispad grädde,"Zink, Zn",Cider alkoläsk drink,0.0,mg
1929,Kaffedrink Irish coffee m.whiskey vispad grädde,Vitamin E,Cider alkoläsk drink,0.1,mg
1929,Kaffedrink Irish coffee m.whiskey vispad grädde,Vitamin D inkl 25-OH-D3,Cider alkoläsk drink,0.02,µg
1929,Kaffedrink Irish coffee m.whiskey vispad grädde,Vitamin D,Cider alkoläsk drink,0.01,µg
1929,Kaffedrink Irish coffee m.whiskey vispad grädde,Vitamin C,Cider alkoläsk drink,0.0,mg
1929,Kaffedrink Irish coffee m.whiskey vispad grädde,Vitamin B6,Cider alkoläsk drink,0.0,mg
1929,Kaffedrink Irish coffee m.whiskey vispad grädde,Vitamin B12,Cider alkoläsk drink,0.02,µg
1929,Kaffedrink Irish coffee m.whiskey vispad grädde,Vitamin A,Cider alkoläsk drink,24.9,RE/µg
1929,Kaffedrink Irish coffee m.whiskey vispad grädde,Vatten,Cider alkoläsk drink,87.2,g
1929,Kaffedrink Irish coffee m.whiskey vispad grädde,Tiamin,Cider alkoläsk drink,0.0,mg
1929,Kaffedrink Irish coffee m.whiskey vispad grädde,Tillsatt socker,Cider alkoläsk drink,4.0,g
1929,Kaffedrink Irish coffee m.whiskey vispad grädde,Fritt socker,Cider alkoläsk drink,4.0,g
1929,Kaffedrink Irish coffee m.whiskey vispad grädde,"Selen, Se",Cider alkoläsk drink,0.1,µg
1929,Kaffedrink Irish coffee m.whiskey vispad grädde,Sackaros,Cider alkoläsk drink,3.6,g
1929,Kaffedrink Irish coffee m.whiskey vispad grädde,Riboflavin,Cider alkoläsk drink,0.01,mg
1929,Kaffedrink Irish coffee m.whiskey vispad grädde,Retinol,Cider alkoläsk drink,23.2,µg
1929,Kaffedrink Irish coffee m.whiskey vispad grädde,Protein,Cider alkoläsk drink,0.1,g
1929,Kaffedrink Irish coffee m.whiskey vispad grädde,Summa fleromättade fettsyror,Cider alkoläsk drink,0.1,g
1929,Kaffedrink Irish coffee m.whiskey vispad grädde,"Fosfor, P",Cider alkoläsk drink,9.0,mg
1929,Kaffedrink Irish coffee m.whiskey vispad grädde,Niacinekvivalenter,Cider alkoläsk drink,0.47,NE/mg
1929,Kaffedrink Irish coffee m.whiskey vispad grädde,Niacin,Cider alkoläsk drink,0.46,mg
1929,Kaffedrink Irish coffee m.whiskey vispad grädde,"Salt, NaCl",Cider alkoläsk drink,0.0,g
1929,Kaffedrink Irish coffee m.whiskey vispad grädde,"Natrium, Na",Cider alkoläsk drink,7.0,mg
1929,Kaffedrink Irish coffee m.whiskey vispad grädde,Monosackarider,Cider alkoläsk drink,0.0,g
1929,Kaffedrink Irish coffee m.whiskey vispad grädde,"Sockerarter, totalt",Cider alkoläsk drink,3.8,g
1929,Kaffedrink Irish coffee m.whiskey vispad grädde,Summa enkelomättade fettsyror,Cider alkoläsk drink,0.7,g
1929,Kaffedrink Irish coffee m.whiskey vispad grädde,"Magnesium, Mg",Cider alkoläsk drink,8.0,mg
1929,Kaffedrink Irish coffee m.whiskey vispad grädde,Summa mättade fettsyror,Cider alkoläsk drink,1.7,g
1929,Kaffedrink Irish coffee m.whiskey vispad grädde,"Kolhydrater, tillgängliga",Cider alkoläsk drink,4.2,g
1929,Kaffedrink Irish coffee m.whiskey vispad grädde,Kolesterol,Cider alkoläsk drink,7.7,mg
1929,Kaffedrink Irish coffee m.whiskey vispad grädde,"Kalium, K",Cider alkoläsk drink,93.0,mg
1929,Kaffedrink Irish coffee m.whiskey vispad grädde,"Jod, I",Cider alkoläsk drink,3.3,µg
1929,Kaffedrink Irish coffee m.whiskey vispad grädde,Fullkorn totalt,Cider alkoläsk drink,0.0,g
1929,Kaffedrink Irish coffee m.whiskey vispad grädde,"Folat, totalt",Cider alkoläsk drink,0.7,µg
1929,Kaffedrink Irish coffee m.whiskey vispad grädde,Fibrer,Cider alkoläsk drink,0.0,g
1929,Kaffedrink Irish coffee m.whiskey vispad grädde,"Fett, totalt",Cider alkoläsk drink,2.7,g
1929,Kaffedrink Irish coffee m.whiskey vispad grädde,"Järn, Fe",Cider alkoläsk drink,0.1,mg
1929,Kaffedrink Irish coffee m.whiskey vispad grädde,Energi (kJ),Cider alkoläsk drink,334.0,kJ
1929,Kaffedrink Irish coffee m.whiskey vispad grädde,Energi (kcal),Cider alkoläsk drink,80.0,kcal
1929,Kaffedrink Irish coffee m.whiskey vispad grädde,Disackarider,Cider alkoläsk drink,3.8,g
1929,Kaffedrink Irish coffee m.whiskey vispad grädde,"Kalcium, Ca",Cider alkoläsk drink,14.0,mg
1929,Kaffedrink Irish coffee m.whiskey vispad grädde,Fettsyra 4:0-10:0,Cider alkoläsk drink,0.2,g
1929,Kaffedrink Irish coffee m.whiskey vispad grädde,DHA (C22:6),Cider alkoläsk drink,0.0,g
1929,Kaffedrink Irish coffee m.whiskey vispad grädde,DPA (C22:5),Cider alkoläsk drink,0.0,g
1929,Kaffedrink Irish coffee m.whiskey vispad grädde,EPA (C20:5),Cider alkoläsk drink,0.0,g
1929,Kaffedrink Irish coffee m.whiskey vispad grädde,Arakidonsyra C20:4,Cider alkoläsk drink,0.0,g
1929,Kaffedrink Irish coffee m.whiskey vispad grädde,Arakidinsyra C20:0,Cider alkoläsk drink,0.0,g
1929,Kaffedrink Irish coffee m.whiskey vispad grädde,Linolensyra C18:3,Cider alkoläsk drink,0.0,g
1929,Kaffedrink Irish coffee m.whiskey vispad grädde,Linolsyra C18:2,Cider alkoläsk drink,0.0,g
1929,Kaffedrink Irish coffee m.whiskey vispad grädde,Oljesyra C18:1,Cider alkoläsk drink,0.6,g
1929,Kaffedrink Irish coffee m.whiskey vispad grädde,Stearinsyra C18:0,Cider alkoläsk drink,0.3,g
1929,Kaffedrink Irish coffee m.whiskey vispad grädde,Palmitoljesyra C16:1,Cider alkoläsk drink,0.1,g
1929,Kaffedrink Irish coffee m.whiskey vispad grädde,Palmitinsyra C16:0,Cider alkoläsk drink,0.8,g
1929,Kaffedrink Irish coffee m.whiskey vispad grädde,Myristinsyra C14:0,Cider alkoläsk drink,0.3,g
1929,Kaffedrink Irish coffee m.whiskey vispad grädde,Laurinsyra C12:0,Cider alkoläsk drink,0.1,g
1929,Kaffedrink Irish coffee m.whiskey vispad grädde,Betakaroten/β-Karoten,Cider alkoläsk drink,20.0,µg
1929,Kaffedrink Irish coffee m.whiskey vispad grädde,Avfall (skal etc.),Cider alkoläsk drink,0.0,%
1929,Kaffedrink Irish coffee m.whiskey vispad grädde,Aska,Cider alkoläsk drink,0.2,g
1929,Kaffedrink Irish coffee m.whiskey vispad grädde,Alkohol,Cider alkoläsk drink,5.54,g
1930,Bovetemjöl,"Zink, Zn",Mjöl stärkelse kli,2.1,mg
1930,Bovetemjöl,Vitamin E,Mjöl stärkelse kli,0.3,mg
1930,Bovetemjöl,Vitamin D inkl 25-OH-D3,Mjöl stärkelse kli,0.0,µg
1930,Bovetemjöl,Vitamin D,Mjöl stärkelse kli,0.0,µg
1930,Bovetemjöl,Vitamin C,Mjöl stärkelse kli,0.0,mg
1930,Bovetemjöl,Vitamin B6,Mjöl stärkelse kli,0.39,mg
1930,Bovetemjöl,Vitamin B12,Mjöl stärkelse kli,0.0,µg
1930,Bovetemjöl,Vitamin A,Mjöl stärkelse kli,0.2,RE/µg
1930,Bovetemjöl,Vatten,Mjöl stärkelse kli,12.8,g
1930,Bovetemjöl,Tiamin,Mjöl stärkelse kli,0.34,mg
1930,Bovetemjöl,Tillsatt socker,Mjöl stärkelse kli,0.0,g
1930,Bovetemjöl,Fritt socker,Mjöl stärkelse kli,0.0,g
1930,Bovetemjöl,"Selen, Se",Mjöl stärkelse kli,0.0,µg
1930,Bovetemjöl,Sackaros,Mjöl stärkelse kli,1.2,g
1930,Bovetemjöl,Riboflavin,Mjöl stärkelse kli,0.09,mg
1930,Bovetemjöl,Retinol,Mjöl stärkelse kli,0.0,µg
1930,Bovetemjöl,Protein,Mjöl stärkelse kli,13.5,g
1930,Bovetemjöl,Summa fleromättade fettsyror,Mjöl stärkelse kli,0.9,g
1930,Bovetemjöl,"Fosfor, P",Mjöl stärkelse kli,340.0,mg
1930,Bovetemjöl,Niacinekvivalenter,Mjöl stärkelse kli,8.5,NE/mg
1930,Bovetemjöl,Niacin,Mjöl stärkelse kli,6.28,mg
1930,Bovetemjöl,"Salt, NaCl",Mjöl stärkelse kli,0.0,g
1930,Bovetemjöl,"Natrium, Na",Mjöl stärkelse kli,1.0,mg
1930,Bovetemjöl,Monosackarider,Mjöl stärkelse kli,0.0,g
1930,Bovetemjöl,"Sockerarter, totalt",Mjöl stärkelse kli,1.2,g
1930,Bovetemjöl,Summa enkelomättade fettsyror,Mjöl stärkelse kli,1.1,g
1930,Bovetemjöl,"Magnesium, Mg",Mjöl stärkelse kli,180.0,mg
1930,Bovetemjöl,Summa mättade fettsyror,Mjöl stärkelse kli,0.6,g
1930,Bovetemjöl,"Kolhydrater, tillgängliga",Mjöl stärkelse kli,65.1,g
1930,Bovetemjöl,Kolesterol,Mjöl stärkelse kli,0.0,mg
1930,Bovetemjöl,"Kalium, K",Mjöl stärkelse kli,390.0,mg
1930,Bovetemjöl,"Jod, I",Mjöl stärkelse kli,3.7,µg
1930,Bovetemjöl,Fullkorn totalt,Mjöl stärkelse kli,0.0,g
1930,Bovetemjöl,"Folat, totalt",Mjöl stärkelse kli,44.0,µg
1930,Bovetemjöl,Fibrer,Mjöl stärkelse kli,5.5,g
1930,Bovetemjöl,"Fett, totalt",Mjöl stärkelse kli,3.6,g
1930,Bovetemjöl,"Järn, Fe",Mjöl stärkelse kli,2.4,mg
1930,Bovetemjöl,Energi (kJ),Mjöl stärkelse kli,1512.0,kJ
1930,Bovetemjöl,Energi (kcal),Mjöl stärkelse kli,361.0,kcal
1930,Bovetemjöl,Disackarider,Mjöl stärkelse kli,1.2,g
1930,Bovetemjöl,"Kalcium, Ca",Mjöl stärkelse kli,14.0,mg
1930,Bovetemjöl,Fettsyra 4:0-10:0,Mjöl stärkelse kli,0.0,g
1930,Bovetemjöl,DHA (C22:6),Mjöl stärkelse kli,0.0,g
1930,Bovetemjöl,DPA (C22:5),Mjöl stärkelse kli,0.0,g
1930,Bovetemjöl,EPA (C20:5),Mjöl stärkelse kli,0.0,g
1930,Bovetemjöl,Arakidonsyra C20:4,Mjöl stärkelse kli,0.0,g
1930,Bovetemjöl,Arakidinsyra C20:0,Mjöl stärkelse kli,0.0,g
1930,Bovetemjöl,Linolensyra C18:3,Mjöl stärkelse kli,0.0,g
1930,Bovetemjöl,Linolsyra C18:2,Mjöl stärkelse kli,0.9,g
1930,Bovetemjöl,Oljesyra C18:1,Mjöl stärkelse kli,1.0,g
1930,Bovetemjöl,Stearinsyra C18:0,Mjöl stärkelse kli,0.0,g
1930,Bovetemjöl,Palmitoljesyra C16:1,Mjöl stärkelse kli,0.0,g
1930,Bovetemjöl,Palmitinsyra C16:0,Mjöl stärkelse kli,0.4,g
1930,Bovetemjöl,Myristinsyra C14:0,Mjöl stärkelse kli,0.0,g
1930,Bovetemjöl,Laurinsyra C12:0,Mjöl stärkelse kli,0.0,g
1930,Bovetemjöl,Betakaroten/β-Karoten,Mjöl stärkelse kli,3.0,µg
1930,Bovetemjöl,Avfall (skal etc.),Mjöl stärkelse kli,0.0,%
1930,Bovetemjöl,Aska,Mjöl stärkelse kli,1.8,g
1930,Bovetemjöl,Alkohol,Mjöl stärkelse kli,0.0,g
1931,Havremust pulver,"Zink, Zn",Välling,3.3,mg
1931,Havremust pulver,Vitamin E,Välling,0.8,mg
1931,Havremust pulver,Vitamin D inkl 25-OH-D3,Välling,0.0,µg
1931,Havremust pulver,Vitamin D,Välling,0.0,µg
1931,Havremust pulver,Vitamin C,Välling,0.0,mg
1931,Havremust pulver,Vitamin B6,Välling,0.11,mg
1931,Havremust pulver,Vitamin B12,Välling,0.0,µg
1931,Havremust pulver,Vitamin A,Välling,0.0,RE/µg
1931,Havremust pulver,Vatten,Välling,9.5,g
1931,Havremust pulver,Tiamin,Välling,0.29,mg
1931,Havremust pulver,Tillsatt socker,Välling,0.0,g
1931,Havremust pulver,Fritt socker,Välling,0.0,g
1931,Havremust pulver,"Selen, Se",Välling,1.0,µg
1931,Havremust pulver,Sackaros,Välling,0.9,g
1931,Havremust pulver,Riboflavin,Välling,0.07,mg
1931,Havremust pulver,Retinol,Välling,0.0,µg
1931,Havremust pulver,Protein,Välling,14.0,g
1931,Havremust pulver,Summa fleromättade fettsyror,Välling,2.9,g
1931,Havremust pulver,"Fosfor, P",Välling,440.0,mg
1931,Havremust pulver,Niacinekvivalenter,Välling,2.4,NE/mg
1931,Havremust pulver,Niacin,Välling,0.8,mg
1931,Havremust pulver,"Salt, NaCl",Välling,0.0,g
1931,Havremust pulver,"Natrium, Na",Välling,1.0,mg
1931,Havremust pulver,Monosackarider,Välling,0.4,g
1931,Havremust pulver,"Sockerarter, totalt",Välling,1.3,g
1931,Havremust pulver,Summa enkelomättade fettsyror,Välling,2.6,g
1931,Havremust pulver,"Magnesium, Mg",Välling,130.0,mg
1931,Havremust pulver,Summa mättade fettsyror,Välling,1.2,g
1931,Havremust pulver,"Kolhydrater, tillgängliga",Välling,54.4,g
1931,Havremust pulver,Kolesterol,Välling,0.0,mg
1931,Havremust pulver,"Kalium, K",Välling,540.0,mg
1931,Havremust pulver,Fullkorn totalt,Välling,100.0,g
1931,Havremust pulver,"Folat, totalt",Välling,56.0,µg
1931,Havremust pulver,Fibrer,Välling,10.0,g
1931,Havremust pulver,"Fett, totalt",Välling,7.2,g
1931,Havremust pulver,"Järn, Fe",Välling,5.5,mg
1931,Havremust pulver,Energi (kJ),Välling,1509.0,kJ
1931,Havremust pulver,Energi (kcal),Välling,361.0,kcal
1931,Havremust pulver,Disackarider,Välling,0.9,g
1931,Havremust pulver,"Kalcium, Ca",Välling,260.0,mg
1931,Havremust pulver,Fettsyra 4:0-10:0,Välling,0.0,g
1931,Havremust pulver,DHA (C22:6),Välling,0.0,g
1931,Havremust pulver,DPA (C22:5),Välling,0.0,g
1931,Havremust pulver,EPA (C20:5),Välling,0.0,g
1931,Havremust pulver,Arakidonsyra C20:4,Välling,0.0,g
1931,Havremust pulver,Arakidinsyra C20:0,Välling,0.0,g
1931,Havremust pulver,Linolensyra C18:3,Välling,0.1,g
1931,Havremust pulver,Linolsyra C18:2,Välling,2.2,g
1931,Havremust pulver,Oljesyra C18:1,Välling,2.1,g
1931,Havremust pulver,Stearinsyra C18:0,Välling,0.1,g
1931,Havremust pulver,Palmitoljesyra C16:1,Välling,0.0,g
1931,Havremust pulver,Palmitinsyra C16:0,Välling,0.9,g
1931,Havremust pulver,Myristinsyra C14:0,Välling,0.0,g
1931,Havremust pulver,Laurinsyra C12:0,Välling,0.0,g
1931,Havremust pulver,Betakaroten/β-Karoten,Välling,0.0,µg
1931,Havremust pulver,Avfall (skal etc.),Välling,0.0,%
1931,Havremust pulver,Aska,Välling,4.9,g
1931,Havremust pulver,Alkohol,Välling,0.0,g
1932,Kornmjöl fullkorn,"Zink, Zn",Mjöl stärkelse kli,2.4,mg
1932,Kornmjöl fullkorn,Vitamin E,Mjöl stärkelse kli,0.2,mg
1932,Kornmjöl fullkorn,Vitamin D inkl 25-OH-D3,Mjöl stärkelse kli,0.0,µg
1932,Kornmjöl fullkorn,Vitamin D,Mjöl stärkelse kli,0.0,µg
1932,Kornmjöl fullkorn,Vitamin C,Mjöl stärkelse kli,0.0,mg
1932,Kornmjöl fullkorn,Vitamin B6,Mjöl stärkelse kli,0.33,mg
1932,Kornmjöl fullkorn,Vitamin B12,Mjöl stärkelse kli,0.0,µg
1932,Kornmjöl fullkorn,Vitamin A,Mjöl stärkelse kli,0.0,RE/µg
1932,Kornmjöl fullkorn,Vatten,Mjöl stärkelse kli,14.0,g
1932,Kornmjöl fullkorn,Tiamin,Mjöl stärkelse kli,0.33,mg
1932,Kornmjöl fullkorn,Tillsatt socker,Mjöl stärkelse kli,0.0,g
1932,Kornmjöl fullkorn,Fritt socker,Mjöl stärkelse kli,0.0,g
1932,Kornmjöl fullkorn,"Selen, Se",Mjöl stärkelse kli,1.0,µg
1932,Kornmjöl fullkorn,Sackaros,Mjöl stärkelse kli,0.5,g
1932,Kornmjöl fullkorn,Riboflavin,Mjöl stärkelse kli,0.11,mg
1932,Kornmjöl fullkorn,Retinol,Mjöl stärkelse kli,0.0,µg
1932,Kornmjöl fullkorn,Protein,Mjöl stärkelse kli,9.2,g
1932,Kornmjöl fullkorn,Summa fleromättade fettsyror,Mjöl stärkelse kli,1.4,g
1932,Kornmjöl fullkorn,"Fosfor, P",Mjöl stärkelse kli,250.0,mg
1932,Kornmjöl fullkorn,Niacinekvivalenter,Mjöl stärkelse kli,7.23,NE/mg
1932,Kornmjöl fullkorn,Niacin,Mjöl stärkelse kli,5.7,mg
1932,Kornmjöl fullkorn,"Salt, NaCl",Mjöl stärkelse kli,0.0,g
1932,Kornmjöl fullkorn,"Natrium, Na",Mjöl stärkelse kli,2.0,mg
1932,Kornmjöl fullkorn,Monosackarider,Mjöl stärkelse kli,0.4,g
1932,Kornmjöl fullkorn,"Sockerarter, totalt",Mjöl stärkelse kli,0.9,g
1932,Kornmjöl fullkorn,Summa enkelomättade fettsyror,Mjöl stärkelse kli,0.3,g
1932,Kornmjöl fullkorn,"Magnesium, Mg",Mjöl stärkelse kli,89.0,mg
1932,Kornmjöl fullkorn,Summa mättade fettsyror,Mjöl stärkelse kli,0.5,g
1932,Kornmjöl fullkorn,"Kolhydrater, tillgängliga",Mjöl stärkelse kli,64.7,g
1932,Kornmjöl fullkorn,Kolesterol,Mjöl stärkelse kli,0.0,mg
1932,Kornmjöl fullkorn,"Kalium, K",Mjöl stärkelse kli,350.0,mg
1932,Kornmjöl fullkorn,"Jod, I",Mjöl stärkelse kli,0.5,µg
1932,Kornmjöl fullkorn,Fullkorn totalt,Mjöl stärkelse kli,100.0,g
1932,Kornmjöl fullkorn,"Folat, totalt",Mjöl stärkelse kli,20.0,µg
1932,Kornmjöl fullkorn,Fibrer,Mjöl stärkelse kli,7.6,g
1932,Kornmjöl fullkorn,"Fett, totalt",Mjöl stärkelse kli,3.0,g
1932,Kornmjöl fullkorn,"Järn, Fe",Mjöl stärkelse kli,3.5,mg
1932,Kornmjöl fullkorn,Energi (kJ),Mjöl stärkelse kli,1428.0,kJ
1932,Kornmjöl fullkorn,Energi (kcal),Mjöl stärkelse kli,341.0,kcal
1932,Kornmjöl fullkorn,Disackarider,Mjöl stärkelse kli,0.5,g
1932,Kornmjöl fullkorn,"Kalcium, Ca",Mjöl stärkelse kli,27.0,mg
1932,Kornmjöl fullkorn,Fettsyra 4:0-10:0,Mjöl stärkelse kli,0.0,g
1932,Kornmjöl fullkorn,DHA (C22:6),Mjöl stärkelse kli,0.0,g
1932,Kornmjöl fullkorn,DPA (C22:5),Mjöl stärkelse kli,0.0,g
1932,Kornmjöl fullkorn,EPA (C20:5),Mjöl stärkelse kli,0.0,g
1932,Kornmjöl fullkorn,Arakidonsyra C20:4,Mjöl stärkelse kli,0.0,g
1932,Kornmjöl fullkorn,Arakidinsyra C20:0,Mjöl stärkelse kli,0.0,g
1932,Kornmjöl fullkorn,Linolensyra C18:3,Mjöl stärkelse kli,0.1,g
1932,Kornmjöl fullkorn,Linolsyra C18:2,Mjöl stärkelse kli,1.2,g
1932,Kornmjöl fullkorn,Oljesyra C18:1,Mjöl stärkelse kli,0.2,g
1932,Kornmjöl fullkorn,Stearinsyra C18:0,Mjöl stärkelse kli,0.0,g
1932,Kornmjöl fullkorn,Palmitoljesyra C16:1,Mjöl stärkelse kli,0.0,g
1932,Kornmjöl fullkorn,Palmitinsyra C16:0,Mjöl stärkelse kli,0.5,g
1932,Kornmjöl fullkorn,Myristinsyra C14:0,Mjöl stärkelse kli,0.0,g
1932,Kornmjöl fullkorn,Laurinsyra C12:0,Mjöl stärkelse kli,0.0,g
1932,Kornmjöl fullkorn,Betakaroten/β-Karoten,Mjöl stärkelse kli,0.0,µg
1932,Kornmjöl fullkorn,Avfall (skal etc.),Mjöl stärkelse kli,0.0,%
1932,Kornmjöl fullkorn,Aska,Mjöl stärkelse kli,1.5,g
1932,Kornmjöl fullkorn,Alkohol,Mjöl stärkelse kli,0.0,g
1933,Majsmjöl gult u. groddar,"Zink, Zn",Mjöl stärkelse kli,1.1,mg
1933,Majsmjöl gult u. groddar,Vitamin E,Mjöl stärkelse kli,0.5,mg
1933,Majsmjöl gult u. groddar,Vitamin D inkl 25-OH-D3,Mjöl stärkelse kli,0.0,µg
1933,Majsmjöl gult u. groddar,Vitamin D,Mjöl stärkelse kli,0.0,µg
1933,Majsmjöl gult u. groddar,Vitamin C,Mjöl stärkelse kli,0.0,mg
1933,Majsmjöl gult u. groddar,Vitamin B6,Mjöl stärkelse kli,0.26,mg
1933,Majsmjöl gult u. groddar,Vitamin B12,Mjöl stärkelse kli,0.0,µg
1933,Majsmjöl gult u. groddar,Vitamin A,Mjöl stärkelse kli,5.7,RE/µg
1933,Majsmjöl gult u. groddar,Vatten,Mjöl stärkelse kli,13.6,g
1933,Majsmjöl gult u. groddar,Tiamin,Mjöl stärkelse kli,0.23,mg
1933,Majsmjöl gult u. groddar,Tillsatt socker,Mjöl stärkelse kli,0.0,g
1933,Majsmjöl gult u. groddar,Fritt socker,Mjöl stärkelse kli,0.0,g
1933,Majsmjöl gult u. groddar,"Selen, Se",Mjöl stärkelse kli,2.0,µg
1933,Majsmjöl gult u. groddar,Sackaros,Mjöl stärkelse kli,0.8,g
1933,Majsmjöl gult u. groddar,Riboflavin,Mjöl stärkelse kli,0.05,mg
1933,Majsmjöl gult u. groddar,Retinol,Mjöl stärkelse kli,0.0,µg
1933,Majsmjöl gult u. groddar,Protein,Mjöl stärkelse kli,6.0,g
1933,Majsmjöl gult u. groddar,Summa fleromättade fettsyror,Mjöl stärkelse kli,1.6,g
1933,Majsmjöl gult u. groddar,"Fosfor, P",Mjöl stärkelse kli,160.0,mg
1933,Majsmjöl gult u. groddar,Niacinekvivalenter,Mjöl stärkelse kli,1.9,NE/mg
1933,Majsmjöl gult u. groddar,Niacin,Mjöl stärkelse kli,1.27,mg
1933,Majsmjöl gult u. groddar,"Salt, NaCl",Mjöl stärkelse kli,0.0,g
1933,Majsmjöl gult u. groddar,"Natrium, Na",Mjöl stärkelse kli,0.0,mg
1933,Majsmjöl gult u. groddar,Monosackarider,Mjöl stärkelse kli,0.3,g
1933,Majsmjöl gult u. groddar,"Sockerarter, totalt",Mjöl stärkelse kli,1.2,g
1933,Majsmjöl gult u. groddar,Summa enkelomättade fettsyror,Mjöl stärkelse kli,0.9,g
1933,Majsmjöl gult u. groddar,"Magnesium, Mg",Mjöl stärkelse kli,62.0,mg
1933,Majsmjöl gult u. groddar,Summa mättade fettsyror,Mjöl stärkelse kli,0.4,g
1933,Majsmjöl gult u. groddar,"Kolhydrater, tillgängliga",Mjöl stärkelse kli,71.5,g
1933,Majsmjöl gult u. groddar,Kolesterol,Mjöl stärkelse kli,0.0,mg
1933,Majsmjöl gult u. groddar,"Kalium, K",Mjöl stärkelse kli,240.0,mg
1933,Majsmjöl gult u. groddar,"Jod, I",Mjöl stärkelse kli,0.0,µg
1933,Majsmjöl gult u. groddar,Fullkorn totalt,Mjöl stärkelse kli,0.0,g
1933,Majsmjöl gult u. groddar,"Folat, totalt",Mjöl stärkelse kli,19.9,µg
1933,Majsmjöl gult u. groddar,Fibrer,Mjöl stärkelse kli,4.7,g
1933,Majsmjöl gult u. groddar,"Fett, totalt",Mjöl stärkelse kli,3.4,g
1933,Majsmjöl gult u. groddar,"Järn, Fe",Mjöl stärkelse kli,1.6,mg
1933,Majsmjöl gult u. groddar,Energi (kJ),Mjöl stärkelse kli,1482.0,kJ
1933,Majsmjöl gult u. groddar,Energi (kcal),Mjöl stärkelse kli,354.0,kcal
1933,Majsmjöl gult u. groddar,Disackarider,Mjöl stärkelse kli,0.8,g
1933,Majsmjöl gult u. groddar,"Kalcium, Ca",Mjöl stärkelse kli,4.0,mg
1933,Majsmjöl gult u. groddar,Fettsyra 4:0-10:0,Mjöl stärkelse kli,0.0,g
1933,Majsmjöl gult u. groddar,DHA (C22:6),Mjöl stärkelse kli,0.0,g
1933,Majsmjöl gult u. groddar,DPA (C22:5),Mjöl stärkelse kli,0.0,g
1933,Majsmjöl gult u. groddar,EPA (C20:5),Mjöl stärkelse kli,0.0,g
1933,Majsmjöl gult u. groddar,Arakidonsyra C20:4,Mjöl stärkelse kli,0.0,g
1933,Majsmjöl gult u. groddar,Arakidinsyra C20:0,Mjöl stärkelse kli,0.0,g
1933,Majsmjöl gult u. groddar,Linolensyra C18:3,Mjöl stärkelse kli,0.0,g
1933,Majsmjöl gult u. groddar,Linolsyra C18:2,Mjöl stärkelse kli,1.6,g
1933,Majsmjöl gult u. groddar,Oljesyra C18:1,Mjöl stärkelse kli,0.9,g
1933,Majsmjöl gult u. groddar,Stearinsyra C18:0,Mjöl stärkelse kli,0.1,g
1933,Majsmjöl gult u. groddar,Palmitoljesyra C16:1,Mjöl stärkelse kli,0.0,g
1933,Majsmjöl gult u. groddar,Palmitinsyra C16:0,Mjöl stärkelse kli,0.3,g
1933,Majsmjöl gult u. groddar,Myristinsyra C14:0,Mjöl stärkelse kli,0.0,g
1933,Majsmjöl gult u. groddar,Laurinsyra C12:0,Mjöl stärkelse kli,0.0,g
1933,Majsmjöl gult u. groddar,Betakaroten/β-Karoten,Mjöl stärkelse kli,31.0,µg
1933,Majsmjöl gult u. groddar,Avfall (skal etc.),Mjöl stärkelse kli,0.0,%
1933,Majsmjöl gult u. groddar,Aska,Mjöl stärkelse kli,0.8,g
1933,Majsmjöl gult u. groddar,Alkohol,Mjöl stärkelse kli,0.0,g
1934,Rågmjöl fullkorn,"Zink, Zn",Mjöl stärkelse kli,2.8,mg
1934,Rågmjöl fullkorn,Vitamin E,Mjöl stärkelse kli,0.9,mg
1934,Rågmjöl fullkorn,Vitamin D inkl 25-OH-D3,Mjöl stärkelse kli,0.0,µg
1934,Rågmjöl fullkorn,Vitamin D,Mjöl stärkelse kli,0.0,µg
1934,Rågmjöl fullkorn,Vitamin C,Mjöl stärkelse kli,0.0,mg
1934,Rågmjöl fullkorn,Vitamin B6,Mjöl stärkelse kli,0.15,mg
1934,Rågmjöl fullkorn,Vitamin B12,Mjöl stärkelse kli,0.0,µg
1934,Rågmjöl fullkorn,Vitamin A,Mjöl stärkelse kli,0.0,RE/µg
1934,Rågmjöl fullkorn,Vatten,Mjöl stärkelse kli,10.6,g
1934,Rågmjöl fullkorn,Tiamin,Mjöl stärkelse kli,0.23,mg
1934,Rågmjöl fullkorn,Tillsatt socker,Mjöl stärkelse kli,0.0,g
1934,Rågmjöl fullkorn,Fritt socker,Mjöl stärkelse kli,0.0,g
1934,Rågmjöl fullkorn,"Selen, Se",Mjöl stärkelse kli,3.2,µg
1934,Rågmjöl fullkorn,Sackaros,Mjöl stärkelse kli,0.9,g
1934,Rågmjöl fullkorn,Riboflavin,Mjöl stärkelse kli,0.1,mg
1934,Rågmjöl fullkorn,Retinol,Mjöl stärkelse kli,0.0,µg
1934,Rågmjöl fullkorn,Protein,Mjöl stärkelse kli,8.1,g
1934,Rågmjöl fullkorn,Summa fleromättade fettsyror,Mjöl stärkelse kli,0.8,g
1934,Rågmjöl fullkorn,"Fosfor, P",Mjöl stärkelse kli,290.0,mg
1934,Rågmjöl fullkorn,Niacinekvivalenter,Mjöl stärkelse kli,2.2,NE/mg
1934,Rågmjöl fullkorn,Niacin,Mjöl stärkelse kli,0.81,mg
1934,Rågmjöl fullkorn,"Salt, NaCl",Mjöl stärkelse kli,0.0,g
1934,Rågmjöl fullkorn,"Natrium, Na",Mjöl stärkelse kli,2.0,mg
1934,Rågmjöl fullkorn,Monosackarider,Mjöl stärkelse kli,0.8,g
1934,Rågmjöl fullkorn,"Sockerarter, totalt",Mjöl stärkelse kli,2.0,g
1934,Rågmjöl fullkorn,Summa enkelomättade fettsyror,Mjöl stärkelse kli,0.2,g
1934,Rågmjöl fullkorn,"Magnesium, Mg",Mjöl stärkelse kli,87.0,mg
1934,Rågmjöl fullkorn,Summa mättade fettsyror,Mjöl stärkelse kli,0.3,g
1934,Rågmjöl fullkorn,"Kolhydrater, tillgängliga",Mjöl stärkelse kli,59.3,g
1934,Rågmjöl fullkorn,Kolesterol,Mjöl stärkelse kli,0.0,mg
1934,Rågmjöl fullkorn,"Kalium, K",Mjöl stärkelse kli,425.0,mg
1934,Rågmjöl fullkorn,"Jod, I",Mjöl stärkelse kli,0.0,µg
1934,Rågmjöl fullkorn,Fullkorn totalt,Mjöl stärkelse kli,100.0,g
1934,Rågmjöl fullkorn,"Folat, totalt",Mjöl stärkelse kli,68.0,µg
1934,Rågmjöl fullkorn,Fibrer,Mjöl stärkelse kli,18.8,g
1934,Rågmjöl fullkorn,"Fett, totalt",Mjöl stärkelse kli,1.7,g
1934,Rågmjöl fullkorn,"Järn, Fe",Mjöl stärkelse kli,2.6,mg
1934,Rågmjöl fullkorn,Energi (kJ),Mjöl stärkelse kli,1359.0,kJ
1934,Rågmjöl fullkorn,Energi (kcal),Mjöl stärkelse kli,325.0,kcal
1934,Rågmjöl fullkorn,Disackarider,Mjöl stärkelse kli,1.2,g
1934,Rågmjöl fullkorn,"Kalcium, Ca",Mjöl stärkelse kli,32.0,mg
1934,Rågmjöl fullkorn,Fettsyra 4:0-10:0,Mjöl stärkelse kli,0.0,g
1934,Rågmjöl fullkorn,DHA (C22:6),Mjöl stärkelse kli,0.0,g
1934,Rågmjöl fullkorn,DPA (C22:5),Mjöl stärkelse kli,0.0,g
1934,Rågmjöl fullkorn,EPA (C20:5),Mjöl stärkelse kli,0.0,g
1934,Rågmjöl fullkorn,Arakidonsyra C20:4,Mjöl stärkelse kli,0.0,g
1934,Rågmjöl fullkorn,Arakidinsyra C20:0,Mjöl stärkelse kli,0.0,g
1934,Rågmjöl fullkorn,Linolensyra C18:3,Mjöl stärkelse kli,0.0,g
1934,Rågmjöl fullkorn,Linolsyra C18:2,Mjöl stärkelse kli,0.8,g
1934,Rågmjöl fullkorn,Oljesyra C18:1,Mjöl stärkelse kli,0.2,g
1934,Rågmjöl fullkorn,Stearinsyra C18:0,Mjöl stärkelse kli,0.0,g
1934,Rågmjöl fullkorn,Palmitoljesyra C16:1,Mjöl stärkelse kli,0.0,g
1934,Rågmjöl fullkorn,Palmitinsyra C16:0,Mjöl stärkelse kli,0.3,g
1934,Rågmjöl fullkorn,Myristinsyra C14:0,Mjöl stärkelse kli,0.0,g
1934,Rågmjöl fullkorn,Laurinsyra C12:0,Mjöl stärkelse kli,0.0,g
1934,Rågmjöl fullkorn,Betakaroten/β-Karoten,Mjöl stärkelse kli,0.0,µg
1934,Rågmjöl fullkorn,Avfall (skal etc.),Mjöl stärkelse kli,0.0,%
1934,Rågmjöl fullkorn,Aska,Mjöl stärkelse kli,1.5,g
1934,Rågmjöl fullkorn,Alkohol,Mjöl stärkelse kli,0.0,g
1935,Vetemjöl fullkorn grahamsmjöl,"Zink, Zn",Mjöl stärkelse kli,2.3,mg
1935,Vetemjöl fullkorn grahamsmjöl,Vitamin E,Mjöl stärkelse kli,0.8,mg
1935,Vetemjöl fullkorn grahamsmjöl,Vitamin D inkl 25-OH-D3,Mjöl stärkelse kli,0.0,µg
1935,Vetemjöl fullkorn grahamsmjöl,Vitamin D,Mjöl stärkelse kli,0.0,µg
1935,Vetemjöl fullkorn grahamsmjöl,Vitamin C,Mjöl stärkelse kli,0.0,mg
1935,Vetemjöl fullkorn grahamsmjöl,Vitamin B6,Mjöl stärkelse kli,0.19,mg
1935,Vetemjöl fullkorn grahamsmjöl,Vitamin B12,Mjöl stärkelse kli,0.0,µg
1935,Vetemjöl fullkorn grahamsmjöl,Vitamin A,Mjöl stärkelse kli,0.2,RE/µg
1935,Vetemjöl fullkorn grahamsmjöl,Vatten,Mjöl stärkelse kli,11.0,g
1935,Vetemjöl fullkorn grahamsmjöl,Tiamin,Mjöl stärkelse kli,0.28,mg
1935,Vetemjöl fullkorn grahamsmjöl,Tillsatt socker,Mjöl stärkelse kli,0.0,g
1935,Vetemjöl fullkorn grahamsmjöl,Fritt socker,Mjöl stärkelse kli,0.0,g
1935,Vetemjöl fullkorn grahamsmjöl,"Selen, Se",Mjöl stärkelse kli,2.6,µg
1935,Vetemjöl fullkorn grahamsmjöl,Sackaros,Mjöl stärkelse kli,0.5,g
1935,Vetemjöl fullkorn grahamsmjöl,Riboflavin,Mjöl stärkelse kli,0.07,mg
1935,Vetemjöl fullkorn grahamsmjöl,Retinol,Mjöl stärkelse kli,0.0,µg
1935,Vetemjöl fullkorn grahamsmjöl,Protein,Mjöl stärkelse kli,10.7,g
1935,Vetemjöl fullkorn grahamsmjöl,Summa fleromättade fettsyror,Mjöl stärkelse kli,0.9,g
1935,Vetemjöl fullkorn grahamsmjöl,"Fosfor, P",Mjöl stärkelse kli,285.0,mg
1935,Vetemjöl fullkorn grahamsmjöl,Niacinekvivalenter,Mjöl stärkelse kli,2.4,NE/mg
1935,Vetemjöl fullkorn grahamsmjöl,Niacin,Mjöl stärkelse kli,0.64,mg
1935,Vetemjöl fullkorn grahamsmjöl,"Salt, NaCl",Mjöl stärkelse kli,0.0,g
1935,Vetemjöl fullkorn grahamsmjöl,"Natrium, Na",Mjöl stärkelse kli,1.0,mg
1935,Vetemjöl fullkorn grahamsmjöl,Monosackarider,Mjöl stärkelse kli,0.4,g
1935,Vetemjöl fullkorn grahamsmjöl,"Sockerarter, totalt",Mjöl stärkelse kli,1.2,g
1935,Vetemjöl fullkorn grahamsmjöl,Summa enkelomättade fettsyror,Mjöl stärkelse kli,0.3,g
1935,Vetemjöl fullkorn grahamsmjöl,"Magnesium, Mg",Mjöl stärkelse kli,98.0,mg
1935,Vetemjöl fullkorn grahamsmjöl,Summa mättade fettsyror,Mjöl stärkelse kli,0.2,g
1935,Vetemjöl fullkorn grahamsmjöl,"Kolhydrater, tillgängliga",Mjöl stärkelse kli,61.0,g
1935,Vetemjöl fullkorn grahamsmjöl,Kolesterol,Mjöl stärkelse kli,0.0,mg
1935,Vetemjöl fullkorn grahamsmjöl,"Kalium, K",Mjöl stärkelse kli,360.0,mg
1935,Vetemjöl fullkorn grahamsmjöl,"Jod, I",Mjöl stärkelse kli,0.0,µg
1935,Vetemjöl fullkorn grahamsmjöl,Fullkorn totalt,Mjöl stärkelse kli,100.0,g
1935,Vetemjöl fullkorn grahamsmjöl,"Folat, totalt",Mjöl stärkelse kli,41.0,µg
1935,Vetemjöl fullkorn grahamsmjöl,Fibrer,Mjöl stärkelse kli,13.8,g
1935,Vetemjöl fullkorn grahamsmjöl,"Fett, totalt",Mjöl stärkelse kli,2.0,g
1935,Vetemjöl fullkorn grahamsmjöl,"Järn, Fe",Mjöl stärkelse kli,3.0,mg
1935,Vetemjöl fullkorn grahamsmjöl,Energi (kJ),Mjöl stärkelse kli,1404.0,kJ
1935,Vetemjöl fullkorn grahamsmjöl,Energi (kcal),Mjöl stärkelse kli,336.0,kcal
1935,Vetemjöl fullkorn grahamsmjöl,Disackarider,Mjöl stärkelse kli,0.7,g
1935,Vetemjöl fullkorn grahamsmjöl,"Kalcium, Ca",Mjöl stärkelse kli,29.0,mg
1935,Vetemjöl fullkorn grahamsmjöl,Fettsyra 4:0-10:0,Mjöl stärkelse kli,0.0,g
1935,Vetemjöl fullkorn grahamsmjöl,DHA (C22:6),Mjöl stärkelse kli,0.0,g
1935,Vetemjöl fullkorn grahamsmjöl,DPA (C22:5),Mjöl stärkelse kli,0.0,g
1935,Vetemjöl fullkorn grahamsmjöl,EPA (C20:5),Mjöl stärkelse kli,0.0,g
1935,Vetemjöl fullkorn grahamsmjöl,Arakidonsyra C20:4,Mjöl stärkelse kli,0.0,g
1935,Vetemjöl fullkorn grahamsmjöl,Arakidinsyra C20:0,Mjöl stärkelse kli,0.0,g
1935,Vetemjöl fullkorn grahamsmjöl,Linolensyra C18:3,Mjöl stärkelse kli,0.1,g
1935,Vetemjöl fullkorn grahamsmjöl,Linolsyra C18:2,Mjöl stärkelse kli,0.8,g
1935,Vetemjöl fullkorn grahamsmjöl,Oljesyra C18:1,Mjöl stärkelse kli,0.3,g
1935,Vetemjöl fullkorn grahamsmjöl,Stearinsyra C18:0,Mjöl stärkelse kli,0.0,g
1935,Vetemjöl fullkorn grahamsmjöl,Palmitoljesyra C16:1,Mjöl stärkelse kli,0.0,g
1935,Vetemjöl fullkorn grahamsmjöl,Palmitinsyra C16:0,Mjöl stärkelse kli,0.2,g
1935,Vetemjöl fullkorn grahamsmjöl,Myristinsyra C14:0,Mjöl stärkelse kli,0.0,g
1935,Vetemjöl fullkorn grahamsmjöl,Laurinsyra C12:0,Mjöl stärkelse kli,0.0,g
1935,Vetemjöl fullkorn grahamsmjöl,Betakaroten/β-Karoten,Mjöl stärkelse kli,3.0,µg
1935,Vetemjöl fullkorn grahamsmjöl,Avfall (skal etc.),Mjöl stärkelse kli,0.0,%
1935,Vetemjöl fullkorn grahamsmjöl,Aska,Mjöl stärkelse kli,1.4,g
1935,Vetemjöl fullkorn grahamsmjöl,Alkohol,Mjöl stärkelse kli,0.0,g
1936,Vetediet berikad,"Zink, Zn",Kost- o näringspreparat,2.3,mg
1936,Vetediet berikad,Vitamin E,Kost- o näringspreparat,4.7,mg
1936,Vetediet berikad,Vitamin D,Kost- o näringspreparat,1.0,µg
1936,Vetediet berikad,Vitamin C,Kost- o näringspreparat,26.0,mg
1936,Vetediet berikad,Vitamin B6,Kost- o näringspreparat,0.73,mg
1936,Vetediet berikad,Vitamin B12,Kost- o näringspreparat,1.87,µg
1936,Vetediet berikad,Vitamin A,Kost- o näringspreparat,416.0,RE/µg
1936,Vetediet berikad,Vatten,Kost- o näringspreparat,8.0,g
1936,Vetediet berikad,Tiamin,Kost- o näringspreparat,0.62,mg
1936,Vetediet berikad,Tillsatt socker,Kost- o näringspreparat,2.0,g
1936,Vetediet berikad,Fritt socker,Kost- o näringspreparat,2.0,g
1936,Vetediet berikad,"Selen, Se",Kost- o näringspreparat,3.0,µg
1936,Vetediet berikad,Sackaros,Kost- o näringspreparat,0.2,g
1936,Vetediet berikad,Riboflavin,Kost- o näringspreparat,0.78,mg
1936,Vetediet berikad,Retinol,Kost- o näringspreparat,400.0,µg
1936,Vetediet berikad,Protein,Kost- o näringspreparat,19.0,g
1936,Vetediet berikad,Summa fleromättade fettsyror,Kost- o näringspreparat,4.8,g
1936,Vetediet berikad,"Fosfor, P",Kost- o näringspreparat,350.0,mg
1936,Vetediet berikad,Niacinekvivalenter,Kost- o näringspreparat,7.07,NE/mg
1936,Vetediet berikad,Niacin,Kost- o näringspreparat,3.9,mg
1936,Vetediet berikad,"Salt, NaCl",Kost- o näringspreparat,0.1,g
1936,Vetediet berikad,"Natrium, Na",Kost- o näringspreparat,28.0,mg
1936,Vetediet berikad,Monosackarider,Kost- o näringspreparat,0.1,g
1936,Vetediet berikad,"Sockerarter, totalt",Kost- o näringspreparat,3.6,g
1936,Vetediet berikad,Summa enkelomättade fettsyror,Kost- o näringspreparat,2.2,g
1936,Vetediet berikad,"Magnesium, Mg",Kost- o näringspreparat,100.0,mg
1936,Vetediet berikad,Summa mättade fettsyror,Kost- o näringspreparat,1.0,g
1936,Vetediet berikad,"Kolhydrater, tillgängliga",Kost- o näringspreparat,53.5,g
1936,Vetediet berikad,Kolesterol,Kost- o näringspreparat,0.0,mg
1936,Vetediet berikad,"Kalium, K",Kost- o näringspreparat,380.0,mg
1936,Vetediet berikad,Fullkorn totalt,Kost- o näringspreparat,69.0,g
1936,Vetediet berikad,"Folat, totalt",Kost- o näringspreparat,208.0,µg
1936,Vetediet berikad,Fibrer,Kost- o näringspreparat,9.5,g
1936,Vetediet berikad,"Fett, totalt",Kost- o näringspreparat,8.5,g
1936,Vetediet berikad,"Järn, Fe",Kost- o näringspreparat,9.8,mg
1936,Vetediet berikad,Energi (kJ),Kost- o näringspreparat,1623.0,kJ
1936,Vetediet berikad,Energi (kcal),Kost- o näringspreparat,388.0,kcal
1936,Vetediet berikad,Disackarider,Kost- o näringspreparat,3.5,g
1936,Vetediet berikad,"Kalcium, Ca",Kost- o näringspreparat,390.0,mg
1936,Vetediet berikad,Fettsyra 4:0-10:0,Kost- o näringspreparat,0.0,g
1936,Vetediet berikad,DHA (C22:6),Kost- o näringspreparat,0.0,g
1936,Vetediet berikad,DPA (C22:5),Kost- o näringspreparat,0.0,g
1936,Vetediet berikad,EPA (C20:5),Kost- o näringspreparat,0.0,g
1936,Vetediet berikad,Arakidonsyra C20:4,Kost- o näringspreparat,0.0,g
1936,Vetediet berikad,Arakidinsyra C20:0,Kost- o näringspreparat,0.0,g
1936,Vetediet berikad,Linolensyra C18:3,Kost- o näringspreparat,0.1,g
1936,Vetediet berikad,Linolsyra C18:2,Kost- o näringspreparat,4.7,g
1936,Vetediet berikad,Oljesyra C18:1,Kost- o näringspreparat,2.2,g
1936,Vetediet berikad,Stearinsyra C18:0,Kost- o näringspreparat,0.2,g
1936,Vetediet berikad,Palmitoljesyra C16:1,Kost- o näringspreparat,0.0,g
1936,Vetediet berikad,Palmitinsyra C16:0,Kost- o näringspreparat,0.8,g
1936,Vetediet berikad,Myristinsyra C14:0,Kost- o näringspreparat,0.0,g
1936,Vetediet berikad,Laurinsyra C12:0,Kost- o näringspreparat,0.0,g
1936,Vetediet berikad,Betakaroten/β-Karoten,Kost- o näringspreparat,0.0,µg
1936,Vetediet berikad,Avfall (skal etc.),Kost- o näringspreparat,0.0,%
1936,Vetediet berikad,Aska,Kost- o näringspreparat,1.5,g
1936,Vetediet berikad,Alkohol,Kost- o näringspreparat,0.0,g
1938,Vetemjöl bagerivetemjöl,"Zink, Zn",Mjöl stärkelse kli,0.8,mg
1938,Vetemjöl bagerivetemjöl,Vitamin E,Mjöl stärkelse kli,0.5,mg
1938,Vetemjöl bagerivetemjöl,Vitamin D inkl 25-OH-D3,Mjöl stärkelse kli,0.0,µg
1938,Vetemjöl bagerivetemjöl,Vitamin D,Mjöl stärkelse kli,0.0,µg
1938,Vetemjöl bagerivetemjöl,Vitamin C,Mjöl stärkelse kli,0.0,mg
1938,Vetemjöl bagerivetemjöl,Vitamin B6,Mjöl stärkelse kli,0.13,mg
1938,Vetemjöl bagerivetemjöl,Vitamin B12,Mjöl stärkelse kli,0.0,µg
1938,Vetemjöl bagerivetemjöl,Vitamin A,Mjöl stärkelse kli,1.1,RE/µg
1938,Vetemjöl bagerivetemjöl,Vatten,Mjöl stärkelse kli,14.0,g
1938,Vetemjöl bagerivetemjöl,Tiamin,Mjöl stärkelse kli,0.2,mg
1938,Vetemjöl bagerivetemjöl,Tillsatt socker,Mjöl stärkelse kli,0.0,g
1938,Vetemjöl bagerivetemjöl,Fritt socker,Mjöl stärkelse kli,0.0,g
1938,Vetemjöl bagerivetemjöl,"Selen, Se",Mjöl stärkelse kli,3.4,µg
1938,Vetemjöl bagerivetemjöl,Sackaros,Mjöl stärkelse kli,0.2,g
1938,Vetemjöl bagerivetemjöl,Riboflavin,Mjöl stärkelse kli,0.03,mg
1938,Vetemjöl bagerivetemjöl,Retinol,Mjöl stärkelse kli,0.0,µg
1938,Vetemjöl bagerivetemjöl,Protein,Mjöl stärkelse kli,10.6,g
1938,Vetemjöl bagerivetemjöl,Summa fleromättade fettsyror,Mjöl stärkelse kli,0.7,g
1938,Vetemjöl bagerivetemjöl,"Fosfor, P",Mjöl stärkelse kli,124.0,mg
1938,Vetemjöl bagerivetemjöl,Niacinekvivalenter,Mjöl stärkelse kli,3.0,NE/mg
1938,Vetemjöl bagerivetemjöl,Niacin,Mjöl stärkelse kli,1.19,mg
1938,Vetemjöl bagerivetemjöl,"Salt, NaCl",Mjöl stärkelse kli,0.0,g
1938,Vetemjöl bagerivetemjöl,"Natrium, Na",Mjöl stärkelse kli,1.0,mg
1938,Vetemjöl bagerivetemjöl,Monosackarider,Mjöl stärkelse kli,0.1,g
1938,Vetemjöl bagerivetemjöl,"Sockerarter, totalt",Mjöl stärkelse kli,1.5,g
1938,Vetemjöl bagerivetemjöl,Summa enkelomättade fettsyror,Mjöl stärkelse kli,0.1,g
1938,Vetemjöl bagerivetemjöl,"Magnesium, Mg",Mjöl stärkelse kli,27.0,mg
1938,Vetemjöl bagerivetemjöl,Summa mättade fettsyror,Mjöl stärkelse kli,0.2,g
1938,Vetemjöl bagerivetemjöl,"Kolhydrater, tillgängliga",Mjöl stärkelse kli,70.2,g
1938,Vetemjöl bagerivetemjöl,Kolesterol,Mjöl stärkelse kli,0.0,mg
1938,Vetemjöl bagerivetemjöl,"Kalium, K",Mjöl stärkelse kli,149.0,mg
1938,Vetemjöl bagerivetemjöl,"Jod, I",Mjöl stärkelse kli,1.0,µg
1938,Vetemjöl bagerivetemjöl,Fullkorn totalt,Mjöl stärkelse kli,0.0,g
1938,Vetemjöl bagerivetemjöl,"Folat, totalt",Mjöl stärkelse kli,23.8,µg
1938,Vetemjöl bagerivetemjöl,Fibrer,Mjöl stärkelse kli,3.1,g
1938,Vetemjöl bagerivetemjöl,"Fett, totalt",Mjöl stärkelse kli,1.6,g
1938,Vetemjöl bagerivetemjöl,"Järn, Fe",Mjöl stärkelse kli,1.1,mg
1938,Vetemjöl bagerivetemjöl,Energi (kJ),Mjöl stärkelse kli,1456.0,kJ
1938,Vetemjöl bagerivetemjöl,Energi (kcal),Mjöl stärkelse kli,348.0,kcal
1938,Vetemjöl bagerivetemjöl,Disackarider,Mjöl stärkelse kli,1.4,g
1938,Vetemjöl bagerivetemjöl,"Kalcium, Ca",Mjöl stärkelse kli,18.0,mg
1938,Vetemjöl bagerivetemjöl,Fettsyra 4:0-10:0,Mjöl stärkelse kli,0.0,g
1938,Vetemjöl bagerivetemjöl,DHA (C22:6),Mjöl stärkelse kli,0.0,g
1938,Vetemjöl bagerivetemjöl,DPA (C22:5),Mjöl stärkelse kli,0.0,g
1938,Vetemjöl bagerivetemjöl,EPA (C20:5),Mjöl stärkelse kli,0.0,g
1938,Vetemjöl bagerivetemjöl,Arakidonsyra C20:4,Mjöl stärkelse kli,0.0,g
1938,Vetemjöl bagerivetemjöl,Arakidinsyra C20:0,Mjöl stärkelse kli,0.0,g
1938,Vetemjöl bagerivetemjöl,Linolensyra C18:3,Mjöl stärkelse kli,0.0,g
1938,Vetemjöl bagerivetemjöl,Linolsyra C18:2,Mjöl stärkelse kli,0.6,g
1938,Vetemjöl bagerivetemjöl,Oljesyra C18:1,Mjöl stärkelse kli,0.1,g
1938,Vetemjöl bagerivetemjöl,Stearinsyra C18:0,Mjöl stärkelse kli,0.0,g
1938,Vetemjöl bagerivetemjöl,Palmitoljesyra C16:1,Mjöl stärkelse kli,0.0,g
1938,Vetemjöl bagerivetemjöl,Palmitinsyra C16:0,Mjöl stärkelse kli,0.2,g
1938,Vetemjöl bagerivetemjöl,Myristinsyra C14:0,Mjöl stärkelse kli,0.0,g
1938,Vetemjöl bagerivetemjöl,Laurinsyra C12:0,Mjöl stärkelse kli,0.0,g
1938,Vetemjöl bagerivetemjöl,Betakaroten/β-Karoten,Mjöl stärkelse kli,11.0,µg
1938,Vetemjöl bagerivetemjöl,Avfall (skal etc.),Mjöl stärkelse kli,0.0,%
1938,Vetemjöl bagerivetemjöl,Aska,Mjöl stärkelse kli,0.5,g
1938,Vetemjöl bagerivetemjöl,Alkohol,Mjöl stärkelse kli,0.0,g
1941,Vetemjöl,"Zink, Zn",Mjöl stärkelse kli,0.6,mg
1941,Vetemjöl,Vitamin E,Mjöl stärkelse kli,0.4,mg
1941,Vetemjöl,Vitamin D inkl 25-OH-D3,Mjöl stärkelse kli,0.0,µg
1941,Vetemjöl,Vitamin D,Mjöl stärkelse kli,0.0,µg
1941,Vetemjöl,Vitamin C,Mjöl stärkelse kli,2.3,mg
1941,Vetemjöl,Vitamin B6,Mjöl stärkelse kli,0.11,mg
1941,Vetemjöl,Vitamin B12,Mjöl stärkelse kli,0.0,µg
1941,Vetemjöl,Vitamin A,Mjöl stärkelse kli,0.8,RE/µg
1941,Vetemjöl,Vatten,Mjöl stärkelse kli,13.2,g
1941,Vetemjöl,Tiamin,Mjöl stärkelse kli,0.18,mg
1941,Vetemjöl,Tillsatt socker,Mjöl stärkelse kli,0.0,g
1941,Vetemjöl,Fritt socker,Mjöl stärkelse kli,0.0,g
1941,Vetemjöl,"Selen, Se",Mjöl stärkelse kli,10.1,µg
1941,Vetemjöl,Sackaros,Mjöl stärkelse kli,0.3,g
1941,Vetemjöl,Riboflavin,Mjöl stärkelse kli,0.03,mg
1941,Vetemjöl,Retinol,Mjöl stärkelse kli,0.0,µg
1941,Vetemjöl,Protein,Mjöl stärkelse kli,8.5,g
1941,Vetemjöl,Summa fleromättade fettsyror,Mjöl stärkelse kli,0.8,g
1941,Vetemjöl,"Fosfor, P",Mjöl stärkelse kli,111.0,mg
1941,Vetemjöl,Niacinekvivalenter,Mjöl stärkelse kli,2.3,NE/mg
1941,Vetemjöl,Niacin,Mjöl stärkelse kli,0.86,mg
1941,Vetemjöl,"Salt, NaCl",Mjöl stärkelse kli,0.0,g
1941,Vetemjöl,"Natrium, Na",Mjöl stärkelse kli,1.0,mg
1941,Vetemjöl,Monosackarider,Mjöl stärkelse kli,0.1,g
1941,Vetemjöl,"Sockerarter, totalt",Mjöl stärkelse kli,1.6,g
1941,Vetemjöl,Summa enkelomättade fettsyror,Mjöl stärkelse kli,0.2,g
1941,Vetemjöl,"Magnesium, Mg",Mjöl stärkelse kli,21.0,mg
1941,Vetemjöl,Summa mättade fettsyror,Mjöl stärkelse kli,0.3,g
1941,Vetemjöl,"Kolhydrater, tillgängliga",Mjöl stärkelse kli,72.4,g
1941,Vetemjöl,Kolesterol,Mjöl stärkelse kli,0.0,mg
1941,Vetemjöl,"Kalium, K",Mjöl stärkelse kli,166.0,mg
1941,Vetemjöl,"Jod, I",Mjöl stärkelse kli,2.0,µg
1941,Vetemjöl,Fullkorn totalt,Mjöl stärkelse kli,0.0,g
1941,Vetemjöl,"Folat, totalt",Mjöl stärkelse kli,22.8,µg
1941,Vetemjöl,Fibrer,Mjöl stärkelse kli,3.6,g
1941,Vetemjöl,"Fett, totalt",Mjöl stärkelse kli,1.9,g
1941,Vetemjöl,"Järn, Fe",Mjöl stärkelse kli,0.7,mg
1941,Vetemjöl,Energi (kJ),Mjöl stärkelse kli,1473.0,kJ
1941,Vetemjöl,Energi (kcal),Mjöl stärkelse kli,352.0,kcal
1941,Vetemjöl,Disackarider,Mjöl stärkelse kli,1.5,g
1941,Vetemjöl,"Kalcium, Ca",Mjöl stärkelse kli,21.0,mg
1941,Vetemjöl,Fettsyra 4:0-10:0,Mjöl stärkelse kli,0.0,g
1941,Vetemjöl,DHA (C22:6),Mjöl stärkelse kli,0.0,g
1941,Vetemjöl,DPA (C22:5),Mjöl stärkelse kli,0.0,g
1941,Vetemjöl,EPA (C20:5),Mjöl stärkelse kli,0.0,g
1941,Vetemjöl,Arakidonsyra C20:4,Mjöl stärkelse kli,0.0,g
1941,Vetemjöl,Arakidinsyra C20:0,Mjöl stärkelse kli,0.0,g
1941,Vetemjöl,Linolensyra C18:3,Mjöl stärkelse kli,0.0,g
1941,Vetemjöl,Linolsyra C18:2,Mjöl stärkelse kli,0.8,g
1941,Vetemjöl,Oljesyra C18:1,Mjöl stärkelse kli,0.1,g
1941,Vetemjöl,Stearinsyra C18:0,Mjöl stärkelse kli,0.0,g
1941,Vetemjöl,Palmitoljesyra C16:1,Mjöl stärkelse kli,0.0,g
1941,Vetemjöl,Palmitinsyra C16:0,Mjöl stärkelse kli,0.2,g
1941,Vetemjöl,Myristinsyra C14:0,Mjöl stärkelse kli,0.0,g
1941,Vetemjöl,Laurinsyra C12:0,Mjöl stärkelse kli,0.0,g
1941,Vetemjöl,Betakaroten/β-Karoten,Mjöl stärkelse kli,8.0,µg
1941,Vetemjöl,Avfall (skal etc.),Mjöl stärkelse kli,0.0,%
1941,Vetemjöl,Aska,Mjöl stärkelse kli,0.5,g
1941,Vetemjöl,Alkohol,Mjöl stärkelse kli,0.0,g
1945,Majsstärkelse,"Zink, Zn",Mjöl stärkelse kli,0.0,mg
1945,Majsstärkelse,Vitamin E,Mjöl stärkelse kli,0.0,mg
1945,Majsstärkelse,Vitamin D inkl 25-OH-D3,Mjöl stärkelse kli,0.0,µg
1945,Majsstärkelse,Vitamin D,Mjöl stärkelse kli,0.0,µg
1945,Majsstärkelse,Vitamin C,Mjöl stärkelse kli,0.0,mg
1945,Majsstärkelse,Vitamin B6,Mjöl stärkelse kli,0.0,mg
1945,Majsstärkelse,Vitamin B12,Mjöl stärkelse kli,0.0,µg
1945,Majsstärkelse,Vitamin A,Mjöl stärkelse kli,0.0,RE/µg
1945,Majsstärkelse,Vatten,Mjöl stärkelse kli,11.8,g
1945,Majsstärkelse,Tiamin,Mjöl stärkelse kli,0.0,mg
1945,Majsstärkelse,Tillsatt socker,Mjöl stärkelse kli,0.0,g
1945,Majsstärkelse,Fritt socker,Mjöl stärkelse kli,0.0,g
1945,Majsstärkelse,"Selen, Se",Mjöl stärkelse kli,0.0,µg
1945,Majsstärkelse,Sackaros,Mjöl stärkelse kli,0.0,g
1945,Majsstärkelse,Riboflavin,Mjöl stärkelse kli,0.0,mg
1945,Majsstärkelse,Retinol,Mjöl stärkelse kli,0.0,µg
1945,Majsstärkelse,Protein,Mjöl stärkelse kli,0.0,g
1945,Majsstärkelse,Summa fleromättade fettsyror,Mjöl stärkelse kli,0.0,g
1945,Majsstärkelse,"Fosfor, P",Mjöl stärkelse kli,13.0,mg
1945,Majsstärkelse,Niacinekvivalenter,Mjöl stärkelse kli,0.0,NE/mg
1945,Majsstärkelse,Niacin,Mjöl stärkelse kli,0.0,mg
1945,Majsstärkelse,"Salt, NaCl",Mjöl stärkelse kli,0.0,g
1945,Majsstärkelse,"Natrium, Na",Mjöl stärkelse kli,6.0,mg
1945,Majsstärkelse,Monosackarider,Mjöl stärkelse kli,0.0,g
1945,Majsstärkelse,"Sockerarter, totalt",Mjöl stärkelse kli,0.0,g
1945,Majsstärkelse,Summa enkelomättade fettsyror,Mjöl stärkelse kli,0.0,g
1945,Majsstärkelse,"Magnesium, Mg",Mjöl stärkelse kli,2.0,mg
1945,Majsstärkelse,Summa mättade fettsyror,Mjöl stärkelse kli,0.0,g
1945,Majsstärkelse,"Kolhydrater, tillgängliga",Mjöl stärkelse kli,87.5,g
1945,Majsstärkelse,Kolesterol,Mjöl stärkelse kli,0.0,mg
1945,Majsstärkelse,"Kalium, K",Mjöl stärkelse kli,5.0,mg
1945,Majsstärkelse,"Jod, I",Mjöl stärkelse kli,3.7,µg
1945,Majsstärkelse,Fullkorn totalt,Mjöl stärkelse kli,0.0,g
1945,Majsstärkelse,"Folat, totalt",Mjöl stärkelse kli,0.0,µg
1945,Majsstärkelse,Fibrer,Mjöl stärkelse kli,0.0,g
1945,Majsstärkelse,"Fett, totalt",Mjöl stärkelse kli,0.7,g
1945,Majsstärkelse,"Järn, Fe",Mjöl stärkelse kli,0.1,mg
1945,Majsstärkelse,Energi (kJ),Mjöl stärkelse kli,1515.0,kJ
1945,Majsstärkelse,Energi (kcal),Mjöl stärkelse kli,362.0,kcal
1945,Majsstärkelse,Disackarider,Mjöl stärkelse kli,0.0,g
1945,Majsstärkelse,"Kalcium, Ca",Mjöl stärkelse kli,8.0,mg
1945,Majsstärkelse,Fettsyra 4:0-10:0,Mjöl stärkelse kli,0.0,g
1945,Majsstärkelse,DHA (C22:6),Mjöl stärkelse kli,0.0,g
1945,Majsstärkelse,DPA (C22:5),Mjöl stärkelse kli,0.0,g
1945,Majsstärkelse,EPA (C20:5),Mjöl stärkelse kli,0.0,g
1945,Majsstärkelse,Arakidonsyra C20:4,Mjöl stärkelse kli,0.0,g
1945,Majsstärkelse,Arakidinsyra C20:0,Mjöl stärkelse kli,0.0,g
1945,Majsstärkelse,Linolensyra C18:3,Mjöl stärkelse kli,0.0,g
1945,Majsstärkelse,Linolsyra C18:2,Mjöl stärkelse kli,0.0,g
1945,Majsstärkelse,Oljesyra C18:1,Mjöl stärkelse kli,0.0,g
1945,Majsstärkelse,Stearinsyra C18:0,Mjöl stärkelse kli,0.0,g
1945,Majsstärkelse,Palmitoljesyra C16:1,Mjöl stärkelse kli,0.0,g
1945,Majsstärkelse,Palmitinsyra C16:0,Mjöl stärkelse kli,0.0,g
1945,Majsstärkelse,Myristinsyra C14:0,Mjöl stärkelse kli,0.0,g
1945,Majsstärkelse,Laurinsyra C12:0,Mjöl stärkelse kli,0.0,g
1945,Majsstärkelse,Betakaroten/β-Karoten,Mjöl stärkelse kli,0.0,µg
1945,Majsstärkelse,Avfall (skal etc.),Mjöl stärkelse kli,0.0,%
1945,Majsstärkelse,Aska,Mjöl stärkelse kli,0.0,g
1945,Majsstärkelse,Alkohol,Mjöl stärkelse kli,0.0,g
1946,Potatismjöl,"Zink, Zn",Mjöl stärkelse kli,0.0,mg
1946,Potatismjöl,Vitamin E,Mjöl stärkelse kli,0.0,mg
1946,Potatismjöl,Vitamin D inkl 25-OH-D3,Mjöl stärkelse kli,0.0,µg
1946,Potatismjöl,Vitamin D,Mjöl stärkelse kli,0.0,µg
1946,Potatismjöl,Vitamin C,Mjöl stärkelse kli,0.0,mg
1946,Potatismjöl,Vitamin B6,Mjöl stärkelse kli,0.0,mg
1946,Potatismjöl,Vitamin B12,Mjöl stärkelse kli,0.0,µg
1946,Potatismjöl,Vitamin A,Mjöl stärkelse kli,0.0,RE/µg
1946,Potatismjöl,Vatten,Mjöl stärkelse kli,15.0,g
1946,Potatismjöl,Tiamin,Mjöl stärkelse kli,0.0,mg
1946,Potatismjöl,Tillsatt socker,Mjöl stärkelse kli,0.0,g
1946,Potatismjöl,Fritt socker,Mjöl stärkelse kli,0.0,g
1946,Potatismjöl,"Selen, Se",Mjöl stärkelse kli,0.0,µg
1946,Potatismjöl,Sackaros,Mjöl stärkelse kli,0.0,g
1946,Potatismjöl,Riboflavin,Mjöl stärkelse kli,0.0,mg
1946,Potatismjöl,Retinol,Mjöl stärkelse kli,0.0,µg
1946,Potatismjöl,Protein,Mjöl stärkelse kli,0.0,g
1946,Potatismjöl,Summa fleromättade fettsyror,Mjöl stärkelse kli,0.0,g
1946,Potatismjöl,"Fosfor, P",Mjöl stärkelse kli,64.0,mg
1946,Potatismjöl,Niacinekvivalenter,Mjöl stärkelse kli,0.2,NE/mg
1946,Potatismjöl,Niacin,Mjöl stärkelse kli,0.15,mg
1946,Potatismjöl,"Salt, NaCl",Mjöl stärkelse kli,0.0,g
1946,Potatismjöl,"Natrium, Na",Mjöl stärkelse kli,3.0,mg
1946,Potatismjöl,Monosackarider,Mjöl stärkelse kli,0.0,g
1946,Potatismjöl,"Sockerarter, totalt",Mjöl stärkelse kli,0.0,g
1946,Potatismjöl,Summa enkelomättade fettsyror,Mjöl stärkelse kli,0.0,g
1946,Potatismjöl,"Magnesium, Mg",Mjöl stärkelse kli,3.0,mg
1946,Potatismjöl,Summa mättade fettsyror,Mjöl stärkelse kli,0.0,g
1946,Potatismjöl,"Kolhydrater, tillgängliga",Mjöl stärkelse kli,84.3,g
1946,Potatismjöl,Kolesterol,Mjöl stärkelse kli,0.0,mg
1946,Potatismjöl,"Kalium, K",Mjöl stärkelse kli,68.0,mg
1946,Potatismjöl,"Jod, I",Mjöl stärkelse kli,7.1,µg
1946,Potatismjöl,Fullkorn totalt,Mjöl stärkelse kli,0.0,g
1946,Potatismjöl,"Folat, totalt",Mjöl stärkelse kli,0.0,µg
1946,Potatismjöl,Fibrer,Mjöl stärkelse kli,0.0,g
1946,Potatismjöl,"Fett, totalt",Mjöl stärkelse kli,0.4,g
1946,Potatismjöl,"Järn, Fe",Mjöl stärkelse kli,0.1,mg
1946,Potatismjöl,Energi (kJ),Mjöl stärkelse kli,1448.0,kJ
1946,Potatismjöl,Energi (kcal),Mjöl stärkelse kli,346.0,kcal
1946,Potatismjöl,Disackarider,Mjöl stärkelse kli,0.0,g
1946,Potatismjöl,"Kalcium, Ca",Mjöl stärkelse kli,11.0,mg
1946,Potatismjöl,Fettsyra 4:0-10:0,Mjöl stärkelse kli,0.0,g
1946,Potatismjöl,DHA (C22:6),Mjöl stärkelse kli,0.0,g
1946,Potatismjöl,DPA (C22:5),Mjöl stärkelse kli,0.0,g
1946,Potatismjöl,EPA (C20:5),Mjöl stärkelse kli,0.0,g
1946,Potatismjöl,Arakidonsyra C20:4,Mjöl stärkelse kli,0.0,g
1946,Potatismjöl,Arakidinsyra C20:0,Mjöl stärkelse kli,0.0,g
1946,Potatismjöl,Linolensyra C18:3,Mjöl stärkelse kli,0.0,g
1946,Potatismjöl,Linolsyra C18:2,Mjöl stärkelse kli,0.0,g
1946,Potatismjöl,Oljesyra C18:1,Mjöl stärkelse kli,0.0,g
1946,Potatismjöl,Stearinsyra C18:0,Mjöl stärkelse kli,0.0,g
1946,Potatismjöl,Palmitoljesyra C16:1,Mjöl stärkelse kli,0.0,g
1946,Potatismjöl,Palmitinsyra C16:0,Mjöl stärkelse kli,0.0,g
1946,Potatismjöl,Myristinsyra C14:0,Mjöl stärkelse kli,0.0,g
1946,Potatismjöl,Laurinsyra C12:0,Mjöl stärkelse kli,0.0,g
1946,Potatismjöl,Betakaroten/β-Karoten,Mjöl stärkelse kli,0.0,µg
1946,Potatismjöl,Avfall (skal etc.),Mjöl stärkelse kli,0.0,%
1946,Potatismjöl,Aska,Mjöl stärkelse kli,0.3,g
1946,Potatismjöl,Alkohol,Mjöl stärkelse kli,0.0,g
1947,Samarinpulver,"Zink, Zn",Övrigt,0.0,mg
1947,Samarinpulver,Vitamin E,Övrigt,0.0,mg
1947,Samarinpulver,Vitamin D inkl 25-OH-D3,Övrigt,0.0,µg
1947,Samarinpulver,Vitamin D,Övrigt,0.0,µg
1947,Samarinpulver,Vitamin C,Övrigt,0.0,mg
1947,Samarinpulver,Vitamin B6,Övrigt,0.0,mg
1947,Samarinpulver,Vitamin B12,Övrigt,0.0,µg
1947,Samarinpulver,Vitamin A,Övrigt,0.0,RE/µg
1947,Samarinpulver,Vatten,Övrigt,0.2,g
1947,Samarinpulver,Tiamin,Övrigt,0.0,mg
1947,Samarinpulver,Tillsatt socker,Övrigt,0.0,g
1947,Samarinpulver,Fritt socker,Övrigt,0.0,g
1947,Samarinpulver,"Selen, Se",Övrigt,0.0,µg
1947,Samarinpulver,Sackaros,Övrigt,0.0,g
1947,Samarinpulver,Riboflavin,Övrigt,0.0,mg
1947,Samarinpulver,Retinol,Övrigt,0.0,µg
1947,Samarinpulver,Protein,Övrigt,0.0,g
1947,Samarinpulver,Summa fleromättade fettsyror,Övrigt,0.0,g
1947,Samarinpulver,"Fosfor, P",Övrigt,0.0,mg
1947,Samarinpulver,Niacinekvivalenter,Övrigt,0.0,NE/mg
1947,Samarinpulver,Niacin,Övrigt,0.0,mg
1947,Samarinpulver,"Salt, NaCl",Övrigt,39.1,g
1947,Samarinpulver,"Natrium, Na",Övrigt,15650.0,mg
1947,Samarinpulver,Monosackarider,Övrigt,0.0,g
1947,Samarinpulver,"Sockerarter, totalt",Övrigt,0.0,g
1947,Samarinpulver,Summa enkelomättade fettsyror,Övrigt,0.0,g
1947,Samarinpulver,"Magnesium, Mg",Övrigt,0.0,mg
1947,Samarinpulver,Summa mättade fettsyror,Övrigt,0.0,g
1947,Samarinpulver,"Kolhydrater, tillgängliga",Övrigt,0.0,g
1947,Samarinpulver,Kolesterol,Övrigt,0.0,mg
1947,Samarinpulver,"Kalium, K",Övrigt,185.0,mg
1947,Samarinpulver,Fullkorn totalt,Övrigt,0.0,g
1947,Samarinpulver,"Folat, totalt",Övrigt,0.0,µg
1947,Samarinpulver,Fibrer,Övrigt,0.0,g
1947,Samarinpulver,"Fett, totalt",Övrigt,0.0,g
1947,Samarinpulver,"Järn, Fe",Övrigt,0.0,mg
1947,Samarinpulver,Energi (kJ),Övrigt,0.0,kJ
1947,Samarinpulver,Energi (kcal),Övrigt,0.0,kcal
1947,Samarinpulver,Disackarider,Övrigt,0.0,g
1947,Samarinpulver,"Kalcium, Ca",Övrigt,0.0,mg
1947,Samarinpulver,Fettsyra 4:0-10:0,Övrigt,0.0,g
1947,Samarinpulver,DHA (C22:6),Övrigt,0.0,g
1947,Samarinpulver,DPA (C22:5),Övrigt,0.0,g
1947,Samarinpulver,EPA (C20:5),Övrigt,0.0,g
1947,Samarinpulver,Arakidonsyra C20:4,Övrigt,0.0,g
1947,Samarinpulver,Arakidinsyra C20:0,Övrigt,0.0,g
1947,Samarinpulver,Linolensyra C18:3,Övrigt,0.0,g
1947,Samarinpulver,Linolsyra C18:2,Övrigt,0.0,g
1947,Samarinpulver,Oljesyra C18:1,Övrigt,0.0,g
1947,Samarinpulver,Stearinsyra C18:0,Övrigt,0.0,g
1947,Samarinpulver,Palmitoljesyra C16:1,Övrigt,0.0,g
1947,Samarinpulver,Palmitinsyra C16:0,Övrigt,0.0,g
1947,Samarinpulver,Myristinsyra C14:0,Övrigt,0.0,g
1947,Samarinpulver,Laurinsyra C12:0,Övrigt,0.0,g
1947,Samarinpulver,Betakaroten/β-Karoten,Övrigt,0.0,µg
1947,Samarinpulver,Avfall (skal etc.),Övrigt,0.0,%
1947,Samarinpulver,Aska,Övrigt,99.8,g
1947,Samarinpulver,Alkohol,Övrigt,0.0,g
1948,Samarin drickf.,"Zink, Zn",Övrigt,0.0,mg
1948,Samarin drickf.,Vitamin E,Övrigt,0.0,mg
1948,Samarin drickf.,Vitamin D inkl 25-OH-D3,Övrigt,0.0,µg
1948,Samarin drickf.,Vitamin D,Övrigt,0.0,µg
1948,Samarin drickf.,Vitamin C,Övrigt,0.0,mg
1948,Samarin drickf.,Vitamin B6,Övrigt,0.0,mg
1948,Samarin drickf.,Vitamin B12,Övrigt,0.0,µg
1948,Samarin drickf.,Vitamin A,Övrigt,0.0,RE/µg
1948,Samarin drickf.,Vatten,Övrigt,98.0,g
1948,Samarin drickf.,Tiamin,Övrigt,0.0,mg
1948,Samarin drickf.,Tillsatt socker,Övrigt,0.0,g
1948,Samarin drickf.,Fritt socker,Övrigt,0.0,g
1948,Samarin drickf.,"Selen, Se",Övrigt,0.0,µg
1948,Samarin drickf.,Sackaros,Övrigt,0.0,g
1948,Samarin drickf.,Riboflavin,Övrigt,0.0,mg
1948,Samarin drickf.,Retinol,Övrigt,0.0,µg
1948,Samarin drickf.,Protein,Övrigt,0.0,g
1948,Samarin drickf.,Summa fleromättade fettsyror,Övrigt,0.0,g
1948,Samarin drickf.,"Fosfor, P",Övrigt,0.0,mg
1948,Samarin drickf.,Niacinekvivalenter,Övrigt,0.0,NE/mg
1948,Samarin drickf.,Niacin,Övrigt,0.0,mg
1948,Samarin drickf.,"Salt, NaCl",Övrigt,0.8,g
1948,Samarin drickf.,"Natrium, Na",Övrigt,313.0,mg
1948,Samarin drickf.,Monosackarider,Övrigt,0.0,g
1948,Samarin drickf.,"Sockerarter, totalt",Övrigt,0.0,g
1948,Samarin drickf.,Summa enkelomättade fettsyror,Övrigt,0.0,g
1948,Samarin drickf.,"Magnesium, Mg",Övrigt,0.0,mg
1948,Samarin drickf.,Summa mättade fettsyror,Övrigt,0.0,g
1948,Samarin drickf.,"Kolhydrater, tillgängliga",Övrigt,0.0,g
1948,Samarin drickf.,Kolesterol,Övrigt,0.0,mg
1948,Samarin drickf.,"Kalium, K",Övrigt,4.0,mg
1948,Samarin drickf.,Fullkorn totalt,Övrigt,0.0,g
1948,Samarin drickf.,"Folat, totalt",Övrigt,0.0,µg
1948,Samarin drickf.,Fibrer,Övrigt,0.0,g
1948,Samarin drickf.,"Fett, totalt",Övrigt,0.0,g
1948,Samarin drickf.,"Järn, Fe",Övrigt,0.0,mg
1948,Samarin drickf.,Energi (kJ),Övrigt,0.0,kJ
1948,Samarin drickf.,Energi (kcal),Övrigt,0.0,kcal
1948,Samarin drickf.,Disackarider,Övrigt,0.0,g
1948,Samarin drickf.,"Kalcium, Ca",Övrigt,0.0,mg
1948,Samarin drickf.,Fettsyra 4:0-10:0,Övrigt,0.0,g
1948,Samarin drickf.,DHA (C22:6),Övrigt,0.0,g
1948,Samarin drickf.,DPA (C22:5),Övrigt,0.0,g
1948,Samarin drickf.,EPA (C20:5),Övrigt,0.0,g
1948,Samarin drickf.,Arakidonsyra C20:4,Övrigt,0.0,g
1948,Samarin drickf.,Arakidinsyra C20:0,Övrigt,0.0,g
1948,Samarin drickf.,Linolensyra C18:3,Övrigt,0.0,g
1948,Samarin drickf.,Linolsyra C18:2,Övrigt,0.0,g
1948,Samarin drickf.,Oljesyra C18:1,Övrigt,0.0,g
1948,Samarin drickf.,Stearinsyra C18:0,Övrigt,0.0,g
1948,Samarin drickf.,Palmitoljesyra C16:1,Övrigt,0.0,g
1948,Samarin drickf.,Palmitinsyra C16:0,Övrigt,0.0,g
1948,Samarin drickf.,Myristinsyra C14:0,Övrigt,0.0,g
1948,Samarin drickf.,Laurinsyra C12:0,Övrigt,0.0,g
1948,Samarin drickf.,Betakaroten/β-Karoten,Övrigt,0.0,µg
1948,Samarin drickf.,Avfall (skal etc.),Övrigt,0.0,%
1948,Samarin drickf.,Aska,Övrigt,2.0,g
1948,Samarin drickf.,Alkohol,Övrigt,0.0,g
1949,Vatten sodavatten,"Zink, Zn",Vatten mineralvatten,0.0,mg
1949,Vatten sodavatten,Vitamin E,Vatten mineralvatten,0.0,mg
1949,Vatten sodavatten,Vitamin D inkl 25-OH-D3,Vatten mineralvatten,0.0,µg
1949,Vatten sodavatten,Vitamin D,Vatten mineralvatten,0.0,µg
1949,Vatten sodavatten,Vitamin C,Vatten mineralvatten,0.0,mg
1949,Vatten sodavatten,Vitamin B6,Vatten mineralvatten,0.0,mg
1949,Vatten sodavatten,Vitamin B12,Vatten mineralvatten,0.0,µg
1949,Vatten sodavatten,Vitamin A,Vatten mineralvatten,0.0,RE/µg
1949,Vatten sodavatten,Vatten,Vatten mineralvatten,99.9,g
1949,Vatten sodavatten,Tiamin,Vatten mineralvatten,0.0,mg
1949,Vatten sodavatten,Tillsatt socker,Vatten mineralvatten,0.0,g
1949,Vatten sodavatten,Fritt socker,Vatten mineralvatten,0.0,g
1949,Vatten sodavatten,"Selen, Se",Vatten mineralvatten,0.0,µg
1949,Vatten sodavatten,Sackaros,Vatten mineralvatten,0.0,g
1949,Vatten sodavatten,Riboflavin,Vatten mineralvatten,0.0,mg
1949,Vatten sodavatten,Retinol,Vatten mineralvatten,0.0,µg
1949,Vatten sodavatten,Protein,Vatten mineralvatten,0.0,g
1949,Vatten sodavatten,Summa fleromättade fettsyror,Vatten mineralvatten,0.0,g
1949,Vatten sodavatten,"Fosfor, P",Vatten mineralvatten,0.0,mg
1949,Vatten sodavatten,Niacinekvivalenter,Vatten mineralvatten,0.0,NE/mg
1949,Vatten sodavatten,Niacin,Vatten mineralvatten,0.0,mg
1949,Vatten sodavatten,"Salt, NaCl",Vatten mineralvatten,0.0,g
1949,Vatten sodavatten,"Natrium, Na",Vatten mineralvatten,20.0,mg
1949,Vatten sodavatten,Monosackarider,Vatten mineralvatten,0.0,g
1949,Vatten sodavatten,"Sockerarter, totalt",Vatten mineralvatten,0.0,g
1949,Vatten sodavatten,Summa enkelomättade fettsyror,Vatten mineralvatten,0.0,g
1949,Vatten sodavatten,"Magnesium, Mg",Vatten mineralvatten,0.0,mg
1949,Vatten sodavatten,Summa mättade fettsyror,Vatten mineralvatten,0.0,g
1949,Vatten sodavatten,"Kolhydrater, tillgängliga",Vatten mineralvatten,0.0,g
1949,Vatten sodavatten,Kolesterol,Vatten mineralvatten,0.0,mg
1949,Vatten sodavatten,"Kalium, K",Vatten mineralvatten,0.0,mg
1949,Vatten sodavatten,"Jod, I",Vatten mineralvatten,1.2,µg
1949,Vatten sodavatten,Fullkorn totalt,Vatten mineralvatten,0.0,g
1949,Vatten sodavatten,"Folat, totalt",Vatten mineralvatten,0.0,µg
1949,Vatten sodavatten,Fibrer,Vatten mineralvatten,0.0,g
1949,Vatten sodavatten,"Fett, totalt",Vatten mineralvatten,0.0,g
1949,Vatten sodavatten,"Järn, Fe",Vatten mineralvatten,0.0,mg
1949,Vatten sodavatten,Energi (kJ),Vatten mineralvatten,0.0,kJ
1949,Vatten sodavatten,Energi (kcal),Vatten mineralvatten,0.0,kcal
1949,Vatten sodavatten,Disackarider,Vatten mineralvatten,0.0,g
1949,Vatten sodavatten,"Kalcium, Ca",Vatten mineralvatten,2.0,mg
1949,Vatten sodavatten,Fettsyra 4:0-10:0,Vatten mineralvatten,0.0,g
1949,Vatten sodavatten,DHA (C22:6),Vatten mineralvatten,0.0,g
1949,Vatten sodavatten,DPA (C22:5),Vatten mineralvatten,0.0,g
1949,Vatten sodavatten,EPA (C20:5),Vatten mineralvatten,0.0,g
1949,Vatten sodavatten,Arakidonsyra C20:4,Vatten mineralvatten,0.0,g
1949,Vatten sodavatten,Arakidinsyra C20:0,Vatten mineralvatten,0.0,g
1949,Vatten sodavatten,Linolensyra C18:3,Vatten mineralvatten,0.0,g
1949,Vatten sodavatten,Linolsyra C18:2,Vatten mineralvatten,0.0,g
1949,Vatten sodavatten,Oljesyra C18:1,Vatten mineralvatten,0.0,g
1949,Vatten sodavatten,Stearinsyra C18:0,Vatten mineralvatten,0.0,g
1949,Vatten sodavatten,Palmitoljesyra C16:1,Vatten mineralvatten,0.0,g
1949,Vatten sodavatten,Palmitinsyra C16:0,Vatten mineralvatten,0.0,g
1949,Vatten sodavatten,Myristinsyra C14:0,Vatten mineralvatten,0.0,g
1949,Vatten sodavatten,Laurinsyra C12:0,Vatten mineralvatten,0.0,g
1949,Vatten sodavatten,Betakaroten/β-Karoten,Vatten mineralvatten,0.0,µg
1949,Vatten sodavatten,Avfall (skal etc.),Vatten mineralvatten,0.0,%
1949,Vatten sodavatten,Aska,Vatten mineralvatten,0.1,g
1949,Vatten sodavatten,Alkohol,Vatten mineralvatten,0.0,g
1950,Vatten vichyvatten,"Zink, Zn",Vatten mineralvatten,0.0,mg
1950,Vatten vichyvatten,Vitamin E,Vatten mineralvatten,0.0,mg
1950,Vatten vichyvatten,Vitamin D inkl 25-OH-D3,Vatten mineralvatten,0.0,µg
1950,Vatten vichyvatten,Vitamin D,Vatten mineralvatten,0.0,µg
1950,Vatten vichyvatten,Vitamin C,Vatten mineralvatten,0.0,mg
1950,Vatten vichyvatten,Vitamin B6,Vatten mineralvatten,0.0,mg
1950,Vatten vichyvatten,Vitamin B12,Vatten mineralvatten,0.0,µg
1950,Vatten vichyvatten,Vitamin A,Vatten mineralvatten,0.0,RE/µg
1950,Vatten vichyvatten,Vatten,Vatten mineralvatten,99.7,g
1950,Vatten vichyvatten,Tiamin,Vatten mineralvatten,0.0,mg
1950,Vatten vichyvatten,Tillsatt socker,Vatten mineralvatten,0.0,g
1950,Vatten vichyvatten,Fritt socker,Vatten mineralvatten,0.0,g
1950,Vatten vichyvatten,"Selen, Se",Vatten mineralvatten,0.0,µg
1950,Vatten vichyvatten,Sackaros,Vatten mineralvatten,0.0,g
1950,Vatten vichyvatten,Riboflavin,Vatten mineralvatten,0.0,mg
1950,Vatten vichyvatten,Retinol,Vatten mineralvatten,0.0,µg
1950,Vatten vichyvatten,Protein,Vatten mineralvatten,0.0,g
1950,Vatten vichyvatten,Summa fleromättade fettsyror,Vatten mineralvatten,0.0,g
1950,Vatten vichyvatten,"Fosfor, P",Vatten mineralvatten,0.0,mg
1950,Vatten vichyvatten,Niacinekvivalenter,Vatten mineralvatten,0.0,NE/mg
1950,Vatten vichyvatten,Niacin,Vatten mineralvatten,0.0,mg
1950,Vatten vichyvatten,"Salt, NaCl",Vatten mineralvatten,0.3,g
1950,Vatten vichyvatten,"Natrium, Na",Vatten mineralvatten,110.0,mg
1950,Vatten vichyvatten,Monosackarider,Vatten mineralvatten,0.0,g
1950,Vatten vichyvatten,"Sockerarter, totalt",Vatten mineralvatten,0.0,g
1950,Vatten vichyvatten,Summa enkelomättade fettsyror,Vatten mineralvatten,0.0,g
1950,Vatten vichyvatten,"Magnesium, Mg",Vatten mineralvatten,0.0,mg
1950,Vatten vichyvatten,Summa mättade fettsyror,Vatten mineralvatten,0.0,g
1950,Vatten vichyvatten,"Kolhydrater, tillgängliga",Vatten mineralvatten,0.0,g
1950,Vatten vichyvatten,Kolesterol,Vatten mineralvatten,0.0,mg
1950,Vatten vichyvatten,"Kalium, K",Vatten mineralvatten,0.0,mg
1950,Vatten vichyvatten,Fullkorn totalt,Vatten mineralvatten,0.0,g
1950,Vatten vichyvatten,"Folat, totalt",Vatten mineralvatten,0.0,µg
1950,Vatten vichyvatten,Fibrer,Vatten mineralvatten,0.0,g
1950,Vatten vichyvatten,"Fett, totalt",Vatten mineralvatten,0.0,g
1950,Vatten vichyvatten,"Järn, Fe",Vatten mineralvatten,0.0,mg
1950,Vatten vichyvatten,Energi (kJ),Vatten mineralvatten,0.0,kJ
1950,Vatten vichyvatten,Energi (kcal),Vatten mineralvatten,0.0,kcal
1950,Vatten vichyvatten,Disackarider,Vatten mineralvatten,0.0,g
1950,Vatten vichyvatten,"Kalcium, Ca",Vatten mineralvatten,4.0,mg
1950,Vatten vichyvatten,Fettsyra 4:0-10:0,Vatten mineralvatten,0.0,g
1950,Vatten vichyvatten,DHA (C22:6),Vatten mineralvatten,0.0,g
1950,Vatten vichyvatten,DPA (C22:5),Vatten mineralvatten,0.0,g
1950,Vatten vichyvatten,EPA (C20:5),Vatten mineralvatten,0.0,g
1950,Vatten vichyvatten,Arakidonsyra C20:4,Vatten mineralvatten,0.0,g
1950,Vatten vichyvatten,Arakidinsyra C20:0,Vatten mineralvatten,0.0,g
1950,Vatten vichyvatten,Linolensyra C18:3,Vatten mineralvatten,0.0,g
1950,Vatten vichyvatten,Linolsyra C18:2,Vatten mineralvatten,0.0,g
1950,Vatten vichyvatten,Oljesyra C18:1,Vatten mineralvatten,0.0,g
1950,Vatten vichyvatten,Stearinsyra C18:0,Vatten mineralvatten,0.0,g
1950,Vatten vichyvatten,Palmitoljesyra C16:1,Vatten mineralvatten,0.0,g
1950,Vatten vichyvatten,Palmitinsyra C16:0,Vatten mineralvatten,0.0,g
1950,Vatten vichyvatten,Myristinsyra C14:0,Vatten mineralvatten,0.0,g
1950,Vatten vichyvatten,Laurinsyra C12:0,Vatten mineralvatten,0.0,g
1950,Vatten vichyvatten,Betakaroten/β-Karoten,Vatten mineralvatten,0.0,µg
1950,Vatten vichyvatten,Avfall (skal etc.),Vatten mineralvatten,0.0,%
1950,Vatten vichyvatten,Aska,Vatten mineralvatten,0.3,g
1950,Vatten vichyvatten,Alkohol,Vatten mineralvatten,0.0,g
1951,Vatten mineralvatten,"Zink, Zn",Vatten mineralvatten,0.1,mg
1951,Vatten mineralvatten,Vitamin E,Vatten mineralvatten,0.0,mg
1951,Vatten mineralvatten,Vitamin D inkl 25-OH-D3,Vatten mineralvatten,0.0,µg
1951,Vatten mineralvatten,Vitamin D,Vatten mineralvatten,0.0,µg
1951,Vatten mineralvatten,Vitamin C,Vatten mineralvatten,0.0,mg
1951,Vatten mineralvatten,Vitamin B6,Vatten mineralvatten,0.0,mg
1951,Vatten mineralvatten,Vitamin B12,Vatten mineralvatten,0.0,µg
1951,Vatten mineralvatten,Vitamin A,Vatten mineralvatten,0.0,RE/µg
1951,Vatten mineralvatten,Vatten,Vatten mineralvatten,99.9,g
1951,Vatten mineralvatten,Tiamin,Vatten mineralvatten,0.0,mg
1951,Vatten mineralvatten,Tillsatt socker,Vatten mineralvatten,0.0,g
1951,Vatten mineralvatten,Fritt socker,Vatten mineralvatten,0.0,g
1951,Vatten mineralvatten,"Selen, Se",Vatten mineralvatten,0.0,µg
1951,Vatten mineralvatten,Sackaros,Vatten mineralvatten,0.0,g
1951,Vatten mineralvatten,Riboflavin,Vatten mineralvatten,0.0,mg
1951,Vatten mineralvatten,Retinol,Vatten mineralvatten,0.0,µg
1951,Vatten mineralvatten,Protein,Vatten mineralvatten,0.0,g
1951,Vatten mineralvatten,Summa fleromättade fettsyror,Vatten mineralvatten,0.0,g
1951,Vatten mineralvatten,"Fosfor, P",Vatten mineralvatten,0.0,mg
1951,Vatten mineralvatten,Niacinekvivalenter,Vatten mineralvatten,0.0,NE/mg
1951,Vatten mineralvatten,Niacin,Vatten mineralvatten,0.0,mg
1951,Vatten mineralvatten,"Salt, NaCl",Vatten mineralvatten,0.0,g
1951,Vatten mineralvatten,"Natrium, Na",Vatten mineralvatten,16.0,mg
1951,Vatten mineralvatten,Monosackarider,Vatten mineralvatten,0.0,g
1951,Vatten mineralvatten,"Sockerarter, totalt",Vatten mineralvatten,0.0,g
1951,Vatten mineralvatten,Summa enkelomättade fettsyror,Vatten mineralvatten,0.0,g
1951,Vatten mineralvatten,"Magnesium, Mg",Vatten mineralvatten,1.0,mg
1951,Vatten mineralvatten,Summa mättade fettsyror,Vatten mineralvatten,0.0,g
1951,Vatten mineralvatten,"Kolhydrater, tillgängliga",Vatten mineralvatten,0.0,g
1951,Vatten mineralvatten,Kolesterol,Vatten mineralvatten,0.0,mg
1951,Vatten mineralvatten,"Kalium, K",Vatten mineralvatten,11.0,mg
1951,Vatten mineralvatten,"Jod, I",Vatten mineralvatten,1.2,µg
1951,Vatten mineralvatten,Fullkorn totalt,Vatten mineralvatten,0.0,g
1951,Vatten mineralvatten,"Folat, totalt",Vatten mineralvatten,0.0,µg
1951,Vatten mineralvatten,Fibrer,Vatten mineralvatten,0.0,g
1951,Vatten mineralvatten,"Fett, totalt",Vatten mineralvatten,0.0,g
1951,Vatten mineralvatten,"Järn, Fe",Vatten mineralvatten,0.0,mg
1951,Vatten mineralvatten,Energi (kJ),Vatten mineralvatten,0.0,kJ
1951,Vatten mineralvatten,Energi (kcal),Vatten mineralvatten,0.0,kcal
1951,Vatten mineralvatten,Disackarider,Vatten mineralvatten,0.0,g
1951,Vatten mineralvatten,"Kalcium, Ca",Vatten mineralvatten,2.0,mg
1951,Vatten mineralvatten,Fettsyra 4:0-10:0,Vatten mineralvatten,0.0,g
1951,Vatten mineralvatten,DHA (C22:6),Vatten mineralvatten,0.0,g
1951,Vatten mineralvatten,DPA (C22:5),Vatten mineralvatten,0.0,g
1951,Vatten mineralvatten,EPA (C20:5),Vatten mineralvatten,0.0,g
1951,Vatten mineralvatten,Arakidonsyra C20:4,Vatten mineralvatten,0.0,g
1951,Vatten mineralvatten,Arakidinsyra C20:0,Vatten mineralvatten,0.0,g
1951,Vatten mineralvatten,Linolensyra C18:3,Vatten mineralvatten,0.0,g
1951,Vatten mineralvatten,Linolsyra C18:2,Vatten mineralvatten,0.0,g
1951,Vatten mineralvatten,Oljesyra C18:1,Vatten mineralvatten,0.0,g
1951,Vatten mineralvatten,Stearinsyra C18:0,Vatten mineralvatten,0.0,g
1951,Vatten mineralvatten,Palmitoljesyra C16:1,Vatten mineralvatten,0.0,g
1951,Vatten mineralvatten,Palmitinsyra C16:0,Vatten mineralvatten,0.0,g
1951,Vatten mineralvatten,Myristinsyra C14:0,Vatten mineralvatten,0.0,g
1951,Vatten mineralvatten,Laurinsyra C12:0,Vatten mineralvatten,0.0,g
1951,Vatten mineralvatten,Betakaroten/β-Karoten,Vatten mineralvatten,0.0,µg
1951,Vatten mineralvatten,Avfall (skal etc.),Vatten mineralvatten,0.0,%
1951,Vatten mineralvatten,Aska,Vatten mineralvatten,0.1,g
1951,Vatten mineralvatten,Alkohol,Vatten mineralvatten,0.0,g
1953,Vatten kranvatten,"Zink, Zn",Vatten mineralvatten,0.0,mg
1953,Vatten kranvatten,Vitamin E,Vatten mineralvatten,0.0,mg
1953,Vatten kranvatten,Vitamin D inkl 25-OH-D3,Vatten mineralvatten,0.0,µg
1953,Vatten kranvatten,Vitamin D,Vatten mineralvatten,0.0,µg
1953,Vatten kranvatten,Vitamin C,Vatten mineralvatten,0.0,mg
1953,Vatten kranvatten,Vitamin B6,Vatten mineralvatten,0.0,mg
1953,Vatten kranvatten,Vitamin B12,Vatten mineralvatten,0.0,µg
1953,Vatten kranvatten,Vitamin A,Vatten mineralvatten,0.0,RE/µg
1953,Vatten kranvatten,Vatten,Vatten mineralvatten,100.0,g
1953,Vatten kranvatten,Tiamin,Vatten mineralvatten,0.0,mg
1953,Vatten kranvatten,Tillsatt socker,Vatten mineralvatten,0.0,g
1953,Vatten kranvatten,Fritt socker,Vatten mineralvatten,0.0,g
1953,Vatten kranvatten,"Selen, Se",Vatten mineralvatten,0.0,µg
1953,Vatten kranvatten,Sackaros,Vatten mineralvatten,0.0,g
1953,Vatten kranvatten,Riboflavin,Vatten mineralvatten,0.0,mg
1953,Vatten kranvatten,Retinol,Vatten mineralvatten,0.0,µg
1953,Vatten kranvatten,Protein,Vatten mineralvatten,0.0,g
1953,Vatten kranvatten,Summa fleromättade fettsyror,Vatten mineralvatten,0.0,g
1953,Vatten kranvatten,"Fosfor, P",Vatten mineralvatten,0.0,mg
1953,Vatten kranvatten,Niacinekvivalenter,Vatten mineralvatten,0.0,NE/mg
1953,Vatten kranvatten,Niacin,Vatten mineralvatten,0.0,mg
1953,Vatten kranvatten,"Salt, NaCl",Vatten mineralvatten,0.0,g
1953,Vatten kranvatten,"Natrium, Na",Vatten mineralvatten,2.0,mg
1953,Vatten kranvatten,Monosackarider,Vatten mineralvatten,0.0,g
1953,Vatten kranvatten,"Sockerarter, totalt",Vatten mineralvatten,0.0,g
1953,Vatten kranvatten,Summa enkelomättade fettsyror,Vatten mineralvatten,0.0,g
1953,Vatten kranvatten,"Magnesium, Mg",Vatten mineralvatten,0.0,mg
1953,Vatten kranvatten,Summa mättade fettsyror,Vatten mineralvatten,0.0,g
1953,Vatten kranvatten,"Kolhydrater, tillgängliga",Vatten mineralvatten,0.0,g
1953,Vatten kranvatten,Kolesterol,Vatten mineralvatten,0.0,mg
1953,Vatten kranvatten,"Kalium, K",Vatten mineralvatten,0.0,mg
1953,Vatten kranvatten,"Jod, I",Vatten mineralvatten,1.2,µg
1953,Vatten kranvatten,Fullkorn totalt,Vatten mineralvatten,0.0,g
1953,Vatten kranvatten,"Folat, totalt",Vatten mineralvatten,0.0,µg
1953,Vatten kranvatten,Fibrer,Vatten mineralvatten,0.0,g
1953,Vatten kranvatten,"Fett, totalt",Vatten mineralvatten,0.0,g
1953,Vatten kranvatten,"Järn, Fe",Vatten mineralvatten,0.0,mg
1953,Vatten kranvatten,Energi (kJ),Vatten mineralvatten,0.0,kJ
1953,Vatten kranvatten,Energi (kcal),Vatten mineralvatten,0.0,kcal
1953,Vatten kranvatten,Disackarider,Vatten mineralvatten,0.0,g
1953,Vatten kranvatten,"Kalcium, Ca",Vatten mineralvatten,3.0,mg
1953,Vatten kranvatten,Fettsyra 4:0-10:0,Vatten mineralvatten,0.0,g
1953,Vatten kranvatten,DHA (C22:6),Vatten mineralvatten,0.0,g
1953,Vatten kranvatten,DPA (C22:5),Vatten mineralvatten,0.0,g
1953,Vatten kranvatten,EPA (C20:5),Vatten mineralvatten,0.0,g
1953,Vatten kranvatten,Arakidonsyra C20:4,Vatten mineralvatten,0.0,g
1953,Vatten kranvatten,Arakidinsyra C20:0,Vatten mineralvatten,0.0,g
1953,Vatten kranvatten,Linolensyra C18:3,Vatten mineralvatten,0.0,g
1953,Vatten kranvatten,Linolsyra C18:2,Vatten mineralvatten,0.0,g
1953,Vatten kranvatten,Oljesyra C18:1,Vatten mineralvatten,0.0,g
1953,Vatten kranvatten,Stearinsyra C18:0,Vatten mineralvatten,0.0,g
1953,Vatten kranvatten,Palmitoljesyra C16:1,Vatten mineralvatten,0.0,g
1953,Vatten kranvatten,Palmitinsyra C16:0,Vatten mineralvatten,0.0,g
1953,Vatten kranvatten,Myristinsyra C14:0,Vatten mineralvatten,0.0,g
1953,Vatten kranvatten,Laurinsyra C12:0,Vatten mineralvatten,0.0,g
1953,Vatten kranvatten,Betakaroten/β-Karoten,Vatten mineralvatten,0.0,µg
1953,Vatten kranvatten,Avfall (skal etc.),Vatten mineralvatten,0.0,%
1953,Vatten kranvatten,Aska,Vatten mineralvatten,0.0,g
1953,Vatten kranvatten,Alkohol,Vatten mineralvatten,0.0,g
1955,Snabbkaffe pulver,"Zink, Zn",Kaffe,0.3,mg
1955,Snabbkaffe pulver,Vitamin E,Kaffe,0.1,mg
1955,Snabbkaffe pulver,Vitamin D inkl 25-OH-D3,Kaffe,0.0,µg
1955,Snabbkaffe pulver,Vitamin D,Kaffe,0.0,µg
1955,Snabbkaffe pulver,Vitamin C,Kaffe,0.0,mg
1955,Snabbkaffe pulver,Vitamin B6,Kaffe,26.0,mg
1955,Snabbkaffe pulver,Vitamin B12,Kaffe,0.0,µg
1955,Snabbkaffe pulver,Vitamin A,Kaffe,0.0,RE/µg
1955,Snabbkaffe pulver,Vatten,Kaffe,3.2,g
1955,Snabbkaffe pulver,Tiamin,Kaffe,0.0,mg
1955,Snabbkaffe pulver,Tillsatt socker,Kaffe,0.0,g
1955,Snabbkaffe pulver,Fritt socker,Kaffe,0.0,g
1955,Snabbkaffe pulver,"Selen, Se",Kaffe,0.0,µg
1955,Snabbkaffe pulver,Sackaros,Kaffe,0.0,g
1955,Snabbkaffe pulver,Riboflavin,Kaffe,0.08,mg
1955,Snabbkaffe pulver,Retinol,Kaffe,0.0,µg
1955,Snabbkaffe pulver,Protein,Kaffe,22.5,g
1955,Snabbkaffe pulver,Summa fleromättade fettsyror,Kaffe,0.4,g
1955,Snabbkaffe pulver,"Fosfor, P",Kaffe,340.0,mg
1955,Snabbkaffe pulver,Niacinekvivalenter,Kaffe,47.8,NE/mg
1955,Snabbkaffe pulver,Niacin,Kaffe,44.0,mg
1955,Snabbkaffe pulver,"Salt, NaCl",Kaffe,0.1,g
1955,Snabbkaffe pulver,"Natrium, Na",Kaffe,40.0,mg
1955,Snabbkaffe pulver,Monosackarider,Kaffe,0.0,g
1955,Snabbkaffe pulver,"Sockerarter, totalt",Kaffe,0.0,g
1955,Snabbkaffe pulver,Summa enkelomättade fettsyror,Kaffe,0.1,g
1955,Snabbkaffe pulver,"Magnesium, Mg",Kaffe,400.0,mg
1955,Snabbkaffe pulver,Summa mättade fettsyror,Kaffe,0.4,g
1955,Snabbkaffe pulver,"Kolhydrater, tillgängliga",Kaffe,38.6,g
1955,Snabbkaffe pulver,Kolesterol,Kaffe,0.0,mg
1955,Snabbkaffe pulver,"Kalium, K",Kaffe,3500.0,mg
1955,Snabbkaffe pulver,"Jod, I",Kaffe,3.7,µg
1955,Snabbkaffe pulver,Fullkorn totalt,Kaffe,0.0,g
1955,Snabbkaffe pulver,"Folat, totalt",Kaffe,0.0,µg
1955,Snabbkaffe pulver,Fibrer,Kaffe,25.5,g
1955,Snabbkaffe pulver,"Fett, totalt",Kaffe,0.9,g
1955,Snabbkaffe pulver,"Järn, Fe",Kaffe,3.5,mg
1955,Snabbkaffe pulver,Energi (kJ),Kaffe,1276.0,kJ
1955,Snabbkaffe pulver,Energi (kcal),Kaffe,305.0,kcal
1955,Snabbkaffe pulver,Disackarider,Kaffe,0.0,g
1955,Snabbkaffe pulver,"Kalcium, Ca",Kaffe,140.0,mg
1955,Snabbkaffe pulver,Fettsyra 4:0-10:0,Kaffe,0.0,g
1955,Snabbkaffe pulver,DHA (C22:6),Kaffe,0.0,g
1955,Snabbkaffe pulver,DPA (C22:5),Kaffe,0.0,g
1955,Snabbkaffe pulver,EPA (C20:5),Kaffe,0.0,g
1955,Snabbkaffe pulver,Arakidonsyra C20:4,Kaffe,0.0,g
1955,Snabbkaffe pulver,Arakidinsyra C20:0,Kaffe,0.0,g
1955,Snabbkaffe pulver,Linolensyra C18:3,Kaffe,0.0,g
1955,Snabbkaffe pulver,Linolsyra C18:2,Kaffe,0.4,g
1955,Snabbkaffe pulver,Oljesyra C18:1,Kaffe,0.1,g
1955,Snabbkaffe pulver,Stearinsyra C18:0,Kaffe,0.1,g
1955,Snabbkaffe pulver,Palmitoljesyra C16:1,Kaffe,0.0,g
1955,Snabbkaffe pulver,Palmitinsyra C16:0,Kaffe,0.3,g
1955,Snabbkaffe pulver,Myristinsyra C14:0,Kaffe,0.0,g
1955,Snabbkaffe pulver,Laurinsyra C12:0,Kaffe,0.0,g
1955,Snabbkaffe pulver,Betakaroten/β-Karoten,Kaffe,0.0,µg
1955,Snabbkaffe pulver,Avfall (skal etc.),Kaffe,0.0,%
1955,Snabbkaffe pulver,Aska,Kaffe,9.3,g
1955,Snabbkaffe pulver,Alkohol,Kaffe,0.0,g
1956,Snabbkaffe drickf.,"Zink, Zn",Kaffe,0.0,mg
1956,Snabbkaffe drickf.,Vitamin E,Kaffe,0.0,mg
1956,Snabbkaffe drickf.,Vitamin D inkl 25-OH-D3,Kaffe,0.0,µg
1956,Snabbkaffe drickf.,Vitamin D,Kaffe,0.0,µg
1956,Snabbkaffe drickf.,Vitamin C,Kaffe,0.0,mg
1956,Snabbkaffe drickf.,Vitamin B6,Kaffe,0.0,mg
1956,Snabbkaffe drickf.,Vitamin B12,Kaffe,0.0,µg
1956,Snabbkaffe drickf.,Vitamin A,Kaffe,0.0,RE/µg
1956,Snabbkaffe drickf.,Vatten,Kaffe,99.4,g
1956,Snabbkaffe drickf.,Tiamin,Kaffe,0.0,mg
1956,Snabbkaffe drickf.,Tillsatt socker,Kaffe,0.0,g
1956,Snabbkaffe drickf.,Fritt socker,Kaffe,0.0,g
1956,Snabbkaffe drickf.,"Selen, Se",Kaffe,0.0,µg
1956,Snabbkaffe drickf.,Sackaros,Kaffe,0.0,g
1956,Snabbkaffe drickf.,Riboflavin,Kaffe,0.0,mg
1956,Snabbkaffe drickf.,Retinol,Kaffe,0.0,µg
1956,Snabbkaffe drickf.,Protein,Kaffe,0.1,g
1956,Snabbkaffe drickf.,Summa fleromättade fettsyror,Kaffe,0.0,g
1956,Snabbkaffe drickf.,"Fosfor, P",Kaffe,3.0,mg
1956,Snabbkaffe drickf.,Niacinekvivalenter,Kaffe,0.3,NE/mg
1956,Snabbkaffe drickf.,Niacin,Kaffe,0.28,mg
1956,Snabbkaffe drickf.,"Salt, NaCl",Kaffe,0.0,g
1956,Snabbkaffe drickf.,"Natrium, Na",Kaffe,3.0,mg
1956,Snabbkaffe drickf.,Monosackarider,Kaffe,0.0,g
1956,Snabbkaffe drickf.,"Sockerarter, totalt",Kaffe,0.0,g
1956,Snabbkaffe drickf.,Summa enkelomättade fettsyror,Kaffe,0.0,g
1956,Snabbkaffe drickf.,"Magnesium, Mg",Kaffe,4.0,mg
1956,Snabbkaffe drickf.,Summa mättade fettsyror,Kaffe,0.0,g
1956,Snabbkaffe drickf.,"Kolhydrater, tillgängliga",Kaffe,0.4,g
1956,Snabbkaffe drickf.,Kolesterol,Kaffe,0.0,mg
1956,Snabbkaffe drickf.,"Kalium, K",Kaffe,36.0,mg
1956,Snabbkaffe drickf.,"Jod, I",Kaffe,0.0,µg
1956,Snabbkaffe drickf.,Fullkorn totalt,Kaffe,0.0,g
1956,Snabbkaffe drickf.,"Folat, totalt",Kaffe,0.0,µg
1956,Snabbkaffe drickf.,Fibrer,Kaffe,0.0,g
1956,Snabbkaffe drickf.,"Fett, totalt",Kaffe,0.0,g
1956,Snabbkaffe drickf.,"Järn, Fe",Kaffe,0.0,mg
1956,Snabbkaffe drickf.,Energi (kJ),Kaffe,8.0,kJ
1956,Snabbkaffe drickf.,Energi (kcal),Kaffe,2.0,kcal
1956,Snabbkaffe drickf.,Disackarider,Kaffe,0.0,g
1956,Snabbkaffe drickf.,"Kalcium, Ca",Kaffe,3.0,mg
1956,Snabbkaffe drickf.,Fettsyra 4:0-10:0,Kaffe,0.0,g
1956,Snabbkaffe drickf.,DHA (C22:6),Kaffe,0.0,g
1956,Snabbkaffe drickf.,DPA (C22:5),Kaffe,0.0,g
1956,Snabbkaffe drickf.,EPA (C20:5),Kaffe,0.0,g
1956,Snabbkaffe drickf.,Arakidonsyra C20:4,Kaffe,0.0,g
1956,Snabbkaffe drickf.,Arakidinsyra C20:0,Kaffe,0.0,g
1956,Snabbkaffe drickf.,Linolensyra C18:3,Kaffe,0.0,g
1956,Snabbkaffe drickf.,Linolsyra C18:2,Kaffe,0.0,g
1956,Snabbkaffe drickf.,Oljesyra C18:1,Kaffe,0.0,g
1956,Snabbkaffe drickf.,Stearinsyra C18:0,Kaffe,0.0,g
1956,Snabbkaffe drickf.,Palmitoljesyra C16:1,Kaffe,0.0,g
1956,Snabbkaffe drickf.,Palmitinsyra C16:0,Kaffe,0.0,g
1956,Snabbkaffe drickf.,Myristinsyra C14:0,Kaffe,0.0,g
1956,Snabbkaffe drickf.,Laurinsyra C12:0,Kaffe,0.0,g
1956,Snabbkaffe drickf.,Betakaroten/β-Karoten,Kaffe,0.0,µg
1956,Snabbkaffe drickf.,Avfall (skal etc.),Kaffe,0.0,%
1956,Snabbkaffe drickf.,Aska,Kaffe,0.1,g
1956,Snabbkaffe drickf.,Alkohol,Kaffe,0.0,g
1957,Kaffe bryggt,"Zink, Zn",Kaffe,0.0,mg
1957,Kaffe bryggt,Vitamin E,Kaffe,0.0,mg
1957,Kaffe bryggt,Vitamin D inkl 25-OH-D3,Kaffe,0.0,µg
1957,Kaffe bryggt,Vitamin D,Kaffe,0.0,µg
1957,Kaffe bryggt,Vitamin C,Kaffe,0.0,mg
1957,Kaffe bryggt,Vitamin B6,Kaffe,0.0,mg
1957,Kaffe bryggt,Vitamin B12,Kaffe,0.0,µg
1957,Kaffe bryggt,Vitamin A,Kaffe,0.0,RE/µg
1957,Kaffe bryggt,Vatten,Kaffe,99.4,g
1957,Kaffe bryggt,Tiamin,Kaffe,0.0,mg
1957,Kaffe bryggt,Tillsatt socker,Kaffe,0.0,g
1957,Kaffe bryggt,Fritt socker,Kaffe,0.0,g
1957,Kaffe bryggt,"Selen, Se",Kaffe,0.0,µg
1957,Kaffe bryggt,Sackaros,Kaffe,0.0,g
1957,Kaffe bryggt,Riboflavin,Kaffe,0.0,mg
1957,Kaffe bryggt,Retinol,Kaffe,0.0,µg
1957,Kaffe bryggt,Protein,Kaffe,0.0,g
1957,Kaffe bryggt,Summa fleromättade fettsyror,Kaffe,0.0,g
1957,Kaffe bryggt,"Fosfor, P",Kaffe,6.0,mg
1957,Kaffe bryggt,Niacinekvivalenter,Kaffe,0.6,NE/mg
1957,Kaffe bryggt,Niacin,Kaffe,0.64,mg
1957,Kaffe bryggt,"Salt, NaCl",Kaffe,0.0,g
1957,Kaffe bryggt,"Natrium, Na",Kaffe,4.0,mg
1957,Kaffe bryggt,Monosackarider,Kaffe,0.0,g
1957,Kaffe bryggt,"Sockerarter, totalt",Kaffe,0.0,g
1957,Kaffe bryggt,Summa enkelomättade fettsyror,Kaffe,0.0,g
1957,Kaffe bryggt,"Magnesium, Mg",Kaffe,8.0,mg
1957,Kaffe bryggt,Summa mättade fettsyror,Kaffe,0.0,g
1957,Kaffe bryggt,"Kolhydrater, tillgängliga",Kaffe,0.5,g
1957,Kaffe bryggt,Kolesterol,Kaffe,0.0,mg
1957,Kaffe bryggt,"Kalium, K",Kaffe,102.0,mg
1957,Kaffe bryggt,"Jod, I",Kaffe,3.0,µg
1957,Kaffe bryggt,Fullkorn totalt,Kaffe,0.0,g
1957,Kaffe bryggt,"Folat, totalt",Kaffe,0.1,µg
1957,Kaffe bryggt,Fibrer,Kaffe,0.0,g
1957,Kaffe bryggt,"Fett, totalt",Kaffe,0.0,g
1957,Kaffe bryggt,"Järn, Fe",Kaffe,0.0,mg
1957,Kaffe bryggt,Energi (kJ),Kaffe,8.0,kJ
1957,Kaffe bryggt,Energi (kcal),Kaffe,2.0,kcal
1957,Kaffe bryggt,Disackarider,Kaffe,0.0,g
1957,Kaffe bryggt,"Kalcium, Ca",Kaffe,3.0,mg
1957,Kaffe bryggt,Fettsyra 4:0-10:0,Kaffe,0.0,g
1957,Kaffe bryggt,DHA (C22:6),Kaffe,0.0,g
1957,Kaffe bryggt,DPA (C22:5),Kaffe,0.0,g
1957,Kaffe bryggt,EPA (C20:5),Kaffe,0.0,g
1957,Kaffe bryggt,Arakidonsyra C20:4,Kaffe,0.0,g
1957,Kaffe bryggt,Arakidinsyra C20:0,Kaffe,0.0,g
1957,Kaffe bryggt,Linolensyra C18:3,Kaffe,0.0,g
1957,Kaffe bryggt,Linolsyra C18:2,Kaffe,0.0,g
1957,Kaffe bryggt,Oljesyra C18:1,Kaffe,0.0,g
1957,Kaffe bryggt,Stearinsyra C18:0,Kaffe,0.0,g
1957,Kaffe bryggt,Palmitoljesyra C16:1,Kaffe,0.0,g
1957,Kaffe bryggt,Palmitinsyra C16:0,Kaffe,0.0,g
1957,Kaffe bryggt,Myristinsyra C14:0,Kaffe,0.0,g
1957,Kaffe bryggt,Laurinsyra C12:0,Kaffe,0.0,g
1957,Kaffe bryggt,Betakaroten/β-Karoten,Kaffe,0.0,µg
1957,Kaffe bryggt,Avfall (skal etc.),Kaffe,0.0,%
1957,Kaffe bryggt,Aska,Kaffe,0.1,g
1957,Kaffe bryggt,Alkohol,Kaffe,0.0,g
1958,Kaffe espresso bryggt drickf.,"Zink, Zn",Kaffe,0.0,mg
1958,Kaffe espresso bryggt drickf.,Vitamin E,Kaffe,0.0,mg
1958,Kaffe espresso bryggt drickf.,Vitamin D inkl 25-OH-D3,Kaffe,0.0,µg
1958,Kaffe espresso bryggt drickf.,Vitamin D,Kaffe,0.0,µg
1958,Kaffe espresso bryggt drickf.,Vitamin C,Kaffe,0.2,mg
1958,Kaffe espresso bryggt drickf.,Vitamin B6,Kaffe,0.0,mg
1958,Kaffe espresso bryggt drickf.,Vitamin B12,Kaffe,0.0,µg
1958,Kaffe espresso bryggt drickf.,Vitamin A,Kaffe,0.0,RE/µg
1958,Kaffe espresso bryggt drickf.,Vatten,Kaffe,97.8,g
1958,Kaffe espresso bryggt drickf.,Tiamin,Kaffe,0.0,mg
1958,Kaffe espresso bryggt drickf.,Tillsatt socker,Kaffe,0.0,g
1958,Kaffe espresso bryggt drickf.,Fritt socker,Kaffe,0.0,g
1958,Kaffe espresso bryggt drickf.,"Selen, Se",Kaffe,0.0,µg
1958,Kaffe espresso bryggt drickf.,Sackaros,Kaffe,0.0,g
1958,Kaffe espresso bryggt drickf.,Riboflavin,Kaffe,0.18,mg
1958,Kaffe espresso bryggt drickf.,Retinol,Kaffe,0.0,µg
1958,Kaffe espresso bryggt drickf.,Protein,Kaffe,0.1,g
1958,Kaffe espresso bryggt drickf.,Summa fleromättade fettsyror,Kaffe,0.1,g
1958,Kaffe espresso bryggt drickf.,"Fosfor, P",Kaffe,7.0,mg
1958,Kaffe espresso bryggt drickf.,Niacinekvivalenter,Kaffe,5.23,NE/mg
1958,Kaffe espresso bryggt drickf.,Niacin,Kaffe,5.21,mg
1958,Kaffe espresso bryggt drickf.,"Salt, NaCl",Kaffe,0.0,g
1958,Kaffe espresso bryggt drickf.,"Natrium, Na",Kaffe,14.0,mg
1958,Kaffe espresso bryggt drickf.,Monosackarider,Kaffe,0.0,g
1958,Kaffe espresso bryggt drickf.,"Sockerarter, totalt",Kaffe,0.0,g
1958,Kaffe espresso bryggt drickf.,Summa enkelomättade fettsyror,Kaffe,0.0,g
1958,Kaffe espresso bryggt drickf.,"Magnesium, Mg",Kaffe,80.0,mg
1958,Kaffe espresso bryggt drickf.,Summa mättade fettsyror,Kaffe,0.1,g
1958,Kaffe espresso bryggt drickf.,"Kolhydrater, tillgängliga",Kaffe,1.7,g
1958,Kaffe espresso bryggt drickf.,Kolesterol,Kaffe,0.0,mg
1958,Kaffe espresso bryggt drickf.,"Kalium, K",Kaffe,115.0,mg
1958,Kaffe espresso bryggt drickf.,"Jod, I",Kaffe,3.0,µg
1958,Kaffe espresso bryggt drickf.,Fullkorn totalt,Kaffe,0.0,g
1958,Kaffe espresso bryggt drickf.,"Folat, totalt",Kaffe,1.0,µg
1958,Kaffe espresso bryggt drickf.,Fibrer,Kaffe,0.0,g
1958,Kaffe espresso bryggt drickf.,"Fett, totalt",Kaffe,0.2,g
1958,Kaffe espresso bryggt drickf.,"Järn, Fe",Kaffe,0.1,mg
1958,Kaffe espresso bryggt drickf.,Energi (kJ),Kaffe,37.0,kJ
1958,Kaffe espresso bryggt drickf.,Energi (kcal),Kaffe,9.0,kcal
1958,Kaffe espresso bryggt drickf.,Disackarider,Kaffe,0.0,g
1958,Kaffe espresso bryggt drickf.,"Kalcium, Ca",Kaffe,2.0,mg
1958,Kaffe espresso bryggt drickf.,Fettsyra 4:0-10:0,Kaffe,0.0,g
1958,Kaffe espresso bryggt drickf.,DHA (C22:6),Kaffe,0.0,g
1958,Kaffe espresso bryggt drickf.,DPA (C22:5),Kaffe,0.0,g
1958,Kaffe espresso bryggt drickf.,EPA (C20:5),Kaffe,0.0,g
1958,Kaffe espresso bryggt drickf.,Arakidonsyra C20:4,Kaffe,0.0,g
1958,Kaffe espresso bryggt drickf.,Arakidinsyra C20:0,Kaffe,0.0,g
1958,Kaffe espresso bryggt drickf.,Linolensyra C18:3,Kaffe,0.0,g
1958,Kaffe espresso bryggt drickf.,Linolsyra C18:2,Kaffe,0.1,g
1958,Kaffe espresso bryggt drickf.,Oljesyra C18:1,Kaffe,0.0,g
1958,Kaffe espresso bryggt drickf.,Stearinsyra C18:0,Kaffe,0.0,g
1958,Kaffe espresso bryggt drickf.,Palmitoljesyra C16:1,Kaffe,0.0,g
1958,Kaffe espresso bryggt drickf.,Palmitinsyra C16:0,Kaffe,0.0,g
1958,Kaffe espresso bryggt drickf.,Myristinsyra C14:0,Kaffe,0.0,g
1958,Kaffe espresso bryggt drickf.,Laurinsyra C12:0,Kaffe,0.0,g
1958,Kaffe espresso bryggt drickf.,Betakaroten/β-Karoten,Kaffe,0.0,µg
1958,Kaffe espresso bryggt drickf.,Avfall (skal etc.),Kaffe,0.0,%
1958,Kaffe espresso bryggt drickf.,Aska,Kaffe,0.2,g
1958,Kaffe espresso bryggt drickf.,Alkohol,Kaffe,0.0,g
1959,Snabbkaffe koffeinfritt drickf.,"Zink, Zn",Kaffe,0.0,mg
1959,Snabbkaffe koffeinfritt drickf.,Vitamin E,Kaffe,0.0,mg
1959,Snabbkaffe koffeinfritt drickf.,Vitamin D inkl 25-OH-D3,Kaffe,0.0,µg
1959,Snabbkaffe koffeinfritt drickf.,Vitamin D,Kaffe,0.0,µg
1959,Snabbkaffe koffeinfritt drickf.,Vitamin C,Kaffe,0.0,mg
1959,Snabbkaffe koffeinfritt drickf.,Vitamin B6,Kaffe,0.0,mg
1959,Snabbkaffe koffeinfritt drickf.,Vitamin B12,Kaffe,0.0,µg
1959,Snabbkaffe koffeinfritt drickf.,Vitamin A,Kaffe,0.0,RE/µg
1959,Snabbkaffe koffeinfritt drickf.,Vatten,Kaffe,99.4,g
1959,Snabbkaffe koffeinfritt drickf.,Tiamin,Kaffe,0.0,mg
1959,Snabbkaffe koffeinfritt drickf.,Tillsatt socker,Kaffe,0.0,g
1959,Snabbkaffe koffeinfritt drickf.,Fritt socker,Kaffe,0.0,g
1959,Snabbkaffe koffeinfritt drickf.,"Selen, Se",Kaffe,0.0,µg
1959,Snabbkaffe koffeinfritt drickf.,Sackaros,Kaffe,0.0,g
1959,Snabbkaffe koffeinfritt drickf.,Riboflavin,Kaffe,0.0,mg
1959,Snabbkaffe koffeinfritt drickf.,Retinol,Kaffe,0.0,µg
1959,Snabbkaffe koffeinfritt drickf.,Protein,Kaffe,0.2,g
1959,Snabbkaffe koffeinfritt drickf.,Summa fleromättade fettsyror,Kaffe,0.0,g
1959,Snabbkaffe koffeinfritt drickf.,"Fosfor, P",Kaffe,0.0,mg
1959,Snabbkaffe koffeinfritt drickf.,Niacinekvivalenter,Kaffe,0.03,NE/mg
1959,Snabbkaffe koffeinfritt drickf.,Niacin,Kaffe,0.0,mg
1959,Snabbkaffe koffeinfritt drickf.,"Salt, NaCl",Kaffe,0.0,g
1959,Snabbkaffe koffeinfritt drickf.,"Natrium, Na",Kaffe,0.0,mg
1959,Snabbkaffe koffeinfritt drickf.,Monosackarider,Kaffe,0.0,g
1959,Snabbkaffe koffeinfritt drickf.,"Sockerarter, totalt",Kaffe,0.0,g
1959,Snabbkaffe koffeinfritt drickf.,Summa enkelomättade fettsyror,Kaffe,0.0,g
1959,Snabbkaffe koffeinfritt drickf.,"Magnesium, Mg",Kaffe,0.0,mg
1959,Snabbkaffe koffeinfritt drickf.,Summa mättade fettsyror,Kaffe,0.0,g
1959,Snabbkaffe koffeinfritt drickf.,"Kolhydrater, tillgängliga",Kaffe,0.3,g
1959,Snabbkaffe koffeinfritt drickf.,Kolesterol,Kaffe,0.0,mg
1959,Snabbkaffe koffeinfritt drickf.,"Kalium, K",Kaffe,0.0,mg
1959,Snabbkaffe koffeinfritt drickf.,"Jod, I",Kaffe,3.0,µg
1959,Snabbkaffe koffeinfritt drickf.,Fullkorn totalt,Kaffe,0.0,g
1959,Snabbkaffe koffeinfritt drickf.,"Folat, totalt",Kaffe,0.0,µg
1959,Snabbkaffe koffeinfritt drickf.,Fibrer,Kaffe,0.0,g
1959,Snabbkaffe koffeinfritt drickf.,"Fett, totalt",Kaffe,0.0,g
1959,Snabbkaffe koffeinfritt drickf.,"Järn, Fe",Kaffe,0.0,mg
1959,Snabbkaffe koffeinfritt drickf.,Energi (kJ),Kaffe,8.0,kJ
1959,Snabbkaffe koffeinfritt drickf.,Energi (kcal),Kaffe,2.0,kcal
1959,Snabbkaffe koffeinfritt drickf.,Disackarider,Kaffe,0.0,g
1959,Snabbkaffe koffeinfritt drickf.,"Kalcium, Ca",Kaffe,0.0,mg
1959,Snabbkaffe koffeinfritt drickf.,Fettsyra 4:0-10:0,Kaffe,0.0,g
1959,Snabbkaffe koffeinfritt drickf.,DHA (C22:6),Kaffe,0.0,g
1959,Snabbkaffe koffeinfritt drickf.,DPA (C22:5),Kaffe,0.0,g
1959,Snabbkaffe koffeinfritt drickf.,EPA (C20:5),Kaffe,0.0,g
1959,Snabbkaffe koffeinfritt drickf.,Arakidonsyra C20:4,Kaffe,0.0,g
1959,Snabbkaffe koffeinfritt drickf.,Arakidinsyra C20:0,Kaffe,0.0,g
1959,Snabbkaffe koffeinfritt drickf.,Linolensyra C18:3,Kaffe,0.0,g
1959,Snabbkaffe koffeinfritt drickf.,Linolsyra C18:2,Kaffe,0.0,g
1959,Snabbkaffe koffeinfritt drickf.,Oljesyra C18:1,Kaffe,0.0,g
1959,Snabbkaffe koffeinfritt drickf.,Stearinsyra C18:0,Kaffe,0.0,g
1959,Snabbkaffe koffeinfritt drickf.,Palmitoljesyra C16:1,Kaffe,0.0,g
1959,Snabbkaffe koffeinfritt drickf.,Palmitinsyra C16:0,Kaffe,0.0,g
1959,Snabbkaffe koffeinfritt drickf.,Myristinsyra C14:0,Kaffe,0.0,g
1959,Snabbkaffe koffeinfritt drickf.,Laurinsyra C12:0,Kaffe,0.0,g
1959,Snabbkaffe koffeinfritt drickf.,Betakaroten/β-Karoten,Kaffe,0.0,µg
1959,Snabbkaffe koffeinfritt drickf.,Avfall (skal etc.),Kaffe,0.0,%
1959,Snabbkaffe koffeinfritt drickf.,Aska,Kaffe,0.1,g
1959,Snabbkaffe koffeinfritt drickf.,Alkohol,Kaffe,0.0,g
1960,Tepulver,"Zink, Zn",Te,3.2,mg
1960,Tepulver,Vitamin E,Te,0.0,mg
1960,Tepulver,Vitamin D inkl 25-OH-D3,Te,0.0,µg
1960,Tepulver,Vitamin D,Te,0.0,µg
1960,Tepulver,Vitamin C,Te,0.0,mg
1960,Tepulver,Vitamin B6,Te,0.73,mg
1960,Tepulver,Vitamin B12,Te,0.0,µg
1960,Tepulver,Vitamin A,Te,0.0,RE/µg
1960,Tepulver,Vatten,Te,5.3,g
1960,Tepulver,Tiamin,Te,0.05,mg
1960,Tepulver,Tillsatt socker,Te,0.0,g
1960,Tepulver,Fritt socker,Te,0.0,g
1960,Tepulver,"Selen, Se",Te,0.0,µg
1960,Tepulver,Sackaros,Te,0.0,g
1960,Tepulver,Riboflavin,Te,0.69,mg
1960,Tepulver,Retinol,Te,0.0,µg
1960,Tepulver,Protein,Te,11.7,g
1960,Tepulver,Summa fleromättade fettsyror,Te,0.1,g
1960,Tepulver,"Fosfor, P",Te,442.0,mg
1960,Tepulver,Niacinekvivalenter,Te,14.55,NE/mg
1960,Tepulver,Niacin,Te,12.6,mg
1960,Tepulver,"Salt, NaCl",Te,0.3,g
1960,Tepulver,"Natrium, Na",Te,130.0,mg
1960,Tepulver,Monosackarider,Te,0.0,g
1960,Tepulver,"Sockerarter, totalt",Te,0.0,g
1960,Tepulver,Summa enkelomättade fettsyror,Te,0.0,g
1960,Tepulver,"Magnesium, Mg",Te,363.0,mg
1960,Tepulver,Summa mättade fettsyror,Te,0.0,g
1960,Tepulver,"Kolhydrater, tillgängliga",Te,61.8,g
1960,Tepulver,Kolesterol,Te,0.0,mg
1960,Tepulver,"Kalium, K",Te,6596.0,mg
1960,Tepulver,Fullkorn totalt,Te,0.0,g
1960,Tepulver,"Folat, totalt",Te,10.3,µg
1960,Tepulver,Fibrer,Te,3.7,g
1960,Tepulver,"Fett, totalt",Te,0.4,g
1960,Tepulver,"Järn, Fe",Te,4.0,mg
1960,Tepulver,Energi (kJ),Te,1294.0,kJ
1960,Tepulver,Energi (kcal),Te,309.0,kcal
1960,Tepulver,Disackarider,Te,0.0,g
1960,Tepulver,"Kalcium, Ca",Te,55.0,mg
1960,Tepulver,Fettsyra 4:0-10:0,Te,0.0,g
1960,Tepulver,DHA (C22:6),Te,0.0,g
1960,Tepulver,DPA (C22:5),Te,0.0,g
1960,Tepulver,EPA (C20:5),Te,0.0,g
1960,Tepulver,Arakidonsyra C20:4,Te,0.0,g
1960,Tepulver,Arakidinsyra C20:0,Te,0.0,g
1960,Tepulver,Linolensyra C18:3,Te,0.1,g
1960,Tepulver,Linolsyra C18:2,Te,0.0,g
1960,Tepulver,Oljesyra C18:1,Te,0.0,g
1960,Tepulver,Stearinsyra C18:0,Te,0.0,g
1960,Tepulver,Palmitoljesyra C16:1,Te,0.0,g
1960,Tepulver,Palmitinsyra C16:0,Te,0.0,g
1960,Tepulver,Myristinsyra C14:0,Te,0.0,g
1960,Tepulver,Laurinsyra C12:0,Te,0.0,g
1960,Tepulver,Betakaroten/β-Karoten,Te,0.0,µg
1960,Tepulver,Avfall (skal etc.),Te,0.0,%
1960,Tepulver,Aska,Te,17.1,g
1960,Tepulver,Alkohol,Te,0.0,g
1962,Te bryggt,"Zink, Zn",Te,0.0,mg
1962,Te bryggt,Vitamin E,Te,0.0,mg
1962,Te bryggt,Vitamin D inkl 25-OH-D3,Te,0.0,µg
1962,Te bryggt,Vitamin D,Te,0.0,µg
1962,Te bryggt,Vitamin C,Te,0.0,mg
1962,Te bryggt,Vitamin B6,Te,0.0,mg
1962,Te bryggt,Vitamin B12,Te,0.0,µg
1962,Te bryggt,Vitamin A,Te,0.0,RE/µg
1962,Te bryggt,Vatten,Te,99.7,g
1962,Te bryggt,Tiamin,Te,0.0,mg
1962,Te bryggt,Tillsatt socker,Te,0.0,g
1962,Te bryggt,Fritt socker,Te,0.0,g
1962,Te bryggt,"Selen, Se",Te,0.1,µg
1962,Te bryggt,Sackaros,Te,0.0,g
1962,Te bryggt,Riboflavin,Te,0.01,mg
1962,Te bryggt,Retinol,Te,0.0,µg
1962,Te bryggt,Protein,Te,0.0,g
1962,Te bryggt,Summa fleromättade fettsyror,Te,0.0,g
1962,Te bryggt,"Fosfor, P",Te,1.0,mg
1962,Te bryggt,Niacinekvivalenter,Te,0.0,NE/mg
1962,Te bryggt,Niacin,Te,0.0,mg
1962,Te bryggt,"Salt, NaCl",Te,0.0,g
1962,Te bryggt,"Natrium, Na",Te,3.0,mg
1962,Te bryggt,Monosackarider,Te,0.0,g
1962,Te bryggt,"Sockerarter, totalt",Te,0.0,g
1962,Te bryggt,Summa enkelomättade fettsyror,Te,0.0,g
1962,Te bryggt,"Magnesium, Mg",Te,3.0,mg
1962,Te bryggt,Summa mättade fettsyror,Te,0.0,g
1962,Te bryggt,"Kolhydrater, tillgängliga",Te,0.0,g
1962,Te bryggt,Kolesterol,Te,0.0,mg
1962,Te bryggt,"Kalium, K",Te,37.0,mg
1962,Te bryggt,"Jod, I",Te,1.9,µg
1962,Te bryggt,Fullkorn totalt,Te,0.0,g
1962,Te bryggt,"Folat, totalt",Te,5.2,µg
1962,Te bryggt,Fibrer,Te,0.0,g
1962,Te bryggt,"Fett, totalt",Te,0.0,g
1962,Te bryggt,"Järn, Fe",Te,0.0,mg
1962,Te bryggt,Energi (kJ),Te,0.0,kJ
1962,Te bryggt,Energi (kcal),Te,0.0,kcal
1962,Te bryggt,Disackarider,Te,0.0,g
1962,Te bryggt,"Kalcium, Ca",Te,0.0,mg
1962,Te bryggt,Fettsyra 4:0-10:0,Te,0.0,g
1962,Te bryggt,DHA (C22:6),Te,0.0,g
1962,Te bryggt,DPA (C22:5),Te,0.0,g
1962,Te bryggt,EPA (C20:5),Te,0.0,g
1962,Te bryggt,Arakidonsyra C20:4,Te,0.0,g
1962,Te bryggt,Arakidinsyra C20:0,Te,0.0,g
1962,Te bryggt,Linolensyra C18:3,Te,0.0,g
1962,Te bryggt,Linolsyra C18:2,Te,0.0,g
1962,Te bryggt,Oljesyra C18:1,Te,0.0,g
1962,Te bryggt,Stearinsyra C18:0,Te,0.0,g
1962,Te bryggt,Palmitoljesyra C16:1,Te,0.0,g
1962,Te bryggt,Palmitinsyra C16:0,Te,0.0,g
1962,Te bryggt,Myristinsyra C14:0,Te,0.0,g
1962,Te bryggt,Laurinsyra C12:0,Te,0.0,g
1962,Te bryggt,Betakaroten/β-Karoten,Te,0.0,µg
1962,Te bryggt,Avfall (skal etc.),Te,0.0,%
1962,Te bryggt,Aska,Te,0.0,g
1962,Te bryggt,Alkohol,Te,0.0,g
1963,Örtte drickf.,"Zink, Zn",Te,0.0,mg
1963,Örtte drickf.,Vitamin E,Te,0.0,mg
1963,Örtte drickf.,Vitamin D inkl 25-OH-D3,Te,0.0,µg
1963,Örtte drickf.,Vitamin D,Te,0.0,µg
1963,Örtte drickf.,Vitamin C,Te,0.0,mg
1963,Örtte drickf.,Vitamin B6,Te,0.0,mg
1963,Örtte drickf.,Vitamin B12,Te,0.0,µg
1963,Örtte drickf.,Vitamin A,Te,0.0,RE/µg
1963,Örtte drickf.,Vatten,Te,99.7,g
1963,Örtte drickf.,Tiamin,Te,0.01,mg
1963,Örtte drickf.,Tillsatt socker,Te,0.0,g
1963,Örtte drickf.,Fritt socker,Te,0.0,g
1963,Örtte drickf.,"Selen, Se",Te,0.0,µg
1963,Örtte drickf.,Sackaros,Te,0.0,g
1963,Örtte drickf.,Riboflavin,Te,0.0,mg
1963,Örtte drickf.,Retinol,Te,0.0,µg
1963,Örtte drickf.,Protein,Te,0.0,g
1963,Örtte drickf.,Summa fleromättade fettsyror,Te,0.0,g
1963,Örtte drickf.,"Fosfor, P",Te,0.0,mg
1963,Örtte drickf.,Niacinekvivalenter,Te,0.0,NE/mg
1963,Örtte drickf.,Niacin,Te,0.0,mg
1963,Örtte drickf.,"Salt, NaCl",Te,0.0,g
1963,Örtte drickf.,"Natrium, Na",Te,1.0,mg
1963,Örtte drickf.,Monosackarider,Te,0.0,g
1963,Örtte drickf.,"Sockerarter, totalt",Te,0.0,g
1963,Örtte drickf.,Summa enkelomättade fettsyror,Te,0.0,g
1963,Örtte drickf.,"Magnesium, Mg",Te,1.0,mg
1963,Örtte drickf.,Summa mättade fettsyror,Te,0.0,g
1963,Örtte drickf.,"Kolhydrater, tillgängliga",Te,0.3,g
1963,Örtte drickf.,Kolesterol,Te,0.0,mg
1963,Örtte drickf.,"Kalium, K",Te,9.0,mg
1963,Örtte drickf.,"Jod, I",Te,1.9,µg
1963,Örtte drickf.,Fullkorn totalt,Te,0.0,g
1963,Örtte drickf.,"Folat, totalt",Te,0.6,µg
1963,Örtte drickf.,Fibrer,Te,0.0,g
1963,Örtte drickf.,"Fett, totalt",Te,0.0,g
1963,Örtte drickf.,"Järn, Fe",Te,0.0,mg
1963,Örtte drickf.,Energi (kJ),Te,5.0,kJ
1963,Örtte drickf.,Energi (kcal),Te,1.0,kcal
1963,Örtte drickf.,Disackarider,Te,0.0,g
1963,Örtte drickf.,"Kalcium, Ca",Te,2.0,mg
1963,Örtte drickf.,Fettsyra 4:0-10:0,Te,0.0,g
1963,Örtte drickf.,DHA (C22:6),Te,0.0,g
1963,Örtte drickf.,DPA (C22:5),Te,0.0,g
1963,Örtte drickf.,EPA (C20:5),Te,0.0,g
1963,Örtte drickf.,Arakidonsyra C20:4,Te,0.0,g
1963,Örtte drickf.,Arakidinsyra C20:0,Te,0.0,g
1963,Örtte drickf.,Linolensyra C18:3,Te,0.0,g
1963,Örtte drickf.,Linolsyra C18:2,Te,0.0,g
1963,Örtte drickf.,Oljesyra C18:1,Te,0.0,g
1963,Örtte drickf.,Stearinsyra C18:0,Te,0.0,g
1963,Örtte drickf.,Palmitoljesyra C16:1,Te,0.0,g
1963,Örtte drickf.,Palmitinsyra C16:0,Te,0.0,g
1963,Örtte drickf.,Myristinsyra C14:0,Te,0.0,g
1963,Örtte drickf.,Laurinsyra C12:0,Te,0.0,g
1963,Örtte drickf.,Betakaroten/β-Karoten,Te,0.0,µg
1963,Örtte drickf.,Avfall (skal etc.),Te,0.0,%
1963,Örtte drickf.,Aska,Te,0.0,g
1963,Örtte drickf.,Alkohol,Te,0.0,g
1964,Nyponte drickf. m. svarta vinbär,"Zink, Zn",Te,0.0,mg
1964,Nyponte drickf. m. svarta vinbär,Vitamin E,Te,0.0,mg
1964,Nyponte drickf. m. svarta vinbär,Vitamin D inkl 25-OH-D3,Te,0.0,µg
1964,Nyponte drickf. m. svarta vinbär,Vitamin D,Te,0.0,µg
1964,Nyponte drickf. m. svarta vinbär,Vitamin C,Te,0.0,mg
1964,Nyponte drickf. m. svarta vinbär,Vitamin B6,Te,0.0,mg
1964,Nyponte drickf. m. svarta vinbär,Vitamin B12,Te,0.0,µg
1964,Nyponte drickf. m. svarta vinbär,Vitamin A,Te,0.0,RE/µg
1964,Nyponte drickf. m. svarta vinbär,Vatten,Te,99.2,g
1964,Nyponte drickf. m. svarta vinbär,Tiamin,Te,0.0,mg
1964,Nyponte drickf. m. svarta vinbär,Tillsatt socker,Te,0.0,g
1964,Nyponte drickf. m. svarta vinbär,Fritt socker,Te,0.0,g
1964,Nyponte drickf. m. svarta vinbär,"Selen, Se",Te,0.0,µg
1964,Nyponte drickf. m. svarta vinbär,Sackaros,Te,0.0,g
1964,Nyponte drickf. m. svarta vinbär,Riboflavin,Te,0.0,mg
1964,Nyponte drickf. m. svarta vinbär,Retinol,Te,0.0,µg
1964,Nyponte drickf. m. svarta vinbär,Protein,Te,0.0,g
1964,Nyponte drickf. m. svarta vinbär,Summa fleromättade fettsyror,Te,0.0,g
1964,Nyponte drickf. m. svarta vinbär,"Fosfor, P",Te,0.0,mg
1964,Nyponte drickf. m. svarta vinbär,Niacinekvivalenter,Te,0.0,NE/mg
1964,Nyponte drickf. m. svarta vinbär,Niacin,Te,0.0,mg
1964,Nyponte drickf. m. svarta vinbär,"Salt, NaCl",Te,0.0,g
1964,Nyponte drickf. m. svarta vinbär,"Natrium, Na",Te,0.0,mg
1964,Nyponte drickf. m. svarta vinbär,Monosackarider,Te,0.0,g
1964,Nyponte drickf. m. svarta vinbär,"Sockerarter, totalt",Te,0.0,g
1964,Nyponte drickf. m. svarta vinbär,Summa enkelomättade fettsyror,Te,0.0,g
1964,Nyponte drickf. m. svarta vinbär,"Magnesium, Mg",Te,0.0,mg
1964,Nyponte drickf. m. svarta vinbär,Summa mättade fettsyror,Te,0.0,g
1964,Nyponte drickf. m. svarta vinbär,"Kolhydrater, tillgängliga",Te,0.7,g
1964,Nyponte drickf. m. svarta vinbär,Kolesterol,Te,0.0,mg
1964,Nyponte drickf. m. svarta vinbär,"Kalium, K",Te,16.0,mg
1964,Nyponte drickf. m. svarta vinbär,"Jod, I",Te,1.9,µg
1964,Nyponte drickf. m. svarta vinbär,Fullkorn totalt,Te,0.0,g
1964,Nyponte drickf. m. svarta vinbär,"Folat, totalt",Te,0.0,µg
1964,Nyponte drickf. m. svarta vinbär,Fibrer,Te,0.0,g
1964,Nyponte drickf. m. svarta vinbär,"Fett, totalt",Te,0.0,g
1964,Nyponte drickf. m. svarta vinbär,"Järn, Fe",Te,0.0,mg
1964,Nyponte drickf. m. svarta vinbär,Energi (kJ),Te,12.0,kJ
1964,Nyponte drickf. m. svarta vinbär,Energi (kcal),Te,3.0,kcal
1964,Nyponte drickf. m. svarta vinbär,Disackarider,Te,0.0,g
1964,Nyponte drickf. m. svarta vinbär,"Kalcium, Ca",Te,0.0,mg
1964,Nyponte drickf. m. svarta vinbär,Fettsyra 4:0-10:0,Te,0.0,g
1964,Nyponte drickf. m. svarta vinbär,DHA (C22:6),Te,0.0,g
1964,Nyponte drickf. m. svarta vinbär,DPA (C22:5),Te,0.0,g
1964,Nyponte drickf. m. svarta vinbär,EPA (C20:5),Te,0.0,g
1964,Nyponte drickf. m. svarta vinbär,Arakidonsyra C20:4,Te,0.0,g
1964,Nyponte drickf. m. svarta vinbär,Arakidinsyra C20:0,Te,0.0,g
1964,Nyponte drickf. m. svarta vinbär,Linolensyra C18:3,Te,0.0,g
1964,Nyponte drickf. m. svarta vinbär,Linolsyra C18:2,Te,0.0,g
1964,Nyponte drickf. m. svarta vinbär,Oljesyra C18:1,Te,0.0,g
1964,Nyponte drickf. m. svarta vinbär,Stearinsyra C18:0,Te,0.0,g
1964,Nyponte drickf. m. svarta vinbär,Palmitoljesyra C16:1,Te,0.0,g
1964,Nyponte drickf. m. svarta vinbär,Palmitinsyra C16:0,Te,0.0,g
1964,Nyponte drickf. m. svarta vinbär,Myristinsyra C14:0,Te,0.0,g
1964,Nyponte drickf. m. svarta vinbär,Laurinsyra C12:0,Te,0.0,g
1964,Nyponte drickf. m. svarta vinbär,Betakaroten/β-Karoten,Te,0.0,µg
1964,Nyponte drickf. m. svarta vinbär,Avfall (skal etc.),Te,0.0,%
1964,Nyponte drickf. m. svarta vinbär,Aska,Te,0.1,g
1964,Nyponte drickf. m. svarta vinbär,Alkohol,Te,0.0,g
1965,Ättiksprit ättiksyra 12%,"Zink, Zn",Ättika vinäger,0.0,mg
1965,Ättiksprit ättiksyra 12%,Vitamin E,Ättika vinäger,0.0,mg
1965,Ättiksprit ättiksyra 12%,Vitamin D inkl 25-OH-D3,Ättika vinäger,0.0,µg
1965,Ättiksprit ättiksyra 12%,Vitamin D,Ättika vinäger,0.0,µg
1965,Ättiksprit ättiksyra 12%,Vitamin C,Ättika vinäger,0.0,mg
1965,Ättiksprit ättiksyra 12%,Vitamin B6,Ättika vinäger,0.0,mg
1965,Ättiksprit ättiksyra 12%,Vitamin B12,Ättika vinäger,0.0,µg
1965,Ättiksprit ättiksyra 12%,Vitamin A,Ättika vinäger,0.0,RE/µg
1965,Ättiksprit ättiksyra 12%,Vatten,Ättika vinäger,88.0,g
1965,Ättiksprit ättiksyra 12%,Tiamin,Ättika vinäger,0.0,mg
1965,Ättiksprit ättiksyra 12%,Tillsatt socker,Ättika vinäger,0.0,g
1965,Ättiksprit ättiksyra 12%,Fritt socker,Ättika vinäger,0.0,g
1965,Ättiksprit ättiksyra 12%,"Selen, Se",Ättika vinäger,0.0,µg
1965,Ättiksprit ättiksyra 12%,Sackaros,Ättika vinäger,0.0,g
1965,Ättiksprit ättiksyra 12%,Riboflavin,Ättika vinäger,0.0,mg
1965,Ättiksprit ättiksyra 12%,Retinol,Ättika vinäger,0.0,µg
1965,Ättiksprit ättiksyra 12%,Protein,Ättika vinäger,0.0,g
1965,Ättiksprit ättiksyra 12%,Summa fleromättade fettsyror,Ättika vinäger,0.0,g
1965,Ättiksprit ättiksyra 12%,"Fosfor, P",Ättika vinäger,0.0,mg
1965,Ättiksprit ättiksyra 12%,Niacinekvivalenter,Ättika vinäger,0.0,NE/mg
1965,Ättiksprit ättiksyra 12%,Niacin,Ättika vinäger,0.0,mg
1965,Ättiksprit ättiksyra 12%,"Salt, NaCl",Ättika vinäger,0.0,g
1965,Ättiksprit ättiksyra 12%,"Natrium, Na",Ättika vinäger,0.0,mg
1965,Ättiksprit ättiksyra 12%,Monosackarider,Ättika vinäger,0.0,g
1965,Ättiksprit ättiksyra 12%,"Sockerarter, totalt",Ättika vinäger,0.0,g
1965,Ättiksprit ättiksyra 12%,Summa enkelomättade fettsyror,Ättika vinäger,0.0,g
1965,Ättiksprit ättiksyra 12%,"Magnesium, Mg",Ättika vinäger,0.0,mg
1965,Ättiksprit ättiksyra 12%,Summa mättade fettsyror,Ättika vinäger,0.0,g
1965,Ättiksprit ättiksyra 12%,"Kolhydrater, tillgängliga",Ättika vinäger,12.0,g
1965,Ättiksprit ättiksyra 12%,Kolesterol,Ättika vinäger,0.0,mg
1965,Ättiksprit ättiksyra 12%,"Kalium, K",Ättika vinäger,0.0,mg
1965,Ättiksprit ättiksyra 12%,"Jod, I",Ättika vinäger,1.4,µg
1965,Ättiksprit ättiksyra 12%,Fullkorn totalt,Ättika vinäger,0.0,g
1965,Ättiksprit ättiksyra 12%,"Folat, totalt",Ättika vinäger,0.0,µg
1965,Ättiksprit ättiksyra 12%,Fibrer,Ättika vinäger,0.0,g
1965,Ättiksprit ättiksyra 12%,"Fett, totalt",Ättika vinäger,0.0,g
1965,Ättiksprit ättiksyra 12%,"Järn, Fe",Ättika vinäger,0.0,mg
1965,Ättiksprit ättiksyra 12%,Energi (kJ),Ättika vinäger,204.0,kJ
1965,Ättiksprit ättiksyra 12%,Energi (kcal),Ättika vinäger,49.0,kcal
1965,Ättiksprit ättiksyra 12%,Disackarider,Ättika vinäger,0.0,g
1965,Ättiksprit ättiksyra 12%,"Kalcium, Ca",Ättika vinäger,0.0,mg
1965,Ättiksprit ättiksyra 12%,Fettsyra 4:0-10:0,Ättika vinäger,0.0,g
1965,Ättiksprit ättiksyra 12%,DHA (C22:6),Ättika vinäger,0.0,g
1965,Ättiksprit ättiksyra 12%,DPA (C22:5),Ättika vinäger,0.0,g
1965,Ättiksprit ättiksyra 12%,EPA (C20:5),Ättika vinäger,0.0,g
1965,Ättiksprit ättiksyra 12%,Arakidonsyra C20:4,Ättika vinäger,0.0,g
1965,Ättiksprit ättiksyra 12%,Arakidinsyra C20:0,Ättika vinäger,0.0,g
1965,Ättiksprit ättiksyra 12%,Linolensyra C18:3,Ättika vinäger,0.0,g
1965,Ättiksprit ättiksyra 12%,Linolsyra C18:2,Ättika vinäger,0.0,g
1965,Ättiksprit ättiksyra 12%,Oljesyra C18:1,Ättika vinäger,0.0,g
1965,Ättiksprit ättiksyra 12%,Stearinsyra C18:0,Ättika vinäger,0.0,g
1965,Ättiksprit ättiksyra 12%,Palmitoljesyra C16:1,Ättika vinäger,0.0,g
1965,Ättiksprit ättiksyra 12%,Palmitinsyra C16:0,Ättika vinäger,0.0,g
1965,Ättiksprit ättiksyra 12%,Myristinsyra C14:0,Ättika vinäger,0.0,g
1965,Ättiksprit ättiksyra 12%,Laurinsyra C12:0,Ättika vinäger,0.0,g
1965,Ättiksprit ättiksyra 12%,Betakaroten/β-Karoten,Ättika vinäger,0.0,µg
1965,Ättiksprit ättiksyra 12%,Avfall (skal etc.),Ättika vinäger,0.0,%
1965,Ättiksprit ättiksyra 12%,Aska,Ättika vinäger,0.0,g
1965,Ättiksprit ättiksyra 12%,Alkohol,Ättika vinäger,0.0,g
1966,Vinäger ättiksyra 7%,"Zink, Zn",Ättika vinäger,0.1,mg
1966,Vinäger ättiksyra 7%,Vitamin E,Ättika vinäger,0.0,mg
1966,Vinäger ättiksyra 7%,Vitamin D inkl 25-OH-D3,Ättika vinäger,0.0,µg
1966,Vinäger ättiksyra 7%,Vitamin D,Ättika vinäger,0.0,µg
1966,Vinäger ättiksyra 7%,Vitamin C,Ättika vinäger,0.0,mg
1966,Vinäger ättiksyra 7%,Vitamin B6,Ättika vinäger,0.0,mg
1966,Vinäger ättiksyra 7%,Vitamin B12,Ättika vinäger,0.0,µg
1966,Vinäger ättiksyra 7%,Vitamin A,Ättika vinäger,0.0,RE/µg
1966,Vinäger ättiksyra 7%,Vatten,Ättika vinäger,92.6,g
1966,Vinäger ättiksyra 7%,Tiamin,Ättika vinäger,0.0,mg
1966,Vinäger ättiksyra 7%,Tillsatt socker,Ättika vinäger,0.0,g
1966,Vinäger ättiksyra 7%,Fritt socker,Ättika vinäger,1.0,g
1966,Vinäger ättiksyra 7%,"Selen, Se",Ättika vinäger,0.0,µg
1966,Vinäger ättiksyra 7%,Sackaros,Ättika vinäger,0.0,g
1966,Vinäger ättiksyra 7%,Riboflavin,Ättika vinäger,0.0,mg
1966,Vinäger ättiksyra 7%,Retinol,Ättika vinäger,0.0,µg
1966,Vinäger ättiksyra 7%,Protein,Ättika vinäger,0.4,g
1966,Vinäger ättiksyra 7%,Summa fleromättade fettsyror,Ättika vinäger,0.0,g
1966,Vinäger ättiksyra 7%,"Fosfor, P",Ättika vinäger,32.0,mg
1966,Vinäger ättiksyra 7%,Niacinekvivalenter,Ättika vinäger,0.07,NE/mg
1966,Vinäger ättiksyra 7%,Niacin,Ättika vinäger,0.0,mg
1966,Vinäger ättiksyra 7%,"Salt, NaCl",Ättika vinäger,0.0,g
1966,Vinäger ättiksyra 7%,"Natrium, Na",Ättika vinäger,20.0,mg
1966,Vinäger ättiksyra 7%,Monosackarider,Ättika vinäger,0.6,g
1966,Vinäger ättiksyra 7%,"Sockerarter, totalt",Ättika vinäger,0.6,g
1966,Vinäger ättiksyra 7%,Summa enkelomättade fettsyror,Ättika vinäger,0.0,g
1966,Vinäger ättiksyra 7%,"Magnesium, Mg",Ättika vinäger,22.0,mg
1966,Vinäger ättiksyra 7%,Summa mättade fettsyror,Ättika vinäger,0.0,g
1966,Vinäger ättiksyra 7%,"Kolhydrater, tillgängliga",Ättika vinäger,7.0,g
1966,Vinäger ättiksyra 7%,Kolesterol,Ättika vinäger,0.0,mg
1966,Vinäger ättiksyra 7%,"Kalium, K",Ättika vinäger,89.0,mg
1966,Vinäger ättiksyra 7%,"Jod, I",Ättika vinäger,1.4,µg
1966,Vinäger ättiksyra 7%,Fullkorn totalt,Ättika vinäger,0.0,g
1966,Vinäger ättiksyra 7%,"Folat, totalt",Ättika vinäger,0.0,µg
1966,Vinäger ättiksyra 7%,Fibrer,Ättika vinäger,0.0,g
1966,Vinäger ättiksyra 7%,"Fett, totalt",Ättika vinäger,0.0,g
1966,Vinäger ättiksyra 7%,"Järn, Fe",Ättika vinäger,0.5,mg
1966,Vinäger ättiksyra 7%,Energi (kJ),Ättika vinäger,126.0,kJ
1966,Vinäger ättiksyra 7%,Energi (kcal),Ättika vinäger,30.0,kcal
1966,Vinäger ättiksyra 7%,Disackarider,Ättika vinäger,0.0,g
1966,Vinäger ättiksyra 7%,"Kalcium, Ca",Ättika vinäger,15.0,mg
1966,Vinäger ättiksyra 7%,Fettsyra 4:0-10:0,Ättika vinäger,0.0,g
1966,Vinäger ättiksyra 7%,DHA (C22:6),Ättika vinäger,0.0,g
1966,Vinäger ättiksyra 7%,DPA (C22:5),Ättika vinäger,0.0,g
1966,Vinäger ättiksyra 7%,EPA (C20:5),Ättika vinäger,0.0,g
1966,Vinäger ättiksyra 7%,Arakidonsyra C20:4,Ättika vinäger,0.0,g
1966,Vinäger ättiksyra 7%,Arakidinsyra C20:0,Ättika vinäger,0.0,g
1966,Vinäger ättiksyra 7%,Linolensyra C18:3,Ättika vinäger,0.0,g
1966,Vinäger ättiksyra 7%,Linolsyra C18:2,Ättika vinäger,0.0,g
1966,Vinäger ättiksyra 7%,Oljesyra C18:1,Ättika vinäger,0.0,g
1966,Vinäger ättiksyra 7%,Stearinsyra C18:0,Ättika vinäger,0.0,g
1966,Vinäger ättiksyra 7%,Palmitoljesyra C16:1,Ättika vinäger,0.0,g
1966,Vinäger ättiksyra 7%,Palmitinsyra C16:0,Ättika vinäger,0.0,g
1966,Vinäger ättiksyra 7%,Myristinsyra C14:0,Ättika vinäger,0.0,g
1966,Vinäger ättiksyra 7%,Laurinsyra C12:0,Ättika vinäger,0.0,g
1966,Vinäger ättiksyra 7%,Betakaroten/β-Karoten,Ättika vinäger,0.0,µg
1966,Vinäger ättiksyra 7%,Avfall (skal etc.),Ättika vinäger,0.0,%
1966,Vinäger ättiksyra 7%,Aska,Ättika vinäger,0.0,g
1966,Vinäger ättiksyra 7%,Alkohol,Ättika vinäger,0.0,g
1967,Äppelcidervinäger ättiksyra 7%,"Zink, Zn",Ättika vinäger,0.1,mg
1967,Äppelcidervinäger ättiksyra 7%,Vitamin E,Ättika vinäger,0.0,mg
1967,Äppelcidervinäger ättiksyra 7%,Vitamin D inkl 25-OH-D3,Ättika vinäger,0.0,µg
1967,Äppelcidervinäger ättiksyra 7%,Vitamin D,Ättika vinäger,0.0,µg
1967,Äppelcidervinäger ättiksyra 7%,Vitamin C,Ättika vinäger,0.0,mg
1967,Äppelcidervinäger ättiksyra 7%,Vitamin B6,Ättika vinäger,0.0,mg
1967,Äppelcidervinäger ättiksyra 7%,Vitamin B12,Ättika vinäger,0.0,µg
1967,Äppelcidervinäger ättiksyra 7%,Vitamin A,Ättika vinäger,0.0,RE/µg
1967,Äppelcidervinäger ättiksyra 7%,Vatten,Ättika vinäger,92.6,g
1967,Äppelcidervinäger ättiksyra 7%,Tiamin,Ättika vinäger,0.0,mg
1967,Äppelcidervinäger ättiksyra 7%,Tillsatt socker,Ättika vinäger,0.0,g
1967,Äppelcidervinäger ättiksyra 7%,Fritt socker,Ättika vinäger,1.0,g
1967,Äppelcidervinäger ättiksyra 7%,"Selen, Se",Ättika vinäger,0.0,µg
1967,Äppelcidervinäger ättiksyra 7%,Sackaros,Ättika vinäger,0.0,g
1967,Äppelcidervinäger ättiksyra 7%,Riboflavin,Ättika vinäger,0.0,mg
1967,Äppelcidervinäger ättiksyra 7%,Retinol,Ättika vinäger,0.0,µg
1967,Äppelcidervinäger ättiksyra 7%,Protein,Ättika vinäger,0.4,g
1967,Äppelcidervinäger ättiksyra 7%,Summa fleromättade fettsyror,Ättika vinäger,0.0,g
1967,Äppelcidervinäger ättiksyra 7%,"Fosfor, P",Ättika vinäger,5.0,mg
1967,Äppelcidervinäger ättiksyra 7%,Niacinekvivalenter,Ättika vinäger,0.07,NE/mg
1967,Äppelcidervinäger ättiksyra 7%,Niacin,Ättika vinäger,0.0,mg
1967,Äppelcidervinäger ättiksyra 7%,"Salt, NaCl",Ättika vinäger,0.0,g
1967,Äppelcidervinäger ättiksyra 7%,"Natrium, Na",Ättika vinäger,7.0,mg
1967,Äppelcidervinäger ättiksyra 7%,Monosackarider,Ättika vinäger,0.6,g
1967,Äppelcidervinäger ättiksyra 7%,"Sockerarter, totalt",Ättika vinäger,0.6,g
1967,Äppelcidervinäger ättiksyra 7%,Summa enkelomättade fettsyror,Ättika vinäger,0.0,g
1967,Äppelcidervinäger ättiksyra 7%,"Magnesium, Mg",Ättika vinäger,3.0,mg
1967,Äppelcidervinäger ättiksyra 7%,Summa mättade fettsyror,Ättika vinäger,0.0,g
1967,Äppelcidervinäger ättiksyra 7%,"Kolhydrater, tillgängliga",Ättika vinäger,7.0,g
1967,Äppelcidervinäger ättiksyra 7%,Kolesterol,Ättika vinäger,0.0,mg
1967,Äppelcidervinäger ättiksyra 7%,"Kalium, K",Ättika vinäger,17.0,mg
1967,Äppelcidervinäger ättiksyra 7%,"Jod, I",Ättika vinäger,0.0,µg
1967,Äppelcidervinäger ättiksyra 7%,Fullkorn totalt,Ättika vinäger,0.0,g
1967,Äppelcidervinäger ättiksyra 7%,"Folat, totalt",Ättika vinäger,0.0,µg
1967,Äppelcidervinäger ättiksyra 7%,Fibrer,Ättika vinäger,0.0,g
1967,Äppelcidervinäger ättiksyra 7%,"Fett, totalt",Ättika vinäger,0.0,g
1967,Äppelcidervinäger ättiksyra 7%,"Järn, Fe",Ättika vinäger,0.2,mg
1967,Äppelcidervinäger ättiksyra 7%,Energi (kJ),Ättika vinäger,126.0,kJ
1967,Äppelcidervinäger ättiksyra 7%,Energi (kcal),Ättika vinäger,30.0,kcal
1967,Äppelcidervinäger ättiksyra 7%,Disackarider,Ättika vinäger,0.0,g
1967,Äppelcidervinäger ättiksyra 7%,"Kalcium, Ca",Ättika vinäger,9.0,mg
1967,Äppelcidervinäger ättiksyra 7%,Fettsyra 4:0-10:0,Ättika vinäger,0.0,g
1967,Äppelcidervinäger ättiksyra 7%,DHA (C22:6),Ättika vinäger,0.0,g
1967,Äppelcidervinäger ättiksyra 7%,DPA (C22:5),Ättika vinäger,0.0,g
1967,Äppelcidervinäger ättiksyra 7%,EPA (C20:5),Ättika vinäger,0.0,g
1967,Äppelcidervinäger ättiksyra 7%,Arakidonsyra C20:4,Ättika vinäger,0.0,g
1967,Äppelcidervinäger ättiksyra 7%,Arakidinsyra C20:0,Ättika vinäger,0.0,g
1967,Äppelcidervinäger ättiksyra 7%,Linolensyra C18:3,Ättika vinäger,0.0,g
1967,Äppelcidervinäger ättiksyra 7%,Linolsyra C18:2,Ättika vinäger,0.0,g
1967,Äppelcidervinäger ättiksyra 7%,Oljesyra C18:1,Ättika vinäger,0.0,g
1967,Äppelcidervinäger ättiksyra 7%,Stearinsyra C18:0,Ättika vinäger,0.0,g
1967,Äppelcidervinäger ättiksyra 7%,Palmitoljesyra C16:1,Ättika vinäger,0.0,g
1967,Äppelcidervinäger ättiksyra 7%,Palmitinsyra C16:0,Ättika vinäger,0.0,g
1967,Äppelcidervinäger ättiksyra 7%,Myristinsyra C14:0,Ättika vinäger,0.0,g
1967,Äppelcidervinäger ättiksyra 7%,Laurinsyra C12:0,Ättika vinäger,0.0,g
1967,Äppelcidervinäger ättiksyra 7%,Betakaroten/β-Karoten,Ättika vinäger,0.0,µg
1967,Äppelcidervinäger ättiksyra 7%,Avfall (skal etc.),Ättika vinäger,0.0,%
1967,Äppelcidervinäger ättiksyra 7%,Aska,Ättika vinäger,0.0,g
1967,Äppelcidervinäger ättiksyra 7%,Alkohol,Ättika vinäger,0.0,g
1968,Chilisås tomat,"Zink, Zn","Senap ketchup HP-sås soja ""smaksättare""",0.2,mg
1968,Chilisås tomat,Vitamin E,"Senap ketchup HP-sås soja ""smaksättare""",1.5,mg
1968,Chilisås tomat,Vitamin D inkl 25-OH-D3,"Senap ketchup HP-sås soja ""smaksättare""",0.0,µg
1968,Chilisås tomat,Vitamin D,"Senap ketchup HP-sås soja ""smaksättare""",0.0,µg
1968,Chilisås tomat,Vitamin C,"Senap ketchup HP-sås soja ""smaksättare""",15.0,mg
1968,Chilisås tomat,Vitamin B6,"Senap ketchup HP-sås soja ""smaksättare""",0.11,mg
1968,Chilisås tomat,Vitamin B12,"Senap ketchup HP-sås soja ""smaksättare""",0.0,µg
1968,Chilisås tomat,Vitamin A,"Senap ketchup HP-sås soja ""smaksättare""",143.3,RE/µg
1968,Chilisås tomat,Vatten,"Senap ketchup HP-sås soja ""smaksättare""",77.0,g
1968,Chilisås tomat,Tiamin,"Senap ketchup HP-sås soja ""smaksättare""",0.08,mg
1968,Chilisås tomat,Tillsatt socker,"Senap ketchup HP-sås soja ""smaksättare""",12.0,g
1968,Chilisås tomat,Fritt socker,"Senap ketchup HP-sås soja ""smaksättare""",12.0,g
1968,Chilisås tomat,"Selen, Se","Senap ketchup HP-sås soja ""smaksättare""",0.4,µg
1968,Chilisås tomat,Sackaros,"Senap ketchup HP-sås soja ""smaksättare""",8.5,g
1968,Chilisås tomat,Riboflavin,"Senap ketchup HP-sås soja ""smaksättare""",0.05,mg
1968,Chilisås tomat,Retinol,"Senap ketchup HP-sås soja ""smaksättare""",0.0,µg
1968,Chilisås tomat,Protein,"Senap ketchup HP-sås soja ""smaksättare""",1.5,g
1968,Chilisås tomat,Summa fleromättade fettsyror,"Senap ketchup HP-sås soja ""smaksättare""",0.2,g
1968,Chilisås tomat,"Fosfor, P","Senap ketchup HP-sås soja ""smaksättare""",32.0,mg
1968,Chilisås tomat,Niacinekvivalenter,"Senap ketchup HP-sås soja ""smaksättare""",1.45,NE/mg
1968,Chilisås tomat,Niacin,"Senap ketchup HP-sås soja ""smaksättare""",1.2,mg
1968,Chilisås tomat,"Salt, NaCl","Senap ketchup HP-sås soja ""smaksättare""",2.2,g
1968,Chilisås tomat,"Natrium, Na","Senap ketchup HP-sås soja ""smaksättare""",860.0,mg
1968,Chilisås tomat,Monosackarider,"Senap ketchup HP-sås soja ""smaksättare""",6.3,g
1968,Chilisås tomat,"Sockerarter, totalt","Senap ketchup HP-sås soja ""smaksättare""",14.8,g
1968,Chilisås tomat,Summa enkelomättade fettsyror,"Senap ketchup HP-sås soja ""smaksättare""",0.1,g
1968,Chilisås tomat,"Magnesium, Mg","Senap ketchup HP-sås soja ""smaksättare""",18.0,mg
1968,Chilisås tomat,Summa mättade fettsyror,"Senap ketchup HP-sås soja ""smaksättare""",0.1,g
1968,Chilisås tomat,"Kolhydrater, tillgängliga","Senap ketchup HP-sås soja ""smaksättare""",16.7,g
1968,Chilisås tomat,Kolesterol,"Senap ketchup HP-sås soja ""smaksättare""",0.0,mg
1968,Chilisås tomat,"Kalium, K","Senap ketchup HP-sås soja ""smaksättare""",400.0,mg
1968,Chilisås tomat,"Jod, I","Senap ketchup HP-sås soja ""smaksättare""",48.4,µg
1968,Chilisås tomat,Fullkorn totalt,"Senap ketchup HP-sås soja ""smaksättare""",0.0,g
1968,Chilisås tomat,"Folat, totalt","Senap ketchup HP-sås soja ""smaksättare""",21.0,µg
1968,Chilisås tomat,Fibrer,"Senap ketchup HP-sås soja ""smaksättare""",1.2,g
1968,Chilisås tomat,"Fett, totalt","Senap ketchup HP-sås soja ""smaksättare""",0.5,g
1968,Chilisås tomat,"Järn, Fe","Senap ketchup HP-sås soja ""smaksättare""",1.3,mg
1968,Chilisås tomat,Energi (kJ),"Senap ketchup HP-sås soja ""smaksättare""",338.0,kJ
1968,Chilisås tomat,Energi (kcal),"Senap ketchup HP-sås soja ""smaksättare""",81.0,kcal
1968,Chilisås tomat,Disackarider,"Senap ketchup HP-sås soja ""smaksättare""",8.5,g
1968,Chilisås tomat,"Kalcium, Ca","Senap ketchup HP-sås soja ""smaksättare""",13.0,mg
1968,Chilisås tomat,Fettsyra 4:0-10:0,"Senap ketchup HP-sås soja ""smaksättare""",0.0,g
1968,Chilisås tomat,DHA (C22:6),"Senap ketchup HP-sås soja ""smaksättare""",0.0,g
1968,Chilisås tomat,DPA (C22:5),"Senap ketchup HP-sås soja ""smaksättare""",0.0,g
1968,Chilisås tomat,EPA (C20:5),"Senap ketchup HP-sås soja ""smaksättare""",0.0,g
1968,Chilisås tomat,Arakidonsyra C20:4,"Senap ketchup HP-sås soja ""smaksättare""",0.0,g
1968,Chilisås tomat,Arakidinsyra C20:0,"Senap ketchup HP-sås soja ""smaksättare""",0.0,g
1968,Chilisås tomat,Linolensyra C18:3,"Senap ketchup HP-sås soja ""smaksättare""",0.0,g
1968,Chilisås tomat,Linolsyra C18:2,"Senap ketchup HP-sås soja ""smaksättare""",0.2,g
1968,Chilisås tomat,Oljesyra C18:1,"Senap ketchup HP-sås soja ""smaksättare""",0.1,g
1968,Chilisås tomat,Stearinsyra C18:0,"Senap ketchup HP-sås soja ""smaksättare""",0.0,g
1968,Chilisås tomat,Palmitoljesyra C16:1,"Senap ketchup HP-sås soja ""smaksättare""",0.0,g
1968,Chilisås tomat,Palmitinsyra C16:0,"Senap ketchup HP-sås soja ""smaksättare""",0.0,g
1968,Chilisås tomat,Myristinsyra C14:0,"Senap ketchup HP-sås soja ""smaksättare""",0.0,g
1968,Chilisås tomat,Laurinsyra C12:0,"Senap ketchup HP-sås soja ""smaksättare""",0.0,g
1968,Chilisås tomat,Betakaroten/β-Karoten,"Senap ketchup HP-sås soja ""smaksättare""",1720.0,µg
1968,Chilisås tomat,Avfall (skal etc.),"Senap ketchup HP-sås soja ""smaksättare""",0.0,%
1968,Chilisås tomat,Aska,"Senap ketchup HP-sås soja ""smaksättare""",3.1,g
1968,Chilisås tomat,Alkohol,"Senap ketchup HP-sås soja ""smaksättare""",0.0,g
1969,Ketchup,"Zink, Zn","Senap ketchup HP-sås soja ""smaksättare""",0.2,mg
1969,Ketchup,Vitamin E,"Senap ketchup HP-sås soja ""smaksättare""",1.5,mg
1969,Ketchup,Vitamin D inkl 25-OH-D3,"Senap ketchup HP-sås soja ""smaksättare""",0.0,µg
1969,Ketchup,Vitamin D,"Senap ketchup HP-sås soja ""smaksättare""",0.0,µg
1969,Ketchup,Vitamin C,"Senap ketchup HP-sås soja ""smaksättare""",1.4,mg
1969,Ketchup,Vitamin B6,"Senap ketchup HP-sås soja ""smaksättare""",0.1,mg
1969,Ketchup,Vitamin B12,"Senap ketchup HP-sås soja ""smaksättare""",0.0,µg
1969,Ketchup,Vitamin A,"Senap ketchup HP-sås soja ""smaksättare""",26.8,RE/µg
1969,Ketchup,Vatten,"Senap ketchup HP-sås soja ""smaksättare""",73.6,g
1969,Ketchup,Tiamin,"Senap ketchup HP-sås soja ""smaksättare""",0.05,mg
1969,Ketchup,Tillsatt socker,"Senap ketchup HP-sås soja ""smaksättare""",16.0,g
1969,Ketchup,Fritt socker,"Senap ketchup HP-sås soja ""smaksättare""",16.0,g
1969,Ketchup,"Selen, Se","Senap ketchup HP-sås soja ""smaksättare""",0.0,µg
1969,Ketchup,Sackaros,"Senap ketchup HP-sås soja ""smaksättare""",13.0,g
1969,Ketchup,Riboflavin,"Senap ketchup HP-sås soja ""smaksättare""",0.03,mg
1969,Ketchup,Retinol,"Senap ketchup HP-sås soja ""smaksättare""",0.0,µg
1969,Ketchup,Protein,"Senap ketchup HP-sås soja ""smaksättare""",1.0,g
1969,Ketchup,Summa fleromättade fettsyror,"Senap ketchup HP-sås soja ""smaksättare""",0.0,g
1969,Ketchup,"Fosfor, P","Senap ketchup HP-sås soja ""smaksättare""",22.0,mg
1969,Ketchup,Niacinekvivalenter,"Senap ketchup HP-sås soja ""smaksättare""",1.3,NE/mg
1969,Ketchup,Niacin,"Senap ketchup HP-sås soja ""smaksättare""",1.16,mg
1969,Ketchup,"Salt, NaCl","Senap ketchup HP-sås soja ""smaksättare""",1.7,g
1969,Ketchup,"Natrium, Na","Senap ketchup HP-sås soja ""smaksättare""",678.0,mg
1969,Ketchup,Monosackarider,"Senap ketchup HP-sås soja ""smaksättare""",6.4,g
1969,Ketchup,"Sockerarter, totalt","Senap ketchup HP-sås soja ""smaksättare""",19.4,g
1969,Ketchup,Summa enkelomättade fettsyror,"Senap ketchup HP-sås soja ""smaksättare""",0.0,g
1969,Ketchup,"Magnesium, Mg","Senap ketchup HP-sås soja ""smaksättare""",13.0,mg
1969,Ketchup,Summa mättade fettsyror,"Senap ketchup HP-sås soja ""smaksättare""",0.0,g
1969,Ketchup,"Kolhydrater, tillgängliga","Senap ketchup HP-sås soja ""smaksättare""",18.5,g
1969,Ketchup,Kolesterol,"Senap ketchup HP-sås soja ""smaksättare""",0.0,mg
1969,Ketchup,"Kalium, K","Senap ketchup HP-sås soja ""smaksättare""",265.0,mg
1969,Ketchup,"Jod, I","Senap ketchup HP-sås soja ""smaksättare""",48.4,µg
1969,Ketchup,Fullkorn totalt,"Senap ketchup HP-sås soja ""smaksättare""",0.0,g
1969,Ketchup,"Folat, totalt","Senap ketchup HP-sås soja ""smaksättare""",26.6,µg
1969,Ketchup,Fibrer,"Senap ketchup HP-sås soja ""smaksättare""",3.9,g
1969,Ketchup,"Fett, totalt","Senap ketchup HP-sås soja ""smaksättare""",0.5,g
1969,Ketchup,"Järn, Fe","Senap ketchup HP-sås soja ""smaksättare""",0.4,mg
1969,Ketchup,Energi (kJ),"Senap ketchup HP-sås soja ""smaksättare""",381.0,kJ
1969,Ketchup,Energi (kcal),"Senap ketchup HP-sås soja ""smaksättare""",91.0,kcal
1969,Ketchup,Disackarider,"Senap ketchup HP-sås soja ""smaksättare""",13.0,g
1969,Ketchup,"Kalcium, Ca","Senap ketchup HP-sås soja ""smaksättare""",13.0,mg
1969,Ketchup,Fettsyra 4:0-10:0,"Senap ketchup HP-sås soja ""smaksättare""",0.0,g
1969,Ketchup,DHA (C22:6),"Senap ketchup HP-sås soja ""smaksättare""",0.0,g
1969,Ketchup,DPA (C22:5),"Senap ketchup HP-sås soja ""smaksättare""",0.0,g
1969,Ketchup,EPA (C20:5),"Senap ketchup HP-sås soja ""smaksättare""",0.0,g
1969,Ketchup,Arakidonsyra C20:4,"Senap ketchup HP-sås soja ""smaksättare""",0.0,g
1969,Ketchup,Arakidinsyra C20:0,"Senap ketchup HP-sås soja ""smaksättare""",0.0,g
1969,Ketchup,Linolensyra C18:3,"Senap ketchup HP-sås soja ""smaksättare""",0.0,g
1969,Ketchup,Linolsyra C18:2,"Senap ketchup HP-sås soja ""smaksättare""",0.0,g
1969,Ketchup,Oljesyra C18:1,"Senap ketchup HP-sås soja ""smaksättare""",0.0,g
1969,Ketchup,Stearinsyra C18:0,"Senap ketchup HP-sås soja ""smaksättare""",0.0,g
1969,Ketchup,Palmitoljesyra C16:1,"Senap ketchup HP-sås soja ""smaksättare""",0.0,g
1969,Ketchup,Palmitinsyra C16:0,"Senap ketchup HP-sås soja ""smaksättare""",0.0,g
1969,Ketchup,Myristinsyra C14:0,"Senap ketchup HP-sås soja ""smaksättare""",0.0,g
1969,Ketchup,Laurinsyra C12:0,"Senap ketchup HP-sås soja ""smaksättare""",0.0,g
1969,Ketchup,Betakaroten/β-Karoten,"Senap ketchup HP-sås soja ""smaksättare""",319.0,µg
1969,Ketchup,Avfall (skal etc.),"Senap ketchup HP-sås soja ""smaksättare""",0.0,%
1969,Ketchup,Aska,"Senap ketchup HP-sås soja ""smaksättare""",2.5,g
1969,Ketchup,Alkohol,"Senap ketchup HP-sås soja ""smaksättare""",0.0,g
1970,Engelsk brown sauce HP-sås,"Zink, Zn","Senap ketchup HP-sås soja ""smaksättare""",0.2,mg
1970,Engelsk brown sauce HP-sås,Vitamin E,"Senap ketchup HP-sås soja ""smaksättare""",0.0,mg
1970,Engelsk brown sauce HP-sås,Vitamin D inkl 25-OH-D3,"Senap ketchup HP-sås soja ""smaksättare""",0.0,µg
1970,Engelsk brown sauce HP-sås,Vitamin D,"Senap ketchup HP-sås soja ""smaksättare""",0.0,µg
1970,Engelsk brown sauce HP-sås,Vitamin C,"Senap ketchup HP-sås soja ""smaksättare""",0.0,mg
1970,Engelsk brown sauce HP-sås,Vitamin B6,"Senap ketchup HP-sås soja ""smaksättare""",0.0,mg
1970,Engelsk brown sauce HP-sås,Vitamin B12,"Senap ketchup HP-sås soja ""smaksättare""",0.0,µg
1970,Engelsk brown sauce HP-sås,Vitamin A,"Senap ketchup HP-sås soja ""smaksättare""",0.0,RE/µg
1970,Engelsk brown sauce HP-sås,Vatten,"Senap ketchup HP-sås soja ""smaksättare""",72.3,g
1970,Engelsk brown sauce HP-sås,Tiamin,"Senap ketchup HP-sås soja ""smaksättare""",0.0,mg
1970,Engelsk brown sauce HP-sås,Tillsatt socker,"Senap ketchup HP-sås soja ""smaksättare""",2.0,g
1970,Engelsk brown sauce HP-sås,Fritt socker,"Senap ketchup HP-sås soja ""smaksättare""",2.0,g
1970,Engelsk brown sauce HP-sås,"Selen, Se","Senap ketchup HP-sås soja ""smaksättare""",0.0,µg
1970,Engelsk brown sauce HP-sås,Sackaros,"Senap ketchup HP-sås soja ""smaksättare""",1.1,g
1970,Engelsk brown sauce HP-sås,Riboflavin,"Senap ketchup HP-sås soja ""smaksättare""",0.0,mg
1970,Engelsk brown sauce HP-sås,Retinol,"Senap ketchup HP-sås soja ""smaksättare""",0.0,µg
1970,Engelsk brown sauce HP-sås,Protein,"Senap ketchup HP-sås soja ""smaksättare""",1.1,g
1970,Engelsk brown sauce HP-sås,Summa fleromättade fettsyror,"Senap ketchup HP-sås soja ""smaksättare""",0.0,g
1970,Engelsk brown sauce HP-sås,"Fosfor, P","Senap ketchup HP-sås soja ""smaksättare""",0.0,mg
1970,Engelsk brown sauce HP-sås,Niacinekvivalenter,"Senap ketchup HP-sås soja ""smaksättare""",0.18,NE/mg
1970,Engelsk brown sauce HP-sås,Niacin,"Senap ketchup HP-sås soja ""smaksättare""",0.0,mg
1970,Engelsk brown sauce HP-sås,"Salt, NaCl","Senap ketchup HP-sås soja ""smaksättare""",2.4,g
1970,Engelsk brown sauce HP-sås,"Natrium, Na","Senap ketchup HP-sås soja ""smaksättare""",980.0,mg
1970,Engelsk brown sauce HP-sås,Monosackarider,"Senap ketchup HP-sås soja ""smaksättare""",0.5,g
1970,Engelsk brown sauce HP-sås,"Sockerarter, totalt","Senap ketchup HP-sås soja ""smaksättare""",1.6,g
1970,Engelsk brown sauce HP-sås,Summa enkelomättade fettsyror,"Senap ketchup HP-sås soja ""smaksättare""",0.0,g
1970,Engelsk brown sauce HP-sås,"Magnesium, Mg","Senap ketchup HP-sås soja ""smaksättare""",0.0,mg
1970,Engelsk brown sauce HP-sås,Summa mättade fettsyror,"Senap ketchup HP-sås soja ""smaksättare""",0.0,g
1970,Engelsk brown sauce HP-sås,"Kolhydrater, tillgängliga","Senap ketchup HP-sås soja ""smaksättare""",25.2,g
1970,Engelsk brown sauce HP-sås,Kolesterol,"Senap ketchup HP-sås soja ""smaksättare""",0.0,mg
1970,Engelsk brown sauce HP-sås,"Kalium, K","Senap ketchup HP-sås soja ""smaksättare""",0.0,mg
1970,Engelsk brown sauce HP-sås,"Jod, I","Senap ketchup HP-sås soja ""smaksättare""",1.0,µg
1970,Engelsk brown sauce HP-sås,Fullkorn totalt,"Senap ketchup HP-sås soja ""smaksättare""",0.0,g
1970,Engelsk brown sauce HP-sås,"Folat, totalt","Senap ketchup HP-sås soja ""smaksättare""",0.0,µg
1970,Engelsk brown sauce HP-sås,Fibrer,"Senap ketchup HP-sås soja ""smaksättare""",0.0,g
1970,Engelsk brown sauce HP-sås,"Fett, totalt","Senap ketchup HP-sås soja ""smaksättare""",0.0,g
1970,Engelsk brown sauce HP-sås,"Järn, Fe","Senap ketchup HP-sås soja ""smaksättare""",3.1,mg
1970,Engelsk brown sauce HP-sås,Energi (kJ),"Senap ketchup HP-sås soja ""smaksättare""",447.0,kJ
1970,Engelsk brown sauce HP-sås,Energi (kcal),"Senap ketchup HP-sås soja ""smaksättare""",107.0,kcal
1970,Engelsk brown sauce HP-sås,Disackarider,"Senap ketchup HP-sås soja ""smaksättare""",1.1,g
1970,Engelsk brown sauce HP-sås,"Kalcium, Ca","Senap ketchup HP-sås soja ""smaksättare""",43.0,mg
1970,Engelsk brown sauce HP-sås,Fettsyra 4:0-10:0,"Senap ketchup HP-sås soja ""smaksättare""",0.0,g
1970,Engelsk brown sauce HP-sås,DHA (C22:6),"Senap ketchup HP-sås soja ""smaksättare""",0.0,g
1970,Engelsk brown sauce HP-sås,DPA (C22:5),"Senap ketchup HP-sås soja ""smaksättare""",0.0,g
1970,Engelsk brown sauce HP-sås,EPA (C20:5),"Senap ketchup HP-sås soja ""smaksättare""",0.0,g
1970,Engelsk brown sauce HP-sås,Arakidonsyra C20:4,"Senap ketchup HP-sås soja ""smaksättare""",0.0,g
1970,Engelsk brown sauce HP-sås,Arakidinsyra C20:0,"Senap ketchup HP-sås soja ""smaksättare""",0.0,g
1970,Engelsk brown sauce HP-sås,Linolensyra C18:3,"Senap ketchup HP-sås soja ""smaksättare""",0.0,g
1970,Engelsk brown sauce HP-sås,Linolsyra C18:2,"Senap ketchup HP-sås soja ""smaksättare""",0.0,g
1970,Engelsk brown sauce HP-sås,Oljesyra C18:1,"Senap ketchup HP-sås soja ""smaksättare""",0.0,g
1970,Engelsk brown sauce HP-sås,Stearinsyra C18:0,"Senap ketchup HP-sås soja ""smaksättare""",0.0,g
1970,Engelsk brown sauce HP-sås,Palmitoljesyra C16:1,"Senap ketchup HP-sås soja ""smaksättare""",0.0,g
1970,Engelsk brown sauce HP-sås,Palmitinsyra C16:0,"Senap ketchup HP-sås soja ""smaksättare""",0.0,g
1970,Engelsk brown sauce HP-sås,Myristinsyra C14:0,"Senap ketchup HP-sås soja ""smaksättare""",0.0,g
1970,Engelsk brown sauce HP-sås,Laurinsyra C12:0,"Senap ketchup HP-sås soja ""smaksättare""",0.0,g
1970,Engelsk brown sauce HP-sås,Betakaroten/β-Karoten,"Senap ketchup HP-sås soja ""smaksättare""",0.0,µg
1970,Engelsk brown sauce HP-sås,Avfall (skal etc.),"Senap ketchup HP-sås soja ""smaksättare""",0.0,%
1970,Engelsk brown sauce HP-sås,Aska,"Senap ketchup HP-sås soja ""smaksättare""",1.4,g
1970,Engelsk brown sauce HP-sås,Alkohol,"Senap ketchup HP-sås soja ""smaksättare""",0.0,g
1971,Grillsås,"Zink, Zn","Senap ketchup HP-sås soja ""smaksättare""",0.2,mg
1971,Grillsås,Vitamin E,"Senap ketchup HP-sås soja ""smaksättare""",0.0,mg
1971,Grillsås,Vitamin D inkl 25-OH-D3,"Senap ketchup HP-sås soja ""smaksättare""",0.0,µg
1971,Grillsås,Vitamin D,"Senap ketchup HP-sås soja ""smaksättare""",0.0,µg
1971,Grillsås,Vitamin C,"Senap ketchup HP-sås soja ""smaksättare""",0.0,mg
1971,Grillsås,Vitamin B6,"Senap ketchup HP-sås soja ""smaksättare""",0.0,mg
1971,Grillsås,Vitamin B12,"Senap ketchup HP-sås soja ""smaksättare""",0.0,µg
1971,Grillsås,Vitamin A,"Senap ketchup HP-sås soja ""smaksättare""",0.0,RE/µg
1971,Grillsås,Vatten,"Senap ketchup HP-sås soja ""smaksättare""",80.9,g
1971,Grillsås,Tiamin,"Senap ketchup HP-sås soja ""smaksättare""",0.01,mg
1971,Grillsås,Tillsatt socker,"Senap ketchup HP-sås soja ""smaksättare""",1.0,g
1971,Grillsås,Fritt socker,"Senap ketchup HP-sås soja ""smaksättare""",2.0,g
1971,Grillsås,"Selen, Se","Senap ketchup HP-sås soja ""smaksättare""",0.0,µg
1971,Grillsås,Sackaros,"Senap ketchup HP-sås soja ""smaksättare""",1.1,g
1971,Grillsås,Riboflavin,"Senap ketchup HP-sås soja ""smaksättare""",0.01,mg
1971,Grillsås,Retinol,"Senap ketchup HP-sås soja ""smaksättare""",0.0,µg
1971,Grillsås,Protein,"Senap ketchup HP-sås soja ""smaksättare""",1.5,g
1971,Grillsås,Summa fleromättade fettsyror,"Senap ketchup HP-sås soja ""smaksättare""",4.1,g
1971,Grillsås,"Fosfor, P","Senap ketchup HP-sås soja ""smaksättare""",20.0,mg
1971,Grillsås,Niacinekvivalenter,"Senap ketchup HP-sås soja ""smaksättare""",0.55,NE/mg
1971,Grillsås,Niacin,"Senap ketchup HP-sås soja ""smaksättare""",0.3,mg
1971,Grillsås,"Salt, NaCl","Senap ketchup HP-sås soja ""smaksättare""",2.0,g
1971,Grillsås,"Natrium, Na","Senap ketchup HP-sås soja ""smaksättare""",815.0,mg
1971,Grillsås,Monosackarider,"Senap ketchup HP-sås soja ""smaksättare""",0.5,g
1971,Grillsås,"Sockerarter, totalt","Senap ketchup HP-sås soja ""smaksättare""",1.6,g
1971,Grillsås,Summa enkelomättade fettsyror,"Senap ketchup HP-sås soja ""smaksättare""",1.6,g
1971,Grillsås,"Magnesium, Mg","Senap ketchup HP-sås soja ""smaksättare""",5.0,mg
1971,Grillsås,Summa mättade fettsyror,"Senap ketchup HP-sås soja ""smaksättare""",0.9,g
1971,Grillsås,"Kolhydrater, tillgängliga","Senap ketchup HP-sås soja ""smaksättare""",8.0,g
1971,Grillsås,Kolesterol,"Senap ketchup HP-sås soja ""smaksättare""",0.0,mg
1971,Grillsås,"Kalium, K","Senap ketchup HP-sås soja ""smaksättare""",174.0,mg
1971,Grillsås,Fullkorn totalt,"Senap ketchup HP-sås soja ""smaksättare""",0.0,g
1971,Grillsås,"Folat, totalt","Senap ketchup HP-sås soja ""smaksättare""",0.0,µg
1971,Grillsås,Fibrer,"Senap ketchup HP-sås soja ""smaksättare""",0.0,g
1971,Grillsås,"Fett, totalt","Senap ketchup HP-sås soja ""smaksättare""",6.9,g
1971,Grillsås,"Järn, Fe","Senap ketchup HP-sås soja ""smaksättare""",0.8,mg
1971,Grillsås,Energi (kJ),"Senap ketchup HP-sås soja ""smaksättare""",417.0,kJ
1971,Grillsås,Energi (kcal),"Senap ketchup HP-sås soja ""smaksättare""",100.0,kcal
1971,Grillsås,Disackarider,"Senap ketchup HP-sås soja ""smaksättare""",1.1,g
1971,Grillsås,"Kalcium, Ca","Senap ketchup HP-sås soja ""smaksättare""",21.0,mg
1971,Grillsås,Fettsyra 4:0-10:0,"Senap ketchup HP-sås soja ""smaksättare""",0.0,g
1971,Grillsås,DHA (C22:6),"Senap ketchup HP-sås soja ""smaksättare""",0.0,g
1971,Grillsås,DPA (C22:5),"Senap ketchup HP-sås soja ""smaksättare""",0.0,g
1971,Grillsås,EPA (C20:5),"Senap ketchup HP-sås soja ""smaksättare""",0.0,g
1971,Grillsås,Arakidonsyra C20:4,"Senap ketchup HP-sås soja ""smaksättare""",0.0,g
1971,Grillsås,Arakidinsyra C20:0,"Senap ketchup HP-sås soja ""smaksättare""",0.0,g
1971,Grillsås,Linolensyra C18:3,"Senap ketchup HP-sås soja ""smaksättare""",0.7,g
1971,Grillsås,Linolsyra C18:2,"Senap ketchup HP-sås soja ""smaksättare""",3.5,g
1971,Grillsås,Oljesyra C18:1,"Senap ketchup HP-sås soja ""smaksättare""",1.5,g
1971,Grillsås,Stearinsyra C18:0,"Senap ketchup HP-sås soja ""smaksättare""",0.1,g
1971,Grillsås,Palmitoljesyra C16:1,"Senap ketchup HP-sås soja ""smaksättare""",0.0,g
1971,Grillsås,Palmitinsyra C16:0,"Senap ketchup HP-sås soja ""smaksättare""",0.6,g
1971,Grillsås,Myristinsyra C14:0,"Senap ketchup HP-sås soja ""smaksättare""",0.0,g
1971,Grillsås,Laurinsyra C12:0,"Senap ketchup HP-sås soja ""smaksättare""",0.0,g
1971,Grillsås,Betakaroten/β-Karoten,"Senap ketchup HP-sås soja ""smaksättare""",0.0,µg
1971,Grillsås,Avfall (skal etc.),"Senap ketchup HP-sås soja ""smaksättare""",0.0,%
1971,Grillsås,Aska,"Senap ketchup HP-sås soja ""smaksättare""",2.7,g
1971,Grillsås,Alkohol,"Senap ketchup HP-sås soja ""smaksättare""",0.0,g
1972,Senap svensk,"Zink, Zn","Senap ketchup HP-sås soja ""smaksättare""",1.0,mg
1972,Senap svensk,Vitamin E,"Senap ketchup HP-sås soja ""smaksättare""",0.6,mg
1972,Senap svensk,Vitamin D inkl 25-OH-D3,"Senap ketchup HP-sås soja ""smaksättare""",0.0,µg
1972,Senap svensk,Vitamin D,"Senap ketchup HP-sås soja ""smaksättare""",0.0,µg
1972,Senap svensk,Vitamin C,"Senap ketchup HP-sås soja ""smaksättare""",0.0,mg
1972,Senap svensk,Vitamin B6,"Senap ketchup HP-sås soja ""smaksättare""",0.09,mg
1972,Senap svensk,Vitamin B12,"Senap ketchup HP-sås soja ""smaksättare""",0.0,µg
1972,Senap svensk,Vitamin A,"Senap ketchup HP-sås soja ""smaksättare""",0.9,RE/µg
1972,Senap svensk,Vatten,"Senap ketchup HP-sås soja ""smaksättare""",62.6,g
1972,Senap svensk,Tiamin,"Senap ketchup HP-sås soja ""smaksättare""",0.1,mg
1972,Senap svensk,Tillsatt socker,"Senap ketchup HP-sås soja ""smaksättare""",11.0,g
1972,Senap svensk,Fritt socker,"Senap ketchup HP-sås soja ""smaksättare""",11.0,g
1972,Senap svensk,"Selen, Se","Senap ketchup HP-sås soja ""smaksättare""",0.0,µg
1972,Senap svensk,Sackaros,"Senap ketchup HP-sås soja ""smaksättare""",8.1,g
1972,Senap svensk,Riboflavin,"Senap ketchup HP-sås soja ""smaksättare""",1.9,mg
1972,Senap svensk,Retinol,"Senap ketchup HP-sås soja ""smaksättare""",0.0,µg
1972,Senap svensk,Protein,"Senap ketchup HP-sås soja ""smaksättare""",4.5,g
1972,Senap svensk,Summa fleromättade fettsyror,"Senap ketchup HP-sås soja ""smaksättare""",1.7,g
1972,Senap svensk,"Fosfor, P","Senap ketchup HP-sås soja ""smaksättare""",150.0,mg
1972,Senap svensk,Niacinekvivalenter,"Senap ketchup HP-sås soja ""smaksättare""",1.9,NE/mg
1972,Senap svensk,Niacin,"Senap ketchup HP-sås soja ""smaksättare""",1.18,mg
1972,Senap svensk,"Salt, NaCl","Senap ketchup HP-sås soja ""smaksättare""",1.2,g
1972,Senap svensk,"Natrium, Na","Senap ketchup HP-sås soja ""smaksättare""",479.0,mg
1972,Senap svensk,Monosackarider,"Senap ketchup HP-sås soja ""smaksättare""",2.7,g
1972,Senap svensk,"Sockerarter, totalt","Senap ketchup HP-sås soja ""smaksättare""",10.8,g
1972,Senap svensk,Summa enkelomättade fettsyror,"Senap ketchup HP-sås soja ""smaksättare""",4.4,g
1972,Senap svensk,"Magnesium, Mg","Senap ketchup HP-sås soja ""smaksättare""",61.0,mg
1972,Senap svensk,Summa mättade fettsyror,"Senap ketchup HP-sås soja ""smaksättare""",0.4,g
1972,Senap svensk,"Kolhydrater, tillgängliga","Senap ketchup HP-sås soja ""smaksättare""",23.1,g
1972,Senap svensk,Kolesterol,"Senap ketchup HP-sås soja ""smaksättare""",0.0,mg
1972,Senap svensk,"Kalium, K","Senap ketchup HP-sås soja ""smaksättare""",156.0,mg
1972,Senap svensk,"Jod, I","Senap ketchup HP-sås soja ""smaksättare""",0.0,µg
1972,Senap svensk,Fullkorn totalt,"Senap ketchup HP-sås soja ""smaksättare""",0.0,g
1972,Senap svensk,"Folat, totalt","Senap ketchup HP-sås soja ""smaksättare""",14.8,µg
1972,Senap svensk,Fibrer,"Senap ketchup HP-sås soja ""smaksättare""",0.0,g
1972,Senap svensk,"Fett, totalt","Senap ketchup HP-sås soja ""smaksättare""",6.8,g
1972,Senap svensk,"Järn, Fe","Senap ketchup HP-sås soja ""smaksättare""",1.7,mg
1972,Senap svensk,Energi (kJ),"Senap ketchup HP-sås soja ""smaksättare""",722.0,kJ
1972,Senap svensk,Energi (kcal),"Senap ketchup HP-sås soja ""smaksättare""",173.0,kcal
1972,Senap svensk,Disackarider,"Senap ketchup HP-sås soja ""smaksättare""",8.1,g
1972,Senap svensk,"Kalcium, Ca","Senap ketchup HP-sås soja ""smaksättare""",98.0,mg
1972,Senap svensk,Fettsyra 4:0-10:0,"Senap ketchup HP-sås soja ""smaksättare""",0.0,g
1972,Senap svensk,DHA (C22:6),"Senap ketchup HP-sås soja ""smaksättare""",0.0,g
1972,Senap svensk,DPA (C22:5),"Senap ketchup HP-sås soja ""smaksättare""",0.0,g
1972,Senap svensk,EPA (C20:5),"Senap ketchup HP-sås soja ""smaksättare""",0.0,g
1972,Senap svensk,Arakidonsyra C20:4,"Senap ketchup HP-sås soja ""smaksättare""",0.0,g
1972,Senap svensk,Arakidinsyra C20:0,"Senap ketchup HP-sås soja ""smaksättare""",0.0,g
1972,Senap svensk,Linolensyra C18:3,"Senap ketchup HP-sås soja ""smaksättare""",0.7,g
1972,Senap svensk,Linolsyra C18:2,"Senap ketchup HP-sås soja ""smaksättare""",0.9,g
1972,Senap svensk,Oljesyra C18:1,"Senap ketchup HP-sås soja ""smaksättare""",1.6,g
1972,Senap svensk,Stearinsyra C18:0,"Senap ketchup HP-sås soja ""smaksättare""",0.1,g
1972,Senap svensk,Palmitoljesyra C16:1,"Senap ketchup HP-sås soja ""smaksättare""",0.0,g
1972,Senap svensk,Palmitinsyra C16:0,"Senap ketchup HP-sås soja ""smaksättare""",0.2,g
1972,Senap svensk,Myristinsyra C14:0,"Senap ketchup HP-sås soja ""smaksättare""",0.0,g
1972,Senap svensk,Laurinsyra C12:0,"Senap ketchup HP-sås soja ""smaksättare""",0.0,g
1972,Senap svensk,Betakaroten/β-Karoten,"Senap ketchup HP-sås soja ""smaksättare""",11.0,µg
1972,Senap svensk,Avfall (skal etc.),"Senap ketchup HP-sås soja ""smaksättare""",0.0,%
1972,Senap svensk,Aska,"Senap ketchup HP-sås soja ""smaksättare""",2.9,g
1972,Senap svensk,Alkohol,"Senap ketchup HP-sås soja ""smaksättare""",0.0,g
1973,Senap fransk,"Zink, Zn","Senap ketchup HP-sås soja ""smaksättare""",0.7,mg
1973,Senap fransk,Vitamin E,"Senap ketchup HP-sås soja ""smaksättare""",1.8,mg
1973,Senap fransk,Vitamin D inkl 25-OH-D3,"Senap ketchup HP-sås soja ""smaksättare""",0.0,µg
1973,Senap fransk,Vitamin D,"Senap ketchup HP-sås soja ""smaksättare""",0.0,µg
1973,Senap fransk,Vitamin C,"Senap ketchup HP-sås soja ""smaksättare""",0.0,mg
1973,Senap fransk,Vitamin B6,"Senap ketchup HP-sås soja ""smaksättare""",0.01,mg
1973,Senap fransk,Vitamin B12,"Senap ketchup HP-sås soja ""smaksättare""",0.0,µg
1973,Senap fransk,Vitamin A,"Senap ketchup HP-sås soja ""smaksättare""",0.0,RE/µg
1973,Senap fransk,Vatten,"Senap ketchup HP-sås soja ""smaksättare""",79.6,g
1973,Senap fransk,Tiamin,"Senap ketchup HP-sås soja ""smaksättare""",0.1,mg
1973,Senap fransk,Tillsatt socker,"Senap ketchup HP-sås soja ""smaksättare""",0.0,g
1973,Senap fransk,Fritt socker,"Senap ketchup HP-sås soja ""smaksättare""",0.0,g
1973,Senap fransk,"Selen, Se","Senap ketchup HP-sås soja ""smaksättare""",6.0,µg
1973,Senap fransk,Sackaros,"Senap ketchup HP-sås soja ""smaksättare""",0.0,g
1973,Senap fransk,Riboflavin,"Senap ketchup HP-sås soja ""smaksättare""",0.2,mg
1973,Senap fransk,Retinol,"Senap ketchup HP-sås soja ""smaksättare""",0.0,µg
1973,Senap fransk,Protein,"Senap ketchup HP-sås soja ""smaksättare""",6.0,g
1973,Senap fransk,Summa fleromättade fettsyror,"Senap ketchup HP-sås soja ""smaksättare""",1.2,g
1973,Senap fransk,"Fosfor, P","Senap ketchup HP-sås soja ""smaksättare""",75.0,mg
1973,Senap fransk,Niacinekvivalenter,"Senap ketchup HP-sås soja ""smaksättare""",1.0,NE/mg
1973,Senap fransk,Niacin,"Senap ketchup HP-sås soja ""smaksättare""",0.0,mg
1973,Senap fransk,"Salt, NaCl","Senap ketchup HP-sås soja ""smaksättare""",0.1,g
1973,Senap fransk,"Natrium, Na","Senap ketchup HP-sås soja ""smaksättare""",55.0,mg
1973,Senap fransk,Monosackarider,"Senap ketchup HP-sås soja ""smaksättare""",0.0,g
1973,Senap fransk,"Sockerarter, totalt","Senap ketchup HP-sås soja ""smaksättare""",0.9,g
1973,Senap fransk,Summa enkelomättade fettsyror,"Senap ketchup HP-sås soja ""smaksättare""",3.2,g
1973,Senap fransk,"Magnesium, Mg","Senap ketchup HP-sås soja ""smaksättare""",117.0,mg
1973,Senap fransk,Summa mättade fettsyror,"Senap ketchup HP-sås soja ""smaksättare""",0.2,g
1973,Senap fransk,"Kolhydrater, tillgängliga","Senap ketchup HP-sås soja ""smaksättare""",5.3,g
1973,Senap fransk,Kolesterol,"Senap ketchup HP-sås soja ""smaksättare""",0.0,mg
1973,Senap fransk,"Kalium, K","Senap ketchup HP-sås soja ""smaksättare""",260.0,mg
1973,Senap fransk,"Jod, I","Senap ketchup HP-sås soja ""smaksättare""",3.0,µg
1973,Senap fransk,Fullkorn totalt,"Senap ketchup HP-sås soja ""smaksättare""",0.0,g
1973,Senap fransk,"Folat, totalt","Senap ketchup HP-sås soja ""smaksättare""",0.0,µg
1973,Senap fransk,Fibrer,"Senap ketchup HP-sås soja ""smaksättare""",1.7,g
1973,Senap fransk,"Fett, totalt","Senap ketchup HP-sås soja ""smaksättare""",5.0,g
1973,Senap fransk,"Järn, Fe","Senap ketchup HP-sås soja ""smaksättare""",2.6,mg
1973,Senap fransk,Energi (kJ),"Senap ketchup HP-sås soja ""smaksättare""",391.0,kJ
1973,Senap fransk,Energi (kcal),"Senap ketchup HP-sås soja ""smaksättare""",93.0,kcal
1973,Senap fransk,Disackarider,"Senap ketchup HP-sås soja ""smaksättare""",0.0,g
1973,Senap fransk,"Kalcium, Ca","Senap ketchup HP-sås soja ""smaksättare""",500.0,mg
1973,Senap fransk,Fettsyra 4:0-10:0,"Senap ketchup HP-sås soja ""smaksättare""",0.0,g
1973,Senap fransk,DHA (C22:6),"Senap ketchup HP-sås soja ""smaksättare""",0.0,g
1973,Senap fransk,DPA (C22:5),"Senap ketchup HP-sås soja ""smaksättare""",0.0,g
1973,Senap fransk,EPA (C20:5),"Senap ketchup HP-sås soja ""smaksättare""",0.0,g
1973,Senap fransk,Arakidonsyra C20:4,"Senap ketchup HP-sås soja ""smaksättare""",0.0,g
1973,Senap fransk,Arakidinsyra C20:0,"Senap ketchup HP-sås soja ""smaksättare""",0.0,g
1973,Senap fransk,Linolensyra C18:3,"Senap ketchup HP-sås soja ""smaksättare""",0.5,g
1973,Senap fransk,Linolsyra C18:2,"Senap ketchup HP-sås soja ""smaksättare""",0.6,g
1973,Senap fransk,Oljesyra C18:1,"Senap ketchup HP-sås soja ""smaksättare""",1.0,g
1973,Senap fransk,Stearinsyra C18:0,"Senap ketchup HP-sås soja ""smaksättare""",0.0,g
1973,Senap fransk,Palmitoljesyra C16:1,"Senap ketchup HP-sås soja ""smaksättare""",0.0,g
1973,Senap fransk,Palmitinsyra C16:0,"Senap ketchup HP-sås soja ""smaksättare""",0.1,g
1973,Senap fransk,Myristinsyra C14:0,"Senap ketchup HP-sås soja ""smaksättare""",0.0,g
1973,Senap fransk,Laurinsyra C12:0,"Senap ketchup HP-sås soja ""smaksättare""",0.0,g
1973,Senap fransk,Betakaroten/β-Karoten,"Senap ketchup HP-sås soja ""smaksättare""",0.0,µg
1973,Senap fransk,Avfall (skal etc.),"Senap ketchup HP-sås soja ""smaksättare""",0.0,%
1973,Senap fransk,Aska,"Senap ketchup HP-sås soja ""smaksättare""",2.4,g
1973,Senap fransk,Alkohol,"Senap ketchup HP-sås soja ""smaksättare""",0.0,g
1974,Sötsur sås,"Zink, Zn",Sås dressing majonnäs ,0.0,mg
1974,Sötsur sås,Vitamin E,Sås dressing majonnäs ,0.0,mg
1974,Sötsur sås,Vitamin D inkl 25-OH-D3,Sås dressing majonnäs ,0.0,µg
1974,Sötsur sås,Vitamin D,Sås dressing majonnäs ,0.0,µg
1974,Sötsur sås,Vitamin C,Sås dressing majonnäs ,0.0,mg
1974,Sötsur sås,Vitamin B6,Sås dressing majonnäs ,0.0,mg
1974,Sötsur sås,Vitamin B12,Sås dressing majonnäs ,0.0,µg
1974,Sötsur sås,Vitamin A,Sås dressing majonnäs ,0.0,RE/µg
1974,Sötsur sås,Vatten,Sås dressing majonnäs ,76.0,g
1974,Sötsur sås,Tiamin,Sås dressing majonnäs ,0.0,mg
1974,Sötsur sås,Tillsatt socker,Sås dressing majonnäs ,10.0,g
1974,Sötsur sås,Fritt socker,Sås dressing majonnäs ,10.0,g
1974,Sötsur sås,"Selen, Se",Sås dressing majonnäs ,0.0,µg
1974,Sötsur sås,Sackaros,Sås dressing majonnäs ,0.0,g
1974,Sötsur sås,Riboflavin,Sås dressing majonnäs ,0.03,mg
1974,Sötsur sås,Retinol,Sås dressing majonnäs ,0.0,µg
1974,Sötsur sås,Protein,Sås dressing majonnäs ,0.2,g
1974,Sötsur sås,Summa fleromättade fettsyror,Sås dressing majonnäs ,0.0,g
1974,Sötsur sås,"Fosfor, P",Sås dressing majonnäs ,5.0,mg
1974,Sötsur sås,Niacinekvivalenter,Sås dressing majonnäs ,0.03,NE/mg
1974,Sötsur sås,Niacin,Sås dressing majonnäs ,0.0,mg
1974,Sötsur sås,"Salt, NaCl",Sås dressing majonnäs ,0.6,g
1974,Sötsur sås,"Natrium, Na",Sås dressing majonnäs ,249.0,mg
1974,Sötsur sås,Monosackarider,Sås dressing majonnäs ,11.6,g
1974,Sötsur sås,"Sockerarter, totalt",Sås dressing majonnäs ,11.6,g
1974,Sötsur sås,Summa enkelomättade fettsyror,Sås dressing majonnäs ,0.0,g
1974,Sötsur sås,"Magnesium, Mg",Sås dressing majonnäs ,3.0,mg
1974,Sötsur sås,Summa mättade fettsyror,Sås dressing majonnäs ,0.0,g
1974,Sötsur sås,"Kolhydrater, tillgängliga",Sås dressing majonnäs ,23.3,g
1974,Sötsur sås,Kolesterol,Sås dressing majonnäs ,0.0,mg
1974,Sötsur sås,"Kalium, K",Sås dressing majonnäs ,21.0,mg
1974,Sötsur sås,"Jod, I",Sås dressing majonnäs ,0.7,µg
1974,Sötsur sås,Fullkorn totalt,Sås dressing majonnäs ,0.0,g
1974,Sötsur sås,"Folat, totalt",Sås dressing majonnäs ,0.0,µg
1974,Sötsur sås,Fibrer,Sås dressing majonnäs ,0.0,g
1974,Sötsur sås,"Fett, totalt",Sås dressing majonnäs ,0.0,g
1974,Sötsur sås,"Järn, Fe",Sås dressing majonnäs ,0.5,mg
1974,Sötsur sås,Energi (kJ),Sås dressing majonnäs ,400.0,kJ
1974,Sötsur sås,Energi (kcal),Sås dressing majonnäs ,96.0,kcal
1974,Sötsur sås,Disackarider,Sås dressing majonnäs ,0.0,g
1974,Sötsur sås,"Kalcium, Ca",Sås dressing majonnäs ,13.0,mg
1974,Sötsur sås,Fettsyra 4:0-10:0,Sås dressing majonnäs ,0.0,g
1974,Sötsur sås,DHA (C22:6),Sås dressing majonnäs ,0.0,g
1974,Sötsur sås,DPA (C22:5),Sås dressing majonnäs ,0.0,g
1974,Sötsur sås,EPA (C20:5),Sås dressing majonnäs ,0.0,g
1974,Sötsur sås,Arakidonsyra C20:4,Sås dressing majonnäs ,0.0,g
1974,Sötsur sås,Arakidinsyra C20:0,Sås dressing majonnäs ,0.0,g
1974,Sötsur sås,Linolensyra C18:3,Sås dressing majonnäs ,0.0,g
1974,Sötsur sås,Linolsyra C18:2,Sås dressing majonnäs ,0.0,g
1974,Sötsur sås,Oljesyra C18:1,Sås dressing majonnäs ,0.0,g
1974,Sötsur sås,Stearinsyra C18:0,Sås dressing majonnäs ,0.0,g
1974,Sötsur sås,Palmitoljesyra C16:1,Sås dressing majonnäs ,0.0,g
1974,Sötsur sås,Palmitinsyra C16:0,Sås dressing majonnäs ,0.0,g
1974,Sötsur sås,Myristinsyra C14:0,Sås dressing majonnäs ,0.0,g
1974,Sötsur sås,Laurinsyra C12:0,Sås dressing majonnäs ,0.0,g
1974,Sötsur sås,Betakaroten/β-Karoten,Sås dressing majonnäs ,0.0,µg
1974,Sötsur sås,Avfall (skal etc.),Sås dressing majonnäs ,0.0,%
1974,Sötsur sås,Aska,Sås dressing majonnäs ,0.5,g
1974,Sötsur sås,Alkohol,Sås dressing majonnäs ,0.0,g
1975,Salt m. jod,"Zink, Zn",Salt,0.1,mg
1975,Salt m. jod,Vitamin E,Salt,0.0,mg
1975,Salt m. jod,Vitamin D inkl 25-OH-D3,Salt,0.0,µg
1975,Salt m. jod,Vitamin D,Salt,0.0,µg
1975,Salt m. jod,Vitamin C,Salt,0.0,mg
1975,Salt m. jod,Vitamin B6,Salt,0.0,mg
1975,Salt m. jod,Vitamin B12,Salt,0.0,µg
1975,Salt m. jod,Vitamin A,Salt,0.0,RE/µg
1975,Salt m. jod,Vatten,Salt,0.5,g
1975,Salt m. jod,Tiamin,Salt,0.0,mg
1975,Salt m. jod,Tillsatt socker,Salt,0.0,g
1975,Salt m. jod,Fritt socker,Salt,0.0,g
1975,Salt m. jod,"Selen, Se",Salt,0.0,µg
1975,Salt m. jod,Sackaros,Salt,0.0,g
1975,Salt m. jod,Riboflavin,Salt,0.0,mg
1975,Salt m. jod,Retinol,Salt,0.0,µg
1975,Salt m. jod,Protein,Salt,0.0,g
1975,Salt m. jod,Summa fleromättade fettsyror,Salt,0.0,g
1975,Salt m. jod,"Fosfor, P",Salt,70.0,mg
1975,Salt m. jod,Niacinekvivalenter,Salt,0.0,NE/mg
1975,Salt m. jod,Niacin,Salt,0.0,mg
1975,Salt m. jod,"Salt, NaCl",Salt,99.0,g
1975,Salt m. jod,"Natrium, Na",Salt,39600.0,mg
1975,Salt m. jod,Monosackarider,Salt,0.0,g
1975,Salt m. jod,"Sockerarter, totalt",Salt,0.0,g
1975,Salt m. jod,Summa enkelomättade fettsyror,Salt,0.0,g
1975,Salt m. jod,"Magnesium, Mg",Salt,33.0,mg
1975,Salt m. jod,Summa mättade fettsyror,Salt,0.0,g
1975,Salt m. jod,"Kolhydrater, tillgängliga",Salt,0.0,g
1975,Salt m. jod,Kolesterol,Salt,0.0,mg
1975,Salt m. jod,"Kalium, K",Salt,37.0,mg
1975,Salt m. jod,"Jod, I",Salt,5000.0,µg
1975,Salt m. jod,Fullkorn totalt,Salt,0.0,g
1975,Salt m. jod,"Folat, totalt",Salt,0.0,µg
1975,Salt m. jod,Fibrer,Salt,0.0,g
1975,Salt m. jod,"Fett, totalt",Salt,0.0,g
1975,Salt m. jod,"Järn, Fe",Salt,0.8,mg
1975,Salt m. jod,Energi (kJ),Salt,0.0,kJ
1975,Salt m. jod,Energi (kcal),Salt,0.0,kcal
1975,Salt m. jod,Disackarider,Salt,0.0,g
1975,Salt m. jod,"Kalcium, Ca",Salt,150.0,mg
1975,Salt m. jod,Fettsyra 4:0-10:0,Salt,0.0,g
1975,Salt m. jod,DHA (C22:6),Salt,0.0,g
1975,Salt m. jod,DPA (C22:5),Salt,0.0,g
1975,Salt m. jod,EPA (C20:5),Salt,0.0,g
1975,Salt m. jod,Arakidonsyra C20:4,Salt,0.0,g
1975,Salt m. jod,Arakidinsyra C20:0,Salt,0.0,g
1975,Salt m. jod,Linolensyra C18:3,Salt,0.0,g
1975,Salt m. jod,Linolsyra C18:2,Salt,0.0,g
1975,Salt m. jod,Oljesyra C18:1,Salt,0.0,g
1975,Salt m. jod,Stearinsyra C18:0,Salt,0.0,g
1975,Salt m. jod,Palmitoljesyra C16:1,Salt,0.0,g
1975,Salt m. jod,Palmitinsyra C16:0,Salt,0.0,g
1975,Salt m. jod,Myristinsyra C14:0,Salt,0.0,g
1975,Salt m. jod,Laurinsyra C12:0,Salt,0.0,g
1975,Salt m. jod,Betakaroten/β-Karoten,Salt,0.0,µg
1975,Salt m. jod,Avfall (skal etc.),Salt,0.0,%
1975,Salt m. jod,Aska,Salt,99.5,g
1975,Salt m. jod,Alkohol,Salt,0.0,g
1976,Salt mineralsalt,"Zink, Zn",Salt,0.2,mg
1976,Salt mineralsalt,Vitamin E,Salt,0.0,mg
1976,Salt mineralsalt,Vitamin D inkl 25-OH-D3,Salt,0.0,µg
1976,Salt mineralsalt,Vitamin D,Salt,0.0,µg
1976,Salt mineralsalt,Vitamin C,Salt,0.0,mg
1976,Salt mineralsalt,Vitamin B6,Salt,0.0,mg
1976,Salt mineralsalt,Vitamin B12,Salt,0.0,µg
1976,Salt mineralsalt,Vitamin A,Salt,0.0,RE/µg
1976,Salt mineralsalt,Vatten,Salt,0.2,g
1976,Salt mineralsalt,Tiamin,Salt,0.0,mg
1976,Salt mineralsalt,Tillsatt socker,Salt,0.0,g
1976,Salt mineralsalt,Fritt socker,Salt,0.0,g
1976,Salt mineralsalt,"Selen, Se",Salt,0.0,µg
1976,Salt mineralsalt,Sackaros,Salt,0.0,g
1976,Salt mineralsalt,Riboflavin,Salt,0.0,mg
1976,Salt mineralsalt,Retinol,Salt,0.0,µg
1976,Salt mineralsalt,Protein,Salt,0.0,g
1976,Salt mineralsalt,Summa fleromättade fettsyror,Salt,0.0,g
1976,Salt mineralsalt,"Fosfor, P",Salt,70.0,mg
1976,Salt mineralsalt,Niacinekvivalenter,Salt,0.0,NE/mg
1976,Salt mineralsalt,Niacin,Salt,0.0,mg
1976,Salt mineralsalt,"Salt, NaCl",Salt,64.2,g
1976,Salt mineralsalt,"Natrium, Na",Salt,25700.0,mg
1976,Salt mineralsalt,Monosackarider,Salt,0.0,g
1976,Salt mineralsalt,"Sockerarter, totalt",Salt,0.0,g
1976,Salt mineralsalt,Summa enkelomättade fettsyror,Salt,0.0,g
1976,Salt mineralsalt,"Magnesium, Mg",Salt,1000.0,mg
1976,Salt mineralsalt,Summa mättade fettsyror,Salt,0.0,g
1976,Salt mineralsalt,"Kolhydrater, tillgängliga",Salt,0.0,g
1976,Salt mineralsalt,Kolesterol,Salt,0.0,mg
1976,Salt mineralsalt,"Kalium, K",Salt,13000.0,mg
1976,Salt mineralsalt,"Jod, I",Salt,0.0,µg
1976,Salt mineralsalt,Fullkorn totalt,Salt,0.0,g
1976,Salt mineralsalt,"Folat, totalt",Salt,0.0,µg
1976,Salt mineralsalt,Fibrer,Salt,0.0,g
1976,Salt mineralsalt,"Fett, totalt",Salt,0.0,g
1976,Salt mineralsalt,"Järn, Fe",Salt,0.9,mg
1976,Salt mineralsalt,Energi (kJ),Salt,0.0,kJ
1976,Salt mineralsalt,Energi (kcal),Salt,0.0,kcal
1976,Salt mineralsalt,Disackarider,Salt,0.0,g
1976,Salt mineralsalt,"Kalcium, Ca",Salt,43.0,mg
1976,Salt mineralsalt,Fettsyra 4:0-10:0,Salt,0.0,g
1976,Salt mineralsalt,DHA (C22:6),Salt,0.0,g
1976,Salt mineralsalt,DPA (C22:5),Salt,0.0,g
1976,Salt mineralsalt,EPA (C20:5),Salt,0.0,g
1976,Salt mineralsalt,Arakidonsyra C20:4,Salt,0.0,g
1976,Salt mineralsalt,Arakidinsyra C20:0,Salt,0.0,g
1976,Salt mineralsalt,Linolensyra C18:3,Salt,0.0,g
1976,Salt mineralsalt,Linolsyra C18:2,Salt,0.0,g
1976,Salt mineralsalt,Oljesyra C18:1,Salt,0.0,g
1976,Salt mineralsalt,Stearinsyra C18:0,Salt,0.0,g
1976,Salt mineralsalt,Palmitoljesyra C16:1,Salt,0.0,g
1976,Salt mineralsalt,Palmitinsyra C16:0,Salt,0.0,g
1976,Salt mineralsalt,Myristinsyra C14:0,Salt,0.0,g
1976,Salt mineralsalt,Laurinsyra C12:0,Salt,0.0,g
1976,Salt mineralsalt,Betakaroten/β-Karoten,Salt,0.0,µg
1976,Salt mineralsalt,Avfall (skal etc.),Salt,0.0,%
1976,Salt mineralsalt,Aska,Salt,99.8,g
1976,Salt mineralsalt,Alkohol,Salt,0.0,g
1977,Salt havssalt u. jod,"Zink, Zn",Salt,0.1,mg
1977,Salt havssalt u. jod,Vitamin E,Salt,0.0,mg
1977,Salt havssalt u. jod,Vitamin D inkl 25-OH-D3,Salt,0.0,µg
1977,Salt havssalt u. jod,Vitamin D,Salt,0.0,µg
1977,Salt havssalt u. jod,Vitamin C,Salt,0.0,mg
1977,Salt havssalt u. jod,Vitamin B6,Salt,0.0,mg
1977,Salt havssalt u. jod,Vitamin B12,Salt,0.0,µg
1977,Salt havssalt u. jod,Vitamin A,Salt,0.0,RE/µg
1977,Salt havssalt u. jod,Vatten,Salt,4.0,g
1977,Salt havssalt u. jod,Tiamin,Salt,0.0,mg
1977,Salt havssalt u. jod,Tillsatt socker,Salt,0.0,g
1977,Salt havssalt u. jod,Fritt socker,Salt,0.0,g
1977,Salt havssalt u. jod,"Selen, Se",Salt,0.0,µg
1977,Salt havssalt u. jod,Sackaros,Salt,0.0,g
1977,Salt havssalt u. jod,Riboflavin,Salt,0.0,mg
1977,Salt havssalt u. jod,Retinol,Salt,0.0,µg
1977,Salt havssalt u. jod,Protein,Salt,0.0,g
1977,Salt havssalt u. jod,Summa fleromättade fettsyror,Salt,0.0,g
1977,Salt havssalt u. jod,"Fosfor, P",Salt,1.0,mg
1977,Salt havssalt u. jod,Niacinekvivalenter,Salt,0.0,NE/mg
1977,Salt havssalt u. jod,Niacin,Salt,0.0,mg
1977,Salt havssalt u. jod,"Salt, NaCl",Salt,94.0,g
1977,Salt havssalt u. jod,"Natrium, Na",Salt,37600.0,mg
1977,Salt havssalt u. jod,Monosackarider,Salt,0.0,g
1977,Salt havssalt u. jod,"Sockerarter, totalt",Salt,0.0,g
1977,Salt havssalt u. jod,Summa enkelomättade fettsyror,Salt,0.0,g
1977,Salt havssalt u. jod,"Magnesium, Mg",Salt,37.0,mg
1977,Salt havssalt u. jod,Summa mättade fettsyror,Salt,0.0,g
1977,Salt havssalt u. jod,"Kolhydrater, tillgängliga",Salt,0.0,g
1977,Salt havssalt u. jod,Kolesterol,Salt,0.0,mg
1977,Salt havssalt u. jod,"Kalium, K",Salt,56.0,mg
1977,Salt havssalt u. jod,"Jod, I",Salt,0.0,µg
1977,Salt havssalt u. jod,Fullkorn totalt,Salt,0.0,g
1977,Salt havssalt u. jod,"Folat, totalt",Salt,0.0,µg
1977,Salt havssalt u. jod,Fibrer,Salt,0.0,g
1977,Salt havssalt u. jod,"Fett, totalt",Salt,0.0,g
1977,Salt havssalt u. jod,"Järn, Fe",Salt,3.0,mg
1977,Salt havssalt u. jod,Energi (kJ),Salt,0.0,kJ
1977,Salt havssalt u. jod,Energi (kcal),Salt,0.0,kcal
1977,Salt havssalt u. jod,Disackarider,Salt,0.0,g
1977,Salt havssalt u. jod,"Kalcium, Ca",Salt,51.0,mg
1977,Salt havssalt u. jod,Fettsyra 4:0-10:0,Salt,0.0,g
1977,Salt havssalt u. jod,DHA (C22:6),Salt,0.0,g
1977,Salt havssalt u. jod,DPA (C22:5),Salt,0.0,g
1977,Salt havssalt u. jod,EPA (C20:5),Salt,0.0,g
1977,Salt havssalt u. jod,Arakidonsyra C20:4,Salt,0.0,g
1977,Salt havssalt u. jod,Arakidinsyra C20:0,Salt,0.0,g
1977,Salt havssalt u. jod,Linolensyra C18:3,Salt,0.0,g
1977,Salt havssalt u. jod,Linolsyra C18:2,Salt,0.0,g
1977,Salt havssalt u. jod,Oljesyra C18:1,Salt,0.0,g
1977,Salt havssalt u. jod,Stearinsyra C18:0,Salt,0.0,g
1977,Salt havssalt u. jod,Palmitoljesyra C16:1,Salt,0.0,g
1977,Salt havssalt u. jod,Palmitinsyra C16:0,Salt,0.0,g
1977,Salt havssalt u. jod,Myristinsyra C14:0,Salt,0.0,g
1977,Salt havssalt u. jod,Laurinsyra C12:0,Salt,0.0,g
1977,Salt havssalt u. jod,Betakaroten/β-Karoten,Salt,0.0,µg
1977,Salt havssalt u. jod,Avfall (skal etc.),Salt,0.0,%
1977,Salt havssalt u. jod,Aska,Salt,96.0,g
1977,Salt havssalt u. jod,Alkohol,Salt,0.0,g
1978,Salt örtsalt,"Zink, Zn",Salt,0.2,mg
1978,Salt örtsalt,Vitamin E,Salt,0.2,mg
1978,Salt örtsalt,Vitamin D inkl 25-OH-D3,Salt,0.0,µg
1978,Salt örtsalt,Vitamin D,Salt,0.0,µg
1978,Salt örtsalt,Vitamin C,Salt,1.3,mg
1978,Salt örtsalt,Vitamin B6,Salt,0.07,mg
1978,Salt örtsalt,Vitamin B12,Salt,0.0,µg
1978,Salt örtsalt,Vitamin A,Salt,26.5,RE/µg
1978,Salt örtsalt,Vatten,Salt,4.2,g
1978,Salt örtsalt,Tiamin,Salt,0.02,mg
1978,Salt örtsalt,Tillsatt socker,Salt,0.0,g
1978,Salt örtsalt,Fritt socker,Salt,0.0,g
1978,Salt örtsalt,"Selen, Se",Salt,0.5,µg
1978,Salt örtsalt,Sackaros,Salt,0.1,g
1978,Salt örtsalt,Riboflavin,Salt,0.04,mg
1978,Salt örtsalt,Retinol,Salt,0.0,µg
1978,Salt örtsalt,Protein,Salt,0.9,g
1978,Salt örtsalt,Summa fleromättade fettsyror,Salt,0.0,g
1978,Salt örtsalt,"Fosfor, P",Salt,18.0,mg
1978,Salt örtsalt,Niacinekvivalenter,Salt,0.4,NE/mg
1978,Salt örtsalt,Niacin,Salt,0.26,mg
1978,Salt örtsalt,"Salt, NaCl",Salt,88.5,g
1978,Salt örtsalt,"Natrium, Na",Salt,35385.0,mg
1978,Salt örtsalt,Monosackarider,Salt,0.1,g
1978,Salt örtsalt,"Sockerarter, totalt",Salt,0.2,g
1978,Salt örtsalt,Summa enkelomättade fettsyror,Salt,0.0,g
1978,Salt örtsalt,"Magnesium, Mg",Salt,52.0,mg
1978,Salt örtsalt,Summa mättade fettsyror,Salt,0.0,g
1978,Salt örtsalt,"Kolhydrater, tillgängliga",Salt,2.7,g
1978,Salt örtsalt,Kolesterol,Salt,0.0,mg
1978,Salt örtsalt,"Kalium, K",Salt,221.0,mg
1978,Salt örtsalt,"Jod, I",Salt,600.0,µg
1978,Salt örtsalt,Fullkorn totalt,Salt,0.0,g
1978,Salt örtsalt,"Folat, totalt",Salt,17.8,µg
1978,Salt örtsalt,Fibrer,Salt,1.3,g
1978,Salt örtsalt,"Fett, totalt",Salt,0.1,g
1978,Salt örtsalt,"Järn, Fe",Salt,5.4,mg
1978,Salt örtsalt,Energi (kJ),Salt,76.0,kJ
1978,Salt örtsalt,Energi (kcal),Salt,18.0,kcal
1978,Salt örtsalt,Disackarider,Salt,0.1,g
1978,Salt örtsalt,"Kalcium, Ca",Salt,115.0,mg
1978,Salt örtsalt,Fettsyra 4:0-10:0,Salt,0.0,g
1978,Salt örtsalt,DHA (C22:6),Salt,0.0,g
1978,Salt örtsalt,DPA (C22:5),Salt,0.0,g
1978,Salt örtsalt,EPA (C20:5),Salt,0.0,g
1978,Salt örtsalt,Arakidonsyra C20:4,Salt,0.0,g
1978,Salt örtsalt,Arakidinsyra C20:0,Salt,0.0,g
1978,Salt örtsalt,Linolensyra C18:3,Salt,0.1,g
1978,Salt örtsalt,Linolsyra C18:2,Salt,0.0,g
1978,Salt örtsalt,Oljesyra C18:1,Salt,0.0,g
1978,Salt örtsalt,Stearinsyra C18:0,Salt,0.0,g
1978,Salt örtsalt,Palmitoljesyra C16:1,Salt,0.0,g
1978,Salt örtsalt,Palmitinsyra C16:0,Salt,0.0,g
1978,Salt örtsalt,Myristinsyra C14:0,Salt,0.0,g
1978,Salt örtsalt,Laurinsyra C12:0,Salt,0.0,g
1978,Salt örtsalt,Betakaroten/β-Karoten,Salt,318.0,µg
1978,Salt örtsalt,Avfall (skal etc.),Salt,0.0,%
1978,Salt örtsalt,Aska,Salt,90.8,g
1978,Salt örtsalt,Alkohol,Salt,0.0,g
1979,Jäst färsk,"Zink, Zn",Jäst bakpulver,4.5,mg
1979,Jäst färsk,Vitamin E,Jäst bakpulver,0.2,mg
1979,Jäst färsk,Vitamin D inkl 25-OH-D3,Jäst bakpulver,0.0,µg
1979,Jäst färsk,Vitamin D,Jäst bakpulver,0.0,µg
1979,Jäst färsk,Vitamin C,Jäst bakpulver,0.0,mg
1979,Jäst färsk,Vitamin B6,Jäst bakpulver,0.6,mg
1979,Jäst färsk,Vitamin B12,Jäst bakpulver,0.0,µg
1979,Jäst färsk,Vitamin A,Jäst bakpulver,0.0,RE/µg
1979,Jäst färsk,Vatten,Jäst bakpulver,71.0,g
1979,Jäst färsk,Tiamin,Jäst bakpulver,0.71,mg
1979,Jäst färsk,Tillsatt socker,Jäst bakpulver,0.0,g
1979,Jäst färsk,Fritt socker,Jäst bakpulver,0.0,g
1979,Jäst färsk,"Selen, Se",Jäst bakpulver,1.0,µg
1979,Jäst färsk,Sackaros,Jäst bakpulver,0.0,g
1979,Jäst färsk,Riboflavin,Jäst bakpulver,1.65,mg
1979,Jäst färsk,Retinol,Jäst bakpulver,0.0,µg
1979,Jäst färsk,Protein,Jäst bakpulver,12.1,g
1979,Jäst färsk,Summa fleromättade fettsyror,Jäst bakpulver,0.0,g
1979,Jäst färsk,"Fosfor, P",Jäst bakpulver,395.0,mg
1979,Jäst färsk,Niacinekvivalenter,Jäst bakpulver,13.22,NE/mg
1979,Jäst färsk,Niacin,Jäst bakpulver,11.2,mg
1979,Jäst färsk,"Salt, NaCl",Jäst bakpulver,0.0,g
1979,Jäst färsk,"Natrium, Na",Jäst bakpulver,16.0,mg
1979,Jäst färsk,Monosackarider,Jäst bakpulver,0.0,g
1979,Jäst färsk,"Sockerarter, totalt",Jäst bakpulver,4.4,g
1979,Jäst färsk,Summa enkelomättade fettsyror,Jäst bakpulver,0.3,g
1979,Jäst färsk,"Magnesium, Mg",Jäst bakpulver,59.0,mg
1979,Jäst färsk,Summa mättade fettsyror,Jäst bakpulver,0.0,g
1979,Jäst färsk,"Kolhydrater, tillgängliga",Jäst bakpulver,14.1,g
1979,Jäst färsk,Kolesterol,Jäst bakpulver,0.0,mg
1979,Jäst färsk,"Kalium, K",Jäst bakpulver,610.0,mg
1979,Jäst färsk,"Jod, I",Jäst bakpulver,4.0,µg
1979,Jäst färsk,Fullkorn totalt,Jäst bakpulver,0.0,g
1979,Jäst färsk,"Folat, totalt",Jäst bakpulver,999.8,µg
1979,Jäst färsk,Fibrer,Jäst bakpulver,0.0,g
1979,Jäst färsk,"Fett, totalt",Jäst bakpulver,0.4,g
1979,Jäst färsk,"Järn, Fe",Jäst bakpulver,4.9,mg
1979,Jäst färsk,Energi (kJ),Jäst bakpulver,460.0,kJ
1979,Jäst färsk,Energi (kcal),Jäst bakpulver,110.0,kcal
1979,Jäst färsk,Disackarider,Jäst bakpulver,0.0,g
1979,Jäst färsk,"Kalcium, Ca",Jäst bakpulver,13.0,mg
1979,Jäst färsk,Fettsyra 4:0-10:0,Jäst bakpulver,0.0,g
1979,Jäst färsk,DHA (C22:6),Jäst bakpulver,0.0,g
1979,Jäst färsk,DPA (C22:5),Jäst bakpulver,0.0,g
1979,Jäst färsk,EPA (C20:5),Jäst bakpulver,0.0,g
1979,Jäst färsk,Arakidonsyra C20:4,Jäst bakpulver,0.0,g
1979,Jäst färsk,Arakidinsyra C20:0,Jäst bakpulver,0.0,g
1979,Jäst färsk,Linolensyra C18:3,Jäst bakpulver,0.0,g
1979,Jäst färsk,Linolsyra C18:2,Jäst bakpulver,0.0,g
1979,Jäst färsk,Oljesyra C18:1,Jäst bakpulver,0.1,g
1979,Jäst färsk,Stearinsyra C18:0,Jäst bakpulver,0.0,g
1979,Jäst färsk,Palmitoljesyra C16:1,Jäst bakpulver,0.2,g
1979,Jäst färsk,Palmitinsyra C16:0,Jäst bakpulver,0.0,g
1979,Jäst färsk,Myristinsyra C14:0,Jäst bakpulver,0.0,g
1979,Jäst färsk,Laurinsyra C12:0,Jäst bakpulver,0.0,g
1979,Jäst färsk,Betakaroten/β-Karoten,Jäst bakpulver,0.0,µg
1979,Jäst färsk,Avfall (skal etc.),Jäst bakpulver,0.0,%
1979,Jäst färsk,Aska,Jäst bakpulver,2.4,g
1979,Jäst färsk,Alkohol,Jäst bakpulver,0.0,g
1980,Jäst torkad,"Zink, Zn",Jäst bakpulver,13.5,mg
1980,Jäst torkad,Vitamin E,Jäst bakpulver,0.0,mg
1980,Jäst torkad,Vitamin D inkl 25-OH-D3,Jäst bakpulver,0.0,µg
1980,Jäst torkad,Vitamin D,Jäst bakpulver,0.0,µg
1980,Jäst torkad,Vitamin C,Jäst bakpulver,0.0,mg
1980,Jäst torkad,Vitamin B6,Jäst bakpulver,2.0,mg
1980,Jäst torkad,Vitamin B12,Jäst bakpulver,0.0,µg
1980,Jäst torkad,Vitamin A,Jäst bakpulver,0.0,RE/µg
1980,Jäst torkad,Vatten,Jäst bakpulver,5.0,g
1980,Jäst torkad,Tiamin,Jäst bakpulver,2.35,mg
1980,Jäst torkad,Tillsatt socker,Jäst bakpulver,0.0,g
1980,Jäst torkad,Fritt socker,Jäst bakpulver,0.0,g
1980,Jäst torkad,"Selen, Se",Jäst bakpulver,3.3,µg
1980,Jäst torkad,Sackaros,Jäst bakpulver,0.0,g
1980,Jäst torkad,Riboflavin,Jäst bakpulver,5.4,mg
1980,Jäst torkad,Retinol,Jäst bakpulver,0.0,µg
1980,Jäst torkad,Protein,Jäst bakpulver,37.0,g
1980,Jäst torkad,Summa fleromättade fettsyror,Jäst bakpulver,0.0,g
1980,Jäst torkad,"Fosfor, P",Jäst bakpulver,1290.0,mg
1980,Jäst torkad,Niacinekvivalenter,Jäst bakpulver,42.67,NE/mg
1980,Jäst torkad,Niacin,Jäst bakpulver,36.5,mg
1980,Jäst torkad,"Salt, NaCl",Jäst bakpulver,0.1,g
1980,Jäst torkad,"Natrium, Na",Jäst bakpulver,52.0,mg
1980,Jäst torkad,Monosackarider,Jäst bakpulver,0.0,g
1980,Jäst torkad,"Sockerarter, totalt",Jäst bakpulver,4.4,g
1980,Jäst torkad,Summa enkelomättade fettsyror,Jäst bakpulver,1.4,g
1980,Jäst torkad,"Magnesium, Mg",Jäst bakpulver,195.0,mg
1980,Jäst torkad,Summa mättade fettsyror,Jäst bakpulver,0.2,g
1980,Jäst torkad,"Kolhydrater, tillgängliga",Jäst bakpulver,48.1,g
1980,Jäst torkad,Kolesterol,Jäst bakpulver,0.0,mg
1980,Jäst torkad,"Kalium, K",Jäst bakpulver,2000.0,mg
1980,Jäst torkad,"Jod, I",Jäst bakpulver,4.0,µg
1980,Jäst torkad,Fullkorn totalt,Jäst bakpulver,0.0,g
1980,Jäst torkad,"Folat, totalt",Jäst bakpulver,4000.0,µg
1980,Jäst torkad,Fibrer,Jäst bakpulver,0.0,g
1980,Jäst torkad,"Fett, totalt",Jäst bakpulver,1.6,g
1980,Jäst torkad,"Järn, Fe",Jäst bakpulver,16.1,mg
1980,Jäst torkad,Energi (kJ),Jäst bakpulver,1506.0,kJ
1980,Jäst torkad,Energi (kcal),Jäst bakpulver,360.0,kcal
1980,Jäst torkad,Disackarider,Jäst bakpulver,0.0,g
1980,Jäst torkad,"Kalcium, Ca",Jäst bakpulver,44.0,mg
1980,Jäst torkad,Fettsyra 4:0-10:0,Jäst bakpulver,0.0,g
1980,Jäst torkad,DHA (C22:6),Jäst bakpulver,0.0,g
1980,Jäst torkad,DPA (C22:5),Jäst bakpulver,0.0,g
1980,Jäst torkad,EPA (C20:5),Jäst bakpulver,0.0,g
1980,Jäst torkad,Arakidonsyra C20:4,Jäst bakpulver,0.0,g
1980,Jäst torkad,Arakidinsyra C20:0,Jäst bakpulver,0.0,g
1980,Jäst torkad,Linolensyra C18:3,Jäst bakpulver,0.0,g
1980,Jäst torkad,Linolsyra C18:2,Jäst bakpulver,0.0,g
1980,Jäst torkad,Oljesyra C18:1,Jäst bakpulver,0.6,g
1980,Jäst torkad,Stearinsyra C18:0,Jäst bakpulver,0.0,g
1980,Jäst torkad,Palmitoljesyra C16:1,Jäst bakpulver,0.8,g
1980,Jäst torkad,Palmitinsyra C16:0,Jäst bakpulver,0.1,g
1980,Jäst torkad,Myristinsyra C14:0,Jäst bakpulver,0.0,g
1980,Jäst torkad,Laurinsyra C12:0,Jäst bakpulver,0.0,g
1980,Jäst torkad,Betakaroten/β-Karoten,Jäst bakpulver,0.0,µg
1980,Jäst torkad,Avfall (skal etc.),Jäst bakpulver,0.0,%
1980,Jäst torkad,Aska,Jäst bakpulver,8.3,g
1980,Jäst torkad,Alkohol,Jäst bakpulver,0.0,g
1981,Bakpulver,"Zink, Zn",Jäst bakpulver,2.8,mg
1981,Bakpulver,Vitamin E,Jäst bakpulver,0.0,mg
1981,Bakpulver,Vitamin D inkl 25-OH-D3,Jäst bakpulver,0.0,µg
1981,Bakpulver,Vitamin D,Jäst bakpulver,0.0,µg
1981,Bakpulver,Vitamin C,Jäst bakpulver,0.0,mg
1981,Bakpulver,Vitamin B6,Jäst bakpulver,0.0,mg
1981,Bakpulver,Vitamin B12,Jäst bakpulver,0.0,µg
1981,Bakpulver,Vitamin A,Jäst bakpulver,0.0,RE/µg
1981,Bakpulver,Vatten,Jäst bakpulver,6.3,g
1981,Bakpulver,Tiamin,Jäst bakpulver,0.0,mg
1981,Bakpulver,Tillsatt socker,Jäst bakpulver,0.0,g
1981,Bakpulver,Fritt socker,Jäst bakpulver,0.0,g
1981,Bakpulver,"Selen, Se",Jäst bakpulver,0.0,µg
1981,Bakpulver,Sackaros,Jäst bakpulver,0.0,g
1981,Bakpulver,Riboflavin,Jäst bakpulver,0.0,mg
1981,Bakpulver,Retinol,Jäst bakpulver,0.0,µg
1981,Bakpulver,Protein,Jäst bakpulver,0.1,g
1981,Bakpulver,Summa fleromättade fettsyror,Jäst bakpulver,0.0,g
1981,Bakpulver,"Fosfor, P",Jäst bakpulver,9918.0,mg
1981,Bakpulver,Niacinekvivalenter,Jäst bakpulver,0.02,NE/mg
1981,Bakpulver,Niacin,Jäst bakpulver,0.0,mg
1981,Bakpulver,"Salt, NaCl",Jäst bakpulver,19.7,g
1981,Bakpulver,"Natrium, Na",Jäst bakpulver,7893.0,mg
1981,Bakpulver,Monosackarider,Jäst bakpulver,0.0,g
1981,Bakpulver,"Sockerarter, totalt",Jäst bakpulver,0.0,g
1981,Bakpulver,Summa enkelomättade fettsyror,Jäst bakpulver,0.0,g
1981,Bakpulver,"Magnesium, Mg",Jäst bakpulver,9.0,mg
1981,Bakpulver,Summa mättade fettsyror,Jäst bakpulver,0.0,g
1981,Bakpulver,"Kolhydrater, tillgängliga",Jäst bakpulver,42.4,g
1981,Bakpulver,Kolesterol,Jäst bakpulver,0.0,mg
1981,Bakpulver,"Kalium, K",Jäst bakpulver,49.0,mg
1981,Bakpulver,"Jod, I",Jäst bakpulver,0.0,µg
1981,Bakpulver,Fullkorn totalt,Jäst bakpulver,0.0,g
1981,Bakpulver,"Folat, totalt",Jäst bakpulver,0.0,µg
1981,Bakpulver,Fibrer,Jäst bakpulver,0.5,g
1981,Bakpulver,"Fett, totalt",Jäst bakpulver,0.0,g
1981,Bakpulver,"Järn, Fe",Jäst bakpulver,0.0,mg
1981,Bakpulver,Energi (kJ),Jäst bakpulver,726.0,kJ
1981,Bakpulver,Energi (kcal),Jäst bakpulver,174.0,kcal
1981,Bakpulver,Disackarider,Jäst bakpulver,0.0,g
1981,Bakpulver,"Kalcium, Ca",Jäst bakpulver,7364.0,mg
1981,Bakpulver,Fettsyra 4:0-10:0,Jäst bakpulver,0.0,g
1981,Bakpulver,DHA (C22:6),Jäst bakpulver,0.0,g
1981,Bakpulver,DPA (C22:5),Jäst bakpulver,0.0,g
1981,Bakpulver,EPA (C20:5),Jäst bakpulver,0.0,g
1981,Bakpulver,Arakidonsyra C20:4,Jäst bakpulver,0.0,g
1981,Bakpulver,Arakidinsyra C20:0,Jäst bakpulver,0.0,g
1981,Bakpulver,Linolensyra C18:3,Jäst bakpulver,0.0,g
1981,Bakpulver,Linolsyra C18:2,Jäst bakpulver,0.0,g
1981,Bakpulver,Oljesyra C18:1,Jäst bakpulver,0.0,g
1981,Bakpulver,Stearinsyra C18:0,Jäst bakpulver,0.0,g
1981,Bakpulver,Palmitoljesyra C16:1,Jäst bakpulver,0.0,g
1981,Bakpulver,Palmitinsyra C16:0,Jäst bakpulver,0.0,g
1981,Bakpulver,Myristinsyra C14:0,Jäst bakpulver,0.0,g
1981,Bakpulver,Laurinsyra C12:0,Jäst bakpulver,0.0,g
1981,Bakpulver,Betakaroten/β-Karoten,Jäst bakpulver,0.0,µg
1981,Bakpulver,Avfall (skal etc.),Jäst bakpulver,0.0,%
1981,Bakpulver,Aska,Jäst bakpulver,50.7,g
1981,Bakpulver,Alkohol,Jäst bakpulver,0.0,g
1982,Béchamelsås m. lättmjölk grädde,"Zink, Zn",Sås dressing majonnäs ,0.4,mg
1982,Béchamelsås m. lättmjölk grädde,Vitamin E,Sås dressing majonnäs ,0.2,mg
1982,Béchamelsås m. lättmjölk grädde,Vitamin D,Sås dressing majonnäs ,1.06,µg
1982,Béchamelsås m. lättmjölk grädde,Vitamin C,Sås dressing majonnäs ,0.8,mg
1982,Béchamelsås m. lättmjölk grädde,Vitamin B6,Sås dressing majonnäs ,0.05,mg
1982,Béchamelsås m. lättmjölk grädde,Vitamin B12,Sås dressing majonnäs ,0.47,µg
1982,Béchamelsås m. lättmjölk grädde,Vitamin A,Sås dressing majonnäs ,52.1,RE/µg
1982,Béchamelsås m. lättmjölk grädde,Vatten,Sås dressing majonnäs ,79.2,g
1982,Béchamelsås m. lättmjölk grädde,Tiamin,Sås dressing majonnäs ,0.04,mg
1982,Béchamelsås m. lättmjölk grädde,Tillsatt socker,Sås dressing majonnäs ,0.0,g
1982,Béchamelsås m. lättmjölk grädde,Fritt socker,Sås dressing majonnäs ,0.0,g
1982,Béchamelsås m. lättmjölk grädde,"Selen, Se",Sås dressing majonnäs ,2.3,µg
1982,Béchamelsås m. lättmjölk grädde,Sackaros,Sås dressing majonnäs ,0.0,g
1982,Béchamelsås m. lättmjölk grädde,Riboflavin,Sås dressing majonnäs ,0.15,mg
1982,Béchamelsås m. lättmjölk grädde,Retinol,Sås dressing majonnäs ,49.1,µg
1982,Béchamelsås m. lättmjölk grädde,Protein,Sås dressing majonnäs ,4.3,g
1982,Béchamelsås m. lättmjölk grädde,Summa fleromättade fettsyror,Sås dressing majonnäs ,0.2,g
1982,Béchamelsås m. lättmjölk grädde,"Fosfor, P",Sås dressing majonnäs ,158.0,mg
1982,Béchamelsås m. lättmjölk grädde,Niacinekvivalenter,Sås dressing majonnäs ,1.19,NE/mg
1982,Béchamelsås m. lättmjölk grädde,Niacin,Sås dressing majonnäs ,0.15,mg
1982,Béchamelsås m. lättmjölk grädde,"Salt, NaCl",Sås dressing majonnäs ,0.9,g
1982,Béchamelsås m. lättmjölk grädde,"Natrium, Na",Sås dressing majonnäs ,337.0,mg
1982,Béchamelsås m. lättmjölk grädde,Monosackarider,Sås dressing majonnäs ,0.0,g
1982,Béchamelsås m. lättmjölk grädde,"Sockerarter, totalt",Sås dressing majonnäs ,5.2,g
1982,Béchamelsås m. lättmjölk grädde,Summa enkelomättade fettsyror,Sås dressing majonnäs ,1.5,g
1982,Béchamelsås m. lättmjölk grädde,"Magnesium, Mg",Sås dressing majonnäs ,13.0,mg
1982,Béchamelsås m. lättmjölk grädde,Summa mättade fettsyror,Sås dressing majonnäs ,4.2,g
1982,Béchamelsås m. lättmjölk grädde,"Kolhydrater, tillgängliga",Sås dressing majonnäs ,8.2,g
1982,Béchamelsås m. lättmjölk grädde,Kolesterol,Sås dressing majonnäs ,21.4,mg
1982,Béchamelsås m. lättmjölk grädde,"Kalium, K",Sås dressing majonnäs ,182.0,mg
1982,Béchamelsås m. lättmjölk grädde,"Jod, I",Sås dressing majonnäs ,59.4,µg
1982,Béchamelsås m. lättmjölk grädde,Fullkorn totalt,Sås dressing majonnäs ,0.0,g
1982,Béchamelsås m. lättmjölk grädde,"Folat, totalt",Sås dressing majonnäs ,8.7,µg
1982,Béchamelsås m. lättmjölk grädde,Fibrer,Sås dressing majonnäs ,0.2,g
1982,Béchamelsås m. lättmjölk grädde,"Fett, totalt",Sås dressing majonnäs ,6.4,g
1982,Béchamelsås m. lättmjölk grädde,"Järn, Fe",Sås dressing majonnäs ,0.1,mg
1982,Béchamelsås m. lättmjölk grädde,Energi (kJ),Sås dressing majonnäs ,453.0,kJ
1982,Béchamelsås m. lättmjölk grädde,Energi (kcal),Sås dressing majonnäs ,108.0,kcal
1982,Béchamelsås m. lättmjölk grädde,Disackarider,Sås dressing majonnäs ,5.2,g
1982,Béchamelsås m. lättmjölk grädde,"Kalcium, Ca",Sås dressing majonnäs ,140.0,mg
1982,Béchamelsås m. lättmjölk grädde,Fettsyra 4:0-10:0,Sås dressing majonnäs ,0.6,g
1982,Béchamelsås m. lättmjölk grädde,DHA (C22:6),Sås dressing majonnäs ,0.0,g
1982,Béchamelsås m. lättmjölk grädde,DPA (C22:5),Sås dressing majonnäs ,0.0,g
1982,Béchamelsås m. lättmjölk grädde,EPA (C20:5),Sås dressing majonnäs ,0.0,g
1982,Béchamelsås m. lättmjölk grädde,Arakidonsyra C20:4,Sås dressing majonnäs ,0.0,g
1982,Béchamelsås m. lättmjölk grädde,Arakidinsyra C20:0,Sås dressing majonnäs ,0.0,g
1982,Béchamelsås m. lättmjölk grädde,Linolensyra C18:3,Sås dressing majonnäs ,0.0,g
1982,Béchamelsås m. lättmjölk grädde,Linolsyra C18:2,Sås dressing majonnäs ,0.2,g
1982,Béchamelsås m. lättmjölk grädde,Oljesyra C18:1,Sås dressing majonnäs ,1.3,g
1982,Béchamelsås m. lättmjölk grädde,Stearinsyra C18:0,Sås dressing majonnäs ,0.6,g
1982,Béchamelsås m. lättmjölk grädde,Palmitoljesyra C16:1,Sås dressing majonnäs ,0.1,g
1982,Béchamelsås m. lättmjölk grädde,Palmitinsyra C16:0,Sås dressing majonnäs ,1.9,g
1982,Béchamelsås m. lättmjölk grädde,Myristinsyra C14:0,Sås dressing majonnäs ,0.7,g
1982,Béchamelsås m. lättmjölk grädde,Laurinsyra C12:0,Sås dressing majonnäs ,0.2,g
1982,Béchamelsås m. lättmjölk grädde,Betakaroten/β-Karoten,Sås dressing majonnäs ,35.0,µg
1982,Béchamelsås m. lättmjölk grädde,Avfall (skal etc.),Sås dressing majonnäs ,0.0,%
1982,Béchamelsås m. lättmjölk grädde,Aska,Sås dressing majonnäs ,1.6,g
1982,Béchamelsås m. lättmjölk grädde,Alkohol,Sås dressing majonnäs ,0.0,g
1983,Ljus sås m. mjölk,"Zink, Zn",Sås dressing majonnäs ,0.4,mg
1983,Ljus sås m. mjölk,Vitamin E,Sås dressing majonnäs ,1.1,mg
1983,Ljus sås m. mjölk,Vitamin D,Sås dressing majonnäs ,1.27,µg
1983,Ljus sås m. mjölk,Vitamin C,Sås dressing majonnäs ,0.8,mg
1983,Ljus sås m. mjölk,Vitamin B6,Sås dressing majonnäs ,0.05,mg
1983,Ljus sås m. mjölk,Vitamin B12,Sås dressing majonnäs ,0.51,µg
1983,Ljus sås m. mjölk,Vitamin A,Sås dressing majonnäs ,30.8,RE/µg
1983,Ljus sås m. mjölk,Vatten,Sås dressing majonnäs ,78.0,g
1983,Ljus sås m. mjölk,Tiamin,Sås dressing majonnäs ,0.05,mg
1983,Ljus sås m. mjölk,Tillsatt socker,Sås dressing majonnäs ,0.0,g
1983,Ljus sås m. mjölk,Fritt socker,Sås dressing majonnäs ,0.0,g
1983,Ljus sås m. mjölk,"Selen, Se",Sås dressing majonnäs ,2.4,µg
1983,Ljus sås m. mjölk,Sackaros,Sås dressing majonnäs ,0.1,g
1983,Ljus sås m. mjölk,Riboflavin,Sås dressing majonnäs ,0.15,mg
1983,Ljus sås m. mjölk,Retinol,Sås dressing majonnäs ,22.1,µg
1983,Ljus sås m. mjölk,Protein,Sås dressing majonnäs ,4.8,g
1983,Ljus sås m. mjölk,Summa fleromättade fettsyror,Sås dressing majonnäs ,1.1,g
1983,Ljus sås m. mjölk,"Fosfor, P",Sås dressing majonnäs ,163.0,mg
1983,Ljus sås m. mjölk,Niacinekvivalenter,Sås dressing majonnäs ,1.3,NE/mg
1983,Ljus sås m. mjölk,Niacin,Sås dressing majonnäs ,0.22,mg
1983,Ljus sås m. mjölk,"Salt, NaCl",Sås dressing majonnäs ,1.1,g
1983,Ljus sås m. mjölk,"Natrium, Na",Sås dressing majonnäs ,452.0,mg
1983,Ljus sås m. mjölk,Monosackarider,Sås dressing majonnäs ,0.1,g
1983,Ljus sås m. mjölk,"Sockerarter, totalt",Sås dressing majonnäs ,5.4,g
1983,Ljus sås m. mjölk,Summa enkelomättade fettsyror,Sås dressing majonnäs ,2.6,g
1983,Ljus sås m. mjölk,"Magnesium, Mg",Sås dressing majonnäs ,15.0,mg
1983,Ljus sås m. mjölk,Summa mättade fettsyror,Sås dressing majonnäs ,1.7,g
1983,Ljus sås m. mjölk,"Kolhydrater, tillgängliga",Sås dressing majonnäs ,9.3,g
1983,Ljus sås m. mjölk,Kolesterol,Sås dressing majonnäs ,8.2,mg
1983,Ljus sås m. mjölk,"Kalium, K",Sås dressing majonnäs ,193.0,mg
1983,Ljus sås m. mjölk,"Jod, I",Sås dressing majonnäs ,24.8,µg
1983,Ljus sås m. mjölk,Fullkorn totalt,Sås dressing majonnäs ,0.0,g
1983,Ljus sås m. mjölk,"Folat, totalt",Sås dressing majonnäs ,10.0,µg
1983,Ljus sås m. mjölk,Fibrer,Sås dressing majonnäs ,0.2,g
1983,Ljus sås m. mjölk,"Fett, totalt",Sås dressing majonnäs ,5.8,g
1983,Ljus sås m. mjölk,"Järn, Fe",Sås dressing majonnäs ,0.1,mg
1983,Ljus sås m. mjölk,Energi (kJ),Sås dressing majonnäs ,456.0,kJ
1983,Ljus sås m. mjölk,Energi (kcal),Sås dressing majonnäs ,109.0,kcal
1983,Ljus sås m. mjölk,Disackarider,Sås dressing majonnäs ,5.3,g
1983,Ljus sås m. mjölk,"Kalcium, Ca",Sås dressing majonnäs ,138.0,mg
1983,Ljus sås m. mjölk,Fettsyra 4:0-10:0,Sås dressing majonnäs ,0.2,g
1983,Ljus sås m. mjölk,DHA (C22:6),Sås dressing majonnäs ,0.0,g
1983,Ljus sås m. mjölk,DPA (C22:5),Sås dressing majonnäs ,0.0,g
1983,Ljus sås m. mjölk,EPA (C20:5),Sås dressing majonnäs ,0.0,g
1983,Ljus sås m. mjölk,Arakidonsyra C20:4,Sås dressing majonnäs ,0.0,g
1983,Ljus sås m. mjölk,Arakidinsyra C20:0,Sås dressing majonnäs ,0.0,g
1983,Ljus sås m. mjölk,Linolensyra C18:3,Sås dressing majonnäs ,0.3,g
1983,Ljus sås m. mjölk,Linolsyra C18:2,Sås dressing majonnäs ,0.9,g
1983,Ljus sås m. mjölk,Oljesyra C18:1,Sås dressing majonnäs ,2.4,g
1983,Ljus sås m. mjölk,Stearinsyra C18:0,Sås dressing majonnäs ,0.3,g
1983,Ljus sås m. mjölk,Palmitoljesyra C16:1,Sås dressing majonnäs ,0.1,g
1983,Ljus sås m. mjölk,Palmitinsyra C16:0,Sås dressing majonnäs ,0.8,g
1983,Ljus sås m. mjölk,Myristinsyra C14:0,Sås dressing majonnäs ,0.2,g
1983,Ljus sås m. mjölk,Laurinsyra C12:0,Sås dressing majonnäs ,0.1,g
1983,Ljus sås m. mjölk,Betakaroten/β-Karoten,Sås dressing majonnäs ,37.0,µg
1983,Ljus sås m. mjölk,Avfall (skal etc.),Sås dressing majonnäs ,0.0,%
1983,Ljus sås m. mjölk,Aska,Sås dressing majonnäs ,2.0,g
1983,Ljus sås m. mjölk,Alkohol,Sås dressing majonnäs ,0.0,g
1984,Ljus sås m. buljong grädde,"Zink, Zn",Sås dressing majonnäs ,0.1,mg
1984,Ljus sås m. buljong grädde,Vitamin E,Sås dressing majonnäs ,0.3,mg
1984,Ljus sås m. buljong grädde,Vitamin D,Sås dressing majonnäs ,0.04,µg
1984,Ljus sås m. buljong grädde,Vitamin C,Sås dressing majonnäs ,0.2,mg
1984,Ljus sås m. buljong grädde,Vitamin B6,Sås dressing majonnäs ,0.01,mg
1984,Ljus sås m. buljong grädde,Vitamin B12,Sås dressing majonnäs ,0.13,µg
1984,Ljus sås m. buljong grädde,Vitamin A,Sås dressing majonnäs ,73.2,RE/µg
1984,Ljus sås m. buljong grädde,Vatten,Sås dressing majonnäs ,82.6,g
1984,Ljus sås m. buljong grädde,Tiamin,Sås dressing majonnäs ,0.01,mg
1984,Ljus sås m. buljong grädde,Tillsatt socker,Sås dressing majonnäs ,0.0,g
1984,Ljus sås m. buljong grädde,Fritt socker,Sås dressing majonnäs ,0.0,g
1984,Ljus sås m. buljong grädde,"Selen, Se",Sås dressing majonnäs ,0.8,µg
1984,Ljus sås m. buljong grädde,Sackaros,Sås dressing majonnäs ,0.1,g
1984,Ljus sås m. buljong grädde,Riboflavin,Sås dressing majonnäs ,0.03,mg
1984,Ljus sås m. buljong grädde,Retinol,Sås dressing majonnäs ,67.2,µg
1984,Ljus sås m. buljong grädde,Protein,Sås dressing majonnäs ,1.3,g
1984,Ljus sås m. buljong grädde,Summa fleromättade fettsyror,Sås dressing majonnäs ,0.3,g
1984,Ljus sås m. buljong grädde,"Fosfor, P",Sås dressing majonnäs ,25.0,mg
1984,Ljus sås m. buljong grädde,Niacinekvivalenter,Sås dressing majonnäs ,0.37,NE/mg
1984,Ljus sås m. buljong grädde,Niacin,Sås dressing majonnäs ,0.11,mg
1984,Ljus sås m. buljong grädde,"Salt, NaCl",Sås dressing majonnäs ,2.3,g
1984,Ljus sås m. buljong grädde,"Natrium, Na",Sås dressing majonnäs ,916.0,mg
1984,Ljus sås m. buljong grädde,Monosackarider,Sås dressing majonnäs ,0.1,g
1984,Ljus sås m. buljong grädde,"Sockerarter, totalt",Sås dressing majonnäs ,0.9,g
1984,Ljus sås m. buljong grädde,Summa enkelomättade fettsyror,Sås dressing majonnäs ,2.1,g
1984,Ljus sås m. buljong grädde,"Magnesium, Mg",Sås dressing majonnäs ,6.0,mg
1984,Ljus sås m. buljong grädde,Summa mättade fettsyror,Sås dressing majonnäs ,5.5,g
1984,Ljus sås m. buljong grädde,"Kolhydrater, tillgängliga",Sås dressing majonnäs ,4.9,g
1984,Ljus sås m. buljong grädde,Kolesterol,Sås dressing majonnäs ,24.6,mg
1984,Ljus sås m. buljong grädde,"Kalium, K",Sås dressing majonnäs ,40.0,mg
1984,Ljus sås m. buljong grädde,"Jod, I",Sås dressing majonnäs ,63.4,µg
1984,Ljus sås m. buljong grädde,Fullkorn totalt,Sås dressing majonnäs ,0.0,g
1984,Ljus sås m. buljong grädde,"Folat, totalt",Sås dressing majonnäs ,3.8,µg
1984,Ljus sås m. buljong grädde,Fibrer,Sås dressing majonnäs ,0.2,g
1984,Ljus sås m. buljong grädde,"Fett, totalt",Sås dressing majonnäs ,8.5,g
1984,Ljus sås m. buljong grädde,"Järn, Fe",Sås dressing majonnäs ,0.1,mg
1984,Ljus sås m. buljong grädde,Energi (kJ),Sås dressing majonnäs ,423.0,kJ
1984,Ljus sås m. buljong grädde,Energi (kcal),Sås dressing majonnäs ,101.0,kcal
1984,Ljus sås m. buljong grädde,Disackarider,Sås dressing majonnäs ,0.8,g
1984,Ljus sås m. buljong grädde,"Kalcium, Ca",Sås dressing majonnäs ,22.0,mg
1984,Ljus sås m. buljong grädde,Fettsyra 4:0-10:0,Sås dressing majonnäs ,0.7,g
1984,Ljus sås m. buljong grädde,DHA (C22:6),Sås dressing majonnäs ,0.0,g
1984,Ljus sås m. buljong grädde,DPA (C22:5),Sås dressing majonnäs ,0.0,g
1984,Ljus sås m. buljong grädde,EPA (C20:5),Sås dressing majonnäs ,0.0,g
1984,Ljus sås m. buljong grädde,Arakidonsyra C20:4,Sås dressing majonnäs ,0.0,g
1984,Ljus sås m. buljong grädde,Arakidinsyra C20:0,Sås dressing majonnäs ,0.0,g
1984,Ljus sås m. buljong grädde,Linolensyra C18:3,Sås dressing majonnäs ,0.1,g
1984,Ljus sås m. buljong grädde,Linolsyra C18:2,Sås dressing majonnäs ,0.2,g
1984,Ljus sås m. buljong grädde,Oljesyra C18:1,Sås dressing majonnäs ,1.8,g
1984,Ljus sås m. buljong grädde,Stearinsyra C18:0,Sås dressing majonnäs ,0.8,g
1984,Ljus sås m. buljong grädde,Palmitoljesyra C16:1,Sås dressing majonnäs ,0.2,g
1984,Ljus sås m. buljong grädde,Palmitinsyra C16:0,Sås dressing majonnäs ,2.6,g
1984,Ljus sås m. buljong grädde,Myristinsyra C14:0,Sås dressing majonnäs ,0.9,g
1984,Ljus sås m. buljong grädde,Laurinsyra C12:0,Sås dressing majonnäs ,0.3,g
1984,Ljus sås m. buljong grädde,Betakaroten/β-Karoten,Sås dressing majonnäs ,72.0,µg
1984,Ljus sås m. buljong grädde,Avfall (skal etc.),Sås dressing majonnäs ,0.0,%
1984,Ljus sås m. buljong grädde,Aska,Sås dressing majonnäs ,2.4,g
1984,Ljus sås m. buljong grädde,Alkohol,Sås dressing majonnäs ,0.0,g
1985,Béchamelsås,"Zink, Zn",Sås dressing majonnäs ,0.4,mg
1985,Béchamelsås,Vitamin E,Sås dressing majonnäs ,1.2,mg
1985,Béchamelsås,Vitamin D,Sås dressing majonnäs ,1.23,µg
1985,Béchamelsås,Vitamin C,Sås dressing majonnäs ,0.8,mg
1985,Béchamelsås,Vitamin B6,Sås dressing majonnäs ,0.05,mg
1985,Béchamelsås,Vitamin B12,Sås dressing majonnäs ,0.47,µg
1985,Béchamelsås,Vitamin A,Sås dressing majonnäs ,48.3,RE/µg
1985,Béchamelsås,Vatten,Sås dressing majonnäs ,77.9,g
1985,Béchamelsås,Tiamin,Sås dressing majonnäs ,0.04,mg
1985,Béchamelsås,Tillsatt socker,Sås dressing majonnäs ,0.0,g
1985,Béchamelsås,Fritt socker,Sås dressing majonnäs ,0.0,g
1985,Béchamelsås,"Selen, Se",Sås dressing majonnäs ,2.3,µg
1985,Béchamelsås,Sackaros,Sås dressing majonnäs ,0.0,g
1985,Béchamelsås,Riboflavin,Sås dressing majonnäs ,0.15,mg
1985,Béchamelsås,Retinol,Sås dressing majonnäs ,39.7,µg
1985,Béchamelsås,Protein,Sås dressing majonnäs ,4.3,g
1985,Béchamelsås,Summa fleromättade fettsyror,Sås dressing majonnäs ,1.3,g
1985,Béchamelsås,"Fosfor, P",Sås dressing majonnäs ,156.0,mg
1985,Béchamelsås,Niacinekvivalenter,Sås dressing majonnäs ,1.15,NE/mg
1985,Béchamelsås,Niacin,Sås dressing majonnäs ,0.15,mg
1985,Béchamelsås,"Salt, NaCl",Sås dressing majonnäs ,0.8,g
1985,Béchamelsås,"Natrium, Na",Sås dressing majonnäs ,326.0,mg
1985,Béchamelsås,Monosackarider,Sås dressing majonnäs ,0.0,g
1985,Béchamelsås,"Sockerarter, totalt",Sås dressing majonnäs ,5.2,g
1985,Béchamelsås,Summa enkelomättade fettsyror,Sås dressing majonnäs ,3.2,g
1985,Béchamelsås,"Magnesium, Mg",Sås dressing majonnäs ,13.0,mg
1985,Béchamelsås,Summa mättade fettsyror,Sås dressing majonnäs ,3.0,g
1985,Béchamelsås,"Kolhydrater, tillgängliga",Sås dressing majonnäs ,8.1,g
1985,Béchamelsås,Kolesterol,Sås dressing majonnäs ,14.0,mg
1985,Béchamelsås,"Kalium, K",Sås dressing majonnäs ,180.0,mg
1985,Béchamelsås,"Jod, I",Sås dressing majonnäs ,59.3,µg
1985,Béchamelsås,Fullkorn totalt,Sås dressing majonnäs ,0.0,g
1985,Béchamelsås,"Folat, totalt",Sås dressing majonnäs ,8.6,µg
1985,Béchamelsås,Fibrer,Sås dressing majonnäs ,0.1,g
1985,Béchamelsås,"Fett, totalt",Sås dressing majonnäs ,8.0,g
1985,Béchamelsås,"Järn, Fe",Sås dressing majonnäs ,0.1,mg
1985,Béchamelsås,Energi (kJ),Sås dressing majonnäs ,509.0,kJ
1985,Béchamelsås,Energi (kcal),Sås dressing majonnäs ,122.0,kcal
1985,Béchamelsås,Disackarider,Sås dressing majonnäs ,5.2,g
1985,Béchamelsås,"Kalcium, Ca",Sås dressing majonnäs ,138.0,mg
1985,Béchamelsås,Fettsyra 4:0-10:0,Sås dressing majonnäs ,0.3,g
1985,Béchamelsås,DHA (C22:6),Sås dressing majonnäs ,0.0,g
1985,Béchamelsås,DPA (C22:5),Sås dressing majonnäs ,0.0,g
1985,Béchamelsås,EPA (C20:5),Sås dressing majonnäs ,0.0,g
1985,Béchamelsås,Arakidonsyra C20:4,Sås dressing majonnäs ,0.0,g
1985,Béchamelsås,Arakidinsyra C20:0,Sås dressing majonnäs ,0.0,g
1985,Béchamelsås,Linolensyra C18:3,Sås dressing majonnäs ,0.3,g
1985,Béchamelsås,Linolsyra C18:2,Sås dressing majonnäs ,1.0,g
1985,Béchamelsås,Oljesyra C18:1,Sås dressing majonnäs ,3.0,g
1985,Béchamelsås,Stearinsyra C18:0,Sås dressing majonnäs ,0.5,g
1985,Béchamelsås,Palmitoljesyra C16:1,Sås dressing majonnäs ,0.1,g
1985,Béchamelsås,Palmitinsyra C16:0,Sås dressing majonnäs ,1.5,g
1985,Béchamelsås,Myristinsyra C14:0,Sås dressing majonnäs ,0.4,g
1985,Béchamelsås,Laurinsyra C12:0,Sås dressing majonnäs ,0.1,g
1985,Béchamelsås,Betakaroten/β-Karoten,Sås dressing majonnäs ,31.0,µg
1985,Béchamelsås,Avfall (skal etc.),Sås dressing majonnäs ,0.0,%
1985,Béchamelsås,Aska,Sås dressing majonnäs ,1.6,g
1985,Béchamelsås,Alkohol,Sås dressing majonnäs ,0.0,g
1986,Gratängsås u. ost hemlagad,"Zink, Zn",Sås dressing majonnäs ,0.4,mg
1986,Gratängsås u. ost hemlagad,Vitamin E,Sås dressing majonnäs ,1.7,mg
1986,Gratängsås u. ost hemlagad,Vitamin D,Sås dressing majonnäs ,0.76,µg
1986,Gratängsås u. ost hemlagad,Vitamin C,Sås dressing majonnäs ,0.4,mg
1986,Gratängsås u. ost hemlagad,Vitamin B6,Sås dressing majonnäs ,0.04,mg
1986,Gratängsås u. ost hemlagad,Vitamin B12,Sås dressing majonnäs ,0.37,µg
1986,Gratängsås u. ost hemlagad,Vitamin A,Sås dressing majonnäs ,69.7,RE/µg
1986,Gratängsås u. ost hemlagad,Vatten,Sås dressing majonnäs ,77.5,g
1986,Gratängsås u. ost hemlagad,Tiamin,Sås dressing majonnäs ,0.03,mg
1986,Gratängsås u. ost hemlagad,Tillsatt socker,Sås dressing majonnäs ,0.0,g
1986,Gratängsås u. ost hemlagad,Fritt socker,Sås dressing majonnäs ,0.0,g
1986,Gratängsås u. ost hemlagad,"Selen, Se",Sås dressing majonnäs ,3.7,µg
1986,Gratängsås u. ost hemlagad,Sackaros,Sås dressing majonnäs ,0.2,g
1986,Gratängsås u. ost hemlagad,Riboflavin,Sås dressing majonnäs ,0.12,mg
1986,Gratängsås u. ost hemlagad,Retinol,Sås dressing majonnäs ,61.0,µg
1986,Gratängsås u. ost hemlagad,Protein,Sås dressing majonnäs ,3.9,g
1986,Gratängsås u. ost hemlagad,Summa fleromättade fettsyror,Sås dressing majonnäs ,1.4,g
1986,Gratängsås u. ost hemlagad,"Fosfor, P",Sås dressing majonnäs ,101.0,mg
1986,Gratängsås u. ost hemlagad,Niacinekvivalenter,Sås dressing majonnäs ,1.24,NE/mg
1986,Gratängsås u. ost hemlagad,Niacin,Sås dressing majonnäs ,0.34,mg
1986,Gratängsås u. ost hemlagad,"Salt, NaCl",Sås dressing majonnäs ,2.4,g
1986,Gratängsås u. ost hemlagad,"Natrium, Na",Sås dressing majonnäs ,957.0,mg
1986,Gratängsås u. ost hemlagad,Monosackarider,Sås dressing majonnäs ,0.1,g
1986,Gratängsås u. ost hemlagad,"Sockerarter, totalt",Sås dressing majonnäs ,2.7,g
1986,Gratängsås u. ost hemlagad,Summa enkelomättade fettsyror,Sås dressing majonnäs ,3.6,g
1986,Gratängsås u. ost hemlagad,"Magnesium, Mg",Sås dressing majonnäs ,11.0,mg
1986,Gratängsås u. ost hemlagad,Summa mättade fettsyror,Sås dressing majonnäs ,3.1,g
1986,Gratängsås u. ost hemlagad,"Kolhydrater, tillgängliga",Sås dressing majonnäs ,6.5,g
1986,Gratängsås u. ost hemlagad,Kolesterol,Sås dressing majonnäs ,46.4,mg
1986,Gratängsås u. ost hemlagad,"Kalium, K",Sås dressing majonnäs ,102.0,mg
1986,Gratängsås u. ost hemlagad,"Jod, I",Sås dressing majonnäs ,69.3,µg
1986,Gratängsås u. ost hemlagad,Fullkorn totalt,Sås dressing majonnäs ,0.0,g
1986,Gratängsås u. ost hemlagad,"Folat, totalt",Sås dressing majonnäs ,14.9,µg
1986,Gratängsås u. ost hemlagad,Fibrer,Sås dressing majonnäs ,0.2,g
1986,Gratängsås u. ost hemlagad,"Fett, totalt",Sås dressing majonnäs ,8.8,g
1986,Gratängsås u. ost hemlagad,"Järn, Fe",Sås dressing majonnäs ,0.3,mg
1986,Gratängsås u. ost hemlagad,Energi (kJ),Sås dressing majonnäs ,505.0,kJ
1986,Gratängsås u. ost hemlagad,Energi (kcal),Sås dressing majonnäs ,121.0,kcal
1986,Gratängsås u. ost hemlagad,Disackarider,Sås dressing majonnäs ,2.6,g
1986,Gratängsås u. ost hemlagad,"Kalcium, Ca",Sås dressing majonnäs ,72.0,mg
1986,Gratängsås u. ost hemlagad,Fettsyra 4:0-10:0,Sås dressing majonnäs ,0.3,g
1986,Gratängsås u. ost hemlagad,DHA (C22:6),Sås dressing majonnäs ,0.0,g
1986,Gratängsås u. ost hemlagad,DPA (C22:5),Sås dressing majonnäs ,0.0,g
1986,Gratängsås u. ost hemlagad,EPA (C20:5),Sås dressing majonnäs ,0.0,g
1986,Gratängsås u. ost hemlagad,Arakidonsyra C20:4,Sås dressing majonnäs ,0.0,g
1986,Gratängsås u. ost hemlagad,Arakidinsyra C20:0,Sås dressing majonnäs ,0.0,g
1986,Gratängsås u. ost hemlagad,Linolensyra C18:3,Sås dressing majonnäs ,0.3,g
1986,Gratängsås u. ost hemlagad,Linolsyra C18:2,Sås dressing majonnäs ,1.1,g
1986,Gratängsås u. ost hemlagad,Oljesyra C18:1,Sås dressing majonnäs ,3.4,g
1986,Gratängsås u. ost hemlagad,Stearinsyra C18:0,Sås dressing majonnäs ,0.5,g
1986,Gratängsås u. ost hemlagad,Palmitoljesyra C16:1,Sås dressing majonnäs ,0.1,g
1986,Gratängsås u. ost hemlagad,Palmitinsyra C16:0,Sås dressing majonnäs ,1.6,g
1986,Gratängsås u. ost hemlagad,Myristinsyra C14:0,Sås dressing majonnäs ,0.4,g
1986,Gratängsås u. ost hemlagad,Laurinsyra C12:0,Sås dressing majonnäs ,0.1,g
1986,Gratängsås u. ost hemlagad,Betakaroten/β-Karoten,Sås dressing majonnäs ,30.0,µg
1986,Gratängsås u. ost hemlagad,Avfall (skal etc.),Sås dressing majonnäs ,1.0,%
1986,Gratängsås u. ost hemlagad,Aska,Sås dressing majonnäs ,3.0,g
1986,Gratängsås u. ost hemlagad,Alkohol,Sås dressing majonnäs ,0.0,g
1987,Ljus sås m. grädde,"Zink, Zn",Sås dressing majonnäs ,0.1,mg
1987,Ljus sås m. grädde,Vitamin E,Sås dressing majonnäs ,1.2,mg
1987,Ljus sås m. grädde,Vitamin D,Sås dressing majonnäs ,0.19,µg
1987,Ljus sås m. grädde,Vitamin C,Sås dressing majonnäs ,0.2,mg
1987,Ljus sås m. grädde,Vitamin B6,Sås dressing majonnäs ,0.01,mg
1987,Ljus sås m. grädde,Vitamin B12,Sås dressing majonnäs ,0.13,µg
1987,Ljus sås m. grädde,Vitamin A,Sås dressing majonnäs ,59.7,RE/µg
1987,Ljus sås m. grädde,Vatten,Sås dressing majonnäs ,83.3,g
1987,Ljus sås m. grädde,Tiamin,Sås dressing majonnäs ,0.01,mg
1987,Ljus sås m. grädde,Tillsatt socker,Sås dressing majonnäs ,0.0,g
1987,Ljus sås m. grädde,Fritt socker,Sås dressing majonnäs ,0.0,g
1987,Ljus sås m. grädde,"Selen, Se",Sås dressing majonnäs ,0.8,µg
1987,Ljus sås m. grädde,Sackaros,Sås dressing majonnäs ,0.2,g
1987,Ljus sås m. grädde,Riboflavin,Sås dressing majonnäs ,0.03,mg
1987,Ljus sås m. grädde,Retinol,Sås dressing majonnäs ,48.8,µg
1987,Ljus sås m. grädde,Protein,Sås dressing majonnäs ,1.3,g
1987,Ljus sås m. grädde,Summa fleromättade fettsyror,Sås dressing majonnäs ,1.3,g
1987,Ljus sås m. grädde,"Fosfor, P",Sås dressing majonnäs ,24.0,mg
1987,Ljus sås m. grädde,Niacinekvivalenter,Sås dressing majonnäs ,0.37,NE/mg
1987,Ljus sås m. grädde,Niacin,Sås dressing majonnäs ,0.11,mg
1987,Ljus sås m. grädde,"Salt, NaCl",Sås dressing majonnäs ,1.1,g
1987,Ljus sås m. grädde,"Natrium, Na",Sås dressing majonnäs ,437.0,mg
1987,Ljus sås m. grädde,Monosackarider,Sås dressing majonnäs ,0.1,g
1987,Ljus sås m. grädde,"Sockerarter, totalt",Sås dressing majonnäs ,0.9,g
1987,Ljus sås m. grädde,Summa enkelomättade fettsyror,Sås dressing majonnäs ,3.5,g
1987,Ljus sås m. grädde,"Magnesium, Mg",Sås dressing majonnäs ,5.0,mg
1987,Ljus sås m. grädde,Summa mättade fettsyror,Sås dressing majonnäs ,3.6,g
1987,Ljus sås m. grädde,"Kolhydrater, tillgängliga",Sås dressing majonnäs ,4.9,g
1987,Ljus sås m. grädde,Kolesterol,Sås dressing majonnäs ,14.2,mg
1987,Ljus sås m. grädde,"Kalium, K",Sås dressing majonnäs ,39.0,mg
1987,Ljus sås m. grädde,"Jod, I",Sås dressing majonnäs ,3.3,µg
1987,Ljus sås m. grädde,Fullkorn totalt,Sås dressing majonnäs ,0.0,g
1987,Ljus sås m. grädde,"Folat, totalt",Sås dressing majonnäs ,3.8,µg
1987,Ljus sås m. grädde,Fibrer,Sås dressing majonnäs ,0.2,g
1987,Ljus sås m. grädde,"Fett, totalt",Sås dressing majonnäs ,9.0,g
1987,Ljus sås m. grädde,"Järn, Fe",Sås dressing majonnäs ,0.1,mg
1987,Ljus sås m. grädde,Energi (kJ),Sås dressing majonnäs ,440.0,kJ
1987,Ljus sås m. grädde,Energi (kcal),Sås dressing majonnäs ,105.0,kcal
1987,Ljus sås m. grädde,Disackarider,Sås dressing majonnäs ,0.8,g
1987,Ljus sås m. grädde,"Kalcium, Ca",Sås dressing majonnäs ,20.0,mg
1987,Ljus sås m. grädde,Fettsyra 4:0-10:0,Sås dressing majonnäs ,0.4,g
1987,Ljus sås m. grädde,DHA (C22:6),Sås dressing majonnäs ,0.0,g
1987,Ljus sås m. grädde,DPA (C22:5),Sås dressing majonnäs ,0.0,g
1987,Ljus sås m. grädde,EPA (C20:5),Sås dressing majonnäs ,0.0,g
1987,Ljus sås m. grädde,Arakidonsyra C20:4,Sås dressing majonnäs ,0.0,g
1987,Ljus sås m. grädde,Arakidinsyra C20:0,Sås dressing majonnäs ,0.0,g
1987,Ljus sås m. grädde,Linolensyra C18:3,Sås dressing majonnäs ,0.3,g
1987,Ljus sås m. grädde,Linolsyra C18:2,Sås dressing majonnäs ,0.9,g
1987,Ljus sås m. grädde,Oljesyra C18:1,Sås dressing majonnäs ,3.2,g
1987,Ljus sås m. grädde,Stearinsyra C18:0,Sås dressing majonnäs ,0.6,g
1987,Ljus sås m. grädde,Palmitoljesyra C16:1,Sås dressing majonnäs ,0.1,g
1987,Ljus sås m. grädde,Palmitinsyra C16:0,Sås dressing majonnäs ,1.8,g
1987,Ljus sås m. grädde,Myristinsyra C14:0,Sås dressing majonnäs ,0.5,g
1987,Ljus sås m. grädde,Laurinsyra C12:0,Sås dressing majonnäs ,0.2,g
1987,Ljus sås m. grädde,Betakaroten/β-Karoten,Sås dressing majonnäs ,61.0,µg
1987,Ljus sås m. grädde,Avfall (skal etc.),Sås dressing majonnäs ,0.0,%
1987,Ljus sås m. grädde,Aska,Sås dressing majonnäs ,1.3,g
1987,Ljus sås m. grädde,Alkohol,Sås dressing majonnäs ,0.0,g
1988,Ostsås,"Zink, Zn",Sås dressing majonnäs ,0.8,mg
1988,Ostsås,Vitamin E,Sås dressing majonnäs ,1.1,mg
1988,Ostsås,Vitamin D,Sås dressing majonnäs ,1.08,µg
1988,Ostsås,Vitamin C,Sås dressing majonnäs ,0.7,mg
1988,Ostsås,Vitamin B6,Sås dressing majonnäs ,0.05,mg
1988,Ostsås,Vitamin B12,Sås dressing majonnäs ,0.64,µg
1988,Ostsås,Vitamin A,Sås dressing majonnäs ,75.6,RE/µg
1988,Ostsås,Vatten,Sås dressing majonnäs ,72.7,g
1988,Ostsås,Tiamin,Sås dressing majonnäs ,0.04,mg
1988,Ostsås,Tillsatt socker,Sås dressing majonnäs ,0.0,g
1988,Ostsås,Fritt socker,Sås dressing majonnäs ,0.0,g
1988,Ostsås,"Selen, Se",Sås dressing majonnäs ,3.6,µg
1988,Ostsås,Sackaros,Sås dressing majonnäs ,0.0,g
1988,Ostsås,Riboflavin,Sås dressing majonnäs ,0.17,mg
1988,Ostsås,Retinol,Sås dressing majonnäs ,66.9,µg
1988,Ostsås,Protein,Sås dressing majonnäs ,7.3,g
1988,Ostsås,Summa fleromättade fettsyror,Sås dressing majonnäs ,1.2,g
1988,Ostsås,"Fosfor, P",Sås dressing majonnäs ,203.0,mg
1988,Ostsås,Niacinekvivalenter,Sås dressing majonnäs ,1.82,NE/mg
1988,Ostsås,Niacin,Sås dressing majonnäs ,0.14,mg
1988,Ostsås,"Salt, NaCl",Sås dressing majonnäs ,0.9,g
1988,Ostsås,"Natrium, Na",Sås dressing majonnäs ,340.0,mg
1988,Ostsås,Monosackarider,Sås dressing majonnäs ,0.0,g
1988,Ostsås,"Sockerarter, totalt",Sås dressing majonnäs ,4.5,g
1988,Ostsås,Summa enkelomättade fettsyror,Sås dressing majonnäs ,3.6,g
1988,Ostsås,"Magnesium, Mg",Sås dressing majonnäs ,16.0,mg
1988,Ostsås,Summa mättade fettsyror,Sås dressing majonnäs ,5.0,g
1988,Ostsås,"Kolhydrater, tillgängliga",Sås dressing majonnäs ,7.3,g
1988,Ostsås,Kolesterol,Sås dressing majonnäs ,21.9,mg
1988,Ostsås,"Kalium, K",Sås dressing majonnäs ,168.0,mg
1988,Ostsås,"Jod, I",Sås dressing majonnäs ,53.1,µg
1988,Ostsås,Fullkorn totalt,Sås dressing majonnäs ,0.0,g
1988,Ostsås,"Folat, totalt",Sås dressing majonnäs ,10.8,µg
1988,Ostsås,Fibrer,Sås dressing majonnäs ,0.1,g
1988,Ostsås,"Fett, totalt",Sås dressing majonnäs ,10.6,g
1988,Ostsås,"Järn, Fe",Sås dressing majonnäs ,0.1,mg
1988,Ostsås,Energi (kJ),Sås dressing majonnäs ,643.0,kJ
1988,Ostsås,Energi (kcal),Sås dressing majonnäs ,154.0,kcal
1988,Ostsås,Disackarider,Sås dressing majonnäs ,4.5,g
1988,Ostsås,"Kalcium, Ca",Sås dressing majonnäs ,222.0,mg
1988,Ostsås,Fettsyra 4:0-10:0,Sås dressing majonnäs ,0.6,g
1988,Ostsås,DHA (C22:6),Sås dressing majonnäs ,0.0,g
1988,Ostsås,DPA (C22:5),Sås dressing majonnäs ,0.0,g
1988,Ostsås,EPA (C20:5),Sås dressing majonnäs ,0.0,g
1988,Ostsås,Arakidonsyra C20:4,Sås dressing majonnäs ,0.0,g
1988,Ostsås,Arakidinsyra C20:0,Sås dressing majonnäs ,0.0,g
1988,Ostsås,Linolensyra C18:3,Sås dressing majonnäs ,0.3,g
1988,Ostsås,Linolsyra C18:2,Sås dressing majonnäs ,0.9,g
1988,Ostsås,Oljesyra C18:1,Sås dressing majonnäs ,3.4,g
1988,Ostsås,Stearinsyra C18:0,Sås dressing majonnäs ,0.8,g
1988,Ostsås,Palmitoljesyra C16:1,Sås dressing majonnäs ,0.1,g
1988,Ostsås,Palmitinsyra C16:0,Sås dressing majonnäs ,2.4,g
1988,Ostsås,Myristinsyra C14:0,Sås dressing majonnäs ,0.7,g
1988,Ostsås,Laurinsyra C12:0,Sås dressing majonnäs ,0.2,g
1988,Ostsås,Betakaroten/β-Karoten,Sås dressing majonnäs ,42.0,µg
1988,Ostsås,Avfall (skal etc.),Sås dressing majonnäs ,0.0,%
1988,Ostsås,Aska,Sås dressing majonnäs ,1.9,g
1988,Ostsås,Alkohol,Sås dressing majonnäs ,0.0,g
1989,Ostsås m. ädelost,"Zink, Zn",Sås dressing majonnäs ,0.8,mg
1989,Ostsås m. ädelost,Vitamin E,Sås dressing majonnäs ,1.2,mg
1989,Ostsås m. ädelost,Vitamin D,Sås dressing majonnäs ,1.06,µg
1989,Ostsås m. ädelost,Vitamin C,Sås dressing majonnäs ,0.6,mg
1989,Ostsås m. ädelost,Vitamin B6,Sås dressing majonnäs ,0.06,mg
1989,Ostsås m. ädelost,Vitamin B12,Sås dressing majonnäs ,0.54,µg
1989,Ostsås m. ädelost,Vitamin A,Sås dressing majonnäs ,90.0,RE/µg
1989,Ostsås m. ädelost,Vatten,Sås dressing majonnäs ,71.8,g
1989,Ostsås m. ädelost,Tiamin,Sås dressing majonnäs ,0.04,mg
1989,Ostsås m. ädelost,Tillsatt socker,Sås dressing majonnäs ,0.0,g
1989,Ostsås m. ädelost,Fritt socker,Sås dressing majonnäs ,0.0,g
1989,Ostsås m. ädelost,"Selen, Se",Sås dressing majonnäs ,3.8,µg
1989,Ostsås m. ädelost,Sackaros,Sås dressing majonnäs ,0.0,g
1989,Ostsås m. ädelost,Riboflavin,Sås dressing majonnäs ,0.18,mg
1989,Ostsås m. ädelost,Retinol,Sås dressing majonnäs ,81.1,µg
1989,Ostsås m. ädelost,Protein,Sås dressing majonnäs ,6.9,g
1989,Ostsås m. ädelost,Summa fleromättade fettsyror,Sås dressing majonnäs ,1.4,g
1989,Ostsås m. ädelost,"Fosfor, P",Sås dressing majonnäs ,189.0,mg
1989,Ostsås m. ädelost,Niacinekvivalenter,Sås dressing majonnäs ,1.91,NE/mg
1989,Ostsås m. ädelost,Niacin,Sås dressing majonnäs ,0.29,mg
1989,Ostsås m. ädelost,"Salt, NaCl",Sås dressing majonnäs ,1.2,g
1989,Ostsås m. ädelost,"Natrium, Na",Sås dressing majonnäs ,484.0,mg
1989,Ostsås m. ädelost,Monosackarider,Sås dressing majonnäs ,0.0,g
1989,Ostsås m. ädelost,"Sockerarter, totalt",Sås dressing majonnäs ,4.2,g
1989,Ostsås m. ädelost,Summa enkelomättade fettsyror,Sås dressing majonnäs ,4.1,g
1989,Ostsås m. ädelost,"Magnesium, Mg",Sås dressing majonnäs ,14.0,mg
1989,Ostsås m. ädelost,Summa mättade fettsyror,Sås dressing majonnäs ,6.1,g
1989,Ostsås m. ädelost,"Kolhydrater, tillgängliga",Sås dressing majonnäs ,6.6,g
1989,Ostsås m. ädelost,Kolesterol,Sås dressing majonnäs ,26.7,mg
1989,Ostsås m. ädelost,"Kalium, K",Sås dressing majonnäs ,162.0,mg
1989,Ostsås m. ädelost,"Jod, I",Sås dressing majonnäs ,62.8,µg
1989,Ostsås m. ädelost,Fullkorn totalt,Sås dressing majonnäs ,0.0,g
1989,Ostsås m. ädelost,"Folat, totalt",Sås dressing majonnäs ,12.5,µg
1989,Ostsås m. ädelost,Fibrer,Sås dressing majonnäs ,0.1,g
1989,Ostsås m. ädelost,"Fett, totalt",Sås dressing majonnäs ,12.3,g
1989,Ostsås m. ädelost,"Järn, Fe",Sås dressing majonnäs ,0.1,mg
1989,Ostsås m. ädelost,Energi (kJ),Sås dressing majonnäs ,688.0,kJ
1989,Ostsås m. ädelost,Energi (kcal),Sås dressing majonnäs ,164.0,kcal
1989,Ostsås m. ädelost,Disackarider,Sås dressing majonnäs ,4.2,g
1989,Ostsås m. ädelost,"Kalcium, Ca",Sås dressing majonnäs ,197.0,mg
1989,Ostsås m. ädelost,Fettsyra 4:0-10:0,Sås dressing majonnäs ,0.6,g
1989,Ostsås m. ädelost,DHA (C22:6),Sås dressing majonnäs ,0.0,g
1989,Ostsås m. ädelost,DPA (C22:5),Sås dressing majonnäs ,0.0,g
1989,Ostsås m. ädelost,EPA (C20:5),Sås dressing majonnäs ,0.0,g
1989,Ostsås m. ädelost,Arakidonsyra C20:4,Sås dressing majonnäs ,0.0,g
1989,Ostsås m. ädelost,Arakidinsyra C20:0,Sås dressing majonnäs ,0.0,g
1989,Ostsås m. ädelost,Linolensyra C18:3,Sås dressing majonnäs ,0.3,g
1989,Ostsås m. ädelost,Linolsyra C18:2,Sås dressing majonnäs ,1.1,g
1989,Ostsås m. ädelost,Oljesyra C18:1,Sås dressing majonnäs ,3.8,g
1989,Ostsås m. ädelost,Stearinsyra C18:0,Sås dressing majonnäs ,0.9,g
1989,Ostsås m. ädelost,Palmitoljesyra C16:1,Sås dressing majonnäs ,0.2,g
1989,Ostsås m. ädelost,Palmitinsyra C16:0,Sås dressing majonnäs ,2.9,g
1989,Ostsås m. ädelost,Myristinsyra C14:0,Sås dressing majonnäs ,1.0,g
1989,Ostsås m. ädelost,Laurinsyra C12:0,Sås dressing majonnäs ,0.3,g
1989,Ostsås m. ädelost,Betakaroten/β-Karoten,Sås dressing majonnäs ,38.0,µg
1989,Ostsås m. ädelost,Avfall (skal etc.),Sås dressing majonnäs ,0.0,%
1989,Ostsås m. ädelost,Aska,Sås dressing majonnäs ,2.2,g
1989,Ostsås m. ädelost,Alkohol,Sås dressing majonnäs ,0.0,g
1990,Ostsås till moussaka,"Zink, Zn",Sås dressing majonnäs ,1.0,mg
1990,Ostsås till moussaka,Vitamin E,Sås dressing majonnäs ,1.7,mg
1990,Ostsås till moussaka,Vitamin D,Sås dressing majonnäs ,1.06,µg
1990,Ostsås till moussaka,Vitamin C,Sås dressing majonnäs ,0.5,mg
1990,Ostsås till moussaka,Vitamin B6,Sås dressing majonnäs ,0.06,mg
1990,Ostsås till moussaka,Vitamin B12,Sås dressing majonnäs ,0.78,µg
1990,Ostsås till moussaka,Vitamin A,Sås dressing majonnäs ,106.9,RE/µg
1990,Ostsås till moussaka,Vatten,Sås dressing majonnäs ,74.3,g
1990,Ostsås till moussaka,Tiamin,Sås dressing majonnäs ,0.05,mg
1990,Ostsås till moussaka,Tillsatt socker,Sås dressing majonnäs ,0.0,g
1990,Ostsås till moussaka,Fritt socker,Sås dressing majonnäs ,0.0,g
1990,Ostsås till moussaka,"Selen, Se",Sås dressing majonnäs ,9.1,µg
1990,Ostsås till moussaka,Sackaros,Sås dressing majonnäs ,0.0,g
1990,Ostsås till moussaka,Riboflavin,Sås dressing majonnäs ,0.22,mg
1990,Ostsås till moussaka,Retinol,Sås dressing majonnäs ,105.0,µg
1990,Ostsås till moussaka,Protein,Sås dressing majonnäs ,8.8,g
1990,Ostsås till moussaka,Summa fleromättade fettsyror,Sås dressing majonnäs ,0.6,g
1990,Ostsås till moussaka,"Fosfor, P",Sås dressing majonnäs ,195.0,mg
1990,Ostsås till moussaka,Niacinekvivalenter,Sås dressing majonnäs ,2.17,NE/mg
1990,Ostsås till moussaka,Niacin,Sås dressing majonnäs ,0.12,mg
1990,Ostsås till moussaka,"Salt, NaCl",Sås dressing majonnäs ,1.1,g
1990,Ostsås till moussaka,"Natrium, Na",Sås dressing majonnäs ,428.0,mg
1990,Ostsås till moussaka,Monosackarider,Sås dressing majonnäs ,0.1,g
1990,Ostsås till moussaka,"Sockerarter, totalt",Sås dressing majonnäs ,3.4,g
1990,Ostsås till moussaka,Summa enkelomättade fettsyror,Sås dressing majonnäs ,2.2,g
1990,Ostsås till moussaka,"Magnesium, Mg",Sås dressing majonnäs ,15.0,mg
1990,Ostsås till moussaka,Summa mättade fettsyror,Sås dressing majonnäs ,3.7,g
1990,Ostsås till moussaka,"Kolhydrater, tillgängliga",Sås dressing majonnäs ,7.4,g
1990,Ostsås till moussaka,Kolesterol,Sås dressing majonnäs ,106.7,mg
1990,Ostsås till moussaka,"Kalium, K",Sås dressing majonnäs ,160.0,mg
1990,Ostsås till moussaka,"Jod, I",Sås dressing majonnäs ,69.2,µg
1990,Ostsås till moussaka,Fullkorn totalt,Sås dressing majonnäs ,0.0,g
1990,Ostsås till moussaka,"Folat, totalt",Sås dressing majonnäs ,29.7,µg
1990,Ostsås till moussaka,Fibrer,Sås dressing majonnäs ,0.2,g
1990,Ostsås till moussaka,"Fett, totalt",Sås dressing majonnäs ,7.4,g
1990,Ostsås till moussaka,"Järn, Fe",Sås dressing majonnäs ,0.5,mg
1990,Ostsås till moussaka,Energi (kJ),Sås dressing majonnäs ,549.0,kJ
1990,Ostsås till moussaka,Energi (kcal),Sås dressing majonnäs ,131.0,kcal
1990,Ostsås till moussaka,Disackarider,Sås dressing majonnäs ,3.3,g
1990,Ostsås till moussaka,"Kalcium, Ca",Sås dressing majonnäs ,168.0,mg
1990,Ostsås till moussaka,Fettsyra 4:0-10:0,Sås dressing majonnäs ,0.4,g
1990,Ostsås till moussaka,DHA (C22:6),Sås dressing majonnäs ,0.0,g
1990,Ostsås till moussaka,DPA (C22:5),Sås dressing majonnäs ,0.0,g
1990,Ostsås till moussaka,EPA (C20:5),Sås dressing majonnäs ,0.0,g
1990,Ostsås till moussaka,Arakidonsyra C20:4,Sås dressing majonnäs ,0.0,g
1990,Ostsås till moussaka,Arakidinsyra C20:0,Sås dressing majonnäs ,0.0,g
1990,Ostsås till moussaka,Linolensyra C18:3,Sås dressing majonnäs ,0.1,g
1990,Ostsås till moussaka,Linolsyra C18:2,Sås dressing majonnäs ,0.5,g
1990,Ostsås till moussaka,Oljesyra C18:1,Sås dressing majonnäs ,1.9,g
1990,Ostsås till moussaka,Stearinsyra C18:0,Sås dressing majonnäs ,0.6,g
1990,Ostsås till moussaka,Palmitoljesyra C16:1,Sås dressing majonnäs ,0.2,g
1990,Ostsås till moussaka,Palmitinsyra C16:0,Sås dressing majonnäs ,1.9,g
1990,Ostsås till moussaka,Myristinsyra C14:0,Sås dressing majonnäs ,0.5,g
1990,Ostsås till moussaka,Laurinsyra C12:0,Sås dressing majonnäs ,0.2,g
1990,Ostsås till moussaka,Betakaroten/β-Karoten,Sås dressing majonnäs ,22.0,µg
1990,Ostsås till moussaka,Avfall (skal etc.),Sås dressing majonnäs ,3.0,%
1990,Ostsås till moussaka,Aska,Sås dressing majonnäs ,1.9,g
1990,Ostsås till moussaka,Alkohol,Sås dressing majonnäs ,0.0,g
1991,Brunsås m. mjölk,"Zink, Zn",Sås dressing majonnäs ,0.4,mg
1991,Brunsås m. mjölk,Vitamin E,Sås dressing majonnäs ,1.7,mg
1991,Brunsås m. mjölk,Vitamin D,Sås dressing majonnäs ,1.24,µg
1991,Brunsås m. mjölk,Vitamin C,Sås dressing majonnäs ,0.7,mg
1991,Brunsås m. mjölk,Vitamin B6,Sås dressing majonnäs ,0.06,mg
1991,Brunsås m. mjölk,Vitamin B12,Sås dressing majonnäs ,0.4,µg
1991,Brunsås m. mjölk,Vitamin A,Sås dressing majonnäs ,34.4,RE/µg
1991,Brunsås m. mjölk,Vatten,Sås dressing majonnäs ,72.4,g
1991,Brunsås m. mjölk,Tiamin,Sås dressing majonnäs ,0.05,mg
1991,Brunsås m. mjölk,Tillsatt socker,Sås dressing majonnäs ,3.0,g
1991,Brunsås m. mjölk,Fritt socker,Sås dressing majonnäs ,3.0,g
1991,Brunsås m. mjölk,"Selen, Se",Sås dressing majonnäs ,2.1,µg
1991,Brunsås m. mjölk,Sackaros,Sås dressing majonnäs ,1.2,g
1991,Brunsås m. mjölk,Riboflavin,Sås dressing majonnäs ,0.14,mg
1991,Brunsås m. mjölk,Retinol,Sås dressing majonnäs ,23.3,µg
1991,Brunsås m. mjölk,Protein,Sås dressing majonnäs ,4.5,g
1991,Brunsås m. mjölk,Summa fleromättade fettsyror,Sås dressing majonnäs ,1.9,g
1991,Brunsås m. mjölk,"Fosfor, P",Sås dressing majonnäs ,154.0,mg
1991,Brunsås m. mjölk,Niacinekvivalenter,Sås dressing majonnäs ,1.49,NE/mg
1991,Brunsås m. mjölk,Niacin,Sås dressing majonnäs ,0.47,mg
1991,Brunsås m. mjölk,"Salt, NaCl",Sås dressing majonnäs ,2.0,g
1991,Brunsås m. mjölk,"Natrium, Na",Sås dressing majonnäs ,808.0,mg
1991,Brunsås m. mjölk,Monosackarider,Sås dressing majonnäs ,2.4,g
1991,Brunsås m. mjölk,"Sockerarter, totalt",Sås dressing majonnäs ,8.1,g
1991,Brunsås m. mjölk,Summa enkelomättade fettsyror,Sås dressing majonnäs ,4.0,g
1991,Brunsås m. mjölk,"Magnesium, Mg",Sås dressing majonnäs ,16.0,mg
1991,Brunsås m. mjölk,Summa mättade fettsyror,Sås dressing majonnäs ,1.8,g
1991,Brunsås m. mjölk,"Kolhydrater, tillgängliga",Sås dressing majonnäs ,11.8,g
1991,Brunsås m. mjölk,Kolesterol,Sås dressing majonnäs ,7.3,mg
1991,Brunsås m. mjölk,"Kalium, K",Sås dressing majonnäs ,179.0,mg
1991,Brunsås m. mjölk,"Jod, I",Sås dressing majonnäs ,21.8,µg
1991,Brunsås m. mjölk,Fullkorn totalt,Sås dressing majonnäs ,0.0,g
1991,Brunsås m. mjölk,"Folat, totalt",Sås dressing majonnäs ,9.6,µg
1991,Brunsås m. mjölk,Fibrer,Sås dressing majonnäs ,0.2,g
1991,Brunsås m. mjölk,"Fett, totalt",Sås dressing majonnäs ,8.1,g
1991,Brunsås m. mjölk,"Järn, Fe",Sås dressing majonnäs ,0.2,mg
1991,Brunsås m. mjölk,Energi (kJ),Sås dressing majonnäs ,579.0,kJ
1991,Brunsås m. mjölk,Energi (kcal),Sås dressing majonnäs ,139.0,kcal
1991,Brunsås m. mjölk,Disackarider,Sås dressing majonnäs ,5.7,g
1991,Brunsås m. mjölk,"Kalcium, Ca",Sås dressing majonnäs ,122.0,mg
1991,Brunsås m. mjölk,Fettsyra 4:0-10:0,Sås dressing majonnäs ,0.2,g
1991,Brunsås m. mjölk,DHA (C22:6),Sås dressing majonnäs ,0.0,g
1991,Brunsås m. mjölk,DPA (C22:5),Sås dressing majonnäs ,0.0,g
1991,Brunsås m. mjölk,EPA (C20:5),Sås dressing majonnäs ,0.0,g
1991,Brunsås m. mjölk,Arakidonsyra C20:4,Sås dressing majonnäs ,0.0,g
1991,Brunsås m. mjölk,Arakidinsyra C20:0,Sås dressing majonnäs ,0.0,g
1991,Brunsås m. mjölk,Linolensyra C18:3,Sås dressing majonnäs ,0.5,g
1991,Brunsås m. mjölk,Linolsyra C18:2,Sås dressing majonnäs ,1.4,g
1991,Brunsås m. mjölk,Oljesyra C18:1,Sås dressing majonnäs ,3.8,g
1991,Brunsås m. mjölk,Stearinsyra C18:0,Sås dressing majonnäs ,0.3,g
1991,Brunsås m. mjölk,Palmitoljesyra C16:1,Sås dressing majonnäs ,0.1,g
1991,Brunsås m. mjölk,Palmitinsyra C16:0,Sås dressing majonnäs ,0.9,g
1991,Brunsås m. mjölk,Myristinsyra C14:0,Sås dressing majonnäs ,0.2,g
1991,Brunsås m. mjölk,Laurinsyra C12:0,Sås dressing majonnäs ,0.1,g
1991,Brunsås m. mjölk,Betakaroten/β-Karoten,Sås dressing majonnäs ,20.0,µg
1991,Brunsås m. mjölk,Avfall (skal etc.),Sås dressing majonnäs ,0.0,%
1991,Brunsås m. mjölk,Aska,Sås dressing majonnäs ,2.9,g
1991,Brunsås m. mjölk,Alkohol,Sås dressing majonnäs ,0.0,g
1992,Sky,"Zink, Zn",Sås dressing majonnäs ,0.2,mg
1992,Sky,Vitamin E,Sås dressing majonnäs ,0.7,mg
1992,Sky,Vitamin D,Sås dressing majonnäs ,0.13,µg
1992,Sky,Vitamin C,Sås dressing majonnäs ,0.0,mg
1992,Sky,Vitamin B6,Sås dressing majonnäs ,0.01,mg
1992,Sky,Vitamin B12,Sås dressing majonnäs ,0.0,µg
1992,Sky,Vitamin A,Sås dressing majonnäs ,7.9,RE/µg
1992,Sky,Vatten,Sås dressing majonnäs ,95.4,g
1992,Sky,Tiamin,Sås dressing majonnäs ,0.0,mg
1992,Sky,Tillsatt socker,Sås dressing majonnäs ,0.0,g
1992,Sky,Fritt socker,Sås dressing majonnäs ,0.0,g
1992,Sky,"Selen, Se",Sås dressing majonnäs ,0.0,µg
1992,Sky,Sackaros,Sås dressing majonnäs ,0.2,g
1992,Sky,Riboflavin,Sås dressing majonnäs ,0.01,mg
1992,Sky,Retinol,Sås dressing majonnäs ,3.8,µg
1992,Sky,Protein,Sås dressing majonnäs ,1.2,g
1992,Sky,Summa fleromättade fettsyror,Sås dressing majonnäs ,0.7,g
1992,Sky,"Fosfor, P",Sås dressing majonnäs ,9.0,mg
1992,Sky,Niacinekvivalenter,Sås dressing majonnäs ,0.7,NE/mg
1992,Sky,Niacin,Sås dressing majonnäs ,0.49,mg
1992,Sky,"Salt, NaCl",Sås dressing majonnäs ,0.5,g
1992,Sky,"Natrium, Na",Sås dressing majonnäs ,183.0,mg
1992,Sky,Monosackarider,Sås dressing majonnäs ,0.0,g
1992,Sky,"Sockerarter, totalt",Sås dressing majonnäs ,0.2,g
1992,Sky,Summa enkelomättade fettsyror,Sås dressing majonnäs ,1.5,g
1992,Sky,"Magnesium, Mg",Sås dressing majonnäs ,2.0,mg
1992,Sky,Summa mättade fettsyror,Sås dressing majonnäs ,0.4,g
1992,Sky,"Kolhydrater, tillgängliga",Sås dressing majonnäs ,0.0,g
1992,Sky,Kolesterol,Sås dressing majonnäs ,0.0,mg
1992,Sky,"Kalium, K",Sås dressing majonnäs ,14.0,mg
1992,Sky,"Jod, I",Sås dressing majonnäs ,0.3,µg
1992,Sky,Fullkorn totalt,Sås dressing majonnäs ,0.0,g
1992,Sky,"Folat, totalt",Sås dressing majonnäs ,1.9,µg
1992,Sky,Fibrer,Sås dressing majonnäs ,0.0,g
1992,Sky,"Fett, totalt",Sås dressing majonnäs ,2.7,g
1992,Sky,"Järn, Fe",Sås dressing majonnäs ,1.3,mg
1992,Sky,Energi (kJ),Sås dressing majonnäs ,122.0,kJ
1992,Sky,Energi (kcal),Sås dressing majonnäs ,29.0,kcal
1992,Sky,Disackarider,Sås dressing majonnäs ,0.2,g
1992,Sky,"Kalcium, Ca",Sås dressing majonnäs ,5.0,mg
1992,Sky,Fettsyra 4:0-10:0,Sås dressing majonnäs ,0.0,g
1992,Sky,DHA (C22:6),Sås dressing majonnäs ,0.0,g
1992,Sky,DPA (C22:5),Sås dressing majonnäs ,0.0,g
1992,Sky,EPA (C20:5),Sås dressing majonnäs ,0.0,g
1992,Sky,Arakidonsyra C20:4,Sås dressing majonnäs ,0.0,g
1992,Sky,Arakidinsyra C20:0,Sås dressing majonnäs ,0.0,g
1992,Sky,Linolensyra C18:3,Sås dressing majonnäs ,0.2,g
1992,Sky,Linolsyra C18:2,Sås dressing majonnäs ,0.6,g
1992,Sky,Oljesyra C18:1,Sås dressing majonnäs ,1.5,g
1992,Sky,Stearinsyra C18:0,Sås dressing majonnäs ,0.1,g
1992,Sky,Palmitoljesyra C16:1,Sås dressing majonnäs ,0.0,g
1992,Sky,Palmitinsyra C16:0,Sås dressing majonnäs ,0.2,g
1992,Sky,Myristinsyra C14:0,Sås dressing majonnäs ,0.0,g
1992,Sky,Laurinsyra C12:0,Sås dressing majonnäs ,0.0,g
1992,Sky,Betakaroten/β-Karoten,Sås dressing majonnäs ,3.0,µg
1992,Sky,Avfall (skal etc.),Sås dressing majonnäs ,0.0,%
1992,Sky,Aska,Sås dressing majonnäs ,0.7,g
1992,Sky,Alkohol,Sås dressing majonnäs ,0.0,g
1993,Brunsås m. buljong grädde,"Zink, Zn",Sås dressing majonnäs ,0.1,mg
1993,Brunsås m. buljong grädde,Vitamin E,Sås dressing majonnäs ,1.7,mg
1993,Brunsås m. buljong grädde,Vitamin D,Sås dressing majonnäs ,0.28,µg
1993,Brunsås m. buljong grädde,Vitamin C,Sås dressing majonnäs ,0.2,mg
1993,Brunsås m. buljong grädde,Vitamin B6,Sås dressing majonnäs ,0.02,mg
1993,Brunsås m. buljong grädde,Vitamin B12,Sås dressing majonnäs ,0.03,µg
1993,Brunsås m. buljong grädde,Vitamin A,Sås dressing majonnäs ,40.7,RE/µg
1993,Brunsås m. buljong grädde,Vatten,Sås dressing majonnäs ,80.7,g
1993,Brunsås m. buljong grädde,Tiamin,Sås dressing majonnäs ,0.01,mg
1993,Brunsås m. buljong grädde,Tillsatt socker,Sås dressing majonnäs ,3.0,g
1993,Brunsås m. buljong grädde,Fritt socker,Sås dressing majonnäs ,3.0,g
1993,Brunsås m. buljong grädde,"Selen, Se",Sås dressing majonnäs ,0.6,µg
1993,Brunsås m. buljong grädde,Sackaros,Sås dressing majonnäs ,1.2,g
1993,Brunsås m. buljong grädde,Riboflavin,Sås dressing majonnäs ,0.02,mg
1993,Brunsås m. buljong grädde,Retinol,Sås dressing majonnäs ,29.5,µg
1993,Brunsås m. buljong grädde,Protein,Sås dressing majonnäs ,1.3,g
1993,Brunsås m. buljong grädde,Summa fleromättade fettsyror,Sås dressing majonnäs ,1.8,g
1993,Brunsås m. buljong grädde,"Fosfor, P",Sås dressing majonnäs ,26.0,mg
1993,Brunsås m. buljong grädde,Niacinekvivalenter,Sås dressing majonnäs ,0.59,NE/mg
1993,Brunsås m. buljong grädde,Niacin,Sås dressing majonnäs ,0.35,mg
1993,Brunsås m. buljong grädde,"Salt, NaCl",Sås dressing majonnäs ,1.8,g
1993,Brunsås m. buljong grädde,"Natrium, Na",Sås dressing majonnäs ,738.0,mg
1993,Brunsås m. buljong grädde,Monosackarider,Sås dressing majonnäs ,2.3,g
1993,Brunsås m. buljong grädde,"Sockerarter, totalt",Sås dressing majonnäs ,3.8,g
1993,Brunsås m. buljong grädde,Summa enkelomättade fettsyror,Sås dressing majonnäs ,4.0,g
1993,Brunsås m. buljong grädde,"Magnesium, Mg",Sås dressing majonnäs ,6.0,mg
1993,Brunsås m. buljong grädde,Summa mättade fettsyror,Sås dressing majonnäs ,2.2,g
1993,Brunsås m. buljong grädde,"Kolhydrater, tillgängliga",Sås dressing majonnäs ,7.3,g
1993,Brunsås m. buljong grädde,Kolesterol,Sås dressing majonnäs ,7.0,mg
1993,Brunsås m. buljong grädde,"Kalium, K",Sås dressing majonnäs ,35.0,mg
1993,Brunsås m. buljong grädde,"Jod, I",Sås dressing majonnäs ,2.5,µg
1993,Brunsås m. buljong grädde,Fullkorn totalt,Sås dressing majonnäs ,0.0,g
1993,Brunsås m. buljong grädde,"Folat, totalt",Sås dressing majonnäs ,3.4,µg
1993,Brunsås m. buljong grädde,Fibrer,Sås dressing majonnäs ,0.2,g
1993,Brunsås m. buljong grädde,"Fett, totalt",Sås dressing majonnäs ,8.5,g
1993,Brunsås m. buljong grädde,"Järn, Fe",Sås dressing majonnäs ,0.2,mg
1993,Brunsås m. buljong grädde,Energi (kJ),Sås dressing majonnäs ,460.0,kJ
1993,Brunsås m. buljong grädde,Energi (kcal),Sås dressing majonnäs ,110.0,kcal
1993,Brunsås m. buljong grädde,Disackarider,Sås dressing majonnäs ,1.5,g
1993,Brunsås m. buljong grädde,"Kalcium, Ca",Sås dressing majonnäs ,13.0,mg
1993,Brunsås m. buljong grädde,Fettsyra 4:0-10:0,Sås dressing majonnäs ,0.2,g
1993,Brunsås m. buljong grädde,DHA (C22:6),Sås dressing majonnäs ,0.0,g
1993,Brunsås m. buljong grädde,DPA (C22:5),Sås dressing majonnäs ,0.0,g
1993,Brunsås m. buljong grädde,EPA (C20:5),Sås dressing majonnäs ,0.0,g
1993,Brunsås m. buljong grädde,Arakidonsyra C20:4,Sås dressing majonnäs ,0.0,g
1993,Brunsås m. buljong grädde,Arakidinsyra C20:0,Sås dressing majonnäs ,0.0,g
1993,Brunsås m. buljong grädde,Linolensyra C18:3,Sås dressing majonnäs ,0.4,g
1993,Brunsås m. buljong grädde,Linolsyra C18:2,Sås dressing majonnäs ,1.4,g
1993,Brunsås m. buljong grädde,Oljesyra C18:1,Sås dressing majonnäs ,3.8,g
1993,Brunsås m. buljong grädde,Stearinsyra C18:0,Sås dressing majonnäs ,0.4,g
1993,Brunsås m. buljong grädde,Palmitoljesyra C16:1,Sås dressing majonnäs ,0.1,g
1993,Brunsås m. buljong grädde,Palmitinsyra C16:0,Sås dressing majonnäs ,1.1,g
1993,Brunsås m. buljong grädde,Myristinsyra C14:0,Sås dressing majonnäs ,0.3,g
1993,Brunsås m. buljong grädde,Laurinsyra C12:0,Sås dressing majonnäs ,0.1,g
1993,Brunsås m. buljong grädde,Betakaroten/β-Karoten,Sås dressing majonnäs ,26.0,µg
1993,Brunsås m. buljong grädde,Avfall (skal etc.),Sås dressing majonnäs ,0.0,%
1993,Brunsås m. buljong grädde,Aska,Sås dressing majonnäs ,2.1,g
1993,Brunsås m. buljong grädde,Alkohol,Sås dressing majonnäs ,0.0,g
1994,Brunsås m. buljong,"Zink, Zn",Sås dressing majonnäs ,0.1,mg
1994,Brunsås m. buljong,Vitamin E,Sås dressing majonnäs ,1.7,mg
1994,Brunsås m. buljong,Vitamin D,Sås dressing majonnäs ,0.3,µg
1994,Brunsås m. buljong,Vitamin C,Sås dressing majonnäs ,0.1,mg
1994,Brunsås m. buljong,Vitamin B6,Sås dressing majonnäs ,0.02,mg
1994,Brunsås m. buljong,Vitamin B12,Sås dressing majonnäs ,0.0,µg
1994,Brunsås m. buljong,Vitamin A,Sås dressing majonnäs ,20.0,RE/µg
1994,Brunsås m. buljong,Vatten,Sås dressing majonnäs ,82.3,g
1994,Brunsås m. buljong,Tiamin,Sås dressing majonnäs ,0.01,mg
1994,Brunsås m. buljong,Tillsatt socker,Sås dressing majonnäs ,3.0,g
1994,Brunsås m. buljong,Fritt socker,Sås dressing majonnäs ,3.0,g
1994,Brunsås m. buljong,"Selen, Se",Sås dressing majonnäs ,0.5,µg
1994,Brunsås m. buljong,Sackaros,Sås dressing majonnäs ,1.3,g
1994,Brunsås m. buljong,Riboflavin,Sås dressing majonnäs ,0.01,mg
1994,Brunsås m. buljong,Retinol,Sås dressing majonnäs ,9.4,µg
1994,Brunsås m. buljong,Protein,Sås dressing majonnäs ,1.1,g
1994,Brunsås m. buljong,Summa fleromättade fettsyror,Sås dressing majonnäs ,1.9,g
1994,Brunsås m. buljong,"Fosfor, P",Sås dressing majonnäs ,21.0,mg
1994,Brunsås m. buljong,Niacinekvivalenter,Sås dressing majonnäs ,0.57,NE/mg
1994,Brunsås m. buljong,Niacin,Sås dressing majonnäs ,0.38,mg
1994,Brunsås m. buljong,"Salt, NaCl",Sås dressing majonnäs ,2.0,g
1994,Brunsås m. buljong,"Natrium, Na",Sås dressing majonnäs ,794.0,mg
1994,Brunsås m. buljong,Monosackarider,Sås dressing majonnäs ,2.5,g
1994,Brunsås m. buljong,"Sockerarter, totalt",Sås dressing majonnäs ,3.8,g
1994,Brunsås m. buljong,Summa enkelomättade fettsyror,Sås dressing majonnäs ,3.7,g
1994,Brunsås m. buljong,"Magnesium, Mg",Sås dressing majonnäs ,6.0,mg
1994,Brunsås m. buljong,Summa mättade fettsyror,Sås dressing majonnäs ,0.7,g
1994,Brunsås m. buljong,"Kolhydrater, tillgängliga",Sås dressing majonnäs ,7.5,g
1994,Brunsås m. buljong,Kolesterol,Sås dressing majonnäs ,0.1,mg
1994,Brunsås m. buljong,"Kalium, K",Sås dressing majonnäs ,27.0,mg
1994,Brunsås m. buljong,"Jod, I",Sås dressing majonnäs ,1.8,µg
1994,Brunsås m. buljong,Fullkorn totalt,Sås dressing majonnäs ,0.0,g
1994,Brunsås m. buljong,"Folat, totalt",Sås dressing majonnäs ,2.9,µg
1994,Brunsås m. buljong,Fibrer,Sås dressing majonnäs ,0.2,g
1994,Brunsås m. buljong,"Fett, totalt",Sås dressing majonnäs ,6.5,g
1994,Brunsås m. buljong,"Järn, Fe",Sås dressing majonnäs ,0.2,mg
1994,Brunsås m. buljong,Energi (kJ),Sås dressing majonnäs ,391.0,kJ
1994,Brunsås m. buljong,Energi (kcal),Sås dressing majonnäs ,93.0,kcal
1994,Brunsås m. buljong,Disackarider,Sås dressing majonnäs ,1.3,g
1994,Brunsås m. buljong,"Kalcium, Ca",Sås dressing majonnäs ,6.0,mg
1994,Brunsås m. buljong,Fettsyra 4:0-10:0,Sås dressing majonnäs ,0.0,g
1994,Brunsås m. buljong,DHA (C22:6),Sås dressing majonnäs ,0.0,g
1994,Brunsås m. buljong,DPA (C22:5),Sås dressing majonnäs ,0.0,g
1994,Brunsås m. buljong,EPA (C20:5),Sås dressing majonnäs ,0.0,g
1994,Brunsås m. buljong,Arakidonsyra C20:4,Sås dressing majonnäs ,0.0,g
1994,Brunsås m. buljong,Arakidinsyra C20:0,Sås dressing majonnäs ,0.0,g
1994,Brunsås m. buljong,Linolensyra C18:3,Sås dressing majonnäs ,0.5,g
1994,Brunsås m. buljong,Linolsyra C18:2,Sås dressing majonnäs ,1.4,g
1994,Brunsås m. buljong,Oljesyra C18:1,Sås dressing majonnäs ,3.6,g
1994,Brunsås m. buljong,Stearinsyra C18:0,Sås dressing majonnäs ,0.2,g
1994,Brunsås m. buljong,Palmitoljesyra C16:1,Sås dressing majonnäs ,0.0,g
1994,Brunsås m. buljong,Palmitinsyra C16:0,Sås dressing majonnäs ,0.4,g
1994,Brunsås m. buljong,Myristinsyra C14:0,Sås dressing majonnäs ,0.0,g
1994,Brunsås m. buljong,Laurinsyra C12:0,Sås dressing majonnäs ,0.0,g
1994,Brunsås m. buljong,Betakaroten/β-Karoten,Sås dressing majonnäs ,10.0,µg
1994,Brunsås m. buljong,Avfall (skal etc.),Sås dressing majonnäs ,0.0,%
1994,Brunsås m. buljong,Aska,Sås dressing majonnäs ,2.2,g
1994,Brunsås m. buljong,Alkohol,Sås dressing majonnäs ,0.0,g
1995,Currysås hemlagad,"Zink, Zn",Sås dressing majonnäs ,0.2,mg
1995,Currysås hemlagad,Vitamin E,Sås dressing majonnäs ,0.7,mg
1995,Currysås hemlagad,Vitamin D,Sås dressing majonnäs ,0.13,µg
1995,Currysås hemlagad,Vitamin C,Sås dressing majonnäs ,0.2,mg
1995,Currysås hemlagad,Vitamin B6,Sås dressing majonnäs ,0.02,mg
1995,Currysås hemlagad,Vitamin B12,Sås dressing majonnäs ,0.14,µg
1995,Currysås hemlagad,Vitamin A,Sås dressing majonnäs ,83.7,RE/µg
1995,Currysås hemlagad,Vatten,Sås dressing majonnäs ,83.2,g
1995,Currysås hemlagad,Tiamin,Sås dressing majonnäs ,0.02,mg
1995,Currysås hemlagad,Tillsatt socker,Sås dressing majonnäs ,0.0,g
1995,Currysås hemlagad,Fritt socker,Sås dressing majonnäs ,0.0,g
1995,Currysås hemlagad,"Selen, Se",Sås dressing majonnäs ,2.2,µg
1995,Currysås hemlagad,Sackaros,Sås dressing majonnäs ,0.1,g
1995,Currysås hemlagad,Riboflavin,Sås dressing majonnäs ,0.03,mg
1995,Currysås hemlagad,Retinol,Sås dressing majonnäs ,75.7,µg
1995,Currysås hemlagad,Protein,Sås dressing majonnäs ,1.4,g
1995,Currysås hemlagad,Summa fleromättade fettsyror,Sås dressing majonnäs ,0.4,g
1995,Currysås hemlagad,"Fosfor, P",Sås dressing majonnäs ,32.0,mg
1995,Currysås hemlagad,Niacinekvivalenter,Sås dressing majonnäs ,0.4,NE/mg
1995,Currysås hemlagad,Niacin,Sås dressing majonnäs ,0.11,mg
1995,Currysås hemlagad,"Salt, NaCl",Sås dressing majonnäs ,1.9,g
1995,Currysås hemlagad,"Natrium, Na",Sås dressing majonnäs ,755.0,mg
1995,Currysås hemlagad,Monosackarider,Sås dressing majonnäs ,0.2,g
1995,Currysås hemlagad,"Sockerarter, totalt",Sås dressing majonnäs ,0.7,g
1995,Currysås hemlagad,Summa enkelomättade fettsyror,Sås dressing majonnäs ,2.2,g
1995,Currysås hemlagad,"Magnesium, Mg",Sås dressing majonnäs ,5.0,mg
1995,Currysås hemlagad,Summa mättade fettsyror,Sås dressing majonnäs ,5.2,g
1995,Currysås hemlagad,"Kolhydrater, tillgängliga",Sås dressing majonnäs ,4.6,g
1995,Currysås hemlagad,Kolesterol,Sås dressing majonnäs ,48.9,mg
1995,Currysås hemlagad,"Kalium, K",Sås dressing majonnäs ,37.0,mg
1995,Currysås hemlagad,"Jod, I",Sås dressing majonnäs ,54.8,µg
1995,Currysås hemlagad,Fullkorn totalt,Sås dressing majonnäs ,0.0,g
1995,Currysås hemlagad,"Folat, totalt",Sås dressing majonnäs ,10.1,µg
1995,Currysås hemlagad,Fibrer,Sås dressing majonnäs ,0.2,g
1995,Currysås hemlagad,"Fett, totalt",Sås dressing majonnäs ,8.4,g
1995,Currysås hemlagad,"Järn, Fe",Sås dressing majonnäs ,0.2,mg
1995,Currysås hemlagad,Energi (kJ),Sås dressing majonnäs ,415.0,kJ
1995,Currysås hemlagad,Energi (kcal),Sås dressing majonnäs ,99.0,kcal
1995,Currysås hemlagad,Disackarider,Sås dressing majonnäs ,0.5,g
1995,Currysås hemlagad,"Kalcium, Ca",Sås dressing majonnäs ,18.0,mg
1995,Currysås hemlagad,Fettsyra 4:0-10:0,Sås dressing majonnäs ,0.7,g
1995,Currysås hemlagad,DHA (C22:6),Sås dressing majonnäs ,0.0,g
1995,Currysås hemlagad,DPA (C22:5),Sås dressing majonnäs ,0.0,g
1995,Currysås hemlagad,EPA (C20:5),Sås dressing majonnäs ,0.0,g
1995,Currysås hemlagad,Arakidonsyra C20:4,Sås dressing majonnäs ,0.0,g
1995,Currysås hemlagad,Arakidinsyra C20:0,Sås dressing majonnäs ,0.0,g
1995,Currysås hemlagad,Linolensyra C18:3,Sås dressing majonnäs ,0.1,g
1995,Currysås hemlagad,Linolsyra C18:2,Sås dressing majonnäs ,0.3,g
1995,Currysås hemlagad,Oljesyra C18:1,Sås dressing majonnäs ,1.9,g
1995,Currysås hemlagad,Stearinsyra C18:0,Sås dressing majonnäs ,0.8,g
1995,Currysås hemlagad,Palmitoljesyra C16:1,Sås dressing majonnäs ,0.2,g
1995,Currysås hemlagad,Palmitinsyra C16:0,Sås dressing majonnäs ,2.5,g
1995,Currysås hemlagad,Myristinsyra C14:0,Sås dressing majonnäs ,0.8,g
1995,Currysås hemlagad,Laurinsyra C12:0,Sås dressing majonnäs ,0.2,g
1995,Currysås hemlagad,Betakaroten/β-Karoten,Sås dressing majonnäs ,95.0,µg
1995,Currysås hemlagad,Avfall (skal etc.),Sås dressing majonnäs ,0.0,%
1995,Currysås hemlagad,Aska,Sås dressing majonnäs ,2.0,g
1995,Currysås hemlagad,Alkohol,Sås dressing majonnäs ,0.0,g
1996,Brunsås m. kaffegrädde,"Zink, Zn",Sås dressing majonnäs ,0.1,mg
1996,Brunsås m. kaffegrädde,Vitamin E,Sås dressing majonnäs ,1.6,mg
1996,Brunsås m. kaffegrädde,Vitamin D,Sås dressing majonnäs ,0.28,µg
1996,Brunsås m. kaffegrädde,Vitamin C,Sås dressing majonnäs ,0.2,mg
1996,Brunsås m. kaffegrädde,Vitamin B6,Sås dressing majonnäs ,0.02,mg
1996,Brunsås m. kaffegrädde,Vitamin B12,Sås dressing majonnäs ,0.04,µg
1996,Brunsås m. kaffegrädde,Vitamin A,Sås dressing majonnäs ,28.0,RE/µg
1996,Brunsås m. kaffegrädde,Vatten,Sås dressing majonnäs ,81.9,g
1996,Brunsås m. kaffegrädde,Tiamin,Sås dressing majonnäs ,0.01,mg
1996,Brunsås m. kaffegrädde,Tillsatt socker,Sås dressing majonnäs ,3.0,g
1996,Brunsås m. kaffegrädde,Fritt socker,Sås dressing majonnäs ,3.0,g
1996,Brunsås m. kaffegrädde,"Selen, Se",Sås dressing majonnäs ,0.6,µg
1996,Brunsås m. kaffegrädde,Sackaros,Sås dressing majonnäs ,1.2,g
1996,Brunsås m. kaffegrädde,Riboflavin,Sås dressing majonnäs ,0.02,mg
1996,Brunsås m. kaffegrädde,Retinol,Sås dressing majonnäs ,17.5,µg
1996,Brunsås m. kaffegrädde,Protein,Sås dressing majonnäs ,1.3,g
1996,Brunsås m. kaffegrädde,Summa fleromättade fettsyror,Sås dressing majonnäs ,1.8,g
1996,Brunsås m. kaffegrädde,"Fosfor, P",Sås dressing majonnäs ,28.0,mg
1996,Brunsås m. kaffegrädde,Niacinekvivalenter,Sås dressing majonnäs ,0.6,NE/mg
1996,Brunsås m. kaffegrädde,Niacin,Sås dressing majonnäs ,0.36,mg
1996,Brunsås m. kaffegrädde,"Salt, NaCl",Sås dressing majonnäs ,1.8,g
1996,Brunsås m. kaffegrädde,"Natrium, Na",Sås dressing majonnäs ,741.0,mg
1996,Brunsås m. kaffegrädde,Monosackarider,Sås dressing majonnäs ,2.3,g
1996,Brunsås m. kaffegrädde,"Sockerarter, totalt",Sås dressing majonnäs ,3.9,g
1996,Brunsås m. kaffegrädde,Summa enkelomättade fettsyror,Sås dressing majonnäs ,3.7,g
1996,Brunsås m. kaffegrädde,"Magnesium, Mg",Sås dressing majonnäs ,6.0,mg
1996,Brunsås m. kaffegrädde,Summa mättade fettsyror,Sås dressing majonnäs ,1.3,g
1996,Brunsås m. kaffegrädde,"Kolhydrater, tillgängliga",Sås dressing majonnäs ,7.4,g
1996,Brunsås m. kaffegrädde,Kolesterol,Sås dressing majonnäs ,3.1,mg
1996,Brunsås m. kaffegrädde,"Kalium, K",Sås dressing majonnäs ,37.0,mg
1996,Brunsås m. kaffegrädde,"Jod, I",Sås dressing majonnäs ,2.6,µg
1996,Brunsås m. kaffegrädde,Fullkorn totalt,Sås dressing majonnäs ,0.0,g
1996,Brunsås m. kaffegrädde,"Folat, totalt",Sås dressing majonnäs ,3.6,µg
1996,Brunsås m. kaffegrädde,Fibrer,Sås dressing majonnäs ,0.2,g
1996,Brunsås m. kaffegrädde,"Fett, totalt",Sås dressing majonnäs ,7.1,g
1996,Brunsås m. kaffegrädde,"Järn, Fe",Sås dressing majonnäs ,0.2,mg
1996,Brunsås m. kaffegrädde,Energi (kJ),Sås dressing majonnäs ,412.0,kJ
1996,Brunsås m. kaffegrädde,Energi (kcal),Sås dressing majonnäs ,98.0,kcal
1996,Brunsås m. kaffegrädde,Disackarider,Sås dressing majonnäs ,1.6,g
1996,Brunsås m. kaffegrädde,"Kalcium, Ca",Sås dressing majonnäs ,15.0,mg
1996,Brunsås m. kaffegrädde,Fettsyra 4:0-10:0,Sås dressing majonnäs ,0.1,g
1996,Brunsås m. kaffegrädde,DHA (C22:6),Sås dressing majonnäs ,0.0,g
1996,Brunsås m. kaffegrädde,DPA (C22:5),Sås dressing majonnäs ,0.0,g
1996,Brunsås m. kaffegrädde,EPA (C20:5),Sås dressing majonnäs ,0.0,g
1996,Brunsås m. kaffegrädde,Arakidonsyra C20:4,Sås dressing majonnäs ,0.0,g
1996,Brunsås m. kaffegrädde,Arakidinsyra C20:0,Sås dressing majonnäs ,0.0,g
1996,Brunsås m. kaffegrädde,Linolensyra C18:3,Sås dressing majonnäs ,0.4,g
1996,Brunsås m. kaffegrädde,Linolsyra C18:2,Sås dressing majonnäs ,1.3,g
1996,Brunsås m. kaffegrädde,Oljesyra C18:1,Sås dressing majonnäs ,3.5,g
1996,Brunsås m. kaffegrädde,Stearinsyra C18:0,Sås dressing majonnäs ,0.2,g
1996,Brunsås m. kaffegrädde,Palmitoljesyra C16:1,Sås dressing majonnäs ,0.0,g
1996,Brunsås m. kaffegrädde,Palmitinsyra C16:0,Sås dressing majonnäs ,0.7,g
1996,Brunsås m. kaffegrädde,Myristinsyra C14:0,Sås dressing majonnäs ,0.1,g
1996,Brunsås m. kaffegrädde,Laurinsyra C12:0,Sås dressing majonnäs ,0.0,g
1996,Brunsås m. kaffegrädde,Betakaroten/β-Karoten,Sås dressing majonnäs ,17.0,µg
1996,Brunsås m. kaffegrädde,Avfall (skal etc.),Sås dressing majonnäs ,0.0,%
1996,Brunsås m. kaffegrädde,Aska,Sås dressing majonnäs ,2.1,g
1996,Brunsås m. kaffegrädde,Alkohol,Sås dressing majonnäs ,0.0,g
1997,Korintsås,"Zink, Zn",Sås dressing majonnäs ,0.0,mg
1997,Korintsås,Vitamin E,Sås dressing majonnäs ,0.9,mg
1997,Korintsås,Vitamin D,Sås dressing majonnäs ,0.13,µg
1997,Korintsås,Vitamin C,Sås dressing majonnäs ,0.1,mg
1997,Korintsås,Vitamin B6,Sås dressing majonnäs ,0.03,mg
1997,Korintsås,Vitamin B12,Sås dressing majonnäs ,0.0,µg
1997,Korintsås,Vitamin A,Sås dressing majonnäs ,12.1,RE/µg
1997,Korintsås,Vatten,Sås dressing majonnäs ,84.5,g
1997,Korintsås,Tiamin,Sås dressing majonnäs ,0.01,mg
1997,Korintsås,Tillsatt socker,Sås dressing majonnäs ,2.0,g
1997,Korintsås,Fritt socker,Sås dressing majonnäs ,2.0,g
1997,Korintsås,"Selen, Se",Sås dressing majonnäs ,0.3,µg
1997,Korintsås,Sackaros,Sås dressing majonnäs ,1.7,g
1997,Korintsås,Riboflavin,Sås dressing majonnäs ,0.01,mg
1997,Korintsås,Retinol,Sås dressing majonnäs ,4.1,µg
1997,Korintsås,Protein,Sås dressing majonnäs ,0.8,g
1997,Korintsås,Summa fleromättade fettsyror,Sås dressing majonnäs ,0.8,g
1997,Korintsås,"Fosfor, P",Sås dressing majonnäs ,16.0,mg
1997,Korintsås,Niacinekvivalenter,Sås dressing majonnäs ,0.28,NE/mg
1997,Korintsås,Niacin,Sås dressing majonnäs ,0.15,mg
1997,Korintsås,"Salt, NaCl",Sås dressing majonnäs ,1.0,g
1997,Korintsås,"Natrium, Na",Sås dressing majonnäs ,400.0,mg
1997,Korintsås,Monosackarider,Sås dressing majonnäs ,5.2,g
1997,Korintsås,"Sockerarter, totalt",Sås dressing majonnäs ,6.9,g
1997,Korintsås,Summa enkelomättade fettsyror,Sås dressing majonnäs ,1.6,g
1997,Korintsås,"Magnesium, Mg",Sås dressing majonnäs ,6.0,mg
1997,Korintsås,Summa mättade fettsyror,Sås dressing majonnäs ,0.3,g
1997,Korintsås,"Kolhydrater, tillgängliga",Sås dressing majonnäs ,9.6,g
1997,Korintsås,Kolesterol,Sås dressing majonnäs ,0.0,mg
1997,Korintsås,"Kalium, K",Sås dressing majonnäs ,56.0,mg
1997,Korintsås,"Jod, I",Sås dressing majonnäs ,9.0,µg
1997,Korintsås,Fullkorn totalt,Sås dressing majonnäs ,0.0,g
1997,Korintsås,"Folat, totalt",Sås dressing majonnäs ,2.9,µg
1997,Korintsås,Fibrer,Sås dressing majonnäs ,0.6,g
1997,Korintsås,"Fett, totalt",Sås dressing majonnäs ,3.0,g
1997,Korintsås,"Järn, Fe",Sås dressing majonnäs ,0.3,mg
1997,Korintsås,Energi (kJ),Sås dressing majonnäs ,293.0,kJ
1997,Korintsås,Energi (kcal),Sås dressing majonnäs ,70.0,kcal
1997,Korintsås,Disackarider,Sås dressing majonnäs ,1.6,g
1997,Korintsås,"Kalcium, Ca",Sås dressing majonnäs ,8.0,mg
1997,Korintsås,Fettsyra 4:0-10:0,Sås dressing majonnäs ,0.0,g
1997,Korintsås,DHA (C22:6),Sås dressing majonnäs ,0.0,g
1997,Korintsås,DPA (C22:5),Sås dressing majonnäs ,0.0,g
1997,Korintsås,EPA (C20:5),Sås dressing majonnäs ,0.0,g
1997,Korintsås,Arakidonsyra C20:4,Sås dressing majonnäs ,0.0,g
1997,Korintsås,Arakidinsyra C20:0,Sås dressing majonnäs ,0.0,g
1997,Korintsås,Linolensyra C18:3,Sås dressing majonnäs ,0.2,g
1997,Korintsås,Linolsyra C18:2,Sås dressing majonnäs ,0.6,g
1997,Korintsås,Oljesyra C18:1,Sås dressing majonnäs ,1.6,g
1997,Korintsås,Stearinsyra C18:0,Sås dressing majonnäs ,0.1,g
1997,Korintsås,Palmitoljesyra C16:1,Sås dressing majonnäs ,0.0,g
1997,Korintsås,Palmitinsyra C16:0,Sås dressing majonnäs ,0.2,g
1997,Korintsås,Myristinsyra C14:0,Sås dressing majonnäs ,0.0,g
1997,Korintsås,Laurinsyra C12:0,Sås dressing majonnäs ,0.0,g
1997,Korintsås,Betakaroten/β-Karoten,Sås dressing majonnäs ,44.0,µg
1997,Korintsås,Avfall (skal etc.),Sås dressing majonnäs ,0.0,%
1997,Korintsås,Aska,Sås dressing majonnäs ,1.5,g
1997,Korintsås,Alkohol,Sås dressing majonnäs ,0.0,g
1998,Brunsås tillagad pulver m. mjölk vatten,"Zink, Zn",Sås dressing majonnäs ,0.3,mg
1998,Brunsås tillagad pulver m. mjölk vatten,Vitamin E,Sås dressing majonnäs ,0.3,mg
1998,Brunsås tillagad pulver m. mjölk vatten,Vitamin D inkl 25-OH-D3,Sås dressing majonnäs ,0.0,µg
1998,Brunsås tillagad pulver m. mjölk vatten,Vitamin D,Sås dressing majonnäs ,0.0,µg
1998,Brunsås tillagad pulver m. mjölk vatten,Vitamin C,Sås dressing majonnäs ,0.1,mg
1998,Brunsås tillagad pulver m. mjölk vatten,Vitamin B6,Sås dressing majonnäs ,0.04,mg
1998,Brunsås tillagad pulver m. mjölk vatten,Vitamin B12,Sås dressing majonnäs ,0.07,µg
1998,Brunsås tillagad pulver m. mjölk vatten,Vitamin A,Sås dressing majonnäs ,74.3,RE/µg
1998,Brunsås tillagad pulver m. mjölk vatten,Vatten,Sås dressing majonnäs ,86.9,g
1998,Brunsås tillagad pulver m. mjölk vatten,Tiamin,Sås dressing majonnäs ,0.85,mg
1998,Brunsås tillagad pulver m. mjölk vatten,Tillsatt socker,Sås dressing majonnäs ,2.0,g
1998,Brunsås tillagad pulver m. mjölk vatten,Fritt socker,Sås dressing majonnäs ,2.0,g
1998,Brunsås tillagad pulver m. mjölk vatten,"Selen, Se",Sås dressing majonnäs ,1.0,µg
1998,Brunsås tillagad pulver m. mjölk vatten,Sackaros,Sås dressing majonnäs ,0.4,g
1998,Brunsås tillagad pulver m. mjölk vatten,Riboflavin,Sås dressing majonnäs ,0.08,mg
1998,Brunsås tillagad pulver m. mjölk vatten,Retinol,Sås dressing majonnäs ,73.7,µg
1998,Brunsås tillagad pulver m. mjölk vatten,Protein,Sås dressing majonnäs ,2.2,g
1998,Brunsås tillagad pulver m. mjölk vatten,Summa fleromättade fettsyror,Sås dressing majonnäs ,0.1,g
1998,Brunsås tillagad pulver m. mjölk vatten,"Fosfor, P",Sås dressing majonnäs ,71.0,mg
1998,Brunsås tillagad pulver m. mjölk vatten,Niacinekvivalenter,Sås dressing majonnäs ,0.7,NE/mg
1998,Brunsås tillagad pulver m. mjölk vatten,Niacin,Sås dressing majonnäs ,0.18,mg
1998,Brunsås tillagad pulver m. mjölk vatten,"Salt, NaCl",Sås dressing majonnäs ,1.4,g
1998,Brunsås tillagad pulver m. mjölk vatten,"Natrium, Na",Sås dressing majonnäs ,555.0,mg
1998,Brunsås tillagad pulver m. mjölk vatten,Monosackarider,Sås dressing majonnäs ,0.1,g
1998,Brunsås tillagad pulver m. mjölk vatten,"Sockerarter, totalt",Sås dressing majonnäs ,2.5,g
1998,Brunsås tillagad pulver m. mjölk vatten,Summa enkelomättade fettsyror,Sås dressing majonnäs ,0.9,g
1998,Brunsås tillagad pulver m. mjölk vatten,"Magnesium, Mg",Sås dressing majonnäs ,9.0,mg
1998,Brunsås tillagad pulver m. mjölk vatten,Summa mättade fettsyror,Sås dressing majonnäs ,0.9,g
1998,Brunsås tillagad pulver m. mjölk vatten,"Kolhydrater, tillgängliga",Sås dressing majonnäs ,7.1,g
1998,Brunsås tillagad pulver m. mjölk vatten,Kolesterol,Sås dressing majonnäs ,3.0,mg
1998,Brunsås tillagad pulver m. mjölk vatten,"Kalium, K",Sås dressing majonnäs ,96.0,mg
1998,Brunsås tillagad pulver m. mjölk vatten,"Jod, I",Sås dressing majonnäs ,12.8,µg
1998,Brunsås tillagad pulver m. mjölk vatten,Fullkorn totalt,Sås dressing majonnäs ,0.0,g
1998,Brunsås tillagad pulver m. mjölk vatten,"Folat, totalt",Sås dressing majonnäs ,12.9,µg
1998,Brunsås tillagad pulver m. mjölk vatten,Fibrer,Sås dressing majonnäs ,0.1,g
1998,Brunsås tillagad pulver m. mjölk vatten,"Fett, totalt",Sås dressing majonnäs ,2.0,g
1998,Brunsås tillagad pulver m. mjölk vatten,"Järn, Fe",Sås dressing majonnäs ,0.1,mg
1998,Brunsås tillagad pulver m. mjölk vatten,Energi (kJ),Sås dressing majonnäs ,235.0,kJ
1998,Brunsås tillagad pulver m. mjölk vatten,Energi (kcal),Sås dressing majonnäs ,56.0,kcal
1998,Brunsås tillagad pulver m. mjölk vatten,Disackarider,Sås dressing majonnäs ,2.4,g
1998,Brunsås tillagad pulver m. mjölk vatten,"Kalcium, Ca",Sås dressing majonnäs ,48.0,mg
1998,Brunsås tillagad pulver m. mjölk vatten,Fettsyra 4:0-10:0,Sås dressing majonnäs ,0.1,g
1998,Brunsås tillagad pulver m. mjölk vatten,DHA (C22:6),Sås dressing majonnäs ,0.0,g
1998,Brunsås tillagad pulver m. mjölk vatten,DPA (C22:5),Sås dressing majonnäs ,0.0,g
1998,Brunsås tillagad pulver m. mjölk vatten,EPA (C20:5),Sås dressing majonnäs ,0.0,g
1998,Brunsås tillagad pulver m. mjölk vatten,Arakidonsyra C20:4,Sås dressing majonnäs ,0.0,g
1998,Brunsås tillagad pulver m. mjölk vatten,Arakidinsyra C20:0,Sås dressing majonnäs ,0.0,g
1998,Brunsås tillagad pulver m. mjölk vatten,Linolensyra C18:3,Sås dressing majonnäs ,0.0,g
1998,Brunsås tillagad pulver m. mjölk vatten,Linolsyra C18:2,Sås dressing majonnäs ,0.1,g
1998,Brunsås tillagad pulver m. mjölk vatten,Oljesyra C18:1,Sås dressing majonnäs ,0.8,g
1998,Brunsås tillagad pulver m. mjölk vatten,Stearinsyra C18:0,Sås dressing majonnäs ,0.2,g
1998,Brunsås tillagad pulver m. mjölk vatten,Palmitoljesyra C16:1,Sås dressing majonnäs ,0.0,g
1998,Brunsås tillagad pulver m. mjölk vatten,Palmitinsyra C16:0,Sås dressing majonnäs ,0.4,g
1998,Brunsås tillagad pulver m. mjölk vatten,Myristinsyra C14:0,Sås dressing majonnäs ,0.1,g
1998,Brunsås tillagad pulver m. mjölk vatten,Laurinsyra C12:0,Sås dressing majonnäs ,0.0,g
1998,Brunsås tillagad pulver m. mjölk vatten,Betakaroten/β-Karoten,Sås dressing majonnäs ,7.0,µg
1998,Brunsås tillagad pulver m. mjölk vatten,Avfall (skal etc.),Sås dressing majonnäs ,0.0,%
1998,Brunsås tillagad pulver m. mjölk vatten,Aska,Sås dressing majonnäs ,1.6,g
1998,Brunsås tillagad pulver m. mjölk vatten,Alkohol,Sås dressing majonnäs ,0.0,g
1999,Gräddsås tillagad pulver m. mjölk vatten smör,"Zink, Zn",Sås dressing majonnäs ,0.3,mg
1999,Gräddsås tillagad pulver m. mjölk vatten smör,Vitamin E,Sås dressing majonnäs ,0.5,mg
1999,Gräddsås tillagad pulver m. mjölk vatten smör,Vitamin D,Sås dressing majonnäs ,0.0,µg
1999,Gräddsås tillagad pulver m. mjölk vatten smör,Vitamin C,Sås dressing majonnäs ,1.9,mg
1999,Gräddsås tillagad pulver m. mjölk vatten smör,Vitamin B6,Sås dressing majonnäs ,0.04,mg
1999,Gräddsås tillagad pulver m. mjölk vatten smör,Vitamin B12,Sås dressing majonnäs ,0.13,µg
1999,Gräddsås tillagad pulver m. mjölk vatten smör,Vitamin A,Sås dressing majonnäs ,66.0,RE/µg
1999,Gräddsås tillagad pulver m. mjölk vatten smör,Vatten,Sås dressing majonnäs ,79.6,g
1999,Gräddsås tillagad pulver m. mjölk vatten smör,Tiamin,Sås dressing majonnäs ,0.21,mg
1999,Gräddsås tillagad pulver m. mjölk vatten smör,Tillsatt socker,Sås dressing majonnäs ,3.0,g
1999,Gräddsås tillagad pulver m. mjölk vatten smör,Fritt socker,Sås dressing majonnäs ,3.0,g
1999,Gräddsås tillagad pulver m. mjölk vatten smör,"Selen, Se",Sås dressing majonnäs ,1.8,µg
1999,Gräddsås tillagad pulver m. mjölk vatten smör,Sackaros,Sås dressing majonnäs ,0.0,g
1999,Gräddsås tillagad pulver m. mjölk vatten smör,Riboflavin,Sås dressing majonnäs ,0.11,mg
1999,Gräddsås tillagad pulver m. mjölk vatten smör,Retinol,Sås dressing majonnäs ,63.3,µg
1999,Gräddsås tillagad pulver m. mjölk vatten smör,Protein,Sås dressing majonnäs ,2.7,g
1999,Gräddsås tillagad pulver m. mjölk vatten smör,Summa fleromättade fettsyror,Sås dressing majonnäs ,0.4,g
1999,Gräddsås tillagad pulver m. mjölk vatten smör,"Fosfor, P",Sås dressing majonnäs ,81.0,mg
1999,Gräddsås tillagad pulver m. mjölk vatten smör,Niacinekvivalenter,Sås dressing majonnäs ,0.75,NE/mg
1999,Gräddsås tillagad pulver m. mjölk vatten smör,Niacin,Sås dressing majonnäs ,0.13,mg
1999,Gräddsås tillagad pulver m. mjölk vatten smör,"Salt, NaCl",Sås dressing majonnäs ,1.3,g
1999,Gräddsås tillagad pulver m. mjölk vatten smör,"Natrium, Na",Sås dressing majonnäs ,509.0,mg
1999,Gräddsås tillagad pulver m. mjölk vatten smör,Monosackarider,Sås dressing majonnäs ,0.0,g
1999,Gräddsås tillagad pulver m. mjölk vatten smör,"Sockerarter, totalt",Sås dressing majonnäs ,3.3,g
1999,Gräddsås tillagad pulver m. mjölk vatten smör,Summa enkelomättade fettsyror,Sås dressing majonnäs ,2.8,g
1999,Gräddsås tillagad pulver m. mjölk vatten smör,"Magnesium, Mg",Sås dressing majonnäs ,6.0,mg
1999,Gräddsås tillagad pulver m. mjölk vatten smör,Summa mättade fettsyror,Sås dressing majonnäs ,4.7,g
1999,Gräddsås tillagad pulver m. mjölk vatten smör,"Kolhydrater, tillgängliga",Sås dressing majonnäs ,7.6,g
1999,Gräddsås tillagad pulver m. mjölk vatten smör,Kolesterol,Sås dressing majonnäs ,18.0,mg
1999,Gräddsås tillagad pulver m. mjölk vatten smör,"Kalium, K",Sås dressing majonnäs ,115.0,mg
1999,Gräddsås tillagad pulver m. mjölk vatten smör,Fullkorn totalt,Sås dressing majonnäs ,0.0,g
1999,Gräddsås tillagad pulver m. mjölk vatten smör,"Folat, totalt",Sås dressing majonnäs ,13.0,µg
1999,Gräddsås tillagad pulver m. mjölk vatten smör,Fibrer,Sås dressing majonnäs ,0.1,g
1999,Gräddsås tillagad pulver m. mjölk vatten smör,"Fett, totalt",Sås dressing majonnäs ,8.4,g
1999,Gräddsås tillagad pulver m. mjölk vatten smör,"Järn, Fe",Sås dressing majonnäs ,0.1,mg
1999,Gräddsås tillagad pulver m. mjölk vatten smör,Energi (kJ),Sås dressing majonnäs ,488.0,kJ
1999,Gräddsås tillagad pulver m. mjölk vatten smör,Energi (kcal),Sås dressing majonnäs ,117.0,kcal
1999,Gräddsås tillagad pulver m. mjölk vatten smör,Disackarider,Sås dressing majonnäs ,3.3,g
1999,Gräddsås tillagad pulver m. mjölk vatten smör,"Kalcium, Ca",Sås dressing majonnäs ,66.0,mg
1999,Gräddsås tillagad pulver m. mjölk vatten smör,Fettsyra 4:0-10:0,Sås dressing majonnäs ,0.6,g
1999,Gräddsås tillagad pulver m. mjölk vatten smör,DHA (C22:6),Sås dressing majonnäs ,0.0,g
1999,Gräddsås tillagad pulver m. mjölk vatten smör,DPA (C22:5),Sås dressing majonnäs ,0.0,g
1999,Gräddsås tillagad pulver m. mjölk vatten smör,EPA (C20:5),Sås dressing majonnäs ,0.0,g
1999,Gräddsås tillagad pulver m. mjölk vatten smör,Arakidonsyra C20:4,Sås dressing majonnäs ,0.0,g
1999,Gräddsås tillagad pulver m. mjölk vatten smör,Arakidinsyra C20:0,Sås dressing majonnäs ,0.0,g
1999,Gräddsås tillagad pulver m. mjölk vatten smör,Linolensyra C18:3,Sås dressing majonnäs ,0.0,g
1999,Gräddsås tillagad pulver m. mjölk vatten smör,Linolsyra C18:2,Sås dressing majonnäs ,0.2,g
1999,Gräddsås tillagad pulver m. mjölk vatten smör,Oljesyra C18:1,Sås dressing majonnäs ,2.6,g
1999,Gräddsås tillagad pulver m. mjölk vatten smör,Stearinsyra C18:0,Sås dressing majonnäs ,1.0,g
1999,Gräddsås tillagad pulver m. mjölk vatten smör,Palmitoljesyra C16:1,Sås dressing majonnäs ,0.1,g
1999,Gräddsås tillagad pulver m. mjölk vatten smör,Palmitinsyra C16:0,Sås dressing majonnäs ,2.0,g
1999,Gräddsås tillagad pulver m. mjölk vatten smör,Myristinsyra C14:0,Sås dressing majonnäs ,0.7,g
1999,Gräddsås tillagad pulver m. mjölk vatten smör,Laurinsyra C12:0,Sås dressing majonnäs ,0.2,g
1999,Gräddsås tillagad pulver m. mjölk vatten smör,Betakaroten/β-Karoten,Sås dressing majonnäs ,32.0,µg
1999,Gräddsås tillagad pulver m. mjölk vatten smör,Avfall (skal etc.),Sås dressing majonnäs ,0.0,%
1999,Gräddsås tillagad pulver m. mjölk vatten smör,Aska,Sås dressing majonnäs ,1.6,g
1999,Gräddsås tillagad pulver m. mjölk vatten smör,Alkohol,Sås dressing majonnäs ,0.0,g
2000,Tomatsås kryddstark,"Zink, Zn",Sås dressing majonnäs ,0.2,mg
2000,Tomatsås kryddstark,Vitamin E,Sås dressing majonnäs ,2.0,mg
2000,Tomatsås kryddstark,Vitamin D inkl 25-OH-D3,Sås dressing majonnäs ,0.0,µg
2000,Tomatsås kryddstark,Vitamin D,Sås dressing majonnäs ,0.0,µg
2000,Tomatsås kryddstark,Vitamin C,Sås dressing majonnäs ,10.0,mg
2000,Tomatsås kryddstark,Vitamin B6,Sås dressing majonnäs ,0.1,mg
2000,Tomatsås kryddstark,Vitamin B12,Sås dressing majonnäs ,0.0,µg
2000,Tomatsås kryddstark,Vitamin A,Sås dressing majonnäs ,28.4,RE/µg
2000,Tomatsås kryddstark,Vatten,Sås dressing majonnäs ,87.5,g
2000,Tomatsås kryddstark,Tiamin,Sås dressing majonnäs ,0.04,mg
2000,Tomatsås kryddstark,Tillsatt socker,Sås dressing majonnäs ,0.0,g
2000,Tomatsås kryddstark,Fritt socker,Sås dressing majonnäs ,2.0,g
2000,Tomatsås kryddstark,"Selen, Se",Sås dressing majonnäs ,0.2,µg
2000,Tomatsås kryddstark,Sackaros,Sås dressing majonnäs ,0.3,g
2000,Tomatsås kryddstark,Riboflavin,Sås dressing majonnäs ,0.02,mg
2000,Tomatsås kryddstark,Retinol,Sås dressing majonnäs ,0.0,µg
2000,Tomatsås kryddstark,Protein,Sås dressing majonnäs ,1.1,g
2000,Tomatsås kryddstark,Summa fleromättade fettsyror,Sås dressing majonnäs ,0.7,g
2000,Tomatsås kryddstark,"Fosfor, P",Sås dressing majonnäs ,28.0,mg
2000,Tomatsås kryddstark,Niacinekvivalenter,Sås dressing majonnäs ,1.03,NE/mg
2000,Tomatsås kryddstark,Niacin,Sås dressing majonnäs ,0.83,mg
2000,Tomatsås kryddstark,"Salt, NaCl",Sås dressing majonnäs ,0.6,g
2000,Tomatsås kryddstark,"Natrium, Na",Sås dressing majonnäs ,269.0,mg
2000,Tomatsås kryddstark,Monosackarider,Sås dressing majonnäs ,4.5,g
2000,Tomatsås kryddstark,"Sockerarter, totalt",Sås dressing majonnäs ,4.8,g
2000,Tomatsås kryddstark,Summa enkelomättade fettsyror,Sås dressing majonnäs ,1.5,g
2000,Tomatsås kryddstark,"Magnesium, Mg",Sås dressing majonnäs ,14.0,mg
2000,Tomatsås kryddstark,Summa mättade fettsyror,Sås dressing majonnäs ,0.2,g
2000,Tomatsås kryddstark,"Kolhydrater, tillgängliga",Sås dressing majonnäs ,5.8,g
2000,Tomatsås kryddstark,Kolesterol,Sås dressing majonnäs ,0.0,mg
2000,Tomatsås kryddstark,"Kalium, K",Sås dressing majonnäs ,212.0,mg
2000,Tomatsås kryddstark,"Jod, I",Sås dressing majonnäs ,34.9,µg
2000,Tomatsås kryddstark,Fullkorn totalt,Sås dressing majonnäs ,0.0,g
2000,Tomatsås kryddstark,"Folat, totalt",Sås dressing majonnäs ,18.7,µg
2000,Tomatsås kryddstark,Fibrer,Sås dressing majonnäs ,1.5,g
2000,Tomatsås kryddstark,"Fett, totalt",Sås dressing majonnäs ,2.6,g
2000,Tomatsås kryddstark,"Järn, Fe",Sås dressing majonnäs ,0.6,mg
2000,Tomatsås kryddstark,Energi (kJ),Sås dressing majonnäs ,226.0,kJ
2000,Tomatsås kryddstark,Energi (kcal),Sås dressing majonnäs ,54.0,kcal
2000,Tomatsås kryddstark,Disackarider,Sås dressing majonnäs ,0.3,g
2000,Tomatsås kryddstark,"Kalcium, Ca",Sås dressing majonnäs ,22.0,mg
2000,Tomatsås kryddstark,Fettsyra 4:0-10:0,Sås dressing majonnäs ,0.0,g
2000,Tomatsås kryddstark,DHA (C22:6),Sås dressing majonnäs ,0.0,g
2000,Tomatsås kryddstark,DPA (C22:5),Sås dressing majonnäs ,0.0,g
2000,Tomatsås kryddstark,EPA (C20:5),Sås dressing majonnäs ,0.0,g
2000,Tomatsås kryddstark,Arakidonsyra C20:4,Sås dressing majonnäs ,0.0,g
2000,Tomatsås kryddstark,Arakidinsyra C20:0,Sås dressing majonnäs ,0.0,g
2000,Tomatsås kryddstark,Linolensyra C18:3,Sås dressing majonnäs ,0.2,g
2000,Tomatsås kryddstark,Linolsyra C18:2,Sås dressing majonnäs ,0.5,g
2000,Tomatsås kryddstark,Oljesyra C18:1,Sås dressing majonnäs ,1.4,g
2000,Tomatsås kryddstark,Stearinsyra C18:0,Sås dressing majonnäs ,0.0,g
2000,Tomatsås kryddstark,Palmitoljesyra C16:1,Sås dressing majonnäs ,0.0,g
2000,Tomatsås kryddstark,Palmitinsyra C16:0,Sås dressing majonnäs ,0.1,g
2000,Tomatsås kryddstark,Myristinsyra C14:0,Sås dressing majonnäs ,0.0,g
2000,Tomatsås kryddstark,Laurinsyra C12:0,Sås dressing majonnäs ,0.0,g
2000,Tomatsås kryddstark,Betakaroten/β-Karoten,Sås dressing majonnäs ,337.0,µg
2000,Tomatsås kryddstark,Avfall (skal etc.),Sås dressing majonnäs ,1.0,%
2000,Tomatsås kryddstark,Aska,Sås dressing majonnäs ,1.4,g
2000,Tomatsås kryddstark,Alkohol,Sås dressing majonnäs ,0.0,g
2001,Dillsås,"Zink, Zn",Sås dressing majonnäs ,0.2,mg
2001,Dillsås,Vitamin E,Sås dressing majonnäs ,1.1,mg
2001,Dillsås,Vitamin D,Sås dressing majonnäs ,0.16,µg
2001,Dillsås,Vitamin C,Sås dressing majonnäs ,6.1,mg
2001,Dillsås,Vitamin B6,Sås dressing majonnäs ,0.04,mg
2001,Dillsås,Vitamin B12,Sås dressing majonnäs ,0.06,µg
2001,Dillsås,Vitamin A,Sås dressing majonnäs ,76.1,RE/µg
2001,Dillsås,Vatten,Sås dressing majonnäs ,81.2,g
2001,Dillsås,Tiamin,Sås dressing majonnäs ,0.02,mg
2001,Dillsås,Tillsatt socker,Sås dressing majonnäs ,3.0,g
2001,Dillsås,Fritt socker,Sås dressing majonnäs ,3.0,g
2001,Dillsås,"Selen, Se",Sås dressing majonnäs ,0.7,µg
2001,Dillsås,Sackaros,Sås dressing majonnäs ,3.0,g
2001,Dillsås,Riboflavin,Sås dressing majonnäs ,0.05,mg
2001,Dillsås,Retinol,Sås dressing majonnäs ,41.8,µg
2001,Dillsås,Protein,Sås dressing majonnäs ,1.4,g
2001,Dillsås,Summa fleromättade fettsyror,Sås dressing majonnäs ,1.1,g
2001,Dillsås,"Fosfor, P",Sås dressing majonnäs ,31.0,mg
2001,Dillsås,Niacinekvivalenter,Sås dressing majonnäs ,0.74,NE/mg
2001,Dillsås,Niacin,Sås dressing majonnäs ,0.46,mg
2001,Dillsås,"Salt, NaCl",Sås dressing majonnäs ,1.2,g
2001,Dillsås,"Natrium, Na",Sås dressing majonnäs ,497.0,mg
2001,Dillsås,Monosackarider,Sås dressing majonnäs ,0.1,g
2001,Dillsås,"Sockerarter, totalt",Sås dressing majonnäs ,3.7,g
2001,Dillsås,Summa enkelomättade fettsyror,Sås dressing majonnäs ,3.0,g
2001,Dillsås,"Magnesium, Mg",Sås dressing majonnäs ,8.0,mg
2001,Dillsås,Summa mättade fettsyror,Sås dressing majonnäs ,3.1,g
2001,Dillsås,"Kolhydrater, tillgängliga",Sås dressing majonnäs ,7.5,g
2001,Dillsås,Kolesterol,Sås dressing majonnäs ,12.4,mg
2001,Dillsås,"Kalium, K",Sås dressing majonnäs ,80.0,mg
2001,Dillsås,"Jod, I",Sås dressing majonnäs ,3.3,µg
2001,Dillsås,Fullkorn totalt,Sås dressing majonnäs ,0.0,g
2001,Dillsås,"Folat, totalt",Sås dressing majonnäs ,6.1,µg
2001,Dillsås,Fibrer,Sås dressing majonnäs ,0.4,g
2001,Dillsås,"Fett, totalt",Sås dressing majonnäs ,7.8,g
2001,Dillsås,"Järn, Fe",Sås dressing majonnäs ,0.3,mg
2001,Dillsås,Energi (kJ),Sås dressing majonnäs ,444.0,kJ
2001,Dillsås,Energi (kcal),Sås dressing majonnäs ,106.0,kcal
2001,Dillsås,Disackarider,Sås dressing majonnäs ,3.6,g
2001,Dillsås,"Kalcium, Ca",Sås dressing majonnäs ,42.0,mg
2001,Dillsås,Fettsyra 4:0-10:0,Sås dressing majonnäs ,0.3,g
2001,Dillsås,DHA (C22:6),Sås dressing majonnäs ,0.0,g
2001,Dillsås,DPA (C22:5),Sås dressing majonnäs ,0.0,g
2001,Dillsås,EPA (C20:5),Sås dressing majonnäs ,0.0,g
2001,Dillsås,Arakidonsyra C20:4,Sås dressing majonnäs ,0.0,g
2001,Dillsås,Arakidinsyra C20:0,Sås dressing majonnäs ,0.0,g
2001,Dillsås,Linolensyra C18:3,Sås dressing majonnäs ,0.3,g
2001,Dillsås,Linolsyra C18:2,Sås dressing majonnäs ,0.8,g
2001,Dillsås,Oljesyra C18:1,Sås dressing majonnäs ,2.8,g
2001,Dillsås,Stearinsyra C18:0,Sås dressing majonnäs ,0.5,g
2001,Dillsås,Palmitoljesyra C16:1,Sås dressing majonnäs ,0.1,g
2001,Dillsås,Palmitinsyra C16:0,Sås dressing majonnäs ,1.6,g
2001,Dillsås,Myristinsyra C14:0,Sås dressing majonnäs ,0.5,g
2001,Dillsås,Laurinsyra C12:0,Sås dressing majonnäs ,0.1,g
2001,Dillsås,Betakaroten/β-Karoten,Sås dressing majonnäs ,351.0,µg
2001,Dillsås,Avfall (skal etc.),Sås dressing majonnäs ,1.0,%
2001,Dillsås,Aska,Sås dressing majonnäs ,1.7,g
2001,Dillsås,Alkohol,Sås dressing majonnäs ,0.0,g
2002,Äggsås m. persilja,"Zink, Zn",Sås dressing majonnäs ,0.3,mg
2002,Äggsås m. persilja,Vitamin E,Sås dressing majonnäs ,1.9,mg
2002,Äggsås m. persilja,Vitamin D,Sås dressing majonnäs ,0.39,µg
2002,Äggsås m. persilja,Vitamin C,Sås dressing majonnäs ,3.2,mg
2002,Äggsås m. persilja,Vitamin B6,Sås dressing majonnäs ,0.03,mg
2002,Äggsås m. persilja,Vitamin B12,Sås dressing majonnäs ,0.35,µg
2002,Äggsås m. persilja,Vitamin A,Sås dressing majonnäs ,94.4,RE/µg
2002,Äggsås m. persilja,Vatten,Sås dressing majonnäs ,81.9,g
2002,Äggsås m. persilja,Tiamin,Sås dressing majonnäs ,0.03,mg
2002,Äggsås m. persilja,Tillsatt socker,Sås dressing majonnäs ,0.0,g
2002,Äggsås m. persilja,Fritt socker,Sås dressing majonnäs ,0.0,g
2002,Äggsås m. persilja,"Selen, Se",Sås dressing majonnäs ,5.0,µg
2002,Äggsås m. persilja,Sackaros,Sås dressing majonnäs ,0.1,g
2002,Äggsås m. persilja,Riboflavin,Sås dressing majonnäs ,0.1,mg
2002,Äggsås m. persilja,Retinol,Sås dressing majonnäs ,82.0,µg
2002,Äggsås m. persilja,Protein,Sås dressing majonnäs ,3.5,g
2002,Äggsås m. persilja,Summa fleromättade fettsyror,Sås dressing majonnäs ,1.3,g
2002,Äggsås m. persilja,"Fosfor, P",Sås dressing majonnäs ,54.0,mg
2002,Äggsås m. persilja,Niacinekvivalenter,Sås dressing majonnäs ,0.94,NE/mg
2002,Äggsås m. persilja,Niacin,Sås dressing majonnäs ,0.12,mg
2002,Äggsås m. persilja,"Salt, NaCl",Sås dressing majonnäs ,1.0,g
2002,Äggsås m. persilja,"Natrium, Na",Sås dressing majonnäs ,381.0,mg
2002,Äggsås m. persilja,Monosackarider,Sås dressing majonnäs ,0.1,g
2002,Äggsås m. persilja,"Sockerarter, totalt",Sås dressing majonnäs ,0.7,g
2002,Äggsås m. persilja,Summa enkelomättade fettsyror,Sås dressing majonnäs ,3.5,g
2002,Äggsås m. persilja,"Magnesium, Mg",Sås dressing majonnäs ,8.0,mg
2002,Äggsås m. persilja,Summa mättade fettsyror,Sås dressing majonnäs ,3.4,g
2002,Äggsås m. persilja,"Kolhydrater, tillgängliga",Sås dressing majonnäs ,4.1,g
2002,Äggsås m. persilja,Kolesterol,Sås dressing majonnäs ,73.9,mg
2002,Äggsås m. persilja,"Kalium, K",Sås dressing majonnäs ,61.0,mg
2002,Äggsås m. persilja,"Jod, I",Sås dressing majonnäs ,10.5,µg
2002,Äggsås m. persilja,Fullkorn totalt,Sås dressing majonnäs ,0.0,g
2002,Äggsås m. persilja,"Folat, totalt",Sås dressing majonnäs ,22.3,µg
2002,Äggsås m. persilja,Fibrer,Sås dressing majonnäs ,0.2,g
2002,Äggsås m. persilja,"Fett, totalt",Sås dressing majonnäs ,8.9,g
2002,Äggsås m. persilja,"Järn, Fe",Sås dressing majonnäs ,0.5,mg
2002,Äggsås m. persilja,Energi (kJ),Sås dressing majonnäs ,462.0,kJ
2002,Äggsås m. persilja,Energi (kcal),Sås dressing majonnäs ,110.0,kcal
2002,Äggsås m. persilja,Disackarider,Sås dressing majonnäs ,0.6,g
2002,Äggsås m. persilja,"Kalcium, Ca",Sås dressing majonnäs ,32.0,mg
2002,Äggsås m. persilja,Fettsyra 4:0-10:0,Sås dressing majonnäs ,0.3,g
2002,Äggsås m. persilja,DHA (C22:6),Sås dressing majonnäs ,0.0,g
2002,Äggsås m. persilja,DPA (C22:5),Sås dressing majonnäs ,0.0,g
2002,Äggsås m. persilja,EPA (C20:5),Sås dressing majonnäs ,0.0,g
2002,Äggsås m. persilja,Arakidonsyra C20:4,Sås dressing majonnäs ,0.0,g
2002,Äggsås m. persilja,Arakidinsyra C20:0,Sås dressing majonnäs ,0.0,g
2002,Äggsås m. persilja,Linolensyra C18:3,Sås dressing majonnäs ,0.3,g
2002,Äggsås m. persilja,Linolsyra C18:2,Sås dressing majonnäs ,1.0,g
2002,Äggsås m. persilja,Oljesyra C18:1,Sås dressing majonnäs ,3.2,g
2002,Äggsås m. persilja,Stearinsyra C18:0,Sås dressing majonnäs ,0.6,g
2002,Äggsås m. persilja,Palmitoljesyra C16:1,Sås dressing majonnäs ,0.1,g
2002,Äggsås m. persilja,Palmitinsyra C16:0,Sås dressing majonnäs ,1.8,g
2002,Äggsås m. persilja,Myristinsyra C14:0,Sås dressing majonnäs ,0.4,g
2002,Äggsås m. persilja,Laurinsyra C12:0,Sås dressing majonnäs ,0.1,g
2002,Äggsås m. persilja,Betakaroten/β-Karoten,Sås dressing majonnäs ,94.0,µg
2002,Äggsås m. persilja,Avfall (skal etc.),Sås dressing majonnäs ,2.0,%
2002,Äggsås m. persilja,Aska,Sås dressing majonnäs ,1.2,g
2002,Äggsås m. persilja,Alkohol,Sås dressing majonnäs ,0.0,g
2003,Pesto hemlagad,"Zink, Zn",Sås dressing majonnäs ,1.9,mg
2003,Pesto hemlagad,Vitamin E,Sås dressing majonnäs ,12.1,mg
2003,Pesto hemlagad,Vitamin D,Sås dressing majonnäs ,0.0,µg
2003,Pesto hemlagad,Vitamin C,Sås dressing majonnäs ,3.8,mg
2003,Pesto hemlagad,Vitamin B6,Sås dressing majonnäs ,0.26,mg
2003,Pesto hemlagad,Vitamin B12,Sås dressing majonnäs ,0.26,µg
2003,Pesto hemlagad,Vitamin A,Sås dressing majonnäs ,106.7,RE/µg
2003,Pesto hemlagad,Vatten,Sås dressing majonnäs ,25.2,g
2003,Pesto hemlagad,Tiamin,Sås dressing majonnäs ,0.11,mg
2003,Pesto hemlagad,Tillsatt socker,Sås dressing majonnäs ,0.0,g
2003,Pesto hemlagad,Fritt socker,Sås dressing majonnäs ,0.0,g
2003,Pesto hemlagad,"Selen, Se",Sås dressing majonnäs ,5.5,µg
2003,Pesto hemlagad,Sackaros,Sås dressing majonnäs ,0.6,g
2003,Pesto hemlagad,Riboflavin,Sås dressing majonnäs ,0.13,mg
2003,Pesto hemlagad,Retinol,Sås dressing majonnäs ,54.0,µg
2003,Pesto hemlagad,Protein,Sås dressing majonnäs ,10.6,g
2003,Pesto hemlagad,Summa fleromättade fettsyror,Sås dressing majonnäs ,8.1,g
2003,Pesto hemlagad,"Fosfor, P",Sås dressing majonnäs ,246.0,mg
2003,Pesto hemlagad,Niacinekvivalenter,Sås dressing majonnäs ,2.93,NE/mg
2003,Pesto hemlagad,Niacin,Sås dressing majonnäs ,0.76,mg
2003,Pesto hemlagad,"Salt, NaCl",Sås dressing majonnäs ,1.6,g
2003,Pesto hemlagad,"Natrium, Na",Sås dressing majonnäs ,643.0,mg
2003,Pesto hemlagad,Monosackarider,Sås dressing majonnäs ,0.2,g
2003,Pesto hemlagad,"Sockerarter, totalt",Sås dressing majonnäs ,0.9,g
2003,Pesto hemlagad,Summa enkelomättade fettsyror,Sås dressing majonnäs ,34.1,g
2003,Pesto hemlagad,"Magnesium, Mg",Sås dressing majonnäs ,75.0,mg
2003,Pesto hemlagad,Summa mättade fettsyror,Sås dressing majonnäs ,10.2,g
2003,Pesto hemlagad,"Kolhydrater, tillgängliga",Sås dressing majonnäs ,1.9,g
2003,Pesto hemlagad,Kolesterol,Sås dressing majonnäs ,19.0,mg
2003,Pesto hemlagad,"Kalium, K",Sås dressing majonnäs ,296.0,mg
2003,Pesto hemlagad,"Jod, I",Sås dressing majonnäs ,79.5,µg
2003,Pesto hemlagad,Fullkorn totalt,Sås dressing majonnäs ,0.0,g
2003,Pesto hemlagad,"Folat, totalt",Sås dressing majonnäs ,34.7,µg
2003,Pesto hemlagad,Fibrer,Sås dressing majonnäs ,4.1,g
2003,Pesto hemlagad,"Fett, totalt",Sås dressing majonnäs ,55.0,g
2003,Pesto hemlagad,"Järn, Fe",Sås dressing majonnäs ,1.5,mg
2003,Pesto hemlagad,Energi (kJ),Sås dressing majonnäs ,2279.0,kJ
2003,Pesto hemlagad,Energi (kcal),Sås dressing majonnäs ,545.0,kcal
2003,Pesto hemlagad,Disackarider,Sås dressing majonnäs ,0.6,g
2003,Pesto hemlagad,"Kalcium, Ca",Sås dressing majonnäs ,235.0,mg
2003,Pesto hemlagad,Fettsyra 4:0-10:0,Sås dressing majonnäs ,0.4,g
2003,Pesto hemlagad,DHA (C22:6),Sås dressing majonnäs ,0.0,g
2003,Pesto hemlagad,DPA (C22:5),Sås dressing majonnäs ,0.0,g
2003,Pesto hemlagad,EPA (C20:5),Sås dressing majonnäs ,0.0,g
2003,Pesto hemlagad,Arakidonsyra C20:4,Sås dressing majonnäs ,0.0,g
2003,Pesto hemlagad,Arakidinsyra C20:0,Sås dressing majonnäs ,0.2,g
2003,Pesto hemlagad,Linolensyra C18:3,Sås dressing majonnäs ,0.7,g
2003,Pesto hemlagad,Linolsyra C18:2,Sås dressing majonnäs ,7.4,g
2003,Pesto hemlagad,Oljesyra C18:1,Sås dressing majonnäs ,33.2,g
2003,Pesto hemlagad,Stearinsyra C18:0,Sås dressing majonnäs ,1.8,g
2003,Pesto hemlagad,Palmitoljesyra C16:1,Sås dressing majonnäs ,0.5,g
2003,Pesto hemlagad,Palmitinsyra C16:0,Sås dressing majonnäs ,6.6,g
2003,Pesto hemlagad,Myristinsyra C14:0,Sås dressing majonnäs ,0.7,g
2003,Pesto hemlagad,Laurinsyra C12:0,Sås dressing majonnäs ,0.2,g
2003,Pesto hemlagad,Betakaroten/β-Karoten,Sås dressing majonnäs ,627.0,µg
2003,Pesto hemlagad,Avfall (skal etc.),Sås dressing majonnäs ,13.0,%
2003,Pesto hemlagad,Aska,Sås dressing majonnäs ,3.2,g
2003,Pesto hemlagad,Alkohol,Sås dressing majonnäs ,0.0,g
2004,Pesto m. basilika pinjenötter cashewnötter,"Zink, Zn",Sås dressing majonnäs ,0.6,mg
2004,Pesto m. basilika pinjenötter cashewnötter,Vitamin E,Sås dressing majonnäs ,21.0,mg
2004,Pesto m. basilika pinjenötter cashewnötter,Vitamin D,Sås dressing majonnäs ,0.69,µg
2004,Pesto m. basilika pinjenötter cashewnötter,Vitamin C,Sås dressing majonnäs ,1.8,mg
2004,Pesto m. basilika pinjenötter cashewnötter,Vitamin B6,Sås dressing majonnäs ,0.13,mg
2004,Pesto m. basilika pinjenötter cashewnötter,Vitamin B12,Sås dressing majonnäs ,0.14,µg
2004,Pesto m. basilika pinjenötter cashewnötter,Vitamin A,Sås dressing majonnäs ,111.6,RE/µg
2004,Pesto m. basilika pinjenötter cashewnötter,Vatten,Sås dressing majonnäs ,18.0,g
2004,Pesto m. basilika pinjenötter cashewnötter,Tiamin,Sås dressing majonnäs ,0.02,mg
2004,Pesto m. basilika pinjenötter cashewnötter,Tillsatt socker,Sås dressing majonnäs ,0.0,g
2004,Pesto m. basilika pinjenötter cashewnötter,Fritt socker,Sås dressing majonnäs ,0.0,g
2004,Pesto m. basilika pinjenötter cashewnötter,"Selen, Se",Sås dressing majonnäs ,1.7,µg
2004,Pesto m. basilika pinjenötter cashewnötter,Sackaros,Sås dressing majonnäs ,0.0,g
2004,Pesto m. basilika pinjenötter cashewnötter,Riboflavin,Sås dressing majonnäs ,0.15,mg
2004,Pesto m. basilika pinjenötter cashewnötter,Retinol,Sås dressing majonnäs ,30.0,µg
2004,Pesto m. basilika pinjenötter cashewnötter,Protein,Sås dressing majonnäs ,4.2,g
2004,Pesto m. basilika pinjenötter cashewnötter,Summa fleromättade fettsyror,Sås dressing majonnäs ,18.2,g
2004,Pesto m. basilika pinjenötter cashewnötter,"Fosfor, P",Sås dressing majonnäs ,90.0,mg
2004,Pesto m. basilika pinjenötter cashewnötter,Niacinekvivalenter,Sås dressing majonnäs ,1.2,NE/mg
2004,Pesto m. basilika pinjenötter cashewnötter,Niacin,Sås dressing majonnäs ,0.55,mg
2004,Pesto m. basilika pinjenötter cashewnötter,"Salt, NaCl",Sås dressing majonnäs ,3.2,g
2004,Pesto m. basilika pinjenötter cashewnötter,"Natrium, Na",Sås dressing majonnäs ,1288.0,mg
2004,Pesto m. basilika pinjenötter cashewnötter,Monosackarider,Sås dressing majonnäs ,1.0,g
2004,Pesto m. basilika pinjenötter cashewnötter,"Sockerarter, totalt",Sås dressing majonnäs ,2.3,g
2004,Pesto m. basilika pinjenötter cashewnötter,Summa enkelomättade fettsyror,Sås dressing majonnäs ,28.5,g
2004,Pesto m. basilika pinjenötter cashewnötter,"Magnesium, Mg",Sås dressing majonnäs ,37.0,mg
2004,Pesto m. basilika pinjenötter cashewnötter,Summa mättade fettsyror,Sås dressing majonnäs ,7.9,g
2004,Pesto m. basilika pinjenötter cashewnötter,"Kolhydrater, tillgängliga",Sås dressing majonnäs ,12.6,g
2004,Pesto m. basilika pinjenötter cashewnötter,Kolesterol,Sås dressing majonnäs ,1.1,mg
2004,Pesto m. basilika pinjenötter cashewnötter,"Kalium, K",Sås dressing majonnäs ,196.0,mg
2004,Pesto m. basilika pinjenötter cashewnötter,"Jod, I",Sås dressing majonnäs ,6.0,µg
2004,Pesto m. basilika pinjenötter cashewnötter,Fullkorn totalt,Sås dressing majonnäs ,0.0,g
2004,Pesto m. basilika pinjenötter cashewnötter,"Folat, totalt",Sås dressing majonnäs ,34.1,µg
2004,Pesto m. basilika pinjenötter cashewnötter,Fibrer,Sås dressing majonnäs ,4.1,g
2004,Pesto m. basilika pinjenötter cashewnötter,"Fett, totalt",Sås dressing majonnäs ,57.1,g
2004,Pesto m. basilika pinjenötter cashewnötter,"Järn, Fe",Sås dressing majonnäs ,0.9,mg
2004,Pesto m. basilika pinjenötter cashewnötter,Energi (kJ),Sås dressing majonnäs ,2431.0,kJ
2004,Pesto m. basilika pinjenötter cashewnötter,Energi (kcal),Sås dressing majonnäs ,581.0,kcal
2004,Pesto m. basilika pinjenötter cashewnötter,Disackarider,Sås dressing majonnäs ,1.2,g
2004,Pesto m. basilika pinjenötter cashewnötter,"Kalcium, Ca",Sås dressing majonnäs ,125.0,mg
2004,Pesto m. basilika pinjenötter cashewnötter,Fettsyra 4:0-10:0,Sås dressing majonnäs ,0.0,g
2004,Pesto m. basilika pinjenötter cashewnötter,DHA (C22:6),Sås dressing majonnäs ,0.0,g
2004,Pesto m. basilika pinjenötter cashewnötter,DPA (C22:5),Sås dressing majonnäs ,0.0,g
2004,Pesto m. basilika pinjenötter cashewnötter,EPA (C20:5),Sås dressing majonnäs ,0.0,g
2004,Pesto m. basilika pinjenötter cashewnötter,Arakidonsyra C20:4,Sås dressing majonnäs ,0.0,g
2004,Pesto m. basilika pinjenötter cashewnötter,Arakidinsyra C20:0,Sås dressing majonnäs ,0.2,g
2004,Pesto m. basilika pinjenötter cashewnötter,Linolensyra C18:3,Sås dressing majonnäs ,0.3,g
2004,Pesto m. basilika pinjenötter cashewnötter,Linolsyra C18:2,Sås dressing majonnäs ,17.9,g
2004,Pesto m. basilika pinjenötter cashewnötter,Oljesyra C18:1,Sås dressing majonnäs ,27.9,g
2004,Pesto m. basilika pinjenötter cashewnötter,Stearinsyra C18:0,Sås dressing majonnäs ,2.0,g
2004,Pesto m. basilika pinjenötter cashewnötter,Palmitoljesyra C16:1,Sås dressing majonnäs ,0.3,g
2004,Pesto m. basilika pinjenötter cashewnötter,Palmitinsyra C16:0,Sås dressing majonnäs ,5.2,g
2004,Pesto m. basilika pinjenötter cashewnötter,Myristinsyra C14:0,Sås dressing majonnäs ,0.1,g
2004,Pesto m. basilika pinjenötter cashewnötter,Laurinsyra C12:0,Sås dressing majonnäs ,0.0,g
2004,Pesto m. basilika pinjenötter cashewnötter,Betakaroten/β-Karoten,Sås dressing majonnäs ,965.0,µg
2004,Pesto m. basilika pinjenötter cashewnötter,Avfall (skal etc.),Sås dressing majonnäs ,0.0,%
2004,Pesto m. basilika pinjenötter cashewnötter,Aska,Sås dressing majonnäs ,4.1,g
2004,Pesto m. basilika pinjenötter cashewnötter,Alkohol,Sås dressing majonnäs ,0.0,g
2006,Dippmix pulver olika smaker,"Zink, Zn",Sås dressing majonnäs ,1.1,mg
2006,Dippmix pulver olika smaker,Vitamin E,Sås dressing majonnäs ,1.9,mg
2006,Dippmix pulver olika smaker,Vitamin D,Sås dressing majonnäs ,0.1,µg
2006,Dippmix pulver olika smaker,Vitamin C,Sås dressing majonnäs ,4.9,mg
2006,Dippmix pulver olika smaker,Vitamin B6,Sås dressing majonnäs ,0.66,mg
2006,Dippmix pulver olika smaker,Vitamin B12,Sås dressing majonnäs ,0.35,µg
2006,Dippmix pulver olika smaker,Vitamin A,Sås dressing majonnäs ,63.3,RE/µg
2006,Dippmix pulver olika smaker,Vatten,Sås dressing majonnäs ,4.3,g
2006,Dippmix pulver olika smaker,Tiamin,Sås dressing majonnäs ,0.14,mg
2006,Dippmix pulver olika smaker,Tillsatt socker,Sås dressing majonnäs ,26.0,g
2006,Dippmix pulver olika smaker,Fritt socker,Sås dressing majonnäs ,26.0,g
2006,Dippmix pulver olika smaker,"Selen, Se",Sås dressing majonnäs ,6.3,µg
2006,Dippmix pulver olika smaker,Sackaros,Sås dressing majonnäs ,5.2,g
2006,Dippmix pulver olika smaker,Riboflavin,Sås dressing majonnäs ,0.55,mg
2006,Dippmix pulver olika smaker,Retinol,Sås dressing majonnäs ,21.2,µg
2006,Dippmix pulver olika smaker,Protein,Sås dressing majonnäs ,11.4,g
2006,Dippmix pulver olika smaker,Summa fleromättade fettsyror,Sås dressing majonnäs ,0.1,g
2006,Dippmix pulver olika smaker,"Fosfor, P",Sås dressing majonnäs ,296.0,mg
2006,Dippmix pulver olika smaker,Niacinekvivalenter,Sås dressing majonnäs ,3.3,NE/mg
2006,Dippmix pulver olika smaker,Niacin,Sås dressing majonnäs ,1.4,mg
2006,Dippmix pulver olika smaker,"Salt, NaCl",Sås dressing majonnäs ,16.2,g
2006,Dippmix pulver olika smaker,"Natrium, Na",Sås dressing majonnäs ,6496.0,mg
2006,Dippmix pulver olika smaker,Monosackarider,Sås dressing majonnäs ,2.4,g
2006,Dippmix pulver olika smaker,"Sockerarter, totalt",Sås dressing majonnäs ,26.3,g
2006,Dippmix pulver olika smaker,Summa enkelomättade fettsyror,Sås dressing majonnäs ,0.3,g
2006,Dippmix pulver olika smaker,"Magnesium, Mg",Sås dressing majonnäs ,43.0,mg
2006,Dippmix pulver olika smaker,Summa mättade fettsyror,Sås dressing majonnäs ,0.6,g
2006,Dippmix pulver olika smaker,"Kolhydrater, tillgängliga",Sås dressing majonnäs ,59.3,g
2006,Dippmix pulver olika smaker,Kolesterol,Sås dressing majonnäs ,18.1,mg
2006,Dippmix pulver olika smaker,"Kalium, K",Sås dressing majonnäs ,705.0,mg
2006,Dippmix pulver olika smaker,"Jod, I",Sås dressing majonnäs ,29.0,µg
2006,Dippmix pulver olika smaker,Fullkorn totalt,Sås dressing majonnäs ,0.0,g
2006,Dippmix pulver olika smaker,"Folat, totalt",Sås dressing majonnäs ,64.6,µg
2006,Dippmix pulver olika smaker,Fibrer,Sås dressing majonnäs ,5.4,g
2006,Dippmix pulver olika smaker,"Fett, totalt",Sås dressing majonnäs ,1.1,g
2006,Dippmix pulver olika smaker,"Järn, Fe",Sås dressing majonnäs ,1.8,mg
2006,Dippmix pulver olika smaker,Energi (kJ),Sås dressing majonnäs ,1286.0,kJ
2006,Dippmix pulver olika smaker,Energi (kcal),Sås dressing majonnäs ,307.0,kcal
2006,Dippmix pulver olika smaker,Disackarider,Sås dressing majonnäs ,23.9,g
2006,Dippmix pulver olika smaker,"Kalcium, Ca",Sås dressing majonnäs ,226.0,mg
2006,Dippmix pulver olika smaker,Fettsyra 4:0-10:0,Sås dressing majonnäs ,0.1,g
2006,Dippmix pulver olika smaker,DHA (C22:6),Sås dressing majonnäs ,0.0,g
2006,Dippmix pulver olika smaker,DPA (C22:5),Sås dressing majonnäs ,0.0,g
2006,Dippmix pulver olika smaker,EPA (C20:5),Sås dressing majonnäs ,0.0,g
2006,Dippmix pulver olika smaker,Arakidonsyra C20:4,Sås dressing majonnäs ,0.0,g
2006,Dippmix pulver olika smaker,Arakidinsyra C20:0,Sås dressing majonnäs ,0.0,g
2006,Dippmix pulver olika smaker,Linolensyra C18:3,Sås dressing majonnäs ,0.0,g
2006,Dippmix pulver olika smaker,Linolsyra C18:2,Sås dressing majonnäs ,0.1,g
2006,Dippmix pulver olika smaker,Oljesyra C18:1,Sås dressing majonnäs ,0.3,g
2006,Dippmix pulver olika smaker,Stearinsyra C18:0,Sås dressing majonnäs ,0.1,g
2006,Dippmix pulver olika smaker,Palmitoljesyra C16:1,Sås dressing majonnäs ,0.0,g
2006,Dippmix pulver olika smaker,Palmitinsyra C16:0,Sås dressing majonnäs ,0.3,g
2006,Dippmix pulver olika smaker,Myristinsyra C14:0,Sås dressing majonnäs ,0.1,g
2006,Dippmix pulver olika smaker,Laurinsyra C12:0,Sås dressing majonnäs ,0.0,g
2006,Dippmix pulver olika smaker,Betakaroten/β-Karoten,Sås dressing majonnäs ,402.0,µg
2006,Dippmix pulver olika smaker,Avfall (skal etc.),Sås dressing majonnäs ,0.0,%
2006,Dippmix pulver olika smaker,Aska,Sås dressing majonnäs ,18.5,g
2006,Dippmix pulver olika smaker,Alkohol,Sås dressing majonnäs ,0.0,g
2007,Sweet chilisås,"Zink, Zn","Senap ketchup HP-sås soja ""smaksättare""",0.1,mg
2007,Sweet chilisås,Vitamin E,"Senap ketchup HP-sås soja ""smaksättare""",1.2,mg
2007,Sweet chilisås,Vitamin D inkl 25-OH-D3,"Senap ketchup HP-sås soja ""smaksättare""",0.0,µg
2007,Sweet chilisås,Vitamin D,"Senap ketchup HP-sås soja ""smaksättare""",0.0,µg
2007,Sweet chilisås,Vitamin C,"Senap ketchup HP-sås soja ""smaksättare""",0.6,mg
2007,Sweet chilisås,Vitamin B6,"Senap ketchup HP-sås soja ""smaksättare""",0.14,mg
2007,Sweet chilisås,Vitamin B12,"Senap ketchup HP-sås soja ""smaksättare""",0.0,µg
2007,Sweet chilisås,Vitamin A,"Senap ketchup HP-sås soja ""smaksättare""",27.2,RE/µg
2007,Sweet chilisås,Vatten,"Senap ketchup HP-sås soja ""smaksättare""",54.4,g
2007,Sweet chilisås,Tiamin,"Senap ketchup HP-sås soja ""smaksättare""",0.02,mg
2007,Sweet chilisås,Tillsatt socker,"Senap ketchup HP-sås soja ""smaksättare""",43.0,g
2007,Sweet chilisås,Fritt socker,"Senap ketchup HP-sås soja ""smaksättare""",43.0,g
2007,Sweet chilisås,"Selen, Se","Senap ketchup HP-sås soja ""smaksättare""",0.0,µg
2007,Sweet chilisås,Sackaros,"Senap ketchup HP-sås soja ""smaksättare""",6.9,g
2007,Sweet chilisås,Riboflavin,"Senap ketchup HP-sås soja ""smaksättare""",0.02,mg
2007,Sweet chilisås,Retinol,"Senap ketchup HP-sås soja ""smaksättare""",0.0,µg
2007,Sweet chilisås,Protein,"Senap ketchup HP-sås soja ""smaksättare""",0.8,g
2007,Sweet chilisås,Summa fleromättade fettsyror,"Senap ketchup HP-sås soja ""smaksättare""",1.2,g
2007,Sweet chilisås,"Fosfor, P","Senap ketchup HP-sås soja ""smaksättare""",14.0,mg
2007,Sweet chilisås,Niacinekvivalenter,"Senap ketchup HP-sås soja ""smaksättare""",0.6,NE/mg
2007,Sweet chilisås,Niacin,"Senap ketchup HP-sås soja ""smaksättare""",0.51,mg
2007,Sweet chilisås,"Salt, NaCl","Senap ketchup HP-sås soja ""smaksättare""",2.9,g
2007,Sweet chilisås,"Natrium, Na","Senap ketchup HP-sås soja ""smaksättare""",1176.0,mg
2007,Sweet chilisås,Monosackarider,"Senap ketchup HP-sås soja ""smaksättare""",36.4,g
2007,Sweet chilisås,"Sockerarter, totalt","Senap ketchup HP-sås soja ""smaksättare""",43.3,g
2007,Sweet chilisås,Summa enkelomättade fettsyror,"Senap ketchup HP-sås soja ""smaksättare""",0.7,g
2007,Sweet chilisås,"Magnesium, Mg","Senap ketchup HP-sås soja ""smaksättare""",10.0,mg
2007,Sweet chilisås,Summa mättade fettsyror,"Senap ketchup HP-sås soja ""smaksättare""",0.3,g
2007,Sweet chilisås,"Kolhydrater, tillgängliga","Senap ketchup HP-sås soja ""smaksättare""",43.4,g
2007,Sweet chilisås,Kolesterol,"Senap ketchup HP-sås soja ""smaksättare""",0.0,mg
2007,Sweet chilisås,"Kalium, K","Senap ketchup HP-sås soja ""smaksättare""",130.0,mg
2007,Sweet chilisås,"Jod, I","Senap ketchup HP-sås soja ""smaksättare""",2.0,µg
2007,Sweet chilisås,Fullkorn totalt,"Senap ketchup HP-sås soja ""smaksättare""",0.0,g
2007,Sweet chilisås,"Folat, totalt","Senap ketchup HP-sås soja ""smaksättare""",13.2,µg
2007,Sweet chilisås,Fibrer,"Senap ketchup HP-sås soja ""smaksättare""",1.3,g
2007,Sweet chilisås,"Fett, totalt","Senap ketchup HP-sås soja ""smaksättare""",2.9,g
2007,Sweet chilisås,"Järn, Fe","Senap ketchup HP-sås soja ""smaksättare""",0.7,mg
2007,Sweet chilisås,Energi (kJ),"Senap ketchup HP-sås soja ""smaksättare""",866.0,kJ
2007,Sweet chilisås,Energi (kcal),"Senap ketchup HP-sås soja ""smaksättare""",207.0,kcal
2007,Sweet chilisås,Disackarider,"Senap ketchup HP-sås soja ""smaksättare""",6.9,g
2007,Sweet chilisås,"Kalcium, Ca","Senap ketchup HP-sås soja ""smaksättare""",13.0,mg
2007,Sweet chilisås,Fettsyra 4:0-10:0,"Senap ketchup HP-sås soja ""smaksättare""",0.0,g
2007,Sweet chilisås,DHA (C22:6),"Senap ketchup HP-sås soja ""smaksättare""",0.0,g
2007,Sweet chilisås,DPA (C22:5),"Senap ketchup HP-sås soja ""smaksättare""",0.0,g
2007,Sweet chilisås,EPA (C20:5),"Senap ketchup HP-sås soja ""smaksättare""",0.0,g
2007,Sweet chilisås,Arakidonsyra C20:4,"Senap ketchup HP-sås soja ""smaksättare""",0.0,g
2007,Sweet chilisås,Arakidinsyra C20:0,"Senap ketchup HP-sås soja ""smaksättare""",0.0,g
2007,Sweet chilisås,Linolensyra C18:3,"Senap ketchup HP-sås soja ""smaksättare""",0.2,g
2007,Sweet chilisås,Linolsyra C18:2,"Senap ketchup HP-sås soja ""smaksättare""",0.9,g
2007,Sweet chilisås,Oljesyra C18:1,"Senap ketchup HP-sås soja ""smaksättare""",0.7,g
2007,Sweet chilisås,Stearinsyra C18:0,"Senap ketchup HP-sås soja ""smaksättare""",0.1,g
2007,Sweet chilisås,Palmitoljesyra C16:1,"Senap ketchup HP-sås soja ""smaksättare""",0.0,g
2007,Sweet chilisås,Palmitinsyra C16:0,"Senap ketchup HP-sås soja ""smaksättare""",0.2,g
2007,Sweet chilisås,Myristinsyra C14:0,"Senap ketchup HP-sås soja ""smaksättare""",0.0,g
2007,Sweet chilisås,Laurinsyra C12:0,"Senap ketchup HP-sås soja ""smaksättare""",0.0,g
2007,Sweet chilisås,Betakaroten/β-Karoten,"Senap ketchup HP-sås soja ""smaksättare""",237.0,µg
2007,Sweet chilisås,Avfall (skal etc.),"Senap ketchup HP-sås soja ""smaksättare""",0.0,%
2007,Sweet chilisås,Aska,"Senap ketchup HP-sås soja ""smaksättare""",3.5,g
2007,Sweet chilisås,Alkohol,"Senap ketchup HP-sås soja ""smaksättare""",0.0,g
2008,Pastasås m. tomat örtkryddor,"Zink, Zn",Sås dressing majonnäs ,0.2,mg
2008,Pastasås m. tomat örtkryddor,Vitamin E,Sås dressing majonnäs ,3.3,mg
2008,Pastasås m. tomat örtkryddor,Vitamin D inkl 25-OH-D3,Sås dressing majonnäs ,0.0,µg
2008,Pastasås m. tomat örtkryddor,Vitamin D,Sås dressing majonnäs ,0.0,µg
2008,Pastasås m. tomat örtkryddor,Vitamin C,Sås dressing majonnäs ,11.4,mg
2008,Pastasås m. tomat örtkryddor,Vitamin B6,Sås dressing majonnäs ,0.24,mg
2008,Pastasås m. tomat örtkryddor,Vitamin B12,Sås dressing majonnäs ,0.0,µg
2008,Pastasås m. tomat örtkryddor,Vitamin A,Sås dressing majonnäs ,45.5,RE/µg
2008,Pastasås m. tomat örtkryddor,Vatten,Sås dressing majonnäs ,75.5,g
2008,Pastasås m. tomat örtkryddor,Tiamin,Sås dressing majonnäs ,0.05,mg
2008,Pastasås m. tomat örtkryddor,Tillsatt socker,Sås dressing majonnäs ,12.0,g
2008,Pastasås m. tomat örtkryddor,Fritt socker,Sås dressing majonnäs ,12.0,g
2008,Pastasås m. tomat örtkryddor,"Selen, Se",Sås dressing majonnäs ,0.2,µg
2008,Pastasås m. tomat örtkryddor,Sackaros,Sås dressing majonnäs ,1.6,g
2008,Pastasås m. tomat örtkryddor,Riboflavin,Sås dressing majonnäs ,0.06,mg
2008,Pastasås m. tomat örtkryddor,Retinol,Sås dressing majonnäs ,0.0,µg
2008,Pastasås m. tomat örtkryddor,Protein,Sås dressing majonnäs ,1.9,g
2008,Pastasås m. tomat örtkryddor,Summa fleromättade fettsyror,Sås dressing majonnäs ,1.0,g
2008,Pastasås m. tomat örtkryddor,"Fosfor, P",Sås dressing majonnäs ,39.0,mg
2008,Pastasås m. tomat örtkryddor,Niacinekvivalenter,Sås dressing majonnäs ,2.0,NE/mg
2008,Pastasås m. tomat örtkryddor,Niacin,Sås dressing majonnäs ,1.7,mg
2008,Pastasås m. tomat örtkryddor,"Salt, NaCl",Sås dressing majonnäs ,1.2,g
2008,Pastasås m. tomat örtkryddor,"Natrium, Na",Sås dressing majonnäs ,464.0,mg
2008,Pastasås m. tomat örtkryddor,Monosackarider,Sås dressing majonnäs ,10.8,g
2008,Pastasås m. tomat örtkryddor,"Sockerarter, totalt",Sås dressing majonnäs ,12.4,g
2008,Pastasås m. tomat örtkryddor,Summa enkelomättade fettsyror,Sås dressing majonnäs ,2.2,g
2008,Pastasås m. tomat örtkryddor,"Magnesium, Mg",Sås dressing majonnäs ,20.0,mg
2008,Pastasås m. tomat örtkryddor,Summa mättade fettsyror,Sås dressing majonnäs ,0.3,g
2008,Pastasås m. tomat örtkryddor,"Kolhydrater, tillgängliga",Sås dressing majonnäs ,13.1,g
2008,Pastasås m. tomat örtkryddor,Kolesterol,Sås dressing majonnäs ,0.0,mg
2008,Pastasås m. tomat örtkryddor,"Kalium, K",Sås dressing majonnäs ,458.0,mg
2008,Pastasås m. tomat örtkryddor,"Jod, I",Sås dressing majonnäs ,1.0,µg
2008,Pastasås m. tomat örtkryddor,Fullkorn totalt,Sås dressing majonnäs ,0.0,g
2008,Pastasås m. tomat örtkryddor,"Folat, totalt",Sås dressing majonnäs ,42.2,µg
2008,Pastasås m. tomat örtkryddor,Fibrer,Sås dressing majonnäs ,3.0,g
2008,Pastasås m. tomat örtkryddor,"Fett, totalt",Sås dressing majonnäs ,4.4,g
2008,Pastasås m. tomat örtkryddor,"Järn, Fe",Sås dressing majonnäs ,0.7,mg
2008,Pastasås m. tomat örtkryddor,Energi (kJ),Sås dressing majonnäs ,441.0,kJ
2008,Pastasås m. tomat örtkryddor,Energi (kcal),Sås dressing majonnäs ,106.0,kcal
2008,Pastasås m. tomat örtkryddor,Disackarider,Sås dressing majonnäs ,1.6,g
2008,Pastasås m. tomat örtkryddor,"Kalcium, Ca",Sås dressing majonnäs ,21.0,mg
2008,Pastasås m. tomat örtkryddor,Fettsyra 4:0-10:0,Sås dressing majonnäs ,0.0,g
2008,Pastasås m. tomat örtkryddor,DHA (C22:6),Sås dressing majonnäs ,0.0,g
2008,Pastasås m. tomat örtkryddor,DPA (C22:5),Sås dressing majonnäs ,0.0,g
2008,Pastasås m. tomat örtkryddor,EPA (C20:5),Sås dressing majonnäs ,0.0,g
2008,Pastasås m. tomat örtkryddor,Arakidonsyra C20:4,Sås dressing majonnäs ,0.0,g
2008,Pastasås m. tomat örtkryddor,Arakidinsyra C20:0,Sås dressing majonnäs ,0.0,g
2008,Pastasås m. tomat örtkryddor,Linolensyra C18:3,Sås dressing majonnäs ,0.3,g
2008,Pastasås m. tomat örtkryddor,Linolsyra C18:2,Sås dressing majonnäs ,0.7,g
2008,Pastasås m. tomat örtkryddor,Oljesyra C18:1,Sås dressing majonnäs ,2.1,g
2008,Pastasås m. tomat örtkryddor,Stearinsyra C18:0,Sås dressing majonnäs ,0.1,g
2008,Pastasås m. tomat örtkryddor,Palmitoljesyra C16:1,Sås dressing majonnäs ,0.0,g
2008,Pastasås m. tomat örtkryddor,Palmitinsyra C16:0,Sås dressing majonnäs ,0.2,g
2008,Pastasås m. tomat örtkryddor,Myristinsyra C14:0,Sås dressing majonnäs ,0.0,g
2008,Pastasås m. tomat örtkryddor,Laurinsyra C12:0,Sås dressing majonnäs ,0.0,g
2008,Pastasås m. tomat örtkryddor,Betakaroten/β-Karoten,Sås dressing majonnäs ,546.0,µg
2008,Pastasås m. tomat örtkryddor,Avfall (skal etc.),Sås dressing majonnäs ,0.0,%
2008,Pastasås m. tomat örtkryddor,Aska,Sås dressing majonnäs ,2.1,g
2008,Pastasås m. tomat örtkryddor,Alkohol,Sås dressing majonnäs ,0.0,g
2009,Pastasås m. basilika,"Zink, Zn",Sås dressing majonnäs ,0.3,mg
2009,Pastasås m. basilika,Vitamin E,Sås dressing majonnäs ,2.6,mg
2009,Pastasås m. basilika,Vitamin D inkl 25-OH-D3,Sås dressing majonnäs ,0.0,µg
2009,Pastasås m. basilika,Vitamin D,Sås dressing majonnäs ,0.0,µg
2009,Pastasås m. basilika,Vitamin C,Sås dressing majonnäs ,10.6,mg
2009,Pastasås m. basilika,Vitamin B6,Sås dressing majonnäs ,0.17,mg
2009,Pastasås m. basilika,Vitamin B12,Sås dressing majonnäs ,0.0,µg
2009,Pastasås m. basilika,Vitamin A,Sås dressing majonnäs ,50.1,RE/µg
2009,Pastasås m. basilika,Vatten,Sås dressing majonnäs ,86.6,g
2009,Pastasås m. basilika,Tiamin,Sås dressing majonnäs ,0.05,mg
2009,Pastasås m. basilika,Tillsatt socker,Sås dressing majonnäs ,4.0,g
2009,Pastasås m. basilika,Fritt socker,Sås dressing majonnäs ,4.0,g
2009,Pastasås m. basilika,"Selen, Se",Sås dressing majonnäs ,0.2,µg
2009,Pastasås m. basilika,Sackaros,Sås dressing majonnäs ,1.2,g
2009,Pastasås m. basilika,Riboflavin,Sås dressing majonnäs ,0.05,mg
2009,Pastasås m. basilika,Retinol,Sås dressing majonnäs ,13.9,µg
2009,Pastasås m. basilika,Protein,Sås dressing majonnäs ,1.6,g
2009,Pastasås m. basilika,Summa fleromättade fettsyror,Sås dressing majonnäs ,0.2,g
2009,Pastasås m. basilika,"Fosfor, P",Sås dressing majonnäs ,34.0,mg
2009,Pastasås m. basilika,Niacinekvivalenter,Sås dressing majonnäs ,1.6,NE/mg
2009,Pastasås m. basilika,Niacin,Sås dressing majonnäs ,1.3,mg
2009,Pastasås m. basilika,"Salt, NaCl",Sås dressing majonnäs ,1.2,g
2009,Pastasås m. basilika,"Natrium, Na",Sås dressing majonnäs ,500.0,mg
2009,Pastasås m. basilika,Monosackarider,Sås dressing majonnäs ,5.0,g
2009,Pastasås m. basilika,"Sockerarter, totalt",Sås dressing majonnäs ,6.2,g
2009,Pastasås m. basilika,Summa enkelomättade fettsyror,Sås dressing majonnäs ,1.2,g
2009,Pastasås m. basilika,"Magnesium, Mg",Sås dressing majonnäs ,17.0,mg
2009,Pastasås m. basilika,Summa mättade fettsyror,Sås dressing majonnäs ,0.2,g
2009,Pastasås m. basilika,"Kolhydrater, tillgängliga",Sås dressing majonnäs ,5.3,g
2009,Pastasås m. basilika,Kolesterol,Sås dressing majonnäs ,0.0,mg
2009,Pastasås m. basilika,"Kalium, K",Sås dressing majonnäs ,396.0,mg
2009,Pastasås m. basilika,"Jod, I",Sås dressing majonnäs ,1.0,µg
2009,Pastasås m. basilika,Fullkorn totalt,Sås dressing majonnäs ,0.0,g
2009,Pastasås m. basilika,"Folat, totalt",Sås dressing majonnäs ,41.6,µg
2009,Pastasås m. basilika,Fibrer,Sås dressing majonnäs ,2.2,g
2009,Pastasås m. basilika,"Fett, totalt",Sås dressing majonnäs ,2.1,g
2009,Pastasås m. basilika,"Järn, Fe",Sås dressing majonnäs ,0.8,mg
2009,Pastasås m. basilika,Energi (kJ),Sås dressing majonnäs ,213.0,kJ
2009,Pastasås m. basilika,Energi (kcal),Sås dressing majonnäs ,51.0,kcal
2009,Pastasås m. basilika,Disackarider,Sås dressing majonnäs ,1.2,g
2009,Pastasås m. basilika,"Kalcium, Ca",Sås dressing majonnäs ,33.0,mg
2009,Pastasås m. basilika,Fettsyra 4:0-10:0,Sås dressing majonnäs ,0.0,g
2009,Pastasås m. basilika,DHA (C22:6),Sås dressing majonnäs ,0.0,g
2009,Pastasås m. basilika,DPA (C22:5),Sås dressing majonnäs ,0.0,g
2009,Pastasås m. basilika,EPA (C20:5),Sås dressing majonnäs ,0.0,g
2009,Pastasås m. basilika,Arakidonsyra C20:4,Sås dressing majonnäs ,0.0,g
2009,Pastasås m. basilika,Arakidinsyra C20:0,Sås dressing majonnäs ,0.0,g
2009,Pastasås m. basilika,Linolensyra C18:3,Sås dressing majonnäs ,0.0,g
2009,Pastasås m. basilika,Linolsyra C18:2,Sås dressing majonnäs ,0.2,g
2009,Pastasås m. basilika,Oljesyra C18:1,Sås dressing majonnäs ,1.2,g
2009,Pastasås m. basilika,Stearinsyra C18:0,Sås dressing majonnäs ,0.0,g
2009,Pastasås m. basilika,Palmitoljesyra C16:1,Sås dressing majonnäs ,0.0,g
2009,Pastasås m. basilika,Palmitinsyra C16:0,Sås dressing majonnäs ,0.2,g
2009,Pastasås m. basilika,Myristinsyra C14:0,Sås dressing majonnäs ,0.0,g
2009,Pastasås m. basilika,Laurinsyra C12:0,Sås dressing majonnäs ,0.0,g
2009,Pastasås m. basilika,Betakaroten/β-Karoten,Sås dressing majonnäs ,434.0,µg
2009,Pastasås m. basilika,Avfall (skal etc.),Sås dressing majonnäs ,0.0,%
2009,Pastasås m. basilika,Aska,Sås dressing majonnäs ,2.2,g
2009,Pastasås m. basilika,Alkohol,Sås dressing majonnäs ,0.0,g
2010,Sötsur sås m. grönsaker konserv.,"Zink, Zn",Sås dressing majonnäs ,0.1,mg
2010,Sötsur sås m. grönsaker konserv.,Vitamin E,Sås dressing majonnäs ,0.5,mg
2010,Sötsur sås m. grönsaker konserv.,Vitamin D inkl 25-OH-D3,Sås dressing majonnäs ,0.0,µg
2010,Sötsur sås m. grönsaker konserv.,Vitamin D,Sås dressing majonnäs ,0.0,µg
2010,Sötsur sås m. grönsaker konserv.,Vitamin C,Sås dressing majonnäs ,5.8,mg
2010,Sötsur sås m. grönsaker konserv.,Vitamin B6,Sås dressing majonnäs ,0.08,mg
2010,Sötsur sås m. grönsaker konserv.,Vitamin B12,Sås dressing majonnäs ,0.0,µg
2010,Sötsur sås m. grönsaker konserv.,Vitamin A,Sås dressing majonnäs ,52.2,RE/µg
2010,Sötsur sås m. grönsaker konserv.,Vatten,Sås dressing majonnäs ,75.2,g
2010,Sötsur sås m. grönsaker konserv.,Tiamin,Sås dressing majonnäs ,0.02,mg
2010,Sötsur sås m. grönsaker konserv.,Tillsatt socker,Sås dressing majonnäs ,17.0,g
2010,Sötsur sås m. grönsaker konserv.,Fritt socker,Sås dressing majonnäs ,17.0,g
2010,Sötsur sås m. grönsaker konserv.,"Selen, Se",Sås dressing majonnäs ,0.0,µg
2010,Sötsur sås m. grönsaker konserv.,Sackaros,Sås dressing majonnäs ,13.6,g
2010,Sötsur sås m. grönsaker konserv.,Riboflavin,Sås dressing majonnäs ,0.02,mg
2010,Sötsur sås m. grönsaker konserv.,Retinol,Sås dressing majonnäs ,0.0,µg
2010,Sötsur sås m. grönsaker konserv.,Protein,Sås dressing majonnäs ,0.4,g
2010,Sötsur sås m. grönsaker konserv.,Summa fleromättade fettsyror,Sås dressing majonnäs ,1.0,g
2010,Sötsur sås m. grönsaker konserv.,"Fosfor, P",Sås dressing majonnäs ,10.0,mg
2010,Sötsur sås m. grönsaker konserv.,Niacinekvivalenter,Sås dressing majonnäs ,0.3,NE/mg
2010,Sötsur sås m. grönsaker konserv.,Niacin,Sås dressing majonnäs ,0.25,mg
2010,Sötsur sås m. grönsaker konserv.,"Salt, NaCl",Sås dressing majonnäs ,0.7,g
2010,Sötsur sås m. grönsaker konserv.,"Natrium, Na",Sås dressing majonnäs ,265.0,mg
2010,Sötsur sås m. grönsaker konserv.,Monosackarider,Sås dressing majonnäs ,5.9,g
2010,Sötsur sås m. grönsaker konserv.,"Sockerarter, totalt",Sås dressing majonnäs ,19.5,g
2010,Sötsur sås m. grönsaker konserv.,Summa enkelomättade fettsyror,Sås dressing majonnäs ,0.3,g
2010,Sötsur sås m. grönsaker konserv.,"Magnesium, Mg",Sås dressing majonnäs ,5.0,mg
2010,Sötsur sås m. grönsaker konserv.,Summa mättade fettsyror,Sås dressing majonnäs ,0.4,g
2010,Sötsur sås m. grönsaker konserv.,"Kolhydrater, tillgängliga",Sås dressing majonnäs ,20.1,g
2010,Sötsur sås m. grönsaker konserv.,Kolesterol,Sås dressing majonnäs ,0.0,mg
2010,Sötsur sås m. grönsaker konserv.,"Kalium, K",Sås dressing majonnäs ,90.0,mg
2010,Sötsur sås m. grönsaker konserv.,"Jod, I",Sås dressing majonnäs ,1.0,µg
2010,Sötsur sås m. grönsaker konserv.,Fullkorn totalt,Sås dressing majonnäs ,0.0,g
2010,Sötsur sås m. grönsaker konserv.,"Folat, totalt",Sås dressing majonnäs ,16.3,µg
2010,Sötsur sås m. grönsaker konserv.,Fibrer,Sås dressing majonnäs ,1.0,g
2010,Sötsur sås m. grönsaker konserv.,"Fett, totalt",Sås dressing majonnäs ,2.5,g
2010,Sötsur sås m. grönsaker konserv.,"Järn, Fe",Sås dressing majonnäs ,0.2,mg
2010,Sötsur sås m. grönsaker konserv.,Energi (kJ),Sås dressing majonnäs ,449.0,kJ
2010,Sötsur sås m. grönsaker konserv.,Energi (kcal),Sås dressing majonnäs ,107.0,kcal
2010,Sötsur sås m. grönsaker konserv.,Disackarider,Sås dressing majonnäs ,13.6,g
2010,Sötsur sås m. grönsaker konserv.,"Kalcium, Ca",Sås dressing majonnäs ,9.0,mg
2010,Sötsur sås m. grönsaker konserv.,Fettsyra 4:0-10:0,Sås dressing majonnäs ,0.0,g
2010,Sötsur sås m. grönsaker konserv.,DHA (C22:6),Sås dressing majonnäs ,0.0,g
2010,Sötsur sås m. grönsaker konserv.,DPA (C22:5),Sås dressing majonnäs ,0.0,g
2010,Sötsur sås m. grönsaker konserv.,EPA (C20:5),Sås dressing majonnäs ,0.0,g
2010,Sötsur sås m. grönsaker konserv.,Arakidonsyra C20:4,Sås dressing majonnäs ,0.0,g
2010,Sötsur sås m. grönsaker konserv.,Arakidinsyra C20:0,Sås dressing majonnäs ,0.0,g
2010,Sötsur sås m. grönsaker konserv.,Linolensyra C18:3,Sås dressing majonnäs ,0.1,g
2010,Sötsur sås m. grönsaker konserv.,Linolsyra C18:2,Sås dressing majonnäs ,0.8,g
2010,Sötsur sås m. grönsaker konserv.,Oljesyra C18:1,Sås dressing majonnäs ,0.3,g
2010,Sötsur sås m. grönsaker konserv.,Stearinsyra C18:0,Sås dressing majonnäs ,0.1,g
2010,Sötsur sås m. grönsaker konserv.,Palmitoljesyra C16:1,Sås dressing majonnäs ,0.0,g
2010,Sötsur sås m. grönsaker konserv.,Palmitinsyra C16:0,Sås dressing majonnäs ,0.3,g
2010,Sötsur sås m. grönsaker konserv.,Myristinsyra C14:0,Sås dressing majonnäs ,0.0,g
2010,Sötsur sås m. grönsaker konserv.,Laurinsyra C12:0,Sås dressing majonnäs ,0.0,g
2010,Sötsur sås m. grönsaker konserv.,Betakaroten/β-Karoten,Sås dressing majonnäs ,478.0,µg
2010,Sötsur sås m. grönsaker konserv.,Avfall (skal etc.),Sås dressing majonnäs ,0.0,%
2010,Sötsur sås m. grönsaker konserv.,Aska,Sås dressing majonnäs ,0.8,g
2010,Sötsur sås m. grönsaker konserv.,Alkohol,Sås dressing majonnäs ,0.0,g
2011,Orientalisk sås m. grönsaker konserv.,"Zink, Zn",Sås dressing majonnäs ,0.2,mg
2011,Orientalisk sås m. grönsaker konserv.,Vitamin E,Sås dressing majonnäs ,3.2,mg
2011,Orientalisk sås m. grönsaker konserv.,Vitamin D inkl 25-OH-D3,Sås dressing majonnäs ,0.0,µg
2011,Orientalisk sås m. grönsaker konserv.,Vitamin D,Sås dressing majonnäs ,0.0,µg
2011,Orientalisk sås m. grönsaker konserv.,Vitamin C,Sås dressing majonnäs ,1.4,mg
2011,Orientalisk sås m. grönsaker konserv.,Vitamin B6,Sås dressing majonnäs ,0.1,mg
2011,Orientalisk sås m. grönsaker konserv.,Vitamin B12,Sås dressing majonnäs ,0.0,µg
2011,Orientalisk sås m. grönsaker konserv.,Vitamin A,Sås dressing majonnäs ,65.3,RE/µg
2011,Orientalisk sås m. grönsaker konserv.,Vatten,Sås dressing majonnäs ,81.0,g
2011,Orientalisk sås m. grönsaker konserv.,Tiamin,Sås dressing majonnäs ,0.05,mg
2011,Orientalisk sås m. grönsaker konserv.,Tillsatt socker,Sås dressing majonnäs ,5.0,g
2011,Orientalisk sås m. grönsaker konserv.,Fritt socker,Sås dressing majonnäs ,5.0,g
2011,Orientalisk sås m. grönsaker konserv.,"Selen, Se",Sås dressing majonnäs ,0.5,µg
2011,Orientalisk sås m. grönsaker konserv.,Sackaros,Sås dressing majonnäs ,4.1,g
2011,Orientalisk sås m. grönsaker konserv.,Riboflavin,Sås dressing majonnäs ,0.04,mg
2011,Orientalisk sås m. grönsaker konserv.,Retinol,Sås dressing majonnäs ,4.0,µg
2011,Orientalisk sås m. grönsaker konserv.,Protein,Sås dressing majonnäs ,1.1,g
2011,Orientalisk sås m. grönsaker konserv.,Summa fleromättade fettsyror,Sås dressing majonnäs ,1.4,g
2011,Orientalisk sås m. grönsaker konserv.,"Fosfor, P",Sås dressing majonnäs ,27.0,mg
2011,Orientalisk sås m. grönsaker konserv.,Niacinekvivalenter,Sås dressing majonnäs ,0.6,NE/mg
2011,Orientalisk sås m. grönsaker konserv.,Niacin,Sås dressing majonnäs ,0.46,mg
2011,Orientalisk sås m. grönsaker konserv.,"Salt, NaCl",Sås dressing majonnäs ,1.3,g
2011,Orientalisk sås m. grönsaker konserv.,"Natrium, Na",Sås dressing majonnäs ,506.0,mg
2011,Orientalisk sås m. grönsaker konserv.,Monosackarider,Sås dressing majonnäs ,2.4,g
2011,Orientalisk sås m. grönsaker konserv.,"Sockerarter, totalt",Sås dressing majonnäs ,7.0,g
2011,Orientalisk sås m. grönsaker konserv.,Summa enkelomättade fettsyror,Sås dressing majonnäs ,1.0,g
2011,Orientalisk sås m. grönsaker konserv.,"Magnesium, Mg",Sås dressing majonnäs ,9.0,mg
2011,Orientalisk sås m. grönsaker konserv.,Summa mättade fettsyror,Sås dressing majonnäs ,1.4,g
2011,Orientalisk sås m. grönsaker konserv.,"Kolhydrater, tillgängliga",Sås dressing majonnäs ,10.1,g
2011,Orientalisk sås m. grönsaker konserv.,Kolesterol,Sås dressing majonnäs ,0.0,mg
2011,Orientalisk sås m. grönsaker konserv.,"Kalium, K",Sås dressing majonnäs ,151.0,mg
2011,Orientalisk sås m. grönsaker konserv.,"Jod, I",Sås dressing majonnäs ,1.0,µg
2011,Orientalisk sås m. grönsaker konserv.,Fullkorn totalt,Sås dressing majonnäs ,0.0,g
2011,Orientalisk sås m. grönsaker konserv.,"Folat, totalt",Sås dressing majonnäs ,20.8,µg
2011,Orientalisk sås m. grönsaker konserv.,Fibrer,Sås dressing majonnäs ,1.4,g
2011,Orientalisk sås m. grönsaker konserv.,"Fett, totalt",Sås dressing majonnäs ,4.8,g
2011,Orientalisk sås m. grönsaker konserv.,"Järn, Fe",Sås dressing majonnäs ,0.4,mg
2011,Orientalisk sås m. grönsaker konserv.,Energi (kJ),Sås dressing majonnäs ,379.0,kJ
2011,Orientalisk sås m. grönsaker konserv.,Energi (kcal),Sås dressing majonnäs ,90.0,kcal
2011,Orientalisk sås m. grönsaker konserv.,Disackarider,Sås dressing majonnäs ,4.6,g
2011,Orientalisk sås m. grönsaker konserv.,"Kalcium, Ca",Sås dressing majonnäs ,22.0,mg
2011,Orientalisk sås m. grönsaker konserv.,Fettsyra 4:0-10:0,Sås dressing majonnäs ,0.1,g
2011,Orientalisk sås m. grönsaker konserv.,DHA (C22:6),Sås dressing majonnäs ,0.0,g
2011,Orientalisk sås m. grönsaker konserv.,DPA (C22:5),Sås dressing majonnäs ,0.0,g
2011,Orientalisk sås m. grönsaker konserv.,EPA (C20:5),Sås dressing majonnäs ,0.0,g
2011,Orientalisk sås m. grönsaker konserv.,Arakidonsyra C20:4,Sås dressing majonnäs ,0.0,g
2011,Orientalisk sås m. grönsaker konserv.,Arakidinsyra C20:0,Sås dressing majonnäs ,0.0,g
2011,Orientalisk sås m. grönsaker konserv.,Linolensyra C18:3,Sås dressing majonnäs ,0.0,g
2011,Orientalisk sås m. grönsaker konserv.,Linolsyra C18:2,Sås dressing majonnäs ,1.4,g
2011,Orientalisk sås m. grönsaker konserv.,Oljesyra C18:1,Sås dressing majonnäs ,1.0,g
2011,Orientalisk sås m. grönsaker konserv.,Stearinsyra C18:0,Sås dressing majonnäs ,0.2,g
2011,Orientalisk sås m. grönsaker konserv.,Palmitoljesyra C16:1,Sås dressing majonnäs ,0.0,g
2011,Orientalisk sås m. grönsaker konserv.,Palmitinsyra C16:0,Sås dressing majonnäs ,0.5,g
2011,Orientalisk sås m. grönsaker konserv.,Myristinsyra C14:0,Sås dressing majonnäs ,0.2,g
2011,Orientalisk sås m. grönsaker konserv.,Laurinsyra C12:0,Sås dressing majonnäs ,0.4,g
2011,Orientalisk sås m. grönsaker konserv.,Betakaroten/β-Karoten,Sås dressing majonnäs ,573.0,µg
2011,Orientalisk sås m. grönsaker konserv.,Avfall (skal etc.),Sås dressing majonnäs ,0.0,%
2011,Orientalisk sås m. grönsaker konserv.,Aska,Sås dressing majonnäs ,1.6,g
2011,Orientalisk sås m. grönsaker konserv.,Alkohol,Sås dressing majonnäs ,0.0,g
2012,Teriyakisås,"Zink, Zn","Senap ketchup HP-sås soja ""smaksättare""",0.3,mg
2012,Teriyakisås,Vitamin E,"Senap ketchup HP-sås soja ""smaksättare""",0.0,mg
2012,Teriyakisås,Vitamin D inkl 25-OH-D3,"Senap ketchup HP-sås soja ""smaksättare""",0.0,µg
2012,Teriyakisås,Vitamin D,"Senap ketchup HP-sås soja ""smaksättare""",0.0,µg
2012,Teriyakisås,Vitamin C,"Senap ketchup HP-sås soja ""smaksättare""",0.0,mg
2012,Teriyakisås,Vitamin B6,"Senap ketchup HP-sås soja ""smaksättare""",0.09,mg
2012,Teriyakisås,Vitamin B12,"Senap ketchup HP-sås soja ""smaksättare""",0.0,µg
2012,Teriyakisås,Vitamin A,"Senap ketchup HP-sås soja ""smaksättare""",0.3,RE/µg
2012,Teriyakisås,Vatten,"Senap ketchup HP-sås soja ""smaksättare""",66.1,g
2012,Teriyakisås,Tiamin,"Senap ketchup HP-sås soja ""smaksättare""",0.01,mg
2012,Teriyakisås,Tillsatt socker,"Senap ketchup HP-sås soja ""smaksättare""",23.0,g
2012,Teriyakisås,Fritt socker,"Senap ketchup HP-sås soja ""smaksättare""",23.0,g
2012,Teriyakisås,"Selen, Se","Senap ketchup HP-sås soja ""smaksättare""",3.4,µg
2012,Teriyakisås,Sackaros,"Senap ketchup HP-sås soja ""smaksättare""",5.4,g
2012,Teriyakisås,Riboflavin,"Senap ketchup HP-sås soja ""smaksättare""",0.11,mg
2012,Teriyakisås,Retinol,"Senap ketchup HP-sås soja ""smaksättare""",0.0,µg
2012,Teriyakisås,Protein,"Senap ketchup HP-sås soja ""smaksättare""",3.2,g
2012,Teriyakisås,Summa fleromättade fettsyror,"Senap ketchup HP-sås soja ""smaksättare""",0.3,g
2012,Teriyakisås,"Fosfor, P","Senap ketchup HP-sås soja ""smaksättare""",54.0,mg
2012,Teriyakisås,Niacinekvivalenter,"Senap ketchup HP-sås soja ""smaksättare""",0.9,NE/mg
2012,Teriyakisås,Niacin,"Senap ketchup HP-sås soja ""smaksättare""",0.38,mg
2012,Teriyakisås,"Salt, NaCl","Senap ketchup HP-sås soja ""smaksättare""",6.2,g
2012,Teriyakisås,"Natrium, Na","Senap ketchup HP-sås soja ""smaksättare""",2488.0,mg
2012,Teriyakisås,Monosackarider,"Senap ketchup HP-sås soja ""smaksättare""",17.2,g
2012,Teriyakisås,"Sockerarter, totalt","Senap ketchup HP-sås soja ""smaksättare""",23.0,g
2012,Teriyakisås,Summa enkelomättade fettsyror,"Senap ketchup HP-sås soja ""smaksättare""",0.2,g
2012,Teriyakisås,"Magnesium, Mg","Senap ketchup HP-sås soja ""smaksättare""",17.0,mg
2012,Teriyakisås,Summa mättade fettsyror,"Senap ketchup HP-sås soja ""smaksättare""",0.1,g
2012,Teriyakisås,"Kolhydrater, tillgängliga","Senap ketchup HP-sås soja ""smaksättare""",22.2,g
2012,Teriyakisås,Kolesterol,"Senap ketchup HP-sås soja ""smaksättare""",0.0,mg
2012,Teriyakisås,"Kalium, K","Senap ketchup HP-sås soja ""smaksättare""",156.0,mg
2012,Teriyakisås,"Jod, I","Senap ketchup HP-sås soja ""smaksättare""",2.0,µg
2012,Teriyakisås,Fullkorn totalt,"Senap ketchup HP-sås soja ""smaksättare""",0.0,g
2012,Teriyakisås,"Folat, totalt","Senap ketchup HP-sås soja ""smaksättare""",16.1,µg
2012,Teriyakisås,Fibrer,"Senap ketchup HP-sås soja ""smaksättare""",0.0,g
2012,Teriyakisås,"Fett, totalt","Senap ketchup HP-sås soja ""smaksättare""",0.8,g
2012,Teriyakisås,"Järn, Fe","Senap ketchup HP-sås soja ""smaksättare""",0.7,mg
2012,Teriyakisås,Energi (kJ),"Senap ketchup HP-sås soja ""smaksättare""",462.0,kJ
2012,Teriyakisås,Energi (kcal),"Senap ketchup HP-sås soja ""smaksättare""",110.0,kcal
2012,Teriyakisås,Disackarider,"Senap ketchup HP-sås soja ""smaksättare""",5.8,g
2012,Teriyakisås,"Kalcium, Ca","Senap ketchup HP-sås soja ""smaksättare""",8.0,mg
2012,Teriyakisås,Fettsyra 4:0-10:0,"Senap ketchup HP-sås soja ""smaksättare""",0.0,g
2012,Teriyakisås,DHA (C22:6),"Senap ketchup HP-sås soja ""smaksättare""",0.0,g
2012,Teriyakisås,DPA (C22:5),"Senap ketchup HP-sås soja ""smaksättare""",0.0,g
2012,Teriyakisås,EPA (C20:5),"Senap ketchup HP-sås soja ""smaksättare""",0.0,g
2012,Teriyakisås,Arakidonsyra C20:4,"Senap ketchup HP-sås soja ""smaksättare""",0.0,g
2012,Teriyakisås,Arakidinsyra C20:0,"Senap ketchup HP-sås soja ""smaksättare""",0.0,g
2012,Teriyakisås,Linolensyra C18:3,"Senap ketchup HP-sås soja ""smaksättare""",0.0,g
2012,Teriyakisås,Linolsyra C18:2,"Senap ketchup HP-sås soja ""smaksättare""",0.3,g
2012,Teriyakisås,Oljesyra C18:1,"Senap ketchup HP-sås soja ""smaksättare""",0.2,g
2012,Teriyakisås,Stearinsyra C18:0,"Senap ketchup HP-sås soja ""smaksättare""",0.0,g
2012,Teriyakisås,Palmitoljesyra C16:1,"Senap ketchup HP-sås soja ""smaksättare""",0.0,g
2012,Teriyakisås,Palmitinsyra C16:0,"Senap ketchup HP-sås soja ""smaksättare""",0.1,g
2012,Teriyakisås,Myristinsyra C14:0,"Senap ketchup HP-sås soja ""smaksättare""",0.0,g
2012,Teriyakisås,Laurinsyra C12:0,"Senap ketchup HP-sås soja ""smaksättare""",0.0,g
2012,Teriyakisås,Betakaroten/β-Karoten,"Senap ketchup HP-sås soja ""smaksättare""",4.0,µg
2012,Teriyakisås,Avfall (skal etc.),"Senap ketchup HP-sås soja ""smaksättare""",0.0,%
2012,Teriyakisås,Aska,"Senap ketchup HP-sås soja ""smaksättare""",7.7,g
2012,Teriyakisås,Alkohol,"Senap ketchup HP-sås soja ""smaksättare""",0.0,g
2024,Frukostflingor müsli fullkorn m. frukt,"Zink, Zn",Flingor - frukostflingor,1.8,mg
2024,Frukostflingor müsli fullkorn m. frukt,Vitamin E,Flingor - frukostflingor,0.4,mg
2024,Frukostflingor müsli fullkorn m. frukt,Vitamin D inkl 25-OH-D3,Flingor - frukostflingor,0.0,µg
2024,Frukostflingor müsli fullkorn m. frukt,Vitamin D,Flingor - frukostflingor,0.0,µg
2024,Frukostflingor müsli fullkorn m. frukt,Vitamin C,Flingor - frukostflingor,0.0,mg
2024,Frukostflingor müsli fullkorn m. frukt,Vitamin B6,Flingor - frukostflingor,0.27,mg
2024,Frukostflingor müsli fullkorn m. frukt,Vitamin B12,Flingor - frukostflingor,0.0,µg
2024,Frukostflingor müsli fullkorn m. frukt,Vitamin A,Flingor - frukostflingor,0.0,RE/µg
2024,Frukostflingor müsli fullkorn m. frukt,Vatten,Flingor - frukostflingor,7.1,g
2024,Frukostflingor müsli fullkorn m. frukt,Tiamin,Flingor - frukostflingor,0.18,mg
2024,Frukostflingor müsli fullkorn m. frukt,Tillsatt socker,Flingor - frukostflingor,8.0,g
2024,Frukostflingor müsli fullkorn m. frukt,Fritt socker,Flingor - frukostflingor,8.0,g
2024,Frukostflingor müsli fullkorn m. frukt,"Selen, Se",Flingor - frukostflingor,1.1,µg
2024,Frukostflingor müsli fullkorn m. frukt,Sackaros,Flingor - frukostflingor,5.0,g
2024,Frukostflingor müsli fullkorn m. frukt,Riboflavin,Flingor - frukostflingor,0.06,mg
2024,Frukostflingor müsli fullkorn m. frukt,Retinol,Flingor - frukostflingor,0.0,µg
2024,Frukostflingor müsli fullkorn m. frukt,Protein,Flingor - frukostflingor,8.2,g
2024,Frukostflingor müsli fullkorn m. frukt,Summa fleromättade fettsyror,Flingor - frukostflingor,1.0,g
2024,Frukostflingor müsli fullkorn m. frukt,"Fosfor, P",Flingor - frukostflingor,253.0,mg
2024,Frukostflingor müsli fullkorn m. frukt,Niacinekvivalenter,Flingor - frukostflingor,3.6,NE/mg
2024,Frukostflingor müsli fullkorn m. frukt,Niacin,Flingor - frukostflingor,2.28,mg
2024,Frukostflingor müsli fullkorn m. frukt,"Salt, NaCl",Flingor - frukostflingor,0.4,g
2024,Frukostflingor müsli fullkorn m. frukt,"Natrium, Na",Flingor - frukostflingor,174.0,mg
2024,Frukostflingor müsli fullkorn m. frukt,Monosackarider,Flingor - frukostflingor,7.1,g
2024,Frukostflingor müsli fullkorn m. frukt,"Sockerarter, totalt",Flingor - frukostflingor,12.1,g
2024,Frukostflingor müsli fullkorn m. frukt,Summa enkelomättade fettsyror,Flingor - frukostflingor,0.8,g
2024,Frukostflingor müsli fullkorn m. frukt,"Magnesium, Mg",Flingor - frukostflingor,84.0,mg
2024,Frukostflingor müsli fullkorn m. frukt,Summa mättade fettsyror,Flingor - frukostflingor,1.5,g
2024,Frukostflingor müsli fullkorn m. frukt,"Kolhydrater, tillgängliga",Flingor - frukostflingor,69.9,g
2024,Frukostflingor müsli fullkorn m. frukt,Kolesterol,Flingor - frukostflingor,0.0,mg
2024,Frukostflingor müsli fullkorn m. frukt,"Kalium, K",Flingor - frukostflingor,410.0,mg
2024,Frukostflingor müsli fullkorn m. frukt,"Jod, I",Flingor - frukostflingor,0.0,µg
2024,Frukostflingor müsli fullkorn m. frukt,Fullkorn totalt,Flingor - frukostflingor,56.0,g
2024,Frukostflingor müsli fullkorn m. frukt,"Folat, totalt",Flingor - frukostflingor,28.8,µg
2024,Frukostflingor müsli fullkorn m. frukt,Fibrer,Flingor - frukostflingor,8.8,g
2024,Frukostflingor müsli fullkorn m. frukt,"Fett, totalt",Flingor - frukostflingor,4.5,g
2024,Frukostflingor müsli fullkorn m. frukt,"Järn, Fe",Flingor - frukostflingor,2.5,mg
2024,Frukostflingor müsli fullkorn m. frukt,Energi (kJ),Flingor - frukostflingor,1565.0,kJ
2024,Frukostflingor müsli fullkorn m. frukt,Energi (kcal),Flingor - frukostflingor,374.0,kcal
2024,Frukostflingor müsli fullkorn m. frukt,Disackarider,Flingor - frukostflingor,5.0,g
2024,Frukostflingor müsli fullkorn m. frukt,"Kalcium, Ca",Flingor - frukostflingor,25.0,mg
2024,Frukostflingor müsli fullkorn m. frukt,Fettsyra 4:0-10:0,Flingor - frukostflingor,0.2,g
2024,Frukostflingor müsli fullkorn m. frukt,DHA (C22:6),Flingor - frukostflingor,0.0,g
2024,Frukostflingor müsli fullkorn m. frukt,DPA (C22:5),Flingor - frukostflingor,0.0,g
2024,Frukostflingor müsli fullkorn m. frukt,EPA (C20:5),Flingor - frukostflingor,0.0,g
2024,Frukostflingor müsli fullkorn m. frukt,Arakidonsyra C20:4,Flingor - frukostflingor,0.0,g
2024,Frukostflingor müsli fullkorn m. frukt,Arakidinsyra C20:0,Flingor - frukostflingor,0.0,g
2024,Frukostflingor müsli fullkorn m. frukt,Linolensyra C18:3,Flingor - frukostflingor,0.0,g
2024,Frukostflingor müsli fullkorn m. frukt,Linolsyra C18:2,Flingor - frukostflingor,0.9,g
2024,Frukostflingor müsli fullkorn m. frukt,Oljesyra C18:1,Flingor - frukostflingor,0.7,g
2024,Frukostflingor müsli fullkorn m. frukt,Stearinsyra C18:0,Flingor - frukostflingor,0.1,g
2024,Frukostflingor müsli fullkorn m. frukt,Palmitoljesyra C16:1,Flingor - frukostflingor,0.0,g
2024,Frukostflingor müsli fullkorn m. frukt,Palmitinsyra C16:0,Flingor - frukostflingor,0.4,g
2024,Frukostflingor müsli fullkorn m. frukt,Myristinsyra C14:0,Flingor - frukostflingor,0.2,g
2024,Frukostflingor müsli fullkorn m. frukt,Laurinsyra C12:0,Flingor - frukostflingor,0.6,g
2024,Frukostflingor müsli fullkorn m. frukt,Betakaroten/β-Karoten,Flingor - frukostflingor,0.0,µg
2024,Frukostflingor müsli fullkorn m. frukt,Avfall (skal etc.),Flingor - frukostflingor,0.0,%
2024,Frukostflingor müsli fullkorn m. frukt,Aska,Flingor - frukostflingor,1.5,g
2024,Frukostflingor müsli fullkorn m. frukt,Alkohol,Flingor - frukostflingor,0.0,g
2025,Frukostflingor müsli fullkorn m. bär,"Zink, Zn",Flingor - frukostflingor,1.9,mg
2025,Frukostflingor müsli fullkorn m. bär,Vitamin E,Flingor - frukostflingor,0.5,mg
2025,Frukostflingor müsli fullkorn m. bär,Vitamin D inkl 25-OH-D3,Flingor - frukostflingor,0.0,µg
2025,Frukostflingor müsli fullkorn m. bär,Vitamin D,Flingor - frukostflingor,0.0,µg
2025,Frukostflingor müsli fullkorn m. bär,Vitamin C,Flingor - frukostflingor,0.0,mg
2025,Frukostflingor müsli fullkorn m. bär,Vitamin B6,Flingor - frukostflingor,0.26,mg
2025,Frukostflingor müsli fullkorn m. bär,Vitamin B12,Flingor - frukostflingor,0.14,µg
2025,Frukostflingor müsli fullkorn m. bär,Vitamin A,Flingor - frukostflingor,0.0,RE/µg
2025,Frukostflingor müsli fullkorn m. bär,Vatten,Flingor - frukostflingor,7.2,g
2025,Frukostflingor müsli fullkorn m. bär,Tiamin,Flingor - frukostflingor,0.2,mg
2025,Frukostflingor müsli fullkorn m. bär,Tillsatt socker,Flingor - frukostflingor,7.0,g
2025,Frukostflingor müsli fullkorn m. bär,Fritt socker,Flingor - frukostflingor,7.0,g
2025,Frukostflingor müsli fullkorn m. bär,"Selen, Se",Flingor - frukostflingor,0.6,µg
2025,Frukostflingor müsli fullkorn m. bär,Sackaros,Flingor - frukostflingor,5.2,g
2025,Frukostflingor müsli fullkorn m. bär,Riboflavin,Flingor - frukostflingor,0.07,mg
2025,Frukostflingor müsli fullkorn m. bär,Retinol,Flingor - frukostflingor,0.0,µg
2025,Frukostflingor müsli fullkorn m. bär,Protein,Flingor - frukostflingor,8.6,g
2025,Frukostflingor müsli fullkorn m. bär,Summa fleromättade fettsyror,Flingor - frukostflingor,1.1,g
2025,Frukostflingor müsli fullkorn m. bär,"Fosfor, P",Flingor - frukostflingor,273.0,mg
2025,Frukostflingor müsli fullkorn m. bär,Niacinekvivalenter,Flingor - frukostflingor,3.8,NE/mg
2025,Frukostflingor müsli fullkorn m. bär,Niacin,Flingor - frukostflingor,2.37,mg
2025,Frukostflingor müsli fullkorn m. bär,"Salt, NaCl",Flingor - frukostflingor,0.3,g
2025,Frukostflingor müsli fullkorn m. bär,"Natrium, Na",Flingor - frukostflingor,129.0,mg
2025,Frukostflingor müsli fullkorn m. bär,Monosackarider,Flingor - frukostflingor,1.4,g
2025,Frukostflingor müsli fullkorn m. bär,"Sockerarter, totalt",Flingor - frukostflingor,7.3,g
2025,Frukostflingor müsli fullkorn m. bär,Summa enkelomättade fettsyror,Flingor - frukostflingor,0.9,g
2025,Frukostflingor müsli fullkorn m. bär,"Magnesium, Mg",Flingor - frukostflingor,91.0,mg
2025,Frukostflingor müsli fullkorn m. bär,Summa mättade fettsyror,Flingor - frukostflingor,0.5,g
2025,Frukostflingor müsli fullkorn m. bär,"Kolhydrater, tillgängliga",Flingor - frukostflingor,68.9,g
2025,Frukostflingor müsli fullkorn m. bär,Kolesterol,Flingor - frukostflingor,0.0,mg
2025,Frukostflingor müsli fullkorn m. bär,"Kalium, K",Flingor - frukostflingor,384.0,mg
2025,Frukostflingor müsli fullkorn m. bär,"Jod, I",Flingor - frukostflingor,0.0,µg
2025,Frukostflingor müsli fullkorn m. bär,Fullkorn totalt,Flingor - frukostflingor,71.0,g
2025,Frukostflingor müsli fullkorn m. bär,"Folat, totalt",Flingor - frukostflingor,33.7,µg
2025,Frukostflingor müsli fullkorn m. bär,Fibrer,Flingor - frukostflingor,10.3,g
2025,Frukostflingor müsli fullkorn m. bär,"Fett, totalt",Flingor - frukostflingor,3.5,g
2025,Frukostflingor müsli fullkorn m. bär,"Järn, Fe",Flingor - frukostflingor,2.6,mg
2025,Frukostflingor müsli fullkorn m. bär,Energi (kJ),Flingor - frukostflingor,1529.0,kJ
2025,Frukostflingor müsli fullkorn m. bär,Energi (kcal),Flingor - frukostflingor,366.0,kcal
2025,Frukostflingor müsli fullkorn m. bär,Disackarider,Flingor - frukostflingor,5.9,g
2025,Frukostflingor müsli fullkorn m. bär,"Kalcium, Ca",Flingor - frukostflingor,22.0,mg
2025,Frukostflingor müsli fullkorn m. bär,Fettsyra 4:0-10:0,Flingor - frukostflingor,0.0,g
2025,Frukostflingor müsli fullkorn m. bär,DHA (C22:6),Flingor - frukostflingor,0.0,g
2025,Frukostflingor müsli fullkorn m. bär,DPA (C22:5),Flingor - frukostflingor,0.0,g
2025,Frukostflingor müsli fullkorn m. bär,EPA (C20:5),Flingor - frukostflingor,0.0,g
2025,Frukostflingor müsli fullkorn m. bär,Arakidonsyra C20:4,Flingor - frukostflingor,0.0,g
2025,Frukostflingor müsli fullkorn m. bär,Arakidinsyra C20:0,Flingor - frukostflingor,0.0,g
2025,Frukostflingor müsli fullkorn m. bär,Linolensyra C18:3,Flingor - frukostflingor,0.1,g
2025,Frukostflingor müsli fullkorn m. bär,Linolsyra C18:2,Flingor - frukostflingor,1.0,g
2025,Frukostflingor müsli fullkorn m. bär,Oljesyra C18:1,Flingor - frukostflingor,0.8,g
2025,Frukostflingor müsli fullkorn m. bär,Stearinsyra C18:0,Flingor - frukostflingor,0.0,g
2025,Frukostflingor müsli fullkorn m. bär,Palmitoljesyra C16:1,Flingor - frukostflingor,0.0,g
2025,Frukostflingor müsli fullkorn m. bär,Palmitinsyra C16:0,Flingor - frukostflingor,0.4,g
2025,Frukostflingor müsli fullkorn m. bär,Myristinsyra C14:0,Flingor - frukostflingor,0.0,g
2025,Frukostflingor müsli fullkorn m. bär,Laurinsyra C12:0,Flingor - frukostflingor,0.0,g
2025,Frukostflingor müsli fullkorn m. bär,Betakaroten/β-Karoten,Flingor - frukostflingor,0.0,µg
2025,Frukostflingor müsli fullkorn m. bär,Avfall (skal etc.),Flingor - frukostflingor,0.0,%
2025,Frukostflingor müsli fullkorn m. bär,Aska,Flingor - frukostflingor,1.6,g
2025,Frukostflingor müsli fullkorn m. bär,Alkohol,Flingor - frukostflingor,0.0,g
2027,Frukostflingor müsli fullkorn m. socker frukt nötter,"Zink, Zn",Flingor - frukostflingor,2.9,mg
2027,Frukostflingor müsli fullkorn m. socker frukt nötter,Vitamin E,Flingor - frukostflingor,2.9,mg
2027,Frukostflingor müsli fullkorn m. socker frukt nötter,Vitamin D inkl 25-OH-D3,Flingor - frukostflingor,0.0,µg
2027,Frukostflingor müsli fullkorn m. socker frukt nötter,Vitamin D,Flingor - frukostflingor,0.0,µg
2027,Frukostflingor müsli fullkorn m. socker frukt nötter,Vitamin C,Flingor - frukostflingor,0.0,mg
2027,Frukostflingor müsli fullkorn m. socker frukt nötter,Vitamin B6,Flingor - frukostflingor,0.25,mg
2027,Frukostflingor müsli fullkorn m. socker frukt nötter,Vitamin B12,Flingor - frukostflingor,0.2,µg
2027,Frukostflingor müsli fullkorn m. socker frukt nötter,Vitamin A,Flingor - frukostflingor,1.2,RE/µg
2027,Frukostflingor müsli fullkorn m. socker frukt nötter,Vatten,Flingor - frukostflingor,2.0,g
2027,Frukostflingor müsli fullkorn m. socker frukt nötter,Tiamin,Flingor - frukostflingor,0.28,mg
2027,Frukostflingor müsli fullkorn m. socker frukt nötter,Tillsatt socker,Flingor - frukostflingor,21.0,g
2027,Frukostflingor müsli fullkorn m. socker frukt nötter,Fritt socker,Flingor - frukostflingor,21.0,g
2027,Frukostflingor müsli fullkorn m. socker frukt nötter,"Selen, Se",Flingor - frukostflingor,7.1,µg
2027,Frukostflingor müsli fullkorn m. socker frukt nötter,Sackaros,Flingor - frukostflingor,15.7,g
2027,Frukostflingor müsli fullkorn m. socker frukt nötter,Riboflavin,Flingor - frukostflingor,0.09,mg
2027,Frukostflingor müsli fullkorn m. socker frukt nötter,Retinol,Flingor - frukostflingor,0.0,µg
2027,Frukostflingor müsli fullkorn m. socker frukt nötter,Protein,Flingor - frukostflingor,9.9,g
2027,Frukostflingor müsli fullkorn m. socker frukt nötter,Summa fleromättade fettsyror,Flingor - frukostflingor,3.2,g
2027,Frukostflingor müsli fullkorn m. socker frukt nötter,"Fosfor, P",Flingor - frukostflingor,345.0,mg
2027,Frukostflingor müsli fullkorn m. socker frukt nötter,Niacinekvivalenter,Flingor - frukostflingor,2.8,NE/mg
2027,Frukostflingor müsli fullkorn m. socker frukt nötter,Niacin,Flingor - frukostflingor,1.17,mg
2027,Frukostflingor müsli fullkorn m. socker frukt nötter,"Salt, NaCl",Flingor - frukostflingor,0.4,g
2027,Frukostflingor müsli fullkorn m. socker frukt nötter,"Natrium, Na",Flingor - frukostflingor,150.0,mg
2027,Frukostflingor müsli fullkorn m. socker frukt nötter,Monosackarider,Flingor - frukostflingor,4.6,g
2027,Frukostflingor müsli fullkorn m. socker frukt nötter,"Sockerarter, totalt",Flingor - frukostflingor,20.7,g
2027,Frukostflingor müsli fullkorn m. socker frukt nötter,Summa enkelomättade fettsyror,Flingor - frukostflingor,8.4,g
2027,Frukostflingor müsli fullkorn m. socker frukt nötter,"Magnesium, Mg",Flingor - frukostflingor,118.0,mg
2027,Frukostflingor müsli fullkorn m. socker frukt nötter,Summa mättade fettsyror,Flingor - frukostflingor,4.8,g
2027,Frukostflingor müsli fullkorn m. socker frukt nötter,"Kolhydrater, tillgängliga",Flingor - frukostflingor,61.2,g
2027,Frukostflingor müsli fullkorn m. socker frukt nötter,Kolesterol,Flingor - frukostflingor,0.0,mg
2027,Frukostflingor müsli fullkorn m. socker frukt nötter,"Kalium, K",Flingor - frukostflingor,411.0,mg
2027,Frukostflingor müsli fullkorn m. socker frukt nötter,"Jod, I",Flingor - frukostflingor,0.0,µg
2027,Frukostflingor müsli fullkorn m. socker frukt nötter,Fullkorn totalt,Flingor - frukostflingor,57.0,g
2027,Frukostflingor müsli fullkorn m. socker frukt nötter,"Folat, totalt",Flingor - frukostflingor,34.7,µg
2027,Frukostflingor müsli fullkorn m. socker frukt nötter,Fibrer,Flingor - frukostflingor,8.0,g
2027,Frukostflingor müsli fullkorn m. socker frukt nötter,"Fett, totalt",Flingor - frukostflingor,17.1,g
2027,Frukostflingor müsli fullkorn m. socker frukt nötter,"Järn, Fe",Flingor - frukostflingor,3.6,mg
2027,Frukostflingor müsli fullkorn m. socker frukt nötter,Energi (kJ),Flingor - frukostflingor,1905.0,kJ
2027,Frukostflingor müsli fullkorn m. socker frukt nötter,Energi (kcal),Flingor - frukostflingor,455.0,kcal
2027,Frukostflingor müsli fullkorn m. socker frukt nötter,Disackarider,Flingor - frukostflingor,16.1,g
2027,Frukostflingor müsli fullkorn m. socker frukt nötter,"Kalcium, Ca",Flingor - frukostflingor,24.0,mg
2027,Frukostflingor müsli fullkorn m. socker frukt nötter,Fettsyra 4:0-10:0,Flingor - frukostflingor,0.0,g
2027,Frukostflingor müsli fullkorn m. socker frukt nötter,DHA (C22:6),Flingor - frukostflingor,0.0,g
2027,Frukostflingor müsli fullkorn m. socker frukt nötter,DPA (C22:5),Flingor - frukostflingor,0.0,g
2027,Frukostflingor müsli fullkorn m. socker frukt nötter,EPA (C20:5),Flingor - frukostflingor,0.0,g
2027,Frukostflingor müsli fullkorn m. socker frukt nötter,Arakidonsyra C20:4,Flingor - frukostflingor,0.0,g
2027,Frukostflingor müsli fullkorn m. socker frukt nötter,Arakidinsyra C20:0,Flingor - frukostflingor,0.0,g
2027,Frukostflingor müsli fullkorn m. socker frukt nötter,Linolensyra C18:3,Flingor - frukostflingor,0.1,g
2027,Frukostflingor müsli fullkorn m. socker frukt nötter,Linolsyra C18:2,Flingor - frukostflingor,3.1,g
2027,Frukostflingor müsli fullkorn m. socker frukt nötter,Oljesyra C18:1,Flingor - frukostflingor,8.2,g
2027,Frukostflingor müsli fullkorn m. socker frukt nötter,Stearinsyra C18:0,Flingor - frukostflingor,0.5,g
2027,Frukostflingor müsli fullkorn m. socker frukt nötter,Palmitoljesyra C16:1,Flingor - frukostflingor,0.0,g
2027,Frukostflingor müsli fullkorn m. socker frukt nötter,Palmitinsyra C16:0,Flingor - frukostflingor,4.0,g
2027,Frukostflingor müsli fullkorn m. socker frukt nötter,Myristinsyra C14:0,Flingor - frukostflingor,0.1,g
2027,Frukostflingor müsli fullkorn m. socker frukt nötter,Laurinsyra C12:0,Flingor - frukostflingor,0.0,g
2027,Frukostflingor müsli fullkorn m. socker frukt nötter,Betakaroten/β-Karoten,Flingor - frukostflingor,14.0,µg
2027,Frukostflingor müsli fullkorn m. socker frukt nötter,Avfall (skal etc.),Flingor - frukostflingor,0.0,%
2027,Frukostflingor müsli fullkorn m. socker frukt nötter,Aska,Flingor - frukostflingor,1.9,g
2027,Frukostflingor müsli fullkorn m. socker frukt nötter,Alkohol,Flingor - frukostflingor,0.0,g
2028,Frukostflingor crunchy fullkorn m. socker russin kokos,"Zink, Zn",Flingor - frukostflingor,1.7,mg
2028,Frukostflingor crunchy fullkorn m. socker russin kokos,Vitamin E,Flingor - frukostflingor,2.5,mg
2028,Frukostflingor crunchy fullkorn m. socker russin kokos,Vitamin D inkl 25-OH-D3,Flingor - frukostflingor,0.0,µg
2028,Frukostflingor crunchy fullkorn m. socker russin kokos,Vitamin D,Flingor - frukostflingor,0.0,µg
2028,Frukostflingor crunchy fullkorn m. socker russin kokos,Vitamin C,Flingor - frukostflingor,0.0,mg
2028,Frukostflingor crunchy fullkorn m. socker russin kokos,Vitamin B6,Flingor - frukostflingor,0.2,mg
2028,Frukostflingor crunchy fullkorn m. socker russin kokos,Vitamin B12,Flingor - frukostflingor,0.0,µg
2028,Frukostflingor crunchy fullkorn m. socker russin kokos,Vitamin A,Flingor - frukostflingor,0.9,RE/µg
2028,Frukostflingor crunchy fullkorn m. socker russin kokos,Vatten,Flingor - frukostflingor,4.0,g
2028,Frukostflingor crunchy fullkorn m. socker russin kokos,Tiamin,Flingor - frukostflingor,0.26,mg
2028,Frukostflingor crunchy fullkorn m. socker russin kokos,Tillsatt socker,Flingor - frukostflingor,22.0,g
2028,Frukostflingor crunchy fullkorn m. socker russin kokos,Fritt socker,Flingor - frukostflingor,23.0,g
2028,Frukostflingor crunchy fullkorn m. socker russin kokos,"Selen, Se",Flingor - frukostflingor,2.3,µg
2028,Frukostflingor crunchy fullkorn m. socker russin kokos,Sackaros,Flingor - frukostflingor,19.0,g
2028,Frukostflingor crunchy fullkorn m. socker russin kokos,Riboflavin,Flingor - frukostflingor,0.05,mg
2028,Frukostflingor crunchy fullkorn m. socker russin kokos,Retinol,Flingor - frukostflingor,0.0,µg
2028,Frukostflingor crunchy fullkorn m. socker russin kokos,Protein,Flingor - frukostflingor,7.0,g
2028,Frukostflingor crunchy fullkorn m. socker russin kokos,Summa fleromättade fettsyror,Flingor - frukostflingor,2.8,g
2028,Frukostflingor crunchy fullkorn m. socker russin kokos,"Fosfor, P",Flingor - frukostflingor,233.0,mg
2028,Frukostflingor crunchy fullkorn m. socker russin kokos,Niacinekvivalenter,Flingor - frukostflingor,2.7,NE/mg
2028,Frukostflingor crunchy fullkorn m. socker russin kokos,Niacin,Flingor - frukostflingor,1.5,mg
2028,Frukostflingor crunchy fullkorn m. socker russin kokos,"Salt, NaCl",Flingor - frukostflingor,0.4,g
2028,Frukostflingor crunchy fullkorn m. socker russin kokos,"Natrium, Na",Flingor - frukostflingor,153.0,mg
2028,Frukostflingor crunchy fullkorn m. socker russin kokos,Monosackarider,Flingor - frukostflingor,6.1,g
2028,Frukostflingor crunchy fullkorn m. socker russin kokos,"Sockerarter, totalt",Flingor - frukostflingor,25.6,g
2028,Frukostflingor crunchy fullkorn m. socker russin kokos,Summa enkelomättade fettsyror,Flingor - frukostflingor,6.5,g
2028,Frukostflingor crunchy fullkorn m. socker russin kokos,"Magnesium, Mg",Flingor - frukostflingor,71.0,mg
2028,Frukostflingor crunchy fullkorn m. socker russin kokos,Summa mättade fettsyror,Flingor - frukostflingor,6.3,g
2028,Frukostflingor crunchy fullkorn m. socker russin kokos,"Kolhydrater, tillgängliga",Flingor - frukostflingor,65.5,g
2028,Frukostflingor crunchy fullkorn m. socker russin kokos,Kolesterol,Flingor - frukostflingor,0.0,mg
2028,Frukostflingor crunchy fullkorn m. socker russin kokos,"Kalium, K",Flingor - frukostflingor,356.0,mg
2028,Frukostflingor crunchy fullkorn m. socker russin kokos,"Jod, I",Flingor - frukostflingor,0.0,µg
2028,Frukostflingor crunchy fullkorn m. socker russin kokos,Fullkorn totalt,Flingor - frukostflingor,61.0,g
2028,Frukostflingor crunchy fullkorn m. socker russin kokos,"Folat, totalt",Flingor - frukostflingor,22.7,µg
2028,Frukostflingor crunchy fullkorn m. socker russin kokos,Fibrer,Flingor - frukostflingor,5.8,g
2028,Frukostflingor crunchy fullkorn m. socker russin kokos,"Fett, totalt",Flingor - frukostflingor,16.3,g
2028,Frukostflingor crunchy fullkorn m. socker russin kokos,"Järn, Fe",Flingor - frukostflingor,2.8,mg
2028,Frukostflingor crunchy fullkorn m. socker russin kokos,Energi (kJ),Flingor - frukostflingor,1883.0,kJ
2028,Frukostflingor crunchy fullkorn m. socker russin kokos,Energi (kcal),Flingor - frukostflingor,450.0,kcal
2028,Frukostflingor crunchy fullkorn m. socker russin kokos,Disackarider,Flingor - frukostflingor,19.5,g
2028,Frukostflingor crunchy fullkorn m. socker russin kokos,"Kalcium, Ca",Flingor - frukostflingor,21.0,mg
2028,Frukostflingor crunchy fullkorn m. socker russin kokos,Fettsyra 4:0-10:0,Flingor - frukostflingor,0.2,g
2028,Frukostflingor crunchy fullkorn m. socker russin kokos,DHA (C22:6),Flingor - frukostflingor,0.0,g
2028,Frukostflingor crunchy fullkorn m. socker russin kokos,DPA (C22:5),Flingor - frukostflingor,0.0,g
2028,Frukostflingor crunchy fullkorn m. socker russin kokos,EPA (C20:5),Flingor - frukostflingor,0.0,g
2028,Frukostflingor crunchy fullkorn m. socker russin kokos,Arakidonsyra C20:4,Flingor - frukostflingor,0.0,g
2028,Frukostflingor crunchy fullkorn m. socker russin kokos,Arakidinsyra C20:0,Flingor - frukostflingor,0.0,g
2028,Frukostflingor crunchy fullkorn m. socker russin kokos,Linolensyra C18:3,Flingor - frukostflingor,0.1,g
2028,Frukostflingor crunchy fullkorn m. socker russin kokos,Linolsyra C18:2,Flingor - frukostflingor,2.7,g
2028,Frukostflingor crunchy fullkorn m. socker russin kokos,Oljesyra C18:1,Flingor - frukostflingor,6.4,g
2028,Frukostflingor crunchy fullkorn m. socker russin kokos,Stearinsyra C18:0,Flingor - frukostflingor,0.6,g
2028,Frukostflingor crunchy fullkorn m. socker russin kokos,Palmitoljesyra C16:1,Flingor - frukostflingor,0.0,g
2028,Frukostflingor crunchy fullkorn m. socker russin kokos,Palmitinsyra C16:0,Flingor - frukostflingor,4.3,g
2028,Frukostflingor crunchy fullkorn m. socker russin kokos,Myristinsyra C14:0,Flingor - frukostflingor,0.4,g
2028,Frukostflingor crunchy fullkorn m. socker russin kokos,Laurinsyra C12:0,Flingor - frukostflingor,0.8,g
2028,Frukostflingor crunchy fullkorn m. socker russin kokos,Betakaroten/β-Karoten,Flingor - frukostflingor,11.0,µg
2028,Frukostflingor crunchy fullkorn m. socker russin kokos,Avfall (skal etc.),Flingor - frukostflingor,0.0,%
2028,Frukostflingor crunchy fullkorn m. socker russin kokos,Aska,Flingor - frukostflingor,1.4,g
2028,Frukostflingor crunchy fullkorn m. socker russin kokos,Alkohol,Flingor - frukostflingor,0.0,g
2029,Frukostflingor crunchy naturell m. socker,"Zink, Zn",Flingor - frukostflingor,1.6,mg
2029,Frukostflingor crunchy naturell m. socker,Vitamin E,Flingor - frukostflingor,2.1,mg
2029,Frukostflingor crunchy naturell m. socker,Vitamin D inkl 25-OH-D3,Flingor - frukostflingor,0.0,µg
2029,Frukostflingor crunchy naturell m. socker,Vitamin D,Flingor - frukostflingor,0.0,µg
2029,Frukostflingor crunchy naturell m. socker,Vitamin C,Flingor - frukostflingor,0.0,mg
2029,Frukostflingor crunchy naturell m. socker,Vitamin B6,Flingor - frukostflingor,0.18,mg
2029,Frukostflingor crunchy naturell m. socker,Vitamin B12,Flingor - frukostflingor,0.0,µg
2029,Frukostflingor crunchy naturell m. socker,Vitamin A,Flingor - frukostflingor,0.9,RE/µg
2029,Frukostflingor crunchy naturell m. socker,Vatten,Flingor - frukostflingor,3.0,g
2029,Frukostflingor crunchy naturell m. socker,Tiamin,Flingor - frukostflingor,0.29,mg
2029,Frukostflingor crunchy naturell m. socker,Tillsatt socker,Flingor - frukostflingor,22.0,g
2029,Frukostflingor crunchy naturell m. socker,Fritt socker,Flingor - frukostflingor,23.0,g
2029,Frukostflingor crunchy naturell m. socker,"Selen, Se",Flingor - frukostflingor,2.0,µg
2029,Frukostflingor crunchy naturell m. socker,Sackaros,Flingor - frukostflingor,20.8,g
2029,Frukostflingor crunchy naturell m. socker,Riboflavin,Flingor - frukostflingor,0.06,mg
2029,Frukostflingor crunchy naturell m. socker,Retinol,Flingor - frukostflingor,0.0,µg
2029,Frukostflingor crunchy naturell m. socker,Protein,Flingor - frukostflingor,7.4,g
2029,Frukostflingor crunchy naturell m. socker,Summa fleromättade fettsyror,Flingor - frukostflingor,2.2,g
2029,Frukostflingor crunchy naturell m. socker,"Fosfor, P",Flingor - frukostflingor,240.0,mg
2029,Frukostflingor crunchy naturell m. socker,Niacinekvivalenter,Flingor - frukostflingor,2.8,NE/mg
2029,Frukostflingor crunchy naturell m. socker,Niacin,Flingor - frukostflingor,1.57,mg
2029,Frukostflingor crunchy naturell m. socker,"Salt, NaCl",Flingor - frukostflingor,0.4,g
2029,Frukostflingor crunchy naturell m. socker,"Natrium, Na",Flingor - frukostflingor,168.0,mg
2029,Frukostflingor crunchy naturell m. socker,Monosackarider,Flingor - frukostflingor,1.8,g
2029,Frukostflingor crunchy naturell m. socker,"Sockerarter, totalt",Flingor - frukostflingor,23.0,g
2029,Frukostflingor crunchy naturell m. socker,Summa enkelomättade fettsyror,Flingor - frukostflingor,5.2,g
2029,Frukostflingor crunchy naturell m. socker,"Magnesium, Mg",Flingor - frukostflingor,74.0,mg
2029,Frukostflingor crunchy naturell m. socker,Summa mättade fettsyror,Flingor - frukostflingor,5.3,g
2029,Frukostflingor crunchy naturell m. socker,"Kolhydrater, tillgängliga",Flingor - frukostflingor,64.8,g
2029,Frukostflingor crunchy naturell m. socker,Kolesterol,Flingor - frukostflingor,0.0,mg
2029,Frukostflingor crunchy naturell m. socker,"Kalium, K",Flingor - frukostflingor,315.0,mg
2029,Frukostflingor crunchy naturell m. socker,"Jod, I",Flingor - frukostflingor,0.0,µg
2029,Frukostflingor crunchy naturell m. socker,Fullkorn totalt,Flingor - frukostflingor,66.0,g
2029,Frukostflingor crunchy naturell m. socker,"Folat, totalt",Flingor - frukostflingor,23.6,µg
2029,Frukostflingor crunchy naturell m. socker,Fibrer,Flingor - frukostflingor,5.7,g
2029,Frukostflingor crunchy naturell m. socker,"Fett, totalt",Flingor - frukostflingor,17.7,g
2029,Frukostflingor crunchy naturell m. socker,"Järn, Fe",Flingor - frukostflingor,2.6,mg
2029,Frukostflingor crunchy naturell m. socker,Energi (kJ),Flingor - frukostflingor,1928.0,kJ
2029,Frukostflingor crunchy naturell m. socker,Energi (kcal),Flingor - frukostflingor,461.0,kcal
2029,Frukostflingor crunchy naturell m. socker,Disackarider,Flingor - frukostflingor,21.2,g
2029,Frukostflingor crunchy naturell m. socker,"Kalcium, Ca",Flingor - frukostflingor,19.0,mg
2029,Frukostflingor crunchy naturell m. socker,Fettsyra 4:0-10:0,Flingor - frukostflingor,0.2,g
2029,Frukostflingor crunchy naturell m. socker,DHA (C22:6),Flingor - frukostflingor,0.0,g
2029,Frukostflingor crunchy naturell m. socker,DPA (C22:5),Flingor - frukostflingor,0.0,g
2029,Frukostflingor crunchy naturell m. socker,EPA (C20:5),Flingor - frukostflingor,0.0,g
2029,Frukostflingor crunchy naturell m. socker,Arakidonsyra C20:4,Flingor - frukostflingor,0.0,g
2029,Frukostflingor crunchy naturell m. socker,Arakidinsyra C20:0,Flingor - frukostflingor,0.0,g
2029,Frukostflingor crunchy naturell m. socker,Linolensyra C18:3,Flingor - frukostflingor,0.0,g
2029,Frukostflingor crunchy naturell m. socker,Linolsyra C18:2,Flingor - frukostflingor,2.1,g
2029,Frukostflingor crunchy naturell m. socker,Oljesyra C18:1,Flingor - frukostflingor,5.1,g
2029,Frukostflingor crunchy naturell m. socker,Stearinsyra C18:0,Flingor - frukostflingor,0.5,g
2029,Frukostflingor crunchy naturell m. socker,Palmitoljesyra C16:1,Flingor - frukostflingor,0.0,g
2029,Frukostflingor crunchy naturell m. socker,Palmitinsyra C16:0,Flingor - frukostflingor,3.7,g
2029,Frukostflingor crunchy naturell m. socker,Myristinsyra C14:0,Flingor - frukostflingor,0.3,g
2029,Frukostflingor crunchy naturell m. socker,Laurinsyra C12:0,Flingor - frukostflingor,0.6,g
2029,Frukostflingor crunchy naturell m. socker,Betakaroten/β-Karoten,Flingor - frukostflingor,11.0,µg
2029,Frukostflingor crunchy naturell m. socker,Avfall (skal etc.),Flingor - frukostflingor,0.0,%
2029,Frukostflingor crunchy naturell m. socker,Aska,Flingor - frukostflingor,1.4,g
2029,Frukostflingor crunchy naturell m. socker,Alkohol,Flingor - frukostflingor,0.0,g
2030,Frukostflingor müsli fullkorn m. socker frukt kokos,"Zink, Zn",Flingor - frukostflingor,1.8,mg
2030,Frukostflingor müsli fullkorn m. socker frukt kokos,Vitamin E,Flingor - frukostflingor,0.4,mg
2030,Frukostflingor müsli fullkorn m. socker frukt kokos,Vitamin D inkl 25-OH-D3,Flingor - frukostflingor,0.0,µg
2030,Frukostflingor müsli fullkorn m. socker frukt kokos,Vitamin D,Flingor - frukostflingor,0.0,µg
2030,Frukostflingor müsli fullkorn m. socker frukt kokos,Vitamin C,Flingor - frukostflingor,0.0,mg
2030,Frukostflingor müsli fullkorn m. socker frukt kokos,Vitamin B6,Flingor - frukostflingor,0.13,mg
2030,Frukostflingor müsli fullkorn m. socker frukt kokos,Vitamin B12,Flingor - frukostflingor,0.0,µg
2030,Frukostflingor müsli fullkorn m. socker frukt kokos,Vitamin A,Flingor - frukostflingor,1.4,RE/µg
2030,Frukostflingor müsli fullkorn m. socker frukt kokos,Vatten,Flingor - frukostflingor,6.1,g
2030,Frukostflingor müsli fullkorn m. socker frukt kokos,Tiamin,Flingor - frukostflingor,0.15,mg
2030,Frukostflingor müsli fullkorn m. socker frukt kokos,Tillsatt socker,Flingor - frukostflingor,21.0,g
2030,Frukostflingor müsli fullkorn m. socker frukt kokos,Fritt socker,Flingor - frukostflingor,21.0,g
2030,Frukostflingor müsli fullkorn m. socker frukt kokos,"Selen, Se",Flingor - frukostflingor,1.5,µg
2030,Frukostflingor müsli fullkorn m. socker frukt kokos,Sackaros,Flingor - frukostflingor,19.7,g
2030,Frukostflingor müsli fullkorn m. socker frukt kokos,Riboflavin,Flingor - frukostflingor,0.06,mg
2030,Frukostflingor müsli fullkorn m. socker frukt kokos,Retinol,Flingor - frukostflingor,0.0,µg
2030,Frukostflingor müsli fullkorn m. socker frukt kokos,Protein,Flingor - frukostflingor,6.5,g
2030,Frukostflingor müsli fullkorn m. socker frukt kokos,Summa fleromättade fettsyror,Flingor - frukostflingor,1.3,g
2030,Frukostflingor müsli fullkorn m. socker frukt kokos,"Fosfor, P",Flingor - frukostflingor,215.0,mg
2030,Frukostflingor müsli fullkorn m. socker frukt kokos,Niacinekvivalenter,Flingor - frukostflingor,2.4,NE/mg
2030,Frukostflingor müsli fullkorn m. socker frukt kokos,Niacin,Flingor - frukostflingor,1.31,mg
2030,Frukostflingor müsli fullkorn m. socker frukt kokos,"Salt, NaCl",Flingor - frukostflingor,0.4,g
2030,Frukostflingor müsli fullkorn m. socker frukt kokos,"Natrium, Na",Flingor - frukostflingor,169.0,mg
2030,Frukostflingor müsli fullkorn m. socker frukt kokos,Monosackarider,Flingor - frukostflingor,7.2,g
2030,Frukostflingor müsli fullkorn m. socker frukt kokos,"Sockerarter, totalt",Flingor - frukostflingor,27.7,g
2030,Frukostflingor müsli fullkorn m. socker frukt kokos,Summa enkelomättade fettsyror,Flingor - frukostflingor,1.4,g
2030,Frukostflingor müsli fullkorn m. socker frukt kokos,"Magnesium, Mg",Flingor - frukostflingor,72.0,mg
2030,Frukostflingor müsli fullkorn m. socker frukt kokos,Summa mättade fettsyror,Flingor - frukostflingor,7.6,g
2030,Frukostflingor müsli fullkorn m. socker frukt kokos,"Kolhydrater, tillgängliga",Flingor - frukostflingor,67.6,g
2030,Frukostflingor müsli fullkorn m. socker frukt kokos,Kolesterol,Flingor - frukostflingor,0.0,mg
2030,Frukostflingor müsli fullkorn m. socker frukt kokos,"Kalium, K",Flingor - frukostflingor,270.0,mg
2030,Frukostflingor müsli fullkorn m. socker frukt kokos,"Jod, I",Flingor - frukostflingor,0.0,µg
2030,Frukostflingor müsli fullkorn m. socker frukt kokos,Fullkorn totalt,Flingor - frukostflingor,50.0,g
2030,Frukostflingor müsli fullkorn m. socker frukt kokos,"Folat, totalt",Flingor - frukostflingor,21.3,µg
2030,Frukostflingor müsli fullkorn m. socker frukt kokos,Fibrer,Flingor - frukostflingor,7.6,g
2030,Frukostflingor müsli fullkorn m. socker frukt kokos,"Fett, totalt",Flingor - frukostflingor,10.9,g
2030,Frukostflingor müsli fullkorn m. socker frukt kokos,"Järn, Fe",Flingor - frukostflingor,2.4,mg
2030,Frukostflingor müsli fullkorn m. socker frukt kokos,Energi (kJ),Flingor - frukostflingor,1723.0,kJ
2030,Frukostflingor müsli fullkorn m. socker frukt kokos,Energi (kcal),Flingor - frukostflingor,412.0,kcal
2030,Frukostflingor müsli fullkorn m. socker frukt kokos,Disackarider,Flingor - frukostflingor,20.5,g
2030,Frukostflingor müsli fullkorn m. socker frukt kokos,"Kalcium, Ca",Flingor - frukostflingor,24.0,mg
2030,Frukostflingor müsli fullkorn m. socker frukt kokos,Fettsyra 4:0-10:0,Flingor - frukostflingor,1.0,g
2030,Frukostflingor müsli fullkorn m. socker frukt kokos,DHA (C22:6),Flingor - frukostflingor,0.0,g
2030,Frukostflingor müsli fullkorn m. socker frukt kokos,DPA (C22:5),Flingor - frukostflingor,0.0,g
2030,Frukostflingor müsli fullkorn m. socker frukt kokos,EPA (C20:5),Flingor - frukostflingor,0.0,g
2030,Frukostflingor müsli fullkorn m. socker frukt kokos,Arakidonsyra C20:4,Flingor - frukostflingor,0.0,g
2030,Frukostflingor müsli fullkorn m. socker frukt kokos,Arakidinsyra C20:0,Flingor - frukostflingor,0.0,g
2030,Frukostflingor müsli fullkorn m. socker frukt kokos,Linolensyra C18:3,Flingor - frukostflingor,0.0,g
2030,Frukostflingor müsli fullkorn m. socker frukt kokos,Linolsyra C18:2,Flingor - frukostflingor,1.3,g
2030,Frukostflingor müsli fullkorn m. socker frukt kokos,Oljesyra C18:1,Flingor - frukostflingor,1.4,g
2030,Frukostflingor müsli fullkorn m. socker frukt kokos,Stearinsyra C18:0,Flingor - frukostflingor,0.3,g
2030,Frukostflingor müsli fullkorn m. socker frukt kokos,Palmitoljesyra C16:1,Flingor - frukostflingor,0.0,g
2030,Frukostflingor müsli fullkorn m. socker frukt kokos,Palmitinsyra C16:0,Flingor - frukostflingor,1.2,g
2030,Frukostflingor müsli fullkorn m. socker frukt kokos,Myristinsyra C14:0,Flingor - frukostflingor,1.5,g
2030,Frukostflingor müsli fullkorn m. socker frukt kokos,Laurinsyra C12:0,Flingor - frukostflingor,3.7,g
2030,Frukostflingor müsli fullkorn m. socker frukt kokos,Betakaroten/β-Karoten,Flingor - frukostflingor,17.0,µg
2030,Frukostflingor müsli fullkorn m. socker frukt kokos,Avfall (skal etc.),Flingor - frukostflingor,0.0,%
2030,Frukostflingor müsli fullkorn m. socker frukt kokos,Aska,Flingor - frukostflingor,1.4,g
2030,Frukostflingor müsli fullkorn m. socker frukt kokos,Alkohol,Flingor - frukostflingor,0.0,g
2031,Frukostflingor müsli fullkorn m. socker frukt bär,"Zink, Zn",Flingor - frukostflingor,1.7,mg
2031,Frukostflingor müsli fullkorn m. socker frukt bär,Vitamin E,Flingor - frukostflingor,1.8,mg
2031,Frukostflingor müsli fullkorn m. socker frukt bär,Vitamin D inkl 25-OH-D3,Flingor - frukostflingor,0.0,µg
2031,Frukostflingor müsli fullkorn m. socker frukt bär,Vitamin D,Flingor - frukostflingor,0.0,µg
2031,Frukostflingor müsli fullkorn m. socker frukt bär,Vitamin C,Flingor - frukostflingor,0.0,mg
2031,Frukostflingor müsli fullkorn m. socker frukt bär,Vitamin B6,Flingor - frukostflingor,0.2,mg
2031,Frukostflingor müsli fullkorn m. socker frukt bär,Vitamin B12,Flingor - frukostflingor,0.0,µg
2031,Frukostflingor müsli fullkorn m. socker frukt bär,Vitamin A,Flingor - frukostflingor,1.1,RE/µg
2031,Frukostflingor müsli fullkorn m. socker frukt bär,Vatten,Flingor - frukostflingor,2.6,g
2031,Frukostflingor müsli fullkorn m. socker frukt bär,Tiamin,Flingor - frukostflingor,0.31,mg
2031,Frukostflingor müsli fullkorn m. socker frukt bär,Tillsatt socker,Flingor - frukostflingor,30.0,g
2031,Frukostflingor müsli fullkorn m. socker frukt bär,Fritt socker,Flingor - frukostflingor,21.0,g
2031,Frukostflingor müsli fullkorn m. socker frukt bär,"Selen, Se",Flingor - frukostflingor,1.8,µg
2031,Frukostflingor müsli fullkorn m. socker frukt bär,Sackaros,Flingor - frukostflingor,19.2,g
2031,Frukostflingor müsli fullkorn m. socker frukt bär,Riboflavin,Flingor - frukostflingor,0.07,mg
2031,Frukostflingor müsli fullkorn m. socker frukt bär,Retinol,Flingor - frukostflingor,0.0,µg
2031,Frukostflingor müsli fullkorn m. socker frukt bär,Protein,Flingor - frukostflingor,7.4,g
2031,Frukostflingor müsli fullkorn m. socker frukt bär,Summa fleromättade fettsyror,Flingor - frukostflingor,3.0,g
2031,Frukostflingor müsli fullkorn m. socker frukt bär,"Fosfor, P",Flingor - frukostflingor,236.0,mg
2031,Frukostflingor müsli fullkorn m. socker frukt bär,Niacinekvivalenter,Flingor - frukostflingor,2.8,NE/mg
2031,Frukostflingor müsli fullkorn m. socker frukt bär,Niacin,Flingor - frukostflingor,1.6,mg
2031,Frukostflingor müsli fullkorn m. socker frukt bär,"Salt, NaCl",Flingor - frukostflingor,0.4,g
2031,Frukostflingor müsli fullkorn m. socker frukt bär,"Natrium, Na",Flingor - frukostflingor,154.0,mg
2031,Frukostflingor müsli fullkorn m. socker frukt bär,Monosackarider,Flingor - frukostflingor,2.0,g
2031,Frukostflingor müsli fullkorn m. socker frukt bär,"Sockerarter, totalt",Flingor - frukostflingor,21.8,g
2031,Frukostflingor müsli fullkorn m. socker frukt bär,Summa enkelomättade fettsyror,Flingor - frukostflingor,6.9,g
2031,Frukostflingor müsli fullkorn m. socker frukt bär,"Magnesium, Mg",Flingor - frukostflingor,76.0,mg
2031,Frukostflingor müsli fullkorn m. socker frukt bär,Summa mättade fettsyror,Flingor - frukostflingor,7.6,g
2031,Frukostflingor müsli fullkorn m. socker frukt bär,"Kolhydrater, tillgängliga",Flingor - frukostflingor,64.4,g
2031,Frukostflingor müsli fullkorn m. socker frukt bär,Kolesterol,Flingor - frukostflingor,0.0,mg
2031,Frukostflingor müsli fullkorn m. socker frukt bär,"Kalium, K",Flingor - frukostflingor,348.0,mg
2031,Frukostflingor müsli fullkorn m. socker frukt bär,"Jod, I",Flingor - frukostflingor,0.0,µg
2031,Frukostflingor müsli fullkorn m. socker frukt bär,Fullkorn totalt,Flingor - frukostflingor,60.0,g
2031,Frukostflingor müsli fullkorn m. socker frukt bär,"Folat, totalt",Flingor - frukostflingor,35.6,µg
2031,Frukostflingor müsli fullkorn m. socker frukt bär,Fibrer,Flingor - frukostflingor,5.9,g
2031,Frukostflingor müsli fullkorn m. socker frukt bär,"Fett, totalt",Flingor - frukostflingor,18.4,g
2031,Frukostflingor müsli fullkorn m. socker frukt bär,"Järn, Fe",Flingor - frukostflingor,3.1,mg
2031,Frukostflingor müsli fullkorn m. socker frukt bär,Energi (kJ),Flingor - frukostflingor,1948.0,kJ
2031,Frukostflingor müsli fullkorn m. socker frukt bär,Energi (kcal),Flingor - frukostflingor,466.0,kcal
2031,Frukostflingor müsli fullkorn m. socker frukt bär,Disackarider,Flingor - frukostflingor,19.8,g
2031,Frukostflingor müsli fullkorn m. socker frukt bär,"Kalcium, Ca",Flingor - frukostflingor,21.0,mg
2031,Frukostflingor müsli fullkorn m. socker frukt bär,Fettsyra 4:0-10:0,Flingor - frukostflingor,0.3,g
2031,Frukostflingor müsli fullkorn m. socker frukt bär,DHA (C22:6),Flingor - frukostflingor,0.0,g
2031,Frukostflingor müsli fullkorn m. socker frukt bär,DPA (C22:5),Flingor - frukostflingor,0.0,g
2031,Frukostflingor müsli fullkorn m. socker frukt bär,EPA (C20:5),Flingor - frukostflingor,0.0,g
2031,Frukostflingor müsli fullkorn m. socker frukt bär,Arakidonsyra C20:4,Flingor - frukostflingor,0.0,g
2031,Frukostflingor müsli fullkorn m. socker frukt bär,Arakidinsyra C20:0,Flingor - frukostflingor,0.0,g
2031,Frukostflingor müsli fullkorn m. socker frukt bär,Linolensyra C18:3,Flingor - frukostflingor,0.1,g
2031,Frukostflingor müsli fullkorn m. socker frukt bär,Linolsyra C18:2,Flingor - frukostflingor,2.9,g
2031,Frukostflingor müsli fullkorn m. socker frukt bär,Oljesyra C18:1,Flingor - frukostflingor,6.7,g
2031,Frukostflingor müsli fullkorn m. socker frukt bär,Stearinsyra C18:0,Flingor - frukostflingor,0.6,g
2031,Frukostflingor müsli fullkorn m. socker frukt bär,Palmitoljesyra C16:1,Flingor - frukostflingor,0.0,g
2031,Frukostflingor müsli fullkorn m. socker frukt bär,Palmitinsyra C16:0,Flingor - frukostflingor,4.7,g
2031,Frukostflingor müsli fullkorn m. socker frukt bär,Myristinsyra C14:0,Flingor - frukostflingor,0.6,g
2031,Frukostflingor müsli fullkorn m. socker frukt bär,Laurinsyra C12:0,Flingor - frukostflingor,1.2,g
2031,Frukostflingor müsli fullkorn m. socker frukt bär,Betakaroten/β-Karoten,Flingor - frukostflingor,13.0,µg
2031,Frukostflingor müsli fullkorn m. socker frukt bär,Avfall (skal etc.),Flingor - frukostflingor,0.0,%
2031,Frukostflingor müsli fullkorn m. socker frukt bär,Aska,Flingor - frukostflingor,1.4,g
2031,Frukostflingor müsli fullkorn m. socker frukt bär,Alkohol,Flingor - frukostflingor,0.0,g
2032,Frukostflingor müsli flingblandning fullkorn m. frukt nötter  ,"Zink, Zn",Flingor - frukostflingor,1.8,mg
2032,Frukostflingor müsli flingblandning fullkorn m. frukt nötter  ,Vitamin E,Flingor - frukostflingor,1.4,mg
2032,Frukostflingor müsli flingblandning fullkorn m. frukt nötter  ,Vitamin D inkl 25-OH-D3,Flingor - frukostflingor,0.0,µg
2032,Frukostflingor müsli flingblandning fullkorn m. frukt nötter  ,Vitamin D,Flingor - frukostflingor,0.0,µg
2032,Frukostflingor müsli flingblandning fullkorn m. frukt nötter  ,Vitamin C,Flingor - frukostflingor,0.0,mg
2032,Frukostflingor müsli flingblandning fullkorn m. frukt nötter  ,Vitamin B6,Flingor - frukostflingor,0.32,mg
2032,Frukostflingor müsli flingblandning fullkorn m. frukt nötter  ,Vitamin B12,Flingor - frukostflingor,0.0,µg
2032,Frukostflingor müsli flingblandning fullkorn m. frukt nötter  ,Vitamin A,Flingor - frukostflingor,0.0,RE/µg
2032,Frukostflingor müsli flingblandning fullkorn m. frukt nötter  ,Vatten,Flingor - frukostflingor,7.5,g
2032,Frukostflingor müsli flingblandning fullkorn m. frukt nötter  ,Tiamin,Flingor - frukostflingor,0.26,mg
2032,Frukostflingor müsli flingblandning fullkorn m. frukt nötter  ,Tillsatt socker,Flingor - frukostflingor,6.0,g
2032,Frukostflingor müsli flingblandning fullkorn m. frukt nötter  ,Fritt socker,Flingor - frukostflingor,6.0,g
2032,Frukostflingor müsli flingblandning fullkorn m. frukt nötter  ,"Selen, Se",Flingor - frukostflingor,2.1,µg
2032,Frukostflingor müsli flingblandning fullkorn m. frukt nötter  ,Sackaros,Flingor - frukostflingor,2.1,g
2032,Frukostflingor müsli flingblandning fullkorn m. frukt nötter  ,Riboflavin,Flingor - frukostflingor,0.06,mg
2032,Frukostflingor müsli flingblandning fullkorn m. frukt nötter  ,Retinol,Flingor - frukostflingor,0.0,µg
2032,Frukostflingor müsli flingblandning fullkorn m. frukt nötter  ,Protein,Flingor - frukostflingor,9.4,g
2032,Frukostflingor müsli flingblandning fullkorn m. frukt nötter  ,Summa fleromättade fettsyror,Flingor - frukostflingor,1.8,g
2032,Frukostflingor müsli flingblandning fullkorn m. frukt nötter  ,"Fosfor, P",Flingor - frukostflingor,250.0,mg
2032,Frukostflingor müsli flingblandning fullkorn m. frukt nötter  ,Niacinekvivalenter,Flingor - frukostflingor,4.8,NE/mg
2032,Frukostflingor müsli flingblandning fullkorn m. frukt nötter  ,Niacin,Flingor - frukostflingor,3.26,mg
2032,Frukostflingor müsli flingblandning fullkorn m. frukt nötter  ,"Salt, NaCl",Flingor - frukostflingor,0.2,g
2032,Frukostflingor müsli flingblandning fullkorn m. frukt nötter  ,"Natrium, Na",Flingor - frukostflingor,81.0,mg
2032,Frukostflingor müsli flingblandning fullkorn m. frukt nötter  ,Monosackarider,Flingor - frukostflingor,10.3,g
2032,Frukostflingor müsli flingblandning fullkorn m. frukt nötter  ,"Sockerarter, totalt",Flingor - frukostflingor,12.9,g
2032,Frukostflingor müsli flingblandning fullkorn m. frukt nötter  ,Summa enkelomättade fettsyror,Flingor - frukostflingor,3.0,g
2032,Frukostflingor müsli flingblandning fullkorn m. frukt nötter  ,"Magnesium, Mg",Flingor - frukostflingor,81.0,mg
2032,Frukostflingor müsli flingblandning fullkorn m. frukt nötter  ,Summa mättade fettsyror,Flingor - frukostflingor,1.0,g
2032,Frukostflingor müsli flingblandning fullkorn m. frukt nötter  ,"Kolhydrater, tillgängliga",Flingor - frukostflingor,66.1,g
2032,Frukostflingor müsli flingblandning fullkorn m. frukt nötter  ,Kolesterol,Flingor - frukostflingor,0.0,mg
2032,Frukostflingor müsli flingblandning fullkorn m. frukt nötter  ,"Kalium, K",Flingor - frukostflingor,442.0,mg
2032,Frukostflingor müsli flingblandning fullkorn m. frukt nötter  ,"Jod, I",Flingor - frukostflingor,0.0,µg
2032,Frukostflingor müsli flingblandning fullkorn m. frukt nötter  ,Fullkorn totalt,Flingor - frukostflingor,66.0,g
2032,Frukostflingor müsli flingblandning fullkorn m. frukt nötter  ,"Folat, totalt",Flingor - frukostflingor,33.9,µg
2032,Frukostflingor müsli flingblandning fullkorn m. frukt nötter  ,Fibrer,Flingor - frukostflingor,9.3,g
2032,Frukostflingor müsli flingblandning fullkorn m. frukt nötter  ,"Fett, totalt",Flingor - frukostflingor,6.1,g
2032,Frukostflingor müsli flingblandning fullkorn m. frukt nötter  ,"Järn, Fe",Flingor - frukostflingor,2.5,mg
2032,Frukostflingor müsli flingblandning fullkorn m. frukt nötter  ,Energi (kJ),Flingor - frukostflingor,1583.0,kJ
2032,Frukostflingor müsli flingblandning fullkorn m. frukt nötter  ,Energi (kcal),Flingor - frukostflingor,378.0,kcal
2032,Frukostflingor müsli flingblandning fullkorn m. frukt nötter  ,Disackarider,Flingor - frukostflingor,2.6,g
2032,Frukostflingor müsli flingblandning fullkorn m. frukt nötter  ,"Kalcium, Ca",Flingor - frukostflingor,27.0,mg
2032,Frukostflingor müsli flingblandning fullkorn m. frukt nötter  ,Fettsyra 4:0-10:0,Flingor - frukostflingor,0.0,g
2032,Frukostflingor müsli flingblandning fullkorn m. frukt nötter  ,DHA (C22:6),Flingor - frukostflingor,0.0,g
2032,Frukostflingor müsli flingblandning fullkorn m. frukt nötter  ,DPA (C22:5),Flingor - frukostflingor,0.0,g
2032,Frukostflingor müsli flingblandning fullkorn m. frukt nötter  ,EPA (C20:5),Flingor - frukostflingor,0.0,g
2032,Frukostflingor müsli flingblandning fullkorn m. frukt nötter  ,Arakidonsyra C20:4,Flingor - frukostflingor,0.0,g
2032,Frukostflingor müsli flingblandning fullkorn m. frukt nötter  ,Arakidinsyra C20:0,Flingor - frukostflingor,0.0,g
2032,Frukostflingor müsli flingblandning fullkorn m. frukt nötter  ,Linolensyra C18:3,Flingor - frukostflingor,0.1,g
2032,Frukostflingor müsli flingblandning fullkorn m. frukt nötter  ,Linolsyra C18:2,Flingor - frukostflingor,1.7,g
2032,Frukostflingor müsli flingblandning fullkorn m. frukt nötter  ,Oljesyra C18:1,Flingor - frukostflingor,2.9,g
2032,Frukostflingor müsli flingblandning fullkorn m. frukt nötter  ,Stearinsyra C18:0,Flingor - frukostflingor,0.1,g
2032,Frukostflingor müsli flingblandning fullkorn m. frukt nötter  ,Palmitoljesyra C16:1,Flingor - frukostflingor,0.0,g
2032,Frukostflingor müsli flingblandning fullkorn m. frukt nötter  ,Palmitinsyra C16:0,Flingor - frukostflingor,0.6,g
2032,Frukostflingor müsli flingblandning fullkorn m. frukt nötter  ,Myristinsyra C14:0,Flingor - frukostflingor,0.1,g
2032,Frukostflingor müsli flingblandning fullkorn m. frukt nötter  ,Laurinsyra C12:0,Flingor - frukostflingor,0.2,g
2032,Frukostflingor müsli flingblandning fullkorn m. frukt nötter  ,Betakaroten/β-Karoten,Flingor - frukostflingor,0.0,µg
2032,Frukostflingor müsli flingblandning fullkorn m. frukt nötter  ,Avfall (skal etc.),Flingor - frukostflingor,0.0,%
2032,Frukostflingor müsli flingblandning fullkorn m. frukt nötter  ,Aska,Flingor - frukostflingor,1.5,g
2032,Frukostflingor müsli flingblandning fullkorn m. frukt nötter  ,Alkohol,Flingor - frukostflingor,0.0,g
2033,Frukostflingor müsli fullkorn m. frukt banan,"Zink, Zn",Flingor - frukostflingor,2.4,mg
2033,Frukostflingor müsli fullkorn m. frukt banan,Vitamin E,Flingor - frukostflingor,0.6,mg
2033,Frukostflingor müsli fullkorn m. frukt banan,Vitamin D inkl 25-OH-D3,Flingor - frukostflingor,0.0,µg
2033,Frukostflingor müsli fullkorn m. frukt banan,Vitamin D,Flingor - frukostflingor,0.0,µg
2033,Frukostflingor müsli fullkorn m. frukt banan,Vitamin C,Flingor - frukostflingor,0.0,mg
2033,Frukostflingor müsli fullkorn m. frukt banan,Vitamin B6,Flingor - frukostflingor,0.3,mg
2033,Frukostflingor müsli fullkorn m. frukt banan,Vitamin B12,Flingor - frukostflingor,0.0,µg
2033,Frukostflingor müsli fullkorn m. frukt banan,Vitamin A,Flingor - frukostflingor,1.1,RE/µg
2033,Frukostflingor müsli fullkorn m. frukt banan,Vatten,Flingor - frukostflingor,7.2,g
2033,Frukostflingor müsli fullkorn m. frukt banan,Tiamin,Flingor - frukostflingor,0.21,mg
2033,Frukostflingor müsli fullkorn m. frukt banan,Tillsatt socker,Flingor - frukostflingor,6.0,g
2033,Frukostflingor müsli fullkorn m. frukt banan,Fritt socker,Flingor - frukostflingor,6.0,g
2033,Frukostflingor müsli fullkorn m. frukt banan,"Selen, Se",Flingor - frukostflingor,1.5,µg
2033,Frukostflingor müsli fullkorn m. frukt banan,Sackaros,Flingor - frukostflingor,3.1,g
2033,Frukostflingor müsli fullkorn m. frukt banan,Riboflavin,Flingor - frukostflingor,0.06,mg
2033,Frukostflingor müsli fullkorn m. frukt banan,Retinol,Flingor - frukostflingor,0.0,µg
2033,Frukostflingor müsli fullkorn m. frukt banan,Protein,Flingor - frukostflingor,8.2,g
2033,Frukostflingor müsli fullkorn m. frukt banan,Summa fleromättade fettsyror,Flingor - frukostflingor,1.2,g
2033,Frukostflingor müsli fullkorn m. frukt banan,"Fosfor, P",Flingor - frukostflingor,286.0,mg
2033,Frukostflingor müsli fullkorn m. frukt banan,Niacinekvivalenter,Flingor - frukostflingor,4.0,NE/mg
2033,Frukostflingor müsli fullkorn m. frukt banan,Niacin,Flingor - frukostflingor,2.67,mg
2033,Frukostflingor müsli fullkorn m. frukt banan,"Salt, NaCl",Flingor - frukostflingor,0.4,g
2033,Frukostflingor müsli fullkorn m. frukt banan,"Natrium, Na",Flingor - frukostflingor,156.0,mg
2033,Frukostflingor müsli fullkorn m. frukt banan,Monosackarider,Flingor - frukostflingor,5.7,g
2033,Frukostflingor müsli fullkorn m. frukt banan,"Sockerarter, totalt",Flingor - frukostflingor,9.2,g
2033,Frukostflingor müsli fullkorn m. frukt banan,Summa enkelomättade fettsyror,Flingor - frukostflingor,1.0,g
2033,Frukostflingor müsli fullkorn m. frukt banan,"Magnesium, Mg",Flingor - frukostflingor,94.0,mg
2033,Frukostflingor müsli fullkorn m. frukt banan,Summa mättade fettsyror,Flingor - frukostflingor,2.9,g
2033,Frukostflingor müsli fullkorn m. frukt banan,"Kolhydrater, tillgängliga",Flingor - frukostflingor,65.2,g
2033,Frukostflingor müsli fullkorn m. frukt banan,Kolesterol,Flingor - frukostflingor,0.0,mg
2033,Frukostflingor müsli fullkorn m. frukt banan,"Kalium, K",Flingor - frukostflingor,451.0,mg
2033,Frukostflingor müsli fullkorn m. frukt banan,"Jod, I",Flingor - frukostflingor,0.0,µg
2033,Frukostflingor müsli fullkorn m. frukt banan,Fullkorn totalt,Flingor - frukostflingor,80.0,g
2033,Frukostflingor müsli fullkorn m. frukt banan,"Folat, totalt",Flingor - frukostflingor,30.7,µg
2033,Frukostflingor müsli fullkorn m. frukt banan,Fibrer,Flingor - frukostflingor,10.7,g
2033,Frukostflingor müsli fullkorn m. frukt banan,"Fett, totalt",Flingor - frukostflingor,7.0,g
2033,Frukostflingor müsli fullkorn m. frukt banan,"Järn, Fe",Flingor - frukostflingor,3.1,mg
2033,Frukostflingor müsli fullkorn m. frukt banan,Energi (kJ),Flingor - frukostflingor,1594.0,kJ
2033,Frukostflingor müsli fullkorn m. frukt banan,Energi (kcal),Flingor - frukostflingor,381.0,kcal
2033,Frukostflingor müsli fullkorn m. frukt banan,Disackarider,Flingor - frukostflingor,3.5,g
2033,Frukostflingor müsli fullkorn m. frukt banan,"Kalcium, Ca",Flingor - frukostflingor,24.0,mg
2033,Frukostflingor müsli fullkorn m. frukt banan,Fettsyra 4:0-10:0,Flingor - frukostflingor,0.3,g
2033,Frukostflingor müsli fullkorn m. frukt banan,DHA (C22:6),Flingor - frukostflingor,0.0,g
2033,Frukostflingor müsli fullkorn m. frukt banan,DPA (C22:5),Flingor - frukostflingor,0.0,g
2033,Frukostflingor müsli fullkorn m. frukt banan,EPA (C20:5),Flingor - frukostflingor,0.0,g
2033,Frukostflingor müsli fullkorn m. frukt banan,Arakidonsyra C20:4,Flingor - frukostflingor,0.0,g
2033,Frukostflingor müsli fullkorn m. frukt banan,Arakidinsyra C20:0,Flingor - frukostflingor,0.0,g
2033,Frukostflingor müsli fullkorn m. frukt banan,Linolensyra C18:3,Flingor - frukostflingor,0.1,g
2033,Frukostflingor müsli fullkorn m. frukt banan,Linolsyra C18:2,Flingor - frukostflingor,1.1,g
2033,Frukostflingor müsli fullkorn m. frukt banan,Oljesyra C18:1,Flingor - frukostflingor,0.9,g
2033,Frukostflingor müsli fullkorn m. frukt banan,Stearinsyra C18:0,Flingor - frukostflingor,0.1,g
2033,Frukostflingor müsli fullkorn m. frukt banan,Palmitoljesyra C16:1,Flingor - frukostflingor,0.0,g
2033,Frukostflingor müsli fullkorn m. frukt banan,Palmitinsyra C16:0,Flingor - frukostflingor,0.7,g
2033,Frukostflingor müsli fullkorn m. frukt banan,Myristinsyra C14:0,Flingor - frukostflingor,0.5,g
2033,Frukostflingor müsli fullkorn m. frukt banan,Laurinsyra C12:0,Flingor - frukostflingor,1.2,g
2033,Frukostflingor müsli fullkorn m. frukt banan,Betakaroten/β-Karoten,Flingor - frukostflingor,14.0,µg
2033,Frukostflingor müsli fullkorn m. frukt banan,Avfall (skal etc.),Flingor - frukostflingor,0.0,%
2033,Frukostflingor müsli fullkorn m. frukt banan,Aska,Flingor - frukostflingor,1.7,g
2033,Frukostflingor müsli fullkorn m. frukt banan,Alkohol,Flingor - frukostflingor,0.0,g
2035,Surimi fisk,"Zink, Zn",Fisk o skaldjursprodukter o rätter,0.2,mg
2035,Surimi fisk,Vitamin E,Fisk o skaldjursprodukter o rätter,0.1,mg
2035,Surimi fisk,Vitamin D,Fisk o skaldjursprodukter o rätter,0.46,µg
2035,Surimi fisk,Vitamin C,Fisk o skaldjursprodukter o rätter,0.0,mg
2035,Surimi fisk,Vitamin B6,Fisk o skaldjursprodukter o rätter,0.0,mg
2035,Surimi fisk,Vitamin B12,Fisk o skaldjursprodukter o rätter,0.37,µg
2035,Surimi fisk,Vitamin A,Fisk o skaldjursprodukter o rätter,9.0,RE/µg
2035,Surimi fisk,Vatten,Fisk o skaldjursprodukter o rätter,72.8,g
2035,Surimi fisk,Tiamin,Fisk o skaldjursprodukter o rätter,0.01,mg
2035,Surimi fisk,Tillsatt socker,Fisk o skaldjursprodukter o rätter,4.0,g
2035,Surimi fisk,Fritt socker,Fisk o skaldjursprodukter o rätter,4.0,g
2035,Surimi fisk,"Selen, Se",Fisk o skaldjursprodukter o rätter,11.1,µg
2035,Surimi fisk,Sackaros,Fisk o skaldjursprodukter o rätter,3.5,g
2035,Surimi fisk,Riboflavin,Fisk o skaldjursprodukter o rätter,0.0,mg
2035,Surimi fisk,Retinol,Fisk o skaldjursprodukter o rätter,8.4,µg
2035,Surimi fisk,Protein,Fisk o skaldjursprodukter o rätter,0.8,g
2035,Surimi fisk,Summa fleromättade fettsyror,Fisk o skaldjursprodukter o rätter,0.2,g
2035,Surimi fisk,"Fosfor, P",Fisk o skaldjursprodukter o rätter,45.0,mg
2035,Surimi fisk,Niacinekvivalenter,Fisk o skaldjursprodukter o rätter,0.2,NE/mg
2035,Surimi fisk,Niacin,Fisk o skaldjursprodukter o rätter,0.11,mg
2035,Surimi fisk,"Salt, NaCl",Fisk o skaldjursprodukter o rätter,1.5,g
2035,Surimi fisk,"Natrium, Na",Fisk o skaldjursprodukter o rätter,595.0,mg
2035,Surimi fisk,Monosackarider,Fisk o skaldjursprodukter o rätter,0.0,g
2035,Surimi fisk,"Sockerarter, totalt",Fisk o skaldjursprodukter o rätter,3.5,g
2035,Surimi fisk,Summa enkelomättade fettsyror,Fisk o skaldjursprodukter o rätter,0.2,g
2035,Surimi fisk,"Magnesium, Mg",Fisk o skaldjursprodukter o rätter,10.0,mg
2035,Surimi fisk,Summa mättade fettsyror,Fisk o skaldjursprodukter o rätter,0.1,g
2035,Surimi fisk,"Kolhydrater, tillgängliga",Fisk o skaldjursprodukter o rätter,23.5,g
2035,Surimi fisk,Kolesterol,Fisk o skaldjursprodukter o rätter,10.9,mg
2035,Surimi fisk,"Kalium, K",Fisk o skaldjursprodukter o rätter,35.0,mg
2035,Surimi fisk,"Jod, I",Fisk o skaldjursprodukter o rätter,28.6,µg
2035,Surimi fisk,Fullkorn totalt,Fisk o skaldjursprodukter o rätter,0.0,g
2035,Surimi fisk,"Folat, totalt",Fisk o skaldjursprodukter o rätter,2.4,µg
2035,Surimi fisk,Fibrer,Fisk o skaldjursprodukter o rätter,0.0,g
2035,Surimi fisk,"Fett, totalt",Fisk o skaldjursprodukter o rätter,0.7,g
2035,Surimi fisk,"Järn, Fe",Fisk o skaldjursprodukter o rätter,0.4,mg
2035,Surimi fisk,Energi (kJ),Fisk o skaldjursprodukter o rätter,439.0,kJ
2035,Surimi fisk,Energi (kcal),Fisk o skaldjursprodukter o rätter,105.0,kcal
2035,Surimi fisk,Disackarider,Fisk o skaldjursprodukter o rätter,3.5,g
2035,Surimi fisk,"Kalcium, Ca",Fisk o skaldjursprodukter o rätter,124.0,mg
2035,Surimi fisk,Fettsyra 4:0-10:0,Fisk o skaldjursprodukter o rätter,0.0,g
2035,Surimi fisk,DHA (C22:6),Fisk o skaldjursprodukter o rätter,0.0,g
2035,Surimi fisk,DPA (C22:5),Fisk o skaldjursprodukter o rätter,0.0,g
2035,Surimi fisk,EPA (C20:5),Fisk o skaldjursprodukter o rätter,0.0,g
2035,Surimi fisk,Arakidonsyra C20:4,Fisk o skaldjursprodukter o rätter,0.0,g
2035,Surimi fisk,Arakidinsyra C20:0,Fisk o skaldjursprodukter o rätter,0.0,g
2035,Surimi fisk,Linolensyra C18:3,Fisk o skaldjursprodukter o rätter,0.0,g
2035,Surimi fisk,Linolsyra C18:2,Fisk o skaldjursprodukter o rätter,0.1,g
2035,Surimi fisk,Oljesyra C18:1,Fisk o skaldjursprodukter o rätter,0.2,g
2035,Surimi fisk,Stearinsyra C18:0,Fisk o skaldjursprodukter o rätter,0.0,g
2035,Surimi fisk,Palmitoljesyra C16:1,Fisk o skaldjursprodukter o rätter,0.0,g
2035,Surimi fisk,Palmitinsyra C16:0,Fisk o skaldjursprodukter o rätter,0.1,g
2035,Surimi fisk,Myristinsyra C14:0,Fisk o skaldjursprodukter o rätter,0.0,g
2035,Surimi fisk,Laurinsyra C12:0,Fisk o skaldjursprodukter o rätter,0.0,g
2035,Surimi fisk,Betakaroten/β-Karoten,Fisk o skaldjursprodukter o rätter,5.0,µg
2035,Surimi fisk,Avfall (skal etc.),Fisk o skaldjursprodukter o rätter,0.0,%
2035,Surimi fisk,Aska,Fisk o skaldjursprodukter o rätter,2.2,g
2035,Surimi fisk,Alkohol,Fisk o skaldjursprodukter o rätter,0.0,g
2036,Matlagningsbas fett 15%,"Zink, Zn",Grädde creme fraiche,0.2,mg
2036,Matlagningsbas fett 15%,Vitamin E,Grädde creme fraiche,2.5,mg
2036,Matlagningsbas fett 15%,Vitamin D,Grädde creme fraiche,0.1,µg
2036,Matlagningsbas fett 15%,Vitamin C,Grädde creme fraiche,0.0,mg
2036,Matlagningsbas fett 15%,Vitamin B6,Grädde creme fraiche,0.01,mg
2036,Matlagningsbas fett 15%,Vitamin B12,Grädde creme fraiche,0.04,µg
2036,Matlagningsbas fett 15%,Vitamin A,Grädde creme fraiche,15.6,RE/µg
2036,Matlagningsbas fett 15%,Vatten,Grädde creme fraiche,79.4,g
2036,Matlagningsbas fett 15%,Tiamin,Grädde creme fraiche,0.01,mg
2036,Matlagningsbas fett 15%,Tillsatt socker,Grädde creme fraiche,0.0,g
2036,Matlagningsbas fett 15%,Fritt socker,Grädde creme fraiche,0.0,g
2036,Matlagningsbas fett 15%,"Selen, Se",Grädde creme fraiche,0.9,µg
2036,Matlagningsbas fett 15%,Sackaros,Grädde creme fraiche,0.5,g
2036,Matlagningsbas fett 15%,Riboflavin,Grädde creme fraiche,0.06,mg
2036,Matlagningsbas fett 15%,Retinol,Grädde creme fraiche,0.0,µg
2036,Matlagningsbas fett 15%,Protein,Grädde creme fraiche,2.0,g
2036,Matlagningsbas fett 15%,Summa fleromättade fettsyror,Grädde creme fraiche,2.9,g
2036,Matlagningsbas fett 15%,"Fosfor, P",Grädde creme fraiche,32.0,mg
2036,Matlagningsbas fett 15%,Niacinekvivalenter,Grädde creme fraiche,0.5,NE/mg
2036,Matlagningsbas fett 15%,Niacin,Grädde creme fraiche,0.03,mg
2036,Matlagningsbas fett 15%,"Salt, NaCl",Grädde creme fraiche,0.2,g
2036,Matlagningsbas fett 15%,"Natrium, Na",Grädde creme fraiche,99.0,mg
2036,Matlagningsbas fett 15%,Monosackarider,Grädde creme fraiche,0.1,g
2036,Matlagningsbas fett 15%,"Sockerarter, totalt",Grädde creme fraiche,1.8,g
2036,Matlagningsbas fett 15%,Summa enkelomättade fettsyror,Grädde creme fraiche,6.6,g
2036,Matlagningsbas fett 15%,"Magnesium, Mg",Grädde creme fraiche,3.0,mg
2036,Matlagningsbas fett 15%,Summa mättade fettsyror,Grädde creme fraiche,5.0,g
2036,Matlagningsbas fett 15%,"Kolhydrater, tillgängliga",Grädde creme fraiche,3.0,g
2036,Matlagningsbas fett 15%,Kolesterol,Grädde creme fraiche,2.0,mg
2036,Matlagningsbas fett 15%,"Kalium, K",Grädde creme fraiche,40.0,mg
2036,Matlagningsbas fett 15%,"Jod, I",Grädde creme fraiche,3.0,µg
2036,Matlagningsbas fett 15%,Fullkorn totalt,Grädde creme fraiche,0.0,g
2036,Matlagningsbas fett 15%,"Folat, totalt",Grädde creme fraiche,0.0,µg
2036,Matlagningsbas fett 15%,Fibrer,Grädde creme fraiche,0.0,g
2036,Matlagningsbas fett 15%,"Fett, totalt",Grädde creme fraiche,15.3,g
2036,Matlagningsbas fett 15%,"Järn, Fe",Grädde creme fraiche,0.0,mg
2036,Matlagningsbas fett 15%,Energi (kJ),Grädde creme fraiche,650.0,kJ
2036,Matlagningsbas fett 15%,Energi (kcal),Grädde creme fraiche,155.0,kcal
2036,Matlagningsbas fett 15%,Disackarider,Grädde creme fraiche,1.7,g
2036,Matlagningsbas fett 15%,"Kalcium, Ca",Grädde creme fraiche,31.0,mg
2036,Matlagningsbas fett 15%,Fettsyra 4:0-10:0,Grädde creme fraiche,0.0,g
2036,Matlagningsbas fett 15%,DHA (C22:6),Grädde creme fraiche,0.0,g
2036,Matlagningsbas fett 15%,DPA (C22:5),Grädde creme fraiche,0.0,g
2036,Matlagningsbas fett 15%,EPA (C20:5),Grädde creme fraiche,0.0,g
2036,Matlagningsbas fett 15%,Arakidonsyra C20:4,Grädde creme fraiche,0.0,g
2036,Matlagningsbas fett 15%,Arakidinsyra C20:0,Grädde creme fraiche,0.1,g
2036,Matlagningsbas fett 15%,Linolensyra C18:3,Grädde creme fraiche,0.9,g
2036,Matlagningsbas fett 15%,Linolsyra C18:2,Grädde creme fraiche,2.0,g
2036,Matlagningsbas fett 15%,Oljesyra C18:1,Grädde creme fraiche,6.4,g
2036,Matlagningsbas fett 15%,Stearinsyra C18:0,Grädde creme fraiche,0.7,g
2036,Matlagningsbas fett 15%,Palmitoljesyra C16:1,Grädde creme fraiche,0.0,g
2036,Matlagningsbas fett 15%,Palmitinsyra C16:0,Grädde creme fraiche,3.7,g
2036,Matlagningsbas fett 15%,Myristinsyra C14:0,Grädde creme fraiche,0.2,g
2036,Matlagningsbas fett 15%,Laurinsyra C12:0,Grädde creme fraiche,0.3,g
2036,Matlagningsbas fett 15%,Betakaroten/β-Karoten,Grädde creme fraiche,67.0,µg
2036,Matlagningsbas fett 15%,Avfall (skal etc.),Grädde creme fraiche,0.0,%
2036,Matlagningsbas fett 15%,Aska,Grädde creme fraiche,0.4,g
2036,Matlagningsbas fett 15%,Alkohol,Grädde creme fraiche,0.0,g
2037,Matlagningsbas fett 7%,"Zink, Zn",Grädde creme fraiche,0.1,mg
2037,Matlagningsbas fett 7%,Vitamin E,Grädde creme fraiche,2.5,mg
2037,Matlagningsbas fett 7%,Vitamin D,Grädde creme fraiche,0.1,µg
2037,Matlagningsbas fett 7%,Vitamin C,Grädde creme fraiche,0.0,mg
2037,Matlagningsbas fett 7%,Vitamin B6,Grädde creme fraiche,0.02,mg
2037,Matlagningsbas fett 7%,Vitamin B12,Grädde creme fraiche,0.06,µg
2037,Matlagningsbas fett 7%,Vitamin A,Grädde creme fraiche,12.9,RE/µg
2037,Matlagningsbas fett 7%,Vatten,Grädde creme fraiche,86.2,g
2037,Matlagningsbas fett 7%,Tiamin,Grädde creme fraiche,0.01,mg
2037,Matlagningsbas fett 7%,Tillsatt socker,Grädde creme fraiche,1.0,g
2037,Matlagningsbas fett 7%,Fritt socker,Grädde creme fraiche,1.0,g
2037,Matlagningsbas fett 7%,"Selen, Se",Grädde creme fraiche,0.6,µg
2037,Matlagningsbas fett 7%,Sackaros,Grädde creme fraiche,0.3,g
2037,Matlagningsbas fett 7%,Riboflavin,Grädde creme fraiche,0.07,mg
2037,Matlagningsbas fett 7%,Retinol,Grädde creme fraiche,10.0,µg
2037,Matlagningsbas fett 7%,Protein,Grädde creme fraiche,1.1,g
2037,Matlagningsbas fett 7%,Summa fleromättade fettsyror,Grädde creme fraiche,1.4,g
2037,Matlagningsbas fett 7%,"Fosfor, P",Grädde creme fraiche,30.0,mg
2037,Matlagningsbas fett 7%,Niacinekvivalenter,Grädde creme fraiche,0.3,NE/mg
2037,Matlagningsbas fett 7%,Niacin,Grädde creme fraiche,0.04,mg
2037,Matlagningsbas fett 7%,"Salt, NaCl",Grädde creme fraiche,0.0,g
2037,Matlagningsbas fett 7%,"Natrium, Na",Grädde creme fraiche,17.0,mg
2037,Matlagningsbas fett 7%,Monosackarider,Grädde creme fraiche,0.4,g
2037,Matlagningsbas fett 7%,"Sockerarter, totalt",Grädde creme fraiche,1.6,g
2037,Matlagningsbas fett 7%,Summa enkelomättade fettsyror,Grädde creme fraiche,3.1,g
2037,Matlagningsbas fett 7%,"Magnesium, Mg",Grädde creme fraiche,4.0,mg
2037,Matlagningsbas fett 7%,Summa mättade fettsyror,Grädde creme fraiche,2.3,g
2037,Matlagningsbas fett 7%,"Kolhydrater, tillgängliga",Grädde creme fraiche,5.4,g
2037,Matlagningsbas fett 7%,Kolesterol,Grädde creme fraiche,2.4,mg
2037,Matlagningsbas fett 7%,"Kalium, K",Grädde creme fraiche,58.0,mg
2037,Matlagningsbas fett 7%,"Jod, I",Grädde creme fraiche,4.0,µg
2037,Matlagningsbas fett 7%,Fullkorn totalt,Grädde creme fraiche,0.0,g
2037,Matlagningsbas fett 7%,"Folat, totalt",Grädde creme fraiche,0.0,µg
2037,Matlagningsbas fett 7%,Fibrer,Grädde creme fraiche,0.0,g
2037,Matlagningsbas fett 7%,"Fett, totalt",Grädde creme fraiche,7.1,g
2037,Matlagningsbas fett 7%,"Järn, Fe",Grädde creme fraiche,0.0,mg
2037,Matlagningsbas fett 7%,Energi (kJ),Grädde creme fraiche,373.0,kJ
2037,Matlagningsbas fett 7%,Energi (kcal),Grädde creme fraiche,89.0,kcal
2037,Matlagningsbas fett 7%,Disackarider,Grädde creme fraiche,1.2,g
2037,Matlagningsbas fett 7%,"Kalcium, Ca",Grädde creme fraiche,41.0,mg
2037,Matlagningsbas fett 7%,Fettsyra 4:0-10:0,Grädde creme fraiche,0.0,g
2037,Matlagningsbas fett 7%,DHA (C22:6),Grädde creme fraiche,0.0,g
2037,Matlagningsbas fett 7%,DPA (C22:5),Grädde creme fraiche,0.0,g
2037,Matlagningsbas fett 7%,EPA (C20:5),Grädde creme fraiche,0.0,g
2037,Matlagningsbas fett 7%,Arakidonsyra C20:4,Grädde creme fraiche,0.0,g
2037,Matlagningsbas fett 7%,Arakidinsyra C20:0,Grädde creme fraiche,0.0,g
2037,Matlagningsbas fett 7%,Linolensyra C18:3,Grädde creme fraiche,0.4,g
2037,Matlagningsbas fett 7%,Linolsyra C18:2,Grädde creme fraiche,1.0,g
2037,Matlagningsbas fett 7%,Oljesyra C18:1,Grädde creme fraiche,3.0,g
2037,Matlagningsbas fett 7%,Stearinsyra C18:0,Grädde creme fraiche,0.2,g
2037,Matlagningsbas fett 7%,Palmitoljesyra C16:1,Grädde creme fraiche,0.0,g
2037,Matlagningsbas fett 7%,Palmitinsyra C16:0,Grädde creme fraiche,1.7,g
2037,Matlagningsbas fett 7%,Myristinsyra C14:0,Grädde creme fraiche,0.1,g
2037,Matlagningsbas fett 7%,Laurinsyra C12:0,Grädde creme fraiche,0.2,g
2037,Matlagningsbas fett 7%,Betakaroten/β-Karoten,Grädde creme fraiche,34.0,µg
2037,Matlagningsbas fett 7%,Avfall (skal etc.),Grädde creme fraiche,0.0,%
2037,Matlagningsbas fett 7%,Aska,Grädde creme fraiche,0.2,g
2037,Matlagningsbas fett 7%,Alkohol,Grädde creme fraiche,0.0,g
2039,Vispgrädde ersättningsprod. mjölk olja fett 20%,"Zink, Zn",Grädde creme fraiche,0.3,mg
2039,Vispgrädde ersättningsprod. mjölk olja fett 20%,Vitamin E,Grädde creme fraiche,1.4,mg
2039,Vispgrädde ersättningsprod. mjölk olja fett 20%,Vitamin D,Grädde creme fraiche,0.13,µg
2039,Vispgrädde ersättningsprod. mjölk olja fett 20%,Vitamin C,Grädde creme fraiche,0.0,mg
2039,Vispgrädde ersättningsprod. mjölk olja fett 20%,Vitamin B6,Grädde creme fraiche,0.04,mg
2039,Vispgrädde ersättningsprod. mjölk olja fett 20%,Vitamin B12,Grädde creme fraiche,0.22,µg
2039,Vispgrädde ersättningsprod. mjölk olja fett 20%,Vitamin A,Grädde creme fraiche,23.2,RE/µg
2039,Vispgrädde ersättningsprod. mjölk olja fett 20%,Vatten,Grädde creme fraiche,71.8,g
2039,Vispgrädde ersättningsprod. mjölk olja fett 20%,Tiamin,Grädde creme fraiche,0.03,mg
2039,Vispgrädde ersättningsprod. mjölk olja fett 20%,Tillsatt socker,Grädde creme fraiche,0.0,g
2039,Vispgrädde ersättningsprod. mjölk olja fett 20%,Fritt socker,Grädde creme fraiche,0.0,g
2039,Vispgrädde ersättningsprod. mjölk olja fett 20%,"Selen, Se",Grädde creme fraiche,1.3,µg
2039,Vispgrädde ersättningsprod. mjölk olja fett 20%,Sackaros,Grädde creme fraiche,0.3,g
2039,Vispgrädde ersättningsprod. mjölk olja fett 20%,Riboflavin,Grädde creme fraiche,0.16,mg
2039,Vispgrädde ersättningsprod. mjölk olja fett 20%,Retinol,Grädde creme fraiche,0.0,µg
2039,Vispgrädde ersättningsprod. mjölk olja fett 20%,Protein,Grädde creme fraiche,2.8,g
2039,Vispgrädde ersättningsprod. mjölk olja fett 20%,Summa fleromättade fettsyror,Grädde creme fraiche,0.9,g
2039,Vispgrädde ersättningsprod. mjölk olja fett 20%,"Fosfor, P",Grädde creme fraiche,77.0,mg
2039,Vispgrädde ersättningsprod. mjölk olja fett 20%,Niacinekvivalenter,Grädde creme fraiche,0.7,NE/mg
2039,Vispgrädde ersättningsprod. mjölk olja fett 20%,Niacin,Grädde creme fraiche,0.09,mg
2039,Vispgrädde ersättningsprod. mjölk olja fett 20%,"Salt, NaCl",Grädde creme fraiche,0.1,g
2039,Vispgrädde ersättningsprod. mjölk olja fett 20%,"Natrium, Na",Grädde creme fraiche,32.0,mg
2039,Vispgrädde ersättningsprod. mjölk olja fett 20%,Monosackarider,Grädde creme fraiche,0.1,g
2039,Vispgrädde ersättningsprod. mjölk olja fett 20%,"Sockerarter, totalt",Grädde creme fraiche,4.3,g
2039,Vispgrädde ersättningsprod. mjölk olja fett 20%,Summa enkelomättade fettsyror,Grädde creme fraiche,1.7,g
2039,Vispgrädde ersättningsprod. mjölk olja fett 20%,"Magnesium, Mg",Grädde creme fraiche,9.0,mg
2039,Vispgrädde ersättningsprod. mjölk olja fett 20%,Summa mättade fettsyror,Grädde creme fraiche,16.2,g
2039,Vispgrädde ersättningsprod. mjölk olja fett 20%,"Kolhydrater, tillgängliga",Grädde creme fraiche,5.0,g
2039,Vispgrädde ersättningsprod. mjölk olja fett 20%,Kolesterol,Grädde creme fraiche,2.0,mg
2039,Vispgrädde ersättningsprod. mjölk olja fett 20%,"Kalium, K",Grädde creme fraiche,126.0,mg
2039,Vispgrädde ersättningsprod. mjölk olja fett 20%,"Jod, I",Grädde creme fraiche,12.0,µg
2039,Vispgrädde ersättningsprod. mjölk olja fett 20%,Fullkorn totalt,Grädde creme fraiche,0.0,g
2039,Vispgrädde ersättningsprod. mjölk olja fett 20%,"Folat, totalt",Grädde creme fraiche,4.3,µg
2039,Vispgrädde ersättningsprod. mjölk olja fett 20%,Fibrer,Grädde creme fraiche,0.0,g
2039,Vispgrädde ersättningsprod. mjölk olja fett 20%,"Fett, totalt",Grädde creme fraiche,19.7,g
2039,Vispgrädde ersättningsprod. mjölk olja fett 20%,"Järn, Fe",Grädde creme fraiche,0.0,mg
2039,Vispgrädde ersättningsprod. mjölk olja fett 20%,Energi (kJ),Grädde creme fraiche,861.0,kJ
2039,Vispgrädde ersättningsprod. mjölk olja fett 20%,Energi (kcal),Grädde creme fraiche,206.0,kcal
2039,Vispgrädde ersättningsprod. mjölk olja fett 20%,Disackarider,Grädde creme fraiche,4.2,g
2039,Vispgrädde ersättningsprod. mjölk olja fett 20%,"Kalcium, Ca",Grädde creme fraiche,99.0,mg
2039,Vispgrädde ersättningsprod. mjölk olja fett 20%,Fettsyra 4:0-10:0,Grädde creme fraiche,2.3,g
2039,Vispgrädde ersättningsprod. mjölk olja fett 20%,DHA (C22:6),Grädde creme fraiche,0.0,g
2039,Vispgrädde ersättningsprod. mjölk olja fett 20%,DPA (C22:5),Grädde creme fraiche,0.0,g
2039,Vispgrädde ersättningsprod. mjölk olja fett 20%,EPA (C20:5),Grädde creme fraiche,0.0,g
2039,Vispgrädde ersättningsprod. mjölk olja fett 20%,Arakidonsyra C20:4,Grädde creme fraiche,0.0,g
2039,Vispgrädde ersättningsprod. mjölk olja fett 20%,Arakidinsyra C20:0,Grädde creme fraiche,0.0,g
2039,Vispgrädde ersättningsprod. mjölk olja fett 20%,Linolensyra C18:3,Grädde creme fraiche,0.3,g
2039,Vispgrädde ersättningsprod. mjölk olja fett 20%,Linolsyra C18:2,Grädde creme fraiche,0.6,g
2039,Vispgrädde ersättningsprod. mjölk olja fett 20%,Oljesyra C18:1,Grädde creme fraiche,1.6,g
2039,Vispgrädde ersättningsprod. mjölk olja fett 20%,Stearinsyra C18:0,Grädde creme fraiche,2.0,g
2039,Vispgrädde ersättningsprod. mjölk olja fett 20%,Palmitoljesyra C16:1,Grädde creme fraiche,0.0,g
2039,Vispgrädde ersättningsprod. mjölk olja fett 20%,Palmitinsyra C16:0,Grädde creme fraiche,1.8,g
2039,Vispgrädde ersättningsprod. mjölk olja fett 20%,Myristinsyra C14:0,Grädde creme fraiche,2.8,g
2039,Vispgrädde ersättningsprod. mjölk olja fett 20%,Laurinsyra C12:0,Grädde creme fraiche,7.3,g
2039,Vispgrädde ersättningsprod. mjölk olja fett 20%,Betakaroten/β-Karoten,Grädde creme fraiche,159.0,µg
2039,Vispgrädde ersättningsprod. mjölk olja fett 20%,Avfall (skal etc.),Grädde creme fraiche,0.0,%
2039,Vispgrädde ersättningsprod. mjölk olja fett 20%,Aska,Grädde creme fraiche,0.6,g
2039,Vispgrädde ersättningsprod. mjölk olja fett 20%,Alkohol,Grädde creme fraiche,0.0,g
2040,Kaffegrädde ersättningsprod. mjölk olja fett 10%,"Zink, Zn",Grädde creme fraiche,0.4,mg
2040,Kaffegrädde ersättningsprod. mjölk olja fett 10%,Vitamin E,Grädde creme fraiche,2.6,mg
2040,Kaffegrädde ersättningsprod. mjölk olja fett 10%,Vitamin D,Grädde creme fraiche,0.21,µg
2040,Kaffegrädde ersättningsprod. mjölk olja fett 10%,Vitamin C,Grädde creme fraiche,0.0,mg
2040,Kaffegrädde ersättningsprod. mjölk olja fett 10%,Vitamin B6,Grädde creme fraiche,0.04,mg
2040,Kaffegrädde ersättningsprod. mjölk olja fett 10%,Vitamin B12,Grädde creme fraiche,0.11,µg
2040,Kaffegrädde ersättningsprod. mjölk olja fett 10%,Vitamin A,Grädde creme fraiche,13.9,RE/µg
2040,Kaffegrädde ersättningsprod. mjölk olja fett 10%,Vatten,Grädde creme fraiche,81.9,g
2040,Kaffegrädde ersättningsprod. mjölk olja fett 10%,Tiamin,Grädde creme fraiche,0.02,mg
2040,Kaffegrädde ersättningsprod. mjölk olja fett 10%,Tillsatt socker,Grädde creme fraiche,0.0,g
2040,Kaffegrädde ersättningsprod. mjölk olja fett 10%,Fritt socker,Grädde creme fraiche,0.0,g
2040,Kaffegrädde ersättningsprod. mjölk olja fett 10%,"Selen, Se",Grädde creme fraiche,1.3,µg
2040,Kaffegrädde ersättningsprod. mjölk olja fett 10%,Sackaros,Grädde creme fraiche,0.5,g
2040,Kaffegrädde ersättningsprod. mjölk olja fett 10%,Riboflavin,Grädde creme fraiche,0.15,mg
2040,Kaffegrädde ersättningsprod. mjölk olja fett 10%,Retinol,Grädde creme fraiche,10.0,µg
2040,Kaffegrädde ersättningsprod. mjölk olja fett 10%,Protein,Grädde creme fraiche,3.0,g
2040,Kaffegrädde ersättningsprod. mjölk olja fett 10%,Summa fleromättade fettsyror,Grädde creme fraiche,2.6,g
2040,Kaffegrädde ersättningsprod. mjölk olja fett 10%,"Fosfor, P",Grädde creme fraiche,106.0,mg
2040,Kaffegrädde ersättningsprod. mjölk olja fett 10%,Niacinekvivalenter,Grädde creme fraiche,0.8,NE/mg
2040,Kaffegrädde ersättningsprod. mjölk olja fett 10%,Niacin,Grädde creme fraiche,0.09,mg
2040,Kaffegrädde ersättningsprod. mjölk olja fett 10%,"Salt, NaCl",Grädde creme fraiche,0.2,g
2040,Kaffegrädde ersättningsprod. mjölk olja fett 10%,"Natrium, Na",Grädde creme fraiche,75.0,mg
2040,Kaffegrädde ersättningsprod. mjölk olja fett 10%,Monosackarider,Grädde creme fraiche,0.1,g
2040,Kaffegrädde ersättningsprod. mjölk olja fett 10%,"Sockerarter, totalt",Grädde creme fraiche,4.3,g
2040,Kaffegrädde ersättningsprod. mjölk olja fett 10%,Summa enkelomättade fettsyror,Grädde creme fraiche,5.6,g
2040,Kaffegrädde ersättningsprod. mjölk olja fett 10%,"Magnesium, Mg",Grädde creme fraiche,9.0,mg
2040,Kaffegrädde ersättningsprod. mjölk olja fett 10%,Summa mättade fettsyror,Grädde creme fraiche,1.2,g
2040,Kaffegrädde ersättningsprod. mjölk olja fett 10%,"Kolhydrater, tillgängliga",Grädde creme fraiche,4.4,g
2040,Kaffegrädde ersättningsprod. mjölk olja fett 10%,Kolesterol,Grädde creme fraiche,2.5,mg
2040,Kaffegrädde ersättningsprod. mjölk olja fett 10%,"Kalium, K",Grädde creme fraiche,139.0,mg
2040,Kaffegrädde ersättningsprod. mjölk olja fett 10%,"Jod, I",Grädde creme fraiche,14.0,µg
2040,Kaffegrädde ersättningsprod. mjölk olja fett 10%,Fullkorn totalt,Grädde creme fraiche,0.0,g
2040,Kaffegrädde ersättningsprod. mjölk olja fett 10%,"Folat, totalt",Grädde creme fraiche,4.7,µg
2040,Kaffegrädde ersättningsprod. mjölk olja fett 10%,Fibrer,Grädde creme fraiche,0.0,g
2040,Kaffegrädde ersättningsprod. mjölk olja fett 10%,"Fett, totalt",Grädde creme fraiche,9.9,g
2040,Kaffegrädde ersättningsprod. mjölk olja fett 10%,"Järn, Fe",Grädde creme fraiche,0.0,mg
2040,Kaffegrädde ersättningsprod. mjölk olja fett 10%,Energi (kJ),Grädde creme fraiche,492.0,kJ
2040,Kaffegrädde ersättningsprod. mjölk olja fett 10%,Energi (kcal),Grädde creme fraiche,118.0,kcal
2040,Kaffegrädde ersättningsprod. mjölk olja fett 10%,Disackarider,Grädde creme fraiche,4.2,g
2040,Kaffegrädde ersättningsprod. mjölk olja fett 10%,"Kalcium, Ca",Grädde creme fraiche,101.0,mg
2040,Kaffegrädde ersättningsprod. mjölk olja fett 10%,Fettsyra 4:0-10:0,Grädde creme fraiche,0.0,g
2040,Kaffegrädde ersättningsprod. mjölk olja fett 10%,DHA (C22:6),Grädde creme fraiche,0.0,g
2040,Kaffegrädde ersättningsprod. mjölk olja fett 10%,DPA (C22:5),Grädde creme fraiche,0.0,g
2040,Kaffegrädde ersättningsprod. mjölk olja fett 10%,EPA (C20:5),Grädde creme fraiche,0.0,g
2040,Kaffegrädde ersättningsprod. mjölk olja fett 10%,Arakidonsyra C20:4,Grädde creme fraiche,0.0,g
2040,Kaffegrädde ersättningsprod. mjölk olja fett 10%,Arakidinsyra C20:0,Grädde creme fraiche,0.1,g
2040,Kaffegrädde ersättningsprod. mjölk olja fett 10%,Linolensyra C18:3,Grädde creme fraiche,0.9,g
2040,Kaffegrädde ersättningsprod. mjölk olja fett 10%,Linolsyra C18:2,Grädde creme fraiche,1.8,g
2040,Kaffegrädde ersättningsprod. mjölk olja fett 10%,Oljesyra C18:1,Grädde creme fraiche,5.4,g
2040,Kaffegrädde ersättningsprod. mjölk olja fett 10%,Stearinsyra C18:0,Grädde creme fraiche,0.3,g
2040,Kaffegrädde ersättningsprod. mjölk olja fett 10%,Palmitoljesyra C16:1,Grädde creme fraiche,0.0,g
2040,Kaffegrädde ersättningsprod. mjölk olja fett 10%,Palmitinsyra C16:0,Grädde creme fraiche,0.7,g
2040,Kaffegrädde ersättningsprod. mjölk olja fett 10%,Myristinsyra C14:0,Grädde creme fraiche,0.0,g
2040,Kaffegrädde ersättningsprod. mjölk olja fett 10%,Laurinsyra C12:0,Grädde creme fraiche,0.0,g
2040,Kaffegrädde ersättningsprod. mjölk olja fett 10%,Betakaroten/β-Karoten,Grädde creme fraiche,46.0,µg
2040,Kaffegrädde ersättningsprod. mjölk olja fett 10%,Avfall (skal etc.),Grädde creme fraiche,0.0,%
2040,Kaffegrädde ersättningsprod. mjölk olja fett 10%,Aska,Grädde creme fraiche,0.7,g
2040,Kaffegrädde ersättningsprod. mjölk olja fett 10%,Alkohol,Grädde creme fraiche,0.0,g
2041,Vaniljvisp fett 12%,"Zink, Zn",Grädde creme fraiche,0.5,mg
2041,Vaniljvisp fett 12%,Vitamin E,Grädde creme fraiche,0.4,mg
2041,Vaniljvisp fett 12%,Vitamin D,Grädde creme fraiche,0.1,µg
2041,Vaniljvisp fett 12%,Vitamin C,Grädde creme fraiche,0.0,mg
2041,Vaniljvisp fett 12%,Vitamin B6,Grädde creme fraiche,0.07,mg
2041,Vaniljvisp fett 12%,Vitamin B12,Grädde creme fraiche,0.3,µg
2041,Vaniljvisp fett 12%,Vitamin A,Grädde creme fraiche,41.4,RE/µg
2041,Vaniljvisp fett 12%,Vatten,Grädde creme fraiche,63.6,g
2041,Vaniljvisp fett 12%,Tiamin,Grädde creme fraiche,0.04,mg
2041,Vaniljvisp fett 12%,Tillsatt socker,Grädde creme fraiche,10.0,g
2041,Vaniljvisp fett 12%,Fritt socker,Grädde creme fraiche,10.0,g
2041,Vaniljvisp fett 12%,"Selen, Se",Grädde creme fraiche,1.6,µg
2041,Vaniljvisp fett 12%,Sackaros,Grädde creme fraiche,7.3,g
2041,Vaniljvisp fett 12%,Riboflavin,Grädde creme fraiche,0.23,mg
2041,Vaniljvisp fett 12%,Retinol,Grädde creme fraiche,0.0,µg
2041,Vaniljvisp fett 12%,Protein,Grädde creme fraiche,4.4,g
2041,Vaniljvisp fett 12%,Summa fleromättade fettsyror,Grädde creme fraiche,0.0,g
2041,Vaniljvisp fett 12%,"Fosfor, P",Grädde creme fraiche,125.0,mg
2041,Vaniljvisp fett 12%,Niacinekvivalenter,Grädde creme fraiche,1.2,NE/mg
2041,Vaniljvisp fett 12%,Niacin,Grädde creme fraiche,0.14,mg
2041,Vaniljvisp fett 12%,"Salt, NaCl",Grädde creme fraiche,0.1,g
2041,Vaniljvisp fett 12%,"Natrium, Na",Grädde creme fraiche,50.0,mg
2041,Vaniljvisp fett 12%,Monosackarider,Grädde creme fraiche,2.4,g
2041,Vaniljvisp fett 12%,"Sockerarter, totalt",Grädde creme fraiche,15.5,g
2041,Vaniljvisp fett 12%,Summa enkelomättade fettsyror,Grädde creme fraiche,0.1,g
2041,Vaniljvisp fett 12%,"Magnesium, Mg",Grädde creme fraiche,14.0,mg
2041,Vaniljvisp fett 12%,Summa mättade fettsyror,Grädde creme fraiche,11.4,g
2041,Vaniljvisp fett 12%,"Kolhydrater, tillgängliga",Grädde creme fraiche,19.1,g
2041,Vaniljvisp fett 12%,Kolesterol,Grädde creme fraiche,4.2,mg
2041,Vaniljvisp fett 12%,"Kalium, K",Grädde creme fraiche,224.0,mg
2041,Vaniljvisp fett 12%,"Jod, I",Grädde creme fraiche,18.0,µg
2041,Vaniljvisp fett 12%,Fullkorn totalt,Grädde creme fraiche,0.0,g
2041,Vaniljvisp fett 12%,"Folat, totalt",Grädde creme fraiche,0.0,µg
2041,Vaniljvisp fett 12%,Fibrer,Grädde creme fraiche,0.0,g
2041,Vaniljvisp fett 12%,"Fett, totalt",Grädde creme fraiche,12.1,g
2041,Vaniljvisp fett 12%,"Järn, Fe",Grädde creme fraiche,0.0,mg
2041,Vaniljvisp fett 12%,Energi (kJ),Grädde creme fraiche,846.0,kJ
2041,Vaniljvisp fett 12%,Energi (kcal),Grädde creme fraiche,202.0,kcal
2041,Vaniljvisp fett 12%,Disackarider,Grädde creme fraiche,13.1,g
2041,Vaniljvisp fett 12%,"Kalcium, Ca",Grädde creme fraiche,159.0,mg
2041,Vaniljvisp fett 12%,Fettsyra 4:0-10:0,Grädde creme fraiche,1.5,g
2041,Vaniljvisp fett 12%,DHA (C22:6),Grädde creme fraiche,0.0,g
2041,Vaniljvisp fett 12%,DPA (C22:5),Grädde creme fraiche,0.0,g
2041,Vaniljvisp fett 12%,EPA (C20:5),Grädde creme fraiche,0.0,g
2041,Vaniljvisp fett 12%,Arakidonsyra C20:4,Grädde creme fraiche,0.0,g
2041,Vaniljvisp fett 12%,Arakidinsyra C20:0,Grädde creme fraiche,0.0,g
2041,Vaniljvisp fett 12%,Linolensyra C18:3,Grädde creme fraiche,0.0,g
2041,Vaniljvisp fett 12%,Linolsyra C18:2,Grädde creme fraiche,0.0,g
2041,Vaniljvisp fett 12%,Oljesyra C18:1,Grädde creme fraiche,0.1,g
2041,Vaniljvisp fett 12%,Stearinsyra C18:0,Grädde creme fraiche,1.2,g
2041,Vaniljvisp fett 12%,Palmitoljesyra C16:1,Grädde creme fraiche,0.0,g
2041,Vaniljvisp fett 12%,Palmitinsyra C16:0,Grädde creme fraiche,1.8,g
2041,Vaniljvisp fett 12%,Myristinsyra C14:0,Grädde creme fraiche,1.8,g
2041,Vaniljvisp fett 12%,Laurinsyra C12:0,Grädde creme fraiche,4.9,g
2041,Vaniljvisp fett 12%,Betakaroten/β-Karoten,Grädde creme fraiche,376.0,µg
2041,Vaniljvisp fett 12%,Avfall (skal etc.),Grädde creme fraiche,0.0,%
2041,Vaniljvisp fett 12%,Aska,Grädde creme fraiche,0.9,g
2041,Vaniljvisp fett 12%,Alkohol,Grädde creme fraiche,0.0,g
2043,Crème fraiche smaksatt fett 13%,"Zink, Zn",Grädde creme fraiche,0.3,mg
2043,Crème fraiche smaksatt fett 13%,Vitamin E,Grädde creme fraiche,0.8,mg
2043,Crème fraiche smaksatt fett 13%,Vitamin D,Grädde creme fraiche,0.1,µg
2043,Crème fraiche smaksatt fett 13%,Vitamin C,Grädde creme fraiche,0.0,mg
2043,Crème fraiche smaksatt fett 13%,Vitamin B6,Grädde creme fraiche,0.07,mg
2043,Crème fraiche smaksatt fett 13%,Vitamin B12,Grädde creme fraiche,0.18,µg
2043,Crème fraiche smaksatt fett 13%,Vitamin A,Grädde creme fraiche,132.8,RE/µg
2043,Crème fraiche smaksatt fett 13%,Vatten,Grädde creme fraiche,75.7,g
2043,Crème fraiche smaksatt fett 13%,Tiamin,Grädde creme fraiche,0.03,mg
2043,Crème fraiche smaksatt fett 13%,Tillsatt socker,Grädde creme fraiche,1.0,g
2043,Crème fraiche smaksatt fett 13%,Fritt socker,Grädde creme fraiche,1.0,g
2043,Crème fraiche smaksatt fett 13%,"Selen, Se",Grädde creme fraiche,1.1,µg
2043,Crème fraiche smaksatt fett 13%,Sackaros,Grädde creme fraiche,0.4,g
2043,Crème fraiche smaksatt fett 13%,Riboflavin,Grädde creme fraiche,0.15,mg
2043,Crème fraiche smaksatt fett 13%,Retinol,Grädde creme fraiche,119.0,µg
2043,Crème fraiche smaksatt fett 13%,Protein,Grädde creme fraiche,2.9,g
2043,Crème fraiche smaksatt fett 13%,Summa fleromättade fettsyror,Grädde creme fraiche,0.5,g
2043,Crème fraiche smaksatt fett 13%,"Fosfor, P",Grädde creme fraiche,74.0,mg
2043,Crème fraiche smaksatt fett 13%,Niacinekvivalenter,Grädde creme fraiche,0.9,NE/mg
2043,Crème fraiche smaksatt fett 13%,Niacin,Grädde creme fraiche,0.19,mg
2043,Crème fraiche smaksatt fett 13%,"Salt, NaCl",Grädde creme fraiche,1.0,g
2043,Crème fraiche smaksatt fett 13%,"Natrium, Na",Grädde creme fraiche,380.0,mg
2043,Crème fraiche smaksatt fett 13%,Monosackarider,Grädde creme fraiche,1.0,g
2043,Crème fraiche smaksatt fett 13%,"Sockerarter, totalt",Grädde creme fraiche,4.0,g
2043,Crème fraiche smaksatt fett 13%,Summa enkelomättade fettsyror,Grädde creme fraiche,3.1,g
2043,Crème fraiche smaksatt fett 13%,"Magnesium, Mg",Grädde creme fraiche,11.0,mg
2043,Crème fraiche smaksatt fett 13%,Summa mättade fettsyror,Grädde creme fraiche,8.7,g
2043,Crème fraiche smaksatt fett 13%,"Kolhydrater, tillgängliga",Grädde creme fraiche,6.7,g
2043,Crème fraiche smaksatt fett 13%,Kolesterol,Grädde creme fraiche,36.3,mg
2043,Crème fraiche smaksatt fett 13%,"Kalium, K",Grädde creme fraiche,159.0,mg
2043,Crème fraiche smaksatt fett 13%,"Jod, I",Grädde creme fraiche,8.0,µg
2043,Crème fraiche smaksatt fett 13%,Fullkorn totalt,Grädde creme fraiche,0.0,g
2043,Crème fraiche smaksatt fett 13%,"Folat, totalt",Grädde creme fraiche,13.3,µg
2043,Crème fraiche smaksatt fett 13%,Fibrer,Grädde creme fraiche,0.0,g
2043,Crème fraiche smaksatt fett 13%,"Fett, totalt",Grädde creme fraiche,13.2,g
2043,Crème fraiche smaksatt fett 13%,"Järn, Fe",Grädde creme fraiche,0.4,mg
2043,Crème fraiche smaksatt fett 13%,Energi (kJ),Grädde creme fraiche,652.0,kJ
2043,Crème fraiche smaksatt fett 13%,Energi (kcal),Grädde creme fraiche,156.0,kcal
2043,Crème fraiche smaksatt fett 13%,Disackarider,Grädde creme fraiche,3.0,g
2043,Crème fraiche smaksatt fett 13%,"Kalcium, Ca",Grädde creme fraiche,88.0,mg
2043,Crème fraiche smaksatt fett 13%,Fettsyra 4:0-10:0,Grädde creme fraiche,1.1,g
2043,Crème fraiche smaksatt fett 13%,DHA (C22:6),Grädde creme fraiche,0.0,g
2043,Crème fraiche smaksatt fett 13%,DPA (C22:5),Grädde creme fraiche,0.0,g
2043,Crème fraiche smaksatt fett 13%,EPA (C20:5),Grädde creme fraiche,0.0,g
2043,Crème fraiche smaksatt fett 13%,Arakidonsyra C20:4,Grädde creme fraiche,0.0,g
2043,Crème fraiche smaksatt fett 13%,Arakidinsyra C20:0,Grädde creme fraiche,0.0,g
2043,Crème fraiche smaksatt fett 13%,Linolensyra C18:3,Grädde creme fraiche,0.1,g
2043,Crème fraiche smaksatt fett 13%,Linolsyra C18:2,Grädde creme fraiche,0.4,g
2043,Crème fraiche smaksatt fett 13%,Oljesyra C18:1,Grädde creme fraiche,2.7,g
2043,Crème fraiche smaksatt fett 13%,Stearinsyra C18:0,Grädde creme fraiche,1.3,g
2043,Crème fraiche smaksatt fett 13%,Palmitoljesyra C16:1,Grädde creme fraiche,0.2,g
2043,Crème fraiche smaksatt fett 13%,Palmitinsyra C16:0,Grädde creme fraiche,4.0,g
2043,Crème fraiche smaksatt fett 13%,Myristinsyra C14:0,Grädde creme fraiche,1.4,g
2043,Crème fraiche smaksatt fett 13%,Laurinsyra C12:0,Grädde creme fraiche,0.5,g
2043,Crème fraiche smaksatt fett 13%,Betakaroten/β-Karoten,Grädde creme fraiche,143.0,µg
2043,Crème fraiche smaksatt fett 13%,Avfall (skal etc.),Grädde creme fraiche,0.0,%
2043,Crème fraiche smaksatt fett 13%,Aska,Grädde creme fraiche,1.5,g
2043,Crème fraiche smaksatt fett 13%,Alkohol,Grädde creme fraiche,0.0,g
2044,Crème fraiche smaksatt fett 28%,"Zink, Zn",Grädde creme fraiche,0.2,mg
2044,Crème fraiche smaksatt fett 28%,Vitamin E,Grädde creme fraiche,0.8,mg
2044,Crème fraiche smaksatt fett 28%,Vitamin D,Grädde creme fraiche,0.1,µg
2044,Crème fraiche smaksatt fett 28%,Vitamin C,Grädde creme fraiche,0.0,mg
2044,Crème fraiche smaksatt fett 28%,Vitamin B6,Grädde creme fraiche,0.04,mg
2044,Crème fraiche smaksatt fett 28%,Vitamin B12,Grädde creme fraiche,0.1,µg
2044,Crème fraiche smaksatt fett 28%,Vitamin A,Grädde creme fraiche,279.6,RE/µg
2044,Crème fraiche smaksatt fett 28%,Vatten,Grädde creme fraiche,63.8,g
2044,Crème fraiche smaksatt fett 28%,Tiamin,Grädde creme fraiche,0.02,mg
2044,Crème fraiche smaksatt fett 28%,Tillsatt socker,Grädde creme fraiche,1.0,g
2044,Crème fraiche smaksatt fett 28%,Fritt socker,Grädde creme fraiche,1.0,g
2044,Crème fraiche smaksatt fett 28%,"Selen, Se",Grädde creme fraiche,1.0,µg
2044,Crème fraiche smaksatt fett 28%,Sackaros,Grädde creme fraiche,0.4,g
2044,Crème fraiche smaksatt fett 28%,Riboflavin,Grädde creme fraiche,0.13,mg
2044,Crème fraiche smaksatt fett 28%,Retinol,Grädde creme fraiche,269.0,µg
2044,Crème fraiche smaksatt fett 28%,Protein,Grädde creme fraiche,2.0,g
2044,Crème fraiche smaksatt fett 28%,Summa fleromättade fettsyror,Grädde creme fraiche,1.1,g
2044,Crème fraiche smaksatt fett 28%,"Fosfor, P",Grädde creme fraiche,55.0,mg
2044,Crème fraiche smaksatt fett 28%,Niacinekvivalenter,Grädde creme fraiche,0.6,NE/mg
2044,Crème fraiche smaksatt fett 28%,Niacin,Grädde creme fraiche,0.12,mg
2044,Crème fraiche smaksatt fett 28%,"Salt, NaCl",Grädde creme fraiche,1.2,g
2044,Crème fraiche smaksatt fett 28%,"Natrium, Na",Grädde creme fraiche,492.0,mg
2044,Crème fraiche smaksatt fett 28%,Monosackarider,Grädde creme fraiche,0.6,g
2044,Crème fraiche smaksatt fett 28%,"Sockerarter, totalt",Grädde creme fraiche,3.2,g
2044,Crème fraiche smaksatt fett 28%,Summa enkelomättade fettsyror,Grädde creme fraiche,6.8,g
2044,Crème fraiche smaksatt fett 28%,"Magnesium, Mg",Grädde creme fraiche,8.0,mg
2044,Crème fraiche smaksatt fett 28%,Summa mättade fettsyror,Grädde creme fraiche,18.4,g
2044,Crème fraiche smaksatt fett 28%,"Kolhydrater, tillgängliga",Grädde creme fraiche,4.4,g
2044,Crème fraiche smaksatt fett 28%,Kolesterol,Grädde creme fraiche,80.4,mg
2044,Crème fraiche smaksatt fett 28%,"Kalium, K",Grädde creme fraiche,128.0,mg
2044,Crème fraiche smaksatt fett 28%,"Jod, I",Grädde creme fraiche,4.0,µg
2044,Crème fraiche smaksatt fett 28%,Fullkorn totalt,Grädde creme fraiche,0.0,g
2044,Crème fraiche smaksatt fett 28%,"Folat, totalt",Grädde creme fraiche,8.1,µg
2044,Crème fraiche smaksatt fett 28%,Fibrer,Grädde creme fraiche,0.0,g
2044,Crème fraiche smaksatt fett 28%,"Fett, totalt",Grädde creme fraiche,28.1,g
2044,Crème fraiche smaksatt fett 28%,"Järn, Fe",Grädde creme fraiche,0.2,mg
2044,Crème fraiche smaksatt fett 28%,Energi (kJ),Grädde creme fraiche,1149.0,kJ
2044,Crème fraiche smaksatt fett 28%,Energi (kcal),Grädde creme fraiche,275.0,kcal
2044,Crème fraiche smaksatt fett 28%,Disackarider,Grädde creme fraiche,2.6,g
2044,Crème fraiche smaksatt fett 28%,"Kalcium, Ca",Grädde creme fraiche,52.0,mg
2044,Crème fraiche smaksatt fett 28%,Fettsyra 4:0-10:0,Grädde creme fraiche,2.3,g
2044,Crème fraiche smaksatt fett 28%,DHA (C22:6),Grädde creme fraiche,0.0,g
2044,Crème fraiche smaksatt fett 28%,DPA (C22:5),Grädde creme fraiche,0.0,g
2044,Crème fraiche smaksatt fett 28%,EPA (C20:5),Grädde creme fraiche,0.0,g
2044,Crème fraiche smaksatt fett 28%,Arakidonsyra C20:4,Grädde creme fraiche,0.0,g
2044,Crème fraiche smaksatt fett 28%,Arakidinsyra C20:0,Grädde creme fraiche,0.0,g
2044,Crème fraiche smaksatt fett 28%,Linolensyra C18:3,Grädde creme fraiche,0.2,g
2044,Crème fraiche smaksatt fett 28%,Linolsyra C18:2,Grädde creme fraiche,0.7,g
2044,Crème fraiche smaksatt fett 28%,Oljesyra C18:1,Grädde creme fraiche,5.8,g
2044,Crème fraiche smaksatt fett 28%,Stearinsyra C18:0,Grädde creme fraiche,2.7,g
2044,Crème fraiche smaksatt fett 28%,Palmitoljesyra C16:1,Grädde creme fraiche,0.4,g
2044,Crème fraiche smaksatt fett 28%,Palmitinsyra C16:0,Grädde creme fraiche,8.6,g
2044,Crème fraiche smaksatt fett 28%,Myristinsyra C14:0,Grädde creme fraiche,3.0,g
2044,Crème fraiche smaksatt fett 28%,Laurinsyra C12:0,Grädde creme fraiche,1.0,g
2044,Crème fraiche smaksatt fett 28%,Betakaroten/β-Karoten,Grädde creme fraiche,127.0,µg
2044,Crème fraiche smaksatt fett 28%,Avfall (skal etc.),Grädde creme fraiche,0.0,%
2044,Crème fraiche smaksatt fett 28%,Aska,Grädde creme fraiche,1.6,g
2044,Crème fraiche smaksatt fett 28%,Alkohol,Grädde creme fraiche,0.0,g
2046,Mini fraiche fett 5%,"Zink, Zn",Grädde creme fraiche,0.4,mg
2046,Mini fraiche fett 5%,Vitamin E,Grädde creme fraiche,0.1,mg
2046,Mini fraiche fett 5%,Vitamin D,Grädde creme fraiche,0.1,µg
2046,Mini fraiche fett 5%,Vitamin C,Grädde creme fraiche,0.0,mg
2046,Mini fraiche fett 5%,Vitamin B6,Grädde creme fraiche,0.04,mg
2046,Mini fraiche fett 5%,Vitamin B12,Grädde creme fraiche,0.33,µg
2046,Mini fraiche fett 5%,Vitamin A,Grädde creme fraiche,51.3,RE/µg
2046,Mini fraiche fett 5%,Vatten,Grädde creme fraiche,84.6,g
2046,Mini fraiche fett 5%,Tiamin,Grädde creme fraiche,0.04,mg
2046,Mini fraiche fett 5%,Tillsatt socker,Grädde creme fraiche,0.0,g
2046,Mini fraiche fett 5%,Fritt socker,Grädde creme fraiche,0.0,g
2046,Mini fraiche fett 5%,"Selen, Se",Grädde creme fraiche,1.5,µg
2046,Mini fraiche fett 5%,Sackaros,Grädde creme fraiche,0.0,g
2046,Mini fraiche fett 5%,Riboflavin,Grädde creme fraiche,0.16,mg
2046,Mini fraiche fett 5%,Retinol,Grädde creme fraiche,49.5,µg
2046,Mini fraiche fett 5%,Protein,Grädde creme fraiche,3.8,g
2046,Mini fraiche fett 5%,Summa fleromättade fettsyror,Grädde creme fraiche,0.2,g
2046,Mini fraiche fett 5%,"Fosfor, P",Grädde creme fraiche,96.0,mg
2046,Mini fraiche fett 5%,Niacinekvivalenter,Grädde creme fraiche,1.0,NE/mg
2046,Mini fraiche fett 5%,Niacin,Grädde creme fraiche,0.1,mg
2046,Mini fraiche fett 5%,"Salt, NaCl",Grädde creme fraiche,0.1,g
2046,Mini fraiche fett 5%,"Natrium, Na",Grädde creme fraiche,42.0,mg
2046,Mini fraiche fett 5%,Monosackarider,Grädde creme fraiche,0.1,g
2046,Mini fraiche fett 5%,"Sockerarter, totalt",Grädde creme fraiche,3.8,g
2046,Mini fraiche fett 5%,Summa enkelomättade fettsyror,Grädde creme fraiche,1.2,g
2046,Mini fraiche fett 5%,"Magnesium, Mg",Grädde creme fraiche,11.0,mg
2046,Mini fraiche fett 5%,Summa mättade fettsyror,Grädde creme fraiche,3.3,g
2046,Mini fraiche fett 5%,"Kolhydrater, tillgängliga",Grädde creme fraiche,5.7,g
2046,Mini fraiche fett 5%,Kolesterol,Grädde creme fraiche,16.8,mg
2046,Mini fraiche fett 5%,"Kalium, K",Grädde creme fraiche,167.0,mg
2046,Mini fraiche fett 5%,"Jod, I",Grädde creme fraiche,7.0,µg
2046,Mini fraiche fett 5%,Fullkorn totalt,Grädde creme fraiche,0.0,g
2046,Mini fraiche fett 5%,"Folat, totalt",Grädde creme fraiche,12.5,µg
2046,Mini fraiche fett 5%,Fibrer,Grädde creme fraiche,0.0,g
2046,Mini fraiche fett 5%,"Fett, totalt",Grädde creme fraiche,5.2,g
2046,Mini fraiche fett 5%,"Järn, Fe",Grädde creme fraiche,0.0,mg
2046,Mini fraiche fett 5%,Energi (kJ),Grädde creme fraiche,353.0,kJ
2046,Mini fraiche fett 5%,Energi (kcal),Grädde creme fraiche,84.0,kcal
2046,Mini fraiche fett 5%,Disackarider,Grädde creme fraiche,3.7,g
2046,Mini fraiche fett 5%,"Kalcium, Ca",Grädde creme fraiche,114.0,mg
2046,Mini fraiche fett 5%,Fettsyra 4:0-10:0,Grädde creme fraiche,0.4,g
2046,Mini fraiche fett 5%,DHA (C22:6),Grädde creme fraiche,0.0,g
2046,Mini fraiche fett 5%,DPA (C22:5),Grädde creme fraiche,0.0,g
2046,Mini fraiche fett 5%,EPA (C20:5),Grädde creme fraiche,0.0,g
2046,Mini fraiche fett 5%,Arakidonsyra C20:4,Grädde creme fraiche,0.0,g
2046,Mini fraiche fett 5%,Arakidinsyra C20:0,Grädde creme fraiche,0.0,g
2046,Mini fraiche fett 5%,Linolensyra C18:3,Grädde creme fraiche,0.0,g
2046,Mini fraiche fett 5%,Linolsyra C18:2,Grädde creme fraiche,0.1,g
2046,Mini fraiche fett 5%,Oljesyra C18:1,Grädde creme fraiche,1.0,g
2046,Mini fraiche fett 5%,Stearinsyra C18:0,Grädde creme fraiche,0.5,g
2046,Mini fraiche fett 5%,Palmitoljesyra C16:1,Grädde creme fraiche,0.1,g
2046,Mini fraiche fett 5%,Palmitinsyra C16:0,Grädde creme fraiche,1.6,g
2046,Mini fraiche fett 5%,Myristinsyra C14:0,Grädde creme fraiche,0.5,g
2046,Mini fraiche fett 5%,Laurinsyra C12:0,Grädde creme fraiche,0.2,g
2046,Mini fraiche fett 5%,Betakaroten/β-Karoten,Grädde creme fraiche,22.0,µg
2046,Mini fraiche fett 5%,Avfall (skal etc.),Grädde creme fraiche,0.0,%
2046,Mini fraiche fett 5%,Aska,Grädde creme fraiche,0.7,g
2046,Mini fraiche fett 5%,Alkohol,Grädde creme fraiche,0.0,g
2048,"Filmjölk naturell fett 4,2%","Zink, Zn",Naturell fil yoghurt,0.4,mg
2048,"Filmjölk naturell fett 4,2%",Vitamin E,Naturell fil yoghurt,0.1,mg
2048,"Filmjölk naturell fett 4,2%",Vitamin D,Naturell fil yoghurt,0.1,µg
2048,"Filmjölk naturell fett 4,2%",Vitamin C,Naturell fil yoghurt,0.0,mg
2048,"Filmjölk naturell fett 4,2%",Vitamin B6,Naturell fil yoghurt,0.04,mg
2048,"Filmjölk naturell fett 4,2%",Vitamin B12,Naturell fil yoghurt,0.34,µg
2048,"Filmjölk naturell fett 4,2%",Vitamin A,Naturell fil yoghurt,46.3,RE/µg
2048,"Filmjölk naturell fett 4,2%",Vatten,Naturell fil yoghurt,87.4,g
2048,"Filmjölk naturell fett 4,2%",Tiamin,Naturell fil yoghurt,0.04,mg
2048,"Filmjölk naturell fett 4,2%",Tillsatt socker,Naturell fil yoghurt,0.0,g
2048,"Filmjölk naturell fett 4,2%",Fritt socker,Naturell fil yoghurt,0.0,g
2048,"Filmjölk naturell fett 4,2%","Selen, Se",Naturell fil yoghurt,1.3,µg
2048,"Filmjölk naturell fett 4,2%",Sackaros,Naturell fil yoghurt,0.0,g
2048,"Filmjölk naturell fett 4,2%",Riboflavin,Naturell fil yoghurt,0.16,mg
2048,"Filmjölk naturell fett 4,2%",Retinol,Naturell fil yoghurt,44.8,µg
2048,"Filmjölk naturell fett 4,2%",Protein,Naturell fil yoghurt,3.5,g
2048,"Filmjölk naturell fett 4,2%",Summa fleromättade fettsyror,Naturell fil yoghurt,0.1,g
2048,"Filmjölk naturell fett 4,2%","Fosfor, P",Naturell fil yoghurt,93.0,mg
2048,"Filmjölk naturell fett 4,2%",Niacinekvivalenter,Naturell fil yoghurt,0.9,NE/mg
2048,"Filmjölk naturell fett 4,2%",Niacin,Naturell fil yoghurt,0.09,mg
2048,"Filmjölk naturell fett 4,2%","Salt, NaCl",Naturell fil yoghurt,0.1,g
2048,"Filmjölk naturell fett 4,2%","Natrium, Na",Naturell fil yoghurt,38.0,mg
2048,"Filmjölk naturell fett 4,2%",Monosackarider,Naturell fil yoghurt,0.1,g
2048,"Filmjölk naturell fett 4,2%","Sockerarter, totalt",Naturell fil yoghurt,3.6,g
2048,"Filmjölk naturell fett 4,2%",Summa enkelomättade fettsyror,Naturell fil yoghurt,1.0,g
2048,"Filmjölk naturell fett 4,2%","Magnesium, Mg",Naturell fil yoghurt,12.0,mg
2048,"Filmjölk naturell fett 4,2%",Summa mättade fettsyror,Naturell fil yoghurt,2.7,g
2048,"Filmjölk naturell fett 4,2%","Kolhydrater, tillgängliga",Naturell fil yoghurt,4.2,g
2048,"Filmjölk naturell fett 4,2%",Kolesterol,Naturell fil yoghurt,16.1,mg
2048,"Filmjölk naturell fett 4,2%","Kalium, K",Naturell fil yoghurt,170.0,mg
2048,"Filmjölk naturell fett 4,2%","Jod, I",Naturell fil yoghurt,4.0,µg
2048,"Filmjölk naturell fett 4,2%",Fullkorn totalt,Naturell fil yoghurt,0.0,g
2048,"Filmjölk naturell fett 4,2%","Folat, totalt",Naturell fil yoghurt,12.3,µg
2048,"Filmjölk naturell fett 4,2%",Fibrer,Naturell fil yoghurt,0.0,g
2048,"Filmjölk naturell fett 4,2%","Fett, totalt",Naturell fil yoghurt,4.1,g
2048,"Filmjölk naturell fett 4,2%","Järn, Fe",Naturell fil yoghurt,0.0,mg
2048,"Filmjölk naturell fett 4,2%",Energi (kJ),Naturell fil yoghurt,284.0,kJ
2048,"Filmjölk naturell fett 4,2%",Energi (kcal),Naturell fil yoghurt,68.0,kcal
2048,"Filmjölk naturell fett 4,2%",Disackarider,Naturell fil yoghurt,3.5,g
2048,"Filmjölk naturell fett 4,2%","Kalcium, Ca",Naturell fil yoghurt,114.0,mg
2048,"Filmjölk naturell fett 4,2%",Fettsyra 4:0-10:0,Naturell fil yoghurt,0.4,g
2048,"Filmjölk naturell fett 4,2%",DHA (C22:6),Naturell fil yoghurt,0.0,g
2048,"Filmjölk naturell fett 4,2%",DPA (C22:5),Naturell fil yoghurt,0.0,g
2048,"Filmjölk naturell fett 4,2%",EPA (C20:5),Naturell fil yoghurt,0.0,g
2048,"Filmjölk naturell fett 4,2%",Arakidonsyra C20:4,Naturell fil yoghurt,0.0,g
2048,"Filmjölk naturell fett 4,2%",Arakidinsyra C20:0,Naturell fil yoghurt,0.0,g
2048,"Filmjölk naturell fett 4,2%",Linolensyra C18:3,Naturell fil yoghurt,0.0,g
2048,"Filmjölk naturell fett 4,2%",Linolsyra C18:2,Naturell fil yoghurt,0.1,g
2048,"Filmjölk naturell fett 4,2%",Oljesyra C18:1,Naturell fil yoghurt,0.9,g
2048,"Filmjölk naturell fett 4,2%",Stearinsyra C18:0,Naturell fil yoghurt,0.5,g
2048,"Filmjölk naturell fett 4,2%",Palmitoljesyra C16:1,Naturell fil yoghurt,0.0,g
2048,"Filmjölk naturell fett 4,2%",Palmitinsyra C16:0,Naturell fil yoghurt,1.2,g
2048,"Filmjölk naturell fett 4,2%",Myristinsyra C14:0,Naturell fil yoghurt,0.4,g
2048,"Filmjölk naturell fett 4,2%",Laurinsyra C12:0,Naturell fil yoghurt,0.1,g
2048,"Filmjölk naturell fett 4,2%",Betakaroten/β-Karoten,Naturell fil yoghurt,18.0,µg
2048,"Filmjölk naturell fett 4,2%",Avfall (skal etc.),Naturell fil yoghurt,0.0,%
2048,"Filmjölk naturell fett 4,2%",Aska,Naturell fil yoghurt,0.8,g
2048,"Filmjölk naturell fett 4,2%",Alkohol,Naturell fil yoghurt,0.0,g
2051,Vit choklad,"Zink, Zn",Choklad ,0.6,mg
2051,Vit choklad,Vitamin E,Choklad ,0.7,mg
2051,Vit choklad,Vitamin D,Choklad ,3.14,µg
2051,Vit choklad,Vitamin C,Choklad ,0.8,mg
2051,Vit choklad,Vitamin B6,Choklad ,0.07,mg
2051,Vit choklad,Vitamin B12,Choklad ,0.49,µg
2051,Vit choklad,Vitamin A,Choklad ,49.2,RE/µg
2051,Vit choklad,Vatten,Choklad ,0.8,g
2051,Vit choklad,Tiamin,Choklad ,0.05,mg
2051,Vit choklad,Tillsatt socker,Choklad ,50.0,g
2051,Vit choklad,Fritt socker,Choklad ,50.0,g
2051,Vit choklad,"Selen, Se",Choklad ,0.0,µg
2051,Vit choklad,Sackaros,Choklad ,50.5,g
2051,Vit choklad,Riboflavin,Choklad ,0.33,mg
2051,Vit choklad,Retinol,Choklad ,47.0,µg
2051,Vit choklad,Protein,Choklad ,5.1,g
2051,Vit choklad,Summa fleromättade fettsyror,Choklad ,0.9,g
2051,Vit choklad,"Fosfor, P",Choklad ,160.0,mg
2051,Vit choklad,Niacinekvivalenter,Choklad ,1.1,NE/mg
2051,Vit choklad,Niacin,Choklad ,0.25,mg
2051,Vit choklad,"Salt, NaCl",Choklad ,0.2,g
2051,Vit choklad,"Natrium, Na",Choklad ,70.0,mg
2051,Vit choklad,Monosackarider,Choklad ,0.0,g
2051,Vit choklad,"Sockerarter, totalt",Choklad ,60.2,g
2051,Vit choklad,Summa enkelomättade fettsyror,Choklad ,9.4,g
2051,Vit choklad,"Magnesium, Mg",Choklad ,20.0,mg
2051,Vit choklad,Summa mättade fettsyror,Choklad ,19.5,g
2051,Vit choklad,"Kolhydrater, tillgängliga",Choklad ,61.6,g
2051,Vit choklad,Kolesterol,Choklad ,16.8,mg
2051,Vit choklad,"Kalium, K",Choklad ,290.0,mg
2051,Vit choklad,"Jod, I",Choklad ,3.1,µg
2051,Vit choklad,Fullkorn totalt,Choklad ,0.0,g
2051,Vit choklad,"Folat, totalt",Choklad ,13.4,µg
2051,Vit choklad,Fibrer,Choklad ,0.0,g
2051,Vit choklad,"Fett, totalt",Choklad ,31.2,g
2051,Vit choklad,"Järn, Fe",Choklad ,0.1,mg
2051,Vit choklad,Energi (kJ),Choklad ,2288.0,kJ
2051,Vit choklad,Energi (kcal),Choklad ,547.0,kcal
2051,Vit choklad,Disackarider,Choklad ,60.2,g
2051,Vit choklad,"Kalcium, Ca",Choklad ,160.0,mg
2051,Vit choklad,Fettsyra 4:0-10:0,Choklad ,0.3,g
2051,Vit choklad,DHA (C22:6),Choklad ,0.0,g
2051,Vit choklad,DPA (C22:5),Choklad ,0.0,g
2051,Vit choklad,EPA (C20:5),Choklad ,0.0,g
2051,Vit choklad,Arakidonsyra C20:4,Choklad ,0.0,g
2051,Vit choklad,Arakidinsyra C20:0,Choklad ,0.3,g
2051,Vit choklad,Linolensyra C18:3,Choklad ,0.0,g
2051,Vit choklad,Linolsyra C18:2,Choklad ,0.9,g
2051,Vit choklad,Oljesyra C18:1,Choklad ,9.2,g
2051,Vit choklad,Stearinsyra C18:0,Choklad ,10.4,g
2051,Vit choklad,Palmitoljesyra C16:1,Choklad ,0.1,g
2051,Vit choklad,Palmitinsyra C16:0,Choklad ,7.7,g
2051,Vit choklad,Myristinsyra C14:0,Choklad ,0.4,g
2051,Vit choklad,Laurinsyra C12:0,Choklad ,0.1,g
2051,Vit choklad,Betakaroten/β-Karoten,Choklad ,24.0,µg
2051,Vit choklad,Avfall (skal etc.),Choklad ,0.0,%
2051,Vit choklad,Aska,Choklad ,1.4,g
2051,Vit choklad,Alkohol,Choklad ,0.0,g
2052,Mörk choklad kakao ≥ 70%,"Zink, Zn",Choklad ,2.9,mg
2052,Mörk choklad kakao ≥ 70%,Vitamin E,Choklad ,0.7,mg
2052,Mörk choklad kakao ≥ 70%,Vitamin D inkl 25-OH-D3,Choklad ,0.0,µg
2052,Mörk choklad kakao ≥ 70%,Vitamin D,Choklad ,0.0,µg
2052,Mörk choklad kakao ≥ 70%,Vitamin C,Choklad ,0.0,mg
2052,Mörk choklad kakao ≥ 70%,Vitamin B6,Choklad ,0.09,mg
2052,Mörk choklad kakao ≥ 70%,Vitamin B12,Choklad ,0.0,µg
2052,Mörk choklad kakao ≥ 70%,Vitamin A,Choklad ,21.7,RE/µg
2052,Mörk choklad kakao ≥ 70%,Vatten,Choklad ,0.4,g
2052,Mörk choklad kakao ≥ 70%,Tiamin,Choklad ,0.02,mg
2052,Mörk choklad kakao ≥ 70%,Tillsatt socker,Choklad ,22.0,g
2052,Mörk choklad kakao ≥ 70%,Fritt socker,Choklad ,22.0,g
2052,Mörk choklad kakao ≥ 70%,"Selen, Se",Choklad ,4.6,µg
2052,Mörk choklad kakao ≥ 70%,Sackaros,Choklad ,22.1,g
2052,Mörk choklad kakao ≥ 70%,Riboflavin,Choklad ,0.08,mg
2052,Mörk choklad kakao ≥ 70%,Retinol,Choklad ,20.0,µg
2052,Mörk choklad kakao ≥ 70%,Protein,Choklad ,9.7,g
2052,Mörk choklad kakao ≥ 70%,Summa fleromättade fettsyror,Choklad ,1.1,g
2052,Mörk choklad kakao ≥ 70%,"Fosfor, P",Choklad ,230.0,mg
2052,Mörk choklad kakao ≥ 70%,Niacinekvivalenter,Choklad ,2.5,NE/mg
2052,Mörk choklad kakao ≥ 70%,Niacin,Choklad ,0.88,mg
2052,Mörk choklad kakao ≥ 70%,"Salt, NaCl",Choklad ,0.0,g
2052,Mörk choklad kakao ≥ 70%,"Natrium, Na",Choklad ,12.0,mg
2052,Mörk choklad kakao ≥ 70%,Monosackarider,Choklad ,0.0,g
2052,Mörk choklad kakao ≥ 70%,"Sockerarter, totalt",Choklad ,22.1,g
2052,Mörk choklad kakao ≥ 70%,Summa enkelomättade fettsyror,Choklad ,11.8,g
2052,Mörk choklad kakao ≥ 70%,"Magnesium, Mg",Choklad ,174.0,mg
2052,Mörk choklad kakao ≥ 70%,Summa mättade fettsyror,Choklad ,22.5,g
2052,Mörk choklad kakao ≥ 70%,"Kolhydrater, tillgängliga",Choklad ,50.7,g
2052,Mörk choklad kakao ≥ 70%,Kolesterol,Choklad ,3.1,mg
2052,Mörk choklad kakao ≥ 70%,"Kalium, K",Choklad ,654.0,mg
2052,Mörk choklad kakao ≥ 70%,"Jod, I",Choklad ,2.0,µg
2052,Mörk choklad kakao ≥ 70%,Fullkorn totalt,Choklad ,0.0,g
2052,Mörk choklad kakao ≥ 70%,"Folat, totalt",Choklad ,22.3,µg
2052,Mörk choklad kakao ≥ 70%,Fibrer,Choklad ,0.0,g
2052,Mörk choklad kakao ≥ 70%,"Fett, totalt",Choklad ,37.0,g
2052,Mörk choklad kakao ≥ 70%,"Järn, Fe",Choklad ,15.2,mg
2052,Mörk choklad kakao ≥ 70%,Energi (kJ),Choklad ,2395.0,kJ
2052,Mörk choklad kakao ≥ 70%,Energi (kcal),Choklad ,572.0,kcal
2052,Mörk choklad kakao ≥ 70%,Disackarider,Choklad ,22.1,g
2052,Mörk choklad kakao ≥ 70%,"Kalcium, Ca",Choklad ,55.0,mg
2052,Mörk choklad kakao ≥ 70%,Fettsyra 4:0-10:0,Choklad ,0.0,g
2052,Mörk choklad kakao ≥ 70%,DHA (C22:6),Choklad ,0.0,g
2052,Mörk choklad kakao ≥ 70%,DPA (C22:5),Choklad ,0.0,g
2052,Mörk choklad kakao ≥ 70%,EPA (C20:5),Choklad ,0.0,g
2052,Mörk choklad kakao ≥ 70%,Arakidonsyra C20:4,Choklad ,0.0,g
2052,Mörk choklad kakao ≥ 70%,Arakidinsyra C20:0,Choklad ,0.4,g
2052,Mörk choklad kakao ≥ 70%,Linolensyra C18:3,Choklad ,0.1,g
2052,Mörk choklad kakao ≥ 70%,Linolsyra C18:2,Choklad ,1.1,g
2052,Mörk choklad kakao ≥ 70%,Oljesyra C18:1,Choklad ,11.7,g
2052,Mörk choklad kakao ≥ 70%,Stearinsyra C18:0,Choklad ,12.7,g
2052,Mörk choklad kakao ≥ 70%,Palmitoljesyra C16:1,Choklad ,0.1,g
2052,Mörk choklad kakao ≥ 70%,Palmitinsyra C16:0,Choklad ,9.1,g
2052,Mörk choklad kakao ≥ 70%,Myristinsyra C14:0,Choklad ,0.1,g
2052,Mörk choklad kakao ≥ 70%,Laurinsyra C12:0,Choklad ,0.0,g
2052,Mörk choklad kakao ≥ 70%,Betakaroten/β-Karoten,Choklad ,16.0,µg
2052,Mörk choklad kakao ≥ 70%,Avfall (skal etc.),Choklad ,0.0,%
2052,Mörk choklad kakao ≥ 70%,Aska,Choklad ,2.2,g
2052,Mörk choklad kakao ≥ 70%,Alkohol,Choklad ,0.0,g
2053,Mörk choklad kakao < 70%,"Zink, Zn",Choklad ,2.0,mg
2053,Mörk choklad kakao < 70%,Vitamin E,Choklad ,0.6,mg
2053,Mörk choklad kakao < 70%,Vitamin D inkl 25-OH-D3,Choklad ,0.0,µg
2053,Mörk choklad kakao < 70%,Vitamin D,Choklad ,0.0,µg
2053,Mörk choklad kakao < 70%,Vitamin C,Choklad ,0.0,mg
2053,Mörk choklad kakao < 70%,Vitamin B6,Choklad ,0.08,mg
2053,Mörk choklad kakao < 70%,Vitamin B12,Choklad ,0.0,µg
2053,Mörk choklad kakao < 70%,Vitamin A,Choklad ,21.5,RE/µg
2053,Mörk choklad kakao < 70%,Vatten,Choklad ,0.4,g
2053,Mörk choklad kakao < 70%,Tiamin,Choklad ,0.02,mg
2053,Mörk choklad kakao < 70%,Tillsatt socker,Choklad ,46.0,g
2053,Mörk choklad kakao < 70%,Fritt socker,Choklad ,46.0,g
2053,Mörk choklad kakao < 70%,"Selen, Se",Choklad ,3.4,µg
2053,Mörk choklad kakao < 70%,Sackaros,Choklad ,45.5,g
2053,Mörk choklad kakao < 70%,Riboflavin,Choklad ,0.07,mg
2053,Mörk choklad kakao < 70%,Retinol,Choklad ,20.0,µg
2053,Mörk choklad kakao < 70%,Protein,Choklad ,6.3,g
2053,Mörk choklad kakao < 70%,Summa fleromättade fettsyror,Choklad ,1.6,g
2053,Mörk choklad kakao < 70%,"Fosfor, P",Choklad ,173.0,mg
2053,Mörk choklad kakao < 70%,Niacinekvivalenter,Choklad ,1.6,NE/mg
2053,Mörk choklad kakao < 70%,Niacin,Choklad ,0.59,mg
2053,Mörk choklad kakao < 70%,"Salt, NaCl",Choklad ,0.0,g
2053,Mörk choklad kakao < 70%,"Natrium, Na",Choklad ,4.0,mg
2053,Mörk choklad kakao < 70%,Monosackarider,Choklad ,0.0,g
2053,Mörk choklad kakao < 70%,"Sockerarter, totalt",Choklad ,45.5,g
2053,Mörk choklad kakao < 70%,Summa enkelomättade fettsyror,Choklad ,9.2,g
2053,Mörk choklad kakao < 70%,"Magnesium, Mg",Choklad ,121.0,mg
2053,Mörk choklad kakao < 70%,Summa mättade fettsyror,Choklad ,16.5,g
2053,Mörk choklad kakao < 70%,"Kolhydrater, tillgängliga",Choklad ,63.1,g
2053,Mörk choklad kakao < 70%,Kolesterol,Choklad ,3.8,mg
2053,Mörk choklad kakao < 70%,"Kalium, K",Choklad ,433.0,mg
2053,Mörk choklad kakao < 70%,"Jod, I",Choklad ,2.0,µg
2053,Mörk choklad kakao < 70%,Fullkorn totalt,Choklad ,0.0,g
2053,Mörk choklad kakao < 70%,"Folat, totalt",Choklad ,15.8,µg
2053,Mörk choklad kakao < 70%,Fibrer,Choklad ,0.0,g
2053,Mörk choklad kakao < 70%,"Fett, totalt",Choklad ,28.8,g
2053,Mörk choklad kakao < 70%,"Järn, Fe",Choklad ,7.9,mg
2053,Mörk choklad kakao < 70%,Energi (kJ),Choklad ,2245.0,kJ
2053,Mörk choklad kakao < 70%,Energi (kcal),Choklad ,536.0,kcal
2053,Mörk choklad kakao < 70%,Disackarider,Choklad ,45.5,g
2053,Mörk choklad kakao < 70%,"Kalcium, Ca",Choklad ,44.0,mg
2053,Mörk choklad kakao < 70%,Fettsyra 4:0-10:0,Choklad ,0.0,g
2053,Mörk choklad kakao < 70%,DHA (C22:6),Choklad ,0.0,g
2053,Mörk choklad kakao < 70%,DPA (C22:5),Choklad ,0.0,g
2053,Mörk choklad kakao < 70%,EPA (C20:5),Choklad ,0.0,g
2053,Mörk choklad kakao < 70%,Arakidonsyra C20:4,Choklad ,0.0,g
2053,Mörk choklad kakao < 70%,Arakidinsyra C20:0,Choklad ,0.3,g
2053,Mörk choklad kakao < 70%,Linolensyra C18:3,Choklad ,0.1,g
2053,Mörk choklad kakao < 70%,Linolsyra C18:2,Choklad ,1.5,g
2053,Mörk choklad kakao < 70%,Oljesyra C18:1,Choklad ,9.1,g
2053,Mörk choklad kakao < 70%,Stearinsyra C18:0,Choklad ,9.1,g
2053,Mörk choklad kakao < 70%,Palmitoljesyra C16:1,Choklad ,0.1,g
2053,Mörk choklad kakao < 70%,Palmitinsyra C16:0,Choklad ,6.8,g
2053,Mörk choklad kakao < 70%,Myristinsyra C14:0,Choklad ,0.1,g
2053,Mörk choklad kakao < 70%,Laurinsyra C12:0,Choklad ,0.0,g
2053,Mörk choklad kakao < 70%,Betakaroten/β-Karoten,Choklad ,14.0,µg
2053,Mörk choklad kakao < 70%,Avfall (skal etc.),Choklad ,0.0,%
2053,Mörk choklad kakao < 70%,Aska,Choklad ,1.5,g
2053,Mörk choklad kakao < 70%,Alkohol,Choklad ,0.0,g
2054,Bakchoklad mörk,"Zink, Zn",Choklad ,1.7,mg
2054,Bakchoklad mörk,Vitamin E,Choklad ,0.3,mg
2054,Bakchoklad mörk,Vitamin D inkl 25-OH-D3,Choklad ,0.0,µg
2054,Bakchoklad mörk,Vitamin D,Choklad ,0.0,µg
2054,Bakchoklad mörk,Vitamin C,Choklad ,0.0,mg
2054,Bakchoklad mörk,Vitamin B6,Choklad ,0.06,mg
2054,Bakchoklad mörk,Vitamin B12,Choklad ,0.0,µg
2054,Bakchoklad mörk,Vitamin A,Choklad ,20.0,RE/µg
2054,Bakchoklad mörk,Vatten,Choklad ,0.4,g
2054,Bakchoklad mörk,Tiamin,Choklad ,0.02,mg
2054,Bakchoklad mörk,Tillsatt socker,Choklad ,45.0,g
2054,Bakchoklad mörk,Fritt socker,Choklad ,45.0,g
2054,Bakchoklad mörk,"Selen, Se",Choklad ,1.7,µg
2054,Bakchoklad mörk,Sackaros,Choklad ,45.2,g
2054,Bakchoklad mörk,Riboflavin,Choklad ,0.1,mg
2054,Bakchoklad mörk,Retinol,Choklad ,20.0,µg
2054,Bakchoklad mörk,Protein,Choklad ,5.6,g
2054,Bakchoklad mörk,Summa fleromättade fettsyror,Choklad ,0.3,g
2054,Bakchoklad mörk,"Fosfor, P",Choklad ,152.0,mg
2054,Bakchoklad mörk,Niacinekvivalenter,Choklad ,1.5,NE/mg
2054,Bakchoklad mörk,Niacin,Choklad ,0.56,mg
2054,Bakchoklad mörk,"Salt, NaCl",Choklad ,0.0,g
2054,Bakchoklad mörk,"Natrium, Na",Choklad ,3.0,mg
2054,Bakchoklad mörk,Monosackarider,Choklad ,0.1,g
2054,Bakchoklad mörk,"Sockerarter, totalt",Choklad ,47.7,g
2054,Bakchoklad mörk,Summa enkelomättade fettsyror,Choklad ,1.0,g
2054,Bakchoklad mörk,"Magnesium, Mg",Choklad ,114.0,mg
2054,Bakchoklad mörk,Summa mättade fettsyror,Choklad ,30.1,g
2054,Bakchoklad mörk,"Kolhydrater, tillgängliga",Choklad ,59.8,g
2054,Bakchoklad mörk,Kolesterol,Choklad ,2.0,mg
2054,Bakchoklad mörk,"Kalium, K",Choklad ,408.0,mg
2054,Bakchoklad mörk,"Jod, I",Choklad ,2.0,µg
2054,Bakchoklad mörk,Fullkorn totalt,Choklad ,0.0,g
2054,Bakchoklad mörk,"Folat, totalt",Choklad ,13.6,µg
2054,Bakchoklad mörk,Fibrer,Choklad ,0.0,g
2054,Bakchoklad mörk,"Fett, totalt",Choklad ,32.8,g
2054,Bakchoklad mörk,"Järn, Fe",Choklad ,13.3,mg
2054,Bakchoklad mörk,Energi (kJ),Choklad ,2327.0,kJ
2054,Bakchoklad mörk,Energi (kcal),Choklad ,556.0,kcal
2054,Bakchoklad mörk,Disackarider,Choklad ,47.6,g
2054,Bakchoklad mörk,"Kalcium, Ca",Choklad ,39.0,mg
2054,Bakchoklad mörk,Fettsyra 4:0-10:0,Choklad ,1.8,g
2054,Bakchoklad mörk,DHA (C22:6),Choklad ,0.0,g
2054,Bakchoklad mörk,DPA (C22:5),Choklad ,0.0,g
2054,Bakchoklad mörk,EPA (C20:5),Choklad ,0.0,g
2054,Bakchoklad mörk,Arakidonsyra C20:4,Choklad ,0.0,g
2054,Bakchoklad mörk,Arakidinsyra C20:0,Choklad ,0.1,g
2054,Bakchoklad mörk,Linolensyra C18:3,Choklad ,0.0,g
2054,Bakchoklad mörk,Linolsyra C18:2,Choklad ,0.2,g
2054,Bakchoklad mörk,Oljesyra C18:1,Choklad ,1.0,g
2054,Bakchoklad mörk,Stearinsyra C18:0,Choklad ,4.7,g
2054,Bakchoklad mörk,Palmitoljesyra C16:1,Choklad ,0.0,g
2054,Bakchoklad mörk,Palmitinsyra C16:0,Choklad ,3.3,g
2054,Bakchoklad mörk,Myristinsyra C14:0,Choklad ,5.4,g
2054,Bakchoklad mörk,Laurinsyra C12:0,Choklad ,14.8,g
2054,Bakchoklad mörk,Betakaroten/β-Karoten,Choklad ,0.0,µg
2054,Bakchoklad mörk,Avfall (skal etc.),Choklad ,0.0,%
2054,Bakchoklad mörk,Aska,Choklad ,1.4,g
2054,Bakchoklad mörk,Alkohol,Choklad ,0.0,g
2055,Mjölkchoklad,"Zink, Zn",Choklad ,1.0,mg
2055,Mjölkchoklad,Vitamin E,Choklad ,0.6,mg
2055,Mjölkchoklad,Vitamin D inkl 25-OH-D3,Choklad ,1.63,µg
2055,Mjölkchoklad,Vitamin D,Choklad ,1.63,µg
2055,Mjölkchoklad,Vitamin C,Choklad ,0.6,mg
2055,Mjölkchoklad,Vitamin B6,Choklad ,0.16,mg
2055,Mjölkchoklad,Vitamin B12,Choklad ,0.44,µg
2055,Mjölkchoklad,Vitamin A,Choklad ,60.2,RE/µg
2055,Mjölkchoklad,Vatten,Choklad ,1.1,g
2055,Mjölkchoklad,Tiamin,Choklad ,0.08,mg
2055,Mjölkchoklad,Tillsatt socker,Choklad ,45.0,g
2055,Mjölkchoklad,Fritt socker,Choklad ,45.0,g
2055,Mjölkchoklad,"Selen, Se",Choklad ,0.0,µg
2055,Mjölkchoklad,Sackaros,Choklad ,44.9,g
2055,Mjölkchoklad,Riboflavin,Choklad ,0.35,mg
2055,Mjölkchoklad,Retinol,Choklad ,57.4,µg
2055,Mjölkchoklad,Protein,Choklad ,5.2,g
2055,Mjölkchoklad,Summa fleromättade fettsyror,Choklad ,0.8,g
2055,Mjölkchoklad,"Fosfor, P",Choklad ,230.0,mg
2055,Mjölkchoklad,Niacinekvivalenter,Choklad ,1.3,NE/mg
2055,Mjölkchoklad,Niacin,Choklad ,0.45,mg
2055,Mjölkchoklad,"Salt, NaCl",Choklad ,0.2,g
2055,Mjölkchoklad,"Natrium, Na",Choklad ,98.0,mg
2055,Mjölkchoklad,Monosackarider,Choklad ,0.0,g
2055,Mjölkchoklad,"Sockerarter, totalt",Choklad ,56.2,g
2055,Mjölkchoklad,Summa enkelomättade fettsyror,Choklad ,9.0,g
2055,Mjölkchoklad,"Magnesium, Mg",Choklad ,64.0,mg
2055,Mjölkchoklad,Summa mättade fettsyror,Choklad ,19.5,g
2055,Mjölkchoklad,"Kolhydrater, tillgängliga",Choklad ,58.1,g
2055,Mjölkchoklad,Kolesterol,Choklad ,19.1,mg
2055,Mjölkchoklad,"Kalium, K",Choklad ,520.0,mg
2055,Mjölkchoklad,"Jod, I",Choklad ,3.1,µg
2055,Mjölkchoklad,Fullkorn totalt,Choklad ,0.0,g
2055,Mjölkchoklad,"Folat, totalt",Choklad ,13.5,µg
2055,Mjölkchoklad,Fibrer,Choklad ,3.0,g
2055,Mjölkchoklad,"Fett, totalt",Choklad ,30.8,g
2055,Mjölkchoklad,"Järn, Fe",Choklad ,4.5,mg
2055,Mjölkchoklad,Energi (kJ),Choklad ,2240.0,kJ
2055,Mjölkchoklad,Energi (kcal),Choklad ,535.0,kcal
2055,Mjölkchoklad,Disackarider,Choklad ,56.2,g
2055,Mjölkchoklad,"Kalcium, Ca",Choklad ,190.0,mg
2055,Mjölkchoklad,Fettsyra 4:0-10:0,Choklad ,0.4,g
2055,Mjölkchoklad,DHA (C22:6),Choklad ,0.0,g
2055,Mjölkchoklad,DPA (C22:5),Choklad ,0.0,g
2055,Mjölkchoklad,EPA (C20:5),Choklad ,0.0,g
2055,Mjölkchoklad,Arakidonsyra C20:4,Choklad ,0.0,g
2055,Mjölkchoklad,Arakidinsyra C20:0,Choklad ,0.3,g
2055,Mjölkchoklad,Linolensyra C18:3,Choklad ,0.1,g
2055,Mjölkchoklad,Linolsyra C18:2,Choklad ,0.8,g
2055,Mjölkchoklad,Oljesyra C18:1,Choklad ,8.9,g
2055,Mjölkchoklad,Stearinsyra C18:0,Choklad ,10.3,g
2055,Mjölkchoklad,Palmitoljesyra C16:1,Choklad ,0.1,g
2055,Mjölkchoklad,Palmitinsyra C16:0,Choklad ,7.7,g
2055,Mjölkchoklad,Myristinsyra C14:0,Choklad ,0.5,g
2055,Mjölkchoklad,Laurinsyra C12:0,Choklad ,0.2,g
2055,Mjölkchoklad,Betakaroten/β-Karoten,Choklad ,31.0,µg
2055,Mjölkchoklad,Avfall (skal etc.),Choklad ,0.0,%
2055,Mjölkchoklad,Aska,Choklad ,1.8,g
2055,Mjölkchoklad,Alkohol,Choklad ,0.0,g
2056,Kebabkött frysvara,"Zink, Zn",Köttprodukter kötträtter,3.0,mg
2056,Kebabkött frysvara,Vitamin E,Köttprodukter kötträtter,0.3,mg
2056,Kebabkött frysvara,Vitamin D,Köttprodukter kötträtter,0.15,µg
2056,Kebabkött frysvara,Vitamin C,Köttprodukter kötträtter,0.0,mg
2056,Kebabkött frysvara,Vitamin B6,Köttprodukter kötträtter,0.2,mg
2056,Kebabkött frysvara,Vitamin B12,Köttprodukter kötträtter,0.9,µg
2056,Kebabkött frysvara,Vitamin A,Köttprodukter kötträtter,25.2,RE/µg
2056,Kebabkött frysvara,Vatten,Köttprodukter kötträtter,58.5,g
2056,Kebabkött frysvara,Tiamin,Köttprodukter kötträtter,0.05,mg
2056,Kebabkött frysvara,Tillsatt socker,Köttprodukter kötträtter,0.0,g
2056,Kebabkött frysvara,Fritt socker,Köttprodukter kötträtter,0.0,g
2056,Kebabkött frysvara,"Selen, Se",Köttprodukter kötträtter,5.0,µg
2056,Kebabkött frysvara,Sackaros,Köttprodukter kötträtter,0.0,g
2056,Kebabkött frysvara,Riboflavin,Köttprodukter kötträtter,0.12,mg
2056,Kebabkött frysvara,Retinol,Köttprodukter kötträtter,19.9,µg
2056,Kebabkött frysvara,Protein,Köttprodukter kötträtter,14.3,g
2056,Kebabkött frysvara,Summa fleromättade fettsyror,Köttprodukter kötträtter,0.7,g
2056,Kebabkött frysvara,"Fosfor, P",Köttprodukter kötträtter,143.0,mg
2056,Kebabkött frysvara,Niacinekvivalenter,Köttprodukter kötträtter,5.5,NE/mg
2056,Kebabkött frysvara,Niacin,Köttprodukter kötträtter,2.84,mg
2056,Kebabkött frysvara,"Salt, NaCl",Köttprodukter kötträtter,1.8,g
2056,Kebabkött frysvara,"Natrium, Na",Köttprodukter kötträtter,721.0,mg
2056,Kebabkött frysvara,Monosackarider,Köttprodukter kötträtter,0.4,g
2056,Kebabkött frysvara,"Sockerarter, totalt",Köttprodukter kötträtter,0.6,g
2056,Kebabkött frysvara,Summa enkelomättade fettsyror,Köttprodukter kötträtter,8.3,g
2056,Kebabkött frysvara,"Magnesium, Mg",Köttprodukter kötträtter,15.0,mg
2056,Kebabkött frysvara,Summa mättade fettsyror,Köttprodukter kötträtter,8.6,g
2056,Kebabkött frysvara,"Kolhydrater, tillgängliga",Köttprodukter kötträtter,6.2,g
2056,Kebabkött frysvara,Kolesterol,Köttprodukter kötträtter,63.4,mg
2056,Kebabkött frysvara,"Kalium, K",Köttprodukter kötträtter,220.0,mg
2056,Kebabkött frysvara,"Jod, I",Köttprodukter kötträtter,2.0,µg
2056,Kebabkött frysvara,Fullkorn totalt,Köttprodukter kötträtter,0.0,g
2056,Kebabkött frysvara,"Folat, totalt",Köttprodukter kötträtter,5.2,µg
2056,Kebabkött frysvara,Fibrer,Köttprodukter kötträtter,0.0,g
2056,Kebabkött frysvara,"Fett, totalt",Köttprodukter kötträtter,18.6,g
2056,Kebabkött frysvara,"Järn, Fe",Köttprodukter kötträtter,1.8,mg
2056,Kebabkött frysvara,Energi (kJ),Köttprodukter kötträtter,1038.0,kJ
2056,Kebabkött frysvara,Energi (kcal),Köttprodukter kötträtter,248.0,kcal
2056,Kebabkött frysvara,Disackarider,Köttprodukter kötträtter,0.2,g
2056,Kebabkött frysvara,"Kalcium, Ca",Köttprodukter kötträtter,21.0,mg
2056,Kebabkött frysvara,Fettsyra 4:0-10:0,Köttprodukter kötträtter,0.0,g
2056,Kebabkött frysvara,DHA (C22:6),Köttprodukter kötträtter,0.0,g
2056,Kebabkött frysvara,DPA (C22:5),Köttprodukter kötträtter,0.0,g
2056,Kebabkött frysvara,EPA (C20:5),Köttprodukter kötträtter,0.0,g
2056,Kebabkött frysvara,Arakidonsyra C20:4,Köttprodukter kötträtter,0.0,g
2056,Kebabkött frysvara,Arakidinsyra C20:0,Köttprodukter kötträtter,0.0,g
2056,Kebabkött frysvara,Linolensyra C18:3,Köttprodukter kötträtter,0.1,g
2056,Kebabkött frysvara,Linolsyra C18:2,Köttprodukter kötträtter,0.4,g
2056,Kebabkött frysvara,Oljesyra C18:1,Köttprodukter kötträtter,7.1,g
2056,Kebabkött frysvara,Stearinsyra C18:0,Köttprodukter kötträtter,2.7,g
2056,Kebabkött frysvara,Palmitoljesyra C16:1,Köttprodukter kötträtter,0.8,g
2056,Kebabkött frysvara,Palmitinsyra C16:0,Köttprodukter kötträtter,4.6,g
2056,Kebabkött frysvara,Myristinsyra C14:0,Köttprodukter kötträtter,0.6,g
2056,Kebabkött frysvara,Laurinsyra C12:0,Köttprodukter kötträtter,0.0,g
2056,Kebabkött frysvara,Betakaroten/β-Karoten,Köttprodukter kötträtter,63.0,µg
2056,Kebabkött frysvara,Avfall (skal etc.),Köttprodukter kötträtter,0.0,%
2056,Kebabkött frysvara,Aska,Köttprodukter kötträtter,2.4,g
2056,Kebabkött frysvara,Alkohol,Köttprodukter kötträtter,0.0,g
2057,Ris avorio okokt,"Zink, Zn",Ris risnudlar,1.1,mg
2057,Ris avorio okokt,Vitamin E,Ris risnudlar,0.0,mg
2057,Ris avorio okokt,Vitamin D inkl 25-OH-D3,Ris risnudlar,0.0,µg
2057,Ris avorio okokt,Vitamin D,Ris risnudlar,0.0,µg
2057,Ris avorio okokt,Vitamin C,Ris risnudlar,0.0,mg
2057,Ris avorio okokt,Vitamin B6,Ris risnudlar,0.63,mg
2057,Ris avorio okokt,Vitamin B12,Ris risnudlar,0.0,µg
2057,Ris avorio okokt,Vitamin A,Ris risnudlar,0.0,RE/µg
2057,Ris avorio okokt,Vatten,Ris risnudlar,11.7,g
2057,Ris avorio okokt,Tiamin,Ris risnudlar,0.21,mg
2057,Ris avorio okokt,Tillsatt socker,Ris risnudlar,0.0,g
2057,Ris avorio okokt,Fritt socker,Ris risnudlar,0.0,g
2057,Ris avorio okokt,"Selen, Se",Ris risnudlar,2.7,µg
2057,Ris avorio okokt,Sackaros,Ris risnudlar,0.4,g
2057,Ris avorio okokt,Riboflavin,Ris risnudlar,0.04,mg
2057,Ris avorio okokt,Retinol,Ris risnudlar,0.0,µg
2057,Ris avorio okokt,Protein,Ris risnudlar,6.7,g
2057,Ris avorio okokt,Summa fleromättade fettsyror,Ris risnudlar,0.4,g
2057,Ris avorio okokt,"Fosfor, P",Ris risnudlar,188.0,mg
2057,Ris avorio okokt,Niacinekvivalenter,Ris risnudlar,8.5,NE/mg
2057,Ris avorio okokt,Niacin,Ris risnudlar,7.39,mg
2057,Ris avorio okokt,"Salt, NaCl",Ris risnudlar,0.0,g
2057,Ris avorio okokt,"Natrium, Na",Ris risnudlar,1.0,mg
2057,Ris avorio okokt,Monosackarider,Ris risnudlar,0.6,g
2057,Ris avorio okokt,"Sockerarter, totalt",Ris risnudlar,1.0,g
2057,Ris avorio okokt,Summa enkelomättade fettsyror,Ris risnudlar,0.4,g
2057,Ris avorio okokt,"Magnesium, Mg",Ris risnudlar,50.0,mg
2057,Ris avorio okokt,Summa mättade fettsyror,Ris risnudlar,0.2,g
2057,Ris avorio okokt,"Kolhydrater, tillgängliga",Ris risnudlar,78.1,g
2057,Ris avorio okokt,Kolesterol,Ris risnudlar,0.0,mg
2057,Ris avorio okokt,"Kalium, K",Ris risnudlar,192.0,mg
2057,Ris avorio okokt,"Jod, I",Ris risnudlar,1.0,µg
2057,Ris avorio okokt,Fullkorn totalt,Ris risnudlar,0.0,g
2057,Ris avorio okokt,"Folat, totalt",Ris risnudlar,24.7,µg
2057,Ris avorio okokt,Fibrer,Ris risnudlar,1.2,g
2057,Ris avorio okokt,"Fett, totalt",Ris risnudlar,1.3,g
2057,Ris avorio okokt,"Järn, Fe",Ris risnudlar,0.3,mg
2057,Ris avorio okokt,Energi (kJ),Ris risnudlar,1499.0,kJ
2057,Ris avorio okokt,Energi (kcal),Ris risnudlar,358.0,kcal
2057,Ris avorio okokt,Disackarider,Ris risnudlar,0.4,g
2057,Ris avorio okokt,"Kalcium, Ca",Ris risnudlar,5.0,mg
2057,Ris avorio okokt,Fettsyra 4:0-10:0,Ris risnudlar,0.0,g
2057,Ris avorio okokt,DHA (C22:6),Ris risnudlar,0.0,g
2057,Ris avorio okokt,DPA (C22:5),Ris risnudlar,0.0,g
2057,Ris avorio okokt,EPA (C20:5),Ris risnudlar,0.0,g
2057,Ris avorio okokt,Arakidonsyra C20:4,Ris risnudlar,0.0,g
2057,Ris avorio okokt,Arakidinsyra C20:0,Ris risnudlar,0.0,g
2057,Ris avorio okokt,Linolensyra C18:3,Ris risnudlar,0.0,g
2057,Ris avorio okokt,Linolsyra C18:2,Ris risnudlar,0.4,g
2057,Ris avorio okokt,Oljesyra C18:1,Ris risnudlar,0.4,g
2057,Ris avorio okokt,Stearinsyra C18:0,Ris risnudlar,0.0,g
2057,Ris avorio okokt,Palmitoljesyra C16:1,Ris risnudlar,0.0,g
2057,Ris avorio okokt,Palmitinsyra C16:0,Ris risnudlar,0.2,g
2057,Ris avorio okokt,Myristinsyra C14:0,Ris risnudlar,0.0,g
2057,Ris avorio okokt,Laurinsyra C12:0,Ris risnudlar,0.0,g
2057,Ris avorio okokt,Betakaroten/β-Karoten,Ris risnudlar,0.0,µg
2057,Ris avorio okokt,Avfall (skal etc.),Ris risnudlar,0.0,%
2057,Ris avorio okokt,Aska,Ris risnudlar,1.0,g
2057,Ris avorio okokt,Alkohol,Ris risnudlar,0.0,g
2058,Lök rostad ,"Zink, Zn",Grönsaks- rotfrukts- baljväxträtter o produkter,0.9,mg
2058,Lök rostad ,Vitamin E,Grönsaks- rotfrukts- baljväxträtter o produkter,7.1,mg
2058,Lök rostad ,Vitamin D inkl 25-OH-D3,Grönsaks- rotfrukts- baljväxträtter o produkter,0.0,µg
2058,Lök rostad ,Vitamin D,Grönsaks- rotfrukts- baljväxträtter o produkter,0.0,µg
2058,Lök rostad ,Vitamin C,Grönsaks- rotfrukts- baljväxträtter o produkter,0.0,mg
2058,Lök rostad ,Vitamin B6,Grönsaks- rotfrukts- baljväxträtter o produkter,0.39,mg
2058,Lök rostad ,Vitamin B12,Grönsaks- rotfrukts- baljväxträtter o produkter,0.0,µg
2058,Lök rostad ,Vitamin A,Grönsaks- rotfrukts- baljväxträtter o produkter,4.3,RE/µg
2058,Lök rostad ,Vatten,Grönsaks- rotfrukts- baljväxträtter o produkter,2.5,g
2058,Lök rostad ,Tiamin,Grönsaks- rotfrukts- baljväxträtter o produkter,0.06,mg
2058,Lök rostad ,Tillsatt socker,Grönsaks- rotfrukts- baljväxträtter o produkter,0.0,g
2058,Lök rostad ,Fritt socker,Grönsaks- rotfrukts- baljväxträtter o produkter,0.0,g
2058,Lök rostad ,"Selen, Se",Grönsaks- rotfrukts- baljväxträtter o produkter,2.3,µg
2058,Lök rostad ,Sackaros,Grönsaks- rotfrukts- baljväxträtter o produkter,1.8,g
2058,Lök rostad ,Riboflavin,Grönsaks- rotfrukts- baljväxträtter o produkter,0.11,mg
2058,Lök rostad ,Retinol,Grönsaks- rotfrukts- baljväxträtter o produkter,0.0,µg
2058,Lök rostad ,Protein,Grönsaks- rotfrukts- baljväxträtter o produkter,6.4,g
2058,Lök rostad ,Summa fleromättade fettsyror,Grönsaks- rotfrukts- baljväxträtter o produkter,5.8,g
2058,Lök rostad ,"Fosfor, P",Grönsaks- rotfrukts- baljväxträtter o produkter,109.0,mg
2058,Lök rostad ,Niacinekvivalenter,Grönsaks- rotfrukts- baljväxträtter o produkter,2.4,NE/mg
2058,Lök rostad ,Niacin,Grönsaks- rotfrukts- baljväxträtter o produkter,1.28,mg
2058,Lök rostad ,"Salt, NaCl",Grönsaks- rotfrukts- baljväxträtter o produkter,1.6,g
2058,Lök rostad ,"Natrium, Na",Grönsaks- rotfrukts- baljväxträtter o produkter,647.0,mg
2058,Lök rostad ,Monosackarider,Grönsaks- rotfrukts- baljväxträtter o produkter,4.1,g
2058,Lök rostad ,"Sockerarter, totalt",Grönsaks- rotfrukts- baljväxträtter o produkter,6.2,g
2058,Lök rostad ,Summa enkelomättade fettsyror,Grönsaks- rotfrukts- baljväxträtter o produkter,19.4,g
2058,Lök rostad ,"Magnesium, Mg",Grönsaks- rotfrukts- baljväxträtter o produkter,28.0,mg
2058,Lök rostad ,Summa mättade fettsyror,Grönsaks- rotfrukts- baljväxträtter o produkter,13.4,g
2058,Lök rostad ,"Kolhydrater, tillgängliga",Grönsaks- rotfrukts- baljväxträtter o produkter,35.0,g
2058,Lök rostad ,Kolesterol,Grönsaks- rotfrukts- baljväxträtter o produkter,0.0,mg
2058,Lök rostad ,"Kalium, K",Grönsaks- rotfrukts- baljväxträtter o produkter,405.0,mg
2058,Lök rostad ,"Jod, I",Grönsaks- rotfrukts- baljväxträtter o produkter,14.0,µg
2058,Lök rostad ,Fullkorn totalt,Grönsaks- rotfrukts- baljväxträtter o produkter,0.0,g
2058,Lök rostad ,"Folat, totalt",Grönsaks- rotfrukts- baljväxträtter o produkter,77.6,µg
2058,Lök rostad ,Fibrer,Grönsaks- rotfrukts- baljväxträtter o produkter,4.9,g
2058,Lök rostad ,"Fett, totalt",Grönsaks- rotfrukts- baljväxträtter o produkter,48.5,g
2058,Lök rostad ,"Järn, Fe",Grönsaks- rotfrukts- baljväxträtter o produkter,1.2,mg
2058,Lök rostad ,Energi (kJ),Grönsaks- rotfrukts- baljväxträtter o produkter,2540.0,kJ
2058,Lök rostad ,Energi (kcal),Grönsaks- rotfrukts- baljväxträtter o produkter,607.0,kcal
2058,Lök rostad ,Disackarider,Grönsaks- rotfrukts- baljväxträtter o produkter,2.1,g
2058,Lök rostad ,"Kalcium, Ca",Grönsaks- rotfrukts- baljväxträtter o produkter,42.0,mg
2058,Lök rostad ,Fettsyra 4:0-10:0,Grönsaks- rotfrukts- baljväxträtter o produkter,0.0,g
2058,Lök rostad ,DHA (C22:6),Grönsaks- rotfrukts- baljväxträtter o produkter,0.0,g
2058,Lök rostad ,DPA (C22:5),Grönsaks- rotfrukts- baljväxträtter o produkter,0.0,g
2058,Lök rostad ,EPA (C20:5),Grönsaks- rotfrukts- baljväxträtter o produkter,0.0,g
2058,Lök rostad ,Arakidonsyra C20:4,Grönsaks- rotfrukts- baljväxträtter o produkter,0.0,g
2058,Lök rostad ,Arakidinsyra C20:0,Grönsaks- rotfrukts- baljväxträtter o produkter,0.2,g
2058,Lök rostad ,Linolensyra C18:3,Grönsaks- rotfrukts- baljväxträtter o produkter,1.1,g
2058,Lök rostad ,Linolsyra C18:2,Grönsaks- rotfrukts- baljväxträtter o produkter,4.7,g
2058,Lök rostad ,Oljesyra C18:1,Grönsaks- rotfrukts- baljväxträtter o produkter,18.9,g
2058,Lök rostad ,Stearinsyra C18:0,Grönsaks- rotfrukts- baljväxträtter o produkter,1.8,g
2058,Lök rostad ,Palmitoljesyra C16:1,Grönsaks- rotfrukts- baljväxträtter o produkter,0.1,g
2058,Lök rostad ,Palmitinsyra C16:0,Grönsaks- rotfrukts- baljväxträtter o produkter,10.9,g
2058,Lök rostad ,Myristinsyra C14:0,Grönsaks- rotfrukts- baljväxträtter o produkter,0.3,g
2058,Lök rostad ,Laurinsyra C12:0,Grönsaks- rotfrukts- baljväxträtter o produkter,0.1,g
2058,Lök rostad ,Betakaroten/β-Karoten,Grönsaks- rotfrukts- baljväxträtter o produkter,37.0,µg
2058,Lök rostad ,Avfall (skal etc.),Grönsaks- rotfrukts- baljväxträtter o produkter,0.0,%
2058,Lök rostad ,Aska,Grönsaks- rotfrukts- baljväxträtter o produkter,2.6,g
2058,Lök rostad ,Alkohol,Grönsaks- rotfrukts- baljväxträtter o produkter,0.0,g
2059,"Glass glasspinne m. frukt  mjölk fett 5,5%","Zink, Zn",Glass,0.3,mg
2059,"Glass glasspinne m. frukt  mjölk fett 5,5%",Vitamin E,Glass,0.3,mg
2059,"Glass glasspinne m. frukt  mjölk fett 5,5%",Vitamin D,Glass,0.48,µg
2059,"Glass glasspinne m. frukt  mjölk fett 5,5%",Vitamin C,Glass,3.4,mg
2059,"Glass glasspinne m. frukt  mjölk fett 5,5%",Vitamin B6,Glass,0.08,mg
2059,"Glass glasspinne m. frukt  mjölk fett 5,5%",Vitamin B12,Glass,0.33,µg
2059,"Glass glasspinne m. frukt  mjölk fett 5,5%",Vitamin A,Glass,47.3,RE/µg
2059,"Glass glasspinne m. frukt  mjölk fett 5,5%",Vatten,Glass,64.8,g
2059,"Glass glasspinne m. frukt  mjölk fett 5,5%",Tiamin,Glass,0.04,mg
2059,"Glass glasspinne m. frukt  mjölk fett 5,5%",Tillsatt socker,Glass,14.0,g
2059,"Glass glasspinne m. frukt  mjölk fett 5,5%",Fritt socker,Glass,14.0,g
2059,"Glass glasspinne m. frukt  mjölk fett 5,5%","Selen, Se",Glass,1.4,µg
2059,"Glass glasspinne m. frukt  mjölk fett 5,5%",Sackaros,Glass,7.9,g
2059,"Glass glasspinne m. frukt  mjölk fett 5,5%",Riboflavin,Glass,0.22,mg
2059,"Glass glasspinne m. frukt  mjölk fett 5,5%",Retinol,Glass,45.5,µg
2059,"Glass glasspinne m. frukt  mjölk fett 5,5%",Protein,Glass,3.3,g
2059,"Glass glasspinne m. frukt  mjölk fett 5,5%",Summa fleromättade fettsyror,Glass,0.2,g
2059,"Glass glasspinne m. frukt  mjölk fett 5,5%","Fosfor, P",Glass,88.0,mg
2059,"Glass glasspinne m. frukt  mjölk fett 5,5%",Niacinekvivalenter,Glass,1.0,NE/mg
2059,"Glass glasspinne m. frukt  mjölk fett 5,5%",Niacin,Glass,0.24,mg
2059,"Glass glasspinne m. frukt  mjölk fett 5,5%","Salt, NaCl",Glass,0.1,g
2059,"Glass glasspinne m. frukt  mjölk fett 5,5%","Natrium, Na",Glass,48.0,mg
2059,"Glass glasspinne m. frukt  mjölk fett 5,5%",Monosackarider,Glass,7.4,g
2059,"Glass glasspinne m. frukt  mjölk fett 5,5%","Sockerarter, totalt",Glass,20.8,g
2059,"Glass glasspinne m. frukt  mjölk fett 5,5%",Summa enkelomättade fettsyror,Glass,1.4,g
2059,"Glass glasspinne m. frukt  mjölk fett 5,5%","Magnesium, Mg",Glass,17.0,mg
2059,"Glass glasspinne m. frukt  mjölk fett 5,5%",Summa mättade fettsyror,Glass,3.7,g
2059,"Glass glasspinne m. frukt  mjölk fett 5,5%","Kolhydrater, tillgängliga",Glass,25.5,g
2059,"Glass glasspinne m. frukt  mjölk fett 5,5%",Kolesterol,Glass,17.2,mg
2059,"Glass glasspinne m. frukt  mjölk fett 5,5%","Kalium, K",Glass,249.0,mg
2059,"Glass glasspinne m. frukt  mjölk fett 5,5%","Jod, I",Glass,9.0,µg
2059,"Glass glasspinne m. frukt  mjölk fett 5,5%",Fullkorn totalt,Glass,0.0,g
2059,"Glass glasspinne m. frukt  mjölk fett 5,5%","Folat, totalt",Glass,24.2,µg
2059,"Glass glasspinne m. frukt  mjölk fett 5,5%",Fibrer,Glass,0.0,g
2059,"Glass glasspinne m. frukt  mjölk fett 5,5%","Fett, totalt",Glass,5.6,g
2059,"Glass glasspinne m. frukt  mjölk fett 5,5%","Järn, Fe",Glass,0.1,mg
2059,"Glass glasspinne m. frukt  mjölk fett 5,5%",Energi (kJ),Glass,696.0,kJ
2059,"Glass glasspinne m. frukt  mjölk fett 5,5%",Energi (kcal),Glass,166.0,kcal
2059,"Glass glasspinne m. frukt  mjölk fett 5,5%",Disackarider,Glass,13.4,g
2059,"Glass glasspinne m. frukt  mjölk fett 5,5%","Kalcium, Ca",Glass,99.0,mg
2059,"Glass glasspinne m. frukt  mjölk fett 5,5%",Fettsyra 4:0-10:0,Glass,0.4,g
2059,"Glass glasspinne m. frukt  mjölk fett 5,5%",DHA (C22:6),Glass,0.0,g
2059,"Glass glasspinne m. frukt  mjölk fett 5,5%",DPA (C22:5),Glass,0.0,g
2059,"Glass glasspinne m. frukt  mjölk fett 5,5%",EPA (C20:5),Glass,0.0,g
2059,"Glass glasspinne m. frukt  mjölk fett 5,5%",Arakidonsyra C20:4,Glass,0.0,g
2059,"Glass glasspinne m. frukt  mjölk fett 5,5%",Arakidinsyra C20:0,Glass,0.0,g
2059,"Glass glasspinne m. frukt  mjölk fett 5,5%",Linolensyra C18:3,Glass,0.0,g
2059,"Glass glasspinne m. frukt  mjölk fett 5,5%",Linolsyra C18:2,Glass,0.1,g
2059,"Glass glasspinne m. frukt  mjölk fett 5,5%",Oljesyra C18:1,Glass,1.2,g
2059,"Glass glasspinne m. frukt  mjölk fett 5,5%",Stearinsyra C18:0,Glass,0.7,g
2059,"Glass glasspinne m. frukt  mjölk fett 5,5%",Palmitoljesyra C16:1,Glass,0.1,g
2059,"Glass glasspinne m. frukt  mjölk fett 5,5%",Palmitinsyra C16:0,Glass,1.7,g
2059,"Glass glasspinne m. frukt  mjölk fett 5,5%",Myristinsyra C14:0,Glass,0.6,g
2059,"Glass glasspinne m. frukt  mjölk fett 5,5%",Laurinsyra C12:0,Glass,0.2,g
2059,"Glass glasspinne m. frukt  mjölk fett 5,5%",Betakaroten/β-Karoten,Glass,20.0,µg
2059,"Glass glasspinne m. frukt  mjölk fett 5,5%",Avfall (skal etc.),Glass,0.0,%
2059,"Glass glasspinne m. frukt  mjölk fett 5,5%",Aska,Glass,0.9,g
2059,"Glass glasspinne m. frukt  mjölk fett 5,5%",Alkohol,Glass,0.0,g
2060,Glass glasspinne fett 10%,"Zink, Zn",Glass,0.4,mg
2060,Glass glasspinne fett 10%,Vitamin E,Glass,0.7,mg
2060,Glass glasspinne fett 10%,Vitamin D,Glass,0.16,µg
2060,Glass glasspinne fett 10%,Vitamin C,Glass,0.0,mg
2060,Glass glasspinne fett 10%,Vitamin B6,Glass,0.08,mg
2060,Glass glasspinne fett 10%,Vitamin B12,Glass,0.48,µg
2060,Glass glasspinne fett 10%,Vitamin A,Glass,91.0,RE/µg
2060,Glass glasspinne fett 10%,Vatten,Glass,62.2,g
2060,Glass glasspinne fett 10%,Tiamin,Glass,0.06,mg
2060,Glass glasspinne fett 10%,Tillsatt socker,Glass,12.0,g
2060,Glass glasspinne fett 10%,Fritt socker,Glass,12.0,g
2060,Glass glasspinne fett 10%,"Selen, Se",Glass,2.1,µg
2060,Glass glasspinne fett 10%,Sackaros,Glass,10.0,g
2060,Glass glasspinne fett 10%,Riboflavin,Glass,0.33,mg
2060,Glass glasspinne fett 10%,Retinol,Glass,79.2,µg
2060,Glass glasspinne fett 10%,Protein,Glass,4.1,g
2060,Glass glasspinne fett 10%,Summa fleromättade fettsyror,Glass,0.6,g
2060,Glass glasspinne fett 10%,"Fosfor, P",Glass,113.0,mg
2060,Glass glasspinne fett 10%,Niacinekvivalenter,Glass,1.1,NE/mg
2060,Glass glasspinne fett 10%,Niacin,Glass,0.15,mg
2060,Glass glasspinne fett 10%,"Salt, NaCl",Glass,0.2,g
2060,Glass glasspinne fett 10%,"Natrium, Na",Glass,62.0,mg
2060,Glass glasspinne fett 10%,Monosackarider,Glass,0.9,g
2060,Glass glasspinne fett 10%,"Sockerarter, totalt",Glass,17.4,g
2060,Glass glasspinne fett 10%,Summa enkelomättade fettsyror,Glass,2.6,g
2060,Glass glasspinne fett 10%,"Magnesium, Mg",Glass,17.0,mg
2060,Glass glasspinne fett 10%,Summa mättade fettsyror,Glass,6.4,g
2060,Glass glasspinne fett 10%,"Kolhydrater, tillgängliga",Glass,22.6,g
2060,Glass glasspinne fett 10%,Kolesterol,Glass,24.2,mg
2060,Glass glasspinne fett 10%,"Kalium, K",Glass,215.0,mg
2060,Glass glasspinne fett 10%,"Jod, I",Glass,9.0,µg
2060,Glass glasspinne fett 10%,Fullkorn totalt,Glass,0.0,g
2060,Glass glasspinne fett 10%,"Folat, totalt",Glass,15.3,µg
2060,Glass glasspinne fett 10%,Fibrer,Glass,0.0,g
2060,Glass glasspinne fett 10%,"Fett, totalt",Glass,10.2,g
2060,Glass glasspinne fett 10%,"Järn, Fe",Glass,0.2,mg
2060,Glass glasspinne fett 10%,Energi (kJ),Glass,831.0,kJ
2060,Glass glasspinne fett 10%,Energi (kcal),Glass,199.0,kcal
2060,Glass glasspinne fett 10%,Disackarider,Glass,16.5,g
2060,Glass glasspinne fett 10%,"Kalcium, Ca",Glass,129.0,mg
2060,Glass glasspinne fett 10%,Fettsyra 4:0-10:0,Glass,0.0,g
2060,Glass glasspinne fett 10%,DHA (C22:6),Glass,0.0,g
2060,Glass glasspinne fett 10%,DPA (C22:5),Glass,0.0,g
2060,Glass glasspinne fett 10%,EPA (C20:5),Glass,0.0,g
2060,Glass glasspinne fett 10%,Arakidonsyra C20:4,Glass,0.0,g
2060,Glass glasspinne fett 10%,Arakidinsyra C20:0,Glass,0.0,g
2060,Glass glasspinne fett 10%,Linolensyra C18:3,Glass,0.1,g
2060,Glass glasspinne fett 10%,Linolsyra C18:2,Glass,0.4,g
2060,Glass glasspinne fett 10%,Oljesyra C18:1,Glass,2.4,g
2060,Glass glasspinne fett 10%,Stearinsyra C18:0,Glass,0.9,g
2060,Glass glasspinne fett 10%,Palmitoljesyra C16:1,Glass,0.1,g
2060,Glass glasspinne fett 10%,Palmitinsyra C16:0,Glass,3.0,g
2060,Glass glasspinne fett 10%,Myristinsyra C14:0,Glass,0.8,g
2060,Glass glasspinne fett 10%,Laurinsyra C12:0,Glass,0.6,g
2060,Glass glasspinne fett 10%,Betakaroten/β-Karoten,Glass,140.0,µg
2060,Glass glasspinne fett 10%,Avfall (skal etc.),Glass,0.0,%
2060,Glass glasspinne fett 10%,Aska,Glass,1.0,g
2060,Glass glasspinne fett 10%,Alkohol,Glass,0.0,g
2061,Bar m. fiber havre vete naturell,"Zink, Zn",Flingor - frukostflingor,1.7,mg
2061,Bar m. fiber havre vete naturell,Vitamin E,Flingor - frukostflingor,7.9,mg
2061,Bar m. fiber havre vete naturell,Vitamin D,Flingor - frukostflingor,0.46,µg
2061,Bar m. fiber havre vete naturell,Vitamin C,Flingor - frukostflingor,0.0,mg
2061,Bar m. fiber havre vete naturell,Vitamin B6,Flingor - frukostflingor,2.58,mg
2061,Bar m. fiber havre vete naturell,Vitamin B12,Flingor - frukostflingor,0.0,µg
2061,Bar m. fiber havre vete naturell,Vitamin A,Flingor - frukostflingor,5.0,RE/µg
2061,Bar m. fiber havre vete naturell,Vatten,Flingor - frukostflingor,3.5,g
2061,Bar m. fiber havre vete naturell,Tiamin,Flingor - frukostflingor,2.0,mg
2061,Bar m. fiber havre vete naturell,Tillsatt socker,Flingor - frukostflingor,23.0,g
2061,Bar m. fiber havre vete naturell,Fritt socker,Flingor - frukostflingor,23.0,g
2061,Bar m. fiber havre vete naturell,"Selen, Se",Flingor - frukostflingor,3.0,µg
2061,Bar m. fiber havre vete naturell,Sackaros,Flingor - frukostflingor,13.6,g
2061,Bar m. fiber havre vete naturell,Riboflavin,Flingor - frukostflingor,2.02,mg
2061,Bar m. fiber havre vete naturell,Retinol,Flingor - frukostflingor,4.7,µg
2061,Bar m. fiber havre vete naturell,Protein,Flingor - frukostflingor,6.9,g
2061,Bar m. fiber havre vete naturell,Summa fleromättade fettsyror,Flingor - frukostflingor,3.6,g
2061,Bar m. fiber havre vete naturell,"Fosfor, P",Flingor - frukostflingor,296.0,mg
2061,Bar m. fiber havre vete naturell,Niacinekvivalenter,Flingor - frukostflingor,18.7,NE/mg
2061,Bar m. fiber havre vete naturell,Niacin,Flingor - frukostflingor,17.6,mg
2061,Bar m. fiber havre vete naturell,"Salt, NaCl",Flingor - frukostflingor,0.9,g
2061,Bar m. fiber havre vete naturell,"Natrium, Na",Flingor - frukostflingor,361.0,mg
2061,Bar m. fiber havre vete naturell,Monosackarider,Flingor - frukostflingor,7.6,g
2061,Bar m. fiber havre vete naturell,"Sockerarter, totalt",Flingor - frukostflingor,22.9,g
2061,Bar m. fiber havre vete naturell,Summa enkelomättade fettsyror,Flingor - frukostflingor,7.0,g
2061,Bar m. fiber havre vete naturell,"Magnesium, Mg",Flingor - frukostflingor,78.0,mg
2061,Bar m. fiber havre vete naturell,Summa mättade fettsyror,Flingor - frukostflingor,4.4,g
2061,Bar m. fiber havre vete naturell,"Kolhydrater, tillgängliga",Flingor - frukostflingor,49.9,g
2061,Bar m. fiber havre vete naturell,Kolesterol,Flingor - frukostflingor,19.6,mg
2061,Bar m. fiber havre vete naturell,"Kalium, K",Flingor - frukostflingor,358.0,mg
2061,Bar m. fiber havre vete naturell,"Jod, I",Flingor - frukostflingor,5.0,µg
2061,Bar m. fiber havre vete naturell,Fullkorn totalt,Flingor - frukostflingor,0.0,g
2061,Bar m. fiber havre vete naturell,"Folat, totalt",Flingor - frukostflingor,259.0,µg
2061,Bar m. fiber havre vete naturell,Fibrer,Flingor - frukostflingor,16.5,g
2061,Bar m. fiber havre vete naturell,"Fett, totalt",Flingor - frukostflingor,20.8,g
2061,Bar m. fiber havre vete naturell,"Järn, Fe",Flingor - frukostflingor,8.0,mg
2061,Bar m. fiber havre vete naturell,Energi (kJ),Flingor - frukostflingor,1867.0,kJ
2061,Bar m. fiber havre vete naturell,Energi (kcal),Flingor - frukostflingor,446.0,kcal
2061,Bar m. fiber havre vete naturell,Disackarider,Flingor - frukostflingor,15.3,g
2061,Bar m. fiber havre vete naturell,"Kalcium, Ca",Flingor - frukostflingor,86.0,mg
2061,Bar m. fiber havre vete naturell,Fettsyra 4:0-10:0,Flingor - frukostflingor,0.0,g
2061,Bar m. fiber havre vete naturell,DHA (C22:6),Flingor - frukostflingor,0.0,g
2061,Bar m. fiber havre vete naturell,DPA (C22:5),Flingor - frukostflingor,0.0,g
2061,Bar m. fiber havre vete naturell,EPA (C20:5),Flingor - frukostflingor,0.0,g
2061,Bar m. fiber havre vete naturell,Arakidonsyra C20:4,Flingor - frukostflingor,0.0,g
2061,Bar m. fiber havre vete naturell,Arakidinsyra C20:0,Flingor - frukostflingor,0.0,g
2061,Bar m. fiber havre vete naturell,Linolensyra C18:3,Flingor - frukostflingor,0.1,g
2061,Bar m. fiber havre vete naturell,Linolsyra C18:2,Flingor - frukostflingor,3.6,g
2061,Bar m. fiber havre vete naturell,Oljesyra C18:1,Flingor - frukostflingor,6.9,g
2061,Bar m. fiber havre vete naturell,Stearinsyra C18:0,Flingor - frukostflingor,0.6,g
2061,Bar m. fiber havre vete naturell,Palmitoljesyra C16:1,Flingor - frukostflingor,0.0,g
2061,Bar m. fiber havre vete naturell,Palmitinsyra C16:0,Flingor - frukostflingor,3.5,g
2061,Bar m. fiber havre vete naturell,Myristinsyra C14:0,Flingor - frukostflingor,0.1,g
2061,Bar m. fiber havre vete naturell,Laurinsyra C12:0,Flingor - frukostflingor,0.0,g
2061,Bar m. fiber havre vete naturell,Betakaroten/β-Karoten,Flingor - frukostflingor,0.0,µg
2061,Bar m. fiber havre vete naturell,Avfall (skal etc.),Flingor - frukostflingor,0.0,%
2061,Bar m. fiber havre vete naturell,Aska,Flingor - frukostflingor,2.4,g
2061,Bar m. fiber havre vete naturell,Alkohol,Flingor - frukostflingor,0.0,g
2062,Knäckemacka vete olika fyllningar,"Zink, Zn",Pizza paj pirog färdig smörgås,1.6,mg
2062,Knäckemacka vete olika fyllningar,Vitamin E,Pizza paj pirog färdig smörgås,1.8,mg
2062,Knäckemacka vete olika fyllningar,Vitamin D,Pizza paj pirog färdig smörgås,0.17,µg
2062,Knäckemacka vete olika fyllningar,Vitamin C,Pizza paj pirog färdig smörgås,0.0,mg
2062,Knäckemacka vete olika fyllningar,Vitamin B6,Pizza paj pirog färdig smörgås,0.19,mg
2062,Knäckemacka vete olika fyllningar,Vitamin B12,Pizza paj pirog färdig smörgås,0.22,µg
2062,Knäckemacka vete olika fyllningar,Vitamin A,Pizza paj pirog färdig smörgås,58.6,RE/µg
2062,Knäckemacka vete olika fyllningar,Vatten,Pizza paj pirog färdig smörgås,4.5,g
2062,Knäckemacka vete olika fyllningar,Tiamin,Pizza paj pirog färdig smörgås,0.14,mg
2062,Knäckemacka vete olika fyllningar,Tillsatt socker,Pizza paj pirog färdig smörgås,4.0,g
2062,Knäckemacka vete olika fyllningar,Fritt socker,Pizza paj pirog färdig smörgås,4.0,g
2062,Knäckemacka vete olika fyllningar,"Selen, Se",Pizza paj pirog färdig smörgås,3.3,µg
2062,Knäckemacka vete olika fyllningar,Sackaros,Pizza paj pirog färdig smörgås,0.5,g
2062,Knäckemacka vete olika fyllningar,Riboflavin,Pizza paj pirog färdig smörgås,0.26,mg
2062,Knäckemacka vete olika fyllningar,Retinol,Pizza paj pirog färdig smörgås,41.2,µg
2062,Knäckemacka vete olika fyllningar,Protein,Pizza paj pirog färdig smörgås,11.7,g
2062,Knäckemacka vete olika fyllningar,Summa fleromättade fettsyror,Pizza paj pirog färdig smörgås,2.2,g
2062,Knäckemacka vete olika fyllningar,"Fosfor, P",Pizza paj pirog färdig smörgås,312.0,mg
2062,Knäckemacka vete olika fyllningar,Niacinekvivalenter,Pizza paj pirog färdig smörgås,4.4,NE/mg
2062,Knäckemacka vete olika fyllningar,Niacin,Pizza paj pirog färdig smörgås,1.67,mg
2062,Knäckemacka vete olika fyllningar,"Salt, NaCl",Pizza paj pirog färdig smörgås,1.8,g
2062,Knäckemacka vete olika fyllningar,"Natrium, Na",Pizza paj pirog färdig smörgås,705.0,mg
2062,Knäckemacka vete olika fyllningar,Monosackarider,Pizza paj pirog färdig smörgås,2.0,g
2062,Knäckemacka vete olika fyllningar,"Sockerarter, totalt",Pizza paj pirog färdig smörgås,6.2,g
2062,Knäckemacka vete olika fyllningar,Summa enkelomättade fettsyror,Pizza paj pirog färdig smörgås,6.0,g
2062,Knäckemacka vete olika fyllningar,"Magnesium, Mg",Pizza paj pirog färdig smörgås,42.0,mg
2062,Knäckemacka vete olika fyllningar,Summa mättade fettsyror,Pizza paj pirog färdig smörgås,15.7,g
2062,Knäckemacka vete olika fyllningar,"Kolhydrater, tillgängliga",Pizza paj pirog färdig smörgås,52.1,g
2062,Knäckemacka vete olika fyllningar,Kolesterol,Pizza paj pirog färdig smörgås,16.0,mg
2062,Knäckemacka vete olika fyllningar,"Kalium, K",Pizza paj pirog färdig smörgås,303.0,mg
2062,Knäckemacka vete olika fyllningar,"Jod, I",Pizza paj pirog färdig smörgås,12.0,µg
2062,Knäckemacka vete olika fyllningar,Fullkorn totalt,Pizza paj pirog färdig smörgås,0.0,g
2062,Knäckemacka vete olika fyllningar,"Folat, totalt",Pizza paj pirog färdig smörgås,65.4,µg
2062,Knäckemacka vete olika fyllningar,Fibrer,Pizza paj pirog färdig smörgås,3.6,g
2062,Knäckemacka vete olika fyllningar,"Fett, totalt",Pizza paj pirog färdig smörgås,25.0,g
2062,Knäckemacka vete olika fyllningar,"Järn, Fe",Pizza paj pirog färdig smörgås,1.1,mg
2062,Knäckemacka vete olika fyllningar,Energi (kJ),Pizza paj pirog färdig smörgås,2039.0,kJ
2062,Knäckemacka vete olika fyllningar,Energi (kcal),Pizza paj pirog färdig smörgås,487.0,kcal
2062,Knäckemacka vete olika fyllningar,Disackarider,Pizza paj pirog färdig smörgås,4.2,g
2062,Knäckemacka vete olika fyllningar,"Kalcium, Ca",Pizza paj pirog färdig smörgås,183.0,mg
2062,Knäckemacka vete olika fyllningar,Fettsyra 4:0-10:0,Pizza paj pirog färdig smörgås,0.0,g
2062,Knäckemacka vete olika fyllningar,DHA (C22:6),Pizza paj pirog färdig smörgås,0.0,g
2062,Knäckemacka vete olika fyllningar,DPA (C22:5),Pizza paj pirog färdig smörgås,0.0,g
2062,Knäckemacka vete olika fyllningar,EPA (C20:5),Pizza paj pirog färdig smörgås,0.0,g
2062,Knäckemacka vete olika fyllningar,Arakidonsyra C20:4,Pizza paj pirog färdig smörgås,0.0,g
2062,Knäckemacka vete olika fyllningar,Arakidinsyra C20:0,Pizza paj pirog färdig smörgås,0.1,g
2062,Knäckemacka vete olika fyllningar,Linolensyra C18:3,Pizza paj pirog färdig smörgås,0.1,g
2062,Knäckemacka vete olika fyllningar,Linolsyra C18:2,Pizza paj pirog färdig smörgås,2.0,g
2062,Knäckemacka vete olika fyllningar,Oljesyra C18:1,Pizza paj pirog färdig smörgås,5.8,g
2062,Knäckemacka vete olika fyllningar,Stearinsyra C18:0,Pizza paj pirog färdig smörgås,1.2,g
2062,Knäckemacka vete olika fyllningar,Palmitoljesyra C16:1,Pizza paj pirog färdig smörgås,0.1,g
2062,Knäckemacka vete olika fyllningar,Palmitinsyra C16:0,Pizza paj pirog färdig smörgås,7.8,g
2062,Knäckemacka vete olika fyllningar,Myristinsyra C14:0,Pizza paj pirog färdig smörgås,1.8,g
2062,Knäckemacka vete olika fyllningar,Laurinsyra C12:0,Pizza paj pirog färdig smörgås,3.3,g
2062,Knäckemacka vete olika fyllningar,Betakaroten/β-Karoten,Pizza paj pirog färdig smörgås,206.0,µg
2062,Knäckemacka vete olika fyllningar,Avfall (skal etc.),Pizza paj pirog färdig smörgås,0.0,%
2062,Knäckemacka vete olika fyllningar,Aska,Pizza paj pirog färdig smörgås,3.0,g
2062,Knäckemacka vete olika fyllningar,Alkohol,Pizza paj pirog färdig smörgås,0.0,g
2063,Knäckemacka fullkorn råg olika fyllningar,"Zink, Zn",Pizza paj pirog färdig smörgås,2.5,mg
2063,Knäckemacka fullkorn råg olika fyllningar,Vitamin E,Pizza paj pirog färdig smörgås,1.7,mg
2063,Knäckemacka fullkorn råg olika fyllningar,Vitamin D,Pizza paj pirog färdig smörgås,0.11,µg
2063,Knäckemacka fullkorn råg olika fyllningar,Vitamin C,Pizza paj pirog färdig smörgås,0.0,mg
2063,Knäckemacka fullkorn råg olika fyllningar,Vitamin B6,Pizza paj pirog färdig smörgås,0.24,mg
2063,Knäckemacka fullkorn råg olika fyllningar,Vitamin B12,Pizza paj pirog färdig smörgås,0.34,µg
2063,Knäckemacka fullkorn råg olika fyllningar,Vitamin A,Pizza paj pirog färdig smörgås,79.1,RE/µg
2063,Knäckemacka fullkorn råg olika fyllningar,Vatten,Pizza paj pirog färdig smörgås,4.2,g
2063,Knäckemacka fullkorn råg olika fyllningar,Tiamin,Pizza paj pirog färdig smörgås,0.15,mg
2063,Knäckemacka fullkorn råg olika fyllningar,Tillsatt socker,Pizza paj pirog färdig smörgås,1.0,g
2063,Knäckemacka fullkorn råg olika fyllningar,Fritt socker,Pizza paj pirog färdig smörgås,1.0,g
2063,Knäckemacka fullkorn råg olika fyllningar,"Selen, Se",Pizza paj pirog färdig smörgås,3.6,µg
2063,Knäckemacka fullkorn råg olika fyllningar,Sackaros,Pizza paj pirog färdig smörgås,0.2,g
2063,Knäckemacka fullkorn råg olika fyllningar,Riboflavin,Pizza paj pirog färdig smörgås,0.27,mg
2063,Knäckemacka fullkorn råg olika fyllningar,Retinol,Pizza paj pirog färdig smörgås,57.6,µg
2063,Knäckemacka fullkorn råg olika fyllningar,Protein,Pizza paj pirog färdig smörgås,12.6,g
2063,Knäckemacka fullkorn råg olika fyllningar,Summa fleromättade fettsyror,Pizza paj pirog färdig smörgås,1.3,g
2063,Knäckemacka fullkorn råg olika fyllningar,"Fosfor, P",Pizza paj pirog färdig smörgås,414.0,mg
2063,Knäckemacka fullkorn råg olika fyllningar,Niacinekvivalenter,Pizza paj pirog färdig smörgås,4.0,NE/mg
2063,Knäckemacka fullkorn råg olika fyllningar,Niacin,Pizza paj pirog färdig smörgås,1.03,mg
2063,Knäckemacka fullkorn råg olika fyllningar,"Salt, NaCl",Pizza paj pirog färdig smörgås,2.2,g
2063,Knäckemacka fullkorn råg olika fyllningar,"Natrium, Na",Pizza paj pirog färdig smörgås,860.0,mg
2063,Knäckemacka fullkorn råg olika fyllningar,Monosackarider,Pizza paj pirog färdig smörgås,1.2,g
2063,Knäckemacka fullkorn råg olika fyllningar,"Sockerarter, totalt",Pizza paj pirog färdig smörgås,3.1,g
2063,Knäckemacka fullkorn råg olika fyllningar,Summa enkelomättade fettsyror,Pizza paj pirog färdig smörgås,5.5,g
2063,Knäckemacka fullkorn råg olika fyllningar,"Magnesium, Mg",Pizza paj pirog färdig smörgås,57.0,mg
2063,Knäckemacka fullkorn råg olika fyllningar,Summa mättade fettsyror,Pizza paj pirog färdig smörgås,16.6,g
2063,Knäckemacka fullkorn råg olika fyllningar,"Kolhydrater, tillgängliga",Pizza paj pirog färdig smörgås,45.9,g
2063,Knäckemacka fullkorn råg olika fyllningar,Kolesterol,Pizza paj pirog färdig smörgås,22.6,mg
2063,Knäckemacka fullkorn råg olika fyllningar,"Kalium, K",Pizza paj pirog färdig smörgås,383.0,mg
2063,Knäckemacka fullkorn råg olika fyllningar,"Jod, I",Pizza paj pirog färdig smörgås,11.0,µg
2063,Knäckemacka fullkorn råg olika fyllningar,Fullkorn totalt,Pizza paj pirog färdig smörgås,82.0,g
2063,Knäckemacka fullkorn råg olika fyllningar,"Folat, totalt",Pizza paj pirog färdig smörgås,73.5,µg
2063,Knäckemacka fullkorn råg olika fyllningar,Fibrer,Pizza paj pirog färdig smörgås,9.1,g
2063,Knäckemacka fullkorn råg olika fyllningar,"Fett, totalt",Pizza paj pirog färdig smörgås,24.5,g
2063,Knäckemacka fullkorn råg olika fyllningar,"Järn, Fe",Pizza paj pirog färdig smörgås,1.5,mg
2063,Knäckemacka fullkorn råg olika fyllningar,Energi (kJ),Pizza paj pirog färdig smörgås,1972.0,kJ
2063,Knäckemacka fullkorn råg olika fyllningar,Energi (kcal),Pizza paj pirog färdig smörgås,471.0,kcal
2063,Knäckemacka fullkorn råg olika fyllningar,Disackarider,Pizza paj pirog färdig smörgås,1.9,g
2063,Knäckemacka fullkorn råg olika fyllningar,"Kalcium, Ca",Pizza paj pirog färdig smörgås,200.0,mg
2063,Knäckemacka fullkorn råg olika fyllningar,Fettsyra 4:0-10:0,Pizza paj pirog färdig smörgås,0.0,g
2063,Knäckemacka fullkorn råg olika fyllningar,DHA (C22:6),Pizza paj pirog färdig smörgås,0.0,g
2063,Knäckemacka fullkorn råg olika fyllningar,DPA (C22:5),Pizza paj pirog färdig smörgås,0.0,g
2063,Knäckemacka fullkorn råg olika fyllningar,EPA (C20:5),Pizza paj pirog färdig smörgås,0.0,g
2063,Knäckemacka fullkorn råg olika fyllningar,Arakidonsyra C20:4,Pizza paj pirog färdig smörgås,0.0,g
2063,Knäckemacka fullkorn råg olika fyllningar,Arakidinsyra C20:0,Pizza paj pirog färdig smörgås,0.1,g
2063,Knäckemacka fullkorn råg olika fyllningar,Linolensyra C18:3,Pizza paj pirog färdig smörgås,0.1,g
2063,Knäckemacka fullkorn råg olika fyllningar,Linolsyra C18:2,Pizza paj pirog färdig smörgås,1.1,g
2063,Knäckemacka fullkorn råg olika fyllningar,Oljesyra C18:1,Pizza paj pirog färdig smörgås,5.3,g
2063,Knäckemacka fullkorn råg olika fyllningar,Stearinsyra C18:0,Pizza paj pirog färdig smörgås,1.4,g
2063,Knäckemacka fullkorn råg olika fyllningar,Palmitoljesyra C16:1,Pizza paj pirog färdig smörgås,0.1,g
2063,Knäckemacka fullkorn råg olika fyllningar,Palmitinsyra C16:0,Pizza paj pirog färdig smörgås,7.6,g
2063,Knäckemacka fullkorn råg olika fyllningar,Myristinsyra C14:0,Pizza paj pirog färdig smörgås,2.0,g
2063,Knäckemacka fullkorn råg olika fyllningar,Laurinsyra C12:0,Pizza paj pirog färdig smörgås,3.7,g
2063,Knäckemacka fullkorn råg olika fyllningar,Betakaroten/β-Karoten,Pizza paj pirog färdig smörgås,256.0,µg
2063,Knäckemacka fullkorn råg olika fyllningar,Avfall (skal etc.),Pizza paj pirog färdig smörgås,0.0,%
2063,Knäckemacka fullkorn råg olika fyllningar,Aska,Pizza paj pirog färdig smörgås,3.8,g
2063,Knäckemacka fullkorn råg olika fyllningar,Alkohol,Pizza paj pirog färdig smörgås,0.0,g
2064,Falafel kikärtskroketter frysvara,"Zink, Zn",Grönsaks- rotfrukts- baljväxträtter o produkter,1.1,mg
2064,Falafel kikärtskroketter frysvara,Vitamin E,Grönsaks- rotfrukts- baljväxträtter o produkter,2.6,mg
2064,Falafel kikärtskroketter frysvara,Vitamin D inkl 25-OH-D3,Grönsaks- rotfrukts- baljväxträtter o produkter,0.0,µg
2064,Falafel kikärtskroketter frysvara,Vitamin D,Grönsaks- rotfrukts- baljväxträtter o produkter,0.0,µg
2064,Falafel kikärtskroketter frysvara,Vitamin C,Grönsaks- rotfrukts- baljväxträtter o produkter,0.2,mg
2064,Falafel kikärtskroketter frysvara,Vitamin B6,Grönsaks- rotfrukts- baljväxträtter o produkter,0.19,mg
2064,Falafel kikärtskroketter frysvara,Vitamin B12,Grönsaks- rotfrukts- baljväxträtter o produkter,0.0,µg
2064,Falafel kikärtskroketter frysvara,Vitamin A,Grönsaks- rotfrukts- baljväxträtter o produkter,13.2,RE/µg
2064,Falafel kikärtskroketter frysvara,Vatten,Grönsaks- rotfrukts- baljväxträtter o produkter,50.9,g
2064,Falafel kikärtskroketter frysvara,Tiamin,Grönsaks- rotfrukts- baljväxträtter o produkter,0.17,mg
2064,Falafel kikärtskroketter frysvara,Tillsatt socker,Grönsaks- rotfrukts- baljväxträtter o produkter,0.0,g
2064,Falafel kikärtskroketter frysvara,Fritt socker,Grönsaks- rotfrukts- baljväxträtter o produkter,0.0,g
2064,Falafel kikärtskroketter frysvara,"Selen, Se",Grönsaks- rotfrukts- baljväxträtter o produkter,18.0,µg
2064,Falafel kikärtskroketter frysvara,Sackaros,Grönsaks- rotfrukts- baljväxträtter o produkter,0.4,g
2064,Falafel kikärtskroketter frysvara,Riboflavin,Grönsaks- rotfrukts- baljväxträtter o produkter,0.06,mg
2064,Falafel kikärtskroketter frysvara,Retinol,Grönsaks- rotfrukts- baljväxträtter o produkter,0.0,µg
2064,Falafel kikärtskroketter frysvara,Protein,Grönsaks- rotfrukts- baljväxträtter o produkter,8.1,g
2064,Falafel kikärtskroketter frysvara,Summa fleromättade fettsyror,Grönsaks- rotfrukts- baljväxträtter o produkter,3.3,g
2064,Falafel kikärtskroketter frysvara,"Fosfor, P",Grönsaks- rotfrukts- baljväxträtter o produkter,160.0,mg
2064,Falafel kikärtskroketter frysvara,Niacinekvivalenter,Grönsaks- rotfrukts- baljväxträtter o produkter,1.8,NE/mg
2064,Falafel kikärtskroketter frysvara,Niacin,Grönsaks- rotfrukts- baljväxträtter o produkter,0.42,mg
2064,Falafel kikärtskroketter frysvara,"Salt, NaCl",Grönsaks- rotfrukts- baljväxträtter o produkter,1.2,g
2064,Falafel kikärtskroketter frysvara,"Natrium, Na",Grönsaks- rotfrukts- baljväxträtter o produkter,470.0,mg
2064,Falafel kikärtskroketter frysvara,Monosackarider,Grönsaks- rotfrukts- baljväxträtter o produkter,0.6,g
2064,Falafel kikärtskroketter frysvara,"Sockerarter, totalt",Grönsaks- rotfrukts- baljväxträtter o produkter,4.3,g
2064,Falafel kikärtskroketter frysvara,Summa enkelomättade fettsyror,Grönsaks- rotfrukts- baljväxträtter o produkter,6.6,g
2064,Falafel kikärtskroketter frysvara,"Magnesium, Mg",Grönsaks- rotfrukts- baljväxträtter o produkter,45.0,mg
2064,Falafel kikärtskroketter frysvara,Summa mättade fettsyror,Grönsaks- rotfrukts- baljväxträtter o produkter,0.9,g
2064,Falafel kikärtskroketter frysvara,"Kolhydrater, tillgängliga",Grönsaks- rotfrukts- baljväxträtter o produkter,21.2,g
2064,Falafel kikärtskroketter frysvara,Kolesterol,Grönsaks- rotfrukts- baljväxträtter o produkter,0.0,mg
2064,Falafel kikärtskroketter frysvara,"Kalium, K",Grönsaks- rotfrukts- baljväxträtter o produkter,350.0,mg
2064,Falafel kikärtskroketter frysvara,"Jod, I",Grönsaks- rotfrukts- baljväxträtter o produkter,0.0,µg
2064,Falafel kikärtskroketter frysvara,Fullkorn totalt,Grönsaks- rotfrukts- baljväxträtter o produkter,0.0,g
2064,Falafel kikärtskroketter frysvara,"Folat, totalt",Grönsaks- rotfrukts- baljväxträtter o produkter,86.8,µg
2064,Falafel kikärtskroketter frysvara,Fibrer,Grönsaks- rotfrukts- baljväxträtter o produkter,6.1,g
2064,Falafel kikärtskroketter frysvara,"Fett, totalt",Grönsaks- rotfrukts- baljväxträtter o produkter,11.3,g
2064,Falafel kikärtskroketter frysvara,"Järn, Fe",Grönsaks- rotfrukts- baljväxträtter o produkter,1.8,mg
2064,Falafel kikärtskroketter frysvara,Energi (kJ),Grönsaks- rotfrukts- baljväxträtter o produkter,965.0,kJ
2064,Falafel kikärtskroketter frysvara,Energi (kcal),Grönsaks- rotfrukts- baljväxträtter o produkter,231.0,kcal
2064,Falafel kikärtskroketter frysvara,Disackarider,Grönsaks- rotfrukts- baljväxträtter o produkter,3.7,g
2064,Falafel kikärtskroketter frysvara,"Kalcium, Ca",Grönsaks- rotfrukts- baljväxträtter o produkter,91.0,mg
2064,Falafel kikärtskroketter frysvara,Fettsyra 4:0-10:0,Grönsaks- rotfrukts- baljväxträtter o produkter,0.0,g
2064,Falafel kikärtskroketter frysvara,DHA (C22:6),Grönsaks- rotfrukts- baljväxträtter o produkter,0.0,g
2064,Falafel kikärtskroketter frysvara,DPA (C22:5),Grönsaks- rotfrukts- baljväxträtter o produkter,0.0,g
2064,Falafel kikärtskroketter frysvara,EPA (C20:5),Grönsaks- rotfrukts- baljväxträtter o produkter,0.0,g
2064,Falafel kikärtskroketter frysvara,Arakidonsyra C20:4,Grönsaks- rotfrukts- baljväxträtter o produkter,0.0,g
2064,Falafel kikärtskroketter frysvara,Arakidinsyra C20:0,Grönsaks- rotfrukts- baljväxträtter o produkter,0.0,g
2064,Falafel kikärtskroketter frysvara,Linolensyra C18:3,Grönsaks- rotfrukts- baljväxträtter o produkter,0.7,g
2064,Falafel kikärtskroketter frysvara,Linolsyra C18:2,Grönsaks- rotfrukts- baljväxträtter o produkter,2.7,g
2064,Falafel kikärtskroketter frysvara,Oljesyra C18:1,Grönsaks- rotfrukts- baljväxträtter o produkter,6.5,g
2064,Falafel kikärtskroketter frysvara,Stearinsyra C18:0,Grönsaks- rotfrukts- baljväxträtter o produkter,0.2,g
2064,Falafel kikärtskroketter frysvara,Palmitoljesyra C16:1,Grönsaks- rotfrukts- baljväxträtter o produkter,0.0,g
2064,Falafel kikärtskroketter frysvara,Palmitinsyra C16:0,Grönsaks- rotfrukts- baljväxträtter o produkter,0.6,g
2064,Falafel kikärtskroketter frysvara,Myristinsyra C14:0,Grönsaks- rotfrukts- baljväxträtter o produkter,0.0,g
2064,Falafel kikärtskroketter frysvara,Laurinsyra C12:0,Grönsaks- rotfrukts- baljväxträtter o produkter,0.0,g
2064,Falafel kikärtskroketter frysvara,Betakaroten/β-Karoten,Grönsaks- rotfrukts- baljväxträtter o produkter,156.0,µg
2064,Falafel kikärtskroketter frysvara,Avfall (skal etc.),Grönsaks- rotfrukts- baljväxträtter o produkter,0.0,%
2064,Falafel kikärtskroketter frysvara,Aska,Grönsaks- rotfrukts- baljväxträtter o produkter,2.4,g
2064,Falafel kikärtskroketter frysvara,Alkohol,Grönsaks- rotfrukts- baljväxträtter o produkter,0.0,g
2065,Pytt i panna m. sojaprotein veg.,"Zink, Zn",Vegetabiliskt protein produkter och rätter,0.5,mg
2065,Pytt i panna m. sojaprotein veg.,Vitamin E,Vegetabiliskt protein produkter och rätter,0.2,mg
2065,Pytt i panna m. sojaprotein veg.,Vitamin D inkl 25-OH-D3,Vegetabiliskt protein produkter och rätter,0.0,µg
2065,Pytt i panna m. sojaprotein veg.,Vitamin D,Vegetabiliskt protein produkter och rätter,0.0,µg
2065,Pytt i panna m. sojaprotein veg.,Vitamin C,Vegetabiliskt protein produkter och rätter,5.2,mg
2065,Pytt i panna m. sojaprotein veg.,Vitamin B6,Vegetabiliskt protein produkter och rätter,0.25,mg
2065,Pytt i panna m. sojaprotein veg.,Vitamin B12,Vegetabiliskt protein produkter och rätter,0.0,µg
2065,Pytt i panna m. sojaprotein veg.,Vitamin A,Vegetabiliskt protein produkter och rätter,0.0,RE/µg
2065,Pytt i panna m. sojaprotein veg.,Vatten,Vegetabiliskt protein produkter och rätter,69.8,g
2065,Pytt i panna m. sojaprotein veg.,Tiamin,Vegetabiliskt protein produkter och rätter,0.08,mg
2065,Pytt i panna m. sojaprotein veg.,Tillsatt socker,Vegetabiliskt protein produkter och rätter,1.0,g
2065,Pytt i panna m. sojaprotein veg.,Fritt socker,Vegetabiliskt protein produkter och rätter,1.0,g
2065,Pytt i panna m. sojaprotein veg.,"Selen, Se",Vegetabiliskt protein produkter och rätter,1.7,µg
2065,Pytt i panna m. sojaprotein veg.,Sackaros,Vegetabiliskt protein produkter och rätter,0.4,g
2065,Pytt i panna m. sojaprotein veg.,Riboflavin,Vegetabiliskt protein produkter och rätter,0.04,mg
2065,Pytt i panna m. sojaprotein veg.,Retinol,Vegetabiliskt protein produkter och rätter,0.0,µg
2065,Pytt i panna m. sojaprotein veg.,Protein,Vegetabiliskt protein produkter och rätter,5.6,g
2065,Pytt i panna m. sojaprotein veg.,Summa fleromättade fettsyror,Vegetabiliskt protein produkter och rätter,0.2,g
2065,Pytt i panna m. sojaprotein veg.,"Fosfor, P",Vegetabiliskt protein produkter och rätter,69.0,mg
2065,Pytt i panna m. sojaprotein veg.,Niacinekvivalenter,Vegetabiliskt protein produkter och rätter,2.7,NE/mg
2065,Pytt i panna m. sojaprotein veg.,Niacin,Vegetabiliskt protein produkter och rätter,1.82,mg
2065,Pytt i panna m. sojaprotein veg.,"Salt, NaCl",Vegetabiliskt protein produkter och rätter,0.8,g
2065,Pytt i panna m. sojaprotein veg.,"Natrium, Na",Vegetabiliskt protein produkter och rätter,314.0,mg
2065,Pytt i panna m. sojaprotein veg.,Monosackarider,Vegetabiliskt protein produkter och rätter,0.9,g
2065,Pytt i panna m. sojaprotein veg.,"Sockerarter, totalt",Vegetabiliskt protein produkter och rätter,1.4,g
2065,Pytt i panna m. sojaprotein veg.,Summa enkelomättade fettsyror,Vegetabiliskt protein produkter och rätter,1.4,g
2065,Pytt i panna m. sojaprotein veg.,"Magnesium, Mg",Vegetabiliskt protein produkter och rätter,20.0,mg
2065,Pytt i panna m. sojaprotein veg.,Summa mättade fettsyror,Vegetabiliskt protein produkter och rätter,1.8,g
2065,Pytt i panna m. sojaprotein veg.,"Kolhydrater, tillgängliga",Vegetabiliskt protein produkter och rätter,16.3,g
2065,Pytt i panna m. sojaprotein veg.,Kolesterol,Vegetabiliskt protein produkter och rätter,0.0,mg
2065,Pytt i panna m. sojaprotein veg.,"Kalium, K",Vegetabiliskt protein produkter och rätter,374.0,mg
2065,Pytt i panna m. sojaprotein veg.,"Jod, I",Vegetabiliskt protein produkter och rätter,1.0,µg
2065,Pytt i panna m. sojaprotein veg.,Fullkorn totalt,Vegetabiliskt protein produkter och rätter,0.0,g
2065,Pytt i panna m. sojaprotein veg.,"Folat, totalt",Vegetabiliskt protein produkter och rätter,23.9,µg
2065,Pytt i panna m. sojaprotein veg.,Fibrer,Vegetabiliskt protein produkter och rätter,3.1,g
2065,Pytt i panna m. sojaprotein veg.,"Fett, totalt",Vegetabiliskt protein produkter och rätter,3.6,g
2065,Pytt i panna m. sojaprotein veg.,"Järn, Fe",Vegetabiliskt protein produkter och rätter,0.8,mg
2065,Pytt i panna m. sojaprotein veg.,Energi (kJ),Vegetabiliskt protein produkter och rätter,530.0,kJ
2065,Pytt i panna m. sojaprotein veg.,Energi (kcal),Vegetabiliskt protein produkter och rätter,127.0,kcal
2065,Pytt i panna m. sojaprotein veg.,Disackarider,Vegetabiliskt protein produkter och rätter,0.6,g
2065,Pytt i panna m. sojaprotein veg.,"Kalcium, Ca",Vegetabiliskt protein produkter och rätter,18.0,mg
2065,Pytt i panna m. sojaprotein veg.,Fettsyra 4:0-10:0,Vegetabiliskt protein produkter och rätter,0.0,g
2065,Pytt i panna m. sojaprotein veg.,DHA (C22:6),Vegetabiliskt protein produkter och rätter,0.0,g
2065,Pytt i panna m. sojaprotein veg.,DPA (C22:5),Vegetabiliskt protein produkter och rätter,0.0,g
2065,Pytt i panna m. sojaprotein veg.,EPA (C20:5),Vegetabiliskt protein produkter och rätter,0.0,g
2065,Pytt i panna m. sojaprotein veg.,Arakidonsyra C20:4,Vegetabiliskt protein produkter och rätter,0.0,g
2065,Pytt i panna m. sojaprotein veg.,Arakidinsyra C20:0,Vegetabiliskt protein produkter och rätter,0.0,g
2065,Pytt i panna m. sojaprotein veg.,Linolensyra C18:3,Vegetabiliskt protein produkter och rätter,0.0,g
2065,Pytt i panna m. sojaprotein veg.,Linolsyra C18:2,Vegetabiliskt protein produkter och rätter,0.2,g
2065,Pytt i panna m. sojaprotein veg.,Oljesyra C18:1,Vegetabiliskt protein produkter och rätter,1.4,g
2065,Pytt i panna m. sojaprotein veg.,Stearinsyra C18:0,Vegetabiliskt protein produkter och rätter,0.3,g
2065,Pytt i panna m. sojaprotein veg.,Palmitoljesyra C16:1,Vegetabiliskt protein produkter och rätter,0.0,g
2065,Pytt i panna m. sojaprotein veg.,Palmitinsyra C16:0,Vegetabiliskt protein produkter och rätter,1.5,g
2065,Pytt i panna m. sojaprotein veg.,Myristinsyra C14:0,Vegetabiliskt protein produkter och rätter,0.0,g
2065,Pytt i panna m. sojaprotein veg.,Laurinsyra C12:0,Vegetabiliskt protein produkter och rätter,0.0,g
2065,Pytt i panna m. sojaprotein veg.,Betakaroten/β-Karoten,Vegetabiliskt protein produkter och rätter,0.0,µg
2065,Pytt i panna m. sojaprotein veg.,Avfall (skal etc.),Vegetabiliskt protein produkter och rätter,0.0,%
2065,Pytt i panna m. sojaprotein veg.,Aska,Vegetabiliskt protein produkter och rätter,1.6,g
2065,Pytt i panna m. sojaprotein veg.,Alkohol,Vegetabiliskt protein produkter och rätter,0.0,g
2066,Korv veg. soja- och veteprotein kylvara el. frysvara typ grillkorv,"Zink, Zn",Vegetabiliskt protein produkter och rätter,1.0,mg
2066,Korv veg. soja- och veteprotein kylvara el. frysvara typ grillkorv,Vitamin E,Vegetabiliskt protein produkter och rätter,0.4,mg
2066,Korv veg. soja- och veteprotein kylvara el. frysvara typ grillkorv,Vitamin D inkl 25-OH-D3,Vegetabiliskt protein produkter och rätter,0.0,µg
2066,Korv veg. soja- och veteprotein kylvara el. frysvara typ grillkorv,Vitamin D,Vegetabiliskt protein produkter och rätter,0.0,µg
2066,Korv veg. soja- och veteprotein kylvara el. frysvara typ grillkorv,Vitamin C,Vegetabiliskt protein produkter och rätter,0.8,mg
2066,Korv veg. soja- och veteprotein kylvara el. frysvara typ grillkorv,Vitamin B6,Vegetabiliskt protein produkter och rätter,0.1,mg
2066,Korv veg. soja- och veteprotein kylvara el. frysvara typ grillkorv,Vitamin B12,Vegetabiliskt protein produkter och rätter,0.0,µg
2066,Korv veg. soja- och veteprotein kylvara el. frysvara typ grillkorv,Vitamin A,Vegetabiliskt protein produkter och rätter,4.0,RE/µg
2066,Korv veg. soja- och veteprotein kylvara el. frysvara typ grillkorv,Vatten,Vegetabiliskt protein produkter och rätter,68.0,g
2066,Korv veg. soja- och veteprotein kylvara el. frysvara typ grillkorv,Tiamin,Vegetabiliskt protein produkter och rätter,0.13,mg
2066,Korv veg. soja- och veteprotein kylvara el. frysvara typ grillkorv,Tillsatt socker,Vegetabiliskt protein produkter och rätter,0.0,g
2066,Korv veg. soja- och veteprotein kylvara el. frysvara typ grillkorv,Fritt socker,Vegetabiliskt protein produkter och rätter,0.0,g
2066,Korv veg. soja- och veteprotein kylvara el. frysvara typ grillkorv,"Selen, Se",Vegetabiliskt protein produkter och rätter,3.7,µg
2066,Korv veg. soja- och veteprotein kylvara el. frysvara typ grillkorv,Sackaros,Vegetabiliskt protein produkter och rätter,0.2,g
2066,Korv veg. soja- och veteprotein kylvara el. frysvara typ grillkorv,Riboflavin,Vegetabiliskt protein produkter och rätter,0.1,mg
2066,Korv veg. soja- och veteprotein kylvara el. frysvara typ grillkorv,Retinol,Vegetabiliskt protein produkter och rätter,0.0,µg
2066,Korv veg. soja- och veteprotein kylvara el. frysvara typ grillkorv,Protein,Vegetabiliskt protein produkter och rätter,15.3,g
2066,Korv veg. soja- och veteprotein kylvara el. frysvara typ grillkorv,Summa fleromättade fettsyror,Vegetabiliskt protein produkter och rätter,0.6,g
2066,Korv veg. soja- och veteprotein kylvara el. frysvara typ grillkorv,"Fosfor, P",Vegetabiliskt protein produkter och rätter,120.0,mg
2066,Korv veg. soja- och veteprotein kylvara el. frysvara typ grillkorv,Niacinekvivalenter,Vegetabiliskt protein produkter och rätter,3.9,NE/mg
2066,Korv veg. soja- och veteprotein kylvara el. frysvara typ grillkorv,Niacin,Vegetabiliskt protein produkter och rätter,1.3,mg
2066,Korv veg. soja- och veteprotein kylvara el. frysvara typ grillkorv,"Salt, NaCl",Vegetabiliskt protein produkter och rätter,1.6,g
2066,Korv veg. soja- och veteprotein kylvara el. frysvara typ grillkorv,"Natrium, Na",Vegetabiliskt protein produkter och rätter,660.0,mg
2066,Korv veg. soja- och veteprotein kylvara el. frysvara typ grillkorv,Monosackarider,Vegetabiliskt protein produkter och rätter,0.7,g
2066,Korv veg. soja- och veteprotein kylvara el. frysvara typ grillkorv,"Sockerarter, totalt",Vegetabiliskt protein produkter och rätter,1.4,g
2066,Korv veg. soja- och veteprotein kylvara el. frysvara typ grillkorv,Summa enkelomättade fettsyror,Vegetabiliskt protein produkter och rätter,0.7,g
2066,Korv veg. soja- och veteprotein kylvara el. frysvara typ grillkorv,"Magnesium, Mg",Vegetabiliskt protein produkter och rätter,24.0,mg
2066,Korv veg. soja- och veteprotein kylvara el. frysvara typ grillkorv,Summa mättade fettsyror,Vegetabiliskt protein produkter och rätter,0.2,g
2066,Korv veg. soja- och veteprotein kylvara el. frysvara typ grillkorv,"Kolhydrater, tillgängliga",Vegetabiliskt protein produkter och rätter,8.7,g
2066,Korv veg. soja- och veteprotein kylvara el. frysvara typ grillkorv,Kolesterol,Vegetabiliskt protein produkter och rätter,0.0,mg
2066,Korv veg. soja- och veteprotein kylvara el. frysvara typ grillkorv,"Kalium, K",Vegetabiliskt protein produkter och rätter,140.0,mg
2066,Korv veg. soja- och veteprotein kylvara el. frysvara typ grillkorv,"Jod, I",Vegetabiliskt protein produkter och rätter,4.2,µg
2066,Korv veg. soja- och veteprotein kylvara el. frysvara typ grillkorv,Fullkorn totalt,Vegetabiliskt protein produkter och rätter,0.0,g
2066,Korv veg. soja- och veteprotein kylvara el. frysvara typ grillkorv,"Folat, totalt",Vegetabiliskt protein produkter och rätter,64.0,µg
2066,Korv veg. soja- och veteprotein kylvara el. frysvara typ grillkorv,Fibrer,Vegetabiliskt protein produkter och rätter,4.5,g
2066,Korv veg. soja- och veteprotein kylvara el. frysvara typ grillkorv,"Fett, totalt",Vegetabiliskt protein produkter och rätter,1.6,g
2066,Korv veg. soja- och veteprotein kylvara el. frysvara typ grillkorv,"Järn, Fe",Vegetabiliskt protein produkter och rätter,1.7,mg
2066,Korv veg. soja- och veteprotein kylvara el. frysvara typ grillkorv,Energi (kJ),Vegetabiliskt protein produkter och rätter,504.0,kJ
2066,Korv veg. soja- och veteprotein kylvara el. frysvara typ grillkorv,Energi (kcal),Vegetabiliskt protein produkter och rätter,120.0,kcal
2066,Korv veg. soja- och veteprotein kylvara el. frysvara typ grillkorv,Disackarider,Vegetabiliskt protein produkter och rätter,0.7,g
2066,Korv veg. soja- och veteprotein kylvara el. frysvara typ grillkorv,"Kalcium, Ca",Vegetabiliskt protein produkter och rätter,48.0,mg
2066,Korv veg. soja- och veteprotein kylvara el. frysvara typ grillkorv,Fettsyra 4:0-10:0,Vegetabiliskt protein produkter och rätter,0.0,g
2066,Korv veg. soja- och veteprotein kylvara el. frysvara typ grillkorv,DHA (C22:6),Vegetabiliskt protein produkter och rätter,0.0,g
2066,Korv veg. soja- och veteprotein kylvara el. frysvara typ grillkorv,DPA (C22:5),Vegetabiliskt protein produkter och rätter,0.0,g
2066,Korv veg. soja- och veteprotein kylvara el. frysvara typ grillkorv,EPA (C20:5),Vegetabiliskt protein produkter och rätter,0.0,g
2066,Korv veg. soja- och veteprotein kylvara el. frysvara typ grillkorv,Arakidonsyra C20:4,Vegetabiliskt protein produkter och rätter,0.0,g
2066,Korv veg. soja- och veteprotein kylvara el. frysvara typ grillkorv,Arakidinsyra C20:0,Vegetabiliskt protein produkter och rätter,0.0,g
2066,Korv veg. soja- och veteprotein kylvara el. frysvara typ grillkorv,Linolensyra C18:3,Vegetabiliskt protein produkter och rätter,0.1,g
2066,Korv veg. soja- och veteprotein kylvara el. frysvara typ grillkorv,Linolsyra C18:2,Vegetabiliskt protein produkter och rätter,0.5,g
2066,Korv veg. soja- och veteprotein kylvara el. frysvara typ grillkorv,Oljesyra C18:1,Vegetabiliskt protein produkter och rätter,0.7,g
2066,Korv veg. soja- och veteprotein kylvara el. frysvara typ grillkorv,Stearinsyra C18:0,Vegetabiliskt protein produkter och rätter,0.0,g
2066,Korv veg. soja- och veteprotein kylvara el. frysvara typ grillkorv,Palmitoljesyra C16:1,Vegetabiliskt protein produkter och rätter,0.0,g
2066,Korv veg. soja- och veteprotein kylvara el. frysvara typ grillkorv,Palmitinsyra C16:0,Vegetabiliskt protein produkter och rätter,0.2,g
2066,Korv veg. soja- och veteprotein kylvara el. frysvara typ grillkorv,Myristinsyra C14:0,Vegetabiliskt protein produkter och rätter,0.1,g
2066,Korv veg. soja- och veteprotein kylvara el. frysvara typ grillkorv,Laurinsyra C12:0,Vegetabiliskt protein produkter och rätter,0.0,g
2066,Korv veg. soja- och veteprotein kylvara el. frysvara typ grillkorv,Betakaroten/β-Karoten,Vegetabiliskt protein produkter och rätter,54.0,µg
2066,Korv veg. soja- och veteprotein kylvara el. frysvara typ grillkorv,Avfall (skal etc.),Vegetabiliskt protein produkter och rätter,0.0,%
2066,Korv veg. soja- och veteprotein kylvara el. frysvara typ grillkorv,Aska,Vegetabiliskt protein produkter och rätter,1.8,g
2066,Korv veg. soja- och veteprotein kylvara el. frysvara typ grillkorv,Alkohol,Vegetabiliskt protein produkter och rätter,0.0,g
2067,Soja- och veteprotein bullar kylvara el. frysvara,"Zink, Zn",Vegetabiliskt protein produkter och rätter,1.1,mg
2067,Soja- och veteprotein bullar kylvara el. frysvara,Vitamin E,Vegetabiliskt protein produkter och rätter,4.2,mg
2067,Soja- och veteprotein bullar kylvara el. frysvara,Vitamin D,Vegetabiliskt protein produkter och rätter,0.42,µg
2067,Soja- och veteprotein bullar kylvara el. frysvara,Vitamin C,Vegetabiliskt protein produkter och rätter,0.2,mg
2067,Soja- och veteprotein bullar kylvara el. frysvara,Vitamin B6,Vegetabiliskt protein produkter och rätter,0.09,mg
2067,Soja- och veteprotein bullar kylvara el. frysvara,Vitamin B12,Vegetabiliskt protein produkter och rätter,0.0,µg
2067,Soja- och veteprotein bullar kylvara el. frysvara,Vitamin A,Vegetabiliskt protein produkter och rätter,1.6,RE/µg
2067,Soja- och veteprotein bullar kylvara el. frysvara,Vatten,Vegetabiliskt protein produkter och rätter,58.6,g
2067,Soja- och veteprotein bullar kylvara el. frysvara,Tiamin,Vegetabiliskt protein produkter och rätter,0.14,mg
2067,Soja- och veteprotein bullar kylvara el. frysvara,Tillsatt socker,Vegetabiliskt protein produkter och rätter,0.0,g
2067,Soja- och veteprotein bullar kylvara el. frysvara,Fritt socker,Vegetabiliskt protein produkter och rätter,0.0,g
2067,Soja- och veteprotein bullar kylvara el. frysvara,"Selen, Se",Vegetabiliskt protein produkter och rätter,8.0,µg
2067,Soja- och veteprotein bullar kylvara el. frysvara,Sackaros,Vegetabiliskt protein produkter och rätter,0.1,g
2067,Soja- och veteprotein bullar kylvara el. frysvara,Riboflavin,Vegetabiliskt protein produkter och rätter,0.12,mg
2067,Soja- och veteprotein bullar kylvara el. frysvara,Retinol,Vegetabiliskt protein produkter och rätter,0.0,µg
2067,Soja- och veteprotein bullar kylvara el. frysvara,Protein,Vegetabiliskt protein produkter och rätter,16.7,g
2067,Soja- och veteprotein bullar kylvara el. frysvara,Summa fleromättade fettsyror,Vegetabiliskt protein produkter och rätter,2.4,g
2067,Soja- och veteprotein bullar kylvara el. frysvara,"Fosfor, P",Vegetabiliskt protein produkter och rätter,160.0,mg
2067,Soja- och veteprotein bullar kylvara el. frysvara,Niacinekvivalenter,Vegetabiliskt protein produkter och rätter,4.0,NE/mg
2067,Soja- och veteprotein bullar kylvara el. frysvara,Niacin,Vegetabiliskt protein produkter och rätter,1.21,mg
2067,Soja- och veteprotein bullar kylvara el. frysvara,"Salt, NaCl",Vegetabiliskt protein produkter och rätter,1.2,g
2067,Soja- och veteprotein bullar kylvara el. frysvara,"Natrium, Na",Vegetabiliskt protein produkter och rätter,470.0,mg
2067,Soja- och veteprotein bullar kylvara el. frysvara,Monosackarider,Vegetabiliskt protein produkter och rätter,0.0,g
2067,Soja- och veteprotein bullar kylvara el. frysvara,"Sockerarter, totalt",Vegetabiliskt protein produkter och rätter,0.3,g
2067,Soja- och veteprotein bullar kylvara el. frysvara,Summa enkelomättade fettsyror,Vegetabiliskt protein produkter och rätter,4.0,g
2067,Soja- och veteprotein bullar kylvara el. frysvara,"Magnesium, Mg",Vegetabiliskt protein produkter och rätter,57.0,mg
2067,Soja- och veteprotein bullar kylvara el. frysvara,Summa mättade fettsyror,Vegetabiliskt protein produkter och rätter,0.6,g
2067,Soja- och veteprotein bullar kylvara el. frysvara,"Kolhydrater, tillgängliga",Vegetabiliskt protein produkter och rätter,9.0,g
2067,Soja- och veteprotein bullar kylvara el. frysvara,Kolesterol,Vegetabiliskt protein produkter och rätter,3.0,mg
2067,Soja- och veteprotein bullar kylvara el. frysvara,"Kalium, K",Vegetabiliskt protein produkter och rätter,660.0,mg
2067,Soja- och veteprotein bullar kylvara el. frysvara,"Jod, I",Vegetabiliskt protein produkter och rätter,0.0,µg
2067,Soja- och veteprotein bullar kylvara el. frysvara,Fullkorn totalt,Vegetabiliskt protein produkter och rätter,0.0,g
2067,Soja- och veteprotein bullar kylvara el. frysvara,"Folat, totalt",Vegetabiliskt protein produkter och rätter,76.3,µg
2067,Soja- och veteprotein bullar kylvara el. frysvara,Fibrer,Vegetabiliskt protein produkter och rätter,5.2,g
2067,Soja- och veteprotein bullar kylvara el. frysvara,"Fett, totalt",Vegetabiliskt protein produkter och rätter,7.3,g
2067,Soja- och veteprotein bullar kylvara el. frysvara,"Järn, Fe",Vegetabiliskt protein produkter och rätter,2.2,mg
2067,Soja- och veteprotein bullar kylvara el. frysvara,Energi (kJ),Vegetabiliskt protein produkter och rätter,749.0,kJ
2067,Soja- och veteprotein bullar kylvara el. frysvara,Energi (kcal),Vegetabiliskt protein produkter och rätter,179.0,kcal
2067,Soja- och veteprotein bullar kylvara el. frysvara,Disackarider,Vegetabiliskt protein produkter och rätter,0.3,g
2067,Soja- och veteprotein bullar kylvara el. frysvara,"Kalcium, Ca",Vegetabiliskt protein produkter och rätter,69.0,mg
2067,Soja- och veteprotein bullar kylvara el. frysvara,Fettsyra 4:0-10:0,Vegetabiliskt protein produkter och rätter,0.0,g
2067,Soja- och veteprotein bullar kylvara el. frysvara,DHA (C22:6),Vegetabiliskt protein produkter och rätter,0.0,g
2067,Soja- och veteprotein bullar kylvara el. frysvara,DPA (C22:5),Vegetabiliskt protein produkter och rätter,0.0,g
2067,Soja- och veteprotein bullar kylvara el. frysvara,EPA (C20:5),Vegetabiliskt protein produkter och rätter,0.0,g
2067,Soja- och veteprotein bullar kylvara el. frysvara,Arakidonsyra C20:4,Vegetabiliskt protein produkter och rätter,0.0,g
2067,Soja- och veteprotein bullar kylvara el. frysvara,Arakidinsyra C20:0,Vegetabiliskt protein produkter och rätter,0.0,g
2067,Soja- och veteprotein bullar kylvara el. frysvara,Linolensyra C18:3,Vegetabiliskt protein produkter och rätter,0.3,g
2067,Soja- och veteprotein bullar kylvara el. frysvara,Linolsyra C18:2,Vegetabiliskt protein produkter och rätter,2.1,g
2067,Soja- och veteprotein bullar kylvara el. frysvara,Oljesyra C18:1,Vegetabiliskt protein produkter och rätter,3.9,g
2067,Soja- och veteprotein bullar kylvara el. frysvara,Stearinsyra C18:0,Vegetabiliskt protein produkter och rätter,0.1,g
2067,Soja- och veteprotein bullar kylvara el. frysvara,Palmitoljesyra C16:1,Vegetabiliskt protein produkter och rätter,0.0,g
2067,Soja- och veteprotein bullar kylvara el. frysvara,Palmitinsyra C16:0,Vegetabiliskt protein produkter och rätter,0.4,g
2067,Soja- och veteprotein bullar kylvara el. frysvara,Myristinsyra C14:0,Vegetabiliskt protein produkter och rätter,0.0,g
2067,Soja- och veteprotein bullar kylvara el. frysvara,Laurinsyra C12:0,Vegetabiliskt protein produkter och rätter,0.0,g
2067,Soja- och veteprotein bullar kylvara el. frysvara,Betakaroten/β-Karoten,Vegetabiliskt protein produkter och rätter,16.0,µg
2067,Soja- och veteprotein bullar kylvara el. frysvara,Avfall (skal etc.),Vegetabiliskt protein produkter och rätter,0.0,%
2067,Soja- och veteprotein bullar kylvara el. frysvara,Aska,Vegetabiliskt protein produkter och rätter,3.2,g
2067,Soja- och veteprotein bullar kylvara el. frysvara,Alkohol,Vegetabiliskt protein produkter och rätter,0.0,g
2068,Sojaprotein färs kylvara el. frysvara,"Zink, Zn",Vegetabiliskt protein produkter och rätter,0.9,mg
2068,Sojaprotein färs kylvara el. frysvara,Vitamin E,Vegetabiliskt protein produkter och rätter,2.8,mg
2068,Sojaprotein färs kylvara el. frysvara,Vitamin D inkl 25-OH-D3,Vegetabiliskt protein produkter och rätter,0.0,µg
2068,Sojaprotein färs kylvara el. frysvara,Vitamin D,Vegetabiliskt protein produkter och rätter,0.0,µg
2068,Sojaprotein färs kylvara el. frysvara,Vitamin C,Vegetabiliskt protein produkter och rätter,0.0,mg
2068,Sojaprotein färs kylvara el. frysvara,Vitamin B6,Vegetabiliskt protein produkter och rätter,0.07,mg
2068,Sojaprotein färs kylvara el. frysvara,Vitamin B12,Vegetabiliskt protein produkter och rätter,0.0,µg
2068,Sojaprotein färs kylvara el. frysvara,Vitamin A,Vegetabiliskt protein produkter och rätter,0.2,RE/µg
2068,Sojaprotein färs kylvara el. frysvara,Vatten,Vegetabiliskt protein produkter och rätter,63.6,g
2068,Sojaprotein färs kylvara el. frysvara,Tiamin,Vegetabiliskt protein produkter och rätter,0.07,mg
2068,Sojaprotein färs kylvara el. frysvara,Tillsatt socker,Vegetabiliskt protein produkter och rätter,0.0,g
2068,Sojaprotein färs kylvara el. frysvara,Fritt socker,Vegetabiliskt protein produkter och rätter,0.0,g
2068,Sojaprotein färs kylvara el. frysvara,"Selen, Se",Vegetabiliskt protein produkter och rätter,10.0,µg
2068,Sojaprotein färs kylvara el. frysvara,Sackaros,Vegetabiliskt protein produkter och rätter,0.0,g
2068,Sojaprotein färs kylvara el. frysvara,Riboflavin,Vegetabiliskt protein produkter och rätter,0.05,mg
2068,Sojaprotein färs kylvara el. frysvara,Retinol,Vegetabiliskt protein produkter och rätter,0.0,µg
2068,Sojaprotein färs kylvara el. frysvara,Protein,Vegetabiliskt protein produkter och rätter,15.2,g
2068,Sojaprotein färs kylvara el. frysvara,Summa fleromättade fettsyror,Vegetabiliskt protein produkter och rätter,2.2,g
2068,Sojaprotein färs kylvara el. frysvara,"Fosfor, P",Vegetabiliskt protein produkter och rätter,200.0,mg
2068,Sojaprotein färs kylvara el. frysvara,Niacinekvivalenter,Vegetabiliskt protein produkter och rätter,2.9,NE/mg
2068,Sojaprotein färs kylvara el. frysvara,Niacin,Vegetabiliskt protein produkter och rätter,0.38,mg
2068,Sojaprotein färs kylvara el. frysvara,"Salt, NaCl",Vegetabiliskt protein produkter och rätter,1.0,g
2068,Sojaprotein färs kylvara el. frysvara,"Natrium, Na",Vegetabiliskt protein produkter och rätter,380.0,mg
2068,Sojaprotein färs kylvara el. frysvara,Monosackarider,Vegetabiliskt protein produkter och rätter,0.0,g
2068,Sojaprotein färs kylvara el. frysvara,"Sockerarter, totalt",Vegetabiliskt protein produkter och rätter,0.0,g
2068,Sojaprotein färs kylvara el. frysvara,Summa enkelomättade fettsyror,Vegetabiliskt protein produkter och rätter,5.0,g
2068,Sojaprotein färs kylvara el. frysvara,"Magnesium, Mg",Vegetabiliskt protein produkter och rätter,78.0,mg
2068,Sojaprotein färs kylvara el. frysvara,Summa mättade fettsyror,Vegetabiliskt protein produkter och rätter,1.0,g
2068,Sojaprotein färs kylvara el. frysvara,"Kolhydrater, tillgängliga",Vegetabiliskt protein produkter och rätter,4.8,g
2068,Sojaprotein färs kylvara el. frysvara,Kolesterol,Vegetabiliskt protein produkter och rätter,0.0,mg
2068,Sojaprotein färs kylvara el. frysvara,"Kalium, K",Vegetabiliskt protein produkter och rätter,560.0,mg
2068,Sojaprotein färs kylvara el. frysvara,"Jod, I",Vegetabiliskt protein produkter och rätter,0.0,µg
2068,Sojaprotein färs kylvara el. frysvara,Fullkorn totalt,Vegetabiliskt protein produkter och rätter,0.0,g
2068,Sojaprotein färs kylvara el. frysvara,"Folat, totalt",Vegetabiliskt protein produkter och rätter,75.5,µg
2068,Sojaprotein färs kylvara el. frysvara,Fibrer,Vegetabiliskt protein produkter och rätter,5.3,g
2068,Sojaprotein färs kylvara el. frysvara,"Fett, totalt",Vegetabiliskt protein produkter och rätter,8.6,g
2068,Sojaprotein färs kylvara el. frysvara,"Järn, Fe",Vegetabiliskt protein produkter och rätter,2.5,mg
2068,Sojaprotein färs kylvara el. frysvara,Energi (kJ),Vegetabiliskt protein produkter och rätter,700.0,kJ
2068,Sojaprotein färs kylvara el. frysvara,Energi (kcal),Vegetabiliskt protein produkter och rätter,167.0,kcal
2068,Sojaprotein färs kylvara el. frysvara,Disackarider,Vegetabiliskt protein produkter och rätter,0.0,g
2068,Sojaprotein färs kylvara el. frysvara,"Kalcium, Ca",Vegetabiliskt protein produkter och rätter,110.0,mg
2068,Sojaprotein färs kylvara el. frysvara,Fettsyra 4:0-10:0,Vegetabiliskt protein produkter och rätter,0.1,g
2068,Sojaprotein färs kylvara el. frysvara,DHA (C22:6),Vegetabiliskt protein produkter och rätter,0.0,g
2068,Sojaprotein färs kylvara el. frysvara,DPA (C22:5),Vegetabiliskt protein produkter och rätter,0.0,g
2068,Sojaprotein färs kylvara el. frysvara,EPA (C20:5),Vegetabiliskt protein produkter och rätter,0.0,g
2068,Sojaprotein färs kylvara el. frysvara,Arakidonsyra C20:4,Vegetabiliskt protein produkter och rätter,0.0,g
2068,Sojaprotein färs kylvara el. frysvara,Arakidinsyra C20:0,Vegetabiliskt protein produkter och rätter,0.0,g
2068,Sojaprotein färs kylvara el. frysvara,Linolensyra C18:3,Vegetabiliskt protein produkter och rätter,0.7,g
2068,Sojaprotein färs kylvara el. frysvara,Linolsyra C18:2,Vegetabiliskt protein produkter och rätter,1.6,g
2068,Sojaprotein färs kylvara el. frysvara,Oljesyra C18:1,Vegetabiliskt protein produkter och rätter,4.8,g
2068,Sojaprotein färs kylvara el. frysvara,Stearinsyra C18:0,Vegetabiliskt protein produkter och rätter,0.1,g
2068,Sojaprotein färs kylvara el. frysvara,Palmitoljesyra C16:1,Vegetabiliskt protein produkter och rätter,0.0,g
2068,Sojaprotein färs kylvara el. frysvara,Palmitinsyra C16:0,Vegetabiliskt protein produkter och rätter,0.4,g
2068,Sojaprotein färs kylvara el. frysvara,Myristinsyra C14:0,Vegetabiliskt protein produkter och rätter,0.1,g
2068,Sojaprotein färs kylvara el. frysvara,Laurinsyra C12:0,Vegetabiliskt protein produkter och rätter,0.3,g
2068,Sojaprotein färs kylvara el. frysvara,Betakaroten/β-Karoten,Vegetabiliskt protein produkter och rätter,2.0,µg
2068,Sojaprotein färs kylvara el. frysvara,Avfall (skal etc.),Vegetabiliskt protein produkter och rätter,0.0,%
2068,Sojaprotein färs kylvara el. frysvara,Aska,Vegetabiliskt protein produkter och rätter,2.5,g
2068,Sojaprotein färs kylvara el. frysvara,Alkohol,Vegetabiliskt protein produkter och rätter,0.0,g
2069,Veteprotein grytbitar,"Zink, Zn",Vegetabiliskt protein produkter och rätter,1.1,mg
2069,Veteprotein grytbitar,Vitamin E,Vegetabiliskt protein produkter och rätter,3.9,mg
2069,Veteprotein grytbitar,Vitamin D inkl 25-OH-D3,Vegetabiliskt protein produkter och rätter,0.0,µg
2069,Veteprotein grytbitar,Vitamin D,Vegetabiliskt protein produkter och rätter,0.0,µg
2069,Veteprotein grytbitar,Vitamin C,Vegetabiliskt protein produkter och rätter,0.0,mg
2069,Veteprotein grytbitar,Vitamin B6,Vegetabiliskt protein produkter och rätter,0.12,mg
2069,Veteprotein grytbitar,Vitamin B12,Vegetabiliskt protein produkter och rätter,0.0,µg
2069,Veteprotein grytbitar,Vitamin A,Vegetabiliskt protein produkter och rätter,0.0,RE/µg
2069,Veteprotein grytbitar,Vatten,Vegetabiliskt protein produkter och rätter,50.9,g
2069,Veteprotein grytbitar,Tiamin,Vegetabiliskt protein produkter och rätter,0.86,mg
2069,Veteprotein grytbitar,Tillsatt socker,Vegetabiliskt protein produkter och rätter,2.0,g
2069,Veteprotein grytbitar,Fritt socker,Vegetabiliskt protein produkter och rätter,2.0,g
2069,Veteprotein grytbitar,"Selen, Se",Vegetabiliskt protein produkter och rätter,11.6,µg
2069,Veteprotein grytbitar,Sackaros,Vegetabiliskt protein produkter och rätter,0.0,g
2069,Veteprotein grytbitar,Riboflavin,Vegetabiliskt protein produkter och rätter,0.19,mg
2069,Veteprotein grytbitar,Retinol,Vegetabiliskt protein produkter och rätter,0.0,µg
2069,Veteprotein grytbitar,Protein,Vegetabiliskt protein produkter och rätter,27.4,g
2069,Veteprotein grytbitar,Summa fleromättade fettsyror,Vegetabiliskt protein produkter och rätter,5.2,g
2069,Veteprotein grytbitar,"Fosfor, P",Vegetabiliskt protein produkter och rätter,101.0,mg
2069,Veteprotein grytbitar,Niacinekvivalenter,Vegetabiliskt protein produkter och rätter,6.1,NE/mg
2069,Veteprotein grytbitar,Niacin,Vegetabiliskt protein produkter och rätter,1.55,mg
2069,Veteprotein grytbitar,"Salt, NaCl",Vegetabiliskt protein produkter och rätter,1.9,g
2069,Veteprotein grytbitar,"Natrium, Na",Vegetabiliskt protein produkter och rätter,772.0,mg
2069,Veteprotein grytbitar,Monosackarider,Vegetabiliskt protein produkter och rätter,0.5,g
2069,Veteprotein grytbitar,"Sockerarter, totalt",Vegetabiliskt protein produkter och rätter,1.7,g
2069,Veteprotein grytbitar,Summa enkelomättade fettsyror,Vegetabiliskt protein produkter och rätter,2.2,g
2069,Veteprotein grytbitar,"Magnesium, Mg",Vegetabiliskt protein produkter och rätter,15.0,mg
2069,Veteprotein grytbitar,Summa mättade fettsyror,Vegetabiliskt protein produkter och rätter,1.4,g
2069,Veteprotein grytbitar,"Kolhydrater, tillgängliga",Vegetabiliskt protein produkter och rätter,9.9,g
2069,Veteprotein grytbitar,Kolesterol,Vegetabiliskt protein produkter och rätter,0.0,mg
2069,Veteprotein grytbitar,"Kalium, K",Vegetabiliskt protein produkter och rätter,147.0,mg
2069,Veteprotein grytbitar,"Jod, I",Vegetabiliskt protein produkter och rätter,4.0,µg
2069,Veteprotein grytbitar,Fullkorn totalt,Vegetabiliskt protein produkter och rätter,0.0,g
2069,Veteprotein grytbitar,"Folat, totalt",Vegetabiliskt protein produkter och rätter,20.0,µg
2069,Veteprotein grytbitar,Fibrer,Vegetabiliskt protein produkter och rätter,0.0,g
2069,Veteprotein grytbitar,"Fett, totalt",Vegetabiliskt protein produkter och rätter,9.1,g
2069,Veteprotein grytbitar,"Järn, Fe",Vegetabiliskt protein produkter och rätter,8.0,mg
2069,Veteprotein grytbitar,Energi (kJ),Vegetabiliskt protein produkter och rätter,972.0,kJ
2069,Veteprotein grytbitar,Energi (kcal),Vegetabiliskt protein produkter och rätter,232.0,kcal
2069,Veteprotein grytbitar,Disackarider,Vegetabiliskt protein produkter och rätter,1.2,g
2069,Veteprotein grytbitar,"Kalcium, Ca",Vegetabiliskt protein produkter och rätter,28.0,mg
2069,Veteprotein grytbitar,Fettsyra 4:0-10:0,Vegetabiliskt protein produkter och rätter,0.2,g
2069,Veteprotein grytbitar,DHA (C22:6),Vegetabiliskt protein produkter och rätter,0.0,g
2069,Veteprotein grytbitar,DPA (C22:5),Vegetabiliskt protein produkter och rätter,0.0,g
2069,Veteprotein grytbitar,EPA (C20:5),Vegetabiliskt protein produkter och rätter,0.0,g
2069,Veteprotein grytbitar,Arakidonsyra C20:4,Vegetabiliskt protein produkter och rätter,0.0,g
2069,Veteprotein grytbitar,Arakidinsyra C20:0,Vegetabiliskt protein produkter och rätter,0.0,g
2069,Veteprotein grytbitar,Linolensyra C18:3,Vegetabiliskt protein produkter och rätter,0.2,g
2069,Veteprotein grytbitar,Linolsyra C18:2,Vegetabiliskt protein produkter och rätter,5.0,g
2069,Veteprotein grytbitar,Oljesyra C18:1,Vegetabiliskt protein produkter och rätter,2.1,g
2069,Veteprotein grytbitar,Stearinsyra C18:0,Vegetabiliskt protein produkter och rätter,0.3,g
2069,Veteprotein grytbitar,Palmitoljesyra C16:1,Vegetabiliskt protein produkter och rätter,0.0,g
2069,Veteprotein grytbitar,Palmitinsyra C16:0,Vegetabiliskt protein produkter och rätter,0.7,g
2069,Veteprotein grytbitar,Myristinsyra C14:0,Vegetabiliskt protein produkter och rätter,0.0,g
2069,Veteprotein grytbitar,Laurinsyra C12:0,Vegetabiliskt protein produkter och rätter,0.0,g
2069,Veteprotein grytbitar,Betakaroten/β-Karoten,Vegetabiliskt protein produkter och rätter,0.0,µg
2069,Veteprotein grytbitar,Avfall (skal etc.),Vegetabiliskt protein produkter och rätter,0.0,%
2069,Veteprotein grytbitar,Aska,Vegetabiliskt protein produkter och rätter,2.6,g
2069,Veteprotein grytbitar,Alkohol,Vegetabiliskt protein produkter och rätter,0.0,g
2070,Matlagningsbas m. soja fett 17%,"Zink, Zn",Vegetabiliska produkter och mjölkersättning,0.2,mg
2070,Matlagningsbas m. soja fett 17%,Vitamin E,Vegetabiliska produkter och mjölkersättning,16.4,mg
2070,Matlagningsbas m. soja fett 17%,Vitamin D inkl 25-OH-D3,Vegetabiliska produkter och mjölkersättning,0.0,µg
2070,Matlagningsbas m. soja fett 17%,Vitamin D,Vegetabiliska produkter och mjölkersättning,0.0,µg
2070,Matlagningsbas m. soja fett 17%,Vitamin C,Vegetabiliska produkter och mjölkersättning,0.0,mg
2070,Matlagningsbas m. soja fett 17%,Vitamin B6,Vegetabiliska produkter och mjölkersättning,0.02,mg
2070,Matlagningsbas m. soja fett 17%,Vitamin B12,Vegetabiliska produkter och mjölkersättning,0.0,µg
2070,Matlagningsbas m. soja fett 17%,Vitamin A,Vegetabiliska produkter och mjölkersättning,0.0,RE/µg
2070,Matlagningsbas m. soja fett 17%,Vatten,Vegetabiliska produkter och mjölkersättning,74.1,g
2070,Matlagningsbas m. soja fett 17%,Tiamin,Vegetabiliska produkter och mjölkersättning,0.03,mg
2070,Matlagningsbas m. soja fett 17%,Tillsatt socker,Vegetabiliska produkter och mjölkersättning,4.0,g
2070,Matlagningsbas m. soja fett 17%,Fritt socker,Vegetabiliska produkter och mjölkersättning,4.0,g
2070,Matlagningsbas m. soja fett 17%,"Selen, Se",Vegetabiliska produkter och mjölkersättning,0.4,µg
2070,Matlagningsbas m. soja fett 17%,Sackaros,Vegetabiliska produkter och mjölkersättning,0.2,g
2070,Matlagningsbas m. soja fett 17%,Riboflavin,Vegetabiliska produkter och mjölkersättning,0.0,mg
2070,Matlagningsbas m. soja fett 17%,Retinol,Vegetabiliska produkter och mjölkersättning,0.0,µg
2070,Matlagningsbas m. soja fett 17%,Protein,Vegetabiliska produkter och mjölkersättning,2.9,g
2070,Matlagningsbas m. soja fett 17%,Summa fleromättade fettsyror,Vegetabiliska produkter och mjölkersättning,8.8,g
2070,Matlagningsbas m. soja fett 17%,"Fosfor, P",Vegetabiliska produkter och mjölkersättning,43.0,mg
2070,Matlagningsbas m. soja fett 17%,Niacinekvivalenter,Vegetabiliska produkter och mjölkersättning,0.5,NE/mg
2070,Matlagningsbas m. soja fett 17%,Niacin,Vegetabiliska produkter och mjölkersättning,0.05,mg
2070,Matlagningsbas m. soja fett 17%,"Salt, NaCl",Vegetabiliska produkter och mjölkersättning,0.1,g
2070,Matlagningsbas m. soja fett 17%,"Natrium, Na",Vegetabiliska produkter och mjölkersättning,55.0,mg
2070,Matlagningsbas m. soja fett 17%,Monosackarider,Vegetabiliska produkter och mjölkersättning,1.9,g
2070,Matlagningsbas m. soja fett 17%,"Sockerarter, totalt",Vegetabiliska produkter och mjölkersättning,3.7,g
2070,Matlagningsbas m. soja fett 17%,Summa enkelomättade fettsyror,Vegetabiliska produkter och mjölkersättning,3.5,g
2070,Matlagningsbas m. soja fett 17%,"Magnesium, Mg",Vegetabiliska produkter och mjölkersättning,13.0,mg
2070,Matlagningsbas m. soja fett 17%,Summa mättade fettsyror,Vegetabiliska produkter och mjölkersättning,1.8,g
2070,Matlagningsbas m. soja fett 17%,"Kolhydrater, tillgängliga",Vegetabiliska produkter och mjölkersättning,5.2,g
2070,Matlagningsbas m. soja fett 17%,Kolesterol,Vegetabiliska produkter och mjölkersättning,0.0,mg
2070,Matlagningsbas m. soja fett 17%,"Kalium, K",Vegetabiliska produkter och mjölkersättning,72.0,mg
2070,Matlagningsbas m. soja fett 17%,"Jod, I",Vegetabiliska produkter och mjölkersättning,1.0,µg
2070,Matlagningsbas m. soja fett 17%,Fullkorn totalt,Vegetabiliska produkter och mjölkersättning,0.0,g
2070,Matlagningsbas m. soja fett 17%,"Folat, totalt",Vegetabiliska produkter och mjölkersättning,10.5,µg
2070,Matlagningsbas m. soja fett 17%,Fibrer,Vegetabiliska produkter och mjölkersättning,0.0,g
2070,Matlagningsbas m. soja fett 17%,"Fett, totalt",Vegetabiliska produkter och mjölkersättning,17.5,g
2070,Matlagningsbas m. soja fett 17%,"Järn, Fe",Vegetabiliska produkter och mjölkersättning,0.3,mg
2070,Matlagningsbas m. soja fett 17%,Energi (kJ),Vegetabiliska produkter och mjölkersättning,786.0,kJ
2070,Matlagningsbas m. soja fett 17%,Energi (kcal),Vegetabiliska produkter och mjölkersättning,188.0,kcal
2070,Matlagningsbas m. soja fett 17%,Disackarider,Vegetabiliska produkter och mjölkersättning,1.8,g
2070,Matlagningsbas m. soja fett 17%,"Kalcium, Ca",Vegetabiliska produkter och mjölkersättning,11.0,mg
2070,Matlagningsbas m. soja fett 17%,Fettsyra 4:0-10:0,Vegetabiliska produkter och mjölkersättning,0.0,g
2070,Matlagningsbas m. soja fett 17%,DHA (C22:6),Vegetabiliska produkter och mjölkersättning,0.0,g
2070,Matlagningsbas m. soja fett 17%,DPA (C22:5),Vegetabiliska produkter och mjölkersättning,0.0,g
2070,Matlagningsbas m. soja fett 17%,EPA (C20:5),Vegetabiliska produkter och mjölkersättning,0.0,g
2070,Matlagningsbas m. soja fett 17%,Arakidonsyra C20:4,Vegetabiliska produkter och mjölkersättning,0.0,g
2070,Matlagningsbas m. soja fett 17%,Arakidinsyra C20:0,Vegetabiliska produkter och mjölkersättning,0.0,g
2070,Matlagningsbas m. soja fett 17%,Linolensyra C18:3,Vegetabiliska produkter och mjölkersättning,0.2,g
2070,Matlagningsbas m. soja fett 17%,Linolsyra C18:2,Vegetabiliska produkter och mjölkersättning,8.6,g
2070,Matlagningsbas m. soja fett 17%,Oljesyra C18:1,Vegetabiliska produkter och mjölkersättning,3.4,g
2070,Matlagningsbas m. soja fett 17%,Stearinsyra C18:0,Vegetabiliska produkter och mjölkersättning,0.6,g
2070,Matlagningsbas m. soja fett 17%,Palmitoljesyra C16:1,Vegetabiliska produkter och mjölkersättning,0.0,g
2070,Matlagningsbas m. soja fett 17%,Palmitinsyra C16:0,Vegetabiliska produkter och mjölkersättning,1.0,g
2070,Matlagningsbas m. soja fett 17%,Myristinsyra C14:0,Vegetabiliska produkter och mjölkersättning,0.0,g
2070,Matlagningsbas m. soja fett 17%,Laurinsyra C12:0,Vegetabiliska produkter och mjölkersättning,0.0,g
2070,Matlagningsbas m. soja fett 17%,Betakaroten/β-Karoten,Vegetabiliska produkter och mjölkersättning,0.0,µg
2070,Matlagningsbas m. soja fett 17%,Avfall (skal etc.),Vegetabiliska produkter och mjölkersättning,0.0,%
2070,Matlagningsbas m. soja fett 17%,Aska,Vegetabiliska produkter och mjölkersättning,0.4,g
2070,Matlagningsbas m. soja fett 17%,Alkohol,Vegetabiliska produkter och mjölkersättning,0.0,g
2071,Bar müslibar fullkorn m. röd frukt berikad,"Zink, Zn",Frukt o nötblandningar bars,0.9,mg
2071,Bar müslibar fullkorn m. röd frukt berikad,Vitamin E,Frukt o nötblandningar bars,0.4,mg
2071,Bar müslibar fullkorn m. röd frukt berikad,Vitamin D,Frukt o nötblandningar bars,0.1,µg
2071,Bar müslibar fullkorn m. röd frukt berikad,Vitamin C,Frukt o nötblandningar bars,67.1,mg
2071,Bar müslibar fullkorn m. röd frukt berikad,Vitamin B6,Frukt o nötblandningar bars,3.13,mg
2071,Bar müslibar fullkorn m. röd frukt berikad,Vitamin B12,Frukt o nötblandningar bars,1.24,µg
2071,Bar müslibar fullkorn m. röd frukt berikad,Vitamin A,Frukt o nötblandningar bars,10.2,RE/µg
2071,Bar müslibar fullkorn m. röd frukt berikad,Vatten,Frukt o nötblandningar bars,5.5,g
2071,Bar müslibar fullkorn m. röd frukt berikad,Tiamin,Frukt o nötblandningar bars,2.5,mg
2071,Bar müslibar fullkorn m. röd frukt berikad,Tillsatt socker,Frukt o nötblandningar bars,22.0,g
2071,Bar müslibar fullkorn m. röd frukt berikad,Fritt socker,Frukt o nötblandningar bars,22.0,g
2071,Bar müslibar fullkorn m. röd frukt berikad,"Selen, Se",Frukt o nötblandningar bars,4.2,µg
2071,Bar müslibar fullkorn m. röd frukt berikad,Sackaros,Frukt o nötblandningar bars,7.2,g
2071,Bar müslibar fullkorn m. röd frukt berikad,Riboflavin,Frukt o nötblandningar bars,2.45,mg
2071,Bar müslibar fullkorn m. röd frukt berikad,Retinol,Frukt o nötblandningar bars,0.0,µg
2071,Bar müslibar fullkorn m. röd frukt berikad,Protein,Frukt o nötblandningar bars,8.4,g
2071,Bar müslibar fullkorn m. röd frukt berikad,Summa fleromättade fettsyror,Frukt o nötblandningar bars,0.2,g
2071,Bar müslibar fullkorn m. röd frukt berikad,"Fosfor, P",Frukt o nötblandningar bars,100.0,mg
2071,Bar müslibar fullkorn m. röd frukt berikad,Niacinekvivalenter,Frukt o nötblandningar bars,27.7,NE/mg
2071,Bar müslibar fullkorn m. röd frukt berikad,Niacin,Frukt o nötblandningar bars,26.3,mg
2071,Bar müslibar fullkorn m. röd frukt berikad,"Salt, NaCl",Frukt o nötblandningar bars,1.3,g
2071,Bar müslibar fullkorn m. röd frukt berikad,"Natrium, Na",Frukt o nötblandningar bars,507.0,mg
2071,Bar müslibar fullkorn m. röd frukt berikad,Monosackarider,Frukt o nötblandningar bars,23.7,g
2071,Bar müslibar fullkorn m. röd frukt berikad,"Sockerarter, totalt",Frukt o nötblandningar bars,34.5,g
2071,Bar müslibar fullkorn m. röd frukt berikad,Summa enkelomättade fettsyror,Frukt o nötblandningar bars,0.1,g
2071,Bar müslibar fullkorn m. röd frukt berikad,"Magnesium, Mg",Frukt o nötblandningar bars,23.0,mg
2071,Bar müslibar fullkorn m. röd frukt berikad,Summa mättade fettsyror,Frukt o nötblandningar bars,3.9,g
2071,Bar müslibar fullkorn m. röd frukt berikad,"Kolhydrater, tillgängliga",Frukt o nötblandningar bars,77.9,g
2071,Bar müslibar fullkorn m. röd frukt berikad,Kolesterol,Frukt o nötblandningar bars,2.0,mg
2071,Bar müslibar fullkorn m. röd frukt berikad,"Kalium, K",Frukt o nötblandningar bars,125.0,mg
2071,Bar müslibar fullkorn m. röd frukt berikad,"Jod, I",Frukt o nötblandningar bars,1.0,µg
2071,Bar müslibar fullkorn m. röd frukt berikad,Fullkorn totalt,Frukt o nötblandningar bars,10.0,g
2071,Bar müslibar fullkorn m. röd frukt berikad,"Folat, totalt",Frukt o nötblandningar bars,329.0,µg
2071,Bar müslibar fullkorn m. röd frukt berikad,Fibrer,Frukt o nötblandningar bars,2.1,g
2071,Bar müslibar fullkorn m. röd frukt berikad,"Fett, totalt",Frukt o nötblandningar bars,4.4,g
2071,Bar müslibar fullkorn m. röd frukt berikad,"Järn, Fe",Frukt o nötblandningar bars,12.9,mg
2071,Bar müslibar fullkorn m. röd frukt berikad,Energi (kJ),Frukt o nötblandningar bars,1646.0,kJ
2071,Bar müslibar fullkorn m. röd frukt berikad,Energi (kcal),Frukt o nötblandningar bars,393.0,kcal
2071,Bar müslibar fullkorn m. röd frukt berikad,Disackarider,Frukt o nötblandningar bars,10.8,g
2071,Bar müslibar fullkorn m. röd frukt berikad,"Kalcium, Ca",Frukt o nötblandningar bars,34.0,mg
2071,Bar müslibar fullkorn m. röd frukt berikad,Fettsyra 4:0-10:0,Frukt o nötblandningar bars,0.6,g
2071,Bar müslibar fullkorn m. röd frukt berikad,DHA (C22:6),Frukt o nötblandningar bars,0.0,g
2071,Bar müslibar fullkorn m. röd frukt berikad,DPA (C22:5),Frukt o nötblandningar bars,0.0,g
2071,Bar müslibar fullkorn m. röd frukt berikad,EPA (C20:5),Frukt o nötblandningar bars,0.0,g
2071,Bar müslibar fullkorn m. röd frukt berikad,Arakidonsyra C20:4,Frukt o nötblandningar bars,0.0,g
2071,Bar müslibar fullkorn m. röd frukt berikad,Arakidinsyra C20:0,Frukt o nötblandningar bars,0.0,g
2071,Bar müslibar fullkorn m. röd frukt berikad,Linolensyra C18:3,Frukt o nötblandningar bars,0.0,g
2071,Bar müslibar fullkorn m. röd frukt berikad,Linolsyra C18:2,Frukt o nötblandningar bars,0.2,g
2071,Bar müslibar fullkorn m. röd frukt berikad,Oljesyra C18:1,Frukt o nötblandningar bars,0.1,g
2071,Bar müslibar fullkorn m. röd frukt berikad,Stearinsyra C18:0,Frukt o nötblandningar bars,0.4,g
2071,Bar müslibar fullkorn m. röd frukt berikad,Palmitoljesyra C16:1,Frukt o nötblandningar bars,0.0,g
2071,Bar müslibar fullkorn m. röd frukt berikad,Palmitinsyra C16:0,Frukt o nötblandningar bars,0.4,g
2071,Bar müslibar fullkorn m. röd frukt berikad,Myristinsyra C14:0,Frukt o nötblandningar bars,0.7,g
2071,Bar müslibar fullkorn m. röd frukt berikad,Laurinsyra C12:0,Frukt o nötblandningar bars,1.8,g
2071,Bar müslibar fullkorn m. röd frukt berikad,Betakaroten/β-Karoten,Frukt o nötblandningar bars,0.0,µg
2071,Bar müslibar fullkorn m. röd frukt berikad,Avfall (skal etc.),Frukt o nötblandningar bars,0.0,%
2071,Bar müslibar fullkorn m. röd frukt berikad,Aska,Frukt o nötblandningar bars,1.8,g
2071,Bar müslibar fullkorn m. röd frukt berikad,Alkohol,Frukt o nötblandningar bars,0.0,g
2072,Bar müslibar m. choklad berikad,"Zink, Zn",Frukt o nötblandningar bars,1.1,mg
2072,Bar müslibar m. choklad berikad,Vitamin E,Frukt o nötblandningar bars,0.5,mg
2072,Bar müslibar m. choklad berikad,Vitamin D,Frukt o nötblandningar bars,0.33,µg
2072,Bar müslibar m. choklad berikad,Vitamin C,Frukt o nötblandningar bars,48.2,mg
2072,Bar müslibar m. choklad berikad,Vitamin B6,Frukt o nötblandningar bars,2.06,mg
2072,Bar müslibar m. choklad berikad,Vitamin B12,Frukt o nötblandningar bars,0.78,µg
2072,Bar müslibar m. choklad berikad,Vitamin A,Frukt o nötblandningar bars,10.3,RE/µg
2072,Bar müslibar m. choklad berikad,Vatten,Frukt o nötblandningar bars,4.8,g
2072,Bar müslibar m. choklad berikad,Tiamin,Frukt o nötblandningar bars,1.49,mg
2072,Bar müslibar m. choklad berikad,Tillsatt socker,Frukt o nötblandningar bars,34.0,g
2072,Bar müslibar m. choklad berikad,Fritt socker,Frukt o nötblandningar bars,34.0,g
2072,Bar müslibar m. choklad berikad,"Selen, Se",Frukt o nötblandningar bars,3.6,µg
2072,Bar müslibar m. choklad berikad,Sackaros,Frukt o nötblandningar bars,15.1,g
2072,Bar müslibar m. choklad berikad,Riboflavin,Frukt o nötblandningar bars,2.13,mg
2072,Bar müslibar m. choklad berikad,Retinol,Frukt o nötblandningar bars,0.0,µg
2072,Bar müslibar m. choklad berikad,Protein,Frukt o nötblandningar bars,8.1,g
2072,Bar müslibar m. choklad berikad,Summa fleromättade fettsyror,Frukt o nötblandningar bars,0.3,g
2072,Bar müslibar m. choklad berikad,"Fosfor, P",Frukt o nötblandningar bars,107.0,mg
2072,Bar müslibar m. choklad berikad,Niacinekvivalenter,Frukt o nötblandningar bars,23.0,NE/mg
2072,Bar müslibar m. choklad berikad,Niacin,Frukt o nötblandningar bars,21.6,mg
2072,Bar müslibar m. choklad berikad,"Salt, NaCl",Frukt o nötblandningar bars,1.1,g
2072,Bar müslibar m. choklad berikad,"Natrium, Na",Frukt o nötblandningar bars,422.0,mg
2072,Bar müslibar m. choklad berikad,Monosackarider,Frukt o nötblandningar bars,16.3,g
2072,Bar müslibar m. choklad berikad,"Sockerarter, totalt",Frukt o nötblandningar bars,34.3,g
2072,Bar müslibar m. choklad berikad,Summa enkelomättade fettsyror,Frukt o nötblandningar bars,2.3,g
2072,Bar müslibar m. choklad berikad,"Magnesium, Mg",Frukt o nötblandningar bars,38.0,mg
2072,Bar müslibar m. choklad berikad,Summa mättade fettsyror,Frukt o nötblandningar bars,3.6,g
2072,Bar müslibar m. choklad berikad,"Kolhydrater, tillgängliga",Frukt o nötblandningar bars,73.2,g
2072,Bar müslibar m. choklad berikad,Kolesterol,Frukt o nötblandningar bars,2.0,mg
2072,Bar müslibar m. choklad berikad,"Kalium, K",Frukt o nötblandningar bars,172.0,mg
2072,Bar müslibar m. choklad berikad,"Jod, I",Frukt o nötblandningar bars,9.0,µg
2072,Bar müslibar m. choklad berikad,Fullkorn totalt,Frukt o nötblandningar bars,9.0,g
2072,Bar müslibar m. choklad berikad,"Folat, totalt",Frukt o nötblandningar bars,292.0,µg
2072,Bar müslibar m. choklad berikad,Fibrer,Frukt o nötblandningar bars,5.8,g
2072,Bar müslibar m. choklad berikad,"Fett, totalt",Frukt o nötblandningar bars,6.5,g
2072,Bar müslibar m. choklad berikad,"Järn, Fe",Frukt o nötblandningar bars,12.8,mg
2072,Bar müslibar m. choklad berikad,Energi (kJ),Frukt o nötblandningar bars,1668.0,kJ
2072,Bar müslibar m. choklad berikad,Energi (kcal),Frukt o nötblandningar bars,398.0,kcal
2072,Bar müslibar m. choklad berikad,Disackarider,Frukt o nötblandningar bars,18.0,g
2072,Bar müslibar m. choklad berikad,"Kalcium, Ca",Frukt o nötblandningar bars,32.0,mg
2072,Bar müslibar m. choklad berikad,Fettsyra 4:0-10:0,Frukt o nötblandningar bars,0.0,g
2072,Bar müslibar m. choklad berikad,DHA (C22:6),Frukt o nötblandningar bars,0.0,g
2072,Bar müslibar m. choklad berikad,DPA (C22:5),Frukt o nötblandningar bars,0.0,g
2072,Bar müslibar m. choklad berikad,EPA (C20:5),Frukt o nötblandningar bars,0.0,g
2072,Bar müslibar m. choklad berikad,Arakidonsyra C20:4,Frukt o nötblandningar bars,0.0,g
2072,Bar müslibar m. choklad berikad,Arakidinsyra C20:0,Frukt o nötblandningar bars,0.1,g
2072,Bar müslibar m. choklad berikad,Linolensyra C18:3,Frukt o nötblandningar bars,0.0,g
2072,Bar müslibar m. choklad berikad,Linolsyra C18:2,Frukt o nötblandningar bars,0.3,g
2072,Bar müslibar m. choklad berikad,Oljesyra C18:1,Frukt o nötblandningar bars,2.3,g
2072,Bar müslibar m. choklad berikad,Stearinsyra C18:0,Frukt o nötblandningar bars,2.0,g
2072,Bar müslibar m. choklad berikad,Palmitoljesyra C16:1,Frukt o nötblandningar bars,0.0,g
2072,Bar müslibar m. choklad berikad,Palmitinsyra C16:0,Frukt o nötblandningar bars,1.5,g
2072,Bar müslibar m. choklad berikad,Myristinsyra C14:0,Frukt o nötblandningar bars,0.0,g
2072,Bar müslibar m. choklad berikad,Laurinsyra C12:0,Frukt o nötblandningar bars,0.0,g
2072,Bar müslibar m. choklad berikad,Betakaroten/β-Karoten,Frukt o nötblandningar bars,2.0,µg
2072,Bar müslibar m. choklad berikad,Avfall (skal etc.),Frukt o nötblandningar bars,0.0,%
2072,Bar müslibar m. choklad berikad,Aska,Frukt o nötblandningar bars,1.6,g
2072,Bar müslibar m. choklad berikad,Alkohol,Frukt o nötblandningar bars,0.0,g
2073,Jordnötssås,"Zink, Zn",Sås dressing majonnäs ,0.9,mg
2073,Jordnötssås,Vitamin E,Sås dressing majonnäs ,2.7,mg
2073,Jordnötssås,Vitamin D inkl 25-OH-D3,Sås dressing majonnäs ,0.0,µg
2073,Jordnötssås,Vitamin D,Sås dressing majonnäs ,0.0,µg
2073,Jordnötssås,Vitamin C,Sås dressing majonnäs ,2.5,mg
2073,Jordnötssås,Vitamin B6,Sås dressing majonnäs ,0.09,mg
2073,Jordnötssås,Vitamin B12,Sås dressing majonnäs ,0.0,µg
2073,Jordnötssås,Vitamin A,Sås dressing majonnäs ,0.3,RE/µg
2073,Jordnötssås,Vatten,Sås dressing majonnäs ,55.4,g
2073,Jordnötssås,Tiamin,Sås dressing majonnäs ,0.32,mg
2073,Jordnötssås,Tillsatt socker,Sås dressing majonnäs ,4.0,g
2073,Jordnötssås,Fritt socker,Sås dressing majonnäs ,4.0,g
2073,Jordnötssås,"Selen, Se",Sås dressing majonnäs ,4.4,µg
2073,Jordnötssås,Sackaros,Sås dressing majonnäs ,5.6,g
2073,Jordnötssås,Riboflavin,Sås dressing majonnäs ,0.02,mg
2073,Jordnötssås,Retinol,Sås dressing majonnäs ,0.0,µg
2073,Jordnötssås,Protein,Sås dressing majonnäs ,6.3,g
2073,Jordnötssås,Summa fleromättade fettsyror,Sås dressing majonnäs ,2.5,g
2073,Jordnötssås,"Fosfor, P",Sås dressing majonnäs ,129.0,mg
2073,Jordnötssås,Niacinekvivalenter,Sås dressing majonnäs ,4.94,NE/mg
2073,Jordnötssås,Niacin,Sås dressing majonnäs ,3.9,mg
2073,Jordnötssås,"Salt, NaCl",Sås dressing majonnäs ,1.3,g
2073,Jordnötssås,"Natrium, Na",Sås dressing majonnäs ,523.0,mg
2073,Jordnötssås,Monosackarider,Sås dressing majonnäs ,0.4,g
2073,Jordnötssås,"Sockerarter, totalt",Sås dressing majonnäs ,6.0,g
2073,Jordnötssås,Summa enkelomättade fettsyror,Sås dressing majonnäs ,12.1,g
2073,Jordnötssås,"Magnesium, Mg",Sås dressing majonnäs ,56.0,mg
2073,Jordnötssås,Summa mättade fettsyror,Sås dressing majonnäs ,8.3,g
2073,Jordnötssås,"Kolhydrater, tillgängliga",Sås dressing majonnäs ,8.5,g
2073,Jordnötssås,Kolesterol,Sås dressing majonnäs ,0.0,mg
2073,Jordnötssås,"Kalium, K",Sås dressing majonnäs ,216.0,mg
2073,Jordnötssås,"Jod, I",Sås dressing majonnäs ,43.2,µg
2073,Jordnötssås,Fullkorn totalt,Sås dressing majonnäs ,0.0,g
2073,Jordnötssås,"Folat, totalt",Sås dressing majonnäs ,19.2,µg
2073,Jordnötssås,Fibrer,Sås dressing majonnäs ,3.5,g
2073,Jordnötssås,"Fett, totalt",Sås dressing majonnäs ,24.2,g
2073,Jordnötssås,"Järn, Fe",Sås dressing majonnäs ,1.0,mg
2073,Jordnötssås,Energi (kJ),Sås dressing majonnäs ,1174.0,kJ
2073,Jordnötssås,Energi (kcal),Sås dressing majonnäs ,281.0,kcal
2073,Jordnötssås,Disackarider,Sås dressing majonnäs ,5.6,g
2073,Jordnötssås,"Kalcium, Ca",Sås dressing majonnäs ,33.0,mg
2073,Jordnötssås,Fettsyra 4:0-10:0,Sås dressing majonnäs ,1.1,g
2073,Jordnötssås,DHA (C22:6),Sås dressing majonnäs ,0.0,g
2073,Jordnötssås,DPA (C22:5),Sås dressing majonnäs ,0.0,g
2073,Jordnötssås,EPA (C20:5),Sås dressing majonnäs ,0.0,g
2073,Jordnötssås,Arakidonsyra C20:4,Sås dressing majonnäs ,0.0,g
2073,Jordnötssås,Arakidinsyra C20:0,Sås dressing majonnäs ,0.1,g
2073,Jordnötssås,Linolensyra C18:3,Sås dressing majonnäs ,0.4,g
2073,Jordnötssås,Linolsyra C18:2,Sås dressing majonnäs ,2.2,g
2073,Jordnötssås,Oljesyra C18:1,Sås dressing majonnäs ,11.7,g
2073,Jordnötssås,Stearinsyra C18:0,Sås dressing majonnäs ,0.5,g
2073,Jordnötssås,Palmitoljesyra C16:1,Sås dressing majonnäs ,0.0,g
2073,Jordnötssås,Palmitinsyra C16:0,Sås dressing majonnäs ,1.6,g
2073,Jordnötssås,Myristinsyra C14:0,Sås dressing majonnäs ,1.3,g
2073,Jordnötssås,Laurinsyra C12:0,Sås dressing majonnäs ,3.3,g
2073,Jordnötssås,Betakaroten/β-Karoten,Sås dressing majonnäs ,3.0,µg
2073,Jordnötssås,Avfall (skal etc.),Sås dressing majonnäs ,1.0,%
2073,Jordnötssås,Aska,Sås dressing majonnäs ,2.1,g
2073,Jordnötssås,Alkohol,Sås dressing majonnäs ,0.0,g
2075,Coleslaw hemlagad,"Zink, Zn",Majonnässallad röror,0.2,mg
2075,Coleslaw hemlagad,Vitamin E,Majonnässallad röror,1.6,mg
2075,Coleslaw hemlagad,Vitamin D,Majonnässallad röror,0.01,µg
2075,Coleslaw hemlagad,Vitamin C,Majonnässallad röror,17.2,mg
2075,Coleslaw hemlagad,Vitamin B6,Majonnässallad röror,0.1,mg
2075,Coleslaw hemlagad,Vitamin B12,Majonnässallad röror,0.03,µg
2075,Coleslaw hemlagad,Vitamin A,Majonnässallad röror,196.9,RE/µg
2075,Coleslaw hemlagad,Vatten,Majonnässallad röror,82.9,g
2075,Coleslaw hemlagad,Tiamin,Majonnässallad röror,0.03,mg
2075,Coleslaw hemlagad,Tillsatt socker,Majonnässallad röror,1.0,g
2075,Coleslaw hemlagad,Fritt socker,Majonnässallad röror,1.0,g
2075,Coleslaw hemlagad,"Selen, Se",Majonnässallad röror,0.3,µg
2075,Coleslaw hemlagad,Sackaros,Majonnässallad röror,2.4,g
2075,Coleslaw hemlagad,Riboflavin,Majonnässallad röror,0.02,mg
2075,Coleslaw hemlagad,Retinol,Majonnässallad röror,8.5,µg
2075,Coleslaw hemlagad,Protein,Majonnässallad röror,0.9,g
2075,Coleslaw hemlagad,Summa fleromättade fettsyror,Majonnässallad röror,1.5,g
2075,Coleslaw hemlagad,"Fosfor, P",Majonnässallad röror,29.0,mg
2075,Coleslaw hemlagad,Niacinekvivalenter,Majonnässallad röror,0.5,NE/mg
2075,Coleslaw hemlagad,Niacin,Majonnässallad röror,0.33,mg
2075,Coleslaw hemlagad,"Salt, NaCl",Majonnässallad röror,0.9,g
2075,Coleslaw hemlagad,"Natrium, Na",Majonnässallad röror,348.0,mg
2075,Coleslaw hemlagad,Monosackarider,Majonnässallad röror,3.7,g
2075,Coleslaw hemlagad,"Sockerarter, totalt",Majonnässallad röror,6.3,g
2075,Coleslaw hemlagad,Summa enkelomättade fettsyror,Majonnässallad röror,3.2,g
2075,Coleslaw hemlagad,"Magnesium, Mg",Majonnässallad röror,9.0,mg
2075,Coleslaw hemlagad,Summa mättade fettsyror,Majonnässallad röror,0.8,g
2075,Coleslaw hemlagad,"Kolhydrater, tillgängliga",Majonnässallad röror,6.9,g
2075,Coleslaw hemlagad,Kolesterol,Majonnässallad röror,5.1,mg
2075,Coleslaw hemlagad,"Kalium, K",Majonnässallad röror,173.0,mg
2075,Coleslaw hemlagad,"Jod, I",Majonnässallad röror,40.6,µg
2075,Coleslaw hemlagad,Fullkorn totalt,Majonnässallad röror,0.0,g
2075,Coleslaw hemlagad,"Folat, totalt",Majonnässallad röror,14.7,µg
2075,Coleslaw hemlagad,Fibrer,Majonnässallad röror,2.0,g
2075,Coleslaw hemlagad,"Fett, totalt",Majonnässallad röror,5.9,g
2075,Coleslaw hemlagad,"Järn, Fe",Majonnässallad röror,0.3,mg
2075,Coleslaw hemlagad,Energi (kJ),Majonnässallad röror,367.0,kJ
2075,Coleslaw hemlagad,Energi (kcal),Majonnässallad röror,88.0,kcal
2075,Coleslaw hemlagad,Disackarider,Majonnässallad röror,2.6,g
2075,Coleslaw hemlagad,"Kalcium, Ca",Majonnässallad röror,33.0,mg
2075,Coleslaw hemlagad,Fettsyra 4:0-10:0,Majonnässallad röror,0.1,g
2075,Coleslaw hemlagad,DHA (C22:6),Majonnässallad röror,0.0,g
2075,Coleslaw hemlagad,DPA (C22:5),Majonnässallad röror,0.0,g
2075,Coleslaw hemlagad,EPA (C20:5),Majonnässallad röror,0.0,g
2075,Coleslaw hemlagad,Arakidonsyra C20:4,Majonnässallad röror,0.0,g
2075,Coleslaw hemlagad,Arakidinsyra C20:0,Majonnässallad röror,0.0,g
2075,Coleslaw hemlagad,Linolensyra C18:3,Majonnässallad röror,0.5,g
2075,Coleslaw hemlagad,Linolsyra C18:2,Majonnässallad röror,1.0,g
2075,Coleslaw hemlagad,Oljesyra C18:1,Majonnässallad röror,3.1,g
2075,Coleslaw hemlagad,Stearinsyra C18:0,Majonnässallad röror,0.1,g
2075,Coleslaw hemlagad,Palmitoljesyra C16:1,Majonnässallad röror,0.0,g
2075,Coleslaw hemlagad,Palmitinsyra C16:0,Majonnässallad röror,0.5,g
2075,Coleslaw hemlagad,Myristinsyra C14:0,Majonnässallad röror,0.1,g
2075,Coleslaw hemlagad,Laurinsyra C12:0,Majonnässallad röror,0.0,g
2075,Coleslaw hemlagad,Betakaroten/β-Karoten,Majonnässallad röror,1907.0,µg
2075,Coleslaw hemlagad,Avfall (skal etc.),Majonnässallad röror,8.0,%
2075,Coleslaw hemlagad,Aska,Majonnässallad röror,1.4,g
2075,Coleslaw hemlagad,Alkohol,Majonnässallad röror,0.0,g
2078,Löksås m. grädde,"Zink, Zn",Sås dressing majonnäs ,0.1,mg
2078,Löksås m. grädde,Vitamin E,Sås dressing majonnäs ,1.4,mg
2078,Löksås m. grädde,Vitamin D,Sås dressing majonnäs ,0.24,µg
2078,Löksås m. grädde,Vitamin C,Sås dressing majonnäs ,1.6,mg
2078,Löksås m. grädde,Vitamin B6,Sås dressing majonnäs ,0.05,mg
2078,Löksås m. grädde,Vitamin B12,Sås dressing majonnäs ,0.14,µg
2078,Löksås m. grädde,Vitamin A,Sås dressing majonnäs ,72.8,RE/µg
2078,Löksås m. grädde,Vatten,Sås dressing majonnäs ,73.4,g
2078,Löksås m. grädde,Tiamin,Sås dressing majonnäs ,0.02,mg
2078,Löksås m. grädde,Tillsatt socker,Sås dressing majonnäs ,6.0,g
2078,Löksås m. grädde,Fritt socker,Sås dressing majonnäs ,6.0,g
2078,Löksås m. grädde,"Selen, Se",Sås dressing majonnäs ,0.5,µg
2078,Löksås m. grädde,Sackaros,Sås dressing majonnäs ,3.2,g
2078,Löksås m. grädde,Riboflavin,Sås dressing majonnäs ,0.03,mg
2078,Löksås m. grädde,Retinol,Sås dressing majonnäs ,61.5,µg
2078,Löksås m. grädde,Protein,Sås dressing majonnäs ,1.5,g
2078,Löksås m. grädde,Summa fleromättade fettsyror,Sås dressing majonnäs ,1.5,g
2078,Löksås m. grädde,"Fosfor, P",Sås dressing majonnäs ,41.0,mg
2078,Löksås m. grädde,Niacinekvivalenter,Sås dressing majonnäs ,0.47,NE/mg
2078,Löksås m. grädde,Niacin,Sås dressing majonnäs ,0.21,mg
2078,Löksås m. grädde,"Salt, NaCl",Sås dressing majonnäs ,1.9,g
2078,Löksås m. grädde,"Natrium, Na",Sås dressing majonnäs ,762.0,mg
2078,Löksås m. grädde,Monosackarider,Sås dressing majonnäs ,4.4,g
2078,Löksås m. grädde,"Sockerarter, totalt",Sås dressing majonnäs ,8.5,g
2078,Löksås m. grädde,Summa enkelomättade fettsyror,Sås dressing majonnäs ,4.2,g
2078,Löksås m. grädde,"Magnesium, Mg",Sås dressing majonnäs ,10.0,mg
2078,Löksås m. grädde,Summa mättade fettsyror,Sås dressing majonnäs ,4.5,g
2078,Löksås m. grädde,"Kolhydrater, tillgängliga",Sås dressing majonnäs ,11.1,g
2078,Löksås m. grädde,Kolesterol,Sås dressing majonnäs ,18.1,mg
2078,Löksås m. grädde,"Kalium, K",Sås dressing majonnäs ,100.0,mg
2078,Löksås m. grädde,"Jod, I",Sås dressing majonnäs ,49.6,µg
2078,Löksås m. grädde,Fullkorn totalt,Sås dressing majonnäs ,0.0,g
2078,Löksås m. grädde,"Folat, totalt",Sås dressing majonnäs ,9.1,µg
2078,Löksås m. grädde,Fibrer,Sås dressing majonnäs ,0.7,g
2078,Löksås m. grädde,"Fett, totalt",Sås dressing majonnäs ,11.1,g
2078,Löksås m. grädde,"Järn, Fe",Sås dressing majonnäs ,0.1,mg
2078,Löksås m. grädde,Energi (kJ),Sås dressing majonnäs ,630.0,kJ
2078,Löksås m. grädde,Energi (kcal),Sås dressing majonnäs ,151.0,kcal
2078,Löksås m. grädde,Disackarider,Sås dressing majonnäs ,4.1,g
2078,Löksås m. grädde,"Kalcium, Ca",Sås dressing majonnäs ,35.0,mg
2078,Löksås m. grädde,Fettsyra 4:0-10:0,Sås dressing majonnäs ,0.5,g
2078,Löksås m. grädde,DHA (C22:6),Sås dressing majonnäs ,0.0,g
2078,Löksås m. grädde,DPA (C22:5),Sås dressing majonnäs ,0.0,g
2078,Löksås m. grädde,EPA (C20:5),Sås dressing majonnäs ,0.0,g
2078,Löksås m. grädde,Arakidonsyra C20:4,Sås dressing majonnäs ,0.0,g
2078,Löksås m. grädde,Arakidinsyra C20:0,Sås dressing majonnäs ,0.0,g
2078,Löksås m. grädde,Linolensyra C18:3,Sås dressing majonnäs ,0.4,g
2078,Löksås m. grädde,Linolsyra C18:2,Sås dressing majonnäs ,1.1,g
2078,Löksås m. grädde,Oljesyra C18:1,Sås dressing majonnäs ,4.0,g
2078,Löksås m. grädde,Stearinsyra C18:0,Sås dressing majonnäs ,0.8,g
2078,Löksås m. grädde,Palmitoljesyra C16:1,Sås dressing majonnäs ,0.2,g
2078,Löksås m. grädde,Palmitinsyra C16:0,Sås dressing majonnäs ,2.3,g
2078,Löksås m. grädde,Myristinsyra C14:0,Sås dressing majonnäs ,0.7,g
2078,Löksås m. grädde,Laurinsyra C12:0,Sås dressing majonnäs ,0.2,g
2078,Löksås m. grädde,Betakaroten/β-Karoten,Sås dressing majonnäs ,50.0,µg
2078,Löksås m. grädde,Avfall (skal etc.),Sås dressing majonnäs ,2.0,%
2078,Löksås m. grädde,Aska,Sås dressing majonnäs ,2.3,g
2078,Löksås m. grädde,Alkohol,Sås dressing majonnäs ,0.07,g
2079,Nudlar äggnudlar kokta m. salt,"Zink, Zn",Pasta,0.6,mg
2079,Nudlar äggnudlar kokta m. salt,Vitamin E,Pasta,0.2,mg
2079,Nudlar äggnudlar kokta m. salt,Vitamin D,Pasta,0.1,µg
2079,Nudlar äggnudlar kokta m. salt,Vitamin C,Pasta,0.0,mg
2079,Nudlar äggnudlar kokta m. salt,Vitamin B6,Pasta,0.02,mg
2079,Nudlar äggnudlar kokta m. salt,Vitamin B12,Pasta,0.12,µg
2079,Nudlar äggnudlar kokta m. salt,Vitamin A,Pasta,6.2,RE/µg
2079,Nudlar äggnudlar kokta m. salt,Vatten,Pasta,68.8,g
2079,Nudlar äggnudlar kokta m. salt,Tiamin,Pasta,0.04,mg
2079,Nudlar äggnudlar kokta m. salt,Tillsatt socker,Pasta,0.0,g
2079,Nudlar äggnudlar kokta m. salt,Fritt socker,Pasta,0.0,g
2079,Nudlar äggnudlar kokta m. salt,"Selen, Se",Pasta,0.3,µg
2079,Nudlar äggnudlar kokta m. salt,Sackaros,Pasta,0.2,g
2079,Nudlar äggnudlar kokta m. salt,Riboflavin,Pasta,0.02,mg
2079,Nudlar äggnudlar kokta m. salt,Retinol,Pasta,6.2,µg
2079,Nudlar äggnudlar kokta m. salt,Protein,Pasta,4.8,g
2079,Nudlar äggnudlar kokta m. salt,Summa fleromättade fettsyror,Pasta,0.4,g
2079,Nudlar äggnudlar kokta m. salt,"Fosfor, P",Pasta,74.0,mg
2079,Nudlar äggnudlar kokta m. salt,Niacinekvivalenter,Pasta,1.52,NE/mg
2079,Nudlar äggnudlar kokta m. salt,Niacin,Pasta,0.72,mg
2079,Nudlar äggnudlar kokta m. salt,"Salt, NaCl",Pasta,0.2,g
2079,Nudlar äggnudlar kokta m. salt,"Natrium, Na",Pasta,79.0,mg
2079,Nudlar äggnudlar kokta m. salt,Monosackarider,Pasta,0.0,g
2079,Nudlar äggnudlar kokta m. salt,"Sockerarter, totalt",Pasta,0.6,g
2079,Nudlar äggnudlar kokta m. salt,Summa enkelomättade fettsyror,Pasta,0.4,g
2079,Nudlar äggnudlar kokta m. salt,"Magnesium, Mg",Pasta,21.0,mg
2079,Nudlar äggnudlar kokta m. salt,Summa mättade fettsyror,Pasta,0.3,g
2079,Nudlar äggnudlar kokta m. salt,"Kolhydrater, tillgängliga",Pasta,23.5,g
2079,Nudlar äggnudlar kokta m. salt,Kolesterol,Pasta,32.7,mg
2079,Nudlar äggnudlar kokta m. salt,"Kalium, K",Pasta,52.0,mg
2079,Nudlar äggnudlar kokta m. salt,"Jod, I",Pasta,10.5,µg
2079,Nudlar äggnudlar kokta m. salt,Fullkorn totalt,Pasta,0.0,g
2079,Nudlar äggnudlar kokta m. salt,"Folat, totalt",Pasta,6.0,µg
2079,Nudlar äggnudlar kokta m. salt,Fibrer,Pasta,1.0,g
2079,Nudlar äggnudlar kokta m. salt,"Fett, totalt",Pasta,1.4,g
2079,Nudlar äggnudlar kokta m. salt,"Järn, Fe",Pasta,0.7,mg
2079,Nudlar äggnudlar kokta m. salt,Energi (kJ),Pasta,542.0,kJ
2079,Nudlar äggnudlar kokta m. salt,Energi (kcal),Pasta,130.0,kcal
2079,Nudlar äggnudlar kokta m. salt,Disackarider,Pasta,0.6,g
2079,Nudlar äggnudlar kokta m. salt,"Kalcium, Ca",Pasta,11.0,mg
2079,Nudlar äggnudlar kokta m. salt,Fettsyra 4:0-10:0,Pasta,0.0,g
2079,Nudlar äggnudlar kokta m. salt,DHA (C22:6),Pasta,0.0,g
2079,Nudlar äggnudlar kokta m. salt,DPA (C22:5),Pasta,0.0,g
2079,Nudlar äggnudlar kokta m. salt,EPA (C20:5),Pasta,0.0,g
2079,Nudlar äggnudlar kokta m. salt,Arakidonsyra C20:4,Pasta,0.0,g
2079,Nudlar äggnudlar kokta m. salt,Arakidinsyra C20:0,Pasta,0.0,g
2079,Nudlar äggnudlar kokta m. salt,Linolensyra C18:3,Pasta,0.0,g
2079,Nudlar äggnudlar kokta m. salt,Linolsyra C18:2,Pasta,0.4,g
2079,Nudlar äggnudlar kokta m. salt,Oljesyra C18:1,Pasta,0.4,g
2079,Nudlar äggnudlar kokta m. salt,Stearinsyra C18:0,Pasta,0.1,g
2079,Nudlar äggnudlar kokta m. salt,Palmitoljesyra C16:1,Pasta,0.0,g
2079,Nudlar äggnudlar kokta m. salt,Palmitinsyra C16:0,Pasta,0.2,g
2079,Nudlar äggnudlar kokta m. salt,Myristinsyra C14:0,Pasta,0.0,g
2079,Nudlar äggnudlar kokta m. salt,Laurinsyra C12:0,Pasta,0.0,g
2079,Nudlar äggnudlar kokta m. salt,Betakaroten/β-Karoten,Pasta,0.0,µg
2079,Nudlar äggnudlar kokta m. salt,Avfall (skal etc.),Pasta,0.0,%
2079,Nudlar äggnudlar kokta m. salt,Aska,Pasta,0.5,g
2079,Nudlar äggnudlar kokta m. salt,Alkohol,Pasta,0.0,g
2080,Nässlor stuvade,"Zink, Zn",Grönsaks- rotfrukts- baljväxträtter o produkter,0.3,mg
2080,Nässlor stuvade,Vitamin E,Grönsaks- rotfrukts- baljväxträtter o produkter,3.0,mg
2080,Nässlor stuvade,Vitamin D,Grönsaks- rotfrukts- baljväxträtter o produkter,0.11,µg
2080,Nässlor stuvade,Vitamin C,Grönsaks- rotfrukts- baljväxträtter o produkter,3.2,mg
2080,Nässlor stuvade,Vitamin B6,Grönsaks- rotfrukts- baljväxträtter o produkter,0.04,mg
2080,Nässlor stuvade,Vitamin B12,Grönsaks- rotfrukts- baljväxträtter o produkter,0.08,µg
2080,Nässlor stuvade,Vitamin A,Grönsaks- rotfrukts- baljväxträtter o produkter,212.9,RE/µg
2080,Nässlor stuvade,Vatten,Grönsaks- rotfrukts- baljväxträtter o produkter,86.4,g
2080,Nässlor stuvade,Tiamin,Grönsaks- rotfrukts- baljväxträtter o produkter,0.01,mg
2080,Nässlor stuvade,Tillsatt socker,Grönsaks- rotfrukts- baljväxträtter o produkter,0.0,g
2080,Nässlor stuvade,Fritt socker,Grönsaks- rotfrukts- baljväxträtter o produkter,0.0,g
2080,Nässlor stuvade,"Selen, Se",Grönsaks- rotfrukts- baljväxträtter o produkter,0.5,µg
2080,Nässlor stuvade,Sackaros,Grönsaks- rotfrukts- baljväxträtter o produkter,0.1,g
2080,Nässlor stuvade,Riboflavin,Grönsaks- rotfrukts- baljväxträtter o produkter,0.1,mg
2080,Nässlor stuvade,Retinol,Grönsaks- rotfrukts- baljväxträtter o produkter,26.4,µg
2080,Nässlor stuvade,Protein,Grönsaks- rotfrukts- baljväxträtter o produkter,4.1,g
2080,Nässlor stuvade,Summa fleromättade fettsyror,Grönsaks- rotfrukts- baljväxträtter o produkter,0.4,g
2080,Nässlor stuvade,"Fosfor, P",Grönsaks- rotfrukts- baljväxträtter o produkter,93.0,mg
2080,Nässlor stuvade,Niacinekvivalenter,Grönsaks- rotfrukts- baljväxträtter o produkter,1.09,NE/mg
2080,Nässlor stuvade,Niacin,Grönsaks- rotfrukts- baljväxträtter o produkter,0.34,mg
2080,Nässlor stuvade,"Salt, NaCl",Grönsaks- rotfrukts- baljväxträtter o produkter,0.2,g
2080,Nässlor stuvade,"Natrium, Na",Grönsaks- rotfrukts- baljväxträtter o produkter,65.0,mg
2080,Nässlor stuvade,Monosackarider,Grönsaks- rotfrukts- baljväxträtter o produkter,0.0,g
2080,Nässlor stuvade,"Sockerarter, totalt",Grönsaks- rotfrukts- baljväxträtter o produkter,0.9,g
2080,Nässlor stuvade,Summa enkelomättade fettsyror,Grönsaks- rotfrukts- baljväxträtter o produkter,0.8,g
2080,Nässlor stuvade,"Magnesium, Mg",Grönsaks- rotfrukts- baljväxträtter o produkter,27.0,mg
2080,Nässlor stuvade,Summa mättade fettsyror,Grönsaks- rotfrukts- baljväxträtter o produkter,2.0,g
2080,Nässlor stuvade,"Kolhydrater, tillgängliga",Grönsaks- rotfrukts- baljväxträtter o produkter,2.3,g
2080,Nässlor stuvade,Kolesterol,Grönsaks- rotfrukts- baljväxträtter o produkter,9.1,mg
2080,Nässlor stuvade,"Kalium, K",Grönsaks- rotfrukts- baljväxträtter o produkter,116.0,mg
2080,Nässlor stuvade,"Jod, I",Grönsaks- rotfrukts- baljväxträtter o produkter,10.5,µg
2080,Nässlor stuvade,Fullkorn totalt,Grönsaks- rotfrukts- baljväxträtter o produkter,0.0,g
2080,Nässlor stuvade,"Folat, totalt",Grönsaks- rotfrukts- baljväxträtter o produkter,42.0,µg
2080,Nässlor stuvade,Fibrer,Grönsaks- rotfrukts- baljväxträtter o produkter,2.2,g
2080,Nässlor stuvade,"Fett, totalt",Grönsaks- rotfrukts- baljväxträtter o produkter,3.7,g
2080,Nässlor stuvade,"Järn, Fe",Grönsaks- rotfrukts- baljväxträtter o produkter,2.3,mg
2080,Nässlor stuvade,Energi (kJ),Grönsaks- rotfrukts- baljväxträtter o produkter,263.0,kJ
2080,Nässlor stuvade,Energi (kcal),Grönsaks- rotfrukts- baljväxträtter o produkter,62.0,kcal
2080,Nässlor stuvade,Disackarider,Grönsaks- rotfrukts- baljväxträtter o produkter,0.9,g
2080,Nässlor stuvade,"Kalcium, Ca",Grönsaks- rotfrukts- baljväxträtter o produkter,250.0,mg
2080,Nässlor stuvade,Fettsyra 4:0-10:0,Grönsaks- rotfrukts- baljväxträtter o produkter,0.2,g
2080,Nässlor stuvade,DHA (C22:6),Grönsaks- rotfrukts- baljväxträtter o produkter,0.0,g
2080,Nässlor stuvade,DPA (C22:5),Grönsaks- rotfrukts- baljväxträtter o produkter,0.0,g
2080,Nässlor stuvade,EPA (C20:5),Grönsaks- rotfrukts- baljväxträtter o produkter,0.0,g
2080,Nässlor stuvade,Arakidonsyra C20:4,Grönsaks- rotfrukts- baljväxträtter o produkter,0.0,g
2080,Nässlor stuvade,Arakidinsyra C20:0,Grönsaks- rotfrukts- baljväxträtter o produkter,0.0,g
2080,Nässlor stuvade,Linolensyra C18:3,Grönsaks- rotfrukts- baljväxträtter o produkter,0.3,g
2080,Nässlor stuvade,Linolsyra C18:2,Grönsaks- rotfrukts- baljväxträtter o produkter,0.1,g
2080,Nässlor stuvade,Oljesyra C18:1,Grönsaks- rotfrukts- baljväxträtter o produkter,0.7,g
2080,Nässlor stuvade,Stearinsyra C18:0,Grönsaks- rotfrukts- baljväxträtter o produkter,0.3,g
2080,Nässlor stuvade,Palmitoljesyra C16:1,Grönsaks- rotfrukts- baljväxträtter o produkter,0.1,g
2080,Nässlor stuvade,Palmitinsyra C16:0,Grönsaks- rotfrukts- baljväxträtter o produkter,1.0,g
2080,Nässlor stuvade,Myristinsyra C14:0,Grönsaks- rotfrukts- baljväxträtter o produkter,0.3,g
2080,Nässlor stuvade,Laurinsyra C12:0,Grönsaks- rotfrukts- baljväxträtter o produkter,0.1,g
2080,Nässlor stuvade,Betakaroten/β-Karoten,Grönsaks- rotfrukts- baljväxträtter o produkter,2239.0,µg
2080,Nässlor stuvade,Avfall (skal etc.),Grönsaks- rotfrukts- baljväxträtter o produkter,0.0,%
2080,Nässlor stuvade,Aska,Grönsaks- rotfrukts- baljväxträtter o produkter,1.3,g
2080,Nässlor stuvade,Alkohol,Grönsaks- rotfrukts- baljväxträtter o produkter,0.0,g
2081,Kantarell stuvad,"Zink, Zn",Grönsaks- rotfrukts- baljväxträtter o produkter,0.7,mg
2081,Kantarell stuvad,Vitamin E,Grönsaks- rotfrukts- baljväxträtter o produkter,2.1,mg
2081,Kantarell stuvad,Vitamin D,Grönsaks- rotfrukts- baljväxträtter o produkter,9.98,µg
2081,Kantarell stuvad,Vitamin C,Grönsaks- rotfrukts- baljväxträtter o produkter,0.4,mg
2081,Kantarell stuvad,Vitamin B6,Grönsaks- rotfrukts- baljväxträtter o produkter,0.04,mg
2081,Kantarell stuvad,Vitamin B12,Grönsaks- rotfrukts- baljväxträtter o produkter,0.27,µg
2081,Kantarell stuvad,Vitamin A,Grönsaks- rotfrukts- baljväxträtter o produkter,135.6,RE/µg
2081,Kantarell stuvad,Vatten,Grönsaks- rotfrukts- baljväxträtter o produkter,72.1,g
2081,Kantarell stuvad,Tiamin,Grönsaks- rotfrukts- baljväxträtter o produkter,0.05,mg
2081,Kantarell stuvad,Tillsatt socker,Grönsaks- rotfrukts- baljväxträtter o produkter,0.0,g
2081,Kantarell stuvad,Fritt socker,Grönsaks- rotfrukts- baljväxträtter o produkter,0.0,g
2081,Kantarell stuvad,"Selen, Se",Grönsaks- rotfrukts- baljväxträtter o produkter,1.3,µg
2081,Kantarell stuvad,Sackaros,Grönsaks- rotfrukts- baljväxträtter o produkter,0.0,g
2081,Kantarell stuvad,Riboflavin,Grönsaks- rotfrukts- baljväxträtter o produkter,0.18,mg
2081,Kantarell stuvad,Retinol,Grönsaks- rotfrukts- baljväxträtter o produkter,70.0,µg
2081,Kantarell stuvad,Protein,Grönsaks- rotfrukts- baljväxträtter o produkter,3.5,g
2081,Kantarell stuvad,Summa fleromättade fettsyror,Grönsaks- rotfrukts- baljväxträtter o produkter,2.3,g
2081,Kantarell stuvad,"Fosfor, P",Grönsaks- rotfrukts- baljväxträtter o produkter,109.0,mg
2081,Kantarell stuvad,Niacinekvivalenter,Grönsaks- rotfrukts- baljväxträtter o produkter,3.46,NE/mg
2081,Kantarell stuvad,Niacin,Grönsaks- rotfrukts- baljväxträtter o produkter,2.71,mg
2081,Kantarell stuvad,"Salt, NaCl",Grönsaks- rotfrukts- baljväxträtter o produkter,0.9,g
2081,Kantarell stuvad,"Natrium, Na",Grönsaks- rotfrukts- baljväxträtter o produkter,374.0,mg
2081,Kantarell stuvad,Monosackarider,Grönsaks- rotfrukts- baljväxträtter o produkter,0.0,g
2081,Kantarell stuvad,"Sockerarter, totalt",Grönsaks- rotfrukts- baljväxträtter o produkter,2.9,g
2081,Kantarell stuvad,Summa enkelomättade fettsyror,Grönsaks- rotfrukts- baljväxträtter o produkter,5.7,g
2081,Kantarell stuvad,"Magnesium, Mg",Grönsaks- rotfrukts- baljväxträtter o produkter,12.0,mg
2081,Kantarell stuvad,Summa mättade fettsyror,Grönsaks- rotfrukts- baljväxträtter o produkter,5.2,g
2081,Kantarell stuvad,"Kolhydrater, tillgängliga",Grönsaks- rotfrukts- baljväxträtter o produkter,6.0,g
2081,Kantarell stuvad,Kolesterol,Grönsaks- rotfrukts- baljväxträtter o produkter,21.0,mg
2081,Kantarell stuvad,"Kalium, K",Grönsaks- rotfrukts- baljväxträtter o produkter,281.0,mg
2081,Kantarell stuvad,"Jod, I",Grönsaks- rotfrukts- baljväxträtter o produkter,51.5,µg
2081,Kantarell stuvad,Fullkorn totalt,Grönsaks- rotfrukts- baljväxträtter o produkter,0.0,g
2081,Kantarell stuvad,"Folat, totalt",Grönsaks- rotfrukts- baljväxträtter o produkter,7.9,µg
2081,Kantarell stuvad,Fibrer,Grönsaks- rotfrukts- baljväxträtter o produkter,2.2,g
2081,Kantarell stuvad,"Fett, totalt",Grönsaks- rotfrukts- baljväxträtter o produkter,14.3,g
2081,Kantarell stuvad,"Järn, Fe",Grönsaks- rotfrukts- baljväxträtter o produkter,0.4,mg
2081,Kantarell stuvad,Energi (kJ),Grönsaks- rotfrukts- baljväxträtter o produkter,709.0,kJ
2081,Kantarell stuvad,Energi (kcal),Grönsaks- rotfrukts- baljväxträtter o produkter,169.0,kcal
2081,Kantarell stuvad,Disackarider,Grönsaks- rotfrukts- baljväxträtter o produkter,2.9,g
2081,Kantarell stuvad,"Kalcium, Ca",Grönsaks- rotfrukts- baljväxträtter o produkter,79.0,mg
2081,Kantarell stuvad,Fettsyra 4:0-10:0,Grönsaks- rotfrukts- baljväxträtter o produkter,0.5,g
2081,Kantarell stuvad,DHA (C22:6),Grönsaks- rotfrukts- baljväxträtter o produkter,0.0,g
2081,Kantarell stuvad,DPA (C22:5),Grönsaks- rotfrukts- baljväxträtter o produkter,0.0,g
2081,Kantarell stuvad,EPA (C20:5),Grönsaks- rotfrukts- baljväxträtter o produkter,0.0,g
2081,Kantarell stuvad,Arakidonsyra C20:4,Grönsaks- rotfrukts- baljväxträtter o produkter,0.0,g
2081,Kantarell stuvad,Arakidinsyra C20:0,Grönsaks- rotfrukts- baljväxträtter o produkter,0.0,g
2081,Kantarell stuvad,Linolensyra C18:3,Grönsaks- rotfrukts- baljväxträtter o produkter,0.6,g
2081,Kantarell stuvad,Linolsyra C18:2,Grönsaks- rotfrukts- baljväxträtter o produkter,1.7,g
2081,Kantarell stuvad,Oljesyra C18:1,Grönsaks- rotfrukts- baljväxträtter o produkter,5.4,g
2081,Kantarell stuvad,Stearinsyra C18:0,Grönsaks- rotfrukts- baljväxträtter o produkter,0.9,g
2081,Kantarell stuvad,Palmitoljesyra C16:1,Grönsaks- rotfrukts- baljväxträtter o produkter,0.2,g
2081,Kantarell stuvad,Palmitinsyra C16:0,Grönsaks- rotfrukts- baljväxträtter o produkter,2.6,g
2081,Kantarell stuvad,Myristinsyra C14:0,Grönsaks- rotfrukts- baljväxträtter o produkter,0.7,g
2081,Kantarell stuvad,Laurinsyra C12:0,Grönsaks- rotfrukts- baljväxträtter o produkter,0.2,g
2081,Kantarell stuvad,Betakaroten/β-Karoten,Grönsaks- rotfrukts- baljväxträtter o produkter,658.0,µg
2081,Kantarell stuvad,Avfall (skal etc.),Grönsaks- rotfrukts- baljväxträtter o produkter,4.0,%
2081,Kantarell stuvad,Aska,Grönsaks- rotfrukts- baljväxträtter o produkter,1.9,g
2081,Kantarell stuvad,Alkohol,Grönsaks- rotfrukts- baljväxträtter o produkter,0.0,g
2083,Gryta ratatouille veg.,"Zink, Zn",Grönsaks- rotfrukts- baljväxträtter o produkter,0.2,mg
2083,Gryta ratatouille veg.,Vitamin E,Grönsaks- rotfrukts- baljväxträtter o produkter,1.5,mg
2083,Gryta ratatouille veg.,Vitamin D inkl 25-OH-D3,Grönsaks- rotfrukts- baljväxträtter o produkter,0.0,µg
2083,Gryta ratatouille veg.,Vitamin D,Grönsaks- rotfrukts- baljväxträtter o produkter,0.0,µg
2083,Gryta ratatouille veg.,Vitamin C,Grönsaks- rotfrukts- baljväxträtter o produkter,17.2,mg
2083,Gryta ratatouille veg.,Vitamin B6,Grönsaks- rotfrukts- baljväxträtter o produkter,0.1,mg
2083,Gryta ratatouille veg.,Vitamin B12,Grönsaks- rotfrukts- baljväxträtter o produkter,0.0,µg
2083,Gryta ratatouille veg.,Vitamin A,Grönsaks- rotfrukts- baljväxträtter o produkter,22.1,RE/µg
2083,Gryta ratatouille veg.,Vatten,Grönsaks- rotfrukts- baljväxträtter o produkter,87.3,g
2083,Gryta ratatouille veg.,Tiamin,Grönsaks- rotfrukts- baljväxträtter o produkter,0.02,mg
2083,Gryta ratatouille veg.,Tillsatt socker,Grönsaks- rotfrukts- baljväxträtter o produkter,0.0,g
2083,Gryta ratatouille veg.,Fritt socker,Grönsaks- rotfrukts- baljväxträtter o produkter,2.0,g
2083,Gryta ratatouille veg.,"Selen, Se",Grönsaks- rotfrukts- baljväxträtter o produkter,0.0,µg
2083,Gryta ratatouille veg.,Sackaros,Grönsaks- rotfrukts- baljväxträtter o produkter,0.4,g
2083,Gryta ratatouille veg.,Riboflavin,Grönsaks- rotfrukts- baljväxträtter o produkter,0.02,mg
2083,Gryta ratatouille veg.,Retinol,Grönsaks- rotfrukts- baljväxträtter o produkter,0.0,µg
2083,Gryta ratatouille veg.,Protein,Grönsaks- rotfrukts- baljväxträtter o produkter,1.0,g
2083,Gryta ratatouille veg.,Summa fleromättade fettsyror,Grönsaks- rotfrukts- baljväxträtter o produkter,0.2,g
2083,Gryta ratatouille veg.,"Fosfor, P",Grönsaks- rotfrukts- baljväxträtter o produkter,31.0,mg
2083,Gryta ratatouille veg.,Niacinekvivalenter,Grönsaks- rotfrukts- baljväxträtter o produkter,0.97,NE/mg
2083,Gryta ratatouille veg.,Niacin,Grönsaks- rotfrukts- baljväxträtter o produkter,0.78,mg
2083,Gryta ratatouille veg.,"Salt, NaCl",Grönsaks- rotfrukts- baljväxträtter o produkter,0.9,g
2083,Gryta ratatouille veg.,"Natrium, Na",Grönsaks- rotfrukts- baljväxträtter o produkter,355.0,mg
2083,Gryta ratatouille veg.,Monosackarider,Grönsaks- rotfrukts- baljväxträtter o produkter,4.9,g
2083,Gryta ratatouille veg.,"Sockerarter, totalt",Grönsaks- rotfrukts- baljväxträtter o produkter,5.3,g
2083,Gryta ratatouille veg.,Summa enkelomättade fettsyror,Grönsaks- rotfrukts- baljväxträtter o produkter,1.5,g
2083,Gryta ratatouille veg.,"Magnesium, Mg",Grönsaks- rotfrukts- baljväxträtter o produkter,17.0,mg
2083,Gryta ratatouille veg.,Summa mättade fettsyror,Grönsaks- rotfrukts- baljväxträtter o produkter,0.3,g
2083,Gryta ratatouille veg.,"Kolhydrater, tillgängliga",Grönsaks- rotfrukts- baljväxträtter o produkter,5.8,g
2083,Gryta ratatouille veg.,Kolesterol,Grönsaks- rotfrukts- baljväxträtter o produkter,0.0,mg
2083,Gryta ratatouille veg.,"Kalium, K",Grönsaks- rotfrukts- baljväxträtter o produkter,184.0,mg
2083,Gryta ratatouille veg.,"Jod, I",Grönsaks- rotfrukts- baljväxträtter o produkter,28.4,µg
2083,Gryta ratatouille veg.,Fullkorn totalt,Grönsaks- rotfrukts- baljväxträtter o produkter,0.0,g
2083,Gryta ratatouille veg.,"Folat, totalt",Grönsaks- rotfrukts- baljväxträtter o produkter,21.4,µg
2083,Gryta ratatouille veg.,Fibrer,Grönsaks- rotfrukts- baljväxträtter o produkter,2.0,g
2083,Gryta ratatouille veg.,"Fett, totalt",Grönsaks- rotfrukts- baljväxträtter o produkter,2.3,g
2083,Gryta ratatouille veg.,"Järn, Fe",Grönsaks- rotfrukts- baljväxträtter o produkter,0.4,mg
2083,Gryta ratatouille veg.,Energi (kJ),Grönsaks- rotfrukts- baljväxträtter o produkter,216.0,kJ
2083,Gryta ratatouille veg.,Energi (kcal),Grönsaks- rotfrukts- baljväxträtter o produkter,51.0,kcal
2083,Gryta ratatouille veg.,Disackarider,Grönsaks- rotfrukts- baljväxträtter o produkter,0.4,g
2083,Gryta ratatouille veg.,"Kalcium, Ca",Grönsaks- rotfrukts- baljväxträtter o produkter,19.0,mg
2083,Gryta ratatouille veg.,Fettsyra 4:0-10:0,Grönsaks- rotfrukts- baljväxträtter o produkter,0.0,g
2083,Gryta ratatouille veg.,DHA (C22:6),Grönsaks- rotfrukts- baljväxträtter o produkter,0.0,g
2083,Gryta ratatouille veg.,DPA (C22:5),Grönsaks- rotfrukts- baljväxträtter o produkter,0.0,g
2083,Gryta ratatouille veg.,EPA (C20:5),Grönsaks- rotfrukts- baljväxträtter o produkter,0.0,g
2083,Gryta ratatouille veg.,Arakidonsyra C20:4,Grönsaks- rotfrukts- baljväxträtter o produkter,0.0,g
2083,Gryta ratatouille veg.,Arakidinsyra C20:0,Grönsaks- rotfrukts- baljväxträtter o produkter,0.0,g
2083,Gryta ratatouille veg.,Linolensyra C18:3,Grönsaks- rotfrukts- baljväxträtter o produkter,0.0,g
2083,Gryta ratatouille veg.,Linolsyra C18:2,Grönsaks- rotfrukts- baljväxträtter o produkter,0.2,g
2083,Gryta ratatouille veg.,Oljesyra C18:1,Grönsaks- rotfrukts- baljväxträtter o produkter,1.5,g
2083,Gryta ratatouille veg.,Stearinsyra C18:0,Grönsaks- rotfrukts- baljväxträtter o produkter,0.1,g
2083,Gryta ratatouille veg.,Palmitoljesyra C16:1,Grönsaks- rotfrukts- baljväxträtter o produkter,0.0,g
2083,Gryta ratatouille veg.,Palmitinsyra C16:0,Grönsaks- rotfrukts- baljväxträtter o produkter,0.3,g
2083,Gryta ratatouille veg.,Myristinsyra C14:0,Grönsaks- rotfrukts- baljväxträtter o produkter,0.0,g
2083,Gryta ratatouille veg.,Laurinsyra C12:0,Grönsaks- rotfrukts- baljväxträtter o produkter,0.0,g
2083,Gryta ratatouille veg.,Betakaroten/β-Karoten,Grönsaks- rotfrukts- baljväxträtter o produkter,257.0,µg
2083,Gryta ratatouille veg.,Avfall (skal etc.),Grönsaks- rotfrukts- baljväxträtter o produkter,4.0,%
2083,Gryta ratatouille veg.,Aska,Grönsaks- rotfrukts- baljväxträtter o produkter,1.6,g
2083,Gryta ratatouille veg.,Alkohol,Grönsaks- rotfrukts- baljväxträtter o produkter,0.0,g
2085,Potatisgratäng m. matlagningsgrädde ost hemlagad,"Zink, Zn",Potatisprodukter potatisrätter,0.6,mg
2085,Potatisgratäng m. matlagningsgrädde ost hemlagad,Vitamin E,Potatisprodukter potatisrätter,0.3,mg
2085,Potatisgratäng m. matlagningsgrädde ost hemlagad,Vitamin D,Potatisprodukter potatisrätter,0.02,µg
2085,Potatisgratäng m. matlagningsgrädde ost hemlagad,Vitamin C,Potatisprodukter potatisrätter,11.5,mg
2085,Potatisgratäng m. matlagningsgrädde ost hemlagad,Vitamin B6,Potatisprodukter potatisrätter,0.16,mg
2085,Potatisgratäng m. matlagningsgrädde ost hemlagad,Vitamin B12,Potatisprodukter potatisrätter,0.3,µg
2085,Potatisgratäng m. matlagningsgrädde ost hemlagad,Vitamin A,Potatisprodukter potatisrätter,69.6,RE/µg
2085,Potatisgratäng m. matlagningsgrädde ost hemlagad,Vatten,Potatisprodukter potatisrätter,70.8,g
2085,Potatisgratäng m. matlagningsgrädde ost hemlagad,Tiamin,Potatisprodukter potatisrätter,0.06,mg
2085,Potatisgratäng m. matlagningsgrädde ost hemlagad,Tillsatt socker,Potatisprodukter potatisrätter,0.0,g
2085,Potatisgratäng m. matlagningsgrädde ost hemlagad,Fritt socker,Potatisprodukter potatisrätter,0.0,g
2085,Potatisgratäng m. matlagningsgrädde ost hemlagad,"Selen, Se",Potatisprodukter potatisrätter,1.6,µg
2085,Potatisgratäng m. matlagningsgrädde ost hemlagad,Sackaros,Potatisprodukter potatisrätter,0.3,g
2085,Potatisgratäng m. matlagningsgrädde ost hemlagad,Riboflavin,Potatisprodukter potatisrätter,0.08,mg
2085,Potatisgratäng m. matlagningsgrädde ost hemlagad,Retinol,Potatisprodukter potatisrätter,63.8,µg
2085,Potatisgratäng m. matlagningsgrädde ost hemlagad,Protein,Potatisprodukter potatisrätter,4.8,g
2085,Potatisgratäng m. matlagningsgrädde ost hemlagad,Summa fleromättade fettsyror,Potatisprodukter potatisrätter,0.2,g
2085,Potatisgratäng m. matlagningsgrädde ost hemlagad,"Fosfor, P",Potatisprodukter potatisrätter,109.0,mg
2085,Potatisgratäng m. matlagningsgrädde ost hemlagad,Niacinekvivalenter,Potatisprodukter potatisrätter,2.48,NE/mg
2085,Potatisgratäng m. matlagningsgrädde ost hemlagad,Niacin,Potatisprodukter potatisrätter,1.46,mg
2085,Potatisgratäng m. matlagningsgrädde ost hemlagad,"Salt, NaCl",Potatisprodukter potatisrätter,0.8,g
2085,Potatisgratäng m. matlagningsgrädde ost hemlagad,"Natrium, Na",Potatisprodukter potatisrätter,332.0,mg
2085,Potatisgratäng m. matlagningsgrädde ost hemlagad,Monosackarider,Potatisprodukter potatisrätter,0.5,g
2085,Potatisgratäng m. matlagningsgrädde ost hemlagad,"Sockerarter, totalt",Potatisprodukter potatisrätter,2.2,g
2085,Potatisgratäng m. matlagningsgrädde ost hemlagad,Summa enkelomättade fettsyror,Potatisprodukter potatisrätter,1.8,g
2085,Potatisgratäng m. matlagningsgrädde ost hemlagad,"Magnesium, Mg",Potatisprodukter potatisrätter,22.0,mg
2085,Potatisgratäng m. matlagningsgrädde ost hemlagad,Summa mättade fettsyror,Potatisprodukter potatisrätter,4.7,g
2085,Potatisgratäng m. matlagningsgrädde ost hemlagad,"Kolhydrater, tillgängliga",Potatisprodukter potatisrätter,13.4,g
2085,Potatisgratäng m. matlagningsgrädde ost hemlagad,Kolesterol,Potatisprodukter potatisrätter,20.9,mg
2085,Potatisgratäng m. matlagningsgrädde ost hemlagad,"Kalium, K",Potatisprodukter potatisrätter,334.0,mg
2085,Potatisgratäng m. matlagningsgrädde ost hemlagad,"Jod, I",Potatisprodukter potatisrätter,40.1,µg
2085,Potatisgratäng m. matlagningsgrädde ost hemlagad,Fullkorn totalt,Potatisprodukter potatisrätter,0.0,g
2085,Potatisgratäng m. matlagningsgrädde ost hemlagad,"Folat, totalt",Potatisprodukter potatisrätter,14.6,µg
2085,Potatisgratäng m. matlagningsgrädde ost hemlagad,Fibrer,Potatisprodukter potatisrätter,1.7,g
2085,Potatisgratäng m. matlagningsgrädde ost hemlagad,"Fett, totalt",Potatisprodukter potatisrätter,7.4,g
2085,Potatisgratäng m. matlagningsgrädde ost hemlagad,"Järn, Fe",Potatisprodukter potatisrätter,0.3,mg
2085,Potatisgratäng m. matlagningsgrädde ost hemlagad,Energi (kJ),Potatisprodukter potatisrätter,597.0,kJ
2085,Potatisgratäng m. matlagningsgrädde ost hemlagad,Energi (kcal),Potatisprodukter potatisrätter,143.0,kcal
2085,Potatisgratäng m. matlagningsgrädde ost hemlagad,Disackarider,Potatisprodukter potatisrätter,1.7,g
2085,Potatisgratäng m. matlagningsgrädde ost hemlagad,"Kalcium, Ca",Potatisprodukter potatisrätter,112.0,mg
2085,Potatisgratäng m. matlagningsgrädde ost hemlagad,Fettsyra 4:0-10:0,Potatisprodukter potatisrätter,0.6,g
2085,Potatisgratäng m. matlagningsgrädde ost hemlagad,DHA (C22:6),Potatisprodukter potatisrätter,0.0,g
2085,Potatisgratäng m. matlagningsgrädde ost hemlagad,DPA (C22:5),Potatisprodukter potatisrätter,0.0,g
2085,Potatisgratäng m. matlagningsgrädde ost hemlagad,EPA (C20:5),Potatisprodukter potatisrätter,0.0,g
2085,Potatisgratäng m. matlagningsgrädde ost hemlagad,Arakidonsyra C20:4,Potatisprodukter potatisrätter,0.0,g
2085,Potatisgratäng m. matlagningsgrädde ost hemlagad,Arakidinsyra C20:0,Potatisprodukter potatisrätter,0.0,g
2085,Potatisgratäng m. matlagningsgrädde ost hemlagad,Linolensyra C18:3,Potatisprodukter potatisrätter,0.0,g
2085,Potatisgratäng m. matlagningsgrädde ost hemlagad,Linolsyra C18:2,Potatisprodukter potatisrätter,0.1,g
2085,Potatisgratäng m. matlagningsgrädde ost hemlagad,Oljesyra C18:1,Potatisprodukter potatisrätter,1.6,g
2085,Potatisgratäng m. matlagningsgrädde ost hemlagad,Stearinsyra C18:0,Potatisprodukter potatisrätter,0.8,g
2085,Potatisgratäng m. matlagningsgrädde ost hemlagad,Palmitoljesyra C16:1,Potatisprodukter potatisrätter,0.1,g
2085,Potatisgratäng m. matlagningsgrädde ost hemlagad,Palmitinsyra C16:0,Potatisprodukter potatisrätter,2.2,g
2085,Potatisgratäng m. matlagningsgrädde ost hemlagad,Myristinsyra C14:0,Potatisprodukter potatisrätter,0.8,g
2085,Potatisgratäng m. matlagningsgrädde ost hemlagad,Laurinsyra C12:0,Potatisprodukter potatisrätter,0.2,g
2085,Potatisgratäng m. matlagningsgrädde ost hemlagad,Betakaroten/β-Karoten,Potatisprodukter potatisrätter,70.0,µg
2085,Potatisgratäng m. matlagningsgrädde ost hemlagad,Avfall (skal etc.),Potatisprodukter potatisrätter,12.0,%
2085,Potatisgratäng m. matlagningsgrädde ost hemlagad,Aska,Potatisprodukter potatisrätter,1.9,g
2085,Potatisgratäng m. matlagningsgrädde ost hemlagad,Alkohol,Potatisprodukter potatisrätter,0.0,g
2092,Sjömansbiff,"Zink, Zn",Köttprodukter kötträtter,1.2,mg
2092,Sjömansbiff,Vitamin E,Köttprodukter kötträtter,0.7,mg
2092,Sjömansbiff,Vitamin D,Köttprodukter kötträtter,0.11,µg
2092,Sjömansbiff,Vitamin C,Köttprodukter kötträtter,9.2,mg
2092,Sjömansbiff,Vitamin B6,Köttprodukter kötträtter,0.17,mg
2092,Sjömansbiff,Vitamin B12,Köttprodukter kötträtter,0.17,µg
2092,Sjömansbiff,Vitamin A,Köttprodukter kötträtter,7.4,RE/µg
2092,Sjömansbiff,Vatten,Köttprodukter kötträtter,77.0,g
2092,Sjömansbiff,Tiamin,Köttprodukter kötträtter,0.04,mg
2092,Sjömansbiff,Tillsatt socker,Köttprodukter kötträtter,0.0,g
2092,Sjömansbiff,Fritt socker,Köttprodukter kötträtter,0.0,g
2092,Sjömansbiff,"Selen, Se",Köttprodukter kötträtter,2.0,µg
2092,Sjömansbiff,Sackaros,Köttprodukter kötträtter,0.3,g
2092,Sjömansbiff,Riboflavin,Köttprodukter kötträtter,0.05,mg
2092,Sjömansbiff,Retinol,Köttprodukter kötträtter,3.9,µg
2092,Sjömansbiff,Protein,Köttprodukter kötträtter,6.8,g
2092,Sjömansbiff,Summa fleromättade fettsyror,Köttprodukter kötträtter,0.5,g
2092,Sjömansbiff,"Fosfor, P",Köttprodukter kötträtter,78.0,mg
2092,Sjömansbiff,Niacinekvivalenter,Köttprodukter kötträtter,3.66,NE/mg
2092,Sjömansbiff,Niacin,Köttprodukter kötträtter,2.44,mg
2092,Sjömansbiff,"Salt, NaCl",Köttprodukter kötträtter,0.9,g
2092,Sjömansbiff,"Natrium, Na",Köttprodukter kötträtter,376.0,mg
2092,Sjömansbiff,Monosackarider,Köttprodukter kötträtter,0.5,g
2092,Sjömansbiff,"Sockerarter, totalt",Köttprodukter kötträtter,0.9,g
2092,Sjömansbiff,Summa enkelomättade fettsyror,Köttprodukter kötträtter,1.4,g
2092,Sjömansbiff,"Magnesium, Mg",Köttprodukter kötträtter,18.0,mg
2092,Sjömansbiff,Summa mättade fettsyror,Köttprodukter kötträtter,0.7,g
2092,Sjömansbiff,"Kolhydrater, tillgängliga",Köttprodukter kötträtter,10.4,g
2092,Sjömansbiff,Kolesterol,Köttprodukter kötträtter,14.5,mg
2092,Sjömansbiff,"Kalium, K",Köttprodukter kötträtter,238.0,mg
2092,Sjömansbiff,"Jod, I",Köttprodukter kötträtter,32.0,µg
2092,Sjömansbiff,Fullkorn totalt,Köttprodukter kötträtter,0.0,g
2092,Sjömansbiff,"Folat, totalt",Köttprodukter kötträtter,12.9,µg
2092,Sjömansbiff,Fibrer,Köttprodukter kötträtter,1.3,g
2092,Sjömansbiff,"Fett, totalt",Köttprodukter kötträtter,2.8,g
2092,Sjömansbiff,"Järn, Fe",Köttprodukter kötträtter,0.9,mg
2092,Sjömansbiff,Energi (kJ),Köttprodukter kötträtter,408.0,kJ
2092,Sjömansbiff,Energi (kcal),Köttprodukter kötträtter,97.0,kcal
2092,Sjömansbiff,Disackarider,Köttprodukter kötträtter,0.4,g
2092,Sjömansbiff,"Kalcium, Ca",Köttprodukter kötträtter,8.0,mg
2092,Sjömansbiff,Fettsyra 4:0-10:0,Köttprodukter kötträtter,0.0,g
2092,Sjömansbiff,DHA (C22:6),Köttprodukter kötträtter,0.0,g
2092,Sjömansbiff,DPA (C22:5),Köttprodukter kötträtter,0.0,g
2092,Sjömansbiff,EPA (C20:5),Köttprodukter kötträtter,0.0,g
2092,Sjömansbiff,Arakidonsyra C20:4,Köttprodukter kötträtter,0.0,g
2092,Sjömansbiff,Arakidinsyra C20:0,Köttprodukter kötträtter,0.0,g
2092,Sjömansbiff,Linolensyra C18:3,Köttprodukter kötträtter,0.1,g
2092,Sjömansbiff,Linolsyra C18:2,Köttprodukter kötträtter,0.4,g
2092,Sjömansbiff,Oljesyra C18:1,Köttprodukter kötträtter,1.3,g
2092,Sjömansbiff,Stearinsyra C18:0,Köttprodukter kötträtter,0.2,g
2092,Sjömansbiff,Palmitoljesyra C16:1,Köttprodukter kötträtter,0.0,g
2092,Sjömansbiff,Palmitinsyra C16:0,Köttprodukter kötträtter,0.3,g
2092,Sjömansbiff,Myristinsyra C14:0,Köttprodukter kötträtter,0.0,g
2092,Sjömansbiff,Laurinsyra C12:0,Köttprodukter kötträtter,0.0,g
2092,Sjömansbiff,Betakaroten/β-Karoten,Köttprodukter kötträtter,11.0,µg
2092,Sjömansbiff,Avfall (skal etc.),Köttprodukter kötträtter,2.0,%
2092,Sjömansbiff,Aska,Köttprodukter kötträtter,1.6,g
2092,Sjömansbiff,Alkohol,Köttprodukter kötträtter,0.03,g
2093,Gryta kreolsk gryta,"Zink, Zn",Köttprodukter kötträtter,1.1,mg
2093,Gryta kreolsk gryta,Vitamin E,Köttprodukter kötträtter,1.3,mg
2093,Gryta kreolsk gryta,Vitamin D,Köttprodukter kötträtter,0.26,µg
2093,Gryta kreolsk gryta,Vitamin C,Köttprodukter kötträtter,10.2,mg
2093,Gryta kreolsk gryta,Vitamin B6,Köttprodukter kötträtter,0.17,mg
2093,Gryta kreolsk gryta,Vitamin B12,Köttprodukter kötträtter,0.33,µg
2093,Gryta kreolsk gryta,Vitamin A,Köttprodukter kötträtter,79.8,RE/µg
2093,Gryta kreolsk gryta,Vatten,Köttprodukter kötträtter,69.2,g
2093,Gryta kreolsk gryta,Tiamin,Köttprodukter kötträtter,0.19,mg
2093,Gryta kreolsk gryta,Tillsatt socker,Köttprodukter kötträtter,1.0,g
2093,Gryta kreolsk gryta,Fritt socker,Köttprodukter kötträtter,1.0,g
2093,Gryta kreolsk gryta,"Selen, Se",Köttprodukter kötträtter,6.0,µg
2093,Gryta kreolsk gryta,Sackaros,Köttprodukter kötträtter,0.4,g
2093,Gryta kreolsk gryta,Riboflavin,Köttprodukter kötträtter,0.11,mg
2093,Gryta kreolsk gryta,Retinol,Köttprodukter kötträtter,66.3,µg
2093,Gryta kreolsk gryta,Protein,Köttprodukter kötträtter,10.7,g
2093,Gryta kreolsk gryta,Summa fleromättade fettsyror,Köttprodukter kötträtter,0.8,g
2093,Gryta kreolsk gryta,"Fosfor, P",Köttprodukter kötträtter,127.0,mg
2093,Gryta kreolsk gryta,Niacinekvivalenter,Köttprodukter kötträtter,5.9,NE/mg
2093,Gryta kreolsk gryta,Niacin,Köttprodukter kötträtter,3.9,mg
2093,Gryta kreolsk gryta,"Salt, NaCl",Köttprodukter kötträtter,1.3,g
2093,Gryta kreolsk gryta,"Natrium, Na",Köttprodukter kötträtter,502.0,mg
2093,Gryta kreolsk gryta,Monosackarider,Köttprodukter kötträtter,1.3,g
2093,Gryta kreolsk gryta,"Sockerarter, totalt",Köttprodukter kötträtter,2.6,g
2093,Gryta kreolsk gryta,Summa enkelomättade fettsyror,Köttprodukter kötträtter,4.5,g
2093,Gryta kreolsk gryta,"Magnesium, Mg",Köttprodukter kötträtter,18.0,mg
2093,Gryta kreolsk gryta,Summa mättade fettsyror,Köttprodukter kötträtter,6.1,g
2093,Gryta kreolsk gryta,"Kolhydrater, tillgängliga",Köttprodukter kötträtter,4.8,g
2093,Gryta kreolsk gryta,Kolesterol,Köttprodukter kötträtter,46.3,mg
2093,Gryta kreolsk gryta,"Kalium, K",Köttprodukter kötträtter,163.0,mg
2093,Gryta kreolsk gryta,"Jod, I",Köttprodukter kötträtter,29.8,µg
2093,Gryta kreolsk gryta,Fullkorn totalt,Köttprodukter kötträtter,0.0,g
2093,Gryta kreolsk gryta,"Folat, totalt",Köttprodukter kötträtter,9.5,µg
2093,Gryta kreolsk gryta,Fibrer,Köttprodukter kötträtter,0.8,g
2093,Gryta kreolsk gryta,"Fett, totalt",Köttprodukter kötträtter,12.5,g
2093,Gryta kreolsk gryta,"Järn, Fe",Köttprodukter kötträtter,1.0,mg
2093,Gryta kreolsk gryta,Energi (kJ),Köttprodukter kötträtter,732.0,kJ
2093,Gryta kreolsk gryta,Energi (kcal),Köttprodukter kötträtter,175.0,kcal
2093,Gryta kreolsk gryta,Disackarider,Köttprodukter kötträtter,1.3,g
2093,Gryta kreolsk gryta,"Kalcium, Ca",Köttprodukter kötträtter,37.0,mg
2093,Gryta kreolsk gryta,Fettsyra 4:0-10:0,Köttprodukter kötträtter,0.5,g
2093,Gryta kreolsk gryta,DHA (C22:6),Köttprodukter kötträtter,0.0,g
2093,Gryta kreolsk gryta,DPA (C22:5),Köttprodukter kötträtter,0.0,g
2093,Gryta kreolsk gryta,EPA (C20:5),Köttprodukter kötträtter,0.0,g
2093,Gryta kreolsk gryta,Arakidonsyra C20:4,Köttprodukter kötträtter,0.0,g
2093,Gryta kreolsk gryta,Arakidinsyra C20:0,Köttprodukter kötträtter,0.0,g
2093,Gryta kreolsk gryta,Linolensyra C18:3,Köttprodukter kötträtter,0.1,g
2093,Gryta kreolsk gryta,Linolsyra C18:2,Köttprodukter kötträtter,0.6,g
2093,Gryta kreolsk gryta,Oljesyra C18:1,Köttprodukter kötträtter,4.0,g
2093,Gryta kreolsk gryta,Stearinsyra C18:0,Köttprodukter kötträtter,1.2,g
2093,Gryta kreolsk gryta,Palmitoljesyra C16:1,Köttprodukter kötträtter,0.3,g
2093,Gryta kreolsk gryta,Palmitinsyra C16:0,Köttprodukter kötträtter,3.2,g
2093,Gryta kreolsk gryta,Myristinsyra C14:0,Köttprodukter kötträtter,0.8,g
2093,Gryta kreolsk gryta,Laurinsyra C12:0,Köttprodukter kötträtter,0.2,g
2093,Gryta kreolsk gryta,Betakaroten/β-Karoten,Köttprodukter kötträtter,135.0,µg
2093,Gryta kreolsk gryta,Avfall (skal etc.),Köttprodukter kötträtter,2.0,%
2093,Gryta kreolsk gryta,Aska,Köttprodukter kötträtter,2.1,g
2093,Gryta kreolsk gryta,Alkohol,Köttprodukter kötträtter,0.0,g
2096,Flygande Jakob kyckling m. bacon jordnötter banan,"Zink, Zn",Fågelprodukter fågelrätter,0.6,mg
2096,Flygande Jakob kyckling m. bacon jordnötter banan,Vitamin E,Fågelprodukter fågelrätter,1.4,mg
2096,Flygande Jakob kyckling m. bacon jordnötter banan,Vitamin D,Fågelprodukter fågelrätter,0.26,µg
2096,Flygande Jakob kyckling m. bacon jordnötter banan,Vitamin C,Fågelprodukter fågelrätter,2.9,mg
2096,Flygande Jakob kyckling m. bacon jordnötter banan,Vitamin B6,Fågelprodukter fågelrätter,0.42,mg
2096,Flygande Jakob kyckling m. bacon jordnötter banan,Vitamin B12,Fågelprodukter fågelrätter,0.2,µg
2096,Flygande Jakob kyckling m. bacon jordnötter banan,Vitamin A,Fågelprodukter fågelrätter,69.1,RE/µg
2096,Flygande Jakob kyckling m. bacon jordnötter banan,Vatten,Fågelprodukter fågelrätter,69.0,g
2096,Flygande Jakob kyckling m. bacon jordnötter banan,Tiamin,Fågelprodukter fågelrätter,0.18,mg
2096,Flygande Jakob kyckling m. bacon jordnötter banan,Tillsatt socker,Fågelprodukter fågelrätter,2.0,g
2096,Flygande Jakob kyckling m. bacon jordnötter banan,Fritt socker,Fågelprodukter fågelrätter,2.0,g
2096,Flygande Jakob kyckling m. bacon jordnötter banan,"Selen, Se",Fågelprodukter fågelrätter,9.4,µg
2096,Flygande Jakob kyckling m. bacon jordnötter banan,Sackaros,Fågelprodukter fågelrätter,1.8,g
2096,Flygande Jakob kyckling m. bacon jordnötter banan,Riboflavin,Fågelprodukter fågelrätter,0.12,mg
2096,Flygande Jakob kyckling m. bacon jordnötter banan,Retinol,Fågelprodukter fågelrätter,41.8,µg
2096,Flygande Jakob kyckling m. bacon jordnötter banan,Protein,Fågelprodukter fågelrätter,13.9,g
2096,Flygande Jakob kyckling m. bacon jordnötter banan,Summa fleromättade fettsyror,Fågelprodukter fågelrätter,0.9,g
2096,Flygande Jakob kyckling m. bacon jordnötter banan,"Fosfor, P",Fågelprodukter fågelrätter,201.0,mg
2096,Flygande Jakob kyckling m. bacon jordnötter banan,Niacinekvivalenter,Fågelprodukter fågelrätter,10.88,NE/mg
2096,Flygande Jakob kyckling m. bacon jordnötter banan,Niacin,Fågelprodukter fågelrätter,8.32,mg
2096,Flygande Jakob kyckling m. bacon jordnötter banan,"Salt, NaCl",Fågelprodukter fågelrätter,1.0,g
2096,Flygande Jakob kyckling m. bacon jordnötter banan,"Natrium, Na",Fågelprodukter fågelrätter,373.0,mg
2096,Flygande Jakob kyckling m. bacon jordnötter banan,Monosackarider,Fågelprodukter fågelrätter,3.1,g
2096,Flygande Jakob kyckling m. bacon jordnötter banan,"Sockerarter, totalt",Fågelprodukter fågelrätter,5.5,g
2096,Flygande Jakob kyckling m. bacon jordnötter banan,Summa enkelomättade fettsyror,Fågelprodukter fågelrätter,3.2,g
2096,Flygande Jakob kyckling m. bacon jordnötter banan,"Magnesium, Mg",Fågelprodukter fågelrätter,34.0,mg
2096,Flygande Jakob kyckling m. bacon jordnötter banan,Summa mättade fettsyror,Fågelprodukter fågelrätter,3.5,g
2096,Flygande Jakob kyckling m. bacon jordnötter banan,"Kolhydrater, tillgängliga",Fågelprodukter fågelrätter,6.3,g
2096,Flygande Jakob kyckling m. bacon jordnötter banan,Kolesterol,Fågelprodukter fågelrätter,63.9,mg
2096,Flygande Jakob kyckling m. bacon jordnötter banan,"Kalium, K",Fågelprodukter fågelrätter,344.0,mg
2096,Flygande Jakob kyckling m. bacon jordnötter banan,"Jod, I",Fågelprodukter fågelrätter,28.0,µg
2096,Flygande Jakob kyckling m. bacon jordnötter banan,Fullkorn totalt,Fågelprodukter fågelrätter,0.0,g
2096,Flygande Jakob kyckling m. bacon jordnötter banan,"Folat, totalt",Fågelprodukter fågelrätter,12.7,µg
2096,Flygande Jakob kyckling m. bacon jordnötter banan,Fibrer,Fågelprodukter fågelrätter,0.6,g
2096,Flygande Jakob kyckling m. bacon jordnötter banan,"Fett, totalt",Fågelprodukter fågelrätter,8.2,g
2096,Flygande Jakob kyckling m. bacon jordnötter banan,"Järn, Fe",Fågelprodukter fågelrätter,0.5,mg
2096,Flygande Jakob kyckling m. bacon jordnötter banan,Energi (kJ),Fågelprodukter fågelrätter,652.0,kJ
2096,Flygande Jakob kyckling m. bacon jordnötter banan,Energi (kcal),Fågelprodukter fågelrätter,156.0,kcal
2096,Flygande Jakob kyckling m. bacon jordnötter banan,Disackarider,Fågelprodukter fågelrätter,2.3,g
2096,Flygande Jakob kyckling m. bacon jordnötter banan,"Kalcium, Ca",Fågelprodukter fågelrätter,20.0,mg
2096,Flygande Jakob kyckling m. bacon jordnötter banan,Fettsyra 4:0-10:0,Fågelprodukter fågelrätter,0.3,g
2096,Flygande Jakob kyckling m. bacon jordnötter banan,DHA (C22:6),Fågelprodukter fågelrätter,0.0,g
2096,Flygande Jakob kyckling m. bacon jordnötter banan,DPA (C22:5),Fågelprodukter fågelrätter,0.0,g
2096,Flygande Jakob kyckling m. bacon jordnötter banan,EPA (C20:5),Fågelprodukter fågelrätter,0.0,g
2096,Flygande Jakob kyckling m. bacon jordnötter banan,Arakidonsyra C20:4,Fågelprodukter fågelrätter,0.0,g
2096,Flygande Jakob kyckling m. bacon jordnötter banan,Arakidinsyra C20:0,Fågelprodukter fågelrätter,0.0,g
2096,Flygande Jakob kyckling m. bacon jordnötter banan,Linolensyra C18:3,Fågelprodukter fågelrätter,0.1,g
2096,Flygande Jakob kyckling m. bacon jordnötter banan,Linolsyra C18:2,Fågelprodukter fågelrätter,0.7,g
2096,Flygande Jakob kyckling m. bacon jordnötter banan,Oljesyra C18:1,Fågelprodukter fågelrätter,3.0,g
2096,Flygande Jakob kyckling m. bacon jordnötter banan,Stearinsyra C18:0,Fågelprodukter fågelrätter,0.6,g
2096,Flygande Jakob kyckling m. bacon jordnötter banan,Palmitoljesyra C16:1,Fågelprodukter fågelrätter,0.2,g
2096,Flygande Jakob kyckling m. bacon jordnötter banan,Palmitinsyra C16:0,Fågelprodukter fågelrätter,1.8,g
2096,Flygande Jakob kyckling m. bacon jordnötter banan,Myristinsyra C14:0,Fågelprodukter fågelrätter,0.4,g
2096,Flygande Jakob kyckling m. bacon jordnötter banan,Laurinsyra C12:0,Fågelprodukter fågelrätter,0.1,g
2096,Flygande Jakob kyckling m. bacon jordnötter banan,Betakaroten/β-Karoten,Fågelprodukter fågelrätter,309.0,µg
2096,Flygande Jakob kyckling m. bacon jordnötter banan,Avfall (skal etc.),Fågelprodukter fågelrätter,5.0,%
2096,Flygande Jakob kyckling m. bacon jordnötter banan,Aska,Fågelprodukter fågelrätter,2.0,g
2096,Flygande Jakob kyckling m. bacon jordnötter banan,Alkohol,Fågelprodukter fågelrätter,0.0,g
2097,Korv prinskorv stekt kött 61%,"Zink, Zn",Korv,1.9,mg
2097,Korv prinskorv stekt kött 61%,Vitamin E,Korv,0.3,mg
2097,Korv prinskorv stekt kött 61%,Vitamin D,Korv,0.19,µg
2097,Korv prinskorv stekt kött 61%,Vitamin C,Korv,0.0,mg
2097,Korv prinskorv stekt kött 61%,Vitamin B6,Korv,0.14,mg
2097,Korv prinskorv stekt kött 61%,Vitamin B12,Korv,1.16,µg
2097,Korv prinskorv stekt kött 61%,Vitamin A,Korv,11.3,RE/µg
2097,Korv prinskorv stekt kött 61%,Vatten,Korv,57.7,g
2097,Korv prinskorv stekt kött 61%,Tiamin,Korv,0.13,mg
2097,Korv prinskorv stekt kött 61%,Tillsatt socker,Korv,0.0,g
2097,Korv prinskorv stekt kött 61%,Fritt socker,Korv,0.0,g
2097,Korv prinskorv stekt kött 61%,"Selen, Se",Korv,2.1,µg
2097,Korv prinskorv stekt kött 61%,Sackaros,Korv,0.0,g
2097,Korv prinskorv stekt kött 61%,Riboflavin,Korv,0.09,mg
2097,Korv prinskorv stekt kött 61%,Retinol,Korv,10.6,µg
2097,Korv prinskorv stekt kött 61%,Protein,Korv,10.6,g
2097,Korv prinskorv stekt kött 61%,Summa fleromättade fettsyror,Korv,2.6,g
2097,Korv prinskorv stekt kött 61%,"Fosfor, P",Korv,93.0,mg
2097,Korv prinskorv stekt kött 61%,Niacinekvivalenter,Korv,4.15,NE/mg
2097,Korv prinskorv stekt kött 61%,Niacin,Korv,2.22,mg
2097,Korv prinskorv stekt kött 61%,"Salt, NaCl",Korv,2.0,g
2097,Korv prinskorv stekt kött 61%,"Natrium, Na",Korv,803.0,mg
2097,Korv prinskorv stekt kött 61%,Monosackarider,Korv,0.0,g
2097,Korv prinskorv stekt kött 61%,"Sockerarter, totalt",Korv,0.0,g
2097,Korv prinskorv stekt kött 61%,Summa enkelomättade fettsyror,Korv,12.3,g
2097,Korv prinskorv stekt kött 61%,"Magnesium, Mg",Korv,13.0,mg
2097,Korv prinskorv stekt kött 61%,Summa mättade fettsyror,Korv,9.3,g
2097,Korv prinskorv stekt kött 61%,"Kolhydrater, tillgängliga",Korv,4.0,g
2097,Korv prinskorv stekt kött 61%,Kolesterol,Korv,68.7,mg
2097,Korv prinskorv stekt kött 61%,"Kalium, K",Korv,118.0,mg
2097,Korv prinskorv stekt kött 61%,"Jod, I",Korv,2.1,µg
2097,Korv prinskorv stekt kött 61%,Fullkorn totalt,Korv,0.0,g
2097,Korv prinskorv stekt kött 61%,"Folat, totalt",Korv,3.0,µg
2097,Korv prinskorv stekt kött 61%,Fibrer,Korv,0.0,g
2097,Korv prinskorv stekt kött 61%,"Fett, totalt",Korv,25.4,g
2097,Korv prinskorv stekt kött 61%,"Järn, Fe",Korv,1.2,mg
2097,Korv prinskorv stekt kött 61%,Energi (kJ),Korv,1187.0,kJ
2097,Korv prinskorv stekt kött 61%,Energi (kcal),Korv,283.0,kcal
2097,Korv prinskorv stekt kött 61%,Disackarider,Korv,0.0,g
2097,Korv prinskorv stekt kött 61%,"Kalcium, Ca",Korv,11.0,mg
2097,Korv prinskorv stekt kött 61%,Fettsyra 4:0-10:0,Korv,0.0,g
2097,Korv prinskorv stekt kött 61%,DHA (C22:6),Korv,0.1,g
2097,Korv prinskorv stekt kött 61%,DPA (C22:5),Korv,0.1,g
2097,Korv prinskorv stekt kött 61%,EPA (C20:5),Korv,0.0,g
2097,Korv prinskorv stekt kött 61%,Arakidonsyra C20:4,Korv,0.1,g
2097,Korv prinskorv stekt kött 61%,Arakidinsyra C20:0,Korv,0.1,g
2097,Korv prinskorv stekt kött 61%,Linolensyra C18:3,Korv,0.2,g
2097,Korv prinskorv stekt kött 61%,Linolsyra C18:2,Korv,2.0,g
2097,Korv prinskorv stekt kött 61%,Oljesyra C18:1,Korv,10.9,g
2097,Korv prinskorv stekt kött 61%,Stearinsyra C18:0,Korv,2.9,g
2097,Korv prinskorv stekt kött 61%,Palmitoljesyra C16:1,Korv,1.0,g
2097,Korv prinskorv stekt kött 61%,Palmitinsyra C16:0,Korv,5.7,g
2097,Korv prinskorv stekt kött 61%,Myristinsyra C14:0,Korv,0.4,g
2097,Korv prinskorv stekt kött 61%,Laurinsyra C12:0,Korv,0.0,g
2097,Korv prinskorv stekt kött 61%,Betakaroten/β-Karoten,Korv,8.0,µg
2097,Korv prinskorv stekt kött 61%,Avfall (skal etc.),Korv,0.0,%
2097,Korv prinskorv stekt kött 61%,Aska,Korv,2.3,g
2097,Korv prinskorv stekt kött 61%,Alkohol,Korv,0.0,g
2098,Skinkröra kall,"Zink, Zn",Majonnässallad röror,0.8,mg
2098,Skinkröra kall,Vitamin E,Majonnässallad röror,1.7,mg
2098,Skinkröra kall,Vitamin D,Majonnässallad röror,0.01,µg
2098,Skinkröra kall,Vitamin C,Majonnässallad röror,31.4,mg
2098,Skinkröra kall,Vitamin B6,Majonnässallad röror,0.19,mg
2098,Skinkröra kall,Vitamin B12,Majonnässallad röror,0.14,µg
2098,Skinkröra kall,Vitamin A,Majonnässallad röror,83.0,RE/µg
2098,Skinkröra kall,Vatten,Majonnässallad röror,75.9,g
2098,Skinkröra kall,Tiamin,Majonnässallad röror,0.35,mg
2098,Skinkröra kall,Tillsatt socker,Majonnässallad röror,0.0,g
2098,Skinkröra kall,Fritt socker,Majonnässallad röror,0.0,g
2098,Skinkröra kall,"Selen, Se",Majonnässallad röror,4.5,µg
2098,Skinkröra kall,Sackaros,Majonnässallad röror,0.1,g
2098,Skinkröra kall,Riboflavin,Majonnässallad röror,0.11,mg
2098,Skinkröra kall,Retinol,Majonnässallad röror,69.5,µg
2098,Skinkröra kall,Protein,Majonnässallad röror,7.6,g
2098,Skinkröra kall,Summa fleromättade fettsyror,Majonnässallad röror,0.9,g
2098,Skinkröra kall,"Fosfor, P",Majonnässallad röror,151.0,mg
2098,Skinkröra kall,Niacinekvivalenter,Majonnässallad röror,4.07,NE/mg
2098,Skinkröra kall,Niacin,Majonnässallad röror,2.65,mg
2098,Skinkröra kall,"Salt, NaCl",Majonnässallad röror,1.7,g
2098,Skinkröra kall,"Natrium, Na",Majonnässallad röror,652.0,mg
2098,Skinkröra kall,Monosackarider,Majonnässallad röror,1.7,g
2098,Skinkröra kall,"Sockerarter, totalt",Majonnässallad röror,2.5,g
2098,Skinkröra kall,Summa enkelomättade fettsyror,Majonnässallad röror,3.9,g
2098,Skinkröra kall,"Magnesium, Mg",Majonnässallad röror,14.0,mg
2098,Skinkröra kall,Summa mättade fettsyror,Majonnässallad röror,5.4,g
2098,Skinkröra kall,"Kolhydrater, tillgängliga",Majonnässallad röror,2.7,g
2098,Skinkröra kall,Kolesterol,Majonnässallad röror,32.0,mg
2098,Skinkröra kall,"Kalium, K",Majonnässallad röror,221.0,mg
2098,Skinkröra kall,"Jod, I",Majonnässallad röror,17.6,µg
2098,Skinkröra kall,Fullkorn totalt,Majonnässallad röror,0.0,g
2098,Skinkröra kall,"Folat, totalt",Majonnässallad röror,23.9,µg
2098,Skinkröra kall,Fibrer,Majonnässallad röror,0.5,g
2098,Skinkröra kall,"Fett, totalt",Majonnässallad röror,11.1,g
2098,Skinkröra kall,"Järn, Fe",Majonnässallad röror,0.4,mg
2098,Skinkröra kall,Energi (kJ),Majonnässallad röror,589.0,kJ
2098,Skinkröra kall,Energi (kcal),Majonnässallad röror,141.0,kcal
2098,Skinkröra kall,Disackarider,Majonnässallad röror,0.8,g
2098,Skinkröra kall,"Kalcium, Ca",Majonnässallad röror,33.0,mg
2098,Skinkröra kall,Fettsyra 4:0-10:0,Majonnässallad röror,0.4,g
2098,Skinkröra kall,DHA (C22:6),Majonnässallad röror,0.0,g
2098,Skinkröra kall,DPA (C22:5),Majonnässallad röror,0.0,g
2098,Skinkröra kall,EPA (C20:5),Majonnässallad röror,0.0,g
2098,Skinkröra kall,Arakidonsyra C20:4,Majonnässallad röror,0.0,g
2098,Skinkröra kall,Arakidinsyra C20:0,Majonnässallad röror,0.0,g
2098,Skinkröra kall,Linolensyra C18:3,Majonnässallad röror,0.2,g
2098,Skinkröra kall,Linolsyra C18:2,Majonnässallad röror,0.7,g
2098,Skinkröra kall,Oljesyra C18:1,Majonnässallad röror,3.7,g
2098,Skinkröra kall,Stearinsyra C18:0,Majonnässallad röror,0.9,g
2098,Skinkröra kall,Palmitoljesyra C16:1,Majonnässallad röror,0.1,g
2098,Skinkröra kall,Palmitinsyra C16:0,Majonnässallad röror,2.8,g
2098,Skinkröra kall,Myristinsyra C14:0,Majonnässallad röror,0.8,g
2098,Skinkröra kall,Laurinsyra C12:0,Majonnässallad röror,0.2,g
2098,Skinkröra kall,Betakaroten/β-Karoten,Majonnässallad röror,149.0,µg
2098,Skinkröra kall,Avfall (skal etc.),Majonnässallad röror,4.0,%
2098,Skinkröra kall,Aska,Majonnässallad röror,2.2,g
2098,Skinkröra kall,Alkohol,Majonnässallad röror,0.0,g
2099,Hamburgare blandfärs stekt,"Zink, Zn",Kött färskt fryst tillagat ,4.9,mg
2099,Hamburgare blandfärs stekt,Vitamin E,Kött färskt fryst tillagat ,0.6,mg
2099,Hamburgare blandfärs stekt,Vitamin D,Kött färskt fryst tillagat ,0.28,µg
2099,Hamburgare blandfärs stekt,Vitamin C,Kött färskt fryst tillagat ,0.0,mg
2099,Hamburgare blandfärs stekt,Vitamin B6,Kött färskt fryst tillagat ,0.19,mg
2099,Hamburgare blandfärs stekt,Vitamin B12,Kött färskt fryst tillagat ,1.01,µg
2099,Hamburgare blandfärs stekt,Vitamin A,Kött färskt fryst tillagat ,13.3,RE/µg
2099,Hamburgare blandfärs stekt,Vatten,Kött färskt fryst tillagat ,56.6,g
2099,Hamburgare blandfärs stekt,Tiamin,Kött färskt fryst tillagat ,0.3,mg
2099,Hamburgare blandfärs stekt,Tillsatt socker,Kött färskt fryst tillagat ,0.0,g
2099,Hamburgare blandfärs stekt,Fritt socker,Kött färskt fryst tillagat ,0.0,g
2099,Hamburgare blandfärs stekt,"Selen, Se",Kött färskt fryst tillagat ,7.0,µg
2099,Hamburgare blandfärs stekt,Sackaros,Kött färskt fryst tillagat ,0.0,g
2099,Hamburgare blandfärs stekt,Riboflavin,Kött färskt fryst tillagat ,0.21,mg
2099,Hamburgare blandfärs stekt,Retinol,Kött färskt fryst tillagat ,11.9,µg
2099,Hamburgare blandfärs stekt,Protein,Kött färskt fryst tillagat ,22.3,g
2099,Hamburgare blandfärs stekt,Summa fleromättade fettsyror,Kött färskt fryst tillagat ,1.6,g
2099,Hamburgare blandfärs stekt,"Fosfor, P",Kött färskt fryst tillagat ,213.0,mg
2099,Hamburgare blandfärs stekt,Niacinekvivalenter,Kött färskt fryst tillagat ,9.04,NE/mg
2099,Hamburgare blandfärs stekt,Niacin,Kött färskt fryst tillagat ,4.98,mg
2099,Hamburgare blandfärs stekt,"Salt, NaCl",Kött färskt fryst tillagat ,1.1,g
2099,Hamburgare blandfärs stekt,"Natrium, Na",Kött färskt fryst tillagat ,460.0,mg
2099,Hamburgare blandfärs stekt,Monosackarider,Kött färskt fryst tillagat ,0.0,g
2099,Hamburgare blandfärs stekt,"Sockerarter, totalt",Kött färskt fryst tillagat ,0.0,g
2099,Hamburgare blandfärs stekt,Summa enkelomättade fettsyror,Kött färskt fryst tillagat ,8.1,g
2099,Hamburgare blandfärs stekt,"Magnesium, Mg",Kött färskt fryst tillagat ,27.0,mg
2099,Hamburgare blandfärs stekt,Summa mättade fettsyror,Kött färskt fryst tillagat ,8.3,g
2099,Hamburgare blandfärs stekt,"Kolhydrater, tillgängliga",Kött färskt fryst tillagat ,0.0,g
2099,Hamburgare blandfärs stekt,Kolesterol,Kött färskt fryst tillagat ,71.8,mg
2099,Hamburgare blandfärs stekt,"Kalium, K",Kött färskt fryst tillagat ,261.0,mg
2099,Hamburgare blandfärs stekt,"Jod, I",Kött färskt fryst tillagat ,48.8,µg
2099,Hamburgare blandfärs stekt,Fullkorn totalt,Kött färskt fryst tillagat ,0.0,g
2099,Hamburgare blandfärs stekt,"Folat, totalt",Kött färskt fryst tillagat ,2.5,µg
2099,Hamburgare blandfärs stekt,Fibrer,Kött färskt fryst tillagat ,0.0,g
2099,Hamburgare blandfärs stekt,"Fett, totalt",Kött färskt fryst tillagat ,19.2,g
2099,Hamburgare blandfärs stekt,"Järn, Fe",Kött färskt fryst tillagat ,1.8,mg
2099,Hamburgare blandfärs stekt,Energi (kJ),Kött färskt fryst tillagat ,1088.0,kJ
2099,Hamburgare blandfärs stekt,Energi (kcal),Kött färskt fryst tillagat ,260.0,kcal
2099,Hamburgare blandfärs stekt,Disackarider,Kött färskt fryst tillagat ,0.0,g
2099,Hamburgare blandfärs stekt,"Kalcium, Ca",Kött färskt fryst tillagat ,11.0,mg
2099,Hamburgare blandfärs stekt,Fettsyra 4:0-10:0,Kött färskt fryst tillagat ,0.0,g
2099,Hamburgare blandfärs stekt,DHA (C22:6),Kött färskt fryst tillagat ,0.0,g
2099,Hamburgare blandfärs stekt,DPA (C22:5),Kött färskt fryst tillagat ,0.0,g
2099,Hamburgare blandfärs stekt,EPA (C20:5),Kött färskt fryst tillagat ,0.0,g
2099,Hamburgare blandfärs stekt,Arakidonsyra C20:4,Kött färskt fryst tillagat ,0.1,g
2099,Hamburgare blandfärs stekt,Arakidinsyra C20:0,Kött färskt fryst tillagat ,0.0,g
2099,Hamburgare blandfärs stekt,Linolensyra C18:3,Kött färskt fryst tillagat ,0.1,g
2099,Hamburgare blandfärs stekt,Linolsyra C18:2,Kött färskt fryst tillagat ,1.3,g
2099,Hamburgare blandfärs stekt,Oljesyra C18:1,Kött färskt fryst tillagat ,7.1,g
2099,Hamburgare blandfärs stekt,Stearinsyra C18:0,Kött färskt fryst tillagat ,2.8,g
2099,Hamburgare blandfärs stekt,Palmitoljesyra C16:1,Kött färskt fryst tillagat ,0.7,g
2099,Hamburgare blandfärs stekt,Palmitinsyra C16:0,Kött färskt fryst tillagat ,4.8,g
2099,Hamburgare blandfärs stekt,Myristinsyra C14:0,Kött färskt fryst tillagat ,0.4,g
2099,Hamburgare blandfärs stekt,Laurinsyra C12:0,Kött färskt fryst tillagat ,0.0,g
2099,Hamburgare blandfärs stekt,Betakaroten/β-Karoten,Kött färskt fryst tillagat ,17.0,µg
2099,Hamburgare blandfärs stekt,Avfall (skal etc.),Kött färskt fryst tillagat ,0.0,%
2099,Hamburgare blandfärs stekt,Aska,Kött färskt fryst tillagat ,2.1,g
2099,Hamburgare blandfärs stekt,Alkohol,Kött färskt fryst tillagat ,0.0,g
2100,Köttfärssås blandfärs,"Zink, Zn",Köttprodukter kötträtter,1.2,mg
2100,Köttfärssås blandfärs,Vitamin E,Köttprodukter kötträtter,1.5,mg
2100,Köttfärssås blandfärs,Vitamin D,Köttprodukter kötträtter,0.14,µg
2100,Köttfärssås blandfärs,Vitamin C,Köttprodukter kötträtter,5.4,mg
2100,Köttfärssås blandfärs,Vitamin B6,Köttprodukter kötträtter,0.11,mg
2100,Köttfärssås blandfärs,Vitamin B12,Köttprodukter kötträtter,0.21,µg
2100,Köttfärssås blandfärs,Vitamin A,Köttprodukter kötträtter,26.8,RE/µg
2100,Köttfärssås blandfärs,Vatten,Köttprodukter kötträtter,79.8,g
2100,Köttfärssås blandfärs,Tiamin,Köttprodukter kötträtter,0.07,mg
2100,Köttfärssås blandfärs,Tillsatt socker,Köttprodukter kötträtter,1.0,g
2100,Köttfärssås blandfärs,Fritt socker,Köttprodukter kötträtter,2.0,g
2100,Köttfärssås blandfärs,"Selen, Se",Köttprodukter kötträtter,1.6,µg
2100,Köttfärssås blandfärs,Sackaros,Köttprodukter kötträtter,0.7,g
2100,Köttfärssås blandfärs,Riboflavin,Köttprodukter kötträtter,0.05,mg
2100,Köttfärssås blandfärs,Retinol,Köttprodukter kötträtter,5.4,µg
2100,Köttfärssås blandfärs,Protein,Köttprodukter kötträtter,6.0,g
2100,Köttfärssås blandfärs,Summa fleromättade fettsyror,Köttprodukter kötträtter,0.8,g
2100,Köttfärssås blandfärs,"Fosfor, P",Köttprodukter kötträtter,71.0,mg
2100,Köttfärssås blandfärs,Niacinekvivalenter,Köttprodukter kötträtter,2.79,NE/mg
2100,Köttfärssås blandfärs,Niacin,Köttprodukter kötträtter,1.7,mg
2100,Köttfärssås blandfärs,"Salt, NaCl",Köttprodukter kötträtter,1.9,g
2100,Köttfärssås blandfärs,"Natrium, Na",Köttprodukter kötträtter,762.0,mg
2100,Köttfärssås blandfärs,Monosackarider,Köttprodukter kötträtter,3.0,g
2100,Köttfärssås blandfärs,"Sockerarter, totalt",Köttprodukter kötträtter,3.7,g
2100,Köttfärssås blandfärs,Summa enkelomättade fettsyror,Köttprodukter kötträtter,2.7,g
2100,Köttfärssås blandfärs,"Magnesium, Mg",Köttprodukter kötträtter,17.0,mg
2100,Köttfärssås blandfärs,Summa mättade fettsyror,Köttprodukter kötträtter,2.1,g
2100,Köttfärssås blandfärs,"Kolhydrater, tillgängliga",Köttprodukter kötträtter,4.6,g
2100,Köttfärssås blandfärs,Kolesterol,Köttprodukter kötträtter,15.8,mg
2100,Köttfärssås blandfärs,"Kalium, K",Köttprodukter kötträtter,207.0,mg
2100,Köttfärssås blandfärs,"Jod, I",Köttprodukter kötträtter,40.9,µg
2100,Köttfärssås blandfärs,Fullkorn totalt,Köttprodukter kötträtter,0.0,g
2100,Köttfärssås blandfärs,"Folat, totalt",Köttprodukter kötträtter,12.6,µg
2100,Köttfärssås blandfärs,Fibrer,Köttprodukter kötträtter,1.1,g
2100,Köttfärssås blandfärs,"Fett, totalt",Köttprodukter kötträtter,5.9,g
2100,Köttfärssås blandfärs,"Järn, Fe",Köttprodukter kötträtter,0.9,mg
2100,Köttfärssås blandfärs,Energi (kJ),Köttprodukter kötträtter,407.0,kJ
2100,Köttfärssås blandfärs,Energi (kcal),Köttprodukter kötträtter,97.0,kcal
2100,Köttfärssås blandfärs,Disackarider,Köttprodukter kötträtter,0.8,g
2100,Köttfärssås blandfärs,"Kalcium, Ca",Köttprodukter kötträtter,17.0,mg
2100,Köttfärssås blandfärs,Fettsyra 4:0-10:0,Köttprodukter kötträtter,0.0,g
2100,Köttfärssås blandfärs,DHA (C22:6),Köttprodukter kötträtter,0.0,g
2100,Köttfärssås blandfärs,DPA (C22:5),Köttprodukter kötträtter,0.0,g
2100,Köttfärssås blandfärs,EPA (C20:5),Köttprodukter kötträtter,0.0,g
2100,Köttfärssås blandfärs,Arakidonsyra C20:4,Köttprodukter kötträtter,0.0,g
2100,Köttfärssås blandfärs,Arakidinsyra C20:0,Köttprodukter kötträtter,0.0,g
2100,Köttfärssås blandfärs,Linolensyra C18:3,Köttprodukter kötträtter,0.1,g
2100,Köttfärssås blandfärs,Linolsyra C18:2,Köttprodukter kötträtter,0.7,g
2100,Köttfärssås blandfärs,Oljesyra C18:1,Köttprodukter kötträtter,2.4,g
2100,Köttfärssås blandfärs,Stearinsyra C18:0,Köttprodukter kötträtter,0.7,g
2100,Köttfärssås blandfärs,Palmitoljesyra C16:1,Köttprodukter kötträtter,0.2,g
2100,Köttfärssås blandfärs,Palmitinsyra C16:0,Köttprodukter kötträtter,1.2,g
2100,Köttfärssås blandfärs,Myristinsyra C14:0,Köttprodukter kötträtter,0.1,g
2100,Köttfärssås blandfärs,Laurinsyra C12:0,Köttprodukter kötträtter,0.0,g
2100,Köttfärssås blandfärs,Betakaroten/β-Karoten,Köttprodukter kötträtter,228.0,µg
2100,Köttfärssås blandfärs,Avfall (skal etc.),Köttprodukter kötträtter,1.0,%
2100,Köttfärssås blandfärs,Aska,Köttprodukter kötträtter,2.7,g
2100,Köttfärssås blandfärs,Alkohol,Köttprodukter kötträtter,0.0,g
2101,Nöt färs fett 10% stekt m. salt,"Zink, Zn",Kött färskt fryst tillagat ,6.2,mg
2101,Nöt färs fett 10% stekt m. salt,Vitamin E,Kött färskt fryst tillagat ,0.8,mg
2101,Nöt färs fett 10% stekt m. salt,Vitamin D,Kött färskt fryst tillagat ,0.09,µg
2101,Nöt färs fett 10% stekt m. salt,Vitamin C,Kött färskt fryst tillagat ,0.0,mg
2101,Nöt färs fett 10% stekt m. salt,Vitamin B6,Kött färskt fryst tillagat ,0.16,mg
2101,Nöt färs fett 10% stekt m. salt,Vitamin B12,Kött färskt fryst tillagat ,1.41,µg
2101,Nöt färs fett 10% stekt m. salt,Vitamin A,Kött färskt fryst tillagat ,15.5,RE/µg
2101,Nöt färs fett 10% stekt m. salt,Vatten,Kött färskt fryst tillagat ,58.9,g
2101,Nöt färs fett 10% stekt m. salt,Tiamin,Kött färskt fryst tillagat ,0.06,mg
2101,Nöt färs fett 10% stekt m. salt,Tillsatt socker,Kött färskt fryst tillagat ,0.0,g
2101,Nöt färs fett 10% stekt m. salt,Fritt socker,Kött färskt fryst tillagat ,0.0,g
2101,Nöt färs fett 10% stekt m. salt,"Selen, Se",Kött färskt fryst tillagat ,6.8,µg
2101,Nöt färs fett 10% stekt m. salt,Sackaros,Kött färskt fryst tillagat ,0.0,g
2101,Nöt färs fett 10% stekt m. salt,Riboflavin,Kött färskt fryst tillagat ,0.19,mg
2101,Nöt färs fett 10% stekt m. salt,Retinol,Kött färskt fryst tillagat ,12.6,µg
2101,Nöt färs fett 10% stekt m. salt,Protein,Kött färskt fryst tillagat ,25.0,g
2101,Nöt färs fett 10% stekt m. salt,Summa fleromättade fettsyror,Kött färskt fryst tillagat ,0.6,g
2101,Nöt färs fett 10% stekt m. salt,"Fosfor, P",Kött färskt fryst tillagat ,202.0,mg
2101,Nöt färs fett 10% stekt m. salt,Niacinekvivalenter,Kött färskt fryst tillagat ,9.93,NE/mg
2101,Nöt färs fett 10% stekt m. salt,Niacin,Kött färskt fryst tillagat ,5.41,mg
2101,Nöt färs fett 10% stekt m. salt,"Salt, NaCl",Kött färskt fryst tillagat ,1.2,g
2101,Nöt färs fett 10% stekt m. salt,"Natrium, Na",Kött färskt fryst tillagat ,480.0,mg
2101,Nöt färs fett 10% stekt m. salt,Monosackarider,Kött färskt fryst tillagat ,0.0,g
2101,Nöt färs fett 10% stekt m. salt,"Sockerarter, totalt",Kött färskt fryst tillagat ,0.0,g
2101,Nöt färs fett 10% stekt m. salt,Summa enkelomättade fettsyror,Kött färskt fryst tillagat ,6.3,g
2101,Nöt färs fett 10% stekt m. salt,"Magnesium, Mg",Kött färskt fryst tillagat ,25.0,mg
2101,Nöt färs fett 10% stekt m. salt,Summa mättade fettsyror,Kött färskt fryst tillagat ,6.1,g
2101,Nöt färs fett 10% stekt m. salt,"Kolhydrater, tillgängliga",Kött färskt fryst tillagat ,0.2,g
2101,Nöt färs fett 10% stekt m. salt,Kolesterol,Kött färskt fryst tillagat ,73.5,mg
2101,Nöt färs fett 10% stekt m. salt,"Kalium, K",Kött färskt fryst tillagat ,245.0,mg
2101,Nöt färs fett 10% stekt m. salt,"Jod, I",Kött färskt fryst tillagat ,50.7,µg
2101,Nöt färs fett 10% stekt m. salt,Fullkorn totalt,Kött färskt fryst tillagat ,0.0,g
2101,Nöt färs fett 10% stekt m. salt,"Folat, totalt",Kött färskt fryst tillagat ,3.5,µg
2101,Nöt färs fett 10% stekt m. salt,Fibrer,Kött färskt fryst tillagat ,0.1,g
2101,Nöt färs fett 10% stekt m. salt,"Fett, totalt",Kött färskt fryst tillagat ,13.9,g
2101,Nöt färs fett 10% stekt m. salt,"Järn, Fe",Kött färskt fryst tillagat ,2.6,mg
2101,Nöt färs fett 10% stekt m. salt,Energi (kJ),Kött färskt fryst tillagat ,945.0,kJ
2101,Nöt färs fett 10% stekt m. salt,Energi (kcal),Kött färskt fryst tillagat ,226.0,kcal
2101,Nöt färs fett 10% stekt m. salt,Disackarider,Kött färskt fryst tillagat ,0.0,g
2101,Nöt färs fett 10% stekt m. salt,"Kalcium, Ca",Kött färskt fryst tillagat ,12.0,mg
2101,Nöt färs fett 10% stekt m. salt,Fettsyra 4:0-10:0,Kött färskt fryst tillagat ,0.0,g
2101,Nöt färs fett 10% stekt m. salt,DHA (C22:6),Kött färskt fryst tillagat ,0.0,g
2101,Nöt färs fett 10% stekt m. salt,DPA (C22:5),Kött färskt fryst tillagat ,0.0,g
2101,Nöt färs fett 10% stekt m. salt,EPA (C20:5),Kött färskt fryst tillagat ,0.0,g
2101,Nöt färs fett 10% stekt m. salt,Arakidonsyra C20:4,Kött färskt fryst tillagat ,0.0,g
2101,Nöt färs fett 10% stekt m. salt,Arakidinsyra C20:0,Kött färskt fryst tillagat ,0.0,g
2101,Nöt färs fett 10% stekt m. salt,Linolensyra C18:3,Kött färskt fryst tillagat ,0.1,g
2101,Nöt färs fett 10% stekt m. salt,Linolsyra C18:2,Kött färskt fryst tillagat ,0.4,g
2101,Nöt färs fett 10% stekt m. salt,Oljesyra C18:1,Kött färskt fryst tillagat ,5.4,g
2101,Nöt färs fett 10% stekt m. salt,Stearinsyra C18:0,Kött färskt fryst tillagat ,2.0,g
2101,Nöt färs fett 10% stekt m. salt,Palmitoljesyra C16:1,Kött färskt fryst tillagat ,0.6,g
2101,Nöt färs fett 10% stekt m. salt,Palmitinsyra C16:0,Kött färskt fryst tillagat ,3.3,g
2101,Nöt färs fett 10% stekt m. salt,Myristinsyra C14:0,Kött färskt fryst tillagat ,0.4,g
2101,Nöt färs fett 10% stekt m. salt,Laurinsyra C12:0,Kött färskt fryst tillagat ,0.0,g
2101,Nöt färs fett 10% stekt m. salt,Betakaroten/β-Karoten,Kött färskt fryst tillagat ,35.0,µg
2101,Nöt färs fett 10% stekt m. salt,Avfall (skal etc.),Kött färskt fryst tillagat ,0.0,%
2101,Nöt färs fett 10% stekt m. salt,Aska,Kött färskt fryst tillagat ,2.1,g
2101,Nöt färs fett 10% stekt m. salt,Alkohol,Kött färskt fryst tillagat ,0.0,g
2103,Nöt el. gris kött stekt,"Zink, Zn",Kött färskt fryst tillagat ,3.5,mg
2103,Nöt el. gris kött stekt,Vitamin E,Kött färskt fryst tillagat ,0.5,mg
2103,Nöt el. gris kött stekt,Vitamin D,Kött färskt fryst tillagat ,0.44,µg
2103,Nöt el. gris kött stekt,Vitamin C,Kött färskt fryst tillagat ,0.0,mg
2103,Nöt el. gris kött stekt,Vitamin B6,Kött färskt fryst tillagat ,0.3,mg
2103,Nöt el. gris kött stekt,Vitamin B12,Kött färskt fryst tillagat ,0.71,µg
2103,Nöt el. gris kött stekt,Vitamin A,Kött färskt fryst tillagat ,10.0,RE/µg
2103,Nöt el. gris kött stekt,Vatten,Kött färskt fryst tillagat ,66.3,g
2103,Nöt el. gris kött stekt,Tiamin,Kött färskt fryst tillagat ,0.57,mg
2103,Nöt el. gris kött stekt,Tillsatt socker,Kött färskt fryst tillagat ,0.0,g
2103,Nöt el. gris kött stekt,Fritt socker,Kött färskt fryst tillagat ,0.0,g
2103,Nöt el. gris kött stekt,"Selen, Se",Kött färskt fryst tillagat ,11.4,µg
2103,Nöt el. gris kött stekt,Sackaros,Kött färskt fryst tillagat ,0.0,g
2103,Nöt el. gris kött stekt,Riboflavin,Kött färskt fryst tillagat ,0.27,mg
2103,Nöt el. gris kött stekt,Retinol,Kött färskt fryst tillagat ,9.4,µg
2103,Nöt el. gris kött stekt,Protein,Kött färskt fryst tillagat ,23.5,g
2103,Nöt el. gris kött stekt,Summa fleromättade fettsyror,Kött färskt fryst tillagat ,0.9,g
2103,Nöt el. gris kött stekt,"Fosfor, P",Kött färskt fryst tillagat ,228.0,mg
2103,Nöt el. gris kött stekt,Niacinekvivalenter,Kött färskt fryst tillagat ,12.39,NE/mg
2103,Nöt el. gris kött stekt,Niacin,Kött färskt fryst tillagat ,8.08,mg
2103,Nöt el. gris kött stekt,"Salt, NaCl",Kött färskt fryst tillagat ,0.5,g
2103,Nöt el. gris kött stekt,"Natrium, Na",Kött färskt fryst tillagat ,184.0,mg
2103,Nöt el. gris kött stekt,Monosackarider,Kött färskt fryst tillagat ,0.0,g
2103,Nöt el. gris kött stekt,"Sockerarter, totalt",Kött färskt fryst tillagat ,0.0,g
2103,Nöt el. gris kött stekt,Summa enkelomättade fettsyror,Kött färskt fryst tillagat ,3.5,g
2103,Nöt el. gris kött stekt,"Magnesium, Mg",Kött färskt fryst tillagat ,31.0,mg
2103,Nöt el. gris kött stekt,Summa mättade fettsyror,Kött färskt fryst tillagat ,3.7,g
2103,Nöt el. gris kött stekt,"Kolhydrater, tillgängliga",Kött färskt fryst tillagat ,0.0,g
2103,Nöt el. gris kött stekt,Kolesterol,Kött färskt fryst tillagat ,67.0,mg
2103,Nöt el. gris kött stekt,"Kalium, K",Kött färskt fryst tillagat ,286.0,mg
2103,Nöt el. gris kött stekt,"Jod, I",Kött färskt fryst tillagat ,15.1,µg
2103,Nöt el. gris kött stekt,Fullkorn totalt,Kött färskt fryst tillagat ,0.0,g
2103,Nöt el. gris kött stekt,"Folat, totalt",Kött färskt fryst tillagat ,5.3,µg
2103,Nöt el. gris kött stekt,Fibrer,Kött färskt fryst tillagat ,0.0,g
2103,Nöt el. gris kött stekt,"Fett, totalt",Kött färskt fryst tillagat ,8.6,g
2103,Nöt el. gris kött stekt,"Järn, Fe",Kött färskt fryst tillagat ,2.0,mg
2103,Nöt el. gris kött stekt,Energi (kJ),Kött färskt fryst tillagat ,716.0,kJ
2103,Nöt el. gris kött stekt,Energi (kcal),Kött färskt fryst tillagat ,171.0,kcal
2103,Nöt el. gris kött stekt,Disackarider,Kött färskt fryst tillagat ,0.0,g
2103,Nöt el. gris kött stekt,"Kalcium, Ca",Kött färskt fryst tillagat ,9.0,mg
2103,Nöt el. gris kött stekt,Fettsyra 4:0-10:0,Kött färskt fryst tillagat ,0.0,g
2103,Nöt el. gris kött stekt,DHA (C22:6),Kött färskt fryst tillagat ,0.0,g
2103,Nöt el. gris kött stekt,DPA (C22:5),Kött färskt fryst tillagat ,0.0,g
2103,Nöt el. gris kött stekt,EPA (C20:5),Kött färskt fryst tillagat ,0.0,g
2103,Nöt el. gris kött stekt,Arakidonsyra C20:4,Kött färskt fryst tillagat ,0.0,g
2103,Nöt el. gris kött stekt,Arakidinsyra C20:0,Kött färskt fryst tillagat ,0.0,g
2103,Nöt el. gris kött stekt,Linolensyra C18:3,Kött färskt fryst tillagat ,0.0,g
2103,Nöt el. gris kött stekt,Linolsyra C18:2,Kött färskt fryst tillagat ,0.7,g
2103,Nöt el. gris kött stekt,Oljesyra C18:1,Kött färskt fryst tillagat ,3.1,g
2103,Nöt el. gris kött stekt,Stearinsyra C18:0,Kött färskt fryst tillagat ,1.3,g
2103,Nöt el. gris kött stekt,Palmitoljesyra C16:1,Kött färskt fryst tillagat ,0.3,g
2103,Nöt el. gris kött stekt,Palmitinsyra C16:0,Kött färskt fryst tillagat ,2.2,g
2103,Nöt el. gris kött stekt,Myristinsyra C14:0,Kött färskt fryst tillagat ,0.2,g
2103,Nöt el. gris kött stekt,Laurinsyra C12:0,Kött färskt fryst tillagat ,0.0,g
2103,Nöt el. gris kött stekt,Betakaroten/β-Karoten,Kött färskt fryst tillagat ,8.0,µg
2103,Nöt el. gris kött stekt,Avfall (skal etc.),Kött färskt fryst tillagat ,18.0,%
2103,Nöt el. gris kött stekt,Aska,Kött färskt fryst tillagat ,1.6,g
2103,Nöt el. gris kött stekt,Alkohol,Kött färskt fryst tillagat ,0.0,g
2104,Carbonara pastasås,"Zink, Zn",Sås dressing majonnäs ,2.0,mg
2104,Carbonara pastasås,Vitamin E,Sås dressing majonnäs ,2.4,mg
2104,Carbonara pastasås,Vitamin D,Sås dressing majonnäs ,0.71,µg
2104,Carbonara pastasås,Vitamin C,Sås dressing majonnäs ,0.1,mg
2104,Carbonara pastasås,Vitamin B6,Sås dressing majonnäs ,0.28,mg
2104,Carbonara pastasås,Vitamin B12,Sås dressing majonnäs ,1.24,µg
2104,Carbonara pastasås,Vitamin A,Sås dressing majonnäs ,197.2,RE/µg
2104,Carbonara pastasås,Vatten,Sås dressing majonnäs ,53.3,g
2104,Carbonara pastasås,Tiamin,Sås dressing majonnäs ,0.17,mg
2104,Carbonara pastasås,Tillsatt socker,Sås dressing majonnäs ,0.0,g
2104,Carbonara pastasås,Fritt socker,Sås dressing majonnäs ,0.0,g
2104,Carbonara pastasås,"Selen, Se",Sås dressing majonnäs ,16.8,µg
2104,Carbonara pastasås,Sackaros,Sås dressing majonnäs ,0.0,g
2104,Carbonara pastasås,Riboflavin,Sås dressing majonnäs ,0.28,mg
2104,Carbonara pastasås,Retinol,Sås dressing majonnäs ,193.6,µg
2104,Carbonara pastasås,Protein,Sås dressing majonnäs ,17.2,g
2104,Carbonara pastasås,Summa fleromättade fettsyror,Sås dressing majonnäs ,1.7,g
2104,Carbonara pastasås,"Fosfor, P",Sås dressing majonnäs ,270.0,mg
2104,Carbonara pastasås,Niacinekvivalenter,Sås dressing majonnäs ,4.91,NE/mg
2104,Carbonara pastasås,Niacin,Sås dressing majonnäs ,1.08,mg
2104,Carbonara pastasås,"Salt, NaCl",Sås dressing majonnäs ,2.1,g
2104,Carbonara pastasås,"Natrium, Na",Sås dressing majonnäs ,818.0,mg
2104,Carbonara pastasås,Monosackarider,Sås dressing majonnäs ,0.2,g
2104,Carbonara pastasås,"Sockerarter, totalt",Sås dressing majonnäs ,0.5,g
2104,Carbonara pastasås,Summa enkelomättade fettsyror,Sås dressing majonnäs ,8.3,g
2104,Carbonara pastasås,"Magnesium, Mg",Sås dressing majonnäs ,20.0,mg
2104,Carbonara pastasås,Summa mättade fettsyror,Sås dressing majonnäs ,12.4,g
2104,Carbonara pastasås,"Kolhydrater, tillgängliga",Sås dressing majonnäs ,1.7,g
2104,Carbonara pastasås,Kolesterol,Sås dressing majonnäs ,173.0,mg
2104,Carbonara pastasås,"Kalium, K",Sås dressing majonnäs ,156.0,mg
2104,Carbonara pastasås,"Jod, I",Sås dressing majonnäs ,70.3,µg
2104,Carbonara pastasås,Fullkorn totalt,Sås dressing majonnäs ,0.0,g
2104,Carbonara pastasås,"Folat, totalt",Sås dressing majonnäs ,33.2,µg
2104,Carbonara pastasås,Fibrer,Sås dressing majonnäs ,0.0,g
2104,Carbonara pastasås,"Fett, totalt",Sås dressing majonnäs ,24.2,g
2104,Carbonara pastasås,"Järn, Fe",Sås dressing majonnäs ,0.9,mg
2104,Carbonara pastasås,Energi (kJ),Sås dressing majonnäs ,1215.0,kJ
2104,Carbonara pastasås,Energi (kcal),Sås dressing majonnäs ,290.0,kcal
2104,Carbonara pastasås,Disackarider,Sås dressing majonnäs ,0.3,g
2104,Carbonara pastasås,"Kalcium, Ca",Sås dressing majonnäs ,232.0,mg
2104,Carbonara pastasås,Fettsyra 4:0-10:0,Sås dressing majonnäs ,0.8,g
2104,Carbonara pastasås,DHA (C22:6),Sås dressing majonnäs ,0.0,g
2104,Carbonara pastasås,DPA (C22:5),Sås dressing majonnäs ,0.0,g
2104,Carbonara pastasås,EPA (C20:5),Sås dressing majonnäs ,0.0,g
2104,Carbonara pastasås,Arakidonsyra C20:4,Sås dressing majonnäs ,0.1,g
2104,Carbonara pastasås,Arakidinsyra C20:0,Sås dressing majonnäs ,0.0,g
2104,Carbonara pastasås,Linolensyra C18:3,Sås dressing majonnäs ,0.2,g
2104,Carbonara pastasås,Linolsyra C18:2,Sås dressing majonnäs ,1.3,g
2104,Carbonara pastasås,Oljesyra C18:1,Sås dressing majonnäs ,7.4,g
2104,Carbonara pastasås,Stearinsyra C18:0,Sås dressing majonnäs ,2.5,g
2104,Carbonara pastasås,Palmitoljesyra C16:1,Sås dressing majonnäs ,0.5,g
2104,Carbonara pastasås,Palmitinsyra C16:0,Sås dressing majonnäs ,6.6,g
2104,Carbonara pastasås,Myristinsyra C14:0,Sås dressing majonnäs ,1.5,g
2104,Carbonara pastasås,Laurinsyra C12:0,Sås dressing majonnäs ,0.4,g
2104,Carbonara pastasås,Betakaroten/β-Karoten,Sås dressing majonnäs ,42.0,µg
2104,Carbonara pastasås,Avfall (skal etc.),Sås dressing majonnäs ,4.0,%
2104,Carbonara pastasås,Aska,Sås dressing majonnäs ,3.4,g
2104,Carbonara pastasås,Alkohol,Sås dressing majonnäs ,0.0,g
2107,Skagenröra hemlagad,"Zink, Zn",Majonnässallad röror,1.0,mg
2107,Skagenröra hemlagad,Vitamin E,Majonnässallad röror,5.5,mg
2107,Skagenröra hemlagad,Vitamin D,Majonnässallad röror,0.7,µg
2107,Skagenröra hemlagad,Vitamin C,Majonnässallad röror,4.9,mg
2107,Skagenröra hemlagad,Vitamin B6,Majonnässallad röror,0.05,mg
2107,Skagenröra hemlagad,Vitamin B12,Majonnässallad röror,3.42,µg
2107,Skagenröra hemlagad,Vitamin A,Majonnässallad röror,36.7,RE/µg
2107,Skagenröra hemlagad,Vatten,Majonnässallad röror,71.2,g
2107,Skagenröra hemlagad,Tiamin,Majonnässallad röror,0.08,mg
2107,Skagenröra hemlagad,Tillsatt socker,Majonnässallad röror,0.0,g
2107,Skagenröra hemlagad,Fritt socker,Majonnässallad röror,0.0,g
2107,Skagenröra hemlagad,"Selen, Se",Majonnässallad röror,20.6,µg
2107,Skagenröra hemlagad,Sackaros,Majonnässallad röror,0.2,g
2107,Skagenröra hemlagad,Riboflavin,Majonnässallad röror,0.38,mg
2107,Skagenröra hemlagad,Retinol,Majonnässallad röror,17.2,µg
2107,Skagenröra hemlagad,Protein,Majonnässallad röror,12.6,g
2107,Skagenröra hemlagad,Summa fleromättade fettsyror,Majonnässallad röror,2.9,g
2107,Skagenröra hemlagad,"Fosfor, P",Majonnässallad röror,129.0,mg
2107,Skagenröra hemlagad,Niacinekvivalenter,Majonnässallad röror,3.07,NE/mg
2107,Skagenröra hemlagad,Niacin,Majonnässallad röror,0.76,mg
2107,Skagenröra hemlagad,"Salt, NaCl",Majonnässallad röror,1.6,g
2107,Skagenröra hemlagad,"Natrium, Na",Majonnässallad röror,638.0,mg
2107,Skagenröra hemlagad,Monosackarider,Majonnässallad röror,0.0,g
2107,Skagenröra hemlagad,"Sockerarter, totalt",Majonnässallad röror,0.7,g
2107,Skagenröra hemlagad,Summa enkelomättade fettsyror,Majonnässallad röror,6.1,g
2107,Skagenröra hemlagad,"Magnesium, Mg",Majonnässallad röror,27.0,mg
2107,Skagenröra hemlagad,Summa mättade fettsyror,Majonnässallad röror,1.8,g
2107,Skagenröra hemlagad,"Kolhydrater, tillgängliga",Majonnässallad röror,1.9,g
2107,Skagenröra hemlagad,Kolesterol,Majonnässallad röror,133.6,mg
2107,Skagenröra hemlagad,"Kalium, K",Majonnässallad röror,124.0,mg
2107,Skagenröra hemlagad,"Jod, I",Majonnässallad röror,25.6,µg
2107,Skagenröra hemlagad,Fullkorn totalt,Majonnässallad röror,0.0,g
2107,Skagenröra hemlagad,"Folat, totalt",Majonnässallad röror,12.9,µg
2107,Skagenröra hemlagad,Fibrer,Majonnässallad röror,0.1,g
2107,Skagenröra hemlagad,"Fett, totalt",Majonnässallad röror,11.6,g
2107,Skagenröra hemlagad,"Järn, Fe",Majonnässallad röror,0.4,mg
2107,Skagenröra hemlagad,Energi (kJ),Majonnässallad röror,676.0,kJ
2107,Skagenröra hemlagad,Energi (kcal),Majonnässallad röror,161.0,kcal
2107,Skagenröra hemlagad,Disackarider,Majonnässallad röror,0.7,g
2107,Skagenröra hemlagad,"Kalcium, Ca",Majonnässallad röror,45.0,mg
2107,Skagenröra hemlagad,Fettsyra 4:0-10:0,Majonnässallad röror,0.1,g
2107,Skagenröra hemlagad,DHA (C22:6),Majonnässallad röror,0.1,g
2107,Skagenröra hemlagad,DPA (C22:5),Majonnässallad röror,0.0,g
2107,Skagenröra hemlagad,EPA (C20:5),Majonnässallad röror,0.1,g
2107,Skagenröra hemlagad,Arakidonsyra C20:4,Majonnässallad röror,0.0,g
2107,Skagenröra hemlagad,Arakidinsyra C20:0,Majonnässallad röror,0.0,g
2107,Skagenröra hemlagad,Linolensyra C18:3,Majonnässallad röror,0.9,g
2107,Skagenröra hemlagad,Linolsyra C18:2,Majonnässallad röror,1.8,g
2107,Skagenröra hemlagad,Oljesyra C18:1,Majonnässallad röror,5.9,g
2107,Skagenröra hemlagad,Stearinsyra C18:0,Majonnässallad röror,0.3,g
2107,Skagenröra hemlagad,Palmitoljesyra C16:1,Majonnässallad röror,0.1,g
2107,Skagenröra hemlagad,Palmitinsyra C16:0,Majonnässallad röror,1.0,g
2107,Skagenröra hemlagad,Myristinsyra C14:0,Majonnässallad röror,0.2,g
2107,Skagenröra hemlagad,Laurinsyra C12:0,Majonnässallad röror,0.1,g
2107,Skagenröra hemlagad,Betakaroten/β-Karoten,Majonnässallad röror,234.0,µg
2107,Skagenröra hemlagad,Avfall (skal etc.),Majonnässallad röror,34.0,%
2107,Skagenröra hemlagad,Aska,Majonnässallad röror,2.2,g
2107,Skagenröra hemlagad,Alkohol,Majonnässallad röror,0.0,g
2108,Fisksoppa m. rotfrukter,"Zink, Zn",Soppa mat,0.3,mg
2108,Fisksoppa m. rotfrukter,Vitamin E,Soppa mat,0.9,mg
2108,Fisksoppa m. rotfrukter,Vitamin D,Soppa mat,0.52,µg
2108,Fisksoppa m. rotfrukter,Vitamin C,Soppa mat,5.0,mg
2108,Fisksoppa m. rotfrukter,Vitamin B6,Soppa mat,0.1,mg
2108,Fisksoppa m. rotfrukter,Vitamin B12,Soppa mat,0.47,µg
2108,Fisksoppa m. rotfrukter,Vitamin A,Soppa mat,65.6,RE/µg
2108,Fisksoppa m. rotfrukter,Vatten,Soppa mat,84.0,g
2108,Fisksoppa m. rotfrukter,Tiamin,Soppa mat,0.04,mg
2108,Fisksoppa m. rotfrukter,Tillsatt socker,Soppa mat,0.0,g
2108,Fisksoppa m. rotfrukter,Fritt socker,Soppa mat,0.0,g
2108,Fisksoppa m. rotfrukter,"Selen, Se",Soppa mat,7.6,µg
2108,Fisksoppa m. rotfrukter,Sackaros,Soppa mat,0.6,g
2108,Fisksoppa m. rotfrukter,Riboflavin,Soppa mat,0.04,mg
2108,Fisksoppa m. rotfrukter,Retinol,Soppa mat,18.4,µg
2108,Fisksoppa m. rotfrukter,Protein,Soppa mat,6.3,g
2108,Fisksoppa m. rotfrukter,Summa fleromättade fettsyror,Soppa mat,0.4,g
2108,Fisksoppa m. rotfrukter,"Fosfor, P",Soppa mat,84.0,mg
2108,Fisksoppa m. rotfrukter,Niacinekvivalenter,Soppa mat,2.5,NE/mg
2108,Fisksoppa m. rotfrukter,Niacin,Soppa mat,1.37,mg
2108,Fisksoppa m. rotfrukter,"Salt, NaCl",Soppa mat,0.7,g
2108,Fisksoppa m. rotfrukter,"Natrium, Na",Soppa mat,265.0,mg
2108,Fisksoppa m. rotfrukter,Monosackarider,Soppa mat,1.0,g
2108,Fisksoppa m. rotfrukter,"Sockerarter, totalt",Soppa mat,1.8,g
2108,Fisksoppa m. rotfrukter,Summa enkelomättade fettsyror,Soppa mat,1.0,g
2108,Fisksoppa m. rotfrukter,"Magnesium, Mg",Soppa mat,17.0,mg
2108,Fisksoppa m. rotfrukter,Summa mättade fettsyror,Soppa mat,1.4,g
2108,Fisksoppa m. rotfrukter,"Kolhydrater, tillgängliga",Soppa mat,3.9,g
2108,Fisksoppa m. rotfrukter,Kolesterol,Soppa mat,21.9,mg
2108,Fisksoppa m. rotfrukter,"Kalium, K",Soppa mat,193.0,mg
2108,Fisksoppa m. rotfrukter,"Jod, I",Soppa mat,38.4,µg
2108,Fisksoppa m. rotfrukter,Fullkorn totalt,Soppa mat,0.0,g
2108,Fisksoppa m. rotfrukter,"Folat, totalt",Soppa mat,13.3,µg
2108,Fisksoppa m. rotfrukter,Fibrer,Soppa mat,0.9,g
2108,Fisksoppa m. rotfrukter,"Fett, totalt",Soppa mat,3.2,g
2108,Fisksoppa m. rotfrukter,"Järn, Fe",Soppa mat,0.3,mg
2108,Fisksoppa m. rotfrukter,Energi (kJ),Soppa mat,305.0,kJ
2108,Fisksoppa m. rotfrukter,Energi (kcal),Soppa mat,73.0,kcal
2108,Fisksoppa m. rotfrukter,Disackarider,Soppa mat,0.8,g
2108,Fisksoppa m. rotfrukter,"Kalcium, Ca",Soppa mat,25.0,mg
2108,Fisksoppa m. rotfrukter,Fettsyra 4:0-10:0,Soppa mat,0.1,g
2108,Fisksoppa m. rotfrukter,DHA (C22:6),Soppa mat,0.1,g
2108,Fisksoppa m. rotfrukter,DPA (C22:5),Soppa mat,0.0,g
2108,Fisksoppa m. rotfrukter,EPA (C20:5),Soppa mat,0.0,g
2108,Fisksoppa m. rotfrukter,Arakidonsyra C20:4,Soppa mat,0.0,g
2108,Fisksoppa m. rotfrukter,Arakidinsyra C20:0,Soppa mat,0.0,g
2108,Fisksoppa m. rotfrukter,Linolensyra C18:3,Soppa mat,0.1,g
2108,Fisksoppa m. rotfrukter,Linolsyra C18:2,Soppa mat,0.2,g
2108,Fisksoppa m. rotfrukter,Oljesyra C18:1,Soppa mat,0.9,g
2108,Fisksoppa m. rotfrukter,Stearinsyra C18:0,Soppa mat,0.2,g
2108,Fisksoppa m. rotfrukter,Palmitoljesyra C16:1,Soppa mat,0.1,g
2108,Fisksoppa m. rotfrukter,Palmitinsyra C16:0,Soppa mat,0.7,g
2108,Fisksoppa m. rotfrukter,Myristinsyra C14:0,Soppa mat,0.2,g
2108,Fisksoppa m. rotfrukter,Laurinsyra C12:0,Soppa mat,0.1,g
2108,Fisksoppa m. rotfrukter,Betakaroten/β-Karoten,Soppa mat,492.0,µg
2108,Fisksoppa m. rotfrukter,Avfall (skal etc.),Soppa mat,10.0,%
2108,Fisksoppa m. rotfrukter,Aska,Soppa mat,1.3,g
2108,Fisksoppa m. rotfrukter,Alkohol,Soppa mat,0.18,g
2109,Tonfiskröra hemlagad,"Zink, Zn",Fisk o skaldjursprodukter o rätter,0.6,mg
2109,Tonfiskröra hemlagad,Vitamin E,Fisk o skaldjursprodukter o rätter,3.2,mg
2109,Tonfiskröra hemlagad,Vitamin D,Fisk o skaldjursprodukter o rätter,2.05,µg
2109,Tonfiskröra hemlagad,Vitamin C,Fisk o skaldjursprodukter o rätter,1.5,mg
2109,Tonfiskröra hemlagad,Vitamin B6,Fisk o skaldjursprodukter o rätter,0.25,mg
2109,Tonfiskröra hemlagad,Vitamin B12,Fisk o skaldjursprodukter o rätter,1.33,µg
2109,Tonfiskröra hemlagad,Vitamin A,Fisk o skaldjursprodukter o rätter,15.7,RE/µg
2109,Tonfiskröra hemlagad,Vatten,Fisk o skaldjursprodukter o rätter,68.6,g
2109,Tonfiskröra hemlagad,Tiamin,Fisk o skaldjursprodukter o rätter,0.02,mg
2109,Tonfiskröra hemlagad,Tillsatt socker,Fisk o skaldjursprodukter o rätter,1.0,g
2109,Tonfiskröra hemlagad,Fritt socker,Fisk o skaldjursprodukter o rätter,1.0,g
2109,Tonfiskröra hemlagad,"Selen, Se",Fisk o skaldjursprodukter o rätter,37.3,µg
2109,Tonfiskröra hemlagad,Sackaros,Fisk o skaldjursprodukter o rätter,0.5,g
2109,Tonfiskröra hemlagad,Riboflavin,Fisk o skaldjursprodukter o rätter,0.08,mg
2109,Tonfiskröra hemlagad,Retinol,Fisk o skaldjursprodukter o rätter,14.2,µg
2109,Tonfiskröra hemlagad,Protein,Fisk o skaldjursprodukter o rätter,13.3,g
2109,Tonfiskröra hemlagad,Summa fleromättade fettsyror,Fisk o skaldjursprodukter o rätter,3.3,g
2109,Tonfiskröra hemlagad,"Fosfor, P",Fisk o skaldjursprodukter o rätter,132.0,mg
2109,Tonfiskröra hemlagad,Niacinekvivalenter,Fisk o skaldjursprodukter o rätter,8.36,NE/mg
2109,Tonfiskröra hemlagad,Niacin,Fisk o skaldjursprodukter o rätter,5.85,mg
2109,Tonfiskröra hemlagad,"Salt, NaCl",Fisk o skaldjursprodukter o rätter,1.7,g
2109,Tonfiskröra hemlagad,"Natrium, Na",Fisk o skaldjursprodukter o rätter,670.0,mg
2109,Tonfiskröra hemlagad,Monosackarider,Fisk o skaldjursprodukter o rätter,0.5,g
2109,Tonfiskröra hemlagad,"Sockerarter, totalt",Fisk o skaldjursprodukter o rätter,1.5,g
2109,Tonfiskröra hemlagad,Summa enkelomättade fettsyror,Fisk o skaldjursprodukter o rätter,7.1,g
2109,Tonfiskröra hemlagad,"Magnesium, Mg",Fisk o skaldjursprodukter o rätter,20.0,mg
2109,Tonfiskröra hemlagad,Summa mättade fettsyror,Fisk o skaldjursprodukter o rätter,1.8,g
2109,Tonfiskröra hemlagad,"Kolhydrater, tillgängliga",Fisk o skaldjursprodukter o rätter,3.0,g
2109,Tonfiskröra hemlagad,Kolesterol,Fisk o skaldjursprodukter o rätter,37.6,mg
2109,Tonfiskröra hemlagad,"Kalium, K",Fisk o skaldjursprodukter o rätter,170.0,mg
2109,Tonfiskröra hemlagad,"Jod, I",Fisk o skaldjursprodukter o rätter,57.4,µg
2109,Tonfiskröra hemlagad,Fullkorn totalt,Fisk o skaldjursprodukter o rätter,0.0,g
2109,Tonfiskröra hemlagad,"Folat, totalt",Fisk o skaldjursprodukter o rätter,7.8,µg
2109,Tonfiskröra hemlagad,Fibrer,Fisk o skaldjursprodukter o rätter,0.3,g
2109,Tonfiskröra hemlagad,"Fett, totalt",Fisk o skaldjursprodukter o rätter,13.0,g
2109,Tonfiskröra hemlagad,"Järn, Fe",Fisk o skaldjursprodukter o rätter,0.8,mg
2109,Tonfiskröra hemlagad,Energi (kJ),Fisk o skaldjursprodukter o rätter,763.0,kJ
2109,Tonfiskröra hemlagad,Energi (kcal),Fisk o skaldjursprodukter o rätter,182.0,kcal
2109,Tonfiskröra hemlagad,Disackarider,Fisk o skaldjursprodukter o rätter,1.0,g
2109,Tonfiskröra hemlagad,"Kalcium, Ca",Fisk o skaldjursprodukter o rätter,40.0,mg
2109,Tonfiskröra hemlagad,Fettsyra 4:0-10:0,Fisk o skaldjursprodukter o rätter,0.1,g
2109,Tonfiskröra hemlagad,DHA (C22:6),Fisk o skaldjursprodukter o rätter,0.1,g
2109,Tonfiskröra hemlagad,DPA (C22:5),Fisk o skaldjursprodukter o rätter,0.0,g
2109,Tonfiskröra hemlagad,EPA (C20:5),Fisk o skaldjursprodukter o rätter,0.0,g
2109,Tonfiskröra hemlagad,Arakidonsyra C20:4,Fisk o skaldjursprodukter o rätter,0.0,g
2109,Tonfiskröra hemlagad,Arakidinsyra C20:0,Fisk o skaldjursprodukter o rätter,0.1,g
2109,Tonfiskröra hemlagad,Linolensyra C18:3,Fisk o skaldjursprodukter o rätter,1.0,g
2109,Tonfiskröra hemlagad,Linolsyra C18:2,Fisk o skaldjursprodukter o rätter,2.1,g
2109,Tonfiskröra hemlagad,Oljesyra C18:1,Fisk o skaldjursprodukter o rätter,6.8,g
2109,Tonfiskröra hemlagad,Stearinsyra C18:0,Fisk o skaldjursprodukter o rätter,0.4,g
2109,Tonfiskröra hemlagad,Palmitoljesyra C16:1,Fisk o skaldjursprodukter o rätter,0.1,g
2109,Tonfiskröra hemlagad,Palmitinsyra C16:0,Fisk o skaldjursprodukter o rätter,1.0,g
2109,Tonfiskröra hemlagad,Myristinsyra C14:0,Fisk o skaldjursprodukter o rätter,0.2,g
2109,Tonfiskröra hemlagad,Laurinsyra C12:0,Fisk o skaldjursprodukter o rätter,0.0,g
2109,Tonfiskröra hemlagad,Betakaroten/β-Karoten,Fisk o skaldjursprodukter o rätter,17.0,µg
2109,Tonfiskröra hemlagad,Avfall (skal etc.),Fisk o skaldjursprodukter o rätter,1.0,%
2109,Tonfiskröra hemlagad,Aska,Fisk o skaldjursprodukter o rätter,2.0,g
2109,Tonfiskröra hemlagad,Alkohol,Fisk o skaldjursprodukter o rätter,0.0,g
2123,Havregrynsgröt fullkorn fiberhavregryn,"Zink, Zn",Gröt,0.6,mg
2123,Havregrynsgröt fullkorn fiberhavregryn,Vitamin E,Gröt,0.2,mg
2123,Havregrynsgröt fullkorn fiberhavregryn,Vitamin D inkl 25-OH-D3,Gröt,0.0,µg
2123,Havregrynsgröt fullkorn fiberhavregryn,Vitamin D,Gröt,0.0,µg
2123,Havregrynsgröt fullkorn fiberhavregryn,Vitamin C,Gröt,0.0,mg
2123,Havregrynsgröt fullkorn fiberhavregryn,Vitamin B6,Gröt,0.02,mg
2123,Havregrynsgröt fullkorn fiberhavregryn,Vitamin B12,Gröt,0.0,µg
2123,Havregrynsgröt fullkorn fiberhavregryn,Vitamin A,Gröt,0.0,RE/µg
2123,Havregrynsgröt fullkorn fiberhavregryn,Vatten,Gröt,82.6,g
2123,Havregrynsgröt fullkorn fiberhavregryn,Tiamin,Gröt,0.04,mg
2123,Havregrynsgröt fullkorn fiberhavregryn,Tillsatt socker,Gröt,0.0,g
2123,Havregrynsgröt fullkorn fiberhavregryn,Fritt socker,Gröt,0.0,g
2123,Havregrynsgröt fullkorn fiberhavregryn,"Selen, Se",Gröt,0.0,µg
2123,Havregrynsgröt fullkorn fiberhavregryn,Sackaros,Gröt,0.2,g
2123,Havregrynsgröt fullkorn fiberhavregryn,Riboflavin,Gröt,0.01,mg
2123,Havregrynsgröt fullkorn fiberhavregryn,Retinol,Gröt,0.0,µg
2123,Havregrynsgröt fullkorn fiberhavregryn,Protein,Gröt,1.8,g
2123,Havregrynsgröt fullkorn fiberhavregryn,Summa fleromättade fettsyror,Gröt,0.6,g
2123,Havregrynsgröt fullkorn fiberhavregryn,"Fosfor, P",Gröt,85.0,mg
2123,Havregrynsgröt fullkorn fiberhavregryn,Niacinekvivalenter,Gröt,0.96,NE/mg
2123,Havregrynsgröt fullkorn fiberhavregryn,Niacin,Gröt,0.66,mg
2123,Havregrynsgröt fullkorn fiberhavregryn,"Salt, NaCl",Gröt,0.7,g
2123,Havregrynsgröt fullkorn fiberhavregryn,"Natrium, Na",Gröt,282.0,mg
2123,Havregrynsgröt fullkorn fiberhavregryn,Monosackarider,Gröt,0.0,g
2123,Havregrynsgröt fullkorn fiberhavregryn,"Sockerarter, totalt",Gröt,0.2,g
2123,Havregrynsgröt fullkorn fiberhavregryn,Summa enkelomättade fettsyror,Gröt,0.5,g
2123,Havregrynsgröt fullkorn fiberhavregryn,"Magnesium, Mg",Gröt,26.0,mg
2123,Havregrynsgröt fullkorn fiberhavregryn,Summa mättade fettsyror,Gröt,0.2,g
2123,Havregrynsgröt fullkorn fiberhavregryn,"Kolhydrater, tillgängliga",Gröt,11.2,g
2123,Havregrynsgröt fullkorn fiberhavregryn,Kolesterol,Gröt,0.0,mg
2123,Havregrynsgröt fullkorn fiberhavregryn,"Kalium, K",Gröt,53.0,mg
2123,Havregrynsgröt fullkorn fiberhavregryn,"Jod, I",Gröt,36.1,µg
2123,Havregrynsgröt fullkorn fiberhavregryn,Fullkorn totalt,Gröt,16.0,g
2123,Havregrynsgröt fullkorn fiberhavregryn,"Folat, totalt",Gröt,4.4,µg
2123,Havregrynsgröt fullkorn fiberhavregryn,Fibrer,Gröt,1.9,g
2123,Havregrynsgröt fullkorn fiberhavregryn,"Fett, totalt",Gröt,1.3,g
2123,Havregrynsgröt fullkorn fiberhavregryn,"Järn, Fe",Gröt,0.8,mg
2123,Havregrynsgröt fullkorn fiberhavregryn,Energi (kJ),Gröt,286.0,kJ
2123,Havregrynsgröt fullkorn fiberhavregryn,Energi (kcal),Gröt,68.0,kcal
2123,Havregrynsgröt fullkorn fiberhavregryn,Disackarider,Gröt,0.2,g
2123,Havregrynsgröt fullkorn fiberhavregryn,"Kalcium, Ca",Gröt,10.0,mg
2123,Havregrynsgröt fullkorn fiberhavregryn,Fettsyra 4:0-10:0,Gröt,0.0,g
2123,Havregrynsgröt fullkorn fiberhavregryn,DHA (C22:6),Gröt,0.0,g
2123,Havregrynsgröt fullkorn fiberhavregryn,DPA (C22:5),Gröt,0.0,g
2123,Havregrynsgröt fullkorn fiberhavregryn,EPA (C20:5),Gröt,0.0,g
2123,Havregrynsgröt fullkorn fiberhavregryn,Arakidonsyra C20:4,Gröt,0.0,g
2123,Havregrynsgröt fullkorn fiberhavregryn,Arakidinsyra C20:0,Gröt,0.0,g
2123,Havregrynsgröt fullkorn fiberhavregryn,Linolensyra C18:3,Gröt,0.0,g
2123,Havregrynsgröt fullkorn fiberhavregryn,Linolsyra C18:2,Gröt,0.5,g
2123,Havregrynsgröt fullkorn fiberhavregryn,Oljesyra C18:1,Gröt,0.5,g
2123,Havregrynsgröt fullkorn fiberhavregryn,Stearinsyra C18:0,Gröt,0.0,g
2123,Havregrynsgröt fullkorn fiberhavregryn,Palmitoljesyra C16:1,Gröt,0.0,g
2123,Havregrynsgröt fullkorn fiberhavregryn,Palmitinsyra C16:0,Gröt,0.2,g
2123,Havregrynsgröt fullkorn fiberhavregryn,Myristinsyra C14:0,Gröt,0.0,g
2123,Havregrynsgröt fullkorn fiberhavregryn,Laurinsyra C12:0,Gröt,0.0,g
2123,Havregrynsgröt fullkorn fiberhavregryn,Betakaroten/β-Karoten,Gröt,0.0,µg
2123,Havregrynsgröt fullkorn fiberhavregryn,Avfall (skal etc.),Gröt,0.0,%
2123,Havregrynsgröt fullkorn fiberhavregryn,Aska,Gröt,1.1,g
2123,Havregrynsgröt fullkorn fiberhavregryn,Alkohol,Gröt,0.0,g
2124,Havregrynsgröt kokt m. mjölk,"Zink, Zn",Gröt,0.6,mg
2124,Havregrynsgröt kokt m. mjölk,Vitamin E,Gröt,0.1,mg
2124,Havregrynsgröt kokt m. mjölk,Vitamin D,Gröt,0.79,µg
2124,Havregrynsgröt kokt m. mjölk,Vitamin C,Gröt,0.5,mg
2124,Havregrynsgröt kokt m. mjölk,Vitamin B6,Gröt,0.04,mg
2124,Havregrynsgröt kokt m. mjölk,Vitamin B12,Gröt,0.33,µg
2124,Havregrynsgröt kokt m. mjölk,Vitamin A,Gröt,12.2,RE/µg
2124,Havregrynsgröt kokt m. mjölk,Vatten,Gröt,79.0,g
2124,Havregrynsgröt kokt m. mjölk,Tiamin,Gröt,0.05,mg
2124,Havregrynsgröt kokt m. mjölk,Tillsatt socker,Gröt,0.0,g
2124,Havregrynsgröt kokt m. mjölk,Fritt socker,Gröt,0.0,g
2124,Havregrynsgröt kokt m. mjölk,"Selen, Se",Gröt,2.9,µg
2124,Havregrynsgröt kokt m. mjölk,Sackaros,Gröt,0.1,g
2124,Havregrynsgröt kokt m. mjölk,Riboflavin,Gröt,0.11,mg
2124,Havregrynsgröt kokt m. mjölk,Retinol,Gröt,11.6,µg
2124,Havregrynsgröt kokt m. mjölk,Protein,Gröt,4.1,g
2124,Havregrynsgröt kokt m. mjölk,Summa fleromättade fettsyror,Gröt,0.4,g
2124,Havregrynsgröt kokt m. mjölk,"Fosfor, P",Gröt,158.0,mg
2124,Havregrynsgröt kokt m. mjölk,Niacinekvivalenter,Gröt,1.08,NE/mg
2124,Havregrynsgröt kokt m. mjölk,Niacin,Gröt,0.19,mg
2124,Havregrynsgröt kokt m. mjölk,"Salt, NaCl",Gröt,0.6,g
2124,Havregrynsgröt kokt m. mjölk,"Natrium, Na",Gröt,239.0,mg
2124,Havregrynsgröt kokt m. mjölk,Monosackarider,Gröt,0.0,g
2124,Havregrynsgröt kokt m. mjölk,"Sockerarter, totalt",Gröt,3.8,g
2124,Havregrynsgröt kokt m. mjölk,Summa enkelomättade fettsyror,Gröt,0.6,g
2124,Havregrynsgröt kokt m. mjölk,"Magnesium, Mg",Gröt,23.0,mg
2124,Havregrynsgröt kokt m. mjölk,Summa mättade fettsyror,Gröt,1.0,g
2124,Havregrynsgröt kokt m. mjölk,"Kolhydrater, tillgängliga",Gröt,12.2,g
2124,Havregrynsgröt kokt m. mjölk,Kolesterol,Gröt,5.9,mg
2124,Havregrynsgröt kokt m. mjölk,"Kalium, K",Gröt,155.0,mg
2124,Havregrynsgröt kokt m. mjölk,"Jod, I",Gröt,45.1,µg
2124,Havregrynsgröt kokt m. mjölk,Fullkorn totalt,Gröt,13.0,g
2124,Havregrynsgröt kokt m. mjölk,"Folat, totalt",Gröt,8.0,µg
2124,Havregrynsgröt kokt m. mjölk,Fibrer,Gröt,1.0,g
2124,Havregrynsgröt kokt m. mjölk,"Fett, totalt",Gröt,2.3,g
2124,Havregrynsgröt kokt m. mjölk,"Järn, Fe",Gröt,0.5,mg
2124,Havregrynsgröt kokt m. mjölk,Energi (kJ),Gröt,372.0,kJ
2124,Havregrynsgröt kokt m. mjölk,Energi (kcal),Gröt,89.0,kcal
2124,Havregrynsgröt kokt m. mjölk,Disackarider,Gröt,3.8,g
2124,Havregrynsgröt kokt m. mjölk,"Kalcium, Ca",Gröt,104.0,mg
2124,Havregrynsgröt kokt m. mjölk,Fettsyra 4:0-10:0,Gröt,0.1,g
2124,Havregrynsgröt kokt m. mjölk,DHA (C22:6),Gröt,0.0,g
2124,Havregrynsgröt kokt m. mjölk,DPA (C22:5),Gröt,0.0,g
2124,Havregrynsgröt kokt m. mjölk,EPA (C20:5),Gröt,0.0,g
2124,Havregrynsgröt kokt m. mjölk,Arakidonsyra C20:4,Gröt,0.0,g
2124,Havregrynsgröt kokt m. mjölk,Arakidinsyra C20:0,Gröt,0.0,g
2124,Havregrynsgröt kokt m. mjölk,Linolensyra C18:3,Gröt,0.0,g
2124,Havregrynsgröt kokt m. mjölk,Linolsyra C18:2,Gröt,0.4,g
2124,Havregrynsgröt kokt m. mjölk,Oljesyra C18:1,Gröt,0.6,g
2124,Havregrynsgröt kokt m. mjölk,Stearinsyra C18:0,Gröt,0.1,g
2124,Havregrynsgröt kokt m. mjölk,Palmitoljesyra C16:1,Gröt,0.0,g
2124,Havregrynsgröt kokt m. mjölk,Palmitinsyra C16:0,Gröt,0.5,g
2124,Havregrynsgröt kokt m. mjölk,Myristinsyra C14:0,Gröt,0.1,g
2124,Havregrynsgröt kokt m. mjölk,Laurinsyra C12:0,Gröt,0.0,g
2124,Havregrynsgröt kokt m. mjölk,Betakaroten/β-Karoten,Gröt,8.0,µg
2124,Havregrynsgröt kokt m. mjölk,Avfall (skal etc.),Gröt,0.0,%
2124,Havregrynsgröt kokt m. mjölk,Aska,Gröt,1.4,g
2124,Havregrynsgröt kokt m. mjölk,Alkohol,Gröt,0.0,g
2125,Nudlar glasnudlar kokta m. salt,"Zink, Zn",Pasta,0.2,mg
2125,Nudlar glasnudlar kokta m. salt,Vitamin E,Pasta,0.0,mg
2125,Nudlar glasnudlar kokta m. salt,Vitamin D inkl 25-OH-D3,Pasta,0.0,µg
2125,Nudlar glasnudlar kokta m. salt,Vitamin D,Pasta,0.0,µg
2125,Nudlar glasnudlar kokta m. salt,Vitamin C,Pasta,0.0,mg
2125,Nudlar glasnudlar kokta m. salt,Vitamin B6,Pasta,0.01,mg
2125,Nudlar glasnudlar kokta m. salt,Vitamin B12,Pasta,0.0,µg
2125,Nudlar glasnudlar kokta m. salt,Vitamin A,Pasta,0.0,RE/µg
2125,Nudlar glasnudlar kokta m. salt,Vatten,Pasta,66.5,g
2125,Nudlar glasnudlar kokta m. salt,Tiamin,Pasta,0.04,mg
2125,Nudlar glasnudlar kokta m. salt,Tillsatt socker,Pasta,0.0,g
2125,Nudlar glasnudlar kokta m. salt,Fritt socker,Pasta,0.0,g
2125,Nudlar glasnudlar kokta m. salt,"Selen, Se",Pasta,3.0,µg
2125,Nudlar glasnudlar kokta m. salt,Sackaros,Pasta,0.0,g
2125,Nudlar glasnudlar kokta m. salt,Riboflavin,Pasta,0.0,mg
2125,Nudlar glasnudlar kokta m. salt,Retinol,Pasta,0.0,µg
2125,Nudlar glasnudlar kokta m. salt,Protein,Pasta,0.1,g
2125,Nudlar glasnudlar kokta m. salt,Summa fleromättade fettsyror,Pasta,0.0,g
2125,Nudlar glasnudlar kokta m. salt,"Fosfor, P",Pasta,12.0,mg
2125,Nudlar glasnudlar kokta m. salt,Niacinekvivalenter,Pasta,0.09,NE/mg
2125,Nudlar glasnudlar kokta m. salt,Niacin,Pasta,0.08,mg
2125,Nudlar glasnudlar kokta m. salt,"Salt, NaCl",Pasta,0.2,g
2125,Nudlar glasnudlar kokta m. salt,"Natrium, Na",Pasta,84.0,mg
2125,Nudlar glasnudlar kokta m. salt,Monosackarider,Pasta,0.0,g
2125,Nudlar glasnudlar kokta m. salt,"Sockerarter, totalt",Pasta,0.1,g
2125,Nudlar glasnudlar kokta m. salt,Summa enkelomättade fettsyror,Pasta,0.0,g
2125,Nudlar glasnudlar kokta m. salt,"Magnesium, Mg",Pasta,1.0,mg
2125,Nudlar glasnudlar kokta m. salt,Summa mättade fettsyror,Pasta,0.0,g
2125,Nudlar glasnudlar kokta m. salt,"Kolhydrater, tillgängliga",Pasta,32.9,g
2125,Nudlar glasnudlar kokta m. salt,Kolesterol,Pasta,0.0,mg
2125,Nudlar glasnudlar kokta m. salt,"Kalium, K",Pasta,3.0,mg
2125,Nudlar glasnudlar kokta m. salt,"Jod, I",Pasta,11.0,µg
2125,Nudlar glasnudlar kokta m. salt,Fullkorn totalt,Pasta,0.0,g
2125,Nudlar glasnudlar kokta m. salt,"Folat, totalt",Pasta,0.5,µg
2125,Nudlar glasnudlar kokta m. salt,Fibrer,Pasta,0.2,g
2125,Nudlar glasnudlar kokta m. salt,"Fett, totalt",Pasta,0.0,g
2125,Nudlar glasnudlar kokta m. salt,"Järn, Fe",Pasta,0.8,mg
2125,Nudlar glasnudlar kokta m. salt,Energi (kJ),Pasta,563.0,kJ
2125,Nudlar glasnudlar kokta m. salt,Energi (kcal),Pasta,134.0,kcal
2125,Nudlar glasnudlar kokta m. salt,Disackarider,Pasta,0.1,g
2125,Nudlar glasnudlar kokta m. salt,"Kalcium, Ca",Pasta,10.0,mg
2125,Nudlar glasnudlar kokta m. salt,Fettsyra 4:0-10:0,Pasta,0.0,g
2125,Nudlar glasnudlar kokta m. salt,DHA (C22:6),Pasta,0.0,g
2125,Nudlar glasnudlar kokta m. salt,DPA (C22:5),Pasta,0.0,g
2125,Nudlar glasnudlar kokta m. salt,EPA (C20:5),Pasta,0.0,g
2125,Nudlar glasnudlar kokta m. salt,Arakidonsyra C20:4,Pasta,0.0,g
2125,Nudlar glasnudlar kokta m. salt,Arakidinsyra C20:0,Pasta,0.0,g
2125,Nudlar glasnudlar kokta m. salt,Linolensyra C18:3,Pasta,0.0,g
2125,Nudlar glasnudlar kokta m. salt,Linolsyra C18:2,Pasta,0.0,g
2125,Nudlar glasnudlar kokta m. salt,Oljesyra C18:1,Pasta,0.0,g
2125,Nudlar glasnudlar kokta m. salt,Stearinsyra C18:0,Pasta,0.0,g
2125,Nudlar glasnudlar kokta m. salt,Palmitoljesyra C16:1,Pasta,0.0,g
2125,Nudlar glasnudlar kokta m. salt,Palmitinsyra C16:0,Pasta,0.0,g
2125,Nudlar glasnudlar kokta m. salt,Myristinsyra C14:0,Pasta,0.0,g
2125,Nudlar glasnudlar kokta m. salt,Laurinsyra C12:0,Pasta,0.0,g
2125,Nudlar glasnudlar kokta m. salt,Betakaroten/β-Karoten,Pasta,0.0,µg
2125,Nudlar glasnudlar kokta m. salt,Avfall (skal etc.),Pasta,0.0,%
2125,Nudlar glasnudlar kokta m. salt,Aska,Pasta,0.3,g
2125,Nudlar glasnudlar kokta m. salt,Alkohol,Pasta,0.0,g
2128,Gröt,"Zink, Zn",Gröt,0.5,mg
2128,Gröt,Vitamin E,Gröt,0.1,mg
2128,Gröt,Vitamin D,Gröt,0.13,µg
2128,Gröt,Vitamin C,Gröt,0.1,mg
2128,Gröt,Vitamin B6,Gröt,0.02,mg
2128,Gröt,Vitamin B12,Gröt,0.05,µg
2128,Gröt,Vitamin A,Gröt,2.5,RE/µg
2128,Gröt,Vatten,Gröt,82.8,g
2128,Gröt,Tiamin,Gröt,0.04,mg
2128,Gröt,Tillsatt socker,Gröt,0.0,g
2128,Gröt,Fritt socker,Gröt,0.0,g
2128,Gröt,"Selen, Se",Gröt,1.4,µg
2128,Gröt,Sackaros,Gröt,0.2,g
2128,Gröt,Riboflavin,Gröt,0.02,mg
2128,Gröt,Retinol,Gröt,2.4,µg
2128,Gröt,Protein,Gröt,2.0,g
2128,Gröt,Summa fleromättade fettsyror,Gröt,0.5,g
2128,Gröt,"Fosfor, P",Gröt,78.0,mg
2128,Gröt,Niacinekvivalenter,Gröt,0.66,NE/mg
2128,Gröt,Niacin,Gröt,0.29,mg
2128,Gröt,"Salt, NaCl",Gröt,0.7,g
2128,Gröt,"Natrium, Na",Gröt,283.0,mg
2128,Gröt,Monosackarider,Gröt,0.0,g
2128,Gröt,"Sockerarter, totalt",Gröt,0.7,g
2128,Gröt,Summa enkelomättade fettsyror,Gröt,0.5,g
2128,Gröt,"Magnesium, Mg",Gröt,20.0,mg
2128,Gröt,Summa mättade fettsyror,Gröt,0.3,g
2128,Gröt,"Kolhydrater, tillgängliga",Gröt,11.4,g
2128,Gröt,Kolesterol,Gröt,0.9,mg
2128,Gröt,"Kalium, K",Gröt,57.0,mg
2128,Gröt,"Jod, I",Gröt,38.7,µg
2128,Gröt,Fullkorn totalt,Gröt,14.0,g
2128,Gröt,"Folat, totalt",Gröt,4.0,µg
2128,Gröt,Fibrer,Gröt,1.3,g
2128,Gröt,"Fett, totalt",Gröt,1.4,g
2128,Gröt,"Järn, Fe",Gröt,0.6,mg
2128,Gröt,Energi (kJ),Gröt,290.0,kJ
2128,Gröt,Energi (kcal),Gröt,69.0,kcal
2128,Gröt,Disackarider,Gröt,0.7,g
2128,Gröt,"Kalcium, Ca",Gröt,23.0,mg
2128,Gröt,Fettsyra 4:0-10:0,Gröt,0.0,g
2128,Gröt,DHA (C22:6),Gröt,0.0,g
2128,Gröt,DPA (C22:5),Gröt,0.0,g
2128,Gröt,EPA (C20:5),Gröt,0.0,g
2128,Gröt,Arakidonsyra C20:4,Gröt,0.0,g
2128,Gröt,Arakidinsyra C20:0,Gröt,0.0,g
2128,Gröt,Linolensyra C18:3,Gröt,0.0,g
2128,Gröt,Linolsyra C18:2,Gröt,0.4,g
2128,Gröt,Oljesyra C18:1,Gröt,0.4,g
2128,Gröt,Stearinsyra C18:0,Gröt,0.0,g
2128,Gröt,Palmitoljesyra C16:1,Gröt,0.0,g
2128,Gröt,Palmitinsyra C16:0,Gröt,0.2,g
2128,Gröt,Myristinsyra C14:0,Gröt,0.0,g
2128,Gröt,Laurinsyra C12:0,Gröt,0.0,g
2128,Gröt,Betakaroten/β-Karoten,Gröt,2.0,µg
2128,Gröt,Avfall (skal etc.),Gröt,0.0,%
2128,Gröt,Aska,Gröt,1.1,g
2128,Gröt,Alkohol,Gröt,0.0,g
2129,Morotskaka,"Zink, Zn",Bullar kakor tårtor mm,0.3,mg
2129,Morotskaka,Vitamin E,Bullar kakor tårtor mm,4.6,mg
2129,Morotskaka,Vitamin D,Bullar kakor tårtor mm,0.1,µg
2129,Morotskaka,Vitamin C,Bullar kakor tårtor mm,1.7,mg
2129,Morotskaka,Vitamin B6,Bullar kakor tårtor mm,0.05,mg
2129,Morotskaka,Vitamin B12,Bullar kakor tårtor mm,0.17,µg
2129,Morotskaka,Vitamin A,Bullar kakor tårtor mm,216.5,RE/µg
2129,Morotskaka,Vatten,Bullar kakor tårtor mm,29.2,g
2129,Morotskaka,Tiamin,Bullar kakor tårtor mm,0.04,mg
2129,Morotskaka,Tillsatt socker,Bullar kakor tårtor mm,30.0,g
2129,Morotskaka,Fritt socker,Bullar kakor tårtor mm,30.0,g
2129,Morotskaka,"Selen, Se",Bullar kakor tårtor mm,4.5,µg
2129,Morotskaka,Sackaros,Bullar kakor tårtor mm,31.0,g
2129,Morotskaka,Riboflavin,Bullar kakor tårtor mm,0.07,mg
2129,Morotskaka,Retinol,Bullar kakor tårtor mm,77.1,µg
2129,Morotskaka,Protein,Bullar kakor tårtor mm,4.0,g
2129,Morotskaka,Summa fleromättade fettsyror,Bullar kakor tårtor mm,4.3,g
2129,Morotskaka,"Fosfor, P",Bullar kakor tårtor mm,94.0,mg
2129,Morotskaka,Niacinekvivalenter,Bullar kakor tårtor mm,1.14,NE/mg
2129,Morotskaka,Niacin,Bullar kakor tårtor mm,0.28,mg
2129,Morotskaka,"Salt, NaCl",Bullar kakor tårtor mm,0.5,g
2129,Morotskaka,"Natrium, Na",Bullar kakor tårtor mm,205.0,mg
2129,Morotskaka,Monosackarider,Bullar kakor tårtor mm,0.6,g
2129,Morotskaka,"Sockerarter, totalt",Bullar kakor tårtor mm,32.2,g
2129,Morotskaka,Summa enkelomättade fettsyror,Bullar kakor tårtor mm,10.7,g
2129,Morotskaka,"Magnesium, Mg",Bullar kakor tårtor mm,8.0,mg
2129,Morotskaka,Summa mättade fettsyror,Bullar kakor tårtor mm,5.3,g
2129,Morotskaka,"Kolhydrater, tillgängliga",Bullar kakor tårtor mm,43.2,g
2129,Morotskaka,Kolesterol,Bullar kakor tårtor mm,51.9,mg
2129,Morotskaka,"Kalium, K",Bullar kakor tårtor mm,95.0,mg
2129,Morotskaka,"Jod, I",Bullar kakor tårtor mm,17.6,µg
2129,Morotskaka,Fullkorn totalt,Bullar kakor tårtor mm,0.0,g
2129,Morotskaka,"Folat, totalt",Bullar kakor tårtor mm,12.5,µg
2129,Morotskaka,Fibrer,Bullar kakor tårtor mm,1.0,g
2129,Morotskaka,"Fett, totalt",Bullar kakor tårtor mm,21.7,g
2129,Morotskaka,"Järn, Fe",Bullar kakor tårtor mm,0.4,mg
2129,Morotskaka,Energi (kJ),Bullar kakor tårtor mm,1615.0,kJ
2129,Morotskaka,Energi (kcal),Bullar kakor tårtor mm,386.0,kcal
2129,Morotskaka,Disackarider,Bullar kakor tårtor mm,31.6,g
2129,Morotskaka,"Kalcium, Ca",Bullar kakor tårtor mm,67.0,mg
2129,Morotskaka,Fettsyra 4:0-10:0,Bullar kakor tårtor mm,0.5,g
2129,Morotskaka,DHA (C22:6),Bullar kakor tårtor mm,0.0,g
2129,Morotskaka,DPA (C22:5),Bullar kakor tårtor mm,0.0,g
2129,Morotskaka,EPA (C20:5),Bullar kakor tårtor mm,0.0,g
2129,Morotskaka,Arakidonsyra C20:4,Bullar kakor tårtor mm,0.0,g
2129,Morotskaka,Arakidinsyra C20:0,Bullar kakor tårtor mm,0.1,g
2129,Morotskaka,Linolensyra C18:3,Bullar kakor tårtor mm,1.3,g
2129,Morotskaka,Linolsyra C18:2,Bullar kakor tårtor mm,3.0,g
2129,Morotskaka,Oljesyra C18:1,Bullar kakor tårtor mm,10.2,g
2129,Morotskaka,Stearinsyra C18:0,Bullar kakor tårtor mm,1.0,g
2129,Morotskaka,Palmitoljesyra C16:1,Bullar kakor tårtor mm,0.2,g
2129,Morotskaka,Palmitinsyra C16:0,Bullar kakor tårtor mm,2.7,g
2129,Morotskaka,Myristinsyra C14:0,Bullar kakor tårtor mm,0.7,g
2129,Morotskaka,Laurinsyra C12:0,Bullar kakor tårtor mm,0.2,g
2129,Morotskaka,Betakaroten/β-Karoten,Bullar kakor tårtor mm,1412.0,µg
2129,Morotskaka,Avfall (skal etc.),Bullar kakor tårtor mm,2.0,%
2129,Morotskaka,Aska,Bullar kakor tårtor mm,0.8,g
2129,Morotskaka,Alkohol,Bullar kakor tårtor mm,0.0,g
2133,Pannkaka tunn m. sojadryck havredryck,"Zink, Zn","Pannkakor, våfflor, crêpes",0.4,mg
2133,Pannkaka tunn m. sojadryck havredryck,Vitamin E,"Pannkakor, våfflor, crêpes",2.2,mg
2133,Pannkaka tunn m. sojadryck havredryck,Vitamin D,"Pannkakor, våfflor, crêpes",1.02,µg
2133,Pannkaka tunn m. sojadryck havredryck,Vitamin C,"Pannkakor, våfflor, crêpes",0.4,mg
2133,Pannkaka tunn m. sojadryck havredryck,Vitamin B6,"Pannkakor, våfflor, crêpes",0.03,mg
2133,Pannkaka tunn m. sojadryck havredryck,Vitamin B12,"Pannkakor, våfflor, crêpes",0.45,µg
2133,Pannkaka tunn m. sojadryck havredryck,Vitamin A,"Pannkakor, våfflor, crêpes",49.1,RE/µg
2133,Pannkaka tunn m. sojadryck havredryck,Vatten,"Pannkakor, våfflor, crêpes",69.1,g
2133,Pannkaka tunn m. sojadryck havredryck,Tiamin,"Pannkakor, våfflor, crêpes",0.06,mg
2133,Pannkaka tunn m. sojadryck havredryck,Tillsatt socker,"Pannkakor, våfflor, crêpes",1.0,g
2133,Pannkaka tunn m. sojadryck havredryck,Fritt socker,"Pannkakor, våfflor, crêpes",1.0,g
2133,Pannkaka tunn m. sojadryck havredryck,"Selen, Se","Pannkakor, våfflor, crêpes",5.7,µg
2133,Pannkaka tunn m. sojadryck havredryck,Sackaros,"Pannkakor, våfflor, crêpes",0.9,g
2133,Pannkaka tunn m. sojadryck havredryck,Riboflavin,"Pannkakor, våfflor, crêpes",0.22,mg
2133,Pannkaka tunn m. sojadryck havredryck,Retinol,"Pannkakor, våfflor, crêpes",43.2,µg
2133,Pannkaka tunn m. sojadryck havredryck,Protein,"Pannkakor, våfflor, crêpes",4.8,g
2133,Pannkaka tunn m. sojadryck havredryck,Summa fleromättade fettsyror,"Pannkakor, våfflor, crêpes",1.8,g
2133,Pannkaka tunn m. sojadryck havredryck,"Fosfor, P","Pannkakor, våfflor, crêpes",102.0,mg
2133,Pannkaka tunn m. sojadryck havredryck,Niacinekvivalenter,"Pannkakor, våfflor, crêpes",1.21,NE/mg
2133,Pannkaka tunn m. sojadryck havredryck,Niacin,"Pannkakor, våfflor, crêpes",0.23,mg
2133,Pannkaka tunn m. sojadryck havredryck,"Salt, NaCl","Pannkakor, våfflor, crêpes",0.5,g
2133,Pannkaka tunn m. sojadryck havredryck,"Natrium, Na","Pannkakor, våfflor, crêpes",207.0,mg
2133,Pannkaka tunn m. sojadryck havredryck,Monosackarider,"Pannkakor, våfflor, crêpes",0.1,g
2133,Pannkaka tunn m. sojadryck havredryck,"Sockerarter, totalt","Pannkakor, våfflor, crêpes",2.3,g
2133,Pannkaka tunn m. sojadryck havredryck,Summa enkelomättade fettsyror,"Pannkakor, våfflor, crêpes",3.1,g
2133,Pannkaka tunn m. sojadryck havredryck,"Magnesium, Mg","Pannkakor, våfflor, crêpes",11.0,mg
2133,Pannkaka tunn m. sojadryck havredryck,Summa mättade fettsyror,"Pannkakor, våfflor, crêpes",1.0,g
2133,Pannkaka tunn m. sojadryck havredryck,"Kolhydrater, tillgängliga","Pannkakor, våfflor, crêpes",17.6,g
2133,Pannkaka tunn m. sojadryck havredryck,Kolesterol,"Pannkakor, våfflor, crêpes",55.3,mg
2133,Pannkaka tunn m. sojadryck havredryck,"Kalium, K","Pannkakor, våfflor, crêpes",131.0,mg
2133,Pannkaka tunn m. sojadryck havredryck,"Jod, I","Pannkakor, våfflor, crêpes",32.7,µg
2133,Pannkaka tunn m. sojadryck havredryck,Fullkorn totalt,"Pannkakor, våfflor, crêpes",0.0,g
2133,Pannkaka tunn m. sojadryck havredryck,"Folat, totalt","Pannkakor, våfflor, crêpes",16.4,µg
2133,Pannkaka tunn m. sojadryck havredryck,Fibrer,"Pannkakor, våfflor, crêpes",1.0,g
2133,Pannkaka tunn m. sojadryck havredryck,"Fett, totalt","Pannkakor, våfflor, crêpes",6.5,g
2133,Pannkaka tunn m. sojadryck havredryck,"Järn, Fe","Pannkakor, våfflor, crêpes",0.5,mg
2133,Pannkaka tunn m. sojadryck havredryck,Energi (kJ),"Pannkakor, våfflor, crêpes",628.0,kJ
2133,Pannkaka tunn m. sojadryck havredryck,Energi (kcal),"Pannkakor, våfflor, crêpes",150.0,kcal
2133,Pannkaka tunn m. sojadryck havredryck,Disackarider,"Pannkakor, våfflor, crêpes",2.2,g
2133,Pannkaka tunn m. sojadryck havredryck,"Kalcium, Ca","Pannkakor, våfflor, crêpes",85.0,mg
2133,Pannkaka tunn m. sojadryck havredryck,Fettsyra 4:0-10:0,"Pannkakor, våfflor, crêpes",0.0,g
2133,Pannkaka tunn m. sojadryck havredryck,DHA (C22:6),"Pannkakor, våfflor, crêpes",0.0,g
2133,Pannkaka tunn m. sojadryck havredryck,DPA (C22:5),"Pannkakor, våfflor, crêpes",0.0,g
2133,Pannkaka tunn m. sojadryck havredryck,EPA (C20:5),"Pannkakor, våfflor, crêpes",0.0,g
2133,Pannkaka tunn m. sojadryck havredryck,Arakidonsyra C20:4,"Pannkakor, våfflor, crêpes",0.0,g
2133,Pannkaka tunn m. sojadryck havredryck,Arakidinsyra C20:0,"Pannkakor, våfflor, crêpes",0.0,g
2133,Pannkaka tunn m. sojadryck havredryck,Linolensyra C18:3,"Pannkakor, våfflor, crêpes",0.3,g
2133,Pannkaka tunn m. sojadryck havredryck,Linolsyra C18:2,"Pannkakor, våfflor, crêpes",1.4,g
2133,Pannkaka tunn m. sojadryck havredryck,Oljesyra C18:1,"Pannkakor, våfflor, crêpes",2.9,g
2133,Pannkaka tunn m. sojadryck havredryck,Stearinsyra C18:0,"Pannkakor, våfflor, crêpes",0.2,g
2133,Pannkaka tunn m. sojadryck havredryck,Palmitoljesyra C16:1,"Pannkakor, våfflor, crêpes",0.1,g
2133,Pannkaka tunn m. sojadryck havredryck,Palmitinsyra C16:0,"Pannkakor, våfflor, crêpes",0.6,g
2133,Pannkaka tunn m. sojadryck havredryck,Myristinsyra C14:0,"Pannkakor, våfflor, crêpes",0.0,g
2133,Pannkaka tunn m. sojadryck havredryck,Laurinsyra C12:0,"Pannkakor, våfflor, crêpes",0.0,g
2133,Pannkaka tunn m. sojadryck havredryck,Betakaroten/β-Karoten,"Pannkakor, våfflor, crêpes",6.0,µg
2133,Pannkaka tunn m. sojadryck havredryck,Avfall (skal etc.),"Pannkakor, våfflor, crêpes",2.0,%
2133,Pannkaka tunn m. sojadryck havredryck,Aska,"Pannkakor, våfflor, crêpes",1.0,g
2133,Pannkaka tunn m. sojadryck havredryck,Alkohol,"Pannkakor, våfflor, crêpes",0.0,g
2134,Paj m. broccoli skinka,"Zink, Zn",Pizza paj pirog färdig smörgås,1.0,mg
2134,Paj m. broccoli skinka,Vitamin E,Pizza paj pirog färdig smörgås,2.2,mg
2134,Paj m. broccoli skinka,Vitamin D,Pizza paj pirog färdig smörgås,0.95,µg
2134,Paj m. broccoli skinka,Vitamin C,Pizza paj pirog färdig smörgås,6.2,mg
2134,Paj m. broccoli skinka,Vitamin B6,Pizza paj pirog färdig smörgås,0.12,mg
2134,Paj m. broccoli skinka,Vitamin B12,Pizza paj pirog färdig smörgås,0.4,µg
2134,Paj m. broccoli skinka,Vitamin A,Pizza paj pirog färdig smörgås,152.7,RE/µg
2134,Paj m. broccoli skinka,Vatten,Pizza paj pirog färdig smörgås,62.8,g
2134,Paj m. broccoli skinka,Tiamin,Pizza paj pirog färdig smörgås,0.1,mg
2134,Paj m. broccoli skinka,Tillsatt socker,Pizza paj pirog färdig smörgås,0.0,g
2134,Paj m. broccoli skinka,Fritt socker,Pizza paj pirog färdig smörgås,0.0,g
2134,Paj m. broccoli skinka,"Selen, Se",Pizza paj pirog färdig smörgås,5.7,µg
2134,Paj m. broccoli skinka,Sackaros,Pizza paj pirog färdig smörgås,0.2,g
2134,Paj m. broccoli skinka,Riboflavin,Pizza paj pirog färdig smörgås,0.13,mg
2134,Paj m. broccoli skinka,Retinol,Pizza paj pirog färdig smörgås,128.4,µg
2134,Paj m. broccoli skinka,Protein,Pizza paj pirog färdig smörgås,7.8,g
2134,Paj m. broccoli skinka,Summa fleromättade fettsyror,Pizza paj pirog färdig smörgås,1.7,g
2134,Paj m. broccoli skinka,"Fosfor, P",Pizza paj pirog färdig smörgås,125.0,mg
2134,Paj m. broccoli skinka,Niacinekvivalenter,Pizza paj pirog färdig smörgås,2.32,NE/mg
2134,Paj m. broccoli skinka,Niacin,Pizza paj pirog färdig smörgås,0.74,mg
2134,Paj m. broccoli skinka,"Salt, NaCl",Pizza paj pirog färdig smörgås,1.3,g
2134,Paj m. broccoli skinka,"Natrium, Na",Pizza paj pirog färdig smörgås,512.0,mg
2134,Paj m. broccoli skinka,Monosackarider,Pizza paj pirog färdig smörgås,0.7,g
2134,Paj m. broccoli skinka,"Sockerarter, totalt",Pizza paj pirog färdig smörgås,2.0,g
2134,Paj m. broccoli skinka,Summa enkelomättade fettsyror,Pizza paj pirog färdig smörgås,4.6,g
2134,Paj m. broccoli skinka,"Magnesium, Mg",Pizza paj pirog färdig smörgås,17.0,mg
2134,Paj m. broccoli skinka,Summa mättade fettsyror,Pizza paj pirog färdig smörgås,6.5,g
2134,Paj m. broccoli skinka,"Kolhydrater, tillgängliga",Pizza paj pirog färdig smörgås,12.4,g
2134,Paj m. broccoli skinka,Kolesterol,Pizza paj pirog färdig smörgås,64.4,mg
2134,Paj m. broccoli skinka,"Kalium, K",Pizza paj pirog färdig smörgås,182.0,mg
2134,Paj m. broccoli skinka,"Jod, I",Pizza paj pirog färdig smörgås,30.6,µg
2134,Paj m. broccoli skinka,Fullkorn totalt,Pizza paj pirog färdig smörgås,0.0,g
2134,Paj m. broccoli skinka,"Folat, totalt",Pizza paj pirog färdig smörgås,26.7,µg
2134,Paj m. broccoli skinka,Fibrer,Pizza paj pirog färdig smörgås,1.3,g
2134,Paj m. broccoli skinka,"Fett, totalt",Pizza paj pirog färdig smörgås,13.7,g
2134,Paj m. broccoli skinka,"Järn, Fe",Pizza paj pirog färdig smörgås,0.6,mg
2134,Paj m. broccoli skinka,Energi (kJ),Pizza paj pirog färdig smörgås,861.0,kJ
2134,Paj m. broccoli skinka,Energi (kcal),Pizza paj pirog färdig smörgås,206.0,kcal
2134,Paj m. broccoli skinka,Disackarider,Pizza paj pirog färdig smörgås,1.3,g
2134,Paj m. broccoli skinka,"Kalcium, Ca",Pizza paj pirog färdig smörgås,69.0,mg
2134,Paj m. broccoli skinka,Fettsyra 4:0-10:0,Pizza paj pirog färdig smörgås,0.5,g
2134,Paj m. broccoli skinka,DHA (C22:6),Pizza paj pirog färdig smörgås,0.0,g
2134,Paj m. broccoli skinka,DPA (C22:5),Pizza paj pirog färdig smörgås,0.0,g
2134,Paj m. broccoli skinka,EPA (C20:5),Pizza paj pirog färdig smörgås,0.0,g
2134,Paj m. broccoli skinka,Arakidonsyra C20:4,Pizza paj pirog färdig smörgås,0.0,g
2134,Paj m. broccoli skinka,Arakidinsyra C20:0,Pizza paj pirog färdig smörgås,0.0,g
2134,Paj m. broccoli skinka,Linolensyra C18:3,Pizza paj pirog färdig smörgås,0.4,g
2134,Paj m. broccoli skinka,Linolsyra C18:2,Pizza paj pirog färdig smörgås,1.2,g
2134,Paj m. broccoli skinka,Oljesyra C18:1,Pizza paj pirog färdig smörgås,4.5,g
2134,Paj m. broccoli skinka,Stearinsyra C18:0,Pizza paj pirog färdig smörgås,0.9,g
2134,Paj m. broccoli skinka,Palmitoljesyra C16:1,Pizza paj pirog färdig smörgås,0.1,g
2134,Paj m. broccoli skinka,Palmitinsyra C16:0,Pizza paj pirog färdig smörgås,3.8,g
2134,Paj m. broccoli skinka,Myristinsyra C14:0,Pizza paj pirog färdig smörgås,0.7,g
2134,Paj m. broccoli skinka,Laurinsyra C12:0,Pizza paj pirog färdig smörgås,0.3,g
2134,Paj m. broccoli skinka,Betakaroten/β-Karoten,Pizza paj pirog färdig smörgås,287.0,µg
2134,Paj m. broccoli skinka,Avfall (skal etc.),Pizza paj pirog färdig smörgås,2.0,%
2134,Paj m. broccoli skinka,Aska,Pizza paj pirog färdig smörgås,2.0,g
2134,Paj m. broccoli skinka,Alkohol,Pizza paj pirog färdig smörgås,0.0,g
2138,Pizza m. kebabkött hemlagad,"Zink, Zn",Pizza paj pirog färdig smörgås,0.9,mg
2138,Pizza m. kebabkött hemlagad,Vitamin E,Pizza paj pirog färdig smörgås,1.2,mg
2138,Pizza m. kebabkött hemlagad,Vitamin D,Pizza paj pirog färdig smörgås,0.03,µg
2138,Pizza m. kebabkött hemlagad,Vitamin C,Pizza paj pirog färdig smörgås,4.3,mg
2138,Pizza m. kebabkött hemlagad,Vitamin B6,Pizza paj pirog färdig smörgås,0.1,mg
2138,Pizza m. kebabkött hemlagad,Vitamin B12,Pizza paj pirog färdig smörgås,0.22,µg
2138,Pizza m. kebabkött hemlagad,Vitamin A,Pizza paj pirog färdig smörgås,41.9,RE/µg
2138,Pizza m. kebabkött hemlagad,Vatten,Pizza paj pirog färdig smörgås,64.5,g
2138,Pizza m. kebabkött hemlagad,Tiamin,Pizza paj pirog färdig smörgås,0.06,mg
2138,Pizza m. kebabkött hemlagad,Tillsatt socker,Pizza paj pirog färdig smörgås,0.0,g
2138,Pizza m. kebabkött hemlagad,Fritt socker,Pizza paj pirog färdig smörgås,1.0,g
2138,Pizza m. kebabkött hemlagad,"Selen, Se",Pizza paj pirog färdig smörgås,3.0,µg
2138,Pizza m. kebabkött hemlagad,Sackaros,Pizza paj pirog färdig smörgås,0.5,g
2138,Pizza m. kebabkött hemlagad,Riboflavin,Pizza paj pirog färdig smörgås,0.08,mg
2138,Pizza m. kebabkött hemlagad,Retinol,Pizza paj pirog färdig smörgås,22.6,µg
2138,Pizza m. kebabkött hemlagad,Protein,Pizza paj pirog färdig smörgås,6.2,g
2138,Pizza m. kebabkött hemlagad,Summa fleromättade fettsyror,Pizza paj pirog färdig smörgås,0.8,g
2138,Pizza m. kebabkött hemlagad,"Fosfor, P",Pizza paj pirog färdig smörgås,110.0,mg
2138,Pizza m. kebabkött hemlagad,Niacinekvivalenter,Pizza paj pirog färdig smörgås,2.28,NE/mg
2138,Pizza m. kebabkött hemlagad,Niacin,Pizza paj pirog färdig smörgås,1.1,mg
2138,Pizza m. kebabkött hemlagad,"Salt, NaCl",Pizza paj pirog färdig smörgås,1.0,g
2138,Pizza m. kebabkött hemlagad,"Natrium, Na",Pizza paj pirog färdig smörgås,424.0,mg
2138,Pizza m. kebabkött hemlagad,Monosackarider,Pizza paj pirog färdig smörgås,2.2,g
2138,Pizza m. kebabkött hemlagad,"Sockerarter, totalt",Pizza paj pirog färdig smörgås,3.6,g
2138,Pizza m. kebabkött hemlagad,Summa enkelomättade fettsyror,Pizza paj pirog färdig smörgås,3.2,g
2138,Pizza m. kebabkött hemlagad,"Magnesium, Mg",Pizza paj pirog färdig smörgås,16.0,mg
2138,Pizza m. kebabkött hemlagad,Summa mättade fettsyror,Pizza paj pirog färdig smörgås,2.8,g
2138,Pizza m. kebabkött hemlagad,"Kolhydrater, tillgängliga",Pizza paj pirog färdig smörgås,18.4,g
2138,Pizza m. kebabkött hemlagad,Kolesterol,Pizza paj pirog färdig smörgås,15.3,mg
2138,Pizza m. kebabkött hemlagad,"Kalium, K",Pizza paj pirog färdig smörgås,225.0,mg
2138,Pizza m. kebabkött hemlagad,"Jod, I",Pizza paj pirog färdig smörgås,30.7,µg
2138,Pizza m. kebabkött hemlagad,Fullkorn totalt,Pizza paj pirog färdig smörgås,0.0,g
2138,Pizza m. kebabkött hemlagad,"Folat, totalt",Pizza paj pirog färdig smörgås,16.7,µg
2138,Pizza m. kebabkött hemlagad,Fibrer,Pizza paj pirog färdig smörgås,1.7,g
2138,Pizza m. kebabkött hemlagad,"Fett, totalt",Pizza paj pirog färdig smörgås,7.3,g
2138,Pizza m. kebabkött hemlagad,"Järn, Fe",Pizza paj pirog färdig smörgås,0.7,mg
2138,Pizza m. kebabkött hemlagad,Energi (kJ),Pizza paj pirog färdig smörgås,702.0,kJ
2138,Pizza m. kebabkött hemlagad,Energi (kcal),Pizza paj pirog färdig smörgås,168.0,kcal
2138,Pizza m. kebabkött hemlagad,Disackarider,Pizza paj pirog färdig smörgås,1.3,g
2138,Pizza m. kebabkött hemlagad,"Kalcium, Ca",Pizza paj pirog färdig smörgås,67.0,mg
2138,Pizza m. kebabkött hemlagad,Fettsyra 4:0-10:0,Pizza paj pirog färdig smörgås,0.2,g
2138,Pizza m. kebabkött hemlagad,DHA (C22:6),Pizza paj pirog färdig smörgås,0.0,g
2138,Pizza m. kebabkött hemlagad,DPA (C22:5),Pizza paj pirog färdig smörgås,0.0,g
2138,Pizza m. kebabkött hemlagad,EPA (C20:5),Pizza paj pirog färdig smörgås,0.0,g
2138,Pizza m. kebabkött hemlagad,Arakidonsyra C20:4,Pizza paj pirog färdig smörgås,0.0,g
2138,Pizza m. kebabkött hemlagad,Arakidinsyra C20:0,Pizza paj pirog färdig smörgås,0.0,g
2138,Pizza m. kebabkött hemlagad,Linolensyra C18:3,Pizza paj pirog färdig smörgås,0.1,g
2138,Pizza m. kebabkött hemlagad,Linolsyra C18:2,Pizza paj pirog färdig smörgås,0.6,g
2138,Pizza m. kebabkött hemlagad,Oljesyra C18:1,Pizza paj pirog färdig smörgås,2.9,g
2138,Pizza m. kebabkött hemlagad,Stearinsyra C18:0,Pizza paj pirog färdig smörgås,0.6,g
2138,Pizza m. kebabkött hemlagad,Palmitoljesyra C16:1,Pizza paj pirog färdig smörgås,0.1,g
2138,Pizza m. kebabkött hemlagad,Palmitinsyra C16:0,Pizza paj pirog färdig smörgås,1.4,g
2138,Pizza m. kebabkött hemlagad,Myristinsyra C14:0,Pizza paj pirog färdig smörgås,0.3,g
2138,Pizza m. kebabkött hemlagad,Laurinsyra C12:0,Pizza paj pirog färdig smörgås,0.1,g
2138,Pizza m. kebabkött hemlagad,Betakaroten/β-Karoten,Pizza paj pirog färdig smörgås,229.0,µg
2138,Pizza m. kebabkött hemlagad,Avfall (skal etc.),Pizza paj pirog färdig smörgås,1.0,%
2138,Pizza m. kebabkött hemlagad,Aska,Pizza paj pirog färdig smörgås,1.9,g
2138,Pizza m. kebabkött hemlagad,Alkohol,Pizza paj pirog färdig smörgås,0.0,g
2139,Pizza Hawaii m. skinka ananas restaurang,"Zink, Zn",Pizza paj pirog färdig smörgås,1.8,mg
2139,Pizza Hawaii m. skinka ananas restaurang,Vitamin E,Pizza paj pirog färdig smörgås,1.3,mg
2139,Pizza Hawaii m. skinka ananas restaurang,Vitamin D,Pizza paj pirog färdig smörgås,0.05,µg
2139,Pizza Hawaii m. skinka ananas restaurang,Vitamin C,Pizza paj pirog färdig smörgås,3.8,mg
2139,Pizza Hawaii m. skinka ananas restaurang,Vitamin B6,Pizza paj pirog färdig smörgås,0.2,mg
2139,Pizza Hawaii m. skinka ananas restaurang,Vitamin B12,Pizza paj pirog färdig smörgås,0.72,µg
2139,Pizza Hawaii m. skinka ananas restaurang,Vitamin A,Pizza paj pirog färdig smörgås,108.0,RE/µg
2139,Pizza Hawaii m. skinka ananas restaurang,Vatten,Pizza paj pirog färdig smörgås,40.9,g
2139,Pizza Hawaii m. skinka ananas restaurang,Tiamin,Pizza paj pirog färdig smörgås,0.12,mg
2139,Pizza Hawaii m. skinka ananas restaurang,Tillsatt socker,Pizza paj pirog färdig smörgås,0.0,g
2139,Pizza Hawaii m. skinka ananas restaurang,Fritt socker,Pizza paj pirog färdig smörgås,0.0,g
2139,Pizza Hawaii m. skinka ananas restaurang,"Selen, Se",Pizza paj pirog färdig smörgås,4.8,µg
2139,Pizza Hawaii m. skinka ananas restaurang,Sackaros,Pizza paj pirog färdig smörgås,0.4,g
2139,Pizza Hawaii m. skinka ananas restaurang,Riboflavin,Pizza paj pirog färdig smörgås,0.14,mg
2139,Pizza Hawaii m. skinka ananas restaurang,Retinol,Pizza paj pirog färdig smörgås,100.0,µg
2139,Pizza Hawaii m. skinka ananas restaurang,Protein,Pizza paj pirog färdig smörgås,16.1,g
2139,Pizza Hawaii m. skinka ananas restaurang,Summa fleromättade fettsyror,Pizza paj pirog färdig smörgås,1.4,g
2139,Pizza Hawaii m. skinka ananas restaurang,"Fosfor, P",Pizza paj pirog färdig smörgås,240.0,mg
2139,Pizza Hawaii m. skinka ananas restaurang,Niacinekvivalenter,Pizza paj pirog färdig smörgås,6.84,NE/mg
2139,Pizza Hawaii m. skinka ananas restaurang,Niacin,Pizza paj pirog färdig smörgås,3.16,mg
2139,Pizza Hawaii m. skinka ananas restaurang,"Salt, NaCl",Pizza paj pirog färdig smörgås,1.6,g
2139,Pizza Hawaii m. skinka ananas restaurang,"Natrium, Na",Pizza paj pirog färdig smörgås,638.0,mg
2139,Pizza Hawaii m. skinka ananas restaurang,Monosackarider,Pizza paj pirog färdig smörgås,1.7,g
2139,Pizza Hawaii m. skinka ananas restaurang,"Sockerarter, totalt",Pizza paj pirog färdig smörgås,3.1,g
2139,Pizza Hawaii m. skinka ananas restaurang,Summa enkelomättade fettsyror,Pizza paj pirog färdig smörgås,5.1,g
2139,Pizza Hawaii m. skinka ananas restaurang,"Magnesium, Mg",Pizza paj pirog färdig smörgås,27.0,mg
2139,Pizza Hawaii m. skinka ananas restaurang,Summa mättade fettsyror,Pizza paj pirog färdig smörgås,8.9,g
2139,Pizza Hawaii m. skinka ananas restaurang,"Kolhydrater, tillgängliga",Pizza paj pirog färdig smörgås,20.7,g
2139,Pizza Hawaii m. skinka ananas restaurang,Kolesterol,Pizza paj pirog färdig smörgås,37.9,mg
2139,Pizza Hawaii m. skinka ananas restaurang,"Kalium, K",Pizza paj pirog färdig smörgås,165.0,mg
2139,Pizza Hawaii m. skinka ananas restaurang,"Jod, I",Pizza paj pirog färdig smörgås,13.0,µg
2139,Pizza Hawaii m. skinka ananas restaurang,Fullkorn totalt,Pizza paj pirog färdig smörgås,0.0,g
2139,Pizza Hawaii m. skinka ananas restaurang,"Folat, totalt",Pizza paj pirog färdig smörgås,18.9,µg
2139,Pizza Hawaii m. skinka ananas restaurang,Fibrer,Pizza paj pirog färdig smörgås,3.3,g
2139,Pizza Hawaii m. skinka ananas restaurang,"Fett, totalt",Pizza paj pirog färdig smörgås,16.3,g
2139,Pizza Hawaii m. skinka ananas restaurang,"Järn, Fe",Pizza paj pirog färdig smörgås,0.5,mg
2139,Pizza Hawaii m. skinka ananas restaurang,Energi (kJ),Pizza paj pirog färdig smörgås,1254.0,kJ
2139,Pizza Hawaii m. skinka ananas restaurang,Energi (kcal),Pizza paj pirog färdig smörgås,300.0,kcal
2139,Pizza Hawaii m. skinka ananas restaurang,Disackarider,Pizza paj pirog färdig smörgås,1.3,g
2139,Pizza Hawaii m. skinka ananas restaurang,"Kalcium, Ca",Pizza paj pirog färdig smörgås,306.0,mg
2139,Pizza Hawaii m. skinka ananas restaurang,Fettsyra 4:0-10:0,Pizza paj pirog färdig smörgås,1.2,g
2139,Pizza Hawaii m. skinka ananas restaurang,DHA (C22:6),Pizza paj pirog färdig smörgås,0.0,g
2139,Pizza Hawaii m. skinka ananas restaurang,DPA (C22:5),Pizza paj pirog färdig smörgås,0.0,g
2139,Pizza Hawaii m. skinka ananas restaurang,EPA (C20:5),Pizza paj pirog färdig smörgås,0.0,g
2139,Pizza Hawaii m. skinka ananas restaurang,Arakidonsyra C20:4,Pizza paj pirog färdig smörgås,0.0,g
2139,Pizza Hawaii m. skinka ananas restaurang,Arakidinsyra C20:0,Pizza paj pirog färdig smörgås,0.0,g
2139,Pizza Hawaii m. skinka ananas restaurang,Linolensyra C18:3,Pizza paj pirog färdig smörgås,0.3,g
2139,Pizza Hawaii m. skinka ananas restaurang,Linolsyra C18:2,Pizza paj pirog färdig smörgås,1.1,g
2139,Pizza Hawaii m. skinka ananas restaurang,Oljesyra C18:1,Pizza paj pirog färdig smörgås,4.6,g
2139,Pizza Hawaii m. skinka ananas restaurang,Stearinsyra C18:0,Pizza paj pirog färdig smörgås,1.3,g
2139,Pizza Hawaii m. skinka ananas restaurang,Palmitoljesyra C16:1,Pizza paj pirog färdig smörgås,0.2,g
2139,Pizza Hawaii m. skinka ananas restaurang,Palmitinsyra C16:0,Pizza paj pirog färdig smörgås,4.1,g
2139,Pizza Hawaii m. skinka ananas restaurang,Myristinsyra C14:0,Pizza paj pirog färdig smörgås,1.4,g
2139,Pizza Hawaii m. skinka ananas restaurang,Laurinsyra C12:0,Pizza paj pirog färdig smörgås,0.5,g
2139,Pizza Hawaii m. skinka ananas restaurang,Betakaroten/β-Karoten,Pizza paj pirog färdig smörgås,96.0,µg
2139,Pizza Hawaii m. skinka ananas restaurang,Avfall (skal etc.),Pizza paj pirog färdig smörgås,3.0,%
2139,Pizza Hawaii m. skinka ananas restaurang,Aska,Pizza paj pirog färdig smörgås,2.8,g
2139,Pizza Hawaii m. skinka ananas restaurang,Alkohol,Pizza paj pirog färdig smörgås,0.0,g
2142,Ostsås m. skinka hemlagad,"Zink, Zn",Sås dressing majonnäs ,1.3,mg
2142,Ostsås m. skinka hemlagad,Vitamin E,Sås dressing majonnäs ,0.3,mg
2142,Ostsås m. skinka hemlagad,Vitamin D,Sås dressing majonnäs ,0.79,µg
2142,Ostsås m. skinka hemlagad,Vitamin C,Sås dressing majonnäs ,0.5,mg
2142,Ostsås m. skinka hemlagad,Vitamin B6,Sås dressing majonnäs ,0.08,mg
2142,Ostsås m. skinka hemlagad,Vitamin B12,Sås dressing majonnäs ,0.57,µg
2142,Ostsås m. skinka hemlagad,Vitamin A,Sås dressing majonnäs ,70.5,RE/µg
2142,Ostsås m. skinka hemlagad,Vatten,Sås dressing majonnäs ,72.3,g
2142,Ostsås m. skinka hemlagad,Tiamin,Sås dressing majonnäs ,0.11,mg
2142,Ostsås m. skinka hemlagad,Tillsatt socker,Sås dressing majonnäs ,0.0,g
2142,Ostsås m. skinka hemlagad,Fritt socker,Sås dressing majonnäs ,0.0,g
2142,Ostsås m. skinka hemlagad,"Selen, Se",Sås dressing majonnäs ,4.8,µg
2142,Ostsås m. skinka hemlagad,Sackaros,Sås dressing majonnäs ,0.0,g
2142,Ostsås m. skinka hemlagad,Riboflavin,Sås dressing majonnäs ,0.16,mg
2142,Ostsås m. skinka hemlagad,Retinol,Sås dressing majonnäs ,67.1,µg
2142,Ostsås m. skinka hemlagad,Protein,Sås dressing majonnäs ,10.3,g
2142,Ostsås m. skinka hemlagad,Summa fleromättade fettsyror,Sås dressing majonnäs ,0.3,g
2142,Ostsås m. skinka hemlagad,"Fosfor, P",Sås dressing majonnäs ,225.0,mg
2142,Ostsås m. skinka hemlagad,Niacinekvivalenter,Sås dressing majonnäs ,3.46,NE/mg
2142,Ostsås m. skinka hemlagad,Niacin,Sås dressing majonnäs ,1.3,mg
2142,Ostsås m. skinka hemlagad,"Salt, NaCl",Sås dressing majonnäs ,1.7,g
2142,Ostsås m. skinka hemlagad,"Natrium, Na",Sås dressing majonnäs ,657.0,mg
2142,Ostsås m. skinka hemlagad,Monosackarider,Sås dressing majonnäs ,0.1,g
2142,Ostsås m. skinka hemlagad,"Sockerarter, totalt",Sås dressing majonnäs ,3.6,g
2142,Ostsås m. skinka hemlagad,Summa enkelomättade fettsyror,Sås dressing majonnäs ,2.1,g
2142,Ostsås m. skinka hemlagad,"Magnesium, Mg",Sås dressing majonnäs ,18.0,mg
2142,Ostsås m. skinka hemlagad,Summa mättade fettsyror,Sås dressing majonnäs ,5.5,g
2142,Ostsås m. skinka hemlagad,"Kolhydrater, tillgängliga",Sås dressing majonnäs ,5.9,g
2142,Ostsås m. skinka hemlagad,Kolesterol,Sås dressing majonnäs ,37.3,mg
2142,Ostsås m. skinka hemlagad,"Kalium, K",Sås dressing majonnäs ,180.0,mg
2142,Ostsås m. skinka hemlagad,"Jod, I",Sås dressing majonnäs ,41.4,µg
2142,Ostsås m. skinka hemlagad,Fullkorn totalt,Sås dressing majonnäs ,0.0,g
2142,Ostsås m. skinka hemlagad,"Folat, totalt",Sås dressing majonnäs ,8.6,µg
2142,Ostsås m. skinka hemlagad,Fibrer,Sås dressing majonnäs ,0.1,g
2142,Ostsås m. skinka hemlagad,"Fett, totalt",Sås dressing majonnäs ,8.6,g
2142,Ostsås m. skinka hemlagad,"Järn, Fe",Sås dressing majonnäs ,0.2,mg
2142,Ostsås m. skinka hemlagad,Energi (kJ),Sås dressing majonnäs ,596.0,kJ
2142,Ostsås m. skinka hemlagad,Energi (kcal),Sås dressing majonnäs ,143.0,kcal
2142,Ostsås m. skinka hemlagad,Disackarider,Sås dressing majonnäs ,3.5,g
2142,Ostsås m. skinka hemlagad,"Kalcium, Ca",Sås dressing majonnäs ,175.0,mg
2142,Ostsås m. skinka hemlagad,Fettsyra 4:0-10:0,Sås dressing majonnäs ,0.7,g
2142,Ostsås m. skinka hemlagad,DHA (C22:6),Sås dressing majonnäs ,0.0,g
2142,Ostsås m. skinka hemlagad,DPA (C22:5),Sås dressing majonnäs ,0.0,g
2142,Ostsås m. skinka hemlagad,EPA (C20:5),Sås dressing majonnäs ,0.0,g
2142,Ostsås m. skinka hemlagad,Arakidonsyra C20:4,Sås dressing majonnäs ,0.0,g
2142,Ostsås m. skinka hemlagad,Arakidinsyra C20:0,Sås dressing majonnäs ,0.0,g
2142,Ostsås m. skinka hemlagad,Linolensyra C18:3,Sås dressing majonnäs ,0.1,g
2142,Ostsås m. skinka hemlagad,Linolsyra C18:2,Sås dressing majonnäs ,0.2,g
2142,Ostsås m. skinka hemlagad,Oljesyra C18:1,Sås dressing majonnäs ,1.9,g
2142,Ostsås m. skinka hemlagad,Stearinsyra C18:0,Sås dressing majonnäs ,0.9,g
2142,Ostsås m. skinka hemlagad,Palmitoljesyra C16:1,Sås dressing majonnäs ,0.2,g
2142,Ostsås m. skinka hemlagad,Palmitinsyra C16:0,Sås dressing majonnäs ,2.5,g
2142,Ostsås m. skinka hemlagad,Myristinsyra C14:0,Sås dressing majonnäs ,0.8,g
2142,Ostsås m. skinka hemlagad,Laurinsyra C12:0,Sås dressing majonnäs ,0.3,g
2142,Ostsås m. skinka hemlagad,Betakaroten/β-Karoten,Sås dressing majonnäs ,41.0,µg
2142,Ostsås m. skinka hemlagad,Avfall (skal etc.),Sås dressing majonnäs ,0.0,%
2142,Ostsås m. skinka hemlagad,Aska,Sås dressing majonnäs ,2.7,g
2142,Ostsås m. skinka hemlagad,Alkohol,Sås dressing majonnäs ,0.0,g
2144,Tzatziki,"Zink, Zn",Sås dressing majonnäs ,0.7,mg
2144,Tzatziki,Vitamin E,Sås dressing majonnäs ,0.4,mg
2144,Tzatziki,Vitamin D inkl 25-OH-D3,Sås dressing majonnäs ,0.0,µg
2144,Tzatziki,Vitamin D,Sås dressing majonnäs ,0.0,µg
2144,Tzatziki,Vitamin C,Sås dressing majonnäs ,5.9,mg
2144,Tzatziki,Vitamin B6,Sås dressing majonnäs ,0.06,mg
2144,Tzatziki,Vitamin B12,Sås dressing majonnäs ,0.1,µg
2144,Tzatziki,Vitamin A,Sås dressing majonnäs ,53.4,RE/µg
2144,Tzatziki,Vatten,Sås dressing majonnäs ,86.2,g
2144,Tzatziki,Tiamin,Sås dressing majonnäs ,0.03,mg
2144,Tzatziki,Tillsatt socker,Sås dressing majonnäs ,0.0,g
2144,Tzatziki,Fritt socker,Sås dressing majonnäs ,0.0,g
2144,Tzatziki,"Selen, Se",Sås dressing majonnäs ,0.0,µg
2144,Tzatziki,Sackaros,Sås dressing majonnäs ,0.0,g
2144,Tzatziki,Riboflavin,Sås dressing majonnäs ,0.1,mg
2144,Tzatziki,Retinol,Sås dressing majonnäs ,46.2,µg
2144,Tzatziki,Protein,Sås dressing majonnäs ,2.4,g
2144,Tzatziki,Summa fleromättade fettsyror,Sås dressing majonnäs ,0.3,g
2144,Tzatziki,"Fosfor, P",Sås dressing majonnäs ,69.0,mg
2144,Tzatziki,Niacinekvivalenter,Sås dressing majonnäs ,0.7,NE/mg
2144,Tzatziki,Niacin,Sås dressing majonnäs ,0.18,mg
2144,Tzatziki,"Salt, NaCl",Sås dressing majonnäs ,1.1,g
2144,Tzatziki,"Natrium, Na",Sås dressing majonnäs ,425.0,mg
2144,Tzatziki,Monosackarider,Sås dressing majonnäs ,1.1,g
2144,Tzatziki,"Sockerarter, totalt",Sås dressing majonnäs ,2.6,g
2144,Tzatziki,Summa enkelomättade fettsyror,Sås dressing majonnäs ,1.9,g
2144,Tzatziki,"Magnesium, Mg",Sås dressing majonnäs ,13.0,mg
2144,Tzatziki,Summa mättade fettsyror,Sås dressing majonnäs ,2.9,g
2144,Tzatziki,"Kolhydrater, tillgängliga",Sås dressing majonnäs ,4.2,g
2144,Tzatziki,Kolesterol,Sås dressing majonnäs ,13.2,mg
2144,Tzatziki,"Kalium, K",Sås dressing majonnäs ,178.0,mg
2144,Tzatziki,"Jod, I",Sås dressing majonnäs ,60.5,µg
2144,Tzatziki,Fullkorn totalt,Sås dressing majonnäs ,0.0,g
2144,Tzatziki,"Folat, totalt",Sås dressing majonnäs ,13.4,µg
2144,Tzatziki,Fibrer,Sås dressing majonnäs ,0.0,g
2144,Tzatziki,"Fett, totalt",Sås dressing majonnäs ,5.5,g
2144,Tzatziki,"Järn, Fe",Sås dressing majonnäs ,0.2,mg
2144,Tzatziki,Energi (kJ),Sås dressing majonnäs ,316.0,kJ
2144,Tzatziki,Energi (kcal),Sås dressing majonnäs ,75.0,kcal
2144,Tzatziki,Disackarider,Sås dressing majonnäs ,1.6,g
2144,Tzatziki,"Kalcium, Ca",Sås dressing majonnäs ,75.0,mg
2144,Tzatziki,Fettsyra 4:0-10:0,Sås dressing majonnäs ,0.3,g
2144,Tzatziki,DHA (C22:6),Sås dressing majonnäs ,0.0,g
2144,Tzatziki,DPA (C22:5),Sås dressing majonnäs ,0.0,g
2144,Tzatziki,EPA (C20:5),Sås dressing majonnäs ,0.0,g
2144,Tzatziki,Arakidonsyra C20:4,Sås dressing majonnäs ,0.0,g
2144,Tzatziki,Arakidinsyra C20:0,Sås dressing majonnäs ,0.0,g
2144,Tzatziki,Linolensyra C18:3,Sås dressing majonnäs ,0.0,g
2144,Tzatziki,Linolsyra C18:2,Sås dressing majonnäs ,0.2,g
2144,Tzatziki,Oljesyra C18:1,Sås dressing majonnäs ,1.7,g
2144,Tzatziki,Stearinsyra C18:0,Sås dressing majonnäs ,0.5,g
2144,Tzatziki,Palmitoljesyra C16:1,Sås dressing majonnäs ,0.1,g
2144,Tzatziki,Palmitinsyra C16:0,Sås dressing majonnäs ,1.4,g
2144,Tzatziki,Myristinsyra C14:0,Sås dressing majonnäs ,0.4,g
2144,Tzatziki,Laurinsyra C12:0,Sås dressing majonnäs ,0.1,g
2144,Tzatziki,Betakaroten/β-Karoten,Sås dressing majonnäs ,85.0,µg
2144,Tzatziki,Avfall (skal etc.),Sås dressing majonnäs ,4.0,%
2144,Tzatziki,Aska,Sås dressing majonnäs ,1.7,g
2144,Tzatziki,Alkohol,Sås dressing majonnäs ,0.0,g
2147,Ris à la malta m. lättmjölk mellangrädde fett 27%,"Zink, Zn",Efterrätter,0.4,mg
2147,Ris à la malta m. lättmjölk mellangrädde fett 27%,Vitamin E,Efterrätter,0.2,mg
2147,Ris à la malta m. lättmjölk mellangrädde fett 27%,Vitamin D,Efterrätter,0.69,µg
2147,Ris à la malta m. lättmjölk mellangrädde fett 27%,Vitamin C,Efterrätter,0.4,mg
2147,Ris à la malta m. lättmjölk mellangrädde fett 27%,Vitamin B6,Efterrätter,0.04,mg
2147,Ris à la malta m. lättmjölk mellangrädde fett 27%,Vitamin B12,Efterrätter,0.29,µg
2147,Ris à la malta m. lättmjölk mellangrädde fett 27%,Vitamin A,Efterrätter,36.2,RE/µg
2147,Ris à la malta m. lättmjölk mellangrädde fett 27%,Vatten,Efterrätter,75.8,g
2147,Ris à la malta m. lättmjölk mellangrädde fett 27%,Tiamin,Efterrätter,0.04,mg
2147,Ris à la malta m. lättmjölk mellangrädde fett 27%,Tillsatt socker,Efterrätter,5.0,g
2147,Ris à la malta m. lättmjölk mellangrädde fett 27%,Fritt socker,Efterrätter,5.0,g
2147,Ris à la malta m. lättmjölk mellangrädde fett 27%,"Selen, Se",Efterrätter,1.1,µg
2147,Ris à la malta m. lättmjölk mellangrädde fett 27%,Sackaros,Efterrätter,4.6,g
2147,Ris à la malta m. lättmjölk mellangrädde fett 27%,Riboflavin,Efterrätter,0.09,mg
2147,Ris à la malta m. lättmjölk mellangrädde fett 27%,Retinol,Efterrätter,34.8,µg
2147,Ris à la malta m. lättmjölk mellangrädde fett 27%,Protein,Efterrätter,3.0,g
2147,Ris à la malta m. lättmjölk mellangrädde fett 27%,Summa fleromättade fettsyror,Efterrätter,0.2,g
2147,Ris à la malta m. lättmjölk mellangrädde fett 27%,"Fosfor, P",Efterrätter,98.0,mg
2147,Ris à la malta m. lättmjölk mellangrädde fett 27%,Niacinekvivalenter,Efterrätter,0.89,NE/mg
2147,Ris à la malta m. lättmjölk mellangrädde fett 27%,Niacin,Efterrätter,0.2,mg
2147,Ris à la malta m. lättmjölk mellangrädde fett 27%,"Salt, NaCl",Efterrätter,0.3,g
2147,Ris à la malta m. lättmjölk mellangrädde fett 27%,"Natrium, Na",Efterrätter,120.0,mg
2147,Ris à la malta m. lättmjölk mellangrädde fett 27%,Monosackarider,Efterrätter,0.0,g
2147,Ris à la malta m. lättmjölk mellangrädde fett 27%,"Sockerarter, totalt",Efterrätter,7.7,g
2147,Ris à la malta m. lättmjölk mellangrädde fett 27%,Summa enkelomättade fettsyror,Efterrätter,1.1,g
2147,Ris à la malta m. lättmjölk mellangrädde fett 27%,"Magnesium, Mg",Efterrätter,10.0,mg
2147,Ris à la malta m. lättmjölk mellangrädde fett 27%,Summa mättade fettsyror,Efterrätter,2.4,g
2147,Ris à la malta m. lättmjölk mellangrädde fett 27%,"Kolhydrater, tillgängliga",Efterrätter,16.2,g
2147,Ris à la malta m. lättmjölk mellangrädde fett 27%,Kolesterol,Efterrätter,11.3,mg
2147,Ris à la malta m. lättmjölk mellangrädde fett 27%,"Kalium, K",Efterrätter,111.0,mg
2147,Ris à la malta m. lättmjölk mellangrädde fett 27%,"Jod, I",Efterrätter,25.6,µg
2147,Ris à la malta m. lättmjölk mellangrädde fett 27%,Fullkorn totalt,Efterrätter,0.0,g
2147,Ris à la malta m. lättmjölk mellangrädde fett 27%,"Folat, totalt",Efterrätter,5.8,µg
2147,Ris à la malta m. lättmjölk mellangrädde fett 27%,Fibrer,Efterrätter,0.1,g
2147,Ris à la malta m. lättmjölk mellangrädde fett 27%,"Fett, totalt",Efterrätter,4.1,g
2147,Ris à la malta m. lättmjölk mellangrädde fett 27%,"Järn, Fe",Efterrätter,0.0,mg
2147,Ris à la malta m. lättmjölk mellangrädde fett 27%,Energi (kJ),Efterrätter,480.0,kJ
2147,Ris à la malta m. lättmjölk mellangrädde fett 27%,Energi (kcal),Efterrätter,115.0,kcal
2147,Ris à la malta m. lättmjölk mellangrädde fett 27%,Disackarider,Efterrätter,7.7,g
2147,Ris à la malta m. lättmjölk mellangrädde fett 27%,"Kalcium, Ca",Efterrätter,81.0,mg
2147,Ris à la malta m. lättmjölk mellangrädde fett 27%,Fettsyra 4:0-10:0,Efterrätter,0.3,g
2147,Ris à la malta m. lättmjölk mellangrädde fett 27%,DHA (C22:6),Efterrätter,0.0,g
2147,Ris à la malta m. lättmjölk mellangrädde fett 27%,DPA (C22:5),Efterrätter,0.0,g
2147,Ris à la malta m. lättmjölk mellangrädde fett 27%,EPA (C20:5),Efterrätter,0.0,g
2147,Ris à la malta m. lättmjölk mellangrädde fett 27%,Arakidonsyra C20:4,Efterrätter,0.0,g
2147,Ris à la malta m. lättmjölk mellangrädde fett 27%,Arakidinsyra C20:0,Efterrätter,0.0,g
2147,Ris à la malta m. lättmjölk mellangrädde fett 27%,Linolensyra C18:3,Efterrätter,0.0,g
2147,Ris à la malta m. lättmjölk mellangrädde fett 27%,Linolsyra C18:2,Efterrätter,0.2,g
2147,Ris à la malta m. lättmjölk mellangrädde fett 27%,Oljesyra C18:1,Efterrätter,1.0,g
2147,Ris à la malta m. lättmjölk mellangrädde fett 27%,Stearinsyra C18:0,Efterrätter,0.4,g
2147,Ris à la malta m. lättmjölk mellangrädde fett 27%,Palmitoljesyra C16:1,Efterrätter,0.1,g
2147,Ris à la malta m. lättmjölk mellangrädde fett 27%,Palmitinsyra C16:0,Efterrätter,1.2,g
2147,Ris à la malta m. lättmjölk mellangrädde fett 27%,Myristinsyra C14:0,Efterrätter,0.4,g
2147,Ris à la malta m. lättmjölk mellangrädde fett 27%,Laurinsyra C12:0,Efterrätter,0.1,g
2147,Ris à la malta m. lättmjölk mellangrädde fett 27%,Betakaroten/β-Karoten,Efterrätter,18.0,µg
2147,Ris à la malta m. lättmjölk mellangrädde fett 27%,Avfall (skal etc.),Efterrätter,0.0,%
2147,Ris à la malta m. lättmjölk mellangrädde fett 27%,Aska,Efterrätter,0.8,g
2147,Ris à la malta m. lättmjölk mellangrädde fett 27%,Alkohol,Efterrätter,0.0,g
2160,Rödkålssallad m. äpple,"Zink, Zn",Grönsaks- rotfrukts- baljväxträtter o produkter,0.1,mg
2160,Rödkålssallad m. äpple,Vitamin E,Grönsaks- rotfrukts- baljväxträtter o produkter,0.4,mg
2160,Rödkålssallad m. äpple,Vitamin D inkl 25-OH-D3,Grönsaks- rotfrukts- baljväxträtter o produkter,0.0,µg
2160,Rödkålssallad m. äpple,Vitamin D,Grönsaks- rotfrukts- baljväxträtter o produkter,0.0,µg
2160,Rödkålssallad m. äpple,Vitamin C,Grönsaks- rotfrukts- baljväxträtter o produkter,18.4,mg
2160,Rödkålssallad m. äpple,Vitamin B6,Grönsaks- rotfrukts- baljväxträtter o produkter,0.07,mg
2160,Rödkålssallad m. äpple,Vitamin B12,Grönsaks- rotfrukts- baljväxträtter o produkter,0.0,µg
2160,Rödkålssallad m. äpple,Vitamin A,Grönsaks- rotfrukts- baljväxträtter o produkter,3.8,RE/µg
2160,Rödkålssallad m. äpple,Vatten,Grönsaks- rotfrukts- baljväxträtter o produkter,77.5,g
2160,Rödkålssallad m. äpple,Tiamin,Grönsaks- rotfrukts- baljväxträtter o produkter,0.02,mg
2160,Rödkålssallad m. äpple,Tillsatt socker,Grönsaks- rotfrukts- baljväxträtter o produkter,7.0,g
2160,Rödkålssallad m. äpple,Fritt socker,Grönsaks- rotfrukts- baljväxträtter o produkter,8.0,g
2160,Rödkålssallad m. äpple,"Selen, Se",Grönsaks- rotfrukts- baljväxträtter o produkter,0.0,µg
2160,Rödkålssallad m. äpple,Sackaros,Grönsaks- rotfrukts- baljväxträtter o produkter,6.3,g
2160,Rödkålssallad m. äpple,Riboflavin,Grönsaks- rotfrukts- baljväxträtter o produkter,0.0,mg
2160,Rödkålssallad m. äpple,Retinol,Grönsaks- rotfrukts- baljväxträtter o produkter,0.0,µg
2160,Rödkålssallad m. äpple,Protein,Grönsaks- rotfrukts- baljväxträtter o produkter,0.5,g
2160,Rödkålssallad m. äpple,Summa fleromättade fettsyror,Grönsaks- rotfrukts- baljväxträtter o produkter,0.0,g
2160,Rödkålssallad m. äpple,"Fosfor, P",Grönsaks- rotfrukts- baljväxträtter o produkter,16.0,mg
2160,Rödkålssallad m. äpple,Niacinekvivalenter,Grönsaks- rotfrukts- baljväxträtter o produkter,0.49,NE/mg
2160,Rödkålssallad m. äpple,Niacin,Grönsaks- rotfrukts- baljväxträtter o produkter,0.4,mg
2160,Rödkålssallad m. äpple,"Salt, NaCl",Grönsaks- rotfrukts- baljväxträtter o produkter,0.4,g
2160,Rödkålssallad m. äpple,"Natrium, Na",Grönsaks- rotfrukts- baljväxträtter o produkter,184.0,mg
2160,Rödkålssallad m. äpple,Monosackarider,Grönsaks- rotfrukts- baljväxträtter o produkter,10.9,g
2160,Rödkålssallad m. äpple,"Sockerarter, totalt",Grönsaks- rotfrukts- baljväxträtter o produkter,17.2,g
2160,Rödkålssallad m. äpple,Summa enkelomättade fettsyror,Grönsaks- rotfrukts- baljväxträtter o produkter,0.0,g
2160,Rödkålssallad m. äpple,"Magnesium, Mg",Grönsaks- rotfrukts- baljväxträtter o produkter,9.0,mg
2160,Rödkålssallad m. äpple,Summa mättade fettsyror,Grönsaks- rotfrukts- baljväxträtter o produkter,0.0,g
2160,Rödkålssallad m. äpple,"Kolhydrater, tillgängliga",Grönsaks- rotfrukts- baljväxträtter o produkter,18.3,g
2160,Rödkålssallad m. äpple,Kolesterol,Grönsaks- rotfrukts- baljväxträtter o produkter,0.0,mg
2160,Rödkålssallad m. äpple,"Kalium, K",Grönsaks- rotfrukts- baljväxträtter o produkter,181.0,mg
2160,Rödkålssallad m. äpple,"Jod, I",Grönsaks- rotfrukts- baljväxträtter o produkter,23.9,µg
2160,Rödkålssallad m. äpple,Fullkorn totalt,Grönsaks- rotfrukts- baljväxträtter o produkter,0.0,g
2160,Rödkålssallad m. äpple,"Folat, totalt",Grönsaks- rotfrukts- baljväxträtter o produkter,13.0,µg
2160,Rödkålssallad m. äpple,Fibrer,Grönsaks- rotfrukts- baljväxträtter o produkter,2.2,g
2160,Rödkålssallad m. äpple,"Fett, totalt",Grönsaks- rotfrukts- baljväxträtter o produkter,0.1,g
2160,Rödkålssallad m. äpple,"Järn, Fe",Grönsaks- rotfrukts- baljväxträtter o produkter,0.2,mg
2160,Rödkålssallad m. äpple,Energi (kJ),Grönsaks- rotfrukts- baljväxträtter o produkter,340.0,kJ
2160,Rödkålssallad m. äpple,Energi (kcal),Grönsaks- rotfrukts- baljväxträtter o produkter,81.0,kcal
2160,Rödkålssallad m. äpple,Disackarider,Grönsaks- rotfrukts- baljväxträtter o produkter,6.3,g
2160,Rödkålssallad m. äpple,"Kalcium, Ca",Grönsaks- rotfrukts- baljväxträtter o produkter,17.0,mg
2160,Rödkålssallad m. äpple,Fettsyra 4:0-10:0,Grönsaks- rotfrukts- baljväxträtter o produkter,0.0,g
2160,Rödkålssallad m. äpple,DHA (C22:6),Grönsaks- rotfrukts- baljväxträtter o produkter,0.0,g
2160,Rödkålssallad m. äpple,DPA (C22:5),Grönsaks- rotfrukts- baljväxträtter o produkter,0.0,g
2160,Rödkålssallad m. äpple,EPA (C20:5),Grönsaks- rotfrukts- baljväxträtter o produkter,0.0,g
2160,Rödkålssallad m. äpple,Arakidonsyra C20:4,Grönsaks- rotfrukts- baljväxträtter o produkter,0.0,g
2160,Rödkålssallad m. äpple,Arakidinsyra C20:0,Grönsaks- rotfrukts- baljväxträtter o produkter,0.0,g
2160,Rödkålssallad m. äpple,Linolensyra C18:3,Grönsaks- rotfrukts- baljväxträtter o produkter,0.0,g
2160,Rödkålssallad m. äpple,Linolsyra C18:2,Grönsaks- rotfrukts- baljväxträtter o produkter,0.0,g
2160,Rödkålssallad m. äpple,Oljesyra C18:1,Grönsaks- rotfrukts- baljväxträtter o produkter,0.0,g
2160,Rödkålssallad m. äpple,Stearinsyra C18:0,Grönsaks- rotfrukts- baljväxträtter o produkter,0.0,g
2160,Rödkålssallad m. äpple,Palmitoljesyra C16:1,Grönsaks- rotfrukts- baljväxträtter o produkter,0.0,g
2160,Rödkålssallad m. äpple,Palmitinsyra C16:0,Grönsaks- rotfrukts- baljväxträtter o produkter,0.0,g
2160,Rödkålssallad m. äpple,Myristinsyra C14:0,Grönsaks- rotfrukts- baljväxträtter o produkter,0.0,g
2160,Rödkålssallad m. äpple,Laurinsyra C12:0,Grönsaks- rotfrukts- baljväxträtter o produkter,0.0,g
2160,Rödkålssallad m. äpple,Betakaroten/β-Karoten,Grönsaks- rotfrukts- baljväxträtter o produkter,41.0,µg
2160,Rödkålssallad m. äpple,Avfall (skal etc.),Grönsaks- rotfrukts- baljväxträtter o produkter,6.0,%
2160,Rödkålssallad m. äpple,Aska,Grönsaks- rotfrukts- baljväxträtter o produkter,1.5,g
2160,Rödkålssallad m. äpple,Alkohol,Grönsaks- rotfrukts- baljväxträtter o produkter,0.0,g
2161,Champinjon stekt u. fett,"Zink, Zn",Svamp,0.7,mg
2161,Champinjon stekt u. fett,Vitamin E,Svamp,0.0,mg
2161,Champinjon stekt u. fett,Vitamin D inkl 25-OH-D3,Svamp,0.19,µg
2161,Champinjon stekt u. fett,Vitamin D,Svamp,0.17,µg
2161,Champinjon stekt u. fett,Vitamin C,Svamp,0.0,mg
2161,Champinjon stekt u. fett,Vitamin B6,Svamp,0.05,mg
2161,Champinjon stekt u. fett,Vitamin B12,Svamp,0.0,µg
2161,Champinjon stekt u. fett,Vitamin A,Svamp,0.0,RE/µg
2161,Champinjon stekt u. fett,Vatten,Svamp,87.8,g
2161,Champinjon stekt u. fett,Tiamin,Svamp,0.08,mg
2161,Champinjon stekt u. fett,Tillsatt socker,Svamp,0.0,g
2161,Champinjon stekt u. fett,Fritt socker,Svamp,0.0,g
2161,Champinjon stekt u. fett,"Selen, Se",Svamp,21.8,µg
2161,Champinjon stekt u. fett,Sackaros,Svamp,0.0,g
2161,Champinjon stekt u. fett,Riboflavin,Svamp,0.52,mg
2161,Champinjon stekt u. fett,Retinol,Svamp,0.0,µg
2161,Champinjon stekt u. fett,Protein,Svamp,3.1,g
2161,Champinjon stekt u. fett,Summa fleromättade fettsyror,Svamp,0.0,g
2161,Champinjon stekt u. fett,"Fosfor, P",Svamp,20.0,mg
2161,Champinjon stekt u. fett,Niacinekvivalenter,Svamp,3.84,NE/mg
2161,Champinjon stekt u. fett,Niacin,Svamp,3.33,mg
2161,Champinjon stekt u. fett,"Salt, NaCl",Svamp,1.2,g
2161,Champinjon stekt u. fett,"Natrium, Na",Svamp,493.0,mg
2161,Champinjon stekt u. fett,Monosackarider,Svamp,0.1,g
2161,Champinjon stekt u. fett,"Sockerarter, totalt",Svamp,0.1,g
2161,Champinjon stekt u. fett,Summa enkelomättade fettsyror,Svamp,0.0,g
2161,Champinjon stekt u. fett,"Magnesium, Mg",Svamp,11.0,mg
2161,Champinjon stekt u. fett,Summa mättade fettsyror,Svamp,0.0,g
2161,Champinjon stekt u. fett,"Kolhydrater, tillgängliga",Svamp,3.5,g
2161,Champinjon stekt u. fett,Kolesterol,Svamp,0.0,mg
2161,Champinjon stekt u. fett,"Kalium, K",Svamp,141.0,mg
2161,Champinjon stekt u. fett,"Jod, I",Svamp,62.2,µg
2161,Champinjon stekt u. fett,Fullkorn totalt,Svamp,0.0,g
2161,Champinjon stekt u. fett,"Folat, totalt",Svamp,29.5,µg
2161,Champinjon stekt u. fett,Fibrer,Svamp,3.1,g
2161,Champinjon stekt u. fett,"Fett, totalt",Svamp,0.3,g
2161,Champinjon stekt u. fett,"Järn, Fe",Svamp,0.3,mg
2161,Champinjon stekt u. fett,Energi (kJ),Svamp,146.0,kJ
2161,Champinjon stekt u. fett,Energi (kcal),Svamp,35.0,kcal
2161,Champinjon stekt u. fett,Disackarider,Svamp,0.0,g
2161,Champinjon stekt u. fett,"Kalcium, Ca",Svamp,14.0,mg
2161,Champinjon stekt u. fett,Fettsyra 4:0-10:0,Svamp,0.0,g
2161,Champinjon stekt u. fett,DHA (C22:6),Svamp,0.0,g
2161,Champinjon stekt u. fett,DPA (C22:5),Svamp,0.0,g
2161,Champinjon stekt u. fett,EPA (C20:5),Svamp,0.0,g
2161,Champinjon stekt u. fett,Arakidonsyra C20:4,Svamp,0.0,g
2161,Champinjon stekt u. fett,Arakidinsyra C20:0,Svamp,0.0,g
2161,Champinjon stekt u. fett,Linolensyra C18:3,Svamp,0.0,g
2161,Champinjon stekt u. fett,Linolsyra C18:2,Svamp,0.0,g
2161,Champinjon stekt u. fett,Oljesyra C18:1,Svamp,0.0,g
2161,Champinjon stekt u. fett,Stearinsyra C18:0,Svamp,0.0,g
2161,Champinjon stekt u. fett,Palmitoljesyra C16:1,Svamp,0.0,g
2161,Champinjon stekt u. fett,Palmitinsyra C16:0,Svamp,0.0,g
2161,Champinjon stekt u. fett,Myristinsyra C14:0,Svamp,0.0,g
2161,Champinjon stekt u. fett,Laurinsyra C12:0,Svamp,0.0,g
2161,Champinjon stekt u. fett,Betakaroten/β-Karoten,Svamp,0.0,µg
2161,Champinjon stekt u. fett,Avfall (skal etc.),Svamp,0.0,%
2161,Champinjon stekt u. fett,Aska,Svamp,2.4,g
2161,Champinjon stekt u. fett,Alkohol,Svamp,0.0,g
2162,Palsternacka kokt m. salt,"Zink, Zn",Rotfrukter,0.5,mg
2162,Palsternacka kokt m. salt,Vitamin E,Rotfrukter,0.7,mg
2162,Palsternacka kokt m. salt,Vitamin D inkl 25-OH-D3,Rotfrukter,0.0,µg
2162,Palsternacka kokt m. salt,Vitamin D,Rotfrukter,0.0,µg
2162,Palsternacka kokt m. salt,Vitamin C,Rotfrukter,9.1,mg
2162,Palsternacka kokt m. salt,Vitamin B6,Rotfrukter,0.06,mg
2162,Palsternacka kokt m. salt,Vitamin B12,Rotfrukter,0.0,µg
2162,Palsternacka kokt m. salt,Vitamin A,Rotfrukter,0.2,RE/µg
2162,Palsternacka kokt m. salt,Vatten,Rotfrukter,80.1,g
2162,Palsternacka kokt m. salt,Tiamin,Rotfrukter,0.05,mg
2162,Palsternacka kokt m. salt,Tillsatt socker,Rotfrukter,0.0,g
2162,Palsternacka kokt m. salt,Fritt socker,Rotfrukter,0.0,g
2162,Palsternacka kokt m. salt,"Selen, Se",Rotfrukter,0.0,µg
2162,Palsternacka kokt m. salt,Sackaros,Rotfrukter,4.6,g
2162,Palsternacka kokt m. salt,Riboflavin,Rotfrukter,0.04,mg
2162,Palsternacka kokt m. salt,Retinol,Rotfrukter,0.0,µg
2162,Palsternacka kokt m. salt,Protein,Rotfrukter,1.7,g
2162,Palsternacka kokt m. salt,Summa fleromättade fettsyror,Rotfrukter,0.4,g
2162,Palsternacka kokt m. salt,"Fosfor, P",Rotfrukter,56.0,mg
2162,Palsternacka kokt m. salt,Niacinekvivalenter,Rotfrukter,2.49,NE/mg
2162,Palsternacka kokt m. salt,Niacin,Rotfrukter,2.17,mg
2162,Palsternacka kokt m. salt,"Salt, NaCl",Rotfrukter,0.4,g
2162,Palsternacka kokt m. salt,"Natrium, Na",Rotfrukter,161.0,mg
2162,Palsternacka kokt m. salt,Monosackarider,Rotfrukter,1.3,g
2162,Palsternacka kokt m. salt,"Sockerarter, totalt",Rotfrukter,6.0,g
2162,Palsternacka kokt m. salt,Summa enkelomättade fettsyror,Rotfrukter,0.0,g
2162,Palsternacka kokt m. salt,"Magnesium, Mg",Rotfrukter,18.0,mg
2162,Palsternacka kokt m. salt,Summa mättade fettsyror,Rotfrukter,0.1,g
2162,Palsternacka kokt m. salt,"Kolhydrater, tillgängliga",Rotfrukter,12.5,g
2162,Palsternacka kokt m. salt,Kolesterol,Rotfrukter,0.0,mg
2162,Palsternacka kokt m. salt,"Kalium, K",Rotfrukter,279.0,mg
2162,Palsternacka kokt m. salt,"Jod, I",Rotfrukter,20.2,µg
2162,Palsternacka kokt m. salt,Fullkorn totalt,Rotfrukter,0.0,g
2162,Palsternacka kokt m. salt,"Folat, totalt",Rotfrukter,46.6,µg
2162,Palsternacka kokt m. salt,Fibrer,Rotfrukter,3.7,g
2162,Palsternacka kokt m. salt,"Fett, totalt",Rotfrukter,0.6,g
2162,Palsternacka kokt m. salt,"Järn, Fe",Rotfrukter,0.4,mg
2162,Palsternacka kokt m. salt,Energi (kJ),Rotfrukter,294.0,kJ
2162,Palsternacka kokt m. salt,Energi (kcal),Rotfrukter,71.0,kcal
2162,Palsternacka kokt m. salt,Disackarider,Rotfrukter,4.7,g
2162,Palsternacka kokt m. salt,"Kalcium, Ca",Rotfrukter,33.0,mg
2162,Palsternacka kokt m. salt,Fettsyra 4:0-10:0,Rotfrukter,0.0,g
2162,Palsternacka kokt m. salt,DHA (C22:6),Rotfrukter,0.0,g
2162,Palsternacka kokt m. salt,DPA (C22:5),Rotfrukter,0.0,g
2162,Palsternacka kokt m. salt,EPA (C20:5),Rotfrukter,0.0,g
2162,Palsternacka kokt m. salt,Arakidonsyra C20:4,Rotfrukter,0.0,g
2162,Palsternacka kokt m. salt,Arakidinsyra C20:0,Rotfrukter,0.0,g
2162,Palsternacka kokt m. salt,Linolensyra C18:3,Rotfrukter,0.0,g
2162,Palsternacka kokt m. salt,Linolsyra C18:2,Rotfrukter,0.3,g
2162,Palsternacka kokt m. salt,Oljesyra C18:1,Rotfrukter,0.0,g
2162,Palsternacka kokt m. salt,Stearinsyra C18:0,Rotfrukter,0.0,g
2162,Palsternacka kokt m. salt,Palmitoljesyra C16:1,Rotfrukter,0.0,g
2162,Palsternacka kokt m. salt,Palmitinsyra C16:0,Rotfrukter,0.1,g
2162,Palsternacka kokt m. salt,Myristinsyra C14:0,Rotfrukter,0.0,g
2162,Palsternacka kokt m. salt,Laurinsyra C12:0,Rotfrukter,0.0,g
2162,Palsternacka kokt m. salt,Betakaroten/β-Karoten,Rotfrukter,2.0,µg
2162,Palsternacka kokt m. salt,Avfall (skal etc.),Rotfrukter,22.0,%
2162,Palsternacka kokt m. salt,Aska,Rotfrukter,1.3,g
2162,Palsternacka kokt m. salt,Alkohol,Rotfrukter,0.0,g
2163,Gratängsås m. ost hemlagad,"Zink, Zn",Sås dressing majonnäs ,0.6,mg
2163,Gratängsås m. ost hemlagad,Vitamin E,Sås dressing majonnäs ,1.7,mg
2163,Gratängsås m. ost hemlagad,Vitamin D,Sås dressing majonnäs ,0.75,µg
2163,Gratängsås m. ost hemlagad,Vitamin C,Sås dressing majonnäs ,0.4,mg
2163,Gratängsås m. ost hemlagad,Vitamin B6,Sås dressing majonnäs ,0.04,mg
2163,Gratängsås m. ost hemlagad,Vitamin B12,Sås dressing majonnäs ,0.49,µg
2163,Gratängsås m. ost hemlagad,Vitamin A,Sås dressing majonnäs ,83.5,RE/µg
2163,Gratängsås m. ost hemlagad,Vatten,Sås dressing majonnäs ,74.9,g
2163,Gratängsås m. ost hemlagad,Tiamin,Sås dressing majonnäs ,0.03,mg
2163,Gratängsås m. ost hemlagad,Tillsatt socker,Sås dressing majonnäs ,0.0,g
2163,Gratängsås m. ost hemlagad,Fritt socker,Sås dressing majonnäs ,0.0,g
2163,Gratängsås m. ost hemlagad,"Selen, Se",Sås dressing majonnäs ,4.5,µg
2163,Gratängsås m. ost hemlagad,Sackaros,Sås dressing majonnäs ,0.1,g
2163,Gratängsås m. ost hemlagad,Riboflavin,Sås dressing majonnäs ,0.14,mg
2163,Gratängsås m. ost hemlagad,Retinol,Sås dressing majonnäs ,70.9,µg
2163,Gratängsås m. ost hemlagad,Protein,Sås dressing majonnäs ,5.9,g
2163,Gratängsås m. ost hemlagad,Summa fleromättade fettsyror,Sås dressing majonnäs ,1.4,g
2163,Gratängsås m. ost hemlagad,"Fosfor, P",Sås dressing majonnäs ,135.0,mg
2163,Gratängsås m. ost hemlagad,Niacinekvivalenter,Sås dressing majonnäs ,1.48,NE/mg
2163,Gratängsås m. ost hemlagad,Niacin,Sås dressing majonnäs ,0.16,mg
2163,Gratängsås m. ost hemlagad,"Salt, NaCl",Sås dressing majonnäs ,2.0,g
2163,Gratängsås m. ost hemlagad,"Natrium, Na",Sås dressing majonnäs ,779.0,mg
2163,Gratängsås m. ost hemlagad,Monosackarider,Sås dressing majonnäs ,0.2,g
2163,Gratängsås m. ost hemlagad,"Sockerarter, totalt",Sås dressing majonnäs ,2.5,g
2163,Gratängsås m. ost hemlagad,Summa enkelomättade fettsyror,Sås dressing majonnäs ,3.7,g
2163,Gratängsås m. ost hemlagad,"Magnesium, Mg",Sås dressing majonnäs ,13.0,mg
2163,Gratängsås m. ost hemlagad,Summa mättade fettsyror,Sås dressing majonnäs ,4.0,g
2163,Gratängsås m. ost hemlagad,"Kolhydrater, tillgängliga",Sås dressing majonnäs ,6.5,g
2163,Gratängsås m. ost hemlagad,Kolesterol,Sås dressing majonnäs ,46.8,mg
2163,Gratängsås m. ost hemlagad,"Kalium, K",Sås dressing majonnäs ,116.0,mg
2163,Gratängsås m. ost hemlagad,"Jod, I",Sås dressing majonnäs ,64.6,µg
2163,Gratängsås m. ost hemlagad,Fullkorn totalt,Sås dressing majonnäs ,0.0,g
2163,Gratängsås m. ost hemlagad,"Folat, totalt",Sås dressing majonnäs ,16.6,µg
2163,Gratängsås m. ost hemlagad,Fibrer,Sås dressing majonnäs ,0.2,g
2163,Gratängsås m. ost hemlagad,"Fett, totalt",Sås dressing majonnäs ,9.9,g
2163,Gratängsås m. ost hemlagad,"Järn, Fe",Sås dressing majonnäs ,0.3,mg
2163,Gratängsås m. ost hemlagad,Energi (kJ),Sås dressing majonnäs ,577.0,kJ
2163,Gratängsås m. ost hemlagad,Energi (kcal),Sås dressing majonnäs ,138.0,kcal
2163,Gratängsås m. ost hemlagad,Disackarider,Sås dressing majonnäs ,2.3,g
2163,Gratängsås m. ost hemlagad,"Kalcium, Ca",Sås dressing majonnäs ,135.0,mg
2163,Gratängsås m. ost hemlagad,Fettsyra 4:0-10:0,Sås dressing majonnäs ,0.4,g
2163,Gratängsås m. ost hemlagad,DHA (C22:6),Sås dressing majonnäs ,0.0,g
2163,Gratängsås m. ost hemlagad,DPA (C22:5),Sås dressing majonnäs ,0.0,g
2163,Gratängsås m. ost hemlagad,EPA (C20:5),Sås dressing majonnäs ,0.0,g
2163,Gratängsås m. ost hemlagad,Arakidonsyra C20:4,Sås dressing majonnäs ,0.0,g
2163,Gratängsås m. ost hemlagad,Arakidinsyra C20:0,Sås dressing majonnäs ,0.0,g
2163,Gratängsås m. ost hemlagad,Linolensyra C18:3,Sås dressing majonnäs ,0.3,g
2163,Gratängsås m. ost hemlagad,Linolsyra C18:2,Sås dressing majonnäs ,1.1,g
2163,Gratängsås m. ost hemlagad,Oljesyra C18:1,Sås dressing majonnäs ,3.5,g
2163,Gratängsås m. ost hemlagad,Stearinsyra C18:0,Sås dressing majonnäs ,0.7,g
2163,Gratängsås m. ost hemlagad,Palmitoljesyra C16:1,Sås dressing majonnäs ,0.1,g
2163,Gratängsås m. ost hemlagad,Palmitinsyra C16:0,Sås dressing majonnäs ,2.0,g
2163,Gratängsås m. ost hemlagad,Myristinsyra C14:0,Sås dressing majonnäs ,0.5,g
2163,Gratängsås m. ost hemlagad,Laurinsyra C12:0,Sås dressing majonnäs ,0.2,g
2163,Gratängsås m. ost hemlagad,Betakaroten/β-Karoten,Sås dressing majonnäs ,84.0,µg
2163,Gratängsås m. ost hemlagad,Avfall (skal etc.),Sås dressing majonnäs ,1.0,%
2163,Gratängsås m. ost hemlagad,Aska,Sås dressing majonnäs ,2.6,g
2163,Gratängsås m. ost hemlagad,Alkohol,Sås dressing majonnäs ,0.0,g
2164,Fänkål kokt m. salt,"Zink, Zn",Grönsaker,0.5,mg
2164,Fänkål kokt m. salt,Vitamin E,Grönsaker,0.2,mg
2164,Fänkål kokt m. salt,Vitamin D inkl 25-OH-D3,Grönsaker,0.0,µg
2164,Fänkål kokt m. salt,Vitamin D,Grönsaker,0.0,µg
2164,Fänkål kokt m. salt,Vitamin C,Grönsaker,17.0,mg
2164,Fänkål kokt m. salt,Vitamin B6,Grönsaker,0.07,mg
2164,Fänkål kokt m. salt,Vitamin B12,Grönsaker,0.0,µg
2164,Fänkål kokt m. salt,Vitamin A,Grönsaker,174.3,RE/µg
2164,Fänkål kokt m. salt,Vatten,Grönsaker,89.6,g
2164,Fänkål kokt m. salt,Tiamin,Grönsaker,0.14,mg
2164,Fänkål kokt m. salt,Tillsatt socker,Grönsaker,0.0,g
2164,Fänkål kokt m. salt,Fritt socker,Grönsaker,0.0,g
2164,Fänkål kokt m. salt,"Selen, Se",Grönsaker,1.0,µg
2164,Fänkål kokt m. salt,Sackaros,Grönsaker,0.3,g
2164,Fänkål kokt m. salt,Riboflavin,Grönsaker,0.08,mg
2164,Fänkål kokt m. salt,Retinol,Grönsaker,0.0,µg
2164,Fänkål kokt m. salt,Protein,Grönsaker,2.8,g
2164,Fänkål kokt m. salt,Summa fleromättade fettsyror,Grönsaker,0.2,g
2164,Fänkål kokt m. salt,"Fosfor, P",Grönsaker,51.0,mg
2164,Fänkål kokt m. salt,Niacinekvivalenter,Grönsaker,0.67,NE/mg
2164,Fänkål kokt m. salt,Niacin,Grönsaker,0.2,mg
2164,Fänkål kokt m. salt,"Salt, NaCl",Grönsaker,0.4,g
2164,Fänkål kokt m. salt,"Natrium, Na",Grönsaker,165.0,mg
2164,Fänkål kokt m. salt,Monosackarider,Grönsaker,2.3,g
2164,Fänkål kokt m. salt,"Sockerarter, totalt",Grönsaker,2.6,g
2164,Fänkål kokt m. salt,Summa enkelomättade fettsyror,Grönsaker,0.1,g
2164,Fänkål kokt m. salt,"Magnesium, Mg",Grönsaker,14.0,mg
2164,Fänkål kokt m. salt,Summa mättade fettsyror,Grönsaker,0.1,g
2164,Fänkål kokt m. salt,"Kolhydrater, tillgängliga",Grönsaker,1.8,g
2164,Fänkål kokt m. salt,Kolesterol,Grönsaker,0.0,mg
2164,Fänkål kokt m. salt,"Kalium, K",Grönsaker,276.0,mg
2164,Fänkål kokt m. salt,"Jod, I",Grönsaker,20.4,µg
2164,Fänkål kokt m. salt,Fullkorn totalt,Grönsaker,0.0,g
2164,Fänkål kokt m. salt,"Folat, totalt",Grönsaker,2.0,µg
2164,Fänkål kokt m. salt,Fibrer,Grönsaker,3.3,g
2164,Fänkål kokt m. salt,"Fett, totalt",Grönsaker,0.4,g
2164,Fänkål kokt m. salt,"Järn, Fe",Grönsaker,2.7,mg
2164,Fänkål kokt m. salt,Energi (kJ),Grönsaker,119.0,kJ
2164,Fänkål kokt m. salt,Energi (kcal),Grönsaker,28.0,kcal
2164,Fänkål kokt m. salt,Disackarider,Grönsaker,0.3,g
2164,Fänkål kokt m. salt,"Kalcium, Ca",Grönsaker,64.0,mg
2164,Fänkål kokt m. salt,Fettsyra 4:0-10:0,Grönsaker,0.0,g
2164,Fänkål kokt m. salt,DHA (C22:6),Grönsaker,0.0,g
2164,Fänkål kokt m. salt,DPA (C22:5),Grönsaker,0.0,g
2164,Fänkål kokt m. salt,EPA (C20:5),Grönsaker,0.0,g
2164,Fänkål kokt m. salt,Arakidonsyra C20:4,Grönsaker,0.0,g
2164,Fänkål kokt m. salt,Arakidinsyra C20:0,Grönsaker,0.0,g
2164,Fänkål kokt m. salt,Linolensyra C18:3,Grönsaker,0.1,g
2164,Fänkål kokt m. salt,Linolsyra C18:2,Grönsaker,0.0,g
2164,Fänkål kokt m. salt,Oljesyra C18:1,Grönsaker,0.0,g
2164,Fänkål kokt m. salt,Stearinsyra C18:0,Grönsaker,0.0,g
2164,Fänkål kokt m. salt,Palmitoljesyra C16:1,Grönsaker,0.0,g
2164,Fänkål kokt m. salt,Palmitinsyra C16:0,Grönsaker,0.0,g
2164,Fänkål kokt m. salt,Myristinsyra C14:0,Grönsaker,0.0,g
2164,Fänkål kokt m. salt,Laurinsyra C12:0,Grönsaker,0.0,g
2164,Fänkål kokt m. salt,Betakaroten/β-Karoten,Grönsaker,2092.0,µg
2164,Fänkål kokt m. salt,Avfall (skal etc.),Grönsaker,7.0,%
2164,Fänkål kokt m. salt,Aska,Grönsaker,2.1,g
2164,Fänkål kokt m. salt,Alkohol,Grönsaker,0.0,g
2165,Kroppkakor el. potatispalt m. fläsk hemlagad,"Zink, Zn",Potatisprodukter potatisrätter,0.6,mg
2165,Kroppkakor el. potatispalt m. fläsk hemlagad,Vitamin E,Potatisprodukter potatisrätter,0.7,mg
2165,Kroppkakor el. potatispalt m. fläsk hemlagad,Vitamin D,Potatisprodukter potatisrätter,0.1,µg
2165,Kroppkakor el. potatispalt m. fläsk hemlagad,Vitamin C,Potatisprodukter potatisrätter,11.0,mg
2165,Kroppkakor el. potatispalt m. fläsk hemlagad,Vitamin B6,Potatisprodukter potatisrätter,0.17,mg
2165,Kroppkakor el. potatispalt m. fläsk hemlagad,Vitamin B12,Potatisprodukter potatisrätter,0.12,µg
2165,Kroppkakor el. potatispalt m. fläsk hemlagad,Vitamin A,Potatisprodukter potatisrätter,18.5,RE/µg
2165,Kroppkakor el. potatispalt m. fläsk hemlagad,Vatten,Potatisprodukter potatisrätter,66.0,g
2165,Kroppkakor el. potatispalt m. fläsk hemlagad,Tiamin,Potatisprodukter potatisrätter,0.09,mg
2165,Kroppkakor el. potatispalt m. fläsk hemlagad,Tillsatt socker,Potatisprodukter potatisrätter,0.0,g
2165,Kroppkakor el. potatispalt m. fläsk hemlagad,Fritt socker,Potatisprodukter potatisrätter,0.0,g
2165,Kroppkakor el. potatispalt m. fläsk hemlagad,"Selen, Se",Potatisprodukter potatisrätter,4.0,µg
2165,Kroppkakor el. potatispalt m. fläsk hemlagad,Sackaros,Potatisprodukter potatisrätter,0.3,g
2165,Kroppkakor el. potatispalt m. fläsk hemlagad,Riboflavin,Potatisprodukter potatisrätter,0.06,mg
2165,Kroppkakor el. potatispalt m. fläsk hemlagad,Retinol,Potatisprodukter potatisrätter,18.0,µg
2165,Kroppkakor el. potatispalt m. fläsk hemlagad,Protein,Potatisprodukter potatisrätter,4.6,g
2165,Kroppkakor el. potatispalt m. fläsk hemlagad,Summa fleromättade fettsyror,Potatisprodukter potatisrätter,0.7,g
2165,Kroppkakor el. potatispalt m. fläsk hemlagad,"Fosfor, P",Potatisprodukter potatisrätter,77.0,mg
2165,Kroppkakor el. potatispalt m. fläsk hemlagad,Niacinekvivalenter,Potatisprodukter potatisrätter,2.72,NE/mg
2165,Kroppkakor el. potatispalt m. fläsk hemlagad,Niacin,Potatisprodukter potatisrätter,1.86,mg
2165,Kroppkakor el. potatispalt m. fläsk hemlagad,"Salt, NaCl",Potatisprodukter potatisrätter,1.1,g
2165,Kroppkakor el. potatispalt m. fläsk hemlagad,"Natrium, Na",Potatisprodukter potatisrätter,442.0,mg
2165,Kroppkakor el. potatispalt m. fläsk hemlagad,Monosackarider,Potatisprodukter potatisrätter,0.5,g
2165,Kroppkakor el. potatispalt m. fläsk hemlagad,"Sockerarter, totalt",Potatisprodukter potatisrätter,1.0,g
2165,Kroppkakor el. potatispalt m. fläsk hemlagad,Summa enkelomättade fettsyror,Potatisprodukter potatisrätter,2.7,g
2165,Kroppkakor el. potatispalt m. fläsk hemlagad,"Magnesium, Mg",Potatisprodukter potatisrätter,19.0,mg
2165,Kroppkakor el. potatispalt m. fläsk hemlagad,Summa mättade fettsyror,Potatisprodukter potatisrätter,2.2,g
2165,Kroppkakor el. potatispalt m. fläsk hemlagad,"Kolhydrater, tillgängliga",Potatisprodukter potatisrätter,19.7,g
2165,Kroppkakor el. potatispalt m. fläsk hemlagad,Kolesterol,Potatisprodukter potatisrätter,32.2,mg
2165,Kroppkakor el. potatispalt m. fläsk hemlagad,"Kalium, K",Potatisprodukter potatisrätter,252.0,mg
2165,Kroppkakor el. potatispalt m. fläsk hemlagad,"Jod, I",Potatisprodukter potatisrätter,39.8,µg
2165,Kroppkakor el. potatispalt m. fläsk hemlagad,Fullkorn totalt,Potatisprodukter potatisrätter,0.0,g
2165,Kroppkakor el. potatispalt m. fläsk hemlagad,"Folat, totalt",Potatisprodukter potatisrätter,19.8,µg
2165,Kroppkakor el. potatispalt m. fläsk hemlagad,Fibrer,Potatisprodukter potatisrätter,1.9,g
2165,Kroppkakor el. potatispalt m. fläsk hemlagad,"Fett, totalt",Potatisprodukter potatisrätter,6.1,g
2165,Kroppkakor el. potatispalt m. fläsk hemlagad,"Järn, Fe",Potatisprodukter potatisrätter,0.5,mg
2165,Kroppkakor el. potatispalt m. fläsk hemlagad,Energi (kJ),Potatisprodukter potatisrätter,653.0,kJ
2165,Kroppkakor el. potatispalt m. fläsk hemlagad,Energi (kcal),Potatisprodukter potatisrätter,156.0,kcal
2165,Kroppkakor el. potatispalt m. fläsk hemlagad,Disackarider,Potatisprodukter potatisrätter,0.5,g
2165,Kroppkakor el. potatispalt m. fläsk hemlagad,"Kalcium, Ca",Potatisprodukter potatisrätter,13.0,mg
2165,Kroppkakor el. potatispalt m. fläsk hemlagad,Fettsyra 4:0-10:0,Potatisprodukter potatisrätter,0.0,g
2165,Kroppkakor el. potatispalt m. fläsk hemlagad,DHA (C22:6),Potatisprodukter potatisrätter,0.0,g
2165,Kroppkakor el. potatispalt m. fläsk hemlagad,DPA (C22:5),Potatisprodukter potatisrätter,0.0,g
2165,Kroppkakor el. potatispalt m. fläsk hemlagad,EPA (C20:5),Potatisprodukter potatisrätter,0.0,g
2165,Kroppkakor el. potatispalt m. fläsk hemlagad,Arakidonsyra C20:4,Potatisprodukter potatisrätter,0.0,g
2165,Kroppkakor el. potatispalt m. fläsk hemlagad,Arakidinsyra C20:0,Potatisprodukter potatisrätter,0.0,g
2165,Kroppkakor el. potatispalt m. fläsk hemlagad,Linolensyra C18:3,Potatisprodukter potatisrätter,0.1,g
2165,Kroppkakor el. potatispalt m. fläsk hemlagad,Linolsyra C18:2,Potatisprodukter potatisrätter,0.6,g
2165,Kroppkakor el. potatispalt m. fläsk hemlagad,Oljesyra C18:1,Potatisprodukter potatisrätter,2.5,g
2165,Kroppkakor el. potatispalt m. fläsk hemlagad,Stearinsyra C18:0,Potatisprodukter potatisrätter,0.7,g
2165,Kroppkakor el. potatispalt m. fläsk hemlagad,Palmitoljesyra C16:1,Potatisprodukter potatisrätter,0.1,g
2165,Kroppkakor el. potatispalt m. fläsk hemlagad,Palmitinsyra C16:0,Potatisprodukter potatisrätter,1.3,g
2165,Kroppkakor el. potatispalt m. fläsk hemlagad,Myristinsyra C14:0,Potatisprodukter potatisrätter,0.1,g
2165,Kroppkakor el. potatispalt m. fläsk hemlagad,Laurinsyra C12:0,Potatisprodukter potatisrätter,0.0,g
2165,Kroppkakor el. potatispalt m. fläsk hemlagad,Betakaroten/β-Karoten,Potatisprodukter potatisrätter,4.0,µg
2165,Kroppkakor el. potatispalt m. fläsk hemlagad,Avfall (skal etc.),Potatisprodukter potatisrätter,1.0,%
2165,Kroppkakor el. potatispalt m. fläsk hemlagad,Aska,Potatisprodukter potatisrätter,1.7,g
2165,Kroppkakor el. potatispalt m. fläsk hemlagad,Alkohol,Potatisprodukter potatisrätter,0.0,g
2173,Currysås m. lätt crème fraiche hemlagad,"Zink, Zn",Sås dressing majonnäs ,0.1,mg
2173,Currysås m. lätt crème fraiche hemlagad,Vitamin E,Sås dressing majonnäs ,1.3,mg
2173,Currysås m. lätt crème fraiche hemlagad,Vitamin D,Sås dressing majonnäs ,0.2,µg
2173,Currysås m. lätt crème fraiche hemlagad,Vitamin C,Sås dressing majonnäs ,1.2,mg
2173,Currysås m. lätt crème fraiche hemlagad,Vitamin B6,Sås dressing majonnäs ,0.03,mg
2173,Currysås m. lätt crème fraiche hemlagad,Vitamin B12,Sås dressing majonnäs ,0.0,µg
2173,Currysås m. lätt crème fraiche hemlagad,Vitamin A,Sås dressing majonnäs ,37.2,RE/µg
2173,Currysås m. lätt crème fraiche hemlagad,Vatten,Sås dressing majonnäs ,84.6,g
2173,Currysås m. lätt crème fraiche hemlagad,Tiamin,Sås dressing majonnäs ,0.01,mg
2173,Currysås m. lätt crème fraiche hemlagad,Tillsatt socker,Sås dressing majonnäs ,0.0,g
2173,Currysås m. lätt crème fraiche hemlagad,Fritt socker,Sås dressing majonnäs ,0.0,g
2173,Currysås m. lätt crème fraiche hemlagad,"Selen, Se",Sås dressing majonnäs ,0.4,µg
2173,Currysås m. lätt crème fraiche hemlagad,Sackaros,Sås dressing majonnäs ,0.8,g
2173,Currysås m. lätt crème fraiche hemlagad,Riboflavin,Sås dressing majonnäs ,0.02,mg
2173,Currysås m. lätt crème fraiche hemlagad,Retinol,Sås dressing majonnäs ,25.6,µg
2173,Currysås m. lätt crème fraiche hemlagad,Protein,Sås dressing majonnäs ,1.1,g
2173,Currysås m. lätt crème fraiche hemlagad,Summa fleromättade fettsyror,Sås dressing majonnäs ,1.3,g
2173,Currysås m. lätt crème fraiche hemlagad,"Fosfor, P",Sås dressing majonnäs ,25.0,mg
2173,Currysås m. lätt crème fraiche hemlagad,Niacinekvivalenter,Sås dressing majonnäs ,0.34,NE/mg
2173,Currysås m. lätt crème fraiche hemlagad,Niacin,Sås dressing majonnäs ,0.13,mg
2173,Currysås m. lätt crème fraiche hemlagad,"Salt, NaCl",Sås dressing majonnäs ,1.6,g
2173,Currysås m. lätt crème fraiche hemlagad,"Natrium, Na",Sås dressing majonnäs ,621.0,mg
2173,Currysås m. lätt crème fraiche hemlagad,Monosackarider,Sås dressing majonnäs ,1.6,g
2173,Currysås m. lätt crème fraiche hemlagad,"Sockerarter, totalt",Sås dressing majonnäs ,2.9,g
2173,Currysås m. lätt crème fraiche hemlagad,Summa enkelomättade fettsyror,Sås dressing majonnäs ,2.9,g
2173,Currysås m. lätt crème fraiche hemlagad,"Magnesium, Mg",Sås dressing majonnäs ,6.0,mg
2173,Currysås m. lätt crème fraiche hemlagad,Summa mättade fettsyror,Sås dressing majonnäs ,1.8,g
2173,Currysås m. lätt crème fraiche hemlagad,"Kolhydrater, tillgängliga",Sås dressing majonnäs ,5.5,g
2173,Currysås m. lätt crème fraiche hemlagad,Kolesterol,Sås dressing majonnäs ,3.6,mg
2173,Currysås m. lätt crème fraiche hemlagad,"Kalium, K",Sås dressing majonnäs ,60.0,mg
2173,Currysås m. lätt crème fraiche hemlagad,"Jod, I",Sås dressing majonnäs ,45.8,µg
2173,Currysås m. lätt crème fraiche hemlagad,Fullkorn totalt,Sås dressing majonnäs ,0.0,g
2173,Currysås m. lätt crème fraiche hemlagad,"Folat, totalt",Sås dressing majonnäs ,5.4,µg
2173,Currysås m. lätt crème fraiche hemlagad,Fibrer,Sås dressing majonnäs ,0.7,g
2173,Currysås m. lätt crème fraiche hemlagad,"Fett, totalt",Sås dressing majonnäs ,6.3,g
2173,Currysås m. lätt crème fraiche hemlagad,"Järn, Fe",Sås dressing majonnäs ,0.1,mg
2173,Currysås m. lätt crème fraiche hemlagad,Energi (kJ),Sås dressing majonnäs ,351.0,kJ
2173,Currysås m. lätt crème fraiche hemlagad,Energi (kcal),Sås dressing majonnäs ,84.0,kcal
2173,Currysås m. lätt crème fraiche hemlagad,Disackarider,Sås dressing majonnäs ,1.3,g
2173,Currysås m. lätt crème fraiche hemlagad,"Kalcium, Ca",Sås dressing majonnäs ,23.0,mg
2173,Currysås m. lätt crème fraiche hemlagad,Fettsyra 4:0-10:0,Sås dressing majonnäs ,0.1,g
2173,Currysås m. lätt crème fraiche hemlagad,DHA (C22:6),Sås dressing majonnäs ,0.0,g
2173,Currysås m. lätt crème fraiche hemlagad,DPA (C22:5),Sås dressing majonnäs ,0.0,g
2173,Currysås m. lätt crème fraiche hemlagad,EPA (C20:5),Sås dressing majonnäs ,0.0,g
2173,Currysås m. lätt crème fraiche hemlagad,Arakidonsyra C20:4,Sås dressing majonnäs ,0.0,g
2173,Currysås m. lätt crème fraiche hemlagad,Arakidinsyra C20:0,Sås dressing majonnäs ,0.0,g
2173,Currysås m. lätt crème fraiche hemlagad,Linolensyra C18:3,Sås dressing majonnäs ,0.3,g
2173,Currysås m. lätt crème fraiche hemlagad,Linolsyra C18:2,Sås dressing majonnäs ,1.0,g
2173,Currysås m. lätt crème fraiche hemlagad,Oljesyra C18:1,Sås dressing majonnäs ,2.8,g
2173,Currysås m. lätt crème fraiche hemlagad,Stearinsyra C18:0,Sås dressing majonnäs ,0.3,g
2173,Currysås m. lätt crème fraiche hemlagad,Palmitoljesyra C16:1,Sås dressing majonnäs ,0.1,g
2173,Currysås m. lätt crème fraiche hemlagad,Palmitinsyra C16:0,Sås dressing majonnäs ,0.9,g
2173,Currysås m. lätt crème fraiche hemlagad,Myristinsyra C14:0,Sås dressing majonnäs ,0.2,g
2173,Currysås m. lätt crème fraiche hemlagad,Laurinsyra C12:0,Sås dressing majonnäs ,0.1,g
2173,Currysås m. lätt crème fraiche hemlagad,Betakaroten/β-Karoten,Sås dressing majonnäs ,62.0,µg
2173,Currysås m. lätt crème fraiche hemlagad,Avfall (skal etc.),Sås dressing majonnäs ,2.0,%
2173,Currysås m. lätt crème fraiche hemlagad,Aska,Sås dressing majonnäs ,1.8,g
2173,Currysås m. lätt crème fraiche hemlagad,Alkohol,Sås dressing majonnäs ,0.0,g
2174,Korv stroganoff mager korv fett 15% grädde fett 15%,"Zink, Zn",Korvrätter,1.0,mg
2174,Korv stroganoff mager korv fett 15% grädde fett 15%,Vitamin E,Korvrätter,1.0,mg
2174,Korv stroganoff mager korv fett 15% grädde fett 15%,Vitamin D,Korvrätter,0.09,µg
2174,Korv stroganoff mager korv fett 15% grädde fett 15%,Vitamin C,Korvrätter,2.5,mg
2174,Korv stroganoff mager korv fett 15% grädde fett 15%,Vitamin B6,Korvrätter,0.09,mg
2174,Korv stroganoff mager korv fett 15% grädde fett 15%,Vitamin B12,Korvrätter,0.47,µg
2174,Korv stroganoff mager korv fett 15% grädde fett 15%,Vitamin A,Korvrätter,59.9,RE/µg
2174,Korv stroganoff mager korv fett 15% grädde fett 15%,Vatten,Korvrätter,68.6,g
2174,Korv stroganoff mager korv fett 15% grädde fett 15%,Tiamin,Korvrätter,0.1,mg
2174,Korv stroganoff mager korv fett 15% grädde fett 15%,Tillsatt socker,Korvrätter,1.0,g
2174,Korv stroganoff mager korv fett 15% grädde fett 15%,Fritt socker,Korvrätter,1.0,g
2174,Korv stroganoff mager korv fett 15% grädde fett 15%,"Selen, Se",Korvrätter,1.8,µg
2174,Korv stroganoff mager korv fett 15% grädde fett 15%,Sackaros,Korvrätter,0.2,g
2174,Korv stroganoff mager korv fett 15% grädde fett 15%,Riboflavin,Korvrätter,0.08,mg
2174,Korv stroganoff mager korv fett 15% grädde fett 15%,Retinol,Korvrätter,46.2,µg
2174,Korv stroganoff mager korv fett 15% grädde fett 15%,Protein,Korvrätter,7.2,g
2174,Korv stroganoff mager korv fett 15% grädde fett 15%,Summa fleromättade fettsyror,Korvrätter,1.4,g
2174,Korv stroganoff mager korv fett 15% grädde fett 15%,"Fosfor, P",Korvrätter,89.0,mg
2174,Korv stroganoff mager korv fett 15% grädde fett 15%,Niacinekvivalenter,Korvrätter,2.87,NE/mg
2174,Korv stroganoff mager korv fett 15% grädde fett 15%,Niacin,Korvrätter,1.51,mg
2174,Korv stroganoff mager korv fett 15% grädde fett 15%,"Salt, NaCl",Korvrätter,2.0,g
2174,Korv stroganoff mager korv fett 15% grädde fett 15%,"Natrium, Na",Korvrätter,777.0,mg
2174,Korv stroganoff mager korv fett 15% grädde fett 15%,Monosackarider,Korvrätter,1.7,g
2174,Korv stroganoff mager korv fett 15% grädde fett 15%,"Sockerarter, totalt",Korvrätter,3.0,g
2174,Korv stroganoff mager korv fett 15% grädde fett 15%,Summa enkelomättade fettsyror,Korvrätter,6.1,g
2174,Korv stroganoff mager korv fett 15% grädde fett 15%,"Magnesium, Mg",Korvrätter,15.0,mg
2174,Korv stroganoff mager korv fett 15% grädde fett 15%,Summa mättade fettsyror,Korvrätter,6.0,g
2174,Korv stroganoff mager korv fett 15% grädde fett 15%,"Kolhydrater, tillgängliga",Korvrätter,6.3,g
2174,Korv stroganoff mager korv fett 15% grädde fett 15%,Kolesterol,Korvrätter,52.6,mg
2174,Korv stroganoff mager korv fett 15% grädde fett 15%,"Kalium, K",Korvrätter,159.0,mg
2174,Korv stroganoff mager korv fett 15% grädde fett 15%,"Jod, I",Korvrätter,37.5,µg
2174,Korv stroganoff mager korv fett 15% grädde fett 15%,Fullkorn totalt,Korvrätter,0.0,g
2174,Korv stroganoff mager korv fett 15% grädde fett 15%,"Folat, totalt",Korvrätter,7.7,µg
2174,Korv stroganoff mager korv fett 15% grädde fett 15%,Fibrer,Korvrätter,0.5,g
2174,Korv stroganoff mager korv fett 15% grädde fett 15%,"Fett, totalt",Korvrätter,14.7,g
2174,Korv stroganoff mager korv fett 15% grädde fett 15%,"Järn, Fe",Korvrätter,0.8,mg
2174,Korv stroganoff mager korv fett 15% grädde fett 15%,Energi (kJ),Korvrätter,779.0,kJ
2174,Korv stroganoff mager korv fett 15% grädde fett 15%,Energi (kcal),Korvrätter,186.0,kcal
2174,Korv stroganoff mager korv fett 15% grädde fett 15%,Disackarider,Korvrätter,1.3,g
2174,Korv stroganoff mager korv fett 15% grädde fett 15%,"Kalcium, Ca",Korvrätter,44.0,mg
2174,Korv stroganoff mager korv fett 15% grädde fett 15%,Fettsyra 4:0-10:0,Korvrätter,0.3,g
2174,Korv stroganoff mager korv fett 15% grädde fett 15%,DHA (C22:6),Korvrätter,0.0,g
2174,Korv stroganoff mager korv fett 15% grädde fett 15%,DPA (C22:5),Korvrätter,0.0,g
2174,Korv stroganoff mager korv fett 15% grädde fett 15%,EPA (C20:5),Korvrätter,0.0,g
2174,Korv stroganoff mager korv fett 15% grädde fett 15%,Arakidonsyra C20:4,Korvrätter,0.0,g
2174,Korv stroganoff mager korv fett 15% grädde fett 15%,Arakidinsyra C20:0,Korvrätter,0.0,g
2174,Korv stroganoff mager korv fett 15% grädde fett 15%,Linolensyra C18:3,Korvrätter,0.2,g
2174,Korv stroganoff mager korv fett 15% grädde fett 15%,Linolsyra C18:2,Korvrätter,1.1,g
2174,Korv stroganoff mager korv fett 15% grädde fett 15%,Oljesyra C18:1,Korvrätter,5.5,g
2174,Korv stroganoff mager korv fett 15% grädde fett 15%,Stearinsyra C18:0,Korvrätter,1.6,g
2174,Korv stroganoff mager korv fett 15% grädde fett 15%,Palmitoljesyra C16:1,Korvrätter,0.4,g
2174,Korv stroganoff mager korv fett 15% grädde fett 15%,Palmitinsyra C16:0,Korvrätter,3.3,g
2174,Korv stroganoff mager korv fett 15% grädde fett 15%,Myristinsyra C14:0,Korvrätter,0.6,g
2174,Korv stroganoff mager korv fett 15% grädde fett 15%,Laurinsyra C12:0,Korvrätter,0.1,g
2174,Korv stroganoff mager korv fett 15% grädde fett 15%,Betakaroten/β-Karoten,Korvrätter,128.0,µg
2174,Korv stroganoff mager korv fett 15% grädde fett 15%,Avfall (skal etc.),Korvrätter,1.0,%
2174,Korv stroganoff mager korv fett 15% grädde fett 15%,Aska,Korvrätter,2.7,g
2174,Korv stroganoff mager korv fett 15% grädde fett 15%,Alkohol,Korvrätter,0.0,g
2184,Ostkaka fett 7%,"Zink, Zn",Efterrätter,1.2,mg
2184,Ostkaka fett 7%,Vitamin E,Efterrätter,0.8,mg
2184,Ostkaka fett 7%,Vitamin D,Efterrätter,0.14,µg
2184,Ostkaka fett 7%,Vitamin C,Efterrätter,0.0,mg
2184,Ostkaka fett 7%,Vitamin B6,Efterrätter,0.04,mg
2184,Ostkaka fett 7%,Vitamin B12,Efterrätter,0.9,µg
2184,Ostkaka fett 7%,Vitamin A,Efterrätter,66.1,RE/µg
2184,Ostkaka fett 7%,Vatten,Efterrätter,64.8,g
2184,Ostkaka fett 7%,Tiamin,Efterrätter,0.04,mg
2184,Ostkaka fett 7%,Tillsatt socker,Efterrätter,7.0,g
2184,Ostkaka fett 7%,Fritt socker,Efterrätter,7.0,g
2184,Ostkaka fett 7%,"Selen, Se",Efterrätter,0.0,µg
2184,Ostkaka fett 7%,Sackaros,Efterrätter,6.9,g
2184,Ostkaka fett 7%,Riboflavin,Efterrätter,0.22,mg
2184,Ostkaka fett 7%,Retinol,Efterrätter,64.2,µg
2184,Ostkaka fett 7%,Protein,Efterrätter,10.4,g
2184,Ostkaka fett 7%,Summa fleromättade fettsyror,Efterrätter,0.5,g
2184,Ostkaka fett 7%,"Fosfor, P",Efterrätter,194.0,mg
2184,Ostkaka fett 7%,Niacinekvivalenter,Efterrätter,2.6,NE/mg
2184,Ostkaka fett 7%,Niacin,Efterrätter,0.19,mg
2184,Ostkaka fett 7%,"Salt, NaCl",Efterrätter,0.1,g
2184,Ostkaka fett 7%,"Natrium, Na",Efterrätter,50.0,mg
2184,Ostkaka fett 7%,Monosackarider,Efterrätter,0.2,g
2184,Ostkaka fett 7%,"Sockerarter, totalt",Efterrätter,11.9,g
2184,Ostkaka fett 7%,Summa enkelomättade fettsyror,Efterrätter,1.8,g
2184,Ostkaka fett 7%,"Magnesium, Mg",Efterrätter,20.0,mg
2184,Ostkaka fett 7%,Summa mättade fettsyror,Efterrätter,4.2,g
2184,Ostkaka fett 7%,"Kolhydrater, tillgängliga",Efterrätter,16.6,g
2184,Ostkaka fett 7%,Kolesterol,Efterrätter,56.6,mg
2184,Ostkaka fett 7%,"Kalium, K",Efterrätter,144.0,mg
2184,Ostkaka fett 7%,"Jod, I",Efterrätter,10.9,µg
2184,Ostkaka fett 7%,Fullkorn totalt,Efterrätter,0.0,g
2184,Ostkaka fett 7%,"Folat, totalt",Efterrätter,1.7,µg
2184,Ostkaka fett 7%,Fibrer,Efterrätter,0.0,g
2184,Ostkaka fett 7%,"Fett, totalt",Efterrätter,7.0,g
2184,Ostkaka fett 7%,"Järn, Fe",Efterrätter,0.3,mg
2184,Ostkaka fett 7%,Energi (kJ),Efterrätter,718.0,kJ
2184,Ostkaka fett 7%,Energi (kcal),Efterrätter,172.0,kcal
2184,Ostkaka fett 7%,Disackarider,Efterrätter,11.7,g
2184,Ostkaka fett 7%,"Kalcium, Ca",Efterrätter,269.0,mg
2184,Ostkaka fett 7%,Fettsyra 4:0-10:0,Efterrätter,0.4,g
2184,Ostkaka fett 7%,DHA (C22:6),Efterrätter,0.0,g
2184,Ostkaka fett 7%,DPA (C22:5),Efterrätter,0.0,g
2184,Ostkaka fett 7%,EPA (C20:5),Efterrätter,0.0,g
2184,Ostkaka fett 7%,Arakidonsyra C20:4,Efterrätter,0.0,g
2184,Ostkaka fett 7%,Arakidinsyra C20:0,Efterrätter,0.0,g
2184,Ostkaka fett 7%,Linolensyra C18:3,Efterrätter,0.0,g
2184,Ostkaka fett 7%,Linolsyra C18:2,Efterrätter,0.4,g
2184,Ostkaka fett 7%,Oljesyra C18:1,Efterrätter,1.6,g
2184,Ostkaka fett 7%,Stearinsyra C18:0,Efterrätter,0.7,g
2184,Ostkaka fett 7%,Palmitoljesyra C16:1,Efterrätter,0.1,g
2184,Ostkaka fett 7%,Palmitinsyra C16:0,Efterrätter,2.0,g
2184,Ostkaka fett 7%,Myristinsyra C14:0,Efterrätter,0.6,g
2184,Ostkaka fett 7%,Laurinsyra C12:0,Efterrätter,0.2,g
2184,Ostkaka fett 7%,Betakaroten/β-Karoten,Efterrätter,23.0,µg
2184,Ostkaka fett 7%,Avfall (skal etc.),Efterrätter,0.0,%
2184,Ostkaka fett 7%,Aska,Efterrätter,1.2,g
2184,Ostkaka fett 7%,Alkohol,Efterrätter,0.0,g
2189,Rapsolja,"Zink, Zn",Olja,0.0,mg
2189,Rapsolja,Vitamin E,Olja,26.1,mg
2189,Rapsolja,Vitamin D inkl 25-OH-D3,Olja,0.0,µg
2189,Rapsolja,Vitamin D,Olja,0.0,µg
2189,Rapsolja,Vitamin C,Olja,0.0,mg
2189,Rapsolja,Vitamin B6,Olja,0.0,mg
2189,Rapsolja,Vitamin B12,Olja,0.0,µg
2189,Rapsolja,Vitamin A,Olja,0.0,RE/µg
2189,Rapsolja,Vatten,Olja,0.0,g
2189,Rapsolja,Tiamin,Olja,0.0,mg
2189,Rapsolja,Tillsatt socker,Olja,0.0,g
2189,Rapsolja,Fritt socker,Olja,0.0,g
2189,Rapsolja,"Selen, Se",Olja,0.0,µg
2189,Rapsolja,Sackaros,Olja,0.0,g
2189,Rapsolja,Riboflavin,Olja,0.0,mg
2189,Rapsolja,Retinol,Olja,0.0,µg
2189,Rapsolja,Protein,Olja,0.0,g
2189,Rapsolja,Summa fleromättade fettsyror,Olja,27.4,g
2189,Rapsolja,"Fosfor, P",Olja,0.0,mg
2189,Rapsolja,Niacinekvivalenter,Olja,0.0,NE/mg
2189,Rapsolja,Niacin,Olja,0.0,mg
2189,Rapsolja,"Salt, NaCl",Olja,0.0,g
2189,Rapsolja,"Natrium, Na",Olja,0.0,mg
2189,Rapsolja,Monosackarider,Olja,0.0,g
2189,Rapsolja,"Sockerarter, totalt",Olja,0.0,g
2189,Rapsolja,Summa enkelomättade fettsyror,Olja,61.3,g
2189,Rapsolja,"Magnesium, Mg",Olja,0.0,mg
2189,Rapsolja,Summa mättade fettsyror,Olja,7.1,g
2189,Rapsolja,"Kolhydrater, tillgängliga",Olja,0.0,g
2189,Rapsolja,Kolesterol,Olja,0.0,mg
2189,Rapsolja,"Kalium, K",Olja,0.0,mg
2189,Rapsolja,"Jod, I",Olja,0.0,µg
2189,Rapsolja,Fullkorn totalt,Olja,0.0,g
2189,Rapsolja,"Folat, totalt",Olja,0.0,µg
2189,Rapsolja,Fibrer,Olja,0.0,g
2189,Rapsolja,"Fett, totalt",Olja,100.0,g
2189,Rapsolja,"Järn, Fe",Olja,0.0,mg
2189,Rapsolja,Energi (kJ),Olja,3700.0,kJ
2189,Rapsolja,Energi (kcal),Olja,884.0,kcal
2189,Rapsolja,Disackarider,Olja,0.0,g
2189,Rapsolja,"Kalcium, Ca",Olja,0.0,mg
2189,Rapsolja,Fettsyra 4:0-10:0,Olja,0.0,g
2189,Rapsolja,DHA (C22:6),Olja,0.0,g
2189,Rapsolja,DPA (C22:5),Olja,0.0,g
2189,Rapsolja,EPA (C20:5),Olja,0.0,g
2189,Rapsolja,Arakidonsyra C20:4,Olja,0.0,g
2189,Rapsolja,Arakidinsyra C20:0,Olja,0.6,g
2189,Rapsolja,Linolensyra C18:3,Olja,8.5,g
2189,Rapsolja,Linolsyra C18:2,Olja,18.8,g
2189,Rapsolja,Oljesyra C18:1,Olja,59.3,g
2189,Rapsolja,Stearinsyra C18:0,Olja,1.6,g
2189,Rapsolja,Palmitoljesyra C16:1,Olja,0.2,g
2189,Rapsolja,Palmitinsyra C16:0,Olja,4.3,g
2189,Rapsolja,Myristinsyra C14:0,Olja,0.1,g
2189,Rapsolja,Laurinsyra C12:0,Olja,0.0,g
2189,Rapsolja,Betakaroten/β-Karoten,Olja,0.0,µg
2189,Rapsolja,Avfall (skal etc.),Olja,0.0,%
2189,Rapsolja,Aska,Olja,0.0,g
2189,Rapsolja,Alkohol,Olja,0.0,g
2190,Matfettsblandning fett 75% berikad typ Bregott,"Zink, Zn",Hård matfettsblandning,0.1,mg
2190,Matfettsblandning fett 75% berikad typ Bregott,Vitamin E,Hård matfettsblandning,6.8,mg
2190,Matfettsblandning fett 75% berikad typ Bregott,Vitamin D,Hård matfettsblandning,20.0,µg
2190,Matfettsblandning fett 75% berikad typ Bregott,Vitamin C,Hård matfettsblandning,0.0,mg
2190,Matfettsblandning fett 75% berikad typ Bregott,Vitamin B6,Hård matfettsblandning,0.01,mg
2190,Matfettsblandning fett 75% berikad typ Bregott,Vitamin B12,Hård matfettsblandning,0.1,µg
2190,Matfettsblandning fett 75% berikad typ Bregott,Vitamin A,Hård matfettsblandning,919.2,RE/µg
2190,Matfettsblandning fett 75% berikad typ Bregott,Vatten,Hård matfettsblandning,22.5,g
2190,Matfettsblandning fett 75% berikad typ Bregott,Tiamin,Hård matfettsblandning,0.01,mg
2190,Matfettsblandning fett 75% berikad typ Bregott,Tillsatt socker,Hård matfettsblandning,0.0,g
2190,Matfettsblandning fett 75% berikad typ Bregott,Fritt socker,Hård matfettsblandning,0.0,g
2190,Matfettsblandning fett 75% berikad typ Bregott,"Selen, Se",Hård matfettsblandning,0.0,µg
2190,Matfettsblandning fett 75% berikad typ Bregott,Sackaros,Hård matfettsblandning,0.0,g
2190,Matfettsblandning fett 75% berikad typ Bregott,Riboflavin,Hård matfettsblandning,0.02,mg
2190,Matfettsblandning fett 75% berikad typ Bregott,Retinol,Hård matfettsblandning,900.0,µg
2190,Matfettsblandning fett 75% berikad typ Bregott,Protein,Hård matfettsblandning,0.5,g
2190,Matfettsblandning fett 75% berikad typ Bregott,Summa fleromättade fettsyror,Hård matfettsblandning,8.4,g
2190,Matfettsblandning fett 75% berikad typ Bregott,"Fosfor, P",Hård matfettsblandning,16.0,mg
2190,Matfettsblandning fett 75% berikad typ Bregott,Niacinekvivalenter,Hård matfettsblandning,0.22,NE/mg
2190,Matfettsblandning fett 75% berikad typ Bregott,Niacin,Hård matfettsblandning,0.1,mg
2190,Matfettsblandning fett 75% berikad typ Bregott,"Salt, NaCl",Hård matfettsblandning,1.2,g
2190,Matfettsblandning fett 75% berikad typ Bregott,"Natrium, Na",Hård matfettsblandning,470.0,mg
2190,Matfettsblandning fett 75% berikad typ Bregott,Monosackarider,Hård matfettsblandning,0.0,g
2190,Matfettsblandning fett 75% berikad typ Bregott,"Sockerarter, totalt",Hård matfettsblandning,0.4,g
2190,Matfettsblandning fett 75% berikad typ Bregott,Summa enkelomättade fettsyror,Hård matfettsblandning,27.6,g
2190,Matfettsblandning fett 75% berikad typ Bregott,"Magnesium, Mg",Hård matfettsblandning,3.0,mg
2190,Matfettsblandning fett 75% berikad typ Bregott,Summa mättade fettsyror,Hård matfettsblandning,35.2,g
2190,Matfettsblandning fett 75% berikad typ Bregott,"Kolhydrater, tillgängliga",Hård matfettsblandning,0.5,g
2190,Matfettsblandning fett 75% berikad typ Bregott,Kolesterol,Hård matfettsblandning,180.0,mg
2190,Matfettsblandning fett 75% berikad typ Bregott,"Kalium, K",Hård matfettsblandning,20.0,mg
2190,Matfettsblandning fett 75% berikad typ Bregott,"Jod, I",Hård matfettsblandning,2.9,µg
2190,Matfettsblandning fett 75% berikad typ Bregott,Fullkorn totalt,Hård matfettsblandning,0.0,g
2190,Matfettsblandning fett 75% berikad typ Bregott,"Folat, totalt",Hård matfettsblandning,3.0,µg
2190,Matfettsblandning fett 75% berikad typ Bregott,Fibrer,Hård matfettsblandning,0.0,g
2190,Matfettsblandning fett 75% berikad typ Bregott,"Fett, totalt",Hård matfettsblandning,75.0,g
2190,Matfettsblandning fett 75% berikad typ Bregott,"Järn, Fe",Hård matfettsblandning,0.2,mg
2190,Matfettsblandning fett 75% berikad typ Bregott,Energi (kJ),Hård matfettsblandning,2792.0,kJ
2190,Matfettsblandning fett 75% berikad typ Bregott,Energi (kcal),Hård matfettsblandning,667.0,kcal
2190,Matfettsblandning fett 75% berikad typ Bregott,Disackarider,Hård matfettsblandning,0.4,g
2190,Matfettsblandning fett 75% berikad typ Bregott,"Kalcium, Ca",Hård matfettsblandning,18.0,mg
2190,Matfettsblandning fett 75% berikad typ Bregott,Fettsyra 4:0-10:0,Hård matfettsblandning,4.6,g
2190,Matfettsblandning fett 75% berikad typ Bregott,DHA (C22:6),Hård matfettsblandning,0.0,g
2190,Matfettsblandning fett 75% berikad typ Bregott,DPA (C22:5),Hård matfettsblandning,0.0,g
2190,Matfettsblandning fett 75% berikad typ Bregott,EPA (C20:5),Hård matfettsblandning,0.0,g
2190,Matfettsblandning fett 75% berikad typ Bregott,Arakidonsyra C20:4,Hård matfettsblandning,0.1,g
2190,Matfettsblandning fett 75% berikad typ Bregott,Arakidinsyra C20:0,Hård matfettsblandning,0.2,g
2190,Matfettsblandning fett 75% berikad typ Bregott,Linolensyra C18:3,Hård matfettsblandning,2.7,g
2190,Matfettsblandning fett 75% berikad typ Bregott,Linolsyra C18:2,Hård matfettsblandning,5.7,g
2190,Matfettsblandning fett 75% berikad typ Bregott,Oljesyra C18:1,Hård matfettsblandning,25.6,g
2190,Matfettsblandning fett 75% berikad typ Bregott,Stearinsyra C18:0,Hård matfettsblandning,5.2,g
2190,Matfettsblandning fett 75% berikad typ Bregott,Palmitoljesyra C16:1,Hård matfettsblandning,1.0,g
2190,Matfettsblandning fett 75% berikad typ Bregott,Palmitinsyra C16:0,Hård matfettsblandning,16.3,g
2190,Matfettsblandning fett 75% berikad typ Bregott,Myristinsyra C14:0,Hård matfettsblandning,5.3,g
2190,Matfettsblandning fett 75% berikad typ Bregott,Laurinsyra C12:0,Hård matfettsblandning,1.7,g
2190,Matfettsblandning fett 75% berikad typ Bregott,Betakaroten/β-Karoten,Hård matfettsblandning,230.0,µg
2190,Matfettsblandning fett 75% berikad typ Bregott,Avfall (skal etc.),Hård matfettsblandning,0.0,%
2190,Matfettsblandning fett 75% berikad typ Bregott,Aska,Hård matfettsblandning,1.5,g
2190,Matfettsblandning fett 75% berikad typ Bregott,Alkohol,Hård matfettsblandning,0.0,g
2192,Lättmargarin fett 40% berikad typ Lätta,"Zink, Zn",Hård matfettsblandning,0.0,mg
2192,Lättmargarin fett 40% berikad typ Lätta,Vitamin E,Hård matfettsblandning,4.0,mg
2192,Lättmargarin fett 40% berikad typ Lätta,Vitamin D,Hård matfettsblandning,20.0,µg
2192,Lättmargarin fett 40% berikad typ Lätta,Vitamin C,Hård matfettsblandning,0.0,mg
2192,Lättmargarin fett 40% berikad typ Lätta,Vitamin B6,Hård matfettsblandning,0.0,mg
2192,Lättmargarin fett 40% berikad typ Lätta,Vitamin B12,Hård matfettsblandning,0.0,µg
2192,Lättmargarin fett 40% berikad typ Lätta,Vitamin A,Hård matfettsblandning,800.0,RE/µg
2192,Lättmargarin fett 40% berikad typ Lätta,Vatten,Hård matfettsblandning,55.0,g
2192,Lättmargarin fett 40% berikad typ Lätta,Tiamin,Hård matfettsblandning,0.0,mg
2192,Lättmargarin fett 40% berikad typ Lätta,Tillsatt socker,Hård matfettsblandning,0.0,g
2192,Lättmargarin fett 40% berikad typ Lätta,Fritt socker,Hård matfettsblandning,0.0,g
2192,Lättmargarin fett 40% berikad typ Lätta,"Selen, Se",Hård matfettsblandning,0.0,µg
2192,Lättmargarin fett 40% berikad typ Lätta,Sackaros,Hård matfettsblandning,0.0,g
2192,Lättmargarin fett 40% berikad typ Lätta,Riboflavin,Hård matfettsblandning,0.0,mg
2192,Lättmargarin fett 40% berikad typ Lätta,Retinol,Hård matfettsblandning,800.0,µg
2192,Lättmargarin fett 40% berikad typ Lätta,Protein,Hård matfettsblandning,0.5,g
2192,Lättmargarin fett 40% berikad typ Lätta,Summa fleromättade fettsyror,Hård matfettsblandning,6.0,g
2192,Lättmargarin fett 40% berikad typ Lätta,"Fosfor, P",Hård matfettsblandning,2.0,mg
2192,Lättmargarin fett 40% berikad typ Lätta,Niacinekvivalenter,Hård matfettsblandning,0.08,NE/mg
2192,Lättmargarin fett 40% berikad typ Lätta,Niacin,Hård matfettsblandning,0.0,mg
2192,Lättmargarin fett 40% berikad typ Lätta,"Salt, NaCl",Hård matfettsblandning,1.5,g
2192,Lättmargarin fett 40% berikad typ Lätta,"Natrium, Na",Hård matfettsblandning,600.0,mg
2192,Lättmargarin fett 40% berikad typ Lätta,Monosackarider,Hård matfettsblandning,0.0,g
2192,Lättmargarin fett 40% berikad typ Lätta,"Sockerarter, totalt",Hård matfettsblandning,0.3,g
2192,Lättmargarin fett 40% berikad typ Lätta,Summa enkelomättade fettsyror,Hård matfettsblandning,17.0,g
2192,Lättmargarin fett 40% berikad typ Lätta,"Magnesium, Mg",Hård matfettsblandning,0.0,mg
2192,Lättmargarin fett 40% berikad typ Lätta,Summa mättade fettsyror,Hård matfettsblandning,17.0,g
2192,Lättmargarin fett 40% berikad typ Lätta,"Kolhydrater, tillgängliga",Hård matfettsblandning,3.0,g
2192,Lättmargarin fett 40% berikad typ Lätta,Kolesterol,Hård matfettsblandning,0.0,mg
2192,Lättmargarin fett 40% berikad typ Lätta,"Kalium, K",Hård matfettsblandning,0.0,mg
2192,Lättmargarin fett 40% berikad typ Lätta,"Jod, I",Hård matfettsblandning,1.0,µg
2192,Lättmargarin fett 40% berikad typ Lätta,Fullkorn totalt,Hård matfettsblandning,0.0,g
2192,Lättmargarin fett 40% berikad typ Lätta,"Folat, totalt",Hård matfettsblandning,0.0,µg
2192,Lättmargarin fett 40% berikad typ Lätta,Fibrer,Hård matfettsblandning,0.0,g
2192,Lättmargarin fett 40% berikad typ Lätta,"Fett, totalt",Hård matfettsblandning,40.0,g
2192,Lättmargarin fett 40% berikad typ Lätta,"Järn, Fe",Hård matfettsblandning,0.0,mg
2192,Lättmargarin fett 40% berikad typ Lätta,Energi (kJ),Hård matfettsblandning,1540.0,kJ
2192,Lättmargarin fett 40% berikad typ Lätta,Energi (kcal),Hård matfettsblandning,368.0,kcal
2192,Lättmargarin fett 40% berikad typ Lätta,Disackarider,Hård matfettsblandning,0.3,g
2192,Lättmargarin fett 40% berikad typ Lätta,"Kalcium, Ca",Hård matfettsblandning,0.0,mg
2192,Lättmargarin fett 40% berikad typ Lätta,Fettsyra 4:0-10:0,Hård matfettsblandning,0.9,g
2192,Lättmargarin fett 40% berikad typ Lätta,DHA (C22:6),Hård matfettsblandning,0.0,g
2192,Lättmargarin fett 40% berikad typ Lätta,DPA (C22:5),Hård matfettsblandning,0.0,g
2192,Lättmargarin fett 40% berikad typ Lätta,EPA (C20:5),Hård matfettsblandning,0.0,g
2192,Lättmargarin fett 40% berikad typ Lätta,Arakidonsyra C20:4,Hård matfettsblandning,0.0,g
2192,Lättmargarin fett 40% berikad typ Lätta,Arakidinsyra C20:0,Hård matfettsblandning,0.2,g
2192,Lättmargarin fett 40% berikad typ Lätta,Linolensyra C18:3,Hård matfettsblandning,1.9,g
2192,Lättmargarin fett 40% berikad typ Lätta,Linolsyra C18:2,Hård matfettsblandning,4.9,g
2192,Lättmargarin fett 40% berikad typ Lätta,Oljesyra C18:1,Hård matfettsblandning,17.7,g
2192,Lättmargarin fett 40% berikad typ Lätta,Stearinsyra C18:0,Hård matfettsblandning,0.9,g
2192,Lättmargarin fett 40% berikad typ Lätta,Palmitoljesyra C16:1,Hård matfettsblandning,0.0,g
2192,Lättmargarin fett 40% berikad typ Lätta,Palmitinsyra C16:0,Hård matfettsblandning,6.8,g
2192,Lättmargarin fett 40% berikad typ Lätta,Myristinsyra C14:0,Hård matfettsblandning,1.5,g
2192,Lättmargarin fett 40% berikad typ Lätta,Laurinsyra C12:0,Hård matfettsblandning,4.5,g
2192,Lättmargarin fett 40% berikad typ Lätta,Betakaroten/β-Karoten,Hård matfettsblandning,0.0,µg
2192,Lättmargarin fett 40% berikad typ Lätta,Avfall (skal etc.),Hård matfettsblandning,0.0,%
2192,Lättmargarin fett 40% berikad typ Lätta,Aska,Hård matfettsblandning,1.5,g
2192,Lättmargarin fett 40% berikad typ Lätta,Alkohol,Hård matfettsblandning,0.0,g
2197,Äggröra,"Zink, Zn",Äggprodukter o rätter,1.3,mg
2197,Äggröra,Vitamin E,Äggprodukter o rätter,5.3,mg
2197,Äggröra,Vitamin D,Äggprodukter o rätter,1.22,µg
2197,Äggröra,Vitamin C,Äggprodukter o rätter,0.1,mg
2197,Äggröra,Vitamin B6,Äggprodukter o rätter,0.09,mg
2197,Äggröra,Vitamin B12,Äggprodukter o rätter,1.34,µg
2197,Äggröra,Vitamin A,Äggprodukter o rätter,274.4,RE/µg
2197,Äggröra,Vatten,Äggprodukter o rätter,68.6,g
2197,Äggröra,Tiamin,Äggprodukter o rätter,0.07,mg
2197,Äggröra,Tillsatt socker,Äggprodukter o rätter,0.0,g
2197,Äggröra,Fritt socker,Äggprodukter o rätter,0.0,g
2197,Äggröra,"Selen, Se",Äggprodukter o rätter,21.1,µg
2197,Äggröra,Sackaros,Äggprodukter o rätter,0.0,g
2197,Äggröra,Riboflavin,Äggprodukter o rätter,0.37,mg
2197,Äggröra,Retinol,Äggprodukter o rätter,271.0,µg
2197,Äggröra,Protein,Äggprodukter o rätter,11.7,g
2197,Äggröra,Summa fleromättade fettsyror,Äggprodukter o rätter,1.6,g
2197,Äggröra,"Fosfor, P",Äggprodukter o rätter,187.0,mg
2197,Äggröra,Niacinekvivalenter,Äggprodukter o rätter,2.98,NE/mg
2197,Äggröra,Niacin,Äggprodukter o rätter,0.01,mg
2197,Äggröra,"Salt, NaCl",Äggprodukter o rätter,1.3,g
2197,Äggröra,"Natrium, Na",Äggprodukter o rätter,486.0,mg
2197,Äggröra,Monosackarider,Äggprodukter o rätter,0.4,g
2197,Äggröra,"Sockerarter, totalt",Äggprodukter o rätter,1.0,g
2197,Äggröra,Summa enkelomättade fettsyror,Äggprodukter o rätter,5.4,g
2197,Äggröra,"Magnesium, Mg",Äggprodukter o rätter,12.0,mg
2197,Äggröra,Summa mättade fettsyror,Äggprodukter o rätter,7.3,g
2197,Äggröra,"Kolhydrater, tillgängliga",Äggprodukter o rätter,1.0,g
2197,Äggröra,Kolesterol,Äggprodukter o rätter,336.5,mg
2197,Äggröra,"Kalium, K",Äggprodukter o rätter,142.0,mg
2197,Äggröra,"Jod, I",Äggprodukter o rätter,81.6,µg
2197,Äggröra,Fullkorn totalt,Äggprodukter o rätter,0.0,g
2197,Äggröra,"Folat, totalt",Äggprodukter o rätter,56.1,µg
2197,Äggröra,Fibrer,Äggprodukter o rätter,0.0,g
2197,Äggröra,"Fett, totalt",Äggprodukter o rätter,16.4,g
2197,Äggröra,"Järn, Fe",Äggprodukter o rätter,1.6,mg
2197,Äggröra,Energi (kJ),Äggprodukter o rätter,823.0,kJ
2197,Äggröra,Energi (kcal),Äggprodukter o rätter,196.0,kcal
2197,Äggröra,Disackarider,Äggprodukter o rätter,0.6,g
2197,Äggröra,"Kalcium, Ca",Äggprodukter o rätter,64.0,mg
2197,Äggröra,Fettsyra 4:0-10:0,Äggprodukter o rätter,0.7,g
2197,Äggröra,DHA (C22:6),Äggprodukter o rätter,0.1,g
2197,Äggröra,DPA (C22:5),Äggprodukter o rätter,0.0,g
2197,Äggröra,EPA (C20:5),Äggprodukter o rätter,0.0,g
2197,Äggröra,Arakidonsyra C20:4,Äggprodukter o rätter,0.1,g
2197,Äggröra,Arakidinsyra C20:0,Äggprodukter o rätter,0.0,g
2197,Äggröra,Linolensyra C18:3,Äggprodukter o rätter,0.1,g
2197,Äggröra,Linolsyra C18:2,Äggprodukter o rätter,1.2,g
2197,Äggröra,Oljesyra C18:1,Äggprodukter o rätter,4.9,g
2197,Äggröra,Stearinsyra C18:0,Äggprodukter o rätter,1.3,g
2197,Äggröra,Palmitoljesyra C16:1,Äggprodukter o rätter,0.4,g
2197,Äggröra,Palmitinsyra C16:0,Äggprodukter o rätter,4.0,g
2197,Äggröra,Myristinsyra C14:0,Äggprodukter o rätter,0.8,g
2197,Äggröra,Laurinsyra C12:0,Äggprodukter o rätter,0.2,g
2197,Äggröra,Betakaroten/β-Karoten,Äggprodukter o rätter,39.0,µg
2197,Äggröra,Avfall (skal etc.),Äggprodukter o rätter,10.0,%
2197,Äggröra,Aska,Äggprodukter o rätter,1.7,g
2197,Äggröra,Alkohol,Äggprodukter o rätter,0.0,g
2205,Ägg kokt,"Zink, Zn",Ägg ,1.3,mg
2205,Ägg kokt,Vitamin E,Ägg ,5.6,mg
2205,Ägg kokt,Vitamin D inkl 25-OH-D3,Ägg ,2.51,µg
2205,Ägg kokt,Vitamin D,Ägg ,1.29,µg
2205,Ägg kokt,Vitamin C,Ägg ,0.0,mg
2205,Ägg kokt,Vitamin B6,Ägg ,0.08,mg
2205,Ägg kokt,Vitamin B12,Ägg ,1.18,µg
2205,Ägg kokt,Vitamin A,Ägg ,233.2,RE/µg
2205,Ägg kokt,Vatten,Ägg ,76.3,g
2205,Ägg kokt,Tiamin,Ägg ,0.06,mg
2205,Ägg kokt,Tillsatt socker,Ägg ,0.0,g
2205,Ägg kokt,Fritt socker,Ägg ,0.0,g
2205,Ägg kokt,"Selen, Se",Ägg ,22.6,µg
2205,Ägg kokt,Sackaros,Ägg ,0.0,g
2205,Ägg kokt,Riboflavin,Ägg ,0.36,mg
2205,Ägg kokt,Retinol,Ägg ,233.0,µg
2205,Ägg kokt,Protein,Ägg ,12.2,g
2205,Ägg kokt,Summa fleromättade fettsyror,Ägg ,1.5,g
2205,Ägg kokt,"Fosfor, P",Ägg ,184.0,mg
2205,Ägg kokt,Niacinekvivalenter,Ägg ,3.1,NE/mg
2205,Ägg kokt,Niacin,Ägg ,0.0,mg
2205,Ägg kokt,"Salt, NaCl",Ägg ,0.4,g
2205,Ägg kokt,"Natrium, Na",Ägg ,142.0,mg
2205,Ägg kokt,Monosackarider,Ägg ,0.4,g
2205,Ägg kokt,"Sockerarter, totalt",Ägg ,0.4,g
2205,Ägg kokt,Summa enkelomättade fettsyror,Ägg ,4.0,g
2205,Ägg kokt,"Magnesium, Mg",Ägg ,12.0,mg
2205,Ägg kokt,Summa mättade fettsyror,Ägg ,2.6,g
2205,Ägg kokt,"Kolhydrater, tillgängliga",Ägg ,0.4,g
2205,Ägg kokt,Kolesterol,Ägg ,340.0,mg
2205,Ägg kokt,"Kalium, K",Ägg ,132.0,mg
2205,Ägg kokt,"Jod, I",Ägg ,42.0,µg
2205,Ägg kokt,Fullkorn totalt,Ägg ,0.0,g
2205,Ägg kokt,"Folat, totalt",Ägg ,81.5,µg
2205,Ägg kokt,Fibrer,Ägg ,0.0,g
2205,Ägg kokt,"Fett, totalt",Ägg ,9.7,g
2205,Ägg kokt,"Järn, Fe",Ägg ,1.7,mg
2205,Ägg kokt,Energi (kJ),Ägg ,575.0,kJ
2205,Ägg kokt,Energi (kcal),Ägg ,137.0,kcal
2205,Ägg kokt,Disackarider,Ägg ,0.0,g
2205,Ägg kokt,"Kalcium, Ca",Ägg ,52.0,mg
2205,Ägg kokt,Fettsyra 4:0-10:0,Ägg ,0.0,g
2205,Ägg kokt,DHA (C22:6),Ägg ,0.1,g
2205,Ägg kokt,DPA (C22:5),Ägg ,0.0,g
2205,Ägg kokt,EPA (C20:5),Ägg ,0.0,g
2205,Ägg kokt,Arakidonsyra C20:4,Ägg ,0.1,g
2205,Ägg kokt,Arakidinsyra C20:0,Ägg ,0.0,g
2205,Ägg kokt,Linolensyra C18:3,Ägg ,0.1,g
2205,Ägg kokt,Linolsyra C18:2,Ägg ,1.1,g
2205,Ägg kokt,Oljesyra C18:1,Ägg ,3.7,g
2205,Ägg kokt,Stearinsyra C18:0,Ägg ,0.7,g
2205,Ägg kokt,Palmitoljesyra C16:1,Ägg ,0.2,g
2205,Ägg kokt,Palmitinsyra C16:0,Ägg ,1.9,g
2205,Ägg kokt,Myristinsyra C14:0,Ägg ,0.0,g
2205,Ägg kokt,Laurinsyra C12:0,Ägg ,0.0,g
2205,Ägg kokt,Betakaroten/β-Karoten,Ägg ,0.0,µg
2205,Ägg kokt,Avfall (skal etc.),Ägg ,12.0,%
2205,Ägg kokt,Aska,Ägg ,0.8,g
2205,Ägg kokt,Alkohol,Ägg ,0.0,g
2214,Aloe vera juice naturell,"Zink, Zn",Kost- o näringspreparat,0.0,mg
2214,Aloe vera juice naturell,Vitamin E,Kost- o näringspreparat,0.0,mg
2214,Aloe vera juice naturell,Vitamin D inkl 25-OH-D3,Kost- o näringspreparat,0.0,µg
2214,Aloe vera juice naturell,Vitamin D,Kost- o näringspreparat,0.0,µg
2214,Aloe vera juice naturell,Vitamin C,Kost- o näringspreparat,0.0,mg
2214,Aloe vera juice naturell,Vitamin B6,Kost- o näringspreparat,0.0,mg
2214,Aloe vera juice naturell,Vitamin B12,Kost- o näringspreparat,0.0,µg
2214,Aloe vera juice naturell,Vitamin A,Kost- o näringspreparat,0.0,RE/µg
2214,Aloe vera juice naturell,Vatten,Kost- o näringspreparat,99.2,g
2214,Aloe vera juice naturell,Tiamin,Kost- o näringspreparat,0.0,mg
2214,Aloe vera juice naturell,Tillsatt socker,Kost- o näringspreparat,0.0,g
2214,Aloe vera juice naturell,Fritt socker,Kost- o näringspreparat,0.0,g
2214,Aloe vera juice naturell,"Selen, Se",Kost- o näringspreparat,0.0,µg
2214,Aloe vera juice naturell,Sackaros,Kost- o näringspreparat,0.0,g
2214,Aloe vera juice naturell,Riboflavin,Kost- o näringspreparat,0.0,mg
2214,Aloe vera juice naturell,Retinol,Kost- o näringspreparat,0.0,µg
2214,Aloe vera juice naturell,Protein,Kost- o näringspreparat,0.0,g
2214,Aloe vera juice naturell,Summa fleromättade fettsyror,Kost- o näringspreparat,0.0,g
2214,Aloe vera juice naturell,"Fosfor, P",Kost- o näringspreparat,0.0,mg
2214,Aloe vera juice naturell,Niacinekvivalenter,Kost- o näringspreparat,0.0,NE/mg
2214,Aloe vera juice naturell,Niacin,Kost- o näringspreparat,0.0,mg
2214,Aloe vera juice naturell,"Salt, NaCl",Kost- o näringspreparat,0.1,g
2214,Aloe vera juice naturell,"Natrium, Na",Kost- o näringspreparat,38.0,mg
2214,Aloe vera juice naturell,Monosackarider,Kost- o näringspreparat,0.1,g
2214,Aloe vera juice naturell,"Sockerarter, totalt",Kost- o näringspreparat,0.1,g
2214,Aloe vera juice naturell,Summa enkelomättade fettsyror,Kost- o näringspreparat,0.0,g
2214,Aloe vera juice naturell,"Magnesium, Mg",Kost- o näringspreparat,3.0,mg
2214,Aloe vera juice naturell,Summa mättade fettsyror,Kost- o näringspreparat,0.0,g
2214,Aloe vera juice naturell,"Kolhydrater, tillgängliga",Kost- o näringspreparat,0.5,g
2214,Aloe vera juice naturell,Kolesterol,Kost- o näringspreparat,0.0,mg
2214,Aloe vera juice naturell,"Kalium, K",Kost- o näringspreparat,55.0,mg
2214,Aloe vera juice naturell,"Jod, I",Kost- o näringspreparat,0.0,µg
2214,Aloe vera juice naturell,Fullkorn totalt,Kost- o näringspreparat,0.0,g
2214,Aloe vera juice naturell,"Folat, totalt",Kost- o näringspreparat,0.0,µg
2214,Aloe vera juice naturell,Fibrer,Kost- o näringspreparat,0.0,g
2214,Aloe vera juice naturell,"Fett, totalt",Kost- o näringspreparat,0.1,g
2214,Aloe vera juice naturell,"Järn, Fe",Kost- o näringspreparat,0.0,mg
2214,Aloe vera juice naturell,Energi (kJ),Kost- o näringspreparat,12.0,kJ
2214,Aloe vera juice naturell,Energi (kcal),Kost- o näringspreparat,3.0,kcal
2214,Aloe vera juice naturell,Disackarider,Kost- o näringspreparat,0.0,g
2214,Aloe vera juice naturell,"Kalcium, Ca",Kost- o näringspreparat,17.0,mg
2214,Aloe vera juice naturell,Fettsyra 4:0-10:0,Kost- o näringspreparat,0.0,g
2214,Aloe vera juice naturell,DHA (C22:6),Kost- o näringspreparat,0.0,g
2214,Aloe vera juice naturell,DPA (C22:5),Kost- o näringspreparat,0.0,g
2214,Aloe vera juice naturell,EPA (C20:5),Kost- o näringspreparat,0.0,g
2214,Aloe vera juice naturell,Arakidonsyra C20:4,Kost- o näringspreparat,0.0,g
2214,Aloe vera juice naturell,Arakidinsyra C20:0,Kost- o näringspreparat,0.0,g
2214,Aloe vera juice naturell,Linolensyra C18:3,Kost- o näringspreparat,0.0,g
2214,Aloe vera juice naturell,Linolsyra C18:2,Kost- o näringspreparat,0.0,g
2214,Aloe vera juice naturell,Oljesyra C18:1,Kost- o näringspreparat,0.0,g
2214,Aloe vera juice naturell,Stearinsyra C18:0,Kost- o näringspreparat,0.0,g
2214,Aloe vera juice naturell,Palmitoljesyra C16:1,Kost- o näringspreparat,0.0,g
2214,Aloe vera juice naturell,Palmitinsyra C16:0,Kost- o näringspreparat,0.0,g
2214,Aloe vera juice naturell,Myristinsyra C14:0,Kost- o näringspreparat,0.0,g
2214,Aloe vera juice naturell,Laurinsyra C12:0,Kost- o näringspreparat,0.0,g
2214,Aloe vera juice naturell,Betakaroten/β-Karoten,Kost- o näringspreparat,0.0,µg
2214,Aloe vera juice naturell,Avfall (skal etc.),Kost- o näringspreparat,0.0,%
2214,Aloe vera juice naturell,Aska,Kost- o näringspreparat,0.3,g
2214,Aloe vera juice naturell,Alkohol,Kost- o näringspreparat,0.0,g
2216,Aloe vera juice m. grönt te,"Zink, Zn",Kost- o näringspreparat,0.0,mg
2216,Aloe vera juice m. grönt te,Vitamin E,Kost- o näringspreparat,0.0,mg
2216,Aloe vera juice m. grönt te,Vitamin D inkl 25-OH-D3,Kost- o näringspreparat,0.0,µg
2216,Aloe vera juice m. grönt te,Vitamin D,Kost- o näringspreparat,0.0,µg
2216,Aloe vera juice m. grönt te,Vitamin C,Kost- o näringspreparat,0.0,mg
2216,Aloe vera juice m. grönt te,Vitamin B6,Kost- o näringspreparat,0.0,mg
2216,Aloe vera juice m. grönt te,Vitamin B12,Kost- o näringspreparat,0.0,µg
2216,Aloe vera juice m. grönt te,Vitamin A,Kost- o näringspreparat,0.0,RE/µg
2216,Aloe vera juice m. grönt te,Vatten,Kost- o näringspreparat,93.0,g
2216,Aloe vera juice m. grönt te,Tiamin,Kost- o näringspreparat,0.0,mg
2216,Aloe vera juice m. grönt te,Tillsatt socker,Kost- o näringspreparat,0.0,g
2216,Aloe vera juice m. grönt te,Fritt socker,Kost- o näringspreparat,0.0,g
2216,Aloe vera juice m. grönt te,"Selen, Se",Kost- o näringspreparat,0.0,µg
2216,Aloe vera juice m. grönt te,Sackaros,Kost- o näringspreparat,0.0,g
2216,Aloe vera juice m. grönt te,Riboflavin,Kost- o näringspreparat,0.0,mg
2216,Aloe vera juice m. grönt te,Retinol,Kost- o näringspreparat,0.0,µg
2216,Aloe vera juice m. grönt te,Protein,Kost- o näringspreparat,0.0,g
2216,Aloe vera juice m. grönt te,Summa fleromättade fettsyror,Kost- o näringspreparat,0.0,g
2216,Aloe vera juice m. grönt te,"Fosfor, P",Kost- o näringspreparat,1.0,mg
2216,Aloe vera juice m. grönt te,Niacinekvivalenter,Kost- o näringspreparat,0.0,NE/mg
2216,Aloe vera juice m. grönt te,Niacin,Kost- o näringspreparat,0.0,mg
2216,Aloe vera juice m. grönt te,"Salt, NaCl",Kost- o näringspreparat,0.0,g
2216,Aloe vera juice m. grönt te,"Natrium, Na",Kost- o näringspreparat,7.0,mg
2216,Aloe vera juice m. grönt te,Monosackarider,Kost- o näringspreparat,0.2,g
2216,Aloe vera juice m. grönt te,"Sockerarter, totalt",Kost- o näringspreparat,0.2,g
2216,Aloe vera juice m. grönt te,Summa enkelomättade fettsyror,Kost- o näringspreparat,0.0,g
2216,Aloe vera juice m. grönt te,"Magnesium, Mg",Kost- o näringspreparat,2.0,mg
2216,Aloe vera juice m. grönt te,Summa mättade fettsyror,Kost- o näringspreparat,0.0,g
2216,Aloe vera juice m. grönt te,"Kolhydrater, tillgängliga",Kost- o näringspreparat,6.5,g
2216,Aloe vera juice m. grönt te,Kolesterol,Kost- o näringspreparat,0.0,mg
2216,Aloe vera juice m. grönt te,"Kalium, K",Kost- o näringspreparat,60.0,mg
2216,Aloe vera juice m. grönt te,"Jod, I",Kost- o näringspreparat,0.0,µg
2216,Aloe vera juice m. grönt te,Fullkorn totalt,Kost- o näringspreparat,0.0,g
2216,Aloe vera juice m. grönt te,"Folat, totalt",Kost- o näringspreparat,0.0,µg
2216,Aloe vera juice m. grönt te,Fibrer,Kost- o näringspreparat,0.0,g
2216,Aloe vera juice m. grönt te,"Fett, totalt",Kost- o näringspreparat,0.4,g
2216,Aloe vera juice m. grönt te,"Järn, Fe",Kost- o näringspreparat,0.0,mg
2216,Aloe vera juice m. grönt te,Energi (kJ),Kost- o näringspreparat,124.0,kJ
2216,Aloe vera juice m. grönt te,Energi (kcal),Kost- o näringspreparat,30.0,kcal
2216,Aloe vera juice m. grönt te,Disackarider,Kost- o näringspreparat,0.0,g
2216,Aloe vera juice m. grönt te,"Kalcium, Ca",Kost- o näringspreparat,5.0,mg
2216,Aloe vera juice m. grönt te,Fettsyra 4:0-10:0,Kost- o näringspreparat,0.0,g
2216,Aloe vera juice m. grönt te,DHA (C22:6),Kost- o näringspreparat,0.0,g
2216,Aloe vera juice m. grönt te,DPA (C22:5),Kost- o näringspreparat,0.0,g
2216,Aloe vera juice m. grönt te,EPA (C20:5),Kost- o näringspreparat,0.0,g
2216,Aloe vera juice m. grönt te,Arakidonsyra C20:4,Kost- o näringspreparat,0.0,g
2216,Aloe vera juice m. grönt te,Arakidinsyra C20:0,Kost- o näringspreparat,0.0,g
2216,Aloe vera juice m. grönt te,Linolensyra C18:3,Kost- o näringspreparat,0.0,g
2216,Aloe vera juice m. grönt te,Linolsyra C18:2,Kost- o näringspreparat,0.0,g
2216,Aloe vera juice m. grönt te,Oljesyra C18:1,Kost- o näringspreparat,0.0,g
2216,Aloe vera juice m. grönt te,Stearinsyra C18:0,Kost- o näringspreparat,0.0,g
2216,Aloe vera juice m. grönt te,Palmitoljesyra C16:1,Kost- o näringspreparat,0.0,g
2216,Aloe vera juice m. grönt te,Palmitinsyra C16:0,Kost- o näringspreparat,0.0,g
2216,Aloe vera juice m. grönt te,Myristinsyra C14:0,Kost- o näringspreparat,0.0,g
2216,Aloe vera juice m. grönt te,Laurinsyra C12:0,Kost- o näringspreparat,0.0,g
2216,Aloe vera juice m. grönt te,Betakaroten/β-Karoten,Kost- o näringspreparat,0.0,µg
2216,Aloe vera juice m. grönt te,Avfall (skal etc.),Kost- o näringspreparat,0.0,%
2216,Aloe vera juice m. grönt te,Aska,Kost- o näringspreparat,0.2,g
2216,Aloe vera juice m. grönt te,Alkohol,Kost- o näringspreparat,0.0,g
2217,Aloe vera-dryck m. tranbär äpple,"Zink, Zn",Kost- o näringspreparat,0.0,mg
2217,Aloe vera-dryck m. tranbär äpple,Vitamin E,Kost- o näringspreparat,1.2,mg
2217,Aloe vera-dryck m. tranbär äpple,Vitamin D inkl 25-OH-D3,Kost- o näringspreparat,0.0,µg
2217,Aloe vera-dryck m. tranbär äpple,Vitamin D,Kost- o näringspreparat,0.0,µg
2217,Aloe vera-dryck m. tranbär äpple,Vitamin C,Kost- o näringspreparat,82.7,mg
2217,Aloe vera-dryck m. tranbär äpple,Vitamin B6,Kost- o näringspreparat,0.0,mg
2217,Aloe vera-dryck m. tranbär äpple,Vitamin B12,Kost- o näringspreparat,0.0,µg
2217,Aloe vera-dryck m. tranbär äpple,Vitamin A,Kost- o näringspreparat,0.0,RE/µg
2217,Aloe vera-dryck m. tranbär äpple,Vatten,Kost- o näringspreparat,90.5,g
2217,Aloe vera-dryck m. tranbär äpple,Tiamin,Kost- o näringspreparat,0.0,mg
2217,Aloe vera-dryck m. tranbär äpple,Tillsatt socker,Kost- o näringspreparat,0.0,g
2217,Aloe vera-dryck m. tranbär äpple,Fritt socker,Kost- o näringspreparat,9.0,g
2217,Aloe vera-dryck m. tranbär äpple,"Selen, Se",Kost- o näringspreparat,0.0,µg
2217,Aloe vera-dryck m. tranbär äpple,Sackaros,Kost- o näringspreparat,0.0,g
2217,Aloe vera-dryck m. tranbär äpple,Riboflavin,Kost- o näringspreparat,0.0,mg
2217,Aloe vera-dryck m. tranbär äpple,Retinol,Kost- o näringspreparat,0.0,µg
2217,Aloe vera-dryck m. tranbär äpple,Protein,Kost- o näringspreparat,0.0,g
2217,Aloe vera-dryck m. tranbär äpple,Summa fleromättade fettsyror,Kost- o näringspreparat,0.0,g
2217,Aloe vera-dryck m. tranbär äpple,"Fosfor, P",Kost- o näringspreparat,2.0,mg
2217,Aloe vera-dryck m. tranbär äpple,Niacinekvivalenter,Kost- o näringspreparat,0.0,NE/mg
2217,Aloe vera-dryck m. tranbär äpple,Niacin,Kost- o näringspreparat,0.0,mg
2217,Aloe vera-dryck m. tranbär äpple,"Salt, NaCl",Kost- o näringspreparat,0.0,g
2217,Aloe vera-dryck m. tranbär äpple,"Natrium, Na",Kost- o näringspreparat,17.0,mg
2217,Aloe vera-dryck m. tranbär äpple,Monosackarider,Kost- o näringspreparat,8.7,g
2217,Aloe vera-dryck m. tranbär äpple,"Sockerarter, totalt",Kost- o näringspreparat,8.7,g
2217,Aloe vera-dryck m. tranbär äpple,Summa enkelomättade fettsyror,Kost- o näringspreparat,0.0,g
2217,Aloe vera-dryck m. tranbär äpple,"Magnesium, Mg",Kost- o näringspreparat,6.0,mg
2217,Aloe vera-dryck m. tranbär äpple,Summa mättade fettsyror,Kost- o näringspreparat,0.0,g
2217,Aloe vera-dryck m. tranbär äpple,"Kolhydrater, tillgängliga",Kost- o näringspreparat,9.1,g
2217,Aloe vera-dryck m. tranbär äpple,Kolesterol,Kost- o näringspreparat,0.0,mg
2217,Aloe vera-dryck m. tranbär äpple,"Kalium, K",Kost- o näringspreparat,57.0,mg
2217,Aloe vera-dryck m. tranbär äpple,"Jod, I",Kost- o näringspreparat,0.0,µg
2217,Aloe vera-dryck m. tranbär äpple,Fullkorn totalt,Kost- o näringspreparat,0.0,g
2217,Aloe vera-dryck m. tranbär äpple,"Folat, totalt",Kost- o näringspreparat,0.0,µg
2217,Aloe vera-dryck m. tranbär äpple,Fibrer,Kost- o näringspreparat,0.0,g
2217,Aloe vera-dryck m. tranbär äpple,"Fett, totalt",Kost- o näringspreparat,0.2,g
2217,Aloe vera-dryck m. tranbär äpple,"Järn, Fe",Kost- o näringspreparat,0.0,mg
2217,Aloe vera-dryck m. tranbär äpple,Energi (kJ),Kost- o näringspreparat,162.0,kJ
2217,Aloe vera-dryck m. tranbär äpple,Energi (kcal),Kost- o näringspreparat,39.0,kcal
2217,Aloe vera-dryck m. tranbär äpple,Disackarider,Kost- o näringspreparat,0.0,g
2217,Aloe vera-dryck m. tranbär äpple,"Kalcium, Ca",Kost- o näringspreparat,36.0,mg
2217,Aloe vera-dryck m. tranbär äpple,Fettsyra 4:0-10:0,Kost- o näringspreparat,0.0,g
2217,Aloe vera-dryck m. tranbär äpple,DHA (C22:6),Kost- o näringspreparat,0.0,g
2217,Aloe vera-dryck m. tranbär äpple,DPA (C22:5),Kost- o näringspreparat,0.0,g
2217,Aloe vera-dryck m. tranbär äpple,EPA (C20:5),Kost- o näringspreparat,0.0,g
2217,Aloe vera-dryck m. tranbär äpple,Arakidonsyra C20:4,Kost- o näringspreparat,0.0,g
2217,Aloe vera-dryck m. tranbär äpple,Arakidinsyra C20:0,Kost- o näringspreparat,0.0,g
2217,Aloe vera-dryck m. tranbär äpple,Linolensyra C18:3,Kost- o näringspreparat,0.0,g
2217,Aloe vera-dryck m. tranbär äpple,Linolsyra C18:2,Kost- o näringspreparat,0.0,g
2217,Aloe vera-dryck m. tranbär äpple,Oljesyra C18:1,Kost- o näringspreparat,0.0,g
2217,Aloe vera-dryck m. tranbär äpple,Stearinsyra C18:0,Kost- o näringspreparat,0.0,g
2217,Aloe vera-dryck m. tranbär äpple,Palmitoljesyra C16:1,Kost- o näringspreparat,0.0,g
2217,Aloe vera-dryck m. tranbär äpple,Palmitinsyra C16:0,Kost- o näringspreparat,0.0,g
2217,Aloe vera-dryck m. tranbär äpple,Myristinsyra C14:0,Kost- o näringspreparat,0.0,g
2217,Aloe vera-dryck m. tranbär äpple,Laurinsyra C12:0,Kost- o näringspreparat,0.0,g
2217,Aloe vera-dryck m. tranbär äpple,Betakaroten/β-Karoten,Kost- o näringspreparat,0.0,µg
2217,Aloe vera-dryck m. tranbär äpple,Avfall (skal etc.),Kost- o näringspreparat,0.0,%
2217,Aloe vera-dryck m. tranbär äpple,Aska,Kost- o näringspreparat,0.2,g
2217,Aloe vera-dryck m. tranbär äpple,Alkohol,Kost- o näringspreparat,0.0,g
2218,Aloe vera-dryck naturell,"Zink, Zn",Kost- o näringspreparat,0.0,mg
2218,Aloe vera-dryck naturell,Vitamin E,Kost- o näringspreparat,1.5,mg
2218,Aloe vera-dryck naturell,Vitamin D inkl 25-OH-D3,Kost- o näringspreparat,0.0,µg
2218,Aloe vera-dryck naturell,Vitamin D,Kost- o näringspreparat,0.0,µg
2218,Aloe vera-dryck naturell,Vitamin C,Kost- o näringspreparat,53.7,mg
2218,Aloe vera-dryck naturell,Vitamin B6,Kost- o näringspreparat,0.0,mg
2218,Aloe vera-dryck naturell,Vitamin B12,Kost- o näringspreparat,0.0,µg
2218,Aloe vera-dryck naturell,Vitamin A,Kost- o näringspreparat,0.0,RE/µg
2218,Aloe vera-dryck naturell,Vatten,Kost- o näringspreparat,95.3,g
2218,Aloe vera-dryck naturell,Tiamin,Kost- o näringspreparat,0.0,mg
2218,Aloe vera-dryck naturell,Tillsatt socker,Kost- o näringspreparat,0.0,g
2218,Aloe vera-dryck naturell,Fritt socker,Kost- o näringspreparat,0.0,g
2218,Aloe vera-dryck naturell,"Selen, Se",Kost- o näringspreparat,0.0,µg
2218,Aloe vera-dryck naturell,Sackaros,Kost- o näringspreparat,0.0,g
2218,Aloe vera-dryck naturell,Riboflavin,Kost- o näringspreparat,0.0,mg
2218,Aloe vera-dryck naturell,Retinol,Kost- o näringspreparat,0.0,µg
2218,Aloe vera-dryck naturell,Protein,Kost- o näringspreparat,0.0,g
2218,Aloe vera-dryck naturell,Summa fleromättade fettsyror,Kost- o näringspreparat,0.0,g
2218,Aloe vera-dryck naturell,"Fosfor, P",Kost- o näringspreparat,1.0,mg
2218,Aloe vera-dryck naturell,Niacinekvivalenter,Kost- o näringspreparat,0.0,NE/mg
2218,Aloe vera-dryck naturell,Niacin,Kost- o näringspreparat,0.0,mg
2218,Aloe vera-dryck naturell,"Salt, NaCl",Kost- o näringspreparat,0.1,g
2218,Aloe vera-dryck naturell,"Natrium, Na",Kost- o näringspreparat,26.0,mg
2218,Aloe vera-dryck naturell,Monosackarider,Kost- o näringspreparat,0.2,g
2218,Aloe vera-dryck naturell,"Sockerarter, totalt",Kost- o näringspreparat,0.2,g
2218,Aloe vera-dryck naturell,Summa enkelomättade fettsyror,Kost- o näringspreparat,0.0,g
2218,Aloe vera-dryck naturell,"Magnesium, Mg",Kost- o näringspreparat,12.0,mg
2218,Aloe vera-dryck naturell,Summa mättade fettsyror,Kost- o näringspreparat,0.0,g
2218,Aloe vera-dryck naturell,"Kolhydrater, tillgängliga",Kost- o näringspreparat,4.4,g
2218,Aloe vera-dryck naturell,Kolesterol,Kost- o näringspreparat,0.0,mg
2218,Aloe vera-dryck naturell,"Kalium, K",Kost- o näringspreparat,21.0,mg
2218,Aloe vera-dryck naturell,"Jod, I",Kost- o näringspreparat,0.0,µg
2218,Aloe vera-dryck naturell,Fullkorn totalt,Kost- o näringspreparat,0.0,g
2218,Aloe vera-dryck naturell,"Folat, totalt",Kost- o näringspreparat,0.0,µg
2218,Aloe vera-dryck naturell,Fibrer,Kost- o näringspreparat,0.0,g
2218,Aloe vera-dryck naturell,"Fett, totalt",Kost- o näringspreparat,0.1,g
2218,Aloe vera-dryck naturell,"Järn, Fe",Kost- o näringspreparat,0.0,mg
2218,Aloe vera-dryck naturell,Energi (kJ),Kost- o näringspreparat,78.0,kJ
2218,Aloe vera-dryck naturell,Energi (kcal),Kost- o näringspreparat,19.0,kcal
2218,Aloe vera-dryck naturell,Disackarider,Kost- o näringspreparat,0.0,g
2218,Aloe vera-dryck naturell,"Kalcium, Ca",Kost- o näringspreparat,20.0,mg
2218,Aloe vera-dryck naturell,Fettsyra 4:0-10:0,Kost- o näringspreparat,0.0,g
2218,Aloe vera-dryck naturell,DHA (C22:6),Kost- o näringspreparat,0.0,g
2218,Aloe vera-dryck naturell,DPA (C22:5),Kost- o näringspreparat,0.0,g
2218,Aloe vera-dryck naturell,EPA (C20:5),Kost- o näringspreparat,0.0,g
2218,Aloe vera-dryck naturell,Arakidonsyra C20:4,Kost- o näringspreparat,0.0,g
2218,Aloe vera-dryck naturell,Arakidinsyra C20:0,Kost- o näringspreparat,0.0,g
2218,Aloe vera-dryck naturell,Linolensyra C18:3,Kost- o näringspreparat,0.0,g
2218,Aloe vera-dryck naturell,Linolsyra C18:2,Kost- o näringspreparat,0.0,g
2218,Aloe vera-dryck naturell,Oljesyra C18:1,Kost- o näringspreparat,0.0,g
2218,Aloe vera-dryck naturell,Stearinsyra C18:0,Kost- o näringspreparat,0.0,g
2218,Aloe vera-dryck naturell,Palmitoljesyra C16:1,Kost- o näringspreparat,0.0,g
2218,Aloe vera-dryck naturell,Palmitinsyra C16:0,Kost- o näringspreparat,0.0,g
2218,Aloe vera-dryck naturell,Myristinsyra C14:0,Kost- o näringspreparat,0.0,g
2218,Aloe vera-dryck naturell,Laurinsyra C12:0,Kost- o näringspreparat,0.0,g
2218,Aloe vera-dryck naturell,Betakaroten/β-Karoten,Kost- o näringspreparat,0.0,µg
2218,Aloe vera-dryck naturell,Avfall (skal etc.),Kost- o näringspreparat,0.0,%
2218,Aloe vera-dryck naturell,Aska,Kost- o näringspreparat,0.2,g
2218,Aloe vera-dryck naturell,Alkohol,Kost- o näringspreparat,0.0,g
2219,Toscaglasyr,"Zink, Zn",Bullar kakor tårtor mm,1.2,mg
2219,Toscaglasyr,Vitamin E,Bullar kakor tårtor mm,14.3,mg
2219,Toscaglasyr,Vitamin D,Bullar kakor tårtor mm,2.55,µg
2219,Toscaglasyr,Vitamin C,Bullar kakor tårtor mm,0.1,mg
2219,Toscaglasyr,Vitamin B6,Bullar kakor tårtor mm,0.2,mg
2219,Toscaglasyr,Vitamin B12,Bullar kakor tårtor mm,0.02,µg
2219,Toscaglasyr,Vitamin A,Bullar kakor tårtor mm,139.1,RE/µg
2219,Toscaglasyr,Vatten,Bullar kakor tårtor mm,12.4,g
2219,Toscaglasyr,Tiamin,Bullar kakor tårtor mm,0.2,mg
2219,Toscaglasyr,Tillsatt socker,Bullar kakor tårtor mm,25.0,g
2219,Toscaglasyr,Fritt socker,Bullar kakor tårtor mm,25.0,g
2219,Toscaglasyr,"Selen, Se",Bullar kakor tårtor mm,2.1,µg
2219,Toscaglasyr,Sackaros,Bullar kakor tårtor mm,17.9,g
2219,Toscaglasyr,Riboflavin,Bullar kakor tårtor mm,0.12,mg
2219,Toscaglasyr,Retinol,Bullar kakor tårtor mm,130.6,µg
2219,Toscaglasyr,Protein,Bullar kakor tårtor mm,9.3,g
2219,Toscaglasyr,Summa fleromättade fettsyror,Bullar kakor tårtor mm,6.9,g
2219,Toscaglasyr,"Fosfor, P",Bullar kakor tårtor mm,239.0,mg
2219,Toscaglasyr,Niacinekvivalenter,Bullar kakor tårtor mm,2.59,NE/mg
2219,Toscaglasyr,Niacin,Bullar kakor tårtor mm,1.02,mg
2219,Toscaglasyr,"Salt, NaCl",Bullar kakor tårtor mm,0.5,g
2219,Toscaglasyr,"Natrium, Na",Bullar kakor tårtor mm,183.0,mg
2219,Toscaglasyr,Monosackarider,Bullar kakor tårtor mm,9.0,g
2219,Toscaglasyr,"Sockerarter, totalt",Bullar kakor tårtor mm,27.2,g
2219,Toscaglasyr,Summa enkelomättade fettsyror,Bullar kakor tårtor mm,21.6,g
2219,Toscaglasyr,"Magnesium, Mg",Bullar kakor tårtor mm,90.0,mg
2219,Toscaglasyr,Summa mättade fettsyror,Bullar kakor tårtor mm,8.8,g
2219,Toscaglasyr,"Kolhydrater, tillgängliga",Bullar kakor tårtor mm,29.6,g
2219,Toscaglasyr,Kolesterol,Bullar kakor tårtor mm,11.1,mg
2219,Toscaglasyr,"Kalium, K",Bullar kakor tårtor mm,461.0,mg
2219,Toscaglasyr,"Jod, I",Bullar kakor tårtor mm,2.4,µg
2219,Toscaglasyr,Fullkorn totalt,Bullar kakor tårtor mm,0.0,g
2219,Toscaglasyr,"Folat, totalt",Bullar kakor tårtor mm,30.0,µg
2219,Toscaglasyr,Fibrer,Bullar kakor tårtor mm,7.2,g
2219,Toscaglasyr,"Fett, totalt",Bullar kakor tårtor mm,39.6,g
2219,Toscaglasyr,"Järn, Fe",Bullar kakor tårtor mm,1.7,mg
2219,Toscaglasyr,Energi (kJ),Bullar kakor tårtor mm,2185.0,kJ
2219,Toscaglasyr,Energi (kcal),Bullar kakor tårtor mm,522.0,kcal
2219,Toscaglasyr,Disackarider,Bullar kakor tårtor mm,18.3,g
2219,Toscaglasyr,"Kalcium, Ca",Bullar kakor tårtor mm,102.0,mg
2219,Toscaglasyr,Fettsyra 4:0-10:0,Bullar kakor tårtor mm,0.4,g
2219,Toscaglasyr,DHA (C22:6),Bullar kakor tårtor mm,0.0,g
2219,Toscaglasyr,DPA (C22:5),Bullar kakor tårtor mm,0.0,g
2219,Toscaglasyr,EPA (C20:5),Bullar kakor tårtor mm,0.0,g
2219,Toscaglasyr,Arakidonsyra C20:4,Bullar kakor tårtor mm,0.0,g
2219,Toscaglasyr,Arakidinsyra C20:0,Bullar kakor tårtor mm,0.0,g
2219,Toscaglasyr,Linolensyra C18:3,Bullar kakor tårtor mm,0.6,g
2219,Toscaglasyr,Linolsyra C18:2,Bullar kakor tårtor mm,6.0,g
2219,Toscaglasyr,Oljesyra C18:1,Bullar kakor tårtor mm,21.7,g
2219,Toscaglasyr,Stearinsyra C18:0,Bullar kakor tårtor mm,1.2,g
2219,Toscaglasyr,Palmitoljesyra C16:1,Bullar kakor tårtor mm,0.2,g
2219,Toscaglasyr,Palmitinsyra C16:0,Bullar kakor tårtor mm,5.8,g
2219,Toscaglasyr,Myristinsyra C14:0,Bullar kakor tårtor mm,0.5,g
2219,Toscaglasyr,Laurinsyra C12:0,Bullar kakor tårtor mm,0.4,g
2219,Toscaglasyr,Betakaroten/β-Karoten,Bullar kakor tårtor mm,102.0,µg
2219,Toscaglasyr,Avfall (skal etc.),Bullar kakor tårtor mm,25.0,%
2219,Toscaglasyr,Aska,Bullar kakor tårtor mm,1.9,g
2219,Toscaglasyr,Alkohol,Bullar kakor tårtor mm,0.0,g
2220,Pasta makaroner spagetti okokt glutenfri,"Zink, Zn",Pasta,0.8,mg
2220,Pasta makaroner spagetti okokt glutenfri,Vitamin E,Pasta,0.0,mg
2220,Pasta makaroner spagetti okokt glutenfri,Vitamin D inkl 25-OH-D3,Pasta,0.0,µg
2220,Pasta makaroner spagetti okokt glutenfri,Vitamin D,Pasta,0.0,µg
2220,Pasta makaroner spagetti okokt glutenfri,Vitamin C,Pasta,0.0,mg
2220,Pasta makaroner spagetti okokt glutenfri,Vitamin B6,Pasta,0.1,mg
2220,Pasta makaroner spagetti okokt glutenfri,Vitamin B12,Pasta,0.0,µg
2220,Pasta makaroner spagetti okokt glutenfri,Vitamin A,Pasta,0.0,RE/µg
2220,Pasta makaroner spagetti okokt glutenfri,Vatten,Pasta,10.2,g
2220,Pasta makaroner spagetti okokt glutenfri,Tiamin,Pasta,0.04,mg
2220,Pasta makaroner spagetti okokt glutenfri,Tillsatt socker,Pasta,0.0,g
2220,Pasta makaroner spagetti okokt glutenfri,Fritt socker,Pasta,0.0,g
2220,Pasta makaroner spagetti okokt glutenfri,"Selen, Se",Pasta,0.0,µg
2220,Pasta makaroner spagetti okokt glutenfri,Sackaros,Pasta,0.6,g
2220,Pasta makaroner spagetti okokt glutenfri,Riboflavin,Pasta,0.04,mg
2220,Pasta makaroner spagetti okokt glutenfri,Retinol,Pasta,0.0,µg
2220,Pasta makaroner spagetti okokt glutenfri,Protein,Pasta,7.3,g
2220,Pasta makaroner spagetti okokt glutenfri,Summa fleromättade fettsyror,Pasta,0.4,g
2220,Pasta makaroner spagetti okokt glutenfri,"Fosfor, P",Pasta,101.0,mg
2220,Pasta makaroner spagetti okokt glutenfri,Niacinekvivalenter,Pasta,1.1,NE/mg
2220,Pasta makaroner spagetti okokt glutenfri,Niacin,Pasta,0.34,mg
2220,Pasta makaroner spagetti okokt glutenfri,"Salt, NaCl",Pasta,0.0,g
2220,Pasta makaroner spagetti okokt glutenfri,"Natrium, Na",Pasta,7.0,mg
2220,Pasta makaroner spagetti okokt glutenfri,Monosackarider,Pasta,0.0,g
2220,Pasta makaroner spagetti okokt glutenfri,"Sockerarter, totalt",Pasta,0.8,g
2220,Pasta makaroner spagetti okokt glutenfri,Summa enkelomättade fettsyror,Pasta,0.1,g
2220,Pasta makaroner spagetti okokt glutenfri,"Magnesium, Mg",Pasta,47.0,mg
2220,Pasta makaroner spagetti okokt glutenfri,Summa mättade fettsyror,Pasta,0.6,g
2220,Pasta makaroner spagetti okokt glutenfri,"Kolhydrater, tillgängliga",Pasta,77.6,g
2220,Pasta makaroner spagetti okokt glutenfri,Kolesterol,Pasta,0.0,mg
2220,Pasta makaroner spagetti okokt glutenfri,"Kalium, K",Pasta,304.0,mg
2220,Pasta makaroner spagetti okokt glutenfri,"Jod, I",Pasta,1.0,µg
2220,Pasta makaroner spagetti okokt glutenfri,Fullkorn totalt,Pasta,0.0,g
2220,Pasta makaroner spagetti okokt glutenfri,"Folat, totalt",Pasta,40.4,µg
2220,Pasta makaroner spagetti okokt glutenfri,Fibrer,Pasta,2.8,g
2220,Pasta makaroner spagetti okokt glutenfri,"Fett, totalt",Pasta,1.3,g
2220,Pasta makaroner spagetti okokt glutenfri,"Järn, Fe",Pasta,2.0,mg
2220,Pasta makaroner spagetti okokt glutenfri,Energi (kJ),Pasta,1514.0,kJ
2220,Pasta makaroner spagetti okokt glutenfri,Energi (kcal),Pasta,362.0,kcal
2220,Pasta makaroner spagetti okokt glutenfri,Disackarider,Pasta,0.8,g
2220,Pasta makaroner spagetti okokt glutenfri,"Kalcium, Ca",Pasta,47.0,mg
2220,Pasta makaroner spagetti okokt glutenfri,Fettsyra 4:0-10:0,Pasta,0.0,g
2220,Pasta makaroner spagetti okokt glutenfri,DHA (C22:6),Pasta,0.0,g
2220,Pasta makaroner spagetti okokt glutenfri,DPA (C22:5),Pasta,0.0,g
2220,Pasta makaroner spagetti okokt glutenfri,EPA (C20:5),Pasta,0.0,g
2220,Pasta makaroner spagetti okokt glutenfri,Arakidonsyra C20:4,Pasta,0.0,g
2220,Pasta makaroner spagetti okokt glutenfri,Arakidinsyra C20:0,Pasta,0.0,g
2220,Pasta makaroner spagetti okokt glutenfri,Linolensyra C18:3,Pasta,0.0,g
2220,Pasta makaroner spagetti okokt glutenfri,Linolsyra C18:2,Pasta,0.4,g
2220,Pasta makaroner spagetti okokt glutenfri,Oljesyra C18:1,Pasta,0.1,g
2220,Pasta makaroner spagetti okokt glutenfri,Stearinsyra C18:0,Pasta,0.2,g
2220,Pasta makaroner spagetti okokt glutenfri,Palmitoljesyra C16:1,Pasta,0.0,g
2220,Pasta makaroner spagetti okokt glutenfri,Palmitinsyra C16:0,Pasta,0.3,g
2220,Pasta makaroner spagetti okokt glutenfri,Myristinsyra C14:0,Pasta,0.0,g
2220,Pasta makaroner spagetti okokt glutenfri,Laurinsyra C12:0,Pasta,0.0,g
2220,Pasta makaroner spagetti okokt glutenfri,Betakaroten/β-Karoten,Pasta,0.0,µg
2220,Pasta makaroner spagetti okokt glutenfri,Avfall (skal etc.),Pasta,0.0,%
2220,Pasta makaroner spagetti okokt glutenfri,Aska,Pasta,0.9,g
2220,Pasta makaroner spagetti okokt glutenfri,Alkohol,Pasta,0.0,g
2221,Pasta fusilli lasagneplattor okokt glutenfri,"Zink, Zn",Pasta,0.8,mg
2221,Pasta fusilli lasagneplattor okokt glutenfri,Vitamin E,Pasta,0.1,mg
2221,Pasta fusilli lasagneplattor okokt glutenfri,Vitamin D inkl 25-OH-D3,Pasta,0.0,µg
2221,Pasta fusilli lasagneplattor okokt glutenfri,Vitamin D,Pasta,0.0,µg
2221,Pasta fusilli lasagneplattor okokt glutenfri,Vitamin C,Pasta,0.0,mg
2221,Pasta fusilli lasagneplattor okokt glutenfri,Vitamin B6,Pasta,0.11,mg
2221,Pasta fusilli lasagneplattor okokt glutenfri,Vitamin B12,Pasta,0.0,µg
2221,Pasta fusilli lasagneplattor okokt glutenfri,Vitamin A,Pasta,0.0,RE/µg
2221,Pasta fusilli lasagneplattor okokt glutenfri,Vatten,Pasta,10.3,g
2221,Pasta fusilli lasagneplattor okokt glutenfri,Tiamin,Pasta,0.05,mg
2221,Pasta fusilli lasagneplattor okokt glutenfri,Tillsatt socker,Pasta,0.0,g
2221,Pasta fusilli lasagneplattor okokt glutenfri,Fritt socker,Pasta,0.0,g
2221,Pasta fusilli lasagneplattor okokt glutenfri,"Selen, Se",Pasta,0.0,µg
2221,Pasta fusilli lasagneplattor okokt glutenfri,Sackaros,Pasta,0.6,g
2221,Pasta fusilli lasagneplattor okokt glutenfri,Riboflavin,Pasta,0.04,mg
2221,Pasta fusilli lasagneplattor okokt glutenfri,Retinol,Pasta,0.0,µg
2221,Pasta fusilli lasagneplattor okokt glutenfri,Protein,Pasta,7.4,g
2221,Pasta fusilli lasagneplattor okokt glutenfri,Summa fleromättade fettsyror,Pasta,0.3,g
2221,Pasta fusilli lasagneplattor okokt glutenfri,"Fosfor, P",Pasta,96.0,mg
2221,Pasta fusilli lasagneplattor okokt glutenfri,Niacinekvivalenter,Pasta,1.2,NE/mg
2221,Pasta fusilli lasagneplattor okokt glutenfri,Niacin,Pasta,0.42,mg
2221,Pasta fusilli lasagneplattor okokt glutenfri,"Salt, NaCl",Pasta,0.0,g
2221,Pasta fusilli lasagneplattor okokt glutenfri,"Natrium, Na",Pasta,5.0,mg
2221,Pasta fusilli lasagneplattor okokt glutenfri,Monosackarider,Pasta,0.0,g
2221,Pasta fusilli lasagneplattor okokt glutenfri,"Sockerarter, totalt",Pasta,0.6,g
2221,Pasta fusilli lasagneplattor okokt glutenfri,Summa enkelomättade fettsyror,Pasta,0.1,g
2221,Pasta fusilli lasagneplattor okokt glutenfri,"Magnesium, Mg",Pasta,48.0,mg
2221,Pasta fusilli lasagneplattor okokt glutenfri,Summa mättade fettsyror,Pasta,0.8,g
2221,Pasta fusilli lasagneplattor okokt glutenfri,"Kolhydrater, tillgängliga",Pasta,76.9,g
2221,Pasta fusilli lasagneplattor okokt glutenfri,Kolesterol,Pasta,0.0,mg
2221,Pasta fusilli lasagneplattor okokt glutenfri,"Kalium, K",Pasta,305.0,mg
2221,Pasta fusilli lasagneplattor okokt glutenfri,"Jod, I",Pasta,0.0,µg
2221,Pasta fusilli lasagneplattor okokt glutenfri,Fullkorn totalt,Pasta,0.0,g
2221,Pasta fusilli lasagneplattor okokt glutenfri,"Folat, totalt",Pasta,41.5,µg
2221,Pasta fusilli lasagneplattor okokt glutenfri,Fibrer,Pasta,3.1,g
2221,Pasta fusilli lasagneplattor okokt glutenfri,"Fett, totalt",Pasta,1.4,g
2221,Pasta fusilli lasagneplattor okokt glutenfri,"Järn, Fe",Pasta,2.5,mg
2221,Pasta fusilli lasagneplattor okokt glutenfri,Energi (kJ),Pasta,1509.0,kJ
2221,Pasta fusilli lasagneplattor okokt glutenfri,Energi (kcal),Pasta,361.0,kcal
2221,Pasta fusilli lasagneplattor okokt glutenfri,Disackarider,Pasta,0.6,g
2221,Pasta fusilli lasagneplattor okokt glutenfri,"Kalcium, Ca",Pasta,47.0,mg
2221,Pasta fusilli lasagneplattor okokt glutenfri,Fettsyra 4:0-10:0,Pasta,0.0,g
2221,Pasta fusilli lasagneplattor okokt glutenfri,DHA (C22:6),Pasta,0.0,g
2221,Pasta fusilli lasagneplattor okokt glutenfri,DPA (C22:5),Pasta,0.0,g
2221,Pasta fusilli lasagneplattor okokt glutenfri,EPA (C20:5),Pasta,0.0,g
2221,Pasta fusilli lasagneplattor okokt glutenfri,Arakidonsyra C20:4,Pasta,0.0,g
2221,Pasta fusilli lasagneplattor okokt glutenfri,Arakidinsyra C20:0,Pasta,0.0,g
2221,Pasta fusilli lasagneplattor okokt glutenfri,Linolensyra C18:3,Pasta,0.0,g
2221,Pasta fusilli lasagneplattor okokt glutenfri,Linolsyra C18:2,Pasta,0.3,g
2221,Pasta fusilli lasagneplattor okokt glutenfri,Oljesyra C18:1,Pasta,0.1,g
2221,Pasta fusilli lasagneplattor okokt glutenfri,Stearinsyra C18:0,Pasta,0.3,g
2221,Pasta fusilli lasagneplattor okokt glutenfri,Palmitoljesyra C16:1,Pasta,0.0,g
2221,Pasta fusilli lasagneplattor okokt glutenfri,Palmitinsyra C16:0,Pasta,0.5,g
2221,Pasta fusilli lasagneplattor okokt glutenfri,Myristinsyra C14:0,Pasta,0.0,g
2221,Pasta fusilli lasagneplattor okokt glutenfri,Laurinsyra C12:0,Pasta,0.0,g
2221,Pasta fusilli lasagneplattor okokt glutenfri,Betakaroten/β-Karoten,Pasta,0.0,µg
2221,Pasta fusilli lasagneplattor okokt glutenfri,Avfall (skal etc.),Pasta,0.0,%
2221,Pasta fusilli lasagneplattor okokt glutenfri,Aska,Pasta,0.9,g
2221,Pasta fusilli lasagneplattor okokt glutenfri,Alkohol,Pasta,0.0,g
2222,Pepparkaka glutenfri,"Zink, Zn",Bullar kakor tårtor mm,0.3,mg
2222,Pepparkaka glutenfri,Vitamin E,Bullar kakor tårtor mm,2.2,mg
2222,Pepparkaka glutenfri,Vitamin D,Bullar kakor tårtor mm,1.4,µg
2222,Pepparkaka glutenfri,Vitamin C,Bullar kakor tårtor mm,0.0,mg
2222,Pepparkaka glutenfri,Vitamin B6,Bullar kakor tårtor mm,0.07,mg
2222,Pepparkaka glutenfri,Vitamin B12,Bullar kakor tårtor mm,0.0,µg
2222,Pepparkaka glutenfri,Vitamin A,Bullar kakor tårtor mm,175.6,RE/µg
2222,Pepparkaka glutenfri,Vatten,Bullar kakor tårtor mm,3.4,g
2222,Pepparkaka glutenfri,Tiamin,Bullar kakor tårtor mm,0.0,mg
2222,Pepparkaka glutenfri,Tillsatt socker,Bullar kakor tårtor mm,29.0,g
2222,Pepparkaka glutenfri,Fritt socker,Bullar kakor tårtor mm,29.0,g
2222,Pepparkaka glutenfri,"Selen, Se",Bullar kakor tårtor mm,0.0,µg
2222,Pepparkaka glutenfri,Sackaros,Bullar kakor tårtor mm,24.0,g
2222,Pepparkaka glutenfri,Riboflavin,Bullar kakor tårtor mm,0.01,mg
2222,Pepparkaka glutenfri,Retinol,Bullar kakor tårtor mm,173.0,µg
2222,Pepparkaka glutenfri,Protein,Bullar kakor tårtor mm,1.5,g
2222,Pepparkaka glutenfri,Summa fleromättade fettsyror,Bullar kakor tårtor mm,1.9,g
2222,Pepparkaka glutenfri,"Fosfor, P",Bullar kakor tårtor mm,35.0,mg
2222,Pepparkaka glutenfri,Niacinekvivalenter,Bullar kakor tårtor mm,3.0,NE/mg
2222,Pepparkaka glutenfri,Niacin,Bullar kakor tårtor mm,0.42,mg
2222,Pepparkaka glutenfri,"Salt, NaCl",Bullar kakor tårtor mm,1.2,g
2222,Pepparkaka glutenfri,"Natrium, Na",Bullar kakor tårtor mm,464.0,mg
2222,Pepparkaka glutenfri,Monosackarider,Bullar kakor tårtor mm,4.9,g
2222,Pepparkaka glutenfri,"Sockerarter, totalt",Bullar kakor tårtor mm,28.9,g
2222,Pepparkaka glutenfri,Summa enkelomättade fettsyror,Bullar kakor tårtor mm,4.6,g
2222,Pepparkaka glutenfri,"Magnesium, Mg",Bullar kakor tårtor mm,10.0,mg
2222,Pepparkaka glutenfri,Summa mättade fettsyror,Bullar kakor tårtor mm,8.9,g
2222,Pepparkaka glutenfri,"Kolhydrater, tillgängliga",Bullar kakor tårtor mm,75.6,g
2222,Pepparkaka glutenfri,Kolesterol,Bullar kakor tårtor mm,0.0,mg
2222,Pepparkaka glutenfri,"Kalium, K",Bullar kakor tårtor mm,122.0,mg
2222,Pepparkaka glutenfri,"Jod, I",Bullar kakor tårtor mm,3.0,µg
2222,Pepparkaka glutenfri,Fullkorn totalt,Bullar kakor tårtor mm,0.0,g
2222,Pepparkaka glutenfri,"Folat, totalt",Bullar kakor tårtor mm,0.0,µg
2222,Pepparkaka glutenfri,Fibrer,Bullar kakor tårtor mm,1.6,g
2222,Pepparkaka glutenfri,"Fett, totalt",Bullar kakor tårtor mm,16.2,g
2222,Pepparkaka glutenfri,"Järn, Fe",Bullar kakor tårtor mm,0.7,mg
2222,Pepparkaka glutenfri,Energi (kJ),Bullar kakor tårtor mm,1924.0,kJ
2222,Pepparkaka glutenfri,Energi (kcal),Bullar kakor tårtor mm,460.0,kcal
2222,Pepparkaka glutenfri,Disackarider,Bullar kakor tårtor mm,24.0,g
2222,Pepparkaka glutenfri,"Kalcium, Ca",Bullar kakor tårtor mm,33.0,mg
2222,Pepparkaka glutenfri,Fettsyra 4:0-10:0,Bullar kakor tårtor mm,0.5,g
2222,Pepparkaka glutenfri,DHA (C22:6),Bullar kakor tårtor mm,0.0,g
2222,Pepparkaka glutenfri,DPA (C22:5),Bullar kakor tårtor mm,0.0,g
2222,Pepparkaka glutenfri,EPA (C20:5),Bullar kakor tårtor mm,0.0,g
2222,Pepparkaka glutenfri,Arakidonsyra C20:4,Bullar kakor tårtor mm,0.0,g
2222,Pepparkaka glutenfri,Arakidinsyra C20:0,Bullar kakor tårtor mm,0.0,g
2222,Pepparkaka glutenfri,Linolensyra C18:3,Bullar kakor tårtor mm,0.2,g
2222,Pepparkaka glutenfri,Linolsyra C18:2,Bullar kakor tårtor mm,1.7,g
2222,Pepparkaka glutenfri,Oljesyra C18:1,Bullar kakor tårtor mm,4.6,g
2222,Pepparkaka glutenfri,Stearinsyra C18:0,Bullar kakor tårtor mm,0.6,g
2222,Pepparkaka glutenfri,Palmitoljesyra C16:1,Bullar kakor tårtor mm,0.0,g
2222,Pepparkaka glutenfri,Palmitinsyra C16:0,Bullar kakor tårtor mm,5.4,g
2222,Pepparkaka glutenfri,Myristinsyra C14:0,Bullar kakor tårtor mm,0.7,g
2222,Pepparkaka glutenfri,Laurinsyra C12:0,Bullar kakor tårtor mm,1.6,g
2222,Pepparkaka glutenfri,Betakaroten/β-Karoten,Bullar kakor tårtor mm,32.0,µg
2222,Pepparkaka glutenfri,Avfall (skal etc.),Bullar kakor tårtor mm,0.0,%
2222,Pepparkaka glutenfri,Aska,Bullar kakor tårtor mm,1.6,g
2222,Pepparkaka glutenfri,Alkohol,Bullar kakor tårtor mm,0.0,g
2223,Kex digestive fullkorn glutenfri,"Zink, Zn",Bullar kakor tårtor mm,0.3,mg
2223,Kex digestive fullkorn glutenfri,Vitamin E,Bullar kakor tårtor mm,2.8,mg
2223,Kex digestive fullkorn glutenfri,Vitamin D inkl 25-OH-D3,Bullar kakor tårtor mm,0.0,µg
2223,Kex digestive fullkorn glutenfri,Vitamin D,Bullar kakor tårtor mm,0.0,µg
2223,Kex digestive fullkorn glutenfri,Vitamin C,Bullar kakor tårtor mm,0.0,mg
2223,Kex digestive fullkorn glutenfri,Vitamin B6,Bullar kakor tårtor mm,0.02,mg
2223,Kex digestive fullkorn glutenfri,Vitamin B12,Bullar kakor tårtor mm,0.0,µg
2223,Kex digestive fullkorn glutenfri,Vitamin A,Bullar kakor tårtor mm,0.0,RE/µg
2223,Kex digestive fullkorn glutenfri,Vatten,Bullar kakor tårtor mm,1.8,g
2223,Kex digestive fullkorn glutenfri,Tiamin,Bullar kakor tårtor mm,0.0,mg
2223,Kex digestive fullkorn glutenfri,Tillsatt socker,Bullar kakor tårtor mm,18.0,g
2223,Kex digestive fullkorn glutenfri,Fritt socker,Bullar kakor tårtor mm,18.0,g
2223,Kex digestive fullkorn glutenfri,"Selen, Se",Bullar kakor tårtor mm,0.0,µg
2223,Kex digestive fullkorn glutenfri,Sackaros,Bullar kakor tårtor mm,16.3,g
2223,Kex digestive fullkorn glutenfri,Riboflavin,Bullar kakor tårtor mm,0.06,mg
2223,Kex digestive fullkorn glutenfri,Retinol,Bullar kakor tårtor mm,0.0,µg
2223,Kex digestive fullkorn glutenfri,Protein,Bullar kakor tårtor mm,1.9,g
2223,Kex digestive fullkorn glutenfri,Summa fleromättade fettsyror,Bullar kakor tårtor mm,2.0,g
2223,Kex digestive fullkorn glutenfri,"Fosfor, P",Bullar kakor tårtor mm,62.0,mg
2223,Kex digestive fullkorn glutenfri,Niacinekvivalenter,Bullar kakor tårtor mm,0.3,NE/mg
2223,Kex digestive fullkorn glutenfri,Niacin,Bullar kakor tårtor mm,0.09,mg
2223,Kex digestive fullkorn glutenfri,"Salt, NaCl",Bullar kakor tårtor mm,1.2,g
2223,Kex digestive fullkorn glutenfri,"Natrium, Na",Bullar kakor tårtor mm,475.0,mg
2223,Kex digestive fullkorn glutenfri,Monosackarider,Bullar kakor tårtor mm,2.1,g
2223,Kex digestive fullkorn glutenfri,"Sockerarter, totalt",Bullar kakor tårtor mm,19.6,g
2223,Kex digestive fullkorn glutenfri,Summa enkelomättade fettsyror,Bullar kakor tårtor mm,6.4,g
2223,Kex digestive fullkorn glutenfri,"Magnesium, Mg",Bullar kakor tårtor mm,13.0,mg
2223,Kex digestive fullkorn glutenfri,Summa mättade fettsyror,Bullar kakor tårtor mm,6.8,g
2223,Kex digestive fullkorn glutenfri,"Kolhydrater, tillgängliga",Bullar kakor tårtor mm,75.3,g
2223,Kex digestive fullkorn glutenfri,Kolesterol,Bullar kakor tårtor mm,0.0,mg
2223,Kex digestive fullkorn glutenfri,"Kalium, K",Bullar kakor tårtor mm,84.0,mg
2223,Kex digestive fullkorn glutenfri,"Jod, I",Bullar kakor tårtor mm,4.0,µg
2223,Kex digestive fullkorn glutenfri,Fullkorn totalt,Bullar kakor tårtor mm,19.0,g
2223,Kex digestive fullkorn glutenfri,"Folat, totalt",Bullar kakor tårtor mm,0.0,µg
2223,Kex digestive fullkorn glutenfri,Fibrer,Bullar kakor tårtor mm,3.2,g
2223,Kex digestive fullkorn glutenfri,"Fett, totalt",Bullar kakor tårtor mm,16.1,g
2223,Kex digestive fullkorn glutenfri,"Järn, Fe",Bullar kakor tårtor mm,2.3,mg
2223,Kex digestive fullkorn glutenfri,Energi (kJ),Bullar kakor tårtor mm,1934.0,kJ
2223,Kex digestive fullkorn glutenfri,Energi (kcal),Bullar kakor tårtor mm,462.0,kcal
2223,Kex digestive fullkorn glutenfri,Disackarider,Bullar kakor tårtor mm,17.5,g
2223,Kex digestive fullkorn glutenfri,"Kalcium, Ca",Bullar kakor tårtor mm,100.0,mg
2223,Kex digestive fullkorn glutenfri,Fettsyra 4:0-10:0,Bullar kakor tårtor mm,0.0,g
2223,Kex digestive fullkorn glutenfri,DHA (C22:6),Bullar kakor tårtor mm,0.0,g
2223,Kex digestive fullkorn glutenfri,DPA (C22:5),Bullar kakor tårtor mm,0.0,g
2223,Kex digestive fullkorn glutenfri,EPA (C20:5),Bullar kakor tårtor mm,0.0,g
2223,Kex digestive fullkorn glutenfri,Arakidonsyra C20:4,Bullar kakor tårtor mm,0.0,g
2223,Kex digestive fullkorn glutenfri,Arakidinsyra C20:0,Bullar kakor tårtor mm,0.1,g
2223,Kex digestive fullkorn glutenfri,Linolensyra C18:3,Bullar kakor tårtor mm,0.2,g
2223,Kex digestive fullkorn glutenfri,Linolsyra C18:2,Bullar kakor tårtor mm,1.7,g
2223,Kex digestive fullkorn glutenfri,Oljesyra C18:1,Bullar kakor tårtor mm,6.3,g
2223,Kex digestive fullkorn glutenfri,Stearinsyra C18:0,Bullar kakor tårtor mm,0.7,g
2223,Kex digestive fullkorn glutenfri,Palmitoljesyra C16:1,Bullar kakor tårtor mm,0.0,g
2223,Kex digestive fullkorn glutenfri,Palmitinsyra C16:0,Bullar kakor tårtor mm,5.8,g
2223,Kex digestive fullkorn glutenfri,Myristinsyra C14:0,Bullar kakor tårtor mm,0.2,g
2223,Kex digestive fullkorn glutenfri,Laurinsyra C12:0,Bullar kakor tårtor mm,0.0,g
2223,Kex digestive fullkorn glutenfri,Betakaroten/β-Karoten,Bullar kakor tårtor mm,0.0,µg
2223,Kex digestive fullkorn glutenfri,Avfall (skal etc.),Bullar kakor tårtor mm,0.0,%
2223,Kex digestive fullkorn glutenfri,Aska,Bullar kakor tårtor mm,1.7,g
2223,Kex digestive fullkorn glutenfri,Alkohol,Bullar kakor tårtor mm,0.0,g
2225,"Hårt bröd glutenfritt fibrer ca 7,5% berikad typ grovknäcke","Zink, Zn",Hårt bröd ,0.7,mg
2225,"Hårt bröd glutenfritt fibrer ca 7,5% berikad typ grovknäcke",Vitamin E,Hårt bröd ,0.1,mg
2225,"Hårt bröd glutenfritt fibrer ca 7,5% berikad typ grovknäcke",Vitamin D inkl 25-OH-D3,Hårt bröd ,0.0,µg
2225,"Hårt bröd glutenfritt fibrer ca 7,5% berikad typ grovknäcke",Vitamin D,Hårt bröd ,0.0,µg
2225,"Hårt bröd glutenfritt fibrer ca 7,5% berikad typ grovknäcke",Vitamin C,Hårt bröd ,0.0,mg
2225,"Hårt bröd glutenfritt fibrer ca 7,5% berikad typ grovknäcke",Vitamin B6,Hårt bröd ,0.48,mg
2225,"Hårt bröd glutenfritt fibrer ca 7,5% berikad typ grovknäcke",Vitamin B12,Hårt bröd ,0.0,µg
2225,"Hårt bröd glutenfritt fibrer ca 7,5% berikad typ grovknäcke",Vitamin A,Hårt bröd ,11.9,RE/µg
2225,"Hårt bröd glutenfritt fibrer ca 7,5% berikad typ grovknäcke",Vatten,Hårt bröd ,5.1,g
2225,"Hårt bröd glutenfritt fibrer ca 7,5% berikad typ grovknäcke",Tiamin,Hårt bröd ,0.45,mg
2225,"Hårt bröd glutenfritt fibrer ca 7,5% berikad typ grovknäcke",Tillsatt socker,Hårt bröd ,3.0,g
2225,"Hårt bröd glutenfritt fibrer ca 7,5% berikad typ grovknäcke",Fritt socker,Hårt bröd ,3.0,g
2225,"Hårt bröd glutenfritt fibrer ca 7,5% berikad typ grovknäcke","Selen, Se",Hårt bröd ,0.0,µg
2225,"Hårt bröd glutenfritt fibrer ca 7,5% berikad typ grovknäcke",Sackaros,Hårt bröd ,0.0,g
2225,"Hårt bröd glutenfritt fibrer ca 7,5% berikad typ grovknäcke",Riboflavin,Hårt bröd ,0.49,mg
2225,"Hårt bröd glutenfritt fibrer ca 7,5% berikad typ grovknäcke",Retinol,Hårt bröd ,11.9,µg
2225,"Hårt bröd glutenfritt fibrer ca 7,5% berikad typ grovknäcke",Protein,Hårt bröd ,2.9,g
2225,"Hårt bröd glutenfritt fibrer ca 7,5% berikad typ grovknäcke",Summa fleromättade fettsyror,Hårt bröd ,0.3,g
2225,"Hårt bröd glutenfritt fibrer ca 7,5% berikad typ grovknäcke","Fosfor, P",Hårt bröd ,77.0,mg
2225,"Hårt bröd glutenfritt fibrer ca 7,5% berikad typ grovknäcke",Niacinekvivalenter,Hårt bröd ,6.1,NE/mg
2225,"Hårt bröd glutenfritt fibrer ca 7,5% berikad typ grovknäcke",Niacin,Hårt bröd ,5.65,mg
2225,"Hårt bröd glutenfritt fibrer ca 7,5% berikad typ grovknäcke","Salt, NaCl",Hårt bröd ,1.3,g
2225,"Hårt bröd glutenfritt fibrer ca 7,5% berikad typ grovknäcke","Natrium, Na",Hårt bröd ,514.0,mg
2225,"Hårt bröd glutenfritt fibrer ca 7,5% berikad typ grovknäcke",Monosackarider,Hårt bröd ,3.0,g
2225,"Hårt bröd glutenfritt fibrer ca 7,5% berikad typ grovknäcke","Sockerarter, totalt",Hårt bröd ,3.0,g
2225,"Hårt bröd glutenfritt fibrer ca 7,5% berikad typ grovknäcke",Summa enkelomättade fettsyror,Hårt bröd ,0.8,g
2225,"Hårt bröd glutenfritt fibrer ca 7,5% berikad typ grovknäcke","Magnesium, Mg",Hårt bröd ,19.0,mg
2225,"Hårt bröd glutenfritt fibrer ca 7,5% berikad typ grovknäcke",Summa mättade fettsyror,Hårt bröd ,1.1,g
2225,"Hårt bröd glutenfritt fibrer ca 7,5% berikad typ grovknäcke","Kolhydrater, tillgängliga",Hårt bröd ,79.9,g
2225,"Hårt bröd glutenfritt fibrer ca 7,5% berikad typ grovknäcke",Kolesterol,Hårt bröd ,0.0,mg
2225,"Hårt bröd glutenfritt fibrer ca 7,5% berikad typ grovknäcke","Kalium, K",Hårt bröd ,75.0,mg
2225,"Hårt bröd glutenfritt fibrer ca 7,5% berikad typ grovknäcke","Jod, I",Hårt bröd ,3.0,µg
2225,"Hårt bröd glutenfritt fibrer ca 7,5% berikad typ grovknäcke",Fullkorn totalt,Hårt bröd ,0.0,g
2225,"Hårt bröd glutenfritt fibrer ca 7,5% berikad typ grovknäcke","Folat, totalt",Hårt bröd ,57.4,µg
2225,"Hårt bröd glutenfritt fibrer ca 7,5% berikad typ grovknäcke",Fibrer,Hårt bröd ,8.1,g
2225,"Hårt bröd glutenfritt fibrer ca 7,5% berikad typ grovknäcke","Fett, totalt",Hårt bröd ,2.3,g
2225,"Hårt bröd glutenfritt fibrer ca 7,5% berikad typ grovknäcke","Järn, Fe",Hårt bröd ,6.4,mg
2225,"Hårt bröd glutenfritt fibrer ca 7,5% berikad typ grovknäcke",Energi (kJ),Hårt bröd ,1558.0,kJ
2225,"Hårt bröd glutenfritt fibrer ca 7,5% berikad typ grovknäcke",Energi (kcal),Hårt bröd ,372.0,kcal
2225,"Hårt bröd glutenfritt fibrer ca 7,5% berikad typ grovknäcke",Disackarider,Hårt bröd ,0.0,g
2225,"Hårt bröd glutenfritt fibrer ca 7,5% berikad typ grovknäcke","Kalcium, Ca",Hårt bröd ,48.0,mg
2225,"Hårt bröd glutenfritt fibrer ca 7,5% berikad typ grovknäcke",Fettsyra 4:0-10:0,Hårt bröd ,0.1,g
2225,"Hårt bröd glutenfritt fibrer ca 7,5% berikad typ grovknäcke",DHA (C22:6),Hårt bröd ,0.0,g
2225,"Hårt bröd glutenfritt fibrer ca 7,5% berikad typ grovknäcke",DPA (C22:5),Hårt bröd ,0.0,g
2225,"Hårt bröd glutenfritt fibrer ca 7,5% berikad typ grovknäcke",EPA (C20:5),Hårt bröd ,0.0,g
2225,"Hårt bröd glutenfritt fibrer ca 7,5% berikad typ grovknäcke",Arakidonsyra C20:4,Hårt bröd ,0.0,g
2225,"Hårt bröd glutenfritt fibrer ca 7,5% berikad typ grovknäcke",Arakidinsyra C20:0,Hårt bröd ,0.0,g
2225,"Hårt bröd glutenfritt fibrer ca 7,5% berikad typ grovknäcke",Linolensyra C18:3,Hårt bröd ,0.0,g
2225,"Hårt bröd glutenfritt fibrer ca 7,5% berikad typ grovknäcke",Linolsyra C18:2,Hårt bröd ,0.2,g
2225,"Hårt bröd glutenfritt fibrer ca 7,5% berikad typ grovknäcke",Oljesyra C18:1,Hårt bröd ,0.8,g
2225,"Hårt bröd glutenfritt fibrer ca 7,5% berikad typ grovknäcke",Stearinsyra C18:0,Hårt bröd ,0.1,g
2225,"Hårt bröd glutenfritt fibrer ca 7,5% berikad typ grovknäcke",Palmitoljesyra C16:1,Hårt bröd ,0.0,g
2225,"Hårt bröd glutenfritt fibrer ca 7,5% berikad typ grovknäcke",Palmitinsyra C16:0,Hårt bröd ,0.6,g
2225,"Hårt bröd glutenfritt fibrer ca 7,5% berikad typ grovknäcke",Myristinsyra C14:0,Hårt bröd ,0.1,g
2225,"Hårt bröd glutenfritt fibrer ca 7,5% berikad typ grovknäcke",Laurinsyra C12:0,Hårt bröd ,0.2,g
2225,"Hårt bröd glutenfritt fibrer ca 7,5% berikad typ grovknäcke",Betakaroten/β-Karoten,Hårt bröd ,0.0,µg
2225,"Hårt bröd glutenfritt fibrer ca 7,5% berikad typ grovknäcke",Avfall (skal etc.),Hårt bröd ,0.0,%
2225,"Hårt bröd glutenfritt fibrer ca 7,5% berikad typ grovknäcke",Aska,Hårt bröd ,1.7,g
2225,"Hårt bröd glutenfritt fibrer ca 7,5% berikad typ grovknäcke",Alkohol,Hårt bröd ,0.0,g
2226,Pasta tagliatelle m. ägg okokt glutenfri,"Zink, Zn",Pasta,0.3,mg
2226,Pasta tagliatelle m. ägg okokt glutenfri,Vitamin E,Pasta,1.0,mg
2226,Pasta tagliatelle m. ägg okokt glutenfri,Vitamin D inkl 25-OH-D3,Pasta,0.0,µg
2226,Pasta tagliatelle m. ägg okokt glutenfri,Vitamin D,Pasta,0.0,µg
2226,Pasta tagliatelle m. ägg okokt glutenfri,Vitamin C,Pasta,0.0,mg
2226,Pasta tagliatelle m. ägg okokt glutenfri,Vitamin B6,Pasta,0.03,mg
2226,Pasta tagliatelle m. ägg okokt glutenfri,Vitamin B12,Pasta,0.31,µg
2226,Pasta tagliatelle m. ägg okokt glutenfri,Vitamin A,Pasta,31.7,RE/µg
2226,Pasta tagliatelle m. ägg okokt glutenfri,Vatten,Pasta,10.5,g
2226,Pasta tagliatelle m. ägg okokt glutenfri,Tiamin,Pasta,0.02,mg
2226,Pasta tagliatelle m. ägg okokt glutenfri,Tillsatt socker,Pasta,0.0,g
2226,Pasta tagliatelle m. ägg okokt glutenfri,Fritt socker,Pasta,0.0,g
2226,Pasta tagliatelle m. ägg okokt glutenfri,"Selen, Se",Pasta,3.6,µg
2226,Pasta tagliatelle m. ägg okokt glutenfri,Sackaros,Pasta,0.0,g
2226,Pasta tagliatelle m. ägg okokt glutenfri,Riboflavin,Pasta,0.09,mg
2226,Pasta tagliatelle m. ägg okokt glutenfri,Retinol,Pasta,30.0,µg
2226,Pasta tagliatelle m. ägg okokt glutenfri,Protein,Pasta,2.6,g
2226,Pasta tagliatelle m. ägg okokt glutenfri,Summa fleromättade fettsyror,Pasta,0.5,g
2226,Pasta tagliatelle m. ägg okokt glutenfri,"Fosfor, P",Pasta,56.0,mg
2226,Pasta tagliatelle m. ägg okokt glutenfri,Niacinekvivalenter,Pasta,0.3,NE/mg
2226,Pasta tagliatelle m. ägg okokt glutenfri,Niacin,Pasta,0.0,mg
2226,Pasta tagliatelle m. ägg okokt glutenfri,"Salt, NaCl",Pasta,0.1,g
2226,Pasta tagliatelle m. ägg okokt glutenfri,"Natrium, Na",Pasta,35.0,mg
2226,Pasta tagliatelle m. ägg okokt glutenfri,Monosackarider,Pasta,0.0,g
2226,Pasta tagliatelle m. ägg okokt glutenfri,"Sockerarter, totalt",Pasta,0.0,g
2226,Pasta tagliatelle m. ägg okokt glutenfri,Summa enkelomättade fettsyror,Pasta,1.8,g
2226,Pasta tagliatelle m. ägg okokt glutenfri,"Magnesium, Mg",Pasta,8.0,mg
2226,Pasta tagliatelle m. ägg okokt glutenfri,Summa mättade fettsyror,Pasta,1.5,g
2226,Pasta tagliatelle m. ägg okokt glutenfri,"Kolhydrater, tillgängliga",Pasta,82.1,g
2226,Pasta tagliatelle m. ägg okokt glutenfri,Kolesterol,Pasta,27.1,mg
2226,Pasta tagliatelle m. ägg okokt glutenfri,"Kalium, K",Pasta,29.0,mg
2226,Pasta tagliatelle m. ägg okokt glutenfri,"Jod, I",Pasta,5.0,µg
2226,Pasta tagliatelle m. ägg okokt glutenfri,Fullkorn totalt,Pasta,0.0,g
2226,Pasta tagliatelle m. ägg okokt glutenfri,"Folat, totalt",Pasta,10.6,µg
2226,Pasta tagliatelle m. ägg okokt glutenfri,Fibrer,Pasta,0.0,g
2226,Pasta tagliatelle m. ägg okokt glutenfri,"Fett, totalt",Pasta,4.5,g
2226,Pasta tagliatelle m. ägg okokt glutenfri,"Järn, Fe",Pasta,0.8,mg
2226,Pasta tagliatelle m. ägg okokt glutenfri,Energi (kJ),Pasta,1608.0,kJ
2226,Pasta tagliatelle m. ägg okokt glutenfri,Energi (kcal),Pasta,384.0,kcal
2226,Pasta tagliatelle m. ägg okokt glutenfri,Disackarider,Pasta,0.0,g
2226,Pasta tagliatelle m. ägg okokt glutenfri,"Kalcium, Ca",Pasta,30.0,mg
2226,Pasta tagliatelle m. ägg okokt glutenfri,Fettsyra 4:0-10:0,Pasta,0.0,g
2226,Pasta tagliatelle m. ägg okokt glutenfri,DHA (C22:6),Pasta,0.0,g
2226,Pasta tagliatelle m. ägg okokt glutenfri,DPA (C22:5),Pasta,0.0,g
2226,Pasta tagliatelle m. ägg okokt glutenfri,EPA (C20:5),Pasta,0.0,g
2226,Pasta tagliatelle m. ägg okokt glutenfri,Arakidonsyra C20:4,Pasta,0.0,g
2226,Pasta tagliatelle m. ägg okokt glutenfri,Arakidinsyra C20:0,Pasta,0.0,g
2226,Pasta tagliatelle m. ägg okokt glutenfri,Linolensyra C18:3,Pasta,0.0,g
2226,Pasta tagliatelle m. ägg okokt glutenfri,Linolsyra C18:2,Pasta,0.5,g
2226,Pasta tagliatelle m. ägg okokt glutenfri,Oljesyra C18:1,Pasta,1.7,g
2226,Pasta tagliatelle m. ägg okokt glutenfri,Stearinsyra C18:0,Pasta,0.4,g
2226,Pasta tagliatelle m. ägg okokt glutenfri,Palmitoljesyra C16:1,Pasta,0.2,g
2226,Pasta tagliatelle m. ägg okokt glutenfri,Palmitinsyra C16:0,Pasta,1.0,g
2226,Pasta tagliatelle m. ägg okokt glutenfri,Myristinsyra C14:0,Pasta,0.0,g
2226,Pasta tagliatelle m. ägg okokt glutenfri,Laurinsyra C12:0,Pasta,0.0,g
2226,Pasta tagliatelle m. ägg okokt glutenfri,Betakaroten/β-Karoten,Pasta,18.0,µg
2226,Pasta tagliatelle m. ägg okokt glutenfri,Avfall (skal etc.),Pasta,0.0,%
2226,Pasta tagliatelle m. ägg okokt glutenfri,Aska,Pasta,0.3,g
2226,Pasta tagliatelle m. ägg okokt glutenfri,Alkohol,Pasta,0.0,g
2227,Pasta okokt majs 100% glutenfri,"Zink, Zn",Pasta,0.8,mg
2227,Pasta okokt majs 100% glutenfri,Vitamin E,Pasta,0.0,mg
2227,Pasta okokt majs 100% glutenfri,Vitamin D inkl 25-OH-D3,Pasta,0.0,µg
2227,Pasta okokt majs 100% glutenfri,Vitamin D,Pasta,0.0,µg
2227,Pasta okokt majs 100% glutenfri,Vitamin C,Pasta,0.0,mg
2227,Pasta okokt majs 100% glutenfri,Vitamin B6,Pasta,0.25,mg
2227,Pasta okokt majs 100% glutenfri,Vitamin B12,Pasta,0.0,µg
2227,Pasta okokt majs 100% glutenfri,Vitamin A,Pasta,4.8,RE/µg
2227,Pasta okokt majs 100% glutenfri,Vatten,Pasta,10.1,g
2227,Pasta okokt majs 100% glutenfri,Tiamin,Pasta,0.07,mg
2227,Pasta okokt majs 100% glutenfri,Tillsatt socker,Pasta,0.0,g
2227,Pasta okokt majs 100% glutenfri,Fritt socker,Pasta,0.0,g
2227,Pasta okokt majs 100% glutenfri,"Selen, Se",Pasta,4.9,µg
2227,Pasta okokt majs 100% glutenfri,Sackaros,Pasta,0.5,g
2227,Pasta okokt majs 100% glutenfri,Riboflavin,Pasta,0.05,mg
2227,Pasta okokt majs 100% glutenfri,Retinol,Pasta,0.0,µg
2227,Pasta okokt majs 100% glutenfri,Protein,Pasta,6.9,g
2227,Pasta okokt majs 100% glutenfri,Summa fleromättade fettsyror,Pasta,0.9,g
2227,Pasta okokt majs 100% glutenfri,"Fosfor, P",Pasta,91.0,mg
2227,Pasta okokt majs 100% glutenfri,Niacinekvivalenter,Pasta,1.8,NE/mg
2227,Pasta okokt majs 100% glutenfri,Niacin,Pasta,1.11,mg
2227,Pasta okokt majs 100% glutenfri,"Salt, NaCl",Pasta,0.0,g
2227,Pasta okokt majs 100% glutenfri,"Natrium, Na",Pasta,3.0,mg
2227,Pasta okokt majs 100% glutenfri,Monosackarider,Pasta,0.2,g
2227,Pasta okokt majs 100% glutenfri,"Sockerarter, totalt",Pasta,0.7,g
2227,Pasta okokt majs 100% glutenfri,Summa enkelomättade fettsyror,Pasta,0.4,g
2227,Pasta okokt majs 100% glutenfri,"Magnesium, Mg",Pasta,38.0,mg
2227,Pasta okokt majs 100% glutenfri,Summa mättade fettsyror,Pasta,0.2,g
2227,Pasta okokt majs 100% glutenfri,"Kolhydrater, tillgängliga",Pasta,77.7,g
2227,Pasta okokt majs 100% glutenfri,Kolesterol,Pasta,0.0,mg
2227,Pasta okokt majs 100% glutenfri,"Kalium, K",Pasta,147.0,mg
2227,Pasta okokt majs 100% glutenfri,"Jod, I",Pasta,1.0,µg
2227,Pasta okokt majs 100% glutenfri,Fullkorn totalt,Pasta,0.0,g
2227,Pasta okokt majs 100% glutenfri,"Folat, totalt",Pasta,12.5,µg
2227,Pasta okokt majs 100% glutenfri,Fibrer,Pasta,2.9,g
2227,Pasta okokt majs 100% glutenfri,"Fett, totalt",Pasta,1.8,g
2227,Pasta okokt majs 100% glutenfri,"Järn, Fe",Pasta,0.9,mg
2227,Pasta okokt majs 100% glutenfri,Energi (kJ),Pasta,1530.0,kJ
2227,Pasta okokt majs 100% glutenfri,Energi (kcal),Pasta,366.0,kcal
2227,Pasta okokt majs 100% glutenfri,Disackarider,Pasta,0.5,g
2227,Pasta okokt majs 100% glutenfri,"Kalcium, Ca",Pasta,5.0,mg
2227,Pasta okokt majs 100% glutenfri,Fettsyra 4:0-10:0,Pasta,0.0,g
2227,Pasta okokt majs 100% glutenfri,DHA (C22:6),Pasta,0.0,g
2227,Pasta okokt majs 100% glutenfri,DPA (C22:5),Pasta,0.0,g
2227,Pasta okokt majs 100% glutenfri,EPA (C20:5),Pasta,0.0,g
2227,Pasta okokt majs 100% glutenfri,Arakidonsyra C20:4,Pasta,0.0,g
2227,Pasta okokt majs 100% glutenfri,Arakidinsyra C20:0,Pasta,0.0,g
2227,Pasta okokt majs 100% glutenfri,Linolensyra C18:3,Pasta,0.0,g
2227,Pasta okokt majs 100% glutenfri,Linolsyra C18:2,Pasta,0.9,g
2227,Pasta okokt majs 100% glutenfri,Oljesyra C18:1,Pasta,0.4,g
2227,Pasta okokt majs 100% glutenfri,Stearinsyra C18:0,Pasta,0.0,g
2227,Pasta okokt majs 100% glutenfri,Palmitoljesyra C16:1,Pasta,0.0,g
2227,Pasta okokt majs 100% glutenfri,Palmitinsyra C16:0,Pasta,0.2,g
2227,Pasta okokt majs 100% glutenfri,Myristinsyra C14:0,Pasta,0.0,g
2227,Pasta okokt majs 100% glutenfri,Laurinsyra C12:0,Pasta,0.0,g
2227,Pasta okokt majs 100% glutenfri,Betakaroten/β-Karoten,Pasta,24.0,µg
2227,Pasta okokt majs 100% glutenfri,Avfall (skal etc.),Pasta,0.0,%
2227,Pasta okokt majs 100% glutenfri,Aska,Pasta,0.5,g
2227,Pasta okokt majs 100% glutenfri,Alkohol,Pasta,0.0,g
2228,Bearnaisesås fett 8%,"Zink, Zn",Sås dressing majonnäs ,0.2,mg
2228,Bearnaisesås fett 8%,Vitamin E,Sås dressing majonnäs ,0.2,mg
2228,Bearnaisesås fett 8%,Vitamin D inkl 25-OH-D3,Sås dressing majonnäs ,0.0,µg
2228,Bearnaisesås fett 8%,Vitamin D,Sås dressing majonnäs ,0.0,µg
2228,Bearnaisesås fett 8%,Vitamin C,Sås dressing majonnäs ,0.1,mg
2228,Bearnaisesås fett 8%,Vitamin B6,Sås dressing majonnäs ,0.04,mg
2228,Bearnaisesås fett 8%,Vitamin B12,Sås dressing majonnäs ,0.08,µg
2228,Bearnaisesås fett 8%,Vitamin A,Sås dressing majonnäs ,91.9,RE/µg
2228,Bearnaisesås fett 8%,Vatten,Sås dressing majonnäs ,80.1,g
2228,Bearnaisesås fett 8%,Tiamin,Sås dressing majonnäs ,0.33,mg
2228,Bearnaisesås fett 8%,Tillsatt socker,Sås dressing majonnäs ,3.0,g
2228,Bearnaisesås fett 8%,Fritt socker,Sås dressing majonnäs ,3.0,g
2228,Bearnaisesås fett 8%,"Selen, Se",Sås dressing majonnäs ,0.0,µg
2228,Bearnaisesås fett 8%,Sackaros,Sås dressing majonnäs ,0.0,g
2228,Bearnaisesås fett 8%,Riboflavin,Sås dressing majonnäs ,0.13,mg
2228,Bearnaisesås fett 8%,Retinol,Sås dressing majonnäs ,53.1,µg
2228,Bearnaisesås fett 8%,Protein,Sås dressing majonnäs ,2.3,g
2228,Bearnaisesås fett 8%,Summa fleromättade fettsyror,Sås dressing majonnäs ,0.3,g
2228,Bearnaisesås fett 8%,"Fosfor, P",Sås dressing majonnäs ,59.0,mg
2228,Bearnaisesås fett 8%,Niacinekvivalenter,Sås dressing majonnäs ,0.7,NE/mg
2228,Bearnaisesås fett 8%,Niacin,Sås dressing majonnäs ,0.16,mg
2228,Bearnaisesås fett 8%,"Salt, NaCl",Sås dressing majonnäs ,1.4,g
2228,Bearnaisesås fett 8%,"Natrium, Na",Sås dressing majonnäs ,562.0,mg
2228,Bearnaisesås fett 8%,Monosackarider,Sås dressing majonnäs ,0.0,g
2228,Bearnaisesås fett 8%,"Sockerarter, totalt",Sås dressing majonnäs ,2.8,g
2228,Bearnaisesås fett 8%,Summa enkelomättade fettsyror,Sås dressing majonnäs ,2.0,g
2228,Bearnaisesås fett 8%,"Magnesium, Mg",Sås dressing majonnäs ,69.0,mg
2228,Bearnaisesås fett 8%,Summa mättade fettsyror,Sås dressing majonnäs ,5.2,g
2228,Bearnaisesås fett 8%,"Kolhydrater, tillgängliga",Sås dressing majonnäs ,7.7,g
2228,Bearnaisesås fett 8%,Kolesterol,Sås dressing majonnäs ,23.6,mg
2228,Bearnaisesås fett 8%,"Kalium, K",Sås dressing majonnäs ,101.0,mg
2228,Bearnaisesås fett 8%,"Jod, I",Sås dressing majonnäs ,7.0,µg
2228,Bearnaisesås fett 8%,Fullkorn totalt,Sås dressing majonnäs ,0.0,g
2228,Bearnaisesås fett 8%,"Folat, totalt",Sås dressing majonnäs ,6.3,µg
2228,Bearnaisesås fett 8%,Fibrer,Sås dressing majonnäs ,0.0,g
2228,Bearnaisesås fett 8%,"Fett, totalt",Sås dressing majonnäs ,8.0,g
2228,Bearnaisesås fett 8%,"Järn, Fe",Sås dressing majonnäs ,0.1,mg
2228,Bearnaisesås fett 8%,Energi (kJ),Sås dressing majonnäs ,467.0,kJ
2228,Bearnaisesås fett 8%,Energi (kcal),Sås dressing majonnäs ,112.0,kcal
2228,Bearnaisesås fett 8%,Disackarider,Sås dressing majonnäs ,2.8,g
2228,Bearnaisesås fett 8%,"Kalcium, Ca",Sås dressing majonnäs ,43.0,mg
2228,Bearnaisesås fett 8%,Fettsyra 4:0-10:0,Sås dressing majonnäs ,0.7,g
2228,Bearnaisesås fett 8%,DHA (C22:6),Sås dressing majonnäs ,0.0,g
2228,Bearnaisesås fett 8%,DPA (C22:5),Sås dressing majonnäs ,0.0,g
2228,Bearnaisesås fett 8%,EPA (C20:5),Sås dressing majonnäs ,0.0,g
2228,Bearnaisesås fett 8%,Arakidonsyra C20:4,Sås dressing majonnäs ,0.0,g
2228,Bearnaisesås fett 8%,Arakidinsyra C20:0,Sås dressing majonnäs ,0.0,g
2228,Bearnaisesås fett 8%,Linolensyra C18:3,Sås dressing majonnäs ,0.0,g
2228,Bearnaisesås fett 8%,Linolsyra C18:2,Sås dressing majonnäs ,0.3,g
2228,Bearnaisesås fett 8%,Oljesyra C18:1,Sås dressing majonnäs ,1.8,g
2228,Bearnaisesås fett 8%,Stearinsyra C18:0,Sås dressing majonnäs ,0.8,g
2228,Bearnaisesås fett 8%,Palmitoljesyra C16:1,Sås dressing majonnäs ,0.1,g
2228,Bearnaisesås fett 8%,Palmitinsyra C16:0,Sås dressing majonnäs ,2.3,g
2228,Bearnaisesås fett 8%,Myristinsyra C14:0,Sås dressing majonnäs ,0.8,g
2228,Bearnaisesås fett 8%,Laurinsyra C12:0,Sås dressing majonnäs ,0.2,g
2228,Bearnaisesås fett 8%,Betakaroten/β-Karoten,Sås dressing majonnäs ,466.0,µg
2228,Bearnaisesås fett 8%,Avfall (skal etc.),Sås dressing majonnäs ,0.0,%
2228,Bearnaisesås fett 8%,Aska,Sås dressing majonnäs ,1.8,g
2228,Bearnaisesås fett 8%,Alkohol,Sås dressing majonnäs ,0.0,g
2229,Klassisk gräddsås fett 6%,"Zink, Zn",Sås dressing majonnäs ,0.2,mg
2229,Klassisk gräddsås fett 6%,Vitamin E,Sås dressing majonnäs ,0.1,mg
2229,Klassisk gräddsås fett 6%,Vitamin D inkl 25-OH-D3,Sås dressing majonnäs ,0.0,µg
2229,Klassisk gräddsås fett 6%,Vitamin D,Sås dressing majonnäs ,0.0,µg
2229,Klassisk gräddsås fett 6%,Vitamin C,Sås dressing majonnäs ,0.0,mg
2229,Klassisk gräddsås fett 6%,Vitamin B6,Sås dressing majonnäs ,0.04,mg
2229,Klassisk gräddsås fett 6%,Vitamin B12,Sås dressing majonnäs ,0.04,µg
2229,Klassisk gräddsås fett 6%,Vitamin A,Sås dressing majonnäs ,50.5,RE/µg
2229,Klassisk gräddsås fett 6%,Vatten,Sås dressing majonnäs ,83.4,g
2229,Klassisk gräddsås fett 6%,Tiamin,Sås dressing majonnäs ,0.02,mg
2229,Klassisk gräddsås fett 6%,Tillsatt socker,Sås dressing majonnäs ,3.0,g
2229,Klassisk gräddsås fett 6%,Fritt socker,Sås dressing majonnäs ,3.0,g
2229,Klassisk gräddsås fett 6%,"Selen, Se",Sås dressing majonnäs ,0.0,µg
2229,Klassisk gräddsås fett 6%,Sackaros,Sås dressing majonnäs ,1.0,g
2229,Klassisk gräddsås fett 6%,Riboflavin,Sås dressing majonnäs ,0.12,mg
2229,Klassisk gräddsås fett 6%,Retinol,Sås dressing majonnäs ,48.7,µg
2229,Klassisk gräddsås fett 6%,Protein,Sås dressing majonnäs ,2.0,g
2229,Klassisk gräddsås fett 6%,Summa fleromättade fettsyror,Sås dressing majonnäs ,0.2,g
2229,Klassisk gräddsås fett 6%,"Fosfor, P",Sås dressing majonnäs ,56.0,mg
2229,Klassisk gräddsås fett 6%,Niacinekvivalenter,Sås dressing majonnäs ,0.7,NE/mg
2229,Klassisk gräddsås fett 6%,Niacin,Sås dressing majonnäs ,0.27,mg
2229,Klassisk gräddsås fett 6%,"Salt, NaCl",Sås dressing majonnäs ,1.2,g
2229,Klassisk gräddsås fett 6%,"Natrium, Na",Sås dressing majonnäs ,490.0,mg
2229,Klassisk gräddsås fett 6%,Monosackarider,Sås dressing majonnäs ,0.1,g
2229,Klassisk gräddsås fett 6%,"Sockerarter, totalt",Sås dressing majonnäs ,3.1,g
2229,Klassisk gräddsås fett 6%,Summa enkelomättade fettsyror,Sås dressing majonnäs ,1.5,g
2229,Klassisk gräddsås fett 6%,"Magnesium, Mg",Sås dressing majonnäs ,7.0,mg
2229,Klassisk gräddsås fett 6%,Summa mättade fettsyror,Sås dressing majonnäs ,3.7,g
2229,Klassisk gräddsås fett 6%,"Kolhydrater, tillgängliga",Sås dressing majonnäs ,7.1,g
2229,Klassisk gräddsås fett 6%,Kolesterol,Sås dressing majonnäs ,16.5,mg
2229,Klassisk gräddsås fett 6%,"Kalium, K",Sås dressing majonnäs ,96.0,mg
2229,Klassisk gräddsås fett 6%,"Jod, I",Sås dressing majonnäs ,4.0,µg
2229,Klassisk gräddsås fett 6%,Fullkorn totalt,Sås dressing majonnäs ,0.0,g
2229,Klassisk gräddsås fett 6%,"Folat, totalt",Sås dressing majonnäs ,10.6,µg
2229,Klassisk gräddsås fett 6%,Fibrer,Sås dressing majonnäs ,0.0,g
2229,Klassisk gräddsås fett 6%,"Fett, totalt",Sås dressing majonnäs ,5.8,g
2229,Klassisk gräddsås fett 6%,"Järn, Fe",Sås dressing majonnäs ,0.0,mg
2229,Klassisk gräddsås fett 6%,Energi (kJ),Sås dressing majonnäs ,369.0,kJ
2229,Klassisk gräddsås fett 6%,Energi (kcal),Sås dressing majonnäs ,88.0,kcal
2229,Klassisk gräddsås fett 6%,Disackarider,Sås dressing majonnäs ,3.0,g
2229,Klassisk gräddsås fett 6%,"Kalcium, Ca",Sås dressing majonnäs ,48.0,mg
2229,Klassisk gräddsås fett 6%,Fettsyra 4:0-10:0,Sås dressing majonnäs ,0.5,g
2229,Klassisk gräddsås fett 6%,DHA (C22:6),Sås dressing majonnäs ,0.0,g
2229,Klassisk gräddsås fett 6%,DPA (C22:5),Sås dressing majonnäs ,0.0,g
2229,Klassisk gräddsås fett 6%,EPA (C20:5),Sås dressing majonnäs ,0.0,g
2229,Klassisk gräddsås fett 6%,Arakidonsyra C20:4,Sås dressing majonnäs ,0.0,g
2229,Klassisk gräddsås fett 6%,Arakidinsyra C20:0,Sås dressing majonnäs ,0.0,g
2229,Klassisk gräddsås fett 6%,Linolensyra C18:3,Sås dressing majonnäs ,0.0,g
2229,Klassisk gräddsås fett 6%,Linolsyra C18:2,Sås dressing majonnäs ,0.2,g
2229,Klassisk gräddsås fett 6%,Oljesyra C18:1,Sås dressing majonnäs ,1.3,g
2229,Klassisk gräddsås fett 6%,Stearinsyra C18:0,Sås dressing majonnäs ,0.6,g
2229,Klassisk gräddsås fett 6%,Palmitoljesyra C16:1,Sås dressing majonnäs ,0.1,g
2229,Klassisk gräddsås fett 6%,Palmitinsyra C16:0,Sås dressing majonnäs ,1.6,g
2229,Klassisk gräddsås fett 6%,Myristinsyra C14:0,Sås dressing majonnäs ,0.6,g
2229,Klassisk gräddsås fett 6%,Laurinsyra C12:0,Sås dressing majonnäs ,0.2,g
2229,Klassisk gräddsås fett 6%,Betakaroten/β-Karoten,Sås dressing majonnäs ,22.0,µg
2229,Klassisk gräddsås fett 6%,Avfall (skal etc.),Sås dressing majonnäs ,0.0,%
2229,Klassisk gräddsås fett 6%,Aska,Sås dressing majonnäs ,1.6,g
2229,Klassisk gräddsås fett 6%,Alkohol,Sås dressing majonnäs ,0.0,g
2230,Ostsås fett 8%,"Zink, Zn",Sås dressing majonnäs ,0.5,mg
2230,Ostsås fett 8%,Vitamin E,Sås dressing majonnäs ,0.2,mg
2230,Ostsås fett 8%,Vitamin D inkl 25-OH-D3,Sås dressing majonnäs ,0.0,µg
2230,Ostsås fett 8%,Vitamin D,Sås dressing majonnäs ,0.0,µg
2230,Ostsås fett 8%,Vitamin C,Sås dressing majonnäs ,0.4,mg
2230,Ostsås fett 8%,Vitamin B6,Sås dressing majonnäs ,0.05,mg
2230,Ostsås fett 8%,Vitamin B12,Sås dressing majonnäs ,0.26,µg
2230,Ostsås fett 8%,Vitamin A,Sås dressing majonnäs ,62.2,RE/µg
2230,Ostsås fett 8%,Vatten,Sås dressing majonnäs ,77.7,g
2230,Ostsås fett 8%,Tiamin,Sås dressing majonnäs ,0.04,mg
2230,Ostsås fett 8%,Tillsatt socker,Sås dressing majonnäs ,0.0,g
2230,Ostsås fett 8%,Fritt socker,Sås dressing majonnäs ,0.0,g
2230,Ostsås fett 8%,"Selen, Se",Sås dressing majonnäs ,2.5,µg
2230,Ostsås fett 8%,Sackaros,Sås dressing majonnäs ,0.0,g
2230,Ostsås fett 8%,Riboflavin,Sås dressing majonnäs ,0.19,mg
2230,Ostsås fett 8%,Retinol,Sås dressing majonnäs ,60.6,µg
2230,Ostsås fett 8%,Protein,Sås dressing majonnäs ,4.7,g
2230,Ostsås fett 8%,Summa fleromättade fettsyror,Sås dressing majonnäs ,0.3,g
2230,Ostsås fett 8%,"Fosfor, P",Sås dressing majonnäs ,163.0,mg
2230,Ostsås fett 8%,Niacinekvivalenter,Sås dressing majonnäs ,1.2,NE/mg
2230,Ostsås fett 8%,Niacin,Sås dressing majonnäs ,0.14,mg
2230,Ostsås fett 8%,"Salt, NaCl",Sås dressing majonnäs ,1.3,g
2230,Ostsås fett 8%,"Natrium, Na",Sås dressing majonnäs ,537.0,mg
2230,Ostsås fett 8%,Monosackarider,Sås dressing majonnäs ,0.0,g
2230,Ostsås fett 8%,"Sockerarter, totalt",Sås dressing majonnäs ,4.1,g
2230,Ostsås fett 8%,Summa enkelomättade fettsyror,Sås dressing majonnäs ,1.9,g
2230,Ostsås fett 8%,"Magnesium, Mg",Sås dressing majonnäs ,11.0,mg
2230,Ostsås fett 8%,Summa mättade fettsyror,Sås dressing majonnäs ,4.8,g
2230,Ostsås fett 8%,"Kolhydrater, tillgängliga",Sås dressing majonnäs ,7.9,g
2230,Ostsås fett 8%,Kolesterol,Sås dressing majonnäs ,26.2,mg
2230,Ostsås fett 8%,"Kalium, K",Sås dressing majonnäs ,140.0,mg
2230,Ostsås fett 8%,"Jod, I",Sås dressing majonnäs ,1.0,µg
2230,Ostsås fett 8%,Fullkorn totalt,Sås dressing majonnäs ,0.0,g
2230,Ostsås fett 8%,"Folat, totalt",Sås dressing majonnäs ,8.1,µg
2230,Ostsås fett 8%,Fibrer,Sås dressing majonnäs ,0.0,g
2230,Ostsås fett 8%,"Fett, totalt",Sås dressing majonnäs ,7.6,g
2230,Ostsås fett 8%,"Järn, Fe",Sås dressing majonnäs ,0.0,mg
2230,Ostsås fett 8%,Energi (kJ),Sås dressing majonnäs ,494.0,kJ
2230,Ostsås fett 8%,Energi (kcal),Sås dressing majonnäs ,118.0,kcal
2230,Ostsås fett 8%,Disackarider,Sås dressing majonnäs ,4.1,g
2230,Ostsås fett 8%,"Kalcium, Ca",Sås dressing majonnäs ,55.0,mg
2230,Ostsås fett 8%,Fettsyra 4:0-10:0,Sås dressing majonnäs ,0.6,g
2230,Ostsås fett 8%,DHA (C22:6),Sås dressing majonnäs ,0.0,g
2230,Ostsås fett 8%,DPA (C22:5),Sås dressing majonnäs ,0.0,g
2230,Ostsås fett 8%,EPA (C20:5),Sås dressing majonnäs ,0.0,g
2230,Ostsås fett 8%,Arakidonsyra C20:4,Sås dressing majonnäs ,0.0,g
2230,Ostsås fett 8%,Arakidinsyra C20:0,Sås dressing majonnäs ,0.0,g
2230,Ostsås fett 8%,Linolensyra C18:3,Sås dressing majonnäs ,0.0,g
2230,Ostsås fett 8%,Linolsyra C18:2,Sås dressing majonnäs ,0.3,g
2230,Ostsås fett 8%,Oljesyra C18:1,Sås dressing majonnäs ,1.7,g
2230,Ostsås fett 8%,Stearinsyra C18:0,Sås dressing majonnäs ,0.8,g
2230,Ostsås fett 8%,Palmitoljesyra C16:1,Sås dressing majonnäs ,0.1,g
2230,Ostsås fett 8%,Palmitinsyra C16:0,Sås dressing majonnäs ,2.1,g
2230,Ostsås fett 8%,Myristinsyra C14:0,Sås dressing majonnäs ,0.8,g
2230,Ostsås fett 8%,Laurinsyra C12:0,Sås dressing majonnäs ,0.2,g
2230,Ostsås fett 8%,Betakaroten/β-Karoten,Sås dressing majonnäs ,19.0,µg
2230,Ostsås fett 8%,Avfall (skal etc.),Sås dressing majonnäs ,0.0,%
2230,Ostsås fett 8%,Aska,Sås dressing majonnäs ,2.2,g
2230,Ostsås fett 8%,Alkohol,Sås dressing majonnäs ,0.0,g
2231,Bearnaisesås fett ca 40%,"Zink, Zn",Sås dressing majonnäs ,0.1,mg
2231,Bearnaisesås fett ca 40%,Vitamin E,Sås dressing majonnäs ,7.4,mg
2231,Bearnaisesås fett ca 40%,Vitamin D inkl 25-OH-D3,Sås dressing majonnäs ,0.0,µg
2231,Bearnaisesås fett ca 40%,Vitamin D,Sås dressing majonnäs ,0.0,µg
2231,Bearnaisesås fett ca 40%,Vitamin C,Sås dressing majonnäs ,0.0,mg
2231,Bearnaisesås fett ca 40%,Vitamin B6,Sås dressing majonnäs ,0.03,mg
2231,Bearnaisesås fett ca 40%,Vitamin B12,Sås dressing majonnäs ,0.07,µg
2231,Bearnaisesås fett ca 40%,Vitamin A,Sås dressing majonnäs ,70.5,RE/µg
2231,Bearnaisesås fett ca 40%,Vatten,Sås dressing majonnäs ,56.0,g
2231,Bearnaisesås fett ca 40%,Tiamin,Sås dressing majonnäs ,0.01,mg
2231,Bearnaisesås fett ca 40%,Tillsatt socker,Sås dressing majonnäs ,3.0,g
2231,Bearnaisesås fett ca 40%,Fritt socker,Sås dressing majonnäs ,3.0,g
2231,Bearnaisesås fett ca 40%,"Selen, Se",Sås dressing majonnäs ,0.0,µg
2231,Bearnaisesås fett ca 40%,Sackaros,Sås dressing majonnäs ,1.7,g
2231,Bearnaisesås fett ca 40%,Riboflavin,Sås dressing majonnäs ,0.05,mg
2231,Bearnaisesås fett ca 40%,Retinol,Sås dressing majonnäs ,9.9,µg
2231,Bearnaisesås fett ca 40%,Protein,Sås dressing majonnäs ,1.0,g
2231,Bearnaisesås fett ca 40%,Summa fleromättade fettsyror,Sås dressing majonnäs ,20.2,g
2231,Bearnaisesås fett ca 40%,"Fosfor, P",Sås dressing majonnäs ,28.0,mg
2231,Bearnaisesås fett ca 40%,Niacinekvivalenter,Sås dressing majonnäs ,0.3,NE/mg
2231,Bearnaisesås fett ca 40%,Niacin,Sås dressing majonnäs ,0.08,mg
2231,Bearnaisesås fett ca 40%,"Salt, NaCl",Sås dressing majonnäs ,1.2,g
2231,Bearnaisesås fett ca 40%,"Natrium, Na",Sås dressing majonnäs ,484.0,mg
2231,Bearnaisesås fett ca 40%,Monosackarider,Sås dressing majonnäs ,0.2,g
2231,Bearnaisesås fett ca 40%,"Sockerarter, totalt",Sås dressing majonnäs ,3.0,g
2231,Bearnaisesås fett ca 40%,Summa enkelomättade fettsyror,Sås dressing majonnäs ,8.6,g
2231,Bearnaisesås fett ca 40%,"Magnesium, Mg",Sås dressing majonnäs ,5.0,mg
2231,Bearnaisesås fett ca 40%,Summa mättade fettsyror,Sås dressing majonnäs ,5.1,g
2231,Bearnaisesås fett ca 40%,"Kolhydrater, tillgängliga",Sås dressing majonnäs ,5.9,g
2231,Bearnaisesås fett ca 40%,Kolesterol,Sås dressing majonnäs ,0.0,mg
2231,Bearnaisesås fett ca 40%,"Kalium, K",Sås dressing majonnäs ,84.0,mg
2231,Bearnaisesås fett ca 40%,"Jod, I",Sås dressing majonnäs ,2.0,µg
2231,Bearnaisesås fett ca 40%,Fullkorn totalt,Sås dressing majonnäs ,0.0,g
2231,Bearnaisesås fett ca 40%,"Folat, totalt",Sås dressing majonnäs ,4.7,µg
2231,Bearnaisesås fett ca 40%,Fibrer,Sås dressing majonnäs ,0.0,g
2231,Bearnaisesås fett ca 40%,"Fett, totalt",Sås dressing majonnäs ,35.5,g
2231,Bearnaisesås fett ca 40%,"Järn, Fe",Sås dressing majonnäs ,0.1,mg
2231,Bearnaisesås fett ca 40%,Energi (kJ),Sås dressing majonnäs ,1432.0,kJ
2231,Bearnaisesås fett ca 40%,Energi (kcal),Sås dressing majonnäs ,342.0,kcal
2231,Bearnaisesås fett ca 40%,Disackarider,Sås dressing majonnäs ,2.8,g
2231,Bearnaisesås fett ca 40%,"Kalcium, Ca",Sås dressing majonnäs ,35.0,mg
2231,Bearnaisesås fett ca 40%,Fettsyra 4:0-10:0,Sås dressing majonnäs ,0.0,g
2231,Bearnaisesås fett ca 40%,DHA (C22:6),Sås dressing majonnäs ,0.0,g
2231,Bearnaisesås fett ca 40%,DPA (C22:5),Sås dressing majonnäs ,0.0,g
2231,Bearnaisesås fett ca 40%,EPA (C20:5),Sås dressing majonnäs ,0.0,g
2231,Bearnaisesås fett ca 40%,Arakidonsyra C20:4,Sås dressing majonnäs ,0.0,g
2231,Bearnaisesås fett ca 40%,Arakidinsyra C20:0,Sås dressing majonnäs ,0.1,g
2231,Bearnaisesås fett ca 40%,Linolensyra C18:3,Sås dressing majonnäs ,2.0,g
2231,Bearnaisesås fett ca 40%,Linolsyra C18:2,Sås dressing majonnäs ,18.2,g
2231,Bearnaisesås fett ca 40%,Oljesyra C18:1,Sås dressing majonnäs ,8.3,g
2231,Bearnaisesås fett ca 40%,Stearinsyra C18:0,Sås dressing majonnäs ,1.0,g
2231,Bearnaisesås fett ca 40%,Palmitoljesyra C16:1,Sås dressing majonnäs ,0.0,g
2231,Bearnaisesås fett ca 40%,Palmitinsyra C16:0,Sås dressing majonnäs ,3.7,g
2231,Bearnaisesås fett ca 40%,Myristinsyra C14:0,Sås dressing majonnäs ,0.0,g
2231,Bearnaisesås fett ca 40%,Laurinsyra C12:0,Sås dressing majonnäs ,0.0,g
2231,Bearnaisesås fett ca 40%,Betakaroten/β-Karoten,Sås dressing majonnäs ,727.0,µg
2231,Bearnaisesås fett ca 40%,Avfall (skal etc.),Sås dressing majonnäs ,0.0,%
2231,Bearnaisesås fett ca 40%,Aska,Sås dressing majonnäs ,1.5,g
2231,Bearnaisesås fett ca 40%,Alkohol,Sås dressing majonnäs ,0.0,g
2232,"Rödvinssås fett 1,5%","Zink, Zn",Sås dressing majonnäs ,0.1,mg
2232,"Rödvinssås fett 1,5%",Vitamin E,Sås dressing majonnäs ,0.1,mg
2232,"Rödvinssås fett 1,5%",Vitamin D inkl 25-OH-D3,Sås dressing majonnäs ,0.0,µg
2232,"Rödvinssås fett 1,5%",Vitamin D,Sås dressing majonnäs ,0.0,µg
2232,"Rödvinssås fett 1,5%",Vitamin C,Sås dressing majonnäs ,0.0,mg
2232,"Rödvinssås fett 1,5%",Vitamin B6,Sås dressing majonnäs ,0.05,mg
2232,"Rödvinssås fett 1,5%",Vitamin B12,Sås dressing majonnäs ,0.03,µg
2232,"Rödvinssås fett 1,5%",Vitamin A,Sås dressing majonnäs ,8.2,RE/µg
2232,"Rödvinssås fett 1,5%",Vatten,Sås dressing majonnäs ,83.8,g
2232,"Rödvinssås fett 1,5%",Tiamin,Sås dressing majonnäs ,0.17,mg
2232,"Rödvinssås fett 1,5%",Tillsatt socker,Sås dressing majonnäs ,1.0,g
2232,"Rödvinssås fett 1,5%",Fritt socker,Sås dressing majonnäs ,1.0,g
2232,"Rödvinssås fett 1,5%","Selen, Se",Sås dressing majonnäs ,0.0,µg
2232,"Rödvinssås fett 1,5%",Sackaros,Sås dressing majonnäs ,0.2,g
2232,"Rödvinssås fett 1,5%",Riboflavin,Sås dressing majonnäs ,0.07,mg
2232,"Rödvinssås fett 1,5%",Retinol,Sås dressing majonnäs ,7.1,µg
2232,"Rödvinssås fett 1,5%",Protein,Sås dressing majonnäs ,1.2,g
2232,"Rödvinssås fett 1,5%",Summa fleromättade fettsyror,Sås dressing majonnäs ,0.0,g
2232,"Rödvinssås fett 1,5%","Fosfor, P",Sås dressing majonnäs ,25.0,mg
2232,"Rödvinssås fett 1,5%",Niacinekvivalenter,Sås dressing majonnäs ,0.7,NE/mg
2232,"Rödvinssås fett 1,5%",Niacin,Sås dressing majonnäs ,0.4,mg
2232,"Rödvinssås fett 1,5%","Salt, NaCl",Sås dressing majonnäs ,1.4,g
2232,"Rödvinssås fett 1,5%","Natrium, Na",Sås dressing majonnäs ,550.0,mg
2232,"Rödvinssås fett 1,5%",Monosackarider,Sås dressing majonnäs ,0.4,g
2232,"Rödvinssås fett 1,5%","Sockerarter, totalt",Sås dressing majonnäs ,1.3,g
2232,"Rödvinssås fett 1,5%",Summa enkelomättade fettsyror,Sås dressing majonnäs ,0.3,g
2232,"Rödvinssås fett 1,5%","Magnesium, Mg",Sås dressing majonnäs ,5.0,mg
2232,"Rödvinssås fett 1,5%",Summa mättade fettsyror,Sås dressing majonnäs ,0.8,g
2232,"Rödvinssås fett 1,5%","Kolhydrater, tillgängliga",Sås dressing majonnäs ,12.1,g
2232,"Rödvinssås fett 1,5%",Kolesterol,Sås dressing majonnäs ,3.5,mg
2232,"Rödvinssås fett 1,5%","Kalium, K",Sås dressing majonnäs ,90.0,mg
2232,"Rödvinssås fett 1,5%","Jod, I",Sås dressing majonnäs ,1.0,µg
2232,"Rödvinssås fett 1,5%",Fullkorn totalt,Sås dressing majonnäs ,0.0,g
2232,"Rödvinssås fett 1,5%","Folat, totalt",Sås dressing majonnäs ,11.2,µg
2232,"Rödvinssås fett 1,5%",Fibrer,Sås dressing majonnäs ,0.0,g
2232,"Rödvinssås fett 1,5%","Fett, totalt",Sås dressing majonnäs ,1.2,g
2232,"Rödvinssås fett 1,5%","Järn, Fe",Sås dressing majonnäs ,0.2,mg
2232,"Rödvinssås fett 1,5%",Energi (kJ),Sås dressing majonnäs ,271.0,kJ
2232,"Rödvinssås fett 1,5%",Energi (kcal),Sås dressing majonnäs ,65.0,kcal
2232,"Rödvinssås fett 1,5%",Disackarider,Sås dressing majonnäs ,0.9,g
2232,"Rödvinssås fett 1,5%","Kalcium, Ca",Sås dressing majonnäs ,19.0,mg
2232,"Rödvinssås fett 1,5%",Fettsyra 4:0-10:0,Sås dressing majonnäs ,0.1,g
2232,"Rödvinssås fett 1,5%",DHA (C22:6),Sås dressing majonnäs ,0.0,g
2232,"Rödvinssås fett 1,5%",DPA (C22:5),Sås dressing majonnäs ,0.0,g
2232,"Rödvinssås fett 1,5%",EPA (C20:5),Sås dressing majonnäs ,0.0,g
2232,"Rödvinssås fett 1,5%",Arakidonsyra C20:4,Sås dressing majonnäs ,0.0,g
2232,"Rödvinssås fett 1,5%",Arakidinsyra C20:0,Sås dressing majonnäs ,0.0,g
2232,"Rödvinssås fett 1,5%",Linolensyra C18:3,Sås dressing majonnäs ,0.0,g
2232,"Rödvinssås fett 1,5%",Linolsyra C18:2,Sås dressing majonnäs ,0.0,g
2232,"Rödvinssås fett 1,5%",Oljesyra C18:1,Sås dressing majonnäs ,0.2,g
2232,"Rödvinssås fett 1,5%",Stearinsyra C18:0,Sås dressing majonnäs ,0.1,g
2232,"Rödvinssås fett 1,5%",Palmitoljesyra C16:1,Sås dressing majonnäs ,0.0,g
2232,"Rödvinssås fett 1,5%",Palmitinsyra C16:0,Sås dressing majonnäs ,0.4,g
2232,"Rödvinssås fett 1,5%",Myristinsyra C14:0,Sås dressing majonnäs ,0.1,g
2232,"Rödvinssås fett 1,5%",Laurinsyra C12:0,Sås dressing majonnäs ,0.0,g
2232,"Rödvinssås fett 1,5%",Betakaroten/β-Karoten,Sås dressing majonnäs ,12.0,µg
2232,"Rödvinssås fett 1,5%",Avfall (skal etc.),Sås dressing majonnäs ,0.0,%
2232,"Rödvinssås fett 1,5%",Aska,Sås dressing majonnäs ,1.7,g
2232,"Rödvinssås fett 1,5%",Alkohol,Sås dressing majonnäs ,0.0,g
2233,Kebabsås vit fett 30%,"Zink, Zn",Sås dressing majonnäs ,0.2,mg
2233,Kebabsås vit fett 30%,Vitamin E,Sås dressing majonnäs ,8.1,mg
2233,Kebabsås vit fett 30%,Vitamin D inkl 25-OH-D3,Sås dressing majonnäs ,0.0,µg
2233,Kebabsås vit fett 30%,Vitamin D,Sås dressing majonnäs ,0.0,µg
2233,Kebabsås vit fett 30%,Vitamin C,Sås dressing majonnäs ,0.0,mg
2233,Kebabsås vit fett 30%,Vitamin B6,Sås dressing majonnäs ,0.04,mg
2233,Kebabsås vit fett 30%,Vitamin B12,Sås dressing majonnäs ,0.13,µg
2233,Kebabsås vit fett 30%,Vitamin A,Sås dressing majonnäs ,58.0,RE/µg
2233,Kebabsås vit fett 30%,Vatten,Sås dressing majonnäs ,61.2,g
2233,Kebabsås vit fett 30%,Tiamin,Sås dressing majonnäs ,0.02,mg
2233,Kebabsås vit fett 30%,Tillsatt socker,Sås dressing majonnäs ,0.0,g
2233,Kebabsås vit fett 30%,Fritt socker,Sås dressing majonnäs ,0.0,g
2233,Kebabsås vit fett 30%,"Selen, Se",Sås dressing majonnäs ,0.0,µg
2233,Kebabsås vit fett 30%,Sackaros,Sås dressing majonnäs ,0.1,g
2233,Kebabsås vit fett 30%,Riboflavin,Sås dressing majonnäs ,0.09,mg
2233,Kebabsås vit fett 30%,Retinol,Sås dressing majonnäs ,55.6,µg
2233,Kebabsås vit fett 30%,Protein,Sås dressing majonnäs ,1.7,g
2233,Kebabsås vit fett 30%,Summa fleromättade fettsyror,Sås dressing majonnäs ,7.9,g
2233,Kebabsås vit fett 30%,"Fosfor, P",Sås dressing majonnäs ,46.0,mg
2233,Kebabsås vit fett 30%,Niacinekvivalenter,Sås dressing majonnäs ,0.5,NE/mg
2233,Kebabsås vit fett 30%,Niacin,Sås dressing majonnäs ,0.1,mg
2233,Kebabsås vit fett 30%,"Salt, NaCl",Sås dressing majonnäs ,0.9,g
2233,Kebabsås vit fett 30%,"Natrium, Na",Sås dressing majonnäs ,356.0,mg
2233,Kebabsås vit fett 30%,Monosackarider,Sås dressing majonnäs ,0.8,g
2233,Kebabsås vit fett 30%,"Sockerarter, totalt",Sås dressing majonnäs ,2.0,g
2233,Kebabsås vit fett 30%,Summa enkelomättade fettsyror,Sås dressing majonnäs ,15.8,g
2233,Kebabsås vit fett 30%,"Magnesium, Mg",Sås dressing majonnäs ,6.0,mg
2233,Kebabsås vit fett 30%,Summa mättade fettsyror,Sås dressing majonnäs ,5.7,g
2233,Kebabsås vit fett 30%,"Kolhydrater, tillgängliga",Sås dressing majonnäs ,5.0,g
2233,Kebabsås vit fett 30%,Kolesterol,Sås dressing majonnäs ,25.0,mg
2233,Kebabsås vit fett 30%,"Kalium, K",Sås dressing majonnäs ,94.0,mg
2233,Kebabsås vit fett 30%,"Jod, I",Sås dressing majonnäs ,3.0,µg
2233,Kebabsås vit fett 30%,Fullkorn totalt,Sås dressing majonnäs ,0.0,g
2233,Kebabsås vit fett 30%,"Folat, totalt",Sås dressing majonnäs ,5.2,µg
2233,Kebabsås vit fett 30%,Fibrer,Sås dressing majonnäs ,0.0,g
2233,Kebabsås vit fett 30%,"Fett, totalt",Sås dressing majonnäs ,30.8,g
2233,Kebabsås vit fett 30%,"Järn, Fe",Sås dressing majonnäs ,0.3,mg
2233,Kebabsås vit fett 30%,Energi (kJ),Sås dressing majonnäs ,1256.0,kJ
2233,Kebabsås vit fett 30%,Energi (kcal),Sås dressing majonnäs ,300.0,kcal
2233,Kebabsås vit fett 30%,Disackarider,Sås dressing majonnäs ,1.2,g
2233,Kebabsås vit fett 30%,"Kalcium, Ca",Sås dressing majonnäs ,36.0,mg
2233,Kebabsås vit fett 30%,Fettsyra 4:0-10:0,Sås dressing majonnäs ,0.5,g
2233,Kebabsås vit fett 30%,DHA (C22:6),Sås dressing majonnäs ,0.0,g
2233,Kebabsås vit fett 30%,DPA (C22:5),Sås dressing majonnäs ,0.0,g
2233,Kebabsås vit fett 30%,EPA (C20:5),Sås dressing majonnäs ,0.0,g
2233,Kebabsås vit fett 30%,Arakidonsyra C20:4,Sås dressing majonnäs ,0.0,g
2233,Kebabsås vit fett 30%,Arakidinsyra C20:0,Sås dressing majonnäs ,0.2,g
2233,Kebabsås vit fett 30%,Linolensyra C18:3,Sås dressing majonnäs ,2.5,g
2233,Kebabsås vit fett 30%,Linolsyra C18:2,Sås dressing majonnäs ,5.4,g
2233,Kebabsås vit fett 30%,Oljesyra C18:1,Sås dressing majonnäs ,15.1,g
2233,Kebabsås vit fett 30%,Stearinsyra C18:0,Sås dressing majonnäs ,1.1,g
2233,Kebabsås vit fett 30%,Palmitoljesyra C16:1,Sås dressing majonnäs ,0.2,g
2233,Kebabsås vit fett 30%,Palmitinsyra C16:0,Sås dressing majonnäs ,2.9,g
2233,Kebabsås vit fett 30%,Myristinsyra C14:0,Sås dressing majonnäs ,0.6,g
2233,Kebabsås vit fett 30%,Laurinsyra C12:0,Sås dressing majonnäs ,0.2,g
2233,Kebabsås vit fett 30%,Betakaroten/β-Karoten,Sås dressing majonnäs ,28.0,µg
2233,Kebabsås vit fett 30%,Avfall (skal etc.),Sås dressing majonnäs ,0.0,%
2233,Kebabsås vit fett 30%,Aska,Sås dressing majonnäs ,1.3,g
2233,Kebabsås vit fett 30%,Alkohol,Sås dressing majonnäs ,0.0,g
2234,"Svampsås fett 8,5%","Zink, Zn",Sås dressing majonnäs ,0.4,mg
2234,"Svampsås fett 8,5%",Vitamin E,Sås dressing majonnäs ,0.2,mg
2234,"Svampsås fett 8,5%",Vitamin D,Sås dressing majonnäs ,2.78,µg
2234,"Svampsås fett 8,5%",Vitamin C,Sås dressing majonnäs ,0.0,mg
2234,"Svampsås fett 8,5%",Vitamin B6,Sås dressing majonnäs ,0.05,mg
2234,"Svampsås fett 8,5%",Vitamin B12,Sås dressing majonnäs ,0.08,µg
2234,"Svampsås fett 8,5%",Vitamin A,Sås dressing majonnäs ,84.0,RE/µg
2234,"Svampsås fett 8,5%",Vatten,Sås dressing majonnäs ,79.2,g
2234,"Svampsås fett 8,5%",Tiamin,Sås dressing majonnäs ,0.05,mg
2234,"Svampsås fett 8,5%",Tillsatt socker,Sås dressing majonnäs ,0.0,g
2234,"Svampsås fett 8,5%",Fritt socker,Sås dressing majonnäs ,0.0,g
2234,"Svampsås fett 8,5%","Selen, Se",Sås dressing majonnäs ,6.2,µg
2234,"Svampsås fett 8,5%",Sackaros,Sås dressing majonnäs ,0.0,g
2234,"Svampsås fett 8,5%",Riboflavin,Sås dressing majonnäs ,0.14,mg
2234,"Svampsås fett 8,5%",Retinol,Sås dressing majonnäs ,81.1,µg
2234,"Svampsås fett 8,5%",Protein,Sås dressing majonnäs ,2.7,g
2234,"Svampsås fett 8,5%",Summa fleromättade fettsyror,Sås dressing majonnäs ,0.4,g
2234,"Svampsås fett 8,5%","Fosfor, P",Sås dressing majonnäs ,70.0,mg
2234,"Svampsås fett 8,5%",Niacinekvivalenter,Sås dressing majonnäs ,2.2,NE/mg
2234,"Svampsås fett 8,5%",Niacin,Sås dressing majonnäs ,1.57,mg
2234,"Svampsås fett 8,5%","Salt, NaCl",Sås dressing majonnäs ,1.2,g
2234,"Svampsås fett 8,5%","Natrium, Na",Sås dressing majonnäs ,486.0,mg
2234,"Svampsås fett 8,5%",Monosackarider,Sås dressing majonnäs ,0.2,g
2234,"Svampsås fett 8,5%","Sockerarter, totalt",Sås dressing majonnäs ,2.4,g
2234,"Svampsås fett 8,5%",Summa enkelomättade fettsyror,Sås dressing majonnäs ,2.1,g
2234,"Svampsås fett 8,5%","Magnesium, Mg",Sås dressing majonnäs ,8.0,mg
2234,"Svampsås fett 8,5%",Summa mättade fettsyror,Sås dressing majonnäs ,5.6,g
2234,"Svampsås fett 8,5%","Kolhydrater, tillgängliga",Sås dressing majonnäs ,7.6,g
2234,"Svampsås fett 8,5%",Kolesterol,Sås dressing majonnäs ,23.2,mg
2234,"Svampsås fett 8,5%","Kalium, K",Sås dressing majonnäs ,185.0,mg
2234,"Svampsås fett 8,5%","Jod, I",Sås dressing majonnäs ,3.0,µg
2234,"Svampsås fett 8,5%",Fullkorn totalt,Sås dressing majonnäs ,0.0,g
2234,"Svampsås fett 8,5%","Folat, totalt",Sås dressing majonnäs ,5.7,µg
2234,"Svampsås fett 8,5%",Fibrer,Sås dressing majonnäs ,0.0,g
2234,"Svampsås fett 8,5%","Fett, totalt",Sås dressing majonnäs ,8.7,g
2234,"Svampsås fett 8,5%","Järn, Fe",Sås dressing majonnäs ,0.8,mg
2234,"Svampsås fett 8,5%",Energi (kJ),Sås dressing majonnäs ,497.0,kJ
2234,"Svampsås fett 8,5%",Energi (kcal),Sås dressing majonnäs ,119.0,kcal
2234,"Svampsås fett 8,5%",Disackarider,Sås dressing majonnäs ,2.2,g
2234,"Svampsås fett 8,5%","Kalcium, Ca",Sås dressing majonnäs ,46.0,mg
2234,"Svampsås fett 8,5%",Fettsyra 4:0-10:0,Sås dressing majonnäs ,0.8,g
2234,"Svampsås fett 8,5%",DHA (C22:6),Sås dressing majonnäs ,0.0,g
2234,"Svampsås fett 8,5%",DPA (C22:5),Sås dressing majonnäs ,0.0,g
2234,"Svampsås fett 8,5%",EPA (C20:5),Sås dressing majonnäs ,0.0,g
2234,"Svampsås fett 8,5%",Arakidonsyra C20:4,Sås dressing majonnäs ,0.0,g
2234,"Svampsås fett 8,5%",Arakidinsyra C20:0,Sås dressing majonnäs ,0.0,g
2234,"Svampsås fett 8,5%",Linolensyra C18:3,Sås dressing majonnäs ,0.0,g
2234,"Svampsås fett 8,5%",Linolsyra C18:2,Sås dressing majonnäs ,0.3,g
2234,"Svampsås fett 8,5%",Oljesyra C18:1,Sås dressing majonnäs ,1.8,g
2234,"Svampsås fett 8,5%",Stearinsyra C18:0,Sås dressing majonnäs ,0.8,g
2234,"Svampsås fett 8,5%",Palmitoljesyra C16:1,Sås dressing majonnäs ,0.1,g
2234,"Svampsås fett 8,5%",Palmitinsyra C16:0,Sås dressing majonnäs ,2.5,g
2234,"Svampsås fett 8,5%",Myristinsyra C14:0,Sås dressing majonnäs ,0.9,g
2234,"Svampsås fett 8,5%",Laurinsyra C12:0,Sås dressing majonnäs ,0.3,g
2234,"Svampsås fett 8,5%",Betakaroten/β-Karoten,Sås dressing majonnäs ,35.0,µg
2234,"Svampsås fett 8,5%",Avfall (skal etc.),Sås dressing majonnäs ,0.0,%
2234,"Svampsås fett 8,5%",Aska,Sås dressing majonnäs ,1.9,g
2234,"Svampsås fett 8,5%",Alkohol,Sås dressing majonnäs ,0.0,g
2236,Korv varmkorv mager fett 7%,"Zink, Zn",Korv,1.5,mg
2236,Korv varmkorv mager fett 7%,Vitamin E,Korv,0.2,mg
2236,Korv varmkorv mager fett 7%,Vitamin D,Korv,0.0,µg
2236,Korv varmkorv mager fett 7%,Vitamin C,Korv,6.1,mg
2236,Korv varmkorv mager fett 7%,Vitamin B6,Korv,0.17,mg
2236,Korv varmkorv mager fett 7%,Vitamin B12,Korv,0.26,µg
2236,Korv varmkorv mager fett 7%,Vitamin A,Korv,0.1,RE/µg
2236,Korv varmkorv mager fett 7%,Vatten,Korv,65.8,g
2236,Korv varmkorv mager fett 7%,Tiamin,Korv,0.4,mg
2236,Korv varmkorv mager fett 7%,Tillsatt socker,Korv,1.0,g
2236,Korv varmkorv mager fett 7%,Fritt socker,Korv,1.0,g
2236,Korv varmkorv mager fett 7%,"Selen, Se",Korv,5.5,µg
2236,Korv varmkorv mager fett 7%,Sackaros,Korv,0.0,g
2236,Korv varmkorv mager fett 7%,Riboflavin,Korv,0.12,mg
2236,Korv varmkorv mager fett 7%,Retinol,Korv,0.0,µg
2236,Korv varmkorv mager fett 7%,Protein,Korv,12.0,g
2236,Korv varmkorv mager fett 7%,Summa fleromättade fettsyror,Korv,0.8,g
2236,Korv varmkorv mager fett 7%,"Fosfor, P",Korv,91.0,mg
2236,Korv varmkorv mager fett 7%,Niacinekvivalenter,Korv,4.9,NE/mg
2236,Korv varmkorv mager fett 7%,Niacin,Korv,2.65,mg
2236,Korv varmkorv mager fett 7%,"Salt, NaCl",Korv,1.5,g
2236,Korv varmkorv mager fett 7%,"Natrium, Na",Korv,600.0,mg
2236,Korv varmkorv mager fett 7%,Monosackarider,Korv,0.6,g
2236,Korv varmkorv mager fett 7%,"Sockerarter, totalt",Korv,1.0,g
2236,Korv varmkorv mager fett 7%,Summa enkelomättade fettsyror,Korv,4.8,g
2236,Korv varmkorv mager fett 7%,"Magnesium, Mg",Korv,12.0,mg
2236,Korv varmkorv mager fett 7%,Summa mättade fettsyror,Korv,3.6,g
2236,Korv varmkorv mager fett 7%,"Kolhydrater, tillgängliga",Korv,7.6,g
2236,Korv varmkorv mager fett 7%,Kolesterol,Korv,28.2,mg
2236,Korv varmkorv mager fett 7%,"Kalium, K",Korv,162.0,mg
2236,Korv varmkorv mager fett 7%,"Jod, I",Korv,1.0,µg
2236,Korv varmkorv mager fett 7%,Fullkorn totalt,Korv,0.0,g
2236,Korv varmkorv mager fett 7%,"Folat, totalt",Korv,0.0,µg
2236,Korv varmkorv mager fett 7%,Fibrer,Korv,1.5,g
2236,Korv varmkorv mager fett 7%,"Fett, totalt",Korv,9.9,g
2236,Korv varmkorv mager fett 7%,"Järn, Fe",Korv,0.9,mg
2236,Korv varmkorv mager fett 7%,Energi (kJ),Korv,710.0,kJ
2236,Korv varmkorv mager fett 7%,Energi (kcal),Korv,170.0,kcal
2236,Korv varmkorv mager fett 7%,Disackarider,Korv,0.4,g
2236,Korv varmkorv mager fett 7%,"Kalcium, Ca",Korv,10.0,mg
2236,Korv varmkorv mager fett 7%,Fettsyra 4:0-10:0,Korv,0.0,g
2236,Korv varmkorv mager fett 7%,DHA (C22:6),Korv,0.0,g
2236,Korv varmkorv mager fett 7%,DPA (C22:5),Korv,0.0,g
2236,Korv varmkorv mager fett 7%,EPA (C20:5),Korv,0.0,g
2236,Korv varmkorv mager fett 7%,Arakidonsyra C20:4,Korv,0.0,g
2236,Korv varmkorv mager fett 7%,Arakidinsyra C20:0,Korv,0.0,g
2236,Korv varmkorv mager fett 7%,Linolensyra C18:3,Korv,0.1,g
2236,Korv varmkorv mager fett 7%,Linolsyra C18:2,Korv,0.7,g
2236,Korv varmkorv mager fett 7%,Oljesyra C18:1,Korv,4.3,g
2236,Korv varmkorv mager fett 7%,Stearinsyra C18:0,Korv,1.2,g
2236,Korv varmkorv mager fett 7%,Palmitoljesyra C16:1,Korv,0.3,g
2236,Korv varmkorv mager fett 7%,Palmitinsyra C16:0,Korv,2.2,g
2236,Korv varmkorv mager fett 7%,Myristinsyra C14:0,Korv,0.2,g
2236,Korv varmkorv mager fett 7%,Laurinsyra C12:0,Korv,0.0,g
2236,Korv varmkorv mager fett 7%,Betakaroten/β-Karoten,Korv,1.0,µg
2236,Korv varmkorv mager fett 7%,Avfall (skal etc.),Korv,0.0,%
2236,Korv varmkorv mager fett 7%,Aska,Korv,3.2,g
2236,Korv varmkorv mager fett 7%,Alkohol,Korv,0.0,g
2238,Korv chorizo mager fett 9%,"Zink, Zn",Korv,2.0,mg
2238,Korv chorizo mager fett 9%,Vitamin E,Korv,0.2,mg
2238,Korv chorizo mager fett 9%,Vitamin D,Korv,0.0,µg
2238,Korv chorizo mager fett 9%,Vitamin C,Korv,30.9,mg
2238,Korv chorizo mager fett 9%,Vitamin B6,Korv,0.28,mg
2238,Korv chorizo mager fett 9%,Vitamin B12,Korv,0.3,µg
2238,Korv chorizo mager fett 9%,Vitamin A,Korv,49.6,RE/µg
2238,Korv chorizo mager fett 9%,Vatten,Korv,67.9,g
2238,Korv chorizo mager fett 9%,Tiamin,Korv,0.71,mg
2238,Korv chorizo mager fett 9%,Tillsatt socker,Korv,1.0,g
2238,Korv chorizo mager fett 9%,Fritt socker,Korv,1.0,g
2238,Korv chorizo mager fett 9%,"Selen, Se",Korv,7.9,µg
2238,Korv chorizo mager fett 9%,Sackaros,Korv,0.0,g
2238,Korv chorizo mager fett 9%,Riboflavin,Korv,0.18,mg
2238,Korv chorizo mager fett 9%,Retinol,Korv,48.6,µg
2238,Korv chorizo mager fett 9%,Protein,Korv,14.4,g
2238,Korv chorizo mager fett 9%,Summa fleromättade fettsyror,Korv,1.0,g
2238,Korv chorizo mager fett 9%,"Fosfor, P",Korv,129.0,mg
2238,Korv chorizo mager fett 9%,Niacinekvivalenter,Korv,6.7,NE/mg
2238,Korv chorizo mager fett 9%,Niacin,Korv,4.04,mg
2238,Korv chorizo mager fett 9%,"Salt, NaCl",Korv,1.5,g
2238,Korv chorizo mager fett 9%,"Natrium, Na",Korv,600.0,mg
2238,Korv chorizo mager fett 9%,Monosackarider,Korv,0.9,g
2238,Korv chorizo mager fett 9%,"Sockerarter, totalt",Korv,0.9,g
2238,Korv chorizo mager fett 9%,Summa enkelomättade fettsyror,Korv,4.7,g
2238,Korv chorizo mager fett 9%,"Magnesium, Mg",Korv,16.0,mg
2238,Korv chorizo mager fett 9%,Summa mättade fettsyror,Korv,2.9,g
2238,Korv chorizo mager fett 9%,"Kolhydrater, tillgängliga",Korv,4.8,g
2238,Korv chorizo mager fett 9%,Kolesterol,Korv,57.0,mg
2238,Korv chorizo mager fett 9%,"Kalium, K",Korv,213.0,mg
2238,Korv chorizo mager fett 9%,"Jod, I",Korv,6.0,µg
2238,Korv chorizo mager fett 9%,Fullkorn totalt,Korv,0.0,g
2238,Korv chorizo mager fett 9%,"Folat, totalt",Korv,0.0,µg
2238,Korv chorizo mager fett 9%,Fibrer,Korv,1.2,g
2238,Korv chorizo mager fett 9%,"Fett, totalt",Korv,9.0,g
2238,Korv chorizo mager fett 9%,"Järn, Fe",Korv,1.0,mg
2238,Korv chorizo mager fett 9%,Energi (kJ),Korv,669.0,kJ
2238,Korv chorizo mager fett 9%,Energi (kcal),Korv,160.0,kcal
2238,Korv chorizo mager fett 9%,Disackarider,Korv,0.0,g
2238,Korv chorizo mager fett 9%,"Kalcium, Ca",Korv,8.0,mg
2238,Korv chorizo mager fett 9%,Fettsyra 4:0-10:0,Korv,0.0,g
2238,Korv chorizo mager fett 9%,DHA (C22:6),Korv,0.0,g
2238,Korv chorizo mager fett 9%,DPA (C22:5),Korv,0.0,g
2238,Korv chorizo mager fett 9%,EPA (C20:5),Korv,0.0,g
2238,Korv chorizo mager fett 9%,Arakidonsyra C20:4,Korv,0.0,g
2238,Korv chorizo mager fett 9%,Arakidinsyra C20:0,Korv,0.0,g
2238,Korv chorizo mager fett 9%,Linolensyra C18:3,Korv,0.1,g
2238,Korv chorizo mager fett 9%,Linolsyra C18:2,Korv,0.8,g
2238,Korv chorizo mager fett 9%,Oljesyra C18:1,Korv,4.2,g
2238,Korv chorizo mager fett 9%,Stearinsyra C18:0,Korv,0.8,g
2238,Korv chorizo mager fett 9%,Palmitoljesyra C16:1,Korv,0.3,g
2238,Korv chorizo mager fett 9%,Palmitinsyra C16:0,Korv,1.9,g
2238,Korv chorizo mager fett 9%,Myristinsyra C14:0,Korv,0.1,g
2238,Korv chorizo mager fett 9%,Laurinsyra C12:0,Korv,0.0,g
2238,Korv chorizo mager fett 9%,Betakaroten/β-Karoten,Korv,8.0,µg
2238,Korv chorizo mager fett 9%,Avfall (skal etc.),Korv,0.0,%
2238,Korv chorizo mager fett 9%,Aska,Korv,2.7,g
2238,Korv chorizo mager fett 9%,Alkohol,Korv,0.0,g
2239,Korv middagskorv fett ca 9% kött ca 55 %,"Zink, Zn",Korv,1.5,mg
2239,Korv middagskorv fett ca 9% kött ca 55 %,Vitamin E,Korv,0.1,mg
2239,Korv middagskorv fett ca 9% kött ca 55 %,Vitamin D,Korv,0.0,µg
2239,Korv middagskorv fett ca 9% kött ca 55 %,Vitamin C,Korv,20.6,mg
2239,Korv middagskorv fett ca 9% kött ca 55 %,Vitamin B6,Korv,0.22,mg
2239,Korv middagskorv fett ca 9% kött ca 55 %,Vitamin B12,Korv,0.2,µg
2239,Korv middagskorv fett ca 9% kött ca 55 %,Vitamin A,Korv,0.0,RE/µg
2239,Korv middagskorv fett ca 9% kött ca 55 %,Vatten,Korv,73.0,g
2239,Korv middagskorv fett ca 9% kött ca 55 %,Tiamin,Korv,0.5,mg
2239,Korv middagskorv fett ca 9% kött ca 55 %,Tillsatt socker,Korv,1.0,g
2239,Korv middagskorv fett ca 9% kött ca 55 %,Fritt socker,Korv,1.0,g
2239,Korv middagskorv fett ca 9% kött ca 55 %,"Selen, Se",Korv,5.4,µg
2239,Korv middagskorv fett ca 9% kött ca 55 %,Sackaros,Korv,0.0,g
2239,Korv middagskorv fett ca 9% kött ca 55 %,Riboflavin,Korv,0.13,mg
2239,Korv middagskorv fett ca 9% kött ca 55 %,Retinol,Korv,0.0,µg
2239,Korv middagskorv fett ca 9% kött ca 55 %,Protein,Korv,10.1,g
2239,Korv middagskorv fett ca 9% kött ca 55 %,Summa fleromättade fettsyror,Korv,0.6,g
2239,Korv middagskorv fett ca 9% kött ca 55 %,"Fosfor, P",Korv,85.0,mg
2239,Korv middagskorv fett ca 9% kött ca 55 %,Niacinekvivalenter,Korv,4.8,NE/mg
2239,Korv middagskorv fett ca 9% kött ca 55 %,Niacin,Korv,2.94,mg
2239,Korv middagskorv fett ca 9% kött ca 55 %,"Salt, NaCl",Korv,1.5,g
2239,Korv middagskorv fett ca 9% kött ca 55 %,"Natrium, Na",Korv,600.0,mg
2239,Korv middagskorv fett ca 9% kött ca 55 %,Monosackarider,Korv,0.9,g
2239,Korv middagskorv fett ca 9% kött ca 55 %,"Sockerarter, totalt",Korv,1.3,g
2239,Korv middagskorv fett ca 9% kött ca 55 %,Summa enkelomättade fettsyror,Korv,3.2,g
2239,Korv middagskorv fett ca 9% kött ca 55 %,"Magnesium, Mg",Korv,10.0,mg
2239,Korv middagskorv fett ca 9% kött ca 55 %,Summa mättade fettsyror,Korv,2.8,g
2239,Korv middagskorv fett ca 9% kött ca 55 %,"Kolhydrater, tillgängliga",Korv,6.0,g
2239,Korv middagskorv fett ca 9% kött ca 55 %,Kolesterol,Korv,31.9,mg
2239,Korv middagskorv fett ca 9% kött ca 55 %,"Kalium, K",Korv,158.0,mg
2239,Korv middagskorv fett ca 9% kött ca 55 %,"Jod, I",Korv,2.0,µg
2239,Korv middagskorv fett ca 9% kött ca 55 %,Fullkorn totalt,Korv,0.0,g
2239,Korv middagskorv fett ca 9% kött ca 55 %,"Folat, totalt",Korv,0.0,µg
2239,Korv middagskorv fett ca 9% kött ca 55 %,Fibrer,Korv,1.5,g
2239,Korv middagskorv fett ca 9% kött ca 55 %,"Fett, totalt",Korv,7.0,g
2239,Korv middagskorv fett ca 9% kött ca 55 %,"Järn, Fe",Korv,0.9,mg
2239,Korv middagskorv fett ca 9% kött ca 55 %,Energi (kJ),Korv,547.0,kJ
2239,Korv middagskorv fett ca 9% kött ca 55 %,Energi (kcal),Korv,131.0,kcal
2239,Korv middagskorv fett ca 9% kött ca 55 %,Disackarider,Korv,0.4,g
2239,Korv middagskorv fett ca 9% kött ca 55 %,"Kalcium, Ca",Korv,7.0,mg
2239,Korv middagskorv fett ca 9% kött ca 55 %,Fettsyra 4:0-10:0,Korv,0.0,g
2239,Korv middagskorv fett ca 9% kött ca 55 %,DHA (C22:6),Korv,0.0,g
2239,Korv middagskorv fett ca 9% kött ca 55 %,DPA (C22:5),Korv,0.0,g
2239,Korv middagskorv fett ca 9% kött ca 55 %,EPA (C20:5),Korv,0.0,g
2239,Korv middagskorv fett ca 9% kött ca 55 %,Arakidonsyra C20:4,Korv,0.0,g
2239,Korv middagskorv fett ca 9% kött ca 55 %,Arakidinsyra C20:0,Korv,0.0,g
2239,Korv middagskorv fett ca 9% kött ca 55 %,Linolensyra C18:3,Korv,0.0,g
2239,Korv middagskorv fett ca 9% kött ca 55 %,Linolsyra C18:2,Korv,0.5,g
2239,Korv middagskorv fett ca 9% kött ca 55 %,Oljesyra C18:1,Korv,2.9,g
2239,Korv middagskorv fett ca 9% kött ca 55 %,Stearinsyra C18:0,Korv,1.0,g
2239,Korv middagskorv fett ca 9% kött ca 55 %,Palmitoljesyra C16:1,Korv,0.2,g
2239,Korv middagskorv fett ca 9% kött ca 55 %,Palmitinsyra C16:0,Korv,1.6,g
2239,Korv middagskorv fett ca 9% kött ca 55 %,Myristinsyra C14:0,Korv,0.1,g
2239,Korv middagskorv fett ca 9% kött ca 55 %,Laurinsyra C12:0,Korv,0.0,g
2239,Korv middagskorv fett ca 9% kött ca 55 %,Betakaroten/β-Karoten,Korv,0.0,µg
2239,Korv middagskorv fett ca 9% kött ca 55 %,Avfall (skal etc.),Korv,0.0,%
2239,Korv middagskorv fett ca 9% kött ca 55 %,Aska,Korv,2.3,g
2239,Korv middagskorv fett ca 9% kött ca 55 %,Alkohol,Korv,0.0,g
2240,Påläggskorv salami mager,"Zink, Zn",Korv,4.4,mg
2240,Påläggskorv salami mager,Vitamin E,Korv,0.0,mg
2240,Påläggskorv salami mager,Vitamin D,Korv,0.0,µg
2240,Påläggskorv salami mager,Vitamin C,Korv,0.0,mg
2240,Påläggskorv salami mager,Vitamin B6,Korv,0.55,mg
2240,Påläggskorv salami mager,Vitamin B12,Korv,0.96,µg
2240,Påläggskorv salami mager,Vitamin A,Korv,0.6,RE/µg
2240,Påläggskorv salami mager,Vatten,Korv,61.8,g
2240,Påläggskorv salami mager,Tiamin,Korv,0.97,mg
2240,Påläggskorv salami mager,Tillsatt socker,Korv,0.0,g
2240,Påläggskorv salami mager,Fritt socker,Korv,0.0,g
2240,Påläggskorv salami mager,"Selen, Se",Korv,12.3,µg
2240,Påläggskorv salami mager,Sackaros,Korv,0.0,g
2240,Påläggskorv salami mager,Riboflavin,Korv,0.23,mg
2240,Påläggskorv salami mager,Retinol,Korv,0.0,µg
2240,Påläggskorv salami mager,Protein,Korv,24.4,g
2240,Påläggskorv salami mager,Summa fleromättade fettsyror,Korv,0.6,g
2240,Påläggskorv salami mager,"Fosfor, P",Korv,190.0,mg
2240,Påläggskorv salami mager,Niacinekvivalenter,Korv,11.7,NE/mg
2240,Påläggskorv salami mager,Niacin,Korv,7.28,mg
2240,Påläggskorv salami mager,"Salt, NaCl",Korv,2.6,g
2240,Påläggskorv salami mager,"Natrium, Na",Korv,1020.0,mg
2240,Påläggskorv salami mager,Monosackarider,Korv,0.0,g
2240,Påläggskorv salami mager,"Sockerarter, totalt",Korv,0.0,g
2240,Påläggskorv salami mager,Summa enkelomättade fettsyror,Korv,3.5,g
2240,Påläggskorv salami mager,"Magnesium, Mg",Korv,20.0,mg
2240,Påläggskorv salami mager,Summa mättade fettsyror,Korv,3.4,g
2240,Påläggskorv salami mager,"Kolhydrater, tillgängliga",Korv,1.1,g
2240,Påläggskorv salami mager,Kolesterol,Korv,106.0,mg
2240,Påläggskorv salami mager,"Kalium, K",Korv,390.0,mg
2240,Påläggskorv salami mager,"Jod, I",Korv,1.0,µg
2240,Påläggskorv salami mager,Fullkorn totalt,Korv,0.0,g
2240,Påläggskorv salami mager,"Folat, totalt",Korv,3.7,µg
2240,Påläggskorv salami mager,Fibrer,Korv,0.0,g
2240,Påläggskorv salami mager,"Fett, totalt",Korv,8.0,g
2240,Påläggskorv salami mager,"Järn, Fe",Korv,1.7,mg
2240,Påläggskorv salami mager,Energi (kJ),Korv,730.0,kJ
2240,Påläggskorv salami mager,Energi (kcal),Korv,174.0,kcal
2240,Påläggskorv salami mager,Disackarider,Korv,0.0,g
2240,Påläggskorv salami mager,"Kalcium, Ca",Korv,6.0,mg
2240,Påläggskorv salami mager,Fettsyra 4:0-10:0,Korv,0.0,g
2240,Påläggskorv salami mager,DHA (C22:6),Korv,0.0,g
2240,Påläggskorv salami mager,DPA (C22:5),Korv,0.0,g
2240,Påläggskorv salami mager,EPA (C20:5),Korv,0.0,g
2240,Påläggskorv salami mager,Arakidonsyra C20:4,Korv,0.0,g
2240,Påläggskorv salami mager,Arakidinsyra C20:0,Korv,0.0,g
2240,Påläggskorv salami mager,Linolensyra C18:3,Korv,0.1,g
2240,Påläggskorv salami mager,Linolsyra C18:2,Korv,0.5,g
2240,Påläggskorv salami mager,Oljesyra C18:1,Korv,3.1,g
2240,Påläggskorv salami mager,Stearinsyra C18:0,Korv,1.0,g
2240,Påläggskorv salami mager,Palmitoljesyra C16:1,Korv,0.2,g
2240,Påläggskorv salami mager,Palmitinsyra C16:0,Korv,2.0,g
2240,Påläggskorv salami mager,Myristinsyra C14:0,Korv,0.2,g
2240,Påläggskorv salami mager,Laurinsyra C12:0,Korv,0.0,g
2240,Påläggskorv salami mager,Betakaroten/β-Karoten,Korv,8.0,µg
2240,Påläggskorv salami mager,Avfall (skal etc.),Korv,0.0,%
2240,Påläggskorv salami mager,Aska,Korv,4.7,g
2240,Påläggskorv salami mager,Alkohol,Korv,0.0,g
2246,Mintplattor m. mörkchokladöverdrag,"Zink, Zn",Godis som innehåller choklad,0.6,mg
2246,Mintplattor m. mörkchokladöverdrag,Vitamin E,Godis som innehåller choklad,1.5,mg
2246,Mintplattor m. mörkchokladöverdrag,Vitamin D inkl 25-OH-D3,Godis som innehåller choklad,0.0,µg
2246,Mintplattor m. mörkchokladöverdrag,Vitamin D,Godis som innehåller choklad,0.0,µg
2246,Mintplattor m. mörkchokladöverdrag,Vitamin C,Godis som innehåller choklad,0.0,mg
2246,Mintplattor m. mörkchokladöverdrag,Vitamin B6,Godis som innehåller choklad,0.35,mg
2246,Mintplattor m. mörkchokladöverdrag,Vitamin B12,Godis som innehåller choklad,0.0,µg
2246,Mintplattor m. mörkchokladöverdrag,Vitamin A,Godis som innehåller choklad,77.0,RE/µg
2246,Mintplattor m. mörkchokladöverdrag,Vatten,Godis som innehåller choklad,5.4,g
2246,Mintplattor m. mörkchokladöverdrag,Tiamin,Godis som innehåller choklad,0.16,mg
2246,Mintplattor m. mörkchokladöverdrag,Tillsatt socker,Godis som innehåller choklad,63.0,g
2246,Mintplattor m. mörkchokladöverdrag,Fritt socker,Godis som innehåller choklad,63.0,g
2246,Mintplattor m. mörkchokladöverdrag,"Selen, Se",Godis som innehåller choklad,3.0,µg
2246,Mintplattor m. mörkchokladöverdrag,Sackaros,Godis som innehåller choklad,56.5,g
2246,Mintplattor m. mörkchokladöverdrag,Riboflavin,Godis som innehåller choklad,0.01,mg
2246,Mintplattor m. mörkchokladöverdrag,Retinol,Godis som innehåller choklad,74.0,µg
2246,Mintplattor m. mörkchokladöverdrag,Protein,Godis som innehåller choklad,3.7,g
2246,Mintplattor m. mörkchokladöverdrag,Summa fleromättade fettsyror,Godis som innehåller choklad,0.6,g
2246,Mintplattor m. mörkchokladöverdrag,"Fosfor, P",Godis som innehåller choklad,104.0,mg
2246,Mintplattor m. mörkchokladöverdrag,Niacinekvivalenter,Godis som innehåller choklad,1.4,NE/mg
2246,Mintplattor m. mörkchokladöverdrag,Niacin,Godis som innehåller choklad,0.5,mg
2246,Mintplattor m. mörkchokladöverdrag,"Salt, NaCl",Godis som innehåller choklad,0.0,g
2246,Mintplattor m. mörkchokladöverdrag,"Natrium, Na",Godis som innehåller choklad,6.0,mg
2246,Mintplattor m. mörkchokladöverdrag,Monosackarider,Godis som innehåller choklad,6.4,g
2246,Mintplattor m. mörkchokladöverdrag,"Sockerarter, totalt",Godis som innehåller choklad,62.9,g
2246,Mintplattor m. mörkchokladöverdrag,Summa enkelomättade fettsyror,Godis som innehåller choklad,5.2,g
2246,Mintplattor m. mörkchokladöverdrag,"Magnesium, Mg",Godis som innehåller choklad,13.0,mg
2246,Mintplattor m. mörkchokladöverdrag,Summa mättade fettsyror,Godis som innehåller choklad,9.9,g
2246,Mintplattor m. mörkchokladöverdrag,"Kolhydrater, tillgängliga",Godis som innehåller choklad,69.0,g
2246,Mintplattor m. mörkchokladöverdrag,Kolesterol,Godis som innehåller choklad,3.0,mg
2246,Mintplattor m. mörkchokladöverdrag,"Kalium, K",Godis som innehåller choklad,389.0,mg
2246,Mintplattor m. mörkchokladöverdrag,"Jod, I",Godis som innehåller choklad,8.0,µg
2246,Mintplattor m. mörkchokladöverdrag,Fullkorn totalt,Godis som innehåller choklad,0.0,g
2246,Mintplattor m. mörkchokladöverdrag,"Folat, totalt",Godis som innehåller choklad,1.0,µg
2246,Mintplattor m. mörkchokladöverdrag,Fibrer,Godis som innehåller choklad,4.7,g
2246,Mintplattor m. mörkchokladöverdrag,"Fett, totalt",Godis som innehåller choklad,16.3,g
2246,Mintplattor m. mörkchokladöverdrag,"Järn, Fe",Godis som innehåller choklad,0.7,mg
2246,Mintplattor m. mörkchokladöverdrag,Energi (kJ),Godis som innehåller choklad,1877.0,kJ
2246,Mintplattor m. mörkchokladöverdrag,Energi (kcal),Godis som innehåller choklad,448.0,kcal
2246,Mintplattor m. mörkchokladöverdrag,Disackarider,Godis som innehåller choklad,56.5,g
2246,Mintplattor m. mörkchokladöverdrag,"Kalcium, Ca",Godis som innehåller choklad,49.0,mg
2246,Mintplattor m. mörkchokladöverdrag,Fettsyra 4:0-10:0,Godis som innehåller choklad,0.0,g
2246,Mintplattor m. mörkchokladöverdrag,DHA (C22:6),Godis som innehåller choklad,0.0,g
2246,Mintplattor m. mörkchokladöverdrag,DPA (C22:5),Godis som innehåller choklad,0.0,g
2246,Mintplattor m. mörkchokladöverdrag,EPA (C20:5),Godis som innehåller choklad,0.0,g
2246,Mintplattor m. mörkchokladöverdrag,Arakidonsyra C20:4,Godis som innehåller choklad,0.0,g
2246,Mintplattor m. mörkchokladöverdrag,Arakidinsyra C20:0,Godis som innehåller choklad,0.2,g
2246,Mintplattor m. mörkchokladöverdrag,Linolensyra C18:3,Godis som innehåller choklad,0.0,g
2246,Mintplattor m. mörkchokladöverdrag,Linolsyra C18:2,Godis som innehåller choklad,0.5,g
2246,Mintplattor m. mörkchokladöverdrag,Oljesyra C18:1,Godis som innehåller choklad,5.1,g
2246,Mintplattor m. mörkchokladöverdrag,Stearinsyra C18:0,Godis som innehåller choklad,5.4,g
2246,Mintplattor m. mörkchokladöverdrag,Palmitoljesyra C16:1,Godis som innehåller choklad,0.0,g
2246,Mintplattor m. mörkchokladöverdrag,Palmitinsyra C16:0,Godis som innehåller choklad,4.0,g
2246,Mintplattor m. mörkchokladöverdrag,Myristinsyra C14:0,Godis som innehåller choklad,0.1,g
2246,Mintplattor m. mörkchokladöverdrag,Laurinsyra C12:0,Godis som innehåller choklad,0.0,g
2246,Mintplattor m. mörkchokladöverdrag,Betakaroten/β-Karoten,Godis som innehåller choklad,15.0,µg
2246,Mintplattor m. mörkchokladöverdrag,Avfall (skal etc.),Godis som innehåller choklad,0.0,%
2246,Mintplattor m. mörkchokladöverdrag,Aska,Godis som innehåller choklad,0.9,g
2246,Mintplattor m. mörkchokladöverdrag,Alkohol,Godis som innehåller choklad,0.0,g
2255,Ost mozzarella fett 18%,"Zink, Zn",Hård ost mm,2.4,mg
2255,Ost mozzarella fett 18%,Vitamin E,Hård ost mm,0.4,mg
2255,Ost mozzarella fett 18%,Vitamin D,Hård ost mm,0.0,µg
2255,Ost mozzarella fett 18%,Vitamin C,Hård ost mm,0.0,mg
2255,Ost mozzarella fett 18%,Vitamin B6,Hård ost mm,0.0,mg
2255,Ost mozzarella fett 18%,Vitamin B12,Hård ost mm,1.09,µg
2255,Ost mozzarella fett 18%,Vitamin A,Hård ost mm,165.7,RE/µg
2255,Ost mozzarella fett 18%,Vatten,Hård ost mm,65.5,g
2255,Ost mozzarella fett 18%,Tiamin,Hård ost mm,0.01,mg
2255,Ost mozzarella fett 18%,Tillsatt socker,Hård ost mm,0.0,g
2255,Ost mozzarella fett 18%,Fritt socker,Hård ost mm,0.0,g
2255,Ost mozzarella fett 18%,"Selen, Se",Hård ost mm,0.0,µg
2255,Ost mozzarella fett 18%,Sackaros,Hård ost mm,0.0,g
2255,Ost mozzarella fett 18%,Riboflavin,Hård ost mm,0.19,mg
2255,Ost mozzarella fett 18%,Retinol,Hård ost mm,163.0,µg
2255,Ost mozzarella fett 18%,Protein,Hård ost mm,15.6,g
2255,Ost mozzarella fett 18%,Summa fleromättade fettsyror,Hård ost mm,0.7,g
2255,Ost mozzarella fett 18%,"Fosfor, P",Hård ost mm,227.0,mg
2255,Ost mozzarella fett 18%,Niacinekvivalenter,Hård ost mm,3.6,NE/mg
2255,Ost mozzarella fett 18%,Niacin,Hård ost mm,0.0,mg
2255,Ost mozzarella fett 18%,"Salt, NaCl",Hård ost mm,0.5,g
2255,Ost mozzarella fett 18%,"Natrium, Na",Hård ost mm,198.0,mg
2255,Ost mozzarella fett 18%,Monosackarider,Hård ost mm,0.0,g
2255,Ost mozzarella fett 18%,"Sockerarter, totalt",Hård ost mm,0.4,g
2255,Ost mozzarella fett 18%,Summa enkelomättade fettsyror,Hård ost mm,4.1,g
2255,Ost mozzarella fett 18%,"Magnesium, Mg",Hård ost mm,12.0,mg
2255,Ost mozzarella fett 18%,Summa mättade fettsyror,Hård ost mm,10.6,g
2255,Ost mozzarella fett 18%,"Kolhydrater, tillgängliga",Hård ost mm,0.8,g
2255,Ost mozzarella fett 18%,Kolesterol,Hård ost mm,51.7,mg
2255,Ost mozzarella fett 18%,"Kalium, K",Hård ost mm,26.0,mg
2255,Ost mozzarella fett 18%,"Jod, I",Hård ost mm,19.1,µg
2255,Ost mozzarella fett 18%,Fullkorn totalt,Hård ost mm,0.0,g
2255,Ost mozzarella fett 18%,"Folat, totalt",Hård ost mm,7.7,µg
2255,Ost mozzarella fett 18%,Fibrer,Hård ost mm,0.0,g
2255,Ost mozzarella fett 18%,"Fett, totalt",Hård ost mm,16.6,g
2255,Ost mozzarella fett 18%,"Järn, Fe",Hård ost mm,0.1,mg
2255,Ost mozzarella fett 18%,Energi (kJ),Hård ost mm,894.0,kJ
2255,Ost mozzarella fett 18%,Energi (kcal),Hård ost mm,214.0,kcal
2255,Ost mozzarella fett 18%,Disackarider,Hård ost mm,0.4,g
2255,Ost mozzarella fett 18%,"Kalcium, Ca",Hård ost mm,306.0,mg
2255,Ost mozzarella fett 18%,Fettsyra 4:0-10:0,Hård ost mm,1.2,g
2255,Ost mozzarella fett 18%,DHA (C22:6),Hård ost mm,0.0,g
2255,Ost mozzarella fett 18%,DPA (C22:5),Hård ost mm,0.0,g
2255,Ost mozzarella fett 18%,EPA (C20:5),Hård ost mm,0.0,g
2255,Ost mozzarella fett 18%,Arakidonsyra C20:4,Hård ost mm,0.0,g
2255,Ost mozzarella fett 18%,Arakidinsyra C20:0,Hård ost mm,0.0,g
2255,Ost mozzarella fett 18%,Linolensyra C18:3,Hård ost mm,0.1,g
2255,Ost mozzarella fett 18%,Linolsyra C18:2,Hård ost mm,0.5,g
2255,Ost mozzarella fett 18%,Oljesyra C18:1,Hård ost mm,3.6,g
2255,Ost mozzarella fett 18%,Stearinsyra C18:0,Hård ost mm,1.7,g
2255,Ost mozzarella fett 18%,Palmitoljesyra C16:1,Hård ost mm,0.3,g
2255,Ost mozzarella fett 18%,Palmitinsyra C16:0,Hård ost mm,4.9,g
2255,Ost mozzarella fett 18%,Myristinsyra C14:0,Hård ost mm,1.6,g
2255,Ost mozzarella fett 18%,Laurinsyra C12:0,Hård ost mm,0.4,g
2255,Ost mozzarella fett 18%,Betakaroten/β-Karoten,Hård ost mm,33.0,µg
2255,Ost mozzarella fett 18%,Avfall (skal etc.),Hård ost mm,0.0,%
2255,Ost mozzarella fett 18%,Aska,Hård ost mm,1.5,g
2255,Ost mozzarella fett 18%,Alkohol,Hård ost mm,0.0,g
2269,Ingefära färsk,"Zink, Zn",Rotfrukter,0.4,mg
2269,Ingefära färsk,Vitamin E,Rotfrukter,0.3,mg
2269,Ingefära färsk,Vitamin D inkl 25-OH-D3,Rotfrukter,0.0,µg
2269,Ingefära färsk,Vitamin D,Rotfrukter,0.0,µg
2269,Ingefära färsk,Vitamin C,Rotfrukter,5.4,mg
2269,Ingefära färsk,Vitamin B6,Rotfrukter,0.2,mg
2269,Ingefära färsk,Vitamin B12,Rotfrukter,0.0,µg
2269,Ingefära färsk,Vitamin A,Rotfrukter,7.4,RE/µg
2269,Ingefära färsk,Vatten,Rotfrukter,81.3,g
2269,Ingefära färsk,Tiamin,Rotfrukter,0.04,mg
2269,Ingefära färsk,Tillsatt socker,Rotfrukter,0.0,g
2269,Ingefära färsk,Fritt socker,Rotfrukter,0.0,g
2269,Ingefära färsk,"Selen, Se",Rotfrukter,0.0,µg
2269,Ingefära färsk,Sackaros,Rotfrukter,0.2,g
2269,Ingefära färsk,Riboflavin,Rotfrukter,0.04,mg
2269,Ingefära färsk,Retinol,Rotfrukter,0.0,µg
2269,Ingefära färsk,Protein,Rotfrukter,2.2,g
2269,Ingefära färsk,Summa fleromättade fettsyror,Rotfrukter,0.4,g
2269,Ingefära färsk,"Fosfor, P",Rotfrukter,44.0,mg
2269,Ingefära färsk,Niacinekvivalenter,Rotfrukter,0.8,NE/mg
2269,Ingefära färsk,Niacin,Rotfrukter,0.42,mg
2269,Ingefära färsk,"Salt, NaCl",Rotfrukter,0.0,g
2269,Ingefära färsk,"Natrium, Na",Rotfrukter,10.0,mg
2269,Ingefära färsk,Monosackarider,Rotfrukter,1.2,g
2269,Ingefära färsk,"Sockerarter, totalt",Rotfrukter,1.3,g
2269,Ingefära färsk,Summa enkelomättade fettsyror,Rotfrukter,0.1,g
2269,Ingefära färsk,"Magnesium, Mg",Rotfrukter,55.0,mg
2269,Ingefära färsk,Summa mättade fettsyror,Rotfrukter,0.2,g
2269,Ingefära färsk,"Kolhydrater, tillgängliga",Rotfrukter,9.0,g
2269,Ingefära färsk,Kolesterol,Rotfrukter,0.0,mg
2269,Ingefära färsk,"Kalium, K",Rotfrukter,407.0,mg
2269,Ingefära färsk,"Jod, I",Rotfrukter,0.0,µg
2269,Ingefära färsk,Fullkorn totalt,Rotfrukter,0.0,g
2269,Ingefära färsk,"Folat, totalt",Rotfrukter,10.8,µg
2269,Ingefära färsk,Fibrer,Rotfrukter,5.4,g
2269,Ingefära färsk,"Fett, totalt",Rotfrukter,0.8,g
2269,Ingefära färsk,"Järn, Fe",Rotfrukter,1.9,mg
2269,Ingefära färsk,Energi (kJ),Rotfrukter,265.0,kJ
2269,Ingefära färsk,Energi (kcal),Rotfrukter,63.0,kcal
2269,Ingefära färsk,Disackarider,Rotfrukter,0.2,g
2269,Ingefära färsk,"Kalcium, Ca",Rotfrukter,19.0,mg
2269,Ingefära färsk,Fettsyra 4:0-10:0,Rotfrukter,0.0,g
2269,Ingefära färsk,DHA (C22:6),Rotfrukter,0.0,g
2269,Ingefära färsk,DPA (C22:5),Rotfrukter,0.0,g
2269,Ingefära färsk,EPA (C20:5),Rotfrukter,0.0,g
2269,Ingefära färsk,Arakidonsyra C20:4,Rotfrukter,0.0,g
2269,Ingefära färsk,Arakidinsyra C20:0,Rotfrukter,0.0,g
2269,Ingefära färsk,Linolensyra C18:3,Rotfrukter,0.1,g
2269,Ingefära färsk,Linolsyra C18:2,Rotfrukter,0.3,g
2269,Ingefära färsk,Oljesyra C18:1,Rotfrukter,0.1,g
2269,Ingefära färsk,Stearinsyra C18:0,Rotfrukter,0.0,g
2269,Ingefära färsk,Palmitoljesyra C16:1,Rotfrukter,0.0,g
2269,Ingefära färsk,Palmitinsyra C16:0,Rotfrukter,0.2,g
2269,Ingefära färsk,Myristinsyra C14:0,Rotfrukter,0.0,g
2269,Ingefära färsk,Laurinsyra C12:0,Rotfrukter,0.0,g
2269,Ingefära färsk,Betakaroten/β-Karoten,Rotfrukter,89.0,µg
2269,Ingefära färsk,Avfall (skal etc.),Rotfrukter,5.0,%
2269,Ingefära färsk,Aska,Rotfrukter,1.3,g
2269,Ingefära färsk,Alkohol,Rotfrukter,0.0,g
2294,Kebabkött restaurang,"Zink, Zn",Köttprodukter kötträtter,3.0,mg
2294,Kebabkött restaurang,Vitamin E,Köttprodukter kötträtter,1.2,mg
2294,Kebabkött restaurang,Vitamin D,Köttprodukter kötträtter,0.0,µg
2294,Kebabkött restaurang,Vitamin C,Köttprodukter kötträtter,0.0,mg
2294,Kebabkött restaurang,Vitamin B6,Köttprodukter kötträtter,0.06,mg
2294,Kebabkött restaurang,Vitamin B12,Köttprodukter kötträtter,1.55,µg
2294,Kebabkött restaurang,Vitamin A,Köttprodukter kötträtter,53.1,RE/µg
2294,Kebabkött restaurang,Vatten,Köttprodukter kötträtter,48.4,g
2294,Kebabkött restaurang,Tiamin,Köttprodukter kötträtter,0.06,mg
2294,Kebabkött restaurang,Tillsatt socker,Köttprodukter kötträtter,0.0,g
2294,Kebabkött restaurang,Fritt socker,Köttprodukter kötträtter,0.0,g
2294,Kebabkött restaurang,"Selen, Se",Köttprodukter kötträtter,7.0,µg
2294,Kebabkött restaurang,Sackaros,Köttprodukter kötträtter,0.1,g
2294,Kebabkött restaurang,Riboflavin,Köttprodukter kötträtter,0.12,mg
2294,Kebabkött restaurang,Retinol,Köttprodukter kötträtter,48.6,µg
2294,Kebabkött restaurang,Protein,Köttprodukter kötträtter,18.7,g
2294,Kebabkött restaurang,Summa fleromättade fettsyror,Köttprodukter kötträtter,1.2,g
2294,Kebabkött restaurang,"Fosfor, P",Köttprodukter kötträtter,240.0,mg
2294,Kebabkött restaurang,Niacinekvivalenter,Köttprodukter kötträtter,3.8,NE/mg
2294,Kebabkött restaurang,Niacin,Köttprodukter kötträtter,0.38,mg
2294,Kebabkött restaurang,"Salt, NaCl",Köttprodukter kötträtter,2.2,g
2294,Kebabkött restaurang,"Natrium, Na",Köttprodukter kötträtter,880.0,mg
2294,Kebabkött restaurang,Monosackarider,Köttprodukter kötträtter,0.3,g
2294,Kebabkött restaurang,"Sockerarter, totalt",Köttprodukter kötträtter,0.6,g
2294,Kebabkött restaurang,Summa enkelomättade fettsyror,Köttprodukter kötträtter,10.3,g
2294,Kebabkött restaurang,"Magnesium, Mg",Köttprodukter kötträtter,30.0,mg
2294,Kebabkött restaurang,Summa mättade fettsyror,Köttprodukter kötträtter,10.3,g
2294,Kebabkött restaurang,"Kolhydrater, tillgängliga",Köttprodukter kötträtter,4.9,g
2294,Kebabkött restaurang,Kolesterol,Köttprodukter kötträtter,58.4,mg
2294,Kebabkött restaurang,"Kalium, K",Köttprodukter kötträtter,410.0,mg
2294,Kebabkött restaurang,"Jod, I",Köttprodukter kötträtter,39.0,µg
2294,Kebabkött restaurang,Fullkorn totalt,Köttprodukter kötträtter,0.0,g
2294,Kebabkött restaurang,"Folat, totalt",Köttprodukter kötträtter,12.0,µg
2294,Kebabkött restaurang,Fibrer,Köttprodukter kötträtter,1.9,g
2294,Kebabkött restaurang,"Fett, totalt",Köttprodukter kötträtter,22.9,g
2294,Kebabkött restaurang,"Järn, Fe",Köttprodukter kötträtter,2.2,mg
2294,Kebabkött restaurang,Energi (kJ),Köttprodukter kötträtter,1264.0,kJ
2294,Kebabkött restaurang,Energi (kcal),Köttprodukter kötträtter,302.0,kcal
2294,Kebabkött restaurang,Disackarider,Köttprodukter kötträtter,0.2,g
2294,Kebabkött restaurang,"Kalcium, Ca",Köttprodukter kötträtter,30.0,mg
2294,Kebabkött restaurang,Fettsyra 4:0-10:0,Köttprodukter kötträtter,0.0,g
2294,Kebabkött restaurang,DHA (C22:6),Köttprodukter kötträtter,0.0,g
2294,Kebabkött restaurang,DPA (C22:5),Köttprodukter kötträtter,0.0,g
2294,Kebabkött restaurang,EPA (C20:5),Köttprodukter kötträtter,0.0,g
2294,Kebabkött restaurang,Arakidonsyra C20:4,Köttprodukter kötträtter,0.0,g
2294,Kebabkött restaurang,Arakidinsyra C20:0,Köttprodukter kötträtter,0.0,g
2294,Kebabkött restaurang,Linolensyra C18:3,Köttprodukter kötträtter,0.1,g
2294,Kebabkött restaurang,Linolsyra C18:2,Köttprodukter kötträtter,0.9,g
2294,Kebabkött restaurang,Oljesyra C18:1,Köttprodukter kötträtter,8.9,g
2294,Kebabkött restaurang,Stearinsyra C18:0,Köttprodukter kötträtter,3.3,g
2294,Kebabkött restaurang,Palmitoljesyra C16:1,Köttprodukter kötträtter,0.9,g
2294,Kebabkött restaurang,Palmitinsyra C16:0,Köttprodukter kötträtter,5.6,g
2294,Kebabkött restaurang,Myristinsyra C14:0,Köttprodukter kötträtter,0.7,g
2294,Kebabkött restaurang,Laurinsyra C12:0,Köttprodukter kötträtter,0.0,g
2294,Kebabkött restaurang,Betakaroten/β-Karoten,Köttprodukter kötträtter,45.0,µg
2294,Kebabkött restaurang,Avfall (skal etc.),Köttprodukter kötträtter,0.0,%
2294,Kebabkött restaurang,Aska,Köttprodukter kötträtter,3.2,g
2294,Kebabkött restaurang,Alkohol,Köttprodukter kötträtter,0.0,g
2301,Fruktdryck nypon blåbär berikad,"Zink, Zn",Söta soppor kräm o efterrättssås,0.0,mg
2301,Fruktdryck nypon blåbär berikad,Vitamin E,Söta soppor kräm o efterrättssås,0.4,mg
2301,Fruktdryck nypon blåbär berikad,Vitamin D inkl 25-OH-D3,Söta soppor kräm o efterrättssås,0.0,µg
2301,Fruktdryck nypon blåbär berikad,Vitamin D,Söta soppor kräm o efterrättssås,0.0,µg
2301,Fruktdryck nypon blåbär berikad,Vitamin C,Söta soppor kräm o efterrättssås,43.8,mg
2301,Fruktdryck nypon blåbär berikad,Vitamin B6,Söta soppor kräm o efterrättssås,0.0,mg
2301,Fruktdryck nypon blåbär berikad,Vitamin B12,Söta soppor kräm o efterrättssås,0.0,µg
2301,Fruktdryck nypon blåbär berikad,Vitamin A,Söta soppor kräm o efterrättssås,6.9,RE/µg
2301,Fruktdryck nypon blåbär berikad,Vatten,Söta soppor kräm o efterrättssås,88.2,g
2301,Fruktdryck nypon blåbär berikad,Tiamin,Söta soppor kräm o efterrättssås,0.0,mg
2301,Fruktdryck nypon blåbär berikad,Tillsatt socker,Söta soppor kräm o efterrättssås,9.0,g
2301,Fruktdryck nypon blåbär berikad,Fritt socker,Söta soppor kräm o efterrättssås,9.0,g
2301,Fruktdryck nypon blåbär berikad,"Selen, Se",Söta soppor kräm o efterrättssås,0.0,µg
2301,Fruktdryck nypon blåbär berikad,Sackaros,Söta soppor kräm o efterrättssås,8.5,g
2301,Fruktdryck nypon blåbär berikad,Riboflavin,Söta soppor kräm o efterrättssås,0.0,mg
2301,Fruktdryck nypon blåbär berikad,Retinol,Söta soppor kräm o efterrättssås,0.0,µg
2301,Fruktdryck nypon blåbär berikad,Protein,Söta soppor kräm o efterrättssås,0.8,g
2301,Fruktdryck nypon blåbär berikad,Summa fleromättade fettsyror,Söta soppor kräm o efterrättssås,0.0,g
2301,Fruktdryck nypon blåbär berikad,"Fosfor, P",Söta soppor kräm o efterrättssås,6.0,mg
2301,Fruktdryck nypon blåbär berikad,Niacinekvivalenter,Söta soppor kräm o efterrättssås,0.1,NE/mg
2301,Fruktdryck nypon blåbär berikad,Niacin,Söta soppor kräm o efterrättssås,0.0,mg
2301,Fruktdryck nypon blåbär berikad,"Salt, NaCl",Söta soppor kräm o efterrättssås,0.0,g
2301,Fruktdryck nypon blåbär berikad,"Natrium, Na",Söta soppor kräm o efterrättssås,11.0,mg
2301,Fruktdryck nypon blåbär berikad,Monosackarider,Söta soppor kräm o efterrättssås,1.1,g
2301,Fruktdryck nypon blåbär berikad,"Sockerarter, totalt",Söta soppor kräm o efterrättssås,9.6,g
2301,Fruktdryck nypon blåbär berikad,Summa enkelomättade fettsyror,Söta soppor kräm o efterrättssås,0.0,g
2301,Fruktdryck nypon blåbär berikad,"Magnesium, Mg",Söta soppor kräm o efterrättssås,5.0,mg
2301,Fruktdryck nypon blåbär berikad,Summa mättade fettsyror,Söta soppor kräm o efterrättssås,0.0,g
2301,Fruktdryck nypon blåbär berikad,"Kolhydrater, tillgängliga",Söta soppor kräm o efterrättssås,10.6,g
2301,Fruktdryck nypon blåbär berikad,Kolesterol,Söta soppor kräm o efterrättssås,0.0,mg
2301,Fruktdryck nypon blåbär berikad,"Kalium, K",Söta soppor kräm o efterrättssås,42.0,mg
2301,Fruktdryck nypon blåbär berikad,"Jod, I",Söta soppor kräm o efterrättssås,0.9,µg
2301,Fruktdryck nypon blåbär berikad,Fullkorn totalt,Söta soppor kräm o efterrättssås,0.0,g
2301,Fruktdryck nypon blåbär berikad,"Folat, totalt",Söta soppor kräm o efterrättssås,4.7,µg
2301,Fruktdryck nypon blåbär berikad,Fibrer,Söta soppor kräm o efterrättssås,0.2,g
2301,Fruktdryck nypon blåbär berikad,"Fett, totalt",Söta soppor kräm o efterrättssås,0.1,g
2301,Fruktdryck nypon blåbär berikad,"Järn, Fe",Söta soppor kräm o efterrättssås,0.1,mg
2301,Fruktdryck nypon blåbär berikad,Energi (kJ),Söta soppor kräm o efterrättssås,199.0,kJ
2301,Fruktdryck nypon blåbär berikad,Energi (kcal),Söta soppor kräm o efterrättssås,48.0,kcal
2301,Fruktdryck nypon blåbär berikad,Disackarider,Söta soppor kräm o efterrättssås,8.5,g
2301,Fruktdryck nypon blåbär berikad,"Kalcium, Ca",Söta soppor kräm o efterrättssås,15.0,mg
2301,Fruktdryck nypon blåbär berikad,Fettsyra 4:0-10:0,Söta soppor kräm o efterrättssås,0.0,g
2301,Fruktdryck nypon blåbär berikad,DHA (C22:6),Söta soppor kräm o efterrättssås,0.0,g
2301,Fruktdryck nypon blåbär berikad,DPA (C22:5),Söta soppor kräm o efterrättssås,0.0,g
2301,Fruktdryck nypon blåbär berikad,EPA (C20:5),Söta soppor kräm o efterrättssås,0.0,g
2301,Fruktdryck nypon blåbär berikad,Arakidonsyra C20:4,Söta soppor kräm o efterrättssås,0.0,g
2301,Fruktdryck nypon blåbär berikad,Arakidinsyra C20:0,Söta soppor kräm o efterrättssås,0.0,g
2301,Fruktdryck nypon blåbär berikad,Linolensyra C18:3,Söta soppor kräm o efterrättssås,0.0,g
2301,Fruktdryck nypon blåbär berikad,Linolsyra C18:2,Söta soppor kräm o efterrättssås,0.0,g
2301,Fruktdryck nypon blåbär berikad,Oljesyra C18:1,Söta soppor kräm o efterrättssås,0.0,g
2301,Fruktdryck nypon blåbär berikad,Stearinsyra C18:0,Söta soppor kräm o efterrättssås,0.0,g
2301,Fruktdryck nypon blåbär berikad,Palmitoljesyra C16:1,Söta soppor kräm o efterrättssås,0.0,g
2301,Fruktdryck nypon blåbär berikad,Palmitinsyra C16:0,Söta soppor kräm o efterrättssås,0.0,g
2301,Fruktdryck nypon blåbär berikad,Myristinsyra C14:0,Söta soppor kräm o efterrättssås,0.0,g
2301,Fruktdryck nypon blåbär berikad,Laurinsyra C12:0,Söta soppor kräm o efterrättssås,0.0,g
2301,Fruktdryck nypon blåbär berikad,Betakaroten/β-Karoten,Söta soppor kräm o efterrättssås,76.0,µg
2301,Fruktdryck nypon blåbär berikad,Avfall (skal etc.),Söta soppor kräm o efterrättssås,0.0,%
2301,Fruktdryck nypon blåbär berikad,Aska,Söta soppor kräm o efterrättssås,0.1,g
2301,Fruktdryck nypon blåbär berikad,Alkohol,Söta soppor kräm o efterrättssås,0.0,g
2302,Energidryck berikad,"Zink, Zn",Sportdrycker energidrycker,0.0,mg
2302,Energidryck berikad,Vitamin E,Sportdrycker energidrycker,0.0,mg
2302,Energidryck berikad,Vitamin D inkl 25-OH-D3,Sportdrycker energidrycker,0.0,µg
2302,Energidryck berikad,Vitamin D,Sportdrycker energidrycker,0.0,µg
2302,Energidryck berikad,Vitamin C,Sportdrycker energidrycker,0.0,mg
2302,Energidryck berikad,Vitamin B6,Sportdrycker energidrycker,2.08,mg
2302,Energidryck berikad,Vitamin B12,Sportdrycker energidrycker,0.0,µg
2302,Energidryck berikad,Vitamin A,Sportdrycker energidrycker,0.0,RE/µg
2302,Energidryck berikad,Vatten,Sportdrycker energidrycker,90.3,g
2302,Energidryck berikad,Tiamin,Sportdrycker energidrycker,0.0,mg
2302,Energidryck berikad,Tillsatt socker,Sportdrycker energidrycker,10.0,g
2302,Energidryck berikad,Fritt socker,Sportdrycker energidrycker,10.0,g
2302,Energidryck berikad,"Selen, Se",Sportdrycker energidrycker,0.0,µg
2302,Energidryck berikad,Sackaros,Sportdrycker energidrycker,6.2,g
2302,Energidryck berikad,Riboflavin,Sportdrycker energidrycker,0.06,mg
2302,Energidryck berikad,Retinol,Sportdrycker energidrycker,0.0,µg
2302,Energidryck berikad,Protein,Sportdrycker energidrycker,0.0,g
2302,Energidryck berikad,Summa fleromättade fettsyror,Sportdrycker energidrycker,0.0,g
2302,Energidryck berikad,"Fosfor, P",Sportdrycker energidrycker,15.0,mg
2302,Energidryck berikad,Niacinekvivalenter,Sportdrycker energidrycker,7.9,NE/mg
2302,Energidryck berikad,Niacin,Sportdrycker energidrycker,7.89,mg
2302,Energidryck berikad,"Salt, NaCl",Sportdrycker energidrycker,0.0,g
2302,Energidryck berikad,"Natrium, Na",Sportdrycker energidrycker,2.0,mg
2302,Energidryck berikad,Monosackarider,Sportdrycker energidrycker,3.4,g
2302,Energidryck berikad,"Sockerarter, totalt",Sportdrycker energidrycker,9.6,g
2302,Energidryck berikad,Summa enkelomättade fettsyror,Sportdrycker energidrycker,0.0,g
2302,Energidryck berikad,"Magnesium, Mg",Sportdrycker energidrycker,0.0,mg
2302,Energidryck berikad,Summa mättade fettsyror,Sportdrycker energidrycker,0.0,g
2302,Energidryck berikad,"Kolhydrater, tillgängliga",Sportdrycker energidrycker,9.6,g
2302,Energidryck berikad,Kolesterol,Sportdrycker energidrycker,0.0,mg
2302,Energidryck berikad,"Kalium, K",Sportdrycker energidrycker,0.0,mg
2302,Energidryck berikad,"Jod, I",Sportdrycker energidrycker,0.2,µg
2302,Energidryck berikad,Fullkorn totalt,Sportdrycker energidrycker,0.0,g
2302,Energidryck berikad,"Folat, totalt",Sportdrycker energidrycker,0.0,µg
2302,Energidryck berikad,Fibrer,Sportdrycker energidrycker,0.0,g
2302,Energidryck berikad,"Fett, totalt",Sportdrycker energidrycker,0.0,g
2302,Energidryck berikad,"Järn, Fe",Sportdrycker energidrycker,0.0,mg
2302,Energidryck berikad,Energi (kJ),Sportdrycker energidrycker,163.0,kJ
2302,Energidryck berikad,Energi (kcal),Sportdrycker energidrycker,39.0,kcal
2302,Energidryck berikad,Disackarider,Sportdrycker energidrycker,6.2,g
2302,Energidryck berikad,"Kalcium, Ca",Sportdrycker energidrycker,2.0,mg
2302,Energidryck berikad,Fettsyra 4:0-10:0,Sportdrycker energidrycker,0.0,g
2302,Energidryck berikad,DHA (C22:6),Sportdrycker energidrycker,0.0,g
2302,Energidryck berikad,DPA (C22:5),Sportdrycker energidrycker,0.0,g
2302,Energidryck berikad,EPA (C20:5),Sportdrycker energidrycker,0.0,g
2302,Energidryck berikad,Arakidonsyra C20:4,Sportdrycker energidrycker,0.0,g
2302,Energidryck berikad,Arakidinsyra C20:0,Sportdrycker energidrycker,0.0,g
2302,Energidryck berikad,Linolensyra C18:3,Sportdrycker energidrycker,0.0,g
2302,Energidryck berikad,Linolsyra C18:2,Sportdrycker energidrycker,0.0,g
2302,Energidryck berikad,Oljesyra C18:1,Sportdrycker energidrycker,0.0,g
2302,Energidryck berikad,Stearinsyra C18:0,Sportdrycker energidrycker,0.0,g
2302,Energidryck berikad,Palmitoljesyra C16:1,Sportdrycker energidrycker,0.0,g
2302,Energidryck berikad,Palmitinsyra C16:0,Sportdrycker energidrycker,0.0,g
2302,Energidryck berikad,Myristinsyra C14:0,Sportdrycker energidrycker,0.0,g
2302,Energidryck berikad,Laurinsyra C12:0,Sportdrycker energidrycker,0.0,g
2302,Energidryck berikad,Betakaroten/β-Karoten,Sportdrycker energidrycker,0.0,µg
2302,Energidryck berikad,Avfall (skal etc.),Sportdrycker energidrycker,0.0,%
2302,Energidryck berikad,Aska,Sportdrycker energidrycker,0.1,g
2302,Energidryck berikad,Alkohol,Sportdrycker energidrycker,0.0,g
2305,Öl alkoholfri,"Zink, Zn",Öl,0.0,mg
2305,Öl alkoholfri,Vitamin E,Öl,0.1,mg
2305,Öl alkoholfri,Vitamin D inkl 25-OH-D3,Öl,0.0,µg
2305,Öl alkoholfri,Vitamin D,Öl,0.0,µg
2305,Öl alkoholfri,Vitamin C,Öl,0.0,mg
2305,Öl alkoholfri,Vitamin B6,Öl,0.02,mg
2305,Öl alkoholfri,Vitamin B12,Öl,0.0,µg
2305,Öl alkoholfri,Vitamin A,Öl,0.0,RE/µg
2305,Öl alkoholfri,Vatten,Öl,96.2,g
2305,Öl alkoholfri,Tiamin,Öl,0.0,mg
2305,Öl alkoholfri,Tillsatt socker,Öl,1.0,g
2305,Öl alkoholfri,Fritt socker,Öl,1.0,g
2305,Öl alkoholfri,"Selen, Se",Öl,0.0,µg
2305,Öl alkoholfri,Sackaros,Öl,0.0,g
2305,Öl alkoholfri,Riboflavin,Öl,0.02,mg
2305,Öl alkoholfri,Retinol,Öl,0.0,µg
2305,Öl alkoholfri,Protein,Öl,0.4,g
2305,Öl alkoholfri,Summa fleromättade fettsyror,Öl,0.0,g
2305,Öl alkoholfri,"Fosfor, P",Öl,20.0,mg
2305,Öl alkoholfri,Niacinekvivalenter,Öl,0.4,NE/mg
2305,Öl alkoholfri,Niacin,Öl,0.37,mg
2305,Öl alkoholfri,"Salt, NaCl",Öl,0.0,g
2305,Öl alkoholfri,"Natrium, Na",Öl,0.0,mg
2305,Öl alkoholfri,Monosackarider,Öl,0.5,g
2305,Öl alkoholfri,"Sockerarter, totalt",Öl,0.9,g
2305,Öl alkoholfri,Summa enkelomättade fettsyror,Öl,0.0,g
2305,Öl alkoholfri,"Magnesium, Mg",Öl,8.0,mg
2305,Öl alkoholfri,Summa mättade fettsyror,Öl,0.0,g
2305,Öl alkoholfri,"Kolhydrater, tillgängliga",Öl,3.1,g
2305,Öl alkoholfri,Kolesterol,Öl,0.0,mg
2305,Öl alkoholfri,"Kalium, K",Öl,41.0,mg
2305,Öl alkoholfri,"Jod, I",Öl,0.0,µg
2305,Öl alkoholfri,Fullkorn totalt,Öl,0.0,g
2305,Öl alkoholfri,"Folat, totalt",Öl,7.3,µg
2305,Öl alkoholfri,Fibrer,Öl,0.0,g
2305,Öl alkoholfri,"Fett, totalt",Öl,0.0,g
2305,Öl alkoholfri,"Järn, Fe",Öl,0.0,mg
2305,Öl alkoholfri,Energi (kJ),Öl,64.0,kJ
2305,Öl alkoholfri,Energi (kcal),Öl,15.0,kcal
2305,Öl alkoholfri,Disackarider,Öl,0.4,g
2305,Öl alkoholfri,"Kalcium, Ca",Öl,6.0,mg
2305,Öl alkoholfri,Fettsyra 4:0-10:0,Öl,0.0,g
2305,Öl alkoholfri,DHA (C22:6),Öl,0.0,g
2305,Öl alkoholfri,DPA (C22:5),Öl,0.0,g
2305,Öl alkoholfri,EPA (C20:5),Öl,0.0,g
2305,Öl alkoholfri,Arakidonsyra C20:4,Öl,0.0,g
2305,Öl alkoholfri,Arakidinsyra C20:0,Öl,0.0,g
2305,Öl alkoholfri,Linolensyra C18:3,Öl,0.0,g
2305,Öl alkoholfri,Linolsyra C18:2,Öl,0.0,g
2305,Öl alkoholfri,Oljesyra C18:1,Öl,0.0,g
2305,Öl alkoholfri,Stearinsyra C18:0,Öl,0.0,g
2305,Öl alkoholfri,Palmitoljesyra C16:1,Öl,0.0,g
2305,Öl alkoholfri,Palmitinsyra C16:0,Öl,0.0,g
2305,Öl alkoholfri,Myristinsyra C14:0,Öl,0.0,g
2305,Öl alkoholfri,Laurinsyra C12:0,Öl,0.0,g
2305,Öl alkoholfri,Betakaroten/β-Karoten,Öl,0.0,µg
2305,Öl alkoholfri,Avfall (skal etc.),Öl,0.0,%
2305,Öl alkoholfri,Aska,Öl,0.1,g
2305,Öl alkoholfri,Alkohol,Öl,0.17,g
2306,Kanel,"Zink, Zn",Kryddor ,0.9,mg
2306,Kanel,Vitamin E,Kryddor ,2.3,mg
2306,Kanel,Vitamin D,Kryddor ,0.0,µg
2306,Kanel,Vitamin C,Kryddor ,0.0,mg
2306,Kanel,Vitamin B6,Kryddor ,0.16,mg
2306,Kanel,Vitamin B12,Kryddor ,0.0,µg
2306,Kanel,Vitamin A,Kryddor ,14.8,RE/µg
2306,Kanel,Vatten,Kryddor ,9.4,g
2306,Kanel,Tiamin,Kryddor ,0.08,mg
2306,Kanel,Tillsatt socker,Kryddor ,0.0,g
2306,Kanel,Fritt socker,Kryddor ,0.0,g
2306,Kanel,"Selen, Se",Kryddor ,3.0,µg
2306,Kanel,Sackaros,Kryddor ,0.0,g
2306,Kanel,Riboflavin,Kryddor ,0.14,mg
2306,Kanel,Retinol,Kryddor ,0.0,µg
2306,Kanel,Protein,Kryddor ,3.6,g
2306,Kanel,Summa fleromättade fettsyror,Kryddor ,0.2,g
2306,Kanel,"Fosfor, P",Kryddor ,50.0,mg
2306,Kanel,Niacinekvivalenter,Kryddor ,1.9,NE/mg
2306,Kanel,Niacin,Kryddor ,1.3,mg
2306,Kanel,"Salt, NaCl",Kryddor ,0.1,g
2306,Kanel,"Natrium, Na",Kryddor ,23.0,mg
2306,Kanel,Monosackarider,Kryddor ,2.2,g
2306,Kanel,"Sockerarter, totalt",Kryddor ,2.2,g
2306,Kanel,Summa enkelomättade fettsyror,Kryddor ,1.1,g
2306,Kanel,"Magnesium, Mg",Kryddor ,87.0,mg
2306,Kanel,Summa mättade fettsyror,Kryddor ,1.5,g
2306,Kanel,"Kolhydrater, tillgängliga",Kryddor ,26.5,g
2306,Kanel,Kolesterol,Kryddor ,0.0,mg
2306,Kanel,"Kalium, K",Kryddor ,550.0,mg
2306,Kanel,"Jod, I",Kryddor ,6.0,µg
2306,Kanel,Fullkorn totalt,Kryddor ,0.0,g
2306,Kanel,"Folat, totalt",Kryddor ,0.0,µg
2306,Kanel,Fibrer,Kryddor ,53.1,g
2306,Kanel,"Fett, totalt",Kryddor ,3.5,g
2306,Kanel,"Järn, Fe",Kryddor ,7.1,mg
2306,Kanel,Energi (kJ),Kryddor ,1066.0,kJ
2306,Kanel,Energi (kcal),Kryddor ,255.0,kcal
2306,Kanel,Disackarider,Kryddor ,0.0,g
2306,Kanel,"Kalcium, Ca",Kryddor ,1200.0,mg
2306,Kanel,Fettsyra 4:0-10:0,Kryddor ,0.0,g
2306,Kanel,DHA (C22:6),Kryddor ,0.0,g
2306,Kanel,DPA (C22:5),Kryddor ,0.0,g
2306,Kanel,EPA (C20:5),Kryddor ,0.0,g
2306,Kanel,Arakidonsyra C20:4,Kryddor ,0.0,g
2306,Kanel,Arakidinsyra C20:0,Kryddor ,0.0,g
2306,Kanel,Linolensyra C18:3,Kryddor ,0.0,g
2306,Kanel,Linolsyra C18:2,Kryddor ,0.2,g
2306,Kanel,Oljesyra C18:1,Kryddor ,1.1,g
2306,Kanel,Stearinsyra C18:0,Kryddor ,0.4,g
2306,Kanel,Palmitoljesyra C16:1,Kryddor ,0.0,g
2306,Kanel,Palmitinsyra C16:0,Kryddor ,0.4,g
2306,Kanel,Myristinsyra C14:0,Kryddor ,0.0,g
2306,Kanel,Laurinsyra C12:0,Kryddor ,0.0,g
2306,Kanel,Betakaroten/β-Karoten,Kryddor ,112.0,µg
2306,Kanel,Avfall (skal etc.),Kryddor ,0.0,%
2306,Kanel,Aska,Kryddor ,3.9,g
2306,Kanel,Alkohol,Kryddor ,0.0,g
2401,Flytande margarin mjölkfri fett 80% berikad typ Carlshamn,"Zink, Zn",Flytande matfettsblandning,0.0,mg
2401,Flytande margarin mjölkfri fett 80% berikad typ Carlshamn,Vitamin E,Flytande matfettsblandning,16.0,mg
2401,Flytande margarin mjölkfri fett 80% berikad typ Carlshamn,Vitamin D,Flytande matfettsblandning,7.5,µg
2401,Flytande margarin mjölkfri fett 80% berikad typ Carlshamn,Vitamin C,Flytande matfettsblandning,0.0,mg
2401,Flytande margarin mjölkfri fett 80% berikad typ Carlshamn,Vitamin B6,Flytande matfettsblandning,0.0,mg
2401,Flytande margarin mjölkfri fett 80% berikad typ Carlshamn,Vitamin B12,Flytande matfettsblandning,0.0,µg
2401,Flytande margarin mjölkfri fett 80% berikad typ Carlshamn,Vitamin A,Flytande matfettsblandning,900.0,RE/µg
2401,Flytande margarin mjölkfri fett 80% berikad typ Carlshamn,Vatten,Flytande matfettsblandning,19.0,g
2401,Flytande margarin mjölkfri fett 80% berikad typ Carlshamn,Tiamin,Flytande matfettsblandning,0.0,mg
2401,Flytande margarin mjölkfri fett 80% berikad typ Carlshamn,Tillsatt socker,Flytande matfettsblandning,0.0,g
2401,Flytande margarin mjölkfri fett 80% berikad typ Carlshamn,Fritt socker,Flytande matfettsblandning,0.0,g
2401,Flytande margarin mjölkfri fett 80% berikad typ Carlshamn,"Selen, Se",Flytande matfettsblandning,0.0,µg
2401,Flytande margarin mjölkfri fett 80% berikad typ Carlshamn,Sackaros,Flytande matfettsblandning,0.0,g
2401,Flytande margarin mjölkfri fett 80% berikad typ Carlshamn,Riboflavin,Flytande matfettsblandning,0.0,mg
2401,Flytande margarin mjölkfri fett 80% berikad typ Carlshamn,Retinol,Flytande matfettsblandning,855.0,µg
2401,Flytande margarin mjölkfri fett 80% berikad typ Carlshamn,Protein,Flytande matfettsblandning,0.0,g
2401,Flytande margarin mjölkfri fett 80% berikad typ Carlshamn,Summa fleromättade fettsyror,Flytande matfettsblandning,22.3,g
2401,Flytande margarin mjölkfri fett 80% berikad typ Carlshamn,"Fosfor, P",Flytande matfettsblandning,0.0,mg
2401,Flytande margarin mjölkfri fett 80% berikad typ Carlshamn,Niacinekvivalenter,Flytande matfettsblandning,0.0,NE/mg
2401,Flytande margarin mjölkfri fett 80% berikad typ Carlshamn,Niacin,Flytande matfettsblandning,0.0,mg
2401,Flytande margarin mjölkfri fett 80% berikad typ Carlshamn,"Salt, NaCl",Flytande matfettsblandning,1.0,g
2401,Flytande margarin mjölkfri fett 80% berikad typ Carlshamn,"Natrium, Na",Flytande matfettsblandning,400.0,mg
2401,Flytande margarin mjölkfri fett 80% berikad typ Carlshamn,Monosackarider,Flytande matfettsblandning,0.0,g
2401,Flytande margarin mjölkfri fett 80% berikad typ Carlshamn,"Sockerarter, totalt",Flytande matfettsblandning,0.0,g
2401,Flytande margarin mjölkfri fett 80% berikad typ Carlshamn,Summa enkelomättade fettsyror,Flytande matfettsblandning,47.9,g
2401,Flytande margarin mjölkfri fett 80% berikad typ Carlshamn,"Magnesium, Mg",Flytande matfettsblandning,0.0,mg
2401,Flytande margarin mjölkfri fett 80% berikad typ Carlshamn,Summa mättade fettsyror,Flytande matfettsblandning,6.0,g
2401,Flytande margarin mjölkfri fett 80% berikad typ Carlshamn,"Kolhydrater, tillgängliga",Flytande matfettsblandning,0.0,g
2401,Flytande margarin mjölkfri fett 80% berikad typ Carlshamn,Kolesterol,Flytande matfettsblandning,0.0,mg
2401,Flytande margarin mjölkfri fett 80% berikad typ Carlshamn,"Kalium, K",Flytande matfettsblandning,0.0,mg
2401,Flytande margarin mjölkfri fett 80% berikad typ Carlshamn,"Jod, I",Flytande matfettsblandning,0.0,µg
2401,Flytande margarin mjölkfri fett 80% berikad typ Carlshamn,Fullkorn totalt,Flytande matfettsblandning,0.0,g
2401,Flytande margarin mjölkfri fett 80% berikad typ Carlshamn,"Folat, totalt",Flytande matfettsblandning,0.0,µg
2401,Flytande margarin mjölkfri fett 80% berikad typ Carlshamn,Fibrer,Flytande matfettsblandning,0.0,g
2401,Flytande margarin mjölkfri fett 80% berikad typ Carlshamn,"Fett, totalt",Flytande matfettsblandning,80.0,g
2401,Flytande margarin mjölkfri fett 80% berikad typ Carlshamn,"Järn, Fe",Flytande matfettsblandning,0.0,mg
2401,Flytande margarin mjölkfri fett 80% berikad typ Carlshamn,Energi (kJ),Flytande matfettsblandning,2960.0,kJ
2401,Flytande margarin mjölkfri fett 80% berikad typ Carlshamn,Energi (kcal),Flytande matfettsblandning,707.0,kcal
2401,Flytande margarin mjölkfri fett 80% berikad typ Carlshamn,Disackarider,Flytande matfettsblandning,0.0,g
2401,Flytande margarin mjölkfri fett 80% berikad typ Carlshamn,"Kalcium, Ca",Flytande matfettsblandning,0.0,mg
2401,Flytande margarin mjölkfri fett 80% berikad typ Carlshamn,Fettsyra 4:0-10:0,Flytande matfettsblandning,0.0,g
2401,Flytande margarin mjölkfri fett 80% berikad typ Carlshamn,DHA (C22:6),Flytande matfettsblandning,0.0,g
2401,Flytande margarin mjölkfri fett 80% berikad typ Carlshamn,DPA (C22:5),Flytande matfettsblandning,0.0,g
2401,Flytande margarin mjölkfri fett 80% berikad typ Carlshamn,EPA (C20:5),Flytande matfettsblandning,0.0,g
2401,Flytande margarin mjölkfri fett 80% berikad typ Carlshamn,Arakidonsyra C20:4,Flytande matfettsblandning,0.0,g
2401,Flytande margarin mjölkfri fett 80% berikad typ Carlshamn,Arakidinsyra C20:0,Flytande matfettsblandning,0.5,g
2401,Flytande margarin mjölkfri fett 80% berikad typ Carlshamn,Linolensyra C18:3,Flytande matfettsblandning,8.2,g
2401,Flytande margarin mjölkfri fett 80% berikad typ Carlshamn,Linolsyra C18:2,Flytande matfettsblandning,14.1,g
2401,Flytande margarin mjölkfri fett 80% berikad typ Carlshamn,Oljesyra C18:1,Flytande matfettsblandning,46.0,g
2401,Flytande margarin mjölkfri fett 80% berikad typ Carlshamn,Stearinsyra C18:0,Flytande matfettsblandning,1.4,g
2401,Flytande margarin mjölkfri fett 80% berikad typ Carlshamn,Palmitoljesyra C16:1,Flytande matfettsblandning,0.2,g
2401,Flytande margarin mjölkfri fett 80% berikad typ Carlshamn,Palmitinsyra C16:0,Flytande matfettsblandning,3.5,g
2401,Flytande margarin mjölkfri fett 80% berikad typ Carlshamn,Myristinsyra C14:0,Flytande matfettsblandning,0.1,g
2401,Flytande margarin mjölkfri fett 80% berikad typ Carlshamn,Laurinsyra C12:0,Flytande matfettsblandning,0.0,g
2401,Flytande margarin mjölkfri fett 80% berikad typ Carlshamn,Betakaroten/β-Karoten,Flytande matfettsblandning,540.0,µg
2401,Flytande margarin mjölkfri fett 80% berikad typ Carlshamn,Avfall (skal etc.),Flytande matfettsblandning,0.0,%
2401,Flytande margarin mjölkfri fett 80% berikad typ Carlshamn,Aska,Flytande matfettsblandning,1.0,g
2401,Flytande margarin mjölkfri fett 80% berikad typ Carlshamn,Alkohol,Flytande matfettsblandning,0.0,g
2403,Bordsmargarin mjölkfri fett 70% berikad typ Carlshamn,"Zink, Zn",Hård matfettsblandning,0.0,mg
2403,Bordsmargarin mjölkfri fett 70% berikad typ Carlshamn,Vitamin E,Hård matfettsblandning,10.0,mg
2403,Bordsmargarin mjölkfri fett 70% berikad typ Carlshamn,Vitamin D,Hård matfettsblandning,20.0,µg
2403,Bordsmargarin mjölkfri fett 70% berikad typ Carlshamn,Vitamin C,Hård matfettsblandning,0.0,mg
2403,Bordsmargarin mjölkfri fett 70% berikad typ Carlshamn,Vitamin B6,Hård matfettsblandning,0.0,mg
2403,Bordsmargarin mjölkfri fett 70% berikad typ Carlshamn,Vitamin B12,Hård matfettsblandning,0.0,µg
2403,Bordsmargarin mjölkfri fett 70% berikad typ Carlshamn,Vitamin A,Hård matfettsblandning,800.0,RE/µg
2403,Bordsmargarin mjölkfri fett 70% berikad typ Carlshamn,Vatten,Hård matfettsblandning,29.2,g
2403,Bordsmargarin mjölkfri fett 70% berikad typ Carlshamn,Tiamin,Hård matfettsblandning,0.0,mg
2403,Bordsmargarin mjölkfri fett 70% berikad typ Carlshamn,Tillsatt socker,Hård matfettsblandning,0.0,g
2403,Bordsmargarin mjölkfri fett 70% berikad typ Carlshamn,Fritt socker,Hård matfettsblandning,0.0,g
2403,Bordsmargarin mjölkfri fett 70% berikad typ Carlshamn,"Selen, Se",Hård matfettsblandning,0.0,µg
2403,Bordsmargarin mjölkfri fett 70% berikad typ Carlshamn,Sackaros,Hård matfettsblandning,0.0,g
2403,Bordsmargarin mjölkfri fett 70% berikad typ Carlshamn,Riboflavin,Hård matfettsblandning,0.0,mg
2403,Bordsmargarin mjölkfri fett 70% berikad typ Carlshamn,Retinol,Hård matfettsblandning,760.0,µg
2403,Bordsmargarin mjölkfri fett 70% berikad typ Carlshamn,Protein,Hård matfettsblandning,0.0,g
2403,Bordsmargarin mjölkfri fett 70% berikad typ Carlshamn,Summa fleromättade fettsyror,Hård matfettsblandning,14.6,g
2403,Bordsmargarin mjölkfri fett 70% berikad typ Carlshamn,"Fosfor, P",Hård matfettsblandning,0.0,mg
2403,Bordsmargarin mjölkfri fett 70% berikad typ Carlshamn,Niacinekvivalenter,Hård matfettsblandning,0.0,NE/mg
2403,Bordsmargarin mjölkfri fett 70% berikad typ Carlshamn,Niacin,Hård matfettsblandning,0.0,mg
2403,Bordsmargarin mjölkfri fett 70% berikad typ Carlshamn,"Salt, NaCl",Hård matfettsblandning,0.8,g
2403,Bordsmargarin mjölkfri fett 70% berikad typ Carlshamn,"Natrium, Na",Hård matfettsblandning,300.0,mg
2403,Bordsmargarin mjölkfri fett 70% berikad typ Carlshamn,Monosackarider,Hård matfettsblandning,0.0,g
2403,Bordsmargarin mjölkfri fett 70% berikad typ Carlshamn,"Sockerarter, totalt",Hård matfettsblandning,0.0,g
2403,Bordsmargarin mjölkfri fett 70% berikad typ Carlshamn,Summa enkelomättade fettsyror,Hård matfettsblandning,30.6,g
2403,Bordsmargarin mjölkfri fett 70% berikad typ Carlshamn,"Magnesium, Mg",Hård matfettsblandning,0.0,mg
2403,Bordsmargarin mjölkfri fett 70% berikad typ Carlshamn,Summa mättade fettsyror,Hård matfettsblandning,21.6,g
2403,Bordsmargarin mjölkfri fett 70% berikad typ Carlshamn,"Kolhydrater, tillgängliga",Hård matfettsblandning,0.0,g
2403,Bordsmargarin mjölkfri fett 70% berikad typ Carlshamn,Kolesterol,Hård matfettsblandning,0.0,mg
2403,Bordsmargarin mjölkfri fett 70% berikad typ Carlshamn,"Kalium, K",Hård matfettsblandning,0.0,mg
2403,Bordsmargarin mjölkfri fett 70% berikad typ Carlshamn,"Jod, I",Hård matfettsblandning,0.5,µg
2403,Bordsmargarin mjölkfri fett 70% berikad typ Carlshamn,Fullkorn totalt,Hård matfettsblandning,0.0,g
2403,Bordsmargarin mjölkfri fett 70% berikad typ Carlshamn,"Folat, totalt",Hård matfettsblandning,0.0,µg
2403,Bordsmargarin mjölkfri fett 70% berikad typ Carlshamn,Fibrer,Hård matfettsblandning,0.0,g
2403,Bordsmargarin mjölkfri fett 70% berikad typ Carlshamn,"Fett, totalt",Hård matfettsblandning,70.0,g
2403,Bordsmargarin mjölkfri fett 70% berikad typ Carlshamn,"Järn, Fe",Hård matfettsblandning,0.0,mg
2403,Bordsmargarin mjölkfri fett 70% berikad typ Carlshamn,Energi (kJ),Hård matfettsblandning,2590.0,kJ
2403,Bordsmargarin mjölkfri fett 70% berikad typ Carlshamn,Energi (kcal),Hård matfettsblandning,619.0,kcal
2403,Bordsmargarin mjölkfri fett 70% berikad typ Carlshamn,Disackarider,Hård matfettsblandning,0.0,g
2403,Bordsmargarin mjölkfri fett 70% berikad typ Carlshamn,"Kalcium, Ca",Hård matfettsblandning,0.0,mg
2403,Bordsmargarin mjölkfri fett 70% berikad typ Carlshamn,Fettsyra 4:0-10:0,Hård matfettsblandning,1.7,g
2403,Bordsmargarin mjölkfri fett 70% berikad typ Carlshamn,DHA (C22:6),Hård matfettsblandning,0.0,g
2403,Bordsmargarin mjölkfri fett 70% berikad typ Carlshamn,DPA (C22:5),Hård matfettsblandning,0.0,g
2403,Bordsmargarin mjölkfri fett 70% berikad typ Carlshamn,EPA (C20:5),Hård matfettsblandning,0.0,g
2403,Bordsmargarin mjölkfri fett 70% berikad typ Carlshamn,Arakidonsyra C20:4,Hård matfettsblandning,0.0,g
2403,Bordsmargarin mjölkfri fett 70% berikad typ Carlshamn,Arakidinsyra C20:0,Hård matfettsblandning,0.3,g
2403,Bordsmargarin mjölkfri fett 70% berikad typ Carlshamn,Linolensyra C18:3,Hård matfettsblandning,4.9,g
2403,Bordsmargarin mjölkfri fett 70% berikad typ Carlshamn,Linolsyra C18:2,Hård matfettsblandning,9.6,g
2403,Bordsmargarin mjölkfri fett 70% berikad typ Carlshamn,Oljesyra C18:1,Hård matfettsblandning,29.4,g
2403,Bordsmargarin mjölkfri fett 70% berikad typ Carlshamn,Stearinsyra C18:0,Hård matfettsblandning,1.8,g
2403,Bordsmargarin mjölkfri fett 70% berikad typ Carlshamn,Palmitoljesyra C16:1,Hård matfettsblandning,0.1,g
2403,Bordsmargarin mjölkfri fett 70% berikad typ Carlshamn,Palmitinsyra C16:0,Hård matfettsblandning,10.1,g
2403,Bordsmargarin mjölkfri fett 70% berikad typ Carlshamn,Myristinsyra C14:0,Hård matfettsblandning,2.1,g
2403,Bordsmargarin mjölkfri fett 70% berikad typ Carlshamn,Laurinsyra C12:0,Hård matfettsblandning,5.3,g
2403,Bordsmargarin mjölkfri fett 70% berikad typ Carlshamn,Betakaroten/β-Karoten,Hård matfettsblandning,480.0,µg
2403,Bordsmargarin mjölkfri fett 70% berikad typ Carlshamn,Avfall (skal etc.),Hård matfettsblandning,0.0,%
2403,Bordsmargarin mjölkfri fett 70% berikad typ Carlshamn,Aska,Hård matfettsblandning,0.8,g
2403,Bordsmargarin mjölkfri fett 70% berikad typ Carlshamn,Alkohol,Hård matfettsblandning,0.0,g
2404,Hushållsmargarin mjölkfri fett 80% berikad typ Carlshamn,"Zink, Zn",Hård matfettsblandning,0.0,mg
2404,Hushållsmargarin mjölkfri fett 80% berikad typ Carlshamn,Vitamin E,Hård matfettsblandning,9.0,mg
2404,Hushållsmargarin mjölkfri fett 80% berikad typ Carlshamn,Vitamin D,Hård matfettsblandning,7.5,µg
2404,Hushållsmargarin mjölkfri fett 80% berikad typ Carlshamn,Vitamin C,Hård matfettsblandning,0.0,mg
2404,Hushållsmargarin mjölkfri fett 80% berikad typ Carlshamn,Vitamin B6,Hård matfettsblandning,0.0,mg
2404,Hushållsmargarin mjölkfri fett 80% berikad typ Carlshamn,Vitamin B12,Hård matfettsblandning,0.0,µg
2404,Hushållsmargarin mjölkfri fett 80% berikad typ Carlshamn,Vitamin A,Hård matfettsblandning,900.0,RE/µg
2404,Hushållsmargarin mjölkfri fett 80% berikad typ Carlshamn,Vatten,Hård matfettsblandning,19.0,g
2404,Hushållsmargarin mjölkfri fett 80% berikad typ Carlshamn,Tiamin,Hård matfettsblandning,0.0,mg
2404,Hushållsmargarin mjölkfri fett 80% berikad typ Carlshamn,Tillsatt socker,Hård matfettsblandning,0.0,g
2404,Hushållsmargarin mjölkfri fett 80% berikad typ Carlshamn,Fritt socker,Hård matfettsblandning,0.0,g
2404,Hushållsmargarin mjölkfri fett 80% berikad typ Carlshamn,"Selen, Se",Hård matfettsblandning,0.0,µg
2404,Hushållsmargarin mjölkfri fett 80% berikad typ Carlshamn,Sackaros,Hård matfettsblandning,0.0,g
2404,Hushållsmargarin mjölkfri fett 80% berikad typ Carlshamn,Riboflavin,Hård matfettsblandning,0.0,mg
2404,Hushållsmargarin mjölkfri fett 80% berikad typ Carlshamn,Retinol,Hård matfettsblandning,855.0,µg
2404,Hushållsmargarin mjölkfri fett 80% berikad typ Carlshamn,Protein,Hård matfettsblandning,0.0,g
2404,Hushållsmargarin mjölkfri fett 80% berikad typ Carlshamn,Summa fleromättade fettsyror,Hård matfettsblandning,12.3,g
2404,Hushållsmargarin mjölkfri fett 80% berikad typ Carlshamn,"Fosfor, P",Hård matfettsblandning,0.0,mg
2404,Hushållsmargarin mjölkfri fett 80% berikad typ Carlshamn,Niacinekvivalenter,Hård matfettsblandning,0.0,NE/mg
2404,Hushållsmargarin mjölkfri fett 80% berikad typ Carlshamn,Niacin,Hård matfettsblandning,0.0,mg
2404,Hushållsmargarin mjölkfri fett 80% berikad typ Carlshamn,"Salt, NaCl",Hård matfettsblandning,1.0,g
2404,Hushållsmargarin mjölkfri fett 80% berikad typ Carlshamn,"Natrium, Na",Hård matfettsblandning,400.0,mg
2404,Hushållsmargarin mjölkfri fett 80% berikad typ Carlshamn,Monosackarider,Hård matfettsblandning,0.0,g
2404,Hushållsmargarin mjölkfri fett 80% berikad typ Carlshamn,"Sockerarter, totalt",Hård matfettsblandning,0.0,g
2404,Hushållsmargarin mjölkfri fett 80% berikad typ Carlshamn,Summa enkelomättade fettsyror,Hård matfettsblandning,29.5,g
2404,Hushållsmargarin mjölkfri fett 80% berikad typ Carlshamn,"Magnesium, Mg",Hård matfettsblandning,0.0,mg
2404,Hushållsmargarin mjölkfri fett 80% berikad typ Carlshamn,Summa mättade fettsyror,Hård matfettsblandning,34.3,g
2404,Hushållsmargarin mjölkfri fett 80% berikad typ Carlshamn,"Kolhydrater, tillgängliga",Hård matfettsblandning,0.0,g
2404,Hushållsmargarin mjölkfri fett 80% berikad typ Carlshamn,Kolesterol,Hård matfettsblandning,0.0,mg
2404,Hushållsmargarin mjölkfri fett 80% berikad typ Carlshamn,"Kalium, K",Hård matfettsblandning,0.0,mg
2404,Hushållsmargarin mjölkfri fett 80% berikad typ Carlshamn,"Jod, I",Hård matfettsblandning,0.4,µg
2404,Hushållsmargarin mjölkfri fett 80% berikad typ Carlshamn,Fullkorn totalt,Hård matfettsblandning,0.0,g
2404,Hushållsmargarin mjölkfri fett 80% berikad typ Carlshamn,"Folat, totalt",Hård matfettsblandning,0.0,µg
2404,Hushållsmargarin mjölkfri fett 80% berikad typ Carlshamn,Fibrer,Hård matfettsblandning,0.0,g
2404,Hushållsmargarin mjölkfri fett 80% berikad typ Carlshamn,"Fett, totalt",Hård matfettsblandning,80.0,g
2404,Hushållsmargarin mjölkfri fett 80% berikad typ Carlshamn,"Järn, Fe",Hård matfettsblandning,0.0,mg
2404,Hushållsmargarin mjölkfri fett 80% berikad typ Carlshamn,Energi (kJ),Hård matfettsblandning,2960.0,kJ
2404,Hushållsmargarin mjölkfri fett 80% berikad typ Carlshamn,Energi (kcal),Hård matfettsblandning,707.0,kcal
2404,Hushållsmargarin mjölkfri fett 80% berikad typ Carlshamn,Disackarider,Hård matfettsblandning,0.0,g
2404,Hushållsmargarin mjölkfri fett 80% berikad typ Carlshamn,"Kalcium, Ca",Hård matfettsblandning,0.0,mg
2404,Hushållsmargarin mjölkfri fett 80% berikad typ Carlshamn,Fettsyra 4:0-10:0,Hård matfettsblandning,1.4,g
2404,Hushållsmargarin mjölkfri fett 80% berikad typ Carlshamn,DHA (C22:6),Hård matfettsblandning,0.0,g
2404,Hushållsmargarin mjölkfri fett 80% berikad typ Carlshamn,DPA (C22:5),Hård matfettsblandning,0.0,g
2404,Hushållsmargarin mjölkfri fett 80% berikad typ Carlshamn,EPA (C20:5),Hård matfettsblandning,0.0,g
2404,Hushållsmargarin mjölkfri fett 80% berikad typ Carlshamn,Arakidonsyra C20:4,Hård matfettsblandning,0.1,g
2404,Hushållsmargarin mjölkfri fett 80% berikad typ Carlshamn,Arakidinsyra C20:0,Hård matfettsblandning,0.3,g
2404,Hushållsmargarin mjölkfri fett 80% berikad typ Carlshamn,Linolensyra C18:3,Hård matfettsblandning,4.0,g
2404,Hushållsmargarin mjölkfri fett 80% berikad typ Carlshamn,Linolsyra C18:2,Hård matfettsblandning,8.2,g
2404,Hushållsmargarin mjölkfri fett 80% berikad typ Carlshamn,Oljesyra C18:1,Hård matfettsblandning,28.1,g
2404,Hushållsmargarin mjölkfri fett 80% berikad typ Carlshamn,Stearinsyra C18:0,Hård matfettsblandning,2.8,g
2404,Hushållsmargarin mjölkfri fett 80% berikad typ Carlshamn,Palmitoljesyra C16:1,Hård matfettsblandning,0.1,g
2404,Hushållsmargarin mjölkfri fett 80% berikad typ Carlshamn,Palmitinsyra C16:0,Hård matfettsblandning,22.2,g
2404,Hushållsmargarin mjölkfri fett 80% berikad typ Carlshamn,Myristinsyra C14:0,Hård matfettsblandning,2.4,g
2404,Hushållsmargarin mjölkfri fett 80% berikad typ Carlshamn,Laurinsyra C12:0,Hård matfettsblandning,5.0,g
2404,Hushållsmargarin mjölkfri fett 80% berikad typ Carlshamn,Betakaroten/β-Karoten,Hård matfettsblandning,540.0,µg
2404,Hushållsmargarin mjölkfri fett 80% berikad typ Carlshamn,Avfall (skal etc.),Hård matfettsblandning,0.0,%
2404,Hushållsmargarin mjölkfri fett 80% berikad typ Carlshamn,Aska,Hård matfettsblandning,1.0,g
2404,Hushållsmargarin mjölkfri fett 80% berikad typ Carlshamn,Alkohol,Hård matfettsblandning,0.0,g
2412,Småkaka mördeg typ somalisk icun,"Zink, Zn",Bullar kakor tårtor mm,0.3,mg
2412,Småkaka mördeg typ somalisk icun,Vitamin E,Bullar kakor tårtor mm,0.8,mg
2412,Småkaka mördeg typ somalisk icun,Vitamin D inkl 25-OH-D3,Bullar kakor tårtor mm,0.22,µg
2412,Småkaka mördeg typ somalisk icun,Vitamin D,Bullar kakor tårtor mm,0.07,µg
2412,Småkaka mördeg typ somalisk icun,Vitamin C,Bullar kakor tårtor mm,1.1,mg
2412,Småkaka mördeg typ somalisk icun,Vitamin B6,Bullar kakor tårtor mm,0.03,mg
2412,Småkaka mördeg typ somalisk icun,Vitamin B12,Bullar kakor tårtor mm,0.0,µg
2412,Småkaka mördeg typ somalisk icun,Vitamin A,Bullar kakor tårtor mm,181.2,RE/µg
2412,Småkaka mördeg typ somalisk icun,Vatten,Bullar kakor tårtor mm,11.5,g
2412,Småkaka mördeg typ somalisk icun,Tiamin,Bullar kakor tårtor mm,0.05,mg
2412,Småkaka mördeg typ somalisk icun,Tillsatt socker,Bullar kakor tårtor mm,21.0,g
2412,Småkaka mördeg typ somalisk icun,Fritt socker,Bullar kakor tårtor mm,21.0,g
2412,Småkaka mördeg typ somalisk icun,"Selen, Se",Bullar kakor tårtor mm,5.0,µg
2412,Småkaka mördeg typ somalisk icun,Sackaros,Bullar kakor tårtor mm,21.1,g
2412,Småkaka mördeg typ somalisk icun,Riboflavin,Bullar kakor tårtor mm,0.01,mg
2412,Småkaka mördeg typ somalisk icun,Retinol,Bullar kakor tårtor mm,171.5,µg
2412,Småkaka mördeg typ somalisk icun,Protein,Bullar kakor tårtor mm,4.3,g
2412,Småkaka mördeg typ somalisk icun,Summa fleromättade fettsyror,Bullar kakor tårtor mm,1.3,g
2412,Småkaka mördeg typ somalisk icun,"Fosfor, P",Bullar kakor tårtor mm,61.0,mg
2412,Småkaka mördeg typ somalisk icun,Niacinekvivalenter,Bullar kakor tårtor mm,1.17,NE/mg
2412,Småkaka mördeg typ somalisk icun,Niacin,Bullar kakor tårtor mm,0.43,mg
2412,Småkaka mördeg typ somalisk icun,"Salt, NaCl",Bullar kakor tårtor mm,0.4,g
2412,Småkaka mördeg typ somalisk icun,"Natrium, Na",Bullar kakor tårtor mm,141.0,mg
2412,Småkaka mördeg typ somalisk icun,Monosackarider,Bullar kakor tårtor mm,0.0,g
2412,Småkaka mördeg typ somalisk icun,"Sockerarter, totalt",Bullar kakor tårtor mm,21.9,g
2412,Småkaka mördeg typ somalisk icun,Summa enkelomättade fettsyror,Bullar kakor tårtor mm,5.7,g
2412,Småkaka mördeg typ somalisk icun,"Magnesium, Mg",Bullar kakor tårtor mm,11.0,mg
2412,Småkaka mördeg typ somalisk icun,Summa mättade fettsyror,Bullar kakor tårtor mm,16.2,g
2412,Småkaka mördeg typ somalisk icun,"Kolhydrater, tillgängliga",Bullar kakor tårtor mm,57.0,g
2412,Småkaka mördeg typ somalisk icun,Kolesterol,Bullar kakor tårtor mm,74.7,mg
2412,Småkaka mördeg typ somalisk icun,"Kalium, K",Bullar kakor tårtor mm,83.0,mg
2412,Småkaka mördeg typ somalisk icun,"Jod, I",Bullar kakor tårtor mm,2.2,µg
2412,Småkaka mördeg typ somalisk icun,Fullkorn totalt,Bullar kakor tårtor mm,0.0,g
2412,Småkaka mördeg typ somalisk icun,"Folat, totalt",Bullar kakor tårtor mm,6.8,µg
2412,Småkaka mördeg typ somalisk icun,Fibrer,Bullar kakor tårtor mm,1.8,g
2412,Småkaka mördeg typ somalisk icun,"Fett, totalt",Bullar kakor tårtor mm,24.9,g
2412,Småkaka mördeg typ somalisk icun,"Järn, Fe",Bullar kakor tårtor mm,0.3,mg
2412,Småkaka mördeg typ somalisk icun,Energi (kJ),Bullar kakor tårtor mm,1976.0,kJ
2412,Småkaka mördeg typ somalisk icun,Energi (kcal),Bullar kakor tårtor mm,472.0,kcal
2412,Småkaka mördeg typ somalisk icun,Disackarider,Bullar kakor tårtor mm,21.9,g
2412,Småkaka mördeg typ somalisk icun,"Kalcium, Ca",Bullar kakor tårtor mm,10.0,mg
2412,Småkaka mördeg typ somalisk icun,Fettsyra 4:0-10:0,Bullar kakor tårtor mm,2.4,g
2412,Småkaka mördeg typ somalisk icun,DHA (C22:6),Bullar kakor tårtor mm,0.0,g
2412,Småkaka mördeg typ somalisk icun,DPA (C22:5),Bullar kakor tårtor mm,0.0,g
2412,Småkaka mördeg typ somalisk icun,EPA (C20:5),Bullar kakor tårtor mm,0.0,g
2412,Småkaka mördeg typ somalisk icun,Arakidonsyra C20:4,Bullar kakor tårtor mm,0.0,g
2412,Småkaka mördeg typ somalisk icun,Arakidinsyra C20:0,Bullar kakor tårtor mm,0.0,g
2412,Småkaka mördeg typ somalisk icun,Linolensyra C18:3,Bullar kakor tårtor mm,0.2,g
2412,Småkaka mördeg typ somalisk icun,Linolsyra C18:2,Bullar kakor tårtor mm,1.0,g
2412,Småkaka mördeg typ somalisk icun,Oljesyra C18:1,Bullar kakor tårtor mm,4.9,g
2412,Småkaka mördeg typ somalisk icun,Stearinsyra C18:0,Bullar kakor tårtor mm,2.2,g
2412,Småkaka mördeg typ somalisk icun,Palmitoljesyra C16:1,Bullar kakor tårtor mm,0.4,g
2412,Småkaka mördeg typ somalisk icun,Palmitinsyra C16:0,Bullar kakor tårtor mm,7.3,g
2412,Småkaka mördeg typ somalisk icun,Myristinsyra C14:0,Bullar kakor tårtor mm,2.6,g
2412,Småkaka mördeg typ somalisk icun,Laurinsyra C12:0,Bullar kakor tårtor mm,0.8,g
2412,Småkaka mördeg typ somalisk icun,Betakaroten/β-Karoten,Bullar kakor tårtor mm,115.0,µg
2412,Småkaka mördeg typ somalisk icun,Avfall (skal etc.),Bullar kakor tårtor mm,0.0,%
2412,Småkaka mördeg typ somalisk icun,Aska,Bullar kakor tårtor mm,0.4,g
2412,Småkaka mördeg typ somalisk icun,Alkohol,Bullar kakor tårtor mm,0.0,g
2413,Lamm rygg el. hals kokt m. salt,"Zink, Zn",Kött färskt fryst tillagat ,4.2,mg
2413,Lamm rygg el. hals kokt m. salt,Vitamin E,Kött färskt fryst tillagat ,0.9,mg
2413,Lamm rygg el. hals kokt m. salt,Vitamin D,Kött färskt fryst tillagat ,0.39,µg
2413,Lamm rygg el. hals kokt m. salt,Vitamin C,Kött färskt fryst tillagat ,0.0,mg
2413,Lamm rygg el. hals kokt m. salt,Vitamin B6,Kött färskt fryst tillagat ,0.13,mg
2413,Lamm rygg el. hals kokt m. salt,Vitamin B12,Kött färskt fryst tillagat ,0.73,µg
2413,Lamm rygg el. hals kokt m. salt,Vitamin A,Kött färskt fryst tillagat ,65.6,RE/µg
2413,Lamm rygg el. hals kokt m. salt,Vatten,Kött färskt fryst tillagat ,62.1,g
2413,Lamm rygg el. hals kokt m. salt,Tiamin,Kött färskt fryst tillagat ,0.11,mg
2413,Lamm rygg el. hals kokt m. salt,Tillsatt socker,Kött färskt fryst tillagat ,0.0,g
2413,Lamm rygg el. hals kokt m. salt,Fritt socker,Kött färskt fryst tillagat ,0.0,g
2413,Lamm rygg el. hals kokt m. salt,"Selen, Se",Kött färskt fryst tillagat ,1.7,µg
2413,Lamm rygg el. hals kokt m. salt,Sackaros,Kött färskt fryst tillagat ,0.0,g
2413,Lamm rygg el. hals kokt m. salt,Riboflavin,Kött färskt fryst tillagat ,0.26,mg
2413,Lamm rygg el. hals kokt m. salt,Retinol,Kött färskt fryst tillagat ,64.9,µg
2413,Lamm rygg el. hals kokt m. salt,Protein,Kött färskt fryst tillagat ,21.6,g
2413,Lamm rygg el. hals kokt m. salt,Summa fleromättade fettsyror,Kött färskt fryst tillagat ,1.1,g
2413,Lamm rygg el. hals kokt m. salt,"Fosfor, P",Kött färskt fryst tillagat ,212.0,mg
2413,Lamm rygg el. hals kokt m. salt,Niacinekvivalenter,Kött färskt fryst tillagat ,9.22,NE/mg
2413,Lamm rygg el. hals kokt m. salt,Niacin,Kött färskt fryst tillagat ,5.27,mg
2413,Lamm rygg el. hals kokt m. salt,"Salt, NaCl",Kött färskt fryst tillagat ,0.8,g
2413,Lamm rygg el. hals kokt m. salt,"Natrium, Na",Kött färskt fryst tillagat ,291.0,mg
2413,Lamm rygg el. hals kokt m. salt,Monosackarider,Kött färskt fryst tillagat ,0.0,g
2413,Lamm rygg el. hals kokt m. salt,"Sockerarter, totalt",Kött färskt fryst tillagat ,0.0,g
2413,Lamm rygg el. hals kokt m. salt,Summa enkelomättade fettsyror,Kött färskt fryst tillagat ,5.5,g
2413,Lamm rygg el. hals kokt m. salt,"Magnesium, Mg",Kött färskt fryst tillagat ,21.0,mg
2413,Lamm rygg el. hals kokt m. salt,Summa mättade fettsyror,Kött färskt fryst tillagat ,7.3,g
2413,Lamm rygg el. hals kokt m. salt,"Kolhydrater, tillgängliga",Kött färskt fryst tillagat ,0.0,g
2413,Lamm rygg el. hals kokt m. salt,Kolesterol,Kött färskt fryst tillagat ,95.5,mg
2413,Lamm rygg el. hals kokt m. salt,"Kalium, K",Kött färskt fryst tillagat ,162.0,mg
2413,Lamm rygg el. hals kokt m. salt,"Jod, I",Kött färskt fryst tillagat ,32.2,µg
2413,Lamm rygg el. hals kokt m. salt,Fullkorn totalt,Kött färskt fryst tillagat ,0.0,g
2413,Lamm rygg el. hals kokt m. salt,"Folat, totalt",Kött färskt fryst tillagat ,4.0,µg
2413,Lamm rygg el. hals kokt m. salt,Fibrer,Kött färskt fryst tillagat ,0.0,g
2413,Lamm rygg el. hals kokt m. salt,"Fett, totalt",Kött färskt fryst tillagat ,14.6,g
2413,Lamm rygg el. hals kokt m. salt,"Järn, Fe",Kött färskt fryst tillagat ,1.8,mg
2413,Lamm rygg el. hals kokt m. salt,Energi (kJ),Kött färskt fryst tillagat ,906.0,kJ
2413,Lamm rygg el. hals kokt m. salt,Energi (kcal),Kött färskt fryst tillagat ,217.0,kcal
2413,Lamm rygg el. hals kokt m. salt,Disackarider,Kött färskt fryst tillagat ,0.0,g
2413,Lamm rygg el. hals kokt m. salt,"Kalcium, Ca",Kött färskt fryst tillagat ,23.0,mg
2413,Lamm rygg el. hals kokt m. salt,Fettsyra 4:0-10:0,Kött färskt fryst tillagat ,0.1,g
2413,Lamm rygg el. hals kokt m. salt,DHA (C22:6),Kött färskt fryst tillagat ,0.0,g
2413,Lamm rygg el. hals kokt m. salt,DPA (C22:5),Kött färskt fryst tillagat ,0.0,g
2413,Lamm rygg el. hals kokt m. salt,EPA (C20:5),Kött färskt fryst tillagat ,0.0,g
2413,Lamm rygg el. hals kokt m. salt,Arakidonsyra C20:4,Kött färskt fryst tillagat ,0.0,g
2413,Lamm rygg el. hals kokt m. salt,Arakidinsyra C20:0,Kött färskt fryst tillagat ,0.2,g
2413,Lamm rygg el. hals kokt m. salt,Linolensyra C18:3,Kött färskt fryst tillagat ,0.1,g
2413,Lamm rygg el. hals kokt m. salt,Linolsyra C18:2,Kött färskt fryst tillagat ,0.6,g
2413,Lamm rygg el. hals kokt m. salt,Oljesyra C18:1,Kött färskt fryst tillagat ,4.8,g
2413,Lamm rygg el. hals kokt m. salt,Stearinsyra C18:0,Kött färskt fryst tillagat ,2.4,g
2413,Lamm rygg el. hals kokt m. salt,Palmitoljesyra C16:1,Kött färskt fryst tillagat ,0.4,g
2413,Lamm rygg el. hals kokt m. salt,Palmitinsyra C16:0,Kött färskt fryst tillagat ,3.2,g
2413,Lamm rygg el. hals kokt m. salt,Myristinsyra C14:0,Kött färskt fryst tillagat ,0.9,g
2413,Lamm rygg el. hals kokt m. salt,Laurinsyra C12:0,Kött färskt fryst tillagat ,0.1,g
2413,Lamm rygg el. hals kokt m. salt,Betakaroten/β-Karoten,Kött färskt fryst tillagat ,9.0,µg
2413,Lamm rygg el. hals kokt m. salt,Avfall (skal etc.),Kött färskt fryst tillagat ,32.0,%
2413,Lamm rygg el. hals kokt m. salt,Aska,Kött färskt fryst tillagat ,1.8,g
2413,Lamm rygg el. hals kokt m. salt,Alkohol,Kött färskt fryst tillagat ,0.0,g
2468,Tilapia rå,"Zink, Zn",Fisk färsk fryst kokt,0.3,mg
2468,Tilapia rå,Vitamin E,Fisk färsk fryst kokt,0.7,mg
2468,Tilapia rå,Vitamin D,Fisk färsk fryst kokt,24.3,µg
2468,Tilapia rå,Vitamin C,Fisk färsk fryst kokt,0.0,mg
2468,Tilapia rå,Vitamin B6,Fisk färsk fryst kokt,0.18,mg
2468,Tilapia rå,Vitamin B12,Fisk färsk fryst kokt,1.05,µg
2468,Tilapia rå,Vitamin A,Fisk färsk fryst kokt,1.0,RE/µg
2468,Tilapia rå,Vatten,Fisk färsk fryst kokt,80.3,g
2468,Tilapia rå,Tiamin,Fisk färsk fryst kokt,0.05,mg
2468,Tilapia rå,Tillsatt socker,Fisk färsk fryst kokt,0.0,g
2468,Tilapia rå,Fritt socker,Fisk färsk fryst kokt,0.0,g
2468,Tilapia rå,"Selen, Se",Fisk färsk fryst kokt,27.8,µg
2468,Tilapia rå,Sackaros,Fisk färsk fryst kokt,0.0,g
2468,Tilapia rå,Riboflavin,Fisk färsk fryst kokt,0.04,mg
2468,Tilapia rå,Retinol,Fisk färsk fryst kokt,1.0,µg
2468,Tilapia rå,Protein,Fisk färsk fryst kokt,17.9,g
2468,Tilapia rå,Summa fleromättade fettsyror,Fisk färsk fryst kokt,0.3,g
2468,Tilapia rå,"Fosfor, P",Fisk färsk fryst kokt,181.0,mg
2468,Tilapia rå,Niacinekvivalenter,Fisk färsk fryst kokt,7.2,NE/mg
2468,Tilapia rå,Niacin,Fisk färsk fryst kokt,3.96,mg
2468,Tilapia rå,"Salt, NaCl",Fisk färsk fryst kokt,0.1,g
2468,Tilapia rå,"Natrium, Na",Fisk färsk fryst kokt,27.0,mg
2468,Tilapia rå,Monosackarider,Fisk färsk fryst kokt,0.0,g
2468,Tilapia rå,"Sockerarter, totalt",Fisk färsk fryst kokt,0.0,g
2468,Tilapia rå,Summa enkelomättade fettsyror,Fisk färsk fryst kokt,0.4,g
2468,Tilapia rå,"Magnesium, Mg",Fisk färsk fryst kokt,28.0,mg
2468,Tilapia rå,Summa mättade fettsyror,Fisk färsk fryst kokt,0.4,g
2468,Tilapia rå,"Kolhydrater, tillgängliga",Fisk färsk fryst kokt,0.0,g
2468,Tilapia rå,Kolesterol,Fisk färsk fryst kokt,47.0,mg
2468,Tilapia rå,"Kalium, K",Fisk färsk fryst kokt,353.0,mg
2468,Tilapia rå,"Jod, I",Fisk färsk fryst kokt,4.0,µg
2468,Tilapia rå,Fullkorn totalt,Fisk färsk fryst kokt,0.0,g
2468,Tilapia rå,"Folat, totalt",Fisk färsk fryst kokt,24.0,µg
2468,Tilapia rå,Fibrer,Fisk färsk fryst kokt,0.0,g
2468,Tilapia rå,"Fett, totalt",Fisk färsk fryst kokt,1.6,g
2468,Tilapia rå,"Järn, Fe",Fisk färsk fryst kokt,0.2,mg
2468,Tilapia rå,Energi (kJ),Fisk färsk fryst kokt,363.0,kJ
2468,Tilapia rå,Energi (kcal),Fisk färsk fryst kokt,87.0,kcal
2468,Tilapia rå,Disackarider,Fisk färsk fryst kokt,0.0,g
2468,Tilapia rå,"Kalcium, Ca",Fisk färsk fryst kokt,18.0,mg
2468,Tilapia rå,Fettsyra 4:0-10:0,Fisk färsk fryst kokt,0.0,g
2468,Tilapia rå,DHA (C22:6),Fisk färsk fryst kokt,0.0,g
2468,Tilapia rå,DPA (C22:5),Fisk färsk fryst kokt,0.0,g
2468,Tilapia rå,EPA (C20:5),Fisk färsk fryst kokt,0.0,g
2468,Tilapia rå,Arakidonsyra C20:4,Fisk färsk fryst kokt,0.0,g
2468,Tilapia rå,Arakidinsyra C20:0,Fisk färsk fryst kokt,0.0,g
2468,Tilapia rå,Linolensyra C18:3,Fisk färsk fryst kokt,0.0,g
2468,Tilapia rå,Linolsyra C18:2,Fisk färsk fryst kokt,0.2,g
2468,Tilapia rå,Oljesyra C18:1,Fisk färsk fryst kokt,0.3,g
2468,Tilapia rå,Stearinsyra C18:0,Fisk färsk fryst kokt,0.1,g
2468,Tilapia rå,Palmitoljesyra C16:1,Fisk färsk fryst kokt,0.0,g
2468,Tilapia rå,Palmitinsyra C16:0,Fisk färsk fryst kokt,0.2,g
2468,Tilapia rå,Myristinsyra C14:0,Fisk färsk fryst kokt,0.0,g
2468,Tilapia rå,Laurinsyra C12:0,Fisk färsk fryst kokt,0.0,g
2468,Tilapia rå,Betakaroten/β-Karoten,Fisk färsk fryst kokt,0.0,µg
2468,Tilapia rå,Avfall (skal etc.),Fisk färsk fryst kokt,0.0,%
2468,Tilapia rå,Aska,Fisk färsk fryst kokt,1.0,g
2468,Tilapia rå,Alkohol,Fisk färsk fryst kokt,0.0,g
2472,Lättmargarin fett 28% berikad typ Mini Lätta,"Zink, Zn",Hård matfettsblandning,0.0,mg
2472,Lättmargarin fett 28% berikad typ Mini Lätta,Vitamin E,Hård matfettsblandning,3.0,mg
2472,Lättmargarin fett 28% berikad typ Mini Lätta,Vitamin D,Hård matfettsblandning,20.0,µg
2472,Lättmargarin fett 28% berikad typ Mini Lätta,Vitamin C,Hård matfettsblandning,0.0,mg
2472,Lättmargarin fett 28% berikad typ Mini Lätta,Vitamin B6,Hård matfettsblandning,0.0,mg
2472,Lättmargarin fett 28% berikad typ Mini Lätta,Vitamin B12,Hård matfettsblandning,0.0,µg
2472,Lättmargarin fett 28% berikad typ Mini Lätta,Vitamin A,Hård matfettsblandning,800.0,RE/µg
2472,Lättmargarin fett 28% berikad typ Mini Lätta,Vatten,Hård matfettsblandning,64.5,g
2472,Lättmargarin fett 28% berikad typ Mini Lätta,Tiamin,Hård matfettsblandning,0.0,mg
2472,Lättmargarin fett 28% berikad typ Mini Lätta,Tillsatt socker,Hård matfettsblandning,0.0,g
2472,Lättmargarin fett 28% berikad typ Mini Lätta,Fritt socker,Hård matfettsblandning,0.0,g
2472,Lättmargarin fett 28% berikad typ Mini Lätta,"Selen, Se",Hård matfettsblandning,0.0,µg
2472,Lättmargarin fett 28% berikad typ Mini Lätta,Sackaros,Hård matfettsblandning,0.0,g
2472,Lättmargarin fett 28% berikad typ Mini Lätta,Riboflavin,Hård matfettsblandning,0.0,mg
2472,Lättmargarin fett 28% berikad typ Mini Lätta,Retinol,Hård matfettsblandning,800.0,µg
2472,Lättmargarin fett 28% berikad typ Mini Lätta,Protein,Hård matfettsblandning,2.0,g
2472,Lättmargarin fett 28% berikad typ Mini Lätta,Summa fleromättade fettsyror,Hård matfettsblandning,4.0,g
2472,Lättmargarin fett 28% berikad typ Mini Lätta,"Fosfor, P",Hård matfettsblandning,2.0,mg
2472,Lättmargarin fett 28% berikad typ Mini Lätta,Niacinekvivalenter,Hård matfettsblandning,0.33,NE/mg
2472,Lättmargarin fett 28% berikad typ Mini Lätta,Niacin,Hård matfettsblandning,0.0,mg
2472,Lättmargarin fett 28% berikad typ Mini Lätta,"Salt, NaCl",Hård matfettsblandning,1.5,g
2472,Lättmargarin fett 28% berikad typ Mini Lätta,"Natrium, Na",Hård matfettsblandning,600.0,mg
2472,Lättmargarin fett 28% berikad typ Mini Lätta,Monosackarider,Hård matfettsblandning,0.0,g
2472,Lättmargarin fett 28% berikad typ Mini Lätta,"Sockerarter, totalt",Hård matfettsblandning,0.3,g
2472,Lättmargarin fett 28% berikad typ Mini Lätta,Summa enkelomättade fettsyror,Hård matfettsblandning,12.0,g
2472,Lättmargarin fett 28% berikad typ Mini Lätta,"Magnesium, Mg",Hård matfettsblandning,0.0,mg
2472,Lättmargarin fett 28% berikad typ Mini Lätta,Summa mättade fettsyror,Hård matfettsblandning,12.0,g
2472,Lättmargarin fett 28% berikad typ Mini Lätta,"Kolhydrater, tillgängliga",Hård matfettsblandning,4.0,g
2472,Lättmargarin fett 28% berikad typ Mini Lätta,Kolesterol,Hård matfettsblandning,0.0,mg
2472,Lättmargarin fett 28% berikad typ Mini Lätta,"Kalium, K",Hård matfettsblandning,0.0,mg
2472,Lättmargarin fett 28% berikad typ Mini Lätta,"Jod, I",Hård matfettsblandning,1.0,µg
2472,Lättmargarin fett 28% berikad typ Mini Lätta,Fullkorn totalt,Hård matfettsblandning,0.0,g
2472,Lättmargarin fett 28% berikad typ Mini Lätta,"Folat, totalt",Hård matfettsblandning,0.0,µg
2472,Lättmargarin fett 28% berikad typ Mini Lätta,Fibrer,Hård matfettsblandning,0.0,g
2472,Lättmargarin fett 28% berikad typ Mini Lätta,"Fett, totalt",Hård matfettsblandning,28.0,g
2472,Lättmargarin fett 28% berikad typ Mini Lätta,"Järn, Fe",Hård matfettsblandning,0.0,mg
2472,Lättmargarin fett 28% berikad typ Mini Lätta,Energi (kJ),Hård matfettsblandning,1138.0,kJ
2472,Lättmargarin fett 28% berikad typ Mini Lätta,Energi (kcal),Hård matfettsblandning,272.0,kcal
2472,Lättmargarin fett 28% berikad typ Mini Lätta,Disackarider,Hård matfettsblandning,0.3,g
2472,Lättmargarin fett 28% berikad typ Mini Lätta,"Kalcium, Ca",Hård matfettsblandning,0.0,mg
2472,Lättmargarin fett 28% berikad typ Mini Lätta,Fettsyra 4:0-10:0,Hård matfettsblandning,0.5,g
2472,Lättmargarin fett 28% berikad typ Mini Lätta,DHA (C22:6),Hård matfettsblandning,0.0,g
2472,Lättmargarin fett 28% berikad typ Mini Lätta,DPA (C22:5),Hård matfettsblandning,0.0,g
2472,Lättmargarin fett 28% berikad typ Mini Lätta,EPA (C20:5),Hård matfettsblandning,0.0,g
2472,Lättmargarin fett 28% berikad typ Mini Lätta,Arakidonsyra C20:4,Hård matfettsblandning,0.0,g
2472,Lättmargarin fett 28% berikad typ Mini Lätta,Arakidinsyra C20:0,Hård matfettsblandning,0.0,g
2472,Lättmargarin fett 28% berikad typ Mini Lätta,Linolensyra C18:3,Hård matfettsblandning,1.2,g
2472,Lättmargarin fett 28% berikad typ Mini Lätta,Linolsyra C18:2,Hård matfettsblandning,3.6,g
2472,Lättmargarin fett 28% berikad typ Mini Lätta,Oljesyra C18:1,Hård matfettsblandning,12.2,g
2472,Lättmargarin fett 28% berikad typ Mini Lätta,Stearinsyra C18:0,Hård matfettsblandning,0.7,g
2472,Lättmargarin fett 28% berikad typ Mini Lätta,Palmitoljesyra C16:1,Hård matfettsblandning,0.0,g
2472,Lättmargarin fett 28% berikad typ Mini Lätta,Palmitinsyra C16:0,Hård matfettsblandning,5.1,g
2472,Lättmargarin fett 28% berikad typ Mini Lätta,Myristinsyra C14:0,Hård matfettsblandning,1.1,g
2472,Lättmargarin fett 28% berikad typ Mini Lätta,Laurinsyra C12:0,Hård matfettsblandning,3.2,g
2472,Lättmargarin fett 28% berikad typ Mini Lätta,Betakaroten/β-Karoten,Hård matfettsblandning,0.0,µg
2472,Lättmargarin fett 28% berikad typ Mini Lätta,Avfall (skal etc.),Hård matfettsblandning,0.0,%
2472,Lättmargarin fett 28% berikad typ Mini Lätta,Aska,Hård matfettsblandning,1.5,g
2472,Lättmargarin fett 28% berikad typ Mini Lätta,Alkohol,Hård matfettsblandning,0.0,g
2474,Flytande margarin fett 79% berikad typ Becel,"Zink, Zn",Flytande matfettsblandning,0.0,mg
2474,Flytande margarin fett 79% berikad typ Becel,Vitamin E,Flytande matfettsblandning,24.0,mg
2474,Flytande margarin fett 79% berikad typ Becel,Vitamin D,Flytande matfettsblandning,20.0,µg
2474,Flytande margarin fett 79% berikad typ Becel,Vitamin C,Flytande matfettsblandning,0.0,mg
2474,Flytande margarin fett 79% berikad typ Becel,Vitamin B6,Flytande matfettsblandning,0.0,mg
2474,Flytande margarin fett 79% berikad typ Becel,Vitamin B12,Flytande matfettsblandning,0.0,µg
2474,Flytande margarin fett 79% berikad typ Becel,Vitamin A,Flytande matfettsblandning,0.0,RE/µg
2474,Flytande margarin fett 79% berikad typ Becel,Vatten,Flytande matfettsblandning,17.5,g
2474,Flytande margarin fett 79% berikad typ Becel,Tiamin,Flytande matfettsblandning,0.0,mg
2474,Flytande margarin fett 79% berikad typ Becel,Tillsatt socker,Flytande matfettsblandning,0.0,g
2474,Flytande margarin fett 79% berikad typ Becel,Fritt socker,Flytande matfettsblandning,0.0,g
2474,Flytande margarin fett 79% berikad typ Becel,"Selen, Se",Flytande matfettsblandning,0.0,µg
2474,Flytande margarin fett 79% berikad typ Becel,Sackaros,Flytande matfettsblandning,0.0,g
2474,Flytande margarin fett 79% berikad typ Becel,Riboflavin,Flytande matfettsblandning,0.0,mg
2474,Flytande margarin fett 79% berikad typ Becel,Retinol,Flytande matfettsblandning,0.0,µg
2474,Flytande margarin fett 79% berikad typ Becel,Protein,Flytande matfettsblandning,0.0,g
2474,Flytande margarin fett 79% berikad typ Becel,Summa fleromättade fettsyror,Flytande matfettsblandning,42.0,g
2474,Flytande margarin fett 79% berikad typ Becel,"Fosfor, P",Flytande matfettsblandning,0.0,mg
2474,Flytande margarin fett 79% berikad typ Becel,Niacinekvivalenter,Flytande matfettsblandning,0.0,NE/mg
2474,Flytande margarin fett 79% berikad typ Becel,Niacin,Flytande matfettsblandning,0.0,mg
2474,Flytande margarin fett 79% berikad typ Becel,"Salt, NaCl",Flytande matfettsblandning,0.0,g
2474,Flytande margarin fett 79% berikad typ Becel,"Natrium, Na",Flytande matfettsblandning,0.0,mg
2474,Flytande margarin fett 79% berikad typ Becel,Monosackarider,Flytande matfettsblandning,0.0,g
2474,Flytande margarin fett 79% berikad typ Becel,"Sockerarter, totalt",Flytande matfettsblandning,0.0,g
2474,Flytande margarin fett 79% berikad typ Becel,Summa enkelomättade fettsyror,Flytande matfettsblandning,30.0,g
2474,Flytande margarin fett 79% berikad typ Becel,"Magnesium, Mg",Flytande matfettsblandning,0.0,mg
2474,Flytande margarin fett 79% berikad typ Becel,Summa mättade fettsyror,Flytande matfettsblandning,10.0,g
2474,Flytande margarin fett 79% berikad typ Becel,"Kolhydrater, tillgängliga",Flytande matfettsblandning,0.5,g
2474,Flytande margarin fett 79% berikad typ Becel,Kolesterol,Flytande matfettsblandning,0.0,mg
2474,Flytande margarin fett 79% berikad typ Becel,"Kalium, K",Flytande matfettsblandning,0.0,mg
2474,Flytande margarin fett 79% berikad typ Becel,"Jod, I",Flytande matfettsblandning,0.4,µg
2474,Flytande margarin fett 79% berikad typ Becel,Fullkorn totalt,Flytande matfettsblandning,0.0,g
2474,Flytande margarin fett 79% berikad typ Becel,"Folat, totalt",Flytande matfettsblandning,0.0,µg
2474,Flytande margarin fett 79% berikad typ Becel,Fibrer,Flytande matfettsblandning,0.0,g
2474,Flytande margarin fett 79% berikad typ Becel,"Fett, totalt",Flytande matfettsblandning,82.0,g
2474,Flytande margarin fett 79% berikad typ Becel,"Järn, Fe",Flytande matfettsblandning,0.0,mg
2474,Flytande margarin fett 79% berikad typ Becel,Energi (kJ),Flytande matfettsblandning,3042.0,kJ
2474,Flytande margarin fett 79% berikad typ Becel,Energi (kcal),Flytande matfettsblandning,727.0,kcal
2474,Flytande margarin fett 79% berikad typ Becel,Disackarider,Flytande matfettsblandning,0.0,g
2474,Flytande margarin fett 79% berikad typ Becel,"Kalcium, Ca",Flytande matfettsblandning,0.0,mg
2474,Flytande margarin fett 79% berikad typ Becel,Fettsyra 4:0-10:0,Flytande matfettsblandning,0.0,g
2474,Flytande margarin fett 79% berikad typ Becel,DHA (C22:6),Flytande matfettsblandning,0.0,g
2474,Flytande margarin fett 79% berikad typ Becel,DPA (C22:5),Flytande matfettsblandning,0.0,g
2474,Flytande margarin fett 79% berikad typ Becel,EPA (C20:5),Flytande matfettsblandning,0.0,g
2474,Flytande margarin fett 79% berikad typ Becel,Arakidonsyra C20:4,Flytande matfettsblandning,0.0,g
2474,Flytande margarin fett 79% berikad typ Becel,Arakidinsyra C20:0,Flytande matfettsblandning,0.0,g
2474,Flytande margarin fett 79% berikad typ Becel,Linolensyra C18:3,Flytande matfettsblandning,5.3,g
2474,Flytande margarin fett 79% berikad typ Becel,Linolsyra C18:2,Flytande matfettsblandning,35.0,g
2474,Flytande margarin fett 79% berikad typ Becel,Oljesyra C18:1,Flytande matfettsblandning,29.7,g
2474,Flytande margarin fett 79% berikad typ Becel,Stearinsyra C18:0,Flytande matfettsblandning,3.2,g
2474,Flytande margarin fett 79% berikad typ Becel,Palmitoljesyra C16:1,Flytande matfettsblandning,0.0,g
2474,Flytande margarin fett 79% berikad typ Becel,Palmitinsyra C16:0,Flytande matfettsblandning,4.4,g
2474,Flytande margarin fett 79% berikad typ Becel,Myristinsyra C14:0,Flytande matfettsblandning,0.1,g
2474,Flytande margarin fett 79% berikad typ Becel,Laurinsyra C12:0,Flytande matfettsblandning,0.1,g
2474,Flytande margarin fett 79% berikad typ Becel,Betakaroten/β-Karoten,Flytande matfettsblandning,0.0,µg
2474,Flytande margarin fett 79% berikad typ Becel,Avfall (skal etc.),Flytande matfettsblandning,0.0,%
2474,Flytande margarin fett 79% berikad typ Becel,Aska,Flytande matfettsblandning,0.0,g
2474,Flytande margarin fett 79% berikad typ Becel,Alkohol,Flytande matfettsblandning,0.0,g
2475,Ris basmati okokt,"Zink, Zn",Ris risnudlar,1.5,mg
2475,Ris basmati okokt,Vitamin E,Ris risnudlar,0.0,mg
2475,Ris basmati okokt,Vitamin D inkl 25-OH-D3,Ris risnudlar,0.0,µg
2475,Ris basmati okokt,Vitamin D,Ris risnudlar,0.0,µg
2475,Ris basmati okokt,Vitamin C,Ris risnudlar,0.0,mg
2475,Ris basmati okokt,Vitamin B6,Ris risnudlar,0.42,mg
2475,Ris basmati okokt,Vitamin B12,Ris risnudlar,0.0,µg
2475,Ris basmati okokt,Vitamin A,Ris risnudlar,0.0,RE/µg
2475,Ris basmati okokt,Vatten,Ris risnudlar,12.0,g
2475,Ris basmati okokt,Tiamin,Ris risnudlar,0.14,mg
2475,Ris basmati okokt,Tillsatt socker,Ris risnudlar,0.0,g
2475,Ris basmati okokt,Fritt socker,Ris risnudlar,0.0,g
2475,Ris basmati okokt,"Selen, Se",Ris risnudlar,14.0,µg
2475,Ris basmati okokt,Sackaros,Ris risnudlar,0.2,g
2475,Ris basmati okokt,Riboflavin,Ris risnudlar,0.05,mg
2475,Ris basmati okokt,Retinol,Ris risnudlar,0.0,µg
2475,Ris basmati okokt,Protein,Ris risnudlar,9.2,g
2475,Ris basmati okokt,Summa fleromättade fettsyror,Ris risnudlar,0.3,g
2475,Ris basmati okokt,"Fosfor, P",Ris risnudlar,101.0,mg
2475,Ris basmati okokt,Niacinekvivalenter,Ris risnudlar,2.8,NE/mg
2475,Ris basmati okokt,Niacin,Ris risnudlar,1.3,mg
2475,Ris basmati okokt,"Salt, NaCl",Ris risnudlar,0.0,g
2475,Ris basmati okokt,"Natrium, Na",Ris risnudlar,0.0,mg
2475,Ris basmati okokt,Monosackarider,Ris risnudlar,0.1,g
2475,Ris basmati okokt,"Sockerarter, totalt",Ris risnudlar,0.4,g
2475,Ris basmati okokt,Summa enkelomättade fettsyror,Ris risnudlar,0.3,g
2475,Ris basmati okokt,"Magnesium, Mg",Ris risnudlar,26.0,mg
2475,Ris basmati okokt,Summa mättade fettsyror,Ris risnudlar,0.2,g
2475,Ris basmati okokt,"Kolhydrater, tillgängliga",Ris risnudlar,76.7,g
2475,Ris basmati okokt,Kolesterol,Ris risnudlar,0.0,mg
2475,Ris basmati okokt,"Kalium, K",Ris risnudlar,76.0,mg
2475,Ris basmati okokt,"Jod, I",Ris risnudlar,2.6,µg
2475,Ris basmati okokt,Fullkorn totalt,Ris risnudlar,0.0,g
2475,Ris basmati okokt,"Folat, totalt",Ris risnudlar,9.0,µg
2475,Ris basmati okokt,Fibrer,Ris risnudlar,0.5,g
2475,Ris basmati okokt,"Fett, totalt",Ris risnudlar,1.0,g
2475,Ris basmati okokt,"Järn, Fe",Ris risnudlar,0.4,mg
2475,Ris basmati okokt,Energi (kJ),Ris risnudlar,1501.0,kJ
2475,Ris basmati okokt,Energi (kcal),Ris risnudlar,359.0,kcal
2475,Ris basmati okokt,Disackarider,Ris risnudlar,0.3,g
2475,Ris basmati okokt,"Kalcium, Ca",Ris risnudlar,18.0,mg
2475,Ris basmati okokt,Fettsyra 4:0-10:0,Ris risnudlar,0.0,g
2475,Ris basmati okokt,DHA (C22:6),Ris risnudlar,0.0,g
2475,Ris basmati okokt,DPA (C22:5),Ris risnudlar,0.0,g
2475,Ris basmati okokt,EPA (C20:5),Ris risnudlar,0.0,g
2475,Ris basmati okokt,Arakidonsyra C20:4,Ris risnudlar,0.0,g
2475,Ris basmati okokt,Arakidinsyra C20:0,Ris risnudlar,0.0,g
2475,Ris basmati okokt,Linolensyra C18:3,Ris risnudlar,0.0,g
2475,Ris basmati okokt,Linolsyra C18:2,Ris risnudlar,0.3,g
2475,Ris basmati okokt,Oljesyra C18:1,Ris risnudlar,0.3,g
2475,Ris basmati okokt,Stearinsyra C18:0,Ris risnudlar,0.0,g
2475,Ris basmati okokt,Palmitoljesyra C16:1,Ris risnudlar,0.0,g
2475,Ris basmati okokt,Palmitinsyra C16:0,Ris risnudlar,0.2,g
2475,Ris basmati okokt,Myristinsyra C14:0,Ris risnudlar,0.0,g
2475,Ris basmati okokt,Laurinsyra C12:0,Ris risnudlar,0.0,g
2475,Ris basmati okokt,Betakaroten/β-Karoten,Ris risnudlar,0.0,µg
2475,Ris basmati okokt,Avfall (skal etc.),Ris risnudlar,0.0,%
2475,Ris basmati okokt,Aska,Ris risnudlar,0.6,g
2475,Ris basmati okokt,Alkohol,Ris risnudlar,0.0,g
2477,Ris jasmin okokt,"Zink, Zn",Ris risnudlar,1.6,mg
2477,Ris jasmin okokt,Vitamin E,Ris risnudlar,0.0,mg
2477,Ris jasmin okokt,Vitamin D inkl 25-OH-D3,Ris risnudlar,0.0,µg
2477,Ris jasmin okokt,Vitamin D,Ris risnudlar,0.0,µg
2477,Ris jasmin okokt,Vitamin C,Ris risnudlar,0.0,mg
2477,Ris jasmin okokt,Vitamin B6,Ris risnudlar,0.75,mg
2477,Ris jasmin okokt,Vitamin B12,Ris risnudlar,0.0,µg
2477,Ris jasmin okokt,Vitamin A,Ris risnudlar,0.0,RE/µg
2477,Ris jasmin okokt,Vatten,Ris risnudlar,13.0,g
2477,Ris jasmin okokt,Tiamin,Ris risnudlar,0.04,mg
2477,Ris jasmin okokt,Tillsatt socker,Ris risnudlar,0.0,g
2477,Ris jasmin okokt,Fritt socker,Ris risnudlar,0.0,g
2477,Ris jasmin okokt,"Selen, Se",Ris risnudlar,0.0,µg
2477,Ris jasmin okokt,Sackaros,Ris risnudlar,0.0,g
2477,Ris jasmin okokt,Riboflavin,Ris risnudlar,0.05,mg
2477,Ris jasmin okokt,Retinol,Ris risnudlar,0.0,µg
2477,Ris jasmin okokt,Protein,Ris risnudlar,7.5,g
2477,Ris jasmin okokt,Summa fleromättade fettsyror,Ris risnudlar,0.2,g
2477,Ris jasmin okokt,"Fosfor, P",Ris risnudlar,68.0,mg
2477,Ris jasmin okokt,Niacinekvivalenter,Ris risnudlar,2.0,NE/mg
2477,Ris jasmin okokt,Niacin,Ris risnudlar,0.7,mg
2477,Ris jasmin okokt,"Salt, NaCl",Ris risnudlar,0.0,g
2477,Ris jasmin okokt,"Natrium, Na",Ris risnudlar,0.0,mg
2477,Ris jasmin okokt,Monosackarider,Ris risnudlar,0.1,g
2477,Ris jasmin okokt,"Sockerarter, totalt",Ris risnudlar,0.2,g
2477,Ris jasmin okokt,Summa enkelomättade fettsyror,Ris risnudlar,0.2,g
2477,Ris jasmin okokt,"Magnesium, Mg",Ris risnudlar,10.0,mg
2477,Ris jasmin okokt,Summa mättade fettsyror,Ris risnudlar,0.1,g
2477,Ris jasmin okokt,"Kolhydrater, tillgängliga",Ris risnudlar,78.2,g
2477,Ris jasmin okokt,Kolesterol,Ris risnudlar,0.0,mg
2477,Ris jasmin okokt,"Kalium, K",Ris risnudlar,56.0,mg
2477,Ris jasmin okokt,"Jod, I",Ris risnudlar,2.6,µg
2477,Ris jasmin okokt,Fullkorn totalt,Ris risnudlar,0.0,g
2477,Ris jasmin okokt,"Folat, totalt",Ris risnudlar,11.0,µg
2477,Ris jasmin okokt,Fibrer,Ris risnudlar,0.0,g
2477,Ris jasmin okokt,"Fett, totalt",Ris risnudlar,0.7,g
2477,Ris jasmin okokt,"Järn, Fe",Ris risnudlar,0.0,mg
2477,Ris jasmin okokt,Energi (kJ),Ris risnudlar,1483.0,kJ
2477,Ris jasmin okokt,Energi (kcal),Ris risnudlar,354.0,kcal
2477,Ris jasmin okokt,Disackarider,Ris risnudlar,0.0,g
2477,Ris jasmin okokt,"Kalcium, Ca",Ris risnudlar,0.0,mg
2477,Ris jasmin okokt,Fettsyra 4:0-10:0,Ris risnudlar,0.0,g
2477,Ris jasmin okokt,DHA (C22:6),Ris risnudlar,0.0,g
2477,Ris jasmin okokt,DPA (C22:5),Ris risnudlar,0.0,g
2477,Ris jasmin okokt,EPA (C20:5),Ris risnudlar,0.0,g
2477,Ris jasmin okokt,Arakidonsyra C20:4,Ris risnudlar,0.0,g
2477,Ris jasmin okokt,Arakidinsyra C20:0,Ris risnudlar,0.0,g
2477,Ris jasmin okokt,Linolensyra C18:3,Ris risnudlar,0.0,g
2477,Ris jasmin okokt,Linolsyra C18:2,Ris risnudlar,0.2,g
2477,Ris jasmin okokt,Oljesyra C18:1,Ris risnudlar,0.2,g
2477,Ris jasmin okokt,Stearinsyra C18:0,Ris risnudlar,0.0,g
2477,Ris jasmin okokt,Palmitoljesyra C16:1,Ris risnudlar,0.0,g
2477,Ris jasmin okokt,Palmitinsyra C16:0,Ris risnudlar,0.1,g
2477,Ris jasmin okokt,Myristinsyra C14:0,Ris risnudlar,0.0,g
2477,Ris jasmin okokt,Laurinsyra C12:0,Ris risnudlar,0.0,g
2477,Ris jasmin okokt,Betakaroten/β-Karoten,Ris risnudlar,0.0,µg
2477,Ris jasmin okokt,Avfall (skal etc.),Ris risnudlar,0.0,%
2477,Ris jasmin okokt,Aska,Ris risnudlar,0.6,g
2477,Ris jasmin okokt,Alkohol,Ris risnudlar,0.0,g
2478,Ris råris långkornigt okokt fullkorn,"Zink, Zn",Ris risnudlar,2.1,mg
2478,Ris råris långkornigt okokt fullkorn,Vitamin E,Ris risnudlar,0.0,mg
2478,Ris råris långkornigt okokt fullkorn,Vitamin D inkl 25-OH-D3,Ris risnudlar,0.0,µg
2478,Ris råris långkornigt okokt fullkorn,Vitamin D,Ris risnudlar,0.0,µg
2478,Ris råris långkornigt okokt fullkorn,Vitamin C,Ris risnudlar,0.0,mg
2478,Ris råris långkornigt okokt fullkorn,Vitamin B6,Ris risnudlar,0.6,mg
2478,Ris råris långkornigt okokt fullkorn,Vitamin B12,Ris risnudlar,0.0,µg
2478,Ris råris långkornigt okokt fullkorn,Vitamin A,Ris risnudlar,0.0,RE/µg
2478,Ris råris långkornigt okokt fullkorn,Vatten,Ris risnudlar,10.0,g
2478,Ris råris långkornigt okokt fullkorn,Tiamin,Ris risnudlar,0.4,mg
2478,Ris råris långkornigt okokt fullkorn,Tillsatt socker,Ris risnudlar,0.0,g
2478,Ris råris långkornigt okokt fullkorn,Fritt socker,Ris risnudlar,0.0,g
2478,Ris råris långkornigt okokt fullkorn,"Selen, Se",Ris risnudlar,14.0,µg
2478,Ris råris långkornigt okokt fullkorn,Sackaros,Ris risnudlar,0.5,g
2478,Ris råris långkornigt okokt fullkorn,Riboflavin,Ris risnudlar,0.05,mg
2478,Ris råris långkornigt okokt fullkorn,Retinol,Ris risnudlar,0.0,µg
2478,Ris råris långkornigt okokt fullkorn,Protein,Ris risnudlar,9.4,g
2478,Ris råris långkornigt okokt fullkorn,Summa fleromättade fettsyror,Ris risnudlar,1.1,g
2478,Ris råris långkornigt okokt fullkorn,"Fosfor, P",Ris risnudlar,282.0,mg
2478,Ris råris långkornigt okokt fullkorn,Niacinekvivalenter,Ris risnudlar,7.0,NE/mg
2478,Ris råris långkornigt okokt fullkorn,Niacin,Ris risnudlar,5.4,mg
2478,Ris råris långkornigt okokt fullkorn,"Salt, NaCl",Ris risnudlar,0.0,g
2478,Ris råris långkornigt okokt fullkorn,"Natrium, Na",Ris risnudlar,3.0,mg
2478,Ris råris långkornigt okokt fullkorn,Monosackarider,Ris risnudlar,0.0,g
2478,Ris råris långkornigt okokt fullkorn,"Sockerarter, totalt",Ris risnudlar,0.5,g
2478,Ris råris långkornigt okokt fullkorn,Summa enkelomättade fettsyror,Ris risnudlar,1.1,g
2478,Ris råris långkornigt okokt fullkorn,"Magnesium, Mg",Ris risnudlar,115.0,mg
2478,Ris råris långkornigt okokt fullkorn,Summa mättade fettsyror,Ris risnudlar,0.6,g
2478,Ris råris långkornigt okokt fullkorn,"Kolhydrater, tillgängliga",Ris risnudlar,71.9,g
2478,Ris råris långkornigt okokt fullkorn,Kolesterol,Ris risnudlar,0.0,mg
2478,Ris råris långkornigt okokt fullkorn,"Kalium, K",Ris risnudlar,193.0,mg
2478,Ris råris långkornigt okokt fullkorn,"Jod, I",Ris risnudlar,4.5,µg
2478,Ris råris långkornigt okokt fullkorn,Fullkorn totalt,Ris risnudlar,100.0,g
2478,Ris råris långkornigt okokt fullkorn,"Folat, totalt",Ris risnudlar,14.0,µg
2478,Ris råris långkornigt okokt fullkorn,Fibrer,Ris risnudlar,4.2,g
2478,Ris råris långkornigt okokt fullkorn,"Fett, totalt",Ris risnudlar,3.0,g
2478,Ris råris långkornigt okokt fullkorn,"Järn, Fe",Ris risnudlar,1.3,mg
2478,Ris råris långkornigt okokt fullkorn,Energi (kJ),Ris risnudlar,1527.0,kJ
2478,Ris råris långkornigt okokt fullkorn,Energi (kcal),Ris risnudlar,365.0,kcal
2478,Ris råris långkornigt okokt fullkorn,Disackarider,Ris risnudlar,0.5,g
2478,Ris råris långkornigt okokt fullkorn,"Kalcium, Ca",Ris risnudlar,11.0,mg
2478,Ris råris långkornigt okokt fullkorn,Fettsyra 4:0-10:0,Ris risnudlar,0.0,g
2478,Ris råris långkornigt okokt fullkorn,DHA (C22:6),Ris risnudlar,0.0,g
2478,Ris råris långkornigt okokt fullkorn,DPA (C22:5),Ris risnudlar,0.0,g
2478,Ris råris långkornigt okokt fullkorn,EPA (C20:5),Ris risnudlar,0.0,g
2478,Ris råris långkornigt okokt fullkorn,Arakidonsyra C20:4,Ris risnudlar,0.0,g
2478,Ris råris långkornigt okokt fullkorn,Arakidinsyra C20:0,Ris risnudlar,0.0,g
2478,Ris råris långkornigt okokt fullkorn,Linolensyra C18:3,Ris risnudlar,0.0,g
2478,Ris råris långkornigt okokt fullkorn,Linolsyra C18:2,Ris risnudlar,1.1,g
2478,Ris råris långkornigt okokt fullkorn,Oljesyra C18:1,Ris risnudlar,1.0,g
2478,Ris råris långkornigt okokt fullkorn,Stearinsyra C18:0,Ris risnudlar,0.0,g
2478,Ris råris långkornigt okokt fullkorn,Palmitoljesyra C16:1,Ris risnudlar,0.0,g
2478,Ris råris långkornigt okokt fullkorn,Palmitinsyra C16:0,Ris risnudlar,0.5,g
2478,Ris råris långkornigt okokt fullkorn,Myristinsyra C14:0,Ris risnudlar,0.0,g
2478,Ris råris långkornigt okokt fullkorn,Laurinsyra C12:0,Ris risnudlar,0.0,g
2478,Ris råris långkornigt okokt fullkorn,Betakaroten/β-Karoten,Ris risnudlar,0.0,µg
2478,Ris råris långkornigt okokt fullkorn,Avfall (skal etc.),Ris risnudlar,0.0,%
2478,Ris råris långkornigt okokt fullkorn,Aska,Ris risnudlar,1.5,g
2478,Ris råris långkornigt okokt fullkorn,Alkohol,Ris risnudlar,0.0,g
2479,Ris grötris snabb okokt,"Zink, Zn",Ris risnudlar,1.2,mg
2479,Ris grötris snabb okokt,Vitamin E,Ris risnudlar,0.0,mg
2479,Ris grötris snabb okokt,Vitamin D inkl 25-OH-D3,Ris risnudlar,0.0,µg
2479,Ris grötris snabb okokt,Vitamin D,Ris risnudlar,0.0,µg
2479,Ris grötris snabb okokt,Vitamin C,Ris risnudlar,0.0,mg
2479,Ris grötris snabb okokt,Vitamin B6,Ris risnudlar,0.29,mg
2479,Ris grötris snabb okokt,Vitamin B12,Ris risnudlar,0.0,µg
2479,Ris grötris snabb okokt,Vitamin A,Ris risnudlar,0.0,RE/µg
2479,Ris grötris snabb okokt,Vatten,Ris risnudlar,10.0,g
2479,Ris grötris snabb okokt,Tiamin,Ris risnudlar,0.11,mg
2479,Ris grötris snabb okokt,Tillsatt socker,Ris risnudlar,0.0,g
2479,Ris grötris snabb okokt,Fritt socker,Ris risnudlar,0.0,g
2479,Ris grötris snabb okokt,"Selen, Se",Ris risnudlar,3.0,µg
2479,Ris grötris snabb okokt,Sackaros,Ris risnudlar,3.6,g
2479,Ris grötris snabb okokt,Riboflavin,Ris risnudlar,0.05,mg
2479,Ris grötris snabb okokt,Retinol,Ris risnudlar,0.0,µg
2479,Ris grötris snabb okokt,Protein,Ris risnudlar,6.4,g
2479,Ris grötris snabb okokt,Summa fleromättade fettsyror,Ris risnudlar,0.2,g
2479,Ris grötris snabb okokt,"Fosfor, P",Ris risnudlar,79.0,mg
2479,Ris grötris snabb okokt,Niacinekvivalenter,Ris risnudlar,2.4,NE/mg
2479,Ris grötris snabb okokt,Niacin,Ris risnudlar,1.3,mg
2479,Ris grötris snabb okokt,"Salt, NaCl",Ris risnudlar,1.7,g
2479,Ris grötris snabb okokt,"Natrium, Na",Ris risnudlar,692.0,mg
2479,Ris grötris snabb okokt,Monosackarider,Ris risnudlar,0.1,g
2479,Ris grötris snabb okokt,"Sockerarter, totalt",Ris risnudlar,3.7,g
2479,Ris grötris snabb okokt,Summa enkelomättade fettsyror,Ris risnudlar,0.2,g
2479,Ris grötris snabb okokt,"Magnesium, Mg",Ris risnudlar,19.0,mg
2479,Ris grötris snabb okokt,Summa mättade fettsyror,Ris risnudlar,0.1,g
2479,Ris grötris snabb okokt,"Kolhydrater, tillgängliga",Ris risnudlar,81.3,g
2479,Ris grötris snabb okokt,Kolesterol,Ris risnudlar,0.0,mg
2479,Ris grötris snabb okokt,"Kalium, K",Ris risnudlar,64.0,mg
2479,Ris grötris snabb okokt,"Jod, I",Ris risnudlar,2.0,µg
2479,Ris grötris snabb okokt,Fullkorn totalt,Ris risnudlar,0.0,g
2479,Ris grötris snabb okokt,"Folat, totalt",Ris risnudlar,7.0,µg
2479,Ris grötris snabb okokt,Fibrer,Ris risnudlar,1.2,g
2479,Ris grötris snabb okokt,"Fett, totalt",Ris risnudlar,0.6,g
2479,Ris grötris snabb okokt,"Järn, Fe",Ris risnudlar,0.0,mg
2479,Ris grötris snabb okokt,Energi (kJ),Ris risnudlar,1523.0,kJ
2479,Ris grötris snabb okokt,Energi (kcal),Ris risnudlar,364.0,kcal
2479,Ris grötris snabb okokt,Disackarider,Ris risnudlar,3.6,g
2479,Ris grötris snabb okokt,"Kalcium, Ca",Ris risnudlar,4.0,mg
2479,Ris grötris snabb okokt,Fettsyra 4:0-10:0,Ris risnudlar,0.0,g
2479,Ris grötris snabb okokt,DHA (C22:6),Ris risnudlar,0.0,g
2479,Ris grötris snabb okokt,DPA (C22:5),Ris risnudlar,0.0,g
2479,Ris grötris snabb okokt,EPA (C20:5),Ris risnudlar,0.0,g
2479,Ris grötris snabb okokt,Arakidonsyra C20:4,Ris risnudlar,0.0,g
2479,Ris grötris snabb okokt,Arakidinsyra C20:0,Ris risnudlar,0.0,g
2479,Ris grötris snabb okokt,Linolensyra C18:3,Ris risnudlar,0.0,g
2479,Ris grötris snabb okokt,Linolsyra C18:2,Ris risnudlar,0.2,g
2479,Ris grötris snabb okokt,Oljesyra C18:1,Ris risnudlar,0.2,g
2479,Ris grötris snabb okokt,Stearinsyra C18:0,Ris risnudlar,0.0,g
2479,Ris grötris snabb okokt,Palmitoljesyra C16:1,Ris risnudlar,0.0,g
2479,Ris grötris snabb okokt,Palmitinsyra C16:0,Ris risnudlar,0.1,g
2479,Ris grötris snabb okokt,Myristinsyra C14:0,Ris risnudlar,0.0,g
2479,Ris grötris snabb okokt,Laurinsyra C12:0,Ris risnudlar,0.0,g
2479,Ris grötris snabb okokt,Betakaroten/β-Karoten,Ris risnudlar,0.0,µg
2479,Ris grötris snabb okokt,Avfall (skal etc.),Ris risnudlar,0.0,%
2479,Ris grötris snabb okokt,Aska,Ris risnudlar,0.5,g
2479,Ris grötris snabb okokt,Alkohol,Ris risnudlar,0.0,g
2481,Ris långkornigt okokt,"Zink, Zn",Ris risnudlar,1.3,mg
2481,Ris långkornigt okokt,Vitamin E,Ris risnudlar,0.0,mg
2481,Ris långkornigt okokt,Vitamin D inkl 25-OH-D3,Ris risnudlar,0.0,µg
2481,Ris långkornigt okokt,Vitamin D,Ris risnudlar,0.0,µg
2481,Ris långkornigt okokt,Vitamin C,Ris risnudlar,0.0,mg
2481,Ris långkornigt okokt,Vitamin B6,Ris risnudlar,0.56,mg
2481,Ris långkornigt okokt,Vitamin B12,Ris risnudlar,0.0,µg
2481,Ris långkornigt okokt,Vitamin A,Ris risnudlar,0.0,RE/µg
2481,Ris långkornigt okokt,Vatten,Ris risnudlar,13.0,g
2481,Ris långkornigt okokt,Tiamin,Ris risnudlar,0.04,mg
2481,Ris långkornigt okokt,Tillsatt socker,Ris risnudlar,0.0,g
2481,Ris långkornigt okokt,Fritt socker,Ris risnudlar,0.0,g
2481,Ris långkornigt okokt,"Selen, Se",Ris risnudlar,0.0,µg
2481,Ris långkornigt okokt,Sackaros,Ris risnudlar,0.0,g
2481,Ris långkornigt okokt,Riboflavin,Ris risnudlar,0.05,mg
2481,Ris långkornigt okokt,Retinol,Ris risnudlar,0.0,µg
2481,Ris långkornigt okokt,Protein,Ris risnudlar,7.8,g
2481,Ris långkornigt okokt,Summa fleromättade fettsyror,Ris risnudlar,0.2,g
2481,Ris långkornigt okokt,"Fosfor, P",Ris risnudlar,132.0,mg
2481,Ris långkornigt okokt,Niacinekvivalenter,Ris risnudlar,1.8,NE/mg
2481,Ris långkornigt okokt,Niacin,Ris risnudlar,0.5,mg
2481,Ris långkornigt okokt,"Salt, NaCl",Ris risnudlar,0.0,g
2481,Ris långkornigt okokt,"Natrium, Na",Ris risnudlar,0.0,mg
2481,Ris långkornigt okokt,Monosackarider,Ris risnudlar,0.1,g
2481,Ris långkornigt okokt,"Sockerarter, totalt",Ris risnudlar,0.1,g
2481,Ris långkornigt okokt,Summa enkelomättade fettsyror,Ris risnudlar,0.2,g
2481,Ris långkornigt okokt,"Magnesium, Mg",Ris risnudlar,9.0,mg
2481,Ris långkornigt okokt,Summa mättade fettsyror,Ris risnudlar,0.1,g
2481,Ris långkornigt okokt,"Kolhydrater, tillgängliga",Ris risnudlar,76.9,g
2481,Ris långkornigt okokt,Kolesterol,Ris risnudlar,0.0,mg
2481,Ris långkornigt okokt,"Kalium, K",Ris risnudlar,52.0,mg
2481,Ris långkornigt okokt,"Jod, I",Ris risnudlar,2.6,µg
2481,Ris långkornigt okokt,Fullkorn totalt,Ris risnudlar,0.0,g
2481,Ris långkornigt okokt,"Folat, totalt",Ris risnudlar,9.0,µg
2481,Ris långkornigt okokt,Fibrer,Ris risnudlar,1.0,g
2481,Ris långkornigt okokt,"Fett, totalt",Ris risnudlar,0.7,g
2481,Ris långkornigt okokt,"Järn, Fe",Ris risnudlar,0.0,mg
2481,Ris långkornigt okokt,Energi (kJ),Ris risnudlar,1474.0,kJ
2481,Ris långkornigt okokt,Energi (kcal),Ris risnudlar,352.0,kcal
2481,Ris långkornigt okokt,Disackarider,Ris risnudlar,0.0,g
2481,Ris långkornigt okokt,"Kalcium, Ca",Ris risnudlar,0.0,mg
2481,Ris långkornigt okokt,Fettsyra 4:0-10:0,Ris risnudlar,0.0,g
2481,Ris långkornigt okokt,DHA (C22:6),Ris risnudlar,0.0,g
2481,Ris långkornigt okokt,DPA (C22:5),Ris risnudlar,0.0,g
2481,Ris långkornigt okokt,EPA (C20:5),Ris risnudlar,0.0,g
2481,Ris långkornigt okokt,Arakidonsyra C20:4,Ris risnudlar,0.0,g
2481,Ris långkornigt okokt,Arakidinsyra C20:0,Ris risnudlar,0.0,g
2481,Ris långkornigt okokt,Linolensyra C18:3,Ris risnudlar,0.0,g
2481,Ris långkornigt okokt,Linolsyra C18:2,Ris risnudlar,0.2,g
2481,Ris långkornigt okokt,Oljesyra C18:1,Ris risnudlar,0.2,g
2481,Ris långkornigt okokt,Stearinsyra C18:0,Ris risnudlar,0.0,g
2481,Ris långkornigt okokt,Palmitoljesyra C16:1,Ris risnudlar,0.0,g
2481,Ris långkornigt okokt,Palmitinsyra C16:0,Ris risnudlar,0.1,g
2481,Ris långkornigt okokt,Myristinsyra C14:0,Ris risnudlar,0.0,g
2481,Ris långkornigt okokt,Laurinsyra C12:0,Ris risnudlar,0.0,g
2481,Ris långkornigt okokt,Betakaroten/β-Karoten,Ris risnudlar,0.0,µg
2481,Ris långkornigt okokt,Avfall (skal etc.),Ris risnudlar,0.0,%
2481,Ris långkornigt okokt,Aska,Ris risnudlar,0.6,g
2481,Ris långkornigt okokt,Alkohol,Ris risnudlar,0.0,g
2482,Ris långkornigt parboiled okokt,"Zink, Zn",Ris risnudlar,0.8,mg
2482,Ris långkornigt parboiled okokt,Vitamin E,Ris risnudlar,0.0,mg
2482,Ris långkornigt parboiled okokt,Vitamin D inkl 25-OH-D3,Ris risnudlar,0.0,µg
2482,Ris långkornigt parboiled okokt,Vitamin D,Ris risnudlar,0.0,µg
2482,Ris långkornigt parboiled okokt,Vitamin C,Ris risnudlar,0.0,mg
2482,Ris långkornigt parboiled okokt,Vitamin B6,Ris risnudlar,0.51,mg
2482,Ris långkornigt parboiled okokt,Vitamin B12,Ris risnudlar,0.0,µg
2482,Ris långkornigt parboiled okokt,Vitamin A,Ris risnudlar,0.0,RE/µg
2482,Ris långkornigt parboiled okokt,Vatten,Ris risnudlar,11.0,g
2482,Ris långkornigt parboiled okokt,Tiamin,Ris risnudlar,0.24,mg
2482,Ris långkornigt parboiled okokt,Tillsatt socker,Ris risnudlar,0.0,g
2482,Ris långkornigt parboiled okokt,Fritt socker,Ris risnudlar,0.0,g
2482,Ris långkornigt parboiled okokt,"Selen, Se",Ris risnudlar,7.0,µg
2482,Ris långkornigt parboiled okokt,Sackaros,Ris risnudlar,0.4,g
2482,Ris långkornigt parboiled okokt,Riboflavin,Ris risnudlar,0.05,mg
2482,Ris långkornigt parboiled okokt,Retinol,Ris risnudlar,0.0,µg
2482,Ris långkornigt parboiled okokt,Protein,Ris risnudlar,7.7,g
2482,Ris långkornigt parboiled okokt,Summa fleromättade fettsyror,Ris risnudlar,0.4,g
2482,Ris långkornigt parboiled okokt,"Fosfor, P",Ris risnudlar,182.0,mg
2482,Ris långkornigt parboiled okokt,Niacinekvivalenter,Ris risnudlar,6.0,NE/mg
2482,Ris långkornigt parboiled okokt,Niacin,Ris risnudlar,4.7,mg
2482,Ris långkornigt parboiled okokt,"Salt, NaCl",Ris risnudlar,0.0,g
2482,Ris långkornigt parboiled okokt,"Natrium, Na",Ris risnudlar,1.0,mg
2482,Ris långkornigt parboiled okokt,Monosackarider,Ris risnudlar,0.1,g
2482,Ris långkornigt parboiled okokt,"Sockerarter, totalt",Ris risnudlar,0.6,g
2482,Ris långkornigt parboiled okokt,Summa enkelomättade fettsyror,Ris risnudlar,0.4,g
2482,Ris långkornigt parboiled okokt,"Magnesium, Mg",Ris risnudlar,38.0,mg
2482,Ris långkornigt parboiled okokt,Summa mättade fettsyror,Ris risnudlar,0.2,g
2482,Ris långkornigt parboiled okokt,"Kolhydrater, tillgängliga",Ris risnudlar,78.0,g
2482,Ris långkornigt parboiled okokt,Kolesterol,Ris risnudlar,0.0,mg
2482,Ris långkornigt parboiled okokt,"Kalium, K",Ris risnudlar,166.0,mg
2482,Ris långkornigt parboiled okokt,"Jod, I",Ris risnudlar,2.6,µg
2482,Ris långkornigt parboiled okokt,Fullkorn totalt,Ris risnudlar,0.0,g
2482,Ris långkornigt parboiled okokt,"Folat, totalt",Ris risnudlar,8.0,µg
2482,Ris långkornigt parboiled okokt,Fibrer,Ris risnudlar,1.4,g
2482,Ris långkornigt parboiled okokt,"Fett, totalt",Ris risnudlar,1.2,g
2482,Ris långkornigt parboiled okokt,"Järn, Fe",Ris risnudlar,1.3,mg
2482,Ris långkornigt parboiled okokt,Energi (kJ),Ris risnudlar,1512.0,kJ
2482,Ris långkornigt parboiled okokt,Energi (kcal),Ris risnudlar,362.0,kcal
2482,Ris långkornigt parboiled okokt,Disackarider,Ris risnudlar,0.5,g
2482,Ris långkornigt parboiled okokt,"Kalcium, Ca",Ris risnudlar,178.0,mg
2482,Ris långkornigt parboiled okokt,Fettsyra 4:0-10:0,Ris risnudlar,0.0,g
2482,Ris långkornigt parboiled okokt,DHA (C22:6),Ris risnudlar,0.0,g
2482,Ris långkornigt parboiled okokt,DPA (C22:5),Ris risnudlar,0.0,g
2482,Ris långkornigt parboiled okokt,EPA (C20:5),Ris risnudlar,0.0,g
2482,Ris långkornigt parboiled okokt,Arakidonsyra C20:4,Ris risnudlar,0.0,g
2482,Ris långkornigt parboiled okokt,Arakidinsyra C20:0,Ris risnudlar,0.0,g
2482,Ris långkornigt parboiled okokt,Linolensyra C18:3,Ris risnudlar,0.0,g
2482,Ris långkornigt parboiled okokt,Linolsyra C18:2,Ris risnudlar,0.4,g
2482,Ris långkornigt parboiled okokt,Oljesyra C18:1,Ris risnudlar,0.4,g
2482,Ris långkornigt parboiled okokt,Stearinsyra C18:0,Ris risnudlar,0.0,g
2482,Ris långkornigt parboiled okokt,Palmitoljesyra C16:1,Ris risnudlar,0.0,g
2482,Ris långkornigt parboiled okokt,Palmitinsyra C16:0,Ris risnudlar,0.2,g
2482,Ris långkornigt parboiled okokt,Myristinsyra C14:0,Ris risnudlar,0.0,g
2482,Ris långkornigt parboiled okokt,Laurinsyra C12:0,Ris risnudlar,0.0,g
2482,Ris långkornigt parboiled okokt,Betakaroten/β-Karoten,Ris risnudlar,0.0,µg
2482,Ris långkornigt parboiled okokt,Avfall (skal etc.),Ris risnudlar,0.0,%
2482,Ris långkornigt parboiled okokt,Aska,Ris risnudlar,0.7,g
2482,Ris långkornigt parboiled okokt,Alkohol,Ris risnudlar,0.0,g
2483,Ris snabbris okokt salt 1%,"Zink, Zn",Ris risnudlar,1.4,mg
2483,Ris snabbris okokt salt 1%,Vitamin E,Ris risnudlar,0.0,mg
2483,Ris snabbris okokt salt 1%,Vitamin D inkl 25-OH-D3,Ris risnudlar,0.0,µg
2483,Ris snabbris okokt salt 1%,Vitamin D,Ris risnudlar,0.0,µg
2483,Ris snabbris okokt salt 1%,Vitamin C,Ris risnudlar,0.0,mg
2483,Ris snabbris okokt salt 1%,Vitamin B6,Ris risnudlar,0.34,mg
2483,Ris snabbris okokt salt 1%,Vitamin B12,Ris risnudlar,0.0,µg
2483,Ris snabbris okokt salt 1%,Vitamin A,Ris risnudlar,0.0,RE/µg
2483,Ris snabbris okokt salt 1%,Vatten,Ris risnudlar,10.0,g
2483,Ris snabbris okokt salt 1%,Tiamin,Ris risnudlar,0.05,mg
2483,Ris snabbris okokt salt 1%,Tillsatt socker,Ris risnudlar,0.0,g
2483,Ris snabbris okokt salt 1%,Fritt socker,Ris risnudlar,0.0,g
2483,Ris snabbris okokt salt 1%,"Selen, Se",Ris risnudlar,13.0,µg
2483,Ris snabbris okokt salt 1%,Sackaros,Ris risnudlar,0.1,g
2483,Ris snabbris okokt salt 1%,Riboflavin,Ris risnudlar,0.02,mg
2483,Ris snabbris okokt salt 1%,Retinol,Ris risnudlar,0.0,µg
2483,Ris snabbris okokt salt 1%,Protein,Ris risnudlar,7.9,g
2483,Ris snabbris okokt salt 1%,Summa fleromättade fettsyror,Ris risnudlar,0.1,g
2483,Ris snabbris okokt salt 1%,"Fosfor, P",Ris risnudlar,139.0,mg
2483,Ris snabbris okokt salt 1%,Niacinekvivalenter,Ris risnudlar,2.1,NE/mg
2483,Ris snabbris okokt salt 1%,Niacin,Ris risnudlar,0.8,mg
2483,Ris snabbris okokt salt 1%,"Salt, NaCl",Ris risnudlar,0.7,g
2483,Ris snabbris okokt salt 1%,"Natrium, Na",Ris risnudlar,279.0,mg
2483,Ris snabbris okokt salt 1%,Monosackarider,Ris risnudlar,0.0,g
2483,Ris snabbris okokt salt 1%,"Sockerarter, totalt",Ris risnudlar,0.1,g
2483,Ris snabbris okokt salt 1%,Summa enkelomättade fettsyror,Ris risnudlar,0.1,g
2483,Ris snabbris okokt salt 1%,"Magnesium, Mg",Ris risnudlar,15.0,mg
2483,Ris snabbris okokt salt 1%,Summa mättade fettsyror,Ris risnudlar,0.0,g
2483,Ris snabbris okokt salt 1%,"Kolhydrater, tillgängliga",Ris risnudlar,79.7,g
2483,Ris snabbris okokt salt 1%,Kolesterol,Ris risnudlar,0.0,mg
2483,Ris snabbris okokt salt 1%,"Kalium, K",Ris risnudlar,46.0,mg
2483,Ris snabbris okokt salt 1%,"Jod, I",Ris risnudlar,2.0,µg
2483,Ris snabbris okokt salt 1%,Fullkorn totalt,Ris risnudlar,0.0,g
2483,Ris snabbris okokt salt 1%,"Folat, totalt",Ris risnudlar,5.0,µg
2483,Ris snabbris okokt salt 1%,Fibrer,Ris risnudlar,1.5,g
2483,Ris snabbris okokt salt 1%,"Fett, totalt",Ris risnudlar,0.2,g
2483,Ris snabbris okokt salt 1%,"Järn, Fe",Ris risnudlar,0.0,mg
2483,Ris snabbris okokt salt 1%,Energi (kJ),Ris risnudlar,1509.0,kJ
2483,Ris snabbris okokt salt 1%,Energi (kcal),Ris risnudlar,361.0,kcal
2483,Ris snabbris okokt salt 1%,Disackarider,Ris risnudlar,0.1,g
2483,Ris snabbris okokt salt 1%,"Kalcium, Ca",Ris risnudlar,11.0,mg
2483,Ris snabbris okokt salt 1%,Fettsyra 4:0-10:0,Ris risnudlar,0.0,g
2483,Ris snabbris okokt salt 1%,DHA (C22:6),Ris risnudlar,0.0,g
2483,Ris snabbris okokt salt 1%,DPA (C22:5),Ris risnudlar,0.0,g
2483,Ris snabbris okokt salt 1%,EPA (C20:5),Ris risnudlar,0.0,g
2483,Ris snabbris okokt salt 1%,Arakidonsyra C20:4,Ris risnudlar,0.0,g
2483,Ris snabbris okokt salt 1%,Arakidinsyra C20:0,Ris risnudlar,0.0,g
2483,Ris snabbris okokt salt 1%,Linolensyra C18:3,Ris risnudlar,0.0,g
2483,Ris snabbris okokt salt 1%,Linolsyra C18:2,Ris risnudlar,0.1,g
2483,Ris snabbris okokt salt 1%,Oljesyra C18:1,Ris risnudlar,0.1,g
2483,Ris snabbris okokt salt 1%,Stearinsyra C18:0,Ris risnudlar,0.0,g
2483,Ris snabbris okokt salt 1%,Palmitoljesyra C16:1,Ris risnudlar,0.0,g
2483,Ris snabbris okokt salt 1%,Palmitinsyra C16:0,Ris risnudlar,0.0,g
2483,Ris snabbris okokt salt 1%,Myristinsyra C14:0,Ris risnudlar,0.0,g
2483,Ris snabbris okokt salt 1%,Laurinsyra C12:0,Ris risnudlar,0.0,g
2483,Ris snabbris okokt salt 1%,Betakaroten/β-Karoten,Ris risnudlar,0.0,µg
2483,Ris snabbris okokt salt 1%,Avfall (skal etc.),Ris risnudlar,0.0,%
2483,Ris snabbris okokt salt 1%,Aska,Ris risnudlar,0.7,g
2483,Ris snabbris okokt salt 1%,Alkohol,Ris risnudlar,0.0,g
2484,Ris snabbris okokt,"Zink, Zn",Ris risnudlar,0.7,mg
2484,Ris snabbris okokt,Vitamin E,Ris risnudlar,0.0,mg
2484,Ris snabbris okokt,Vitamin D inkl 25-OH-D3,Ris risnudlar,0.0,µg
2484,Ris snabbris okokt,Vitamin D,Ris risnudlar,0.0,µg
2484,Ris snabbris okokt,Vitamin C,Ris risnudlar,0.0,mg
2484,Ris snabbris okokt,Vitamin B6,Ris risnudlar,0.44,mg
2484,Ris snabbris okokt,Vitamin B12,Ris risnudlar,0.0,µg
2484,Ris snabbris okokt,Vitamin A,Ris risnudlar,0.0,RE/µg
2484,Ris snabbris okokt,Vatten,Ris risnudlar,9.0,g
2484,Ris snabbris okokt,Tiamin,Ris risnudlar,0.25,mg
2484,Ris snabbris okokt,Tillsatt socker,Ris risnudlar,0.0,g
2484,Ris snabbris okokt,Fritt socker,Ris risnudlar,0.0,g
2484,Ris snabbris okokt,"Selen, Se",Ris risnudlar,0.0,µg
2484,Ris snabbris okokt,Sackaros,Ris risnudlar,0.5,g
2484,Ris snabbris okokt,Riboflavin,Ris risnudlar,0.02,mg
2484,Ris snabbris okokt,Retinol,Ris risnudlar,0.0,µg
2484,Ris snabbris okokt,Protein,Ris risnudlar,8.5,g
2484,Ris snabbris okokt,Summa fleromättade fettsyror,Ris risnudlar,0.2,g
2484,Ris snabbris okokt,"Fosfor, P",Ris risnudlar,165.0,mg
2484,Ris snabbris okokt,Niacinekvivalenter,Ris risnudlar,5.4,NE/mg
2484,Ris snabbris okokt,Niacin,Ris risnudlar,4.0,mg
2484,Ris snabbris okokt,"Salt, NaCl",Ris risnudlar,0.0,g
2484,Ris snabbris okokt,"Natrium, Na",Ris risnudlar,2.0,mg
2484,Ris snabbris okokt,Monosackarider,Ris risnudlar,0.1,g
2484,Ris snabbris okokt,"Sockerarter, totalt",Ris risnudlar,0.6,g
2484,Ris snabbris okokt,Summa enkelomättade fettsyror,Ris risnudlar,0.2,g
2484,Ris snabbris okokt,"Magnesium, Mg",Ris risnudlar,30.0,mg
2484,Ris snabbris okokt,Summa mättade fettsyror,Ris risnudlar,0.1,g
2484,Ris snabbris okokt,"Kolhydrater, tillgängliga",Ris risnudlar,78.5,g
2484,Ris snabbris okokt,Kolesterol,Ris risnudlar,0.0,mg
2484,Ris snabbris okokt,"Kalium, K",Ris risnudlar,158.0,mg
2484,Ris snabbris okokt,"Jod, I",Ris risnudlar,2.0,µg
2484,Ris snabbris okokt,Fullkorn totalt,Ris risnudlar,0.0,g
2484,Ris snabbris okokt,"Folat, totalt",Ris risnudlar,8.0,µg
2484,Ris snabbris okokt,Fibrer,Ris risnudlar,2.6,g
2484,Ris snabbris okokt,"Fett, totalt",Ris risnudlar,0.7,g
2484,Ris snabbris okokt,"Järn, Fe",Ris risnudlar,0.4,mg
2484,Ris snabbris okokt,Energi (kJ),Ris risnudlar,1526.0,kJ
2484,Ris snabbris okokt,Energi (kcal),Ris risnudlar,365.0,kcal
2484,Ris snabbris okokt,Disackarider,Ris risnudlar,0.5,g
2484,Ris snabbris okokt,"Kalcium, Ca",Ris risnudlar,73.0,mg
2484,Ris snabbris okokt,Fettsyra 4:0-10:0,Ris risnudlar,0.0,g
2484,Ris snabbris okokt,DHA (C22:6),Ris risnudlar,0.0,g
2484,Ris snabbris okokt,DPA (C22:5),Ris risnudlar,0.0,g
2484,Ris snabbris okokt,EPA (C20:5),Ris risnudlar,0.0,g
2484,Ris snabbris okokt,Arakidonsyra C20:4,Ris risnudlar,0.0,g
2484,Ris snabbris okokt,Arakidinsyra C20:0,Ris risnudlar,0.0,g
2484,Ris snabbris okokt,Linolensyra C18:3,Ris risnudlar,0.0,g
2484,Ris snabbris okokt,Linolsyra C18:2,Ris risnudlar,0.2,g
2484,Ris snabbris okokt,Oljesyra C18:1,Ris risnudlar,0.2,g
2484,Ris snabbris okokt,Stearinsyra C18:0,Ris risnudlar,0.0,g
2484,Ris snabbris okokt,Palmitoljesyra C16:1,Ris risnudlar,0.0,g
2484,Ris snabbris okokt,Palmitinsyra C16:0,Ris risnudlar,0.1,g
2484,Ris snabbris okokt,Myristinsyra C14:0,Ris risnudlar,0.0,g
2484,Ris snabbris okokt,Laurinsyra C12:0,Ris risnudlar,0.0,g
2484,Ris snabbris okokt,Betakaroten/β-Karoten,Ris risnudlar,0.0,µg
2484,Ris snabbris okokt,Avfall (skal etc.),Ris risnudlar,0.0,%
2484,Ris snabbris okokt,Aska,Ris risnudlar,0.7,g
2484,Ris snabbris okokt,Alkohol,Ris risnudlar,0.0,g
2485,Ris grötris rundkornigt okokt,"Zink, Zn",Ris risnudlar,1.1,mg
2485,Ris grötris rundkornigt okokt,Vitamin E,Ris risnudlar,0.0,mg
2485,Ris grötris rundkornigt okokt,Vitamin D inkl 25-OH-D3,Ris risnudlar,0.0,µg
2485,Ris grötris rundkornigt okokt,Vitamin D,Ris risnudlar,0.0,µg
2485,Ris grötris rundkornigt okokt,Vitamin C,Ris risnudlar,0.0,mg
2485,Ris grötris rundkornigt okokt,Vitamin B6,Ris risnudlar,0.2,mg
2485,Ris grötris rundkornigt okokt,Vitamin B12,Ris risnudlar,0.0,µg
2485,Ris grötris rundkornigt okokt,Vitamin A,Ris risnudlar,0.0,RE/µg
2485,Ris grötris rundkornigt okokt,Vatten,Ris risnudlar,11.0,g
2485,Ris grötris rundkornigt okokt,Tiamin,Ris risnudlar,0.2,mg
2485,Ris grötris rundkornigt okokt,Tillsatt socker,Ris risnudlar,0.0,g
2485,Ris grötris rundkornigt okokt,Fritt socker,Ris risnudlar,0.0,g
2485,Ris grötris rundkornigt okokt,"Selen, Se",Ris risnudlar,0.0,µg
2485,Ris grötris rundkornigt okokt,Sackaros,Ris risnudlar,0.2,g
2485,Ris grötris rundkornigt okokt,Riboflavin,Ris risnudlar,0.05,mg
2485,Ris grötris rundkornigt okokt,Retinol,Ris risnudlar,0.0,µg
2485,Ris grötris rundkornigt okokt,Protein,Ris risnudlar,6.4,g
2485,Ris grötris rundkornigt okokt,Summa fleromättade fettsyror,Ris risnudlar,0.3,g
2485,Ris grötris rundkornigt okokt,"Fosfor, P",Ris risnudlar,96.0,mg
2485,Ris grötris rundkornigt okokt,Niacinekvivalenter,Ris risnudlar,2.4,NE/mg
2485,Ris grötris rundkornigt okokt,Niacin,Ris risnudlar,1.3,mg
2485,Ris grötris rundkornigt okokt,"Salt, NaCl",Ris risnudlar,0.0,g
2485,Ris grötris rundkornigt okokt,"Natrium, Na",Ris risnudlar,1.0,mg
2485,Ris grötris rundkornigt okokt,Monosackarider,Ris risnudlar,0.0,g
2485,Ris grötris rundkornigt okokt,"Sockerarter, totalt",Ris risnudlar,0.2,g
2485,Ris grötris rundkornigt okokt,Summa enkelomättade fettsyror,Ris risnudlar,0.3,g
2485,Ris grötris rundkornigt okokt,"Magnesium, Mg",Ris risnudlar,28.0,mg
2485,Ris grötris rundkornigt okokt,Summa mättade fettsyror,Ris risnudlar,0.1,g
2485,Ris grötris rundkornigt okokt,"Kolhydrater, tillgängliga",Ris risnudlar,80.2,g
2485,Ris grötris rundkornigt okokt,Kolesterol,Ris risnudlar,0.0,mg
2485,Ris grötris rundkornigt okokt,"Kalium, K",Ris risnudlar,96.0,mg
2485,Ris grötris rundkornigt okokt,"Jod, I",Ris risnudlar,2.6,µg
2485,Ris grötris rundkornigt okokt,Fullkorn totalt,Ris risnudlar,0.0,g
2485,Ris grötris rundkornigt okokt,"Folat, totalt",Ris risnudlar,9.0,µg
2485,Ris grötris rundkornigt okokt,Fibrer,Ris risnudlar,1.1,g
2485,Ris grötris rundkornigt okokt,"Fett, totalt",Ris risnudlar,0.8,g
2485,Ris grötris rundkornigt okokt,"Järn, Fe",Ris risnudlar,0.2,mg
2485,Ris grötris rundkornigt okokt,Energi (kJ),Ris risnudlar,1511.0,kJ
2485,Ris grötris rundkornigt okokt,Energi (kcal),Ris risnudlar,361.0,kcal
2485,Ris grötris rundkornigt okokt,Disackarider,Ris risnudlar,0.2,g
2485,Ris grötris rundkornigt okokt,"Kalcium, Ca",Ris risnudlar,0.0,mg
2485,Ris grötris rundkornigt okokt,Fettsyra 4:0-10:0,Ris risnudlar,0.0,g
2485,Ris grötris rundkornigt okokt,DHA (C22:6),Ris risnudlar,0.0,g
2485,Ris grötris rundkornigt okokt,DPA (C22:5),Ris risnudlar,0.0,g
2485,Ris grötris rundkornigt okokt,EPA (C20:5),Ris risnudlar,0.0,g
2485,Ris grötris rundkornigt okokt,Arakidonsyra C20:4,Ris risnudlar,0.0,g
2485,Ris grötris rundkornigt okokt,Arakidinsyra C20:0,Ris risnudlar,0.0,g
2485,Ris grötris rundkornigt okokt,Linolensyra C18:3,Ris risnudlar,0.0,g
2485,Ris grötris rundkornigt okokt,Linolsyra C18:2,Ris risnudlar,0.3,g
2485,Ris grötris rundkornigt okokt,Oljesyra C18:1,Ris risnudlar,0.2,g
2485,Ris grötris rundkornigt okokt,Stearinsyra C18:0,Ris risnudlar,0.0,g
2485,Ris grötris rundkornigt okokt,Palmitoljesyra C16:1,Ris risnudlar,0.0,g
2485,Ris grötris rundkornigt okokt,Palmitinsyra C16:0,Ris risnudlar,0.1,g
2485,Ris grötris rundkornigt okokt,Myristinsyra C14:0,Ris risnudlar,0.0,g
2485,Ris grötris rundkornigt okokt,Laurinsyra C12:0,Ris risnudlar,0.0,g
2485,Ris grötris rundkornigt okokt,Betakaroten/β-Karoten,Ris risnudlar,0.0,µg
2485,Ris grötris rundkornigt okokt,Avfall (skal etc.),Ris risnudlar,0.0,%
2485,Ris grötris rundkornigt okokt,Aska,Ris risnudlar,0.5,g
2485,Ris grötris rundkornigt okokt,Alkohol,Ris risnudlar,0.0,g
2490,Bordsmargarin fett 70% berikad typ Becel Gold,"Zink, Zn",Hård matfettsblandning,0.0,mg
2490,Bordsmargarin fett 70% berikad typ Becel Gold,Vitamin E,Hård matfettsblandning,11.0,mg
2490,Bordsmargarin fett 70% berikad typ Becel Gold,Vitamin D,Hård matfettsblandning,20.0,µg
2490,Bordsmargarin fett 70% berikad typ Becel Gold,Vitamin C,Hård matfettsblandning,0.0,mg
2490,Bordsmargarin fett 70% berikad typ Becel Gold,Vitamin B6,Hård matfettsblandning,0.0,mg
2490,Bordsmargarin fett 70% berikad typ Becel Gold,Vitamin B12,Hård matfettsblandning,0.0,µg
2490,Bordsmargarin fett 70% berikad typ Becel Gold,Vitamin A,Hård matfettsblandning,800.0,RE/µg
2490,Bordsmargarin fett 70% berikad typ Becel Gold,Vatten,Hård matfettsblandning,27.8,g
2490,Bordsmargarin fett 70% berikad typ Becel Gold,Tiamin,Hård matfettsblandning,0.0,mg
2490,Bordsmargarin fett 70% berikad typ Becel Gold,Tillsatt socker,Hård matfettsblandning,0.0,g
2490,Bordsmargarin fett 70% berikad typ Becel Gold,Fritt socker,Hård matfettsblandning,0.0,g
2490,Bordsmargarin fett 70% berikad typ Becel Gold,"Selen, Se",Hård matfettsblandning,0.0,µg
2490,Bordsmargarin fett 70% berikad typ Becel Gold,Sackaros,Hård matfettsblandning,0.0,g
2490,Bordsmargarin fett 70% berikad typ Becel Gold,Riboflavin,Hård matfettsblandning,0.0,mg
2490,Bordsmargarin fett 70% berikad typ Becel Gold,Retinol,Hård matfettsblandning,760.0,µg
2490,Bordsmargarin fett 70% berikad typ Becel Gold,Protein,Hård matfettsblandning,0.4,g
2490,Bordsmargarin fett 70% berikad typ Becel Gold,Summa fleromättade fettsyror,Hård matfettsblandning,35.0,g
2490,Bordsmargarin fett 70% berikad typ Becel Gold,"Fosfor, P",Hård matfettsblandning,0.0,mg
2490,Bordsmargarin fett 70% berikad typ Becel Gold,Niacinekvivalenter,Hård matfettsblandning,0.07,NE/mg
2490,Bordsmargarin fett 70% berikad typ Becel Gold,Niacin,Hård matfettsblandning,0.0,mg
2490,Bordsmargarin fett 70% berikad typ Becel Gold,"Salt, NaCl",Hård matfettsblandning,1.2,g
2490,Bordsmargarin fett 70% berikad typ Becel Gold,"Natrium, Na",Hård matfettsblandning,500.0,mg
2490,Bordsmargarin fett 70% berikad typ Becel Gold,Monosackarider,Hård matfettsblandning,0.0,g
2490,Bordsmargarin fett 70% berikad typ Becel Gold,"Sockerarter, totalt",Hård matfettsblandning,0.5,g
2490,Bordsmargarin fett 70% berikad typ Becel Gold,Summa enkelomättade fettsyror,Hård matfettsblandning,16.0,g
2490,Bordsmargarin fett 70% berikad typ Becel Gold,"Magnesium, Mg",Hård matfettsblandning,0.0,mg
2490,Bordsmargarin fett 70% berikad typ Becel Gold,Summa mättade fettsyror,Hård matfettsblandning,19.0,g
2490,Bordsmargarin fett 70% berikad typ Becel Gold,"Kolhydrater, tillgängliga",Hård matfettsblandning,0.5,g
2490,Bordsmargarin fett 70% berikad typ Becel Gold,Kolesterol,Hård matfettsblandning,0.0,mg
2490,Bordsmargarin fett 70% berikad typ Becel Gold,"Kalium, K",Hård matfettsblandning,0.0,mg
2490,Bordsmargarin fett 70% berikad typ Becel Gold,"Jod, I",Hård matfettsblandning,0.5,µg
2490,Bordsmargarin fett 70% berikad typ Becel Gold,Fullkorn totalt,Hård matfettsblandning,0.0,g
2490,Bordsmargarin fett 70% berikad typ Becel Gold,"Folat, totalt",Hård matfettsblandning,0.0,µg
2490,Bordsmargarin fett 70% berikad typ Becel Gold,Fibrer,Hård matfettsblandning,0.0,g
2490,Bordsmargarin fett 70% berikad typ Becel Gold,"Fett, totalt",Hård matfettsblandning,70.0,g
2490,Bordsmargarin fett 70% berikad typ Becel Gold,"Järn, Fe",Hård matfettsblandning,0.0,mg
2490,Bordsmargarin fett 70% berikad typ Becel Gold,Energi (kJ),Hård matfettsblandning,2605.0,kJ
2490,Bordsmargarin fett 70% berikad typ Becel Gold,Energi (kcal),Hård matfettsblandning,623.0,kcal
2490,Bordsmargarin fett 70% berikad typ Becel Gold,Disackarider,Hård matfettsblandning,0.5,g
2490,Bordsmargarin fett 70% berikad typ Becel Gold,"Kalcium, Ca",Hård matfettsblandning,0.0,mg
2490,Bordsmargarin fett 70% berikad typ Becel Gold,Fettsyra 4:0-10:0,Hård matfettsblandning,0.2,g
2490,Bordsmargarin fett 70% berikad typ Becel Gold,DHA (C22:6),Hård matfettsblandning,0.0,g
2490,Bordsmargarin fett 70% berikad typ Becel Gold,DPA (C22:5),Hård matfettsblandning,0.0,g
2490,Bordsmargarin fett 70% berikad typ Becel Gold,EPA (C20:5),Hård matfettsblandning,0.0,g
2490,Bordsmargarin fett 70% berikad typ Becel Gold,Arakidonsyra C20:4,Hård matfettsblandning,0.0,g
2490,Bordsmargarin fett 70% berikad typ Becel Gold,Arakidinsyra C20:0,Hård matfettsblandning,0.0,g
2490,Bordsmargarin fett 70% berikad typ Becel Gold,Linolensyra C18:3,Hård matfettsblandning,6.1,g
2490,Bordsmargarin fett 70% berikad typ Becel Gold,Linolsyra C18:2,Hård matfettsblandning,25.4,g
2490,Bordsmargarin fett 70% berikad typ Becel Gold,Oljesyra C18:1,Hård matfettsblandning,18.8,g
2490,Bordsmargarin fett 70% berikad typ Becel Gold,Stearinsyra C18:0,Hård matfettsblandning,2.4,g
2490,Bordsmargarin fett 70% berikad typ Becel Gold,Palmitoljesyra C16:1,Hård matfettsblandning,0.0,g
2490,Bordsmargarin fett 70% berikad typ Becel Gold,Palmitinsyra C16:0,Hård matfettsblandning,11.1,g
2490,Bordsmargarin fett 70% berikad typ Becel Gold,Myristinsyra C14:0,Hård matfettsblandning,1.2,g
2490,Bordsmargarin fett 70% berikad typ Becel Gold,Laurinsyra C12:0,Hård matfettsblandning,3.2,g
2490,Bordsmargarin fett 70% berikad typ Becel Gold,Betakaroten/β-Karoten,Hård matfettsblandning,480.0,µg
2490,Bordsmargarin fett 70% berikad typ Becel Gold,Avfall (skal etc.),Hård matfettsblandning,0.0,%
2490,Bordsmargarin fett 70% berikad typ Becel Gold,Aska,Hård matfettsblandning,1.2,g
2490,Bordsmargarin fett 70% berikad typ Becel Gold,Alkohol,Hård matfettsblandning,0.0,g
2492,Blandfärs rå nöt 70% gris 30%,"Zink, Zn",Kött färskt fryst tillagat ,4.4,mg
2492,Blandfärs rå nöt 70% gris 30%,Vitamin E,Kött färskt fryst tillagat ,0.6,mg
2492,Blandfärs rå nöt 70% gris 30%,Vitamin D,Kött färskt fryst tillagat ,0.21,µg
2492,Blandfärs rå nöt 70% gris 30%,Vitamin C,Kött färskt fryst tillagat ,0.0,mg
2492,Blandfärs rå nöt 70% gris 30%,Vitamin B6,Kött färskt fryst tillagat ,0.29,mg
2492,Blandfärs rå nöt 70% gris 30%,Vitamin B12,Kött färskt fryst tillagat ,1.26,µg
2492,Blandfärs rå nöt 70% gris 30%,Vitamin A,Kött färskt fryst tillagat ,11.5,RE/µg
2492,Blandfärs rå nöt 70% gris 30%,Vatten,Kött färskt fryst tillagat ,66.3,g
2492,Blandfärs rå nöt 70% gris 30%,Tiamin,Kött färskt fryst tillagat ,0.23,mg
2492,Blandfärs rå nöt 70% gris 30%,Tillsatt socker,Kött färskt fryst tillagat ,0.0,g
2492,Blandfärs rå nöt 70% gris 30%,Fritt socker,Kött färskt fryst tillagat ,0.0,g
2492,Blandfärs rå nöt 70% gris 30%,"Selen, Se",Kött färskt fryst tillagat ,5.6,µg
2492,Blandfärs rå nöt 70% gris 30%,Sackaros,Kött färskt fryst tillagat ,0.0,g
2492,Blandfärs rå nöt 70% gris 30%,Riboflavin,Kött färskt fryst tillagat ,0.2,mg
2492,Blandfärs rå nöt 70% gris 30%,Retinol,Kött färskt fryst tillagat ,9.9,µg
2492,Blandfärs rå nöt 70% gris 30%,Protein,Kött färskt fryst tillagat ,18.8,g
2492,Blandfärs rå nöt 70% gris 30%,Summa fleromättade fettsyror,Kött färskt fryst tillagat ,1.0,g
2492,Blandfärs rå nöt 70% gris 30%,"Fosfor, P",Kött färskt fryst tillagat ,168.0,mg
2492,Blandfärs rå nöt 70% gris 30%,Niacinekvivalenter,Kött färskt fryst tillagat ,7.59,NE/mg
2492,Blandfärs rå nöt 70% gris 30%,Niacin,Kött färskt fryst tillagat ,4.16,mg
2492,Blandfärs rå nöt 70% gris 30%,"Salt, NaCl",Kött färskt fryst tillagat ,0.2,g
2492,Blandfärs rå nöt 70% gris 30%,"Natrium, Na",Kött färskt fryst tillagat ,77.0,mg
2492,Blandfärs rå nöt 70% gris 30%,Monosackarider,Kött färskt fryst tillagat ,0.0,g
2492,Blandfärs rå nöt 70% gris 30%,"Sockerarter, totalt",Kött färskt fryst tillagat ,0.0,g
2492,Blandfärs rå nöt 70% gris 30%,Summa enkelomättade fettsyror,Kött färskt fryst tillagat ,6.1,g
2492,Blandfärs rå nöt 70% gris 30%,"Magnesium, Mg",Kött färskt fryst tillagat ,21.0,mg
2492,Blandfärs rå nöt 70% gris 30%,Summa mättade fettsyror,Kött färskt fryst tillagat ,6.1,g
2492,Blandfärs rå nöt 70% gris 30%,"Kolhydrater, tillgängliga",Kött färskt fryst tillagat ,0.0,g
2492,Blandfärs rå nöt 70% gris 30%,Kolesterol,Kött färskt fryst tillagat ,59.4,mg
2492,Blandfärs rå nöt 70% gris 30%,"Kalium, K",Kött färskt fryst tillagat ,293.0,mg
2492,Blandfärs rå nöt 70% gris 30%,"Jod, I",Kött färskt fryst tillagat ,2.0,µg
2492,Blandfärs rå nöt 70% gris 30%,Fullkorn totalt,Kött färskt fryst tillagat ,0.0,g
2492,Blandfärs rå nöt 70% gris 30%,"Folat, totalt",Kött färskt fryst tillagat ,2.8,µg
2492,Blandfärs rå nöt 70% gris 30%,Fibrer,Kött färskt fryst tillagat ,0.0,g
2492,Blandfärs rå nöt 70% gris 30%,"Fett, totalt",Kött färskt fryst tillagat ,14.1,g
2492,Blandfärs rå nöt 70% gris 30%,"Järn, Fe",Kött färskt fryst tillagat ,1.7,mg
2492,Blandfärs rå nöt 70% gris 30%,Energi (kJ),Kött färskt fryst tillagat ,841.0,kJ
2492,Blandfärs rå nöt 70% gris 30%,Energi (kcal),Kött färskt fryst tillagat ,201.0,kcal
2492,Blandfärs rå nöt 70% gris 30%,Disackarider,Kött färskt fryst tillagat ,0.0,g
2492,Blandfärs rå nöt 70% gris 30%,"Kalcium, Ca",Kött färskt fryst tillagat ,8.0,mg
2492,Blandfärs rå nöt 70% gris 30%,Fettsyra 4:0-10:0,Kött färskt fryst tillagat ,0.0,g
2492,Blandfärs rå nöt 70% gris 30%,DHA (C22:6),Kött färskt fryst tillagat ,0.0,g
2492,Blandfärs rå nöt 70% gris 30%,DPA (C22:5),Kött färskt fryst tillagat ,0.0,g
2492,Blandfärs rå nöt 70% gris 30%,EPA (C20:5),Kött färskt fryst tillagat ,0.0,g
2492,Blandfärs rå nöt 70% gris 30%,Arakidonsyra C20:4,Kött färskt fryst tillagat ,0.0,g
2492,Blandfärs rå nöt 70% gris 30%,Arakidinsyra C20:0,Kött färskt fryst tillagat ,0.0,g
2492,Blandfärs rå nöt 70% gris 30%,Linolensyra C18:3,Kött färskt fryst tillagat ,0.1,g
2492,Blandfärs rå nöt 70% gris 30%,Linolsyra C18:2,Kött färskt fryst tillagat ,0.8,g
2492,Blandfärs rå nöt 70% gris 30%,Oljesyra C18:1,Kött färskt fryst tillagat ,5.3,g
2492,Blandfärs rå nöt 70% gris 30%,Stearinsyra C18:0,Kött färskt fryst tillagat ,2.0,g
2492,Blandfärs rå nöt 70% gris 30%,Palmitoljesyra C16:1,Kött färskt fryst tillagat ,0.5,g
2492,Blandfärs rå nöt 70% gris 30%,Palmitinsyra C16:0,Kött färskt fryst tillagat ,3.4,g
2492,Blandfärs rå nöt 70% gris 30%,Myristinsyra C14:0,Kött färskt fryst tillagat ,0.3,g
2492,Blandfärs rå nöt 70% gris 30%,Laurinsyra C12:0,Kött färskt fryst tillagat ,0.0,g
2492,Blandfärs rå nöt 70% gris 30%,Betakaroten/β-Karoten,Kött färskt fryst tillagat ,20.0,µg
2492,Blandfärs rå nöt 70% gris 30%,Avfall (skal etc.),Kött färskt fryst tillagat ,0.0,%
2492,Blandfärs rå nöt 70% gris 30%,Aska,Kött färskt fryst tillagat ,0.9,g
2492,Blandfärs rå nöt 70% gris 30%,Alkohol,Kött färskt fryst tillagat ,0.0,g
2499,Blandfärs rå nöt 50% gris 50% ,"Zink, Zn",Kött färskt fryst tillagat ,3.9,mg
2499,Blandfärs rå nöt 50% gris 50% ,Vitamin E,Kött färskt fryst tillagat ,0.5,mg
2499,Blandfärs rå nöt 50% gris 50% ,Vitamin D,Kött färskt fryst tillagat ,0.29,µg
2499,Blandfärs rå nöt 50% gris 50% ,Vitamin C,Kött färskt fryst tillagat ,0.0,mg
2499,Blandfärs rå nöt 50% gris 50% ,Vitamin B6,Kött färskt fryst tillagat ,0.31,mg
2499,Blandfärs rå nöt 50% gris 50% ,Vitamin B12,Kött färskt fryst tillagat ,1.08,µg
2499,Blandfärs rå nöt 50% gris 50% ,Vitamin A,Kött färskt fryst tillagat ,10.8,RE/µg
2499,Blandfärs rå nöt 50% gris 50% ,Vatten,Kött färskt fryst tillagat ,65.4,g
2499,Blandfärs rå nöt 50% gris 50% ,Tiamin,Kött färskt fryst tillagat ,0.34,mg
2499,Blandfärs rå nöt 50% gris 50% ,Tillsatt socker,Kött färskt fryst tillagat ,0.0,g
2499,Blandfärs rå nöt 50% gris 50% ,Fritt socker,Kött färskt fryst tillagat ,0.0,g
2499,Blandfärs rå nöt 50% gris 50% ,"Selen, Se",Kött färskt fryst tillagat ,5.6,µg
2499,Blandfärs rå nöt 50% gris 50% ,Sackaros,Kött färskt fryst tillagat ,0.0,g
2499,Blandfärs rå nöt 50% gris 50% ,Riboflavin,Kött färskt fryst tillagat ,0.21,mg
2499,Blandfärs rå nöt 50% gris 50% ,Retinol,Kött färskt fryst tillagat ,9.6,µg
2499,Blandfärs rå nöt 50% gris 50% ,Protein,Kött färskt fryst tillagat ,18.0,g
2499,Blandfärs rå nöt 50% gris 50% ,Summa fleromättade fettsyror,Kött färskt fryst tillagat ,1.4,g
2499,Blandfärs rå nöt 50% gris 50% ,"Fosfor, P",Kött färskt fryst tillagat ,172.0,mg
2499,Blandfärs rå nöt 50% gris 50% ,Niacinekvivalenter,Kött färskt fryst tillagat ,7.31,NE/mg
2499,Blandfärs rå nöt 50% gris 50% ,Niacin,Kött färskt fryst tillagat ,4.03,mg
2499,Blandfärs rå nöt 50% gris 50% ,"Salt, NaCl",Kött färskt fryst tillagat ,0.2,g
2499,Blandfärs rå nöt 50% gris 50% ,"Natrium, Na",Kött färskt fryst tillagat ,72.0,mg
2499,Blandfärs rå nöt 50% gris 50% ,Monosackarider,Kött färskt fryst tillagat ,0.0,g
2499,Blandfärs rå nöt 50% gris 50% ,"Sockerarter, totalt",Kött färskt fryst tillagat ,0.0,g
2499,Blandfärs rå nöt 50% gris 50% ,Summa enkelomättade fettsyror,Kött färskt fryst tillagat ,6.7,g
2499,Blandfärs rå nöt 50% gris 50% ,"Magnesium, Mg",Kött färskt fryst tillagat ,22.0,mg
2499,Blandfärs rå nöt 50% gris 50% ,Summa mättade fettsyror,Kött färskt fryst tillagat ,6.8,g
2499,Blandfärs rå nöt 50% gris 50% ,"Kolhydrater, tillgängliga",Kött färskt fryst tillagat ,0.0,g
2499,Blandfärs rå nöt 50% gris 50% ,Kolesterol,Kött färskt fryst tillagat ,59.0,mg
2499,Blandfärs rå nöt 50% gris 50% ,"Kalium, K",Kött färskt fryst tillagat ,302.0,mg
2499,Blandfärs rå nöt 50% gris 50% ,"Jod, I",Kött färskt fryst tillagat ,1.4,µg
2499,Blandfärs rå nöt 50% gris 50% ,Fullkorn totalt,Kött färskt fryst tillagat ,0.0,g
2499,Blandfärs rå nöt 50% gris 50% ,"Folat, totalt",Kött färskt fryst tillagat ,2.4,µg
2499,Blandfärs rå nöt 50% gris 50% ,Fibrer,Kött färskt fryst tillagat ,0.0,g
2499,Blandfärs rå nöt 50% gris 50% ,"Fett, totalt",Kött färskt fryst tillagat ,15.8,g
2499,Blandfärs rå nöt 50% gris 50% ,"Järn, Fe",Kött färskt fryst tillagat ,1.4,mg
2499,Blandfärs rå nöt 50% gris 50% ,Energi (kJ),Kött färskt fryst tillagat ,890.0,kJ
2499,Blandfärs rå nöt 50% gris 50% ,Energi (kcal),Kött färskt fryst tillagat ,213.0,kcal
2499,Blandfärs rå nöt 50% gris 50% ,Disackarider,Kött färskt fryst tillagat ,0.0,g
2499,Blandfärs rå nöt 50% gris 50% ,"Kalcium, Ca",Kött färskt fryst tillagat ,7.0,mg
2499,Blandfärs rå nöt 50% gris 50% ,Fettsyra 4:0-10:0,Kött färskt fryst tillagat ,0.0,g
2499,Blandfärs rå nöt 50% gris 50% ,DHA (C22:6),Kött färskt fryst tillagat ,0.0,g
2499,Blandfärs rå nöt 50% gris 50% ,DPA (C22:5),Kött färskt fryst tillagat ,0.0,g
2499,Blandfärs rå nöt 50% gris 50% ,EPA (C20:5),Kött färskt fryst tillagat ,0.0,g
2499,Blandfärs rå nöt 50% gris 50% ,Arakidonsyra C20:4,Kött färskt fryst tillagat ,0.0,g
2499,Blandfärs rå nöt 50% gris 50% ,Arakidinsyra C20:0,Kött färskt fryst tillagat ,0.0,g
2499,Blandfärs rå nöt 50% gris 50% ,Linolensyra C18:3,Kött färskt fryst tillagat ,0.1,g
2499,Blandfärs rå nöt 50% gris 50% ,Linolsyra C18:2,Kött färskt fryst tillagat ,1.0,g
2499,Blandfärs rå nöt 50% gris 50% ,Oljesyra C18:1,Kött färskt fryst tillagat ,5.9,g
2499,Blandfärs rå nöt 50% gris 50% ,Stearinsyra C18:0,Kött färskt fryst tillagat ,2.3,g
2499,Blandfärs rå nöt 50% gris 50% ,Palmitoljesyra C16:1,Kött färskt fryst tillagat ,0.6,g
2499,Blandfärs rå nöt 50% gris 50% ,Palmitinsyra C16:0,Kött färskt fryst tillagat ,3.9,g
2499,Blandfärs rå nöt 50% gris 50% ,Myristinsyra C14:0,Kött färskt fryst tillagat ,0.3,g
2499,Blandfärs rå nöt 50% gris 50% ,Laurinsyra C12:0,Kött färskt fryst tillagat ,0.0,g
2499,Blandfärs rå nöt 50% gris 50% ,Betakaroten/β-Karoten,Kött färskt fryst tillagat ,14.0,µg
2499,Blandfärs rå nöt 50% gris 50% ,Avfall (skal etc.),Kött färskt fryst tillagat ,0.0,%
2499,Blandfärs rå nöt 50% gris 50% ,Aska,Kött färskt fryst tillagat ,1.0,g
2499,Blandfärs rå nöt 50% gris 50% ,Alkohol,Kött färskt fryst tillagat ,0.0,g
2506,Kebab m. bröd sallad sås,"Zink, Zn",Köttprodukter kötträtter,1.4,mg
2506,Kebab m. bröd sallad sås,Vitamin E,Köttprodukter kötträtter,0.9,mg
2506,Kebab m. bröd sallad sås,Vitamin D,Köttprodukter kötträtter,0.06,µg
2506,Kebab m. bröd sallad sås,Vitamin C,Köttprodukter kötträtter,2.5,mg
2506,Kebab m. bröd sallad sås,Vitamin B6,Köttprodukter kötträtter,0.13,mg
2506,Kebab m. bröd sallad sås,Vitamin B12,Köttprodukter kötträtter,0.33,µg
2506,Kebab m. bröd sallad sås,Vitamin A,Köttprodukter kötträtter,16.6,RE/µg
2506,Kebab m. bröd sallad sås,Vatten,Köttprodukter kötträtter,58.4,g
2506,Kebab m. bröd sallad sås,Tiamin,Köttprodukter kötträtter,0.07,mg
2506,Kebab m. bröd sallad sås,Tillsatt socker,Köttprodukter kötträtter,1.0,g
2506,Kebab m. bröd sallad sås,Fritt socker,Köttprodukter kötträtter,1.0,g
2506,Kebab m. bröd sallad sås,"Selen, Se",Köttprodukter kötträtter,2.3,µg
2506,Kebab m. bröd sallad sås,Sackaros,Köttprodukter kötträtter,0.3,g
2506,Kebab m. bröd sallad sås,Riboflavin,Köttprodukter kötträtter,0.06,mg
2506,Kebab m. bröd sallad sås,Retinol,Köttprodukter kötträtter,8.5,µg
2506,Kebab m. bröd sallad sås,Protein,Köttprodukter kötträtter,7.8,g
2506,Kebab m. bröd sallad sås,Summa fleromättade fettsyror,Köttprodukter kötträtter,3.0,g
2506,Kebab m. bröd sallad sås,"Fosfor, P",Köttprodukter kötträtter,90.0,mg
2506,Kebab m. bröd sallad sås,Niacinekvivalenter,Köttprodukter kötträtter,2.9,NE/mg
2506,Kebab m. bröd sallad sås,Niacin,Köttprodukter kötträtter,1.5,mg
2506,Kebab m. bröd sallad sås,"Salt, NaCl",Köttprodukter kötträtter,1.4,g
2506,Kebab m. bröd sallad sås,"Natrium, Na",Köttprodukter kötträtter,548.0,mg
2506,Kebab m. bröd sallad sås,Monosackarider,Köttprodukter kötträtter,1.3,g
2506,Kebab m. bröd sallad sås,"Sockerarter, totalt",Köttprodukter kötträtter,2.0,g
2506,Kebab m. bröd sallad sås,Summa enkelomättade fettsyror,Köttprodukter kötträtter,4.2,g
2506,Kebab m. bröd sallad sås,"Magnesium, Mg",Köttprodukter kötträtter,18.0,mg
2506,Kebab m. bröd sallad sås,Summa mättade fettsyror,Köttprodukter kötträtter,3.9,g
2506,Kebab m. bröd sallad sås,"Kolhydrater, tillgängliga",Köttprodukter kötträtter,18.8,g
2506,Kebab m. bröd sallad sås,Kolesterol,Köttprodukter kötträtter,28.2,mg
2506,Kebab m. bröd sallad sås,"Kalium, K",Köttprodukter kötträtter,167.0,mg
2506,Kebab m. bröd sallad sås,"Jod, I",Köttprodukter kötträtter,3.3,µg
2506,Kebab m. bröd sallad sås,Fullkorn totalt,Köttprodukter kötträtter,0.0,g
2506,Kebab m. bröd sallad sås,"Folat, totalt",Köttprodukter kötträtter,12.0,µg
2506,Kebab m. bröd sallad sås,Fibrer,Köttprodukter kötträtter,1.2,g
2506,Kebab m. bröd sallad sås,"Fett, totalt",Köttprodukter kötträtter,12.0,g
2506,Kebab m. bröd sallad sås,"Järn, Fe",Köttprodukter kötträtter,1.0,mg
2506,Kebab m. bröd sallad sås,Energi (kJ),Köttprodukter kötträtter,905.0,kJ
2506,Kebab m. bröd sallad sås,Energi (kcal),Köttprodukter kötträtter,216.0,kcal
2506,Kebab m. bröd sallad sås,Disackarider,Köttprodukter kötträtter,0.7,g
2506,Kebab m. bröd sallad sås,"Kalcium, Ca",Köttprodukter kötträtter,19.0,mg
2506,Kebab m. bröd sallad sås,Fettsyra 4:0-10:0,Köttprodukter kötträtter,0.0,g
2506,Kebab m. bröd sallad sås,DHA (C22:6),Köttprodukter kötträtter,0.0,g
2506,Kebab m. bröd sallad sås,DPA (C22:5),Köttprodukter kötträtter,0.0,g
2506,Kebab m. bröd sallad sås,EPA (C20:5),Köttprodukter kötträtter,0.0,g
2506,Kebab m. bröd sallad sås,Arakidonsyra C20:4,Köttprodukter kötträtter,0.0,g
2506,Kebab m. bröd sallad sås,Arakidinsyra C20:0,Köttprodukter kötträtter,0.0,g
2506,Kebab m. bröd sallad sås,Linolensyra C18:3,Köttprodukter kötträtter,0.4,g
2506,Kebab m. bröd sallad sås,Linolsyra C18:2,Köttprodukter kötträtter,2.6,g
2506,Kebab m. bröd sallad sås,Oljesyra C18:1,Köttprodukter kötträtter,3.8,g
2506,Kebab m. bröd sallad sås,Stearinsyra C18:0,Köttprodukter kötträtter,1.2,g
2506,Kebab m. bröd sallad sås,Palmitoljesyra C16:1,Köttprodukter kötträtter,0.3,g
2506,Kebab m. bröd sallad sås,Palmitinsyra C16:0,Köttprodukter kötträtter,2.3,g
2506,Kebab m. bröd sallad sås,Myristinsyra C14:0,Köttprodukter kötträtter,0.2,g
2506,Kebab m. bröd sallad sås,Laurinsyra C12:0,Köttprodukter kötträtter,0.0,g
2506,Kebab m. bröd sallad sås,Betakaroten/β-Karoten,Köttprodukter kötträtter,97.0,µg
2506,Kebab m. bröd sallad sås,Avfall (skal etc.),Köttprodukter kötträtter,0.0,%
2506,Kebab m. bröd sallad sås,Aska,Köttprodukter kötträtter,1.8,g
2506,Kebab m. bröd sallad sås,Alkohol,Köttprodukter kötträtter,0.0,g
2507,Kebabtallrik m. pommes frites,"Zink, Zn",Köttprodukter kötträtter,1.2,mg
2507,Kebabtallrik m. pommes frites,Vitamin E,Köttprodukter kötträtter,2.4,mg
2507,Kebabtallrik m. pommes frites,Vitamin D,Köttprodukter kötträtter,0.04,µg
2507,Kebabtallrik m. pommes frites,Vitamin C,Köttprodukter kötträtter,3.6,mg
2507,Kebabtallrik m. pommes frites,Vitamin B6,Köttprodukter kötträtter,0.18,mg
2507,Kebabtallrik m. pommes frites,Vitamin B12,Köttprodukter kötträtter,0.25,µg
2507,Kebabtallrik m. pommes frites,Vitamin A,Köttprodukter kötträtter,21.4,RE/µg
2507,Kebabtallrik m. pommes frites,Vatten,Köttprodukter kötträtter,54.5,g
2507,Kebabtallrik m. pommes frites,Tiamin,Köttprodukter kötträtter,0.09,mg
2507,Kebabtallrik m. pommes frites,Tillsatt socker,Köttprodukter kötträtter,0.0,g
2507,Kebabtallrik m. pommes frites,Fritt socker,Köttprodukter kötträtter,0.0,g
2507,Kebabtallrik m. pommes frites,"Selen, Se",Köttprodukter kötträtter,1.7,µg
2507,Kebabtallrik m. pommes frites,Sackaros,Köttprodukter kötträtter,0.2,g
2507,Kebabtallrik m. pommes frites,Riboflavin,Köttprodukter kötträtter,0.06,mg
2507,Kebabtallrik m. pommes frites,Retinol,Köttprodukter kötträtter,13.9,µg
2507,Kebabtallrik m. pommes frites,Protein,Köttprodukter kötträtter,6.4,g
2507,Kebabtallrik m. pommes frites,Summa fleromättade fettsyror,Köttprodukter kötträtter,2.1,g
2507,Kebabtallrik m. pommes frites,"Fosfor, P",Köttprodukter kötträtter,92.0,mg
2507,Kebabtallrik m. pommes frites,Niacinekvivalenter,Köttprodukter kötträtter,3.38,NE/mg
2507,Kebabtallrik m. pommes frites,Niacin,Köttprodukter kötträtter,2.2,mg
2507,Kebabtallrik m. pommes frites,"Salt, NaCl",Köttprodukter kötträtter,1.1,g
2507,Kebabtallrik m. pommes frites,"Natrium, Na",Köttprodukter kötträtter,426.0,mg
2507,Kebabtallrik m. pommes frites,Monosackarider,Köttprodukter kötträtter,0.8,g
2507,Kebabtallrik m. pommes frites,"Sockerarter, totalt",Köttprodukter kötträtter,1.1,g
2507,Kebabtallrik m. pommes frites,Summa enkelomättade fettsyror,Köttprodukter kötträtter,8.9,g
2507,Kebabtallrik m. pommes frites,"Magnesium, Mg",Köttprodukter kötträtter,20.0,mg
2507,Kebabtallrik m. pommes frites,Summa mättade fettsyror,Köttprodukter kötträtter,4.7,g
2507,Kebabtallrik m. pommes frites,"Kolhydrater, tillgängliga",Köttprodukter kötträtter,19.2,g
2507,Kebabtallrik m. pommes frites,Kolesterol,Köttprodukter kötträtter,24.1,mg
2507,Kebabtallrik m. pommes frites,"Kalium, K",Köttprodukter kötträtter,376.0,mg
2507,Kebabtallrik m. pommes frites,"Jod, I",Köttprodukter kötträtter,3.5,µg
2507,Kebabtallrik m. pommes frites,Fullkorn totalt,Köttprodukter kötträtter,0.0,g
2507,Kebabtallrik m. pommes frites,"Folat, totalt",Köttprodukter kötträtter,11.8,µg
2507,Kebabtallrik m. pommes frites,Fibrer,Köttprodukter kötträtter,1.5,g
2507,Kebabtallrik m. pommes frites,"Fett, totalt",Köttprodukter kötträtter,16.6,g
2507,Kebabtallrik m. pommes frites,"Järn, Fe",Köttprodukter kötträtter,1.0,mg
2507,Kebabtallrik m. pommes frites,Energi (kJ),Köttprodukter kötträtter,1062.0,kJ
2507,Kebabtallrik m. pommes frites,Energi (kcal),Köttprodukter kötträtter,254.0,kcal
2507,Kebabtallrik m. pommes frites,Disackarider,Köttprodukter kötträtter,0.4,g
2507,Kebabtallrik m. pommes frites,"Kalcium, Ca",Köttprodukter kötträtter,23.0,mg
2507,Kebabtallrik m. pommes frites,Fettsyra 4:0-10:0,Köttprodukter kötträtter,0.1,g
2507,Kebabtallrik m. pommes frites,DHA (C22:6),Köttprodukter kötträtter,0.0,g
2507,Kebabtallrik m. pommes frites,DPA (C22:5),Köttprodukter kötträtter,0.0,g
2507,Kebabtallrik m. pommes frites,EPA (C20:5),Köttprodukter kötträtter,0.0,g
2507,Kebabtallrik m. pommes frites,Arakidonsyra C20:4,Köttprodukter kötträtter,0.0,g
2507,Kebabtallrik m. pommes frites,Arakidinsyra C20:0,Köttprodukter kötträtter,0.1,g
2507,Kebabtallrik m. pommes frites,Linolensyra C18:3,Köttprodukter kötträtter,0.4,g
2507,Kebabtallrik m. pommes frites,Linolsyra C18:2,Köttprodukter kötträtter,1.3,g
2507,Kebabtallrik m. pommes frites,Oljesyra C18:1,Köttprodukter kötträtter,8.3,g
2507,Kebabtallrik m. pommes frites,Stearinsyra C18:0,Köttprodukter kötträtter,1.4,g
2507,Kebabtallrik m. pommes frites,Palmitoljesyra C16:1,Köttprodukter kötträtter,0.3,g
2507,Kebabtallrik m. pommes frites,Palmitinsyra C16:0,Köttprodukter kötträtter,2.6,g
2507,Kebabtallrik m. pommes frites,Myristinsyra C14:0,Köttprodukter kötträtter,0.3,g
2507,Kebabtallrik m. pommes frites,Laurinsyra C12:0,Köttprodukter kötträtter,0.0,g
2507,Kebabtallrik m. pommes frites,Betakaroten/β-Karoten,Köttprodukter kötträtter,89.0,µg
2507,Kebabtallrik m. pommes frites,Avfall (skal etc.),Köttprodukter kötträtter,0.0,%
2507,Kebabtallrik m. pommes frites,Aska,Köttprodukter kötträtter,1.8,g
2507,Kebabtallrik m. pommes frites,Alkohol,Köttprodukter kötträtter,0.0,g
2508,Korv m. mos ketchup senap bostongurka,"Zink, Zn",Korvrätter,0.3,mg
2508,Korv m. mos ketchup senap bostongurka,Vitamin E,Korvrätter,0.2,mg
2508,Korv m. mos ketchup senap bostongurka,Vitamin D,Korvrätter,0.03,µg
2508,Korv m. mos ketchup senap bostongurka,Vitamin C,Korvrätter,12.0,mg
2508,Korv m. mos ketchup senap bostongurka,Vitamin B6,Korvrätter,0.13,mg
2508,Korv m. mos ketchup senap bostongurka,Vitamin B12,Korvrätter,0.11,µg
2508,Korv m. mos ketchup senap bostongurka,Vitamin A,Korvrätter,4.1,RE/µg
2508,Korv m. mos ketchup senap bostongurka,Vatten,Korvrätter,77.3,g
2508,Korv m. mos ketchup senap bostongurka,Tiamin,Korvrätter,0.07,mg
2508,Korv m. mos ketchup senap bostongurka,Tillsatt socker,Korvrätter,2.0,g
2508,Korv m. mos ketchup senap bostongurka,Fritt socker,Korvrätter,2.0,g
2508,Korv m. mos ketchup senap bostongurka,"Selen, Se",Korvrätter,1.2,µg
2508,Korv m. mos ketchup senap bostongurka,Sackaros,Korvrätter,1.0,g
2508,Korv m. mos ketchup senap bostongurka,Riboflavin,Korvrätter,0.08,mg
2508,Korv m. mos ketchup senap bostongurka,Retinol,Korvrätter,1.0,µg
2508,Korv m. mos ketchup senap bostongurka,Protein,Korvrätter,3.1,g
2508,Korv m. mos ketchup senap bostongurka,Summa fleromättade fettsyror,Korvrätter,0.4,g
2508,Korv m. mos ketchup senap bostongurka,"Fosfor, P",Korvrätter,49.0,mg
2508,Korv m. mos ketchup senap bostongurka,Niacinekvivalenter,Korvrätter,2.01,NE/mg
2508,Korv m. mos ketchup senap bostongurka,Niacin,Korvrätter,1.44,mg
2508,Korv m. mos ketchup senap bostongurka,"Salt, NaCl",Korvrätter,0.9,g
2508,Korv m. mos ketchup senap bostongurka,"Natrium, Na",Korvrätter,362.0,mg
2508,Korv m. mos ketchup senap bostongurka,Monosackarider,Korvrätter,1.2,g
2508,Korv m. mos ketchup senap bostongurka,"Sockerarter, totalt",Korvrätter,2.9,g
2508,Korv m. mos ketchup senap bostongurka,Summa enkelomättade fettsyror,Korvrätter,2.0,g
2508,Korv m. mos ketchup senap bostongurka,"Magnesium, Mg",Korvrätter,16.0,mg
2508,Korv m. mos ketchup senap bostongurka,Summa mättade fettsyror,Korvrätter,1.5,g
2508,Korv m. mos ketchup senap bostongurka,"Kolhydrater, tillgängliga",Korvrätter,12.4,g
2508,Korv m. mos ketchup senap bostongurka,Kolesterol,Korvrätter,7.5,mg
2508,Korv m. mos ketchup senap bostongurka,"Kalium, K",Korvrätter,256.0,mg
2508,Korv m. mos ketchup senap bostongurka,"Jod, I",Korvrätter,3.6,µg
2508,Korv m. mos ketchup senap bostongurka,Fullkorn totalt,Korvrätter,0.0,g
2508,Korv m. mos ketchup senap bostongurka,"Folat, totalt",Korvrätter,11.0,µg
2508,Korv m. mos ketchup senap bostongurka,Fibrer,Korvrätter,1.5,g
2508,Korv m. mos ketchup senap bostongurka,"Fett, totalt",Korvrätter,4.2,g
2508,Korv m. mos ketchup senap bostongurka,"Järn, Fe",Korvrätter,0.3,mg
2508,Korv m. mos ketchup senap bostongurka,Energi (kJ),Korvrätter,431.0,kJ
2508,Korv m. mos ketchup senap bostongurka,Energi (kcal),Korvrätter,103.0,kcal
2508,Korv m. mos ketchup senap bostongurka,Disackarider,Korvrätter,1.6,g
2508,Korv m. mos ketchup senap bostongurka,"Kalcium, Ca",Korvrätter,18.0,mg
2508,Korv m. mos ketchup senap bostongurka,Fettsyra 4:0-10:0,Korvrätter,0.0,g
2508,Korv m. mos ketchup senap bostongurka,DHA (C22:6),Korvrätter,0.0,g
2508,Korv m. mos ketchup senap bostongurka,DPA (C22:5),Korvrätter,0.0,g
2508,Korv m. mos ketchup senap bostongurka,EPA (C20:5),Korvrätter,0.0,g
2508,Korv m. mos ketchup senap bostongurka,Arakidonsyra C20:4,Korvrätter,0.0,g
2508,Korv m. mos ketchup senap bostongurka,Arakidinsyra C20:0,Korvrätter,0.0,g
2508,Korv m. mos ketchup senap bostongurka,Linolensyra C18:3,Korvrätter,0.0,g
2508,Korv m. mos ketchup senap bostongurka,Linolsyra C18:2,Korvrätter,0.4,g
2508,Korv m. mos ketchup senap bostongurka,Oljesyra C18:1,Korvrätter,1.8,g
2508,Korv m. mos ketchup senap bostongurka,Stearinsyra C18:0,Korvrätter,0.5,g
2508,Korv m. mos ketchup senap bostongurka,Palmitoljesyra C16:1,Korvrätter,0.1,g
2508,Korv m. mos ketchup senap bostongurka,Palmitinsyra C16:0,Korvrätter,0.9,g
2508,Korv m. mos ketchup senap bostongurka,Myristinsyra C14:0,Korvrätter,0.1,g
2508,Korv m. mos ketchup senap bostongurka,Laurinsyra C12:0,Korvrätter,0.1,g
2508,Korv m. mos ketchup senap bostongurka,Betakaroten/β-Karoten,Korvrätter,38.0,µg
2508,Korv m. mos ketchup senap bostongurka,Avfall (skal etc.),Korvrätter,2.0,%
2508,Korv m. mos ketchup senap bostongurka,Aska,Korvrätter,1.5,g
2508,Korv m. mos ketchup senap bostongurka,Alkohol,Korvrätter,0.0,g
2509,Korv m. bröd ketchup senap,"Zink, Zn",Korvrätter,0.8,mg
2509,Korv m. bröd ketchup senap,Vitamin E,Korvrätter,0.7,mg
2509,Korv m. bröd ketchup senap,Vitamin D,Korvrätter,0.2,µg
2509,Korv m. bröd ketchup senap,Vitamin C,Korvrätter,0.1,mg
2509,Korv m. bröd ketchup senap,Vitamin B6,Korvrätter,0.11,mg
2509,Korv m. bröd ketchup senap,Vitamin B12,Korvrätter,0.31,µg
2509,Korv m. bröd ketchup senap,Vitamin A,Korvrätter,14.8,RE/µg
2509,Korv m. bröd ketchup senap,Vatten,Korvrätter,50.5,g
2509,Korv m. bröd ketchup senap,Tiamin,Korvrätter,0.19,mg
2509,Korv m. bröd ketchup senap,Tillsatt socker,Korvrätter,3.0,g
2509,Korv m. bröd ketchup senap,Fritt socker,Korvrätter,3.0,g
2509,Korv m. bröd ketchup senap,"Selen, Se",Korvrätter,4.2,µg
2509,Korv m. bröd ketchup senap,Sackaros,Korvrätter,1.3,g
2509,Korv m. bröd ketchup senap,Riboflavin,Korvrätter,0.21,mg
2509,Korv m. bröd ketchup senap,Retinol,Korvrätter,13.1,µg
2509,Korv m. bröd ketchup senap,Protein,Korvrätter,8.5,g
2509,Korv m. bröd ketchup senap,Summa fleromättade fettsyror,Korvrätter,1.7,g
2509,Korv m. bröd ketchup senap,"Fosfor, P",Korvrätter,90.0,mg
2509,Korv m. bröd ketchup senap,Niacinekvivalenter,Korvrätter,3.45,NE/mg
2509,Korv m. bröd ketchup senap,Niacin,Korvrätter,1.94,mg
2509,Korv m. bröd ketchup senap,"Salt, NaCl",Korvrätter,1.5,g
2509,Korv m. bröd ketchup senap,"Natrium, Na",Korvrätter,595.0,mg
2509,Korv m. bröd ketchup senap,Monosackarider,Korvrätter,2.6,g
2509,Korv m. bröd ketchup senap,"Sockerarter, totalt",Korvrätter,4.5,g
2509,Korv m. bröd ketchup senap,Summa enkelomättade fettsyror,Korvrätter,7.0,g
2509,Korv m. bröd ketchup senap,"Magnesium, Mg",Korvrätter,16.0,mg
2509,Korv m. bröd ketchup senap,Summa mättade fettsyror,Korvrätter,4.9,g
2509,Korv m. bröd ketchup senap,"Kolhydrater, tillgängliga",Korvrätter,22.4,g
2509,Korv m. bröd ketchup senap,Kolesterol,Korvrätter,25.0,mg
2509,Korv m. bröd ketchup senap,"Kalium, K",Korvrätter,149.0,mg
2509,Korv m. bröd ketchup senap,"Jod, I",Korvrätter,3.0,µg
2509,Korv m. bröd ketchup senap,Fullkorn totalt,Korvrätter,0.0,g
2509,Korv m. bröd ketchup senap,"Folat, totalt",Korvrätter,13.2,µg
2509,Korv m. bröd ketchup senap,Fibrer,Korvrätter,2.0,g
2509,Korv m. bröd ketchup senap,"Fett, totalt",Korvrätter,14.7,g
2509,Korv m. bröd ketchup senap,"Järn, Fe",Korvrätter,0.7,mg
2509,Korv m. bröd ketchup senap,Energi (kJ),Korvrätter,1084.0,kJ
2509,Korv m. bröd ketchup senap,Energi (kcal),Korvrätter,259.0,kcal
2509,Korv m. bröd ketchup senap,Disackarider,Korvrätter,1.9,g
2509,Korv m. bröd ketchup senap,"Kalcium, Ca",Korvrätter,23.0,mg
2509,Korv m. bröd ketchup senap,Fettsyra 4:0-10:0,Korvrätter,0.0,g
2509,Korv m. bröd ketchup senap,DHA (C22:6),Korvrätter,0.0,g
2509,Korv m. bröd ketchup senap,DPA (C22:5),Korvrätter,0.0,g
2509,Korv m. bröd ketchup senap,EPA (C20:5),Korvrätter,0.0,g
2509,Korv m. bröd ketchup senap,Arakidonsyra C20:4,Korvrätter,0.0,g
2509,Korv m. bröd ketchup senap,Arakidinsyra C20:0,Korvrätter,0.0,g
2509,Korv m. bröd ketchup senap,Linolensyra C18:3,Korvrätter,0.2,g
2509,Korv m. bröd ketchup senap,Linolsyra C18:2,Korvrätter,1.4,g
2509,Korv m. bröd ketchup senap,Oljesyra C18:1,Korvrätter,6.4,g
2509,Korv m. bröd ketchup senap,Stearinsyra C18:0,Korvrätter,1.5,g
2509,Korv m. bröd ketchup senap,Palmitoljesyra C16:1,Korvrätter,0.3,g
2509,Korv m. bröd ketchup senap,Palmitinsyra C16:0,Korvrätter,3.1,g
2509,Korv m. bröd ketchup senap,Myristinsyra C14:0,Korvrätter,0.2,g
2509,Korv m. bröd ketchup senap,Laurinsyra C12:0,Korvrätter,0.0,g
2509,Korv m. bröd ketchup senap,Betakaroten/β-Karoten,Korvrätter,21.0,µg
2509,Korv m. bröd ketchup senap,Avfall (skal etc.),Korvrätter,0.0,%
2509,Korv m. bröd ketchup senap,Aska,Korvrätter,2.0,g
2509,Korv m. bröd ketchup senap,Alkohol,Korvrätter,0.0,g
2510,Hamburgare dubbel m. bröd ost inlagd gurka tillagad på restaurang,"Zink, Zn","Hamburgare med  bröd (kött, fisk, fågel, vegetarisk)",3.3,mg
2510,Hamburgare dubbel m. bröd ost inlagd gurka tillagad på restaurang,Vitamin E,"Hamburgare med  bröd (kött, fisk, fågel, vegetarisk)",0.8,mg
2510,Hamburgare dubbel m. bröd ost inlagd gurka tillagad på restaurang,Vitamin D,"Hamburgare med  bröd (kött, fisk, fågel, vegetarisk)",0.08,µg
2510,Hamburgare dubbel m. bröd ost inlagd gurka tillagad på restaurang,Vitamin C,"Hamburgare med  bröd (kött, fisk, fågel, vegetarisk)",0.2,mg
2510,Hamburgare dubbel m. bröd ost inlagd gurka tillagad på restaurang,Vitamin B6,"Hamburgare med  bröd (kött, fisk, fågel, vegetarisk)",0.1,mg
2510,Hamburgare dubbel m. bröd ost inlagd gurka tillagad på restaurang,Vitamin B12,"Hamburgare med  bröd (kött, fisk, fågel, vegetarisk)",0.91,µg
2510,Hamburgare dubbel m. bröd ost inlagd gurka tillagad på restaurang,Vitamin A,"Hamburgare med  bröd (kött, fisk, fågel, vegetarisk)",53.4,RE/µg
2510,Hamburgare dubbel m. bröd ost inlagd gurka tillagad på restaurang,Vatten,"Hamburgare med  bröd (kött, fisk, fågel, vegetarisk)",50.4,g
2510,Hamburgare dubbel m. bröd ost inlagd gurka tillagad på restaurang,Tiamin,"Hamburgare med  bröd (kött, fisk, fågel, vegetarisk)",0.06,mg
2510,Hamburgare dubbel m. bröd ost inlagd gurka tillagad på restaurang,Tillsatt socker,"Hamburgare med  bröd (kött, fisk, fågel, vegetarisk)",4.0,g
2510,Hamburgare dubbel m. bröd ost inlagd gurka tillagad på restaurang,Fritt socker,"Hamburgare med  bröd (kött, fisk, fågel, vegetarisk)",4.0,g
2510,Hamburgare dubbel m. bröd ost inlagd gurka tillagad på restaurang,"Selen, Se","Hamburgare med  bröd (kött, fisk, fågel, vegetarisk)",5.3,µg
2510,Hamburgare dubbel m. bröd ost inlagd gurka tillagad på restaurang,Sackaros,"Hamburgare med  bröd (kött, fisk, fågel, vegetarisk)",1.0,g
2510,Hamburgare dubbel m. bröd ost inlagd gurka tillagad på restaurang,Riboflavin,"Hamburgare med  bröd (kött, fisk, fågel, vegetarisk)",0.13,mg
2510,Hamburgare dubbel m. bröd ost inlagd gurka tillagad på restaurang,Retinol,"Hamburgare med  bröd (kött, fisk, fågel, vegetarisk)",48.8,µg
2510,Hamburgare dubbel m. bröd ost inlagd gurka tillagad på restaurang,Protein,"Hamburgare med  bröd (kött, fisk, fågel, vegetarisk)",16.8,g
2510,Hamburgare dubbel m. bröd ost inlagd gurka tillagad på restaurang,Summa fleromättade fettsyror,"Hamburgare med  bröd (kött, fisk, fågel, vegetarisk)",1.0,g
2510,Hamburgare dubbel m. bröd ost inlagd gurka tillagad på restaurang,"Fosfor, P","Hamburgare med  bröd (kött, fisk, fågel, vegetarisk)",185.0,mg
2510,Hamburgare dubbel m. bröd ost inlagd gurka tillagad på restaurang,Niacinekvivalenter,"Hamburgare med  bröd (kött, fisk, fågel, vegetarisk)",5.77,NE/mg
2510,Hamburgare dubbel m. bröd ost inlagd gurka tillagad på restaurang,Niacin,"Hamburgare med  bröd (kött, fisk, fågel, vegetarisk)",2.53,mg
2510,Hamburgare dubbel m. bröd ost inlagd gurka tillagad på restaurang,"Salt, NaCl","Hamburgare med  bröd (kött, fisk, fågel, vegetarisk)",1.1,g
2510,Hamburgare dubbel m. bröd ost inlagd gurka tillagad på restaurang,"Natrium, Na","Hamburgare med  bröd (kött, fisk, fågel, vegetarisk)",428.0,mg
2510,Hamburgare dubbel m. bröd ost inlagd gurka tillagad på restaurang,Monosackarider,"Hamburgare med  bröd (kött, fisk, fågel, vegetarisk)",1.9,g
2510,Hamburgare dubbel m. bröd ost inlagd gurka tillagad på restaurang,"Sockerarter, totalt","Hamburgare med  bröd (kött, fisk, fågel, vegetarisk)",3.8,g
2510,Hamburgare dubbel m. bröd ost inlagd gurka tillagad på restaurang,Summa enkelomättade fettsyror,"Hamburgare med  bröd (kött, fisk, fågel, vegetarisk)",5.3,g
2510,Hamburgare dubbel m. bröd ost inlagd gurka tillagad på restaurang,"Magnesium, Mg","Hamburgare med  bröd (kött, fisk, fågel, vegetarisk)",24.0,mg
2510,Hamburgare dubbel m. bröd ost inlagd gurka tillagad på restaurang,Summa mättade fettsyror,"Hamburgare med  bröd (kött, fisk, fågel, vegetarisk)",6.4,g
2510,Hamburgare dubbel m. bröd ost inlagd gurka tillagad på restaurang,"Kolhydrater, tillgängliga","Hamburgare med  bröd (kött, fisk, fågel, vegetarisk)",16.3,g
2510,Hamburgare dubbel m. bröd ost inlagd gurka tillagad på restaurang,Kolesterol,"Hamburgare med  bröd (kött, fisk, fågel, vegetarisk)",41.0,mg
2510,Hamburgare dubbel m. bröd ost inlagd gurka tillagad på restaurang,"Kalium, K","Hamburgare med  bröd (kött, fisk, fågel, vegetarisk)",172.0,mg
2510,Hamburgare dubbel m. bröd ost inlagd gurka tillagad på restaurang,"Jod, I","Hamburgare med  bröd (kött, fisk, fågel, vegetarisk)",26.1,µg
2510,Hamburgare dubbel m. bröd ost inlagd gurka tillagad på restaurang,Fullkorn totalt,"Hamburgare med  bröd (kött, fisk, fågel, vegetarisk)",0.0,g
2510,Hamburgare dubbel m. bröd ost inlagd gurka tillagad på restaurang,"Folat, totalt","Hamburgare med  bröd (kött, fisk, fågel, vegetarisk)",16.3,µg
2510,Hamburgare dubbel m. bröd ost inlagd gurka tillagad på restaurang,Fibrer,"Hamburgare med  bröd (kött, fisk, fågel, vegetarisk)",1.4,g
2510,Hamburgare dubbel m. bröd ost inlagd gurka tillagad på restaurang,"Fett, totalt","Hamburgare med  bröd (kött, fisk, fågel, vegetarisk)",13.9,g
2510,Hamburgare dubbel m. bröd ost inlagd gurka tillagad på restaurang,"Järn, Fe","Hamburgare med  bröd (kött, fisk, fågel, vegetarisk)",1.3,mg
2510,Hamburgare dubbel m. bröd ost inlagd gurka tillagad på restaurang,Energi (kJ),"Hamburgare med  bröd (kött, fisk, fågel, vegetarisk)",1088.0,kJ
2510,Hamburgare dubbel m. bröd ost inlagd gurka tillagad på restaurang,Energi (kcal),"Hamburgare med  bröd (kött, fisk, fågel, vegetarisk)",260.0,kcal
2510,Hamburgare dubbel m. bröd ost inlagd gurka tillagad på restaurang,Disackarider,"Hamburgare med  bröd (kött, fisk, fågel, vegetarisk)",1.9,g
2510,Hamburgare dubbel m. bröd ost inlagd gurka tillagad på restaurang,"Kalcium, Ca","Hamburgare med  bröd (kött, fisk, fågel, vegetarisk)",134.0,mg
2510,Hamburgare dubbel m. bröd ost inlagd gurka tillagad på restaurang,Fettsyra 4:0-10:0,"Hamburgare med  bröd (kött, fisk, fågel, vegetarisk)",0.4,g
2510,Hamburgare dubbel m. bröd ost inlagd gurka tillagad på restaurang,DHA (C22:6),"Hamburgare med  bröd (kött, fisk, fågel, vegetarisk)",0.0,g
2510,Hamburgare dubbel m. bröd ost inlagd gurka tillagad på restaurang,DPA (C22:5),"Hamburgare med  bröd (kött, fisk, fågel, vegetarisk)",0.0,g
2510,Hamburgare dubbel m. bröd ost inlagd gurka tillagad på restaurang,EPA (C20:5),"Hamburgare med  bröd (kött, fisk, fågel, vegetarisk)",0.0,g
2510,Hamburgare dubbel m. bröd ost inlagd gurka tillagad på restaurang,Arakidonsyra C20:4,"Hamburgare med  bröd (kött, fisk, fågel, vegetarisk)",0.0,g
2510,Hamburgare dubbel m. bröd ost inlagd gurka tillagad på restaurang,Arakidinsyra C20:0,"Hamburgare med  bröd (kött, fisk, fågel, vegetarisk)",0.0,g
2510,Hamburgare dubbel m. bröd ost inlagd gurka tillagad på restaurang,Linolensyra C18:3,"Hamburgare med  bröd (kött, fisk, fågel, vegetarisk)",0.2,g
2510,Hamburgare dubbel m. bröd ost inlagd gurka tillagad på restaurang,Linolsyra C18:2,"Hamburgare med  bröd (kött, fisk, fågel, vegetarisk)",0.7,g
2510,Hamburgare dubbel m. bröd ost inlagd gurka tillagad på restaurang,Oljesyra C18:1,"Hamburgare med  bröd (kött, fisk, fågel, vegetarisk)",4.6,g
2510,Hamburgare dubbel m. bröd ost inlagd gurka tillagad på restaurang,Stearinsyra C18:0,"Hamburgare med  bröd (kött, fisk, fågel, vegetarisk)",1.5,g
2510,Hamburgare dubbel m. bröd ost inlagd gurka tillagad på restaurang,Palmitoljesyra C16:1,"Hamburgare med  bröd (kött, fisk, fågel, vegetarisk)",0.4,g
2510,Hamburgare dubbel m. bröd ost inlagd gurka tillagad på restaurang,Palmitinsyra C16:0,"Hamburgare med  bröd (kött, fisk, fågel, vegetarisk)",3.2,g
2510,Hamburgare dubbel m. bröd ost inlagd gurka tillagad på restaurang,Myristinsyra C14:0,"Hamburgare med  bröd (kött, fisk, fågel, vegetarisk)",0.7,g
2510,Hamburgare dubbel m. bröd ost inlagd gurka tillagad på restaurang,Laurinsyra C12:0,"Hamburgare med  bröd (kött, fisk, fågel, vegetarisk)",0.2,g
2510,Hamburgare dubbel m. bröd ost inlagd gurka tillagad på restaurang,Betakaroten/β-Karoten,"Hamburgare med  bröd (kött, fisk, fågel, vegetarisk)",56.0,µg
2510,Hamburgare dubbel m. bröd ost inlagd gurka tillagad på restaurang,Avfall (skal etc.),"Hamburgare med  bröd (kött, fisk, fågel, vegetarisk)",0.0,%
2510,Hamburgare dubbel m. bröd ost inlagd gurka tillagad på restaurang,Aska,"Hamburgare med  bröd (kött, fisk, fågel, vegetarisk)",2.0,g
2510,Hamburgare dubbel m. bröd ost inlagd gurka tillagad på restaurang,Alkohol,"Hamburgare med  bröd (kött, fisk, fågel, vegetarisk)",0.0,g
2511,Hamburgare 90 g m. bröd tillbehör tillagad på restaurang,"Zink, Zn","Hamburgare med  bröd (kött, fisk, fågel, vegetarisk)",2.6,mg
2511,Hamburgare 90 g m. bröd tillbehör tillagad på restaurang,Vitamin E,"Hamburgare med  bröd (kött, fisk, fågel, vegetarisk)",2.0,mg
2511,Hamburgare 90 g m. bröd tillbehör tillagad på restaurang,Vitamin D inkl 25-OH-D3,"Hamburgare med  bröd (kött, fisk, fågel, vegetarisk)",0.34,µg
2511,Hamburgare 90 g m. bröd tillbehör tillagad på restaurang,Vitamin D,"Hamburgare med  bröd (kött, fisk, fågel, vegetarisk)",0.07,µg
2511,Hamburgare 90 g m. bröd tillbehör tillagad på restaurang,Vitamin C,"Hamburgare med  bröd (kött, fisk, fågel, vegetarisk)",1.0,mg
2511,Hamburgare 90 g m. bröd tillbehör tillagad på restaurang,Vitamin B6,"Hamburgare med  bröd (kött, fisk, fågel, vegetarisk)",0.1,mg
2511,Hamburgare 90 g m. bröd tillbehör tillagad på restaurang,Vitamin B12,"Hamburgare med  bröd (kött, fisk, fågel, vegetarisk)",0.56,µg
2511,Hamburgare 90 g m. bröd tillbehör tillagad på restaurang,Vitamin A,"Hamburgare med  bröd (kött, fisk, fågel, vegetarisk)",11.5,RE/µg
2511,Hamburgare 90 g m. bröd tillbehör tillagad på restaurang,Vatten,"Hamburgare med  bröd (kött, fisk, fågel, vegetarisk)",54.1,g
2511,Hamburgare 90 g m. bröd tillbehör tillagad på restaurang,Tiamin,"Hamburgare med  bröd (kött, fisk, fågel, vegetarisk)",0.07,mg
2511,Hamburgare 90 g m. bröd tillbehör tillagad på restaurang,Tillsatt socker,"Hamburgare med  bröd (kött, fisk, fågel, vegetarisk)",3.0,g
2511,Hamburgare 90 g m. bröd tillbehör tillagad på restaurang,Fritt socker,"Hamburgare med  bröd (kött, fisk, fågel, vegetarisk)",3.0,g
2511,Hamburgare 90 g m. bröd tillbehör tillagad på restaurang,"Selen, Se","Hamburgare med  bröd (kött, fisk, fågel, vegetarisk)",3.2,µg
2511,Hamburgare 90 g m. bröd tillbehör tillagad på restaurang,Sackaros,"Hamburgare med  bröd (kött, fisk, fågel, vegetarisk)",0.6,g
2511,Hamburgare 90 g m. bröd tillbehör tillagad på restaurang,Riboflavin,"Hamburgare med  bröd (kött, fisk, fågel, vegetarisk)",0.08,mg
2511,Hamburgare 90 g m. bröd tillbehör tillagad på restaurang,Retinol,"Hamburgare med  bröd (kött, fisk, fågel, vegetarisk)",8.2,µg
2511,Hamburgare 90 g m. bröd tillbehör tillagad på restaurang,Protein,"Hamburgare med  bröd (kött, fisk, fågel, vegetarisk)",11.9,g
2511,Hamburgare 90 g m. bröd tillbehör tillagad på restaurang,Summa fleromättade fettsyror,"Hamburgare med  bröd (kött, fisk, fågel, vegetarisk)",1.9,g
2511,Hamburgare 90 g m. bröd tillbehör tillagad på restaurang,"Fosfor, P","Hamburgare med  bröd (kött, fisk, fågel, vegetarisk)",111.0,mg
2511,Hamburgare 90 g m. bröd tillbehör tillagad på restaurang,Niacinekvivalenter,"Hamburgare med  bröd (kött, fisk, fågel, vegetarisk)",4.46,NE/mg
2511,Hamburgare 90 g m. bröd tillbehör tillagad på restaurang,Niacin,"Hamburgare med  bröd (kött, fisk, fågel, vegetarisk)",2.33,mg
2511,Hamburgare 90 g m. bröd tillbehör tillagad på restaurang,"Salt, NaCl","Hamburgare med  bröd (kött, fisk, fågel, vegetarisk)",0.9,g
2511,Hamburgare 90 g m. bröd tillbehör tillagad på restaurang,"Natrium, Na","Hamburgare med  bröd (kött, fisk, fågel, vegetarisk)",363.0,mg
2511,Hamburgare 90 g m. bröd tillbehör tillagad på restaurang,Monosackarider,"Hamburgare med  bröd (kött, fisk, fågel, vegetarisk)",2.2,g
2511,Hamburgare 90 g m. bröd tillbehör tillagad på restaurang,"Sockerarter, totalt","Hamburgare med  bröd (kött, fisk, fågel, vegetarisk)",3.8,g
2511,Hamburgare 90 g m. bröd tillbehör tillagad på restaurang,Summa enkelomättade fettsyror,"Hamburgare med  bröd (kött, fisk, fågel, vegetarisk)",7.6,g
2511,Hamburgare 90 g m. bröd tillbehör tillagad på restaurang,"Magnesium, Mg","Hamburgare med  bröd (kött, fisk, fågel, vegetarisk)",20.0,mg
2511,Hamburgare 90 g m. bröd tillbehör tillagad på restaurang,Summa mättade fettsyror,"Hamburgare med  bröd (kött, fisk, fågel, vegetarisk)",3.7,g
2511,Hamburgare 90 g m. bröd tillbehör tillagad på restaurang,"Kolhydrater, tillgängliga","Hamburgare med  bröd (kött, fisk, fågel, vegetarisk)",17.5,g
2511,Hamburgare 90 g m. bröd tillbehör tillagad på restaurang,Kolesterol,"Hamburgare med  bröd (kött, fisk, fågel, vegetarisk)",31.7,mg
2511,Hamburgare 90 g m. bröd tillbehör tillagad på restaurang,"Kalium, K","Hamburgare med  bröd (kött, fisk, fågel, vegetarisk)",171.0,mg
2511,Hamburgare 90 g m. bröd tillbehör tillagad på restaurang,"Jod, I","Hamburgare med  bröd (kött, fisk, fågel, vegetarisk)",23.4,µg
2511,Hamburgare 90 g m. bröd tillbehör tillagad på restaurang,Fullkorn totalt,"Hamburgare med  bröd (kött, fisk, fågel, vegetarisk)",0.0,g
2511,Hamburgare 90 g m. bröd tillbehör tillagad på restaurang,"Folat, totalt","Hamburgare med  bröd (kött, fisk, fågel, vegetarisk)",19.0,µg
2511,Hamburgare 90 g m. bröd tillbehör tillagad på restaurang,Fibrer,"Hamburgare med  bröd (kött, fisk, fågel, vegetarisk)",1.5,g
2511,Hamburgare 90 g m. bröd tillbehör tillagad på restaurang,"Fett, totalt","Hamburgare med  bröd (kött, fisk, fågel, vegetarisk)",14.4,g
2511,Hamburgare 90 g m. bröd tillbehör tillagad på restaurang,"Järn, Fe","Hamburgare med  bröd (kött, fisk, fågel, vegetarisk)",1.2,mg
2511,Hamburgare 90 g m. bröd tillbehör tillagad på restaurang,Energi (kJ),"Hamburgare med  bröd (kött, fisk, fågel, vegetarisk)",1042.0,kJ
2511,Hamburgare 90 g m. bröd tillbehör tillagad på restaurang,Energi (kcal),"Hamburgare med  bröd (kött, fisk, fågel, vegetarisk)",249.0,kcal
2511,Hamburgare 90 g m. bröd tillbehör tillagad på restaurang,Disackarider,"Hamburgare med  bröd (kött, fisk, fågel, vegetarisk)",1.6,g
2511,Hamburgare 90 g m. bröd tillbehör tillagad på restaurang,"Kalcium, Ca","Hamburgare med  bröd (kött, fisk, fågel, vegetarisk)",23.0,mg
2511,Hamburgare 90 g m. bröd tillbehör tillagad på restaurang,Fettsyra 4:0-10:0,"Hamburgare med  bröd (kött, fisk, fågel, vegetarisk)",0.0,g
2511,Hamburgare 90 g m. bröd tillbehör tillagad på restaurang,DHA (C22:6),"Hamburgare med  bröd (kött, fisk, fågel, vegetarisk)",0.0,g
2511,Hamburgare 90 g m. bröd tillbehör tillagad på restaurang,DPA (C22:5),"Hamburgare med  bröd (kött, fisk, fågel, vegetarisk)",0.0,g
2511,Hamburgare 90 g m. bröd tillbehör tillagad på restaurang,EPA (C20:5),"Hamburgare med  bröd (kött, fisk, fågel, vegetarisk)",0.0,g
2511,Hamburgare 90 g m. bröd tillbehör tillagad på restaurang,Arakidonsyra C20:4,"Hamburgare med  bröd (kött, fisk, fågel, vegetarisk)",0.0,g
2511,Hamburgare 90 g m. bröd tillbehör tillagad på restaurang,Arakidinsyra C20:0,"Hamburgare med  bröd (kött, fisk, fågel, vegetarisk)",0.0,g
2511,Hamburgare 90 g m. bröd tillbehör tillagad på restaurang,Linolensyra C18:3,"Hamburgare med  bröd (kött, fisk, fågel, vegetarisk)",0.4,g
2511,Hamburgare 90 g m. bröd tillbehör tillagad på restaurang,Linolsyra C18:2,"Hamburgare med  bröd (kött, fisk, fågel, vegetarisk)",1.4,g
2511,Hamburgare 90 g m. bröd tillbehör tillagad på restaurang,Oljesyra C18:1,"Hamburgare med  bröd (kött, fisk, fågel, vegetarisk)",7.0,g
2511,Hamburgare 90 g m. bröd tillbehör tillagad på restaurang,Stearinsyra C18:0,"Hamburgare med  bröd (kött, fisk, fågel, vegetarisk)",1.1,g
2511,Hamburgare 90 g m. bröd tillbehör tillagad på restaurang,Palmitoljesyra C16:1,"Hamburgare med  bröd (kött, fisk, fågel, vegetarisk)",0.3,g
2511,Hamburgare 90 g m. bröd tillbehör tillagad på restaurang,Palmitinsyra C16:0,"Hamburgare med  bröd (kött, fisk, fågel, vegetarisk)",2.1,g
2511,Hamburgare 90 g m. bröd tillbehör tillagad på restaurang,Myristinsyra C14:0,"Hamburgare med  bröd (kött, fisk, fågel, vegetarisk)",0.2,g
2511,Hamburgare 90 g m. bröd tillbehör tillagad på restaurang,Laurinsyra C12:0,"Hamburgare med  bröd (kött, fisk, fågel, vegetarisk)",0.0,g
2511,Hamburgare 90 g m. bröd tillbehör tillagad på restaurang,Betakaroten/β-Karoten,"Hamburgare med  bröd (kött, fisk, fågel, vegetarisk)",40.0,µg
2511,Hamburgare 90 g m. bröd tillbehör tillagad på restaurang,Avfall (skal etc.),"Hamburgare med  bröd (kött, fisk, fågel, vegetarisk)",1.0,%
2511,Hamburgare 90 g m. bröd tillbehör tillagad på restaurang,Aska,"Hamburgare med  bröd (kött, fisk, fågel, vegetarisk)",1.5,g
2511,Hamburgare 90 g m. bröd tillbehör tillagad på restaurang,Alkohol,"Hamburgare med  bröd (kött, fisk, fågel, vegetarisk)",0.0,g
2512,Hamburgare m. bröd ost tillagad på restaurang,"Zink, Zn","Hamburgare med  bröd (kött, fisk, fågel, vegetarisk)",2.6,mg
2512,Hamburgare m. bröd ost tillagad på restaurang,Vitamin E,"Hamburgare med  bröd (kött, fisk, fågel, vegetarisk)",0.9,mg
2512,Hamburgare m. bröd ost tillagad på restaurang,Vitamin D,"Hamburgare med  bröd (kött, fisk, fågel, vegetarisk)",0.06,µg
2512,Hamburgare m. bröd ost tillagad på restaurang,Vitamin C,"Hamburgare med  bröd (kött, fisk, fågel, vegetarisk)",0.2,mg
2512,Hamburgare m. bröd ost tillagad på restaurang,Vitamin B6,"Hamburgare med  bröd (kött, fisk, fågel, vegetarisk)",0.09,mg
2512,Hamburgare m. bröd ost tillagad på restaurang,Vitamin B12,"Hamburgare med  bröd (kött, fisk, fågel, vegetarisk)",0.67,µg
2512,Hamburgare m. bröd ost tillagad på restaurang,Vitamin A,"Hamburgare med  bröd (kött, fisk, fågel, vegetarisk)",39.2,RE/µg
2512,Hamburgare m. bröd ost tillagad på restaurang,Vatten,"Hamburgare med  bröd (kött, fisk, fågel, vegetarisk)",47.9,g
2512,Hamburgare m. bröd ost tillagad på restaurang,Tiamin,"Hamburgare med  bröd (kött, fisk, fågel, vegetarisk)",0.07,mg
2512,Hamburgare m. bröd ost tillagad på restaurang,Tillsatt socker,"Hamburgare med  bröd (kött, fisk, fågel, vegetarisk)",5.0,g
2512,Hamburgare m. bröd ost tillagad på restaurang,Fritt socker,"Hamburgare med  bröd (kött, fisk, fågel, vegetarisk)",5.0,g
2512,Hamburgare m. bröd ost tillagad på restaurang,"Selen, Se","Hamburgare med  bröd (kött, fisk, fågel, vegetarisk)",4.3,µg
2512,Hamburgare m. bröd ost tillagad på restaurang,Sackaros,"Hamburgare med  bröd (kött, fisk, fågel, vegetarisk)",0.9,g
2512,Hamburgare m. bröd ost tillagad på restaurang,Riboflavin,"Hamburgare med  bröd (kött, fisk, fågel, vegetarisk)",0.12,mg
2512,Hamburgare m. bröd ost tillagad på restaurang,Retinol,"Hamburgare med  bröd (kött, fisk, fågel, vegetarisk)",35.4,µg
2512,Hamburgare m. bröd ost tillagad på restaurang,Protein,"Hamburgare med  bröd (kött, fisk, fågel, vegetarisk)",14.2,g
2512,Hamburgare m. bröd ost tillagad på restaurang,Summa fleromättade fettsyror,"Hamburgare med  bröd (kött, fisk, fågel, vegetarisk)",1.1,g
2512,Hamburgare m. bröd ost tillagad på restaurang,"Fosfor, P","Hamburgare med  bröd (kött, fisk, fågel, vegetarisk)",157.0,mg
2512,Hamburgare m. bröd ost tillagad på restaurang,Niacinekvivalenter,"Hamburgare med  bröd (kött, fisk, fågel, vegetarisk)",4.76,NE/mg
2512,Hamburgare m. bröd ost tillagad på restaurang,Niacin,"Hamburgare med  bröd (kött, fisk, fågel, vegetarisk)",2.06,mg
2512,Hamburgare m. bröd ost tillagad på restaurang,"Salt, NaCl","Hamburgare med  bröd (kött, fisk, fågel, vegetarisk)",1.0,g
2512,Hamburgare m. bröd ost tillagad på restaurang,"Natrium, Na","Hamburgare med  bröd (kött, fisk, fågel, vegetarisk)",409.0,mg
2512,Hamburgare m. bröd ost tillagad på restaurang,Monosackarider,"Hamburgare med  bröd (kött, fisk, fågel, vegetarisk)",2.5,g
2512,Hamburgare m. bröd ost tillagad på restaurang,"Sockerarter, totalt","Hamburgare med  bröd (kött, fisk, fågel, vegetarisk)",4.8,g
2512,Hamburgare m. bröd ost tillagad på restaurang,Summa enkelomättade fettsyror,"Hamburgare med  bröd (kött, fisk, fågel, vegetarisk)",4.6,g
2512,Hamburgare m. bröd ost tillagad på restaurang,"Magnesium, Mg","Hamburgare med  bröd (kött, fisk, fågel, vegetarisk)",23.0,mg
2512,Hamburgare m. bröd ost tillagad på restaurang,Summa mättade fettsyror,"Hamburgare med  bröd (kött, fisk, fågel, vegetarisk)",4.8,g
2512,Hamburgare m. bröd ost tillagad på restaurang,"Kolhydrater, tillgängliga","Hamburgare med  bröd (kött, fisk, fågel, vegetarisk)",22.9,g
2512,Hamburgare m. bröd ost tillagad på restaurang,Kolesterol,"Hamburgare med  bröd (kött, fisk, fågel, vegetarisk)",30.3,mg
2512,Hamburgare m. bröd ost tillagad på restaurang,"Kalium, K","Hamburgare med  bröd (kött, fisk, fågel, vegetarisk)",159.0,mg
2512,Hamburgare m. bröd ost tillagad på restaurang,"Jod, I","Hamburgare med  bröd (kött, fisk, fågel, vegetarisk)",19.8,µg
2512,Hamburgare m. bröd ost tillagad på restaurang,Fullkorn totalt,"Hamburgare med  bröd (kött, fisk, fågel, vegetarisk)",0.0,g
2512,Hamburgare m. bröd ost tillagad på restaurang,"Folat, totalt","Hamburgare med  bröd (kött, fisk, fågel, vegetarisk)",18.7,µg
2512,Hamburgare m. bröd ost tillagad på restaurang,Fibrer,"Hamburgare med  bröd (kött, fisk, fågel, vegetarisk)",1.9,g
2512,Hamburgare m. bröd ost tillagad på restaurang,"Fett, totalt","Hamburgare med  bröd (kött, fisk, fågel, vegetarisk)",11.8,g
2512,Hamburgare m. bröd ost tillagad på restaurang,"Järn, Fe","Hamburgare med  bröd (kött, fisk, fågel, vegetarisk)",1.1,mg
2512,Hamburgare m. bröd ost tillagad på restaurang,Energi (kJ),"Hamburgare med  bröd (kött, fisk, fågel, vegetarisk)",1084.0,kJ
2512,Hamburgare m. bröd ost tillagad på restaurang,Energi (kcal),"Hamburgare med  bröd (kött, fisk, fågel, vegetarisk)",259.0,kcal
2512,Hamburgare m. bröd ost tillagad på restaurang,Disackarider,"Hamburgare med  bröd (kött, fisk, fågel, vegetarisk)",2.2,g
2512,Hamburgare m. bröd ost tillagad på restaurang,"Kalcium, Ca","Hamburgare med  bröd (kött, fisk, fågel, vegetarisk)",107.0,mg
2512,Hamburgare m. bröd ost tillagad på restaurang,Fettsyra 4:0-10:0,"Hamburgare med  bröd (kött, fisk, fågel, vegetarisk)",0.3,g
2512,Hamburgare m. bröd ost tillagad på restaurang,DHA (C22:6),"Hamburgare med  bröd (kött, fisk, fågel, vegetarisk)",0.0,g
2512,Hamburgare m. bröd ost tillagad på restaurang,DPA (C22:5),"Hamburgare med  bröd (kött, fisk, fågel, vegetarisk)",0.0,g
2512,Hamburgare m. bröd ost tillagad på restaurang,EPA (C20:5),"Hamburgare med  bröd (kött, fisk, fågel, vegetarisk)",0.0,g
2512,Hamburgare m. bröd ost tillagad på restaurang,Arakidonsyra C20:4,"Hamburgare med  bröd (kött, fisk, fågel, vegetarisk)",0.0,g
2512,Hamburgare m. bröd ost tillagad på restaurang,Arakidinsyra C20:0,"Hamburgare med  bröd (kött, fisk, fågel, vegetarisk)",0.0,g
2512,Hamburgare m. bröd ost tillagad på restaurang,Linolensyra C18:3,"Hamburgare med  bröd (kött, fisk, fågel, vegetarisk)",0.2,g
2512,Hamburgare m. bröd ost tillagad på restaurang,Linolsyra C18:2,"Hamburgare med  bröd (kött, fisk, fågel, vegetarisk)",0.8,g
2512,Hamburgare m. bröd ost tillagad på restaurang,Oljesyra C18:1,"Hamburgare med  bröd (kött, fisk, fågel, vegetarisk)",4.1,g
2512,Hamburgare m. bröd ost tillagad på restaurang,Stearinsyra C18:0,"Hamburgare med  bröd (kött, fisk, fågel, vegetarisk)",1.1,g
2512,Hamburgare m. bröd ost tillagad på restaurang,Palmitoljesyra C16:1,"Hamburgare med  bröd (kött, fisk, fågel, vegetarisk)",0.3,g
2512,Hamburgare m. bröd ost tillagad på restaurang,Palmitinsyra C16:0,"Hamburgare med  bröd (kött, fisk, fågel, vegetarisk)",2.4,g
2512,Hamburgare m. bröd ost tillagad på restaurang,Myristinsyra C14:0,"Hamburgare med  bröd (kött, fisk, fågel, vegetarisk)",0.5,g
2512,Hamburgare m. bröd ost tillagad på restaurang,Laurinsyra C12:0,"Hamburgare med  bröd (kött, fisk, fågel, vegetarisk)",0.1,g
2512,Hamburgare m. bröd ost tillagad på restaurang,Betakaroten/β-Karoten,"Hamburgare med  bröd (kött, fisk, fågel, vegetarisk)",46.0,µg
2512,Hamburgare m. bröd ost tillagad på restaurang,Avfall (skal etc.),"Hamburgare med  bröd (kött, fisk, fågel, vegetarisk)",0.0,%
2512,Hamburgare m. bröd ost tillagad på restaurang,Aska,"Hamburgare med  bröd (kött, fisk, fågel, vegetarisk)",1.8,g
2512,Hamburgare m. bröd ost tillagad på restaurang,Alkohol,"Hamburgare med  bröd (kött, fisk, fågel, vegetarisk)",0.0,g
2513,Ris basmati kokt m. salt,"Zink, Zn",Ris risnudlar,0.5,mg
2513,Ris basmati kokt m. salt,Vitamin E,Ris risnudlar,0.0,mg
2513,Ris basmati kokt m. salt,Vitamin D inkl 25-OH-D3,Ris risnudlar,0.0,µg
2513,Ris basmati kokt m. salt,Vitamin D,Ris risnudlar,0.0,µg
2513,Ris basmati kokt m. salt,Vitamin C,Ris risnudlar,0.0,mg
2513,Ris basmati kokt m. salt,Vitamin B6,Ris risnudlar,0.09,mg
2513,Ris basmati kokt m. salt,Vitamin B12,Ris risnudlar,0.0,µg
2513,Ris basmati kokt m. salt,Vitamin A,Ris risnudlar,0.0,RE/µg
2513,Ris basmati kokt m. salt,Vatten,Ris risnudlar,69.7,g
2513,Ris basmati kokt m. salt,Tiamin,Ris risnudlar,0.03,mg
2513,Ris basmati kokt m. salt,Tillsatt socker,Ris risnudlar,0.0,g
2513,Ris basmati kokt m. salt,Fritt socker,Ris risnudlar,0.0,g
2513,Ris basmati kokt m. salt,"Selen, Se",Ris risnudlar,4.7,µg
2513,Ris basmati kokt m. salt,Sackaros,Ris risnudlar,0.1,g
2513,Ris basmati kokt m. salt,Riboflavin,Ris risnudlar,0.01,mg
2513,Ris basmati kokt m. salt,Retinol,Ris risnudlar,0.0,µg
2513,Ris basmati kokt m. salt,Protein,Ris risnudlar,3.1,g
2513,Ris basmati kokt m. salt,Summa fleromättade fettsyror,Ris risnudlar,0.1,g
2513,Ris basmati kokt m. salt,"Fosfor, P",Ris risnudlar,35.0,mg
2513,Ris basmati kokt m. salt,Niacinekvivalenter,Ris risnudlar,0.95,NE/mg
2513,Ris basmati kokt m. salt,Niacin,Ris risnudlar,0.44,mg
2513,Ris basmati kokt m. salt,"Salt, NaCl",Ris risnudlar,0.6,g
2513,Ris basmati kokt m. salt,"Natrium, Na",Ris risnudlar,220.0,mg
2513,Ris basmati kokt m. salt,Monosackarider,Ris risnudlar,0.0,g
2513,Ris basmati kokt m. salt,"Sockerarter, totalt",Ris risnudlar,0.1,g
2513,Ris basmati kokt m. salt,Summa enkelomättade fettsyror,Ris risnudlar,0.1,g
2513,Ris basmati kokt m. salt,"Magnesium, Mg",Ris risnudlar,9.0,mg
2513,Ris basmati kokt m. salt,Summa mättade fettsyror,Ris risnudlar,0.1,g
2513,Ris basmati kokt m. salt,"Kolhydrater, tillgängliga",Ris risnudlar,25.9,g
2513,Ris basmati kokt m. salt,Kolesterol,Ris risnudlar,0.0,mg
2513,Ris basmati kokt m. salt,"Kalium, K",Ris risnudlar,17.0,mg
2513,Ris basmati kokt m. salt,"Jod, I",Ris risnudlar,28.7,µg
2513,Ris basmati kokt m. salt,Fullkorn totalt,Ris risnudlar,0.0,g
2513,Ris basmati kokt m. salt,"Folat, totalt",Ris risnudlar,1.8,µg
2513,Ris basmati kokt m. salt,Fibrer,Ris risnudlar,0.2,g
2513,Ris basmati kokt m. salt,"Fett, totalt",Ris risnudlar,0.3,g
2513,Ris basmati kokt m. salt,"Järn, Fe",Ris risnudlar,0.1,mg
2513,Ris basmati kokt m. salt,Energi (kJ),Ris risnudlar,507.0,kJ
2513,Ris basmati kokt m. salt,Energi (kcal),Ris risnudlar,121.0,kcal
2513,Ris basmati kokt m. salt,Disackarider,Ris risnudlar,0.1,g
2513,Ris basmati kokt m. salt,"Kalcium, Ca",Ris risnudlar,7.0,mg
2513,Ris basmati kokt m. salt,Fettsyra 4:0-10:0,Ris risnudlar,0.0,g
2513,Ris basmati kokt m. salt,DHA (C22:6),Ris risnudlar,0.0,g
2513,Ris basmati kokt m. salt,DPA (C22:5),Ris risnudlar,0.0,g
2513,Ris basmati kokt m. salt,EPA (C20:5),Ris risnudlar,0.0,g
2513,Ris basmati kokt m. salt,Arakidonsyra C20:4,Ris risnudlar,0.0,g
2513,Ris basmati kokt m. salt,Arakidinsyra C20:0,Ris risnudlar,0.0,g
2513,Ris basmati kokt m. salt,Linolensyra C18:3,Ris risnudlar,0.0,g
2513,Ris basmati kokt m. salt,Linolsyra C18:2,Ris risnudlar,0.1,g
2513,Ris basmati kokt m. salt,Oljesyra C18:1,Ris risnudlar,0.1,g
2513,Ris basmati kokt m. salt,Stearinsyra C18:0,Ris risnudlar,0.0,g
2513,Ris basmati kokt m. salt,Palmitoljesyra C16:1,Ris risnudlar,0.0,g
2513,Ris basmati kokt m. salt,Palmitinsyra C16:0,Ris risnudlar,0.1,g
2513,Ris basmati kokt m. salt,Myristinsyra C14:0,Ris risnudlar,0.0,g
2513,Ris basmati kokt m. salt,Laurinsyra C12:0,Ris risnudlar,0.0,g
2513,Ris basmati kokt m. salt,Betakaroten/β-Karoten,Ris risnudlar,0.0,µg
2513,Ris basmati kokt m. salt,Avfall (skal etc.),Ris risnudlar,0.0,%
2513,Ris basmati kokt m. salt,Aska,Ris risnudlar,0.8,g
2513,Ris basmati kokt m. salt,Alkohol,Ris risnudlar,0.0,g
2514,Ris jasmin kokt m. salt,"Zink, Zn",Ris risnudlar,0.5,mg
2514,Ris jasmin kokt m. salt,Vitamin E,Ris risnudlar,0.0,mg
2514,Ris jasmin kokt m. salt,Vitamin D inkl 25-OH-D3,Ris risnudlar,0.0,µg
2514,Ris jasmin kokt m. salt,Vitamin D,Ris risnudlar,0.0,µg
2514,Ris jasmin kokt m. salt,Vitamin C,Ris risnudlar,0.0,mg
2514,Ris jasmin kokt m. salt,Vitamin B6,Ris risnudlar,0.14,mg
2514,Ris jasmin kokt m. salt,Vitamin B12,Ris risnudlar,0.0,µg
2514,Ris jasmin kokt m. salt,Vitamin A,Ris risnudlar,0.0,RE/µg
2514,Ris jasmin kokt m. salt,Vatten,Ris risnudlar,71.6,g
2514,Ris jasmin kokt m. salt,Tiamin,Ris risnudlar,0.01,mg
2514,Ris jasmin kokt m. salt,Tillsatt socker,Ris risnudlar,0.0,g
2514,Ris jasmin kokt m. salt,Fritt socker,Ris risnudlar,0.0,g
2514,Ris jasmin kokt m. salt,"Selen, Se",Ris risnudlar,0.0,µg
2514,Ris jasmin kokt m. salt,Sackaros,Ris risnudlar,0.0,g
2514,Ris jasmin kokt m. salt,Riboflavin,Ris risnudlar,0.01,mg
2514,Ris jasmin kokt m. salt,Retinol,Ris risnudlar,0.0,µg
2514,Ris jasmin kokt m. salt,Protein,Ris risnudlar,2.4,g
2514,Ris jasmin kokt m. salt,Summa fleromättade fettsyror,Ris risnudlar,0.1,g
2514,Ris jasmin kokt m. salt,"Fosfor, P",Ris risnudlar,22.0,mg
2514,Ris jasmin kokt m. salt,Niacinekvivalenter,Ris risnudlar,0.64,NE/mg
2514,Ris jasmin kokt m. salt,Niacin,Ris risnudlar,0.22,mg
2514,Ris jasmin kokt m. salt,"Salt, NaCl",Ris risnudlar,0.5,g
2514,Ris jasmin kokt m. salt,"Natrium, Na",Ris risnudlar,209.0,mg
2514,Ris jasmin kokt m. salt,Monosackarider,Ris risnudlar,0.0,g
2514,Ris jasmin kokt m. salt,"Sockerarter, totalt",Ris risnudlar,0.1,g
2514,Ris jasmin kokt m. salt,Summa enkelomättade fettsyror,Ris risnudlar,0.1,g
2514,Ris jasmin kokt m. salt,"Magnesium, Mg",Ris risnudlar,3.0,mg
2514,Ris jasmin kokt m. salt,Summa mättade fettsyror,Ris risnudlar,0.0,g
2514,Ris jasmin kokt m. salt,"Kolhydrater, tillgängliga",Ris risnudlar,25.0,g
2514,Ris jasmin kokt m. salt,Kolesterol,Ris risnudlar,0.0,mg
2514,Ris jasmin kokt m. salt,"Kalium, K",Ris risnudlar,12.0,mg
2514,Ris jasmin kokt m. salt,"Jod, I",Ris risnudlar,27.2,µg
2514,Ris jasmin kokt m. salt,Fullkorn totalt,Ris risnudlar,0.0,g
2514,Ris jasmin kokt m. salt,"Folat, totalt",Ris risnudlar,2.1,µg
2514,Ris jasmin kokt m. salt,Fibrer,Ris risnudlar,0.0,g
2514,Ris jasmin kokt m. salt,"Fett, totalt",Ris risnudlar,0.2,g
2514,Ris jasmin kokt m. salt,"Järn, Fe",Ris risnudlar,0.0,mg
2514,Ris jasmin kokt m. salt,Energi (kJ),Ris risnudlar,475.0,kJ
2514,Ris jasmin kokt m. salt,Energi (kcal),Ris risnudlar,113.0,kcal
2514,Ris jasmin kokt m. salt,Disackarider,Ris risnudlar,0.0,g
2514,Ris jasmin kokt m. salt,"Kalcium, Ca",Ris risnudlar,1.0,mg
2514,Ris jasmin kokt m. salt,Fettsyra 4:0-10:0,Ris risnudlar,0.0,g
2514,Ris jasmin kokt m. salt,DHA (C22:6),Ris risnudlar,0.0,g
2514,Ris jasmin kokt m. salt,DPA (C22:5),Ris risnudlar,0.0,g
2514,Ris jasmin kokt m. salt,EPA (C20:5),Ris risnudlar,0.0,g
2514,Ris jasmin kokt m. salt,Arakidonsyra C20:4,Ris risnudlar,0.0,g
2514,Ris jasmin kokt m. salt,Arakidinsyra C20:0,Ris risnudlar,0.0,g
2514,Ris jasmin kokt m. salt,Linolensyra C18:3,Ris risnudlar,0.0,g
2514,Ris jasmin kokt m. salt,Linolsyra C18:2,Ris risnudlar,0.1,g
2514,Ris jasmin kokt m. salt,Oljesyra C18:1,Ris risnudlar,0.1,g
2514,Ris jasmin kokt m. salt,Stearinsyra C18:0,Ris risnudlar,0.0,g
2514,Ris jasmin kokt m. salt,Palmitoljesyra C16:1,Ris risnudlar,0.0,g
2514,Ris jasmin kokt m. salt,Palmitinsyra C16:0,Ris risnudlar,0.0,g
2514,Ris jasmin kokt m. salt,Myristinsyra C14:0,Ris risnudlar,0.0,g
2514,Ris jasmin kokt m. salt,Laurinsyra C12:0,Ris risnudlar,0.0,g
2514,Ris jasmin kokt m. salt,Betakaroten/β-Karoten,Ris risnudlar,0.0,µg
2514,Ris jasmin kokt m. salt,Avfall (skal etc.),Ris risnudlar,0.0,%
2514,Ris jasmin kokt m. salt,Aska,Ris risnudlar,0.7,g
2514,Ris jasmin kokt m. salt,Alkohol,Ris risnudlar,0.0,g
2515,Ris långkornigt kokt m. salt,"Zink, Zn",Ris risnudlar,0.4,mg
2515,Ris långkornigt kokt m. salt,Vitamin E,Ris risnudlar,0.0,mg
2515,Ris långkornigt kokt m. salt,Vitamin D inkl 25-OH-D3,Ris risnudlar,0.0,µg
2515,Ris långkornigt kokt m. salt,Vitamin D,Ris risnudlar,0.0,µg
2515,Ris långkornigt kokt m. salt,Vitamin C,Ris risnudlar,0.0,mg
2515,Ris långkornigt kokt m. salt,Vitamin B6,Ris risnudlar,0.11,mg
2515,Ris långkornigt kokt m. salt,Vitamin B12,Ris risnudlar,0.0,µg
2515,Ris långkornigt kokt m. salt,Vitamin A,Ris risnudlar,0.0,RE/µg
2515,Ris långkornigt kokt m. salt,Vatten,Ris risnudlar,71.6,g
2515,Ris långkornigt kokt m. salt,Tiamin,Ris risnudlar,0.01,mg
2515,Ris långkornigt kokt m. salt,Tillsatt socker,Ris risnudlar,0.0,g
2515,Ris långkornigt kokt m. salt,Fritt socker,Ris risnudlar,0.0,g
2515,Ris långkornigt kokt m. salt,"Selen, Se",Ris risnudlar,0.0,µg
2515,Ris långkornigt kokt m. salt,Sackaros,Ris risnudlar,0.0,g
2515,Ris långkornigt kokt m. salt,Riboflavin,Ris risnudlar,0.01,mg
2515,Ris långkornigt kokt m. salt,Retinol,Ris risnudlar,0.0,µg
2515,Ris långkornigt kokt m. salt,Protein,Ris risnudlar,2.5,g
2515,Ris långkornigt kokt m. salt,Summa fleromättade fettsyror,Ris risnudlar,0.1,g
2515,Ris långkornigt kokt m. salt,"Fosfor, P",Ris risnudlar,43.0,mg
2515,Ris långkornigt kokt m. salt,Niacinekvivalenter,Ris risnudlar,0.58,NE/mg
2515,Ris långkornigt kokt m. salt,Niacin,Ris risnudlar,0.16,mg
2515,Ris långkornigt kokt m. salt,"Salt, NaCl",Ris risnudlar,0.5,g
2515,Ris långkornigt kokt m. salt,"Natrium, Na",Ris risnudlar,209.0,mg
2515,Ris långkornigt kokt m. salt,Monosackarider,Ris risnudlar,0.0,g
2515,Ris långkornigt kokt m. salt,"Sockerarter, totalt",Ris risnudlar,0.0,g
2515,Ris långkornigt kokt m. salt,Summa enkelomättade fettsyror,Ris risnudlar,0.1,g
2515,Ris långkornigt kokt m. salt,"Magnesium, Mg",Ris risnudlar,3.0,mg
2515,Ris långkornigt kokt m. salt,Summa mättade fettsyror,Ris risnudlar,0.0,g
2515,Ris långkornigt kokt m. salt,"Kolhydrater, tillgängliga",Ris risnudlar,24.6,g
2515,Ris långkornigt kokt m. salt,Kolesterol,Ris risnudlar,0.0,mg
2515,Ris långkornigt kokt m. salt,"Kalium, K",Ris risnudlar,11.0,mg
2515,Ris långkornigt kokt m. salt,"Jod, I",Ris risnudlar,27.2,µg
2515,Ris långkornigt kokt m. salt,Fullkorn totalt,Ris risnudlar,0.0,g
2515,Ris långkornigt kokt m. salt,"Folat, totalt",Ris risnudlar,1.7,µg
2515,Ris långkornigt kokt m. salt,Fibrer,Ris risnudlar,0.3,g
2515,Ris långkornigt kokt m. salt,"Fett, totalt",Ris risnudlar,0.2,g
2515,Ris långkornigt kokt m. salt,"Järn, Fe",Ris risnudlar,0.0,mg
2515,Ris långkornigt kokt m. salt,Energi (kJ),Ris risnudlar,472.0,kJ
2515,Ris långkornigt kokt m. salt,Energi (kcal),Ris risnudlar,113.0,kcal
2515,Ris långkornigt kokt m. salt,Disackarider,Ris risnudlar,0.0,g
2515,Ris långkornigt kokt m. salt,"Kalcium, Ca",Ris risnudlar,1.0,mg
2515,Ris långkornigt kokt m. salt,Fettsyra 4:0-10:0,Ris risnudlar,0.0,g
2515,Ris långkornigt kokt m. salt,DHA (C22:6),Ris risnudlar,0.0,g
2515,Ris långkornigt kokt m. salt,DPA (C22:5),Ris risnudlar,0.0,g
2515,Ris långkornigt kokt m. salt,EPA (C20:5),Ris risnudlar,0.0,g
2515,Ris långkornigt kokt m. salt,Arakidonsyra C20:4,Ris risnudlar,0.0,g
2515,Ris långkornigt kokt m. salt,Arakidinsyra C20:0,Ris risnudlar,0.0,g
2515,Ris långkornigt kokt m. salt,Linolensyra C18:3,Ris risnudlar,0.0,g
2515,Ris långkornigt kokt m. salt,Linolsyra C18:2,Ris risnudlar,0.1,g
2515,Ris långkornigt kokt m. salt,Oljesyra C18:1,Ris risnudlar,0.1,g
2515,Ris långkornigt kokt m. salt,Stearinsyra C18:0,Ris risnudlar,0.0,g
2515,Ris långkornigt kokt m. salt,Palmitoljesyra C16:1,Ris risnudlar,0.0,g
2515,Ris långkornigt kokt m. salt,Palmitinsyra C16:0,Ris risnudlar,0.0,g
2515,Ris långkornigt kokt m. salt,Myristinsyra C14:0,Ris risnudlar,0.0,g
2515,Ris långkornigt kokt m. salt,Laurinsyra C12:0,Ris risnudlar,0.0,g
2515,Ris långkornigt kokt m. salt,Betakaroten/β-Karoten,Ris risnudlar,0.0,µg
2515,Ris långkornigt kokt m. salt,Avfall (skal etc.),Ris risnudlar,0.0,%
2515,Ris långkornigt kokt m. salt,Aska,Ris risnudlar,0.7,g
2515,Ris långkornigt kokt m. salt,Alkohol,Ris risnudlar,0.0,g
2516,Ris långkornigt parboiled kokt m. salt,"Zink, Zn",Ris risnudlar,0.3,mg
2516,Ris långkornigt parboiled kokt m. salt,Vitamin E,Ris risnudlar,0.0,mg
2516,Ris långkornigt parboiled kokt m. salt,Vitamin D inkl 25-OH-D3,Ris risnudlar,0.0,µg
2516,Ris långkornigt parboiled kokt m. salt,Vitamin D,Ris risnudlar,0.0,µg
2516,Ris långkornigt parboiled kokt m. salt,Vitamin C,Ris risnudlar,0.0,mg
2516,Ris långkornigt parboiled kokt m. salt,Vitamin B6,Ris risnudlar,0.11,mg
2516,Ris långkornigt parboiled kokt m. salt,Vitamin B12,Ris risnudlar,0.0,µg
2516,Ris långkornigt parboiled kokt m. salt,Vitamin A,Ris risnudlar,0.0,RE/µg
2516,Ris långkornigt parboiled kokt m. salt,Vatten,Ris risnudlar,67.6,g
2516,Ris långkornigt parboiled kokt m. salt,Tiamin,Ris risnudlar,0.06,mg
2516,Ris långkornigt parboiled kokt m. salt,Tillsatt socker,Ris risnudlar,0.0,g
2516,Ris långkornigt parboiled kokt m. salt,Fritt socker,Ris risnudlar,0.0,g
2516,Ris långkornigt parboiled kokt m. salt,"Selen, Se",Ris risnudlar,2.5,µg
2516,Ris långkornigt parboiled kokt m. salt,Sackaros,Ris risnudlar,0.1,g
2516,Ris långkornigt parboiled kokt m. salt,Riboflavin,Ris risnudlar,0.01,mg
2516,Ris långkornigt parboiled kokt m. salt,Retinol,Ris risnudlar,0.0,µg
2516,Ris långkornigt parboiled kokt m. salt,Protein,Ris risnudlar,2.8,g
2516,Ris långkornigt parboiled kokt m. salt,Summa fleromättade fettsyror,Ris risnudlar,0.1,g
2516,Ris långkornigt parboiled kokt m. salt,"Fosfor, P",Ris risnudlar,65.0,mg
2516,Ris långkornigt parboiled kokt m. salt,Niacinekvivalenter,Ris risnudlar,2.14,NE/mg
2516,Ris långkornigt parboiled kokt m. salt,Niacin,Ris risnudlar,1.68,mg
2516,Ris långkornigt parboiled kokt m. salt,"Salt, NaCl",Ris risnudlar,0.6,g
2516,Ris långkornigt parboiled kokt m. salt,"Natrium, Na",Ris risnudlar,233.0,mg
2516,Ris långkornigt parboiled kokt m. salt,Monosackarider,Ris risnudlar,0.0,g
2516,Ris långkornigt parboiled kokt m. salt,"Sockerarter, totalt",Ris risnudlar,0.2,g
2516,Ris långkornigt parboiled kokt m. salt,Summa enkelomättade fettsyror,Ris risnudlar,0.1,g
2516,Ris långkornigt parboiled kokt m. salt,"Magnesium, Mg",Ris risnudlar,14.0,mg
2516,Ris långkornigt parboiled kokt m. salt,Summa mättade fettsyror,Ris risnudlar,0.1,g
2516,Ris långkornigt parboiled kokt m. salt,"Kolhydrater, tillgängliga",Ris risnudlar,27.9,g
2516,Ris långkornigt parboiled kokt m. salt,Kolesterol,Ris risnudlar,0.0,mg
2516,Ris långkornigt parboiled kokt m. salt,"Kalium, K",Ris risnudlar,39.0,mg
2516,Ris långkornigt parboiled kokt m. salt,"Jod, I",Ris risnudlar,30.4,µg
2516,Ris långkornigt parboiled kokt m. salt,Fullkorn totalt,Ris risnudlar,0.0,g
2516,Ris långkornigt parboiled kokt m. salt,"Folat, totalt",Ris risnudlar,1.7,µg
2516,Ris långkornigt parboiled kokt m. salt,Fibrer,Ris risnudlar,0.5,g
2516,Ris långkornigt parboiled kokt m. salt,"Fett, totalt",Ris risnudlar,0.4,g
2516,Ris långkornigt parboiled kokt m. salt,"Järn, Fe",Ris risnudlar,0.5,mg
2516,Ris långkornigt parboiled kokt m. salt,Energi (kJ),Ris risnudlar,540.0,kJ
2516,Ris långkornigt parboiled kokt m. salt,Energi (kcal),Ris risnudlar,129.0,kcal
2516,Ris långkornigt parboiled kokt m. salt,Disackarider,Ris risnudlar,0.2,g
2516,Ris långkornigt parboiled kokt m. salt,"Kalcium, Ca",Ris risnudlar,64.0,mg
2516,Ris långkornigt parboiled kokt m. salt,Fettsyra 4:0-10:0,Ris risnudlar,0.0,g
2516,Ris långkornigt parboiled kokt m. salt,DHA (C22:6),Ris risnudlar,0.0,g
2516,Ris långkornigt parboiled kokt m. salt,DPA (C22:5),Ris risnudlar,0.0,g
2516,Ris långkornigt parboiled kokt m. salt,EPA (C20:5),Ris risnudlar,0.0,g
2516,Ris långkornigt parboiled kokt m. salt,Arakidonsyra C20:4,Ris risnudlar,0.0,g
2516,Ris långkornigt parboiled kokt m. salt,Arakidinsyra C20:0,Ris risnudlar,0.0,g
2516,Ris långkornigt parboiled kokt m. salt,Linolensyra C18:3,Ris risnudlar,0.0,g
2516,Ris långkornigt parboiled kokt m. salt,Linolsyra C18:2,Ris risnudlar,0.1,g
2516,Ris långkornigt parboiled kokt m. salt,Oljesyra C18:1,Ris risnudlar,0.1,g
2516,Ris långkornigt parboiled kokt m. salt,Stearinsyra C18:0,Ris risnudlar,0.0,g
2516,Ris långkornigt parboiled kokt m. salt,Palmitoljesyra C16:1,Ris risnudlar,0.0,g
2516,Ris långkornigt parboiled kokt m. salt,Palmitinsyra C16:0,Ris risnudlar,0.1,g
2516,Ris långkornigt parboiled kokt m. salt,Myristinsyra C14:0,Ris risnudlar,0.0,g
2516,Ris långkornigt parboiled kokt m. salt,Laurinsyra C12:0,Ris risnudlar,0.0,g
2516,Ris långkornigt parboiled kokt m. salt,Betakaroten/β-Karoten,Ris risnudlar,0.0,µg
2516,Ris långkornigt parboiled kokt m. salt,Avfall (skal etc.),Ris risnudlar,0.0,%
2516,Ris långkornigt parboiled kokt m. salt,Aska,Ris risnudlar,0.8,g
2516,Ris långkornigt parboiled kokt m. salt,Alkohol,Ris risnudlar,0.0,g
2517,Ris råris långkornigt kokt m. salt fullkorn,"Zink, Zn",Ris risnudlar,0.8,mg
2517,Ris råris långkornigt kokt m. salt fullkorn,Vitamin E,Ris risnudlar,0.0,mg
2517,Ris råris långkornigt kokt m. salt fullkorn,Vitamin D inkl 25-OH-D3,Ris risnudlar,0.0,µg
2517,Ris råris långkornigt kokt m. salt fullkorn,Vitamin D,Ris risnudlar,0.0,µg
2517,Ris råris långkornigt kokt m. salt fullkorn,Vitamin C,Ris risnudlar,0.0,mg
2517,Ris råris långkornigt kokt m. salt fullkorn,Vitamin B6,Ris risnudlar,0.14,mg
2517,Ris råris långkornigt kokt m. salt fullkorn,Vitamin B12,Ris risnudlar,0.0,µg
2517,Ris råris långkornigt kokt m. salt fullkorn,Vitamin A,Ris risnudlar,0.0,RE/µg
2517,Ris råris långkornigt kokt m. salt fullkorn,Vatten,Ris risnudlar,65.2,g
2517,Ris råris långkornigt kokt m. salt fullkorn,Tiamin,Ris risnudlar,0.1,mg
2517,Ris råris långkornigt kokt m. salt fullkorn,Tillsatt socker,Ris risnudlar,0.0,g
2517,Ris råris långkornigt kokt m. salt fullkorn,Fritt socker,Ris risnudlar,0.0,g
2517,Ris råris långkornigt kokt m. salt fullkorn,"Selen, Se",Ris risnudlar,5.3,µg
2517,Ris råris långkornigt kokt m. salt fullkorn,Sackaros,Ris risnudlar,0.2,g
2517,Ris råris långkornigt kokt m. salt fullkorn,Riboflavin,Ris risnudlar,0.01,mg
2517,Ris råris långkornigt kokt m. salt fullkorn,Retinol,Ris risnudlar,0.0,µg
2517,Ris råris långkornigt kokt m. salt fullkorn,Protein,Ris risnudlar,3.6,g
2517,Ris råris långkornigt kokt m. salt fullkorn,Summa fleromättade fettsyror,Ris risnudlar,0.4,g
2517,Ris råris långkornigt kokt m. salt fullkorn,"Fosfor, P",Ris risnudlar,107.0,mg
2517,Ris råris långkornigt kokt m. salt fullkorn,Niacinekvivalenter,Ris risnudlar,2.65,NE/mg
2517,Ris råris långkornigt kokt m. salt fullkorn,Niacin,Ris risnudlar,2.05,mg
2517,Ris råris långkornigt kokt m. salt fullkorn,"Salt, NaCl",Ris risnudlar,0.7,g
2517,Ris råris långkornigt kokt m. salt fullkorn,"Natrium, Na",Ris risnudlar,264.0,mg
2517,Ris råris långkornigt kokt m. salt fullkorn,Monosackarider,Ris risnudlar,0.0,g
2517,Ris råris långkornigt kokt m. salt fullkorn,"Sockerarter, totalt",Ris risnudlar,0.2,g
2517,Ris råris långkornigt kokt m. salt fullkorn,Summa enkelomättade fettsyror,Ris risnudlar,0.4,g
2517,Ris råris långkornigt kokt m. salt fullkorn,"Magnesium, Mg",Ris risnudlar,44.0,mg
2517,Ris råris långkornigt kokt m. salt fullkorn,Summa mättade fettsyror,Ris risnudlar,0.2,g
2517,Ris råris långkornigt kokt m. salt fullkorn,"Kolhydrater, tillgängliga",Ris risnudlar,27.3,g
2517,Ris råris långkornigt kokt m. salt fullkorn,Kolesterol,Ris risnudlar,0.0,mg
2517,Ris råris långkornigt kokt m. salt fullkorn,"Kalium, K",Ris risnudlar,48.0,mg
2517,Ris råris långkornigt kokt m. salt fullkorn,"Jod, I",Ris risnudlar,34.9,µg
2517,Ris råris långkornigt kokt m. salt fullkorn,Fullkorn totalt,Ris risnudlar,38.0,g
2517,Ris råris långkornigt kokt m. salt fullkorn,"Folat, totalt",Ris risnudlar,3.2,µg
2517,Ris råris långkornigt kokt m. salt fullkorn,Fibrer,Ris risnudlar,1.6,g
2517,Ris råris långkornigt kokt m. salt fullkorn,"Fett, totalt",Ris risnudlar,1.1,g
2517,Ris råris långkornigt kokt m. salt fullkorn,"Järn, Fe",Ris risnudlar,0.5,mg
2517,Ris råris långkornigt kokt m. salt fullkorn,Energi (kJ),Ris risnudlar,579.0,kJ
2517,Ris råris långkornigt kokt m. salt fullkorn,Energi (kcal),Ris risnudlar,138.0,kcal
2517,Ris råris långkornigt kokt m. salt fullkorn,Disackarider,Ris risnudlar,0.2,g
2517,Ris råris långkornigt kokt m. salt fullkorn,"Kalcium, Ca",Ris risnudlar,5.0,mg
2517,Ris råris långkornigt kokt m. salt fullkorn,Fettsyra 4:0-10:0,Ris risnudlar,0.0,g
2517,Ris råris långkornigt kokt m. salt fullkorn,DHA (C22:6),Ris risnudlar,0.0,g
2517,Ris råris långkornigt kokt m. salt fullkorn,DPA (C22:5),Ris risnudlar,0.0,g
2517,Ris råris långkornigt kokt m. salt fullkorn,EPA (C20:5),Ris risnudlar,0.0,g
2517,Ris råris långkornigt kokt m. salt fullkorn,Arakidonsyra C20:4,Ris risnudlar,0.0,g
2517,Ris råris långkornigt kokt m. salt fullkorn,Arakidinsyra C20:0,Ris risnudlar,0.0,g
2517,Ris råris långkornigt kokt m. salt fullkorn,Linolensyra C18:3,Ris risnudlar,0.0,g
2517,Ris råris långkornigt kokt m. salt fullkorn,Linolsyra C18:2,Ris risnudlar,0.4,g
2517,Ris råris långkornigt kokt m. salt fullkorn,Oljesyra C18:1,Ris risnudlar,0.4,g
2517,Ris råris långkornigt kokt m. salt fullkorn,Stearinsyra C18:0,Ris risnudlar,0.0,g
2517,Ris råris långkornigt kokt m. salt fullkorn,Palmitoljesyra C16:1,Ris risnudlar,0.0,g
2517,Ris råris långkornigt kokt m. salt fullkorn,Palmitinsyra C16:0,Ris risnudlar,0.2,g
2517,Ris råris långkornigt kokt m. salt fullkorn,Myristinsyra C14:0,Ris risnudlar,0.0,g
2517,Ris råris långkornigt kokt m. salt fullkorn,Laurinsyra C12:0,Ris risnudlar,0.0,g
2517,Ris råris långkornigt kokt m. salt fullkorn,Betakaroten/β-Karoten,Ris risnudlar,0.0,µg
2517,Ris råris långkornigt kokt m. salt fullkorn,Avfall (skal etc.),Ris risnudlar,0.0,%
2517,Ris råris långkornigt kokt m. salt fullkorn,Aska,Ris risnudlar,1.2,g
2517,Ris råris långkornigt kokt m. salt fullkorn,Alkohol,Ris risnudlar,0.0,g
2518,Ris snabbris kokt salt 1%,"Zink, Zn",Ris risnudlar,0.4,mg
2518,Ris snabbris kokt salt 1%,Vitamin E,Ris risnudlar,0.0,mg
2518,Ris snabbris kokt salt 1%,Vitamin D inkl 25-OH-D3,Ris risnudlar,0.0,µg
2518,Ris snabbris kokt salt 1%,Vitamin D,Ris risnudlar,0.0,µg
2518,Ris snabbris kokt salt 1%,Vitamin C,Ris risnudlar,0.0,mg
2518,Ris snabbris kokt salt 1%,Vitamin B6,Ris risnudlar,0.06,mg
2518,Ris snabbris kokt salt 1%,Vitamin B12,Ris risnudlar,0.0,µg
2518,Ris snabbris kokt salt 1%,Vitamin A,Ris risnudlar,0.0,RE/µg
2518,Ris snabbris kokt salt 1%,Vatten,Ris risnudlar,74.2,g
2518,Ris snabbris kokt salt 1%,Tiamin,Ris risnudlar,0.01,mg
2518,Ris snabbris kokt salt 1%,Tillsatt socker,Ris risnudlar,0.0,g
2518,Ris snabbris kokt salt 1%,Fritt socker,Ris risnudlar,0.0,g
2518,Ris snabbris kokt salt 1%,"Selen, Se",Ris risnudlar,3.7,µg
2518,Ris snabbris kokt salt 1%,Sackaros,Ris risnudlar,0.0,g
2518,Ris snabbris kokt salt 1%,Riboflavin,Ris risnudlar,0.0,mg
2518,Ris snabbris kokt salt 1%,Retinol,Ris risnudlar,0.0,µg
2518,Ris snabbris kokt salt 1%,Protein,Ris risnudlar,2.3,g
2518,Ris snabbris kokt salt 1%,Summa fleromättade fettsyror,Ris risnudlar,0.0,g
2518,Ris snabbris kokt salt 1%,"Fosfor, P",Ris risnudlar,40.0,mg
2518,Ris snabbris kokt salt 1%,Niacinekvivalenter,Ris risnudlar,0.6,NE/mg
2518,Ris snabbris kokt salt 1%,Niacin,Ris risnudlar,0.23,mg
2518,Ris snabbris kokt salt 1%,"Salt, NaCl",Ris risnudlar,0.2,g
2518,Ris snabbris kokt salt 1%,"Natrium, Na",Ris risnudlar,80.0,mg
2518,Ris snabbris kokt salt 1%,Monosackarider,Ris risnudlar,0.0,g
2518,Ris snabbris kokt salt 1%,"Sockerarter, totalt",Ris risnudlar,0.0,g
2518,Ris snabbris kokt salt 1%,Summa enkelomättade fettsyror,Ris risnudlar,0.0,g
2518,Ris snabbris kokt salt 1%,"Magnesium, Mg",Ris risnudlar,4.0,mg
2518,Ris snabbris kokt salt 1%,Summa mättade fettsyror,Ris risnudlar,0.0,g
2518,Ris snabbris kokt salt 1%,"Kolhydrater, tillgängliga",Ris risnudlar,22.8,g
2518,Ris snabbris kokt salt 1%,Kolesterol,Ris risnudlar,0.0,mg
2518,Ris snabbris kokt salt 1%,"Kalium, K",Ris risnudlar,9.0,mg
2518,Ris snabbris kokt salt 1%,"Jod, I",Ris risnudlar,0.6,µg
2518,Ris snabbris kokt salt 1%,Fullkorn totalt,Ris risnudlar,0.0,g
2518,Ris snabbris kokt salt 1%,"Folat, totalt",Ris risnudlar,0.9,µg
2518,Ris snabbris kokt salt 1%,Fibrer,Ris risnudlar,0.4,g
2518,Ris snabbris kokt salt 1%,"Fett, totalt",Ris risnudlar,0.1,g
2518,Ris snabbris kokt salt 1%,"Järn, Fe",Ris risnudlar,0.0,mg
2518,Ris snabbris kokt salt 1%,Energi (kJ),Ris risnudlar,432.0,kJ
2518,Ris snabbris kokt salt 1%,Energi (kcal),Ris risnudlar,103.0,kcal
2518,Ris snabbris kokt salt 1%,Disackarider,Ris risnudlar,0.0,g
2518,Ris snabbris kokt salt 1%,"Kalcium, Ca",Ris risnudlar,3.0,mg
2518,Ris snabbris kokt salt 1%,Fettsyra 4:0-10:0,Ris risnudlar,0.0,g
2518,Ris snabbris kokt salt 1%,DHA (C22:6),Ris risnudlar,0.0,g
2518,Ris snabbris kokt salt 1%,DPA (C22:5),Ris risnudlar,0.0,g
2518,Ris snabbris kokt salt 1%,EPA (C20:5),Ris risnudlar,0.0,g
2518,Ris snabbris kokt salt 1%,Arakidonsyra C20:4,Ris risnudlar,0.0,g
2518,Ris snabbris kokt salt 1%,Arakidinsyra C20:0,Ris risnudlar,0.0,g
2518,Ris snabbris kokt salt 1%,Linolensyra C18:3,Ris risnudlar,0.0,g
2518,Ris snabbris kokt salt 1%,Linolsyra C18:2,Ris risnudlar,0.0,g
2518,Ris snabbris kokt salt 1%,Oljesyra C18:1,Ris risnudlar,0.0,g
2518,Ris snabbris kokt salt 1%,Stearinsyra C18:0,Ris risnudlar,0.0,g
2518,Ris snabbris kokt salt 1%,Palmitoljesyra C16:1,Ris risnudlar,0.0,g
2518,Ris snabbris kokt salt 1%,Palmitinsyra C16:0,Ris risnudlar,0.0,g
2518,Ris snabbris kokt salt 1%,Myristinsyra C14:0,Ris risnudlar,0.0,g
2518,Ris snabbris kokt salt 1%,Laurinsyra C12:0,Ris risnudlar,0.0,g
2518,Ris snabbris kokt salt 1%,Betakaroten/β-Karoten,Ris risnudlar,0.0,µg
2518,Ris snabbris kokt salt 1%,Avfall (skal etc.),Ris risnudlar,0.0,%
2518,Ris snabbris kokt salt 1%,Aska,Ris risnudlar,0.2,g
2518,Ris snabbris kokt salt 1%,Alkohol,Ris risnudlar,0.0,g
2519,Ris snabbris kokt m. salt,"Zink, Zn",Ris risnudlar,0.2,mg
2519,Ris snabbris kokt m. salt,Vitamin E,Ris risnudlar,0.0,mg
2519,Ris snabbris kokt m. salt,Vitamin D inkl 25-OH-D3,Ris risnudlar,0.0,µg
2519,Ris snabbris kokt m. salt,Vitamin D,Ris risnudlar,0.0,µg
2519,Ris snabbris kokt m. salt,Vitamin C,Ris risnudlar,0.0,mg
2519,Ris snabbris kokt m. salt,Vitamin B6,Ris risnudlar,0.08,mg
2519,Ris snabbris kokt m. salt,Vitamin B12,Ris risnudlar,0.0,µg
2519,Ris snabbris kokt m. salt,Vitamin A,Ris risnudlar,0.0,RE/µg
2519,Ris snabbris kokt m. salt,Vatten,Ris risnudlar,71.2,g
2519,Ris snabbris kokt m. salt,Tiamin,Ris risnudlar,0.05,mg
2519,Ris snabbris kokt m. salt,Tillsatt socker,Ris risnudlar,0.0,g
2519,Ris snabbris kokt m. salt,Fritt socker,Ris risnudlar,0.0,g
2519,Ris snabbris kokt m. salt,"Selen, Se",Ris risnudlar,0.0,µg
2519,Ris snabbris kokt m. salt,Sackaros,Ris risnudlar,0.2,g
2519,Ris snabbris kokt m. salt,Riboflavin,Ris risnudlar,0.0,mg
2519,Ris snabbris kokt m. salt,Retinol,Ris risnudlar,0.0,µg
2519,Ris snabbris kokt m. salt,Protein,Ris risnudlar,2.6,g
2519,Ris snabbris kokt m. salt,Summa fleromättade fettsyror,Ris risnudlar,0.1,g
2519,Ris snabbris kokt m. salt,"Fosfor, P",Ris risnudlar,51.0,mg
2519,Ris snabbris kokt m. salt,Niacinekvivalenter,Ris risnudlar,1.65,NE/mg
2519,Ris snabbris kokt m. salt,Niacin,Ris risnudlar,1.22,mg
2519,Ris snabbris kokt m. salt,"Salt, NaCl",Ris risnudlar,1.1,g
2519,Ris snabbris kokt m. salt,"Natrium, Na",Ris risnudlar,424.0,mg
2519,Ris snabbris kokt m. salt,Monosackarider,Ris risnudlar,0.0,g
2519,Ris snabbris kokt m. salt,"Sockerarter, totalt",Ris risnudlar,0.2,g
2519,Ris snabbris kokt m. salt,Summa enkelomättade fettsyror,Ris risnudlar,0.1,g
2519,Ris snabbris kokt m. salt,"Magnesium, Mg",Ris risnudlar,10.0,mg
2519,Ris snabbris kokt m. salt,Summa mättade fettsyror,Ris risnudlar,0.0,g
2519,Ris snabbris kokt m. salt,"Kolhydrater, tillgängliga",Ris risnudlar,24.0,g
2519,Ris snabbris kokt m. salt,Kolesterol,Ris risnudlar,0.0,mg
2519,Ris snabbris kokt m. salt,"Kalium, K",Ris risnudlar,32.0,mg
2519,Ris snabbris kokt m. salt,"Jod, I",Ris risnudlar,54.0,µg
2519,Ris snabbris kokt m. salt,Fullkorn totalt,Ris risnudlar,0.0,g
2519,Ris snabbris kokt m. salt,"Folat, totalt",Ris risnudlar,1.5,µg
2519,Ris snabbris kokt m. salt,Fibrer,Ris risnudlar,0.8,g
2519,Ris snabbris kokt m. salt,"Fett, totalt",Ris risnudlar,0.2,g
2519,Ris snabbris kokt m. salt,"Järn, Fe",Ris risnudlar,0.1,mg
2519,Ris snabbris kokt m. salt,Energi (kJ),Ris risnudlar,466.0,kJ
2519,Ris snabbris kokt m. salt,Energi (kcal),Ris risnudlar,111.0,kcal
2519,Ris snabbris kokt m. salt,Disackarider,Ris risnudlar,0.2,g
2519,Ris snabbris kokt m. salt,"Kalcium, Ca",Ris risnudlar,24.0,mg
2519,Ris snabbris kokt m. salt,Fettsyra 4:0-10:0,Ris risnudlar,0.0,g
2519,Ris snabbris kokt m. salt,DHA (C22:6),Ris risnudlar,0.0,g
2519,Ris snabbris kokt m. salt,DPA (C22:5),Ris risnudlar,0.0,g
2519,Ris snabbris kokt m. salt,EPA (C20:5),Ris risnudlar,0.0,g
2519,Ris snabbris kokt m. salt,Arakidonsyra C20:4,Ris risnudlar,0.0,g
2519,Ris snabbris kokt m. salt,Arakidinsyra C20:0,Ris risnudlar,0.0,g
2519,Ris snabbris kokt m. salt,Linolensyra C18:3,Ris risnudlar,0.0,g
2519,Ris snabbris kokt m. salt,Linolsyra C18:2,Ris risnudlar,0.1,g
2519,Ris snabbris kokt m. salt,Oljesyra C18:1,Ris risnudlar,0.1,g
2519,Ris snabbris kokt m. salt,Stearinsyra C18:0,Ris risnudlar,0.0,g
2519,Ris snabbris kokt m. salt,Palmitoljesyra C16:1,Ris risnudlar,0.0,g
2519,Ris snabbris kokt m. salt,Palmitinsyra C16:0,Ris risnudlar,0.0,g
2519,Ris snabbris kokt m. salt,Myristinsyra C14:0,Ris risnudlar,0.0,g
2519,Ris snabbris kokt m. salt,Laurinsyra C12:0,Ris risnudlar,0.0,g
2519,Ris snabbris kokt m. salt,Betakaroten/β-Karoten,Ris risnudlar,0.0,µg
2519,Ris snabbris kokt m. salt,Avfall (skal etc.),Ris risnudlar,0.0,%
2519,Ris snabbris kokt m. salt,Aska,Ris risnudlar,1.3,g
2519,Ris snabbris kokt m. salt,Alkohol,Ris risnudlar,0.0,g
2520,Pasta tagliatelle m. ägg kokt m. salt glutenfri,"Zink, Zn",Pasta,0.1,mg
2520,Pasta tagliatelle m. ägg kokt m. salt glutenfri,Vitamin E,Pasta,0.4,mg
2520,Pasta tagliatelle m. ägg kokt m. salt glutenfri,Vitamin D inkl 25-OH-D3,Pasta,0.0,µg
2520,Pasta tagliatelle m. ägg kokt m. salt glutenfri,Vitamin D,Pasta,0.0,µg
2520,Pasta tagliatelle m. ägg kokt m. salt glutenfri,Vitamin C,Pasta,0.0,mg
2520,Pasta tagliatelle m. ägg kokt m. salt glutenfri,Vitamin B6,Pasta,0.01,mg
2520,Pasta tagliatelle m. ägg kokt m. salt glutenfri,Vitamin B12,Pasta,0.12,µg
2520,Pasta tagliatelle m. ägg kokt m. salt glutenfri,Vitamin A,Pasta,13.1,RE/µg
2520,Pasta tagliatelle m. ägg kokt m. salt glutenfri,Vatten,Pasta,62.8,g
2520,Pasta tagliatelle m. ägg kokt m. salt glutenfri,Tiamin,Pasta,0.0,mg
2520,Pasta tagliatelle m. ägg kokt m. salt glutenfri,Tillsatt socker,Pasta,0.0,g
2520,Pasta tagliatelle m. ägg kokt m. salt glutenfri,Fritt socker,Pasta,0.0,g
2520,Pasta tagliatelle m. ägg kokt m. salt glutenfri,"Selen, Se",Pasta,1.5,µg
2520,Pasta tagliatelle m. ägg kokt m. salt glutenfri,Sackaros,Pasta,0.0,g
2520,Pasta tagliatelle m. ägg kokt m. salt glutenfri,Riboflavin,Pasta,0.02,mg
2520,Pasta tagliatelle m. ägg kokt m. salt glutenfri,Retinol,Pasta,12.4,µg
2520,Pasta tagliatelle m. ägg kokt m. salt glutenfri,Protein,Pasta,1.1,g
2520,Pasta tagliatelle m. ägg kokt m. salt glutenfri,Summa fleromättade fettsyror,Pasta,0.2,g
2520,Pasta tagliatelle m. ägg kokt m. salt glutenfri,"Fosfor, P",Pasta,23.0,mg
2520,Pasta tagliatelle m. ägg kokt m. salt glutenfri,Niacinekvivalenter,Pasta,0.12,NE/mg
2520,Pasta tagliatelle m. ägg kokt m. salt glutenfri,Niacin,Pasta,0.0,mg
2520,Pasta tagliatelle m. ägg kokt m. salt glutenfri,"Salt, NaCl",Pasta,0.3,g
2520,Pasta tagliatelle m. ägg kokt m. salt glutenfri,"Natrium, Na",Pasta,101.0,mg
2520,Pasta tagliatelle m. ägg kokt m. salt glutenfri,Monosackarider,Pasta,0.0,g
2520,Pasta tagliatelle m. ägg kokt m. salt glutenfri,"Sockerarter, totalt",Pasta,0.0,g
2520,Pasta tagliatelle m. ägg kokt m. salt glutenfri,Summa enkelomättade fettsyror,Pasta,0.7,g
2520,Pasta tagliatelle m. ägg kokt m. salt glutenfri,"Magnesium, Mg",Pasta,3.0,mg
2520,Pasta tagliatelle m. ägg kokt m. salt glutenfri,Summa mättade fettsyror,Pasta,0.6,g
2520,Pasta tagliatelle m. ägg kokt m. salt glutenfri,"Kolhydrater, tillgängliga",Pasta,34.0,g
2520,Pasta tagliatelle m. ägg kokt m. salt glutenfri,Kolesterol,Pasta,11.2,mg
2520,Pasta tagliatelle m. ägg kokt m. salt glutenfri,"Kalium, K",Pasta,8.0,mg
2520,Pasta tagliatelle m. ägg kokt m. salt glutenfri,"Jod, I",Pasta,13.0,µg
2520,Pasta tagliatelle m. ägg kokt m. salt glutenfri,Fullkorn totalt,Pasta,0.0,g
2520,Pasta tagliatelle m. ägg kokt m. salt glutenfri,"Folat, totalt",Pasta,2.6,µg
2520,Pasta tagliatelle m. ägg kokt m. salt glutenfri,Fibrer,Pasta,0.0,g
2520,Pasta tagliatelle m. ägg kokt m. salt glutenfri,"Fett, totalt",Pasta,1.9,g
2520,Pasta tagliatelle m. ägg kokt m. salt glutenfri,"Järn, Fe",Pasta,0.3,mg
2520,Pasta tagliatelle m. ägg kokt m. salt glutenfri,Energi (kJ),Pasta,665.0,kJ
2520,Pasta tagliatelle m. ägg kokt m. salt glutenfri,Energi (kcal),Pasta,159.0,kcal
2520,Pasta tagliatelle m. ägg kokt m. salt glutenfri,Disackarider,Pasta,0.0,g
2520,Pasta tagliatelle m. ägg kokt m. salt glutenfri,"Kalcium, Ca",Pasta,13.0,mg
2520,Pasta tagliatelle m. ägg kokt m. salt glutenfri,Fettsyra 4:0-10:0,Pasta,0.0,g
2520,Pasta tagliatelle m. ägg kokt m. salt glutenfri,DHA (C22:6),Pasta,0.0,g
2520,Pasta tagliatelle m. ägg kokt m. salt glutenfri,DPA (C22:5),Pasta,0.0,g
2520,Pasta tagliatelle m. ägg kokt m. salt glutenfri,EPA (C20:5),Pasta,0.0,g
2520,Pasta tagliatelle m. ägg kokt m. salt glutenfri,Arakidonsyra C20:4,Pasta,0.0,g
2520,Pasta tagliatelle m. ägg kokt m. salt glutenfri,Arakidinsyra C20:0,Pasta,0.0,g
2520,Pasta tagliatelle m. ägg kokt m. salt glutenfri,Linolensyra C18:3,Pasta,0.0,g
2520,Pasta tagliatelle m. ägg kokt m. salt glutenfri,Linolsyra C18:2,Pasta,0.2,g
2520,Pasta tagliatelle m. ägg kokt m. salt glutenfri,Oljesyra C18:1,Pasta,0.7,g
2520,Pasta tagliatelle m. ägg kokt m. salt glutenfri,Stearinsyra C18:0,Pasta,0.2,g
2520,Pasta tagliatelle m. ägg kokt m. salt glutenfri,Palmitoljesyra C16:1,Pasta,0.1,g
2520,Pasta tagliatelle m. ägg kokt m. salt glutenfri,Palmitinsyra C16:0,Pasta,0.4,g
2520,Pasta tagliatelle m. ägg kokt m. salt glutenfri,Myristinsyra C14:0,Pasta,0.0,g
2520,Pasta tagliatelle m. ägg kokt m. salt glutenfri,Laurinsyra C12:0,Pasta,0.0,g
2520,Pasta tagliatelle m. ägg kokt m. salt glutenfri,Betakaroten/β-Karoten,Pasta,8.0,µg
2520,Pasta tagliatelle m. ägg kokt m. salt glutenfri,Avfall (skal etc.),Pasta,0.0,%
2520,Pasta tagliatelle m. ägg kokt m. salt glutenfri,Aska,Pasta,0.3,g
2520,Pasta tagliatelle m. ägg kokt m. salt glutenfri,Alkohol,Pasta,0.0,g
2521,Pasta makaroner spagetti kokt m. salt glutenfri,"Zink, Zn",Pasta,0.3,mg
2521,Pasta makaroner spagetti kokt m. salt glutenfri,Vitamin E,Pasta,0.0,mg
2521,Pasta makaroner spagetti kokt m. salt glutenfri,Vitamin D inkl 25-OH-D3,Pasta,0.0,µg
2521,Pasta makaroner spagetti kokt m. salt glutenfri,Vitamin D,Pasta,0.0,µg
2521,Pasta makaroner spagetti kokt m. salt glutenfri,Vitamin C,Pasta,0.0,mg
2521,Pasta makaroner spagetti kokt m. salt glutenfri,Vitamin B6,Pasta,0.03,mg
2521,Pasta makaroner spagetti kokt m. salt glutenfri,Vitamin B12,Pasta,0.0,µg
2521,Pasta makaroner spagetti kokt m. salt glutenfri,Vitamin A,Pasta,0.0,RE/µg
2521,Pasta makaroner spagetti kokt m. salt glutenfri,Vatten,Pasta,61.8,g
2521,Pasta makaroner spagetti kokt m. salt glutenfri,Tiamin,Pasta,0.01,mg
2521,Pasta makaroner spagetti kokt m. salt glutenfri,Tillsatt socker,Pasta,0.0,g
2521,Pasta makaroner spagetti kokt m. salt glutenfri,Fritt socker,Pasta,0.0,g
2521,Pasta makaroner spagetti kokt m. salt glutenfri,"Selen, Se",Pasta,0.0,µg
2521,Pasta makaroner spagetti kokt m. salt glutenfri,Sackaros,Pasta,0.3,g
2521,Pasta makaroner spagetti kokt m. salt glutenfri,Riboflavin,Pasta,0.01,mg
2521,Pasta makaroner spagetti kokt m. salt glutenfri,Retinol,Pasta,0.0,µg
2521,Pasta makaroner spagetti kokt m. salt glutenfri,Protein,Pasta,3.1,g
2521,Pasta makaroner spagetti kokt m. salt glutenfri,Summa fleromättade fettsyror,Pasta,0.2,g
2521,Pasta makaroner spagetti kokt m. salt glutenfri,"Fosfor, P",Pasta,43.0,mg
2521,Pasta makaroner spagetti kokt m. salt glutenfri,Niacinekvivalenter,Pasta,0.46,NE/mg
2521,Pasta makaroner spagetti kokt m. salt glutenfri,Niacin,Pasta,0.14,mg
2521,Pasta makaroner spagetti kokt m. salt glutenfri,"Salt, NaCl",Pasta,0.2,g
2521,Pasta makaroner spagetti kokt m. salt glutenfri,"Natrium, Na",Pasta,92.0,mg
2521,Pasta makaroner spagetti kokt m. salt glutenfri,Monosackarider,Pasta,0.0,g
2521,Pasta makaroner spagetti kokt m. salt glutenfri,"Sockerarter, totalt",Pasta,0.3,g
2521,Pasta makaroner spagetti kokt m. salt glutenfri,Summa enkelomättade fettsyror,Pasta,0.0,g
2521,Pasta makaroner spagetti kokt m. salt glutenfri,"Magnesium, Mg",Pasta,20.0,mg
2521,Pasta makaroner spagetti kokt m. salt glutenfri,Summa mättade fettsyror,Pasta,0.3,g
2521,Pasta makaroner spagetti kokt m. salt glutenfri,"Kolhydrater, tillgängliga",Pasta,32.8,g
2521,Pasta makaroner spagetti kokt m. salt glutenfri,Kolesterol,Pasta,0.0,mg
2521,Pasta makaroner spagetti kokt m. salt glutenfri,"Kalium, K",Pasta,83.0,mg
2521,Pasta makaroner spagetti kokt m. salt glutenfri,"Jod, I",Pasta,11.6,µg
2521,Pasta makaroner spagetti kokt m. salt glutenfri,Fullkorn totalt,Pasta,0.0,g
2521,Pasta makaroner spagetti kokt m. salt glutenfri,"Folat, totalt",Pasta,10.2,µg
2521,Pasta makaroner spagetti kokt m. salt glutenfri,Fibrer,Pasta,1.2,g
2521,Pasta makaroner spagetti kokt m. salt glutenfri,"Fett, totalt",Pasta,0.5,g
2521,Pasta makaroner spagetti kokt m. salt glutenfri,"Järn, Fe",Pasta,0.9,mg
2521,Pasta makaroner spagetti kokt m. salt glutenfri,Energi (kJ),Pasta,640.0,kJ
2521,Pasta makaroner spagetti kokt m. salt glutenfri,Energi (kcal),Pasta,153.0,kcal
2521,Pasta makaroner spagetti kokt m. salt glutenfri,Disackarider,Pasta,0.3,g
2521,Pasta makaroner spagetti kokt m. salt glutenfri,"Kalcium, Ca",Pasta,20.0,mg
2521,Pasta makaroner spagetti kokt m. salt glutenfri,Fettsyra 4:0-10:0,Pasta,0.0,g
2521,Pasta makaroner spagetti kokt m. salt glutenfri,DHA (C22:6),Pasta,0.0,g
2521,Pasta makaroner spagetti kokt m. salt glutenfri,DPA (C22:5),Pasta,0.0,g
2521,Pasta makaroner spagetti kokt m. salt glutenfri,EPA (C20:5),Pasta,0.0,g
2521,Pasta makaroner spagetti kokt m. salt glutenfri,Arakidonsyra C20:4,Pasta,0.0,g
2521,Pasta makaroner spagetti kokt m. salt glutenfri,Arakidinsyra C20:0,Pasta,0.0,g
2521,Pasta makaroner spagetti kokt m. salt glutenfri,Linolensyra C18:3,Pasta,0.0,g
2521,Pasta makaroner spagetti kokt m. salt glutenfri,Linolsyra C18:2,Pasta,0.2,g
2521,Pasta makaroner spagetti kokt m. salt glutenfri,Oljesyra C18:1,Pasta,0.1,g
2521,Pasta makaroner spagetti kokt m. salt glutenfri,Stearinsyra C18:0,Pasta,0.1,g
2521,Pasta makaroner spagetti kokt m. salt glutenfri,Palmitoljesyra C16:1,Pasta,0.0,g
2521,Pasta makaroner spagetti kokt m. salt glutenfri,Palmitinsyra C16:0,Pasta,0.1,g
2521,Pasta makaroner spagetti kokt m. salt glutenfri,Myristinsyra C14:0,Pasta,0.0,g
2521,Pasta makaroner spagetti kokt m. salt glutenfri,Laurinsyra C12:0,Pasta,0.0,g
2521,Pasta makaroner spagetti kokt m. salt glutenfri,Betakaroten/β-Karoten,Pasta,0.0,µg
2521,Pasta makaroner spagetti kokt m. salt glutenfri,Avfall (skal etc.),Pasta,0.0,%
2521,Pasta makaroner spagetti kokt m. salt glutenfri,Aska,Pasta,0.6,g
2521,Pasta makaroner spagetti kokt m. salt glutenfri,Alkohol,Pasta,0.0,g
2522,Pasta kokt m. salt majs 100% glutenfri,"Zink, Zn",Pasta,0.3,mg
2522,Pasta kokt m. salt majs 100% glutenfri,Vitamin E,Pasta,0.0,mg
2522,Pasta kokt m. salt majs 100% glutenfri,Vitamin D inkl 25-OH-D3,Pasta,0.0,µg
2522,Pasta kokt m. salt majs 100% glutenfri,Vitamin D,Pasta,0.0,µg
2522,Pasta kokt m. salt majs 100% glutenfri,Vitamin C,Pasta,0.0,mg
2522,Pasta kokt m. salt majs 100% glutenfri,Vitamin B6,Pasta,0.06,mg
2522,Pasta kokt m. salt majs 100% glutenfri,Vitamin B12,Pasta,0.0,µg
2522,Pasta kokt m. salt majs 100% glutenfri,Vitamin A,Pasta,2.0,RE/µg
2522,Pasta kokt m. salt majs 100% glutenfri,Vatten,Pasta,61.6,g
2522,Pasta kokt m. salt majs 100% glutenfri,Tiamin,Pasta,0.02,mg
2522,Pasta kokt m. salt majs 100% glutenfri,Tillsatt socker,Pasta,0.0,g
2522,Pasta kokt m. salt majs 100% glutenfri,Fritt socker,Pasta,0.0,g
2522,Pasta kokt m. salt majs 100% glutenfri,"Selen, Se",Pasta,2.1,µg
2522,Pasta kokt m. salt majs 100% glutenfri,Sackaros,Pasta,0.2,g
2522,Pasta kokt m. salt majs 100% glutenfri,Riboflavin,Pasta,0.01,mg
2522,Pasta kokt m. salt majs 100% glutenfri,Retinol,Pasta,0.0,µg
2522,Pasta kokt m. salt majs 100% glutenfri,Protein,Pasta,2.9,g
2522,Pasta kokt m. salt majs 100% glutenfri,Summa fleromättade fettsyror,Pasta,0.4,g
2522,Pasta kokt m. salt majs 100% glutenfri,"Fosfor, P",Pasta,39.0,mg
2522,Pasta kokt m. salt majs 100% glutenfri,Niacinekvivalenter,Pasta,0.76,NE/mg
2522,Pasta kokt m. salt majs 100% glutenfri,Niacin,Pasta,0.47,mg
2522,Pasta kokt m. salt majs 100% glutenfri,"Salt, NaCl",Pasta,0.2,g
2522,Pasta kokt m. salt majs 100% glutenfri,"Natrium, Na",Pasta,90.0,mg
2522,Pasta kokt m. salt majs 100% glutenfri,Monosackarider,Pasta,0.1,g
2522,Pasta kokt m. salt majs 100% glutenfri,"Sockerarter, totalt",Pasta,0.3,g
2522,Pasta kokt m. salt majs 100% glutenfri,Summa enkelomättade fettsyror,Pasta,0.2,g
2522,Pasta kokt m. salt majs 100% glutenfri,"Magnesium, Mg",Pasta,16.0,mg
2522,Pasta kokt m. salt majs 100% glutenfri,Summa mättade fettsyror,Pasta,0.1,g
2522,Pasta kokt m. salt majs 100% glutenfri,"Kolhydrater, tillgängliga",Pasta,33.0,g
2522,Pasta kokt m. salt majs 100% glutenfri,Kolesterol,Pasta,0.0,mg
2522,Pasta kokt m. salt majs 100% glutenfri,"Kalium, K",Pasta,41.0,mg
2522,Pasta kokt m. salt majs 100% glutenfri,"Jod, I",Pasta,11.7,µg
2522,Pasta kokt m. salt majs 100% glutenfri,Fullkorn totalt,Pasta,0.0,g
2522,Pasta kokt m. salt majs 100% glutenfri,"Folat, totalt",Pasta,3.2,µg
2522,Pasta kokt m. salt majs 100% glutenfri,Fibrer,Pasta,1.2,g
2522,Pasta kokt m. salt majs 100% glutenfri,"Fett, totalt",Pasta,0.8,g
2522,Pasta kokt m. salt majs 100% glutenfri,"Järn, Fe",Pasta,0.4,mg
2522,Pasta kokt m. salt majs 100% glutenfri,Energi (kJ),Pasta,649.0,kJ
2522,Pasta kokt m. salt majs 100% glutenfri,Energi (kcal),Pasta,155.0,kcal
2522,Pasta kokt m. salt majs 100% glutenfri,Disackarider,Pasta,0.2,g
2522,Pasta kokt m. salt majs 100% glutenfri,"Kalcium, Ca",Pasta,2.0,mg
2522,Pasta kokt m. salt majs 100% glutenfri,Fettsyra 4:0-10:0,Pasta,0.0,g
2522,Pasta kokt m. salt majs 100% glutenfri,DHA (C22:6),Pasta,0.0,g
2522,Pasta kokt m. salt majs 100% glutenfri,DPA (C22:5),Pasta,0.0,g
2522,Pasta kokt m. salt majs 100% glutenfri,EPA (C20:5),Pasta,0.0,g
2522,Pasta kokt m. salt majs 100% glutenfri,Arakidonsyra C20:4,Pasta,0.0,g
2522,Pasta kokt m. salt majs 100% glutenfri,Arakidinsyra C20:0,Pasta,0.0,g
2522,Pasta kokt m. salt majs 100% glutenfri,Linolensyra C18:3,Pasta,0.0,g
2522,Pasta kokt m. salt majs 100% glutenfri,Linolsyra C18:2,Pasta,0.4,g
2522,Pasta kokt m. salt majs 100% glutenfri,Oljesyra C18:1,Pasta,0.2,g
2522,Pasta kokt m. salt majs 100% glutenfri,Stearinsyra C18:0,Pasta,0.0,g
2522,Pasta kokt m. salt majs 100% glutenfri,Palmitoljesyra C16:1,Pasta,0.0,g
2522,Pasta kokt m. salt majs 100% glutenfri,Palmitinsyra C16:0,Pasta,0.1,g
2522,Pasta kokt m. salt majs 100% glutenfri,Myristinsyra C14:0,Pasta,0.0,g
2522,Pasta kokt m. salt majs 100% glutenfri,Laurinsyra C12:0,Pasta,0.0,g
2522,Pasta kokt m. salt majs 100% glutenfri,Betakaroten/β-Karoten,Pasta,10.0,µg
2522,Pasta kokt m. salt majs 100% glutenfri,Avfall (skal etc.),Pasta,0.0,%
2522,Pasta kokt m. salt majs 100% glutenfri,Aska,Pasta,0.4,g
2522,Pasta kokt m. salt majs 100% glutenfri,Alkohol,Pasta,0.0,g
2542,Lasagne blandfärs,"Zink, Zn",Pastarätter,0.9,mg
2542,Lasagne blandfärs,Vitamin E,Pastarätter,0.8,mg
2542,Lasagne blandfärs,Vitamin D,Pastarätter,0.64,µg
2542,Lasagne blandfärs,Vitamin C,Pastarätter,2.5,mg
2542,Lasagne blandfärs,Vitamin B6,Pastarätter,0.05,mg
2542,Lasagne blandfärs,Vitamin B12,Pastarätter,0.31,µg
2542,Lasagne blandfärs,Vitamin A,Pastarätter,43.1,RE/µg
2542,Lasagne blandfärs,Vatten,Pastarätter,73.1,g
2542,Lasagne blandfärs,Tiamin,Pastarätter,0.04,mg
2542,Lasagne blandfärs,Tillsatt socker,Pastarätter,0.0,g
2542,Lasagne blandfärs,Fritt socker,Pastarätter,1.0,g
2542,Lasagne blandfärs,"Selen, Se",Pastarätter,2.2,µg
2542,Lasagne blandfärs,Sackaros,Pastarätter,0.3,g
2542,Lasagne blandfärs,Riboflavin,Pastarätter,0.1,mg
2542,Lasagne blandfärs,Retinol,Pastarätter,33.0,µg
2542,Lasagne blandfärs,Protein,Pastarätter,6.6,g
2542,Lasagne blandfärs,Summa fleromättade fettsyror,Pastarätter,0.7,g
2542,Lasagne blandfärs,"Fosfor, P",Pastarätter,126.0,mg
2542,Lasagne blandfärs,Niacinekvivalenter,Pastarätter,2.2,NE/mg
2542,Lasagne blandfärs,Niacin,Pastarätter,0.88,mg
2542,Lasagne blandfärs,"Salt, NaCl",Pastarätter,1.0,g
2542,Lasagne blandfärs,"Natrium, Na",Pastarätter,393.0,mg
2542,Lasagne blandfärs,Monosackarider,Pastarätter,1.2,g
2542,Lasagne blandfärs,"Sockerarter, totalt",Pastarätter,3.4,g
2542,Lasagne blandfärs,Summa enkelomättade fettsyror,Pastarätter,2.1,g
2542,Lasagne blandfärs,"Magnesium, Mg",Pastarätter,17.0,mg
2542,Lasagne blandfärs,Summa mättade fettsyror,Pastarätter,2.9,g
2542,Lasagne blandfärs,"Kolhydrater, tillgängliga",Pastarätter,11.5,g
2542,Lasagne blandfärs,Kolesterol,Pastarätter,14.5,mg
2542,Lasagne blandfärs,"Kalium, K",Pastarätter,156.0,mg
2542,Lasagne blandfärs,"Jod, I",Pastarätter,30.7,µg
2542,Lasagne blandfärs,Fullkorn totalt,Pastarätter,0.0,g
2542,Lasagne blandfärs,"Folat, totalt",Pastarätter,5.6,µg
2542,Lasagne blandfärs,Fibrer,Pastarätter,1.0,g
2542,Lasagne blandfärs,"Fett, totalt",Pastarätter,6.1,g
2542,Lasagne blandfärs,"Järn, Fe",Pastarätter,0.5,mg
2542,Lasagne blandfärs,Energi (kJ),Pastarätter,541.0,kJ
2542,Lasagne blandfärs,Energi (kcal),Pastarätter,129.0,kcal
2542,Lasagne blandfärs,Disackarider,Pastarätter,2.2,g
2542,Lasagne blandfärs,"Kalcium, Ca",Pastarätter,102.0,mg
2542,Lasagne blandfärs,Fettsyra 4:0-10:0,Pastarätter,0.2,g
2542,Lasagne blandfärs,DHA (C22:6),Pastarätter,0.0,g
2542,Lasagne blandfärs,DPA (C22:5),Pastarätter,0.0,g
2542,Lasagne blandfärs,EPA (C20:5),Pastarätter,0.0,g
2542,Lasagne blandfärs,Arakidonsyra C20:4,Pastarätter,0.0,g
2542,Lasagne blandfärs,Arakidinsyra C20:0,Pastarätter,0.0,g
2542,Lasagne blandfärs,Linolensyra C18:3,Pastarätter,0.1,g
2542,Lasagne blandfärs,Linolsyra C18:2,Pastarätter,0.5,g
2542,Lasagne blandfärs,Oljesyra C18:1,Pastarätter,1.9,g
2542,Lasagne blandfärs,Stearinsyra C18:0,Pastarätter,0.6,g
2542,Lasagne blandfärs,Palmitoljesyra C16:1,Pastarätter,0.1,g
2542,Lasagne blandfärs,Palmitinsyra C16:0,Pastarätter,1.5,g
2542,Lasagne blandfärs,Myristinsyra C14:0,Pastarätter,0.3,g
2542,Lasagne blandfärs,Laurinsyra C12:0,Pastarätter,0.1,g
2542,Lasagne blandfärs,Betakaroten/β-Karoten,Pastarätter,110.0,µg
2542,Lasagne blandfärs,Avfall (skal etc.),Pastarätter,0.0,%
2542,Lasagne blandfärs,Aska,Pastarätter,1.7,g
2542,Lasagne blandfärs,Alkohol,Pastarätter,0.0,g
2547,Gröna ärtor kokta m. salt frysvara,"Zink, Zn","Baljväxter (bönor, linser och ärter)",0.7,mg
2547,Gröna ärtor kokta m. salt frysvara,Vitamin E,"Baljväxter (bönor, linser och ärter)",0.0,mg
2547,Gröna ärtor kokta m. salt frysvara,Vitamin D inkl 25-OH-D3,"Baljväxter (bönor, linser och ärter)",0.0,µg
2547,Gröna ärtor kokta m. salt frysvara,Vitamin D,"Baljväxter (bönor, linser och ärter)",0.0,µg
2547,Gröna ärtor kokta m. salt frysvara,Vitamin C,"Baljväxter (bönor, linser och ärter)",12.5,mg
2547,Gröna ärtor kokta m. salt frysvara,Vitamin B6,"Baljväxter (bönor, linser och ärter)",0.08,mg
2547,Gröna ärtor kokta m. salt frysvara,Vitamin B12,"Baljväxter (bönor, linser och ärter)",0.0,µg
2547,Gröna ärtor kokta m. salt frysvara,Vitamin A,"Baljväxter (bönor, linser och ärter)",30.8,RE/µg
2547,Gröna ärtor kokta m. salt frysvara,Vatten,"Baljväxter (bönor, linser och ärter)",80.0,g
2547,Gröna ärtor kokta m. salt frysvara,Tiamin,"Baljväxter (bönor, linser och ärter)",0.13,mg
2547,Gröna ärtor kokta m. salt frysvara,Tillsatt socker,"Baljväxter (bönor, linser och ärter)",0.0,g
2547,Gröna ärtor kokta m. salt frysvara,Fritt socker,"Baljväxter (bönor, linser och ärter)",0.0,g
2547,Gröna ärtor kokta m. salt frysvara,"Selen, Se","Baljväxter (bönor, linser och ärter)",0.0,µg
2547,Gröna ärtor kokta m. salt frysvara,Sackaros,"Baljväxter (bönor, linser och ärter)",5.0,g
2547,Gröna ärtor kokta m. salt frysvara,Riboflavin,"Baljväxter (bönor, linser och ärter)",0.08,mg
2547,Gröna ärtor kokta m. salt frysvara,Retinol,"Baljväxter (bönor, linser och ärter)",0.0,µg
2547,Gröna ärtor kokta m. salt frysvara,Protein,"Baljväxter (bönor, linser och ärter)",5.2,g
2547,Gröna ärtor kokta m. salt frysvara,Summa fleromättade fettsyror,"Baljväxter (bönor, linser och ärter)",0.2,g
2547,Gröna ärtor kokta m. salt frysvara,"Fosfor, P","Baljväxter (bönor, linser och ärter)",88.0,mg
2547,Gröna ärtor kokta m. salt frysvara,Niacinekvivalenter,"Baljväxter (bönor, linser och ärter)",2.49,NE/mg
2547,Gröna ärtor kokta m. salt frysvara,Niacin,"Baljväxter (bönor, linser och ärter)",1.6,mg
2547,Gröna ärtor kokta m. salt frysvara,"Salt, NaCl","Baljväxter (bönor, linser och ärter)",0.7,g
2547,Gröna ärtor kokta m. salt frysvara,"Natrium, Na","Baljväxter (bönor, linser och ärter)",276.0,mg
2547,Gröna ärtor kokta m. salt frysvara,Monosackarider,"Baljväxter (bönor, linser och ärter)",0.0,g
2547,Gröna ärtor kokta m. salt frysvara,"Sockerarter, totalt","Baljväxter (bönor, linser och ärter)",5.0,g
2547,Gröna ärtor kokta m. salt frysvara,Summa enkelomättade fettsyror,"Baljväxter (bönor, linser och ärter)",0.0,g
2547,Gröna ärtor kokta m. salt frysvara,"Magnesium, Mg","Baljväxter (bönor, linser och ärter)",21.0,mg
2547,Gröna ärtor kokta m. salt frysvara,Summa mättade fettsyror,"Baljväxter (bönor, linser och ärter)",0.1,g
2547,Gröna ärtor kokta m. salt frysvara,"Kolhydrater, tillgängliga","Baljväxter (bönor, linser och ärter)",8.9,g
2547,Gröna ärtor kokta m. salt frysvara,Kolesterol,"Baljväxter (bönor, linser och ärter)",0.0,mg
2547,Gröna ärtor kokta m. salt frysvara,"Kalium, K","Baljväxter (bönor, linser och ärter)",105.0,mg
2547,Gröna ärtor kokta m. salt frysvara,"Jod, I","Baljväxter (bönor, linser och ärter)",29.6,µg
2547,Gröna ärtor kokta m. salt frysvara,Fullkorn totalt,"Baljväxter (bönor, linser och ärter)",0.0,g
2547,Gröna ärtor kokta m. salt frysvara,"Folat, totalt","Baljväxter (bönor, linser och ärter)",49.6,µg
2547,Gröna ärtor kokta m. salt frysvara,Fibrer,"Baljväxter (bönor, linser och ärter)",4.4,g
2547,Gröna ärtor kokta m. salt frysvara,"Fett, totalt","Baljväxter (bönor, linser och ärter)",0.4,g
2547,Gröna ärtor kokta m. salt frysvara,"Järn, Fe","Baljväxter (bönor, linser och ärter)",1.3,mg
2547,Gröna ärtor kokta m. salt frysvara,Energi (kJ),"Baljväxter (bönor, linser och ärter)",288.0,kJ
2547,Gröna ärtor kokta m. salt frysvara,Energi (kcal),"Baljväxter (bönor, linser och ärter)",69.0,kcal
2547,Gröna ärtor kokta m. salt frysvara,Disackarider,"Baljväxter (bönor, linser och ärter)",5.0,g
2547,Gröna ärtor kokta m. salt frysvara,"Kalcium, Ca","Baljväxter (bönor, linser och ärter)",22.0,mg
2547,Gröna ärtor kokta m. salt frysvara,Fettsyra 4:0-10:0,"Baljväxter (bönor, linser och ärter)",0.0,g
2547,Gröna ärtor kokta m. salt frysvara,DHA (C22:6),"Baljväxter (bönor, linser och ärter)",0.0,g
2547,Gröna ärtor kokta m. salt frysvara,DPA (C22:5),"Baljväxter (bönor, linser och ärter)",0.0,g
2547,Gröna ärtor kokta m. salt frysvara,EPA (C20:5),"Baljväxter (bönor, linser och ärter)",0.0,g
2547,Gröna ärtor kokta m. salt frysvara,Arakidonsyra C20:4,"Baljväxter (bönor, linser och ärter)",0.0,g
2547,Gröna ärtor kokta m. salt frysvara,Arakidinsyra C20:0,"Baljväxter (bönor, linser och ärter)",0.0,g
2547,Gröna ärtor kokta m. salt frysvara,Linolensyra C18:3,"Baljväxter (bönor, linser och ärter)",0.0,g
2547,Gröna ärtor kokta m. salt frysvara,Linolsyra C18:2,"Baljväxter (bönor, linser och ärter)",0.2,g
2547,Gröna ärtor kokta m. salt frysvara,Oljesyra C18:1,"Baljväxter (bönor, linser och ärter)",0.0,g
2547,Gröna ärtor kokta m. salt frysvara,Stearinsyra C18:0,"Baljväxter (bönor, linser och ärter)",0.0,g
2547,Gröna ärtor kokta m. salt frysvara,Palmitoljesyra C16:1,"Baljväxter (bönor, linser och ärter)",0.0,g
2547,Gröna ärtor kokta m. salt frysvara,Palmitinsyra C16:0,"Baljväxter (bönor, linser och ärter)",0.1,g
2547,Gröna ärtor kokta m. salt frysvara,Myristinsyra C14:0,"Baljväxter (bönor, linser och ärter)",0.0,g
2547,Gröna ärtor kokta m. salt frysvara,Laurinsyra C12:0,"Baljväxter (bönor, linser och ärter)",0.0,g
2547,Gröna ärtor kokta m. salt frysvara,Betakaroten/β-Karoten,"Baljväxter (bönor, linser och ärter)",363.0,µg
2547,Gröna ärtor kokta m. salt frysvara,Avfall (skal etc.),"Baljväxter (bönor, linser och ärter)",0.0,%
2547,Gröna ärtor kokta m. salt frysvara,Aska,"Baljväxter (bönor, linser och ärter)",1.3,g
2547,Gröna ärtor kokta m. salt frysvara,Alkohol,"Baljväxter (bönor, linser och ärter)",0.0,g
2548,Gryta kalops älg,"Zink, Zn",Köttprodukter kötträtter,1.7,mg
2548,Gryta kalops älg,Vitamin E,Köttprodukter kötträtter,0.9,mg
2548,Gryta kalops älg,Vitamin D,Köttprodukter kötträtter,0.08,µg
2548,Gryta kalops älg,Vitamin C,Köttprodukter kötträtter,1.4,mg
2548,Gryta kalops älg,Vitamin B6,Köttprodukter kötträtter,0.13,mg
2548,Gryta kalops älg,Vitamin B12,Köttprodukter kötträtter,0.57,µg
2548,Gryta kalops älg,Vitamin A,Köttprodukter kötträtter,151.0,RE/µg
2548,Gryta kalops älg,Vatten,Köttprodukter kötträtter,83.9,g
2548,Gryta kalops älg,Tiamin,Köttprodukter kötträtter,0.04,mg
2548,Gryta kalops älg,Tillsatt socker,Köttprodukter kötträtter,0.0,g
2548,Gryta kalops älg,Fritt socker,Köttprodukter kötträtter,0.0,g
2548,Gryta kalops älg,"Selen, Se",Köttprodukter kötträtter,2.8,µg
2548,Gryta kalops älg,Sackaros,Köttprodukter kötträtter,0.6,g
2548,Gryta kalops älg,Riboflavin,Köttprodukter kötträtter,0.11,mg
2548,Gryta kalops älg,Retinol,Köttprodukter kötträtter,3.1,µg
2548,Gryta kalops älg,Protein,Köttprodukter kötträtter,8.2,g
2548,Gryta kalops älg,Summa fleromättade fettsyror,Köttprodukter kötträtter,0.6,g
2548,Gryta kalops älg,"Fosfor, P",Köttprodukter kötträtter,81.0,mg
2548,Gryta kalops älg,Niacinekvivalenter,Köttprodukter kötträtter,3.61,NE/mg
2548,Gryta kalops älg,Niacin,Köttprodukter kötträtter,2.12,mg
2548,Gryta kalops älg,"Salt, NaCl",Köttprodukter kötträtter,0.7,g
2548,Gryta kalops älg,"Natrium, Na",Köttprodukter kötträtter,293.0,mg
2548,Gryta kalops älg,Monosackarider,Köttprodukter kötträtter,0.9,g
2548,Gryta kalops älg,"Sockerarter, totalt",Köttprodukter kötträtter,1.6,g
2548,Gryta kalops älg,Summa enkelomättade fettsyror,Köttprodukter kötträtter,1.1,g
2548,Gryta kalops älg,"Magnesium, Mg",Köttprodukter kötträtter,11.0,mg
2548,Gryta kalops älg,Summa mättade fettsyror,Köttprodukter kötträtter,0.3,g
2548,Gryta kalops älg,"Kolhydrater, tillgängliga",Köttprodukter kötträtter,3.6,g
2548,Gryta kalops älg,Kolesterol,Köttprodukter kötträtter,23.8,mg
2548,Gryta kalops älg,"Kalium, K",Köttprodukter kötträtter,122.0,mg
2548,Gryta kalops älg,"Jod, I",Köttprodukter kötträtter,35.2,µg
2548,Gryta kalops älg,Fullkorn totalt,Köttprodukter kötträtter,0.0,g
2548,Gryta kalops älg,"Folat, totalt",Köttprodukter kötträtter,5.9,µg
2548,Gryta kalops älg,Fibrer,Köttprodukter kötträtter,0.7,g
2548,Gryta kalops älg,"Fett, totalt",Köttprodukter kötträtter,2.2,g
2548,Gryta kalops älg,"Järn, Fe",Köttprodukter kötträtter,1.2,mg
2548,Gryta kalops älg,Energi (kJ),Köttprodukter kötträtter,290.0,kJ
2548,Gryta kalops älg,Energi (kcal),Köttprodukter kötträtter,69.0,kcal
2548,Gryta kalops älg,Disackarider,Köttprodukter kötträtter,0.7,g
2548,Gryta kalops älg,"Kalcium, Ca",Köttprodukter kötträtter,13.0,mg
2548,Gryta kalops älg,Fettsyra 4:0-10:0,Köttprodukter kötträtter,0.0,g
2548,Gryta kalops älg,DHA (C22:6),Köttprodukter kötträtter,0.0,g
2548,Gryta kalops älg,DPA (C22:5),Köttprodukter kötträtter,0.0,g
2548,Gryta kalops älg,EPA (C20:5),Köttprodukter kötträtter,0.0,g
2548,Gryta kalops älg,Arakidonsyra C20:4,Köttprodukter kötträtter,0.0,g
2548,Gryta kalops älg,Arakidinsyra C20:0,Köttprodukter kötträtter,0.0,g
2548,Gryta kalops älg,Linolensyra C18:3,Köttprodukter kötträtter,0.1,g
2548,Gryta kalops älg,Linolsyra C18:2,Köttprodukter kötträtter,0.5,g
2548,Gryta kalops älg,Oljesyra C18:1,Köttprodukter kötträtter,1.1,g
2548,Gryta kalops älg,Stearinsyra C18:0,Köttprodukter kötträtter,0.1,g
2548,Gryta kalops älg,Palmitoljesyra C16:1,Köttprodukter kötträtter,0.0,g
2548,Gryta kalops älg,Palmitinsyra C16:0,Köttprodukter kötträtter,0.2,g
2548,Gryta kalops älg,Myristinsyra C14:0,Köttprodukter kötträtter,0.0,g
2548,Gryta kalops älg,Laurinsyra C12:0,Köttprodukter kötträtter,0.0,g
2548,Gryta kalops älg,Betakaroten/β-Karoten,Köttprodukter kötträtter,1470.0,µg
2548,Gryta kalops älg,Avfall (skal etc.),Köttprodukter kötträtter,1.0,%
2548,Gryta kalops älg,Aska,Köttprodukter kötträtter,1.2,g
2548,Gryta kalops älg,Alkohol,Köttprodukter kötträtter,0.0,g
2552,Älg högrev rå,"Zink, Zn",Kött färskt fryst tillagat ,5.7,mg
2552,Älg högrev rå,Vitamin E,Kött färskt fryst tillagat ,0.6,mg
2552,Älg högrev rå,Vitamin D inkl 25-OH-D3,Kött färskt fryst tillagat ,0.0,µg
2552,Älg högrev rå,Vitamin D,Kött färskt fryst tillagat ,0.0,µg
2552,Älg högrev rå,Vitamin C,Kött färskt fryst tillagat ,0.0,mg
2552,Älg högrev rå,Vitamin B6,Kött färskt fryst tillagat ,0.45,mg
2552,Älg högrev rå,Vitamin B12,Kött färskt fryst tillagat ,2.21,µg
2552,Älg högrev rå,Vitamin A,Kött färskt fryst tillagat ,3.4,RE/µg
2552,Älg högrev rå,Vatten,Kött färskt fryst tillagat ,73.9,g
2552,Älg högrev rå,Tiamin,Kött färskt fryst tillagat ,0.16,mg
2552,Älg högrev rå,Tillsatt socker,Kött färskt fryst tillagat ,0.0,g
2552,Älg högrev rå,Fritt socker,Kött färskt fryst tillagat ,0.0,g
2552,Älg högrev rå,"Selen, Se",Kött färskt fryst tillagat ,6.8,µg
2552,Älg högrev rå,Sackaros,Kött färskt fryst tillagat ,0.0,g
2552,Älg högrev rå,Riboflavin,Kött färskt fryst tillagat ,0.3,mg
2552,Älg högrev rå,Retinol,Kött färskt fryst tillagat ,3.4,µg
2552,Älg högrev rå,Protein,Kött färskt fryst tillagat ,22.5,g
2552,Älg högrev rå,Summa fleromättade fettsyror,Kött färskt fryst tillagat ,0.3,g
2552,Älg högrev rå,"Fosfor, P",Kött färskt fryst tillagat ,173.0,mg
2552,Älg högrev rå,Niacinekvivalenter,Kött färskt fryst tillagat ,8.9,NE/mg
2552,Älg högrev rå,Niacin,Kött färskt fryst tillagat ,4.81,mg
2552,Älg högrev rå,"Salt, NaCl",Kött färskt fryst tillagat ,0.1,g
2552,Älg högrev rå,"Natrium, Na",Kött färskt fryst tillagat ,52.0,mg
2552,Älg högrev rå,Monosackarider,Kött färskt fryst tillagat ,0.0,g
2552,Älg högrev rå,"Sockerarter, totalt",Kött färskt fryst tillagat ,0.0,g
2552,Älg högrev rå,Summa enkelomättade fettsyror,Kött färskt fryst tillagat ,0.8,g
2552,Älg högrev rå,"Magnesium, Mg",Kött färskt fryst tillagat ,22.0,mg
2552,Älg högrev rå,Summa mättade fettsyror,Kött färskt fryst tillagat ,0.9,g
2552,Älg högrev rå,"Kolhydrater, tillgängliga",Kött färskt fryst tillagat ,0.2,g
2552,Älg högrev rå,Kolesterol,Kött färskt fryst tillagat ,55.2,mg
2552,Älg högrev rå,"Kalium, K",Kött färskt fryst tillagat ,370.0,mg
2552,Älg högrev rå,"Jod, I",Kött färskt fryst tillagat ,1.6,µg
2552,Älg högrev rå,Fullkorn totalt,Kött färskt fryst tillagat ,0.0,g
2552,Älg högrev rå,"Folat, totalt",Kött färskt fryst tillagat ,0.0,µg
2552,Älg högrev rå,Fibrer,Kött färskt fryst tillagat ,0.0,g
2552,Älg högrev rå,"Fett, totalt",Kött färskt fryst tillagat ,2.3,g
2552,Älg högrev rå,"Järn, Fe",Kött färskt fryst tillagat ,2.6,mg
2552,Älg högrev rå,Energi (kJ),Kött färskt fryst tillagat ,471.0,kJ
2552,Älg högrev rå,Energi (kcal),Kött färskt fryst tillagat ,113.0,kcal
2552,Älg högrev rå,Disackarider,Kött färskt fryst tillagat ,0.0,g
2552,Älg högrev rå,"Kalcium, Ca",Kött färskt fryst tillagat ,13.0,mg
2552,Älg högrev rå,Fettsyra 4:0-10:0,Kött färskt fryst tillagat ,0.0,g
2552,Älg högrev rå,DHA (C22:6),Kött färskt fryst tillagat ,0.0,g
2552,Älg högrev rå,DPA (C22:5),Kött färskt fryst tillagat ,0.0,g
2552,Älg högrev rå,EPA (C20:5),Kött färskt fryst tillagat ,0.0,g
2552,Älg högrev rå,Arakidonsyra C20:4,Kött färskt fryst tillagat ,0.0,g
2552,Älg högrev rå,Arakidinsyra C20:0,Kött färskt fryst tillagat ,0.0,g
2552,Älg högrev rå,Linolensyra C18:3,Kött färskt fryst tillagat ,0.1,g
2552,Älg högrev rå,Linolsyra C18:2,Kött färskt fryst tillagat ,0.2,g
2552,Älg högrev rå,Oljesyra C18:1,Kött färskt fryst tillagat ,0.8,g
2552,Älg högrev rå,Stearinsyra C18:0,Kött färskt fryst tillagat ,0.5,g
2552,Älg högrev rå,Palmitoljesyra C16:1,Kött färskt fryst tillagat ,0.0,g
2552,Älg högrev rå,Palmitinsyra C16:0,Kött färskt fryst tillagat ,0.3,g
2552,Älg högrev rå,Myristinsyra C14:0,Kött färskt fryst tillagat ,0.0,g
2552,Älg högrev rå,Laurinsyra C12:0,Kött färskt fryst tillagat ,0.0,g
2552,Älg högrev rå,Betakaroten/β-Karoten,Kött färskt fryst tillagat ,0.0,µg
2552,Älg högrev rå,Avfall (skal etc.),Kött färskt fryst tillagat ,0.0,%
2552,Älg högrev rå,Aska,Kött färskt fryst tillagat ,1.0,g
2552,Älg högrev rå,Alkohol,Kött färskt fryst tillagat ,0.0,g
2555,Älg ryggbiff rå,"Zink, Zn",Kött färskt fryst tillagat ,3.6,mg
2555,Älg ryggbiff rå,Vitamin E,Kött färskt fryst tillagat ,0.8,mg
2555,Älg ryggbiff rå,Vitamin D inkl 25-OH-D3,Kött färskt fryst tillagat ,0.0,µg
2555,Älg ryggbiff rå,Vitamin D,Kött färskt fryst tillagat ,0.0,µg
2555,Älg ryggbiff rå,Vitamin C,Kött färskt fryst tillagat ,0.0,mg
2555,Älg ryggbiff rå,Vitamin B6,Kött färskt fryst tillagat ,0.46,mg
2555,Älg ryggbiff rå,Vitamin B12,Kött färskt fryst tillagat ,3.33,µg
2555,Älg ryggbiff rå,Vitamin A,Kött färskt fryst tillagat ,4.3,RE/µg
2555,Älg ryggbiff rå,Vatten,Kött färskt fryst tillagat ,74.2,g
2555,Älg ryggbiff rå,Tiamin,Kött färskt fryst tillagat ,0.11,mg
2555,Älg ryggbiff rå,Tillsatt socker,Kött färskt fryst tillagat ,0.0,g
2555,Älg ryggbiff rå,Fritt socker,Kött färskt fryst tillagat ,0.0,g
2555,Älg ryggbiff rå,"Selen, Se",Kött färskt fryst tillagat ,8.0,µg
2555,Älg ryggbiff rå,Sackaros,Kött färskt fryst tillagat ,0.0,g
2555,Älg ryggbiff rå,Riboflavin,Kött färskt fryst tillagat ,0.37,mg
2555,Älg ryggbiff rå,Retinol,Kött färskt fryst tillagat ,4.3,µg
2555,Älg ryggbiff rå,Protein,Kött färskt fryst tillagat ,23.6,g
2555,Älg ryggbiff rå,Summa fleromättade fettsyror,Kött färskt fryst tillagat ,0.3,g
2555,Älg ryggbiff rå,"Fosfor, P",Kött färskt fryst tillagat ,177.0,mg
2555,Älg ryggbiff rå,Niacinekvivalenter,Kött färskt fryst tillagat ,10.6,NE/mg
2555,Älg ryggbiff rå,Niacin,Kött färskt fryst tillagat ,6.28,mg
2555,Älg ryggbiff rå,"Salt, NaCl",Kött färskt fryst tillagat ,0.2,g
2555,Älg ryggbiff rå,"Natrium, Na",Kött färskt fryst tillagat ,60.0,mg
2555,Älg ryggbiff rå,Monosackarider,Kött färskt fryst tillagat ,0.0,g
2555,Älg ryggbiff rå,"Sockerarter, totalt",Kött färskt fryst tillagat ,0.0,g
2555,Älg ryggbiff rå,Summa enkelomättade fettsyror,Kött färskt fryst tillagat ,0.3,g
2555,Älg ryggbiff rå,"Magnesium, Mg",Kött färskt fryst tillagat ,19.0,mg
2555,Älg ryggbiff rå,Summa mättade fettsyror,Kött färskt fryst tillagat ,0.4,g
2555,Älg ryggbiff rå,"Kolhydrater, tillgängliga",Kött färskt fryst tillagat ,0.0,g
2555,Älg ryggbiff rå,Kolesterol,Kött färskt fryst tillagat ,61.7,mg
2555,Älg ryggbiff rå,"Kalium, K",Kött färskt fryst tillagat ,348.0,mg
2555,Älg ryggbiff rå,"Jod, I",Kött färskt fryst tillagat ,1.6,µg
2555,Älg ryggbiff rå,Fullkorn totalt,Kött färskt fryst tillagat ,0.0,g
2555,Älg ryggbiff rå,"Folat, totalt",Kött färskt fryst tillagat ,0.0,µg
2555,Älg ryggbiff rå,Fibrer,Kött färskt fryst tillagat ,0.0,g
2555,Älg ryggbiff rå,"Fett, totalt",Kött färskt fryst tillagat ,1.1,g
2555,Älg ryggbiff rå,"Järn, Fe",Kött färskt fryst tillagat ,3.1,mg
2555,Älg ryggbiff rå,Energi (kJ),Kött färskt fryst tillagat ,443.0,kJ
2555,Älg ryggbiff rå,Energi (kcal),Kött färskt fryst tillagat ,106.0,kcal
2555,Älg ryggbiff rå,Disackarider,Kött färskt fryst tillagat ,0.0,g
2555,Älg ryggbiff rå,"Kalcium, Ca",Kött färskt fryst tillagat ,4.0,mg
2555,Älg ryggbiff rå,Fettsyra 4:0-10:0,Kött färskt fryst tillagat ,0.0,g
2555,Älg ryggbiff rå,DHA (C22:6),Kött färskt fryst tillagat ,0.0,g
2555,Älg ryggbiff rå,DPA (C22:5),Kött färskt fryst tillagat ,0.0,g
2555,Älg ryggbiff rå,EPA (C20:5),Kött färskt fryst tillagat ,0.0,g
2555,Älg ryggbiff rå,Arakidonsyra C20:4,Kött färskt fryst tillagat ,0.0,g
2555,Älg ryggbiff rå,Arakidinsyra C20:0,Kött färskt fryst tillagat ,0.0,g
2555,Älg ryggbiff rå,Linolensyra C18:3,Kött färskt fryst tillagat ,0.0,g
2555,Älg ryggbiff rå,Linolsyra C18:2,Kött färskt fryst tillagat ,0.1,g
2555,Älg ryggbiff rå,Oljesyra C18:1,Kött färskt fryst tillagat ,0.2,g
2555,Älg ryggbiff rå,Stearinsyra C18:0,Kött färskt fryst tillagat ,0.2,g
2555,Älg ryggbiff rå,Palmitoljesyra C16:1,Kött färskt fryst tillagat ,0.0,g
2555,Älg ryggbiff rå,Palmitinsyra C16:0,Kött färskt fryst tillagat ,0.1,g
2555,Älg ryggbiff rå,Myristinsyra C14:0,Kött färskt fryst tillagat ,0.0,g
2555,Älg ryggbiff rå,Laurinsyra C12:0,Kött färskt fryst tillagat ,0.0,g
2555,Älg ryggbiff rå,Betakaroten/β-Karoten,Kött färskt fryst tillagat ,0.0,µg
2555,Älg ryggbiff rå,Avfall (skal etc.),Kött färskt fryst tillagat ,0.0,%
2555,Älg ryggbiff rå,Aska,Kött färskt fryst tillagat ,1.1,g
2555,Älg ryggbiff rå,Alkohol,Kött färskt fryst tillagat ,0.0,g
2557,Tacoskal,"Zink, Zn",Tacoskal,0.7,mg
2557,Tacoskal,Vitamin E,Tacoskal,10.2,mg
2557,Tacoskal,Vitamin D inkl 25-OH-D3,Tacoskal,0.0,µg
2557,Tacoskal,Vitamin D,Tacoskal,0.0,µg
2557,Tacoskal,Vitamin C,Tacoskal,0.0,mg
2557,Tacoskal,Vitamin B6,Tacoskal,0.16,mg
2557,Tacoskal,Vitamin B12,Tacoskal,0.0,µg
2557,Tacoskal,Vitamin A,Tacoskal,0.0,RE/µg
2557,Tacoskal,Vatten,Tacoskal,6.0,g
2557,Tacoskal,Tiamin,Tacoskal,0.12,mg
2557,Tacoskal,Tillsatt socker,Tacoskal,0.0,g
2557,Tacoskal,Fritt socker,Tacoskal,0.0,g
2557,Tacoskal,"Selen, Se",Tacoskal,2.0,µg
2557,Tacoskal,Sackaros,Tacoskal,0.7,g
2557,Tacoskal,Riboflavin,Tacoskal,0.04,mg
2557,Tacoskal,Retinol,Tacoskal,0.0,µg
2557,Tacoskal,Protein,Tacoskal,5.5,g
2557,Tacoskal,Summa fleromättade fettsyror,Tacoskal,3.8,g
2557,Tacoskal,"Fosfor, P",Tacoskal,120.0,mg
2557,Tacoskal,Niacinekvivalenter,Tacoskal,1.6,NE/mg
2557,Tacoskal,Niacin,Tacoskal,1.05,mg
2557,Tacoskal,"Salt, NaCl",Tacoskal,0.6,g
2557,Tacoskal,"Natrium, Na",Tacoskal,238.0,mg
2557,Tacoskal,Monosackarider,Tacoskal,0.2,g
2557,Tacoskal,"Sockerarter, totalt",Tacoskal,0.9,g
2557,Tacoskal,Summa enkelomättade fettsyror,Tacoskal,17.4,g
2557,Tacoskal,"Magnesium, Mg",Tacoskal,44.0,mg
2557,Tacoskal,Summa mättade fettsyror,Tacoskal,2.0,g
2557,Tacoskal,"Kolhydrater, tillgängliga",Tacoskal,59.9,g
2557,Tacoskal,Kolesterol,Tacoskal,0.0,mg
2557,Tacoskal,"Kalium, K",Tacoskal,190.0,mg
2557,Tacoskal,"Jod, I",Tacoskal,0.0,µg
2557,Tacoskal,Fullkorn totalt,Tacoskal,0.0,g
2557,Tacoskal,"Folat, totalt",Tacoskal,10.5,µg
2557,Tacoskal,Fibrer,Tacoskal,4.0,g
2557,Tacoskal,"Fett, totalt",Tacoskal,23.5,g
2557,Tacoskal,"Järn, Fe",Tacoskal,1.2,mg
2557,Tacoskal,Energi (kJ),Tacoskal,2013.0,kJ
2557,Tacoskal,Energi (kcal),Tacoskal,481.0,kcal
2557,Tacoskal,Disackarider,Tacoskal,0.7,g
2557,Tacoskal,"Kalcium, Ca",Tacoskal,48.0,mg
2557,Tacoskal,Fettsyra 4:0-10:0,Tacoskal,0.0,g
2557,Tacoskal,DHA (C22:6),Tacoskal,0.0,g
2557,Tacoskal,DPA (C22:5),Tacoskal,0.0,g
2557,Tacoskal,EPA (C20:5),Tacoskal,0.0,g
2557,Tacoskal,Arakidonsyra C20:4,Tacoskal,0.0,g
2557,Tacoskal,Arakidinsyra C20:0,Tacoskal,0.1,g
2557,Tacoskal,Linolensyra C18:3,Tacoskal,0.1,g
2557,Tacoskal,Linolsyra C18:2,Tacoskal,3.6,g
2557,Tacoskal,Oljesyra C18:1,Tacoskal,17.3,g
2557,Tacoskal,Stearinsyra C18:0,Tacoskal,0.7,g
2557,Tacoskal,Palmitoljesyra C16:1,Tacoskal,0.0,g
2557,Tacoskal,Palmitinsyra C16:0,Tacoskal,1.1,g
2557,Tacoskal,Myristinsyra C14:0,Tacoskal,0.0,g
2557,Tacoskal,Laurinsyra C12:0,Tacoskal,0.0,g
2557,Tacoskal,Betakaroten/β-Karoten,Tacoskal,0.0,µg
2557,Tacoskal,Avfall (skal etc.),Tacoskal,0.0,%
2557,Tacoskal,Aska,Tacoskal,1.1,g
2557,Tacoskal,Alkohol,Tacoskal,0.0,g
2559,Romansallat,"Zink, Zn",Grönsaker,0.3,mg
2559,Romansallat,Vitamin E,Grönsaker,0.3,mg
2559,Romansallat,Vitamin D inkl 25-OH-D3,Grönsaker,0.0,µg
2559,Romansallat,Vitamin D,Grönsaker,0.0,µg
2559,Romansallat,Vitamin C,Grönsaker,6.0,mg
2559,Romansallat,Vitamin B6,Grönsaker,0.08,mg
2559,Romansallat,Vitamin B12,Grönsaker,0.0,µg
2559,Romansallat,Vitamin A,Grönsaker,90.8,RE/µg
2559,Romansallat,Vatten,Grönsaker,94.5,g
2559,Romansallat,Tiamin,Grönsaker,0.03,mg
2559,Romansallat,Tillsatt socker,Grönsaker,0.0,g
2559,Romansallat,Fritt socker,Grönsaker,0.0,g
2559,Romansallat,"Selen, Se",Grönsaker,0.0,µg
2559,Romansallat,Sackaros,Grönsaker,0.1,g
2559,Romansallat,Riboflavin,Grönsaker,0.06,mg
2559,Romansallat,Retinol,Grönsaker,0.0,µg
2559,Romansallat,Protein,Grönsaker,1.9,g
2559,Romansallat,Summa fleromättade fettsyror,Grönsaker,0.1,g
2559,Romansallat,"Fosfor, P",Grönsaker,28.0,mg
2559,Romansallat,Niacinekvivalenter,Grönsaker,0.8,NE/mg
2559,Romansallat,Niacin,Grönsaker,0.45,mg
2559,Romansallat,"Salt, NaCl",Grönsaker,0.0,g
2559,Romansallat,"Natrium, Na",Grönsaker,7.0,mg
2559,Romansallat,Monosackarider,Grönsaker,1.2,g
2559,Romansallat,"Sockerarter, totalt",Grönsaker,1.3,g
2559,Romansallat,Summa enkelomättade fettsyror,Grönsaker,0.0,g
2559,Romansallat,"Magnesium, Mg",Grönsaker,17.0,mg
2559,Romansallat,Summa mättade fettsyror,Grönsaker,0.0,g
2559,Romansallat,"Kolhydrater, tillgängliga",Grönsaker,0.9,g
2559,Romansallat,Kolesterol,Grönsaker,0.0,mg
2559,Romansallat,"Kalium, K",Grönsaker,300.0,mg
2559,Romansallat,"Jod, I",Grönsaker,1.0,µg
2559,Romansallat,Fullkorn totalt,Grönsaker,0.0,g
2559,Romansallat,"Folat, totalt",Grönsaker,88.8,µg
2559,Romansallat,Fibrer,Grönsaker,1.8,g
2559,Romansallat,"Fett, totalt",Grönsaker,0.2,g
2559,Romansallat,"Järn, Fe",Grönsaker,0.5,mg
2559,Romansallat,Energi (kJ),Grönsaker,69.0,kJ
2559,Romansallat,Energi (kcal),Grönsaker,16.0,kcal
2559,Romansallat,Disackarider,Grönsaker,0.1,g
2559,Romansallat,"Kalcium, Ca",Grönsaker,46.0,mg
2559,Romansallat,Fettsyra 4:0-10:0,Grönsaker,0.0,g
2559,Romansallat,DHA (C22:6),Grönsaker,0.0,g
2559,Romansallat,DPA (C22:5),Grönsaker,0.0,g
2559,Romansallat,EPA (C20:5),Grönsaker,0.0,g
2559,Romansallat,Arakidonsyra C20:4,Grönsaker,0.0,g
2559,Romansallat,Arakidinsyra C20:0,Grönsaker,0.0,g
2559,Romansallat,Linolensyra C18:3,Grönsaker,0.1,g
2559,Romansallat,Linolsyra C18:2,Grönsaker,0.0,g
2559,Romansallat,Oljesyra C18:1,Grönsaker,0.0,g
2559,Romansallat,Stearinsyra C18:0,Grönsaker,0.0,g
2559,Romansallat,Palmitoljesyra C16:1,Grönsaker,0.0,g
2559,Romansallat,Palmitinsyra C16:0,Grönsaker,0.0,g
2559,Romansallat,Myristinsyra C14:0,Grönsaker,0.0,g
2559,Romansallat,Laurinsyra C12:0,Grönsaker,0.0,g
2559,Romansallat,Betakaroten/β-Karoten,Grönsaker,1090.0,µg
2559,Romansallat,Avfall (skal etc.),Grönsaker,11.0,%
2559,Romansallat,Aska,Grönsaker,0.7,g
2559,Romansallat,Alkohol,Grönsaker,0.0,g
2561,Ruccolasallat,"Zink, Zn",Grönsaker,0.4,mg
2561,Ruccolasallat,Vitamin E,Grönsaker,0.2,mg
2561,Ruccolasallat,Vitamin D inkl 25-OH-D3,Grönsaker,0.0,µg
2561,Ruccolasallat,Vitamin D,Grönsaker,0.0,µg
2561,Ruccolasallat,Vitamin C,Grönsaker,20.0,mg
2561,Ruccolasallat,Vitamin B6,Grönsaker,0.08,mg
2561,Ruccolasallat,Vitamin B12,Grönsaker,0.0,µg
2561,Ruccolasallat,Vitamin A,Grönsaker,95.0,RE/µg
2561,Ruccolasallat,Vatten,Grönsaker,93.1,g
2561,Ruccolasallat,Tiamin,Grönsaker,0.19,mg
2561,Ruccolasallat,Tillsatt socker,Grönsaker,0.0,g
2561,Ruccolasallat,Fritt socker,Grönsaker,0.0,g
2561,Ruccolasallat,"Selen, Se",Grönsaker,2.0,µg
2561,Ruccolasallat,Sackaros,Grönsaker,0.0,g
2561,Ruccolasallat,Riboflavin,Grönsaker,0.18,mg
2561,Ruccolasallat,Retinol,Grönsaker,0.0,µg
2561,Ruccolasallat,Protein,Grönsaker,3.6,g
2561,Ruccolasallat,Summa fleromättade fettsyror,Grönsaker,0.1,g
2561,Ruccolasallat,"Fosfor, P",Grönsaker,44.0,mg
2561,Ruccolasallat,Niacinekvivalenter,Grönsaker,1.3,NE/mg
2561,Ruccolasallat,Niacin,Grönsaker,0.7,mg
2561,Ruccolasallat,"Salt, NaCl",Grönsaker,0.1,g
2561,Ruccolasallat,"Natrium, Na",Grönsaker,30.0,mg
2561,Ruccolasallat,Monosackarider,Grönsaker,0.0,g
2561,Ruccolasallat,"Sockerarter, totalt",Grönsaker,0.0,g
2561,Ruccolasallat,Summa enkelomättade fettsyror,Grönsaker,0.0,g
2561,Ruccolasallat,"Magnesium, Mg",Grönsaker,28.0,mg
2561,Ruccolasallat,Summa mättade fettsyror,Grönsaker,0.0,g
2561,Ruccolasallat,"Kolhydrater, tillgängliga",Grönsaker,0.0,g
2561,Ruccolasallat,Kolesterol,Grönsaker,0.0,mg
2561,Ruccolasallat,"Kalium, K",Grönsaker,326.0,mg
2561,Ruccolasallat,"Jod, I",Grönsaker,5.0,µg
2561,Ruccolasallat,Fullkorn totalt,Grönsaker,0.0,g
2561,Ruccolasallat,"Folat, totalt",Grönsaker,88.0,µg
2561,Ruccolasallat,Fibrer,Grönsaker,1.7,g
2561,Ruccolasallat,"Fett, totalt",Grönsaker,0.4,g
2561,Ruccolasallat,"Järn, Fe",Grönsaker,1.3,mg
2561,Ruccolasallat,Energi (kJ),Grönsaker,89.0,kJ
2561,Ruccolasallat,Energi (kcal),Grönsaker,21.0,kcal
2561,Ruccolasallat,Disackarider,Grönsaker,0.0,g
2561,Ruccolasallat,"Kalcium, Ca",Grönsaker,216.0,mg
2561,Ruccolasallat,Fettsyra 4:0-10:0,Grönsaker,0.0,g
2561,Ruccolasallat,DHA (C22:6),Grönsaker,0.0,g
2561,Ruccolasallat,DPA (C22:5),Grönsaker,0.0,g
2561,Ruccolasallat,EPA (C20:5),Grönsaker,0.0,g
2561,Ruccolasallat,Arakidonsyra C20:4,Grönsaker,0.0,g
2561,Ruccolasallat,Arakidinsyra C20:0,Grönsaker,0.0,g
2561,Ruccolasallat,Linolensyra C18:3,Grönsaker,0.1,g
2561,Ruccolasallat,Linolsyra C18:2,Grönsaker,0.1,g
2561,Ruccolasallat,Oljesyra C18:1,Grönsaker,0.0,g
2561,Ruccolasallat,Stearinsyra C18:0,Grönsaker,0.0,g
2561,Ruccolasallat,Palmitoljesyra C16:1,Grönsaker,0.0,g
2561,Ruccolasallat,Palmitinsyra C16:0,Grönsaker,0.0,g
2561,Ruccolasallat,Myristinsyra C14:0,Grönsaker,0.0,g
2561,Ruccolasallat,Laurinsyra C12:0,Grönsaker,0.0,g
2561,Ruccolasallat,Betakaroten/β-Karoten,Grönsaker,1132.0,µg
2561,Ruccolasallat,Avfall (skal etc.),Grönsaker,0.0,%
2561,Ruccolasallat,Aska,Grönsaker,1.5,g
2561,Ruccolasallat,Alkohol,Grönsaker,0.0,g
2565,Okra kokt u. salt,"Zink, Zn",Grönsaker,0.4,mg
2565,Okra kokt u. salt,Vitamin E,Grönsaker,0.3,mg
2565,Okra kokt u. salt,Vitamin D inkl 25-OH-D3,Grönsaker,0.0,µg
2565,Okra kokt u. salt,Vitamin D,Grönsaker,0.0,µg
2565,Okra kokt u. salt,Vitamin C,Grönsaker,16.0,mg
2565,Okra kokt u. salt,Vitamin B6,Grönsaker,0.19,mg
2565,Okra kokt u. salt,Vitamin B12,Grönsaker,0.0,µg
2565,Okra kokt u. salt,Vitamin A,Grönsaker,14.2,RE/µg
2565,Okra kokt u. salt,Vatten,Grönsaker,91.7,g
2565,Okra kokt u. salt,Tiamin,Grönsaker,0.13,mg
2565,Okra kokt u. salt,Tillsatt socker,Grönsaker,0.0,g
2565,Okra kokt u. salt,Fritt socker,Grönsaker,0.0,g
2565,Okra kokt u. salt,"Selen, Se",Grönsaker,1.0,µg
2565,Okra kokt u. salt,Sackaros,Grönsaker,0.4,g
2565,Okra kokt u. salt,Riboflavin,Grönsaker,0.06,mg
2565,Okra kokt u. salt,Retinol,Grönsaker,0.0,µg
2565,Okra kokt u. salt,Protein,Grönsaker,1.8,g
2565,Okra kokt u. salt,Summa fleromättade fettsyror,Grönsaker,0.0,g
2565,Okra kokt u. salt,"Fosfor, P",Grönsaker,49.0,mg
2565,Okra kokt u. salt,Niacinekvivalenter,Grönsaker,1.2,NE/mg
2565,Okra kokt u. salt,Niacin,Grönsaker,0.9,mg
2565,Okra kokt u. salt,"Salt, NaCl",Grönsaker,0.0,g
2565,Okra kokt u. salt,"Natrium, Na",Grönsaker,5.0,mg
2565,Okra kokt u. salt,Monosackarider,Grönsaker,1.0,g
2565,Okra kokt u. salt,"Sockerarter, totalt",Grönsaker,1.4,g
2565,Okra kokt u. salt,Summa enkelomättade fettsyror,Grönsaker,0.0,g
2565,Okra kokt u. salt,"Magnesium, Mg",Grönsaker,42.0,mg
2565,Okra kokt u. salt,Summa mättade fettsyror,Grönsaker,0.0,g
2565,Okra kokt u. salt,"Kolhydrater, tillgängliga",Grönsaker,2.5,g
2565,Okra kokt u. salt,Kolesterol,Grönsaker,0.0,mg
2565,Okra kokt u. salt,"Kalium, K",Grönsaker,213.0,mg
2565,Okra kokt u. salt,"Jod, I",Grönsaker,0.0,µg
2565,Okra kokt u. salt,Fullkorn totalt,Grönsaker,0.0,g
2565,Okra kokt u. salt,"Folat, totalt",Grönsaker,46.0,µg
2565,Okra kokt u. salt,Fibrer,Grönsaker,3.1,g
2565,Okra kokt u. salt,"Fett, totalt",Grönsaker,0.2,g
2565,Okra kokt u. salt,"Järn, Fe",Grönsaker,0.0,mg
2565,Okra kokt u. salt,Energi (kJ),Grönsaker,105.0,kJ
2565,Okra kokt u. salt,Energi (kcal),Grönsaker,25.0,kcal
2565,Okra kokt u. salt,Disackarider,Grönsaker,0.4,g
2565,Okra kokt u. salt,"Kalcium, Ca",Grönsaker,93.0,mg
2565,Okra kokt u. salt,Fettsyra 4:0-10:0,Grönsaker,0.0,g
2565,Okra kokt u. salt,DHA (C22:6),Grönsaker,0.0,g
2565,Okra kokt u. salt,DPA (C22:5),Grönsaker,0.0,g
2565,Okra kokt u. salt,EPA (C20:5),Grönsaker,0.0,g
2565,Okra kokt u. salt,Arakidonsyra C20:4,Grönsaker,0.0,g
2565,Okra kokt u. salt,Arakidinsyra C20:0,Grönsaker,0.0,g
2565,Okra kokt u. salt,Linolensyra C18:3,Grönsaker,0.1,g
2565,Okra kokt u. salt,Linolsyra C18:2,Grönsaker,0.0,g
2565,Okra kokt u. salt,Oljesyra C18:1,Grönsaker,0.0,g
2565,Okra kokt u. salt,Stearinsyra C18:0,Grönsaker,0.0,g
2565,Okra kokt u. salt,Palmitoljesyra C16:1,Grönsaker,0.0,g
2565,Okra kokt u. salt,Palmitinsyra C16:0,Grönsaker,0.0,g
2565,Okra kokt u. salt,Myristinsyra C14:0,Grönsaker,0.0,g
2565,Okra kokt u. salt,Laurinsyra C12:0,Grönsaker,0.0,g
2565,Okra kokt u. salt,Betakaroten/β-Karoten,Grönsaker,170.0,µg
2565,Okra kokt u. salt,Avfall (skal etc.),Grönsaker,0.0,%
2565,Okra kokt u. salt,Aska,Grönsaker,0.7,g
2565,Okra kokt u. salt,Alkohol,Grönsaker,0.0,g
2569,Litchi,"Zink, Zn",Frukt färsk fryst,0.2,mg
2569,Litchi,Vitamin E,Frukt färsk fryst,0.1,mg
2569,Litchi,Vitamin D inkl 25-OH-D3,Frukt färsk fryst,0.0,µg
2569,Litchi,Vitamin D,Frukt färsk fryst,0.0,µg
2569,Litchi,Vitamin C,Frukt färsk fryst,33.8,mg
2569,Litchi,Vitamin B6,Frukt färsk fryst,0.07,mg
2569,Litchi,Vitamin B12,Frukt färsk fryst,0.0,µg
2569,Litchi,Vitamin A,Frukt färsk fryst,0.1,RE/µg
2569,Litchi,Vatten,Frukt färsk fryst,85.6,g
2569,Litchi,Tiamin,Frukt färsk fryst,0.02,mg
2569,Litchi,Tillsatt socker,Frukt färsk fryst,0.0,g
2569,Litchi,Fritt socker,Frukt färsk fryst,0.0,g
2569,Litchi,"Selen, Se",Frukt färsk fryst,0.5,µg
2569,Litchi,Sackaros,Frukt färsk fryst,3.1,g
2569,Litchi,Riboflavin,Frukt färsk fryst,0.06,mg
2569,Litchi,Retinol,Frukt färsk fryst,0.0,µg
2569,Litchi,Protein,Frukt färsk fryst,1.0,g
2569,Litchi,Summa fleromättade fettsyror,Frukt färsk fryst,0.1,g
2569,Litchi,"Fosfor, P",Frukt färsk fryst,161.0,mg
2569,Litchi,Niacinekvivalenter,Frukt färsk fryst,0.4,NE/mg
2569,Litchi,Niacin,Frukt färsk fryst,0.23,mg
2569,Litchi,"Salt, NaCl",Frukt färsk fryst,0.0,g
2569,Litchi,"Natrium, Na",Frukt färsk fryst,1.0,mg
2569,Litchi,Monosackarider,Frukt färsk fryst,6.2,g
2569,Litchi,"Sockerarter, totalt",Frukt färsk fryst,9.3,g
2569,Litchi,Summa enkelomättade fettsyror,Frukt färsk fryst,0.0,g
2569,Litchi,"Magnesium, Mg",Frukt färsk fryst,15.0,mg
2569,Litchi,Summa mättade fettsyror,Frukt färsk fryst,0.1,g
2569,Litchi,"Kolhydrater, tillgängliga",Frukt färsk fryst,11.4,g
2569,Litchi,Kolesterol,Frukt färsk fryst,0.0,mg
2569,Litchi,"Kalium, K",Frukt färsk fryst,161.0,mg
2569,Litchi,"Jod, I",Frukt färsk fryst,0.8,µg
2569,Litchi,Fullkorn totalt,Frukt färsk fryst,0.0,g
2569,Litchi,"Folat, totalt",Frukt färsk fryst,15.7,µg
2569,Litchi,Fibrer,Frukt färsk fryst,1.3,g
2569,Litchi,"Fett, totalt",Frukt färsk fryst,0.3,g
2569,Litchi,"Järn, Fe",Frukt färsk fryst,0.8,mg
2569,Litchi,Energi (kJ),Frukt färsk fryst,231.0,kJ
2569,Litchi,Energi (kcal),Frukt färsk fryst,55.0,kcal
2569,Litchi,Disackarider,Frukt färsk fryst,3.1,g
2569,Litchi,"Kalcium, Ca",Frukt färsk fryst,6.0,mg
2569,Litchi,Fettsyra 4:0-10:0,Frukt färsk fryst,0.0,g
2569,Litchi,DHA (C22:6),Frukt färsk fryst,0.0,g
2569,Litchi,DPA (C22:5),Frukt färsk fryst,0.0,g
2569,Litchi,EPA (C20:5),Frukt färsk fryst,0.0,g
2569,Litchi,Arakidonsyra C20:4,Frukt färsk fryst,0.0,g
2569,Litchi,Arakidinsyra C20:0,Frukt färsk fryst,0.0,g
2569,Litchi,Linolensyra C18:3,Frukt färsk fryst,0.0,g
2569,Litchi,Linolsyra C18:2,Frukt färsk fryst,0.1,g
2569,Litchi,Oljesyra C18:1,Frukt färsk fryst,0.0,g
2569,Litchi,Stearinsyra C18:0,Frukt färsk fryst,0.0,g
2569,Litchi,Palmitoljesyra C16:1,Frukt färsk fryst,0.0,g
2569,Litchi,Palmitinsyra C16:0,Frukt färsk fryst,0.1,g
2569,Litchi,Myristinsyra C14:0,Frukt färsk fryst,0.0,g
2569,Litchi,Laurinsyra C12:0,Frukt färsk fryst,0.0,g
2569,Litchi,Betakaroten/β-Karoten,Frukt färsk fryst,1.0,µg
2569,Litchi,Avfall (skal etc.),Frukt färsk fryst,40.0,%
2569,Litchi,Aska,Frukt färsk fryst,0.4,g
2569,Litchi,Alkohol,Frukt färsk fryst,0.0,g
2570,Carambole stjärnfrukt,"Zink, Zn",Frukt färsk fryst,0.2,mg
2570,Carambole stjärnfrukt,Vitamin E,Frukt färsk fryst,0.4,mg
2570,Carambole stjärnfrukt,Vitamin D inkl 25-OH-D3,Frukt färsk fryst,0.0,µg
2570,Carambole stjärnfrukt,Vitamin D,Frukt färsk fryst,0.0,µg
2570,Carambole stjärnfrukt,Vitamin C,Frukt färsk fryst,33.6,mg
2570,Carambole stjärnfrukt,Vitamin B6,Frukt färsk fryst,0.06,mg
2570,Carambole stjärnfrukt,Vitamin B12,Frukt färsk fryst,0.0,µg
2570,Carambole stjärnfrukt,Vitamin A,Frukt färsk fryst,0.1,RE/µg
2570,Carambole stjärnfrukt,Vatten,Frukt färsk fryst,91.2,g
2570,Carambole stjärnfrukt,Tiamin,Frukt färsk fryst,0.08,mg
2570,Carambole stjärnfrukt,Tillsatt socker,Frukt färsk fryst,0.0,g
2570,Carambole stjärnfrukt,Fritt socker,Frukt färsk fryst,0.0,g
2570,Carambole stjärnfrukt,"Selen, Se",Frukt färsk fryst,0.6,µg
2570,Carambole stjärnfrukt,Sackaros,Frukt färsk fryst,0.0,g
2570,Carambole stjärnfrukt,Riboflavin,Frukt färsk fryst,0.02,mg
2570,Carambole stjärnfrukt,Retinol,Frukt färsk fryst,0.0,µg
2570,Carambole stjärnfrukt,Protein,Frukt färsk fryst,0.8,g
2570,Carambole stjärnfrukt,Summa fleromättade fettsyror,Frukt färsk fryst,0.2,g
2570,Carambole stjärnfrukt,"Fosfor, P",Frukt färsk fryst,12.0,mg
2570,Carambole stjärnfrukt,Niacinekvivalenter,Frukt färsk fryst,0.5,NE/mg
2570,Carambole stjärnfrukt,Niacin,Frukt färsk fryst,0.34,mg
2570,Carambole stjärnfrukt,"Salt, NaCl",Frukt färsk fryst,0.0,g
2570,Carambole stjärnfrukt,"Natrium, Na",Frukt färsk fryst,2.0,mg
2570,Carambole stjärnfrukt,Monosackarider,Frukt färsk fryst,4.0,g
2570,Carambole stjärnfrukt,"Sockerarter, totalt",Frukt färsk fryst,4.0,g
2570,Carambole stjärnfrukt,Summa enkelomättade fettsyror,Frukt färsk fryst,0.0,g
2570,Carambole stjärnfrukt,"Magnesium, Mg",Frukt färsk fryst,12.0,mg
2570,Carambole stjärnfrukt,Summa mättade fettsyror,Frukt färsk fryst,0.0,g
2570,Carambole stjärnfrukt,"Kolhydrater, tillgängliga",Frukt färsk fryst,4.5,g
2570,Carambole stjärnfrukt,Kolesterol,Frukt färsk fryst,0.0,mg
2570,Carambole stjärnfrukt,"Kalium, K",Frukt färsk fryst,159.0,mg
2570,Carambole stjärnfrukt,"Jod, I",Frukt färsk fryst,0.4,µg
2570,Carambole stjärnfrukt,Fullkorn totalt,Frukt färsk fryst,0.0,g
2570,Carambole stjärnfrukt,"Folat, totalt",Frukt färsk fryst,8.4,µg
2570,Carambole stjärnfrukt,Fibrer,Frukt färsk fryst,2.8,g
2570,Carambole stjärnfrukt,"Fett, totalt",Frukt färsk fryst,0.4,g
2570,Carambole stjärnfrukt,"Järn, Fe",Frukt färsk fryst,0.4,mg
2570,Carambole stjärnfrukt,Energi (kJ),Frukt färsk fryst,127.0,kJ
2570,Carambole stjärnfrukt,Energi (kcal),Frukt färsk fryst,30.0,kcal
2570,Carambole stjärnfrukt,Disackarider,Frukt färsk fryst,0.0,g
2570,Carambole stjärnfrukt,"Kalcium, Ca",Frukt färsk fryst,5.0,mg
2570,Carambole stjärnfrukt,Fettsyra 4:0-10:0,Frukt färsk fryst,0.0,g
2570,Carambole stjärnfrukt,DHA (C22:6),Frukt färsk fryst,0.0,g
2570,Carambole stjärnfrukt,DPA (C22:5),Frukt färsk fryst,0.0,g
2570,Carambole stjärnfrukt,EPA (C20:5),Frukt färsk fryst,0.0,g
2570,Carambole stjärnfrukt,Arakidonsyra C20:4,Frukt färsk fryst,0.0,g
2570,Carambole stjärnfrukt,Arakidinsyra C20:0,Frukt färsk fryst,0.0,g
2570,Carambole stjärnfrukt,Linolensyra C18:3,Frukt färsk fryst,0.0,g
2570,Carambole stjärnfrukt,Linolsyra C18:2,Frukt färsk fryst,0.2,g
2570,Carambole stjärnfrukt,Oljesyra C18:1,Frukt färsk fryst,0.0,g
2570,Carambole stjärnfrukt,Stearinsyra C18:0,Frukt färsk fryst,0.0,g
2570,Carambole stjärnfrukt,Palmitoljesyra C16:1,Frukt färsk fryst,0.0,g
2570,Carambole stjärnfrukt,Palmitinsyra C16:0,Frukt färsk fryst,0.0,g
2570,Carambole stjärnfrukt,Myristinsyra C14:0,Frukt färsk fryst,0.0,g
2570,Carambole stjärnfrukt,Laurinsyra C12:0,Frukt färsk fryst,0.0,g
2570,Carambole stjärnfrukt,Betakaroten/β-Karoten,Frukt färsk fryst,1.0,µg
2570,Carambole stjärnfrukt,Avfall (skal etc.),Frukt färsk fryst,0.0,%
2570,Carambole stjärnfrukt,Aska,Frukt färsk fryst,0.3,g
2570,Carambole stjärnfrukt,Alkohol,Frukt färsk fryst,0.0,g
2605,Blomkål stekt el. wokad,"Zink, Zn",Grönsaker,0.3,mg
2605,Blomkål stekt el. wokad,Vitamin E,Grönsaker,1.3,mg
2605,Blomkål stekt el. wokad,Vitamin D,Grönsaker,0.19,µg
2605,Blomkål stekt el. wokad,Vitamin C,Grönsaker,61.8,mg
2605,Blomkål stekt el. wokad,Vitamin B6,Grönsaker,0.21,mg
2605,Blomkål stekt el. wokad,Vitamin B12,Grönsaker,0.0,µg
2605,Blomkål stekt el. wokad,Vitamin A,Grönsaker,14.7,RE/µg
2605,Blomkål stekt el. wokad,Vatten,Grönsaker,84.3,g
2605,Blomkål stekt el. wokad,Tiamin,Grönsaker,0.07,mg
2605,Blomkål stekt el. wokad,Tillsatt socker,Grönsaker,0.0,g
2605,Blomkål stekt el. wokad,Fritt socker,Grönsaker,0.0,g
2605,Blomkål stekt el. wokad,"Selen, Se",Grönsaker,0.0,µg
2605,Blomkål stekt el. wokad,Sackaros,Grönsaker,0.8,g
2605,Blomkål stekt el. wokad,Riboflavin,Grönsaker,0.06,mg
2605,Blomkål stekt el. wokad,Retinol,Grönsaker,6.7,µg
2605,Blomkål stekt el. wokad,Protein,Grönsaker,2.5,g
2605,Blomkål stekt el. wokad,Summa fleromättade fettsyror,Grönsaker,1.4,g
2605,Blomkål stekt el. wokad,"Fosfor, P",Grönsaker,57.0,mg
2605,Blomkål stekt el. wokad,Niacinekvivalenter,Grönsaker,1.04,NE/mg
2605,Blomkål stekt el. wokad,Niacin,Grönsaker,0.68,mg
2605,Blomkål stekt el. wokad,"Salt, NaCl",Grönsaker,1.0,g
2605,Blomkål stekt el. wokad,"Natrium, Na",Grönsaker,403.0,mg
2605,Blomkål stekt el. wokad,Monosackarider,Grönsaker,2.7,g
2605,Blomkål stekt el. wokad,"Sockerarter, totalt",Grönsaker,3.5,g
2605,Blomkål stekt el. wokad,Summa enkelomättade fettsyror,Grönsaker,2.6,g
2605,Blomkål stekt el. wokad,"Magnesium, Mg",Grönsaker,15.0,mg
2605,Blomkål stekt el. wokad,Summa mättade fettsyror,Grönsaker,0.5,g
2605,Blomkål stekt el. wokad,"Kolhydrater, tillgängliga",Grönsaker,3.4,g
2605,Blomkål stekt el. wokad,Kolesterol,Grönsaker,0.0,mg
2605,Blomkål stekt el. wokad,"Kalium, K",Grönsaker,443.0,mg
2605,Blomkål stekt el. wokad,"Jod, I",Grönsaker,49.9,µg
2605,Blomkål stekt el. wokad,Fullkorn totalt,Grönsaker,0.0,g
2605,Blomkål stekt el. wokad,"Folat, totalt",Grönsaker,80.6,µg
2605,Blomkål stekt el. wokad,Fibrer,Grönsaker,3.0,g
2605,Blomkål stekt el. wokad,"Fett, totalt",Grönsaker,4.8,g
2605,Blomkål stekt el. wokad,"Järn, Fe",Grönsaker,0.4,mg
2605,Blomkål stekt el. wokad,Energi (kJ),Grönsaker,301.0,kJ
2605,Blomkål stekt el. wokad,Energi (kcal),Grönsaker,71.0,kcal
2605,Blomkål stekt el. wokad,Disackarider,Grönsaker,0.8,g
2605,Blomkål stekt el. wokad,"Kalcium, Ca",Grönsaker,31.0,mg
2605,Blomkål stekt el. wokad,Fettsyra 4:0-10:0,Grönsaker,0.0,g
2605,Blomkål stekt el. wokad,DHA (C22:6),Grönsaker,0.0,g
2605,Blomkål stekt el. wokad,DPA (C22:5),Grönsaker,0.0,g
2605,Blomkål stekt el. wokad,EPA (C20:5),Grönsaker,0.0,g
2605,Blomkål stekt el. wokad,Arakidonsyra C20:4,Grönsaker,0.0,g
2605,Blomkål stekt el. wokad,Arakidinsyra C20:0,Grönsaker,0.0,g
2605,Blomkål stekt el. wokad,Linolensyra C18:3,Grönsaker,0.4,g
2605,Blomkål stekt el. wokad,Linolsyra C18:2,Grönsaker,1.0,g
2605,Blomkål stekt el. wokad,Oljesyra C18:1,Grönsaker,2.5,g
2605,Blomkål stekt el. wokad,Stearinsyra C18:0,Grönsaker,0.1,g
2605,Blomkål stekt el. wokad,Palmitoljesyra C16:1,Grönsaker,0.0,g
2605,Blomkål stekt el. wokad,Palmitinsyra C16:0,Grönsaker,0.3,g
2605,Blomkål stekt el. wokad,Myristinsyra C14:0,Grönsaker,0.0,g
2605,Blomkål stekt el. wokad,Laurinsyra C12:0,Grönsaker,0.0,g
2605,Blomkål stekt el. wokad,Betakaroten/β-Karoten,Grönsaker,13.0,µg
2605,Blomkål stekt el. wokad,Avfall (skal etc.),Grönsaker,32.0,%
2605,Blomkål stekt el. wokad,Aska,Grönsaker,2.0,g
2605,Blomkål stekt el. wokad,Alkohol,Grönsaker,0.0,g
2606,Broccoli stekt el. wokad,"Zink, Zn",Grönsaker,0.9,mg
2606,Broccoli stekt el. wokad,Vitamin E,Grönsaker,3.3,mg
2606,Broccoli stekt el. wokad,Vitamin D,Grönsaker,0.18,µg
2606,Broccoli stekt el. wokad,Vitamin C,Grönsaker,60.8,mg
2606,Broccoli stekt el. wokad,Vitamin B6,Grönsaker,0.15,mg
2606,Broccoli stekt el. wokad,Vitamin B12,Grönsaker,0.0,µg
2606,Broccoli stekt el. wokad,Vitamin A,Grönsaker,75.9,RE/µg
2606,Broccoli stekt el. wokad,Vatten,Grönsaker,79.4,g
2606,Broccoli stekt el. wokad,Tiamin,Grönsaker,0.17,mg
2606,Broccoli stekt el. wokad,Tillsatt socker,Grönsaker,0.0,g
2606,Broccoli stekt el. wokad,Fritt socker,Grönsaker,0.0,g
2606,Broccoli stekt el. wokad,"Selen, Se",Grönsaker,1.3,µg
2606,Broccoli stekt el. wokad,Sackaros,Grönsaker,0.0,g
2606,Broccoli stekt el. wokad,Riboflavin,Grönsaker,0.15,mg
2606,Broccoli stekt el. wokad,Retinol,Grönsaker,6.6,µg
2606,Broccoli stekt el. wokad,Protein,Grönsaker,5.5,g
2606,Broccoli stekt el. wokad,Summa fleromättade fettsyror,Grönsaker,1.7,g
2606,Broccoli stekt el. wokad,"Fosfor, P",Grönsaker,105.0,mg
2606,Broccoli stekt el. wokad,Niacinekvivalenter,Grönsaker,1.92,NE/mg
2606,Broccoli stekt el. wokad,Niacin,Grönsaker,1.03,mg
2606,Broccoli stekt el. wokad,"Salt, NaCl",Grönsaker,1.0,g
2606,Broccoli stekt el. wokad,"Natrium, Na",Grönsaker,401.0,mg
2606,Broccoli stekt el. wokad,Monosackarider,Grönsaker,2.4,g
2606,Broccoli stekt el. wokad,"Sockerarter, totalt",Grönsaker,2.4,g
2606,Broccoli stekt el. wokad,Summa enkelomättade fettsyror,Grönsaker,2.7,g
2606,Broccoli stekt el. wokad,"Magnesium, Mg",Grönsaker,29.0,mg
2606,Broccoli stekt el. wokad,Summa mättade fettsyror,Grönsaker,0.7,g
2606,Broccoli stekt el. wokad,"Kolhydrater, tillgängliga",Grönsaker,3.0,g
2606,Broccoli stekt el. wokad,Kolesterol,Grönsaker,0.0,mg
2606,Broccoli stekt el. wokad,"Kalium, K",Grönsaker,509.0,mg
2606,Broccoli stekt el. wokad,"Jod, I",Grönsaker,50.6,µg
2606,Broccoli stekt el. wokad,Fullkorn totalt,Grönsaker,0.0,g
2606,Broccoli stekt el. wokad,"Folat, totalt",Grönsaker,85.3,µg
2606,Broccoli stekt el. wokad,Fibrer,Grönsaker,5.1,g
2606,Broccoli stekt el. wokad,"Fett, totalt",Grönsaker,5.2,g
2606,Broccoli stekt el. wokad,"Järn, Fe",Grönsaker,1.4,mg
2606,Broccoli stekt el. wokad,Energi (kJ),Grönsaker,379.0,kJ
2606,Broccoli stekt el. wokad,Energi (kcal),Grönsaker,91.0,kcal
2606,Broccoli stekt el. wokad,Disackarider,Grönsaker,0.0,g
2606,Broccoli stekt el. wokad,"Kalcium, Ca",Grönsaker,63.0,mg
2606,Broccoli stekt el. wokad,Fettsyra 4:0-10:0,Grönsaker,0.0,g
2606,Broccoli stekt el. wokad,DHA (C22:6),Grönsaker,0.0,g
2606,Broccoli stekt el. wokad,DPA (C22:5),Grönsaker,0.0,g
2606,Broccoli stekt el. wokad,EPA (C20:5),Grönsaker,0.0,g
2606,Broccoli stekt el. wokad,Arakidonsyra C20:4,Grönsaker,0.0,g
2606,Broccoli stekt el. wokad,Arakidinsyra C20:0,Grönsaker,0.0,g
2606,Broccoli stekt el. wokad,Linolensyra C18:3,Grönsaker,0.5,g
2606,Broccoli stekt el. wokad,Linolsyra C18:2,Grönsaker,1.1,g
2606,Broccoli stekt el. wokad,Oljesyra C18:1,Grönsaker,2.5,g
2606,Broccoli stekt el. wokad,Stearinsyra C18:0,Grönsaker,0.1,g
2606,Broccoli stekt el. wokad,Palmitoljesyra C16:1,Grönsaker,0.0,g
2606,Broccoli stekt el. wokad,Palmitinsyra C16:0,Grönsaker,0.4,g
2606,Broccoli stekt el. wokad,Myristinsyra C14:0,Grönsaker,0.0,g
2606,Broccoli stekt el. wokad,Laurinsyra C12:0,Grönsaker,0.0,g
2606,Broccoli stekt el. wokad,Betakaroten/β-Karoten,Grönsaker,746.0,µg
2606,Broccoli stekt el. wokad,Avfall (skal etc.),Grönsaker,37.0,%
2606,Broccoli stekt el. wokad,Aska,Grönsaker,1.7,g
2606,Broccoli stekt el. wokad,Alkohol,Grönsaker,0.0,g
2608,Morot stekt el. wokad,"Zink, Zn",Rotfrukter,0.2,mg
2608,Morot stekt el. wokad,Vitamin E,Rotfrukter,2.5,mg
2608,Morot stekt el. wokad,Vitamin D,Rotfrukter,0.27,µg
2608,Morot stekt el. wokad,Vitamin C,Rotfrukter,3.7,mg
2608,Morot stekt el. wokad,Vitamin B6,Rotfrukter,0.15,mg
2608,Morot stekt el. wokad,Vitamin B12,Rotfrukter,0.0,µg
2608,Morot stekt el. wokad,Vitamin A,Rotfrukter,1099.7,RE/µg
2608,Morot stekt el. wokad,Vatten,Rotfrukter,78.9,g
2608,Morot stekt el. wokad,Tiamin,Rotfrukter,0.05,mg
2608,Morot stekt el. wokad,Tillsatt socker,Rotfrukter,0.0,g
2608,Morot stekt el. wokad,Fritt socker,Rotfrukter,0.0,g
2608,Morot stekt el. wokad,"Selen, Se",Rotfrukter,0.0,µg
2608,Morot stekt el. wokad,Sackaros,Rotfrukter,3.8,g
2608,Morot stekt el. wokad,Riboflavin,Rotfrukter,0.0,mg
2608,Morot stekt el. wokad,Retinol,Rotfrukter,9.7,µg
2608,Morot stekt el. wokad,Protein,Rotfrukter,0.9,g
2608,Morot stekt el. wokad,Summa fleromättade fettsyror,Rotfrukter,2.0,g
2608,Morot stekt el. wokad,"Fosfor, P",Rotfrukter,30.0,mg
2608,Morot stekt el. wokad,Niacinekvivalenter,Rotfrukter,1.13,NE/mg
2608,Morot stekt el. wokad,Niacin,Rotfrukter,1.0,mg
2608,Morot stekt el. wokad,"Salt, NaCl",Rotfrukter,1.5,g
2608,Morot stekt el. wokad,"Natrium, Na",Rotfrukter,573.0,mg
2608,Morot stekt el. wokad,Monosackarider,Rotfrukter,4.0,g
2608,Morot stekt el. wokad,"Sockerarter, totalt",Rotfrukter,7.8,g
2608,Morot stekt el. wokad,Summa enkelomättade fettsyror,Rotfrukter,3.7,g
2608,Morot stekt el. wokad,"Magnesium, Mg",Rotfrukter,10.0,mg
2608,Morot stekt el. wokad,Summa mättade fettsyror,Rotfrukter,0.7,g
2608,Morot stekt el. wokad,"Kolhydrater, tillgängliga",Rotfrukter,8.3,g
2608,Morot stekt el. wokad,Kolesterol,Rotfrukter,0.0,mg
2608,Morot stekt el. wokad,"Kalium, K",Rotfrukter,264.0,mg
2608,Morot stekt el. wokad,"Jod, I",Rotfrukter,66.2,µg
2608,Morot stekt el. wokad,Fullkorn totalt,Rotfrukter,0.0,g
2608,Morot stekt el. wokad,"Folat, totalt",Rotfrukter,19.5,µg
2608,Morot stekt el. wokad,Fibrer,Rotfrukter,3.0,g
2608,Morot stekt el. wokad,"Fett, totalt",Rotfrukter,6.9,g
2608,Morot stekt el. wokad,"Järn, Fe",Rotfrukter,0.2,mg
2608,Morot stekt el. wokad,Energi (kJ),Rotfrukter,434.0,kJ
2608,Morot stekt el. wokad,Energi (kcal),Rotfrukter,103.0,kcal
2608,Morot stekt el. wokad,Disackarider,Rotfrukter,3.8,g
2608,Morot stekt el. wokad,"Kalcium, Ca",Rotfrukter,35.0,mg
2608,Morot stekt el. wokad,Fettsyra 4:0-10:0,Rotfrukter,0.0,g
2608,Morot stekt el. wokad,DHA (C22:6),Rotfrukter,0.0,g
2608,Morot stekt el. wokad,DPA (C22:5),Rotfrukter,0.0,g
2608,Morot stekt el. wokad,EPA (C20:5),Rotfrukter,0.0,g
2608,Morot stekt el. wokad,Arakidonsyra C20:4,Rotfrukter,0.0,g
2608,Morot stekt el. wokad,Arakidinsyra C20:0,Rotfrukter,0.0,g
2608,Morot stekt el. wokad,Linolensyra C18:3,Rotfrukter,0.5,g
2608,Morot stekt el. wokad,Linolsyra C18:2,Rotfrukter,1.6,g
2608,Morot stekt el. wokad,Oljesyra C18:1,Rotfrukter,3.6,g
2608,Morot stekt el. wokad,Stearinsyra C18:0,Rotfrukter,0.1,g
2608,Morot stekt el. wokad,Palmitoljesyra C16:1,Rotfrukter,0.0,g
2608,Morot stekt el. wokad,Palmitinsyra C16:0,Rotfrukter,0.5,g
2608,Morot stekt el. wokad,Myristinsyra C14:0,Rotfrukter,0.0,g
2608,Morot stekt el. wokad,Laurinsyra C12:0,Rotfrukter,0.0,g
2608,Morot stekt el. wokad,Betakaroten/β-Karoten,Rotfrukter,10902.0,µg
2608,Morot stekt el. wokad,Avfall (skal etc.),Rotfrukter,5.0,%
2608,Morot stekt el. wokad,Aska,Rotfrukter,2.1,g
2608,Morot stekt el. wokad,Alkohol,Rotfrukter,0.0,g
2609,Palsternacka stekt el. wokad ,"Zink, Zn",Rotfrukter,0.6,mg
2609,Palsternacka stekt el. wokad ,Vitamin E,Rotfrukter,1.8,mg
2609,Palsternacka stekt el. wokad ,Vitamin D,Rotfrukter,0.14,µg
2609,Palsternacka stekt el. wokad ,Vitamin C,Rotfrukter,12.6,mg
2609,Palsternacka stekt el. wokad ,Vitamin B6,Rotfrukter,0.1,mg
2609,Palsternacka stekt el. wokad ,Vitamin B12,Rotfrukter,0.0,µg
2609,Palsternacka stekt el. wokad ,Vitamin A,Rotfrukter,10.5,RE/µg
2609,Palsternacka stekt el. wokad ,Vatten,Rotfrukter,71.3,g
2609,Palsternacka stekt el. wokad ,Tiamin,Rotfrukter,0.1,mg
2609,Palsternacka stekt el. wokad ,Tillsatt socker,Rotfrukter,0.0,g
2609,Palsternacka stekt el. wokad ,Fritt socker,Rotfrukter,0.0,g
2609,Palsternacka stekt el. wokad ,"Selen, Se",Rotfrukter,0.0,µg
2609,Palsternacka stekt el. wokad ,Sackaros,Rotfrukter,5.8,g
2609,Palsternacka stekt el. wokad ,Riboflavin,Rotfrukter,0.07,mg
2609,Palsternacka stekt el. wokad ,Retinol,Rotfrukter,4.9,µg
2609,Palsternacka stekt el. wokad ,Protein,Rotfrukter,2.2,g
2609,Palsternacka stekt el. wokad ,Summa fleromättade fettsyror,Rotfrukter,1.4,g
2609,Palsternacka stekt el. wokad ,"Fosfor, P",Rotfrukter,71.0,mg
2609,Palsternacka stekt el. wokad ,Niacinekvivalenter,Rotfrukter,3.16,NE/mg
2609,Palsternacka stekt el. wokad ,Niacin,Rotfrukter,2.75,mg
2609,Palsternacka stekt el. wokad ,"Salt, NaCl",Rotfrukter,0.6,g
2609,Palsternacka stekt el. wokad ,"Natrium, Na",Rotfrukter,260.0,mg
2609,Palsternacka stekt el. wokad ,Monosackarider,Rotfrukter,1.6,g
2609,Palsternacka stekt el. wokad ,"Sockerarter, totalt",Rotfrukter,7.6,g
2609,Palsternacka stekt el. wokad ,Summa enkelomättade fettsyror,Rotfrukter,1.9,g
2609,Palsternacka stekt el. wokad ,"Magnesium, Mg",Rotfrukter,23.0,mg
2609,Palsternacka stekt el. wokad ,Summa mättade fettsyror,Rotfrukter,0.4,g
2609,Palsternacka stekt el. wokad ,"Kolhydrater, tillgängliga",Rotfrukter,15.9,g
2609,Palsternacka stekt el. wokad ,Kolesterol,Rotfrukter,0.0,mg
2609,Palsternacka stekt el. wokad ,"Kalium, K",Rotfrukter,505.0,mg
2609,Palsternacka stekt el. wokad ,"Jod, I",Rotfrukter,32.0,µg
2609,Palsternacka stekt el. wokad ,Fullkorn totalt,Rotfrukter,0.0,g
2609,Palsternacka stekt el. wokad ,"Folat, totalt",Rotfrukter,68.9,µg
2609,Palsternacka stekt el. wokad ,Fibrer,Rotfrukter,4.7,g
2609,Palsternacka stekt el. wokad ,"Fett, totalt",Rotfrukter,4.1,g
2609,Palsternacka stekt el. wokad ,"Järn, Fe",Rotfrukter,0.5,mg
2609,Palsternacka stekt el. wokad ,Energi (kJ),Rotfrukter,495.0,kJ
2609,Palsternacka stekt el. wokad ,Energi (kcal),Rotfrukter,119.0,kcal
2609,Palsternacka stekt el. wokad ,Disackarider,Rotfrukter,5.9,g
2609,Palsternacka stekt el. wokad ,"Kalcium, Ca",Rotfrukter,43.0,mg
2609,Palsternacka stekt el. wokad ,Fettsyra 4:0-10:0,Rotfrukter,0.0,g
2609,Palsternacka stekt el. wokad ,DHA (C22:6),Rotfrukter,0.0,g
2609,Palsternacka stekt el. wokad ,DPA (C22:5),Rotfrukter,0.0,g
2609,Palsternacka stekt el. wokad ,EPA (C20:5),Rotfrukter,0.0,g
2609,Palsternacka stekt el. wokad ,Arakidonsyra C20:4,Rotfrukter,0.0,g
2609,Palsternacka stekt el. wokad ,Arakidinsyra C20:0,Rotfrukter,0.0,g
2609,Palsternacka stekt el. wokad ,Linolensyra C18:3,Rotfrukter,0.3,g
2609,Palsternacka stekt el. wokad ,Linolsyra C18:2,Rotfrukter,1.1,g
2609,Palsternacka stekt el. wokad ,Oljesyra C18:1,Rotfrukter,1.9,g
2609,Palsternacka stekt el. wokad ,Stearinsyra C18:0,Rotfrukter,0.1,g
2609,Palsternacka stekt el. wokad ,Palmitoljesyra C16:1,Rotfrukter,0.0,g
2609,Palsternacka stekt el. wokad ,Palmitinsyra C16:0,Rotfrukter,0.3,g
2609,Palsternacka stekt el. wokad ,Myristinsyra C14:0,Rotfrukter,0.0,g
2609,Palsternacka stekt el. wokad ,Laurinsyra C12:0,Rotfrukter,0.0,g
2609,Palsternacka stekt el. wokad ,Betakaroten/β-Karoten,Rotfrukter,6.0,µg
2609,Palsternacka stekt el. wokad ,Avfall (skal etc.),Rotfrukter,21.0,%
2609,Palsternacka stekt el. wokad ,Aska,Rotfrukter,1.8,g
2609,Palsternacka stekt el. wokad ,Alkohol,Rotfrukter,0.0,g
2610,Paprika stekt el. wokad ,"Zink, Zn",Grönsaker,0.2,mg
2610,Paprika stekt el. wokad ,Vitamin E,Grönsaker,4.1,mg
2610,Paprika stekt el. wokad ,Vitamin D,Grönsaker,0.23,µg
2610,Paprika stekt el. wokad ,Vitamin C,Grönsaker,112.2,mg
2610,Paprika stekt el. wokad ,Vitamin B6,Grönsaker,0.26,mg
2610,Paprika stekt el. wokad ,Vitamin B12,Grönsaker,0.0,µg
2610,Paprika stekt el. wokad ,Vitamin A,Grönsaker,50.3,RE/µg
2610,Paprika stekt el. wokad ,Vatten,Grönsaker,84.9,g
2610,Paprika stekt el. wokad ,Tiamin,Grönsaker,0.03,mg
2610,Paprika stekt el. wokad ,Tillsatt socker,Grönsaker,0.0,g
2610,Paprika stekt el. wokad ,Fritt socker,Grönsaker,0.0,g
2610,Paprika stekt el. wokad ,"Selen, Se",Grönsaker,0.0,µg
2610,Paprika stekt el. wokad ,Sackaros,Grönsaker,0.2,g
2610,Paprika stekt el. wokad ,Riboflavin,Grönsaker,0.03,mg
2610,Paprika stekt el. wokad ,Retinol,Grönsaker,8.3,µg
2610,Paprika stekt el. wokad ,Protein,Grönsaker,0.7,g
2610,Paprika stekt el. wokad ,Summa fleromättade fettsyror,Grönsaker,1.6,g
2610,Paprika stekt el. wokad ,"Fosfor, P",Grönsaker,21.0,mg
2610,Paprika stekt el. wokad ,Niacinekvivalenter,Grönsaker,1.14,NE/mg
2610,Paprika stekt el. wokad ,Niacin,Grönsaker,1.0,mg
2610,Paprika stekt el. wokad ,"Salt, NaCl",Grönsaker,1.0,g
2610,Paprika stekt el. wokad ,"Natrium, Na",Grönsaker,395.0,mg
2610,Paprika stekt el. wokad ,Monosackarider,Grönsaker,5.7,g
2610,Paprika stekt el. wokad ,"Sockerarter, totalt",Grönsaker,5.9,g
2610,Paprika stekt el. wokad ,Summa enkelomättade fettsyror,Grönsaker,3.2,g
2610,Paprika stekt el. wokad ,"Magnesium, Mg",Grönsaker,11.0,mg
2610,Paprika stekt el. wokad ,Summa mättade fettsyror,Grönsaker,0.6,g
2610,Paprika stekt el. wokad ,"Kolhydrater, tillgängliga",Grönsaker,5.1,g
2610,Paprika stekt el. wokad ,Kolesterol,Grönsaker,0.0,mg
2610,Paprika stekt el. wokad ,"Kalium, K",Grönsaker,152.0,mg
2610,Paprika stekt el. wokad ,"Jod, I",Grönsaker,48.5,µg
2610,Paprika stekt el. wokad ,Fullkorn totalt,Grönsaker,0.0,g
2610,Paprika stekt el. wokad ,"Folat, totalt",Grönsaker,39.0,µg
2610,Paprika stekt el. wokad ,Fibrer,Grönsaker,1.7,g
2610,Paprika stekt el. wokad ,"Fett, totalt",Grönsaker,5.8,g
2610,Paprika stekt el. wokad ,"Järn, Fe",Grönsaker,0.4,mg
2610,Paprika stekt el. wokad ,Energi (kJ),Grönsaker,328.0,kJ
2610,Paprika stekt el. wokad ,Energi (kcal),Grönsaker,78.0,kcal
2610,Paprika stekt el. wokad ,Disackarider,Grönsaker,0.2,g
2610,Paprika stekt el. wokad ,"Kalcium, Ca",Grönsaker,12.0,mg
2610,Paprika stekt el. wokad ,Fettsyra 4:0-10:0,Grönsaker,0.0,g
2610,Paprika stekt el. wokad ,DHA (C22:6),Grönsaker,0.0,g
2610,Paprika stekt el. wokad ,DPA (C22:5),Grönsaker,0.0,g
2610,Paprika stekt el. wokad ,EPA (C20:5),Grönsaker,0.0,g
2610,Paprika stekt el. wokad ,Arakidonsyra C20:4,Grönsaker,0.0,g
2610,Paprika stekt el. wokad ,Arakidinsyra C20:0,Grönsaker,0.0,g
2610,Paprika stekt el. wokad ,Linolensyra C18:3,Grönsaker,0.4,g
2610,Paprika stekt el. wokad ,Linolsyra C18:2,Grönsaker,1.2,g
2610,Paprika stekt el. wokad ,Oljesyra C18:1,Grönsaker,3.1,g
2610,Paprika stekt el. wokad ,Stearinsyra C18:0,Grönsaker,0.1,g
2610,Paprika stekt el. wokad ,Palmitoljesyra C16:1,Grönsaker,0.0,g
2610,Paprika stekt el. wokad ,Palmitinsyra C16:0,Grönsaker,0.3,g
2610,Paprika stekt el. wokad ,Myristinsyra C14:0,Grönsaker,0.0,g
2610,Paprika stekt el. wokad ,Laurinsyra C12:0,Grönsaker,0.0,g
2610,Paprika stekt el. wokad ,Betakaroten/β-Karoten,Grönsaker,333.0,µg
2610,Paprika stekt el. wokad ,Avfall (skal etc.),Grönsaker,16.0,%
2610,Paprika stekt el. wokad ,Aska,Grönsaker,1.8,g
2610,Paprika stekt el. wokad ,Alkohol,Grönsaker,0.0,g
2612,Purjolök stekt el. wokad,"Zink, Zn",Grönsaker,0.3,mg
2612,Purjolök stekt el. wokad,Vitamin E,Grönsaker,2.2,mg
2612,Purjolök stekt el. wokad,Vitamin D,Grönsaker,0.19,µg
2612,Purjolök stekt el. wokad,Vitamin C,Grönsaker,15.8,mg
2612,Purjolök stekt el. wokad,Vitamin B6,Grönsaker,0.24,mg
2612,Purjolök stekt el. wokad,Vitamin B12,Grönsaker,0.0,µg
2612,Purjolök stekt el. wokad,Vitamin A,Grönsaker,50.0,RE/µg
2612,Purjolök stekt el. wokad,Vatten,Grönsaker,82.7,g
2612,Purjolök stekt el. wokad,Tiamin,Grönsaker,0.1,mg
2612,Purjolök stekt el. wokad,Tillsatt socker,Grönsaker,0.0,g
2612,Purjolök stekt el. wokad,Fritt socker,Grönsaker,0.0,g
2612,Purjolök stekt el. wokad,"Selen, Se",Grönsaker,0.0,µg
2612,Purjolök stekt el. wokad,Sackaros,Grönsaker,0.6,g
2612,Purjolök stekt el. wokad,Riboflavin,Grönsaker,0.08,mg
2612,Purjolök stekt el. wokad,Retinol,Grönsaker,6.7,µg
2612,Purjolök stekt el. wokad,Protein,Grönsaker,2.1,g
2612,Purjolök stekt el. wokad,Summa fleromättade fettsyror,Grönsaker,1.4,g
2612,Purjolök stekt el. wokad,"Fosfor, P",Grönsaker,38.0,mg
2612,Purjolök stekt el. wokad,Niacinekvivalenter,Grönsaker,0.91,NE/mg
2612,Purjolök stekt el. wokad,Niacin,Grönsaker,0.62,mg
2612,Purjolök stekt el. wokad,"Salt, NaCl",Grönsaker,1.0,g
2612,Purjolök stekt el. wokad,"Natrium, Na",Grönsaker,401.0,mg
2612,Purjolök stekt el. wokad,Monosackarider,Grönsaker,4.5,g
2612,Purjolök stekt el. wokad,"Sockerarter, totalt",Grönsaker,5.2,g
2612,Purjolök stekt el. wokad,Summa enkelomättade fettsyror,Grönsaker,2.6,g
2612,Purjolök stekt el. wokad,"Magnesium, Mg",Grönsaker,15.0,mg
2612,Purjolök stekt el. wokad,Summa mättade fettsyror,Grönsaker,0.5,g
2612,Purjolök stekt el. wokad,"Kolhydrater, tillgängliga",Grönsaker,5.3,g
2612,Purjolök stekt el. wokad,Kolesterol,Grönsaker,0.0,mg
2612,Purjolök stekt el. wokad,"Kalium, K",Grönsaker,311.0,mg
2612,Purjolök stekt el. wokad,"Jod, I",Grönsaker,51.2,µg
2612,Purjolök stekt el. wokad,Fullkorn totalt,Grönsaker,0.0,g
2612,Purjolök stekt el. wokad,"Folat, totalt",Grönsaker,65.7,µg
2612,Purjolök stekt el. wokad,Fibrer,Grönsaker,3.5,g
2612,Purjolök stekt el. wokad,"Fett, totalt",Grönsaker,4.7,g
2612,Purjolök stekt el. wokad,"Järn, Fe",Grönsaker,0.7,mg
2612,Purjolök stekt el. wokad,Energi (kJ),Grönsaker,326.0,kJ
2612,Purjolök stekt el. wokad,Energi (kcal),Grönsaker,79.0,kcal
2612,Purjolök stekt el. wokad,Disackarider,Grönsaker,0.7,g
2612,Purjolök stekt el. wokad,"Kalcium, Ca",Grönsaker,58.0,mg
2612,Purjolök stekt el. wokad,Fettsyra 4:0-10:0,Grönsaker,0.0,g
2612,Purjolök stekt el. wokad,DHA (C22:6),Grönsaker,0.0,g
2612,Purjolök stekt el. wokad,DPA (C22:5),Grönsaker,0.0,g
2612,Purjolök stekt el. wokad,EPA (C20:5),Grönsaker,0.0,g
2612,Purjolök stekt el. wokad,Arakidonsyra C20:4,Grönsaker,0.0,g
2612,Purjolök stekt el. wokad,Arakidinsyra C20:0,Grönsaker,0.0,g
2612,Purjolök stekt el. wokad,Linolensyra C18:3,Grönsaker,0.3,g
2612,Purjolök stekt el. wokad,Linolsyra C18:2,Grönsaker,1.0,g
2612,Purjolök stekt el. wokad,Oljesyra C18:1,Grönsaker,2.5,g
2612,Purjolök stekt el. wokad,Stearinsyra C18:0,Grönsaker,0.1,g
2612,Purjolök stekt el. wokad,Palmitoljesyra C16:1,Grönsaker,0.0,g
2612,Purjolök stekt el. wokad,Palmitinsyra C16:0,Grönsaker,0.3,g
2612,Purjolök stekt el. wokad,Myristinsyra C14:0,Grönsaker,0.0,g
2612,Purjolök stekt el. wokad,Laurinsyra C12:0,Grönsaker,0.0,g
2612,Purjolök stekt el. wokad,Betakaroten/β-Karoten,Grönsaker,436.0,µg
2612,Purjolök stekt el. wokad,Avfall (skal etc.),Grönsaker,8.0,%
2612,Purjolök stekt el. wokad,Aska,Grönsaker,1.8,g
2612,Purjolök stekt el. wokad,Alkohol,Grönsaker,0.0,g
2613,Rotselleri stekt el. wokad,"Zink, Zn",Rotfrukter,0.4,mg
2613,Rotselleri stekt el. wokad,Vitamin E,Rotfrukter,1.4,mg
2613,Rotselleri stekt el. wokad,Vitamin D,Rotfrukter,0.19,µg
2613,Rotselleri stekt el. wokad,Vitamin C,Rotfrukter,7.1,mg
2613,Rotselleri stekt el. wokad,Vitamin B6,Rotfrukter,0.26,mg
2613,Rotselleri stekt el. wokad,Vitamin B12,Rotfrukter,0.0,µg
2613,Rotselleri stekt el. wokad,Vitamin A,Rotfrukter,14.2,RE/µg
2613,Rotselleri stekt el. wokad,Vatten,Rotfrukter,81.6,g
2613,Rotselleri stekt el. wokad,Tiamin,Rotfrukter,0.05,mg
2613,Rotselleri stekt el. wokad,Tillsatt socker,Rotfrukter,0.0,g
2613,Rotselleri stekt el. wokad,Fritt socker,Rotfrukter,0.0,g
2613,Rotselleri stekt el. wokad,"Selen, Se",Rotfrukter,0.0,µg
2613,Rotselleri stekt el. wokad,Sackaros,Rotfrukter,3.1,g
2613,Rotselleri stekt el. wokad,Riboflavin,Rotfrukter,0.06,mg
2613,Rotselleri stekt el. wokad,Retinol,Rotfrukter,6.6,µg
2613,Rotselleri stekt el. wokad,Protein,Rotfrukter,1.3,g
2613,Rotselleri stekt el. wokad,Summa fleromättade fettsyror,Rotfrukter,1.6,g
2613,Rotselleri stekt el. wokad,"Fosfor, P",Rotfrukter,78.0,mg
2613,Rotselleri stekt el. wokad,Niacinekvivalenter,Rotfrukter,0.9,NE/mg
2613,Rotselleri stekt el. wokad,Niacin,Rotfrukter,0.72,mg
2613,Rotselleri stekt el. wokad,"Salt, NaCl",Rotfrukter,1.1,g
2613,Rotselleri stekt el. wokad,"Natrium, Na",Rotfrukter,450.0,mg
2613,Rotselleri stekt el. wokad,Monosackarider,Rotfrukter,0.0,g
2613,Rotselleri stekt el. wokad,"Sockerarter, totalt",Rotfrukter,3.1,g
2613,Rotselleri stekt el. wokad,Summa enkelomättade fettsyror,Rotfrukter,2.6,g
2613,Rotselleri stekt el. wokad,"Magnesium, Mg",Rotfrukter,15.0,mg
2613,Rotselleri stekt el. wokad,Summa mättade fettsyror,Rotfrukter,0.6,g
2613,Rotselleri stekt el. wokad,"Kolhydrater, tillgängliga",Rotfrukter,5.7,g
2613,Rotselleri stekt el. wokad,Kolesterol,Rotfrukter,0.0,mg
2613,Rotselleri stekt el. wokad,"Kalium, K",Rotfrukter,382.0,mg
2613,Rotselleri stekt el. wokad,"Jod, I",Rotfrukter,48.4,µg
2613,Rotselleri stekt el. wokad,Fullkorn totalt,Rotfrukter,0.0,g
2613,Rotselleri stekt el. wokad,"Folat, totalt",Rotfrukter,53.1,µg
2613,Rotselleri stekt el. wokad,Fibrer,Rotfrukter,4.0,g
2613,Rotselleri stekt el. wokad,"Fett, totalt",Rotfrukter,5.1,g
2613,Rotselleri stekt el. wokad,"Järn, Fe",Rotfrukter,0.4,mg
2613,Rotselleri stekt el. wokad,Energi (kJ),Rotfrukter,341.0,kJ
2613,Rotselleri stekt el. wokad,Energi (kcal),Rotfrukter,81.0,kcal
2613,Rotselleri stekt el. wokad,Disackarider,Rotfrukter,3.1,g
2613,Rotselleri stekt el. wokad,"Kalcium, Ca",Rotfrukter,42.0,mg
2613,Rotselleri stekt el. wokad,Fettsyra 4:0-10:0,Rotfrukter,0.0,g
2613,Rotselleri stekt el. wokad,DHA (C22:6),Rotfrukter,0.0,g
2613,Rotselleri stekt el. wokad,DPA (C22:5),Rotfrukter,0.0,g
2613,Rotselleri stekt el. wokad,EPA (C20:5),Rotfrukter,0.0,g
2613,Rotselleri stekt el. wokad,Arakidonsyra C20:4,Rotfrukter,0.0,g
2613,Rotselleri stekt el. wokad,Arakidinsyra C20:0,Rotfrukter,0.0,g
2613,Rotselleri stekt el. wokad,Linolensyra C18:3,Rotfrukter,0.3,g
2613,Rotselleri stekt el. wokad,Linolsyra C18:2,Rotfrukter,1.0,g
2613,Rotselleri stekt el. wokad,Oljesyra C18:1,Rotfrukter,2.8,g
2613,Rotselleri stekt el. wokad,Stearinsyra C18:0,Rotfrukter,0.1,g
2613,Rotselleri stekt el. wokad,Palmitoljesyra C16:1,Rotfrukter,0.0,g
2613,Rotselleri stekt el. wokad,Palmitinsyra C16:0,Rotfrukter,0.4,g
2613,Rotselleri stekt el. wokad,Myristinsyra C14:0,Rotfrukter,0.0,g
2613,Rotselleri stekt el. wokad,Laurinsyra C12:0,Rotfrukter,0.0,g
2613,Rotselleri stekt el. wokad,Betakaroten/β-Karoten,Rotfrukter,8.0,µg
2613,Rotselleri stekt el. wokad,Avfall (skal etc.),Rotfrukter,24.0,%
2613,Rotselleri stekt el. wokad,Aska,Rotfrukter,2.3,g
2613,Rotselleri stekt el. wokad,Alkohol,Rotfrukter,0.0,g
2614,Rödbeta stekt el. wokad ,"Zink, Zn",Rotfrukter,0.5,mg
2614,Rödbeta stekt el. wokad ,Vitamin E,Rotfrukter,0.9,mg
2614,Rödbeta stekt el. wokad ,Vitamin D,Rotfrukter,0.14,µg
2614,Rödbeta stekt el. wokad ,Vitamin C,Rotfrukter,2.6,mg
2614,Rödbeta stekt el. wokad ,Vitamin B6,Rotfrukter,0.05,mg
2614,Rödbeta stekt el. wokad ,Vitamin B12,Rotfrukter,0.0,µg
2614,Rödbeta stekt el. wokad ,Vitamin A,Rotfrukter,10.5,RE/µg
2614,Rödbeta stekt el. wokad ,Vatten,Rotfrukter,77.4,g
2614,Rödbeta stekt el. wokad ,Tiamin,Rotfrukter,0.0,mg
2614,Rödbeta stekt el. wokad ,Tillsatt socker,Rotfrukter,0.0,g
2614,Rödbeta stekt el. wokad ,Fritt socker,Rotfrukter,0.0,g
2614,Rödbeta stekt el. wokad ,"Selen, Se",Rotfrukter,0.0,µg
2614,Rödbeta stekt el. wokad ,Sackaros,Rotfrukter,12.1,g
2614,Rödbeta stekt el. wokad ,Riboflavin,Rotfrukter,0.02,mg
2614,Rödbeta stekt el. wokad ,Retinol,Rotfrukter,5.0,µg
2614,Rödbeta stekt el. wokad ,Protein,Rotfrukter,1.5,g
2614,Rödbeta stekt el. wokad ,Summa fleromättade fettsyror,Rotfrukter,1.0,g
2614,Rödbeta stekt el. wokad ,"Fosfor, P",Rotfrukter,37.0,mg
2614,Rödbeta stekt el. wokad ,Niacinekvivalenter,Rotfrukter,0.52,NE/mg
2614,Rödbeta stekt el. wokad ,Niacin,Rotfrukter,0.23,mg
2614,Rödbeta stekt el. wokad ,"Salt, NaCl",Rotfrukter,0.7,g
2614,Rödbeta stekt el. wokad ,"Natrium, Na",Rotfrukter,287.0,mg
2614,Rödbeta stekt el. wokad ,Monosackarider,Rotfrukter,0.0,g
2614,Rödbeta stekt el. wokad ,"Sockerarter, totalt",Rotfrukter,12.1,g
2614,Rödbeta stekt el. wokad ,Summa enkelomättade fettsyror,Rotfrukter,1.9,g
2614,Rödbeta stekt el. wokad ,"Magnesium, Mg",Rotfrukter,18.0,mg
2614,Rödbeta stekt el. wokad ,Summa mättade fettsyror,Rotfrukter,0.3,g
2614,Rödbeta stekt el. wokad ,"Kolhydrater, tillgängliga",Rotfrukter,12.6,g
2614,Rödbeta stekt el. wokad ,Kolesterol,Rotfrukter,0.0,mg
2614,Rödbeta stekt el. wokad ,"Kalium, K",Rotfrukter,361.0,mg
2614,Rödbeta stekt el. wokad ,"Jod, I",Rotfrukter,32.9,µg
2614,Rödbeta stekt el. wokad ,Fullkorn totalt,Rotfrukter,0.0,g
2614,Rödbeta stekt el. wokad ,"Folat, totalt",Rotfrukter,62.5,µg
2614,Rödbeta stekt el. wokad ,Fibrer,Rotfrukter,3.4,g
2614,Rödbeta stekt el. wokad ,"Fett, totalt",Rotfrukter,3.5,g
2614,Rödbeta stekt el. wokad ,"Järn, Fe",Rotfrukter,0.4,mg
2614,Rödbeta stekt el. wokad ,Energi (kJ),Rotfrukter,398.0,kJ
2614,Rödbeta stekt el. wokad ,Energi (kcal),Rotfrukter,96.0,kcal
2614,Rödbeta stekt el. wokad ,Disackarider,Rotfrukter,12.1,g
2614,Rödbeta stekt el. wokad ,"Kalcium, Ca",Rotfrukter,29.0,mg
2614,Rödbeta stekt el. wokad ,Fettsyra 4:0-10:0,Rotfrukter,0.0,g
2614,Rödbeta stekt el. wokad ,DHA (C22:6),Rotfrukter,0.0,g
2614,Rödbeta stekt el. wokad ,DPA (C22:5),Rotfrukter,0.0,g
2614,Rödbeta stekt el. wokad ,EPA (C20:5),Rotfrukter,0.0,g
2614,Rödbeta stekt el. wokad ,Arakidonsyra C20:4,Rotfrukter,0.0,g
2614,Rödbeta stekt el. wokad ,Arakidinsyra C20:0,Rotfrukter,0.0,g
2614,Rödbeta stekt el. wokad ,Linolensyra C18:3,Rotfrukter,0.2,g
2614,Rödbeta stekt el. wokad ,Linolsyra C18:2,Rotfrukter,0.8,g
2614,Rödbeta stekt el. wokad ,Oljesyra C18:1,Rotfrukter,1.9,g
2614,Rödbeta stekt el. wokad ,Stearinsyra C18:0,Rotfrukter,0.1,g
2614,Rödbeta stekt el. wokad ,Palmitoljesyra C16:1,Rotfrukter,0.0,g
2614,Rödbeta stekt el. wokad ,Palmitinsyra C16:0,Rotfrukter,0.2,g
2614,Rödbeta stekt el. wokad ,Myristinsyra C14:0,Rotfrukter,0.0,g
2614,Rödbeta stekt el. wokad ,Laurinsyra C12:0,Rotfrukter,0.0,g
2614,Rödbeta stekt el. wokad ,Betakaroten/β-Karoten,Rotfrukter,4.0,µg
2614,Rödbeta stekt el. wokad ,Avfall (skal etc.),Rotfrukter,16.0,%
2614,Rödbeta stekt el. wokad ,Aska,Rotfrukter,1.6,g
2614,Rödbeta stekt el. wokad ,Alkohol,Rotfrukter,0.0,g
2617,Kål stekt el. wokad,"Zink, Zn",Grönsaker,0.3,mg
2617,Kål stekt el. wokad,Vitamin E,Grönsaker,1.6,mg
2617,Kål stekt el. wokad,Vitamin D,Grönsaker,0.14,µg
2617,Kål stekt el. wokad,Vitamin C,Grönsaker,44.3,mg
2617,Kål stekt el. wokad,Vitamin B6,Grönsaker,0.21,mg
2617,Kål stekt el. wokad,Vitamin B12,Grönsaker,0.0,µg
2617,Kål stekt el. wokad,Vitamin A,Grönsaker,97.2,RE/µg
2617,Kål stekt el. wokad,Vatten,Grönsaker,82.7,g
2617,Kål stekt el. wokad,Tiamin,Grönsaker,0.07,mg
2617,Kål stekt el. wokad,Tillsatt socker,Grönsaker,0.0,g
2617,Kål stekt el. wokad,Fritt socker,Grönsaker,0.0,g
2617,Kål stekt el. wokad,"Selen, Se",Grönsaker,0.0,µg
2617,Kål stekt el. wokad,Sackaros,Grönsaker,0.7,g
2617,Kål stekt el. wokad,Riboflavin,Grönsaker,0.05,mg
2617,Kål stekt el. wokad,Retinol,Grönsaker,5.1,µg
2617,Kål stekt el. wokad,Protein,Grönsaker,2.2,g
2617,Kål stekt el. wokad,Summa fleromättade fettsyror,Grönsaker,1.1,g
2617,Kål stekt el. wokad,"Fosfor, P",Grönsaker,47.0,mg
2617,Kål stekt el. wokad,Niacinekvivalenter,Grönsaker,1.34,NE/mg
2617,Kål stekt el. wokad,Niacin,Grönsaker,0.96,mg
2617,Kål stekt el. wokad,"Salt, NaCl",Grönsaker,0.7,g
2617,Kål stekt el. wokad,"Natrium, Na",Grönsaker,280.0,mg
2617,Kål stekt el. wokad,Monosackarider,Grönsaker,5.3,g
2617,Kål stekt el. wokad,"Sockerarter, totalt",Grönsaker,6.1,g
2617,Kål stekt el. wokad,Summa enkelomättade fettsyror,Grönsaker,2.0,g
2617,Kål stekt el. wokad,"Magnesium, Mg",Grönsaker,18.0,mg
2617,Kål stekt el. wokad,Summa mättade fettsyror,Grönsaker,0.4,g
2617,Kål stekt el. wokad,"Kolhydrater, tillgängliga",Grönsaker,5.7,g
2617,Kål stekt el. wokad,Kolesterol,Grönsaker,0.0,mg
2617,Kål stekt el. wokad,"Kalium, K",Grönsaker,366.0,mg
2617,Kål stekt el. wokad,"Jod, I",Grönsaker,34.5,µg
2617,Kål stekt el. wokad,Fullkorn totalt,Grönsaker,0.0,g
2617,Kål stekt el. wokad,"Folat, totalt",Grönsaker,44.7,µg
2617,Kål stekt el. wokad,Fibrer,Grönsaker,3.8,g
2617,Kål stekt el. wokad,"Fett, totalt",Grönsaker,3.8,g
2617,Kål stekt el. wokad,"Järn, Fe",Grönsaker,0.5,mg
2617,Kål stekt el. wokad,Energi (kJ),Grönsaker,305.0,kJ
2617,Kål stekt el. wokad,Energi (kcal),Grönsaker,73.0,kcal
2617,Kål stekt el. wokad,Disackarider,Grönsaker,0.7,g
2617,Kål stekt el. wokad,"Kalcium, Ca",Grönsaker,81.0,mg
2617,Kål stekt el. wokad,Fettsyra 4:0-10:0,Grönsaker,0.0,g
2617,Kål stekt el. wokad,DHA (C22:6),Grönsaker,0.0,g
2617,Kål stekt el. wokad,DPA (C22:5),Grönsaker,0.0,g
2617,Kål stekt el. wokad,EPA (C20:5),Grönsaker,0.0,g
2617,Kål stekt el. wokad,Arakidonsyra C20:4,Grönsaker,0.0,g
2617,Kål stekt el. wokad,Arakidinsyra C20:0,Grönsaker,0.0,g
2617,Kål stekt el. wokad,Linolensyra C18:3,Grönsaker,0.3,g
2617,Kål stekt el. wokad,Linolsyra C18:2,Grönsaker,0.8,g
2617,Kål stekt el. wokad,Oljesyra C18:1,Grönsaker,1.9,g
2617,Kål stekt el. wokad,Stearinsyra C18:0,Grönsaker,0.1,g
2617,Kål stekt el. wokad,Palmitoljesyra C16:1,Grönsaker,0.0,g
2617,Kål stekt el. wokad,Palmitinsyra C16:0,Grönsaker,0.2,g
2617,Kål stekt el. wokad,Myristinsyra C14:0,Grönsaker,0.0,g
2617,Kål stekt el. wokad,Laurinsyra C12:0,Grönsaker,0.0,g
2617,Kål stekt el. wokad,Betakaroten/β-Karoten,Grönsaker,1041.0,µg
2617,Kål stekt el. wokad,Avfall (skal etc.),Grönsaker,18.0,%
2617,Kål stekt el. wokad,Aska,Grönsaker,1.8,g
2617,Kål stekt el. wokad,Alkohol,Grönsaker,0.0,g
2650,Blandfärs stekt tacokryddad,"Zink, Zn",Köttprodukter kötträtter,4.1,mg
2650,Blandfärs stekt tacokryddad,Vitamin E,Köttprodukter kötträtter,1.4,mg
2650,Blandfärs stekt tacokryddad,Vitamin D,Köttprodukter kötträtter,0.27,µg
2650,Blandfärs stekt tacokryddad,Vitamin C,Köttprodukter kötträtter,0.0,mg
2650,Blandfärs stekt tacokryddad,Vitamin B6,Köttprodukter kötträtter,0.18,mg
2650,Blandfärs stekt tacokryddad,Vitamin B12,Köttprodukter kötträtter,0.59,µg
2650,Blandfärs stekt tacokryddad,Vitamin A,Köttprodukter kötträtter,24.2,RE/µg
2650,Blandfärs stekt tacokryddad,Vatten,Köttprodukter kötträtter,62.4,g
2650,Blandfärs stekt tacokryddad,Tiamin,Köttprodukter kötträtter,0.11,mg
2650,Blandfärs stekt tacokryddad,Tillsatt socker,Köttprodukter kötträtter,1.0,g
2650,Blandfärs stekt tacokryddad,Fritt socker,Köttprodukter kötträtter,1.0,g
2650,Blandfärs stekt tacokryddad,"Selen, Se",Köttprodukter kötträtter,5.3,µg
2650,Blandfärs stekt tacokryddad,Sackaros,Köttprodukter kötträtter,0.3,g
2650,Blandfärs stekt tacokryddad,Riboflavin,Köttprodukter kötträtter,0.14,mg
2650,Blandfärs stekt tacokryddad,Retinol,Köttprodukter kötträtter,12.6,µg
2650,Blandfärs stekt tacokryddad,Protein,Köttprodukter kötträtter,17.6,g
2650,Blandfärs stekt tacokryddad,Summa fleromättade fettsyror,Köttprodukter kötträtter,1.7,g
2650,Blandfärs stekt tacokryddad,"Fosfor, P",Köttprodukter kötträtter,164.0,mg
2650,Blandfärs stekt tacokryddad,Niacinekvivalenter,Köttprodukter kötträtter,7.12,NE/mg
2650,Blandfärs stekt tacokryddad,Niacin,Köttprodukter kötträtter,3.93,mg
2650,Blandfärs stekt tacokryddad,"Salt, NaCl",Köttprodukter kötträtter,1.2,g
2650,Blandfärs stekt tacokryddad,"Natrium, Na",Köttprodukter kötträtter,493.0,mg
2650,Blandfärs stekt tacokryddad,Monosackarider,Köttprodukter kötträtter,0.9,g
2650,Blandfärs stekt tacokryddad,"Sockerarter, totalt",Köttprodukter kötträtter,1.2,g
2650,Blandfärs stekt tacokryddad,Summa enkelomättade fettsyror,Köttprodukter kötträtter,6.8,g
2650,Blandfärs stekt tacokryddad,"Magnesium, Mg",Köttprodukter kötträtter,24.0,mg
2650,Blandfärs stekt tacokryddad,Summa mättade fettsyror,Köttprodukter kötträtter,5.6,g
2650,Blandfärs stekt tacokryddad,"Kolhydrater, tillgängliga",Köttprodukter kötträtter,2.6,g
2650,Blandfärs stekt tacokryddad,Kolesterol,Köttprodukter kötträtter,51.8,mg
2650,Blandfärs stekt tacokryddad,"Kalium, K",Köttprodukter kötträtter,184.0,mg
2650,Blandfärs stekt tacokryddad,"Jod, I",Köttprodukter kötträtter,2.4,µg
2650,Blandfärs stekt tacokryddad,Fullkorn totalt,Köttprodukter kötträtter,0.0,g
2650,Blandfärs stekt tacokryddad,"Folat, totalt",Köttprodukter kötträtter,3.7,µg
2650,Blandfärs stekt tacokryddad,Fibrer,Köttprodukter kötträtter,0.6,g
2650,Blandfärs stekt tacokryddad,"Fett, totalt",Köttprodukter kötträtter,14.9,g
2650,Blandfärs stekt tacokryddad,"Järn, Fe",Köttprodukter kötträtter,2.1,mg
2650,Blandfärs stekt tacokryddad,Energi (kJ),Köttprodukter kötträtter,899.0,kJ
2650,Blandfärs stekt tacokryddad,Energi (kcal),Köttprodukter kötträtter,215.0,kcal
2650,Blandfärs stekt tacokryddad,Disackarider,Köttprodukter kötträtter,0.4,g
2650,Blandfärs stekt tacokryddad,"Kalcium, Ca",Köttprodukter kötträtter,19.0,mg
2650,Blandfärs stekt tacokryddad,Fettsyra 4:0-10:0,Köttprodukter kötträtter,0.0,g
2650,Blandfärs stekt tacokryddad,DHA (C22:6),Köttprodukter kötträtter,0.0,g
2650,Blandfärs stekt tacokryddad,DPA (C22:5),Köttprodukter kötträtter,0.0,g
2650,Blandfärs stekt tacokryddad,EPA (C20:5),Köttprodukter kötträtter,0.0,g
2650,Blandfärs stekt tacokryddad,Arakidonsyra C20:4,Köttprodukter kötträtter,0.0,g
2650,Blandfärs stekt tacokryddad,Arakidinsyra C20:0,Köttprodukter kötträtter,0.0,g
2650,Blandfärs stekt tacokryddad,Linolensyra C18:3,Köttprodukter kötträtter,0.3,g
2650,Blandfärs stekt tacokryddad,Linolsyra C18:2,Köttprodukter kötträtter,1.3,g
2650,Blandfärs stekt tacokryddad,Oljesyra C18:1,Köttprodukter kötträtter,6.0,g
2650,Blandfärs stekt tacokryddad,Stearinsyra C18:0,Köttprodukter kötträtter,1.8,g
2650,Blandfärs stekt tacokryddad,Palmitoljesyra C16:1,Köttprodukter kötträtter,0.5,g
2650,Blandfärs stekt tacokryddad,Palmitinsyra C16:0,Köttprodukter kötträtter,3.2,g
2650,Blandfärs stekt tacokryddad,Myristinsyra C14:0,Köttprodukter kötträtter,0.3,g
2650,Blandfärs stekt tacokryddad,Laurinsyra C12:0,Köttprodukter kötträtter,0.0,g
2650,Blandfärs stekt tacokryddad,Betakaroten/β-Karoten,Köttprodukter kötträtter,96.0,µg
2650,Blandfärs stekt tacokryddad,Avfall (skal etc.),Köttprodukter kötträtter,0.0,%
2650,Blandfärs stekt tacokryddad,Aska,Köttprodukter kötträtter,2.0,g
2650,Blandfärs stekt tacokryddad,Alkohol,Köttprodukter kötträtter,0.0,g
2651,Sojaprotein färs stekt tacokryddad,"Zink, Zn",Vegetabiliskt protein produkter och rätter,1.6,mg
2651,Sojaprotein färs stekt tacokryddad,Vitamin E,Vegetabiliskt protein produkter och rätter,3.1,mg
2651,Sojaprotein färs stekt tacokryddad,Vitamin D,Vegetabiliskt protein produkter och rätter,0.13,µg
2651,Sojaprotein färs stekt tacokryddad,Vitamin C,Vegetabiliskt protein produkter och rätter,0.0,mg
2651,Sojaprotein färs stekt tacokryddad,Vitamin B6,Vegetabiliskt protein produkter och rätter,0.2,mg
2651,Sojaprotein färs stekt tacokryddad,Vitamin B12,Vegetabiliskt protein produkter och rätter,0.02,µg
2651,Sojaprotein färs stekt tacokryddad,Vitamin A,Vegetabiliskt protein produkter och rätter,15.6,RE/µg
2651,Sojaprotein färs stekt tacokryddad,Vatten,Vegetabiliskt protein produkter och rätter,50.8,g
2651,Sojaprotein färs stekt tacokryddad,Tiamin,Vegetabiliskt protein produkter och rätter,0.22,mg
2651,Sojaprotein färs stekt tacokryddad,Tillsatt socker,Vegetabiliskt protein produkter och rätter,1.0,g
2651,Sojaprotein färs stekt tacokryddad,Fritt socker,Vegetabiliskt protein produkter och rätter,1.0,g
2651,Sojaprotein färs stekt tacokryddad,"Selen, Se",Vegetabiliskt protein produkter och rätter,5.4,µg
2651,Sojaprotein färs stekt tacokryddad,Sackaros,Vegetabiliskt protein produkter och rätter,1.4,g
2651,Sojaprotein färs stekt tacokryddad,Riboflavin,Vegetabiliskt protein produkter och rätter,0.12,mg
2651,Sojaprotein färs stekt tacokryddad,Retinol,Vegetabiliskt protein produkter och rätter,4.0,µg
2651,Sojaprotein färs stekt tacokryddad,Protein,Vegetabiliskt protein produkter och rätter,17.9,g
2651,Sojaprotein färs stekt tacokryddad,Summa fleromättade fettsyror,Vegetabiliskt protein produkter och rätter,2.5,g
2651,Sojaprotein färs stekt tacokryddad,"Fosfor, P",Vegetabiliskt protein produkter och rätter,261.0,mg
2651,Sojaprotein färs stekt tacokryddad,Niacinekvivalenter,Vegetabiliskt protein produkter och rätter,4.5,NE/mg
2651,Sojaprotein färs stekt tacokryddad,Niacin,Vegetabiliskt protein produkter och rätter,1.53,mg
2651,Sojaprotein färs stekt tacokryddad,"Salt, NaCl",Vegetabiliskt protein produkter och rätter,1.9,g
2651,Sojaprotein färs stekt tacokryddad,"Natrium, Na",Vegetabiliskt protein produkter och rätter,760.0,mg
2651,Sojaprotein färs stekt tacokryddad,Monosackarider,Vegetabiliskt protein produkter och rätter,1.2,g
2651,Sojaprotein färs stekt tacokryddad,"Sockerarter, totalt",Vegetabiliskt protein produkter och rätter,2.7,g
2651,Sojaprotein färs stekt tacokryddad,Summa enkelomättade fettsyror,Vegetabiliskt protein produkter och rätter,5.1,g
2651,Sojaprotein färs stekt tacokryddad,"Magnesium, Mg",Vegetabiliskt protein produkter och rätter,113.0,mg
2651,Sojaprotein färs stekt tacokryddad,Summa mättade fettsyror,Vegetabiliskt protein produkter och rätter,1.0,g
2651,Sojaprotein färs stekt tacokryddad,"Kolhydrater, tillgängliga",Vegetabiliskt protein produkter och rätter,11.7,g
2651,Sojaprotein färs stekt tacokryddad,Kolesterol,Vegetabiliskt protein produkter och rätter,0.0,mg
2651,Sojaprotein färs stekt tacokryddad,"Kalium, K",Vegetabiliskt protein produkter och rätter,791.0,mg
2651,Sojaprotein färs stekt tacokryddad,"Jod, I",Vegetabiliskt protein produkter och rätter,0.6,µg
2651,Sojaprotein färs stekt tacokryddad,Fullkorn totalt,Vegetabiliskt protein produkter och rätter,0.0,g
2651,Sojaprotein färs stekt tacokryddad,"Folat, totalt",Vegetabiliskt protein produkter och rätter,115.2,µg
2651,Sojaprotein färs stekt tacokryddad,Fibrer,Vegetabiliskt protein produkter och rätter,6.5,g
2651,Sojaprotein färs stekt tacokryddad,"Fett, totalt",Vegetabiliskt protein produkter och rätter,9.0,g
2651,Sojaprotein färs stekt tacokryddad,"Järn, Fe",Vegetabiliskt protein produkter och rätter,4.2,mg
2651,Sojaprotein färs stekt tacokryddad,Energi (kJ),Vegetabiliskt protein produkter och rätter,888.0,kJ
2651,Sojaprotein färs stekt tacokryddad,Energi (kcal),Vegetabiliskt protein produkter och rätter,212.0,kcal
2651,Sojaprotein färs stekt tacokryddad,Disackarider,Vegetabiliskt protein produkter och rätter,1.5,g
2651,Sojaprotein färs stekt tacokryddad,"Kalcium, Ca",Vegetabiliskt protein produkter och rätter,129.0,mg
2651,Sojaprotein färs stekt tacokryddad,Fettsyra 4:0-10:0,Vegetabiliskt protein produkter och rätter,0.0,g
2651,Sojaprotein färs stekt tacokryddad,DHA (C22:6),Vegetabiliskt protein produkter och rätter,0.0,g
2651,Sojaprotein färs stekt tacokryddad,DPA (C22:5),Vegetabiliskt protein produkter och rätter,0.0,g
2651,Sojaprotein färs stekt tacokryddad,EPA (C20:5),Vegetabiliskt protein produkter och rätter,0.0,g
2651,Sojaprotein färs stekt tacokryddad,Arakidonsyra C20:4,Vegetabiliskt protein produkter och rätter,0.0,g
2651,Sojaprotein färs stekt tacokryddad,Arakidinsyra C20:0,Vegetabiliskt protein produkter och rätter,0.0,g
2651,Sojaprotein färs stekt tacokryddad,Linolensyra C18:3,Vegetabiliskt protein produkter och rätter,0.6,g
2651,Sojaprotein färs stekt tacokryddad,Linolsyra C18:2,Vegetabiliskt protein produkter och rätter,1.9,g
2651,Sojaprotein färs stekt tacokryddad,Oljesyra C18:1,Vegetabiliskt protein produkter och rätter,5.0,g
2651,Sojaprotein färs stekt tacokryddad,Stearinsyra C18:0,Vegetabiliskt protein produkter och rätter,0.2,g
2651,Sojaprotein färs stekt tacokryddad,Palmitoljesyra C16:1,Vegetabiliskt protein produkter och rätter,0.0,g
2651,Sojaprotein färs stekt tacokryddad,Palmitinsyra C16:0,Vegetabiliskt protein produkter och rätter,0.5,g
2651,Sojaprotein färs stekt tacokryddad,Myristinsyra C14:0,Vegetabiliskt protein produkter och rätter,0.1,g
2651,Sojaprotein färs stekt tacokryddad,Laurinsyra C12:0,Vegetabiliskt protein produkter och rätter,0.1,g
2651,Sojaprotein färs stekt tacokryddad,Betakaroten/β-Karoten,Vegetabiliskt protein produkter och rätter,89.0,µg
2651,Sojaprotein färs stekt tacokryddad,Avfall (skal etc.),Vegetabiliskt protein produkter och rätter,0.0,%
2651,Sojaprotein färs stekt tacokryddad,Aska,Vegetabiliskt protein produkter och rätter,4.1,g
2651,Sojaprotein färs stekt tacokryddad,Alkohol,Vegetabiliskt protein produkter och rätter,0.0,g
2658,Potatisgratäng kylvara,"Zink, Zn",Potatisprodukter potatisrätter,0.3,mg
2658,Potatisgratäng kylvara,Vitamin E,Potatisprodukter potatisrätter,1.0,mg
2658,Potatisgratäng kylvara,Vitamin D inkl 25-OH-D3,Potatisprodukter potatisrätter,0.0,µg
2658,Potatisgratäng kylvara,Vitamin D,Potatisprodukter potatisrätter,0.0,µg
2658,Potatisgratäng kylvara,Vitamin C,Potatisprodukter potatisrätter,0.6,mg
2658,Potatisgratäng kylvara,Vitamin B6,Potatisprodukter potatisrätter,0.15,mg
2658,Potatisgratäng kylvara,Vitamin B12,Potatisprodukter potatisrätter,0.14,µg
2658,Potatisgratäng kylvara,Vitamin A,Potatisprodukter potatisrätter,40.1,RE/µg
2658,Potatisgratäng kylvara,Vatten,Potatisprodukter potatisrätter,77.1,g
2658,Potatisgratäng kylvara,Tiamin,Potatisprodukter potatisrätter,0.03,mg
2658,Potatisgratäng kylvara,Tillsatt socker,Potatisprodukter potatisrätter,2.0,g
2658,Potatisgratäng kylvara,Fritt socker,Potatisprodukter potatisrätter,2.0,g
2658,Potatisgratäng kylvara,"Selen, Se",Potatisprodukter potatisrätter,2.0,µg
2658,Potatisgratäng kylvara,Sackaros,Potatisprodukter potatisrätter,0.4,g
2658,Potatisgratäng kylvara,Riboflavin,Potatisprodukter potatisrätter,0.05,mg
2658,Potatisgratäng kylvara,Retinol,Potatisprodukter potatisrätter,38.7,µg
2658,Potatisgratäng kylvara,Protein,Potatisprodukter potatisrätter,2.0,g
2658,Potatisgratäng kylvara,Summa fleromättade fettsyror,Potatisprodukter potatisrätter,0.7,g
2658,Potatisgratäng kylvara,"Fosfor, P",Potatisprodukter potatisrätter,61.0,mg
2658,Potatisgratäng kylvara,Niacinekvivalenter,Potatisprodukter potatisrätter,1.2,NE/mg
2658,Potatisgratäng kylvara,Niacin,Potatisprodukter potatisrätter,0.72,mg
2658,Potatisgratäng kylvara,"Salt, NaCl",Potatisprodukter potatisrätter,1.1,g
2658,Potatisgratäng kylvara,"Natrium, Na",Potatisprodukter potatisrätter,440.0,mg
2658,Potatisgratäng kylvara,Monosackarider,Potatisprodukter potatisrätter,0.9,g
2658,Potatisgratäng kylvara,"Sockerarter, totalt",Potatisprodukter potatisrätter,1.7,g
2658,Potatisgratäng kylvara,Summa enkelomättade fettsyror,Potatisprodukter potatisrätter,2.4,g
2658,Potatisgratäng kylvara,"Magnesium, Mg",Potatisprodukter potatisrätter,16.0,mg
2658,Potatisgratäng kylvara,Summa mättade fettsyror,Potatisprodukter potatisrätter,3.4,g
2658,Potatisgratäng kylvara,"Kolhydrater, tillgängliga",Potatisprodukter potatisrätter,10.5,g
2658,Potatisgratäng kylvara,Kolesterol,Potatisprodukter potatisrätter,13.3,mg
2658,Potatisgratäng kylvara,"Kalium, K",Potatisprodukter potatisrätter,250.0,mg
2658,Potatisgratäng kylvara,"Jod, I",Potatisprodukter potatisrätter,3.0,µg
2658,Potatisgratäng kylvara,Fullkorn totalt,Potatisprodukter potatisrätter,0.0,g
2658,Potatisgratäng kylvara,"Folat, totalt",Potatisprodukter potatisrätter,11.1,µg
2658,Potatisgratäng kylvara,Fibrer,Potatisprodukter potatisrätter,1.9,g
2658,Potatisgratäng kylvara,"Fett, totalt",Potatisprodukter potatisrätter,6.8,g
2658,Potatisgratäng kylvara,"Järn, Fe",Potatisprodukter potatisrätter,0.3,mg
2658,Potatisgratäng kylvara,Energi (kJ),Potatisprodukter potatisrätter,481.0,kJ
2658,Potatisgratäng kylvara,Energi (kcal),Potatisprodukter potatisrätter,115.0,kcal
2658,Potatisgratäng kylvara,Disackarider,Potatisprodukter potatisrätter,0.8,g
2658,Potatisgratäng kylvara,"Kalcium, Ca",Potatisprodukter potatisrätter,29.0,mg
2658,Potatisgratäng kylvara,Fettsyra 4:0-10:0,Potatisprodukter potatisrätter,0.4,g
2658,Potatisgratäng kylvara,DHA (C22:6),Potatisprodukter potatisrätter,0.0,g
2658,Potatisgratäng kylvara,DPA (C22:5),Potatisprodukter potatisrätter,0.0,g
2658,Potatisgratäng kylvara,EPA (C20:5),Potatisprodukter potatisrätter,0.0,g
2658,Potatisgratäng kylvara,Arakidonsyra C20:4,Potatisprodukter potatisrätter,0.0,g
2658,Potatisgratäng kylvara,Arakidinsyra C20:0,Potatisprodukter potatisrätter,0.0,g
2658,Potatisgratäng kylvara,Linolensyra C18:3,Potatisprodukter potatisrätter,0.2,g
2658,Potatisgratäng kylvara,Linolsyra C18:2,Potatisprodukter potatisrätter,0.5,g
2658,Potatisgratäng kylvara,Oljesyra C18:1,Potatisprodukter potatisrätter,2.2,g
2658,Potatisgratäng kylvara,Stearinsyra C18:0,Potatisprodukter potatisrätter,0.5,g
2658,Potatisgratäng kylvara,Palmitoljesyra C16:1,Potatisprodukter potatisrätter,0.1,g
2658,Potatisgratäng kylvara,Palmitinsyra C16:0,Potatisprodukter potatisrätter,1.6,g
2658,Potatisgratäng kylvara,Myristinsyra C14:0,Potatisprodukter potatisrätter,0.5,g
2658,Potatisgratäng kylvara,Laurinsyra C12:0,Potatisprodukter potatisrätter,0.2,g
2658,Potatisgratäng kylvara,Betakaroten/β-Karoten,Potatisprodukter potatisrätter,17.0,µg
2658,Potatisgratäng kylvara,Avfall (skal etc.),Potatisprodukter potatisrätter,0.0,%
2658,Potatisgratäng kylvara,Aska,Potatisprodukter potatisrätter,1.7,g
2658,Potatisgratäng kylvara,Alkohol,Potatisprodukter potatisrätter,0.0,g
2672,Ugnsrostade grönsaker rotfrukter,"Zink, Zn",Rotfrukter,0.3,mg
2672,Ugnsrostade grönsaker rotfrukter,Vitamin E,Rotfrukter,1.1,mg
2672,Ugnsrostade grönsaker rotfrukter,Vitamin D inkl 25-OH-D3,Rotfrukter,0.0,µg
2672,Ugnsrostade grönsaker rotfrukter,Vitamin D,Rotfrukter,0.0,µg
2672,Ugnsrostade grönsaker rotfrukter,Vitamin C,Rotfrukter,19.2,mg
2672,Ugnsrostade grönsaker rotfrukter,Vitamin B6,Rotfrukter,0.14,mg
2672,Ugnsrostade grönsaker rotfrukter,Vitamin B12,Rotfrukter,0.0,µg
2672,Ugnsrostade grönsaker rotfrukter,Vitamin A,Rotfrukter,162.7,RE/µg
2672,Ugnsrostade grönsaker rotfrukter,Vatten,Rotfrukter,85.6,g
2672,Ugnsrostade grönsaker rotfrukter,Tiamin,Rotfrukter,0.05,mg
2672,Ugnsrostade grönsaker rotfrukter,Tillsatt socker,Rotfrukter,0.0,g
2672,Ugnsrostade grönsaker rotfrukter,Fritt socker,Rotfrukter,0.0,g
2672,Ugnsrostade grönsaker rotfrukter,"Selen, Se",Rotfrukter,0.0,µg
2672,Ugnsrostade grönsaker rotfrukter,Sackaros,Rotfrukter,2.1,g
2672,Ugnsrostade grönsaker rotfrukter,Riboflavin,Rotfrukter,0.03,mg
2672,Ugnsrostade grönsaker rotfrukter,Retinol,Rotfrukter,0.0,µg
2672,Ugnsrostade grönsaker rotfrukter,Protein,Rotfrukter,1.1,g
2672,Ugnsrostade grönsaker rotfrukter,Summa fleromättade fettsyror,Rotfrukter,0.8,g
2672,Ugnsrostade grönsaker rotfrukter,"Fosfor, P",Rotfrukter,39.0,mg
2672,Ugnsrostade grönsaker rotfrukter,Niacinekvivalenter,Rotfrukter,1.25,NE/mg
2672,Ugnsrostade grönsaker rotfrukter,Niacin,Rotfrukter,1.07,mg
2672,Ugnsrostade grönsaker rotfrukter,"Salt, NaCl",Rotfrukter,0.4,g
2672,Ugnsrostade grönsaker rotfrukter,"Natrium, Na",Rotfrukter,170.0,mg
2672,Ugnsrostade grönsaker rotfrukter,Monosackarider,Rotfrukter,3.0,g
2672,Ugnsrostade grönsaker rotfrukter,"Sockerarter, totalt",Rotfrukter,5.0,g
2672,Ugnsrostade grönsaker rotfrukter,Summa enkelomättade fettsyror,Rotfrukter,1.4,g
2672,Ugnsrostade grönsaker rotfrukter,"Magnesium, Mg",Rotfrukter,12.0,mg
2672,Ugnsrostade grönsaker rotfrukter,Summa mättade fettsyror,Rotfrukter,0.3,g
2672,Ugnsrostade grönsaker rotfrukter,"Kolhydrater, tillgängliga",Rotfrukter,6.7,g
2672,Ugnsrostade grönsaker rotfrukter,Kolesterol,Rotfrukter,0.0,mg
2672,Ugnsrostade grönsaker rotfrukter,"Kalium, K",Rotfrukter,247.0,mg
2672,Ugnsrostade grönsaker rotfrukter,"Jod, I",Rotfrukter,19.7,µg
2672,Ugnsrostade grönsaker rotfrukter,Fullkorn totalt,Rotfrukter,0.0,g
2672,Ugnsrostade grönsaker rotfrukter,"Folat, totalt",Rotfrukter,30.7,µg
2672,Ugnsrostade grönsaker rotfrukter,Fibrer,Rotfrukter,2.8,g
2672,Ugnsrostade grönsaker rotfrukter,"Fett, totalt",Rotfrukter,2.7,g
2672,Ugnsrostade grönsaker rotfrukter,"Järn, Fe",Rotfrukter,0.3,mg
2672,Ugnsrostade grönsaker rotfrukter,Energi (kJ),Rotfrukter,254.0,kJ
2672,Ugnsrostade grönsaker rotfrukter,Energi (kcal),Rotfrukter,61.0,kcal
2672,Ugnsrostade grönsaker rotfrukter,Disackarider,Rotfrukter,2.1,g
2672,Ugnsrostade grönsaker rotfrukter,"Kalcium, Ca",Rotfrukter,30.0,mg
2672,Ugnsrostade grönsaker rotfrukter,Fettsyra 4:0-10:0,Rotfrukter,0.0,g
2672,Ugnsrostade grönsaker rotfrukter,DHA (C22:6),Rotfrukter,0.0,g
2672,Ugnsrostade grönsaker rotfrukter,DPA (C22:5),Rotfrukter,0.0,g
2672,Ugnsrostade grönsaker rotfrukter,EPA (C20:5),Rotfrukter,0.0,g
2672,Ugnsrostade grönsaker rotfrukter,Arakidonsyra C20:4,Rotfrukter,0.0,g
2672,Ugnsrostade grönsaker rotfrukter,Arakidinsyra C20:0,Rotfrukter,0.0,g
2672,Ugnsrostade grönsaker rotfrukter,Linolensyra C18:3,Rotfrukter,0.2,g
2672,Ugnsrostade grönsaker rotfrukter,Linolsyra C18:2,Rotfrukter,0.6,g
2672,Ugnsrostade grönsaker rotfrukter,Oljesyra C18:1,Rotfrukter,1.4,g
2672,Ugnsrostade grönsaker rotfrukter,Stearinsyra C18:0,Rotfrukter,0.1,g
2672,Ugnsrostade grönsaker rotfrukter,Palmitoljesyra C16:1,Rotfrukter,0.0,g
2672,Ugnsrostade grönsaker rotfrukter,Palmitinsyra C16:0,Rotfrukter,0.2,g
2672,Ugnsrostade grönsaker rotfrukter,Myristinsyra C14:0,Rotfrukter,0.0,g
2672,Ugnsrostade grönsaker rotfrukter,Laurinsyra C12:0,Rotfrukter,0.0,g
2672,Ugnsrostade grönsaker rotfrukter,Betakaroten/β-Karoten,Rotfrukter,1644.0,µg
2672,Ugnsrostade grönsaker rotfrukter,Avfall (skal etc.),Rotfrukter,14.0,%
2672,Ugnsrostade grönsaker rotfrukter,Aska,Rotfrukter,1.1,g
2672,Ugnsrostade grönsaker rotfrukter,Alkohol,Rotfrukter,0.0,g
2679,Lasagne m. mykoprotein,"Zink, Zn",Pastarätter,1.6,mg
2679,Lasagne m. mykoprotein,Vitamin E,Pastarätter,0.9,mg
2679,Lasagne m. mykoprotein,Vitamin D,Pastarätter,0.52,µg
2679,Lasagne m. mykoprotein,Vitamin C,Pastarätter,2.4,mg
2679,Lasagne m. mykoprotein,Vitamin B6,Pastarätter,0.07,mg
2679,Lasagne m. mykoprotein,Vitamin B12,Pastarätter,0.26,µg
2679,Lasagne m. mykoprotein,Vitamin A,Pastarätter,46.0,RE/µg
2679,Lasagne m. mykoprotein,Vatten,Pastarätter,71.8,g
2679,Lasagne m. mykoprotein,Tiamin,Pastarätter,0.04,mg
2679,Lasagne m. mykoprotein,Tillsatt socker,Pastarätter,0.0,g
2679,Lasagne m. mykoprotein,Fritt socker,Pastarätter,0.0,g
2679,Lasagne m. mykoprotein,"Selen, Se",Pastarätter,1.8,µg
2679,Lasagne m. mykoprotein,Sackaros,Pastarätter,0.2,g
2679,Lasagne m. mykoprotein,Riboflavin,Pastarätter,0.14,mg
2679,Lasagne m. mykoprotein,Retinol,Pastarätter,33.3,µg
2679,Lasagne m. mykoprotein,Protein,Pastarätter,7.3,g
2679,Lasagne m. mykoprotein,Summa fleromättade fettsyror,Pastarätter,0.7,g
2679,Lasagne m. mykoprotein,"Fosfor, P",Pastarätter,148.0,mg
2679,Lasagne m. mykoprotein,Niacinekvivalenter,Pastarätter,2.06,NE/mg
2679,Lasagne m. mykoprotein,Niacin,Pastarätter,0.63,mg
2679,Lasagne m. mykoprotein,"Salt, NaCl",Pastarätter,1.1,g
2679,Lasagne m. mykoprotein,"Natrium, Na",Pastarätter,452.0,mg
2679,Lasagne m. mykoprotein,Monosackarider,Pastarätter,1.3,g
2679,Lasagne m. mykoprotein,"Sockerarter, totalt",Pastarätter,3.3,g
2679,Lasagne m. mykoprotein,Summa enkelomättade fettsyror,Pastarätter,1.5,g
2679,Lasagne m. mykoprotein,"Magnesium, Mg",Pastarätter,23.0,mg
2679,Lasagne m. mykoprotein,Summa mättade fettsyror,Pastarätter,2.3,g
2679,Lasagne m. mykoprotein,"Kolhydrater, tillgängliga",Pastarätter,12.2,g
2679,Lasagne m. mykoprotein,Kolesterol,Pastarätter,7.9,mg
2679,Lasagne m. mykoprotein,"Kalium, K",Pastarätter,187.0,mg
2679,Lasagne m. mykoprotein,"Jod, I",Pastarätter,33.4,µg
2679,Lasagne m. mykoprotein,Fullkorn totalt,Pastarätter,0.0,g
2679,Lasagne m. mykoprotein,"Folat, totalt",Pastarätter,28.6,µg
2679,Lasagne m. mykoprotein,Fibrer,Pastarätter,1.8,g
2679,Lasagne m. mykoprotein,"Fett, totalt",Pastarätter,4.8,g
2679,Lasagne m. mykoprotein,"Järn, Fe",Pastarätter,0.5,mg
2679,Lasagne m. mykoprotein,Energi (kJ),Pastarätter,525.0,kJ
2679,Lasagne m. mykoprotein,Energi (kcal),Pastarätter,126.0,kcal
2679,Lasagne m. mykoprotein,Disackarider,Pastarätter,2.0,g
2679,Lasagne m. mykoprotein,"Kalcium, Ca",Pastarätter,132.0,mg
2679,Lasagne m. mykoprotein,Fettsyra 4:0-10:0,Pastarätter,0.2,g
2679,Lasagne m. mykoprotein,DHA (C22:6),Pastarätter,0.0,g
2679,Lasagne m. mykoprotein,DPA (C22:5),Pastarätter,0.0,g
2679,Lasagne m. mykoprotein,EPA (C20:5),Pastarätter,0.0,g
2679,Lasagne m. mykoprotein,Arakidonsyra C20:4,Pastarätter,0.0,g
2679,Lasagne m. mykoprotein,Arakidinsyra C20:0,Pastarätter,0.0,g
2679,Lasagne m. mykoprotein,Linolensyra C18:3,Pastarätter,0.1,g
2679,Lasagne m. mykoprotein,Linolsyra C18:2,Pastarätter,0.5,g
2679,Lasagne m. mykoprotein,Oljesyra C18:1,Pastarätter,1.4,g
2679,Lasagne m. mykoprotein,Stearinsyra C18:0,Pastarätter,0.3,g
2679,Lasagne m. mykoprotein,Palmitoljesyra C16:1,Pastarätter,0.1,g
2679,Lasagne m. mykoprotein,Palmitinsyra C16:0,Pastarätter,1.2,g
2679,Lasagne m. mykoprotein,Myristinsyra C14:0,Pastarätter,0.3,g
2679,Lasagne m. mykoprotein,Laurinsyra C12:0,Pastarätter,0.1,g
2679,Lasagne m. mykoprotein,Betakaroten/β-Karoten,Pastarätter,135.0,µg
2679,Lasagne m. mykoprotein,Avfall (skal etc.),Pastarätter,0.0,%
2679,Lasagne m. mykoprotein,Aska,Pastarätter,2.0,g
2679,Lasagne m. mykoprotein,Alkohol,Pastarätter,0.0,g
2753,Kyckling färs stekt tacokryddad,"Zink, Zn",Fågelprodukter fågelrätter,1.5,mg
2753,Kyckling färs stekt tacokryddad,Vitamin E,Fågelprodukter fågelrätter,2.0,mg
2753,Kyckling färs stekt tacokryddad,Vitamin D,Fågelprodukter fågelrätter,0.32,µg
2753,Kyckling färs stekt tacokryddad,Vitamin C,Fågelprodukter fågelrätter,0.0,mg
2753,Kyckling färs stekt tacokryddad,Vitamin B6,Fågelprodukter fågelrätter,0.28,mg
2753,Kyckling färs stekt tacokryddad,Vitamin B12,Fågelprodukter fågelrätter,0.2,µg
2753,Kyckling färs stekt tacokryddad,Vitamin A,Fågelprodukter fågelrätter,29.2,RE/µg
2753,Kyckling färs stekt tacokryddad,Vatten,Fågelprodukter fågelrätter,68.3,g
2753,Kyckling färs stekt tacokryddad,Tiamin,Fågelprodukter fågelrätter,0.04,mg
2753,Kyckling färs stekt tacokryddad,Tillsatt socker,Fågelprodukter fågelrätter,1.0,g
2753,Kyckling färs stekt tacokryddad,Fritt socker,Fågelprodukter fågelrätter,1.0,g
2753,Kyckling färs stekt tacokryddad,"Selen, Se",Fågelprodukter fågelrätter,10.8,µg
2753,Kyckling färs stekt tacokryddad,Sackaros,Fågelprodukter fågelrätter,0.3,g
2753,Kyckling färs stekt tacokryddad,Riboflavin,Fågelprodukter fågelrätter,0.12,mg
2753,Kyckling färs stekt tacokryddad,Retinol,Fågelprodukter fågelrätter,18.8,µg
2753,Kyckling färs stekt tacokryddad,Protein,Fågelprodukter fågelrätter,20.6,g
2753,Kyckling färs stekt tacokryddad,Summa fleromättade fettsyror,Fågelprodukter fågelrätter,1.2,g
2753,Kyckling färs stekt tacokryddad,"Fosfor, P",Fågelprodukter fågelrätter,174.0,mg
2753,Kyckling färs stekt tacokryddad,Niacinekvivalenter,Fågelprodukter fågelrätter,11.63,NE/mg
2753,Kyckling färs stekt tacokryddad,Niacin,Fågelprodukter fågelrätter,7.86,mg
2753,Kyckling färs stekt tacokryddad,"Salt, NaCl",Fågelprodukter fågelrätter,1.3,g
2753,Kyckling färs stekt tacokryddad,"Natrium, Na",Fågelprodukter fågelrätter,507.0,mg
2753,Kyckling färs stekt tacokryddad,Monosackarider,Fågelprodukter fågelrätter,0.9,g
2753,Kyckling färs stekt tacokryddad,"Sockerarter, totalt",Fågelprodukter fågelrätter,1.3,g
2753,Kyckling färs stekt tacokryddad,Summa enkelomättade fettsyror,Fågelprodukter fågelrätter,2.7,g
2753,Kyckling färs stekt tacokryddad,"Magnesium, Mg",Fågelprodukter fågelrätter,28.0,mg
2753,Kyckling färs stekt tacokryddad,Summa mättade fettsyror,Fågelprodukter fågelrätter,1.1,g
2753,Kyckling färs stekt tacokryddad,"Kolhydrater, tillgängliga",Fågelprodukter fågelrätter,2.7,g
2753,Kyckling färs stekt tacokryddad,Kolesterol,Fågelprodukter fågelrätter,66.1,mg
2753,Kyckling färs stekt tacokryddad,"Kalium, K",Fågelprodukter fågelrätter,110.0,mg
2753,Kyckling färs stekt tacokryddad,"Jod, I",Fågelprodukter fågelrätter,1.0,µg
2753,Kyckling färs stekt tacokryddad,Fullkorn totalt,Fågelprodukter fågelrätter,0.0,g
2753,Kyckling färs stekt tacokryddad,"Folat, totalt",Fågelprodukter fågelrätter,16.3,µg
2753,Kyckling färs stekt tacokryddad,Fibrer,Fågelprodukter fågelrätter,0.6,g
2753,Kyckling färs stekt tacokryddad,"Fett, totalt",Fågelprodukter fågelrätter,5.6,g
2753,Kyckling färs stekt tacokryddad,"Järn, Fe",Fågelprodukter fågelrätter,1.5,mg
2753,Kyckling färs stekt tacokryddad,Energi (kJ),Fågelprodukter fågelrätter,608.0,kJ
2753,Kyckling färs stekt tacokryddad,Energi (kcal),Fågelprodukter fågelrätter,146.0,kcal
2753,Kyckling färs stekt tacokryddad,Disackarider,Fågelprodukter fågelrätter,0.4,g
2753,Kyckling färs stekt tacokryddad,"Kalcium, Ca",Fågelprodukter fågelrätter,24.0,mg
2753,Kyckling färs stekt tacokryddad,Fettsyra 4:0-10:0,Fågelprodukter fågelrätter,0.0,g
2753,Kyckling färs stekt tacokryddad,DHA (C22:6),Fågelprodukter fågelrätter,0.0,g
2753,Kyckling färs stekt tacokryddad,DPA (C22:5),Fågelprodukter fågelrätter,0.0,g
2753,Kyckling färs stekt tacokryddad,EPA (C20:5),Fågelprodukter fågelrätter,0.0,g
2753,Kyckling färs stekt tacokryddad,Arakidonsyra C20:4,Fågelprodukter fågelrätter,0.0,g
2753,Kyckling färs stekt tacokryddad,Arakidinsyra C20:0,Fågelprodukter fågelrätter,0.0,g
2753,Kyckling färs stekt tacokryddad,Linolensyra C18:3,Fågelprodukter fågelrätter,0.2,g
2753,Kyckling färs stekt tacokryddad,Linolsyra C18:2,Fågelprodukter fågelrätter,0.9,g
2753,Kyckling färs stekt tacokryddad,Oljesyra C18:1,Fågelprodukter fågelrätter,2.4,g
2753,Kyckling färs stekt tacokryddad,Stearinsyra C18:0,Fågelprodukter fågelrätter,0.2,g
2753,Kyckling färs stekt tacokryddad,Palmitoljesyra C16:1,Fågelprodukter fågelrätter,0.2,g
2753,Kyckling färs stekt tacokryddad,Palmitinsyra C16:0,Fågelprodukter fågelrätter,0.8,g
2753,Kyckling färs stekt tacokryddad,Myristinsyra C14:0,Fågelprodukter fågelrätter,0.0,g
2753,Kyckling färs stekt tacokryddad,Laurinsyra C12:0,Fågelprodukter fågelrätter,0.0,g
2753,Kyckling färs stekt tacokryddad,Betakaroten/β-Karoten,Fågelprodukter fågelrätter,80.0,µg
2753,Kyckling färs stekt tacokryddad,Avfall (skal etc.),Fågelprodukter fågelrätter,0.0,%
2753,Kyckling färs stekt tacokryddad,Aska,Fågelprodukter fågelrätter,2.1,g
2753,Kyckling färs stekt tacokryddad,Alkohol,Fågelprodukter fågelrätter,0.0,g
2756,Béchamelsås m. mjölk fett 3% grädde,"Zink, Zn",Sås dressing majonnäs ,0.4,mg
2756,Béchamelsås m. mjölk fett 3% grädde,Vitamin E,Sås dressing majonnäs ,0.3,mg
2756,Béchamelsås m. mjölk fett 3% grädde,Vitamin D,Sås dressing majonnäs ,1.05,µg
2756,Béchamelsås m. mjölk fett 3% grädde,Vitamin C,Sås dressing majonnäs ,0.7,mg
2756,Béchamelsås m. mjölk fett 3% grädde,Vitamin B6,Sås dressing majonnäs ,0.05,mg
2756,Béchamelsås m. mjölk fett 3% grädde,Vitamin B12,Sås dressing majonnäs ,0.46,µg
2756,Béchamelsås m. mjölk fett 3% grädde,Vitamin A,Sås dressing majonnäs ,79.8,RE/µg
2756,Béchamelsås m. mjölk fett 3% grädde,Vatten,Sås dressing majonnäs ,76.3,g
2756,Béchamelsås m. mjölk fett 3% grädde,Tiamin,Sås dressing majonnäs ,0.04,mg
2756,Béchamelsås m. mjölk fett 3% grädde,Tillsatt socker,Sås dressing majonnäs ,0.0,g
2756,Béchamelsås m. mjölk fett 3% grädde,Fritt socker,Sås dressing majonnäs ,0.0,g
2756,Béchamelsås m. mjölk fett 3% grädde,"Selen, Se",Sås dressing majonnäs ,2.3,µg
2756,Béchamelsås m. mjölk fett 3% grädde,Sackaros,Sås dressing majonnäs ,0.0,g
2756,Béchamelsås m. mjölk fett 3% grädde,Riboflavin,Sås dressing majonnäs ,0.14,mg
2756,Béchamelsås m. mjölk fett 3% grädde,Retinol,Sås dressing majonnäs ,75.3,µg
2756,Béchamelsås m. mjölk fett 3% grädde,Protein,Sås dressing majonnäs ,4.3,g
2756,Béchamelsås m. mjölk fett 3% grädde,Summa fleromättade fettsyror,Sås dressing majonnäs ,0.3,g
2756,Béchamelsås m. mjölk fett 3% grädde,"Fosfor, P",Sås dressing majonnäs ,153.0,mg
2756,Béchamelsås m. mjölk fett 3% grädde,Niacinekvivalenter,Sås dressing majonnäs ,1.07,NE/mg
2756,Béchamelsås m. mjölk fett 3% grädde,Niacin,Sås dressing majonnäs ,0.15,mg
2756,Béchamelsås m. mjölk fett 3% grädde,"Salt, NaCl",Sås dressing majonnäs ,0.9,g
2756,Béchamelsås m. mjölk fett 3% grädde,"Natrium, Na",Sås dressing majonnäs ,348.0,mg
2756,Béchamelsås m. mjölk fett 3% grädde,Monosackarider,Sås dressing majonnäs ,0.0,g
2756,Béchamelsås m. mjölk fett 3% grädde,"Sockerarter, totalt",Sås dressing majonnäs ,5.1,g
2756,Béchamelsås m. mjölk fett 3% grädde,Summa enkelomättade fettsyror,Sås dressing majonnäs ,2.3,g
2756,Béchamelsås m. mjölk fett 3% grädde,"Magnesium, Mg",Sås dressing majonnäs ,13.0,mg
2756,Béchamelsås m. mjölk fett 3% grädde,Summa mättade fettsyror,Sås dressing majonnäs ,6.2,g
2756,Béchamelsås m. mjölk fett 3% grädde,"Kolhydrater, tillgängliga",Sås dressing majonnäs ,8.0,g
2756,Béchamelsås m. mjölk fett 3% grädde,Kolesterol,Sås dressing majonnäs ,31.3,mg
2756,Béchamelsås m. mjölk fett 3% grädde,"Kalium, K",Sås dressing majonnäs ,175.0,mg
2756,Béchamelsås m. mjölk fett 3% grädde,"Jod, I",Sås dressing majonnäs ,59.5,µg
2756,Béchamelsås m. mjölk fett 3% grädde,Fullkorn totalt,Sås dressing majonnäs ,0.0,g
2756,Béchamelsås m. mjölk fett 3% grädde,"Folat, totalt",Sås dressing majonnäs ,8.4,µg
2756,Béchamelsås m. mjölk fett 3% grädde,Fibrer,Sås dressing majonnäs ,0.2,g
2756,Béchamelsås m. mjölk fett 3% grädde,"Fett, totalt",Sås dressing majonnäs ,9.6,g
2756,Béchamelsås m. mjölk fett 3% grädde,"Järn, Fe",Sås dressing majonnäs ,0.1,mg
2756,Béchamelsås m. mjölk fett 3% grädde,Energi (kJ),Sås dressing majonnäs ,567.0,kJ
2756,Béchamelsås m. mjölk fett 3% grädde,Energi (kcal),Sås dressing majonnäs ,136.0,kcal
2756,Béchamelsås m. mjölk fett 3% grädde,Disackarider,Sås dressing majonnäs ,5.0,g
2756,Béchamelsås m. mjölk fett 3% grädde,"Kalcium, Ca",Sås dressing majonnäs ,134.0,mg
2756,Béchamelsås m. mjölk fett 3% grädde,Fettsyra 4:0-10:0,Sås dressing majonnäs ,0.9,g
2756,Béchamelsås m. mjölk fett 3% grädde,DHA (C22:6),Sås dressing majonnäs ,0.0,g
2756,Béchamelsås m. mjölk fett 3% grädde,DPA (C22:5),Sås dressing majonnäs ,0.0,g
2756,Béchamelsås m. mjölk fett 3% grädde,EPA (C20:5),Sås dressing majonnäs ,0.0,g
2756,Béchamelsås m. mjölk fett 3% grädde,Arakidonsyra C20:4,Sås dressing majonnäs ,0.0,g
2756,Béchamelsås m. mjölk fett 3% grädde,Arakidinsyra C20:0,Sås dressing majonnäs ,0.0,g
2756,Béchamelsås m. mjölk fett 3% grädde,Linolensyra C18:3,Sås dressing majonnäs ,0.1,g
2756,Béchamelsås m. mjölk fett 3% grädde,Linolsyra C18:2,Sås dressing majonnäs ,0.3,g
2756,Béchamelsås m. mjölk fett 3% grädde,Oljesyra C18:1,Sås dressing majonnäs ,1.9,g
2756,Béchamelsås m. mjölk fett 3% grädde,Stearinsyra C18:0,Sås dressing majonnäs ,0.9,g
2756,Béchamelsås m. mjölk fett 3% grädde,Palmitoljesyra C16:1,Sås dressing majonnäs ,0.2,g
2756,Béchamelsås m. mjölk fett 3% grädde,Palmitinsyra C16:0,Sås dressing majonnäs ,2.9,g
2756,Béchamelsås m. mjölk fett 3% grädde,Myristinsyra C14:0,Sås dressing majonnäs ,1.0,g
2756,Béchamelsås m. mjölk fett 3% grädde,Laurinsyra C12:0,Sås dressing majonnäs ,0.3,g
2756,Béchamelsås m. mjölk fett 3% grädde,Betakaroten/β-Karoten,Sås dressing majonnäs ,54.0,µg
2756,Béchamelsås m. mjölk fett 3% grädde,Avfall (skal etc.),Sås dressing majonnäs ,0.0,%
2756,Béchamelsås m. mjölk fett 3% grädde,Aska,Sås dressing majonnäs ,1.5,g
2756,Béchamelsås m. mjölk fett 3% grädde,Alkohol,Sås dressing majonnäs ,0.0,g
2758,Sushi veg.,"Zink, Zn",Grönsaks- rotfrukts- baljväxträtter o produkter,0.4,mg
2758,Sushi veg.,Vitamin E,Grönsaks- rotfrukts- baljväxträtter o produkter,0.3,mg
2758,Sushi veg.,Vitamin D,Grönsaks- rotfrukts- baljväxträtter o produkter,0.0,µg
2758,Sushi veg.,Vitamin C,Grönsaks- rotfrukts- baljväxträtter o produkter,1.5,mg
2758,Sushi veg.,Vitamin B6,Grönsaks- rotfrukts- baljväxträtter o produkter,0.04,mg
2758,Sushi veg.,Vitamin B12,Grönsaks- rotfrukts- baljväxträtter o produkter,0.0,µg
2758,Sushi veg.,Vitamin A,Grönsaks- rotfrukts- baljväxträtter o produkter,2.5,RE/µg
2758,Sushi veg.,Vatten,Grönsaks- rotfrukts- baljväxträtter o produkter,61.6,g
2758,Sushi veg.,Tiamin,Grönsaks- rotfrukts- baljväxträtter o produkter,0.02,mg
2758,Sushi veg.,Tillsatt socker,Grönsaks- rotfrukts- baljväxträtter o produkter,5.0,g
2758,Sushi veg.,Fritt socker,Grönsaks- rotfrukts- baljväxträtter o produkter,5.0,g
2758,Sushi veg.,"Selen, Se",Grönsaks- rotfrukts- baljväxträtter o produkter,0.8,µg
2758,Sushi veg.,Sackaros,Grönsaks- rotfrukts- baljväxträtter o produkter,2.5,g
2758,Sushi veg.,Riboflavin,Grönsaks- rotfrukts- baljväxträtter o produkter,0.02,mg
2758,Sushi veg.,Retinol,Grönsaks- rotfrukts- baljväxträtter o produkter,0.0,µg
2758,Sushi veg.,Protein,Grönsaks- rotfrukts- baljväxträtter o produkter,2.6,g
2758,Sushi veg.,Summa fleromättade fettsyror,Grönsaks- rotfrukts- baljväxträtter o produkter,0.2,g
2758,Sushi veg.,"Fosfor, P",Grönsaks- rotfrukts- baljväxträtter o produkter,37.0,mg
2758,Sushi veg.,Niacinekvivalenter,Grönsaks- rotfrukts- baljväxträtter o produkter,0.75,NE/mg
2758,Sushi veg.,Niacin,Grönsaks- rotfrukts- baljväxträtter o produkter,0.32,mg
2758,Sushi veg.,"Salt, NaCl",Grönsaks- rotfrukts- baljväxträtter o produkter,0.7,g
2758,Sushi veg.,"Natrium, Na",Grönsaks- rotfrukts- baljväxträtter o produkter,276.0,mg
2758,Sushi veg.,Monosackarider,Grönsaks- rotfrukts- baljväxträtter o produkter,2.0,g
2758,Sushi veg.,"Sockerarter, totalt",Grönsaks- rotfrukts- baljväxträtter o produkter,4.7,g
2758,Sushi veg.,Summa enkelomättade fettsyror,Grönsaks- rotfrukts- baljväxträtter o produkter,1.2,g
2758,Sushi veg.,"Magnesium, Mg",Grönsaks- rotfrukts- baljväxträtter o produkter,10.0,mg
2758,Sushi veg.,Summa mättade fettsyror,Grönsaks- rotfrukts- baljväxträtter o produkter,0.3,g
2758,Sushi veg.,"Kolhydrater, tillgängliga",Grönsaks- rotfrukts- baljväxträtter o produkter,30.9,g
2758,Sushi veg.,Kolesterol,Grönsaks- rotfrukts- baljväxträtter o produkter,0.0,mg
2758,Sushi veg.,"Kalium, K",Grönsaks- rotfrukts- baljväxträtter o produkter,238.0,mg
2758,Sushi veg.,"Jod, I",Grönsaks- rotfrukts- baljväxträtter o produkter,57.7,µg
2758,Sushi veg.,Fullkorn totalt,Grönsaks- rotfrukts- baljväxträtter o produkter,0.0,g
2758,Sushi veg.,"Folat, totalt",Grönsaks- rotfrukts- baljväxträtter o produkter,13.7,µg
2758,Sushi veg.,Fibrer,Grönsaks- rotfrukts- baljväxträtter o produkter,1.4,g
2758,Sushi veg.,"Fett, totalt",Grönsaks- rotfrukts- baljväxträtter o produkter,2.2,g
2758,Sushi veg.,"Järn, Fe",Grönsaks- rotfrukts- baljväxträtter o produkter,0.2,mg
2758,Sushi veg.,Energi (kJ),Grönsaks- rotfrukts- baljväxträtter o produkter,663.0,kJ
2758,Sushi veg.,Energi (kcal),Grönsaks- rotfrukts- baljväxträtter o produkter,158.0,kcal
2758,Sushi veg.,Disackarider,Grönsaks- rotfrukts- baljväxträtter o produkter,2.7,g
2758,Sushi veg.,"Kalcium, Ca",Grönsaks- rotfrukts- baljväxträtter o produkter,21.0,mg
2758,Sushi veg.,Fettsyra 4:0-10:0,Grönsaks- rotfrukts- baljväxträtter o produkter,0.0,g
2758,Sushi veg.,DHA (C22:6),Grönsaks- rotfrukts- baljväxträtter o produkter,0.0,g
2758,Sushi veg.,DPA (C22:5),Grönsaks- rotfrukts- baljväxträtter o produkter,0.0,g
2758,Sushi veg.,EPA (C20:5),Grönsaks- rotfrukts- baljväxträtter o produkter,0.0,g
2758,Sushi veg.,Arakidonsyra C20:4,Grönsaks- rotfrukts- baljväxträtter o produkter,0.0,g
2758,Sushi veg.,Arakidinsyra C20:0,Grönsaks- rotfrukts- baljväxträtter o produkter,0.0,g
2758,Sushi veg.,Linolensyra C18:3,Grönsaks- rotfrukts- baljväxträtter o produkter,0.0,g
2758,Sushi veg.,Linolsyra C18:2,Grönsaks- rotfrukts- baljväxträtter o produkter,0.2,g
2758,Sushi veg.,Oljesyra C18:1,Grönsaks- rotfrukts- baljväxträtter o produkter,1.1,g
2758,Sushi veg.,Stearinsyra C18:0,Grönsaks- rotfrukts- baljväxträtter o produkter,0.0,g
2758,Sushi veg.,Palmitoljesyra C16:1,Grönsaks- rotfrukts- baljväxträtter o produkter,0.1,g
2758,Sushi veg.,Palmitinsyra C16:0,Grönsaks- rotfrukts- baljväxträtter o produkter,0.3,g
2758,Sushi veg.,Myristinsyra C14:0,Grönsaks- rotfrukts- baljväxträtter o produkter,0.0,g
2758,Sushi veg.,Laurinsyra C12:0,Grönsaks- rotfrukts- baljväxträtter o produkter,0.0,g
2758,Sushi veg.,Betakaroten/β-Karoten,Grönsaks- rotfrukts- baljväxträtter o produkter,27.0,µg
2758,Sushi veg.,Avfall (skal etc.),Grönsaks- rotfrukts- baljväxträtter o produkter,4.0,%
2758,Sushi veg.,Aska,Grönsaks- rotfrukts- baljväxträtter o produkter,1.3,g
2758,Sushi veg.,Alkohol,Grönsaks- rotfrukts- baljväxträtter o produkter,0.0,g
2769,Pannkaka tunn hemlagad,"Zink, Zn","Pannkakor, våfflor, crêpes",0.5,mg
2769,Pannkaka tunn hemlagad,Vitamin E,"Pannkakor, våfflor, crêpes",1.0,mg
2769,Pannkaka tunn hemlagad,Vitamin D,"Pannkakor, våfflor, crêpes",0.91,µg
2769,Pannkaka tunn hemlagad,Vitamin C,"Pannkakor, våfflor, crêpes",0.8,mg
2769,Pannkaka tunn hemlagad,Vitamin B6,"Pannkakor, våfflor, crêpes",0.05,mg
2769,Pannkaka tunn hemlagad,Vitamin B12,"Pannkakor, våfflor, crêpes",0.48,µg
2769,Pannkaka tunn hemlagad,Vitamin A,"Pannkakor, våfflor, crêpes",69.5,RE/µg
2769,Pannkaka tunn hemlagad,Vatten,"Pannkakor, våfflor, crêpes",72.7,g
2769,Pannkaka tunn hemlagad,Tiamin,"Pannkakor, våfflor, crêpes",0.05,mg
2769,Pannkaka tunn hemlagad,Tillsatt socker,"Pannkakor, våfflor, crêpes",0.0,g
2769,Pannkaka tunn hemlagad,Fritt socker,"Pannkakor, våfflor, crêpes",0.0,g
2769,Pannkaka tunn hemlagad,"Selen, Se","Pannkakor, våfflor, crêpes",5.8,µg
2769,Pannkaka tunn hemlagad,Sackaros,"Pannkakor, våfflor, crêpes",0.0,g
2769,Pannkaka tunn hemlagad,Riboflavin,"Pannkakor, våfflor, crêpes",0.15,mg
2769,Pannkaka tunn hemlagad,Retinol,"Pannkakor, våfflor, crêpes",67.5,µg
2769,Pannkaka tunn hemlagad,Protein,"Pannkakor, våfflor, crêpes",5.5,g
2769,Pannkaka tunn hemlagad,Summa fleromättade fettsyror,"Pannkakor, våfflor, crêpes",0.5,g
2769,Pannkaka tunn hemlagad,"Fosfor, P","Pannkakor, våfflor, crêpes",144.0,mg
2769,Pannkaka tunn hemlagad,Niacinekvivalenter,"Pannkakor, våfflor, crêpes",1.47,NE/mg
2769,Pannkaka tunn hemlagad,Niacin,"Pannkakor, våfflor, crêpes",0.2,mg
2769,Pannkaka tunn hemlagad,"Salt, NaCl","Pannkakor, våfflor, crêpes",0.6,g
2769,Pannkaka tunn hemlagad,"Natrium, Na","Pannkakor, våfflor, crêpes",227.0,mg
2769,Pannkaka tunn hemlagad,Monosackarider,"Pannkakor, våfflor, crêpes",0.1,g
2769,Pannkaka tunn hemlagad,"Sockerarter, totalt","Pannkakor, våfflor, crêpes",3.7,g
2769,Pannkaka tunn hemlagad,Summa enkelomättade fettsyror,"Pannkakor, våfflor, crêpes",1.7,g
2769,Pannkaka tunn hemlagad,"Magnesium, Mg","Pannkakor, våfflor, crêpes",13.0,mg
2769,Pannkaka tunn hemlagad,Summa mättade fettsyror,"Pannkakor, våfflor, crêpes",3.5,g
2769,Pannkaka tunn hemlagad,"Kolhydrater, tillgängliga","Pannkakor, våfflor, crêpes",13.7,g
2769,Pannkaka tunn hemlagad,Kolesterol,"Pannkakor, våfflor, crêpes",63.7,mg
2769,Pannkaka tunn hemlagad,"Kalium, K","Pannkakor, våfflor, crêpes",158.0,mg
2769,Pannkaka tunn hemlagad,"Jod, I","Pannkakor, våfflor, crêpes",42.9,µg
2769,Pannkaka tunn hemlagad,Fullkorn totalt,"Pannkakor, våfflor, crêpes",0.0,g
2769,Pannkaka tunn hemlagad,"Folat, totalt","Pannkakor, våfflor, crêpes",14.6,µg
2769,Pannkaka tunn hemlagad,Fibrer,"Pannkakor, våfflor, crêpes",0.5,g
2769,Pannkaka tunn hemlagad,"Fett, totalt","Pannkakor, våfflor, crêpes",6.3,g
2769,Pannkaka tunn hemlagad,"Järn, Fe","Pannkakor, våfflor, crêpes",0.4,mg
2769,Pannkaka tunn hemlagad,Energi (kJ),"Pannkakor, våfflor, crêpes",564.0,kJ
2769,Pannkaka tunn hemlagad,Energi (kcal),"Pannkakor, våfflor, crêpes",135.0,kcal
2769,Pannkaka tunn hemlagad,Disackarider,"Pannkakor, våfflor, crêpes",3.6,g
2769,Pannkaka tunn hemlagad,"Kalcium, Ca","Pannkakor, våfflor, crêpes",101.0,mg
2769,Pannkaka tunn hemlagad,Fettsyra 4:0-10:0,"Pannkakor, våfflor, crêpes",0.5,g
2769,Pannkaka tunn hemlagad,DHA (C22:6),"Pannkakor, våfflor, crêpes",0.0,g
2769,Pannkaka tunn hemlagad,DPA (C22:5),"Pannkakor, våfflor, crêpes",0.0,g
2769,Pannkaka tunn hemlagad,EPA (C20:5),"Pannkakor, våfflor, crêpes",0.0,g
2769,Pannkaka tunn hemlagad,Arakidonsyra C20:4,"Pannkakor, våfflor, crêpes",0.0,g
2769,Pannkaka tunn hemlagad,Arakidinsyra C20:0,"Pannkakor, våfflor, crêpes",0.0,g
2769,Pannkaka tunn hemlagad,Linolensyra C18:3,"Pannkakor, våfflor, crêpes",0.0,g
2769,Pannkaka tunn hemlagad,Linolsyra C18:2,"Pannkakor, våfflor, crêpes",0.4,g
2769,Pannkaka tunn hemlagad,Oljesyra C18:1,"Pannkakor, våfflor, crêpes",1.5,g
2769,Pannkaka tunn hemlagad,Stearinsyra C18:0,"Pannkakor, våfflor, crêpes",0.5,g
2769,Pannkaka tunn hemlagad,Palmitoljesyra C16:1,"Pannkakor, våfflor, crêpes",0.1,g
2769,Pannkaka tunn hemlagad,Palmitinsyra C16:0,"Pannkakor, våfflor, crêpes",1.7,g
2769,Pannkaka tunn hemlagad,Myristinsyra C14:0,"Pannkakor, våfflor, crêpes",0.5,g
2769,Pannkaka tunn hemlagad,Laurinsyra C12:0,"Pannkakor, våfflor, crêpes",0.2,g
2769,Pannkaka tunn hemlagad,Betakaroten/β-Karoten,"Pannkakor, våfflor, crêpes",24.0,µg
2769,Pannkaka tunn hemlagad,Avfall (skal etc.),"Pannkakor, våfflor, crêpes",2.0,%
2769,Pannkaka tunn hemlagad,Aska,"Pannkakor, våfflor, crêpes",1.2,g
2769,Pannkaka tunn hemlagad,Alkohol,"Pannkakor, våfflor, crêpes",0.0,g
2774,Grönsaksblandning m. ärtor bönor morot blomkål typ sommargrönsaker frysvara kokt m. salt,"Zink, Zn",Grönsaksblandningar med rotfrukter och eller baljväxter,0.3,mg
2774,Grönsaksblandning m. ärtor bönor morot blomkål typ sommargrönsaker frysvara kokt m. salt,Vitamin E,Grönsaksblandningar med rotfrukter och eller baljväxter,0.3,mg
2774,Grönsaksblandning m. ärtor bönor morot blomkål typ sommargrönsaker frysvara kokt m. salt,Vitamin D inkl 25-OH-D3,Grönsaksblandningar med rotfrukter och eller baljväxter,0.0,µg
2774,Grönsaksblandning m. ärtor bönor morot blomkål typ sommargrönsaker frysvara kokt m. salt,Vitamin D,Grönsaksblandningar med rotfrukter och eller baljväxter,0.0,µg
2774,Grönsaksblandning m. ärtor bönor morot blomkål typ sommargrönsaker frysvara kokt m. salt,Vitamin C,Grönsaksblandningar med rotfrukter och eller baljväxter,8.2,mg
2774,Grönsaksblandning m. ärtor bönor morot blomkål typ sommargrönsaker frysvara kokt m. salt,Vitamin B6,Grönsaksblandningar med rotfrukter och eller baljväxter,0.06,mg
2774,Grönsaksblandning m. ärtor bönor morot blomkål typ sommargrönsaker frysvara kokt m. salt,Vitamin B12,Grönsaksblandningar med rotfrukter och eller baljväxter,0.0,µg
2774,Grönsaksblandning m. ärtor bönor morot blomkål typ sommargrönsaker frysvara kokt m. salt,Vitamin A,Grönsaksblandningar med rotfrukter och eller baljväxter,273.7,RE/µg
2774,Grönsaksblandning m. ärtor bönor morot blomkål typ sommargrönsaker frysvara kokt m. salt,Vatten,Grönsaksblandningar med rotfrukter och eller baljväxter,88.6,g
2774,Grönsaksblandning m. ärtor bönor morot blomkål typ sommargrönsaker frysvara kokt m. salt,Tiamin,Grönsaksblandningar med rotfrukter och eller baljväxter,0.05,mg
2774,Grönsaksblandning m. ärtor bönor morot blomkål typ sommargrönsaker frysvara kokt m. salt,Tillsatt socker,Grönsaksblandningar med rotfrukter och eller baljväxter,0.0,g
2774,Grönsaksblandning m. ärtor bönor morot blomkål typ sommargrönsaker frysvara kokt m. salt,Fritt socker,Grönsaksblandningar med rotfrukter och eller baljväxter,0.0,g
2774,Grönsaksblandning m. ärtor bönor morot blomkål typ sommargrönsaker frysvara kokt m. salt,"Selen, Se",Grönsaksblandningar med rotfrukter och eller baljväxter,0.3,µg
2774,Grönsaksblandning m. ärtor bönor morot blomkål typ sommargrönsaker frysvara kokt m. salt,Sackaros,Grönsaksblandningar med rotfrukter och eller baljväxter,1.6,g
2774,Grönsaksblandning m. ärtor bönor morot blomkål typ sommargrönsaker frysvara kokt m. salt,Riboflavin,Grönsaksblandningar med rotfrukter och eller baljväxter,0.09,mg
2774,Grönsaksblandning m. ärtor bönor morot blomkål typ sommargrönsaker frysvara kokt m. salt,Retinol,Grönsaksblandningar med rotfrukter och eller baljväxter,0.0,µg
2774,Grönsaksblandning m. ärtor bönor morot blomkål typ sommargrönsaker frysvara kokt m. salt,Protein,Grönsaksblandningar med rotfrukter och eller baljväxter,2.4,g
2774,Grönsaksblandning m. ärtor bönor morot blomkål typ sommargrönsaker frysvara kokt m. salt,Summa fleromättade fettsyror,Grönsaksblandningar med rotfrukter och eller baljväxter,0.3,g
2774,Grönsaksblandning m. ärtor bönor morot blomkål typ sommargrönsaker frysvara kokt m. salt,"Fosfor, P",Grönsaksblandningar med rotfrukter och eller baljväxter,48.0,mg
2774,Grönsaksblandning m. ärtor bönor morot blomkål typ sommargrönsaker frysvara kokt m. salt,Niacinekvivalenter,Grönsaksblandningar med rotfrukter och eller baljväxter,1.19,NE/mg
2774,Grönsaksblandning m. ärtor bönor morot blomkål typ sommargrönsaker frysvara kokt m. salt,Niacin,Grönsaksblandningar med rotfrukter och eller baljväxter,0.8,mg
2774,Grönsaksblandning m. ärtor bönor morot blomkål typ sommargrönsaker frysvara kokt m. salt,"Salt, NaCl",Grönsaksblandningar med rotfrukter och eller baljväxter,0.6,g
2774,Grönsaksblandning m. ärtor bönor morot blomkål typ sommargrönsaker frysvara kokt m. salt,"Natrium, Na",Grönsaksblandningar med rotfrukter och eller baljväxter,220.0,mg
2774,Grönsaksblandning m. ärtor bönor morot blomkål typ sommargrönsaker frysvara kokt m. salt,Monosackarider,Grönsaksblandningar med rotfrukter och eller baljväxter,0.3,g
2774,Grönsaksblandning m. ärtor bönor morot blomkål typ sommargrönsaker frysvara kokt m. salt,"Sockerarter, totalt",Grönsaksblandningar med rotfrukter och eller baljväxter,1.9,g
2774,Grönsaksblandning m. ärtor bönor morot blomkål typ sommargrönsaker frysvara kokt m. salt,Summa enkelomättade fettsyror,Grönsaksblandningar med rotfrukter och eller baljväxter,0.0,g
2774,Grönsaksblandning m. ärtor bönor morot blomkål typ sommargrönsaker frysvara kokt m. salt,"Magnesium, Mg",Grönsaksblandningar med rotfrukter och eller baljväxter,20.0,mg
2774,Grönsaksblandning m. ärtor bönor morot blomkål typ sommargrönsaker frysvara kokt m. salt,Summa mättade fettsyror,Grönsaksblandningar med rotfrukter och eller baljväxter,0.1,g
2774,Grönsaksblandning m. ärtor bönor morot blomkål typ sommargrönsaker frysvara kokt m. salt,"Kolhydrater, tillgängliga",Grönsaksblandningar med rotfrukter och eller baljväxter,4.5,g
2774,Grönsaksblandning m. ärtor bönor morot blomkål typ sommargrönsaker frysvara kokt m. salt,Kolesterol,Grönsaksblandningar med rotfrukter och eller baljväxter,0.0,mg
2774,Grönsaksblandning m. ärtor bönor morot blomkål typ sommargrönsaker frysvara kokt m. salt,"Kalium, K",Grönsaksblandningar med rotfrukter och eller baljväxter,105.0,mg
2774,Grönsaksblandning m. ärtor bönor morot blomkål typ sommargrönsaker frysvara kokt m. salt,"Jod, I",Grönsaksblandningar med rotfrukter och eller baljväxter,27.6,µg
2774,Grönsaksblandning m. ärtor bönor morot blomkål typ sommargrönsaker frysvara kokt m. salt,Fullkorn totalt,Grönsaksblandningar med rotfrukter och eller baljväxter,0.0,g
2774,Grönsaksblandning m. ärtor bönor morot blomkål typ sommargrönsaker frysvara kokt m. salt,"Folat, totalt",Grönsaksblandningar med rotfrukter och eller baljväxter,17.9,µg
2774,Grönsaksblandning m. ärtor bönor morot blomkål typ sommargrönsaker frysvara kokt m. salt,Fibrer,Grönsaksblandningar med rotfrukter och eller baljväxter,3.0,g
2774,Grönsaksblandning m. ärtor bönor morot blomkål typ sommargrönsaker frysvara kokt m. salt,"Fett, totalt",Grönsaksblandningar med rotfrukter och eller baljväxter,0.5,g
2774,Grönsaksblandning m. ärtor bönor morot blomkål typ sommargrönsaker frysvara kokt m. salt,"Järn, Fe",Grönsaksblandningar med rotfrukter och eller baljväxter,1.1,mg
2774,Grönsaksblandning m. ärtor bönor morot blomkål typ sommargrönsaker frysvara kokt m. salt,Energi (kJ),Grönsaksblandningar med rotfrukter och eller baljväxter,159.0,kJ
2774,Grönsaksblandning m. ärtor bönor morot blomkål typ sommargrönsaker frysvara kokt m. salt,Energi (kcal),Grönsaksblandningar med rotfrukter och eller baljväxter,38.0,kcal
2774,Grönsaksblandning m. ärtor bönor morot blomkål typ sommargrönsaker frysvara kokt m. salt,Disackarider,Grönsaksblandningar med rotfrukter och eller baljväxter,1.6,g
2774,Grönsaksblandning m. ärtor bönor morot blomkål typ sommargrönsaker frysvara kokt m. salt,"Kalcium, Ca",Grönsaksblandningar med rotfrukter och eller baljväxter,41.0,mg
2774,Grönsaksblandning m. ärtor bönor morot blomkål typ sommargrönsaker frysvara kokt m. salt,Fettsyra 4:0-10:0,Grönsaksblandningar med rotfrukter och eller baljväxter,0.0,g
2774,Grönsaksblandning m. ärtor bönor morot blomkål typ sommargrönsaker frysvara kokt m. salt,DHA (C22:6),Grönsaksblandningar med rotfrukter och eller baljväxter,0.0,g
2774,Grönsaksblandning m. ärtor bönor morot blomkål typ sommargrönsaker frysvara kokt m. salt,DPA (C22:5),Grönsaksblandningar med rotfrukter och eller baljväxter,0.0,g
2774,Grönsaksblandning m. ärtor bönor morot blomkål typ sommargrönsaker frysvara kokt m. salt,EPA (C20:5),Grönsaksblandningar med rotfrukter och eller baljväxter,0.0,g
2774,Grönsaksblandning m. ärtor bönor morot blomkål typ sommargrönsaker frysvara kokt m. salt,Arakidonsyra C20:4,Grönsaksblandningar med rotfrukter och eller baljväxter,0.0,g
2774,Grönsaksblandning m. ärtor bönor morot blomkål typ sommargrönsaker frysvara kokt m. salt,Arakidinsyra C20:0,Grönsaksblandningar med rotfrukter och eller baljväxter,0.0,g
2774,Grönsaksblandning m. ärtor bönor morot blomkål typ sommargrönsaker frysvara kokt m. salt,Linolensyra C18:3,Grönsaksblandningar med rotfrukter och eller baljväxter,0.1,g
2774,Grönsaksblandning m. ärtor bönor morot blomkål typ sommargrönsaker frysvara kokt m. salt,Linolsyra C18:2,Grönsaksblandningar med rotfrukter och eller baljväxter,0.2,g
2774,Grönsaksblandning m. ärtor bönor morot blomkål typ sommargrönsaker frysvara kokt m. salt,Oljesyra C18:1,Grönsaksblandningar med rotfrukter och eller baljväxter,0.0,g
2774,Grönsaksblandning m. ärtor bönor morot blomkål typ sommargrönsaker frysvara kokt m. salt,Stearinsyra C18:0,Grönsaksblandningar med rotfrukter och eller baljväxter,0.0,g
2774,Grönsaksblandning m. ärtor bönor morot blomkål typ sommargrönsaker frysvara kokt m. salt,Palmitoljesyra C16:1,Grönsaksblandningar med rotfrukter och eller baljväxter,0.0,g
2774,Grönsaksblandning m. ärtor bönor morot blomkål typ sommargrönsaker frysvara kokt m. salt,Palmitinsyra C16:0,Grönsaksblandningar med rotfrukter och eller baljväxter,0.1,g
2774,Grönsaksblandning m. ärtor bönor morot blomkål typ sommargrönsaker frysvara kokt m. salt,Myristinsyra C14:0,Grönsaksblandningar med rotfrukter och eller baljväxter,0.0,g
2774,Grönsaksblandning m. ärtor bönor morot blomkål typ sommargrönsaker frysvara kokt m. salt,Laurinsyra C12:0,Grönsaksblandningar med rotfrukter och eller baljväxter,0.0,g
2774,Grönsaksblandning m. ärtor bönor morot blomkål typ sommargrönsaker frysvara kokt m. salt,Betakaroten/β-Karoten,Grönsaksblandningar med rotfrukter och eller baljväxter,3285.0,µg
2774,Grönsaksblandning m. ärtor bönor morot blomkål typ sommargrönsaker frysvara kokt m. salt,Avfall (skal etc.),Grönsaksblandningar med rotfrukter och eller baljväxter,0.0,%
2774,Grönsaksblandning m. ärtor bönor morot blomkål typ sommargrönsaker frysvara kokt m. salt,Aska,Grönsaksblandningar med rotfrukter och eller baljväxter,1.1,g
2774,Grönsaksblandning m. ärtor bönor morot blomkål typ sommargrönsaker frysvara kokt m. salt,Alkohol,Grönsaksblandningar med rotfrukter och eller baljväxter,0.0,g
2775,Grönsaksblandning ärter morot frysvara kokt m. salt,"Zink, Zn",Grönsaksblandningar med rotfrukter och eller baljväxter,0.5,mg
2775,Grönsaksblandning ärter morot frysvara kokt m. salt,Vitamin E,Grönsaksblandningar med rotfrukter och eller baljväxter,0.3,mg
2775,Grönsaksblandning ärter morot frysvara kokt m. salt,Vitamin D inkl 25-OH-D3,Grönsaksblandningar med rotfrukter och eller baljväxter,0.0,µg
2775,Grönsaksblandning ärter morot frysvara kokt m. salt,Vitamin D,Grönsaksblandningar med rotfrukter och eller baljväxter,0.0,µg
2775,Grönsaksblandning ärter morot frysvara kokt m. salt,Vitamin C,Grönsaksblandningar med rotfrukter och eller baljväxter,6.6,mg
2775,Grönsaksblandning ärter morot frysvara kokt m. salt,Vitamin B6,Grönsaksblandningar med rotfrukter och eller baljväxter,0.07,mg
2775,Grönsaksblandning ärter morot frysvara kokt m. salt,Vitamin B12,Grönsaksblandningar med rotfrukter och eller baljväxter,0.0,µg
2775,Grönsaksblandning ärter morot frysvara kokt m. salt,Vitamin A,Grönsaksblandningar med rotfrukter och eller baljväxter,257.1,RE/µg
2775,Grönsaksblandning ärter morot frysvara kokt m. salt,Vatten,Grönsaksblandningar med rotfrukter och eller baljväxter,83.6,g
2775,Grönsaksblandning ärter morot frysvara kokt m. salt,Tiamin,Grönsaksblandningar med rotfrukter och eller baljväxter,0.11,mg
2775,Grönsaksblandning ärter morot frysvara kokt m. salt,Tillsatt socker,Grönsaksblandningar med rotfrukter och eller baljväxter,0.0,g
2775,Grönsaksblandning ärter morot frysvara kokt m. salt,Fritt socker,Grönsaksblandningar med rotfrukter och eller baljväxter,0.0,g
2775,Grönsaksblandning ärter morot frysvara kokt m. salt,"Selen, Se",Grönsaksblandningar med rotfrukter och eller baljväxter,0.2,µg
2775,Grönsaksblandning ärter morot frysvara kokt m. salt,Sackaros,Grönsaksblandningar med rotfrukter och eller baljväxter,1.6,g
2775,Grönsaksblandning ärter morot frysvara kokt m. salt,Riboflavin,Grönsaksblandningar med rotfrukter och eller baljväxter,0.08,mg
2775,Grönsaksblandning ärter morot frysvara kokt m. salt,Retinol,Grönsaksblandningar med rotfrukter och eller baljväxter,0.0,µg
2775,Grönsaksblandning ärter morot frysvara kokt m. salt,Protein,Grönsaksblandningar med rotfrukter och eller baljväxter,3.7,g
2775,Grönsaksblandning ärter morot frysvara kokt m. salt,Summa fleromättade fettsyror,Grönsaksblandningar med rotfrukter och eller baljväxter,0.2,g
2775,Grönsaksblandning ärter morot frysvara kokt m. salt,"Fosfor, P",Grönsaksblandningar med rotfrukter och eller baljväxter,28.0,mg
2775,Grönsaksblandning ärter morot frysvara kokt m. salt,Niacinekvivalenter,Grönsaksblandningar med rotfrukter och eller baljväxter,1.81,NE/mg
2775,Grönsaksblandning ärter morot frysvara kokt m. salt,Niacin,Grönsaksblandningar med rotfrukter och eller baljväxter,1.19,mg
2775,Grönsaksblandning ärter morot frysvara kokt m. salt,"Salt, NaCl",Grönsaksblandningar med rotfrukter och eller baljväxter,0.6,g
2775,Grönsaksblandning ärter morot frysvara kokt m. salt,"Natrium, Na",Grönsaksblandningar med rotfrukter och eller baljväxter,230.0,mg
2775,Grönsaksblandning ärter morot frysvara kokt m. salt,Monosackarider,Grönsaksblandningar med rotfrukter och eller baljväxter,0.3,g
2775,Grönsaksblandning ärter morot frysvara kokt m. salt,"Sockerarter, totalt",Grönsaksblandningar med rotfrukter och eller baljväxter,1.9,g
2775,Grönsaksblandning ärter morot frysvara kokt m. salt,Summa enkelomättade fettsyror,Grönsaksblandningar med rotfrukter och eller baljväxter,0.0,g
2775,Grönsaksblandning ärter morot frysvara kokt m. salt,"Magnesium, Mg",Grönsaksblandningar med rotfrukter och eller baljväxter,18.0,mg
2775,Grönsaksblandning ärter morot frysvara kokt m. salt,Summa mättade fettsyror,Grönsaksblandningar med rotfrukter och eller baljväxter,0.1,g
2775,Grönsaksblandning ärter morot frysvara kokt m. salt,"Kolhydrater, tillgängliga",Grönsaksblandningar med rotfrukter och eller baljväxter,9.0,g
2775,Grönsaksblandning ärter morot frysvara kokt m. salt,Kolesterol,Grönsaksblandningar med rotfrukter och eller baljväxter,0.0,mg
2775,Grönsaksblandning ärter morot frysvara kokt m. salt,"Kalium, K",Grönsaksblandningar med rotfrukter och eller baljväxter,101.0,mg
2775,Grönsaksblandning ärter morot frysvara kokt m. salt,"Jod, I",Grönsaksblandningar med rotfrukter och eller baljväxter,24.8,µg
2775,Grönsaksblandning ärter morot frysvara kokt m. salt,Fullkorn totalt,Grönsaksblandningar med rotfrukter och eller baljväxter,0.0,g
2775,Grönsaksblandning ärter morot frysvara kokt m. salt,"Folat, totalt",Grönsaksblandningar med rotfrukter och eller baljväxter,21.5,µg
2775,Grönsaksblandning ärter morot frysvara kokt m. salt,Fibrer,Grönsaksblandningar med rotfrukter och eller baljväxter,2.2,g
2775,Grönsaksblandning ärter morot frysvara kokt m. salt,"Fett, totalt",Grönsaksblandningar med rotfrukter och eller baljväxter,0.5,g
2775,Grönsaksblandning ärter morot frysvara kokt m. salt,"Järn, Fe",Grönsaksblandningar med rotfrukter och eller baljväxter,1.1,mg
2775,Grönsaksblandning ärter morot frysvara kokt m. salt,Energi (kJ),Grönsaksblandningar med rotfrukter och eller baljväxter,251.0,kJ
2775,Grönsaksblandning ärter morot frysvara kokt m. salt,Energi (kcal),Grönsaksblandningar med rotfrukter och eller baljväxter,60.0,kcal
2775,Grönsaksblandning ärter morot frysvara kokt m. salt,Disackarider,Grönsaksblandningar med rotfrukter och eller baljväxter,1.6,g
2775,Grönsaksblandning ärter morot frysvara kokt m. salt,"Kalcium, Ca",Grönsaksblandningar med rotfrukter och eller baljväxter,49.0,mg
2775,Grönsaksblandning ärter morot frysvara kokt m. salt,Fettsyra 4:0-10:0,Grönsaksblandningar med rotfrukter och eller baljväxter,0.0,g
2775,Grönsaksblandning ärter morot frysvara kokt m. salt,DHA (C22:6),Grönsaksblandningar med rotfrukter och eller baljväxter,0.0,g
2775,Grönsaksblandning ärter morot frysvara kokt m. salt,DPA (C22:5),Grönsaksblandningar med rotfrukter och eller baljväxter,0.0,g
2775,Grönsaksblandning ärter morot frysvara kokt m. salt,EPA (C20:5),Grönsaksblandningar med rotfrukter och eller baljväxter,0.0,g
2775,Grönsaksblandning ärter morot frysvara kokt m. salt,Arakidonsyra C20:4,Grönsaksblandningar med rotfrukter och eller baljväxter,0.0,g
2775,Grönsaksblandning ärter morot frysvara kokt m. salt,Arakidinsyra C20:0,Grönsaksblandningar med rotfrukter och eller baljväxter,0.0,g
2775,Grönsaksblandning ärter morot frysvara kokt m. salt,Linolensyra C18:3,Grönsaksblandningar med rotfrukter och eller baljväxter,0.1,g
2775,Grönsaksblandning ärter morot frysvara kokt m. salt,Linolsyra C18:2,Grönsaksblandningar med rotfrukter och eller baljväxter,0.2,g
2775,Grönsaksblandning ärter morot frysvara kokt m. salt,Oljesyra C18:1,Grönsaksblandningar med rotfrukter och eller baljväxter,0.0,g
2775,Grönsaksblandning ärter morot frysvara kokt m. salt,Stearinsyra C18:0,Grönsaksblandningar med rotfrukter och eller baljväxter,0.0,g
2775,Grönsaksblandning ärter morot frysvara kokt m. salt,Palmitoljesyra C16:1,Grönsaksblandningar med rotfrukter och eller baljväxter,0.0,g
2775,Grönsaksblandning ärter morot frysvara kokt m. salt,Palmitinsyra C16:0,Grönsaksblandningar med rotfrukter och eller baljväxter,0.1,g
2775,Grönsaksblandning ärter morot frysvara kokt m. salt,Myristinsyra C14:0,Grönsaksblandningar med rotfrukter och eller baljväxter,0.0,g
2775,Grönsaksblandning ärter morot frysvara kokt m. salt,Laurinsyra C12:0,Grönsaksblandningar med rotfrukter och eller baljväxter,0.0,g
2775,Grönsaksblandning ärter morot frysvara kokt m. salt,Betakaroten/β-Karoten,Grönsaksblandningar med rotfrukter och eller baljväxter,3086.0,µg
2775,Grönsaksblandning ärter morot frysvara kokt m. salt,Avfall (skal etc.),Grönsaksblandningar med rotfrukter och eller baljväxter,0.0,%
2775,Grönsaksblandning ärter morot frysvara kokt m. salt,Aska,Grönsaksblandningar med rotfrukter och eller baljväxter,1.1,g
2775,Grönsaksblandning ärter morot frysvara kokt m. salt,Alkohol,Grönsaksblandningar med rotfrukter och eller baljväxter,0.0,g
2808,Rismål m. sylt,"Zink, Zn",Gröt,0.3,mg
2808,Rismål m. sylt,Vitamin E,Gröt,0.2,mg
2808,Rismål m. sylt,Vitamin D,Gröt,0.3,µg
2808,Rismål m. sylt,Vitamin C,Gröt,0.4,mg
2808,Rismål m. sylt,Vitamin B6,Gröt,0.03,mg
2808,Rismål m. sylt,Vitamin B12,Gröt,0.0,µg
2808,Rismål m. sylt,Vitamin A,Gröt,25.5,RE/µg
2808,Rismål m. sylt,Vatten,Gröt,71.4,g
2808,Rismål m. sylt,Tiamin,Gröt,0.02,mg
2808,Rismål m. sylt,Tillsatt socker,Gröt,10.0,g
2808,Rismål m. sylt,Fritt socker,Gröt,10.0,g
2808,Rismål m. sylt,"Selen, Se",Gröt,1.6,µg
2808,Rismål m. sylt,Sackaros,Gröt,7.1,g
2808,Rismål m. sylt,Riboflavin,Gröt,0.11,mg
2808,Rismål m. sylt,Retinol,Gröt,24.5,µg
2808,Rismål m. sylt,Protein,Gröt,2.9,g
2808,Rismål m. sylt,Summa fleromättade fettsyror,Gröt,0.2,g
2808,Rismål m. sylt,"Fosfor, P",Gröt,71.0,mg
2808,Rismål m. sylt,Niacinekvivalenter,Gröt,0.85,NE/mg
2808,Rismål m. sylt,Niacin,Gröt,0.15,mg
2808,Rismål m. sylt,"Salt, NaCl",Gröt,0.2,g
2808,Rismål m. sylt,"Natrium, Na",Gröt,54.0,mg
2808,Rismål m. sylt,Monosackarider,Gröt,3.8,g
2808,Rismål m. sylt,"Sockerarter, totalt",Gröt,13.6,g
2808,Rismål m. sylt,Summa enkelomättade fettsyror,Gröt,0.7,g
2808,Rismål m. sylt,"Magnesium, Mg",Gröt,10.0,mg
2808,Rismål m. sylt,Summa mättade fettsyror,Gröt,2.2,g
2808,Rismål m. sylt,"Kolhydrater, tillgängliga",Gröt,21.6,g
2808,Rismål m. sylt,Kolesterol,Gröt,8.6,mg
2808,Rismål m. sylt,"Kalium, K",Gröt,124.0,mg
2808,Rismål m. sylt,"Jod, I",Gröt,10.9,µg
2808,Rismål m. sylt,Fullkorn totalt,Gröt,0.0,g
2808,Rismål m. sylt,"Folat, totalt",Gröt,3.4,µg
2808,Rismål m. sylt,Fibrer,Gröt,0.3,g
2808,Rismål m. sylt,"Fett, totalt",Gröt,3.3,g
2808,Rismål m. sylt,"Järn, Fe",Gröt,0.1,mg
2808,Rismål m. sylt,Energi (kJ),Gröt,540.0,kJ
2808,Rismål m. sylt,Energi (kcal),Gröt,129.0,kcal
2808,Rismål m. sylt,Disackarider,Gröt,9.9,g
2808,Rismål m. sylt,"Kalcium, Ca",Gröt,74.0,mg
2808,Rismål m. sylt,Fettsyra 4:0-10:0,Gröt,0.3,g
2808,Rismål m. sylt,DHA (C22:6),Gröt,0.0,g
2808,Rismål m. sylt,DPA (C22:5),Gröt,0.0,g
2808,Rismål m. sylt,EPA (C20:5),Gröt,0.0,g
2808,Rismål m. sylt,Arakidonsyra C20:4,Gröt,0.0,g
2808,Rismål m. sylt,Arakidinsyra C20:0,Gröt,0.0,g
2808,Rismål m. sylt,Linolensyra C18:3,Gröt,0.0,g
2808,Rismål m. sylt,Linolsyra C18:2,Gröt,0.1,g
2808,Rismål m. sylt,Oljesyra C18:1,Gröt,0.7,g
2808,Rismål m. sylt,Stearinsyra C18:0,Gröt,0.3,g
2808,Rismål m. sylt,Palmitoljesyra C16:1,Gröt,0.0,g
2808,Rismål m. sylt,Palmitinsyra C16:0,Gröt,1.0,g
2808,Rismål m. sylt,Myristinsyra C14:0,Gröt,0.4,g
2808,Rismål m. sylt,Laurinsyra C12:0,Gröt,0.1,g
2808,Rismål m. sylt,Betakaroten/β-Karoten,Gröt,13.0,µg
2808,Rismål m. sylt,Avfall (skal etc.),Gröt,0.0,%
2808,Rismål m. sylt,Aska,Gröt,0.6,g
2808,Rismål m. sylt,Alkohol,Gröt,0.0,g
2809,Rismål m. sylt u. socker m. sötningsm.,"Zink, Zn",Gröt,0.4,mg
2809,Rismål m. sylt u. socker m. sötningsm.,Vitamin E,Gröt,0.1,mg
2809,Rismål m. sylt u. socker m. sötningsm.,Vitamin D,Gröt,0.31,µg
2809,Rismål m. sylt u. socker m. sötningsm.,Vitamin C,Gröt,1.0,mg
2809,Rismål m. sylt u. socker m. sötningsm.,Vitamin B6,Gröt,0.04,mg
2809,Rismål m. sylt u. socker m. sötningsm.,Vitamin B12,Gröt,0.0,µg
2809,Rismål m. sylt u. socker m. sötningsm.,Vitamin A,Gröt,21.8,RE/µg
2809,Rismål m. sylt u. socker m. sötningsm.,Vatten,Gröt,79.5,g
2809,Rismål m. sylt u. socker m. sötningsm.,Tiamin,Gröt,0.03,mg
2809,Rismål m. sylt u. socker m. sötningsm.,Tillsatt socker,Gröt,0.0,g
2809,Rismål m. sylt u. socker m. sötningsm.,Fritt socker,Gröt,1.0,g
2809,Rismål m. sylt u. socker m. sötningsm.,"Selen, Se",Gröt,0.8,µg
2809,Rismål m. sylt u. socker m. sötningsm.,Sackaros,Gröt,0.0,g
2809,Rismål m. sylt u. socker m. sötningsm.,Riboflavin,Gröt,0.09,mg
2809,Rismål m. sylt u. socker m. sötningsm.,Retinol,Gröt,20.5,µg
2809,Rismål m. sylt u. socker m. sötningsm.,Protein,Gröt,3.2,g
2809,Rismål m. sylt u. socker m. sötningsm.,Summa fleromättade fettsyror,Gröt,0.2,g
2809,Rismål m. sylt u. socker m. sötningsm.,"Fosfor, P",Gröt,72.0,mg
2809,Rismål m. sylt u. socker m. sötningsm.,Niacinekvivalenter,Gröt,0.87,NE/mg
2809,Rismål m. sylt u. socker m. sötningsm.,Niacin,Gröt,0.14,mg
2809,Rismål m. sylt u. socker m. sötningsm.,"Salt, NaCl",Gröt,0.2,g
2809,Rismål m. sylt u. socker m. sötningsm.,"Natrium, Na",Gröt,59.0,mg
2809,Rismål m. sylt u. socker m. sötningsm.,Monosackarider,Gröt,1.0,g
2809,Rismål m. sylt u. socker m. sötningsm.,"Sockerarter, totalt",Gröt,3.9,g
2809,Rismål m. sylt u. socker m. sötningsm.,Summa enkelomättade fettsyror,Gröt,0.7,g
2809,Rismål m. sylt u. socker m. sötningsm.,"Magnesium, Mg",Gröt,12.0,mg
2809,Rismål m. sylt u. socker m. sötningsm.,Summa mättade fettsyror,Gröt,2.1,g
2809,Rismål m. sylt u. socker m. sötningsm.,"Kolhydrater, tillgängliga",Gröt,13.1,g
2809,Rismål m. sylt u. socker m. sötningsm.,Kolesterol,Gröt,8.7,mg
2809,Rismål m. sylt u. socker m. sötningsm.,"Kalium, K",Gröt,126.0,mg
2809,Rismål m. sylt u. socker m. sötningsm.,"Jod, I",Gröt,8.8,µg
2809,Rismål m. sylt u. socker m. sötningsm.,Fullkorn totalt,Gröt,0.0,g
2809,Rismål m. sylt u. socker m. sötningsm.,"Folat, totalt",Gröt,1.4,µg
2809,Rismål m. sylt u. socker m. sötningsm.,Fibrer,Gröt,0.4,g
2809,Rismål m. sylt u. socker m. sötningsm.,"Fett, totalt",Gröt,3.2,g
2809,Rismål m. sylt u. socker m. sötningsm.,"Järn, Fe",Gröt,0.1,mg
2809,Rismål m. sylt u. socker m. sötningsm.,Energi (kJ),Gröt,397.0,kJ
2809,Rismål m. sylt u. socker m. sötningsm.,Energi (kcal),Gröt,95.0,kcal
2809,Rismål m. sylt u. socker m. sötningsm.,Disackarider,Gröt,2.9,g
2809,Rismål m. sylt u. socker m. sötningsm.,"Kalcium, Ca",Gröt,78.0,mg
2809,Rismål m. sylt u. socker m. sötningsm.,Fettsyra 4:0-10:0,Gröt,0.3,g
2809,Rismål m. sylt u. socker m. sötningsm.,DHA (C22:6),Gröt,0.0,g
2809,Rismål m. sylt u. socker m. sötningsm.,DPA (C22:5),Gröt,0.0,g
2809,Rismål m. sylt u. socker m. sötningsm.,EPA (C20:5),Gröt,0.0,g
2809,Rismål m. sylt u. socker m. sötningsm.,Arakidonsyra C20:4,Gröt,0.0,g
2809,Rismål m. sylt u. socker m. sötningsm.,Arakidinsyra C20:0,Gröt,0.0,g
2809,Rismål m. sylt u. socker m. sötningsm.,Linolensyra C18:3,Gröt,0.0,g
2809,Rismål m. sylt u. socker m. sötningsm.,Linolsyra C18:2,Gröt,0.1,g
2809,Rismål m. sylt u. socker m. sötningsm.,Oljesyra C18:1,Gröt,0.6,g
2809,Rismål m. sylt u. socker m. sötningsm.,Stearinsyra C18:0,Gröt,0.3,g
2809,Rismål m. sylt u. socker m. sötningsm.,Palmitoljesyra C16:1,Gröt,0.0,g
2809,Rismål m. sylt u. socker m. sötningsm.,Palmitinsyra C16:0,Gröt,1.0,g
2809,Rismål m. sylt u. socker m. sötningsm.,Myristinsyra C14:0,Gröt,0.4,g
2809,Rismål m. sylt u. socker m. sötningsm.,Laurinsyra C12:0,Gröt,0.1,g
2809,Rismål m. sylt u. socker m. sötningsm.,Betakaroten/β-Karoten,Gröt,16.0,µg
2809,Rismål m. sylt u. socker m. sötningsm.,Avfall (skal etc.),Gröt,0.0,%
2809,Rismål m. sylt u. socker m. sötningsm.,Aska,Gröt,0.6,g
2809,Rismål m. sylt u. socker m. sötningsm.,Alkohol,Gröt,0.0,g
2826,Nöt innanlår stekt,"Zink, Zn",Kött färskt fryst tillagat ,5.0,mg
2826,Nöt innanlår stekt,Vitamin E,Kött färskt fryst tillagat ,0.7,mg
2826,Nöt innanlår stekt,Vitamin D inkl 25-OH-D3,Kött färskt fryst tillagat ,0.3,µg
2826,Nöt innanlår stekt,Vitamin D,Kött färskt fryst tillagat ,0.0,µg
2826,Nöt innanlår stekt,Vitamin C,Kött färskt fryst tillagat ,0.0,mg
2826,Nöt innanlår stekt,Vitamin B6,Kött färskt fryst tillagat ,0.26,mg
2826,Nöt innanlår stekt,Vitamin B12,Kött färskt fryst tillagat ,0.89,µg
2826,Nöt innanlår stekt,Vitamin A,Kött färskt fryst tillagat ,5.4,RE/µg
2826,Nöt innanlår stekt,Vatten,Kött färskt fryst tillagat ,68.1,g
2826,Nöt innanlår stekt,Tiamin,Kött färskt fryst tillagat ,0.07,mg
2826,Nöt innanlår stekt,Tillsatt socker,Kött färskt fryst tillagat ,0.0,g
2826,Nöt innanlår stekt,Fritt socker,Kött färskt fryst tillagat ,0.0,g
2826,Nöt innanlår stekt,"Selen, Se",Kött färskt fryst tillagat ,11.1,µg
2826,Nöt innanlår stekt,Sackaros,Kött färskt fryst tillagat ,0.0,g
2826,Nöt innanlår stekt,Riboflavin,Kött färskt fryst tillagat ,0.18,mg
2826,Nöt innanlår stekt,Retinol,Kött färskt fryst tillagat ,3.4,µg
2826,Nöt innanlår stekt,Protein,Kött färskt fryst tillagat ,27.8,g
2826,Nöt innanlår stekt,Summa fleromättade fettsyror,Kött färskt fryst tillagat ,0.1,g
2826,Nöt innanlår stekt,"Fosfor, P",Kött färskt fryst tillagat ,234.0,mg
2826,Nöt innanlår stekt,Niacinekvivalenter,Kött färskt fryst tillagat ,11.93,NE/mg
2826,Nöt innanlår stekt,Niacin,Kött färskt fryst tillagat ,6.88,mg
2826,Nöt innanlår stekt,"Salt, NaCl",Kött färskt fryst tillagat ,0.2,g
2826,Nöt innanlår stekt,"Natrium, Na",Kött färskt fryst tillagat ,84.0,mg
2826,Nöt innanlår stekt,Monosackarider,Kött färskt fryst tillagat ,0.0,g
2826,Nöt innanlår stekt,"Sockerarter, totalt",Kött färskt fryst tillagat ,0.0,g
2826,Nöt innanlår stekt,Summa enkelomättade fettsyror,Kött färskt fryst tillagat ,0.7,g
2826,Nöt innanlår stekt,"Magnesium, Mg",Kött färskt fryst tillagat ,28.0,mg
2826,Nöt innanlår stekt,Summa mättade fettsyror,Kött färskt fryst tillagat ,0.8,g
2826,Nöt innanlår stekt,"Kolhydrater, tillgängliga",Kött färskt fryst tillagat ,0.0,g
2826,Nöt innanlår stekt,Kolesterol,Kött färskt fryst tillagat ,69.7,mg
2826,Nöt innanlår stekt,"Kalium, K",Kött färskt fryst tillagat ,287.0,mg
2826,Nöt innanlår stekt,"Jod, I",Kött färskt fryst tillagat ,5.5,µg
2826,Nöt innanlår stekt,Fullkorn totalt,Kött färskt fryst tillagat ,0.0,g
2826,Nöt innanlår stekt,"Folat, totalt",Kött färskt fryst tillagat ,4.1,µg
2826,Nöt innanlår stekt,Fibrer,Kött färskt fryst tillagat ,0.0,g
2826,Nöt innanlår stekt,"Fett, totalt",Kött färskt fryst tillagat ,1.9,g
2826,Nöt innanlår stekt,"Järn, Fe",Kött färskt fryst tillagat ,3.4,mg
2826,Nöt innanlår stekt,Energi (kJ),Kött färskt fryst tillagat ,543.0,kJ
2826,Nöt innanlår stekt,Energi (kcal),Kött färskt fryst tillagat ,130.0,kcal
2826,Nöt innanlår stekt,Disackarider,Kött färskt fryst tillagat ,0.0,g
2826,Nöt innanlår stekt,"Kalcium, Ca",Kött färskt fryst tillagat ,5.0,mg
2826,Nöt innanlår stekt,Fettsyra 4:0-10:0,Kött färskt fryst tillagat ,0.0,g
2826,Nöt innanlår stekt,DHA (C22:6),Kött färskt fryst tillagat ,0.0,g
2826,Nöt innanlår stekt,DPA (C22:5),Kött färskt fryst tillagat ,0.0,g
2826,Nöt innanlår stekt,EPA (C20:5),Kött färskt fryst tillagat ,0.0,g
2826,Nöt innanlår stekt,Arakidonsyra C20:4,Kött färskt fryst tillagat ,0.0,g
2826,Nöt innanlår stekt,Arakidinsyra C20:0,Kött färskt fryst tillagat ,0.0,g
2826,Nöt innanlår stekt,Linolensyra C18:3,Kött färskt fryst tillagat ,0.0,g
2826,Nöt innanlår stekt,Linolsyra C18:2,Kött färskt fryst tillagat ,0.1,g
2826,Nöt innanlår stekt,Oljesyra C18:1,Kött färskt fryst tillagat ,0.7,g
2826,Nöt innanlår stekt,Stearinsyra C18:0,Kött färskt fryst tillagat ,0.2,g
2826,Nöt innanlår stekt,Palmitoljesyra C16:1,Kött färskt fryst tillagat ,0.1,g
2826,Nöt innanlår stekt,Palmitinsyra C16:0,Kött färskt fryst tillagat ,0.4,g
2826,Nöt innanlår stekt,Myristinsyra C14:0,Kött färskt fryst tillagat ,0.0,g
2826,Nöt innanlår stekt,Laurinsyra C12:0,Kött färskt fryst tillagat ,0.0,g
2826,Nöt innanlår stekt,Betakaroten/β-Karoten,Kött färskt fryst tillagat ,24.0,µg
2826,Nöt innanlår stekt,Avfall (skal etc.),Kött färskt fryst tillagat ,0.0,%
2826,Nöt innanlår stekt,Aska,Kött färskt fryst tillagat ,1.2,g
2826,Nöt innanlår stekt,Alkohol,Kött färskt fryst tillagat ,0.0,g
2827,Älgbiff stekt,"Zink, Zn",Kött färskt fryst tillagat ,4.2,mg
2827,Älgbiff stekt,Vitamin E,Kött färskt fryst tillagat ,0.9,mg
2827,Älgbiff stekt,Vitamin D inkl 25-OH-D3,Kött färskt fryst tillagat ,0.0,µg
2827,Älgbiff stekt,Vitamin D,Kött färskt fryst tillagat ,0.0,µg
2827,Älgbiff stekt,Vitamin C,Kött färskt fryst tillagat ,0.0,mg
2827,Älgbiff stekt,Vitamin B6,Kött färskt fryst tillagat ,0.27,mg
2827,Älgbiff stekt,Vitamin B12,Kött färskt fryst tillagat ,2.92,µg
2827,Älgbiff stekt,Vitamin A,Kött färskt fryst tillagat ,5.0,RE/µg
2827,Älgbiff stekt,Vatten,Kött färskt fryst tillagat ,69.5,g
2827,Älgbiff stekt,Tiamin,Kött färskt fryst tillagat ,0.09,mg
2827,Älgbiff stekt,Tillsatt socker,Kött färskt fryst tillagat ,0.0,g
2827,Älgbiff stekt,Fritt socker,Kött färskt fryst tillagat ,0.0,g
2827,Älgbiff stekt,"Selen, Se",Kött färskt fryst tillagat ,9.4,µg
2827,Älgbiff stekt,Sackaros,Kött färskt fryst tillagat ,0.0,g
2827,Älgbiff stekt,Riboflavin,Kött färskt fryst tillagat ,0.35,mg
2827,Älgbiff stekt,Retinol,Kött färskt fryst tillagat ,5.0,µg
2827,Älgbiff stekt,Protein,Kött färskt fryst tillagat ,27.6,g
2827,Älgbiff stekt,Summa fleromättade fettsyror,Kött färskt fryst tillagat ,0.4,g
2827,Älgbiff stekt,"Fosfor, P",Kött färskt fryst tillagat ,208.0,mg
2827,Älgbiff stekt,Niacinekvivalenter,Kött färskt fryst tillagat ,12.41,NE/mg
2827,Älgbiff stekt,Niacin,Kött färskt fryst tillagat ,7.35,mg
2827,Älgbiff stekt,"Salt, NaCl",Kött färskt fryst tillagat ,0.5,g
2827,Älgbiff stekt,"Natrium, Na",Kött färskt fryst tillagat ,194.0,mg
2827,Älgbiff stekt,Monosackarider,Kött färskt fryst tillagat ,0.0,g
2827,Älgbiff stekt,"Sockerarter, totalt",Kött färskt fryst tillagat ,0.0,g
2827,Älgbiff stekt,Summa enkelomättade fettsyror,Kött färskt fryst tillagat ,0.4,g
2827,Älgbiff stekt,"Magnesium, Mg",Kött färskt fryst tillagat ,23.0,mg
2827,Älgbiff stekt,Summa mättade fettsyror,Kött färskt fryst tillagat ,0.5,g
2827,Älgbiff stekt,"Kolhydrater, tillgängliga",Kött färskt fryst tillagat ,0.0,g
2827,Älgbiff stekt,Kolesterol,Kött färskt fryst tillagat ,72.2,mg
2827,Älgbiff stekt,"Kalium, K",Kött färskt fryst tillagat ,285.0,mg
2827,Älgbiff stekt,"Jod, I",Kött färskt fryst tillagat ,17.5,µg
2827,Älgbiff stekt,Fullkorn totalt,Kött färskt fryst tillagat ,0.0,g
2827,Älgbiff stekt,"Folat, totalt",Kött färskt fryst tillagat ,0.0,µg
2827,Älgbiff stekt,Fibrer,Kött färskt fryst tillagat ,0.0,g
2827,Älgbiff stekt,"Fett, totalt",Kött färskt fryst tillagat ,1.3,g
2827,Älgbiff stekt,"Järn, Fe",Kött färskt fryst tillagat ,3.6,mg
2827,Älgbiff stekt,Energi (kJ),Kött färskt fryst tillagat ,519.0,kJ
2827,Älgbiff stekt,Energi (kcal),Kött färskt fryst tillagat ,124.0,kcal
2827,Älgbiff stekt,Disackarider,Kött färskt fryst tillagat ,0.0,g
2827,Älgbiff stekt,"Kalcium, Ca",Kött färskt fryst tillagat ,5.0,mg
2827,Älgbiff stekt,Fettsyra 4:0-10:0,Kött färskt fryst tillagat ,0.0,g
2827,Älgbiff stekt,DHA (C22:6),Kött färskt fryst tillagat ,0.0,g
2827,Älgbiff stekt,DPA (C22:5),Kött färskt fryst tillagat ,0.0,g
2827,Älgbiff stekt,EPA (C20:5),Kött färskt fryst tillagat ,0.0,g
2827,Älgbiff stekt,Arakidonsyra C20:4,Kött färskt fryst tillagat ,0.1,g
2827,Älgbiff stekt,Arakidinsyra C20:0,Kött färskt fryst tillagat ,0.0,g
2827,Älgbiff stekt,Linolensyra C18:3,Kött färskt fryst tillagat ,0.0,g
2827,Älgbiff stekt,Linolsyra C18:2,Kött färskt fryst tillagat ,0.2,g
2827,Älgbiff stekt,Oljesyra C18:1,Kött färskt fryst tillagat ,0.3,g
2827,Älgbiff stekt,Stearinsyra C18:0,Kött färskt fryst tillagat ,0.2,g
2827,Älgbiff stekt,Palmitoljesyra C16:1,Kött färskt fryst tillagat ,0.0,g
2827,Älgbiff stekt,Palmitinsyra C16:0,Kött färskt fryst tillagat ,0.1,g
2827,Älgbiff stekt,Myristinsyra C14:0,Kött färskt fryst tillagat ,0.0,g
2827,Älgbiff stekt,Laurinsyra C12:0,Kött färskt fryst tillagat ,0.0,g
2827,Älgbiff stekt,Betakaroten/β-Karoten,Kött färskt fryst tillagat ,0.0,µg
2827,Älgbiff stekt,Avfall (skal etc.),Kött färskt fryst tillagat ,0.0,%
2827,Älgbiff stekt,Aska,Kött färskt fryst tillagat ,1.6,g
2827,Älgbiff stekt,Alkohol,Kött färskt fryst tillagat ,0.0,g
2863,Kycklinggryta m. grädde/crème fraiche,"Zink, Zn",Fågelprodukter fågelrätter,0.4,mg
2863,Kycklinggryta m. grädde/crème fraiche,Vitamin E,Fågelprodukter fågelrätter,1.6,mg
2863,Kycklinggryta m. grädde/crème fraiche,Vitamin D,Fågelprodukter fågelrätter,0.29,µg
2863,Kycklinggryta m. grädde/crème fraiche,Vitamin C,Fågelprodukter fågelrätter,15.5,mg
2863,Kycklinggryta m. grädde/crème fraiche,Vitamin B6,Fågelprodukter fågelrätter,0.28,mg
2863,Kycklinggryta m. grädde/crème fraiche,Vitamin B12,Fågelprodukter fågelrätter,0.12,µg
2863,Kycklinggryta m. grädde/crème fraiche,Vitamin A,Fågelprodukter fågelrätter,80.0,RE/µg
2863,Kycklinggryta m. grädde/crème fraiche,Vatten,Fågelprodukter fågelrätter,77.5,g
2863,Kycklinggryta m. grädde/crème fraiche,Tiamin,Fågelprodukter fågelrätter,0.09,mg
2863,Kycklinggryta m. grädde/crème fraiche,Tillsatt socker,Fågelprodukter fågelrätter,0.0,g
2863,Kycklinggryta m. grädde/crème fraiche,Fritt socker,Fågelprodukter fågelrätter,0.0,g
2863,Kycklinggryta m. grädde/crème fraiche,"Selen, Se",Fågelprodukter fågelrätter,5.6,µg
2863,Kycklinggryta m. grädde/crème fraiche,Sackaros,Fågelprodukter fågelrätter,0.2,g
2863,Kycklinggryta m. grädde/crème fraiche,Riboflavin,Fågelprodukter fågelrätter,0.09,mg
2863,Kycklinggryta m. grädde/crème fraiche,Retinol,Fågelprodukter fågelrätter,65.2,µg
2863,Kycklinggryta m. grädde/crème fraiche,Protein,Fågelprodukter fågelrätter,8.8,g
2863,Kycklinggryta m. grädde/crème fraiche,Summa fleromättade fettsyror,Fågelprodukter fågelrätter,0.9,g
2863,Kycklinggryta m. grädde/crème fraiche,"Fosfor, P",Fågelprodukter fågelrätter,137.0,mg
2863,Kycklinggryta m. grädde/crème fraiche,Niacinekvivalenter,Fågelprodukter fågelrätter,6.62,NE/mg
2863,Kycklinggryta m. grädde/crème fraiche,Niacin,Fågelprodukter fågelrätter,4.98,mg
2863,Kycklinggryta m. grädde/crème fraiche,"Salt, NaCl",Fågelprodukter fågelrätter,1.1,g
2863,Kycklinggryta m. grädde/crème fraiche,"Natrium, Na",Fågelprodukter fågelrätter,430.0,mg
2863,Kycklinggryta m. grädde/crème fraiche,Monosackarider,Fågelprodukter fågelrätter,1.8,g
2863,Kycklinggryta m. grädde/crème fraiche,"Sockerarter, totalt",Fågelprodukter fågelrätter,2.8,g
2863,Kycklinggryta m. grädde/crème fraiche,Summa enkelomättade fettsyror,Fågelprodukter fågelrätter,2.5,g
2863,Kycklinggryta m. grädde/crème fraiche,"Magnesium, Mg",Fågelprodukter fågelrätter,20.0,mg
2863,Kycklinggryta m. grädde/crème fraiche,Summa mättade fettsyror,Fågelprodukter fågelrätter,3.9,g
2863,Kycklinggryta m. grädde/crème fraiche,"Kolhydrater, tillgängliga",Fågelprodukter fågelrätter,3.0,g
2863,Kycklinggryta m. grädde/crème fraiche,Kolesterol,Fågelprodukter fågelrätter,45.3,mg
2863,Kycklinggryta m. grädde/crème fraiche,"Kalium, K",Fågelprodukter fågelrätter,239.0,mg
2863,Kycklinggryta m. grädde/crème fraiche,"Jod, I",Fågelprodukter fågelrätter,52.4,µg
2863,Kycklinggryta m. grädde/crème fraiche,Fullkorn totalt,Fågelprodukter fågelrätter,0.0,g
2863,Kycklinggryta m. grädde/crème fraiche,"Folat, totalt",Fågelprodukter fågelrätter,24.6,µg
2863,Kycklinggryta m. grädde/crème fraiche,Fibrer,Fågelprodukter fågelrätter,0.9,g
2863,Kycklinggryta m. grädde/crème fraiche,"Fett, totalt",Fågelprodukter fågelrätter,7.9,g
2863,Kycklinggryta m. grädde/crème fraiche,"Järn, Fe",Fågelprodukter fågelrätter,0.4,mg
2863,Kycklinggryta m. grädde/crème fraiche,Energi (kJ),Fågelprodukter fågelrätter,500.0,kJ
2863,Kycklinggryta m. grädde/crème fraiche,Energi (kcal),Fågelprodukter fågelrätter,120.0,kcal
2863,Kycklinggryta m. grädde/crème fraiche,Disackarider,Fågelprodukter fågelrätter,1.1,g
2863,Kycklinggryta m. grädde/crème fraiche,"Kalcium, Ca",Fågelprodukter fågelrätter,41.0,mg
2863,Kycklinggryta m. grädde/crème fraiche,Fettsyra 4:0-10:0,Fågelprodukter fågelrätter,0.4,g
2863,Kycklinggryta m. grädde/crème fraiche,DHA (C22:6),Fågelprodukter fågelrätter,0.0,g
2863,Kycklinggryta m. grädde/crème fraiche,DPA (C22:5),Fågelprodukter fågelrätter,0.0,g
2863,Kycklinggryta m. grädde/crème fraiche,EPA (C20:5),Fågelprodukter fågelrätter,0.0,g
2863,Kycklinggryta m. grädde/crème fraiche,Arakidonsyra C20:4,Fågelprodukter fågelrätter,0.0,g
2863,Kycklinggryta m. grädde/crème fraiche,Arakidinsyra C20:0,Fågelprodukter fågelrätter,0.0,g
2863,Kycklinggryta m. grädde/crème fraiche,Linolensyra C18:3,Fågelprodukter fågelrätter,0.2,g
2863,Kycklinggryta m. grädde/crème fraiche,Linolsyra C18:2,Fågelprodukter fågelrätter,0.6,g
2863,Kycklinggryta m. grädde/crème fraiche,Oljesyra C18:1,Fågelprodukter fågelrätter,2.3,g
2863,Kycklinggryta m. grädde/crème fraiche,Stearinsyra C18:0,Fågelprodukter fågelrätter,0.6,g
2863,Kycklinggryta m. grädde/crème fraiche,Palmitoljesyra C16:1,Fågelprodukter fågelrätter,0.1,g
2863,Kycklinggryta m. grädde/crème fraiche,Palmitinsyra C16:0,Fågelprodukter fågelrätter,1.9,g
2863,Kycklinggryta m. grädde/crème fraiche,Myristinsyra C14:0,Fågelprodukter fågelrätter,0.6,g
2863,Kycklinggryta m. grädde/crème fraiche,Laurinsyra C12:0,Fågelprodukter fågelrätter,0.2,g
2863,Kycklinggryta m. grädde/crème fraiche,Betakaroten/β-Karoten,Fågelprodukter fågelrätter,168.0,µg
2863,Kycklinggryta m. grädde/crème fraiche,Avfall (skal etc.),Fågelprodukter fågelrätter,5.0,%
2863,Kycklinggryta m. grädde/crème fraiche,Aska,Fågelprodukter fågelrätter,1.9,g
2863,Kycklinggryta m. grädde/crème fraiche,Alkohol,Fågelprodukter fågelrätter,0.0,g
2883,Salt u. jod,"Zink, Zn",Salt,0.1,mg
2883,Salt u. jod,Vitamin E,Salt,0.0,mg
2883,Salt u. jod,Vitamin D inkl 25-OH-D3,Salt,0.0,µg
2883,Salt u. jod,Vitamin D,Salt,0.0,µg
2883,Salt u. jod,Vitamin C,Salt,0.0,mg
2883,Salt u. jod,Vitamin B6,Salt,0.0,mg
2883,Salt u. jod,Vitamin B12,Salt,0.0,µg
2883,Salt u. jod,Vitamin A,Salt,0.0,RE/µg
2883,Salt u. jod,Vatten,Salt,0.0,g
2883,Salt u. jod,Tiamin,Salt,0.0,mg
2883,Salt u. jod,Tillsatt socker,Salt,0.0,g
2883,Salt u. jod,Fritt socker,Salt,0.0,g
2883,Salt u. jod,"Selen, Se",Salt,0.0,µg
2883,Salt u. jod,Sackaros,Salt,0.0,g
2883,Salt u. jod,Riboflavin,Salt,1.0,mg
2883,Salt u. jod,Retinol,Salt,0.0,µg
2883,Salt u. jod,Protein,Salt,0.0,g
2883,Salt u. jod,Summa fleromättade fettsyror,Salt,0.0,g
2883,Salt u. jod,"Fosfor, P",Salt,1.0,mg
2883,Salt u. jod,Niacinekvivalenter,Salt,0.0,NE/mg
2883,Salt u. jod,Niacin,Salt,0.0,mg
2883,Salt u. jod,"Salt, NaCl",Salt,98.2,g
2883,Salt u. jod,"Natrium, Na",Salt,39300.0,mg
2883,Salt u. jod,Monosackarider,Salt,0.0,g
2883,Salt u. jod,"Sockerarter, totalt",Salt,0.0,g
2883,Salt u. jod,Summa enkelomättade fettsyror,Salt,0.0,g
2883,Salt u. jod,"Magnesium, Mg",Salt,76.0,mg
2883,Salt u. jod,Summa mättade fettsyror,Salt,0.0,g
2883,Salt u. jod,"Kolhydrater, tillgängliga",Salt,0.0,g
2883,Salt u. jod,Kolesterol,Salt,0.0,mg
2883,Salt u. jod,"Kalium, K",Salt,89.0,mg
2883,Salt u. jod,"Jod, I",Salt,44.0,µg
2883,Salt u. jod,Fullkorn totalt,Salt,0.0,g
2883,Salt u. jod,"Folat, totalt",Salt,0.0,µg
2883,Salt u. jod,Fibrer,Salt,0.0,g
2883,Salt u. jod,"Fett, totalt",Salt,0.0,g
2883,Salt u. jod,"Järn, Fe",Salt,0.3,mg
2883,Salt u. jod,Energi (kJ),Salt,0.0,kJ
2883,Salt u. jod,Energi (kcal),Salt,0.0,kcal
2883,Salt u. jod,Disackarider,Salt,0.0,g
2883,Salt u. jod,"Kalcium, Ca",Salt,51.0,mg
2883,Salt u. jod,Fettsyra 4:0-10:0,Salt,0.0,g
2883,Salt u. jod,DHA (C22:6),Salt,0.0,g
2883,Salt u. jod,DPA (C22:5),Salt,0.0,g
2883,Salt u. jod,EPA (C20:5),Salt,0.0,g
2883,Salt u. jod,Arakidonsyra C20:4,Salt,0.0,g
2883,Salt u. jod,Arakidinsyra C20:0,Salt,0.0,g
2883,Salt u. jod,Linolensyra C18:3,Salt,0.0,g
2883,Salt u. jod,Linolsyra C18:2,Salt,0.0,g
2883,Salt u. jod,Oljesyra C18:1,Salt,0.0,g
2883,Salt u. jod,Stearinsyra C18:0,Salt,0.0,g
2883,Salt u. jod,Palmitoljesyra C16:1,Salt,0.0,g
2883,Salt u. jod,Palmitinsyra C16:0,Salt,0.0,g
2883,Salt u. jod,Myristinsyra C14:0,Salt,0.0,g
2883,Salt u. jod,Laurinsyra C12:0,Salt,0.0,g
2883,Salt u. jod,Betakaroten/β-Karoten,Salt,0.0,µg
2883,Salt u. jod,Avfall (skal etc.),Salt,0.0,%
2883,Salt u. jod,Aska,Salt,100.0,g
2883,Salt u. jod,Alkohol,Salt,0.0,g
2886,Tiramisu,"Zink, Zn",Efterrätter,0.4,mg
2886,Tiramisu,Vitamin E,Efterrätter,1.2,mg
2886,Tiramisu,Vitamin D,Efterrätter,0.32,µg
2886,Tiramisu,Vitamin C,Efterrätter,0.2,mg
2886,Tiramisu,Vitamin B6,Efterrätter,0.04,mg
2886,Tiramisu,Vitamin B12,Efterrätter,0.32,µg
2886,Tiramisu,Vitamin A,Efterrätter,142.4,RE/µg
2886,Tiramisu,Vatten,Efterrätter,57.8,g
2886,Tiramisu,Tiamin,Efterrätter,0.03,mg
2886,Tiramisu,Tillsatt socker,Efterrätter,15.0,g
2886,Tiramisu,Fritt socker,Efterrätter,15.0,g
2886,Tiramisu,"Selen, Se",Efterrätter,6.4,µg
2886,Tiramisu,Sackaros,Efterrätter,15.3,g
2886,Tiramisu,Riboflavin,Efterrätter,0.19,mg
2886,Tiramisu,Retinol,Efterrätter,138.5,µg
2886,Tiramisu,Protein,Efterrätter,6.0,g
2886,Tiramisu,Summa fleromättade fettsyror,Efterrätter,0.6,g
2886,Tiramisu,"Fosfor, P",Efterrätter,110.0,mg
2886,Tiramisu,Niacinekvivalenter,Efterrätter,2.77,NE/mg
2886,Tiramisu,Niacin,Efterrätter,1.36,mg
2886,Tiramisu,"Salt, NaCl",Efterrätter,0.6,g
2886,Tiramisu,"Natrium, Na",Efterrätter,244.0,mg
2886,Tiramisu,Monosackarider,Efterrätter,0.1,g
2886,Tiramisu,"Sockerarter, totalt",Efterrätter,16.3,g
2886,Tiramisu,Summa enkelomättade fettsyror,Efterrätter,3.5,g
2886,Tiramisu,"Magnesium, Mg",Efterrätter,25.0,mg
2886,Tiramisu,Summa mättade fettsyror,Efterrätter,7.5,g
2886,Tiramisu,"Kolhydrater, tillgängliga",Efterrätter,21.0,g
2886,Tiramisu,Kolesterol,Efterrätter,95.2,mg
2886,Tiramisu,"Kalium, K",Efterrätter,100.0,mg
2886,Tiramisu,"Jod, I",Efterrätter,14.3,µg
2886,Tiramisu,Fullkorn totalt,Efterrätter,0.0,g
2886,Tiramisu,"Folat, totalt",Efterrätter,19.2,µg
2886,Tiramisu,Fibrer,Efterrätter,0.2,g
2886,Tiramisu,"Fett, totalt",Efterrätter,12.6,g
2886,Tiramisu,"Järn, Fe",Efterrätter,0.5,mg
2886,Tiramisu,Energi (kJ),Efterrätter,969.0,kJ
2886,Tiramisu,Energi (kcal),Efterrätter,232.0,kcal
2886,Tiramisu,Disackarider,Efterrätter,16.2,g
2886,Tiramisu,"Kalcium, Ca",Efterrätter,89.0,mg
2886,Tiramisu,Fettsyra 4:0-10:0,Efterrätter,0.9,g
2886,Tiramisu,DHA (C22:6),Efterrätter,0.0,g
2886,Tiramisu,DPA (C22:5),Efterrätter,0.0,g
2886,Tiramisu,EPA (C20:5),Efterrätter,0.0,g
2886,Tiramisu,Arakidonsyra C20:4,Efterrätter,0.0,g
2886,Tiramisu,Arakidinsyra C20:0,Efterrätter,0.0,g
2886,Tiramisu,Linolensyra C18:3,Efterrätter,0.1,g
2886,Tiramisu,Linolsyra C18:2,Efterrätter,0.5,g
2886,Tiramisu,Oljesyra C18:1,Efterrätter,3.1,g
2886,Tiramisu,Stearinsyra C18:0,Efterrätter,1.3,g
2886,Tiramisu,Palmitoljesyra C16:1,Efterrätter,0.2,g
2886,Tiramisu,Palmitinsyra C16:0,Efterrätter,3.4,g
2886,Tiramisu,Myristinsyra C14:0,Efterrätter,1.1,g
2886,Tiramisu,Laurinsyra C12:0,Efterrätter,0.3,g
2886,Tiramisu,Betakaroten/β-Karoten,Efterrätter,46.0,µg
2886,Tiramisu,Avfall (skal etc.),Efterrätter,2.0,%
2886,Tiramisu,Aska,Efterrätter,0.8,g
2886,Tiramisu,Alkohol,Efterrätter,1.41,g
2897,Blåbärspaj,"Zink, Zn",Efterrätter,0.2,mg
2897,Blåbärspaj,Vitamin E,Efterrätter,2.1,mg
2897,Blåbärspaj,Vitamin D,Efterrätter,1.44,µg
2897,Blåbärspaj,Vitamin C,Efterrätter,2.5,mg
2897,Blåbärspaj,Vitamin B6,Efterrätter,0.04,mg
2897,Blåbärspaj,Vitamin B12,Efterrätter,0.0,µg
2897,Blåbärspaj,Vitamin A,Efterrätter,158.4,RE/µg
2897,Blåbärspaj,Vatten,Efterrätter,40.5,g
2897,Blåbärspaj,Tiamin,Efterrätter,0.05,mg
2897,Blåbärspaj,Tillsatt socker,Efterrätter,9.0,g
2897,Blåbärspaj,Fritt socker,Efterrätter,9.0,g
2897,Blåbärspaj,"Selen, Se",Efterrätter,3.2,µg
2897,Blåbärspaj,Sackaros,Efterrätter,9.7,g
2897,Blåbärspaj,Riboflavin,Efterrätter,0.03,mg
2897,Blåbärspaj,Retinol,Efterrätter,149.8,µg
2897,Blåbärspaj,Protein,Efterrätter,2.9,g
2897,Blåbärspaj,Summa fleromättade fettsyror,Efterrätter,3.1,g
2897,Blåbärspaj,"Fosfor, P",Efterrätter,44.0,mg
2897,Blåbärspaj,Niacinekvivalenter,Efterrätter,0.88,NE/mg
2897,Blåbärspaj,Niacin,Efterrätter,0.38,mg
2897,Blåbärspaj,"Salt, NaCl",Efterrätter,0.3,g
2897,Blåbärspaj,"Natrium, Na",Efterrätter,121.0,mg
2897,Blåbärspaj,Monosackarider,Efterrätter,2.1,g
2897,Blåbärspaj,"Sockerarter, totalt",Efterrätter,12.3,g
2897,Blåbärspaj,Summa enkelomättade fettsyror,Efterrätter,6.1,g
2897,Blåbärspaj,"Magnesium, Mg",Efterrätter,10.0,mg
2897,Blåbärspaj,Summa mättade fettsyror,Efterrätter,7.9,g
2897,Blåbärspaj,"Kolhydrater, tillgängliga",Efterrätter,36.1,g
2897,Blåbärspaj,Kolesterol,Efterrätter,12.4,mg
2897,Blåbärspaj,"Kalium, K",Efterrätter,84.0,mg
2897,Blåbärspaj,"Jod, I",Efterrätter,1.7,µg
2897,Blåbärspaj,Fullkorn totalt,Efterrätter,0.0,g
2897,Blåbärspaj,"Folat, totalt",Efterrätter,6.4,µg
2897,Blåbärspaj,Fibrer,Efterrätter,2.2,g
2897,Blåbärspaj,"Fett, totalt",Efterrätter,17.7,g
2897,Blåbärspaj,"Järn, Fe",Efterrätter,0.4,mg
2897,Blåbärspaj,Energi (kJ),Efterrätter,1337.0,kJ
2897,Blåbärspaj,Energi (kcal),Efterrätter,320.0,kcal
2897,Blåbärspaj,Disackarider,Efterrätter,10.2,g
2897,Blåbärspaj,"Kalcium, Ca",Efterrätter,14.0,mg
2897,Blåbärspaj,Fettsyra 4:0-10:0,Efterrätter,0.5,g
2897,Blåbärspaj,DHA (C22:6),Efterrätter,0.0,g
2897,Blåbärspaj,DPA (C22:5),Efterrätter,0.0,g
2897,Blåbärspaj,EPA (C20:5),Efterrätter,0.0,g
2897,Blåbärspaj,Arakidonsyra C20:4,Efterrätter,0.0,g
2897,Blåbärspaj,Arakidinsyra C20:0,Efterrätter,0.0,g
2897,Blåbärspaj,Linolensyra C18:3,Efterrätter,0.7,g
2897,Blåbärspaj,Linolsyra C18:2,Efterrätter,2.0,g
2897,Blåbärspaj,Oljesyra C18:1,Efterrätter,6.4,g
2897,Blåbärspaj,Stearinsyra C18:0,Efterrätter,0.9,g
2897,Blåbärspaj,Palmitoljesyra C16:1,Efterrätter,0.1,g
2897,Blåbärspaj,Palmitinsyra C16:0,Efterrätter,5.0,g
2897,Blåbärspaj,Myristinsyra C14:0,Efterrätter,0.6,g
2897,Blåbärspaj,Laurinsyra C12:0,Efterrätter,0.5,g
2897,Blåbärspaj,Betakaroten/β-Karoten,Efterrätter,102.0,µg
2897,Blåbärspaj,Avfall (skal etc.),Efterrätter,0.0,%
2897,Blåbärspaj,Aska,Efterrätter,0.5,g
2897,Blåbärspaj,Alkohol,Efterrätter,0.0,g
2899,Ost halloumi stekt eller grillad,"Zink, Zn",Osträtter,3.2,mg
2899,Ost halloumi stekt eller grillad,Vitamin E,Osträtter,0.5,mg
2899,Ost halloumi stekt eller grillad,Vitamin D,Osträtter,0.17,µg
2899,Ost halloumi stekt eller grillad,Vitamin C,Osträtter,0.0,mg
2899,Ost halloumi stekt eller grillad,Vitamin B6,Osträtter,0.03,mg
2899,Ost halloumi stekt eller grillad,Vitamin B12,Osträtter,0.61,µg
2899,Ost halloumi stekt eller grillad,Vitamin A,Osträtter,203.9,RE/µg
2899,Ost halloumi stekt eller grillad,Vatten,Osträtter,45.6,g
2899,Ost halloumi stekt eller grillad,Tiamin,Osträtter,0.02,mg
2899,Ost halloumi stekt eller grillad,Tillsatt socker,Osträtter,0.0,g
2899,Ost halloumi stekt eller grillad,Fritt socker,Osträtter,0.0,g
2899,Ost halloumi stekt eller grillad,"Selen, Se",Osträtter,10.9,µg
2899,Ost halloumi stekt eller grillad,Sackaros,Osträtter,0.0,g
2899,Ost halloumi stekt eller grillad,Riboflavin,Osträtter,0.25,mg
2899,Ost halloumi stekt eller grillad,Retinol,Osträtter,202.8,µg
2899,Ost halloumi stekt eller grillad,Protein,Osträtter,23.6,g
2899,Ost halloumi stekt eller grillad,Summa fleromättade fettsyror,Osträtter,0.8,g
2899,Ost halloumi stekt eller grillad,"Fosfor, P",Osträtter,429.0,mg
2899,Ost halloumi stekt eller grillad,Niacinekvivalenter,Osträtter,5.6,NE/mg
2899,Ost halloumi stekt eller grillad,Niacin,Osträtter,0.08,mg
2899,Ost halloumi stekt eller grillad,"Salt, NaCl",Osträtter,4.4,g
2899,Ost halloumi stekt eller grillad,"Natrium, Na",Osträtter,1775.0,mg
2899,Ost halloumi stekt eller grillad,Monosackarider,Osträtter,0.2,g
2899,Ost halloumi stekt eller grillad,"Sockerarter, totalt",Osträtter,1.0,g
2899,Ost halloumi stekt eller grillad,Summa enkelomättade fettsyror,Osträtter,4.9,g
2899,Ost halloumi stekt eller grillad,"Magnesium, Mg",Osträtter,36.0,mg
2899,Ost halloumi stekt eller grillad,Summa mättade fettsyror,Osträtter,15.7,g
2899,Ost halloumi stekt eller grillad,"Kolhydrater, tillgängliga",Osträtter,2.0,g
2899,Ost halloumi stekt eller grillad,Kolesterol,Osträtter,75.0,mg
2899,Ost halloumi stekt eller grillad,"Kalium, K",Osträtter,78.0,mg
2899,Ost halloumi stekt eller grillad,"Jod, I",Osträtter,35.9,µg
2899,Ost halloumi stekt eller grillad,Fullkorn totalt,Osträtter,0.0,g
2899,Ost halloumi stekt eller grillad,"Folat, totalt",Osträtter,0.8,µg
2899,Ost halloumi stekt eller grillad,Fibrer,Osträtter,0.0,g
2899,Ost halloumi stekt eller grillad,"Fett, totalt",Osträtter,23.1,g
2899,Ost halloumi stekt eller grillad,"Järn, Fe",Osträtter,0.2,mg
2899,Ost halloumi stekt eller grillad,Energi (kJ),Osträtter,1290.0,kJ
2899,Ost halloumi stekt eller grillad,Energi (kcal),Osträtter,308.0,kcal
2899,Ost halloumi stekt eller grillad,Disackarider,Osträtter,0.6,g
2899,Ost halloumi stekt eller grillad,"Kalcium, Ca",Osträtter,669.0,mg
2899,Ost halloumi stekt eller grillad,Fettsyra 4:0-10:0,Osträtter,2.3,g
2899,Ost halloumi stekt eller grillad,DHA (C22:6),Osträtter,0.0,g
2899,Ost halloumi stekt eller grillad,DPA (C22:5),Osträtter,0.0,g
2899,Ost halloumi stekt eller grillad,EPA (C20:5),Osträtter,0.0,g
2899,Ost halloumi stekt eller grillad,Arakidonsyra C20:4,Osträtter,0.1,g
2899,Ost halloumi stekt eller grillad,Arakidinsyra C20:0,Osträtter,0.0,g
2899,Ost halloumi stekt eller grillad,Linolensyra C18:3,Osträtter,0.1,g
2899,Ost halloumi stekt eller grillad,Linolsyra C18:2,Osträtter,0.7,g
2899,Ost halloumi stekt eller grillad,Oljesyra C18:1,Osträtter,4.2,g
2899,Ost halloumi stekt eller grillad,Stearinsyra C18:0,Osträtter,2.0,g
2899,Ost halloumi stekt eller grillad,Palmitoljesyra C16:1,Osträtter,0.3,g
2899,Ost halloumi stekt eller grillad,Palmitinsyra C16:0,Osträtter,7.1,g
2899,Ost halloumi stekt eller grillad,Myristinsyra C14:0,Osträtter,2.4,g
2899,Ost halloumi stekt eller grillad,Laurinsyra C12:0,Osträtter,0.8,g
2899,Ost halloumi stekt eller grillad,Betakaroten/β-Karoten,Osträtter,12.0,µg
2899,Ost halloumi stekt eller grillad,Avfall (skal etc.),Osträtter,0.0,%
2899,Ost halloumi stekt eller grillad,Aska,Osträtter,5.7,g
2899,Ost halloumi stekt eller grillad,Alkohol,Osträtter,0.0,g
2913,Köttgryta m. grädde/crème fraiche,"Zink, Zn",Köttprodukter kötträtter,1.8,mg
2913,Köttgryta m. grädde/crème fraiche,Vitamin E,Köttprodukter kötträtter,1.2,mg
2913,Köttgryta m. grädde/crème fraiche,Vitamin D,Köttprodukter kötträtter,0.34,µg
2913,Köttgryta m. grädde/crème fraiche,Vitamin C,Köttprodukter kötträtter,1.3,mg
2913,Köttgryta m. grädde/crème fraiche,Vitamin B6,Köttprodukter kötträtter,0.15,mg
2913,Köttgryta m. grädde/crème fraiche,Vitamin B12,Köttprodukter kötträtter,0.25,µg
2913,Köttgryta m. grädde/crème fraiche,Vitamin A,Köttprodukter kötträtter,86.7,RE/µg
2913,Köttgryta m. grädde/crème fraiche,Vatten,Köttprodukter kötträtter,73.5,g
2913,Köttgryta m. grädde/crème fraiche,Tiamin,Köttprodukter kötträtter,0.13,mg
2913,Köttgryta m. grädde/crème fraiche,Tillsatt socker,Köttprodukter kötträtter,0.0,g
2913,Köttgryta m. grädde/crème fraiche,Fritt socker,Köttprodukter kötträtter,0.0,g
2913,Köttgryta m. grädde/crème fraiche,"Selen, Se",Köttprodukter kötträtter,6.2,µg
2913,Köttgryta m. grädde/crème fraiche,Sackaros,Köttprodukter kötträtter,0.4,g
2913,Köttgryta m. grädde/crème fraiche,Riboflavin,Köttprodukter kötträtter,0.1,mg
2913,Köttgryta m. grädde/crème fraiche,Retinol,Köttprodukter kötträtter,57.5,µg
2913,Köttgryta m. grädde/crème fraiche,Protein,Köttprodukter kötträtter,13.4,g
2913,Köttgryta m. grädde/crème fraiche,Summa fleromättade fettsyror,Köttprodukter kötträtter,1.1,g
2913,Köttgryta m. grädde/crème fraiche,"Fosfor, P",Köttprodukter kötträtter,139.0,mg
2913,Köttgryta m. grädde/crème fraiche,Niacinekvivalenter,Köttprodukter kötträtter,6.54,NE/mg
2913,Köttgryta m. grädde/crème fraiche,Niacin,Köttprodukter kötträtter,4.08,mg
2913,Köttgryta m. grädde/crème fraiche,"Salt, NaCl",Köttprodukter kötträtter,1.1,g
2913,Köttgryta m. grädde/crème fraiche,"Natrium, Na",Köttprodukter kötträtter,454.0,mg
2913,Köttgryta m. grädde/crème fraiche,Monosackarider,Köttprodukter kötträtter,0.6,g
2913,Köttgryta m. grädde/crème fraiche,"Sockerarter, totalt",Köttprodukter kötträtter,1.7,g
2913,Köttgryta m. grädde/crème fraiche,Summa enkelomättade fettsyror,Köttprodukter kötträtter,2.8,g
2913,Köttgryta m. grädde/crème fraiche,"Magnesium, Mg",Köttprodukter kötträtter,21.0,mg
2913,Köttgryta m. grädde/crème fraiche,Summa mättade fettsyror,Köttprodukter kötträtter,3.1,g
2913,Köttgryta m. grädde/crème fraiche,"Kolhydrater, tillgängliga",Köttprodukter kötträtter,2.8,g
2913,Köttgryta m. grädde/crème fraiche,Kolesterol,Köttprodukter kötträtter,40.3,mg
2913,Köttgryta m. grädde/crème fraiche,"Kalium, K",Köttprodukter kötträtter,167.0,mg
2913,Köttgryta m. grädde/crème fraiche,"Jod, I",Köttprodukter kötträtter,53.5,µg
2913,Köttgryta m. grädde/crème fraiche,Fullkorn totalt,Köttprodukter kötträtter,0.0,g
2913,Köttgryta m. grädde/crème fraiche,"Folat, totalt",Köttprodukter kötträtter,6.9,µg
2913,Köttgryta m. grädde/crème fraiche,Fibrer,Köttprodukter kötträtter,0.6,g
2913,Köttgryta m. grädde/crème fraiche,"Fett, totalt",Köttprodukter kötträtter,7.6,g
2913,Köttgryta m. grädde/crème fraiche,"Järn, Fe",Köttprodukter kötträtter,1.4,mg
2913,Köttgryta m. grädde/crème fraiche,Energi (kJ),Köttprodukter kötträtter,559.0,kJ
2913,Köttgryta m. grädde/crème fraiche,Energi (kcal),Köttprodukter kötträtter,134.0,kcal
2913,Köttgryta m. grädde/crème fraiche,Disackarider,Köttprodukter kötträtter,1.1,g
2913,Köttgryta m. grädde/crème fraiche,"Kalcium, Ca",Köttprodukter kötträtter,31.0,mg
2913,Köttgryta m. grädde/crème fraiche,Fettsyra 4:0-10:0,Köttprodukter kötträtter,0.3,g
2913,Köttgryta m. grädde/crème fraiche,DHA (C22:6),Köttprodukter kötträtter,0.0,g
2913,Köttgryta m. grädde/crème fraiche,DPA (C22:5),Köttprodukter kötträtter,0.0,g
2913,Köttgryta m. grädde/crème fraiche,EPA (C20:5),Köttprodukter kötträtter,0.0,g
2913,Köttgryta m. grädde/crème fraiche,Arakidonsyra C20:4,Köttprodukter kötträtter,0.0,g
2913,Köttgryta m. grädde/crème fraiche,Arakidinsyra C20:0,Köttprodukter kötträtter,0.0,g
2913,Köttgryta m. grädde/crème fraiche,Linolensyra C18:3,Köttprodukter kötträtter,0.3,g
2913,Köttgryta m. grädde/crème fraiche,Linolsyra C18:2,Köttprodukter kötträtter,0.8,g
2913,Köttgryta m. grädde/crème fraiche,Oljesyra C18:1,Köttprodukter kötträtter,2.6,g
2913,Köttgryta m. grädde/crème fraiche,Stearinsyra C18:0,Köttprodukter kötträtter,0.6,g
2913,Köttgryta m. grädde/crème fraiche,Palmitoljesyra C16:1,Köttprodukter kötträtter,0.1,g
2913,Köttgryta m. grädde/crème fraiche,Palmitinsyra C16:0,Köttprodukter kötträtter,1.5,g
2913,Köttgryta m. grädde/crème fraiche,Myristinsyra C14:0,Köttprodukter kötträtter,0.4,g
2913,Köttgryta m. grädde/crème fraiche,Laurinsyra C12:0,Köttprodukter kötträtter,0.1,g
2913,Köttgryta m. grädde/crème fraiche,Betakaroten/β-Karoten,Köttprodukter kötträtter,350.0,µg
2913,Köttgryta m. grädde/crème fraiche,Avfall (skal etc.),Köttprodukter kötträtter,1.0,%
2913,Köttgryta m. grädde/crème fraiche,Aska,Köttprodukter kötträtter,2.0,g
2913,Köttgryta m. grädde/crème fraiche,Alkohol,Köttprodukter kötträtter,0.0,g
2930,Vilt färs stekt tacokryddad,"Zink, Zn",Köttprodukter kötträtter,3.7,mg
2930,Vilt färs stekt tacokryddad,Vitamin E,Köttprodukter kötträtter,1.6,mg
2930,Vilt färs stekt tacokryddad,Vitamin D,Köttprodukter kötträtter,0.11,µg
2930,Vilt färs stekt tacokryddad,Vitamin C,Köttprodukter kötträtter,0.0,mg
2930,Vilt färs stekt tacokryddad,Vitamin B6,Köttprodukter kötträtter,0.25,mg
2930,Vilt färs stekt tacokryddad,Vitamin B12,Köttprodukter kötträtter,1.02,µg
2930,Vilt färs stekt tacokryddad,Vitamin A,Köttprodukter kötträtter,16.9,RE/µg
2930,Vilt färs stekt tacokryddad,Vatten,Köttprodukter kötträtter,70.2,g
2930,Vilt färs stekt tacokryddad,Tiamin,Köttprodukter kötträtter,0.29,mg
2930,Vilt färs stekt tacokryddad,Tillsatt socker,Köttprodukter kötträtter,1.0,g
2930,Vilt färs stekt tacokryddad,Fritt socker,Köttprodukter kötträtter,1.0,g
2930,Vilt färs stekt tacokryddad,"Selen, Se",Köttprodukter kötträtter,8.9,µg
2930,Vilt färs stekt tacokryddad,Sackaros,Köttprodukter kötträtter,0.3,g
2930,Vilt färs stekt tacokryddad,Riboflavin,Köttprodukter kötträtter,0.26,mg
2930,Vilt färs stekt tacokryddad,Retinol,Köttprodukter kötträtter,7.0,µg
2930,Vilt färs stekt tacokryddad,Protein,Köttprodukter kötträtter,21.0,g
2930,Vilt färs stekt tacokryddad,Summa fleromättade fettsyror,Köttprodukter kötträtter,1.0,g
2930,Vilt färs stekt tacokryddad,"Fosfor, P",Köttprodukter kötträtter,197.0,mg
2930,Vilt färs stekt tacokryddad,Niacinekvivalenter,Köttprodukter kötträtter,9.23,NE/mg
2930,Vilt färs stekt tacokryddad,Niacin,Köttprodukter kötträtter,5.38,mg
2930,Vilt färs stekt tacokryddad,"Salt, NaCl",Köttprodukter kötträtter,1.2,g
2930,Vilt färs stekt tacokryddad,"Natrium, Na",Köttprodukter kötträtter,467.0,mg
2930,Vilt färs stekt tacokryddad,Monosackarider,Köttprodukter kötträtter,0.8,g
2930,Vilt färs stekt tacokryddad,"Sockerarter, totalt",Köttprodukter kötträtter,1.2,g
2930,Vilt färs stekt tacokryddad,Summa enkelomättade fettsyror,Köttprodukter kötträtter,1.8,g
2930,Vilt färs stekt tacokryddad,"Magnesium, Mg",Köttprodukter kötträtter,26.0,mg
2930,Vilt färs stekt tacokryddad,Summa mättade fettsyror,Köttprodukter kötträtter,0.7,g
2930,Vilt färs stekt tacokryddad,"Kolhydrater, tillgängliga",Köttprodukter kötträtter,2.5,g
2930,Vilt färs stekt tacokryddad,Kolesterol,Köttprodukter kötträtter,55.6,mg
2930,Vilt färs stekt tacokryddad,"Kalium, K",Köttprodukter kötträtter,214.0,mg
2930,Vilt färs stekt tacokryddad,"Jod, I",Köttprodukter kötträtter,2.4,µg
2930,Vilt färs stekt tacokryddad,Fullkorn totalt,Köttprodukter kötträtter,0.0,g
2930,Vilt färs stekt tacokryddad,"Folat, totalt",Köttprodukter kötträtter,2.7,µg
2930,Vilt färs stekt tacokryddad,Fibrer,Köttprodukter kötträtter,0.6,g
2930,Vilt färs stekt tacokryddad,"Fett, totalt",Köttprodukter kötträtter,3.8,g
2930,Vilt färs stekt tacokryddad,"Järn, Fe",Köttprodukter kötträtter,2.8,mg
2930,Vilt färs stekt tacokryddad,Energi (kJ),Köttprodukter kötträtter,546.0,kJ
2930,Vilt färs stekt tacokryddad,Energi (kcal),Köttprodukter kötträtter,130.0,kcal
2930,Vilt färs stekt tacokryddad,Disackarider,Köttprodukter kötträtter,0.4,g
2930,Vilt färs stekt tacokryddad,"Kalcium, Ca",Köttprodukter kötträtter,16.0,mg
2930,Vilt färs stekt tacokryddad,Fettsyra 4:0-10:0,Köttprodukter kötträtter,0.0,g
2930,Vilt färs stekt tacokryddad,DHA (C22:6),Köttprodukter kötträtter,0.0,g
2930,Vilt färs stekt tacokryddad,DPA (C22:5),Köttprodukter kötträtter,0.0,g
2930,Vilt färs stekt tacokryddad,EPA (C20:5),Köttprodukter kötträtter,0.0,g
2930,Vilt färs stekt tacokryddad,Arakidonsyra C20:4,Köttprodukter kötträtter,0.0,g
2930,Vilt färs stekt tacokryddad,Arakidinsyra C20:0,Köttprodukter kötträtter,0.0,g
2930,Vilt färs stekt tacokryddad,Linolensyra C18:3,Köttprodukter kötträtter,0.2,g
2930,Vilt färs stekt tacokryddad,Linolsyra C18:2,Köttprodukter kötträtter,0.7,g
2930,Vilt färs stekt tacokryddad,Oljesyra C18:1,Köttprodukter kötträtter,1.7,g
2930,Vilt färs stekt tacokryddad,Stearinsyra C18:0,Köttprodukter kötträtter,0.3,g
2930,Vilt färs stekt tacokryddad,Palmitoljesyra C16:1,Köttprodukter kötträtter,0.0,g
2930,Vilt färs stekt tacokryddad,Palmitinsyra C16:0,Köttprodukter kötträtter,0.4,g
2930,Vilt färs stekt tacokryddad,Myristinsyra C14:0,Köttprodukter kötträtter,0.0,g
2930,Vilt färs stekt tacokryddad,Laurinsyra C12:0,Köttprodukter kötträtter,0.0,g
2930,Vilt färs stekt tacokryddad,Betakaroten/β-Karoten,Köttprodukter kötträtter,75.0,µg
2930,Vilt färs stekt tacokryddad,Avfall (skal etc.),Köttprodukter kötträtter,6.0,%
2930,Vilt färs stekt tacokryddad,Aska,Köttprodukter kötträtter,2.0,g
2930,Vilt färs stekt tacokryddad,Alkohol,Köttprodukter kötträtter,0.0,g
2931,Lamm färs stekt tacokryddad,"Zink, Zn",Köttprodukter kötträtter,3.5,mg
2931,Lamm färs stekt tacokryddad,Vitamin E,Köttprodukter kötträtter,1.4,mg
2931,Lamm färs stekt tacokryddad,Vitamin D,Köttprodukter kötträtter,0.11,µg
2931,Lamm färs stekt tacokryddad,Vitamin C,Köttprodukter kötträtter,0.0,mg
2931,Lamm färs stekt tacokryddad,Vitamin B6,Köttprodukter kötträtter,0.12,mg
2931,Lamm färs stekt tacokryddad,Vitamin B12,Köttprodukter kötträtter,0.72,µg
2931,Lamm färs stekt tacokryddad,Vitamin A,Köttprodukter kötträtter,36.1,RE/µg
2931,Lamm färs stekt tacokryddad,Vatten,Köttprodukter kötträtter,58.8,g
2931,Lamm färs stekt tacokryddad,Tiamin,Köttprodukter kötträtter,0.06,mg
2931,Lamm färs stekt tacokryddad,Tillsatt socker,Köttprodukter kötträtter,1.0,g
2931,Lamm färs stekt tacokryddad,Fritt socker,Köttprodukter kötträtter,1.0,g
2931,Lamm färs stekt tacokryddad,"Selen, Se",Köttprodukter kötträtter,8.0,µg
2931,Lamm färs stekt tacokryddad,Sackaros,Köttprodukter kötträtter,0.3,g
2931,Lamm färs stekt tacokryddad,Riboflavin,Köttprodukter kötträtter,0.13,mg
2931,Lamm färs stekt tacokryddad,Retinol,Köttprodukter kötträtter,26.1,µg
2931,Lamm färs stekt tacokryddad,Protein,Köttprodukter kötträtter,16.1,g
2931,Lamm färs stekt tacokryddad,Summa fleromättade fettsyror,Köttprodukter kötträtter,1.7,g
2931,Lamm färs stekt tacokryddad,"Fosfor, P",Köttprodukter kötträtter,146.0,mg
2931,Lamm färs stekt tacokryddad,Niacinekvivalenter,Köttprodukter kötträtter,7.25,NE/mg
2931,Lamm färs stekt tacokryddad,Niacin,Köttprodukter kötträtter,4.34,mg
2931,Lamm färs stekt tacokryddad,"Salt, NaCl",Köttprodukter kötträtter,1.2,g
2931,Lamm färs stekt tacokryddad,"Natrium, Na",Köttprodukter kötträtter,492.0,mg
2931,Lamm färs stekt tacokryddad,Monosackarider,Köttprodukter kötträtter,0.9,g
2931,Lamm färs stekt tacokryddad,"Sockerarter, totalt",Köttprodukter kötträtter,1.2,g
2931,Lamm färs stekt tacokryddad,Summa enkelomättade fettsyror,Köttprodukter kötträtter,7.8,g
2931,Lamm färs stekt tacokryddad,"Magnesium, Mg",Köttprodukter kötträtter,21.0,mg
2931,Lamm färs stekt tacokryddad,Summa mättade fettsyror,Köttprodukter kötträtter,8.2,g
2931,Lamm färs stekt tacokryddad,"Kolhydrater, tillgängliga",Köttprodukter kötträtter,2.6,g
2931,Lamm färs stekt tacokryddad,Kolesterol,Köttprodukter kötträtter,60.2,mg
2931,Lamm färs stekt tacokryddad,"Kalium, K",Köttprodukter kötträtter,159.0,mg
2931,Lamm färs stekt tacokryddad,"Jod, I",Köttprodukter kötträtter,5.6,µg
2931,Lamm färs stekt tacokryddad,Fullkorn totalt,Köttprodukter kötträtter,0.0,g
2931,Lamm färs stekt tacokryddad,"Folat, totalt",Köttprodukter kötträtter,2.7,µg
2931,Lamm färs stekt tacokryddad,Fibrer,Köttprodukter kötträtter,0.6,g
2931,Lamm färs stekt tacokryddad,"Fett, totalt",Köttprodukter kötträtter,19.6,g
2931,Lamm färs stekt tacokryddad,"Järn, Fe",Köttprodukter kötträtter,2.1,mg
2931,Lamm färs stekt tacokryddad,Energi (kJ),Köttprodukter kötträtter,1048.0,kJ
2931,Lamm färs stekt tacokryddad,Energi (kcal),Köttprodukter kötträtter,251.0,kcal
2931,Lamm färs stekt tacokryddad,Disackarider,Köttprodukter kötträtter,0.4,g
2931,Lamm färs stekt tacokryddad,"Kalcium, Ca",Köttprodukter kötträtter,23.0,mg
2931,Lamm färs stekt tacokryddad,Fettsyra 4:0-10:0,Köttprodukter kötträtter,0.0,g
2931,Lamm färs stekt tacokryddad,DHA (C22:6),Köttprodukter kötträtter,0.0,g
2931,Lamm färs stekt tacokryddad,DPA (C22:5),Köttprodukter kötträtter,0.0,g
2931,Lamm färs stekt tacokryddad,EPA (C20:5),Köttprodukter kötträtter,0.0,g
2931,Lamm färs stekt tacokryddad,Arakidonsyra C20:4,Köttprodukter kötträtter,0.0,g
2931,Lamm färs stekt tacokryddad,Arakidinsyra C20:0,Köttprodukter kötträtter,0.0,g
2931,Lamm färs stekt tacokryddad,Linolensyra C18:3,Köttprodukter kötträtter,0.4,g
2931,Lamm färs stekt tacokryddad,Linolsyra C18:2,Köttprodukter kötträtter,1.3,g
2931,Lamm färs stekt tacokryddad,Oljesyra C18:1,Köttprodukter kötträtter,7.3,g
2931,Lamm färs stekt tacokryddad,Stearinsyra C18:0,Köttprodukter kötträtter,3.4,g
2931,Lamm färs stekt tacokryddad,Palmitoljesyra C16:1,Köttprodukter kötträtter,0.3,g
2931,Lamm färs stekt tacokryddad,Palmitinsyra C16:0,Köttprodukter kötträtter,3.5,g
2931,Lamm färs stekt tacokryddad,Myristinsyra C14:0,Köttprodukter kötträtter,0.5,g
2931,Lamm färs stekt tacokryddad,Laurinsyra C12:0,Köttprodukter kötträtter,0.0,g
2931,Lamm färs stekt tacokryddad,Betakaroten/β-Karoten,Köttprodukter kötträtter,77.0,µg
2931,Lamm färs stekt tacokryddad,Avfall (skal etc.),Köttprodukter kötträtter,0.0,%
2931,Lamm färs stekt tacokryddad,Aska,Köttprodukter kötträtter,1.8,g
2931,Lamm färs stekt tacokryddad,Alkohol,Köttprodukter kötträtter,0.0,g
2932,Köttfärs stekt tacokryddad,"Zink, Zn",Köttprodukter kötträtter,3.6,mg
2932,Köttfärs stekt tacokryddad,Vitamin E,Köttprodukter kötträtter,1.4,mg
2932,Köttfärs stekt tacokryddad,Vitamin D,Köttprodukter kötträtter,0.32,µg
2932,Köttfärs stekt tacokryddad,Vitamin C,Köttprodukter kötträtter,0.0,mg
2932,Köttfärs stekt tacokryddad,Vitamin B6,Köttprodukter kötträtter,0.2,mg
2932,Köttfärs stekt tacokryddad,Vitamin B12,Köttprodukter kötträtter,0.53,µg
2932,Köttfärs stekt tacokryddad,Vitamin A,Köttprodukter kötträtter,24.0,RE/µg
2932,Köttfärs stekt tacokryddad,Vatten,Köttprodukter kötträtter,63.0,g
2932,Köttfärs stekt tacokryddad,Tiamin,Köttprodukter kötträtter,0.18,mg
2932,Köttfärs stekt tacokryddad,Tillsatt socker,Köttprodukter kötträtter,1.0,g
2932,Köttfärs stekt tacokryddad,Fritt socker,Köttprodukter kötträtter,1.0,g
2932,Köttfärs stekt tacokryddad,"Selen, Se",Köttprodukter kötträtter,6.2,µg
2932,Köttfärs stekt tacokryddad,Sackaros,Köttprodukter kötträtter,0.3,g
2932,Köttfärs stekt tacokryddad,Riboflavin,Köttprodukter kötträtter,0.15,mg
2932,Köttfärs stekt tacokryddad,Retinol,Köttprodukter kötträtter,12.7,µg
2932,Köttfärs stekt tacokryddad,Protein,Köttprodukter kötträtter,17.4,g
2932,Köttfärs stekt tacokryddad,Summa fleromättade fettsyror,Köttprodukter kötträtter,1.7,g
2932,Köttfärs stekt tacokryddad,"Fosfor, P",Köttprodukter kötträtter,172.0,mg
2932,Köttfärs stekt tacokryddad,Niacinekvivalenter,Köttprodukter kötträtter,7.92,NE/mg
2932,Köttfärs stekt tacokryddad,Niacin,Köttprodukter kötträtter,4.75,mg
2932,Köttfärs stekt tacokryddad,"Salt, NaCl",Köttprodukter kötträtter,1.2,g
2932,Köttfärs stekt tacokryddad,"Natrium, Na",Köttprodukter kötträtter,493.0,mg
2932,Köttfärs stekt tacokryddad,Monosackarider,Köttprodukter kötträtter,0.9,g
2932,Köttfärs stekt tacokryddad,"Sockerarter, totalt",Köttprodukter kötträtter,1.2,g
2932,Köttfärs stekt tacokryddad,Summa enkelomättade fettsyror,Köttprodukter kötträtter,6.5,g
2932,Köttfärs stekt tacokryddad,"Magnesium, Mg",Köttprodukter kötträtter,25.0,mg
2932,Köttfärs stekt tacokryddad,Summa mättade fettsyror,Köttprodukter kötträtter,5.4,g
2932,Köttfärs stekt tacokryddad,"Kolhydrater, tillgängliga",Köttprodukter kötträtter,2.6,g
2932,Köttfärs stekt tacokryddad,Kolesterol,Köttprodukter kötträtter,52.8,mg
2932,Köttfärs stekt tacokryddad,"Kalium, K",Köttprodukter kötträtter,194.0,mg
2932,Köttfärs stekt tacokryddad,"Jod, I",Köttprodukter kötträtter,2.1,µg
2932,Köttfärs stekt tacokryddad,Fullkorn totalt,Köttprodukter kötträtter,0.0,g
2932,Köttfärs stekt tacokryddad,"Folat, totalt",Köttprodukter kötträtter,3.7,µg
2932,Köttfärs stekt tacokryddad,Fibrer,Köttprodukter kötträtter,0.6,g
2932,Köttfärs stekt tacokryddad,"Fett, totalt",Köttprodukter kötträtter,14.4,g
2932,Köttfärs stekt tacokryddad,"Järn, Fe",Köttprodukter kötträtter,2.0,mg
2932,Köttfärs stekt tacokryddad,Energi (kJ),Köttprodukter kötträtter,879.0,kJ
2932,Köttfärs stekt tacokryddad,Energi (kcal),Köttprodukter kötträtter,210.0,kcal
2932,Köttfärs stekt tacokryddad,Disackarider,Köttprodukter kötträtter,0.4,g
2932,Köttfärs stekt tacokryddad,"Kalcium, Ca",Köttprodukter kötträtter,19.0,mg
2932,Köttfärs stekt tacokryddad,Fettsyra 4:0-10:0,Köttprodukter kötträtter,0.0,g
2932,Köttfärs stekt tacokryddad,DHA (C22:6),Köttprodukter kötträtter,0.0,g
2932,Köttfärs stekt tacokryddad,DPA (C22:5),Köttprodukter kötträtter,0.0,g
2932,Köttfärs stekt tacokryddad,EPA (C20:5),Köttprodukter kötträtter,0.0,g
2932,Köttfärs stekt tacokryddad,Arakidonsyra C20:4,Köttprodukter kötträtter,0.0,g
2932,Köttfärs stekt tacokryddad,Arakidinsyra C20:0,Köttprodukter kötträtter,0.0,g
2932,Köttfärs stekt tacokryddad,Linolensyra C18:3,Köttprodukter kötträtter,0.2,g
2932,Köttfärs stekt tacokryddad,Linolsyra C18:2,Köttprodukter kötträtter,1.3,g
2932,Köttfärs stekt tacokryddad,Oljesyra C18:1,Köttprodukter kötträtter,5.8,g
2932,Köttfärs stekt tacokryddad,Stearinsyra C18:0,Köttprodukter kötträtter,1.8,g
2932,Köttfärs stekt tacokryddad,Palmitoljesyra C16:1,Köttprodukter kötträtter,0.4,g
2932,Köttfärs stekt tacokryddad,Palmitinsyra C16:0,Köttprodukter kötträtter,3.0,g
2932,Köttfärs stekt tacokryddad,Myristinsyra C14:0,Köttprodukter kötträtter,0.3,g
2932,Köttfärs stekt tacokryddad,Laurinsyra C12:0,Köttprodukter kötträtter,0.0,g
2932,Köttfärs stekt tacokryddad,Betakaroten/β-Karoten,Köttprodukter kötträtter,91.0,µg
2932,Köttfärs stekt tacokryddad,Avfall (skal etc.),Köttprodukter kötträtter,0.0,%
2932,Köttfärs stekt tacokryddad,Aska,Köttprodukter kötträtter,2.0,g
2932,Köttfärs stekt tacokryddad,Alkohol,Köttprodukter kötträtter,0.0,g
2943,Vit fisk panerad och stekt,"Zink, Zn",Fisk o skaldjursprodukter o rätter,0.6,mg
2943,Vit fisk panerad och stekt,Vitamin E,Fisk o skaldjursprodukter o rätter,3.1,mg
2943,Vit fisk panerad och stekt,Vitamin D,Fisk o skaldjursprodukter o rätter,0.98,µg
2943,Vit fisk panerad och stekt,Vitamin C,Fisk o skaldjursprodukter o rätter,0.3,mg
2943,Vit fisk panerad och stekt,Vitamin B6,Fisk o skaldjursprodukter o rätter,0.17,mg
2943,Vit fisk panerad och stekt,Vitamin B12,Fisk o skaldjursprodukter o rätter,1.02,µg
2943,Vit fisk panerad och stekt,Vitamin A,Fisk o skaldjursprodukter o rätter,69.1,RE/µg
2943,Vit fisk panerad och stekt,Vatten,Fisk o skaldjursprodukter o rätter,61.3,g
2943,Vit fisk panerad och stekt,Tiamin,Fisk o skaldjursprodukter o rätter,0.07,mg
2943,Vit fisk panerad och stekt,Tillsatt socker,Fisk o skaldjursprodukter o rätter,0.0,g
2943,Vit fisk panerad och stekt,Fritt socker,Fisk o skaldjursprodukter o rätter,0.0,g
2943,Vit fisk panerad och stekt,"Selen, Se",Fisk o skaldjursprodukter o rätter,23.6,µg
2943,Vit fisk panerad och stekt,Sackaros,Fisk o skaldjursprodukter o rätter,0.0,g
2943,Vit fisk panerad och stekt,Riboflavin,Fisk o skaldjursprodukter o rätter,0.14,mg
2943,Vit fisk panerad och stekt,Retinol,Fisk o skaldjursprodukter o rätter,59.3,µg
2943,Vit fisk panerad och stekt,Protein,Fisk o skaldjursprodukter o rätter,17.5,g
2943,Vit fisk panerad och stekt,Summa fleromättade fettsyror,Fisk o skaldjursprodukter o rätter,2.6,g
2943,Vit fisk panerad och stekt,"Fosfor, P",Fisk o skaldjursprodukter o rätter,216.0,mg
2943,Vit fisk panerad och stekt,Niacinekvivalenter,Fisk o skaldjursprodukter o rätter,5.09,NE/mg
2943,Vit fisk panerad och stekt,Niacin,Fisk o skaldjursprodukter o rätter,1.83,mg
2943,Vit fisk panerad och stekt,"Salt, NaCl",Fisk o skaldjursprodukter o rätter,2.1,g
2943,Vit fisk panerad och stekt,"Natrium, Na",Fisk o skaldjursprodukter o rätter,836.0,mg
2943,Vit fisk panerad och stekt,Monosackarider,Fisk o skaldjursprodukter o rätter,0.2,g
2943,Vit fisk panerad och stekt,"Sockerarter, totalt",Fisk o skaldjursprodukter o rätter,0.3,g
2943,Vit fisk panerad och stekt,Summa enkelomättade fettsyror,Fisk o skaldjursprodukter o rätter,5.1,g
2943,Vit fisk panerad och stekt,"Magnesium, Mg",Fisk o skaldjursprodukter o rätter,31.0,mg
2943,Vit fisk panerad och stekt,Summa mättade fettsyror,Fisk o skaldjursprodukter o rätter,1.8,g
2943,Vit fisk panerad och stekt,"Kolhydrater, tillgängliga",Fisk o skaldjursprodukter o rätter,7.6,g
2943,Vit fisk panerad och stekt,Kolesterol,Fisk o skaldjursprodukter o rätter,93.9,mg
2943,Vit fisk panerad och stekt,"Kalium, K",Fisk o skaldjursprodukter o rätter,328.0,mg
2943,Vit fisk panerad och stekt,"Jod, I",Fisk o skaldjursprodukter o rätter,107.8,µg
2943,Vit fisk panerad och stekt,Fullkorn totalt,Fisk o skaldjursprodukter o rätter,1.0,g
2943,Vit fisk panerad och stekt,"Folat, totalt",Fisk o skaldjursprodukter o rätter,19.5,µg
2943,Vit fisk panerad och stekt,Fibrer,Fisk o skaldjursprodukter o rätter,0.6,g
2943,Vit fisk panerad och stekt,"Fett, totalt",Fisk o skaldjursprodukter o rätter,10.2,g
2943,Vit fisk panerad och stekt,"Järn, Fe",Fisk o skaldjursprodukter o rätter,0.7,mg
2943,Vit fisk panerad och stekt,Energi (kJ),Fisk o skaldjursprodukter o rätter,809.0,kJ
2943,Vit fisk panerad och stekt,Energi (kcal),Fisk o skaldjursprodukter o rätter,193.0,kcal
2943,Vit fisk panerad och stekt,Disackarider,Fisk o skaldjursprodukter o rätter,0.2,g
2943,Vit fisk panerad och stekt,"Kalcium, Ca",Fisk o skaldjursprodukter o rätter,24.0,mg
2943,Vit fisk panerad och stekt,Fettsyra 4:0-10:0,Fisk o skaldjursprodukter o rätter,0.0,g
2943,Vit fisk panerad och stekt,DHA (C22:6),Fisk o skaldjursprodukter o rätter,0.1,g
2943,Vit fisk panerad och stekt,DPA (C22:5),Fisk o skaldjursprodukter o rätter,0.0,g
2943,Vit fisk panerad och stekt,EPA (C20:5),Fisk o skaldjursprodukter o rätter,0.0,g
2943,Vit fisk panerad och stekt,Arakidonsyra C20:4,Fisk o skaldjursprodukter o rätter,0.0,g
2943,Vit fisk panerad och stekt,Arakidinsyra C20:0,Fisk o skaldjursprodukter o rätter,0.1,g
2943,Vit fisk panerad och stekt,Linolensyra C18:3,Fisk o skaldjursprodukter o rätter,0.5,g
2943,Vit fisk panerad och stekt,Linolsyra C18:2,Fisk o skaldjursprodukter o rätter,1.8,g
2943,Vit fisk panerad och stekt,Oljesyra C18:1,Fisk o skaldjursprodukter o rätter,4.8,g
2943,Vit fisk panerad och stekt,Stearinsyra C18:0,Fisk o skaldjursprodukter o rätter,0.5,g
2943,Vit fisk panerad och stekt,Palmitoljesyra C16:1,Fisk o skaldjursprodukter o rätter,0.1,g
2943,Vit fisk panerad och stekt,Palmitinsyra C16:0,Fisk o skaldjursprodukter o rätter,1.0,g
2943,Vit fisk panerad och stekt,Myristinsyra C14:0,Fisk o skaldjursprodukter o rätter,0.1,g
2943,Vit fisk panerad och stekt,Laurinsyra C12:0,Fisk o skaldjursprodukter o rätter,0.1,g
2943,Vit fisk panerad och stekt,Betakaroten/β-Karoten,Fisk o skaldjursprodukter o rätter,8.0,µg
2943,Vit fisk panerad och stekt,Avfall (skal etc.),Fisk o skaldjursprodukter o rätter,6.0,%
2943,Vit fisk panerad och stekt,Aska,Fisk o skaldjursprodukter o rätter,3.0,g
2943,Vit fisk panerad och stekt,Alkohol,Fisk o skaldjursprodukter o rätter,0.0,g
2949,Gryta fisk skaldjur m. grädde/crème fraiche,"Zink, Zn",Fisk o skaldjursprodukter o rätter,0.6,mg
2949,Gryta fisk skaldjur m. grädde/crème fraiche,Vitamin E,Fisk o skaldjursprodukter o rätter,2.2,mg
2949,Gryta fisk skaldjur m. grädde/crème fraiche,Vitamin D,Fisk o skaldjursprodukter o rätter,1.51,µg
2949,Gryta fisk skaldjur m. grädde/crème fraiche,Vitamin C,Fisk o skaldjursprodukter o rätter,4.2,mg
2949,Gryta fisk skaldjur m. grädde/crème fraiche,Vitamin B6,Fisk o skaldjursprodukter o rätter,0.16,mg
2949,Gryta fisk skaldjur m. grädde/crème fraiche,Vitamin B12,Fisk o skaldjursprodukter o rätter,1.96,µg
2949,Gryta fisk skaldjur m. grädde/crème fraiche,Vitamin A,Fisk o skaldjursprodukter o rätter,38.8,RE/µg
2949,Gryta fisk skaldjur m. grädde/crème fraiche,Vatten,Fisk o skaldjursprodukter o rätter,77.7,g
2949,Gryta fisk skaldjur m. grädde/crème fraiche,Tiamin,Fisk o skaldjursprodukter o rätter,0.08,mg
2949,Gryta fisk skaldjur m. grädde/crème fraiche,Tillsatt socker,Fisk o skaldjursprodukter o rätter,0.0,g
2949,Gryta fisk skaldjur m. grädde/crème fraiche,Fritt socker,Fisk o skaldjursprodukter o rätter,0.0,g
2949,Gryta fisk skaldjur m. grädde/crème fraiche,"Selen, Se",Fisk o skaldjursprodukter o rätter,17.6,µg
2949,Gryta fisk skaldjur m. grädde/crème fraiche,Sackaros,Fisk o skaldjursprodukter o rätter,0.1,g
2949,Gryta fisk skaldjur m. grädde/crème fraiche,Riboflavin,Fisk o skaldjursprodukter o rätter,0.08,mg
2949,Gryta fisk skaldjur m. grädde/crème fraiche,Retinol,Fisk o skaldjursprodukter o rätter,16.7,µg
2949,Gryta fisk skaldjur m. grädde/crème fraiche,Protein,Fisk o skaldjursprodukter o rätter,11.7,g
2949,Gryta fisk skaldjur m. grädde/crème fraiche,Summa fleromättade fettsyror,Fisk o skaldjursprodukter o rätter,1.2,g
2949,Gryta fisk skaldjur m. grädde/crème fraiche,"Fosfor, P",Fisk o skaldjursprodukter o rätter,158.0,mg
2949,Gryta fisk skaldjur m. grädde/crème fraiche,Niacinekvivalenter,Fisk o skaldjursprodukter o rätter,4.73,NE/mg
2949,Gryta fisk skaldjur m. grädde/crème fraiche,Niacin,Fisk o skaldjursprodukter o rätter,2.67,mg
2949,Gryta fisk skaldjur m. grädde/crème fraiche,"Salt, NaCl",Fisk o skaldjursprodukter o rätter,0.8,g
2949,Gryta fisk skaldjur m. grädde/crème fraiche,"Natrium, Na",Fisk o skaldjursprodukter o rätter,302.0,mg
2949,Gryta fisk skaldjur m. grädde/crème fraiche,Monosackarider,Fisk o skaldjursprodukter o rätter,1.2,g
2949,Gryta fisk skaldjur m. grädde/crème fraiche,"Sockerarter, totalt",Fisk o skaldjursprodukter o rätter,1.5,g
2949,Gryta fisk skaldjur m. grädde/crème fraiche,Summa enkelomättade fettsyror,Fisk o skaldjursprodukter o rätter,2.3,g
2949,Gryta fisk skaldjur m. grädde/crème fraiche,"Magnesium, Mg",Fisk o skaldjursprodukter o rätter,26.0,mg
2949,Gryta fisk skaldjur m. grädde/crème fraiche,Summa mättade fettsyror,Fisk o skaldjursprodukter o rätter,1.3,g
2949,Gryta fisk skaldjur m. grädde/crème fraiche,"Kolhydrater, tillgängliga",Fisk o skaldjursprodukter o rätter,2.2,g
2949,Gryta fisk skaldjur m. grädde/crème fraiche,Kolesterol,Fisk o skaldjursprodukter o rätter,38.7,mg
2949,Gryta fisk skaldjur m. grädde/crème fraiche,"Kalium, K",Fisk o skaldjursprodukter o rätter,220.0,mg
2949,Gryta fisk skaldjur m. grädde/crème fraiche,"Jod, I",Fisk o skaldjursprodukter o rätter,76.9,µg
2949,Gryta fisk skaldjur m. grädde/crème fraiche,Fullkorn totalt,Fisk o skaldjursprodukter o rätter,0.0,g
2949,Gryta fisk skaldjur m. grädde/crème fraiche,"Folat, totalt",Fisk o skaldjursprodukter o rätter,13.6,µg
2949,Gryta fisk skaldjur m. grädde/crème fraiche,Fibrer,Fisk o skaldjursprodukter o rätter,0.7,g
2949,Gryta fisk skaldjur m. grädde/crème fraiche,"Fett, totalt",Fisk o skaldjursprodukter o rätter,5.3,g
2949,Gryta fisk skaldjur m. grädde/crème fraiche,"Järn, Fe",Fisk o skaldjursprodukter o rätter,0.9,mg
2949,Gryta fisk skaldjur m. grädde/crème fraiche,Energi (kJ),Fisk o skaldjursprodukter o rätter,448.0,kJ
2949,Gryta fisk skaldjur m. grädde/crème fraiche,Energi (kcal),Fisk o skaldjursprodukter o rätter,107.0,kcal
2949,Gryta fisk skaldjur m. grädde/crème fraiche,Disackarider,Fisk o skaldjursprodukter o rätter,0.3,g
2949,Gryta fisk skaldjur m. grädde/crème fraiche,"Kalcium, Ca",Fisk o skaldjursprodukter o rätter,31.0,mg
2949,Gryta fisk skaldjur m. grädde/crème fraiche,Fettsyra 4:0-10:0,Fisk o skaldjursprodukter o rätter,0.1,g
2949,Gryta fisk skaldjur m. grädde/crème fraiche,DHA (C22:6),Fisk o skaldjursprodukter o rätter,0.2,g
2949,Gryta fisk skaldjur m. grädde/crème fraiche,DPA (C22:5),Fisk o skaldjursprodukter o rätter,0.0,g
2949,Gryta fisk skaldjur m. grädde/crème fraiche,EPA (C20:5),Fisk o skaldjursprodukter o rätter,0.1,g
2949,Gryta fisk skaldjur m. grädde/crème fraiche,Arakidonsyra C20:4,Fisk o skaldjursprodukter o rätter,0.0,g
2949,Gryta fisk skaldjur m. grädde/crème fraiche,Arakidinsyra C20:0,Fisk o skaldjursprodukter o rätter,0.0,g
2949,Gryta fisk skaldjur m. grädde/crème fraiche,Linolensyra C18:3,Fisk o skaldjursprodukter o rätter,0.2,g
2949,Gryta fisk skaldjur m. grädde/crème fraiche,Linolsyra C18:2,Fisk o skaldjursprodukter o rätter,0.5,g
2949,Gryta fisk skaldjur m. grädde/crème fraiche,Oljesyra C18:1,Fisk o skaldjursprodukter o rätter,1.9,g
2949,Gryta fisk skaldjur m. grädde/crème fraiche,Stearinsyra C18:0,Fisk o skaldjursprodukter o rätter,0.2,g
2949,Gryta fisk skaldjur m. grädde/crème fraiche,Palmitoljesyra C16:1,Fisk o skaldjursprodukter o rätter,0.1,g
2949,Gryta fisk skaldjur m. grädde/crème fraiche,Palmitinsyra C16:0,Fisk o skaldjursprodukter o rätter,0.7,g
2949,Gryta fisk skaldjur m. grädde/crème fraiche,Myristinsyra C14:0,Fisk o skaldjursprodukter o rätter,0.2,g
2949,Gryta fisk skaldjur m. grädde/crème fraiche,Laurinsyra C12:0,Fisk o skaldjursprodukter o rätter,0.0,g
2949,Gryta fisk skaldjur m. grädde/crème fraiche,Betakaroten/β-Karoten,Fisk o skaldjursprodukter o rätter,262.0,µg
2949,Gryta fisk skaldjur m. grädde/crème fraiche,Avfall (skal etc.),Fisk o skaldjursprodukter o rätter,20.0,%
2949,Gryta fisk skaldjur m. grädde/crème fraiche,Aska,Fisk o skaldjursprodukter o rätter,1.7,g
2949,Gryta fisk skaldjur m. grädde/crème fraiche,Alkohol,Fisk o skaldjursprodukter o rätter,0.33,g
2950,Fiskgratäng m. grönsaker,"Zink, Zn",Fisk o skaldjursprodukter o rätter,0.5,mg
2950,Fiskgratäng m. grönsaker,Vitamin E,Fisk o skaldjursprodukter o rätter,1.4,mg
2950,Fiskgratäng m. grönsaker,Vitamin D,Fisk o skaldjursprodukter o rätter,1.05,µg
2950,Fiskgratäng m. grönsaker,Vitamin C,Fisk o skaldjursprodukter o rätter,6.3,mg
2950,Fiskgratäng m. grönsaker,Vitamin B6,Fisk o skaldjursprodukter o rätter,0.11,mg
2950,Fiskgratäng m. grönsaker,Vitamin B12,Fisk o skaldjursprodukter o rätter,0.66,µg
2950,Fiskgratäng m. grönsaker,Vitamin A,Fisk o skaldjursprodukter o rätter,50.9,RE/µg
2950,Fiskgratäng m. grönsaker,Vatten,Fisk o skaldjursprodukter o rätter,81.3,g
2950,Fiskgratäng m. grönsaker,Tiamin,Fisk o skaldjursprodukter o rätter,0.07,mg
2950,Fiskgratäng m. grönsaker,Tillsatt socker,Fisk o skaldjursprodukter o rätter,0.0,g
2950,Fiskgratäng m. grönsaker,Fritt socker,Fisk o skaldjursprodukter o rätter,0.0,g
2950,Fiskgratäng m. grönsaker,"Selen, Se",Fisk o skaldjursprodukter o rätter,8.9,µg
2950,Fiskgratäng m. grönsaker,Sackaros,Fisk o skaldjursprodukter o rätter,0.3,g
2950,Fiskgratäng m. grönsaker,Riboflavin,Fisk o skaldjursprodukter o rätter,0.09,mg
2950,Fiskgratäng m. grönsaker,Retinol,Fisk o skaldjursprodukter o rätter,23.0,µg
2950,Fiskgratäng m. grönsaker,Protein,Fisk o skaldjursprodukter o rätter,8.4,g
2950,Fiskgratäng m. grönsaker,Summa fleromättade fettsyror,Fisk o skaldjursprodukter o rätter,0.9,g
2950,Fiskgratäng m. grönsaker,"Fosfor, P",Fisk o skaldjursprodukter o rätter,122.0,mg
2950,Fiskgratäng m. grönsaker,Niacinekvivalenter,Fisk o skaldjursprodukter o rätter,2.92,NE/mg
2950,Fiskgratäng m. grönsaker,Niacin,Fisk o skaldjursprodukter o rätter,1.37,mg
2950,Fiskgratäng m. grönsaker,"Salt, NaCl",Fisk o skaldjursprodukter o rätter,1.1,g
2950,Fiskgratäng m. grönsaker,"Natrium, Na",Fisk o skaldjursprodukter o rätter,451.0,mg
2950,Fiskgratäng m. grönsaker,Monosackarider,Fisk o skaldjursprodukter o rätter,0.7,g
2950,Fiskgratäng m. grönsaker,"Sockerarter, totalt",Fisk o skaldjursprodukter o rätter,1.6,g
2950,Fiskgratäng m. grönsaker,Summa enkelomättade fettsyror,Fisk o skaldjursprodukter o rätter,1.7,g
2950,Fiskgratäng m. grönsaker,"Magnesium, Mg",Fisk o skaldjursprodukter o rätter,19.0,mg
2950,Fiskgratäng m. grönsaker,Summa mättade fettsyror,Fisk o skaldjursprodukter o rätter,1.4,g
2950,Fiskgratäng m. grönsaker,"Kolhydrater, tillgängliga",Fisk o skaldjursprodukter o rätter,3.1,g
2950,Fiskgratäng m. grönsaker,Kolesterol,Fisk o skaldjursprodukter o rätter,31.8,mg
2950,Fiskgratäng m. grönsaker,"Kalium, K",Fisk o skaldjursprodukter o rätter,217.0,mg
2950,Fiskgratäng m. grönsaker,"Jod, I",Fisk o skaldjursprodukter o rätter,59.3,µg
2950,Fiskgratäng m. grönsaker,Fullkorn totalt,Fisk o skaldjursprodukter o rätter,0.0,g
2950,Fiskgratäng m. grönsaker,"Folat, totalt",Fisk o skaldjursprodukter o rätter,22.6,µg
2950,Fiskgratäng m. grönsaker,Fibrer,Fisk o skaldjursprodukter o rätter,1.0,g
2950,Fiskgratäng m. grönsaker,"Fett, totalt",Fisk o skaldjursprodukter o rätter,4.5,g
2950,Fiskgratäng m. grönsaker,"Järn, Fe",Fisk o skaldjursprodukter o rätter,0.4,mg
2950,Fiskgratäng m. grönsaker,Energi (kJ),Fisk o skaldjursprodukter o rätter,370.0,kJ
2950,Fiskgratäng m. grönsaker,Energi (kcal),Fisk o skaldjursprodukter o rätter,88.0,kcal
2950,Fiskgratäng m. grönsaker,Disackarider,Fisk o skaldjursprodukter o rätter,0.9,g
2950,Fiskgratäng m. grönsaker,"Kalcium, Ca",Fisk o skaldjursprodukter o rätter,66.0,mg
2950,Fiskgratäng m. grönsaker,Fettsyra 4:0-10:0,Fisk o skaldjursprodukter o rätter,0.1,g
2950,Fiskgratäng m. grönsaker,DHA (C22:6),Fisk o skaldjursprodukter o rätter,0.1,g
2950,Fiskgratäng m. grönsaker,DPA (C22:5),Fisk o skaldjursprodukter o rätter,0.0,g
2950,Fiskgratäng m. grönsaker,EPA (C20:5),Fisk o skaldjursprodukter o rätter,0.0,g
2950,Fiskgratäng m. grönsaker,Arakidonsyra C20:4,Fisk o skaldjursprodukter o rätter,0.0,g
2950,Fiskgratäng m. grönsaker,Arakidinsyra C20:0,Fisk o skaldjursprodukter o rätter,0.0,g
2950,Fiskgratäng m. grönsaker,Linolensyra C18:3,Fisk o skaldjursprodukter o rätter,0.2,g
2950,Fiskgratäng m. grönsaker,Linolsyra C18:2,Fisk o skaldjursprodukter o rätter,0.5,g
2950,Fiskgratäng m. grönsaker,Oljesyra C18:1,Fisk o skaldjursprodukter o rätter,1.6,g
2950,Fiskgratäng m. grönsaker,Stearinsyra C18:0,Fisk o skaldjursprodukter o rätter,0.2,g
2950,Fiskgratäng m. grönsaker,Palmitoljesyra C16:1,Fisk o skaldjursprodukter o rätter,0.1,g
2950,Fiskgratäng m. grönsaker,Palmitinsyra C16:0,Fisk o skaldjursprodukter o rätter,0.7,g
2950,Fiskgratäng m. grönsaker,Myristinsyra C14:0,Fisk o skaldjursprodukter o rätter,0.2,g
2950,Fiskgratäng m. grönsaker,Laurinsyra C12:0,Fisk o skaldjursprodukter o rätter,0.1,g
2950,Fiskgratäng m. grönsaker,Betakaroten/β-Karoten,Fisk o skaldjursprodukter o rätter,314.0,µg
2950,Fiskgratäng m. grönsaker,Avfall (skal etc.),Fisk o skaldjursprodukter o rätter,13.0,%
2950,Fiskgratäng m. grönsaker,Aska,Fisk o skaldjursprodukter o rätter,1.9,g
2950,Fiskgratäng m. grönsaker,Alkohol,Fisk o skaldjursprodukter o rätter,0.0,g
2963,Godisklubba ,"Zink, Zn",Godis ej choklad,0.1,mg
2963,Godisklubba ,Vitamin E,Godis ej choklad,0.0,mg
2963,Godisklubba ,Vitamin D inkl 25-OH-D3,Godis ej choklad,0.0,µg
2963,Godisklubba ,Vitamin D,Godis ej choklad,0.0,µg
2963,Godisklubba ,Vitamin C,Godis ej choklad,0.0,mg
2963,Godisklubba ,Vitamin B6,Godis ej choklad,0.0,mg
2963,Godisklubba ,Vitamin B12,Godis ej choklad,0.0,µg
2963,Godisklubba ,Vitamin A,Godis ej choklad,0.0,RE/µg
2963,Godisklubba ,Vatten,Godis ej choklad,2.6,g
2963,Godisklubba ,Tiamin,Godis ej choklad,0.0,mg
2963,Godisklubba ,Tillsatt socker,Godis ej choklad,78.0,g
2963,Godisklubba ,Fritt socker,Godis ej choklad,78.0,g
2963,Godisklubba ,"Selen, Se",Godis ej choklad,0.0,µg
2963,Godisklubba ,Sackaros,Godis ej choklad,62.0,g
2963,Godisklubba ,Riboflavin,Godis ej choklad,0.0,mg
2963,Godisklubba ,Retinol,Godis ej choklad,0.0,µg
2963,Godisklubba ,Protein,Godis ej choklad,3.0,g
2963,Godisklubba ,Summa fleromättade fettsyror,Godis ej choklad,0.0,g
2963,Godisklubba ,"Fosfor, P",Godis ej choklad,100.0,mg
2963,Godisklubba ,Niacinekvivalenter,Godis ej choklad,0.5,NE/mg
2963,Godisklubba ,Niacin,Godis ej choklad,0.0,mg
2963,Godisklubba ,"Salt, NaCl",Godis ej choklad,0.1,g
2963,Godisklubba ,"Natrium, Na",Godis ej choklad,25.0,mg
2963,Godisklubba ,Monosackarider,Godis ej choklad,15.0,g
2963,Godisklubba ,"Sockerarter, totalt",Godis ej choklad,78.0,g
2963,Godisklubba ,Summa enkelomättade fettsyror,Godis ej choklad,0.0,g
2963,Godisklubba ,"Magnesium, Mg",Godis ej choklad,29.0,mg
2963,Godisklubba ,Summa mättade fettsyror,Godis ej choklad,0.0,g
2963,Godisklubba ,"Kolhydrater, tillgängliga",Godis ej choklad,94.2,g
2963,Godisklubba ,Kolesterol,Godis ej choklad,0.0,mg
2963,Godisklubba ,"Kalium, K",Godis ej choklad,210.0,mg
2963,Godisklubba ,"Jod, I",Godis ej choklad,0.0,µg
2963,Godisklubba ,Fullkorn totalt,Godis ej choklad,0.0,g
2963,Godisklubba ,"Folat, totalt",Godis ej choklad,0.0,µg
2963,Godisklubba ,Fibrer,Godis ej choklad,0.0,g
2963,Godisklubba ,"Fett, totalt",Godis ej choklad,0.0,g
2963,Godisklubba ,"Järn, Fe",Godis ej choklad,1.1,mg
2963,Godisklubba ,Energi (kJ),Godis ej choklad,1652.0,kJ
2963,Godisklubba ,Energi (kcal),Godis ej choklad,395.0,kcal
2963,Godisklubba ,Disackarider,Godis ej choklad,63.0,g
2963,Godisklubba ,"Kalcium, Ca",Godis ej choklad,89.0,mg
2963,Godisklubba ,Fettsyra 4:0-10:0,Godis ej choklad,0.0,g
2963,Godisklubba ,DHA (C22:6),Godis ej choklad,0.0,g
2963,Godisklubba ,DPA (C22:5),Godis ej choklad,0.0,g
2963,Godisklubba ,EPA (C20:5),Godis ej choklad,0.0,g
2963,Godisklubba ,Arakidonsyra C20:4,Godis ej choklad,0.0,g
2963,Godisklubba ,Arakidinsyra C20:0,Godis ej choklad,0.0,g
2963,Godisklubba ,Linolensyra C18:3,Godis ej choklad,0.0,g
2963,Godisklubba ,Linolsyra C18:2,Godis ej choklad,0.0,g
2963,Godisklubba ,Oljesyra C18:1,Godis ej choklad,0.0,g
2963,Godisklubba ,Stearinsyra C18:0,Godis ej choklad,0.0,g
2963,Godisklubba ,Palmitoljesyra C16:1,Godis ej choklad,0.0,g
2963,Godisklubba ,Palmitinsyra C16:0,Godis ej choklad,0.0,g
2963,Godisklubba ,Myristinsyra C14:0,Godis ej choklad,0.0,g
2963,Godisklubba ,Laurinsyra C12:0,Godis ej choklad,0.0,g
2963,Godisklubba ,Betakaroten/β-Karoten,Godis ej choklad,0.0,µg
2963,Godisklubba ,Avfall (skal etc.),Godis ej choklad,0.0,%
2963,Godisklubba ,Aska,Godis ej choklad,0.2,g
2963,Godisklubba ,Alkohol,Godis ej choklad,0.0,g
2965,Gräddsås,"Zink, Zn",Sås dressing majonnäs ,0.2,mg
2965,Gräddsås,Vitamin E,Sås dressing majonnäs ,1.1,mg
2965,Gräddsås,Vitamin D,Sås dressing majonnäs ,0.87,µg
2965,Gräddsås,Vitamin C,Sås dressing majonnäs ,0.3,mg
2965,Gräddsås,Vitamin B6,Sås dressing majonnäs ,0.03,mg
2965,Gräddsås,Vitamin B12,Sås dressing majonnäs ,0.19,µg
2965,Gräddsås,Vitamin A,Sås dressing majonnäs ,218.8,RE/µg
2965,Gräddsås,Vatten,Sås dressing majonnäs ,63.3,g
2965,Gräddsås,Tiamin,Sås dressing majonnäs ,0.03,mg
2965,Gräddsås,Tillsatt socker,Sås dressing majonnäs ,3.0,g
2965,Gräddsås,Fritt socker,Sås dressing majonnäs ,3.0,g
2965,Gräddsås,"Selen, Se",Sås dressing majonnäs ,1.1,µg
2965,Gräddsås,Sackaros,Sås dressing majonnäs ,1.1,g
2965,Gräddsås,Riboflavin,Sås dressing majonnäs ,0.06,mg
2965,Gräddsås,Retinol,Sås dressing majonnäs ,204.7,µg
2965,Gräddsås,Protein,Sås dressing majonnäs ,2.2,g
2965,Gräddsås,Summa fleromättade fettsyror,Sås dressing majonnäs ,1.2,g
2965,Gräddsås,"Fosfor, P",Sås dressing majonnäs ,54.0,mg
2965,Gräddsås,Niacinekvivalenter,Sås dressing majonnäs ,0.82,NE/mg
2965,Gräddsås,Niacin,Sås dressing majonnäs ,0.35,mg
2965,Gräddsås,"Salt, NaCl",Sås dressing majonnäs ,1.9,g
2965,Gräddsås,"Natrium, Na",Sås dressing majonnäs ,735.0,mg
2965,Gräddsås,Monosackarider,Sås dressing majonnäs ,2.2,g
2965,Gräddsås,"Sockerarter, totalt",Sås dressing majonnäs ,5.0,g
2965,Gräddsås,Summa enkelomättade fettsyror,Sås dressing majonnäs ,6.5,g
2965,Gräddsås,"Magnesium, Mg",Sås dressing majonnäs ,9.0,mg
2965,Gräddsås,Summa mättade fettsyror,Sås dressing majonnäs ,14.3,g
2965,Gräddsås,"Kolhydrater, tillgängliga",Sås dressing majonnäs ,8.3,g
2965,Gräddsås,Kolesterol,Sås dressing majonnäs ,57.5,mg
2965,Gräddsås,"Kalium, K",Sås dressing majonnäs ,80.0,mg
2965,Gräddsås,"Jod, I",Sås dressing majonnäs ,5.2,µg
2965,Gräddsås,Fullkorn totalt,Sås dressing majonnäs ,0.0,g
2965,Gräddsås,"Folat, totalt",Sås dressing majonnäs ,7.4,µg
2965,Gräddsås,Fibrer,Sås dressing majonnäs ,0.2,g
2965,Gräddsås,"Fett, totalt",Sås dressing majonnäs ,23.8,g
2965,Gräddsås,"Järn, Fe",Sås dressing majonnäs ,0.2,mg
2965,Gräddsås,Energi (kJ),Sås dressing majonnäs ,1060.0,kJ
2965,Gräddsås,Energi (kcal),Sås dressing majonnäs ,253.0,kcal
2965,Gräddsås,Disackarider,Sås dressing majonnäs ,2.8,g
2965,Gräddsås,"Kalcium, Ca",Sås dressing majonnäs ,45.0,mg
2965,Gräddsås,Fettsyra 4:0-10:0,Sås dressing majonnäs ,1.5,g
2965,Gräddsås,DHA (C22:6),Sås dressing majonnäs ,0.0,g
2965,Gräddsås,DPA (C22:5),Sås dressing majonnäs ,0.0,g
2965,Gräddsås,EPA (C20:5),Sås dressing majonnäs ,0.0,g
2965,Gräddsås,Arakidonsyra C20:4,Sås dressing majonnäs ,0.0,g
2965,Gräddsås,Arakidinsyra C20:0,Sås dressing majonnäs ,0.0,g
2965,Gräddsås,Linolensyra C18:3,Sås dressing majonnäs ,0.3,g
2965,Gräddsås,Linolsyra C18:2,Sås dressing majonnäs ,0.8,g
2965,Gräddsås,Oljesyra C18:1,Sås dressing majonnäs ,5.9,g
2965,Gräddsås,Stearinsyra C18:0,Sås dressing majonnäs ,2.2,g
2965,Gräddsås,Palmitoljesyra C16:1,Sås dressing majonnäs ,0.4,g
2965,Gräddsås,Palmitinsyra C16:0,Sås dressing majonnäs ,7.3,g
2965,Gräddsås,Myristinsyra C14:0,Sås dressing majonnäs ,2.1,g
2965,Gräddsås,Laurinsyra C12:0,Sås dressing majonnäs ,0.7,g
2965,Gräddsås,Betakaroten/β-Karoten,Sås dressing majonnäs ,169.0,µg
2965,Gräddsås,Avfall (skal etc.),Sås dressing majonnäs ,0.0,%
2965,Gräddsås,Aska,Sås dressing majonnäs ,2.3,g
2965,Gräddsås,Alkohol,Sås dressing majonnäs ,0.0,g
2969,Skaldjurssås,"Zink, Zn",Sås dressing majonnäs ,0.9,mg
2969,Skaldjurssås,Vitamin E,Sås dressing majonnäs ,1.4,mg
2969,Skaldjurssås,Vitamin D,Sås dressing majonnäs ,0.44,µg
2969,Skaldjurssås,Vitamin C,Sås dressing majonnäs ,2.5,mg
2969,Skaldjurssås,Vitamin B6,Sås dressing majonnäs ,0.02,mg
2969,Skaldjurssås,Vitamin B12,Sås dressing majonnäs ,2.13,µg
2969,Skaldjurssås,Vitamin A,Sås dressing majonnäs ,70.2,RE/µg
2969,Skaldjurssås,Vatten,Sås dressing majonnäs ,79.9,g
2969,Skaldjurssås,Tiamin,Sås dressing majonnäs ,0.02,mg
2969,Skaldjurssås,Tillsatt socker,Sås dressing majonnäs ,0.0,g
2969,Skaldjurssås,Fritt socker,Sås dressing majonnäs ,0.0,g
2969,Skaldjurssås,"Selen, Se",Sås dressing majonnäs ,15.7,µg
2969,Skaldjurssås,Sackaros,Sås dressing majonnäs ,0.1,g
2969,Skaldjurssås,Riboflavin,Sås dressing majonnäs ,0.05,mg
2969,Skaldjurssås,Retinol,Sås dressing majonnäs ,64.0,µg
2969,Skaldjurssås,Protein,Sås dressing majonnäs ,6.4,g
2969,Skaldjurssås,Summa fleromättade fettsyror,Sås dressing majonnäs ,0.7,g
2969,Skaldjurssås,"Fosfor, P",Sås dressing majonnäs ,78.0,mg
2969,Skaldjurssås,Niacinekvivalenter,Sås dressing majonnäs ,1.54,NE/mg
2969,Skaldjurssås,Niacin,Sås dressing majonnäs ,0.42,mg
2969,Skaldjurssås,"Salt, NaCl",Sås dressing majonnäs ,1.6,g
2969,Skaldjurssås,"Natrium, Na",Sås dressing majonnäs ,663.0,mg
2969,Skaldjurssås,Monosackarider,Sås dressing majonnäs ,0.0,g
2969,Skaldjurssås,"Sockerarter, totalt",Sås dressing majonnäs ,0.7,g
2969,Skaldjurssås,Summa enkelomättade fettsyror,Sås dressing majonnäs ,2.0,g
2969,Skaldjurssås,"Magnesium, Mg",Sås dressing majonnäs ,17.0,mg
2969,Skaldjurssås,Summa mättade fettsyror,Sås dressing majonnäs ,3.8,g
2969,Skaldjurssås,"Kolhydrater, tillgängliga",Sås dressing majonnäs ,4.2,g
2969,Skaldjurssås,Kolesterol,Sås dressing majonnäs ,49.3,mg
2969,Skaldjurssås,"Kalium, K",Sås dressing majonnäs ,53.0,mg
2969,Skaldjurssås,"Jod, I",Sås dressing majonnäs ,71.9,µg
2969,Skaldjurssås,Fullkorn totalt,Sås dressing majonnäs ,0.0,g
2969,Skaldjurssås,"Folat, totalt",Sås dressing majonnäs ,10.0,µg
2969,Skaldjurssås,Fibrer,Sås dressing majonnäs ,0.1,g
2969,Skaldjurssås,"Fett, totalt",Sås dressing majonnäs ,7.1,g
2969,Skaldjurssås,"Järn, Fe",Sås dressing majonnäs ,0.9,mg
2969,Skaldjurssås,Energi (kJ),Sås dressing majonnäs ,443.0,kJ
2969,Skaldjurssås,Energi (kcal),Sås dressing majonnäs ,106.0,kcal
2969,Skaldjurssås,Disackarider,Sås dressing majonnäs ,0.6,g
2969,Skaldjurssås,"Kalcium, Ca",Sås dressing majonnäs ,29.0,mg
2969,Skaldjurssås,Fettsyra 4:0-10:0,Sås dressing majonnäs ,0.4,g
2969,Skaldjurssås,DHA (C22:6),Sås dressing majonnäs ,0.0,g
2969,Skaldjurssås,DPA (C22:5),Sås dressing majonnäs ,0.0,g
2969,Skaldjurssås,EPA (C20:5),Sås dressing majonnäs ,0.1,g
2969,Skaldjurssås,Arakidonsyra C20:4,Sås dressing majonnäs ,0.0,g
2969,Skaldjurssås,Arakidinsyra C20:0,Sås dressing majonnäs ,0.0,g
2969,Skaldjurssås,Linolensyra C18:3,Sås dressing majonnäs ,0.1,g
2969,Skaldjurssås,Linolsyra C18:2,Sås dressing majonnäs ,0.3,g
2969,Skaldjurssås,Oljesyra C18:1,Sås dressing majonnäs ,1.8,g
2969,Skaldjurssås,Stearinsyra C18:0,Sås dressing majonnäs ,0.6,g
2969,Skaldjurssås,Palmitoljesyra C16:1,Sås dressing majonnäs ,0.1,g
2969,Skaldjurssås,Palmitinsyra C16:0,Sås dressing majonnäs ,2.0,g
2969,Skaldjurssås,Myristinsyra C14:0,Sås dressing majonnäs ,0.5,g
2969,Skaldjurssås,Laurinsyra C12:0,Sås dressing majonnäs ,0.2,g
2969,Skaldjurssås,Betakaroten/β-Karoten,Sås dressing majonnäs ,74.0,µg
2969,Skaldjurssås,Avfall (skal etc.),Sås dressing majonnäs ,8.0,%
2969,Skaldjurssås,Aska,Sås dressing majonnäs ,2.2,g
2969,Skaldjurssås,Alkohol,Sås dressing majonnäs ,0.0,g
2973,Dressing hamburgerdressing,"Zink, Zn",Sås dressing majonnäs ,0.2,mg
2973,Dressing hamburgerdressing,Vitamin E,Sås dressing majonnäs ,15.1,mg
2973,Dressing hamburgerdressing,Vitamin D,Sås dressing majonnäs ,0.16,µg
2973,Dressing hamburgerdressing,Vitamin C,Sås dressing majonnäs ,1.9,mg
2973,Dressing hamburgerdressing,Vitamin B6,Sås dressing majonnäs ,0.01,mg
2973,Dressing hamburgerdressing,Vitamin B12,Sås dressing majonnäs ,0.25,µg
2973,Dressing hamburgerdressing,Vitamin A,Sås dressing majonnäs ,33.0,RE/µg
2973,Dressing hamburgerdressing,Vatten,Sås dressing majonnäs ,31.0,g
2973,Dressing hamburgerdressing,Tiamin,Sås dressing majonnäs ,0.04,mg
2973,Dressing hamburgerdressing,Tillsatt socker,Sås dressing majonnäs ,7.0,g
2973,Dressing hamburgerdressing,Fritt socker,Sås dressing majonnäs ,7.0,g
2973,Dressing hamburgerdressing,"Selen, Se",Sås dressing majonnäs ,0.1,µg
2973,Dressing hamburgerdressing,Sackaros,Sås dressing majonnäs ,5.0,g
2973,Dressing hamburgerdressing,Riboflavin,Sås dressing majonnäs ,0.03,mg
2973,Dressing hamburgerdressing,Retinol,Sås dressing majonnäs ,13.4,µg
2973,Dressing hamburgerdressing,Protein,Sås dressing majonnäs ,1.3,g
2973,Dressing hamburgerdressing,Summa fleromättade fettsyror,Sås dressing majonnäs ,15.6,g
2973,Dressing hamburgerdressing,"Fosfor, P",Sås dressing majonnäs ,27.0,mg
2973,Dressing hamburgerdressing,Niacinekvivalenter,Sås dressing majonnäs ,0.43,NE/mg
2973,Dressing hamburgerdressing,Niacin,Sås dressing majonnäs ,0.16,mg
2973,Dressing hamburgerdressing,"Salt, NaCl",Sås dressing majonnäs ,0.9,g
2973,Dressing hamburgerdressing,"Natrium, Na",Sås dressing majonnäs ,369.0,mg
2973,Dressing hamburgerdressing,Monosackarider,Sås dressing majonnäs ,2.4,g
2973,Dressing hamburgerdressing,"Sockerarter, totalt",Sås dressing majonnäs ,7.4,g
2973,Dressing hamburgerdressing,Summa enkelomättade fettsyror,Sås dressing majonnäs ,33.8,g
2973,Dressing hamburgerdressing,"Magnesium, Mg",Sås dressing majonnäs ,4.0,mg
2973,Dressing hamburgerdressing,Summa mättade fettsyror,Sås dressing majonnäs ,3.9,g
2973,Dressing hamburgerdressing,"Kolhydrater, tillgängliga",Sås dressing majonnäs ,10.1,g
2973,Dressing hamburgerdressing,Kolesterol,Sås dressing majonnäs ,31.2,mg
2973,Dressing hamburgerdressing,"Kalium, K",Sås dressing majonnäs ,84.0,mg
2973,Dressing hamburgerdressing,"Jod, I",Sås dressing majonnäs ,2.7,µg
2973,Dressing hamburgerdressing,Fullkorn totalt,Sås dressing majonnäs ,0.0,g
2973,Dressing hamburgerdressing,"Folat, totalt",Sås dressing majonnäs ,8.5,µg
2973,Dressing hamburgerdressing,Fibrer,Sås dressing majonnäs ,0.4,g
2973,Dressing hamburgerdressing,"Fett, totalt",Sås dressing majonnäs ,56.0,g
2973,Dressing hamburgerdressing,"Järn, Fe",Sås dressing majonnäs ,0.3,mg
2973,Dressing hamburgerdressing,Energi (kJ),Sås dressing majonnäs ,2269.0,kJ
2973,Dressing hamburgerdressing,Energi (kcal),Sås dressing majonnäs ,542.0,kcal
2973,Dressing hamburgerdressing,Disackarider,Sås dressing majonnäs ,5.1,g
2973,Dressing hamburgerdressing,"Kalcium, Ca",Sås dressing majonnäs ,9.0,mg
2973,Dressing hamburgerdressing,Fettsyra 4:0-10:0,Sås dressing majonnäs ,0.0,g
2973,Dressing hamburgerdressing,DHA (C22:6),Sås dressing majonnäs ,0.0,g
2973,Dressing hamburgerdressing,DPA (C22:5),Sås dressing majonnäs ,0.0,g
2973,Dressing hamburgerdressing,EPA (C20:5),Sås dressing majonnäs ,0.0,g
2973,Dressing hamburgerdressing,Arakidonsyra C20:4,Sås dressing majonnäs ,0.0,g
2973,Dressing hamburgerdressing,Arakidinsyra C20:0,Sås dressing majonnäs ,0.3,g
2973,Dressing hamburgerdressing,Linolensyra C18:3,Sås dressing majonnäs ,5.0,g
2973,Dressing hamburgerdressing,Linolsyra C18:2,Sås dressing majonnäs ,10.6,g
2973,Dressing hamburgerdressing,Oljesyra C18:1,Sås dressing majonnäs ,32.8,g
2973,Dressing hamburgerdressing,Stearinsyra C18:0,Sås dressing majonnäs ,0.8,g
2973,Dressing hamburgerdressing,Palmitoljesyra C16:1,Sås dressing majonnäs ,0.2,g
2973,Dressing hamburgerdressing,Palmitinsyra C16:0,Sås dressing majonnäs ,2.6,g
2973,Dressing hamburgerdressing,Myristinsyra C14:0,Sås dressing majonnäs ,0.0,g
2973,Dressing hamburgerdressing,Laurinsyra C12:0,Sås dressing majonnäs ,0.0,g
2973,Dressing hamburgerdressing,Betakaroten/β-Karoten,Sås dressing majonnäs ,233.0,µg
2973,Dressing hamburgerdressing,Avfall (skal etc.),Sås dressing majonnäs ,0.0,%
2973,Dressing hamburgerdressing,Aska,Sås dressing majonnäs ,1.1,g
2973,Dressing hamburgerdressing,Alkohol,Sås dressing majonnäs ,0.0,g
2977,Gulaschsoppa,"Zink, Zn",Soppa mat,1.2,mg
2977,Gulaschsoppa,Vitamin E,Soppa mat,1.0,mg
2977,Gulaschsoppa,Vitamin D,Soppa mat,0.26,µg
2977,Gulaschsoppa,Vitamin C,Soppa mat,11.1,mg
2977,Gulaschsoppa,Vitamin B6,Soppa mat,0.12,mg
2977,Gulaschsoppa,Vitamin B12,Soppa mat,0.11,µg
2977,Gulaschsoppa,Vitamin A,Soppa mat,27.6,RE/µg
2977,Gulaschsoppa,Vatten,Soppa mat,85.3,g
2977,Gulaschsoppa,Tiamin,Soppa mat,0.04,mg
2977,Gulaschsoppa,Tillsatt socker,Soppa mat,0.0,g
2977,Gulaschsoppa,Fritt socker,Soppa mat,0.0,g
2977,Gulaschsoppa,"Selen, Se",Soppa mat,1.3,µg
2977,Gulaschsoppa,Sackaros,Soppa mat,0.3,g
2977,Gulaschsoppa,Riboflavin,Soppa mat,0.05,mg
2977,Gulaschsoppa,Retinol,Soppa mat,12.2,µg
2977,Gulaschsoppa,Protein,Soppa mat,4.5,g
2977,Gulaschsoppa,Summa fleromättade fettsyror,Soppa mat,0.3,g
2977,Gulaschsoppa,"Fosfor, P",Soppa mat,53.0,mg
2977,Gulaschsoppa,Niacinekvivalenter,Soppa mat,2.4,NE/mg
2977,Gulaschsoppa,Niacin,Soppa mat,1.58,mg
2977,Gulaschsoppa,"Salt, NaCl",Soppa mat,0.9,g
2977,Gulaschsoppa,"Natrium, Na",Soppa mat,347.0,mg
2977,Gulaschsoppa,Monosackarider,Soppa mat,1.9,g
2977,Gulaschsoppa,"Sockerarter, totalt",Soppa mat,2.2,g
2977,Gulaschsoppa,Summa enkelomättade fettsyror,Soppa mat,0.8,g
2977,Gulaschsoppa,"Magnesium, Mg",Soppa mat,15.0,mg
2977,Gulaschsoppa,Summa mättade fettsyror,Soppa mat,1.0,g
2977,Gulaschsoppa,"Kolhydrater, tillgängliga",Soppa mat,5.1,g
2977,Gulaschsoppa,Kolesterol,Soppa mat,10.6,mg
2977,Gulaschsoppa,"Kalium, K",Soppa mat,160.0,mg
2977,Gulaschsoppa,"Jod, I",Soppa mat,17.0,µg
2977,Gulaschsoppa,Fullkorn totalt,Soppa mat,0.0,g
2977,Gulaschsoppa,"Folat, totalt",Soppa mat,11.0,µg
2977,Gulaschsoppa,Fibrer,Soppa mat,1.1,g
2977,Gulaschsoppa,"Fett, totalt",Soppa mat,2.3,g
2977,Gulaschsoppa,"Järn, Fe",Soppa mat,0.8,mg
2977,Gulaschsoppa,Energi (kJ),Soppa mat,260.0,kJ
2977,Gulaschsoppa,Energi (kcal),Soppa mat,62.0,kcal
2977,Gulaschsoppa,Disackarider,Soppa mat,0.3,g
2977,Gulaschsoppa,"Kalcium, Ca",Soppa mat,13.0,mg
2977,Gulaschsoppa,Fettsyra 4:0-10:0,Soppa mat,0.0,g
2977,Gulaschsoppa,DHA (C22:6),Soppa mat,0.0,g
2977,Gulaschsoppa,DPA (C22:5),Soppa mat,0.0,g
2977,Gulaschsoppa,EPA (C20:5),Soppa mat,0.0,g
2977,Gulaschsoppa,Arakidonsyra C20:4,Soppa mat,0.0,g
2977,Gulaschsoppa,Arakidinsyra C20:0,Soppa mat,0.0,g
2977,Gulaschsoppa,Linolensyra C18:3,Soppa mat,0.1,g
2977,Gulaschsoppa,Linolsyra C18:2,Soppa mat,0.2,g
2977,Gulaschsoppa,Oljesyra C18:1,Soppa mat,0.8,g
2977,Gulaschsoppa,Stearinsyra C18:0,Soppa mat,0.2,g
2977,Gulaschsoppa,Palmitoljesyra C16:1,Soppa mat,0.0,g
2977,Gulaschsoppa,Palmitinsyra C16:0,Soppa mat,0.6,g
2977,Gulaschsoppa,Myristinsyra C14:0,Soppa mat,0.1,g
2977,Gulaschsoppa,Laurinsyra C12:0,Soppa mat,0.0,g
2977,Gulaschsoppa,Betakaroten/β-Karoten,Soppa mat,170.0,µg
2977,Gulaschsoppa,Avfall (skal etc.),Soppa mat,7.0,%
2977,Gulaschsoppa,Aska,Soppa mat,1.6,g
2977,Gulaschsoppa,Alkohol,Soppa mat,0.0,g
2982,Fisksoppa skaldjurssoppa u. vin,"Zink, Zn",Soppa mat,0.4,mg
2982,Fisksoppa skaldjurssoppa u. vin,Vitamin E,Soppa mat,0.9,mg
2982,Fisksoppa skaldjurssoppa u. vin,Vitamin D,Soppa mat,0.49,µg
2982,Fisksoppa skaldjurssoppa u. vin,Vitamin C,Soppa mat,2.9,mg
2982,Fisksoppa skaldjurssoppa u. vin,Vitamin B6,Soppa mat,0.08,mg
2982,Fisksoppa skaldjurssoppa u. vin,Vitamin B12,Soppa mat,1.06,µg
2982,Fisksoppa skaldjurssoppa u. vin,Vitamin A,Soppa mat,86.2,RE/µg
2982,Fisksoppa skaldjurssoppa u. vin,Vatten,Soppa mat,87.7,g
2982,Fisksoppa skaldjurssoppa u. vin,Tiamin,Soppa mat,0.03,mg
2982,Fisksoppa skaldjurssoppa u. vin,Tillsatt socker,Soppa mat,0.0,g
2982,Fisksoppa skaldjurssoppa u. vin,Fritt socker,Soppa mat,0.0,g
2982,Fisksoppa skaldjurssoppa u. vin,"Selen, Se",Soppa mat,9.8,µg
2982,Fisksoppa skaldjurssoppa u. vin,Sackaros,Soppa mat,0.4,g
2982,Fisksoppa skaldjurssoppa u. vin,Riboflavin,Soppa mat,0.03,mg
2982,Fisksoppa skaldjurssoppa u. vin,Retinol,Soppa mat,9.6,µg
2982,Fisksoppa skaldjurssoppa u. vin,Protein,Soppa mat,5.7,g
2982,Fisksoppa skaldjurssoppa u. vin,Summa fleromättade fettsyror,Soppa mat,0.4,g
2982,Fisksoppa skaldjurssoppa u. vin,"Fosfor, P",Soppa mat,68.0,mg
2982,Fisksoppa skaldjurssoppa u. vin,Niacinekvivalenter,Soppa mat,2.01,NE/mg
2982,Fisksoppa skaldjurssoppa u. vin,Niacin,Soppa mat,1.03,mg
2982,Fisksoppa skaldjurssoppa u. vin,"Salt, NaCl",Soppa mat,0.7,g
2982,Fisksoppa skaldjurssoppa u. vin,"Natrium, Na",Soppa mat,277.0,mg
2982,Fisksoppa skaldjurssoppa u. vin,Monosackarider,Soppa mat,0.8,g
2982,Fisksoppa skaldjurssoppa u. vin,"Sockerarter, totalt",Soppa mat,1.3,g
2982,Fisksoppa skaldjurssoppa u. vin,Summa enkelomättade fettsyror,Soppa mat,0.6,g
2982,Fisksoppa skaldjurssoppa u. vin,"Magnesium, Mg",Soppa mat,14.0,mg
2982,Fisksoppa skaldjurssoppa u. vin,Summa mättade fettsyror,Soppa mat,0.5,g
2982,Fisksoppa skaldjurssoppa u. vin,"Kolhydrater, tillgängliga",Soppa mat,2.8,g
2982,Fisksoppa skaldjurssoppa u. vin,Kolesterol,Soppa mat,25.3,mg
2982,Fisksoppa skaldjurssoppa u. vin,"Kalium, K",Soppa mat,114.0,mg
2982,Fisksoppa skaldjurssoppa u. vin,"Jod, I",Soppa mat,28.8,µg
2982,Fisksoppa skaldjurssoppa u. vin,Fullkorn totalt,Soppa mat,0.0,g
2982,Fisksoppa skaldjurssoppa u. vin,"Folat, totalt",Soppa mat,13.3,µg
2982,Fisksoppa skaldjurssoppa u. vin,Fibrer,Soppa mat,0.8,g
2982,Fisksoppa skaldjurssoppa u. vin,"Fett, totalt",Soppa mat,1.6,g
2982,Fisksoppa skaldjurssoppa u. vin,"Järn, Fe",Soppa mat,0.5,mg
2982,Fisksoppa skaldjurssoppa u. vin,Energi (kJ),Soppa mat,212.0,kJ
2982,Fisksoppa skaldjurssoppa u. vin,Energi (kcal),Soppa mat,51.0,kcal
2982,Fisksoppa skaldjurssoppa u. vin,Disackarider,Soppa mat,0.4,g
2982,Fisksoppa skaldjurssoppa u. vin,"Kalcium, Ca",Soppa mat,19.0,mg
2982,Fisksoppa skaldjurssoppa u. vin,Fettsyra 4:0-10:0,Soppa mat,0.0,g
2982,Fisksoppa skaldjurssoppa u. vin,DHA (C22:6),Soppa mat,0.1,g
2982,Fisksoppa skaldjurssoppa u. vin,DPA (C22:5),Soppa mat,0.0,g
2982,Fisksoppa skaldjurssoppa u. vin,EPA (C20:5),Soppa mat,0.0,g
2982,Fisksoppa skaldjurssoppa u. vin,Arakidonsyra C20:4,Soppa mat,0.0,g
2982,Fisksoppa skaldjurssoppa u. vin,Arakidinsyra C20:0,Soppa mat,0.0,g
2982,Fisksoppa skaldjurssoppa u. vin,Linolensyra C18:3,Soppa mat,0.1,g
2982,Fisksoppa skaldjurssoppa u. vin,Linolsyra C18:2,Soppa mat,0.2,g
2982,Fisksoppa skaldjurssoppa u. vin,Oljesyra C18:1,Soppa mat,0.5,g
2982,Fisksoppa skaldjurssoppa u. vin,Stearinsyra C18:0,Soppa mat,0.1,g
2982,Fisksoppa skaldjurssoppa u. vin,Palmitoljesyra C16:1,Soppa mat,0.0,g
2982,Fisksoppa skaldjurssoppa u. vin,Palmitinsyra C16:0,Soppa mat,0.3,g
2982,Fisksoppa skaldjurssoppa u. vin,Myristinsyra C14:0,Soppa mat,0.0,g
2982,Fisksoppa skaldjurssoppa u. vin,Laurinsyra C12:0,Soppa mat,0.0,g
2982,Fisksoppa skaldjurssoppa u. vin,Betakaroten/β-Karoten,Soppa mat,783.0,µg
2982,Fisksoppa skaldjurssoppa u. vin,Avfall (skal etc.),Soppa mat,7.0,%
2982,Fisksoppa skaldjurssoppa u. vin,Aska,Soppa mat,1.4,g
2982,Fisksoppa skaldjurssoppa u. vin,Alkohol,Soppa mat,0.0,g
3008,Pannacotta,"Zink, Zn",Efterrätter,0.7,mg
3008,Pannacotta,Vitamin E,Efterrätter,0.5,mg
3008,Pannacotta,Vitamin D,Efterrätter,0.04,µg
3008,Pannacotta,Vitamin C,Efterrätter,0.2,mg
3008,Pannacotta,Vitamin B6,Efterrätter,0.03,mg
3008,Pannacotta,Vitamin B12,Efterrätter,0.25,µg
3008,Pannacotta,Vitamin A,Efterrätter,195.7,RE/µg
3008,Pannacotta,Vatten,Efterrätter,64.2,g
3008,Pannacotta,Tiamin,Efterrätter,0.03,mg
3008,Pannacotta,Tillsatt socker,Efterrätter,8.0,g
3008,Pannacotta,Fritt socker,Efterrätter,8.0,g
3008,Pannacotta,"Selen, Se",Efterrätter,0.6,µg
3008,Pannacotta,Sackaros,Efterrätter,8.1,g
3008,Pannacotta,Riboflavin,Efterrätter,0.12,mg
3008,Pannacotta,Retinol,Efterrätter,184.2,µg
3008,Pannacotta,Protein,Efterrätter,3.0,g
3008,Pannacotta,Summa fleromättade fettsyror,Efterrätter,0.5,g
3008,Pannacotta,"Fosfor, P",Efterrätter,74.0,mg
3008,Pannacotta,Niacinekvivalenter,Efterrätter,0.77,NE/mg
3008,Pannacotta,Niacin,Efterrätter,0.08,mg
3008,Pannacotta,"Salt, NaCl",Efterrätter,0.1,g
3008,Pannacotta,"Natrium, Na",Efterrätter,31.0,mg
3008,Pannacotta,Monosackarider,Efterrätter,0.0,g
3008,Pannacotta,"Sockerarter, totalt",Efterrätter,10.8,g
3008,Pannacotta,Summa enkelomättade fettsyror,Efterrätter,5.1,g
3008,Pannacotta,"Magnesium, Mg",Efterrätter,9.0,mg
3008,Pannacotta,Summa mättade fettsyror,Efterrätter,13.1,g
3008,Pannacotta,"Kolhydrater, tillgängliga",Efterrätter,11.8,g
3008,Pannacotta,Kolesterol,Efterrätter,59.3,mg
3008,Pannacotta,"Kalium, K",Efterrätter,117.0,mg
3008,Pannacotta,"Jod, I",Efterrätter,11.5,µg
3008,Pannacotta,Fullkorn totalt,Efterrätter,0.0,g
3008,Pannacotta,"Folat, totalt",Efterrätter,9.2,µg
3008,Pannacotta,Fibrer,Efterrätter,0.0,g
3008,Pannacotta,"Fett, totalt",Efterrätter,20.5,g
3008,Pannacotta,"Järn, Fe",Efterrätter,0.0,mg
3008,Pannacotta,Energi (kJ),Efterrätter,1009.0,kJ
3008,Pannacotta,Energi (kcal),Efterrätter,241.0,kcal
3008,Pannacotta,Disackarider,Efterrätter,10.8,g
3008,Pannacotta,"Kalcium, Ca",Efterrätter,90.0,mg
3008,Pannacotta,Fettsyra 4:0-10:0,Efterrätter,1.5,g
3008,Pannacotta,DHA (C22:6),Efterrätter,0.0,g
3008,Pannacotta,DPA (C22:5),Efterrätter,0.0,g
3008,Pannacotta,EPA (C20:5),Efterrätter,0.0,g
3008,Pannacotta,Arakidonsyra C20:4,Efterrätter,0.0,g
3008,Pannacotta,Arakidinsyra C20:0,Efterrätter,0.0,g
3008,Pannacotta,Linolensyra C18:3,Efterrätter,0.1,g
3008,Pannacotta,Linolsyra C18:2,Efterrätter,0.4,g
3008,Pannacotta,Oljesyra C18:1,Efterrätter,4.4,g
3008,Pannacotta,Stearinsyra C18:0,Efterrätter,2.1,g
3008,Pannacotta,Palmitoljesyra C16:1,Efterrätter,0.4,g
3008,Pannacotta,Palmitinsyra C16:0,Efterrätter,6.3,g
3008,Pannacotta,Myristinsyra C14:0,Efterrätter,2.1,g
3008,Pannacotta,Laurinsyra C12:0,Efterrätter,0.7,g
3008,Pannacotta,Betakaroten/β-Karoten,Efterrätter,139.0,µg
3008,Pannacotta,Avfall (skal etc.),Efterrätter,0.0,%
3008,Pannacotta,Aska,Efterrätter,0.6,g
3008,Pannacotta,Alkohol,Efterrätter,0.0,g
3009,Paj m. ost,"Zink, Zn",Pizza paj pirog färdig smörgås,1.1,mg
3009,Paj m. ost,Vitamin E,Pizza paj pirog färdig smörgås,1.3,mg
3009,Paj m. ost,Vitamin D,Pizza paj pirog färdig smörgås,0.13,µg
3009,Paj m. ost,Vitamin C,Pizza paj pirog färdig smörgås,0.4,mg
3009,Paj m. ost,Vitamin B6,Pizza paj pirog färdig smörgås,0.04,mg
3009,Paj m. ost,Vitamin B12,Pizza paj pirog färdig smörgås,0.61,µg
3009,Paj m. ost,Vitamin A,Pizza paj pirog färdig smörgås,171.0,RE/µg
3009,Paj m. ost,Vatten,Pizza paj pirog färdig smörgås,52.2,g
3009,Paj m. ost,Tiamin,Pizza paj pirog färdig smörgås,0.04,mg
3009,Paj m. ost,Tillsatt socker,Pizza paj pirog färdig smörgås,0.0,g
3009,Paj m. ost,Fritt socker,Pizza paj pirog färdig smörgås,0.0,g
3009,Paj m. ost,"Selen, Se",Pizza paj pirog färdig smörgås,8.5,µg
3009,Paj m. ost,Sackaros,Pizza paj pirog färdig smörgås,0.0,g
3009,Paj m. ost,Riboflavin,Pizza paj pirog färdig smörgås,0.17,mg
3009,Paj m. ost,Retinol,Pizza paj pirog färdig smörgås,164.9,µg
3009,Paj m. ost,Protein,Pizza paj pirog färdig smörgås,11.0,g
3009,Paj m. ost,Summa fleromättade fettsyror,Pizza paj pirog färdig smörgås,0.9,g
3009,Paj m. ost,"Fosfor, P",Pizza paj pirog färdig smörgås,201.0,mg
3009,Paj m. ost,Niacinekvivalenter,Pizza paj pirog färdig smörgås,2.67,NE/mg
3009,Paj m. ost,Niacin,Pizza paj pirog färdig smörgås,0.2,mg
3009,Paj m. ost,"Salt, NaCl",Pizza paj pirog färdig smörgås,1.1,g
3009,Paj m. ost,"Natrium, Na",Pizza paj pirog färdig smörgås,449.0,mg
3009,Paj m. ost,Monosackarider,Pizza paj pirog färdig smörgås,0.1,g
3009,Paj m. ost,"Sockerarter, totalt",Pizza paj pirog färdig smörgås,1.7,g
3009,Paj m. ost,Summa enkelomättade fettsyror,Pizza paj pirog färdig smörgås,4.5,g
3009,Paj m. ost,"Magnesium, Mg",Pizza paj pirog färdig smörgås,17.0,mg
3009,Paj m. ost,Summa mättade fettsyror,Pizza paj pirog färdig smörgås,11.4,g
3009,Paj m. ost,"Kolhydrater, tillgängliga",Pizza paj pirog färdig smörgås,15.6,g
3009,Paj m. ost,Kolesterol,Pizza paj pirog färdig smörgås,102.3,mg
3009,Paj m. ost,"Kalium, K",Pizza paj pirog färdig smörgås,126.0,mg
3009,Paj m. ost,"Jod, I",Pizza paj pirog färdig smörgås,53.8,µg
3009,Paj m. ost,Fullkorn totalt,Pizza paj pirog färdig smörgås,0.0,g
3009,Paj m. ost,"Folat, totalt",Pizza paj pirog färdig smörgås,17.1,µg
3009,Paj m. ost,Fibrer,Pizza paj pirog färdig smörgås,0.7,g
3009,Paj m. ost,"Fett, totalt",Pizza paj pirog färdig smörgås,18.3,g
3009,Paj m. ost,"Järn, Fe",Pizza paj pirog färdig smörgås,0.4,mg
3009,Paj m. ost,Energi (kJ),Pizza paj pirog färdig smörgås,1136.0,kJ
3009,Paj m. ost,Energi (kcal),Pizza paj pirog färdig smörgås,271.0,kcal
3009,Paj m. ost,Disackarider,Pizza paj pirog färdig smörgås,1.6,g
3009,Paj m. ost,"Kalcium, Ca",Pizza paj pirog färdig smörgås,208.0,mg
3009,Paj m. ost,Fettsyra 4:0-10:0,Pizza paj pirog färdig smörgås,1.5,g
3009,Paj m. ost,DHA (C22:6),Pizza paj pirog färdig smörgås,0.0,g
3009,Paj m. ost,DPA (C22:5),Pizza paj pirog färdig smörgås,0.0,g
3009,Paj m. ost,EPA (C20:5),Pizza paj pirog färdig smörgås,0.0,g
3009,Paj m. ost,Arakidonsyra C20:4,Pizza paj pirog färdig smörgås,0.0,g
3009,Paj m. ost,Arakidinsyra C20:0,Pizza paj pirog färdig smörgås,0.0,g
3009,Paj m. ost,Linolensyra C18:3,Pizza paj pirog färdig smörgås,0.1,g
3009,Paj m. ost,Linolsyra C18:2,Pizza paj pirog färdig smörgås,0.7,g
3009,Paj m. ost,Oljesyra C18:1,Pizza paj pirog färdig smörgås,4.0,g
3009,Paj m. ost,Stearinsyra C18:0,Pizza paj pirog färdig smörgås,1.7,g
3009,Paj m. ost,Palmitoljesyra C16:1,Pizza paj pirog färdig smörgås,0.3,g
3009,Paj m. ost,Palmitinsyra C16:0,Pizza paj pirog färdig smörgås,5.3,g
3009,Paj m. ost,Myristinsyra C14:0,Pizza paj pirog färdig smörgås,1.8,g
3009,Paj m. ost,Laurinsyra C12:0,Pizza paj pirog färdig smörgås,0.6,g
3009,Paj m. ost,Betakaroten/β-Karoten,Pizza paj pirog färdig smörgås,72.0,µg
3009,Paj m. ost,Avfall (skal etc.),Pizza paj pirog färdig smörgås,2.0,%
3009,Paj m. ost,Aska,Pizza paj pirog färdig smörgås,2.1,g
3009,Paj m. ost,Alkohol,Pizza paj pirog färdig smörgås,0.0,g
3011,Paj m. grönsaker,"Zink, Zn",Pizza paj pirog färdig smörgås,0.6,mg
3011,Paj m. grönsaker,Vitamin E,Pizza paj pirog färdig smörgås,2.0,mg
3011,Paj m. grönsaker,Vitamin D,Pizza paj pirog färdig smörgås,0.47,µg
3011,Paj m. grönsaker,Vitamin C,Pizza paj pirog färdig smörgås,9.4,mg
3011,Paj m. grönsaker,Vitamin B6,Pizza paj pirog färdig smörgås,0.07,mg
3011,Paj m. grönsaker,Vitamin B12,Pizza paj pirog färdig smörgås,0.4,µg
3011,Paj m. grönsaker,Vitamin A,Pizza paj pirog färdig smörgås,139.3,RE/µg
3011,Paj m. grönsaker,Vatten,Pizza paj pirog färdig smörgås,63.7,g
3011,Paj m. grönsaker,Tiamin,Pizza paj pirog färdig smörgås,0.04,mg
3011,Paj m. grönsaker,Tillsatt socker,Pizza paj pirog färdig smörgås,0.0,g
3011,Paj m. grönsaker,Fritt socker,Pizza paj pirog färdig smörgås,0.0,g
3011,Paj m. grönsaker,"Selen, Se",Pizza paj pirog färdig smörgås,5.1,µg
3011,Paj m. grönsaker,Sackaros,Pizza paj pirog färdig smörgås,0.1,g
3011,Paj m. grönsaker,Riboflavin,Pizza paj pirog färdig smörgås,0.1,mg
3011,Paj m. grönsaker,Retinol,Pizza paj pirog färdig smörgås,123.7,µg
3011,Paj m. grönsaker,Protein,Pizza paj pirog färdig smörgås,6.4,g
3011,Paj m. grönsaker,Summa fleromättade fettsyror,Pizza paj pirog färdig smörgås,1.3,g
3011,Paj m. grönsaker,"Fosfor, P",Pizza paj pirog färdig smörgås,115.0,mg
3011,Paj m. grönsaker,Niacinekvivalenter,Pizza paj pirog färdig smörgås,1.82,NE/mg
3011,Paj m. grönsaker,Niacin,Pizza paj pirog färdig smörgås,0.41,mg
3011,Paj m. grönsaker,"Salt, NaCl",Pizza paj pirog färdig smörgås,0.8,g
3011,Paj m. grönsaker,"Natrium, Na",Pizza paj pirog färdig smörgås,316.0,mg
3011,Paj m. grönsaker,Monosackarider,Pizza paj pirog färdig smörgås,1.3,g
3011,Paj m. grönsaker,"Sockerarter, totalt",Pizza paj pirog färdig smörgås,2.5,g
3011,Paj m. grönsaker,Summa enkelomättade fettsyror,Pizza paj pirog färdig smörgås,5.2,g
3011,Paj m. grönsaker,"Magnesium, Mg",Pizza paj pirog färdig smörgås,15.0,mg
3011,Paj m. grönsaker,Summa mättade fettsyror,Pizza paj pirog färdig smörgås,7.6,g
3011,Paj m. grönsaker,"Kolhydrater, tillgängliga",Pizza paj pirog färdig smörgås,11.5,g
3011,Paj m. grönsaker,Kolesterol,Pizza paj pirog färdig smörgås,60.6,mg
3011,Paj m. grönsaker,"Kalium, K",Pizza paj pirog färdig smörgås,172.0,mg
3011,Paj m. grönsaker,"Jod, I",Pizza paj pirog färdig smörgås,33.7,µg
3011,Paj m. grönsaker,Fullkorn totalt,Pizza paj pirog färdig smörgås,0.0,g
3011,Paj m. grönsaker,"Folat, totalt",Pizza paj pirog färdig smörgås,16.7,µg
3011,Paj m. grönsaker,Fibrer,Pizza paj pirog färdig smörgås,1.5,g
3011,Paj m. grönsaker,"Fett, totalt",Pizza paj pirog färdig smörgås,15.3,g
3011,Paj m. grönsaker,"Järn, Fe",Pizza paj pirog färdig smörgås,0.5,mg
3011,Paj m. grönsaker,Energi (kJ),Pizza paj pirog färdig smörgås,882.0,kJ
3011,Paj m. grönsaker,Energi (kcal),Pizza paj pirog färdig smörgås,211.0,kcal
3011,Paj m. grönsaker,Disackarider,Pizza paj pirog färdig smörgås,1.2,g
3011,Paj m. grönsaker,"Kalcium, Ca",Pizza paj pirog färdig smörgås,106.0,mg
3011,Paj m. grönsaker,Fettsyra 4:0-10:0,Pizza paj pirog färdig smörgås,0.7,g
3011,Paj m. grönsaker,DHA (C22:6),Pizza paj pirog färdig smörgås,0.0,g
3011,Paj m. grönsaker,DPA (C22:5),Pizza paj pirog färdig smörgås,0.0,g
3011,Paj m. grönsaker,EPA (C20:5),Pizza paj pirog färdig smörgås,0.0,g
3011,Paj m. grönsaker,Arakidonsyra C20:4,Pizza paj pirog färdig smörgås,0.0,g
3011,Paj m. grönsaker,Arakidinsyra C20:0,Pizza paj pirog färdig smörgås,0.0,g
3011,Paj m. grönsaker,Linolensyra C18:3,Pizza paj pirog färdig smörgås,0.2,g
3011,Paj m. grönsaker,Linolsyra C18:2,Pizza paj pirog färdig smörgås,0.9,g
3011,Paj m. grönsaker,Oljesyra C18:1,Pizza paj pirog färdig smörgås,5.0,g
3011,Paj m. grönsaker,Stearinsyra C18:0,Pizza paj pirog färdig smörgås,1.1,g
3011,Paj m. grönsaker,Palmitoljesyra C16:1,Pizza paj pirog färdig smörgås,0.2,g
3011,Paj m. grönsaker,Palmitinsyra C16:0,Pizza paj pirog färdig smörgås,4.0,g
3011,Paj m. grönsaker,Myristinsyra C14:0,Pizza paj pirog färdig smörgås,1.0,g
3011,Paj m. grönsaker,Laurinsyra C12:0,Pizza paj pirog färdig smörgås,0.4,g
3011,Paj m. grönsaker,Betakaroten/β-Karoten,Pizza paj pirog färdig smörgås,186.0,µg
3011,Paj m. grönsaker,Avfall (skal etc.),Pizza paj pirog färdig smörgås,4.0,%
3011,Paj m. grönsaker,Aska,Pizza paj pirog färdig smörgås,1.5,g
3011,Paj m. grönsaker,Alkohol,Pizza paj pirog färdig smörgås,0.0,g
3035,Sill inlagd m. gräddfilssås,"Zink, Zn",Fisk o skaldjursprodukter o rätter,0.3,mg
3035,Sill inlagd m. gräddfilssås,Vitamin E,Fisk o skaldjursprodukter o rätter,4.6,mg
3035,Sill inlagd m. gräddfilssås,Vitamin D,Fisk o skaldjursprodukter o rätter,6.07,µg
3035,Sill inlagd m. gräddfilssås,Vitamin C,Fisk o skaldjursprodukter o rätter,0.0,mg
3035,Sill inlagd m. gräddfilssås,Vitamin B6,Fisk o skaldjursprodukter o rätter,0.04,mg
3035,Sill inlagd m. gräddfilssås,Vitamin B12,Fisk o skaldjursprodukter o rätter,3.7,µg
3035,Sill inlagd m. gräddfilssås,Vitamin A,Fisk o skaldjursprodukter o rätter,26.9,RE/µg
3035,Sill inlagd m. gräddfilssås,Vatten,Fisk o skaldjursprodukter o rätter,51.1,g
3035,Sill inlagd m. gräddfilssås,Tiamin,Fisk o skaldjursprodukter o rätter,0.01,mg
3035,Sill inlagd m. gräddfilssås,Tillsatt socker,Fisk o skaldjursprodukter o rätter,14.0,g
3035,Sill inlagd m. gräddfilssås,Fritt socker,Fisk o skaldjursprodukter o rätter,14.0,g
3035,Sill inlagd m. gräddfilssås,"Selen, Se",Fisk o skaldjursprodukter o rätter,7.7,µg
3035,Sill inlagd m. gräddfilssås,Sackaros,Fisk o skaldjursprodukter o rätter,12.6,g
3035,Sill inlagd m. gräddfilssås,Riboflavin,Fisk o skaldjursprodukter o rätter,0.07,mg
3035,Sill inlagd m. gräddfilssås,Retinol,Fisk o skaldjursprodukter o rätter,25.5,µg
3035,Sill inlagd m. gräddfilssås,Protein,Fisk o skaldjursprodukter o rätter,5.3,g
3035,Sill inlagd m. gräddfilssås,Summa fleromättade fettsyror,Fisk o skaldjursprodukter o rätter,5.6,g
3035,Sill inlagd m. gräddfilssås,"Fosfor, P",Fisk o skaldjursprodukter o rätter,48.0,mg
3035,Sill inlagd m. gräddfilssås,Niacinekvivalenter,Fisk o skaldjursprodukter o rätter,1.51,NE/mg
3035,Sill inlagd m. gräddfilssås,Niacin,Fisk o skaldjursprodukter o rätter,0.54,mg
3035,Sill inlagd m. gräddfilssås,"Salt, NaCl",Fisk o skaldjursprodukter o rätter,4.6,g
3035,Sill inlagd m. gräddfilssås,"Natrium, Na",Fisk o skaldjursprodukter o rätter,1853.0,mg
3035,Sill inlagd m. gräddfilssås,Monosackarider,Fisk o skaldjursprodukter o rätter,0.9,g
3035,Sill inlagd m. gräddfilssås,"Sockerarter, totalt",Fisk o skaldjursprodukter o rätter,13.8,g
3035,Sill inlagd m. gräddfilssås,Summa enkelomättade fettsyror,Fisk o skaldjursprodukter o rätter,12.7,g
3035,Sill inlagd m. gräddfilssås,"Magnesium, Mg",Fisk o skaldjursprodukter o rätter,9.0,mg
3035,Sill inlagd m. gräddfilssås,Summa mättade fettsyror,Fisk o skaldjursprodukter o rätter,3.3,g
3035,Sill inlagd m. gräddfilssås,"Kolhydrater, tillgängliga",Fisk o skaldjursprodukter o rätter,15.6,g
3035,Sill inlagd m. gräddfilssås,Kolesterol,Fisk o skaldjursprodukter o rätter,42.0,mg
3035,Sill inlagd m. gräddfilssås,"Kalium, K",Fisk o skaldjursprodukter o rätter,49.0,mg
3035,Sill inlagd m. gräddfilssås,"Jod, I",Fisk o skaldjursprodukter o rätter,186.0,µg
3035,Sill inlagd m. gräddfilssås,Fullkorn totalt,Fisk o skaldjursprodukter o rätter,0.0,g
3035,Sill inlagd m. gräddfilssås,"Folat, totalt",Fisk o skaldjursprodukter o rätter,3.9,µg
3035,Sill inlagd m. gräddfilssås,Fibrer,Fisk o skaldjursprodukter o rätter,0.0,g
3035,Sill inlagd m. gräddfilssås,"Fett, totalt",Fisk o skaldjursprodukter o rätter,23.2,g
3035,Sill inlagd m. gräddfilssås,"Järn, Fe",Fisk o skaldjursprodukter o rätter,0.4,mg
3035,Sill inlagd m. gräddfilssås,Energi (kJ),Fisk o skaldjursprodukter o rätter,1211.0,kJ
3035,Sill inlagd m. gräddfilssås,Energi (kcal),Fisk o skaldjursprodukter o rätter,290.0,kcal
3035,Sill inlagd m. gräddfilssås,Disackarider,Fisk o skaldjursprodukter o rätter,13.0,g
3035,Sill inlagd m. gräddfilssås,"Kalcium, Ca",Fisk o skaldjursprodukter o rätter,25.0,mg
3035,Sill inlagd m. gräddfilssås,Fettsyra 4:0-10:0,Fisk o skaldjursprodukter o rätter,0.1,g
3035,Sill inlagd m. gräddfilssås,DHA (C22:6),Fisk o skaldjursprodukter o rätter,0.4,g
3035,Sill inlagd m. gräddfilssås,DPA (C22:5),Fisk o skaldjursprodukter o rätter,0.0,g
3035,Sill inlagd m. gräddfilssås,EPA (C20:5),Fisk o skaldjursprodukter o rätter,0.3,g
3035,Sill inlagd m. gräddfilssås,Arakidonsyra C20:4,Fisk o skaldjursprodukter o rätter,0.0,g
3035,Sill inlagd m. gräddfilssås,Arakidinsyra C20:0,Fisk o skaldjursprodukter o rätter,0.1,g
3035,Sill inlagd m. gräddfilssås,Linolensyra C18:3,Fisk o skaldjursprodukter o rätter,1.4,g
3035,Sill inlagd m. gräddfilssås,Linolsyra C18:2,Fisk o skaldjursprodukter o rätter,3.1,g
3035,Sill inlagd m. gräddfilssås,Oljesyra C18:1,Fisk o skaldjursprodukter o rätter,10.3,g
3035,Sill inlagd m. gräddfilssås,Stearinsyra C18:0,Fisk o skaldjursprodukter o rätter,0.5,g
3035,Sill inlagd m. gräddfilssås,Palmitoljesyra C16:1,Fisk o skaldjursprodukter o rätter,0.3,g
3035,Sill inlagd m. gräddfilssås,Palmitinsyra C16:0,Fisk o skaldjursprodukter o rätter,1.9,g
3035,Sill inlagd m. gräddfilssås,Myristinsyra C14:0,Fisk o skaldjursprodukter o rätter,0.5,g
3035,Sill inlagd m. gräddfilssås,Laurinsyra C12:0,Fisk o skaldjursprodukter o rätter,0.1,g
3035,Sill inlagd m. gräddfilssås,Betakaroten/β-Karoten,Fisk o skaldjursprodukter o rätter,15.0,µg
3035,Sill inlagd m. gräddfilssås,Avfall (skal etc.),Fisk o skaldjursprodukter o rätter,0.0,%
3035,Sill inlagd m. gräddfilssås,Aska,Fisk o skaldjursprodukter o rätter,4.9,g
3035,Sill inlagd m. gräddfilssås,Alkohol,Fisk o skaldjursprodukter o rätter,0.0,g
3036,Sill inlagd m. senapssås,"Zink, Zn",Fisk o skaldjursprodukter o rätter,0.5,mg
3036,Sill inlagd m. senapssås,Vitamin E,Fisk o skaldjursprodukter o rätter,4.0,mg
3036,Sill inlagd m. senapssås,Vitamin D inkl 25-OH-D3,Fisk o skaldjursprodukter o rätter,5.7,µg
3036,Sill inlagd m. senapssås,Vitamin D,Fisk o skaldjursprodukter o rätter,5.7,µg
3036,Sill inlagd m. senapssås,Vitamin C,Fisk o skaldjursprodukter o rätter,0.0,mg
3036,Sill inlagd m. senapssås,Vitamin B6,Fisk o skaldjursprodukter o rätter,0.06,mg
3036,Sill inlagd m. senapssås,Vitamin B12,Fisk o skaldjursprodukter o rätter,2.96,µg
3036,Sill inlagd m. senapssås,Vitamin A,Fisk o skaldjursprodukter o rätter,9.5,RE/µg
3036,Sill inlagd m. senapssås,Vatten,Fisk o skaldjursprodukter o rätter,59.7,g
3036,Sill inlagd m. senapssås,Tiamin,Fisk o skaldjursprodukter o rätter,0.03,mg
3036,Sill inlagd m. senapssås,Tillsatt socker,Fisk o skaldjursprodukter o rätter,11.0,g
3036,Sill inlagd m. senapssås,Fritt socker,Fisk o skaldjursprodukter o rätter,11.0,g
3036,Sill inlagd m. senapssås,"Selen, Se",Fisk o skaldjursprodukter o rätter,6.3,µg
3036,Sill inlagd m. senapssås,Sackaros,Fisk o skaldjursprodukter o rätter,9.3,g
3036,Sill inlagd m. senapssås,Riboflavin,Fisk o skaldjursprodukter o rätter,0.62,mg
3036,Sill inlagd m. senapssås,Retinol,Fisk o skaldjursprodukter o rätter,4.1,µg
3036,Sill inlagd m. senapssås,Protein,Fisk o skaldjursprodukter o rätter,5.2,g
3036,Sill inlagd m. senapssås,Summa fleromättade fettsyror,Fisk o skaldjursprodukter o rätter,4.7,g
3036,Sill inlagd m. senapssås,"Fosfor, P",Fisk o skaldjursprodukter o rätter,80.0,mg
3036,Sill inlagd m. senapssås,Niacinekvivalenter,Fisk o skaldjursprodukter o rätter,1.92,NE/mg
3036,Sill inlagd m. senapssås,Niacin,Fisk o skaldjursprodukter o rätter,0.98,mg
3036,Sill inlagd m. senapssås,"Salt, NaCl",Fisk o skaldjursprodukter o rätter,1.9,g
3036,Sill inlagd m. senapssås,"Natrium, Na",Fisk o skaldjursprodukter o rätter,747.0,mg
3036,Sill inlagd m. senapssås,Monosackarider,Fisk o skaldjursprodukter o rätter,1.4,g
3036,Sill inlagd m. senapssås,"Sockerarter, totalt",Fisk o skaldjursprodukter o rätter,10.7,g
3036,Sill inlagd m. senapssås,Summa enkelomättade fettsyror,Fisk o skaldjursprodukter o rätter,10.3,g
3036,Sill inlagd m. senapssås,"Magnesium, Mg",Fisk o skaldjursprodukter o rätter,28.0,mg
3036,Sill inlagd m. senapssås,Summa mättade fettsyror,Fisk o skaldjursprodukter o rätter,1.7,g
3036,Sill inlagd m. senapssås,"Kolhydrater, tillgängliga",Fisk o skaldjursprodukter o rätter,14.5,g
3036,Sill inlagd m. senapssås,Kolesterol,Fisk o skaldjursprodukter o rätter,18.7,mg
3036,Sill inlagd m. senapssås,"Kalium, K",Fisk o skaldjursprodukter o rätter,82.0,mg
3036,Sill inlagd m. senapssås,"Jod, I",Fisk o skaldjursprodukter o rätter,16.7,µg
3036,Sill inlagd m. senapssås,Fullkorn totalt,Fisk o skaldjursprodukter o rätter,0.0,g
3036,Sill inlagd m. senapssås,"Folat, totalt",Fisk o skaldjursprodukter o rätter,4.4,µg
3036,Sill inlagd m. senapssås,Fibrer,Fisk o skaldjursprodukter o rätter,0.0,g
3036,Sill inlagd m. senapssås,"Fett, totalt",Fisk o skaldjursprodukter o rätter,18.0,g
3036,Sill inlagd m. senapssås,"Järn, Fe",Fisk o skaldjursprodukter o rätter,0.8,mg
3036,Sill inlagd m. senapssås,Energi (kJ),Fisk o skaldjursprodukter o rätter,1001.0,kJ
3036,Sill inlagd m. senapssås,Energi (kcal),Fisk o skaldjursprodukter o rätter,239.0,kcal
3036,Sill inlagd m. senapssås,Disackarider,Fisk o skaldjursprodukter o rätter,9.3,g
3036,Sill inlagd m. senapssås,"Kalcium, Ca",Fisk o skaldjursprodukter o rätter,42.0,mg
3036,Sill inlagd m. senapssås,Fettsyra 4:0-10:0,Fisk o skaldjursprodukter o rätter,0.0,g
3036,Sill inlagd m. senapssås,DHA (C22:6),Fisk o skaldjursprodukter o rätter,0.3,g
3036,Sill inlagd m. senapssås,DPA (C22:5),Fisk o skaldjursprodukter o rätter,0.0,g
3036,Sill inlagd m. senapssås,EPA (C20:5),Fisk o skaldjursprodukter o rätter,0.2,g
3036,Sill inlagd m. senapssås,Arakidonsyra C20:4,Fisk o skaldjursprodukter o rätter,0.0,g
3036,Sill inlagd m. senapssås,Arakidinsyra C20:0,Fisk o skaldjursprodukter o rätter,0.1,g
3036,Sill inlagd m. senapssås,Linolensyra C18:3,Fisk o skaldjursprodukter o rätter,1.4,g
3036,Sill inlagd m. senapssås,Linolsyra C18:2,Fisk o skaldjursprodukter o rätter,2.6,g
3036,Sill inlagd m. senapssås,Oljesyra C18:1,Fisk o skaldjursprodukter o rätter,7.9,g
3036,Sill inlagd m. senapssås,Stearinsyra C18:0,Fisk o skaldjursprodukter o rätter,0.3,g
3036,Sill inlagd m. senapssås,Palmitoljesyra C16:1,Fisk o skaldjursprodukter o rätter,0.2,g
3036,Sill inlagd m. senapssås,Palmitinsyra C16:0,Fisk o skaldjursprodukter o rätter,1.0,g
3036,Sill inlagd m. senapssås,Myristinsyra C14:0,Fisk o skaldjursprodukter o rätter,0.2,g
3036,Sill inlagd m. senapssås,Laurinsyra C12:0,Fisk o skaldjursprodukter o rätter,0.0,g
3036,Sill inlagd m. senapssås,Betakaroten/β-Karoten,Fisk o skaldjursprodukter o rätter,65.0,µg
3036,Sill inlagd m. senapssås,Avfall (skal etc.),Fisk o skaldjursprodukter o rätter,0.0,%
3036,Sill inlagd m. senapssås,Aska,Fisk o skaldjursprodukter o rätter,2.6,g
3036,Sill inlagd m. senapssås,Alkohol,Fisk o skaldjursprodukter o rätter,0.0,g
3051,Hummus kikärtsröra,"Zink, Zn",Grönsaks- rotfrukts- baljväxträtter o produkter,1.1,mg
3051,Hummus kikärtsröra,Vitamin E,Grönsaks- rotfrukts- baljväxträtter o produkter,4.6,mg
3051,Hummus kikärtsröra,Vitamin D inkl 25-OH-D3,Grönsaks- rotfrukts- baljväxträtter o produkter,0.0,µg
3051,Hummus kikärtsröra,Vitamin D,Grönsaks- rotfrukts- baljväxträtter o produkter,0.0,µg
3051,Hummus kikärtsröra,Vitamin C,Grönsaks- rotfrukts- baljväxträtter o produkter,7.3,mg
3051,Hummus kikärtsröra,Vitamin B6,Grönsaks- rotfrukts- baljväxträtter o produkter,0.12,mg
3051,Hummus kikärtsröra,Vitamin B12,Grönsaks- rotfrukts- baljväxträtter o produkter,0.0,µg
3051,Hummus kikärtsröra,Vitamin A,Grönsaks- rotfrukts- baljväxträtter o produkter,0.7,RE/µg
3051,Hummus kikärtsröra,Vatten,Grönsaks- rotfrukts- baljväxträtter o produkter,49.8,g
3051,Hummus kikärtsröra,Tiamin,Grönsaks- rotfrukts- baljväxträtter o produkter,0.11,mg
3051,Hummus kikärtsröra,Tillsatt socker,Grönsaks- rotfrukts- baljväxträtter o produkter,0.0,g
3051,Hummus kikärtsröra,Fritt socker,Grönsaks- rotfrukts- baljväxträtter o produkter,0.0,g
3051,Hummus kikärtsröra,"Selen, Se",Grönsaks- rotfrukts- baljväxträtter o produkter,6.5,µg
3051,Hummus kikärtsröra,Sackaros,Grönsaks- rotfrukts- baljväxträtter o produkter,0.4,g
3051,Hummus kikärtsröra,Riboflavin,Grönsaks- rotfrukts- baljväxträtter o produkter,0.03,mg
3051,Hummus kikärtsröra,Retinol,Grönsaks- rotfrukts- baljväxträtter o produkter,0.0,µg
3051,Hummus kikärtsröra,Protein,Grönsaks- rotfrukts- baljväxträtter o produkter,5.8,g
3051,Hummus kikärtsröra,Summa fleromättade fettsyror,Grönsaks- rotfrukts- baljväxträtter o produkter,4.0,g
3051,Hummus kikärtsröra,"Fosfor, P",Grönsaks- rotfrukts- baljväxträtter o produkter,109.0,mg
3051,Hummus kikärtsröra,Niacinekvivalenter,Grönsaks- rotfrukts- baljväxträtter o produkter,1.43,NE/mg
3051,Hummus kikärtsröra,Niacin,Grönsaks- rotfrukts- baljväxträtter o produkter,0.45,mg
3051,Hummus kikärtsröra,"Salt, NaCl",Grönsaks- rotfrukts- baljväxträtter o produkter,1.6,g
3051,Hummus kikärtsröra,"Natrium, Na",Grönsaks- rotfrukts- baljväxträtter o produkter,627.0,mg
3051,Hummus kikärtsröra,Monosackarider,Grönsaks- rotfrukts- baljväxträtter o produkter,0.2,g
3051,Hummus kikärtsröra,"Sockerarter, totalt",Grönsaks- rotfrukts- baljväxträtter o produkter,0.7,g
3051,Hummus kikärtsröra,Summa enkelomättade fettsyror,Grönsaks- rotfrukts- baljväxträtter o produkter,17.4,g
3051,Hummus kikärtsröra,"Magnesium, Mg",Grönsaks- rotfrukts- baljväxträtter o produkter,43.0,mg
3051,Hummus kikärtsröra,Summa mättade fettsyror,Grönsaks- rotfrukts- baljväxträtter o produkter,3.7,g
3051,Hummus kikärtsröra,"Kolhydrater, tillgängliga",Grönsaks- rotfrukts- baljväxträtter o produkter,8.3,g
3051,Hummus kikärtsröra,Kolesterol,Grönsaks- rotfrukts- baljväxträtter o produkter,0.0,mg
3051,Hummus kikärtsröra,"Kalium, K",Grönsaks- rotfrukts- baljväxträtter o produkter,133.0,mg
3051,Hummus kikärtsröra,"Jod, I",Grönsaks- rotfrukts- baljväxträtter o produkter,77.7,µg
3051,Hummus kikärtsröra,Fullkorn totalt,Grönsaks- rotfrukts- baljväxträtter o produkter,0.0,g
3051,Hummus kikärtsröra,"Folat, totalt",Grönsaks- rotfrukts- baljväxträtter o produkter,63.6,µg
3051,Hummus kikärtsröra,Fibrer,Grönsaks- rotfrukts- baljväxträtter o produkter,7.4,g
3051,Hummus kikärtsröra,"Fett, totalt",Grönsaks- rotfrukts- baljväxträtter o produkter,26.5,g
3051,Hummus kikärtsröra,"Järn, Fe",Grönsaks- rotfrukts- baljväxträtter o produkter,1.5,mg
3051,Hummus kikärtsröra,Energi (kJ),Grönsaks- rotfrukts- baljväxträtter o produkter,1280.0,kJ
3051,Hummus kikärtsröra,Energi (kcal),Grönsaks- rotfrukts- baljväxträtter o produkter,306.0,kcal
3051,Hummus kikärtsröra,Disackarider,Grönsaks- rotfrukts- baljväxträtter o produkter,0.5,g
3051,Hummus kikärtsröra,"Kalcium, Ca",Grönsaks- rotfrukts- baljväxträtter o produkter,59.0,mg
3051,Hummus kikärtsröra,Fettsyra 4:0-10:0,Grönsaks- rotfrukts- baljväxträtter o produkter,0.0,g
3051,Hummus kikärtsröra,DHA (C22:6),Grönsaks- rotfrukts- baljväxträtter o produkter,0.0,g
3051,Hummus kikärtsröra,DPA (C22:5),Grönsaks- rotfrukts- baljväxträtter o produkter,0.0,g
3051,Hummus kikärtsröra,EPA (C20:5),Grönsaks- rotfrukts- baljväxträtter o produkter,0.0,g
3051,Hummus kikärtsröra,Arakidonsyra C20:4,Grönsaks- rotfrukts- baljväxträtter o produkter,0.0,g
3051,Hummus kikärtsröra,Arakidinsyra C20:0,Grönsaks- rotfrukts- baljväxträtter o produkter,0.1,g
3051,Hummus kikärtsröra,Linolensyra C18:3,Grönsaks- rotfrukts- baljväxträtter o produkter,0.2,g
3051,Hummus kikärtsröra,Linolsyra C18:2,Grönsaks- rotfrukts- baljväxträtter o produkter,3.8,g
3051,Hummus kikärtsröra,Oljesyra C18:1,Grönsaks- rotfrukts- baljväxträtter o produkter,17.0,g
3051,Hummus kikärtsröra,Stearinsyra C18:0,Grönsaks- rotfrukts- baljväxträtter o produkter,0.8,g
3051,Hummus kikärtsröra,Palmitoljesyra C16:1,Grönsaks- rotfrukts- baljväxträtter o produkter,0.3,g
3051,Hummus kikärtsröra,Palmitinsyra C16:0,Grönsaks- rotfrukts- baljväxträtter o produkter,2.8,g
3051,Hummus kikärtsröra,Myristinsyra C14:0,Grönsaks- rotfrukts- baljväxträtter o produkter,0.0,g
3051,Hummus kikärtsröra,Laurinsyra C12:0,Grönsaks- rotfrukts- baljväxträtter o produkter,0.0,g
3051,Hummus kikärtsröra,Betakaroten/β-Karoten,Grönsaks- rotfrukts- baljväxträtter o produkter,7.0,µg
3051,Hummus kikärtsröra,Avfall (skal etc.),Grönsaks- rotfrukts- baljväxträtter o produkter,0.0,%
3051,Hummus kikärtsröra,Aska,Grönsaks- rotfrukts- baljväxträtter o produkter,2.2,g
3051,Hummus kikärtsröra,Alkohol,Grönsaks- rotfrukts- baljväxträtter o produkter,0.0,g
3055,Muffins hembakad,"Zink, Zn",Bullar kakor tårtor mm,0.3,mg
3055,Muffins hembakad,Vitamin E,Bullar kakor tårtor mm,2.6,mg
3055,Muffins hembakad,Vitamin D,Bullar kakor tårtor mm,1.36,µg
3055,Muffins hembakad,Vitamin C,Bullar kakor tårtor mm,0.6,mg
3055,Muffins hembakad,Vitamin B6,Bullar kakor tårtor mm,0.03,mg
3055,Muffins hembakad,Vitamin B12,Bullar kakor tårtor mm,0.2,µg
3055,Muffins hembakad,Vitamin A,Bullar kakor tårtor mm,173.8,RE/µg
3055,Muffins hembakad,Vatten,Bullar kakor tårtor mm,33.2,g
3055,Muffins hembakad,Tiamin,Bullar kakor tårtor mm,0.04,mg
3055,Muffins hembakad,Tillsatt socker,Bullar kakor tårtor mm,25.0,g
3055,Muffins hembakad,Fritt socker,Bullar kakor tårtor mm,25.0,g
3055,Muffins hembakad,"Selen, Se",Bullar kakor tårtor mm,5.7,µg
3055,Muffins hembakad,Sackaros,Bullar kakor tårtor mm,25.4,g
3055,Muffins hembakad,Riboflavin,Bullar kakor tårtor mm,0.06,mg
3055,Muffins hembakad,Retinol,Bullar kakor tårtor mm,166.5,µg
3055,Muffins hembakad,Protein,Bullar kakor tårtor mm,3.9,g
3055,Muffins hembakad,Summa fleromättade fettsyror,Bullar kakor tårtor mm,2.9,g
3055,Muffins hembakad,"Fosfor, P",Bullar kakor tårtor mm,125.0,mg
3055,Muffins hembakad,Niacinekvivalenter,Bullar kakor tårtor mm,1.03,NE/mg
3055,Muffins hembakad,Niacin,Bullar kakor tårtor mm,0.22,mg
3055,Muffins hembakad,"Salt, NaCl",Bullar kakor tårtor mm,0.5,g
3055,Muffins hembakad,"Natrium, Na",Bullar kakor tårtor mm,183.0,mg
3055,Muffins hembakad,Monosackarider,Bullar kakor tårtor mm,0.1,g
3055,Muffins hembakad,"Sockerarter, totalt",Bullar kakor tårtor mm,25.9,g
3055,Muffins hembakad,Summa enkelomättade fettsyror,Bullar kakor tårtor mm,6.0,g
3055,Muffins hembakad,"Magnesium, Mg",Bullar kakor tårtor mm,7.0,mg
3055,Muffins hembakad,Summa mättade fettsyror,Bullar kakor tårtor mm,7.4,g
3055,Muffins hembakad,"Kolhydrater, tillgängliga",Bullar kakor tårtor mm,44.0,g
3055,Muffins hembakad,Kolesterol,Bullar kakor tårtor mm,58.9,mg
3055,Muffins hembakad,"Kalium, K",Bullar kakor tårtor mm,61.0,mg
3055,Muffins hembakad,"Jod, I",Bullar kakor tårtor mm,6.9,µg
3055,Muffins hembakad,Fullkorn totalt,Bullar kakor tårtor mm,0.0,g
3055,Muffins hembakad,"Folat, totalt",Bullar kakor tårtor mm,11.9,µg
3055,Muffins hembakad,Fibrer,Bullar kakor tårtor mm,0.9,g
3055,Muffins hembakad,"Fett, totalt",Bullar kakor tårtor mm,17.0,g
3055,Muffins hembakad,"Järn, Fe",Bullar kakor tårtor mm,0.4,mg
3055,Muffins hembakad,Energi (kJ),Bullar kakor tårtor mm,1450.0,kJ
3055,Muffins hembakad,Energi (kcal),Bullar kakor tårtor mm,347.0,kcal
3055,Muffins hembakad,Disackarider,Bullar kakor tårtor mm,25.8,g
3055,Muffins hembakad,"Kalcium, Ca",Bullar kakor tårtor mm,65.0,mg
3055,Muffins hembakad,Fettsyra 4:0-10:0,Bullar kakor tårtor mm,0.4,g
3055,Muffins hembakad,DHA (C22:6),Bullar kakor tårtor mm,0.0,g
3055,Muffins hembakad,DPA (C22:5),Bullar kakor tårtor mm,0.0,g
3055,Muffins hembakad,EPA (C20:5),Bullar kakor tårtor mm,0.0,g
3055,Muffins hembakad,Arakidonsyra C20:4,Bullar kakor tårtor mm,0.0,g
3055,Muffins hembakad,Arakidinsyra C20:0,Bullar kakor tårtor mm,0.0,g
3055,Muffins hembakad,Linolensyra C18:3,Bullar kakor tårtor mm,0.6,g
3055,Muffins hembakad,Linolsyra C18:2,Bullar kakor tårtor mm,1.9,g
3055,Muffins hembakad,Oljesyra C18:1,Bullar kakor tårtor mm,6.2,g
3055,Muffins hembakad,Stearinsyra C18:0,Bullar kakor tårtor mm,0.9,g
3055,Muffins hembakad,Palmitoljesyra C16:1,Bullar kakor tårtor mm,0.1,g
3055,Muffins hembakad,Palmitinsyra C16:0,Bullar kakor tårtor mm,4.7,g
3055,Muffins hembakad,Myristinsyra C14:0,Bullar kakor tårtor mm,0.6,g
3055,Muffins hembakad,Laurinsyra C12:0,Bullar kakor tårtor mm,0.4,g
3055,Muffins hembakad,Betakaroten/β-Karoten,Bullar kakor tårtor mm,87.0,µg
3055,Muffins hembakad,Avfall (skal etc.),Bullar kakor tårtor mm,2.0,%
3055,Muffins hembakad,Aska,Bullar kakor tårtor mm,0.8,g
3055,Muffins hembakad,Alkohol,Bullar kakor tårtor mm,0.0,g
3056,Chokladmuffins hembakad,"Zink, Zn",Bullar kakor tårtor mm,0.6,mg
3056,Chokladmuffins hembakad,Vitamin E,Bullar kakor tårtor mm,2.6,mg
3056,Chokladmuffins hembakad,Vitamin D,Bullar kakor tårtor mm,1.33,µg
3056,Chokladmuffins hembakad,Vitamin C,Bullar kakor tårtor mm,0.5,mg
3056,Chokladmuffins hembakad,Vitamin B6,Bullar kakor tårtor mm,0.03,mg
3056,Chokladmuffins hembakad,Vitamin B12,Bullar kakor tårtor mm,0.2,µg
3056,Chokladmuffins hembakad,Vitamin A,Bullar kakor tårtor mm,171.6,RE/µg
3056,Chokladmuffins hembakad,Vatten,Bullar kakor tårtor mm,15.6,g
3056,Chokladmuffins hembakad,Tiamin,Bullar kakor tårtor mm,0.04,mg
3056,Chokladmuffins hembakad,Tillsatt socker,Bullar kakor tårtor mm,42.0,g
3056,Chokladmuffins hembakad,Fritt socker,Bullar kakor tårtor mm,42.0,g
3056,Chokladmuffins hembakad,"Selen, Se",Bullar kakor tårtor mm,5.6,µg
3056,Chokladmuffins hembakad,Sackaros,Bullar kakor tårtor mm,42.0,g
3056,Chokladmuffins hembakad,Riboflavin,Bullar kakor tårtor mm,0.07,mg
3056,Chokladmuffins hembakad,Retinol,Bullar kakor tårtor mm,164.4,µg
3056,Chokladmuffins hembakad,Protein,Bullar kakor tårtor mm,4.8,g
3056,Chokladmuffins hembakad,Summa fleromättade fettsyror,Bullar kakor tårtor mm,2.8,g
3056,Chokladmuffins hembakad,"Fosfor, P",Bullar kakor tårtor mm,127.0,mg
3056,Chokladmuffins hembakad,Niacinekvivalenter,Bullar kakor tårtor mm,1.24,NE/mg
3056,Chokladmuffins hembakad,Niacin,Bullar kakor tårtor mm,0.28,mg
3056,Chokladmuffins hembakad,"Salt, NaCl",Bullar kakor tårtor mm,0.7,g
3056,Chokladmuffins hembakad,"Natrium, Na",Bullar kakor tårtor mm,264.0,mg
3056,Chokladmuffins hembakad,Monosackarider,Bullar kakor tårtor mm,0.1,g
3056,Chokladmuffins hembakad,"Sockerarter, totalt",Bullar kakor tårtor mm,42.4,g
3056,Chokladmuffins hembakad,Summa enkelomättade fettsyror,Bullar kakor tårtor mm,6.2,g
3056,Chokladmuffins hembakad,"Magnesium, Mg",Bullar kakor tårtor mm,29.0,mg
3056,Chokladmuffins hembakad,Summa mättade fettsyror,Bullar kakor tårtor mm,7.7,g
3056,Chokladmuffins hembakad,"Kolhydrater, tillgängliga",Bullar kakor tårtor mm,58.5,g
3056,Chokladmuffins hembakad,Kolesterol,Bullar kakor tårtor mm,60.5,mg
3056,Chokladmuffins hembakad,"Kalium, K",Bullar kakor tårtor mm,210.0,mg
3056,Chokladmuffins hembakad,"Jod, I",Bullar kakor tårtor mm,19.6,µg
3056,Chokladmuffins hembakad,Fullkorn totalt,Bullar kakor tårtor mm,0.0,g
3056,Chokladmuffins hembakad,"Folat, totalt",Bullar kakor tårtor mm,12.8,µg
3056,Chokladmuffins hembakad,Fibrer,Bullar kakor tårtor mm,2.3,g
3056,Chokladmuffins hembakad,"Fett, totalt",Bullar kakor tårtor mm,17.5,g
3056,Chokladmuffins hembakad,"Järn, Fe",Bullar kakor tårtor mm,0.9,mg
3056,Chokladmuffins hembakad,Energi (kJ),Bullar kakor tårtor mm,1741.0,kJ
3056,Chokladmuffins hembakad,Energi (kcal),Bullar kakor tårtor mm,416.0,kcal
3056,Chokladmuffins hembakad,Disackarider,Bullar kakor tårtor mm,42.3,g
3056,Chokladmuffins hembakad,"Kalcium, Ca",Bullar kakor tårtor mm,51.0,mg
3056,Chokladmuffins hembakad,Fettsyra 4:0-10:0,Bullar kakor tårtor mm,0.4,g
3056,Chokladmuffins hembakad,DHA (C22:6),Bullar kakor tårtor mm,0.0,g
3056,Chokladmuffins hembakad,DPA (C22:5),Bullar kakor tårtor mm,0.0,g
3056,Chokladmuffins hembakad,EPA (C20:5),Bullar kakor tårtor mm,0.0,g
3056,Chokladmuffins hembakad,Arakidonsyra C20:4,Bullar kakor tårtor mm,0.0,g
3056,Chokladmuffins hembakad,Arakidinsyra C20:0,Bullar kakor tårtor mm,0.0,g
3056,Chokladmuffins hembakad,Linolensyra C18:3,Bullar kakor tårtor mm,0.6,g
3056,Chokladmuffins hembakad,Linolsyra C18:2,Bullar kakor tårtor mm,1.9,g
3056,Chokladmuffins hembakad,Oljesyra C18:1,Bullar kakor tårtor mm,6.4,g
3056,Chokladmuffins hembakad,Stearinsyra C18:0,Bullar kakor tårtor mm,1.2,g
3056,Chokladmuffins hembakad,Palmitoljesyra C16:1,Bullar kakor tårtor mm,0.1,g
3056,Chokladmuffins hembakad,Palmitinsyra C16:0,Bullar kakor tårtor mm,4.8,g
3056,Chokladmuffins hembakad,Myristinsyra C14:0,Bullar kakor tårtor mm,0.5,g
3056,Chokladmuffins hembakad,Laurinsyra C12:0,Bullar kakor tårtor mm,0.4,g
3056,Chokladmuffins hembakad,Betakaroten/β-Karoten,Bullar kakor tårtor mm,86.0,µg
3056,Chokladmuffins hembakad,Avfall (skal etc.),Bullar kakor tårtor mm,2.0,%
3056,Chokladmuffins hembakad,Aska,Bullar kakor tårtor mm,1.3,g
3056,Chokladmuffins hembakad,Alkohol,Bullar kakor tårtor mm,0.0,g
3059,Sesamkakor sesamkex,"Zink, Zn",Frukt o nötblandningar bars,4.5,mg
3059,Sesamkakor sesamkex,Vitamin E,Frukt o nötblandningar bars,0.0,mg
3059,Sesamkakor sesamkex,Vitamin D inkl 25-OH-D3,Frukt o nötblandningar bars,0.0,µg
3059,Sesamkakor sesamkex,Vitamin D,Frukt o nötblandningar bars,0.0,µg
3059,Sesamkakor sesamkex,Vitamin C,Frukt o nötblandningar bars,0.0,mg
3059,Sesamkakor sesamkex,Vitamin B6,Frukt o nötblandningar bars,0.13,mg
3059,Sesamkakor sesamkex,Vitamin B12,Frukt o nötblandningar bars,0.0,µg
3059,Sesamkakor sesamkex,Vitamin A,Frukt o nötblandningar bars,0.3,RE/µg
3059,Sesamkakor sesamkex,Vatten,Frukt o nötblandningar bars,5.9,g
3059,Sesamkakor sesamkex,Tiamin,Frukt o nötblandningar bars,0.32,mg
3059,Sesamkakor sesamkex,Tillsatt socker,Frukt o nötblandningar bars,28.0,g
3059,Sesamkakor sesamkex,Fritt socker,Frukt o nötblandningar bars,29.0,g
3059,Sesamkakor sesamkex,"Selen, Se",Frukt o nötblandningar bars,50.4,µg
3059,Sesamkakor sesamkex,Sackaros,Frukt o nötblandningar bars,21.8,g
3059,Sesamkakor sesamkex,Riboflavin,Frukt o nötblandningar bars,0.05,mg
3059,Sesamkakor sesamkex,Retinol,Frukt o nötblandningar bars,0.0,µg
3059,Sesamkakor sesamkex,Protein,Frukt o nötblandningar bars,12.5,g
3059,Sesamkakor sesamkex,Summa fleromättade fettsyror,Frukt o nötblandningar bars,15.0,g
3059,Sesamkakor sesamkex,"Fosfor, P",Frukt o nötblandningar bars,384.0,mg
3059,Sesamkakor sesamkex,Niacinekvivalenter,Frukt o nötblandningar bars,5.37,NE/mg
3059,Sesamkakor sesamkex,Niacin,Frukt o nötblandningar bars,3.28,mg
3059,Sesamkakor sesamkex,"Salt, NaCl",Frukt o nötblandningar bars,0.1,g
3059,Sesamkakor sesamkex,"Natrium, Na",Frukt o nötblandningar bars,16.0,mg
3059,Sesamkakor sesamkex,Monosackarider,Frukt o nötblandningar bars,4.7,g
3059,Sesamkakor sesamkex,"Sockerarter, totalt",Frukt o nötblandningar bars,29.7,g
3059,Sesamkakor sesamkex,Summa enkelomättade fettsyror,Frukt o nötblandningar bars,14.0,g
3059,Sesamkakor sesamkex,"Magnesium, Mg",Frukt o nötblandningar bars,200.0,mg
3059,Sesamkakor sesamkex,Summa mättade fettsyror,Frukt o nötblandningar bars,4.5,g
3059,Sesamkakor sesamkex,"Kolhydrater, tillgängliga",Frukt o nötblandningar bars,38.1,g
3059,Sesamkakor sesamkex,Kolesterol,Frukt o nötblandningar bars,0.0,mg
3059,Sesamkakor sesamkex,"Kalium, K",Frukt o nötblandningar bars,185.0,mg
3059,Sesamkakor sesamkex,"Jod, I",Frukt o nötblandningar bars,0.0,µg
3059,Sesamkakor sesamkex,Fullkorn totalt,Frukt o nötblandningar bars,0.0,g
3059,Sesamkakor sesamkex,"Folat, totalt",Frukt o nötblandningar bars,41.1,µg
3059,Sesamkakor sesamkex,Fibrer,Frukt o nötblandningar bars,6.2,g
3059,Sesamkakor sesamkex,"Fett, totalt",Frukt o nötblandningar bars,35.6,g
3059,Sesamkakor sesamkex,"Järn, Fe",Frukt o nötblandningar bars,4.4,mg
3059,Sesamkakor sesamkex,Energi (kJ),Frukt o nötblandningar bars,2226.0,kJ
3059,Sesamkakor sesamkex,Energi (kcal),Frukt o nötblandningar bars,532.0,kcal
3059,Sesamkakor sesamkex,Disackarider,Frukt o nötblandningar bars,25.0,g
3059,Sesamkakor sesamkex,"Kalcium, Ca",Frukt o nötblandningar bars,35.0,mg
3059,Sesamkakor sesamkex,Fettsyra 4:0-10:0,Frukt o nötblandningar bars,0.0,g
3059,Sesamkakor sesamkex,DHA (C22:6),Frukt o nötblandningar bars,0.0,g
3059,Sesamkakor sesamkex,DPA (C22:5),Frukt o nötblandningar bars,0.0,g
3059,Sesamkakor sesamkex,EPA (C20:5),Frukt o nötblandningar bars,0.0,g
3059,Sesamkakor sesamkex,Arakidonsyra C20:4,Frukt o nötblandningar bars,0.0,g
3059,Sesamkakor sesamkex,Arakidinsyra C20:0,Frukt o nötblandningar bars,0.1,g
3059,Sesamkakor sesamkex,Linolensyra C18:3,Frukt o nötblandningar bars,0.0,g
3059,Sesamkakor sesamkex,Linolsyra C18:2,Frukt o nötblandningar bars,15.0,g
3059,Sesamkakor sesamkex,Oljesyra C18:1,Frukt o nötblandningar bars,14.0,g
3059,Sesamkakor sesamkex,Stearinsyra C18:0,Frukt o nötblandningar bars,1.5,g
3059,Sesamkakor sesamkex,Palmitoljesyra C16:1,Frukt o nötblandningar bars,0.0,g
3059,Sesamkakor sesamkex,Palmitinsyra C16:0,Frukt o nötblandningar bars,2.9,g
3059,Sesamkakor sesamkex,Myristinsyra C14:0,Frukt o nötblandningar bars,0.0,g
3059,Sesamkakor sesamkex,Laurinsyra C12:0,Frukt o nötblandningar bars,0.0,g
3059,Sesamkakor sesamkex,Betakaroten/β-Karoten,Frukt o nötblandningar bars,4.0,µg
3059,Sesamkakor sesamkex,Avfall (skal etc.),Frukt o nötblandningar bars,0.0,%
3059,Sesamkakor sesamkex,Aska,Frukt o nötblandningar bars,1.7,g
3059,Sesamkakor sesamkex,Alkohol,Frukt o nötblandningar bars,0.0,g
3064,Brända mandlar,"Zink, Zn",Nötter frön,1.8,mg
3064,Brända mandlar,Vitamin E,Nötter frön,13.8,mg
3064,Brända mandlar,Vitamin D inkl 25-OH-D3,Nötter frön,0.0,µg
3064,Brända mandlar,Vitamin D,Nötter frön,0.0,µg
3064,Brända mandlar,Vitamin C,Nötter frön,0.0,mg
3064,Brända mandlar,Vitamin B6,Nötter frön,0.05,mg
3064,Brända mandlar,Vitamin B12,Nötter frön,0.0,µg
3064,Brända mandlar,Vitamin A,Nötter frön,0.3,RE/µg
3064,Brända mandlar,Vatten,Nötter frön,2.2,g
3064,Brända mandlar,Tiamin,Nötter frön,0.07,mg
3064,Brända mandlar,Tillsatt socker,Nötter frön,45.0,g
3064,Brända mandlar,Fritt socker,Nötter frön,45.0,g
3064,Brända mandlar,"Selen, Se",Nötter frön,0.0,µg
3064,Brända mandlar,Sackaros,Nötter frön,46.7,g
3064,Brända mandlar,Riboflavin,Nötter frön,0.33,mg
3064,Brända mandlar,Retinol,Nötter frön,0.0,µg
3064,Brända mandlar,Protein,Nötter frön,11.3,g
3064,Brända mandlar,Summa fleromättade fettsyror,Nötter frön,6.3,g
3064,Brända mandlar,"Fosfor, P",Nötter frön,321.0,mg
3064,Brända mandlar,Niacinekvivalenter,Nötter frön,4.16,NE/mg
3064,Brända mandlar,Niacin,Nötter frön,2.28,mg
3064,Brända mandlar,"Salt, NaCl",Nötter frön,0.0,g
3064,Brända mandlar,"Natrium, Na",Nötter frön,0.0,mg
3064,Brända mandlar,Monosackarider,Nötter frön,0.6,g
3064,Brända mandlar,"Sockerarter, totalt",Nötter frön,47.3,g
3064,Brända mandlar,Summa enkelomättade fettsyror,Nötter frön,19.0,g
3064,Brända mandlar,"Magnesium, Mg",Nötter frön,149.0,mg
3064,Brända mandlar,Summa mättade fettsyror,Nötter frön,2.4,g
3064,Brända mandlar,"Kolhydrater, tillgängliga",Nötter frön,45.4,g
3064,Brända mandlar,Kolesterol,Nötter frön,0.0,mg
3064,Brända mandlar,"Kalium, K",Nötter frön,553.0,mg
3064,Brända mandlar,"Jod, I",Nötter frön,0.0,µg
3064,Brända mandlar,Fullkorn totalt,Nötter frön,0.0,g
3064,Brända mandlar,"Folat, totalt",Nötter frön,25.8,µg
3064,Brända mandlar,Fibrer,Nötter frön,10.2,g
3064,Brända mandlar,"Fett, totalt",Nötter frön,29.1,g
3064,Brända mandlar,"Järn, Fe",Nötter frön,1.7,mg
3064,Brända mandlar,Energi (kJ),Nötter frön,2122.0,kJ
3064,Brända mandlar,Energi (kcal),Nötter frön,507.0,kcal
3064,Brända mandlar,Disackarider,Nötter frön,46.7,g
3064,Brända mandlar,"Kalcium, Ca",Nötter frön,162.0,mg
3064,Brända mandlar,Fettsyra 4:0-10:0,Nötter frön,0.0,g
3064,Brända mandlar,DHA (C22:6),Nötter frön,0.0,g
3064,Brända mandlar,DPA (C22:5),Nötter frön,0.0,g
3064,Brända mandlar,EPA (C20:5),Nötter frön,0.0,g
3064,Brända mandlar,Arakidonsyra C20:4,Nötter frön,0.0,g
3064,Brända mandlar,Arakidinsyra C20:0,Nötter frön,0.0,g
3064,Brända mandlar,Linolensyra C18:3,Nötter frön,0.0,g
3064,Brända mandlar,Linolsyra C18:2,Nötter frön,6.4,g
3064,Brända mandlar,Oljesyra C18:1,Nötter frön,18.9,g
3064,Brända mandlar,Stearinsyra C18:0,Nötter frön,0.5,g
3064,Brända mandlar,Palmitoljesyra C16:1,Nötter frön,0.1,g
3064,Brända mandlar,Palmitinsyra C16:0,Nötter frön,1.9,g
3064,Brända mandlar,Myristinsyra C14:0,Nötter frön,0.0,g
3064,Brända mandlar,Laurinsyra C12:0,Nötter frön,0.0,g
3064,Brända mandlar,Betakaroten/β-Karoten,Nötter frön,3.0,µg
3064,Brända mandlar,Avfall (skal etc.),Nötter frön,33.0,%
3064,Brända mandlar,Aska,Nötter frön,1.8,g
3064,Brända mandlar,Alkohol,Nötter frön,0.0,g
3069,Chilinötter,"Zink, Zn",Chips popcorn o dyl,1.6,mg
3069,Chilinötter,Vitamin E,Chips popcorn o dyl,3.4,mg
3069,Chilinötter,Vitamin D inkl 25-OH-D3,Chips popcorn o dyl,0.0,µg
3069,Chilinötter,Vitamin D,Chips popcorn o dyl,0.0,µg
3069,Chilinötter,Vitamin C,Chips popcorn o dyl,1.3,mg
3069,Chilinötter,Vitamin B6,Chips popcorn o dyl,0.79,mg
3069,Chilinötter,Vitamin B12,Chips popcorn o dyl,0.0,µg
3069,Chilinötter,Vitamin A,Chips popcorn o dyl,12.3,RE/µg
3069,Chilinötter,Vatten,Chips popcorn o dyl,3.0,g
3069,Chilinötter,Tiamin,Chips popcorn o dyl,0.5,mg
3069,Chilinötter,Tillsatt socker,Chips popcorn o dyl,3.0,g
3069,Chilinötter,Fritt socker,Chips popcorn o dyl,3.0,g
3069,Chilinötter,"Selen, Se",Chips popcorn o dyl,19.0,µg
3069,Chilinötter,Sackaros,Chips popcorn o dyl,6.1,g
3069,Chilinötter,Riboflavin,Chips popcorn o dyl,0.09,mg
3069,Chilinötter,Retinol,Chips popcorn o dyl,0.0,µg
3069,Chilinötter,Protein,Chips popcorn o dyl,16.6,g
3069,Chilinötter,Summa fleromättade fettsyror,Chips popcorn o dyl,5.2,g
3069,Chilinötter,"Fosfor, P",Chips popcorn o dyl,243.0,mg
3069,Chilinötter,Niacinekvivalenter,Chips popcorn o dyl,11.3,NE/mg
3069,Chilinötter,Niacin,Chips popcorn o dyl,8.57,mg
3069,Chilinötter,"Salt, NaCl",Chips popcorn o dyl,2.7,g
3069,Chilinötter,"Natrium, Na",Chips popcorn o dyl,1063.0,mg
3069,Chilinötter,Monosackarider,Chips popcorn o dyl,0.3,g
3069,Chilinötter,"Sockerarter, totalt",Chips popcorn o dyl,6.4,g
3069,Chilinötter,Summa enkelomättade fettsyror,Chips popcorn o dyl,21.0,g
3069,Chilinötter,"Magnesium, Mg",Chips popcorn o dyl,112.0,mg
3069,Chilinötter,Summa mättade fettsyror,Chips popcorn o dyl,5.1,g
3069,Chilinötter,"Kolhydrater, tillgängliga",Chips popcorn o dyl,36.5,g
3069,Chilinötter,Kolesterol,Chips popcorn o dyl,1.1,mg
3069,Chilinötter,"Kalium, K",Chips popcorn o dyl,397.0,mg
3069,Chilinötter,"Jod, I",Chips popcorn o dyl,0.0,µg
3069,Chilinötter,Fullkorn totalt,Chips popcorn o dyl,0.0,g
3069,Chilinötter,"Folat, totalt",Chips popcorn o dyl,58.7,µg
3069,Chilinötter,Fibrer,Chips popcorn o dyl,7.4,g
3069,Chilinötter,"Fett, totalt",Chips popcorn o dyl,32.3,g
3069,Chilinötter,"Järn, Fe",Chips popcorn o dyl,1.7,mg
3069,Chilinötter,Energi (kJ),Chips popcorn o dyl,2159.0,kJ
3069,Chilinötter,Energi (kcal),Chips popcorn o dyl,516.0,kcal
3069,Chilinötter,Disackarider,Chips popcorn o dyl,6.1,g
3069,Chilinötter,"Kalcium, Ca",Chips popcorn o dyl,56.0,mg
3069,Chilinötter,Fettsyra 4:0-10:0,Chips popcorn o dyl,0.0,g
3069,Chilinötter,DHA (C22:6),Chips popcorn o dyl,0.0,g
3069,Chilinötter,DPA (C22:5),Chips popcorn o dyl,0.0,g
3069,Chilinötter,EPA (C20:5),Chips popcorn o dyl,0.0,g
3069,Chilinötter,Arakidonsyra C20:4,Chips popcorn o dyl,0.0,g
3069,Chilinötter,Arakidinsyra C20:0,Chips popcorn o dyl,0.3,g
3069,Chilinötter,Linolensyra C18:3,Chips popcorn o dyl,0.3,g
3069,Chilinötter,Linolsyra C18:2,Chips popcorn o dyl,4.8,g
3069,Chilinötter,Oljesyra C18:1,Chips popcorn o dyl,20.2,g
3069,Chilinötter,Stearinsyra C18:0,Chips popcorn o dyl,0.7,g
3069,Chilinötter,Palmitoljesyra C16:1,Chips popcorn o dyl,0.0,g
3069,Chilinötter,Palmitinsyra C16:0,Chips popcorn o dyl,2.9,g
3069,Chilinötter,Myristinsyra C14:0,Chips popcorn o dyl,0.0,g
3069,Chilinötter,Laurinsyra C12:0,Chips popcorn o dyl,0.0,g
3069,Chilinötter,Betakaroten/β-Karoten,Chips popcorn o dyl,147.0,µg
3069,Chilinötter,Avfall (skal etc.),Chips popcorn o dyl,0.0,%
3069,Chilinötter,Aska,Chips popcorn o dyl,4.1,g
3069,Chilinötter,Alkohol,Chips popcorn o dyl,0.0,g
3071,Pinjefrö,"Zink, Zn",Nötter frön,8.5,mg
3071,Pinjefrö,Vitamin E,Nötter frön,13.0,mg
3071,Pinjefrö,Vitamin D inkl 25-OH-D3,Nötter frön,0.0,µg
3071,Pinjefrö,Vitamin D,Nötter frön,0.0,µg
3071,Pinjefrö,Vitamin C,Nötter frön,0.0,mg
3071,Pinjefrö,Vitamin B6,Nötter frön,0.22,mg
3071,Pinjefrö,Vitamin B12,Nötter frön,0.0,µg
3071,Pinjefrö,Vitamin A,Nötter frön,0.8,RE/µg
3071,Pinjefrö,Vatten,Nötter frön,1.4,g
3071,Pinjefrö,Tiamin,Nötter frön,0.49,mg
3071,Pinjefrö,Tillsatt socker,Nötter frön,0.0,g
3071,Pinjefrö,Fritt socker,Nötter frön,0.0,g
3071,Pinjefrö,"Selen, Se",Nötter frön,0.0,µg
3071,Pinjefrö,Sackaros,Nötter frön,4.4,g
3071,Pinjefrö,Riboflavin,Nötter frön,0.26,mg
3071,Pinjefrö,Retinol,Nötter frön,0.0,µg
3071,Pinjefrö,Protein,Nötter frön,14.8,g
3071,Pinjefrö,Summa fleromättade fettsyror,Nötter frön,31.4,g
3071,Pinjefrö,"Fosfor, P",Nötter frön,490.0,mg
3071,Pinjefrö,Niacinekvivalenter,Nötter frön,5.8,NE/mg
3071,Pinjefrö,Niacin,Nötter frön,3.33,mg
3071,Pinjefrö,"Salt, NaCl",Nötter frön,0.0,g
3071,Pinjefrö,"Natrium, Na",Nötter frön,1.0,mg
3071,Pinjefrö,Monosackarider,Nötter frön,0.5,g
3071,Pinjefrö,"Sockerarter, totalt",Nötter frön,4.9,g
3071,Pinjefrö,Summa enkelomättade fettsyror,Nötter frön,19.5,g
3071,Pinjefrö,"Magnesium, Mg",Nötter frön,205.0,mg
3071,Pinjefrö,Summa mättade fettsyror,Nötter frön,3.9,g
3071,Pinjefrö,"Kolhydrater, tillgängliga",Nötter frön,8.9,g
3071,Pinjefrö,Kolesterol,Nötter frön,0.0,mg
3071,Pinjefrö,"Kalium, K",Nötter frön,650.0,mg
3071,Pinjefrö,"Jod, I",Nötter frön,0.0,µg
3071,Pinjefrö,Fullkorn totalt,Nötter frön,0.0,g
3071,Pinjefrö,"Folat, totalt",Nötter frön,63.4,µg
3071,Pinjefrö,Fibrer,Nötter frön,5.5,g
3071,Pinjefrö,"Fett, totalt",Nötter frön,66.8,g
3071,Pinjefrö,"Järn, Fe",Nötter frön,6.7,mg
3071,Pinjefrö,Energi (kJ),Nötter frön,2918.0,kJ
3071,Pinjefrö,Energi (kcal),Nötter frön,697.0,kcal
3071,Pinjefrö,Disackarider,Nötter frön,4.4,g
3071,Pinjefrö,"Kalcium, Ca",Nötter frön,19.0,mg
3071,Pinjefrö,Fettsyra 4:0-10:0,Nötter frön,0.0,g
3071,Pinjefrö,DHA (C22:6),Nötter frön,0.0,g
3071,Pinjefrö,DPA (C22:5),Nötter frön,0.0,g
3071,Pinjefrö,EPA (C20:5),Nötter frön,0.0,g
3071,Pinjefrö,Arakidonsyra C20:4,Nötter frön,0.0,g
3071,Pinjefrö,Arakidinsyra C20:0,Nötter frön,0.2,g
3071,Pinjefrö,Linolensyra C18:3,Nötter frön,0.0,g
3071,Pinjefrö,Linolsyra C18:2,Nötter frön,31.4,g
3071,Pinjefrö,Oljesyra C18:1,Nötter frön,19.0,g
3071,Pinjefrö,Stearinsyra C18:0,Nötter frön,1.2,g
3071,Pinjefrö,Palmitoljesyra C16:1,Nötter frön,0.0,g
3071,Pinjefrö,Palmitinsyra C16:0,Nötter frön,2.6,g
3071,Pinjefrö,Myristinsyra C14:0,Nötter frön,0.0,g
3071,Pinjefrö,Laurinsyra C12:0,Nötter frön,0.0,g
3071,Pinjefrö,Betakaroten/β-Karoten,Nötter frön,10.0,µg
3071,Pinjefrö,Avfall (skal etc.),Nötter frön,0.0,%
3071,Pinjefrö,Aska,Nötter frön,2.6,g
3071,Pinjefrö,Alkohol,Nötter frön,0.0,g
3136,Bulgur kokt m. salt,"Zink, Zn",Matgryn,0.7,mg
3136,Bulgur kokt m. salt,Vitamin E,Matgryn,0.0,mg
3136,Bulgur kokt m. salt,Vitamin D inkl 25-OH-D3,Matgryn,0.0,µg
3136,Bulgur kokt m. salt,Vitamin D,Matgryn,0.0,µg
3136,Bulgur kokt m. salt,Vitamin C,Matgryn,0.0,mg
3136,Bulgur kokt m. salt,Vitamin B6,Matgryn,0.07,mg
3136,Bulgur kokt m. salt,Vitamin B12,Matgryn,0.0,µg
3136,Bulgur kokt m. salt,Vitamin A,Matgryn,0.0,RE/µg
3136,Bulgur kokt m. salt,Vatten,Matgryn,66.2,g
3136,Bulgur kokt m. salt,Tiamin,Matgryn,0.05,mg
3136,Bulgur kokt m. salt,Tillsatt socker,Matgryn,0.0,g
3136,Bulgur kokt m. salt,Fritt socker,Matgryn,0.0,g
3136,Bulgur kokt m. salt,"Selen, Se",Matgryn,0.8,µg
3136,Bulgur kokt m. salt,Sackaros,Matgryn,0.1,g
3136,Bulgur kokt m. salt,Riboflavin,Matgryn,0.03,mg
3136,Bulgur kokt m. salt,Retinol,Matgryn,0.0,µg
3136,Bulgur kokt m. salt,Protein,Matgryn,4.5,g
3136,Bulgur kokt m. salt,Summa fleromättade fettsyror,Matgryn,0.2,g
3136,Bulgur kokt m. salt,"Fosfor, P",Matgryn,109.0,mg
3136,Bulgur kokt m. salt,Niacinekvivalenter,Matgryn,2.6,NE/mg
3136,Bulgur kokt m. salt,Niacin,Matgryn,1.85,mg
3136,Bulgur kokt m. salt,"Salt, NaCl",Matgryn,0.8,g
3136,Bulgur kokt m. salt,"Natrium, Na",Matgryn,320.0,mg
3136,Bulgur kokt m. salt,Monosackarider,Matgryn,0.0,g
3136,Bulgur kokt m. salt,"Sockerarter, totalt",Matgryn,0.1,g
3136,Bulgur kokt m. salt,Summa enkelomättade fettsyror,Matgryn,0.1,g
3136,Bulgur kokt m. salt,"Magnesium, Mg",Matgryn,60.0,mg
3136,Bulgur kokt m. salt,Summa mättade fettsyror,Matgryn,0.1,g
3136,Bulgur kokt m. salt,"Kolhydrater, tillgängliga",Matgryn,24.7,g
3136,Bulgur kokt m. salt,Kolesterol,Matgryn,0.0,mg
3136,Bulgur kokt m. salt,"Kalium, K",Matgryn,97.0,mg
3136,Bulgur kokt m. salt,"Jod, I",Matgryn,41.7,µg
3136,Bulgur kokt m. salt,Fullkorn totalt,Matgryn,0.0,g
3136,Bulgur kokt m. salt,"Folat, totalt",Matgryn,5.9,µg
3136,Bulgur kokt m. salt,Fibrer,Matgryn,2.8,g
3136,Bulgur kokt m. salt,"Fett, totalt",Matgryn,0.5,g
3136,Bulgur kokt m. salt,"Järn, Fe",Matgryn,0.9,mg
3136,Bulgur kokt m. salt,Energi (kJ),Matgryn,536.0,kJ
3136,Bulgur kokt m. salt,Energi (kcal),Matgryn,128.0,kcal
3136,Bulgur kokt m. salt,Disackarider,Matgryn,0.1,g
3136,Bulgur kokt m. salt,"Kalcium, Ca",Matgryn,14.0,mg
3136,Bulgur kokt m. salt,Fettsyra 4:0-10:0,Matgryn,0.0,g
3136,Bulgur kokt m. salt,DHA (C22:6),Matgryn,0.0,g
3136,Bulgur kokt m. salt,DPA (C22:5),Matgryn,0.0,g
3136,Bulgur kokt m. salt,EPA (C20:5),Matgryn,0.0,g
3136,Bulgur kokt m. salt,Arakidonsyra C20:4,Matgryn,0.0,g
3136,Bulgur kokt m. salt,Arakidinsyra C20:0,Matgryn,0.0,g
3136,Bulgur kokt m. salt,Linolensyra C18:3,Matgryn,0.0,g
3136,Bulgur kokt m. salt,Linolsyra C18:2,Matgryn,0.2,g
3136,Bulgur kokt m. salt,Oljesyra C18:1,Matgryn,0.1,g
3136,Bulgur kokt m. salt,Stearinsyra C18:0,Matgryn,0.0,g
3136,Bulgur kokt m. salt,Palmitoljesyra C16:1,Matgryn,0.0,g
3136,Bulgur kokt m. salt,Palmitinsyra C16:0,Matgryn,0.1,g
3136,Bulgur kokt m. salt,Myristinsyra C14:0,Matgryn,0.0,g
3136,Bulgur kokt m. salt,Laurinsyra C12:0,Matgryn,0.0,g
3136,Bulgur kokt m. salt,Betakaroten/β-Karoten,Matgryn,0.0,µg
3136,Bulgur kokt m. salt,Avfall (skal etc.),Matgryn,0.0,%
3136,Bulgur kokt m. salt,Aska,Matgryn,1.3,g
3136,Bulgur kokt m. salt,Alkohol,Matgryn,0.0,g
3139,Nötter blandade rostade m. salt,"Zink, Zn",Nötter frön,3.0,mg
3139,Nötter blandade rostade m. salt,Vitamin E,Nötter frön,11.4,mg
3139,Nötter blandade rostade m. salt,Vitamin D inkl 25-OH-D3,Nötter frön,0.0,µg
3139,Nötter blandade rostade m. salt,Vitamin D,Nötter frön,0.0,µg
3139,Nötter blandade rostade m. salt,Vitamin C,Nötter frön,0.0,mg
3139,Nötter blandade rostade m. salt,Vitamin B6,Nötter frön,0.42,mg
3139,Nötter blandade rostade m. salt,Vitamin B12,Nötter frön,0.0,µg
3139,Nötter blandade rostade m. salt,Vitamin A,Nötter frön,0.9,RE/µg
3139,Nötter blandade rostade m. salt,Vatten,Nötter frön,2.2,g
3139,Nötter blandade rostade m. salt,Tiamin,Nötter frön,1.14,mg
3139,Nötter blandade rostade m. salt,Tillsatt socker,Nötter frön,0.0,g
3139,Nötter blandade rostade m. salt,Fritt socker,Nötter frön,0.0,g
3139,Nötter blandade rostade m. salt,"Selen, Se",Nötter frön,12.9,µg
3139,Nötter blandade rostade m. salt,Sackaros,Nötter frön,4.3,g
3139,Nötter blandade rostade m. salt,Riboflavin,Nötter frön,0.21,mg
3139,Nötter blandade rostade m. salt,Retinol,Nötter frön,0.0,µg
3139,Nötter blandade rostade m. salt,Protein,Nötter frön,19.7,g
3139,Nötter blandade rostade m. salt,Summa fleromättade fettsyror,Nötter frön,9.8,g
3139,Nötter blandade rostade m. salt,"Fosfor, P",Nötter frön,422.0,mg
3139,Nötter blandade rostade m. salt,Niacinekvivalenter,Nötter frön,12.12,NE/mg
3139,Nötter blandade rostade m. salt,Niacin,Nötter frön,8.86,mg
3139,Nötter blandade rostade m. salt,"Salt, NaCl",Nötter frön,1.0,g
3139,Nötter blandade rostade m. salt,"Natrium, Na",Nötter frön,404.0,mg
3139,Nötter blandade rostade m. salt,Monosackarider,Nötter frön,0.2,g
3139,Nötter blandade rostade m. salt,"Sockerarter, totalt",Nötter frön,4.4,g
3139,Nötter blandade rostade m. salt,Summa enkelomättade fettsyror,Nötter frön,34.6,g
3139,Nötter blandade rostade m. salt,"Magnesium, Mg",Nötter frön,201.0,mg
3139,Nötter blandade rostade m. salt,Summa mättade fettsyror,Nötter frön,6.7,g
3139,Nötter blandade rostade m. salt,"Kolhydrater, tillgängliga",Nötter frön,9.3,g
3139,Nötter blandade rostade m. salt,Kolesterol,Nötter frön,0.1,mg
3139,Nötter blandade rostade m. salt,"Kalium, K",Nötter frön,665.0,mg
3139,Nötter blandade rostade m. salt,"Jod, I",Nötter frön,0.4,µg
3139,Nötter blandade rostade m. salt,Fullkorn totalt,Nötter frön,0.0,g
3139,Nötter blandade rostade m. salt,"Folat, totalt",Nötter frön,79.5,µg
3139,Nötter blandade rostade m. salt,Fibrer,Nötter frön,11.5,g
3139,Nötter blandade rostade m. salt,"Fett, totalt",Nötter frön,53.0,g
3139,Nötter blandade rostade m. salt,"Järn, Fe",Nötter frön,2.5,mg
3139,Nötter blandade rostade m. salt,Energi (kJ),Nötter frön,2546.0,kJ
3139,Nötter blandade rostade m. salt,Energi (kcal),Nötter frön,609.0,kcal
3139,Nötter blandade rostade m. salt,Disackarider,Nötter frön,4.2,g
3139,Nötter blandade rostade m. salt,"Kalcium, Ca",Nötter frön,98.0,mg
3139,Nötter blandade rostade m. salt,Fettsyra 4:0-10:0,Nötter frön,0.0,g
3139,Nötter blandade rostade m. salt,DHA (C22:6),Nötter frön,0.0,g
3139,Nötter blandade rostade m. salt,DPA (C22:5),Nötter frön,0.0,g
3139,Nötter blandade rostade m. salt,EPA (C20:5),Nötter frön,0.0,g
3139,Nötter blandade rostade m. salt,Arakidonsyra C20:4,Nötter frön,0.0,g
3139,Nötter blandade rostade m. salt,Arakidinsyra C20:0,Nötter frön,0.3,g
3139,Nötter blandade rostade m. salt,Linolensyra C18:3,Nötter frön,0.1,g
3139,Nötter blandade rostade m. salt,Linolsyra C18:2,Nötter frön,9.7,g
3139,Nötter blandade rostade m. salt,Oljesyra C18:1,Nötter frön,33.9,g
3139,Nötter blandade rostade m. salt,Stearinsyra C18:0,Nötter frön,1.7,g
3139,Nötter blandade rostade m. salt,Palmitoljesyra C16:1,Nötter frön,0.1,g
3139,Nötter blandade rostade m. salt,Palmitinsyra C16:0,Nötter frön,3.6,g
3139,Nötter blandade rostade m. salt,Myristinsyra C14:0,Nötter frön,0.0,g
3139,Nötter blandade rostade m. salt,Laurinsyra C12:0,Nötter frön,0.0,g
3139,Nötter blandade rostade m. salt,Betakaroten/β-Karoten,Nötter frön,8.0,µg
3139,Nötter blandade rostade m. salt,Avfall (skal etc.),Nötter frön,11.0,%
3139,Nötter blandade rostade m. salt,Aska,Nötter frön,4.3,g
3139,Nötter blandade rostade m. salt,Alkohol,Nötter frön,0.0,g
3140,Nötter blandade naturella,"Zink, Zn",Nötter frön,3.5,mg
3140,Nötter blandade naturella,Vitamin E,Nötter frön,11.5,mg
3140,Nötter blandade naturella,Vitamin D inkl 25-OH-D3,Nötter frön,0.0,µg
3140,Nötter blandade naturella,Vitamin D,Nötter frön,0.0,µg
3140,Nötter blandade naturella,Vitamin C,Nötter frön,0.0,mg
3140,Nötter blandade naturella,Vitamin B6,Nötter frön,0.35,mg
3140,Nötter blandade naturella,Vitamin B12,Nötter frön,0.0,µg
3140,Nötter blandade naturella,Vitamin A,Nötter frön,0.7,RE/µg
3140,Nötter blandade naturella,Vatten,Nötter frön,2.8,g
3140,Nötter blandade naturella,Tiamin,Nötter frön,0.33,mg
3140,Nötter blandade naturella,Tillsatt socker,Nötter frön,0.0,g
3140,Nötter blandade naturella,Fritt socker,Nötter frön,0.0,g
3140,Nötter blandade naturella,"Selen, Se",Nötter frön,38.9,µg
3140,Nötter blandade naturella,Sackaros,Nötter frön,3.5,g
3140,Nötter blandade naturella,Riboflavin,Nötter frön,0.19,mg
3140,Nötter blandade naturella,Retinol,Nötter frön,0.0,µg
3140,Nötter blandade naturella,Protein,Nötter frön,16.6,g
3140,Nötter blandade naturella,Summa fleromättade fettsyror,Nötter frön,15.7,g
3140,Nötter blandade naturella,"Fosfor, P",Nötter frön,506.0,mg
3140,Nötter blandade naturella,Niacinekvivalenter,Nötter frön,4.36,NE/mg
3140,Nötter blandade naturella,Niacin,Nötter frön,1.59,mg
3140,Nötter blandade naturella,"Salt, NaCl",Nötter frön,0.0,g
3140,Nötter blandade naturella,"Natrium, Na",Nötter frön,6.0,mg
3140,Nötter blandade naturella,Monosackarider,Nötter frön,0.5,g
3140,Nötter blandade naturella,"Sockerarter, totalt",Nötter frön,4.0,g
3140,Nötter blandade naturella,Summa enkelomättade fettsyror,Nötter frön,32.0,g
3140,Nötter blandade naturella,"Magnesium, Mg",Nötter frön,249.0,mg
3140,Nötter blandade naturella,Summa mättade fettsyror,Nötter frön,7.8,g
3140,Nötter blandade naturella,"Kolhydrater, tillgängliga",Nötter frön,7.7,g
3140,Nötter blandade naturella,Kolesterol,Nötter frön,0.1,mg
3140,Nötter blandade naturella,"Kalium, K",Nötter frön,712.0,mg
3140,Nötter blandade naturella,"Jod, I",Nötter frön,0.0,µg
3140,Nötter blandade naturella,Fullkorn totalt,Nötter frön,0.0,g
3140,Nötter blandade naturella,"Folat, totalt",Nötter frön,51.9,µg
3140,Nötter blandade naturella,Fibrer,Nötter frön,12.8,g
3140,Nötter blandade naturella,"Fett, totalt",Nötter frön,57.2,g
3140,Nötter blandade naturella,"Järn, Fe",Nötter frön,3.6,mg
3140,Nötter blandade naturella,Energi (kJ),Nötter frön,2634.0,kJ
3140,Nötter blandade naturella,Energi (kcal),Nötter frön,629.0,kcal
3140,Nötter blandade naturella,Disackarider,Nötter frön,3.5,g
3140,Nötter blandade naturella,"Kalcium, Ca",Nötter frön,143.0,mg
3140,Nötter blandade naturella,Fettsyra 4:0-10:0,Nötter frön,0.0,g
3140,Nötter blandade naturella,DHA (C22:6),Nötter frön,0.0,g
3140,Nötter blandade naturella,DPA (C22:5),Nötter frön,0.0,g
3140,Nötter blandade naturella,EPA (C20:5),Nötter frön,0.0,g
3140,Nötter blandade naturella,Arakidonsyra C20:4,Nötter frön,0.0,g
3140,Nötter blandade naturella,Arakidinsyra C20:0,Nötter frön,0.1,g
3140,Nötter blandade naturella,Linolensyra C18:3,Nötter frön,0.9,g
3140,Nötter blandade naturella,Linolsyra C18:2,Nötter frön,14.7,g
3140,Nötter blandade naturella,Oljesyra C18:1,Nötter frön,31.8,g
3140,Nötter blandade naturella,Stearinsyra C18:0,Nötter frön,2.9,g
3140,Nötter blandade naturella,Palmitoljesyra C16:1,Nötter frön,0.2,g
3140,Nötter blandade naturella,Palmitinsyra C16:0,Nötter frön,4.7,g
3140,Nötter blandade naturella,Myristinsyra C14:0,Nötter frön,0.0,g
3140,Nötter blandade naturella,Laurinsyra C12:0,Nötter frön,0.0,g
3140,Nötter blandade naturella,Betakaroten/β-Karoten,Nötter frön,8.0,µg
3140,Nötter blandade naturella,Avfall (skal etc.),Nötter frön,36.0,%
3140,Nötter blandade naturella,Aska,Nötter frön,3.0,g
3140,Nötter blandade naturella,Alkohol,Nötter frön,0.0,g
3141,Korv ren rå,"Zink, Zn",Korv,3.0,mg
3141,Korv ren rå,Vitamin E,Korv,5.0,mg
3141,Korv ren rå,Vitamin D,Korv,0.09,µg
3141,Korv ren rå,Vitamin C,Korv,0.0,mg
3141,Korv ren rå,Vitamin B6,Korv,0.23,mg
3141,Korv ren rå,Vitamin B12,Korv,1.51,µg
3141,Korv ren rå,Vitamin A,Korv,180.8,RE/µg
3141,Korv ren rå,Vatten,Korv,56.5,g
3141,Korv ren rå,Tiamin,Korv,0.23,mg
3141,Korv ren rå,Tillsatt socker,Korv,1.0,g
3141,Korv ren rå,Fritt socker,Korv,1.0,g
3141,Korv ren rå,"Selen, Se",Korv,10.5,µg
3141,Korv ren rå,Sackaros,Korv,0.0,g
3141,Korv ren rå,Riboflavin,Korv,0.28,mg
3141,Korv ren rå,Retinol,Korv,180.0,µg
3141,Korv ren rå,Protein,Korv,17.2,g
3141,Korv ren rå,Summa fleromättade fettsyror,Korv,2.3,g
3141,Korv ren rå,"Fosfor, P",Korv,140.0,mg
3141,Korv ren rå,Niacinekvivalenter,Korv,7.9,NE/mg
3141,Korv ren rå,Niacin,Korv,4.7,mg
3141,Korv ren rå,"Salt, NaCl",Korv,2.8,g
3141,Korv ren rå,"Natrium, Na",Korv,1100.0,mg
3141,Korv ren rå,Monosackarider,Korv,0.9,g
3141,Korv ren rå,"Sockerarter, totalt",Korv,0.9,g
3141,Korv ren rå,Summa enkelomättade fettsyror,Korv,8.7,g
3141,Korv ren rå,"Magnesium, Mg",Korv,17.0,mg
3141,Korv ren rå,Summa mättade fettsyror,Korv,6.8,g
3141,Korv ren rå,"Kolhydrater, tillgängliga",Korv,4.0,g
3141,Korv ren rå,Kolesterol,Korv,66.7,mg
3141,Korv ren rå,"Kalium, K",Korv,230.0,mg
3141,Korv ren rå,"Jod, I",Korv,5.3,µg
3141,Korv ren rå,Fullkorn totalt,Korv,0.0,g
3141,Korv ren rå,"Folat, totalt",Korv,2.1,µg
3141,Korv ren rå,Fibrer,Korv,0.0,g
3141,Korv ren rå,"Fett, totalt",Korv,18.8,g
3141,Korv ren rå,"Järn, Fe",Korv,2.1,mg
3141,Korv ren rå,Energi (kJ),Korv,1056.0,kJ
3141,Korv ren rå,Energi (kcal),Korv,252.0,kcal
3141,Korv ren rå,Disackarider,Korv,0.0,g
3141,Korv ren rå,"Kalcium, Ca",Korv,10.0,mg
3141,Korv ren rå,Fettsyra 4:0-10:0,Korv,0.0,g
3141,Korv ren rå,DHA (C22:6),Korv,0.0,g
3141,Korv ren rå,DPA (C22:5),Korv,0.0,g
3141,Korv ren rå,EPA (C20:5),Korv,0.0,g
3141,Korv ren rå,Arakidonsyra C20:4,Korv,0.1,g
3141,Korv ren rå,Arakidinsyra C20:0,Korv,0.0,g
3141,Korv ren rå,Linolensyra C18:3,Korv,0.4,g
3141,Korv ren rå,Linolsyra C18:2,Korv,1.7,g
3141,Korv ren rå,Oljesyra C18:1,Korv,8.0,g
3141,Korv ren rå,Stearinsyra C18:0,Korv,2.3,g
3141,Korv ren rå,Palmitoljesyra C16:1,Korv,0.4,g
3141,Korv ren rå,Palmitinsyra C16:0,Korv,3.9,g
3141,Korv ren rå,Myristinsyra C14:0,Korv,0.3,g
3141,Korv ren rå,Laurinsyra C12:0,Korv,0.0,g
3141,Korv ren rå,Betakaroten/β-Karoten,Korv,9.0,µg
3141,Korv ren rå,Avfall (skal etc.),Korv,0.0,%
3141,Korv ren rå,Aska,Korv,3.5,g
3141,Korv ren rå,Alkohol,Korv,0.0,g
3147,Lingonsylt lättsockrad,"Zink, Zn",Sylt marmelad gelé äppelmos o dyl,0.1,mg
3147,Lingonsylt lättsockrad,Vitamin E,Sylt marmelad gelé äppelmos o dyl,0.8,mg
3147,Lingonsylt lättsockrad,Vitamin D,Sylt marmelad gelé äppelmos o dyl,0.0,µg
3147,Lingonsylt lättsockrad,Vitamin C,Sylt marmelad gelé äppelmos o dyl,1.0,mg
3147,Lingonsylt lättsockrad,Vitamin B6,Sylt marmelad gelé äppelmos o dyl,0.02,mg
3147,Lingonsylt lättsockrad,Vitamin B12,Sylt marmelad gelé äppelmos o dyl,0.0,µg
3147,Lingonsylt lättsockrad,Vitamin A,Sylt marmelad gelé äppelmos o dyl,1.0,RE/µg
3147,Lingonsylt lättsockrad,Vatten,Sylt marmelad gelé äppelmos o dyl,72.1,g
3147,Lingonsylt lättsockrad,Tiamin,Sylt marmelad gelé äppelmos o dyl,0.02,mg
3147,Lingonsylt lättsockrad,Tillsatt socker,Sylt marmelad gelé äppelmos o dyl,22.0,g
3147,Lingonsylt lättsockrad,Fritt socker,Sylt marmelad gelé äppelmos o dyl,22.0,g
3147,Lingonsylt lättsockrad,"Selen, Se",Sylt marmelad gelé äppelmos o dyl,0.3,µg
3147,Lingonsylt lättsockrad,Sackaros,Sylt marmelad gelé äppelmos o dyl,24.7,g
3147,Lingonsylt lättsockrad,Riboflavin,Sylt marmelad gelé äppelmos o dyl,0.02,mg
3147,Lingonsylt lättsockrad,Retinol,Sylt marmelad gelé äppelmos o dyl,0.0,µg
3147,Lingonsylt lättsockrad,Protein,Sylt marmelad gelé äppelmos o dyl,0.3,g
3147,Lingonsylt lättsockrad,Summa fleromättade fettsyror,Sylt marmelad gelé äppelmos o dyl,0.1,g
3147,Lingonsylt lättsockrad,"Fosfor, P",Sylt marmelad gelé äppelmos o dyl,10.0,mg
3147,Lingonsylt lättsockrad,Niacinekvivalenter,Sylt marmelad gelé äppelmos o dyl,0.18,NE/mg
3147,Lingonsylt lättsockrad,Niacin,Sylt marmelad gelé äppelmos o dyl,0.15,mg
3147,Lingonsylt lättsockrad,"Salt, NaCl",Sylt marmelad gelé äppelmos o dyl,0.0,g
3147,Lingonsylt lättsockrad,"Natrium, Na",Sylt marmelad gelé äppelmos o dyl,20.0,mg
3147,Lingonsylt lättsockrad,Monosackarider,Sylt marmelad gelé äppelmos o dyl,4.7,g
3147,Lingonsylt lättsockrad,"Sockerarter, totalt",Sylt marmelad gelé äppelmos o dyl,20.0,g
3147,Lingonsylt lättsockrad,Summa enkelomättade fettsyror,Sylt marmelad gelé äppelmos o dyl,0.0,g
3147,Lingonsylt lättsockrad,"Magnesium, Mg",Sylt marmelad gelé äppelmos o dyl,4.0,mg
3147,Lingonsylt lättsockrad,Summa mättade fettsyror,Sylt marmelad gelé äppelmos o dyl,0.0,g
3147,Lingonsylt lättsockrad,"Kolhydrater, tillgängliga",Sylt marmelad gelé äppelmos o dyl,26.0,g
3147,Lingonsylt lättsockrad,Kolesterol,Sylt marmelad gelé äppelmos o dyl,0.0,mg
3147,Lingonsylt lättsockrad,"Kalium, K",Sylt marmelad gelé äppelmos o dyl,45.0,mg
3147,Lingonsylt lättsockrad,"Jod, I",Sylt marmelad gelé äppelmos o dyl,0.0,µg
3147,Lingonsylt lättsockrad,Fullkorn totalt,Sylt marmelad gelé äppelmos o dyl,0.0,g
3147,Lingonsylt lättsockrad,"Folat, totalt",Sylt marmelad gelé äppelmos o dyl,0.3,µg
3147,Lingonsylt lättsockrad,Fibrer,Sylt marmelad gelé äppelmos o dyl,1.3,g
3147,Lingonsylt lättsockrad,"Fett, totalt",Sylt marmelad gelé äppelmos o dyl,0.2,g
3147,Lingonsylt lättsockrad,"Järn, Fe",Sylt marmelad gelé äppelmos o dyl,0.3,mg
3147,Lingonsylt lättsockrad,Energi (kJ),Sylt marmelad gelé äppelmos o dyl,465.0,kJ
3147,Lingonsylt lättsockrad,Energi (kcal),Sylt marmelad gelé äppelmos o dyl,111.0,kcal
3147,Lingonsylt lättsockrad,Disackarider,Sylt marmelad gelé äppelmos o dyl,24.7,g
3147,Lingonsylt lättsockrad,"Kalcium, Ca",Sylt marmelad gelé äppelmos o dyl,14.0,mg
3147,Lingonsylt lättsockrad,Fettsyra 4:0-10:0,Sylt marmelad gelé äppelmos o dyl,0.0,g
3147,Lingonsylt lättsockrad,DHA (C22:6),Sylt marmelad gelé äppelmos o dyl,0.0,g
3147,Lingonsylt lättsockrad,DPA (C22:5),Sylt marmelad gelé äppelmos o dyl,0.0,g
3147,Lingonsylt lättsockrad,EPA (C20:5),Sylt marmelad gelé äppelmos o dyl,0.0,g
3147,Lingonsylt lättsockrad,Arakidonsyra C20:4,Sylt marmelad gelé äppelmos o dyl,0.0,g
3147,Lingonsylt lättsockrad,Arakidinsyra C20:0,Sylt marmelad gelé äppelmos o dyl,0.0,g
3147,Lingonsylt lättsockrad,Linolensyra C18:3,Sylt marmelad gelé äppelmos o dyl,0.1,g
3147,Lingonsylt lättsockrad,Linolsyra C18:2,Sylt marmelad gelé äppelmos o dyl,0.1,g
3147,Lingonsylt lättsockrad,Oljesyra C18:1,Sylt marmelad gelé äppelmos o dyl,0.0,g
3147,Lingonsylt lättsockrad,Stearinsyra C18:0,Sylt marmelad gelé äppelmos o dyl,0.0,g
3147,Lingonsylt lättsockrad,Palmitoljesyra C16:1,Sylt marmelad gelé äppelmos o dyl,0.0,g
3147,Lingonsylt lättsockrad,Palmitinsyra C16:0,Sylt marmelad gelé äppelmos o dyl,0.0,g
3147,Lingonsylt lättsockrad,Myristinsyra C14:0,Sylt marmelad gelé äppelmos o dyl,0.0,g
3147,Lingonsylt lättsockrad,Laurinsyra C12:0,Sylt marmelad gelé äppelmos o dyl,0.0,g
3147,Lingonsylt lättsockrad,Betakaroten/β-Karoten,Sylt marmelad gelé äppelmos o dyl,12.0,µg
3147,Lingonsylt lättsockrad,Avfall (skal etc.),Sylt marmelad gelé äppelmos o dyl,0.0,%
3147,Lingonsylt lättsockrad,Aska,Sylt marmelad gelé äppelmos o dyl,0.1,g
3147,Lingonsylt lättsockrad,Alkohol,Sylt marmelad gelé äppelmos o dyl,0.0,g
3213,Korv lamm rå,"Zink, Zn",Korv,3.5,mg
3213,Korv lamm rå,Vitamin E,Korv,2.9,mg
3213,Korv lamm rå,Vitamin D,Korv,0.16,µg
3213,Korv lamm rå,Vitamin C,Korv,0.0,mg
3213,Korv lamm rå,Vitamin B6,Korv,0.17,mg
3213,Korv lamm rå,Vitamin B12,Korv,1.95,µg
3213,Korv lamm rå,Vitamin A,Korv,122.1,RE/µg
3213,Korv lamm rå,Vatten,Korv,56.9,g
3213,Korv lamm rå,Tiamin,Korv,0.1,mg
3213,Korv lamm rå,Tillsatt socker,Korv,1.0,g
3213,Korv lamm rå,Fritt socker,Korv,1.0,g
3213,Korv lamm rå,"Selen, Se",Korv,21.7,µg
3213,Korv lamm rå,Sackaros,Korv,0.2,g
3213,Korv lamm rå,Riboflavin,Korv,0.17,mg
3213,Korv lamm rå,Retinol,Korv,118.0,µg
3213,Korv lamm rå,Protein,Korv,15.9,g
3213,Korv lamm rå,Summa fleromättade fettsyror,Korv,0.9,g
3213,Korv lamm rå,"Fosfor, P",Korv,160.0,mg
3213,Korv lamm rå,Niacinekvivalenter,Korv,6.8,NE/mg
3213,Korv lamm rå,Niacin,Korv,3.84,mg
3213,Korv lamm rå,"Salt, NaCl",Korv,2.4,g
3213,Korv lamm rå,"Natrium, Na",Korv,970.0,mg
3213,Korv lamm rå,Monosackarider,Korv,0.4,g
3213,Korv lamm rå,"Sockerarter, totalt",Korv,0.6,g
3213,Korv lamm rå,Summa enkelomättade fettsyror,Korv,8.0,g
3213,Korv lamm rå,"Magnesium, Mg",Korv,16.0,mg
3213,Korv lamm rå,Summa mättade fettsyror,Korv,8.6,g
3213,Korv lamm rå,"Kolhydrater, tillgängliga",Korv,4.8,g
3213,Korv lamm rå,Kolesterol,Korv,62.7,mg
3213,Korv lamm rå,"Kalium, K",Korv,230.0,mg
3213,Korv lamm rå,"Jod, I",Korv,4.4,µg
3213,Korv lamm rå,Fullkorn totalt,Korv,0.0,g
3213,Korv lamm rå,"Folat, totalt",Korv,4.9,µg
3213,Korv lamm rå,Fibrer,Korv,0.0,g
3213,Korv lamm rå,"Fett, totalt",Korv,19.3,g
3213,Korv lamm rå,"Järn, Fe",Korv,2.4,mg
3213,Korv lamm rå,Energi (kJ),Korv,1066.0,kJ
3213,Korv lamm rå,Energi (kcal),Korv,255.0,kcal
3213,Korv lamm rå,Disackarider,Korv,0.2,g
3213,Korv lamm rå,"Kalcium, Ca",Korv,16.0,mg
3213,Korv lamm rå,Fettsyra 4:0-10:0,Korv,0.0,g
3213,Korv lamm rå,DHA (C22:6),Korv,0.0,g
3213,Korv lamm rå,DPA (C22:5),Korv,0.0,g
3213,Korv lamm rå,EPA (C20:5),Korv,0.0,g
3213,Korv lamm rå,Arakidonsyra C20:4,Korv,0.0,g
3213,Korv lamm rå,Arakidinsyra C20:0,Korv,0.0,g
3213,Korv lamm rå,Linolensyra C18:3,Korv,0.2,g
3213,Korv lamm rå,Linolsyra C18:2,Korv,0.6,g
3213,Korv lamm rå,Oljesyra C18:1,Korv,6.9,g
3213,Korv lamm rå,Stearinsyra C18:0,Korv,2.9,g
3213,Korv lamm rå,Palmitoljesyra C16:1,Korv,0.7,g
3213,Korv lamm rå,Palmitinsyra C16:0,Korv,4.4,g
3213,Korv lamm rå,Myristinsyra C14:0,Korv,0.5,g
3213,Korv lamm rå,Laurinsyra C12:0,Korv,0.0,g
3213,Korv lamm rå,Betakaroten/β-Karoten,Korv,45.0,µg
3213,Korv lamm rå,Avfall (skal etc.),Korv,0.0,%
3213,Korv lamm rå,Aska,Korv,3.1,g
3213,Korv lamm rå,Alkohol,Korv,0.0,g
3243,"Kvarg naturell fett 0,2%","Zink, Zn",Färskost o kvarg,0.5,mg
3243,"Kvarg naturell fett 0,2%",Vitamin E,Färskost o kvarg,0.0,mg
3243,"Kvarg naturell fett 0,2%",Vitamin D inkl 25-OH-D3,Färskost o kvarg,0.0,µg
3243,"Kvarg naturell fett 0,2%",Vitamin D,Färskost o kvarg,0.0,µg
3243,"Kvarg naturell fett 0,2%",Vitamin C,Färskost o kvarg,0.0,mg
3243,"Kvarg naturell fett 0,2%",Vitamin B6,Färskost o kvarg,0.04,mg
3243,"Kvarg naturell fett 0,2%",Vitamin B12,Färskost o kvarg,0.53,µg
3243,"Kvarg naturell fett 0,2%",Vitamin A,Färskost o kvarg,2.3,RE/µg
3243,"Kvarg naturell fett 0,2%",Vatten,Färskost o kvarg,83.9,g
3243,"Kvarg naturell fett 0,2%",Tiamin,Färskost o kvarg,0.04,mg
3243,"Kvarg naturell fett 0,2%",Tillsatt socker,Färskost o kvarg,0.0,g
3243,"Kvarg naturell fett 0,2%",Fritt socker,Färskost o kvarg,0.0,g
3243,"Kvarg naturell fett 0,2%","Selen, Se",Färskost o kvarg,0.0,µg
3243,"Kvarg naturell fett 0,2%",Sackaros,Färskost o kvarg,0.0,g
3243,"Kvarg naturell fett 0,2%",Riboflavin,Färskost o kvarg,0.21,mg
3243,"Kvarg naturell fett 0,2%",Retinol,Färskost o kvarg,0.0,µg
3243,"Kvarg naturell fett 0,2%",Protein,Färskost o kvarg,10.0,g
3243,"Kvarg naturell fett 0,2%",Summa fleromättade fettsyror,Färskost o kvarg,0.0,g
3243,"Kvarg naturell fett 0,2%","Fosfor, P",Färskost o kvarg,112.0,mg
3243,"Kvarg naturell fett 0,2%",Niacinekvivalenter,Färskost o kvarg,2.6,NE/mg
3243,"Kvarg naturell fett 0,2%",Niacin,Färskost o kvarg,0.25,mg
3243,"Kvarg naturell fett 0,2%","Salt, NaCl",Färskost o kvarg,0.1,g
3243,"Kvarg naturell fett 0,2%","Natrium, Na",Färskost o kvarg,31.0,mg
3243,"Kvarg naturell fett 0,2%",Monosackarider,Färskost o kvarg,0.0,g
3243,"Kvarg naturell fett 0,2%","Sockerarter, totalt",Färskost o kvarg,3.2,g
3243,"Kvarg naturell fett 0,2%",Summa enkelomättade fettsyror,Färskost o kvarg,0.0,g
3243,"Kvarg naturell fett 0,2%","Magnesium, Mg",Färskost o kvarg,11.0,mg
3243,"Kvarg naturell fett 0,2%",Summa mättade fettsyror,Färskost o kvarg,0.1,g
3243,"Kvarg naturell fett 0,2%","Kolhydrater, tillgängliga",Färskost o kvarg,5.2,g
3243,"Kvarg naturell fett 0,2%",Kolesterol,Färskost o kvarg,6.7,mg
3243,"Kvarg naturell fett 0,2%","Kalium, K",Färskost o kvarg,112.0,mg
3243,"Kvarg naturell fett 0,2%","Jod, I",Färskost o kvarg,15.0,µg
3243,"Kvarg naturell fett 0,2%",Fullkorn totalt,Färskost o kvarg,0.0,g
3243,"Kvarg naturell fett 0,2%","Folat, totalt",Färskost o kvarg,26.3,µg
3243,"Kvarg naturell fett 0,2%",Fibrer,Färskost o kvarg,0.0,g
3243,"Kvarg naturell fett 0,2%","Fett, totalt",Färskost o kvarg,0.2,g
3243,"Kvarg naturell fett 0,2%","Järn, Fe",Färskost o kvarg,0.0,mg
3243,"Kvarg naturell fett 0,2%",Energi (kJ),Färskost o kvarg,266.0,kJ
3243,"Kvarg naturell fett 0,2%",Energi (kcal),Färskost o kvarg,64.0,kcal
3243,"Kvarg naturell fett 0,2%",Disackarider,Färskost o kvarg,3.2,g
3243,"Kvarg naturell fett 0,2%","Kalcium, Ca",Färskost o kvarg,108.0,mg
3243,"Kvarg naturell fett 0,2%",Fettsyra 4:0-10:0,Färskost o kvarg,0.0,g
3243,"Kvarg naturell fett 0,2%",DHA (C22:6),Färskost o kvarg,0.0,g
3243,"Kvarg naturell fett 0,2%",DPA (C22:5),Färskost o kvarg,0.0,g
3243,"Kvarg naturell fett 0,2%",EPA (C20:5),Färskost o kvarg,0.0,g
3243,"Kvarg naturell fett 0,2%",Arakidonsyra C20:4,Färskost o kvarg,0.0,g
3243,"Kvarg naturell fett 0,2%",Arakidinsyra C20:0,Färskost o kvarg,0.0,g
3243,"Kvarg naturell fett 0,2%",Linolensyra C18:3,Färskost o kvarg,0.0,g
3243,"Kvarg naturell fett 0,2%",Linolsyra C18:2,Färskost o kvarg,0.0,g
3243,"Kvarg naturell fett 0,2%",Oljesyra C18:1,Färskost o kvarg,0.0,g
3243,"Kvarg naturell fett 0,2%",Stearinsyra C18:0,Färskost o kvarg,0.0,g
3243,"Kvarg naturell fett 0,2%",Palmitoljesyra C16:1,Färskost o kvarg,0.0,g
3243,"Kvarg naturell fett 0,2%",Palmitinsyra C16:0,Färskost o kvarg,0.1,g
3243,"Kvarg naturell fett 0,2%",Myristinsyra C14:0,Färskost o kvarg,0.0,g
3243,"Kvarg naturell fett 0,2%",Laurinsyra C12:0,Färskost o kvarg,0.0,g
3243,"Kvarg naturell fett 0,2%",Betakaroten/β-Karoten,Färskost o kvarg,28.0,µg
3243,"Kvarg naturell fett 0,2%",Avfall (skal etc.),Färskost o kvarg,0.0,%
3243,"Kvarg naturell fett 0,2%",Aska,Färskost o kvarg,0.7,g
3243,"Kvarg naturell fett 0,2%",Alkohol,Färskost o kvarg,0.04,g
3247,Brödkrutonger ,"Zink, Zn",Mjukt bröd ,0.9,mg
3247,Brödkrutonger ,Vitamin E,Mjukt bröd ,0.6,mg
3247,Brödkrutonger ,Vitamin D inkl 25-OH-D3,Mjukt bröd ,0.0,µg
3247,Brödkrutonger ,Vitamin D,Mjukt bröd ,0.0,µg
3247,Brödkrutonger ,Vitamin C,Mjukt bröd ,0.0,mg
3247,Brödkrutonger ,Vitamin B6,Mjukt bröd ,0.03,mg
3247,Brödkrutonger ,Vitamin B12,Mjukt bröd ,0.0,µg
3247,Brödkrutonger ,Vitamin A,Mjukt bröd ,0.0,RE/µg
3247,Brödkrutonger ,Vatten,Mjukt bröd ,5.5,g
3247,Brödkrutonger ,Tiamin,Mjukt bröd ,0.62,mg
3247,Brödkrutonger ,Tillsatt socker,Mjukt bröd ,0.0,g
3247,Brödkrutonger ,Fritt socker,Mjukt bröd ,0.0,g
3247,Brödkrutonger ,"Selen, Se",Mjukt bröd ,37.5,µg
3247,Brödkrutonger ,Sackaros,Mjukt bröd ,0.0,g
3247,Brödkrutonger ,Riboflavin,Mjukt bröd ,0.27,mg
3247,Brödkrutonger ,Retinol,Mjukt bröd ,0.0,µg
3247,Brödkrutonger ,Protein,Mjukt bröd ,11.9,g
3247,Brödkrutonger ,Summa fleromättade fettsyror,Mjukt bröd ,1.3,g
3247,Brödkrutonger ,"Fosfor, P",Mjukt bröd ,115.0,mg
3247,Brödkrutonger ,Niacinekvivalenter,Mjukt bröd ,7.62,NE/mg
3247,Brödkrutonger ,Niacin,Mjukt bröd ,5.44,mg
3247,Brödkrutonger ,"Salt, NaCl",Mjukt bröd ,1.8,g
3247,Brödkrutonger ,"Natrium, Na",Mjukt bröd ,698.0,mg
3247,Brödkrutonger ,Monosackarider,Mjukt bröd ,0.3,g
3247,Brödkrutonger ,"Sockerarter, totalt",Mjukt bröd ,2.3,g
3247,Brödkrutonger ,Summa enkelomättade fettsyror,Mjukt bröd ,3.1,g
3247,Brödkrutonger ,"Magnesium, Mg",Mjukt bröd ,31.0,mg
3247,Brödkrutonger ,Summa mättade fettsyror,Mjukt bröd ,1.5,g
3247,Brödkrutonger ,"Kolhydrater, tillgängliga",Mjukt bröd ,73.5,g
3247,Brödkrutonger ,Kolesterol,Mjukt bröd ,0.0,mg
3247,Brödkrutonger ,"Kalium, K",Mjukt bröd ,124.0,mg
3247,Brödkrutonger ,"Jod, I",Mjukt bröd ,0.0,µg
3247,Brödkrutonger ,Fullkorn totalt,Mjukt bröd ,0.0,g
3247,Brödkrutonger ,"Folat, totalt",Mjukt bröd ,132.0,µg
3247,Brödkrutonger ,Fibrer,Mjukt bröd ,5.1,g
3247,Brödkrutonger ,"Fett, totalt",Mjukt bröd ,6.6,g
3247,Brödkrutonger ,"Järn, Fe",Mjukt bröd ,4.1,mg
3247,Brödkrutonger ,Energi (kJ),Mjukt bröd ,1737.0,kJ
3247,Brödkrutonger ,Energi (kcal),Mjukt bröd ,415.0,kcal
3247,Brödkrutonger ,Disackarider,Mjukt bröd ,2.0,g
3247,Brödkrutonger ,"Kalcium, Ca",Mjukt bröd ,76.0,mg
3247,Brödkrutonger ,Fettsyra 4:0-10:0,Mjukt bröd ,0.0,g
3247,Brödkrutonger ,DHA (C22:6),Mjukt bröd ,0.0,g
3247,Brödkrutonger ,DPA (C22:5),Mjukt bröd ,0.0,g
3247,Brödkrutonger ,EPA (C20:5),Mjukt bröd ,0.0,g
3247,Brödkrutonger ,Arakidonsyra C20:4,Mjukt bröd ,0.0,g
3247,Brödkrutonger ,Arakidinsyra C20:0,Mjukt bröd ,0.1,g
3247,Brödkrutonger ,Linolensyra C18:3,Mjukt bröd ,0.1,g
3247,Brödkrutonger ,Linolsyra C18:2,Mjukt bröd ,1.2,g
3247,Brödkrutonger ,Oljesyra C18:1,Mjukt bröd ,3.0,g
3247,Brödkrutonger ,Stearinsyra C18:0,Mjukt bröd ,0.6,g
3247,Brödkrutonger ,Palmitoljesyra C16:1,Mjukt bröd ,0.0,g
3247,Brödkrutonger ,Palmitinsyra C16:0,Mjukt bröd ,0.9,g
3247,Brödkrutonger ,Myristinsyra C14:0,Mjukt bröd ,0.0,g
3247,Brödkrutonger ,Laurinsyra C12:0,Mjukt bröd ,0.0,g
3247,Brödkrutonger ,Betakaroten/β-Karoten,Mjukt bröd ,0.0,µg
3247,Brödkrutonger ,Aska,Mjukt bröd ,2.5,g
3247,Brödkrutonger ,Alkohol,Mjukt bröd ,0.0,g
3258,Nötter blandade m. frukt bär,"Zink, Zn",Nötter frön,2.2,mg
3258,Nötter blandade m. frukt bär,Vitamin E,Nötter frön,4.6,mg
3258,Nötter blandade m. frukt bär,Vitamin D inkl 25-OH-D3,Nötter frön,0.0,µg
3258,Nötter blandade m. frukt bär,Vitamin D,Nötter frön,0.0,µg
3258,Nötter blandade m. frukt bär,Vitamin C,Nötter frön,0.6,mg
3258,Nötter blandade m. frukt bär,Vitamin B6,Nötter frön,0.41,mg
3258,Nötter blandade m. frukt bär,Vitamin B12,Nötter frön,0.0,µg
3258,Nötter blandade m. frukt bär,Vitamin A,Nötter frön,9.4,RE/µg
3258,Nötter blandade m. frukt bär,Vatten,Nötter frön,7.9,g
3258,Nötter blandade m. frukt bär,Tiamin,Nötter frön,0.91,mg
3258,Nötter blandade m. frukt bär,Tillsatt socker,Nötter frön,6.0,g
3258,Nötter blandade m. frukt bär,Fritt socker,Nötter frön,6.0,g
3258,Nötter blandade m. frukt bär,"Selen, Se",Nötter frön,10.8,µg
3258,Nötter blandade m. frukt bär,Sackaros,Nötter frön,8.8,g
3258,Nötter blandade m. frukt bär,Riboflavin,Nötter frön,0.11,mg
3258,Nötter blandade m. frukt bär,Retinol,Nötter frön,0.0,µg
3258,Nötter blandade m. frukt bär,Protein,Nötter frön,14.5,g
3258,Nötter blandade m. frukt bär,Summa fleromättade fettsyror,Nötter frön,4.7,g
3258,Nötter blandade m. frukt bär,"Fosfor, P",Nötter frön,304.0,mg
3258,Nötter blandade m. frukt bär,Niacinekvivalenter,Nötter frön,9.15,NE/mg
3258,Nötter blandade m. frukt bär,Niacin,Nötter frön,6.76,mg
3258,Nötter blandade m. frukt bär,"Salt, NaCl",Nötter frön,0.9,g
3258,Nötter blandade m. frukt bär,"Natrium, Na",Nötter frön,380.0,mg
3258,Nötter blandade m. frukt bär,Monosackarider,Nötter frön,16.0,g
3258,Nötter blandade m. frukt bär,"Sockerarter, totalt",Nötter frön,24.8,g
3258,Nötter blandade m. frukt bär,Summa enkelomättade fettsyror,Nötter frön,23.5,g
3258,Nötter blandade m. frukt bär,"Magnesium, Mg",Nötter frön,145.0,mg
3258,Nötter blandade m. frukt bär,Summa mättade fettsyror,Nötter frön,4.7,g
3258,Nötter blandade m. frukt bär,"Kolhydrater, tillgängliga",Nötter frön,31.1,g
3258,Nötter blandade m. frukt bär,Kolesterol,Nötter frön,0.1,mg
3258,Nötter blandade m. frukt bär,"Kalium, K",Nötter frön,584.0,mg
3258,Nötter blandade m. frukt bär,"Jod, I",Nötter frön,17.7,µg
3258,Nötter blandade m. frukt bär,Fullkorn totalt,Nötter frön,0.0,g
3258,Nötter blandade m. frukt bär,"Folat, totalt",Nötter frön,62.2,µg
3258,Nötter blandade m. frukt bär,Fibrer,Nötter frön,9.2,g
3258,Nötter blandade m. frukt bär,"Fett, totalt",Nötter frön,34.0,g
3258,Nötter blandade m. frukt bär,"Järn, Fe",Nötter frön,2.3,mg
3258,Nötter blandade m. frukt bär,Energi (kJ),Nötter frön,2107.0,kJ
3258,Nötter blandade m. frukt bär,Energi (kcal),Nötter frön,504.0,kcal
3258,Nötter blandade m. frukt bär,Disackarider,Nötter frön,8.5,g
3258,Nötter blandade m. frukt bär,"Kalcium, Ca",Nötter frön,61.0,mg
3258,Nötter blandade m. frukt bär,Fettsyra 4:0-10:0,Nötter frön,0.0,g
3258,Nötter blandade m. frukt bär,DHA (C22:6),Nötter frön,0.0,g
3258,Nötter blandade m. frukt bär,DPA (C22:5),Nötter frön,0.0,g
3258,Nötter blandade m. frukt bär,EPA (C20:5),Nötter frön,0.0,g
3258,Nötter blandade m. frukt bär,Arakidonsyra C20:4,Nötter frön,0.0,g
3258,Nötter blandade m. frukt bär,Arakidinsyra C20:0,Nötter frön,0.3,g
3258,Nötter blandade m. frukt bär,Linolensyra C18:3,Nötter frön,0.1,g
3258,Nötter blandade m. frukt bär,Linolsyra C18:2,Nötter frön,4.6,g
3258,Nötter blandade m. frukt bär,Oljesyra C18:1,Nötter frön,22.9,g
3258,Nötter blandade m. frukt bär,Stearinsyra C18:0,Nötter frön,1.3,g
3258,Nötter blandade m. frukt bär,Palmitoljesyra C16:1,Nötter frön,0.1,g
3258,Nötter blandade m. frukt bär,Palmitinsyra C16:0,Nötter frön,2.4,g
3258,Nötter blandade m. frukt bär,Myristinsyra C14:0,Nötter frön,0.0,g
3258,Nötter blandade m. frukt bär,Laurinsyra C12:0,Nötter frön,0.0,g
3258,Nötter blandade m. frukt bär,Betakaroten/β-Karoten,Nötter frön,109.0,µg
3258,Nötter blandade m. frukt bär,Avfall (skal etc.),Nötter frön,3.0,%
3258,Nötter blandade m. frukt bär,Aska,Nötter frön,3.4,g
3258,Nötter blandade m. frukt bär,Alkohol,Nötter frön,0.0,g
3262,Nötter blandade kanderade,"Zink, Zn",Nötter frön,2.6,mg
3262,Nötter blandade kanderade,Vitamin E,Nötter frön,8.2,mg
3262,Nötter blandade kanderade,Vitamin D inkl 25-OH-D3,Nötter frön,0.0,µg
3262,Nötter blandade kanderade,Vitamin D,Nötter frön,0.0,µg
3262,Nötter blandade kanderade,Vitamin C,Nötter frön,0.1,mg
3262,Nötter blandade kanderade,Vitamin B6,Nötter frön,0.34,mg
3262,Nötter blandade kanderade,Vitamin B12,Nötter frön,0.0,µg
3262,Nötter blandade kanderade,Vitamin A,Nötter frön,0.7,RE/µg
3262,Nötter blandade kanderade,Vatten,Nötter frön,2.4,g
3262,Nötter blandade kanderade,Tiamin,Nötter frön,0.87,mg
3262,Nötter blandade kanderade,Tillsatt socker,Nötter frön,18.0,g
3262,Nötter blandade kanderade,Fritt socker,Nötter frön,20.0,g
3262,Nötter blandade kanderade,"Selen, Se",Nötter frön,10.2,µg
3262,Nötter blandade kanderade,Sackaros,Nötter frön,21.3,g
3262,Nötter blandade kanderade,Riboflavin,Nötter frön,0.18,mg
3262,Nötter blandade kanderade,Retinol,Nötter frön,0.0,µg
3262,Nötter blandade kanderade,Protein,Nötter frön,16.2,g
3262,Nötter blandade kanderade,Summa fleromättade fettsyror,Nötter frön,7.0,g
3262,Nötter blandade kanderade,"Fosfor, P",Nötter frön,357.0,mg
3262,Nötter blandade kanderade,Niacinekvivalenter,Nötter frön,9.38,NE/mg
3262,Nötter blandade kanderade,Niacin,Nötter frön,6.7,mg
3262,Nötter blandade kanderade,"Salt, NaCl",Nötter frön,0.0,g
3262,Nötter blandade kanderade,"Natrium, Na",Nötter frön,10.0,mg
3262,Nötter blandade kanderade,Monosackarider,Nötter frön,2.1,g
3262,Nötter blandade kanderade,"Sockerarter, totalt",Nötter frön,23.4,g
3262,Nötter blandade kanderade,Summa enkelomättade fettsyror,Nötter frön,27.8,g
3262,Nötter blandade kanderade,"Magnesium, Mg",Nötter frön,170.0,mg
3262,Nötter blandade kanderade,Summa mättade fettsyror,Nötter frön,5.3,g
3262,Nötter blandade kanderade,"Kolhydrater, tillgängliga",Nötter frön,27.7,g
3262,Nötter blandade kanderade,Kolesterol,Nötter frön,0.1,mg
3262,Nötter blandade kanderade,"Kalium, K",Nötter frön,557.0,mg
3262,Nötter blandade kanderade,"Jod, I",Nötter frön,0.0,µg
3262,Nötter blandade kanderade,Fullkorn totalt,Nötter frön,0.0,g
3262,Nötter blandade kanderade,"Folat, totalt",Nötter frön,62.5,µg
3262,Nötter blandade kanderade,Fibrer,Nötter frön,9.6,g
3262,Nötter blandade kanderade,"Fett, totalt",Nötter frön,41.5,g
3262,Nötter blandade kanderade,"Järn, Fe",Nötter frön,2.3,mg
3262,Nötter blandade kanderade,Energi (kJ),Nötter frön,2358.0,kJ
3262,Nötter blandade kanderade,Energi (kcal),Nötter frön,564.0,kcal
3262,Nötter blandade kanderade,Disackarider,Nötter frön,21.3,g
3262,Nötter blandade kanderade,"Kalcium, Ca",Nötter frön,85.0,mg
3262,Nötter blandade kanderade,Fettsyra 4:0-10:0,Nötter frön,0.0,g
3262,Nötter blandade kanderade,DHA (C22:6),Nötter frön,0.0,g
3262,Nötter blandade kanderade,DPA (C22:5),Nötter frön,0.0,g
3262,Nötter blandade kanderade,EPA (C20:5),Nötter frön,0.0,g
3262,Nötter blandade kanderade,Arakidonsyra C20:4,Nötter frön,0.0,g
3262,Nötter blandade kanderade,Arakidinsyra C20:0,Nötter frön,0.3,g
3262,Nötter blandade kanderade,Linolensyra C18:3,Nötter frön,0.1,g
3262,Nötter blandade kanderade,Linolsyra C18:2,Nötter frön,7.0,g
3262,Nötter blandade kanderade,Oljesyra C18:1,Nötter frön,27.2,g
3262,Nötter blandade kanderade,Stearinsyra C18:0,Nötter frön,1.5,g
3262,Nötter blandade kanderade,Palmitoljesyra C16:1,Nötter frön,0.1,g
3262,Nötter blandade kanderade,Palmitinsyra C16:0,Nötter frön,2.9,g
3262,Nötter blandade kanderade,Myristinsyra C14:0,Nötter frön,0.0,g
3262,Nötter blandade kanderade,Laurinsyra C12:0,Nötter frön,0.0,g
3262,Nötter blandade kanderade,Betakaroten/β-Karoten,Nötter frön,7.0,µg
3262,Nötter blandade kanderade,Avfall (skal etc.),Nötter frön,11.0,%
3262,Nötter blandade kanderade,Aska,Nötter frön,2.7,g
3262,Nötter blandade kanderade,Alkohol,Nötter frön,0.0,g
3267,Baklava ,"Zink, Zn",Efterrätter,0.9,mg
3267,Baklava ,Vitamin E,Efterrätter,5.2,mg
3267,Baklava ,Vitamin D,Efterrätter,0.81,µg
3267,Baklava ,Vitamin C,Efterrätter,0.4,mg
3267,Baklava ,Vitamin B6,Efterrätter,0.08,mg
3267,Baklava ,Vitamin B12,Efterrätter,0.0,µg
3267,Baklava ,Vitamin A,Efterrätter,44.6,RE/µg
3267,Baklava ,Vatten,Efterrätter,20.8,g
3267,Baklava ,Tiamin,Efterrätter,0.05,mg
3267,Baklava ,Tillsatt socker,Efterrätter,21.0,g
3267,Baklava ,Fritt socker,Efterrätter,37.0,g
3267,Baklava ,"Selen, Se",Efterrätter,1.3,µg
3267,Baklava ,Sackaros,Efterrätter,22.0,g
3267,Baklava ,Riboflavin,Efterrätter,0.08,mg
3267,Baklava ,Retinol,Efterrätter,42.1,µg
3267,Baklava ,Protein,Efterrätter,5.5,g
3267,Baklava ,Summa fleromättade fettsyror,Efterrätter,6.5,g
3267,Baklava ,"Fosfor, P",Efterrätter,131.0,mg
3267,Baklava ,Niacinekvivalenter,Efterrätter,1.74,NE/mg
3267,Baklava ,Niacin,Efterrätter,0.83,mg
3267,Baklava ,"Salt, NaCl",Efterrätter,0.2,g
3267,Baklava ,"Natrium, Na",Efterrätter,72.0,mg
3267,Baklava ,Monosackarider,Efterrätter,15.0,g
3267,Baklava ,"Sockerarter, totalt",Efterrätter,38.0,g
3267,Baklava ,Summa enkelomättade fettsyror,Efterrätter,10.2,g
3267,Baklava ,"Magnesium, Mg",Efterrätter,55.0,mg
3267,Baklava ,Summa mättade fettsyror,Efterrätter,3.5,g
3267,Baklava ,"Kolhydrater, tillgängliga",Efterrätter,47.4,g
3267,Baklava ,Kolesterol,Efterrätter,3.5,mg
3267,Baklava ,"Kalium, K",Efterrätter,234.0,mg
3267,Baklava ,"Jod, I",Efterrätter,0.5,µg
3267,Baklava ,Fullkorn totalt,Efterrätter,0.0,g
3267,Baklava ,"Folat, totalt",Efterrätter,22.2,µg
3267,Baklava ,Fibrer,Efterrätter,4.2,g
3267,Baklava ,"Fett, totalt",Efterrätter,21.2,g
3267,Baklava ,"Järn, Fe",Efterrätter,1.1,mg
3267,Baklava ,Energi (kJ),Efterrätter,1716.0,kJ
3267,Baklava ,Energi (kcal),Efterrätter,410.0,kcal
3267,Baklava ,Disackarider,Efterrätter,23.0,g
3267,Baklava ,"Kalcium, Ca",Efterrätter,60.0,mg
3267,Baklava ,Fettsyra 4:0-10:0,Efterrätter,0.1,g
3267,Baklava ,DHA (C22:6),Efterrätter,0.0,g
3267,Baklava ,DPA (C22:5),Efterrätter,0.0,g
3267,Baklava ,EPA (C20:5),Efterrätter,0.0,g
3267,Baklava ,Arakidonsyra C20:4,Efterrätter,0.0,g
3267,Baklava ,Arakidinsyra C20:0,Efterrätter,0.0,g
3267,Baklava ,Linolensyra C18:3,Efterrätter,0.9,g
3267,Baklava ,Linolsyra C18:2,Efterrätter,5.4,g
3267,Baklava ,Oljesyra C18:1,Efterrätter,10.2,g
3267,Baklava ,Stearinsyra C18:0,Efterrätter,0.6,g
3267,Baklava ,Palmitoljesyra C16:1,Efterrätter,0.1,g
3267,Baklava ,Palmitinsyra C16:0,Efterrätter,2.3,g
3267,Baklava ,Myristinsyra C14:0,Efterrätter,0.2,g
3267,Baklava ,Laurinsyra C12:0,Efterrätter,0.1,g
3267,Baklava ,Betakaroten/β-Karoten,Efterrätter,29.0,µg
3267,Baklava ,Avfall (skal etc.),Efterrätter,14.0,%
3267,Baklava ,Aska,Efterrätter,0.9,g
3267,Baklava ,Alkohol,Efterrätter,0.0,g
3281,Jordgubbssylt lättsockrad ,"Zink, Zn",Sylt marmelad gelé äppelmos o dyl,0.1,mg
3281,Jordgubbssylt lättsockrad ,Vitamin E,Sylt marmelad gelé äppelmos o dyl,0.1,mg
3281,Jordgubbssylt lättsockrad ,Vitamin D,Sylt marmelad gelé äppelmos o dyl,0.0,µg
3281,Jordgubbssylt lättsockrad ,Vitamin C,Sylt marmelad gelé äppelmos o dyl,9.0,mg
3281,Jordgubbssylt lättsockrad ,Vitamin B6,Sylt marmelad gelé äppelmos o dyl,0.0,mg
3281,Jordgubbssylt lättsockrad ,Vitamin B12,Sylt marmelad gelé äppelmos o dyl,0.0,µg
3281,Jordgubbssylt lättsockrad ,Vitamin A,Sylt marmelad gelé äppelmos o dyl,0.5,RE/µg
3281,Jordgubbssylt lättsockrad ,Vatten,Sylt marmelad gelé äppelmos o dyl,69.8,g
3281,Jordgubbssylt lättsockrad ,Tiamin,Sylt marmelad gelé äppelmos o dyl,0.01,mg
3281,Jordgubbssylt lättsockrad ,Tillsatt socker,Sylt marmelad gelé äppelmos o dyl,26.0,g
3281,Jordgubbssylt lättsockrad ,Fritt socker,Sylt marmelad gelé äppelmos o dyl,26.0,g
3281,Jordgubbssylt lättsockrad ,"Selen, Se",Sylt marmelad gelé äppelmos o dyl,0.0,µg
3281,Jordgubbssylt lättsockrad ,Sackaros,Sylt marmelad gelé äppelmos o dyl,23.0,g
3281,Jordgubbssylt lättsockrad ,Riboflavin,Sylt marmelad gelé äppelmos o dyl,0.02,mg
3281,Jordgubbssylt lättsockrad ,Retinol,Sylt marmelad gelé äppelmos o dyl,0.0,µg
3281,Jordgubbssylt lättsockrad ,Protein,Sylt marmelad gelé äppelmos o dyl,0.2,g
3281,Jordgubbssylt lättsockrad ,Summa fleromättade fettsyror,Sylt marmelad gelé äppelmos o dyl,0.1,g
3281,Jordgubbssylt lättsockrad ,"Fosfor, P",Sylt marmelad gelé äppelmos o dyl,16.0,mg
3281,Jordgubbssylt lättsockrad ,Niacinekvivalenter,Sylt marmelad gelé äppelmos o dyl,0.2,NE/mg
3281,Jordgubbssylt lättsockrad ,Niacin,Sylt marmelad gelé äppelmos o dyl,0.15,mg
3281,Jordgubbssylt lättsockrad ,"Salt, NaCl",Sylt marmelad gelé äppelmos o dyl,0.1,g
3281,Jordgubbssylt lättsockrad ,"Natrium, Na",Sylt marmelad gelé äppelmos o dyl,50.0,mg
3281,Jordgubbssylt lättsockrad ,Monosackarider,Sylt marmelad gelé äppelmos o dyl,4.0,g
3281,Jordgubbssylt lättsockrad ,"Sockerarter, totalt",Sylt marmelad gelé äppelmos o dyl,27.0,g
3281,Jordgubbssylt lättsockrad ,Summa enkelomättade fettsyror,Sylt marmelad gelé äppelmos o dyl,0.0,g
3281,Jordgubbssylt lättsockrad ,"Magnesium, Mg",Sylt marmelad gelé äppelmos o dyl,10.0,mg
3281,Jordgubbssylt lättsockrad ,Summa mättade fettsyror,Sylt marmelad gelé äppelmos o dyl,0.0,g
3281,Jordgubbssylt lättsockrad ,"Kolhydrater, tillgängliga",Sylt marmelad gelé äppelmos o dyl,28.3,g
3281,Jordgubbssylt lättsockrad ,Kolesterol,Sylt marmelad gelé äppelmos o dyl,0.0,mg
3281,Jordgubbssylt lättsockrad ,"Kalium, K",Sylt marmelad gelé äppelmos o dyl,80.0,mg
3281,Jordgubbssylt lättsockrad ,"Jod, I",Sylt marmelad gelé äppelmos o dyl,0.0,µg
3281,Jordgubbssylt lättsockrad ,Fullkorn totalt,Sylt marmelad gelé äppelmos o dyl,0.0,g
3281,Jordgubbssylt lättsockrad ,"Folat, totalt",Sylt marmelad gelé äppelmos o dyl,3.2,µg
3281,Jordgubbssylt lättsockrad ,Fibrer,Sylt marmelad gelé äppelmos o dyl,1.3,g
3281,Jordgubbssylt lättsockrad ,"Fett, totalt",Sylt marmelad gelé äppelmos o dyl,0.2,g
3281,Jordgubbssylt lättsockrad ,"Järn, Fe",Sylt marmelad gelé äppelmos o dyl,0.5,mg
3281,Jordgubbssylt lättsockrad ,Energi (kJ),Sylt marmelad gelé äppelmos o dyl,502.0,kJ
3281,Jordgubbssylt lättsockrad ,Energi (kcal),Sylt marmelad gelé äppelmos o dyl,120.0,kcal
3281,Jordgubbssylt lättsockrad ,Disackarider,Sylt marmelad gelé äppelmos o dyl,23.0,g
3281,Jordgubbssylt lättsockrad ,"Kalcium, Ca",Sylt marmelad gelé äppelmos o dyl,18.0,mg
3281,Jordgubbssylt lättsockrad ,Fettsyra 4:0-10:0,Sylt marmelad gelé äppelmos o dyl,0.0,g
3281,Jordgubbssylt lättsockrad ,DHA (C22:6),Sylt marmelad gelé äppelmos o dyl,0.0,g
3281,Jordgubbssylt lättsockrad ,DPA (C22:5),Sylt marmelad gelé äppelmos o dyl,0.0,g
3281,Jordgubbssylt lättsockrad ,EPA (C20:5),Sylt marmelad gelé äppelmos o dyl,0.0,g
3281,Jordgubbssylt lättsockrad ,Arakidonsyra C20:4,Sylt marmelad gelé äppelmos o dyl,0.0,g
3281,Jordgubbssylt lättsockrad ,Arakidinsyra C20:0,Sylt marmelad gelé äppelmos o dyl,0.0,g
3281,Jordgubbssylt lättsockrad ,Linolensyra C18:3,Sylt marmelad gelé äppelmos o dyl,0.0,g
3281,Jordgubbssylt lättsockrad ,Linolsyra C18:2,Sylt marmelad gelé äppelmos o dyl,0.0,g
3281,Jordgubbssylt lättsockrad ,Oljesyra C18:1,Sylt marmelad gelé äppelmos o dyl,0.0,g
3281,Jordgubbssylt lättsockrad ,Stearinsyra C18:0,Sylt marmelad gelé äppelmos o dyl,0.0,g
3281,Jordgubbssylt lättsockrad ,Palmitoljesyra C16:1,Sylt marmelad gelé äppelmos o dyl,0.0,g
3281,Jordgubbssylt lättsockrad ,Palmitinsyra C16:0,Sylt marmelad gelé äppelmos o dyl,0.0,g
3281,Jordgubbssylt lättsockrad ,Myristinsyra C14:0,Sylt marmelad gelé äppelmos o dyl,0.0,g
3281,Jordgubbssylt lättsockrad ,Laurinsyra C12:0,Sylt marmelad gelé äppelmos o dyl,0.0,g
3281,Jordgubbssylt lättsockrad ,Betakaroten/β-Karoten,Sylt marmelad gelé äppelmos o dyl,6.0,µg
3281,Jordgubbssylt lättsockrad ,Avfall (skal etc.),Sylt marmelad gelé äppelmos o dyl,0.0,%
3281,Jordgubbssylt lättsockrad ,Aska,Sylt marmelad gelé äppelmos o dyl,0.2,g
3281,Jordgubbssylt lättsockrad ,Alkohol,Sylt marmelad gelé äppelmos o dyl,0.0,g
3318,Nöt oxfilé stekt,"Zink, Zn",Kött färskt fryst tillagat ,3.1,mg
3318,Nöt oxfilé stekt,Vitamin E,Kött färskt fryst tillagat ,0.9,mg
3318,Nöt oxfilé stekt,Vitamin D,Kött färskt fryst tillagat ,0.0,µg
3318,Nöt oxfilé stekt,Vitamin C,Kött färskt fryst tillagat ,0.0,mg
3318,Nöt oxfilé stekt,Vitamin B6,Kött färskt fryst tillagat ,0.24,mg
3318,Nöt oxfilé stekt,Vitamin B12,Kött färskt fryst tillagat ,1.3,µg
3318,Nöt oxfilé stekt,Vitamin A,Kött färskt fryst tillagat ,9.5,RE/µg
3318,Nöt oxfilé stekt,Vatten,Kött färskt fryst tillagat ,68.5,g
3318,Nöt oxfilé stekt,Tiamin,Kött färskt fryst tillagat ,0.08,mg
3318,Nöt oxfilé stekt,Tillsatt socker,Kött färskt fryst tillagat ,0.0,g
3318,Nöt oxfilé stekt,Fritt socker,Kött färskt fryst tillagat ,0.0,g
3318,Nöt oxfilé stekt,"Selen, Se",Kött färskt fryst tillagat ,7.6,µg
3318,Nöt oxfilé stekt,Sackaros,Kött färskt fryst tillagat ,0.0,g
3318,Nöt oxfilé stekt,Riboflavin,Kött färskt fryst tillagat ,0.19,mg
3318,Nöt oxfilé stekt,Retinol,Kött färskt fryst tillagat ,5.5,µg
3318,Nöt oxfilé stekt,Protein,Kött färskt fryst tillagat ,25.4,g
3318,Nöt oxfilé stekt,Summa fleromättade fettsyror,Kött färskt fryst tillagat ,0.4,g
3318,Nöt oxfilé stekt,"Fosfor, P",Kött färskt fryst tillagat ,246.0,mg
3318,Nöt oxfilé stekt,Niacinekvivalenter,Kött färskt fryst tillagat ,12.62,NE/mg
3318,Nöt oxfilé stekt,Niacin,Kött färskt fryst tillagat ,7.93,mg
3318,Nöt oxfilé stekt,"Salt, NaCl",Kött färskt fryst tillagat ,0.5,g
3318,Nöt oxfilé stekt,"Natrium, Na",Kött färskt fryst tillagat ,197.0,mg
3318,Nöt oxfilé stekt,Monosackarider,Kött färskt fryst tillagat ,0.0,g
3318,Nöt oxfilé stekt,"Sockerarter, totalt",Kött färskt fryst tillagat ,0.0,g
3318,Nöt oxfilé stekt,Summa enkelomättade fettsyror,Kött färskt fryst tillagat ,1.6,g
3318,Nöt oxfilé stekt,"Magnesium, Mg",Kött färskt fryst tillagat ,29.0,mg
3318,Nöt oxfilé stekt,Summa mättade fettsyror,Kött färskt fryst tillagat ,2.3,g
3318,Nöt oxfilé stekt,"Kolhydrater, tillgängliga",Kött färskt fryst tillagat ,0.0,g
3318,Nöt oxfilé stekt,Kolesterol,Kött färskt fryst tillagat ,66.4,mg
3318,Nöt oxfilé stekt,"Kalium, K",Kött färskt fryst tillagat ,286.0,mg
3318,Nöt oxfilé stekt,"Jod, I",Kött färskt fryst tillagat ,18.9,µg
3318,Nöt oxfilé stekt,Fullkorn totalt,Kött färskt fryst tillagat ,0.0,g
3318,Nöt oxfilé stekt,"Folat, totalt",Kött färskt fryst tillagat ,5.0,µg
3318,Nöt oxfilé stekt,Fibrer,Kött färskt fryst tillagat ,0.0,g
3318,Nöt oxfilé stekt,"Fett, totalt",Kött färskt fryst tillagat ,4.8,g
3318,Nöt oxfilé stekt,"Järn, Fe",Kött färskt fryst tillagat ,2.7,mg
3318,Nöt oxfilé stekt,Energi (kJ),Kött färskt fryst tillagat ,608.0,kJ
3318,Nöt oxfilé stekt,Energi (kcal),Kött färskt fryst tillagat ,145.0,kcal
3318,Nöt oxfilé stekt,Disackarider,Kött färskt fryst tillagat ,0.0,g
3318,Nöt oxfilé stekt,"Kalcium, Ca",Kött färskt fryst tillagat ,5.0,mg
3318,Nöt oxfilé stekt,Fettsyra 4:0-10:0,Kött färskt fryst tillagat ,0.0,g
3318,Nöt oxfilé stekt,DHA (C22:6),Kött färskt fryst tillagat ,0.0,g
3318,Nöt oxfilé stekt,DPA (C22:5),Kött färskt fryst tillagat ,0.0,g
3318,Nöt oxfilé stekt,EPA (C20:5),Kött färskt fryst tillagat ,0.0,g
3318,Nöt oxfilé stekt,Arakidonsyra C20:4,Kött färskt fryst tillagat ,0.0,g
3318,Nöt oxfilé stekt,Arakidinsyra C20:0,Kött färskt fryst tillagat ,0.0,g
3318,Nöt oxfilé stekt,Linolensyra C18:3,Kött färskt fryst tillagat ,0.1,g
3318,Nöt oxfilé stekt,Linolsyra C18:2,Kött färskt fryst tillagat ,0.2,g
3318,Nöt oxfilé stekt,Oljesyra C18:1,Kött färskt fryst tillagat ,1.5,g
3318,Nöt oxfilé stekt,Stearinsyra C18:0,Kött färskt fryst tillagat ,0.9,g
3318,Nöt oxfilé stekt,Palmitoljesyra C16:1,Kött färskt fryst tillagat ,0.1,g
3318,Nöt oxfilé stekt,Palmitinsyra C16:0,Kött färskt fryst tillagat ,1.1,g
3318,Nöt oxfilé stekt,Myristinsyra C14:0,Kött färskt fryst tillagat ,0.1,g
3318,Nöt oxfilé stekt,Laurinsyra C12:0,Kött färskt fryst tillagat ,0.0,g
3318,Nöt oxfilé stekt,Betakaroten/β-Karoten,Kött färskt fryst tillagat ,48.0,µg
3318,Nöt oxfilé stekt,Avfall (skal etc.),Kött färskt fryst tillagat ,0.0,%
3318,Nöt oxfilé stekt,Aska,Kött färskt fryst tillagat ,1.6,g
3318,Nöt oxfilé stekt,Alkohol,Kött färskt fryst tillagat ,0.0,g
3323,Älg färs rå,"Zink, Zn",Kött färskt fryst tillagat ,6.9,mg
3323,Älg färs rå,Vitamin E,Kött färskt fryst tillagat ,0.8,mg
3323,Älg färs rå,Vitamin D inkl 25-OH-D3,Kött färskt fryst tillagat ,0.0,µg
3323,Älg färs rå,Vitamin D,Kött färskt fryst tillagat ,0.0,µg
3323,Älg färs rå,Vitamin C,Kött färskt fryst tillagat ,0.0,mg
3323,Älg färs rå,Vitamin B6,Kött färskt fryst tillagat ,0.33,mg
3323,Älg färs rå,Vitamin B12,Kött färskt fryst tillagat ,3.26,µg
3323,Älg färs rå,Vitamin A,Kött färskt fryst tillagat ,6.4,RE/µg
3323,Älg färs rå,Vatten,Kött färskt fryst tillagat ,75.0,g
3323,Älg färs rå,Tiamin,Kött färskt fryst tillagat ,0.14,mg
3323,Älg färs rå,Tillsatt socker,Kött färskt fryst tillagat ,0.0,g
3323,Älg färs rå,Fritt socker,Kött färskt fryst tillagat ,0.0,g
3323,Älg färs rå,"Selen, Se",Kött färskt fryst tillagat ,7.4,µg
3323,Älg färs rå,Sackaros,Kött färskt fryst tillagat ,0.0,g
3323,Älg färs rå,Riboflavin,Kött färskt fryst tillagat ,0.34,mg
3323,Älg färs rå,Retinol,Kött färskt fryst tillagat ,6.4,µg
3323,Älg färs rå,Protein,Kött färskt fryst tillagat ,22.6,g
3323,Älg färs rå,Summa fleromättade fettsyror,Kött färskt fryst tillagat ,0.3,g
3323,Älg färs rå,"Fosfor, P",Kött färskt fryst tillagat ,185.0,mg
3323,Älg färs rå,Niacinekvivalenter,Kött färskt fryst tillagat ,9.0,NE/mg
3323,Älg färs rå,Niacin,Kött färskt fryst tillagat ,4.82,mg
3323,Älg färs rå,"Salt, NaCl",Kött färskt fryst tillagat ,0.1,g
3323,Älg färs rå,"Natrium, Na",Kött färskt fryst tillagat ,56.0,mg
3323,Älg färs rå,Monosackarider,Kött färskt fryst tillagat ,0.0,g
3323,Älg färs rå,"Sockerarter, totalt",Kött färskt fryst tillagat ,0.0,g
3323,Älg färs rå,Summa enkelomättade fettsyror,Kött färskt fryst tillagat ,0.5,g
3323,Älg färs rå,"Magnesium, Mg",Kött färskt fryst tillagat ,21.0,mg
3323,Älg färs rå,Summa mättade fettsyror,Kött färskt fryst tillagat ,0.6,g
3323,Älg färs rå,"Kolhydrater, tillgängliga",Kött färskt fryst tillagat ,0.0,g
3323,Älg färs rå,Kolesterol,Kött färskt fryst tillagat ,56.0,mg
3323,Älg färs rå,"Kalium, K",Kött färskt fryst tillagat ,355.0,mg
3323,Älg färs rå,"Jod, I",Kött färskt fryst tillagat ,1.6,µg
3323,Älg färs rå,Fullkorn totalt,Kött färskt fryst tillagat ,0.0,g
3323,Älg färs rå,"Folat, totalt",Kött färskt fryst tillagat ,0.0,µg
3323,Älg färs rå,Fibrer,Kött färskt fryst tillagat ,0.0,g
3323,Älg färs rå,"Fett, totalt",Kött färskt fryst tillagat ,1.6,g
3323,Älg färs rå,"Järn, Fe",Kött färskt fryst tillagat ,3.0,mg
3323,Älg färs rå,Energi (kJ),Kött färskt fryst tillagat ,443.0,kJ
3323,Älg färs rå,Energi (kcal),Kött färskt fryst tillagat ,106.0,kcal
3323,Älg färs rå,Disackarider,Kött färskt fryst tillagat ,0.0,g
3323,Älg färs rå,"Kalcium, Ca",Kött färskt fryst tillagat ,4.0,mg
3323,Älg färs rå,Fettsyra 4:0-10:0,Kött färskt fryst tillagat ,0.0,g
3323,Älg färs rå,DHA (C22:6),Kött färskt fryst tillagat ,0.0,g
3323,Älg färs rå,DPA (C22:5),Kött färskt fryst tillagat ,0.0,g
3323,Älg färs rå,EPA (C20:5),Kött färskt fryst tillagat ,0.0,g
3323,Älg färs rå,Arakidonsyra C20:4,Kött färskt fryst tillagat ,0.0,g
3323,Älg färs rå,Arakidinsyra C20:0,Kött färskt fryst tillagat ,0.0,g
3323,Älg färs rå,Linolensyra C18:3,Kött färskt fryst tillagat ,0.0,g
3323,Älg färs rå,Linolsyra C18:2,Kött färskt fryst tillagat ,0.1,g
3323,Älg färs rå,Oljesyra C18:1,Kött färskt fryst tillagat ,0.4,g
3323,Älg färs rå,Stearinsyra C18:0,Kött färskt fryst tillagat ,0.3,g
3323,Älg färs rå,Palmitoljesyra C16:1,Kött färskt fryst tillagat ,0.0,g
3323,Älg färs rå,Palmitinsyra C16:0,Kött färskt fryst tillagat ,0.2,g
3323,Älg färs rå,Myristinsyra C14:0,Kött färskt fryst tillagat ,0.0,g
3323,Älg färs rå,Laurinsyra C12:0,Kött färskt fryst tillagat ,0.0,g
3323,Älg färs rå,Betakaroten/β-Karoten,Kött färskt fryst tillagat ,0.0,µg
3323,Älg färs rå,Avfall (skal etc.),Kött färskt fryst tillagat ,0.0,%
3323,Älg färs rå,Aska,Kött färskt fryst tillagat ,1.0,g
3323,Älg färs rå,Alkohol,Kött färskt fryst tillagat ,0.0,g
3324,Älg ytterlår,"Zink, Zn",Kött färskt fryst tillagat ,4.5,mg
3324,Älg ytterlår,Vitamin E,Kött färskt fryst tillagat ,0.8,mg
3324,Älg ytterlår,Vitamin D inkl 25-OH-D3,Kött färskt fryst tillagat ,0.0,µg
3324,Älg ytterlår,Vitamin D,Kött färskt fryst tillagat ,0.0,µg
3324,Älg ytterlår,Vitamin C,Kött färskt fryst tillagat ,0.0,mg
3324,Älg ytterlår,Vitamin B6,Kött färskt fryst tillagat ,0.48,mg
3324,Älg ytterlår,Vitamin B12,Kött färskt fryst tillagat ,3.2,µg
3324,Älg ytterlår,Vitamin A,Kött färskt fryst tillagat ,1.8,RE/µg
3324,Älg ytterlår,Vatten,Kött färskt fryst tillagat ,73.9,g
3324,Älg ytterlår,Tiamin,Kött färskt fryst tillagat ,0.18,mg
3324,Älg ytterlår,Tillsatt socker,Kött färskt fryst tillagat ,0.0,g
3324,Älg ytterlår,Fritt socker,Kött färskt fryst tillagat ,0.0,g
3324,Älg ytterlår,"Selen, Se",Kött färskt fryst tillagat ,7.5,µg
3324,Älg ytterlår,Sackaros,Kött färskt fryst tillagat ,0.0,g
3324,Älg ytterlår,Riboflavin,Kött färskt fryst tillagat ,0.42,mg
3324,Älg ytterlår,Retinol,Kött färskt fryst tillagat ,1.8,µg
3324,Älg ytterlår,Protein,Kött färskt fryst tillagat ,22.1,g
3324,Älg ytterlår,Summa fleromättade fettsyror,Kött färskt fryst tillagat ,0.3,g
3324,Älg ytterlår,"Fosfor, P",Kött färskt fryst tillagat ,202.0,mg
3324,Älg ytterlår,Niacinekvivalenter,Kött färskt fryst tillagat ,9.5,NE/mg
3324,Älg ytterlår,Niacin,Kött färskt fryst tillagat ,5.48,mg
3324,Älg ytterlår,"Salt, NaCl",Kött färskt fryst tillagat ,0.1,g
3324,Älg ytterlår,"Natrium, Na",Kött färskt fryst tillagat ,46.0,mg
3324,Älg ytterlår,Monosackarider,Kött färskt fryst tillagat ,0.0,g
3324,Älg ytterlår,"Sockerarter, totalt",Kött färskt fryst tillagat ,0.0,g
3324,Älg ytterlår,Summa enkelomättade fettsyror,Kött färskt fryst tillagat ,0.4,g
3324,Älg ytterlår,"Magnesium, Mg",Kött färskt fryst tillagat ,22.0,mg
3324,Älg ytterlår,Summa mättade fettsyror,Kött färskt fryst tillagat ,0.4,g
3324,Älg ytterlår,"Kolhydrater, tillgängliga",Kött färskt fryst tillagat ,1.5,g
3324,Älg ytterlår,Kolesterol,Kött färskt fryst tillagat ,67.2,mg
3324,Älg ytterlår,"Kalium, K",Kött färskt fryst tillagat ,362.0,mg
3324,Älg ytterlår,"Jod, I",Kött färskt fryst tillagat ,1.7,µg
3324,Älg ytterlår,Fullkorn totalt,Kött färskt fryst tillagat ,0.0,g
3324,Älg ytterlår,"Folat, totalt",Kött färskt fryst tillagat ,0.0,µg
3324,Älg ytterlår,Fibrer,Kött färskt fryst tillagat ,0.0,g
3324,Älg ytterlår,"Fett, totalt",Kött färskt fryst tillagat ,1.3,g
3324,Älg ytterlår,"Järn, Fe",Kött färskt fryst tillagat ,3.1,mg
3324,Älg ytterlår,Energi (kJ),Kött färskt fryst tillagat ,450.0,kJ
3324,Älg ytterlår,Energi (kcal),Kött färskt fryst tillagat ,108.0,kcal
3324,Älg ytterlår,Disackarider,Kött färskt fryst tillagat ,0.0,g
3324,Älg ytterlår,"Kalcium, Ca",Kött färskt fryst tillagat ,4.0,mg
3324,Älg ytterlår,Fettsyra 4:0-10:0,Kött färskt fryst tillagat ,0.0,g
3324,Älg ytterlår,DHA (C22:6),Kött färskt fryst tillagat ,0.0,g
3324,Älg ytterlår,DPA (C22:5),Kött färskt fryst tillagat ,0.0,g
3324,Älg ytterlår,EPA (C20:5),Kött färskt fryst tillagat ,0.0,g
3324,Älg ytterlår,Arakidonsyra C20:4,Kött färskt fryst tillagat ,0.0,g
3324,Älg ytterlår,Arakidinsyra C20:0,Kött färskt fryst tillagat ,0.0,g
3324,Älg ytterlår,Linolensyra C18:3,Kött färskt fryst tillagat ,0.0,g
3324,Älg ytterlår,Linolsyra C18:2,Kött färskt fryst tillagat ,0.2,g
3324,Älg ytterlår,Oljesyra C18:1,Kött färskt fryst tillagat ,0.4,g
3324,Älg ytterlår,Stearinsyra C18:0,Kött färskt fryst tillagat ,0.2,g
3324,Älg ytterlår,Palmitoljesyra C16:1,Kött färskt fryst tillagat ,0.0,g
3324,Älg ytterlår,Palmitinsyra C16:0,Kött färskt fryst tillagat ,0.2,g
3324,Älg ytterlår,Myristinsyra C14:0,Kött färskt fryst tillagat ,0.0,g
3324,Älg ytterlår,Laurinsyra C12:0,Kött färskt fryst tillagat ,0.0,g
3324,Älg ytterlår,Betakaroten/β-Karoten,Kött färskt fryst tillagat ,0.0,µg
3324,Älg ytterlår,Avfall (skal etc.),Kött färskt fryst tillagat ,0.0,%
3324,Älg ytterlår,Aska,Kött färskt fryst tillagat ,1.1,g
3324,Älg ytterlår,Alkohol,Kött färskt fryst tillagat ,0.0,g
3334,Chips potatis naturell,"Zink, Zn",Chips popcorn o dyl,0.8,mg
3334,Chips potatis naturell,Vitamin E,Chips popcorn o dyl,15.1,mg
3334,Chips potatis naturell,Vitamin D inkl 25-OH-D3,Chips popcorn o dyl,0.0,µg
3334,Chips potatis naturell,Vitamin D,Chips popcorn o dyl,0.0,µg
3334,Chips potatis naturell,Vitamin C,Chips popcorn o dyl,15.7,mg
3334,Chips potatis naturell,Vitamin B6,Chips popcorn o dyl,0.44,mg
3334,Chips potatis naturell,Vitamin B12,Chips popcorn o dyl,0.0,µg
3334,Chips potatis naturell,Vitamin A,Chips popcorn o dyl,0.5,RE/µg
3334,Chips potatis naturell,Vatten,Chips popcorn o dyl,2.2,g
3334,Chips potatis naturell,Tiamin,Chips popcorn o dyl,0.13,mg
3334,Chips potatis naturell,Tillsatt socker,Chips popcorn o dyl,0.0,g
3334,Chips potatis naturell,Fritt socker,Chips popcorn o dyl,0.0,g
3334,Chips potatis naturell,"Selen, Se",Chips popcorn o dyl,0.0,µg
3334,Chips potatis naturell,Sackaros,Chips popcorn o dyl,0.4,g
3334,Chips potatis naturell,Riboflavin,Chips popcorn o dyl,0.07,mg
3334,Chips potatis naturell,Retinol,Chips popcorn o dyl,0.0,µg
3334,Chips potatis naturell,Protein,Chips popcorn o dyl,5.6,g
3334,Chips potatis naturell,Summa fleromättade fettsyror,Chips popcorn o dyl,4.5,g
3334,Chips potatis naturell,"Fosfor, P",Chips popcorn o dyl,120.0,mg
3334,Chips potatis naturell,Niacinekvivalenter,Chips popcorn o dyl,5.0,NE/mg
3334,Chips potatis naturell,Niacin,Chips popcorn o dyl,4.04,mg
3334,Chips potatis naturell,"Salt, NaCl",Chips popcorn o dyl,1.2,g
3334,Chips potatis naturell,"Natrium, Na",Chips popcorn o dyl,460.0,mg
3334,Chips potatis naturell,Monosackarider,Chips popcorn o dyl,0.0,g
3334,Chips potatis naturell,"Sockerarter, totalt",Chips popcorn o dyl,1.2,g
3334,Chips potatis naturell,Summa enkelomättade fettsyror,Chips popcorn o dyl,19.9,g
3334,Chips potatis naturell,"Magnesium, Mg",Chips popcorn o dyl,52.0,mg
3334,Chips potatis naturell,Summa mättade fettsyror,Chips popcorn o dyl,2.3,g
3334,Chips potatis naturell,"Kolhydrater, tillgängliga",Chips popcorn o dyl,55.6,g
3334,Chips potatis naturell,Kolesterol,Chips popcorn o dyl,0.0,mg
3334,Chips potatis naturell,"Kalium, K",Chips popcorn o dyl,870.0,mg
3334,Chips potatis naturell,"Jod, I",Chips popcorn o dyl,0.0,µg
3334,Chips potatis naturell,Fullkorn totalt,Chips popcorn o dyl,0.0,g
3334,Chips potatis naturell,"Folat, totalt",Chips popcorn o dyl,18.2,µg
3334,Chips potatis naturell,Fibrer,Chips popcorn o dyl,5.8,g
3334,Chips potatis naturell,"Fett, totalt",Chips popcorn o dyl,27.9,g
3334,Chips potatis naturell,"Järn, Fe",Chips popcorn o dyl,1.0,mg
3334,Chips potatis naturell,Energi (kJ),Chips popcorn o dyl,2118.0,kJ
3334,Chips potatis naturell,Energi (kcal),Chips popcorn o dyl,506.0,kcal
3334,Chips potatis naturell,Disackarider,Chips popcorn o dyl,1.1,g
3334,Chips potatis naturell,"Kalcium, Ca",Chips popcorn o dyl,14.0,mg
3334,Chips potatis naturell,Fettsyra 4:0-10:0,Chips popcorn o dyl,0.0,g
3334,Chips potatis naturell,DHA (C22:6),Chips popcorn o dyl,0.0,g
3334,Chips potatis naturell,DPA (C22:5),Chips popcorn o dyl,0.0,g
3334,Chips potatis naturell,EPA (C20:5),Chips popcorn o dyl,0.0,g
3334,Chips potatis naturell,Arakidonsyra C20:4,Chips popcorn o dyl,0.0,g
3334,Chips potatis naturell,Arakidinsyra C20:0,Chips popcorn o dyl,0.1,g
3334,Chips potatis naturell,Linolensyra C18:3,Chips popcorn o dyl,0.2,g
3334,Chips potatis naturell,Linolsyra C18:2,Chips popcorn o dyl,4.3,g
3334,Chips potatis naturell,Oljesyra C18:1,Chips popcorn o dyl,19.7,g
3334,Chips potatis naturell,Stearinsyra C18:0,Chips popcorn o dyl,0.8,g
3334,Chips potatis naturell,Palmitoljesyra C16:1,Chips popcorn o dyl,0.0,g
3334,Chips potatis naturell,Palmitinsyra C16:0,Chips popcorn o dyl,1.2,g
3334,Chips potatis naturell,Myristinsyra C14:0,Chips popcorn o dyl,0.0,g
3334,Chips potatis naturell,Laurinsyra C12:0,Chips popcorn o dyl,0.0,g
3334,Chips potatis naturell,Betakaroten/β-Karoten,Chips popcorn o dyl,6.0,µg
3334,Chips potatis naturell,Avfall (skal etc.),Chips popcorn o dyl,0.0,%
3334,Chips potatis naturell,Aska,Chips popcorn o dyl,3.0,g
3334,Chips potatis naturell,Alkohol,Chips popcorn o dyl,0.0,g
3433,Linfröolja,"Zink, Zn",Olja,0.0,mg
3433,Linfröolja,Vitamin E,Olja,6.7,mg
3433,Linfröolja,Vitamin D inkl 25-OH-D3,Olja,0.0,µg
3433,Linfröolja,Vitamin D,Olja,0.0,µg
3433,Linfröolja,Vitamin C,Olja,0.0,mg
3433,Linfröolja,Vitamin B6,Olja,0.0,mg
3433,Linfröolja,Vitamin B12,Olja,0.0,µg
3433,Linfröolja,Vitamin A,Olja,5.6,RE/µg
3433,Linfröolja,Vatten,Olja,0.0,g
3433,Linfröolja,Tiamin,Olja,0.0,mg
3433,Linfröolja,Tillsatt socker,Olja,0.0,g
3433,Linfröolja,Fritt socker,Olja,0.0,g
3433,Linfröolja,"Selen, Se",Olja,0.0,µg
3433,Linfröolja,Sackaros,Olja,0.0,g
3433,Linfröolja,Riboflavin,Olja,0.0,mg
3433,Linfröolja,Retinol,Olja,0.0,µg
3433,Linfröolja,Protein,Olja,0.0,g
3433,Linfröolja,Summa fleromättade fettsyror,Olja,66.8,g
3433,Linfröolja,"Fosfor, P",Olja,0.0,mg
3433,Linfröolja,Niacinekvivalenter,Olja,0.0,NE/mg
3433,Linfröolja,Niacin,Olja,0.0,mg
3433,Linfröolja,"Salt, NaCl",Olja,0.0,g
3433,Linfröolja,"Natrium, Na",Olja,0.0,mg
3433,Linfröolja,Monosackarider,Olja,0.0,g
3433,Linfröolja,"Sockerarter, totalt",Olja,0.0,g
3433,Linfröolja,Summa enkelomättade fettsyror,Olja,20.4,g
3433,Linfröolja,"Magnesium, Mg",Olja,0.0,mg
3433,Linfröolja,Summa mättade fettsyror,Olja,7.9,g
3433,Linfröolja,"Kolhydrater, tillgängliga",Olja,0.0,g
3433,Linfröolja,Kolesterol,Olja,0.0,mg
3433,Linfröolja,"Kalium, K",Olja,0.0,mg
3433,Linfröolja,"Jod, I",Olja,0.0,µg
3433,Linfröolja,Fullkorn totalt,Olja,0.0,g
3433,Linfröolja,"Folat, totalt",Olja,0.0,µg
3433,Linfröolja,Fibrer,Olja,0.0,g
3433,Linfröolja,"Fett, totalt",Olja,100.0,g
3433,Linfröolja,"Järn, Fe",Olja,0.0,mg
3433,Linfröolja,Energi (kJ),Olja,3700.0,kJ
3433,Linfröolja,Energi (kcal),Olja,884.0,kcal
3433,Linfröolja,Disackarider,Olja,0.0,g
3433,Linfröolja,"Kalcium, Ca",Olja,0.0,mg
3433,Linfröolja,Fettsyra 4:0-10:0,Olja,0.1,g
3433,Linfröolja,DHA (C22:6),Olja,0.0,g
3433,Linfröolja,DPA (C22:5),Olja,0.0,g
3433,Linfröolja,EPA (C20:5),Olja,0.0,g
3433,Linfröolja,Arakidonsyra C20:4,Olja,0.0,g
3433,Linfröolja,Arakidinsyra C20:0,Olja,0.2,g
3433,Linfröolja,Linolensyra C18:3,Olja,52.3,g
3433,Linfröolja,Linolsyra C18:2,Olja,14.4,g
3433,Linfröolja,Oljesyra C18:1,Olja,19.9,g
3433,Linfröolja,Stearinsyra C18:0,Olja,2.9,g
3433,Linfröolja,Palmitoljesyra C16:1,Olja,0.0,g
3433,Linfröolja,Palmitinsyra C16:0,Olja,4.5,g
3433,Linfröolja,Myristinsyra C14:0,Olja,0.0,g
3433,Linfröolja,Laurinsyra C12:0,Olja,0.0,g
3433,Linfröolja,Betakaroten/β-Karoten,Olja,61.0,µg
3433,Linfröolja,Avfall (skal etc.),Olja,0.0,%
3433,Linfröolja,Aska,Olja,0.0,g
3433,Linfröolja,Alkohol,Olja,0.0,g
3447,Frukostflingor havre fullkorn typ Havrefras,"Zink, Zn",Flingor - frukostflingor,3.3,mg
3447,Frukostflingor havre fullkorn typ Havrefras,Vitamin E,Flingor - frukostflingor,1.5,mg
3447,Frukostflingor havre fullkorn typ Havrefras,Vitamin D inkl 25-OH-D3,Flingor - frukostflingor,0.0,µg
3447,Frukostflingor havre fullkorn typ Havrefras,Vitamin D,Flingor - frukostflingor,0.0,µg
3447,Frukostflingor havre fullkorn typ Havrefras,Vitamin C,Flingor - frukostflingor,0.0,mg
3447,Frukostflingor havre fullkorn typ Havrefras,Vitamin B6,Flingor - frukostflingor,0.13,mg
3447,Frukostflingor havre fullkorn typ Havrefras,Vitamin B12,Flingor - frukostflingor,0.0,µg
3447,Frukostflingor havre fullkorn typ Havrefras,Vitamin A,Flingor - frukostflingor,0.0,RE/µg
3447,Frukostflingor havre fullkorn typ Havrefras,Vatten,Flingor - frukostflingor,3.7,g
3447,Frukostflingor havre fullkorn typ Havrefras,Tiamin,Flingor - frukostflingor,0.17,mg
3447,Frukostflingor havre fullkorn typ Havrefras,Tillsatt socker,Flingor - frukostflingor,9.0,g
3447,Frukostflingor havre fullkorn typ Havrefras,Fritt socker,Flingor - frukostflingor,9.0,g
3447,Frukostflingor havre fullkorn typ Havrefras,"Selen, Se",Flingor - frukostflingor,8.0,µg
3447,Frukostflingor havre fullkorn typ Havrefras,Sackaros,Flingor - frukostflingor,8.4,g
3447,Frukostflingor havre fullkorn typ Havrefras,Riboflavin,Flingor - frukostflingor,0.08,mg
3447,Frukostflingor havre fullkorn typ Havrefras,Retinol,Flingor - frukostflingor,0.0,µg
3447,Frukostflingor havre fullkorn typ Havrefras,Protein,Flingor - frukostflingor,12.0,g
3447,Frukostflingor havre fullkorn typ Havrefras,Summa fleromättade fettsyror,Flingor - frukostflingor,2.7,g
3447,Frukostflingor havre fullkorn typ Havrefras,"Fosfor, P",Flingor - frukostflingor,440.0,mg
3447,Frukostflingor havre fullkorn typ Havrefras,Niacinekvivalenter,Flingor - frukostflingor,3.6,NE/mg
3447,Frukostflingor havre fullkorn typ Havrefras,Niacin,Flingor - frukostflingor,1.6,mg
3447,Frukostflingor havre fullkorn typ Havrefras,"Salt, NaCl",Flingor - frukostflingor,0.8,g
3447,Frukostflingor havre fullkorn typ Havrefras,"Natrium, Na",Flingor - frukostflingor,340.0,mg
3447,Frukostflingor havre fullkorn typ Havrefras,Monosackarider,Flingor - frukostflingor,0.3,g
3447,Frukostflingor havre fullkorn typ Havrefras,"Sockerarter, totalt",Flingor - frukostflingor,9.0,g
3447,Frukostflingor havre fullkorn typ Havrefras,Summa enkelomättade fettsyror,Flingor - frukostflingor,2.5,g
3447,Frukostflingor havre fullkorn typ Havrefras,"Magnesium, Mg",Flingor - frukostflingor,130.0,mg
3447,Frukostflingor havre fullkorn typ Havrefras,Summa mättade fettsyror,Flingor - frukostflingor,1.2,g
3447,Frukostflingor havre fullkorn typ Havrefras,"Kolhydrater, tillgängliga",Flingor - frukostflingor,61.8,g
3447,Frukostflingor havre fullkorn typ Havrefras,Kolesterol,Flingor - frukostflingor,0.0,mg
3447,Frukostflingor havre fullkorn typ Havrefras,"Kalium, K",Flingor - frukostflingor,740.0,mg
3447,Frukostflingor havre fullkorn typ Havrefras,"Jod, I",Flingor - frukostflingor,3.0,µg
3447,Frukostflingor havre fullkorn typ Havrefras,Fullkorn totalt,Flingor - frukostflingor,85.0,g
3447,Frukostflingor havre fullkorn typ Havrefras,"Folat, totalt",Flingor - frukostflingor,46.3,µg
3447,Frukostflingor havre fullkorn typ Havrefras,Fibrer,Flingor - frukostflingor,12.6,g
3447,Frukostflingor havre fullkorn typ Havrefras,"Fett, totalt",Flingor - frukostflingor,6.9,g
3447,Frukostflingor havre fullkorn typ Havrefras,"Järn, Fe",Flingor - frukostflingor,4.3,mg
3447,Frukostflingor havre fullkorn typ Havrefras,Energi (kJ),Flingor - frukostflingor,1610.0,kJ
3447,Frukostflingor havre fullkorn typ Havrefras,Energi (kcal),Flingor - frukostflingor,385.0,kcal
3447,Frukostflingor havre fullkorn typ Havrefras,Disackarider,Flingor - frukostflingor,8.7,g
3447,Frukostflingor havre fullkorn typ Havrefras,"Kalcium, Ca",Flingor - frukostflingor,58.0,mg
3447,Frukostflingor havre fullkorn typ Havrefras,Fettsyra 4:0-10:0,Flingor - frukostflingor,0.0,g
3447,Frukostflingor havre fullkorn typ Havrefras,DHA (C22:6),Flingor - frukostflingor,0.0,g
3447,Frukostflingor havre fullkorn typ Havrefras,DPA (C22:5),Flingor - frukostflingor,0.0,g
3447,Frukostflingor havre fullkorn typ Havrefras,EPA (C20:5),Flingor - frukostflingor,0.0,g
3447,Frukostflingor havre fullkorn typ Havrefras,Arakidonsyra C20:4,Flingor - frukostflingor,0.0,g
3447,Frukostflingor havre fullkorn typ Havrefras,Arakidinsyra C20:0,Flingor - frukostflingor,0.0,g
3447,Frukostflingor havre fullkorn typ Havrefras,Linolensyra C18:3,Flingor - frukostflingor,0.1,g
3447,Frukostflingor havre fullkorn typ Havrefras,Linolsyra C18:2,Flingor - frukostflingor,2.6,g
3447,Frukostflingor havre fullkorn typ Havrefras,Oljesyra C18:1,Flingor - frukostflingor,2.4,g
3447,Frukostflingor havre fullkorn typ Havrefras,Stearinsyra C18:0,Flingor - frukostflingor,0.2,g
3447,Frukostflingor havre fullkorn typ Havrefras,Palmitoljesyra C16:1,Flingor - frukostflingor,0.0,g
3447,Frukostflingor havre fullkorn typ Havrefras,Palmitinsyra C16:0,Flingor - frukostflingor,1.0,g
3447,Frukostflingor havre fullkorn typ Havrefras,Myristinsyra C14:0,Flingor - frukostflingor,0.0,g
3447,Frukostflingor havre fullkorn typ Havrefras,Laurinsyra C12:0,Flingor - frukostflingor,0.0,g
3447,Frukostflingor havre fullkorn typ Havrefras,Betakaroten/β-Karoten,Flingor - frukostflingor,0.0,µg
3447,Frukostflingor havre fullkorn typ Havrefras,Avfall (skal etc.),Flingor - frukostflingor,0.0,%
3447,Frukostflingor havre fullkorn typ Havrefras,Aska,Flingor - frukostflingor,3.1,g
3447,Frukostflingor havre fullkorn typ Havrefras,Alkohol,Flingor - frukostflingor,0.0,g
3499,Barnmat klämmis m. yoghurt banan jordgubb konserv.,"Zink, Zn",Barnmatsprodukter exkl. välling o gröt,0.2,mg
3499,Barnmat klämmis m. yoghurt banan jordgubb konserv.,Vitamin E,Barnmatsprodukter exkl. välling o gröt,0.3,mg
3499,Barnmat klämmis m. yoghurt banan jordgubb konserv.,Vitamin D inkl 25-OH-D3,Barnmatsprodukter exkl. välling o gröt,0.0,µg
3499,Barnmat klämmis m. yoghurt banan jordgubb konserv.,Vitamin D,Barnmatsprodukter exkl. välling o gröt,0.0,µg
3499,Barnmat klämmis m. yoghurt banan jordgubb konserv.,Vitamin C,Barnmatsprodukter exkl. välling o gröt,4.1,mg
3499,Barnmat klämmis m. yoghurt banan jordgubb konserv.,Vitamin B6,Barnmatsprodukter exkl. välling o gröt,0.11,mg
3499,Barnmat klämmis m. yoghurt banan jordgubb konserv.,Vitamin B12,Barnmatsprodukter exkl. välling o gröt,0.0,µg
3499,Barnmat klämmis m. yoghurt banan jordgubb konserv.,Vitamin A,Barnmatsprodukter exkl. välling o gröt,7.5,RE/µg
3499,Barnmat klämmis m. yoghurt banan jordgubb konserv.,Vatten,Barnmatsprodukter exkl. välling o gröt,80.9,g
3499,Barnmat klämmis m. yoghurt banan jordgubb konserv.,Tiamin,Barnmatsprodukter exkl. välling o gröt,0.01,mg
3499,Barnmat klämmis m. yoghurt banan jordgubb konserv.,Tillsatt socker,Barnmatsprodukter exkl. välling o gröt,0.0,g
3499,Barnmat klämmis m. yoghurt banan jordgubb konserv.,Fritt socker,Barnmatsprodukter exkl. välling o gröt,0.0,g
3499,Barnmat klämmis m. yoghurt banan jordgubb konserv.,"Selen, Se",Barnmatsprodukter exkl. välling o gröt,0.0,µg
3499,Barnmat klämmis m. yoghurt banan jordgubb konserv.,Sackaros,Barnmatsprodukter exkl. välling o gröt,3.0,g
3499,Barnmat klämmis m. yoghurt banan jordgubb konserv.,Riboflavin,Barnmatsprodukter exkl. välling o gröt,0.06,mg
3499,Barnmat klämmis m. yoghurt banan jordgubb konserv.,Retinol,Barnmatsprodukter exkl. välling o gröt,4.0,µg
3499,Barnmat klämmis m. yoghurt banan jordgubb konserv.,Protein,Barnmatsprodukter exkl. välling o gröt,1.7,g
3499,Barnmat klämmis m. yoghurt banan jordgubb konserv.,Summa fleromättade fettsyror,Barnmatsprodukter exkl. välling o gröt,0.1,g
3499,Barnmat klämmis m. yoghurt banan jordgubb konserv.,"Fosfor, P",Barnmatsprodukter exkl. välling o gröt,42.0,mg
3499,Barnmat klämmis m. yoghurt banan jordgubb konserv.,Niacinekvivalenter,Barnmatsprodukter exkl. välling o gröt,0.8,NE/mg
3499,Barnmat klämmis m. yoghurt banan jordgubb konserv.,Niacin,Barnmatsprodukter exkl. välling o gröt,0.37,mg
3499,Barnmat klämmis m. yoghurt banan jordgubb konserv.,"Salt, NaCl",Barnmatsprodukter exkl. välling o gröt,0.0,g
3499,Barnmat klämmis m. yoghurt banan jordgubb konserv.,"Natrium, Na",Barnmatsprodukter exkl. välling o gröt,21.0,mg
3499,Barnmat klämmis m. yoghurt banan jordgubb konserv.,Monosackarider,Barnmatsprodukter exkl. välling o gröt,7.4,g
3499,Barnmat klämmis m. yoghurt banan jordgubb konserv.,"Sockerarter, totalt",Barnmatsprodukter exkl. välling o gröt,11.3,g
3499,Barnmat klämmis m. yoghurt banan jordgubb konserv.,Summa enkelomättade fettsyror,Barnmatsprodukter exkl. välling o gröt,0.2,g
3499,Barnmat klämmis m. yoghurt banan jordgubb konserv.,"Magnesium, Mg",Barnmatsprodukter exkl. välling o gröt,19.0,mg
3499,Barnmat klämmis m. yoghurt banan jordgubb konserv.,Summa mättade fettsyror,Barnmatsprodukter exkl. välling o gröt,0.7,g
3499,Barnmat klämmis m. yoghurt banan jordgubb konserv.,"Kolhydrater, tillgängliga",Barnmatsprodukter exkl. välling o gröt,14.4,g
3499,Barnmat klämmis m. yoghurt banan jordgubb konserv.,Kolesterol,Barnmatsprodukter exkl. välling o gröt,1.6,mg
3499,Barnmat klämmis m. yoghurt banan jordgubb konserv.,"Kalium, K",Barnmatsprodukter exkl. välling o gröt,220.0,mg
3499,Barnmat klämmis m. yoghurt banan jordgubb konserv.,"Jod, I",Barnmatsprodukter exkl. välling o gröt,0.0,µg
3499,Barnmat klämmis m. yoghurt banan jordgubb konserv.,Fullkorn totalt,Barnmatsprodukter exkl. välling o gröt,0.0,g
3499,Barnmat klämmis m. yoghurt banan jordgubb konserv.,"Folat, totalt",Barnmatsprodukter exkl. välling o gröt,32.4,µg
3499,Barnmat klämmis m. yoghurt banan jordgubb konserv.,Fibrer,Barnmatsprodukter exkl. välling o gröt,1.3,g
3499,Barnmat klämmis m. yoghurt banan jordgubb konserv.,"Fett, totalt",Barnmatsprodukter exkl. välling o gröt,1.1,g
3499,Barnmat klämmis m. yoghurt banan jordgubb konserv.,"Järn, Fe",Barnmatsprodukter exkl. välling o gröt,0.2,mg
3499,Barnmat klämmis m. yoghurt banan jordgubb konserv.,Energi (kJ),Barnmatsprodukter exkl. välling o gröt,325.0,kJ
3499,Barnmat klämmis m. yoghurt banan jordgubb konserv.,Energi (kcal),Barnmatsprodukter exkl. välling o gröt,78.0,kcal
3499,Barnmat klämmis m. yoghurt banan jordgubb konserv.,Disackarider,Barnmatsprodukter exkl. välling o gröt,3.9,g
3499,Barnmat klämmis m. yoghurt banan jordgubb konserv.,"Kalcium, Ca",Barnmatsprodukter exkl. välling o gröt,39.0,mg
3499,Barnmat klämmis m. yoghurt banan jordgubb konserv.,Fettsyra 4:0-10:0,Barnmatsprodukter exkl. välling o gröt,0.1,g
3499,Barnmat klämmis m. yoghurt banan jordgubb konserv.,DHA (C22:6),Barnmatsprodukter exkl. välling o gröt,0.0,g
3499,Barnmat klämmis m. yoghurt banan jordgubb konserv.,DPA (C22:5),Barnmatsprodukter exkl. välling o gröt,0.0,g
3499,Barnmat klämmis m. yoghurt banan jordgubb konserv.,EPA (C20:5),Barnmatsprodukter exkl. välling o gröt,0.0,g
3499,Barnmat klämmis m. yoghurt banan jordgubb konserv.,Arakidonsyra C20:4,Barnmatsprodukter exkl. välling o gröt,0.0,g
3499,Barnmat klämmis m. yoghurt banan jordgubb konserv.,Arakidinsyra C20:0,Barnmatsprodukter exkl. välling o gröt,0.0,g
3499,Barnmat klämmis m. yoghurt banan jordgubb konserv.,Linolensyra C18:3,Barnmatsprodukter exkl. välling o gröt,0.0,g
3499,Barnmat klämmis m. yoghurt banan jordgubb konserv.,Linolsyra C18:2,Barnmatsprodukter exkl. välling o gröt,0.0,g
3499,Barnmat klämmis m. yoghurt banan jordgubb konserv.,Oljesyra C18:1,Barnmatsprodukter exkl. välling o gröt,0.2,g
3499,Barnmat klämmis m. yoghurt banan jordgubb konserv.,Stearinsyra C18:0,Barnmatsprodukter exkl. välling o gröt,0.1,g
3499,Barnmat klämmis m. yoghurt banan jordgubb konserv.,Palmitoljesyra C16:1,Barnmatsprodukter exkl. välling o gröt,0.0,g
3499,Barnmat klämmis m. yoghurt banan jordgubb konserv.,Palmitinsyra C16:0,Barnmatsprodukter exkl. välling o gröt,0.4,g
3499,Barnmat klämmis m. yoghurt banan jordgubb konserv.,Myristinsyra C14:0,Barnmatsprodukter exkl. välling o gröt,0.1,g
3499,Barnmat klämmis m. yoghurt banan jordgubb konserv.,Laurinsyra C12:0,Barnmatsprodukter exkl. välling o gröt,0.0,g
3499,Barnmat klämmis m. yoghurt banan jordgubb konserv.,Betakaroten/β-Karoten,Barnmatsprodukter exkl. välling o gröt,30.0,µg
3499,Barnmat klämmis m. yoghurt banan jordgubb konserv.,Avfall (skal etc.),Barnmatsprodukter exkl. välling o gröt,0.0,%
3499,Barnmat klämmis m. yoghurt banan jordgubb konserv.,Aska,Barnmatsprodukter exkl. välling o gröt,0.6,g
3499,Barnmat klämmis m. yoghurt banan jordgubb konserv.,Alkohol,Barnmatsprodukter exkl. välling o gröt,0.0,g
3500,Sill inlagd olika smaker,"Zink, Zn",Fisk o skaldjursprodukter o rätter,0.4,mg
3500,Sill inlagd olika smaker,Vitamin E,Fisk o skaldjursprodukter o rätter,1.7,mg
3500,Sill inlagd olika smaker,Vitamin D inkl 25-OH-D3,Fisk o skaldjursprodukter o rätter,11.27,µg
3500,Sill inlagd olika smaker,Vitamin D,Fisk o skaldjursprodukter o rätter,11.27,µg
3500,Sill inlagd olika smaker,Vitamin C,Fisk o skaldjursprodukter o rätter,0.0,mg
3500,Sill inlagd olika smaker,Vitamin B6,Fisk o skaldjursprodukter o rätter,0.07,mg
3500,Sill inlagd olika smaker,Vitamin B12,Fisk o skaldjursprodukter o rätter,6.48,µg
3500,Sill inlagd olika smaker,Vitamin A,Fisk o skaldjursprodukter o rätter,14.8,RE/µg
3500,Sill inlagd olika smaker,Vatten,Fisk o skaldjursprodukter o rätter,53.1,g
3500,Sill inlagd olika smaker,Tiamin,Fisk o skaldjursprodukter o rätter,0.0,mg
3500,Sill inlagd olika smaker,Tillsatt socker,Fisk o skaldjursprodukter o rätter,18.0,g
3500,Sill inlagd olika smaker,Fritt socker,Fisk o skaldjursprodukter o rätter,18.0,g
3500,Sill inlagd olika smaker,"Selen, Se",Fisk o skaldjursprodukter o rätter,13.6,µg
3500,Sill inlagd olika smaker,Sackaros,Fisk o skaldjursprodukter o rätter,15.9,g
3500,Sill inlagd olika smaker,Riboflavin,Fisk o skaldjursprodukter o rätter,0.09,mg
3500,Sill inlagd olika smaker,Retinol,Fisk o skaldjursprodukter o rätter,11.4,µg
3500,Sill inlagd olika smaker,Protein,Fisk o skaldjursprodukter o rätter,9.8,g
3500,Sill inlagd olika smaker,Summa fleromättade fettsyror,Fisk o skaldjursprodukter o rätter,3.3,g
3500,Sill inlagd olika smaker,"Fosfor, P",Fisk o skaldjursprodukter o rätter,68.0,mg
3500,Sill inlagd olika smaker,Niacinekvivalenter,Fisk o skaldjursprodukter o rätter,2.9,NE/mg
3500,Sill inlagd olika smaker,Niacin,Fisk o skaldjursprodukter o rätter,1.12,mg
3500,Sill inlagd olika smaker,"Salt, NaCl",Fisk o skaldjursprodukter o rätter,2.9,g
3500,Sill inlagd olika smaker,"Natrium, Na",Fisk o skaldjursprodukter o rätter,1155.0,mg
3500,Sill inlagd olika smaker,Monosackarider,Fisk o skaldjursprodukter o rätter,1.7,g
3500,Sill inlagd olika smaker,"Sockerarter, totalt",Fisk o skaldjursprodukter o rätter,17.7,g
3500,Sill inlagd olika smaker,Summa enkelomättade fettsyror,Fisk o skaldjursprodukter o rätter,6.6,g
3500,Sill inlagd olika smaker,"Magnesium, Mg",Fisk o skaldjursprodukter o rätter,15.0,mg
3500,Sill inlagd olika smaker,Summa mättade fettsyror,Fisk o skaldjursprodukter o rätter,2.4,g
3500,Sill inlagd olika smaker,"Kolhydrater, tillgängliga",Fisk o skaldjursprodukter o rätter,20.0,g
3500,Sill inlagd olika smaker,Kolesterol,Fisk o skaldjursprodukter o rätter,47.5,mg
3500,Sill inlagd olika smaker,"Kalium, K",Fisk o skaldjursprodukter o rätter,64.0,mg
3500,Sill inlagd olika smaker,"Jod, I",Fisk o skaldjursprodukter o rätter,51.3,µg
3500,Sill inlagd olika smaker,Fullkorn totalt,Fisk o skaldjursprodukter o rätter,0.0,g
3500,Sill inlagd olika smaker,"Folat, totalt",Fisk o skaldjursprodukter o rätter,0.0,µg
3500,Sill inlagd olika smaker,Fibrer,Fisk o skaldjursprodukter o rätter,0.0,g
3500,Sill inlagd olika smaker,"Fett, totalt",Fisk o skaldjursprodukter o rätter,14.0,g
3500,Sill inlagd olika smaker,"Järn, Fe",Fisk o skaldjursprodukter o rätter,0.6,mg
3500,Sill inlagd olika smaker,Energi (kJ),Fisk o skaldjursprodukter o rätter,1024.0,kJ
3500,Sill inlagd olika smaker,Energi (kcal),Fisk o skaldjursprodukter o rätter,245.0,kcal
3500,Sill inlagd olika smaker,Disackarider,Fisk o skaldjursprodukter o rätter,16.0,g
3500,Sill inlagd olika smaker,"Kalcium, Ca",Fisk o skaldjursprodukter o rätter,20.0,mg
3500,Sill inlagd olika smaker,Fettsyra 4:0-10:0,Fisk o skaldjursprodukter o rätter,0.0,g
3500,Sill inlagd olika smaker,DHA (C22:6),Fisk o skaldjursprodukter o rätter,0.8,g
3500,Sill inlagd olika smaker,DPA (C22:5),Fisk o skaldjursprodukter o rätter,0.1,g
3500,Sill inlagd olika smaker,EPA (C20:5),Fisk o skaldjursprodukter o rätter,0.6,g
3500,Sill inlagd olika smaker,Arakidonsyra C20:4,Fisk o skaldjursprodukter o rätter,0.1,g
3500,Sill inlagd olika smaker,Arakidinsyra C20:0,Fisk o skaldjursprodukter o rätter,0.0,g
3500,Sill inlagd olika smaker,Linolensyra C18:3,Fisk o skaldjursprodukter o rätter,0.5,g
3500,Sill inlagd olika smaker,Linolsyra C18:2,Fisk o skaldjursprodukter o rätter,0.8,g
3500,Sill inlagd olika smaker,Oljesyra C18:1,Fisk o skaldjursprodukter o rätter,3.1,g
3500,Sill inlagd olika smaker,Stearinsyra C18:0,Fisk o skaldjursprodukter o rätter,0.2,g
3500,Sill inlagd olika smaker,Palmitoljesyra C16:1,Fisk o skaldjursprodukter o rätter,0.5,g
3500,Sill inlagd olika smaker,Palmitinsyra C16:0,Fisk o skaldjursprodukter o rätter,1.4,g
3500,Sill inlagd olika smaker,Myristinsyra C14:0,Fisk o skaldjursprodukter o rätter,0.7,g
3500,Sill inlagd olika smaker,Laurinsyra C12:0,Fisk o skaldjursprodukter o rätter,0.0,g
3500,Sill inlagd olika smaker,Betakaroten/β-Karoten,Fisk o skaldjursprodukter o rätter,41.0,µg
3500,Sill inlagd olika smaker,Avfall (skal etc.),Fisk o skaldjursprodukter o rätter,0.0,%
3500,Sill inlagd olika smaker,Aska,Fisk o skaldjursprodukter o rätter,3.2,g
3500,Sill inlagd olika smaker,Alkohol,Fisk o skaldjursprodukter o rätter,0.0,g
3518,Quinoa röd kokt m. salt,"Zink, Zn",Matgryn,1.1,mg
3518,Quinoa röd kokt m. salt,Vitamin E,Matgryn,1.1,mg
3518,Quinoa röd kokt m. salt,Vitamin D inkl 25-OH-D3,Matgryn,0.0,µg
3518,Quinoa röd kokt m. salt,Vitamin D,Matgryn,0.0,µg
3518,Quinoa röd kokt m. salt,Vitamin C,Matgryn,0.0,mg
3518,Quinoa röd kokt m. salt,Vitamin B6,Matgryn,0.13,mg
3518,Quinoa röd kokt m. salt,Vitamin B12,Matgryn,0.0,µg
3518,Quinoa röd kokt m. salt,Vitamin A,Matgryn,0.2,RE/µg
3518,Quinoa röd kokt m. salt,Vatten,Matgryn,63.5,g
3518,Quinoa röd kokt m. salt,Tiamin,Matgryn,0.1,mg
3518,Quinoa röd kokt m. salt,Tillsatt socker,Matgryn,0.0,g
3518,Quinoa röd kokt m. salt,Fritt socker,Matgryn,0.0,g
3518,Quinoa röd kokt m. salt,"Selen, Se",Matgryn,2.7,µg
3518,Quinoa röd kokt m. salt,Sackaros,Matgryn,0.7,g
3518,Quinoa röd kokt m. salt,Riboflavin,Matgryn,0.07,mg
3518,Quinoa röd kokt m. salt,Retinol,Matgryn,0.0,µg
3518,Quinoa röd kokt m. salt,Protein,Matgryn,4.4,g
3518,Quinoa röd kokt m. salt,Summa fleromättade fettsyror,Matgryn,1.0,g
3518,Quinoa röd kokt m. salt,"Fosfor, P",Matgryn,172.0,mg
3518,Quinoa röd kokt m. salt,Niacinekvivalenter,Matgryn,1.1,NE/mg
3518,Quinoa röd kokt m. salt,Niacin,Matgryn,0.36,mg
3518,Quinoa röd kokt m. salt,"Salt, NaCl",Matgryn,0.7,g
3518,Quinoa röd kokt m. salt,"Natrium, Na",Matgryn,277.0,mg
3518,Quinoa röd kokt m. salt,Monosackarider,Matgryn,0.0,g
3518,Quinoa röd kokt m. salt,"Sockerarter, totalt",Matgryn,0.8,g
3518,Quinoa röd kokt m. salt,Summa enkelomättade fettsyror,Matgryn,0.6,g
3518,Quinoa röd kokt m. salt,"Magnesium, Mg",Matgryn,83.0,mg
3518,Quinoa röd kokt m. salt,Summa mättade fettsyror,Matgryn,0.2,g
3518,Quinoa röd kokt m. salt,"Kolhydrater, tillgängliga",Matgryn,21.7,g
3518,Quinoa röd kokt m. salt,Kolesterol,Matgryn,0.0,mg
3518,Quinoa röd kokt m. salt,"Kalium, K",Matgryn,209.0,mg
3518,Quinoa röd kokt m. salt,"Jod, I",Matgryn,39.0,µg
3518,Quinoa röd kokt m. salt,Fullkorn totalt,Matgryn,0.0,g
3518,Quinoa röd kokt m. salt,"Folat, totalt",Matgryn,86.5,µg
3518,Quinoa röd kokt m. salt,Fibrer,Matgryn,6.7,g
3518,Quinoa röd kokt m. salt,"Fett, totalt",Matgryn,2.4,g
3518,Quinoa röd kokt m. salt,"Järn, Fe",Matgryn,1.6,mg
3518,Quinoa röd kokt m. salt,Energi (kJ),Matgryn,586.0,kJ
3518,Quinoa röd kokt m. salt,Energi (kcal),Matgryn,140.0,kcal
3518,Quinoa röd kokt m. salt,Disackarider,Matgryn,0.7,g
3518,Quinoa röd kokt m. salt,"Kalcium, Ca",Matgryn,14.0,mg
3518,Quinoa röd kokt m. salt,Fettsyra 4:0-10:0,Matgryn,0.0,g
3518,Quinoa röd kokt m. salt,DHA (C22:6),Matgryn,0.0,g
3518,Quinoa röd kokt m. salt,DPA (C22:5),Matgryn,0.0,g
3518,Quinoa röd kokt m. salt,EPA (C20:5),Matgryn,0.0,g
3518,Quinoa röd kokt m. salt,Arakidonsyra C20:4,Matgryn,0.0,g
3518,Quinoa röd kokt m. salt,Arakidinsyra C20:0,Matgryn,0.0,g
3518,Quinoa röd kokt m. salt,Linolensyra C18:3,Matgryn,0.1,g
3518,Quinoa röd kokt m. salt,Linolsyra C18:2,Matgryn,0.9,g
3518,Quinoa röd kokt m. salt,Oljesyra C18:1,Matgryn,0.6,g
3518,Quinoa röd kokt m. salt,Stearinsyra C18:0,Matgryn,0.0,g
3518,Quinoa röd kokt m. salt,Palmitoljesyra C16:1,Matgryn,0.0,g
3518,Quinoa röd kokt m. salt,Palmitinsyra C16:0,Matgryn,0.2,g
3518,Quinoa röd kokt m. salt,Myristinsyra C14:0,Matgryn,0.0,g
3518,Quinoa röd kokt m. salt,Laurinsyra C12:0,Matgryn,0.0,g
3518,Quinoa röd kokt m. salt,Betakaroten/β-Karoten,Matgryn,3.0,µg
3518,Quinoa röd kokt m. salt,Avfall (skal etc.),Matgryn,0.0,%
3518,Quinoa röd kokt m. salt,Aska,Matgryn,1.3,g
3518,Quinoa röd kokt m. salt,Alkohol,Matgryn,0.0,g
3522,Bananchips ,"Zink, Zn",Frukt o bär torkade,0.4,mg
3522,Bananchips ,Vitamin E,Frukt o bär torkade,0.6,mg
3522,Bananchips ,Vitamin D inkl 25-OH-D3,Frukt o bär torkade,0.0,µg
3522,Bananchips ,Vitamin D,Frukt o bär torkade,0.0,µg
3522,Bananchips ,Vitamin C,Frukt o bär torkade,1.6,mg
3522,Bananchips ,Vitamin B6,Frukt o bär torkade,0.29,mg
3522,Bananchips ,Vitamin B12,Frukt o bär torkade,0.0,µg
3522,Bananchips ,Vitamin A,Frukt o bär torkade,17.0,RE/µg
3522,Bananchips ,Vatten,Frukt o bär torkade,4.6,g
3522,Bananchips ,Tiamin,Frukt o bär torkade,0.03,mg
3522,Bananchips ,Tillsatt socker,Frukt o bär torkade,16.0,g
3522,Bananchips ,Fritt socker,Frukt o bär torkade,16.0,g
3522,Bananchips ,"Selen, Se",Frukt o bär torkade,0.0,µg
3522,Bananchips ,Sackaros,Frukt o bär torkade,15.6,g
3522,Bananchips ,Riboflavin,Frukt o bär torkade,0.03,mg
3522,Bananchips ,Retinol,Frukt o bär torkade,0.0,µg
3522,Bananchips ,Protein,Frukt o bär torkade,1.9,g
3522,Bananchips ,Summa fleromättade fettsyror,Frukt o bär torkade,0.5,g
3522,Bananchips ,"Fosfor, P",Frukt o bär torkade,63.0,mg
3522,Bananchips ,Niacinekvivalenter,Frukt o bär torkade,1.0,NE/mg
3522,Bananchips ,Niacin,Frukt o bär torkade,0.67,mg
3522,Bananchips ,"Salt, NaCl",Frukt o bär torkade,0.0,g
3522,Bananchips ,"Natrium, Na",Frukt o bär torkade,0.0,mg
3522,Bananchips ,Monosackarider,Frukt o bär torkade,0.4,g
3522,Bananchips ,"Sockerarter, totalt",Frukt o bär torkade,16.0,g
3522,Bananchips ,Summa enkelomättade fettsyror,Frukt o bär torkade,1.9,g
3522,Bananchips ,"Magnesium, Mg",Frukt o bär torkade,80.0,mg
3522,Bananchips ,Summa mättade fettsyror,Frukt o bär torkade,23.9,g
3522,Bananchips ,"Kolhydrater, tillgängliga",Frukt o bär torkade,59.1,g
3522,Bananchips ,Kolesterol,Frukt o bär torkade,0.0,mg
3522,Bananchips ,"Kalium, K",Frukt o bär torkade,520.0,mg
3522,Bananchips ,"Jod, I",Frukt o bär torkade,0.0,µg
3522,Bananchips ,Fullkorn totalt,Frukt o bär torkade,0.0,g
3522,Bananchips ,"Folat, totalt",Frukt o bär torkade,21.7,µg
3522,Bananchips ,Fibrer,Frukt o bär torkade,5.0,g
3522,Bananchips ,"Fett, totalt",Frukt o bär torkade,28.1,g
3522,Bananchips ,"Järn, Fe",Frukt o bär torkade,0.6,mg
3522,Bananchips ,Energi (kJ),Frukt o bär torkade,2118.0,kJ
3522,Bananchips ,Energi (kcal),Frukt o bär torkade,506.0,kcal
3522,Bananchips ,Disackarider,Frukt o bär torkade,15.6,g
3522,Bananchips ,"Kalcium, Ca",Frukt o bär torkade,15.0,mg
3522,Bananchips ,Fettsyra 4:0-10:0,Frukt o bär torkade,3.2,g
3522,Bananchips ,DHA (C22:6),Frukt o bär torkade,0.0,g
3522,Bananchips ,DPA (C22:5),Frukt o bär torkade,0.0,g
3522,Bananchips ,EPA (C20:5),Frukt o bär torkade,0.0,g
3522,Bananchips ,Arakidonsyra C20:4,Frukt o bär torkade,0.0,g
3522,Bananchips ,Arakidinsyra C20:0,Frukt o bär torkade,0.0,g
3522,Bananchips ,Linolensyra C18:3,Frukt o bär torkade,0.0,g
3522,Bananchips ,Linolsyra C18:2,Frukt o bär torkade,0.5,g
3522,Bananchips ,Oljesyra C18:1,Frukt o bär torkade,1.9,g
3522,Bananchips ,Stearinsyra C18:0,Frukt o bär torkade,0.8,g
3522,Bananchips ,Palmitoljesyra C16:1,Frukt o bär torkade,0.0,g
3522,Bananchips ,Palmitinsyra C16:0,Frukt o bär torkade,2.6,g
3522,Bananchips ,Myristinsyra C14:0,Frukt o bär torkade,5.1,g
3522,Bananchips ,Laurinsyra C12:0,Frukt o bär torkade,12.2,g
3522,Bananchips ,Betakaroten/β-Karoten,Frukt o bär torkade,191.0,µg
3522,Bananchips ,Avfall (skal etc.),Frukt o bär torkade,0.0,%
3522,Bananchips ,Aska,Frukt o bär torkade,1.2,g
3522,Bananchips ,Alkohol,Frukt o bär torkade,0.0,g
3564,Bulgur kokt u. salt fullkorn,"Zink, Zn",Matgryn,0.8,mg
3564,Bulgur kokt u. salt fullkorn,Vitamin E,Matgryn,0.0,mg
3564,Bulgur kokt u. salt fullkorn,Vitamin D inkl 25-OH-D3,Matgryn,0.0,µg
3564,Bulgur kokt u. salt fullkorn,Vitamin D,Matgryn,0.0,µg
3564,Bulgur kokt u. salt fullkorn,Vitamin C,Matgryn,0.0,mg
3564,Bulgur kokt u. salt fullkorn,Vitamin B6,Matgryn,0.08,mg
3564,Bulgur kokt u. salt fullkorn,Vitamin B12,Matgryn,0.0,µg
3564,Bulgur kokt u. salt fullkorn,Vitamin A,Matgryn,0.0,RE/µg
3564,Bulgur kokt u. salt fullkorn,Vatten,Matgryn,70.4,g
3564,Bulgur kokt u. salt fullkorn,Tiamin,Matgryn,0.1,mg
3564,Bulgur kokt u. salt fullkorn,Tillsatt socker,Matgryn,0.0,g
3564,Bulgur kokt u. salt fullkorn,Fritt socker,Matgryn,0.0,g
3564,Bulgur kokt u. salt fullkorn,"Selen, Se",Matgryn,0.0,µg
3564,Bulgur kokt u. salt fullkorn,Sackaros,Matgryn,0.3,g
3564,Bulgur kokt u. salt fullkorn,Riboflavin,Matgryn,0.0,mg
3564,Bulgur kokt u. salt fullkorn,Retinol,Matgryn,0.0,µg
3564,Bulgur kokt u. salt fullkorn,Protein,Matgryn,4.1,g
3564,Bulgur kokt u. salt fullkorn,Summa fleromättade fettsyror,Matgryn,0.3,g
3564,Bulgur kokt u. salt fullkorn,"Fosfor, P",Matgryn,107.0,mg
3564,Bulgur kokt u. salt fullkorn,Niacinekvivalenter,Matgryn,2.7,NE/mg
3564,Bulgur kokt u. salt fullkorn,Niacin,Matgryn,2.0,mg
3564,Bulgur kokt u. salt fullkorn,"Salt, NaCl",Matgryn,0.0,g
3564,Bulgur kokt u. salt fullkorn,"Natrium, Na",Matgryn,9.0,mg
3564,Bulgur kokt u. salt fullkorn,Monosackarider,Matgryn,0.0,g
3564,Bulgur kokt u. salt fullkorn,"Sockerarter, totalt",Matgryn,0.3,g
3564,Bulgur kokt u. salt fullkorn,Summa enkelomättade fettsyror,Matgryn,0.1,g
3564,Bulgur kokt u. salt fullkorn,"Magnesium, Mg",Matgryn,36.0,mg
3564,Bulgur kokt u. salt fullkorn,Summa mättade fettsyror,Matgryn,0.1,g
3564,Bulgur kokt u. salt fullkorn,"Kolhydrater, tillgängliga",Matgryn,20.7,g
3564,Bulgur kokt u. salt fullkorn,Kolesterol,Matgryn,0.0,mg
3564,Bulgur kokt u. salt fullkorn,"Kalium, K",Matgryn,127.0,mg
3564,Bulgur kokt u. salt fullkorn,"Jod, I",Matgryn,1.8,µg
3564,Bulgur kokt u. salt fullkorn,Fullkorn totalt,Matgryn,33.0,g
3564,Bulgur kokt u. salt fullkorn,"Folat, totalt",Matgryn,11.2,µg
3564,Bulgur kokt u. salt fullkorn,Fibrer,Matgryn,3.8,g
3564,Bulgur kokt u. salt fullkorn,"Fett, totalt",Matgryn,0.6,g
3564,Bulgur kokt u. salt fullkorn,"Järn, Fe",Matgryn,0.9,mg
3564,Bulgur kokt u. salt fullkorn,Energi (kJ),Matgryn,474.0,kJ
3564,Bulgur kokt u. salt fullkorn,Energi (kcal),Matgryn,113.0,kcal
3564,Bulgur kokt u. salt fullkorn,Disackarider,Matgryn,0.3,g
3564,Bulgur kokt u. salt fullkorn,"Kalcium, Ca",Matgryn,16.0,mg
3564,Bulgur kokt u. salt fullkorn,Fettsyra 4:0-10:0,Matgryn,0.0,g
3564,Bulgur kokt u. salt fullkorn,DHA (C22:6),Matgryn,0.0,g
3564,Bulgur kokt u. salt fullkorn,DPA (C22:5),Matgryn,0.0,g
3564,Bulgur kokt u. salt fullkorn,EPA (C20:5),Matgryn,0.0,g
3564,Bulgur kokt u. salt fullkorn,Arakidonsyra C20:4,Matgryn,0.0,g
3564,Bulgur kokt u. salt fullkorn,Arakidinsyra C20:0,Matgryn,0.0,g
3564,Bulgur kokt u. salt fullkorn,Linolensyra C18:3,Matgryn,0.0,g
3564,Bulgur kokt u. salt fullkorn,Linolsyra C18:2,Matgryn,0.2,g
3564,Bulgur kokt u. salt fullkorn,Oljesyra C18:1,Matgryn,0.1,g
3564,Bulgur kokt u. salt fullkorn,Stearinsyra C18:0,Matgryn,0.0,g
3564,Bulgur kokt u. salt fullkorn,Palmitoljesyra C16:1,Matgryn,0.0,g
3564,Bulgur kokt u. salt fullkorn,Palmitinsyra C16:0,Matgryn,0.1,g
3564,Bulgur kokt u. salt fullkorn,Myristinsyra C14:0,Matgryn,0.0,g
3564,Bulgur kokt u. salt fullkorn,Laurinsyra C12:0,Matgryn,0.0,g
3564,Bulgur kokt u. salt fullkorn,Betakaroten/β-Karoten,Matgryn,0.0,µg
3564,Bulgur kokt u. salt fullkorn,Avfall (skal etc.),Matgryn,0.0,%
3564,Bulgur kokt u. salt fullkorn,Aska,Matgryn,0.4,g
3564,Bulgur kokt u. salt fullkorn,Alkohol,Matgryn,0.0,g
3590,Äppelkaka hembakad typ Fyriskaka,"Zink, Zn",Bullar kakor tårtor mm,0.3,mg
3590,Äppelkaka hembakad typ Fyriskaka,Vitamin E,Bullar kakor tårtor mm,2.3,mg
3590,Äppelkaka hembakad typ Fyriskaka,Vitamin D,Bullar kakor tårtor mm,1.19,µg
3590,Äppelkaka hembakad typ Fyriskaka,Vitamin C,Bullar kakor tårtor mm,4.0,mg
3590,Äppelkaka hembakad typ Fyriskaka,Vitamin B6,Bullar kakor tårtor mm,0.04,mg
3590,Äppelkaka hembakad typ Fyriskaka,Vitamin B12,Bullar kakor tårtor mm,0.14,µg
3590,Äppelkaka hembakad typ Fyriskaka,Vitamin A,Bullar kakor tårtor mm,144.1,RE/µg
3590,Äppelkaka hembakad typ Fyriskaka,Vatten,Bullar kakor tårtor mm,42.5,g
3590,Äppelkaka hembakad typ Fyriskaka,Tiamin,Bullar kakor tårtor mm,0.04,mg
3590,Äppelkaka hembakad typ Fyriskaka,Tillsatt socker,Bullar kakor tårtor mm,18.0,g
3590,Äppelkaka hembakad typ Fyriskaka,Fritt socker,Bullar kakor tårtor mm,18.0,g
3590,Äppelkaka hembakad typ Fyriskaka,"Selen, Se",Bullar kakor tårtor mm,3.9,µg
3590,Äppelkaka hembakad typ Fyriskaka,Sackaros,Bullar kakor tårtor mm,19.5,g
3590,Äppelkaka hembakad typ Fyriskaka,Riboflavin,Bullar kakor tårtor mm,0.05,mg
3590,Äppelkaka hembakad typ Fyriskaka,Retinol,Bullar kakor tårtor mm,136.9,µg
3590,Äppelkaka hembakad typ Fyriskaka,Protein,Bullar kakor tårtor mm,3.0,g
3590,Äppelkaka hembakad typ Fyriskaka,Summa fleromättade fettsyror,Bullar kakor tårtor mm,2.5,g
3590,Äppelkaka hembakad typ Fyriskaka,"Fosfor, P",Bullar kakor tårtor mm,78.0,mg
3590,Äppelkaka hembakad typ Fyriskaka,Niacinekvivalenter,Bullar kakor tårtor mm,0.84,NE/mg
3590,Äppelkaka hembakad typ Fyriskaka,Niacin,Bullar kakor tårtor mm,0.22,mg
3590,Äppelkaka hembakad typ Fyriskaka,"Salt, NaCl",Bullar kakor tårtor mm,0.3,g
3590,Äppelkaka hembakad typ Fyriskaka,"Natrium, Na",Bullar kakor tårtor mm,136.0,mg
3590,Äppelkaka hembakad typ Fyriskaka,Monosackarider,Bullar kakor tårtor mm,3.4,g
3590,Äppelkaka hembakad typ Fyriskaka,"Sockerarter, totalt",Bullar kakor tårtor mm,23.4,g
3590,Äppelkaka hembakad typ Fyriskaka,Summa enkelomättade fettsyror,Bullar kakor tårtor mm,5.1,g
3590,Äppelkaka hembakad typ Fyriskaka,"Magnesium, Mg",Bullar kakor tårtor mm,7.0,mg
3590,Äppelkaka hembakad typ Fyriskaka,Summa mättade fettsyror,Bullar kakor tårtor mm,6.3,g
3590,Äppelkaka hembakad typ Fyriskaka,"Kolhydrater, tillgängliga",Bullar kakor tårtor mm,38.0,g
3590,Äppelkaka hembakad typ Fyriskaka,Kolesterol,Bullar kakor tårtor mm,41.3,mg
3590,Äppelkaka hembakad typ Fyriskaka,"Kalium, K",Bullar kakor tårtor mm,100.0,mg
3590,Äppelkaka hembakad typ Fyriskaka,"Jod, I",Bullar kakor tårtor mm,5.2,µg
3590,Äppelkaka hembakad typ Fyriskaka,Fullkorn totalt,Bullar kakor tårtor mm,0.0,g
3590,Äppelkaka hembakad typ Fyriskaka,"Folat, totalt",Bullar kakor tårtor mm,9.0,µg
3590,Äppelkaka hembakad typ Fyriskaka,Fibrer,Bullar kakor tårtor mm,1.2,g
3590,Äppelkaka hembakad typ Fyriskaka,"Fett, totalt",Bullar kakor tårtor mm,14.5,g
3590,Äppelkaka hembakad typ Fyriskaka,"Järn, Fe",Bullar kakor tårtor mm,0.3,mg
3590,Äppelkaka hembakad typ Fyriskaka,Energi (kJ),Bullar kakor tårtor mm,1242.0,kJ
3590,Äppelkaka hembakad typ Fyriskaka,Energi (kcal),Bullar kakor tårtor mm,297.0,kcal
3590,Äppelkaka hembakad typ Fyriskaka,Disackarider,Bullar kakor tårtor mm,19.9,g
3590,Äppelkaka hembakad typ Fyriskaka,"Kalcium, Ca",Bullar kakor tårtor mm,37.0,mg
3590,Äppelkaka hembakad typ Fyriskaka,Fettsyra 4:0-10:0,Bullar kakor tårtor mm,0.4,g
3590,Äppelkaka hembakad typ Fyriskaka,DHA (C22:6),Bullar kakor tårtor mm,0.0,g
3590,Äppelkaka hembakad typ Fyriskaka,DPA (C22:5),Bullar kakor tårtor mm,0.0,g
3590,Äppelkaka hembakad typ Fyriskaka,EPA (C20:5),Bullar kakor tårtor mm,0.0,g
3590,Äppelkaka hembakad typ Fyriskaka,Arakidonsyra C20:4,Bullar kakor tårtor mm,0.0,g
3590,Äppelkaka hembakad typ Fyriskaka,Arakidinsyra C20:0,Bullar kakor tårtor mm,0.0,g
3590,Äppelkaka hembakad typ Fyriskaka,Linolensyra C18:3,Bullar kakor tårtor mm,0.5,g
3590,Äppelkaka hembakad typ Fyriskaka,Linolsyra C18:2,Bullar kakor tårtor mm,1.6,g
3590,Äppelkaka hembakad typ Fyriskaka,Oljesyra C18:1,Bullar kakor tårtor mm,5.3,g
3590,Äppelkaka hembakad typ Fyriskaka,Stearinsyra C18:0,Bullar kakor tårtor mm,0.7,g
3590,Äppelkaka hembakad typ Fyriskaka,Palmitoljesyra C16:1,Bullar kakor tårtor mm,0.1,g
3590,Äppelkaka hembakad typ Fyriskaka,Palmitinsyra C16:0,Bullar kakor tårtor mm,4.0,g
3590,Äppelkaka hembakad typ Fyriskaka,Myristinsyra C14:0,Bullar kakor tårtor mm,0.5,g
3590,Äppelkaka hembakad typ Fyriskaka,Laurinsyra C12:0,Bullar kakor tårtor mm,0.4,g
3590,Äppelkaka hembakad typ Fyriskaka,Betakaroten/β-Karoten,Bullar kakor tårtor mm,85.0,µg
3590,Äppelkaka hembakad typ Fyriskaka,Avfall (skal etc.),Bullar kakor tårtor mm,9.0,%
3590,Äppelkaka hembakad typ Fyriskaka,Aska,Bullar kakor tårtor mm,0.7,g
3590,Äppelkaka hembakad typ Fyriskaka,Alkohol,Bullar kakor tårtor mm,0.0,g
3591,Kladdkaka,"Zink, Zn",Bullar kakor tårtor mm,0.7,mg
3591,Kladdkaka,Vitamin E,Bullar kakor tårtor mm,2.7,mg
3591,Kladdkaka,Vitamin D,Bullar kakor tårtor mm,1.29,µg
3591,Kladdkaka,Vitamin C,Bullar kakor tårtor mm,0.4,mg
3591,Kladdkaka,Vitamin B6,Bullar kakor tårtor mm,0.03,mg
3591,Kladdkaka,Vitamin B12,Bullar kakor tårtor mm,0.24,µg
3591,Kladdkaka,Vitamin A,Bullar kakor tårtor mm,171.2,RE/µg
3591,Kladdkaka,Vatten,Bullar kakor tårtor mm,16.4,g
3591,Kladdkaka,Tiamin,Bullar kakor tårtor mm,0.03,mg
3591,Kladdkaka,Tillsatt socker,Bullar kakor tårtor mm,47.0,g
3591,Kladdkaka,Fritt socker,Bullar kakor tårtor mm,47.0,g
3591,Kladdkaka,"Selen, Se",Bullar kakor tårtor mm,5.6,µg
3591,Kladdkaka,Sackaros,Bullar kakor tårtor mm,47.0,g
3591,Kladdkaka,Riboflavin,Bullar kakor tårtor mm,0.08,mg
3591,Kladdkaka,Retinol,Bullar kakor tårtor mm,164.3,µg
3591,Kladdkaka,Protein,Bullar kakor tårtor mm,4.7,g
3591,Kladdkaka,Summa fleromättade fettsyror,Bullar kakor tårtor mm,2.7,g
3591,Kladdkaka,"Fosfor, P",Bullar kakor tårtor mm,83.0,mg
3591,Kladdkaka,Niacinekvivalenter,Bullar kakor tårtor mm,1.21,NE/mg
3591,Kladdkaka,Niacin,Bullar kakor tårtor mm,0.24,mg
3591,Kladdkaka,"Salt, NaCl",Bullar kakor tårtor mm,0.3,g
3591,Kladdkaka,"Natrium, Na",Bullar kakor tårtor mm,125.0,mg
3591,Kladdkaka,Monosackarider,Bullar kakor tårtor mm,0.1,g
3591,Kladdkaka,"Sockerarter, totalt",Bullar kakor tårtor mm,47.3,g
3591,Kladdkaka,Summa enkelomättade fettsyror,Bullar kakor tårtor mm,6.1,g
3591,Kladdkaka,"Magnesium, Mg",Bullar kakor tårtor mm,31.0,mg
3591,Kladdkaka,Summa mättade fettsyror,Bullar kakor tårtor mm,7.5,g
3591,Kladdkaka,"Kolhydrater, tillgängliga",Bullar kakor tårtor mm,58.7,g
3591,Kladdkaka,Kolesterol,Bullar kakor tårtor mm,69.3,mg
3591,Kladdkaka,"Kalium, K",Bullar kakor tårtor mm,223.0,mg
3591,Kladdkaka,"Jod, I",Bullar kakor tårtor mm,7.8,µg
3591,Kladdkaka,Fullkorn totalt,Bullar kakor tårtor mm,0.0,g
3591,Kladdkaka,"Folat, totalt",Bullar kakor tårtor mm,13.7,µg
3591,Kladdkaka,Fibrer,Bullar kakor tårtor mm,2.2,g
3591,Kladdkaka,"Fett, totalt",Bullar kakor tårtor mm,17.1,g
3591,Kladdkaka,"Järn, Fe",Bullar kakor tårtor mm,0.9,mg
3591,Kladdkaka,Energi (kJ),Bullar kakor tårtor mm,1727.0,kJ
3591,Kladdkaka,Energi (kcal),Bullar kakor tårtor mm,413.0,kcal
3591,Kladdkaka,Disackarider,Bullar kakor tårtor mm,47.2,g
3591,Kladdkaka,"Kalcium, Ca",Bullar kakor tårtor mm,18.0,mg
3591,Kladdkaka,Fettsyra 4:0-10:0,Bullar kakor tårtor mm,0.4,g
3591,Kladdkaka,DHA (C22:6),Bullar kakor tårtor mm,0.0,g
3591,Kladdkaka,DPA (C22:5),Bullar kakor tårtor mm,0.0,g
3591,Kladdkaka,EPA (C20:5),Bullar kakor tårtor mm,0.0,g
3591,Kladdkaka,Arakidonsyra C20:4,Bullar kakor tårtor mm,0.0,g
3591,Kladdkaka,Arakidinsyra C20:0,Bullar kakor tårtor mm,0.0,g
3591,Kladdkaka,Linolensyra C18:3,Bullar kakor tårtor mm,0.5,g
3591,Kladdkaka,Linolsyra C18:2,Bullar kakor tårtor mm,1.8,g
3591,Kladdkaka,Oljesyra C18:1,Bullar kakor tårtor mm,6.2,g
3591,Kladdkaka,Stearinsyra C18:0,Bullar kakor tårtor mm,1.2,g
3591,Kladdkaka,Palmitoljesyra C16:1,Bullar kakor tårtor mm,0.1,g
3591,Kladdkaka,Palmitinsyra C16:0,Bullar kakor tårtor mm,4.7,g
3591,Kladdkaka,Myristinsyra C14:0,Bullar kakor tårtor mm,0.5,g
3591,Kladdkaka,Laurinsyra C12:0,Bullar kakor tårtor mm,0.4,g
3591,Kladdkaka,Betakaroten/β-Karoten,Bullar kakor tårtor mm,82.0,µg
3591,Kladdkaka,Avfall (skal etc.),Bullar kakor tårtor mm,2.0,%
3591,Kladdkaka,Aska,Bullar kakor tårtor mm,0.8,g
3591,Kladdkaka,Alkohol,Bullar kakor tårtor mm,0.0,g
3594,Kyckling bröstfilé kokt u. skinn,"Zink, Zn",Fågel ,1.2,mg
3594,Kyckling bröstfilé kokt u. skinn,Vitamin E,Fågel ,1.6,mg
3594,Kyckling bröstfilé kokt u. skinn,Vitamin D,Fågel ,0.33,µg
3594,Kyckling bröstfilé kokt u. skinn,Vitamin C,Fågel ,0.0,mg
3594,Kyckling bröstfilé kokt u. skinn,Vitamin B6,Fågel ,0.81,mg
3594,Kyckling bröstfilé kokt u. skinn,Vitamin B12,Fågel ,0.19,µg
3594,Kyckling bröstfilé kokt u. skinn,Vitamin A,Fågel ,10.5,RE/µg
3594,Kyckling bröstfilé kokt u. skinn,Vatten,Fågel ,61.5,g
3594,Kyckling bröstfilé kokt u. skinn,Tiamin,Fågel ,0.2,mg
3594,Kyckling bröstfilé kokt u. skinn,Tillsatt socker,Fågel ,0.0,g
3594,Kyckling bröstfilé kokt u. skinn,Fritt socker,Fågel ,0.0,g
3594,Kyckling bröstfilé kokt u. skinn,"Selen, Se",Fågel ,16.8,µg
3594,Kyckling bröstfilé kokt u. skinn,Sackaros,Fågel ,0.0,g
3594,Kyckling bröstfilé kokt u. skinn,Riboflavin,Fågel ,0.17,mg
3594,Kyckling bröstfilé kokt u. skinn,Retinol,Fågel ,10.5,µg
3594,Kyckling bröstfilé kokt u. skinn,Protein,Fågel ,34.6,g
3594,Kyckling bröstfilé kokt u. skinn,Summa fleromättade fettsyror,Fågel ,0.3,g
3594,Kyckling bröstfilé kokt u. skinn,"Fosfor, P",Fågel ,294.0,mg
3594,Kyckling bröstfilé kokt u. skinn,Niacinekvivalenter,Fågel ,24.31,NE/mg
3594,Kyckling bröstfilé kokt u. skinn,Niacin,Fågel ,17.97,mg
3594,Kyckling bröstfilé kokt u. skinn,"Salt, NaCl",Fågel ,0.9,g
3594,Kyckling bröstfilé kokt u. skinn,"Natrium, Na",Fågel ,334.0,mg
3594,Kyckling bröstfilé kokt u. skinn,Monosackarider,Fågel ,0.0,g
3594,Kyckling bröstfilé kokt u. skinn,"Sockerarter, totalt",Fågel ,0.0,g
3594,Kyckling bröstfilé kokt u. skinn,Summa enkelomättade fettsyror,Fågel ,0.9,g
3594,Kyckling bröstfilé kokt u. skinn,"Magnesium, Mg",Fågel ,42.0,mg
3594,Kyckling bröstfilé kokt u. skinn,Summa mättade fettsyror,Fågel ,0.6,g
3594,Kyckling bröstfilé kokt u. skinn,"Kolhydrater, tillgängliga",Fågel ,0.0,g
3594,Kyckling bröstfilé kokt u. skinn,Kolesterol,Fågel ,86.8,mg
3594,Kyckling bröstfilé kokt u. skinn,"Kalium, K",Fågel ,153.0,mg
3594,Kyckling bröstfilé kokt u. skinn,"Jod, I",Fågel ,29.9,µg
3594,Kyckling bröstfilé kokt u. skinn,Fullkorn totalt,Fågel ,0.0,g
3594,Kyckling bröstfilé kokt u. skinn,"Folat, totalt",Fågel ,22.4,µg
3594,Kyckling bröstfilé kokt u. skinn,Fibrer,Fågel ,0.0,g
3594,Kyckling bröstfilé kokt u. skinn,"Fett, totalt",Fågel ,1.8,g
3594,Kyckling bröstfilé kokt u. skinn,"Järn, Fe",Fågel ,1.1,mg
3594,Kyckling bröstfilé kokt u. skinn,Energi (kJ),Fågel ,654.0,kJ
3594,Kyckling bröstfilé kokt u. skinn,Energi (kcal),Fågel ,156.0,kcal
3594,Kyckling bröstfilé kokt u. skinn,Disackarider,Fågel ,0.0,g
3594,Kyckling bröstfilé kokt u. skinn,"Kalcium, Ca",Fågel ,17.0,mg
3594,Kyckling bröstfilé kokt u. skinn,Fettsyra 4:0-10:0,Fågel ,0.0,g
3594,Kyckling bröstfilé kokt u. skinn,DHA (C22:6),Fågel ,0.0,g
3594,Kyckling bröstfilé kokt u. skinn,DPA (C22:5),Fågel ,0.0,g
3594,Kyckling bröstfilé kokt u. skinn,EPA (C20:5),Fågel ,0.0,g
3594,Kyckling bröstfilé kokt u. skinn,Arakidonsyra C20:4,Fågel ,0.0,g
3594,Kyckling bröstfilé kokt u. skinn,Arakidinsyra C20:0,Fågel ,0.0,g
3594,Kyckling bröstfilé kokt u. skinn,Linolensyra C18:3,Fågel ,0.0,g
3594,Kyckling bröstfilé kokt u. skinn,Linolsyra C18:2,Fågel ,0.2,g
3594,Kyckling bröstfilé kokt u. skinn,Oljesyra C18:1,Fågel ,0.7,g
3594,Kyckling bröstfilé kokt u. skinn,Stearinsyra C18:0,Fågel ,0.1,g
3594,Kyckling bröstfilé kokt u. skinn,Palmitoljesyra C16:1,Fågel ,0.1,g
3594,Kyckling bröstfilé kokt u. skinn,Palmitinsyra C16:0,Fågel ,0.4,g
3594,Kyckling bröstfilé kokt u. skinn,Myristinsyra C14:0,Fågel ,0.0,g
3594,Kyckling bröstfilé kokt u. skinn,Laurinsyra C12:0,Fågel ,0.0,g
3594,Kyckling bröstfilé kokt u. skinn,Betakaroten/β-Karoten,Fågel ,0.0,µg
3594,Kyckling bröstfilé kokt u. skinn,Avfall (skal etc.),Fågel ,0.0,%
3594,Kyckling bröstfilé kokt u. skinn,Aska,Fågel ,2.1,g
3594,Kyckling bröstfilé kokt u. skinn,Alkohol,Fågel ,0.0,g
3602,Tahini,"Zink, Zn",Nötter frön,6.9,mg
3602,Tahini,Vitamin E,Nötter frön,0.0,mg
3602,Tahini,Vitamin D inkl 25-OH-D3,Nötter frön,0.0,µg
3602,Tahini,Vitamin D,Nötter frön,0.0,µg
3602,Tahini,Vitamin C,Nötter frön,0.0,mg
3602,Tahini,Vitamin B6,Nötter frön,0.36,mg
3602,Tahini,Vitamin B12,Nötter frön,0.0,µg
3602,Tahini,Vitamin A,Nötter frön,0.5,RE/µg
3602,Tahini,Vatten,Nötter frön,3.7,g
3602,Tahini,Tiamin,Nötter frön,0.79,mg
3602,Tahini,Tillsatt socker,Nötter frön,0.0,g
3602,Tahini,Fritt socker,Nötter frön,0.0,g
3602,Tahini,"Selen, Se",Nötter frön,66.8,µg
3602,Tahini,Sackaros,Nötter frön,0.8,g
3602,Tahini,Riboflavin,Nötter frön,0.17,mg
3602,Tahini,Retinol,Nötter frön,0.0,µg
3602,Tahini,Protein,Nötter frön,20.4,g
3602,Tahini,Summa fleromättade fettsyror,Nötter frön,24.2,g
3602,Tahini,"Fosfor, P",Nötter frön,635.0,mg
3602,Tahini,Niacinekvivalenter,Nötter frön,8.45,NE/mg
3602,Tahini,Niacin,Nötter frön,5.05,mg
3602,Tahini,"Salt, NaCl",Nötter frön,0.0,g
3602,Tahini,"Natrium, Na",Nötter frön,14.0,mg
3602,Tahini,Monosackarider,Nötter frön,0.0,g
3602,Tahini,"Sockerarter, totalt",Nötter frön,0.8,g
3602,Tahini,Summa enkelomättade fettsyror,Nötter frön,22.6,g
3602,Tahini,"Magnesium, Mg",Nötter frön,335.0,mg
3602,Tahini,Summa mättade fettsyror,Nötter frön,7.2,g
3602,Tahini,"Kolhydrater, tillgängliga",Nötter frön,3.6,g
3602,Tahini,Kolesterol,Nötter frön,0.0,mg
3602,Tahini,"Kalium, K",Nötter frön,490.0,mg
3602,Tahini,"Jod, I",Nötter frön,0.0,µg
3602,Tahini,Fullkorn totalt,Nötter frön,0.0,g
3602,Tahini,"Folat, totalt",Nötter frön,143.0,µg
3602,Tahini,Fibrer,Nötter frön,11.2,g
3602,Tahini,"Fett, totalt",Nötter frön,57.2,g
3602,Tahini,"Järn, Fe",Nötter frön,8.2,mg
3602,Tahini,Energi (kJ),Nötter frön,2615.0,kJ
3602,Tahini,Energi (kcal),Nötter frön,625.0,kcal
3602,Tahini,Disackarider,Nötter frön,0.8,g
3602,Tahini,"Kalcium, Ca",Nötter frön,509.0,mg
3602,Tahini,Fettsyra 4:0-10:0,Nötter frön,0.0,g
3602,Tahini,DHA (C22:6),Nötter frön,0.0,g
3602,Tahini,DPA (C22:5),Nötter frön,0.0,g
3602,Tahini,EPA (C20:5),Nötter frön,0.0,g
3602,Tahini,Arakidonsyra C20:4,Nötter frön,0.0,g
3602,Tahini,Arakidinsyra C20:0,Nötter frön,0.2,g
3602,Tahini,Linolensyra C18:3,Nötter frön,0.1,g
3602,Tahini,Linolsyra C18:2,Nötter frön,24.1,g
3602,Tahini,Oljesyra C18:1,Nötter frön,22.6,g
3602,Tahini,Stearinsyra C18:0,Nötter frön,2.5,g
3602,Tahini,Palmitoljesyra C16:1,Nötter frön,0.0,g
3602,Tahini,Palmitinsyra C16:0,Nötter frön,4.5,g
3602,Tahini,Myristinsyra C14:0,Nötter frön,0.0,g
3602,Tahini,Laurinsyra C12:0,Nötter frön,0.0,g
3602,Tahini,Betakaroten/β-Karoten,Nötter frön,6.0,µg
3602,Tahini,Avfall (skal etc.),Nötter frön,0.0,%
3602,Tahini,Aska,Nötter frön,3.9,g
3602,Tahini,Alkohol,Nötter frön,0.0,g
3608,Järpar fläskfärs stekta,"Zink, Zn",Köttprodukter kötträtter,1.8,mg
3608,Järpar fläskfärs stekta,Vitamin E,Köttprodukter kötträtter,0.8,mg
3608,Järpar fläskfärs stekta,Vitamin D,Köttprodukter kötträtter,0.35,µg
3608,Järpar fläskfärs stekta,Vitamin C,Köttprodukter kötträtter,2.8,mg
3608,Järpar fläskfärs stekta,Vitamin B6,Köttprodukter kötträtter,0.2,mg
3608,Järpar fläskfärs stekta,Vitamin B12,Köttprodukter kötträtter,0.42,µg
3608,Järpar fläskfärs stekta,Vitamin A,Köttprodukter kötträtter,55.7,RE/µg
3608,Järpar fläskfärs stekta,Vatten,Köttprodukter kötträtter,65.1,g
3608,Järpar fläskfärs stekta,Tiamin,Köttprodukter kötträtter,0.35,mg
3608,Järpar fläskfärs stekta,Tillsatt socker,Köttprodukter kötträtter,0.0,g
3608,Järpar fläskfärs stekta,Fritt socker,Köttprodukter kötträtter,0.0,g
3608,Järpar fläskfärs stekta,"Selen, Se",Köttprodukter kötträtter,6.5,µg
3608,Järpar fläskfärs stekta,Sackaros,Köttprodukter kötträtter,0.2,g
3608,Järpar fläskfärs stekta,Riboflavin,Köttprodukter kötträtter,0.17,mg
3608,Järpar fläskfärs stekta,Retinol,Köttprodukter kötträtter,53.5,µg
3608,Järpar fläskfärs stekta,Protein,Köttprodukter kötträtter,12.4,g
3608,Järpar fläskfärs stekta,Summa fleromättade fettsyror,Köttprodukter kötträtter,1.3,g
3608,Järpar fläskfärs stekta,"Fosfor, P",Köttprodukter kötträtter,155.0,mg
3608,Järpar fläskfärs stekta,Niacinekvivalenter,Köttprodukter kötträtter,6.44,NE/mg
3608,Järpar fläskfärs stekta,Niacin,Köttprodukter kötträtter,4.13,mg
3608,Järpar fläskfärs stekta,"Salt, NaCl",Köttprodukter kötträtter,1.3,g
3608,Järpar fläskfärs stekta,"Natrium, Na",Köttprodukter kötträtter,522.0,mg
3608,Järpar fläskfärs stekta,Monosackarider,Köttprodukter kötträtter,0.3,g
3608,Järpar fläskfärs stekta,"Sockerarter, totalt",Köttprodukter kötträtter,0.8,g
3608,Järpar fläskfärs stekta,Summa enkelomättade fettsyror,Köttprodukter kötträtter,5.2,g
3608,Järpar fläskfärs stekta,"Magnesium, Mg",Köttprodukter kötträtter,26.0,mg
3608,Järpar fläskfärs stekta,Summa mättade fettsyror,Köttprodukter kötträtter,6.9,g
3608,Järpar fläskfärs stekta,"Kolhydrater, tillgängliga",Köttprodukter kötträtter,5.3,g
3608,Järpar fläskfärs stekta,Kolesterol,Köttprodukter kötträtter,69.9,mg
3608,Järpar fläskfärs stekta,"Kalium, K",Köttprodukter kötträtter,270.0,mg
3608,Järpar fläskfärs stekta,"Jod, I",Köttprodukter kötträtter,61.2,µg
3608,Järpar fläskfärs stekta,Fullkorn totalt,Köttprodukter kötträtter,0.0,g
3608,Järpar fläskfärs stekta,"Folat, totalt",Köttprodukter kötträtter,9.5,µg
3608,Järpar fläskfärs stekta,Fibrer,Köttprodukter kötträtter,0.7,g
3608,Järpar fläskfärs stekta,"Fett, totalt",Köttprodukter kötträtter,14.3,g
3608,Järpar fläskfärs stekta,"Järn, Fe",Köttprodukter kötträtter,1.0,mg
3608,Järpar fläskfärs stekta,Energi (kJ),Köttprodukter kötträtter,835.0,kJ
3608,Järpar fläskfärs stekta,Energi (kcal),Köttprodukter kötträtter,200.0,kcal
3608,Järpar fläskfärs stekta,Disackarider,Köttprodukter kötträtter,0.5,g
3608,Järpar fläskfärs stekta,"Kalcium, Ca",Köttprodukter kötträtter,33.0,mg
3608,Järpar fläskfärs stekta,Fettsyra 4:0-10:0,Köttprodukter kötträtter,0.4,g
3608,Järpar fläskfärs stekta,DHA (C22:6),Köttprodukter kötträtter,0.0,g
3608,Järpar fläskfärs stekta,DPA (C22:5),Köttprodukter kötträtter,0.0,g
3608,Järpar fläskfärs stekta,EPA (C20:5),Köttprodukter kötträtter,0.0,g
3608,Järpar fläskfärs stekta,Arakidonsyra C20:4,Köttprodukter kötträtter,0.0,g
3608,Järpar fläskfärs stekta,Arakidinsyra C20:0,Köttprodukter kötträtter,0.0,g
3608,Järpar fläskfärs stekta,Linolensyra C18:3,Köttprodukter kötträtter,0.1,g
3608,Järpar fläskfärs stekta,Linolsyra C18:2,Köttprodukter kötträtter,1.0,g
3608,Järpar fläskfärs stekta,Oljesyra C18:1,Köttprodukter kötträtter,4.5,g
3608,Järpar fläskfärs stekta,Stearinsyra C18:0,Köttprodukter kötträtter,1.9,g
3608,Järpar fläskfärs stekta,Palmitoljesyra C16:1,Köttprodukter kötträtter,0.4,g
3608,Järpar fläskfärs stekta,Palmitinsyra C16:0,Köttprodukter kötträtter,3.8,g
3608,Järpar fläskfärs stekta,Myristinsyra C14:0,Köttprodukter kötträtter,0.6,g
3608,Järpar fläskfärs stekta,Laurinsyra C12:0,Köttprodukter kötträtter,0.1,g
3608,Järpar fläskfärs stekta,Betakaroten/β-Karoten,Köttprodukter kötträtter,26.0,µg
3608,Järpar fläskfärs stekta,Avfall (skal etc.),Köttprodukter kötträtter,1.0,%
3608,Järpar fläskfärs stekta,Aska,Köttprodukter kötträtter,2.2,g
3608,Järpar fläskfärs stekta,Alkohol,Köttprodukter kötträtter,0.0,g
3609,Gris färs stekt tacokryddad,"Zink, Zn",Köttprodukter kötträtter,2.5,mg
3609,Gris färs stekt tacokryddad,Vitamin E,Köttprodukter kötträtter,1.3,mg
3609,Gris färs stekt tacokryddad,Vitamin D,Köttprodukter kötträtter,0.5,µg
3609,Gris färs stekt tacokryddad,Vitamin C,Köttprodukter kötträtter,0.0,mg
3609,Gris färs stekt tacokryddad,Vitamin B6,Köttprodukter kötträtter,0.25,mg
3609,Gris färs stekt tacokryddad,Vitamin B12,Köttprodukter kötträtter,0.31,µg
3609,Gris färs stekt tacokryddad,Vitamin A,Köttprodukter kötträtter,22.2,RE/µg
3609,Gris färs stekt tacokryddad,Vatten,Köttprodukter kötträtter,62.4,g
3609,Gris färs stekt tacokryddad,Tiamin,Köttprodukter kötträtter,0.35,mg
3609,Gris färs stekt tacokryddad,Tillsatt socker,Köttprodukter kötträtter,1.0,g
3609,Gris färs stekt tacokryddad,Fritt socker,Köttprodukter kötträtter,1.0,g
3609,Gris färs stekt tacokryddad,"Selen, Se",Köttprodukter kötträtter,7.2,µg
3609,Gris färs stekt tacokryddad,Sackaros,Köttprodukter kötträtter,0.3,g
3609,Gris färs stekt tacokryddad,Riboflavin,Köttprodukter kötträtter,0.17,mg
3609,Gris färs stekt tacokryddad,Retinol,Köttprodukter kötträtter,12.0,µg
3609,Gris färs stekt tacokryddad,Protein,Köttprodukter kötträtter,15.9,g
3609,Gris färs stekt tacokryddad,Summa fleromättade fettsyror,Köttprodukter kötträtter,2.3,g
3609,Gris färs stekt tacokryddad,"Fosfor, P",Köttprodukter kötträtter,187.0,mg
3609,Gris färs stekt tacokryddad,Niacinekvivalenter,Köttprodukter kötträtter,8.4,NE/mg
3609,Gris färs stekt tacokryddad,Niacin,Köttprodukter kötträtter,5.49,mg
3609,Gris färs stekt tacokryddad,"Salt, NaCl",Köttprodukter kötträtter,1.2,g
3609,Gris färs stekt tacokryddad,"Natrium, Na",Köttprodukter kötträtter,483.0,mg
3609,Gris färs stekt tacokryddad,Monosackarider,Köttprodukter kötträtter,0.9,g
3609,Gris färs stekt tacokryddad,"Sockerarter, totalt",Köttprodukter kötträtter,1.2,g
3609,Gris färs stekt tacokryddad,Summa enkelomättade fettsyror,Köttprodukter kötträtter,7.1,g
3609,Gris färs stekt tacokryddad,"Magnesium, Mg",Köttprodukter kötträtter,28.0,mg
3609,Gris färs stekt tacokryddad,Summa mättade fettsyror,Köttprodukter kötträtter,6.2,g
3609,Gris färs stekt tacokryddad,"Kolhydrater, tillgängliga",Köttprodukter kötträtter,2.6,g
3609,Gris färs stekt tacokryddad,Kolesterol,Köttprodukter kötträtter,52.8,mg
3609,Gris färs stekt tacokryddad,"Kalium, K",Köttprodukter kötträtter,215.0,mg
3609,Gris färs stekt tacokryddad,"Jod, I",Köttprodukter kötträtter,0.6,µg
3609,Gris färs stekt tacokryddad,Fullkorn totalt,Köttprodukter kötträtter,0.0,g
3609,Gris färs stekt tacokryddad,"Folat, totalt",Köttprodukter kötträtter,3.4,µg
3609,Gris färs stekt tacokryddad,Fibrer,Köttprodukter kötträtter,0.6,g
3609,Gris färs stekt tacokryddad,"Fett, totalt",Köttprodukter kötträtter,16.3,g
3609,Gris färs stekt tacokryddad,"Järn, Fe",Köttprodukter kötträtter,1.6,mg
3609,Gris färs stekt tacokryddad,Energi (kJ),Köttprodukter kötträtter,925.0,kJ
3609,Gris färs stekt tacokryddad,Energi (kcal),Köttprodukter kötträtter,221.0,kcal
3609,Gris färs stekt tacokryddad,Disackarider,Köttprodukter kötträtter,0.4,g
3609,Gris färs stekt tacokryddad,"Kalcium, Ca",Köttprodukter kötträtter,19.0,mg
3609,Gris färs stekt tacokryddad,Fettsyra 4:0-10:0,Köttprodukter kötträtter,0.0,g
3609,Gris färs stekt tacokryddad,DHA (C22:6),Köttprodukter kötträtter,0.1,g
3609,Gris färs stekt tacokryddad,DPA (C22:5),Köttprodukter kötträtter,0.0,g
3609,Gris färs stekt tacokryddad,EPA (C20:5),Köttprodukter kötträtter,0.0,g
3609,Gris färs stekt tacokryddad,Arakidonsyra C20:4,Köttprodukter kötträtter,0.0,g
3609,Gris färs stekt tacokryddad,Arakidinsyra C20:0,Köttprodukter kötträtter,0.1,g
3609,Gris färs stekt tacokryddad,Linolensyra C18:3,Köttprodukter kötträtter,0.2,g
3609,Gris färs stekt tacokryddad,Linolsyra C18:2,Köttprodukter kötträtter,1.8,g
3609,Gris färs stekt tacokryddad,Oljesyra C18:1,Köttprodukter kötträtter,6.4,g
3609,Gris färs stekt tacokryddad,Stearinsyra C18:0,Köttprodukter kötträtter,2.1,g
3609,Gris färs stekt tacokryddad,Palmitoljesyra C16:1,Köttprodukter kötträtter,0.5,g
3609,Gris färs stekt tacokryddad,Palmitinsyra C16:0,Köttprodukter kötträtter,3.7,g
3609,Gris färs stekt tacokryddad,Myristinsyra C14:0,Köttprodukter kötträtter,0.3,g
3609,Gris färs stekt tacokryddad,Laurinsyra C12:0,Köttprodukter kötträtter,0.0,g
3609,Gris färs stekt tacokryddad,Betakaroten/β-Karoten,Köttprodukter kötträtter,78.0,µg
3609,Gris färs stekt tacokryddad,Avfall (skal etc.),Köttprodukter kötträtter,0.0,%
3609,Gris färs stekt tacokryddad,Aska,Köttprodukter kötträtter,2.1,g
3609,Gris färs stekt tacokryddad,Alkohol,Köttprodukter kötträtter,0.0,g
3610,Nöt färs stekt tacokryddad,"Zink, Zn",Köttprodukter kötträtter,4.6,mg
3610,Nöt färs stekt tacokryddad,Vitamin E,Köttprodukter kötträtter,1.5,mg
3610,Nöt färs stekt tacokryddad,Vitamin D,Köttprodukter kötträtter,0.18,µg
3610,Nöt färs stekt tacokryddad,Vitamin C,Köttprodukter kötträtter,0.0,mg
3610,Nöt färs stekt tacokryddad,Vitamin B6,Köttprodukter kötträtter,0.16,mg
3610,Nöt färs stekt tacokryddad,Vitamin B12,Köttprodukter kötträtter,0.71,µg
3610,Nöt färs stekt tacokryddad,Vitamin A,Köttprodukter kötträtter,25.2,RE/µg
3610,Nöt färs stekt tacokryddad,Vatten,Köttprodukter kötträtter,63.5,g
3610,Nöt färs stekt tacokryddad,Tiamin,Köttprodukter kötträtter,0.04,mg
3610,Nöt färs stekt tacokryddad,Tillsatt socker,Köttprodukter kötträtter,1.0,g
3610,Nöt färs stekt tacokryddad,Fritt socker,Köttprodukter kötträtter,1.0,g
3610,Nöt färs stekt tacokryddad,"Selen, Se",Köttprodukter kötträtter,5.2,µg
3610,Nöt färs stekt tacokryddad,Sackaros,Köttprodukter kötträtter,0.3,g
3610,Nöt färs stekt tacokryddad,Riboflavin,Köttprodukter kötträtter,0.13,mg
3610,Nöt färs stekt tacokryddad,Retinol,Köttprodukter kötträtter,13.0,µg
3610,Nöt färs stekt tacokryddad,Protein,Köttprodukter kötträtter,18.8,g
3610,Nöt färs stekt tacokryddad,Summa fleromättade fettsyror,Köttprodukter kötträtter,1.2,g
3610,Nöt färs stekt tacokryddad,"Fosfor, P",Köttprodukter kötträtter,159.0,mg
3610,Nöt färs stekt tacokryddad,Niacinekvivalenter,Köttprodukter kötträtter,7.52,NE/mg
3610,Nöt färs stekt tacokryddad,Niacin,Köttprodukter kötträtter,4.12,mg
3610,Nöt färs stekt tacokryddad,"Salt, NaCl",Köttprodukter kötträtter,1.2,g
3610,Nöt färs stekt tacokryddad,"Natrium, Na",Köttprodukter kötträtter,502.0,mg
3610,Nöt färs stekt tacokryddad,Monosackarider,Köttprodukter kötträtter,0.9,g
3610,Nöt färs stekt tacokryddad,"Sockerarter, totalt",Köttprodukter kötträtter,1.2,g
3610,Nöt färs stekt tacokryddad,Summa enkelomättade fettsyror,Köttprodukter kötträtter,6.0,g
3610,Nöt färs stekt tacokryddad,"Magnesium, Mg",Köttprodukter kötträtter,23.0,mg
3610,Nöt färs stekt tacokryddad,Summa mättade fettsyror,Köttprodukter kötträtter,4.7,g
3610,Nöt färs stekt tacokryddad,"Kolhydrater, tillgängliga",Köttprodukter kötträtter,2.6,g
3610,Nöt färs stekt tacokryddad,Kolesterol,Köttprodukter kötträtter,52.4,mg
3610,Nöt färs stekt tacokryddad,"Kalium, K",Köttprodukter kötträtter,177.0,mg
3610,Nöt färs stekt tacokryddad,"Jod, I",Köttprodukter kötträtter,3.2,µg
3610,Nöt färs stekt tacokryddad,Fullkorn totalt,Köttprodukter kötträtter,0.0,g
3610,Nöt färs stekt tacokryddad,"Folat, totalt",Köttprodukter kötträtter,4.1,µg
3610,Nöt färs stekt tacokryddad,Fibrer,Köttprodukter kötträtter,0.6,g
3610,Nöt färs stekt tacokryddad,"Fett, totalt",Köttprodukter kötträtter,12.7,g
3610,Nöt färs stekt tacokryddad,"Järn, Fe",Köttprodukter kötträtter,2.5,mg
3610,Nöt färs stekt tacokryddad,Energi (kJ),Köttprodukter kötträtter,838.0,kJ
3610,Nöt färs stekt tacokryddad,Energi (kcal),Köttprodukter kötträtter,200.0,kcal
3610,Nöt färs stekt tacokryddad,Disackarider,Köttprodukter kötträtter,0.4,g
3610,Nöt färs stekt tacokryddad,"Kalcium, Ca",Köttprodukter kötträtter,20.0,mg
3610,Nöt färs stekt tacokryddad,Fettsyra 4:0-10:0,Köttprodukter kötträtter,0.0,g
3610,Nöt färs stekt tacokryddad,DHA (C22:6),Köttprodukter kötträtter,0.0,g
3610,Nöt färs stekt tacokryddad,DPA (C22:5),Köttprodukter kötträtter,0.0,g
3610,Nöt färs stekt tacokryddad,EPA (C20:5),Köttprodukter kötträtter,0.0,g
3610,Nöt färs stekt tacokryddad,Arakidonsyra C20:4,Köttprodukter kötträtter,0.0,g
3610,Nöt färs stekt tacokryddad,Arakidinsyra C20:0,Köttprodukter kötträtter,0.0,g
3610,Nöt färs stekt tacokryddad,Linolensyra C18:3,Köttprodukter kötträtter,0.2,g
3610,Nöt färs stekt tacokryddad,Linolsyra C18:2,Köttprodukter kötträtter,0.9,g
3610,Nöt färs stekt tacokryddad,Oljesyra C18:1,Köttprodukter kötträtter,5.3,g
3610,Nöt färs stekt tacokryddad,Stearinsyra C18:0,Köttprodukter kötträtter,1.5,g
3610,Nöt färs stekt tacokryddad,Palmitoljesyra C16:1,Köttprodukter kötträtter,0.4,g
3610,Nöt färs stekt tacokryddad,Palmitinsyra C16:0,Köttprodukter kötträtter,2.5,g
3610,Nöt färs stekt tacokryddad,Myristinsyra C14:0,Köttprodukter kötträtter,0.3,g
3610,Nöt färs stekt tacokryddad,Laurinsyra C12:0,Köttprodukter kötträtter,0.0,g
3610,Nöt färs stekt tacokryddad,Betakaroten/β-Karoten,Köttprodukter kötträtter,104.0,µg
3610,Nöt färs stekt tacokryddad,Avfall (skal etc.),Köttprodukter kötträtter,0.0,%
3610,Nöt färs stekt tacokryddad,Aska,Köttprodukter kötträtter,2.0,g
3610,Nöt färs stekt tacokryddad,Alkohol,Köttprodukter kötträtter,0.0,g
3618,Blandfärs stekt m. salt,"Zink, Zn",Kött färskt fryst tillagat ,5.4,mg
3618,Blandfärs stekt m. salt,Vitamin E,Kött färskt fryst tillagat ,0.7,mg
3618,Blandfärs stekt m. salt,Vitamin D,Kött färskt fryst tillagat ,0.21,µg
3618,Blandfärs stekt m. salt,Vitamin C,Kött färskt fryst tillagat ,0.0,mg
3618,Blandfärs stekt m. salt,Vitamin B6,Kött färskt fryst tillagat ,0.18,mg
3618,Blandfärs stekt m. salt,Vitamin B12,Kött färskt fryst tillagat ,1.17,µg
3618,Blandfärs stekt m. salt,Vitamin A,Kött färskt fryst tillagat ,14.2,RE/µg
3618,Blandfärs stekt m. salt,Vatten,Kött färskt fryst tillagat ,59.0,g
3618,Blandfärs stekt m. salt,Tiamin,Kött färskt fryst tillagat ,0.2,mg
3618,Blandfärs stekt m. salt,Tillsatt socker,Kött färskt fryst tillagat ,0.0,g
3618,Blandfärs stekt m. salt,Fritt socker,Kött färskt fryst tillagat ,0.0,g
3618,Blandfärs stekt m. salt,"Selen, Se",Kött färskt fryst tillagat ,6.9,µg
3618,Blandfärs stekt m. salt,Sackaros,Kött färskt fryst tillagat ,0.0,g
3618,Blandfärs stekt m. salt,Riboflavin,Kött färskt fryst tillagat ,0.2,mg
3618,Blandfärs stekt m. salt,Retinol,Kött färskt fryst tillagat ,12.2,µg
3618,Blandfärs stekt m. salt,Protein,Kött färskt fryst tillagat ,23.3,g
3618,Blandfärs stekt m. salt,Summa fleromättade fettsyror,Kött färskt fryst tillagat ,1.2,g
3618,Blandfärs stekt m. salt,"Fosfor, P",Kött färskt fryst tillagat ,208.0,mg
3618,Blandfärs stekt m. salt,Niacinekvivalenter,Kött färskt fryst tillagat ,9.37,NE/mg
3618,Blandfärs stekt m. salt,Niacin,Kött färskt fryst tillagat ,5.14,mg
3618,Blandfärs stekt m. salt,"Salt, NaCl",Kött färskt fryst tillagat ,0.4,g
3618,Blandfärs stekt m. salt,"Natrium, Na",Kött färskt fryst tillagat ,192.0,mg
3618,Blandfärs stekt m. salt,Monosackarider,Kött färskt fryst tillagat ,0.0,g
3618,Blandfärs stekt m. salt,"Sockerarter, totalt",Kött färskt fryst tillagat ,0.0,g
3618,Blandfärs stekt m. salt,Summa enkelomättade fettsyror,Kött färskt fryst tillagat ,7.2,g
3618,Blandfärs stekt m. salt,"Magnesium, Mg",Kött färskt fryst tillagat ,26.0,mg
3618,Blandfärs stekt m. salt,Summa mättade fettsyror,Kött färskt fryst tillagat ,7.2,g
3618,Blandfärs stekt m. salt,"Kolhydrater, tillgängliga",Kött färskt fryst tillagat ,0.0,g
3618,Blandfärs stekt m. salt,Kolesterol,Kött färskt fryst tillagat ,69.7,mg
3618,Blandfärs stekt m. salt,"Kalium, K",Kött färskt fryst tillagat ,253.0,mg
3618,Blandfärs stekt m. salt,"Jod, I",Kött färskt fryst tillagat ,14.6,µg
3618,Blandfärs stekt m. salt,Fullkorn totalt,Kött färskt fryst tillagat ,0.0,g
3618,Blandfärs stekt m. salt,"Folat, totalt",Kött färskt fryst tillagat ,2.9,µg
3618,Blandfärs stekt m. salt,Fibrer,Kött färskt fryst tillagat ,0.0,g
3618,Blandfärs stekt m. salt,"Fett, totalt",Kött färskt fryst tillagat ,16.5,g
3618,Blandfärs stekt m. salt,"Järn, Fe",Kött färskt fryst tillagat ,2.1,mg
3618,Blandfärs stekt m. salt,Energi (kJ),Kött färskt fryst tillagat ,1007.0,kJ
3618,Blandfärs stekt m. salt,Energi (kcal),Kött färskt fryst tillagat ,241.0,kcal
3618,Blandfärs stekt m. salt,Disackarider,Kött färskt fryst tillagat ,0.0,g
3618,Blandfärs stekt m. salt,"Kalcium, Ca",Kött färskt fryst tillagat ,10.0,mg
3618,Blandfärs stekt m. salt,Fettsyra 4:0-10:0,Kött färskt fryst tillagat ,0.0,g
3618,Blandfärs stekt m. salt,DHA (C22:6),Kött färskt fryst tillagat ,0.0,g
3618,Blandfärs stekt m. salt,DPA (C22:5),Kött färskt fryst tillagat ,0.0,g
3618,Blandfärs stekt m. salt,EPA (C20:5),Kött färskt fryst tillagat ,0.0,g
3618,Blandfärs stekt m. salt,Arakidonsyra C20:4,Kött färskt fryst tillagat ,0.0,g
3618,Blandfärs stekt m. salt,Arakidinsyra C20:0,Kött färskt fryst tillagat ,0.0,g
3618,Blandfärs stekt m. salt,Linolensyra C18:3,Kött färskt fryst tillagat ,0.1,g
3618,Blandfärs stekt m. salt,Linolsyra C18:2,Kött färskt fryst tillagat ,0.9,g
3618,Blandfärs stekt m. salt,Oljesyra C18:1,Kött färskt fryst tillagat ,6.2,g
3618,Blandfärs stekt m. salt,Stearinsyra C18:0,Kött färskt fryst tillagat ,2.4,g
3618,Blandfärs stekt m. salt,Palmitoljesyra C16:1,Kött färskt fryst tillagat ,0.6,g
3618,Blandfärs stekt m. salt,Palmitinsyra C16:0,Kött färskt fryst tillagat ,4.0,g
3618,Blandfärs stekt m. salt,Myristinsyra C14:0,Kött färskt fryst tillagat ,0.4,g
3618,Blandfärs stekt m. salt,Laurinsyra C12:0,Kött färskt fryst tillagat ,0.0,g
3618,Blandfärs stekt m. salt,Betakaroten/β-Karoten,Kött färskt fryst tillagat ,24.0,µg
3618,Blandfärs stekt m. salt,Avfall (skal etc.),Kött färskt fryst tillagat ,0.0,%
3618,Blandfärs stekt m. salt,Aska,Kött färskt fryst tillagat ,1.4,g
3618,Blandfärs stekt m. salt,Alkohol,Kött färskt fryst tillagat ,0.0,g
3619,Gris färs stekt m. salt fett 15%,"Zink, Zn",Kött färskt fryst tillagat ,3.3,mg
3619,Gris färs stekt m. salt fett 15%,Vitamin E,Kött färskt fryst tillagat ,0.5,mg
3619,Gris färs stekt m. salt fett 15%,Vitamin D inkl 25-OH-D3,Kött färskt fryst tillagat ,0.0,µg
3619,Gris färs stekt m. salt fett 15%,Vitamin D,Kött färskt fryst tillagat ,0.52,µg
3619,Gris färs stekt m. salt fett 15%,Vitamin C,Kött färskt fryst tillagat ,0.0,mg
3619,Gris färs stekt m. salt fett 15%,Vitamin B6,Kött färskt fryst tillagat ,0.27,mg
3619,Gris färs stekt m. salt fett 15%,Vitamin B12,Kött färskt fryst tillagat ,0.59,µg
3619,Gris färs stekt m. salt fett 15%,Vitamin A,Kött färskt fryst tillagat ,11.3,RE/µg
3619,Gris färs stekt m. salt fett 15%,Vatten,Kött färskt fryst tillagat ,58.8,g
3619,Gris färs stekt m. salt fett 15%,Tiamin,Kött färskt fryst tillagat ,0.64,mg
3619,Gris färs stekt m. salt fett 15%,Tillsatt socker,Kött färskt fryst tillagat ,0.0,g
3619,Gris färs stekt m. salt fett 15%,Fritt socker,Kött färskt fryst tillagat ,0.0,g
3619,Gris färs stekt m. salt fett 15%,"Selen, Se",Kött färskt fryst tillagat ,9.4,µg
3619,Gris färs stekt m. salt fett 15%,Sackaros,Kött färskt fryst tillagat ,0.0,g
3619,Gris färs stekt m. salt fett 15%,Riboflavin,Kött färskt fryst tillagat ,0.26,mg
3619,Gris färs stekt m. salt fett 15%,Retinol,Kött färskt fryst tillagat ,11.3,µg
3619,Gris färs stekt m. salt fett 15%,Protein,Kött färskt fryst tillagat ,21.1,g
3619,Gris färs stekt m. salt fett 15%,Summa fleromättade fettsyror,Kött färskt fryst tillagat ,2.0,g
3619,Gris färs stekt m. salt fett 15%,"Fosfor, P",Kött färskt fryst tillagat ,240.0,mg
3619,Gris färs stekt m. salt fett 15%,Niacinekvivalenter,Kött färskt fryst tillagat ,11.13,NE/mg
3619,Gris färs stekt m. salt fett 15%,Niacin,Kött färskt fryst tillagat ,7.26,mg
3619,Gris färs stekt m. salt fett 15%,"Salt, NaCl",Kött färskt fryst tillagat ,0.4,g
3619,Gris färs stekt m. salt fett 15%,"Natrium, Na",Kött färskt fryst tillagat ,171.0,mg
3619,Gris färs stekt m. salt fett 15%,Monosackarider,Kött färskt fryst tillagat ,0.0,g
3619,Gris färs stekt m. salt fett 15%,"Sockerarter, totalt",Kött färskt fryst tillagat ,0.0,g
3619,Gris färs stekt m. salt fett 15%,Summa enkelomättade fettsyror,Kött färskt fryst tillagat ,7.6,g
3619,Gris färs stekt m. salt fett 15%,"Magnesium, Mg",Kött färskt fryst tillagat ,32.0,mg
3619,Gris färs stekt m. salt fett 15%,Summa mättade fettsyror,Kött färskt fryst tillagat ,7.9,g
3619,Gris färs stekt m. salt fett 15%,"Kolhydrater, tillgängliga",Kött färskt fryst tillagat ,0.0,g
3619,Gris färs stekt m. salt fett 15%,Kolesterol,Kött färskt fryst tillagat ,71.3,mg
3619,Gris färs stekt m. salt fett 15%,"Kalium, K",Kött färskt fryst tillagat ,303.0,mg
3619,Gris färs stekt m. salt fett 15%,"Jod, I",Kött färskt fryst tillagat ,12.0,µg
3619,Gris färs stekt m. salt fett 15%,Fullkorn totalt,Kött färskt fryst tillagat ,0.0,g
3619,Gris färs stekt m. salt fett 15%,"Folat, totalt",Kött färskt fryst tillagat ,2.3,µg
3619,Gris färs stekt m. salt fett 15%,Fibrer,Kött färskt fryst tillagat ,0.0,g
3619,Gris färs stekt m. salt fett 15%,"Fett, totalt",Kött färskt fryst tillagat ,18.5,g
3619,Gris färs stekt m. salt fett 15%,"Järn, Fe",Kött färskt fryst tillagat ,1.3,mg
3619,Gris färs stekt m. salt fett 15%,Energi (kJ),Kött färskt fryst tillagat ,1044.0,kJ
3619,Gris färs stekt m. salt fett 15%,Energi (kcal),Kött färskt fryst tillagat ,250.0,kcal
3619,Gris färs stekt m. salt fett 15%,Disackarider,Kött färskt fryst tillagat ,0.0,g
3619,Gris färs stekt m. salt fett 15%,"Kalcium, Ca",Kött färskt fryst tillagat ,9.0,mg
3619,Gris färs stekt m. salt fett 15%,Fettsyra 4:0-10:0,Kött färskt fryst tillagat ,0.0,g
3619,Gris färs stekt m. salt fett 15%,DHA (C22:6),Kött färskt fryst tillagat ,0.1,g
3619,Gris färs stekt m. salt fett 15%,DPA (C22:5),Kött färskt fryst tillagat ,0.1,g
3619,Gris färs stekt m. salt fett 15%,EPA (C20:5),Kött färskt fryst tillagat ,0.0,g
3619,Gris färs stekt m. salt fett 15%,Arakidonsyra C20:4,Kött färskt fryst tillagat ,0.1,g
3619,Gris färs stekt m. salt fett 15%,Arakidinsyra C20:0,Kött färskt fryst tillagat ,0.1,g
3619,Gris färs stekt m. salt fett 15%,Linolensyra C18:3,Kött färskt fryst tillagat ,0.1,g
3619,Gris färs stekt m. salt fett 15%,Linolsyra C18:2,Kött färskt fryst tillagat ,1.6,g
3619,Gris färs stekt m. salt fett 15%,Oljesyra C18:1,Kött färskt fryst tillagat ,6.7,g
3619,Gris färs stekt m. salt fett 15%,Stearinsyra C18:0,Kött färskt fryst tillagat ,2.8,g
3619,Gris färs stekt m. salt fett 15%,Palmitoljesyra C16:1,Kött färskt fryst tillagat ,0.6,g
3619,Gris färs stekt m. salt fett 15%,Palmitinsyra C16:0,Kött färskt fryst tillagat ,4.8,g
3619,Gris färs stekt m. salt fett 15%,Myristinsyra C14:0,Kött färskt fryst tillagat ,0.3,g
3619,Gris färs stekt m. salt fett 15%,Laurinsyra C12:0,Kött färskt fryst tillagat ,0.0,g
3619,Gris färs stekt m. salt fett 15%,Betakaroten/β-Karoten,Kött färskt fryst tillagat ,0.0,µg
3619,Gris färs stekt m. salt fett 15%,Avfall (skal etc.),Kött färskt fryst tillagat ,0.0,%
3619,Gris färs stekt m. salt fett 15%,Aska,Kött färskt fryst tillagat ,1.5,g
3619,Gris färs stekt m. salt fett 15%,Alkohol,Kött färskt fryst tillagat ,0.0,g
3620,Lamm färs stekt m. salt,"Zink, Zn",Kött färskt fryst tillagat ,4.5,mg
3620,Lamm färs stekt m. salt,Vitamin E,Kött färskt fryst tillagat ,0.7,mg
3620,Lamm färs stekt m. salt,Vitamin D,Kött färskt fryst tillagat ,0.0,µg
3620,Lamm färs stekt m. salt,Vitamin C,Kött färskt fryst tillagat ,0.0,mg
3620,Lamm färs stekt m. salt,Vitamin B6,Kött färskt fryst tillagat ,0.11,mg
3620,Lamm färs stekt m. salt,Vitamin B12,Kött färskt fryst tillagat ,1.42,µg
3620,Lamm färs stekt m. salt,Vitamin A,Kött färskt fryst tillagat ,30.1,RE/µg
3620,Lamm färs stekt m. salt,Vatten,Kött färskt fryst tillagat ,53.7,g
3620,Lamm färs stekt m. salt,Tiamin,Kött färskt fryst tillagat ,0.1,mg
3620,Lamm färs stekt m. salt,Tillsatt socker,Kött färskt fryst tillagat ,0.0,g
3620,Lamm färs stekt m. salt,Fritt socker,Kött färskt fryst tillagat ,0.0,g
3620,Lamm färs stekt m. salt,"Selen, Se",Kött färskt fryst tillagat ,10.4,µg
3620,Lamm färs stekt m. salt,Sackaros,Kött färskt fryst tillagat ,0.0,g
3620,Lamm färs stekt m. salt,Riboflavin,Kött färskt fryst tillagat ,0.18,mg
3620,Lamm färs stekt m. salt,Retinol,Kött färskt fryst tillagat ,30.1,µg
3620,Lamm färs stekt m. salt,Protein,Kött färskt fryst tillagat ,21.1,g
3620,Lamm färs stekt m. salt,Summa fleromättade fettsyror,Kött färskt fryst tillagat ,1.3,g
3620,Lamm färs stekt m. salt,"Fosfor, P",Kött färskt fryst tillagat ,182.0,mg
3620,Lamm färs stekt m. salt,Niacinekvivalenter,Kött färskt fryst tillagat ,9.45,NE/mg
3620,Lamm färs stekt m. salt,Niacin,Kött färskt fryst tillagat ,5.65,mg
3620,Lamm färs stekt m. salt,"Salt, NaCl",Kött färskt fryst tillagat ,1.2,g
3620,Lamm färs stekt m. salt,"Natrium, Na",Kött färskt fryst tillagat ,464.0,mg
3620,Lamm färs stekt m. salt,Monosackarider,Kött färskt fryst tillagat ,0.0,g
3620,Lamm färs stekt m. salt,"Sockerarter, totalt",Kött färskt fryst tillagat ,0.0,g
3620,Lamm färs stekt m. salt,Summa enkelomättade fettsyror,Kött färskt fryst tillagat ,8.5,g
3620,Lamm färs stekt m. salt,"Magnesium, Mg",Kött färskt fryst tillagat ,22.0,mg
3620,Lamm färs stekt m. salt,Summa mättade fettsyror,Kött färskt fryst tillagat ,10.6,g
3620,Lamm färs stekt m. salt,"Kolhydrater, tillgängliga",Kött färskt fryst tillagat ,0.0,g
3620,Lamm färs stekt m. salt,Kolesterol,Kött färskt fryst tillagat ,80.2,mg
3620,Lamm färs stekt m. salt,"Kalium, K",Kött färskt fryst tillagat ,212.0,mg
3620,Lamm färs stekt m. salt,"Jod, I",Kött färskt fryst tillagat ,52.7,µg
3620,Lamm färs stekt m. salt,Fullkorn totalt,Kött färskt fryst tillagat ,0.0,g
3620,Lamm färs stekt m. salt,"Folat, totalt",Kött färskt fryst tillagat ,1.1,µg
3620,Lamm färs stekt m. salt,Fibrer,Kött färskt fryst tillagat ,0.0,g
3620,Lamm färs stekt m. salt,"Fett, totalt",Kött färskt fryst tillagat ,22.7,g
3620,Lamm färs stekt m. salt,"Järn, Fe",Kött färskt fryst tillagat ,2.0,mg
3620,Lamm färs stekt m. salt,Energi (kJ),Kött färskt fryst tillagat ,1198.0,kJ
3620,Lamm färs stekt m. salt,Energi (kcal),Kött färskt fryst tillagat ,286.0,kcal
3620,Lamm färs stekt m. salt,Disackarider,Kött färskt fryst tillagat ,0.0,g
3620,Lamm färs stekt m. salt,"Kalcium, Ca",Kött färskt fryst tillagat ,16.0,mg
3620,Lamm färs stekt m. salt,Fettsyra 4:0-10:0,Kött färskt fryst tillagat ,0.0,g
3620,Lamm färs stekt m. salt,DHA (C22:6),Kött färskt fryst tillagat ,0.0,g
3620,Lamm färs stekt m. salt,DPA (C22:5),Kött färskt fryst tillagat ,0.0,g
3620,Lamm färs stekt m. salt,EPA (C20:5),Kött färskt fryst tillagat ,0.0,g
3620,Lamm färs stekt m. salt,Arakidonsyra C20:4,Kött färskt fryst tillagat ,0.0,g
3620,Lamm färs stekt m. salt,Arakidinsyra C20:0,Kött färskt fryst tillagat ,0.0,g
3620,Lamm färs stekt m. salt,Linolensyra C18:3,Kött färskt fryst tillagat ,0.3,g
3620,Lamm färs stekt m. salt,Linolsyra C18:2,Kött färskt fryst tillagat ,0.9,g
3620,Lamm färs stekt m. salt,Oljesyra C18:1,Kött färskt fryst tillagat ,7.8,g
3620,Lamm färs stekt m. salt,Stearinsyra C18:0,Kött färskt fryst tillagat ,4.4,g
3620,Lamm färs stekt m. salt,Palmitoljesyra C16:1,Kött färskt fryst tillagat ,0.4,g
3620,Lamm färs stekt m. salt,Palmitinsyra C16:0,Kött färskt fryst tillagat ,4.5,g
3620,Lamm färs stekt m. salt,Myristinsyra C14:0,Kött färskt fryst tillagat ,0.7,g
3620,Lamm färs stekt m. salt,Laurinsyra C12:0,Kött färskt fryst tillagat ,0.0,g
3620,Lamm färs stekt m. salt,Betakaroten/β-Karoten,Kött färskt fryst tillagat ,0.0,µg
3620,Lamm färs stekt m. salt,Avfall (skal etc.),Kött färskt fryst tillagat ,0.0,%
3620,Lamm färs stekt m. salt,Aska,Kött färskt fryst tillagat ,1.9,g
3620,Lamm färs stekt m. salt,Alkohol,Kött färskt fryst tillagat ,0.0,g
3621,Älg färs stekt m. salt,"Zink, Zn",Kött färskt fryst tillagat ,8.4,mg
3621,Älg färs stekt m. salt,Vitamin E,Kött färskt fryst tillagat ,1.0,mg
3621,Älg färs stekt m. salt,Vitamin D inkl 25-OH-D3,Kött färskt fryst tillagat ,0.0,µg
3621,Älg färs stekt m. salt,Vitamin D,Kött färskt fryst tillagat ,0.0,µg
3621,Älg färs stekt m. salt,Vitamin C,Kött färskt fryst tillagat ,0.0,mg
3621,Älg färs stekt m. salt,Vitamin B6,Kött färskt fryst tillagat ,0.2,mg
3621,Älg färs stekt m. salt,Vitamin B12,Kött färskt fryst tillagat ,2.98,µg
3621,Älg färs stekt m. salt,Vitamin A,Kött färskt fryst tillagat ,7.8,RE/µg
3621,Älg färs stekt m. salt,Vatten,Kött färskt fryst tillagat ,68.6,g
3621,Älg färs stekt m. salt,Tiamin,Kött färskt fryst tillagat ,0.12,mg
3621,Älg färs stekt m. salt,Tillsatt socker,Kött färskt fryst tillagat ,0.0,g
3621,Älg färs stekt m. salt,Fritt socker,Kött färskt fryst tillagat ,0.0,g
3621,Älg färs stekt m. salt,"Selen, Se",Kött färskt fryst tillagat ,9.1,µg
3621,Älg färs stekt m. salt,Sackaros,Kött färskt fryst tillagat ,0.0,g
3621,Älg färs stekt m. salt,Riboflavin,Kött färskt fryst tillagat ,0.33,mg
3621,Älg färs stekt m. salt,Retinol,Kött färskt fryst tillagat ,7.8,µg
3621,Älg färs stekt m. salt,Protein,Kött färskt fryst tillagat ,27.6,g
3621,Älg färs stekt m. salt,Summa fleromättade fettsyror,Kött färskt fryst tillagat ,0.4,g
3621,Älg färs stekt m. salt,"Fosfor, P",Kött färskt fryst tillagat ,227.0,mg
3621,Älg färs stekt m. salt,Niacinekvivalenter,Kött färskt fryst tillagat ,10.97,NE/mg
3621,Älg färs stekt m. salt,Niacin,Kött färskt fryst tillagat ,5.88,mg
3621,Älg färs stekt m. salt,"Salt, NaCl",Kött färskt fryst tillagat ,1.0,g
3621,Älg färs stekt m. salt,"Natrium, Na",Kött färskt fryst tillagat ,435.0,mg
3621,Älg färs stekt m. salt,Monosackarider,Kött färskt fryst tillagat ,0.0,g
3621,Älg färs stekt m. salt,"Sockerarter, totalt",Kött färskt fryst tillagat ,0.0,g
3621,Älg färs stekt m. salt,Summa enkelomättade fettsyror,Kött färskt fryst tillagat ,0.6,g
3621,Älg färs stekt m. salt,"Magnesium, Mg",Kött färskt fryst tillagat ,26.0,mg
3621,Älg färs stekt m. salt,Summa mättade fettsyror,Kött färskt fryst tillagat ,0.7,g
3621,Älg färs stekt m. salt,"Kolhydrater, tillgängliga",Kött färskt fryst tillagat ,0.0,g
3621,Älg färs stekt m. salt,Kolesterol,Kött färskt fryst tillagat ,68.3,mg
3621,Älg färs stekt m. salt,"Kalium, K",Kött färskt fryst tillagat ,303.0,mg
3621,Älg färs stekt m. salt,"Jod, I",Kött färskt fryst tillagat ,48.3,µg
3621,Älg färs stekt m. salt,Fullkorn totalt,Kött färskt fryst tillagat ,0.0,g
3621,Älg färs stekt m. salt,"Folat, totalt",Kött färskt fryst tillagat ,0.0,µg
3621,Älg färs stekt m. salt,Fibrer,Kött färskt fryst tillagat ,0.0,g
3621,Älg färs stekt m. salt,"Fett, totalt",Kött färskt fryst tillagat ,1.9,g
3621,Älg färs stekt m. salt,"Järn, Fe",Kött färskt fryst tillagat ,3.7,mg
3621,Älg färs stekt m. salt,Energi (kJ),Kött färskt fryst tillagat ,540.0,kJ
3621,Älg färs stekt m. salt,Energi (kcal),Kött färskt fryst tillagat ,129.0,kcal
3621,Älg färs stekt m. salt,Disackarider,Kött färskt fryst tillagat ,0.0,g
3621,Älg färs stekt m. salt,"Kalcium, Ca",Kött färskt fryst tillagat ,7.0,mg
3621,Älg färs stekt m. salt,Fettsyra 4:0-10:0,Kött färskt fryst tillagat ,0.0,g
3621,Älg färs stekt m. salt,DHA (C22:6),Kött färskt fryst tillagat ,0.0,g
3621,Älg färs stekt m. salt,DPA (C22:5),Kött färskt fryst tillagat ,0.0,g
3621,Älg färs stekt m. salt,EPA (C20:5),Kött färskt fryst tillagat ,0.0,g
3621,Älg färs stekt m. salt,Arakidonsyra C20:4,Kött färskt fryst tillagat ,0.0,g
3621,Älg färs stekt m. salt,Arakidinsyra C20:0,Kött färskt fryst tillagat ,0.0,g
3621,Älg färs stekt m. salt,Linolensyra C18:3,Kött färskt fryst tillagat ,0.0,g
3621,Älg färs stekt m. salt,Linolsyra C18:2,Kött färskt fryst tillagat ,0.2,g
3621,Älg färs stekt m. salt,Oljesyra C18:1,Kött färskt fryst tillagat ,0.5,g
3621,Älg färs stekt m. salt,Stearinsyra C18:0,Kött färskt fryst tillagat ,0.4,g
3621,Älg färs stekt m. salt,Palmitoljesyra C16:1,Kött färskt fryst tillagat ,0.0,g
3621,Älg färs stekt m. salt,Palmitinsyra C16:0,Kött färskt fryst tillagat ,0.3,g
3621,Älg färs stekt m. salt,Myristinsyra C14:0,Kött färskt fryst tillagat ,0.0,g
3621,Älg färs stekt m. salt,Laurinsyra C12:0,Kött färskt fryst tillagat ,0.0,g
3621,Älg färs stekt m. salt,Betakaroten/β-Karoten,Kött färskt fryst tillagat ,0.0,µg
3621,Älg färs stekt m. salt,Avfall (skal etc.),Kött färskt fryst tillagat ,0.0,%
3621,Älg färs stekt m. salt,Aska,Kött färskt fryst tillagat ,2.1,g
3621,Älg färs stekt m. salt,Alkohol,Kött färskt fryst tillagat ,0.0,g
3627,Gris hamburgare färsspett hemlagad,"Zink, Zn",Kött färskt fryst tillagat ,3.2,mg
3627,Gris hamburgare färsspett hemlagad,Vitamin E,Kött färskt fryst tillagat ,0.5,mg
3627,Gris hamburgare färsspett hemlagad,Vitamin D inkl 25-OH-D3,Kött färskt fryst tillagat ,0.0,µg
3627,Gris hamburgare färsspett hemlagad,Vitamin D,Kött färskt fryst tillagat ,0.51,µg
3627,Gris hamburgare färsspett hemlagad,Vitamin C,Kött färskt fryst tillagat ,0.0,mg
3627,Gris hamburgare färsspett hemlagad,Vitamin B6,Kött färskt fryst tillagat ,0.26,mg
3627,Gris hamburgare färsspett hemlagad,Vitamin B12,Kött färskt fryst tillagat ,0.59,µg
3627,Gris hamburgare färsspett hemlagad,Vitamin A,Kött färskt fryst tillagat ,11.2,RE/µg
3627,Gris hamburgare färsspett hemlagad,Vatten,Kött färskt fryst tillagat ,58.2,g
3627,Gris hamburgare färsspett hemlagad,Tiamin,Kött färskt fryst tillagat ,0.64,mg
3627,Gris hamburgare färsspett hemlagad,Tillsatt socker,Kött färskt fryst tillagat ,0.0,g
3627,Gris hamburgare färsspett hemlagad,Fritt socker,Kött färskt fryst tillagat ,0.0,g
3627,Gris hamburgare färsspett hemlagad,"Selen, Se",Kött färskt fryst tillagat ,9.3,µg
3627,Gris hamburgare färsspett hemlagad,Sackaros,Kött färskt fryst tillagat ,0.0,g
3627,Gris hamburgare färsspett hemlagad,Riboflavin,Kött färskt fryst tillagat ,0.25,mg
3627,Gris hamburgare färsspett hemlagad,Retinol,Kött färskt fryst tillagat ,11.2,µg
3627,Gris hamburgare färsspett hemlagad,Protein,Kött färskt fryst tillagat ,20.9,g
3627,Gris hamburgare färsspett hemlagad,Summa fleromättade fettsyror,Kött färskt fryst tillagat ,2.0,g
3627,Gris hamburgare färsspett hemlagad,"Fosfor, P",Kött färskt fryst tillagat ,238.0,mg
3627,Gris hamburgare färsspett hemlagad,Niacinekvivalenter,Kött färskt fryst tillagat ,11.01,NE/mg
3627,Gris hamburgare färsspett hemlagad,Niacin,Kött färskt fryst tillagat ,7.19,mg
3627,Gris hamburgare färsspett hemlagad,"Salt, NaCl",Kött färskt fryst tillagat ,1.5,g
3627,Gris hamburgare färsspett hemlagad,"Natrium, Na",Kött färskt fryst tillagat ,591.0,mg
3627,Gris hamburgare färsspett hemlagad,Monosackarider,Kött färskt fryst tillagat ,0.0,g
3627,Gris hamburgare färsspett hemlagad,"Sockerarter, totalt",Kött färskt fryst tillagat ,0.0,g
3627,Gris hamburgare färsspett hemlagad,Summa enkelomättade fettsyror,Kött färskt fryst tillagat ,7.5,g
3627,Gris hamburgare färsspett hemlagad,"Magnesium, Mg",Kött färskt fryst tillagat ,32.0,mg
3627,Gris hamburgare färsspett hemlagad,Summa mättade fettsyror,Kött färskt fryst tillagat ,7.9,g
3627,Gris hamburgare färsspett hemlagad,"Kolhydrater, tillgängliga",Kött färskt fryst tillagat ,0.0,g
3627,Gris hamburgare färsspett hemlagad,Kolesterol,Kött färskt fryst tillagat ,70.5,mg
3627,Gris hamburgare färsspett hemlagad,"Kalium, K",Kött färskt fryst tillagat ,300.0,mg
3627,Gris hamburgare färsspett hemlagad,"Jod, I",Kött färskt fryst tillagat ,65.1,µg
3627,Gris hamburgare färsspett hemlagad,Fullkorn totalt,Kött färskt fryst tillagat ,0.0,g
3627,Gris hamburgare färsspett hemlagad,"Folat, totalt",Kött färskt fryst tillagat ,2.2,µg
3627,Gris hamburgare färsspett hemlagad,Fibrer,Kött färskt fryst tillagat ,0.0,g
3627,Gris hamburgare färsspett hemlagad,"Fett, totalt",Kött färskt fryst tillagat ,18.3,g
3627,Gris hamburgare färsspett hemlagad,"Järn, Fe",Kött färskt fryst tillagat ,1.3,mg
3627,Gris hamburgare färsspett hemlagad,Energi (kJ),Kött färskt fryst tillagat ,1033.0,kJ
3627,Gris hamburgare färsspett hemlagad,Energi (kcal),Kött färskt fryst tillagat ,247.0,kcal
3627,Gris hamburgare färsspett hemlagad,Disackarider,Kött färskt fryst tillagat ,0.0,g
3627,Gris hamburgare färsspett hemlagad,"Kalcium, Ca",Kött färskt fryst tillagat ,11.0,mg
3627,Gris hamburgare färsspett hemlagad,Fettsyra 4:0-10:0,Kött färskt fryst tillagat ,0.0,g
3627,Gris hamburgare färsspett hemlagad,DHA (C22:6),Kött färskt fryst tillagat ,0.1,g
3627,Gris hamburgare färsspett hemlagad,DPA (C22:5),Kött färskt fryst tillagat ,0.1,g
3627,Gris hamburgare färsspett hemlagad,EPA (C20:5),Kött färskt fryst tillagat ,0.0,g
3627,Gris hamburgare färsspett hemlagad,Arakidonsyra C20:4,Kött färskt fryst tillagat ,0.1,g
3627,Gris hamburgare färsspett hemlagad,Arakidinsyra C20:0,Kött färskt fryst tillagat ,0.1,g
3627,Gris hamburgare färsspett hemlagad,Linolensyra C18:3,Kött färskt fryst tillagat ,0.1,g
3627,Gris hamburgare färsspett hemlagad,Linolsyra C18:2,Kött färskt fryst tillagat ,1.6,g
3627,Gris hamburgare färsspett hemlagad,Oljesyra C18:1,Kött färskt fryst tillagat ,6.7,g
3627,Gris hamburgare färsspett hemlagad,Stearinsyra C18:0,Kött färskt fryst tillagat ,2.8,g
3627,Gris hamburgare färsspett hemlagad,Palmitoljesyra C16:1,Kött färskt fryst tillagat ,0.6,g
3627,Gris hamburgare färsspett hemlagad,Palmitinsyra C16:0,Kött färskt fryst tillagat ,4.7,g
3627,Gris hamburgare färsspett hemlagad,Myristinsyra C14:0,Kött färskt fryst tillagat ,0.3,g
3627,Gris hamburgare färsspett hemlagad,Laurinsyra C12:0,Kött färskt fryst tillagat ,0.0,g
3627,Gris hamburgare färsspett hemlagad,Betakaroten/β-Karoten,Kött färskt fryst tillagat ,0.0,µg
3627,Gris hamburgare färsspett hemlagad,Avfall (skal etc.),Kött färskt fryst tillagat ,0.0,%
3627,Gris hamburgare färsspett hemlagad,Aska,Kött färskt fryst tillagat ,2.6,g
3627,Gris hamburgare färsspett hemlagad,Alkohol,Kött färskt fryst tillagat ,0.0,g
3661,Mykoprotein färs stekt tacokryddad,"Zink, Zn",Vegetabiliskt protein produkter och rätter,8.1,mg
3661,Mykoprotein färs stekt tacokryddad,Vitamin E,Vegetabiliskt protein produkter och rätter,1.3,mg
3661,Mykoprotein färs stekt tacokryddad,Vitamin D,Vegetabiliskt protein produkter och rätter,0.14,µg
3661,Mykoprotein färs stekt tacokryddad,Vitamin C,Vegetabiliskt protein produkter och rätter,0.1,mg
3661,Mykoprotein färs stekt tacokryddad,Vitamin B6,Vegetabiliskt protein produkter och rätter,0.15,mg
3661,Mykoprotein färs stekt tacokryddad,Vitamin B12,Vegetabiliskt protein produkter och rätter,0.02,µg
3661,Mykoprotein färs stekt tacokryddad,Vitamin A,Vegetabiliskt protein produkter och rätter,17.1,RE/µg
3661,Mykoprotein färs stekt tacokryddad,Vatten,Vegetabiliskt protein produkter och rätter,61.2,g
3661,Mykoprotein färs stekt tacokryddad,Tiamin,Vegetabiliskt protein produkter och rätter,0.03,mg
3661,Mykoprotein färs stekt tacokryddad,Tillsatt socker,Vegetabiliskt protein produkter och rätter,1.0,g
3661,Mykoprotein färs stekt tacokryddad,Fritt socker,Vegetabiliskt protein produkter och rätter,1.0,g
3661,Mykoprotein färs stekt tacokryddad,"Selen, Se",Vegetabiliskt protein produkter och rätter,0.2,µg
3661,Mykoprotein färs stekt tacokryddad,Sackaros,Vegetabiliskt protein produkter och rätter,0.4,g
3661,Mykoprotein färs stekt tacokryddad,Riboflavin,Vegetabiliskt protein produkter och rätter,0.4,mg
3661,Mykoprotein färs stekt tacokryddad,Retinol,Vegetabiliskt protein produkter och rätter,4.3,µg
3661,Mykoprotein färs stekt tacokryddad,Protein,Vegetabiliskt protein produkter och rätter,17.9,g
3661,Mykoprotein färs stekt tacokryddad,Summa fleromättade fettsyror,Vegetabiliskt protein produkter och rätter,1.8,g
3661,Mykoprotein färs stekt tacokryddad,"Fosfor, P",Vegetabiliskt protein produkter och rätter,292.0,mg
3661,Mykoprotein färs stekt tacokryddad,Niacinekvivalenter,Vegetabiliskt protein produkter och rätter,3.99,NE/mg
3661,Mykoprotein färs stekt tacokryddad,Niacin,Vegetabiliskt protein produkter och rätter,0.98,mg
3661,Mykoprotein färs stekt tacokryddad,"Salt, NaCl",Vegetabiliskt protein produkter och rätter,2.0,g
3661,Mykoprotein färs stekt tacokryddad,"Natrium, Na",Vegetabiliskt protein produkter och rätter,794.0,mg
3661,Mykoprotein färs stekt tacokryddad,Monosackarider,Vegetabiliskt protein produkter och rätter,1.3,g
3661,Mykoprotein färs stekt tacokryddad,"Sockerarter, totalt",Vegetabiliskt protein produkter och rätter,1.7,g
3661,Mykoprotein färs stekt tacokryddad,Summa enkelomättade fettsyror,Vegetabiliskt protein produkter och rätter,2.1,g
3661,Mykoprotein färs stekt tacokryddad,"Magnesium, Mg",Vegetabiliskt protein produkter och rätter,52.0,mg
3661,Mykoprotein färs stekt tacokryddad,Summa mättade fettsyror,Vegetabiliskt protein produkter och rätter,0.7,g
3661,Mykoprotein färs stekt tacokryddad,"Kolhydrater, tillgängliga",Vegetabiliskt protein produkter och rätter,5.7,g
3661,Mykoprotein färs stekt tacokryddad,Kolesterol,Vegetabiliskt protein produkter och rätter,0.0,mg
3661,Mykoprotein färs stekt tacokryddad,"Kalium, K",Vegetabiliskt protein produkter och rätter,218.0,mg
3661,Mykoprotein färs stekt tacokryddad,"Jod, I",Vegetabiliskt protein produkter och rätter,0.7,µg
3661,Mykoprotein färs stekt tacokryddad,Fullkorn totalt,Vegetabiliskt protein produkter och rätter,0.0,g
3661,Mykoprotein färs stekt tacokryddad,"Folat, totalt",Vegetabiliskt protein produkter och rätter,141.3,µg
3661,Mykoprotein färs stekt tacokryddad,Fibrer,Vegetabiliskt protein produkter och rätter,6.9,g
3661,Mykoprotein färs stekt tacokryddad,"Fett, totalt",Vegetabiliskt protein produkter och rätter,5.2,g
3661,Mykoprotein färs stekt tacokryddad,"Järn, Fe",Vegetabiliskt protein produkter och rätter,1.1,mg
3661,Mykoprotein färs stekt tacokryddad,Energi (kJ),Vegetabiliskt protein produkter och rätter,648.0,kJ
3661,Mykoprotein färs stekt tacokryddad,Energi (kcal),Vegetabiliskt protein produkter och rätter,155.0,kcal
3661,Mykoprotein färs stekt tacokryddad,Disackarider,Vegetabiliskt protein produkter och rätter,0.4,g
3661,Mykoprotein färs stekt tacokryddad,"Kalcium, Ca",Vegetabiliskt protein produkter och rätter,228.0,mg
3661,Mykoprotein färs stekt tacokryddad,Fettsyra 4:0-10:0,Vegetabiliskt protein produkter och rätter,0.0,g
3661,Mykoprotein färs stekt tacokryddad,DHA (C22:6),Vegetabiliskt protein produkter och rätter,0.0,g
3661,Mykoprotein färs stekt tacokryddad,DPA (C22:5),Vegetabiliskt protein produkter och rätter,0.0,g
3661,Mykoprotein färs stekt tacokryddad,EPA (C20:5),Vegetabiliskt protein produkter och rätter,0.0,g
3661,Mykoprotein färs stekt tacokryddad,Arakidonsyra C20:4,Vegetabiliskt protein produkter och rätter,0.0,g
3661,Mykoprotein färs stekt tacokryddad,Arakidinsyra C20:0,Vegetabiliskt protein produkter och rätter,0.0,g
3661,Mykoprotein färs stekt tacokryddad,Linolensyra C18:3,Vegetabiliskt protein produkter och rätter,0.3,g
3661,Mykoprotein färs stekt tacokryddad,Linolsyra C18:2,Vegetabiliskt protein produkter och rätter,1.5,g
3661,Mykoprotein färs stekt tacokryddad,Oljesyra C18:1,Vegetabiliskt protein produkter och rätter,2.1,g
3661,Mykoprotein färs stekt tacokryddad,Stearinsyra C18:0,Vegetabiliskt protein produkter och rätter,0.1,g
3661,Mykoprotein färs stekt tacokryddad,Palmitoljesyra C16:1,Vegetabiliskt protein produkter och rätter,0.0,g
3661,Mykoprotein färs stekt tacokryddad,Palmitinsyra C16:0,Vegetabiliskt protein produkter och rätter,0.4,g
3661,Mykoprotein färs stekt tacokryddad,Myristinsyra C14:0,Vegetabiliskt protein produkter och rätter,0.0,g
3661,Mykoprotein färs stekt tacokryddad,Laurinsyra C12:0,Vegetabiliskt protein produkter och rätter,0.0,g
3661,Mykoprotein färs stekt tacokryddad,Betakaroten/β-Karoten,Vegetabiliskt protein produkter och rätter,99.0,µg
3661,Mykoprotein färs stekt tacokryddad,Avfall (skal etc.),Vegetabiliskt protein produkter och rätter,0.0,%
3661,Mykoprotein färs stekt tacokryddad,Aska,Vegetabiliskt protein produkter och rätter,3.2,g
3661,Mykoprotein färs stekt tacokryddad,Alkohol,Vegetabiliskt protein produkter och rätter,0.0,g
3668,Sojadryck berikad,"Zink, Zn",Vegetabiliska produkter och mjölkersättning,0.3,mg
3668,Sojadryck berikad,Vitamin E,Vegetabiliska produkter och mjölkersättning,0.2,mg
3668,Sojadryck berikad,Vitamin D inkl 25-OH-D3,Vegetabiliska produkter och mjölkersättning,0.74,µg
3668,Sojadryck berikad,Vitamin D,Vegetabiliska produkter och mjölkersättning,0.74,µg
3668,Sojadryck berikad,Vitamin C,Vegetabiliska produkter och mjölkersättning,0.0,mg
3668,Sojadryck berikad,Vitamin B6,Vegetabiliska produkter och mjölkersättning,0.0,mg
3668,Sojadryck berikad,Vitamin B12,Vegetabiliska produkter och mjölkersättning,0.38,µg
3668,Sojadryck berikad,Vitamin A,Vegetabiliska produkter och mjölkersättning,0.0,RE/µg
3668,Sojadryck berikad,Vatten,Vegetabiliska produkter och mjölkersättning,92.0,g
3668,Sojadryck berikad,Tiamin,Vegetabiliska produkter och mjölkersättning,0.03,mg
3668,Sojadryck berikad,Tillsatt socker,Vegetabiliska produkter och mjölkersättning,2.0,g
3668,Sojadryck berikad,Fritt socker,Vegetabiliska produkter och mjölkersättning,2.0,g
3668,Sojadryck berikad,"Selen, Se",Vegetabiliska produkter och mjölkersättning,0.0,µg
3668,Sojadryck berikad,Sackaros,Vegetabiliska produkter och mjölkersättning,2.4,g
3668,Sojadryck berikad,Riboflavin,Vegetabiliska produkter och mjölkersättning,0.21,mg
3668,Sojadryck berikad,Retinol,Vegetabiliska produkter och mjölkersättning,0.0,µg
3668,Sojadryck berikad,Protein,Vegetabiliska produkter och mjölkersättning,2.6,g
3668,Sojadryck berikad,Summa fleromättade fettsyror,Vegetabiliska produkter och mjölkersättning,0.6,g
3668,Sojadryck berikad,"Fosfor, P",Vegetabiliska produkter och mjölkersättning,90.0,mg
3668,Sojadryck berikad,Niacinekvivalenter,Vegetabiliska produkter och mjölkersättning,0.6,NE/mg
3668,Sojadryck berikad,Niacin,Vegetabiliska produkter och mjölkersättning,0.12,mg
3668,Sojadryck berikad,"Salt, NaCl",Vegetabiliska produkter och mjölkersättning,0.1,g
3668,Sojadryck berikad,"Natrium, Na",Vegetabiliska produkter och mjölkersättning,37.0,mg
3668,Sojadryck berikad,Monosackarider,Vegetabiliska produkter och mjölkersättning,0.0,g
3668,Sojadryck berikad,"Sockerarter, totalt",Vegetabiliska produkter och mjölkersättning,2.4,g
3668,Sojadryck berikad,Summa enkelomättade fettsyror,Vegetabiliska produkter och mjölkersättning,0.3,g
3668,Sojadryck berikad,"Magnesium, Mg",Vegetabiliska produkter och mjölkersättning,14.0,mg
3668,Sojadryck berikad,Summa mättade fettsyror,Vegetabiliska produkter och mjölkersättning,0.2,g
3668,Sojadryck berikad,"Kolhydrater, tillgängliga",Vegetabiliska produkter och mjölkersättning,3.2,g
3668,Sojadryck berikad,Kolesterol,Vegetabiliska produkter och mjölkersättning,0.0,mg
3668,Sojadryck berikad,"Kalium, K",Vegetabiliska produkter och mjölkersättning,135.0,mg
3668,Sojadryck berikad,"Jod, I",Vegetabiliska produkter och mjölkersättning,0.0,µg
3668,Sojadryck berikad,Fullkorn totalt,Vegetabiliska produkter och mjölkersättning,0.0,g
3668,Sojadryck berikad,"Folat, totalt",Vegetabiliska produkter och mjölkersättning,16.1,µg
3668,Sojadryck berikad,Fibrer,Vegetabiliska produkter och mjölkersättning,0.0,g
3668,Sojadryck berikad,"Fett, totalt",Vegetabiliska produkter och mjölkersättning,1.5,g
3668,Sojadryck berikad,"Järn, Fe",Vegetabiliska produkter och mjölkersättning,0.4,mg
3668,Sojadryck berikad,Energi (kJ),Vegetabiliska produkter och mjölkersättning,154.0,kJ
3668,Sojadryck berikad,Energi (kcal),Vegetabiliska produkter och mjölkersättning,37.0,kcal
3668,Sojadryck berikad,Disackarider,Vegetabiliska produkter och mjölkersättning,2.4,g
3668,Sojadryck berikad,"Kalcium, Ca",Vegetabiliska produkter och mjölkersättning,96.0,mg
3668,Sojadryck berikad,Fettsyra 4:0-10:0,Vegetabiliska produkter och mjölkersättning,0.0,g
3668,Sojadryck berikad,DHA (C22:6),Vegetabiliska produkter och mjölkersättning,0.0,g
3668,Sojadryck berikad,DPA (C22:5),Vegetabiliska produkter och mjölkersättning,0.0,g
3668,Sojadryck berikad,EPA (C20:5),Vegetabiliska produkter och mjölkersättning,0.0,g
3668,Sojadryck berikad,Arakidonsyra C20:4,Vegetabiliska produkter och mjölkersättning,0.0,g
3668,Sojadryck berikad,Arakidinsyra C20:0,Vegetabiliska produkter och mjölkersättning,0.0,g
3668,Sojadryck berikad,Linolensyra C18:3,Vegetabiliska produkter och mjölkersättning,0.1,g
3668,Sojadryck berikad,Linolsyra C18:2,Vegetabiliska produkter och mjölkersättning,0.5,g
3668,Sojadryck berikad,Oljesyra C18:1,Vegetabiliska produkter och mjölkersättning,0.3,g
3668,Sojadryck berikad,Stearinsyra C18:0,Vegetabiliska produkter och mjölkersättning,0.0,g
3668,Sojadryck berikad,Palmitoljesyra C16:1,Vegetabiliska produkter och mjölkersättning,0.0,g
3668,Sojadryck berikad,Palmitinsyra C16:0,Vegetabiliska produkter och mjölkersättning,0.1,g
3668,Sojadryck berikad,Myristinsyra C14:0,Vegetabiliska produkter och mjölkersättning,0.0,g
3668,Sojadryck berikad,Laurinsyra C12:0,Vegetabiliska produkter och mjölkersättning,0.0,g
3668,Sojadryck berikad,Betakaroten/β-Karoten,Vegetabiliska produkter och mjölkersättning,0.0,µg
3668,Sojadryck berikad,Avfall (skal etc.),Vegetabiliska produkter och mjölkersättning,0.0,%
3668,Sojadryck berikad,Aska,Vegetabiliska produkter och mjölkersättning,0.7,g
3668,Sojadryck berikad,Alkohol,Vegetabiliska produkter och mjölkersättning,0.0,g
3681,Lasagne m. sojafärs,"Zink, Zn",Pastarätter,0.6,mg
3681,Lasagne m. sojafärs,Vitamin E,Pastarätter,1.3,mg
3681,Lasagne m. sojafärs,Vitamin D,Pastarätter,0.52,µg
3681,Lasagne m. sojafärs,Vitamin C,Pastarätter,2.3,mg
3681,Lasagne m. sojafärs,Vitamin B6,Pastarätter,0.06,mg
3681,Lasagne m. sojafärs,Vitamin B12,Pastarätter,0.26,µg
3681,Lasagne m. sojafärs,Vitamin A,Pastarätter,45.7,RE/µg
3681,Lasagne m. sojafärs,Vatten,Pastarätter,70.6,g
3681,Lasagne m. sojafärs,Tiamin,Pastarätter,0.05,mg
3681,Lasagne m. sojafärs,Tillsatt socker,Pastarätter,0.0,g
3681,Lasagne m. sojafärs,Fritt socker,Pastarätter,0.0,g
3681,Lasagne m. sojafärs,"Selen, Se",Pastarätter,3.3,µg
3681,Lasagne m. sojafärs,Sackaros,Pastarätter,0.2,g
3681,Lasagne m. sojafärs,Riboflavin,Pastarätter,0.09,mg
3681,Lasagne m. sojafärs,Retinol,Pastarätter,33.3,µg
3681,Lasagne m. sojafärs,Protein,Pastarätter,7.1,g
3681,Lasagne m. sojafärs,Summa fleromättade fettsyror,Pastarätter,0.9,g
3681,Lasagne m. sojafärs,"Fosfor, P",Pastarätter,139.0,mg
3681,Lasagne m. sojafärs,Niacinekvivalenter,Pastarätter,1.96,NE/mg
3681,Lasagne m. sojafärs,Niacin,Pastarätter,0.56,mg
3681,Lasagne m. sojafärs,"Salt, NaCl",Pastarätter,1.2,g
3681,Lasagne m. sojafärs,"Natrium, Na",Pastarätter,465.0,mg
3681,Lasagne m. sojafärs,Monosackarider,Pastarätter,1.2,g
3681,Lasagne m. sojafärs,"Sockerarter, totalt",Pastarätter,3.2,g
3681,Lasagne m. sojafärs,Summa enkelomättade fettsyror,Pastarätter,2.2,g
3681,Lasagne m. sojafärs,"Magnesium, Mg",Pastarätter,29.0,mg
3681,Lasagne m. sojafärs,Summa mättade fettsyror,Pastarätter,2.4,g
3681,Lasagne m. sojafärs,"Kolhydrater, tillgängliga",Pastarätter,12.6,g
3681,Lasagne m. sojafärs,Kolesterol,Pastarätter,7.9,mg
3681,Lasagne m. sojafärs,"Kalium, K",Pastarätter,245.0,mg
3681,Lasagne m. sojafärs,"Jod, I",Pastarätter,33.2,µg
3681,Lasagne m. sojafärs,Fullkorn totalt,Pastarätter,0.0,g
3681,Lasagne m. sojafärs,"Folat, totalt",Pastarätter,20.6,µg
3681,Lasagne m. sojafärs,Fibrer,Pastarätter,1.7,g
3681,Lasagne m. sojafärs,"Fett, totalt",Pastarätter,5.9,g
3681,Lasagne m. sojafärs,"Järn, Fe",Pastarätter,0.8,mg
3681,Lasagne m. sojafärs,Energi (kJ),Pastarätter,566.0,kJ
3681,Lasagne m. sojafärs,Energi (kcal),Pastarätter,135.0,kcal
3681,Lasagne m. sojafärs,Disackarider,Pastarätter,2.0,g
3681,Lasagne m. sojafärs,"Kalcium, Ca",Pastarätter,119.0,mg
3681,Lasagne m. sojafärs,Fettsyra 4:0-10:0,Pastarätter,0.2,g
3681,Lasagne m. sojafärs,DHA (C22:6),Pastarätter,0.0,g
3681,Lasagne m. sojafärs,DPA (C22:5),Pastarätter,0.0,g
3681,Lasagne m. sojafärs,EPA (C20:5),Pastarätter,0.0,g
3681,Lasagne m. sojafärs,Arakidonsyra C20:4,Pastarätter,0.0,g
3681,Lasagne m. sojafärs,Arakidinsyra C20:0,Pastarätter,0.0,g
3681,Lasagne m. sojafärs,Linolensyra C18:3,Pastarätter,0.2,g
3681,Lasagne m. sojafärs,Linolsyra C18:2,Pastarätter,0.7,g
3681,Lasagne m. sojafärs,Oljesyra C18:1,Pastarätter,2.1,g
3681,Lasagne m. sojafärs,Stearinsyra C18:0,Pastarätter,0.4,g
3681,Lasagne m. sojafärs,Palmitoljesyra C16:1,Pastarätter,0.1,g
3681,Lasagne m. sojafärs,Palmitinsyra C16:0,Pastarätter,1.2,g
3681,Lasagne m. sojafärs,Myristinsyra C14:0,Pastarätter,0.3,g
3681,Lasagne m. sojafärs,Laurinsyra C12:0,Pastarätter,0.1,g
3681,Lasagne m. sojafärs,Betakaroten/β-Karoten,Pastarätter,133.0,µg
3681,Lasagne m. sojafärs,Avfall (skal etc.),Pastarätter,0.0,%
3681,Lasagne m. sojafärs,Aska,Pastarätter,2.2,g
3681,Lasagne m. sojafärs,Alkohol,Pastarätter,0.0,g
3710,Soygurt smaksatt eko. berikad,"Zink, Zn",Vegetabiliska produkter och mjölkersättning,0.4,mg
3710,Soygurt smaksatt eko. berikad,Vitamin E,Vegetabiliska produkter och mjölkersättning,0.3,mg
3710,Soygurt smaksatt eko. berikad,Vitamin D,Vegetabiliska produkter och mjölkersättning,0.85,µg
3710,Soygurt smaksatt eko. berikad,Vitamin C,Vegetabiliska produkter och mjölkersättning,0.5,mg
3710,Soygurt smaksatt eko. berikad,Vitamin B6,Vegetabiliska produkter och mjölkersättning,0.06,mg
3710,Soygurt smaksatt eko. berikad,Vitamin B12,Vegetabiliska produkter och mjölkersättning,0.0,µg
3710,Soygurt smaksatt eko. berikad,Vitamin A,Vegetabiliska produkter och mjölkersättning,7.9,RE/µg
3710,Soygurt smaksatt eko. berikad,Vatten,Vegetabiliska produkter och mjölkersättning,82.3,g
3710,Soygurt smaksatt eko. berikad,Tiamin,Vegetabiliska produkter och mjölkersättning,0.0,mg
3710,Soygurt smaksatt eko. berikad,Tillsatt socker,Vegetabiliska produkter och mjölkersättning,7.0,g
3710,Soygurt smaksatt eko. berikad,Fritt socker,Vegetabiliska produkter och mjölkersättning,7.0,g
3710,Soygurt smaksatt eko. berikad,"Selen, Se",Vegetabiliska produkter och mjölkersättning,2.0,µg
3710,Soygurt smaksatt eko. berikad,Sackaros,Vegetabiliska produkter och mjölkersättning,5.8,g
3710,Soygurt smaksatt eko. berikad,Riboflavin,Vegetabiliska produkter och mjölkersättning,0.0,mg
3710,Soygurt smaksatt eko. berikad,Retinol,Vegetabiliska produkter och mjölkersättning,0.0,µg
3710,Soygurt smaksatt eko. berikad,Protein,Vegetabiliska produkter och mjölkersättning,3.4,g
3710,Soygurt smaksatt eko. berikad,Summa fleromättade fettsyror,Vegetabiliska produkter och mjölkersättning,1.0,g
3710,Soygurt smaksatt eko. berikad,"Fosfor, P",Vegetabiliska produkter och mjölkersättning,57.0,mg
3710,Soygurt smaksatt eko. berikad,Niacinekvivalenter,Vegetabiliska produkter och mjölkersättning,0.8,NE/mg
3710,Soygurt smaksatt eko. berikad,Niacin,Vegetabiliska produkter och mjölkersättning,0.23,mg
3710,Soygurt smaksatt eko. berikad,"Salt, NaCl",Vegetabiliska produkter och mjölkersättning,0.1,g
3710,Soygurt smaksatt eko. berikad,"Natrium, Na",Vegetabiliska produkter och mjölkersättning,30.0,mg
3710,Soygurt smaksatt eko. berikad,Monosackarider,Vegetabiliska produkter och mjölkersättning,1.0,g
3710,Soygurt smaksatt eko. berikad,"Sockerarter, totalt",Vegetabiliska produkter och mjölkersättning,7.0,g
3710,Soygurt smaksatt eko. berikad,Summa enkelomättade fettsyror,Vegetabiliska produkter och mjölkersättning,0.4,g
3710,Soygurt smaksatt eko. berikad,"Magnesium, Mg",Vegetabiliska produkter och mjölkersättning,25.0,mg
3710,Soygurt smaksatt eko. berikad,Summa mättade fettsyror,Vegetabiliska produkter och mjölkersättning,0.3,g
3710,Soygurt smaksatt eko. berikad,"Kolhydrater, tillgängliga",Vegetabiliska produkter och mjölkersättning,10.7,g
3710,Soygurt smaksatt eko. berikad,Kolesterol,Vegetabiliska produkter och mjölkersättning,0.0,mg
3710,Soygurt smaksatt eko. berikad,"Kalium, K",Vegetabiliska produkter och mjölkersättning,180.0,mg
3710,Soygurt smaksatt eko. berikad,"Jod, I",Vegetabiliska produkter och mjölkersättning,0.0,µg
3710,Soygurt smaksatt eko. berikad,Fullkorn totalt,Vegetabiliska produkter och mjölkersättning,0.0,g
3710,Soygurt smaksatt eko. berikad,"Folat, totalt",Vegetabiliska produkter och mjölkersättning,15.0,µg
3710,Soygurt smaksatt eko. berikad,Fibrer,Vegetabiliska produkter och mjölkersättning,1.1,g
3710,Soygurt smaksatt eko. berikad,"Fett, totalt",Vegetabiliska produkter och mjölkersättning,2.0,g
3710,Soygurt smaksatt eko. berikad,"Järn, Fe",Vegetabiliska produkter och mjölkersättning,0.5,mg
3710,Soygurt smaksatt eko. berikad,Energi (kJ),Vegetabiliska produkter och mjölkersättning,323.0,kJ
3710,Soygurt smaksatt eko. berikad,Energi (kcal),Vegetabiliska produkter och mjölkersättning,77.0,kcal
3710,Soygurt smaksatt eko. berikad,Disackarider,Vegetabiliska produkter och mjölkersättning,6.0,g
3710,Soygurt smaksatt eko. berikad,"Kalcium, Ca",Vegetabiliska produkter och mjölkersättning,66.0,mg
3710,Soygurt smaksatt eko. berikad,Fettsyra 4:0-10:0,Vegetabiliska produkter och mjölkersättning,0.0,g
3710,Soygurt smaksatt eko. berikad,DHA (C22:6),Vegetabiliska produkter och mjölkersättning,0.0,g
3710,Soygurt smaksatt eko. berikad,DPA (C22:5),Vegetabiliska produkter och mjölkersättning,0.0,g
3710,Soygurt smaksatt eko. berikad,EPA (C20:5),Vegetabiliska produkter och mjölkersättning,0.0,g
3710,Soygurt smaksatt eko. berikad,Arakidonsyra C20:4,Vegetabiliska produkter och mjölkersättning,0.0,g
3710,Soygurt smaksatt eko. berikad,Arakidinsyra C20:0,Vegetabiliska produkter och mjölkersättning,0.0,g
3710,Soygurt smaksatt eko. berikad,Linolensyra C18:3,Vegetabiliska produkter och mjölkersättning,0.1,g
3710,Soygurt smaksatt eko. berikad,Linolsyra C18:2,Vegetabiliska produkter och mjölkersättning,0.8,g
3710,Soygurt smaksatt eko. berikad,Oljesyra C18:1,Vegetabiliska produkter och mjölkersättning,0.4,g
3710,Soygurt smaksatt eko. berikad,Stearinsyra C18:0,Vegetabiliska produkter och mjölkersättning,0.1,g
3710,Soygurt smaksatt eko. berikad,Palmitoljesyra C16:1,Vegetabiliska produkter och mjölkersättning,0.0,g
3710,Soygurt smaksatt eko. berikad,Palmitinsyra C16:0,Vegetabiliska produkter och mjölkersättning,0.2,g
3710,Soygurt smaksatt eko. berikad,Myristinsyra C14:0,Vegetabiliska produkter och mjölkersättning,0.0,g
3710,Soygurt smaksatt eko. berikad,Laurinsyra C12:0,Vegetabiliska produkter och mjölkersättning,0.0,g
3710,Soygurt smaksatt eko. berikad,Betakaroten/β-Karoten,Vegetabiliska produkter och mjölkersättning,94.0,µg
3710,Soygurt smaksatt eko. berikad,Avfall (skal etc.),Vegetabiliska produkter och mjölkersättning,0.0,%
3710,Soygurt smaksatt eko. berikad,Aska,Vegetabiliska produkter och mjölkersättning,0.5,g
3710,Soygurt smaksatt eko. berikad,Alkohol,Vegetabiliska produkter och mjölkersättning,0.0,g
3733,Saftglögg,"Zink, Zn",Saft läsk cider u alkohol ,0.0,mg
3733,Saftglögg,Vitamin E,Saft läsk cider u alkohol ,0.0,mg
3733,Saftglögg,Vitamin D,Saft läsk cider u alkohol ,0.0,µg
3733,Saftglögg,Vitamin C,Saft läsk cider u alkohol ,9.5,mg
3733,Saftglögg,Vitamin B6,Saft läsk cider u alkohol ,0.01,mg
3733,Saftglögg,Vitamin B12,Saft läsk cider u alkohol ,0.0,µg
3733,Saftglögg,Vitamin A,Saft läsk cider u alkohol ,0.6,RE/µg
3733,Saftglögg,Vatten,Saft läsk cider u alkohol ,93.0,g
3733,Saftglögg,Tiamin,Saft läsk cider u alkohol ,0.0,mg
3733,Saftglögg,Tillsatt socker,Saft läsk cider u alkohol ,4.0,g
3733,Saftglögg,Fritt socker,Saft läsk cider u alkohol ,7.0,g
3733,Saftglögg,"Selen, Se",Saft läsk cider u alkohol ,0.0,µg
3733,Saftglögg,Sackaros,Saft läsk cider u alkohol ,2.4,g
3733,Saftglögg,Riboflavin,Saft läsk cider u alkohol ,0.0,mg
3733,Saftglögg,Retinol,Saft läsk cider u alkohol ,0.0,µg
3733,Saftglögg,Protein,Saft läsk cider u alkohol ,0.1,g
3733,Saftglögg,Summa fleromättade fettsyror,Saft läsk cider u alkohol ,0.0,g
3733,Saftglögg,"Fosfor, P",Saft läsk cider u alkohol ,3.0,mg
3733,Saftglögg,Niacinekvivalenter,Saft läsk cider u alkohol ,0.03,NE/mg
3733,Saftglögg,Niacin,Saft läsk cider u alkohol ,0.03,mg
3733,Saftglögg,"Salt, NaCl",Saft läsk cider u alkohol ,0.0,g
3733,Saftglögg,"Natrium, Na",Saft läsk cider u alkohol ,5.0,mg
3733,Saftglögg,Monosackarider,Saft läsk cider u alkohol ,4.2,g
3733,Saftglögg,"Sockerarter, totalt",Saft läsk cider u alkohol ,6.7,g
3733,Saftglögg,Summa enkelomättade fettsyror,Saft läsk cider u alkohol ,0.0,g
3733,Saftglögg,"Magnesium, Mg",Saft läsk cider u alkohol ,4.0,mg
3733,Saftglögg,Summa mättade fettsyror,Saft läsk cider u alkohol ,0.0,g
3733,Saftglögg,"Kolhydrater, tillgängliga",Saft läsk cider u alkohol ,6.6,g
3733,Saftglögg,Kolesterol,Saft läsk cider u alkohol ,0.0,mg
3733,Saftglögg,"Kalium, K",Saft läsk cider u alkohol ,30.0,mg
3733,Saftglögg,"Jod, I",Saft läsk cider u alkohol ,0.8,µg
3733,Saftglögg,Fullkorn totalt,Saft läsk cider u alkohol ,0.0,g
3733,Saftglögg,"Folat, totalt",Saft läsk cider u alkohol ,0.4,µg
3733,Saftglögg,Fibrer,Saft läsk cider u alkohol ,0.2,g
3733,Saftglögg,"Fett, totalt",Saft läsk cider u alkohol ,0.0,g
3733,Saftglögg,"Järn, Fe",Saft läsk cider u alkohol ,0.1,mg
3733,Saftglögg,Energi (kJ),Saft läsk cider u alkohol ,116.0,kJ
3733,Saftglögg,Energi (kcal),Saft läsk cider u alkohol ,27.0,kcal
3733,Saftglögg,Disackarider,Saft läsk cider u alkohol ,2.4,g
3733,Saftglögg,"Kalcium, Ca",Saft läsk cider u alkohol ,10.0,mg
3733,Saftglögg,Fettsyra 4:0-10:0,Saft läsk cider u alkohol ,0.0,g
3733,Saftglögg,DHA (C22:6),Saft läsk cider u alkohol ,0.0,g
3733,Saftglögg,DPA (C22:5),Saft läsk cider u alkohol ,0.0,g
3733,Saftglögg,EPA (C20:5),Saft läsk cider u alkohol ,0.0,g
3733,Saftglögg,Arakidonsyra C20:4,Saft läsk cider u alkohol ,0.0,g
3733,Saftglögg,Arakidinsyra C20:0,Saft läsk cider u alkohol ,0.0,g
3733,Saftglögg,Linolensyra C18:3,Saft läsk cider u alkohol ,0.0,g
3733,Saftglögg,Linolsyra C18:2,Saft läsk cider u alkohol ,0.0,g
3733,Saftglögg,Oljesyra C18:1,Saft läsk cider u alkohol ,0.0,g
3733,Saftglögg,Stearinsyra C18:0,Saft läsk cider u alkohol ,0.0,g
3733,Saftglögg,Palmitoljesyra C16:1,Saft läsk cider u alkohol ,0.0,g
3733,Saftglögg,Palmitinsyra C16:0,Saft läsk cider u alkohol ,0.0,g
3733,Saftglögg,Myristinsyra C14:0,Saft läsk cider u alkohol ,0.0,g
3733,Saftglögg,Laurinsyra C12:0,Saft läsk cider u alkohol ,0.0,g
3733,Saftglögg,Betakaroten/β-Karoten,Saft läsk cider u alkohol ,6.0,µg
3733,Saftglögg,Avfall (skal etc.),Saft läsk cider u alkohol ,0.0,%
3733,Saftglögg,Aska,Saft läsk cider u alkohol ,0.1,g
3733,Saftglögg,Alkohol,Saft läsk cider u alkohol ,0.0,g
3752,Couscous kokt m. salt fullkorn,"Zink, Zn",Matgryn,1.5,mg
3752,Couscous kokt m. salt fullkorn,Vitamin E,Matgryn,0.0,mg
3752,Couscous kokt m. salt fullkorn,Vitamin D inkl 25-OH-D3,Matgryn,0.0,µg
3752,Couscous kokt m. salt fullkorn,Vitamin D,Matgryn,0.0,µg
3752,Couscous kokt m. salt fullkorn,Vitamin C,Matgryn,0.0,mg
3752,Couscous kokt m. salt fullkorn,Vitamin B6,Matgryn,0.09,mg
3752,Couscous kokt m. salt fullkorn,Vitamin B12,Matgryn,0.0,µg
3752,Couscous kokt m. salt fullkorn,Vitamin A,Matgryn,0.0,RE/µg
3752,Couscous kokt m. salt fullkorn,Vatten,Matgryn,62.5,g
3752,Couscous kokt m. salt fullkorn,Tiamin,Matgryn,0.18,mg
3752,Couscous kokt m. salt fullkorn,Tillsatt socker,Matgryn,0.0,g
3752,Couscous kokt m. salt fullkorn,Fritt socker,Matgryn,0.0,g
3752,Couscous kokt m. salt fullkorn,"Selen, Se",Matgryn,2.4,µg
3752,Couscous kokt m. salt fullkorn,Sackaros,Matgryn,0.4,g
3752,Couscous kokt m. salt fullkorn,Riboflavin,Matgryn,0.03,mg
3752,Couscous kokt m. salt fullkorn,Retinol,Matgryn,0.0,µg
3752,Couscous kokt m. salt fullkorn,Protein,Matgryn,4.7,g
3752,Couscous kokt m. salt fullkorn,Summa fleromättade fettsyror,Matgryn,0.4,g
3752,Couscous kokt m. salt fullkorn,"Fosfor, P",Matgryn,147.0,mg
3752,Couscous kokt m. salt fullkorn,Niacinekvivalenter,Matgryn,3.0,NE/mg
3752,Couscous kokt m. salt fullkorn,Niacin,Matgryn,2.25,mg
3752,Couscous kokt m. salt fullkorn,"Salt, NaCl",Matgryn,0.6,g
3752,Couscous kokt m. salt fullkorn,"Natrium, Na",Matgryn,229.0,mg
3752,Couscous kokt m. salt fullkorn,Monosackarider,Matgryn,0.1,g
3752,Couscous kokt m. salt fullkorn,"Sockerarter, totalt",Matgryn,1.1,g
3752,Couscous kokt m. salt fullkorn,Summa enkelomättade fettsyror,Matgryn,0.1,g
3752,Couscous kokt m. salt fullkorn,"Magnesium, Mg",Matgryn,47.0,mg
3752,Couscous kokt m. salt fullkorn,Summa mättade fettsyror,Matgryn,0.1,g
3752,Couscous kokt m. salt fullkorn,"Kolhydrater, tillgängliga",Matgryn,27.0,g
3752,Couscous kokt m. salt fullkorn,Kolesterol,Matgryn,0.0,mg
3752,Couscous kokt m. salt fullkorn,"Kalium, K",Matgryn,178.0,mg
3752,Couscous kokt m. salt fullkorn,"Jod, I",Matgryn,35.0,µg
3752,Couscous kokt m. salt fullkorn,Fullkorn totalt,Matgryn,40.0,g
3752,Couscous kokt m. salt fullkorn,"Folat, totalt",Matgryn,12.4,µg
3752,Couscous kokt m. salt fullkorn,Fibrer,Matgryn,3.9,g
3752,Couscous kokt m. salt fullkorn,"Fett, totalt",Matgryn,0.9,g
3752,Couscous kokt m. salt fullkorn,"Järn, Fe",Matgryn,1.4,mg
3752,Couscous kokt m. salt fullkorn,Energi (kJ),Matgryn,603.0,kJ
3752,Couscous kokt m. salt fullkorn,Energi (kcal),Matgryn,144.0,kcal
3752,Couscous kokt m. salt fullkorn,Disackarider,Matgryn,1.0,g
3752,Couscous kokt m. salt fullkorn,"Kalcium, Ca",Matgryn,17.0,mg
3752,Couscous kokt m. salt fullkorn,Fettsyra 4:0-10:0,Matgryn,0.0,g
3752,Couscous kokt m. salt fullkorn,DHA (C22:6),Matgryn,0.0,g
3752,Couscous kokt m. salt fullkorn,DPA (C22:5),Matgryn,0.0,g
3752,Couscous kokt m. salt fullkorn,EPA (C20:5),Matgryn,0.0,g
3752,Couscous kokt m. salt fullkorn,Arakidonsyra C20:4,Matgryn,0.0,g
3752,Couscous kokt m. salt fullkorn,Arakidinsyra C20:0,Matgryn,0.0,g
3752,Couscous kokt m. salt fullkorn,Linolensyra C18:3,Matgryn,0.0,g
3752,Couscous kokt m. salt fullkorn,Linolsyra C18:2,Matgryn,0.4,g
3752,Couscous kokt m. salt fullkorn,Oljesyra C18:1,Matgryn,0.1,g
3752,Couscous kokt m. salt fullkorn,Stearinsyra C18:0,Matgryn,0.0,g
3752,Couscous kokt m. salt fullkorn,Palmitoljesyra C16:1,Matgryn,0.0,g
3752,Couscous kokt m. salt fullkorn,Palmitinsyra C16:0,Matgryn,0.1,g
3752,Couscous kokt m. salt fullkorn,Myristinsyra C14:0,Matgryn,0.0,g
3752,Couscous kokt m. salt fullkorn,Laurinsyra C12:0,Matgryn,0.0,g
3752,Couscous kokt m. salt fullkorn,Betakaroten/β-Karoten,Matgryn,0.0,µg
3752,Couscous kokt m. salt fullkorn,Avfall (skal etc.),Matgryn,0.0,%
3752,Couscous kokt m. salt fullkorn,Aska,Matgryn,1.0,g
3752,Couscous kokt m. salt fullkorn,Alkohol,Matgryn,0.0,g
3756,Pasta kokt m. salt,"Zink, Zn",Pasta,0.4,mg
3756,Pasta kokt m. salt,Vitamin E,Pasta,0.1,mg
3756,Pasta kokt m. salt,Vitamin D inkl 25-OH-D3,Pasta,0.0,µg
3756,Pasta kokt m. salt,Vitamin D,Pasta,0.0,µg
3756,Pasta kokt m. salt,Vitamin C,Pasta,0.0,mg
3756,Pasta kokt m. salt,Vitamin B6,Pasta,0.02,mg
3756,Pasta kokt m. salt,Vitamin B12,Pasta,0.0,µg
3756,Pasta kokt m. salt,Vitamin A,Pasta,0.0,RE/µg
3756,Pasta kokt m. salt,Vatten,Pasta,64.9,g
3756,Pasta kokt m. salt,Tiamin,Pasta,0.03,mg
3756,Pasta kokt m. salt,Tillsatt socker,Pasta,0.0,g
3756,Pasta kokt m. salt,Fritt socker,Pasta,0.0,g
3756,Pasta kokt m. salt,"Selen, Se",Pasta,0.0,µg
3756,Pasta kokt m. salt,Sackaros,Pasta,0.1,g
3756,Pasta kokt m. salt,Riboflavin,Pasta,0.1,mg
3756,Pasta kokt m. salt,Retinol,Pasta,0.0,µg
3756,Pasta kokt m. salt,Protein,Pasta,4.6,g
3756,Pasta kokt m. salt,Summa fleromättade fettsyror,Pasta,0.2,g
3756,Pasta kokt m. salt,"Fosfor, P",Pasta,54.0,mg
3756,Pasta kokt m. salt,Niacinekvivalenter,Pasta,1.3,NE/mg
3756,Pasta kokt m. salt,Niacin,Pasta,0.56,mg
3756,Pasta kokt m. salt,"Salt, NaCl",Pasta,0.4,g
3756,Pasta kokt m. salt,"Natrium, Na",Pasta,164.0,mg
3756,Pasta kokt m. salt,Monosackarider,Pasta,0.0,g
3756,Pasta kokt m. salt,"Sockerarter, totalt",Pasta,0.6,g
3756,Pasta kokt m. salt,Summa enkelomättade fettsyror,Pasta,0.1,g
3756,Pasta kokt m. salt,"Magnesium, Mg",Pasta,17.0,mg
3756,Pasta kokt m. salt,Summa mättade fettsyror,Pasta,0.1,g
3756,Pasta kokt m. salt,"Kolhydrater, tillgängliga",Pasta,27.5,g
3756,Pasta kokt m. salt,Kolesterol,Pasta,0.0,mg
3756,Pasta kokt m. salt,"Kalium, K",Pasta,26.0,mg
3756,Pasta kokt m. salt,"Jod, I",Pasta,22.0,µg
3756,Pasta kokt m. salt,Fullkorn totalt,Pasta,0.0,g
3756,Pasta kokt m. salt,"Folat, totalt",Pasta,3.5,µg
3756,Pasta kokt m. salt,Fibrer,Pasta,2.0,g
3756,Pasta kokt m. salt,"Fett, totalt",Pasta,0.6,g
3756,Pasta kokt m. salt,"Järn, Fe",Pasta,0.5,mg
3756,Pasta kokt m. salt,Energi (kJ),Pasta,583.0,kJ
3756,Pasta kokt m. salt,Energi (kcal),Pasta,139.0,kcal
3756,Pasta kokt m. salt,Disackarider,Pasta,0.6,g
3756,Pasta kokt m. salt,"Kalcium, Ca",Pasta,10.0,mg
3756,Pasta kokt m. salt,Fettsyra 4:0-10:0,Pasta,0.0,g
3756,Pasta kokt m. salt,DHA (C22:6),Pasta,0.0,g
3756,Pasta kokt m. salt,DPA (C22:5),Pasta,0.0,g
3756,Pasta kokt m. salt,EPA (C20:5),Pasta,0.0,g
3756,Pasta kokt m. salt,Arakidonsyra C20:4,Pasta,0.0,g
3756,Pasta kokt m. salt,Arakidinsyra C20:0,Pasta,0.0,g
3756,Pasta kokt m. salt,Linolensyra C18:3,Pasta,0.0,g
3756,Pasta kokt m. salt,Linolsyra C18:2,Pasta,0.2,g
3756,Pasta kokt m. salt,Oljesyra C18:1,Pasta,0.1,g
3756,Pasta kokt m. salt,Stearinsyra C18:0,Pasta,0.0,g
3756,Pasta kokt m. salt,Palmitoljesyra C16:1,Pasta,0.0,g
3756,Pasta kokt m. salt,Palmitinsyra C16:0,Pasta,0.1,g
3756,Pasta kokt m. salt,Myristinsyra C14:0,Pasta,0.0,g
3756,Pasta kokt m. salt,Laurinsyra C12:0,Pasta,0.0,g
3756,Pasta kokt m. salt,Betakaroten/β-Karoten,Pasta,0.0,µg
3756,Pasta kokt m. salt,Avfall (skal etc.),Pasta,0.0,%
3756,Pasta kokt m. salt,Aska,Pasta,0.4,g
3756,Pasta kokt m. salt,Alkohol,Pasta,0.0,g
3760,Vita bönor torkade kokta m. salt,"Zink, Zn","Baljväxter (bönor, linser och ärter)",1.0,mg
3760,Vita bönor torkade kokta m. salt,Vitamin E,"Baljväxter (bönor, linser och ärter)",0.0,mg
3760,Vita bönor torkade kokta m. salt,Vitamin D inkl 25-OH-D3,"Baljväxter (bönor, linser och ärter)",0.0,µg
3760,Vita bönor torkade kokta m. salt,Vitamin D,"Baljväxter (bönor, linser och ärter)",0.0,µg
3760,Vita bönor torkade kokta m. salt,Vitamin C,"Baljväxter (bönor, linser och ärter)",0.0,mg
3760,Vita bönor torkade kokta m. salt,Vitamin B6,"Baljväxter (bönor, linser och ärter)",0.11,mg
3760,Vita bönor torkade kokta m. salt,Vitamin B12,"Baljväxter (bönor, linser och ärter)",0.0,µg
3760,Vita bönor torkade kokta m. salt,Vitamin A,"Baljväxter (bönor, linser och ärter)",0.0,RE/µg
3760,Vita bönor torkade kokta m. salt,Vatten,"Baljväxter (bönor, linser och ärter)",65.4,g
3760,Vita bönor torkade kokta m. salt,Tiamin,"Baljväxter (bönor, linser och ärter)",0.13,mg
3760,Vita bönor torkade kokta m. salt,Tillsatt socker,"Baljväxter (bönor, linser och ärter)",0.0,g
3760,Vita bönor torkade kokta m. salt,Fritt socker,"Baljväxter (bönor, linser och ärter)",0.0,g
3760,Vita bönor torkade kokta m. salt,"Selen, Se","Baljväxter (bönor, linser och ärter)",2.0,µg
3760,Vita bönor torkade kokta m. salt,Sackaros,"Baljväxter (bönor, linser och ärter)",0.6,g
3760,Vita bönor torkade kokta m. salt,Riboflavin,"Baljväxter (bönor, linser och ärter)",0.04,mg
3760,Vita bönor torkade kokta m. salt,Retinol,"Baljväxter (bönor, linser och ärter)",0.0,µg
3760,Vita bönor torkade kokta m. salt,Protein,"Baljväxter (bönor, linser och ärter)",8.8,g
3760,Vita bönor torkade kokta m. salt,Summa fleromättade fettsyror,"Baljväxter (bönor, linser och ärter)",0.5,g
3760,Vita bönor torkade kokta m. salt,"Fosfor, P","Baljväxter (bönor, linser och ärter)",155.0,mg
3760,Vita bönor torkade kokta m. salt,Niacinekvivalenter,"Baljväxter (bönor, linser och ärter)",1.8,NE/mg
3760,Vita bönor torkade kokta m. salt,Niacin,"Baljväxter (bönor, linser och ärter)",0.38,mg
3760,Vita bönor torkade kokta m. salt,"Salt, NaCl","Baljväxter (bönor, linser och ärter)",0.5,g
3760,Vita bönor torkade kokta m. salt,"Natrium, Na","Baljväxter (bönor, linser och ärter)",212.0,mg
3760,Vita bönor torkade kokta m. salt,Monosackarider,"Baljväxter (bönor, linser och ärter)",0.0,g
3760,Vita bönor torkade kokta m. salt,"Sockerarter, totalt","Baljväxter (bönor, linser och ärter)",0.6,g
3760,Vita bönor torkade kokta m. salt,Summa enkelomättade fettsyror,"Baljväxter (bönor, linser och ärter)",0.1,g
3760,Vita bönor torkade kokta m. salt,"Magnesium, Mg","Baljväxter (bönor, linser och ärter)",48.0,mg
3760,Vita bönor torkade kokta m. salt,Summa mättade fettsyror,"Baljväxter (bönor, linser och ärter)",0.2,g
3760,Vita bönor torkade kokta m. salt,"Kolhydrater, tillgängliga","Baljväxter (bönor, linser och ärter)",11.0,g
3760,Vita bönor torkade kokta m. salt,Kolesterol,"Baljväxter (bönor, linser och ärter)",0.0,mg
3760,Vita bönor torkade kokta m. salt,"Kalium, K","Baljväxter (bönor, linser och ärter)",328.0,mg
3760,Vita bönor torkade kokta m. salt,"Jod, I","Baljväxter (bönor, linser och ärter)",23.0,µg
3760,Vita bönor torkade kokta m. salt,Fullkorn totalt,"Baljväxter (bönor, linser och ärter)",0.0,g
3760,Vita bönor torkade kokta m. salt,"Folat, totalt","Baljväxter (bönor, linser och ärter)",160.0,µg
3760,Vita bönor torkade kokta m. salt,Fibrer,"Baljväxter (bönor, linser och ärter)",12.5,g
3760,Vita bönor torkade kokta m. salt,"Fett, totalt","Baljväxter (bönor, linser och ärter)",0.9,g
3760,Vita bönor torkade kokta m. salt,"Järn, Fe","Baljväxter (bönor, linser och ärter)",2.1,mg
3760,Vita bönor torkade kokta m. salt,Energi (kJ),"Baljväxter (bönor, linser och ärter)",469.0,kJ
3760,Vita bönor torkade kokta m. salt,Energi (kcal),"Baljväxter (bönor, linser och ärter)",112.0,kcal
3760,Vita bönor torkade kokta m. salt,Disackarider,"Baljväxter (bönor, linser och ärter)",0.6,g
3760,Vita bönor torkade kokta m. salt,"Kalcium, Ca","Baljväxter (bönor, linser och ärter)",78.0,mg
3760,Vita bönor torkade kokta m. salt,Fettsyra 4:0-10:0,"Baljväxter (bönor, linser och ärter)",0.0,g
3760,Vita bönor torkade kokta m. salt,DHA (C22:6),"Baljväxter (bönor, linser och ärter)",0.0,g
3760,Vita bönor torkade kokta m. salt,DPA (C22:5),"Baljväxter (bönor, linser och ärter)",0.0,g
3760,Vita bönor torkade kokta m. salt,EPA (C20:5),"Baljväxter (bönor, linser och ärter)",0.0,g
3760,Vita bönor torkade kokta m. salt,Arakidonsyra C20:4,"Baljväxter (bönor, linser och ärter)",0.0,g
3760,Vita bönor torkade kokta m. salt,Arakidinsyra C20:0,"Baljväxter (bönor, linser och ärter)",0.0,g
3760,Vita bönor torkade kokta m. salt,Linolensyra C18:3,"Baljväxter (bönor, linser och ärter)",0.3,g
3760,Vita bönor torkade kokta m. salt,Linolsyra C18:2,"Baljväxter (bönor, linser och ärter)",0.2,g
3760,Vita bönor torkade kokta m. salt,Oljesyra C18:1,"Baljväxter (bönor, linser och ärter)",0.1,g
3760,Vita bönor torkade kokta m. salt,Stearinsyra C18:0,"Baljväxter (bönor, linser och ärter)",0.0,g
3760,Vita bönor torkade kokta m. salt,Palmitoljesyra C16:1,"Baljväxter (bönor, linser och ärter)",0.0,g
3760,Vita bönor torkade kokta m. salt,Palmitinsyra C16:0,"Baljväxter (bönor, linser och ärter)",0.1,g
3760,Vita bönor torkade kokta m. salt,Myristinsyra C14:0,"Baljväxter (bönor, linser och ärter)",0.0,g
3760,Vita bönor torkade kokta m. salt,Laurinsyra C12:0,"Baljväxter (bönor, linser och ärter)",0.0,g
3760,Vita bönor torkade kokta m. salt,Betakaroten/β-Karoten,"Baljväxter (bönor, linser och ärter)",0.0,µg
3760,Vita bönor torkade kokta m. salt,Avfall (skal etc.),"Baljväxter (bönor, linser och ärter)",0.0,%
3760,Vita bönor torkade kokta m. salt,Aska,"Baljväxter (bönor, linser och ärter)",1.5,g
3760,Vita bönor torkade kokta m. salt,Alkohol,"Baljväxter (bönor, linser och ärter)",0.0,g
3761,Stora vita bönor konserv. u. lag,"Zink, Zn","Baljväxter (bönor, linser och ärter)",0.5,mg
3761,Stora vita bönor konserv. u. lag,Vitamin E,"Baljväxter (bönor, linser och ärter)",0.0,mg
3761,Stora vita bönor konserv. u. lag,Vitamin D inkl 25-OH-D3,"Baljväxter (bönor, linser och ärter)",0.0,µg
3761,Stora vita bönor konserv. u. lag,Vitamin D,"Baljväxter (bönor, linser och ärter)",0.0,µg
3761,Stora vita bönor konserv. u. lag,Vitamin C,"Baljväxter (bönor, linser och ärter)",0.0,mg
3761,Stora vita bönor konserv. u. lag,Vitamin B6,"Baljväxter (bönor, linser och ärter)",0.11,mg
3761,Stora vita bönor konserv. u. lag,Vitamin B12,"Baljväxter (bönor, linser och ärter)",0.0,µg
3761,Stora vita bönor konserv. u. lag,Vitamin A,"Baljväxter (bönor, linser och ärter)",0.0,RE/µg
3761,Stora vita bönor konserv. u. lag,Vatten,"Baljväxter (bönor, linser och ärter)",69.6,g
3761,Stora vita bönor konserv. u. lag,Tiamin,"Baljväxter (bönor, linser och ärter)",0.04,mg
3761,Stora vita bönor konserv. u. lag,Tillsatt socker,"Baljväxter (bönor, linser och ärter)",0.0,g
3761,Stora vita bönor konserv. u. lag,Fritt socker,"Baljväxter (bönor, linser och ärter)",0.0,g
3761,Stora vita bönor konserv. u. lag,"Selen, Se","Baljväxter (bönor, linser och ärter)",0.0,µg
3761,Stora vita bönor konserv. u. lag,Sackaros,"Baljväxter (bönor, linser och ärter)",0.7,g
3761,Stora vita bönor konserv. u. lag,Riboflavin,"Baljväxter (bönor, linser och ärter)",0.04,mg
3761,Stora vita bönor konserv. u. lag,Retinol,"Baljväxter (bönor, linser och ärter)",0.0,µg
3761,Stora vita bönor konserv. u. lag,Protein,"Baljväxter (bönor, linser och ärter)",6.9,g
3761,Stora vita bönor konserv. u. lag,Summa fleromättade fettsyror,"Baljväxter (bönor, linser och ärter)",0.5,g
3761,Stora vita bönor konserv. u. lag,"Fosfor, P","Baljväxter (bönor, linser och ärter)",81.0,mg
3761,Stora vita bönor konserv. u. lag,Niacinekvivalenter,"Baljväxter (bönor, linser och ärter)",1.6,NE/mg
3761,Stora vita bönor konserv. u. lag,Niacin,"Baljväxter (bönor, linser och ärter)",0.42,mg
3761,Stora vita bönor konserv. u. lag,"Salt, NaCl","Baljväxter (bönor, linser och ärter)",0.6,g
3761,Stora vita bönor konserv. u. lag,"Natrium, Na","Baljväxter (bönor, linser och ärter)",240.0,mg
3761,Stora vita bönor konserv. u. lag,Monosackarider,"Baljväxter (bönor, linser och ärter)",0.0,g
3761,Stora vita bönor konserv. u. lag,"Sockerarter, totalt","Baljväxter (bönor, linser och ärter)",0.7,g
3761,Stora vita bönor konserv. u. lag,Summa enkelomättade fettsyror,"Baljväxter (bönor, linser och ärter)",0.1,g
3761,Stora vita bönor konserv. u. lag,"Magnesium, Mg","Baljväxter (bönor, linser och ärter)",34.0,mg
3761,Stora vita bönor konserv. u. lag,Summa mättade fettsyror,"Baljväxter (bönor, linser och ärter)",0.1,g
3761,Stora vita bönor konserv. u. lag,"Kolhydrater, tillgängliga","Baljväxter (bönor, linser och ärter)",14.6,g
3761,Stora vita bönor konserv. u. lag,Kolesterol,"Baljväxter (bönor, linser och ärter)",0.0,mg
3761,Stora vita bönor konserv. u. lag,"Kalium, K","Baljväxter (bönor, linser och ärter)",320.0,mg
3761,Stora vita bönor konserv. u. lag,"Jod, I","Baljväxter (bönor, linser och ärter)",4.0,µg
3761,Stora vita bönor konserv. u. lag,Fullkorn totalt,"Baljväxter (bönor, linser och ärter)",0.0,g
3761,Stora vita bönor konserv. u. lag,"Folat, totalt","Baljväxter (bönor, linser och ärter)",21.5,µg
3761,Stora vita bönor konserv. u. lag,Fibrer,"Baljväxter (bönor, linser och ärter)",6.8,g
3761,Stora vita bönor konserv. u. lag,"Fett, totalt","Baljväxter (bönor, linser och ärter)",0.8,g
3761,Stora vita bönor konserv. u. lag,"Järn, Fe","Baljväxter (bönor, linser och ärter)",1.3,mg
3761,Stora vita bönor konserv. u. lag,Energi (kJ),"Baljväxter (bönor, linser och ärter)",449.0,kJ
3761,Stora vita bönor konserv. u. lag,Energi (kcal),"Baljväxter (bönor, linser och ärter)",107.0,kcal
3761,Stora vita bönor konserv. u. lag,Disackarider,"Baljväxter (bönor, linser och ärter)",0.7,g
3761,Stora vita bönor konserv. u. lag,"Kalcium, Ca","Baljväxter (bönor, linser och ärter)",44.0,mg
3761,Stora vita bönor konserv. u. lag,Fettsyra 4:0-10:0,"Baljväxter (bönor, linser och ärter)",0.0,g
3761,Stora vita bönor konserv. u. lag,DHA (C22:6),"Baljväxter (bönor, linser och ärter)",0.0,g
3761,Stora vita bönor konserv. u. lag,DPA (C22:5),"Baljväxter (bönor, linser och ärter)",0.0,g
3761,Stora vita bönor konserv. u. lag,EPA (C20:5),"Baljväxter (bönor, linser och ärter)",0.0,g
3761,Stora vita bönor konserv. u. lag,Arakidonsyra C20:4,"Baljväxter (bönor, linser och ärter)",0.0,g
3761,Stora vita bönor konserv. u. lag,Arakidinsyra C20:0,"Baljväxter (bönor, linser och ärter)",0.0,g
3761,Stora vita bönor konserv. u. lag,Linolensyra C18:3,"Baljväxter (bönor, linser och ärter)",0.3,g
3761,Stora vita bönor konserv. u. lag,Linolsyra C18:2,"Baljväxter (bönor, linser och ärter)",0.2,g
3761,Stora vita bönor konserv. u. lag,Oljesyra C18:1,"Baljväxter (bönor, linser och ärter)",0.0,g
3761,Stora vita bönor konserv. u. lag,Stearinsyra C18:0,"Baljväxter (bönor, linser och ärter)",0.0,g
3761,Stora vita bönor konserv. u. lag,Palmitoljesyra C16:1,"Baljväxter (bönor, linser och ärter)",0.0,g
3761,Stora vita bönor konserv. u. lag,Palmitinsyra C16:0,"Baljväxter (bönor, linser och ärter)",0.1,g
3761,Stora vita bönor konserv. u. lag,Myristinsyra C14:0,"Baljväxter (bönor, linser och ärter)",0.0,g
3761,Stora vita bönor konserv. u. lag,Laurinsyra C12:0,"Baljväxter (bönor, linser och ärter)",0.0,g
3761,Stora vita bönor konserv. u. lag,Betakaroten/β-Karoten,"Baljväxter (bönor, linser och ärter)",0.0,µg
3761,Stora vita bönor konserv. u. lag,Avfall (skal etc.),"Baljväxter (bönor, linser och ärter)",0.0,%
3761,Stora vita bönor konserv. u. lag,Aska,"Baljväxter (bönor, linser och ärter)",1.3,g
3761,Stora vita bönor konserv. u. lag,Alkohol,"Baljväxter (bönor, linser och ärter)",0.0,g
3762,Kikärtor torkade kokta m. salt,"Zink, Zn","Baljväxter (bönor, linser och ärter)",1.3,mg
3762,Kikärtor torkade kokta m. salt,Vitamin E,"Baljväxter (bönor, linser och ärter)",1.5,mg
3762,Kikärtor torkade kokta m. salt,Vitamin D inkl 25-OH-D3,"Baljväxter (bönor, linser och ärter)",0.0,µg
3762,Kikärtor torkade kokta m. salt,Vitamin D,"Baljväxter (bönor, linser och ärter)",0.0,µg
3762,Kikärtor torkade kokta m. salt,Vitamin C,"Baljväxter (bönor, linser och ärter)",0.0,mg
3762,Kikärtor torkade kokta m. salt,Vitamin B6,"Baljväxter (bönor, linser och ärter)",0.15,mg
3762,Kikärtor torkade kokta m. salt,Vitamin B12,"Baljväxter (bönor, linser och ärter)",0.0,µg
3762,Kikärtor torkade kokta m. salt,Vitamin A,"Baljväxter (bönor, linser och ärter)",0.7,RE/µg
3762,Kikärtor torkade kokta m. salt,Vatten,"Baljväxter (bönor, linser och ärter)",62.8,g
3762,Kikärtor torkade kokta m. salt,Tiamin,"Baljväxter (bönor, linser och ärter)",0.11,mg
3762,Kikärtor torkade kokta m. salt,Tillsatt socker,"Baljväxter (bönor, linser och ärter)",0.0,g
3762,Kikärtor torkade kokta m. salt,Fritt socker,"Baljväxter (bönor, linser och ärter)",0.0,g
3762,Kikärtor torkade kokta m. salt,"Selen, Se","Baljväxter (bönor, linser och ärter)",4.5,µg
3762,Kikärtor torkade kokta m. salt,Sackaros,"Baljväxter (bönor, linser och ärter)",0.6,g
3762,Kikärtor torkade kokta m. salt,Riboflavin,"Baljväxter (bönor, linser och ärter)",0.03,mg
3762,Kikärtor torkade kokta m. salt,Retinol,"Baljväxter (bönor, linser och ärter)",0.0,µg
3762,Kikärtor torkade kokta m. salt,Protein,"Baljväxter (bönor, linser och ärter)",8.1,g
3762,Kikärtor torkade kokta m. salt,Summa fleromättade fettsyror,"Baljväxter (bönor, linser och ärter)",1.2,g
3762,Kikärtor torkade kokta m. salt,"Fosfor, P","Baljväxter (bönor, linser och ärter)",124.0,mg
3762,Kikärtor torkade kokta m. salt,Niacinekvivalenter,"Baljväxter (bönor, linser och ärter)",1.6,NE/mg
3762,Kikärtor torkade kokta m. salt,Niacin,"Baljväxter (bönor, linser och ärter)",0.23,mg
3762,Kikärtor torkade kokta m. salt,"Salt, NaCl","Baljväxter (bönor, linser och ärter)",0.6,g
3762,Kikärtor torkade kokta m. salt,"Natrium, Na","Baljväxter (bönor, linser och ärter)",243.0,mg
3762,Kikärtor torkade kokta m. salt,Monosackarider,"Baljväxter (bönor, linser och ärter)",0.0,g
3762,Kikärtor torkade kokta m. salt,"Sockerarter, totalt","Baljväxter (bönor, linser och ärter)",0.7,g
3762,Kikärtor torkade kokta m. salt,Summa enkelomättade fettsyror,"Baljväxter (bönor, linser och ärter)",0.8,g
3762,Kikärtor torkade kokta m. salt,"Magnesium, Mg","Baljväxter (bönor, linser och ärter)",39.0,mg
3762,Kikärtor torkade kokta m. salt,Summa mättade fettsyror,"Baljväxter (bönor, linser och ärter)",0.4,g
3762,Kikärtor torkade kokta m. salt,"Kolhydrater, tillgängliga","Baljväxter (bönor, linser och ärter)",12.6,g
3762,Kikärtor torkade kokta m. salt,Kolesterol,"Baljväxter (bönor, linser och ärter)",0.0,mg
3762,Kikärtor torkade kokta m. salt,"Kalium, K","Baljväxter (bönor, linser och ärter)",149.0,mg
3762,Kikärtor torkade kokta m. salt,"Jod, I","Baljväxter (bönor, linser och ärter)",28.0,µg
3762,Kikärtor torkade kokta m. salt,Fullkorn totalt,"Baljväxter (bönor, linser och ärter)",0.0,g
3762,Kikärtor torkade kokta m. salt,"Folat, totalt","Baljväxter (bönor, linser och ärter)",93.5,µg
3762,Kikärtor torkade kokta m. salt,Fibrer,"Baljväxter (bönor, linser och ärter)",12.3,g
3762,Kikärtor torkade kokta m. salt,"Fett, totalt","Baljväxter (bönor, linser och ärter)",2.9,g
3762,Kikärtor torkade kokta m. salt,"Järn, Fe","Baljväxter (bönor, linser och ärter)",1.7,mg
3762,Kikärtor torkade kokta m. salt,Energi (kJ),"Baljväxter (bönor, linser och ärter)",558.0,kJ
3762,Kikärtor torkade kokta m. salt,Energi (kcal),"Baljväxter (bönor, linser och ärter)",133.0,kcal
3762,Kikärtor torkade kokta m. salt,Disackarider,"Baljväxter (bönor, linser och ärter)",0.7,g
3762,Kikärtor torkade kokta m. salt,"Kalcium, Ca","Baljväxter (bönor, linser och ärter)",47.0,mg
3762,Kikärtor torkade kokta m. salt,Fettsyra 4:0-10:0,"Baljväxter (bönor, linser och ärter)",0.0,g
3762,Kikärtor torkade kokta m. salt,DHA (C22:6),"Baljväxter (bönor, linser och ärter)",0.0,g
3762,Kikärtor torkade kokta m. salt,DPA (C22:5),"Baljväxter (bönor, linser och ärter)",0.0,g
3762,Kikärtor torkade kokta m. salt,EPA (C20:5),"Baljväxter (bönor, linser och ärter)",0.0,g
3762,Kikärtor torkade kokta m. salt,Arakidonsyra C20:4,"Baljväxter (bönor, linser och ärter)",0.0,g
3762,Kikärtor torkade kokta m. salt,Arakidinsyra C20:0,"Baljväxter (bönor, linser och ärter)",0.0,g
3762,Kikärtor torkade kokta m. salt,Linolensyra C18:3,"Baljväxter (bönor, linser och ärter)",0.0,g
3762,Kikärtor torkade kokta m. salt,Linolsyra C18:2,"Baljväxter (bönor, linser och ärter)",1.1,g
3762,Kikärtor torkade kokta m. salt,Oljesyra C18:1,"Baljväxter (bönor, linser och ärter)",0.8,g
3762,Kikärtor torkade kokta m. salt,Stearinsyra C18:0,"Baljväxter (bönor, linser och ärter)",0.1,g
3762,Kikärtor torkade kokta m. salt,Palmitoljesyra C16:1,"Baljväxter (bönor, linser och ärter)",0.0,g
3762,Kikärtor torkade kokta m. salt,Palmitinsyra C16:0,"Baljväxter (bönor, linser och ärter)",0.2,g
3762,Kikärtor torkade kokta m. salt,Myristinsyra C14:0,"Baljväxter (bönor, linser och ärter)",0.0,g
3762,Kikärtor torkade kokta m. salt,Laurinsyra C12:0,"Baljväxter (bönor, linser och ärter)",0.0,g
3762,Kikärtor torkade kokta m. salt,Betakaroten/β-Karoten,"Baljväxter (bönor, linser och ärter)",8.0,µg
3762,Kikärtor torkade kokta m. salt,Avfall (skal etc.),"Baljväxter (bönor, linser och ärter)",0.0,%
3762,Kikärtor torkade kokta m. salt,Aska,"Baljväxter (bönor, linser och ärter)",1.3,g
3762,Kikärtor torkade kokta m. salt,Alkohol,"Baljväxter (bönor, linser och ärter)",0.0,g
3765,Sötpotatis rå,"Zink, Zn",Rotfrukter,0.3,mg
3765,Sötpotatis rå,Vitamin E,Rotfrukter,0.0,mg
3765,Sötpotatis rå,Vitamin D inkl 25-OH-D3,Rotfrukter,0.0,µg
3765,Sötpotatis rå,Vitamin D,Rotfrukter,0.0,µg
3765,Sötpotatis rå,Vitamin C,Rotfrukter,14.8,mg
3765,Sötpotatis rå,Vitamin B6,Rotfrukter,0.12,mg
3765,Sötpotatis rå,Vitamin B12,Rotfrukter,0.0,µg
3765,Sötpotatis rå,Vitamin A,Rotfrukter,372.5,RE/µg
3765,Sötpotatis rå,Vatten,Rotfrukter,79.5,g
3765,Sötpotatis rå,Tiamin,Rotfrukter,0.04,mg
3765,Sötpotatis rå,Tillsatt socker,Rotfrukter,0.0,g
3765,Sötpotatis rå,Fritt socker,Rotfrukter,0.0,g
3765,Sötpotatis rå,"Selen, Se",Rotfrukter,0.0,µg
3765,Sötpotatis rå,Sackaros,Rotfrukter,3.1,g
3765,Sötpotatis rå,Riboflavin,Rotfrukter,0.06,mg
3765,Sötpotatis rå,Retinol,Rotfrukter,0.0,µg
3765,Sötpotatis rå,Protein,Rotfrukter,1.6,g
3765,Sötpotatis rå,Summa fleromättade fettsyror,Rotfrukter,0.0,g
3765,Sötpotatis rå,"Fosfor, P",Rotfrukter,37.0,mg
3765,Sötpotatis rå,Niacinekvivalenter,Rotfrukter,0.7,NE/mg
3765,Sötpotatis rå,Niacin,Rotfrukter,0.43,mg
3765,Sötpotatis rå,"Salt, NaCl",Rotfrukter,0.0,g
3765,Sötpotatis rå,"Natrium, Na",Rotfrukter,0.0,mg
3765,Sötpotatis rå,Monosackarider,Rotfrukter,1.9,g
3765,Sötpotatis rå,"Sockerarter, totalt",Rotfrukter,6.1,g
3765,Sötpotatis rå,Summa enkelomättade fettsyror,Rotfrukter,0.0,g
3765,Sötpotatis rå,"Magnesium, Mg",Rotfrukter,19.0,mg
3765,Sötpotatis rå,Summa mättade fettsyror,Rotfrukter,0.0,g
3765,Sötpotatis rå,"Kolhydrater, tillgängliga",Rotfrukter,12.9,g
3765,Sötpotatis rå,Kolesterol,Rotfrukter,0.0,mg
3765,Sötpotatis rå,"Kalium, K",Rotfrukter,486.0,mg
3765,Sötpotatis rå,"Jod, I",Rotfrukter,2.0,µg
3765,Sötpotatis rå,Fullkorn totalt,Rotfrukter,0.0,g
3765,Sötpotatis rå,"Folat, totalt",Rotfrukter,11.0,µg
3765,Sötpotatis rå,Fibrer,Rotfrukter,4.4,g
3765,Sötpotatis rå,"Fett, totalt",Rotfrukter,0.4,g
3765,Sötpotatis rå,"Järn, Fe",Rotfrukter,0.4,mg
3765,Sötpotatis rå,Energi (kJ),Rotfrukter,295.0,kJ
3765,Sötpotatis rå,Energi (kcal),Rotfrukter,71.0,kcal
3765,Sötpotatis rå,Disackarider,Rotfrukter,4.2,g
3765,Sötpotatis rå,"Kalcium, Ca",Rotfrukter,22.0,mg
3765,Sötpotatis rå,Fettsyra 4:0-10:0,Rotfrukter,0.0,g
3765,Sötpotatis rå,DHA (C22:6),Rotfrukter,0.0,g
3765,Sötpotatis rå,DPA (C22:5),Rotfrukter,0.0,g
3765,Sötpotatis rå,EPA (C20:5),Rotfrukter,0.0,g
3765,Sötpotatis rå,Arakidonsyra C20:4,Rotfrukter,0.0,g
3765,Sötpotatis rå,Arakidinsyra C20:0,Rotfrukter,0.0,g
3765,Sötpotatis rå,Linolensyra C18:3,Rotfrukter,0.0,g
3765,Sötpotatis rå,Linolsyra C18:2,Rotfrukter,0.0,g
3765,Sötpotatis rå,Oljesyra C18:1,Rotfrukter,0.0,g
3765,Sötpotatis rå,Stearinsyra C18:0,Rotfrukter,0.0,g
3765,Sötpotatis rå,Palmitoljesyra C16:1,Rotfrukter,0.0,g
3765,Sötpotatis rå,Palmitinsyra C16:0,Rotfrukter,0.0,g
3765,Sötpotatis rå,Myristinsyra C14:0,Rotfrukter,0.0,g
3765,Sötpotatis rå,Laurinsyra C12:0,Rotfrukter,0.0,g
3765,Sötpotatis rå,Betakaroten/β-Karoten,Rotfrukter,4470.0,µg
3765,Sötpotatis rå,Avfall (skal etc.),Rotfrukter,20.0,%
3765,Sötpotatis rå,Aska,Rotfrukter,1.2,g
3765,Sötpotatis rå,Alkohol,Rotfrukter,0.0,g
3771,Sötpotatis ugnsstekt m. olja salt,"Zink, Zn",Rotfrukter,0.4,mg
3771,Sötpotatis ugnsstekt m. olja salt,Vitamin E,Rotfrukter,0.6,mg
3771,Sötpotatis ugnsstekt m. olja salt,Vitamin D inkl 25-OH-D3,Rotfrukter,0.0,µg
3771,Sötpotatis ugnsstekt m. olja salt,Vitamin D,Rotfrukter,0.0,µg
3771,Sötpotatis ugnsstekt m. olja salt,Vitamin C,Rotfrukter,12.1,mg
3771,Sötpotatis ugnsstekt m. olja salt,Vitamin B6,Rotfrukter,0.14,mg
3771,Sötpotatis ugnsstekt m. olja salt,Vitamin B12,Rotfrukter,0.0,µg
3771,Sötpotatis ugnsstekt m. olja salt,Vitamin A,Rotfrukter,468.9,RE/µg
3771,Sötpotatis ugnsstekt m. olja salt,Vatten,Rotfrukter,70.0,g
3771,Sötpotatis ugnsstekt m. olja salt,Tiamin,Rotfrukter,0.05,mg
3771,Sötpotatis ugnsstekt m. olja salt,Tillsatt socker,Rotfrukter,0.0,g
3771,Sötpotatis ugnsstekt m. olja salt,Fritt socker,Rotfrukter,0.0,g
3771,Sötpotatis ugnsstekt m. olja salt,"Selen, Se",Rotfrukter,0.0,µg
3771,Sötpotatis ugnsstekt m. olja salt,Sackaros,Rotfrukter,3.9,g
3771,Sötpotatis ugnsstekt m. olja salt,Riboflavin,Rotfrukter,0.07,mg
3771,Sötpotatis ugnsstekt m. olja salt,Retinol,Rotfrukter,0.0,µg
3771,Sötpotatis ugnsstekt m. olja salt,Protein,Rotfrukter,2.0,g
3771,Sötpotatis ugnsstekt m. olja salt,Summa fleromättade fettsyror,Rotfrukter,0.3,g
3771,Sötpotatis ugnsstekt m. olja salt,"Fosfor, P",Rotfrukter,47.0,mg
3771,Sötpotatis ugnsstekt m. olja salt,Niacinekvivalenter,Rotfrukter,0.88,NE/mg
3771,Sötpotatis ugnsstekt m. olja salt,Niacin,Rotfrukter,0.54,mg
3771,Sötpotatis ugnsstekt m. olja salt,"Salt, NaCl",Rotfrukter,0.9,g
3771,Sötpotatis ugnsstekt m. olja salt,"Natrium, Na",Rotfrukter,349.0,mg
3771,Sötpotatis ugnsstekt m. olja salt,Monosackarider,Rotfrukter,2.4,g
3771,Sötpotatis ugnsstekt m. olja salt,"Sockerarter, totalt",Rotfrukter,7.7,g
3771,Sötpotatis ugnsstekt m. olja salt,Summa enkelomättade fettsyror,Rotfrukter,2.4,g
3771,Sötpotatis ugnsstekt m. olja salt,"Magnesium, Mg",Rotfrukter,24.0,mg
3771,Sötpotatis ugnsstekt m. olja salt,Summa mättade fettsyror,Rotfrukter,0.5,g
3771,Sötpotatis ugnsstekt m. olja salt,"Kolhydrater, tillgängliga",Rotfrukter,16.2,g
3771,Sötpotatis ugnsstekt m. olja salt,Kolesterol,Rotfrukter,0.0,mg
3771,Sötpotatis ugnsstekt m. olja salt,"Kalium, K",Rotfrukter,612.0,mg
3771,Sötpotatis ugnsstekt m. olja salt,"Jod, I",Rotfrukter,46.6,µg
3771,Sötpotatis ugnsstekt m. olja salt,Fullkorn totalt,Rotfrukter,0.0,g
3771,Sötpotatis ugnsstekt m. olja salt,"Folat, totalt",Rotfrukter,9.0,µg
3771,Sötpotatis ugnsstekt m. olja salt,Fibrer,Rotfrukter,5.5,g
3771,Sötpotatis ugnsstekt m. olja salt,"Fett, totalt",Rotfrukter,3.8,g
3771,Sötpotatis ugnsstekt m. olja salt,"Järn, Fe",Rotfrukter,0.5,mg
3771,Sötpotatis ugnsstekt m. olja salt,Energi (kJ),Rotfrukter,492.0,kJ
3771,Sötpotatis ugnsstekt m. olja salt,Energi (kcal),Rotfrukter,118.0,kcal
3771,Sötpotatis ugnsstekt m. olja salt,Disackarider,Rotfrukter,5.3,g
3771,Sötpotatis ugnsstekt m. olja salt,"Kalcium, Ca",Rotfrukter,29.0,mg
3771,Sötpotatis ugnsstekt m. olja salt,Fettsyra 4:0-10:0,Rotfrukter,0.0,g
3771,Sötpotatis ugnsstekt m. olja salt,DHA (C22:6),Rotfrukter,0.0,g
3771,Sötpotatis ugnsstekt m. olja salt,DPA (C22:5),Rotfrukter,0.0,g
3771,Sötpotatis ugnsstekt m. olja salt,EPA (C20:5),Rotfrukter,0.0,g
3771,Sötpotatis ugnsstekt m. olja salt,Arakidonsyra C20:4,Rotfrukter,0.0,g
3771,Sötpotatis ugnsstekt m. olja salt,Arakidinsyra C20:0,Rotfrukter,0.0,g
3771,Sötpotatis ugnsstekt m. olja salt,Linolensyra C18:3,Rotfrukter,0.0,g
3771,Sötpotatis ugnsstekt m. olja salt,Linolsyra C18:2,Rotfrukter,0.3,g
3771,Sötpotatis ugnsstekt m. olja salt,Oljesyra C18:1,Rotfrukter,2.3,g
3771,Sötpotatis ugnsstekt m. olja salt,Stearinsyra C18:0,Rotfrukter,0.1,g
3771,Sötpotatis ugnsstekt m. olja salt,Palmitoljesyra C16:1,Rotfrukter,0.0,g
3771,Sötpotatis ugnsstekt m. olja salt,Palmitinsyra C16:0,Rotfrukter,0.4,g
3771,Sötpotatis ugnsstekt m. olja salt,Myristinsyra C14:0,Rotfrukter,0.0,g
3771,Sötpotatis ugnsstekt m. olja salt,Laurinsyra C12:0,Rotfrukter,0.0,g
3771,Sötpotatis ugnsstekt m. olja salt,Betakaroten/β-Karoten,Rotfrukter,5627.0,µg
3771,Sötpotatis ugnsstekt m. olja salt,Avfall (skal etc.),Rotfrukter,19.0,%
3771,Sötpotatis ugnsstekt m. olja salt,Aska,Rotfrukter,2.4,g
3771,Sötpotatis ugnsstekt m. olja salt,Alkohol,Rotfrukter,0.0,g
3772,Sötpotatis kokt m. salt,"Zink, Zn",Rotfrukter,0.4,mg
3772,Sötpotatis kokt m. salt,Vitamin E,Rotfrukter,0.0,mg
3772,Sötpotatis kokt m. salt,Vitamin D inkl 25-OH-D3,Rotfrukter,0.0,µg
3772,Sötpotatis kokt m. salt,Vitamin D,Rotfrukter,0.0,µg
3772,Sötpotatis kokt m. salt,Vitamin C,Rotfrukter,10.7,mg
3772,Sötpotatis kokt m. salt,Vitamin B6,Rotfrukter,0.11,mg
3772,Sötpotatis kokt m. salt,Vitamin B12,Rotfrukter,0.0,µg
3772,Sötpotatis kokt m. salt,Vitamin A,Rotfrukter,487.8,RE/µg
3772,Sötpotatis kokt m. salt,Vatten,Rotfrukter,72.9,g
3772,Sötpotatis kokt m. salt,Tiamin,Rotfrukter,0.03,mg
3772,Sötpotatis kokt m. salt,Tillsatt socker,Rotfrukter,0.0,g
3772,Sötpotatis kokt m. salt,Fritt socker,Rotfrukter,0.0,g
3772,Sötpotatis kokt m. salt,"Selen, Se",Rotfrukter,0.0,µg
3772,Sötpotatis kokt m. salt,Sackaros,Rotfrukter,4.1,g
3772,Sötpotatis kokt m. salt,Riboflavin,Rotfrukter,0.06,mg
3772,Sötpotatis kokt m. salt,Retinol,Rotfrukter,0.0,µg
3772,Sötpotatis kokt m. salt,Protein,Rotfrukter,2.1,g
3772,Sötpotatis kokt m. salt,Summa fleromättade fettsyror,Rotfrukter,0.0,g
3772,Sötpotatis kokt m. salt,"Fosfor, P",Rotfrukter,49.0,mg
3772,Sötpotatis kokt m. salt,Niacinekvivalenter,Rotfrukter,0.92,NE/mg
3772,Sötpotatis kokt m. salt,Niacin,Rotfrukter,0.56,mg
3772,Sötpotatis kokt m. salt,"Salt, NaCl",Rotfrukter,0.3,g
3772,Sötpotatis kokt m. salt,"Natrium, Na",Rotfrukter,109.0,mg
3772,Sötpotatis kokt m. salt,Monosackarider,Rotfrukter,2.5,g
3772,Sötpotatis kokt m. salt,"Sockerarter, totalt",Rotfrukter,8.0,g
3772,Sötpotatis kokt m. salt,Summa enkelomättade fettsyror,Rotfrukter,0.0,g
3772,Sötpotatis kokt m. salt,"Magnesium, Mg",Rotfrukter,25.0,mg
3772,Sötpotatis kokt m. salt,Summa mättade fettsyror,Rotfrukter,0.0,g
3772,Sötpotatis kokt m. salt,"Kolhydrater, tillgängliga",Rotfrukter,16.9,g
3772,Sötpotatis kokt m. salt,Kolesterol,Rotfrukter,0.0,mg
3772,Sötpotatis kokt m. salt,"Kalium, K",Rotfrukter,446.0,mg
3772,Sötpotatis kokt m. salt,"Jod, I",Rotfrukter,16.4,µg
3772,Sötpotatis kokt m. salt,Fullkorn totalt,Rotfrukter,0.0,g
3772,Sötpotatis kokt m. salt,"Folat, totalt",Rotfrukter,8.6,µg
3772,Sötpotatis kokt m. salt,Fibrer,Rotfrukter,5.8,g
3772,Sötpotatis kokt m. salt,"Fett, totalt",Rotfrukter,0.5,g
3772,Sötpotatis kokt m. salt,"Järn, Fe",Rotfrukter,0.5,mg
3772,Sötpotatis kokt m. salt,Energi (kJ),Rotfrukter,386.0,kJ
3772,Sötpotatis kokt m. salt,Energi (kcal),Rotfrukter,93.0,kcal
3772,Sötpotatis kokt m. salt,Disackarider,Rotfrukter,5.5,g
3772,Sötpotatis kokt m. salt,"Kalcium, Ca",Rotfrukter,29.0,mg
3772,Sötpotatis kokt m. salt,Fettsyra 4:0-10:0,Rotfrukter,0.0,g
3772,Sötpotatis kokt m. salt,DHA (C22:6),Rotfrukter,0.0,g
3772,Sötpotatis kokt m. salt,DPA (C22:5),Rotfrukter,0.0,g
3772,Sötpotatis kokt m. salt,EPA (C20:5),Rotfrukter,0.0,g
3772,Sötpotatis kokt m. salt,Arakidonsyra C20:4,Rotfrukter,0.0,g
3772,Sötpotatis kokt m. salt,Arakidinsyra C20:0,Rotfrukter,0.0,g
3772,Sötpotatis kokt m. salt,Linolensyra C18:3,Rotfrukter,0.0,g
3772,Sötpotatis kokt m. salt,Linolsyra C18:2,Rotfrukter,0.0,g
3772,Sötpotatis kokt m. salt,Oljesyra C18:1,Rotfrukter,0.0,g
3772,Sötpotatis kokt m. salt,Stearinsyra C18:0,Rotfrukter,0.0,g
3772,Sötpotatis kokt m. salt,Palmitoljesyra C16:1,Rotfrukter,0.0,g
3772,Sötpotatis kokt m. salt,Palmitinsyra C16:0,Rotfrukter,0.0,g
3772,Sötpotatis kokt m. salt,Myristinsyra C14:0,Rotfrukter,0.0,g
3772,Sötpotatis kokt m. salt,Laurinsyra C12:0,Rotfrukter,0.0,g
3772,Sötpotatis kokt m. salt,Betakaroten/β-Karoten,Rotfrukter,5854.0,µg
3772,Sötpotatis kokt m. salt,Avfall (skal etc.),Rotfrukter,20.0,%
3772,Sötpotatis kokt m. salt,Aska,Rotfrukter,1.8,g
3772,Sötpotatis kokt m. salt,Alkohol,Rotfrukter,0.0,g
3786,Dinkelmjöl fullkorn,"Zink, Zn",Mjöl stärkelse kli,3.0,mg
3786,Dinkelmjöl fullkorn,Vitamin E,Mjöl stärkelse kli,0.8,mg
3786,Dinkelmjöl fullkorn,Vitamin D inkl 25-OH-D3,Mjöl stärkelse kli,0.0,µg
3786,Dinkelmjöl fullkorn,Vitamin D,Mjöl stärkelse kli,0.0,µg
3786,Dinkelmjöl fullkorn,Vitamin C,Mjöl stärkelse kli,0.0,mg
3786,Dinkelmjöl fullkorn,Vitamin B6,Mjöl stärkelse kli,0.26,mg
3786,Dinkelmjöl fullkorn,Vitamin B12,Mjöl stärkelse kli,0.0,µg
3786,Dinkelmjöl fullkorn,Vitamin A,Mjöl stärkelse kli,0.2,RE/µg
3786,Dinkelmjöl fullkorn,Vatten,Mjöl stärkelse kli,10.5,g
3786,Dinkelmjöl fullkorn,Tiamin,Mjöl stärkelse kli,0.36,mg
3786,Dinkelmjöl fullkorn,Tillsatt socker,Mjöl stärkelse kli,0.0,g
3786,Dinkelmjöl fullkorn,Fritt socker,Mjöl stärkelse kli,0.0,g
3786,Dinkelmjöl fullkorn,"Selen, Se",Mjöl stärkelse kli,0.0,µg
3786,Dinkelmjöl fullkorn,Sackaros,Mjöl stärkelse kli,0.6,g
3786,Dinkelmjöl fullkorn,Riboflavin,Mjöl stärkelse kli,0.08,mg
3786,Dinkelmjöl fullkorn,Retinol,Mjöl stärkelse kli,0.0,µg
3786,Dinkelmjöl fullkorn,Protein,Mjöl stärkelse kli,11.9,g
3786,Dinkelmjöl fullkorn,Summa fleromättade fettsyror,Mjöl stärkelse kli,1.5,g
3786,Dinkelmjöl fullkorn,"Fosfor, P",Mjöl stärkelse kli,360.0,mg
3786,Dinkelmjöl fullkorn,Niacinekvivalenter,Mjöl stärkelse kli,7.7,NE/mg
3786,Dinkelmjöl fullkorn,Niacin,Mjöl stärkelse kli,5.68,mg
3786,Dinkelmjöl fullkorn,"Salt, NaCl",Mjöl stärkelse kli,0.0,g
3786,Dinkelmjöl fullkorn,"Natrium, Na",Mjöl stärkelse kli,1.0,mg
3786,Dinkelmjöl fullkorn,Monosackarider,Mjöl stärkelse kli,0.0,g
3786,Dinkelmjöl fullkorn,"Sockerarter, totalt",Mjöl stärkelse kli,0.7,g
3786,Dinkelmjöl fullkorn,Summa enkelomättade fettsyror,Mjöl stärkelse kli,0.5,g
3786,Dinkelmjöl fullkorn,"Magnesium, Mg",Mjöl stärkelse kli,110.0,mg
3786,Dinkelmjöl fullkorn,Summa mättade fettsyror,Mjöl stärkelse kli,0.4,g
3786,Dinkelmjöl fullkorn,"Kolhydrater, tillgängliga",Mjöl stärkelse kli,63.5,g
3786,Dinkelmjöl fullkorn,Kolesterol,Mjöl stärkelse kli,0.0,mg
3786,Dinkelmjöl fullkorn,"Kalium, K",Mjöl stärkelse kli,410.0,mg
3786,Dinkelmjöl fullkorn,"Jod, I",Mjöl stärkelse kli,2.5,µg
3786,Dinkelmjöl fullkorn,Fullkorn totalt,Mjöl stärkelse kli,100.0,g
3786,Dinkelmjöl fullkorn,"Folat, totalt",Mjöl stärkelse kli,34.0,µg
3786,Dinkelmjöl fullkorn,Fibrer,Mjöl stärkelse kli,9.1,g
3786,Dinkelmjöl fullkorn,"Fett, totalt",Mjöl stärkelse kli,3.3,g
3786,Dinkelmjöl fullkorn,"Järn, Fe",Mjöl stärkelse kli,3.7,mg
3786,Dinkelmjöl fullkorn,Energi (kJ),Mjöl stärkelse kli,1478.0,kJ
3786,Dinkelmjöl fullkorn,Energi (kcal),Mjöl stärkelse kli,353.0,kcal
3786,Dinkelmjöl fullkorn,Disackarider,Mjöl stärkelse kli,0.7,g
3786,Dinkelmjöl fullkorn,"Kalcium, Ca",Mjöl stärkelse kli,24.0,mg
3786,Dinkelmjöl fullkorn,Fettsyra 4:0-10:0,Mjöl stärkelse kli,0.0,g
3786,Dinkelmjöl fullkorn,DHA (C22:6),Mjöl stärkelse kli,0.0,g
3786,Dinkelmjöl fullkorn,DPA (C22:5),Mjöl stärkelse kli,0.0,g
3786,Dinkelmjöl fullkorn,EPA (C20:5),Mjöl stärkelse kli,0.0,g
3786,Dinkelmjöl fullkorn,Arakidonsyra C20:4,Mjöl stärkelse kli,0.0,g
3786,Dinkelmjöl fullkorn,Arakidinsyra C20:0,Mjöl stärkelse kli,0.0,g
3786,Dinkelmjöl fullkorn,Linolensyra C18:3,Mjöl stärkelse kli,0.1,g
3786,Dinkelmjöl fullkorn,Linolsyra C18:2,Mjöl stärkelse kli,1.4,g
3786,Dinkelmjöl fullkorn,Oljesyra C18:1,Mjöl stärkelse kli,0.5,g
3786,Dinkelmjöl fullkorn,Stearinsyra C18:0,Mjöl stärkelse kli,0.0,g
3786,Dinkelmjöl fullkorn,Palmitoljesyra C16:1,Mjöl stärkelse kli,0.0,g
3786,Dinkelmjöl fullkorn,Palmitinsyra C16:0,Mjöl stärkelse kli,0.4,g
3786,Dinkelmjöl fullkorn,Myristinsyra C14:0,Mjöl stärkelse kli,0.0,g
3786,Dinkelmjöl fullkorn,Laurinsyra C12:0,Mjöl stärkelse kli,0.0,g
3786,Dinkelmjöl fullkorn,Betakaroten/β-Karoten,Mjöl stärkelse kli,3.0,µg
3786,Dinkelmjöl fullkorn,Avfall (skal etc.),Mjöl stärkelse kli,0.0,%
3786,Dinkelmjöl fullkorn,Aska,Mjöl stärkelse kli,1.7,g
3786,Dinkelmjöl fullkorn,Alkohol,Mjöl stärkelse kli,0.0,g
3790,Bröd rågsikt fibrer ca 7%,"Zink, Zn",Mjukt bröd ,1.2,mg
3790,Bröd rågsikt fibrer ca 7%,Vitamin E,Mjukt bröd ,1.1,mg
3790,Bröd rågsikt fibrer ca 7%,Vitamin D inkl 25-OH-D3,Mjukt bröd ,0.0,µg
3790,Bröd rågsikt fibrer ca 7%,Vitamin D,Mjukt bröd ,0.0,µg
3790,Bröd rågsikt fibrer ca 7%,Vitamin C,Mjukt bröd ,0.0,mg
3790,Bröd rågsikt fibrer ca 7%,Vitamin B6,Mjukt bröd ,0.09,mg
3790,Bröd rågsikt fibrer ca 7%,Vitamin B12,Mjukt bröd ,0.0,µg
3790,Bröd rågsikt fibrer ca 7%,Vitamin A,Mjukt bröd ,1.6,RE/µg
3790,Bröd rågsikt fibrer ca 7%,Vatten,Mjukt bröd ,41.7,g
3790,Bröd rågsikt fibrer ca 7%,Tiamin,Mjukt bröd ,0.27,mg
3790,Bröd rågsikt fibrer ca 7%,Tillsatt socker,Mjukt bröd ,6.0,g
3790,Bröd rågsikt fibrer ca 7%,Fritt socker,Mjukt bröd ,6.0,g
3790,Bröd rågsikt fibrer ca 7%,"Selen, Se",Mjukt bröd ,0.0,µg
3790,Bröd rågsikt fibrer ca 7%,Sackaros,Mjukt bröd ,0.0,g
3790,Bröd rågsikt fibrer ca 7%,Riboflavin,Mjukt bröd ,0.06,mg
3790,Bröd rågsikt fibrer ca 7%,Retinol,Mjukt bröd ,0.0,µg
3790,Bröd rågsikt fibrer ca 7%,Protein,Mjukt bröd ,6.8,g
3790,Bröd rågsikt fibrer ca 7%,Summa fleromättade fettsyror,Mjukt bröd ,0.7,g
3790,Bröd rågsikt fibrer ca 7%,"Fosfor, P",Mjukt bröd ,117.0,mg
3790,Bröd rågsikt fibrer ca 7%,Niacinekvivalenter,Mjukt bröd ,2.1,NE/mg
3790,Bröd rågsikt fibrer ca 7%,Niacin,Mjukt bröd ,1.0,mg
3790,Bröd rågsikt fibrer ca 7%,"Salt, NaCl",Mjukt bröd ,0.8,g
3790,Bröd rågsikt fibrer ca 7%,"Natrium, Na",Mjukt bröd ,315.0,mg
3790,Bröd rågsikt fibrer ca 7%,Monosackarider,Mjukt bröd ,4.9,g
3790,Bröd rågsikt fibrer ca 7%,"Sockerarter, totalt",Mjukt bröd ,5.8,g
3790,Bröd rågsikt fibrer ca 7%,Summa enkelomättade fettsyror,Mjukt bröd ,1.0,g
3790,Bröd rågsikt fibrer ca 7%,"Magnesium, Mg",Mjukt bröd ,37.0,mg
3790,Bröd rågsikt fibrer ca 7%,Summa mättade fettsyror,Mjukt bröd ,0.2,g
3790,Bröd rågsikt fibrer ca 7%,"Kolhydrater, tillgängliga",Mjukt bröd ,41.8,g
3790,Bröd rågsikt fibrer ca 7%,Kolesterol,Mjukt bröd ,0.0,mg
3790,Bröd rågsikt fibrer ca 7%,"Kalium, K",Mjukt bröd ,239.0,mg
3790,Bröd rågsikt fibrer ca 7%,"Jod, I",Mjukt bröd ,1.0,µg
3790,Bröd rågsikt fibrer ca 7%,Fullkorn totalt,Mjukt bröd ,0.0,g
3790,Bröd rågsikt fibrer ca 7%,"Folat, totalt",Mjukt bröd ,34.0,µg
3790,Bröd rågsikt fibrer ca 7%,Fibrer,Mjukt bröd ,5.4,g
3790,Bröd rågsikt fibrer ca 7%,"Fett, totalt",Mjukt bröd ,2.8,g
3790,Bröd rågsikt fibrer ca 7%,"Järn, Fe",Mjukt bröd ,1.3,mg
3790,Bröd rågsikt fibrer ca 7%,Energi (kJ),Mjukt bröd ,974.0,kJ
3790,Bröd rågsikt fibrer ca 7%,Energi (kcal),Mjukt bröd ,233.0,kcal
3790,Bröd rågsikt fibrer ca 7%,Disackarider,Mjukt bröd ,0.9,g
3790,Bröd rågsikt fibrer ca 7%,"Kalcium, Ca",Mjukt bröd ,18.0,mg
3790,Bröd rågsikt fibrer ca 7%,Fettsyra 4:0-10:0,Mjukt bröd ,0.0,g
3790,Bröd rågsikt fibrer ca 7%,DHA (C22:6),Mjukt bröd ,0.0,g
3790,Bröd rågsikt fibrer ca 7%,DPA (C22:5),Mjukt bröd ,0.0,g
3790,Bröd rågsikt fibrer ca 7%,EPA (C20:5),Mjukt bröd ,0.0,g
3790,Bröd rågsikt fibrer ca 7%,Arakidonsyra C20:4,Mjukt bröd ,0.0,g
3790,Bröd rågsikt fibrer ca 7%,Arakidinsyra C20:0,Mjukt bröd ,0.0,g
3790,Bröd rågsikt fibrer ca 7%,Linolensyra C18:3,Mjukt bröd ,0.1,g
3790,Bröd rågsikt fibrer ca 7%,Linolsyra C18:2,Mjukt bröd ,0.6,g
3790,Bröd rågsikt fibrer ca 7%,Oljesyra C18:1,Mjukt bröd ,0.9,g
3790,Bröd rågsikt fibrer ca 7%,Stearinsyra C18:0,Mjukt bröd ,0.0,g
3790,Bröd rågsikt fibrer ca 7%,Palmitoljesyra C16:1,Mjukt bröd ,0.0,g
3790,Bröd rågsikt fibrer ca 7%,Palmitinsyra C16:0,Mjukt bröd ,0.1,g
3790,Bröd rågsikt fibrer ca 7%,Myristinsyra C14:0,Mjukt bröd ,0.0,g
3790,Bröd rågsikt fibrer ca 7%,Laurinsyra C12:0,Mjukt bröd ,0.0,g
3790,Bröd rågsikt fibrer ca 7%,Betakaroten/β-Karoten,Mjukt bröd ,19.0,µg
3790,Bröd rågsikt fibrer ca 7%,Avfall (skal etc.),Mjukt bröd ,0.0,%
3790,Bröd rågsikt fibrer ca 7%,Aska,Mjukt bröd ,1.5,g
3790,Bröd rågsikt fibrer ca 7%,Alkohol,Mjukt bröd ,0.0,g
3791,Bröd vitt fibrer ca 5% typ formfranska,"Zink, Zn",Mjukt bröd ,0.7,mg
3791,Bröd vitt fibrer ca 5% typ formfranska,Vitamin E,Mjukt bröd ,0.6,mg
3791,Bröd vitt fibrer ca 5% typ formfranska,Vitamin D inkl 25-OH-D3,Mjukt bröd ,0.0,µg
3791,Bröd vitt fibrer ca 5% typ formfranska,Vitamin D,Mjukt bröd ,0.0,µg
3791,Bröd vitt fibrer ca 5% typ formfranska,Vitamin C,Mjukt bröd ,0.0,mg
3791,Bröd vitt fibrer ca 5% typ formfranska,Vitamin B6,Mjukt bröd ,0.05,mg
3791,Bröd vitt fibrer ca 5% typ formfranska,Vitamin B12,Mjukt bröd ,0.0,µg
3791,Bröd vitt fibrer ca 5% typ formfranska,Vitamin A,Mjukt bröd ,0.0,RE/µg
3791,Bröd vitt fibrer ca 5% typ formfranska,Vatten,Mjukt bröd ,38.2,g
3791,Bröd vitt fibrer ca 5% typ formfranska,Tiamin,Mjukt bröd ,0.13,mg
3791,Bröd vitt fibrer ca 5% typ formfranska,Tillsatt socker,Mjukt bröd ,4.0,g
3791,Bröd vitt fibrer ca 5% typ formfranska,Fritt socker,Mjukt bröd ,4.0,g
3791,Bröd vitt fibrer ca 5% typ formfranska,"Selen, Se",Mjukt bröd ,2.2,µg
3791,Bröd vitt fibrer ca 5% typ formfranska,Sackaros,Mjukt bröd ,0.0,g
3791,Bröd vitt fibrer ca 5% typ formfranska,Riboflavin,Mjukt bröd ,0.07,mg
3791,Bröd vitt fibrer ca 5% typ formfranska,Retinol,Mjukt bröd ,0.0,µg
3791,Bröd vitt fibrer ca 5% typ formfranska,Protein,Mjukt bröd ,8.6,g
3791,Bröd vitt fibrer ca 5% typ formfranska,Summa fleromättade fettsyror,Mjukt bröd ,0.7,g
3791,Bröd vitt fibrer ca 5% typ formfranska,"Fosfor, P",Mjukt bröd ,81.0,mg
3791,Bröd vitt fibrer ca 5% typ formfranska,Niacinekvivalenter,Mjukt bröd ,2.4,NE/mg
3791,Bröd vitt fibrer ca 5% typ formfranska,Niacin,Mjukt bröd ,0.99,mg
3791,Bröd vitt fibrer ca 5% typ formfranska,"Salt, NaCl",Mjukt bröd ,1.0,g
3791,Bröd vitt fibrer ca 5% typ formfranska,"Natrium, Na",Mjukt bröd ,418.0,mg
3791,Bröd vitt fibrer ca 5% typ formfranska,Monosackarider,Mjukt bröd ,1.0,g
3791,Bröd vitt fibrer ca 5% typ formfranska,"Sockerarter, totalt",Mjukt bröd ,4.4,g
3791,Bröd vitt fibrer ca 5% typ formfranska,Summa enkelomättade fettsyror,Mjukt bröd ,1.2,g
3791,Bröd vitt fibrer ca 5% typ formfranska,"Magnesium, Mg",Mjukt bröd ,19.0,mg
3791,Bröd vitt fibrer ca 5% typ formfranska,Summa mättade fettsyror,Mjukt bröd ,0.2,g
3791,Bröd vitt fibrer ca 5% typ formfranska,"Kolhydrater, tillgängliga",Mjukt bröd ,44.0,g
3791,Bröd vitt fibrer ca 5% typ formfranska,Kolesterol,Mjukt bröd ,0.0,mg
3791,Bröd vitt fibrer ca 5% typ formfranska,"Kalium, K",Mjukt bröd ,132.0,mg
3791,Bröd vitt fibrer ca 5% typ formfranska,"Jod, I",Mjukt bröd ,2.2,µg
3791,Bröd vitt fibrer ca 5% typ formfranska,Fullkorn totalt,Mjukt bröd ,0.0,g
3791,Bröd vitt fibrer ca 5% typ formfranska,"Folat, totalt",Mjukt bröd ,37.1,µg
3791,Bröd vitt fibrer ca 5% typ formfranska,Fibrer,Mjukt bröd ,4.8,g
3791,Bröd vitt fibrer ca 5% typ formfranska,"Fett, totalt",Mjukt bröd ,3.0,g
3791,Bröd vitt fibrer ca 5% typ formfranska,"Järn, Fe",Mjukt bröd ,0.7,mg
3791,Bröd vitt fibrer ca 5% typ formfranska,Energi (kJ),Mjukt bröd ,1044.0,kJ
3791,Bröd vitt fibrer ca 5% typ formfranska,Energi (kcal),Mjukt bröd ,249.0,kcal
3791,Bröd vitt fibrer ca 5% typ formfranska,Disackarider,Mjukt bröd ,3.4,g
3791,Bröd vitt fibrer ca 5% typ formfranska,"Kalcium, Ca",Mjukt bröd ,43.0,mg
3791,Bröd vitt fibrer ca 5% typ formfranska,Fettsyra 4:0-10:0,Mjukt bröd ,0.0,g
3791,Bröd vitt fibrer ca 5% typ formfranska,DHA (C22:6),Mjukt bröd ,0.0,g
3791,Bröd vitt fibrer ca 5% typ formfranska,DPA (C22:5),Mjukt bröd ,0.0,g
3791,Bröd vitt fibrer ca 5% typ formfranska,EPA (C20:5),Mjukt bröd ,0.0,g
3791,Bröd vitt fibrer ca 5% typ formfranska,Arakidonsyra C20:4,Mjukt bröd ,0.0,g
3791,Bröd vitt fibrer ca 5% typ formfranska,Arakidinsyra C20:0,Mjukt bröd ,0.0,g
3791,Bröd vitt fibrer ca 5% typ formfranska,Linolensyra C18:3,Mjukt bröd ,0.2,g
3791,Bröd vitt fibrer ca 5% typ formfranska,Linolsyra C18:2,Mjukt bröd ,0.6,g
3791,Bröd vitt fibrer ca 5% typ formfranska,Oljesyra C18:1,Mjukt bröd ,1.2,g
3791,Bröd vitt fibrer ca 5% typ formfranska,Stearinsyra C18:0,Mjukt bröd ,0.0,g
3791,Bröd vitt fibrer ca 5% typ formfranska,Palmitoljesyra C16:1,Mjukt bröd ,0.0,g
3791,Bröd vitt fibrer ca 5% typ formfranska,Palmitinsyra C16:0,Mjukt bröd ,0.2,g
3791,Bröd vitt fibrer ca 5% typ formfranska,Myristinsyra C14:0,Mjukt bröd ,0.0,g
3791,Bröd vitt fibrer ca 5% typ formfranska,Laurinsyra C12:0,Mjukt bröd ,0.0,g
3791,Bröd vitt fibrer ca 5% typ formfranska,Betakaroten/β-Karoten,Mjukt bröd ,0.0,µg
3791,Bröd vitt fibrer ca 5% typ formfranska,Avfall (skal etc.),Mjukt bröd ,0.0,%
3791,Bröd vitt fibrer ca 5% typ formfranska,Aska,Mjukt bröd ,1.5,g
3791,Bröd vitt fibrer ca 5% typ formfranska,Alkohol,Mjukt bröd ,0.0,g
3793,Hårt bröd fullkorn råg fibrer ca 19% typ Rågi,"Zink, Zn",Hårt bröd ,2.5,mg
3793,Hårt bröd fullkorn råg fibrer ca 19% typ Rågi,Vitamin E,Hårt bröd ,0.5,mg
3793,Hårt bröd fullkorn råg fibrer ca 19% typ Rågi,Vitamin D inkl 25-OH-D3,Hårt bröd ,0.0,µg
3793,Hårt bröd fullkorn råg fibrer ca 19% typ Rågi,Vitamin D,Hårt bröd ,0.0,µg
3793,Hårt bröd fullkorn råg fibrer ca 19% typ Rågi,Vitamin C,Hårt bröd ,0.0,mg
3793,Hårt bröd fullkorn råg fibrer ca 19% typ Rågi,Vitamin B6,Hårt bröd ,0.13,mg
3793,Hårt bröd fullkorn råg fibrer ca 19% typ Rågi,Vitamin B12,Hårt bröd ,0.0,µg
3793,Hårt bröd fullkorn råg fibrer ca 19% typ Rågi,Vitamin A,Hårt bröd ,0.0,RE/µg
3793,Hårt bröd fullkorn råg fibrer ca 19% typ Rågi,Vatten,Hårt bröd ,6.4,g
3793,Hårt bröd fullkorn råg fibrer ca 19% typ Rågi,Tiamin,Hårt bröd ,0.25,mg
3793,Hårt bröd fullkorn råg fibrer ca 19% typ Rågi,Tillsatt socker,Hårt bröd ,0.0,g
3793,Hårt bröd fullkorn råg fibrer ca 19% typ Rågi,Fritt socker,Hårt bröd ,0.0,g
3793,Hårt bröd fullkorn råg fibrer ca 19% typ Rågi,"Selen, Se",Hårt bröd ,0.0,µg
3793,Hårt bröd fullkorn råg fibrer ca 19% typ Rågi,Sackaros,Hårt bröd ,0.1,g
3793,Hårt bröd fullkorn råg fibrer ca 19% typ Rågi,Riboflavin,Hårt bröd ,0.15,mg
3793,Hårt bröd fullkorn råg fibrer ca 19% typ Rågi,Retinol,Hårt bröd ,0.0,µg
3793,Hårt bröd fullkorn råg fibrer ca 19% typ Rågi,Protein,Hårt bröd ,8.8,g
3793,Hårt bröd fullkorn råg fibrer ca 19% typ Rågi,Summa fleromättade fettsyror,Hårt bröd ,0.7,g
3793,Hårt bröd fullkorn råg fibrer ca 19% typ Rågi,"Fosfor, P",Hårt bröd ,262.0,mg
3793,Hårt bröd fullkorn råg fibrer ca 19% typ Rågi,Niacinekvivalenter,Hårt bröd ,2.7,NE/mg
3793,Hårt bröd fullkorn råg fibrer ca 19% typ Rågi,Niacin,Hårt bröd ,1.24,mg
3793,Hårt bröd fullkorn råg fibrer ca 19% typ Rågi,"Salt, NaCl",Hårt bröd ,1.1,g
3793,Hårt bröd fullkorn råg fibrer ca 19% typ Rågi,"Natrium, Na",Hårt bröd ,451.0,mg
3793,Hårt bröd fullkorn råg fibrer ca 19% typ Rågi,Monosackarider,Hårt bröd ,0.6,g
3793,Hårt bröd fullkorn råg fibrer ca 19% typ Rågi,"Sockerarter, totalt",Hårt bröd ,1.2,g
3793,Hårt bröd fullkorn råg fibrer ca 19% typ Rågi,Summa enkelomättade fettsyror,Hårt bröd ,0.2,g
3793,Hårt bröd fullkorn råg fibrer ca 19% typ Rågi,"Magnesium, Mg",Hårt bröd ,80.0,mg
3793,Hårt bröd fullkorn råg fibrer ca 19% typ Rågi,Summa mättade fettsyror,Hårt bröd ,0.2,g
3793,Hårt bröd fullkorn råg fibrer ca 19% typ Rågi,"Kolhydrater, tillgängliga",Hårt bröd ,61.8,g
3793,Hårt bröd fullkorn råg fibrer ca 19% typ Rågi,Kolesterol,Hårt bröd ,0.0,mg
3793,Hårt bröd fullkorn råg fibrer ca 19% typ Rågi,"Kalium, K",Hårt bröd ,468.0,mg
3793,Hårt bröd fullkorn råg fibrer ca 19% typ Rågi,"Jod, I",Hårt bröd ,1.0,µg
3793,Hårt bröd fullkorn råg fibrer ca 19% typ Rågi,Fullkorn totalt,Hårt bröd ,78.0,g
3793,Hårt bröd fullkorn råg fibrer ca 19% typ Rågi,"Folat, totalt",Hårt bröd ,79.3,µg
3793,Hårt bröd fullkorn råg fibrer ca 19% typ Rågi,Fibrer,Hårt bröd ,19.0,g
3793,Hårt bröd fullkorn råg fibrer ca 19% typ Rågi,"Fett, totalt",Hårt bröd ,1.7,g
3793,Hårt bröd fullkorn råg fibrer ca 19% typ Rågi,"Järn, Fe",Hårt bröd ,2.1,mg
3793,Hårt bröd fullkorn råg fibrer ca 19% typ Rågi,Energi (kJ),Hårt bröd ,1414.0,kJ
3793,Hårt bröd fullkorn råg fibrer ca 19% typ Rågi,Energi (kcal),Hårt bröd ,338.0,kcal
3793,Hårt bröd fullkorn råg fibrer ca 19% typ Rågi,Disackarider,Hårt bröd ,0.6,g
3793,Hårt bröd fullkorn råg fibrer ca 19% typ Rågi,"Kalcium, Ca",Hårt bröd ,33.0,mg
3793,Hårt bröd fullkorn råg fibrer ca 19% typ Rågi,Fettsyra 4:0-10:0,Hårt bröd ,0.0,g
3793,Hårt bröd fullkorn råg fibrer ca 19% typ Rågi,DHA (C22:6),Hårt bröd ,0.0,g
3793,Hårt bröd fullkorn råg fibrer ca 19% typ Rågi,DPA (C22:5),Hårt bröd ,0.0,g
3793,Hårt bröd fullkorn råg fibrer ca 19% typ Rågi,EPA (C20:5),Hårt bröd ,0.0,g
3793,Hårt bröd fullkorn råg fibrer ca 19% typ Rågi,Arakidonsyra C20:4,Hårt bröd ,0.0,g
3793,Hårt bröd fullkorn råg fibrer ca 19% typ Rågi,Arakidinsyra C20:0,Hårt bröd ,0.0,g
3793,Hårt bröd fullkorn råg fibrer ca 19% typ Rågi,Linolensyra C18:3,Hårt bröd ,0.1,g
3793,Hårt bröd fullkorn råg fibrer ca 19% typ Rågi,Linolsyra C18:2,Hårt bröd ,0.6,g
3793,Hårt bröd fullkorn råg fibrer ca 19% typ Rågi,Oljesyra C18:1,Hårt bröd ,0.2,g
3793,Hårt bröd fullkorn råg fibrer ca 19% typ Rågi,Stearinsyra C18:0,Hårt bröd ,0.0,g
3793,Hårt bröd fullkorn råg fibrer ca 19% typ Rågi,Palmitoljesyra C16:1,Hårt bröd ,0.0,g
3793,Hårt bröd fullkorn råg fibrer ca 19% typ Rågi,Palmitinsyra C16:0,Hårt bröd ,0.2,g
3793,Hårt bröd fullkorn råg fibrer ca 19% typ Rågi,Myristinsyra C14:0,Hårt bröd ,0.0,g
3793,Hårt bröd fullkorn råg fibrer ca 19% typ Rågi,Laurinsyra C12:0,Hårt bröd ,0.0,g
3793,Hårt bröd fullkorn råg fibrer ca 19% typ Rågi,Betakaroten/β-Karoten,Hårt bröd ,0.0,µg
3793,Hårt bröd fullkorn råg fibrer ca 19% typ Rågi,Avfall (skal etc.),Hårt bröd ,0.0,%
3793,Hårt bröd fullkorn råg fibrer ca 19% typ Rågi,Aska,Hårt bröd ,2.4,g
3793,Hårt bröd fullkorn råg fibrer ca 19% typ Rågi,Alkohol,Hårt bröd ,0.0,g
3794,Bröd fullkorn vete råg fibrer ca 6%,"Zink, Zn",Mjukt bröd ,1.0,mg
3794,Bröd fullkorn vete råg fibrer ca 6%,Vitamin E,Mjukt bröd ,0.8,mg
3794,Bröd fullkorn vete råg fibrer ca 6%,Vitamin D inkl 25-OH-D3,Mjukt bröd ,0.0,µg
3794,Bröd fullkorn vete råg fibrer ca 6%,Vitamin D,Mjukt bröd ,0.0,µg
3794,Bröd fullkorn vete råg fibrer ca 6%,Vitamin C,Mjukt bröd ,0.0,mg
3794,Bröd fullkorn vete råg fibrer ca 6%,Vitamin B6,Mjukt bröd ,0.11,mg
3794,Bröd fullkorn vete råg fibrer ca 6%,Vitamin B12,Mjukt bröd ,0.0,µg
3794,Bröd fullkorn vete råg fibrer ca 6%,Vitamin A,Mjukt bröd ,0.0,RE/µg
3794,Bröd fullkorn vete råg fibrer ca 6%,Vatten,Mjukt bröd ,35.7,g
3794,Bröd fullkorn vete råg fibrer ca 6%,Tiamin,Mjukt bröd ,0.18,mg
3794,Bröd fullkorn vete råg fibrer ca 6%,Tillsatt socker,Mjukt bröd ,7.0,g
3794,Bröd fullkorn vete råg fibrer ca 6%,Fritt socker,Mjukt bröd ,7.0,g
3794,Bröd fullkorn vete råg fibrer ca 6%,"Selen, Se",Mjukt bröd ,1.5,µg
3794,Bröd fullkorn vete råg fibrer ca 6%,Sackaros,Mjukt bröd ,0.0,g
3794,Bröd fullkorn vete råg fibrer ca 6%,Riboflavin,Mjukt bröd ,0.09,mg
3794,Bröd fullkorn vete råg fibrer ca 6%,Retinol,Mjukt bröd ,0.0,µg
3794,Bröd fullkorn vete råg fibrer ca 6%,Protein,Mjukt bröd ,7.4,g
3794,Bröd fullkorn vete råg fibrer ca 6%,Summa fleromättade fettsyror,Mjukt bröd ,1.1,g
3794,Bröd fullkorn vete råg fibrer ca 6%,"Fosfor, P",Mjukt bröd ,124.0,mg
3794,Bröd fullkorn vete råg fibrer ca 6%,Niacinekvivalenter,Mjukt bröd ,2.4,NE/mg
3794,Bröd fullkorn vete råg fibrer ca 6%,Niacin,Mjukt bröd ,1.13,mg
3794,Bröd fullkorn vete råg fibrer ca 6%,"Salt, NaCl",Mjukt bröd ,0.8,g
3794,Bröd fullkorn vete råg fibrer ca 6%,"Natrium, Na",Mjukt bröd ,309.0,mg
3794,Bröd fullkorn vete råg fibrer ca 6%,Monosackarider,Mjukt bröd ,7.2,g
3794,Bröd fullkorn vete råg fibrer ca 6%,"Sockerarter, totalt",Mjukt bröd ,11.1,g
3794,Bröd fullkorn vete råg fibrer ca 6%,Summa enkelomättade fettsyror,Mjukt bröd ,1.6,g
3794,Bröd fullkorn vete råg fibrer ca 6%,"Magnesium, Mg",Mjukt bröd ,36.0,mg
3794,Bröd fullkorn vete råg fibrer ca 6%,Summa mättade fettsyror,Mjukt bröd ,0.3,g
3794,Bröd fullkorn vete råg fibrer ca 6%,"Kolhydrater, tillgängliga",Mjukt bröd ,42.6,g
3794,Bröd fullkorn vete råg fibrer ca 6%,Kolesterol,Mjukt bröd ,0.0,mg
3794,Bröd fullkorn vete råg fibrer ca 6%,"Kalium, K",Mjukt bröd ,208.0,mg
3794,Bröd fullkorn vete råg fibrer ca 6%,"Jod, I",Mjukt bröd ,2.3,µg
3794,Bröd fullkorn vete råg fibrer ca 6%,Fullkorn totalt,Mjukt bröd ,23.0,g
3794,Bröd fullkorn vete råg fibrer ca 6%,"Folat, totalt",Mjukt bröd ,33.1,µg
3794,Bröd fullkorn vete råg fibrer ca 6%,Fibrer,Mjukt bröd ,8.8,g
3794,Bröd fullkorn vete råg fibrer ca 6%,"Fett, totalt",Mjukt bröd ,4.0,g
3794,Bröd fullkorn vete råg fibrer ca 6%,"Järn, Fe",Mjukt bröd ,1.2,mg
3794,Bröd fullkorn vete råg fibrer ca 6%,Energi (kJ),Mjukt bröd ,1070.0,kJ
3794,Bröd fullkorn vete råg fibrer ca 6%,Energi (kcal),Mjukt bröd ,256.0,kcal
3794,Bröd fullkorn vete råg fibrer ca 6%,Disackarider,Mjukt bröd ,3.9,g
3794,Bröd fullkorn vete råg fibrer ca 6%,"Kalcium, Ca",Mjukt bröd ,52.0,mg
3794,Bröd fullkorn vete råg fibrer ca 6%,Fettsyra 4:0-10:0,Mjukt bröd ,0.0,g
3794,Bröd fullkorn vete råg fibrer ca 6%,DHA (C22:6),Mjukt bröd ,0.0,g
3794,Bröd fullkorn vete råg fibrer ca 6%,DPA (C22:5),Mjukt bröd ,0.0,g
3794,Bröd fullkorn vete råg fibrer ca 6%,EPA (C20:5),Mjukt bröd ,0.0,g
3794,Bröd fullkorn vete råg fibrer ca 6%,Arakidonsyra C20:4,Mjukt bröd ,0.0,g
3794,Bröd fullkorn vete råg fibrer ca 6%,Arakidinsyra C20:0,Mjukt bröd ,0.0,g
3794,Bröd fullkorn vete råg fibrer ca 6%,Linolensyra C18:3,Mjukt bröd ,0.2,g
3794,Bröd fullkorn vete råg fibrer ca 6%,Linolsyra C18:2,Mjukt bröd ,0.9,g
3794,Bröd fullkorn vete råg fibrer ca 6%,Oljesyra C18:1,Mjukt bröd ,1.6,g
3794,Bröd fullkorn vete råg fibrer ca 6%,Stearinsyra C18:0,Mjukt bröd ,0.0,g
3794,Bröd fullkorn vete råg fibrer ca 6%,Palmitoljesyra C16:1,Mjukt bröd ,0.0,g
3794,Bröd fullkorn vete råg fibrer ca 6%,Palmitinsyra C16:0,Mjukt bröd ,0.2,g
3794,Bröd fullkorn vete råg fibrer ca 6%,Myristinsyra C14:0,Mjukt bröd ,0.0,g
3794,Bröd fullkorn vete råg fibrer ca 6%,Laurinsyra C12:0,Mjukt bröd ,0.0,g
3794,Bröd fullkorn vete råg fibrer ca 6%,Betakaroten/β-Karoten,Mjukt bröd ,0.0,µg
3794,Bröd fullkorn vete råg fibrer ca 6%,Avfall (skal etc.),Mjukt bröd ,0.0,%
3794,Bröd fullkorn vete råg fibrer ca 6%,Aska,Mjukt bröd ,1.4,g
3794,Bröd fullkorn vete råg fibrer ca 6%,Alkohol,Mjukt bröd ,0.0,g
3795,Bröd vitt fibrer ca 5% typ limpa,"Zink, Zn",Mjukt bröd ,0.9,mg
3795,Bröd vitt fibrer ca 5% typ limpa,Vitamin E,Mjukt bröd ,0.6,mg
3795,Bröd vitt fibrer ca 5% typ limpa,Vitamin D inkl 25-OH-D3,Mjukt bröd ,0.0,µg
3795,Bröd vitt fibrer ca 5% typ limpa,Vitamin D,Mjukt bröd ,0.0,µg
3795,Bröd vitt fibrer ca 5% typ limpa,Vitamin C,Mjukt bröd ,0.6,mg
3795,Bröd vitt fibrer ca 5% typ limpa,Vitamin B6,Mjukt bröd ,0.07,mg
3795,Bröd vitt fibrer ca 5% typ limpa,Vitamin B12,Mjukt bröd ,0.0,µg
3795,Bröd vitt fibrer ca 5% typ limpa,Vitamin A,Mjukt bröd ,0.0,RE/µg
3795,Bröd vitt fibrer ca 5% typ limpa,Vatten,Mjukt bröd ,34.3,g
3795,Bröd vitt fibrer ca 5% typ limpa,Tiamin,Mjukt bröd ,0.17,mg
3795,Bröd vitt fibrer ca 5% typ limpa,Tillsatt socker,Mjukt bröd ,13.0,g
3795,Bröd vitt fibrer ca 5% typ limpa,Fritt socker,Mjukt bröd ,13.0,g
3795,Bröd vitt fibrer ca 5% typ limpa,"Selen, Se",Mjukt bröd ,3.1,µg
3795,Bröd vitt fibrer ca 5% typ limpa,Sackaros,Mjukt bröd ,0.0,g
3795,Bröd vitt fibrer ca 5% typ limpa,Riboflavin,Mjukt bröd ,0.07,mg
3795,Bröd vitt fibrer ca 5% typ limpa,Retinol,Mjukt bröd ,0.0,µg
3795,Bröd vitt fibrer ca 5% typ limpa,Protein,Mjukt bröd ,7.5,g
3795,Bröd vitt fibrer ca 5% typ limpa,Summa fleromättade fettsyror,Mjukt bröd ,0.7,g
3795,Bröd vitt fibrer ca 5% typ limpa,"Fosfor, P",Mjukt bröd ,92.0,mg
3795,Bröd vitt fibrer ca 5% typ limpa,Niacinekvivalenter,Mjukt bröd ,2.3,NE/mg
3795,Bröd vitt fibrer ca 5% typ limpa,Niacin,Mjukt bröd ,1.0,mg
3795,Bröd vitt fibrer ca 5% typ limpa,"Salt, NaCl",Mjukt bröd ,0.9,g
3795,Bröd vitt fibrer ca 5% typ limpa,"Natrium, Na",Mjukt bröd ,351.0,mg
3795,Bröd vitt fibrer ca 5% typ limpa,Monosackarider,Mjukt bröd ,9.3,g
3795,Bröd vitt fibrer ca 5% typ limpa,"Sockerarter, totalt",Mjukt bröd ,12.7,g
3795,Bröd vitt fibrer ca 5% typ limpa,Summa enkelomättade fettsyror,Mjukt bröd ,1.1,g
3795,Bröd vitt fibrer ca 5% typ limpa,"Magnesium, Mg",Mjukt bröd ,25.0,mg
3795,Bröd vitt fibrer ca 5% typ limpa,Summa mättade fettsyror,Mjukt bröd ,0.2,g
3795,Bröd vitt fibrer ca 5% typ limpa,"Kolhydrater, tillgängliga",Mjukt bröd ,47.7,g
3795,Bröd vitt fibrer ca 5% typ limpa,Kolesterol,Mjukt bröd ,0.0,mg
3795,Bröd vitt fibrer ca 5% typ limpa,"Kalium, K",Mjukt bröd ,175.0,mg
3795,Bröd vitt fibrer ca 5% typ limpa,"Jod, I",Mjukt bröd ,2.3,µg
3795,Bröd vitt fibrer ca 5% typ limpa,Fullkorn totalt,Mjukt bröd ,1.0,g
3795,Bröd vitt fibrer ca 5% typ limpa,"Folat, totalt",Mjukt bröd ,34.8,µg
3795,Bröd vitt fibrer ca 5% typ limpa,Fibrer,Mjukt bröd ,6.3,g
3795,Bröd vitt fibrer ca 5% typ limpa,"Fett, totalt",Mjukt bröd ,2.7,g
3795,Bröd vitt fibrer ca 5% typ limpa,"Järn, Fe",Mjukt bröd ,0.9,mg
3795,Bröd vitt fibrer ca 5% typ limpa,Energi (kJ),Mjukt bröd ,1091.0,kJ
3795,Bröd vitt fibrer ca 5% typ limpa,Energi (kcal),Mjukt bröd ,261.0,kcal
3795,Bröd vitt fibrer ca 5% typ limpa,Disackarider,Mjukt bröd ,3.3,g
3795,Bröd vitt fibrer ca 5% typ limpa,"Kalcium, Ca",Mjukt bröd ,23.0,mg
3795,Bröd vitt fibrer ca 5% typ limpa,Fettsyra 4:0-10:0,Mjukt bröd ,0.0,g
3795,Bröd vitt fibrer ca 5% typ limpa,DHA (C22:6),Mjukt bröd ,0.0,g
3795,Bröd vitt fibrer ca 5% typ limpa,DPA (C22:5),Mjukt bröd ,0.0,g
3795,Bröd vitt fibrer ca 5% typ limpa,EPA (C20:5),Mjukt bröd ,0.0,g
3795,Bröd vitt fibrer ca 5% typ limpa,Arakidonsyra C20:4,Mjukt bröd ,0.0,g
3795,Bröd vitt fibrer ca 5% typ limpa,Arakidinsyra C20:0,Mjukt bröd ,0.0,g
3795,Bröd vitt fibrer ca 5% typ limpa,Linolensyra C18:3,Mjukt bröd ,0.2,g
3795,Bröd vitt fibrer ca 5% typ limpa,Linolsyra C18:2,Mjukt bröd ,0.6,g
3795,Bröd vitt fibrer ca 5% typ limpa,Oljesyra C18:1,Mjukt bröd ,1.0,g
3795,Bröd vitt fibrer ca 5% typ limpa,Stearinsyra C18:0,Mjukt bröd ,0.0,g
3795,Bröd vitt fibrer ca 5% typ limpa,Palmitoljesyra C16:1,Mjukt bröd ,0.0,g
3795,Bröd vitt fibrer ca 5% typ limpa,Palmitinsyra C16:0,Mjukt bröd ,0.2,g
3795,Bröd vitt fibrer ca 5% typ limpa,Myristinsyra C14:0,Mjukt bröd ,0.0,g
3795,Bröd vitt fibrer ca 5% typ limpa,Laurinsyra C12:0,Mjukt bröd ,0.0,g
3795,Bröd vitt fibrer ca 5% typ limpa,Betakaroten/β-Karoten,Mjukt bröd ,0.0,µg
3795,Bröd vitt fibrer ca 5% typ limpa,Avfall (skal etc.),Mjukt bröd ,0.0,%
3795,Bröd vitt fibrer ca 5% typ limpa,Aska,Mjukt bröd ,1.3,g
3795,Bröd vitt fibrer ca 5% typ limpa,Alkohol,Mjukt bröd ,0.0,g
3797,Bröd fullkorn råg fibrer ca 7%,"Zink, Zn",Mjukt bröd ,1.4,mg
3797,Bröd fullkorn råg fibrer ca 7%,Vitamin E,Mjukt bröd ,0.6,mg
3797,Bröd fullkorn råg fibrer ca 7%,Vitamin D inkl 25-OH-D3,Mjukt bröd ,0.0,µg
3797,Bröd fullkorn råg fibrer ca 7%,Vitamin D,Mjukt bröd ,0.0,µg
3797,Bröd fullkorn råg fibrer ca 7%,Vitamin C,Mjukt bröd ,0.0,mg
3797,Bröd fullkorn råg fibrer ca 7%,Vitamin B6,Mjukt bröd ,0.18,mg
3797,Bröd fullkorn råg fibrer ca 7%,Vitamin B12,Mjukt bröd ,0.0,µg
3797,Bröd fullkorn råg fibrer ca 7%,Vitamin A,Mjukt bröd ,0.0,RE/µg
3797,Bröd fullkorn råg fibrer ca 7%,Vatten,Mjukt bröd ,41.9,g
3797,Bröd fullkorn råg fibrer ca 7%,Tiamin,Mjukt bröd ,0.22,mg
3797,Bröd fullkorn råg fibrer ca 7%,Tillsatt socker,Mjukt bröd ,5.0,g
3797,Bröd fullkorn råg fibrer ca 7%,Fritt socker,Mjukt bröd ,5.0,g
3797,Bröd fullkorn råg fibrer ca 7%,"Selen, Se",Mjukt bröd ,2.6,µg
3797,Bröd fullkorn råg fibrer ca 7%,Sackaros,Mjukt bröd ,0.0,g
3797,Bröd fullkorn råg fibrer ca 7%,Riboflavin,Mjukt bröd ,0.09,mg
3797,Bröd fullkorn råg fibrer ca 7%,Retinol,Mjukt bröd ,0.0,µg
3797,Bröd fullkorn råg fibrer ca 7%,Protein,Mjukt bröd ,9.3,g
3797,Bröd fullkorn råg fibrer ca 7%,Summa fleromättade fettsyror,Mjukt bröd ,0.6,g
3797,Bröd fullkorn råg fibrer ca 7%,"Fosfor, P",Mjukt bröd ,165.0,mg
3797,Bröd fullkorn råg fibrer ca 7%,Niacinekvivalenter,Mjukt bröd ,3.7,NE/mg
3797,Bröd fullkorn råg fibrer ca 7%,Niacin,Mjukt bröd ,2.16,mg
3797,Bröd fullkorn råg fibrer ca 7%,"Salt, NaCl",Mjukt bröd ,0.9,g
3797,Bröd fullkorn råg fibrer ca 7%,"Natrium, Na",Mjukt bröd ,351.0,mg
3797,Bröd fullkorn råg fibrer ca 7%,Monosackarider,Mjukt bröd ,2.2,g
3797,Bröd fullkorn råg fibrer ca 7%,"Sockerarter, totalt",Mjukt bröd ,4.9,g
3797,Bröd fullkorn råg fibrer ca 7%,Summa enkelomättade fettsyror,Mjukt bröd ,0.8,g
3797,Bröd fullkorn råg fibrer ca 7%,"Magnesium, Mg",Mjukt bröd ,53.0,mg
3797,Bröd fullkorn råg fibrer ca 7%,Summa mättade fettsyror,Mjukt bröd ,0.2,g
3797,Bröd fullkorn råg fibrer ca 7%,"Kolhydrater, tillgängliga",Mjukt bröd ,38.3,g
3797,Bröd fullkorn råg fibrer ca 7%,Kolesterol,Mjukt bröd ,0.0,mg
3797,Bröd fullkorn råg fibrer ca 7%,"Kalium, K",Mjukt bröd ,261.0,mg
3797,Bröd fullkorn råg fibrer ca 7%,"Jod, I",Mjukt bröd ,1.0,µg
3797,Bröd fullkorn råg fibrer ca 7%,Fullkorn totalt,Mjukt bröd ,38.0,g
3797,Bröd fullkorn råg fibrer ca 7%,"Folat, totalt",Mjukt bröd ,40.1,µg
3797,Bröd fullkorn råg fibrer ca 7%,Fibrer,Mjukt bröd ,6.5,g
3797,Bröd fullkorn råg fibrer ca 7%,"Fett, totalt",Mjukt bröd ,2.3,g
3797,Bröd fullkorn råg fibrer ca 7%,"Järn, Fe",Mjukt bröd ,1.8,mg
3797,Bröd fullkorn råg fibrer ca 7%,Energi (kJ),Mjukt bröd ,947.0,kJ
3797,Bröd fullkorn råg fibrer ca 7%,Energi (kcal),Mjukt bröd ,226.0,kcal
3797,Bröd fullkorn råg fibrer ca 7%,Disackarider,Mjukt bröd ,2.7,g
3797,Bröd fullkorn råg fibrer ca 7%,"Kalcium, Ca",Mjukt bröd ,58.0,mg
3797,Bröd fullkorn råg fibrer ca 7%,Fettsyra 4:0-10:0,Mjukt bröd ,0.0,g
3797,Bröd fullkorn råg fibrer ca 7%,DHA (C22:6),Mjukt bröd ,0.0,g
3797,Bröd fullkorn råg fibrer ca 7%,DPA (C22:5),Mjukt bröd ,0.0,g
3797,Bröd fullkorn råg fibrer ca 7%,EPA (C20:5),Mjukt bröd ,0.0,g
3797,Bröd fullkorn råg fibrer ca 7%,Arakidonsyra C20:4,Mjukt bröd ,0.0,g
3797,Bröd fullkorn råg fibrer ca 7%,Arakidinsyra C20:0,Mjukt bröd ,0.0,g
3797,Bröd fullkorn råg fibrer ca 7%,Linolensyra C18:3,Mjukt bröd ,0.1,g
3797,Bröd fullkorn råg fibrer ca 7%,Linolsyra C18:2,Mjukt bröd ,0.5,g
3797,Bröd fullkorn råg fibrer ca 7%,Oljesyra C18:1,Mjukt bröd ,0.8,g
3797,Bröd fullkorn råg fibrer ca 7%,Stearinsyra C18:0,Mjukt bröd ,0.0,g
3797,Bröd fullkorn råg fibrer ca 7%,Palmitoljesyra C16:1,Mjukt bröd ,0.0,g
3797,Bröd fullkorn råg fibrer ca 7%,Palmitinsyra C16:0,Mjukt bröd ,0.1,g
3797,Bröd fullkorn råg fibrer ca 7%,Myristinsyra C14:0,Mjukt bröd ,0.0,g
3797,Bröd fullkorn råg fibrer ca 7%,Laurinsyra C12:0,Mjukt bröd ,0.0,g
3797,Bröd fullkorn råg fibrer ca 7%,Betakaroten/β-Karoten,Mjukt bröd ,0.0,µg
3797,Bröd fullkorn råg fibrer ca 7%,Avfall (skal etc.),Mjukt bröd ,0.0,%
3797,Bröd fullkorn råg fibrer ca 7%,Aska,Mjukt bröd ,1.7,g
3797,Bröd fullkorn råg fibrer ca 7%,Alkohol,Mjukt bröd ,0.0,g
3798,Korvbröd grovt,"Zink, Zn",Mjukt bröd ,1.0,mg
3798,Korvbröd grovt,Vitamin E,Mjukt bröd ,0.8,mg
3798,Korvbröd grovt,Vitamin D inkl 25-OH-D3,Mjukt bröd ,0.0,µg
3798,Korvbröd grovt,Vitamin D,Mjukt bröd ,0.0,µg
3798,Korvbröd grovt,Vitamin C,Mjukt bröd ,0.0,mg
3798,Korvbröd grovt,Vitamin B6,Mjukt bröd ,0.12,mg
3798,Korvbröd grovt,Vitamin B12,Mjukt bröd ,0.0,µg
3798,Korvbröd grovt,Vitamin A,Mjukt bröd ,0.0,RE/µg
3798,Korvbröd grovt,Vatten,Mjukt bröd ,36.1,g
3798,Korvbröd grovt,Tiamin,Mjukt bröd ,0.16,mg
3798,Korvbröd grovt,Tillsatt socker,Mjukt bröd ,6.0,g
3798,Korvbröd grovt,Fritt socker,Mjukt bröd ,6.0,g
3798,Korvbröd grovt,"Selen, Se",Mjukt bröd ,5.4,µg
3798,Korvbröd grovt,Sackaros,Mjukt bröd ,0.0,g
3798,Korvbröd grovt,Riboflavin,Mjukt bröd ,0.07,mg
3798,Korvbröd grovt,Retinol,Mjukt bröd ,0.0,µg
3798,Korvbröd grovt,Protein,Mjukt bröd ,9.3,g
3798,Korvbröd grovt,Summa fleromättade fettsyror,Mjukt bröd ,1.2,g
3798,Korvbröd grovt,"Fosfor, P",Mjukt bröd ,184.0,mg
3798,Korvbröd grovt,Niacinekvivalenter,Mjukt bröd ,5.1,NE/mg
3798,Korvbröd grovt,Niacin,Mjukt bröd ,3.55,mg
3798,Korvbröd grovt,"Salt, NaCl",Mjukt bröd ,0.9,g
3798,Korvbröd grovt,"Natrium, Na",Mjukt bröd ,354.0,mg
3798,Korvbröd grovt,Monosackarider,Mjukt bröd ,4.4,g
3798,Korvbröd grovt,"Sockerarter, totalt",Mjukt bröd ,6.1,g
3798,Korvbröd grovt,Summa enkelomättade fettsyror,Mjukt bröd ,1.9,g
3798,Korvbröd grovt,"Magnesium, Mg",Mjukt bröd ,60.0,mg
3798,Korvbröd grovt,Summa mättade fettsyror,Mjukt bröd ,0.5,g
3798,Korvbröd grovt,"Kolhydrater, tillgängliga",Mjukt bröd ,42.4,g
3798,Korvbröd grovt,Kolesterol,Mjukt bröd ,0.0,mg
3798,Korvbröd grovt,"Kalium, K",Mjukt bröd ,220.0,mg
3798,Korvbröd grovt,"Jod, I",Mjukt bröd ,0.0,µg
3798,Korvbröd grovt,Fullkorn totalt,Mjukt bröd ,0.0,g
3798,Korvbröd grovt,"Folat, totalt",Mjukt bröd ,30.6,µg
3798,Korvbröd grovt,Fibrer,Mjukt bröd ,5.6,g
3798,Korvbröd grovt,"Fett, totalt",Mjukt bröd ,4.9,g
3798,Korvbröd grovt,"Järn, Fe",Mjukt bröd ,1.3,mg
3798,Korvbröd grovt,Energi (kJ),Mjukt bröd ,1106.0,kJ
3798,Korvbröd grovt,Energi (kcal),Mjukt bröd ,264.0,kcal
3798,Korvbröd grovt,Disackarider,Mjukt bröd ,1.7,g
3798,Korvbröd grovt,"Kalcium, Ca",Mjukt bröd ,37.0,mg
3798,Korvbröd grovt,Fettsyra 4:0-10:0,Mjukt bröd ,0.0,g
3798,Korvbröd grovt,DHA (C22:6),Mjukt bröd ,0.0,g
3798,Korvbröd grovt,DPA (C22:5),Mjukt bröd ,0.0,g
3798,Korvbröd grovt,EPA (C20:5),Mjukt bröd ,0.0,g
3798,Korvbröd grovt,Arakidonsyra C20:4,Mjukt bröd ,0.0,g
3798,Korvbröd grovt,Arakidinsyra C20:0,Mjukt bröd ,0.0,g
3798,Korvbröd grovt,Linolensyra C18:3,Mjukt bröd ,0.3,g
3798,Korvbröd grovt,Linolsyra C18:2,Mjukt bröd ,0.9,g
3798,Korvbröd grovt,Oljesyra C18:1,Mjukt bröd ,1.8,g
3798,Korvbröd grovt,Stearinsyra C18:0,Mjukt bröd ,0.2,g
3798,Korvbröd grovt,Palmitoljesyra C16:1,Mjukt bröd ,0.0,g
3798,Korvbröd grovt,Palmitinsyra C16:0,Mjukt bröd ,0.3,g
3798,Korvbröd grovt,Myristinsyra C14:0,Mjukt bröd ,0.0,g
3798,Korvbröd grovt,Laurinsyra C12:0,Mjukt bröd ,0.0,g
3798,Korvbröd grovt,Betakaroten/β-Karoten,Mjukt bröd ,0.0,µg
3798,Korvbröd grovt,Avfall (skal etc.),Mjukt bröd ,0.0,%
3798,Korvbröd grovt,Aska,Mjukt bröd ,1.7,g
3798,Korvbröd grovt,Alkohol,Mjukt bröd ,0.0,g
3800,Lax odlad Norge fjordlax rå över disk,"Zink, Zn",Fisk färsk fryst kokt,0.4,mg
3800,Lax odlad Norge fjordlax rå över disk,Vitamin E,Fisk färsk fryst kokt,4.9,mg
3800,Lax odlad Norge fjordlax rå över disk,Vitamin D inkl 25-OH-D3,Fisk färsk fryst kokt,8.51,µg
3800,Lax odlad Norge fjordlax rå över disk,Vitamin D,Fisk färsk fryst kokt,6.72,µg
3800,Lax odlad Norge fjordlax rå över disk,Vitamin C,Fisk färsk fryst kokt,0.0,mg
3800,Lax odlad Norge fjordlax rå över disk,Vitamin B6,Fisk färsk fryst kokt,0.61,mg
3800,Lax odlad Norge fjordlax rå över disk,Vitamin B12,Fisk färsk fryst kokt,5.58,µg
3800,Lax odlad Norge fjordlax rå över disk,Vitamin A,Fisk färsk fryst kokt,7.2,RE/µg
3800,Lax odlad Norge fjordlax rå över disk,Vatten,Fisk färsk fryst kokt,64.7,g
3800,Lax odlad Norge fjordlax rå över disk,Tiamin,Fisk färsk fryst kokt,0.26,mg
3800,Lax odlad Norge fjordlax rå över disk,Tillsatt socker,Fisk färsk fryst kokt,0.0,g
3800,Lax odlad Norge fjordlax rå över disk,Fritt socker,Fisk färsk fryst kokt,0.0,g
3800,Lax odlad Norge fjordlax rå över disk,"Selen, Se",Fisk färsk fryst kokt,15.4,µg
3800,Lax odlad Norge fjordlax rå över disk,Sackaros,Fisk färsk fryst kokt,0.0,g
3800,Lax odlad Norge fjordlax rå över disk,Riboflavin,Fisk färsk fryst kokt,0.09,mg
3800,Lax odlad Norge fjordlax rå över disk,Retinol,Fisk färsk fryst kokt,7.2,µg
3800,Lax odlad Norge fjordlax rå över disk,Protein,Fisk färsk fryst kokt,20.0,g
3800,Lax odlad Norge fjordlax rå över disk,Summa fleromättade fettsyror,Fisk färsk fryst kokt,4.0,g
3800,Lax odlad Norge fjordlax rå över disk,"Fosfor, P",Fisk färsk fryst kokt,234.0,mg
3800,Lax odlad Norge fjordlax rå över disk,Niacinekvivalenter,Fisk färsk fryst kokt,10.6,NE/mg
3800,Lax odlad Norge fjordlax rå över disk,Niacin,Fisk färsk fryst kokt,7.28,mg
3800,Lax odlad Norge fjordlax rå över disk,"Salt, NaCl",Fisk färsk fryst kokt,0.1,g
3800,Lax odlad Norge fjordlax rå över disk,"Natrium, Na",Fisk färsk fryst kokt,45.0,mg
3800,Lax odlad Norge fjordlax rå över disk,Monosackarider,Fisk färsk fryst kokt,0.0,g
3800,Lax odlad Norge fjordlax rå över disk,"Sockerarter, totalt",Fisk färsk fryst kokt,0.0,g
3800,Lax odlad Norge fjordlax rå över disk,Summa enkelomättade fettsyror,Fisk färsk fryst kokt,6.2,g
3800,Lax odlad Norge fjordlax rå över disk,"Magnesium, Mg",Fisk färsk fryst kokt,27.0,mg
3800,Lax odlad Norge fjordlax rå över disk,Summa mättade fettsyror,Fisk färsk fryst kokt,1.8,g
3800,Lax odlad Norge fjordlax rå över disk,"Kolhydrater, tillgängliga",Fisk färsk fryst kokt,0.7,g
3800,Lax odlad Norge fjordlax rå över disk,Kolesterol,Fisk färsk fryst kokt,66.7,mg
3800,Lax odlad Norge fjordlax rå över disk,"Kalium, K",Fisk färsk fryst kokt,375.0,mg
3800,Lax odlad Norge fjordlax rå över disk,"Jod, I",Fisk färsk fryst kokt,19.2,µg
3800,Lax odlad Norge fjordlax rå över disk,Fullkorn totalt,Fisk färsk fryst kokt,0.0,g
3800,Lax odlad Norge fjordlax rå över disk,"Folat, totalt",Fisk färsk fryst kokt,4.5,µg
3800,Lax odlad Norge fjordlax rå över disk,Fibrer,Fisk färsk fryst kokt,0.0,g
3800,Lax odlad Norge fjordlax rå över disk,"Fett, totalt",Fisk färsk fryst kokt,13.4,g
3800,Lax odlad Norge fjordlax rå över disk,"Järn, Fe",Fisk färsk fryst kokt,0.3,mg
3800,Lax odlad Norge fjordlax rå över disk,Energi (kJ),Fisk färsk fryst kokt,848.0,kJ
3800,Lax odlad Norge fjordlax rå över disk,Energi (kcal),Fisk färsk fryst kokt,203.0,kcal
3800,Lax odlad Norge fjordlax rå över disk,Disackarider,Fisk färsk fryst kokt,0.0,g
3800,Lax odlad Norge fjordlax rå över disk,"Kalcium, Ca",Fisk färsk fryst kokt,7.0,mg
3800,Lax odlad Norge fjordlax rå över disk,Fettsyra 4:0-10:0,Fisk färsk fryst kokt,0.0,g
3800,Lax odlad Norge fjordlax rå över disk,DHA (C22:6),Fisk färsk fryst kokt,0.5,g
3800,Lax odlad Norge fjordlax rå över disk,DPA (C22:5),Fisk färsk fryst kokt,0.1,g
3800,Lax odlad Norge fjordlax rå över disk,EPA (C20:5),Fisk färsk fryst kokt,0.3,g
3800,Lax odlad Norge fjordlax rå över disk,Arakidonsyra C20:4,Fisk färsk fryst kokt,0.1,g
3800,Lax odlad Norge fjordlax rå över disk,Arakidinsyra C20:0,Fisk färsk fryst kokt,0.0,g
3800,Lax odlad Norge fjordlax rå över disk,Linolensyra C18:3,Fisk färsk fryst kokt,0.9,g
3800,Lax odlad Norge fjordlax rå över disk,Linolsyra C18:2,Fisk färsk fryst kokt,1.7,g
3800,Lax odlad Norge fjordlax rå över disk,Oljesyra C18:1,Fisk färsk fryst kokt,5.1,g
3800,Lax odlad Norge fjordlax rå över disk,Stearinsyra C18:0,Fisk färsk fryst kokt,0.3,g
3800,Lax odlad Norge fjordlax rå över disk,Palmitoljesyra C16:1,Fisk färsk fryst kokt,0.3,g
3800,Lax odlad Norge fjordlax rå över disk,Palmitinsyra C16:0,Fisk färsk fryst kokt,1.2,g
3800,Lax odlad Norge fjordlax rå över disk,Myristinsyra C14:0,Fisk färsk fryst kokt,0.2,g
3800,Lax odlad Norge fjordlax rå över disk,Laurinsyra C12:0,Fisk färsk fryst kokt,0.0,g
3800,Lax odlad Norge fjordlax rå över disk,Betakaroten/β-Karoten,Fisk färsk fryst kokt,0.0,µg
3800,Lax odlad Norge fjordlax rå över disk,Avfall (skal etc.),Fisk färsk fryst kokt,35.0,%
3800,Lax odlad Norge fjordlax rå över disk,Aska,Fisk färsk fryst kokt,1.2,g
3800,Lax odlad Norge fjordlax rå över disk,Alkohol,Fisk färsk fryst kokt,0.0,g
3815,Kikärtor konserv. u. lag,"Zink, Zn","Baljväxter (bönor, linser och ärter)",1.1,mg
3815,Kikärtor konserv. u. lag,Vitamin E,"Baljväxter (bönor, linser och ärter)",1.3,mg
3815,Kikärtor konserv. u. lag,Vitamin D inkl 25-OH-D3,"Baljväxter (bönor, linser och ärter)",0.0,µg
3815,Kikärtor konserv. u. lag,Vitamin D,"Baljväxter (bönor, linser och ärter)",0.0,µg
3815,Kikärtor konserv. u. lag,Vitamin C,"Baljväxter (bönor, linser och ärter)",0.0,mg
3815,Kikärtor konserv. u. lag,Vitamin B6,"Baljväxter (bönor, linser och ärter)",0.1,mg
3815,Kikärtor konserv. u. lag,Vitamin B12,"Baljväxter (bönor, linser och ärter)",0.0,µg
3815,Kikärtor konserv. u. lag,Vitamin A,"Baljväxter (bönor, linser och ärter)",1.1,RE/µg
3815,Kikärtor konserv. u. lag,Vatten,"Baljväxter (bönor, linser och ärter)",67.1,g
3815,Kikärtor konserv. u. lag,Tiamin,"Baljväxter (bönor, linser och ärter)",0.05,mg
3815,Kikärtor konserv. u. lag,Tillsatt socker,"Baljväxter (bönor, linser och ärter)",0.0,g
3815,Kikärtor konserv. u. lag,Fritt socker,"Baljväxter (bönor, linser och ärter)",0.0,g
3815,Kikärtor konserv. u. lag,"Selen, Se","Baljväxter (bönor, linser och ärter)",19.8,µg
3815,Kikärtor konserv. u. lag,Sackaros,"Baljväxter (bönor, linser och ärter)",0.3,g
3815,Kikärtor konserv. u. lag,Riboflavin,"Baljväxter (bönor, linser och ärter)",0.03,mg
3815,Kikärtor konserv. u. lag,Retinol,"Baljväxter (bönor, linser och ärter)",0.0,µg
3815,Kikärtor konserv. u. lag,Protein,"Baljväxter (bönor, linser och ärter)",7.5,g
3815,Kikärtor konserv. u. lag,Summa fleromättade fettsyror,"Baljväxter (bönor, linser och ärter)",1.1,g
3815,Kikärtor konserv. u. lag,"Fosfor, P","Baljväxter (bönor, linser och ärter)",103.0,mg
3815,Kikärtor konserv. u. lag,Niacinekvivalenter,"Baljväxter (bönor, linser och ärter)",1.5,NE/mg
3815,Kikärtor konserv. u. lag,Niacin,"Baljväxter (bönor, linser och ärter)",0.2,mg
3815,Kikärtor konserv. u. lag,"Salt, NaCl","Baljväxter (bönor, linser och ärter)",0.5,g
3815,Kikärtor konserv. u. lag,"Natrium, Na","Baljväxter (bönor, linser och ärter)",213.0,mg
3815,Kikärtor konserv. u. lag,Monosackarider,"Baljväxter (bönor, linser och ärter)",0.0,g
3815,Kikärtor konserv. u. lag,"Sockerarter, totalt","Baljväxter (bönor, linser och ärter)",0.4,g
3815,Kikärtor konserv. u. lag,Summa enkelomättade fettsyror,"Baljväxter (bönor, linser och ärter)",0.7,g
3815,Kikärtor konserv. u. lag,"Magnesium, Mg","Baljväxter (bönor, linser och ärter)",34.0,mg
3815,Kikärtor konserv. u. lag,Summa mättade fettsyror,"Baljväxter (bönor, linser och ärter)",0.3,g
3815,Kikärtor konserv. u. lag,"Kolhydrater, tillgängliga","Baljväxter (bönor, linser och ärter)",15.7,g
3815,Kikärtor konserv. u. lag,Kolesterol,"Baljväxter (bönor, linser och ärter)",0.0,mg
3815,Kikärtor konserv. u. lag,"Kalium, K","Baljväxter (bönor, linser och ärter)",163.0,mg
3815,Kikärtor konserv. u. lag,"Jod, I","Baljväxter (bönor, linser och ärter)",1.3,µg
3815,Kikärtor konserv. u. lag,Fullkorn totalt,"Baljväxter (bönor, linser och ärter)",0.0,g
3815,Kikärtor konserv. u. lag,"Folat, totalt","Baljväxter (bönor, linser och ärter)",72.8,µg
3815,Kikärtor konserv. u. lag,Fibrer,"Baljväxter (bönor, linser och ärter)",6.2,g
3815,Kikärtor konserv. u. lag,"Fett, totalt","Baljväxter (bönor, linser och ärter)",2.5,g
3815,Kikärtor konserv. u. lag,"Järn, Fe","Baljväxter (bönor, linser och ärter)",1.6,mg
3815,Kikärtor konserv. u. lag,Energi (kJ),"Baljväxter (bönor, linser och ärter)",536.0,kJ
3815,Kikärtor konserv. u. lag,Energi (kcal),"Baljväxter (bönor, linser och ärter)",128.0,kcal
3815,Kikärtor konserv. u. lag,Disackarider,"Baljväxter (bönor, linser och ärter)",0.4,g
3815,Kikärtor konserv. u. lag,"Kalcium, Ca","Baljväxter (bönor, linser och ärter)",68.0,mg
3815,Kikärtor konserv. u. lag,Fettsyra 4:0-10:0,"Baljväxter (bönor, linser och ärter)",0.0,g
3815,Kikärtor konserv. u. lag,DHA (C22:6),"Baljväxter (bönor, linser och ärter)",0.0,g
3815,Kikärtor konserv. u. lag,DPA (C22:5),"Baljväxter (bönor, linser och ärter)",0.0,g
3815,Kikärtor konserv. u. lag,EPA (C20:5),"Baljväxter (bönor, linser och ärter)",0.0,g
3815,Kikärtor konserv. u. lag,Arakidonsyra C20:4,"Baljväxter (bönor, linser och ärter)",0.0,g
3815,Kikärtor konserv. u. lag,Arakidinsyra C20:0,"Baljväxter (bönor, linser och ärter)",0.0,g
3815,Kikärtor konserv. u. lag,Linolensyra C18:3,"Baljväxter (bönor, linser och ärter)",0.0,g
3815,Kikärtor konserv. u. lag,Linolsyra C18:2,"Baljväxter (bönor, linser och ärter)",1.0,g
3815,Kikärtor konserv. u. lag,Oljesyra C18:1,"Baljväxter (bönor, linser och ärter)",0.6,g
3815,Kikärtor konserv. u. lag,Stearinsyra C18:0,"Baljväxter (bönor, linser och ärter)",0.0,g
3815,Kikärtor konserv. u. lag,Palmitoljesyra C16:1,"Baljväxter (bönor, linser och ärter)",0.0,g
3815,Kikärtor konserv. u. lag,Palmitinsyra C16:0,"Baljväxter (bönor, linser och ärter)",0.2,g
3815,Kikärtor konserv. u. lag,Myristinsyra C14:0,"Baljväxter (bönor, linser och ärter)",0.0,g
3815,Kikärtor konserv. u. lag,Laurinsyra C12:0,"Baljväxter (bönor, linser och ärter)",0.0,g
3815,Kikärtor konserv. u. lag,Betakaroten/β-Karoten,"Baljväxter (bönor, linser och ärter)",12.0,µg
3815,Kikärtor konserv. u. lag,Avfall (skal etc.),"Baljväxter (bönor, linser och ärter)",0.0,%
3815,Kikärtor konserv. u. lag,Aska,"Baljväxter (bönor, linser och ärter)",1.0,g
3815,Kikärtor konserv. u. lag,Alkohol,"Baljväxter (bönor, linser och ärter)",0.0,g
3816,Kidneybönor röda bönor konserv. u. lag,"Zink, Zn","Baljväxter (bönor, linser och ärter)",0.9,mg
3816,Kidneybönor röda bönor konserv. u. lag,Vitamin E,"Baljväxter (bönor, linser och ärter)",0.1,mg
3816,Kidneybönor röda bönor konserv. u. lag,Vitamin D inkl 25-OH-D3,"Baljväxter (bönor, linser och ärter)",0.0,µg
3816,Kidneybönor röda bönor konserv. u. lag,Vitamin D,"Baljväxter (bönor, linser och ärter)",0.0,µg
3816,Kidneybönor röda bönor konserv. u. lag,Vitamin C,"Baljväxter (bönor, linser och ärter)",0.0,mg
3816,Kidneybönor röda bönor konserv. u. lag,Vitamin B6,"Baljväxter (bönor, linser och ärter)",0.07,mg
3816,Kidneybönor röda bönor konserv. u. lag,Vitamin B12,"Baljväxter (bönor, linser och ärter)",0.0,µg
3816,Kidneybönor röda bönor konserv. u. lag,Vitamin A,"Baljväxter (bönor, linser och ärter)",0.0,RE/µg
3816,Kidneybönor röda bönor konserv. u. lag,Vatten,"Baljväxter (bönor, linser och ärter)",68.5,g
3816,Kidneybönor röda bönor konserv. u. lag,Tiamin,"Baljväxter (bönor, linser och ärter)",0.08,mg
3816,Kidneybönor röda bönor konserv. u. lag,Tillsatt socker,"Baljväxter (bönor, linser och ärter)",0.0,g
3816,Kidneybönor röda bönor konserv. u. lag,Fritt socker,"Baljväxter (bönor, linser och ärter)",0.0,g
3816,Kidneybönor röda bönor konserv. u. lag,"Selen, Se","Baljväxter (bönor, linser och ärter)",0.0,µg
3816,Kidneybönor röda bönor konserv. u. lag,Sackaros,"Baljväxter (bönor, linser och ärter)",0.7,g
3816,Kidneybönor röda bönor konserv. u. lag,Riboflavin,"Baljväxter (bönor, linser och ärter)",0.04,mg
3816,Kidneybönor röda bönor konserv. u. lag,Retinol,"Baljväxter (bönor, linser och ärter)",0.0,µg
3816,Kidneybönor röda bönor konserv. u. lag,Protein,"Baljväxter (bönor, linser och ärter)",8.8,g
3816,Kidneybönor röda bönor konserv. u. lag,Summa fleromättade fettsyror,"Baljväxter (bönor, linser och ärter)",0.4,g
3816,Kidneybönor röda bönor konserv. u. lag,"Fosfor, P","Baljväxter (bönor, linser och ärter)",104.0,mg
3816,Kidneybönor röda bönor konserv. u. lag,Niacinekvivalenter,"Baljväxter (bönor, linser och ärter)",1.8,NE/mg
3816,Kidneybönor röda bönor konserv. u. lag,Niacin,"Baljväxter (bönor, linser och ärter)",0.39,mg
3816,Kidneybönor röda bönor konserv. u. lag,"Salt, NaCl","Baljväxter (bönor, linser och ärter)",0.6,g
3816,Kidneybönor röda bönor konserv. u. lag,"Natrium, Na","Baljväxter (bönor, linser och ärter)",256.0,mg
3816,Kidneybönor röda bönor konserv. u. lag,Monosackarider,"Baljväxter (bönor, linser och ärter)",0.2,g
3816,Kidneybönor röda bönor konserv. u. lag,"Sockerarter, totalt","Baljväxter (bönor, linser och ärter)",1.0,g
3816,Kidneybönor röda bönor konserv. u. lag,Summa enkelomättade fettsyror,"Baljväxter (bönor, linser och ärter)",0.1,g
3816,Kidneybönor röda bönor konserv. u. lag,"Magnesium, Mg","Baljväxter (bönor, linser och ärter)",30.0,mg
3816,Kidneybönor röda bönor konserv. u. lag,Summa mättade fettsyror,"Baljväxter (bönor, linser och ärter)",0.1,g
3816,Kidneybönor röda bönor konserv. u. lag,"Kolhydrater, tillgängliga","Baljväxter (bönor, linser och ärter)",13.4,g
3816,Kidneybönor röda bönor konserv. u. lag,Kolesterol,"Baljväxter (bönor, linser och ärter)",0.0,mg
3816,Kidneybönor röda bönor konserv. u. lag,"Kalium, K","Baljväxter (bönor, linser och ärter)",244.0,mg
3816,Kidneybönor röda bönor konserv. u. lag,"Jod, I","Baljväxter (bönor, linser och ärter)",1.2,µg
3816,Kidneybönor röda bönor konserv. u. lag,Fullkorn totalt,"Baljväxter (bönor, linser och ärter)",0.0,g
3816,Kidneybönor röda bönor konserv. u. lag,"Folat, totalt","Baljväxter (bönor, linser och ärter)",28.7,µg
3816,Kidneybönor röda bönor konserv. u. lag,Fibrer,"Baljväxter (bönor, linser och ärter)",7.2,g
3816,Kidneybönor röda bönor konserv. u. lag,"Fett, totalt","Baljväxter (bönor, linser och ärter)",0.7,g
3816,Kidneybönor röda bönor konserv. u. lag,"Järn, Fe","Baljväxter (bönor, linser och ärter)",1.9,mg
3816,Kidneybönor röda bönor konserv. u. lag,Energi (kJ),"Baljväxter (bönor, linser och ärter)",460.0,kJ
3816,Kidneybönor röda bönor konserv. u. lag,Energi (kcal),"Baljväxter (bönor, linser och ärter)",110.0,kcal
3816,Kidneybönor röda bönor konserv. u. lag,Disackarider,"Baljväxter (bönor, linser och ärter)",0.8,g
3816,Kidneybönor röda bönor konserv. u. lag,"Kalcium, Ca","Baljväxter (bönor, linser och ärter)",79.0,mg
3816,Kidneybönor röda bönor konserv. u. lag,Fettsyra 4:0-10:0,"Baljväxter (bönor, linser och ärter)",0.0,g
3816,Kidneybönor röda bönor konserv. u. lag,DHA (C22:6),"Baljväxter (bönor, linser och ärter)",0.0,g
3816,Kidneybönor röda bönor konserv. u. lag,DPA (C22:5),"Baljväxter (bönor, linser och ärter)",0.0,g
3816,Kidneybönor röda bönor konserv. u. lag,EPA (C20:5),"Baljväxter (bönor, linser och ärter)",0.0,g
3816,Kidneybönor röda bönor konserv. u. lag,Arakidonsyra C20:4,"Baljväxter (bönor, linser och ärter)",0.0,g
3816,Kidneybönor röda bönor konserv. u. lag,Arakidinsyra C20:0,"Baljväxter (bönor, linser och ärter)",0.0,g
3816,Kidneybönor röda bönor konserv. u. lag,Linolensyra C18:3,"Baljväxter (bönor, linser och ärter)",0.2,g
3816,Kidneybönor röda bönor konserv. u. lag,Linolsyra C18:2,"Baljväxter (bönor, linser och ärter)",0.1,g
3816,Kidneybönor röda bönor konserv. u. lag,Oljesyra C18:1,"Baljväxter (bönor, linser och ärter)",0.1,g
3816,Kidneybönor röda bönor konserv. u. lag,Stearinsyra C18:0,"Baljväxter (bönor, linser och ärter)",0.0,g
3816,Kidneybönor röda bönor konserv. u. lag,Palmitoljesyra C16:1,"Baljväxter (bönor, linser och ärter)",0.0,g
3816,Kidneybönor röda bönor konserv. u. lag,Palmitinsyra C16:0,"Baljväxter (bönor, linser och ärter)",0.1,g
3816,Kidneybönor röda bönor konserv. u. lag,Myristinsyra C14:0,"Baljväxter (bönor, linser och ärter)",0.0,g
3816,Kidneybönor röda bönor konserv. u. lag,Laurinsyra C12:0,"Baljväxter (bönor, linser och ärter)",0.0,g
3816,Kidneybönor röda bönor konserv. u. lag,Betakaroten/β-Karoten,"Baljväxter (bönor, linser och ärter)",0.0,µg
3816,Kidneybönor röda bönor konserv. u. lag,Avfall (skal etc.),"Baljväxter (bönor, linser och ärter)",0.0,%
3816,Kidneybönor röda bönor konserv. u. lag,Aska,"Baljväxter (bönor, linser och ärter)",1.5,g
3816,Kidneybönor röda bönor konserv. u. lag,Alkohol,"Baljväxter (bönor, linser och ärter)",0.0,g
3817,Svarta bönor konserv. u. lag,"Zink, Zn","Baljväxter (bönor, linser och ärter)",0.7,mg
3817,Svarta bönor konserv. u. lag,Vitamin E,"Baljväxter (bönor, linser och ärter)",0.1,mg
3817,Svarta bönor konserv. u. lag,Vitamin D inkl 25-OH-D3,"Baljväxter (bönor, linser och ärter)",0.0,µg
3817,Svarta bönor konserv. u. lag,Vitamin D,"Baljväxter (bönor, linser och ärter)",0.0,µg
3817,Svarta bönor konserv. u. lag,Vitamin C,"Baljväxter (bönor, linser och ärter)",0.0,mg
3817,Svarta bönor konserv. u. lag,Vitamin B6,"Baljväxter (bönor, linser och ärter)",0.05,mg
3817,Svarta bönor konserv. u. lag,Vitamin B12,"Baljväxter (bönor, linser och ärter)",0.0,µg
3817,Svarta bönor konserv. u. lag,Vitamin A,"Baljväxter (bönor, linser och ärter)",0.0,RE/µg
3817,Svarta bönor konserv. u. lag,Vatten,"Baljväxter (bönor, linser och ärter)",69.0,g
3817,Svarta bönor konserv. u. lag,Tiamin,"Baljväxter (bönor, linser och ärter)",0.08,mg
3817,Svarta bönor konserv. u. lag,Tillsatt socker,"Baljväxter (bönor, linser och ärter)",0.0,g
3817,Svarta bönor konserv. u. lag,Fritt socker,"Baljväxter (bönor, linser och ärter)",0.0,g
3817,Svarta bönor konserv. u. lag,"Selen, Se","Baljväxter (bönor, linser och ärter)",0.0,µg
3817,Svarta bönor konserv. u. lag,Sackaros,"Baljväxter (bönor, linser och ärter)",0.3,g
3817,Svarta bönor konserv. u. lag,Riboflavin,"Baljväxter (bönor, linser och ärter)",0.04,mg
3817,Svarta bönor konserv. u. lag,Retinol,"Baljväxter (bönor, linser och ärter)",0.0,µg
3817,Svarta bönor konserv. u. lag,Protein,"Baljväxter (bönor, linser och ärter)",8.1,g
3817,Svarta bönor konserv. u. lag,Summa fleromättade fettsyror,"Baljväxter (bönor, linser och ärter)",0.5,g
3817,Svarta bönor konserv. u. lag,"Fosfor, P","Baljväxter (bönor, linser och ärter)",91.0,mg
3817,Svarta bönor konserv. u. lag,Niacinekvivalenter,"Baljväxter (bönor, linser och ärter)",1.7,NE/mg
3817,Svarta bönor konserv. u. lag,Niacin,"Baljväxter (bönor, linser och ärter)",0.35,mg
3817,Svarta bönor konserv. u. lag,"Salt, NaCl","Baljväxter (bönor, linser och ärter)",0.6,g
3817,Svarta bönor konserv. u. lag,"Natrium, Na","Baljväxter (bönor, linser och ärter)",226.0,mg
3817,Svarta bönor konserv. u. lag,Monosackarider,"Baljväxter (bönor, linser och ärter)",0.0,g
3817,Svarta bönor konserv. u. lag,"Sockerarter, totalt","Baljväxter (bönor, linser och ärter)",0.3,g
3817,Svarta bönor konserv. u. lag,Summa enkelomättade fettsyror,"Baljväxter (bönor, linser och ärter)",0.1,g
3817,Svarta bönor konserv. u. lag,"Magnesium, Mg","Baljväxter (bönor, linser och ärter)",31.0,mg
3817,Svarta bönor konserv. u. lag,Summa mättade fettsyror,"Baljväxter (bönor, linser och ärter)",0.2,g
3817,Svarta bönor konserv. u. lag,"Kolhydrater, tillgängliga","Baljväxter (bönor, linser och ärter)",13.8,g
3817,Svarta bönor konserv. u. lag,Kolesterol,"Baljväxter (bönor, linser och ärter)",0.0,mg
3817,Svarta bönor konserv. u. lag,"Kalium, K","Baljväxter (bönor, linser och ärter)",218.0,mg
3817,Svarta bönor konserv. u. lag,"Jod, I","Baljväxter (bönor, linser och ärter)",1.4,µg
3817,Svarta bönor konserv. u. lag,Fullkorn totalt,"Baljväxter (bönor, linser och ärter)",0.0,g
3817,Svarta bönor konserv. u. lag,"Folat, totalt","Baljväxter (bönor, linser och ärter)",19.1,µg
3817,Svarta bönor konserv. u. lag,Fibrer,"Baljväxter (bönor, linser och ärter)",6.8,g
3817,Svarta bönor konserv. u. lag,"Fett, totalt","Baljväxter (bönor, linser och ärter)",1.0,g
3817,Svarta bönor konserv. u. lag,"Järn, Fe","Baljväxter (bönor, linser och ärter)",2.1,mg
3817,Svarta bönor konserv. u. lag,Energi (kJ),"Baljväxter (bönor, linser och ärter)",464.0,kJ
3817,Svarta bönor konserv. u. lag,Energi (kcal),"Baljväxter (bönor, linser och ärter)",111.0,kcal
3817,Svarta bönor konserv. u. lag,Disackarider,"Baljväxter (bönor, linser och ärter)",0.3,g
3817,Svarta bönor konserv. u. lag,"Kalcium, Ca","Baljväxter (bönor, linser och ärter)",75.0,mg
3817,Svarta bönor konserv. u. lag,Fettsyra 4:0-10:0,"Baljväxter (bönor, linser och ärter)",0.0,g
3817,Svarta bönor konserv. u. lag,DHA (C22:6),"Baljväxter (bönor, linser och ärter)",0.0,g
3817,Svarta bönor konserv. u. lag,DPA (C22:5),"Baljväxter (bönor, linser och ärter)",0.0,g
3817,Svarta bönor konserv. u. lag,EPA (C20:5),"Baljväxter (bönor, linser och ärter)",0.0,g
3817,Svarta bönor konserv. u. lag,Arakidonsyra C20:4,"Baljväxter (bönor, linser och ärter)",0.0,g
3817,Svarta bönor konserv. u. lag,Arakidinsyra C20:0,"Baljväxter (bönor, linser och ärter)",0.0,g
3817,Svarta bönor konserv. u. lag,Linolensyra C18:3,"Baljväxter (bönor, linser och ärter)",0.3,g
3817,Svarta bönor konserv. u. lag,Linolsyra C18:2,"Baljväxter (bönor, linser och ärter)",0.3,g
3817,Svarta bönor konserv. u. lag,Oljesyra C18:1,"Baljväxter (bönor, linser och ärter)",0.1,g
3817,Svarta bönor konserv. u. lag,Stearinsyra C18:0,"Baljväxter (bönor, linser och ärter)",0.0,g
3817,Svarta bönor konserv. u. lag,Palmitoljesyra C16:1,"Baljväxter (bönor, linser och ärter)",0.0,g
3817,Svarta bönor konserv. u. lag,Palmitinsyra C16:0,"Baljväxter (bönor, linser och ärter)",0.1,g
3817,Svarta bönor konserv. u. lag,Myristinsyra C14:0,"Baljväxter (bönor, linser och ärter)",0.0,g
3817,Svarta bönor konserv. u. lag,Laurinsyra C12:0,"Baljväxter (bönor, linser och ärter)",0.0,g
3817,Svarta bönor konserv. u. lag,Betakaroten/β-Karoten,"Baljväxter (bönor, linser och ärter)",0.0,µg
3817,Svarta bönor konserv. u. lag,Avfall (skal etc.),"Baljväxter (bönor, linser och ärter)",0.0,%
3817,Svarta bönor konserv. u. lag,Aska,"Baljväxter (bönor, linser och ärter)",1.3,g
3817,Svarta bönor konserv. u. lag,Alkohol,"Baljväxter (bönor, linser och ärter)",0.0,g
3818,Hamburgerbröd,"Zink, Zn",Mjukt bröd ,0.7,mg
3818,Hamburgerbröd,Vitamin E,Mjukt bröd ,1.0,mg
3818,Hamburgerbröd,Vitamin D inkl 25-OH-D3,Mjukt bröd ,0.0,µg
3818,Hamburgerbröd,Vitamin D,Mjukt bröd ,0.0,µg
3818,Hamburgerbröd,Vitamin C,Mjukt bröd ,0.0,mg
3818,Hamburgerbröd,Vitamin B6,Mjukt bröd ,0.05,mg
3818,Hamburgerbröd,Vitamin B12,Mjukt bröd ,0.0,µg
3818,Hamburgerbröd,Vitamin A,Mjukt bröd ,0.0,RE/µg
3818,Hamburgerbröd,Vatten,Mjukt bröd ,33.5,g
3818,Hamburgerbröd,Tiamin,Mjukt bröd ,0.11,mg
3818,Hamburgerbröd,Tillsatt socker,Mjukt bröd ,8.0,g
3818,Hamburgerbröd,Fritt socker,Mjukt bröd ,8.0,g
3818,Hamburgerbröd,"Selen, Se",Mjukt bröd ,1.6,µg
3818,Hamburgerbröd,Sackaros,Mjukt bröd ,0.1,g
3818,Hamburgerbröd,Riboflavin,Mjukt bröd ,0.05,mg
3818,Hamburgerbröd,Retinol,Mjukt bröd ,0.0,µg
3818,Hamburgerbröd,Protein,Mjukt bröd ,8.0,g
3818,Hamburgerbröd,Summa fleromättade fettsyror,Mjukt bröd ,1.6,g
3818,Hamburgerbröd,"Fosfor, P",Mjukt bröd ,85.0,mg
3818,Hamburgerbröd,Niacinekvivalenter,Mjukt bröd ,2.1,NE/mg
3818,Hamburgerbröd,Niacin,Mjukt bröd ,0.77,mg
3818,Hamburgerbröd,"Salt, NaCl",Mjukt bröd ,0.8,g
3818,Hamburgerbröd,"Natrium, Na",Mjukt bröd ,303.0,mg
3818,Hamburgerbröd,Monosackarider,Mjukt bröd ,4.5,g
3818,Hamburgerbröd,"Sockerarter, totalt",Mjukt bröd ,7.7,g
3818,Hamburgerbröd,Summa enkelomättade fettsyror,Mjukt bröd ,2.9,g
3818,Hamburgerbröd,"Magnesium, Mg",Mjukt bröd ,23.0,mg
3818,Hamburgerbröd,Summa mättade fettsyror,Mjukt bröd ,0.5,g
3818,Hamburgerbröd,"Kolhydrater, tillgängliga",Mjukt bröd ,47.0,g
3818,Hamburgerbröd,Kolesterol,Mjukt bröd ,0.0,mg
3818,Hamburgerbröd,"Kalium, K",Mjukt bröd ,116.0,mg
3818,Hamburgerbröd,"Jod, I",Mjukt bröd ,1.6,µg
3818,Hamburgerbröd,Fullkorn totalt,Mjukt bröd ,0.0,g
3818,Hamburgerbröd,"Folat, totalt",Mjukt bröd ,28.3,µg
3818,Hamburgerbröd,Fibrer,Mjukt bröd ,3.5,g
3818,Hamburgerbröd,"Fett, totalt",Mjukt bröd ,6.7,g
3818,Hamburgerbröd,"Järn, Fe",Mjukt bröd ,0.7,mg
3818,Hamburgerbröd,Energi (kJ),Mjukt bröd ,1213.0,kJ
3818,Hamburgerbröd,Energi (kcal),Mjukt bröd ,290.0,kcal
3818,Hamburgerbröd,Disackarider,Mjukt bröd ,3.2,g
3818,Hamburgerbröd,"Kalcium, Ca",Mjukt bröd ,37.0,mg
3818,Hamburgerbröd,Fettsyra 4:0-10:0,Mjukt bröd ,0.0,g
3818,Hamburgerbröd,DHA (C22:6),Mjukt bröd ,0.0,g
3818,Hamburgerbröd,DPA (C22:5),Mjukt bröd ,0.0,g
3818,Hamburgerbröd,EPA (C20:5),Mjukt bröd ,0.0,g
3818,Hamburgerbröd,Arakidonsyra C20:4,Mjukt bröd ,0.0,g
3818,Hamburgerbröd,Arakidinsyra C20:0,Mjukt bröd ,0.0,g
3818,Hamburgerbröd,Linolensyra C18:3,Mjukt bröd ,0.3,g
3818,Hamburgerbröd,Linolsyra C18:2,Mjukt bröd ,1.3,g
3818,Hamburgerbröd,Oljesyra C18:1,Mjukt bröd ,2.8,g
3818,Hamburgerbröd,Stearinsyra C18:0,Mjukt bröd ,0.1,g
3818,Hamburgerbröd,Palmitoljesyra C16:1,Mjukt bröd ,0.0,g
3818,Hamburgerbröd,Palmitinsyra C16:0,Mjukt bröd ,0.3,g
3818,Hamburgerbröd,Myristinsyra C14:0,Mjukt bröd ,0.0,g
3818,Hamburgerbröd,Laurinsyra C12:0,Mjukt bröd ,0.0,g
3818,Hamburgerbröd,Betakaroten/β-Karoten,Mjukt bröd ,0.0,µg
3818,Hamburgerbröd,Avfall (skal etc.),Mjukt bröd ,0.0,%
3818,Hamburgerbröd,Aska,Mjukt bröd ,1.1,g
3818,Hamburgerbröd,Alkohol,Mjukt bröd ,0.0,g
3819,Bröd vitt mjölk fibrer ca 4% typ tekaka,"Zink, Zn",Mjukt bröd ,0.8,mg
3819,Bröd vitt mjölk fibrer ca 4% typ tekaka,Vitamin E,Mjukt bröd ,0.6,mg
3819,Bröd vitt mjölk fibrer ca 4% typ tekaka,Vitamin D,Mjukt bröd ,0.3,µg
3819,Bröd vitt mjölk fibrer ca 4% typ tekaka,Vitamin C,Mjukt bröd ,0.0,mg
3819,Bröd vitt mjölk fibrer ca 4% typ tekaka,Vitamin B6,Mjukt bröd ,0.18,mg
3819,Bröd vitt mjölk fibrer ca 4% typ tekaka,Vitamin B12,Mjukt bröd ,0.16,µg
3819,Bröd vitt mjölk fibrer ca 4% typ tekaka,Vitamin A,Mjukt bröd ,32.8,RE/µg
3819,Bröd vitt mjölk fibrer ca 4% typ tekaka,Vatten,Mjukt bröd ,31.2,g
3819,Bröd vitt mjölk fibrer ca 4% typ tekaka,Tiamin,Mjukt bröd ,0.22,mg
3819,Bröd vitt mjölk fibrer ca 4% typ tekaka,Tillsatt socker,Mjukt bröd ,6.0,g
3819,Bröd vitt mjölk fibrer ca 4% typ tekaka,Fritt socker,Mjukt bröd ,6.0,g
3819,Bröd vitt mjölk fibrer ca 4% typ tekaka,"Selen, Se",Mjukt bröd ,1.4,µg
3819,Bröd vitt mjölk fibrer ca 4% typ tekaka,Sackaros,Mjukt bröd ,0.0,g
3819,Bröd vitt mjölk fibrer ca 4% typ tekaka,Riboflavin,Mjukt bröd ,0.14,mg
3819,Bröd vitt mjölk fibrer ca 4% typ tekaka,Retinol,Mjukt bröd ,32.8,µg
3819,Bröd vitt mjölk fibrer ca 4% typ tekaka,Protein,Mjukt bröd ,8.1,g
3819,Bröd vitt mjölk fibrer ca 4% typ tekaka,Summa fleromättade fettsyror,Mjukt bröd ,0.8,g
3819,Bröd vitt mjölk fibrer ca 4% typ tekaka,"Fosfor, P",Mjukt bröd ,104.0,mg
3819,Bröd vitt mjölk fibrer ca 4% typ tekaka,Niacinekvivalenter,Mjukt bröd ,3.75,NE/mg
3819,Bröd vitt mjölk fibrer ca 4% typ tekaka,Niacin,Mjukt bröd ,2.4,mg
3819,Bröd vitt mjölk fibrer ca 4% typ tekaka,"Salt, NaCl",Mjukt bröd ,0.7,g
3819,Bröd vitt mjölk fibrer ca 4% typ tekaka,"Natrium, Na",Mjukt bröd ,267.0,mg
3819,Bröd vitt mjölk fibrer ca 4% typ tekaka,Monosackarider,Mjukt bröd ,4.2,g
3819,Bröd vitt mjölk fibrer ca 4% typ tekaka,"Sockerarter, totalt",Mjukt bröd ,6.0,g
3819,Bröd vitt mjölk fibrer ca 4% typ tekaka,Summa enkelomättade fettsyror,Mjukt bröd ,1.2,g
3819,Bröd vitt mjölk fibrer ca 4% typ tekaka,"Magnesium, Mg",Mjukt bröd ,20.0,mg
3819,Bröd vitt mjölk fibrer ca 4% typ tekaka,Summa mättade fettsyror,Mjukt bröd ,0.8,g
3819,Bröd vitt mjölk fibrer ca 4% typ tekaka,"Kolhydrater, tillgängliga",Mjukt bröd ,51.2,g
3819,Bröd vitt mjölk fibrer ca 4% typ tekaka,Kolesterol,Mjukt bröd ,0.8,mg
3819,Bröd vitt mjölk fibrer ca 4% typ tekaka,"Kalium, K",Mjukt bröd ,138.0,mg
3819,Bröd vitt mjölk fibrer ca 4% typ tekaka,"Jod, I",Mjukt bröd ,2.5,µg
3819,Bröd vitt mjölk fibrer ca 4% typ tekaka,Fullkorn totalt,Mjukt bröd ,0.0,g
3819,Bröd vitt mjölk fibrer ca 4% typ tekaka,"Folat, totalt",Mjukt bröd ,32.8,µg
3819,Bröd vitt mjölk fibrer ca 4% typ tekaka,Fibrer,Mjukt bröd ,4.2,g
3819,Bröd vitt mjölk fibrer ca 4% typ tekaka,"Fett, totalt",Mjukt bröd ,4.1,g
3819,Bröd vitt mjölk fibrer ca 4% typ tekaka,"Järn, Fe",Mjukt bröd ,0.8,mg
3819,Bröd vitt mjölk fibrer ca 4% typ tekaka,Energi (kJ),Mjukt bröd ,1194.0,kJ
3819,Bröd vitt mjölk fibrer ca 4% typ tekaka,Energi (kcal),Mjukt bröd ,285.0,kcal
3819,Bröd vitt mjölk fibrer ca 4% typ tekaka,Disackarider,Mjukt bröd ,1.8,g
3819,Bröd vitt mjölk fibrer ca 4% typ tekaka,"Kalcium, Ca",Mjukt bröd ,35.0,mg
3819,Bröd vitt mjölk fibrer ca 4% typ tekaka,Fettsyra 4:0-10:0,Mjukt bröd ,0.0,g
3819,Bröd vitt mjölk fibrer ca 4% typ tekaka,DHA (C22:6),Mjukt bröd ,0.0,g
3819,Bröd vitt mjölk fibrer ca 4% typ tekaka,DPA (C22:5),Mjukt bröd ,0.0,g
3819,Bröd vitt mjölk fibrer ca 4% typ tekaka,EPA (C20:5),Mjukt bröd ,0.0,g
3819,Bröd vitt mjölk fibrer ca 4% typ tekaka,Arakidonsyra C20:4,Mjukt bröd ,0.0,g
3819,Bröd vitt mjölk fibrer ca 4% typ tekaka,Arakidinsyra C20:0,Mjukt bröd ,0.0,g
3819,Bröd vitt mjölk fibrer ca 4% typ tekaka,Linolensyra C18:3,Mjukt bröd ,0.1,g
3819,Bröd vitt mjölk fibrer ca 4% typ tekaka,Linolsyra C18:2,Mjukt bröd ,0.7,g
3819,Bröd vitt mjölk fibrer ca 4% typ tekaka,Oljesyra C18:1,Mjukt bröd ,1.2,g
3819,Bröd vitt mjölk fibrer ca 4% typ tekaka,Stearinsyra C18:0,Mjukt bröd ,0.1,g
3819,Bröd vitt mjölk fibrer ca 4% typ tekaka,Palmitoljesyra C16:1,Mjukt bröd ,0.0,g
3819,Bröd vitt mjölk fibrer ca 4% typ tekaka,Palmitinsyra C16:0,Mjukt bröd ,0.6,g
3819,Bröd vitt mjölk fibrer ca 4% typ tekaka,Myristinsyra C14:0,Mjukt bröd ,0.0,g
3819,Bröd vitt mjölk fibrer ca 4% typ tekaka,Laurinsyra C12:0,Mjukt bröd ,0.0,g
3819,Bröd vitt mjölk fibrer ca 4% typ tekaka,Betakaroten/β-Karoten,Mjukt bröd ,0.0,µg
3819,Bröd vitt mjölk fibrer ca 4% typ tekaka,Avfall (skal etc.),Mjukt bröd ,0.0,%
3819,Bröd vitt mjölk fibrer ca 4% typ tekaka,Aska,Mjukt bröd ,1.2,g
3819,Bröd vitt mjölk fibrer ca 4% typ tekaka,Alkohol,Mjukt bröd ,0.0,g
3820,Bruna bönor rullpack kylvara,"Zink, Zn",Grönsaks- rotfrukts- baljväxträtter o produkter,0.6,mg
3820,Bruna bönor rullpack kylvara,Vitamin E,Grönsaks- rotfrukts- baljväxträtter o produkter,0.0,mg
3820,Bruna bönor rullpack kylvara,Vitamin D inkl 25-OH-D3,Grönsaks- rotfrukts- baljväxträtter o produkter,0.0,µg
3820,Bruna bönor rullpack kylvara,Vitamin D,Grönsaks- rotfrukts- baljväxträtter o produkter,0.0,µg
3820,Bruna bönor rullpack kylvara,Vitamin C,Grönsaks- rotfrukts- baljväxträtter o produkter,0.0,mg
3820,Bruna bönor rullpack kylvara,Vitamin B6,Grönsaks- rotfrukts- baljväxträtter o produkter,0.05,mg
3820,Bruna bönor rullpack kylvara,Vitamin B12,Grönsaks- rotfrukts- baljväxträtter o produkter,0.0,µg
3820,Bruna bönor rullpack kylvara,Vitamin A,Grönsaks- rotfrukts- baljväxträtter o produkter,0.0,RE/µg
3820,Bruna bönor rullpack kylvara,Vatten,Grönsaks- rotfrukts- baljväxträtter o produkter,72.2,g
3820,Bruna bönor rullpack kylvara,Tiamin,Grönsaks- rotfrukts- baljväxträtter o produkter,0.06,mg
3820,Bruna bönor rullpack kylvara,Tillsatt socker,Grönsaks- rotfrukts- baljväxträtter o produkter,5.0,g
3820,Bruna bönor rullpack kylvara,Fritt socker,Grönsaks- rotfrukts- baljväxträtter o produkter,5.0,g
3820,Bruna bönor rullpack kylvara,"Selen, Se",Grönsaks- rotfrukts- baljväxträtter o produkter,0.0,µg
3820,Bruna bönor rullpack kylvara,Sackaros,Grönsaks- rotfrukts- baljväxträtter o produkter,2.0,g
3820,Bruna bönor rullpack kylvara,Riboflavin,Grönsaks- rotfrukts- baljväxträtter o produkter,0.04,mg
3820,Bruna bönor rullpack kylvara,Retinol,Grönsaks- rotfrukts- baljväxträtter o produkter,0.0,µg
3820,Bruna bönor rullpack kylvara,Protein,Grönsaks- rotfrukts- baljväxträtter o produkter,4.4,g
3820,Bruna bönor rullpack kylvara,Summa fleromättade fettsyror,Grönsaks- rotfrukts- baljväxträtter o produkter,0.3,g
3820,Bruna bönor rullpack kylvara,"Fosfor, P",Grönsaks- rotfrukts- baljväxträtter o produkter,86.0,mg
3820,Bruna bönor rullpack kylvara,Niacinekvivalenter,Grönsaks- rotfrukts- baljväxträtter o produkter,1.2,NE/mg
3820,Bruna bönor rullpack kylvara,Niacin,Grönsaks- rotfrukts- baljväxträtter o produkter,0.5,mg
3820,Bruna bönor rullpack kylvara,"Salt, NaCl",Grönsaks- rotfrukts- baljväxträtter o produkter,2.3,g
3820,Bruna bönor rullpack kylvara,"Natrium, Na",Grönsaks- rotfrukts- baljväxträtter o produkter,906.0,mg
3820,Bruna bönor rullpack kylvara,Monosackarider,Grönsaks- rotfrukts- baljväxträtter o produkter,2.8,g
3820,Bruna bönor rullpack kylvara,"Sockerarter, totalt",Grönsaks- rotfrukts- baljväxträtter o produkter,4.9,g
3820,Bruna bönor rullpack kylvara,Summa enkelomättade fettsyror,Grönsaks- rotfrukts- baljväxträtter o produkter,0.0,g
3820,Bruna bönor rullpack kylvara,"Magnesium, Mg",Grönsaks- rotfrukts- baljväxträtter o produkter,31.0,mg
3820,Bruna bönor rullpack kylvara,Summa mättade fettsyror,Grönsaks- rotfrukts- baljväxträtter o produkter,0.1,g
3820,Bruna bönor rullpack kylvara,"Kolhydrater, tillgängliga",Grönsaks- rotfrukts- baljväxträtter o produkter,15.0,g
3820,Bruna bönor rullpack kylvara,Kolesterol,Grönsaks- rotfrukts- baljväxträtter o produkter,0.0,mg
3820,Bruna bönor rullpack kylvara,"Kalium, K",Grönsaks- rotfrukts- baljväxträtter o produkter,200.0,mg
3820,Bruna bönor rullpack kylvara,"Jod, I",Grönsaks- rotfrukts- baljväxträtter o produkter,1.2,µg
3820,Bruna bönor rullpack kylvara,Fullkorn totalt,Grönsaks- rotfrukts- baljväxträtter o produkter,0.0,g
3820,Bruna bönor rullpack kylvara,"Folat, totalt",Grönsaks- rotfrukts- baljväxträtter o produkter,36.5,µg
3820,Bruna bönor rullpack kylvara,Fibrer,Grönsaks- rotfrukts- baljväxträtter o produkter,6.4,g
3820,Bruna bönor rullpack kylvara,"Fett, totalt",Grönsaks- rotfrukts- baljväxträtter o produkter,0.5,g
3820,Bruna bönor rullpack kylvara,"Järn, Fe",Grönsaks- rotfrukts- baljväxträtter o produkter,1.6,mg
3820,Bruna bönor rullpack kylvara,Energi (kJ),Grönsaks- rotfrukts- baljväxträtter o produkter,399.0,kJ
3820,Bruna bönor rullpack kylvara,Energi (kcal),Grönsaks- rotfrukts- baljväxträtter o produkter,95.0,kcal
3820,Bruna bönor rullpack kylvara,Disackarider,Grönsaks- rotfrukts- baljväxträtter o produkter,2.0,g
3820,Bruna bönor rullpack kylvara,"Kalcium, Ca",Grönsaks- rotfrukts- baljväxträtter o produkter,21.0,mg
3820,Bruna bönor rullpack kylvara,Fettsyra 4:0-10:0,Grönsaks- rotfrukts- baljväxträtter o produkter,0.0,g
3820,Bruna bönor rullpack kylvara,DHA (C22:6),Grönsaks- rotfrukts- baljväxträtter o produkter,0.0,g
3820,Bruna bönor rullpack kylvara,DPA (C22:5),Grönsaks- rotfrukts- baljväxträtter o produkter,0.0,g
3820,Bruna bönor rullpack kylvara,EPA (C20:5),Grönsaks- rotfrukts- baljväxträtter o produkter,0.0,g
3820,Bruna bönor rullpack kylvara,Arakidonsyra C20:4,Grönsaks- rotfrukts- baljväxträtter o produkter,0.0,g
3820,Bruna bönor rullpack kylvara,Arakidinsyra C20:0,Grönsaks- rotfrukts- baljväxträtter o produkter,0.0,g
3820,Bruna bönor rullpack kylvara,Linolensyra C18:3,Grönsaks- rotfrukts- baljväxträtter o produkter,0.2,g
3820,Bruna bönor rullpack kylvara,Linolsyra C18:2,Grönsaks- rotfrukts- baljväxträtter o produkter,0.1,g
3820,Bruna bönor rullpack kylvara,Oljesyra C18:1,Grönsaks- rotfrukts- baljväxträtter o produkter,0.0,g
3820,Bruna bönor rullpack kylvara,Stearinsyra C18:0,Grönsaks- rotfrukts- baljväxträtter o produkter,0.0,g
3820,Bruna bönor rullpack kylvara,Palmitoljesyra C16:1,Grönsaks- rotfrukts- baljväxträtter o produkter,0.0,g
3820,Bruna bönor rullpack kylvara,Palmitinsyra C16:0,Grönsaks- rotfrukts- baljväxträtter o produkter,0.1,g
3820,Bruna bönor rullpack kylvara,Myristinsyra C14:0,Grönsaks- rotfrukts- baljväxträtter o produkter,0.0,g
3820,Bruna bönor rullpack kylvara,Laurinsyra C12:0,Grönsaks- rotfrukts- baljväxträtter o produkter,0.0,g
3820,Bruna bönor rullpack kylvara,Betakaroten/β-Karoten,Grönsaks- rotfrukts- baljväxträtter o produkter,0.0,µg
3820,Bruna bönor rullpack kylvara,Avfall (skal etc.),Grönsaks- rotfrukts- baljväxträtter o produkter,0.0,%
3820,Bruna bönor rullpack kylvara,Aska,Grönsaks- rotfrukts- baljväxträtter o produkter,1.5,g
3820,Bruna bönor rullpack kylvara,Alkohol,Grönsaks- rotfrukts- baljväxträtter o produkter,0.0,g
3821,Gröna linser torkade kokta m. salt,"Zink, Zn","Baljväxter (bönor, linser och ärter)",1.4,mg
3821,Gröna linser torkade kokta m. salt,Vitamin E,"Baljväxter (bönor, linser och ärter)",0.4,mg
3821,Gröna linser torkade kokta m. salt,Vitamin D inkl 25-OH-D3,"Baljväxter (bönor, linser och ärter)",0.0,µg
3821,Gröna linser torkade kokta m. salt,Vitamin D,"Baljväxter (bönor, linser och ärter)",0.0,µg
3821,Gröna linser torkade kokta m. salt,Vitamin C,"Baljväxter (bönor, linser och ärter)",0.0,mg
3821,Gröna linser torkade kokta m. salt,Vitamin B6,"Baljväxter (bönor, linser och ärter)",0.2,mg
3821,Gröna linser torkade kokta m. salt,Vitamin B12,"Baljväxter (bönor, linser och ärter)",0.0,µg
3821,Gröna linser torkade kokta m. salt,Vitamin A,"Baljväxter (bönor, linser och ärter)",0.9,RE/µg
3821,Gröna linser torkade kokta m. salt,Vatten,"Baljväxter (bönor, linser och ärter)",62.9,g
3821,Gröna linser torkade kokta m. salt,Tiamin,"Baljväxter (bönor, linser och ärter)",0.1,mg
3821,Gröna linser torkade kokta m. salt,Tillsatt socker,"Baljväxter (bönor, linser och ärter)",0.0,g
3821,Gröna linser torkade kokta m. salt,Fritt socker,"Baljväxter (bönor, linser och ärter)",0.0,g
3821,Gröna linser torkade kokta m. salt,"Selen, Se","Baljväxter (bönor, linser och ärter)",36.8,µg
3821,Gröna linser torkade kokta m. salt,Sackaros,"Baljväxter (bönor, linser och ärter)",0.4,g
3821,Gröna linser torkade kokta m. salt,Riboflavin,"Baljväxter (bönor, linser och ärter)",0.07,mg
3821,Gröna linser torkade kokta m. salt,Retinol,"Baljväxter (bönor, linser och ärter)",0.0,µg
3821,Gröna linser torkade kokta m. salt,Protein,"Baljväxter (bönor, linser och ärter)",9.4,g
3821,Gröna linser torkade kokta m. salt,Summa fleromättade fettsyror,"Baljväxter (bönor, linser och ärter)",0.3,g
3821,Gröna linser torkade kokta m. salt,"Fosfor, P","Baljväxter (bönor, linser och ärter)",156.0,mg
3821,Gröna linser torkade kokta m. salt,Niacinekvivalenter,"Baljväxter (bönor, linser och ärter)",2.4,NE/mg
3821,Gröna linser torkade kokta m. salt,Niacin,"Baljväxter (bönor, linser och ärter)",0.81,mg
3821,Gröna linser torkade kokta m. salt,"Salt, NaCl","Baljväxter (bönor, linser och ärter)",0.6,g
3821,Gröna linser torkade kokta m. salt,"Natrium, Na","Baljväxter (bönor, linser och ärter)",243.0,mg
3821,Gröna linser torkade kokta m. salt,Monosackarider,"Baljväxter (bönor, linser och ärter)",0.0,g
3821,Gröna linser torkade kokta m. salt,"Sockerarter, totalt","Baljväxter (bönor, linser och ärter)",0.5,g
3821,Gröna linser torkade kokta m. salt,Summa enkelomättade fettsyror,"Baljväxter (bönor, linser och ärter)",0.2,g
3821,Gröna linser torkade kokta m. salt,"Magnesium, Mg","Baljväxter (bönor, linser och ärter)",48.0,mg
3821,Gröna linser torkade kokta m. salt,Summa mättade fettsyror,"Baljväxter (bönor, linser och ärter)",0.1,g
3821,Gröna linser torkade kokta m. salt,"Kolhydrater, tillgängliga","Baljväxter (bönor, linser och ärter)",15.9,g
3821,Gröna linser torkade kokta m. salt,Kolesterol,"Baljväxter (bönor, linser och ärter)",0.0,mg
3821,Gröna linser torkade kokta m. salt,"Kalium, K","Baljväxter (bönor, linser och ärter)",360.0,mg
3821,Gröna linser torkade kokta m. salt,"Jod, I","Baljväxter (bönor, linser och ärter)",34.0,µg
3821,Gröna linser torkade kokta m. salt,Fullkorn totalt,"Baljväxter (bönor, linser och ärter)",0.0,g
3821,Gröna linser torkade kokta m. salt,"Folat, totalt","Baljväxter (bönor, linser och ärter)",40.2,µg
3821,Gröna linser torkade kokta m. salt,Fibrer,"Baljväxter (bönor, linser och ärter)",9.6,g
3821,Gröna linser torkade kokta m. salt,"Fett, totalt","Baljväxter (bönor, linser och ärter)",0.7,g
3821,Gröna linser torkade kokta m. salt,"Järn, Fe","Baljväxter (bönor, linser och ärter)",3.2,mg
3821,Gröna linser torkade kokta m. salt,Energi (kJ),"Baljväxter (bönor, linser och ärter)",532.0,kJ
3821,Gröna linser torkade kokta m. salt,Energi (kcal),"Baljväxter (bönor, linser och ärter)",127.0,kcal
3821,Gröna linser torkade kokta m. salt,Disackarider,"Baljväxter (bönor, linser och ärter)",0.5,g
3821,Gröna linser torkade kokta m. salt,"Kalcium, Ca","Baljväxter (bönor, linser och ärter)",26.0,mg
3821,Gröna linser torkade kokta m. salt,Fettsyra 4:0-10:0,"Baljväxter (bönor, linser och ärter)",0.0,g
3821,Gröna linser torkade kokta m. salt,DHA (C22:6),"Baljväxter (bönor, linser och ärter)",0.0,g
3821,Gröna linser torkade kokta m. salt,DPA (C22:5),"Baljväxter (bönor, linser och ärter)",0.0,g
3821,Gröna linser torkade kokta m. salt,EPA (C20:5),"Baljväxter (bönor, linser och ärter)",0.0,g
3821,Gröna linser torkade kokta m. salt,Arakidonsyra C20:4,"Baljväxter (bönor, linser och ärter)",0.0,g
3821,Gröna linser torkade kokta m. salt,Arakidinsyra C20:0,"Baljväxter (bönor, linser och ärter)",0.0,g
3821,Gröna linser torkade kokta m. salt,Linolensyra C18:3,"Baljväxter (bönor, linser och ärter)",0.0,g
3821,Gröna linser torkade kokta m. salt,Linolsyra C18:2,"Baljväxter (bönor, linser och ärter)",0.2,g
3821,Gröna linser torkade kokta m. salt,Oljesyra C18:1,"Baljväxter (bönor, linser och ärter)",0.2,g
3821,Gröna linser torkade kokta m. salt,Stearinsyra C18:0,"Baljväxter (bönor, linser och ärter)",0.0,g
3821,Gröna linser torkade kokta m. salt,Palmitoljesyra C16:1,"Baljväxter (bönor, linser och ärter)",0.0,g
3821,Gröna linser torkade kokta m. salt,Palmitinsyra C16:0,"Baljväxter (bönor, linser och ärter)",0.1,g
3821,Gröna linser torkade kokta m. salt,Myristinsyra C14:0,"Baljväxter (bönor, linser och ärter)",0.0,g
3821,Gröna linser torkade kokta m. salt,Laurinsyra C12:0,"Baljväxter (bönor, linser och ärter)",0.0,g
3821,Gröna linser torkade kokta m. salt,Betakaroten/β-Karoten,"Baljväxter (bönor, linser och ärter)",11.0,µg
3821,Gröna linser torkade kokta m. salt,Avfall (skal etc.),"Baljväxter (bönor, linser och ärter)",0.0,%
3821,Gröna linser torkade kokta m. salt,Aska,"Baljväxter (bönor, linser och ärter)",1.5,g
3821,Gröna linser torkade kokta m. salt,Alkohol,"Baljväxter (bönor, linser och ärter)",0.0,g
3822,Röda linser torkade kokta m. salt,"Zink, Zn","Baljväxter (bönor, linser och ärter)",1.8,mg
3822,Röda linser torkade kokta m. salt,Vitamin E,"Baljväxter (bönor, linser och ärter)",0.2,mg
3822,Röda linser torkade kokta m. salt,Vitamin D inkl 25-OH-D3,"Baljväxter (bönor, linser och ärter)",0.0,µg
3822,Röda linser torkade kokta m. salt,Vitamin D,"Baljväxter (bönor, linser och ärter)",0.0,µg
3822,Röda linser torkade kokta m. salt,Vitamin C,"Baljväxter (bönor, linser och ärter)",0.0,mg
3822,Röda linser torkade kokta m. salt,Vitamin B6,"Baljväxter (bönor, linser och ärter)",0.16,mg
3822,Röda linser torkade kokta m. salt,Vitamin B12,"Baljväxter (bönor, linser och ärter)",0.0,µg
3822,Röda linser torkade kokta m. salt,Vitamin A,"Baljväxter (bönor, linser och ärter)",0.9,RE/µg
3822,Röda linser torkade kokta m. salt,Vatten,"Baljväxter (bönor, linser och ärter)",63.7,g
3822,Röda linser torkade kokta m. salt,Tiamin,"Baljväxter (bönor, linser och ärter)",0.24,mg
3822,Röda linser torkade kokta m. salt,Tillsatt socker,"Baljväxter (bönor, linser och ärter)",0.0,g
3822,Röda linser torkade kokta m. salt,Fritt socker,"Baljväxter (bönor, linser och ärter)",0.0,g
3822,Röda linser torkade kokta m. salt,"Selen, Se","Baljväxter (bönor, linser och ärter)",7.0,µg
3822,Röda linser torkade kokta m. salt,Sackaros,"Baljväxter (bönor, linser och ärter)",0.4,g
3822,Röda linser torkade kokta m. salt,Riboflavin,"Baljväxter (bönor, linser och ärter)",0.06,mg
3822,Röda linser torkade kokta m. salt,Retinol,"Baljväxter (bönor, linser och ärter)",0.0,µg
3822,Röda linser torkade kokta m. salt,Protein,"Baljväxter (bönor, linser och ärter)",10.6,g
3822,Röda linser torkade kokta m. salt,Summa fleromättade fettsyror,"Baljväxter (bönor, linser och ärter)",0.3,g
3822,Röda linser torkade kokta m. salt,"Fosfor, P","Baljväxter (bönor, linser och ärter)",147.0,mg
3822,Röda linser torkade kokta m. salt,Niacinekvivalenter,"Baljväxter (bönor, linser och ärter)",2.6,NE/mg
3822,Röda linser torkade kokta m. salt,Niacin,"Baljväxter (bönor, linser och ärter)",0.87,mg
3822,Röda linser torkade kokta m. salt,"Salt, NaCl","Baljväxter (bönor, linser och ärter)",0.6,g
3822,Röda linser torkade kokta m. salt,"Natrium, Na","Baljväxter (bönor, linser och ärter)",219.0,mg
3822,Röda linser torkade kokta m. salt,Monosackarider,"Baljväxter (bönor, linser och ärter)",0.1,g
3822,Röda linser torkade kokta m. salt,"Sockerarter, totalt","Baljväxter (bönor, linser och ärter)",0.6,g
3822,Röda linser torkade kokta m. salt,Summa enkelomättade fettsyror,"Baljväxter (bönor, linser och ärter)",0.1,g
3822,Röda linser torkade kokta m. salt,"Magnesium, Mg","Baljväxter (bönor, linser och ärter)",32.0,mg
3822,Röda linser torkade kokta m. salt,Summa mättade fettsyror,"Baljväxter (bönor, linser och ärter)",0.1,g
3822,Röda linser torkade kokta m. salt,"Kolhydrater, tillgängliga","Baljväxter (bönor, linser och ärter)",14.6,g
3822,Röda linser torkade kokta m. salt,Kolesterol,"Baljväxter (bönor, linser och ärter)",0.0,mg
3822,Röda linser torkade kokta m. salt,"Kalium, K","Baljväxter (bönor, linser och ärter)",349.0,mg
3822,Röda linser torkade kokta m. salt,"Jod, I","Baljväxter (bönor, linser och ärter)",33.0,µg
3822,Röda linser torkade kokta m. salt,Fullkorn totalt,"Baljväxter (bönor, linser och ärter)",0.0,g
3822,Röda linser torkade kokta m. salt,"Folat, totalt","Baljväxter (bönor, linser och ärter)",72.7,µg
3822,Röda linser torkade kokta m. salt,Fibrer,"Baljväxter (bönor, linser och ärter)",9.1,g
3822,Röda linser torkade kokta m. salt,"Fett, totalt","Baljväxter (bönor, linser och ärter)",0.6,g
3822,Röda linser torkade kokta m. salt,"Järn, Fe","Baljväxter (bönor, linser och ärter)",2.7,mg
3822,Röda linser torkade kokta m. salt,Energi (kJ),"Baljväxter (bönor, linser och ärter)",524.0,kJ
3822,Röda linser torkade kokta m. salt,Energi (kcal),"Baljväxter (bönor, linser och ärter)",125.0,kcal
3822,Röda linser torkade kokta m. salt,Disackarider,"Baljväxter (bönor, linser och ärter)",0.5,g
3822,Röda linser torkade kokta m. salt,"Kalcium, Ca","Baljväxter (bönor, linser och ärter)",10.0,mg
3822,Röda linser torkade kokta m. salt,Fettsyra 4:0-10:0,"Baljväxter (bönor, linser och ärter)",0.0,g
3822,Röda linser torkade kokta m. salt,DHA (C22:6),"Baljväxter (bönor, linser och ärter)",0.0,g
3822,Röda linser torkade kokta m. salt,DPA (C22:5),"Baljväxter (bönor, linser och ärter)",0.0,g
3822,Röda linser torkade kokta m. salt,EPA (C20:5),"Baljväxter (bönor, linser och ärter)",0.0,g
3822,Röda linser torkade kokta m. salt,Arakidonsyra C20:4,"Baljväxter (bönor, linser och ärter)",0.0,g
3822,Röda linser torkade kokta m. salt,Arakidinsyra C20:0,"Baljväxter (bönor, linser och ärter)",0.0,g
3822,Röda linser torkade kokta m. salt,Linolensyra C18:3,"Baljväxter (bönor, linser och ärter)",0.0,g
3822,Röda linser torkade kokta m. salt,Linolsyra C18:2,"Baljväxter (bönor, linser och ärter)",0.2,g
3822,Röda linser torkade kokta m. salt,Oljesyra C18:1,"Baljväxter (bönor, linser och ärter)",0.1,g
3822,Röda linser torkade kokta m. salt,Stearinsyra C18:0,"Baljväxter (bönor, linser och ärter)",0.0,g
3822,Röda linser torkade kokta m. salt,Palmitoljesyra C16:1,"Baljväxter (bönor, linser och ärter)",0.0,g
3822,Röda linser torkade kokta m. salt,Palmitinsyra C16:0,"Baljväxter (bönor, linser och ärter)",0.1,g
3822,Röda linser torkade kokta m. salt,Myristinsyra C14:0,"Baljväxter (bönor, linser och ärter)",0.0,g
3822,Röda linser torkade kokta m. salt,Laurinsyra C12:0,"Baljväxter (bönor, linser och ärter)",0.0,g
3822,Röda linser torkade kokta m. salt,Betakaroten/β-Karoten,"Baljväxter (bönor, linser och ärter)",11.0,µg
3822,Röda linser torkade kokta m. salt,Avfall (skal etc.),"Baljväxter (bönor, linser och ärter)",0.0,%
3822,Röda linser torkade kokta m. salt,Aska,"Baljväxter (bönor, linser och ärter)",1.4,g
3822,Röda linser torkade kokta m. salt,Alkohol,"Baljväxter (bönor, linser och ärter)",0.0,g
3823,Röda linser konserv. u. lag,"Zink, Zn","Baljväxter (bönor, linser och ärter)",0.4,mg
3823,Röda linser konserv. u. lag,Vitamin E,"Baljväxter (bönor, linser och ärter)",0.3,mg
3823,Röda linser konserv. u. lag,Vitamin D inkl 25-OH-D3,"Baljväxter (bönor, linser och ärter)",0.0,µg
3823,Röda linser konserv. u. lag,Vitamin D,"Baljväxter (bönor, linser och ärter)",0.0,µg
3823,Röda linser konserv. u. lag,Vitamin C,"Baljväxter (bönor, linser och ärter)",0.0,mg
3823,Röda linser konserv. u. lag,Vitamin B6,"Baljväxter (bönor, linser och ärter)",0.09,mg
3823,Röda linser konserv. u. lag,Vitamin B12,"Baljväxter (bönor, linser och ärter)",0.0,µg
3823,Röda linser konserv. u. lag,Vitamin A,"Baljväxter (bönor, linser och ärter)",0.8,RE/µg
3823,Röda linser konserv. u. lag,Vatten,"Baljväxter (bönor, linser och ärter)",75.7,g
3823,Röda linser konserv. u. lag,Tiamin,"Baljväxter (bönor, linser och ärter)",0.04,mg
3823,Röda linser konserv. u. lag,Tillsatt socker,"Baljväxter (bönor, linser och ärter)",0.0,g
3823,Röda linser konserv. u. lag,Fritt socker,"Baljväxter (bönor, linser och ärter)",0.0,g
3823,Röda linser konserv. u. lag,"Selen, Se","Baljväxter (bönor, linser och ärter)",20.5,µg
3823,Röda linser konserv. u. lag,Sackaros,"Baljväxter (bönor, linser och ärter)",0.2,g
3823,Röda linser konserv. u. lag,Riboflavin,"Baljväxter (bönor, linser och ärter)",0.03,mg
3823,Röda linser konserv. u. lag,Retinol,"Baljväxter (bönor, linser och ärter)",0.0,µg
3823,Röda linser konserv. u. lag,Protein,"Baljväxter (bönor, linser och ärter)",6.9,g
3823,Röda linser konserv. u. lag,Summa fleromättade fettsyror,"Baljväxter (bönor, linser och ärter)",0.2,g
3823,Röda linser konserv. u. lag,"Fosfor, P","Baljväxter (bönor, linser och ärter)",71.0,mg
3823,Röda linser konserv. u. lag,Niacinekvivalenter,"Baljväxter (bönor, linser och ärter)",1.5,NE/mg
3823,Röda linser konserv. u. lag,Niacin,"Baljväxter (bönor, linser och ärter)",0.35,mg
3823,Röda linser konserv. u. lag,"Salt, NaCl","Baljväxter (bönor, linser och ärter)",0.6,g
3823,Röda linser konserv. u. lag,"Natrium, Na","Baljväxter (bönor, linser och ärter)",230.0,mg
3823,Röda linser konserv. u. lag,Monosackarider,"Baljväxter (bönor, linser och ärter)",0.0,g
3823,Röda linser konserv. u. lag,"Sockerarter, totalt","Baljväxter (bönor, linser och ärter)",0.2,g
3823,Röda linser konserv. u. lag,Summa enkelomättade fettsyror,"Baljväxter (bönor, linser och ärter)",0.1,g
3823,Röda linser konserv. u. lag,"Magnesium, Mg","Baljväxter (bönor, linser och ärter)",18.0,mg
3823,Röda linser konserv. u. lag,Summa mättade fettsyror,"Baljväxter (bönor, linser och ärter)",0.1,g
3823,Röda linser konserv. u. lag,"Kolhydrater, tillgängliga","Baljväxter (bönor, linser och ärter)",11.9,g
3823,Röda linser konserv. u. lag,Kolesterol,"Baljväxter (bönor, linser och ärter)",0.0,mg
3823,Röda linser konserv. u. lag,"Kalium, K","Baljväxter (bönor, linser och ärter)",119.0,mg
3823,Röda linser konserv. u. lag,"Jod, I","Baljväxter (bönor, linser och ärter)",2.3,µg
3823,Röda linser konserv. u. lag,Fullkorn totalt,"Baljväxter (bönor, linser och ärter)",0.0,g
3823,Röda linser konserv. u. lag,"Folat, totalt","Baljväxter (bönor, linser och ärter)",21.3,µg
3823,Röda linser konserv. u. lag,Fibrer,"Baljväxter (bönor, linser och ärter)",4.1,g
3823,Röda linser konserv. u. lag,"Fett, totalt","Baljväxter (bönor, linser och ärter)",0.5,g
3823,Röda linser konserv. u. lag,"Järn, Fe","Baljväxter (bönor, linser och ärter)",1.6,mg
3823,Röda linser konserv. u. lag,Energi (kJ),"Baljväxter (bönor, linser och ärter)",371.0,kJ
3823,Röda linser konserv. u. lag,Energi (kcal),"Baljväxter (bönor, linser och ärter)",89.0,kcal
3823,Röda linser konserv. u. lag,Disackarider,"Baljväxter (bönor, linser och ärter)",0.2,g
3823,Röda linser konserv. u. lag,"Kalcium, Ca","Baljväxter (bönor, linser och ärter)",25.0,mg
3823,Röda linser konserv. u. lag,Fettsyra 4:0-10:0,"Baljväxter (bönor, linser och ärter)",0.0,g
3823,Röda linser konserv. u. lag,DHA (C22:6),"Baljväxter (bönor, linser och ärter)",0.0,g
3823,Röda linser konserv. u. lag,DPA (C22:5),"Baljväxter (bönor, linser och ärter)",0.0,g
3823,Röda linser konserv. u. lag,EPA (C20:5),"Baljväxter (bönor, linser och ärter)",0.0,g
3823,Röda linser konserv. u. lag,Arakidonsyra C20:4,"Baljväxter (bönor, linser och ärter)",0.0,g
3823,Röda linser konserv. u. lag,Arakidinsyra C20:0,"Baljväxter (bönor, linser och ärter)",0.0,g
3823,Röda linser konserv. u. lag,Linolensyra C18:3,"Baljväxter (bönor, linser och ärter)",0.0,g
3823,Röda linser konserv. u. lag,Linolsyra C18:2,"Baljväxter (bönor, linser och ärter)",0.2,g
3823,Röda linser konserv. u. lag,Oljesyra C18:1,"Baljväxter (bönor, linser och ärter)",0.1,g
3823,Röda linser konserv. u. lag,Stearinsyra C18:0,"Baljväxter (bönor, linser och ärter)",0.0,g
3823,Röda linser konserv. u. lag,Palmitoljesyra C16:1,"Baljväxter (bönor, linser och ärter)",0.0,g
3823,Röda linser konserv. u. lag,Palmitinsyra C16:0,"Baljväxter (bönor, linser och ärter)",0.0,g
3823,Röda linser konserv. u. lag,Myristinsyra C14:0,"Baljväxter (bönor, linser och ärter)",0.0,g
3823,Röda linser konserv. u. lag,Laurinsyra C12:0,"Baljväxter (bönor, linser och ärter)",0.0,g
3823,Röda linser konserv. u. lag,Betakaroten/β-Karoten,"Baljväxter (bönor, linser och ärter)",10.0,µg
3823,Röda linser konserv. u. lag,Avfall (skal etc.),"Baljväxter (bönor, linser och ärter)",0.0,%
3823,Röda linser konserv. u. lag,Aska,"Baljväxter (bönor, linser och ärter)",0.9,g
3823,Röda linser konserv. u. lag,Alkohol,"Baljväxter (bönor, linser och ärter)",0.0,g
3824,Gröna linser konserv. u. lag,"Zink, Zn","Baljväxter (bönor, linser och ärter)",0.4,mg
3824,Gröna linser konserv. u. lag,Vitamin E,"Baljväxter (bönor, linser och ärter)",0.3,mg
3824,Gröna linser konserv. u. lag,Vitamin D inkl 25-OH-D3,"Baljväxter (bönor, linser och ärter)",0.0,µg
3824,Gröna linser konserv. u. lag,Vitamin D,"Baljväxter (bönor, linser och ärter)",0.0,µg
3824,Gröna linser konserv. u. lag,Vitamin C,"Baljväxter (bönor, linser och ärter)",0.0,mg
3824,Gröna linser konserv. u. lag,Vitamin B6,"Baljväxter (bönor, linser och ärter)",0.08,mg
3824,Gröna linser konserv. u. lag,Vitamin B12,"Baljväxter (bönor, linser och ärter)",0.0,µg
3824,Gröna linser konserv. u. lag,Vitamin A,"Baljväxter (bönor, linser och ärter)",1.0,RE/µg
3824,Gröna linser konserv. u. lag,Vatten,"Baljväxter (bönor, linser och ärter)",74.5,g
3824,Gröna linser konserv. u. lag,Tiamin,"Baljväxter (bönor, linser och ärter)",0.04,mg
3824,Gröna linser konserv. u. lag,Tillsatt socker,"Baljväxter (bönor, linser och ärter)",0.0,g
3824,Gröna linser konserv. u. lag,Fritt socker,"Baljväxter (bönor, linser och ärter)",0.0,g
3824,Gröna linser konserv. u. lag,"Selen, Se","Baljväxter (bönor, linser och ärter)",17.5,µg
3824,Gröna linser konserv. u. lag,Sackaros,"Baljväxter (bönor, linser och ärter)",0.2,g
3824,Gröna linser konserv. u. lag,Riboflavin,"Baljväxter (bönor, linser och ärter)",0.03,mg
3824,Gröna linser konserv. u. lag,Retinol,"Baljväxter (bönor, linser och ärter)",0.0,µg
3824,Gröna linser konserv. u. lag,Protein,"Baljväxter (bönor, linser och ärter)",6.2,g
3824,Gröna linser konserv. u. lag,Summa fleromättade fettsyror,"Baljväxter (bönor, linser och ärter)",0.3,g
3824,Gröna linser konserv. u. lag,"Fosfor, P","Baljväxter (bönor, linser och ärter)",76.0,mg
3824,Gröna linser konserv. u. lag,Niacinekvivalenter,"Baljväxter (bönor, linser och ärter)",1.4,NE/mg
3824,Gröna linser konserv. u. lag,Niacin,"Baljväxter (bönor, linser och ärter)",0.36,mg
3824,Gröna linser konserv. u. lag,"Salt, NaCl","Baljväxter (bönor, linser och ärter)",0.8,g
3824,Gröna linser konserv. u. lag,"Natrium, Na","Baljväxter (bönor, linser och ärter)",306.0,mg
3824,Gröna linser konserv. u. lag,Monosackarider,"Baljväxter (bönor, linser och ärter)",0.0,g
3824,Gröna linser konserv. u. lag,"Sockerarter, totalt","Baljväxter (bönor, linser och ärter)",0.2,g
3824,Gröna linser konserv. u. lag,Summa enkelomättade fettsyror,"Baljväxter (bönor, linser och ärter)",0.1,g
3824,Gröna linser konserv. u. lag,"Magnesium, Mg","Baljväxter (bönor, linser och ärter)",21.0,mg
3824,Gröna linser konserv. u. lag,Summa mättade fettsyror,"Baljväxter (bönor, linser och ärter)",0.1,g
3824,Gröna linser konserv. u. lag,"Kolhydrater, tillgängliga","Baljväxter (bönor, linser och ärter)",13.1,g
3824,Gröna linser konserv. u. lag,Kolesterol,"Baljväxter (bönor, linser och ärter)",0.0,mg
3824,Gröna linser konserv. u. lag,"Kalium, K","Baljväxter (bönor, linser och ärter)",127.0,mg
3824,Gröna linser konserv. u. lag,"Jod, I","Baljväxter (bönor, linser och ärter)",3.3,µg
3824,Gröna linser konserv. u. lag,Fullkorn totalt,"Baljväxter (bönor, linser och ärter)",0.0,g
3824,Gröna linser konserv. u. lag,"Folat, totalt","Baljväxter (bönor, linser och ärter)",15.6,µg
3824,Gröna linser konserv. u. lag,Fibrer,"Baljväxter (bönor, linser och ärter)",4.4,g
3824,Gröna linser konserv. u. lag,"Fett, totalt","Baljväxter (bönor, linser och ärter)",0.6,g
3824,Gröna linser konserv. u. lag,"Järn, Fe","Baljväxter (bönor, linser och ärter)",1.4,mg
3824,Gröna linser konserv. u. lag,Energi (kJ),"Baljväxter (bönor, linser och ärter)",386.0,kJ
3824,Gröna linser konserv. u. lag,Energi (kcal),"Baljväxter (bönor, linser och ärter)",92.0,kcal
3824,Gröna linser konserv. u. lag,Disackarider,"Baljväxter (bönor, linser och ärter)",0.2,g
3824,Gröna linser konserv. u. lag,"Kalcium, Ca","Baljväxter (bönor, linser och ärter)",43.0,mg
3824,Gröna linser konserv. u. lag,Fettsyra 4:0-10:0,"Baljväxter (bönor, linser och ärter)",0.0,g
3824,Gröna linser konserv. u. lag,DHA (C22:6),"Baljväxter (bönor, linser och ärter)",0.0,g
3824,Gröna linser konserv. u. lag,DPA (C22:5),"Baljväxter (bönor, linser och ärter)",0.0,g
3824,Gröna linser konserv. u. lag,EPA (C20:5),"Baljväxter (bönor, linser och ärter)",0.0,g
3824,Gröna linser konserv. u. lag,Arakidonsyra C20:4,"Baljväxter (bönor, linser och ärter)",0.0,g
3824,Gröna linser konserv. u. lag,Arakidinsyra C20:0,"Baljväxter (bönor, linser och ärter)",0.0,g
3824,Gröna linser konserv. u. lag,Linolensyra C18:3,"Baljväxter (bönor, linser och ärter)",0.1,g
3824,Gröna linser konserv. u. lag,Linolsyra C18:2,"Baljväxter (bönor, linser och ärter)",0.2,g
3824,Gröna linser konserv. u. lag,Oljesyra C18:1,"Baljväxter (bönor, linser och ärter)",0.1,g
3824,Gröna linser konserv. u. lag,Stearinsyra C18:0,"Baljväxter (bönor, linser och ärter)",0.0,g
3824,Gröna linser konserv. u. lag,Palmitoljesyra C16:1,"Baljväxter (bönor, linser och ärter)",0.0,g
3824,Gröna linser konserv. u. lag,Palmitinsyra C16:0,"Baljväxter (bönor, linser och ärter)",0.1,g
3824,Gröna linser konserv. u. lag,Myristinsyra C14:0,"Baljväxter (bönor, linser och ärter)",0.0,g
3824,Gröna linser konserv. u. lag,Laurinsyra C12:0,"Baljväxter (bönor, linser och ärter)",0.0,g
3824,Gröna linser konserv. u. lag,Betakaroten/β-Karoten,"Baljväxter (bönor, linser och ärter)",11.0,µg
3824,Gröna linser konserv. u. lag,Avfall (skal etc.),"Baljväxter (bönor, linser och ärter)",0.0,%
3824,Gröna linser konserv. u. lag,Aska,"Baljväxter (bönor, linser och ärter)",1.2,g
3824,Gröna linser konserv. u. lag,Alkohol,"Baljväxter (bönor, linser och ärter)",0.0,g
3825,Hamburgerbröd grovt,"Zink, Zn",Mjukt bröd ,1.1,mg
3825,Hamburgerbröd grovt,Vitamin E,Mjukt bröd ,1.0,mg
3825,Hamburgerbröd grovt,Vitamin D inkl 25-OH-D3,Mjukt bröd ,0.0,µg
3825,Hamburgerbröd grovt,Vitamin D,Mjukt bröd ,0.0,µg
3825,Hamburgerbröd grovt,Vitamin C,Mjukt bröd ,0.0,mg
3825,Hamburgerbröd grovt,Vitamin B6,Mjukt bröd ,0.11,mg
3825,Hamburgerbröd grovt,Vitamin B12,Mjukt bröd ,0.0,µg
3825,Hamburgerbröd grovt,Vitamin A,Mjukt bröd ,0.0,RE/µg
3825,Hamburgerbröd grovt,Vatten,Mjukt bröd ,35.6,g
3825,Hamburgerbröd grovt,Tiamin,Mjukt bröd ,0.18,mg
3825,Hamburgerbröd grovt,Tillsatt socker,Mjukt bröd ,5.0,g
3825,Hamburgerbröd grovt,Fritt socker,Mjukt bröd ,5.0,g
3825,Hamburgerbröd grovt,"Selen, Se",Mjukt bröd ,1.6,µg
3825,Hamburgerbröd grovt,Sackaros,Mjukt bröd ,0.0,g
3825,Hamburgerbröd grovt,Riboflavin,Mjukt bröd ,0.09,mg
3825,Hamburgerbröd grovt,Retinol,Mjukt bröd ,0.0,µg
3825,Hamburgerbröd grovt,Protein,Mjukt bröd ,7.5,g
3825,Hamburgerbröd grovt,Summa fleromättade fettsyror,Mjukt bröd ,1.2,g
3825,Hamburgerbröd grovt,"Fosfor, P",Mjukt bröd ,158.0,mg
3825,Hamburgerbröd grovt,Niacinekvivalenter,Mjukt bröd ,3.4,NE/mg
3825,Hamburgerbröd grovt,Niacin,Mjukt bröd ,2.1,mg
3825,Hamburgerbröd grovt,"Salt, NaCl",Mjukt bröd ,0.8,g
3825,Hamburgerbröd grovt,"Natrium, Na",Mjukt bröd ,340.0,mg
3825,Hamburgerbröd grovt,Monosackarider,Mjukt bröd ,3.2,g
3825,Hamburgerbröd grovt,"Sockerarter, totalt",Mjukt bröd ,5.1,g
3825,Hamburgerbröd grovt,Summa enkelomättade fettsyror,Mjukt bröd ,2.1,g
3825,Hamburgerbröd grovt,"Magnesium, Mg",Mjukt bröd ,58.0,mg
3825,Hamburgerbröd grovt,Summa mättade fettsyror,Mjukt bröd ,0.4,g
3825,Hamburgerbröd grovt,"Kolhydrater, tillgängliga",Mjukt bröd ,43.0,g
3825,Hamburgerbröd grovt,Kolesterol,Mjukt bröd ,0.0,mg
3825,Hamburgerbröd grovt,"Kalium, K",Mjukt bröd ,221.0,mg
3825,Hamburgerbröd grovt,"Jod, I",Mjukt bröd ,2.4,µg
3825,Hamburgerbröd grovt,Fullkorn totalt,Mjukt bröd ,0.0,g
3825,Hamburgerbröd grovt,"Folat, totalt",Mjukt bröd ,42.4,µg
3825,Hamburgerbröd grovt,Fibrer,Mjukt bröd ,7.3,g
3825,Hamburgerbröd grovt,"Fett, totalt",Mjukt bröd ,5.0,g
3825,Hamburgerbröd grovt,"Järn, Fe",Mjukt bröd ,1.5,mg
3825,Hamburgerbröd grovt,Energi (kJ),Mjukt bröd ,1102.0,kJ
3825,Hamburgerbröd grovt,Energi (kcal),Mjukt bröd ,263.0,kcal
3825,Hamburgerbröd grovt,Disackarider,Mjukt bröd ,1.9,g
3825,Hamburgerbröd grovt,"Kalcium, Ca",Mjukt bröd ,38.0,mg
3825,Hamburgerbröd grovt,Fettsyra 4:0-10:0,Mjukt bröd ,0.0,g
3825,Hamburgerbröd grovt,DHA (C22:6),Mjukt bröd ,0.0,g
3825,Hamburgerbröd grovt,DPA (C22:5),Mjukt bröd ,0.0,g
3825,Hamburgerbröd grovt,EPA (C20:5),Mjukt bröd ,0.0,g
3825,Hamburgerbröd grovt,Arakidonsyra C20:4,Mjukt bröd ,0.0,g
3825,Hamburgerbröd grovt,Arakidinsyra C20:0,Mjukt bröd ,0.0,g
3825,Hamburgerbröd grovt,Linolensyra C18:3,Mjukt bröd ,0.3,g
3825,Hamburgerbröd grovt,Linolsyra C18:2,Mjukt bröd ,1.0,g
3825,Hamburgerbröd grovt,Oljesyra C18:1,Mjukt bröd ,2.1,g
3825,Hamburgerbröd grovt,Stearinsyra C18:0,Mjukt bröd ,0.1,g
3825,Hamburgerbröd grovt,Palmitoljesyra C16:1,Mjukt bröd ,0.0,g
3825,Hamburgerbröd grovt,Palmitinsyra C16:0,Mjukt bröd ,0.2,g
3825,Hamburgerbröd grovt,Myristinsyra C14:0,Mjukt bröd ,0.0,g
3825,Hamburgerbröd grovt,Laurinsyra C12:0,Mjukt bröd ,0.0,g
3825,Hamburgerbröd grovt,Betakaroten/β-Karoten,Mjukt bröd ,0.0,µg
3825,Hamburgerbröd grovt,Avfall (skal etc.),Mjukt bröd ,0.0,%
3825,Hamburgerbröd grovt,Aska,Mjukt bröd ,1.6,g
3825,Hamburgerbröd grovt,Alkohol,Mjukt bröd ,0.0,g
3828,Pasta kokt m. salt fullkorn>50%,"Zink, Zn",Pasta,0.9,mg
3828,Pasta kokt m. salt fullkorn>50%,Vitamin E,Pasta,0.1,mg
3828,Pasta kokt m. salt fullkorn>50%,Vitamin D inkl 25-OH-D3,Pasta,0.0,µg
3828,Pasta kokt m. salt fullkorn>50%,Vitamin D,Pasta,0.0,µg
3828,Pasta kokt m. salt fullkorn>50%,Vitamin C,Pasta,0.0,mg
3828,Pasta kokt m. salt fullkorn>50%,Vitamin B6,Pasta,0.06,mg
3828,Pasta kokt m. salt fullkorn>50%,Vitamin B12,Pasta,0.0,µg
3828,Pasta kokt m. salt fullkorn>50%,Vitamin A,Pasta,0.0,RE/µg
3828,Pasta kokt m. salt fullkorn>50%,Vatten,Pasta,59.0,g
3828,Pasta kokt m. salt fullkorn>50%,Tiamin,Pasta,0.08,mg
3828,Pasta kokt m. salt fullkorn>50%,Tillsatt socker,Pasta,0.0,g
3828,Pasta kokt m. salt fullkorn>50%,Fritt socker,Pasta,0.0,g
3828,Pasta kokt m. salt fullkorn>50%,"Selen, Se",Pasta,2.8,µg
3828,Pasta kokt m. salt fullkorn>50%,Sackaros,Pasta,0.2,g
3828,Pasta kokt m. salt fullkorn>50%,Riboflavin,Pasta,0.01,mg
3828,Pasta kokt m. salt fullkorn>50%,Retinol,Pasta,0.0,µg
3828,Pasta kokt m. salt fullkorn>50%,Protein,Pasta,5.8,g
3828,Pasta kokt m. salt fullkorn>50%,Summa fleromättade fettsyror,Pasta,0.4,g
3828,Pasta kokt m. salt fullkorn>50%,"Fosfor, P",Pasta,113.0,mg
3828,Pasta kokt m. salt fullkorn>50%,Niacinekvivalenter,Pasta,2.6,NE/mg
3828,Pasta kokt m. salt fullkorn>50%,Niacin,Pasta,1.58,mg
3828,Pasta kokt m. salt fullkorn>50%,"Salt, NaCl",Pasta,0.4,g
3828,Pasta kokt m. salt fullkorn>50%,"Natrium, Na",Pasta,153.0,mg
3828,Pasta kokt m. salt fullkorn>50%,Monosackarider,Pasta,0.0,g
3828,Pasta kokt m. salt fullkorn>50%,"Sockerarter, totalt",Pasta,0.7,g
3828,Pasta kokt m. salt fullkorn>50%,Summa enkelomättade fettsyror,Pasta,0.1,g
3828,Pasta kokt m. salt fullkorn>50%,"Magnesium, Mg",Pasta,41.0,mg
3828,Pasta kokt m. salt fullkorn>50%,Summa mättade fettsyror,Pasta,0.1,g
3828,Pasta kokt m. salt fullkorn>50%,"Kolhydrater, tillgängliga",Pasta,29.9,g
3828,Pasta kokt m. salt fullkorn>50%,Kolesterol,Pasta,0.0,mg
3828,Pasta kokt m. salt fullkorn>50%,"Kalium, K",Pasta,62.0,mg
3828,Pasta kokt m. salt fullkorn>50%,"Jod, I",Pasta,23.5,µg
3828,Pasta kokt m. salt fullkorn>50%,Fullkorn totalt,Pasta,35.0,g
3828,Pasta kokt m. salt fullkorn>50%,"Folat, totalt",Pasta,8.4,µg
3828,Pasta kokt m. salt fullkorn>50%,Fibrer,Pasta,3.7,g
3828,Pasta kokt m. salt fullkorn>50%,"Fett, totalt",Pasta,1.0,g
3828,Pasta kokt m. salt fullkorn>50%,"Järn, Fe",Pasta,1.5,mg
3828,Pasta kokt m. salt fullkorn>50%,Energi (kJ),Pasta,672.0,kJ
3828,Pasta kokt m. salt fullkorn>50%,Energi (kcal),Pasta,161.0,kcal
3828,Pasta kokt m. salt fullkorn>50%,Disackarider,Pasta,0.7,g
3828,Pasta kokt m. salt fullkorn>50%,"Kalcium, Ca",Pasta,17.0,mg
3828,Pasta kokt m. salt fullkorn>50%,Fettsyra 4:0-10:0,Pasta,0.0,g
3828,Pasta kokt m. salt fullkorn>50%,DHA (C22:6),Pasta,0.0,g
3828,Pasta kokt m. salt fullkorn>50%,DPA (C22:5),Pasta,0.0,g
3828,Pasta kokt m. salt fullkorn>50%,EPA (C20:5),Pasta,0.0,g
3828,Pasta kokt m. salt fullkorn>50%,Arakidonsyra C20:4,Pasta,0.0,g
3828,Pasta kokt m. salt fullkorn>50%,Arakidinsyra C20:0,Pasta,0.0,g
3828,Pasta kokt m. salt fullkorn>50%,Linolensyra C18:3,Pasta,0.0,g
3828,Pasta kokt m. salt fullkorn>50%,Linolsyra C18:2,Pasta,0.4,g
3828,Pasta kokt m. salt fullkorn>50%,Oljesyra C18:1,Pasta,0.1,g
3828,Pasta kokt m. salt fullkorn>50%,Stearinsyra C18:0,Pasta,0.0,g
3828,Pasta kokt m. salt fullkorn>50%,Palmitoljesyra C16:1,Pasta,0.0,g
3828,Pasta kokt m. salt fullkorn>50%,Palmitinsyra C16:0,Pasta,0.1,g
3828,Pasta kokt m. salt fullkorn>50%,Myristinsyra C14:0,Pasta,0.0,g
3828,Pasta kokt m. salt fullkorn>50%,Laurinsyra C12:0,Pasta,0.0,g
3828,Pasta kokt m. salt fullkorn>50%,Betakaroten/β-Karoten,Pasta,0.0,µg
3828,Pasta kokt m. salt fullkorn>50%,Avfall (skal etc.),Pasta,0.0,%
3828,Pasta kokt m. salt fullkorn>50%,Aska,Pasta,0.6,g
3828,Pasta kokt m. salt fullkorn>50%,Alkohol,Pasta,0.0,g
3840,Ägg rått eko.,"Zink, Zn",Ägg ,1.3,mg
3840,Ägg rått eko.,Vitamin E,Ägg ,5.9,mg
3840,Ägg rått eko.,Vitamin D inkl 25-OH-D3,Ägg ,2.52,µg
3840,Ägg rått eko.,Vitamin D,Ägg ,1.47,µg
3840,Ägg rått eko.,Vitamin C,Ägg ,0.0,mg
3840,Ägg rått eko.,Vitamin B6,Ägg ,0.1,mg
3840,Ägg rått eko.,Vitamin B12,Ägg ,2.17,µg
3840,Ägg rått eko.,Vitamin A,Ägg ,252.6,RE/µg
3840,Ägg rått eko.,Vatten,Ägg ,75.9,g
3840,Ägg rått eko.,Tiamin,Ägg ,0.07,mg
3840,Ägg rått eko.,Tillsatt socker,Ägg ,0.0,g
3840,Ägg rått eko.,Fritt socker,Ägg ,0.0,g
3840,Ägg rått eko.,"Selen, Se",Ägg ,27.2,µg
3840,Ägg rått eko.,Sackaros,Ägg ,0.0,g
3840,Ägg rått eko.,Riboflavin,Ägg ,0.46,mg
3840,Ägg rått eko.,Retinol,Ägg ,251.8,µg
3840,Ägg rått eko.,Protein,Ägg ,12.4,g
3840,Ägg rått eko.,Summa fleromättade fettsyror,Ägg ,1.5,g
3840,Ägg rått eko.,"Fosfor, P",Ägg ,190.0,mg
3840,Ägg rått eko.,Niacinekvivalenter,Ägg ,3.1,NE/mg
3840,Ägg rått eko.,Niacin,Ägg ,0.0,mg
3840,Ägg rått eko.,"Salt, NaCl",Ägg ,0.4,g
3840,Ägg rått eko.,"Natrium, Na",Ägg ,140.0,mg
3840,Ägg rått eko.,Monosackarider,Ägg ,0.4,g
3840,Ägg rått eko.,"Sockerarter, totalt",Ägg ,0.4,g
3840,Ägg rått eko.,Summa enkelomättade fettsyror,Ägg ,4.0,g
3840,Ägg rått eko.,"Magnesium, Mg",Ägg ,11.0,mg
3840,Ägg rått eko.,Summa mättade fettsyror,Ägg ,2.9,g
3840,Ägg rått eko.,"Kolhydrater, tillgängliga",Ägg ,0.4,g
3840,Ägg rått eko.,Kolesterol,Ägg ,389.1,mg
3840,Ägg rått eko.,"Kalium, K",Ägg ,137.0,mg
3840,Ägg rått eko.,"Jod, I",Ägg ,46.3,µg
3840,Ägg rått eko.,Fullkorn totalt,Ägg ,0.0,g
3840,Ägg rått eko.,"Folat, totalt",Ägg ,83.6,µg
3840,Ägg rått eko.,Fibrer,Ägg ,0.0,g
3840,Ägg rått eko.,"Fett, totalt",Ägg ,10.1,g
3840,Ägg rått eko.,"Järn, Fe",Ägg ,2.0,mg
3840,Ägg rått eko.,Energi (kJ),Ägg ,592.0,kJ
3840,Ägg rått eko.,Energi (kcal),Ägg ,141.0,kcal
3840,Ägg rått eko.,Disackarider,Ägg ,0.0,g
3840,Ägg rått eko.,"Kalcium, Ca",Ägg ,54.0,mg
3840,Ägg rått eko.,Fettsyra 4:0-10:0,Ägg ,0.0,g
3840,Ägg rått eko.,DHA (C22:6),Ägg ,0.1,g
3840,Ägg rått eko.,DPA (C22:5),Ägg ,0.0,g
3840,Ägg rått eko.,EPA (C20:5),Ägg ,0.0,g
3840,Ägg rått eko.,Arakidonsyra C20:4,Ägg ,0.1,g
3840,Ägg rått eko.,Arakidinsyra C20:0,Ägg ,0.0,g
3840,Ägg rått eko.,Linolensyra C18:3,Ägg ,0.1,g
3840,Ägg rått eko.,Linolsyra C18:2,Ägg ,1.2,g
3840,Ägg rått eko.,Oljesyra C18:1,Ägg ,3.6,g
3840,Ägg rått eko.,Stearinsyra C18:0,Ägg ,0.8,g
3840,Ägg rått eko.,Palmitoljesyra C16:1,Ägg ,0.3,g
3840,Ägg rått eko.,Palmitinsyra C16:0,Ägg ,2.1,g
3840,Ägg rått eko.,Myristinsyra C14:0,Ägg ,0.0,g
3840,Ägg rått eko.,Laurinsyra C12:0,Ägg ,0.0,g
3840,Ägg rått eko.,Betakaroten/β-Karoten,Ägg ,1.0,µg
3840,Ägg rått eko.,Avfall (skal etc.),Ägg ,12.0,%
3840,Ägg rått eko.,Aska,Ägg ,0.9,g
3840,Ägg rått eko.,Alkohol,Ägg ,0.0,g
3841,Äggula rå eko.,"Zink, Zn",Ägg ,3.2,mg
3841,Äggula rå eko.,Vitamin E,Ägg ,17.8,mg
3841,Äggula rå eko.,Vitamin D inkl 25-OH-D3,Ägg ,6.5,µg
3841,Äggula rå eko.,Vitamin D,Ägg ,3.85,µg
3841,Äggula rå eko.,Vitamin C,Ägg ,0.0,mg
3841,Äggula rå eko.,Vitamin B6,Ägg ,0.25,mg
3841,Äggula rå eko.,Vitamin B12,Ägg ,6.13,µg
3841,Äggula rå eko.,Vitamin A,Ägg ,770.6,RE/µg
3841,Äggula rå eko.,Vatten,Ägg ,49.1,g
3841,Äggula rå eko.,Tiamin,Ägg ,0.21,mg
3841,Äggula rå eko.,Tillsatt socker,Ägg ,0.0,g
3841,Äggula rå eko.,Fritt socker,Ägg ,0.0,g
3841,Äggula rå eko.,"Selen, Se",Ägg ,58.6,µg
3841,Äggula rå eko.,Sackaros,Ägg ,0.1,g
3841,Äggula rå eko.,Riboflavin,Ägg ,0.56,mg
3841,Äggula rå eko.,Retinol,Ägg ,768.0,µg
3841,Äggula rå eko.,Protein,Ägg ,16.2,g
3841,Äggula rå eko.,Summa fleromättade fettsyror,Ägg ,4.4,g
3841,Äggula rå eko.,"Fosfor, P",Ägg ,513.0,mg
3841,Äggula rå eko.,Niacinekvivalenter,Ägg ,4.0,NE/mg
3841,Äggula rå eko.,Niacin,Ägg ,0.0,mg
3841,Äggula rå eko.,"Salt, NaCl",Ägg ,0.1,g
3841,Äggula rå eko.,"Natrium, Na",Ägg ,57.0,mg
3841,Äggula rå eko.,Monosackarider,Ägg ,0.3,g
3841,Äggula rå eko.,"Sockerarter, totalt",Ägg ,0.6,g
3841,Äggula rå eko.,Summa enkelomättade fettsyror,Ägg ,11.4,g
3841,Äggula rå eko.,"Magnesium, Mg",Ägg ,12.0,mg
3841,Äggula rå eko.,Summa mättade fettsyror,Ägg ,8.3,g
3841,Äggula rå eko.,"Kolhydrater, tillgängliga",Ägg ,0.6,g
3841,Äggula rå eko.,Kolesterol,Ägg ,1137.0,mg
3841,Äggula rå eko.,"Kalium, K",Ägg ,109.0,mg
3841,Äggula rå eko.,"Jod, I",Ägg ,120.0,µg
3841,Äggula rå eko.,Fullkorn totalt,Ägg ,0.0,g
3841,Äggula rå eko.,"Folat, totalt",Ägg ,247.3,µg
3841,Äggula rå eko.,Fibrer,Ägg ,0.0,g
3841,Äggula rå eko.,"Fett, totalt",Ägg ,29.2,g
3841,Äggula rå eko.,"Järn, Fe",Ägg ,3.3,mg
3841,Äggula rå eko.,Energi (kJ),Ägg ,1367.0,kJ
3841,Äggula rå eko.,Energi (kcal),Ägg ,327.0,kcal
3841,Äggula rå eko.,Disackarider,Ägg ,0.3,g
3841,Äggula rå eko.,"Kalcium, Ca",Ägg ,144.0,mg
3841,Äggula rå eko.,Fettsyra 4:0-10:0,Ägg ,0.0,g
3841,Äggula rå eko.,DHA (C22:6),Ägg ,0.4,g
3841,Äggula rå eko.,DPA (C22:5),Ägg ,0.0,g
3841,Äggula rå eko.,EPA (C20:5),Ägg ,0.0,g
3841,Äggula rå eko.,Arakidonsyra C20:4,Ägg ,0.4,g
3841,Äggula rå eko.,Arakidinsyra C20:0,Ägg ,0.0,g
3841,Äggula rå eko.,Linolensyra C18:3,Ägg ,0.2,g
3841,Äggula rå eko.,Linolsyra C18:2,Ägg ,3.4,g
3841,Äggula rå eko.,Oljesyra C18:1,Ägg ,10.4,g
3841,Äggula rå eko.,Stearinsyra C18:0,Ägg ,2.2,g
3841,Äggula rå eko.,Palmitoljesyra C16:1,Ägg ,0.8,g
3841,Äggula rå eko.,Palmitinsyra C16:0,Ägg ,5.9,g
3841,Äggula rå eko.,Myristinsyra C14:0,Ägg ,0.1,g
3841,Äggula rå eko.,Laurinsyra C12:0,Ägg ,0.0,g
3841,Äggula rå eko.,Betakaroten/β-Karoten,Ägg ,6.0,µg
3841,Äggula rå eko.,Avfall (skal etc.),Ägg ,0.0,%
3841,Äggula rå eko.,Aska,Ägg ,2.3,g
3841,Äggula rå eko.,Alkohol,Ägg ,0.0,g
3845,Dinkel speltvete kokt m. salt,"Zink, Zn",Matgryn,1.2,mg
3845,Dinkel speltvete kokt m. salt,Vitamin E,Matgryn,0.3,mg
3845,Dinkel speltvete kokt m. salt,Vitamin D inkl 25-OH-D3,Matgryn,0.0,µg
3845,Dinkel speltvete kokt m. salt,Vitamin D,Matgryn,0.0,µg
3845,Dinkel speltvete kokt m. salt,Vitamin C,Matgryn,0.0,mg
3845,Dinkel speltvete kokt m. salt,Vitamin B6,Matgryn,0.06,mg
3845,Dinkel speltvete kokt m. salt,Vitamin B12,Matgryn,0.0,µg
3845,Dinkel speltvete kokt m. salt,Vitamin A,Matgryn,0.1,RE/µg
3845,Dinkel speltvete kokt m. salt,Vatten,Matgryn,64.8,g
3845,Dinkel speltvete kokt m. salt,Tiamin,Matgryn,0.09,mg
3845,Dinkel speltvete kokt m. salt,Tillsatt socker,Matgryn,0.0,g
3845,Dinkel speltvete kokt m. salt,Fritt socker,Matgryn,0.0,g
3845,Dinkel speltvete kokt m. salt,"Selen, Se",Matgryn,0.0,µg
3845,Dinkel speltvete kokt m. salt,Sackaros,Matgryn,0.2,g
3845,Dinkel speltvete kokt m. salt,Riboflavin,Matgryn,0.02,mg
3845,Dinkel speltvete kokt m. salt,Retinol,Matgryn,0.0,µg
3845,Dinkel speltvete kokt m. salt,Protein,Matgryn,4.6,g
3845,Dinkel speltvete kokt m. salt,Summa fleromättade fettsyror,Matgryn,0.6,g
3845,Dinkel speltvete kokt m. salt,"Fosfor, P",Matgryn,139.0,mg
3845,Dinkel speltvete kokt m. salt,Niacinekvivalenter,Matgryn,2.95,NE/mg
3845,Dinkel speltvete kokt m. salt,Niacin,Matgryn,2.18,mg
3845,Dinkel speltvete kokt m. salt,"Salt, NaCl",Matgryn,0.8,g
3845,Dinkel speltvete kokt m. salt,"Natrium, Na",Matgryn,333.0,mg
3845,Dinkel speltvete kokt m. salt,Monosackarider,Matgryn,0.0,g
3845,Dinkel speltvete kokt m. salt,"Sockerarter, totalt",Matgryn,0.3,g
3845,Dinkel speltvete kokt m. salt,Summa enkelomättade fettsyror,Matgryn,0.2,g
3845,Dinkel speltvete kokt m. salt,"Magnesium, Mg",Matgryn,42.0,mg
3845,Dinkel speltvete kokt m. salt,Summa mättade fettsyror,Matgryn,0.2,g
3845,Dinkel speltvete kokt m. salt,"Kolhydrater, tillgängliga",Matgryn,24.4,g
3845,Dinkel speltvete kokt m. salt,Kolesterol,Matgryn,0.0,mg
3845,Dinkel speltvete kokt m. salt,"Kalium, K",Matgryn,102.0,mg
3845,Dinkel speltvete kokt m. salt,"Jod, I",Matgryn,42.9,µg
3845,Dinkel speltvete kokt m. salt,Fullkorn totalt,Matgryn,38.0,g
3845,Dinkel speltvete kokt m. salt,"Folat, totalt",Matgryn,7.8,µg
3845,Dinkel speltvete kokt m. salt,Fibrer,Matgryn,3.5,g
3845,Dinkel speltvete kokt m. salt,"Fett, totalt",Matgryn,1.3,g
3845,Dinkel speltvete kokt m. salt,"Järn, Fe",Matgryn,1.4,mg
3845,Dinkel speltvete kokt m. salt,Energi (kJ),Matgryn,567.0,kJ
3845,Dinkel speltvete kokt m. salt,Energi (kcal),Matgryn,135.0,kcal
3845,Dinkel speltvete kokt m. salt,Disackarider,Matgryn,0.3,g
3845,Dinkel speltvete kokt m. salt,"Kalcium, Ca",Matgryn,10.0,mg
3845,Dinkel speltvete kokt m. salt,Fettsyra 4:0-10:0,Matgryn,0.0,g
3845,Dinkel speltvete kokt m. salt,DHA (C22:6),Matgryn,0.0,g
3845,Dinkel speltvete kokt m. salt,DPA (C22:5),Matgryn,0.0,g
3845,Dinkel speltvete kokt m. salt,EPA (C20:5),Matgryn,0.0,g
3845,Dinkel speltvete kokt m. salt,Arakidonsyra C20:4,Matgryn,0.0,g
3845,Dinkel speltvete kokt m. salt,Arakidinsyra C20:0,Matgryn,0.0,g
3845,Dinkel speltvete kokt m. salt,Linolensyra C18:3,Matgryn,0.0,g
3845,Dinkel speltvete kokt m. salt,Linolsyra C18:2,Matgryn,0.5,g
3845,Dinkel speltvete kokt m. salt,Oljesyra C18:1,Matgryn,0.2,g
3845,Dinkel speltvete kokt m. salt,Stearinsyra C18:0,Matgryn,0.0,g
3845,Dinkel speltvete kokt m. salt,Palmitoljesyra C16:1,Matgryn,0.0,g
3845,Dinkel speltvete kokt m. salt,Palmitinsyra C16:0,Matgryn,0.1,g
3845,Dinkel speltvete kokt m. salt,Myristinsyra C14:0,Matgryn,0.0,g
3845,Dinkel speltvete kokt m. salt,Laurinsyra C12:0,Matgryn,0.0,g
3845,Dinkel speltvete kokt m. salt,Betakaroten/β-Karoten,Matgryn,1.0,µg
3845,Dinkel speltvete kokt m. salt,Avfall (skal etc.),Matgryn,0.0,%
3845,Dinkel speltvete kokt m. salt,Aska,Matgryn,1.5,g
3845,Dinkel speltvete kokt m. salt,Alkohol,Matgryn,0.0,g
3848,Muffins m. frukt bär,"Zink, Zn",Bullar kakor tårtor mm,0.4,mg
3848,Muffins m. frukt bär,Vitamin E,Bullar kakor tårtor mm,2.7,mg
3848,Muffins m. frukt bär,Vitamin D,Bullar kakor tårtor mm,1.36,µg
3848,Muffins m. frukt bär,Vitamin C,Bullar kakor tårtor mm,1.9,mg
3848,Muffins m. frukt bär,Vitamin B6,Bullar kakor tårtor mm,0.03,mg
3848,Muffins m. frukt bär,Vitamin B12,Bullar kakor tårtor mm,0.2,µg
3848,Muffins m. frukt bär,Vitamin A,Bullar kakor tårtor mm,174.1,RE/µg
3848,Muffins m. frukt bär,Vatten,Bullar kakor tårtor mm,31.9,g
3848,Muffins m. frukt bär,Tiamin,Bullar kakor tårtor mm,0.04,mg
3848,Muffins m. frukt bär,Tillsatt socker,Bullar kakor tårtor mm,25.0,g
3848,Muffins m. frukt bär,Fritt socker,Bullar kakor tårtor mm,25.0,g
3848,Muffins m. frukt bär,"Selen, Se",Bullar kakor tårtor mm,5.7,µg
3848,Muffins m. frukt bär,Sackaros,Bullar kakor tårtor mm,25.6,g
3848,Muffins m. frukt bär,Riboflavin,Bullar kakor tårtor mm,0.06,mg
3848,Muffins m. frukt bär,Retinol,Bullar kakor tårtor mm,166.5,µg
3848,Muffins m. frukt bär,Protein,Bullar kakor tårtor mm,4.0,g
3848,Muffins m. frukt bär,Summa fleromättade fettsyror,Bullar kakor tårtor mm,2.9,g
3848,Muffins m. frukt bär,"Fosfor, P",Bullar kakor tårtor mm,126.0,mg
3848,Muffins m. frukt bär,Niacinekvivalenter,Bullar kakor tårtor mm,1.07,NE/mg
3848,Muffins m. frukt bär,Niacin,Bullar kakor tårtor mm,0.24,mg
3848,Muffins m. frukt bär,"Salt, NaCl",Bullar kakor tårtor mm,0.5,g
3848,Muffins m. frukt bär,"Natrium, Na",Bullar kakor tårtor mm,183.0,mg
3848,Muffins m. frukt bär,Monosackarider,Bullar kakor tårtor mm,0.7,g
3848,Muffins m. frukt bär,"Sockerarter, totalt",Bullar kakor tårtor mm,26.6,g
3848,Muffins m. frukt bär,Summa enkelomättade fettsyror,Bullar kakor tårtor mm,6.0,g
3848,Muffins m. frukt bär,"Magnesium, Mg",Bullar kakor tårtor mm,8.0,mg
3848,Muffins m. frukt bär,Summa mättade fettsyror,Bullar kakor tårtor mm,7.4,g
3848,Muffins m. frukt bär,"Kolhydrater, tillgängliga",Bullar kakor tårtor mm,45.0,g
3848,Muffins m. frukt bär,Kolesterol,Bullar kakor tårtor mm,58.9,mg
3848,Muffins m. frukt bär,"Kalium, K",Bullar kakor tårtor mm,73.0,mg
3848,Muffins m. frukt bär,"Jod, I",Bullar kakor tårtor mm,6.8,µg
3848,Muffins m. frukt bär,Fullkorn totalt,Bullar kakor tårtor mm,0.0,g
3848,Muffins m. frukt bär,"Folat, totalt",Bullar kakor tårtor mm,13.3,µg
3848,Muffins m. frukt bär,Fibrer,Bullar kakor tårtor mm,1.1,g
3848,Muffins m. frukt bär,"Fett, totalt",Bullar kakor tårtor mm,17.0,g
3848,Muffins m. frukt bär,"Järn, Fe",Bullar kakor tårtor mm,0.5,mg
3848,Muffins m. frukt bär,Energi (kJ),Bullar kakor tårtor mm,1472.0,kJ
3848,Muffins m. frukt bär,Energi (kcal),Bullar kakor tårtor mm,352.0,kcal
3848,Muffins m. frukt bär,Disackarider,Bullar kakor tårtor mm,25.9,g
3848,Muffins m. frukt bär,"Kalcium, Ca",Bullar kakor tårtor mm,66.0,mg
3848,Muffins m. frukt bär,Fettsyra 4:0-10:0,Bullar kakor tårtor mm,0.4,g
3848,Muffins m. frukt bär,DHA (C22:6),Bullar kakor tårtor mm,0.0,g
3848,Muffins m. frukt bär,DPA (C22:5),Bullar kakor tårtor mm,0.0,g
3848,Muffins m. frukt bär,EPA (C20:5),Bullar kakor tårtor mm,0.0,g
3848,Muffins m. frukt bär,Arakidonsyra C20:4,Bullar kakor tårtor mm,0.0,g
3848,Muffins m. frukt bär,Arakidinsyra C20:0,Bullar kakor tårtor mm,0.0,g
3848,Muffins m. frukt bär,Linolensyra C18:3,Bullar kakor tårtor mm,0.6,g
3848,Muffins m. frukt bär,Linolsyra C18:2,Bullar kakor tårtor mm,1.9,g
3848,Muffins m. frukt bär,Oljesyra C18:1,Bullar kakor tårtor mm,6.2,g
3848,Muffins m. frukt bär,Stearinsyra C18:0,Bullar kakor tårtor mm,0.9,g
3848,Muffins m. frukt bär,Palmitoljesyra C16:1,Bullar kakor tårtor mm,0.1,g
3848,Muffins m. frukt bär,Palmitinsyra C16:0,Bullar kakor tårtor mm,4.7,g
3848,Muffins m. frukt bär,Myristinsyra C14:0,Bullar kakor tårtor mm,0.6,g
3848,Muffins m. frukt bär,Laurinsyra C12:0,Bullar kakor tårtor mm,0.4,g
3848,Muffins m. frukt bär,Betakaroten/β-Karoten,Bullar kakor tårtor mm,91.0,µg
3848,Muffins m. frukt bär,Avfall (skal etc.),Bullar kakor tårtor mm,3.0,%
3848,Muffins m. frukt bär,Aska,Bullar kakor tårtor mm,0.9,g
3848,Muffins m. frukt bär,Alkohol,Bullar kakor tårtor mm,0.0,g
3852,Kycklingröra hemlagad,"Zink, Zn",Majonnässallad röror,0.5,mg
3852,Kycklingröra hemlagad,Vitamin E,Majonnässallad röror,1.8,mg
3852,Kycklingröra hemlagad,Vitamin D,Majonnässallad röror,0.15,µg
3852,Kycklingröra hemlagad,Vitamin C,Majonnässallad röror,53.7,mg
3852,Kycklingröra hemlagad,Vitamin B6,Majonnässallad röror,0.37,mg
3852,Kycklingröra hemlagad,Vitamin B12,Majonnässallad röror,0.14,µg
3852,Kycklingröra hemlagad,Vitamin A,Majonnässallad röror,35.9,RE/µg
3852,Kycklingröra hemlagad,Vatten,Majonnässallad röror,80.3,g
3852,Kycklingröra hemlagad,Tiamin,Majonnässallad röror,0.1,mg
3852,Kycklingröra hemlagad,Tillsatt socker,Majonnässallad röror,0.0,g
3852,Kycklingröra hemlagad,Fritt socker,Majonnässallad röror,0.0,g
3852,Kycklingröra hemlagad,"Selen, Se",Majonnässallad röror,6.4,µg
3852,Kycklingröra hemlagad,Sackaros,Majonnässallad röror,0.1,g
3852,Kycklingröra hemlagad,Riboflavin,Majonnässallad röror,0.11,mg
3852,Kycklingröra hemlagad,Retinol,Majonnässallad röror,17.1,µg
3852,Kycklingröra hemlagad,Protein,Majonnässallad röror,10.3,g
3852,Kycklingröra hemlagad,Summa fleromättade fettsyror,Majonnässallad röror,0.3,g
3852,Kycklingröra hemlagad,"Fosfor, P",Majonnässallad röror,155.0,mg
3852,Kycklingröra hemlagad,Niacinekvivalenter,Majonnässallad röror,7.79,NE/mg
3852,Kycklingröra hemlagad,Niacin,Majonnässallad röror,5.84,mg
3852,Kycklingröra hemlagad,"Salt, NaCl",Majonnässallad röror,1.1,g
3852,Kycklingröra hemlagad,"Natrium, Na",Majonnässallad röror,427.0,mg
3852,Kycklingröra hemlagad,Monosackarider,Majonnässallad röror,2.6,g
3852,Kycklingröra hemlagad,"Sockerarter, totalt",Majonnässallad röror,3.3,g
3852,Kycklingröra hemlagad,Summa enkelomättade fettsyror,Majonnässallad röror,0.8,g
3852,Kycklingröra hemlagad,"Magnesium, Mg",Majonnässallad röror,25.0,mg
3852,Kycklingröra hemlagad,Summa mättade fettsyror,Majonnässallad röror,1.5,g
3852,Kycklingröra hemlagad,"Kolhydrater, tillgängliga",Majonnässallad röror,3.6,g
3852,Kycklingröra hemlagad,Kolesterol,Majonnässallad röror,42.1,mg
3852,Kycklingröra hemlagad,"Kalium, K",Majonnässallad röror,252.0,mg
3852,Kycklingröra hemlagad,"Jod, I",Majonnässallad röror,52.5,µg
3852,Kycklingröra hemlagad,Fullkorn totalt,Majonnässallad röror,0.0,g
3852,Kycklingröra hemlagad,"Folat, totalt",Majonnässallad röror,25.9,µg
3852,Kycklingröra hemlagad,Fibrer,Majonnässallad röror,0.9,g
3852,Kycklingröra hemlagad,"Fett, totalt",Majonnässallad röror,3.0,g
3852,Kycklingröra hemlagad,"Järn, Fe",Majonnässallad röror,0.7,mg
3852,Kycklingröra hemlagad,Energi (kJ),Majonnässallad röror,354.0,kJ
3852,Kycklingröra hemlagad,Energi (kcal),Majonnässallad röror,85.0,kcal
3852,Kycklingröra hemlagad,Disackarider,Majonnässallad röror,0.7,g
3852,Kycklingröra hemlagad,"Kalcium, Ca",Majonnässallad röror,36.0,mg
3852,Kycklingröra hemlagad,Fettsyra 4:0-10:0,Majonnässallad röror,0.2,g
3852,Kycklingröra hemlagad,DHA (C22:6),Majonnässallad röror,0.0,g
3852,Kycklingröra hemlagad,DPA (C22:5),Majonnässallad röror,0.0,g
3852,Kycklingröra hemlagad,EPA (C20:5),Majonnässallad röror,0.0,g
3852,Kycklingröra hemlagad,Arakidonsyra C20:4,Majonnässallad röror,0.0,g
3852,Kycklingröra hemlagad,Arakidinsyra C20:0,Majonnässallad röror,0.0,g
3852,Kycklingröra hemlagad,Linolensyra C18:3,Majonnässallad röror,0.0,g
3852,Kycklingröra hemlagad,Linolsyra C18:2,Majonnässallad röror,0.2,g
3852,Kycklingröra hemlagad,Oljesyra C18:1,Majonnässallad röror,0.8,g
3852,Kycklingröra hemlagad,Stearinsyra C18:0,Majonnässallad röror,0.3,g
3852,Kycklingröra hemlagad,Palmitoljesyra C16:1,Majonnässallad röror,0.1,g
3852,Kycklingröra hemlagad,Palmitinsyra C16:0,Majonnässallad röror,0.8,g
3852,Kycklingröra hemlagad,Myristinsyra C14:0,Majonnässallad röror,0.2,g
3852,Kycklingröra hemlagad,Laurinsyra C12:0,Majonnässallad röror,0.1,g
3852,Kycklingröra hemlagad,Betakaroten/β-Karoten,Majonnässallad röror,190.0,µg
3852,Kycklingröra hemlagad,Avfall (skal etc.),Majonnässallad röror,6.0,%
3852,Kycklingröra hemlagad,Aska,Majonnässallad röror,2.0,g
3852,Kycklingröra hemlagad,Alkohol,Majonnässallad röror,0.0,g
3855,Smoothie m. frukt bär u. mjölk,"Zink, Zn",Frukt färsk fryst,0.1,mg
3855,Smoothie m. frukt bär u. mjölk,Vitamin E,Frukt färsk fryst,0.3,mg
3855,Smoothie m. frukt bär u. mjölk,Vitamin D inkl 25-OH-D3,Frukt färsk fryst,0.0,µg
3855,Smoothie m. frukt bär u. mjölk,Vitamin D,Frukt färsk fryst,0.0,µg
3855,Smoothie m. frukt bär u. mjölk,Vitamin C,Frukt färsk fryst,22.0,mg
3855,Smoothie m. frukt bär u. mjölk,Vitamin B6,Frukt färsk fryst,0.11,mg
3855,Smoothie m. frukt bär u. mjölk,Vitamin B12,Frukt färsk fryst,0.0,µg
3855,Smoothie m. frukt bär u. mjölk,Vitamin A,Frukt färsk fryst,18.1,RE/µg
3855,Smoothie m. frukt bär u. mjölk,Vatten,Frukt färsk fryst,86.6,g
3855,Smoothie m. frukt bär u. mjölk,Tiamin,Frukt färsk fryst,0.07,mg
3855,Smoothie m. frukt bär u. mjölk,Tillsatt socker,Frukt färsk fryst,0.0,g
3855,Smoothie m. frukt bär u. mjölk,Fritt socker,Frukt färsk fryst,3.0,g
3855,Smoothie m. frukt bär u. mjölk,"Selen, Se",Frukt färsk fryst,0.0,µg
3855,Smoothie m. frukt bär u. mjölk,Sackaros,Frukt färsk fryst,3.3,g
3855,Smoothie m. frukt bär u. mjölk,Riboflavin,Frukt färsk fryst,0.02,mg
3855,Smoothie m. frukt bär u. mjölk,Retinol,Frukt färsk fryst,0.0,µg
3855,Smoothie m. frukt bär u. mjölk,Protein,Frukt färsk fryst,0.7,g
3855,Smoothie m. frukt bär u. mjölk,Summa fleromättade fettsyror,Frukt färsk fryst,0.0,g
3855,Smoothie m. frukt bär u. mjölk,"Fosfor, P",Frukt färsk fryst,15.0,mg
3855,Smoothie m. frukt bär u. mjölk,Niacinekvivalenter,Frukt färsk fryst,0.57,NE/mg
3855,Smoothie m. frukt bär u. mjölk,Niacin,Frukt färsk fryst,0.45,mg
3855,Smoothie m. frukt bär u. mjölk,"Salt, NaCl",Frukt färsk fryst,0.0,g
3855,Smoothie m. frukt bär u. mjölk,"Natrium, Na",Frukt färsk fryst,3.0,mg
3855,Smoothie m. frukt bär u. mjölk,Monosackarider,Frukt färsk fryst,6.6,g
3855,Smoothie m. frukt bär u. mjölk,"Sockerarter, totalt",Frukt färsk fryst,9.9,g
3855,Smoothie m. frukt bär u. mjölk,Summa enkelomättade fettsyror,Frukt färsk fryst,0.0,g
3855,Smoothie m. frukt bär u. mjölk,"Magnesium, Mg",Frukt färsk fryst,12.0,mg
3855,Smoothie m. frukt bär u. mjölk,Summa mättade fettsyror,Frukt färsk fryst,0.0,g
3855,Smoothie m. frukt bär u. mjölk,"Kolhydrater, tillgängliga",Frukt färsk fryst,11.0,g
3855,Smoothie m. frukt bär u. mjölk,Kolesterol,Frukt färsk fryst,0.0,mg
3855,Smoothie m. frukt bär u. mjölk,"Kalium, K",Frukt färsk fryst,171.0,mg
3855,Smoothie m. frukt bär u. mjölk,"Jod, I",Frukt färsk fryst,0.8,µg
3855,Smoothie m. frukt bär u. mjölk,Fullkorn totalt,Frukt färsk fryst,0.0,g
3855,Smoothie m. frukt bär u. mjölk,"Folat, totalt",Frukt färsk fryst,20.2,µg
3855,Smoothie m. frukt bär u. mjölk,Fibrer,Frukt färsk fryst,0.8,g
3855,Smoothie m. frukt bär u. mjölk,"Fett, totalt",Frukt färsk fryst,0.2,g
3855,Smoothie m. frukt bär u. mjölk,"Järn, Fe",Frukt färsk fryst,0.2,mg
3855,Smoothie m. frukt bär u. mjölk,Energi (kJ),Frukt färsk fryst,214.0,kJ
3855,Smoothie m. frukt bär u. mjölk,Energi (kcal),Frukt färsk fryst,51.0,kcal
3855,Smoothie m. frukt bär u. mjölk,Disackarider,Frukt färsk fryst,3.3,g
3855,Smoothie m. frukt bär u. mjölk,"Kalcium, Ca",Frukt färsk fryst,12.0,mg
3855,Smoothie m. frukt bär u. mjölk,Fettsyra 4:0-10:0,Frukt färsk fryst,0.0,g
3855,Smoothie m. frukt bär u. mjölk,DHA (C22:6),Frukt färsk fryst,0.0,g
3855,Smoothie m. frukt bär u. mjölk,DPA (C22:5),Frukt färsk fryst,0.0,g
3855,Smoothie m. frukt bär u. mjölk,EPA (C20:5),Frukt färsk fryst,0.0,g
3855,Smoothie m. frukt bär u. mjölk,Arakidonsyra C20:4,Frukt färsk fryst,0.0,g
3855,Smoothie m. frukt bär u. mjölk,Arakidinsyra C20:0,Frukt färsk fryst,0.0,g
3855,Smoothie m. frukt bär u. mjölk,Linolensyra C18:3,Frukt färsk fryst,0.0,g
3855,Smoothie m. frukt bär u. mjölk,Linolsyra C18:2,Frukt färsk fryst,0.0,g
3855,Smoothie m. frukt bär u. mjölk,Oljesyra C18:1,Frukt färsk fryst,0.0,g
3855,Smoothie m. frukt bär u. mjölk,Stearinsyra C18:0,Frukt färsk fryst,0.0,g
3855,Smoothie m. frukt bär u. mjölk,Palmitoljesyra C16:1,Frukt färsk fryst,0.0,g
3855,Smoothie m. frukt bär u. mjölk,Palmitinsyra C16:0,Frukt färsk fryst,0.0,g
3855,Smoothie m. frukt bär u. mjölk,Myristinsyra C14:0,Frukt färsk fryst,0.0,g
3855,Smoothie m. frukt bär u. mjölk,Laurinsyra C12:0,Frukt färsk fryst,0.0,g
3855,Smoothie m. frukt bär u. mjölk,Betakaroten/β-Karoten,Frukt färsk fryst,204.0,µg
3855,Smoothie m. frukt bär u. mjölk,Avfall (skal etc.),Frukt färsk fryst,20.0,%
3855,Smoothie m. frukt bär u. mjölk,Aska,Frukt färsk fryst,0.6,g
3855,Smoothie m. frukt bär u. mjölk,Alkohol,Frukt färsk fryst,0.0,g
3858,Råkostsallad m. morot äpple paprika purjolök,"Zink, Zn",Grönsaks- rotfrukts- baljväxträtter o produkter,0.2,mg
3858,Råkostsallad m. morot äpple paprika purjolök,Vitamin E,Grönsaks- rotfrukts- baljväxträtter o produkter,0.5,mg
3858,Råkostsallad m. morot äpple paprika purjolök,Vitamin D inkl 25-OH-D3,Grönsaks- rotfrukts- baljväxträtter o produkter,0.0,µg
3858,Råkostsallad m. morot äpple paprika purjolök,Vitamin D,Grönsaks- rotfrukts- baljväxträtter o produkter,0.0,µg
3858,Råkostsallad m. morot äpple paprika purjolök,Vitamin C,Grönsaks- rotfrukts- baljväxträtter o produkter,27.7,mg
3858,Råkostsallad m. morot äpple paprika purjolök,Vitamin B6,Grönsaks- rotfrukts- baljväxträtter o produkter,0.12,mg
3858,Råkostsallad m. morot äpple paprika purjolök,Vitamin B12,Grönsaks- rotfrukts- baljväxträtter o produkter,0.0,µg
3858,Råkostsallad m. morot äpple paprika purjolök,Vitamin A,Grönsaks- rotfrukts- baljväxträtter o produkter,405.0,RE/µg
3858,Råkostsallad m. morot äpple paprika purjolök,Vatten,Grönsaks- rotfrukts- baljväxträtter o produkter,89.1,g
3858,Råkostsallad m. morot äpple paprika purjolök,Tiamin,Grönsaks- rotfrukts- baljväxträtter o produkter,0.04,mg
3858,Råkostsallad m. morot äpple paprika purjolök,Tillsatt socker,Grönsaks- rotfrukts- baljväxträtter o produkter,0.0,g
3858,Råkostsallad m. morot äpple paprika purjolök,Fritt socker,Grönsaks- rotfrukts- baljväxträtter o produkter,0.0,g
3858,Råkostsallad m. morot äpple paprika purjolök,"Selen, Se",Grönsaks- rotfrukts- baljväxträtter o produkter,0.5,µg
3858,Råkostsallad m. morot äpple paprika purjolök,Sackaros,Grönsaks- rotfrukts- baljväxträtter o produkter,2.2,g
3858,Råkostsallad m. morot äpple paprika purjolök,Riboflavin,Grönsaks- rotfrukts- baljväxträtter o produkter,0.01,mg
3858,Råkostsallad m. morot äpple paprika purjolök,Retinol,Grönsaks- rotfrukts- baljväxträtter o produkter,0.0,µg
3858,Råkostsallad m. morot äpple paprika purjolök,Protein,Grönsaks- rotfrukts- baljväxträtter o produkter,0.7,g
3858,Råkostsallad m. morot äpple paprika purjolök,Summa fleromättade fettsyror,Grönsaks- rotfrukts- baljväxträtter o produkter,0.1,g
3858,Råkostsallad m. morot äpple paprika purjolök,"Fosfor, P",Grönsaks- rotfrukts- baljväxträtter o produkter,22.0,mg
3858,Råkostsallad m. morot äpple paprika purjolök,Niacinekvivalenter,Grönsaks- rotfrukts- baljväxträtter o produkter,0.68,NE/mg
3858,Råkostsallad m. morot äpple paprika purjolök,Niacin,Grönsaks- rotfrukts- baljväxträtter o produkter,0.56,mg
3858,Råkostsallad m. morot äpple paprika purjolök,"Salt, NaCl",Grönsaks- rotfrukts- baljväxträtter o produkter,0.0,g
3858,Råkostsallad m. morot äpple paprika purjolök,"Natrium, Na",Grönsaks- rotfrukts- baljväxträtter o produkter,17.0,mg
3858,Råkostsallad m. morot äpple paprika purjolök,Monosackarider,Grönsaks- rotfrukts- baljväxträtter o produkter,3.9,g
3858,Råkostsallad m. morot äpple paprika purjolök,"Sockerarter, totalt",Grönsaks- rotfrukts- baljväxträtter o produkter,6.1,g
3858,Råkostsallad m. morot äpple paprika purjolök,Summa enkelomättade fettsyror,Grönsaks- rotfrukts- baljväxträtter o produkter,0.0,g
3858,Råkostsallad m. morot äpple paprika purjolök,"Magnesium, Mg",Grönsaks- rotfrukts- baljväxträtter o produkter,9.0,mg
3858,Råkostsallad m. morot äpple paprika purjolök,Summa mättade fettsyror,Grönsaks- rotfrukts- baljväxträtter o produkter,0.0,g
3858,Råkostsallad m. morot äpple paprika purjolök,"Kolhydrater, tillgängliga",Grönsaks- rotfrukts- baljväxträtter o produkter,7.4,g
3858,Råkostsallad m. morot äpple paprika purjolök,Kolesterol,Grönsaks- rotfrukts- baljväxträtter o produkter,0.0,mg
3858,Råkostsallad m. morot äpple paprika purjolök,"Kalium, K",Grönsaks- rotfrukts- baljväxträtter o produkter,184.0,mg
3858,Råkostsallad m. morot äpple paprika purjolök,"Jod, I",Grönsaks- rotfrukts- baljväxträtter o produkter,0.5,µg
3858,Råkostsallad m. morot äpple paprika purjolök,Fullkorn totalt,Grönsaks- rotfrukts- baljväxträtter o produkter,0.0,g
3858,Råkostsallad m. morot äpple paprika purjolök,"Folat, totalt",Grönsaks- rotfrukts- baljväxträtter o produkter,25.8,µg
3858,Råkostsallad m. morot äpple paprika purjolök,Fibrer,Grönsaks- rotfrukts- baljväxträtter o produkter,2.0,g
3858,Råkostsallad m. morot äpple paprika purjolök,"Fett, totalt",Grönsaks- rotfrukts- baljväxträtter o produkter,0.2,g
3858,Råkostsallad m. morot äpple paprika purjolök,"Järn, Fe",Grönsaks- rotfrukts- baljväxträtter o produkter,0.4,mg
3858,Råkostsallad m. morot äpple paprika purjolök,Energi (kJ),Grönsaks- rotfrukts- baljväxträtter o produkter,161.0,kJ
3858,Råkostsallad m. morot äpple paprika purjolök,Energi (kcal),Grönsaks- rotfrukts- baljväxträtter o produkter,38.0,kcal
3858,Råkostsallad m. morot äpple paprika purjolök,Disackarider,Grönsaks- rotfrukts- baljväxträtter o produkter,2.2,g
3858,Råkostsallad m. morot äpple paprika purjolök,"Kalcium, Ca",Grönsaks- rotfrukts- baljväxträtter o produkter,28.0,mg
3858,Råkostsallad m. morot äpple paprika purjolök,Fettsyra 4:0-10:0,Grönsaks- rotfrukts- baljväxträtter o produkter,0.0,g
3858,Råkostsallad m. morot äpple paprika purjolök,DHA (C22:6),Grönsaks- rotfrukts- baljväxträtter o produkter,0.0,g
3858,Råkostsallad m. morot äpple paprika purjolök,DPA (C22:5),Grönsaks- rotfrukts- baljväxträtter o produkter,0.0,g
3858,Råkostsallad m. morot äpple paprika purjolök,EPA (C20:5),Grönsaks- rotfrukts- baljväxträtter o produkter,0.0,g
3858,Råkostsallad m. morot äpple paprika purjolök,Arakidonsyra C20:4,Grönsaks- rotfrukts- baljväxträtter o produkter,0.0,g
3858,Råkostsallad m. morot äpple paprika purjolök,Arakidinsyra C20:0,Grönsaks- rotfrukts- baljväxträtter o produkter,0.0,g
3858,Råkostsallad m. morot äpple paprika purjolök,Linolensyra C18:3,Grönsaks- rotfrukts- baljväxträtter o produkter,0.0,g
3858,Råkostsallad m. morot äpple paprika purjolök,Linolsyra C18:2,Grönsaks- rotfrukts- baljväxträtter o produkter,0.1,g
3858,Råkostsallad m. morot äpple paprika purjolök,Oljesyra C18:1,Grönsaks- rotfrukts- baljväxträtter o produkter,0.0,g
3858,Råkostsallad m. morot äpple paprika purjolök,Stearinsyra C18:0,Grönsaks- rotfrukts- baljväxträtter o produkter,0.0,g
3858,Råkostsallad m. morot äpple paprika purjolök,Palmitoljesyra C16:1,Grönsaks- rotfrukts- baljväxträtter o produkter,0.0,g
3858,Råkostsallad m. morot äpple paprika purjolök,Palmitinsyra C16:0,Grönsaks- rotfrukts- baljväxträtter o produkter,0.0,g
3858,Råkostsallad m. morot äpple paprika purjolök,Myristinsyra C14:0,Grönsaks- rotfrukts- baljväxträtter o produkter,0.0,g
3858,Råkostsallad m. morot äpple paprika purjolök,Laurinsyra C12:0,Grönsaks- rotfrukts- baljväxträtter o produkter,0.0,g
3858,Råkostsallad m. morot äpple paprika purjolök,Betakaroten/β-Karoten,Grönsaks- rotfrukts- baljväxträtter o produkter,4112.0,µg
3858,Råkostsallad m. morot äpple paprika purjolök,Avfall (skal etc.),Grönsaks- rotfrukts- baljväxträtter o produkter,11.0,%
3858,Råkostsallad m. morot äpple paprika purjolök,Aska,Grönsaks- rotfrukts- baljväxträtter o produkter,0.6,g
3858,Råkostsallad m. morot äpple paprika purjolök,Alkohol,Grönsaks- rotfrukts- baljväxträtter o produkter,0.0,g
3859,Grönsaker rotfrukter stekta wokade,"Zink, Zn",Grönsaksblandningar med rotfrukter och eller baljväxter,0.3,mg
3859,Grönsaker rotfrukter stekta wokade,Vitamin E,Grönsaksblandningar med rotfrukter och eller baljväxter,2.3,mg
3859,Grönsaker rotfrukter stekta wokade,Vitamin D,Grönsaksblandningar med rotfrukter och eller baljväxter,0.19,µg
3859,Grönsaker rotfrukter stekta wokade,Vitamin C,Grönsaksblandningar med rotfrukter och eller baljväxter,43.0,mg
3859,Grönsaker rotfrukter stekta wokade,Vitamin B6,Grönsaksblandningar med rotfrukter och eller baljväxter,0.19,mg
3859,Grönsaker rotfrukter stekta wokade,Vitamin B12,Grönsaksblandningar med rotfrukter och eller baljväxter,0.0,µg
3859,Grönsaker rotfrukter stekta wokade,Vitamin A,Grönsaksblandningar med rotfrukter och eller baljväxter,324.0,RE/µg
3859,Grönsaker rotfrukter stekta wokade,Vatten,Grönsaksblandningar med rotfrukter och eller baljväxter,82.4,g
3859,Grönsaker rotfrukter stekta wokade,Tiamin,Grönsaksblandningar med rotfrukter och eller baljväxter,0.05,mg
3859,Grönsaker rotfrukter stekta wokade,Tillsatt socker,Grönsaksblandningar med rotfrukter och eller baljväxter,0.0,g
3859,Grönsaker rotfrukter stekta wokade,Fritt socker,Grönsaksblandningar med rotfrukter och eller baljväxter,0.0,g
3859,Grönsaker rotfrukter stekta wokade,"Selen, Se",Grönsaksblandningar med rotfrukter och eller baljväxter,0.1,µg
3859,Grönsaker rotfrukter stekta wokade,Sackaros,Grönsaksblandningar med rotfrukter och eller baljväxter,1.8,g
3859,Grönsaker rotfrukter stekta wokade,Riboflavin,Grönsaksblandningar med rotfrukter och eller baljväxter,0.03,mg
3859,Grönsaker rotfrukter stekta wokade,Retinol,Grönsaksblandningar med rotfrukter och eller baljväxter,6.6,µg
3859,Grönsaker rotfrukter stekta wokade,Protein,Grönsaksblandningar med rotfrukter och eller baljväxter,1.4,g
3859,Grönsaker rotfrukter stekta wokade,Summa fleromättade fettsyror,Grönsaksblandningar med rotfrukter och eller baljväxter,1.4,g
3859,Grönsaker rotfrukter stekta wokade,"Fosfor, P",Grönsaksblandningar med rotfrukter och eller baljväxter,38.0,mg
3859,Grönsaker rotfrukter stekta wokade,Niacinekvivalenter,Grönsaksblandningar med rotfrukter och eller baljväxter,1.05,NE/mg
3859,Grönsaker rotfrukter stekta wokade,Niacin,Grönsaksblandningar med rotfrukter och eller baljväxter,0.82,mg
3859,Grönsaker rotfrukter stekta wokade,"Salt, NaCl",Grönsaksblandningar med rotfrukter och eller baljväxter,1.1,g
3859,Grönsaker rotfrukter stekta wokade,"Natrium, Na",Grönsaksblandningar med rotfrukter och eller baljväxter,452.0,mg
3859,Grönsaker rotfrukter stekta wokade,Monosackarider,Grönsaksblandningar med rotfrukter och eller baljväxter,4.2,g
3859,Grönsaker rotfrukter stekta wokade,"Sockerarter, totalt",Grönsaksblandningar med rotfrukter och eller baljväxter,6.0,g
3859,Grönsaker rotfrukter stekta wokade,Summa enkelomättade fettsyror,Grönsaksblandningar med rotfrukter och eller baljväxter,2.6,g
3859,Grönsaker rotfrukter stekta wokade,"Magnesium, Mg",Grönsaksblandningar med rotfrukter och eller baljväxter,13.0,mg
3859,Grönsaker rotfrukter stekta wokade,Summa mättade fettsyror,Grönsaksblandningar med rotfrukter och eller baljväxter,0.5,g
3859,Grönsaker rotfrukter stekta wokade,"Kolhydrater, tillgängliga",Grönsaksblandningar med rotfrukter och eller baljväxter,6.8,g
3859,Grönsaker rotfrukter stekta wokade,Kolesterol,Grönsaksblandningar med rotfrukter och eller baljväxter,0.0,mg
3859,Grönsaker rotfrukter stekta wokade,"Kalium, K",Grönsaksblandningar med rotfrukter och eller baljväxter,256.0,mg
3859,Grönsaker rotfrukter stekta wokade,"Jod, I",Grönsaksblandningar med rotfrukter och eller baljväxter,55.1,µg
3859,Grönsaker rotfrukter stekta wokade,Fullkorn totalt,Grönsaksblandningar med rotfrukter och eller baljväxter,0.0,g
3859,Grönsaker rotfrukter stekta wokade,"Folat, totalt",Grönsaksblandningar med rotfrukter och eller baljväxter,34.8,µg
3859,Grönsaker rotfrukter stekta wokade,Fibrer,Grönsaksblandningar med rotfrukter och eller baljväxter,2.7,g
3859,Grönsaker rotfrukter stekta wokade,"Fett, totalt",Grönsaksblandningar med rotfrukter och eller baljväxter,4.8,g
3859,Grönsaker rotfrukter stekta wokade,"Järn, Fe",Grönsaksblandningar med rotfrukter och eller baljväxter,0.4,mg
3859,Grönsaker rotfrukter stekta wokade,Energi (kJ),Grönsaksblandningar med rotfrukter och eller baljväxter,338.0,kJ
3859,Grönsaker rotfrukter stekta wokade,Energi (kcal),Grönsaksblandningar med rotfrukter och eller baljväxter,81.0,kcal
3859,Grönsaker rotfrukter stekta wokade,Disackarider,Grönsaksblandningar med rotfrukter och eller baljväxter,1.8,g
3859,Grönsaker rotfrukter stekta wokade,"Kalcium, Ca",Grönsaksblandningar med rotfrukter och eller baljväxter,34.0,mg
3859,Grönsaker rotfrukter stekta wokade,Fettsyra 4:0-10:0,Grönsaksblandningar med rotfrukter och eller baljväxter,0.0,g
3859,Grönsaker rotfrukter stekta wokade,DHA (C22:6),Grönsaksblandningar med rotfrukter och eller baljväxter,0.0,g
3859,Grönsaker rotfrukter stekta wokade,DPA (C22:5),Grönsaksblandningar med rotfrukter och eller baljväxter,0.0,g
3859,Grönsaker rotfrukter stekta wokade,EPA (C20:5),Grönsaksblandningar med rotfrukter och eller baljväxter,0.0,g
3859,Grönsaker rotfrukter stekta wokade,Arakidonsyra C20:4,Grönsaksblandningar med rotfrukter och eller baljväxter,0.0,g
3859,Grönsaker rotfrukter stekta wokade,Arakidinsyra C20:0,Grönsaksblandningar med rotfrukter och eller baljväxter,0.0,g
3859,Grönsaker rotfrukter stekta wokade,Linolensyra C18:3,Grönsaksblandningar med rotfrukter och eller baljväxter,0.3,g
3859,Grönsaker rotfrukter stekta wokade,Linolsyra C18:2,Grönsaksblandningar med rotfrukter och eller baljväxter,1.0,g
3859,Grönsaker rotfrukter stekta wokade,Oljesyra C18:1,Grönsaksblandningar med rotfrukter och eller baljväxter,2.5,g
3859,Grönsaker rotfrukter stekta wokade,Stearinsyra C18:0,Grönsaksblandningar med rotfrukter och eller baljväxter,0.1,g
3859,Grönsaker rotfrukter stekta wokade,Palmitoljesyra C16:1,Grönsaksblandningar med rotfrukter och eller baljväxter,0.0,g
3859,Grönsaker rotfrukter stekta wokade,Palmitinsyra C16:0,Grönsaksblandningar med rotfrukter och eller baljväxter,0.3,g
3859,Grönsaker rotfrukter stekta wokade,Myristinsyra C14:0,Grönsaksblandningar med rotfrukter och eller baljväxter,0.0,g
3859,Grönsaker rotfrukter stekta wokade,Laurinsyra C12:0,Grönsaksblandningar med rotfrukter och eller baljväxter,0.0,g
3859,Grönsaker rotfrukter stekta wokade,Betakaroten/β-Karoten,Grönsaksblandningar med rotfrukter och eller baljväxter,3151.0,µg
3859,Grönsaker rotfrukter stekta wokade,Avfall (skal etc.),Grönsaksblandningar med rotfrukter och eller baljväxter,13.0,%
3859,Grönsaker rotfrukter stekta wokade,Aska,Grönsaksblandningar med rotfrukter och eller baljväxter,1.9,g
3859,Grönsaker rotfrukter stekta wokade,Alkohol,Grönsaksblandningar med rotfrukter och eller baljväxter,0.0,g
3871,Rödbetssallad kylvara,"Zink, Zn",Majonnässallad röror,0.2,mg
3871,Rödbetssallad kylvara,Vitamin E,Majonnässallad röror,6.2,mg
3871,Rödbetssallad kylvara,Vitamin D,Majonnässallad röror,0.06,µg
3871,Rödbetssallad kylvara,Vitamin C,Majonnässallad röror,1.6,mg
3871,Rödbetssallad kylvara,Vitamin B6,Majonnässallad röror,0.03,mg
3871,Rödbetssallad kylvara,Vitamin B12,Majonnässallad röror,0.11,µg
3871,Rödbetssallad kylvara,Vitamin A,Majonnässallad röror,6.9,RE/µg
3871,Rödbetssallad kylvara,Vatten,Majonnässallad röror,61.8,g
3871,Rödbetssallad kylvara,Tiamin,Majonnässallad röror,0.01,mg
3871,Rödbetssallad kylvara,Tillsatt socker,Majonnässallad röror,9.0,g
3871,Rödbetssallad kylvara,Fritt socker,Majonnässallad röror,9.0,g
3871,Rödbetssallad kylvara,"Selen, Se",Majonnässallad röror,0.0,µg
3871,Rödbetssallad kylvara,Sackaros,Majonnässallad röror,7.4,g
3871,Rödbetssallad kylvara,Riboflavin,Majonnässallad röror,0.01,mg
3871,Rödbetssallad kylvara,Retinol,Majonnässallad röror,5.1,µg
3871,Rödbetssallad kylvara,Protein,Majonnässallad röror,1.3,g
3871,Rödbetssallad kylvara,Summa fleromättade fettsyror,Majonnässallad röror,6.3,g
3871,Rödbetssallad kylvara,"Fosfor, P",Majonnässallad röror,23.0,mg
3871,Rödbetssallad kylvara,Niacinekvivalenter,Majonnässallad röror,0.36,NE/mg
3871,Rödbetssallad kylvara,Niacin,Majonnässallad röror,0.05,mg
3871,Rödbetssallad kylvara,"Salt, NaCl",Majonnässallad röror,1.2,g
3871,Rödbetssallad kylvara,"Natrium, Na",Majonnässallad röror,474.0,mg
3871,Rödbetssallad kylvara,Monosackarider,Majonnässallad röror,2.8,g
3871,Rödbetssallad kylvara,"Sockerarter, totalt",Majonnässallad röror,10.3,g
3871,Rödbetssallad kylvara,Summa enkelomättade fettsyror,Majonnässallad röror,13.8,g
3871,Rödbetssallad kylvara,"Magnesium, Mg",Majonnässallad röror,7.0,mg
3871,Rödbetssallad kylvara,Summa mättade fettsyror,Majonnässallad röror,1.6,g
3871,Rödbetssallad kylvara,"Kolhydrater, tillgängliga",Majonnässallad röror,11.7,g
3871,Rödbetssallad kylvara,Kolesterol,Majonnässallad röror,13.1,mg
3871,Rödbetssallad kylvara,"Kalium, K",Majonnässallad röror,128.0,mg
3871,Rödbetssallad kylvara,"Jod, I",Majonnässallad röror,25.4,µg
3871,Rödbetssallad kylvara,Fullkorn totalt,Majonnässallad röror,0.0,g
3871,Rödbetssallad kylvara,"Folat, totalt",Majonnässallad röror,14.4,µg
3871,Rödbetssallad kylvara,Fibrer,Majonnässallad röror,1.0,g
3871,Rödbetssallad kylvara,"Fett, totalt",Majonnässallad röror,22.8,g
3871,Rödbetssallad kylvara,"Järn, Fe",Majonnässallad röror,0.3,mg
3871,Rödbetssallad kylvara,Energi (kJ),Majonnässallad röror,1072.0,kJ
3871,Rödbetssallad kylvara,Energi (kcal),Majonnässallad röror,256.0,kcal
3871,Rödbetssallad kylvara,Disackarider,Majonnässallad röror,7.5,g
3871,Rödbetssallad kylvara,"Kalcium, Ca",Majonnässallad röror,17.0,mg
3871,Rödbetssallad kylvara,Fettsyra 4:0-10:0,Majonnässallad röror,0.0,g
3871,Rödbetssallad kylvara,DHA (C22:6),Majonnässallad röror,0.0,g
3871,Rödbetssallad kylvara,DPA (C22:5),Majonnässallad röror,0.0,g
3871,Rödbetssallad kylvara,EPA (C20:5),Majonnässallad röror,0.0,g
3871,Rödbetssallad kylvara,Arakidonsyra C20:4,Majonnässallad röror,0.0,g
3871,Rödbetssallad kylvara,Arakidinsyra C20:0,Majonnässallad röror,0.1,g
3871,Rödbetssallad kylvara,Linolensyra C18:3,Majonnässallad röror,2.0,g
3871,Rödbetssallad kylvara,Linolsyra C18:2,Majonnässallad röror,4.3,g
3871,Rödbetssallad kylvara,Oljesyra C18:1,Majonnässallad röror,13.4,g
3871,Rödbetssallad kylvara,Stearinsyra C18:0,Majonnässallad röror,0.3,g
3871,Rödbetssallad kylvara,Palmitoljesyra C16:1,Majonnässallad röror,0.1,g
3871,Rödbetssallad kylvara,Palmitinsyra C16:0,Majonnässallad röror,1.1,g
3871,Rödbetssallad kylvara,Myristinsyra C14:0,Majonnässallad röror,0.0,g
3871,Rödbetssallad kylvara,Laurinsyra C12:0,Majonnässallad röror,0.0,g
3871,Rödbetssallad kylvara,Betakaroten/β-Karoten,Majonnässallad röror,21.0,µg
3871,Rödbetssallad kylvara,Avfall (skal etc.),Majonnässallad röror,0.0,%
3871,Rödbetssallad kylvara,Aska,Majonnässallad röror,1.4,g
3871,Rödbetssallad kylvara,Alkohol,Majonnässallad röror,0.0,g
3872,Potatissallad kylvara,"Zink, Zn",Potatisprodukter potatisrätter,0.2,mg
3872,Potatissallad kylvara,Vitamin E,Potatisprodukter potatisrätter,5.3,mg
3872,Potatissallad kylvara,Vitamin D,Potatisprodukter potatisrätter,0.06,µg
3872,Potatissallad kylvara,Vitamin C,Potatisprodukter potatisrätter,10.1,mg
3872,Potatissallad kylvara,Vitamin B6,Potatisprodukter potatisrätter,0.12,mg
3872,Potatissallad kylvara,Vitamin B12,Potatisprodukter potatisrätter,0.09,µg
3872,Potatissallad kylvara,Vitamin A,Potatisprodukter potatisrätter,8.0,RE/µg
3872,Potatissallad kylvara,Vatten,Potatisprodukter potatisrätter,63.2,g
3872,Potatissallad kylvara,Tiamin,Potatisprodukter potatisrätter,0.04,mg
3872,Potatissallad kylvara,Tillsatt socker,Potatisprodukter potatisrätter,1.0,g
3872,Potatissallad kylvara,Fritt socker,Potatisprodukter potatisrätter,1.0,g
3872,Potatissallad kylvara,"Selen, Se",Potatisprodukter potatisrätter,0.0,µg
3872,Potatissallad kylvara,Sackaros,Potatisprodukter potatisrätter,1.0,g
3872,Potatissallad kylvara,Riboflavin,Potatisprodukter potatisrätter,0.12,mg
3872,Potatissallad kylvara,Retinol,Potatisprodukter potatisrätter,4.7,µg
3872,Potatissallad kylvara,Protein,Potatisprodukter potatisrätter,1.6,g
3872,Potatissallad kylvara,Summa fleromättade fettsyror,Potatisprodukter potatisrätter,5.6,g
3872,Potatissallad kylvara,"Fosfor, P",Potatisprodukter potatisrätter,40.0,mg
3872,Potatissallad kylvara,Niacinekvivalenter,Potatisprodukter potatisrätter,1.36,NE/mg
3872,Potatissallad kylvara,Niacin,Potatisprodukter potatisrätter,1.07,mg
3872,Potatissallad kylvara,"Salt, NaCl",Potatisprodukter potatisrätter,1.0,g
3872,Potatissallad kylvara,"Natrium, Na",Potatisprodukter potatisrätter,400.0,mg
3872,Potatissallad kylvara,Monosackarider,Potatisprodukter potatisrätter,0.4,g
3872,Potatissallad kylvara,"Sockerarter, totalt",Potatisprodukter potatisrätter,1.4,g
3872,Potatissallad kylvara,Summa enkelomättade fettsyror,Potatisprodukter potatisrätter,12.1,g
3872,Potatissallad kylvara,"Magnesium, Mg",Potatisprodukter potatisrätter,15.0,mg
3872,Potatissallad kylvara,Summa mättade fettsyror,Potatisprodukter potatisrätter,1.4,g
3872,Potatissallad kylvara,"Kolhydrater, tillgängliga",Potatisprodukter potatisrätter,12.4,g
3872,Potatissallad kylvara,Kolesterol,Potatisprodukter potatisrätter,10.9,mg
3872,Potatissallad kylvara,"Kalium, K",Potatisprodukter potatisrätter,203.0,mg
3872,Potatissallad kylvara,"Jod, I",Potatisprodukter potatisrätter,4.8,µg
3872,Potatissallad kylvara,Fullkorn totalt,Potatisprodukter potatisrätter,0.0,g
3872,Potatissallad kylvara,"Folat, totalt",Potatisprodukter potatisrätter,13.0,µg
3872,Potatissallad kylvara,Fibrer,Potatisprodukter potatisrätter,1.3,g
3872,Potatissallad kylvara,"Fett, totalt",Potatisprodukter potatisrätter,20.0,g
3872,Potatissallad kylvara,"Järn, Fe",Potatisprodukter potatisrätter,0.4,mg
3872,Potatissallad kylvara,Energi (kJ),Potatisprodukter potatisrätter,989.0,kJ
3872,Potatissallad kylvara,Energi (kcal),Potatisprodukter potatisrätter,236.0,kcal
3872,Potatissallad kylvara,Disackarider,Potatisprodukter potatisrätter,1.0,g
3872,Potatissallad kylvara,"Kalcium, Ca",Potatisprodukter potatisrätter,11.0,mg
3872,Potatissallad kylvara,Fettsyra 4:0-10:0,Potatisprodukter potatisrätter,0.0,g
3872,Potatissallad kylvara,DHA (C22:6),Potatisprodukter potatisrätter,0.0,g
3872,Potatissallad kylvara,DPA (C22:5),Potatisprodukter potatisrätter,0.0,g
3872,Potatissallad kylvara,EPA (C20:5),Potatisprodukter potatisrätter,0.0,g
3872,Potatissallad kylvara,Arakidonsyra C20:4,Potatisprodukter potatisrätter,0.0,g
3872,Potatissallad kylvara,Arakidinsyra C20:0,Potatisprodukter potatisrätter,0.1,g
3872,Potatissallad kylvara,Linolensyra C18:3,Potatisprodukter potatisrätter,1.8,g
3872,Potatissallad kylvara,Linolsyra C18:2,Potatisprodukter potatisrätter,3.8,g
3872,Potatissallad kylvara,Oljesyra C18:1,Potatisprodukter potatisrätter,11.6,g
3872,Potatissallad kylvara,Stearinsyra C18:0,Potatisprodukter potatisrätter,0.3,g
3872,Potatissallad kylvara,Palmitoljesyra C16:1,Potatisprodukter potatisrätter,0.1,g
3872,Potatissallad kylvara,Palmitinsyra C16:0,Potatisprodukter potatisrätter,0.9,g
3872,Potatissallad kylvara,Myristinsyra C14:0,Potatisprodukter potatisrätter,0.0,g
3872,Potatissallad kylvara,Laurinsyra C12:0,Potatisprodukter potatisrätter,0.0,g
3872,Potatissallad kylvara,Betakaroten/β-Karoten,Potatisprodukter potatisrätter,39.0,µg
3872,Potatissallad kylvara,Avfall (skal etc.),Potatisprodukter potatisrätter,0.0,%
3872,Potatissallad kylvara,Aska,Potatisprodukter potatisrätter,1.5,g
3872,Potatissallad kylvara,Alkohol,Potatisprodukter potatisrätter,0.0,g
3873,Skagenröra m. majonnäs kylvara,"Zink, Zn",Majonnässallad röror,0.4,mg
3873,Skagenröra m. majonnäs kylvara,Vitamin E,Majonnässallad röror,11.7,mg
3873,Skagenröra m. majonnäs kylvara,Vitamin D,Majonnässallad röror,0.22,µg
3873,Skagenröra m. majonnäs kylvara,Vitamin C,Majonnässallad röror,0.7,mg
3873,Skagenröra m. majonnäs kylvara,Vitamin B6,Majonnässallad röror,0.01,mg
3873,Skagenröra m. majonnäs kylvara,Vitamin B12,Majonnässallad röror,1.16,µg
3873,Skagenröra m. majonnäs kylvara,Vitamin A,Majonnässallad röror,17.2,RE/µg
3873,Skagenröra m. majonnäs kylvara,Vatten,Majonnässallad röror,45.7,g
3873,Skagenröra m. majonnäs kylvara,Tiamin,Majonnässallad röror,0.02,mg
3873,Skagenröra m. majonnäs kylvara,Tillsatt socker,Majonnässallad röror,2.0,g
3873,Skagenröra m. majonnäs kylvara,Fritt socker,Majonnässallad röror,2.0,g
3873,Skagenröra m. majonnäs kylvara,"Selen, Se",Majonnässallad röror,7.9,µg
3873,Skagenröra m. majonnäs kylvara,Sackaros,Majonnässallad röror,1.4,g
3873,Skagenröra m. majonnäs kylvara,Riboflavin,Majonnässallad röror,0.07,mg
3873,Skagenröra m. majonnäs kylvara,Retinol,Majonnässallad röror,11.0,µg
3873,Skagenröra m. majonnäs kylvara,Protein,Majonnässallad röror,5.4,g
3873,Skagenröra m. majonnäs kylvara,Summa fleromättade fettsyror,Majonnässallad röror,11.2,g
3873,Skagenröra m. majonnäs kylvara,"Fosfor, P",Majonnässallad röror,62.0,mg
3873,Skagenröra m. majonnäs kylvara,Niacinekvivalenter,Majonnässallad röror,1.3,NE/mg
3873,Skagenröra m. majonnäs kylvara,Niacin,Majonnässallad röror,0.29,mg
3873,Skagenröra m. majonnäs kylvara,"Salt, NaCl",Majonnässallad röror,1.3,g
3873,Skagenröra m. majonnäs kylvara,"Natrium, Na",Majonnässallad röror,531.0,mg
3873,Skagenröra m. majonnäs kylvara,Monosackarider,Majonnässallad röror,0.0,g
3873,Skagenröra m. majonnäs kylvara,"Sockerarter, totalt",Majonnässallad röror,1.4,g
3873,Skagenröra m. majonnäs kylvara,Summa enkelomättade fettsyror,Majonnässallad röror,24.1,g
3873,Skagenröra m. majonnäs kylvara,"Magnesium, Mg",Majonnässallad röror,12.0,mg
3873,Skagenröra m. majonnäs kylvara,Summa mättade fettsyror,Majonnässallad röror,2.8,g
3873,Skagenröra m. majonnäs kylvara,"Kolhydrater, tillgängliga",Majonnässallad röror,6.8,g
3873,Skagenröra m. majonnäs kylvara,Kolesterol,Majonnässallad röror,63.7,mg
3873,Skagenröra m. majonnäs kylvara,"Kalium, K",Majonnässallad röror,57.0,mg
3873,Skagenröra m. majonnäs kylvara,"Jod, I",Majonnässallad röror,10.4,µg
3873,Skagenröra m. majonnäs kylvara,Fullkorn totalt,Majonnässallad röror,0.0,g
3873,Skagenröra m. majonnäs kylvara,"Folat, totalt",Majonnässallad röror,5.9,µg
3873,Skagenröra m. majonnäs kylvara,Fibrer,Majonnässallad röror,0.1,g
3873,Skagenröra m. majonnäs kylvara,"Fett, totalt",Majonnässallad röror,40.1,g
3873,Skagenröra m. majonnäs kylvara,"Järn, Fe",Majonnässallad röror,0.3,mg
3873,Skagenröra m. majonnäs kylvara,Energi (kJ),Majonnässallad röror,1694.0,kJ
3873,Skagenröra m. majonnäs kylvara,Energi (kcal),Majonnässallad röror,405.0,kcal
3873,Skagenröra m. majonnäs kylvara,Disackarider,Majonnässallad röror,1.4,g
3873,Skagenröra m. majonnäs kylvara,"Kalcium, Ca",Majonnässallad röror,39.0,mg
3873,Skagenröra m. majonnäs kylvara,Fettsyra 4:0-10:0,Majonnässallad röror,0.0,g
3873,Skagenröra m. majonnäs kylvara,DHA (C22:6),Majonnässallad röror,0.0,g
3873,Skagenröra m. majonnäs kylvara,DPA (C22:5),Majonnässallad röror,0.0,g
3873,Skagenröra m. majonnäs kylvara,EPA (C20:5),Majonnässallad röror,0.0,g
3873,Skagenröra m. majonnäs kylvara,Arakidonsyra C20:4,Majonnässallad röror,0.0,g
3873,Skagenröra m. majonnäs kylvara,Arakidinsyra C20:0,Majonnässallad röror,0.2,g
3873,Skagenröra m. majonnäs kylvara,Linolensyra C18:3,Majonnässallad röror,3.6,g
3873,Skagenröra m. majonnäs kylvara,Linolsyra C18:2,Majonnässallad röror,7.6,g
3873,Skagenröra m. majonnäs kylvara,Oljesyra C18:1,Majonnässallad röror,23.4,g
3873,Skagenröra m. majonnäs kylvara,Stearinsyra C18:0,Majonnässallad röror,0.6,g
3873,Skagenröra m. majonnäs kylvara,Palmitoljesyra C16:1,Majonnässallad röror,0.1,g
3873,Skagenröra m. majonnäs kylvara,Palmitinsyra C16:0,Majonnässallad röror,1.9,g
3873,Skagenröra m. majonnäs kylvara,Myristinsyra C14:0,Majonnässallad röror,0.0,g
3873,Skagenröra m. majonnäs kylvara,Laurinsyra C12:0,Majonnässallad röror,0.0,g
3873,Skagenröra m. majonnäs kylvara,Betakaroten/β-Karoten,Majonnässallad röror,74.0,µg
3873,Skagenröra m. majonnäs kylvara,Avfall (skal etc.),Majonnässallad röror,16.0,%
3873,Skagenröra m. majonnäs kylvara,Aska,Majonnässallad röror,1.6,g
3873,Skagenröra m. majonnäs kylvara,Alkohol,Majonnässallad röror,0.0,g
3899,Kålrot stekt el. wokad,"Zink, Zn",Rotfrukter,0.2,mg
3899,Kålrot stekt el. wokad,Vitamin E,Rotfrukter,0.9,mg
3899,Kålrot stekt el. wokad,Vitamin D,Rotfrukter,0.14,µg
3899,Kålrot stekt el. wokad,Vitamin C,Rotfrukter,44.7,mg
3899,Kålrot stekt el. wokad,Vitamin B6,Rotfrukter,0.25,mg
3899,Kålrot stekt el. wokad,Vitamin B12,Rotfrukter,0.0,µg
3899,Kålrot stekt el. wokad,Vitamin A,Rotfrukter,12.2,RE/µg
3899,Kålrot stekt el. wokad,Vatten,Rotfrukter,81.3,g
3899,Kålrot stekt el. wokad,Tiamin,Rotfrukter,0.06,mg
3899,Kålrot stekt el. wokad,Tillsatt socker,Rotfrukter,0.0,g
3899,Kålrot stekt el. wokad,Fritt socker,Rotfrukter,0.0,g
3899,Kålrot stekt el. wokad,"Selen, Se",Rotfrukter,0.0,µg
3899,Kålrot stekt el. wokad,Sackaros,Rotfrukter,0.5,g
3899,Kålrot stekt el. wokad,Riboflavin,Rotfrukter,0.04,mg
3899,Kålrot stekt el. wokad,Retinol,Rotfrukter,5.1,µg
3899,Kålrot stekt el. wokad,Protein,Rotfrukter,1.8,g
3899,Kålrot stekt el. wokad,Summa fleromättade fettsyror,Rotfrukter,1.0,g
3899,Kålrot stekt el. wokad,"Fosfor, P",Rotfrukter,40.0,mg
3899,Kålrot stekt el. wokad,Niacinekvivalenter,Rotfrukter,2.22,NE/mg
3899,Kålrot stekt el. wokad,Niacin,Rotfrukter,1.93,mg
3899,Kålrot stekt el. wokad,"Salt, NaCl",Rotfrukter,0.7,g
3899,Kålrot stekt el. wokad,"Natrium, Na",Rotfrukter,275.0,mg
3899,Kålrot stekt el. wokad,Monosackarider,Rotfrukter,8.3,g
3899,Kålrot stekt el. wokad,"Sockerarter, totalt",Rotfrukter,8.9,g
3899,Kålrot stekt el. wokad,Summa enkelomättade fettsyror,Rotfrukter,2.0,g
3899,Kålrot stekt el. wokad,"Magnesium, Mg",Rotfrukter,12.0,mg
3899,Kålrot stekt el. wokad,Summa mättade fettsyror,Rotfrukter,0.4,g
3899,Kålrot stekt el. wokad,"Kolhydrater, tillgängliga",Rotfrukter,8.0,g
3899,Kålrot stekt el. wokad,Kolesterol,Rotfrukter,0.0,mg
3899,Kålrot stekt el. wokad,"Kalium, K",Rotfrukter,217.0,mg
3899,Kålrot stekt el. wokad,"Jod, I",Rotfrukter,32.6,µg
3899,Kålrot stekt el. wokad,Fullkorn totalt,Rotfrukter,0.0,g
3899,Kålrot stekt el. wokad,"Folat, totalt",Rotfrukter,46.4,µg
3899,Kålrot stekt el. wokad,Fibrer,Rotfrukter,3.9,g
3899,Kålrot stekt el. wokad,"Fett, totalt",Rotfrukter,3.5,g
3899,Kålrot stekt el. wokad,"Järn, Fe",Rotfrukter,0.3,mg
3899,Kålrot stekt el. wokad,Energi (kJ),Rotfrukter,326.0,kJ
3899,Kålrot stekt el. wokad,Energi (kcal),Rotfrukter,79.0,kcal
3899,Kålrot stekt el. wokad,Disackarider,Rotfrukter,0.5,g
3899,Kålrot stekt el. wokad,"Kalcium, Ca",Rotfrukter,56.0,mg
3899,Kålrot stekt el. wokad,Fettsyra 4:0-10:0,Rotfrukter,0.0,g
3899,Kålrot stekt el. wokad,DHA (C22:6),Rotfrukter,0.0,g
3899,Kålrot stekt el. wokad,DPA (C22:5),Rotfrukter,0.0,g
3899,Kålrot stekt el. wokad,EPA (C20:5),Rotfrukter,0.0,g
3899,Kålrot stekt el. wokad,Arakidonsyra C20:4,Rotfrukter,0.0,g
3899,Kålrot stekt el. wokad,Arakidinsyra C20:0,Rotfrukter,0.0,g
3899,Kålrot stekt el. wokad,Linolensyra C18:3,Rotfrukter,0.3,g
3899,Kålrot stekt el. wokad,Linolsyra C18:2,Rotfrukter,0.8,g
3899,Kålrot stekt el. wokad,Oljesyra C18:1,Rotfrukter,1.9,g
3899,Kålrot stekt el. wokad,Stearinsyra C18:0,Rotfrukter,0.1,g
3899,Kålrot stekt el. wokad,Palmitoljesyra C16:1,Rotfrukter,0.0,g
3899,Kålrot stekt el. wokad,Palmitinsyra C16:0,Rotfrukter,0.2,g
3899,Kålrot stekt el. wokad,Myristinsyra C14:0,Rotfrukter,0.0,g
3899,Kålrot stekt el. wokad,Laurinsyra C12:0,Rotfrukter,0.0,g
3899,Kålrot stekt el. wokad,Betakaroten/β-Karoten,Rotfrukter,22.0,µg
3899,Kålrot stekt el. wokad,Avfall (skal etc.),Rotfrukter,13.0,%
3899,Kålrot stekt el. wokad,Aska,Rotfrukter,1.4,g
3899,Kålrot stekt el. wokad,Alkohol,Rotfrukter,0.0,g
3919,Mördegskaka,"Zink, Zn",Bullar kakor tårtor mm,0.3,mg
3919,Mördegskaka,Vitamin E,Bullar kakor tårtor mm,1.0,mg
3919,Mördegskaka,Vitamin D inkl 25-OH-D3,Bullar kakor tårtor mm,0.29,µg
3919,Mördegskaka,Vitamin D,Bullar kakor tårtor mm,0.09,µg
3919,Mördegskaka,Vitamin C,Bullar kakor tårtor mm,1.2,mg
3919,Mördegskaka,Vitamin B6,Bullar kakor tårtor mm,0.03,mg
3919,Mördegskaka,Vitamin B12,Bullar kakor tårtor mm,0.0,µg
3919,Mördegskaka,Vitamin A,Bullar kakor tårtor mm,241.2,RE/µg
3919,Mördegskaka,Vatten,Bullar kakor tårtor mm,13.1,g
3919,Mördegskaka,Tiamin,Bullar kakor tårtor mm,0.06,mg
3919,Mördegskaka,Tillsatt socker,Bullar kakor tårtor mm,9.0,g
3919,Mördegskaka,Fritt socker,Bullar kakor tårtor mm,9.0,g
3919,Mördegskaka,"Selen, Se",Bullar kakor tårtor mm,5.3,µg
3919,Mördegskaka,Sackaros,Bullar kakor tårtor mm,8.9,g
3919,Mördegskaka,Riboflavin,Bullar kakor tårtor mm,0.01,mg
3919,Mördegskaka,Retinol,Bullar kakor tårtor mm,228.3,µg
3919,Mördegskaka,Protein,Bullar kakor tårtor mm,4.6,g
3919,Mördegskaka,Summa fleromättade fettsyror,Bullar kakor tårtor mm,1.6,g
3919,Mördegskaka,"Fosfor, P",Bullar kakor tårtor mm,66.0,mg
3919,Mördegskaka,Niacinekvivalenter,Bullar kakor tårtor mm,1.24,NE/mg
3919,Mördegskaka,Niacin,Bullar kakor tårtor mm,0.45,mg
3919,Mördegskaka,"Salt, NaCl",Bullar kakor tårtor mm,0.5,g
3919,Mördegskaka,"Natrium, Na",Bullar kakor tårtor mm,187.0,mg
3919,Mördegskaka,Monosackarider,Bullar kakor tårtor mm,0.1,g
3919,Mördegskaka,"Sockerarter, totalt",Bullar kakor tårtor mm,9.8,g
3919,Mördegskaka,Summa enkelomättade fettsyror,Bullar kakor tårtor mm,7.5,g
3919,Mördegskaka,"Magnesium, Mg",Bullar kakor tårtor mm,11.0,mg
3919,Mördegskaka,Summa mättade fettsyror,Bullar kakor tårtor mm,21.5,g
3919,Mördegskaka,"Kolhydrater, tillgängliga",Bullar kakor tårtor mm,46.9,g
3919,Mördegskaka,Kolesterol,Bullar kakor tårtor mm,99.4,mg
3919,Mördegskaka,"Kalium, K",Bullar kakor tårtor mm,87.0,mg
3919,Mördegskaka,"Jod, I",Bullar kakor tårtor mm,2.6,µg
3919,Mördegskaka,Fullkorn totalt,Bullar kakor tårtor mm,0.0,g
3919,Mördegskaka,"Folat, totalt",Bullar kakor tårtor mm,7.2,µg
3919,Mördegskaka,Fibrer,Bullar kakor tårtor mm,1.9,g
3919,Mördegskaka,"Fett, totalt",Bullar kakor tårtor mm,32.8,g
3919,Mördegskaka,"Järn, Fe",Bullar kakor tårtor mm,0.4,mg
3919,Mördegskaka,Energi (kJ),Bullar kakor tårtor mm,2104.0,kJ
3919,Mördegskaka,Energi (kcal),Bullar kakor tårtor mm,503.0,kcal
3919,Mördegskaka,Disackarider,Bullar kakor tårtor mm,9.7,g
3919,Mördegskaka,"Kalcium, Ca",Bullar kakor tårtor mm,11.0,mg
3919,Mördegskaka,Fettsyra 4:0-10:0,Bullar kakor tårtor mm,3.2,g
3919,Mördegskaka,DHA (C22:6),Bullar kakor tårtor mm,0.0,g
3919,Mördegskaka,DPA (C22:5),Bullar kakor tårtor mm,0.0,g
3919,Mördegskaka,EPA (C20:5),Bullar kakor tårtor mm,0.0,g
3919,Mördegskaka,Arakidonsyra C20:4,Bullar kakor tårtor mm,0.0,g
3919,Mördegskaka,Arakidinsyra C20:0,Bullar kakor tårtor mm,0.1,g
3919,Mördegskaka,Linolensyra C18:3,Bullar kakor tårtor mm,0.2,g
3919,Mördegskaka,Linolsyra C18:2,Bullar kakor tårtor mm,1.3,g
3919,Mördegskaka,Oljesyra C18:1,Bullar kakor tårtor mm,6.5,g
3919,Mördegskaka,Stearinsyra C18:0,Bullar kakor tårtor mm,3.0,g
3919,Mördegskaka,Palmitoljesyra C16:1,Bullar kakor tårtor mm,0.5,g
3919,Mördegskaka,Palmitinsyra C16:0,Bullar kakor tårtor mm,9.8,g
3919,Mördegskaka,Myristinsyra C14:0,Bullar kakor tårtor mm,3.4,g
3919,Mördegskaka,Laurinsyra C12:0,Bullar kakor tårtor mm,1.1,g
3919,Mördegskaka,Betakaroten/β-Karoten,Bullar kakor tårtor mm,152.0,µg
3919,Mördegskaka,Avfall (skal etc.),Bullar kakor tårtor mm,0.0,%
3919,Mördegskaka,Aska,Bullar kakor tårtor mm,0.5,g
3919,Mördegskaka,Alkohol,Bullar kakor tårtor mm,0.0,g
3938,Huvudsallat,"Zink, Zn",Grönsaker,0.4,mg
3938,Huvudsallat,Vitamin E,Grönsaker,0.6,mg
3938,Huvudsallat,Vitamin D inkl 25-OH-D3,Grönsaker,0.0,µg
3938,Huvudsallat,Vitamin D,Grönsaker,0.0,µg
3938,Huvudsallat,Vitamin C,Grönsaker,7.0,mg
3938,Huvudsallat,Vitamin B6,Grönsaker,0.08,mg
3938,Huvudsallat,Vitamin B12,Grönsaker,0.0,µg
3938,Huvudsallat,Vitamin A,Grönsaker,150.0,RE/µg
3938,Huvudsallat,Vatten,Grönsaker,94.4,g
3938,Huvudsallat,Tiamin,Grönsaker,0.15,mg
3938,Huvudsallat,Tillsatt socker,Grönsaker,0.0,g
3938,Huvudsallat,Fritt socker,Grönsaker,0.0,g
3938,Huvudsallat,"Selen, Se",Grönsaker,0.5,µg
3938,Huvudsallat,Sackaros,Grönsaker,0.1,g
3938,Huvudsallat,Riboflavin,Grönsaker,0.03,mg
3938,Huvudsallat,Retinol,Grönsaker,0.0,µg
3938,Huvudsallat,Protein,Grönsaker,0.9,g
3938,Huvudsallat,Summa fleromättade fettsyror,Grönsaker,0.4,g
3938,Huvudsallat,"Fosfor, P",Grönsaker,43.0,mg
3938,Huvudsallat,Niacinekvivalenter,Grönsaker,0.65,NE/mg
3938,Huvudsallat,Niacin,Grönsaker,0.5,mg
3938,Huvudsallat,"Salt, NaCl",Grönsaker,0.0,g
3938,Huvudsallat,"Natrium, Na",Grönsaker,5.0,mg
3938,Huvudsallat,Monosackarider,Grönsaker,0.9,g
3938,Huvudsallat,"Sockerarter, totalt",Grönsaker,1.0,g
3938,Huvudsallat,Summa enkelomättade fettsyror,Grönsaker,0.0,g
3938,Huvudsallat,"Magnesium, Mg",Grönsaker,8.0,mg
3938,Huvudsallat,Summa mättade fettsyror,Grönsaker,0.1,g
3938,Huvudsallat,"Kolhydrater, tillgängliga",Grönsaker,1.2,g
3938,Huvudsallat,Kolesterol,Grönsaker,0.0,mg
3938,Huvudsallat,"Kalium, K",Grönsaker,360.0,mg
3938,Huvudsallat,"Jod, I",Grönsaker,2.0,µg
3938,Huvudsallat,Fullkorn totalt,Grönsaker,0.0,g
3938,Huvudsallat,"Folat, totalt",Grönsaker,57.0,µg
3938,Huvudsallat,Fibrer,Grönsaker,1.2,g
3938,Huvudsallat,"Fett, totalt",Grönsaker,0.6,g
3938,Huvudsallat,"Järn, Fe",Grönsaker,1.5,mg
3938,Huvudsallat,Energi (kJ),Grönsaker,68.0,kJ
3938,Huvudsallat,Energi (kcal),Grönsaker,16.0,kcal
3938,Huvudsallat,Disackarider,Grönsaker,0.1,g
3938,Huvudsallat,"Kalcium, Ca",Grönsaker,53.0,mg
3938,Huvudsallat,Fettsyra 4:0-10:0,Grönsaker,0.0,g
3938,Huvudsallat,DHA (C22:6),Grönsaker,0.0,g
3938,Huvudsallat,DPA (C22:5),Grönsaker,0.0,g
3938,Huvudsallat,EPA (C20:5),Grönsaker,0.0,g
3938,Huvudsallat,Arakidonsyra C20:4,Grönsaker,0.0,g
3938,Huvudsallat,Arakidinsyra C20:0,Grönsaker,0.0,g
3938,Huvudsallat,Linolensyra C18:3,Grönsaker,0.1,g
3938,Huvudsallat,Linolsyra C18:2,Grönsaker,0.0,g
3938,Huvudsallat,Oljesyra C18:1,Grönsaker,0.0,g
3938,Huvudsallat,Stearinsyra C18:0,Grönsaker,0.0,g
3938,Huvudsallat,Palmitoljesyra C16:1,Grönsaker,0.0,g
3938,Huvudsallat,Palmitinsyra C16:0,Grönsaker,0.0,g
3938,Huvudsallat,Myristinsyra C14:0,Grönsaker,0.0,g
3938,Huvudsallat,Laurinsyra C12:0,Grönsaker,0.0,g
3938,Huvudsallat,Betakaroten/β-Karoten,Grönsaker,1800.0,µg
3938,Huvudsallat,Avfall (skal etc.),Grönsaker,11.0,%
3938,Huvudsallat,Aska,Grönsaker,1.1,g
3938,Huvudsallat,Alkohol,Grönsaker,0.0,g
4011,Majskrokar,"Zink, Zn",Chips popcorn o dyl,0.6,mg
4011,Majskrokar,Vitamin E,Chips popcorn o dyl,0.2,mg
4011,Majskrokar,Vitamin D inkl 25-OH-D3,Chips popcorn o dyl,0.0,µg
4011,Majskrokar,Vitamin D,Chips popcorn o dyl,0.0,µg
4011,Majskrokar,Vitamin C,Chips popcorn o dyl,0.0,mg
4011,Majskrokar,Vitamin B6,Chips popcorn o dyl,0.14,mg
4011,Majskrokar,Vitamin B12,Chips popcorn o dyl,0.0,µg
4011,Majskrokar,Vitamin A,Chips popcorn o dyl,5.7,RE/µg
4011,Majskrokar,Vatten,Chips popcorn o dyl,2.8,g
4011,Majskrokar,Tiamin,Chips popcorn o dyl,0.04,mg
4011,Majskrokar,Tillsatt socker,Chips popcorn o dyl,0.0,g
4011,Majskrokar,Fritt socker,Chips popcorn o dyl,0.0,g
4011,Majskrokar,"Selen, Se",Chips popcorn o dyl,0.0,µg
4011,Majskrokar,Sackaros,Chips popcorn o dyl,0.5,g
4011,Majskrokar,Riboflavin,Chips popcorn o dyl,0.03,mg
4011,Majskrokar,Retinol,Chips popcorn o dyl,0.0,µg
4011,Majskrokar,Protein,Chips popcorn o dyl,8.9,g
4011,Majskrokar,Summa fleromättade fettsyror,Chips popcorn o dyl,1.6,g
4011,Majskrokar,"Fosfor, P",Chips popcorn o dyl,90.0,mg
4011,Majskrokar,Niacinekvivalenter,Chips popcorn o dyl,2.0,NE/mg
4011,Majskrokar,Niacin,Chips popcorn o dyl,1.15,mg
4011,Majskrokar,"Salt, NaCl",Chips popcorn o dyl,0.0,g
4011,Majskrokar,"Natrium, Na",Chips popcorn o dyl,0.0,mg
4011,Majskrokar,Monosackarider,Chips popcorn o dyl,0.2,g
4011,Majskrokar,"Sockerarter, totalt",Chips popcorn o dyl,0.7,g
4011,Majskrokar,Summa enkelomättade fettsyror,Chips popcorn o dyl,1.0,g
4011,Majskrokar,"Magnesium, Mg",Chips popcorn o dyl,26.0,mg
4011,Majskrokar,Summa mättade fettsyror,Chips popcorn o dyl,0.5,g
4011,Majskrokar,"Kolhydrater, tillgängliga",Chips popcorn o dyl,84.2,g
4011,Majskrokar,Kolesterol,Chips popcorn o dyl,0.0,mg
4011,Majskrokar,"Kalium, K",Chips popcorn o dyl,140.0,mg
4011,Majskrokar,"Jod, I",Chips popcorn o dyl,0.0,µg
4011,Majskrokar,Fullkorn totalt,Chips popcorn o dyl,0.0,g
4011,Majskrokar,"Folat, totalt",Chips popcorn o dyl,0.0,µg
4011,Majskrokar,Fibrer,Chips popcorn o dyl,0.0,g
4011,Majskrokar,"Fett, totalt",Chips popcorn o dyl,3.6,g
4011,Majskrokar,"Järn, Fe",Chips popcorn o dyl,0.4,mg
4011,Majskrokar,Energi (kJ),Chips popcorn o dyl,1716.0,kJ
4011,Majskrokar,Energi (kcal),Chips popcorn o dyl,410.0,kcal
4011,Majskrokar,Disackarider,Chips popcorn o dyl,0.5,g
4011,Majskrokar,"Kalcium, Ca",Chips popcorn o dyl,7.0,mg
4011,Majskrokar,Fettsyra 4:0-10:0,Chips popcorn o dyl,0.0,g
4011,Majskrokar,DHA (C22:6),Chips popcorn o dyl,0.0,g
4011,Majskrokar,DPA (C22:5),Chips popcorn o dyl,0.0,g
4011,Majskrokar,EPA (C20:5),Chips popcorn o dyl,0.0,g
4011,Majskrokar,Arakidonsyra C20:4,Chips popcorn o dyl,0.0,g
4011,Majskrokar,Arakidinsyra C20:0,Chips popcorn o dyl,0.0,g
4011,Majskrokar,Linolensyra C18:3,Chips popcorn o dyl,0.0,g
4011,Majskrokar,Linolsyra C18:2,Chips popcorn o dyl,1.6,g
4011,Majskrokar,Oljesyra C18:1,Chips popcorn o dyl,1.0,g
4011,Majskrokar,Stearinsyra C18:0,Chips popcorn o dyl,0.1,g
4011,Majskrokar,Palmitoljesyra C16:1,Chips popcorn o dyl,0.0,g
4011,Majskrokar,Palmitinsyra C16:0,Chips popcorn o dyl,0.4,g
4011,Majskrokar,Myristinsyra C14:0,Chips popcorn o dyl,0.0,g
4011,Majskrokar,Laurinsyra C12:0,Chips popcorn o dyl,0.0,g
4011,Majskrokar,Betakaroten/β-Karoten,Chips popcorn o dyl,28.0,µg
4011,Majskrokar,Avfall (skal etc.),Chips popcorn o dyl,0.0,%
4011,Majskrokar,Aska,Chips popcorn o dyl,0.5,g
4011,Majskrokar,Alkohol,Chips popcorn o dyl,0.0,g
4025,Wasabi pasta,"Zink, Zn",Rotfrukter,0.6,mg
4025,Wasabi pasta,Vitamin E,Rotfrukter,3.9,mg
4025,Wasabi pasta,Vitamin D inkl 25-OH-D3,Rotfrukter,0.0,µg
4025,Wasabi pasta,Vitamin D,Rotfrukter,0.0,µg
4025,Wasabi pasta,Vitamin C,Rotfrukter,0.0,mg
4025,Wasabi pasta,Vitamin B6,Rotfrukter,0.05,mg
4025,Wasabi pasta,Vitamin B12,Rotfrukter,0.0,µg
4025,Wasabi pasta,Vitamin A,Rotfrukter,0.2,RE/µg
4025,Wasabi pasta,Vatten,Rotfrukter,31.7,g
4025,Wasabi pasta,Tiamin,Rotfrukter,0.05,mg
4025,Wasabi pasta,Tillsatt socker,Rotfrukter,0.0,g
4025,Wasabi pasta,Fritt socker,Rotfrukter,0.0,g
4025,Wasabi pasta,"Selen, Se",Rotfrukter,2.2,µg
4025,Wasabi pasta,Sackaros,Rotfrukter,8.4,g
4025,Wasabi pasta,Riboflavin,Rotfrukter,0.07,mg
4025,Wasabi pasta,Retinol,Rotfrukter,0.0,µg
4025,Wasabi pasta,Protein,Rotfrukter,2.2,g
4025,Wasabi pasta,Summa fleromättade fettsyror,Rotfrukter,4.6,g
4025,Wasabi pasta,"Fosfor, P",Rotfrukter,26.0,mg
4025,Wasabi pasta,Niacinekvivalenter,Rotfrukter,0.5,NE/mg
4025,Wasabi pasta,Niacin,Rotfrukter,0.16,mg
4025,Wasabi pasta,"Salt, NaCl",Rotfrukter,8.5,g
4025,Wasabi pasta,"Natrium, Na",Rotfrukter,3390.0,mg
4025,Wasabi pasta,Monosackarider,Rotfrukter,4.8,g
4025,Wasabi pasta,"Sockerarter, totalt",Rotfrukter,13.2,g
4025,Wasabi pasta,Summa enkelomättade fettsyror,Rotfrukter,4.4,g
4025,Wasabi pasta,"Magnesium, Mg",Rotfrukter,21.0,mg
4025,Wasabi pasta,Summa mättade fettsyror,Rotfrukter,1.8,g
4025,Wasabi pasta,"Kolhydrater, tillgängliga",Rotfrukter,40.0,g
4025,Wasabi pasta,Kolesterol,Rotfrukter,0.0,mg
4025,Wasabi pasta,"Kalium, K",Rotfrukter,182.0,mg
4025,Wasabi pasta,"Jod, I",Rotfrukter,1.0,µg
4025,Wasabi pasta,Fullkorn totalt,Rotfrukter,0.0,g
4025,Wasabi pasta,"Folat, totalt",Rotfrukter,10.0,µg
4025,Wasabi pasta,Fibrer,Rotfrukter,6.1,g
4025,Wasabi pasta,"Fett, totalt",Rotfrukter,10.9,g
4025,Wasabi pasta,"Järn, Fe",Rotfrukter,0.5,mg
4025,Wasabi pasta,Energi (kJ),Rotfrukter,1170.0,kJ
4025,Wasabi pasta,Energi (kcal),Rotfrukter,280.0,kcal
4025,Wasabi pasta,Disackarider,Rotfrukter,8.4,g
4025,Wasabi pasta,"Kalcium, Ca",Rotfrukter,41.0,mg
4025,Wasabi pasta,Fettsyra 4:0-10:0,Rotfrukter,0.0,g
4025,Wasabi pasta,DHA (C22:6),Rotfrukter,0.0,g
4025,Wasabi pasta,DPA (C22:5),Rotfrukter,0.0,g
4025,Wasabi pasta,EPA (C20:5),Rotfrukter,0.0,g
4025,Wasabi pasta,Arakidonsyra C20:4,Rotfrukter,0.0,g
4025,Wasabi pasta,Arakidinsyra C20:0,Rotfrukter,0.1,g
4025,Wasabi pasta,Linolensyra C18:3,Rotfrukter,0.1,g
4025,Wasabi pasta,Linolsyra C18:2,Rotfrukter,3.2,g
4025,Wasabi pasta,Oljesyra C18:1,Rotfrukter,3.9,g
4025,Wasabi pasta,Stearinsyra C18:0,Rotfrukter,0.2,g
4025,Wasabi pasta,Palmitoljesyra C16:1,Rotfrukter,0.0,g
4025,Wasabi pasta,Palmitinsyra C16:0,Rotfrukter,1.5,g
4025,Wasabi pasta,Myristinsyra C14:0,Rotfrukter,0.0,g
4025,Wasabi pasta,Laurinsyra C12:0,Rotfrukter,0.0,g
4025,Wasabi pasta,Betakaroten/β-Karoten,Rotfrukter,2.0,µg
4025,Wasabi pasta,Avfall (skal etc.),Rotfrukter,0.0,%
4025,Wasabi pasta,Aska,Rotfrukter,9.0,g
4025,Wasabi pasta,Alkohol,Rotfrukter,0.0,g
4026,Frukt torkad m. socker,"Zink, Zn",Frukt o bär torkade,0.0,mg
4026,Frukt torkad m. socker,Vitamin E,Frukt o bär torkade,0.4,mg
4026,Frukt torkad m. socker,Vitamin D inkl 25-OH-D3,Frukt o bär torkade,0.0,µg
4026,Frukt torkad m. socker,Vitamin D,Frukt o bär torkade,0.0,µg
4026,Frukt torkad m. socker,Vitamin C,Frukt o bär torkade,0.0,mg
4026,Frukt torkad m. socker,Vitamin B6,Frukt o bär torkade,0.0,mg
4026,Frukt torkad m. socker,Vitamin B12,Frukt o bär torkade,0.0,µg
4026,Frukt torkad m. socker,Vitamin A,Frukt o bär torkade,19.5,RE/µg
4026,Frukt torkad m. socker,Vatten,Frukt o bär torkade,14.0,g
4026,Frukt torkad m. socker,Tiamin,Frukt o bär torkade,0.0,mg
4026,Frukt torkad m. socker,Tillsatt socker,Frukt o bär torkade,59.0,g
4026,Frukt torkad m. socker,Fritt socker,Frukt o bär torkade,59.0,g
4026,Frukt torkad m. socker,"Selen, Se",Frukt o bär torkade,0.0,µg
4026,Frukt torkad m. socker,Sackaros,Frukt o bär torkade,39.2,g
4026,Frukt torkad m. socker,Riboflavin,Frukt o bär torkade,0.0,mg
4026,Frukt torkad m. socker,Retinol,Frukt o bär torkade,0.0,µg
4026,Frukt torkad m. socker,Protein,Frukt o bär torkade,0.0,g
4026,Frukt torkad m. socker,Summa fleromättade fettsyror,Frukt o bär torkade,0.0,g
4026,Frukt torkad m. socker,"Fosfor, P",Frukt o bär torkade,0.0,mg
4026,Frukt torkad m. socker,Niacinekvivalenter,Frukt o bär torkade,0.0,NE/mg
4026,Frukt torkad m. socker,Niacin,Frukt o bär torkade,0.0,mg
4026,Frukt torkad m. socker,"Salt, NaCl",Frukt o bär torkade,0.6,g
4026,Frukt torkad m. socker,"Natrium, Na",Frukt o bär torkade,230.0,mg
4026,Frukt torkad m. socker,Monosackarider,Frukt o bär torkade,39.2,g
4026,Frukt torkad m. socker,"Sockerarter, totalt",Frukt o bär torkade,78.4,g
4026,Frukt torkad m. socker,Summa enkelomättade fettsyror,Frukt o bär torkade,0.0,g
4026,Frukt torkad m. socker,"Magnesium, Mg",Frukt o bär torkade,0.0,mg
4026,Frukt torkad m. socker,Summa mättade fettsyror,Frukt o bär torkade,0.0,g
4026,Frukt torkad m. socker,"Kolhydrater, tillgängliga",Frukt o bär torkade,81.3,g
4026,Frukt torkad m. socker,Kolesterol,Frukt o bär torkade,0.0,mg
4026,Frukt torkad m. socker,"Kalium, K",Frukt o bär torkade,8.0,mg
4026,Frukt torkad m. socker,"Jod, I",Frukt o bär torkade,1.0,µg
4026,Frukt torkad m. socker,Fullkorn totalt,Frukt o bär torkade,0.0,g
4026,Frukt torkad m. socker,"Folat, totalt",Frukt o bär torkade,0.0,µg
4026,Frukt torkad m. socker,Fibrer,Frukt o bär torkade,4.2,g
4026,Frukt torkad m. socker,"Fett, totalt",Frukt o bär torkade,0.0,g
4026,Frukt torkad m. socker,"Järn, Fe",Frukt o bär torkade,0.3,mg
4026,Frukt torkad m. socker,Energi (kJ),Frukt o bär torkade,1416.0,kJ
4026,Frukt torkad m. socker,Energi (kcal),Frukt o bär torkade,338.0,kcal
4026,Frukt torkad m. socker,Disackarider,Frukt o bär torkade,39.2,g
4026,Frukt torkad m. socker,"Kalcium, Ca",Frukt o bär torkade,40.0,mg
4026,Frukt torkad m. socker,Fettsyra 4:0-10:0,Frukt o bär torkade,0.0,g
4026,Frukt torkad m. socker,DHA (C22:6),Frukt o bär torkade,0.0,g
4026,Frukt torkad m. socker,DPA (C22:5),Frukt o bär torkade,0.0,g
4026,Frukt torkad m. socker,EPA (C20:5),Frukt o bär torkade,0.0,g
4026,Frukt torkad m. socker,Arakidonsyra C20:4,Frukt o bär torkade,0.0,g
4026,Frukt torkad m. socker,Arakidinsyra C20:0,Frukt o bär torkade,0.0,g
4026,Frukt torkad m. socker,Linolensyra C18:3,Frukt o bär torkade,0.0,g
4026,Frukt torkad m. socker,Linolsyra C18:2,Frukt o bär torkade,0.0,g
4026,Frukt torkad m. socker,Oljesyra C18:1,Frukt o bär torkade,0.0,g
4026,Frukt torkad m. socker,Stearinsyra C18:0,Frukt o bär torkade,0.0,g
4026,Frukt torkad m. socker,Palmitoljesyra C16:1,Frukt o bär torkade,0.0,g
4026,Frukt torkad m. socker,Palmitinsyra C16:0,Frukt o bär torkade,0.0,g
4026,Frukt torkad m. socker,Myristinsyra C14:0,Frukt o bär torkade,0.0,g
4026,Frukt torkad m. socker,Laurinsyra C12:0,Frukt o bär torkade,0.0,g
4026,Frukt torkad m. socker,Betakaroten/β-Karoten,Frukt o bär torkade,207.0,µg
4026,Frukt torkad m. socker,Avfall (skal etc.),Frukt o bär torkade,0.0,%
4026,Frukt torkad m. socker,Aska,Frukt o bär torkade,0.6,g
4026,Frukt torkad m. socker,Alkohol,Frukt o bär torkade,0.0,g
4037,Korvgryta m. grönsaker,"Zink, Zn",Korvrätter,0.6,mg
4037,Korvgryta m. grönsaker,Vitamin E,Korvrätter,1.3,mg
4037,Korvgryta m. grönsaker,Vitamin D,Korvrätter,0.09,µg
4037,Korvgryta m. grönsaker,Vitamin C,Korvrätter,10.2,mg
4037,Korvgryta m. grönsaker,Vitamin B6,Korvrätter,0.09,mg
4037,Korvgryta m. grönsaker,Vitamin B12,Korvrätter,0.15,µg
4037,Korvgryta m. grönsaker,Vitamin A,Korvrätter,73.7,RE/µg
4037,Korvgryta m. grönsaker,Vatten,Korvrätter,77.6,g
4037,Korvgryta m. grönsaker,Tiamin,Korvrätter,0.11,mg
4037,Korvgryta m. grönsaker,Tillsatt socker,Korvrätter,0.0,g
4037,Korvgryta m. grönsaker,Fritt socker,Korvrätter,1.0,g
4037,Korvgryta m. grönsaker,"Selen, Se",Korvrätter,3.2,µg
4037,Korvgryta m. grönsaker,Sackaros,Korvrätter,0.5,g
4037,Korvgryta m. grönsaker,Riboflavin,Korvrätter,0.4,mg
4037,Korvgryta m. grönsaker,Retinol,Korvrätter,8.2,µg
4037,Korvgryta m. grönsaker,Protein,Korvrätter,4.4,g
4037,Korvgryta m. grönsaker,Summa fleromättade fettsyror,Korvrätter,1.1,g
4037,Korvgryta m. grönsaker,"Fosfor, P",Korvrätter,58.0,mg
4037,Korvgryta m. grönsaker,Niacinekvivalenter,Korvrätter,2.22,NE/mg
4037,Korvgryta m. grönsaker,Niacin,Korvrätter,1.42,mg
4037,Korvgryta m. grönsaker,"Salt, NaCl",Korvrätter,1.3,g
4037,Korvgryta m. grönsaker,"Natrium, Na",Korvrätter,538.0,mg
4037,Korvgryta m. grönsaker,Monosackarider,Korvrätter,2.1,g
4037,Korvgryta m. grönsaker,"Sockerarter, totalt",Korvrätter,2.6,g
4037,Korvgryta m. grönsaker,Summa enkelomättade fettsyror,Korvrätter,4.5,g
4037,Korvgryta m. grönsaker,"Magnesium, Mg",Korvrätter,14.0,mg
4037,Korvgryta m. grönsaker,Summa mättade fettsyror,Korvrätter,3.1,g
4037,Korvgryta m. grönsaker,"Kolhydrater, tillgängliga",Korvrätter,5.6,g
4037,Korvgryta m. grönsaker,Kolesterol,Korvrätter,18.7,mg
4037,Korvgryta m. grönsaker,"Kalium, K",Korvrätter,146.0,mg
4037,Korvgryta m. grönsaker,"Jod, I",Korvrätter,35.9,µg
4037,Korvgryta m. grönsaker,Fullkorn totalt,Korvrätter,0.0,g
4037,Korvgryta m. grönsaker,"Folat, totalt",Korvrätter,7.6,µg
4037,Korvgryta m. grönsaker,Fibrer,Korvrätter,1.0,g
4037,Korvgryta m. grönsaker,"Fett, totalt",Korvrätter,9.3,g
4037,Korvgryta m. grönsaker,"Järn, Fe",Korvrätter,0.6,mg
4037,Korvgryta m. grönsaker,Energi (kJ),Korvrätter,522.0,kJ
4037,Korvgryta m. grönsaker,Energi (kcal),Korvrätter,125.0,kcal
4037,Korvgryta m. grönsaker,Disackarider,Korvrätter,0.5,g
4037,Korvgryta m. grönsaker,"Kalcium, Ca",Korvrätter,20.0,mg
4037,Korvgryta m. grönsaker,Fettsyra 4:0-10:0,Korvrätter,0.0,g
4037,Korvgryta m. grönsaker,DHA (C22:6),Korvrätter,0.0,g
4037,Korvgryta m. grönsaker,DPA (C22:5),Korvrätter,0.0,g
4037,Korvgryta m. grönsaker,EPA (C20:5),Korvrätter,0.0,g
4037,Korvgryta m. grönsaker,Arakidonsyra C20:4,Korvrätter,0.0,g
4037,Korvgryta m. grönsaker,Arakidinsyra C20:0,Korvrätter,0.0,g
4037,Korvgryta m. grönsaker,Linolensyra C18:3,Korvrätter,0.2,g
4037,Korvgryta m. grönsaker,Linolsyra C18:2,Korvrätter,0.9,g
4037,Korvgryta m. grönsaker,Oljesyra C18:1,Korvrätter,4.2,g
4037,Korvgryta m. grönsaker,Stearinsyra C18:0,Korvrätter,1.0,g
4037,Korvgryta m. grönsaker,Palmitoljesyra C16:1,Korvrätter,0.2,g
4037,Korvgryta m. grönsaker,Palmitinsyra C16:0,Korvrätter,2.0,g
4037,Korvgryta m. grönsaker,Myristinsyra C14:0,Korvrätter,0.1,g
4037,Korvgryta m. grönsaker,Laurinsyra C12:0,Korvrätter,0.0,g
4037,Korvgryta m. grönsaker,Betakaroten/β-Karoten,Korvrätter,775.0,µg
4037,Korvgryta m. grönsaker,Avfall (skal etc.),Korvrätter,1.0,%
4037,Korvgryta m. grönsaker,Aska,Korvrätter,2.1,g
4037,Korvgryta m. grönsaker,Alkohol,Korvrätter,0.0,g
4042,Vattenkastanj rå,"Zink, Zn",Rotfrukter,0.7,mg
4042,Vattenkastanj rå,Vitamin E,Rotfrukter,0.1,mg
4042,Vattenkastanj rå,Vitamin D inkl 25-OH-D3,Rotfrukter,0.0,µg
4042,Vattenkastanj rå,Vitamin D,Rotfrukter,0.0,µg
4042,Vattenkastanj rå,Vitamin C,Rotfrukter,5.3,mg
4042,Vattenkastanj rå,Vitamin B6,Rotfrukter,0.13,mg
4042,Vattenkastanj rå,Vitamin B12,Rotfrukter,0.0,µg
4042,Vattenkastanj rå,Vitamin A,Rotfrukter,0.0,RE/µg
4042,Vattenkastanj rå,Vatten,Rotfrukter,73.3,g
4042,Vattenkastanj rå,Tiamin,Rotfrukter,0.02,mg
4042,Vattenkastanj rå,Tillsatt socker,Rotfrukter,0.0,g
4042,Vattenkastanj rå,Fritt socker,Rotfrukter,0.0,g
4042,Vattenkastanj rå,"Selen, Se",Rotfrukter,2.4,µg
4042,Vattenkastanj rå,Sackaros,Rotfrukter,1.5,g
4042,Vattenkastanj rå,Riboflavin,Rotfrukter,0.02,mg
4042,Vattenkastanj rå,Retinol,Rotfrukter,0.0,µg
4042,Vattenkastanj rå,Protein,Rotfrukter,0.9,g
4042,Vattenkastanj rå,Summa fleromättade fettsyror,Rotfrukter,0.1,g
4042,Vattenkastanj rå,"Fosfor, P",Rotfrukter,63.0,mg
4042,Vattenkastanj rå,Niacinekvivalenter,Rotfrukter,0.9,NE/mg
4042,Vattenkastanj rå,Niacin,Rotfrukter,0.74,mg
4042,Vattenkastanj rå,"Salt, NaCl",Rotfrukter,0.0,g
4042,Vattenkastanj rå,"Natrium, Na",Rotfrukter,13.0,mg
4042,Vattenkastanj rå,Monosackarider,Rotfrukter,0.4,g
4042,Vattenkastanj rå,"Sockerarter, totalt",Rotfrukter,2.0,g
4042,Vattenkastanj rå,Summa enkelomättade fettsyror,Rotfrukter,0.1,g
4042,Vattenkastanj rå,"Magnesium, Mg",Rotfrukter,57.0,mg
4042,Vattenkastanj rå,Summa mättade fettsyror,Rotfrukter,0.1,g
4042,Vattenkastanj rå,"Kolhydrater, tillgängliga",Rotfrukter,21.5,g
4042,Vattenkastanj rå,Kolesterol,Rotfrukter,0.0,mg
4042,Vattenkastanj rå,"Kalium, K",Rotfrukter,382.0,mg
4042,Vattenkastanj rå,"Jod, I",Rotfrukter,0.0,µg
4042,Vattenkastanj rå,Fullkorn totalt,Rotfrukter,0.0,g
4042,Vattenkastanj rå,"Folat, totalt",Rotfrukter,9.8,µg
4042,Vattenkastanj rå,Fibrer,Rotfrukter,3.0,g
4042,Vattenkastanj rå,"Fett, totalt",Rotfrukter,0.4,g
4042,Vattenkastanj rå,"Järn, Fe",Rotfrukter,0.8,mg
4042,Vattenkastanj rå,Energi (kJ),Rotfrukter,418.0,kJ
4042,Vattenkastanj rå,Energi (kcal),Rotfrukter,100.0,kcal
4042,Vattenkastanj rå,Disackarider,Rotfrukter,1.5,g
4042,Vattenkastanj rå,"Kalcium, Ca",Rotfrukter,37.0,mg
4042,Vattenkastanj rå,Fettsyra 4:0-10:0,Rotfrukter,0.0,g
4042,Vattenkastanj rå,DHA (C22:6),Rotfrukter,0.0,g
4042,Vattenkastanj rå,DPA (C22:5),Rotfrukter,0.0,g
4042,Vattenkastanj rå,EPA (C20:5),Rotfrukter,0.0,g
4042,Vattenkastanj rå,Arakidonsyra C20:4,Rotfrukter,0.0,g
4042,Vattenkastanj rå,Arakidinsyra C20:0,Rotfrukter,0.0,g
4042,Vattenkastanj rå,Linolensyra C18:3,Rotfrukter,0.0,g
4042,Vattenkastanj rå,Linolsyra C18:2,Rotfrukter,0.1,g
4042,Vattenkastanj rå,Oljesyra C18:1,Rotfrukter,0.1,g
4042,Vattenkastanj rå,Stearinsyra C18:0,Rotfrukter,0.0,g
4042,Vattenkastanj rå,Palmitoljesyra C16:1,Rotfrukter,0.0,g
4042,Vattenkastanj rå,Palmitinsyra C16:0,Rotfrukter,0.1,g
4042,Vattenkastanj rå,Myristinsyra C14:0,Rotfrukter,0.0,g
4042,Vattenkastanj rå,Laurinsyra C12:0,Rotfrukter,0.0,g
4042,Vattenkastanj rå,Betakaroten/β-Karoten,Rotfrukter,0.0,µg
4042,Vattenkastanj rå,Avfall (skal etc.),Rotfrukter,24.0,%
4042,Vattenkastanj rå,Aska,Rotfrukter,1.0,g
4042,Vattenkastanj rå,Alkohol,Rotfrukter,0.0,g
4049,Tranbär torkade,"Zink, Zn",Frukt o bär torkade,0.0,mg
4049,Tranbär torkade,Vitamin E,Frukt o bär torkade,1.5,mg
4049,Tranbär torkade,Vitamin D inkl 25-OH-D3,Frukt o bär torkade,0.0,µg
4049,Tranbär torkade,Vitamin D,Frukt o bär torkade,0.0,µg
4049,Tranbär torkade,Vitamin C,Frukt o bär torkade,0.0,mg
4049,Tranbär torkade,Vitamin B6,Frukt o bär torkade,0.03,mg
4049,Tranbär torkade,Vitamin B12,Frukt o bär torkade,0.0,µg
4049,Tranbär torkade,Vitamin A,Frukt o bär torkade,1.7,RE/µg
4049,Tranbär torkade,Vatten,Frukt o bär torkade,21.4,g
4049,Tranbär torkade,Tiamin,Frukt o bär torkade,0.0,mg
4049,Tranbär torkade,Tillsatt socker,Frukt o bär torkade,42.0,g
4049,Tranbär torkade,Fritt socker,Frukt o bär torkade,62.0,g
4049,Tranbär torkade,"Selen, Se",Frukt o bär torkade,0.0,µg
4049,Tranbär torkade,Sackaros,Frukt o bär torkade,3.4,g
4049,Tranbär torkade,Riboflavin,Frukt o bär torkade,0.07,mg
4049,Tranbär torkade,Retinol,Frukt o bär torkade,0.0,µg
4049,Tranbär torkade,Protein,Frukt o bär torkade,0.0,g
4049,Tranbär torkade,Summa fleromättade fettsyror,Frukt o bär torkade,0.1,g
4049,Tranbär torkade,"Fosfor, P",Frukt o bär torkade,9.0,mg
4049,Tranbär torkade,Niacinekvivalenter,Frukt o bär torkade,0.1,NE/mg
4049,Tranbär torkade,Niacin,Frukt o bär torkade,0.06,mg
4049,Tranbär torkade,"Salt, NaCl",Frukt o bär torkade,0.0,g
4049,Tranbär torkade,"Natrium, Na",Frukt o bär torkade,0.0,mg
4049,Tranbär torkade,Monosackarider,Frukt o bär torkade,67.1,g
4049,Tranbär torkade,"Sockerarter, totalt",Frukt o bär torkade,70.5,g
4049,Tranbär torkade,Summa enkelomättade fettsyror,Frukt o bär torkade,0.4,g
4049,Tranbär torkade,"Magnesium, Mg",Frukt o bär torkade,5.0,mg
4049,Tranbär torkade,Summa mättade fettsyror,Frukt o bär torkade,0.0,g
4049,Tranbär torkade,"Kolhydrater, tillgängliga",Frukt o bär torkade,72.1,g
4049,Tranbär torkade,Kolesterol,Frukt o bär torkade,0.0,mg
4049,Tranbär torkade,"Kalium, K",Frukt o bär torkade,79.0,mg
4049,Tranbär torkade,"Jod, I",Frukt o bär torkade,0.0,µg
4049,Tranbär torkade,Fullkorn totalt,Frukt o bär torkade,0.0,g
4049,Tranbär torkade,"Folat, totalt",Frukt o bär torkade,0.0,µg
4049,Tranbär torkade,Fibrer,Frukt o bär torkade,5.6,g
4049,Tranbär torkade,"Fett, totalt",Frukt o bär torkade,0.6,g
4049,Tranbär torkade,"Järn, Fe",Frukt o bär torkade,0.3,mg
4049,Tranbär torkade,Energi (kJ),Frukt o bär torkade,1294.0,kJ
4049,Tranbär torkade,Energi (kcal),Frukt o bär torkade,309.0,kcal
4049,Tranbär torkade,Disackarider,Frukt o bär torkade,3.4,g
4049,Tranbär torkade,"Kalcium, Ca",Frukt o bär torkade,10.0,mg
4049,Tranbär torkade,Fettsyra 4:0-10:0,Frukt o bär torkade,0.0,g
4049,Tranbär torkade,DHA (C22:6),Frukt o bär torkade,0.0,g
4049,Tranbär torkade,DPA (C22:5),Frukt o bär torkade,0.0,g
4049,Tranbär torkade,EPA (C20:5),Frukt o bär torkade,0.0,g
4049,Tranbär torkade,Arakidonsyra C20:4,Frukt o bär torkade,0.0,g
4049,Tranbär torkade,Arakidinsyra C20:0,Frukt o bär torkade,0.0,g
4049,Tranbär torkade,Linolensyra C18:3,Frukt o bär torkade,0.0,g
4049,Tranbär torkade,Linolsyra C18:2,Frukt o bär torkade,0.0,g
4049,Tranbär torkade,Oljesyra C18:1,Frukt o bär torkade,0.4,g
4049,Tranbär torkade,Stearinsyra C18:0,Frukt o bär torkade,0.0,g
4049,Tranbär torkade,Palmitoljesyra C16:1,Frukt o bär torkade,0.0,g
4049,Tranbär torkade,Palmitinsyra C16:0,Frukt o bär torkade,0.0,g
4049,Tranbär torkade,Myristinsyra C14:0,Frukt o bär torkade,0.0,g
4049,Tranbär torkade,Laurinsyra C12:0,Frukt o bär torkade,0.0,g
4049,Tranbär torkade,Betakaroten/β-Karoten,Frukt o bär torkade,21.0,µg
4049,Tranbär torkade,Avfall (skal etc.),Frukt o bär torkade,0.0,%
4049,Tranbär torkade,Aska,Frukt o bär torkade,0.2,g
4049,Tranbär torkade,Alkohol,Frukt o bär torkade,0.0,g
4052,Mâchesallat,"Zink, Zn",Grönsaker,0.2,mg
4052,Mâchesallat,Vitamin E,Grönsaker,1.5,mg
4052,Mâchesallat,Vitamin D inkl 25-OH-D3,Grönsaker,0.0,µg
4052,Mâchesallat,Vitamin D,Grönsaker,0.0,µg
4052,Mâchesallat,Vitamin C,Grönsaker,35.3,mg
4052,Mâchesallat,Vitamin B6,Grönsaker,0.14,mg
4052,Mâchesallat,Vitamin B12,Grönsaker,0.0,µg
4052,Mâchesallat,Vitamin A,Grönsaker,246.4,RE/µg
4052,Mâchesallat,Vatten,Grönsaker,93.5,g
4052,Mâchesallat,Tiamin,Grönsaker,0.03,mg
4052,Mâchesallat,Tillsatt socker,Grönsaker,0.0,g
4052,Mâchesallat,Fritt socker,Grönsaker,0.0,g
4052,Mâchesallat,"Selen, Se",Grönsaker,0.0,µg
4052,Mâchesallat,Sackaros,Grönsaker,0.0,g
4052,Mâchesallat,Riboflavin,Grönsaker,0.13,mg
4052,Mâchesallat,Retinol,Grönsaker,0.0,µg
4052,Mâchesallat,Protein,Grönsaker,2.6,g
4052,Mâchesallat,Summa fleromättade fettsyror,Grönsaker,0.1,g
4052,Mâchesallat,"Fosfor, P",Grönsaker,30.0,mg
4052,Mâchesallat,Niacinekvivalenter,Grönsaker,1.1,NE/mg
4052,Mâchesallat,Niacin,Grönsaker,0.7,mg
4052,Mâchesallat,"Salt, NaCl",Grönsaker,0.0,g
4052,Mâchesallat,"Natrium, Na",Grönsaker,3.0,mg
4052,Mâchesallat,Monosackarider,Grönsaker,0.2,g
4052,Mâchesallat,"Sockerarter, totalt",Grönsaker,0.2,g
4052,Mâchesallat,Summa enkelomättade fettsyror,Grönsaker,0.0,g
4052,Mâchesallat,"Magnesium, Mg",Grönsaker,22.0,mg
4052,Mâchesallat,Summa mättade fettsyror,Grönsaker,0.1,g
4052,Mâchesallat,"Kolhydrater, tillgängliga",Grönsaker,0.8,g
4052,Mâchesallat,Kolesterol,Grönsaker,0.0,mg
4052,Mâchesallat,"Kalium, K",Grönsaker,350.0,mg
4052,Mâchesallat,"Jod, I",Grönsaker,1.0,µg
4052,Mâchesallat,Fullkorn totalt,Grönsaker,0.0,g
4052,Mâchesallat,"Folat, totalt",Grönsaker,90.9,µg
4052,Mâchesallat,Fibrer,Grönsaker,1.8,g
4052,Mâchesallat,"Fett, totalt",Grönsaker,0.2,g
4052,Mâchesallat,"Järn, Fe",Grönsaker,1.8,mg
4052,Mâchesallat,Energi (kJ),Grönsaker,80.0,kJ
4052,Mâchesallat,Energi (kcal),Grönsaker,19.0,kcal
4052,Mâchesallat,Disackarider,Grönsaker,0.0,g
4052,Mâchesallat,"Kalcium, Ca",Grönsaker,71.0,mg
4052,Mâchesallat,Fettsyra 4:0-10:0,Grönsaker,0.0,g
4052,Mâchesallat,DHA (C22:6),Grönsaker,0.0,g
4052,Mâchesallat,DPA (C22:5),Grönsaker,0.0,g
4052,Mâchesallat,EPA (C20:5),Grönsaker,0.0,g
4052,Mâchesallat,Arakidonsyra C20:4,Grönsaker,0.0,g
4052,Mâchesallat,Arakidinsyra C20:0,Grönsaker,0.0,g
4052,Mâchesallat,Linolensyra C18:3,Grönsaker,0.1,g
4052,Mâchesallat,Linolsyra C18:2,Grönsaker,0.0,g
4052,Mâchesallat,Oljesyra C18:1,Grönsaker,0.0,g
4052,Mâchesallat,Stearinsyra C18:0,Grönsaker,0.0,g
4052,Mâchesallat,Palmitoljesyra C16:1,Grönsaker,0.0,g
4052,Mâchesallat,Palmitinsyra C16:0,Grönsaker,0.0,g
4052,Mâchesallat,Myristinsyra C14:0,Grönsaker,0.0,g
4052,Mâchesallat,Laurinsyra C12:0,Grönsaker,0.0,g
4052,Mâchesallat,Betakaroten/β-Karoten,Grönsaker,2920.0,µg
4052,Mâchesallat,Avfall (skal etc.),Grönsaker,0.0,%
4052,Mâchesallat,Aska,Grönsaker,1.1,g
4052,Mâchesallat,Alkohol,Grönsaker,0.0,g
4074,Hampafröolja,"Zink, Zn",Olja,0.0,mg
4074,Hampafröolja,Vitamin E,Olja,2.6,mg
4074,Hampafröolja,Vitamin D inkl 25-OH-D3,Olja,0.0,µg
4074,Hampafröolja,Vitamin D,Olja,0.0,µg
4074,Hampafröolja,Vitamin C,Olja,0.0,mg
4074,Hampafröolja,Vitamin B6,Olja,0.0,mg
4074,Hampafröolja,Vitamin B12,Olja,0.0,µg
4074,Hampafröolja,Vitamin A,Olja,0.0,RE/µg
4074,Hampafröolja,Vatten,Olja,0.1,g
4074,Hampafröolja,Tiamin,Olja,0.0,mg
4074,Hampafröolja,Tillsatt socker,Olja,0.0,g
4074,Hampafröolja,Fritt socker,Olja,0.0,g
4074,Hampafröolja,"Selen, Se",Olja,0.0,µg
4074,Hampafröolja,Sackaros,Olja,0.0,g
4074,Hampafröolja,Riboflavin,Olja,0.0,mg
4074,Hampafröolja,Retinol,Olja,0.0,µg
4074,Hampafröolja,Protein,Olja,0.0,g
4074,Hampafröolja,Summa fleromättade fettsyror,Olja,79.0,g
4074,Hampafröolja,"Fosfor, P",Olja,2.0,mg
4074,Hampafröolja,Niacinekvivalenter,Olja,0.0,NE/mg
4074,Hampafröolja,Niacin,Olja,0.0,mg
4074,Hampafröolja,"Salt, NaCl",Olja,0.0,g
4074,Hampafröolja,"Natrium, Na",Olja,0.0,mg
4074,Hampafröolja,Monosackarider,Olja,0.0,g
4074,Hampafröolja,"Sockerarter, totalt",Olja,0.0,g
4074,Hampafröolja,Summa enkelomättade fettsyror,Olja,11.1,g
4074,Hampafröolja,"Magnesium, Mg",Olja,1.0,mg
4074,Hampafröolja,Summa mättade fettsyror,Olja,9.5,g
4074,Hampafröolja,"Kolhydrater, tillgängliga",Olja,0.0,g
4074,Hampafröolja,Kolesterol,Olja,0.0,mg
4074,Hampafröolja,"Kalium, K",Olja,0.0,mg
4074,Hampafröolja,"Jod, I",Olja,0.0,µg
4074,Hampafröolja,Fullkorn totalt,Olja,0.0,g
4074,Hampafröolja,"Folat, totalt",Olja,0.0,µg
4074,Hampafröolja,Fibrer,Olja,0.0,g
4074,Hampafröolja,"Fett, totalt",Olja,99.9,g
4074,Hampafröolja,"Järn, Fe",Olja,0.0,mg
4074,Hampafröolja,Energi (kJ),Olja,3696.0,kJ
4074,Hampafröolja,Energi (kcal),Olja,883.0,kcal
4074,Hampafröolja,Disackarider,Olja,0.0,g
4074,Hampafröolja,"Kalcium, Ca",Olja,1.0,mg
4074,Hampafröolja,Fettsyra 4:0-10:0,Olja,0.0,g
4074,Hampafröolja,DHA (C22:6),Olja,0.0,g
4074,Hampafröolja,DPA (C22:5),Olja,0.0,g
4074,Hampafröolja,EPA (C20:5),Olja,0.0,g
4074,Hampafröolja,Arakidonsyra C20:4,Olja,0.0,g
4074,Hampafröolja,Arakidinsyra C20:0,Olja,0.8,g
4074,Hampafröolja,Linolensyra C18:3,Olja,21.6,g
4074,Hampafröolja,Linolsyra C18:2,Olja,57.2,g
4074,Hampafröolja,Oljesyra C18:1,Olja,10.6,g
4074,Hampafröolja,Stearinsyra C18:0,Olja,2.3,g
4074,Hampafröolja,Palmitoljesyra C16:1,Olja,0.1,g
4074,Hampafröolja,Palmitinsyra C16:0,Olja,5.8,g
4074,Hampafröolja,Myristinsyra C14:0,Olja,0.0,g
4074,Hampafröolja,Laurinsyra C12:0,Olja,0.0,g
4074,Hampafröolja,Betakaroten/β-Karoten,Olja,0.0,µg
4074,Hampafröolja,Avfall (skal etc.),Olja,0.0,%
4074,Hampafröolja,Aska,Olja,0.0,g
4074,Hampafröolja,Alkohol,Olja,0.0,g
4095,Hushållsmargarin mjölkfri fett 80% berikad typ Milda,"Zink, Zn",Hård matfettsblandning,0.0,mg
4095,Hushållsmargarin mjölkfri fett 80% berikad typ Milda,Vitamin E,Hård matfettsblandning,11.0,mg
4095,Hushållsmargarin mjölkfri fett 80% berikad typ Milda,Vitamin D,Hård matfettsblandning,20.0,µg
4095,Hushållsmargarin mjölkfri fett 80% berikad typ Milda,Vitamin C,Hård matfettsblandning,0.0,mg
4095,Hushållsmargarin mjölkfri fett 80% berikad typ Milda,Vitamin B6,Hård matfettsblandning,0.0,mg
4095,Hushållsmargarin mjölkfri fett 80% berikad typ Milda,Vitamin B12,Hård matfettsblandning,0.0,µg
4095,Hushållsmargarin mjölkfri fett 80% berikad typ Milda,Vitamin A,Hård matfettsblandning,800.0,RE/µg
4095,Hushållsmargarin mjölkfri fett 80% berikad typ Milda,Vatten,Hård matfettsblandning,19.0,g
4095,Hushållsmargarin mjölkfri fett 80% berikad typ Milda,Tiamin,Hård matfettsblandning,0.0,mg
4095,Hushållsmargarin mjölkfri fett 80% berikad typ Milda,Tillsatt socker,Hård matfettsblandning,0.0,g
4095,Hushållsmargarin mjölkfri fett 80% berikad typ Milda,Fritt socker,Hård matfettsblandning,0.0,g
4095,Hushållsmargarin mjölkfri fett 80% berikad typ Milda,"Selen, Se",Hård matfettsblandning,0.0,µg
4095,Hushållsmargarin mjölkfri fett 80% berikad typ Milda,Sackaros,Hård matfettsblandning,0.0,g
4095,Hushållsmargarin mjölkfri fett 80% berikad typ Milda,Riboflavin,Hård matfettsblandning,0.0,mg
4095,Hushållsmargarin mjölkfri fett 80% berikad typ Milda,Retinol,Hård matfettsblandning,760.0,µg
4095,Hushållsmargarin mjölkfri fett 80% berikad typ Milda,Protein,Hård matfettsblandning,0.0,g
4095,Hushållsmargarin mjölkfri fett 80% berikad typ Milda,Summa fleromättade fettsyror,Hård matfettsblandning,18.0,g
4095,Hushållsmargarin mjölkfri fett 80% berikad typ Milda,"Fosfor, P",Hård matfettsblandning,0.0,mg
4095,Hushållsmargarin mjölkfri fett 80% berikad typ Milda,Niacinekvivalenter,Hård matfettsblandning,0.0,NE/mg
4095,Hushållsmargarin mjölkfri fett 80% berikad typ Milda,Niacin,Hård matfettsblandning,0.0,mg
4095,Hushållsmargarin mjölkfri fett 80% berikad typ Milda,"Salt, NaCl",Hård matfettsblandning,1.0,g
4095,Hushållsmargarin mjölkfri fett 80% berikad typ Milda,"Natrium, Na",Hård matfettsblandning,400.0,mg
4095,Hushållsmargarin mjölkfri fett 80% berikad typ Milda,Monosackarider,Hård matfettsblandning,0.0,g
4095,Hushållsmargarin mjölkfri fett 80% berikad typ Milda,"Sockerarter, totalt",Hård matfettsblandning,0.0,g
4095,Hushållsmargarin mjölkfri fett 80% berikad typ Milda,Summa enkelomättade fettsyror,Hård matfettsblandning,30.0,g
4095,Hushållsmargarin mjölkfri fett 80% berikad typ Milda,"Magnesium, Mg",Hård matfettsblandning,0.0,mg
4095,Hushållsmargarin mjölkfri fett 80% berikad typ Milda,Summa mättade fettsyror,Hård matfettsblandning,32.0,g
4095,Hushållsmargarin mjölkfri fett 80% berikad typ Milda,"Kolhydrater, tillgängliga",Hård matfettsblandning,0.0,g
4095,Hushållsmargarin mjölkfri fett 80% berikad typ Milda,Kolesterol,Hård matfettsblandning,0.0,mg
4095,Hushållsmargarin mjölkfri fett 80% berikad typ Milda,"Kalium, K",Hård matfettsblandning,0.0,mg
4095,Hushållsmargarin mjölkfri fett 80% berikad typ Milda,"Jod, I",Hård matfettsblandning,0.5,µg
4095,Hushållsmargarin mjölkfri fett 80% berikad typ Milda,Fullkorn totalt,Hård matfettsblandning,0.0,g
4095,Hushållsmargarin mjölkfri fett 80% berikad typ Milda,"Folat, totalt",Hård matfettsblandning,0.0,µg
4095,Hushållsmargarin mjölkfri fett 80% berikad typ Milda,Fibrer,Hård matfettsblandning,0.0,g
4095,Hushållsmargarin mjölkfri fett 80% berikad typ Milda,"Fett, totalt",Hård matfettsblandning,80.0,g
4095,Hushållsmargarin mjölkfri fett 80% berikad typ Milda,"Järn, Fe",Hård matfettsblandning,0.0,mg
4095,Hushållsmargarin mjölkfri fett 80% berikad typ Milda,Energi (kJ),Hård matfettsblandning,2960.0,kJ
4095,Hushållsmargarin mjölkfri fett 80% berikad typ Milda,Energi (kcal),Hård matfettsblandning,707.0,kcal
4095,Hushållsmargarin mjölkfri fett 80% berikad typ Milda,Disackarider,Hård matfettsblandning,0.0,g
4095,Hushållsmargarin mjölkfri fett 80% berikad typ Milda,"Kalcium, Ca",Hård matfettsblandning,0.0,mg
4095,Hushållsmargarin mjölkfri fett 80% berikad typ Milda,Fettsyra 4:0-10:0,Hård matfettsblandning,0.3,g
4095,Hushållsmargarin mjölkfri fett 80% berikad typ Milda,DHA (C22:6),Hård matfettsblandning,0.0,g
4095,Hushållsmargarin mjölkfri fett 80% berikad typ Milda,DPA (C22:5),Hård matfettsblandning,0.0,g
4095,Hushållsmargarin mjölkfri fett 80% berikad typ Milda,EPA (C20:5),Hård matfettsblandning,0.0,g
4095,Hushållsmargarin mjölkfri fett 80% berikad typ Milda,Arakidonsyra C20:4,Hård matfettsblandning,0.0,g
4095,Hushållsmargarin mjölkfri fett 80% berikad typ Milda,Arakidinsyra C20:0,Hård matfettsblandning,0.0,g
4095,Hushållsmargarin mjölkfri fett 80% berikad typ Milda,Linolensyra C18:3,Hård matfettsblandning,4.3,g
4095,Hushållsmargarin mjölkfri fett 80% berikad typ Milda,Linolsyra C18:2,Hård matfettsblandning,10.3,g
4095,Hushållsmargarin mjölkfri fett 80% berikad typ Milda,Oljesyra C18:1,Hård matfettsblandning,33.8,g
4095,Hushållsmargarin mjölkfri fett 80% berikad typ Milda,Stearinsyra C18:0,Hård matfettsblandning,2.6,g
4095,Hushållsmargarin mjölkfri fett 80% berikad typ Milda,Palmitoljesyra C16:1,Hård matfettsblandning,0.0,g
4095,Hushållsmargarin mjölkfri fett 80% berikad typ Milda,Palmitinsyra C16:0,Hård matfettsblandning,23.4,g
4095,Hushållsmargarin mjölkfri fett 80% berikad typ Milda,Myristinsyra C14:0,Hård matfettsblandning,1.1,g
4095,Hushållsmargarin mjölkfri fett 80% berikad typ Milda,Laurinsyra C12:0,Hård matfettsblandning,2.0,g
4095,Hushållsmargarin mjölkfri fett 80% berikad typ Milda,Betakaroten/β-Karoten,Hård matfettsblandning,480.0,µg
4095,Hushållsmargarin mjölkfri fett 80% berikad typ Milda,Avfall (skal etc.),Hård matfettsblandning,0.0,%
4095,Hushållsmargarin mjölkfri fett 80% berikad typ Milda,Aska,Hård matfettsblandning,1.0,g
4095,Hushållsmargarin mjölkfri fett 80% berikad typ Milda,Alkohol,Hård matfettsblandning,0.0,g
4105,Lättmargarin fett 40% berikad typ Coop,"Zink, Zn",Hård matfettsblandning,0.0,mg
4105,Lättmargarin fett 40% berikad typ Coop,Vitamin E,Hård matfettsblandning,7.0,mg
4105,Lättmargarin fett 40% berikad typ Coop,Vitamin D,Hård matfettsblandning,7.5,µg
4105,Lättmargarin fett 40% berikad typ Coop,Vitamin C,Hård matfettsblandning,0.0,mg
4105,Lättmargarin fett 40% berikad typ Coop,Vitamin B6,Hård matfettsblandning,0.0,mg
4105,Lättmargarin fett 40% berikad typ Coop,Vitamin B12,Hård matfettsblandning,0.0,µg
4105,Lättmargarin fett 40% berikad typ Coop,Vitamin A,Hård matfettsblandning,900.0,RE/µg
4105,Lättmargarin fett 40% berikad typ Coop,Vatten,Hård matfettsblandning,57.5,g
4105,Lättmargarin fett 40% berikad typ Coop,Tiamin,Hård matfettsblandning,0.0,mg
4105,Lättmargarin fett 40% berikad typ Coop,Tillsatt socker,Hård matfettsblandning,0.0,g
4105,Lättmargarin fett 40% berikad typ Coop,Fritt socker,Hård matfettsblandning,0.0,g
4105,Lättmargarin fett 40% berikad typ Coop,"Selen, Se",Hård matfettsblandning,0.0,µg
4105,Lättmargarin fett 40% berikad typ Coop,Sackaros,Hård matfettsblandning,0.0,g
4105,Lättmargarin fett 40% berikad typ Coop,Riboflavin,Hård matfettsblandning,0.0,mg
4105,Lättmargarin fett 40% berikad typ Coop,Retinol,Hård matfettsblandning,875.0,µg
4105,Lättmargarin fett 40% berikad typ Coop,Protein,Hård matfettsblandning,0.5,g
4105,Lättmargarin fett 40% berikad typ Coop,Summa fleromättade fettsyror,Hård matfettsblandning,8.3,g
4105,Lättmargarin fett 40% berikad typ Coop,"Fosfor, P",Hård matfettsblandning,2.0,mg
4105,Lättmargarin fett 40% berikad typ Coop,Niacinekvivalenter,Hård matfettsblandning,0.08,NE/mg
4105,Lättmargarin fett 40% berikad typ Coop,Niacin,Hård matfettsblandning,0.0,mg
4105,Lättmargarin fett 40% berikad typ Coop,"Salt, NaCl",Hård matfettsblandning,1.5,g
4105,Lättmargarin fett 40% berikad typ Coop,"Natrium, Na",Hård matfettsblandning,600.0,mg
4105,Lättmargarin fett 40% berikad typ Coop,Monosackarider,Hård matfettsblandning,0.0,g
4105,Lättmargarin fett 40% berikad typ Coop,"Sockerarter, totalt",Hård matfettsblandning,0.5,g
4105,Lättmargarin fett 40% berikad typ Coop,Summa enkelomättade fettsyror,Hård matfettsblandning,18.6,g
4105,Lättmargarin fett 40% berikad typ Coop,"Magnesium, Mg",Hård matfettsblandning,0.0,mg
4105,Lättmargarin fett 40% berikad typ Coop,Summa mättade fettsyror,Hård matfettsblandning,11.5,g
4105,Lättmargarin fett 40% berikad typ Coop,"Kolhydrater, tillgängliga",Hård matfettsblandning,0.5,g
4105,Lättmargarin fett 40% berikad typ Coop,Kolesterol,Hård matfettsblandning,0.0,mg
4105,Lättmargarin fett 40% berikad typ Coop,"Kalium, K",Hård matfettsblandning,0.0,mg
4105,Lättmargarin fett 40% berikad typ Coop,"Jod, I",Hård matfettsblandning,1.0,µg
4105,Lättmargarin fett 40% berikad typ Coop,Fullkorn totalt,Hård matfettsblandning,0.0,g
4105,Lättmargarin fett 40% berikad typ Coop,"Folat, totalt",Hård matfettsblandning,0.0,µg
4105,Lättmargarin fett 40% berikad typ Coop,Fibrer,Hård matfettsblandning,0.0,g
4105,Lättmargarin fett 40% berikad typ Coop,"Fett, totalt",Hård matfettsblandning,40.0,g
4105,Lättmargarin fett 40% berikad typ Coop,"Järn, Fe",Hård matfettsblandning,0.0,mg
4105,Lättmargarin fett 40% berikad typ Coop,Energi (kJ),Hård matfettsblandning,1497.0,kJ
4105,Lättmargarin fett 40% berikad typ Coop,Energi (kcal),Hård matfettsblandning,358.0,kcal
4105,Lättmargarin fett 40% berikad typ Coop,Disackarider,Hård matfettsblandning,0.5,g
4105,Lättmargarin fett 40% berikad typ Coop,"Kalcium, Ca",Hård matfettsblandning,0.0,mg
4105,Lättmargarin fett 40% berikad typ Coop,Fettsyra 4:0-10:0,Hård matfettsblandning,0.9,g
4105,Lättmargarin fett 40% berikad typ Coop,DHA (C22:6),Hård matfettsblandning,0.0,g
4105,Lättmargarin fett 40% berikad typ Coop,DPA (C22:5),Hård matfettsblandning,0.0,g
4105,Lättmargarin fett 40% berikad typ Coop,EPA (C20:5),Hård matfettsblandning,0.0,g
4105,Lättmargarin fett 40% berikad typ Coop,Arakidonsyra C20:4,Hård matfettsblandning,0.0,g
4105,Lättmargarin fett 40% berikad typ Coop,Arakidinsyra C20:0,Hård matfettsblandning,0.2,g
4105,Lättmargarin fett 40% berikad typ Coop,Linolensyra C18:3,Hård matfettsblandning,2.8,g
4105,Lättmargarin fett 40% berikad typ Coop,Linolsyra C18:2,Hård matfettsblandning,5.4,g
4105,Lättmargarin fett 40% berikad typ Coop,Oljesyra C18:1,Hård matfettsblandning,17.9,g
4105,Lättmargarin fett 40% berikad typ Coop,Stearinsyra C18:0,Hård matfettsblandning,1.0,g
4105,Lättmargarin fett 40% berikad typ Coop,Palmitoljesyra C16:1,Hård matfettsblandning,0.1,g
4105,Lättmargarin fett 40% berikad typ Coop,Palmitinsyra C16:0,Hård matfettsblandning,5.5,g
4105,Lättmargarin fett 40% berikad typ Coop,Myristinsyra C14:0,Hård matfettsblandning,1.2,g
4105,Lättmargarin fett 40% berikad typ Coop,Laurinsyra C12:0,Hård matfettsblandning,2.6,g
4105,Lättmargarin fett 40% berikad typ Coop,Betakaroten/β-Karoten,Hård matfettsblandning,300.0,µg
4105,Lättmargarin fett 40% berikad typ Coop,Avfall (skal etc.),Hård matfettsblandning,0.0,%
4105,Lättmargarin fett 40% berikad typ Coop,Aska,Hård matfettsblandning,1.5,g
4105,Lättmargarin fett 40% berikad typ Coop,Alkohol,Hård matfettsblandning,0.0,g
4107,Bordsmargarin fett 60% berikad typ Ica Basic,"Zink, Zn",Hård matfettsblandning,0.0,mg
4107,Bordsmargarin fett 60% berikad typ Ica Basic,Vitamin E,Hård matfettsblandning,7.5,mg
4107,Bordsmargarin fett 60% berikad typ Ica Basic,Vitamin D,Hård matfettsblandning,7.5,µg
4107,Bordsmargarin fett 60% berikad typ Ica Basic,Vitamin C,Hård matfettsblandning,0.0,mg
4107,Bordsmargarin fett 60% berikad typ Ica Basic,Vitamin B6,Hård matfettsblandning,0.0,mg
4107,Bordsmargarin fett 60% berikad typ Ica Basic,Vitamin B12,Hård matfettsblandning,0.0,µg
4107,Bordsmargarin fett 60% berikad typ Ica Basic,Vitamin A,Hård matfettsblandning,900.0,RE/µg
4107,Bordsmargarin fett 60% berikad typ Ica Basic,Vatten,Hård matfettsblandning,38.0,g
4107,Bordsmargarin fett 60% berikad typ Ica Basic,Tiamin,Hård matfettsblandning,0.0,mg
4107,Bordsmargarin fett 60% berikad typ Ica Basic,Tillsatt socker,Hård matfettsblandning,0.0,g
4107,Bordsmargarin fett 60% berikad typ Ica Basic,Fritt socker,Hård matfettsblandning,0.0,g
4107,Bordsmargarin fett 60% berikad typ Ica Basic,"Selen, Se",Hård matfettsblandning,0.0,µg
4107,Bordsmargarin fett 60% berikad typ Ica Basic,Sackaros,Hård matfettsblandning,0.0,g
4107,Bordsmargarin fett 60% berikad typ Ica Basic,Riboflavin,Hård matfettsblandning,0.0,mg
4107,Bordsmargarin fett 60% berikad typ Ica Basic,Retinol,Hård matfettsblandning,855.0,µg
4107,Bordsmargarin fett 60% berikad typ Ica Basic,Protein,Hård matfettsblandning,0.5,g
4107,Bordsmargarin fett 60% berikad typ Ica Basic,Summa fleromättade fettsyror,Hård matfettsblandning,10.5,g
4107,Bordsmargarin fett 60% berikad typ Ica Basic,"Fosfor, P",Hård matfettsblandning,0.0,mg
4107,Bordsmargarin fett 60% berikad typ Ica Basic,Niacinekvivalenter,Hård matfettsblandning,0.08,NE/mg
4107,Bordsmargarin fett 60% berikad typ Ica Basic,Niacin,Hård matfettsblandning,0.0,mg
4107,Bordsmargarin fett 60% berikad typ Ica Basic,"Salt, NaCl",Hård matfettsblandning,1.0,g
4107,Bordsmargarin fett 60% berikad typ Ica Basic,"Natrium, Na",Hård matfettsblandning,400.0,mg
4107,Bordsmargarin fett 60% berikad typ Ica Basic,Monosackarider,Hård matfettsblandning,0.0,g
4107,Bordsmargarin fett 60% berikad typ Ica Basic,"Sockerarter, totalt",Hård matfettsblandning,0.5,g
4107,Bordsmargarin fett 60% berikad typ Ica Basic,Summa enkelomättade fettsyror,Hård matfettsblandning,27.0,g
4107,Bordsmargarin fett 60% berikad typ Ica Basic,"Magnesium, Mg",Hård matfettsblandning,0.0,mg
4107,Bordsmargarin fett 60% berikad typ Ica Basic,Summa mättade fettsyror,Hård matfettsblandning,19.8,g
4107,Bordsmargarin fett 60% berikad typ Ica Basic,"Kolhydrater, tillgängliga",Hård matfettsblandning,0.5,g
4107,Bordsmargarin fett 60% berikad typ Ica Basic,Kolesterol,Hård matfettsblandning,0.0,mg
4107,Bordsmargarin fett 60% berikad typ Ica Basic,"Kalium, K",Hård matfettsblandning,0.0,mg
4107,Bordsmargarin fett 60% berikad typ Ica Basic,"Jod, I",Hård matfettsblandning,0.4,µg
4107,Bordsmargarin fett 60% berikad typ Ica Basic,Fullkorn totalt,Hård matfettsblandning,0.0,g
4107,Bordsmargarin fett 60% berikad typ Ica Basic,"Folat, totalt",Hård matfettsblandning,0.0,µg
4107,Bordsmargarin fett 60% berikad typ Ica Basic,Fibrer,Hård matfettsblandning,0.0,g
4107,Bordsmargarin fett 60% berikad typ Ica Basic,"Fett, totalt",Hård matfettsblandning,60.0,g
4107,Bordsmargarin fett 60% berikad typ Ica Basic,"Järn, Fe",Hård matfettsblandning,0.0,mg
4107,Bordsmargarin fett 60% berikad typ Ica Basic,Energi (kJ),Hård matfettsblandning,2237.0,kJ
4107,Bordsmargarin fett 60% berikad typ Ica Basic,Energi (kcal),Hård matfettsblandning,535.0,kcal
4107,Bordsmargarin fett 60% berikad typ Ica Basic,Disackarider,Hård matfettsblandning,0.5,g
4107,Bordsmargarin fett 60% berikad typ Ica Basic,"Kalcium, Ca",Hård matfettsblandning,0.0,mg
4107,Bordsmargarin fett 60% berikad typ Ica Basic,Fettsyra 4:0-10:0,Hård matfettsblandning,1.1,g
4107,Bordsmargarin fett 60% berikad typ Ica Basic,DHA (C22:6),Hård matfettsblandning,0.0,g
4107,Bordsmargarin fett 60% berikad typ Ica Basic,DPA (C22:5),Hård matfettsblandning,0.0,g
4107,Bordsmargarin fett 60% berikad typ Ica Basic,EPA (C20:5),Hård matfettsblandning,0.0,g
4107,Bordsmargarin fett 60% berikad typ Ica Basic,Arakidonsyra C20:4,Hård matfettsblandning,0.0,g
4107,Bordsmargarin fett 60% berikad typ Ica Basic,Arakidinsyra C20:0,Hård matfettsblandning,0.3,g
4107,Bordsmargarin fett 60% berikad typ Ica Basic,Linolensyra C18:3,Hård matfettsblandning,2.7,g
4107,Bordsmargarin fett 60% berikad typ Ica Basic,Linolsyra C18:2,Hård matfettsblandning,7.7,g
4107,Bordsmargarin fett 60% berikad typ Ica Basic,Oljesyra C18:1,Hård matfettsblandning,26.4,g
4107,Bordsmargarin fett 60% berikad typ Ica Basic,Stearinsyra C18:0,Hård matfettsblandning,2.2,g
4107,Bordsmargarin fett 60% berikad typ Ica Basic,Palmitoljesyra C16:1,Hård matfettsblandning,0.1,g
4107,Bordsmargarin fett 60% berikad typ Ica Basic,Palmitinsyra C16:0,Hård matfettsblandning,10.2,g
4107,Bordsmargarin fett 60% berikad typ Ica Basic,Myristinsyra C14:0,Hård matfettsblandning,1.7,g
4107,Bordsmargarin fett 60% berikad typ Ica Basic,Laurinsyra C12:0,Hård matfettsblandning,4.2,g
4107,Bordsmargarin fett 60% berikad typ Ica Basic,Betakaroten/β-Karoten,Hård matfettsblandning,540.0,µg
4107,Bordsmargarin fett 60% berikad typ Ica Basic,Avfall (skal etc.),Hård matfettsblandning,0.0,%
4107,Bordsmargarin fett 60% berikad typ Ica Basic,Aska,Hård matfettsblandning,1.0,g
4107,Bordsmargarin fett 60% berikad typ Ica Basic,Alkohol,Hård matfettsblandning,0.0,g
4112,Hushållsmargarin fett 80% berikad typ ICA,"Zink, Zn",Hård matfettsblandning,0.0,mg
4112,Hushållsmargarin fett 80% berikad typ ICA,Vitamin E,Hård matfettsblandning,10.0,mg
4112,Hushållsmargarin fett 80% berikad typ ICA,Vitamin D,Hård matfettsblandning,19.5,µg
4112,Hushållsmargarin fett 80% berikad typ ICA,Vitamin C,Hård matfettsblandning,0.0,mg
4112,Hushållsmargarin fett 80% berikad typ ICA,Vitamin B6,Hård matfettsblandning,0.0,mg
4112,Hushållsmargarin fett 80% berikad typ ICA,Vitamin B12,Hård matfettsblandning,0.0,µg
4112,Hushållsmargarin fett 80% berikad typ ICA,Vitamin A,Hård matfettsblandning,800.0,RE/µg
4112,Hushållsmargarin fett 80% berikad typ ICA,Vatten,Hård matfettsblandning,18.0,g
4112,Hushållsmargarin fett 80% berikad typ ICA,Tiamin,Hård matfettsblandning,0.0,mg
4112,Hushållsmargarin fett 80% berikad typ ICA,Tillsatt socker,Hård matfettsblandning,0.0,g
4112,Hushållsmargarin fett 80% berikad typ ICA,Fritt socker,Hård matfettsblandning,0.0,g
4112,Hushållsmargarin fett 80% berikad typ ICA,"Selen, Se",Hård matfettsblandning,0.0,µg
4112,Hushållsmargarin fett 80% berikad typ ICA,Sackaros,Hård matfettsblandning,0.0,g
4112,Hushållsmargarin fett 80% berikad typ ICA,Riboflavin,Hård matfettsblandning,0.0,mg
4112,Hushållsmargarin fett 80% berikad typ ICA,Retinol,Hård matfettsblandning,760.0,µg
4112,Hushållsmargarin fett 80% berikad typ ICA,Protein,Hård matfettsblandning,0.2,g
4112,Hushållsmargarin fett 80% berikad typ ICA,Summa fleromättade fettsyror,Hård matfettsblandning,12.3,g
4112,Hushållsmargarin fett 80% berikad typ ICA,"Fosfor, P",Hård matfettsblandning,0.0,mg
4112,Hushållsmargarin fett 80% berikad typ ICA,Niacinekvivalenter,Hård matfettsblandning,0.03,NE/mg
4112,Hushållsmargarin fett 80% berikad typ ICA,Niacin,Hård matfettsblandning,0.0,mg
4112,Hushållsmargarin fett 80% berikad typ ICA,"Salt, NaCl",Hård matfettsblandning,1.5,g
4112,Hushållsmargarin fett 80% berikad typ ICA,"Natrium, Na",Hård matfettsblandning,600.0,mg
4112,Hushållsmargarin fett 80% berikad typ ICA,Monosackarider,Hård matfettsblandning,0.0,g
4112,Hushållsmargarin fett 80% berikad typ ICA,"Sockerarter, totalt",Hård matfettsblandning,0.3,g
4112,Hushållsmargarin fett 80% berikad typ ICA,Summa enkelomättade fettsyror,Hård matfettsblandning,37.0,g
4112,Hushållsmargarin fett 80% berikad typ ICA,"Magnesium, Mg",Hård matfettsblandning,0.0,mg
4112,Hushållsmargarin fett 80% berikad typ ICA,Summa mättade fettsyror,Hård matfettsblandning,27.3,g
4112,Hushållsmargarin fett 80% berikad typ ICA,"Kolhydrater, tillgängliga",Hård matfettsblandning,0.3,g
4112,Hushållsmargarin fett 80% berikad typ ICA,Kolesterol,Hård matfettsblandning,0.0,mg
4112,Hushållsmargarin fett 80% berikad typ ICA,"Kalium, K",Hård matfettsblandning,0.0,mg
4112,Hushållsmargarin fett 80% berikad typ ICA,"Jod, I",Hård matfettsblandning,0.4,µg
4112,Hushållsmargarin fett 80% berikad typ ICA,Fullkorn totalt,Hård matfettsblandning,0.0,g
4112,Hushållsmargarin fett 80% berikad typ ICA,"Folat, totalt",Hård matfettsblandning,0.0,µg
4112,Hushållsmargarin fett 80% berikad typ ICA,Fibrer,Hård matfettsblandning,0.0,g
4112,Hushållsmargarin fett 80% berikad typ ICA,"Fett, totalt",Hård matfettsblandning,80.0,g
4112,Hushållsmargarin fett 80% berikad typ ICA,"Järn, Fe",Hård matfettsblandning,0.0,mg
4112,Hushållsmargarin fett 80% berikad typ ICA,Energi (kJ),Hård matfettsblandning,2968.0,kJ
4112,Hushållsmargarin fett 80% berikad typ ICA,Energi (kcal),Hård matfettsblandning,710.0,kcal
4112,Hushållsmargarin fett 80% berikad typ ICA,Disackarider,Hård matfettsblandning,0.3,g
4112,Hushållsmargarin fett 80% berikad typ ICA,"Kalcium, Ca",Hård matfettsblandning,0.0,mg
4112,Hushållsmargarin fett 80% berikad typ ICA,Fettsyra 4:0-10:0,Hård matfettsblandning,0.0,g
4112,Hushållsmargarin fett 80% berikad typ ICA,DHA (C22:6),Hård matfettsblandning,0.0,g
4112,Hushållsmargarin fett 80% berikad typ ICA,DPA (C22:5),Hård matfettsblandning,0.0,g
4112,Hushållsmargarin fett 80% berikad typ ICA,EPA (C20:5),Hård matfettsblandning,0.0,g
4112,Hushållsmargarin fett 80% berikad typ ICA,Arakidonsyra C20:4,Hård matfettsblandning,0.0,g
4112,Hushållsmargarin fett 80% berikad typ ICA,Arakidinsyra C20:0,Hård matfettsblandning,0.4,g
4112,Hushållsmargarin fett 80% berikad typ ICA,Linolensyra C18:3,Hård matfettsblandning,2.4,g
4112,Hushållsmargarin fett 80% berikad typ ICA,Linolsyra C18:2,Hård matfettsblandning,10.0,g
4112,Hushållsmargarin fett 80% berikad typ ICA,Oljesyra C18:1,Hård matfettsblandning,36.4,g
4112,Hushållsmargarin fett 80% berikad typ ICA,Stearinsyra C18:0,Hård matfettsblandning,4.3,g
4112,Hushållsmargarin fett 80% berikad typ ICA,Palmitoljesyra C16:1,Hård matfettsblandning,0.2,g
4112,Hushållsmargarin fett 80% berikad typ ICA,Palmitinsyra C16:0,Hård matfettsblandning,21.7,g
4112,Hushållsmargarin fett 80% berikad typ ICA,Myristinsyra C14:0,Hård matfettsblandning,0.5,g
4112,Hushållsmargarin fett 80% berikad typ ICA,Laurinsyra C12:0,Hård matfettsblandning,0.1,g
4112,Hushållsmargarin fett 80% berikad typ ICA,Betakaroten/β-Karoten,Hård matfettsblandning,480.0,µg
4112,Hushållsmargarin fett 80% berikad typ ICA,Avfall (skal etc.),Hård matfettsblandning,0.0,%
4112,Hushållsmargarin fett 80% berikad typ ICA,Aska,Hård matfettsblandning,1.5,g
4112,Hushållsmargarin fett 80% berikad typ ICA,Alkohol,Hård matfettsblandning,0.0,g
4117,Nudlar kokta m. kryddor,"Zink, Zn",Pastarätter,0.3,mg
4117,Nudlar kokta m. kryddor,Vitamin E,Pastarätter,0.5,mg
4117,Nudlar kokta m. kryddor,Vitamin D inkl 25-OH-D3,Pastarätter,0.0,µg
4117,Nudlar kokta m. kryddor,Vitamin D,Pastarätter,0.0,µg
4117,Nudlar kokta m. kryddor,Vitamin C,Pastarätter,0.0,mg
4117,Nudlar kokta m. kryddor,Vitamin B6,Pastarätter,0.03,mg
4117,Nudlar kokta m. kryddor,Vitamin B12,Pastarätter,0.0,µg
4117,Nudlar kokta m. kryddor,Vitamin A,Pastarätter,0.0,RE/µg
4117,Nudlar kokta m. kryddor,Vatten,Pastarätter,76.9,g
4117,Nudlar kokta m. kryddor,Tiamin,Pastarätter,0.3,mg
4117,Nudlar kokta m. kryddor,Tillsatt socker,Pastarätter,0.0,g
4117,Nudlar kokta m. kryddor,Fritt socker,Pastarätter,0.0,g
4117,Nudlar kokta m. kryddor,"Selen, Se",Pastarätter,0.7,µg
4117,Nudlar kokta m. kryddor,Sackaros,Pastarätter,0.2,g
4117,Nudlar kokta m. kryddor,Riboflavin,Pastarätter,0.01,mg
4117,Nudlar kokta m. kryddor,Retinol,Pastarätter,0.0,µg
4117,Nudlar kokta m. kryddor,Protein,Pastarätter,2.4,g
4117,Nudlar kokta m. kryddor,Summa fleromättade fettsyror,Pastarätter,0.3,g
4117,Nudlar kokta m. kryddor,"Fosfor, P",Pastarätter,28.0,mg
4117,Nudlar kokta m. kryddor,Niacinekvivalenter,Pastarätter,0.75,NE/mg
4117,Nudlar kokta m. kryddor,Niacin,Pastarätter,0.29,mg
4117,Nudlar kokta m. kryddor,"Salt, NaCl",Pastarätter,1.2,g
4117,Nudlar kokta m. kryddor,"Natrium, Na",Pastarätter,464.0,mg
4117,Nudlar kokta m. kryddor,Monosackarider,Pastarätter,0.0,g
4117,Nudlar kokta m. kryddor,"Sockerarter, totalt",Pastarätter,0.6,g
4117,Nudlar kokta m. kryddor,Summa enkelomättade fettsyror,Pastarätter,1.2,g
4117,Nudlar kokta m. kryddor,"Magnesium, Mg",Pastarätter,8.0,mg
4117,Nudlar kokta m. kryddor,Summa mättade fettsyror,Pastarätter,1.4,g
4117,Nudlar kokta m. kryddor,"Kolhydrater, tillgängliga",Pastarätter,11.8,g
4117,Nudlar kokta m. kryddor,Kolesterol,Pastarätter,0.0,mg
4117,Nudlar kokta m. kryddor,"Kalium, K",Pastarätter,43.0,mg
4117,Nudlar kokta m. kryddor,"Jod, I",Pastarätter,2.0,µg
4117,Nudlar kokta m. kryddor,Fullkorn totalt,Pastarätter,0.0,g
4117,Nudlar kokta m. kryddor,"Folat, totalt",Pastarätter,12.9,µg
4117,Nudlar kokta m. kryddor,Fibrer,Pastarätter,3.1,g
4117,Nudlar kokta m. kryddor,"Fett, totalt",Pastarätter,4.3,g
4117,Nudlar kokta m. kryddor,"Järn, Fe",Pastarätter,0.3,mg
4117,Nudlar kokta m. kryddor,Energi (kJ),Pastarätter,427.0,kJ
4117,Nudlar kokta m. kryddor,Energi (kcal),Pastarätter,102.0,kcal
4117,Nudlar kokta m. kryddor,Disackarider,Pastarätter,0.6,g
4117,Nudlar kokta m. kryddor,"Kalcium, Ca",Pastarätter,101.0,mg
4117,Nudlar kokta m. kryddor,Fettsyra 4:0-10:0,Pastarätter,0.0,g
4117,Nudlar kokta m. kryddor,DHA (C22:6),Pastarätter,0.0,g
4117,Nudlar kokta m. kryddor,DPA (C22:5),Pastarätter,0.0,g
4117,Nudlar kokta m. kryddor,EPA (C20:5),Pastarätter,0.0,g
4117,Nudlar kokta m. kryddor,Arakidonsyra C20:4,Pastarätter,0.0,g
4117,Nudlar kokta m. kryddor,Arakidinsyra C20:0,Pastarätter,0.0,g
4117,Nudlar kokta m. kryddor,Linolensyra C18:3,Pastarätter,0.0,g
4117,Nudlar kokta m. kryddor,Linolsyra C18:2,Pastarätter,0.3,g
4117,Nudlar kokta m. kryddor,Oljesyra C18:1,Pastarätter,1.2,g
4117,Nudlar kokta m. kryddor,Stearinsyra C18:0,Pastarätter,0.2,g
4117,Nudlar kokta m. kryddor,Palmitoljesyra C16:1,Pastarätter,0.0,g
4117,Nudlar kokta m. kryddor,Palmitinsyra C16:0,Pastarätter,1.2,g
4117,Nudlar kokta m. kryddor,Myristinsyra C14:0,Pastarätter,0.0,g
4117,Nudlar kokta m. kryddor,Laurinsyra C12:0,Pastarätter,0.0,g
4117,Nudlar kokta m. kryddor,Betakaroten/β-Karoten,Pastarätter,0.0,µg
4117,Nudlar kokta m. kryddor,Avfall (skal etc.),Pastarätter,0.0,%
4117,Nudlar kokta m. kryddor,Aska,Pastarätter,1.4,g
4117,Nudlar kokta m. kryddor,Alkohol,Pastarätter,0.0,g
4123,Grislever stekt m. salt,"Zink, Zn",Inälvor organ produkter o rätter,9.1,mg
4123,Grislever stekt m. salt,Vitamin E,Inälvor organ produkter o rätter,0.8,mg
4123,Grislever stekt m. salt,Vitamin D,Inälvor organ produkter o rätter,0.21,µg
4123,Grislever stekt m. salt,Vitamin C,Inälvor organ produkter o rätter,30.2,mg
4123,Grislever stekt m. salt,Vitamin B6,Inälvor organ produkter o rätter,0.52,mg
4123,Grislever stekt m. salt,Vitamin B12,Inälvor organ produkter o rätter,36.99,µg
4123,Grislever stekt m. salt,Vitamin A,Inälvor organ produkter o rätter,16048.5,RE/µg
4123,Grislever stekt m. salt,Vatten,Inälvor organ produkter o rätter,60.0,g
4123,Grislever stekt m. salt,Tiamin,Inälvor organ produkter o rätter,0.27,mg
4123,Grislever stekt m. salt,Tillsatt socker,Inälvor organ produkter o rätter,0.0,g
4123,Grislever stekt m. salt,Fritt socker,Inälvor organ produkter o rätter,0.0,g
4123,Grislever stekt m. salt,"Selen, Se",Inälvor organ produkter o rätter,61.7,µg
4123,Grislever stekt m. salt,Sackaros,Inälvor organ produkter o rätter,0.0,g
4123,Grislever stekt m. salt,Riboflavin,Inälvor organ produkter o rätter,6.21,mg
4123,Grislever stekt m. salt,Retinol,Inälvor organ produkter o rätter,16046.5,µg
4123,Grislever stekt m. salt,Protein,Inälvor organ produkter o rätter,27.1,g
4123,Grislever stekt m. salt,Summa fleromättade fettsyror,Inälvor organ produkter o rätter,1.2,g
4123,Grislever stekt m. salt,"Fosfor, P",Inälvor organ produkter o rätter,476.0,mg
4123,Grislever stekt m. salt,Niacinekvivalenter,Inälvor organ produkter o rätter,22.48,NE/mg
4123,Grislever stekt m. salt,Niacin,Inälvor organ produkter o rätter,17.51,mg
4123,Grislever stekt m. salt,"Salt, NaCl",Inälvor organ produkter o rätter,0.9,g
4123,Grislever stekt m. salt,"Natrium, Na",Inälvor organ produkter o rätter,348.0,mg
4123,Grislever stekt m. salt,Monosackarider,Inälvor organ produkter o rätter,0.0,g
4123,Grislever stekt m. salt,"Sockerarter, totalt",Inälvor organ produkter o rätter,0.0,g
4123,Grislever stekt m. salt,Summa enkelomättade fettsyror,Inälvor organ produkter o rätter,1.2,g
4123,Grislever stekt m. salt,"Magnesium, Mg",Inälvor organ produkter o rätter,40.0,mg
4123,Grislever stekt m. salt,Summa mättade fettsyror,Inälvor organ produkter o rätter,2.9,g
4123,Grislever stekt m. salt,"Kolhydrater, tillgängliga",Inälvor organ produkter o rätter,3.7,g
4123,Grislever stekt m. salt,Kolesterol,Inälvor organ produkter o rätter,377.3,mg
4123,Grislever stekt m. salt,"Kalium, K",Inälvor organ produkter o rätter,233.0,mg
4123,Grislever stekt m. salt,"Jod, I",Inälvor organ produkter o rätter,32.7,µg
4123,Grislever stekt m. salt,Fullkorn totalt,Inälvor organ produkter o rätter,0.0,g
4123,Grislever stekt m. salt,"Folat, totalt",Inälvor organ produkter o rätter,1048.1,µg
4123,Grislever stekt m. salt,Fibrer,Inälvor organ produkter o rätter,0.0,g
4123,Grislever stekt m. salt,"Fett, totalt",Inälvor organ produkter o rätter,6.6,g
4123,Grislever stekt m. salt,"Järn, Fe",Inälvor organ produkter o rätter,23.1,mg
4123,Grislever stekt m. salt,Energi (kJ),Inälvor organ produkter o rätter,767.0,kJ
4123,Grislever stekt m. salt,Energi (kcal),Inälvor organ produkter o rätter,184.0,kcal
4123,Grislever stekt m. salt,Disackarider,Inälvor organ produkter o rätter,0.0,g
4123,Grislever stekt m. salt,"Kalcium, Ca",Inälvor organ produkter o rätter,11.0,mg
4123,Grislever stekt m. salt,Fettsyra 4:0-10:0,Inälvor organ produkter o rätter,0.2,g
4123,Grislever stekt m. salt,DHA (C22:6),Inälvor organ produkter o rätter,0.1,g
4123,Grislever stekt m. salt,DPA (C22:5),Inälvor organ produkter o rätter,0.1,g
4123,Grislever stekt m. salt,EPA (C20:5),Inälvor organ produkter o rätter,0.0,g
4123,Grislever stekt m. salt,Arakidonsyra C20:4,Inälvor organ produkter o rätter,0.4,g
4123,Grislever stekt m. salt,Arakidinsyra C20:0,Inälvor organ produkter o rätter,0.0,g
4123,Grislever stekt m. salt,Linolensyra C18:3,Inälvor organ produkter o rätter,0.0,g
4123,Grislever stekt m. salt,Linolsyra C18:2,Inälvor organ produkter o rätter,0.5,g
4123,Grislever stekt m. salt,Oljesyra C18:1,Inälvor organ produkter o rätter,1.1,g
4123,Grislever stekt m. salt,Stearinsyra C18:0,Inälvor organ produkter o rätter,0.9,g
4123,Grislever stekt m. salt,Palmitoljesyra C16:1,Inälvor organ produkter o rätter,0.1,g
4123,Grislever stekt m. salt,Palmitinsyra C16:0,Inälvor organ produkter o rätter,1.3,g
4123,Grislever stekt m. salt,Myristinsyra C14:0,Inälvor organ produkter o rätter,0.3,g
4123,Grislever stekt m. salt,Laurinsyra C12:0,Inälvor organ produkter o rätter,0.1,g
4123,Grislever stekt m. salt,Betakaroten/β-Karoten,Inälvor organ produkter o rätter,24.0,µg
4123,Grislever stekt m. salt,Avfall (skal etc.),Inälvor organ produkter o rätter,8.0,%
4123,Grislever stekt m. salt,Aska,Inälvor organ produkter o rätter,2.6,g
4123,Grislever stekt m. salt,Alkohol,Inälvor organ produkter o rätter,0.0,g
4124,Lammlever stekt m. salt,"Zink, Zn",Inälvor organ produkter o rätter,5.8,mg
4124,Lammlever stekt m. salt,Vitamin E,Inälvor organ produkter o rätter,0.6,mg
4124,Lammlever stekt m. salt,Vitamin D,Inälvor organ produkter o rätter,0.5,µg
4124,Lammlever stekt m. salt,Vitamin C,Inälvor organ produkter o rätter,40.4,mg
4124,Lammlever stekt m. salt,Vitamin B6,Inälvor organ produkter o rätter,0.26,mg
4124,Lammlever stekt m. salt,Vitamin B12,Inälvor organ produkter o rätter,77.09,µg
4124,Lammlever stekt m. salt,Vitamin A,Inälvor organ produkter o rätter,59996.0,RE/µg
4124,Lammlever stekt m. salt,Vatten,Inälvor organ produkter o rätter,57.9,g
4124,Lammlever stekt m. salt,Tiamin,Inälvor organ produkter o rätter,0.2,mg
4124,Lammlever stekt m. salt,Tillsatt socker,Inälvor organ produkter o rätter,0.0,g
4124,Lammlever stekt m. salt,Fritt socker,Inälvor organ produkter o rätter,0.0,g
4124,Lammlever stekt m. salt,"Selen, Se",Inälvor organ produkter o rätter,11.0,µg
4124,Lammlever stekt m. salt,Sackaros,Inälvor organ produkter o rätter,0.0,g
4124,Lammlever stekt m. salt,Riboflavin,Inälvor organ produkter o rätter,2.35,mg
4124,Lammlever stekt m. salt,Retinol,Inälvor organ produkter o rätter,59977.6,µg
4124,Lammlever stekt m. salt,Protein,Inälvor organ produkter o rätter,26.9,g
4124,Lammlever stekt m. salt,Summa fleromättade fettsyror,Inälvor organ produkter o rätter,1.3,g
4124,Lammlever stekt m. salt,"Fosfor, P",Inälvor organ produkter o rätter,533.0,mg
4124,Lammlever stekt m. salt,Niacinekvivalenter,Inälvor organ produkter o rätter,23.29,NE/mg
4124,Lammlever stekt m. salt,Niacin,Inälvor organ produkter o rätter,18.36,mg
4124,Lammlever stekt m. salt,"Salt, NaCl",Inälvor organ produkter o rätter,0.8,g
4124,Lammlever stekt m. salt,"Natrium, Na",Inälvor organ produkter o rätter,333.0,mg
4124,Lammlever stekt m. salt,Monosackarider,Inälvor organ produkter o rätter,0.0,g
4124,Lammlever stekt m. salt,"Sockerarter, totalt",Inälvor organ produkter o rätter,0.0,g
4124,Lammlever stekt m. salt,Summa enkelomättade fettsyror,Inälvor organ produkter o rätter,1.8,g
4124,Lammlever stekt m. salt,"Magnesium, Mg",Inälvor organ produkter o rätter,23.0,mg
4124,Lammlever stekt m. salt,Summa mättade fettsyror,Inälvor organ produkter o rätter,3.8,g
4124,Lammlever stekt m. salt,"Kolhydrater, tillgängliga",Inälvor organ produkter o rätter,3.9,g
4124,Lammlever stekt m. salt,Kolesterol,Inälvor organ produkter o rätter,374.4,mg
4124,Lammlever stekt m. salt,"Kalium, K",Inälvor organ produkter o rätter,249.0,mg
4124,Lammlever stekt m. salt,"Jod, I",Inälvor organ produkter o rätter,37.2,µg
4124,Lammlever stekt m. salt,Fullkorn totalt,Inälvor organ produkter o rätter,0.0,g
4124,Lammlever stekt m. salt,"Folat, totalt",Inälvor organ produkter o rätter,2080.3,µg
4124,Lammlever stekt m. salt,Fibrer,Inälvor organ produkter o rätter,0.0,g
4124,Lammlever stekt m. salt,"Fett, totalt",Inälvor organ produkter o rätter,8.8,g
4124,Lammlever stekt m. salt,"Järn, Fe",Inälvor organ produkter o rätter,6.0,mg
4124,Lammlever stekt m. salt,Energi (kJ),Inälvor organ produkter o rätter,851.0,kJ
4124,Lammlever stekt m. salt,Energi (kcal),Inälvor organ produkter o rätter,203.0,kcal
4124,Lammlever stekt m. salt,Disackarider,Inälvor organ produkter o rätter,0.0,g
4124,Lammlever stekt m. salt,"Kalcium, Ca",Inälvor organ produkter o rätter,7.0,mg
4124,Lammlever stekt m. salt,Fettsyra 4:0-10:0,Inälvor organ produkter o rätter,0.2,g
4124,Lammlever stekt m. salt,DHA (C22:6),Inälvor organ produkter o rätter,0.1,g
4124,Lammlever stekt m. salt,DPA (C22:5),Inälvor organ produkter o rätter,0.2,g
4124,Lammlever stekt m. salt,EPA (C20:5),Inälvor organ produkter o rätter,0.1,g
4124,Lammlever stekt m. salt,Arakidonsyra C20:4,Inälvor organ produkter o rätter,0.2,g
4124,Lammlever stekt m. salt,Arakidinsyra C20:0,Inälvor organ produkter o rätter,0.0,g
4124,Lammlever stekt m. salt,Linolensyra C18:3,Inälvor organ produkter o rätter,0.2,g
4124,Lammlever stekt m. salt,Linolsyra C18:2,Inälvor organ produkter o rätter,0.5,g
4124,Lammlever stekt m. salt,Oljesyra C18:1,Inälvor organ produkter o rätter,1.6,g
4124,Lammlever stekt m. salt,Stearinsyra C18:0,Inälvor organ produkter o rätter,1.4,g
4124,Lammlever stekt m. salt,Palmitoljesyra C16:1,Inälvor organ produkter o rätter,0.1,g
4124,Lammlever stekt m. salt,Palmitinsyra C16:0,Inälvor organ produkter o rätter,1.6,g
4124,Lammlever stekt m. salt,Myristinsyra C14:0,Inälvor organ produkter o rätter,0.3,g
4124,Lammlever stekt m. salt,Laurinsyra C12:0,Inälvor organ produkter o rätter,0.1,g
4124,Lammlever stekt m. salt,Betakaroten/β-Karoten,Inälvor organ produkter o rätter,221.0,µg
4124,Lammlever stekt m. salt,Avfall (skal etc.),Inälvor organ produkter o rätter,9.0,%
4124,Lammlever stekt m. salt,Aska,Inälvor organ produkter o rätter,2.4,g
4124,Lammlever stekt m. salt,Alkohol,Inälvor organ produkter o rätter,0.0,g
4126,Renlever stekt m. salt,"Zink, Zn",Inälvor organ produkter o rätter,4.2,mg
4126,Renlever stekt m. salt,Vitamin E,Inälvor organ produkter o rätter,1.1,mg
4126,Renlever stekt m. salt,Vitamin D,Inälvor organ produkter o rätter,0.14,µg
4126,Renlever stekt m. salt,Vitamin C,Inälvor organ produkter o rätter,40.8,mg
4126,Renlever stekt m. salt,Vitamin B6,Inälvor organ produkter o rätter,0.26,mg
4126,Renlever stekt m. salt,Vitamin B12,Inälvor organ produkter o rätter,77.98,µg
4126,Renlever stekt m. salt,Vitamin A,Inälvor organ produkter o rätter,45196.8,RE/µg
4126,Renlever stekt m. salt,Vatten,Inälvor organ produkter o rätter,61.1,g
4126,Renlever stekt m. salt,Tiamin,Inälvor organ produkter o rätter,0.49,mg
4126,Renlever stekt m. salt,Tillsatt socker,Inälvor organ produkter o rätter,0.0,g
4126,Renlever stekt m. salt,Fritt socker,Inälvor organ produkter o rätter,0.0,g
4126,Renlever stekt m. salt,"Selen, Se",Inälvor organ produkter o rätter,61.9,µg
4126,Renlever stekt m. salt,Sackaros,Inälvor organ produkter o rätter,0.0,g
4126,Renlever stekt m. salt,Riboflavin,Inälvor organ produkter o rätter,4.16,mg
4126,Renlever stekt m. salt,Retinol,Inälvor organ produkter o rätter,45195.8,µg
4126,Renlever stekt m. salt,Protein,Inälvor organ produkter o rätter,27.2,g
4126,Renlever stekt m. salt,Summa fleromättade fettsyror,Inälvor organ produkter o rätter,1.0,g
4126,Renlever stekt m. salt,"Fosfor, P",Inälvor organ produkter o rätter,539.0,mg
4126,Renlever stekt m. salt,Niacinekvivalenter,Inälvor organ produkter o rätter,28.01,NE/mg
4126,Renlever stekt m. salt,Niacin,Inälvor organ produkter o rätter,23.02,mg
4126,Renlever stekt m. salt,"Salt, NaCl",Inälvor organ produkter o rätter,0.9,g
4126,Renlever stekt m. salt,"Natrium, Na",Inälvor organ produkter o rätter,337.0,mg
4126,Renlever stekt m. salt,Monosackarider,Inälvor organ produkter o rätter,0.0,g
4126,Renlever stekt m. salt,"Sockerarter, totalt",Inälvor organ produkter o rätter,0.0,g
4126,Renlever stekt m. salt,Summa enkelomättade fettsyror,Inälvor organ produkter o rätter,1.4,g
4126,Renlever stekt m. salt,"Magnesium, Mg",Inälvor organ produkter o rätter,25.0,mg
4126,Renlever stekt m. salt,Summa mättade fettsyror,Inälvor organ produkter o rätter,3.2,g
4126,Renlever stekt m. salt,"Kolhydrater, tillgängliga",Inälvor organ produkter o rätter,2.2,g
4126,Renlever stekt m. salt,Kolesterol,Inälvor organ produkter o rätter,378.7,mg
4126,Renlever stekt m. salt,"Kalium, K",Inälvor organ produkter o rätter,251.0,mg
4126,Renlever stekt m. salt,"Jod, I",Inälvor organ produkter o rätter,29.0,µg
4126,Renlever stekt m. salt,Fullkorn totalt,Inälvor organ produkter o rätter,0.0,g
4126,Renlever stekt m. salt,"Folat, totalt",Inälvor organ produkter o rätter,2104.2,µg
4126,Renlever stekt m. salt,Fibrer,Inälvor organ produkter o rätter,0.0,g
4126,Renlever stekt m. salt,"Fett, totalt",Inälvor organ produkter o rätter,6.9,g
4126,Renlever stekt m. salt,"Järn, Fe",Inälvor organ produkter o rätter,10.9,mg
4126,Renlever stekt m. salt,Energi (kJ),Inälvor organ produkter o rätter,759.0,kJ
4126,Renlever stekt m. salt,Energi (kcal),Inälvor organ produkter o rätter,181.0,kcal
4126,Renlever stekt m. salt,Disackarider,Inälvor organ produkter o rätter,0.0,g
4126,Renlever stekt m. salt,"Kalcium, Ca",Inälvor organ produkter o rätter,26.0,mg
4126,Renlever stekt m. salt,Fettsyra 4:0-10:0,Inälvor organ produkter o rätter,0.2,g
4126,Renlever stekt m. salt,DHA (C22:6),Inälvor organ produkter o rätter,0.0,g
4126,Renlever stekt m. salt,DPA (C22:5),Inälvor organ produkter o rätter,0.1,g
4126,Renlever stekt m. salt,EPA (C20:5),Inälvor organ produkter o rätter,0.1,g
4126,Renlever stekt m. salt,Arakidonsyra C20:4,Inälvor organ produkter o rätter,0.2,g
4126,Renlever stekt m. salt,Arakidinsyra C20:0,Inälvor organ produkter o rätter,0.0,g
4126,Renlever stekt m. salt,Linolensyra C18:3,Inälvor organ produkter o rätter,0.2,g
4126,Renlever stekt m. salt,Linolsyra C18:2,Inälvor organ produkter o rätter,0.3,g
4126,Renlever stekt m. salt,Oljesyra C18:1,Inälvor organ produkter o rätter,1.3,g
4126,Renlever stekt m. salt,Stearinsyra C18:0,Inälvor organ produkter o rätter,1.1,g
4126,Renlever stekt m. salt,Palmitoljesyra C16:1,Inälvor organ produkter o rätter,0.1,g
4126,Renlever stekt m. salt,Palmitinsyra C16:0,Inälvor organ produkter o rätter,1.3,g
4126,Renlever stekt m. salt,Myristinsyra C14:0,Inälvor organ produkter o rätter,0.3,g
4126,Renlever stekt m. salt,Laurinsyra C12:0,Inälvor organ produkter o rätter,0.1,g
4126,Renlever stekt m. salt,Betakaroten/β-Karoten,Inälvor organ produkter o rätter,11.0,µg
4126,Renlever stekt m. salt,Avfall (skal etc.),Inälvor organ produkter o rätter,6.0,%
4126,Renlever stekt m. salt,Aska,Inälvor organ produkter o rätter,2.4,g
4126,Renlever stekt m. salt,Alkohol,Inälvor organ produkter o rätter,0.0,g
4128,Potatis Hasselbackspotatis bakad,"Zink, Zn",Potatisprodukter potatisrätter,0.3,mg
4128,Potatis Hasselbackspotatis bakad,Vitamin E,Potatisprodukter potatisrätter,0.3,mg
4128,Potatis Hasselbackspotatis bakad,Vitamin D inkl 25-OH-D3,Potatisprodukter potatisrätter,0.06,µg
4128,Potatis Hasselbackspotatis bakad,Vitamin D,Potatisprodukter potatisrätter,0.02,µg
4128,Potatis Hasselbackspotatis bakad,Vitamin C,Potatisprodukter potatisrätter,17.8,mg
4128,Potatis Hasselbackspotatis bakad,Vitamin B6,Potatisprodukter potatisrätter,0.23,mg
4128,Potatis Hasselbackspotatis bakad,Vitamin B12,Potatisprodukter potatisrätter,0.0,µg
4128,Potatis Hasselbackspotatis bakad,Vitamin A,Potatisprodukter potatisrätter,46.7,RE/µg
4128,Potatis Hasselbackspotatis bakad,Vatten,Potatisprodukter potatisrätter,64.2,g
4128,Potatis Hasselbackspotatis bakad,Tiamin,Potatisprodukter potatisrätter,0.08,mg
4128,Potatis Hasselbackspotatis bakad,Tillsatt socker,Potatisprodukter potatisrätter,0.0,g
4128,Potatis Hasselbackspotatis bakad,Fritt socker,Potatisprodukter potatisrätter,0.0,g
4128,Potatis Hasselbackspotatis bakad,"Selen, Se",Potatisprodukter potatisrätter,0.1,µg
4128,Potatis Hasselbackspotatis bakad,Sackaros,Potatisprodukter potatisrätter,0.3,g
4128,Potatis Hasselbackspotatis bakad,Riboflavin,Potatisprodukter potatisrätter,0.03,mg
4128,Potatis Hasselbackspotatis bakad,Retinol,Potatisprodukter potatisrätter,43.9,µg
4128,Potatis Hasselbackspotatis bakad,Protein,Potatisprodukter potatisrätter,2.5,g
4128,Potatis Hasselbackspotatis bakad,Summa fleromättade fettsyror,Potatisprodukter potatisrätter,0.3,g
4128,Potatis Hasselbackspotatis bakad,"Fosfor, P",Potatisprodukter potatisrätter,60.0,mg
4128,Potatis Hasselbackspotatis bakad,Niacinekvivalenter,Potatisprodukter potatisrätter,2.9,NE/mg
4128,Potatis Hasselbackspotatis bakad,Niacin,Potatisprodukter potatisrätter,2.48,mg
4128,Potatis Hasselbackspotatis bakad,"Salt, NaCl",Potatisprodukter potatisrätter,0.7,g
4128,Potatis Hasselbackspotatis bakad,"Natrium, Na",Potatisprodukter potatisrätter,296.0,mg
4128,Potatis Hasselbackspotatis bakad,Monosackarider,Potatisprodukter potatisrätter,0.4,g
4128,Potatis Hasselbackspotatis bakad,"Sockerarter, totalt",Potatisprodukter potatisrätter,0.9,g
4128,Potatis Hasselbackspotatis bakad,Summa enkelomättade fettsyror,Potatisprodukter potatisrätter,1.6,g
4128,Potatis Hasselbackspotatis bakad,"Magnesium, Mg",Potatisprodukter potatisrätter,28.0,mg
4128,Potatis Hasselbackspotatis bakad,Summa mättade fettsyror,Potatisprodukter potatisrätter,4.1,g
4128,Potatis Hasselbackspotatis bakad,"Kolhydrater, tillgängliga",Potatisprodukter potatisrätter,22.0,g
4128,Potatis Hasselbackspotatis bakad,Kolesterol,Potatisprodukter potatisrätter,19.1,mg
4128,Potatis Hasselbackspotatis bakad,"Kalium, K",Potatisprodukter potatisrätter,453.0,mg
4128,Potatis Hasselbackspotatis bakad,"Jod, I",Potatisprodukter potatisrätter,30.6,µg
4128,Potatis Hasselbackspotatis bakad,Fullkorn totalt,Potatisprodukter potatisrätter,1.0,g
4128,Potatis Hasselbackspotatis bakad,"Folat, totalt",Potatisprodukter potatisrätter,15.1,µg
4128,Potatis Hasselbackspotatis bakad,Fibrer,Potatisprodukter potatisrätter,2.9,g
4128,Potatis Hasselbackspotatis bakad,"Fett, totalt",Potatisprodukter potatisrätter,6.6,g
4128,Potatis Hasselbackspotatis bakad,"Järn, Fe",Potatisprodukter potatisrätter,0.5,mg
4128,Potatis Hasselbackspotatis bakad,Energi (kJ),Potatisprodukter potatisrätter,683.0,kJ
4128,Potatis Hasselbackspotatis bakad,Energi (kcal),Potatisprodukter potatisrätter,164.0,kcal
4128,Potatis Hasselbackspotatis bakad,Disackarider,Potatisprodukter potatisrätter,0.5,g
4128,Potatis Hasselbackspotatis bakad,"Kalcium, Ca",Potatisprodukter potatisrätter,8.0,mg
4128,Potatis Hasselbackspotatis bakad,Fettsyra 4:0-10:0,Potatisprodukter potatisrätter,0.6,g
4128,Potatis Hasselbackspotatis bakad,DHA (C22:6),Potatisprodukter potatisrätter,0.0,g
4128,Potatis Hasselbackspotatis bakad,DPA (C22:5),Potatisprodukter potatisrätter,0.0,g
4128,Potatis Hasselbackspotatis bakad,EPA (C20:5),Potatisprodukter potatisrätter,0.0,g
4128,Potatis Hasselbackspotatis bakad,Arakidonsyra C20:4,Potatisprodukter potatisrätter,0.0,g
4128,Potatis Hasselbackspotatis bakad,Arakidinsyra C20:0,Potatisprodukter potatisrätter,0.0,g
4128,Potatis Hasselbackspotatis bakad,Linolensyra C18:3,Potatisprodukter potatisrätter,0.0,g
4128,Potatis Hasselbackspotatis bakad,Linolsyra C18:2,Potatisprodukter potatisrätter,0.3,g
4128,Potatis Hasselbackspotatis bakad,Oljesyra C18:1,Potatisprodukter potatisrätter,1.4,g
4128,Potatis Hasselbackspotatis bakad,Stearinsyra C18:0,Potatisprodukter potatisrätter,0.6,g
4128,Potatis Hasselbackspotatis bakad,Palmitoljesyra C16:1,Potatisprodukter potatisrätter,0.1,g
4128,Potatis Hasselbackspotatis bakad,Palmitinsyra C16:0,Potatisprodukter potatisrätter,1.9,g
4128,Potatis Hasselbackspotatis bakad,Myristinsyra C14:0,Potatisprodukter potatisrätter,0.7,g
4128,Potatis Hasselbackspotatis bakad,Laurinsyra C12:0,Potatisprodukter potatisrätter,0.2,g
4128,Potatis Hasselbackspotatis bakad,Betakaroten/β-Karoten,Potatisprodukter potatisrätter,34.0,µg
4128,Potatis Hasselbackspotatis bakad,Avfall (skal etc.),Potatisprodukter potatisrätter,18.0,%
4128,Potatis Hasselbackspotatis bakad,Aska,Potatisprodukter potatisrätter,1.8,g
4128,Potatis Hasselbackspotatis bakad,Alkohol,Potatisprodukter potatisrätter,0.0,g
4131,Palmolja,"Zink, Zn",Olja,0.0,mg
4131,Palmolja,Vitamin E,Olja,17.9,mg
4131,Palmolja,Vitamin D inkl 25-OH-D3,Olja,0.0,µg
4131,Palmolja,Vitamin D,Olja,0.0,µg
4131,Palmolja,Vitamin C,Olja,0.0,mg
4131,Palmolja,Vitamin B6,Olja,0.0,mg
4131,Palmolja,Vitamin B12,Olja,0.0,µg
4131,Palmolja,Vitamin A,Olja,1642.0,RE/µg
4131,Palmolja,Vatten,Olja,0.0,g
4131,Palmolja,Tiamin,Olja,0.0,mg
4131,Palmolja,Tillsatt socker,Olja,0.0,g
4131,Palmolja,Fritt socker,Olja,0.0,g
4131,Palmolja,"Selen, Se",Olja,0.0,µg
4131,Palmolja,Sackaros,Olja,0.0,g
4131,Palmolja,Riboflavin,Olja,0.0,mg
4131,Palmolja,Retinol,Olja,0.0,µg
4131,Palmolja,Protein,Olja,0.0,g
4131,Palmolja,Summa fleromättade fettsyror,Olja,10.0,g
4131,Palmolja,"Fosfor, P",Olja,0.0,mg
4131,Palmolja,Niacinekvivalenter,Olja,0.0,NE/mg
4131,Palmolja,Niacin,Olja,0.0,mg
4131,Palmolja,"Salt, NaCl",Olja,0.0,g
4131,Palmolja,"Natrium, Na",Olja,0.0,mg
4131,Palmolja,Monosackarider,Olja,0.0,g
4131,Palmolja,"Sockerarter, totalt",Olja,0.0,g
4131,Palmolja,Summa enkelomättade fettsyror,Olja,38.5,g
4131,Palmolja,"Magnesium, Mg",Olja,0.0,mg
4131,Palmolja,Summa mättade fettsyror,Olja,47.1,g
4131,Palmolja,"Kolhydrater, tillgängliga",Olja,0.0,g
4131,Palmolja,Kolesterol,Olja,0.0,mg
4131,Palmolja,"Kalium, K",Olja,0.0,mg
4131,Palmolja,"Jod, I",Olja,0.0,µg
4131,Palmolja,Fullkorn totalt,Olja,0.0,g
4131,Palmolja,"Folat, totalt",Olja,0.0,µg
4131,Palmolja,Fibrer,Olja,0.0,g
4131,Palmolja,"Fett, totalt",Olja,100.0,g
4131,Palmolja,"Järn, Fe",Olja,0.0,mg
4131,Palmolja,Energi (kJ),Olja,3700.0,kJ
4131,Palmolja,Energi (kcal),Olja,884.0,kcal
4131,Palmolja,Disackarider,Olja,0.0,g
4131,Palmolja,"Kalcium, Ca",Olja,0.0,mg
4131,Palmolja,Fettsyra 4:0-10:0,Olja,0.0,g
4131,Palmolja,DHA (C22:6),Olja,0.0,g
4131,Palmolja,DPA (C22:5),Olja,0.0,g
4131,Palmolja,EPA (C20:5),Olja,0.0,g
4131,Palmolja,Arakidonsyra C20:4,Olja,0.0,g
4131,Palmolja,Arakidinsyra C20:0,Olja,0.4,g
4131,Palmolja,Linolensyra C18:3,Olja,0.3,g
4131,Palmolja,Linolsyra C18:2,Olja,9.8,g
4131,Palmolja,Oljesyra C18:1,Olja,38.1,g
4131,Palmolja,Stearinsyra C18:0,Olja,4.8,g
4131,Palmolja,Palmitoljesyra C16:1,Olja,0.2,g
4131,Palmolja,Palmitinsyra C16:0,Olja,40.5,g
4131,Palmolja,Myristinsyra C14:0,Olja,1.0,g
4131,Palmolja,Laurinsyra C12:0,Olja,0.1,g
4131,Palmolja,Betakaroten/β-Karoten,Olja,15430.0,µg
4131,Palmolja,Avfall (skal etc.),Olja,0.0,%
4131,Palmolja,Aska,Olja,0.0,g
4131,Palmolja,Alkohol,Olja,0.0,g
4134,Ägg stekt eko.,"Zink, Zn",Ägg ,1.4,mg
4134,Ägg stekt eko.,Vitamin E,Ägg ,6.6,mg
4134,Ägg stekt eko.,Vitamin D inkl 25-OH-D3,Ägg ,2.78,µg
4134,Ägg stekt eko.,Vitamin D,Ägg ,1.38,µg
4134,Ägg stekt eko.,Vitamin C,Ägg ,0.0,mg
4134,Ägg stekt eko.,Vitamin B6,Ägg ,0.1,mg
4134,Ägg stekt eko.,Vitamin B12,Ägg ,2.24,µg
4134,Ägg stekt eko.,Vitamin A,Ägg ,307.9,RE/µg
4134,Ägg stekt eko.,Vatten,Ägg ,69.2,g
4134,Ägg stekt eko.,Tiamin,Ägg ,0.06,mg
4134,Ägg stekt eko.,Tillsatt socker,Ägg ,0.0,g
4134,Ägg stekt eko.,Fritt socker,Ägg ,0.0,g
4134,Ägg stekt eko.,"Selen, Se",Ägg ,29.6,µg
4134,Ägg stekt eko.,Sackaros,Ägg ,0.0,g
4134,Ägg stekt eko.,Riboflavin,Ägg ,0.42,mg
4134,Ägg stekt eko.,Retinol,Ägg ,305.3,µg
4134,Ägg stekt eko.,Protein,Ägg ,13.5,g
4134,Ägg stekt eko.,Summa fleromättade fettsyror,Ägg ,1.8,g
4134,Ägg stekt eko.,"Fosfor, P",Ägg ,207.0,mg
4134,Ägg stekt eko.,Niacinekvivalenter,Ägg ,3.37,NE/mg
4134,Ägg stekt eko.,Niacin,Ägg ,0.0,mg
4134,Ägg stekt eko.,"Salt, NaCl",Ägg ,0.5,g
4134,Ägg stekt eko.,"Natrium, Na",Ägg ,178.0,mg
4134,Ägg stekt eko.,Monosackarider,Ägg ,0.4,g
4134,Ägg stekt eko.,"Sockerarter, totalt",Ägg ,0.5,g
4134,Ägg stekt eko.,Summa enkelomättade fettsyror,Ägg ,5.4,g
4134,Ägg stekt eko.,"Magnesium, Mg",Ägg ,12.0,mg
4134,Ägg stekt eko.,Summa mättade fettsyror,Ägg ,6.1,g
4134,Ägg stekt eko.,"Kolhydrater, tillgängliga",Ägg ,0.5,g
4134,Ägg stekt eko.,Kolesterol,Ägg ,436.4,mg
4134,Ägg stekt eko.,"Kalium, K",Ägg ,149.0,mg
4134,Ägg stekt eko.,"Jod, I",Ägg ,50.5,µg
4134,Ägg stekt eko.,Fullkorn totalt,Ägg ,0.0,g
4134,Ägg stekt eko.,"Folat, totalt",Ägg ,63.5,µg
4134,Ägg stekt eko.,Fibrer,Ägg ,0.0,g
4134,Ägg stekt eko.,"Fett, totalt",Ägg ,15.4,g
4134,Ägg stekt eko.,"Järn, Fe",Ägg ,2.1,mg
4134,Ägg stekt eko.,Energi (kJ),Ägg ,808.0,kJ
4134,Ägg stekt eko.,Energi (kcal),Ägg ,193.0,kcal
4134,Ägg stekt eko.,Disackarider,Ägg ,0.0,g
4134,Ägg stekt eko.,"Kalcium, Ca",Ägg ,59.0,mg
4134,Ägg stekt eko.,Fettsyra 4:0-10:0,Ägg ,0.4,g
4134,Ägg stekt eko.,DHA (C22:6),Ägg ,0.2,g
4134,Ägg stekt eko.,DPA (C22:5),Ägg ,0.0,g
4134,Ägg stekt eko.,EPA (C20:5),Ägg ,0.0,g
4134,Ägg stekt eko.,Arakidonsyra C20:4,Ägg ,0.1,g
4134,Ägg stekt eko.,Arakidinsyra C20:0,Ägg ,0.0,g
4134,Ägg stekt eko.,Linolensyra C18:3,Ägg ,0.1,g
4134,Ägg stekt eko.,Linolsyra C18:2,Ägg ,1.4,g
4134,Ägg stekt eko.,Oljesyra C18:1,Ägg ,4.8,g
4134,Ägg stekt eko.,Stearinsyra C18:0,Ägg ,1.3,g
4134,Ägg stekt eko.,Palmitoljesyra C16:1,Ägg ,0.4,g
4134,Ägg stekt eko.,Palmitinsyra C16:0,Ägg ,3.6,g
4134,Ägg stekt eko.,Myristinsyra C14:0,Ägg ,0.5,g
4134,Ägg stekt eko.,Laurinsyra C12:0,Ägg ,0.2,g
4134,Ägg stekt eko.,Betakaroten/β-Karoten,Ägg ,22.0,µg
4134,Ägg stekt eko.,Avfall (skal etc.),Ägg ,11.0,%
4134,Ägg stekt eko.,Aska,Ägg ,1.0,g
4134,Ägg stekt eko.,Alkohol,Ägg ,0.0,g
4135,Ägg kokt eko.,"Zink, Zn",Ägg ,1.3,mg
4135,Ägg kokt eko.,Vitamin E,Ägg ,5.9,mg
4135,Ägg kokt eko.,Vitamin D inkl 25-OH-D3,Ägg ,2.52,µg
4135,Ägg kokt eko.,Vitamin D,Ägg ,1.32,µg
4135,Ägg kokt eko.,Vitamin C,Ägg ,0.0,mg
4135,Ägg kokt eko.,Vitamin B6,Ägg ,0.08,mg
4135,Ägg kokt eko.,Vitamin B12,Ägg ,1.74,µg
4135,Ägg kokt eko.,Vitamin A,Ägg ,252.6,RE/µg
4135,Ägg kokt eko.,Vatten,Ägg ,75.9,g
4135,Ägg kokt eko.,Tiamin,Ägg ,0.06,mg
4135,Ägg kokt eko.,Tillsatt socker,Ägg ,0.0,g
4135,Ägg kokt eko.,Fritt socker,Ägg ,0.0,g
4135,Ägg kokt eko.,"Selen, Se",Ägg ,27.2,µg
4135,Ägg kokt eko.,Sackaros,Ägg ,0.0,g
4135,Ägg kokt eko.,Riboflavin,Ägg ,0.37,mg
4135,Ägg kokt eko.,Retinol,Ägg ,251.8,µg
4135,Ägg kokt eko.,Protein,Ägg ,12.4,g
4135,Ägg kokt eko.,Summa fleromättade fettsyror,Ägg ,1.5,g
4135,Ägg kokt eko.,"Fosfor, P",Ägg ,190.0,mg
4135,Ägg kokt eko.,Niacinekvivalenter,Ägg ,3.1,NE/mg
4135,Ägg kokt eko.,Niacin,Ägg ,0.0,mg
4135,Ägg kokt eko.,"Salt, NaCl",Ägg ,0.4,g
4135,Ägg kokt eko.,"Natrium, Na",Ägg ,140.0,mg
4135,Ägg kokt eko.,Monosackarider,Ägg ,0.4,g
4135,Ägg kokt eko.,"Sockerarter, totalt",Ägg ,0.4,g
4135,Ägg kokt eko.,Summa enkelomättade fettsyror,Ägg ,4.0,g
4135,Ägg kokt eko.,"Magnesium, Mg",Ägg ,11.0,mg
4135,Ägg kokt eko.,Summa mättade fettsyror,Ägg ,2.9,g
4135,Ägg kokt eko.,"Kolhydrater, tillgängliga",Ägg ,0.4,g
4135,Ägg kokt eko.,Kolesterol,Ägg ,389.1,mg
4135,Ägg kokt eko.,"Kalium, K",Ägg ,137.0,mg
4135,Ägg kokt eko.,"Jod, I",Ägg ,46.3,µg
4135,Ägg kokt eko.,Fullkorn totalt,Ägg ,0.0,g
4135,Ägg kokt eko.,"Folat, totalt",Ägg ,79.4,µg
4135,Ägg kokt eko.,Fibrer,Ägg ,0.0,g
4135,Ägg kokt eko.,"Fett, totalt",Ägg ,10.1,g
4135,Ägg kokt eko.,"Järn, Fe",Ägg ,2.0,mg
4135,Ägg kokt eko.,Energi (kJ),Ägg ,592.0,kJ
4135,Ägg kokt eko.,Energi (kcal),Ägg ,141.0,kcal
4135,Ägg kokt eko.,Disackarider,Ägg ,0.0,g
4135,Ägg kokt eko.,"Kalcium, Ca",Ägg ,54.0,mg
4135,Ägg kokt eko.,Fettsyra 4:0-10:0,Ägg ,0.0,g
4135,Ägg kokt eko.,DHA (C22:6),Ägg ,0.1,g
4135,Ägg kokt eko.,DPA (C22:5),Ägg ,0.0,g
4135,Ägg kokt eko.,EPA (C20:5),Ägg ,0.0,g
4135,Ägg kokt eko.,Arakidonsyra C20:4,Ägg ,0.1,g
4135,Ägg kokt eko.,Arakidinsyra C20:0,Ägg ,0.0,g
4135,Ägg kokt eko.,Linolensyra C18:3,Ägg ,0.1,g
4135,Ägg kokt eko.,Linolsyra C18:2,Ägg ,1.2,g
4135,Ägg kokt eko.,Oljesyra C18:1,Ägg ,3.6,g
4135,Ägg kokt eko.,Stearinsyra C18:0,Ägg ,0.8,g
4135,Ägg kokt eko.,Palmitoljesyra C16:1,Ägg ,0.3,g
4135,Ägg kokt eko.,Palmitinsyra C16:0,Ägg ,2.1,g
4135,Ägg kokt eko.,Myristinsyra C14:0,Ägg ,0.0,g
4135,Ägg kokt eko.,Laurinsyra C12:0,Ägg ,0.0,g
4135,Ägg kokt eko.,Betakaroten/β-Karoten,Ägg ,1.0,µg
4135,Ägg kokt eko.,Avfall (skal etc.),Ägg ,12.0,%
4135,Ägg kokt eko.,Aska,Ägg ,0.9,g
4135,Ägg kokt eko.,Alkohol,Ägg ,0.0,g
4140,Crème fraichesås m. örtkryddor,"Zink, Zn",Sås dressing majonnäs ,0.4,mg
4140,Crème fraichesås m. örtkryddor,Vitamin E,Sås dressing majonnäs ,0.5,mg
4140,Crème fraichesås m. örtkryddor,Vitamin D,Sås dressing majonnäs ,0.03,µg
4140,Crème fraichesås m. örtkryddor,Vitamin C,Sås dressing majonnäs ,9.0,mg
4140,Crème fraichesås m. örtkryddor,Vitamin B6,Sås dressing majonnäs ,0.05,mg
4140,Crème fraichesås m. örtkryddor,Vitamin B12,Sås dressing majonnäs ,0.09,µg
4140,Crème fraichesås m. örtkryddor,Vitamin A,Sås dressing majonnäs ,184.1,RE/µg
4140,Crème fraichesås m. örtkryddor,Vatten,Sås dressing majonnäs ,75.4,g
4140,Crème fraichesås m. örtkryddor,Tiamin,Sås dressing majonnäs ,0.03,mg
4140,Crème fraichesås m. örtkryddor,Tillsatt socker,Sås dressing majonnäs ,0.0,g
4140,Crème fraichesås m. örtkryddor,Fritt socker,Sås dressing majonnäs ,0.0,g
4140,Crème fraichesås m. örtkryddor,"Selen, Se",Sås dressing majonnäs ,1.7,µg
4140,Crème fraichesås m. örtkryddor,Sackaros,Sås dressing majonnäs ,0.0,g
4140,Crème fraichesås m. örtkryddor,Riboflavin,Sås dressing majonnäs ,0.13,mg
4140,Crème fraichesås m. örtkryddor,Retinol,Sås dressing majonnäs ,143.1,µg
4140,Crème fraichesås m. örtkryddor,Protein,Sås dressing majonnäs ,3.0,g
4140,Crème fraichesås m. örtkryddor,Summa fleromättade fettsyror,Sås dressing majonnäs ,0.5,g
4140,Crème fraichesås m. örtkryddor,"Fosfor, P",Sås dressing majonnäs ,80.0,mg
4140,Crème fraichesås m. örtkryddor,Niacinekvivalenter,Sås dressing majonnäs ,0.91,NE/mg
4140,Crème fraichesås m. örtkryddor,Niacin,Sås dressing majonnäs ,0.24,mg
4140,Crème fraichesås m. örtkryddor,"Salt, NaCl",Sås dressing majonnäs ,1.6,g
4140,Crème fraichesås m. örtkryddor,"Natrium, Na",Sås dressing majonnäs ,630.0,mg
4140,Crème fraichesås m. örtkryddor,Monosackarider,Sås dressing majonnäs ,0.1,g
4140,Crème fraichesås m. örtkryddor,"Sockerarter, totalt",Sås dressing majonnäs ,2.8,g
4140,Crème fraichesås m. örtkryddor,Summa enkelomättade fettsyror,Sås dressing majonnäs ,3.1,g
4140,Crème fraichesås m. örtkryddor,"Magnesium, Mg",Sås dressing majonnäs ,15.0,mg
4140,Crème fraichesås m. örtkryddor,Summa mättade fettsyror,Sås dressing majonnäs ,10.1,g
4140,Crème fraichesås m. örtkryddor,"Kolhydrater, tillgängliga",Sås dressing majonnäs ,4.3,g
4140,Crème fraichesås m. örtkryddor,Kolesterol,Sås dressing majonnäs ,26.5,mg
4140,Crème fraichesås m. örtkryddor,"Kalium, K",Sås dressing majonnäs ,176.0,mg
4140,Crème fraichesås m. örtkryddor,"Jod, I",Sås dressing majonnäs ,86.0,µg
4140,Crème fraichesås m. örtkryddor,Fullkorn totalt,Sås dressing majonnäs ,0.0,g
4140,Crème fraichesås m. örtkryddor,"Folat, totalt",Sås dressing majonnäs ,19.7,µg
4140,Crème fraichesås m. örtkryddor,Fibrer,Sås dressing majonnäs ,0.4,g
4140,Crème fraichesås m. örtkryddor,"Fett, totalt",Sås dressing majonnäs ,14.7,g
4140,Crème fraichesås m. örtkryddor,"Järn, Fe",Sås dressing majonnäs ,0.5,mg
4140,Crème fraichesås m. örtkryddor,Energi (kJ),Sås dressing majonnäs ,671.0,kJ
4140,Crème fraichesås m. örtkryddor,Energi (kcal),Sås dressing majonnäs ,160.0,kcal
4140,Crème fraichesås m. örtkryddor,Disackarider,Sås dressing majonnäs ,2.7,g
4140,Crème fraichesås m. örtkryddor,"Kalcium, Ca",Sås dressing majonnäs ,111.0,mg
4140,Crème fraichesås m. örtkryddor,Fettsyra 4:0-10:0,Sås dressing majonnäs ,0.9,g
4140,Crème fraichesås m. örtkryddor,DHA (C22:6),Sås dressing majonnäs ,0.0,g
4140,Crème fraichesås m. örtkryddor,DPA (C22:5),Sås dressing majonnäs ,0.0,g
4140,Crème fraichesås m. örtkryddor,EPA (C20:5),Sås dressing majonnäs ,0.0,g
4140,Crème fraichesås m. örtkryddor,Arakidonsyra C20:4,Sås dressing majonnäs ,0.0,g
4140,Crème fraichesås m. örtkryddor,Arakidinsyra C20:0,Sås dressing majonnäs ,0.0,g
4140,Crème fraichesås m. örtkryddor,Linolensyra C18:3,Sås dressing majonnäs ,0.1,g
4140,Crème fraichesås m. örtkryddor,Linolsyra C18:2,Sås dressing majonnäs ,0.4,g
4140,Crème fraichesås m. örtkryddor,Oljesyra C18:1,Sås dressing majonnäs ,2.6,g
4140,Crème fraichesås m. örtkryddor,Stearinsyra C18:0,Sås dressing majonnäs ,1.5,g
4140,Crème fraichesås m. örtkryddor,Palmitoljesyra C16:1,Sås dressing majonnäs ,0.2,g
4140,Crème fraichesås m. örtkryddor,Palmitinsyra C16:0,Sås dressing majonnäs ,5.0,g
4140,Crème fraichesås m. örtkryddor,Myristinsyra C14:0,Sås dressing majonnäs ,1.8,g
4140,Crème fraichesås m. örtkryddor,Laurinsyra C12:0,Sås dressing majonnäs ,0.5,g
4140,Crème fraichesås m. örtkryddor,Betakaroten/β-Karoten,Sås dressing majonnäs ,492.0,µg
4140,Crème fraichesås m. örtkryddor,Avfall (skal etc.),Sås dressing majonnäs ,1.0,%
4140,Crème fraichesås m. örtkryddor,Aska,Sås dressing majonnäs ,2.3,g
4140,Crème fraichesås m. örtkryddor,Alkohol,Sås dressing majonnäs ,0.0,g
4157,Majskolv stekt grillad,"Zink, Zn",Grönsaker,0.6,mg
4157,Majskolv stekt grillad,Vitamin E,Grönsaker,0.9,mg
4157,Majskolv stekt grillad,Vitamin D inkl 25-OH-D3,Grönsaker,0.0,µg
4157,Majskolv stekt grillad,Vitamin D,Grönsaker,0.0,µg
4157,Majskolv stekt grillad,Vitamin C,Grönsaker,6.3,mg
4157,Majskolv stekt grillad,Vitamin B6,Grönsaker,0.17,mg
4157,Majskolv stekt grillad,Vitamin B12,Grönsaker,0.0,µg
4157,Majskolv stekt grillad,Vitamin A,Grönsaker,23.5,RE/µg
4157,Majskolv stekt grillad,Vatten,Grönsaker,69.6,g
4157,Majskolv stekt grillad,Tiamin,Grönsaker,0.13,mg
4157,Majskolv stekt grillad,Tillsatt socker,Grönsaker,0.0,g
4157,Majskolv stekt grillad,Fritt socker,Grönsaker,0.0,g
4157,Majskolv stekt grillad,"Selen, Se",Grönsaker,0.6,µg
4157,Majskolv stekt grillad,Sackaros,Grönsaker,0.9,g
4157,Majskolv stekt grillad,Riboflavin,Grönsaker,0.11,mg
4157,Majskolv stekt grillad,Retinol,Grönsaker,0.0,µg
4157,Majskolv stekt grillad,Protein,Grönsaker,3.9,g
4157,Majskolv stekt grillad,Summa fleromättade fettsyror,Grönsaker,0.6,g
4157,Majskolv stekt grillad,"Fosfor, P",Grönsaker,104.0,mg
4157,Majskolv stekt grillad,Niacinekvivalenter,Grönsaker,2.03,NE/mg
4157,Majskolv stekt grillad,Niacin,Grönsaker,1.64,mg
4157,Majskolv stekt grillad,"Salt, NaCl",Grönsaker,0.7,g
4157,Majskolv stekt grillad,"Natrium, Na",Grönsaker,299.0,mg
4157,Majskolv stekt grillad,Monosackarider,Grönsaker,0.9,g
4157,Majskolv stekt grillad,"Sockerarter, totalt",Grönsaker,2.0,g
4157,Majskolv stekt grillad,Summa enkelomättade fettsyror,Grönsaker,0.3,g
4157,Majskolv stekt grillad,"Magnesium, Mg",Grönsaker,22.0,mg
4157,Majskolv stekt grillad,Summa mättade fettsyror,Grönsaker,0.1,g
4157,Majskolv stekt grillad,"Kolhydrater, tillgängliga",Grönsaker,20.3,g
4157,Majskolv stekt grillad,Kolesterol,Grönsaker,0.0,mg
4157,Majskolv stekt grillad,"Kalium, K",Grönsaker,230.0,mg
4157,Majskolv stekt grillad,"Jod, I",Grönsaker,0.0,µg
4157,Majskolv stekt grillad,Fullkorn totalt,Grönsaker,100.0,g
4157,Majskolv stekt grillad,"Folat, totalt",Grönsaker,26.3,µg
4157,Majskolv stekt grillad,Fibrer,Grönsaker,4.3,g
4157,Majskolv stekt grillad,"Fett, totalt",Grönsaker,1.2,g
4157,Majskolv stekt grillad,"Järn, Fe",Grönsaker,0.7,mg
4157,Majskolv stekt grillad,Energi (kJ),Grönsaker,490.0,kJ
4157,Majskolv stekt grillad,Energi (kcal),Grönsaker,117.0,kcal
4157,Majskolv stekt grillad,Disackarider,Grönsaker,1.1,g
4157,Majskolv stekt grillad,"Kalcium, Ca",Grönsaker,4.0,mg
4157,Majskolv stekt grillad,Fettsyra 4:0-10:0,Grönsaker,0.0,g
4157,Majskolv stekt grillad,DHA (C22:6),Grönsaker,0.0,g
4157,Majskolv stekt grillad,DPA (C22:5),Grönsaker,0.0,g
4157,Majskolv stekt grillad,EPA (C20:5),Grönsaker,0.0,g
4157,Majskolv stekt grillad,Arakidonsyra C20:4,Grönsaker,0.0,g
4157,Majskolv stekt grillad,Arakidinsyra C20:0,Grönsaker,0.0,g
4157,Majskolv stekt grillad,Linolensyra C18:3,Grönsaker,0.0,g
4157,Majskolv stekt grillad,Linolsyra C18:2,Grönsaker,0.6,g
4157,Majskolv stekt grillad,Oljesyra C18:1,Grönsaker,0.3,g
4157,Majskolv stekt grillad,Stearinsyra C18:0,Grönsaker,0.0,g
4157,Majskolv stekt grillad,Palmitoljesyra C16:1,Grönsaker,0.0,g
4157,Majskolv stekt grillad,Palmitinsyra C16:0,Grönsaker,0.1,g
4157,Majskolv stekt grillad,Myristinsyra C14:0,Grönsaker,0.0,g
4157,Majskolv stekt grillad,Laurinsyra C12:0,Grönsaker,0.0,g
4157,Majskolv stekt grillad,Betakaroten/β-Karoten,Grönsaker,282.0,µg
4157,Majskolv stekt grillad,Avfall (skal etc.),Grönsaker,43.0,%
4157,Majskolv stekt grillad,Aska,Grönsaker,0.7,g
4157,Majskolv stekt grillad,Alkohol,Grönsaker,0.0,g
4160,Nudelwok m. kött grönsaker,"Zink, Zn",Pastarätter,1.0,mg
4160,Nudelwok m. kött grönsaker,Vitamin E,Pastarätter,0.9,mg
4160,Nudelwok m. kött grönsaker,Vitamin D,Pastarätter,0.11,µg
4160,Nudelwok m. kött grönsaker,Vitamin C,Pastarätter,7.5,mg
4160,Nudelwok m. kött grönsaker,Vitamin B6,Pastarätter,0.14,mg
4160,Nudelwok m. kött grönsaker,Vitamin B12,Pastarätter,0.21,µg
4160,Nudelwok m. kött grönsaker,Vitamin A,Pastarätter,6.4,RE/µg
4160,Nudelwok m. kött grönsaker,Vatten,Pastarätter,75.2,g
4160,Nudelwok m. kött grönsaker,Tiamin,Pastarätter,0.11,mg
4160,Nudelwok m. kött grönsaker,Tillsatt socker,Pastarätter,0.0,g
4160,Nudelwok m. kött grönsaker,Fritt socker,Pastarätter,0.0,g
4160,Nudelwok m. kött grönsaker,"Selen, Se",Pastarätter,4.4,µg
4160,Nudelwok m. kött grönsaker,Sackaros,Pastarätter,0.1,g
4160,Nudelwok m. kött grönsaker,Riboflavin,Pastarätter,0.07,mg
4160,Nudelwok m. kött grönsaker,Retinol,Pastarätter,1.9,µg
4160,Nudelwok m. kött grönsaker,Protein,Pastarätter,7.8,g
4160,Nudelwok m. kött grönsaker,Summa fleromättade fettsyror,Pastarätter,0.8,g
4160,Nudelwok m. kött grönsaker,"Fosfor, P",Pastarätter,94.0,mg
4160,Nudelwok m. kött grönsaker,Niacinekvivalenter,Pastarätter,3.71,NE/mg
4160,Nudelwok m. kött grönsaker,Niacin,Pastarätter,2.31,mg
4160,Nudelwok m. kött grönsaker,"Salt, NaCl",Pastarätter,1.0,g
4160,Nudelwok m. kött grönsaker,"Natrium, Na",Pastarätter,419.0,mg
4160,Nudelwok m. kött grönsaker,Monosackarider,Pastarätter,1.0,g
4160,Nudelwok m. kött grönsaker,"Sockerarter, totalt",Pastarätter,1.2,g
4160,Nudelwok m. kött grönsaker,Summa enkelomättade fettsyror,Pastarätter,1.8,g
4160,Nudelwok m. kött grönsaker,"Magnesium, Mg",Pastarätter,22.0,mg
4160,Nudelwok m. kött grönsaker,Summa mättade fettsyror,Pastarätter,0.6,g
4160,Nudelwok m. kött grönsaker,"Kolhydrater, tillgängliga",Pastarätter,10.4,g
4160,Nudelwok m. kött grönsaker,Kolesterol,Pastarätter,15.8,mg
4160,Nudelwok m. kött grönsaker,"Kalium, K",Pastarätter,165.0,mg
4160,Nudelwok m. kött grönsaker,"Jod, I",Pastarätter,38.0,µg
4160,Nudelwok m. kött grönsaker,Fullkorn totalt,Pastarätter,0.0,g
4160,Nudelwok m. kött grönsaker,"Folat, totalt",Pastarätter,37.1,µg
4160,Nudelwok m. kött grönsaker,Fibrer,Pastarätter,1.6,g
4160,Nudelwok m. kött grönsaker,"Fett, totalt",Pastarätter,3.4,g
4160,Nudelwok m. kött grönsaker,"Järn, Fe",Pastarätter,0.9,mg
4160,Nudelwok m. kött grönsaker,Energi (kJ),Pastarätter,447.0,kJ
4160,Nudelwok m. kött grönsaker,Energi (kcal),Pastarätter,107.0,kcal
4160,Nudelwok m. kött grönsaker,Disackarider,Pastarätter,0.2,g
4160,Nudelwok m. kött grönsaker,"Kalcium, Ca",Pastarätter,21.0,mg
4160,Nudelwok m. kött grönsaker,Fettsyra 4:0-10:0,Pastarätter,0.0,g
4160,Nudelwok m. kött grönsaker,DHA (C22:6),Pastarätter,0.0,g
4160,Nudelwok m. kött grönsaker,DPA (C22:5),Pastarätter,0.0,g
4160,Nudelwok m. kött grönsaker,EPA (C20:5),Pastarätter,0.0,g
4160,Nudelwok m. kött grönsaker,Arakidonsyra C20:4,Pastarätter,0.0,g
4160,Nudelwok m. kött grönsaker,Arakidinsyra C20:0,Pastarätter,0.0,g
4160,Nudelwok m. kött grönsaker,Linolensyra C18:3,Pastarätter,0.2,g
4160,Nudelwok m. kött grönsaker,Linolsyra C18:2,Pastarätter,0.6,g
4160,Nudelwok m. kött grönsaker,Oljesyra C18:1,Pastarätter,1.7,g
4160,Nudelwok m. kött grönsaker,Stearinsyra C18:0,Pastarätter,0.2,g
4160,Nudelwok m. kött grönsaker,Palmitoljesyra C16:1,Pastarätter,0.0,g
4160,Nudelwok m. kött grönsaker,Palmitinsyra C16:0,Pastarätter,0.3,g
4160,Nudelwok m. kött grönsaker,Myristinsyra C14:0,Pastarätter,0.0,g
4160,Nudelwok m. kött grönsaker,Laurinsyra C12:0,Pastarätter,0.0,g
4160,Nudelwok m. kött grönsaker,Betakaroten/β-Karoten,Pastarätter,54.0,µg
4160,Nudelwok m. kött grönsaker,Avfall (skal etc.),Pastarätter,3.0,%
4160,Nudelwok m. kött grönsaker,Aska,Pastarätter,1.6,g
4160,Nudelwok m. kött grönsaker,Alkohol,Pastarätter,0.0,g
4183,Färs stekt m. salt,"Zink, Zn",Kött färskt fryst tillagat ,5.3,mg
4183,Färs stekt m. salt,Vitamin E,Kött färskt fryst tillagat ,0.7,mg
4183,Färs stekt m. salt,Vitamin D,Kött färskt fryst tillagat ,0.05,µg
4183,Färs stekt m. salt,Vitamin C,Kött färskt fryst tillagat ,0.0,mg
4183,Färs stekt m. salt,Vitamin B6,Kött färskt fryst tillagat ,0.22,mg
4183,Färs stekt m. salt,Vitamin B12,Kött färskt fryst tillagat ,1.31,µg
4183,Färs stekt m. salt,Vitamin A,Kött färskt fryst tillagat ,13.8,RE/µg
4183,Färs stekt m. salt,Vatten,Kött färskt fryst tillagat ,60.4,g
4183,Färs stekt m. salt,Tiamin,Kött färskt fryst tillagat ,0.31,mg
4183,Färs stekt m. salt,Tillsatt socker,Kött färskt fryst tillagat ,0.0,g
4183,Färs stekt m. salt,Fritt socker,Kött färskt fryst tillagat ,0.0,g
4183,Färs stekt m. salt,"Selen, Se",Kött färskt fryst tillagat ,8.1,µg
4183,Färs stekt m. salt,Sackaros,Kött färskt fryst tillagat ,0.0,g
4183,Färs stekt m. salt,Riboflavin,Kött färskt fryst tillagat ,0.21,mg
4183,Färs stekt m. salt,Retinol,Kött färskt fryst tillagat ,12.1,µg
4183,Färs stekt m. salt,Protein,Kött färskt fryst tillagat ,22.5,g
4183,Färs stekt m. salt,Summa fleromättade fettsyror,Kött färskt fryst tillagat ,1.0,g
4183,Färs stekt m. salt,"Fosfor, P",Kött färskt fryst tillagat ,206.0,mg
4183,Färs stekt m. salt,Niacinekvivalenter,Kött färskt fryst tillagat ,9.84,NE/mg
4183,Färs stekt m. salt,Niacin,Kött färskt fryst tillagat ,5.75,mg
4183,Färs stekt m. salt,"Salt, NaCl",Kött färskt fryst tillagat ,0.9,g
4183,Färs stekt m. salt,"Natrium, Na",Kött färskt fryst tillagat ,365.0,mg
4183,Färs stekt m. salt,Monosackarider,Kött färskt fryst tillagat ,0.0,g
4183,Färs stekt m. salt,"Sockerarter, totalt",Kött färskt fryst tillagat ,0.0,g
4183,Färs stekt m. salt,Summa enkelomättade fettsyror,Kött färskt fryst tillagat ,6.8,g
4183,Färs stekt m. salt,"Magnesium, Mg",Kött färskt fryst tillagat ,25.0,mg
4183,Färs stekt m. salt,Summa mättade fettsyror,Kött färskt fryst tillagat ,6.4,g
4183,Färs stekt m. salt,"Kolhydrater, tillgängliga",Kött färskt fryst tillagat ,0.1,g
4183,Färs stekt m. salt,Kolesterol,Kött färskt fryst tillagat ,69.8,mg
4183,Färs stekt m. salt,"Kalium, K",Kött färskt fryst tillagat ,269.0,mg
4183,Färs stekt m. salt,"Jod, I",Kött färskt fryst tillagat ,37.0,µg
4183,Färs stekt m. salt,Fullkorn totalt,Kött färskt fryst tillagat ,0.0,g
4183,Färs stekt m. salt,"Folat, totalt",Kött färskt fryst tillagat ,2.1,µg
4183,Färs stekt m. salt,Fibrer,Kött färskt fryst tillagat ,0.1,g
4183,Färs stekt m. salt,"Fett, totalt",Kött färskt fryst tillagat ,15.2,g
4183,Färs stekt m. salt,"Järn, Fe",Kött färskt fryst tillagat ,2.2,mg
4183,Färs stekt m. salt,Energi (kJ),Kött färskt fryst tillagat ,947.0,kJ
4183,Färs stekt m. salt,Energi (kcal),Kött färskt fryst tillagat ,226.0,kcal
4183,Färs stekt m. salt,Disackarider,Kött färskt fryst tillagat ,0.0,g
4183,Färs stekt m. salt,"Kalcium, Ca",Kött färskt fryst tillagat ,11.0,mg
4183,Färs stekt m. salt,Fettsyra 4:0-10:0,Kött färskt fryst tillagat ,0.0,g
4183,Färs stekt m. salt,DHA (C22:6),Kött färskt fryst tillagat ,0.0,g
4183,Färs stekt m. salt,DPA (C22:5),Kött färskt fryst tillagat ,0.0,g
4183,Färs stekt m. salt,EPA (C20:5),Kött färskt fryst tillagat ,0.0,g
4183,Färs stekt m. salt,Arakidonsyra C20:4,Kött färskt fryst tillagat ,0.0,g
4183,Färs stekt m. salt,Arakidinsyra C20:0,Kött färskt fryst tillagat ,0.0,g
4183,Färs stekt m. salt,Linolensyra C18:3,Kött färskt fryst tillagat ,0.1,g
4183,Färs stekt m. salt,Linolsyra C18:2,Kött färskt fryst tillagat ,0.8,g
4183,Färs stekt m. salt,Oljesyra C18:1,Kött färskt fryst tillagat ,6.1,g
4183,Färs stekt m. salt,Stearinsyra C18:0,Kött färskt fryst tillagat ,2.2,g
4183,Färs stekt m. salt,Palmitoljesyra C16:1,Kött färskt fryst tillagat ,0.5,g
4183,Färs stekt m. salt,Palmitinsyra C16:0,Kött färskt fryst tillagat ,3.5,g
4183,Färs stekt m. salt,Myristinsyra C14:0,Kött färskt fryst tillagat ,0.3,g
4183,Färs stekt m. salt,Laurinsyra C12:0,Kött färskt fryst tillagat ,0.0,g
4183,Färs stekt m. salt,Betakaroten/β-Karoten,Kött färskt fryst tillagat ,21.0,µg
4183,Färs stekt m. salt,Avfall (skal etc.),Kött färskt fryst tillagat ,0.0,%
4183,Färs stekt m. salt,Aska,Kött färskt fryst tillagat ,1.8,g
4183,Färs stekt m. salt,Alkohol,Kött färskt fryst tillagat ,0.0,g
4187,Lax panerad stekt m. salt,"Zink, Zn",Fisk o skaldjursprodukter o rätter,0.4,mg
4187,Lax panerad stekt m. salt,Vitamin E,Fisk o skaldjursprodukter o rätter,4.5,mg
4187,Lax panerad stekt m. salt,Vitamin D inkl 25-OH-D3,Fisk o skaldjursprodukter o rätter,8.05,µg
4187,Lax panerad stekt m. salt,Vitamin D,Fisk o skaldjursprodukter o rätter,5.47,µg
4187,Lax panerad stekt m. salt,Vitamin C,Fisk o skaldjursprodukter o rätter,0.1,mg
4187,Lax panerad stekt m. salt,Vitamin B6,Fisk o skaldjursprodukter o rätter,0.44,mg
4187,Lax panerad stekt m. salt,Vitamin B12,Fisk o skaldjursprodukter o rätter,2.56,µg
4187,Lax panerad stekt m. salt,Vitamin A,Fisk o skaldjursprodukter o rätter,51.6,RE/µg
4187,Lax panerad stekt m. salt,Vatten,Fisk o skaldjursprodukter o rätter,55.2,g
4187,Lax panerad stekt m. salt,Tiamin,Fisk o skaldjursprodukter o rätter,0.21,mg
4187,Lax panerad stekt m. salt,Tillsatt socker,Fisk o skaldjursprodukter o rätter,0.0,g
4187,Lax panerad stekt m. salt,Fritt socker,Fisk o skaldjursprodukter o rätter,0.0,g
4187,Lax panerad stekt m. salt,"Selen, Se",Fisk o skaldjursprodukter o rätter,16.3,µg
4187,Lax panerad stekt m. salt,Sackaros,Fisk o skaldjursprodukter o rätter,0.0,g
4187,Lax panerad stekt m. salt,Riboflavin,Fisk o skaldjursprodukter o rätter,0.09,mg
4187,Lax panerad stekt m. salt,Retinol,Fisk o skaldjursprodukter o rätter,49.8,µg
4187,Lax panerad stekt m. salt,Protein,Fisk o skaldjursprodukter o rätter,18.8,g
4187,Lax panerad stekt m. salt,Summa fleromättade fettsyror,Fisk o skaldjursprodukter o rätter,3.9,g
4187,Lax panerad stekt m. salt,"Fosfor, P",Fisk o skaldjursprodukter o rätter,224.0,mg
4187,Lax panerad stekt m. salt,Niacinekvivalenter,Fisk o skaldjursprodukter o rätter,10.17,NE/mg
4187,Lax panerad stekt m. salt,Niacin,Fisk o skaldjursprodukter o rätter,6.97,mg
4187,Lax panerad stekt m. salt,"Salt, NaCl",Fisk o skaldjursprodukter o rätter,1.3,g
4187,Lax panerad stekt m. salt,"Natrium, Na",Fisk o skaldjursprodukter o rätter,513.0,mg
4187,Lax panerad stekt m. salt,Monosackarider,Fisk o skaldjursprodukter o rätter,0.1,g
4187,Lax panerad stekt m. salt,"Sockerarter, totalt",Fisk o skaldjursprodukter o rätter,0.3,g
4187,Lax panerad stekt m. salt,Summa enkelomättade fettsyror,Fisk o skaldjursprodukter o rätter,7.2,g
4187,Lax panerad stekt m. salt,"Magnesium, Mg",Fisk o skaldjursprodukter o rätter,26.0,mg
4187,Lax panerad stekt m. salt,Summa mättade fettsyror,Fisk o skaldjursprodukter o rätter,4.8,g
4187,Lax panerad stekt m. salt,"Kolhydrater, tillgängliga",Fisk o skaldjursprodukter o rätter,5.7,g
4187,Lax panerad stekt m. salt,Kolesterol,Fisk o skaldjursprodukter o rätter,89.9,mg
4187,Lax panerad stekt m. salt,"Kalium, K",Fisk o skaldjursprodukter o rätter,282.0,mg
4187,Lax panerad stekt m. salt,"Jod, I",Fisk o skaldjursprodukter o rätter,72.3,µg
4187,Lax panerad stekt m. salt,Fullkorn totalt,Fisk o skaldjursprodukter o rätter,1.0,g
4187,Lax panerad stekt m. salt,"Folat, totalt",Fisk o skaldjursprodukter o rätter,10.3,µg
4187,Lax panerad stekt m. salt,Fibrer,Fisk o skaldjursprodukter o rätter,0.4,g
4187,Lax panerad stekt m. salt,"Fett, totalt",Fisk o skaldjursprodukter o rätter,17.5,g
4187,Lax panerad stekt m. salt,"Järn, Fe",Fisk o skaldjursprodukter o rätter,0.4,mg
4187,Lax panerad stekt m. salt,Energi (kJ),Fisk o skaldjursprodukter o rätter,1068.0,kJ
4187,Lax panerad stekt m. salt,Energi (kcal),Fisk o skaldjursprodukter o rätter,255.0,kcal
4187,Lax panerad stekt m. salt,Disackarider,Fisk o skaldjursprodukter o rätter,0.2,g
4187,Lax panerad stekt m. salt,"Kalcium, Ca",Fisk o skaldjursprodukter o rätter,12.0,mg
4187,Lax panerad stekt m. salt,Fettsyra 4:0-10:0,Fisk o skaldjursprodukter o rätter,0.4,g
4187,Lax panerad stekt m. salt,DHA (C22:6),Fisk o skaldjursprodukter o rätter,0.5,g
4187,Lax panerad stekt m. salt,DPA (C22:5),Fisk o skaldjursprodukter o rätter,0.1,g
4187,Lax panerad stekt m. salt,EPA (C20:5),Fisk o skaldjursprodukter o rätter,0.3,g
4187,Lax panerad stekt m. salt,Arakidonsyra C20:4,Fisk o skaldjursprodukter o rätter,0.1,g
4187,Lax panerad stekt m. salt,Arakidinsyra C20:0,Fisk o skaldjursprodukter o rätter,0.0,g
4187,Lax panerad stekt m. salt,Linolensyra C18:3,Fisk o skaldjursprodukter o rätter,0.7,g
4187,Lax panerad stekt m. salt,Linolsyra C18:2,Fisk o skaldjursprodukter o rätter,1.8,g
4187,Lax panerad stekt m. salt,Oljesyra C18:1,Fisk o skaldjursprodukter o rätter,6.0,g
4187,Lax panerad stekt m. salt,Stearinsyra C18:0,Fisk o skaldjursprodukter o rätter,0.7,g
4187,Lax panerad stekt m. salt,Palmitoljesyra C16:1,Fisk o skaldjursprodukter o rätter,0.4,g
4187,Lax panerad stekt m. salt,Palmitinsyra C16:0,Fisk o skaldjursprodukter o rätter,2.5,g
4187,Lax panerad stekt m. salt,Myristinsyra C14:0,Fisk o skaldjursprodukter o rätter,0.7,g
4187,Lax panerad stekt m. salt,Laurinsyra C12:0,Fisk o skaldjursprodukter o rätter,0.2,g
4187,Lax panerad stekt m. salt,Betakaroten/β-Karoten,Fisk o skaldjursprodukter o rätter,21.0,µg
4187,Lax panerad stekt m. salt,Avfall (skal etc.),Fisk o skaldjursprodukter o rätter,29.0,%
4187,Lax panerad stekt m. salt,Aska,Fisk o skaldjursprodukter o rätter,2.3,g
4187,Lax panerad stekt m. salt,Alkohol,Fisk o skaldjursprodukter o rätter,0.0,g
4226,Pangasiusmal rå,"Zink, Zn",Fisk färsk fryst kokt,0.3,mg
4226,Pangasiusmal rå,Vitamin E,Fisk färsk fryst kokt,0.2,mg
4226,Pangasiusmal rå,Vitamin D inkl 25-OH-D3,Fisk färsk fryst kokt,0.0,µg
4226,Pangasiusmal rå,Vitamin D,Fisk färsk fryst kokt,0.0,µg
4226,Pangasiusmal rå,Vitamin C,Fisk färsk fryst kokt,0.0,mg
4226,Pangasiusmal rå,Vitamin B6,Fisk färsk fryst kokt,0.12,mg
4226,Pangasiusmal rå,Vitamin B12,Fisk färsk fryst kokt,0.36,µg
4226,Pangasiusmal rå,Vitamin A,Fisk färsk fryst kokt,0.0,RE/µg
4226,Pangasiusmal rå,Vatten,Fisk färsk fryst kokt,83.9,g
4226,Pangasiusmal rå,Tiamin,Fisk färsk fryst kokt,0.02,mg
4226,Pangasiusmal rå,Tillsatt socker,Fisk färsk fryst kokt,0.0,g
4226,Pangasiusmal rå,Fritt socker,Fisk färsk fryst kokt,0.0,g
4226,Pangasiusmal rå,"Selen, Se",Fisk färsk fryst kokt,12.7,µg
4226,Pangasiusmal rå,Sackaros,Fisk färsk fryst kokt,0.0,g
4226,Pangasiusmal rå,Riboflavin,Fisk färsk fryst kokt,0.03,mg
4226,Pangasiusmal rå,Retinol,Fisk färsk fryst kokt,0.0,µg
4226,Pangasiusmal rå,Protein,Fisk färsk fryst kokt,13.1,g
4226,Pangasiusmal rå,Summa fleromättade fettsyror,Fisk färsk fryst kokt,0.1,g
4226,Pangasiusmal rå,"Fosfor, P",Fisk färsk fryst kokt,208.0,mg
4226,Pangasiusmal rå,Niacinekvivalenter,Fisk färsk fryst kokt,4.4,NE/mg
4226,Pangasiusmal rå,Niacin,Fisk färsk fryst kokt,1.96,mg
4226,Pangasiusmal rå,"Salt, NaCl",Fisk färsk fryst kokt,0.8,g
4226,Pangasiusmal rå,"Natrium, Na",Fisk färsk fryst kokt,318.0,mg
4226,Pangasiusmal rå,Monosackarider,Fisk färsk fryst kokt,0.0,g
4226,Pangasiusmal rå,"Sockerarter, totalt",Fisk färsk fryst kokt,0.0,g
4226,Pangasiusmal rå,Summa enkelomättade fettsyror,Fisk färsk fryst kokt,0.3,g
4226,Pangasiusmal rå,"Magnesium, Mg",Fisk färsk fryst kokt,20.0,mg
4226,Pangasiusmal rå,Summa mättade fettsyror,Fisk färsk fryst kokt,0.3,g
4226,Pangasiusmal rå,"Kolhydrater, tillgängliga",Fisk färsk fryst kokt,0.0,g
4226,Pangasiusmal rå,Kolesterol,Fisk färsk fryst kokt,34.2,mg
4226,Pangasiusmal rå,"Kalium, K",Fisk färsk fryst kokt,235.0,mg
4226,Pangasiusmal rå,"Jod, I",Fisk färsk fryst kokt,2.0,µg
4226,Pangasiusmal rå,Fullkorn totalt,Fisk färsk fryst kokt,0.0,g
4226,Pangasiusmal rå,"Folat, totalt",Fisk färsk fryst kokt,8.2,µg
4226,Pangasiusmal rå,Fibrer,Fisk färsk fryst kokt,0.0,g
4226,Pangasiusmal rå,"Fett, totalt",Fisk färsk fryst kokt,1.1,g
4226,Pangasiusmal rå,"Järn, Fe",Fisk färsk fryst kokt,0.1,mg
4226,Pangasiusmal rå,Energi (kJ),Fisk färsk fryst kokt,265.0,kJ
4226,Pangasiusmal rå,Energi (kcal),Fisk färsk fryst kokt,63.0,kcal
4226,Pangasiusmal rå,Disackarider,Fisk färsk fryst kokt,0.0,g
4226,Pangasiusmal rå,"Kalcium, Ca",Fisk färsk fryst kokt,9.0,mg
4226,Pangasiusmal rå,Fettsyra 4:0-10:0,Fisk färsk fryst kokt,0.0,g
4226,Pangasiusmal rå,DHA (C22:6),Fisk färsk fryst kokt,0.0,g
4226,Pangasiusmal rå,DPA (C22:5),Fisk färsk fryst kokt,0.0,g
4226,Pangasiusmal rå,EPA (C20:5),Fisk färsk fryst kokt,0.0,g
4226,Pangasiusmal rå,Arakidonsyra C20:4,Fisk färsk fryst kokt,0.0,g
4226,Pangasiusmal rå,Arakidinsyra C20:0,Fisk färsk fryst kokt,0.0,g
4226,Pangasiusmal rå,Linolensyra C18:3,Fisk färsk fryst kokt,0.0,g
4226,Pangasiusmal rå,Linolsyra C18:2,Fisk färsk fryst kokt,0.1,g
4226,Pangasiusmal rå,Oljesyra C18:1,Fisk färsk fryst kokt,0.3,g
4226,Pangasiusmal rå,Stearinsyra C18:0,Fisk färsk fryst kokt,0.1,g
4226,Pangasiusmal rå,Palmitoljesyra C16:1,Fisk färsk fryst kokt,0.0,g
4226,Pangasiusmal rå,Palmitinsyra C16:0,Fisk färsk fryst kokt,0.2,g
4226,Pangasiusmal rå,Myristinsyra C14:0,Fisk färsk fryst kokt,0.0,g
4226,Pangasiusmal rå,Laurinsyra C12:0,Fisk färsk fryst kokt,0.0,g
4226,Pangasiusmal rå,Betakaroten/β-Karoten,Fisk färsk fryst kokt,0.0,µg
4226,Pangasiusmal rå,Avfall (skal etc.),Fisk färsk fryst kokt,0.0,%
4226,Pangasiusmal rå,Aska,Fisk färsk fryst kokt,1.3,g
4226,Pangasiusmal rå,Alkohol,Fisk färsk fryst kokt,0.0,g
4227,Kokosbaserad bit berikad som alternativ till ost,"Zink, Zn",Ost med vegetabiliskt fett,0.0,mg
4227,Kokosbaserad bit berikad som alternativ till ost,Vitamin E,Ost med vegetabiliskt fett,1.5,mg
4227,Kokosbaserad bit berikad som alternativ till ost,Vitamin D inkl 25-OH-D3,Ost med vegetabiliskt fett,2.0,µg
4227,Kokosbaserad bit berikad som alternativ till ost,Vitamin D,Ost med vegetabiliskt fett,2.0,µg
4227,Kokosbaserad bit berikad som alternativ till ost,Vitamin C,Ost med vegetabiliskt fett,0.0,mg
4227,Kokosbaserad bit berikad som alternativ till ost,Vitamin B6,Ost med vegetabiliskt fett,0.01,mg
4227,Kokosbaserad bit berikad som alternativ till ost,Vitamin B12,Ost med vegetabiliskt fett,1.6,µg
4227,Kokosbaserad bit berikad som alternativ till ost,Vitamin A,Ost med vegetabiliskt fett,48.3,RE/µg
4227,Kokosbaserad bit berikad som alternativ till ost,Vatten,Ost med vegetabiliskt fett,55.0,g
4227,Kokosbaserad bit berikad som alternativ till ost,Tiamin,Ost med vegetabiliskt fett,0.0,mg
4227,Kokosbaserad bit berikad som alternativ till ost,Tillsatt socker,Ost med vegetabiliskt fett,0.0,g
4227,Kokosbaserad bit berikad som alternativ till ost,Fritt socker,Ost med vegetabiliskt fett,0.0,g
4227,Kokosbaserad bit berikad som alternativ till ost,"Selen, Se",Ost med vegetabiliskt fett,0.0,µg
4227,Kokosbaserad bit berikad som alternativ till ost,Sackaros,Ost med vegetabiliskt fett,0.0,g
4227,Kokosbaserad bit berikad som alternativ till ost,Riboflavin,Ost med vegetabiliskt fett,0.01,mg
4227,Kokosbaserad bit berikad som alternativ till ost,Retinol,Ost med vegetabiliskt fett,0.0,µg
4227,Kokosbaserad bit berikad som alternativ till ost,Protein,Ost med vegetabiliskt fett,0.0,g
4227,Kokosbaserad bit berikad som alternativ till ost,Summa fleromättade fettsyror,Ost med vegetabiliskt fett,0.9,g
4227,Kokosbaserad bit berikad som alternativ till ost,"Fosfor, P",Ost med vegetabiliskt fett,210.0,mg
4227,Kokosbaserad bit berikad som alternativ till ost,Niacinekvivalenter,Ost med vegetabiliskt fett,0.0,NE/mg
4227,Kokosbaserad bit berikad som alternativ till ost,Niacin,Ost med vegetabiliskt fett,0.0,mg
4227,Kokosbaserad bit berikad som alternativ till ost,"Salt, NaCl",Ost med vegetabiliskt fett,2.1,g
4227,Kokosbaserad bit berikad som alternativ till ost,"Natrium, Na",Ost med vegetabiliskt fett,850.0,mg
4227,Kokosbaserad bit berikad som alternativ till ost,Monosackarider,Ost med vegetabiliskt fett,0.0,g
4227,Kokosbaserad bit berikad som alternativ till ost,"Sockerarter, totalt",Ost med vegetabiliskt fett,0.0,g
4227,Kokosbaserad bit berikad som alternativ till ost,Summa enkelomättade fettsyror,Ost med vegetabiliskt fett,0.3,g
4227,Kokosbaserad bit berikad som alternativ till ost,"Magnesium, Mg",Ost med vegetabiliskt fett,3.0,mg
4227,Kokosbaserad bit berikad som alternativ till ost,Summa mättade fettsyror,Ost med vegetabiliskt fett,10.4,g
4227,Kokosbaserad bit berikad som alternativ till ost,"Kolhydrater, tillgängliga",Ost med vegetabiliskt fett,18.1,g
4227,Kokosbaserad bit berikad som alternativ till ost,Kolesterol,Ost med vegetabiliskt fett,0.0,mg
4227,Kokosbaserad bit berikad som alternativ till ost,"Kalium, K",Ost med vegetabiliskt fett,80.0,mg
4227,Kokosbaserad bit berikad som alternativ till ost,"Jod, I",Ost med vegetabiliskt fett,0.0,µg
4227,Kokosbaserad bit berikad som alternativ till ost,Fullkorn totalt,Ost med vegetabiliskt fett,0.0,g
4227,Kokosbaserad bit berikad som alternativ till ost,"Folat, totalt",Ost med vegetabiliskt fett,2.6,µg
4227,Kokosbaserad bit berikad som alternativ till ost,Fibrer,Ost med vegetabiliskt fett,2.8,g
4227,Kokosbaserad bit berikad som alternativ till ost,"Fett, totalt",Ost med vegetabiliskt fett,21.0,g
4227,Kokosbaserad bit berikad som alternativ till ost,"Järn, Fe",Ost med vegetabiliskt fett,0.2,mg
4227,Kokosbaserad bit berikad som alternativ till ost,Energi (kJ),Ost med vegetabiliskt fett,1107.0,kJ
4227,Kokosbaserad bit berikad som alternativ till ost,Energi (kcal),Ost med vegetabiliskt fett,265.0,kcal
4227,Kokosbaserad bit berikad som alternativ till ost,Disackarider,Ost med vegetabiliskt fett,0.0,g
4227,Kokosbaserad bit berikad som alternativ till ost,"Kalcium, Ca",Ost med vegetabiliskt fett,370.0,mg
4227,Kokosbaserad bit berikad som alternativ till ost,Fettsyra 4:0-10:0,Ost med vegetabiliskt fett,0.5,g
4227,Kokosbaserad bit berikad som alternativ till ost,DHA (C22:6),Ost med vegetabiliskt fett,0.0,g
4227,Kokosbaserad bit berikad som alternativ till ost,DPA (C22:5),Ost med vegetabiliskt fett,0.0,g
4227,Kokosbaserad bit berikad som alternativ till ost,EPA (C20:5),Ost med vegetabiliskt fett,0.0,g
4227,Kokosbaserad bit berikad som alternativ till ost,Arakidonsyra C20:4,Ost med vegetabiliskt fett,0.0,g
4227,Kokosbaserad bit berikad som alternativ till ost,Arakidinsyra C20:0,Ost med vegetabiliskt fett,0.2,g
4227,Kokosbaserad bit berikad som alternativ till ost,Linolensyra C18:3,Ost med vegetabiliskt fett,0.0,g
4227,Kokosbaserad bit berikad som alternativ till ost,Linolsyra C18:2,Ost med vegetabiliskt fett,0.9,g
4227,Kokosbaserad bit berikad som alternativ till ost,Oljesyra C18:1,Ost med vegetabiliskt fett,0.0,g
4227,Kokosbaserad bit berikad som alternativ till ost,Stearinsyra C18:0,Ost med vegetabiliskt fett,5.2,g
4227,Kokosbaserad bit berikad som alternativ till ost,Palmitoljesyra C16:1,Ost med vegetabiliskt fett,0.0,g
4227,Kokosbaserad bit berikad som alternativ till ost,Palmitinsyra C16:0,Ost med vegetabiliskt fett,1.2,g
4227,Kokosbaserad bit berikad som alternativ till ost,Myristinsyra C14:0,Ost med vegetabiliskt fett,1.0,g
4227,Kokosbaserad bit berikad som alternativ till ost,Laurinsyra C12:0,Ost med vegetabiliskt fett,2.3,g
4227,Kokosbaserad bit berikad som alternativ till ost,Betakaroten/β-Karoten,Ost med vegetabiliskt fett,580.0,µg
4227,Kokosbaserad bit berikad som alternativ till ost,Avfall (skal etc.),Ost med vegetabiliskt fett,0.0,%
4227,Kokosbaserad bit berikad som alternativ till ost,Aska,Ost med vegetabiliskt fett,3.1,g
4227,Kokosbaserad bit berikad som alternativ till ost,Alkohol,Ost med vegetabiliskt fett,0.0,g
4385,Potatis Solist rå,"Zink, Zn",Potatis,0.2,mg
4385,Potatis Solist rå,Vitamin E,Potatis,0.1,mg
4385,Potatis Solist rå,Vitamin D inkl 25-OH-D3,Potatis,0.0,µg
4385,Potatis Solist rå,Vitamin D,Potatis,0.0,µg
4385,Potatis Solist rå,Vitamin C,Potatis,23.2,mg
4385,Potatis Solist rå,Vitamin B6,Potatis,0.15,mg
4385,Potatis Solist rå,Vitamin B12,Potatis,0.0,µg
4385,Potatis Solist rå,Vitamin A,Potatis,2.7,RE/µg
4385,Potatis Solist rå,Vatten,Potatis,82.8,g
4385,Potatis Solist rå,Tiamin,Potatis,0.04,mg
4385,Potatis Solist rå,Tillsatt socker,Potatis,0.0,g
4385,Potatis Solist rå,Fritt socker,Potatis,0.0,g
4385,Potatis Solist rå,"Selen, Se",Potatis,0.0,µg
4385,Potatis Solist rå,Sackaros,Potatis,1.5,g
4385,Potatis Solist rå,Riboflavin,Potatis,0.09,mg
4385,Potatis Solist rå,Retinol,Potatis,0.0,µg
4385,Potatis Solist rå,Protein,Potatis,1.0,g
4385,Potatis Solist rå,Summa fleromättade fettsyror,Potatis,0.0,g
4385,Potatis Solist rå,"Fosfor, P",Potatis,37.0,mg
4385,Potatis Solist rå,Niacinekvivalenter,Potatis,1.19,NE/mg
4385,Potatis Solist rå,Niacin,Potatis,1.02,mg
4385,Potatis Solist rå,"Salt, NaCl",Potatis,0.0,g
4385,Potatis Solist rå,"Natrium, Na",Potatis,7.0,mg
4385,Potatis Solist rå,Monosackarider,Potatis,1.2,g
4385,Potatis Solist rå,"Sockerarter, totalt",Potatis,2.8,g
4385,Potatis Solist rå,Summa enkelomättade fettsyror,Potatis,0.0,g
4385,Potatis Solist rå,"Magnesium, Mg",Potatis,18.0,mg
4385,Potatis Solist rå,Summa mättade fettsyror,Potatis,0.0,g
4385,Potatis Solist rå,"Kolhydrater, tillgängliga",Potatis,13.6,g
4385,Potatis Solist rå,Kolesterol,Potatis,0.0,mg
4385,Potatis Solist rå,"Kalium, K",Potatis,340.0,mg
4385,Potatis Solist rå,"Jod, I",Potatis,1.2,µg
4385,Potatis Solist rå,Fullkorn totalt,Potatis,0.0,g
4385,Potatis Solist rå,"Folat, totalt",Potatis,24.9,µg
4385,Potatis Solist rå,Fibrer,Potatis,1.6,g
4385,Potatis Solist rå,"Fett, totalt",Potatis,0.1,g
4385,Potatis Solist rå,"Järn, Fe",Potatis,0.6,mg
4385,Potatis Solist rå,Energi (kJ),Potatis,265.0,kJ
4385,Potatis Solist rå,Energi (kcal),Potatis,63.0,kcal
4385,Potatis Solist rå,Disackarider,Potatis,1.5,g
4385,Potatis Solist rå,"Kalcium, Ca",Potatis,4.0,mg
4385,Potatis Solist rå,Fettsyra 4:0-10:0,Potatis,0.0,g
4385,Potatis Solist rå,DHA (C22:6),Potatis,0.0,g
4385,Potatis Solist rå,DPA (C22:5),Potatis,0.0,g
4385,Potatis Solist rå,EPA (C20:5),Potatis,0.0,g
4385,Potatis Solist rå,Arakidonsyra C20:4,Potatis,0.0,g
4385,Potatis Solist rå,Arakidinsyra C20:0,Potatis,0.0,g
4385,Potatis Solist rå,Linolensyra C18:3,Potatis,0.0,g
4385,Potatis Solist rå,Linolsyra C18:2,Potatis,0.0,g
4385,Potatis Solist rå,Oljesyra C18:1,Potatis,0.0,g
4385,Potatis Solist rå,Stearinsyra C18:0,Potatis,0.0,g
4385,Potatis Solist rå,Palmitoljesyra C16:1,Potatis,0.0,g
4385,Potatis Solist rå,Palmitinsyra C16:0,Potatis,0.0,g
4385,Potatis Solist rå,Myristinsyra C14:0,Potatis,0.0,g
4385,Potatis Solist rå,Laurinsyra C12:0,Potatis,0.0,g
4385,Potatis Solist rå,Betakaroten/β-Karoten,Potatis,33.0,µg
4385,Potatis Solist rå,Avfall (skal etc.),Potatis,20.0,%
4385,Potatis Solist rå,Aska,Potatis,0.9,g
4385,Potatis Solist rå,Alkohol,Potatis,0.0,g
4386,Potatis Swift rå,"Zink, Zn",Potatis,0.2,mg
4386,Potatis Swift rå,Vitamin E,Potatis,0.1,mg
4386,Potatis Swift rå,Vitamin D inkl 25-OH-D3,Potatis,0.0,µg
4386,Potatis Swift rå,Vitamin D,Potatis,0.0,µg
4386,Potatis Swift rå,Vitamin C,Potatis,18.7,mg
4386,Potatis Swift rå,Vitamin B6,Potatis,0.13,mg
4386,Potatis Swift rå,Vitamin B12,Potatis,0.0,µg
4386,Potatis Swift rå,Vitamin A,Potatis,1.5,RE/µg
4386,Potatis Swift rå,Vatten,Potatis,85.4,g
4386,Potatis Swift rå,Tiamin,Potatis,0.03,mg
4386,Potatis Swift rå,Tillsatt socker,Potatis,0.0,g
4386,Potatis Swift rå,Fritt socker,Potatis,0.0,g
4386,Potatis Swift rå,"Selen, Se",Potatis,0.0,µg
4386,Potatis Swift rå,Sackaros,Potatis,0.1,g
4386,Potatis Swift rå,Riboflavin,Potatis,0.04,mg
4386,Potatis Swift rå,Retinol,Potatis,0.0,µg
4386,Potatis Swift rå,Protein,Potatis,1.1,g
4386,Potatis Swift rå,Summa fleromättade fettsyror,Potatis,0.0,g
4386,Potatis Swift rå,"Fosfor, P",Potatis,32.0,mg
4386,Potatis Swift rå,Niacinekvivalenter,Potatis,1.62,NE/mg
4386,Potatis Swift rå,Niacin,Potatis,1.43,mg
4386,Potatis Swift rå,"Salt, NaCl",Potatis,0.0,g
4386,Potatis Swift rå,"Natrium, Na",Potatis,3.0,mg
4386,Potatis Swift rå,Monosackarider,Potatis,2.8,g
4386,Potatis Swift rå,"Sockerarter, totalt",Potatis,2.8,g
4386,Potatis Swift rå,Summa enkelomättade fettsyror,Potatis,0.0,g
4386,Potatis Swift rå,"Magnesium, Mg",Potatis,21.0,mg
4386,Potatis Swift rå,Summa mättade fettsyror,Potatis,0.0,g
4386,Potatis Swift rå,"Kolhydrater, tillgängliga",Potatis,11.0,g
4386,Potatis Swift rå,Kolesterol,Potatis,0.0,mg
4386,Potatis Swift rå,"Kalium, K",Potatis,328.0,mg
4386,Potatis Swift rå,"Jod, I",Potatis,1.4,µg
4386,Potatis Swift rå,Fullkorn totalt,Potatis,0.0,g
4386,Potatis Swift rå,"Folat, totalt",Potatis,36.5,µg
4386,Potatis Swift rå,Fibrer,Potatis,1.6,g
4386,Potatis Swift rå,"Fett, totalt",Potatis,0.1,g
4386,Potatis Swift rå,"Järn, Fe",Potatis,0.5,mg
4386,Potatis Swift rå,Energi (kJ),Potatis,223.0,kJ
4386,Potatis Swift rå,Energi (kcal),Potatis,53.0,kcal
4386,Potatis Swift rå,Disackarider,Potatis,0.1,g
4386,Potatis Swift rå,"Kalcium, Ca",Potatis,7.0,mg
4386,Potatis Swift rå,Fettsyra 4:0-10:0,Potatis,0.0,g
4386,Potatis Swift rå,DHA (C22:6),Potatis,0.0,g
4386,Potatis Swift rå,DPA (C22:5),Potatis,0.0,g
4386,Potatis Swift rå,EPA (C20:5),Potatis,0.0,g
4386,Potatis Swift rå,Arakidonsyra C20:4,Potatis,0.0,g
4386,Potatis Swift rå,Arakidinsyra C20:0,Potatis,0.0,g
4386,Potatis Swift rå,Linolensyra C18:3,Potatis,0.0,g
4386,Potatis Swift rå,Linolsyra C18:2,Potatis,0.0,g
4386,Potatis Swift rå,Oljesyra C18:1,Potatis,0.0,g
4386,Potatis Swift rå,Stearinsyra C18:0,Potatis,0.0,g
4386,Potatis Swift rå,Palmitoljesyra C16:1,Potatis,0.0,g
4386,Potatis Swift rå,Palmitinsyra C16:0,Potatis,0.0,g
4386,Potatis Swift rå,Myristinsyra C14:0,Potatis,0.0,g
4386,Potatis Swift rå,Laurinsyra C12:0,Potatis,0.0,g
4386,Potatis Swift rå,Betakaroten/β-Karoten,Potatis,18.0,µg
4386,Potatis Swift rå,Avfall (skal etc.),Potatis,20.0,%
4386,Potatis Swift rå,Aska,Potatis,0.8,g
4386,Potatis Swift rå,Alkohol,Potatis,0.0,g
4415,Potatis Solist kokt m. salt,"Zink, Zn",Potatis,0.2,mg
4415,Potatis Solist kokt m. salt,Vitamin E,Potatis,0.2,mg
4415,Potatis Solist kokt m. salt,Vitamin D inkl 25-OH-D3,Potatis,0.0,µg
4415,Potatis Solist kokt m. salt,Vitamin D,Potatis,0.0,µg
4415,Potatis Solist kokt m. salt,Vitamin C,Potatis,20.0,mg
4415,Potatis Solist kokt m. salt,Vitamin B6,Potatis,0.14,mg
4415,Potatis Solist kokt m. salt,Vitamin B12,Potatis,0.0,µg
4415,Potatis Solist kokt m. salt,Vitamin A,Potatis,2.7,RE/µg
4415,Potatis Solist kokt m. salt,Vatten,Potatis,79.3,g
4415,Potatis Solist kokt m. salt,Tiamin,Potatis,0.03,mg
4415,Potatis Solist kokt m. salt,Tillsatt socker,Potatis,0.0,g
4415,Potatis Solist kokt m. salt,Fritt socker,Potatis,0.0,g
4415,Potatis Solist kokt m. salt,"Selen, Se",Potatis,0.0,µg
4415,Potatis Solist kokt m. salt,Sackaros,Potatis,1.7,g
4415,Potatis Solist kokt m. salt,Riboflavin,Potatis,0.08,mg
4415,Potatis Solist kokt m. salt,Retinol,Potatis,0.0,µg
4415,Potatis Solist kokt m. salt,Protein,Potatis,1.4,g
4415,Potatis Solist kokt m. salt,Summa fleromättade fettsyror,Potatis,0.0,g
4415,Potatis Solist kokt m. salt,"Fosfor, P",Potatis,38.0,mg
4415,Potatis Solist kokt m. salt,Niacinekvivalenter,Potatis,1.17,NE/mg
4415,Potatis Solist kokt m. salt,Niacin,Potatis,0.94,mg
4415,Potatis Solist kokt m. salt,"Salt, NaCl",Potatis,0.1,g
4415,Potatis Solist kokt m. salt,"Natrium, Na",Potatis,43.0,mg
4415,Potatis Solist kokt m. salt,Monosackarider,Potatis,1.3,g
4415,Potatis Solist kokt m. salt,"Sockerarter, totalt",Potatis,3.0,g
4415,Potatis Solist kokt m. salt,Summa enkelomättade fettsyror,Potatis,0.0,g
4415,Potatis Solist kokt m. salt,"Magnesium, Mg",Potatis,20.0,mg
4415,Potatis Solist kokt m. salt,Summa mättade fettsyror,Potatis,0.0,g
4415,Potatis Solist kokt m. salt,"Kolhydrater, tillgängliga",Potatis,16.4,g
4415,Potatis Solist kokt m. salt,Kolesterol,Potatis,0.0,mg
4415,Potatis Solist kokt m. salt,"Kalium, K",Potatis,348.0,mg
4415,Potatis Solist kokt m. salt,"Jod, I",Potatis,2.0,µg
4415,Potatis Solist kokt m. salt,Fullkorn totalt,Potatis,0.0,g
4415,Potatis Solist kokt m. salt,"Folat, totalt",Potatis,28.5,µg
4415,Potatis Solist kokt m. salt,Fibrer,Potatis,1.9,g
4415,Potatis Solist kokt m. salt,"Fett, totalt",Potatis,0.1,g
4415,Potatis Solist kokt m. salt,"Järn, Fe",Potatis,0.8,mg
4415,Potatis Solist kokt m. salt,Energi (kJ),Potatis,322.0,kJ
4415,Potatis Solist kokt m. salt,Energi (kcal),Potatis,77.0,kcal
4415,Potatis Solist kokt m. salt,Disackarider,Potatis,1.7,g
4415,Potatis Solist kokt m. salt,"Kalcium, Ca",Potatis,4.0,mg
4415,Potatis Solist kokt m. salt,Fettsyra 4:0-10:0,Potatis,0.0,g
4415,Potatis Solist kokt m. salt,DHA (C22:6),Potatis,0.0,g
4415,Potatis Solist kokt m. salt,DPA (C22:5),Potatis,0.0,g
4415,Potatis Solist kokt m. salt,EPA (C20:5),Potatis,0.0,g
4415,Potatis Solist kokt m. salt,Arakidonsyra C20:4,Potatis,0.0,g
4415,Potatis Solist kokt m. salt,Arakidinsyra C20:0,Potatis,0.0,g
4415,Potatis Solist kokt m. salt,Linolensyra C18:3,Potatis,0.0,g
4415,Potatis Solist kokt m. salt,Linolsyra C18:2,Potatis,0.0,g
4415,Potatis Solist kokt m. salt,Oljesyra C18:1,Potatis,0.0,g
4415,Potatis Solist kokt m. salt,Stearinsyra C18:0,Potatis,0.0,g
4415,Potatis Solist kokt m. salt,Palmitoljesyra C16:1,Potatis,0.0,g
4415,Potatis Solist kokt m. salt,Palmitinsyra C16:0,Potatis,0.0,g
4415,Potatis Solist kokt m. salt,Myristinsyra C14:0,Potatis,0.0,g
4415,Potatis Solist kokt m. salt,Laurinsyra C12:0,Potatis,0.0,g
4415,Potatis Solist kokt m. salt,Betakaroten/β-Karoten,Potatis,32.0,µg
4415,Potatis Solist kokt m. salt,Avfall (skal etc.),Potatis,0.0,%
4415,Potatis Solist kokt m. salt,Aska,Potatis,0.9,g
4415,Potatis Solist kokt m. salt,Alkohol,Potatis,0.0,g
4416,Potatis Swift kokt m. salt,"Zink, Zn",Potatis,0.2,mg
4416,Potatis Swift kokt m. salt,Vitamin E,Potatis,0.2,mg
4416,Potatis Swift kokt m. salt,Vitamin D inkl 25-OH-D3,Potatis,0.0,µg
4416,Potatis Swift kokt m. salt,Vitamin D,Potatis,0.0,µg
4416,Potatis Swift kokt m. salt,Vitamin C,Potatis,17.5,mg
4416,Potatis Swift kokt m. salt,Vitamin B6,Potatis,0.12,mg
4416,Potatis Swift kokt m. salt,Vitamin B12,Potatis,0.0,µg
4416,Potatis Swift kokt m. salt,Vitamin A,Potatis,1.8,RE/µg
4416,Potatis Swift kokt m. salt,Vatten,Potatis,83.0,g
4416,Potatis Swift kokt m. salt,Tiamin,Potatis,0.03,mg
4416,Potatis Swift kokt m. salt,Tillsatt socker,Potatis,0.0,g
4416,Potatis Swift kokt m. salt,Fritt socker,Potatis,0.0,g
4416,Potatis Swift kokt m. salt,"Selen, Se",Potatis,0.0,µg
4416,Potatis Swift kokt m. salt,Sackaros,Potatis,0.4,g
4416,Potatis Swift kokt m. salt,Riboflavin,Potatis,0.03,mg
4416,Potatis Swift kokt m. salt,Retinol,Potatis,0.0,µg
4416,Potatis Swift kokt m. salt,Protein,Potatis,1.5,g
4416,Potatis Swift kokt m. salt,Summa fleromättade fettsyror,Potatis,0.0,g
4416,Potatis Swift kokt m. salt,"Fosfor, P",Potatis,35.0,mg
4416,Potatis Swift kokt m. salt,Niacinekvivalenter,Potatis,1.55,NE/mg
4416,Potatis Swift kokt m. salt,Niacin,Potatis,1.3,mg
4416,Potatis Swift kokt m. salt,"Salt, NaCl",Potatis,0.1,g
4416,Potatis Swift kokt m. salt,"Natrium, Na",Potatis,42.0,mg
4416,Potatis Swift kokt m. salt,Monosackarider,Potatis,2.8,g
4416,Potatis Swift kokt m. salt,"Sockerarter, totalt",Potatis,3.1,g
4416,Potatis Swift kokt m. salt,Summa enkelomättade fettsyror,Potatis,0.0,g
4416,Potatis Swift kokt m. salt,"Magnesium, Mg",Potatis,18.0,mg
4416,Potatis Swift kokt m. salt,Summa mättade fettsyror,Potatis,0.0,g
4416,Potatis Swift kokt m. salt,"Kolhydrater, tillgängliga",Potatis,12.5,g
4416,Potatis Swift kokt m. salt,Kolesterol,Potatis,0.0,mg
4416,Potatis Swift kokt m. salt,"Kalium, K",Potatis,282.0,mg
4416,Potatis Swift kokt m. salt,"Jod, I",Potatis,2.7,µg
4416,Potatis Swift kokt m. salt,Fullkorn totalt,Potatis,0.0,g
4416,Potatis Swift kokt m. salt,"Folat, totalt",Potatis,37.0,µg
4416,Potatis Swift kokt m. salt,Fibrer,Potatis,2.1,g
4416,Potatis Swift kokt m. salt,"Fett, totalt",Potatis,0.1,g
4416,Potatis Swift kokt m. salt,"Järn, Fe",Potatis,0.4,mg
4416,Potatis Swift kokt m. salt,Energi (kJ),Potatis,258.0,kJ
4416,Potatis Swift kokt m. salt,Energi (kcal),Potatis,62.0,kcal
4416,Potatis Swift kokt m. salt,Disackarider,Potatis,0.4,g
4416,Potatis Swift kokt m. salt,"Kalcium, Ca",Potatis,5.0,mg
4416,Potatis Swift kokt m. salt,Fettsyra 4:0-10:0,Potatis,0.0,g
4416,Potatis Swift kokt m. salt,DHA (C22:6),Potatis,0.0,g
4416,Potatis Swift kokt m. salt,DPA (C22:5),Potatis,0.0,g
4416,Potatis Swift kokt m. salt,EPA (C20:5),Potatis,0.0,g
4416,Potatis Swift kokt m. salt,Arakidonsyra C20:4,Potatis,0.0,g
4416,Potatis Swift kokt m. salt,Arakidinsyra C20:0,Potatis,0.0,g
4416,Potatis Swift kokt m. salt,Linolensyra C18:3,Potatis,0.0,g
4416,Potatis Swift kokt m. salt,Linolsyra C18:2,Potatis,0.0,g
4416,Potatis Swift kokt m. salt,Oljesyra C18:1,Potatis,0.0,g
4416,Potatis Swift kokt m. salt,Stearinsyra C18:0,Potatis,0.0,g
4416,Potatis Swift kokt m. salt,Palmitoljesyra C16:1,Potatis,0.0,g
4416,Potatis Swift kokt m. salt,Palmitinsyra C16:0,Potatis,0.0,g
4416,Potatis Swift kokt m. salt,Myristinsyra C14:0,Potatis,0.0,g
4416,Potatis Swift kokt m. salt,Laurinsyra C12:0,Potatis,0.0,g
4416,Potatis Swift kokt m. salt,Betakaroten/β-Karoten,Potatis,21.0,µg
4416,Potatis Swift kokt m. salt,Avfall (skal etc.),Potatis,0.0,%
4416,Potatis Swift kokt m. salt,Aska,Potatis,0.8,g
4416,Potatis Swift kokt m. salt,Alkohol,Potatis,0.0,g
4445,Potatis Asterix rå,"Zink, Zn",Potatis,0.3,mg
4445,Potatis Asterix rå,Vitamin E,Potatis,0.1,mg
4445,Potatis Asterix rå,Vitamin D inkl 25-OH-D3,Potatis,0.0,µg
4445,Potatis Asterix rå,Vitamin D,Potatis,0.0,µg
4445,Potatis Asterix rå,Vitamin C,Potatis,18.0,mg
4445,Potatis Asterix rå,Vitamin B6,Potatis,0.21,mg
4445,Potatis Asterix rå,Vitamin B12,Potatis,0.0,µg
4445,Potatis Asterix rå,Vitamin A,Potatis,0.2,RE/µg
4445,Potatis Asterix rå,Vatten,Potatis,79.5,g
4445,Potatis Asterix rå,Tiamin,Potatis,0.08,mg
4445,Potatis Asterix rå,Tillsatt socker,Potatis,0.0,g
4445,Potatis Asterix rå,Fritt socker,Potatis,0.0,g
4445,Potatis Asterix rå,"Selen, Se",Potatis,0.0,µg
4445,Potatis Asterix rå,Sackaros,Potatis,0.2,g
4445,Potatis Asterix rå,Riboflavin,Potatis,0.03,mg
4445,Potatis Asterix rå,Retinol,Potatis,0.0,µg
4445,Potatis Asterix rå,Protein,Potatis,1.8,g
4445,Potatis Asterix rå,Summa fleromättade fettsyror,Potatis,0.0,g
4445,Potatis Asterix rå,"Fosfor, P",Potatis,41.0,mg
4445,Potatis Asterix rå,Niacinekvivalenter,Potatis,2.0,NE/mg
4445,Potatis Asterix rå,Niacin,Potatis,1.66,mg
4445,Potatis Asterix rå,"Salt, NaCl",Potatis,0.0,g
4445,Potatis Asterix rå,"Natrium, Na",Potatis,3.0,mg
4445,Potatis Asterix rå,Monosackarider,Potatis,0.6,g
4445,Potatis Asterix rå,"Sockerarter, totalt",Potatis,0.8,g
4445,Potatis Asterix rå,Summa enkelomättade fettsyror,Potatis,0.0,g
4445,Potatis Asterix rå,"Magnesium, Mg",Potatis,25.0,mg
4445,Potatis Asterix rå,Summa mättade fettsyror,Potatis,0.0,g
4445,Potatis Asterix rå,"Kolhydrater, tillgängliga",Potatis,14.7,g
4445,Potatis Asterix rå,Kolesterol,Potatis,0.0,mg
4445,Potatis Asterix rå,"Kalium, K",Potatis,370.0,mg
4445,Potatis Asterix rå,"Jod, I",Potatis,0.1,µg
4445,Potatis Asterix rå,Fullkorn totalt,Potatis,0.0,g
4445,Potatis Asterix rå,"Folat, totalt",Potatis,22.8,µg
4445,Potatis Asterix rå,Fibrer,Potatis,3.1,g
4445,Potatis Asterix rå,"Fett, totalt",Potatis,0.1,g
4445,Potatis Asterix rå,"Järn, Fe",Potatis,0.4,mg
4445,Potatis Asterix rå,Energi (kJ),Potatis,310.0,kJ
4445,Potatis Asterix rå,Energi (kcal),Potatis,74.0,kcal
4445,Potatis Asterix rå,Disackarider,Potatis,0.2,g
4445,Potatis Asterix rå,"Kalcium, Ca",Potatis,5.0,mg
4445,Potatis Asterix rå,Fettsyra 4:0-10:0,Potatis,0.0,g
4445,Potatis Asterix rå,DHA (C22:6),Potatis,0.0,g
4445,Potatis Asterix rå,DPA (C22:5),Potatis,0.0,g
4445,Potatis Asterix rå,EPA (C20:5),Potatis,0.0,g
4445,Potatis Asterix rå,Arakidonsyra C20:4,Potatis,0.0,g
4445,Potatis Asterix rå,Arakidinsyra C20:0,Potatis,0.0,g
4445,Potatis Asterix rå,Linolensyra C18:3,Potatis,0.0,g
4445,Potatis Asterix rå,Linolsyra C18:2,Potatis,0.0,g
4445,Potatis Asterix rå,Oljesyra C18:1,Potatis,0.0,g
4445,Potatis Asterix rå,Stearinsyra C18:0,Potatis,0.0,g
4445,Potatis Asterix rå,Palmitoljesyra C16:1,Potatis,0.0,g
4445,Potatis Asterix rå,Palmitinsyra C16:0,Potatis,0.0,g
4445,Potatis Asterix rå,Myristinsyra C14:0,Potatis,0.0,g
4445,Potatis Asterix rå,Laurinsyra C12:0,Potatis,0.0,g
4445,Potatis Asterix rå,Betakaroten/β-Karoten,Potatis,2.0,µg
4445,Potatis Asterix rå,Avfall (skal etc.),Potatis,20.0,%
4445,Potatis Asterix rå,Aska,Potatis,0.8,g
4445,Potatis Asterix rå,Alkohol,Potatis,0.0,g
4447,Nudlar risnudlar okokta,"Zink, Zn",Ris risnudlar,0.7,mg
4447,Nudlar risnudlar okokta,Vitamin E,Ris risnudlar,0.0,mg
4447,Nudlar risnudlar okokta,Vitamin D inkl 25-OH-D3,Ris risnudlar,0.0,µg
4447,Nudlar risnudlar okokta,Vitamin D,Ris risnudlar,0.0,µg
4447,Nudlar risnudlar okokta,Vitamin C,Ris risnudlar,0.0,mg
4447,Nudlar risnudlar okokta,Vitamin B6,Ris risnudlar,0.02,mg
4447,Nudlar risnudlar okokta,Vitamin B12,Ris risnudlar,0.0,µg
4447,Nudlar risnudlar okokta,Vitamin A,Ris risnudlar,0.0,RE/µg
4447,Nudlar risnudlar okokta,Vatten,Ris risnudlar,11.9,g
4447,Nudlar risnudlar okokta,Tiamin,Ris risnudlar,0.03,mg
4447,Nudlar risnudlar okokta,Tillsatt socker,Ris risnudlar,0.0,g
4447,Nudlar risnudlar okokta,Fritt socker,Ris risnudlar,0.0,g
4447,Nudlar risnudlar okokta,"Selen, Se",Ris risnudlar,15.1,µg
4447,Nudlar risnudlar okokta,Sackaros,Ris risnudlar,0.3,g
4447,Nudlar risnudlar okokta,Riboflavin,Ris risnudlar,0.02,mg
4447,Nudlar risnudlar okokta,Retinol,Ris risnudlar,0.0,µg
4447,Nudlar risnudlar okokta,Protein,Ris risnudlar,3.4,g
4447,Nudlar risnudlar okokta,Summa fleromättade fettsyror,Ris risnudlar,0.2,g
4447,Nudlar risnudlar okokta,"Fosfor, P",Ris risnudlar,153.0,mg
4447,Nudlar risnudlar okokta,Niacinekvivalenter,Ris risnudlar,0.79,NE/mg
4447,Nudlar risnudlar okokta,Niacin,Ris risnudlar,0.22,mg
4447,Nudlar risnudlar okokta,"Salt, NaCl",Ris risnudlar,0.5,g
4447,Nudlar risnudlar okokta,"Natrium, Na",Ris risnudlar,182.0,mg
4447,Nudlar risnudlar okokta,Monosackarider,Ris risnudlar,0.0,g
4447,Nudlar risnudlar okokta,"Sockerarter, totalt",Ris risnudlar,0.3,g
4447,Nudlar risnudlar okokta,Summa enkelomättade fettsyror,Ris risnudlar,0.2,g
4447,Nudlar risnudlar okokta,"Magnesium, Mg",Ris risnudlar,12.0,mg
4447,Nudlar risnudlar okokta,Summa mättade fettsyror,Ris risnudlar,0.2,g
4447,Nudlar risnudlar okokta,"Kolhydrater, tillgängliga",Ris risnudlar,83.2,g
4447,Nudlar risnudlar okokta,Kolesterol,Ris risnudlar,0.0,mg
4447,Nudlar risnudlar okokta,"Kalium, K",Ris risnudlar,30.0,mg
4447,Nudlar risnudlar okokta,"Jod, I",Ris risnudlar,3.0,µg
4447,Nudlar risnudlar okokta,Fullkorn totalt,Ris risnudlar,0.0,g
4447,Nudlar risnudlar okokta,"Folat, totalt",Ris risnudlar,3.0,µg
4447,Nudlar risnudlar okokta,Fibrer,Ris risnudlar,1.6,g
4447,Nudlar risnudlar okokta,"Fett, totalt",Ris risnudlar,0.6,g
4447,Nudlar risnudlar okokta,"Järn, Fe",Ris risnudlar,0.7,mg
4447,Nudlar risnudlar okokta,Energi (kJ),Ris risnudlar,1507.0,kJ
4447,Nudlar risnudlar okokta,Energi (kcal),Ris risnudlar,360.0,kcal
4447,Nudlar risnudlar okokta,Disackarider,Ris risnudlar,0.3,g
4447,Nudlar risnudlar okokta,"Kalcium, Ca",Ris risnudlar,18.0,mg
4447,Nudlar risnudlar okokta,Fettsyra 4:0-10:0,Ris risnudlar,0.0,g
4447,Nudlar risnudlar okokta,DHA (C22:6),Ris risnudlar,0.0,g
4447,Nudlar risnudlar okokta,DPA (C22:5),Ris risnudlar,0.0,g
4447,Nudlar risnudlar okokta,EPA (C20:5),Ris risnudlar,0.0,g
4447,Nudlar risnudlar okokta,Arakidonsyra C20:4,Ris risnudlar,0.0,g
4447,Nudlar risnudlar okokta,Arakidinsyra C20:0,Ris risnudlar,0.0,g
4447,Nudlar risnudlar okokta,Linolensyra C18:3,Ris risnudlar,0.0,g
4447,Nudlar risnudlar okokta,Linolsyra C18:2,Ris risnudlar,0.1,g
4447,Nudlar risnudlar okokta,Oljesyra C18:1,Ris risnudlar,0.2,g
4447,Nudlar risnudlar okokta,Stearinsyra C18:0,Ris risnudlar,0.0,g
4447,Nudlar risnudlar okokta,Palmitoljesyra C16:1,Ris risnudlar,0.0,g
4447,Nudlar risnudlar okokta,Palmitinsyra C16:0,Ris risnudlar,0.1,g
4447,Nudlar risnudlar okokta,Myristinsyra C14:0,Ris risnudlar,0.0,g
4447,Nudlar risnudlar okokta,Laurinsyra C12:0,Ris risnudlar,0.0,g
4447,Nudlar risnudlar okokta,Betakaroten/β-Karoten,Ris risnudlar,0.0,µg
4447,Nudlar risnudlar okokta,Avfall (skal etc.),Ris risnudlar,0.0,%
4447,Nudlar risnudlar okokta,Aska,Ris risnudlar,0.8,g
4447,Nudlar risnudlar okokta,Alkohol,Ris risnudlar,0.0,g
4448,Nudlar risnudlar kokta,"Zink, Zn",Ris risnudlar,0.2,mg
4448,Nudlar risnudlar kokta,Vitamin E,Ris risnudlar,0.0,mg
4448,Nudlar risnudlar kokta,Vitamin D inkl 25-OH-D3,Ris risnudlar,0.0,µg
4448,Nudlar risnudlar kokta,Vitamin D,Ris risnudlar,0.0,µg
4448,Nudlar risnudlar kokta,Vitamin C,Ris risnudlar,0.0,mg
4448,Nudlar risnudlar kokta,Vitamin B6,Ris risnudlar,0.01,mg
4448,Nudlar risnudlar kokta,Vitamin B12,Ris risnudlar,0.0,µg
4448,Nudlar risnudlar kokta,Vitamin A,Ris risnudlar,0.0,RE/µg
4448,Nudlar risnudlar kokta,Vatten,Ris risnudlar,73.8,g
4448,Nudlar risnudlar kokta,Tiamin,Ris risnudlar,0.02,mg
4448,Nudlar risnudlar kokta,Tillsatt socker,Ris risnudlar,0.0,g
4448,Nudlar risnudlar kokta,Fritt socker,Ris risnudlar,0.0,g
4448,Nudlar risnudlar kokta,"Selen, Se",Ris risnudlar,4.5,µg
4448,Nudlar risnudlar kokta,Sackaros,Ris risnudlar,0.1,g
4448,Nudlar risnudlar kokta,Riboflavin,Ris risnudlar,0.0,mg
4448,Nudlar risnudlar kokta,Retinol,Ris risnudlar,0.0,µg
4448,Nudlar risnudlar kokta,Protein,Ris risnudlar,0.9,g
4448,Nudlar risnudlar kokta,Summa fleromättade fettsyror,Ris risnudlar,0.0,g
4448,Nudlar risnudlar kokta,"Fosfor, P",Ris risnudlar,20.0,mg
4448,Nudlar risnudlar kokta,Niacinekvivalenter,Ris risnudlar,0.22,NE/mg
4448,Nudlar risnudlar kokta,Niacin,Ris risnudlar,0.07,mg
4448,Nudlar risnudlar kokta,"Salt, NaCl",Ris risnudlar,0.0,g
4448,Nudlar risnudlar kokta,"Natrium, Na",Ris risnudlar,19.0,mg
4448,Nudlar risnudlar kokta,Monosackarider,Ris risnudlar,0.0,g
4448,Nudlar risnudlar kokta,"Sockerarter, totalt",Ris risnudlar,0.1,g
4448,Nudlar risnudlar kokta,Summa enkelomättade fettsyror,Ris risnudlar,0.0,g
4448,Nudlar risnudlar kokta,"Magnesium, Mg",Ris risnudlar,3.0,mg
4448,Nudlar risnudlar kokta,Summa mättade fettsyror,Ris risnudlar,0.0,g
4448,Nudlar risnudlar kokta,"Kolhydrater, tillgängliga",Ris risnudlar,24.9,g
4448,Nudlar risnudlar kokta,Kolesterol,Ris risnudlar,0.0,mg
4448,Nudlar risnudlar kokta,"Kalium, K",Ris risnudlar,4.0,mg
4448,Nudlar risnudlar kokta,"Jod, I",Ris risnudlar,2.0,µg
4448,Nudlar risnudlar kokta,Fullkorn totalt,Ris risnudlar,0.0,g
4448,Nudlar risnudlar kokta,"Folat, totalt",Ris risnudlar,3.0,µg
4448,Nudlar risnudlar kokta,Fibrer,Ris risnudlar,1.0,g
4448,Nudlar risnudlar kokta,"Fett, totalt",Ris risnudlar,0.2,g
4448,Nudlar risnudlar kokta,"Järn, Fe",Ris risnudlar,0.1,mg
4448,Nudlar risnudlar kokta,Energi (kJ),Ris risnudlar,454.0,kJ
4448,Nudlar risnudlar kokta,Energi (kcal),Ris risnudlar,108.0,kcal
4448,Nudlar risnudlar kokta,Disackarider,Ris risnudlar,0.1,g
4448,Nudlar risnudlar kokta,"Kalcium, Ca",Ris risnudlar,4.0,mg
4448,Nudlar risnudlar kokta,Fettsyra 4:0-10:0,Ris risnudlar,0.0,g
4448,Nudlar risnudlar kokta,DHA (C22:6),Ris risnudlar,0.0,g
4448,Nudlar risnudlar kokta,DPA (C22:5),Ris risnudlar,0.0,g
4448,Nudlar risnudlar kokta,EPA (C20:5),Ris risnudlar,0.0,g
4448,Nudlar risnudlar kokta,Arakidonsyra C20:4,Ris risnudlar,0.0,g
4448,Nudlar risnudlar kokta,Arakidinsyra C20:0,Ris risnudlar,0.0,g
4448,Nudlar risnudlar kokta,Linolensyra C18:3,Ris risnudlar,0.0,g
4448,Nudlar risnudlar kokta,Linolsyra C18:2,Ris risnudlar,0.0,g
4448,Nudlar risnudlar kokta,Oljesyra C18:1,Ris risnudlar,0.0,g
4448,Nudlar risnudlar kokta,Stearinsyra C18:0,Ris risnudlar,0.0,g
4448,Nudlar risnudlar kokta,Palmitoljesyra C16:1,Ris risnudlar,0.0,g
4448,Nudlar risnudlar kokta,Palmitinsyra C16:0,Ris risnudlar,0.0,g
4448,Nudlar risnudlar kokta,Myristinsyra C14:0,Ris risnudlar,0.0,g
4448,Nudlar risnudlar kokta,Laurinsyra C12:0,Ris risnudlar,0.0,g
4448,Nudlar risnudlar kokta,Betakaroten/β-Karoten,Ris risnudlar,0.0,µg
4448,Nudlar risnudlar kokta,Avfall (skal etc.),Ris risnudlar,0.0,%
4448,Nudlar risnudlar kokta,Aska,Ris risnudlar,0.2,g
4448,Nudlar risnudlar kokta,Alkohol,Ris risnudlar,0.0,g
4456,Havtorn,"Zink, Zn",Bär färska frysta,0.1,mg
4456,Havtorn,Vitamin E,Bär färska frysta,3.0,mg
4456,Havtorn,Vitamin D inkl 25-OH-D3,Bär färska frysta,0.0,µg
4456,Havtorn,Vitamin D,Bär färska frysta,0.0,µg
4456,Havtorn,Vitamin C,Bär färska frysta,140.0,mg
4456,Havtorn,Vitamin B6,Bär färska frysta,0.13,mg
4456,Havtorn,Vitamin B12,Bär färska frysta,0.0,µg
4456,Havtorn,Vitamin A,Bär färska frysta,106.7,RE/µg
4456,Havtorn,Vatten,Bär färska frysta,85.5,g
4456,Havtorn,Tiamin,Bär färska frysta,0.18,mg
4456,Havtorn,Tillsatt socker,Bär färska frysta,0.0,g
4456,Havtorn,Fritt socker,Bär färska frysta,0.0,g
4456,Havtorn,"Selen, Se",Bär färska frysta,10.0,µg
4456,Havtorn,Sackaros,Bär färska frysta,0.0,g
4456,Havtorn,Riboflavin,Bär färska frysta,0.07,mg
4456,Havtorn,Retinol,Bär färska frysta,0.0,µg
4456,Havtorn,Protein,Bär färska frysta,1.5,g
4456,Havtorn,Summa fleromättade fettsyror,Bär färska frysta,0.9,g
4456,Havtorn,"Fosfor, P",Bär färska frysta,20.0,mg
4456,Havtorn,Niacinekvivalenter,Bär färska frysta,0.5,NE/mg
4456,Havtorn,Niacin,Bär färska frysta,0.26,mg
4456,Havtorn,"Salt, NaCl",Bär färska frysta,0.0,g
4456,Havtorn,"Natrium, Na",Bär färska frysta,2.0,mg
4456,Havtorn,Monosackarider,Bär färska frysta,2.0,g
4456,Havtorn,"Sockerarter, totalt",Bär färska frysta,2.0,g
4456,Havtorn,Summa enkelomättade fettsyror,Bär färska frysta,2.0,g
4456,Havtorn,"Magnesium, Mg",Bär färska frysta,5.0,mg
4456,Havtorn,Summa mättade fettsyror,Bär färska frysta,1.1,g
4456,Havtorn,"Kolhydrater, tillgängliga",Bär färska frysta,5.7,g
4456,Havtorn,Kolesterol,Bär färska frysta,0.0,mg
4456,Havtorn,"Kalium, K",Bär färska frysta,160.0,mg
4456,Havtorn,"Jod, I",Bär färska frysta,0.0,µg
4456,Havtorn,Fullkorn totalt,Bär färska frysta,0.0,g
4456,Havtorn,"Folat, totalt",Bär färska frysta,10.0,µg
4456,Havtorn,Fibrer,Bär färska frysta,3.6,g
4456,Havtorn,"Fett, totalt",Bär färska frysta,3.2,g
4456,Havtorn,"Järn, Fe",Bär färska frysta,0.1,mg
4456,Havtorn,Energi (kJ),Bär färska frysta,270.0,kJ
4456,Havtorn,Energi (kcal),Bär färska frysta,65.0,kcal
4456,Havtorn,Disackarider,Bär färska frysta,0.0,g
4456,Havtorn,"Kalcium, Ca",Bär färska frysta,5.0,mg
4456,Havtorn,Fettsyra 4:0-10:0,Bär färska frysta,0.0,g
4456,Havtorn,DHA (C22:6),Bär färska frysta,0.0,g
4456,Havtorn,DPA (C22:5),Bär färska frysta,0.0,g
4456,Havtorn,EPA (C20:5),Bär färska frysta,0.0,g
4456,Havtorn,Arakidonsyra C20:4,Bär färska frysta,0.0,g
4456,Havtorn,Arakidinsyra C20:0,Bär färska frysta,0.0,g
4456,Havtorn,Linolensyra C18:3,Bär färska frysta,0.3,g
4456,Havtorn,Linolsyra C18:2,Bär färska frysta,0.6,g
4456,Havtorn,Oljesyra C18:1,Bär färska frysta,1.0,g
4456,Havtorn,Stearinsyra C18:0,Bär färska frysta,0.1,g
4456,Havtorn,Palmitoljesyra C16:1,Bär färska frysta,1.0,g
4456,Havtorn,Palmitinsyra C16:0,Bär färska frysta,1.0,g
4456,Havtorn,Myristinsyra C14:0,Bär färska frysta,0.0,g
4456,Havtorn,Laurinsyra C12:0,Bär färska frysta,0.0,g
4456,Havtorn,Betakaroten/β-Karoten,Bär färska frysta,860.0,µg
4456,Havtorn,Avfall (skal etc.),Bär färska frysta,0.0,%
4456,Havtorn,Aska,Bär färska frysta,0.5,g
4456,Havtorn,Alkohol,Bär färska frysta,0.0,g
4457,Potatis rå,"Zink, Zn",Potatis,0.2,mg
4457,Potatis rå,Vitamin E,Potatis,0.1,mg
4457,Potatis rå,Vitamin D inkl 25-OH-D3,Potatis,0.0,µg
4457,Potatis rå,Vitamin D,Potatis,0.0,µg
4457,Potatis rå,Vitamin C,Potatis,23.6,mg
4457,Potatis rå,Vitamin B6,Potatis,0.21,mg
4457,Potatis rå,Vitamin B12,Potatis,0.0,µg
4457,Potatis rå,Vitamin A,Potatis,0.6,RE/µg
4457,Potatis rå,Vatten,Potatis,78.8,g
4457,Potatis rå,Tiamin,Potatis,0.06,mg
4457,Potatis rå,Tillsatt socker,Potatis,0.0,g
4457,Potatis rå,Fritt socker,Potatis,0.0,g
4457,Potatis rå,"Selen, Se",Potatis,0.0,µg
4457,Potatis rå,Sackaros,Potatis,0.3,g
4457,Potatis rå,Riboflavin,Potatis,0.03,mg
4457,Potatis rå,Retinol,Potatis,0.0,µg
4457,Potatis rå,Protein,Potatis,1.7,g
4457,Potatis rå,Summa fleromättade fettsyror,Potatis,0.0,g
4457,Potatis rå,"Fosfor, P",Potatis,43.0,mg
4457,Potatis rå,Niacinekvivalenter,Potatis,2.3,NE/mg
4457,Potatis rå,Niacin,Potatis,2.01,mg
4457,Potatis rå,"Salt, NaCl",Potatis,0.0,g
4457,Potatis rå,"Natrium, Na",Potatis,3.0,mg
4457,Potatis rå,Monosackarider,Potatis,0.5,g
4457,Potatis rå,"Sockerarter, totalt",Potatis,0.8,g
4457,Potatis rå,Summa enkelomättade fettsyror,Potatis,0.0,g
4457,Potatis rå,"Magnesium, Mg",Potatis,22.0,mg
4457,Potatis rå,Summa mättade fettsyror,Potatis,0.0,g
4457,Potatis rå,"Kolhydrater, tillgängliga",Potatis,16.4,g
4457,Potatis rå,Kolesterol,Potatis,0.0,mg
4457,Potatis rå,"Kalium, K",Potatis,379.0,mg
4457,Potatis rå,"Jod, I",Potatis,0.2,µg
4457,Potatis rå,Fullkorn totalt,Potatis,0.0,g
4457,Potatis rå,"Folat, totalt",Potatis,19.1,µg
4457,Potatis rå,Fibrer,Potatis,2.1,g
4457,Potatis rå,"Fett, totalt",Potatis,0.1,g
4457,Potatis rå,"Järn, Fe",Potatis,0.4,mg
4457,Potatis rå,Energi (kJ),Potatis,329.0,kJ
4457,Potatis rå,Energi (kcal),Potatis,79.0,kcal
4457,Potatis rå,Disackarider,Potatis,0.3,g
4457,Potatis rå,"Kalcium, Ca",Potatis,4.0,mg
4457,Potatis rå,Fettsyra 4:0-10:0,Potatis,0.0,g
4457,Potatis rå,DHA (C22:6),Potatis,0.0,g
4457,Potatis rå,DPA (C22:5),Potatis,0.0,g
4457,Potatis rå,EPA (C20:5),Potatis,0.0,g
4457,Potatis rå,Arakidonsyra C20:4,Potatis,0.0,g
4457,Potatis rå,Arakidinsyra C20:0,Potatis,0.0,g
4457,Potatis rå,Linolensyra C18:3,Potatis,0.0,g
4457,Potatis rå,Linolsyra C18:2,Potatis,0.0,g
4457,Potatis rå,Oljesyra C18:1,Potatis,0.0,g
4457,Potatis rå,Stearinsyra C18:0,Potatis,0.0,g
4457,Potatis rå,Palmitoljesyra C16:1,Potatis,0.0,g
4457,Potatis rå,Palmitinsyra C16:0,Potatis,0.0,g
4457,Potatis rå,Myristinsyra C14:0,Potatis,0.0,g
4457,Potatis rå,Laurinsyra C12:0,Potatis,0.0,g
4457,Potatis rå,Betakaroten/β-Karoten,Potatis,8.0,µg
4457,Potatis rå,Avfall (skal etc.),Potatis,20.0,%
4457,Potatis rå,Aska,Potatis,0.9,g
4457,Potatis rå,Alkohol,Potatis,0.0,g
4458,Potatis kokt m. salt,"Zink, Zn",Potatis,0.2,mg
4458,Potatis kokt m. salt,Vitamin E,Potatis,0.1,mg
4458,Potatis kokt m. salt,Vitamin D inkl 25-OH-D3,Potatis,0.0,µg
4458,Potatis kokt m. salt,Vitamin D,Potatis,0.0,µg
4458,Potatis kokt m. salt,Vitamin C,Potatis,17.4,mg
4458,Potatis kokt m. salt,Vitamin B6,Potatis,0.19,mg
4458,Potatis kokt m. salt,Vitamin B12,Potatis,0.0,µg
4458,Potatis kokt m. salt,Vitamin A,Potatis,0.6,RE/µg
4458,Potatis kokt m. salt,Vatten,Potatis,77.6,g
4458,Potatis kokt m. salt,Tiamin,Potatis,0.05,mg
4458,Potatis kokt m. salt,Tillsatt socker,Potatis,0.0,g
4458,Potatis kokt m. salt,Fritt socker,Potatis,0.0,g
4458,Potatis kokt m. salt,"Selen, Se",Potatis,0.0,µg
4458,Potatis kokt m. salt,Sackaros,Potatis,0.3,g
4458,Potatis kokt m. salt,Riboflavin,Potatis,0.03,mg
4458,Potatis kokt m. salt,Retinol,Potatis,0.0,µg
4458,Potatis kokt m. salt,Protein,Potatis,1.8,g
4458,Potatis kokt m. salt,Summa fleromättade fettsyror,Potatis,0.0,g
4458,Potatis kokt m. salt,"Fosfor, P",Potatis,42.0,mg
4458,Potatis kokt m. salt,Niacinekvivalenter,Potatis,2.1,NE/mg
4458,Potatis kokt m. salt,Niacin,Potatis,1.77,mg
4458,Potatis kokt m. salt,"Salt, NaCl",Potatis,0.2,g
4458,Potatis kokt m. salt,"Natrium, Na",Potatis,80.0,mg
4458,Potatis kokt m. salt,Monosackarider,Potatis,0.5,g
4458,Potatis kokt m. salt,"Sockerarter, totalt",Potatis,0.8,g
4458,Potatis kokt m. salt,Summa enkelomättade fettsyror,Potatis,0.0,g
4458,Potatis kokt m. salt,"Magnesium, Mg",Potatis,19.0,mg
4458,Potatis kokt m. salt,Summa mättade fettsyror,Potatis,0.0,g
4458,Potatis kokt m. salt,"Kolhydrater, tillgängliga",Potatis,17.5,g
4458,Potatis kokt m. salt,Kolesterol,Potatis,0.0,mg
4458,Potatis kokt m. salt,"Kalium, K",Potatis,322.0,mg
4458,Potatis kokt m. salt,"Jod, I",Potatis,7.4,µg
4458,Potatis kokt m. salt,Fullkorn totalt,Potatis,0.0,g
4458,Potatis kokt m. salt,"Folat, totalt",Potatis,20.1,µg
4458,Potatis kokt m. salt,Fibrer,Potatis,2.1,g
4458,Potatis kokt m. salt,"Fett, totalt",Potatis,0.1,g
4458,Potatis kokt m. salt,"Järn, Fe",Potatis,0.4,mg
4458,Potatis kokt m. salt,Energi (kJ),Potatis,349.0,kJ
4458,Potatis kokt m. salt,Energi (kcal),Potatis,83.0,kcal
4458,Potatis kokt m. salt,Disackarider,Potatis,0.3,g
4458,Potatis kokt m. salt,"Kalcium, Ca",Potatis,4.0,mg
4458,Potatis kokt m. salt,Fettsyra 4:0-10:0,Potatis,0.0,g
4458,Potatis kokt m. salt,DHA (C22:6),Potatis,0.0,g
4458,Potatis kokt m. salt,DPA (C22:5),Potatis,0.0,g
4458,Potatis kokt m. salt,EPA (C20:5),Potatis,0.0,g
4458,Potatis kokt m. salt,Arakidonsyra C20:4,Potatis,0.0,g
4458,Potatis kokt m. salt,Arakidinsyra C20:0,Potatis,0.0,g
4458,Potatis kokt m. salt,Linolensyra C18:3,Potatis,0.0,g
4458,Potatis kokt m. salt,Linolsyra C18:2,Potatis,0.0,g
4458,Potatis kokt m. salt,Oljesyra C18:1,Potatis,0.0,g
4458,Potatis kokt m. salt,Stearinsyra C18:0,Potatis,0.0,g
4458,Potatis kokt m. salt,Palmitoljesyra C16:1,Potatis,0.0,g
4458,Potatis kokt m. salt,Palmitinsyra C16:0,Potatis,0.0,g
4458,Potatis kokt m. salt,Myristinsyra C14:0,Potatis,0.0,g
4458,Potatis kokt m. salt,Laurinsyra C12:0,Potatis,0.0,g
4458,Potatis kokt m. salt,Betakaroten/β-Karoten,Potatis,8.0,µg
4458,Potatis kokt m. salt,Avfall (skal etc.),Potatis,0.0,%
4458,Potatis kokt m. salt,Aska,Potatis,0.9,g
4458,Potatis kokt m. salt,Alkohol,Potatis,0.0,g
4504,Grönkålssallad,"Zink, Zn",Grönsaks- rotfrukts- baljväxträtter o produkter,0.3,mg
4504,Grönkålssallad,Vitamin E,Grönsaks- rotfrukts- baljväxträtter o produkter,2.0,mg
4504,Grönkålssallad,Vitamin D inkl 25-OH-D3,Grönsaks- rotfrukts- baljväxträtter o produkter,0.0,µg
4504,Grönkålssallad,Vitamin D,Grönsaks- rotfrukts- baljväxträtter o produkter,0.0,µg
4504,Grönkålssallad,Vitamin C,Grönsaks- rotfrukts- baljväxträtter o produkter,42.8,mg
4504,Grönkålssallad,Vitamin B6,Grönsaks- rotfrukts- baljväxträtter o produkter,0.12,mg
4504,Grönkålssallad,Vitamin B12,Grönsaks- rotfrukts- baljväxträtter o produkter,0.0,µg
4504,Grönkålssallad,Vitamin A,Grönsaks- rotfrukts- baljväxträtter o produkter,97.3,RE/µg
4504,Grönkålssallad,Vatten,Grönsaks- rotfrukts- baljväxträtter o produkter,74.6,g
4504,Grönkålssallad,Tiamin,Grönsaks- rotfrukts- baljväxträtter o produkter,0.08,mg
4504,Grönkålssallad,Tillsatt socker,Grönsaks- rotfrukts- baljväxträtter o produkter,0.0,g
4504,Grönkålssallad,Fritt socker,Grönsaks- rotfrukts- baljväxträtter o produkter,3.0,g
4504,Grönkålssallad,"Selen, Se",Grönsaks- rotfrukts- baljväxträtter o produkter,0.0,µg
4504,Grönkålssallad,Sackaros,Grönsaks- rotfrukts- baljväxträtter o produkter,2.0,g
4504,Grönkålssallad,Riboflavin,Grönsaks- rotfrukts- baljväxträtter o produkter,0.06,mg
4504,Grönkålssallad,Retinol,Grönsaks- rotfrukts- baljväxträtter o produkter,0.0,µg
4504,Grönkålssallad,Protein,Grönsaks- rotfrukts- baljväxträtter o produkter,1.9,g
4504,Grönkålssallad,Summa fleromättade fettsyror,Grönsaks- rotfrukts- baljväxträtter o produkter,1.8,g
4504,Grönkålssallad,"Fosfor, P",Grönsaks- rotfrukts- baljväxträtter o produkter,46.0,mg
4504,Grönkålssallad,Niacinekvivalenter,Grönsaks- rotfrukts- baljväxträtter o produkter,1.23,NE/mg
4504,Grönkålssallad,Niacin,Grönsaks- rotfrukts- baljväxträtter o produkter,0.89,mg
4504,Grönkålssallad,"Salt, NaCl",Grönsaks- rotfrukts- baljväxträtter o produkter,0.8,g
4504,Grönkålssallad,"Natrium, Na",Grönsaks- rotfrukts- baljväxträtter o produkter,310.0,mg
4504,Grönkålssallad,Monosackarider,Grönsaks- rotfrukts- baljväxträtter o produkter,7.4,g
4504,Grönkålssallad,"Sockerarter, totalt",Grönsaks- rotfrukts- baljväxträtter o produkter,9.5,g
4504,Grönkålssallad,Summa enkelomättade fettsyror,Grönsaks- rotfrukts- baljväxträtter o produkter,4.4,g
4504,Grönkålssallad,"Magnesium, Mg",Grönsaks- rotfrukts- baljväxträtter o produkter,17.0,mg
4504,Grönkålssallad,Summa mättade fettsyror,Grönsaks- rotfrukts- baljväxträtter o produkter,1.0,g
4504,Grönkålssallad,"Kolhydrater, tillgängliga",Grönsaks- rotfrukts- baljväxträtter o produkter,11.4,g
4504,Grönkålssallad,Kolesterol,Grönsaks- rotfrukts- baljväxträtter o produkter,0.0,mg
4504,Grönkålssallad,"Kalium, K",Grönsaks- rotfrukts- baljväxträtter o produkter,230.0,mg
4504,Grönkålssallad,"Jod, I",Grönsaks- rotfrukts- baljväxträtter o produkter,42.3,µg
4504,Grönkålssallad,Fullkorn totalt,Grönsaks- rotfrukts- baljväxträtter o produkter,0.0,g
4504,Grönkålssallad,"Folat, totalt",Grönsaks- rotfrukts- baljväxträtter o produkter,52.9,µg
4504,Grönkålssallad,Fibrer,Grönsaks- rotfrukts- baljväxträtter o produkter,2.5,g
4504,Grönkålssallad,"Fett, totalt",Grönsaks- rotfrukts- baljväxträtter o produkter,7.9,g
4504,Grönkålssallad,"Järn, Fe",Grönsaks- rotfrukts- baljväxträtter o produkter,0.5,mg
4504,Grönkålssallad,Energi (kJ),Grönsaks- rotfrukts- baljväxträtter o produkter,538.0,kJ
4504,Grönkålssallad,Energi (kcal),Grönsaks- rotfrukts- baljväxträtter o produkter,129.0,kcal
4504,Grönkålssallad,Disackarider,Grönsaks- rotfrukts- baljväxträtter o produkter,2.0,g
4504,Grönkålssallad,"Kalcium, Ca",Grönsaks- rotfrukts- baljväxträtter o produkter,58.0,mg
4504,Grönkålssallad,Fettsyra 4:0-10:0,Grönsaks- rotfrukts- baljväxträtter o produkter,0.0,g
4504,Grönkålssallad,DHA (C22:6),Grönsaks- rotfrukts- baljväxträtter o produkter,0.0,g
4504,Grönkålssallad,DPA (C22:5),Grönsaks- rotfrukts- baljväxträtter o produkter,0.0,g
4504,Grönkålssallad,EPA (C20:5),Grönsaks- rotfrukts- baljväxträtter o produkter,0.0,g
4504,Grönkålssallad,Arakidonsyra C20:4,Grönsaks- rotfrukts- baljväxträtter o produkter,0.0,g
4504,Grönkålssallad,Arakidinsyra C20:0,Grönsaks- rotfrukts- baljväxträtter o produkter,0.0,g
4504,Grönkålssallad,Linolensyra C18:3,Grönsaks- rotfrukts- baljväxträtter o produkter,0.3,g
4504,Grönkålssallad,Linolsyra C18:2,Grönsaks- rotfrukts- baljväxträtter o produkter,1.6,g
4504,Grönkålssallad,Oljesyra C18:1,Grönsaks- rotfrukts- baljväxträtter o produkter,4.3,g
4504,Grönkålssallad,Stearinsyra C18:0,Grönsaks- rotfrukts- baljväxträtter o produkter,0.2,g
4504,Grönkålssallad,Palmitoljesyra C16:1,Grönsaks- rotfrukts- baljväxträtter o produkter,0.1,g
4504,Grönkålssallad,Palmitinsyra C16:0,Grönsaks- rotfrukts- baljväxträtter o produkter,0.8,g
4504,Grönkålssallad,Myristinsyra C14:0,Grönsaks- rotfrukts- baljväxträtter o produkter,0.0,g
4504,Grönkålssallad,Laurinsyra C12:0,Grönsaks- rotfrukts- baljväxträtter o produkter,0.0,g
4504,Grönkålssallad,Betakaroten/β-Karoten,Grönsaks- rotfrukts- baljväxträtter o produkter,1156.0,µg
4504,Grönkålssallad,Avfall (skal etc.),Grönsaks- rotfrukts- baljväxträtter o produkter,22.0,%
4504,Grönkålssallad,Aska,Grönsaks- rotfrukts- baljväxträtter o produkter,1.7,g
4504,Grönkålssallad,Alkohol,Grönsaks- rotfrukts- baljväxträtter o produkter,0.0,g
4505,Kålrotslåda,"Zink, Zn",Grönsaks- rotfrukts- baljväxträtter o produkter,0.2,mg
4505,Kålrotslåda,Vitamin E,Grönsaks- rotfrukts- baljväxträtter o produkter,0.3,mg
4505,Kålrotslåda,Vitamin D,Grönsaks- rotfrukts- baljväxträtter o produkter,0.03,µg
4505,Kålrotslåda,Vitamin C,Grönsaks- rotfrukts- baljväxträtter o produkter,25.4,mg
4505,Kålrotslåda,Vitamin B6,Grönsaks- rotfrukts- baljväxträtter o produkter,0.13,mg
4505,Kålrotslåda,Vitamin B12,Grönsaks- rotfrukts- baljväxträtter o produkter,0.09,µg
4505,Kålrotslåda,Vitamin A,Grönsaks- rotfrukts- baljväxträtter o produkter,75.0,RE/µg
4505,Kålrotslåda,Vatten,Grönsaks- rotfrukts- baljväxträtter o produkter,78.6,g
4505,Kålrotslåda,Tiamin,Grönsaks- rotfrukts- baljväxträtter o produkter,0.04,mg
4505,Kålrotslåda,Tillsatt socker,Grönsaks- rotfrukts- baljväxträtter o produkter,3.0,g
4505,Kålrotslåda,Fritt socker,Grönsaks- rotfrukts- baljväxträtter o produkter,3.0,g
4505,Kålrotslåda,"Selen, Se",Grönsaks- rotfrukts- baljväxträtter o produkter,0.8,µg
4505,Kålrotslåda,Sackaros,Grönsaks- rotfrukts- baljväxträtter o produkter,1.3,g
4505,Kålrotslåda,Riboflavin,Grönsaks- rotfrukts- baljväxträtter o produkter,0.05,mg
4505,Kålrotslåda,Retinol,Grönsaks- rotfrukts- baljväxträtter o produkter,52.3,µg
4505,Kålrotslåda,Protein,Grönsaks- rotfrukts- baljväxträtter o produkter,1.9,g
4505,Kålrotslåda,Summa fleromättade fettsyror,Grönsaks- rotfrukts- baljväxträtter o produkter,0.2,g
4505,Kålrotslåda,"Fosfor, P",Grönsaks- rotfrukts- baljväxträtter o produkter,45.0,mg
4505,Kålrotslåda,Niacinekvivalenter,Grönsaks- rotfrukts- baljväxträtter o produkter,1.44,NE/mg
4505,Kålrotslåda,Niacin,Grönsaks- rotfrukts- baljväxträtter o produkter,1.11,mg
4505,Kålrotslåda,"Salt, NaCl",Grönsaks- rotfrukts- baljväxträtter o produkter,0.7,g
4505,Kålrotslåda,"Natrium, Na",Grönsaks- rotfrukts- baljväxträtter o produkter,287.0,mg
4505,Kålrotslåda,Monosackarider,Grönsaks- rotfrukts- baljväxträtter o produkter,5.2,g
4505,Kålrotslåda,"Sockerarter, totalt",Grönsaks- rotfrukts- baljväxträtter o produkter,7.1,g
4505,Kålrotslåda,Summa enkelomättade fettsyror,Grönsaks- rotfrukts- baljväxträtter o produkter,1.6,g
4505,Kålrotslåda,"Magnesium, Mg",Grönsaks- rotfrukts- baljväxträtter o produkter,11.0,mg
4505,Kålrotslåda,Summa mättade fettsyror,Grönsaks- rotfrukts- baljväxträtter o produkter,3.8,g
4505,Kålrotslåda,"Kolhydrater, tillgängliga",Grönsaks- rotfrukts- baljväxträtter o produkter,9.0,g
4505,Kålrotslåda,Kolesterol,Grönsaks- rotfrukts- baljväxträtter o produkter,24.2,mg
4505,Kålrotslåda,"Kalium, K",Grönsaks- rotfrukts- baljväxträtter o produkter,148.0,mg
4505,Kålrotslåda,"Jod, I",Grönsaks- rotfrukts- baljväxträtter o produkter,32.4,µg
4505,Kålrotslåda,Fullkorn totalt,Grönsaks- rotfrukts- baljväxträtter o produkter,0.0,g
4505,Kålrotslåda,"Folat, totalt",Grönsaks- rotfrukts- baljväxträtter o produkter,30.8,µg
4505,Kålrotslåda,Fibrer,Grönsaks- rotfrukts- baljväxträtter o produkter,3.1,g
4505,Kålrotslåda,"Fett, totalt",Grönsaks- rotfrukts- baljväxträtter o produkter,6.2,g
4505,Kålrotslåda,"Järn, Fe",Grönsaks- rotfrukts- baljväxträtter o produkter,0.3,mg
4505,Kålrotslåda,Energi (kJ),Grönsaks- rotfrukts- baljväxträtter o produkter,439.0,kJ
4505,Kålrotslåda,Energi (kcal),Grönsaks- rotfrukts- baljväxträtter o produkter,105.0,kcal
4505,Kålrotslåda,Disackarider,Grönsaks- rotfrukts- baljväxträtter o produkter,1.9,g
4505,Kålrotslåda,"Kalcium, Ca",Grönsaks- rotfrukts- baljväxträtter o produkter,52.0,mg
4505,Kålrotslåda,Fettsyra 4:0-10:0,Grönsaks- rotfrukts- baljväxträtter o produkter,0.5,g
4505,Kålrotslåda,DHA (C22:6),Grönsaks- rotfrukts- baljväxträtter o produkter,0.0,g
4505,Kålrotslåda,DPA (C22:5),Grönsaks- rotfrukts- baljväxträtter o produkter,0.0,g
4505,Kålrotslåda,EPA (C20:5),Grönsaks- rotfrukts- baljväxträtter o produkter,0.0,g
4505,Kålrotslåda,Arakidonsyra C20:4,Grönsaks- rotfrukts- baljväxträtter o produkter,0.0,g
4505,Kålrotslåda,Arakidinsyra C20:0,Grönsaks- rotfrukts- baljväxträtter o produkter,0.0,g
4505,Kålrotslåda,Linolensyra C18:3,Grönsaks- rotfrukts- baljväxträtter o produkter,0.0,g
4505,Kålrotslåda,Linolsyra C18:2,Grönsaks- rotfrukts- baljväxträtter o produkter,0.2,g
4505,Kålrotslåda,Oljesyra C18:1,Grönsaks- rotfrukts- baljväxträtter o produkter,1.4,g
4505,Kålrotslåda,Stearinsyra C18:0,Grönsaks- rotfrukts- baljväxträtter o produkter,0.6,g
4505,Kålrotslåda,Palmitoljesyra C16:1,Grönsaks- rotfrukts- baljväxträtter o produkter,0.1,g
4505,Kålrotslåda,Palmitinsyra C16:0,Grönsaks- rotfrukts- baljväxträtter o produkter,1.8,g
4505,Kålrotslåda,Myristinsyra C14:0,Grönsaks- rotfrukts- baljväxträtter o produkter,0.6,g
4505,Kålrotslåda,Laurinsyra C12:0,Grönsaks- rotfrukts- baljväxträtter o produkter,0.2,g
4505,Kålrotslåda,Betakaroten/β-Karoten,Grönsaks- rotfrukts- baljväxträtter o produkter,237.0,µg
4505,Kålrotslåda,Avfall (skal etc.),Grönsaks- rotfrukts- baljväxträtter o produkter,0.0,%
4505,Kålrotslåda,Aska,Grönsaks- rotfrukts- baljväxträtter o produkter,1.3,g
4505,Kålrotslåda,Alkohol,Grönsaks- rotfrukts- baljväxträtter o produkter,0.0,g
4511,Potatis färsk kokt m. salt,"Zink, Zn",Potatis,0.2,mg
4511,Potatis färsk kokt m. salt,Vitamin E,Potatis,0.2,mg
4511,Potatis färsk kokt m. salt,Vitamin D inkl 25-OH-D3,Potatis,0.0,µg
4511,Potatis färsk kokt m. salt,Vitamin D,Potatis,0.0,µg
4511,Potatis färsk kokt m. salt,Vitamin C,Potatis,19.0,mg
4511,Potatis färsk kokt m. salt,Vitamin B6,Potatis,0.13,mg
4511,Potatis färsk kokt m. salt,Vitamin B12,Potatis,0.0,µg
4511,Potatis färsk kokt m. salt,Vitamin A,Potatis,2.3,RE/µg
4511,Potatis färsk kokt m. salt,Vatten,Potatis,80.9,g
4511,Potatis färsk kokt m. salt,Tiamin,Potatis,0.03,mg
4511,Potatis färsk kokt m. salt,Tillsatt socker,Potatis,0.0,g
4511,Potatis färsk kokt m. salt,Fritt socker,Potatis,0.0,g
4511,Potatis färsk kokt m. salt,"Selen, Se",Potatis,0.0,µg
4511,Potatis färsk kokt m. salt,Sackaros,Potatis,1.1,g
4511,Potatis färsk kokt m. salt,Riboflavin,Potatis,0.06,mg
4511,Potatis färsk kokt m. salt,Retinol,Potatis,0.0,µg
4511,Potatis färsk kokt m. salt,Protein,Potatis,1.4,g
4511,Potatis färsk kokt m. salt,Summa fleromättade fettsyror,Potatis,0.0,g
4511,Potatis färsk kokt m. salt,"Fosfor, P",Potatis,37.0,mg
4511,Potatis färsk kokt m. salt,Niacinekvivalenter,Potatis,1.3,NE/mg
4511,Potatis färsk kokt m. salt,Niacin,Potatis,1.09,mg
4511,Potatis färsk kokt m. salt,"Salt, NaCl",Potatis,0.1,g
4511,Potatis färsk kokt m. salt,"Natrium, Na",Potatis,43.0,mg
4511,Potatis färsk kokt m. salt,Monosackarider,Potatis,1.9,g
4511,Potatis färsk kokt m. salt,"Sockerarter, totalt",Potatis,3.0,g
4511,Potatis färsk kokt m. salt,Summa enkelomättade fettsyror,Potatis,0.0,g
4511,Potatis färsk kokt m. salt,"Magnesium, Mg",Potatis,19.0,mg
4511,Potatis färsk kokt m. salt,Summa mättade fettsyror,Potatis,0.0,g
4511,Potatis färsk kokt m. salt,"Kolhydrater, tillgängliga",Potatis,14.8,g
4511,Potatis färsk kokt m. salt,Kolesterol,Potatis,0.0,mg
4511,Potatis färsk kokt m. salt,"Kalium, K",Potatis,320.0,mg
4511,Potatis färsk kokt m. salt,"Jod, I",Potatis,2.4,µg
4511,Potatis färsk kokt m. salt,Fullkorn totalt,Potatis,0.0,g
4511,Potatis färsk kokt m. salt,"Folat, totalt",Potatis,32.0,µg
4511,Potatis färsk kokt m. salt,Fibrer,Potatis,2.0,g
4511,Potatis färsk kokt m. salt,"Fett, totalt",Potatis,0.1,g
4511,Potatis färsk kokt m. salt,"Järn, Fe",Potatis,0.6,mg
4511,Potatis färsk kokt m. salt,Energi (kJ),Potatis,296.0,kJ
4511,Potatis färsk kokt m. salt,Energi (kcal),Potatis,71.0,kcal
4511,Potatis färsk kokt m. salt,Disackarider,Potatis,1.2,g
4511,Potatis färsk kokt m. salt,"Kalcium, Ca",Potatis,4.0,mg
4511,Potatis färsk kokt m. salt,Fettsyra 4:0-10:0,Potatis,0.0,g
4511,Potatis färsk kokt m. salt,DHA (C22:6),Potatis,0.0,g
4511,Potatis färsk kokt m. salt,DPA (C22:5),Potatis,0.0,g
4511,Potatis färsk kokt m. salt,EPA (C20:5),Potatis,0.0,g
4511,Potatis färsk kokt m. salt,Arakidonsyra C20:4,Potatis,0.0,g
4511,Potatis färsk kokt m. salt,Arakidinsyra C20:0,Potatis,0.0,g
4511,Potatis färsk kokt m. salt,Linolensyra C18:3,Potatis,0.0,g
4511,Potatis färsk kokt m. salt,Linolsyra C18:2,Potatis,0.0,g
4511,Potatis färsk kokt m. salt,Oljesyra C18:1,Potatis,0.0,g
4511,Potatis färsk kokt m. salt,Stearinsyra C18:0,Potatis,0.0,g
4511,Potatis färsk kokt m. salt,Palmitoljesyra C16:1,Potatis,0.0,g
4511,Potatis färsk kokt m. salt,Palmitinsyra C16:0,Potatis,0.0,g
4511,Potatis färsk kokt m. salt,Myristinsyra C14:0,Potatis,0.0,g
4511,Potatis färsk kokt m. salt,Laurinsyra C12:0,Potatis,0.0,g
4511,Potatis färsk kokt m. salt,Betakaroten/β-Karoten,Potatis,27.0,µg
4511,Potatis färsk kokt m. salt,Avfall (skal etc.),Potatis,0.0,%
4511,Potatis färsk kokt m. salt,Aska,Potatis,0.8,g
4511,Potatis färsk kokt m. salt,Alkohol,Potatis,0.0,g
4512,Potatis färsk rå,"Zink, Zn",Potatis,0.2,mg
4512,Potatis färsk rå,Vitamin E,Potatis,0.1,mg
4512,Potatis färsk rå,Vitamin D inkl 25-OH-D3,Potatis,0.0,µg
4512,Potatis färsk rå,Vitamin D,Potatis,0.0,µg
4512,Potatis färsk rå,Vitamin C,Potatis,21.3,mg
4512,Potatis färsk rå,Vitamin B6,Potatis,0.14,mg
4512,Potatis färsk rå,Vitamin B12,Potatis,0.0,µg
4512,Potatis färsk rå,Vitamin A,Potatis,2.2,RE/µg
4512,Potatis färsk rå,Vatten,Potatis,83.9,g
4512,Potatis färsk rå,Tiamin,Potatis,0.04,mg
4512,Potatis färsk rå,Tillsatt socker,Potatis,0.0,g
4512,Potatis färsk rå,Fritt socker,Potatis,0.0,g
4512,Potatis färsk rå,"Selen, Se",Potatis,0.0,µg
4512,Potatis färsk rå,Sackaros,Potatis,0.9,g
4512,Potatis färsk rå,Riboflavin,Potatis,0.07,mg
4512,Potatis färsk rå,Retinol,Potatis,0.0,µg
4512,Potatis färsk rå,Protein,Potatis,1.1,g
4512,Potatis färsk rå,Summa fleromättade fettsyror,Potatis,0.0,g
4512,Potatis färsk rå,"Fosfor, P",Potatis,35.0,mg
4512,Potatis färsk rå,Niacinekvivalenter,Potatis,1.4,NE/mg
4512,Potatis färsk rå,Niacin,Potatis,1.19,mg
4512,Potatis färsk rå,"Salt, NaCl",Potatis,0.0,g
4512,Potatis färsk rå,"Natrium, Na",Potatis,5.0,mg
4512,Potatis färsk rå,Monosackarider,Potatis,1.9,g
4512,Potatis färsk rå,"Sockerarter, totalt",Potatis,2.8,g
4512,Potatis färsk rå,Summa enkelomättade fettsyror,Potatis,0.0,g
4512,Potatis färsk rå,"Magnesium, Mg",Potatis,20.0,mg
4512,Potatis färsk rå,Summa mättade fettsyror,Potatis,0.0,g
4512,Potatis färsk rå,"Kolhydrater, tillgängliga",Potatis,12.5,g
4512,Potatis färsk rå,Kolesterol,Potatis,0.0,mg
4512,Potatis färsk rå,"Kalium, K",Potatis,335.0,mg
4512,Potatis färsk rå,"Jod, I",Potatis,1.3,µg
4512,Potatis färsk rå,Fullkorn totalt,Potatis,0.0,g
4512,Potatis färsk rå,"Folat, totalt",Potatis,29.7,µg
4512,Potatis färsk rå,Fibrer,Potatis,1.6,g
4512,Potatis färsk rå,"Fett, totalt",Potatis,0.1,g
4512,Potatis färsk rå,"Järn, Fe",Potatis,0.6,mg
4512,Potatis färsk rå,Energi (kJ),Potatis,247.0,kJ
4512,Potatis färsk rå,Energi (kcal),Potatis,59.0,kcal
4512,Potatis färsk rå,Disackarider,Potatis,0.9,g
4512,Potatis färsk rå,"Kalcium, Ca",Potatis,5.0,mg
4512,Potatis färsk rå,Fettsyra 4:0-10:0,Potatis,0.0,g
4512,Potatis färsk rå,DHA (C22:6),Potatis,0.0,g
4512,Potatis färsk rå,DPA (C22:5),Potatis,0.0,g
4512,Potatis färsk rå,EPA (C20:5),Potatis,0.0,g
4512,Potatis färsk rå,Arakidonsyra C20:4,Potatis,0.0,g
4512,Potatis färsk rå,Arakidinsyra C20:0,Potatis,0.0,g
4512,Potatis färsk rå,Linolensyra C18:3,Potatis,0.0,g
4512,Potatis färsk rå,Linolsyra C18:2,Potatis,0.0,g
4512,Potatis färsk rå,Oljesyra C18:1,Potatis,0.0,g
4512,Potatis färsk rå,Stearinsyra C18:0,Potatis,0.0,g
4512,Potatis färsk rå,Palmitoljesyra C16:1,Potatis,0.0,g
4512,Potatis färsk rå,Palmitinsyra C16:0,Potatis,0.0,g
4512,Potatis färsk rå,Myristinsyra C14:0,Potatis,0.0,g
4512,Potatis färsk rå,Laurinsyra C12:0,Potatis,0.0,g
4512,Potatis färsk rå,Betakaroten/β-Karoten,Potatis,27.0,µg
4512,Potatis färsk rå,Avfall (skal etc.),Potatis,0.0,%
4512,Potatis färsk rå,Aska,Potatis,0.8,g
4512,Potatis färsk rå,Alkohol,Potatis,0.0,g
4513,Potatis Inova rå,"Zink, Zn",Potatis,0.2,mg
4513,Potatis Inova rå,Vitamin E,Potatis,0.0,mg
4513,Potatis Inova rå,Vitamin D inkl 25-OH-D3,Potatis,0.0,µg
4513,Potatis Inova rå,Vitamin D,Potatis,0.0,µg
4513,Potatis Inova rå,Vitamin C,Potatis,20.3,mg
4513,Potatis Inova rå,Vitamin B6,Potatis,0.22,mg
4513,Potatis Inova rå,Vitamin B12,Potatis,0.0,µg
4513,Potatis Inova rå,Vitamin A,Potatis,0.1,RE/µg
4513,Potatis Inova rå,Vatten,Potatis,82.2,g
4513,Potatis Inova rå,Tiamin,Potatis,0.06,mg
4513,Potatis Inova rå,Tillsatt socker,Potatis,0.0,g
4513,Potatis Inova rå,Fritt socker,Potatis,0.0,g
4513,Potatis Inova rå,"Selen, Se",Potatis,0.0,µg
4513,Potatis Inova rå,Sackaros,Potatis,0.2,g
4513,Potatis Inova rå,Riboflavin,Potatis,0.02,mg
4513,Potatis Inova rå,Retinol,Potatis,0.0,µg
4513,Potatis Inova rå,Protein,Potatis,1.9,g
4513,Potatis Inova rå,Summa fleromättade fettsyror,Potatis,0.0,g
4513,Potatis Inova rå,"Fosfor, P",Potatis,36.0,mg
4513,Potatis Inova rå,Niacinekvivalenter,Potatis,1.5,NE/mg
4513,Potatis Inova rå,Niacin,Potatis,1.22,mg
4513,Potatis Inova rå,"Salt, NaCl",Potatis,0.0,g
4513,Potatis Inova rå,"Natrium, Na",Potatis,2.0,mg
4513,Potatis Inova rå,Monosackarider,Potatis,0.7,g
4513,Potatis Inova rå,"Sockerarter, totalt",Potatis,0.9,g
4513,Potatis Inova rå,Summa enkelomättade fettsyror,Potatis,0.0,g
4513,Potatis Inova rå,"Magnesium, Mg",Potatis,23.0,mg
4513,Potatis Inova rå,Summa mättade fettsyror,Potatis,0.0,g
4513,Potatis Inova rå,"Kolhydrater, tillgängliga",Potatis,13.1,g
4513,Potatis Inova rå,Kolesterol,Potatis,0.0,mg
4513,Potatis Inova rå,"Kalium, K",Potatis,334.0,mg
4513,Potatis Inova rå,"Jod, I",Potatis,0.3,µg
4513,Potatis Inova rå,Fullkorn totalt,Potatis,0.0,g
4513,Potatis Inova rå,"Folat, totalt",Potatis,18.3,µg
4513,Potatis Inova rå,Fibrer,Potatis,1.8,g
4513,Potatis Inova rå,"Fett, totalt",Potatis,0.1,g
4513,Potatis Inova rå,"Järn, Fe",Potatis,0.3,mg
4513,Potatis Inova rå,Energi (kJ),Potatis,274.0,kJ
4513,Potatis Inova rå,Energi (kcal),Potatis,66.0,kcal
4513,Potatis Inova rå,Disackarider,Potatis,0.2,g
4513,Potatis Inova rå,"Kalcium, Ca",Potatis,4.0,mg
4513,Potatis Inova rå,Fettsyra 4:0-10:0,Potatis,0.0,g
4513,Potatis Inova rå,DHA (C22:6),Potatis,0.0,g
4513,Potatis Inova rå,DPA (C22:5),Potatis,0.0,g
4513,Potatis Inova rå,EPA (C20:5),Potatis,0.0,g
4513,Potatis Inova rå,Arakidonsyra C20:4,Potatis,0.0,g
4513,Potatis Inova rå,Arakidinsyra C20:0,Potatis,0.0,g
4513,Potatis Inova rå,Linolensyra C18:3,Potatis,0.0,g
4513,Potatis Inova rå,Linolsyra C18:2,Potatis,0.0,g
4513,Potatis Inova rå,Oljesyra C18:1,Potatis,0.0,g
4513,Potatis Inova rå,Stearinsyra C18:0,Potatis,0.0,g
4513,Potatis Inova rå,Palmitoljesyra C16:1,Potatis,0.0,g
4513,Potatis Inova rå,Palmitinsyra C16:0,Potatis,0.0,g
4513,Potatis Inova rå,Myristinsyra C14:0,Potatis,0.0,g
4513,Potatis Inova rå,Laurinsyra C12:0,Potatis,0.0,g
4513,Potatis Inova rå,Betakaroten/β-Karoten,Potatis,2.0,µg
4513,Potatis Inova rå,Avfall (skal etc.),Potatis,20.0,%
4513,Potatis Inova rå,Aska,Potatis,0.8,g
4513,Potatis Inova rå,Alkohol,Potatis,0.0,g
4514,Potatis King Edward rå,"Zink, Zn",Potatis,0.2,mg
4514,Potatis King Edward rå,Vitamin E,Potatis,0.1,mg
4514,Potatis King Edward rå,Vitamin D inkl 25-OH-D3,Potatis,0.0,µg
4514,Potatis King Edward rå,Vitamin D,Potatis,0.0,µg
4514,Potatis King Edward rå,Vitamin C,Potatis,26.5,mg
4514,Potatis King Edward rå,Vitamin B6,Potatis,0.22,mg
4514,Potatis King Edward rå,Vitamin B12,Potatis,0.0,µg
4514,Potatis King Edward rå,Vitamin A,Potatis,0.5,RE/µg
4514,Potatis King Edward rå,Vatten,Potatis,77.9,g
4514,Potatis King Edward rå,Tiamin,Potatis,0.06,mg
4514,Potatis King Edward rå,Tillsatt socker,Potatis,0.0,g
4514,Potatis King Edward rå,Fritt socker,Potatis,0.0,g
4514,Potatis King Edward rå,"Selen, Se",Potatis,0.0,µg
4514,Potatis King Edward rå,Sackaros,Potatis,0.3,g
4514,Potatis King Edward rå,Riboflavin,Potatis,0.02,mg
4514,Potatis King Edward rå,Retinol,Potatis,0.0,µg
4514,Potatis King Edward rå,Protein,Potatis,1.8,g
4514,Potatis King Edward rå,Summa fleromättade fettsyror,Potatis,0.0,g
4514,Potatis King Edward rå,"Fosfor, P",Potatis,45.0,mg
4514,Potatis King Edward rå,Niacinekvivalenter,Potatis,2.6,NE/mg
4514,Potatis King Edward rå,Niacin,Potatis,2.29,mg
4514,Potatis King Edward rå,"Salt, NaCl",Potatis,0.0,g
4514,Potatis King Edward rå,"Natrium, Na",Potatis,3.0,mg
4514,Potatis King Edward rå,Monosackarider,Potatis,0.3,g
4514,Potatis King Edward rå,"Sockerarter, totalt",Potatis,0.6,g
4514,Potatis King Edward rå,Summa enkelomättade fettsyror,Potatis,0.0,g
4514,Potatis King Edward rå,"Magnesium, Mg",Potatis,20.0,mg
4514,Potatis King Edward rå,Summa mättade fettsyror,Potatis,0.0,g
4514,Potatis King Edward rå,"Kolhydrater, tillgängliga",Potatis,17.7,g
4514,Potatis King Edward rå,Kolesterol,Potatis,0.0,mg
4514,Potatis King Edward rå,"Kalium, K",Potatis,383.0,mg
4514,Potatis King Edward rå,"Jod, I",Potatis,0.1,µg
4514,Potatis King Edward rå,Fullkorn totalt,Potatis,0.0,g
4514,Potatis King Edward rå,"Folat, totalt",Potatis,13.9,µg
4514,Potatis King Edward rå,Fibrer,Potatis,1.6,g
4514,Potatis King Edward rå,"Fett, totalt",Potatis,0.1,g
4514,Potatis King Edward rå,"Järn, Fe",Potatis,0.4,mg
4514,Potatis King Edward rå,Energi (kJ),Potatis,348.0,kJ
4514,Potatis King Edward rå,Energi (kcal),Potatis,83.0,kcal
4514,Potatis King Edward rå,Disackarider,Potatis,0.3,g
4514,Potatis King Edward rå,"Kalcium, Ca",Potatis,4.0,mg
4514,Potatis King Edward rå,Fettsyra 4:0-10:0,Potatis,0.0,g
4514,Potatis King Edward rå,DHA (C22:6),Potatis,0.0,g
4514,Potatis King Edward rå,DPA (C22:5),Potatis,0.0,g
4514,Potatis King Edward rå,EPA (C20:5),Potatis,0.0,g
4514,Potatis King Edward rå,Arakidonsyra C20:4,Potatis,0.0,g
4514,Potatis King Edward rå,Arakidinsyra C20:0,Potatis,0.0,g
4514,Potatis King Edward rå,Linolensyra C18:3,Potatis,0.0,g
4514,Potatis King Edward rå,Linolsyra C18:2,Potatis,0.0,g
4514,Potatis King Edward rå,Oljesyra C18:1,Potatis,0.0,g
4514,Potatis King Edward rå,Stearinsyra C18:0,Potatis,0.0,g
4514,Potatis King Edward rå,Palmitoljesyra C16:1,Potatis,0.0,g
4514,Potatis King Edward rå,Palmitinsyra C16:0,Potatis,0.0,g
4514,Potatis King Edward rå,Myristinsyra C14:0,Potatis,0.0,g
4514,Potatis King Edward rå,Laurinsyra C12:0,Potatis,0.0,g
4514,Potatis King Edward rå,Betakaroten/β-Karoten,Potatis,6.0,µg
4514,Potatis King Edward rå,Avfall (skal etc.),Potatis,20.0,%
4514,Potatis King Edward rå,Aska,Potatis,1.0,g
4514,Potatis King Edward rå,Alkohol,Potatis,0.0,g
4515,Potatis mandelpotatis rå,"Zink, Zn",Potatis,0.3,mg
4515,Potatis mandelpotatis rå,Vitamin E,Potatis,0.0,mg
4515,Potatis mandelpotatis rå,Vitamin D inkl 25-OH-D3,Potatis,0.0,µg
4515,Potatis mandelpotatis rå,Vitamin D,Potatis,0.0,µg
4515,Potatis mandelpotatis rå,Vitamin C,Potatis,24.5,mg
4515,Potatis mandelpotatis rå,Vitamin B6,Potatis,0.22,mg
4515,Potatis mandelpotatis rå,Vitamin B12,Potatis,0.0,µg
4515,Potatis mandelpotatis rå,Vitamin A,Potatis,0.8,RE/µg
4515,Potatis mandelpotatis rå,Vatten,Potatis,75.8,g
4515,Potatis mandelpotatis rå,Tiamin,Potatis,0.05,mg
4515,Potatis mandelpotatis rå,Tillsatt socker,Potatis,0.0,g
4515,Potatis mandelpotatis rå,Fritt socker,Potatis,0.0,g
4515,Potatis mandelpotatis rå,"Selen, Se",Potatis,0.6,µg
4515,Potatis mandelpotatis rå,Sackaros,Potatis,0.2,g
4515,Potatis mandelpotatis rå,Riboflavin,Potatis,0.03,mg
4515,Potatis mandelpotatis rå,Retinol,Potatis,0.0,µg
4515,Potatis mandelpotatis rå,Protein,Potatis,2.2,g
4515,Potatis mandelpotatis rå,Summa fleromättade fettsyror,Potatis,0.0,g
4515,Potatis mandelpotatis rå,"Fosfor, P",Potatis,45.0,mg
4515,Potatis mandelpotatis rå,Niacinekvivalenter,Potatis,2.7,NE/mg
4515,Potatis mandelpotatis rå,Niacin,Potatis,2.3,mg
4515,Potatis mandelpotatis rå,"Salt, NaCl",Potatis,0.0,g
4515,Potatis mandelpotatis rå,"Natrium, Na",Potatis,3.0,mg
4515,Potatis mandelpotatis rå,Monosackarider,Potatis,0.2,g
4515,Potatis mandelpotatis rå,"Sockerarter, totalt",Potatis,0.4,g
4515,Potatis mandelpotatis rå,Summa enkelomättade fettsyror,Potatis,0.0,g
4515,Potatis mandelpotatis rå,"Magnesium, Mg",Potatis,28.0,mg
4515,Potatis mandelpotatis rå,Summa mättade fettsyror,Potatis,0.0,g
4515,Potatis mandelpotatis rå,"Kolhydrater, tillgängliga",Potatis,18.1,g
4515,Potatis mandelpotatis rå,Kolesterol,Potatis,0.0,mg
4515,Potatis mandelpotatis rå,"Kalium, K",Potatis,437.0,mg
4515,Potatis mandelpotatis rå,"Jod, I",Potatis,0.0,µg
4515,Potatis mandelpotatis rå,Fullkorn totalt,Potatis,0.0,g
4515,Potatis mandelpotatis rå,"Folat, totalt",Potatis,29.5,µg
4515,Potatis mandelpotatis rå,Fibrer,Potatis,2.7,g
4515,Potatis mandelpotatis rå,"Fett, totalt",Potatis,0.1,g
4515,Potatis mandelpotatis rå,"Järn, Fe",Potatis,0.4,mg
4515,Potatis mandelpotatis rå,Energi (kJ),Potatis,371.0,kJ
4515,Potatis mandelpotatis rå,Energi (kcal),Potatis,89.0,kcal
4515,Potatis mandelpotatis rå,Disackarider,Potatis,0.2,g
4515,Potatis mandelpotatis rå,"Kalcium, Ca",Potatis,6.0,mg
4515,Potatis mandelpotatis rå,Fettsyra 4:0-10:0,Potatis,0.0,g
4515,Potatis mandelpotatis rå,DHA (C22:6),Potatis,0.0,g
4515,Potatis mandelpotatis rå,DPA (C22:5),Potatis,0.0,g
4515,Potatis mandelpotatis rå,EPA (C20:5),Potatis,0.0,g
4515,Potatis mandelpotatis rå,Arakidonsyra C20:4,Potatis,0.0,g
4515,Potatis mandelpotatis rå,Arakidinsyra C20:0,Potatis,0.0,g
4515,Potatis mandelpotatis rå,Linolensyra C18:3,Potatis,0.0,g
4515,Potatis mandelpotatis rå,Linolsyra C18:2,Potatis,0.0,g
4515,Potatis mandelpotatis rå,Oljesyra C18:1,Potatis,0.0,g
4515,Potatis mandelpotatis rå,Stearinsyra C18:0,Potatis,0.0,g
4515,Potatis mandelpotatis rå,Palmitoljesyra C16:1,Potatis,0.0,g
4515,Potatis mandelpotatis rå,Palmitinsyra C16:0,Potatis,0.0,g
4515,Potatis mandelpotatis rå,Myristinsyra C14:0,Potatis,0.0,g
4515,Potatis mandelpotatis rå,Laurinsyra C12:0,Potatis,0.0,g
4515,Potatis mandelpotatis rå,Betakaroten/β-Karoten,Potatis,9.0,µg
4515,Potatis mandelpotatis rå,Avfall (skal etc.),Potatis,20.0,%
4515,Potatis mandelpotatis rå,Aska,Potatis,1.0,g
4515,Potatis mandelpotatis rå,Alkohol,Potatis,0.0,g
4516,Potatis kokt m. salt tillagad i storhushåll,"Zink, Zn",Potatis,0.2,mg
4516,Potatis kokt m. salt tillagad i storhushåll,Vitamin E,Potatis,0.1,mg
4516,Potatis kokt m. salt tillagad i storhushåll,Vitamin D inkl 25-OH-D3,Potatis,0.0,µg
4516,Potatis kokt m. salt tillagad i storhushåll,Vitamin D,Potatis,0.0,µg
4516,Potatis kokt m. salt tillagad i storhushåll,Vitamin C,Potatis,10.1,mg
4516,Potatis kokt m. salt tillagad i storhushåll,Vitamin B6,Potatis,0.16,mg
4516,Potatis kokt m. salt tillagad i storhushåll,Vitamin B12,Potatis,0.0,µg
4516,Potatis kokt m. salt tillagad i storhushåll,Vitamin A,Potatis,0.2,RE/µg
4516,Potatis kokt m. salt tillagad i storhushåll,Vatten,Potatis,79.5,g
4516,Potatis kokt m. salt tillagad i storhushåll,Tiamin,Potatis,0.04,mg
4516,Potatis kokt m. salt tillagad i storhushåll,Tillsatt socker,Potatis,0.0,g
4516,Potatis kokt m. salt tillagad i storhushåll,Fritt socker,Potatis,0.0,g
4516,Potatis kokt m. salt tillagad i storhushåll,"Selen, Se",Potatis,0.0,µg
4516,Potatis kokt m. salt tillagad i storhushåll,Sackaros,Potatis,0.2,g
4516,Potatis kokt m. salt tillagad i storhushåll,Riboflavin,Potatis,0.02,mg
4516,Potatis kokt m. salt tillagad i storhushåll,Retinol,Potatis,0.0,µg
4516,Potatis kokt m. salt tillagad i storhushåll,Protein,Potatis,1.7,g
4516,Potatis kokt m. salt tillagad i storhushåll,Summa fleromättade fettsyror,Potatis,0.0,g
4516,Potatis kokt m. salt tillagad i storhushåll,"Fosfor, P",Potatis,37.0,mg
4516,Potatis kokt m. salt tillagad i storhushåll,Niacinekvivalenter,Potatis,1.4,NE/mg
4516,Potatis kokt m. salt tillagad i storhushåll,Niacin,Potatis,1.12,mg
4516,Potatis kokt m. salt tillagad i storhushåll,"Salt, NaCl",Potatis,0.2,g
4516,Potatis kokt m. salt tillagad i storhushåll,"Natrium, Na",Potatis,81.0,mg
4516,Potatis kokt m. salt tillagad i storhushåll,Monosackarider,Potatis,0.8,g
4516,Potatis kokt m. salt tillagad i storhushåll,"Sockerarter, totalt",Potatis,1.0,g
4516,Potatis kokt m. salt tillagad i storhushåll,Summa enkelomättade fettsyror,Potatis,0.0,g
4516,Potatis kokt m. salt tillagad i storhushåll,"Magnesium, Mg",Potatis,18.0,mg
4516,Potatis kokt m. salt tillagad i storhushåll,Summa mättade fettsyror,Potatis,0.0,g
4516,Potatis kokt m. salt tillagad i storhushåll,"Kolhydrater, tillgängliga",Potatis,15.8,g
4516,Potatis kokt m. salt tillagad i storhushåll,Kolesterol,Potatis,0.0,mg
4516,Potatis kokt m. salt tillagad i storhushåll,"Kalium, K",Potatis,269.0,mg
4516,Potatis kokt m. salt tillagad i storhushåll,"Jod, I",Potatis,3.1,µg
4516,Potatis kokt m. salt tillagad i storhushåll,Fullkorn totalt,Potatis,0.0,g
4516,Potatis kokt m. salt tillagad i storhushåll,"Folat, totalt",Potatis,13.6,µg
4516,Potatis kokt m. salt tillagad i storhushåll,Fibrer,Potatis,2.1,g
4516,Potatis kokt m. salt tillagad i storhushåll,"Fett, totalt",Potatis,0.1,g
4516,Potatis kokt m. salt tillagad i storhushåll,"Järn, Fe",Potatis,0.3,mg
4516,Potatis kokt m. salt tillagad i storhushåll,Energi (kJ),Potatis,317.0,kJ
4516,Potatis kokt m. salt tillagad i storhushåll,Energi (kcal),Potatis,76.0,kcal
4516,Potatis kokt m. salt tillagad i storhushåll,Disackarider,Potatis,0.2,g
4516,Potatis kokt m. salt tillagad i storhushåll,"Kalcium, Ca",Potatis,3.0,mg
4516,Potatis kokt m. salt tillagad i storhushåll,Fettsyra 4:0-10:0,Potatis,0.0,g
4516,Potatis kokt m. salt tillagad i storhushåll,DHA (C22:6),Potatis,0.0,g
4516,Potatis kokt m. salt tillagad i storhushåll,DPA (C22:5),Potatis,0.0,g
4516,Potatis kokt m. salt tillagad i storhushåll,EPA (C20:5),Potatis,0.0,g
4516,Potatis kokt m. salt tillagad i storhushåll,Arakidonsyra C20:4,Potatis,0.0,g
4516,Potatis kokt m. salt tillagad i storhushåll,Arakidinsyra C20:0,Potatis,0.0,g
4516,Potatis kokt m. salt tillagad i storhushåll,Linolensyra C18:3,Potatis,0.0,g
4516,Potatis kokt m. salt tillagad i storhushåll,Linolsyra C18:2,Potatis,0.0,g
4516,Potatis kokt m. salt tillagad i storhushåll,Oljesyra C18:1,Potatis,0.0,g
4516,Potatis kokt m. salt tillagad i storhushåll,Stearinsyra C18:0,Potatis,0.0,g
4516,Potatis kokt m. salt tillagad i storhushåll,Palmitoljesyra C16:1,Potatis,0.0,g
4516,Potatis kokt m. salt tillagad i storhushåll,Palmitinsyra C16:0,Potatis,0.0,g
4516,Potatis kokt m. salt tillagad i storhushåll,Myristinsyra C14:0,Potatis,0.0,g
4516,Potatis kokt m. salt tillagad i storhushåll,Laurinsyra C12:0,Potatis,0.0,g
4516,Potatis kokt m. salt tillagad i storhushåll,Betakaroten/β-Karoten,Potatis,2.0,µg
4516,Potatis kokt m. salt tillagad i storhushåll,Avfall (skal etc.),Potatis,0.0,%
4516,Potatis kokt m. salt tillagad i storhushåll,Aska,Potatis,0.9,g
4516,Potatis kokt m. salt tillagad i storhushåll,Alkohol,Potatis,0.0,g
4518,Potatis Asterix kokt m. salt,"Zink, Zn",Potatis,0.2,mg
4518,Potatis Asterix kokt m. salt,Vitamin E,Potatis,0.1,mg
4518,Potatis Asterix kokt m. salt,Vitamin D inkl 25-OH-D3,Potatis,0.0,µg
4518,Potatis Asterix kokt m. salt,Vitamin D,Potatis,0.0,µg
4518,Potatis Asterix kokt m. salt,Vitamin C,Potatis,13.4,mg
4518,Potatis Asterix kokt m. salt,Vitamin B6,Potatis,0.19,mg
4518,Potatis Asterix kokt m. salt,Vitamin B12,Potatis,0.0,µg
4518,Potatis Asterix kokt m. salt,Vitamin A,Potatis,0.2,RE/µg
4518,Potatis Asterix kokt m. salt,Vatten,Potatis,78.1,g
4518,Potatis Asterix kokt m. salt,Tiamin,Potatis,0.07,mg
4518,Potatis Asterix kokt m. salt,Tillsatt socker,Potatis,0.0,g
4518,Potatis Asterix kokt m. salt,Fritt socker,Potatis,0.0,g
4518,Potatis Asterix kokt m. salt,"Selen, Se",Potatis,0.0,µg
4518,Potatis Asterix kokt m. salt,Sackaros,Potatis,0.2,g
4518,Potatis Asterix kokt m. salt,Riboflavin,Potatis,0.03,mg
4518,Potatis Asterix kokt m. salt,Retinol,Potatis,0.0,µg
4518,Potatis Asterix kokt m. salt,Protein,Potatis,1.9,g
4518,Potatis Asterix kokt m. salt,Summa fleromättade fettsyror,Potatis,0.0,g
4518,Potatis Asterix kokt m. salt,"Fosfor, P",Potatis,42.0,mg
4518,Potatis Asterix kokt m. salt,Niacinekvivalenter,Potatis,1.7,NE/mg
4518,Potatis Asterix kokt m. salt,Niacin,Potatis,1.41,mg
4518,Potatis Asterix kokt m. salt,"Salt, NaCl",Potatis,0.2,g
4518,Potatis Asterix kokt m. salt,"Natrium, Na",Potatis,84.0,mg
4518,Potatis Asterix kokt m. salt,Monosackarider,Potatis,0.5,g
4518,Potatis Asterix kokt m. salt,"Sockerarter, totalt",Potatis,0.7,g
4518,Potatis Asterix kokt m. salt,Summa enkelomättade fettsyror,Potatis,0.0,g
4518,Potatis Asterix kokt m. salt,"Magnesium, Mg",Potatis,22.0,mg
4518,Potatis Asterix kokt m. salt,Summa mättade fettsyror,Potatis,0.0,g
4518,Potatis Asterix kokt m. salt,"Kolhydrater, tillgängliga",Potatis,16.7,g
4518,Potatis Asterix kokt m. salt,Kolesterol,Potatis,0.0,mg
4518,Potatis Asterix kokt m. salt,"Kalium, K",Potatis,313.0,mg
4518,Potatis Asterix kokt m. salt,"Jod, I",Potatis,8.1,µg
4518,Potatis Asterix kokt m. salt,Fullkorn totalt,Potatis,0.0,g
4518,Potatis Asterix kokt m. salt,"Folat, totalt",Potatis,22.7,µg
4518,Potatis Asterix kokt m. salt,Fibrer,Potatis,2.3,g
4518,Potatis Asterix kokt m. salt,"Fett, totalt",Potatis,0.1,g
4518,Potatis Asterix kokt m. salt,"Järn, Fe",Potatis,0.3,mg
4518,Potatis Asterix kokt m. salt,Energi (kJ),Potatis,338.0,kJ
4518,Potatis Asterix kokt m. salt,Energi (kcal),Potatis,81.0,kcal
4518,Potatis Asterix kokt m. salt,Disackarider,Potatis,0.2,g
4518,Potatis Asterix kokt m. salt,"Kalcium, Ca",Potatis,4.0,mg
4518,Potatis Asterix kokt m. salt,Fettsyra 4:0-10:0,Potatis,0.0,g
4518,Potatis Asterix kokt m. salt,DHA (C22:6),Potatis,0.0,g
4518,Potatis Asterix kokt m. salt,DPA (C22:5),Potatis,0.0,g
4518,Potatis Asterix kokt m. salt,EPA (C20:5),Potatis,0.0,g
4518,Potatis Asterix kokt m. salt,Arakidonsyra C20:4,Potatis,0.0,g
4518,Potatis Asterix kokt m. salt,Arakidinsyra C20:0,Potatis,0.0,g
4518,Potatis Asterix kokt m. salt,Linolensyra C18:3,Potatis,0.0,g
4518,Potatis Asterix kokt m. salt,Linolsyra C18:2,Potatis,0.0,g
4518,Potatis Asterix kokt m. salt,Oljesyra C18:1,Potatis,0.0,g
4518,Potatis Asterix kokt m. salt,Stearinsyra C18:0,Potatis,0.0,g
4518,Potatis Asterix kokt m. salt,Palmitoljesyra C16:1,Potatis,0.0,g
4518,Potatis Asterix kokt m. salt,Palmitinsyra C16:0,Potatis,0.0,g
4518,Potatis Asterix kokt m. salt,Myristinsyra C14:0,Potatis,0.0,g
4518,Potatis Asterix kokt m. salt,Laurinsyra C12:0,Potatis,0.0,g
4518,Potatis Asterix kokt m. salt,Betakaroten/β-Karoten,Potatis,2.0,µg
4518,Potatis Asterix kokt m. salt,Avfall (skal etc.),Potatis,0.0,%
4518,Potatis Asterix kokt m. salt,Aska,Potatis,0.9,g
4518,Potatis Asterix kokt m. salt,Alkohol,Potatis,0.0,g
4519,Potatis Inova kokt m. salt,"Zink, Zn",Potatis,0.2,mg
4519,Potatis Inova kokt m. salt,Vitamin E,Potatis,0.1,mg
4519,Potatis Inova kokt m. salt,Vitamin D inkl 25-OH-D3,Potatis,0.0,µg
4519,Potatis Inova kokt m. salt,Vitamin D,Potatis,0.0,µg
4519,Potatis Inova kokt m. salt,Vitamin C,Potatis,15.2,mg
4519,Potatis Inova kokt m. salt,Vitamin B6,Potatis,0.19,mg
4519,Potatis Inova kokt m. salt,Vitamin B12,Potatis,0.0,µg
4519,Potatis Inova kokt m. salt,Vitamin A,Potatis,0.1,RE/µg
4519,Potatis Inova kokt m. salt,Vatten,Potatis,79.8,g
4519,Potatis Inova kokt m. salt,Tiamin,Potatis,0.04,mg
4519,Potatis Inova kokt m. salt,Tillsatt socker,Potatis,0.0,g
4519,Potatis Inova kokt m. salt,Fritt socker,Potatis,0.0,g
4519,Potatis Inova kokt m. salt,"Selen, Se",Potatis,0.0,µg
4519,Potatis Inova kokt m. salt,Sackaros,Potatis,0.2,g
4519,Potatis Inova kokt m. salt,Riboflavin,Potatis,0.02,mg
4519,Potatis Inova kokt m. salt,Retinol,Potatis,0.0,µg
4519,Potatis Inova kokt m. salt,Protein,Potatis,1.8,g
4519,Potatis Inova kokt m. salt,Summa fleromättade fettsyror,Potatis,0.0,g
4519,Potatis Inova kokt m. salt,"Fosfor, P",Potatis,39.0,mg
4519,Potatis Inova kokt m. salt,Niacinekvivalenter,Potatis,1.4,NE/mg
4519,Potatis Inova kokt m. salt,Niacin,Potatis,1.1,mg
4519,Potatis Inova kokt m. salt,"Salt, NaCl",Potatis,0.2,g
4519,Potatis Inova kokt m. salt,"Natrium, Na",Potatis,91.0,mg
4519,Potatis Inova kokt m. salt,Monosackarider,Potatis,0.7,g
4519,Potatis Inova kokt m. salt,"Sockerarter, totalt",Potatis,0.9,g
4519,Potatis Inova kokt m. salt,Summa enkelomättade fettsyror,Potatis,0.0,g
4519,Potatis Inova kokt m. salt,"Magnesium, Mg",Potatis,24.0,mg
4519,Potatis Inova kokt m. salt,Summa mättade fettsyror,Potatis,0.0,g
4519,Potatis Inova kokt m. salt,"Kolhydrater, tillgängliga",Potatis,15.2,g
4519,Potatis Inova kokt m. salt,Kolesterol,Potatis,0.0,mg
4519,Potatis Inova kokt m. salt,"Kalium, K",Potatis,316.0,mg
4519,Potatis Inova kokt m. salt,"Jod, I",Potatis,7.3,µg
4519,Potatis Inova kokt m. salt,Fullkorn totalt,Potatis,0.0,g
4519,Potatis Inova kokt m. salt,"Folat, totalt",Potatis,17.9,µg
4519,Potatis Inova kokt m. salt,Fibrer,Potatis,2.2,g
4519,Potatis Inova kokt m. salt,"Fett, totalt",Potatis,0.1,g
4519,Potatis Inova kokt m. salt,"Järn, Fe",Potatis,0.3,mg
4519,Potatis Inova kokt m. salt,Energi (kJ),Potatis,310.0,kJ
4519,Potatis Inova kokt m. salt,Energi (kcal),Potatis,74.0,kcal
4519,Potatis Inova kokt m. salt,Disackarider,Potatis,0.2,g
4519,Potatis Inova kokt m. salt,"Kalcium, Ca",Potatis,4.0,mg
4519,Potatis Inova kokt m. salt,Fettsyra 4:0-10:0,Potatis,0.0,g
4519,Potatis Inova kokt m. salt,DHA (C22:6),Potatis,0.0,g
4519,Potatis Inova kokt m. salt,DPA (C22:5),Potatis,0.0,g
4519,Potatis Inova kokt m. salt,EPA (C20:5),Potatis,0.0,g
4519,Potatis Inova kokt m. salt,Arakidonsyra C20:4,Potatis,0.0,g
4519,Potatis Inova kokt m. salt,Arakidinsyra C20:0,Potatis,0.0,g
4519,Potatis Inova kokt m. salt,Linolensyra C18:3,Potatis,0.0,g
4519,Potatis Inova kokt m. salt,Linolsyra C18:2,Potatis,0.0,g
4519,Potatis Inova kokt m. salt,Oljesyra C18:1,Potatis,0.0,g
4519,Potatis Inova kokt m. salt,Stearinsyra C18:0,Potatis,0.0,g
4519,Potatis Inova kokt m. salt,Palmitoljesyra C16:1,Potatis,0.0,g
4519,Potatis Inova kokt m. salt,Palmitinsyra C16:0,Potatis,0.0,g
4519,Potatis Inova kokt m. salt,Myristinsyra C14:0,Potatis,0.0,g
4519,Potatis Inova kokt m. salt,Laurinsyra C12:0,Potatis,0.0,g
4519,Potatis Inova kokt m. salt,Betakaroten/β-Karoten,Potatis,1.0,µg
4519,Potatis Inova kokt m. salt,Avfall (skal etc.),Potatis,0.0,%
4519,Potatis Inova kokt m. salt,Aska,Potatis,0.9,g
4519,Potatis Inova kokt m. salt,Alkohol,Potatis,0.0,g
4520,Potatis King Edward kokt m. salt,"Zink, Zn",Potatis,0.2,mg
4520,Potatis King Edward kokt m. salt,Vitamin E,Potatis,0.1,mg
4520,Potatis King Edward kokt m. salt,Vitamin D inkl 25-OH-D3,Potatis,0.0,µg
4520,Potatis King Edward kokt m. salt,Vitamin D,Potatis,0.0,µg
4520,Potatis King Edward kokt m. salt,Vitamin C,Potatis,18.5,mg
4520,Potatis King Edward kokt m. salt,Vitamin B6,Potatis,0.2,mg
4520,Potatis King Edward kokt m. salt,Vitamin B12,Potatis,0.0,µg
4520,Potatis King Edward kokt m. salt,Vitamin A,Potatis,0.5,RE/µg
4520,Potatis King Edward kokt m. salt,Vatten,Potatis,77.4,g
4520,Potatis King Edward kokt m. salt,Tiamin,Potatis,0.05,mg
4520,Potatis King Edward kokt m. salt,Tillsatt socker,Potatis,0.0,g
4520,Potatis King Edward kokt m. salt,Fritt socker,Potatis,0.0,g
4520,Potatis King Edward kokt m. salt,"Selen, Se",Potatis,0.0,µg
4520,Potatis King Edward kokt m. salt,Sackaros,Potatis,0.3,g
4520,Potatis King Edward kokt m. salt,Riboflavin,Potatis,0.02,mg
4520,Potatis King Edward kokt m. salt,Retinol,Potatis,0.0,µg
4520,Potatis King Edward kokt m. salt,Protein,Potatis,1.8,g
4520,Potatis King Edward kokt m. salt,Summa fleromättade fettsyror,Potatis,0.0,g
4520,Potatis King Edward kokt m. salt,"Fosfor, P",Potatis,42.0,mg
4520,Potatis King Edward kokt m. salt,Niacinekvivalenter,Potatis,2.3,NE/mg
4520,Potatis King Edward kokt m. salt,Niacin,Potatis,2.0,mg
4520,Potatis King Edward kokt m. salt,"Salt, NaCl",Potatis,0.2,g
4520,Potatis King Edward kokt m. salt,"Natrium, Na",Potatis,92.0,mg
4520,Potatis King Edward kokt m. salt,Monosackarider,Potatis,0.2,g
4520,Potatis King Edward kokt m. salt,"Sockerarter, totalt",Potatis,0.5,g
4520,Potatis King Edward kokt m. salt,Summa enkelomättade fettsyror,Potatis,0.0,g
4520,Potatis King Edward kokt m. salt,"Magnesium, Mg",Potatis,17.0,mg
4520,Potatis King Edward kokt m. salt,Summa mättade fettsyror,Potatis,0.0,g
4520,Potatis King Edward kokt m. salt,"Kolhydrater, tillgängliga",Potatis,17.8,g
4520,Potatis King Edward kokt m. salt,Kolesterol,Potatis,0.0,mg
4520,Potatis King Edward kokt m. salt,"Kalium, K",Potatis,312.0,mg
4520,Potatis King Edward kokt m. salt,"Jod, I",Potatis,8.8,µg
4520,Potatis King Edward kokt m. salt,Fullkorn totalt,Potatis,0.0,g
4520,Potatis King Edward kokt m. salt,"Folat, totalt",Potatis,15.2,µg
4520,Potatis King Edward kokt m. salt,Fibrer,Potatis,2.0,g
4520,Potatis King Edward kokt m. salt,"Fett, totalt",Potatis,0.1,g
4520,Potatis King Edward kokt m. salt,"Järn, Fe",Potatis,0.4,mg
4520,Potatis King Edward kokt m. salt,Energi (kJ),Potatis,352.0,kJ
4520,Potatis King Edward kokt m. salt,Energi (kcal),Potatis,84.0,kcal
4520,Potatis King Edward kokt m. salt,Disackarider,Potatis,0.3,g
4520,Potatis King Edward kokt m. salt,"Kalcium, Ca",Potatis,4.0,mg
4520,Potatis King Edward kokt m. salt,Fettsyra 4:0-10:0,Potatis,0.0,g
4520,Potatis King Edward kokt m. salt,DHA (C22:6),Potatis,0.0,g
4520,Potatis King Edward kokt m. salt,DPA (C22:5),Potatis,0.0,g
4520,Potatis King Edward kokt m. salt,EPA (C20:5),Potatis,0.0,g
4520,Potatis King Edward kokt m. salt,Arakidonsyra C20:4,Potatis,0.0,g
4520,Potatis King Edward kokt m. salt,Arakidinsyra C20:0,Potatis,0.0,g
4520,Potatis King Edward kokt m. salt,Linolensyra C18:3,Potatis,0.0,g
4520,Potatis King Edward kokt m. salt,Linolsyra C18:2,Potatis,0.0,g
4520,Potatis King Edward kokt m. salt,Oljesyra C18:1,Potatis,0.0,g
4520,Potatis King Edward kokt m. salt,Stearinsyra C18:0,Potatis,0.0,g
4520,Potatis King Edward kokt m. salt,Palmitoljesyra C16:1,Potatis,0.0,g
4520,Potatis King Edward kokt m. salt,Palmitinsyra C16:0,Potatis,0.0,g
4520,Potatis King Edward kokt m. salt,Myristinsyra C14:0,Potatis,0.0,g
4520,Potatis King Edward kokt m. salt,Laurinsyra C12:0,Potatis,0.0,g
4520,Potatis King Edward kokt m. salt,Betakaroten/β-Karoten,Potatis,6.0,µg
4520,Potatis King Edward kokt m. salt,Avfall (skal etc.),Potatis,0.0,%
4520,Potatis King Edward kokt m. salt,Aska,Potatis,0.9,g
4520,Potatis King Edward kokt m. salt,Alkohol,Potatis,0.0,g
4521,Potatis mandelpotatis kokt m. salt,"Zink, Zn",Potatis,0.3,mg
4521,Potatis mandelpotatis kokt m. salt,Vitamin E,Potatis,0.1,mg
4521,Potatis mandelpotatis kokt m. salt,Vitamin D inkl 25-OH-D3,Potatis,0.0,µg
4521,Potatis mandelpotatis kokt m. salt,Vitamin D,Potatis,0.0,µg
4521,Potatis mandelpotatis kokt m. salt,Vitamin C,Potatis,21.0,mg
4521,Potatis mandelpotatis kokt m. salt,Vitamin B6,Potatis,0.23,mg
4521,Potatis mandelpotatis kokt m. salt,Vitamin B12,Potatis,0.0,µg
4521,Potatis mandelpotatis kokt m. salt,Vitamin A,Potatis,1.0,RE/µg
4521,Potatis mandelpotatis kokt m. salt,Vatten,Potatis,72.8,g
4521,Potatis mandelpotatis kokt m. salt,Tiamin,Potatis,0.04,mg
4521,Potatis mandelpotatis kokt m. salt,Tillsatt socker,Potatis,0.0,g
4521,Potatis mandelpotatis kokt m. salt,Fritt socker,Potatis,0.0,g
4521,Potatis mandelpotatis kokt m. salt,"Selen, Se",Potatis,0.0,µg
4521,Potatis mandelpotatis kokt m. salt,Sackaros,Potatis,0.3,g
4521,Potatis mandelpotatis kokt m. salt,Riboflavin,Potatis,0.03,mg
4521,Potatis mandelpotatis kokt m. salt,Retinol,Potatis,0.0,µg
4521,Potatis mandelpotatis kokt m. salt,Protein,Potatis,2.4,g
4521,Potatis mandelpotatis kokt m. salt,Summa fleromättade fettsyror,Potatis,0.0,g
4521,Potatis mandelpotatis kokt m. salt,"Fosfor, P",Potatis,51.0,mg
4521,Potatis mandelpotatis kokt m. salt,Niacinekvivalenter,Potatis,2.8,NE/mg
4521,Potatis mandelpotatis kokt m. salt,Niacin,Potatis,2.39,mg
4521,Potatis mandelpotatis kokt m. salt,"Salt, NaCl",Potatis,0.1,g
4521,Potatis mandelpotatis kokt m. salt,"Natrium, Na",Potatis,28.0,mg
4521,Potatis mandelpotatis kokt m. salt,Monosackarider,Potatis,0.2,g
4521,Potatis mandelpotatis kokt m. salt,"Sockerarter, totalt",Potatis,0.4,g
4521,Potatis mandelpotatis kokt m. salt,Summa enkelomättade fettsyror,Potatis,0.0,g
4521,Potatis mandelpotatis kokt m. salt,"Magnesium, Mg",Potatis,28.0,mg
4521,Potatis mandelpotatis kokt m. salt,Summa mättade fettsyror,Potatis,0.0,g
4521,Potatis mandelpotatis kokt m. salt,"Kolhydrater, tillgängliga",Potatis,21.1,g
4521,Potatis mandelpotatis kokt m. salt,Kolesterol,Potatis,0.0,mg
4521,Potatis mandelpotatis kokt m. salt,"Kalium, K",Potatis,441.0,mg
4521,Potatis mandelpotatis kokt m. salt,"Jod, I",Potatis,2.3,µg
4521,Potatis mandelpotatis kokt m. salt,Fullkorn totalt,Potatis,0.0,g
4521,Potatis mandelpotatis kokt m. salt,"Folat, totalt",Potatis,30.5,µg
4521,Potatis mandelpotatis kokt m. salt,Fibrer,Potatis,2.6,g
4521,Potatis mandelpotatis kokt m. salt,"Fett, totalt",Potatis,0.1,g
4521,Potatis mandelpotatis kokt m. salt,"Järn, Fe",Potatis,0.4,mg
4521,Potatis mandelpotatis kokt m. salt,Energi (kJ),Potatis,424.0,kJ
4521,Potatis mandelpotatis kokt m. salt,Energi (kcal),Potatis,101.0,kcal
4521,Potatis mandelpotatis kokt m. salt,Disackarider,Potatis,0.3,g
4521,Potatis mandelpotatis kokt m. salt,"Kalcium, Ca",Potatis,8.0,mg
4521,Potatis mandelpotatis kokt m. salt,Fettsyra 4:0-10:0,Potatis,0.0,g
4521,Potatis mandelpotatis kokt m. salt,DHA (C22:6),Potatis,0.0,g
4521,Potatis mandelpotatis kokt m. salt,DPA (C22:5),Potatis,0.0,g
4521,Potatis mandelpotatis kokt m. salt,EPA (C20:5),Potatis,0.0,g
4521,Potatis mandelpotatis kokt m. salt,Arakidonsyra C20:4,Potatis,0.0,g
4521,Potatis mandelpotatis kokt m. salt,Arakidinsyra C20:0,Potatis,0.0,g
4521,Potatis mandelpotatis kokt m. salt,Linolensyra C18:3,Potatis,0.0,g
4521,Potatis mandelpotatis kokt m. salt,Linolsyra C18:2,Potatis,0.0,g
4521,Potatis mandelpotatis kokt m. salt,Oljesyra C18:1,Potatis,0.0,g
4521,Potatis mandelpotatis kokt m. salt,Stearinsyra C18:0,Potatis,0.0,g
4521,Potatis mandelpotatis kokt m. salt,Palmitoljesyra C16:1,Potatis,0.0,g
4521,Potatis mandelpotatis kokt m. salt,Palmitinsyra C16:0,Potatis,0.0,g
4521,Potatis mandelpotatis kokt m. salt,Myristinsyra C14:0,Potatis,0.0,g
4521,Potatis mandelpotatis kokt m. salt,Laurinsyra C12:0,Potatis,0.0,g
4521,Potatis mandelpotatis kokt m. salt,Betakaroten/β-Karoten,Potatis,11.0,µg
4521,Potatis mandelpotatis kokt m. salt,Avfall (skal etc.),Potatis,0.0,%
4521,Potatis mandelpotatis kokt m. salt,Aska,Potatis,1.1,g
4521,Potatis mandelpotatis kokt m. salt,Alkohol,Potatis,0.0,g
4579,Gratäng broccoligratäng m. cottage cheese tomat veg.,"Zink, Zn",Grönsaks- rotfrukts- baljväxträtter o produkter,0.6,mg
4579,Gratäng broccoligratäng m. cottage cheese tomat veg.,Vitamin E,Grönsaks- rotfrukts- baljväxträtter o produkter,1.3,mg
4579,Gratäng broccoligratäng m. cottage cheese tomat veg.,Vitamin D,Grönsaks- rotfrukts- baljväxträtter o produkter,0.07,µg
4579,Gratäng broccoligratäng m. cottage cheese tomat veg.,Vitamin C,Grönsaks- rotfrukts- baljväxträtter o produkter,16.3,mg
4579,Gratäng broccoligratäng m. cottage cheese tomat veg.,Vitamin B6,Grönsaks- rotfrukts- baljväxträtter o produkter,0.07,mg
4579,Gratäng broccoligratäng m. cottage cheese tomat veg.,Vitamin B12,Grönsaks- rotfrukts- baljväxträtter o produkter,0.48,µg
4579,Gratäng broccoligratäng m. cottage cheese tomat veg.,Vitamin A,Grönsaks- rotfrukts- baljväxträtter o produkter,90.3,RE/µg
4579,Gratäng broccoligratäng m. cottage cheese tomat veg.,Vatten,Grönsaks- rotfrukts- baljväxträtter o produkter,80.7,g
4579,Gratäng broccoligratäng m. cottage cheese tomat veg.,Tiamin,Grönsaks- rotfrukts- baljväxträtter o produkter,0.04,mg
4579,Gratäng broccoligratäng m. cottage cheese tomat veg.,Tillsatt socker,Grönsaks- rotfrukts- baljväxträtter o produkter,0.0,g
4579,Gratäng broccoligratäng m. cottage cheese tomat veg.,Fritt socker,Grönsaks- rotfrukts- baljväxträtter o produkter,0.0,g
4579,Gratäng broccoligratäng m. cottage cheese tomat veg.,"Selen, Se",Grönsaks- rotfrukts- baljväxträtter o produkter,2.9,µg
4579,Gratäng broccoligratäng m. cottage cheese tomat veg.,Sackaros,Grönsaks- rotfrukts- baljväxträtter o produkter,0.1,g
4579,Gratäng broccoligratäng m. cottage cheese tomat veg.,Riboflavin,Grönsaks- rotfrukts- baljväxträtter o produkter,0.12,mg
4579,Gratäng broccoligratäng m. cottage cheese tomat veg.,Retinol,Grönsaks- rotfrukts- baljväxträtter o produkter,60.7,µg
4579,Gratäng broccoligratäng m. cottage cheese tomat veg.,Protein,Grönsaks- rotfrukts- baljväxträtter o produkter,9.2,g
4579,Gratäng broccoligratäng m. cottage cheese tomat veg.,Summa fleromättade fettsyror,Grönsaks- rotfrukts- baljväxträtter o produkter,0.4,g
4579,Gratäng broccoligratäng m. cottage cheese tomat veg.,"Fosfor, P",Grönsaks- rotfrukts- baljväxträtter o produkter,136.0,mg
4579,Gratäng broccoligratäng m. cottage cheese tomat veg.,Niacinekvivalenter,Grönsaks- rotfrukts- baljväxträtter o produkter,2.41,NE/mg
4579,Gratäng broccoligratäng m. cottage cheese tomat veg.,Niacin,Grönsaks- rotfrukts- baljväxträtter o produkter,0.32,mg
4579,Gratäng broccoligratäng m. cottage cheese tomat veg.,"Salt, NaCl",Grönsaks- rotfrukts- baljväxträtter o produkter,0.8,g
4579,Gratäng broccoligratäng m. cottage cheese tomat veg.,"Natrium, Na",Grönsaks- rotfrukts- baljväxträtter o produkter,340.0,mg
4579,Gratäng broccoligratäng m. cottage cheese tomat veg.,Monosackarider,Grönsaks- rotfrukts- baljväxträtter o produkter,1.2,g
4579,Gratäng broccoligratäng m. cottage cheese tomat veg.,"Sockerarter, totalt",Grönsaks- rotfrukts- baljväxträtter o produkter,2.0,g
4579,Gratäng broccoligratäng m. cottage cheese tomat veg.,Summa enkelomättade fettsyror,Grönsaks- rotfrukts- baljväxträtter o produkter,1.3,g
4579,Gratäng broccoligratäng m. cottage cheese tomat veg.,"Magnesium, Mg",Grönsaks- rotfrukts- baljväxträtter o produkter,14.0,mg
4579,Gratäng broccoligratäng m. cottage cheese tomat veg.,Summa mättade fettsyror,Grönsaks- rotfrukts- baljväxträtter o produkter,2.7,g
4579,Gratäng broccoligratäng m. cottage cheese tomat veg.,"Kolhydrater, tillgängliga",Grönsaks- rotfrukts- baljväxträtter o produkter,2.4,g
4579,Gratäng broccoligratäng m. cottage cheese tomat veg.,Kolesterol,Grönsaks- rotfrukts- baljväxträtter o produkter,49.2,mg
4579,Gratäng broccoligratäng m. cottage cheese tomat veg.,"Kalium, K",Grönsaks- rotfrukts- baljväxträtter o produkter,158.0,mg
4579,Gratäng broccoligratäng m. cottage cheese tomat veg.,"Jod, I",Grönsaks- rotfrukts- baljväxträtter o produkter,29.9,µg
4579,Gratäng broccoligratäng m. cottage cheese tomat veg.,Fullkorn totalt,Grönsaks- rotfrukts- baljväxträtter o produkter,0.0,g
4579,Gratäng broccoligratäng m. cottage cheese tomat veg.,"Folat, totalt",Grönsaks- rotfrukts- baljväxträtter o produkter,39.8,µg
4579,Gratäng broccoligratäng m. cottage cheese tomat veg.,Fibrer,Grönsaks- rotfrukts- baljväxträtter o produkter,1.1,g
4579,Gratäng broccoligratäng m. cottage cheese tomat veg.,"Fett, totalt",Grönsaks- rotfrukts- baljväxträtter o produkter,4.8,g
4579,Gratäng broccoligratäng m. cottage cheese tomat veg.,"Järn, Fe",Grönsaks- rotfrukts- baljväxträtter o produkter,0.4,mg
4579,Gratäng broccoligratäng m. cottage cheese tomat veg.,Energi (kJ),Grönsaks- rotfrukts- baljväxträtter o produkter,385.0,kJ
4579,Gratäng broccoligratäng m. cottage cheese tomat veg.,Energi (kcal),Grönsaks- rotfrukts- baljväxträtter o produkter,92.0,kcal
4579,Gratäng broccoligratäng m. cottage cheese tomat veg.,Disackarider,Grönsaks- rotfrukts- baljväxträtter o produkter,0.8,g
4579,Gratäng broccoligratäng m. cottage cheese tomat veg.,"Kalcium, Ca",Grönsaks- rotfrukts- baljväxträtter o produkter,90.0,mg
4579,Gratäng broccoligratäng m. cottage cheese tomat veg.,Fettsyra 4:0-10:0,Grönsaks- rotfrukts- baljväxträtter o produkter,0.3,g
4579,Gratäng broccoligratäng m. cottage cheese tomat veg.,DHA (C22:6),Grönsaks- rotfrukts- baljväxträtter o produkter,0.0,g
4579,Gratäng broccoligratäng m. cottage cheese tomat veg.,DPA (C22:5),Grönsaks- rotfrukts- baljväxträtter o produkter,0.0,g
4579,Gratäng broccoligratäng m. cottage cheese tomat veg.,EPA (C20:5),Grönsaks- rotfrukts- baljväxträtter o produkter,0.0,g
4579,Gratäng broccoligratäng m. cottage cheese tomat veg.,Arakidonsyra C20:4,Grönsaks- rotfrukts- baljväxträtter o produkter,0.0,g
4579,Gratäng broccoligratäng m. cottage cheese tomat veg.,Arakidinsyra C20:0,Grönsaks- rotfrukts- baljväxträtter o produkter,0.0,g
4579,Gratäng broccoligratäng m. cottage cheese tomat veg.,Linolensyra C18:3,Grönsaks- rotfrukts- baljväxträtter o produkter,0.1,g
4579,Gratäng broccoligratäng m. cottage cheese tomat veg.,Linolsyra C18:2,Grönsaks- rotfrukts- baljväxträtter o produkter,0.2,g
4579,Gratäng broccoligratäng m. cottage cheese tomat veg.,Oljesyra C18:1,Grönsaks- rotfrukts- baljväxträtter o produkter,1.2,g
4579,Gratäng broccoligratäng m. cottage cheese tomat veg.,Stearinsyra C18:0,Grönsaks- rotfrukts- baljväxträtter o produkter,0.4,g
4579,Gratäng broccoligratäng m. cottage cheese tomat veg.,Palmitoljesyra C16:1,Grönsaks- rotfrukts- baljväxträtter o produkter,0.1,g
4579,Gratäng broccoligratäng m. cottage cheese tomat veg.,Palmitinsyra C16:0,Grönsaks- rotfrukts- baljväxträtter o produkter,1.3,g
4579,Gratäng broccoligratäng m. cottage cheese tomat veg.,Myristinsyra C14:0,Grönsaks- rotfrukts- baljväxträtter o produkter,0.4,g
4579,Gratäng broccoligratäng m. cottage cheese tomat veg.,Laurinsyra C12:0,Grönsaks- rotfrukts- baljväxträtter o produkter,0.1,g
4579,Gratäng broccoligratäng m. cottage cheese tomat veg.,Betakaroten/β-Karoten,Grönsaks- rotfrukts- baljväxträtter o produkter,353.0,µg
4579,Gratäng broccoligratäng m. cottage cheese tomat veg.,Avfall (skal etc.),Grönsaks- rotfrukts- baljväxträtter o produkter,0.0,%
4579,Gratäng broccoligratäng m. cottage cheese tomat veg.,Aska,Grönsaks- rotfrukts- baljväxträtter o produkter,1.6,g
4579,Gratäng broccoligratäng m. cottage cheese tomat veg.,Alkohol,Grönsaks- rotfrukts- baljväxträtter o produkter,0.0,g
4583,Gris färs rå fett 15%,"Zink, Zn",Kött färskt fryst tillagat ,2.6,mg
4583,Gris färs rå fett 15%,Vitamin E,Kött färskt fryst tillagat ,0.4,mg
4583,Gris färs rå fett 15%,Vitamin D,Kött färskt fryst tillagat ,0.52,µg
4583,Gris färs rå fett 15%,Vitamin C,Kött färskt fryst tillagat ,0.0,mg
4583,Gris färs rå fett 15%,Vitamin B6,Kött färskt fryst tillagat ,0.43,mg
4583,Gris färs rå fett 15%,Vitamin B12,Kött färskt fryst tillagat ,0.63,µg
4583,Gris färs rå fett 15%,Vitamin A,Kött färskt fryst tillagat ,9.0,RE/µg
4583,Gris färs rå fett 15%,Vatten,Kött färskt fryst tillagat ,67.1,g
4583,Gris färs rå fett 15%,Tiamin,Kött färskt fryst tillagat ,0.73,mg
4583,Gris färs rå fett 15%,Tillsatt socker,Kött färskt fryst tillagat ,0.0,g
4583,Gris färs rå fett 15%,Fritt socker,Kött färskt fryst tillagat ,0.0,g
4583,Gris färs rå fett 15%,"Selen, Se",Kött färskt fryst tillagat ,7.5,µg
4583,Gris färs rå fett 15%,Sackaros,Kött färskt fryst tillagat ,0.0,g
4583,Gris färs rå fett 15%,Riboflavin,Kött färskt fryst tillagat ,0.25,mg
4583,Gris färs rå fett 15%,Retinol,Kött färskt fryst tillagat ,9.0,µg
4583,Gris färs rå fett 15%,Protein,Kött färskt fryst tillagat ,16.8,g
4583,Gris färs rå fett 15%,Summa fleromättade fettsyror,Kött färskt fryst tillagat ,1.7,g
4583,Gris färs rå fett 15%,"Fosfor, P",Kött färskt fryst tillagat ,191.0,mg
4583,Gris färs rå fett 15%,Niacinekvivalenter,Kött färskt fryst tillagat ,8.88,NE/mg
4583,Gris färs rå fett 15%,Niacin,Kött färskt fryst tillagat ,5.8,mg
4583,Gris färs rå fett 15%,"Salt, NaCl",Kött färskt fryst tillagat ,0.1,g
4583,Gris färs rå fett 15%,"Natrium, Na",Kött färskt fryst tillagat ,61.0,mg
4583,Gris färs rå fett 15%,Monosackarider,Kött färskt fryst tillagat ,0.0,g
4583,Gris färs rå fett 15%,"Sockerarter, totalt",Kött färskt fryst tillagat ,0.0,g
4583,Gris färs rå fett 15%,Summa enkelomättade fettsyror,Kött färskt fryst tillagat ,6.2,g
4583,Gris färs rå fett 15%,"Magnesium, Mg",Kött färskt fryst tillagat ,25.0,mg
4583,Gris färs rå fett 15%,Summa mättade fettsyror,Kött färskt fryst tillagat ,6.5,g
4583,Gris färs rå fett 15%,"Kolhydrater, tillgängliga",Kött färskt fryst tillagat ,0.0,g
4583,Gris färs rå fett 15%,Kolesterol,Kött färskt fryst tillagat ,58.0,mg
4583,Gris färs rå fett 15%,"Kalium, K",Kött färskt fryst tillagat ,345.0,mg
4583,Gris färs rå fett 15%,"Jod, I",Kött färskt fryst tillagat ,0.0,µg
4583,Gris färs rå fett 15%,Fullkorn totalt,Kött färskt fryst tillagat ,0.0,g
4583,Gris färs rå fett 15%,"Folat, totalt",Kött färskt fryst tillagat ,2.1,µg
4583,Gris färs rå fett 15%,Fibrer,Kött färskt fryst tillagat ,0.0,g
4583,Gris färs rå fett 15%,"Fett, totalt",Kött färskt fryst tillagat ,15.1,g
4583,Gris färs rå fett 15%,"Järn, Fe",Kött färskt fryst tillagat ,1.0,mg
4583,Gris färs rå fett 15%,Energi (kJ),Kött färskt fryst tillagat ,844.0,kJ
4583,Gris färs rå fett 15%,Energi (kcal),Kött färskt fryst tillagat ,202.0,kcal
4583,Gris färs rå fett 15%,Disackarider,Kött färskt fryst tillagat ,0.0,g
4583,Gris färs rå fett 15%,"Kalcium, Ca",Kött färskt fryst tillagat ,7.0,mg
4583,Gris färs rå fett 15%,Fettsyra 4:0-10:0,Kött färskt fryst tillagat ,0.0,g
4583,Gris färs rå fett 15%,DHA (C22:6),Kött färskt fryst tillagat ,0.1,g
4583,Gris färs rå fett 15%,DPA (C22:5),Kött färskt fryst tillagat ,0.0,g
4583,Gris färs rå fett 15%,EPA (C20:5),Kött färskt fryst tillagat ,0.0,g
4583,Gris färs rå fett 15%,Arakidonsyra C20:4,Kött färskt fryst tillagat ,0.0,g
4583,Gris färs rå fett 15%,Arakidinsyra C20:0,Kött färskt fryst tillagat ,0.0,g
4583,Gris färs rå fett 15%,Linolensyra C18:3,Kött färskt fryst tillagat ,0.1,g
4583,Gris färs rå fett 15%,Linolsyra C18:2,Kött färskt fryst tillagat ,1.3,g
4583,Gris färs rå fett 15%,Oljesyra C18:1,Kött färskt fryst tillagat ,5.5,g
4583,Gris färs rå fett 15%,Stearinsyra C18:0,Kött färskt fryst tillagat ,2.3,g
4583,Gris färs rå fett 15%,Palmitoljesyra C16:1,Kött färskt fryst tillagat ,0.5,g
4583,Gris färs rå fett 15%,Palmitinsyra C16:0,Kött färskt fryst tillagat ,3.9,g
4583,Gris färs rå fett 15%,Myristinsyra C14:0,Kött färskt fryst tillagat ,0.3,g
4583,Gris färs rå fett 15%,Laurinsyra C12:0,Kött färskt fryst tillagat ,0.0,g
4583,Gris färs rå fett 15%,Betakaroten/β-Karoten,Kött färskt fryst tillagat ,0.0,µg
4583,Gris färs rå fett 15%,Avfall (skal etc.),Kött färskt fryst tillagat ,0.0,%
4583,Gris färs rå fett 15%,Aska,Kött färskt fryst tillagat ,1.0,g
4583,Gris färs rå fett 15%,Alkohol,Kött färskt fryst tillagat ,0.0,g
4586,Hoki rå,"Zink, Zn",Fisk färsk fryst kokt,0.3,mg
4586,Hoki rå,Vitamin E,Fisk färsk fryst kokt,0.3,mg
4586,Hoki rå,Vitamin D,Fisk färsk fryst kokt,0.24,µg
4586,Hoki rå,Vitamin C,Fisk färsk fryst kokt,0.0,mg
4586,Hoki rå,Vitamin B6,Fisk färsk fryst kokt,0.09,mg
4586,Hoki rå,Vitamin B12,Fisk färsk fryst kokt,0.54,µg
4586,Hoki rå,Vitamin A,Fisk färsk fryst kokt,3.8,RE/µg
4586,Hoki rå,Vatten,Fisk färsk fryst kokt,81.9,g
4586,Hoki rå,Tiamin,Fisk färsk fryst kokt,0.03,mg
4586,Hoki rå,Tillsatt socker,Fisk färsk fryst kokt,0.0,g
4586,Hoki rå,Fritt socker,Fisk färsk fryst kokt,0.0,g
4586,Hoki rå,"Selen, Se",Fisk färsk fryst kokt,42.6,µg
4586,Hoki rå,Sackaros,Fisk färsk fryst kokt,0.0,g
4586,Hoki rå,Riboflavin,Fisk färsk fryst kokt,0.02,mg
4586,Hoki rå,Retinol,Fisk färsk fryst kokt,3.8,µg
4586,Hoki rå,Protein,Fisk färsk fryst kokt,16.6,g
4586,Hoki rå,Summa fleromättade fettsyror,Fisk färsk fryst kokt,0.2,g
4586,Hoki rå,"Fosfor, P",Fisk färsk fryst kokt,173.0,mg
4586,Hoki rå,Niacinekvivalenter,Fisk färsk fryst kokt,4.6,NE/mg
4586,Hoki rå,Niacin,Fisk färsk fryst kokt,1.56,mg
4586,Hoki rå,"Salt, NaCl",Fisk färsk fryst kokt,0.3,g
4586,Hoki rå,"Natrium, Na",Fisk färsk fryst kokt,134.0,mg
4586,Hoki rå,Monosackarider,Fisk färsk fryst kokt,0.0,g
4586,Hoki rå,"Sockerarter, totalt",Fisk färsk fryst kokt,0.0,g
4586,Hoki rå,Summa enkelomättade fettsyror,Fisk färsk fryst kokt,0.1,g
4586,Hoki rå,"Magnesium, Mg",Fisk färsk fryst kokt,29.0,mg
4586,Hoki rå,Summa mättade fettsyror,Fisk färsk fryst kokt,0.1,g
4586,Hoki rå,"Kolhydrater, tillgängliga",Fisk färsk fryst kokt,0.0,g
4586,Hoki rå,Kolesterol,Fisk färsk fryst kokt,43.0,mg
4586,Hoki rå,"Kalium, K",Fisk färsk fryst kokt,315.0,mg
4586,Hoki rå,"Jod, I",Fisk färsk fryst kokt,4.0,µg
4586,Hoki rå,Fullkorn totalt,Fisk färsk fryst kokt,0.0,g
4586,Hoki rå,"Folat, totalt",Fisk färsk fryst kokt,18.0,µg
4586,Hoki rå,Fibrer,Fisk färsk fryst kokt,0.0,g
4586,Hoki rå,"Fett, totalt",Fisk färsk fryst kokt,0.5,g
4586,Hoki rå,"Järn, Fe",Fisk färsk fryst kokt,0.1,mg
4586,Hoki rå,Energi (kJ),Fisk färsk fryst kokt,301.0,kJ
4586,Hoki rå,Energi (kcal),Fisk färsk fryst kokt,72.0,kcal
4586,Hoki rå,Disackarider,Fisk färsk fryst kokt,0.0,g
4586,Hoki rå,"Kalcium, Ca",Fisk färsk fryst kokt,11.0,mg
4586,Hoki rå,Fettsyra 4:0-10:0,Fisk färsk fryst kokt,0.0,g
4586,Hoki rå,DHA (C22:6),Fisk färsk fryst kokt,0.1,g
4586,Hoki rå,DPA (C22:5),Fisk färsk fryst kokt,0.0,g
4586,Hoki rå,EPA (C20:5),Fisk färsk fryst kokt,0.0,g
4586,Hoki rå,Arakidonsyra C20:4,Fisk färsk fryst kokt,0.0,g
4586,Hoki rå,Arakidinsyra C20:0,Fisk färsk fryst kokt,0.0,g
4586,Hoki rå,Linolensyra C18:3,Fisk färsk fryst kokt,0.0,g
4586,Hoki rå,Linolsyra C18:2,Fisk färsk fryst kokt,0.0,g
4586,Hoki rå,Oljesyra C18:1,Fisk färsk fryst kokt,0.0,g
4586,Hoki rå,Stearinsyra C18:0,Fisk färsk fryst kokt,0.0,g
4586,Hoki rå,Palmitoljesyra C16:1,Fisk färsk fryst kokt,0.0,g
4586,Hoki rå,Palmitinsyra C16:0,Fisk färsk fryst kokt,0.1,g
4586,Hoki rå,Myristinsyra C14:0,Fisk färsk fryst kokt,0.0,g
4586,Hoki rå,Laurinsyra C12:0,Fisk färsk fryst kokt,0.0,g
4586,Hoki rå,Betakaroten/β-Karoten,Fisk färsk fryst kokt,0.0,µg
4586,Hoki rå,Avfall (skal etc.),Fisk färsk fryst kokt,0.0,%
4586,Hoki rå,Aska,Fisk färsk fryst kokt,1.1,g
4586,Hoki rå,Alkohol,Fisk färsk fryst kokt,0.0,g
4588,Aronia slånaronia,"Zink, Zn",Bär färska frysta,0.3,mg
4588,Aronia slånaronia,Vitamin E,Bär färska frysta,1.4,mg
4588,Aronia slånaronia,Vitamin D inkl 25-OH-D3,Bär färska frysta,0.0,µg
4588,Aronia slånaronia,Vitamin D,Bär färska frysta,0.0,µg
4588,Aronia slånaronia,Vitamin C,Bär färska frysta,27.8,mg
4588,Aronia slånaronia,Vitamin B6,Bär färska frysta,0.03,mg
4588,Aronia slånaronia,Vitamin B12,Bär färska frysta,0.0,µg
4588,Aronia slånaronia,Vitamin A,Bär färska frysta,144.8,RE/µg
4588,Aronia slånaronia,Vatten,Bär färska frysta,84.4,g
4588,Aronia slånaronia,Tiamin,Bär färska frysta,0.02,mg
4588,Aronia slånaronia,Tillsatt socker,Bär färska frysta,0.0,g
4588,Aronia slånaronia,Fritt socker,Bär färska frysta,0.0,g
4588,Aronia slånaronia,"Selen, Se",Bär färska frysta,0.0,µg
4588,Aronia slånaronia,Sackaros,Bär färska frysta,0.5,g
4588,Aronia slånaronia,Riboflavin,Bär färska frysta,0.02,mg
4588,Aronia slånaronia,Retinol,Bär färska frysta,0.0,µg
4588,Aronia slånaronia,Protein,Bär färska frysta,0.7,g
4588,Aronia slånaronia,Summa fleromättade fettsyror,Bär färska frysta,0.0,g
4588,Aronia slånaronia,"Fosfor, P",Bär färska frysta,72.0,mg
4588,Aronia slånaronia,Niacinekvivalenter,Bär färska frysta,0.42,NE/mg
4588,Aronia slånaronia,Niacin,Bär färska frysta,0.3,mg
4588,Aronia slånaronia,"Salt, NaCl",Bär färska frysta,0.0,g
4588,Aronia slånaronia,"Natrium, Na",Bär färska frysta,3.0,mg
4588,Aronia slånaronia,Monosackarider,Bär färska frysta,8.3,g
4588,Aronia slånaronia,"Sockerarter, totalt",Bär färska frysta,8.8,g
4588,Aronia slånaronia,Summa enkelomättade fettsyror,Bär färska frysta,0.0,g
4588,Aronia slånaronia,"Magnesium, Mg",Bär färska frysta,16.0,mg
4588,Aronia slånaronia,Summa mättade fettsyror,Bär färska frysta,0.0,g
4588,Aronia slånaronia,"Kolhydrater, tillgängliga",Bär färska frysta,8.3,g
4588,Aronia slånaronia,Kolesterol,Bär färska frysta,0.0,mg
4588,Aronia slånaronia,"Kalium, K",Bär färska frysta,218.0,mg
4588,Aronia slånaronia,"Jod, I",Bär färska frysta,1.5,µg
4588,Aronia slånaronia,Fullkorn totalt,Bär färska frysta,0.0,g
4588,Aronia slånaronia,"Folat, totalt",Bär färska frysta,6.6,µg
4588,Aronia slånaronia,Fibrer,Bär färska frysta,5.6,g
4588,Aronia slånaronia,"Fett, totalt",Bär färska frysta,0.1,g
4588,Aronia slånaronia,"Järn, Fe",Bär färska frysta,0.9,mg
4588,Aronia slånaronia,Energi (kJ),Bär färska frysta,203.0,kJ
4588,Aronia slånaronia,Energi (kcal),Bär färska frysta,48.0,kcal
4588,Aronia slånaronia,Disackarider,Bär färska frysta,0.5,g
4588,Aronia slånaronia,"Kalcium, Ca",Bär färska frysta,32.0,mg
4588,Aronia slånaronia,Fettsyra 4:0-10:0,Bär färska frysta,0.0,g
4588,Aronia slånaronia,DHA (C22:6),Bär färska frysta,0.0,g
4588,Aronia slånaronia,DPA (C22:5),Bär färska frysta,0.0,g
4588,Aronia slånaronia,EPA (C20:5),Bär färska frysta,0.0,g
4588,Aronia slånaronia,Arakidonsyra C20:4,Bär färska frysta,0.0,g
4588,Aronia slånaronia,Arakidinsyra C20:0,Bär färska frysta,0.0,g
4588,Aronia slånaronia,Linolensyra C18:3,Bär färska frysta,0.0,g
4588,Aronia slånaronia,Linolsyra C18:2,Bär färska frysta,0.0,g
4588,Aronia slånaronia,Oljesyra C18:1,Bär färska frysta,0.0,g
4588,Aronia slånaronia,Stearinsyra C18:0,Bär färska frysta,0.0,g
4588,Aronia slånaronia,Palmitoljesyra C16:1,Bär färska frysta,0.0,g
4588,Aronia slånaronia,Palmitinsyra C16:0,Bär färska frysta,0.0,g
4588,Aronia slånaronia,Myristinsyra C14:0,Bär färska frysta,0.0,g
4588,Aronia slånaronia,Laurinsyra C12:0,Bär färska frysta,0.0,g
4588,Aronia slånaronia,Betakaroten/β-Karoten,Bär färska frysta,1130.0,µg
4588,Aronia slånaronia,Avfall (skal etc.),Bär färska frysta,0.0,%
4588,Aronia slånaronia,Aska,Bär färska frysta,0.4,g
4588,Aronia slånaronia,Alkohol,Bär färska frysta,0.0,g
4589,Vinbär vita,"Zink, Zn",Bär färska frysta,0.2,mg
4589,Vinbär vita,Vitamin E,Bär färska frysta,0.1,mg
4589,Vinbär vita,Vitamin D inkl 25-OH-D3,Bär färska frysta,0.0,µg
4589,Vinbär vita,Vitamin D,Bär färska frysta,0.0,µg
4589,Vinbär vita,Vitamin C,Bär färska frysta,46.2,mg
4589,Vinbär vita,Vitamin B6,Bär färska frysta,0.07,mg
4589,Vinbär vita,Vitamin B12,Bär färska frysta,0.0,µg
4589,Vinbär vita,Vitamin A,Bär färska frysta,2.1,RE/µg
4589,Vinbär vita,Vatten,Bär färska frysta,84.0,g
4589,Vinbär vita,Tiamin,Bär färska frysta,0.04,mg
4589,Vinbär vita,Tillsatt socker,Bär färska frysta,0.0,g
4589,Vinbär vita,Fritt socker,Bär färska frysta,0.0,g
4589,Vinbär vita,"Selen, Se",Bär färska frysta,0.6,µg
4589,Vinbär vita,Sackaros,Bär färska frysta,0.6,g
4589,Vinbär vita,Riboflavin,Bär färska frysta,0.05,mg
4589,Vinbär vita,Retinol,Bär färska frysta,0.0,µg
4589,Vinbär vita,Protein,Bär färska frysta,1.4,g
4589,Vinbär vita,Summa fleromättade fettsyror,Bär färska frysta,0.0,g
4589,Vinbär vita,"Fosfor, P",Bär färska frysta,44.0,mg
4589,Vinbär vita,Niacinekvivalenter,Bär färska frysta,0.33,NE/mg
4589,Vinbär vita,Niacin,Bär färska frysta,0.1,mg
4589,Vinbär vita,"Salt, NaCl",Bär färska frysta,0.0,g
4589,Vinbär vita,"Natrium, Na",Bär färska frysta,1.0,mg
4589,Vinbär vita,Monosackarider,Bär färska frysta,6.8,g
4589,Vinbär vita,"Sockerarter, totalt",Bär färska frysta,7.4,g
4589,Vinbär vita,Summa enkelomättade fettsyror,Bär färska frysta,0.0,g
4589,Vinbär vita,"Magnesium, Mg",Bär färska frysta,13.0,mg
4589,Vinbär vita,Summa mättade fettsyror,Bär färska frysta,0.0,g
4589,Vinbär vita,"Kolhydrater, tillgängliga",Bär färska frysta,9.5,g
4589,Vinbär vita,Kolesterol,Bär färska frysta,0.0,mg
4589,Vinbär vita,"Kalium, K",Bär färska frysta,275.0,mg
4589,Vinbär vita,"Jod, I",Bär färska frysta,1.1,µg
4589,Vinbär vita,Fullkorn totalt,Bär färska frysta,0.0,g
4589,Vinbär vita,"Folat, totalt",Bär färska frysta,8.7,µg
4589,Vinbär vita,Fibrer,Bär färska frysta,4.3,g
4589,Vinbär vita,"Fett, totalt",Bär färska frysta,0.2,g
4589,Vinbär vita,"Järn, Fe",Bär färska frysta,1.0,mg
4589,Vinbär vita,Energi (kJ),Bär färska frysta,227.0,kJ
4589,Vinbär vita,Energi (kcal),Bär färska frysta,54.0,kcal
4589,Vinbär vita,Disackarider,Bär färska frysta,0.6,g
4589,Vinbär vita,"Kalcium, Ca",Bär färska frysta,33.0,mg
4589,Vinbär vita,Fettsyra 4:0-10:0,Bär färska frysta,0.0,g
4589,Vinbär vita,DHA (C22:6),Bär färska frysta,0.0,g
4589,Vinbär vita,DPA (C22:5),Bär färska frysta,0.0,g
4589,Vinbär vita,EPA (C20:5),Bär färska frysta,0.0,g
4589,Vinbär vita,Arakidonsyra C20:4,Bär färska frysta,0.0,g
4589,Vinbär vita,Arakidinsyra C20:0,Bär färska frysta,0.0,g
4589,Vinbär vita,Linolensyra C18:3,Bär färska frysta,0.0,g
4589,Vinbär vita,Linolsyra C18:2,Bär färska frysta,0.0,g
4589,Vinbär vita,Oljesyra C18:1,Bär färska frysta,0.0,g
4589,Vinbär vita,Stearinsyra C18:0,Bär färska frysta,0.0,g
4589,Vinbär vita,Palmitoljesyra C16:1,Bär färska frysta,0.0,g
4589,Vinbär vita,Palmitinsyra C16:0,Bär färska frysta,0.0,g
4589,Vinbär vita,Myristinsyra C14:0,Bär färska frysta,0.0,g
4589,Vinbär vita,Laurinsyra C12:0,Bär färska frysta,0.0,g
4589,Vinbär vita,Betakaroten/β-Karoten,Bär färska frysta,25.0,µg
4589,Vinbär vita,Avfall (skal etc.),Bär färska frysta,2.0,%
4589,Vinbär vita,Aska,Bär färska frysta,0.7,g
4589,Vinbär vita,Alkohol,Bär färska frysta,0.0,g
4591,Ris rundkornigt kokt m. salt,"Zink, Zn",Ris risnudlar,0.4,mg
4591,Ris rundkornigt kokt m. salt,Vitamin E,Ris risnudlar,0.0,mg
4591,Ris rundkornigt kokt m. salt,Vitamin D inkl 25-OH-D3,Ris risnudlar,0.0,µg
4591,Ris rundkornigt kokt m. salt,Vitamin D,Ris risnudlar,0.0,µg
4591,Ris rundkornigt kokt m. salt,Vitamin C,Ris risnudlar,0.0,mg
4591,Ris rundkornigt kokt m. salt,Vitamin B6,Ris risnudlar,0.04,mg
4591,Ris rundkornigt kokt m. salt,Vitamin B12,Ris risnudlar,0.0,µg
4591,Ris rundkornigt kokt m. salt,Vitamin A,Ris risnudlar,0.0,RE/µg
4591,Ris rundkornigt kokt m. salt,Vatten,Ris risnudlar,67.5,g
4591,Ris rundkornigt kokt m. salt,Tiamin,Ris risnudlar,0.05,mg
4591,Ris rundkornigt kokt m. salt,Tillsatt socker,Ris risnudlar,0.0,g
4591,Ris rundkornigt kokt m. salt,Fritt socker,Ris risnudlar,0.0,g
4591,Ris rundkornigt kokt m. salt,"Selen, Se",Ris risnudlar,0.0,µg
4591,Ris rundkornigt kokt m. salt,Sackaros,Ris risnudlar,0.1,g
4591,Ris rundkornigt kokt m. salt,Riboflavin,Ris risnudlar,0.01,mg
4591,Ris rundkornigt kokt m. salt,Retinol,Ris risnudlar,0.0,µg
4591,Ris rundkornigt kokt m. salt,Protein,Ris risnudlar,2.3,g
4591,Ris rundkornigt kokt m. salt,Summa fleromättade fettsyror,Ris risnudlar,0.1,g
4591,Ris rundkornigt kokt m. salt,"Fosfor, P",Ris risnudlar,35.0,mg
4591,Ris rundkornigt kokt m. salt,Niacinekvivalenter,Ris risnudlar,0.86,NE/mg
4591,Ris rundkornigt kokt m. salt,Niacin,Ris risnudlar,0.46,mg
4591,Ris rundkornigt kokt m. salt,"Salt, NaCl",Ris risnudlar,0.7,g
4591,Ris rundkornigt kokt m. salt,"Natrium, Na",Ris risnudlar,291.0,mg
4591,Ris rundkornigt kokt m. salt,Monosackarider,Ris risnudlar,0.0,g
4591,Ris rundkornigt kokt m. salt,"Sockerarter, totalt",Ris risnudlar,0.1,g
4591,Ris rundkornigt kokt m. salt,Summa enkelomättade fettsyror,Ris risnudlar,0.1,g
4591,Ris rundkornigt kokt m. salt,"Magnesium, Mg",Ris risnudlar,10.0,mg
4591,Ris rundkornigt kokt m. salt,Summa mättade fettsyror,Ris risnudlar,0.0,g
4591,Ris rundkornigt kokt m. salt,"Kolhydrater, tillgängliga",Ris risnudlar,28.6,g
4591,Ris rundkornigt kokt m. salt,Kolesterol,Ris risnudlar,0.0,mg
4591,Ris rundkornigt kokt m. salt,"Kalium, K",Ris risnudlar,22.0,mg
4591,Ris rundkornigt kokt m. salt,"Jod, I",Ris risnudlar,37.7,µg
4591,Ris rundkornigt kokt m. salt,Fullkorn totalt,Ris risnudlar,0.0,g
4591,Ris rundkornigt kokt m. salt,"Folat, totalt",Ris risnudlar,1.9,µg
4591,Ris rundkornigt kokt m. salt,Fibrer,Ris risnudlar,0.4,g
4591,Ris rundkornigt kokt m. salt,"Fett, totalt",Ris risnudlar,0.3,g
4591,Ris rundkornigt kokt m. salt,"Järn, Fe",Ris risnudlar,0.1,mg
4591,Ris rundkornigt kokt m. salt,Energi (kJ),Ris risnudlar,539.0,kJ
4591,Ris rundkornigt kokt m. salt,Energi (kcal),Ris risnudlar,129.0,kcal
4591,Ris rundkornigt kokt m. salt,Disackarider,Ris risnudlar,0.1,g
4591,Ris rundkornigt kokt m. salt,"Kalcium, Ca",Ris risnudlar,1.0,mg
4591,Ris rundkornigt kokt m. salt,Fettsyra 4:0-10:0,Ris risnudlar,0.0,g
4591,Ris rundkornigt kokt m. salt,DHA (C22:6),Ris risnudlar,0.0,g
4591,Ris rundkornigt kokt m. salt,DPA (C22:5),Ris risnudlar,0.0,g
4591,Ris rundkornigt kokt m. salt,EPA (C20:5),Ris risnudlar,0.0,g
4591,Ris rundkornigt kokt m. salt,Arakidonsyra C20:4,Ris risnudlar,0.0,g
4591,Ris rundkornigt kokt m. salt,Arakidinsyra C20:0,Ris risnudlar,0.0,g
4591,Ris rundkornigt kokt m. salt,Linolensyra C18:3,Ris risnudlar,0.0,g
4591,Ris rundkornigt kokt m. salt,Linolsyra C18:2,Ris risnudlar,0.1,g
4591,Ris rundkornigt kokt m. salt,Oljesyra C18:1,Ris risnudlar,0.1,g
4591,Ris rundkornigt kokt m. salt,Stearinsyra C18:0,Ris risnudlar,0.0,g
4591,Ris rundkornigt kokt m. salt,Palmitoljesyra C16:1,Ris risnudlar,0.0,g
4591,Ris rundkornigt kokt m. salt,Palmitinsyra C16:0,Ris risnudlar,0.0,g
4591,Ris rundkornigt kokt m. salt,Myristinsyra C14:0,Ris risnudlar,0.0,g
4591,Ris rundkornigt kokt m. salt,Laurinsyra C12:0,Ris risnudlar,0.0,g
4591,Ris rundkornigt kokt m. salt,Betakaroten/β-Karoten,Ris risnudlar,0.0,µg
4591,Ris rundkornigt kokt m. salt,Avfall (skal etc.),Ris risnudlar,0.0,%
4591,Ris rundkornigt kokt m. salt,Aska,Ris risnudlar,0.9,g
4591,Ris rundkornigt kokt m. salt,Alkohol,Ris risnudlar,0.0,g
4600,Pilgrimsmussla,"Zink, Zn",Skaldjur bläckfisk färsk fryst kokt,0.8,mg
4600,Pilgrimsmussla,Vitamin E,Skaldjur bläckfisk färsk fryst kokt,0.7,mg
4600,Pilgrimsmussla,Vitamin D,Skaldjur bläckfisk färsk fryst kokt,0.0,µg
4600,Pilgrimsmussla,Vitamin C,Skaldjur bläckfisk färsk fryst kokt,0.0,mg
4600,Pilgrimsmussla,Vitamin B6,Skaldjur bläckfisk färsk fryst kokt,0.04,mg
4600,Pilgrimsmussla,Vitamin B12,Skaldjur bläckfisk färsk fryst kokt,0.59,µg
4600,Pilgrimsmussla,Vitamin A,Skaldjur bläckfisk färsk fryst kokt,1.1,RE/µg
4600,Pilgrimsmussla,Vatten,Skaldjur bläckfisk färsk fryst kokt,87.5,g
4600,Pilgrimsmussla,Tiamin,Skaldjur bläckfisk färsk fryst kokt,0.0,mg
4600,Pilgrimsmussla,Tillsatt socker,Skaldjur bläckfisk färsk fryst kokt,0.0,g
4600,Pilgrimsmussla,Fritt socker,Skaldjur bläckfisk färsk fryst kokt,0.0,g
4600,Pilgrimsmussla,"Selen, Se",Skaldjur bläckfisk färsk fryst kokt,9.7,µg
4600,Pilgrimsmussla,Sackaros,Skaldjur bläckfisk färsk fryst kokt,0.0,g
4600,Pilgrimsmussla,Riboflavin,Skaldjur bläckfisk färsk fryst kokt,0.0,mg
4600,Pilgrimsmussla,Retinol,Skaldjur bläckfisk färsk fryst kokt,1.1,µg
4600,Pilgrimsmussla,Protein,Skaldjur bläckfisk färsk fryst kokt,9.5,g
4600,Pilgrimsmussla,Summa fleromättade fettsyror,Skaldjur bläckfisk färsk fryst kokt,0.2,g
4600,Pilgrimsmussla,"Fosfor, P",Skaldjur bläckfisk färsk fryst kokt,467.0,mg
4600,Pilgrimsmussla,Niacinekvivalenter,Skaldjur bläckfisk färsk fryst kokt,2.2,NE/mg
4600,Pilgrimsmussla,Niacin,Skaldjur bläckfisk färsk fryst kokt,0.49,mg
4600,Pilgrimsmussla,"Salt, NaCl",Skaldjur bläckfisk färsk fryst kokt,1.4,g
4600,Pilgrimsmussla,"Natrium, Na",Skaldjur bläckfisk färsk fryst kokt,552.0,mg
4600,Pilgrimsmussla,Monosackarider,Skaldjur bläckfisk färsk fryst kokt,0.0,g
4600,Pilgrimsmussla,"Sockerarter, totalt",Skaldjur bläckfisk färsk fryst kokt,0.0,g
4600,Pilgrimsmussla,Summa enkelomättade fettsyror,Skaldjur bläckfisk färsk fryst kokt,0.0,g
4600,Pilgrimsmussla,"Magnesium, Mg",Skaldjur bläckfisk färsk fryst kokt,18.0,mg
4600,Pilgrimsmussla,Summa mättade fettsyror,Skaldjur bläckfisk färsk fryst kokt,0.1,g
4600,Pilgrimsmussla,"Kolhydrater, tillgängliga",Skaldjur bläckfisk färsk fryst kokt,0.0,g
4600,Pilgrimsmussla,Kolesterol,Skaldjur bläckfisk färsk fryst kokt,12.6,mg
4600,Pilgrimsmussla,"Kalium, K",Skaldjur bläckfisk färsk fryst kokt,113.0,mg
4600,Pilgrimsmussla,"Jod, I",Skaldjur bläckfisk färsk fryst kokt,4.0,µg
4600,Pilgrimsmussla,Fullkorn totalt,Skaldjur bläckfisk färsk fryst kokt,0.0,g
4600,Pilgrimsmussla,"Folat, totalt",Skaldjur bläckfisk färsk fryst kokt,11.0,µg
4600,Pilgrimsmussla,Fibrer,Skaldjur bläckfisk färsk fryst kokt,0.0,g
4600,Pilgrimsmussla,"Fett, totalt",Skaldjur bläckfisk färsk fryst kokt,0.5,g
4600,Pilgrimsmussla,"Järn, Fe",Skaldjur bläckfisk färsk fryst kokt,0.2,mg
4600,Pilgrimsmussla,Energi (kJ),Skaldjur bläckfisk färsk fryst kokt,180.0,kJ
4600,Pilgrimsmussla,Energi (kcal),Skaldjur bläckfisk färsk fryst kokt,43.0,kcal
4600,Pilgrimsmussla,Disackarider,Skaldjur bläckfisk färsk fryst kokt,0.0,g
4600,Pilgrimsmussla,"Kalcium, Ca",Skaldjur bläckfisk färsk fryst kokt,4.0,mg
4600,Pilgrimsmussla,Fettsyra 4:0-10:0,Skaldjur bläckfisk färsk fryst kokt,0.0,g
4600,Pilgrimsmussla,DHA (C22:6),Skaldjur bläckfisk färsk fryst kokt,0.1,g
4600,Pilgrimsmussla,DPA (C22:5),Skaldjur bläckfisk färsk fryst kokt,0.0,g
4600,Pilgrimsmussla,EPA (C20:5),Skaldjur bläckfisk färsk fryst kokt,0.1,g
4600,Pilgrimsmussla,Arakidonsyra C20:4,Skaldjur bläckfisk färsk fryst kokt,0.0,g
4600,Pilgrimsmussla,Arakidinsyra C20:0,Skaldjur bläckfisk färsk fryst kokt,0.0,g
4600,Pilgrimsmussla,Linolensyra C18:3,Skaldjur bläckfisk färsk fryst kokt,0.0,g
4600,Pilgrimsmussla,Linolsyra C18:2,Skaldjur bläckfisk färsk fryst kokt,0.0,g
4600,Pilgrimsmussla,Oljesyra C18:1,Skaldjur bläckfisk färsk fryst kokt,0.0,g
4600,Pilgrimsmussla,Stearinsyra C18:0,Skaldjur bläckfisk färsk fryst kokt,0.0,g
4600,Pilgrimsmussla,Palmitoljesyra C16:1,Skaldjur bläckfisk färsk fryst kokt,0.0,g
4600,Pilgrimsmussla,Palmitinsyra C16:0,Skaldjur bläckfisk färsk fryst kokt,0.1,g
4600,Pilgrimsmussla,Myristinsyra C14:0,Skaldjur bläckfisk färsk fryst kokt,0.0,g
4600,Pilgrimsmussla,Laurinsyra C12:0,Skaldjur bläckfisk färsk fryst kokt,0.0,g
4600,Pilgrimsmussla,Betakaroten/β-Karoten,Skaldjur bläckfisk färsk fryst kokt,0.0,µg
4600,Pilgrimsmussla,Avfall (skal etc.),Skaldjur bläckfisk färsk fryst kokt,0.0,%
4600,Pilgrimsmussla,Aska,Skaldjur bläckfisk färsk fryst kokt,2.0,g
4600,Pilgrimsmussla,Alkohol,Skaldjur bläckfisk färsk fryst kokt,0.0,g
4601,Laxbullar tillagade m. sås,"Zink, Zn",Fisk o skaldjursprodukter o rätter,0.4,mg
4601,Laxbullar tillagade m. sås,Vitamin E,Fisk o skaldjursprodukter o rätter,1.4,mg
4601,Laxbullar tillagade m. sås,Vitamin D,Fisk o skaldjursprodukter o rätter,1.2,µg
4601,Laxbullar tillagade m. sås,Vitamin C,Fisk o skaldjursprodukter o rätter,0.0,mg
4601,Laxbullar tillagade m. sås,Vitamin B6,Fisk o skaldjursprodukter o rätter,0.04,mg
4601,Laxbullar tillagade m. sås,Vitamin B12,Fisk o skaldjursprodukter o rätter,0.31,µg
4601,Laxbullar tillagade m. sås,Vitamin A,Fisk o skaldjursprodukter o rätter,22.5,RE/µg
4601,Laxbullar tillagade m. sås,Vatten,Fisk o skaldjursprodukter o rätter,78.4,g
4601,Laxbullar tillagade m. sås,Tiamin,Fisk o skaldjursprodukter o rätter,0.02,mg
4601,Laxbullar tillagade m. sås,Tillsatt socker,Fisk o skaldjursprodukter o rätter,0.0,g
4601,Laxbullar tillagade m. sås,Fritt socker,Fisk o skaldjursprodukter o rätter,0.0,g
4601,Laxbullar tillagade m. sås,"Selen, Se",Fisk o skaldjursprodukter o rätter,6.5,µg
4601,Laxbullar tillagade m. sås,Sackaros,Fisk o skaldjursprodukter o rätter,0.0,g
4601,Laxbullar tillagade m. sås,Riboflavin,Fisk o skaldjursprodukter o rätter,0.06,mg
4601,Laxbullar tillagade m. sås,Retinol,Fisk o skaldjursprodukter o rätter,19.8,µg
4601,Laxbullar tillagade m. sås,Protein,Fisk o skaldjursprodukter o rätter,5.2,g
4601,Laxbullar tillagade m. sås,Summa fleromättade fettsyror,Fisk o skaldjursprodukter o rätter,2.0,g
4601,Laxbullar tillagade m. sås,"Fosfor, P",Fisk o skaldjursprodukter o rätter,33.0,mg
4601,Laxbullar tillagade m. sås,Niacinekvivalenter,Fisk o skaldjursprodukter o rätter,2.0,NE/mg
4601,Laxbullar tillagade m. sås,Niacin,Fisk o skaldjursprodukter o rätter,1.08,mg
4601,Laxbullar tillagade m. sås,"Salt, NaCl",Fisk o skaldjursprodukter o rätter,0.8,g
4601,Laxbullar tillagade m. sås,"Natrium, Na",Fisk o skaldjursprodukter o rätter,312.0,mg
4601,Laxbullar tillagade m. sås,Monosackarider,Fisk o skaldjursprodukter o rätter,0.2,g
4601,Laxbullar tillagade m. sås,"Sockerarter, totalt",Fisk o skaldjursprodukter o rätter,0.9,g
4601,Laxbullar tillagade m. sås,Summa enkelomättade fettsyror,Fisk o skaldjursprodukter o rätter,3.2,g
4601,Laxbullar tillagade m. sås,"Magnesium, Mg",Fisk o skaldjursprodukter o rätter,9.0,mg
4601,Laxbullar tillagade m. sås,Summa mättade fettsyror,Fisk o skaldjursprodukter o rätter,1.4,g
4601,Laxbullar tillagade m. sås,"Kolhydrater, tillgängliga",Fisk o skaldjursprodukter o rätter,7.2,g
4601,Laxbullar tillagade m. sås,Kolesterol,Fisk o skaldjursprodukter o rätter,29.4,mg
4601,Laxbullar tillagade m. sås,"Kalium, K",Fisk o skaldjursprodukter o rätter,53.0,mg
4601,Laxbullar tillagade m. sås,"Jod, I",Fisk o skaldjursprodukter o rätter,30.0,µg
4601,Laxbullar tillagade m. sås,Fullkorn totalt,Fisk o skaldjursprodukter o rätter,0.0,g
4601,Laxbullar tillagade m. sås,"Folat, totalt",Fisk o skaldjursprodukter o rätter,2.0,µg
4601,Laxbullar tillagade m. sås,Fibrer,Fisk o skaldjursprodukter o rätter,0.0,g
4601,Laxbullar tillagade m. sås,"Fett, totalt",Fisk o skaldjursprodukter o rätter,7.2,g
4601,Laxbullar tillagade m. sås,"Järn, Fe",Fisk o skaldjursprodukter o rätter,0.2,mg
4601,Laxbullar tillagade m. sås,Energi (kJ),Fisk o skaldjursprodukter o rätter,479.0,kJ
4601,Laxbullar tillagade m. sås,Energi (kcal),Fisk o skaldjursprodukter o rätter,114.0,kcal
4601,Laxbullar tillagade m. sås,Disackarider,Fisk o skaldjursprodukter o rätter,0.7,g
4601,Laxbullar tillagade m. sås,"Kalcium, Ca",Fisk o skaldjursprodukter o rätter,18.0,mg
4601,Laxbullar tillagade m. sås,Fettsyra 4:0-10:0,Fisk o skaldjursprodukter o rätter,0.1,g
4601,Laxbullar tillagade m. sås,DHA (C22:6),Fisk o skaldjursprodukter o rätter,0.2,g
4601,Laxbullar tillagade m. sås,DPA (C22:5),Fisk o skaldjursprodukter o rätter,0.1,g
4601,Laxbullar tillagade m. sås,EPA (C20:5),Fisk o skaldjursprodukter o rätter,0.2,g
4601,Laxbullar tillagade m. sås,Arakidonsyra C20:4,Fisk o skaldjursprodukter o rätter,0.0,g
4601,Laxbullar tillagade m. sås,Arakidinsyra C20:0,Fisk o skaldjursprodukter o rätter,0.0,g
4601,Laxbullar tillagade m. sås,Linolensyra C18:3,Fisk o skaldjursprodukter o rätter,0.4,g
4601,Laxbullar tillagade m. sås,Linolsyra C18:2,Fisk o skaldjursprodukter o rätter,0.9,g
4601,Laxbullar tillagade m. sås,Oljesyra C18:1,Fisk o skaldjursprodukter o rätter,2.6,g
4601,Laxbullar tillagade m. sås,Stearinsyra C18:0,Fisk o skaldjursprodukter o rätter,0.2,g
4601,Laxbullar tillagade m. sås,Palmitoljesyra C16:1,Fisk o skaldjursprodukter o rätter,0.2,g
4601,Laxbullar tillagade m. sås,Palmitinsyra C16:0,Fisk o skaldjursprodukter o rätter,0.7,g
4601,Laxbullar tillagade m. sås,Myristinsyra C14:0,Fisk o skaldjursprodukter o rätter,0.2,g
4601,Laxbullar tillagade m. sås,Laurinsyra C12:0,Fisk o skaldjursprodukter o rätter,0.0,g
4601,Laxbullar tillagade m. sås,Betakaroten/β-Karoten,Fisk o skaldjursprodukter o rätter,30.0,µg
4601,Laxbullar tillagade m. sås,Avfall (skal etc.),Fisk o skaldjursprodukter o rätter,0.0,%
4601,Laxbullar tillagade m. sås,Aska,Fisk o skaldjursprodukter o rätter,1.9,g
4601,Laxbullar tillagade m. sås,Alkohol,Fisk o skaldjursprodukter o rätter,0.0,g
4602,Fiskpinnar ugnsstekta,"Zink, Zn",Fisk o skaldjursprodukter o rätter,0.6,mg
4602,Fiskpinnar ugnsstekta,Vitamin E,Fisk o skaldjursprodukter o rätter,3.9,mg
4602,Fiskpinnar ugnsstekta,Vitamin D,Fisk o skaldjursprodukter o rätter,0.33,µg
4602,Fiskpinnar ugnsstekta,Vitamin C,Fisk o skaldjursprodukter o rätter,0.0,mg
4602,Fiskpinnar ugnsstekta,Vitamin B6,Fisk o skaldjursprodukter o rätter,0.07,mg
4602,Fiskpinnar ugnsstekta,Vitamin B12,Fisk o skaldjursprodukter o rätter,1.11,µg
4602,Fiskpinnar ugnsstekta,Vitamin A,Fisk o skaldjursprodukter o rätter,20.1,RE/µg
4602,Fiskpinnar ugnsstekta,Vatten,Fisk o skaldjursprodukter o rätter,57.9,g
4602,Fiskpinnar ugnsstekta,Tiamin,Fisk o skaldjursprodukter o rätter,0.1,mg
4602,Fiskpinnar ugnsstekta,Tillsatt socker,Fisk o skaldjursprodukter o rätter,0.0,g
4602,Fiskpinnar ugnsstekta,Fritt socker,Fisk o skaldjursprodukter o rätter,0.0,g
4602,Fiskpinnar ugnsstekta,"Selen, Se",Fisk o skaldjursprodukter o rätter,14.3,µg
4602,Fiskpinnar ugnsstekta,Sackaros,Fisk o skaldjursprodukter o rätter,0.0,g
4602,Fiskpinnar ugnsstekta,Riboflavin,Fisk o skaldjursprodukter o rätter,0.07,mg
4602,Fiskpinnar ugnsstekta,Retinol,Fisk o skaldjursprodukter o rätter,17.9,µg
4602,Fiskpinnar ugnsstekta,Protein,Fisk o skaldjursprodukter o rätter,12.3,g
4602,Fiskpinnar ugnsstekta,Summa fleromättade fettsyror,Fisk o skaldjursprodukter o rätter,3.2,g
4602,Fiskpinnar ugnsstekta,"Fosfor, P",Fisk o skaldjursprodukter o rätter,143.0,mg
4602,Fiskpinnar ugnsstekta,Niacinekvivalenter,Fisk o skaldjursprodukter o rätter,3.6,NE/mg
4602,Fiskpinnar ugnsstekta,Niacin,Fisk o skaldjursprodukter o rätter,1.3,mg
4602,Fiskpinnar ugnsstekta,"Salt, NaCl",Fisk o skaldjursprodukter o rätter,1.0,g
4602,Fiskpinnar ugnsstekta,"Natrium, Na",Fisk o skaldjursprodukter o rätter,419.0,mg
4602,Fiskpinnar ugnsstekta,Monosackarider,Fisk o skaldjursprodukter o rätter,0.2,g
4602,Fiskpinnar ugnsstekta,"Sockerarter, totalt",Fisk o skaldjursprodukter o rätter,0.9,g
4602,Fiskpinnar ugnsstekta,Summa enkelomättade fettsyror,Fisk o skaldjursprodukter o rätter,4.1,g
4602,Fiskpinnar ugnsstekta,"Magnesium, Mg",Fisk o skaldjursprodukter o rätter,30.0,mg
4602,Fiskpinnar ugnsstekta,Summa mättade fettsyror,Fisk o skaldjursprodukter o rätter,0.8,g
4602,Fiskpinnar ugnsstekta,"Kolhydrater, tillgängliga",Fisk o skaldjursprodukter o rätter,19.0,g
4602,Fiskpinnar ugnsstekta,Kolesterol,Fisk o skaldjursprodukter o rätter,35.0,mg
4602,Fiskpinnar ugnsstekta,"Kalium, K",Fisk o skaldjursprodukter o rätter,145.0,mg
4602,Fiskpinnar ugnsstekta,"Jod, I",Fisk o skaldjursprodukter o rätter,55.0,µg
4602,Fiskpinnar ugnsstekta,Fullkorn totalt,Fisk o skaldjursprodukter o rätter,0.0,g
4602,Fiskpinnar ugnsstekta,"Folat, totalt",Fisk o skaldjursprodukter o rätter,9.4,µg
4602,Fiskpinnar ugnsstekta,Fibrer,Fisk o skaldjursprodukter o rätter,0.0,g
4602,Fiskpinnar ugnsstekta,"Fett, totalt",Fisk o skaldjursprodukter o rätter,9.1,g
4602,Fiskpinnar ugnsstekta,"Järn, Fe",Fisk o skaldjursprodukter o rätter,0.4,mg
4602,Fiskpinnar ugnsstekta,Energi (kJ),Fisk o skaldjursprodukter o rätter,867.0,kJ
4602,Fiskpinnar ugnsstekta,Energi (kcal),Fisk o skaldjursprodukter o rätter,207.0,kcal
4602,Fiskpinnar ugnsstekta,Disackarider,Fisk o skaldjursprodukter o rätter,0.7,g
4602,Fiskpinnar ugnsstekta,"Kalcium, Ca",Fisk o skaldjursprodukter o rätter,18.0,mg
4602,Fiskpinnar ugnsstekta,Fettsyra 4:0-10:0,Fisk o skaldjursprodukter o rätter,0.0,g
4602,Fiskpinnar ugnsstekta,DHA (C22:6),Fisk o skaldjursprodukter o rätter,0.1,g
4602,Fiskpinnar ugnsstekta,DPA (C22:5),Fisk o skaldjursprodukter o rätter,0.0,g
4602,Fiskpinnar ugnsstekta,EPA (C20:5),Fisk o skaldjursprodukter o rätter,0.1,g
4602,Fiskpinnar ugnsstekta,Arakidonsyra C20:4,Fisk o skaldjursprodukter o rätter,0.0,g
4602,Fiskpinnar ugnsstekta,Arakidinsyra C20:0,Fisk o skaldjursprodukter o rätter,0.0,g
4602,Fiskpinnar ugnsstekta,Linolensyra C18:3,Fisk o skaldjursprodukter o rätter,0.5,g
4602,Fiskpinnar ugnsstekta,Linolsyra C18:2,Fisk o skaldjursprodukter o rätter,2.5,g
4602,Fiskpinnar ugnsstekta,Oljesyra C18:1,Fisk o skaldjursprodukter o rätter,3.9,g
4602,Fiskpinnar ugnsstekta,Stearinsyra C18:0,Fisk o skaldjursprodukter o rätter,0.2,g
4602,Fiskpinnar ugnsstekta,Palmitoljesyra C16:1,Fisk o skaldjursprodukter o rätter,0.0,g
4602,Fiskpinnar ugnsstekta,Palmitinsyra C16:0,Fisk o skaldjursprodukter o rätter,0.5,g
4602,Fiskpinnar ugnsstekta,Myristinsyra C14:0,Fisk o skaldjursprodukter o rätter,0.0,g
4602,Fiskpinnar ugnsstekta,Laurinsyra C12:0,Fisk o skaldjursprodukter o rätter,0.0,g
4602,Fiskpinnar ugnsstekta,Betakaroten/β-Karoten,Fisk o skaldjursprodukter o rätter,20.0,µg
4602,Fiskpinnar ugnsstekta,Avfall (skal etc.),Fisk o skaldjursprodukter o rätter,0.0,%
4602,Fiskpinnar ugnsstekta,Aska,Fisk o skaldjursprodukter o rätter,1.7,g
4602,Fiskpinnar ugnsstekta,Alkohol,Fisk o skaldjursprodukter o rätter,0.0,g
4607,Skarpsill,"Zink, Zn",Fisk färsk fryst kokt,2.7,mg
4607,Skarpsill,Vitamin E,Fisk färsk fryst kokt,0.8,mg
4607,Skarpsill,Vitamin D,Fisk färsk fryst kokt,20.3,µg
4607,Skarpsill,Vitamin C,Fisk färsk fryst kokt,0.0,mg
4607,Skarpsill,Vitamin B6,Fisk färsk fryst kokt,0.27,mg
4607,Skarpsill,Vitamin B12,Fisk färsk fryst kokt,10.4,µg
4607,Skarpsill,Vitamin A,Fisk färsk fryst kokt,276.0,RE/µg
4607,Skarpsill,Vatten,Fisk färsk fryst kokt,74.0,g
4607,Skarpsill,Tiamin,Fisk färsk fryst kokt,0.0,mg
4607,Skarpsill,Tillsatt socker,Fisk färsk fryst kokt,0.0,g
4607,Skarpsill,Fritt socker,Fisk färsk fryst kokt,0.0,g
4607,Skarpsill,"Selen, Se",Fisk färsk fryst kokt,22.6,µg
4607,Skarpsill,Sackaros,Fisk färsk fryst kokt,0.0,g
4607,Skarpsill,Riboflavin,Fisk färsk fryst kokt,0.15,mg
4607,Skarpsill,Retinol,Fisk färsk fryst kokt,276.0,µg
4607,Skarpsill,Protein,Fisk färsk fryst kokt,17.6,g
4607,Skarpsill,Summa fleromättade fettsyror,Fisk färsk fryst kokt,2.3,g
4607,Skarpsill,"Fosfor, P",Fisk färsk fryst kokt,381.0,mg
4607,Skarpsill,Niacinekvivalenter,Fisk färsk fryst kokt,7.6,NE/mg
4607,Skarpsill,Niacin,Fisk färsk fryst kokt,4.39,mg
4607,Skarpsill,"Salt, NaCl",Fisk färsk fryst kokt,0.2,g
4607,Skarpsill,"Natrium, Na",Fisk färsk fryst kokt,68.0,mg
4607,Skarpsill,Monosackarider,Fisk färsk fryst kokt,0.0,g
4607,Skarpsill,"Sockerarter, totalt",Fisk färsk fryst kokt,0.0,g
4607,Skarpsill,Summa enkelomättade fettsyror,Fisk färsk fryst kokt,3.2,g
4607,Skarpsill,"Magnesium, Mg",Fisk färsk fryst kokt,31.0,mg
4607,Skarpsill,Summa mättade fettsyror,Fisk färsk fryst kokt,2.4,g
4607,Skarpsill,"Kolhydrater, tillgängliga",Fisk färsk fryst kokt,0.0,g
4607,Skarpsill,Kolesterol,Fisk färsk fryst kokt,110.0,mg
4607,Skarpsill,"Kalium, K",Fisk färsk fryst kokt,246.0,mg
4607,Skarpsill,"Jod, I",Fisk färsk fryst kokt,59.0,µg
4607,Skarpsill,Fullkorn totalt,Fisk färsk fryst kokt,0.0,g
4607,Skarpsill,"Folat, totalt",Fisk färsk fryst kokt,17.6,µg
4607,Skarpsill,Fibrer,Fisk färsk fryst kokt,0.0,g
4607,Skarpsill,"Fett, totalt",Fisk färsk fryst kokt,9.0,g
4607,Skarpsill,"Järn, Fe",Fisk färsk fryst kokt,1.6,mg
4607,Skarpsill,Energi (kJ),Fisk färsk fryst kokt,635.0,kJ
4607,Skarpsill,Energi (kcal),Fisk färsk fryst kokt,152.0,kcal
4607,Skarpsill,Disackarider,Fisk färsk fryst kokt,0.0,g
4607,Skarpsill,"Kalcium, Ca",Fisk färsk fryst kokt,157.0,mg
4607,Skarpsill,Fettsyra 4:0-10:0,Fisk färsk fryst kokt,0.0,g
4607,Skarpsill,DHA (C22:6),Fisk färsk fryst kokt,0.8,g
4607,Skarpsill,DPA (C22:5),Fisk färsk fryst kokt,0.1,g
4607,Skarpsill,EPA (C20:5),Fisk färsk fryst kokt,0.5,g
4607,Skarpsill,Arakidonsyra C20:4,Fisk färsk fryst kokt,0.1,g
4607,Skarpsill,Arakidinsyra C20:0,Fisk färsk fryst kokt,0.0,g
4607,Skarpsill,Linolensyra C18:3,Fisk färsk fryst kokt,0.2,g
4607,Skarpsill,Linolsyra C18:2,Fisk färsk fryst kokt,0.3,g
4607,Skarpsill,Oljesyra C18:1,Fisk färsk fryst kokt,2.4,g
4607,Skarpsill,Stearinsyra C18:0,Fisk färsk fryst kokt,0.2,g
4607,Skarpsill,Palmitoljesyra C16:1,Fisk färsk fryst kokt,0.5,g
4607,Skarpsill,Palmitinsyra C16:0,Fisk färsk fryst kokt,1.7,g
4607,Skarpsill,Myristinsyra C14:0,Fisk färsk fryst kokt,0.4,g
4607,Skarpsill,Laurinsyra C12:0,Fisk färsk fryst kokt,0.0,g
4607,Skarpsill,Betakaroten/β-Karoten,Fisk färsk fryst kokt,0.0,µg
4607,Skarpsill,Avfall (skal etc.),Fisk färsk fryst kokt,30.0,%
4607,Skarpsill,Aska,Fisk färsk fryst kokt,2.2,g
4607,Skarpsill,Alkohol,Fisk färsk fryst kokt,0.0,g
4608,Sill inlagd u. lag,"Zink, Zn",Fisk färsk fryst kokt,0.4,mg
4608,Sill inlagd u. lag,Vitamin E,Fisk färsk fryst kokt,0.6,mg
4608,Sill inlagd u. lag,Vitamin D inkl 25-OH-D3,Fisk färsk fryst kokt,12.3,µg
4608,Sill inlagd u. lag,Vitamin D,Fisk färsk fryst kokt,12.3,µg
4608,Sill inlagd u. lag,Vitamin C,Fisk färsk fryst kokt,0.0,mg
4608,Sill inlagd u. lag,Vitamin B6,Fisk färsk fryst kokt,0.06,mg
4608,Sill inlagd u. lag,Vitamin B12,Fisk färsk fryst kokt,7.44,µg
4608,Sill inlagd u. lag,Vitamin A,Fisk färsk fryst kokt,11.8,RE/µg
4608,Sill inlagd u. lag,Vatten,Fisk färsk fryst kokt,53.1,g
4608,Sill inlagd u. lag,Tiamin,Fisk färsk fryst kokt,0.0,mg
4608,Sill inlagd u. lag,Tillsatt socker,Fisk färsk fryst kokt,19.0,g
4608,Sill inlagd u. lag,Fritt socker,Fisk färsk fryst kokt,19.0,g
4608,Sill inlagd u. lag,"Selen, Se",Fisk färsk fryst kokt,14.2,µg
4608,Sill inlagd u. lag,Sackaros,Fisk färsk fryst kokt,17.2,g
4608,Sill inlagd u. lag,Riboflavin,Fisk färsk fryst kokt,0.09,mg
4608,Sill inlagd u. lag,Retinol,Fisk färsk fryst kokt,11.8,µg
4608,Sill inlagd u. lag,Protein,Fisk färsk fryst kokt,9.8,g
4608,Sill inlagd u. lag,Summa fleromättade fettsyror,Fisk färsk fryst kokt,2.5,g
4608,Sill inlagd u. lag,"Fosfor, P",Fisk färsk fryst kokt,66.0,mg
4608,Sill inlagd u. lag,Niacinekvivalenter,Fisk färsk fryst kokt,2.8,NE/mg
4608,Sill inlagd u. lag,Niacin,Fisk färsk fryst kokt,1.06,mg
4608,Sill inlagd u. lag,"Salt, NaCl",Fisk färsk fryst kokt,2.9,g
4608,Sill inlagd u. lag,"Natrium, Na",Fisk färsk fryst kokt,1175.0,mg
4608,Sill inlagd u. lag,Monosackarider,Fisk färsk fryst kokt,1.6,g
4608,Sill inlagd u. lag,"Sockerarter, totalt",Fisk färsk fryst kokt,18.9,g
4608,Sill inlagd u. lag,Summa enkelomättade fettsyror,Fisk färsk fryst kokt,5.4,g
4608,Sill inlagd u. lag,"Magnesium, Mg",Fisk färsk fryst kokt,14.0,mg
4608,Sill inlagd u. lag,Summa mättade fettsyror,Fisk färsk fryst kokt,2.5,g
4608,Sill inlagd u. lag,"Kolhydrater, tillgängliga",Fisk färsk fryst kokt,21.9,g
4608,Sill inlagd u. lag,Kolesterol,Fisk färsk fryst kokt,56.9,mg
4608,Sill inlagd u. lag,"Kalium, K",Fisk färsk fryst kokt,61.0,mg
4608,Sill inlagd u. lag,"Jod, I",Fisk färsk fryst kokt,57.0,µg
4608,Sill inlagd u. lag,Fullkorn totalt,Fisk färsk fryst kokt,0.0,g
4608,Sill inlagd u. lag,"Folat, totalt",Fisk färsk fryst kokt,0.0,µg
4608,Sill inlagd u. lag,Fibrer,Fisk färsk fryst kokt,0.0,g
4608,Sill inlagd u. lag,"Fett, totalt",Fisk färsk fryst kokt,12.0,g
4608,Sill inlagd u. lag,"Järn, Fe",Fisk färsk fryst kokt,0.6,mg
4608,Sill inlagd u. lag,Energi (kJ),Fisk färsk fryst kokt,982.0,kJ
4608,Sill inlagd u. lag,Energi (kcal),Fisk färsk fryst kokt,235.0,kcal
4608,Sill inlagd u. lag,Disackarider,Fisk färsk fryst kokt,17.3,g
4608,Sill inlagd u. lag,"Kalcium, Ca",Fisk färsk fryst kokt,19.0,mg
4608,Sill inlagd u. lag,Fettsyra 4:0-10:0,Fisk färsk fryst kokt,0.0,g
4608,Sill inlagd u. lag,DHA (C22:6),Fisk färsk fryst kokt,0.9,g
4608,Sill inlagd u. lag,DPA (C22:5),Fisk färsk fryst kokt,0.1,g
4608,Sill inlagd u. lag,EPA (C20:5),Fisk färsk fryst kokt,0.7,g
4608,Sill inlagd u. lag,Arakidonsyra C20:4,Fisk färsk fryst kokt,0.1,g
4608,Sill inlagd u. lag,Arakidinsyra C20:0,Fisk färsk fryst kokt,0.0,g
4608,Sill inlagd u. lag,Linolensyra C18:3,Fisk färsk fryst kokt,0.1,g
4608,Sill inlagd u. lag,Linolsyra C18:2,Fisk färsk fryst kokt,0.2,g
4608,Sill inlagd u. lag,Oljesyra C18:1,Fisk färsk fryst kokt,1.4,g
4608,Sill inlagd u. lag,Stearinsyra C18:0,Fisk färsk fryst kokt,0.1,g
4608,Sill inlagd u. lag,Palmitoljesyra C16:1,Fisk färsk fryst kokt,0.6,g
4608,Sill inlagd u. lag,Palmitinsyra C16:0,Fisk färsk fryst kokt,1.5,g
4608,Sill inlagd u. lag,Myristinsyra C14:0,Fisk färsk fryst kokt,0.8,g
4608,Sill inlagd u. lag,Laurinsyra C12:0,Fisk färsk fryst kokt,0.0,g
4608,Sill inlagd u. lag,Betakaroten/β-Karoten,Fisk färsk fryst kokt,0.0,µg
4608,Sill inlagd u. lag,Avfall (skal etc.),Fisk färsk fryst kokt,0.0,%
4608,Sill inlagd u. lag,Aska,Fisk färsk fryst kokt,3.3,g
4608,Sill inlagd u. lag,Alkohol,Fisk färsk fryst kokt,0.0,g
4609,Sill höstsill inlagd u. lag,"Zink, Zn",Fisk o skaldjursprodukter o rätter,0.3,mg
4609,Sill höstsill inlagd u. lag,Vitamin E,Fisk o skaldjursprodukter o rätter,0.5,mg
4609,Sill höstsill inlagd u. lag,Vitamin D inkl 25-OH-D3,Fisk o skaldjursprodukter o rätter,10.1,µg
4609,Sill höstsill inlagd u. lag,Vitamin D,Fisk o skaldjursprodukter o rätter,10.1,µg
4609,Sill höstsill inlagd u. lag,Vitamin C,Fisk o skaldjursprodukter o rätter,0.0,mg
4609,Sill höstsill inlagd u. lag,Vitamin B6,Fisk o skaldjursprodukter o rätter,0.07,mg
4609,Sill höstsill inlagd u. lag,Vitamin B12,Fisk o skaldjursprodukter o rätter,6.06,µg
4609,Sill höstsill inlagd u. lag,Vitamin A,Fisk o skaldjursprodukter o rätter,14.2,RE/µg
4609,Sill höstsill inlagd u. lag,Vatten,Fisk o skaldjursprodukter o rätter,50.3,g
4609,Sill höstsill inlagd u. lag,Tiamin,Fisk o skaldjursprodukter o rätter,0.0,mg
4609,Sill höstsill inlagd u. lag,Tillsatt socker,Fisk o skaldjursprodukter o rätter,19.0,g
4609,Sill höstsill inlagd u. lag,Fritt socker,Fisk o skaldjursprodukter o rätter,19.0,g
4609,Sill höstsill inlagd u. lag,"Selen, Se",Fisk o skaldjursprodukter o rätter,14.1,µg
4609,Sill höstsill inlagd u. lag,Sackaros,Fisk o skaldjursprodukter o rätter,16.9,g
4609,Sill höstsill inlagd u. lag,Riboflavin,Fisk o skaldjursprodukter o rätter,0.08,mg
4609,Sill höstsill inlagd u. lag,Retinol,Fisk o skaldjursprodukter o rätter,14.2,µg
4609,Sill höstsill inlagd u. lag,Protein,Fisk o skaldjursprodukter o rätter,11.7,g
4609,Sill höstsill inlagd u. lag,Summa fleromättade fettsyror,Fisk o skaldjursprodukter o rätter,2.9,g
4609,Sill höstsill inlagd u. lag,"Fosfor, P",Fisk o skaldjursprodukter o rätter,68.0,mg
4609,Sill höstsill inlagd u. lag,Niacinekvivalenter,Fisk o skaldjursprodukter o rätter,3.2,NE/mg
4609,Sill höstsill inlagd u. lag,Niacin,Fisk o skaldjursprodukter o rätter,1.04,mg
4609,Sill höstsill inlagd u. lag,"Salt, NaCl",Fisk o skaldjursprodukter o rätter,2.7,g
4609,Sill höstsill inlagd u. lag,"Natrium, Na",Fisk o skaldjursprodukter o rätter,1083.0,mg
4609,Sill höstsill inlagd u. lag,Monosackarider,Fisk o skaldjursprodukter o rätter,2.4,g
4609,Sill höstsill inlagd u. lag,"Sockerarter, totalt",Fisk o skaldjursprodukter o rätter,19.3,g
4609,Sill höstsill inlagd u. lag,Summa enkelomättade fettsyror,Fisk o skaldjursprodukter o rätter,5.0,g
4609,Sill höstsill inlagd u. lag,"Magnesium, Mg",Fisk o skaldjursprodukter o rätter,13.0,mg
4609,Sill höstsill inlagd u. lag,Summa mättade fettsyror,Fisk o skaldjursprodukter o rätter,2.5,g
4609,Sill höstsill inlagd u. lag,"Kolhydrater, tillgängliga",Fisk o skaldjursprodukter o rätter,23.1,g
4609,Sill höstsill inlagd u. lag,Kolesterol,Fisk o skaldjursprodukter o rätter,48.1,mg
4609,Sill höstsill inlagd u. lag,"Kalium, K",Fisk o skaldjursprodukter o rätter,62.0,mg
4609,Sill höstsill inlagd u. lag,"Jod, I",Fisk o skaldjursprodukter o rätter,64.0,µg
4609,Sill höstsill inlagd u. lag,Fullkorn totalt,Fisk o skaldjursprodukter o rätter,0.0,g
4609,Sill höstsill inlagd u. lag,"Folat, totalt",Fisk o skaldjursprodukter o rätter,0.0,µg
4609,Sill höstsill inlagd u. lag,Fibrer,Fisk o skaldjursprodukter o rätter,0.0,g
4609,Sill höstsill inlagd u. lag,"Fett, totalt",Fisk o skaldjursprodukter o rätter,12.0,g
4609,Sill höstsill inlagd u. lag,"Järn, Fe",Fisk o skaldjursprodukter o rätter,0.6,mg
4609,Sill höstsill inlagd u. lag,Energi (kJ),Fisk o skaldjursprodukter o rätter,1034.0,kJ
4609,Sill höstsill inlagd u. lag,Energi (kcal),Fisk o skaldjursprodukter o rätter,247.0,kcal
4609,Sill höstsill inlagd u. lag,Disackarider,Fisk o skaldjursprodukter o rätter,16.9,g
4609,Sill höstsill inlagd u. lag,"Kalcium, Ca",Fisk o skaldjursprodukter o rätter,17.0,mg
4609,Sill höstsill inlagd u. lag,Fettsyra 4:0-10:0,Fisk o skaldjursprodukter o rätter,0.0,g
4609,Sill höstsill inlagd u. lag,DHA (C22:6),Fisk o skaldjursprodukter o rätter,1.0,g
4609,Sill höstsill inlagd u. lag,DPA (C22:5),Fisk o skaldjursprodukter o rätter,0.1,g
4609,Sill höstsill inlagd u. lag,EPA (C20:5),Fisk o skaldjursprodukter o rätter,0.8,g
4609,Sill höstsill inlagd u. lag,Arakidonsyra C20:4,Fisk o skaldjursprodukter o rätter,0.1,g
4609,Sill höstsill inlagd u. lag,Arakidinsyra C20:0,Fisk o skaldjursprodukter o rätter,0.0,g
4609,Sill höstsill inlagd u. lag,Linolensyra C18:3,Fisk o skaldjursprodukter o rätter,0.1,g
4609,Sill höstsill inlagd u. lag,Linolsyra C18:2,Fisk o skaldjursprodukter o rätter,0.2,g
4609,Sill höstsill inlagd u. lag,Oljesyra C18:1,Fisk o skaldjursprodukter o rätter,1.4,g
4609,Sill höstsill inlagd u. lag,Stearinsyra C18:0,Fisk o skaldjursprodukter o rätter,0.1,g
4609,Sill höstsill inlagd u. lag,Palmitoljesyra C16:1,Fisk o skaldjursprodukter o rätter,0.6,g
4609,Sill höstsill inlagd u. lag,Palmitinsyra C16:0,Fisk o skaldjursprodukter o rätter,1.5,g
4609,Sill höstsill inlagd u. lag,Myristinsyra C14:0,Fisk o skaldjursprodukter o rätter,0.8,g
4609,Sill höstsill inlagd u. lag,Laurinsyra C12:0,Fisk o skaldjursprodukter o rätter,0.0,g
4609,Sill höstsill inlagd u. lag,Betakaroten/β-Karoten,Fisk o skaldjursprodukter o rätter,0.0,µg
4609,Sill höstsill inlagd u. lag,Avfall (skal etc.),Fisk o skaldjursprodukter o rätter,0.0,%
4609,Sill höstsill inlagd u. lag,Aska,Fisk o skaldjursprodukter o rätter,2.9,g
4609,Sill höstsill inlagd u. lag,Alkohol,Fisk o skaldjursprodukter o rätter,0.0,g
4610,Sill inlagd senapssill u. sås,"Zink, Zn",Fisk o skaldjursprodukter o rätter,0.4,mg
4610,Sill inlagd senapssill u. sås,Vitamin E,Fisk o skaldjursprodukter o rätter,4.0,mg
4610,Sill inlagd senapssill u. sås,Vitamin D inkl 25-OH-D3,Fisk o skaldjursprodukter o rätter,11.4,µg
4610,Sill inlagd senapssill u. sås,Vitamin D,Fisk o skaldjursprodukter o rätter,11.4,µg
4610,Sill inlagd senapssill u. sås,Vitamin C,Fisk o skaldjursprodukter o rätter,0.0,mg
4610,Sill inlagd senapssill u. sås,Vitamin B6,Fisk o skaldjursprodukter o rätter,0.07,mg
4610,Sill inlagd senapssill u. sås,Vitamin B12,Fisk o skaldjursprodukter o rätter,5.93,µg
4610,Sill inlagd senapssill u. sås,Vitamin A,Fisk o skaldjursprodukter o rätter,18.5,RE/µg
4610,Sill inlagd senapssill u. sås,Vatten,Fisk o skaldjursprodukter o rätter,55.8,g
4610,Sill inlagd senapssill u. sås,Tiamin,Fisk o skaldjursprodukter o rätter,0.0,mg
4610,Sill inlagd senapssill u. sås,Tillsatt socker,Fisk o skaldjursprodukter o rätter,15.0,g
4610,Sill inlagd senapssill u. sås,Fritt socker,Fisk o skaldjursprodukter o rätter,15.0,g
4610,Sill inlagd senapssill u. sås,"Selen, Se",Fisk o skaldjursprodukter o rätter,12.6,µg
4610,Sill inlagd senapssill u. sås,Sackaros,Fisk o skaldjursprodukter o rätter,13.7,g
4610,Sill inlagd senapssill u. sås,Riboflavin,Fisk o skaldjursprodukter o rätter,0.11,mg
4610,Sill inlagd senapssill u. sås,Retinol,Fisk o skaldjursprodukter o rätter,8.2,µg
4610,Sill inlagd senapssill u. sås,Protein,Fisk o skaldjursprodukter o rätter,7.8,g
4610,Sill inlagd senapssill u. sås,Summa fleromättade fettsyror,Fisk o skaldjursprodukter o rätter,4.5,g
4610,Sill inlagd senapssill u. sås,"Fosfor, P",Fisk o skaldjursprodukter o rätter,69.0,mg
4610,Sill inlagd senapssill u. sås,Niacinekvivalenter,Fisk o skaldjursprodukter o rätter,2.7,NE/mg
4610,Sill inlagd senapssill u. sås,Niacin,Fisk o skaldjursprodukter o rätter,1.26,mg
4610,Sill inlagd senapssill u. sås,"Salt, NaCl",Fisk o skaldjursprodukter o rätter,3.0,g
4610,Sill inlagd senapssill u. sås,"Natrium, Na",Fisk o skaldjursprodukter o rätter,1207.0,mg
4610,Sill inlagd senapssill u. sås,Monosackarider,Fisk o skaldjursprodukter o rätter,1.2,g
4610,Sill inlagd senapssill u. sås,"Sockerarter, totalt",Fisk o skaldjursprodukter o rätter,15.0,g
4610,Sill inlagd senapssill u. sås,Summa enkelomättade fettsyror,Fisk o skaldjursprodukter o rätter,9.4,g
4610,Sill inlagd senapssill u. sås,"Magnesium, Mg",Fisk o skaldjursprodukter o rätter,19.0,mg
4610,Sill inlagd senapssill u. sås,Summa mättade fettsyror,Fisk o skaldjursprodukter o rätter,2.1,g
4610,Sill inlagd senapssill u. sås,"Kolhydrater, tillgängliga",Fisk o skaldjursprodukter o rätter,15.2,g
4610,Sill inlagd senapssill u. sås,Kolesterol,Fisk o skaldjursprodukter o rätter,37.4,mg
4610,Sill inlagd senapssill u. sås,"Kalium, K",Fisk o skaldjursprodukter o rätter,70.0,mg
4610,Sill inlagd senapssill u. sås,"Jod, I",Fisk o skaldjursprodukter o rätter,33.0,µg
4610,Sill inlagd senapssill u. sås,Fullkorn totalt,Fisk o skaldjursprodukter o rätter,0.0,g
4610,Sill inlagd senapssill u. sås,"Folat, totalt",Fisk o skaldjursprodukter o rätter,0.0,µg
4610,Sill inlagd senapssill u. sås,Fibrer,Fisk o skaldjursprodukter o rätter,0.0,g
4610,Sill inlagd senapssill u. sås,"Fett, totalt",Fisk o skaldjursprodukter o rätter,17.8,g
4610,Sill inlagd senapssill u. sås,"Järn, Fe",Fisk o skaldjursprodukter o rätter,0.6,mg
4610,Sill inlagd senapssill u. sås,Energi (kJ),Fisk o skaldjursprodukter o rätter,1051.0,kJ
4610,Sill inlagd senapssill u. sås,Energi (kcal),Fisk o skaldjursprodukter o rätter,251.0,kcal
4610,Sill inlagd senapssill u. sås,Disackarider,Fisk o skaldjursprodukter o rätter,13.8,g
4610,Sill inlagd senapssill u. sås,"Kalcium, Ca",Fisk o skaldjursprodukter o rätter,25.0,mg
4610,Sill inlagd senapssill u. sås,Fettsyra 4:0-10:0,Fisk o skaldjursprodukter o rätter,0.0,g
4610,Sill inlagd senapssill u. sås,DHA (C22:6),Fisk o skaldjursprodukter o rätter,0.5,g
4610,Sill inlagd senapssill u. sås,DPA (C22:5),Fisk o skaldjursprodukter o rätter,0.0,g
4610,Sill inlagd senapssill u. sås,EPA (C20:5),Fisk o skaldjursprodukter o rätter,0.4,g
4610,Sill inlagd senapssill u. sås,Arakidonsyra C20:4,Fisk o skaldjursprodukter o rätter,0.0,g
4610,Sill inlagd senapssill u. sås,Arakidinsyra C20:0,Fisk o skaldjursprodukter o rätter,0.1,g
4610,Sill inlagd senapssill u. sås,Linolensyra C18:3,Fisk o skaldjursprodukter o rätter,1.2,g
4610,Sill inlagd senapssill u. sås,Linolsyra C18:2,Fisk o skaldjursprodukter o rätter,2.1,g
4610,Sill inlagd senapssill u. sås,Oljesyra C18:1,Fisk o skaldjursprodukter o rätter,6.5,g
4610,Sill inlagd senapssill u. sås,Stearinsyra C18:0,Fisk o skaldjursprodukter o rätter,0.2,g
4610,Sill inlagd senapssill u. sås,Palmitoljesyra C16:1,Fisk o skaldjursprodukter o rätter,0.3,g
4610,Sill inlagd senapssill u. sås,Palmitinsyra C16:0,Fisk o skaldjursprodukter o rätter,1.2,g
4610,Sill inlagd senapssill u. sås,Myristinsyra C14:0,Fisk o skaldjursprodukter o rätter,0.5,g
4610,Sill inlagd senapssill u. sås,Laurinsyra C12:0,Fisk o skaldjursprodukter o rätter,0.0,g
4610,Sill inlagd senapssill u. sås,Betakaroten/β-Karoten,Fisk o skaldjursprodukter o rätter,124.0,µg
4610,Sill inlagd senapssill u. sås,Avfall (skal etc.),Fisk o skaldjursprodukter o rätter,0.0,%
4610,Sill inlagd senapssill u. sås,Aska,Fisk o skaldjursprodukter o rätter,3.4,g
4610,Sill inlagd senapssill u. sås,Alkohol,Fisk o skaldjursprodukter o rätter,0.0,g
4611,Kapkummel rå,"Zink, Zn",Fisk färsk fryst kokt,0.3,mg
4611,Kapkummel rå,Vitamin E,Fisk färsk fryst kokt,0.2,mg
4611,Kapkummel rå,Vitamin D,Fisk färsk fryst kokt,0.43,µg
4611,Kapkummel rå,Vitamin C,Fisk färsk fryst kokt,0.0,mg
4611,Kapkummel rå,Vitamin B6,Fisk färsk fryst kokt,0.08,mg
4611,Kapkummel rå,Vitamin B12,Fisk färsk fryst kokt,0.95,µg
4611,Kapkummel rå,Vitamin A,Fisk färsk fryst kokt,3.1,RE/µg
4611,Kapkummel rå,Vatten,Fisk färsk fryst kokt,82.7,g
4611,Kapkummel rå,Tiamin,Fisk färsk fryst kokt,0.05,mg
4611,Kapkummel rå,Tillsatt socker,Fisk färsk fryst kokt,0.0,g
4611,Kapkummel rå,Fritt socker,Fisk färsk fryst kokt,0.0,g
4611,Kapkummel rå,"Selen, Se",Fisk färsk fryst kokt,22.1,µg
4611,Kapkummel rå,Sackaros,Fisk färsk fryst kokt,0.0,g
4611,Kapkummel rå,Riboflavin,Fisk färsk fryst kokt,0.03,mg
4611,Kapkummel rå,Retinol,Fisk färsk fryst kokt,3.1,µg
4611,Kapkummel rå,Protein,Fisk färsk fryst kokt,16.6,g
4611,Kapkummel rå,Summa fleromättade fettsyror,Fisk färsk fryst kokt,0.2,g
4611,Kapkummel rå,"Fosfor, P",Fisk färsk fryst kokt,176.0,mg
4611,Kapkummel rå,Niacinekvivalenter,Fisk färsk fryst kokt,4.5,NE/mg
4611,Kapkummel rå,Niacin,Fisk färsk fryst kokt,1.43,mg
4611,Kapkummel rå,"Salt, NaCl",Fisk färsk fryst kokt,0.4,g
4611,Kapkummel rå,"Natrium, Na",Fisk färsk fryst kokt,144.0,mg
4611,Kapkummel rå,Monosackarider,Fisk färsk fryst kokt,0.0,g
4611,Kapkummel rå,"Sockerarter, totalt",Fisk färsk fryst kokt,0.0,g
4611,Kapkummel rå,Summa enkelomättade fettsyror,Fisk färsk fryst kokt,0.2,g
4611,Kapkummel rå,"Magnesium, Mg",Fisk färsk fryst kokt,34.0,mg
4611,Kapkummel rå,Summa mättade fettsyror,Fisk färsk fryst kokt,0.1,g
4611,Kapkummel rå,"Kolhydrater, tillgängliga",Fisk färsk fryst kokt,0.0,g
4611,Kapkummel rå,Kolesterol,Fisk färsk fryst kokt,48.4,mg
4611,Kapkummel rå,"Kalium, K",Fisk färsk fryst kokt,342.0,mg
4611,Kapkummel rå,"Jod, I",Fisk färsk fryst kokt,8.0,µg
4611,Kapkummel rå,Fullkorn totalt,Fisk färsk fryst kokt,0.0,g
4611,Kapkummel rå,"Folat, totalt",Fisk färsk fryst kokt,12.5,µg
4611,Kapkummel rå,Fibrer,Fisk färsk fryst kokt,0.0,g
4611,Kapkummel rå,"Fett, totalt",Fisk färsk fryst kokt,0.6,g
4611,Kapkummel rå,"Järn, Fe",Fisk färsk fryst kokt,0.1,mg
4611,Kapkummel rå,Energi (kJ),Fisk färsk fryst kokt,305.0,kJ
4611,Kapkummel rå,Energi (kcal),Fisk färsk fryst kokt,73.0,kcal
4611,Kapkummel rå,Disackarider,Fisk färsk fryst kokt,0.0,g
4611,Kapkummel rå,"Kalcium, Ca",Fisk färsk fryst kokt,13.0,mg
4611,Kapkummel rå,Fettsyra 4:0-10:0,Fisk färsk fryst kokt,0.0,g
4611,Kapkummel rå,DHA (C22:6),Fisk färsk fryst kokt,0.1,g
4611,Kapkummel rå,DPA (C22:5),Fisk färsk fryst kokt,0.0,g
4611,Kapkummel rå,EPA (C20:5),Fisk färsk fryst kokt,0.0,g
4611,Kapkummel rå,Arakidonsyra C20:4,Fisk färsk fryst kokt,0.0,g
4611,Kapkummel rå,Arakidinsyra C20:0,Fisk färsk fryst kokt,0.0,g
4611,Kapkummel rå,Linolensyra C18:3,Fisk färsk fryst kokt,0.0,g
4611,Kapkummel rå,Linolsyra C18:2,Fisk färsk fryst kokt,0.0,g
4611,Kapkummel rå,Oljesyra C18:1,Fisk färsk fryst kokt,0.1,g
4611,Kapkummel rå,Stearinsyra C18:0,Fisk färsk fryst kokt,0.0,g
4611,Kapkummel rå,Palmitoljesyra C16:1,Fisk färsk fryst kokt,0.0,g
4611,Kapkummel rå,Palmitinsyra C16:0,Fisk färsk fryst kokt,0.1,g
4611,Kapkummel rå,Myristinsyra C14:0,Fisk färsk fryst kokt,0.0,g
4611,Kapkummel rå,Laurinsyra C12:0,Fisk färsk fryst kokt,0.0,g
4611,Kapkummel rå,Betakaroten/β-Karoten,Fisk färsk fryst kokt,0.0,µg
4611,Kapkummel rå,Avfall (skal etc.),Fisk färsk fryst kokt,0.0,%
4611,Kapkummel rå,Aska,Fisk färsk fryst kokt,1.1,g
4611,Kapkummel rå,Alkohol,Fisk färsk fryst kokt,0.0,g
4612,Guldsparid rå,"Zink, Zn",Fisk färsk fryst kokt,0.5,mg
4612,Guldsparid rå,Vitamin E,Fisk färsk fryst kokt,1.4,mg
4612,Guldsparid rå,Vitamin D,Fisk färsk fryst kokt,6.93,µg
4612,Guldsparid rå,Vitamin C,Fisk färsk fryst kokt,0.0,mg
4612,Guldsparid rå,Vitamin B6,Fisk färsk fryst kokt,0.42,mg
4612,Guldsparid rå,Vitamin B12,Fisk färsk fryst kokt,3.36,µg
4612,Guldsparid rå,Vitamin A,Fisk färsk fryst kokt,30.6,RE/µg
4612,Guldsparid rå,Vatten,Fisk färsk fryst kokt,66.6,g
4612,Guldsparid rå,Tiamin,Fisk färsk fryst kokt,0.26,mg
4612,Guldsparid rå,Tillsatt socker,Fisk färsk fryst kokt,0.0,g
4612,Guldsparid rå,Fritt socker,Fisk färsk fryst kokt,0.0,g
4612,Guldsparid rå,"Selen, Se",Fisk färsk fryst kokt,16.0,µg
4612,Guldsparid rå,Sackaros,Fisk färsk fryst kokt,0.0,g
4612,Guldsparid rå,Riboflavin,Fisk färsk fryst kokt,0.12,mg
4612,Guldsparid rå,Retinol,Fisk färsk fryst kokt,30.6,µg
4612,Guldsparid rå,Protein,Fisk färsk fryst kokt,18.9,g
4612,Guldsparid rå,Summa fleromättade fettsyror,Fisk färsk fryst kokt,3.6,g
4612,Guldsparid rå,"Fosfor, P",Fisk färsk fryst kokt,261.0,mg
4612,Guldsparid rå,Niacinekvivalenter,Fisk färsk fryst kokt,9.5,NE/mg
4612,Guldsparid rå,Niacin,Fisk färsk fryst kokt,6.05,mg
4612,Guldsparid rå,"Salt, NaCl",Fisk färsk fryst kokt,0.2,g
4612,Guldsparid rå,"Natrium, Na",Fisk färsk fryst kokt,60.0,mg
4612,Guldsparid rå,Monosackarider,Fisk färsk fryst kokt,0.0,g
4612,Guldsparid rå,"Sockerarter, totalt",Fisk färsk fryst kokt,0.0,g
4612,Guldsparid rå,Summa enkelomättade fettsyror,Fisk färsk fryst kokt,4.0,g
4612,Guldsparid rå,"Magnesium, Mg",Fisk färsk fryst kokt,31.0,mg
4612,Guldsparid rå,Summa mättade fettsyror,Fisk färsk fryst kokt,2.3,g
4612,Guldsparid rå,"Kolhydrater, tillgängliga",Fisk färsk fryst kokt,0.0,g
4612,Guldsparid rå,Kolesterol,Fisk färsk fryst kokt,80.1,mg
4612,Guldsparid rå,"Kalium, K",Fisk färsk fryst kokt,421.0,mg
4612,Guldsparid rå,"Jod, I",Fisk färsk fryst kokt,24.0,µg
4612,Guldsparid rå,Fullkorn totalt,Fisk färsk fryst kokt,0.0,g
4612,Guldsparid rå,"Folat, totalt",Fisk färsk fryst kokt,9.4,µg
4612,Guldsparid rå,Fibrer,Fisk färsk fryst kokt,0.0,g
4612,Guldsparid rå,"Fett, totalt",Fisk färsk fryst kokt,11.4,g
4612,Guldsparid rå,"Järn, Fe",Fisk färsk fryst kokt,0.2,mg
4612,Guldsparid rå,Energi (kJ),Fisk färsk fryst kokt,742.0,kJ
4612,Guldsparid rå,Energi (kcal),Fisk färsk fryst kokt,177.0,kcal
4612,Guldsparid rå,Disackarider,Fisk färsk fryst kokt,0.0,g
4612,Guldsparid rå,"Kalcium, Ca",Fisk färsk fryst kokt,17.0,mg
4612,Guldsparid rå,Fettsyra 4:0-10:0,Fisk färsk fryst kokt,0.0,g
4612,Guldsparid rå,DHA (C22:6),Fisk färsk fryst kokt,0.9,g
4612,Guldsparid rå,DPA (C22:5),Fisk färsk fryst kokt,0.4,g
4612,Guldsparid rå,EPA (C20:5),Fisk färsk fryst kokt,0.6,g
4612,Guldsparid rå,Arakidonsyra C20:4,Fisk färsk fryst kokt,0.2,g
4612,Guldsparid rå,Arakidinsyra C20:0,Fisk färsk fryst kokt,0.0,g
4612,Guldsparid rå,Linolensyra C18:3,Fisk färsk fryst kokt,0.2,g
4612,Guldsparid rå,Linolsyra C18:2,Fisk färsk fryst kokt,1.0,g
4612,Guldsparid rå,Oljesyra C18:1,Fisk färsk fryst kokt,2.7,g
4612,Guldsparid rå,Stearinsyra C18:0,Fisk färsk fryst kokt,0.3,g
4612,Guldsparid rå,Palmitoljesyra C16:1,Fisk färsk fryst kokt,0.6,g
4612,Guldsparid rå,Palmitinsyra C16:0,Fisk färsk fryst kokt,1.5,g
4612,Guldsparid rå,Myristinsyra C14:0,Fisk färsk fryst kokt,0.4,g
4612,Guldsparid rå,Laurinsyra C12:0,Fisk färsk fryst kokt,0.0,g
4612,Guldsparid rå,Betakaroten/β-Karoten,Fisk färsk fryst kokt,0.0,µg
4612,Guldsparid rå,Avfall (skal etc.),Fisk färsk fryst kokt,40.0,%
4612,Guldsparid rå,Aska,Fisk färsk fryst kokt,1.2,g
4612,Guldsparid rå,Alkohol,Fisk färsk fryst kokt,0.0,g
4613,Havsabborre rå,"Zink, Zn",Fisk färsk fryst kokt,0.5,mg
4613,Havsabborre rå,Vitamin E,Fisk färsk fryst kokt,1.6,mg
4613,Havsabborre rå,Vitamin D,Fisk färsk fryst kokt,4.74,µg
4613,Havsabborre rå,Vitamin C,Fisk färsk fryst kokt,0.0,mg
4613,Havsabborre rå,Vitamin B6,Fisk färsk fryst kokt,0.37,mg
4613,Havsabborre rå,Vitamin B12,Fisk färsk fryst kokt,3.06,µg
4613,Havsabborre rå,Vitamin A,Fisk färsk fryst kokt,23.9,RE/µg
4613,Havsabborre rå,Vatten,Fisk färsk fryst kokt,71.3,g
4613,Havsabborre rå,Tiamin,Fisk färsk fryst kokt,0.38,mg
4613,Havsabborre rå,Tillsatt socker,Fisk färsk fryst kokt,0.0,g
4613,Havsabborre rå,Fritt socker,Fisk färsk fryst kokt,0.0,g
4613,Havsabborre rå,"Selen, Se",Fisk färsk fryst kokt,15.9,µg
4613,Havsabborre rå,Sackaros,Fisk färsk fryst kokt,0.0,g
4613,Havsabborre rå,Riboflavin,Fisk färsk fryst kokt,0.14,mg
4613,Havsabborre rå,Retinol,Fisk färsk fryst kokt,23.9,µg
4613,Havsabborre rå,Protein,Fisk färsk fryst kokt,19.5,g
4613,Havsabborre rå,Summa fleromättade fettsyror,Fisk färsk fryst kokt,2.0,g
4613,Havsabborre rå,"Fosfor, P",Fisk färsk fryst kokt,233.0,mg
4613,Havsabborre rå,Niacinekvivalenter,Fisk färsk fryst kokt,8.5,NE/mg
4613,Havsabborre rå,Niacin,Fisk färsk fryst kokt,4.95,mg
4613,Havsabborre rå,"Salt, NaCl",Fisk färsk fryst kokt,0.2,g
4613,Havsabborre rå,"Natrium, Na",Fisk färsk fryst kokt,63.0,mg
4613,Havsabborre rå,Monosackarider,Fisk färsk fryst kokt,0.0,g
4613,Havsabborre rå,"Sockerarter, totalt",Fisk färsk fryst kokt,0.0,g
4613,Havsabborre rå,Summa enkelomättade fettsyror,Fisk färsk fryst kokt,2.3,g
4613,Havsabborre rå,"Magnesium, Mg",Fisk färsk fryst kokt,30.0,mg
4613,Havsabborre rå,Summa mättade fettsyror,Fisk färsk fryst kokt,1.2,g
4613,Havsabborre rå,"Kolhydrater, tillgängliga",Fisk färsk fryst kokt,0.0,g
4613,Havsabborre rå,Kolesterol,Fisk färsk fryst kokt,69.5,mg
4613,Havsabborre rå,"Kalium, K",Fisk färsk fryst kokt,368.0,mg
4613,Havsabborre rå,"Jod, I",Fisk färsk fryst kokt,19.0,µg
4613,Havsabborre rå,Fullkorn totalt,Fisk färsk fryst kokt,0.0,g
4613,Havsabborre rå,"Folat, totalt",Fisk färsk fryst kokt,9.5,µg
4613,Havsabborre rå,Fibrer,Fisk färsk fryst kokt,0.0,g
4613,Havsabborre rå,"Fett, totalt",Fisk färsk fryst kokt,6.2,g
4613,Havsabborre rå,"Järn, Fe",Fisk färsk fryst kokt,0.3,mg
4613,Havsabborre rå,Energi (kJ),Fisk färsk fryst kokt,560.0,kJ
4613,Havsabborre rå,Energi (kcal),Fisk färsk fryst kokt,134.0,kcal
4613,Havsabborre rå,Disackarider,Fisk färsk fryst kokt,0.0,g
4613,Havsabborre rå,"Kalcium, Ca",Fisk färsk fryst kokt,32.0,mg
4613,Havsabborre rå,Fettsyra 4:0-10:0,Fisk färsk fryst kokt,0.0,g
4613,Havsabborre rå,DHA (C22:6),Fisk färsk fryst kokt,0.5,g
4613,Havsabborre rå,DPA (C22:5),Fisk färsk fryst kokt,0.1,g
4613,Havsabborre rå,EPA (C20:5),Fisk färsk fryst kokt,0.3,g
4613,Havsabborre rå,Arakidonsyra C20:4,Fisk färsk fryst kokt,0.1,g
4613,Havsabborre rå,Arakidinsyra C20:0,Fisk färsk fryst kokt,0.0,g
4613,Havsabborre rå,Linolensyra C18:3,Fisk färsk fryst kokt,0.2,g
4613,Havsabborre rå,Linolsyra C18:2,Fisk färsk fryst kokt,0.6,g
4613,Havsabborre rå,Oljesyra C18:1,Fisk färsk fryst kokt,1.6,g
4613,Havsabborre rå,Stearinsyra C18:0,Fisk färsk fryst kokt,0.2,g
4613,Havsabborre rå,Palmitoljesyra C16:1,Fisk färsk fryst kokt,0.3,g
4613,Havsabborre rå,Palmitinsyra C16:0,Fisk färsk fryst kokt,0.8,g
4613,Havsabborre rå,Myristinsyra C14:0,Fisk färsk fryst kokt,0.2,g
4613,Havsabborre rå,Laurinsyra C12:0,Fisk färsk fryst kokt,0.0,g
4613,Havsabborre rå,Betakaroten/β-Karoten,Fisk färsk fryst kokt,0.0,µg
4613,Havsabborre rå,Avfall (skal etc.),Fisk färsk fryst kokt,60.0,%
4613,Havsabborre rå,Aska,Fisk färsk fryst kokt,1.1,g
4613,Havsabborre rå,Alkohol,Fisk färsk fryst kokt,0.0,g
4615,Alaska pollock rå,"Zink, Zn",Fisk färsk fryst kokt,0.4,mg
4615,Alaska pollock rå,Vitamin E,Fisk färsk fryst kokt,0.9,mg
4615,Alaska pollock rå,Vitamin D,Fisk färsk fryst kokt,0.0,µg
4615,Alaska pollock rå,Vitamin C,Fisk färsk fryst kokt,0.0,mg
4615,Alaska pollock rå,Vitamin B6,Fisk färsk fryst kokt,0.06,mg
4615,Alaska pollock rå,Vitamin B12,Fisk färsk fryst kokt,1.74,µg
4615,Alaska pollock rå,Vitamin A,Fisk färsk fryst kokt,5.0,RE/µg
4615,Alaska pollock rå,Vatten,Fisk färsk fryst kokt,82.4,g
4615,Alaska pollock rå,Tiamin,Fisk färsk fryst kokt,0.07,mg
4615,Alaska pollock rå,Tillsatt socker,Fisk färsk fryst kokt,0.0,g
4615,Alaska pollock rå,Fritt socker,Fisk färsk fryst kokt,0.0,g
4615,Alaska pollock rå,"Selen, Se",Fisk färsk fryst kokt,19.0,µg
4615,Alaska pollock rå,Sackaros,Fisk färsk fryst kokt,0.0,g
4615,Alaska pollock rå,Riboflavin,Fisk färsk fryst kokt,0.07,mg
4615,Alaska pollock rå,Retinol,Fisk färsk fryst kokt,5.0,µg
4615,Alaska pollock rå,Protein,Fisk färsk fryst kokt,17.6,g
4615,Alaska pollock rå,Summa fleromättade fettsyror,Fisk färsk fryst kokt,0.2,g
4615,Alaska pollock rå,"Fosfor, P",Fisk färsk fryst kokt,151.0,mg
4615,Alaska pollock rå,Niacinekvivalenter,Fisk färsk fryst kokt,4.0,NE/mg
4615,Alaska pollock rå,Niacin,Fisk färsk fryst kokt,0.82,mg
4615,Alaska pollock rå,"Salt, NaCl",Fisk färsk fryst kokt,0.3,g
4615,Alaska pollock rå,"Natrium, Na",Fisk färsk fryst kokt,123.0,mg
4615,Alaska pollock rå,Monosackarider,Fisk färsk fryst kokt,0.0,g
4615,Alaska pollock rå,"Sockerarter, totalt",Fisk färsk fryst kokt,0.0,g
4615,Alaska pollock rå,Summa enkelomättade fettsyror,Fisk färsk fryst kokt,0.1,g
4615,Alaska pollock rå,"Magnesium, Mg",Fisk färsk fryst kokt,26.0,mg
4615,Alaska pollock rå,Summa mättade fettsyror,Fisk färsk fryst kokt,0.1,g
4615,Alaska pollock rå,"Kolhydrater, tillgängliga",Fisk färsk fryst kokt,0.0,g
4615,Alaska pollock rå,Kolesterol,Fisk färsk fryst kokt,70.6,mg
4615,Alaska pollock rå,"Kalium, K",Fisk färsk fryst kokt,224.0,mg
4615,Alaska pollock rå,"Jod, I",Fisk färsk fryst kokt,43.5,µg
4615,Alaska pollock rå,Fullkorn totalt,Fisk färsk fryst kokt,0.0,g
4615,Alaska pollock rå,"Folat, totalt",Fisk färsk fryst kokt,3.1,µg
4615,Alaska pollock rå,Fibrer,Fisk färsk fryst kokt,0.0,g
4615,Alaska pollock rå,"Fett, totalt",Fisk färsk fryst kokt,0.5,g
4615,Alaska pollock rå,"Järn, Fe",Fisk färsk fryst kokt,0.2,mg
4615,Alaska pollock rå,Energi (kJ),Fisk färsk fryst kokt,318.0,kJ
4615,Alaska pollock rå,Energi (kcal),Fisk färsk fryst kokt,76.0,kcal
4615,Alaska pollock rå,Disackarider,Fisk färsk fryst kokt,0.0,g
4615,Alaska pollock rå,"Kalcium, Ca",Fisk färsk fryst kokt,24.0,mg
4615,Alaska pollock rå,Fettsyra 4:0-10:0,Fisk färsk fryst kokt,0.0,g
4615,Alaska pollock rå,DHA (C22:6),Fisk färsk fryst kokt,0.1,g
4615,Alaska pollock rå,DPA (C22:5),Fisk färsk fryst kokt,0.0,g
4615,Alaska pollock rå,EPA (C20:5),Fisk färsk fryst kokt,0.1,g
4615,Alaska pollock rå,Arakidonsyra C20:4,Fisk färsk fryst kokt,0.0,g
4615,Alaska pollock rå,Arakidinsyra C20:0,Fisk färsk fryst kokt,0.0,g
4615,Alaska pollock rå,Linolensyra C18:3,Fisk färsk fryst kokt,0.0,g
4615,Alaska pollock rå,Linolsyra C18:2,Fisk färsk fryst kokt,0.0,g
4615,Alaska pollock rå,Oljesyra C18:1,Fisk färsk fryst kokt,0.0,g
4615,Alaska pollock rå,Stearinsyra C18:0,Fisk färsk fryst kokt,0.0,g
4615,Alaska pollock rå,Palmitoljesyra C16:1,Fisk färsk fryst kokt,0.0,g
4615,Alaska pollock rå,Palmitinsyra C16:0,Fisk färsk fryst kokt,0.1,g
4615,Alaska pollock rå,Myristinsyra C14:0,Fisk färsk fryst kokt,0.0,g
4615,Alaska pollock rå,Laurinsyra C12:0,Fisk färsk fryst kokt,0.0,g
4615,Alaska pollock rå,Betakaroten/β-Karoten,Fisk färsk fryst kokt,0.0,µg
4615,Alaska pollock rå,Avfall (skal etc.),Fisk färsk fryst kokt,0.0,%
4615,Alaska pollock rå,Aska,Fisk färsk fryst kokt,0.9,g
4615,Alaska pollock rå,Alkohol,Fisk färsk fryst kokt,0.0,g
4616,Guldsparid grillad m. salt,"Zink, Zn",Fisk stekt ej panerad,0.5,mg
4616,Guldsparid grillad m. salt,Vitamin E,Fisk stekt ej panerad,1.5,mg
4616,Guldsparid grillad m. salt,Vitamin D,Fisk stekt ej panerad,6.74,µg
4616,Guldsparid grillad m. salt,Vitamin C,Fisk stekt ej panerad,0.0,mg
4616,Guldsparid grillad m. salt,Vitamin B6,Fisk stekt ej panerad,0.25,mg
4616,Guldsparid grillad m. salt,Vitamin B12,Fisk stekt ej panerad,2.18,µg
4616,Guldsparid grillad m. salt,Vitamin A,Fisk stekt ej panerad,33.1,RE/µg
4616,Guldsparid grillad m. salt,Vatten,Fisk stekt ej panerad,63.4,g
4616,Guldsparid grillad m. salt,Tiamin,Fisk stekt ej panerad,0.26,mg
4616,Guldsparid grillad m. salt,Tillsatt socker,Fisk stekt ej panerad,0.0,g
4616,Guldsparid grillad m. salt,Fritt socker,Fisk stekt ej panerad,0.0,g
4616,Guldsparid grillad m. salt,"Selen, Se",Fisk stekt ej panerad,17.3,µg
4616,Guldsparid grillad m. salt,Sackaros,Fisk stekt ej panerad,0.0,g
4616,Guldsparid grillad m. salt,Riboflavin,Fisk stekt ej panerad,0.11,mg
4616,Guldsparid grillad m. salt,Retinol,Fisk stekt ej panerad,33.1,µg
4616,Guldsparid grillad m. salt,Protein,Fisk stekt ej panerad,20.4,g
4616,Guldsparid grillad m. salt,Summa fleromättade fettsyror,Fisk stekt ej panerad,3.9,g
4616,Guldsparid grillad m. salt,"Fosfor, P",Fisk stekt ej panerad,282.0,mg
4616,Guldsparid grillad m. salt,Niacinekvivalenter,Fisk stekt ej panerad,10.27,NE/mg
4616,Guldsparid grillad m. salt,Niacin,Fisk stekt ej panerad,6.54,mg
4616,Guldsparid grillad m. salt,"Salt, NaCl",Fisk stekt ej panerad,0.8,g
4616,Guldsparid grillad m. salt,"Natrium, Na",Fisk stekt ej panerad,283.0,mg
4616,Guldsparid grillad m. salt,Monosackarider,Fisk stekt ej panerad,0.0,g
4616,Guldsparid grillad m. salt,"Sockerarter, totalt",Fisk stekt ej panerad,0.0,g
4616,Guldsparid grillad m. salt,Summa enkelomättade fettsyror,Fisk stekt ej panerad,4.3,g
4616,Guldsparid grillad m. salt,"Magnesium, Mg",Fisk stekt ej panerad,34.0,mg
4616,Guldsparid grillad m. salt,Summa mättade fettsyror,Fisk stekt ej panerad,2.5,g
4616,Guldsparid grillad m. salt,"Kolhydrater, tillgängliga",Fisk stekt ej panerad,0.0,g
4616,Guldsparid grillad m. salt,Kolesterol,Fisk stekt ej panerad,86.6,mg
4616,Guldsparid grillad m. salt,"Kalium, K",Fisk stekt ej panerad,364.0,mg
4616,Guldsparid grillad m. salt,"Jod, I",Fisk stekt ej panerad,53.5,µg
4616,Guldsparid grillad m. salt,Fullkorn totalt,Fisk stekt ej panerad,0.0,g
4616,Guldsparid grillad m. salt,"Folat, totalt",Fisk stekt ej panerad,8.6,µg
4616,Guldsparid grillad m. salt,Fibrer,Fisk stekt ej panerad,0.0,g
4616,Guldsparid grillad m. salt,"Fett, totalt",Fisk stekt ej panerad,12.3,g
4616,Guldsparid grillad m. salt,"Järn, Fe",Fisk stekt ej panerad,0.3,mg
4616,Guldsparid grillad m. salt,Energi (kJ),Fisk stekt ej panerad,802.0,kJ
4616,Guldsparid grillad m. salt,Energi (kcal),Fisk stekt ej panerad,191.0,kcal
4616,Guldsparid grillad m. salt,Disackarider,Fisk stekt ej panerad,0.0,g
4616,Guldsparid grillad m. salt,"Kalcium, Ca",Fisk stekt ej panerad,19.0,mg
4616,Guldsparid grillad m. salt,Fettsyra 4:0-10:0,Fisk stekt ej panerad,0.0,g
4616,Guldsparid grillad m. salt,DHA (C22:6),Fisk stekt ej panerad,0.9,g
4616,Guldsparid grillad m. salt,DPA (C22:5),Fisk stekt ej panerad,0.4,g
4616,Guldsparid grillad m. salt,EPA (C20:5),Fisk stekt ej panerad,0.6,g
4616,Guldsparid grillad m. salt,Arakidonsyra C20:4,Fisk stekt ej panerad,0.2,g
4616,Guldsparid grillad m. salt,Arakidinsyra C20:0,Fisk stekt ej panerad,0.0,g
4616,Guldsparid grillad m. salt,Linolensyra C18:3,Fisk stekt ej panerad,0.2,g
4616,Guldsparid grillad m. salt,Linolsyra C18:2,Fisk stekt ej panerad,1.0,g
4616,Guldsparid grillad m. salt,Oljesyra C18:1,Fisk stekt ej panerad,3.0,g
4616,Guldsparid grillad m. salt,Stearinsyra C18:0,Fisk stekt ej panerad,0.3,g
4616,Guldsparid grillad m. salt,Palmitoljesyra C16:1,Fisk stekt ej panerad,0.7,g
4616,Guldsparid grillad m. salt,Palmitinsyra C16:0,Fisk stekt ej panerad,1.6,g
4616,Guldsparid grillad m. salt,Myristinsyra C14:0,Fisk stekt ej panerad,0.4,g
4616,Guldsparid grillad m. salt,Laurinsyra C12:0,Fisk stekt ej panerad,0.0,g
4616,Guldsparid grillad m. salt,Betakaroten/β-Karoten,Fisk stekt ej panerad,0.0,µg
4616,Guldsparid grillad m. salt,Avfall (skal etc.),Fisk stekt ej panerad,40.0,%
4616,Guldsparid grillad m. salt,Aska,Fisk stekt ej panerad,1.8,g
4616,Guldsparid grillad m. salt,Alkohol,Fisk stekt ej panerad,0.0,g
4617,Havsabborre grillad m. salt,"Zink, Zn",Fisk stekt ej panerad,0.6,mg
4617,Havsabborre grillad m. salt,Vitamin E,Fisk stekt ej panerad,1.7,mg
4617,Havsabborre grillad m. salt,Vitamin D,Fisk stekt ej panerad,4.64,µg
4617,Havsabborre grillad m. salt,Vitamin C,Fisk stekt ej panerad,0.0,mg
4617,Havsabborre grillad m. salt,Vitamin B6,Fisk stekt ej panerad,0.22,mg
4617,Havsabborre grillad m. salt,Vitamin B12,Fisk stekt ej panerad,2.0,µg
4617,Havsabborre grillad m. salt,Vitamin A,Fisk stekt ej panerad,26.0,RE/µg
4617,Havsabborre grillad m. salt,Vatten,Fisk stekt ej panerad,68.2,g
4617,Havsabborre grillad m. salt,Tiamin,Fisk stekt ej panerad,0.39,mg
4617,Havsabborre grillad m. salt,Tillsatt socker,Fisk stekt ej panerad,0.0,g
4617,Havsabborre grillad m. salt,Fritt socker,Fisk stekt ej panerad,0.0,g
4617,Havsabborre grillad m. salt,"Selen, Se",Fisk stekt ej panerad,17.3,µg
4617,Havsabborre grillad m. salt,Sackaros,Fisk stekt ej panerad,0.0,g
4617,Havsabborre grillad m. salt,Riboflavin,Fisk stekt ej panerad,0.12,mg
4617,Havsabborre grillad m. salt,Retinol,Fisk stekt ej panerad,26.0,µg
4617,Havsabborre grillad m. salt,Protein,Fisk stekt ej panerad,21.2,g
4617,Havsabborre grillad m. salt,Summa fleromättade fettsyror,Fisk stekt ej panerad,2.2,g
4617,Havsabborre grillad m. salt,"Fosfor, P",Fisk stekt ej panerad,254.0,mg
4617,Havsabborre grillad m. salt,Niacinekvivalenter,Fisk stekt ej panerad,9.24,NE/mg
4617,Havsabborre grillad m. salt,Niacin,Fisk stekt ej panerad,5.38,mg
4617,Havsabborre grillad m. salt,"Salt, NaCl",Fisk stekt ej panerad,0.8,g
4617,Havsabborre grillad m. salt,"Natrium, Na",Fisk stekt ej panerad,288.0,mg
4617,Havsabborre grillad m. salt,Monosackarider,Fisk stekt ej panerad,0.0,g
4617,Havsabborre grillad m. salt,"Sockerarter, totalt",Fisk stekt ej panerad,0.0,g
4617,Havsabborre grillad m. salt,Summa enkelomättade fettsyror,Fisk stekt ej panerad,2.5,g
4617,Havsabborre grillad m. salt,"Magnesium, Mg",Fisk stekt ej panerad,33.0,mg
4617,Havsabborre grillad m. salt,Summa mättade fettsyror,Fisk stekt ej panerad,1.3,g
4617,Havsabborre grillad m. salt,"Kolhydrater, tillgängliga",Fisk stekt ej panerad,0.0,g
4617,Havsabborre grillad m. salt,Kolesterol,Fisk stekt ej panerad,75.6,mg
4617,Havsabborre grillad m. salt,"Kalium, K",Fisk stekt ej panerad,320.0,mg
4617,Havsabborre grillad m. salt,"Jod, I",Fisk stekt ej panerad,48.3,µg
4617,Havsabborre grillad m. salt,Fullkorn totalt,Fisk stekt ej panerad,0.0,g
4617,Havsabborre grillad m. salt,"Folat, totalt",Fisk stekt ej panerad,8.8,µg
4617,Havsabborre grillad m. salt,Fibrer,Fisk stekt ej panerad,0.0,g
4617,Havsabborre grillad m. salt,"Fett, totalt",Fisk stekt ej panerad,6.7,g
4617,Havsabborre grillad m. salt,"Järn, Fe",Fisk stekt ej panerad,0.3,mg
4617,Havsabborre grillad m. salt,Energi (kJ),Fisk stekt ej panerad,609.0,kJ
4617,Havsabborre grillad m. salt,Energi (kcal),Fisk stekt ej panerad,146.0,kcal
4617,Havsabborre grillad m. salt,Disackarider,Fisk stekt ej panerad,0.0,g
4617,Havsabborre grillad m. salt,"Kalcium, Ca",Fisk stekt ej panerad,36.0,mg
4617,Havsabborre grillad m. salt,Fettsyra 4:0-10:0,Fisk stekt ej panerad,0.0,g
4617,Havsabborre grillad m. salt,DHA (C22:6),Fisk stekt ej panerad,0.5,g
4617,Havsabborre grillad m. salt,DPA (C22:5),Fisk stekt ej panerad,0.1,g
4617,Havsabborre grillad m. salt,EPA (C20:5),Fisk stekt ej panerad,0.3,g
4617,Havsabborre grillad m. salt,Arakidonsyra C20:4,Fisk stekt ej panerad,0.1,g
4617,Havsabborre grillad m. salt,Arakidinsyra C20:0,Fisk stekt ej panerad,0.0,g
4617,Havsabborre grillad m. salt,Linolensyra C18:3,Fisk stekt ej panerad,0.2,g
4617,Havsabborre grillad m. salt,Linolsyra C18:2,Fisk stekt ej panerad,0.6,g
4617,Havsabborre grillad m. salt,Oljesyra C18:1,Fisk stekt ej panerad,1.8,g
4617,Havsabborre grillad m. salt,Stearinsyra C18:0,Fisk stekt ej panerad,0.2,g
4617,Havsabborre grillad m. salt,Palmitoljesyra C16:1,Fisk stekt ej panerad,0.3,g
4617,Havsabborre grillad m. salt,Palmitinsyra C16:0,Fisk stekt ej panerad,0.9,g
4617,Havsabborre grillad m. salt,Myristinsyra C14:0,Fisk stekt ej panerad,0.2,g
4617,Havsabborre grillad m. salt,Laurinsyra C12:0,Fisk stekt ej panerad,0.0,g
4617,Havsabborre grillad m. salt,Betakaroten/β-Karoten,Fisk stekt ej panerad,0.0,µg
4617,Havsabborre grillad m. salt,Avfall (skal etc.),Fisk stekt ej panerad,60.0,%
4617,Havsabborre grillad m. salt,Aska,Fisk stekt ej panerad,1.7,g
4617,Havsabborre grillad m. salt,Alkohol,Fisk stekt ej panerad,0.0,g
4659,Olivolja extra jungfruolja,"Zink, Zn",Olja,0.0,mg
4659,Olivolja extra jungfruolja,Vitamin E,Olja,21.1,mg
4659,Olivolja extra jungfruolja,Vitamin D inkl 25-OH-D3,Olja,0.0,µg
4659,Olivolja extra jungfruolja,Vitamin D,Olja,0.0,µg
4659,Olivolja extra jungfruolja,Vitamin C,Olja,0.0,mg
4659,Olivolja extra jungfruolja,Vitamin B6,Olja,0.0,mg
4659,Olivolja extra jungfruolja,Vitamin B12,Olja,0.0,µg
4659,Olivolja extra jungfruolja,Vitamin A,Olja,8.3,RE/µg
4659,Olivolja extra jungfruolja,Vatten,Olja,0.0,g
4659,Olivolja extra jungfruolja,Tiamin,Olja,0.0,mg
4659,Olivolja extra jungfruolja,Tillsatt socker,Olja,0.0,g
4659,Olivolja extra jungfruolja,Fritt socker,Olja,0.0,g
4659,Olivolja extra jungfruolja,"Selen, Se",Olja,0.0,µg
4659,Olivolja extra jungfruolja,Sackaros,Olja,0.0,g
4659,Olivolja extra jungfruolja,Riboflavin,Olja,0.0,mg
4659,Olivolja extra jungfruolja,Retinol,Olja,0.0,µg
4659,Olivolja extra jungfruolja,Protein,Olja,0.0,g
4659,Olivolja extra jungfruolja,Summa fleromättade fettsyror,Olja,7.9,g
4659,Olivolja extra jungfruolja,"Fosfor, P",Olja,0.0,mg
4659,Olivolja extra jungfruolja,Niacinekvivalenter,Olja,0.0,NE/mg
4659,Olivolja extra jungfruolja,Niacin,Olja,0.0,mg
4659,Olivolja extra jungfruolja,"Salt, NaCl",Olja,0.0,g
4659,Olivolja extra jungfruolja,"Natrium, Na",Olja,0.0,mg
4659,Olivolja extra jungfruolja,Monosackarider,Olja,0.0,g
4659,Olivolja extra jungfruolja,"Sockerarter, totalt",Olja,0.0,g
4659,Olivolja extra jungfruolja,Summa enkelomättade fettsyror,Olja,73.8,g
4659,Olivolja extra jungfruolja,"Magnesium, Mg",Olja,0.0,mg
4659,Olivolja extra jungfruolja,Summa mättade fettsyror,Olja,13.8,g
4659,Olivolja extra jungfruolja,"Kolhydrater, tillgängliga",Olja,0.0,g
4659,Olivolja extra jungfruolja,Kolesterol,Olja,0.0,mg
4659,Olivolja extra jungfruolja,"Kalium, K",Olja,0.0,mg
4659,Olivolja extra jungfruolja,"Jod, I",Olja,0.0,µg
4659,Olivolja extra jungfruolja,Fullkorn totalt,Olja,0.0,g
4659,Olivolja extra jungfruolja,"Folat, totalt",Olja,0.0,µg
4659,Olivolja extra jungfruolja,Fibrer,Olja,0.0,g
4659,Olivolja extra jungfruolja,"Fett, totalt",Olja,100.0,g
4659,Olivolja extra jungfruolja,"Järn, Fe",Olja,0.0,mg
4659,Olivolja extra jungfruolja,Energi (kJ),Olja,3700.0,kJ
4659,Olivolja extra jungfruolja,Energi (kcal),Olja,884.0,kcal
4659,Olivolja extra jungfruolja,Disackarider,Olja,0.0,g
4659,Olivolja extra jungfruolja,"Kalcium, Ca",Olja,0.0,mg
4659,Olivolja extra jungfruolja,Fettsyra 4:0-10:0,Olja,0.0,g
4659,Olivolja extra jungfruolja,DHA (C22:6),Olja,0.0,g
4659,Olivolja extra jungfruolja,DPA (C22:5),Olja,0.0,g
4659,Olivolja extra jungfruolja,EPA (C20:5),Olja,0.0,g
4659,Olivolja extra jungfruolja,Arakidonsyra C20:4,Olja,0.0,g
4659,Olivolja extra jungfruolja,Arakidinsyra C20:0,Olja,0.4,g
4659,Olivolja extra jungfruolja,Linolensyra C18:3,Olja,0.7,g
4659,Olivolja extra jungfruolja,Linolsyra C18:2,Olja,7.3,g
4659,Olivolja extra jungfruolja,Oljesyra C18:1,Olja,72.0,g
4659,Olivolja extra jungfruolja,Stearinsyra C18:0,Olja,2.9,g
4659,Olivolja extra jungfruolja,Palmitoljesyra C16:1,Olja,0.9,g
4659,Olivolja extra jungfruolja,Palmitinsyra C16:0,Olja,10.3,g
4659,Olivolja extra jungfruolja,Myristinsyra C14:0,Olja,0.0,g
4659,Olivolja extra jungfruolja,Laurinsyra C12:0,Olja,0.0,g
4659,Olivolja extra jungfruolja,Betakaroten/β-Karoten,Olja,96.0,µg
4659,Olivolja extra jungfruolja,Avfall (skal etc.),Olja,0.0,%
4659,Olivolja extra jungfruolja,Aska,Olja,0.0,g
4659,Olivolja extra jungfruolja,Alkohol,Olja,0.0,g
4661,Rapsolja kallpressad,"Zink, Zn",Olja,0.0,mg
4661,Rapsolja kallpressad,Vitamin E,Olja,25.5,mg
4661,Rapsolja kallpressad,Vitamin D inkl 25-OH-D3,Olja,0.0,µg
4661,Rapsolja kallpressad,Vitamin D,Olja,0.0,µg
4661,Rapsolja kallpressad,Vitamin C,Olja,0.0,mg
4661,Rapsolja kallpressad,Vitamin B6,Olja,0.0,mg
4661,Rapsolja kallpressad,Vitamin B12,Olja,0.0,µg
4661,Rapsolja kallpressad,Vitamin A,Olja,10.2,RE/µg
4661,Rapsolja kallpressad,Vatten,Olja,0.0,g
4661,Rapsolja kallpressad,Tiamin,Olja,0.0,mg
4661,Rapsolja kallpressad,Tillsatt socker,Olja,0.0,g
4661,Rapsolja kallpressad,Fritt socker,Olja,0.0,g
4661,Rapsolja kallpressad,"Selen, Se",Olja,0.0,µg
4661,Rapsolja kallpressad,Sackaros,Olja,0.0,g
4661,Rapsolja kallpressad,Riboflavin,Olja,0.0,mg
4661,Rapsolja kallpressad,Retinol,Olja,0.0,µg
4661,Rapsolja kallpressad,Protein,Olja,0.0,g
4661,Rapsolja kallpressad,Summa fleromättade fettsyror,Olja,27.0,g
4661,Rapsolja kallpressad,"Fosfor, P",Olja,0.0,mg
4661,Rapsolja kallpressad,Niacinekvivalenter,Olja,0.0,NE/mg
4661,Rapsolja kallpressad,Niacin,Olja,0.0,mg
4661,Rapsolja kallpressad,"Salt, NaCl",Olja,0.0,g
4661,Rapsolja kallpressad,"Natrium, Na",Olja,0.0,mg
4661,Rapsolja kallpressad,Monosackarider,Olja,0.0,g
4661,Rapsolja kallpressad,"Sockerarter, totalt",Olja,0.0,g
4661,Rapsolja kallpressad,Summa enkelomättade fettsyror,Olja,61.6,g
4661,Rapsolja kallpressad,"Magnesium, Mg",Olja,0.0,mg
4661,Rapsolja kallpressad,Summa mättade fettsyror,Olja,7.0,g
4661,Rapsolja kallpressad,"Kolhydrater, tillgängliga",Olja,0.0,g
4661,Rapsolja kallpressad,Kolesterol,Olja,0.0,mg
4661,Rapsolja kallpressad,"Kalium, K",Olja,0.0,mg
4661,Rapsolja kallpressad,"Jod, I",Olja,0.0,µg
4661,Rapsolja kallpressad,Fullkorn totalt,Olja,0.0,g
4661,Rapsolja kallpressad,"Folat, totalt",Olja,0.0,µg
4661,Rapsolja kallpressad,Fibrer,Olja,0.0,g
4661,Rapsolja kallpressad,"Fett, totalt",Olja,100.0,g
4661,Rapsolja kallpressad,"Järn, Fe",Olja,0.0,mg
4661,Rapsolja kallpressad,Energi (kJ),Olja,3700.0,kJ
4661,Rapsolja kallpressad,Energi (kcal),Olja,884.0,kcal
4661,Rapsolja kallpressad,Disackarider,Olja,0.0,g
4661,Rapsolja kallpressad,"Kalcium, Ca",Olja,0.0,mg
4661,Rapsolja kallpressad,Fettsyra 4:0-10:0,Olja,0.0,g
4661,Rapsolja kallpressad,DHA (C22:6),Olja,0.0,g
4661,Rapsolja kallpressad,DPA (C22:5),Olja,0.0,g
4661,Rapsolja kallpressad,EPA (C20:5),Olja,0.0,g
4661,Rapsolja kallpressad,Arakidonsyra C20:4,Olja,0.0,g
4661,Rapsolja kallpressad,Arakidinsyra C20:0,Olja,0.6,g
4661,Rapsolja kallpressad,Linolensyra C18:3,Olja,8.7,g
4661,Rapsolja kallpressad,Linolsyra C18:2,Olja,18.2,g
4661,Rapsolja kallpressad,Oljesyra C18:1,Olja,59.6,g
4661,Rapsolja kallpressad,Stearinsyra C18:0,Olja,1.7,g
4661,Rapsolja kallpressad,Palmitoljesyra C16:1,Olja,0.2,g
4661,Rapsolja kallpressad,Palmitinsyra C16:0,Olja,4.1,g
4661,Rapsolja kallpressad,Myristinsyra C14:0,Olja,0.1,g
4661,Rapsolja kallpressad,Laurinsyra C12:0,Olja,0.0,g
4661,Rapsolja kallpressad,Betakaroten/β-Karoten,Olja,122.0,µg
4661,Rapsolja kallpressad,Avfall (skal etc.),Olja,0.0,%
4661,Rapsolja kallpressad,Aska,Olja,0.0,g
4661,Rapsolja kallpressad,Alkohol,Olja,0.0,g
4662,Flytande matfettsblandning fett 80% berikad typ Arla smör- och rapsolja,"Zink, Zn",Flytande matfettsblandning,0.0,mg
4662,Flytande matfettsblandning fett 80% berikad typ Arla smör- och rapsolja,Vitamin E,Flytande matfettsblandning,15.6,mg
4662,Flytande matfettsblandning fett 80% berikad typ Arla smör- och rapsolja,Vitamin D inkl 25-OH-D3,Flytande matfettsblandning,20.0,µg
4662,Flytande matfettsblandning fett 80% berikad typ Arla smör- och rapsolja,Vitamin D,Flytande matfettsblandning,20.0,µg
4662,Flytande matfettsblandning fett 80% berikad typ Arla smör- och rapsolja,Vitamin C,Flytande matfettsblandning,0.0,mg
4662,Flytande matfettsblandning fett 80% berikad typ Arla smör- och rapsolja,Vitamin B6,Flytande matfettsblandning,0.0,mg
4662,Flytande matfettsblandning fett 80% berikad typ Arla smör- och rapsolja,Vitamin B12,Flytande matfettsblandning,0.0,µg
4662,Flytande matfettsblandning fett 80% berikad typ Arla smör- och rapsolja,Vitamin A,Flytande matfettsblandning,987.0,RE/µg
4662,Flytande matfettsblandning fett 80% berikad typ Arla smör- och rapsolja,Vatten,Flytande matfettsblandning,18.0,g
4662,Flytande matfettsblandning fett 80% berikad typ Arla smör- och rapsolja,Tiamin,Flytande matfettsblandning,0.0,mg
4662,Flytande matfettsblandning fett 80% berikad typ Arla smör- och rapsolja,Tillsatt socker,Flytande matfettsblandning,0.0,g
4662,Flytande matfettsblandning fett 80% berikad typ Arla smör- och rapsolja,Fritt socker,Flytande matfettsblandning,0.0,g
4662,Flytande matfettsblandning fett 80% berikad typ Arla smör- och rapsolja,"Selen, Se",Flytande matfettsblandning,0.0,µg
4662,Flytande matfettsblandning fett 80% berikad typ Arla smör- och rapsolja,Sackaros,Flytande matfettsblandning,0.0,g
4662,Flytande matfettsblandning fett 80% berikad typ Arla smör- och rapsolja,Riboflavin,Flytande matfettsblandning,0.0,mg
4662,Flytande matfettsblandning fett 80% berikad typ Arla smör- och rapsolja,Retinol,Flytande matfettsblandning,84.7,µg
4662,Flytande matfettsblandning fett 80% berikad typ Arla smör- och rapsolja,Protein,Flytande matfettsblandning,0.5,g
4662,Flytande matfettsblandning fett 80% berikad typ Arla smör- och rapsolja,Summa fleromättade fettsyror,Flytande matfettsblandning,20.6,g
4662,Flytande matfettsblandning fett 80% berikad typ Arla smör- och rapsolja,"Fosfor, P",Flytande matfettsblandning,0.0,mg
4662,Flytande matfettsblandning fett 80% berikad typ Arla smör- och rapsolja,Niacinekvivalenter,Flytande matfettsblandning,0.1,NE/mg
4662,Flytande matfettsblandning fett 80% berikad typ Arla smör- och rapsolja,Niacin,Flytande matfettsblandning,0.0,mg
4662,Flytande matfettsblandning fett 80% berikad typ Arla smör- och rapsolja,"Salt, NaCl",Flytande matfettsblandning,1.2,g
4662,Flytande matfettsblandning fett 80% berikad typ Arla smör- och rapsolja,"Natrium, Na",Flytande matfettsblandning,500.0,mg
4662,Flytande matfettsblandning fett 80% berikad typ Arla smör- och rapsolja,Monosackarider,Flytande matfettsblandning,0.0,g
4662,Flytande matfettsblandning fett 80% berikad typ Arla smör- och rapsolja,"Sockerarter, totalt",Flytande matfettsblandning,0.8,g
4662,Flytande matfettsblandning fett 80% berikad typ Arla smör- och rapsolja,Summa enkelomättade fettsyror,Flytande matfettsblandning,43.8,g
4662,Flytande matfettsblandning fett 80% berikad typ Arla smör- och rapsolja,"Magnesium, Mg",Flytande matfettsblandning,0.0,mg
4662,Flytande matfettsblandning fett 80% berikad typ Arla smör- och rapsolja,Summa mättade fettsyror,Flytande matfettsblandning,12.2,g
4662,Flytande matfettsblandning fett 80% berikad typ Arla smör- och rapsolja,"Kolhydrater, tillgängliga",Flytande matfettsblandning,0.3,g
4662,Flytande matfettsblandning fett 80% berikad typ Arla smör- och rapsolja,Kolesterol,Flytande matfettsblandning,0.0,mg
4662,Flytande matfettsblandning fett 80% berikad typ Arla smör- och rapsolja,"Kalium, K",Flytande matfettsblandning,0.0,mg
4662,Flytande matfettsblandning fett 80% berikad typ Arla smör- och rapsolja,"Jod, I",Flytande matfettsblandning,0.0,µg
4662,Flytande matfettsblandning fett 80% berikad typ Arla smör- och rapsolja,Fullkorn totalt,Flytande matfettsblandning,0.0,g
4662,Flytande matfettsblandning fett 80% berikad typ Arla smör- och rapsolja,"Folat, totalt",Flytande matfettsblandning,0.0,µg
4662,Flytande matfettsblandning fett 80% berikad typ Arla smör- och rapsolja,Fibrer,Flytande matfettsblandning,0.0,g
4662,Flytande matfettsblandning fett 80% berikad typ Arla smör- och rapsolja,"Fett, totalt",Flytande matfettsblandning,80.0,g
4662,Flytande matfettsblandning fett 80% berikad typ Arla smör- och rapsolja,"Järn, Fe",Flytande matfettsblandning,0.0,mg
4662,Flytande matfettsblandning fett 80% berikad typ Arla smör- och rapsolja,Energi (kJ),Flytande matfettsblandning,2974.0,kJ
4662,Flytande matfettsblandning fett 80% berikad typ Arla smör- och rapsolja,Energi (kcal),Flytande matfettsblandning,711.0,kcal
4662,Flytande matfettsblandning fett 80% berikad typ Arla smör- och rapsolja,Disackarider,Flytande matfettsblandning,0.8,g
4662,Flytande matfettsblandning fett 80% berikad typ Arla smör- och rapsolja,"Kalcium, Ca",Flytande matfettsblandning,0.0,mg
4662,Flytande matfettsblandning fett 80% berikad typ Arla smör- och rapsolja,Fettsyra 4:0-10:0,Flytande matfettsblandning,0.8,g
4662,Flytande matfettsblandning fett 80% berikad typ Arla smör- och rapsolja,DHA (C22:6),Flytande matfettsblandning,0.0,g
4662,Flytande matfettsblandning fett 80% berikad typ Arla smör- och rapsolja,DPA (C22:5),Flytande matfettsblandning,0.0,g
4662,Flytande matfettsblandning fett 80% berikad typ Arla smör- och rapsolja,EPA (C20:5),Flytande matfettsblandning,0.0,g
4662,Flytande matfettsblandning fett 80% berikad typ Arla smör- och rapsolja,Arakidonsyra C20:4,Flytande matfettsblandning,0.0,g
4662,Flytande matfettsblandning fett 80% berikad typ Arla smör- och rapsolja,Arakidinsyra C20:0,Flytande matfettsblandning,0.5,g
4662,Flytande matfettsblandning fett 80% berikad typ Arla smör- och rapsolja,Linolensyra C18:3,Flytande matfettsblandning,6.7,g
4662,Flytande matfettsblandning fett 80% berikad typ Arla smör- och rapsolja,Linolsyra C18:2,Flytande matfettsblandning,13.8,g
4662,Flytande matfettsblandning fett 80% berikad typ Arla smör- och rapsolja,Oljesyra C18:1,Flytande matfettsblandning,42.1,g
4662,Flytande matfettsblandning fett 80% berikad typ Arla smör- och rapsolja,Stearinsyra C18:0,Flytande matfettsblandning,2.0,g
4662,Flytande matfettsblandning fett 80% berikad typ Arla smör- och rapsolja,Palmitoljesyra C16:1,Flytande matfettsblandning,0.3,g
4662,Flytande matfettsblandning fett 80% berikad typ Arla smör- och rapsolja,Palmitinsyra C16:0,Flytande matfettsblandning,7.2,g
4662,Flytande matfettsblandning fett 80% berikad typ Arla smör- och rapsolja,Myristinsyra C14:0,Flytande matfettsblandning,0.9,g
4662,Flytande matfettsblandning fett 80% berikad typ Arla smör- och rapsolja,Laurinsyra C12:0,Flytande matfettsblandning,0.3,g
4662,Flytande matfettsblandning fett 80% berikad typ Arla smör- och rapsolja,Betakaroten/β-Karoten,Flytande matfettsblandning,133.0,µg
4662,Flytande matfettsblandning fett 80% berikad typ Arla smör- och rapsolja,Avfall (skal etc.),Flytande matfettsblandning,0.0,%
4662,Flytande matfettsblandning fett 80% berikad typ Arla smör- och rapsolja,Aska,Flytande matfettsblandning,1.2,g
4662,Flytande matfettsblandning fett 80% berikad typ Arla smör- och rapsolja,Alkohol,Flytande matfettsblandning,0.0,g
4663,Matfettsblandning fett 43% berikad typ Bregott mindre,"Zink, Zn",Hård matfettsblandning,0.0,mg
4663,Matfettsblandning fett 43% berikad typ Bregott mindre,Vitamin E,Hård matfettsblandning,4.7,mg
4663,Matfettsblandning fett 43% berikad typ Bregott mindre,Vitamin D,Hård matfettsblandning,20.0,µg
4663,Matfettsblandning fett 43% berikad typ Bregott mindre,Vitamin C,Hård matfettsblandning,0.0,mg
4663,Matfettsblandning fett 43% berikad typ Bregott mindre,Vitamin B6,Hård matfettsblandning,0.0,mg
4663,Matfettsblandning fett 43% berikad typ Bregott mindre,Vitamin B12,Hård matfettsblandning,0.0,µg
4663,Matfettsblandning fett 43% berikad typ Bregott mindre,Vitamin A,Hård matfettsblandning,893.0,RE/µg
4663,Matfettsblandning fett 43% berikad typ Bregott mindre,Vatten,Hård matfettsblandning,50.5,g
4663,Matfettsblandning fett 43% berikad typ Bregott mindre,Tiamin,Hård matfettsblandning,0.0,mg
4663,Matfettsblandning fett 43% berikad typ Bregott mindre,Tillsatt socker,Hård matfettsblandning,0.0,g
4663,Matfettsblandning fett 43% berikad typ Bregott mindre,Fritt socker,Hård matfettsblandning,0.0,g
4663,Matfettsblandning fett 43% berikad typ Bregott mindre,"Selen, Se",Hård matfettsblandning,0.0,µg
4663,Matfettsblandning fett 43% berikad typ Bregott mindre,Sackaros,Hård matfettsblandning,0.0,g
4663,Matfettsblandning fett 43% berikad typ Bregott mindre,Riboflavin,Hård matfettsblandning,0.0,mg
4663,Matfettsblandning fett 43% berikad typ Bregott mindre,Retinol,Hård matfettsblandning,881.0,µg
4663,Matfettsblandning fett 43% berikad typ Bregott mindre,Protein,Hård matfettsblandning,0.5,g
4663,Matfettsblandning fett 43% berikad typ Bregott mindre,Summa fleromättade fettsyror,Hård matfettsblandning,6.0,g
4663,Matfettsblandning fett 43% berikad typ Bregott mindre,"Fosfor, P",Hård matfettsblandning,11.0,mg
4663,Matfettsblandning fett 43% berikad typ Bregott mindre,Niacinekvivalenter,Hård matfettsblandning,0.1,NE/mg
4663,Matfettsblandning fett 43% berikad typ Bregott mindre,Niacin,Hård matfettsblandning,0.0,mg
4663,Matfettsblandning fett 43% berikad typ Bregott mindre,"Salt, NaCl",Hård matfettsblandning,1.0,g
4663,Matfettsblandning fett 43% berikad typ Bregott mindre,"Natrium, Na",Hård matfettsblandning,400.0,mg
4663,Matfettsblandning fett 43% berikad typ Bregott mindre,Monosackarider,Hård matfettsblandning,0.0,g
4663,Matfettsblandning fett 43% berikad typ Bregott mindre,"Sockerarter, totalt",Hård matfettsblandning,0.5,g
4663,Matfettsblandning fett 43% berikad typ Bregott mindre,Summa enkelomättade fettsyror,Hård matfettsblandning,16.7,g
4663,Matfettsblandning fett 43% berikad typ Bregott mindre,"Magnesium, Mg",Hård matfettsblandning,0.0,mg
4663,Matfettsblandning fett 43% berikad typ Bregott mindre,Summa mättade fettsyror,Hård matfettsblandning,18.0,g
4663,Matfettsblandning fett 43% berikad typ Bregott mindre,"Kolhydrater, tillgängliga",Hård matfettsblandning,5.0,g
4663,Matfettsblandning fett 43% berikad typ Bregott mindre,Kolesterol,Hård matfettsblandning,0.0,mg
4663,Matfettsblandning fett 43% berikad typ Bregott mindre,"Kalium, K",Hård matfettsblandning,0.0,mg
4663,Matfettsblandning fett 43% berikad typ Bregott mindre,"Jod, I",Hård matfettsblandning,0.0,µg
4663,Matfettsblandning fett 43% berikad typ Bregott mindre,Fullkorn totalt,Hård matfettsblandning,0.0,g
4663,Matfettsblandning fett 43% berikad typ Bregott mindre,"Folat, totalt",Hård matfettsblandning,0.0,µg
4663,Matfettsblandning fett 43% berikad typ Bregott mindre,Fibrer,Hård matfettsblandning,0.0,g
4663,Matfettsblandning fett 43% berikad typ Bregott mindre,"Fett, totalt",Hård matfettsblandning,43.0,g
4663,Matfettsblandning fett 43% berikad typ Bregott mindre,"Järn, Fe",Hård matfettsblandning,0.0,mg
4663,Matfettsblandning fett 43% berikad typ Bregott mindre,Energi (kJ),Hård matfettsblandning,1684.0,kJ
4663,Matfettsblandning fett 43% berikad typ Bregott mindre,Energi (kcal),Hård matfettsblandning,403.0,kcal
4663,Matfettsblandning fett 43% berikad typ Bregott mindre,Disackarider,Hård matfettsblandning,0.5,g
4663,Matfettsblandning fett 43% berikad typ Bregott mindre,"Kalcium, Ca",Hård matfettsblandning,0.0,mg
4663,Matfettsblandning fett 43% berikad typ Bregott mindre,Fettsyra 4:0-10:0,Hård matfettsblandning,2.6,g
4663,Matfettsblandning fett 43% berikad typ Bregott mindre,DHA (C22:6),Hård matfettsblandning,0.0,g
4663,Matfettsblandning fett 43% berikad typ Bregott mindre,DPA (C22:5),Hård matfettsblandning,0.0,g
4663,Matfettsblandning fett 43% berikad typ Bregott mindre,EPA (C20:5),Hård matfettsblandning,0.0,g
4663,Matfettsblandning fett 43% berikad typ Bregott mindre,Arakidonsyra C20:4,Hård matfettsblandning,0.0,g
4663,Matfettsblandning fett 43% berikad typ Bregott mindre,Arakidinsyra C20:0,Hård matfettsblandning,0.1,g
4663,Matfettsblandning fett 43% berikad typ Bregott mindre,Linolensyra C18:3,Hård matfettsblandning,1.8,g
4663,Matfettsblandning fett 43% berikad typ Bregott mindre,Linolsyra C18:2,Hård matfettsblandning,4.2,g
4663,Matfettsblandning fett 43% berikad typ Bregott mindre,Oljesyra C18:1,Hård matfettsblandning,15.6,g
4663,Matfettsblandning fett 43% berikad typ Bregott mindre,Stearinsyra C18:0,Hård matfettsblandning,2.8,g
4663,Matfettsblandning fett 43% berikad typ Bregott mindre,Palmitoljesyra C16:1,Hård matfettsblandning,0.4,g
4663,Matfettsblandning fett 43% berikad typ Bregott mindre,Palmitinsyra C16:0,Hård matfettsblandning,8.1,g
4663,Matfettsblandning fett 43% berikad typ Bregott mindre,Myristinsyra C14:0,Hård matfettsblandning,2.6,g
4663,Matfettsblandning fett 43% berikad typ Bregott mindre,Laurinsyra C12:0,Hård matfettsblandning,0.8,g
4663,Matfettsblandning fett 43% berikad typ Bregott mindre,Betakaroten/β-Karoten,Hård matfettsblandning,144.0,µg
4663,Matfettsblandning fett 43% berikad typ Bregott mindre,Avfall (skal etc.),Hård matfettsblandning,0.0,%
4663,Matfettsblandning fett 43% berikad typ Bregott mindre,Aska,Hård matfettsblandning,1.0,g
4663,Matfettsblandning fett 43% berikad typ Bregott mindre,Alkohol,Hård matfettsblandning,0.0,g
4736,Pastasås m. tonfisk curry,"Zink, Zn",Fisk o skaldjursprodukter o rätter,0.5,mg
4736,Pastasås m. tonfisk curry,Vitamin E,Fisk o skaldjursprodukter o rätter,1.2,mg
4736,Pastasås m. tonfisk curry,Vitamin D,Fisk o skaldjursprodukter o rätter,0.93,µg
4736,Pastasås m. tonfisk curry,Vitamin C,Fisk o skaldjursprodukter o rätter,16.3,mg
4736,Pastasås m. tonfisk curry,Vitamin B6,Fisk o skaldjursprodukter o rätter,0.17,mg
4736,Pastasås m. tonfisk curry,Vitamin B12,Fisk o skaldjursprodukter o rätter,0.52,µg
4736,Pastasås m. tonfisk curry,Vitamin A,Fisk o skaldjursprodukter o rätter,49.5,RE/µg
4736,Pastasås m. tonfisk curry,Vatten,Fisk o skaldjursprodukter o rätter,82.7,g
4736,Pastasås m. tonfisk curry,Tiamin,Fisk o skaldjursprodukter o rätter,0.05,mg
4736,Pastasås m. tonfisk curry,Tillsatt socker,Fisk o skaldjursprodukter o rätter,0.0,g
4736,Pastasås m. tonfisk curry,Fritt socker,Fisk o skaldjursprodukter o rätter,0.0,g
4736,Pastasås m. tonfisk curry,"Selen, Se",Fisk o skaldjursprodukter o rätter,21.8,µg
4736,Pastasås m. tonfisk curry,Sackaros,Fisk o skaldjursprodukter o rätter,0.2,g
4736,Pastasås m. tonfisk curry,Riboflavin,Fisk o skaldjursprodukter o rätter,0.05,mg
4736,Pastasås m. tonfisk curry,Retinol,Fisk o skaldjursprodukter o rätter,20.8,µg
4736,Pastasås m. tonfisk curry,Protein,Fisk o skaldjursprodukter o rätter,7.9,g
4736,Pastasås m. tonfisk curry,Summa fleromättade fettsyror,Fisk o skaldjursprodukter o rätter,0.5,g
4736,Pastasås m. tonfisk curry,"Fosfor, P",Fisk o skaldjursprodukter o rätter,94.0,mg
4736,Pastasås m. tonfisk curry,Niacinekvivalenter,Fisk o skaldjursprodukter o rätter,5.35,NE/mg
4736,Pastasås m. tonfisk curry,Niacin,Fisk o skaldjursprodukter o rätter,3.88,mg
4736,Pastasås m. tonfisk curry,"Salt, NaCl",Fisk o skaldjursprodukter o rätter,0.7,g
4736,Pastasås m. tonfisk curry,"Natrium, Na",Fisk o skaldjursprodukter o rätter,270.0,mg
4736,Pastasås m. tonfisk curry,Monosackarider,Fisk o skaldjursprodukter o rätter,2.3,g
4736,Pastasås m. tonfisk curry,"Sockerarter, totalt",Fisk o skaldjursprodukter o rätter,3.1,g
4736,Pastasås m. tonfisk curry,Summa enkelomättade fettsyror,Fisk o skaldjursprodukter o rätter,1.2,g
4736,Pastasås m. tonfisk curry,"Magnesium, Mg",Fisk o skaldjursprodukter o rätter,20.0,mg
4736,Pastasås m. tonfisk curry,Summa mättade fettsyror,Fisk o skaldjursprodukter o rätter,1.6,g
4736,Pastasås m. tonfisk curry,"Kolhydrater, tillgängliga",Fisk o skaldjursprodukter o rätter,3.6,g
4736,Pastasås m. tonfisk curry,Kolesterol,Fisk o skaldjursprodukter o rätter,21.7,mg
4736,Pastasås m. tonfisk curry,"Kalium, K",Fisk o skaldjursprodukter o rätter,223.0,mg
4736,Pastasås m. tonfisk curry,"Jod, I",Fisk o skaldjursprodukter o rätter,29.1,µg
4736,Pastasås m. tonfisk curry,Fullkorn totalt,Fisk o skaldjursprodukter o rätter,0.0,g
4736,Pastasås m. tonfisk curry,"Folat, totalt",Fisk o skaldjursprodukter o rätter,18.1,µg
4736,Pastasås m. tonfisk curry,Fibrer,Fisk o skaldjursprodukter o rätter,1.1,g
4736,Pastasås m. tonfisk curry,"Fett, totalt",Fisk o skaldjursprodukter o rätter,3.6,g
4736,Pastasås m. tonfisk curry,"Järn, Fe",Fisk o skaldjursprodukter o rätter,0.8,mg
4736,Pastasås m. tonfisk curry,Energi (kJ),Fisk o skaldjursprodukter o rätter,337.0,kJ
4736,Pastasås m. tonfisk curry,Energi (kcal),Fisk o skaldjursprodukter o rätter,80.0,kcal
4736,Pastasås m. tonfisk curry,Disackarider,Fisk o skaldjursprodukter o rätter,0.8,g
4736,Pastasås m. tonfisk curry,"Kalcium, Ca",Fisk o skaldjursprodukter o rätter,36.0,mg
4736,Pastasås m. tonfisk curry,Fettsyra 4:0-10:0,Fisk o skaldjursprodukter o rätter,0.2,g
4736,Pastasås m. tonfisk curry,DHA (C22:6),Fisk o skaldjursprodukter o rätter,0.1,g
4736,Pastasås m. tonfisk curry,DPA (C22:5),Fisk o skaldjursprodukter o rätter,0.0,g
4736,Pastasås m. tonfisk curry,EPA (C20:5),Fisk o skaldjursprodukter o rätter,0.0,g
4736,Pastasås m. tonfisk curry,Arakidonsyra C20:4,Fisk o skaldjursprodukter o rätter,0.0,g
4736,Pastasås m. tonfisk curry,Arakidinsyra C20:0,Fisk o skaldjursprodukter o rätter,0.0,g
4736,Pastasås m. tonfisk curry,Linolensyra C18:3,Fisk o skaldjursprodukter o rätter,0.1,g
4736,Pastasås m. tonfisk curry,Linolsyra C18:2,Fisk o skaldjursprodukter o rätter,0.3,g
4736,Pastasås m. tonfisk curry,Oljesyra C18:1,Fisk o skaldjursprodukter o rätter,1.1,g
4736,Pastasås m. tonfisk curry,Stearinsyra C18:0,Fisk o skaldjursprodukter o rätter,0.3,g
4736,Pastasås m. tonfisk curry,Palmitoljesyra C16:1,Fisk o skaldjursprodukter o rätter,0.1,g
4736,Pastasås m. tonfisk curry,Palmitinsyra C16:0,Fisk o skaldjursprodukter o rätter,0.8,g
4736,Pastasås m. tonfisk curry,Myristinsyra C14:0,Fisk o skaldjursprodukter o rätter,0.2,g
4736,Pastasås m. tonfisk curry,Laurinsyra C12:0,Fisk o skaldjursprodukter o rätter,0.1,g
4736,Pastasås m. tonfisk curry,Betakaroten/β-Karoten,Fisk o skaldjursprodukter o rätter,343.0,µg
4736,Pastasås m. tonfisk curry,Avfall (skal etc.),Fisk o skaldjursprodukter o rätter,1.0,%
4736,Pastasås m. tonfisk curry,Aska,Fisk o skaldjursprodukter o rätter,1.3,g
4736,Pastasås m. tonfisk curry,Alkohol,Fisk o skaldjursprodukter o rätter,0.0,g
4937,Tomat körsbärstomat röd,"Zink, Zn",Grönsaker,0.1,mg
4937,Tomat körsbärstomat röd,Vitamin E,Grönsaker,1.0,mg
4937,Tomat körsbärstomat röd,Vitamin D inkl 25-OH-D3,Grönsaker,0.0,µg
4937,Tomat körsbärstomat röd,Vitamin D,Grönsaker,0.0,µg
4937,Tomat körsbärstomat röd,Vitamin C,Grönsaker,33.7,mg
4937,Tomat körsbärstomat röd,Vitamin B6,Grönsaker,0.14,mg
4937,Tomat körsbärstomat röd,Vitamin B12,Grönsaker,0.0,µg
4937,Tomat körsbärstomat röd,Vitamin A,Grönsaker,80.4,RE/µg
4937,Tomat körsbärstomat röd,Vatten,Grönsaker,92.5,g
4937,Tomat körsbärstomat röd,Tiamin,Grönsaker,0.05,mg
4937,Tomat körsbärstomat röd,Tillsatt socker,Grönsaker,0.0,g
4937,Tomat körsbärstomat röd,Fritt socker,Grönsaker,0.0,g
4937,Tomat körsbärstomat röd,"Selen, Se",Grönsaker,0.0,µg
4937,Tomat körsbärstomat röd,Sackaros,Grönsaker,0.0,g
4937,Tomat körsbärstomat röd,Riboflavin,Grönsaker,0.03,mg
4937,Tomat körsbärstomat röd,Retinol,Grönsaker,0.0,µg
4937,Tomat körsbärstomat röd,Protein,Grönsaker,0.8,g
4937,Tomat körsbärstomat röd,Summa fleromättade fettsyror,Grönsaker,0.1,g
4937,Tomat körsbärstomat röd,"Fosfor, P",Grönsaker,37.0,mg
4937,Tomat körsbärstomat röd,Niacinekvivalenter,Grönsaker,1.0,NE/mg
4937,Tomat körsbärstomat röd,Niacin,Grönsaker,0.87,mg
4937,Tomat körsbärstomat röd,"Salt, NaCl",Grönsaker,0.0,g
4937,Tomat körsbärstomat röd,"Natrium, Na",Grönsaker,3.0,mg
4937,Tomat körsbärstomat röd,Monosackarider,Grönsaker,4.1,g
4937,Tomat körsbärstomat röd,"Sockerarter, totalt",Grönsaker,4.1,g
4937,Tomat körsbärstomat röd,Summa enkelomättade fettsyror,Grönsaker,0.0,g
4937,Tomat körsbärstomat röd,"Magnesium, Mg",Grönsaker,14.0,mg
4937,Tomat körsbärstomat röd,Summa mättade fettsyror,Grönsaker,0.0,g
4937,Tomat körsbärstomat röd,"Kolhydrater, tillgängliga",Grönsaker,4.4,g
4937,Tomat körsbärstomat röd,Kolesterol,Grönsaker,0.0,mg
4937,Tomat körsbärstomat röd,"Kalium, K",Grönsaker,320.0,mg
4937,Tomat körsbärstomat röd,"Jod, I",Grönsaker,0.2,µg
4937,Tomat körsbärstomat röd,Fullkorn totalt,Grönsaker,0.0,g
4937,Tomat körsbärstomat röd,"Folat, totalt",Grönsaker,25.7,µg
4937,Tomat körsbärstomat röd,Fibrer,Grönsaker,1.5,g
4937,Tomat körsbärstomat röd,"Fett, totalt",Grönsaker,0.1,g
4937,Tomat körsbärstomat röd,"Järn, Fe",Grönsaker,0.4,mg
4937,Tomat körsbärstomat röd,Energi (kJ),Grönsaker,105.0,kJ
4937,Tomat körsbärstomat röd,Energi (kcal),Grönsaker,25.0,kcal
4937,Tomat körsbärstomat röd,Disackarider,Grönsaker,0.0,g
4937,Tomat körsbärstomat röd,"Kalcium, Ca",Grönsaker,11.0,mg
4937,Tomat körsbärstomat röd,Fettsyra 4:0-10:0,Grönsaker,0.0,g
4937,Tomat körsbärstomat röd,DHA (C22:6),Grönsaker,0.0,g
4937,Tomat körsbärstomat röd,DPA (C22:5),Grönsaker,0.0,g
4937,Tomat körsbärstomat röd,EPA (C20:5),Grönsaker,0.0,g
4937,Tomat körsbärstomat röd,Arakidonsyra C20:4,Grönsaker,0.0,g
4937,Tomat körsbärstomat röd,Arakidinsyra C20:0,Grönsaker,0.0,g
4937,Tomat körsbärstomat röd,Linolensyra C18:3,Grönsaker,0.0,g
4937,Tomat körsbärstomat röd,Linolsyra C18:2,Grönsaker,0.1,g
4937,Tomat körsbärstomat röd,Oljesyra C18:1,Grönsaker,0.0,g
4937,Tomat körsbärstomat röd,Stearinsyra C18:0,Grönsaker,0.0,g
4937,Tomat körsbärstomat röd,Palmitoljesyra C16:1,Grönsaker,0.0,g
4937,Tomat körsbärstomat röd,Palmitinsyra C16:0,Grönsaker,0.0,g
4937,Tomat körsbärstomat röd,Myristinsyra C14:0,Grönsaker,0.0,g
4937,Tomat körsbärstomat röd,Laurinsyra C12:0,Grönsaker,0.0,g
4937,Tomat körsbärstomat röd,Betakaroten/β-Karoten,Grönsaker,965.0,µg
4937,Tomat körsbärstomat röd,Avfall (skal etc.),Grönsaker,0.0,%
4937,Tomat körsbärstomat röd,Aska,Grönsaker,0.6,g
4937,Tomat körsbärstomat röd,Alkohol,Grönsaker,0.0,g
4938,Tomat torkad m. olja avrunnen,"Zink, Zn",Grönsaks- rotfrukts- baljväxträtter o produkter,1.2,mg
4938,Tomat torkad m. olja avrunnen,Vitamin E,Grönsaks- rotfrukts- baljväxträtter o produkter,7.0,mg
4938,Tomat torkad m. olja avrunnen,Vitamin D inkl 25-OH-D3,Grönsaks- rotfrukts- baljväxträtter o produkter,0.0,µg
4938,Tomat torkad m. olja avrunnen,Vitamin D,Grönsaks- rotfrukts- baljväxträtter o produkter,0.0,µg
4938,Tomat torkad m. olja avrunnen,Vitamin C,Grönsaks- rotfrukts- baljväxträtter o produkter,0.0,mg
4938,Tomat torkad m. olja avrunnen,Vitamin B6,Grönsaks- rotfrukts- baljväxträtter o produkter,1.39,mg
4938,Tomat torkad m. olja avrunnen,Vitamin B12,Grönsaks- rotfrukts- baljväxträtter o produkter,0.0,µg
4938,Tomat torkad m. olja avrunnen,Vitamin A,Grönsaks- rotfrukts- baljväxträtter o produkter,43.9,RE/µg
4938,Tomat torkad m. olja avrunnen,Vatten,Grönsaks- rotfrukts- baljväxträtter o produkter,37.0,g
4938,Tomat torkad m. olja avrunnen,Tiamin,Grönsaks- rotfrukts- baljväxträtter o produkter,0.05,mg
4938,Tomat torkad m. olja avrunnen,Tillsatt socker,Grönsaks- rotfrukts- baljväxträtter o produkter,0.0,g
4938,Tomat torkad m. olja avrunnen,Fritt socker,Grönsaks- rotfrukts- baljväxträtter o produkter,0.0,g
4938,Tomat torkad m. olja avrunnen,"Selen, Se",Grönsaks- rotfrukts- baljväxträtter o produkter,0.0,µg
4938,Tomat torkad m. olja avrunnen,Sackaros,Grönsaks- rotfrukts- baljväxträtter o produkter,0.0,g
4938,Tomat torkad m. olja avrunnen,Riboflavin,Grönsaks- rotfrukts- baljväxträtter o produkter,0.09,mg
4938,Tomat torkad m. olja avrunnen,Retinol,Grönsaks- rotfrukts- baljväxträtter o produkter,0.0,µg
4938,Tomat torkad m. olja avrunnen,Protein,Grönsaks- rotfrukts- baljväxträtter o produkter,9.4,g
4938,Tomat torkad m. olja avrunnen,Summa fleromättade fettsyror,Grönsaks- rotfrukts- baljväxträtter o produkter,0.6,g
4938,Tomat torkad m. olja avrunnen,"Fosfor, P",Grönsaks- rotfrukts- baljväxträtter o produkter,200.0,mg
4938,Tomat torkad m. olja avrunnen,Niacinekvivalenter,Grönsaks- rotfrukts- baljväxträtter o produkter,5.9,NE/mg
4938,Tomat torkad m. olja avrunnen,Niacin,Grönsaks- rotfrukts- baljväxträtter o produkter,4.37,mg
4938,Tomat torkad m. olja avrunnen,"Salt, NaCl",Grönsaks- rotfrukts- baljväxträtter o produkter,10.8,g
4938,Tomat torkad m. olja avrunnen,"Natrium, Na",Grönsaks- rotfrukts- baljväxträtter o produkter,4300.0,mg
4938,Tomat torkad m. olja avrunnen,Monosackarider,Grönsaks- rotfrukts- baljväxträtter o produkter,22.9,g
4938,Tomat torkad m. olja avrunnen,"Sockerarter, totalt",Grönsaks- rotfrukts- baljväxträtter o produkter,23.0,g
4938,Tomat torkad m. olja avrunnen,Summa enkelomättade fettsyror,Grönsaks- rotfrukts- baljväxträtter o produkter,0.5,g
4938,Tomat torkad m. olja avrunnen,"Magnesium, Mg",Grönsaks- rotfrukts- baljväxträtter o produkter,110.0,mg
4938,Tomat torkad m. olja avrunnen,Summa mättade fettsyror,Grönsaks- rotfrukts- baljväxträtter o produkter,0.1,g
4938,Tomat torkad m. olja avrunnen,"Kolhydrater, tillgängliga",Grönsaks- rotfrukts- baljväxträtter o produkter,23.3,g
4938,Tomat torkad m. olja avrunnen,Kolesterol,Grönsaks- rotfrukts- baljväxträtter o produkter,1.0,mg
4938,Tomat torkad m. olja avrunnen,"Kalium, K",Grönsaks- rotfrukts- baljväxträtter o produkter,2300.0,mg
4938,Tomat torkad m. olja avrunnen,"Jod, I",Grönsaks- rotfrukts- baljväxträtter o produkter,1.0,µg
4938,Tomat torkad m. olja avrunnen,Fullkorn totalt,Grönsaks- rotfrukts- baljväxträtter o produkter,0.0,g
4938,Tomat torkad m. olja avrunnen,"Folat, totalt",Grönsaks- rotfrukts- baljväxträtter o produkter,30.7,µg
4938,Tomat torkad m. olja avrunnen,Fibrer,Grönsaks- rotfrukts- baljväxträtter o produkter,11.0,g
4938,Tomat torkad m. olja avrunnen,"Fett, totalt",Grönsaks- rotfrukts- baljväxträtter o produkter,1.5,g
4938,Tomat torkad m. olja avrunnen,"Järn, Fe",Grönsaks- rotfrukts- baljväxträtter o produkter,4.3,mg
4938,Tomat torkad m. olja avrunnen,Energi (kJ),Grönsaks- rotfrukts- baljväxträtter o produkter,699.0,kJ
4938,Tomat torkad m. olja avrunnen,Energi (kcal),Grönsaks- rotfrukts- baljväxträtter o produkter,167.0,kcal
4938,Tomat torkad m. olja avrunnen,Disackarider,Grönsaks- rotfrukts- baljväxträtter o produkter,0.1,g
4938,Tomat torkad m. olja avrunnen,"Kalcium, Ca",Grönsaks- rotfrukts- baljväxträtter o produkter,91.0,mg
4938,Tomat torkad m. olja avrunnen,Fettsyra 4:0-10:0,Grönsaks- rotfrukts- baljväxträtter o produkter,0.0,g
4938,Tomat torkad m. olja avrunnen,DHA (C22:6),Grönsaks- rotfrukts- baljväxträtter o produkter,0.0,g
4938,Tomat torkad m. olja avrunnen,DPA (C22:5),Grönsaks- rotfrukts- baljväxträtter o produkter,0.0,g
4938,Tomat torkad m. olja avrunnen,EPA (C20:5),Grönsaks- rotfrukts- baljväxträtter o produkter,0.0,g
4938,Tomat torkad m. olja avrunnen,Arakidonsyra C20:4,Grönsaks- rotfrukts- baljväxträtter o produkter,0.0,g
4938,Tomat torkad m. olja avrunnen,Arakidinsyra C20:0,Grönsaks- rotfrukts- baljväxträtter o produkter,0.0,g
4938,Tomat torkad m. olja avrunnen,Linolensyra C18:3,Grönsaks- rotfrukts- baljväxträtter o produkter,0.0,g
4938,Tomat torkad m. olja avrunnen,Linolsyra C18:2,Grönsaks- rotfrukts- baljväxträtter o produkter,0.5,g
4938,Tomat torkad m. olja avrunnen,Oljesyra C18:1,Grönsaks- rotfrukts- baljväxträtter o produkter,0.5,g
4938,Tomat torkad m. olja avrunnen,Stearinsyra C18:0,Grönsaks- rotfrukts- baljväxträtter o produkter,0.0,g
4938,Tomat torkad m. olja avrunnen,Palmitoljesyra C16:1,Grönsaks- rotfrukts- baljväxträtter o produkter,0.0,g
4938,Tomat torkad m. olja avrunnen,Palmitinsyra C16:0,Grönsaks- rotfrukts- baljväxträtter o produkter,0.1,g
4938,Tomat torkad m. olja avrunnen,Myristinsyra C14:0,Grönsaks- rotfrukts- baljväxträtter o produkter,0.0,g
4938,Tomat torkad m. olja avrunnen,Laurinsyra C12:0,Grönsaks- rotfrukts- baljväxträtter o produkter,0.0,g
4938,Tomat torkad m. olja avrunnen,Betakaroten/β-Karoten,Grönsaks- rotfrukts- baljväxträtter o produkter,527.0,µg
4938,Tomat torkad m. olja avrunnen,Avfall (skal etc.),Grönsaks- rotfrukts- baljväxträtter o produkter,0.0,%
4938,Tomat torkad m. olja avrunnen,Aska,Grönsaks- rotfrukts- baljväxträtter o produkter,17.8,g
4938,Tomat torkad m. olja avrunnen,Alkohol,Grönsaks- rotfrukts- baljväxträtter o produkter,0.0,g
4939,Broccoli kokt u. salt frysvara,"Zink, Zn",Grönsaker,0.2,mg
4939,Broccoli kokt u. salt frysvara,Vitamin E,Grönsaker,1.6,mg
4939,Broccoli kokt u. salt frysvara,Vitamin D inkl 25-OH-D3,Grönsaker,0.0,µg
4939,Broccoli kokt u. salt frysvara,Vitamin D,Grönsaker,0.0,µg
4939,Broccoli kokt u. salt frysvara,Vitamin C,Grönsaker,35.4,mg
4939,Broccoli kokt u. salt frysvara,Vitamin B6,Grönsaker,0.08,mg
4939,Broccoli kokt u. salt frysvara,Vitamin B12,Grönsaker,0.0,µg
4939,Broccoli kokt u. salt frysvara,Vitamin A,Grönsaker,48.5,RE/µg
4939,Broccoli kokt u. salt frysvara,Vatten,Grönsaker,92.2,g
4939,Broccoli kokt u. salt frysvara,Tiamin,Grönsaker,0.04,mg
4939,Broccoli kokt u. salt frysvara,Tillsatt socker,Grönsaker,0.0,g
4939,Broccoli kokt u. salt frysvara,Fritt socker,Grönsaker,0.0,g
4939,Broccoli kokt u. salt frysvara,"Selen, Se",Grönsaker,0.0,µg
4939,Broccoli kokt u. salt frysvara,Sackaros,Grönsaker,0.1,g
4939,Broccoli kokt u. salt frysvara,Riboflavin,Grönsaker,0.09,mg
4939,Broccoli kokt u. salt frysvara,Retinol,Grönsaker,0.0,µg
4939,Broccoli kokt u. salt frysvara,Protein,Grönsaker,2.4,g
4939,Broccoli kokt u. salt frysvara,Summa fleromättade fettsyror,Grönsaker,0.1,g
4939,Broccoli kokt u. salt frysvara,"Fosfor, P",Grönsaker,48.0,mg
4939,Broccoli kokt u. salt frysvara,Niacinekvivalenter,Grönsaker,0.6,NE/mg
4939,Broccoli kokt u. salt frysvara,Niacin,Grönsaker,0.2,mg
4939,Broccoli kokt u. salt frysvara,"Salt, NaCl",Grönsaker,0.0,g
4939,Broccoli kokt u. salt frysvara,"Natrium, Na",Grönsaker,12.0,mg
4939,Broccoli kokt u. salt frysvara,Monosackarider,Grönsaker,1.1,g
4939,Broccoli kokt u. salt frysvara,"Sockerarter, totalt",Grönsaker,1.2,g
4939,Broccoli kokt u. salt frysvara,Summa enkelomättade fettsyror,Grönsaker,0.0,g
4939,Broccoli kokt u. salt frysvara,"Magnesium, Mg",Grönsaker,16.0,mg
4939,Broccoli kokt u. salt frysvara,Summa mättade fettsyror,Grönsaker,0.0,g
4939,Broccoli kokt u. salt frysvara,"Kolhydrater, tillgängliga",Grönsaker,2.0,g
4939,Broccoli kokt u. salt frysvara,Kolesterol,Grönsaker,0.0,mg
4939,Broccoli kokt u. salt frysvara,"Kalium, K",Grönsaker,150.0,mg
4939,Broccoli kokt u. salt frysvara,"Jod, I",Grönsaker,2.0,µg
4939,Broccoli kokt u. salt frysvara,Fullkorn totalt,Grönsaker,0.0,g
4939,Broccoli kokt u. salt frysvara,"Folat, totalt",Grönsaker,98.3,µg
4939,Broccoli kokt u. salt frysvara,Fibrer,Grönsaker,2.7,g
4939,Broccoli kokt u. salt frysvara,"Fett, totalt",Grönsaker,0.3,g
4939,Broccoli kokt u. salt frysvara,"Järn, Fe",Grönsaker,0.5,mg
4939,Broccoli kokt u. salt frysvara,Energi (kJ),Grönsaker,107.0,kJ
4939,Broccoli kokt u. salt frysvara,Energi (kcal),Grönsaker,26.0,kcal
4939,Broccoli kokt u. salt frysvara,Disackarider,Grönsaker,0.1,g
4939,Broccoli kokt u. salt frysvara,"Kalcium, Ca",Grönsaker,33.0,mg
4939,Broccoli kokt u. salt frysvara,Fettsyra 4:0-10:0,Grönsaker,0.0,g
4939,Broccoli kokt u. salt frysvara,DHA (C22:6),Grönsaker,0.0,g
4939,Broccoli kokt u. salt frysvara,DPA (C22:5),Grönsaker,0.0,g
4939,Broccoli kokt u. salt frysvara,EPA (C20:5),Grönsaker,0.0,g
4939,Broccoli kokt u. salt frysvara,Arakidonsyra C20:4,Grönsaker,0.0,g
4939,Broccoli kokt u. salt frysvara,Arakidinsyra C20:0,Grönsaker,0.0,g
4939,Broccoli kokt u. salt frysvara,Linolensyra C18:3,Grönsaker,0.1,g
4939,Broccoli kokt u. salt frysvara,Linolsyra C18:2,Grönsaker,0.0,g
4939,Broccoli kokt u. salt frysvara,Oljesyra C18:1,Grönsaker,0.0,g
4939,Broccoli kokt u. salt frysvara,Stearinsyra C18:0,Grönsaker,0.0,g
4939,Broccoli kokt u. salt frysvara,Palmitoljesyra C16:1,Grönsaker,0.0,g
4939,Broccoli kokt u. salt frysvara,Palmitinsyra C16:0,Grönsaker,0.0,g
4939,Broccoli kokt u. salt frysvara,Myristinsyra C14:0,Grönsaker,0.0,g
4939,Broccoli kokt u. salt frysvara,Laurinsyra C12:0,Grönsaker,0.0,g
4939,Broccoli kokt u. salt frysvara,Betakaroten/β-Karoten,Grönsaker,576.0,µg
4939,Broccoli kokt u. salt frysvara,Avfall (skal etc.),Grönsaker,0.0,%
4939,Broccoli kokt u. salt frysvara,Aska,Grönsaker,0.4,g
4939,Broccoli kokt u. salt frysvara,Alkohol,Grönsaker,0.0,g
4941,Spenat färsk,"Zink, Zn",Grönsaker,0.9,mg
4941,Spenat färsk,Vitamin E,Grönsaker,1.9,mg
4941,Spenat färsk,Vitamin D inkl 25-OH-D3,Grönsaker,0.0,µg
4941,Spenat färsk,Vitamin D,Grönsaker,0.0,µg
4941,Spenat färsk,Vitamin C,Grönsaker,36.7,mg
4941,Spenat färsk,Vitamin B6,Grönsaker,0.28,mg
4941,Spenat färsk,Vitamin B12,Grönsaker,0.0,µg
4941,Spenat färsk,Vitamin A,Grönsaker,382.5,RE/µg
4941,Spenat färsk,Vatten,Grönsaker,91.2,g
4941,Spenat färsk,Tiamin,Grönsaker,0.11,mg
4941,Spenat färsk,Tillsatt socker,Grönsaker,0.0,g
4941,Spenat färsk,Fritt socker,Grönsaker,0.0,g
4941,Spenat färsk,"Selen, Se",Grönsaker,10.8,µg
4941,Spenat färsk,Sackaros,Grönsaker,0.1,g
4941,Spenat färsk,Riboflavin,Grönsaker,0.17,mg
4941,Spenat färsk,Retinol,Grönsaker,0.0,µg
4941,Spenat färsk,Protein,Grönsaker,3.3,g
4941,Spenat färsk,Summa fleromättade fettsyror,Grönsaker,0.3,g
4941,Spenat färsk,"Fosfor, P",Grönsaker,45.0,mg
4941,Spenat färsk,Niacinekvivalenter,Grönsaker,1.2,NE/mg
4941,Spenat färsk,Niacin,Grönsaker,0.6,mg
4941,Spenat färsk,"Salt, NaCl",Grönsaker,0.2,g
4941,Spenat färsk,"Natrium, Na",Grönsaker,100.0,mg
4941,Spenat färsk,Monosackarider,Grönsaker,0.2,g
4941,Spenat färsk,"Sockerarter, totalt",Grönsaker,0.3,g
4941,Spenat färsk,Summa enkelomättade fettsyror,Grönsaker,0.0,g
4941,Spenat färsk,"Magnesium, Mg",Grönsaker,95.0,mg
4941,Spenat färsk,Summa mättade fettsyror,Grönsaker,0.1,g
4941,Spenat färsk,"Kolhydrater, tillgängliga",Grönsaker,0.8,g
4941,Spenat färsk,Kolesterol,Grönsaker,0.0,mg
4941,Spenat färsk,"Kalium, K",Grönsaker,730.0,mg
4941,Spenat färsk,"Jod, I",Grönsaker,4.0,µg
4941,Spenat färsk,Fullkorn totalt,Grönsaker,0.0,g
4941,Spenat färsk,"Folat, totalt",Grönsaker,202.0,µg
4941,Spenat färsk,Fibrer,Grönsaker,2.1,g
4941,Spenat färsk,"Fett, totalt",Grönsaker,0.4,g
4941,Spenat färsk,"Järn, Fe",Grönsaker,2.1,mg
4941,Spenat färsk,Energi (kJ),Grönsaker,101.0,kJ
4941,Spenat färsk,Energi (kcal),Grönsaker,24.0,kcal
4941,Spenat färsk,Disackarider,Grönsaker,0.1,g
4941,Spenat färsk,"Kalcium, Ca",Grönsaker,83.0,mg
4941,Spenat färsk,Fettsyra 4:0-10:0,Grönsaker,0.0,g
4941,Spenat färsk,DHA (C22:6),Grönsaker,0.0,g
4941,Spenat färsk,DPA (C22:5),Grönsaker,0.0,g
4941,Spenat färsk,EPA (C20:5),Grönsaker,0.0,g
4941,Spenat färsk,Arakidonsyra C20:4,Grönsaker,0.0,g
4941,Spenat färsk,Arakidinsyra C20:0,Grönsaker,0.0,g
4941,Spenat färsk,Linolensyra C18:3,Grönsaker,0.2,g
4941,Spenat färsk,Linolsyra C18:2,Grönsaker,0.0,g
4941,Spenat färsk,Oljesyra C18:1,Grönsaker,0.0,g
4941,Spenat färsk,Stearinsyra C18:0,Grönsaker,0.0,g
4941,Spenat färsk,Palmitoljesyra C16:1,Grönsaker,0.0,g
4941,Spenat färsk,Palmitinsyra C16:0,Grönsaker,0.0,g
4941,Spenat färsk,Myristinsyra C14:0,Grönsaker,0.0,g
4941,Spenat färsk,Laurinsyra C12:0,Grönsaker,0.0,g
4941,Spenat färsk,Betakaroten/β-Karoten,Grönsaker,4540.0,µg
4941,Spenat färsk,Avfall (skal etc.),Grönsaker,0.0,%
4941,Spenat färsk,Aska,Grönsaker,2.3,g
4941,Spenat färsk,Alkohol,Grönsaker,0.0,g
4942,Mangold röd småbladig färsk,"Zink, Zn",Grönsaker,0.4,mg
4942,Mangold röd småbladig färsk,Vitamin E,Grönsaker,0.9,mg
4942,Mangold röd småbladig färsk,Vitamin D inkl 25-OH-D3,Grönsaker,0.0,µg
4942,Mangold röd småbladig färsk,Vitamin D,Grönsaker,0.0,µg
4942,Mangold röd småbladig färsk,Vitamin C,Grönsaker,8.5,mg
4942,Mangold röd småbladig färsk,Vitamin B6,Grönsaker,0.13,mg
4942,Mangold röd småbladig färsk,Vitamin B12,Grönsaker,0.0,µg
4942,Mangold röd småbladig färsk,Vitamin A,Grönsaker,175.3,RE/µg
4942,Mangold röd småbladig färsk,Vatten,Grönsaker,94.4,g
4942,Mangold röd småbladig färsk,Tiamin,Grönsaker,0.04,mg
4942,Mangold röd småbladig färsk,Tillsatt socker,Grönsaker,0.0,g
4942,Mangold röd småbladig färsk,Fritt socker,Grönsaker,0.0,g
4942,Mangold röd småbladig färsk,"Selen, Se",Grönsaker,0.0,µg
4942,Mangold röd småbladig färsk,Sackaros,Grönsaker,0.0,g
4942,Mangold röd småbladig färsk,Riboflavin,Grönsaker,0.09,mg
4942,Mangold röd småbladig färsk,Retinol,Grönsaker,0.0,µg
4942,Mangold röd småbladig färsk,Protein,Grönsaker,2.1,g
4942,Mangold röd småbladig färsk,Summa fleromättade fettsyror,Grönsaker,0.3,g
4942,Mangold röd småbladig färsk,"Fosfor, P",Grönsaker,26.0,mg
4942,Mangold röd småbladig färsk,Niacinekvivalenter,Grönsaker,0.8,NE/mg
4942,Mangold röd småbladig färsk,Niacin,Grönsaker,0.4,mg
4942,Mangold röd småbladig färsk,"Salt, NaCl",Grönsaker,0.5,g
4942,Mangold röd småbladig färsk,"Natrium, Na",Grönsaker,200.0,mg
4942,Mangold röd småbladig färsk,Monosackarider,Grönsaker,0.2,g
4942,Mangold röd småbladig färsk,"Sockerarter, totalt",Grönsaker,0.2,g
4942,Mangold röd småbladig färsk,Summa enkelomättade fettsyror,Grönsaker,0.0,g
4942,Mangold röd småbladig färsk,"Magnesium, Mg",Grönsaker,34.0,mg
4942,Mangold röd småbladig färsk,Summa mättade fettsyror,Grönsaker,0.1,g
4942,Mangold röd småbladig färsk,"Kolhydrater, tillgängliga",Grönsaker,0.0,g
4942,Mangold röd småbladig färsk,Kolesterol,Grönsaker,0.0,mg
4942,Mangold röd småbladig färsk,"Kalium, K",Grönsaker,260.0,mg
4942,Mangold röd småbladig färsk,"Jod, I",Grönsaker,2.0,µg
4942,Mangold röd småbladig färsk,Fullkorn totalt,Grönsaker,0.0,g
4942,Mangold röd småbladig färsk,"Folat, totalt",Grönsaker,123.0,µg
4942,Mangold röd småbladig färsk,Fibrer,Grönsaker,1.5,g
4942,Mangold röd småbladig färsk,"Fett, totalt",Grönsaker,0.5,g
4942,Mangold röd småbladig färsk,"Järn, Fe",Grönsaker,1.4,mg
4942,Mangold röd småbladig färsk,Energi (kJ),Grönsaker,67.0,kJ
4942,Mangold röd småbladig färsk,Energi (kcal),Grönsaker,16.0,kcal
4942,Mangold röd småbladig färsk,Disackarider,Grönsaker,0.0,g
4942,Mangold röd småbladig färsk,"Kalcium, Ca",Grönsaker,95.0,mg
4942,Mangold röd småbladig färsk,Fettsyra 4:0-10:0,Grönsaker,0.0,g
4942,Mangold röd småbladig färsk,DHA (C22:6),Grönsaker,0.0,g
4942,Mangold röd småbladig färsk,DPA (C22:5),Grönsaker,0.0,g
4942,Mangold röd småbladig färsk,EPA (C20:5),Grönsaker,0.0,g
4942,Mangold röd småbladig färsk,Arakidonsyra C20:4,Grönsaker,0.0,g
4942,Mangold röd småbladig färsk,Arakidinsyra C20:0,Grönsaker,0.0,g
4942,Mangold röd småbladig färsk,Linolensyra C18:3,Grönsaker,0.2,g
4942,Mangold röd småbladig färsk,Linolsyra C18:2,Grönsaker,0.0,g
4942,Mangold röd småbladig färsk,Oljesyra C18:1,Grönsaker,0.0,g
4942,Mangold röd småbladig färsk,Stearinsyra C18:0,Grönsaker,0.0,g
4942,Mangold röd småbladig färsk,Palmitoljesyra C16:1,Grönsaker,0.0,g
4942,Mangold röd småbladig färsk,Palmitinsyra C16:0,Grönsaker,0.0,g
4942,Mangold röd småbladig färsk,Myristinsyra C14:0,Grönsaker,0.0,g
4942,Mangold röd småbladig färsk,Laurinsyra C12:0,Grönsaker,0.0,g
4942,Mangold röd småbladig färsk,Betakaroten/β-Karoten,Grönsaker,2060.0,µg
4942,Mangold röd småbladig färsk,Avfall (skal etc.),Grönsaker,8.0,%
4942,Mangold röd småbladig färsk,Aska,Grönsaker,1.5,g
4942,Mangold röd småbladig färsk,Alkohol,Grönsaker,0.0,g
4946,Kruksallat,"Zink, Zn",Grönsaker,0.2,mg
4946,Kruksallat,Vitamin E,Grönsaker,0.6,mg
4946,Kruksallat,Vitamin D inkl 25-OH-D3,Grönsaker,0.0,µg
4946,Kruksallat,Vitamin D,Grönsaker,0.0,µg
4946,Kruksallat,Vitamin C,Grönsaker,5.2,mg
4946,Kruksallat,Vitamin B6,Grönsaker,0.08,mg
4946,Kruksallat,Vitamin B12,Grönsaker,0.0,µg
4946,Kruksallat,Vitamin A,Grönsaker,65.9,RE/µg
4946,Kruksallat,Vatten,Grönsaker,95.9,g
4946,Kruksallat,Tiamin,Grönsaker,0.02,mg
4946,Kruksallat,Tillsatt socker,Grönsaker,0.0,g
4946,Kruksallat,Fritt socker,Grönsaker,0.0,g
4946,Kruksallat,"Selen, Se",Grönsaker,0.0,µg
4946,Kruksallat,Sackaros,Grönsaker,0.1,g
4946,Kruksallat,Riboflavin,Grönsaker,0.04,mg
4946,Kruksallat,Retinol,Grönsaker,0.0,µg
4946,Kruksallat,Protein,Grönsaker,1.9,g
4946,Kruksallat,Summa fleromättade fettsyror,Grönsaker,0.1,g
4946,Kruksallat,"Fosfor, P",Grönsaker,25.0,mg
4946,Kruksallat,Niacinekvivalenter,Grönsaker,0.6,NE/mg
4946,Kruksallat,Niacin,Grönsaker,0.28,mg
4946,Kruksallat,"Salt, NaCl",Grönsaker,0.0,g
4946,Kruksallat,"Natrium, Na",Grönsaker,15.0,mg
4946,Kruksallat,Monosackarider,Grönsaker,0.8,g
4946,Kruksallat,"Sockerarter, totalt",Grönsaker,0.9,g
4946,Kruksallat,Summa enkelomättade fettsyror,Grönsaker,0.0,g
4946,Kruksallat,"Magnesium, Mg",Grönsaker,11.0,mg
4946,Kruksallat,Summa mättade fettsyror,Grönsaker,0.1,g
4946,Kruksallat,"Kolhydrater, tillgängliga",Grönsaker,0.0,g
4946,Kruksallat,Kolesterol,Grönsaker,0.0,mg
4946,Kruksallat,"Kalium, K",Grönsaker,240.0,mg
4946,Kruksallat,"Jod, I",Grönsaker,1.0,µg
4946,Kruksallat,Fullkorn totalt,Grönsaker,0.0,g
4946,Kruksallat,"Folat, totalt",Grönsaker,61.4,µg
4946,Kruksallat,Fibrer,Grönsaker,1.6,g
4946,Kruksallat,"Fett, totalt",Grönsaker,0.2,g
4946,Kruksallat,"Järn, Fe",Grönsaker,0.4,mg
4946,Kruksallat,Energi (kJ),Grönsaker,53.0,kJ
4946,Kruksallat,Energi (kcal),Grönsaker,13.0,kcal
4946,Kruksallat,Disackarider,Grönsaker,0.1,g
4946,Kruksallat,"Kalcium, Ca",Grönsaker,41.0,mg
4946,Kruksallat,Fettsyra 4:0-10:0,Grönsaker,0.0,g
4946,Kruksallat,DHA (C22:6),Grönsaker,0.0,g
4946,Kruksallat,DPA (C22:5),Grönsaker,0.0,g
4946,Kruksallat,EPA (C20:5),Grönsaker,0.0,g
4946,Kruksallat,Arakidonsyra C20:4,Grönsaker,0.0,g
4946,Kruksallat,Arakidinsyra C20:0,Grönsaker,0.0,g
4946,Kruksallat,Linolensyra C18:3,Grönsaker,0.1,g
4946,Kruksallat,Linolsyra C18:2,Grönsaker,0.0,g
4946,Kruksallat,Oljesyra C18:1,Grönsaker,0.0,g
4946,Kruksallat,Stearinsyra C18:0,Grönsaker,0.0,g
4946,Kruksallat,Palmitoljesyra C16:1,Grönsaker,0.0,g
4946,Kruksallat,Palmitinsyra C16:0,Grönsaker,0.0,g
4946,Kruksallat,Myristinsyra C14:0,Grönsaker,0.0,g
4946,Kruksallat,Laurinsyra C12:0,Grönsaker,0.0,g
4946,Kruksallat,Betakaroten/β-Karoten,Grönsaker,785.0,µg
4946,Kruksallat,Avfall (skal etc.),Grönsaker,11.0,%
4946,Kruksallat,Aska,Grönsaker,0.7,g
4946,Kruksallat,Alkohol,Grönsaker,0.0,g
4947,Lök röd,"Zink, Zn",Grönsaker,0.2,mg
4947,Lök röd,Vitamin E,Grönsaker,0.0,mg
4947,Lök röd,Vitamin D inkl 25-OH-D3,Grönsaker,0.0,µg
4947,Lök röd,Vitamin D,Grönsaker,0.0,µg
4947,Lök röd,Vitamin C,Grönsaker,9.2,mg
4947,Lök röd,Vitamin B6,Grönsaker,0.17,mg
4947,Lök röd,Vitamin B12,Grönsaker,0.0,µg
4947,Lök röd,Vitamin A,Grönsaker,0.0,RE/µg
4947,Lök röd,Vatten,Grönsaker,87.2,g
4947,Lök röd,Tiamin,Grönsaker,0.04,mg
4947,Lök röd,Tillsatt socker,Grönsaker,0.0,g
4947,Lök röd,Fritt socker,Grönsaker,0.0,g
4947,Lök röd,"Selen, Se",Grönsaker,0.0,µg
4947,Lök röd,Sackaros,Grönsaker,1.6,g
4947,Lök röd,Riboflavin,Grönsaker,0.0,mg
4947,Lök röd,Retinol,Grönsaker,0.0,µg
4947,Lök röd,Protein,Grönsaker,1.2,g
4947,Lök röd,Summa fleromättade fettsyror,Grönsaker,0.0,g
4947,Lök röd,"Fosfor, P",Grönsaker,34.0,mg
4947,Lök röd,Niacinekvivalenter,Grönsaker,0.4,NE/mg
4947,Lök röd,Niacin,Grönsaker,0.16,mg
4947,Lök röd,"Salt, NaCl",Grönsaker,0.0,g
4947,Lök röd,"Natrium, Na",Grönsaker,3.0,mg
4947,Lök röd,Monosackarider,Grönsaker,2.9,g
4947,Lök röd,"Sockerarter, totalt",Grönsaker,4.5,g
4947,Lök röd,Summa enkelomättade fettsyror,Grönsaker,0.0,g
4947,Lök röd,"Magnesium, Mg",Grönsaker,11.0,mg
4947,Lök röd,Summa mättade fettsyror,Grönsaker,0.0,g
4947,Lök röd,"Kolhydrater, tillgängliga",Grönsaker,9.0,g
4947,Lök röd,Kolesterol,Grönsaker,0.0,mg
4947,Lök röd,"Kalium, K",Grönsaker,200.0,mg
4947,Lök röd,"Jod, I",Grönsaker,2.0,µg
4947,Lök röd,Fullkorn totalt,Grönsaker,0.0,g
4947,Lök röd,"Folat, totalt",Grönsaker,27.9,µg
4947,Lök röd,Fibrer,Grönsaker,2.0,g
4947,Lök röd,"Fett, totalt",Grönsaker,0.1,g
4947,Lök röd,"Järn, Fe",Grönsaker,0.2,mg
4947,Lök röd,Energi (kJ),Grönsaker,193.0,kJ
4947,Lök röd,Energi (kcal),Grönsaker,46.0,kcal
4947,Lök röd,Disackarider,Grönsaker,1.6,g
4947,Lök röd,"Kalcium, Ca",Grönsaker,26.0,mg
4947,Lök röd,Fettsyra 4:0-10:0,Grönsaker,0.0,g
4947,Lök röd,DHA (C22:6),Grönsaker,0.0,g
4947,Lök röd,DPA (C22:5),Grönsaker,0.0,g
4947,Lök röd,EPA (C20:5),Grönsaker,0.0,g
4947,Lök röd,Arakidonsyra C20:4,Grönsaker,0.0,g
4947,Lök röd,Arakidinsyra C20:0,Grönsaker,0.0,g
4947,Lök röd,Linolensyra C18:3,Grönsaker,0.0,g
4947,Lök röd,Linolsyra C18:2,Grönsaker,0.0,g
4947,Lök röd,Oljesyra C18:1,Grönsaker,0.0,g
4947,Lök röd,Stearinsyra C18:0,Grönsaker,0.0,g
4947,Lök röd,Palmitoljesyra C16:1,Grönsaker,0.0,g
4947,Lök röd,Palmitinsyra C16:0,Grönsaker,0.0,g
4947,Lök röd,Myristinsyra C14:0,Grönsaker,0.0,g
4947,Lök röd,Laurinsyra C12:0,Grönsaker,0.0,g
4947,Lök röd,Betakaroten/β-Karoten,Grönsaker,0.0,µg
4947,Lök röd,Avfall (skal etc.),Grönsaker,11.0,%
4947,Lök röd,Aska,Grönsaker,0.5,g
4947,Lök röd,Alkohol,Grönsaker,0.0,g
5007,Kantarell gul rå,"Zink, Zn",Svamp,0.7,mg
5007,Kantarell gul rå,Vitamin E,Svamp,0.0,mg
5007,Kantarell gul rå,Vitamin D,Svamp,15.37,µg
5007,Kantarell gul rå,Vitamin C,Svamp,0.0,mg
5007,Kantarell gul rå,Vitamin B6,Svamp,0.03,mg
5007,Kantarell gul rå,Vitamin B12,Svamp,0.0,µg
5007,Kantarell gul rå,Vitamin A,Svamp,75.4,RE/µg
5007,Kantarell gul rå,Vatten,Svamp,92.0,g
5007,Kantarell gul rå,Tiamin,Svamp,0.06,mg
5007,Kantarell gul rå,Tillsatt socker,Svamp,0.0,g
5007,Kantarell gul rå,Fritt socker,Svamp,0.0,g
5007,Kantarell gul rå,"Selen, Se",Svamp,0.0,µg
5007,Kantarell gul rå,Sackaros,Svamp,0.0,g
5007,Kantarell gul rå,Riboflavin,Svamp,0.19,mg
5007,Kantarell gul rå,Retinol,Svamp,0.0,µg
5007,Kantarell gul rå,Protein,Svamp,1.7,g
5007,Kantarell gul rå,Summa fleromättade fettsyror,Svamp,0.2,g
5007,Kantarell gul rå,"Fosfor, P",Svamp,40.0,mg
5007,Kantarell gul rå,Niacinekvivalenter,Svamp,4.23,NE/mg
5007,Kantarell gul rå,Niacin,Svamp,3.94,mg
5007,Kantarell gul rå,"Salt, NaCl",Svamp,0.0,g
5007,Kantarell gul rå,"Natrium, Na",Svamp,1.0,mg
5007,Kantarell gul rå,Monosackarider,Svamp,0.0,g
5007,Kantarell gul rå,"Sockerarter, totalt",Svamp,0.0,g
5007,Kantarell gul rå,Summa enkelomättade fettsyror,Svamp,0.0,g
5007,Kantarell gul rå,"Magnesium, Mg",Svamp,7.0,mg
5007,Kantarell gul rå,Summa mättade fettsyror,Svamp,0.1,g
5007,Kantarell gul rå,"Kolhydrater, tillgängliga",Svamp,2.0,g
5007,Kantarell gul rå,Kolesterol,Svamp,0.0,mg
5007,Kantarell gul rå,"Kalium, K",Svamp,384.0,mg
5007,Kantarell gul rå,"Jod, I",Svamp,2.1,µg
5007,Kantarell gul rå,Fullkorn totalt,Svamp,0.0,g
5007,Kantarell gul rå,"Folat, totalt",Svamp,6.1,µg
5007,Kantarell gul rå,Fibrer,Svamp,3.2,g
5007,Kantarell gul rå,"Fett, totalt",Svamp,0.3,g
5007,Kantarell gul rå,"Järn, Fe",Svamp,0.6,mg
5007,Kantarell gul rå,Energi (kJ),Svamp,102.0,kJ
5007,Kantarell gul rå,Energi (kcal),Svamp,24.0,kcal
5007,Kantarell gul rå,Disackarider,Svamp,0.0,g
5007,Kantarell gul rå,"Kalcium, Ca",Svamp,3.0,mg
5007,Kantarell gul rå,Fettsyra 4:0-10:0,Svamp,0.0,g
5007,Kantarell gul rå,DHA (C22:6),Svamp,0.0,g
5007,Kantarell gul rå,DPA (C22:5),Svamp,0.0,g
5007,Kantarell gul rå,EPA (C20:5),Svamp,0.0,g
5007,Kantarell gul rå,Arakidonsyra C20:4,Svamp,0.0,g
5007,Kantarell gul rå,Arakidinsyra C20:0,Svamp,0.0,g
5007,Kantarell gul rå,Linolensyra C18:3,Svamp,0.1,g
5007,Kantarell gul rå,Linolsyra C18:2,Svamp,0.0,g
5007,Kantarell gul rå,Oljesyra C18:1,Svamp,0.0,g
5007,Kantarell gul rå,Stearinsyra C18:0,Svamp,0.0,g
5007,Kantarell gul rå,Palmitoljesyra C16:1,Svamp,0.0,g
5007,Kantarell gul rå,Palmitinsyra C16:0,Svamp,0.1,g
5007,Kantarell gul rå,Myristinsyra C14:0,Svamp,0.0,g
5007,Kantarell gul rå,Laurinsyra C12:0,Svamp,0.0,g
5007,Kantarell gul rå,Betakaroten/β-Karoten,Svamp,906.0,µg
5007,Kantarell gul rå,Avfall (skal etc.),Svamp,11.0,%
5007,Kantarell gul rå,Aska,Svamp,0.8,g
5007,Kantarell gul rå,Alkohol,Svamp,0.0,g
5043,Hjort kronhjort kött rå,"Zink, Zn",Kött färskt fryst tillagat ,3.5,mg
5043,Hjort kronhjort kött rå,Vitamin E,Kött färskt fryst tillagat ,0.6,mg
5043,Hjort kronhjort kött rå,Vitamin D,Kött färskt fryst tillagat ,0.0,µg
5043,Hjort kronhjort kött rå,Vitamin C,Kött färskt fryst tillagat ,0.0,mg
5043,Hjort kronhjort kött rå,Vitamin B6,Kött färskt fryst tillagat ,0.4,mg
5043,Hjort kronhjort kött rå,Vitamin B12,Kött färskt fryst tillagat ,2.21,µg
5043,Hjort kronhjort kött rå,Vitamin A,Kött färskt fryst tillagat ,3.7,RE/µg
5043,Hjort kronhjort kött rå,Vatten,Kött färskt fryst tillagat ,74.8,g
5043,Hjort kronhjort kött rå,Tiamin,Kött färskt fryst tillagat ,0.19,mg
5043,Hjort kronhjort kött rå,Tillsatt socker,Kött färskt fryst tillagat ,0.0,g
5043,Hjort kronhjort kött rå,Fritt socker,Kött färskt fryst tillagat ,0.0,g
5043,Hjort kronhjort kött rå,"Selen, Se",Kött färskt fryst tillagat ,3.2,µg
5043,Hjort kronhjort kött rå,Sackaros,Kött färskt fryst tillagat ,0.0,g
5043,Hjort kronhjort kött rå,Riboflavin,Kött färskt fryst tillagat ,0.44,mg
5043,Hjort kronhjort kött rå,Retinol,Kött färskt fryst tillagat ,3.7,µg
5043,Hjort kronhjort kött rå,Protein,Kött färskt fryst tillagat ,22.3,g
5043,Hjort kronhjort kött rå,Summa fleromättade fettsyror,Kött färskt fryst tillagat ,0.3,g
5043,Hjort kronhjort kött rå,"Fosfor, P",Kött färskt fryst tillagat ,200.0,mg
5043,Hjort kronhjort kött rå,Niacinekvivalenter,Kött färskt fryst tillagat ,9.5,NE/mg
5043,Hjort kronhjort kött rå,Niacin,Kött färskt fryst tillagat ,5.45,mg
5043,Hjort kronhjort kött rå,"Salt, NaCl",Kött färskt fryst tillagat ,0.2,g
5043,Hjort kronhjort kött rå,"Natrium, Na",Kött färskt fryst tillagat ,91.0,mg
5043,Hjort kronhjort kött rå,Monosackarider,Kött färskt fryst tillagat ,0.0,g
5043,Hjort kronhjort kött rå,"Sockerarter, totalt",Kött färskt fryst tillagat ,0.0,g
5043,Hjort kronhjort kött rå,Summa enkelomättade fettsyror,Kött färskt fryst tillagat ,0.4,g
5043,Hjort kronhjort kött rå,"Magnesium, Mg",Kött färskt fryst tillagat ,25.0,mg
5043,Hjort kronhjort kött rå,Summa mättade fettsyror,Kött färskt fryst tillagat ,1.0,g
5043,Hjort kronhjort kött rå,"Kolhydrater, tillgängliga",Kött färskt fryst tillagat ,0.0,g
5043,Hjort kronhjort kött rå,Kolesterol,Kött färskt fryst tillagat ,60.9,mg
5043,Hjort kronhjort kött rå,"Kalium, K",Kött färskt fryst tillagat ,300.0,mg
5043,Hjort kronhjort kött rå,"Jod, I",Kött färskt fryst tillagat ,4.3,µg
5043,Hjort kronhjort kött rå,Fullkorn totalt,Kött färskt fryst tillagat ,0.0,g
5043,Hjort kronhjort kött rå,"Folat, totalt",Kött färskt fryst tillagat ,1.7,µg
5043,Hjort kronhjort kött rå,Fibrer,Kött färskt fryst tillagat ,0.0,g
5043,Hjort kronhjort kött rå,"Fett, totalt",Kött färskt fryst tillagat ,2.0,g
5043,Hjort kronhjort kött rå,"Järn, Fe",Kött färskt fryst tillagat ,3.0,mg
5043,Hjort kronhjort kött rå,Energi (kJ),Kött färskt fryst tillagat ,453.0,kJ
5043,Hjort kronhjort kött rå,Energi (kcal),Kött färskt fryst tillagat ,108.0,kcal
5043,Hjort kronhjort kött rå,Disackarider,Kött färskt fryst tillagat ,0.0,g
5043,Hjort kronhjort kött rå,"Kalcium, Ca",Kött färskt fryst tillagat ,6.0,mg
5043,Hjort kronhjort kött rå,Fettsyra 4:0-10:0,Kött färskt fryst tillagat ,0.0,g
5043,Hjort kronhjort kött rå,DHA (C22:6),Kött färskt fryst tillagat ,0.0,g
5043,Hjort kronhjort kött rå,DPA (C22:5),Kött färskt fryst tillagat ,0.0,g
5043,Hjort kronhjort kött rå,EPA (C20:5),Kött färskt fryst tillagat ,0.0,g
5043,Hjort kronhjort kött rå,Arakidonsyra C20:4,Kött färskt fryst tillagat ,0.0,g
5043,Hjort kronhjort kött rå,Arakidinsyra C20:0,Kött färskt fryst tillagat ,0.0,g
5043,Hjort kronhjort kött rå,Linolensyra C18:3,Kött färskt fryst tillagat ,0.0,g
5043,Hjort kronhjort kött rå,Linolsyra C18:2,Kött färskt fryst tillagat ,0.1,g
5043,Hjort kronhjort kött rå,Oljesyra C18:1,Kött färskt fryst tillagat ,0.3,g
5043,Hjort kronhjort kött rå,Stearinsyra C18:0,Kött färskt fryst tillagat ,0.3,g
5043,Hjort kronhjort kött rå,Palmitoljesyra C16:1,Kött färskt fryst tillagat ,0.1,g
5043,Hjort kronhjort kött rå,Palmitinsyra C16:0,Kött färskt fryst tillagat ,0.4,g
5043,Hjort kronhjort kött rå,Myristinsyra C14:0,Kött färskt fryst tillagat ,0.1,g
5043,Hjort kronhjort kött rå,Laurinsyra C12:0,Kött färskt fryst tillagat ,0.0,g
5043,Hjort kronhjort kött rå,Betakaroten/β-Karoten,Kött färskt fryst tillagat ,0.0,µg
5043,Hjort kronhjort kött rå,Avfall (skal etc.),Kött färskt fryst tillagat ,0.0,%
5043,Hjort kronhjort kött rå,Aska,Kött färskt fryst tillagat ,1.0,g
5043,Hjort kronhjort kött rå,Alkohol,Kött färskt fryst tillagat ,0.0,g
5044,Hjort dovhjort färs rå,"Zink, Zn",Kött färskt fryst tillagat ,4.2,mg
5044,Hjort dovhjort färs rå,Vitamin E,Kött färskt fryst tillagat ,0.5,mg
5044,Hjort dovhjort färs rå,Vitamin D,Kött färskt fryst tillagat ,0.0,µg
5044,Hjort dovhjort färs rå,Vitamin C,Kött färskt fryst tillagat ,0.0,mg
5044,Hjort dovhjort färs rå,Vitamin B6,Kött färskt fryst tillagat ,0.36,mg
5044,Hjort dovhjort färs rå,Vitamin B12,Kött färskt fryst tillagat ,2.39,µg
5044,Hjort dovhjort färs rå,Vitamin A,Kött färskt fryst tillagat ,7.7,RE/µg
5044,Hjort dovhjort färs rå,Vatten,Kött färskt fryst tillagat ,72.1,g
5044,Hjort dovhjort färs rå,Tiamin,Kött färskt fryst tillagat ,0.16,mg
5044,Hjort dovhjort färs rå,Tillsatt socker,Kött färskt fryst tillagat ,0.0,g
5044,Hjort dovhjort färs rå,Fritt socker,Kött färskt fryst tillagat ,0.0,g
5044,Hjort dovhjort färs rå,"Selen, Se",Kött färskt fryst tillagat ,5.4,µg
5044,Hjort dovhjort färs rå,Sackaros,Kött färskt fryst tillagat ,0.0,g
5044,Hjort dovhjort färs rå,Riboflavin,Kött färskt fryst tillagat ,0.35,mg
5044,Hjort dovhjort färs rå,Retinol,Kött färskt fryst tillagat ,7.7,µg
5044,Hjort dovhjort färs rå,Protein,Kött färskt fryst tillagat ,21.8,g
5044,Hjort dovhjort färs rå,Summa fleromättade fettsyror,Kött färskt fryst tillagat ,0.4,g
5044,Hjort dovhjort färs rå,"Fosfor, P",Kött färskt fryst tillagat ,210.0,mg
5044,Hjort dovhjort färs rå,Niacinekvivalenter,Kött färskt fryst tillagat ,9.3,NE/mg
5044,Hjort dovhjort färs rå,Niacin,Kött färskt fryst tillagat ,5.32,mg
5044,Hjort dovhjort färs rå,"Salt, NaCl",Kött färskt fryst tillagat ,0.2,g
5044,Hjort dovhjort färs rå,"Natrium, Na",Kött färskt fryst tillagat ,80.0,mg
5044,Hjort dovhjort färs rå,Monosackarider,Kött färskt fryst tillagat ,0.0,g
5044,Hjort dovhjort färs rå,"Sockerarter, totalt",Kött färskt fryst tillagat ,0.0,g
5044,Hjort dovhjort färs rå,Summa enkelomättade fettsyror,Kött färskt fryst tillagat ,1.1,g
5044,Hjort dovhjort färs rå,"Magnesium, Mg",Kött färskt fryst tillagat ,23.0,mg
5044,Hjort dovhjort färs rå,Summa mättade fettsyror,Kött färskt fryst tillagat ,3.2,g
5044,Hjort dovhjort färs rå,"Kolhydrater, tillgängliga",Kött färskt fryst tillagat ,0.0,g
5044,Hjort dovhjort färs rå,Kolesterol,Kött färskt fryst tillagat ,70.6,mg
5044,Hjort dovhjort färs rå,"Kalium, K",Kött färskt fryst tillagat ,310.0,mg
5044,Hjort dovhjort färs rå,"Jod, I",Kött färskt fryst tillagat ,5.2,µg
5044,Hjort dovhjort färs rå,Fullkorn totalt,Kött färskt fryst tillagat ,0.0,g
5044,Hjort dovhjort färs rå,"Folat, totalt",Kött färskt fryst tillagat ,1.7,µg
5044,Hjort dovhjort färs rå,Fibrer,Kött färskt fryst tillagat ,0.0,g
5044,Hjort dovhjort färs rå,"Fett, totalt",Kött färskt fryst tillagat ,5.1,g
5044,Hjort dovhjort färs rå,"Järn, Fe",Kött färskt fryst tillagat ,3.3,mg
5044,Hjort dovhjort färs rå,Energi (kJ),Kött färskt fryst tillagat ,559.0,kJ
5044,Hjort dovhjort färs rå,Energi (kcal),Kött färskt fryst tillagat ,134.0,kcal
5044,Hjort dovhjort färs rå,Disackarider,Kött färskt fryst tillagat ,0.0,g
5044,Hjort dovhjort färs rå,"Kalcium, Ca",Kött färskt fryst tillagat ,48.0,mg
5044,Hjort dovhjort färs rå,Fettsyra 4:0-10:0,Kött färskt fryst tillagat ,0.0,g
5044,Hjort dovhjort färs rå,DHA (C22:6),Kött färskt fryst tillagat ,0.0,g
5044,Hjort dovhjort färs rå,DPA (C22:5),Kött färskt fryst tillagat ,0.0,g
5044,Hjort dovhjort färs rå,EPA (C20:5),Kött färskt fryst tillagat ,0.0,g
5044,Hjort dovhjort färs rå,Arakidonsyra C20:4,Kött färskt fryst tillagat ,0.1,g
5044,Hjort dovhjort färs rå,Arakidinsyra C20:0,Kött färskt fryst tillagat ,0.0,g
5044,Hjort dovhjort färs rå,Linolensyra C18:3,Kött färskt fryst tillagat ,0.1,g
5044,Hjort dovhjort färs rå,Linolsyra C18:2,Kött färskt fryst tillagat ,0.2,g
5044,Hjort dovhjort färs rå,Oljesyra C18:1,Kött färskt fryst tillagat ,1.0,g
5044,Hjort dovhjort färs rå,Stearinsyra C18:0,Kött färskt fryst tillagat ,1.0,g
5044,Hjort dovhjort färs rå,Palmitoljesyra C16:1,Kött färskt fryst tillagat ,0.1,g
5044,Hjort dovhjort färs rå,Palmitinsyra C16:0,Kött färskt fryst tillagat ,1.2,g
5044,Hjort dovhjort färs rå,Myristinsyra C14:0,Kött färskt fryst tillagat ,0.3,g
5044,Hjort dovhjort färs rå,Laurinsyra C12:0,Kött färskt fryst tillagat ,0.0,g
5044,Hjort dovhjort färs rå,Betakaroten/β-Karoten,Kött färskt fryst tillagat ,0.0,µg
5044,Hjort dovhjort färs rå,Avfall (skal etc.),Kött färskt fryst tillagat ,0.0,%
5044,Hjort dovhjort färs rå,Aska,Kött färskt fryst tillagat ,1.0,g
5044,Hjort dovhjort färs rå,Alkohol,Kött färskt fryst tillagat ,0.0,g
5045,Ren kött kallrökt rå,"Zink, Zn",Kött processat,3.4,mg
5045,Ren kött kallrökt rå,Vitamin E,Kött processat,0.5,mg
5045,Ren kött kallrökt rå,Vitamin D,Kött processat,0.0,µg
5045,Ren kött kallrökt rå,Vitamin C,Kött processat,0.0,mg
5045,Ren kött kallrökt rå,Vitamin B6,Kött processat,0.55,mg
5045,Ren kött kallrökt rå,Vitamin B12,Kött processat,2.81,µg
5045,Ren kött kallrökt rå,Vitamin A,Kött processat,3.2,RE/µg
5045,Ren kött kallrökt rå,Vatten,Kött processat,66.9,g
5045,Ren kött kallrökt rå,Tiamin,Kött processat,0.42,mg
5045,Ren kött kallrökt rå,Tillsatt socker,Kött processat,0.0,g
5045,Ren kött kallrökt rå,Fritt socker,Kött processat,0.0,g
5045,Ren kött kallrökt rå,"Selen, Se",Kött processat,24.2,µg
5045,Ren kött kallrökt rå,Sackaros,Kött processat,0.0,g
5045,Ren kött kallrökt rå,Riboflavin,Kött processat,0.98,mg
5045,Ren kött kallrökt rå,Retinol,Kött processat,3.2,µg
5045,Ren kött kallrökt rå,Protein,Kött processat,26.2,g
5045,Ren kött kallrökt rå,Summa fleromättade fettsyror,Kött processat,0.6,g
5045,Ren kött kallrökt rå,"Fosfor, P",Kött processat,270.0,mg
5045,Ren kött kallrökt rå,Niacinekvivalenter,Kött processat,14.9,NE/mg
5045,Ren kött kallrökt rå,Niacin,Kött processat,10.1,mg
5045,Ren kött kallrökt rå,"Salt, NaCl",Kött processat,2.8,g
5045,Ren kött kallrökt rå,"Natrium, Na",Kött processat,1100.0,mg
5045,Ren kött kallrökt rå,Monosackarider,Kött processat,0.0,g
5045,Ren kött kallrökt rå,"Sockerarter, totalt",Kött processat,0.0,g
5045,Ren kött kallrökt rå,Summa enkelomättade fettsyror,Kött processat,0.8,g
5045,Ren kött kallrökt rå,"Magnesium, Mg",Kött processat,30.0,mg
5045,Ren kött kallrökt rå,Summa mättade fettsyror,Kött processat,1.0,g
5045,Ren kött kallrökt rå,"Kolhydrater, tillgängliga",Kött processat,0.5,g
5045,Ren kött kallrökt rå,Kolesterol,Kött processat,81.2,mg
5045,Ren kött kallrökt rå,"Kalium, K",Kött processat,400.0,mg
5045,Ren kött kallrökt rå,"Jod, I",Kött processat,6.0,µg
5045,Ren kött kallrökt rå,Fullkorn totalt,Kött processat,0.0,g
5045,Ren kött kallrökt rå,"Folat, totalt",Kött processat,1.4,µg
5045,Ren kött kallrökt rå,Fibrer,Kött processat,0.0,g
5045,Ren kött kallrökt rå,"Fett, totalt",Kött processat,2.7,g
5045,Ren kött kallrökt rå,"Järn, Fe",Kött processat,4.7,mg
5045,Ren kött kallrökt rå,Energi (kJ),Kött processat,554.0,kJ
5045,Ren kött kallrökt rå,Energi (kcal),Kött processat,132.0,kcal
5045,Ren kött kallrökt rå,Disackarider,Kött processat,0.0,g
5045,Ren kött kallrökt rå,"Kalcium, Ca",Kött processat,4.0,mg
5045,Ren kött kallrökt rå,Fettsyra 4:0-10:0,Kött processat,0.0,g
5045,Ren kött kallrökt rå,DHA (C22:6),Kött processat,0.0,g
5045,Ren kött kallrökt rå,DPA (C22:5),Kött processat,0.0,g
5045,Ren kött kallrökt rå,EPA (C20:5),Kött processat,0.0,g
5045,Ren kött kallrökt rå,Arakidonsyra C20:4,Kött processat,0.1,g
5045,Ren kött kallrökt rå,Arakidinsyra C20:0,Kött processat,0.0,g
5045,Ren kött kallrökt rå,Linolensyra C18:3,Kött processat,0.0,g
5045,Ren kött kallrökt rå,Linolsyra C18:2,Kött processat,0.3,g
5045,Ren kött kallrökt rå,Oljesyra C18:1,Kött processat,0.7,g
5045,Ren kött kallrökt rå,Stearinsyra C18:0,Kött processat,0.4,g
5045,Ren kött kallrökt rå,Palmitoljesyra C16:1,Kött processat,0.0,g
5045,Ren kött kallrökt rå,Palmitinsyra C16:0,Kött processat,0.5,g
5045,Ren kött kallrökt rå,Myristinsyra C14:0,Kött processat,0.0,g
5045,Ren kött kallrökt rå,Laurinsyra C12:0,Kött processat,0.0,g
5045,Ren kött kallrökt rå,Betakaroten/β-Karoten,Kött processat,0.0,µg
5045,Ren kött kallrökt rå,Avfall (skal etc.),Kött processat,0.0,%
5045,Ren kött kallrökt rå,Aska,Kött processat,3.7,g
5045,Ren kött kallrökt rå,Alkohol,Kött processat,0.0,g
5046,Hjort skav rå,"Zink, Zn",Kött färskt fryst tillagat ,4.0,mg
5046,Hjort skav rå,Vitamin E,Kött färskt fryst tillagat ,0.1,mg
5046,Hjort skav rå,Vitamin D,Kött färskt fryst tillagat ,0.0,µg
5046,Hjort skav rå,Vitamin C,Kött färskt fryst tillagat ,0.0,mg
5046,Hjort skav rå,Vitamin B6,Kött färskt fryst tillagat ,0.29,mg
5046,Hjort skav rå,Vitamin B12,Kött färskt fryst tillagat ,1.17,µg
5046,Hjort skav rå,Vitamin A,Kött färskt fryst tillagat ,7.5,RE/µg
5046,Hjort skav rå,Vatten,Kött färskt fryst tillagat ,75.4,g
5046,Hjort skav rå,Tiamin,Kött färskt fryst tillagat ,0.14,mg
5046,Hjort skav rå,Tillsatt socker,Kött färskt fryst tillagat ,0.0,g
5046,Hjort skav rå,Fritt socker,Kött färskt fryst tillagat ,0.0,g
5046,Hjort skav rå,"Selen, Se",Kött färskt fryst tillagat ,6.3,µg
5046,Hjort skav rå,Sackaros,Kött färskt fryst tillagat ,0.0,g
5046,Hjort skav rå,Riboflavin,Kött färskt fryst tillagat ,0.23,mg
5046,Hjort skav rå,Retinol,Kött färskt fryst tillagat ,7.5,µg
5046,Hjort skav rå,Protein,Kött färskt fryst tillagat ,17.9,g
5046,Hjort skav rå,Summa fleromättade fettsyror,Kött färskt fryst tillagat ,0.3,g
5046,Hjort skav rå,"Fosfor, P",Kött färskt fryst tillagat ,150.0,mg
5046,Hjort skav rå,Niacinekvivalenter,Kött färskt fryst tillagat ,8.9,NE/mg
5046,Hjort skav rå,Niacin,Kött färskt fryst tillagat ,5.64,mg
5046,Hjort skav rå,"Salt, NaCl",Kött färskt fryst tillagat ,0.2,g
5046,Hjort skav rå,"Natrium, Na",Kött färskt fryst tillagat ,69.0,mg
5046,Hjort skav rå,Monosackarider,Kött färskt fryst tillagat ,0.0,g
5046,Hjort skav rå,"Sockerarter, totalt",Kött färskt fryst tillagat ,0.0,g
5046,Hjort skav rå,Summa enkelomättade fettsyror,Kött färskt fryst tillagat ,2.0,g
5046,Hjort skav rå,"Magnesium, Mg",Kött färskt fryst tillagat ,18.0,mg
5046,Hjort skav rå,Summa mättade fettsyror,Kött färskt fryst tillagat ,3.6,g
5046,Hjort skav rå,"Kolhydrater, tillgängliga",Kött färskt fryst tillagat ,0.0,g
5046,Hjort skav rå,Kolesterol,Kött färskt fryst tillagat ,65.3,mg
5046,Hjort skav rå,"Kalium, K",Kött färskt fryst tillagat ,240.0,mg
5046,Hjort skav rå,"Jod, I",Kött färskt fryst tillagat ,2.5,µg
5046,Hjort skav rå,Fullkorn totalt,Kött färskt fryst tillagat ,0.0,g
5046,Hjort skav rå,"Folat, totalt",Kött färskt fryst tillagat ,1.7,µg
5046,Hjort skav rå,Fibrer,Kött färskt fryst tillagat ,0.0,g
5046,Hjort skav rå,"Fett, totalt",Kött färskt fryst tillagat ,6.3,g
5046,Hjort skav rå,"Järn, Fe",Kött färskt fryst tillagat ,2.3,mg
5046,Hjort skav rå,Energi (kJ),Kött färskt fryst tillagat ,537.0,kJ
5046,Hjort skav rå,Energi (kcal),Kött färskt fryst tillagat ,128.0,kcal
5046,Hjort skav rå,Disackarider,Kött färskt fryst tillagat ,0.0,g
5046,Hjort skav rå,"Kalcium, Ca",Kött färskt fryst tillagat ,4.0,mg
5046,Hjort skav rå,Fettsyra 4:0-10:0,Kött färskt fryst tillagat ,0.0,g
5046,Hjort skav rå,DHA (C22:6),Kött färskt fryst tillagat ,0.0,g
5046,Hjort skav rå,DPA (C22:5),Kött färskt fryst tillagat ,0.0,g
5046,Hjort skav rå,EPA (C20:5),Kött färskt fryst tillagat ,0.0,g
5046,Hjort skav rå,Arakidonsyra C20:4,Kött färskt fryst tillagat ,0.0,g
5046,Hjort skav rå,Arakidinsyra C20:0,Kött färskt fryst tillagat ,0.0,g
5046,Hjort skav rå,Linolensyra C18:3,Kött färskt fryst tillagat ,0.1,g
5046,Hjort skav rå,Linolsyra C18:2,Kött färskt fryst tillagat ,0.2,g
5046,Hjort skav rå,Oljesyra C18:1,Kött färskt fryst tillagat ,1.2,g
5046,Hjort skav rå,Stearinsyra C18:0,Kött färskt fryst tillagat ,1.0,g
5046,Hjort skav rå,Palmitoljesyra C16:1,Kött färskt fryst tillagat ,0.5,g
5046,Hjort skav rå,Palmitinsyra C16:0,Kött färskt fryst tillagat ,1.9,g
5046,Hjort skav rå,Myristinsyra C14:0,Kött färskt fryst tillagat ,0.4,g
5046,Hjort skav rå,Laurinsyra C12:0,Kött färskt fryst tillagat ,0.0,g
5046,Hjort skav rå,Betakaroten/β-Karoten,Kött färskt fryst tillagat ,0.0,µg
5046,Hjort skav rå,Avfall (skal etc.),Kött färskt fryst tillagat ,0.0,%
5046,Hjort skav rå,Aska,Kött färskt fryst tillagat ,0.7,g
5046,Hjort skav rå,Alkohol,Kött färskt fryst tillagat ,0.0,g
5047,Korv hjort rå,"Zink, Zn",Korv,3.2,mg
5047,Korv hjort rå,Vitamin E,Korv,2.2,mg
5047,Korv hjort rå,Vitamin D,Korv,0.0,µg
5047,Korv hjort rå,Vitamin C,Korv,0.0,mg
5047,Korv hjort rå,Vitamin B6,Korv,0.19,mg
5047,Korv hjort rå,Vitamin B12,Korv,1.42,µg
5047,Korv hjort rå,Vitamin A,Korv,116.2,RE/µg
5047,Korv hjort rå,Vatten,Korv,62.8,g
5047,Korv hjort rå,Tiamin,Korv,0.1,mg
5047,Korv hjort rå,Tillsatt socker,Korv,0.0,g
5047,Korv hjort rå,Fritt socker,Korv,0.0,g
5047,Korv hjort rå,"Selen, Se",Korv,3.6,µg
5047,Korv hjort rå,Sackaros,Korv,0.2,g
5047,Korv hjort rå,Riboflavin,Korv,0.22,mg
5047,Korv hjort rå,Retinol,Korv,112.0,µg
5047,Korv hjort rå,Protein,Korv,17.0,g
5047,Korv hjort rå,Summa fleromättade fettsyror,Korv,0.9,g
5047,Korv hjort rå,"Fosfor, P",Korv,120.0,mg
5047,Korv hjort rå,Niacinekvivalenter,Korv,6.7,NE/mg
5047,Korv hjort rå,Niacin,Korv,3.58,mg
5047,Korv hjort rå,"Salt, NaCl",Korv,2.2,g
5047,Korv hjort rå,"Natrium, Na",Korv,880.0,mg
5047,Korv hjort rå,Monosackarider,Korv,0.2,g
5047,Korv hjort rå,"Sockerarter, totalt",Korv,0.4,g
5047,Korv hjort rå,Summa enkelomättade fettsyror,Korv,7.2,g
5047,Korv hjort rå,"Magnesium, Mg",Korv,16.0,mg
5047,Korv hjort rå,Summa mättade fettsyror,Korv,8.4,g
5047,Korv hjort rå,"Kolhydrater, tillgängliga",Korv,1.4,g
5047,Korv hjort rå,Kolesterol,Korv,59.9,mg
5047,Korv hjort rå,"Kalium, K",Korv,210.0,mg
5047,Korv hjort rå,"Jod, I",Korv,3.7,µg
5047,Korv hjort rå,Fullkorn totalt,Korv,0.0,g
5047,Korv hjort rå,"Folat, totalt",Korv,2.1,µg
5047,Korv hjort rå,Fibrer,Korv,0.0,g
5047,Korv hjort rå,"Fett, totalt",Korv,17.6,g
5047,Korv hjort rå,"Järn, Fe",Korv,2.5,mg
5047,Korv hjort rå,Energi (kJ),Korv,964.0,kJ
5047,Korv hjort rå,Energi (kcal),Korv,230.0,kcal
5047,Korv hjort rå,Disackarider,Korv,0.2,g
5047,Korv hjort rå,"Kalcium, Ca",Korv,15.0,mg
5047,Korv hjort rå,Fettsyra 4:0-10:0,Korv,0.0,g
5047,Korv hjort rå,DHA (C22:6),Korv,0.0,g
5047,Korv hjort rå,DPA (C22:5),Korv,0.0,g
5047,Korv hjort rå,EPA (C20:5),Korv,0.0,g
5047,Korv hjort rå,Arakidonsyra C20:4,Korv,0.0,g
5047,Korv hjort rå,Arakidinsyra C20:0,Korv,0.0,g
5047,Korv hjort rå,Linolensyra C18:3,Korv,0.1,g
5047,Korv hjort rå,Linolsyra C18:2,Korv,0.6,g
5047,Korv hjort rå,Oljesyra C18:1,Korv,6.2,g
5047,Korv hjort rå,Stearinsyra C18:0,Korv,2.8,g
5047,Korv hjort rå,Palmitoljesyra C16:1,Korv,0.7,g
5047,Korv hjort rå,Palmitinsyra C16:0,Korv,4.3,g
5047,Korv hjort rå,Myristinsyra C14:0,Korv,0.6,g
5047,Korv hjort rå,Laurinsyra C12:0,Korv,0.0,g
5047,Korv hjort rå,Betakaroten/β-Karoten,Korv,51.0,µg
5047,Korv hjort rå,Avfall (skal etc.),Korv,0.0,%
5047,Korv hjort rå,Aska,Korv,2.8,g
5047,Korv hjort rå,Alkohol,Korv,0.0,g
5048,Vildsvin bog rå,"Zink, Zn",Kött färskt fryst tillagat ,3.3,mg
5048,Vildsvin bog rå,Vitamin E,Kött färskt fryst tillagat ,0.6,mg
5048,Vildsvin bog rå,Vitamin D,Kött färskt fryst tillagat ,0.0,µg
5048,Vildsvin bog rå,Vitamin C,Kött färskt fryst tillagat ,0.0,mg
5048,Vildsvin bog rå,Vitamin B6,Kött färskt fryst tillagat ,0.48,mg
5048,Vildsvin bog rå,Vitamin B12,Kött färskt fryst tillagat ,1.5,µg
5048,Vildsvin bog rå,Vitamin A,Kött färskt fryst tillagat ,2.7,RE/µg
5048,Vildsvin bog rå,Vatten,Kött färskt fryst tillagat ,75.0,g
5048,Vildsvin bog rå,Tiamin,Kött färskt fryst tillagat ,1.32,mg
5048,Vildsvin bog rå,Tillsatt socker,Kött färskt fryst tillagat ,0.0,g
5048,Vildsvin bog rå,Fritt socker,Kött färskt fryst tillagat ,0.0,g
5048,Vildsvin bog rå,"Selen, Se",Kött färskt fryst tillagat ,14.6,µg
5048,Vildsvin bog rå,Sackaros,Kött färskt fryst tillagat ,0.0,g
5048,Vildsvin bog rå,Riboflavin,Kött färskt fryst tillagat ,0.42,mg
5048,Vildsvin bog rå,Retinol,Kött färskt fryst tillagat ,2.7,µg
5048,Vildsvin bog rå,Protein,Kött färskt fryst tillagat ,22.6,g
5048,Vildsvin bog rå,Summa fleromättade fettsyror,Kött färskt fryst tillagat ,0.3,g
5048,Vildsvin bog rå,"Fosfor, P",Kött färskt fryst tillagat ,220.0,mg
5048,Vildsvin bog rå,Niacinekvivalenter,Kött färskt fryst tillagat ,9.8,NE/mg
5048,Vildsvin bog rå,Niacin,Kött färskt fryst tillagat ,5.67,mg
5048,Vildsvin bog rå,"Salt, NaCl",Kött färskt fryst tillagat ,0.2,g
5048,Vildsvin bog rå,"Natrium, Na",Kött färskt fryst tillagat ,66.0,mg
5048,Vildsvin bog rå,Monosackarider,Kött färskt fryst tillagat ,0.0,g
5048,Vildsvin bog rå,"Sockerarter, totalt",Kött färskt fryst tillagat ,0.0,g
5048,Vildsvin bog rå,Summa enkelomättade fettsyror,Kött färskt fryst tillagat ,0.5,g
5048,Vildsvin bog rå,"Magnesium, Mg",Kött färskt fryst tillagat ,25.0,mg
5048,Vildsvin bog rå,Summa mättade fettsyror,Kött färskt fryst tillagat ,0.5,g
5048,Vildsvin bog rå,"Kolhydrater, tillgängliga",Kött färskt fryst tillagat ,0.0,g
5048,Vildsvin bog rå,Kolesterol,Kött färskt fryst tillagat ,63.8,mg
5048,Vildsvin bog rå,"Kalium, K",Kött färskt fryst tillagat ,360.0,mg
5048,Vildsvin bog rå,"Jod, I",Kött färskt fryst tillagat ,2.5,µg
5048,Vildsvin bog rå,Fullkorn totalt,Kött färskt fryst tillagat ,0.0,g
5048,Vildsvin bog rå,"Folat, totalt",Kött färskt fryst tillagat ,0.8,µg
5048,Vildsvin bog rå,Fibrer,Kött färskt fryst tillagat ,0.0,g
5048,Vildsvin bog rå,"Fett, totalt",Kött färskt fryst tillagat ,1.4,g
5048,Vildsvin bog rå,"Järn, Fe",Kött färskt fryst tillagat ,1.8,mg
5048,Vildsvin bog rå,Energi (kJ),Kött färskt fryst tillagat ,437.0,kJ
5048,Vildsvin bog rå,Energi (kcal),Kött färskt fryst tillagat ,104.0,kcal
5048,Vildsvin bog rå,Disackarider,Kött färskt fryst tillagat ,0.0,g
5048,Vildsvin bog rå,"Kalcium, Ca",Kött färskt fryst tillagat ,4.0,mg
5048,Vildsvin bog rå,Fettsyra 4:0-10:0,Kött färskt fryst tillagat ,0.0,g
5048,Vildsvin bog rå,DHA (C22:6),Kött färskt fryst tillagat ,0.0,g
5048,Vildsvin bog rå,DPA (C22:5),Kött färskt fryst tillagat ,0.0,g
5048,Vildsvin bog rå,EPA (C20:5),Kött färskt fryst tillagat ,0.0,g
5048,Vildsvin bog rå,Arakidonsyra C20:4,Kött färskt fryst tillagat ,0.0,g
5048,Vildsvin bog rå,Arakidinsyra C20:0,Kött färskt fryst tillagat ,0.0,g
5048,Vildsvin bog rå,Linolensyra C18:3,Kött färskt fryst tillagat ,0.0,g
5048,Vildsvin bog rå,Linolsyra C18:2,Kött färskt fryst tillagat ,0.2,g
5048,Vildsvin bog rå,Oljesyra C18:1,Kött färskt fryst tillagat ,0.4,g
5048,Vildsvin bog rå,Stearinsyra C18:0,Kött färskt fryst tillagat ,0.1,g
5048,Vildsvin bog rå,Palmitoljesyra C16:1,Kött färskt fryst tillagat ,0.0,g
5048,Vildsvin bog rå,Palmitinsyra C16:0,Kött färskt fryst tillagat ,0.3,g
5048,Vildsvin bog rå,Myristinsyra C14:0,Kött färskt fryst tillagat ,0.0,g
5048,Vildsvin bog rå,Laurinsyra C12:0,Kött färskt fryst tillagat ,0.0,g
5048,Vildsvin bog rå,Betakaroten/β-Karoten,Kött färskt fryst tillagat ,0.0,µg
5048,Vildsvin bog rå,Avfall (skal etc.),Kött färskt fryst tillagat ,0.0,%
5048,Vildsvin bog rå,Aska,Kött färskt fryst tillagat ,1.0,g
5048,Vildsvin bog rå,Alkohol,Kött färskt fryst tillagat ,0.0,g
5049,Vildsvin filé rå,"Zink, Zn",Kött färskt fryst tillagat ,2.4,mg
5049,Vildsvin filé rå,Vitamin E,Kött färskt fryst tillagat ,0.5,mg
5049,Vildsvin filé rå,Vitamin D,Kött färskt fryst tillagat ,0.0,µg
5049,Vildsvin filé rå,Vitamin C,Kött färskt fryst tillagat ,0.0,mg
5049,Vildsvin filé rå,Vitamin B6,Kött färskt fryst tillagat ,0.56,mg
5049,Vildsvin filé rå,Vitamin B12,Kött färskt fryst tillagat ,1.22,µg
5049,Vildsvin filé rå,Vitamin A,Kött färskt fryst tillagat ,2.3,RE/µg
5049,Vildsvin filé rå,Vatten,Kött färskt fryst tillagat ,73.5,g
5049,Vildsvin filé rå,Tiamin,Kött färskt fryst tillagat ,1.47,mg
5049,Vildsvin filé rå,Tillsatt socker,Kött färskt fryst tillagat ,0.0,g
5049,Vildsvin filé rå,Fritt socker,Kött färskt fryst tillagat ,0.0,g
5049,Vildsvin filé rå,"Selen, Se",Kött färskt fryst tillagat ,10.6,µg
5049,Vildsvin filé rå,Sackaros,Kött färskt fryst tillagat ,0.0,g
5049,Vildsvin filé rå,Riboflavin,Kött färskt fryst tillagat ,0.28,mg
5049,Vildsvin filé rå,Retinol,Kött färskt fryst tillagat ,2.3,µg
5049,Vildsvin filé rå,Protein,Kött färskt fryst tillagat ,23.3,g
5049,Vildsvin filé rå,Summa fleromättade fettsyror,Kött färskt fryst tillagat ,0.3,g
5049,Vildsvin filé rå,"Fosfor, P",Kött färskt fryst tillagat ,210.0,mg
5049,Vildsvin filé rå,Niacinekvivalenter,Kött färskt fryst tillagat ,11.3,NE/mg
5049,Vildsvin filé rå,Niacin,Kött färskt fryst tillagat ,7.03,mg
5049,Vildsvin filé rå,"Salt, NaCl",Kött färskt fryst tillagat ,0.2,g
5049,Vildsvin filé rå,"Natrium, Na",Kött färskt fryst tillagat ,67.0,mg
5049,Vildsvin filé rå,Monosackarider,Kött färskt fryst tillagat ,0.0,g
5049,Vildsvin filé rå,"Sockerarter, totalt",Kött färskt fryst tillagat ,0.0,g
5049,Vildsvin filé rå,Summa enkelomättade fettsyror,Kött färskt fryst tillagat ,0.6,g
5049,Vildsvin filé rå,"Magnesium, Mg",Kött färskt fryst tillagat ,25.0,mg
5049,Vildsvin filé rå,Summa mättade fettsyror,Kött färskt fryst tillagat ,0.6,g
5049,Vildsvin filé rå,"Kolhydrater, tillgängliga",Kött färskt fryst tillagat ,0.0,g
5049,Vildsvin filé rå,Kolesterol,Kött färskt fryst tillagat ,61.4,mg
5049,Vildsvin filé rå,"Kalium, K",Kött färskt fryst tillagat ,360.0,mg
5049,Vildsvin filé rå,"Jod, I",Kött färskt fryst tillagat ,2.3,µg
5049,Vildsvin filé rå,Fullkorn totalt,Kött färskt fryst tillagat ,0.0,g
5049,Vildsvin filé rå,"Folat, totalt",Kött färskt fryst tillagat ,0.8,µg
5049,Vildsvin filé rå,Fibrer,Kött färskt fryst tillagat ,0.0,g
5049,Vildsvin filé rå,"Fett, totalt",Kött färskt fryst tillagat ,1.8,g
5049,Vildsvin filé rå,"Järn, Fe",Kött färskt fryst tillagat ,1.4,mg
5049,Vildsvin filé rå,Energi (kJ),Kött färskt fryst tillagat ,463.0,kJ
5049,Vildsvin filé rå,Energi (kcal),Kött färskt fryst tillagat ,111.0,kcal
5049,Vildsvin filé rå,Disackarider,Kött färskt fryst tillagat ,0.0,g
5049,Vildsvin filé rå,"Kalcium, Ca",Kött färskt fryst tillagat ,5.0,mg
5049,Vildsvin filé rå,Fettsyra 4:0-10:0,Kött färskt fryst tillagat ,0.0,g
5049,Vildsvin filé rå,DHA (C22:6),Kött färskt fryst tillagat ,0.0,g
5049,Vildsvin filé rå,DPA (C22:5),Kött färskt fryst tillagat ,0.0,g
5049,Vildsvin filé rå,EPA (C20:5),Kött färskt fryst tillagat ,0.0,g
5049,Vildsvin filé rå,Arakidonsyra C20:4,Kött färskt fryst tillagat ,0.0,g
5049,Vildsvin filé rå,Arakidinsyra C20:0,Kött färskt fryst tillagat ,0.0,g
5049,Vildsvin filé rå,Linolensyra C18:3,Kött färskt fryst tillagat ,0.0,g
5049,Vildsvin filé rå,Linolsyra C18:2,Kött färskt fryst tillagat ,0.2,g
5049,Vildsvin filé rå,Oljesyra C18:1,Kött färskt fryst tillagat ,0.6,g
5049,Vildsvin filé rå,Stearinsyra C18:0,Kött färskt fryst tillagat ,0.2,g
5049,Vildsvin filé rå,Palmitoljesyra C16:1,Kött färskt fryst tillagat ,0.0,g
5049,Vildsvin filé rå,Palmitinsyra C16:0,Kött färskt fryst tillagat ,0.4,g
5049,Vildsvin filé rå,Myristinsyra C14:0,Kött färskt fryst tillagat ,0.0,g
5049,Vildsvin filé rå,Laurinsyra C12:0,Kött färskt fryst tillagat ,0.0,g
5049,Vildsvin filé rå,Betakaroten/β-Karoten,Kött färskt fryst tillagat ,0.0,µg
5049,Vildsvin filé rå,Avfall (skal etc.),Kött färskt fryst tillagat ,0.0,%
5049,Vildsvin filé rå,Aska,Kött färskt fryst tillagat ,1.0,g
5049,Vildsvin filé rå,Alkohol,Kött färskt fryst tillagat ,0.0,g
5050,Rådjur stek rå,"Zink, Zn",Kött färskt fryst tillagat ,2.5,mg
5050,Rådjur stek rå,Vitamin E,Kött färskt fryst tillagat ,1.1,mg
5050,Rådjur stek rå,Vitamin D,Kött färskt fryst tillagat ,0.0,µg
5050,Rådjur stek rå,Vitamin C,Kött färskt fryst tillagat ,0.0,mg
5050,Rådjur stek rå,Vitamin B6,Kött färskt fryst tillagat ,0.5,mg
5050,Rådjur stek rå,Vitamin B12,Kött färskt fryst tillagat ,2.68,µg
5050,Rådjur stek rå,Vitamin A,Kött färskt fryst tillagat ,2.9,RE/µg
5050,Rådjur stek rå,Vatten,Kött färskt fryst tillagat ,74.7,g
5050,Rådjur stek rå,Tiamin,Kött färskt fryst tillagat ,0.31,mg
5050,Rådjur stek rå,Tillsatt socker,Kött färskt fryst tillagat ,0.0,g
5050,Rådjur stek rå,Fritt socker,Kött färskt fryst tillagat ,0.0,g
5050,Rådjur stek rå,"Selen, Se",Kött färskt fryst tillagat ,8.7,µg
5050,Rådjur stek rå,Sackaros,Kött färskt fryst tillagat ,0.0,g
5050,Rådjur stek rå,Riboflavin,Kött färskt fryst tillagat ,0.52,mg
5050,Rådjur stek rå,Retinol,Kött färskt fryst tillagat ,2.9,µg
5050,Rådjur stek rå,Protein,Kött färskt fryst tillagat ,23.6,g
5050,Rådjur stek rå,Summa fleromättade fettsyror,Kött färskt fryst tillagat ,0.2,g
5050,Rådjur stek rå,"Fosfor, P",Kött färskt fryst tillagat ,230.0,mg
5050,Rådjur stek rå,Niacinekvivalenter,Kött färskt fryst tillagat ,11.0,NE/mg
5050,Rådjur stek rå,Niacin,Kött färskt fryst tillagat ,6.63,mg
5050,Rådjur stek rå,"Salt, NaCl",Kött färskt fryst tillagat ,0.2,g
5050,Rådjur stek rå,"Natrium, Na",Kött färskt fryst tillagat ,65.0,mg
5050,Rådjur stek rå,Monosackarider,Kött färskt fryst tillagat ,0.0,g
5050,Rådjur stek rå,"Sockerarter, totalt",Kött färskt fryst tillagat ,0.0,g
5050,Rådjur stek rå,Summa enkelomättade fettsyror,Kött färskt fryst tillagat ,0.3,g
5050,Rådjur stek rå,"Magnesium, Mg",Kött färskt fryst tillagat ,27.0,mg
5050,Rådjur stek rå,Summa mättade fettsyror,Kött färskt fryst tillagat ,0.5,g
5050,Rådjur stek rå,"Kolhydrater, tillgängliga",Kött färskt fryst tillagat ,0.0,g
5050,Rådjur stek rå,Kolesterol,Kött färskt fryst tillagat ,65.3,mg
5050,Rådjur stek rå,"Kalium, K",Kött färskt fryst tillagat ,360.0,mg
5050,Rådjur stek rå,"Jod, I",Kött färskt fryst tillagat ,2.1,µg
5050,Rådjur stek rå,Fullkorn totalt,Kött färskt fryst tillagat ,0.0,g
5050,Rådjur stek rå,"Folat, totalt",Kött färskt fryst tillagat ,1.7,µg
5050,Rådjur stek rå,Fibrer,Kött färskt fryst tillagat ,0.0,g
5050,Rådjur stek rå,"Fett, totalt",Kött färskt fryst tillagat ,1.1,g
5050,Rådjur stek rå,"Järn, Fe",Kött färskt fryst tillagat ,2.6,mg
5050,Rådjur stek rå,Energi (kJ),Kött färskt fryst tillagat ,442.0,kJ
5050,Rådjur stek rå,Energi (kcal),Kött färskt fryst tillagat ,106.0,kcal
5050,Rådjur stek rå,Disackarider,Kött färskt fryst tillagat ,0.0,g
5050,Rådjur stek rå,"Kalcium, Ca",Kött färskt fryst tillagat ,5.0,mg
5050,Rådjur stek rå,Fettsyra 4:0-10:0,Kött färskt fryst tillagat ,0.0,g
5050,Rådjur stek rå,DHA (C22:6),Kött färskt fryst tillagat ,0.0,g
5050,Rådjur stek rå,DPA (C22:5),Kött färskt fryst tillagat ,0.0,g
5050,Rådjur stek rå,EPA (C20:5),Kött färskt fryst tillagat ,0.0,g
5050,Rådjur stek rå,Arakidonsyra C20:4,Kött färskt fryst tillagat ,0.0,g
5050,Rådjur stek rå,Arakidinsyra C20:0,Kött färskt fryst tillagat ,0.0,g
5050,Rådjur stek rå,Linolensyra C18:3,Kött färskt fryst tillagat ,0.0,g
5050,Rådjur stek rå,Linolsyra C18:2,Kött färskt fryst tillagat ,0.2,g
5050,Rådjur stek rå,Oljesyra C18:1,Kött färskt fryst tillagat ,0.2,g
5050,Rådjur stek rå,Stearinsyra C18:0,Kött färskt fryst tillagat ,0.2,g
5050,Rådjur stek rå,Palmitoljesyra C16:1,Kött färskt fryst tillagat ,0.0,g
5050,Rådjur stek rå,Palmitinsyra C16:0,Kött färskt fryst tillagat ,0.2,g
5050,Rådjur stek rå,Myristinsyra C14:0,Kött färskt fryst tillagat ,0.0,g
5050,Rådjur stek rå,Laurinsyra C12:0,Kött färskt fryst tillagat ,0.0,g
5050,Rådjur stek rå,Betakaroten/β-Karoten,Kött färskt fryst tillagat ,0.0,µg
5050,Rådjur stek rå,Avfall (skal etc.),Kött färskt fryst tillagat ,0.0,%
5050,Rådjur stek rå,Aska,Kött färskt fryst tillagat ,1.1,g
5050,Rådjur stek rå,Alkohol,Kött färskt fryst tillagat ,0.0,g
5058,Vildsvin stek rå,"Zink, Zn",Kött färskt fryst tillagat ,2.5,mg
5058,Vildsvin stek rå,Vitamin E,Kött färskt fryst tillagat ,0.6,mg
5058,Vildsvin stek rå,Vitamin D,Kött färskt fryst tillagat ,0.0,µg
5058,Vildsvin stek rå,Vitamin C,Kött färskt fryst tillagat ,0.0,mg
5058,Vildsvin stek rå,Vitamin B6,Kött färskt fryst tillagat ,0.59,mg
5058,Vildsvin stek rå,Vitamin B12,Kött färskt fryst tillagat ,1.33,µg
5058,Vildsvin stek rå,Vitamin A,Kött färskt fryst tillagat ,2.3,RE/µg
5058,Vildsvin stek rå,Vatten,Kött färskt fryst tillagat ,74.7,g
5058,Vildsvin stek rå,Tiamin,Kött färskt fryst tillagat ,1.64,mg
5058,Vildsvin stek rå,Tillsatt socker,Kött färskt fryst tillagat ,0.0,g
5058,Vildsvin stek rå,Fritt socker,Kött färskt fryst tillagat ,0.0,g
5058,Vildsvin stek rå,"Selen, Se",Kött färskt fryst tillagat ,13.9,µg
5058,Vildsvin stek rå,Sackaros,Kött färskt fryst tillagat ,0.0,g
5058,Vildsvin stek rå,Riboflavin,Kött färskt fryst tillagat ,0.46,mg
5058,Vildsvin stek rå,Retinol,Kött färskt fryst tillagat ,2.3,µg
5058,Vildsvin stek rå,Protein,Kött färskt fryst tillagat ,23.0,g
5058,Vildsvin stek rå,Summa fleromättade fettsyror,Kött färskt fryst tillagat ,0.3,g
5058,Vildsvin stek rå,"Fosfor, P",Kött färskt fryst tillagat ,230.0,mg
5058,Vildsvin stek rå,Niacinekvivalenter,Kött färskt fryst tillagat ,11.4,NE/mg
5058,Vildsvin stek rå,Niacin,Kött färskt fryst tillagat ,7.19,mg
5058,Vildsvin stek rå,"Salt, NaCl",Kött färskt fryst tillagat ,0.2,g
5058,Vildsvin stek rå,"Natrium, Na",Kött färskt fryst tillagat ,65.0,mg
5058,Vildsvin stek rå,Monosackarider,Kött färskt fryst tillagat ,0.0,g
5058,Vildsvin stek rå,"Sockerarter, totalt",Kött färskt fryst tillagat ,0.0,g
5058,Vildsvin stek rå,Summa enkelomättade fettsyror,Kött färskt fryst tillagat ,0.4,g
5058,Vildsvin stek rå,"Magnesium, Mg",Kött färskt fryst tillagat ,27.0,mg
5058,Vildsvin stek rå,Summa mättade fettsyror,Kött färskt fryst tillagat ,0.4,g
5058,Vildsvin stek rå,"Kolhydrater, tillgängliga",Kött färskt fryst tillagat ,0.0,g
5058,Vildsvin stek rå,Kolesterol,Kött färskt fryst tillagat ,69.9,mg
5058,Vildsvin stek rå,"Kalium, K",Kött färskt fryst tillagat ,380.0,mg
5058,Vildsvin stek rå,"Jod, I",Kött färskt fryst tillagat ,2.8,µg
5058,Vildsvin stek rå,Fullkorn totalt,Kött färskt fryst tillagat ,0.0,g
5058,Vildsvin stek rå,"Folat, totalt",Kött färskt fryst tillagat ,0.8,µg
5058,Vildsvin stek rå,Fibrer,Kött färskt fryst tillagat ,0.0,g
5058,Vildsvin stek rå,"Fett, totalt",Kött färskt fryst tillagat ,1.3,g
5058,Vildsvin stek rå,"Järn, Fe",Kött färskt fryst tillagat ,2.4,mg
5058,Vildsvin stek rå,Energi (kJ),Kött färskt fryst tillagat ,439.0,kJ
5058,Vildsvin stek rå,Energi (kcal),Kött färskt fryst tillagat ,105.0,kcal
5058,Vildsvin stek rå,Disackarider,Kött färskt fryst tillagat ,0.0,g
5058,Vildsvin stek rå,"Kalcium, Ca",Kött färskt fryst tillagat ,4.0,mg
5058,Vildsvin stek rå,Fettsyra 4:0-10:0,Kött färskt fryst tillagat ,0.0,g
5058,Vildsvin stek rå,DHA (C22:6),Kött färskt fryst tillagat ,0.0,g
5058,Vildsvin stek rå,DPA (C22:5),Kött färskt fryst tillagat ,0.0,g
5058,Vildsvin stek rå,EPA (C20:5),Kött färskt fryst tillagat ,0.0,g
5058,Vildsvin stek rå,Arakidonsyra C20:4,Kött färskt fryst tillagat ,0.0,g
5058,Vildsvin stek rå,Arakidinsyra C20:0,Kött färskt fryst tillagat ,0.0,g
5058,Vildsvin stek rå,Linolensyra C18:3,Kött färskt fryst tillagat ,0.0,g
5058,Vildsvin stek rå,Linolsyra C18:2,Kött färskt fryst tillagat ,0.2,g
5058,Vildsvin stek rå,Oljesyra C18:1,Kött färskt fryst tillagat ,0.4,g
5058,Vildsvin stek rå,Stearinsyra C18:0,Kött färskt fryst tillagat ,0.1,g
5058,Vildsvin stek rå,Palmitoljesyra C16:1,Kött färskt fryst tillagat ,0.0,g
5058,Vildsvin stek rå,Palmitinsyra C16:0,Kött färskt fryst tillagat ,0.2,g
5058,Vildsvin stek rå,Myristinsyra C14:0,Kött färskt fryst tillagat ,0.0,g
5058,Vildsvin stek rå,Laurinsyra C12:0,Kött färskt fryst tillagat ,0.0,g
5058,Vildsvin stek rå,Betakaroten/β-Karoten,Kött färskt fryst tillagat ,0.0,µg
5058,Vildsvin stek rå,Avfall (skal etc.),Kött färskt fryst tillagat ,0.0,%
5058,Vildsvin stek rå,Aska,Kött färskt fryst tillagat ,1.1,g
5058,Vildsvin stek rå,Alkohol,Kött färskt fryst tillagat ,0.0,g
5059,Korv kycklingkorv,"Zink, Zn",Korv,0.6,mg
5059,Korv kycklingkorv,Vitamin E,Korv,3.1,mg
5059,Korv kycklingkorv,Vitamin D,Korv,0.46,µg
5059,Korv kycklingkorv,Vitamin C,Korv,0.0,mg
5059,Korv kycklingkorv,Vitamin B6,Korv,0.11,mg
5059,Korv kycklingkorv,Vitamin B12,Korv,0.25,µg
5059,Korv kycklingkorv,Vitamin A,Korv,179.9,RE/µg
5059,Korv kycklingkorv,Vatten,Korv,64.8,g
5059,Korv kycklingkorv,Tiamin,Korv,0.06,mg
5059,Korv kycklingkorv,Tillsatt socker,Korv,1.0,g
5059,Korv kycklingkorv,Fritt socker,Korv,1.0,g
5059,Korv kycklingkorv,"Selen, Se",Korv,4.2,µg
5059,Korv kycklingkorv,Sackaros,Korv,0.0,g
5059,Korv kycklingkorv,Riboflavin,Korv,0.08,mg
5059,Korv kycklingkorv,Retinol,Korv,176.0,µg
5059,Korv kycklingkorv,Protein,Korv,9.4,g
5059,Korv kycklingkorv,Summa fleromättade fettsyror,Korv,2.0,g
5059,Korv kycklingkorv,"Fosfor, P",Korv,170.0,mg
5059,Korv kycklingkorv,Niacinekvivalenter,Korv,5.4,NE/mg
5059,Korv kycklingkorv,Niacin,Korv,3.66,mg
5059,Korv kycklingkorv,"Salt, NaCl",Korv,1.8,g
5059,Korv kycklingkorv,"Natrium, Na",Korv,730.0,mg
5059,Korv kycklingkorv,Monosackarider,Korv,1.2,g
5059,Korv kycklingkorv,"Sockerarter, totalt",Korv,1.2,g
5059,Korv kycklingkorv,Summa enkelomättade fettsyror,Korv,6.6,g
5059,Korv kycklingkorv,"Magnesium, Mg",Korv,12.0,mg
5059,Korv kycklingkorv,Summa mättade fettsyror,Korv,4.2,g
5059,Korv kycklingkorv,"Kolhydrater, tillgängliga",Korv,9.6,g
5059,Korv kycklingkorv,Kolesterol,Korv,63.5,mg
5059,Korv kycklingkorv,"Kalium, K",Korv,250.0,mg
5059,Korv kycklingkorv,"Jod, I",Korv,35.4,µg
5059,Korv kycklingkorv,Fullkorn totalt,Korv,0.0,g
5059,Korv kycklingkorv,"Folat, totalt",Korv,4.7,µg
5059,Korv kycklingkorv,Fibrer,Korv,0.0,g
5059,Korv kycklingkorv,"Fett, totalt",Korv,13.6,g
5059,Korv kycklingkorv,"Järn, Fe",Korv,1.1,mg
5059,Korv kycklingkorv,Energi (kJ),Korv,826.0,kJ
5059,Korv kycklingkorv,Energi (kcal),Korv,197.0,kcal
5059,Korv kycklingkorv,Disackarider,Korv,0.0,g
5059,Korv kycklingkorv,"Kalcium, Ca",Korv,34.0,mg
5059,Korv kycklingkorv,Fettsyra 4:0-10:0,Korv,0.0,g
5059,Korv kycklingkorv,DHA (C22:6),Korv,0.0,g
5059,Korv kycklingkorv,DPA (C22:5),Korv,0.0,g
5059,Korv kycklingkorv,EPA (C20:5),Korv,0.0,g
5059,Korv kycklingkorv,Arakidonsyra C20:4,Korv,0.0,g
5059,Korv kycklingkorv,Arakidinsyra C20:0,Korv,0.0,g
5059,Korv kycklingkorv,Linolensyra C18:3,Korv,0.2,g
5059,Korv kycklingkorv,Linolsyra C18:2,Korv,1.8,g
5059,Korv kycklingkorv,Oljesyra C18:1,Korv,5.6,g
5059,Korv kycklingkorv,Stearinsyra C18:0,Korv,0.8,g
5059,Korv kycklingkorv,Palmitoljesyra C16:1,Korv,0.8,g
5059,Korv kycklingkorv,Palmitinsyra C16:0,Korv,3.1,g
5059,Korv kycklingkorv,Myristinsyra C14:0,Korv,0.1,g
5059,Korv kycklingkorv,Laurinsyra C12:0,Korv,0.0,g
5059,Korv kycklingkorv,Betakaroten/β-Karoten,Korv,45.0,µg
5059,Korv kycklingkorv,Avfall (skal etc.),Korv,0.0,%
5059,Korv kycklingkorv,Aska,Korv,2.6,g
5059,Korv kycklingkorv,Alkohol,Korv,0.0,g
5060,Vildsvin kött rå,"Zink, Zn",Kött färskt fryst tillagat ,2.7,mg
5060,Vildsvin kött rå,Vitamin E,Kött färskt fryst tillagat ,0.6,mg
5060,Vildsvin kött rå,Vitamin D,Kött färskt fryst tillagat ,0.0,µg
5060,Vildsvin kött rå,Vitamin C,Kött färskt fryst tillagat ,0.0,mg
5060,Vildsvin kött rå,Vitamin B6,Kött färskt fryst tillagat ,0.54,mg
5060,Vildsvin kött rå,Vitamin B12,Kött färskt fryst tillagat ,1.35,µg
5060,Vildsvin kött rå,Vitamin A,Kött färskt fryst tillagat ,2.4,RE/µg
5060,Vildsvin kött rå,Vatten,Kött färskt fryst tillagat ,74.4,g
5060,Vildsvin kött rå,Tiamin,Kött färskt fryst tillagat ,1.48,mg
5060,Vildsvin kött rå,Tillsatt socker,Kött färskt fryst tillagat ,0.0,g
5060,Vildsvin kött rå,Fritt socker,Kött färskt fryst tillagat ,0.0,g
5060,Vildsvin kött rå,"Selen, Se",Kött färskt fryst tillagat ,13.0,µg
5060,Vildsvin kött rå,Sackaros,Kött färskt fryst tillagat ,0.0,g
5060,Vildsvin kött rå,Riboflavin,Kött färskt fryst tillagat ,0.39,mg
5060,Vildsvin kött rå,Retinol,Kött färskt fryst tillagat ,2.4,µg
5060,Vildsvin kött rå,Protein,Kött färskt fryst tillagat ,23.0,g
5060,Vildsvin kött rå,Summa fleromättade fettsyror,Kött färskt fryst tillagat ,0.3,g
5060,Vildsvin kött rå,"Fosfor, P",Kött färskt fryst tillagat ,220.0,mg
5060,Vildsvin kött rå,Niacinekvivalenter,Kött färskt fryst tillagat ,10.8,NE/mg
5060,Vildsvin kött rå,Niacin,Kött färskt fryst tillagat ,6.63,mg
5060,Vildsvin kött rå,"Salt, NaCl",Kött färskt fryst tillagat ,0.2,g
5060,Vildsvin kött rå,"Natrium, Na",Kött färskt fryst tillagat ,66.0,mg
5060,Vildsvin kött rå,Monosackarider,Kött färskt fryst tillagat ,0.0,g
5060,Vildsvin kött rå,"Sockerarter, totalt",Kött färskt fryst tillagat ,0.0,g
5060,Vildsvin kött rå,Summa enkelomättade fettsyror,Kött färskt fryst tillagat ,0.5,g
5060,Vildsvin kött rå,"Magnesium, Mg",Kött färskt fryst tillagat ,26.0,mg
5060,Vildsvin kött rå,Summa mättade fettsyror,Kött färskt fryst tillagat ,0.5,g
5060,Vildsvin kött rå,"Kolhydrater, tillgängliga",Kött färskt fryst tillagat ,0.0,g
5060,Vildsvin kött rå,Kolesterol,Kött färskt fryst tillagat ,65.0,mg
5060,Vildsvin kött rå,"Kalium, K",Kött färskt fryst tillagat ,367.0,mg
5060,Vildsvin kött rå,"Jod, I",Kött färskt fryst tillagat ,2.6,µg
5060,Vildsvin kött rå,Fullkorn totalt,Kött färskt fryst tillagat ,0.0,g
5060,Vildsvin kött rå,"Folat, totalt",Kött färskt fryst tillagat ,1.6,µg
5060,Vildsvin kött rå,Fibrer,Kött färskt fryst tillagat ,0.0,g
5060,Vildsvin kött rå,"Fett, totalt",Kött färskt fryst tillagat ,1.5,g
5060,Vildsvin kött rå,"Järn, Fe",Kött färskt fryst tillagat ,1.8,mg
5060,Vildsvin kött rå,Energi (kJ),Kött färskt fryst tillagat ,446.0,kJ
5060,Vildsvin kött rå,Energi (kcal),Kött färskt fryst tillagat ,107.0,kcal
5060,Vildsvin kött rå,Disackarider,Kött färskt fryst tillagat ,0.0,g
5060,Vildsvin kött rå,"Kalcium, Ca",Kött färskt fryst tillagat ,4.0,mg
5060,Vildsvin kött rå,Fettsyra 4:0-10:0,Kött färskt fryst tillagat ,0.0,g
5060,Vildsvin kött rå,DHA (C22:6),Kött färskt fryst tillagat ,0.0,g
5060,Vildsvin kött rå,DPA (C22:5),Kött färskt fryst tillagat ,0.0,g
5060,Vildsvin kött rå,EPA (C20:5),Kött färskt fryst tillagat ,0.0,g
5060,Vildsvin kött rå,Arakidonsyra C20:4,Kött färskt fryst tillagat ,0.0,g
5060,Vildsvin kött rå,Arakidinsyra C20:0,Kött färskt fryst tillagat ,0.0,g
5060,Vildsvin kött rå,Linolensyra C18:3,Kött färskt fryst tillagat ,0.0,g
5060,Vildsvin kött rå,Linolsyra C18:2,Kött färskt fryst tillagat ,0.2,g
5060,Vildsvin kött rå,Oljesyra C18:1,Kött färskt fryst tillagat ,0.5,g
5060,Vildsvin kött rå,Stearinsyra C18:0,Kött färskt fryst tillagat ,0.2,g
5060,Vildsvin kött rå,Palmitoljesyra C16:1,Kött färskt fryst tillagat ,0.0,g
5060,Vildsvin kött rå,Palmitinsyra C16:0,Kött färskt fryst tillagat ,0.3,g
5060,Vildsvin kött rå,Myristinsyra C14:0,Kött färskt fryst tillagat ,0.0,g
5060,Vildsvin kött rå,Laurinsyra C12:0,Kött färskt fryst tillagat ,0.0,g
5060,Vildsvin kött rå,Betakaroten/β-Karoten,Kött färskt fryst tillagat ,0.0,µg
5060,Vildsvin kött rå,Avfall (skal etc.),Kött färskt fryst tillagat ,0.0,%
5060,Vildsvin kött rå,Aska,Kött färskt fryst tillagat ,1.0,g
5060,Vildsvin kött rå,Alkohol,Kött färskt fryst tillagat ,0.0,g
5064,Rådjur bog rå,"Zink, Zn",Kött färskt fryst tillagat ,3.1,mg
5064,Rådjur bog rå,Vitamin E,Kött färskt fryst tillagat ,1.1,mg
5064,Rådjur bog rå,Vitamin D,Kött färskt fryst tillagat ,0.0,µg
5064,Rådjur bog rå,Vitamin C,Kött färskt fryst tillagat ,0.0,mg
5064,Rådjur bog rå,Vitamin B6,Kött färskt fryst tillagat ,0.46,mg
5064,Rådjur bog rå,Vitamin B12,Kött färskt fryst tillagat ,1.61,µg
5064,Rådjur bog rå,Vitamin A,Kött färskt fryst tillagat ,3.3,RE/µg
5064,Rådjur bog rå,Vatten,Kött färskt fryst tillagat ,73.8,g
5064,Rådjur bog rå,Tiamin,Kött färskt fryst tillagat ,0.24,mg
5064,Rådjur bog rå,Tillsatt socker,Kött färskt fryst tillagat ,0.0,g
5064,Rådjur bog rå,Fritt socker,Kött färskt fryst tillagat ,0.0,g
5064,Rådjur bog rå,"Selen, Se",Kött färskt fryst tillagat ,9.1,µg
5064,Rådjur bog rå,Sackaros,Kött färskt fryst tillagat ,0.0,g
5064,Rådjur bog rå,Riboflavin,Kött färskt fryst tillagat ,0.46,mg
5064,Rådjur bog rå,Retinol,Kött färskt fryst tillagat ,3.3,µg
5064,Rådjur bog rå,Protein,Kött färskt fryst tillagat ,24.3,g
5064,Rådjur bog rå,Summa fleromättade fettsyror,Kött färskt fryst tillagat ,0.3,g
5064,Rådjur bog rå,"Fosfor, P",Kött färskt fryst tillagat ,220.0,mg
5064,Rådjur bog rå,Niacinekvivalenter,Kött färskt fryst tillagat ,10.4,NE/mg
5064,Rådjur bog rå,Niacin,Kött färskt fryst tillagat ,5.93,mg
5064,Rådjur bog rå,"Salt, NaCl",Kött färskt fryst tillagat ,0.2,g
5064,Rådjur bog rå,"Natrium, Na",Kött färskt fryst tillagat ,73.0,mg
5064,Rådjur bog rå,Monosackarider,Kött färskt fryst tillagat ,0.0,g
5064,Rådjur bog rå,"Sockerarter, totalt",Kött färskt fryst tillagat ,0.0,g
5064,Rådjur bog rå,Summa enkelomättade fettsyror,Kött färskt fryst tillagat ,0.4,g
5064,Rådjur bog rå,"Magnesium, Mg",Kött färskt fryst tillagat ,27.0,mg
5064,Rådjur bog rå,Summa mättade fettsyror,Kött färskt fryst tillagat ,0.6,g
5064,Rådjur bog rå,"Kolhydrater, tillgängliga",Kött färskt fryst tillagat ,0.0,g
5064,Rådjur bog rå,Kolesterol,Kött färskt fryst tillagat ,68.6,mg
5064,Rådjur bog rå,"Kalium, K",Kött färskt fryst tillagat ,350.0,mg
5064,Rådjur bog rå,"Jod, I",Kött färskt fryst tillagat ,1.9,µg
5064,Rådjur bog rå,Fullkorn totalt,Kött färskt fryst tillagat ,0.0,g
5064,Rådjur bog rå,"Folat, totalt",Kött färskt fryst tillagat ,1.7,µg
5064,Rådjur bog rå,Fibrer,Kött färskt fryst tillagat ,0.0,g
5064,Rådjur bog rå,"Fett, totalt",Kött färskt fryst tillagat ,1.4,g
5064,Rådjur bog rå,"Järn, Fe",Kött färskt fryst tillagat ,2.3,mg
5064,Rådjur bog rå,Energi (kJ),Kött färskt fryst tillagat ,465.0,kJ
5064,Rådjur bog rå,Energi (kcal),Kött färskt fryst tillagat ,111.0,kcal
5064,Rådjur bog rå,Disackarider,Kött färskt fryst tillagat ,0.0,g
5064,Rådjur bog rå,"Kalcium, Ca",Kött färskt fryst tillagat ,6.0,mg
5064,Rådjur bog rå,Fettsyra 4:0-10:0,Kött färskt fryst tillagat ,0.0,g
5064,Rådjur bog rå,DHA (C22:6),Kött färskt fryst tillagat ,0.0,g
5064,Rådjur bog rå,DPA (C22:5),Kött färskt fryst tillagat ,0.0,g
5064,Rådjur bog rå,EPA (C20:5),Kött färskt fryst tillagat ,0.0,g
5064,Rådjur bog rå,Arakidonsyra C20:4,Kött färskt fryst tillagat ,0.0,g
5064,Rådjur bog rå,Arakidinsyra C20:0,Kött färskt fryst tillagat ,0.0,g
5064,Rådjur bog rå,Linolensyra C18:3,Kött färskt fryst tillagat ,0.0,g
5064,Rådjur bog rå,Linolsyra C18:2,Kött färskt fryst tillagat ,0.2,g
5064,Rådjur bog rå,Oljesyra C18:1,Kött färskt fryst tillagat ,0.3,g
5064,Rådjur bog rå,Stearinsyra C18:0,Kött färskt fryst tillagat ,0.3,g
5064,Rådjur bog rå,Palmitoljesyra C16:1,Kött färskt fryst tillagat ,0.0,g
5064,Rådjur bog rå,Palmitinsyra C16:0,Kött färskt fryst tillagat ,0.3,g
5064,Rådjur bog rå,Myristinsyra C14:0,Kött färskt fryst tillagat ,0.0,g
5064,Rådjur bog rå,Laurinsyra C12:0,Kött färskt fryst tillagat ,0.0,g
5064,Rådjur bog rå,Betakaroten/β-Karoten,Kött färskt fryst tillagat ,0.0,µg
5064,Rådjur bog rå,Avfall (skal etc.),Kött färskt fryst tillagat ,0.0,%
5064,Rådjur bog rå,Aska,Kött färskt fryst tillagat ,1.0,g
5064,Rådjur bog rå,Alkohol,Kött färskt fryst tillagat ,0.0,g
5065,Ren kött rå,"Zink, Zn",Kött färskt fryst tillagat ,4.1,mg
5065,Ren kött rå,Vitamin E,Kött färskt fryst tillagat ,0.8,mg
5065,Ren kött rå,Vitamin D,Kött färskt fryst tillagat ,0.0,µg
5065,Ren kött rå,Vitamin C,Kött färskt fryst tillagat ,0.0,mg
5065,Ren kött rå,Vitamin B6,Kött färskt fryst tillagat ,0.44,mg
5065,Ren kött rå,Vitamin B12,Kött färskt fryst tillagat ,2.94,µg
5065,Ren kött rå,Vitamin A,Kött färskt fryst tillagat ,3.7,RE/µg
5065,Ren kött rå,Vatten,Kött färskt fryst tillagat ,74.3,g
5065,Ren kött rå,Tiamin,Kött färskt fryst tillagat ,0.32,mg
5065,Ren kött rå,Tillsatt socker,Kött färskt fryst tillagat ,0.0,g
5065,Ren kött rå,Fritt socker,Kött färskt fryst tillagat ,0.0,g
5065,Ren kött rå,"Selen, Se",Kött färskt fryst tillagat ,18.5,µg
5065,Ren kött rå,Sackaros,Kött färskt fryst tillagat ,0.0,g
5065,Ren kött rå,Riboflavin,Kött färskt fryst tillagat ,0.48,mg
5065,Ren kött rå,Retinol,Kött färskt fryst tillagat ,3.7,µg
5065,Ren kött rå,Protein,Kött färskt fryst tillagat ,23.1,g
5065,Ren kött rå,Summa fleromättade fettsyror,Kött färskt fryst tillagat ,0.3,g
5065,Ren kött rå,"Fosfor, P",Kött färskt fryst tillagat ,225.0,mg
5065,Ren kött rå,Niacinekvivalenter,Kött färskt fryst tillagat ,13.6,NE/mg
5065,Ren kött rå,Niacin,Kött färskt fryst tillagat ,9.32,mg
5065,Ren kött rå,"Salt, NaCl",Kött färskt fryst tillagat ,0.2,g
5065,Ren kött rå,"Natrium, Na",Kött färskt fryst tillagat ,70.0,mg
5065,Ren kött rå,Monosackarider,Kött färskt fryst tillagat ,0.0,g
5065,Ren kött rå,"Sockerarter, totalt",Kött färskt fryst tillagat ,0.0,g
5065,Ren kött rå,Summa enkelomättade fettsyror,Kött färskt fryst tillagat ,0.5,g
5065,Ren kött rå,"Magnesium, Mg",Kött färskt fryst tillagat ,27.0,mg
5065,Ren kött rå,Summa mättade fettsyror,Kött färskt fryst tillagat ,0.7,g
5065,Ren kött rå,"Kolhydrater, tillgängliga",Kött färskt fryst tillagat ,0.0,g
5065,Ren kött rå,Kolesterol,Kött färskt fryst tillagat ,67.7,mg
5065,Ren kött rå,"Kalium, K",Kött färskt fryst tillagat ,355.0,mg
5065,Ren kött rå,"Jod, I",Kött färskt fryst tillagat ,5.8,µg
5065,Ren kött rå,Fullkorn totalt,Kött färskt fryst tillagat ,0.0,g
5065,Ren kött rå,"Folat, totalt",Kött färskt fryst tillagat ,1.7,µg
5065,Ren kött rå,Fibrer,Kött färskt fryst tillagat ,0.0,g
5065,Ren kött rå,"Fett, totalt",Kött färskt fryst tillagat ,1.7,g
5065,Ren kött rå,"Järn, Fe",Kött färskt fryst tillagat ,3.5,mg
5065,Ren kött rå,Energi (kJ),Kött färskt fryst tillagat ,456.0,kJ
5065,Ren kött rå,Energi (kcal),Kött färskt fryst tillagat ,109.0,kcal
5065,Ren kött rå,Disackarider,Kött färskt fryst tillagat ,0.0,g
5065,Ren kött rå,"Kalcium, Ca",Kött färskt fryst tillagat ,4.0,mg
5065,Ren kött rå,Fettsyra 4:0-10:0,Kött färskt fryst tillagat ,0.0,g
5065,Ren kött rå,DHA (C22:6),Kött färskt fryst tillagat ,0.0,g
5065,Ren kött rå,DPA (C22:5),Kött färskt fryst tillagat ,0.0,g
5065,Ren kött rå,EPA (C20:5),Kött färskt fryst tillagat ,0.0,g
5065,Ren kött rå,Arakidonsyra C20:4,Kött färskt fryst tillagat ,0.1,g
5065,Ren kött rå,Arakidinsyra C20:0,Kött färskt fryst tillagat ,0.0,g
5065,Ren kött rå,Linolensyra C18:3,Kött färskt fryst tillagat ,0.0,g
5065,Ren kött rå,Linolsyra C18:2,Kött färskt fryst tillagat ,0.2,g
5065,Ren kött rå,Oljesyra C18:1,Kött färskt fryst tillagat ,0.5,g
5065,Ren kött rå,Stearinsyra C18:0,Kött färskt fryst tillagat ,0.2,g
5065,Ren kött rå,Palmitoljesyra C16:1,Kött färskt fryst tillagat ,0.0,g
5065,Ren kött rå,Palmitinsyra C16:0,Kött färskt fryst tillagat ,0.3,g
5065,Ren kött rå,Myristinsyra C14:0,Kött färskt fryst tillagat ,0.0,g
5065,Ren kött rå,Laurinsyra C12:0,Kött färskt fryst tillagat ,0.0,g
5065,Ren kött rå,Betakaroten/β-Karoten,Kött färskt fryst tillagat ,0.0,µg
5065,Ren kött rå,Avfall (skal etc.),Kött färskt fryst tillagat ,0.0,%
5065,Ren kött rå,Aska,Kött färskt fryst tillagat ,1.1,g
5065,Ren kött rå,Alkohol,Kött färskt fryst tillagat ,0.0,g
5066,Nöt kött rå,"Zink, Zn",Kött färskt fryst tillagat ,4.6,mg
5066,Nöt kött rå,Vitamin E,Kött färskt fryst tillagat ,0.7,mg
5066,Nöt kött rå,Vitamin D inkl 25-OH-D3,Kött färskt fryst tillagat ,0.43,µg
5066,Nöt kött rå,Vitamin D,Kött färskt fryst tillagat ,0.03,µg
5066,Nöt kött rå,Vitamin C,Kött färskt fryst tillagat ,0.0,mg
5066,Nöt kött rå,Vitamin B6,Kött färskt fryst tillagat ,0.38,mg
5066,Nöt kött rå,Vitamin B12,Kött färskt fryst tillagat ,1.19,µg
5066,Nöt kött rå,Vitamin A,Kött färskt fryst tillagat ,7.5,RE/µg
5066,Nöt kött rå,Vatten,Kött färskt fryst tillagat ,72.3,g
5066,Nöt kött rå,Tiamin,Kött färskt fryst tillagat ,0.08,mg
5066,Nöt kött rå,Tillsatt socker,Kött färskt fryst tillagat ,0.0,g
5066,Nöt kött rå,Fritt socker,Kött färskt fryst tillagat ,0.0,g
5066,Nöt kött rå,"Selen, Se",Kött färskt fryst tillagat ,7.5,µg
5066,Nöt kött rå,Sackaros,Kött färskt fryst tillagat ,0.0,g
5066,Nöt kött rå,Riboflavin,Kött färskt fryst tillagat ,0.19,mg
5066,Nöt kött rå,Retinol,Kött färskt fryst tillagat ,4.9,µg
5066,Nöt kött rå,Protein,Kött färskt fryst tillagat ,22.2,g
5066,Nöt kött rå,Summa fleromättade fettsyror,Kött färskt fryst tillagat ,0.3,g
5066,Nöt kött rå,"Fosfor, P",Kött färskt fryst tillagat ,190.0,mg
5066,Nöt kött rå,Niacinekvivalenter,Kött färskt fryst tillagat ,9.8,NE/mg
5066,Nöt kött rå,Niacin,Kött färskt fryst tillagat ,5.68,mg
5066,Nöt kött rå,"Salt, NaCl",Kött färskt fryst tillagat ,0.2,g
5066,Nöt kött rå,"Natrium, Na",Kött färskt fryst tillagat ,64.0,mg
5066,Nöt kött rå,Monosackarider,Kött färskt fryst tillagat ,0.0,g
5066,Nöt kött rå,"Sockerarter, totalt",Kött färskt fryst tillagat ,0.0,g
5066,Nöt kött rå,Summa enkelomättade fettsyror,Kött färskt fryst tillagat ,1.6,g
5066,Nöt kött rå,"Magnesium, Mg",Kött färskt fryst tillagat ,23.0,mg
5066,Nöt kött rå,Summa mättade fettsyror,Kött färskt fryst tillagat ,1.9,g
5066,Nöt kött rå,"Kolhydrater, tillgängliga",Kött färskt fryst tillagat ,0.0,g
5066,Nöt kött rå,Kolesterol,Kött färskt fryst tillagat ,58.4,mg
5066,Nöt kött rå,"Kalium, K",Kött färskt fryst tillagat ,328.0,mg
5066,Nöt kött rå,"Jod, I",Kött färskt fryst tillagat ,2.7,µg
5066,Nöt kött rå,Fullkorn totalt,Kött färskt fryst tillagat ,0.0,g
5066,Nöt kött rå,"Folat, totalt",Kött färskt fryst tillagat ,4.8,µg
5066,Nöt kött rå,Fibrer,Kött färskt fryst tillagat ,0.0,g
5066,Nöt kött rå,"Fett, totalt",Kött färskt fryst tillagat ,4.2,g
5066,Nöt kött rå,"Järn, Fe",Kött färskt fryst tillagat ,2.6,mg
5066,Nöt kött rå,Energi (kJ),Kött färskt fryst tillagat ,534.0,kJ
5066,Nöt kött rå,Energi (kcal),Kött färskt fryst tillagat ,128.0,kcal
5066,Nöt kött rå,Disackarider,Kött färskt fryst tillagat ,0.0,g
5066,Nöt kött rå,"Kalcium, Ca",Kött färskt fryst tillagat ,5.0,mg
5066,Nöt kött rå,Fettsyra 4:0-10:0,Kött färskt fryst tillagat ,0.0,g
5066,Nöt kött rå,DHA (C22:6),Kött färskt fryst tillagat ,0.0,g
5066,Nöt kött rå,DPA (C22:5),Kött färskt fryst tillagat ,0.0,g
5066,Nöt kött rå,EPA (C20:5),Kött färskt fryst tillagat ,0.0,g
5066,Nöt kött rå,Arakidonsyra C20:4,Kött färskt fryst tillagat ,0.0,g
5066,Nöt kött rå,Arakidinsyra C20:0,Kött färskt fryst tillagat ,0.0,g
5066,Nöt kött rå,Linolensyra C18:3,Kött färskt fryst tillagat ,0.0,g
5066,Nöt kött rå,Linolsyra C18:2,Kött färskt fryst tillagat ,0.2,g
5066,Nöt kött rå,Oljesyra C18:1,Kött färskt fryst tillagat ,1.4,g
5066,Nöt kött rå,Stearinsyra C18:0,Kött färskt fryst tillagat ,0.7,g
5066,Nöt kött rå,Palmitoljesyra C16:1,Kött färskt fryst tillagat ,0.1,g
5066,Nöt kött rå,Palmitinsyra C16:0,Kött färskt fryst tillagat ,0.9,g
5066,Nöt kött rå,Myristinsyra C14:0,Kött färskt fryst tillagat ,0.1,g
5066,Nöt kött rå,Laurinsyra C12:0,Kött färskt fryst tillagat ,0.0,g
5066,Nöt kött rå,Betakaroten/β-Karoten,Kött färskt fryst tillagat ,31.0,µg
5066,Nöt kött rå,Avfall (skal etc.),Kött färskt fryst tillagat ,0.0,%
5066,Nöt kött rå,Aska,Kött färskt fryst tillagat ,1.0,g
5066,Nöt kött rå,Alkohol,Kött färskt fryst tillagat ,0.0,g
5067,Lamm kött rå,"Zink, Zn",Kött färskt fryst tillagat ,3.0,mg
5067,Lamm kött rå,Vitamin E,Kött färskt fryst tillagat ,0.3,mg
5067,Lamm kött rå,Vitamin D,Kött färskt fryst tillagat ,0.0,µg
5067,Lamm kött rå,Vitamin C,Kött färskt fryst tillagat ,0.0,mg
5067,Lamm kött rå,Vitamin B6,Kött färskt fryst tillagat ,0.3,mg
5067,Lamm kött rå,Vitamin B12,Kött färskt fryst tillagat ,1.43,µg
5067,Lamm kött rå,Vitamin A,Kött färskt fryst tillagat ,11.2,RE/µg
5067,Lamm kött rå,Vatten,Kött färskt fryst tillagat ,69.2,g
5067,Lamm kött rå,Tiamin,Kött färskt fryst tillagat ,0.18,mg
5067,Lamm kött rå,Tillsatt socker,Kött färskt fryst tillagat ,0.0,g
5067,Lamm kött rå,Fritt socker,Kött färskt fryst tillagat ,0.0,g
5067,Lamm kött rå,"Selen, Se",Kött färskt fryst tillagat ,7.1,µg
5067,Lamm kött rå,Sackaros,Kött färskt fryst tillagat ,0.0,g
5067,Lamm kött rå,Riboflavin,Kött färskt fryst tillagat ,0.24,mg
5067,Lamm kött rå,Retinol,Kött färskt fryst tillagat ,11.2,µg
5067,Lamm kött rå,Protein,Kött färskt fryst tillagat ,19.9,g
5067,Lamm kött rå,Summa fleromättade fettsyror,Kött färskt fryst tillagat ,0.7,g
5067,Lamm kött rå,"Fosfor, P",Kött färskt fryst tillagat ,193.0,mg
5067,Lamm kött rå,Niacinekvivalenter,Kött färskt fryst tillagat ,10.0,NE/mg
5067,Lamm kött rå,Niacin,Kött färskt fryst tillagat ,6.35,mg
5067,Lamm kött rå,"Salt, NaCl",Kött färskt fryst tillagat ,0.2,g
5067,Lamm kött rå,"Natrium, Na",Kött färskt fryst tillagat ,72.0,mg
5067,Lamm kött rå,Monosackarider,Kött färskt fryst tillagat ,0.0,g
5067,Lamm kött rå,"Sockerarter, totalt",Kött färskt fryst tillagat ,0.0,g
5067,Lamm kött rå,Summa enkelomättade fettsyror,Kött färskt fryst tillagat ,3.7,g
5067,Lamm kött rå,"Magnesium, Mg",Kött färskt fryst tillagat ,24.0,mg
5067,Lamm kött rå,Summa mättade fettsyror,Kött färskt fryst tillagat ,4.0,g
5067,Lamm kött rå,"Kolhydrater, tillgängliga",Kött färskt fryst tillagat ,0.0,g
5067,Lamm kött rå,Kolesterol,Kött färskt fryst tillagat ,65.5,mg
5067,Lamm kött rå,"Kalium, K",Kött färskt fryst tillagat ,305.0,mg
5067,Lamm kött rå,"Jod, I",Kött färskt fryst tillagat ,4.5,µg
5067,Lamm kött rå,Fullkorn totalt,Kött färskt fryst tillagat ,0.0,g
5067,Lamm kött rå,"Folat, totalt",Kött färskt fryst tillagat ,1.0,µg
5067,Lamm kött rå,Fibrer,Kött färskt fryst tillagat ,0.0,g
5067,Lamm kött rå,"Fett, totalt",Kött färskt fryst tillagat ,9.4,g
5067,Lamm kött rå,"Järn, Fe",Kött färskt fryst tillagat ,1.7,mg
5067,Lamm kött rå,Energi (kJ),Kött färskt fryst tillagat ,686.0,kJ
5067,Lamm kött rå,Energi (kcal),Kött färskt fryst tillagat ,164.0,kcal
5067,Lamm kött rå,Disackarider,Kött färskt fryst tillagat ,0.0,g
5067,Lamm kött rå,"Kalcium, Ca",Kött färskt fryst tillagat ,8.0,mg
5067,Lamm kött rå,Fettsyra 4:0-10:0,Kött färskt fryst tillagat ,0.0,g
5067,Lamm kött rå,DHA (C22:6),Kött färskt fryst tillagat ,0.0,g
5067,Lamm kött rå,DPA (C22:5),Kött färskt fryst tillagat ,0.0,g
5067,Lamm kött rå,EPA (C20:5),Kött färskt fryst tillagat ,0.0,g
5067,Lamm kött rå,Arakidonsyra C20:4,Kött färskt fryst tillagat ,0.0,g
5067,Lamm kött rå,Arakidinsyra C20:0,Kött färskt fryst tillagat ,0.0,g
5067,Lamm kött rå,Linolensyra C18:3,Kött färskt fryst tillagat ,0.1,g
5067,Lamm kött rå,Linolsyra C18:2,Kött färskt fryst tillagat ,0.4,g
5067,Lamm kött rå,Oljesyra C18:1,Kött färskt fryst tillagat ,3.4,g
5067,Lamm kött rå,Stearinsyra C18:0,Kött färskt fryst tillagat ,1.3,g
5067,Lamm kött rå,Palmitoljesyra C16:1,Kött färskt fryst tillagat ,0.2,g
5067,Lamm kött rå,Palmitinsyra C16:0,Kött färskt fryst tillagat ,1.9,g
5067,Lamm kött rå,Myristinsyra C14:0,Kött färskt fryst tillagat ,0.4,g
5067,Lamm kött rå,Laurinsyra C12:0,Kött färskt fryst tillagat ,0.0,g
5067,Lamm kött rå,Betakaroten/β-Karoten,Kött färskt fryst tillagat ,0.0,µg
5067,Lamm kött rå,Avfall (skal etc.),Kött färskt fryst tillagat ,0.0,%
5067,Lamm kött rå,Aska,Kött färskt fryst tillagat ,1.0,g
5067,Lamm kött rå,Alkohol,Kött färskt fryst tillagat ,0.0,g
5068,Lamm grytbitar rå,"Zink, Zn",Kött färskt fryst tillagat ,3.7,mg
5068,Lamm grytbitar rå,Vitamin E,Kött färskt fryst tillagat ,0.4,mg
5068,Lamm grytbitar rå,Vitamin D,Kött färskt fryst tillagat ,0.0,µg
5068,Lamm grytbitar rå,Vitamin C,Kött färskt fryst tillagat ,0.0,mg
5068,Lamm grytbitar rå,Vitamin B6,Kött färskt fryst tillagat ,0.21,mg
5068,Lamm grytbitar rå,Vitamin B12,Kött färskt fryst tillagat ,2.36,µg
5068,Lamm grytbitar rå,Vitamin A,Kött färskt fryst tillagat ,6.6,RE/µg
5068,Lamm grytbitar rå,Vatten,Kött färskt fryst tillagat ,73.1,g
5068,Lamm grytbitar rå,Tiamin,Kött färskt fryst tillagat ,0.16,mg
5068,Lamm grytbitar rå,Tillsatt socker,Kött färskt fryst tillagat ,0.0,g
5068,Lamm grytbitar rå,Fritt socker,Kött färskt fryst tillagat ,0.0,g
5068,Lamm grytbitar rå,"Selen, Se",Kött färskt fryst tillagat ,7.5,µg
5068,Lamm grytbitar rå,Sackaros,Kött färskt fryst tillagat ,0.0,g
5068,Lamm grytbitar rå,Riboflavin,Kött färskt fryst tillagat ,0.24,mg
5068,Lamm grytbitar rå,Retinol,Kött färskt fryst tillagat ,6.6,µg
5068,Lamm grytbitar rå,Protein,Kött färskt fryst tillagat ,20.1,g
5068,Lamm grytbitar rå,Summa fleromättade fettsyror,Kött färskt fryst tillagat ,0.4,g
5068,Lamm grytbitar rå,"Fosfor, P",Kött färskt fryst tillagat ,190.0,mg
5068,Lamm grytbitar rå,Niacinekvivalenter,Kött färskt fryst tillagat ,9.0,NE/mg
5068,Lamm grytbitar rå,Niacin,Kött färskt fryst tillagat ,5.34,mg
5068,Lamm grytbitar rå,"Salt, NaCl",Kött färskt fryst tillagat ,0.2,g
5068,Lamm grytbitar rå,"Natrium, Na",Kött färskt fryst tillagat ,78.0,mg
5068,Lamm grytbitar rå,Monosackarider,Kött färskt fryst tillagat ,0.0,g
5068,Lamm grytbitar rå,"Sockerarter, totalt",Kött färskt fryst tillagat ,0.0,g
5068,Lamm grytbitar rå,Summa enkelomättade fettsyror,Kött färskt fryst tillagat ,2.4,g
5068,Lamm grytbitar rå,"Magnesium, Mg",Kött färskt fryst tillagat ,23.0,mg
5068,Lamm grytbitar rå,Summa mättade fettsyror,Kött färskt fryst tillagat ,2.4,g
5068,Lamm grytbitar rå,"Kolhydrater, tillgängliga",Kött färskt fryst tillagat ,0.0,g
5068,Lamm grytbitar rå,Kolesterol,Kött färskt fryst tillagat ,63.2,mg
5068,Lamm grytbitar rå,"Kalium, K",Kött färskt fryst tillagat ,310.0,mg
5068,Lamm grytbitar rå,"Jod, I",Kött färskt fryst tillagat ,4.3,µg
5068,Lamm grytbitar rå,Fullkorn totalt,Kött färskt fryst tillagat ,0.0,g
5068,Lamm grytbitar rå,"Folat, totalt",Kött färskt fryst tillagat ,1.0,µg
5068,Lamm grytbitar rå,Fibrer,Kött färskt fryst tillagat ,0.0,g
5068,Lamm grytbitar rå,"Fett, totalt",Kött färskt fryst tillagat ,5.9,g
5068,Lamm grytbitar rå,"Järn, Fe",Kött färskt fryst tillagat ,1.4,mg
5068,Lamm grytbitar rå,Energi (kJ),Kött färskt fryst tillagat ,561.0,kJ
5068,Lamm grytbitar rå,Energi (kcal),Kött färskt fryst tillagat ,134.0,kcal
5068,Lamm grytbitar rå,Disackarider,Kött färskt fryst tillagat ,0.0,g
5068,Lamm grytbitar rå,"Kalcium, Ca",Kött färskt fryst tillagat ,5.0,mg
5068,Lamm grytbitar rå,Fettsyra 4:0-10:0,Kött färskt fryst tillagat ,0.0,g
5068,Lamm grytbitar rå,DHA (C22:6),Kött färskt fryst tillagat ,0.0,g
5068,Lamm grytbitar rå,DPA (C22:5),Kött färskt fryst tillagat ,0.0,g
5068,Lamm grytbitar rå,EPA (C20:5),Kött färskt fryst tillagat ,0.0,g
5068,Lamm grytbitar rå,Arakidonsyra C20:4,Kött färskt fryst tillagat ,0.0,g
5068,Lamm grytbitar rå,Arakidinsyra C20:0,Kött färskt fryst tillagat ,0.0,g
5068,Lamm grytbitar rå,Linolensyra C18:3,Kött färskt fryst tillagat ,0.1,g
5068,Lamm grytbitar rå,Linolsyra C18:2,Kött färskt fryst tillagat ,0.3,g
5068,Lamm grytbitar rå,Oljesyra C18:1,Kött färskt fryst tillagat ,2.2,g
5068,Lamm grytbitar rå,Stearinsyra C18:0,Kött färskt fryst tillagat ,0.8,g
5068,Lamm grytbitar rå,Palmitoljesyra C16:1,Kött färskt fryst tillagat ,0.1,g
5068,Lamm grytbitar rå,Palmitinsyra C16:0,Kött färskt fryst tillagat ,1.2,g
5068,Lamm grytbitar rå,Myristinsyra C14:0,Kött färskt fryst tillagat ,0.2,g
5068,Lamm grytbitar rå,Laurinsyra C12:0,Kött färskt fryst tillagat ,0.0,g
5068,Lamm grytbitar rå,Betakaroten/β-Karoten,Kött färskt fryst tillagat ,0.0,µg
5068,Lamm grytbitar rå,Avfall (skal etc.),Kött färskt fryst tillagat ,0.0,%
5068,Lamm grytbitar rå,Aska,Kött färskt fryst tillagat ,1.0,g
5068,Lamm grytbitar rå,Alkohol,Kött färskt fryst tillagat ,0.0,g
5085,Bordsmargarin fett 80% berikad typ Flora original,"Zink, Zn",Hård matfettsblandning,0.0,mg
5085,Bordsmargarin fett 80% berikad typ Flora original,Vitamin E,Hård matfettsblandning,11.8,mg
5085,Bordsmargarin fett 80% berikad typ Flora original,Vitamin D,Hård matfettsblandning,20.0,µg
5085,Bordsmargarin fett 80% berikad typ Flora original,Vitamin C,Hård matfettsblandning,0.0,mg
5085,Bordsmargarin fett 80% berikad typ Flora original,Vitamin B6,Hård matfettsblandning,0.0,mg
5085,Bordsmargarin fett 80% berikad typ Flora original,Vitamin B12,Hård matfettsblandning,0.0,µg
5085,Bordsmargarin fett 80% berikad typ Flora original,Vitamin A,Hård matfettsblandning,748.8,RE/µg
5085,Bordsmargarin fett 80% berikad typ Flora original,Vatten,Hård matfettsblandning,18.5,g
5085,Bordsmargarin fett 80% berikad typ Flora original,Tiamin,Hård matfettsblandning,0.0,mg
5085,Bordsmargarin fett 80% berikad typ Flora original,Tillsatt socker,Hård matfettsblandning,0.0,g
5085,Bordsmargarin fett 80% berikad typ Flora original,Fritt socker,Hård matfettsblandning,0.0,g
5085,Bordsmargarin fett 80% berikad typ Flora original,"Selen, Se",Hård matfettsblandning,0.0,µg
5085,Bordsmargarin fett 80% berikad typ Flora original,Sackaros,Hård matfettsblandning,0.0,g
5085,Bordsmargarin fett 80% berikad typ Flora original,Riboflavin,Hård matfettsblandning,0.0,mg
5085,Bordsmargarin fett 80% berikad typ Flora original,Retinol,Hård matfettsblandning,720.0,µg
5085,Bordsmargarin fett 80% berikad typ Flora original,Protein,Hård matfettsblandning,0.2,g
5085,Bordsmargarin fett 80% berikad typ Flora original,Summa fleromättade fettsyror,Hård matfettsblandning,13.3,g
5085,Bordsmargarin fett 80% berikad typ Flora original,"Fosfor, P",Hård matfettsblandning,0.0,mg
5085,Bordsmargarin fett 80% berikad typ Flora original,Niacinekvivalenter,Hård matfettsblandning,0.0,NE/mg
5085,Bordsmargarin fett 80% berikad typ Flora original,Niacin,Hård matfettsblandning,0.0,mg
5085,Bordsmargarin fett 80% berikad typ Flora original,"Salt, NaCl",Hård matfettsblandning,1.3,g
5085,Bordsmargarin fett 80% berikad typ Flora original,"Natrium, Na",Hård matfettsblandning,520.0,mg
5085,Bordsmargarin fett 80% berikad typ Flora original,Monosackarider,Hård matfettsblandning,0.0,g
5085,Bordsmargarin fett 80% berikad typ Flora original,"Sockerarter, totalt",Hård matfettsblandning,0.2,g
5085,Bordsmargarin fett 80% berikad typ Flora original,Summa enkelomättade fettsyror,Hård matfettsblandning,32.2,g
5085,Bordsmargarin fett 80% berikad typ Flora original,"Magnesium, Mg",Hård matfettsblandning,0.0,mg
5085,Bordsmargarin fett 80% berikad typ Flora original,Summa mättade fettsyror,Hård matfettsblandning,31.0,g
5085,Bordsmargarin fett 80% berikad typ Flora original,"Kolhydrater, tillgängliga",Hård matfettsblandning,0.0,g
5085,Bordsmargarin fett 80% berikad typ Flora original,Kolesterol,Hård matfettsblandning,0.0,mg
5085,Bordsmargarin fett 80% berikad typ Flora original,"Kalium, K",Hård matfettsblandning,0.0,mg
5085,Bordsmargarin fett 80% berikad typ Flora original,"Jod, I",Hård matfettsblandning,0.5,µg
5085,Bordsmargarin fett 80% berikad typ Flora original,Fullkorn totalt,Hård matfettsblandning,0.0,g
5085,Bordsmargarin fett 80% berikad typ Flora original,"Folat, totalt",Hård matfettsblandning,0.0,µg
5085,Bordsmargarin fett 80% berikad typ Flora original,Fibrer,Hård matfettsblandning,0.0,g
5085,Bordsmargarin fett 80% berikad typ Flora original,"Fett, totalt",Hård matfettsblandning,80.0,g
5085,Bordsmargarin fett 80% berikad typ Flora original,"Järn, Fe",Hård matfettsblandning,0.0,mg
5085,Bordsmargarin fett 80% berikad typ Flora original,Energi (kJ),Hård matfettsblandning,2964.0,kJ
5085,Bordsmargarin fett 80% berikad typ Flora original,Energi (kcal),Hård matfettsblandning,708.0,kcal
5085,Bordsmargarin fett 80% berikad typ Flora original,Disackarider,Hård matfettsblandning,0.2,g
5085,Bordsmargarin fett 80% berikad typ Flora original,"Kalcium, Ca",Hård matfettsblandning,0.0,mg
5085,Bordsmargarin fett 80% berikad typ Flora original,Fettsyra 4:0-10:0,Hård matfettsblandning,1.4,g
5085,Bordsmargarin fett 80% berikad typ Flora original,DHA (C22:6),Hård matfettsblandning,0.0,g
5085,Bordsmargarin fett 80% berikad typ Flora original,DPA (C22:5),Hård matfettsblandning,0.0,g
5085,Bordsmargarin fett 80% berikad typ Flora original,EPA (C20:5),Hård matfettsblandning,0.0,g
5085,Bordsmargarin fett 80% berikad typ Flora original,Arakidonsyra C20:4,Hård matfettsblandning,0.0,g
5085,Bordsmargarin fett 80% berikad typ Flora original,Arakidinsyra C20:0,Hård matfettsblandning,0.3,g
5085,Bordsmargarin fett 80% berikad typ Flora original,Linolensyra C18:3,Hård matfettsblandning,3.5,g
5085,Bordsmargarin fett 80% berikad typ Flora original,Linolsyra C18:2,Hård matfettsblandning,9.7,g
5085,Bordsmargarin fett 80% berikad typ Flora original,Oljesyra C18:1,Hård matfettsblandning,31.3,g
5085,Bordsmargarin fett 80% berikad typ Flora original,Stearinsyra C18:0,Hård matfettsblandning,2.1,g
5085,Bordsmargarin fett 80% berikad typ Flora original,Palmitoljesyra C16:1,Hård matfettsblandning,0.1,g
5085,Bordsmargarin fett 80% berikad typ Flora original,Palmitinsyra C16:0,Hård matfettsblandning,15.1,g
5085,Bordsmargarin fett 80% berikad typ Flora original,Myristinsyra C14:0,Hård matfettsblandning,3.2,g
5085,Bordsmargarin fett 80% berikad typ Flora original,Laurinsyra C12:0,Hård matfettsblandning,8.6,g
5085,Bordsmargarin fett 80% berikad typ Flora original,Betakaroten/β-Karoten,Hård matfettsblandning,346.0,µg
5085,Bordsmargarin fett 80% berikad typ Flora original,Avfall (skal etc.),Hård matfettsblandning,0.0,%
5085,Bordsmargarin fett 80% berikad typ Flora original,Aska,Hård matfettsblandning,1.3,g
5085,Bordsmargarin fett 80% berikad typ Flora original,Alkohol,Hård matfettsblandning,0.0,g
5087,Flytande matfettsblandning fett 80% berikad typ Ica raps- och smörolja,"Zink, Zn",Flytande matfettsblandning,0.0,mg
5087,Flytande matfettsblandning fett 80% berikad typ Ica raps- och smörolja,Vitamin E,Flytande matfettsblandning,18.6,mg
5087,Flytande matfettsblandning fett 80% berikad typ Ica raps- och smörolja,Vitamin D,Flytande matfettsblandning,19.5,µg
5087,Flytande matfettsblandning fett 80% berikad typ Ica raps- och smörolja,Vitamin C,Flytande matfettsblandning,0.0,mg
5087,Flytande matfettsblandning fett 80% berikad typ Ica raps- och smörolja,Vitamin B6,Flytande matfettsblandning,0.0,mg
5087,Flytande matfettsblandning fett 80% berikad typ Ica raps- och smörolja,Vitamin B12,Flytande matfettsblandning,0.0,µg
5087,Flytande matfettsblandning fett 80% berikad typ Ica raps- och smörolja,Vitamin A,Flytande matfettsblandning,1178.8,RE/µg
5087,Flytande matfettsblandning fett 80% berikad typ Ica raps- och smörolja,Vatten,Flytande matfettsblandning,18.0,g
5087,Flytande matfettsblandning fett 80% berikad typ Ica raps- och smörolja,Tiamin,Flytande matfettsblandning,0.0,mg
5087,Flytande matfettsblandning fett 80% berikad typ Ica raps- och smörolja,Tillsatt socker,Flytande matfettsblandning,0.0,g
5087,Flytande matfettsblandning fett 80% berikad typ Ica raps- och smörolja,Fritt socker,Flytande matfettsblandning,0.0,g
5087,Flytande matfettsblandning fett 80% berikad typ Ica raps- och smörolja,"Selen, Se",Flytande matfettsblandning,0.0,µg
5087,Flytande matfettsblandning fett 80% berikad typ Ica raps- och smörolja,Sackaros,Flytande matfettsblandning,0.0,g
5087,Flytande matfettsblandning fett 80% berikad typ Ica raps- och smörolja,Riboflavin,Flytande matfettsblandning,0.0,mg
5087,Flytande matfettsblandning fett 80% berikad typ Ica raps- och smörolja,Retinol,Flytande matfettsblandning,1150.0,µg
5087,Flytande matfettsblandning fett 80% berikad typ Ica raps- och smörolja,Protein,Flytande matfettsblandning,0.2,g
5087,Flytande matfettsblandning fett 80% berikad typ Ica raps- och smörolja,Summa fleromättade fettsyror,Flytande matfettsblandning,20.9,g
5087,Flytande matfettsblandning fett 80% berikad typ Ica raps- och smörolja,"Fosfor, P",Flytande matfettsblandning,0.0,mg
5087,Flytande matfettsblandning fett 80% berikad typ Ica raps- och smörolja,Niacinekvivalenter,Flytande matfettsblandning,0.0,NE/mg
5087,Flytande matfettsblandning fett 80% berikad typ Ica raps- och smörolja,Niacin,Flytande matfettsblandning,0.0,mg
5087,Flytande matfettsblandning fett 80% berikad typ Ica raps- och smörolja,"Salt, NaCl",Flytande matfettsblandning,1.5,g
5087,Flytande matfettsblandning fett 80% berikad typ Ica raps- och smörolja,"Natrium, Na",Flytande matfettsblandning,600.0,mg
5087,Flytande matfettsblandning fett 80% berikad typ Ica raps- och smörolja,Monosackarider,Flytande matfettsblandning,0.0,g
5087,Flytande matfettsblandning fett 80% berikad typ Ica raps- och smörolja,"Sockerarter, totalt",Flytande matfettsblandning,0.2,g
5087,Flytande matfettsblandning fett 80% berikad typ Ica raps- och smörolja,Summa enkelomättade fettsyror,Flytande matfettsblandning,44.3,g
5087,Flytande matfettsblandning fett 80% berikad typ Ica raps- och smörolja,"Magnesium, Mg",Flytande matfettsblandning,0.0,mg
5087,Flytande matfettsblandning fett 80% berikad typ Ica raps- och smörolja,Summa mättade fettsyror,Flytande matfettsblandning,11.2,g
5087,Flytande matfettsblandning fett 80% berikad typ Ica raps- och smörolja,"Kolhydrater, tillgängliga",Flytande matfettsblandning,0.3,g
5087,Flytande matfettsblandning fett 80% berikad typ Ica raps- och smörolja,Kolesterol,Flytande matfettsblandning,0.0,mg
5087,Flytande matfettsblandning fett 80% berikad typ Ica raps- och smörolja,"Kalium, K",Flytande matfettsblandning,0.0,mg
5087,Flytande matfettsblandning fett 80% berikad typ Ica raps- och smörolja,"Jod, I",Flytande matfettsblandning,0.0,µg
5087,Flytande matfettsblandning fett 80% berikad typ Ica raps- och smörolja,Fullkorn totalt,Flytande matfettsblandning,0.0,g
5087,Flytande matfettsblandning fett 80% berikad typ Ica raps- och smörolja,"Folat, totalt",Flytande matfettsblandning,0.0,µg
5087,Flytande matfettsblandning fett 80% berikad typ Ica raps- och smörolja,Fibrer,Flytande matfettsblandning,0.0,g
5087,Flytande matfettsblandning fett 80% berikad typ Ica raps- och smörolja,"Fett, totalt",Flytande matfettsblandning,80.0,g
5087,Flytande matfettsblandning fett 80% berikad typ Ica raps- och smörolja,"Järn, Fe",Flytande matfettsblandning,0.0,mg
5087,Flytande matfettsblandning fett 80% berikad typ Ica raps- och smörolja,Energi (kJ),Flytande matfettsblandning,2968.0,kJ
5087,Flytande matfettsblandning fett 80% berikad typ Ica raps- och smörolja,Energi (kcal),Flytande matfettsblandning,710.0,kcal
5087,Flytande matfettsblandning fett 80% berikad typ Ica raps- och smörolja,Disackarider,Flytande matfettsblandning,0.2,g
5087,Flytande matfettsblandning fett 80% berikad typ Ica raps- och smörolja,"Kalcium, Ca",Flytande matfettsblandning,0.0,mg
5087,Flytande matfettsblandning fett 80% berikad typ Ica raps- och smörolja,Fettsyra 4:0-10:0,Flytande matfettsblandning,0.7,g
5087,Flytande matfettsblandning fett 80% berikad typ Ica raps- och smörolja,DHA (C22:6),Flytande matfettsblandning,0.0,g
5087,Flytande matfettsblandning fett 80% berikad typ Ica raps- och smörolja,DPA (C22:5),Flytande matfettsblandning,0.0,g
5087,Flytande matfettsblandning fett 80% berikad typ Ica raps- och smörolja,EPA (C20:5),Flytande matfettsblandning,0.0,g
5087,Flytande matfettsblandning fett 80% berikad typ Ica raps- och smörolja,Arakidonsyra C20:4,Flytande matfettsblandning,0.0,g
5087,Flytande matfettsblandning fett 80% berikad typ Ica raps- och smörolja,Arakidinsyra C20:0,Flytande matfettsblandning,0.5,g
5087,Flytande matfettsblandning fett 80% berikad typ Ica raps- och smörolja,Linolensyra C18:3,Flytande matfettsblandning,7.1,g
5087,Flytande matfettsblandning fett 80% berikad typ Ica raps- och smörolja,Linolsyra C18:2,Flytande matfettsblandning,13.8,g
5087,Flytande matfettsblandning fett 80% berikad typ Ica raps- och smörolja,Oljesyra C18:1,Flytande matfettsblandning,42.6,g
5087,Flytande matfettsblandning fett 80% berikad typ Ica raps- och smörolja,Stearinsyra C18:0,Flytande matfettsblandning,2.3,g
5087,Flytande matfettsblandning fett 80% berikad typ Ica raps- och smörolja,Palmitoljesyra C16:1,Flytande matfettsblandning,0.3,g
5087,Flytande matfettsblandning fett 80% berikad typ Ica raps- och smörolja,Palmitinsyra C16:0,Flytande matfettsblandning,5.5,g
5087,Flytande matfettsblandning fett 80% berikad typ Ica raps- och smörolja,Myristinsyra C14:0,Flytande matfettsblandning,0.8,g
5087,Flytande matfettsblandning fett 80% berikad typ Ica raps- och smörolja,Laurinsyra C12:0,Flytande matfettsblandning,0.3,g
5087,Flytande matfettsblandning fett 80% berikad typ Ica raps- och smörolja,Betakaroten/β-Karoten,Flytande matfettsblandning,346.0,µg
5087,Flytande matfettsblandning fett 80% berikad typ Ica raps- och smörolja,Avfall (skal etc.),Flytande matfettsblandning,0.0,%
5087,Flytande matfettsblandning fett 80% berikad typ Ica raps- och smörolja,Aska,Flytande matfettsblandning,1.5,g
5087,Flytande matfettsblandning fett 80% berikad typ Ica raps- och smörolja,Alkohol,Flytande matfettsblandning,0.0,g
5136,Potatis höst kokt u. salt,"Zink, Zn",Potatis,0.2,mg
5136,Potatis höst kokt u. salt,Vitamin E,Potatis,0.1,mg
5136,Potatis höst kokt u. salt,Vitamin D inkl 25-OH-D3,Potatis,0.0,µg
5136,Potatis höst kokt u. salt,Vitamin D,Potatis,0.0,µg
5136,Potatis höst kokt u. salt,Vitamin C,Potatis,17.2,mg
5136,Potatis höst kokt u. salt,Vitamin B6,Potatis,0.2,mg
5136,Potatis höst kokt u. salt,Vitamin B12,Potatis,0.0,µg
5136,Potatis höst kokt u. salt,Vitamin A,Potatis,0.4,RE/µg
5136,Potatis höst kokt u. salt,Vatten,Potatis,77.2,g
5136,Potatis höst kokt u. salt,Tiamin,Potatis,0.05,mg
5136,Potatis höst kokt u. salt,Tillsatt socker,Potatis,0.0,g
5136,Potatis höst kokt u. salt,Fritt socker,Potatis,0.0,g
5136,Potatis höst kokt u. salt,"Selen, Se",Potatis,0.0,µg
5136,Potatis höst kokt u. salt,Sackaros,Potatis,0.2,g
5136,Potatis höst kokt u. salt,Riboflavin,Potatis,0.02,mg
5136,Potatis höst kokt u. salt,Retinol,Potatis,0.0,µg
5136,Potatis höst kokt u. salt,Protein,Potatis,1.9,g
5136,Potatis höst kokt u. salt,Summa fleromättade fettsyror,Potatis,0.0,g
5136,Potatis höst kokt u. salt,"Fosfor, P",Potatis,43.0,mg
5136,Potatis höst kokt u. salt,Niacinekvivalenter,Potatis,2.16,NE/mg
5136,Potatis höst kokt u. salt,Niacin,Potatis,1.86,mg
5136,Potatis höst kokt u. salt,"Salt, NaCl",Potatis,0.0,g
5136,Potatis höst kokt u. salt,"Natrium, Na",Potatis,3.0,mg
5136,Potatis höst kokt u. salt,Monosackarider,Potatis,0.3,g
5136,Potatis höst kokt u. salt,"Sockerarter, totalt",Potatis,0.5,g
5136,Potatis höst kokt u. salt,Summa enkelomättade fettsyror,Potatis,0.0,g
5136,Potatis höst kokt u. salt,"Magnesium, Mg",Potatis,19.0,mg
5136,Potatis höst kokt u. salt,Summa mättade fettsyror,Potatis,0.0,g
5136,Potatis höst kokt u. salt,"Kolhydrater, tillgängliga",Potatis,17.8,g
5136,Potatis höst kokt u. salt,Kolesterol,Potatis,0.0,mg
5136,Potatis höst kokt u. salt,"Kalium, K",Potatis,323.0,mg
5136,Potatis höst kokt u. salt,"Jod, I",Potatis,0.0,µg
5136,Potatis höst kokt u. salt,Fullkorn totalt,Potatis,0.0,g
5136,Potatis höst kokt u. salt,"Folat, totalt",Potatis,18.6,µg
5136,Potatis höst kokt u. salt,Fibrer,Potatis,2.1,g
5136,Potatis höst kokt u. salt,"Fett, totalt",Potatis,0.1,g
5136,Potatis höst kokt u. salt,"Järn, Fe",Potatis,0.4,mg
5136,Potatis höst kokt u. salt,Energi (kJ),Potatis,355.0,kJ
5136,Potatis höst kokt u. salt,Energi (kcal),Potatis,85.0,kcal
5136,Potatis höst kokt u. salt,Disackarider,Potatis,0.2,g
5136,Potatis höst kokt u. salt,"Kalcium, Ca",Potatis,4.0,mg
5136,Potatis höst kokt u. salt,Fettsyra 4:0-10:0,Potatis,0.0,g
5136,Potatis höst kokt u. salt,DHA (C22:6),Potatis,0.0,g
5136,Potatis höst kokt u. salt,DPA (C22:5),Potatis,0.0,g
5136,Potatis höst kokt u. salt,EPA (C20:5),Potatis,0.0,g
5136,Potatis höst kokt u. salt,Arakidonsyra C20:4,Potatis,0.0,g
5136,Potatis höst kokt u. salt,Arakidinsyra C20:0,Potatis,0.0,g
5136,Potatis höst kokt u. salt,Linolensyra C18:3,Potatis,0.0,g
5136,Potatis höst kokt u. salt,Linolsyra C18:2,Potatis,0.0,g
5136,Potatis höst kokt u. salt,Oljesyra C18:1,Potatis,0.0,g
5136,Potatis höst kokt u. salt,Stearinsyra C18:0,Potatis,0.0,g
5136,Potatis höst kokt u. salt,Palmitoljesyra C16:1,Potatis,0.0,g
5136,Potatis höst kokt u. salt,Palmitinsyra C16:0,Potatis,0.0,g
5136,Potatis höst kokt u. salt,Myristinsyra C14:0,Potatis,0.0,g
5136,Potatis höst kokt u. salt,Laurinsyra C12:0,Potatis,0.0,g
5136,Potatis höst kokt u. salt,Betakaroten/β-Karoten,Potatis,5.0,µg
5136,Potatis höst kokt u. salt,Avfall (skal etc.),Potatis,0.0,%
5136,Potatis höst kokt u. salt,Aska,Potatis,0.9,g
5136,Potatis höst kokt u. salt,Alkohol,Potatis,0.0,g
5147,Julmust påskmust,"Zink, Zn",Saft läsk cider u alkohol ,0.0,mg
5147,Julmust påskmust,Vitamin E,Saft läsk cider u alkohol ,0.0,mg
5147,Julmust påskmust,Vitamin D inkl 25-OH-D3,Saft läsk cider u alkohol ,0.0,µg
5147,Julmust påskmust,Vitamin D,Saft läsk cider u alkohol ,0.0,µg
5147,Julmust påskmust,Vitamin C,Saft läsk cider u alkohol ,0.0,mg
5147,Julmust påskmust,Vitamin B6,Saft läsk cider u alkohol ,0.0,mg
5147,Julmust påskmust,Vitamin B12,Saft läsk cider u alkohol ,0.0,µg
5147,Julmust påskmust,Vitamin A,Saft läsk cider u alkohol ,0.0,RE/µg
5147,Julmust påskmust,Vatten,Saft läsk cider u alkohol ,91.7,g
5147,Julmust påskmust,Tiamin,Saft läsk cider u alkohol ,0.0,mg
5147,Julmust påskmust,Tillsatt socker,Saft läsk cider u alkohol ,8.0,g
5147,Julmust påskmust,Fritt socker,Saft läsk cider u alkohol ,8.0,g
5147,Julmust påskmust,"Selen, Se",Saft läsk cider u alkohol ,0.0,µg
5147,Julmust påskmust,Sackaros,Saft läsk cider u alkohol ,7.9,g
5147,Julmust påskmust,Riboflavin,Saft läsk cider u alkohol ,0.0,mg
5147,Julmust påskmust,Retinol,Saft läsk cider u alkohol ,0.0,µg
5147,Julmust påskmust,Protein,Saft läsk cider u alkohol ,0.0,g
5147,Julmust påskmust,Summa fleromättade fettsyror,Saft läsk cider u alkohol ,0.0,g
5147,Julmust påskmust,"Fosfor, P",Saft läsk cider u alkohol ,0.0,mg
5147,Julmust påskmust,Niacinekvivalenter,Saft läsk cider u alkohol ,0.0,NE/mg
5147,Julmust påskmust,Niacin,Saft läsk cider u alkohol ,0.0,mg
5147,Julmust påskmust,"Salt, NaCl",Saft läsk cider u alkohol ,0.0,g
5147,Julmust påskmust,"Natrium, Na",Saft läsk cider u alkohol ,2.0,mg
5147,Julmust påskmust,Monosackarider,Saft läsk cider u alkohol ,0.4,g
5147,Julmust påskmust,"Sockerarter, totalt",Saft läsk cider u alkohol ,8.3,g
5147,Julmust påskmust,Summa enkelomättade fettsyror,Saft läsk cider u alkohol ,0.0,g
5147,Julmust påskmust,"Magnesium, Mg",Saft läsk cider u alkohol ,0.0,mg
5147,Julmust påskmust,Summa mättade fettsyror,Saft läsk cider u alkohol ,0.0,g
5147,Julmust påskmust,"Kolhydrater, tillgängliga",Saft läsk cider u alkohol ,8.3,g
5147,Julmust påskmust,Kolesterol,Saft läsk cider u alkohol ,0.0,mg
5147,Julmust påskmust,"Kalium, K",Saft läsk cider u alkohol ,0.0,mg
5147,Julmust påskmust,"Jod, I",Saft läsk cider u alkohol ,0.0,µg
5147,Julmust påskmust,Fullkorn totalt,Saft läsk cider u alkohol ,0.0,g
5147,Julmust påskmust,"Folat, totalt",Saft läsk cider u alkohol ,0.0,µg
5147,Julmust påskmust,Fibrer,Saft läsk cider u alkohol ,0.0,g
5147,Julmust påskmust,"Fett, totalt",Saft läsk cider u alkohol ,0.0,g
5147,Julmust påskmust,"Järn, Fe",Saft läsk cider u alkohol ,0.0,mg
5147,Julmust påskmust,Energi (kJ),Saft läsk cider u alkohol ,141.0,kJ
5147,Julmust påskmust,Energi (kcal),Saft läsk cider u alkohol ,34.0,kcal
5147,Julmust påskmust,Disackarider,Saft läsk cider u alkohol ,7.9,g
5147,Julmust påskmust,"Kalcium, Ca",Saft läsk cider u alkohol ,1.0,mg
5147,Julmust påskmust,Fettsyra 4:0-10:0,Saft läsk cider u alkohol ,0.0,g
5147,Julmust påskmust,DHA (C22:6),Saft läsk cider u alkohol ,0.0,g
5147,Julmust påskmust,DPA (C22:5),Saft läsk cider u alkohol ,0.0,g
5147,Julmust påskmust,EPA (C20:5),Saft läsk cider u alkohol ,0.0,g
5147,Julmust påskmust,Arakidonsyra C20:4,Saft läsk cider u alkohol ,0.0,g
5147,Julmust påskmust,Arakidinsyra C20:0,Saft läsk cider u alkohol ,0.0,g
5147,Julmust påskmust,Linolensyra C18:3,Saft läsk cider u alkohol ,0.0,g
5147,Julmust påskmust,Linolsyra C18:2,Saft läsk cider u alkohol ,0.0,g
5147,Julmust påskmust,Oljesyra C18:1,Saft läsk cider u alkohol ,0.0,g
5147,Julmust påskmust,Stearinsyra C18:0,Saft läsk cider u alkohol ,0.0,g
5147,Julmust påskmust,Palmitoljesyra C16:1,Saft läsk cider u alkohol ,0.0,g
5147,Julmust påskmust,Palmitinsyra C16:0,Saft läsk cider u alkohol ,0.0,g
5147,Julmust påskmust,Myristinsyra C14:0,Saft läsk cider u alkohol ,0.0,g
5147,Julmust påskmust,Laurinsyra C12:0,Saft läsk cider u alkohol ,0.0,g
5147,Julmust påskmust,Betakaroten/β-Karoten,Saft läsk cider u alkohol ,0.0,µg
5147,Julmust påskmust,Avfall (skal etc.),Saft läsk cider u alkohol ,0.0,%
5147,Julmust påskmust,Aska,Saft läsk cider u alkohol ,0.0,g
5147,Julmust påskmust,Alkohol,Saft läsk cider u alkohol ,0.0,g
5149,Slush drickf.,"Zink, Zn",Saft läsk cider u alkohol ,0.0,mg
5149,Slush drickf.,Vitamin E,Saft läsk cider u alkohol ,0.0,mg
5149,Slush drickf.,Vitamin D inkl 25-OH-D3,Saft läsk cider u alkohol ,0.0,µg
5149,Slush drickf.,Vitamin D,Saft läsk cider u alkohol ,0.0,µg
5149,Slush drickf.,Vitamin C,Saft läsk cider u alkohol ,0.0,mg
5149,Slush drickf.,Vitamin B6,Saft läsk cider u alkohol ,0.0,mg
5149,Slush drickf.,Vitamin B12,Saft läsk cider u alkohol ,0.0,µg
5149,Slush drickf.,Vitamin A,Saft läsk cider u alkohol ,0.0,RE/µg
5149,Slush drickf.,Vatten,Saft läsk cider u alkohol ,89.8,g
5149,Slush drickf.,Tiamin,Saft läsk cider u alkohol ,0.0,mg
5149,Slush drickf.,Tillsatt socker,Saft läsk cider u alkohol ,10.0,g
5149,Slush drickf.,Fritt socker,Saft läsk cider u alkohol ,10.0,g
5149,Slush drickf.,"Selen, Se",Saft läsk cider u alkohol ,0.0,µg
5149,Slush drickf.,Sackaros,Saft läsk cider u alkohol ,3.6,g
5149,Slush drickf.,Riboflavin,Saft läsk cider u alkohol ,0.0,mg
5149,Slush drickf.,Retinol,Saft läsk cider u alkohol ,0.0,µg
5149,Slush drickf.,Protein,Saft läsk cider u alkohol ,0.0,g
5149,Slush drickf.,Summa fleromättade fettsyror,Saft läsk cider u alkohol ,0.0,g
5149,Slush drickf.,"Fosfor, P",Saft läsk cider u alkohol ,0.0,mg
5149,Slush drickf.,Niacinekvivalenter,Saft läsk cider u alkohol ,0.0,NE/mg
5149,Slush drickf.,Niacin,Saft läsk cider u alkohol ,0.0,mg
5149,Slush drickf.,"Salt, NaCl",Saft läsk cider u alkohol ,0.0,g
5149,Slush drickf.,"Natrium, Na",Saft läsk cider u alkohol ,4.0,mg
5149,Slush drickf.,Monosackarider,Saft läsk cider u alkohol ,6.6,g
5149,Slush drickf.,"Sockerarter, totalt",Saft läsk cider u alkohol ,10.2,g
5149,Slush drickf.,Summa enkelomättade fettsyror,Saft läsk cider u alkohol ,0.0,g
5149,Slush drickf.,"Magnesium, Mg",Saft läsk cider u alkohol ,0.0,mg
5149,Slush drickf.,Summa mättade fettsyror,Saft läsk cider u alkohol ,0.0,g
5149,Slush drickf.,"Kolhydrater, tillgängliga",Saft läsk cider u alkohol ,10.2,g
5149,Slush drickf.,Kolesterol,Saft läsk cider u alkohol ,0.0,mg
5149,Slush drickf.,"Kalium, K",Saft läsk cider u alkohol ,4.0,mg
5149,Slush drickf.,"Jod, I",Saft läsk cider u alkohol ,0.0,µg
5149,Slush drickf.,Fullkorn totalt,Saft läsk cider u alkohol ,0.0,g
5149,Slush drickf.,"Folat, totalt",Saft läsk cider u alkohol ,0.0,µg
5149,Slush drickf.,Fibrer,Saft läsk cider u alkohol ,0.0,g
5149,Slush drickf.,"Fett, totalt",Saft läsk cider u alkohol ,0.0,g
5149,Slush drickf.,"Järn, Fe",Saft läsk cider u alkohol ,0.0,mg
5149,Slush drickf.,Energi (kJ),Saft läsk cider u alkohol ,173.0,kJ
5149,Slush drickf.,Energi (kcal),Saft läsk cider u alkohol ,41.0,kcal
5149,Slush drickf.,Disackarider,Saft läsk cider u alkohol ,3.6,g
5149,Slush drickf.,"Kalcium, Ca",Saft läsk cider u alkohol ,1.0,mg
5149,Slush drickf.,Fettsyra 4:0-10:0,Saft läsk cider u alkohol ,0.0,g
5149,Slush drickf.,DHA (C22:6),Saft läsk cider u alkohol ,0.0,g
5149,Slush drickf.,DPA (C22:5),Saft läsk cider u alkohol ,0.0,g
5149,Slush drickf.,EPA (C20:5),Saft läsk cider u alkohol ,0.0,g
5149,Slush drickf.,Arakidonsyra C20:4,Saft läsk cider u alkohol ,0.0,g
5149,Slush drickf.,Arakidinsyra C20:0,Saft läsk cider u alkohol ,0.0,g
5149,Slush drickf.,Linolensyra C18:3,Saft läsk cider u alkohol ,0.0,g
5149,Slush drickf.,Linolsyra C18:2,Saft läsk cider u alkohol ,0.0,g
5149,Slush drickf.,Oljesyra C18:1,Saft läsk cider u alkohol ,0.0,g
5149,Slush drickf.,Stearinsyra C18:0,Saft läsk cider u alkohol ,0.0,g
5149,Slush drickf.,Palmitoljesyra C16:1,Saft läsk cider u alkohol ,0.0,g
5149,Slush drickf.,Palmitinsyra C16:0,Saft läsk cider u alkohol ,0.0,g
5149,Slush drickf.,Myristinsyra C14:0,Saft läsk cider u alkohol ,0.0,g
5149,Slush drickf.,Laurinsyra C12:0,Saft läsk cider u alkohol ,0.0,g
5149,Slush drickf.,Betakaroten/β-Karoten,Saft läsk cider u alkohol ,0.0,µg
5149,Slush drickf.,Avfall (skal etc.),Saft läsk cider u alkohol ,0.0,%
5149,Slush drickf.,Aska,Saft läsk cider u alkohol ,0.0,g
5149,Slush drickf.,Alkohol,Saft läsk cider u alkohol ,0.0,g
5150,Mandeldryck berikad,"Zink, Zn",Vegetabiliska produkter och mjölkersättning,0.0,mg
5150,Mandeldryck berikad,Vitamin E,Vegetabiliska produkter och mjölkersättning,2.9,mg
5150,Mandeldryck berikad,Vitamin D inkl 25-OH-D3,Vegetabiliska produkter och mjölkersättning,0.93,µg
5150,Mandeldryck berikad,Vitamin D,Vegetabiliska produkter och mjölkersättning,0.93,µg
5150,Mandeldryck berikad,Vitamin C,Vegetabiliska produkter och mjölkersättning,0.0,mg
5150,Mandeldryck berikad,Vitamin B6,Vegetabiliska produkter och mjölkersättning,0.0,mg
5150,Mandeldryck berikad,Vitamin B12,Vegetabiliska produkter och mjölkersättning,0.38,µg
5150,Mandeldryck berikad,Vitamin A,Vegetabiliska produkter och mjölkersättning,0.0,RE/µg
5150,Mandeldryck berikad,Vatten,Vegetabiliska produkter och mjölkersättning,94.5,g
5150,Mandeldryck berikad,Tiamin,Vegetabiliska produkter och mjölkersättning,0.0,mg
5150,Mandeldryck berikad,Tillsatt socker,Vegetabiliska produkter och mjölkersättning,3.0,g
5150,Mandeldryck berikad,Fritt socker,Vegetabiliska produkter och mjölkersättning,3.0,g
5150,Mandeldryck berikad,"Selen, Se",Vegetabiliska produkter och mjölkersättning,0.0,µg
5150,Mandeldryck berikad,Sackaros,Vegetabiliska produkter och mjölkersättning,3.1,g
5150,Mandeldryck berikad,Riboflavin,Vegetabiliska produkter och mjölkersättning,0.2,mg
5150,Mandeldryck berikad,Retinol,Vegetabiliska produkter och mjölkersättning,0.0,µg
5150,Mandeldryck berikad,Protein,Vegetabiliska produkter och mjölkersättning,0.0,g
5150,Mandeldryck berikad,Summa fleromättade fettsyror,Vegetabiliska produkter och mjölkersättning,0.0,g
5150,Mandeldryck berikad,"Fosfor, P",Vegetabiliska produkter och mjölkersättning,67.0,mg
5150,Mandeldryck berikad,Niacinekvivalenter,Vegetabiliska produkter och mjölkersättning,0.1,NE/mg
5150,Mandeldryck berikad,Niacin,Vegetabiliska produkter och mjölkersättning,0.09,mg
5150,Mandeldryck berikad,"Salt, NaCl",Vegetabiliska produkter och mjölkersättning,0.1,g
5150,Mandeldryck berikad,"Natrium, Na",Vegetabiliska produkter och mjölkersättning,49.0,mg
5150,Mandeldryck berikad,Monosackarider,Vegetabiliska produkter och mjölkersättning,0.0,g
5150,Mandeldryck berikad,"Sockerarter, totalt",Vegetabiliska produkter och mjölkersättning,3.1,g
5150,Mandeldryck berikad,Summa enkelomättade fettsyror,Vegetabiliska produkter och mjölkersättning,0.0,g
5150,Mandeldryck berikad,"Magnesium, Mg",Vegetabiliska produkter och mjölkersättning,6.0,mg
5150,Mandeldryck berikad,Summa mättade fettsyror,Vegetabiliska produkter och mjölkersättning,0.0,g
5150,Mandeldryck berikad,"Kolhydrater, tillgängliga",Vegetabiliska produkter och mjölkersättning,3.5,g
5150,Mandeldryck berikad,Kolesterol,Vegetabiliska produkter och mjölkersättning,0.0,mg
5150,Mandeldryck berikad,"Kalium, K",Vegetabiliska produkter och mjölkersättning,16.0,mg
5150,Mandeldryck berikad,"Jod, I",Vegetabiliska produkter och mjölkersättning,0.0,µg
5150,Mandeldryck berikad,Fullkorn totalt,Vegetabiliska produkter och mjölkersättning,0.0,g
5150,Mandeldryck berikad,"Folat, totalt",Vegetabiliska produkter och mjölkersättning,0.4,µg
5150,Mandeldryck berikad,Fibrer,Vegetabiliska produkter och mjölkersättning,0.2,g
5150,Mandeldryck berikad,"Fett, totalt",Vegetabiliska produkter och mjölkersättning,1.3,g
5150,Mandeldryck berikad,"Järn, Fe",Vegetabiliska produkter och mjölkersättning,0.1,mg
5150,Mandeldryck berikad,Energi (kJ),Vegetabiliska produkter och mjölkersättning,109.0,kJ
5150,Mandeldryck berikad,Energi (kcal),Vegetabiliska produkter och mjölkersättning,26.0,kcal
5150,Mandeldryck berikad,Disackarider,Vegetabiliska produkter och mjölkersättning,3.1,g
5150,Mandeldryck berikad,"Kalcium, Ca",Vegetabiliska produkter och mjölkersättning,133.0,mg
5150,Mandeldryck berikad,Fettsyra 4:0-10:0,Vegetabiliska produkter och mjölkersättning,0.0,g
5150,Mandeldryck berikad,DHA (C22:6),Vegetabiliska produkter och mjölkersättning,0.0,g
5150,Mandeldryck berikad,DPA (C22:5),Vegetabiliska produkter och mjölkersättning,0.0,g
5150,Mandeldryck berikad,EPA (C20:5),Vegetabiliska produkter och mjölkersättning,0.0,g
5150,Mandeldryck berikad,Arakidonsyra C20:4,Vegetabiliska produkter och mjölkersättning,0.0,g
5150,Mandeldryck berikad,Arakidinsyra C20:0,Vegetabiliska produkter och mjölkersättning,0.0,g
5150,Mandeldryck berikad,Linolensyra C18:3,Vegetabiliska produkter och mjölkersättning,0.0,g
5150,Mandeldryck berikad,Linolsyra C18:2,Vegetabiliska produkter och mjölkersättning,0.0,g
5150,Mandeldryck berikad,Oljesyra C18:1,Vegetabiliska produkter och mjölkersättning,0.0,g
5150,Mandeldryck berikad,Stearinsyra C18:0,Vegetabiliska produkter och mjölkersättning,0.0,g
5150,Mandeldryck berikad,Palmitoljesyra C16:1,Vegetabiliska produkter och mjölkersättning,0.0,g
5150,Mandeldryck berikad,Palmitinsyra C16:0,Vegetabiliska produkter och mjölkersättning,0.0,g
5150,Mandeldryck berikad,Myristinsyra C14:0,Vegetabiliska produkter och mjölkersättning,0.0,g
5150,Mandeldryck berikad,Laurinsyra C12:0,Vegetabiliska produkter och mjölkersättning,0.0,g
5150,Mandeldryck berikad,Betakaroten/β-Karoten,Vegetabiliska produkter och mjölkersättning,0.0,µg
5150,Mandeldryck berikad,Avfall (skal etc.),Vegetabiliska produkter och mjölkersättning,0.0,%
5150,Mandeldryck berikad,Aska,Vegetabiliska produkter och mjölkersättning,0.5,g
5150,Mandeldryck berikad,Alkohol,Vegetabiliska produkter och mjölkersättning,0.0,g
5152,Alkoläsk kolsyrad dryck vol. % 4-5,"Zink, Zn",Cider alkoläsk drink,0.0,mg
5152,Alkoläsk kolsyrad dryck vol. % 4-5,Vitamin E,Cider alkoläsk drink,0.0,mg
5152,Alkoläsk kolsyrad dryck vol. % 4-5,Vitamin D inkl 25-OH-D3,Cider alkoläsk drink,0.0,µg
5152,Alkoläsk kolsyrad dryck vol. % 4-5,Vitamin D,Cider alkoläsk drink,0.0,µg
5152,Alkoläsk kolsyrad dryck vol. % 4-5,Vitamin C,Cider alkoläsk drink,0.5,mg
5152,Alkoläsk kolsyrad dryck vol. % 4-5,Vitamin B6,Cider alkoläsk drink,0.0,mg
5152,Alkoläsk kolsyrad dryck vol. % 4-5,Vitamin B12,Cider alkoläsk drink,0.0,µg
5152,Alkoläsk kolsyrad dryck vol. % 4-5,Vitamin A,Cider alkoläsk drink,0.0,RE/µg
5152,Alkoläsk kolsyrad dryck vol. % 4-5,Vatten,Cider alkoläsk drink,90.0,g
5152,Alkoläsk kolsyrad dryck vol. % 4-5,Tiamin,Cider alkoläsk drink,0.0,mg
5152,Alkoläsk kolsyrad dryck vol. % 4-5,Tillsatt socker,Cider alkoläsk drink,6.0,g
5152,Alkoläsk kolsyrad dryck vol. % 4-5,Fritt socker,Cider alkoläsk drink,6.0,g
5152,Alkoläsk kolsyrad dryck vol. % 4-5,"Selen, Se",Cider alkoläsk drink,0.0,µg
5152,Alkoläsk kolsyrad dryck vol. % 4-5,Sackaros,Cider alkoläsk drink,2.8,g
5152,Alkoläsk kolsyrad dryck vol. % 4-5,Riboflavin,Cider alkoläsk drink,0.0,mg
5152,Alkoläsk kolsyrad dryck vol. % 4-5,Retinol,Cider alkoläsk drink,0.0,µg
5152,Alkoläsk kolsyrad dryck vol. % 4-5,Protein,Cider alkoläsk drink,0.0,g
5152,Alkoläsk kolsyrad dryck vol. % 4-5,Summa fleromättade fettsyror,Cider alkoläsk drink,0.0,g
5152,Alkoläsk kolsyrad dryck vol. % 4-5,"Fosfor, P",Cider alkoläsk drink,0.0,mg
5152,Alkoläsk kolsyrad dryck vol. % 4-5,Niacinekvivalenter,Cider alkoläsk drink,0.0,NE/mg
5152,Alkoläsk kolsyrad dryck vol. % 4-5,Niacin,Cider alkoläsk drink,0.0,mg
5152,Alkoläsk kolsyrad dryck vol. % 4-5,"Salt, NaCl",Cider alkoläsk drink,0.0,g
5152,Alkoläsk kolsyrad dryck vol. % 4-5,"Natrium, Na",Cider alkoläsk drink,2.0,mg
5152,Alkoläsk kolsyrad dryck vol. % 4-5,Monosackarider,Cider alkoläsk drink,3.0,g
5152,Alkoläsk kolsyrad dryck vol. % 4-5,"Sockerarter, totalt",Cider alkoläsk drink,5.8,g
5152,Alkoläsk kolsyrad dryck vol. % 4-5,Summa enkelomättade fettsyror,Cider alkoläsk drink,0.0,g
5152,Alkoläsk kolsyrad dryck vol. % 4-5,"Magnesium, Mg",Cider alkoläsk drink,0.0,mg
5152,Alkoläsk kolsyrad dryck vol. % 4-5,Summa mättade fettsyror,Cider alkoläsk drink,0.0,g
5152,Alkoläsk kolsyrad dryck vol. % 4-5,"Kolhydrater, tillgängliga",Cider alkoläsk drink,5.9,g
5152,Alkoläsk kolsyrad dryck vol. % 4-5,Kolesterol,Cider alkoläsk drink,0.0,mg
5152,Alkoläsk kolsyrad dryck vol. % 4-5,"Kalium, K",Cider alkoläsk drink,0.0,mg
5152,Alkoläsk kolsyrad dryck vol. % 4-5,"Jod, I",Cider alkoläsk drink,0.0,µg
5152,Alkoläsk kolsyrad dryck vol. % 4-5,Fullkorn totalt,Cider alkoläsk drink,0.0,g
5152,Alkoläsk kolsyrad dryck vol. % 4-5,"Folat, totalt",Cider alkoläsk drink,0.0,µg
5152,Alkoläsk kolsyrad dryck vol. % 4-5,Fibrer,Cider alkoläsk drink,0.0,g
5152,Alkoläsk kolsyrad dryck vol. % 4-5,"Fett, totalt",Cider alkoläsk drink,0.0,g
5152,Alkoläsk kolsyrad dryck vol. % 4-5,"Järn, Fe",Cider alkoläsk drink,0.0,mg
5152,Alkoläsk kolsyrad dryck vol. % 4-5,Energi (kJ),Cider alkoläsk drink,218.0,kJ
5152,Alkoläsk kolsyrad dryck vol. % 4-5,Energi (kcal),Cider alkoläsk drink,52.0,kcal
5152,Alkoläsk kolsyrad dryck vol. % 4-5,Disackarider,Cider alkoläsk drink,2.8,g
5152,Alkoläsk kolsyrad dryck vol. % 4-5,"Kalcium, Ca",Cider alkoläsk drink,1.0,mg
5152,Alkoläsk kolsyrad dryck vol. % 4-5,Fettsyra 4:0-10:0,Cider alkoläsk drink,0.0,g
5152,Alkoläsk kolsyrad dryck vol. % 4-5,DHA (C22:6),Cider alkoläsk drink,0.0,g
5152,Alkoläsk kolsyrad dryck vol. % 4-5,DPA (C22:5),Cider alkoläsk drink,0.0,g
5152,Alkoläsk kolsyrad dryck vol. % 4-5,EPA (C20:5),Cider alkoläsk drink,0.0,g
5152,Alkoläsk kolsyrad dryck vol. % 4-5,Arakidonsyra C20:4,Cider alkoläsk drink,0.0,g
5152,Alkoläsk kolsyrad dryck vol. % 4-5,Arakidinsyra C20:0,Cider alkoläsk drink,0.0,g
5152,Alkoläsk kolsyrad dryck vol. % 4-5,Linolensyra C18:3,Cider alkoläsk drink,0.0,g
5152,Alkoläsk kolsyrad dryck vol. % 4-5,Linolsyra C18:2,Cider alkoläsk drink,0.0,g
5152,Alkoläsk kolsyrad dryck vol. % 4-5,Oljesyra C18:1,Cider alkoläsk drink,0.0,g
5152,Alkoläsk kolsyrad dryck vol. % 4-5,Stearinsyra C18:0,Cider alkoläsk drink,0.0,g
5152,Alkoläsk kolsyrad dryck vol. % 4-5,Palmitoljesyra C16:1,Cider alkoläsk drink,0.0,g
5152,Alkoläsk kolsyrad dryck vol. % 4-5,Palmitinsyra C16:0,Cider alkoläsk drink,0.0,g
5152,Alkoläsk kolsyrad dryck vol. % 4-5,Myristinsyra C14:0,Cider alkoläsk drink,0.0,g
5152,Alkoläsk kolsyrad dryck vol. % 4-5,Laurinsyra C12:0,Cider alkoläsk drink,0.0,g
5152,Alkoläsk kolsyrad dryck vol. % 4-5,Betakaroten/β-Karoten,Cider alkoläsk drink,0.0,µg
5152,Alkoläsk kolsyrad dryck vol. % 4-5,Avfall (skal etc.),Cider alkoläsk drink,0.0,%
5152,Alkoläsk kolsyrad dryck vol. % 4-5,Aska,Cider alkoläsk drink,0.0,g
5152,Alkoläsk kolsyrad dryck vol. % 4-5,Alkohol,Cider alkoläsk drink,4.05,g
5153,Potatis kokt u. salt,"Zink, Zn",Potatis,0.2,mg
5153,Potatis kokt u. salt,Vitamin E,Potatis,0.1,mg
5153,Potatis kokt u. salt,Vitamin D inkl 25-OH-D3,Potatis,0.0,µg
5153,Potatis kokt u. salt,Vitamin D,Potatis,0.0,µg
5153,Potatis kokt u. salt,Vitamin C,Potatis,17.4,mg
5153,Potatis kokt u. salt,Vitamin B6,Potatis,0.19,mg
5153,Potatis kokt u. salt,Vitamin B12,Potatis,0.0,µg
5153,Potatis kokt u. salt,Vitamin A,Potatis,0.6,RE/µg
5153,Potatis kokt u. salt,Vatten,Potatis,77.6,g
5153,Potatis kokt u. salt,Tiamin,Potatis,0.05,mg
5153,Potatis kokt u. salt,Tillsatt socker,Potatis,0.0,g
5153,Potatis kokt u. salt,Fritt socker,Potatis,0.0,g
5153,Potatis kokt u. salt,"Selen, Se",Potatis,0.0,µg
5153,Potatis kokt u. salt,Sackaros,Potatis,0.3,g
5153,Potatis kokt u. salt,Riboflavin,Potatis,0.03,mg
5153,Potatis kokt u. salt,Retinol,Potatis,0.0,µg
5153,Potatis kokt u. salt,Protein,Potatis,1.8,g
5153,Potatis kokt u. salt,Summa fleromättade fettsyror,Potatis,0.0,g
5153,Potatis kokt u. salt,"Fosfor, P",Potatis,42.0,mg
5153,Potatis kokt u. salt,Niacinekvivalenter,Potatis,2.1,NE/mg
5153,Potatis kokt u. salt,Niacin,Potatis,1.77,mg
5153,Potatis kokt u. salt,"Salt, NaCl",Potatis,0.0,g
5153,Potatis kokt u. salt,"Natrium, Na",Potatis,3.0,mg
5153,Potatis kokt u. salt,Monosackarider,Potatis,0.5,g
5153,Potatis kokt u. salt,"Sockerarter, totalt",Potatis,0.8,g
5153,Potatis kokt u. salt,Summa enkelomättade fettsyror,Potatis,0.0,g
5153,Potatis kokt u. salt,"Magnesium, Mg",Potatis,19.0,mg
5153,Potatis kokt u. salt,Summa mättade fettsyror,Potatis,0.0,g
5153,Potatis kokt u. salt,"Kolhydrater, tillgängliga",Potatis,17.5,g
5153,Potatis kokt u. salt,Kolesterol,Potatis,0.0,mg
5153,Potatis kokt u. salt,"Kalium, K",Potatis,322.0,mg
5153,Potatis kokt u. salt,"Jod, I",Potatis,0.0,µg
5153,Potatis kokt u. salt,Fullkorn totalt,Potatis,0.0,g
5153,Potatis kokt u. salt,"Folat, totalt",Potatis,20.1,µg
5153,Potatis kokt u. salt,Fibrer,Potatis,2.1,g
5153,Potatis kokt u. salt,"Fett, totalt",Potatis,0.1,g
5153,Potatis kokt u. salt,"Järn, Fe",Potatis,0.4,mg
5153,Potatis kokt u. salt,Energi (kJ),Potatis,349.0,kJ
5153,Potatis kokt u. salt,Energi (kcal),Potatis,83.0,kcal
5153,Potatis kokt u. salt,Disackarider,Potatis,0.3,g
5153,Potatis kokt u. salt,"Kalcium, Ca",Potatis,4.0,mg
5153,Potatis kokt u. salt,Fettsyra 4:0-10:0,Potatis,0.0,g
5153,Potatis kokt u. salt,DHA (C22:6),Potatis,0.0,g
5153,Potatis kokt u. salt,DPA (C22:5),Potatis,0.0,g
5153,Potatis kokt u. salt,EPA (C20:5),Potatis,0.0,g
5153,Potatis kokt u. salt,Arakidonsyra C20:4,Potatis,0.0,g
5153,Potatis kokt u. salt,Arakidinsyra C20:0,Potatis,0.0,g
5153,Potatis kokt u. salt,Linolensyra C18:3,Potatis,0.0,g
5153,Potatis kokt u. salt,Linolsyra C18:2,Potatis,0.0,g
5153,Potatis kokt u. salt,Oljesyra C18:1,Potatis,0.0,g
5153,Potatis kokt u. salt,Stearinsyra C18:0,Potatis,0.0,g
5153,Potatis kokt u. salt,Palmitoljesyra C16:1,Potatis,0.0,g
5153,Potatis kokt u. salt,Palmitinsyra C16:0,Potatis,0.0,g
5153,Potatis kokt u. salt,Myristinsyra C14:0,Potatis,0.0,g
5153,Potatis kokt u. salt,Laurinsyra C12:0,Potatis,0.0,g
5153,Potatis kokt u. salt,Betakaroten/β-Karoten,Potatis,8.0,µg
5153,Potatis kokt u. salt,Avfall (skal etc.),Potatis,0.0,%
5153,Potatis kokt u. salt,Aska,Potatis,0.9,g
5153,Potatis kokt u. salt,Alkohol,Potatis,0.0,g
5155,Lasagne m. svarta bönor veg. ,"Zink, Zn",Pastarätter,0.5,mg
5155,Lasagne m. svarta bönor veg. ,Vitamin E,Pastarätter,1.1,mg
5155,Lasagne m. svarta bönor veg. ,Vitamin D,Pastarätter,0.01,µg
5155,Lasagne m. svarta bönor veg. ,Vitamin C,Pastarätter,4.0,mg
5155,Lasagne m. svarta bönor veg. ,Vitamin B6,Pastarätter,0.07,mg
5155,Lasagne m. svarta bönor veg. ,Vitamin B12,Pastarätter,0.12,µg
5155,Lasagne m. svarta bönor veg. ,Vitamin A,Pastarätter,159.9,RE/µg
5155,Lasagne m. svarta bönor veg. ,Vatten,Pastarätter,75.8,g
5155,Lasagne m. svarta bönor veg. ,Tiamin,Pastarätter,0.04,mg
5155,Lasagne m. svarta bönor veg. ,Tillsatt socker,Pastarätter,0.0,g
5155,Lasagne m. svarta bönor veg. ,Fritt socker,Pastarätter,0.0,g
5155,Lasagne m. svarta bönor veg. ,"Selen, Se",Pastarätter,1.4,µg
5155,Lasagne m. svarta bönor veg. ,Sackaros,Pastarätter,0.4,g
5155,Lasagne m. svarta bönor veg. ,Riboflavin,Pastarätter,0.05,mg
5155,Lasagne m. svarta bönor veg. ,Retinol,Pastarätter,81.0,µg
5155,Lasagne m. svarta bönor veg. ,Protein,Pastarätter,4.3,g
5155,Lasagne m. svarta bönor veg. ,Summa fleromättade fettsyror,Pastarätter,0.4,g
5155,Lasagne m. svarta bönor veg. ,"Fosfor, P",Pastarätter,81.0,mg
5155,Lasagne m. svarta bönor veg. ,Niacinekvivalenter,Pastarätter,1.55,NE/mg
5155,Lasagne m. svarta bönor veg. ,Niacin,Pastarätter,0.63,mg
5155,Lasagne m. svarta bönor veg. ,"Salt, NaCl",Pastarätter,0.7,g
5155,Lasagne m. svarta bönor veg. ,"Natrium, Na",Pastarätter,288.0,mg
5155,Lasagne m. svarta bönor veg. ,Monosackarider,Pastarätter,2.0,g
5155,Lasagne m. svarta bönor veg. ,"Sockerarter, totalt",Pastarätter,2.9,g
5155,Lasagne m. svarta bönor veg. ,Summa enkelomättade fettsyror,Pastarätter,2.3,g
5155,Lasagne m. svarta bönor veg. ,"Magnesium, Mg",Pastarätter,16.0,mg
5155,Lasagne m. svarta bönor veg. ,Summa mättade fettsyror,Pastarätter,6.1,g
5155,Lasagne m. svarta bönor veg. ,"Kolhydrater, tillgängliga",Pastarätter,7.1,g
5155,Lasagne m. svarta bönor veg. ,Kolesterol,Pastarätter,19.2,mg
5155,Lasagne m. svarta bönor veg. ,"Kalium, K",Pastarätter,164.0,mg
5155,Lasagne m. svarta bönor veg. ,"Jod, I",Pastarätter,18.5,µg
5155,Lasagne m. svarta bönor veg. ,Fullkorn totalt,Pastarätter,0.0,g
5155,Lasagne m. svarta bönor veg. ,"Folat, totalt",Pastarätter,14.7,µg
5155,Lasagne m. svarta bönor veg. ,Fibrer,Pastarätter,1.7,g
5155,Lasagne m. svarta bönor veg. ,"Fett, totalt",Pastarätter,9.6,g
5155,Lasagne m. svarta bönor veg. ,"Järn, Fe",Pastarätter,0.6,mg
5155,Lasagne m. svarta bönor veg. ,Energi (kJ),Pastarätter,562.0,kJ
5155,Lasagne m. svarta bönor veg. ,Energi (kcal),Pastarätter,134.0,kcal
5155,Lasagne m. svarta bönor veg. ,Disackarider,Pastarätter,0.9,g
5155,Lasagne m. svarta bönor veg. ,"Kalcium, Ca",Pastarätter,98.0,mg
5155,Lasagne m. svarta bönor veg. ,Fettsyra 4:0-10:0,Pastarätter,0.5,g
5155,Lasagne m. svarta bönor veg. ,DHA (C22:6),Pastarätter,0.0,g
5155,Lasagne m. svarta bönor veg. ,DPA (C22:5),Pastarätter,0.0,g
5155,Lasagne m. svarta bönor veg. ,EPA (C20:5),Pastarätter,0.0,g
5155,Lasagne m. svarta bönor veg. ,Arakidonsyra C20:4,Pastarätter,0.0,g
5155,Lasagne m. svarta bönor veg. ,Arakidinsyra C20:0,Pastarätter,0.0,g
5155,Lasagne m. svarta bönor veg. ,Linolensyra C18:3,Pastarätter,0.1,g
5155,Lasagne m. svarta bönor veg. ,Linolsyra C18:2,Pastarätter,0.4,g
5155,Lasagne m. svarta bönor veg. ,Oljesyra C18:1,Pastarätter,2.1,g
5155,Lasagne m. svarta bönor veg. ,Stearinsyra C18:0,Pastarätter,1.0,g
5155,Lasagne m. svarta bönor veg. ,Palmitoljesyra C16:1,Pastarätter,0.1,g
5155,Lasagne m. svarta bönor veg. ,Palmitinsyra C16:0,Pastarätter,3.0,g
5155,Lasagne m. svarta bönor veg. ,Myristinsyra C14:0,Pastarätter,1.0,g
5155,Lasagne m. svarta bönor veg. ,Laurinsyra C12:0,Pastarätter,0.3,g
5155,Lasagne m. svarta bönor veg. ,Betakaroten/β-Karoten,Pastarätter,827.0,µg
5155,Lasagne m. svarta bönor veg. ,Avfall (skal etc.),Pastarätter,1.0,%
5155,Lasagne m. svarta bönor veg. ,Aska,Pastarätter,1.5,g
5155,Lasagne m. svarta bönor veg. ,Alkohol,Pastarätter,0.0,g
5184,Tranbärsdryck drickf. berikad,"Zink, Zn",Saft läsk cider u alkohol ,0.0,mg
5184,Tranbärsdryck drickf. berikad,Vitamin E,Saft läsk cider u alkohol ,0.0,mg
5184,Tranbärsdryck drickf. berikad,Vitamin D inkl 25-OH-D3,Saft läsk cider u alkohol ,0.0,µg
5184,Tranbärsdryck drickf. berikad,Vitamin D,Saft läsk cider u alkohol ,0.0,µg
5184,Tranbärsdryck drickf. berikad,Vitamin C,Saft läsk cider u alkohol ,11.3,mg
5184,Tranbärsdryck drickf. berikad,Vitamin B6,Saft läsk cider u alkohol ,0.01,mg
5184,Tranbärsdryck drickf. berikad,Vitamin B12,Saft läsk cider u alkohol ,0.0,µg
5184,Tranbärsdryck drickf. berikad,Vitamin A,Saft läsk cider u alkohol ,0.0,RE/µg
5184,Tranbärsdryck drickf. berikad,Vatten,Saft läsk cider u alkohol ,90.4,g
5184,Tranbärsdryck drickf. berikad,Tiamin,Saft läsk cider u alkohol ,0.0,mg
5184,Tranbärsdryck drickf. berikad,Tillsatt socker,Saft läsk cider u alkohol ,6.0,g
5184,Tranbärsdryck drickf. berikad,Fritt socker,Saft läsk cider u alkohol ,8.0,g
5184,Tranbärsdryck drickf. berikad,"Selen, Se",Saft läsk cider u alkohol ,0.0,µg
5184,Tranbärsdryck drickf. berikad,Sackaros,Saft läsk cider u alkohol ,3.2,g
5184,Tranbärsdryck drickf. berikad,Riboflavin,Saft läsk cider u alkohol ,0.0,mg
5184,Tranbärsdryck drickf. berikad,Retinol,Saft läsk cider u alkohol ,0.0,µg
5184,Tranbärsdryck drickf. berikad,Protein,Saft läsk cider u alkohol ,0.2,g
5184,Tranbärsdryck drickf. berikad,Summa fleromättade fettsyror,Saft läsk cider u alkohol ,0.0,g
5184,Tranbärsdryck drickf. berikad,"Fosfor, P",Saft läsk cider u alkohol ,1.0,mg
5184,Tranbärsdryck drickf. berikad,Niacinekvivalenter,Saft läsk cider u alkohol ,0.0,NE/mg
5184,Tranbärsdryck drickf. berikad,Niacin,Saft läsk cider u alkohol ,0.0,mg
5184,Tranbärsdryck drickf. berikad,"Salt, NaCl",Saft läsk cider u alkohol ,0.0,g
5184,Tranbärsdryck drickf. berikad,"Natrium, Na",Saft läsk cider u alkohol ,2.0,mg
5184,Tranbärsdryck drickf. berikad,Monosackarider,Saft läsk cider u alkohol ,5.1,g
5184,Tranbärsdryck drickf. berikad,"Sockerarter, totalt",Saft läsk cider u alkohol ,8.3,g
5184,Tranbärsdryck drickf. berikad,Summa enkelomättade fettsyror,Saft läsk cider u alkohol ,0.0,g
5184,Tranbärsdryck drickf. berikad,"Magnesium, Mg",Saft läsk cider u alkohol ,2.0,mg
5184,Tranbärsdryck drickf. berikad,Summa mättade fettsyror,Saft läsk cider u alkohol ,0.0,g
5184,Tranbärsdryck drickf. berikad,"Kolhydrater, tillgängliga",Saft läsk cider u alkohol ,9.4,g
5184,Tranbärsdryck drickf. berikad,Kolesterol,Saft läsk cider u alkohol ,0.0,mg
5184,Tranbärsdryck drickf. berikad,"Kalium, K",Saft läsk cider u alkohol ,11.0,mg
5184,Tranbärsdryck drickf. berikad,"Jod, I",Saft läsk cider u alkohol ,5.6,µg
5184,Tranbärsdryck drickf. berikad,Fullkorn totalt,Saft läsk cider u alkohol ,0.0,g
5184,Tranbärsdryck drickf. berikad,"Folat, totalt",Saft läsk cider u alkohol ,0.0,µg
5184,Tranbärsdryck drickf. berikad,Fibrer,Saft läsk cider u alkohol ,0.0,g
5184,Tranbärsdryck drickf. berikad,"Fett, totalt",Saft läsk cider u alkohol ,0.0,g
5184,Tranbärsdryck drickf. berikad,"Järn, Fe",Saft läsk cider u alkohol ,0.1,mg
5184,Tranbärsdryck drickf. berikad,Energi (kJ),Saft läsk cider u alkohol ,164.0,kJ
5184,Tranbärsdryck drickf. berikad,Energi (kcal),Saft läsk cider u alkohol ,39.0,kcal
5184,Tranbärsdryck drickf. berikad,Disackarider,Saft läsk cider u alkohol ,3.2,g
5184,Tranbärsdryck drickf. berikad,"Kalcium, Ca",Saft läsk cider u alkohol ,7.0,mg
5184,Tranbärsdryck drickf. berikad,Fettsyra 4:0-10:0,Saft läsk cider u alkohol ,0.0,g
5184,Tranbärsdryck drickf. berikad,DHA (C22:6),Saft läsk cider u alkohol ,0.0,g
5184,Tranbärsdryck drickf. berikad,DPA (C22:5),Saft läsk cider u alkohol ,0.0,g
5184,Tranbärsdryck drickf. berikad,EPA (C20:5),Saft läsk cider u alkohol ,0.0,g
5184,Tranbärsdryck drickf. berikad,Arakidonsyra C20:4,Saft läsk cider u alkohol ,0.0,g
5184,Tranbärsdryck drickf. berikad,Arakidinsyra C20:0,Saft läsk cider u alkohol ,0.0,g
5184,Tranbärsdryck drickf. berikad,Linolensyra C18:3,Saft läsk cider u alkohol ,0.0,g
5184,Tranbärsdryck drickf. berikad,Linolsyra C18:2,Saft läsk cider u alkohol ,0.0,g
5184,Tranbärsdryck drickf. berikad,Oljesyra C18:1,Saft läsk cider u alkohol ,0.0,g
5184,Tranbärsdryck drickf. berikad,Stearinsyra C18:0,Saft läsk cider u alkohol ,0.0,g
5184,Tranbärsdryck drickf. berikad,Palmitoljesyra C16:1,Saft läsk cider u alkohol ,0.0,g
5184,Tranbärsdryck drickf. berikad,Palmitinsyra C16:0,Saft läsk cider u alkohol ,0.0,g
5184,Tranbärsdryck drickf. berikad,Myristinsyra C14:0,Saft läsk cider u alkohol ,0.0,g
5184,Tranbärsdryck drickf. berikad,Laurinsyra C12:0,Saft läsk cider u alkohol ,0.0,g
5184,Tranbärsdryck drickf. berikad,Betakaroten/β-Karoten,Saft läsk cider u alkohol ,0.0,µg
5184,Tranbärsdryck drickf. berikad,Avfall (skal etc.),Saft läsk cider u alkohol ,0.0,%
5184,Tranbärsdryck drickf. berikad,Aska,Saft läsk cider u alkohol ,0.0,g
5184,Tranbärsdryck drickf. berikad,Alkohol,Saft läsk cider u alkohol ,0.0,g
5188,Barngröt ätf. flerkorn m. frukt berikad,"Zink, Zn",Gröt,1.0,mg
5188,Barngröt ätf. flerkorn m. frukt berikad,Vitamin E,Gröt,1.5,mg
5188,Barngröt ätf. flerkorn m. frukt berikad,Vitamin D,Gröt,2.08,µg
5188,Barngröt ätf. flerkorn m. frukt berikad,Vitamin C,Gröt,21.2,mg
5188,Barngröt ätf. flerkorn m. frukt berikad,Vitamin B6,Gröt,0.11,mg
5188,Barngröt ätf. flerkorn m. frukt berikad,Vitamin B12,Gröt,0.35,µg
5188,Barngröt ätf. flerkorn m. frukt berikad,Vitamin A,Gröt,87.7,RE/µg
5188,Barngröt ätf. flerkorn m. frukt berikad,Vatten,Gröt,77.6,g
5188,Barngröt ätf. flerkorn m. frukt berikad,Tiamin,Gröt,0.12,mg
5188,Barngröt ätf. flerkorn m. frukt berikad,Tillsatt socker,Gröt,0.0,g
5188,Barngröt ätf. flerkorn m. frukt berikad,Fritt socker,Gröt,0.0,g
5188,Barngröt ätf. flerkorn m. frukt berikad,"Selen, Se",Gröt,1.0,µg
5188,Barngröt ätf. flerkorn m. frukt berikad,Sackaros,Gröt,0.2,g
5188,Barngröt ätf. flerkorn m. frukt berikad,Riboflavin,Gröt,0.21,mg
5188,Barngröt ätf. flerkorn m. frukt berikad,Retinol,Gröt,87.7,µg
5188,Barngröt ätf. flerkorn m. frukt berikad,Protein,Gröt,3.8,g
5188,Barngröt ätf. flerkorn m. frukt berikad,Summa fleromättade fettsyror,Gröt,1.0,g
5188,Barngröt ätf. flerkorn m. frukt berikad,"Fosfor, P",Gröt,105.0,mg
5188,Barngröt ätf. flerkorn m. frukt berikad,Niacinekvivalenter,Gröt,1.68,NE/mg
5188,Barngröt ätf. flerkorn m. frukt berikad,Niacin,Gröt,0.81,mg
5188,Barngröt ätf. flerkorn m. frukt berikad,"Salt, NaCl",Gröt,0.1,g
5188,Barngröt ätf. flerkorn m. frukt berikad,"Natrium, Na",Gröt,38.0,mg
5188,Barngröt ätf. flerkorn m. frukt berikad,Monosackarider,Gröt,1.2,g
5188,Barngröt ätf. flerkorn m. frukt berikad,"Sockerarter, totalt",Gröt,6.3,g
5188,Barngröt ätf. flerkorn m. frukt berikad,Summa enkelomättade fettsyror,Gröt,1.7,g
5188,Barngröt ätf. flerkorn m. frukt berikad,"Magnesium, Mg",Gröt,20.0,mg
5188,Barngröt ätf. flerkorn m. frukt berikad,Summa mättade fettsyror,Gröt,1.3,g
5188,Barngröt ätf. flerkorn m. frukt berikad,"Kolhydrater, tillgängliga",Gröt,12.2,g
5188,Barngröt ätf. flerkorn m. frukt berikad,Kolesterol,Gröt,1.4,mg
5188,Barngröt ätf. flerkorn m. frukt berikad,"Kalium, K",Gröt,199.0,mg
5188,Barngröt ätf. flerkorn m. frukt berikad,"Jod, I",Gröt,26.3,µg
5188,Barngröt ätf. flerkorn m. frukt berikad,Fullkorn totalt,Gröt,6.0,g
5188,Barngröt ätf. flerkorn m. frukt berikad,"Folat, totalt",Gröt,15.0,µg
5188,Barngröt ätf. flerkorn m. frukt berikad,Fibrer,Gröt,1.8,g
5188,Barngröt ätf. flerkorn m. frukt berikad,"Fett, totalt",Gröt,4.2,g
5188,Barngröt ätf. flerkorn m. frukt berikad,"Järn, Fe",Gröt,2.8,mg
5188,Barngröt ätf. flerkorn m. frukt berikad,Energi (kJ),Gröt,441.0,kJ
5188,Barngröt ätf. flerkorn m. frukt berikad,Energi (kcal),Gröt,105.0,kcal
5188,Barngröt ätf. flerkorn m. frukt berikad,Disackarider,Gröt,5.1,g
5188,Barngröt ätf. flerkorn m. frukt berikad,"Kalcium, Ca",Gröt,155.0,mg
5188,Barngröt ätf. flerkorn m. frukt berikad,Fettsyra 4:0-10:0,Gröt,0.0,g
5188,Barngröt ätf. flerkorn m. frukt berikad,DHA (C22:6),Gröt,0.0,g
5188,Barngröt ätf. flerkorn m. frukt berikad,DPA (C22:5),Gröt,0.0,g
5188,Barngröt ätf. flerkorn m. frukt berikad,EPA (C20:5),Gröt,0.0,g
5188,Barngröt ätf. flerkorn m. frukt berikad,Arakidonsyra C20:4,Gröt,0.0,g
5188,Barngröt ätf. flerkorn m. frukt berikad,Arakidinsyra C20:0,Gröt,0.0,g
5188,Barngröt ätf. flerkorn m. frukt berikad,Linolensyra C18:3,Gröt,0.0,g
5188,Barngröt ätf. flerkorn m. frukt berikad,Linolsyra C18:2,Gröt,0.9,g
5188,Barngröt ätf. flerkorn m. frukt berikad,Oljesyra C18:1,Gröt,1.7,g
5188,Barngröt ätf. flerkorn m. frukt berikad,Stearinsyra C18:0,Gröt,0.2,g
5188,Barngröt ätf. flerkorn m. frukt berikad,Palmitoljesyra C16:1,Gröt,0.0,g
5188,Barngröt ätf. flerkorn m. frukt berikad,Palmitinsyra C16:0,Gröt,1.0,g
5188,Barngröt ätf. flerkorn m. frukt berikad,Myristinsyra C14:0,Gröt,0.0,g
5188,Barngröt ätf. flerkorn m. frukt berikad,Laurinsyra C12:0,Gröt,0.0,g
5188,Barngröt ätf. flerkorn m. frukt berikad,Betakaroten/β-Karoten,Gröt,0.0,µg
5188,Barngröt ätf. flerkorn m. frukt berikad,Aska,Gröt,0.5,g
5188,Barngröt ätf. flerkorn m. frukt berikad,Alkohol,Gröt,0.0,g
5189,Barngröt ätf. m. fullkorn frukt bär berikad,"Zink, Zn",Gröt,1.0,mg
5189,Barngröt ätf. m. fullkorn frukt bär berikad,Vitamin E,Gröt,1.5,mg
5189,Barngröt ätf. m. fullkorn frukt bär berikad,Vitamin D,Gröt,1.15,µg
5189,Barngröt ätf. m. fullkorn frukt bär berikad,Vitamin C,Gröt,23.3,mg
5189,Barngröt ätf. m. fullkorn frukt bär berikad,Vitamin B6,Gröt,0.11,mg
5189,Barngröt ätf. m. fullkorn frukt bär berikad,Vitamin B12,Gröt,0.42,µg
5189,Barngröt ätf. m. fullkorn frukt bär berikad,Vitamin A,Gröt,79.2,RE/µg
5189,Barngröt ätf. m. fullkorn frukt bär berikad,Vatten,Gröt,77.6,g
5189,Barngröt ätf. m. fullkorn frukt bär berikad,Tiamin,Gröt,0.15,mg
5189,Barngröt ätf. m. fullkorn frukt bär berikad,Tillsatt socker,Gröt,0.0,g
5189,Barngröt ätf. m. fullkorn frukt bär berikad,Fritt socker,Gröt,0.0,g
5189,Barngröt ätf. m. fullkorn frukt bär berikad,"Selen, Se",Gröt,0.9,µg
5189,Barngröt ätf. m. fullkorn frukt bär berikad,Sackaros,Gröt,0.3,g
5189,Barngröt ätf. m. fullkorn frukt bär berikad,Riboflavin,Gröt,0.2,mg
5189,Barngröt ätf. m. fullkorn frukt bär berikad,Retinol,Gröt,0.0,µg
5189,Barngröt ätf. m. fullkorn frukt bär berikad,Protein,Gröt,3.8,g
5189,Barngröt ätf. m. fullkorn frukt bär berikad,Summa fleromättade fettsyror,Gröt,1.0,g
5189,Barngröt ätf. m. fullkorn frukt bär berikad,"Fosfor, P",Gröt,99.0,mg
5189,Barngröt ätf. m. fullkorn frukt bär berikad,Niacinekvivalenter,Gröt,1.66,NE/mg
5189,Barngröt ätf. m. fullkorn frukt bär berikad,Niacin,Gröt,0.78,mg
5189,Barngröt ätf. m. fullkorn frukt bär berikad,"Salt, NaCl",Gröt,0.1,g
5189,Barngröt ätf. m. fullkorn frukt bär berikad,"Natrium, Na",Gröt,32.0,mg
5189,Barngröt ätf. m. fullkorn frukt bär berikad,Monosackarider,Gröt,1.5,g
5189,Barngröt ätf. m. fullkorn frukt bär berikad,"Sockerarter, totalt",Gröt,5.1,g
5189,Barngröt ätf. m. fullkorn frukt bär berikad,Summa enkelomättade fettsyror,Gröt,1.8,g
5189,Barngröt ätf. m. fullkorn frukt bär berikad,"Magnesium, Mg",Gröt,18.0,mg
5189,Barngröt ätf. m. fullkorn frukt bär berikad,Summa mättade fettsyror,Gröt,1.3,g
5189,Barngröt ätf. m. fullkorn frukt bär berikad,"Kolhydrater, tillgängliga",Gröt,12.4,g
5189,Barngröt ätf. m. fullkorn frukt bär berikad,Kolesterol,Gröt,1.2,mg
5189,Barngröt ätf. m. fullkorn frukt bär berikad,"Kalium, K",Gröt,176.0,mg
5189,Barngröt ätf. m. fullkorn frukt bär berikad,"Jod, I",Gröt,24.0,µg
5189,Barngröt ätf. m. fullkorn frukt bär berikad,Fullkorn totalt,Gröt,8.0,g
5189,Barngröt ätf. m. fullkorn frukt bär berikad,"Folat, totalt",Gröt,17.3,µg
5189,Barngröt ätf. m. fullkorn frukt bär berikad,Fibrer,Gröt,1.4,g
5189,Barngröt ätf. m. fullkorn frukt bär berikad,"Fett, totalt",Gröt,4.1,g
5189,Barngröt ätf. m. fullkorn frukt bär berikad,"Järn, Fe",Gröt,2.5,mg
5189,Barngröt ätf. m. fullkorn frukt bär berikad,Energi (kJ),Gröt,438.0,kJ
5189,Barngröt ätf. m. fullkorn frukt bär berikad,Energi (kcal),Gröt,105.0,kcal
5189,Barngröt ätf. m. fullkorn frukt bär berikad,Disackarider,Gröt,3.8,g
5189,Barngröt ätf. m. fullkorn frukt bär berikad,"Kalcium, Ca",Gröt,148.0,mg
5189,Barngröt ätf. m. fullkorn frukt bär berikad,Fettsyra 4:0-10:0,Gröt,0.0,g
5189,Barngröt ätf. m. fullkorn frukt bär berikad,DHA (C22:6),Gröt,0.0,g
5189,Barngröt ätf. m. fullkorn frukt bär berikad,DPA (C22:5),Gröt,0.0,g
5189,Barngröt ätf. m. fullkorn frukt bär berikad,EPA (C20:5),Gröt,0.0,g
5189,Barngröt ätf. m. fullkorn frukt bär berikad,Arakidonsyra C20:4,Gröt,0.0,g
5189,Barngröt ätf. m. fullkorn frukt bär berikad,Arakidinsyra C20:0,Gröt,0.0,g
5189,Barngröt ätf. m. fullkorn frukt bär berikad,Linolensyra C18:3,Gröt,0.1,g
5189,Barngröt ätf. m. fullkorn frukt bär berikad,Linolsyra C18:2,Gröt,0.9,g
5189,Barngröt ätf. m. fullkorn frukt bär berikad,Oljesyra C18:1,Gröt,1.8,g
5189,Barngröt ätf. m. fullkorn frukt bär berikad,Stearinsyra C18:0,Gröt,0.2,g
5189,Barngröt ätf. m. fullkorn frukt bär berikad,Palmitoljesyra C16:1,Gröt,0.0,g
5189,Barngröt ätf. m. fullkorn frukt bär berikad,Palmitinsyra C16:0,Gröt,1.1,g
5189,Barngröt ätf. m. fullkorn frukt bär berikad,Myristinsyra C14:0,Gröt,0.0,g
5189,Barngröt ätf. m. fullkorn frukt bär berikad,Laurinsyra C12:0,Gröt,0.0,g
5189,Barngröt ätf. m. fullkorn frukt bär berikad,Betakaroten/β-Karoten,Gröt,0.0,µg
5189,Barngröt ätf. m. fullkorn frukt bär berikad,Aska,Gröt,0.7,g
5189,Barngröt ätf. m. fullkorn frukt bär berikad,Alkohol,Gröt,0.0,g
5190,Barngröt ätf. m. frukt berikad,"Zink, Zn",Gröt,1.0,mg
5190,Barngröt ätf. m. frukt berikad,Vitamin E,Gröt,1.5,mg
5190,Barngröt ätf. m. frukt berikad,Vitamin D,Gröt,1.85,µg
5190,Barngröt ätf. m. frukt berikad,Vitamin C,Gröt,20.5,mg
5190,Barngröt ätf. m. frukt berikad,Vitamin B6,Gröt,0.13,mg
5190,Barngröt ätf. m. frukt berikad,Vitamin B12,Gröt,0.48,µg
5190,Barngröt ätf. m. frukt berikad,Vitamin A,Gröt,92.0,RE/µg
5190,Barngröt ätf. m. frukt berikad,Vatten,Gröt,77.8,g
5190,Barngröt ätf. m. frukt berikad,Tiamin,Gröt,0.12,mg
5190,Barngröt ätf. m. frukt berikad,Tillsatt socker,Gröt,0.0,g
5190,Barngröt ätf. m. frukt berikad,Fritt socker,Gröt,0.0,g
5190,Barngröt ätf. m. frukt berikad,"Selen, Se",Gröt,1.0,µg
5190,Barngröt ätf. m. frukt berikad,Sackaros,Gröt,1.0,g
5190,Barngröt ätf. m. frukt berikad,Riboflavin,Gröt,0.21,mg
5190,Barngröt ätf. m. frukt berikad,Retinol,Gröt,91.6,µg
5190,Barngröt ätf. m. frukt berikad,Protein,Gröt,3.5,g
5190,Barngröt ätf. m. frukt berikad,Summa fleromättade fettsyror,Gröt,1.0,g
5190,Barngröt ätf. m. frukt berikad,"Fosfor, P",Gröt,97.0,mg
5190,Barngröt ätf. m. frukt berikad,Niacinekvivalenter,Gröt,1.52,NE/mg
5190,Barngröt ätf. m. frukt berikad,Niacin,Gröt,0.69,mg
5190,Barngröt ätf. m. frukt berikad,"Salt, NaCl",Gröt,0.1,g
5190,Barngröt ätf. m. frukt berikad,"Natrium, Na",Gröt,42.0,mg
5190,Barngröt ätf. m. frukt berikad,Monosackarider,Gröt,1.8,g
5190,Barngröt ätf. m. frukt berikad,"Sockerarter, totalt",Gröt,7.1,g
5190,Barngröt ätf. m. frukt berikad,Summa enkelomättade fettsyror,Gröt,1.7,g
5190,Barngröt ätf. m. frukt berikad,"Magnesium, Mg",Gröt,17.0,mg
5190,Barngröt ätf. m. frukt berikad,Summa mättade fettsyror,Gröt,1.3,g
5190,Barngröt ätf. m. frukt berikad,"Kolhydrater, tillgängliga",Gröt,13.1,g
5190,Barngröt ätf. m. frukt berikad,Kolesterol,Gröt,1.4,mg
5190,Barngröt ätf. m. frukt berikad,"Kalium, K",Gröt,208.0,mg
5190,Barngröt ätf. m. frukt berikad,"Jod, I",Gröt,28.6,µg
5190,Barngröt ätf. m. frukt berikad,Fullkorn totalt,Gröt,3.0,g
5190,Barngröt ätf. m. frukt berikad,"Folat, totalt",Gröt,16.2,µg
5190,Barngröt ätf. m. frukt berikad,Fibrer,Gröt,1.3,g
5190,Barngröt ätf. m. frukt berikad,"Fett, totalt",Gröt,4.0,g
5190,Barngröt ätf. m. frukt berikad,"Järn, Fe",Gröt,2.5,mg
5190,Barngröt ätf. m. frukt berikad,Energi (kJ),Gröt,441.0,kJ
5190,Barngröt ätf. m. frukt berikad,Energi (kcal),Gröt,105.0,kcal
5190,Barngröt ätf. m. frukt berikad,Disackarider,Gröt,5.3,g
5190,Barngröt ätf. m. frukt berikad,"Kalcium, Ca",Gröt,139.0,mg
5190,Barngröt ätf. m. frukt berikad,Fettsyra 4:0-10:0,Gröt,0.0,g
5190,Barngröt ätf. m. frukt berikad,DHA (C22:6),Gröt,0.0,g
5190,Barngröt ätf. m. frukt berikad,DPA (C22:5),Gröt,0.0,g
5190,Barngröt ätf. m. frukt berikad,EPA (C20:5),Gröt,0.0,g
5190,Barngröt ätf. m. frukt berikad,Arakidonsyra C20:4,Gröt,0.0,g
5190,Barngröt ätf. m. frukt berikad,Arakidinsyra C20:0,Gröt,0.0,g
5190,Barngröt ätf. m. frukt berikad,Linolensyra C18:3,Gröt,0.1,g
5190,Barngröt ätf. m. frukt berikad,Linolsyra C18:2,Gröt,0.9,g
5190,Barngröt ätf. m. frukt berikad,Oljesyra C18:1,Gröt,1.7,g
5190,Barngröt ätf. m. frukt berikad,Stearinsyra C18:0,Gröt,0.1,g
5190,Barngröt ätf. m. frukt berikad,Palmitoljesyra C16:1,Gröt,0.0,g
5190,Barngröt ätf. m. frukt berikad,Palmitinsyra C16:0,Gröt,1.0,g
5190,Barngröt ätf. m. frukt berikad,Myristinsyra C14:0,Gröt,0.0,g
5190,Barngröt ätf. m. frukt berikad,Laurinsyra C12:0,Gröt,0.0,g
5190,Barngröt ätf. m. frukt berikad,Betakaroten/β-Karoten,Gröt,4.0,µg
5190,Barngröt ätf. m. frukt berikad,Aska,Gröt,0.2,g
5190,Barngröt ätf. m. frukt berikad,Alkohol,Gröt,0.0,g
5191,Barngröt ätf. ris mjölkfri berikad,"Zink, Zn",Gröt,1.5,mg
5191,Barngröt ätf. ris mjölkfri berikad,Vitamin E,Gröt,0.7,mg
5191,Barngröt ätf. ris mjölkfri berikad,Vitamin D,Gröt,1.21,µg
5191,Barngröt ätf. ris mjölkfri berikad,Vitamin C,Gröt,15.8,mg
5191,Barngröt ätf. ris mjölkfri berikad,Vitamin B6,Gröt,0.11,mg
5191,Barngröt ätf. ris mjölkfri berikad,Vitamin B12,Gröt,0.09,µg
5191,Barngröt ätf. ris mjölkfri berikad,Vitamin A,Gröt,83.2,RE/µg
5191,Barngröt ätf. ris mjölkfri berikad,Vatten,Gröt,76.5,g
5191,Barngröt ätf. ris mjölkfri berikad,Tiamin,Gröt,0.21,mg
5191,Barngröt ätf. ris mjölkfri berikad,Tillsatt socker,Gröt,0.0,g
5191,Barngröt ätf. ris mjölkfri berikad,Fritt socker,Gröt,0.0,g
5191,Barngröt ätf. ris mjölkfri berikad,"Selen, Se",Gröt,1.1,µg
5191,Barngröt ätf. ris mjölkfri berikad,Sackaros,Gröt,3.7,g
5191,Barngröt ätf. ris mjölkfri berikad,Riboflavin,Gröt,0.15,mg
5191,Barngröt ätf. ris mjölkfri berikad,Retinol,Gröt,83.2,µg
5191,Barngröt ätf. ris mjölkfri berikad,Protein,Gröt,3.2,g
5191,Barngröt ätf. ris mjölkfri berikad,Summa fleromättade fettsyror,Gröt,0.5,g
5191,Barngröt ätf. ris mjölkfri berikad,"Fosfor, P",Gröt,77.0,mg
5191,Barngröt ätf. ris mjölkfri berikad,Niacinekvivalenter,Gröt,1.09,NE/mg
5191,Barngröt ätf. ris mjölkfri berikad,Niacin,Gröt,0.78,mg
5191,Barngröt ätf. ris mjölkfri berikad,"Salt, NaCl",Gröt,0.1,g
5191,Barngröt ätf. ris mjölkfri berikad,"Natrium, Na",Gröt,30.0,mg
5191,Barngröt ätf. ris mjölkfri berikad,Monosackarider,Gröt,0.0,g
5191,Barngröt ätf. ris mjölkfri berikad,"Sockerarter, totalt",Gröt,4.0,g
5191,Barngröt ätf. ris mjölkfri berikad,Summa enkelomättade fettsyror,Gröt,0.8,g
5191,Barngröt ätf. ris mjölkfri berikad,"Magnesium, Mg",Gröt,18.0,mg
5191,Barngröt ätf. ris mjölkfri berikad,Summa mättade fettsyror,Gröt,0.8,g
5191,Barngröt ätf. ris mjölkfri berikad,"Kolhydrater, tillgängliga",Gröt,14.6,g
5191,Barngröt ätf. ris mjölkfri berikad,Kolesterol,Gröt,0.1,mg
5191,Barngröt ätf. ris mjölkfri berikad,"Kalium, K",Gröt,85.0,mg
5191,Barngröt ätf. ris mjölkfri berikad,"Jod, I",Gröt,8.7,µg
5191,Barngröt ätf. ris mjölkfri berikad,Fullkorn totalt,Gröt,0.0,g
5191,Barngröt ätf. ris mjölkfri berikad,"Folat, totalt",Gröt,16.0,µg
5191,Barngröt ätf. ris mjölkfri berikad,Fibrer,Gröt,0.7,g
5191,Barngröt ätf. ris mjölkfri berikad,"Fett, totalt",Gröt,2.2,g
5191,Barngröt ätf. ris mjölkfri berikad,"Järn, Fe",Gröt,2.9,mg
5191,Barngröt ätf. ris mjölkfri berikad,Energi (kJ),Gröt,389.0,kJ
5191,Barngröt ätf. ris mjölkfri berikad,Energi (kcal),Gröt,93.0,kcal
5191,Barngröt ätf. ris mjölkfri berikad,Disackarider,Gröt,4.0,g
5191,Barngröt ätf. ris mjölkfri berikad,"Kalcium, Ca",Gröt,130.0,mg
5191,Barngröt ätf. ris mjölkfri berikad,Fettsyra 4:0-10:0,Gröt,0.2,g
5191,Barngröt ätf. ris mjölkfri berikad,DHA (C22:6),Gröt,0.0,g
5191,Barngröt ätf. ris mjölkfri berikad,DPA (C22:5),Gröt,0.0,g
5191,Barngröt ätf. ris mjölkfri berikad,EPA (C20:5),Gröt,0.0,g
5191,Barngröt ätf. ris mjölkfri berikad,Arakidonsyra C20:4,Gröt,0.0,g
5191,Barngröt ätf. ris mjölkfri berikad,Arakidinsyra C20:0,Gröt,0.0,g
5191,Barngröt ätf. ris mjölkfri berikad,Linolensyra C18:3,Gröt,0.0,g
5191,Barngröt ätf. ris mjölkfri berikad,Linolsyra C18:2,Gröt,0.5,g
5191,Barngröt ätf. ris mjölkfri berikad,Oljesyra C18:1,Gröt,0.8,g
5191,Barngröt ätf. ris mjölkfri berikad,Stearinsyra C18:0,Gröt,0.1,g
5191,Barngröt ätf. ris mjölkfri berikad,Palmitoljesyra C16:1,Gröt,0.0,g
5191,Barngröt ätf. ris mjölkfri berikad,Palmitinsyra C16:0,Gröt,0.4,g
5191,Barngröt ätf. ris mjölkfri berikad,Myristinsyra C14:0,Gröt,0.1,g
5191,Barngröt ätf. ris mjölkfri berikad,Laurinsyra C12:0,Gröt,0.0,g
5191,Barngröt ätf. ris mjölkfri berikad,Betakaroten/β-Karoten,Gröt,0.0,µg
5191,Barngröt ätf. ris mjölkfri berikad,Aska,Gröt,2.9,g
5191,Barngröt ätf. ris mjölkfri berikad,Alkohol,Gröt,0.0,g
5192,Barngröt ätf. m. fullkorn frukt müsli berikad,"Zink, Zn",Gröt,0.4,mg
5192,Barngröt ätf. m. fullkorn frukt müsli berikad,Vitamin E,Gröt,0.5,mg
5192,Barngröt ätf. m. fullkorn frukt müsli berikad,Vitamin D,Gröt,1.5,µg
5192,Barngröt ätf. m. fullkorn frukt müsli berikad,Vitamin C,Gröt,7.7,mg
5192,Barngröt ätf. m. fullkorn frukt müsli berikad,Vitamin B6,Gröt,0.05,mg
5192,Barngröt ätf. m. fullkorn frukt müsli berikad,Vitamin B12,Gröt,0.16,µg
5192,Barngröt ätf. m. fullkorn frukt müsli berikad,Vitamin A,Gröt,40.4,RE/µg
5192,Barngröt ätf. m. fullkorn frukt müsli berikad,Vatten,Gröt,84.5,g
5192,Barngröt ätf. m. fullkorn frukt müsli berikad,Tiamin,Gröt,0.14,mg
5192,Barngröt ätf. m. fullkorn frukt müsli berikad,Tillsatt socker,Gröt,0.0,g
5192,Barngröt ätf. m. fullkorn frukt müsli berikad,Fritt socker,Gröt,0.0,g
5192,Barngröt ätf. m. fullkorn frukt müsli berikad,"Selen, Se",Gröt,0.7,µg
5192,Barngröt ätf. m. fullkorn frukt müsli berikad,Sackaros,Gröt,0.5,g
5192,Barngröt ätf. m. fullkorn frukt müsli berikad,Riboflavin,Gröt,0.11,mg
5192,Barngröt ätf. m. fullkorn frukt müsli berikad,Retinol,Gröt,39.5,µg
5192,Barngröt ätf. m. fullkorn frukt müsli berikad,Protein,Gröt,2.5,g
5192,Barngröt ätf. m. fullkorn frukt müsli berikad,Summa fleromättade fettsyror,Gröt,0.3,g
5192,Barngröt ätf. m. fullkorn frukt müsli berikad,"Fosfor, P",Gröt,59.0,mg
5192,Barngröt ätf. m. fullkorn frukt müsli berikad,Niacinekvivalenter,Gröt,1.38,NE/mg
5192,Barngröt ätf. m. fullkorn frukt müsli berikad,Niacin,Gröt,0.8,mg
5192,Barngröt ätf. m. fullkorn frukt müsli berikad,"Salt, NaCl",Gröt,0.0,g
5192,Barngröt ätf. m. fullkorn frukt müsli berikad,"Natrium, Na",Gröt,21.0,mg
5192,Barngröt ätf. m. fullkorn frukt müsli berikad,Monosackarider,Gröt,1.0,g
5192,Barngröt ätf. m. fullkorn frukt müsli berikad,"Sockerarter, totalt",Gröt,3.8,g
5192,Barngröt ätf. m. fullkorn frukt müsli berikad,Summa enkelomättade fettsyror,Gröt,0.7,g
5192,Barngröt ätf. m. fullkorn frukt müsli berikad,"Magnesium, Mg",Gröt,11.0,mg
5192,Barngröt ätf. m. fullkorn frukt müsli berikad,Summa mättade fettsyror,Gröt,0.4,g
5192,Barngröt ätf. m. fullkorn frukt müsli berikad,"Kolhydrater, tillgängliga",Gröt,10.0,g
5192,Barngröt ätf. m. fullkorn frukt müsli berikad,Kolesterol,Gröt,0.8,mg
5192,Barngröt ätf. m. fullkorn frukt müsli berikad,"Kalium, K",Gröt,110.0,mg
5192,Barngröt ätf. m. fullkorn frukt müsli berikad,"Jod, I",Gröt,9.7,µg
5192,Barngröt ätf. m. fullkorn frukt müsli berikad,Fullkorn totalt,Gröt,3.0,g
5192,Barngröt ätf. m. fullkorn frukt müsli berikad,"Folat, totalt",Gröt,7.0,µg
5192,Barngröt ätf. m. fullkorn frukt müsli berikad,Fibrer,Gröt,0.6,g
5192,Barngröt ätf. m. fullkorn frukt müsli berikad,"Fett, totalt",Gröt,1.5,g
5192,Barngröt ätf. m. fullkorn frukt müsli berikad,"Järn, Fe",Gröt,1.8,mg
5192,Barngröt ätf. m. fullkorn frukt müsli berikad,Energi (kJ),Gröt,274.0,kJ
5192,Barngröt ätf. m. fullkorn frukt müsli berikad,Energi (kcal),Gröt,66.0,kcal
5192,Barngröt ätf. m. fullkorn frukt müsli berikad,Disackarider,Gröt,2.6,g
5192,Barngröt ätf. m. fullkorn frukt müsli berikad,"Kalcium, Ca",Gröt,94.0,mg
5192,Barngröt ätf. m. fullkorn frukt müsli berikad,Fettsyra 4:0-10:0,Gröt,0.0,g
5192,Barngröt ätf. m. fullkorn frukt müsli berikad,DHA (C22:6),Gröt,0.0,g
5192,Barngröt ätf. m. fullkorn frukt müsli berikad,DPA (C22:5),Gröt,0.0,g
5192,Barngröt ätf. m. fullkorn frukt müsli berikad,EPA (C20:5),Gröt,0.0,g
5192,Barngröt ätf. m. fullkorn frukt müsli berikad,Arakidonsyra C20:4,Gröt,0.0,g
5192,Barngröt ätf. m. fullkorn frukt müsli berikad,Arakidinsyra C20:0,Gröt,0.0,g
5192,Barngröt ätf. m. fullkorn frukt müsli berikad,Linolensyra C18:3,Gröt,0.1,g
5192,Barngröt ätf. m. fullkorn frukt müsli berikad,Linolsyra C18:2,Gröt,0.2,g
5192,Barngröt ätf. m. fullkorn frukt müsli berikad,Oljesyra C18:1,Gröt,0.7,g
5192,Barngröt ätf. m. fullkorn frukt müsli berikad,Stearinsyra C18:0,Gröt,0.0,g
5192,Barngröt ätf. m. fullkorn frukt müsli berikad,Palmitoljesyra C16:1,Gröt,0.0,g
5192,Barngröt ätf. m. fullkorn frukt müsli berikad,Palmitinsyra C16:0,Gröt,0.3,g
5192,Barngröt ätf. m. fullkorn frukt müsli berikad,Myristinsyra C14:0,Gröt,0.0,g
5192,Barngröt ätf. m. fullkorn frukt müsli berikad,Laurinsyra C12:0,Gröt,0.0,g
5192,Barngröt ätf. m. fullkorn frukt müsli berikad,Betakaroten/β-Karoten,Gröt,11.0,µg
5192,Barngröt ätf. m. fullkorn frukt müsli berikad,Aska,Gröt,0.8,g
5192,Barngröt ätf. m. fullkorn frukt müsli berikad,Alkohol,Gröt,0.0,g
5193,Barngröt ätf. m. yoghurt frukt berikad,"Zink, Zn",Gröt,0.6,mg
5193,Barngröt ätf. m. yoghurt frukt berikad,Vitamin E,Gröt,0.7,mg
5193,Barngröt ätf. m. yoghurt frukt berikad,Vitamin D,Gröt,1.85,µg
5193,Barngröt ätf. m. yoghurt frukt berikad,Vitamin C,Gröt,10.8,mg
5193,Barngröt ätf. m. yoghurt frukt berikad,Vitamin B6,Gröt,0.1,mg
5193,Barngröt ätf. m. yoghurt frukt berikad,Vitamin B12,Gröt,0.25,µg
5193,Barngröt ätf. m. yoghurt frukt berikad,Vitamin A,Gröt,61.8,RE/µg
5193,Barngröt ätf. m. yoghurt frukt berikad,Vatten,Gröt,78.3,g
5193,Barngröt ätf. m. yoghurt frukt berikad,Tiamin,Gröt,0.23,mg
5193,Barngröt ätf. m. yoghurt frukt berikad,Tillsatt socker,Gröt,0.0,g
5193,Barngröt ätf. m. yoghurt frukt berikad,Fritt socker,Gröt,1.0,g
5193,Barngröt ätf. m. yoghurt frukt berikad,"Selen, Se",Gröt,1.1,µg
5193,Barngröt ätf. m. yoghurt frukt berikad,Sackaros,Gröt,0.7,g
5193,Barngröt ätf. m. yoghurt frukt berikad,Riboflavin,Gröt,0.16,mg
5193,Barngröt ätf. m. yoghurt frukt berikad,Retinol,Gröt,61.6,µg
5193,Barngröt ätf. m. yoghurt frukt berikad,Protein,Gröt,3.5,g
5193,Barngröt ätf. m. yoghurt frukt berikad,Summa fleromättade fettsyror,Gröt,0.5,g
5193,Barngröt ätf. m. yoghurt frukt berikad,"Fosfor, P",Gröt,92.0,mg
5193,Barngröt ätf. m. yoghurt frukt berikad,Niacinekvivalenter,Gröt,1.78,NE/mg
5193,Barngröt ätf. m. yoghurt frukt berikad,Niacin,Gröt,0.95,mg
5193,Barngröt ätf. m. yoghurt frukt berikad,"Salt, NaCl",Gröt,0.1,g
5193,Barngröt ätf. m. yoghurt frukt berikad,"Natrium, Na",Gröt,27.0,mg
5193,Barngröt ätf. m. yoghurt frukt berikad,Monosackarider,Gröt,2.2,g
5193,Barngröt ätf. m. yoghurt frukt berikad,"Sockerarter, totalt",Gröt,6.9,g
5193,Barngröt ätf. m. yoghurt frukt berikad,Summa enkelomättade fettsyror,Gröt,1.1,g
5193,Barngröt ätf. m. yoghurt frukt berikad,"Magnesium, Mg",Gröt,19.0,mg
5193,Barngröt ätf. m. yoghurt frukt berikad,Summa mättade fettsyror,Gröt,0.6,g
5193,Barngröt ätf. m. yoghurt frukt berikad,"Kolhydrater, tillgängliga",Gröt,13.4,g
5193,Barngröt ätf. m. yoghurt frukt berikad,Kolesterol,Gröt,1.5,mg
5193,Barngröt ätf. m. yoghurt frukt berikad,"Kalium, K",Gröt,175.0,mg
5193,Barngröt ätf. m. yoghurt frukt berikad,"Jod, I",Gröt,11.1,µg
5193,Barngröt ätf. m. yoghurt frukt berikad,Fullkorn totalt,Gröt,3.0,g
5193,Barngröt ätf. m. yoghurt frukt berikad,"Folat, totalt",Gröt,10.8,µg
5193,Barngröt ätf. m. yoghurt frukt berikad,Fibrer,Gröt,0.9,g
5193,Barngröt ätf. m. yoghurt frukt berikad,"Fett, totalt",Gröt,2.1,g
5193,Barngröt ätf. m. yoghurt frukt berikad,"Järn, Fe",Gröt,2.5,mg
5193,Barngröt ätf. m. yoghurt frukt berikad,Energi (kJ),Gröt,374.0,kJ
5193,Barngröt ätf. m. yoghurt frukt berikad,Energi (kcal),Gröt,90.0,kcal
5193,Barngröt ätf. m. yoghurt frukt berikad,Disackarider,Gröt,4.6,g
5193,Barngröt ätf. m. yoghurt frukt berikad,"Kalcium, Ca",Gröt,131.0,mg
5193,Barngröt ätf. m. yoghurt frukt berikad,Fettsyra 4:0-10:0,Gröt,0.0,g
5193,Barngröt ätf. m. yoghurt frukt berikad,DHA (C22:6),Gröt,0.0,g
5193,Barngröt ätf. m. yoghurt frukt berikad,DPA (C22:5),Gröt,0.0,g
5193,Barngröt ätf. m. yoghurt frukt berikad,EPA (C20:5),Gröt,0.0,g
5193,Barngröt ätf. m. yoghurt frukt berikad,Arakidonsyra C20:4,Gröt,0.0,g
5193,Barngröt ätf. m. yoghurt frukt berikad,Arakidinsyra C20:0,Gröt,0.0,g
5193,Barngröt ätf. m. yoghurt frukt berikad,Linolensyra C18:3,Gröt,0.1,g
5193,Barngröt ätf. m. yoghurt frukt berikad,Linolsyra C18:2,Gröt,0.4,g
5193,Barngröt ätf. m. yoghurt frukt berikad,Oljesyra C18:1,Gröt,1.1,g
5193,Barngröt ätf. m. yoghurt frukt berikad,Stearinsyra C18:0,Gröt,0.1,g
5193,Barngröt ätf. m. yoghurt frukt berikad,Palmitoljesyra C16:1,Gröt,0.0,g
5193,Barngröt ätf. m. yoghurt frukt berikad,Palmitinsyra C16:0,Gröt,0.5,g
5193,Barngröt ätf. m. yoghurt frukt berikad,Myristinsyra C14:0,Gröt,0.0,g
5193,Barngröt ätf. m. yoghurt frukt berikad,Laurinsyra C12:0,Gröt,0.0,g
5193,Barngröt ätf. m. yoghurt frukt berikad,Betakaroten/β-Karoten,Gröt,3.0,µg
5193,Barngröt ätf. m. yoghurt frukt berikad,Aska,Gröt,1.7,g
5193,Barngröt ätf. m. yoghurt frukt berikad,Alkohol,Gröt,0.0,g
5194,Barngröt ätf. havre m. frukt berikad,"Zink, Zn",Gröt,0.5,mg
5194,Barngröt ätf. havre m. frukt berikad,Vitamin E,Gröt,0.6,mg
5194,Barngröt ätf. havre m. frukt berikad,Vitamin D,Gröt,0.77,µg
5194,Barngröt ätf. havre m. frukt berikad,Vitamin C,Gröt,9.5,mg
5194,Barngröt ätf. havre m. frukt berikad,Vitamin B6,Gröt,0.09,mg
5194,Barngröt ätf. havre m. frukt berikad,Vitamin B12,Gröt,0.19,µg
5194,Barngröt ätf. havre m. frukt berikad,Vitamin A,Gröt,47.4,RE/µg
5194,Barngröt ätf. havre m. frukt berikad,Vatten,Gröt,81.4,g
5194,Barngröt ätf. havre m. frukt berikad,Tiamin,Gröt,0.18,mg
5194,Barngröt ätf. havre m. frukt berikad,Tillsatt socker,Gröt,0.0,g
5194,Barngröt ätf. havre m. frukt berikad,Fritt socker,Gröt,0.0,g
5194,Barngröt ätf. havre m. frukt berikad,"Selen, Se",Gröt,0.9,µg
5194,Barngröt ätf. havre m. frukt berikad,Sackaros,Gröt,1.2,g
5194,Barngröt ätf. havre m. frukt berikad,Riboflavin,Gröt,0.12,mg
5194,Barngröt ätf. havre m. frukt berikad,Retinol,Gröt,46.5,µg
5194,Barngröt ätf. havre m. frukt berikad,Protein,Gröt,3.2,g
5194,Barngröt ätf. havre m. frukt berikad,Summa fleromättade fettsyror,Gröt,0.5,g
5194,Barngröt ätf. havre m. frukt berikad,"Fosfor, P",Gröt,85.0,mg
5194,Barngröt ätf. havre m. frukt berikad,Niacinekvivalenter,Gröt,1.45,NE/mg
5194,Barngröt ätf. havre m. frukt berikad,Niacin,Gröt,0.72,mg
5194,Barngröt ätf. havre m. frukt berikad,"Salt, NaCl",Gröt,0.1,g
5194,Barngröt ätf. havre m. frukt berikad,"Natrium, Na",Gröt,23.0,mg
5194,Barngröt ätf. havre m. frukt berikad,Monosackarider,Gröt,0.5,g
5194,Barngröt ätf. havre m. frukt berikad,"Sockerarter, totalt",Gröt,5.1,g
5194,Barngröt ätf. havre m. frukt berikad,Summa enkelomättade fettsyror,Gröt,1.0,g
5194,Barngröt ätf. havre m. frukt berikad,"Magnesium, Mg",Gröt,18.0,mg
5194,Barngröt ätf. havre m. frukt berikad,Summa mättade fettsyror,Gröt,0.5,g
5194,Barngröt ätf. havre m. frukt berikad,"Kolhydrater, tillgängliga",Gröt,11.3,g
5194,Barngröt ätf. havre m. frukt berikad,Kolesterol,Gröt,1.0,mg
5194,Barngröt ätf. havre m. frukt berikad,"Kalium, K",Gröt,150.0,mg
5194,Barngröt ätf. havre m. frukt berikad,"Jod, I",Gröt,9.7,µg
5194,Barngröt ätf. havre m. frukt berikad,Fullkorn totalt,Gröt,6.0,g
5194,Barngröt ätf. havre m. frukt berikad,"Folat, totalt",Gröt,13.5,µg
5194,Barngröt ätf. havre m. frukt berikad,Fibrer,Gröt,0.9,g
5194,Barngröt ätf. havre m. frukt berikad,"Fett, totalt",Gröt,1.9,g
5194,Barngröt ätf. havre m. frukt berikad,"Järn, Fe",Gröt,1.9,mg
5194,Barngröt ätf. havre m. frukt berikad,Energi (kJ),Gröt,324.0,kJ
5194,Barngröt ätf. havre m. frukt berikad,Energi (kcal),Gröt,77.0,kcal
5194,Barngröt ätf. havre m. frukt berikad,Disackarider,Gröt,4.6,g
5194,Barngröt ätf. havre m. frukt berikad,"Kalcium, Ca",Gröt,110.0,mg
5194,Barngröt ätf. havre m. frukt berikad,Fettsyra 4:0-10:0,Gröt,0.0,g
5194,Barngröt ätf. havre m. frukt berikad,DHA (C22:6),Gröt,0.0,g
5194,Barngröt ätf. havre m. frukt berikad,DPA (C22:5),Gröt,0.0,g
5194,Barngröt ätf. havre m. frukt berikad,EPA (C20:5),Gröt,0.0,g
5194,Barngröt ätf. havre m. frukt berikad,Arakidonsyra C20:4,Gröt,0.0,g
5194,Barngröt ätf. havre m. frukt berikad,Arakidinsyra C20:0,Gröt,0.0,g
5194,Barngröt ätf. havre m. frukt berikad,Linolensyra C18:3,Gröt,0.1,g
5194,Barngröt ätf. havre m. frukt berikad,Linolsyra C18:2,Gröt,0.4,g
5194,Barngröt ätf. havre m. frukt berikad,Oljesyra C18:1,Gröt,0.9,g
5194,Barngröt ätf. havre m. frukt berikad,Stearinsyra C18:0,Gröt,0.1,g
5194,Barngröt ätf. havre m. frukt berikad,Palmitoljesyra C16:1,Gröt,0.0,g
5194,Barngröt ätf. havre m. frukt berikad,Palmitinsyra C16:0,Gröt,0.4,g
5194,Barngröt ätf. havre m. frukt berikad,Myristinsyra C14:0,Gröt,0.0,g
5194,Barngröt ätf. havre m. frukt berikad,Laurinsyra C12:0,Gröt,0.0,g
5194,Barngröt ätf. havre m. frukt berikad,Betakaroten/β-Karoten,Gröt,11.0,µg
5194,Barngröt ätf. havre m. frukt berikad,Aska,Gröt,1.3,g
5194,Barngröt ätf. havre m. frukt berikad,Alkohol,Gröt,0.0,g
5195,Barngröt ätf. havre naturell berikad,"Zink, Zn",Gröt,0.7,mg
5195,Barngröt ätf. havre naturell berikad,Vitamin E,Gröt,0.7,mg
5195,Barngröt ätf. havre naturell berikad,Vitamin D,Gröt,1.38,µg
5195,Barngröt ätf. havre naturell berikad,Vitamin C,Gröt,10.6,mg
5195,Barngröt ätf. havre naturell berikad,Vitamin B6,Gröt,0.13,mg
5195,Barngröt ätf. havre naturell berikad,Vitamin B12,Gröt,0.25,µg
5195,Barngröt ätf. havre naturell berikad,Vitamin A,Gröt,62.3,RE/µg
5195,Barngröt ätf. havre naturell berikad,Vatten,Gröt,78.1,g
5195,Barngröt ätf. havre naturell berikad,Tiamin,Gröt,0.25,mg
5195,Barngröt ätf. havre naturell berikad,Tillsatt socker,Gröt,0.0,g
5195,Barngröt ätf. havre naturell berikad,Fritt socker,Gröt,0.0,g
5195,Barngröt ätf. havre naturell berikad,"Selen, Se",Gröt,1.2,µg
5195,Barngröt ätf. havre naturell berikad,Sackaros,Gröt,0.1,g
5195,Barngröt ätf. havre naturell berikad,Riboflavin,Gröt,0.15,mg
5195,Barngröt ätf. havre naturell berikad,Retinol,Gröt,62.3,µg
5195,Barngröt ätf. havre naturell berikad,Protein,Gröt,4.2,g
5195,Barngröt ätf. havre naturell berikad,Summa fleromättade fettsyror,Gröt,0.6,g
5195,Barngröt ätf. havre naturell berikad,"Fosfor, P",Gröt,108.0,mg
5195,Barngröt ätf. havre naturell berikad,Niacinekvivalenter,Gröt,2.17,NE/mg
5195,Barngröt ätf. havre naturell berikad,Niacin,Gröt,1.18,mg
5195,Barngröt ätf. havre naturell berikad,"Salt, NaCl",Gröt,0.1,g
5195,Barngröt ätf. havre naturell berikad,"Natrium, Na",Gröt,29.0,mg
5195,Barngröt ätf. havre naturell berikad,Monosackarider,Gröt,0.2,g
5195,Barngröt ätf. havre naturell berikad,"Sockerarter, totalt",Gröt,2.0,g
5195,Barngröt ätf. havre naturell berikad,Summa enkelomättade fettsyror,Gröt,1.3,g
5195,Barngröt ätf. havre naturell berikad,"Magnesium, Mg",Gröt,20.0,mg
5195,Barngröt ätf. havre naturell berikad,Summa mättade fettsyror,Gröt,0.7,g
5195,Barngröt ätf. havre naturell berikad,"Kolhydrater, tillgängliga",Gröt,13.3,g
5195,Barngröt ätf. havre naturell berikad,Kolesterol,Gröt,1.2,mg
5195,Barngröt ätf. havre naturell berikad,"Kalium, K",Gröt,155.0,mg
5195,Barngröt ätf. havre naturell berikad,"Jod, I",Gröt,11.1,µg
5195,Barngröt ätf. havre naturell berikad,Fullkorn totalt,Gröt,7.0,g
5195,Barngröt ätf. havre naturell berikad,"Folat, totalt",Gröt,10.2,µg
5195,Barngröt ätf. havre naturell berikad,Fibrer,Gröt,1.2,g
5195,Barngröt ätf. havre naturell berikad,"Fett, totalt",Gröt,2.6,g
5195,Barngröt ätf. havre naturell berikad,"Järn, Fe",Gröt,2.5,mg
5195,Barngröt ätf. havre naturell berikad,Energi (kJ),Gröt,405.0,kJ
5195,Barngröt ätf. havre naturell berikad,Energi (kcal),Gröt,97.0,kcal
5195,Barngröt ätf. havre naturell berikad,Disackarider,Gröt,1.8,g
5195,Barngröt ätf. havre naturell berikad,"Kalcium, Ca",Gröt,139.0,mg
5195,Barngröt ätf. havre naturell berikad,Fettsyra 4:0-10:0,Gröt,0.0,g
5195,Barngröt ätf. havre naturell berikad,DHA (C22:6),Gröt,0.0,g
5195,Barngröt ätf. havre naturell berikad,DPA (C22:5),Gröt,0.0,g
5195,Barngröt ätf. havre naturell berikad,EPA (C20:5),Gröt,0.0,g
5195,Barngröt ätf. havre naturell berikad,Arakidonsyra C20:4,Gröt,0.0,g
5195,Barngröt ätf. havre naturell berikad,Arakidinsyra C20:0,Gröt,0.0,g
5195,Barngröt ätf. havre naturell berikad,Linolensyra C18:3,Gröt,0.1,g
5195,Barngröt ätf. havre naturell berikad,Linolsyra C18:2,Gröt,0.5,g
5195,Barngröt ätf. havre naturell berikad,Oljesyra C18:1,Gröt,1.3,g
5195,Barngröt ätf. havre naturell berikad,Stearinsyra C18:0,Gröt,0.1,g
5195,Barngröt ätf. havre naturell berikad,Palmitoljesyra C16:1,Gröt,0.0,g
5195,Barngröt ätf. havre naturell berikad,Palmitinsyra C16:0,Gröt,0.6,g
5195,Barngröt ätf. havre naturell berikad,Myristinsyra C14:0,Gröt,0.0,g
5195,Barngröt ätf. havre naturell berikad,Laurinsyra C12:0,Gröt,0.0,g
5195,Barngröt ätf. havre naturell berikad,Betakaroten/β-Karoten,Gröt,0.0,µg
5195,Barngröt ätf. havre naturell berikad,Aska,Gröt,0.6,g
5195,Barngröt ätf. havre naturell berikad,Alkohol,Gröt,0.0,g
5196,Barngröt ätf. havre m. frukt bär berikad,"Zink, Zn",Gröt,0.7,mg
5196,Barngröt ätf. havre m. frukt bär berikad,Vitamin E,Gröt,0.7,mg
5196,Barngröt ätf. havre m. frukt bär berikad,Vitamin D,Gröt,1.38,µg
5196,Barngröt ätf. havre m. frukt bär berikad,Vitamin C,Gröt,9.7,mg
5196,Barngröt ätf. havre m. frukt bär berikad,Vitamin B6,Gröt,0.1,mg
5196,Barngröt ätf. havre m. frukt bär berikad,Vitamin B12,Gröt,0.23,µg
5196,Barngröt ätf. havre m. frukt bär berikad,Vitamin A,Gröt,63.3,RE/µg
5196,Barngröt ätf. havre m. frukt bär berikad,Vatten,Gröt,78.3,g
5196,Barngröt ätf. havre m. frukt bär berikad,Tiamin,Gröt,0.25,mg
5196,Barngröt ätf. havre m. frukt bär berikad,Tillsatt socker,Gröt,0.0,g
5196,Barngröt ätf. havre m. frukt bär berikad,Fritt socker,Gröt,0.0,g
5196,Barngröt ätf. havre m. frukt bär berikad,"Selen, Se",Gröt,1.2,µg
5196,Barngröt ätf. havre m. frukt bär berikad,Sackaros,Gröt,1.1,g
5196,Barngröt ätf. havre m. frukt bär berikad,Riboflavin,Gröt,0.15,mg
5196,Barngröt ätf. havre m. frukt bär berikad,Retinol,Gröt,63.0,µg
5196,Barngröt ätf. havre m. frukt bär berikad,Protein,Gröt,3.8,g
5196,Barngröt ätf. havre m. frukt bär berikad,Summa fleromättade fettsyror,Gröt,0.6,g
5196,Barngröt ätf. havre m. frukt bär berikad,"Fosfor, P",Gröt,101.0,mg
5196,Barngröt ätf. havre m. frukt bär berikad,Niacinekvivalenter,Gröt,1.98,NE/mg
5196,Barngröt ätf. havre m. frukt bär berikad,Niacin,Gröt,1.11,mg
5196,Barngröt ätf. havre m. frukt bär berikad,"Salt, NaCl",Gröt,0.1,g
5196,Barngröt ätf. havre m. frukt bär berikad,"Natrium, Na",Gröt,29.0,mg
5196,Barngröt ätf. havre m. frukt bär berikad,Monosackarider,Gröt,0.7,g
5196,Barngröt ätf. havre m. frukt bär berikad,"Sockerarter, totalt",Gröt,6.1,g
5196,Barngröt ätf. havre m. frukt bär berikad,Summa enkelomättade fettsyror,Gröt,1.1,g
5196,Barngröt ätf. havre m. frukt bär berikad,"Magnesium, Mg",Gröt,20.0,mg
5196,Barngröt ätf. havre m. frukt bär berikad,Summa mättade fettsyror,Gröt,0.6,g
5196,Barngröt ätf. havre m. frukt bär berikad,"Kolhydrater, tillgängliga",Gröt,13.3,g
5196,Barngröt ätf. havre m. frukt bär berikad,Kolesterol,Gröt,1.1,mg
5196,Barngröt ätf. havre m. frukt bär berikad,"Kalium, K",Gröt,177.0,mg
5196,Barngröt ätf. havre m. frukt bär berikad,"Jod, I",Gröt,11.5,µg
5196,Barngröt ätf. havre m. frukt bär berikad,Fullkorn totalt,Gröt,6.0,g
5196,Barngröt ätf. havre m. frukt bär berikad,"Folat, totalt",Gröt,14.3,µg
5196,Barngröt ätf. havre m. frukt bär berikad,Fibrer,Gröt,1.1,g
5196,Barngröt ätf. havre m. frukt bär berikad,"Fett, totalt",Gröt,2.2,g
5196,Barngröt ätf. havre m. frukt bär berikad,"Järn, Fe",Gröt,2.8,mg
5196,Barngröt ätf. havre m. frukt bär berikad,Energi (kJ),Gröt,382.0,kJ
5196,Barngröt ätf. havre m. frukt bär berikad,Energi (kcal),Gröt,91.0,kcal
5196,Barngröt ätf. havre m. frukt bär berikad,Disackarider,Gröt,5.4,g
5196,Barngröt ätf. havre m. frukt bär berikad,"Kalcium, Ca",Gröt,143.0,mg
5196,Barngröt ätf. havre m. frukt bär berikad,Fettsyra 4:0-10:0,Gröt,0.0,g
5196,Barngröt ätf. havre m. frukt bär berikad,DHA (C22:6),Gröt,0.0,g
5196,Barngröt ätf. havre m. frukt bär berikad,DPA (C22:5),Gröt,0.0,g
5196,Barngröt ätf. havre m. frukt bär berikad,EPA (C20:5),Gröt,0.0,g
5196,Barngröt ätf. havre m. frukt bär berikad,Arakidonsyra C20:4,Gröt,0.0,g
5196,Barngröt ätf. havre m. frukt bär berikad,Arakidinsyra C20:0,Gröt,0.0,g
5196,Barngröt ätf. havre m. frukt bär berikad,Linolensyra C18:3,Gröt,0.1,g
5196,Barngröt ätf. havre m. frukt bär berikad,Linolsyra C18:2,Gröt,0.5,g
5196,Barngröt ätf. havre m. frukt bär berikad,Oljesyra C18:1,Gröt,1.1,g
5196,Barngröt ätf. havre m. frukt bär berikad,Stearinsyra C18:0,Gröt,0.1,g
5196,Barngröt ätf. havre m. frukt bär berikad,Palmitoljesyra C16:1,Gröt,0.0,g
5196,Barngröt ätf. havre m. frukt bär berikad,Palmitinsyra C16:0,Gröt,0.5,g
5196,Barngröt ätf. havre m. frukt bär berikad,Myristinsyra C14:0,Gröt,0.0,g
5196,Barngröt ätf. havre m. frukt bär berikad,Laurinsyra C12:0,Gröt,0.0,g
5196,Barngröt ätf. havre m. frukt bär berikad,Betakaroten/β-Karoten,Gröt,3.0,µg
5196,Barngröt ätf. havre m. frukt bär berikad,Aska,Gröt,1.3,g
5196,Barngröt ätf. havre m. frukt bär berikad,Alkohol,Gröt,0.0,g
5218,Pepparsås,"Zink, Zn",Sås dressing majonnäs ,0.2,mg
5218,Pepparsås,Vitamin E,Sås dressing majonnäs ,0.7,mg
5218,Pepparsås,Vitamin D,Sås dressing majonnäs ,0.06,µg
5218,Pepparsås,Vitamin C,Sås dressing majonnäs ,1.9,mg
5218,Pepparsås,Vitamin B6,Sås dressing majonnäs ,0.06,mg
5218,Pepparsås,Vitamin B12,Sås dressing majonnäs ,0.21,µg
5218,Pepparsås,Vitamin A,Sås dressing majonnäs ,194.5,RE/µg
5218,Pepparsås,Vatten,Sås dressing majonnäs ,67.3,g
5218,Pepparsås,Tiamin,Sås dressing majonnäs ,0.04,mg
5218,Pepparsås,Tillsatt socker,Sås dressing majonnäs ,2.0,g
5218,Pepparsås,Fritt socker,Sås dressing majonnäs ,2.0,g
5218,Pepparsås,"Selen, Se",Sås dressing majonnäs ,1.0,µg
5218,Pepparsås,Sackaros,Sås dressing majonnäs ,1.4,g
5218,Pepparsås,Riboflavin,Sås dressing majonnäs ,0.05,mg
5218,Pepparsås,Retinol,Sås dressing majonnäs ,177.0,µg
5218,Pepparsås,Protein,Sås dressing majonnäs ,1.9,g
5218,Pepparsås,Summa fleromättade fettsyror,Sås dressing majonnäs ,0.6,g
5218,Pepparsås,"Fosfor, P",Sås dressing majonnäs ,48.0,mg
5218,Pepparsås,Niacinekvivalenter,Sås dressing majonnäs ,0.61,NE/mg
5218,Pepparsås,Niacin,Sås dressing majonnäs ,0.24,mg
5218,Pepparsås,"Salt, NaCl",Sås dressing majonnäs ,1.4,g
5218,Pepparsås,"Natrium, Na",Sås dressing majonnäs ,561.0,mg
5218,Pepparsås,Monosackarider,Sås dressing majonnäs ,1.6,g
5218,Pepparsås,"Sockerarter, totalt",Sås dressing majonnäs ,4.3,g
5218,Pepparsås,Summa enkelomättade fettsyror,Sås dressing majonnäs ,5.3,g
5218,Pepparsås,"Magnesium, Mg",Sås dressing majonnäs ,16.0,mg
5218,Pepparsås,Summa mättade fettsyror,Sås dressing majonnäs ,13.6,g
5218,Pepparsås,"Kolhydrater, tillgängliga",Sås dressing majonnäs ,6.6,g
5218,Pepparsås,Kolesterol,Sås dressing majonnäs ,60.4,mg
5218,Pepparsås,"Kalium, K",Sås dressing majonnäs ,140.0,mg
5218,Pepparsås,"Jod, I",Sås dressing majonnäs ,24.6,µg
5218,Pepparsås,Fullkorn totalt,Sås dressing majonnäs ,0.0,g
5218,Pepparsås,"Folat, totalt",Sås dressing majonnäs ,8.7,µg
5218,Pepparsås,Fibrer,Sås dressing majonnäs ,0.9,g
5218,Pepparsås,"Fett, totalt",Sås dressing majonnäs ,21.2,g
5218,Pepparsås,"Järn, Fe",Sås dressing majonnäs ,0.5,mg
5218,Pepparsås,Energi (kJ),Sås dressing majonnäs ,936.0,kJ
5218,Pepparsås,Energi (kcal),Sås dressing majonnäs ,224.0,kcal
5218,Pepparsås,Disackarider,Sås dressing majonnäs ,2.6,g
5218,Pepparsås,"Kalcium, Ca",Sås dressing majonnäs ,54.0,mg
5218,Pepparsås,Fettsyra 4:0-10:0,Sås dressing majonnäs ,1.6,g
5218,Pepparsås,DHA (C22:6),Sås dressing majonnäs ,0.0,g
5218,Pepparsås,DPA (C22:5),Sås dressing majonnäs ,0.0,g
5218,Pepparsås,EPA (C20:5),Sås dressing majonnäs ,0.0,g
5218,Pepparsås,Arakidonsyra C20:4,Sås dressing majonnäs ,0.0,g
5218,Pepparsås,Arakidinsyra C20:0,Sås dressing majonnäs ,0.0,g
5218,Pepparsås,Linolensyra C18:3,Sås dressing majonnäs ,0.1,g
5218,Pepparsås,Linolsyra C18:2,Sås dressing majonnäs ,0.4,g
5218,Pepparsås,Oljesyra C18:1,Sås dressing majonnäs ,4.6,g
5218,Pepparsås,Stearinsyra C18:0,Sås dressing majonnäs ,2.1,g
5218,Pepparsås,Palmitoljesyra C16:1,Sås dressing majonnäs ,0.4,g
5218,Pepparsås,Palmitinsyra C16:0,Sås dressing majonnäs ,6.5,g
5218,Pepparsås,Myristinsyra C14:0,Sås dressing majonnäs ,2.2,g
5218,Pepparsås,Laurinsyra C12:0,Sås dressing majonnäs ,0.7,g
5218,Pepparsås,Betakaroten/β-Karoten,Sås dressing majonnäs ,206.0,µg
5218,Pepparsås,Avfall (skal etc.),Sås dressing majonnäs ,1.0,%
5218,Pepparsås,Aska,Sås dressing majonnäs ,2.1,g
5218,Pepparsås,Alkohol,Sås dressing majonnäs ,0.0,g
5305,Saffransris,"Zink, Zn",Risrätter,0.4,mg
5305,Saffransris,Vitamin E,Risrätter,0.3,mg
5305,Saffransris,Vitamin D,Risrätter,0.01,µg
5305,Saffransris,Vitamin C,Risrätter,0.2,mg
5305,Saffransris,Vitamin B6,Risrätter,0.1,mg
5305,Saffransris,Vitamin B12,Risrätter,0.0,µg
5305,Saffransris,Vitamin A,Risrätter,7.6,RE/µg
5305,Saffransris,Vatten,Risrätter,72.5,g
5305,Saffransris,Tiamin,Risrätter,0.01,mg
5305,Saffransris,Tillsatt socker,Risrätter,0.0,g
5305,Saffransris,Fritt socker,Risrätter,0.0,g
5305,Saffransris,"Selen, Se",Risrätter,0.0,µg
5305,Saffransris,Sackaros,Risrätter,0.1,g
5305,Saffransris,Riboflavin,Risrätter,0.01,mg
5305,Saffransris,Retinol,Risrätter,5.7,µg
5305,Saffransris,Protein,Risrätter,2.3,g
5305,Saffransris,Summa fleromättade fettsyror,Risrätter,0.3,g
5305,Saffransris,"Fosfor, P",Risrätter,40.0,mg
5305,Saffransris,Niacinekvivalenter,Risrätter,0.55,NE/mg
5305,Saffransris,Niacin,Risrätter,0.17,mg
5305,Saffransris,"Salt, NaCl",Risrätter,0.8,g
5305,Saffransris,"Natrium, Na",Risrätter,303.0,mg
5305,Saffransris,Monosackarider,Risrätter,0.2,g
5305,Saffransris,"Sockerarter, totalt",Risrätter,0.3,g
5305,Saffransris,Summa enkelomättade fettsyror,Risrätter,0.8,g
5305,Saffransris,"Magnesium, Mg",Risrätter,4.0,mg
5305,Saffransris,Summa mättade fettsyror,Risrätter,0.7,g
5305,Saffransris,"Kolhydrater, tillgängliga",Risrätter,21.9,g
5305,Saffransris,Kolesterol,Risrätter,2.4,mg
5305,Saffransris,"Kalium, K",Risrätter,25.0,mg
5305,Saffransris,"Jod, I",Risrätter,24.0,µg
5305,Saffransris,Fullkorn totalt,Risrätter,0.0,g
5305,Saffransris,"Folat, totalt",Risrätter,3.2,µg
5305,Saffransris,Fibrer,Risrätter,0.3,g
5305,Saffransris,"Fett, totalt",Risrätter,2.0,g
5305,Saffransris,"Järn, Fe",Risrätter,0.0,mg
5305,Saffransris,Energi (kJ),Risrätter,487.0,kJ
5305,Saffransris,Energi (kcal),Risrätter,116.0,kcal
5305,Saffransris,Disackarider,Risrätter,0.1,g
5305,Saffransris,"Kalcium, Ca",Risrätter,2.0,mg
5305,Saffransris,Fettsyra 4:0-10:0,Risrätter,0.1,g
5305,Saffransris,DHA (C22:6),Risrätter,0.0,g
5305,Saffransris,DPA (C22:5),Risrätter,0.0,g
5305,Saffransris,EPA (C20:5),Risrätter,0.0,g
5305,Saffransris,Arakidonsyra C20:4,Risrätter,0.0,g
5305,Saffransris,Arakidinsyra C20:0,Risrätter,0.0,g
5305,Saffransris,Linolensyra C18:3,Risrätter,0.1,g
5305,Saffransris,Linolsyra C18:2,Risrätter,0.3,g
5305,Saffransris,Oljesyra C18:1,Risrätter,0.8,g
5305,Saffransris,Stearinsyra C18:0,Risrätter,0.1,g
5305,Saffransris,Palmitoljesyra C16:1,Risrätter,0.0,g
5305,Saffransris,Palmitinsyra C16:0,Risrätter,0.3,g
5305,Saffransris,Myristinsyra C14:0,Risrätter,0.1,g
5305,Saffransris,Laurinsyra C12:0,Risrätter,0.0,g
5305,Saffransris,Betakaroten/β-Karoten,Risrätter,23.0,µg
5305,Saffransris,Avfall (skal etc.),Risrätter,0.0,%
5305,Saffransris,Aska,Risrätter,1.0,g
5305,Saffransris,Alkohol,Risrätter,0.0,g
5338,Ljus sås till fiskgratäng,"Zink, Zn",Sås dressing majonnäs ,0.5,mg
5338,Ljus sås till fiskgratäng,Vitamin E,Sås dressing majonnäs ,1.8,mg
5338,Ljus sås till fiskgratäng,Vitamin D,Sås dressing majonnäs ,0.85,µg
5338,Ljus sås till fiskgratäng,Vitamin C,Sås dressing majonnäs ,5.1,mg
5338,Ljus sås till fiskgratäng,Vitamin B6,Sås dressing majonnäs ,0.05,mg
5338,Ljus sås till fiskgratäng,Vitamin B12,Sås dressing majonnäs ,0.41,µg
5338,Ljus sås till fiskgratäng,Vitamin A,Sås dressing majonnäs ,150.7,RE/µg
5338,Ljus sås till fiskgratäng,Vatten,Sås dressing majonnäs ,70.5,g
5338,Ljus sås till fiskgratäng,Tiamin,Sås dressing majonnäs ,0.05,mg
5338,Ljus sås till fiskgratäng,Tillsatt socker,Sås dressing majonnäs ,0.0,g
5338,Ljus sås till fiskgratäng,Fritt socker,Sås dressing majonnäs ,0.0,g
5338,Ljus sås till fiskgratäng,"Selen, Se",Sås dressing majonnäs ,1.9,µg
5338,Ljus sås till fiskgratäng,Sackaros,Sås dressing majonnäs ,0.0,g
5338,Ljus sås till fiskgratäng,Riboflavin,Sås dressing majonnäs ,0.14,mg
5338,Ljus sås till fiskgratäng,Retinol,Sås dressing majonnäs ,110.4,µg
5338,Ljus sås till fiskgratäng,Protein,Sås dressing majonnäs ,3.7,g
5338,Ljus sås till fiskgratäng,Summa fleromättade fettsyror,Sås dressing majonnäs ,1.8,g
5338,Ljus sås till fiskgratäng,"Fosfor, P",Sås dressing majonnäs ,122.0,mg
5338,Ljus sås till fiskgratäng,Niacinekvivalenter,Sås dressing majonnäs ,1.12,NE/mg
5338,Ljus sås till fiskgratäng,Niacin,Sås dressing majonnäs ,0.28,mg
5338,Ljus sås till fiskgratäng,"Salt, NaCl",Sås dressing majonnäs ,0.1,g
5338,Ljus sås till fiskgratäng,"Natrium, Na",Sås dressing majonnäs ,43.0,mg
5338,Ljus sås till fiskgratäng,Monosackarider,Sås dressing majonnäs ,0.1,g
5338,Ljus sås till fiskgratäng,"Sockerarter, totalt",Sås dressing majonnäs ,4.3,g
5338,Ljus sås till fiskgratäng,Summa enkelomättade fettsyror,Sås dressing majonnäs ,5.8,g
5338,Ljus sås till fiskgratäng,"Magnesium, Mg",Sås dressing majonnäs ,14.0,mg
5338,Ljus sås till fiskgratäng,Summa mättade fettsyror,Sås dressing majonnäs ,8.2,g
5338,Ljus sås till fiskgratäng,"Kolhydrater, tillgängliga",Sås dressing majonnäs ,7.4,g
5338,Ljus sås till fiskgratäng,Kolesterol,Sås dressing majonnäs ,35.9,mg
5338,Ljus sås till fiskgratäng,"Kalium, K",Sås dressing majonnäs ,185.0,mg
5338,Ljus sås till fiskgratäng,"Jod, I",Sås dressing majonnäs ,17.6,µg
5338,Ljus sås till fiskgratäng,Fullkorn totalt,Sås dressing majonnäs ,0.0,g
5338,Ljus sås till fiskgratäng,"Folat, totalt",Sås dressing majonnäs ,10.2,µg
5338,Ljus sås till fiskgratäng,Fibrer,Sås dressing majonnäs ,0.3,g
5338,Ljus sås till fiskgratäng,"Fett, totalt",Sås dressing majonnäs ,17.2,g
5338,Ljus sås till fiskgratäng,"Järn, Fe",Sås dressing majonnäs ,0.3,mg
5338,Ljus sås till fiskgratäng,Energi (kJ),Sås dressing majonnäs ,827.0,kJ
5338,Ljus sås till fiskgratäng,Energi (kcal),Sås dressing majonnäs ,198.0,kcal
5338,Ljus sås till fiskgratäng,Disackarider,Sås dressing majonnäs ,4.2,g
5338,Ljus sås till fiskgratäng,"Kalcium, Ca",Sås dressing majonnäs ,132.0,mg
5338,Ljus sås till fiskgratäng,Fettsyra 4:0-10:0,Sås dressing majonnäs ,0.9,g
5338,Ljus sås till fiskgratäng,DHA (C22:6),Sås dressing majonnäs ,0.0,g
5338,Ljus sås till fiskgratäng,DPA (C22:5),Sås dressing majonnäs ,0.0,g
5338,Ljus sås till fiskgratäng,EPA (C20:5),Sås dressing majonnäs ,0.0,g
5338,Ljus sås till fiskgratäng,Arakidonsyra C20:4,Sås dressing majonnäs ,0.0,g
5338,Ljus sås till fiskgratäng,Arakidinsyra C20:0,Sås dressing majonnäs ,0.0,g
5338,Ljus sås till fiskgratäng,Linolensyra C18:3,Sås dressing majonnäs ,0.5,g
5338,Ljus sås till fiskgratäng,Linolsyra C18:2,Sås dressing majonnäs ,1.3,g
5338,Ljus sås till fiskgratäng,Oljesyra C18:1,Sås dressing majonnäs ,5.4,g
5338,Ljus sås till fiskgratäng,Stearinsyra C18:0,Sås dressing majonnäs ,1.3,g
5338,Ljus sås till fiskgratäng,Palmitoljesyra C16:1,Sås dressing majonnäs ,0.3,g
5338,Ljus sås till fiskgratäng,Palmitinsyra C16:0,Sås dressing majonnäs ,4.0,g
5338,Ljus sås till fiskgratäng,Myristinsyra C14:0,Sås dressing majonnäs ,1.3,g
5338,Ljus sås till fiskgratäng,Laurinsyra C12:0,Sås dressing majonnäs ,0.4,g
5338,Ljus sås till fiskgratäng,Betakaroten/β-Karoten,Sås dressing majonnäs ,392.0,µg
5338,Ljus sås till fiskgratäng,Avfall (skal etc.),Sås dressing majonnäs ,1.0,%
5338,Ljus sås till fiskgratäng,Aska,Sås dressing majonnäs ,0.9,g
5338,Ljus sås till fiskgratäng,Alkohol,Sås dressing majonnäs ,0.0,g
5447,Gris kött rå,"Zink, Zn",Kött färskt fryst tillagat ,2.4,mg
5447,Gris kött rå,Vitamin E,Kött färskt fryst tillagat ,0.4,mg
5447,Gris kött rå,Vitamin D,Kött färskt fryst tillagat ,0.55,µg
5447,Gris kött rå,Vitamin C,Kött färskt fryst tillagat ,0.0,mg
5447,Gris kött rå,Vitamin B6,Kött färskt fryst tillagat ,0.48,mg
5447,Gris kött rå,Vitamin B12,Kött färskt fryst tillagat ,0.67,µg
5447,Gris kött rå,Vitamin A,Kött färskt fryst tillagat ,9.0,RE/µg
5447,Gris kött rå,Vatten,Kött färskt fryst tillagat ,71.1,g
5447,Gris kött rå,Tiamin,Kött färskt fryst tillagat ,0.79,mg
5447,Gris kött rå,Tillsatt socker,Kött färskt fryst tillagat ,0.0,g
5447,Gris kött rå,Fritt socker,Kött färskt fryst tillagat ,0.0,g
5447,Gris kött rå,"Selen, Se",Kött färskt fryst tillagat ,10.0,µg
5447,Gris kött rå,Sackaros,Kött färskt fryst tillagat ,0.0,g
5447,Gris kött rå,Riboflavin,Kött färskt fryst tillagat ,0.28,mg
5447,Gris kött rå,Retinol,Kött färskt fryst tillagat ,9.0,µg
5447,Gris kött rå,Protein,Kött färskt fryst tillagat ,19.2,g
5447,Gris kött rå,Summa fleromättade fettsyror,Kött färskt fryst tillagat ,1.0,g
5447,Gris kött rå,"Fosfor, P",Kött färskt fryst tillagat ,179.0,mg
5447,Gris kött rå,Niacinekvivalenter,Kött färskt fryst tillagat ,10.26,NE/mg
5447,Gris kött rå,Niacin,Kött färskt fryst tillagat ,6.74,mg
5447,Gris kött rå,"Salt, NaCl",Kött färskt fryst tillagat ,0.2,g
5447,Gris kött rå,"Natrium, Na",Kött färskt fryst tillagat ,61.0,mg
5447,Gris kött rå,Monosackarider,Kött färskt fryst tillagat ,0.0,g
5447,Gris kött rå,"Sockerarter, totalt",Kött färskt fryst tillagat ,0.0,g
5447,Gris kött rå,Summa enkelomättade fettsyror,Kött färskt fryst tillagat ,3.6,g
5447,Gris kött rå,"Magnesium, Mg",Kött färskt fryst tillagat ,25.0,mg
5447,Gris kött rå,Summa mättade fettsyror,Kött färskt fryst tillagat ,3.7,g
5447,Gris kött rå,"Kolhydrater, tillgängliga",Kött färskt fryst tillagat ,0.0,g
5447,Gris kött rå,Kolesterol,Kött färskt fryst tillagat ,57.0,mg
5447,Gris kött rå,"Kalium, K",Kött färskt fryst tillagat ,338.0,mg
5447,Gris kött rå,"Jod, I",Kött färskt fryst tillagat ,0.2,µg
5447,Gris kött rå,Fullkorn totalt,Kött färskt fryst tillagat ,0.0,g
5447,Gris kött rå,"Folat, totalt",Kött färskt fryst tillagat ,3.7,µg
5447,Gris kött rå,Fibrer,Kött färskt fryst tillagat ,0.0,g
5447,Gris kött rå,"Fett, totalt",Kött färskt fryst tillagat ,8.7,g
5447,Gris kött rå,"Järn, Fe",Kött färskt fryst tillagat ,1.3,mg
5447,Gris kött rå,Energi (kJ),Kött färskt fryst tillagat ,647.0,kJ
5447,Gris kött rå,Energi (kcal),Kött färskt fryst tillagat ,155.0,kcal
5447,Gris kött rå,Disackarider,Kött färskt fryst tillagat ,0.0,g
5447,Gris kött rå,"Kalcium, Ca",Kött färskt fryst tillagat ,9.0,mg
5447,Gris kött rå,Fettsyra 4:0-10:0,Kött färskt fryst tillagat ,0.0,g
5447,Gris kött rå,DHA (C22:6),Kött färskt fryst tillagat ,0.0,g
5447,Gris kött rå,DPA (C22:5),Kött färskt fryst tillagat ,0.0,g
5447,Gris kött rå,EPA (C20:5),Kött färskt fryst tillagat ,0.0,g
5447,Gris kött rå,Arakidonsyra C20:4,Kött färskt fryst tillagat ,0.0,g
5447,Gris kött rå,Arakidinsyra C20:0,Kött färskt fryst tillagat ,0.0,g
5447,Gris kött rå,Linolensyra C18:3,Kött färskt fryst tillagat ,0.0,g
5447,Gris kött rå,Linolsyra C18:2,Kött färskt fryst tillagat ,0.7,g
5447,Gris kött rå,Oljesyra C18:1,Kött färskt fryst tillagat ,3.2,g
5447,Gris kött rå,Stearinsyra C18:0,Kött färskt fryst tillagat ,1.3,g
5447,Gris kött rå,Palmitoljesyra C16:1,Kött färskt fryst tillagat ,0.3,g
5447,Gris kött rå,Palmitinsyra C16:0,Kött färskt fryst tillagat ,2.2,g
5447,Gris kött rå,Myristinsyra C14:0,Kött färskt fryst tillagat ,0.2,g
5447,Gris kött rå,Laurinsyra C12:0,Kött färskt fryst tillagat ,0.0,g
5447,Gris kött rå,Betakaroten/β-Karoten,Kött färskt fryst tillagat ,0.0,µg
5447,Gris kött rå,Avfall (skal etc.),Kött färskt fryst tillagat ,19.0,%
5447,Gris kött rå,Aska,Kött färskt fryst tillagat ,1.1,g
5447,Gris kött rå,Alkohol,Kött färskt fryst tillagat ,0.0,g
5452,Gratäng zucchinigratäng m. kalvfärs,"Zink, Zn",Köttprodukter kötträtter,1.4,mg
5452,Gratäng zucchinigratäng m. kalvfärs,Vitamin E,Köttprodukter kötträtter,0.9,mg
5452,Gratäng zucchinigratäng m. kalvfärs,Vitamin D,Köttprodukter kötträtter,0.04,µg
5452,Gratäng zucchinigratäng m. kalvfärs,Vitamin C,Köttprodukter kötträtter,10.0,mg
5452,Gratäng zucchinigratäng m. kalvfärs,Vitamin B6,Köttprodukter kötträtter,0.11,mg
5452,Gratäng zucchinigratäng m. kalvfärs,Vitamin B12,Köttprodukter kötträtter,0.33,µg
5452,Gratäng zucchinigratäng m. kalvfärs,Vitamin A,Köttprodukter kötträtter,74.0,RE/µg
5452,Gratäng zucchinigratäng m. kalvfärs,Vatten,Köttprodukter kötträtter,79.5,g
5452,Gratäng zucchinigratäng m. kalvfärs,Tiamin,Köttprodukter kötträtter,0.07,mg
5452,Gratäng zucchinigratäng m. kalvfärs,Tillsatt socker,Köttprodukter kötträtter,0.0,g
5452,Gratäng zucchinigratäng m. kalvfärs,Fritt socker,Köttprodukter kötträtter,0.0,g
5452,Gratäng zucchinigratäng m. kalvfärs,"Selen, Se",Köttprodukter kötträtter,2.2,µg
5452,Gratäng zucchinigratäng m. kalvfärs,Sackaros,Köttprodukter kötträtter,0.2,g
5452,Gratäng zucchinigratäng m. kalvfärs,Riboflavin,Köttprodukter kötträtter,0.07,mg
5452,Gratäng zucchinigratäng m. kalvfärs,Retinol,Köttprodukter kötträtter,46.8,µg
5452,Gratäng zucchinigratäng m. kalvfärs,Protein,Köttprodukter kötträtter,6.1,g
5452,Gratäng zucchinigratäng m. kalvfärs,Summa fleromättade fettsyror,Köttprodukter kötträtter,0.6,g
5452,Gratäng zucchinigratäng m. kalvfärs,"Fosfor, P",Köttprodukter kötträtter,89.0,mg
5452,Gratäng zucchinigratäng m. kalvfärs,Niacinekvivalenter,Köttprodukter kötträtter,2.71,NE/mg
5452,Gratäng zucchinigratäng m. kalvfärs,Niacin,Köttprodukter kötträtter,1.54,mg
5452,Gratäng zucchinigratäng m. kalvfärs,"Salt, NaCl",Köttprodukter kötträtter,0.3,g
5452,Gratäng zucchinigratäng m. kalvfärs,"Natrium, Na",Köttprodukter kötträtter,108.0,mg
5452,Gratäng zucchinigratäng m. kalvfärs,Monosackarider,Köttprodukter kötträtter,2.3,g
5452,Gratäng zucchinigratäng m. kalvfärs,"Sockerarter, totalt",Köttprodukter kötträtter,2.8,g
5452,Gratäng zucchinigratäng m. kalvfärs,Summa enkelomättade fettsyror,Köttprodukter kötträtter,3.0,g
5452,Gratäng zucchinigratäng m. kalvfärs,"Magnesium, Mg",Köttprodukter kötträtter,19.0,mg
5452,Gratäng zucchinigratäng m. kalvfärs,Summa mättade fettsyror,Köttprodukter kötträtter,4.6,g
5452,Gratäng zucchinigratäng m. kalvfärs,"Kolhydrater, tillgängliga",Köttprodukter kötträtter,3.1,g
5452,Gratäng zucchinigratäng m. kalvfärs,Kolesterol,Köttprodukter kötträtter,28.0,mg
5452,Gratäng zucchinigratäng m. kalvfärs,"Kalium, K",Köttprodukter kötträtter,228.0,mg
5452,Gratäng zucchinigratäng m. kalvfärs,"Jod, I",Köttprodukter kötträtter,11.9,µg
5452,Gratäng zucchinigratäng m. kalvfärs,Fullkorn totalt,Köttprodukter kötträtter,0.0,g
5452,Gratäng zucchinigratäng m. kalvfärs,"Folat, totalt",Köttprodukter kötträtter,14.9,µg
5452,Gratäng zucchinigratäng m. kalvfärs,Fibrer,Köttprodukter kötträtter,1.4,g
5452,Gratäng zucchinigratäng m. kalvfärs,"Fett, totalt",Köttprodukter kötträtter,8.8,g
5452,Gratäng zucchinigratäng m. kalvfärs,"Järn, Fe",Köttprodukter kötträtter,0.7,mg
5452,Gratäng zucchinigratäng m. kalvfärs,Energi (kJ),Köttprodukter kötträtter,494.0,kJ
5452,Gratäng zucchinigratäng m. kalvfärs,Energi (kcal),Köttprodukter kötträtter,118.0,kcal
5452,Gratäng zucchinigratäng m. kalvfärs,Disackarider,Köttprodukter kötträtter,0.5,g
5452,Gratäng zucchinigratäng m. kalvfärs,"Kalcium, Ca",Köttprodukter kötträtter,55.0,mg
5452,Gratäng zucchinigratäng m. kalvfärs,Fettsyra 4:0-10:0,Köttprodukter kötträtter,0.4,g
5452,Gratäng zucchinigratäng m. kalvfärs,DHA (C22:6),Köttprodukter kötträtter,0.0,g
5452,Gratäng zucchinigratäng m. kalvfärs,DPA (C22:5),Köttprodukter kötträtter,0.0,g
5452,Gratäng zucchinigratäng m. kalvfärs,EPA (C20:5),Köttprodukter kötträtter,0.0,g
5452,Gratäng zucchinigratäng m. kalvfärs,Arakidonsyra C20:4,Köttprodukter kötträtter,0.0,g
5452,Gratäng zucchinigratäng m. kalvfärs,Arakidinsyra C20:0,Köttprodukter kötträtter,0.0,g
5452,Gratäng zucchinigratäng m. kalvfärs,Linolensyra C18:3,Köttprodukter kötträtter,0.1,g
5452,Gratäng zucchinigratäng m. kalvfärs,Linolsyra C18:2,Köttprodukter kötträtter,0.4,g
5452,Gratäng zucchinigratäng m. kalvfärs,Oljesyra C18:1,Köttprodukter kötträtter,2.6,g
5452,Gratäng zucchinigratäng m. kalvfärs,Stearinsyra C18:0,Köttprodukter kötträtter,1.0,g
5452,Gratäng zucchinigratäng m. kalvfärs,Palmitoljesyra C16:1,Köttprodukter kötträtter,0.2,g
5452,Gratäng zucchinigratäng m. kalvfärs,Palmitinsyra C16:0,Köttprodukter kötträtter,2.3,g
5452,Gratäng zucchinigratäng m. kalvfärs,Myristinsyra C14:0,Köttprodukter kötträtter,0.6,g
5452,Gratäng zucchinigratäng m. kalvfärs,Laurinsyra C12:0,Köttprodukter kötträtter,0.2,g
5452,Gratäng zucchinigratäng m. kalvfärs,Betakaroten/β-Karoten,Köttprodukter kötträtter,313.0,µg
5452,Gratäng zucchinigratäng m. kalvfärs,Avfall (skal etc.),Köttprodukter kötträtter,3.0,%
5452,Gratäng zucchinigratäng m. kalvfärs,Aska,Köttprodukter kötträtter,1.1,g
5452,Gratäng zucchinigratäng m. kalvfärs,Alkohol,Köttprodukter kötträtter,0.0,g
5574,Toast m. ost skinka,"Zink, Zn",Pizza paj pirog färdig smörgås,1.6,mg
5574,Toast m. ost skinka,Vitamin E,Pizza paj pirog färdig smörgås,1.0,mg
5574,Toast m. ost skinka,Vitamin D,Pizza paj pirog färdig smörgås,0.19,µg
5574,Toast m. ost skinka,Vitamin C,Pizza paj pirog färdig smörgås,0.0,mg
5574,Toast m. ost skinka,Vitamin B6,Pizza paj pirog färdig smörgås,0.08,mg
5574,Toast m. ost skinka,Vitamin B12,Pizza paj pirog färdig smörgås,0.48,µg
5574,Toast m. ost skinka,Vitamin A,Pizza paj pirog färdig smörgås,127.1,RE/µg
5574,Toast m. ost skinka,Vatten,Pizza paj pirog färdig smörgås,43.2,g
5574,Toast m. ost skinka,Tiamin,Pizza paj pirog färdig smörgås,0.19,mg
5574,Toast m. ost skinka,Tillsatt socker,Pizza paj pirog färdig smörgås,2.0,g
5574,Toast m. ost skinka,Fritt socker,Pizza paj pirog färdig smörgås,2.0,g
5574,Toast m. ost skinka,"Selen, Se",Pizza paj pirog färdig smörgås,6.2,µg
5574,Toast m. ost skinka,Sackaros,Pizza paj pirog färdig smörgås,0.0,g
5574,Toast m. ost skinka,Riboflavin,Pizza paj pirog färdig smörgås,0.14,mg
5574,Toast m. ost skinka,Retinol,Pizza paj pirog färdig smörgås,121.8,µg
5574,Toast m. ost skinka,Protein,Pizza paj pirog färdig smörgås,15.2,g
5574,Toast m. ost skinka,Summa fleromättade fettsyror,Pizza paj pirog färdig smörgås,1.2,g
5574,Toast m. ost skinka,"Fosfor, P",Pizza paj pirog färdig smörgås,227.0,mg
5574,Toast m. ost skinka,Niacinekvivalenter,Pizza paj pirog färdig smörgås,4.88,NE/mg
5574,Toast m. ost skinka,Niacin,Pizza paj pirog färdig smörgås,1.8,mg
5574,Toast m. ost skinka,"Salt, NaCl",Pizza paj pirog färdig smörgås,1.6,g
5574,Toast m. ost skinka,"Natrium, Na",Pizza paj pirog färdig smörgås,636.0,mg
5574,Toast m. ost skinka,Monosackarider,Pizza paj pirog färdig smörgås,0.6,g
5574,Toast m. ost skinka,"Sockerarter, totalt",Pizza paj pirog färdig smörgås,2.3,g
5574,Toast m. ost skinka,Summa enkelomättade fettsyror,Pizza paj pirog färdig smörgås,4.2,g
5574,Toast m. ost skinka,"Magnesium, Mg",Pizza paj pirog färdig smörgås,23.0,mg
5574,Toast m. ost skinka,Summa mättade fettsyror,Pizza paj pirog färdig smörgås,7.3,g
5574,Toast m. ost skinka,"Kolhydrater, tillgängliga",Pizza paj pirog färdig smörgås,22.8,g
5574,Toast m. ost skinka,Kolesterol,Pizza paj pirog färdig smörgås,32.0,mg
5574,Toast m. ost skinka,"Kalium, K",Pizza paj pirog färdig smörgås,142.0,mg
5574,Toast m. ost skinka,"Jod, I",Pizza paj pirog färdig smörgås,3.7,µg
5574,Toast m. ost skinka,Fullkorn totalt,Pizza paj pirog färdig smörgås,0.0,g
5574,Toast m. ost skinka,"Folat, totalt",Pizza paj pirog färdig smörgås,14.3,µg
5574,Toast m. ost skinka,Fibrer,Pizza paj pirog färdig smörgås,2.3,g
5574,Toast m. ost skinka,"Fett, totalt",Pizza paj pirog färdig smörgås,14.0,g
5574,Toast m. ost skinka,"Järn, Fe",Pizza paj pirog färdig smörgås,0.5,mg
5574,Toast m. ost skinka,Energi (kJ),Pizza paj pirog färdig smörgås,1182.0,kJ
5574,Toast m. ost skinka,Energi (kcal),Pizza paj pirog färdig smörgås,282.0,kcal
5574,Toast m. ost skinka,Disackarider,Pizza paj pirog färdig smörgås,1.7,g
5574,Toast m. ost skinka,"Kalcium, Ca",Pizza paj pirog färdig smörgås,220.0,mg
5574,Toast m. ost skinka,Fettsyra 4:0-10:0,Pizza paj pirog färdig smörgås,0.8,g
5574,Toast m. ost skinka,DHA (C22:6),Pizza paj pirog färdig smörgås,0.0,g
5574,Toast m. ost skinka,DPA (C22:5),Pizza paj pirog färdig smörgås,0.0,g
5574,Toast m. ost skinka,EPA (C20:5),Pizza paj pirog färdig smörgås,0.0,g
5574,Toast m. ost skinka,Arakidonsyra C20:4,Pizza paj pirog färdig smörgås,0.0,g
5574,Toast m. ost skinka,Arakidinsyra C20:0,Pizza paj pirog färdig smörgås,0.0,g
5574,Toast m. ost skinka,Linolensyra C18:3,Pizza paj pirog färdig smörgås,0.3,g
5574,Toast m. ost skinka,Linolsyra C18:2,Pizza paj pirog färdig smörgås,0.9,g
5574,Toast m. ost skinka,Oljesyra C18:1,Pizza paj pirog färdig smörgås,3.9,g
5574,Toast m. ost skinka,Stearinsyra C18:0,Pizza paj pirog färdig smörgås,1.1,g
5574,Toast m. ost skinka,Palmitoljesyra C16:1,Pizza paj pirog färdig smörgås,0.2,g
5574,Toast m. ost skinka,Palmitinsyra C16:0,Pizza paj pirog färdig smörgås,3.5,g
5574,Toast m. ost skinka,Myristinsyra C14:0,Pizza paj pirog färdig smörgås,1.0,g
5574,Toast m. ost skinka,Laurinsyra C12:0,Pizza paj pirog färdig smörgås,0.5,g
5574,Toast m. ost skinka,Betakaroten/β-Karoten,Pizza paj pirog färdig smörgås,63.0,µg
5574,Toast m. ost skinka,Avfall (skal etc.),Pizza paj pirog färdig smörgås,0.0,%
5574,Toast m. ost skinka,Aska,Pizza paj pirog färdig smörgås,2.6,g
5574,Toast m. ost skinka,Alkohol,Pizza paj pirog färdig smörgås,0.0,g
5606,Naturgodis olika sorter,"Zink, Zn",Godis som innehåller choklad,1.0,mg
5606,Naturgodis olika sorter,Vitamin E,Godis som innehåller choklad,2.4,mg
5606,Naturgodis olika sorter,Vitamin D,Godis som innehåller choklad,1.6,µg
5606,Naturgodis olika sorter,Vitamin C,Godis som innehåller choklad,0.6,mg
5606,Naturgodis olika sorter,Vitamin B6,Godis som innehåller choklad,0.14,mg
5606,Naturgodis olika sorter,Vitamin B12,Godis som innehåller choklad,0.38,µg
5606,Naturgodis olika sorter,Vitamin A,Godis som innehåller choklad,38.2,RE/µg
5606,Naturgodis olika sorter,Vatten,Godis som innehåller choklad,3.2,g
5606,Naturgodis olika sorter,Tiamin,Godis som innehåller choklad,0.11,mg
5606,Naturgodis olika sorter,Tillsatt socker,Godis som innehåller choklad,40.0,g
5606,Naturgodis olika sorter,Fritt socker,Godis som innehåller choklad,40.0,g
5606,Naturgodis olika sorter,"Selen, Se",Godis som innehåller choklad,2.3,µg
5606,Naturgodis olika sorter,Sackaros,Godis som innehåller choklad,37.9,g
5606,Naturgodis olika sorter,Riboflavin,Godis som innehåller choklad,0.3,mg
5606,Naturgodis olika sorter,Retinol,Godis som innehåller choklad,35.7,µg
5606,Naturgodis olika sorter,Protein,Godis som innehåller choklad,6.6,g
5606,Naturgodis olika sorter,Summa fleromättade fettsyror,Godis som innehåller choklad,2.2,g
5606,Naturgodis olika sorter,"Fosfor, P",Godis som innehåller choklad,209.0,mg
5606,Naturgodis olika sorter,Niacinekvivalenter,Godis som innehåller choklad,1.79,NE/mg
5606,Naturgodis olika sorter,Niacin,Godis som innehåller choklad,0.67,mg
5606,Naturgodis olika sorter,"Salt, NaCl",Godis som innehåller choklad,0.3,g
5606,Naturgodis olika sorter,"Natrium, Na",Godis som innehåller choklad,120.0,mg
5606,Naturgodis olika sorter,Monosackarider,Godis som innehåller choklad,2.7,g
5606,Naturgodis olika sorter,"Sockerarter, totalt",Godis som innehåller choklad,49.7,g
5606,Naturgodis olika sorter,Summa enkelomättade fettsyror,Godis som innehåller choklad,10.2,g
5606,Naturgodis olika sorter,"Magnesium, Mg",Godis som innehåller choklad,65.0,mg
5606,Naturgodis olika sorter,Summa mättade fettsyror,Godis som innehåller choklad,15.2,g
5606,Naturgodis olika sorter,"Kolhydrater, tillgängliga",Godis som innehåller choklad,56.8,g
5606,Naturgodis olika sorter,Kolesterol,Godis som innehåller choklad,12.5,mg
5606,Naturgodis olika sorter,"Kalium, K",Godis som innehåller choklad,434.0,mg
5606,Naturgodis olika sorter,"Jod, I",Godis som innehåller choklad,4.2,µg
5606,Naturgodis olika sorter,Fullkorn totalt,Godis som innehåller choklad,0.0,g
5606,Naturgodis olika sorter,"Folat, totalt",Godis som innehåller choklad,16.0,µg
5606,Naturgodis olika sorter,Fibrer,Godis som innehåller choklad,2.9,g
5606,Naturgodis olika sorter,"Fett, totalt",Godis som innehåller choklad,28.8,g
5606,Naturgodis olika sorter,"Järn, Fe",Godis som innehåller choklad,2.2,mg
5606,Naturgodis olika sorter,Energi (kJ),Godis som innehåller choklad,2167.0,kJ
5606,Naturgodis olika sorter,Energi (kcal),Godis som innehåller choklad,518.0,kcal
5606,Naturgodis olika sorter,Disackarider,Godis som innehåller choklad,47.1,g
5606,Naturgodis olika sorter,"Kalcium, Ca",Godis som innehåller choklad,164.0,mg
5606,Naturgodis olika sorter,Fettsyra 4:0-10:0,Godis som innehåller choklad,0.4,g
5606,Naturgodis olika sorter,DHA (C22:6),Godis som innehåller choklad,0.0,g
5606,Naturgodis olika sorter,DPA (C22:5),Godis som innehåller choklad,0.0,g
5606,Naturgodis olika sorter,EPA (C20:5),Godis som innehåller choklad,0.0,g
5606,Naturgodis olika sorter,Arakidonsyra C20:4,Godis som innehåller choklad,0.0,g
5606,Naturgodis olika sorter,Arakidinsyra C20:0,Godis som innehåller choklad,0.2,g
5606,Naturgodis olika sorter,Linolensyra C18:3,Godis som innehåller choklad,0.1,g
5606,Naturgodis olika sorter,Linolsyra C18:2,Godis som innehåller choklad,2.1,g
5606,Naturgodis olika sorter,Oljesyra C18:1,Godis som innehåller choklad,10.0,g
5606,Naturgodis olika sorter,Stearinsyra C18:0,Godis som innehåller choklad,7.3,g
5606,Naturgodis olika sorter,Palmitoljesyra C16:1,Godis som innehåller choklad,0.1,g
5606,Naturgodis olika sorter,Palmitinsyra C16:0,Godis som innehåller choklad,5.8,g
5606,Naturgodis olika sorter,Myristinsyra C14:0,Godis som innehåller choklad,0.6,g
5606,Naturgodis olika sorter,Laurinsyra C12:0,Godis som innehåller choklad,0.7,g
5606,Naturgodis olika sorter,Betakaroten/β-Karoten,Godis som innehåller choklad,27.0,µg
5606,Naturgodis olika sorter,Avfall (skal etc.),Godis som innehåller choklad,4.0,%
5606,Naturgodis olika sorter,Aska,Godis som innehåller choklad,1.8,g
5606,Naturgodis olika sorter,Alkohol,Godis som innehåller choklad,0.0,g
5665,Pastagratäng m. kyckling,"Zink, Zn",Pastarätter,0.7,mg
5665,Pastagratäng m. kyckling,Vitamin E,Pastarätter,0.9,mg
5665,Pastagratäng m. kyckling,Vitamin D,Pastarätter,0.15,µg
5665,Pastagratäng m. kyckling,Vitamin C,Pastarätter,6.6,mg
5665,Pastagratäng m. kyckling,Vitamin B6,Pastarätter,0.1,mg
5665,Pastagratäng m. kyckling,Vitamin B12,Pastarätter,0.19,µg
5665,Pastagratäng m. kyckling,Vitamin A,Pastarätter,138.2,RE/µg
5665,Pastagratäng m. kyckling,Vatten,Pastarätter,69.3,g
5665,Pastagratäng m. kyckling,Tiamin,Pastarätter,0.05,mg
5665,Pastagratäng m. kyckling,Tillsatt socker,Pastarätter,0.0,g
5665,Pastagratäng m. kyckling,Fritt socker,Pastarätter,0.0,g
5665,Pastagratäng m. kyckling,"Selen, Se",Pastarätter,7.9,µg
5665,Pastagratäng m. kyckling,Sackaros,Pastarätter,0.3,g
5665,Pastagratäng m. kyckling,Riboflavin,Pastarätter,0.12,mg
5665,Pastagratäng m. kyckling,Retinol,Pastarätter,97.1,µg
5665,Pastagratäng m. kyckling,Protein,Pastarätter,7.6,g
5665,Pastagratäng m. kyckling,Summa fleromättade fettsyror,Pastarätter,0.7,g
5665,Pastagratäng m. kyckling,"Fosfor, P",Pastarätter,117.0,mg
5665,Pastagratäng m. kyckling,Niacinekvivalenter,Pastarätter,3.63,NE/mg
5665,Pastagratäng m. kyckling,Niacin,Pastarätter,2.21,mg
5665,Pastagratäng m. kyckling,"Salt, NaCl",Pastarätter,1.1,g
5665,Pastagratäng m. kyckling,"Natrium, Na",Pastarätter,427.0,mg
5665,Pastagratäng m. kyckling,Monosackarider,Pastarätter,0.9,g
5665,Pastagratäng m. kyckling,"Sockerarter, totalt",Pastarätter,2.0,g
5665,Pastagratäng m. kyckling,Summa enkelomättade fettsyror,Pastarätter,3.0,g
5665,Pastagratäng m. kyckling,"Magnesium, Mg",Pastarätter,24.0,mg
5665,Pastagratäng m. kyckling,Summa mättade fettsyror,Pastarätter,7.3,g
5665,Pastagratäng m. kyckling,"Kolhydrater, tillgängliga",Pastarätter,8.6,g
5665,Pastagratäng m. kyckling,Kolesterol,Pastarätter,38.9,mg
5665,Pastagratäng m. kyckling,"Kalium, K",Pastarätter,219.0,mg
5665,Pastagratäng m. kyckling,"Jod, I",Pastarätter,9.5,µg
5665,Pastagratäng m. kyckling,Fullkorn totalt,Pastarätter,0.0,g
5665,Pastagratäng m. kyckling,"Folat, totalt",Pastarätter,19.0,µg
5665,Pastagratäng m. kyckling,Fibrer,Pastarätter,1.1,g
5665,Pastagratäng m. kyckling,"Fett, totalt",Pastarätter,11.8,g
5665,Pastagratäng m. kyckling,"Järn, Fe",Pastarätter,0.6,mg
5665,Pastagratäng m. kyckling,Energi (kJ),Pastarätter,719.0,kJ
5665,Pastagratäng m. kyckling,Energi (kcal),Pastarätter,172.0,kcal
5665,Pastagratäng m. kyckling,Disackarider,Pastarätter,1.0,g
5665,Pastagratäng m. kyckling,"Kalcium, Ca",Pastarätter,66.0,mg
5665,Pastagratäng m. kyckling,Fettsyra 4:0-10:0,Pastarätter,0.6,g
5665,Pastagratäng m. kyckling,DHA (C22:6),Pastarätter,0.0,g
5665,Pastagratäng m. kyckling,DPA (C22:5),Pastarätter,0.0,g
5665,Pastagratäng m. kyckling,EPA (C20:5),Pastarätter,0.0,g
5665,Pastagratäng m. kyckling,Arakidonsyra C20:4,Pastarätter,0.0,g
5665,Pastagratäng m. kyckling,Arakidinsyra C20:0,Pastarätter,0.0,g
5665,Pastagratäng m. kyckling,Linolensyra C18:3,Pastarätter,0.1,g
5665,Pastagratäng m. kyckling,Linolsyra C18:2,Pastarätter,0.6,g
5665,Pastagratäng m. kyckling,Oljesyra C18:1,Pastarätter,2.6,g
5665,Pastagratäng m. kyckling,Stearinsyra C18:0,Pastarätter,1.2,g
5665,Pastagratäng m. kyckling,Palmitoljesyra C16:1,Pastarätter,0.2,g
5665,Pastagratäng m. kyckling,Palmitinsyra C16:0,Pastarätter,3.7,g
5665,Pastagratäng m. kyckling,Myristinsyra C14:0,Pastarätter,1.2,g
5665,Pastagratäng m. kyckling,Laurinsyra C12:0,Pastarätter,0.3,g
5665,Pastagratäng m. kyckling,Betakaroten/β-Karoten,Pastarätter,487.0,µg
5665,Pastagratäng m. kyckling,Avfall (skal etc.),Pastarätter,6.0,%
5665,Pastagratäng m. kyckling,Aska,Pastarätter,1.7,g
5665,Pastagratäng m. kyckling,Alkohol,Pastarätter,0.0,g
5726,Tomatsås till pizza hemlagad,"Zink, Zn",Grönsaker,0.2,mg
5726,Tomatsås till pizza hemlagad,Vitamin E,Grönsaker,2.9,mg
5726,Tomatsås till pizza hemlagad,Vitamin D,Grönsaker,0.0,µg
5726,Tomatsås till pizza hemlagad,Vitamin C,Grönsaker,9.0,mg
5726,Tomatsås till pizza hemlagad,Vitamin B6,Grönsaker,0.1,mg
5726,Tomatsås till pizza hemlagad,Vitamin B12,Grönsaker,0.0,µg
5726,Tomatsås till pizza hemlagad,Vitamin A,Grönsaker,38.5,RE/µg
5726,Tomatsås till pizza hemlagad,Vatten,Grönsaker,80.1,g
5726,Tomatsås till pizza hemlagad,Tiamin,Grönsaker,0.11,mg
5726,Tomatsås till pizza hemlagad,Tillsatt socker,Grönsaker,1.0,g
5726,Tomatsås till pizza hemlagad,Fritt socker,Grönsaker,3.0,g
5726,Tomatsås till pizza hemlagad,"Selen, Se",Grönsaker,0.2,µg
5726,Tomatsås till pizza hemlagad,Sackaros,Grönsaker,1.3,g
5726,Tomatsås till pizza hemlagad,Riboflavin,Grönsaker,0.02,mg
5726,Tomatsås till pizza hemlagad,Retinol,Grönsaker,0.0,µg
5726,Tomatsås till pizza hemlagad,Protein,Grönsaker,1.4,g
5726,Tomatsås till pizza hemlagad,Summa fleromättade fettsyror,Grönsaker,0.7,g
5726,Tomatsås till pizza hemlagad,"Fosfor, P",Grönsaker,34.0,mg
5726,Tomatsås till pizza hemlagad,Niacinekvivalenter,Grönsaker,1.35,NE/mg
5726,Tomatsås till pizza hemlagad,Niacin,Grönsaker,1.12,mg
5726,Tomatsås till pizza hemlagad,"Salt, NaCl",Grönsaker,1.0,g
5726,Tomatsås till pizza hemlagad,"Natrium, Na",Grönsaker,424.0,mg
5726,Tomatsås till pizza hemlagad,Monosackarider,Grönsaker,5.5,g
5726,Tomatsås till pizza hemlagad,"Sockerarter, totalt",Grönsaker,6.8,g
5726,Tomatsås till pizza hemlagad,Summa enkelomättade fettsyror,Grönsaker,4.8,g
5726,Tomatsås till pizza hemlagad,"Magnesium, Mg",Grönsaker,19.0,mg
5726,Tomatsås till pizza hemlagad,Summa mättade fettsyror,Grönsaker,1.0,g
5726,Tomatsås till pizza hemlagad,"Kolhydrater, tillgängliga",Grönsaker,7.7,g
5726,Tomatsås till pizza hemlagad,Kolesterol,Grönsaker,0.0,mg
5726,Tomatsås till pizza hemlagad,"Kalium, K",Grönsaker,276.0,mg
5726,Tomatsås till pizza hemlagad,"Jod, I",Grönsaker,56.4,µg
5726,Tomatsås till pizza hemlagad,Fullkorn totalt,Grönsaker,0.0,g
5726,Tomatsås till pizza hemlagad,"Folat, totalt",Grönsaker,15.5,µg
5726,Tomatsås till pizza hemlagad,Fibrer,Grönsaker,1.8,g
5726,Tomatsås till pizza hemlagad,"Fett, totalt",Grönsaker,6.8,g
5726,Tomatsås till pizza hemlagad,"Järn, Fe",Grönsaker,0.9,mg
5726,Tomatsås till pizza hemlagad,Energi (kJ),Grönsaker,420.0,kJ
5726,Tomatsås till pizza hemlagad,Energi (kcal),Grönsaker,100.0,kcal
5726,Tomatsås till pizza hemlagad,Disackarider,Grönsaker,1.3,g
5726,Tomatsås till pizza hemlagad,"Kalcium, Ca",Grönsaker,25.0,mg
5726,Tomatsås till pizza hemlagad,Fettsyra 4:0-10:0,Grönsaker,0.0,g
5726,Tomatsås till pizza hemlagad,DHA (C22:6),Grönsaker,0.0,g
5726,Tomatsås till pizza hemlagad,DPA (C22:5),Grönsaker,0.0,g
5726,Tomatsås till pizza hemlagad,EPA (C20:5),Grönsaker,0.0,g
5726,Tomatsås till pizza hemlagad,Arakidonsyra C20:4,Grönsaker,0.0,g
5726,Tomatsås till pizza hemlagad,Arakidinsyra C20:0,Grönsaker,0.0,g
5726,Tomatsås till pizza hemlagad,Linolensyra C18:3,Grönsaker,0.1,g
5726,Tomatsås till pizza hemlagad,Linolsyra C18:2,Grönsaker,0.6,g
5726,Tomatsås till pizza hemlagad,Oljesyra C18:1,Grönsaker,4.7,g
5726,Tomatsås till pizza hemlagad,Stearinsyra C18:0,Grönsaker,0.2,g
5726,Tomatsås till pizza hemlagad,Palmitoljesyra C16:1,Grönsaker,0.1,g
5726,Tomatsås till pizza hemlagad,Palmitinsyra C16:0,Grönsaker,0.8,g
5726,Tomatsås till pizza hemlagad,Myristinsyra C14:0,Grönsaker,0.0,g
5726,Tomatsås till pizza hemlagad,Laurinsyra C12:0,Grönsaker,0.0,g
5726,Tomatsås till pizza hemlagad,Betakaroten/β-Karoten,Grönsaker,444.0,µg
5726,Tomatsås till pizza hemlagad,Avfall (skal etc.),Grönsaker,1.0,%
5726,Tomatsås till pizza hemlagad,Aska,Grönsaker,2.2,g
5726,Tomatsås till pizza hemlagad,Alkohol,Grönsaker,0.0,g
5727,"Minimjölk fett < 0,1% berikad","Zink, Zn",Mjölk,0.4,mg
5727,"Minimjölk fett < 0,1% berikad",Vitamin E,Mjölk,0.0,mg
5727,"Minimjölk fett < 0,1% berikad",Vitamin D,Mjölk,1.0,µg
5727,"Minimjölk fett < 0,1% berikad",Vitamin C,Mjölk,0.6,mg
5727,"Minimjölk fett < 0,1% berikad",Vitamin B6,Mjölk,0.05,mg
5727,"Minimjölk fett < 0,1% berikad",Vitamin B12,Mjölk,0.45,µg
5727,"Minimjölk fett < 0,1% berikad",Vitamin A,Mjölk,0.8,RE/µg
5727,"Minimjölk fett < 0,1% berikad",Vatten,Mjölk,90.7,g
5727,"Minimjölk fett < 0,1% berikad",Tiamin,Mjölk,0.04,mg
5727,"Minimjölk fett < 0,1% berikad",Tillsatt socker,Mjölk,0.0,g
5727,"Minimjölk fett < 0,1% berikad",Fritt socker,Mjölk,0.0,g
5727,"Minimjölk fett < 0,1% berikad","Selen, Se",Mjölk,1.7,µg
5727,"Minimjölk fett < 0,1% berikad",Sackaros,Mjölk,0.0,g
5727,"Minimjölk fett < 0,1% berikad",Riboflavin,Mjölk,0.14,mg
5727,"Minimjölk fett < 0,1% berikad",Retinol,Mjölk,0.8,µg
5727,"Minimjölk fett < 0,1% berikad",Protein,Mjölk,3.6,g
5727,"Minimjölk fett < 0,1% berikad",Summa fleromättade fettsyror,Mjölk,0.0,g
5727,"Minimjölk fett < 0,1% berikad","Fosfor, P",Mjölk,142.0,mg
5727,"Minimjölk fett < 0,1% berikad",Niacinekvivalenter,Mjölk,1.0,NE/mg
5727,"Minimjölk fett < 0,1% berikad",Niacin,Mjölk,0.11,mg
5727,"Minimjölk fett < 0,1% berikad","Salt, NaCl",Mjölk,0.1,g
5727,"Minimjölk fett < 0,1% berikad","Natrium, Na",Mjölk,35.0,mg
5727,"Minimjölk fett < 0,1% berikad",Monosackarider,Mjölk,0.0,g
5727,"Minimjölk fett < 0,1% berikad","Sockerarter, totalt",Mjölk,4.8,g
5727,"Minimjölk fett < 0,1% berikad",Summa enkelomättade fettsyror,Mjölk,0.0,g
5727,"Minimjölk fett < 0,1% berikad","Magnesium, Mg",Mjölk,11.0,mg
5727,"Minimjölk fett < 0,1% berikad",Summa mättade fettsyror,Mjölk,0.0,g
5727,"Minimjölk fett < 0,1% berikad","Kolhydrater, tillgängliga",Mjölk,4.8,g
5727,"Minimjölk fett < 0,1% berikad",Kolesterol,Mjölk,2.4,mg
5727,"Minimjölk fett < 0,1% berikad","Kalium, K",Mjölk,163.0,mg
5727,"Minimjölk fett < 0,1% berikad","Jod, I",Mjölk,22.7,µg
5727,"Minimjölk fett < 0,1% berikad",Fullkorn totalt,Mjölk,0.0,g
5727,"Minimjölk fett < 0,1% berikad","Folat, totalt",Mjölk,9.1,µg
5727,"Minimjölk fett < 0,1% berikad",Fibrer,Mjölk,0.0,g
5727,"Minimjölk fett < 0,1% berikad","Fett, totalt",Mjölk,0.0,g
5727,"Minimjölk fett < 0,1% berikad","Järn, Fe",Mjölk,0.0,mg
5727,"Minimjölk fett < 0,1% berikad",Energi (kJ),Mjölk,145.0,kJ
5727,"Minimjölk fett < 0,1% berikad",Energi (kcal),Mjölk,35.0,kcal
5727,"Minimjölk fett < 0,1% berikad",Disackarider,Mjölk,4.8,g
5727,"Minimjölk fett < 0,1% berikad","Kalcium, Ca",Mjölk,126.0,mg
5727,"Minimjölk fett < 0,1% berikad",Fettsyra 4:0-10:0,Mjölk,0.0,g
5727,"Minimjölk fett < 0,1% berikad",DHA (C22:6),Mjölk,0.0,g
5727,"Minimjölk fett < 0,1% berikad",DPA (C22:5),Mjölk,0.0,g
5727,"Minimjölk fett < 0,1% berikad",EPA (C20:5),Mjölk,0.0,g
5727,"Minimjölk fett < 0,1% berikad",Arakidonsyra C20:4,Mjölk,0.0,g
5727,"Minimjölk fett < 0,1% berikad",Arakidinsyra C20:0,Mjölk,0.0,g
5727,"Minimjölk fett < 0,1% berikad",Linolensyra C18:3,Mjölk,0.0,g
5727,"Minimjölk fett < 0,1% berikad",Linolsyra C18:2,Mjölk,0.0,g
5727,"Minimjölk fett < 0,1% berikad",Oljesyra C18:1,Mjölk,0.0,g
5727,"Minimjölk fett < 0,1% berikad",Stearinsyra C18:0,Mjölk,0.0,g
5727,"Minimjölk fett < 0,1% berikad",Palmitoljesyra C16:1,Mjölk,0.0,g
5727,"Minimjölk fett < 0,1% berikad",Palmitinsyra C16:0,Mjölk,0.0,g
5727,"Minimjölk fett < 0,1% berikad",Myristinsyra C14:0,Mjölk,0.0,g
5727,"Minimjölk fett < 0,1% berikad",Laurinsyra C12:0,Mjölk,0.0,g
5727,"Minimjölk fett < 0,1% berikad",Betakaroten/β-Karoten,Mjölk,1.0,µg
5727,"Minimjölk fett < 0,1% berikad",Avfall (skal etc.),Mjölk,0.0,%
5727,"Minimjölk fett < 0,1% berikad",Aska,Mjölk,0.8,g
5727,"Minimjölk fett < 0,1% berikad",Alkohol,Mjölk,0.0,g
5753,Örtagårdssås m. gräddfil,"Zink, Zn",Sås dressing majonnäs ,0.5,mg
5753,Örtagårdssås m. gräddfil,Vitamin E,Sås dressing majonnäs ,5.5,mg
5753,Örtagårdssås m. gräddfil,Vitamin D,Sås dressing majonnäs ,0.07,µg
5753,Örtagårdssås m. gräddfil,Vitamin C,Sås dressing majonnäs ,16.7,mg
5753,Örtagårdssås m. gräddfil,Vitamin B6,Sås dressing majonnäs ,0.07,mg
5753,Örtagårdssås m. gräddfil,Vitamin B12,Sås dressing majonnäs ,0.07,µg
5753,Örtagårdssås m. gräddfil,Vitamin A,Sås dressing majonnäs ,130.4,RE/µg
5753,Örtagårdssås m. gräddfil,Vatten,Sås dressing majonnäs ,61.1,g
5753,Örtagårdssås m. gräddfil,Tiamin,Sås dressing majonnäs ,0.04,mg
5753,Örtagårdssås m. gräddfil,Tillsatt socker,Sås dressing majonnäs ,1.0,g
5753,Örtagårdssås m. gräddfil,Fritt socker,Sås dressing majonnäs ,1.0,g
5753,Örtagårdssås m. gräddfil,"Selen, Se",Sås dressing majonnäs ,2.6,µg
5753,Örtagårdssås m. gräddfil,Sackaros,Sås dressing majonnäs ,0.7,g
5753,Örtagårdssås m. gräddfil,Riboflavin,Sås dressing majonnäs ,0.13,mg
5753,Örtagårdssås m. gräddfil,Retinol,Sås dressing majonnäs ,70.8,µg
5753,Örtagårdssås m. gräddfil,Protein,Sås dressing majonnäs ,2.5,g
5753,Örtagårdssås m. gräddfil,Summa fleromättade fettsyror,Sås dressing majonnäs ,4.6,g
5753,Örtagårdssås m. gräddfil,"Fosfor, P",Sås dressing majonnäs ,77.0,mg
5753,Örtagårdssås m. gräddfil,Niacinekvivalenter,Sås dressing majonnäs ,0.86,NE/mg
5753,Örtagårdssås m. gräddfil,Niacin,Sås dressing majonnäs ,0.32,mg
5753,Örtagårdssås m. gräddfil,"Salt, NaCl",Sås dressing majonnäs ,1.6,g
5753,Örtagårdssås m. gräddfil,"Natrium, Na",Sås dressing majonnäs ,656.0,mg
5753,Örtagårdssås m. gräddfil,Monosackarider,Sås dressing majonnäs ,0.8,g
5753,Örtagårdssås m. gräddfil,"Sockerarter, totalt",Sås dressing majonnäs ,3.3,g
5753,Örtagårdssås m. gräddfil,Summa enkelomättade fettsyror,Sås dressing majonnäs ,15.9,g
5753,Örtagårdssås m. gräddfil,"Magnesium, Mg",Sås dressing majonnäs ,15.0,mg
5753,Örtagårdssås m. gräddfil,Summa mättade fettsyror,Sås dressing majonnäs ,6.5,g
5753,Örtagårdssås m. gräddfil,"Kolhydrater, tillgängliga",Sås dressing majonnäs ,5.0,g
5753,Örtagårdssås m. gräddfil,Kolesterol,Sås dressing majonnäs ,38.8,mg
5753,Örtagårdssås m. gräddfil,"Kalium, K",Sås dressing majonnäs ,182.0,mg
5753,Örtagårdssås m. gräddfil,"Jod, I",Sås dressing majonnäs ,92.5,µg
5753,Örtagårdssås m. gräddfil,Fullkorn totalt,Sås dressing majonnäs ,0.0,g
5753,Örtagårdssås m. gräddfil,"Folat, totalt",Sås dressing majonnäs ,28.2,µg
5753,Örtagårdssås m. gräddfil,Fibrer,Sås dressing majonnäs ,0.6,g
5753,Örtagårdssås m. gräddfil,"Fett, totalt",Sås dressing majonnäs ,28.4,g
5753,Örtagårdssås m. gräddfil,"Järn, Fe",Sås dressing majonnäs ,0.8,mg
5753,Örtagårdssås m. gräddfil,Energi (kJ),Sås dressing majonnäs ,1183.0,kJ
5753,Örtagårdssås m. gräddfil,Energi (kcal),Sås dressing majonnäs ,283.0,kcal
5753,Örtagårdssås m. gräddfil,Disackarider,Sås dressing majonnäs ,2.5,g
5753,Örtagårdssås m. gräddfil,"Kalcium, Ca",Sås dressing majonnäs ,117.0,mg
5753,Örtagårdssås m. gräddfil,Fettsyra 4:0-10:0,Sås dressing majonnäs ,0.4,g
5753,Örtagårdssås m. gräddfil,DHA (C22:6),Sås dressing majonnäs ,0.0,g
5753,Örtagårdssås m. gräddfil,DPA (C22:5),Sås dressing majonnäs ,0.0,g
5753,Örtagårdssås m. gräddfil,EPA (C20:5),Sås dressing majonnäs ,0.0,g
5753,Örtagårdssås m. gräddfil,Arakidonsyra C20:4,Sås dressing majonnäs ,0.0,g
5753,Örtagårdssås m. gräddfil,Arakidinsyra C20:0,Sås dressing majonnäs ,0.1,g
5753,Örtagårdssås m. gräddfil,Linolensyra C18:3,Sås dressing majonnäs ,1.2,g
5753,Örtagårdssås m. gräddfil,Linolsyra C18:2,Sås dressing majonnäs ,3.3,g
5753,Örtagårdssås m. gräddfil,Oljesyra C18:1,Sås dressing majonnäs ,15.3,g
5753,Örtagårdssås m. gräddfil,Stearinsyra C18:0,Sås dressing majonnäs ,1.0,g
5753,Örtagårdssås m. gräddfil,Palmitoljesyra C16:1,Sås dressing majonnäs ,0.2,g
5753,Örtagårdssås m. gräddfil,Palmitinsyra C16:0,Sås dressing majonnäs ,3.6,g
5753,Örtagårdssås m. gräddfil,Myristinsyra C14:0,Sås dressing majonnäs ,0.7,g
5753,Örtagårdssås m. gräddfil,Laurinsyra C12:0,Sås dressing majonnäs ,0.2,g
5753,Örtagårdssås m. gräddfil,Betakaroten/β-Karoten,Sås dressing majonnäs ,714.0,µg
5753,Örtagårdssås m. gräddfil,Avfall (skal etc.),Sås dressing majonnäs ,1.0,%
5753,Örtagårdssås m. gräddfil,Aska,Sås dressing majonnäs ,2.4,g
5753,Örtagårdssås m. gräddfil,Alkohol,Sås dressing majonnäs ,0.0,g
5756,Köttfärssås Bolognese m. nötfärs bacon,"Zink, Zn",Köttprodukter kötträtter,1.7,mg
5756,Köttfärssås Bolognese m. nötfärs bacon,Vitamin E,Köttprodukter kötträtter,1.1,mg
5756,Köttfärssås Bolognese m. nötfärs bacon,Vitamin D,Köttprodukter kötträtter,0.17,µg
5756,Köttfärssås Bolognese m. nötfärs bacon,Vitamin C,Köttprodukter kötträtter,2.3,mg
5756,Köttfärssås Bolognese m. nötfärs bacon,Vitamin B6,Köttprodukter kötträtter,0.1,mg
5756,Köttfärssås Bolognese m. nötfärs bacon,Vitamin B12,Köttprodukter kötträtter,0.26,µg
5756,Köttfärssås Bolognese m. nötfärs bacon,Vitamin A,Köttprodukter kötträtter,95.0,RE/µg
5756,Köttfärssås Bolognese m. nötfärs bacon,Vatten,Köttprodukter kötträtter,78.6,g
5756,Köttfärssås Bolognese m. nötfärs bacon,Tiamin,Köttprodukter kötträtter,0.06,mg
5756,Köttfärssås Bolognese m. nötfärs bacon,Tillsatt socker,Köttprodukter kötträtter,0.0,g
5756,Köttfärssås Bolognese m. nötfärs bacon,Fritt socker,Köttprodukter kötträtter,0.0,g
5756,Köttfärssås Bolognese m. nötfärs bacon,"Selen, Se",Köttprodukter kötträtter,2.1,µg
5756,Köttfärssås Bolognese m. nötfärs bacon,Sackaros,Köttprodukter kötträtter,0.7,g
5756,Köttfärssås Bolognese m. nötfärs bacon,Riboflavin,Köttprodukter kötträtter,0.05,mg
5756,Köttfärssås Bolognese m. nötfärs bacon,Retinol,Köttprodukter kötträtter,7.2,µg
5756,Köttfärssås Bolognese m. nötfärs bacon,Protein,Köttprodukter kötträtter,7.5,g
5756,Köttfärssås Bolognese m. nötfärs bacon,Summa fleromättade fettsyror,Köttprodukter kötträtter,1.0,g
5756,Köttfärssås Bolognese m. nötfärs bacon,"Fosfor, P",Köttprodukter kötträtter,79.0,mg
5756,Köttfärssås Bolognese m. nötfärs bacon,Niacinekvivalenter,Köttprodukter kötträtter,3.08,NE/mg
5756,Köttfärssås Bolognese m. nötfärs bacon,Niacin,Köttprodukter kötträtter,1.73,mg
5756,Köttfärssås Bolognese m. nötfärs bacon,"Salt, NaCl",Köttprodukter kötträtter,1.2,g
5756,Köttfärssås Bolognese m. nötfärs bacon,"Natrium, Na",Köttprodukter kötträtter,471.0,mg
5756,Köttfärssås Bolognese m. nötfärs bacon,Monosackarider,Köttprodukter kötträtter,1.5,g
5756,Köttfärssås Bolognese m. nötfärs bacon,"Sockerarter, totalt",Köttprodukter kötträtter,2.2,g
5756,Köttfärssås Bolognese m. nötfärs bacon,Summa enkelomättade fettsyror,Köttprodukter kötträtter,3.4,g
5756,Köttfärssås Bolognese m. nötfärs bacon,"Magnesium, Mg",Köttprodukter kötträtter,14.0,mg
5756,Köttfärssås Bolognese m. nötfärs bacon,Summa mättade fettsyror,Köttprodukter kötträtter,2.3,g
5756,Köttfärssås Bolognese m. nötfärs bacon,"Kolhydrater, tillgängliga",Köttprodukter kötträtter,3.0,g
5756,Köttfärssås Bolognese m. nötfärs bacon,Kolesterol,Köttprodukter kötträtter,21.2,mg
5756,Köttfärssås Bolognese m. nötfärs bacon,"Kalium, K",Köttprodukter kötträtter,159.0,mg
5756,Köttfärssås Bolognese m. nötfärs bacon,"Jod, I",Köttprodukter kötträtter,26.2,µg
5756,Köttfärssås Bolognese m. nötfärs bacon,Fullkorn totalt,Köttprodukter kötträtter,0.0,g
5756,Köttfärssås Bolognese m. nötfärs bacon,"Folat, totalt",Köttprodukter kötträtter,7.4,µg
5756,Köttfärssås Bolognese m. nötfärs bacon,Fibrer,Köttprodukter kötträtter,0.9,g
5756,Köttfärssås Bolognese m. nötfärs bacon,"Fett, totalt",Köttprodukter kötträtter,7.1,g
5756,Köttfärssås Bolognese m. nötfärs bacon,"Järn, Fe",Köttprodukter kötträtter,0.8,mg
5756,Köttfärssås Bolognese m. nötfärs bacon,Energi (kJ),Köttprodukter kötträtter,461.0,kJ
5756,Köttfärssås Bolognese m. nötfärs bacon,Energi (kcal),Köttprodukter kötträtter,110.0,kcal
5756,Köttfärssås Bolognese m. nötfärs bacon,Disackarider,Köttprodukter kötträtter,0.7,g
5756,Köttfärssås Bolognese m. nötfärs bacon,"Kalcium, Ca",Köttprodukter kötträtter,16.0,mg
5756,Köttfärssås Bolognese m. nötfärs bacon,Fettsyra 4:0-10:0,Köttprodukter kötträtter,0.0,g
5756,Köttfärssås Bolognese m. nötfärs bacon,DHA (C22:6),Köttprodukter kötträtter,0.0,g
5756,Köttfärssås Bolognese m. nötfärs bacon,DPA (C22:5),Köttprodukter kötträtter,0.0,g
5756,Köttfärssås Bolognese m. nötfärs bacon,EPA (C20:5),Köttprodukter kötträtter,0.0,g
5756,Köttfärssås Bolognese m. nötfärs bacon,Arakidonsyra C20:4,Köttprodukter kötträtter,0.0,g
5756,Köttfärssås Bolognese m. nötfärs bacon,Arakidinsyra C20:0,Köttprodukter kötträtter,0.0,g
5756,Köttfärssås Bolognese m. nötfärs bacon,Linolensyra C18:3,Köttprodukter kötträtter,0.2,g
5756,Köttfärssås Bolognese m. nötfärs bacon,Linolsyra C18:2,Köttprodukter kötträtter,0.7,g
5756,Köttfärssås Bolognese m. nötfärs bacon,Oljesyra C18:1,Köttprodukter kötträtter,3.1,g
5756,Köttfärssås Bolognese m. nötfärs bacon,Stearinsyra C18:0,Köttprodukter kötträtter,0.7,g
5756,Köttfärssås Bolognese m. nötfärs bacon,Palmitoljesyra C16:1,Köttprodukter kötträtter,0.2,g
5756,Köttfärssås Bolognese m. nötfärs bacon,Palmitinsyra C16:0,Köttprodukter kötträtter,1.3,g
5756,Köttfärssås Bolognese m. nötfärs bacon,Myristinsyra C14:0,Köttprodukter kötträtter,0.1,g
5756,Köttfärssås Bolognese m. nötfärs bacon,Laurinsyra C12:0,Köttprodukter kötträtter,0.0,g
5756,Köttfärssås Bolognese m. nötfärs bacon,Betakaroten/β-Karoten,Köttprodukter kötträtter,859.0,µg
5756,Köttfärssås Bolognese m. nötfärs bacon,Avfall (skal etc.),Köttprodukter kötträtter,2.0,%
5756,Köttfärssås Bolognese m. nötfärs bacon,Aska,Köttprodukter kötträtter,1.9,g
5756,Köttfärssås Bolognese m. nötfärs bacon,Alkohol,Köttprodukter kötträtter,0.33,g
5758,Aioli,"Zink, Zn",Sås dressing majonnäs ,0.3,mg
5758,Aioli,Vitamin E,Sås dressing majonnäs ,19.9,mg
5758,Aioli,Vitamin D,Sås dressing majonnäs ,0.28,µg
5758,Aioli,Vitamin C,Sås dressing majonnäs ,1.3,mg
5758,Aioli,Vitamin B6,Sås dressing majonnäs ,0.04,mg
5758,Aioli,Vitamin B12,Sås dressing majonnäs ,0.28,µg
5758,Aioli,Vitamin A,Sås dressing majonnäs ,53.1,RE/µg
5758,Aioli,Vatten,Sås dressing majonnäs ,10.8,g
5758,Aioli,Tiamin,Sås dressing majonnäs ,0.03,mg
5758,Aioli,Tillsatt socker,Sås dressing majonnäs ,0.0,g
5758,Aioli,Fritt socker,Sås dressing majonnäs ,0.0,g
5758,Aioli,"Selen, Se",Sås dressing majonnäs ,4.6,µg
5758,Aioli,Sackaros,Sås dressing majonnäs ,0.1,g
5758,Aioli,Riboflavin,Sås dressing majonnäs ,0.06,mg
5758,Aioli,Retinol,Sås dressing majonnäs ,51.5,µg
5758,Aioli,Protein,Sås dressing majonnäs ,1.6,g
5758,Aioli,Summa fleromättade fettsyror,Sås dressing majonnäs ,16.4,g
5758,Aioli,"Fosfor, P",Sås dressing majonnäs ,46.0,mg
5758,Aioli,Niacinekvivalenter,Sås dressing majonnäs ,0.39,NE/mg
5758,Aioli,Niacin,Sås dressing majonnäs ,0.02,mg
5758,Aioli,"Salt, NaCl",Sås dressing majonnäs ,0.8,g
5758,Aioli,"Natrium, Na",Sås dressing majonnäs ,302.0,mg
5758,Aioli,Monosackarider,Sås dressing majonnäs ,0.2,g
5758,Aioli,"Sockerarter, totalt",Sås dressing majonnäs ,0.3,g
5758,Aioli,Summa enkelomättade fettsyror,Sås dressing majonnäs ,55.6,g
5758,Aioli,"Magnesium, Mg",Sås dressing majonnäs ,7.0,mg
5758,Aioli,Summa mättade fettsyror,Sås dressing majonnäs ,9.0,g
5758,Aioli,"Kolhydrater, tillgängliga",Sås dressing majonnäs ,1.1,g
5758,Aioli,Kolesterol,Sås dressing majonnäs ,72.7,mg
5758,Aioli,"Kalium, K",Sås dressing majonnäs ,39.0,mg
5758,Aioli,"Jod, I",Sås dressing majonnäs ,42.4,µg
5758,Aioli,Fullkorn totalt,Sås dressing majonnäs ,0.0,g
5758,Aioli,"Folat, totalt",Sås dressing majonnäs ,20.6,µg
5758,Aioli,Fibrer,Sås dressing majonnäs ,0.3,g
5758,Aioli,"Fett, totalt",Sås dressing majonnäs ,84.8,g
5758,Aioli,"Järn, Fe",Sås dressing majonnäs ,0.4,mg
5758,Aioli,Energi (kJ),Sås dressing majonnäs ,3188.0,kJ
5758,Aioli,Energi (kcal),Sås dressing majonnäs ,762.0,kcal
5758,Aioli,Disackarider,Sås dressing majonnäs ,0.1,g
5758,Aioli,"Kalcium, Ca",Sås dressing majonnäs ,34.0,mg
5758,Aioli,Fettsyra 4:0-10:0,Sås dressing majonnäs ,0.0,g
5758,Aioli,DHA (C22:6),Sås dressing majonnäs ,0.0,g
5758,Aioli,DPA (C22:5),Sås dressing majonnäs ,0.0,g
5758,Aioli,EPA (C20:5),Sås dressing majonnäs ,0.0,g
5758,Aioli,Arakidonsyra C20:4,Sås dressing majonnäs ,0.0,g
5758,Aioli,Arakidinsyra C20:0,Sås dressing majonnäs ,0.4,g
5758,Aioli,Linolensyra C18:3,Sås dressing majonnäs ,4.3,g
5758,Aioli,Linolsyra C18:2,Sås dressing majonnäs ,12.0,g
5758,Aioli,Oljesyra C18:1,Sås dressing majonnäs ,53.8,g
5758,Aioli,Stearinsyra C18:0,Sås dressing majonnäs ,1.9,g
5758,Aioli,Palmitoljesyra C16:1,Sås dressing majonnäs ,0.5,g
5758,Aioli,Palmitinsyra C16:0,Sås dressing majonnäs ,6.4,g
5758,Aioli,Myristinsyra C14:0,Sås dressing majonnäs ,0.1,g
5758,Aioli,Laurinsyra C12:0,Sås dressing majonnäs ,0.0,g
5758,Aioli,Betakaroten/β-Karoten,Sås dressing majonnäs ,16.0,µg
5758,Aioli,Avfall (skal etc.),Sås dressing majonnäs ,0.0,%
5758,Aioli,Aska,Sås dressing majonnäs ,1.1,g
5758,Aioli,Alkohol,Sås dressing majonnäs ,0.0,g
5759,Guacamole,"Zink, Zn",Grönsaks- rotfrukts- baljväxträtter o produkter,0.3,mg
5759,Guacamole,Vitamin E,Grönsaks- rotfrukts- baljväxträtter o produkter,2.5,mg
5759,Guacamole,Vitamin D inkl 25-OH-D3,Grönsaks- rotfrukts- baljväxträtter o produkter,0.0,µg
5759,Guacamole,Vitamin D,Grönsaks- rotfrukts- baljväxträtter o produkter,0.0,µg
5759,Guacamole,Vitamin C,Grönsaks- rotfrukts- baljväxträtter o produkter,10.7,mg
5759,Guacamole,Vitamin B6,Grönsaks- rotfrukts- baljväxträtter o produkter,0.29,mg
5759,Guacamole,Vitamin B12,Grönsaks- rotfrukts- baljväxträtter o produkter,0.0,µg
5759,Guacamole,Vitamin A,Grönsaks- rotfrukts- baljväxträtter o produkter,14.9,RE/µg
5759,Guacamole,Vatten,Grönsaks- rotfrukts- baljväxträtter o produkter,76.8,g
5759,Guacamole,Tiamin,Grönsaks- rotfrukts- baljväxträtter o produkter,0.06,mg
5759,Guacamole,Tillsatt socker,Grönsaks- rotfrukts- baljväxträtter o produkter,0.0,g
5759,Guacamole,Fritt socker,Grönsaks- rotfrukts- baljväxträtter o produkter,0.0,g
5759,Guacamole,"Selen, Se",Grönsaks- rotfrukts- baljväxträtter o produkter,0.0,µg
5759,Guacamole,Sackaros,Grönsaks- rotfrukts- baljväxträtter o produkter,0.2,g
5759,Guacamole,Riboflavin,Grönsaks- rotfrukts- baljväxträtter o produkter,0.07,mg
5759,Guacamole,Retinol,Grönsaks- rotfrukts- baljväxträtter o produkter,0.0,µg
5759,Guacamole,Protein,Grönsaks- rotfrukts- baljväxträtter o produkter,1.6,g
5759,Guacamole,Summa fleromättade fettsyror,Grönsaks- rotfrukts- baljväxträtter o produkter,1.8,g
5759,Guacamole,"Fosfor, P",Grönsaks- rotfrukts- baljväxträtter o produkter,54.0,mg
5759,Guacamole,Niacinekvivalenter,Grönsaks- rotfrukts- baljväxträtter o produkter,1.63,NE/mg
5759,Guacamole,Niacin,Grönsaks- rotfrukts- baljväxträtter o produkter,1.36,mg
5759,Guacamole,"Salt, NaCl",Grönsaks- rotfrukts- baljväxträtter o produkter,0.8,g
5759,Guacamole,"Natrium, Na",Grönsaks- rotfrukts- baljväxträtter o produkter,339.0,mg
5759,Guacamole,Monosackarider,Grönsaks- rotfrukts- baljväxträtter o produkter,0.9,g
5759,Guacamole,"Sockerarter, totalt",Grönsaks- rotfrukts- baljväxträtter o produkter,1.1,g
5759,Guacamole,Summa enkelomättade fettsyror,Grönsaks- rotfrukts- baljväxträtter o produkter,8.4,g
5759,Guacamole,"Magnesium, Mg",Grönsaks- rotfrukts- baljväxträtter o produkter,25.0,mg
5759,Guacamole,Summa mättade fettsyror,Grönsaks- rotfrukts- baljväxträtter o produkter,2.3,g
5759,Guacamole,"Kolhydrater, tillgängliga",Grönsaks- rotfrukts- baljväxträtter o produkter,2.4,g
5759,Guacamole,Kolesterol,Grönsaks- rotfrukts- baljväxträtter o produkter,0.0,mg
5759,Guacamole,"Kalium, K",Grönsaks- rotfrukts- baljväxträtter o produkter,476.0,mg
5759,Guacamole,"Jod, I",Grönsaks- rotfrukts- baljväxträtter o produkter,43.2,µg
5759,Guacamole,Fullkorn totalt,Grönsaks- rotfrukts- baljväxträtter o produkter,0.0,g
5759,Guacamole,"Folat, totalt",Grönsaks- rotfrukts- baljväxträtter o produkter,83.6,µg
5759,Guacamole,Fibrer,Grönsaks- rotfrukts- baljväxträtter o produkter,3.7,g
5759,Guacamole,"Fett, totalt",Grönsaks- rotfrukts- baljväxträtter o produkter,13.1,g
5759,Guacamole,"Järn, Fe",Grönsaks- rotfrukts- baljväxträtter o produkter,0.3,mg
5759,Guacamole,Energi (kJ),Grönsaks- rotfrukts- baljväxträtter o produkter,583.0,kJ
5759,Guacamole,Energi (kcal),Grönsaks- rotfrukts- baljväxträtter o produkter,139.0,kcal
5759,Guacamole,Disackarider,Grönsaks- rotfrukts- baljväxträtter o produkter,0.2,g
5759,Guacamole,"Kalcium, Ca",Grönsaks- rotfrukts- baljväxträtter o produkter,15.0,mg
5759,Guacamole,Fettsyra 4:0-10:0,Grönsaks- rotfrukts- baljväxträtter o produkter,0.0,g
5759,Guacamole,DHA (C22:6),Grönsaks- rotfrukts- baljväxträtter o produkter,0.0,g
5759,Guacamole,DPA (C22:5),Grönsaks- rotfrukts- baljväxträtter o produkter,0.0,g
5759,Guacamole,EPA (C20:5),Grönsaks- rotfrukts- baljväxträtter o produkter,0.0,g
5759,Guacamole,Arakidonsyra C20:4,Grönsaks- rotfrukts- baljväxträtter o produkter,0.0,g
5759,Guacamole,Arakidinsyra C20:0,Grönsaks- rotfrukts- baljväxträtter o produkter,0.0,g
5759,Guacamole,Linolensyra C18:3,Grönsaks- rotfrukts- baljväxträtter o produkter,0.1,g
5759,Guacamole,Linolsyra C18:2,Grönsaks- rotfrukts- baljväxträtter o produkter,1.6,g
5759,Guacamole,Oljesyra C18:1,Grönsaks- rotfrukts- baljväxträtter o produkter,7.4,g
5759,Guacamole,Stearinsyra C18:0,Grönsaks- rotfrukts- baljväxträtter o produkter,0.1,g
5759,Guacamole,Palmitoljesyra C16:1,Grönsaks- rotfrukts- baljväxträtter o produkter,1.0,g
5759,Guacamole,Palmitinsyra C16:0,Grönsaks- rotfrukts- baljväxträtter o produkter,2.2,g
5759,Guacamole,Myristinsyra C14:0,Grönsaks- rotfrukts- baljväxträtter o produkter,0.0,g
5759,Guacamole,Laurinsyra C12:0,Grönsaks- rotfrukts- baljväxträtter o produkter,0.0,g
5759,Guacamole,Betakaroten/β-Karoten,Grönsaks- rotfrukts- baljväxträtter o produkter,161.0,µg
5759,Guacamole,Avfall (skal etc.),Grönsaks- rotfrukts- baljväxträtter o produkter,22.0,%
5759,Guacamole,Aska,Grönsaks- rotfrukts- baljväxträtter o produkter,2.3,g
5759,Guacamole,Alkohol,Grönsaks- rotfrukts- baljväxträtter o produkter,0.0,g
5804,Pasta carbonara m. pasta fläsk grädde,"Zink, Zn",Pastarätter,0.9,mg
5804,Pasta carbonara m. pasta fläsk grädde,Vitamin E,Pastarätter,0.8,mg
5804,Pasta carbonara m. pasta fläsk grädde,Vitamin D,Pastarätter,0.23,µg
5804,Pasta carbonara m. pasta fläsk grädde,Vitamin C,Pastarätter,0.0,mg
5804,Pasta carbonara m. pasta fläsk grädde,Vitamin B6,Pastarätter,0.1,mg
5804,Pasta carbonara m. pasta fläsk grädde,Vitamin B12,Pastarätter,0.4,µg
5804,Pasta carbonara m. pasta fläsk grädde,Vitamin A,Pastarätter,64.3,RE/µg
5804,Pasta carbonara m. pasta fläsk grädde,Vatten,Pastarätter,60.8,g
5804,Pasta carbonara m. pasta fläsk grädde,Tiamin,Pastarätter,0.08,mg
5804,Pasta carbonara m. pasta fläsk grädde,Tillsatt socker,Pastarätter,0.0,g
5804,Pasta carbonara m. pasta fläsk grädde,Fritt socker,Pastarätter,0.0,g
5804,Pasta carbonara m. pasta fläsk grädde,"Selen, Se",Pastarätter,5.5,µg
5804,Pasta carbonara m. pasta fläsk grädde,Sackaros,Pastarätter,0.1,g
5804,Pasta carbonara m. pasta fläsk grädde,Riboflavin,Pastarätter,0.16,mg
5804,Pasta carbonara m. pasta fläsk grädde,Retinol,Pastarätter,63.1,µg
5804,Pasta carbonara m. pasta fläsk grädde,Protein,Pastarätter,8.7,g
5804,Pasta carbonara m. pasta fläsk grädde,Summa fleromättade fettsyror,Pastarätter,0.7,g
5804,Pasta carbonara m. pasta fläsk grädde,"Fosfor, P",Pastarätter,125.0,mg
5804,Pasta carbonara m. pasta fläsk grädde,Niacinekvivalenter,Pastarätter,2.49,NE/mg
5804,Pasta carbonara m. pasta fläsk grädde,Niacin,Pastarätter,0.73,mg
5804,Pasta carbonara m. pasta fläsk grädde,"Salt, NaCl",Pastarätter,0.9,g
5804,Pasta carbonara m. pasta fläsk grädde,"Natrium, Na",Pastarätter,379.0,mg
5804,Pasta carbonara m. pasta fläsk grädde,Monosackarider,Pastarätter,0.1,g
5804,Pasta carbonara m. pasta fläsk grädde,"Sockerarter, totalt",Pastarätter,0.6,g
5804,Pasta carbonara m. pasta fläsk grädde,Summa enkelomättade fettsyror,Pastarätter,2.8,g
5804,Pasta carbonara m. pasta fläsk grädde,"Magnesium, Mg",Pastarätter,18.0,mg
5804,Pasta carbonara m. pasta fläsk grädde,Summa mättade fettsyror,Pastarätter,4.1,g
5804,Pasta carbonara m. pasta fläsk grädde,"Kolhydrater, tillgängliga",Pastarätter,19.3,g
5804,Pasta carbonara m. pasta fläsk grädde,Kolesterol,Pastarätter,56.4,mg
5804,Pasta carbonara m. pasta fläsk grädde,"Kalium, K",Pastarätter,68.0,mg
5804,Pasta carbonara m. pasta fläsk grädde,"Jod, I",Pastarätter,37.9,µg
5804,Pasta carbonara m. pasta fläsk grädde,Fullkorn totalt,Pastarätter,0.0,g
5804,Pasta carbonara m. pasta fläsk grädde,"Folat, totalt",Pastarätter,13.2,µg
5804,Pasta carbonara m. pasta fläsk grädde,Fibrer,Pastarätter,1.4,g
5804,Pasta carbonara m. pasta fläsk grädde,"Fett, totalt",Pastarätter,8.3,g
5804,Pasta carbonara m. pasta fläsk grädde,"Järn, Fe",Pastarätter,0.6,mg
5804,Pasta carbonara m. pasta fläsk grädde,Energi (kJ),Pastarätter,794.0,kJ
5804,Pasta carbonara m. pasta fläsk grädde,Energi (kcal),Pastarätter,189.0,kcal
5804,Pasta carbonara m. pasta fläsk grädde,Disackarider,Pastarätter,0.5,g
5804,Pasta carbonara m. pasta fläsk grädde,"Kalcium, Ca",Pastarätter,82.0,mg
5804,Pasta carbonara m. pasta fläsk grädde,Fettsyra 4:0-10:0,Pastarätter,0.3,g
5804,Pasta carbonara m. pasta fläsk grädde,DHA (C22:6),Pastarätter,0.0,g
5804,Pasta carbonara m. pasta fläsk grädde,DPA (C22:5),Pastarätter,0.0,g
5804,Pasta carbonara m. pasta fläsk grädde,EPA (C20:5),Pastarätter,0.0,g
5804,Pasta carbonara m. pasta fläsk grädde,Arakidonsyra C20:4,Pastarätter,0.0,g
5804,Pasta carbonara m. pasta fläsk grädde,Arakidinsyra C20:0,Pastarätter,0.0,g
5804,Pasta carbonara m. pasta fläsk grädde,Linolensyra C18:3,Pastarätter,0.1,g
5804,Pasta carbonara m. pasta fläsk grädde,Linolsyra C18:2,Pastarätter,0.6,g
5804,Pasta carbonara m. pasta fläsk grädde,Oljesyra C18:1,Pastarätter,2.5,g
5804,Pasta carbonara m. pasta fläsk grädde,Stearinsyra C18:0,Pastarätter,0.8,g
5804,Pasta carbonara m. pasta fläsk grädde,Palmitoljesyra C16:1,Pastarätter,0.2,g
5804,Pasta carbonara m. pasta fläsk grädde,Palmitinsyra C16:0,Pastarätter,2.2,g
5804,Pasta carbonara m. pasta fläsk grädde,Myristinsyra C14:0,Pastarätter,0.5,g
5804,Pasta carbonara m. pasta fläsk grädde,Laurinsyra C12:0,Pastarätter,0.1,g
5804,Pasta carbonara m. pasta fläsk grädde,Betakaroten/β-Karoten,Pastarätter,14.0,µg
5804,Pasta carbonara m. pasta fläsk grädde,Avfall (skal etc.),Pastarätter,1.0,%
5804,Pasta carbonara m. pasta fläsk grädde,Aska,Pastarätter,1.4,g
5804,Pasta carbonara m. pasta fläsk grädde,Alkohol,Pastarätter,0.0,g
5833,Brownie,"Zink, Zn",Bullar kakor tårtor mm,1.1,mg
5833,Brownie,Vitamin E,Bullar kakor tårtor mm,5.1,mg
5833,Brownie,Vitamin D,Bullar kakor tårtor mm,1.62,µg
5833,Brownie,Vitamin C,Bullar kakor tårtor mm,0.3,mg
5833,Brownie,Vitamin B6,Bullar kakor tårtor mm,0.06,mg
5833,Brownie,Vitamin B12,Bullar kakor tårtor mm,0.26,µg
5833,Brownie,Vitamin A,Bullar kakor tårtor mm,154.1,RE/µg
5833,Brownie,Vatten,Bullar kakor tårtor mm,15.1,g
5833,Brownie,Tiamin,Bullar kakor tårtor mm,0.06,mg
5833,Brownie,Tillsatt socker,Bullar kakor tårtor mm,32.0,g
5833,Brownie,Fritt socker,Bullar kakor tårtor mm,32.0,g
5833,Brownie,"Selen, Se",Bullar kakor tårtor mm,5.0,µg
5833,Brownie,Sackaros,Bullar kakor tårtor mm,32.5,g
5833,Brownie,Riboflavin,Bullar kakor tårtor mm,0.09,mg
5833,Brownie,Retinol,Bullar kakor tårtor mm,147.7,µg
5833,Brownie,Protein,Bullar kakor tårtor mm,6.4,g
5833,Brownie,Summa fleromättade fettsyror,Bullar kakor tårtor mm,3.1,g
5833,Brownie,"Fosfor, P",Bullar kakor tårtor mm,209.0,mg
5833,Brownie,Niacinekvivalenter,Bullar kakor tårtor mm,1.66,NE/mg
5833,Brownie,Niacin,Bullar kakor tårtor mm,0.43,mg
5833,Brownie,"Salt, NaCl",Bullar kakor tårtor mm,0.4,g
5833,Brownie,"Natrium, Na",Bullar kakor tårtor mm,174.0,mg
5833,Brownie,Monosackarider,Bullar kakor tårtor mm,0.2,g
5833,Brownie,"Sockerarter, totalt",Bullar kakor tårtor mm,32.9,g
5833,Brownie,Summa enkelomättade fettsyror,Bullar kakor tårtor mm,12.7,g
5833,Brownie,"Magnesium, Mg",Bullar kakor tårtor mm,58.0,mg
5833,Brownie,Summa mättade fettsyror,Bullar kakor tårtor mm,11.3,g
5833,Brownie,"Kolhydrater, tillgängliga",Bullar kakor tårtor mm,44.0,g
5833,Brownie,Kolesterol,Bullar kakor tårtor mm,62.7,mg
5833,Brownie,"Kalium, K",Bullar kakor tårtor mm,287.0,mg
5833,Brownie,"Jod, I",Bullar kakor tårtor mm,7.0,µg
5833,Brownie,Fullkorn totalt,Bullar kakor tårtor mm,0.0,g
5833,Brownie,"Folat, totalt",Bullar kakor tårtor mm,21.1,µg
5833,Brownie,Fibrer,Bullar kakor tårtor mm,4.6,g
5833,Brownie,"Fett, totalt",Bullar kakor tårtor mm,28.4,g
5833,Brownie,"Järn, Fe",Bullar kakor tårtor mm,2.6,mg
5833,Brownie,Energi (kJ),Bullar kakor tårtor mm,1942.0,kJ
5833,Brownie,Energi (kcal),Bullar kakor tårtor mm,464.0,kcal
5833,Brownie,Disackarider,Bullar kakor tårtor mm,32.7,g
5833,Brownie,"Kalcium, Ca",Bullar kakor tårtor mm,96.0,mg
5833,Brownie,Fettsyra 4:0-10:0,Bullar kakor tårtor mm,0.3,g
5833,Brownie,DHA (C22:6),Bullar kakor tårtor mm,0.0,g
5833,Brownie,DPA (C22:5),Bullar kakor tårtor mm,0.0,g
5833,Brownie,EPA (C20:5),Bullar kakor tårtor mm,0.0,g
5833,Brownie,Arakidonsyra C20:4,Bullar kakor tårtor mm,0.0,g
5833,Brownie,Arakidinsyra C20:0,Bullar kakor tårtor mm,0.1,g
5833,Brownie,Linolensyra C18:3,Bullar kakor tårtor mm,0.5,g
5833,Brownie,Linolsyra C18:2,Bullar kakor tårtor mm,2.3,g
5833,Brownie,Oljesyra C18:1,Bullar kakor tårtor mm,12.8,g
5833,Brownie,Stearinsyra C18:0,Bullar kakor tårtor mm,3.5,g
5833,Brownie,Palmitoljesyra C16:1,Bullar kakor tårtor mm,0.1,g
5833,Brownie,Palmitinsyra C16:0,Bullar kakor tårtor mm,6.1,g
5833,Brownie,Myristinsyra C14:0,Bullar kakor tårtor mm,0.5,g
5833,Brownie,Laurinsyra C12:0,Bullar kakor tårtor mm,0.3,g
5833,Brownie,Betakaroten/β-Karoten,Bullar kakor tårtor mm,76.0,µg
5833,Brownie,Avfall (skal etc.),Bullar kakor tårtor mm,7.0,%
5833,Brownie,Aska,Bullar kakor tårtor mm,1.5,g
5833,Brownie,Alkohol,Bullar kakor tårtor mm,0.0,g
5837,Fisk m. apelsin chili ugnsstekt,"Zink, Zn",Fisk o skaldjursprodukter o rätter,0.6,mg
5837,Fisk m. apelsin chili ugnsstekt,Vitamin E,Fisk o skaldjursprodukter o rätter,2.3,mg
5837,Fisk m. apelsin chili ugnsstekt,Vitamin D,Fisk o skaldjursprodukter o rätter,1.03,µg
5837,Fisk m. apelsin chili ugnsstekt,Vitamin C,Fisk o skaldjursprodukter o rätter,5.1,mg
5837,Fisk m. apelsin chili ugnsstekt,Vitamin B6,Fisk o skaldjursprodukter o rätter,0.09,mg
5837,Fisk m. apelsin chili ugnsstekt,Vitamin B12,Fisk o skaldjursprodukter o rätter,0.96,µg
5837,Fisk m. apelsin chili ugnsstekt,Vitamin A,Fisk o skaldjursprodukter o rätter,90.1,RE/µg
5837,Fisk m. apelsin chili ugnsstekt,Vatten,Fisk o skaldjursprodukter o rätter,65.6,g
5837,Fisk m. apelsin chili ugnsstekt,Tiamin,Fisk o skaldjursprodukter o rätter,0.07,mg
5837,Fisk m. apelsin chili ugnsstekt,Tillsatt socker,Fisk o skaldjursprodukter o rätter,1.0,g
5837,Fisk m. apelsin chili ugnsstekt,Fritt socker,Fisk o skaldjursprodukter o rätter,1.0,g
5837,Fisk m. apelsin chili ugnsstekt,"Selen, Se",Fisk o skaldjursprodukter o rätter,24.5,µg
5837,Fisk m. apelsin chili ugnsstekt,Sackaros,Fisk o skaldjursprodukter o rätter,1.1,g
5837,Fisk m. apelsin chili ugnsstekt,Riboflavin,Fisk o skaldjursprodukter o rätter,0.09,mg
5837,Fisk m. apelsin chili ugnsstekt,Retinol,Fisk o skaldjursprodukter o rätter,76.9,µg
5837,Fisk m. apelsin chili ugnsstekt,Protein,Fisk o skaldjursprodukter o rätter,17.0,g
5837,Fisk m. apelsin chili ugnsstekt,Summa fleromättade fettsyror,Fisk o skaldjursprodukter o rätter,1.7,g
5837,Fisk m. apelsin chili ugnsstekt,"Fosfor, P",Fisk o skaldjursprodukter o rätter,208.0,mg
5837,Fisk m. apelsin chili ugnsstekt,Niacinekvivalenter,Fisk o skaldjursprodukter o rätter,5.03,NE/mg
5837,Fisk m. apelsin chili ugnsstekt,Niacin,Fisk o skaldjursprodukter o rätter,1.89,mg
5837,Fisk m. apelsin chili ugnsstekt,"Salt, NaCl",Fisk o skaldjursprodukter o rätter,0.7,g
5837,Fisk m. apelsin chili ugnsstekt,"Natrium, Na",Fisk o skaldjursprodukter o rätter,246.0,mg
5837,Fisk m. apelsin chili ugnsstekt,Monosackarider,Fisk o skaldjursprodukter o rätter,0.9,g
5837,Fisk m. apelsin chili ugnsstekt,"Sockerarter, totalt",Fisk o skaldjursprodukter o rätter,2.5,g
5837,Fisk m. apelsin chili ugnsstekt,Summa enkelomättade fettsyror,Fisk o skaldjursprodukter o rätter,4.6,g
5837,Fisk m. apelsin chili ugnsstekt,"Magnesium, Mg",Fisk o skaldjursprodukter o rätter,28.0,mg
5837,Fisk m. apelsin chili ugnsstekt,Summa mättade fettsyror,Fisk o skaldjursprodukter o rätter,5.6,g
5837,Fisk m. apelsin chili ugnsstekt,"Kolhydrater, tillgängliga",Fisk o skaldjursprodukter o rätter,3.4,g
5837,Fisk m. apelsin chili ugnsstekt,Kolesterol,Fisk o skaldjursprodukter o rätter,67.8,mg
5837,Fisk m. apelsin chili ugnsstekt,"Kalium, K",Fisk o skaldjursprodukter o rätter,320.0,mg
5837,Fisk m. apelsin chili ugnsstekt,"Jod, I",Fisk o skaldjursprodukter o rätter,113.0,µg
5837,Fisk m. apelsin chili ugnsstekt,Fullkorn totalt,Fisk o skaldjursprodukter o rätter,0.0,g
5837,Fisk m. apelsin chili ugnsstekt,"Folat, totalt",Fisk o skaldjursprodukter o rätter,14.7,µg
5837,Fisk m. apelsin chili ugnsstekt,Fibrer,Fisk o skaldjursprodukter o rätter,0.1,g
5837,Fisk m. apelsin chili ugnsstekt,"Fett, totalt",Fisk o skaldjursprodukter o rätter,12.8,g
5837,Fisk m. apelsin chili ugnsstekt,"Järn, Fe",Fisk o skaldjursprodukter o rätter,0.3,mg
5837,Fisk m. apelsin chili ugnsstekt,Energi (kJ),Fisk o skaldjursprodukter o rätter,823.0,kJ
5837,Fisk m. apelsin chili ugnsstekt,Energi (kcal),Fisk o skaldjursprodukter o rätter,197.0,kcal
5837,Fisk m. apelsin chili ugnsstekt,Disackarider,Fisk o skaldjursprodukter o rätter,1.6,g
5837,Fisk m. apelsin chili ugnsstekt,"Kalcium, Ca",Fisk o skaldjursprodukter o rätter,47.0,mg
5837,Fisk m. apelsin chili ugnsstekt,Fettsyra 4:0-10:0,Fisk o skaldjursprodukter o rätter,0.4,g
5837,Fisk m. apelsin chili ugnsstekt,DHA (C22:6),Fisk o skaldjursprodukter o rätter,0.1,g
5837,Fisk m. apelsin chili ugnsstekt,DPA (C22:5),Fisk o skaldjursprodukter o rätter,0.0,g
5837,Fisk m. apelsin chili ugnsstekt,EPA (C20:5),Fisk o skaldjursprodukter o rätter,0.0,g
5837,Fisk m. apelsin chili ugnsstekt,Arakidonsyra C20:4,Fisk o skaldjursprodukter o rätter,0.0,g
5837,Fisk m. apelsin chili ugnsstekt,Arakidinsyra C20:0,Fisk o skaldjursprodukter o rätter,0.0,g
5837,Fisk m. apelsin chili ugnsstekt,Linolensyra C18:3,Fisk o skaldjursprodukter o rätter,0.4,g
5837,Fisk m. apelsin chili ugnsstekt,Linolsyra C18:2,Fisk o skaldjursprodukter o rätter,1.1,g
5837,Fisk m. apelsin chili ugnsstekt,Oljesyra C18:1,Fisk o skaldjursprodukter o rätter,4.3,g
5837,Fisk m. apelsin chili ugnsstekt,Stearinsyra C18:0,Fisk o skaldjursprodukter o rätter,0.9,g
5837,Fisk m. apelsin chili ugnsstekt,Palmitoljesyra C16:1,Fisk o skaldjursprodukter o rätter,0.1,g
5837,Fisk m. apelsin chili ugnsstekt,Palmitinsyra C16:0,Fisk o skaldjursprodukter o rätter,2.8,g
5837,Fisk m. apelsin chili ugnsstekt,Myristinsyra C14:0,Fisk o skaldjursprodukter o rätter,0.9,g
5837,Fisk m. apelsin chili ugnsstekt,Laurinsyra C12:0,Fisk o skaldjursprodukter o rätter,0.2,g
5837,Fisk m. apelsin chili ugnsstekt,Betakaroten/β-Karoten,Fisk o skaldjursprodukter o rätter,158.0,µg
5837,Fisk m. apelsin chili ugnsstekt,Avfall (skal etc.),Fisk o skaldjursprodukter o rätter,19.0,%
5837,Fisk m. apelsin chili ugnsstekt,Aska,Fisk o skaldjursprodukter o rätter,1.7,g
5837,Fisk m. apelsin chili ugnsstekt,Alkohol,Fisk o skaldjursprodukter o rätter,0.0,g
5847,Pulled pork gris m. marinad tillagad,"Zink, Zn",Köttprodukter kötträtter,2.7,mg
5847,Pulled pork gris m. marinad tillagad,Vitamin E,Köttprodukter kötträtter,1.2,mg
5847,Pulled pork gris m. marinad tillagad,Vitamin D,Köttprodukter kötträtter,0.88,µg
5847,Pulled pork gris m. marinad tillagad,Vitamin C,Köttprodukter kötträtter,0.2,mg
5847,Pulled pork gris m. marinad tillagad,Vitamin B6,Köttprodukter kötträtter,0.28,mg
5847,Pulled pork gris m. marinad tillagad,Vitamin B12,Köttprodukter kötträtter,0.35,µg
5847,Pulled pork gris m. marinad tillagad,Vitamin A,Köttprodukter kötträtter,20.3,RE/µg
5847,Pulled pork gris m. marinad tillagad,Vatten,Köttprodukter kötträtter,64.9,g
5847,Pulled pork gris m. marinad tillagad,Tiamin,Köttprodukter kötträtter,0.44,mg
5847,Pulled pork gris m. marinad tillagad,Tillsatt socker,Köttprodukter kötträtter,2.0,g
5847,Pulled pork gris m. marinad tillagad,Fritt socker,Köttprodukter kötträtter,2.0,g
5847,Pulled pork gris m. marinad tillagad,"Selen, Se",Köttprodukter kötträtter,9.9,µg
5847,Pulled pork gris m. marinad tillagad,Sackaros,Köttprodukter kötträtter,2.1,g
5847,Pulled pork gris m. marinad tillagad,Riboflavin,Köttprodukter kötträtter,0.28,mg
5847,Pulled pork gris m. marinad tillagad,Retinol,Köttprodukter kötträtter,10.7,µg
5847,Pulled pork gris m. marinad tillagad,Protein,Köttprodukter kötträtter,18.5,g
5847,Pulled pork gris m. marinad tillagad,Summa fleromättade fettsyror,Köttprodukter kötträtter,1.0,g
5847,Pulled pork gris m. marinad tillagad,"Fosfor, P",Köttprodukter kötträtter,222.0,mg
5847,Pulled pork gris m. marinad tillagad,Niacinekvivalenter,Köttprodukter kötträtter,8.9,NE/mg
5847,Pulled pork gris m. marinad tillagad,Niacin,Köttprodukter kötträtter,5.52,mg
5847,Pulled pork gris m. marinad tillagad,"Salt, NaCl",Köttprodukter kötträtter,1.3,g
5847,Pulled pork gris m. marinad tillagad,"Natrium, Na",Köttprodukter kötträtter,521.0,mg
5847,Pulled pork gris m. marinad tillagad,Monosackarider,Köttprodukter kötträtter,0.4,g
5847,Pulled pork gris m. marinad tillagad,"Sockerarter, totalt",Köttprodukter kötträtter,2.5,g
5847,Pulled pork gris m. marinad tillagad,Summa enkelomättade fettsyror,Köttprodukter kötträtter,4.3,g
5847,Pulled pork gris m. marinad tillagad,"Magnesium, Mg",Köttprodukter kötträtter,30.0,mg
5847,Pulled pork gris m. marinad tillagad,Summa mättade fettsyror,Köttprodukter kötträtter,2.6,g
5847,Pulled pork gris m. marinad tillagad,"Kolhydrater, tillgängliga",Köttprodukter kötträtter,5.3,g
5847,Pulled pork gris m. marinad tillagad,Kolesterol,Köttprodukter kötträtter,56.7,mg
5847,Pulled pork gris m. marinad tillagad,"Kalium, K",Köttprodukter kötträtter,416.0,mg
5847,Pulled pork gris m. marinad tillagad,"Jod, I",Köttprodukter kötträtter,0.0,µg
5847,Pulled pork gris m. marinad tillagad,Fullkorn totalt,Köttprodukter kötträtter,0.0,g
5847,Pulled pork gris m. marinad tillagad,"Folat, totalt",Köttprodukter kötträtter,2.6,µg
5847,Pulled pork gris m. marinad tillagad,Fibrer,Köttprodukter kötträtter,0.8,g
5847,Pulled pork gris m. marinad tillagad,"Fett, totalt",Köttprodukter kötträtter,8.3,g
5847,Pulled pork gris m. marinad tillagad,"Järn, Fe",Köttprodukter kötträtter,1.3,mg
5847,Pulled pork gris m. marinad tillagad,Energi (kJ),Köttprodukter kötträtter,718.0,kJ
5847,Pulled pork gris m. marinad tillagad,Energi (kcal),Köttprodukter kötträtter,172.0,kcal
5847,Pulled pork gris m. marinad tillagad,Disackarider,Köttprodukter kötträtter,2.1,g
5847,Pulled pork gris m. marinad tillagad,"Kalcium, Ca",Köttprodukter kötträtter,14.0,mg
5847,Pulled pork gris m. marinad tillagad,Fettsyra 4:0-10:0,Köttprodukter kötträtter,0.0,g
5847,Pulled pork gris m. marinad tillagad,DHA (C22:6),Köttprodukter kötträtter,0.0,g
5847,Pulled pork gris m. marinad tillagad,DPA (C22:5),Köttprodukter kötträtter,0.0,g
5847,Pulled pork gris m. marinad tillagad,EPA (C20:5),Köttprodukter kötträtter,0.0,g
5847,Pulled pork gris m. marinad tillagad,Arakidonsyra C20:4,Köttprodukter kötträtter,0.1,g
5847,Pulled pork gris m. marinad tillagad,Arakidinsyra C20:0,Köttprodukter kötträtter,0.0,g
5847,Pulled pork gris m. marinad tillagad,Linolensyra C18:3,Köttprodukter kötträtter,0.1,g
5847,Pulled pork gris m. marinad tillagad,Linolsyra C18:2,Köttprodukter kötträtter,0.8,g
5847,Pulled pork gris m. marinad tillagad,Oljesyra C18:1,Köttprodukter kötträtter,4.0,g
5847,Pulled pork gris m. marinad tillagad,Stearinsyra C18:0,Köttprodukter kötträtter,0.9,g
5847,Pulled pork gris m. marinad tillagad,Palmitoljesyra C16:1,Köttprodukter kötträtter,0.2,g
5847,Pulled pork gris m. marinad tillagad,Palmitinsyra C16:0,Köttprodukter kötträtter,1.6,g
5847,Pulled pork gris m. marinad tillagad,Myristinsyra C14:0,Köttprodukter kötträtter,0.1,g
5847,Pulled pork gris m. marinad tillagad,Laurinsyra C12:0,Köttprodukter kötträtter,0.0,g
5847,Pulled pork gris m. marinad tillagad,Betakaroten/β-Karoten,Köttprodukter kötträtter,87.0,µg
5847,Pulled pork gris m. marinad tillagad,Avfall (skal etc.),Köttprodukter kötträtter,0.0,%
5847,Pulled pork gris m. marinad tillagad,Aska,Köttprodukter kötträtter,2.2,g
5847,Pulled pork gris m. marinad tillagad,Alkohol,Köttprodukter kötträtter,0.0,g
5859,Tropisk juice drickf.,"Zink, Zn",Fruktjuice mm,0.0,mg
5859,Tropisk juice drickf.,Vitamin E,Fruktjuice mm,0.1,mg
5859,Tropisk juice drickf.,Vitamin D inkl 25-OH-D3,Fruktjuice mm,0.0,µg
5859,Tropisk juice drickf.,Vitamin D,Fruktjuice mm,0.0,µg
5859,Tropisk juice drickf.,Vitamin C,Fruktjuice mm,5.1,mg
5859,Tropisk juice drickf.,Vitamin B6,Fruktjuice mm,0.05,mg
5859,Tropisk juice drickf.,Vitamin B12,Fruktjuice mm,0.0,µg
5859,Tropisk juice drickf.,Vitamin A,Fruktjuice mm,5.2,RE/µg
5859,Tropisk juice drickf.,Vatten,Fruktjuice mm,89.0,g
5859,Tropisk juice drickf.,Tiamin,Fruktjuice mm,0.02,mg
5859,Tropisk juice drickf.,Tillsatt socker,Fruktjuice mm,0.0,g
5859,Tropisk juice drickf.,Fritt socker,Fruktjuice mm,9.0,g
5859,Tropisk juice drickf.,"Selen, Se",Fruktjuice mm,0.0,µg
5859,Tropisk juice drickf.,Sackaros,Fruktjuice mm,2.3,g
5859,Tropisk juice drickf.,Riboflavin,Fruktjuice mm,0.0,mg
5859,Tropisk juice drickf.,Retinol,Fruktjuice mm,0.0,µg
5859,Tropisk juice drickf.,Protein,Fruktjuice mm,0.2,g
5859,Tropisk juice drickf.,Summa fleromättade fettsyror,Fruktjuice mm,0.0,g
5859,Tropisk juice drickf.,"Fosfor, P",Fruktjuice mm,8.0,mg
5859,Tropisk juice drickf.,Niacinekvivalenter,Fruktjuice mm,0.2,NE/mg
5859,Tropisk juice drickf.,Niacin,Fruktjuice mm,0.16,mg
5859,Tropisk juice drickf.,"Salt, NaCl",Fruktjuice mm,0.0,g
5859,Tropisk juice drickf.,"Natrium, Na",Fruktjuice mm,4.0,mg
5859,Tropisk juice drickf.,Monosackarider,Fruktjuice mm,7.0,g
5859,Tropisk juice drickf.,"Sockerarter, totalt",Fruktjuice mm,9.3,g
5859,Tropisk juice drickf.,Summa enkelomättade fettsyror,Fruktjuice mm,0.0,g
5859,Tropisk juice drickf.,"Magnesium, Mg",Fruktjuice mm,7.0,mg
5859,Tropisk juice drickf.,Summa mättade fettsyror,Fruktjuice mm,0.0,g
5859,Tropisk juice drickf.,"Kolhydrater, tillgängliga",Fruktjuice mm,10.5,g
5859,Tropisk juice drickf.,Kolesterol,Fruktjuice mm,0.0,mg
5859,Tropisk juice drickf.,"Kalium, K",Fruktjuice mm,91.0,mg
5859,Tropisk juice drickf.,"Jod, I",Fruktjuice mm,0.9,µg
5859,Tropisk juice drickf.,Fullkorn totalt,Fruktjuice mm,0.0,g
5859,Tropisk juice drickf.,"Folat, totalt",Fruktjuice mm,7.9,µg
5859,Tropisk juice drickf.,Fibrer,Fruktjuice mm,0.0,g
5859,Tropisk juice drickf.,"Fett, totalt",Fruktjuice mm,0.0,g
5859,Tropisk juice drickf.,"Järn, Fe",Fruktjuice mm,0.1,mg
5859,Tropisk juice drickf.,Energi (kJ),Fruktjuice mm,183.0,kJ
5859,Tropisk juice drickf.,Energi (kcal),Fruktjuice mm,44.0,kcal
5859,Tropisk juice drickf.,Disackarider,Fruktjuice mm,2.3,g
5859,Tropisk juice drickf.,"Kalcium, Ca",Fruktjuice mm,11.0,mg
5859,Tropisk juice drickf.,Fettsyra 4:0-10:0,Fruktjuice mm,0.0,g
5859,Tropisk juice drickf.,DHA (C22:6),Fruktjuice mm,0.0,g
5859,Tropisk juice drickf.,DPA (C22:5),Fruktjuice mm,0.0,g
5859,Tropisk juice drickf.,EPA (C20:5),Fruktjuice mm,0.0,g
5859,Tropisk juice drickf.,Arakidonsyra C20:4,Fruktjuice mm,0.0,g
5859,Tropisk juice drickf.,Arakidinsyra C20:0,Fruktjuice mm,0.0,g
5859,Tropisk juice drickf.,Linolensyra C18:3,Fruktjuice mm,0.0,g
5859,Tropisk juice drickf.,Linolsyra C18:2,Fruktjuice mm,0.0,g
5859,Tropisk juice drickf.,Oljesyra C18:1,Fruktjuice mm,0.0,g
5859,Tropisk juice drickf.,Stearinsyra C18:0,Fruktjuice mm,0.0,g
5859,Tropisk juice drickf.,Palmitoljesyra C16:1,Fruktjuice mm,0.0,g
5859,Tropisk juice drickf.,Palmitinsyra C16:0,Fruktjuice mm,0.0,g
5859,Tropisk juice drickf.,Myristinsyra C14:0,Fruktjuice mm,0.0,g
5859,Tropisk juice drickf.,Laurinsyra C12:0,Fruktjuice mm,0.0,g
5859,Tropisk juice drickf.,Betakaroten/β-Karoten,Fruktjuice mm,54.0,µg
5859,Tropisk juice drickf.,Avfall (skal etc.),Fruktjuice mm,0.0,%
5859,Tropisk juice drickf.,Aska,Fruktjuice mm,0.3,g
5859,Tropisk juice drickf.,Alkohol,Fruktjuice mm,0.0,g
5860,Sojabönor färska förvällda u. skal,"Zink, Zn","Baljväxter (bönor, linser och ärter)",1.2,mg
5860,Sojabönor färska förvällda u. skal,Vitamin E,"Baljväxter (bönor, linser och ärter)",1.4,mg
5860,Sojabönor färska förvällda u. skal,Vitamin D inkl 25-OH-D3,"Baljväxter (bönor, linser och ärter)",0.0,µg
5860,Sojabönor färska förvällda u. skal,Vitamin D,"Baljväxter (bönor, linser och ärter)",0.0,µg
5860,Sojabönor färska förvällda u. skal,Vitamin C,"Baljväxter (bönor, linser och ärter)",15.7,mg
5860,Sojabönor färska förvällda u. skal,Vitamin B6,"Baljväxter (bönor, linser och ärter)",0.14,mg
5860,Sojabönor färska förvällda u. skal,Vitamin B12,"Baljväxter (bönor, linser och ärter)",0.0,µg
5860,Sojabönor färska förvällda u. skal,Vitamin A,"Baljväxter (bönor, linser och ärter)",11.1,RE/µg
5860,Sojabönor färska förvällda u. skal,Vatten,"Baljväxter (bönor, linser och ärter)",71.4,g
5860,Sojabönor färska förvällda u. skal,Tiamin,"Baljväxter (bönor, linser och ärter)",0.28,mg
5860,Sojabönor färska förvällda u. skal,Tillsatt socker,"Baljväxter (bönor, linser och ärter)",0.0,g
5860,Sojabönor färska förvällda u. skal,Fritt socker,"Baljväxter (bönor, linser och ärter)",0.0,g
5860,Sojabönor färska förvällda u. skal,"Selen, Se","Baljväxter (bönor, linser och ärter)",0.0,µg
5860,Sojabönor färska förvällda u. skal,Sackaros,"Baljväxter (bönor, linser och ärter)",1.0,g
5860,Sojabönor färska förvällda u. skal,Riboflavin,"Baljväxter (bönor, linser och ärter)",0.1,mg
5860,Sojabönor färska förvällda u. skal,Retinol,"Baljväxter (bönor, linser och ärter)",0.0,µg
5860,Sojabönor färska förvällda u. skal,Protein,"Baljväxter (bönor, linser och ärter)",10.9,g
5860,Sojabönor färska förvällda u. skal,Summa fleromättade fettsyror,"Baljväxter (bönor, linser och ärter)",2.2,g
5860,Sojabönor färska förvällda u. skal,"Fosfor, P","Baljväxter (bönor, linser och ärter)",146.0,mg
5860,Sojabönor färska förvällda u. skal,Niacinekvivalenter,"Baljväxter (bönor, linser och ärter)",2.9,NE/mg
5860,Sojabönor färska förvällda u. skal,Niacin,"Baljväxter (bönor, linser och ärter)",1.05,mg
5860,Sojabönor färska förvällda u. skal,"Salt, NaCl","Baljväxter (bönor, linser och ärter)",0.0,g
5860,Sojabönor färska förvällda u. skal,"Natrium, Na","Baljväxter (bönor, linser och ärter)",7.0,mg
5860,Sojabönor färska förvällda u. skal,Monosackarider,"Baljväxter (bönor, linser och ärter)",0.0,g
5860,Sojabönor färska förvällda u. skal,"Sockerarter, totalt","Baljväxter (bönor, linser och ärter)",1.7,g
5860,Sojabönor färska förvällda u. skal,Summa enkelomättade fettsyror,"Baljväxter (bönor, linser och ärter)",2.2,g
5860,Sojabönor färska förvällda u. skal,"Magnesium, Mg","Baljväxter (bönor, linser och ärter)",54.0,mg
5860,Sojabönor färska förvällda u. skal,Summa mättade fettsyror,"Baljväxter (bönor, linser och ärter)",0.7,g
5860,Sojabönor färska förvällda u. skal,"Kolhydrater, tillgängliga","Baljväxter (bönor, linser och ärter)",4.9,g
5860,Sojabönor färska förvällda u. skal,Kolesterol,"Baljväxter (bönor, linser och ärter)",0.0,mg
5860,Sojabönor färska förvällda u. skal,"Kalium, K","Baljväxter (bönor, linser och ärter)",374.0,mg
5860,Sojabönor färska förvällda u. skal,"Jod, I","Baljväxter (bönor, linser och ärter)",0.0,µg
5860,Sojabönor färska förvällda u. skal,Fullkorn totalt,"Baljväxter (bönor, linser och ärter)",0.0,g
5860,Sojabönor färska förvällda u. skal,"Folat, totalt","Baljväxter (bönor, linser och ärter)",323.0,µg
5860,Sojabönor färska förvällda u. skal,Fibrer,"Baljväxter (bönor, linser och ärter)",5.1,g
5860,Sojabönor färska förvällda u. skal,"Fett, totalt","Baljväxter (bönor, linser och ärter)",6.4,g
5860,Sojabönor färska förvällda u. skal,"Järn, Fe","Baljväxter (bönor, linser och ärter)",2.2,mg
5860,Sojabönor färska förvällda u. skal,Energi (kJ),"Baljväxter (bönor, linser och ärter)",546.0,kJ
5860,Sojabönor färska förvällda u. skal,Energi (kcal),"Baljväxter (bönor, linser och ärter)",130.0,kcal
5860,Sojabönor färska förvällda u. skal,Disackarider,"Baljväxter (bönor, linser och ärter)",1.7,g
5860,Sojabönor färska förvällda u. skal,"Kalcium, Ca","Baljväxter (bönor, linser och ärter)",89.0,mg
5860,Sojabönor färska förvällda u. skal,Fettsyra 4:0-10:0,"Baljväxter (bönor, linser och ärter)",0.0,g
5860,Sojabönor färska förvällda u. skal,DHA (C22:6),"Baljväxter (bönor, linser och ärter)",0.0,g
5860,Sojabönor färska förvällda u. skal,DPA (C22:5),"Baljväxter (bönor, linser och ärter)",0.0,g
5860,Sojabönor färska förvällda u. skal,EPA (C20:5),"Baljväxter (bönor, linser och ärter)",0.0,g
5860,Sojabönor färska förvällda u. skal,Arakidonsyra C20:4,"Baljväxter (bönor, linser och ärter)",0.0,g
5860,Sojabönor färska förvällda u. skal,Arakidinsyra C20:0,"Baljväxter (bönor, linser och ärter)",0.0,g
5860,Sojabönor färska förvällda u. skal,Linolensyra C18:3,"Baljväxter (bönor, linser och ärter)",0.3,g
5860,Sojabönor färska förvällda u. skal,Linolsyra C18:2,"Baljväxter (bönor, linser och ärter)",1.9,g
5860,Sojabönor färska förvällda u. skal,Oljesyra C18:1,"Baljväxter (bönor, linser och ärter)",2.2,g
5860,Sojabönor färska förvällda u. skal,Stearinsyra C18:0,"Baljväxter (bönor, linser och ärter)",0.2,g
5860,Sojabönor färska förvällda u. skal,Palmitoljesyra C16:1,"Baljväxter (bönor, linser och ärter)",0.0,g
5860,Sojabönor färska förvällda u. skal,Palmitinsyra C16:0,"Baljväxter (bönor, linser och ärter)",0.5,g
5860,Sojabönor färska förvällda u. skal,Myristinsyra C14:0,"Baljväxter (bönor, linser och ärter)",0.0,g
5860,Sojabönor färska förvällda u. skal,Laurinsyra C12:0,"Baljväxter (bönor, linser och ärter)",0.0,g
5860,Sojabönor färska förvällda u. skal,Betakaroten/β-Karoten,"Baljväxter (bönor, linser och ärter)",117.0,µg
5860,Sojabönor färska förvällda u. skal,Avfall (skal etc.),"Baljväxter (bönor, linser och ärter)",0.0,%
5860,Sojabönor färska förvällda u. skal,Aska,"Baljväxter (bönor, linser och ärter)",1.4,g
5860,Sojabönor färska förvällda u. skal,Alkohol,"Baljväxter (bönor, linser och ärter)",0.0,g
5861,Sparris grön kokt m. salt,"Zink, Zn",Grönsaker,0.4,mg
5861,Sparris grön kokt m. salt,Vitamin E,Grönsaker,1.2,mg
5861,Sparris grön kokt m. salt,Vitamin D inkl 25-OH-D3,Grönsaker,0.0,µg
5861,Sparris grön kokt m. salt,Vitamin D,Grönsaker,0.0,µg
5861,Sparris grön kokt m. salt,Vitamin C,Grönsaker,5.4,mg
5861,Sparris grön kokt m. salt,Vitamin B6,Grönsaker,0.08,mg
5861,Sparris grön kokt m. salt,Vitamin B12,Grönsaker,0.0,µg
5861,Sparris grön kokt m. salt,Vitamin A,Grönsaker,24.5,RE/µg
5861,Sparris grön kokt m. salt,Vatten,Grönsaker,92.9,g
5861,Sparris grön kokt m. salt,Tiamin,Grönsaker,0.08,mg
5861,Sparris grön kokt m. salt,Tillsatt socker,Grönsaker,0.0,g
5861,Sparris grön kokt m. salt,Fritt socker,Grönsaker,0.0,g
5861,Sparris grön kokt m. salt,"Selen, Se",Grönsaker,3.9,µg
5861,Sparris grön kokt m. salt,Sackaros,Grönsaker,0.0,g
5861,Sparris grön kokt m. salt,Riboflavin,Grönsaker,0.12,mg
5861,Sparris grön kokt m. salt,Retinol,Grönsaker,0.0,µg
5861,Sparris grön kokt m. salt,Protein,Grönsaker,1.9,g
5861,Sparris grön kokt m. salt,Summa fleromättade fettsyror,Grönsaker,0.0,g
5861,Sparris grön kokt m. salt,"Fosfor, P",Grönsaker,37.0,mg
5861,Sparris grön kokt m. salt,Niacinekvivalenter,Grönsaker,1.2,NE/mg
5861,Sparris grön kokt m. salt,Niacin,Grönsaker,0.92,mg
5861,Sparris grön kokt m. salt,"Salt, NaCl",Grönsaker,0.1,g
5861,Sparris grön kokt m. salt,"Natrium, Na",Grönsaker,36.0,mg
5861,Sparris grön kokt m. salt,Monosackarider,Grönsaker,1.7,g
5861,Sparris grön kokt m. salt,"Sockerarter, totalt",Grönsaker,1.7,g
5861,Sparris grön kokt m. salt,Summa enkelomättade fettsyror,Grönsaker,0.0,g
5861,Sparris grön kokt m. salt,"Magnesium, Mg",Grönsaker,10.0,mg
5861,Sparris grön kokt m. salt,Summa mättade fettsyror,Grönsaker,0.0,g
5861,Sparris grön kokt m. salt,"Kolhydrater, tillgängliga",Grönsaker,1.8,g
5861,Sparris grön kokt m. salt,Kolesterol,Grönsaker,0.0,mg
5861,Sparris grön kokt m. salt,"Kalium, K",Grönsaker,163.0,mg
5861,Sparris grön kokt m. salt,"Jod, I",Grönsaker,0.0,µg
5861,Sparris grön kokt m. salt,Fullkorn totalt,Grönsaker,0.0,g
5861,Sparris grön kokt m. salt,"Folat, totalt",Grönsaker,186.0,µg
5861,Sparris grön kokt m. salt,Fibrer,Grönsaker,2.5,g
5861,Sparris grön kokt m. salt,"Fett, totalt",Grönsaker,0.2,g
5861,Sparris grön kokt m. salt,"Järn, Fe",Grönsaker,0.5,mg
5861,Sparris grön kokt m. salt,Energi (kJ),Grönsaker,91.0,kJ
5861,Sparris grön kokt m. salt,Energi (kcal),Grönsaker,22.0,kcal
5861,Sparris grön kokt m. salt,Disackarider,Grönsaker,0.0,g
5861,Sparris grön kokt m. salt,"Kalcium, Ca",Grönsaker,19.0,mg
5861,Sparris grön kokt m. salt,Fettsyra 4:0-10:0,Grönsaker,0.0,g
5861,Sparris grön kokt m. salt,DHA (C22:6),Grönsaker,0.0,g
5861,Sparris grön kokt m. salt,DPA (C22:5),Grönsaker,0.0,g
5861,Sparris grön kokt m. salt,EPA (C20:5),Grönsaker,0.0,g
5861,Sparris grön kokt m. salt,Arakidonsyra C20:4,Grönsaker,0.0,g
5861,Sparris grön kokt m. salt,Arakidinsyra C20:0,Grönsaker,0.0,g
5861,Sparris grön kokt m. salt,Linolensyra C18:3,Grönsaker,0.0,g
5861,Sparris grön kokt m. salt,Linolsyra C18:2,Grönsaker,0.0,g
5861,Sparris grön kokt m. salt,Oljesyra C18:1,Grönsaker,0.0,g
5861,Sparris grön kokt m. salt,Stearinsyra C18:0,Grönsaker,0.0,g
5861,Sparris grön kokt m. salt,Palmitoljesyra C16:1,Grönsaker,0.0,g
5861,Sparris grön kokt m. salt,Palmitinsyra C16:0,Grönsaker,0.0,g
5861,Sparris grön kokt m. salt,Myristinsyra C14:0,Grönsaker,0.0,g
5861,Sparris grön kokt m. salt,Laurinsyra C12:0,Grönsaker,0.0,g
5861,Sparris grön kokt m. salt,Betakaroten/β-Karoten,Grönsaker,289.0,µg
5861,Sparris grön kokt m. salt,Avfall (skal etc.),Grönsaker,0.0,%
5861,Sparris grön kokt m. salt,Aska,Grönsaker,0.7,g
5861,Sparris grön kokt m. salt,Alkohol,Grönsaker,0.0,g
5862,Kålrot kokt,"Zink, Zn",Rotfrukter,0.2,mg
5862,Kålrot kokt,Vitamin E,Rotfrukter,0.0,mg
5862,Kålrot kokt,Vitamin D inkl 25-OH-D3,Rotfrukter,0.0,µg
5862,Kålrot kokt,Vitamin D,Rotfrukter,0.0,µg
5862,Kålrot kokt,Vitamin C,Rotfrukter,53.4,mg
5862,Kålrot kokt,Vitamin B6,Rotfrukter,0.18,mg
5862,Kålrot kokt,Vitamin B12,Rotfrukter,0.0,µg
5862,Kålrot kokt,Vitamin A,Rotfrukter,2.0,RE/µg
5862,Kålrot kokt,Vatten,Rotfrukter,89.2,g
5862,Kålrot kokt,Tiamin,Rotfrukter,0.05,mg
5862,Kålrot kokt,Tillsatt socker,Rotfrukter,0.0,g
5862,Kålrot kokt,Fritt socker,Rotfrukter,0.0,g
5862,Kålrot kokt,"Selen, Se",Rotfrukter,0.0,µg
5862,Kålrot kokt,Sackaros,Rotfrukter,0.0,g
5862,Kålrot kokt,Riboflavin,Rotfrukter,0.04,mg
5862,Kålrot kokt,Retinol,Rotfrukter,0.0,µg
5862,Kålrot kokt,Protein,Rotfrukter,1.3,g
5862,Kålrot kokt,Summa fleromättade fettsyror,Rotfrukter,0.0,g
5862,Kålrot kokt,"Fosfor, P",Rotfrukter,33.0,mg
5862,Kålrot kokt,Niacinekvivalenter,Rotfrukter,1.6,NE/mg
5862,Kålrot kokt,Niacin,Rotfrukter,1.43,mg
5862,Kålrot kokt,"Salt, NaCl",Rotfrukter,0.0,g
5862,Kålrot kokt,"Natrium, Na",Rotfrukter,9.0,mg
5862,Kålrot kokt,Monosackarider,Rotfrukter,4.7,g
5862,Kålrot kokt,"Sockerarter, totalt",Rotfrukter,4.7,g
5862,Kålrot kokt,Summa enkelomättade fettsyror,Rotfrukter,0.0,g
5862,Kålrot kokt,"Magnesium, Mg",Rotfrukter,10.0,mg
5862,Kålrot kokt,Summa mättade fettsyror,Rotfrukter,0.0,g
5862,Kålrot kokt,"Kolhydrater, tillgängliga",Rotfrukter,5.0,g
5862,Kålrot kokt,Kolesterol,Rotfrukter,0.0,mg
5862,Kålrot kokt,"Kalium, K",Rotfrukter,157.0,mg
5862,Kålrot kokt,"Jod, I",Rotfrukter,0.0,µg
5862,Kålrot kokt,Fullkorn totalt,Rotfrukter,0.0,g
5862,Kålrot kokt,"Folat, totalt",Rotfrukter,57.6,µg
5862,Kålrot kokt,Fibrer,Rotfrukter,3.9,g
5862,Kålrot kokt,"Fett, totalt",Rotfrukter,0.1,g
5862,Kålrot kokt,"Järn, Fe",Rotfrukter,0.3,mg
5862,Kålrot kokt,Energi (kJ),Rotfrukter,141.0,kJ
5862,Kålrot kokt,Energi (kcal),Rotfrukter,34.0,kcal
5862,Kålrot kokt,Disackarider,Rotfrukter,0.0,g
5862,Kålrot kokt,"Kalcium, Ca",Rotfrukter,47.0,mg
5862,Kålrot kokt,Fettsyra 4:0-10:0,Rotfrukter,0.0,g
5862,Kålrot kokt,DHA (C22:6),Rotfrukter,0.0,g
5862,Kålrot kokt,DPA (C22:5),Rotfrukter,0.0,g
5862,Kålrot kokt,EPA (C20:5),Rotfrukter,0.0,g
5862,Kålrot kokt,Arakidonsyra C20:4,Rotfrukter,0.0,g
5862,Kålrot kokt,Arakidinsyra C20:0,Rotfrukter,0.0,g
5862,Kålrot kokt,Linolensyra C18:3,Rotfrukter,0.0,g
5862,Kålrot kokt,Linolsyra C18:2,Rotfrukter,0.0,g
5862,Kålrot kokt,Oljesyra C18:1,Rotfrukter,0.0,g
5862,Kålrot kokt,Stearinsyra C18:0,Rotfrukter,0.0,g
5862,Kålrot kokt,Palmitoljesyra C16:1,Rotfrukter,0.0,g
5862,Kålrot kokt,Palmitinsyra C16:0,Rotfrukter,0.0,g
5862,Kålrot kokt,Myristinsyra C14:0,Rotfrukter,0.0,g
5862,Kålrot kokt,Laurinsyra C12:0,Rotfrukter,0.0,g
5862,Kålrot kokt,Betakaroten/β-Karoten,Rotfrukter,23.0,µg
5862,Kålrot kokt,Avfall (skal etc.),Rotfrukter,0.0,%
5862,Kålrot kokt,Aska,Rotfrukter,0.6,g
5862,Kålrot kokt,Alkohol,Rotfrukter,0.0,g
5863,Brysselkål kokt,"Zink, Zn",Grönsaker,0.3,mg
5863,Brysselkål kokt,Vitamin E,Grönsaker,0.3,mg
5863,Brysselkål kokt,Vitamin D inkl 25-OH-D3,Grönsaker,0.0,µg
5863,Brysselkål kokt,Vitamin D,Grönsaker,0.0,µg
5863,Brysselkål kokt,Vitamin C,Grönsaker,131.0,mg
5863,Brysselkål kokt,Vitamin B6,Grönsaker,0.26,mg
5863,Brysselkål kokt,Vitamin B12,Grönsaker,0.0,µg
5863,Brysselkål kokt,Vitamin A,Grönsaker,15.8,RE/µg
5863,Brysselkål kokt,Vatten,Grönsaker,86.5,g
5863,Brysselkål kokt,Tiamin,Grönsaker,0.08,mg
5863,Brysselkål kokt,Tillsatt socker,Grönsaker,0.0,g
5863,Brysselkål kokt,Fritt socker,Grönsaker,0.0,g
5863,Brysselkål kokt,"Selen, Se",Grönsaker,7.0,µg
5863,Brysselkål kokt,Sackaros,Grönsaker,0.0,g
5863,Brysselkål kokt,Riboflavin,Grönsaker,0.08,mg
5863,Brysselkål kokt,Retinol,Grönsaker,0.0,µg
5863,Brysselkål kokt,Protein,Grönsaker,2.6,g
5863,Brysselkål kokt,Summa fleromättade fettsyror,Grönsaker,0.0,g
5863,Brysselkål kokt,"Fosfor, P",Grönsaker,62.0,mg
5863,Brysselkål kokt,Niacinekvivalenter,Grönsaker,1.0,NE/mg
5863,Brysselkål kokt,Niacin,Grönsaker,0.58,mg
5863,Brysselkål kokt,"Salt, NaCl",Grönsaker,0.2,g
5863,Brysselkål kokt,"Natrium, Na",Grönsaker,94.0,mg
5863,Brysselkål kokt,Monosackarider,Grönsaker,0.0,g
5863,Brysselkål kokt,"Sockerarter, totalt",Grönsaker,0.0,g
5863,Brysselkål kokt,Summa enkelomättade fettsyror,Grönsaker,0.0,g
5863,Brysselkål kokt,"Magnesium, Mg",Grönsaker,14.0,mg
5863,Brysselkål kokt,Summa mättade fettsyror,Grönsaker,0.0,g
5863,Brysselkål kokt,"Kolhydrater, tillgängliga",Grönsaker,5.5,g
5863,Brysselkål kokt,Kolesterol,Grönsaker,0.0,mg
5863,Brysselkål kokt,"Kalium, K",Grönsaker,292.0,mg
5863,Brysselkål kokt,"Jod, I",Grönsaker,0.0,µg
5863,Brysselkål kokt,Fullkorn totalt,Grönsaker,0.0,g
5863,Brysselkål kokt,"Folat, totalt",Grönsaker,124.0,µg
5863,Brysselkål kokt,Fibrer,Grönsaker,4.3,g
5863,Brysselkål kokt,"Fett, totalt",Grönsaker,0.0,g
5863,Brysselkål kokt,"Järn, Fe",Grönsaker,0.5,mg
5863,Brysselkål kokt,Energi (kJ),Grönsaker,173.0,kJ
5863,Brysselkål kokt,Energi (kcal),Grönsaker,41.0,kcal
5863,Brysselkål kokt,Disackarider,Grönsaker,0.0,g
5863,Brysselkål kokt,"Kalcium, Ca",Grönsaker,32.0,mg
5863,Brysselkål kokt,Fettsyra 4:0-10:0,Grönsaker,0.0,g
5863,Brysselkål kokt,DHA (C22:6),Grönsaker,0.0,g
5863,Brysselkål kokt,DPA (C22:5),Grönsaker,0.0,g
5863,Brysselkål kokt,EPA (C20:5),Grönsaker,0.0,g
5863,Brysselkål kokt,Arakidonsyra C20:4,Grönsaker,0.0,g
5863,Brysselkål kokt,Arakidinsyra C20:0,Grönsaker,0.0,g
5863,Brysselkål kokt,Linolensyra C18:3,Grönsaker,0.0,g
5863,Brysselkål kokt,Linolsyra C18:2,Grönsaker,0.0,g
5863,Brysselkål kokt,Oljesyra C18:1,Grönsaker,0.0,g
5863,Brysselkål kokt,Stearinsyra C18:0,Grönsaker,0.0,g
5863,Brysselkål kokt,Palmitoljesyra C16:1,Grönsaker,0.0,g
5863,Brysselkål kokt,Palmitinsyra C16:0,Grönsaker,0.0,g
5863,Brysselkål kokt,Myristinsyra C14:0,Grönsaker,0.0,g
5863,Brysselkål kokt,Laurinsyra C12:0,Grönsaker,0.0,g
5863,Brysselkål kokt,Betakaroten/β-Karoten,Grönsaker,187.0,µg
5863,Brysselkål kokt,Avfall (skal etc.),Grönsaker,0.0,%
5863,Brysselkål kokt,Aska,Grönsaker,1.1,g
5863,Brysselkål kokt,Alkohol,Grönsaker,0.0,g
5864,Rotselleri kokt,"Zink, Zn",Rotfrukter,0.4,mg
5864,Rotselleri kokt,Vitamin E,Rotfrukter,0.4,mg
5864,Rotselleri kokt,Vitamin D inkl 25-OH-D3,Rotfrukter,0.0,µg
5864,Rotselleri kokt,Vitamin D,Rotfrukter,0.0,µg
5864,Rotselleri kokt,Vitamin C,Rotfrukter,5.7,mg
5864,Rotselleri kokt,Vitamin B6,Rotfrukter,0.24,mg
5864,Rotselleri kokt,Vitamin B12,Rotfrukter,0.0,µg
5864,Rotselleri kokt,Vitamin A,Rotfrukter,0.3,RE/µg
5864,Rotselleri kokt,Vatten,Rotfrukter,92.0,g
5864,Rotselleri kokt,Tiamin,Rotfrukter,0.04,mg
5864,Rotselleri kokt,Tillsatt socker,Rotfrukter,0.0,g
5864,Rotselleri kokt,Fritt socker,Rotfrukter,0.0,g
5864,Rotselleri kokt,"Selen, Se",Rotfrukter,0.0,µg
5864,Rotselleri kokt,Sackaros,Rotfrukter,0.0,g
5864,Rotselleri kokt,Riboflavin,Rotfrukter,0.06,mg
5864,Rotselleri kokt,Retinol,Rotfrukter,0.0,µg
5864,Rotselleri kokt,Protein,Rotfrukter,1.0,g
5864,Rotselleri kokt,Summa fleromättade fettsyror,Rotfrukter,0.0,g
5864,Rotselleri kokt,"Fosfor, P",Rotfrukter,74.0,mg
5864,Rotselleri kokt,Niacinekvivalenter,Rotfrukter,0.7,NE/mg
5864,Rotselleri kokt,Niacin,Rotfrukter,0.56,mg
5864,Rotselleri kokt,"Salt, NaCl",Rotfrukter,0.1,g
5864,Rotselleri kokt,"Natrium, Na",Rotfrukter,45.0,mg
5864,Rotselleri kokt,Monosackarider,Rotfrukter,0.0,g
5864,Rotselleri kokt,"Sockerarter, totalt",Rotfrukter,0.0,g
5864,Rotselleri kokt,Summa enkelomättade fettsyror,Rotfrukter,0.0,g
5864,Rotselleri kokt,"Magnesium, Mg",Rotfrukter,13.0,mg
5864,Rotselleri kokt,Summa mättade fettsyror,Rotfrukter,0.0,g
5864,Rotselleri kokt,"Kolhydrater, tillgängliga",Rotfrukter,2.7,g
5864,Rotselleri kokt,Kolesterol,Rotfrukter,0.0,mg
5864,Rotselleri kokt,"Kalium, K",Rotfrukter,263.0,mg
5864,Rotselleri kokt,"Jod, I",Rotfrukter,0.0,µg
5864,Rotselleri kokt,Fullkorn totalt,Rotfrukter,0.0,g
5864,Rotselleri kokt,"Folat, totalt",Rotfrukter,63.6,µg
5864,Rotselleri kokt,Fibrer,Rotfrukter,2.9,g
5864,Rotselleri kokt,"Fett, totalt",Rotfrukter,0.5,g
5864,Rotselleri kokt,"Järn, Fe",Rotfrukter,0.4,mg
5864,Rotselleri kokt,Energi (kJ),Rotfrukter,105.0,kJ
5864,Rotselleri kokt,Energi (kcal),Rotfrukter,25.0,kcal
5864,Rotselleri kokt,Disackarider,Rotfrukter,0.0,g
5864,Rotselleri kokt,"Kalcium, Ca",Rotfrukter,32.0,mg
5864,Rotselleri kokt,Fettsyra 4:0-10:0,Rotfrukter,0.0,g
5864,Rotselleri kokt,DHA (C22:6),Rotfrukter,0.0,g
5864,Rotselleri kokt,DPA (C22:5),Rotfrukter,0.0,g
5864,Rotselleri kokt,EPA (C20:5),Rotfrukter,0.0,g
5864,Rotselleri kokt,Arakidonsyra C20:4,Rotfrukter,0.0,g
5864,Rotselleri kokt,Arakidinsyra C20:0,Rotfrukter,0.0,g
5864,Rotselleri kokt,Linolensyra C18:3,Rotfrukter,0.0,g
5864,Rotselleri kokt,Linolsyra C18:2,Rotfrukter,0.0,g
5864,Rotselleri kokt,Oljesyra C18:1,Rotfrukter,0.0,g
5864,Rotselleri kokt,Stearinsyra C18:0,Rotfrukter,0.0,g
5864,Rotselleri kokt,Palmitoljesyra C16:1,Rotfrukter,0.0,g
5864,Rotselleri kokt,Palmitinsyra C16:0,Rotfrukter,0.0,g
5864,Rotselleri kokt,Myristinsyra C14:0,Rotfrukter,0.0,g
5864,Rotselleri kokt,Laurinsyra C12:0,Rotfrukter,0.0,g
5864,Rotselleri kokt,Betakaroten/β-Karoten,Rotfrukter,4.0,µg
5864,Rotselleri kokt,Avfall (skal etc.),Rotfrukter,0.0,%
5864,Rotselleri kokt,Aska,Rotfrukter,0.9,g
5864,Rotselleri kokt,Alkohol,Rotfrukter,0.0,g
5865,Gula ärtor kokta m. salt,"Zink, Zn","Baljväxter (bönor, linser och ärter)",1.1,mg
5865,Gula ärtor kokta m. salt,Vitamin E,"Baljväxter (bönor, linser och ärter)",0.0,mg
5865,Gula ärtor kokta m. salt,Vitamin D inkl 25-OH-D3,"Baljväxter (bönor, linser och ärter)",0.0,µg
5865,Gula ärtor kokta m. salt,Vitamin D,"Baljväxter (bönor, linser och ärter)",0.0,µg
5865,Gula ärtor kokta m. salt,Vitamin C,"Baljväxter (bönor, linser och ärter)",0.1,mg
5865,Gula ärtor kokta m. salt,Vitamin B6,"Baljväxter (bönor, linser och ärter)",0.0,mg
5865,Gula ärtor kokta m. salt,Vitamin B12,"Baljväxter (bönor, linser och ärter)",0.0,µg
5865,Gula ärtor kokta m. salt,Vitamin A,"Baljväxter (bönor, linser och ärter)",0.2,RE/µg
5865,Gula ärtor kokta m. salt,Vatten,"Baljväxter (bönor, linser och ärter)",62.3,g
5865,Gula ärtor kokta m. salt,Tiamin,"Baljväxter (bönor, linser och ärter)",0.18,mg
5865,Gula ärtor kokta m. salt,Tillsatt socker,"Baljväxter (bönor, linser och ärter)",0.0,g
5865,Gula ärtor kokta m. salt,Fritt socker,"Baljväxter (bönor, linser och ärter)",0.0,g
5865,Gula ärtor kokta m. salt,"Selen, Se","Baljväxter (bönor, linser och ärter)",0.0,µg
5865,Gula ärtor kokta m. salt,Sackaros,"Baljväxter (bönor, linser och ärter)",0.5,g
5865,Gula ärtor kokta m. salt,Riboflavin,"Baljväxter (bönor, linser och ärter)",0.05,mg
5865,Gula ärtor kokta m. salt,Retinol,"Baljväxter (bönor, linser och ärter)",0.0,µg
5865,Gula ärtor kokta m. salt,Protein,"Baljväxter (bönor, linser och ärter)",8.4,g
5865,Gula ärtor kokta m. salt,Summa fleromättade fettsyror,"Baljväxter (bönor, linser och ärter)",0.1,g
5865,Gula ärtor kokta m. salt,"Fosfor, P","Baljväxter (bönor, linser och ärter)",123.0,mg
5865,Gula ärtor kokta m. salt,Niacinekvivalenter,"Baljväxter (bönor, linser och ärter)",2.0,NE/mg
5865,Gula ärtor kokta m. salt,Niacin,"Baljväxter (bönor, linser och ärter)",0.64,mg
5865,Gula ärtor kokta m. salt,"Salt, NaCl","Baljväxter (bönor, linser och ärter)",0.3,g
5865,Gula ärtor kokta m. salt,"Natrium, Na","Baljväxter (bönor, linser och ärter)",126.0,mg
5865,Gula ärtor kokta m. salt,Monosackarider,"Baljväxter (bönor, linser och ärter)",0.0,g
5865,Gula ärtor kokta m. salt,"Sockerarter, totalt","Baljväxter (bönor, linser och ärter)",0.5,g
5865,Gula ärtor kokta m. salt,Summa enkelomättade fettsyror,"Baljväxter (bönor, linser och ärter)",0.1,g
5865,Gula ärtor kokta m. salt,"Magnesium, Mg","Baljväxter (bönor, linser och ärter)",35.0,mg
5865,Gula ärtor kokta m. salt,Summa mättade fettsyror,"Baljväxter (bönor, linser och ärter)",0.3,g
5865,Gula ärtor kokta m. salt,"Kolhydrater, tillgängliga","Baljväxter (bönor, linser och ärter)",16.4,g
5865,Gula ärtor kokta m. salt,Kolesterol,"Baljväxter (bönor, linser och ärter)",0.0,mg
5865,Gula ärtor kokta m. salt,"Kalium, K","Baljväxter (bönor, linser och ärter)",192.0,mg
5865,Gula ärtor kokta m. salt,"Jod, I","Baljväxter (bönor, linser och ärter)",0.0,µg
5865,Gula ärtor kokta m. salt,Fullkorn totalt,"Baljväxter (bönor, linser och ärter)",0.0,g
5865,Gula ärtor kokta m. salt,"Folat, totalt","Baljväxter (bönor, linser och ärter)",3.8,µg
5865,Gula ärtor kokta m. salt,Fibrer,"Baljväxter (bönor, linser och ärter)",11.2,g
5865,Gula ärtor kokta m. salt,"Fett, totalt","Baljväxter (bönor, linser och ärter)",0.6,g
5865,Gula ärtor kokta m. salt,"Järn, Fe","Baljväxter (bönor, linser och ärter)",1.5,mg
5865,Gula ärtor kokta m. salt,Energi (kJ),"Baljväxter (bönor, linser och ärter)",534.0,kJ
5865,Gula ärtor kokta m. salt,Energi (kcal),"Baljväxter (bönor, linser och ärter)",128.0,kcal
5865,Gula ärtor kokta m. salt,Disackarider,"Baljväxter (bönor, linser och ärter)",0.5,g
5865,Gula ärtor kokta m. salt,"Kalcium, Ca","Baljväxter (bönor, linser och ärter)",36.0,mg
5865,Gula ärtor kokta m. salt,Fettsyra 4:0-10:0,"Baljväxter (bönor, linser och ärter)",0.1,g
5865,Gula ärtor kokta m. salt,DHA (C22:6),"Baljväxter (bönor, linser och ärter)",0.0,g
5865,Gula ärtor kokta m. salt,DPA (C22:5),"Baljväxter (bönor, linser och ärter)",0.0,g
5865,Gula ärtor kokta m. salt,EPA (C20:5),"Baljväxter (bönor, linser och ärter)",0.0,g
5865,Gula ärtor kokta m. salt,Arakidonsyra C20:4,"Baljväxter (bönor, linser och ärter)",0.0,g
5865,Gula ärtor kokta m. salt,Arakidinsyra C20:0,"Baljväxter (bönor, linser och ärter)",0.0,g
5865,Gula ärtor kokta m. salt,Linolensyra C18:3,"Baljväxter (bönor, linser och ärter)",0.0,g
5865,Gula ärtor kokta m. salt,Linolsyra C18:2,"Baljväxter (bönor, linser och ärter)",0.1,g
5865,Gula ärtor kokta m. salt,Oljesyra C18:1,"Baljväxter (bönor, linser och ärter)",0.1,g
5865,Gula ärtor kokta m. salt,Stearinsyra C18:0,"Baljväxter (bönor, linser och ärter)",0.1,g
5865,Gula ärtor kokta m. salt,Palmitoljesyra C16:1,"Baljväxter (bönor, linser och ärter)",0.0,g
5865,Gula ärtor kokta m. salt,Palmitinsyra C16:0,"Baljväxter (bönor, linser och ärter)",0.1,g
5865,Gula ärtor kokta m. salt,Myristinsyra C14:0,"Baljväxter (bönor, linser och ärter)",0.0,g
5865,Gula ärtor kokta m. salt,Laurinsyra C12:0,"Baljväxter (bönor, linser och ärter)",0.0,g
5865,Gula ärtor kokta m. salt,Betakaroten/β-Karoten,"Baljväxter (bönor, linser och ärter)",2.0,µg
5865,Gula ärtor kokta m. salt,Avfall (skal etc.),"Baljväxter (bönor, linser och ärter)",0.0,%
5865,Gula ärtor kokta m. salt,Aska,"Baljväxter (bönor, linser och ärter)",1.1,g
5865,Gula ärtor kokta m. salt,Alkohol,"Baljväxter (bönor, linser och ärter)",0.0,g
5866,Bruna bönor torkade kokta m. salt,"Zink, Zn","Baljväxter (bönor, linser och ärter)",1.1,mg
5866,Bruna bönor torkade kokta m. salt,Vitamin E,"Baljväxter (bönor, linser och ärter)",0.0,mg
5866,Bruna bönor torkade kokta m. salt,Vitamin D inkl 25-OH-D3,"Baljväxter (bönor, linser och ärter)",0.0,µg
5866,Bruna bönor torkade kokta m. salt,Vitamin D,"Baljväxter (bönor, linser och ärter)",0.0,µg
5866,Bruna bönor torkade kokta m. salt,Vitamin C,"Baljväxter (bönor, linser och ärter)",0.0,mg
5866,Bruna bönor torkade kokta m. salt,Vitamin B6,"Baljväxter (bönor, linser och ärter)",0.1,mg
5866,Bruna bönor torkade kokta m. salt,Vitamin B12,"Baljväxter (bönor, linser och ärter)",0.0,µg
5866,Bruna bönor torkade kokta m. salt,Vitamin A,"Baljväxter (bönor, linser och ärter)",0.1,RE/µg
5866,Bruna bönor torkade kokta m. salt,Vatten,"Baljväxter (bönor, linser och ärter)",58.8,g
5866,Bruna bönor torkade kokta m. salt,Tiamin,"Baljväxter (bönor, linser och ärter)",0.17,mg
5866,Bruna bönor torkade kokta m. salt,Tillsatt socker,"Baljväxter (bönor, linser och ärter)",0.0,g
5866,Bruna bönor torkade kokta m. salt,Fritt socker,"Baljväxter (bönor, linser och ärter)",0.0,g
5866,Bruna bönor torkade kokta m. salt,"Selen, Se","Baljväxter (bönor, linser och ärter)",0.0,µg
5866,Bruna bönor torkade kokta m. salt,Sackaros,"Baljväxter (bönor, linser och ärter)",0.0,g
5866,Bruna bönor torkade kokta m. salt,Riboflavin,"Baljväxter (bönor, linser och ärter)",0.06,mg
5866,Bruna bönor torkade kokta m. salt,Retinol,"Baljväxter (bönor, linser och ärter)",0.0,µg
5866,Bruna bönor torkade kokta m. salt,Protein,"Baljväxter (bönor, linser och ärter)",8.8,g
5866,Bruna bönor torkade kokta m. salt,Summa fleromättade fettsyror,"Baljväxter (bönor, linser och ärter)",0.4,g
5866,Bruna bönor torkade kokta m. salt,"Fosfor, P","Baljväxter (bönor, linser och ärter)",190.0,mg
5866,Bruna bönor torkade kokta m. salt,Niacinekvivalenter,"Baljväxter (bönor, linser och ärter)",2.1,NE/mg
5866,Bruna bönor torkade kokta m. salt,Niacin,"Baljväxter (bönor, linser och ärter)",0.66,mg
5866,Bruna bönor torkade kokta m. salt,"Salt, NaCl","Baljväxter (bönor, linser och ärter)",0.5,g
5866,Bruna bönor torkade kokta m. salt,"Natrium, Na","Baljväxter (bönor, linser och ärter)",188.0,mg
5866,Bruna bönor torkade kokta m. salt,Monosackarider,"Baljväxter (bönor, linser och ärter)",0.0,g
5866,Bruna bönor torkade kokta m. salt,"Sockerarter, totalt","Baljväxter (bönor, linser och ärter)",0.0,g
5866,Bruna bönor torkade kokta m. salt,Summa enkelomättade fettsyror,"Baljväxter (bönor, linser och ärter)",0.1,g
5866,Bruna bönor torkade kokta m. salt,"Magnesium, Mg","Baljväxter (bönor, linser och ärter)",49.0,mg
5866,Bruna bönor torkade kokta m. salt,Summa mättade fettsyror,"Baljväxter (bönor, linser och ärter)",0.2,g
5866,Bruna bönor torkade kokta m. salt,"Kolhydrater, tillgängliga","Baljväxter (bönor, linser och ärter)",16.8,g
5866,Bruna bönor torkade kokta m. salt,Kolesterol,"Baljväxter (bönor, linser och ärter)",0.0,mg
5866,Bruna bönor torkade kokta m. salt,"Kalium, K","Baljväxter (bönor, linser och ärter)",292.0,mg
5866,Bruna bönor torkade kokta m. salt,"Jod, I","Baljväxter (bönor, linser och ärter)",34.1,µg
5866,Bruna bönor torkade kokta m. salt,Fullkorn totalt,"Baljväxter (bönor, linser och ärter)",0.0,g
5866,Bruna bönor torkade kokta m. salt,"Folat, totalt","Baljväxter (bönor, linser och ärter)",59.3,µg
5866,Bruna bönor torkade kokta m. salt,Fibrer,"Baljväxter (bönor, linser och ärter)",13.2,g
5866,Bruna bönor torkade kokta m. salt,"Fett, totalt","Baljväxter (bönor, linser och ärter)",0.9,g
5866,Bruna bönor torkade kokta m. salt,"Järn, Fe","Baljväxter (bönor, linser och ärter)",2.2,mg
5866,Bruna bönor torkade kokta m. salt,Energi (kJ),"Baljväxter (bönor, linser och ärter)",573.0,kJ
5866,Bruna bönor torkade kokta m. salt,Energi (kcal),"Baljväxter (bönor, linser och ärter)",137.0,kcal
5866,Bruna bönor torkade kokta m. salt,Disackarider,"Baljväxter (bönor, linser och ärter)",0.0,g
5866,Bruna bönor torkade kokta m. salt,"Kalcium, Ca","Baljväxter (bönor, linser och ärter)",39.0,mg
5866,Bruna bönor torkade kokta m. salt,Fettsyra 4:0-10:0,"Baljväxter (bönor, linser och ärter)",0.0,g
5866,Bruna bönor torkade kokta m. salt,DHA (C22:6),"Baljväxter (bönor, linser och ärter)",0.0,g
5866,Bruna bönor torkade kokta m. salt,DPA (C22:5),"Baljväxter (bönor, linser och ärter)",0.0,g
5866,Bruna bönor torkade kokta m. salt,EPA (C20:5),"Baljväxter (bönor, linser och ärter)",0.0,g
5866,Bruna bönor torkade kokta m. salt,Arakidonsyra C20:4,"Baljväxter (bönor, linser och ärter)",0.0,g
5866,Bruna bönor torkade kokta m. salt,Arakidinsyra C20:0,"Baljväxter (bönor, linser och ärter)",0.0,g
5866,Bruna bönor torkade kokta m. salt,Linolensyra C18:3,"Baljväxter (bönor, linser och ärter)",0.2,g
5866,Bruna bönor torkade kokta m. salt,Linolsyra C18:2,"Baljväxter (bönor, linser och ärter)",0.2,g
5866,Bruna bönor torkade kokta m. salt,Oljesyra C18:1,"Baljväxter (bönor, linser och ärter)",0.1,g
5866,Bruna bönor torkade kokta m. salt,Stearinsyra C18:0,"Baljväxter (bönor, linser och ärter)",0.0,g
5866,Bruna bönor torkade kokta m. salt,Palmitoljesyra C16:1,"Baljväxter (bönor, linser och ärter)",0.0,g
5866,Bruna bönor torkade kokta m. salt,Palmitinsyra C16:0,"Baljväxter (bönor, linser och ärter)",0.1,g
5866,Bruna bönor torkade kokta m. salt,Myristinsyra C14:0,"Baljväxter (bönor, linser och ärter)",0.0,g
5866,Bruna bönor torkade kokta m. salt,Laurinsyra C12:0,"Baljväxter (bönor, linser och ärter)",0.1,g
5866,Bruna bönor torkade kokta m. salt,Betakaroten/β-Karoten,"Baljväxter (bönor, linser och ärter)",1.0,µg
5866,Bruna bönor torkade kokta m. salt,Avfall (skal etc.),"Baljväxter (bönor, linser och ärter)",0.0,%
5866,Bruna bönor torkade kokta m. salt,Aska,"Baljväxter (bönor, linser och ärter)",1.5,g
5866,Bruna bönor torkade kokta m. salt,Alkohol,"Baljväxter (bönor, linser och ärter)",0.0,g
5867,Gråärtor kokta m. salt,"Zink, Zn","Baljväxter (bönor, linser och ärter)",1.6,mg
5867,Gråärtor kokta m. salt,Vitamin E,"Baljväxter (bönor, linser och ärter)",0.2,mg
5867,Gråärtor kokta m. salt,Vitamin D inkl 25-OH-D3,"Baljväxter (bönor, linser och ärter)",0.0,µg
5867,Gråärtor kokta m. salt,Vitamin D,"Baljväxter (bönor, linser och ärter)",0.0,µg
5867,Gråärtor kokta m. salt,Vitamin C,"Baljväxter (bönor, linser och ärter)",0.0,mg
5867,Gråärtor kokta m. salt,Vitamin B6,"Baljväxter (bönor, linser och ärter)",0.08,mg
5867,Gråärtor kokta m. salt,Vitamin B12,"Baljväxter (bönor, linser och ärter)",0.0,µg
5867,Gråärtor kokta m. salt,Vitamin A,"Baljväxter (bönor, linser och ärter)",0.5,RE/µg
5867,Gråärtor kokta m. salt,Vatten,"Baljväxter (bönor, linser och ärter)",62.3,g
5867,Gråärtor kokta m. salt,Tiamin,"Baljväxter (bönor, linser och ärter)",0.02,mg
5867,Gråärtor kokta m. salt,Tillsatt socker,"Baljväxter (bönor, linser och ärter)",0.0,g
5867,Gråärtor kokta m. salt,Fritt socker,"Baljväxter (bönor, linser och ärter)",0.0,g
5867,Gråärtor kokta m. salt,"Selen, Se","Baljväxter (bönor, linser och ärter)",7.8,µg
5867,Gråärtor kokta m. salt,Sackaros,"Baljväxter (bönor, linser och ärter)",0.0,g
5867,Gråärtor kokta m. salt,Riboflavin,"Baljväxter (bönor, linser och ärter)",0.09,mg
5867,Gråärtor kokta m. salt,Retinol,"Baljväxter (bönor, linser och ärter)",0.0,µg
5867,Gråärtor kokta m. salt,Protein,"Baljväxter (bönor, linser och ärter)",10.2,g
5867,Gråärtor kokta m. salt,Summa fleromättade fettsyror,"Baljväxter (bönor, linser och ärter)",0.1,g
5867,Gråärtor kokta m. salt,"Fosfor, P","Baljväxter (bönor, linser och ärter)",185.0,mg
5867,Gråärtor kokta m. salt,Niacinekvivalenter,"Baljväxter (bönor, linser och ärter)",2.4,NE/mg
5867,Gråärtor kokta m. salt,Niacin,"Baljväxter (bönor, linser och ärter)",0.71,mg
5867,Gråärtor kokta m. salt,"Salt, NaCl","Baljväxter (bönor, linser och ärter)",0.6,g
5867,Gråärtor kokta m. salt,"Natrium, Na","Baljväxter (bönor, linser och ärter)",250.0,mg
5867,Gråärtor kokta m. salt,Monosackarider,"Baljväxter (bönor, linser och ärter)",0.0,g
5867,Gråärtor kokta m. salt,"Sockerarter, totalt","Baljväxter (bönor, linser och ärter)",0.0,g
5867,Gråärtor kokta m. salt,Summa enkelomättade fettsyror,"Baljväxter (bönor, linser och ärter)",0.0,g
5867,Gråärtor kokta m. salt,"Magnesium, Mg","Baljväxter (bönor, linser och ärter)",39.0,mg
5867,Gråärtor kokta m. salt,Summa mättade fettsyror,"Baljväxter (bönor, linser och ärter)",0.3,g
5867,Gråärtor kokta m. salt,"Kolhydrater, tillgängliga","Baljväxter (bönor, linser och ärter)",16.6,g
5867,Gråärtor kokta m. salt,Kolesterol,"Baljväxter (bönor, linser och ärter)",0.0,mg
5867,Gråärtor kokta m. salt,"Kalium, K","Baljväxter (bönor, linser och ärter)",290.0,mg
5867,Gråärtor kokta m. salt,"Jod, I","Baljväxter (bönor, linser och ärter)",31.7,µg
5867,Gråärtor kokta m. salt,Fullkorn totalt,"Baljväxter (bönor, linser och ärter)",0.0,g
5867,Gråärtor kokta m. salt,"Folat, totalt","Baljväxter (bönor, linser och ärter)",3.8,µg
5867,Gråärtor kokta m. salt,Fibrer,"Baljväxter (bönor, linser och ärter)",8.6,g
5867,Gråärtor kokta m. salt,"Fett, totalt","Baljväxter (bönor, linser och ärter)",0.5,g
5867,Gråärtor kokta m. salt,"Järn, Fe","Baljväxter (bönor, linser och ärter)",2.0,mg
5867,Gråärtor kokta m. salt,Energi (kJ),"Baljväxter (bönor, linser och ärter)",544.0,kJ
5867,Gråärtor kokta m. salt,Energi (kcal),"Baljväxter (bönor, linser och ärter)",130.0,kcal
5867,Gråärtor kokta m. salt,Disackarider,"Baljväxter (bönor, linser och ärter)",0.0,g
5867,Gråärtor kokta m. salt,"Kalcium, Ca","Baljväxter (bönor, linser och ärter)",52.0,mg
5867,Gråärtor kokta m. salt,Fettsyra 4:0-10:0,"Baljväxter (bönor, linser och ärter)",0.0,g
5867,Gråärtor kokta m. salt,DHA (C22:6),"Baljväxter (bönor, linser och ärter)",0.0,g
5867,Gråärtor kokta m. salt,DPA (C22:5),"Baljväxter (bönor, linser och ärter)",0.0,g
5867,Gråärtor kokta m. salt,EPA (C20:5),"Baljväxter (bönor, linser och ärter)",0.0,g
5867,Gråärtor kokta m. salt,Arakidonsyra C20:4,"Baljväxter (bönor, linser och ärter)",0.0,g
5867,Gråärtor kokta m. salt,Arakidinsyra C20:0,"Baljväxter (bönor, linser och ärter)",0.0,g
5867,Gråärtor kokta m. salt,Linolensyra C18:3,"Baljväxter (bönor, linser och ärter)",0.0,g
5867,Gråärtor kokta m. salt,Linolsyra C18:2,"Baljväxter (bönor, linser och ärter)",0.1,g
5867,Gråärtor kokta m. salt,Oljesyra C18:1,"Baljväxter (bönor, linser och ärter)",0.0,g
5867,Gråärtor kokta m. salt,Stearinsyra C18:0,"Baljväxter (bönor, linser och ärter)",0.0,g
5867,Gråärtor kokta m. salt,Palmitoljesyra C16:1,"Baljväxter (bönor, linser och ärter)",0.0,g
5867,Gråärtor kokta m. salt,Palmitinsyra C16:0,"Baljväxter (bönor, linser och ärter)",0.1,g
5867,Gråärtor kokta m. salt,Myristinsyra C14:0,"Baljväxter (bönor, linser och ärter)",0.0,g
5867,Gråärtor kokta m. salt,Laurinsyra C12:0,"Baljväxter (bönor, linser och ärter)",0.1,g
5867,Gråärtor kokta m. salt,Betakaroten/β-Karoten,"Baljväxter (bönor, linser och ärter)",6.0,µg
5867,Gråärtor kokta m. salt,Avfall (skal etc.),"Baljväxter (bönor, linser och ärter)",0.0,%
5867,Gråärtor kokta m. salt,Aska,"Baljväxter (bönor, linser och ärter)",1.7,g
5867,Gråärtor kokta m. salt,Alkohol,"Baljväxter (bönor, linser och ärter)",0.0,g
5868,Åkerbönor torkade kokta m. salt,"Zink, Zn","Baljväxter (bönor, linser och ärter)",1.2,mg
5868,Åkerbönor torkade kokta m. salt,Vitamin E,"Baljväxter (bönor, linser och ärter)",0.0,mg
5868,Åkerbönor torkade kokta m. salt,Vitamin D inkl 25-OH-D3,"Baljväxter (bönor, linser och ärter)",0.0,µg
5868,Åkerbönor torkade kokta m. salt,Vitamin D,"Baljväxter (bönor, linser och ärter)",0.0,µg
5868,Åkerbönor torkade kokta m. salt,Vitamin C,"Baljväxter (bönor, linser och ärter)",0.0,mg
5868,Åkerbönor torkade kokta m. salt,Vitamin B6,"Baljväxter (bönor, linser och ärter)",0.03,mg
5868,Åkerbönor torkade kokta m. salt,Vitamin B12,"Baljväxter (bönor, linser och ärter)",0.0,µg
5868,Åkerbönor torkade kokta m. salt,Vitamin A,"Baljväxter (bönor, linser och ärter)",0.2,RE/µg
5868,Åkerbönor torkade kokta m. salt,Vatten,"Baljväxter (bönor, linser och ärter)",62.2,g
5868,Åkerbönor torkade kokta m. salt,Tiamin,"Baljväxter (bönor, linser och ärter)",0.17,mg
5868,Åkerbönor torkade kokta m. salt,Tillsatt socker,"Baljväxter (bönor, linser och ärter)",0.0,g
5868,Åkerbönor torkade kokta m. salt,Fritt socker,"Baljväxter (bönor, linser och ärter)",0.0,g
5868,Åkerbönor torkade kokta m. salt,"Selen, Se","Baljväxter (bönor, linser och ärter)",0.0,µg
5868,Åkerbönor torkade kokta m. salt,Sackaros,"Baljväxter (bönor, linser och ärter)",0.0,g
5868,Åkerbönor torkade kokta m. salt,Riboflavin,"Baljväxter (bönor, linser och ärter)",0.04,mg
5868,Åkerbönor torkade kokta m. salt,Retinol,"Baljväxter (bönor, linser och ärter)",0.0,µg
5868,Åkerbönor torkade kokta m. salt,Protein,"Baljväxter (bönor, linser och ärter)",10.2,g
5868,Åkerbönor torkade kokta m. salt,Summa fleromättade fettsyror,"Baljväxter (bönor, linser och ärter)",0.2,g
5868,Åkerbönor torkade kokta m. salt,"Fosfor, P","Baljväxter (bönor, linser och ärter)",220.0,mg
5868,Åkerbönor torkade kokta m. salt,Niacinekvivalenter,"Baljväxter (bönor, linser och ärter)",2.5,NE/mg
5868,Åkerbönor torkade kokta m. salt,Niacin,"Baljväxter (bönor, linser och ärter)",0.83,mg
5868,Åkerbönor torkade kokta m. salt,"Salt, NaCl","Baljväxter (bönor, linser och ärter)",0.6,g
5868,Åkerbönor torkade kokta m. salt,"Natrium, Na","Baljväxter (bönor, linser och ärter)",254.0,mg
5868,Åkerbönor torkade kokta m. salt,Monosackarider,"Baljväxter (bönor, linser och ärter)",0.0,g
5868,Åkerbönor torkade kokta m. salt,"Sockerarter, totalt","Baljväxter (bönor, linser och ärter)",0.0,g
5868,Åkerbönor torkade kokta m. salt,Summa enkelomättade fettsyror,"Baljväxter (bönor, linser och ärter)",0.1,g
5868,Åkerbönor torkade kokta m. salt,"Magnesium, Mg","Baljväxter (bönor, linser och ärter)",45.0,mg
5868,Åkerbönor torkade kokta m. salt,Summa mättade fettsyror,"Baljväxter (bönor, linser och ärter)",0.1,g
5868,Åkerbönor torkade kokta m. salt,"Kolhydrater, tillgängliga","Baljväxter (bönor, linser och ärter)",18.4,g
5868,Åkerbönor torkade kokta m. salt,Kolesterol,"Baljväxter (bönor, linser och ärter)",0.0,mg
5868,Åkerbönor torkade kokta m. salt,"Kalium, K","Baljväxter (bönor, linser och ärter)",278.0,mg
5868,Åkerbönor torkade kokta m. salt,"Jod, I","Baljväxter (bönor, linser och ärter)",25.3,µg
5868,Åkerbönor torkade kokta m. salt,Fullkorn totalt,"Baljväxter (bönor, linser och ärter)",0.0,g
5868,Åkerbönor torkade kokta m. salt,"Folat, totalt","Baljväxter (bönor, linser och ärter)",0.0,µg
5868,Åkerbönor torkade kokta m. salt,Fibrer,"Baljväxter (bönor, linser och ärter)",7.1,g
5868,Åkerbönor torkade kokta m. salt,"Fett, totalt","Baljväxter (bönor, linser och ärter)",0.5,g
5868,Åkerbönor torkade kokta m. salt,"Järn, Fe","Baljväxter (bönor, linser och ärter)",1.5,mg
5868,Åkerbönor torkade kokta m. salt,Energi (kJ),"Baljväxter (bönor, linser och ärter)",562.0,kJ
5868,Åkerbönor torkade kokta m. salt,Energi (kcal),"Baljväxter (bönor, linser och ärter)",134.0,kcal
5868,Åkerbönor torkade kokta m. salt,Disackarider,"Baljväxter (bönor, linser och ärter)",0.0,g
5868,Åkerbönor torkade kokta m. salt,"Kalcium, Ca","Baljväxter (bönor, linser och ärter)",42.0,mg
5868,Åkerbönor torkade kokta m. salt,Fettsyra 4:0-10:0,"Baljväxter (bönor, linser och ärter)",0.0,g
5868,Åkerbönor torkade kokta m. salt,DHA (C22:6),"Baljväxter (bönor, linser och ärter)",0.0,g
5868,Åkerbönor torkade kokta m. salt,DPA (C22:5),"Baljväxter (bönor, linser och ärter)",0.0,g
5868,Åkerbönor torkade kokta m. salt,EPA (C20:5),"Baljväxter (bönor, linser och ärter)",0.0,g
5868,Åkerbönor torkade kokta m. salt,Arakidonsyra C20:4,"Baljväxter (bönor, linser och ärter)",0.0,g
5868,Åkerbönor torkade kokta m. salt,Arakidinsyra C20:0,"Baljväxter (bönor, linser och ärter)",0.0,g
5868,Åkerbönor torkade kokta m. salt,Linolensyra C18:3,"Baljväxter (bönor, linser och ärter)",0.0,g
5868,Åkerbönor torkade kokta m. salt,Linolsyra C18:2,"Baljväxter (bönor, linser och ärter)",0.2,g
5868,Åkerbönor torkade kokta m. salt,Oljesyra C18:1,"Baljväxter (bönor, linser och ärter)",0.1,g
5868,Åkerbönor torkade kokta m. salt,Stearinsyra C18:0,"Baljväxter (bönor, linser och ärter)",0.0,g
5868,Åkerbönor torkade kokta m. salt,Palmitoljesyra C16:1,"Baljväxter (bönor, linser och ärter)",0.0,g
5868,Åkerbönor torkade kokta m. salt,Palmitinsyra C16:0,"Baljväxter (bönor, linser och ärter)",0.1,g
5868,Åkerbönor torkade kokta m. salt,Myristinsyra C14:0,"Baljväxter (bönor, linser och ärter)",0.0,g
5868,Åkerbönor torkade kokta m. salt,Laurinsyra C12:0,"Baljväxter (bönor, linser och ärter)",0.0,g
5868,Åkerbönor torkade kokta m. salt,Betakaroten/β-Karoten,"Baljväxter (bönor, linser och ärter)",2.0,µg
5868,Åkerbönor torkade kokta m. salt,Avfall (skal etc.),"Baljväxter (bönor, linser och ärter)",0.0,%
5868,Åkerbönor torkade kokta m. salt,Aska,"Baljväxter (bönor, linser och ärter)",1.6,g
5868,Åkerbönor torkade kokta m. salt,Alkohol,"Baljväxter (bönor, linser och ärter)",0.0,g
5869,Äpple Aroma rött,"Zink, Zn",Frukt färsk fryst,0.0,mg
5869,Äpple Aroma rött,Vitamin E,Frukt färsk fryst,0.3,mg
5869,Äpple Aroma rött,Vitamin D inkl 25-OH-D3,Frukt färsk fryst,0.0,µg
5869,Äpple Aroma rött,Vitamin D,Frukt färsk fryst,0.0,µg
5869,Äpple Aroma rött,Vitamin C,Frukt färsk fryst,5.1,mg
5869,Äpple Aroma rött,Vitamin B6,Frukt färsk fryst,0.04,mg
5869,Äpple Aroma rött,Vitamin B12,Frukt färsk fryst,0.0,µg
5869,Äpple Aroma rött,Vitamin A,Frukt färsk fryst,1.4,RE/µg
5869,Äpple Aroma rött,Vatten,Frukt färsk fryst,87.1,g
5869,Äpple Aroma rött,Tiamin,Frukt färsk fryst,0.01,mg
5869,Äpple Aroma rött,Tillsatt socker,Frukt färsk fryst,0.0,g
5869,Äpple Aroma rött,Fritt socker,Frukt färsk fryst,0.0,g
5869,Äpple Aroma rött,"Selen, Se",Frukt färsk fryst,0.0,µg
5869,Äpple Aroma rött,Sackaros,Frukt färsk fryst,3.7,g
5869,Äpple Aroma rött,Riboflavin,Frukt färsk fryst,0.0,mg
5869,Äpple Aroma rött,Retinol,Frukt färsk fryst,0.0,µg
5869,Äpple Aroma rött,Protein,Frukt färsk fryst,0.0,g
5869,Äpple Aroma rött,Summa fleromättade fettsyror,Frukt färsk fryst,0.0,g
5869,Äpple Aroma rött,"Fosfor, P",Frukt färsk fryst,6.0,mg
5869,Äpple Aroma rött,Niacinekvivalenter,Frukt färsk fryst,0.2,NE/mg
5869,Äpple Aroma rött,Niacin,Frukt färsk fryst,0.16,mg
5869,Äpple Aroma rött,"Salt, NaCl",Frukt färsk fryst,0.0,g
5869,Äpple Aroma rött,"Natrium, Na",Frukt färsk fryst,0.0,mg
5869,Äpple Aroma rött,Monosackarider,Frukt färsk fryst,7.1,g
5869,Äpple Aroma rött,"Sockerarter, totalt",Frukt färsk fryst,10.8,g
5869,Äpple Aroma rött,Summa enkelomättade fettsyror,Frukt färsk fryst,0.0,g
5869,Äpple Aroma rött,"Magnesium, Mg",Frukt färsk fryst,4.0,mg
5869,Äpple Aroma rött,Summa mättade fettsyror,Frukt färsk fryst,0.0,g
5869,Äpple Aroma rött,"Kolhydrater, tillgängliga",Frukt färsk fryst,10.2,g
5869,Äpple Aroma rött,Kolesterol,Frukt färsk fryst,0.0,mg
5869,Äpple Aroma rött,"Kalium, K",Frukt färsk fryst,58.0,mg
5869,Äpple Aroma rött,"Jod, I",Frukt färsk fryst,0.0,µg
5869,Äpple Aroma rött,Fullkorn totalt,Frukt färsk fryst,0.0,g
5869,Äpple Aroma rött,"Folat, totalt",Frukt färsk fryst,4.9,µg
5869,Äpple Aroma rött,Fibrer,Frukt färsk fryst,2.2,g
5869,Äpple Aroma rött,"Fett, totalt",Frukt färsk fryst,0.0,g
5869,Äpple Aroma rött,"Järn, Fe",Frukt färsk fryst,0.1,mg
5869,Äpple Aroma rött,Energi (kJ),Frukt färsk fryst,193.0,kJ
5869,Äpple Aroma rött,Energi (kcal),Frukt färsk fryst,46.0,kcal
5869,Äpple Aroma rött,Disackarider,Frukt färsk fryst,3.7,g
5869,Äpple Aroma rött,"Kalcium, Ca",Frukt färsk fryst,3.0,mg
5869,Äpple Aroma rött,Fettsyra 4:0-10:0,Frukt färsk fryst,0.0,g
5869,Äpple Aroma rött,DHA (C22:6),Frukt färsk fryst,0.0,g
5869,Äpple Aroma rött,DPA (C22:5),Frukt färsk fryst,0.0,g
5869,Äpple Aroma rött,EPA (C20:5),Frukt färsk fryst,0.0,g
5869,Äpple Aroma rött,Arakidonsyra C20:4,Frukt färsk fryst,0.0,g
5869,Äpple Aroma rött,Arakidinsyra C20:0,Frukt färsk fryst,0.0,g
5869,Äpple Aroma rött,Linolensyra C18:3,Frukt färsk fryst,0.0,g
5869,Äpple Aroma rött,Linolsyra C18:2,Frukt färsk fryst,0.0,g
5869,Äpple Aroma rött,Oljesyra C18:1,Frukt färsk fryst,0.0,g
5869,Äpple Aroma rött,Stearinsyra C18:0,Frukt färsk fryst,0.0,g
5869,Äpple Aroma rött,Palmitoljesyra C16:1,Frukt färsk fryst,0.0,g
5869,Äpple Aroma rött,Palmitinsyra C16:0,Frukt färsk fryst,0.0,g
5869,Äpple Aroma rött,Myristinsyra C14:0,Frukt färsk fryst,0.0,g
5869,Äpple Aroma rött,Laurinsyra C12:0,Frukt färsk fryst,0.0,g
5869,Äpple Aroma rött,Betakaroten/β-Karoten,Frukt färsk fryst,16.0,µg
5869,Äpple Aroma rött,Avfall (skal etc.),Frukt färsk fryst,8.0,%
5869,Äpple Aroma rött,Aska,Frukt färsk fryst,0.4,g
5869,Äpple Aroma rött,Alkohol,Frukt färsk fryst,0.0,g
5870,Äpple Ingrid Marie rött,"Zink, Zn",Frukt färsk fryst,0.0,mg
5870,Äpple Ingrid Marie rött,Vitamin E,Frukt färsk fryst,0.4,mg
5870,Äpple Ingrid Marie rött,Vitamin D inkl 25-OH-D3,Frukt färsk fryst,0.0,µg
5870,Äpple Ingrid Marie rött,Vitamin D,Frukt färsk fryst,0.0,µg
5870,Äpple Ingrid Marie rött,Vitamin C,Frukt färsk fryst,4.8,mg
5870,Äpple Ingrid Marie rött,Vitamin B6,Frukt färsk fryst,0.05,mg
5870,Äpple Ingrid Marie rött,Vitamin B12,Frukt färsk fryst,0.0,µg
5870,Äpple Ingrid Marie rött,Vitamin A,Frukt färsk fryst,1.6,RE/µg
5870,Äpple Ingrid Marie rött,Vatten,Frukt färsk fryst,86.5,g
5870,Äpple Ingrid Marie rött,Tiamin,Frukt färsk fryst,0.01,mg
5870,Äpple Ingrid Marie rött,Tillsatt socker,Frukt färsk fryst,0.0,g
5870,Äpple Ingrid Marie rött,Fritt socker,Frukt färsk fryst,0.0,g
5870,Äpple Ingrid Marie rött,"Selen, Se",Frukt färsk fryst,0.0,µg
5870,Äpple Ingrid Marie rött,Sackaros,Frukt färsk fryst,3.9,g
5870,Äpple Ingrid Marie rött,Riboflavin,Frukt färsk fryst,0.01,mg
5870,Äpple Ingrid Marie rött,Retinol,Frukt färsk fryst,0.0,µg
5870,Äpple Ingrid Marie rött,Protein,Frukt färsk fryst,0.0,g
5870,Äpple Ingrid Marie rött,Summa fleromättade fettsyror,Frukt färsk fryst,0.0,g
5870,Äpple Ingrid Marie rött,"Fosfor, P",Frukt färsk fryst,6.0,mg
5870,Äpple Ingrid Marie rött,Niacinekvivalenter,Frukt färsk fryst,0.1,NE/mg
5870,Äpple Ingrid Marie rött,Niacin,Frukt färsk fryst,0.11,mg
5870,Äpple Ingrid Marie rött,"Salt, NaCl",Frukt färsk fryst,0.0,g
5870,Äpple Ingrid Marie rött,"Natrium, Na",Frukt färsk fryst,0.0,mg
5870,Äpple Ingrid Marie rött,Monosackarider,Frukt färsk fryst,6.4,g
5870,Äpple Ingrid Marie rött,"Sockerarter, totalt",Frukt färsk fryst,10.3,g
5870,Äpple Ingrid Marie rött,Summa enkelomättade fettsyror,Frukt färsk fryst,0.0,g
5870,Äpple Ingrid Marie rött,"Magnesium, Mg",Frukt färsk fryst,3.0,mg
5870,Äpple Ingrid Marie rött,Summa mättade fettsyror,Frukt färsk fryst,0.0,g
5870,Äpple Ingrid Marie rött,"Kolhydrater, tillgängliga",Frukt färsk fryst,11.0,g
5870,Äpple Ingrid Marie rött,Kolesterol,Frukt färsk fryst,0.0,mg
5870,Äpple Ingrid Marie rött,"Kalium, K",Frukt färsk fryst,68.0,mg
5870,Äpple Ingrid Marie rött,"Jod, I",Frukt färsk fryst,0.0,µg
5870,Äpple Ingrid Marie rött,Fullkorn totalt,Frukt färsk fryst,0.0,g
5870,Äpple Ingrid Marie rött,"Folat, totalt",Frukt färsk fryst,1.9,µg
5870,Äpple Ingrid Marie rött,Fibrer,Frukt färsk fryst,2.2,g
5870,Äpple Ingrid Marie rött,"Fett, totalt",Frukt färsk fryst,0.0,g
5870,Äpple Ingrid Marie rött,"Järn, Fe",Frukt färsk fryst,0.1,mg
5870,Äpple Ingrid Marie rött,Energi (kJ),Frukt färsk fryst,206.0,kJ
5870,Äpple Ingrid Marie rött,Energi (kcal),Frukt färsk fryst,49.0,kcal
5870,Äpple Ingrid Marie rött,Disackarider,Frukt färsk fryst,3.9,g
5870,Äpple Ingrid Marie rött,"Kalcium, Ca",Frukt färsk fryst,2.0,mg
5870,Äpple Ingrid Marie rött,Fettsyra 4:0-10:0,Frukt färsk fryst,0.0,g
5870,Äpple Ingrid Marie rött,DHA (C22:6),Frukt färsk fryst,0.0,g
5870,Äpple Ingrid Marie rött,DPA (C22:5),Frukt färsk fryst,0.0,g
5870,Äpple Ingrid Marie rött,EPA (C20:5),Frukt färsk fryst,0.0,g
5870,Äpple Ingrid Marie rött,Arakidonsyra C20:4,Frukt färsk fryst,0.0,g
5870,Äpple Ingrid Marie rött,Arakidinsyra C20:0,Frukt färsk fryst,0.0,g
5870,Äpple Ingrid Marie rött,Linolensyra C18:3,Frukt färsk fryst,0.0,g
5870,Äpple Ingrid Marie rött,Linolsyra C18:2,Frukt färsk fryst,0.0,g
5870,Äpple Ingrid Marie rött,Oljesyra C18:1,Frukt färsk fryst,0.0,g
5870,Äpple Ingrid Marie rött,Stearinsyra C18:0,Frukt färsk fryst,0.0,g
5870,Äpple Ingrid Marie rött,Palmitoljesyra C16:1,Frukt färsk fryst,0.0,g
5870,Äpple Ingrid Marie rött,Palmitinsyra C16:0,Frukt färsk fryst,0.0,g
5870,Äpple Ingrid Marie rött,Myristinsyra C14:0,Frukt färsk fryst,0.0,g
5870,Äpple Ingrid Marie rött,Laurinsyra C12:0,Frukt färsk fryst,0.0,g
5870,Äpple Ingrid Marie rött,Betakaroten/β-Karoten,Frukt färsk fryst,16.0,µg
5870,Äpple Ingrid Marie rött,Avfall (skal etc.),Frukt färsk fryst,8.0,%
5870,Äpple Ingrid Marie rött,Aska,Frukt färsk fryst,0.2,g
5870,Äpple Ingrid Marie rött,Alkohol,Frukt färsk fryst,0.0,g
5871,Äpple Frida,"Zink, Zn",Frukt färsk fryst,0.0,mg
5871,Äpple Frida,Vitamin E,Frukt färsk fryst,0.2,mg
5871,Äpple Frida,Vitamin D inkl 25-OH-D3,Frukt färsk fryst,0.0,µg
5871,Äpple Frida,Vitamin D,Frukt färsk fryst,0.0,µg
5871,Äpple Frida,Vitamin C,Frukt färsk fryst,14.1,mg
5871,Äpple Frida,Vitamin B6,Frukt färsk fryst,0.04,mg
5871,Äpple Frida,Vitamin B12,Frukt färsk fryst,0.0,µg
5871,Äpple Frida,Vitamin A,Frukt färsk fryst,0.8,RE/µg
5871,Äpple Frida,Vatten,Frukt färsk fryst,85.0,g
5871,Äpple Frida,Tiamin,Frukt färsk fryst,0.01,mg
5871,Äpple Frida,Tillsatt socker,Frukt färsk fryst,0.0,g
5871,Äpple Frida,Fritt socker,Frukt färsk fryst,0.0,g
5871,Äpple Frida,"Selen, Se",Frukt färsk fryst,0.0,µg
5871,Äpple Frida,Sackaros,Frukt färsk fryst,6.1,g
5871,Äpple Frida,Riboflavin,Frukt färsk fryst,0.01,mg
5871,Äpple Frida,Retinol,Frukt färsk fryst,0.0,µg
5871,Äpple Frida,Protein,Frukt färsk fryst,0.0,g
5871,Äpple Frida,Summa fleromättade fettsyror,Frukt färsk fryst,0.0,g
5871,Äpple Frida,"Fosfor, P",Frukt färsk fryst,6.0,mg
5871,Äpple Frida,Niacinekvivalenter,Frukt färsk fryst,0.1,NE/mg
5871,Äpple Frida,Niacin,Frukt färsk fryst,0.14,mg
5871,Äpple Frida,"Salt, NaCl",Frukt färsk fryst,0.0,g
5871,Äpple Frida,"Natrium, Na",Frukt färsk fryst,0.0,mg
5871,Äpple Frida,Monosackarider,Frukt färsk fryst,4.8,g
5871,Äpple Frida,"Sockerarter, totalt",Frukt färsk fryst,10.9,g
5871,Äpple Frida,Summa enkelomättade fettsyror,Frukt färsk fryst,0.0,g
5871,Äpple Frida,"Magnesium, Mg",Frukt färsk fryst,3.0,mg
5871,Äpple Frida,Summa mättade fettsyror,Frukt färsk fryst,0.0,g
5871,Äpple Frida,"Kolhydrater, tillgängliga",Frukt färsk fryst,12.6,g
5871,Äpple Frida,Kolesterol,Frukt färsk fryst,0.0,mg
5871,Äpple Frida,"Kalium, K",Frukt färsk fryst,57.0,mg
5871,Äpple Frida,"Jod, I",Frukt färsk fryst,0.0,µg
5871,Äpple Frida,Fullkorn totalt,Frukt färsk fryst,0.0,g
5871,Äpple Frida,"Folat, totalt",Frukt färsk fryst,2.4,µg
5871,Äpple Frida,Fibrer,Frukt färsk fryst,2.2,g
5871,Äpple Frida,"Fett, totalt",Frukt färsk fryst,0.0,g
5871,Äpple Frida,"Järn, Fe",Frukt färsk fryst,0.1,mg
5871,Äpple Frida,Energi (kJ),Frukt färsk fryst,234.0,kJ
5871,Äpple Frida,Energi (kcal),Frukt färsk fryst,56.0,kcal
5871,Äpple Frida,Disackarider,Frukt färsk fryst,6.1,g
5871,Äpple Frida,"Kalcium, Ca",Frukt färsk fryst,2.0,mg
5871,Äpple Frida,Fettsyra 4:0-10:0,Frukt färsk fryst,0.0,g
5871,Äpple Frida,DHA (C22:6),Frukt färsk fryst,0.0,g
5871,Äpple Frida,DPA (C22:5),Frukt färsk fryst,0.0,g
5871,Äpple Frida,EPA (C20:5),Frukt färsk fryst,0.0,g
5871,Äpple Frida,Arakidonsyra C20:4,Frukt färsk fryst,0.0,g
5871,Äpple Frida,Arakidinsyra C20:0,Frukt färsk fryst,0.0,g
5871,Äpple Frida,Linolensyra C18:3,Frukt färsk fryst,0.0,g
5871,Äpple Frida,Linolsyra C18:2,Frukt färsk fryst,0.0,g
5871,Äpple Frida,Oljesyra C18:1,Frukt färsk fryst,0.0,g
5871,Äpple Frida,Stearinsyra C18:0,Frukt färsk fryst,0.0,g
5871,Äpple Frida,Palmitoljesyra C16:1,Frukt färsk fryst,0.0,g
5871,Äpple Frida,Palmitinsyra C16:0,Frukt färsk fryst,0.0,g
5871,Äpple Frida,Myristinsyra C14:0,Frukt färsk fryst,0.0,g
5871,Äpple Frida,Laurinsyra C12:0,Frukt färsk fryst,0.0,g
5871,Äpple Frida,Betakaroten/β-Karoten,Frukt färsk fryst,8.0,µg
5871,Äpple Frida,Avfall (skal etc.),Frukt färsk fryst,8.0,%
5871,Äpple Frida,Aska,Frukt färsk fryst,0.1,g
5871,Äpple Frida,Alkohol,Frukt färsk fryst,0.0,g
5872,Äpple Golden delicious Granny Smith grönt,"Zink, Zn",Frukt färsk fryst,0.0,mg
5872,Äpple Golden delicious Granny Smith grönt,Vitamin E,Frukt färsk fryst,0.3,mg
5872,Äpple Golden delicious Granny Smith grönt,Vitamin D inkl 25-OH-D3,Frukt färsk fryst,0.0,µg
5872,Äpple Golden delicious Granny Smith grönt,Vitamin D,Frukt färsk fryst,0.0,µg
5872,Äpple Golden delicious Granny Smith grönt,Vitamin C,Frukt färsk fryst,6.0,mg
5872,Äpple Golden delicious Granny Smith grönt,Vitamin B6,Frukt färsk fryst,0.04,mg
5872,Äpple Golden delicious Granny Smith grönt,Vitamin B12,Frukt färsk fryst,0.0,µg
5872,Äpple Golden delicious Granny Smith grönt,Vitamin A,Frukt färsk fryst,3.0,RE/µg
5872,Äpple Golden delicious Granny Smith grönt,Vatten,Frukt färsk fryst,87.9,g
5872,Äpple Golden delicious Granny Smith grönt,Tiamin,Frukt färsk fryst,0.01,mg
5872,Äpple Golden delicious Granny Smith grönt,Tillsatt socker,Frukt färsk fryst,0.0,g
5872,Äpple Golden delicious Granny Smith grönt,Fritt socker,Frukt färsk fryst,0.0,g
5872,Äpple Golden delicious Granny Smith grönt,"Selen, Se",Frukt färsk fryst,0.0,µg
5872,Äpple Golden delicious Granny Smith grönt,Sackaros,Frukt färsk fryst,1.6,g
5872,Äpple Golden delicious Granny Smith grönt,Riboflavin,Frukt färsk fryst,0.0,mg
5872,Äpple Golden delicious Granny Smith grönt,Retinol,Frukt färsk fryst,0.0,µg
5872,Äpple Golden delicious Granny Smith grönt,Protein,Frukt färsk fryst,0.0,g
5872,Äpple Golden delicious Granny Smith grönt,Summa fleromättade fettsyror,Frukt färsk fryst,0.0,g
5872,Äpple Golden delicious Granny Smith grönt,"Fosfor, P",Frukt färsk fryst,8.0,mg
5872,Äpple Golden delicious Granny Smith grönt,Niacinekvivalenter,Frukt färsk fryst,0.1,NE/mg
5872,Äpple Golden delicious Granny Smith grönt,Niacin,Frukt färsk fryst,0.1,mg
5872,Äpple Golden delicious Granny Smith grönt,"Salt, NaCl",Frukt färsk fryst,0.0,g
5872,Äpple Golden delicious Granny Smith grönt,"Natrium, Na",Frukt färsk fryst,0.0,mg
5872,Äpple Golden delicious Granny Smith grönt,Monosackarider,Frukt färsk fryst,7.2,g
5872,Äpple Golden delicious Granny Smith grönt,"Sockerarter, totalt",Frukt färsk fryst,8.8,g
5872,Äpple Golden delicious Granny Smith grönt,Summa enkelomättade fettsyror,Frukt färsk fryst,0.0,g
5872,Äpple Golden delicious Granny Smith grönt,"Magnesium, Mg",Frukt färsk fryst,4.0,mg
5872,Äpple Golden delicious Granny Smith grönt,Summa mättade fettsyror,Frukt färsk fryst,0.0,g
5872,Äpple Golden delicious Granny Smith grönt,"Kolhydrater, tillgängliga",Frukt färsk fryst,9.4,g
5872,Äpple Golden delicious Granny Smith grönt,Kolesterol,Frukt färsk fryst,0.0,mg
5872,Äpple Golden delicious Granny Smith grönt,"Kalium, K",Frukt färsk fryst,62.0,mg
5872,Äpple Golden delicious Granny Smith grönt,"Jod, I",Frukt färsk fryst,0.0,µg
5872,Äpple Golden delicious Granny Smith grönt,Fullkorn totalt,Frukt färsk fryst,0.0,g
5872,Äpple Golden delicious Granny Smith grönt,"Folat, totalt",Frukt färsk fryst,2.6,µg
5872,Äpple Golden delicious Granny Smith grönt,Fibrer,Frukt färsk fryst,2.5,g
5872,Äpple Golden delicious Granny Smith grönt,"Fett, totalt",Frukt färsk fryst,0.0,g
5872,Äpple Golden delicious Granny Smith grönt,"Järn, Fe",Frukt färsk fryst,0.1,mg
5872,Äpple Golden delicious Granny Smith grönt,Energi (kJ),Frukt färsk fryst,182.0,kJ
5872,Äpple Golden delicious Granny Smith grönt,Energi (kcal),Frukt färsk fryst,43.0,kcal
5872,Äpple Golden delicious Granny Smith grönt,Disackarider,Frukt färsk fryst,1.6,g
5872,Äpple Golden delicious Granny Smith grönt,"Kalcium, Ca",Frukt färsk fryst,4.0,mg
5872,Äpple Golden delicious Granny Smith grönt,Fettsyra 4:0-10:0,Frukt färsk fryst,0.0,g
5872,Äpple Golden delicious Granny Smith grönt,DHA (C22:6),Frukt färsk fryst,0.0,g
5872,Äpple Golden delicious Granny Smith grönt,DPA (C22:5),Frukt färsk fryst,0.0,g
5872,Äpple Golden delicious Granny Smith grönt,EPA (C20:5),Frukt färsk fryst,0.0,g
5872,Äpple Golden delicious Granny Smith grönt,Arakidonsyra C20:4,Frukt färsk fryst,0.0,g
5872,Äpple Golden delicious Granny Smith grönt,Arakidinsyra C20:0,Frukt färsk fryst,0.0,g
5872,Äpple Golden delicious Granny Smith grönt,Linolensyra C18:3,Frukt färsk fryst,0.0,g
5872,Äpple Golden delicious Granny Smith grönt,Linolsyra C18:2,Frukt färsk fryst,0.0,g
5872,Äpple Golden delicious Granny Smith grönt,Oljesyra C18:1,Frukt färsk fryst,0.0,g
5872,Äpple Golden delicious Granny Smith grönt,Stearinsyra C18:0,Frukt färsk fryst,0.0,g
5872,Äpple Golden delicious Granny Smith grönt,Palmitoljesyra C16:1,Frukt färsk fryst,0.0,g
5872,Äpple Golden delicious Granny Smith grönt,Palmitinsyra C16:0,Frukt färsk fryst,0.0,g
5872,Äpple Golden delicious Granny Smith grönt,Myristinsyra C14:0,Frukt färsk fryst,0.0,g
5872,Äpple Golden delicious Granny Smith grönt,Laurinsyra C12:0,Frukt färsk fryst,0.0,g
5872,Äpple Golden delicious Granny Smith grönt,Betakaroten/β-Karoten,Frukt färsk fryst,34.0,µg
5872,Äpple Golden delicious Granny Smith grönt,Avfall (skal etc.),Frukt färsk fryst,8.0,%
5872,Äpple Golden delicious Granny Smith grönt,Aska,Frukt färsk fryst,0.2,g
5872,Äpple Golden delicious Granny Smith grönt,Alkohol,Frukt färsk fryst,0.0,g
5875,Kyckling pulled chicken tillagad m. marinad,"Zink, Zn",Fågelprodukter fågelrätter,1.0,mg
5875,Kyckling pulled chicken tillagad m. marinad,Vitamin E,Fågelprodukter fågelrätter,1.5,mg
5875,Kyckling pulled chicken tillagad m. marinad,Vitamin D,Fågelprodukter fågelrätter,0.79,µg
5875,Kyckling pulled chicken tillagad m. marinad,Vitamin C,Fågelprodukter fågelrätter,0.0,mg
5875,Kyckling pulled chicken tillagad m. marinad,Vitamin B6,Fågelprodukter fågelrätter,0.23,mg
5875,Kyckling pulled chicken tillagad m. marinad,Vitamin B12,Fågelprodukter fågelrätter,0.16,µg
5875,Kyckling pulled chicken tillagad m. marinad,Vitamin A,Fågelprodukter fågelrätter,23.2,RE/µg
5875,Kyckling pulled chicken tillagad m. marinad,Vatten,Fågelprodukter fågelrätter,70.7,g
5875,Kyckling pulled chicken tillagad m. marinad,Tiamin,Fågelprodukter fågelrätter,0.1,mg
5875,Kyckling pulled chicken tillagad m. marinad,Tillsatt socker,Fågelprodukter fågelrätter,3.0,g
5875,Kyckling pulled chicken tillagad m. marinad,Fritt socker,Fågelprodukter fågelrätter,3.0,g
5875,Kyckling pulled chicken tillagad m. marinad,"Selen, Se",Fågelprodukter fågelrätter,15.0,µg
5875,Kyckling pulled chicken tillagad m. marinad,Sackaros,Fågelprodukter fågelrätter,1.4,g
5875,Kyckling pulled chicken tillagad m. marinad,Riboflavin,Fågelprodukter fågelrätter,0.21,mg
5875,Kyckling pulled chicken tillagad m. marinad,Retinol,Fågelprodukter fågelrätter,12.5,µg
5875,Kyckling pulled chicken tillagad m. marinad,Protein,Fågelprodukter fågelrätter,19.6,g
5875,Kyckling pulled chicken tillagad m. marinad,Summa fleromättade fettsyror,Fågelprodukter fågelrätter,1.3,g
5875,Kyckling pulled chicken tillagad m. marinad,"Fosfor, P",Fågelprodukter fågelrätter,205.0,mg
5875,Kyckling pulled chicken tillagad m. marinad,Niacinekvivalenter,Fågelprodukter fågelrätter,10.5,NE/mg
5875,Kyckling pulled chicken tillagad m. marinad,Niacin,Fågelprodukter fågelrätter,6.92,mg
5875,Kyckling pulled chicken tillagad m. marinad,"Salt, NaCl",Fågelprodukter fågelrätter,1.7,g
5875,Kyckling pulled chicken tillagad m. marinad,"Natrium, Na",Fågelprodukter fågelrätter,682.0,mg
5875,Kyckling pulled chicken tillagad m. marinad,Monosackarider,Fågelprodukter fågelrätter,1.3,g
5875,Kyckling pulled chicken tillagad m. marinad,"Sockerarter, totalt",Fågelprodukter fågelrätter,2.7,g
5875,Kyckling pulled chicken tillagad m. marinad,Summa enkelomättade fettsyror,Fågelprodukter fågelrätter,2.4,g
5875,Kyckling pulled chicken tillagad m. marinad,"Magnesium, Mg",Fågelprodukter fågelrätter,32.0,mg
5875,Kyckling pulled chicken tillagad m. marinad,Summa mättade fettsyror,Fågelprodukter fågelrätter,1.4,g
5875,Kyckling pulled chicken tillagad m. marinad,"Kolhydrater, tillgängliga",Fågelprodukter fågelrätter,0.9,g
5875,Kyckling pulled chicken tillagad m. marinad,Kolesterol,Fågelprodukter fågelrätter,72.7,mg
5875,Kyckling pulled chicken tillagad m. marinad,"Kalium, K",Fågelprodukter fågelrätter,361.0,mg
5875,Kyckling pulled chicken tillagad m. marinad,"Jod, I",Fågelprodukter fågelrätter,0.0,µg
5875,Kyckling pulled chicken tillagad m. marinad,Fullkorn totalt,Fågelprodukter fågelrätter,0.0,g
5875,Kyckling pulled chicken tillagad m. marinad,"Folat, totalt",Fågelprodukter fågelrätter,12.6,µg
5875,Kyckling pulled chicken tillagad m. marinad,Fibrer,Fågelprodukter fågelrätter,0.9,g
5875,Kyckling pulled chicken tillagad m. marinad,"Fett, totalt",Fågelprodukter fågelrätter,5.4,g
5875,Kyckling pulled chicken tillagad m. marinad,"Järn, Fe",Fågelprodukter fågelrätter,0.7,mg
5875,Kyckling pulled chicken tillagad m. marinad,Energi (kJ),Fågelprodukter fågelrätter,555.0,kJ
5875,Kyckling pulled chicken tillagad m. marinad,Energi (kcal),Fågelprodukter fågelrätter,133.0,kcal
5875,Kyckling pulled chicken tillagad m. marinad,Disackarider,Fågelprodukter fågelrätter,1.4,g
5875,Kyckling pulled chicken tillagad m. marinad,"Kalcium, Ca",Fågelprodukter fågelrätter,16.0,mg
5875,Kyckling pulled chicken tillagad m. marinad,Fettsyra 4:0-10:0,Fågelprodukter fågelrätter,0.0,g
5875,Kyckling pulled chicken tillagad m. marinad,DHA (C22:6),Fågelprodukter fågelrätter,0.0,g
5875,Kyckling pulled chicken tillagad m. marinad,DPA (C22:5),Fågelprodukter fågelrätter,0.0,g
5875,Kyckling pulled chicken tillagad m. marinad,EPA (C20:5),Fågelprodukter fågelrätter,0.0,g
5875,Kyckling pulled chicken tillagad m. marinad,Arakidonsyra C20:4,Fågelprodukter fågelrätter,0.1,g
5875,Kyckling pulled chicken tillagad m. marinad,Arakidinsyra C20:0,Fågelprodukter fågelrätter,0.0,g
5875,Kyckling pulled chicken tillagad m. marinad,Linolensyra C18:3,Fågelprodukter fågelrätter,0.2,g
5875,Kyckling pulled chicken tillagad m. marinad,Linolsyra C18:2,Fågelprodukter fågelrätter,1.0,g
5875,Kyckling pulled chicken tillagad m. marinad,Oljesyra C18:1,Fågelprodukter fågelrätter,2.1,g
5875,Kyckling pulled chicken tillagad m. marinad,Stearinsyra C18:0,Fågelprodukter fågelrätter,0.3,g
5875,Kyckling pulled chicken tillagad m. marinad,Palmitoljesyra C16:1,Fågelprodukter fågelrätter,0.2,g
5875,Kyckling pulled chicken tillagad m. marinad,Palmitinsyra C16:0,Fågelprodukter fågelrätter,1.1,g
5875,Kyckling pulled chicken tillagad m. marinad,Myristinsyra C14:0,Fågelprodukter fågelrätter,0.0,g
5875,Kyckling pulled chicken tillagad m. marinad,Laurinsyra C12:0,Fågelprodukter fågelrätter,0.0,g
5875,Kyckling pulled chicken tillagad m. marinad,Betakaroten/β-Karoten,Fågelprodukter fågelrätter,100.0,µg
5875,Kyckling pulled chicken tillagad m. marinad,Avfall (skal etc.),Fågelprodukter fågelrätter,0.0,%
5875,Kyckling pulled chicken tillagad m. marinad,Aska,Fågelprodukter fågelrätter,2.5,g
5875,Kyckling pulled chicken tillagad m. marinad,Alkohol,Fågelprodukter fågelrätter,0.0,g
5916,Tacosås,"Zink, Zn",Sås dressing majonnäs ,0.2,mg
5916,Tacosås,Vitamin E,Sås dressing majonnäs ,1.0,mg
5916,Tacosås,Vitamin D inkl 25-OH-D3,Sås dressing majonnäs ,0.0,µg
5916,Tacosås,Vitamin D,Sås dressing majonnäs ,0.0,µg
5916,Tacosås,Vitamin C,Sås dressing majonnäs ,0.0,mg
5916,Tacosås,Vitamin B6,Sås dressing majonnäs ,0.2,mg
5916,Tacosås,Vitamin B12,Sås dressing majonnäs ,0.0,µg
5916,Tacosås,Vitamin A,Sås dressing majonnäs ,43.5,RE/µg
5916,Tacosås,Vatten,Sås dressing majonnäs ,89.5,g
5916,Tacosås,Tiamin,Sås dressing majonnäs ,0.04,mg
5916,Tacosås,Tillsatt socker,Sås dressing majonnäs ,0.0,g
5916,Tacosås,Fritt socker,Sås dressing majonnäs ,0.0,g
5916,Tacosås,"Selen, Se",Sås dressing majonnäs ,0.0,µg
5916,Tacosås,Sackaros,Sås dressing majonnäs ,0.5,g
5916,Tacosås,Riboflavin,Sås dressing majonnäs ,0.02,mg
5916,Tacosås,Retinol,Sås dressing majonnäs ,0.0,µg
5916,Tacosås,Protein,Sås dressing majonnäs ,1.9,g
5916,Tacosås,Summa fleromättade fettsyror,Sås dressing majonnäs ,0.0,g
5916,Tacosås,"Fosfor, P",Sås dressing majonnäs ,34.0,mg
5916,Tacosås,Niacinekvivalenter,Sås dressing majonnäs ,1.1,NE/mg
5916,Tacosås,Niacin,Sås dressing majonnäs ,0.75,mg
5916,Tacosås,"Salt, NaCl",Sås dressing majonnäs ,1.6,g
5916,Tacosås,"Natrium, Na",Sås dressing majonnäs ,660.0,mg
5916,Tacosås,Monosackarider,Sås dressing majonnäs ,3.4,g
5916,Tacosås,"Sockerarter, totalt",Sås dressing majonnäs ,4.0,g
5916,Tacosås,Summa enkelomättade fettsyror,Sås dressing majonnäs ,0.0,g
5916,Tacosås,"Magnesium, Mg",Sås dressing majonnäs ,16.0,mg
5916,Tacosås,Summa mättade fettsyror,Sås dressing majonnäs ,0.0,g
5916,Tacosås,"Kolhydrater, tillgängliga",Sås dressing majonnäs ,5.1,g
5916,Tacosås,Kolesterol,Sås dressing majonnäs ,0.0,mg
5916,Tacosås,"Kalium, K",Sås dressing majonnäs ,325.0,mg
5916,Tacosås,"Jod, I",Sås dressing majonnäs ,0.0,µg
5916,Tacosås,Fullkorn totalt,Sås dressing majonnäs ,0.0,g
5916,Tacosås,"Folat, totalt",Sås dressing majonnäs ,15.5,µg
5916,Tacosås,Fibrer,Sås dressing majonnäs ,1.6,g
5916,Tacosås,"Fett, totalt",Sås dressing majonnäs ,0.0,g
5916,Tacosås,"Järn, Fe",Sås dressing majonnäs ,0.6,mg
5916,Tacosås,Energi (kJ),Sås dressing majonnäs ,133.0,kJ
5916,Tacosås,Energi (kcal),Sås dressing majonnäs ,32.0,kcal
5916,Tacosås,Disackarider,Sås dressing majonnäs ,0.6,g
5916,Tacosås,"Kalcium, Ca",Sås dressing majonnäs ,27.0,mg
5916,Tacosås,Fettsyra 4:0-10:0,Sås dressing majonnäs ,0.0,g
5916,Tacosås,DHA (C22:6),Sås dressing majonnäs ,0.0,g
5916,Tacosås,DPA (C22:5),Sås dressing majonnäs ,0.0,g
5916,Tacosås,EPA (C20:5),Sås dressing majonnäs ,0.0,g
5916,Tacosås,Arakidonsyra C20:4,Sås dressing majonnäs ,0.0,g
5916,Tacosås,Arakidinsyra C20:0,Sås dressing majonnäs ,0.0,g
5916,Tacosås,Linolensyra C18:3,Sås dressing majonnäs ,0.0,g
5916,Tacosås,Linolsyra C18:2,Sås dressing majonnäs ,0.0,g
5916,Tacosås,Oljesyra C18:1,Sås dressing majonnäs ,0.0,g
5916,Tacosås,Stearinsyra C18:0,Sås dressing majonnäs ,0.0,g
5916,Tacosås,Palmitoljesyra C16:1,Sås dressing majonnäs ,0.0,g
5916,Tacosås,Palmitinsyra C16:0,Sås dressing majonnäs ,0.0,g
5916,Tacosås,Myristinsyra C14:0,Sås dressing majonnäs ,0.0,g
5916,Tacosås,Laurinsyra C12:0,Sås dressing majonnäs ,0.0,g
5916,Tacosås,Betakaroten/β-Karoten,Sås dressing majonnäs ,526.0,µg
5916,Tacosås,Avfall (skal etc.),Sås dressing majonnäs ,0.0,%
5916,Tacosås,Aska,Sås dressing majonnäs ,1.9,g
5916,Tacosås,Alkohol,Sås dressing majonnäs ,0.0,g
5926,Hälleflundra odlad Atlanten rå,"Zink, Zn",Fisk färsk fryst kokt,0.4,mg
5926,Hälleflundra odlad Atlanten rå,Vitamin E,Fisk färsk fryst kokt,0.9,mg
5926,Hälleflundra odlad Atlanten rå,Vitamin D inkl 25-OH-D3,Fisk färsk fryst kokt,2.7,µg
5926,Hälleflundra odlad Atlanten rå,Vitamin D,Fisk färsk fryst kokt,2.7,µg
5926,Hälleflundra odlad Atlanten rå,Vitamin C,Fisk färsk fryst kokt,0.0,mg
5926,Hälleflundra odlad Atlanten rå,Vitamin B6,Fisk färsk fryst kokt,0.39,mg
5926,Hälleflundra odlad Atlanten rå,Vitamin B12,Fisk färsk fryst kokt,1.8,µg
5926,Hälleflundra odlad Atlanten rå,Vitamin A,Fisk färsk fryst kokt,3.0,RE/µg
5926,Hälleflundra odlad Atlanten rå,Vatten,Fisk färsk fryst kokt,74.0,g
5926,Hälleflundra odlad Atlanten rå,Tiamin,Fisk färsk fryst kokt,0.07,mg
5926,Hälleflundra odlad Atlanten rå,Tillsatt socker,Fisk färsk fryst kokt,0.0,g
5926,Hälleflundra odlad Atlanten rå,Fritt socker,Fisk färsk fryst kokt,0.0,g
5926,Hälleflundra odlad Atlanten rå,"Selen, Se",Fisk färsk fryst kokt,30.0,µg
5926,Hälleflundra odlad Atlanten rå,Sackaros,Fisk färsk fryst kokt,0.0,g
5926,Hälleflundra odlad Atlanten rå,Riboflavin,Fisk färsk fryst kokt,0.14,mg
5926,Hälleflundra odlad Atlanten rå,Retinol,Fisk färsk fryst kokt,3.0,µg
5926,Hälleflundra odlad Atlanten rå,Protein,Fisk färsk fryst kokt,20.0,g
5926,Hälleflundra odlad Atlanten rå,Summa fleromättade fettsyror,Fisk färsk fryst kokt,0.9,g
5926,Hälleflundra odlad Atlanten rå,"Fosfor, P",Fisk färsk fryst kokt,229.0,mg
5926,Hälleflundra odlad Atlanten rå,Niacinekvivalenter,Fisk färsk fryst kokt,11.9,NE/mg
5926,Hälleflundra odlad Atlanten rå,Niacin,Fisk färsk fryst kokt,8.2,mg
5926,Hälleflundra odlad Atlanten rå,"Salt, NaCl",Fisk färsk fryst kokt,0.1,g
5926,Hälleflundra odlad Atlanten rå,"Natrium, Na",Fisk färsk fryst kokt,45.0,mg
5926,Hälleflundra odlad Atlanten rå,Monosackarider,Fisk färsk fryst kokt,0.0,g
5926,Hälleflundra odlad Atlanten rå,"Sockerarter, totalt",Fisk färsk fryst kokt,0.0,g
5926,Hälleflundra odlad Atlanten rå,Summa enkelomättade fettsyror,Fisk färsk fryst kokt,0.6,g
5926,Hälleflundra odlad Atlanten rå,"Magnesium, Mg",Fisk färsk fryst kokt,27.0,mg
5926,Hälleflundra odlad Atlanten rå,Summa mättade fettsyror,Fisk färsk fryst kokt,0.5,g
5926,Hälleflundra odlad Atlanten rå,"Kolhydrater, tillgängliga",Fisk färsk fryst kokt,0.0,g
5926,Hälleflundra odlad Atlanten rå,Kolesterol,Fisk färsk fryst kokt,50.0,mg
5926,Hälleflundra odlad Atlanten rå,"Kalium, K",Fisk färsk fryst kokt,484.0,mg
5926,Hälleflundra odlad Atlanten rå,"Jod, I",Fisk färsk fryst kokt,6.0,µg
5926,Hälleflundra odlad Atlanten rå,Fullkorn totalt,Fisk färsk fryst kokt,0.0,g
5926,Hälleflundra odlad Atlanten rå,"Folat, totalt",Fisk färsk fryst kokt,7.0,µg
5926,Hälleflundra odlad Atlanten rå,Fibrer,Fisk färsk fryst kokt,0.0,g
5926,Hälleflundra odlad Atlanten rå,"Fett, totalt",Fisk färsk fryst kokt,2.4,g
5926,Hälleflundra odlad Atlanten rå,"Järn, Fe",Fisk färsk fryst kokt,0.1,mg
5926,Hälleflundra odlad Atlanten rå,Energi (kJ),Fisk färsk fryst kokt,429.0,kJ
5926,Hälleflundra odlad Atlanten rå,Energi (kcal),Fisk färsk fryst kokt,102.0,kcal
5926,Hälleflundra odlad Atlanten rå,Disackarider,Fisk färsk fryst kokt,0.0,g
5926,Hälleflundra odlad Atlanten rå,"Kalcium, Ca",Fisk färsk fryst kokt,6.0,mg
5926,Hälleflundra odlad Atlanten rå,Fettsyra 4:0-10:0,Fisk färsk fryst kokt,0.0,g
5926,Hälleflundra odlad Atlanten rå,DHA (C22:6),Fisk färsk fryst kokt,0.3,g
5926,Hälleflundra odlad Atlanten rå,DPA (C22:5),Fisk färsk fryst kokt,0.0,g
5926,Hälleflundra odlad Atlanten rå,EPA (C20:5),Fisk färsk fryst kokt,0.3,g
5926,Hälleflundra odlad Atlanten rå,Arakidonsyra C20:4,Fisk färsk fryst kokt,0.0,g
5926,Hälleflundra odlad Atlanten rå,Arakidinsyra C20:0,Fisk färsk fryst kokt,0.0,g
5926,Hälleflundra odlad Atlanten rå,Linolensyra C18:3,Fisk färsk fryst kokt,0.0,g
5926,Hälleflundra odlad Atlanten rå,Linolsyra C18:2,Fisk färsk fryst kokt,0.1,g
5926,Hälleflundra odlad Atlanten rå,Oljesyra C18:1,Fisk färsk fryst kokt,0.3,g
5926,Hälleflundra odlad Atlanten rå,Stearinsyra C18:0,Fisk färsk fryst kokt,0.1,g
5926,Hälleflundra odlad Atlanten rå,Palmitoljesyra C16:1,Fisk färsk fryst kokt,0.1,g
5926,Hälleflundra odlad Atlanten rå,Palmitinsyra C16:0,Fisk färsk fryst kokt,0.3,g
5926,Hälleflundra odlad Atlanten rå,Myristinsyra C14:0,Fisk färsk fryst kokt,0.1,g
5926,Hälleflundra odlad Atlanten rå,Laurinsyra C12:0,Fisk färsk fryst kokt,0.0,g
5926,Hälleflundra odlad Atlanten rå,Betakaroten/β-Karoten,Fisk färsk fryst kokt,0.0,µg
5926,Hälleflundra odlad Atlanten rå,Avfall (skal etc.),Fisk färsk fryst kokt,20.0,%
5926,Hälleflundra odlad Atlanten rå,Aska,Fisk färsk fryst kokt,1.2,g
5926,Hälleflundra odlad Atlanten rå,Alkohol,Fisk färsk fryst kokt,0.0,g
5935,Korngryn kokt u. salt,"Zink, Zn",Matgryn,0.4,mg
5935,Korngryn kokt u. salt,Vitamin E,Matgryn,0.1,mg
5935,Korngryn kokt u. salt,Vitamin D inkl 25-OH-D3,Matgryn,0.0,µg
5935,Korngryn kokt u. salt,Vitamin D,Matgryn,0.0,µg
5935,Korngryn kokt u. salt,Vitamin C,Matgryn,0.0,mg
5935,Korngryn kokt u. salt,Vitamin B6,Matgryn,0.04,mg
5935,Korngryn kokt u. salt,Vitamin B12,Matgryn,0.0,µg
5935,Korngryn kokt u. salt,Vitamin A,Matgryn,0.0,RE/µg
5935,Korngryn kokt u. salt,Vatten,Matgryn,79.1,g
5935,Korngryn kokt u. salt,Tiamin,Matgryn,0.04,mg
5935,Korngryn kokt u. salt,Tillsatt socker,Matgryn,0.0,g
5935,Korngryn kokt u. salt,Fritt socker,Matgryn,0.0,g
5935,Korngryn kokt u. salt,"Selen, Se",Matgryn,0.2,µg
5935,Korngryn kokt u. salt,Sackaros,Matgryn,0.1,g
5935,Korngryn kokt u. salt,Riboflavin,Matgryn,0.02,mg
5935,Korngryn kokt u. salt,Retinol,Matgryn,0.0,µg
5935,Korngryn kokt u. salt,Protein,Matgryn,2.1,g
5935,Korngryn kokt u. salt,Summa fleromättade fettsyror,Matgryn,0.3,g
5935,Korngryn kokt u. salt,"Fosfor, P",Matgryn,66.0,mg
5935,Korngryn kokt u. salt,Niacinekvivalenter,Matgryn,1.68,NE/mg
5935,Korngryn kokt u. salt,Niacin,Matgryn,1.33,mg
5935,Korngryn kokt u. salt,"Salt, NaCl",Matgryn,0.0,g
5935,Korngryn kokt u. salt,"Natrium, Na",Matgryn,3.0,mg
5935,Korngryn kokt u. salt,Monosackarider,Matgryn,0.1,g
5935,Korngryn kokt u. salt,"Sockerarter, totalt",Matgryn,0.2,g
5935,Korngryn kokt u. salt,Summa enkelomättade fettsyror,Matgryn,0.1,g
5935,Korngryn kokt u. salt,"Magnesium, Mg",Matgryn,15.0,mg
5935,Korngryn kokt u. salt,Summa mättade fettsyror,Matgryn,0.1,g
5935,Korngryn kokt u. salt,"Kolhydrater, tillgängliga",Matgryn,15.2,g
5935,Korngryn kokt u. salt,Kolesterol,Matgryn,0.0,mg
5935,Korngryn kokt u. salt,"Kalium, K",Matgryn,51.0,mg
5935,Korngryn kokt u. salt,"Jod, I",Matgryn,0.1,µg
5935,Korngryn kokt u. salt,Fullkorn totalt,Matgryn,23.0,g
5935,Korngryn kokt u. salt,"Folat, totalt",Matgryn,3.0,µg
5935,Korngryn kokt u. salt,Fibrer,Matgryn,2.5,g
5935,Korngryn kokt u. salt,"Fett, totalt",Matgryn,0.7,g
5935,Korngryn kokt u. salt,"Järn, Fe",Matgryn,0.8,mg
5935,Korngryn kokt u. salt,Energi (kJ),Matgryn,342.0,kJ
5935,Korngryn kokt u. salt,Energi (kcal),Matgryn,82.0,kcal
5935,Korngryn kokt u. salt,Disackarider,Matgryn,0.1,g
5935,Korngryn kokt u. salt,"Kalcium, Ca",Matgryn,6.0,mg
5935,Korngryn kokt u. salt,Fettsyra 4:0-10:0,Matgryn,0.0,g
5935,Korngryn kokt u. salt,DHA (C22:6),Matgryn,0.0,g
5935,Korngryn kokt u. salt,DPA (C22:5),Matgryn,0.0,g
5935,Korngryn kokt u. salt,EPA (C20:5),Matgryn,0.0,g
5935,Korngryn kokt u. salt,Arakidonsyra C20:4,Matgryn,0.0,g
5935,Korngryn kokt u. salt,Arakidinsyra C20:0,Matgryn,0.0,g
5935,Korngryn kokt u. salt,Linolensyra C18:3,Matgryn,0.0,g
5935,Korngryn kokt u. salt,Linolsyra C18:2,Matgryn,0.3,g
5935,Korngryn kokt u. salt,Oljesyra C18:1,Matgryn,0.1,g
5935,Korngryn kokt u. salt,Stearinsyra C18:0,Matgryn,0.0,g
5935,Korngryn kokt u. salt,Palmitoljesyra C16:1,Matgryn,0.0,g
5935,Korngryn kokt u. salt,Palmitinsyra C16:0,Matgryn,0.1,g
5935,Korngryn kokt u. salt,Myristinsyra C14:0,Matgryn,0.0,g
5935,Korngryn kokt u. salt,Laurinsyra C12:0,Matgryn,0.0,g
5935,Korngryn kokt u. salt,Betakaroten/β-Karoten,Matgryn,0.0,µg
5935,Korngryn kokt u. salt,Avfall (skal etc.),Matgryn,0.0,%
5935,Korngryn kokt u. salt,Aska,Matgryn,0.3,g
5935,Korngryn kokt u. salt,Alkohol,Matgryn,0.0,g
5942,Julmust light,"Zink, Zn",Lightdrycker u energi,0.0,mg
5942,Julmust light,Vitamin E,Lightdrycker u energi,0.0,mg
5942,Julmust light,Vitamin D inkl 25-OH-D3,Lightdrycker u energi,0.0,µg
5942,Julmust light,Vitamin D,Lightdrycker u energi,0.0,µg
5942,Julmust light,Vitamin C,Lightdrycker u energi,0.0,mg
5942,Julmust light,Vitamin B6,Lightdrycker u energi,0.0,mg
5942,Julmust light,Vitamin B12,Lightdrycker u energi,0.0,µg
5942,Julmust light,Vitamin A,Lightdrycker u energi,0.0,RE/µg
5942,Julmust light,Vatten,Lightdrycker u energi,100.0,g
5942,Julmust light,Tiamin,Lightdrycker u energi,0.0,mg
5942,Julmust light,Tillsatt socker,Lightdrycker u energi,0.0,g
5942,Julmust light,Fritt socker,Lightdrycker u energi,0.0,g
5942,Julmust light,"Selen, Se",Lightdrycker u energi,0.0,µg
5942,Julmust light,Sackaros,Lightdrycker u energi,0.0,g
5942,Julmust light,Riboflavin,Lightdrycker u energi,0.0,mg
5942,Julmust light,Retinol,Lightdrycker u energi,0.0,µg
5942,Julmust light,Protein,Lightdrycker u energi,0.0,g
5942,Julmust light,Summa fleromättade fettsyror,Lightdrycker u energi,0.0,g
5942,Julmust light,"Fosfor, P",Lightdrycker u energi,0.0,mg
5942,Julmust light,Niacinekvivalenter,Lightdrycker u energi,0.0,NE/mg
5942,Julmust light,Niacin,Lightdrycker u energi,0.0,mg
5942,Julmust light,"Salt, NaCl",Lightdrycker u energi,0.0,g
5942,Julmust light,"Natrium, Na",Lightdrycker u energi,2.0,mg
5942,Julmust light,Monosackarider,Lightdrycker u energi,0.0,g
5942,Julmust light,"Sockerarter, totalt",Lightdrycker u energi,0.0,g
5942,Julmust light,Summa enkelomättade fettsyror,Lightdrycker u energi,0.0,g
5942,Julmust light,"Magnesium, Mg",Lightdrycker u energi,0.0,mg
5942,Julmust light,Summa mättade fettsyror,Lightdrycker u energi,0.0,g
5942,Julmust light,"Kolhydrater, tillgängliga",Lightdrycker u energi,0.0,g
5942,Julmust light,Kolesterol,Lightdrycker u energi,0.0,mg
5942,Julmust light,"Kalium, K",Lightdrycker u energi,0.0,mg
5942,Julmust light,"Jod, I",Lightdrycker u energi,0.0,µg
5942,Julmust light,Fullkorn totalt,Lightdrycker u energi,0.0,g
5942,Julmust light,"Folat, totalt",Lightdrycker u energi,0.0,µg
5942,Julmust light,Fibrer,Lightdrycker u energi,0.0,g
5942,Julmust light,"Fett, totalt",Lightdrycker u energi,0.0,g
5942,Julmust light,"Järn, Fe",Lightdrycker u energi,0.0,mg
5942,Julmust light,Energi (kJ),Lightdrycker u energi,0.0,kJ
5942,Julmust light,Energi (kcal),Lightdrycker u energi,0.0,kcal
5942,Julmust light,Disackarider,Lightdrycker u energi,0.0,g
5942,Julmust light,"Kalcium, Ca",Lightdrycker u energi,1.0,mg
5942,Julmust light,Fettsyra 4:0-10:0,Lightdrycker u energi,0.0,g
5942,Julmust light,DHA (C22:6),Lightdrycker u energi,0.0,g
5942,Julmust light,DPA (C22:5),Lightdrycker u energi,0.0,g
5942,Julmust light,EPA (C20:5),Lightdrycker u energi,0.0,g
5942,Julmust light,Arakidonsyra C20:4,Lightdrycker u energi,0.0,g
5942,Julmust light,Arakidinsyra C20:0,Lightdrycker u energi,0.0,g
5942,Julmust light,Linolensyra C18:3,Lightdrycker u energi,0.0,g
5942,Julmust light,Linolsyra C18:2,Lightdrycker u energi,0.0,g
5942,Julmust light,Oljesyra C18:1,Lightdrycker u energi,0.0,g
5942,Julmust light,Stearinsyra C18:0,Lightdrycker u energi,0.0,g
5942,Julmust light,Palmitoljesyra C16:1,Lightdrycker u energi,0.0,g
5942,Julmust light,Palmitinsyra C16:0,Lightdrycker u energi,0.0,g
5942,Julmust light,Myristinsyra C14:0,Lightdrycker u energi,0.0,g
5942,Julmust light,Laurinsyra C12:0,Lightdrycker u energi,0.0,g
5942,Julmust light,Betakaroten/β-Karoten,Lightdrycker u energi,0.0,µg
5942,Julmust light,Avfall (skal etc.),Lightdrycker u energi,0.0,%
5942,Julmust light,Aska,Lightdrycker u energi,0.0,g
5942,Julmust light,Alkohol,Lightdrycker u energi,0.0,g
5956,"Havregurt naturell fett 2,2% berikad","Zink, Zn",Vegetabiliska produkter och mjölkersättning,0.1,mg
5956,"Havregurt naturell fett 2,2% berikad",Vitamin E,Vegetabiliska produkter och mjölkersättning,0.0,mg
5956,"Havregurt naturell fett 2,2% berikad",Vitamin D inkl 25-OH-D3,Vegetabiliska produkter och mjölkersättning,1.1,µg
5956,"Havregurt naturell fett 2,2% berikad",Vitamin D,Vegetabiliska produkter och mjölkersättning,1.1,µg
5956,"Havregurt naturell fett 2,2% berikad",Vitamin C,Vegetabiliska produkter och mjölkersättning,0.0,mg
5956,"Havregurt naturell fett 2,2% berikad",Vitamin B6,Vegetabiliska produkter och mjölkersättning,0.0,mg
5956,"Havregurt naturell fett 2,2% berikad",Vitamin B12,Vegetabiliska produkter och mjölkersättning,0.38,µg
5956,"Havregurt naturell fett 2,2% berikad",Vitamin A,Vegetabiliska produkter och mjölkersättning,0.0,RE/µg
5956,"Havregurt naturell fett 2,2% berikad",Vatten,Vegetabiliska produkter och mjölkersättning,83.1,g
5956,"Havregurt naturell fett 2,2% berikad",Tiamin,Vegetabiliska produkter och mjölkersättning,0.0,mg
5956,"Havregurt naturell fett 2,2% berikad",Tillsatt socker,Vegetabiliska produkter och mjölkersättning,0.0,g
5956,"Havregurt naturell fett 2,2% berikad",Fritt socker,Vegetabiliska produkter och mjölkersättning,0.0,g
5956,"Havregurt naturell fett 2,2% berikad","Selen, Se",Vegetabiliska produkter och mjölkersättning,0.0,µg
5956,"Havregurt naturell fett 2,2% berikad",Sackaros,Vegetabiliska produkter och mjölkersättning,0.2,g
5956,"Havregurt naturell fett 2,2% berikad",Riboflavin,Vegetabiliska produkter och mjölkersättning,0.28,mg
5956,"Havregurt naturell fett 2,2% berikad",Retinol,Vegetabiliska produkter och mjölkersättning,0.0,µg
5956,"Havregurt naturell fett 2,2% berikad",Protein,Vegetabiliska produkter och mjölkersättning,1.5,g
5956,"Havregurt naturell fett 2,2% berikad",Summa fleromättade fettsyror,Vegetabiliska produkter och mjölkersättning,0.7,g
5956,"Havregurt naturell fett 2,2% berikad","Fosfor, P",Vegetabiliska produkter och mjölkersättning,47.0,mg
5956,"Havregurt naturell fett 2,2% berikad",Niacinekvivalenter,Vegetabiliska produkter och mjölkersättning,0.2,NE/mg
5956,"Havregurt naturell fett 2,2% berikad",Niacin,Vegetabiliska produkter och mjölkersättning,0.0,mg
5956,"Havregurt naturell fett 2,2% berikad","Salt, NaCl",Vegetabiliska produkter och mjölkersättning,0.1,g
5956,"Havregurt naturell fett 2,2% berikad","Natrium, Na",Vegetabiliska produkter och mjölkersättning,29.0,mg
5956,"Havregurt naturell fett 2,2% berikad",Monosackarider,Vegetabiliska produkter och mjölkersättning,0.2,g
5956,"Havregurt naturell fett 2,2% berikad","Sockerarter, totalt",Vegetabiliska produkter och mjölkersättning,4.0,g
5956,"Havregurt naturell fett 2,2% berikad",Summa enkelomättade fettsyror,Vegetabiliska produkter och mjölkersättning,1.3,g
5956,"Havregurt naturell fett 2,2% berikad","Magnesium, Mg",Vegetabiliska produkter och mjölkersättning,6.0,mg
5956,"Havregurt naturell fett 2,2% berikad",Summa mättade fettsyror,Vegetabiliska produkter och mjölkersättning,0.2,g
5956,"Havregurt naturell fett 2,2% berikad","Kolhydrater, tillgängliga",Vegetabiliska produkter och mjölkersättning,11.7,g
5956,"Havregurt naturell fett 2,2% berikad",Kolesterol,Vegetabiliska produkter och mjölkersättning,0.0,mg
5956,"Havregurt naturell fett 2,2% berikad","Kalium, K",Vegetabiliska produkter och mjölkersättning,44.0,mg
5956,"Havregurt naturell fett 2,2% berikad","Jod, I",Vegetabiliska produkter och mjölkersättning,22.5,µg
5956,"Havregurt naturell fett 2,2% berikad",Fullkorn totalt,Vegetabiliska produkter och mjölkersättning,0.0,g
5956,"Havregurt naturell fett 2,2% berikad","Folat, totalt",Vegetabiliska produkter och mjölkersättning,8.6,µg
5956,"Havregurt naturell fett 2,2% berikad",Fibrer,Vegetabiliska produkter och mjölkersättning,0.9,g
5956,"Havregurt naturell fett 2,2% berikad","Fett, totalt",Vegetabiliska produkter och mjölkersättning,2.4,g
5956,"Havregurt naturell fett 2,2% berikad","Järn, Fe",Vegetabiliska produkter och mjölkersättning,0.0,mg
5956,"Havregurt naturell fett 2,2% berikad",Energi (kJ),Vegetabiliska produkter och mjölkersättning,319.0,kJ
5956,"Havregurt naturell fett 2,2% berikad",Energi (kcal),Vegetabiliska produkter och mjölkersättning,76.0,kcal
5956,"Havregurt naturell fett 2,2% berikad",Disackarider,Vegetabiliska produkter och mjölkersättning,3.8,g
5956,"Havregurt naturell fett 2,2% berikad","Kalcium, Ca",Vegetabiliska produkter och mjölkersättning,120.0,mg
5956,"Havregurt naturell fett 2,2% berikad",Fettsyra 4:0-10:0,Vegetabiliska produkter och mjölkersättning,0.0,g
5956,"Havregurt naturell fett 2,2% berikad",DHA (C22:6),Vegetabiliska produkter och mjölkersättning,0.0,g
5956,"Havregurt naturell fett 2,2% berikad",DPA (C22:5),Vegetabiliska produkter och mjölkersättning,0.0,g
5956,"Havregurt naturell fett 2,2% berikad",EPA (C20:5),Vegetabiliska produkter och mjölkersättning,0.0,g
5956,"Havregurt naturell fett 2,2% berikad",Arakidonsyra C20:4,Vegetabiliska produkter och mjölkersättning,0.0,g
5956,"Havregurt naturell fett 2,2% berikad",Arakidinsyra C20:0,Vegetabiliska produkter och mjölkersättning,0.0,g
5956,"Havregurt naturell fett 2,2% berikad",Linolensyra C18:3,Vegetabiliska produkter och mjölkersättning,0.2,g
5956,"Havregurt naturell fett 2,2% berikad",Linolsyra C18:2,Vegetabiliska produkter och mjölkersättning,0.6,g
5956,"Havregurt naturell fett 2,2% berikad",Oljesyra C18:1,Vegetabiliska produkter och mjölkersättning,1.3,g
5956,"Havregurt naturell fett 2,2% berikad",Stearinsyra C18:0,Vegetabiliska produkter och mjölkersättning,0.0,g
5956,"Havregurt naturell fett 2,2% berikad",Palmitoljesyra C16:1,Vegetabiliska produkter och mjölkersättning,0.0,g
5956,"Havregurt naturell fett 2,2% berikad",Palmitinsyra C16:0,Vegetabiliska produkter och mjölkersättning,0.2,g
5956,"Havregurt naturell fett 2,2% berikad",Myristinsyra C14:0,Vegetabiliska produkter och mjölkersättning,0.0,g
5956,"Havregurt naturell fett 2,2% berikad",Laurinsyra C12:0,Vegetabiliska produkter och mjölkersättning,0.0,g
5956,"Havregurt naturell fett 2,2% berikad",Betakaroten/β-Karoten,Vegetabiliska produkter och mjölkersättning,0.0,µg
5956,"Havregurt naturell fett 2,2% berikad",Avfall (skal etc.),Vegetabiliska produkter och mjölkersättning,0.0,%
5956,"Havregurt naturell fett 2,2% berikad",Aska,Vegetabiliska produkter och mjölkersättning,0.5,g
5956,"Havregurt naturell fett 2,2% berikad",Alkohol,Vegetabiliska produkter och mjölkersättning,0.0,g
5957,Fraiche m. havre veg. fett 15% berikad,"Zink, Zn",Vegetabiliska produkter och mjölkersättning,0.1,mg
5957,Fraiche m. havre veg. fett 15% berikad,Vitamin E,Vegetabiliska produkter och mjölkersättning,0.0,mg
5957,Fraiche m. havre veg. fett 15% berikad,Vitamin D inkl 25-OH-D3,Vegetabiliska produkter och mjölkersättning,0.0,µg
5957,Fraiche m. havre veg. fett 15% berikad,Vitamin D,Vegetabiliska produkter och mjölkersättning,0.0,µg
5957,Fraiche m. havre veg. fett 15% berikad,Vitamin C,Vegetabiliska produkter och mjölkersättning,0.0,mg
5957,Fraiche m. havre veg. fett 15% berikad,Vitamin B6,Vegetabiliska produkter och mjölkersättning,0.0,mg
5957,Fraiche m. havre veg. fett 15% berikad,Vitamin B12,Vegetabiliska produkter och mjölkersättning,0.0,µg
5957,Fraiche m. havre veg. fett 15% berikad,Vitamin A,Vegetabiliska produkter och mjölkersättning,0.0,RE/µg
5957,Fraiche m. havre veg. fett 15% berikad,Vatten,Vegetabiliska produkter och mjölkersättning,71.8,g
5957,Fraiche m. havre veg. fett 15% berikad,Tiamin,Vegetabiliska produkter och mjölkersättning,0.04,mg
5957,Fraiche m. havre veg. fett 15% berikad,Tillsatt socker,Vegetabiliska produkter och mjölkersättning,0.0,g
5957,Fraiche m. havre veg. fett 15% berikad,Fritt socker,Vegetabiliska produkter och mjölkersättning,0.0,g
5957,Fraiche m. havre veg. fett 15% berikad,"Selen, Se",Vegetabiliska produkter och mjölkersättning,0.0,µg
5957,Fraiche m. havre veg. fett 15% berikad,Sackaros,Vegetabiliska produkter och mjölkersättning,0.3,g
5957,Fraiche m. havre veg. fett 15% berikad,Riboflavin,Vegetabiliska produkter och mjölkersättning,0.0,mg
5957,Fraiche m. havre veg. fett 15% berikad,Retinol,Vegetabiliska produkter och mjölkersättning,0.0,µg
5957,Fraiche m. havre veg. fett 15% berikad,Protein,Vegetabiliska produkter och mjölkersättning,0.8,g
5957,Fraiche m. havre veg. fett 15% berikad,Summa fleromättade fettsyror,Vegetabiliska produkter och mjölkersättning,4.6,g
5957,Fraiche m. havre veg. fett 15% berikad,"Fosfor, P",Vegetabiliska produkter och mjölkersättning,25.0,mg
5957,Fraiche m. havre veg. fett 15% berikad,Niacinekvivalenter,Vegetabiliska produkter och mjölkersättning,0.1,NE/mg
5957,Fraiche m. havre veg. fett 15% berikad,Niacin,Vegetabiliska produkter och mjölkersättning,0.0,mg
5957,Fraiche m. havre veg. fett 15% berikad,"Salt, NaCl",Vegetabiliska produkter och mjölkersättning,0.0,g
5957,Fraiche m. havre veg. fett 15% berikad,"Natrium, Na",Vegetabiliska produkter och mjölkersättning,0.0,mg
5957,Fraiche m. havre veg. fett 15% berikad,Monosackarider,Vegetabiliska produkter och mjölkersättning,0.1,g
5957,Fraiche m. havre veg. fett 15% berikad,"Sockerarter, totalt",Vegetabiliska produkter och mjölkersättning,2.8,g
5957,Fraiche m. havre veg. fett 15% berikad,Summa enkelomättade fettsyror,Vegetabiliska produkter och mjölkersättning,8.9,g
5957,Fraiche m. havre veg. fett 15% berikad,"Magnesium, Mg",Vegetabiliska produkter och mjölkersättning,0.0,mg
5957,Fraiche m. havre veg. fett 15% berikad,Summa mättade fettsyror,Vegetabiliska produkter och mjölkersättning,1.3,g
5957,Fraiche m. havre veg. fett 15% berikad,"Kolhydrater, tillgängliga",Vegetabiliska produkter och mjölkersättning,10.1,g
5957,Fraiche m. havre veg. fett 15% berikad,Kolesterol,Vegetabiliska produkter och mjölkersättning,0.0,mg
5957,Fraiche m. havre veg. fett 15% berikad,"Kalium, K",Vegetabiliska produkter och mjölkersättning,45.0,mg
5957,Fraiche m. havre veg. fett 15% berikad,"Jod, I",Vegetabiliska produkter och mjölkersättning,0.0,µg
5957,Fraiche m. havre veg. fett 15% berikad,Fullkorn totalt,Vegetabiliska produkter och mjölkersättning,0.0,g
5957,Fraiche m. havre veg. fett 15% berikad,"Folat, totalt",Vegetabiliska produkter och mjölkersättning,11.9,µg
5957,Fraiche m. havre veg. fett 15% berikad,Fibrer,Vegetabiliska produkter och mjölkersättning,1.0,g
5957,Fraiche m. havre veg. fett 15% berikad,"Fett, totalt",Vegetabiliska produkter och mjölkersättning,15.7,g
5957,Fraiche m. havre veg. fett 15% berikad,"Järn, Fe",Vegetabiliska produkter och mjölkersättning,0.0,mg
5957,Fraiche m. havre veg. fett 15% berikad,Energi (kJ),Vegetabiliska produkter och mjölkersättning,774.0,kJ
5957,Fraiche m. havre veg. fett 15% berikad,Energi (kcal),Vegetabiliska produkter och mjölkersättning,185.0,kcal
5957,Fraiche m. havre veg. fett 15% berikad,Disackarider,Vegetabiliska produkter och mjölkersättning,2.7,g
5957,Fraiche m. havre veg. fett 15% berikad,"Kalcium, Ca",Vegetabiliska produkter och mjölkersättning,120.0,mg
5957,Fraiche m. havre veg. fett 15% berikad,Fettsyra 4:0-10:0,Vegetabiliska produkter och mjölkersättning,0.0,g
5957,Fraiche m. havre veg. fett 15% berikad,DHA (C22:6),Vegetabiliska produkter och mjölkersättning,0.0,g
5957,Fraiche m. havre veg. fett 15% berikad,DPA (C22:5),Vegetabiliska produkter och mjölkersättning,0.0,g
5957,Fraiche m. havre veg. fett 15% berikad,EPA (C20:5),Vegetabiliska produkter och mjölkersättning,0.0,g
5957,Fraiche m. havre veg. fett 15% berikad,Arakidonsyra C20:4,Vegetabiliska produkter och mjölkersättning,0.0,g
5957,Fraiche m. havre veg. fett 15% berikad,Arakidinsyra C20:0,Vegetabiliska produkter och mjölkersättning,0.1,g
5957,Fraiche m. havre veg. fett 15% berikad,Linolensyra C18:3,Vegetabiliska produkter och mjölkersättning,1.1,g
5957,Fraiche m. havre veg. fett 15% berikad,Linolsyra C18:2,Vegetabiliska produkter och mjölkersättning,3.5,g
5957,Fraiche m. havre veg. fett 15% berikad,Oljesyra C18:1,Vegetabiliska produkter och mjölkersättning,8.7,g
5957,Fraiche m. havre veg. fett 15% berikad,Stearinsyra C18:0,Vegetabiliska produkter och mjölkersättning,0.2,g
5957,Fraiche m. havre veg. fett 15% berikad,Palmitoljesyra C16:1,Vegetabiliska produkter och mjölkersättning,0.0,g
5957,Fraiche m. havre veg. fett 15% berikad,Palmitinsyra C16:0,Vegetabiliska produkter och mjölkersättning,1.0,g
5957,Fraiche m. havre veg. fett 15% berikad,Myristinsyra C14:0,Vegetabiliska produkter och mjölkersättning,0.0,g
5957,Fraiche m. havre veg. fett 15% berikad,Laurinsyra C12:0,Vegetabiliska produkter och mjölkersättning,0.0,g
5957,Fraiche m. havre veg. fett 15% berikad,Betakaroten/β-Karoten,Vegetabiliska produkter och mjölkersättning,0.0,µg
5957,Fraiche m. havre veg. fett 15% berikad,Avfall (skal etc.),Vegetabiliska produkter och mjölkersättning,0.0,%
5957,Fraiche m. havre veg. fett 15% berikad,Aska,Vegetabiliska produkter och mjölkersättning,0.6,g
5957,Fraiche m. havre veg. fett 15% berikad,Alkohol,Vegetabiliska produkter och mjölkersättning,0.0,g
5961,Havrebaserat bredbart pålägg naturell,"Zink, Zn",Vegetabiliska produkter och mjölkersättning,0.1,mg
5961,Havrebaserat bredbart pålägg naturell,Vitamin E,Vegetabiliska produkter och mjölkersättning,0.0,mg
5961,Havrebaserat bredbart pålägg naturell,Vitamin D inkl 25-OH-D3,Vegetabiliska produkter och mjölkersättning,0.0,µg
5961,Havrebaserat bredbart pålägg naturell,Vitamin D,Vegetabiliska produkter och mjölkersättning,0.0,µg
5961,Havrebaserat bredbart pålägg naturell,Vitamin C,Vegetabiliska produkter och mjölkersättning,0.0,mg
5961,Havrebaserat bredbart pålägg naturell,Vitamin B6,Vegetabiliska produkter och mjölkersättning,0.0,mg
5961,Havrebaserat bredbart pålägg naturell,Vitamin B12,Vegetabiliska produkter och mjölkersättning,0.0,µg
5961,Havrebaserat bredbart pålägg naturell,Vitamin A,Vegetabiliska produkter och mjölkersättning,0.0,RE/µg
5961,Havrebaserat bredbart pålägg naturell,Vatten,Vegetabiliska produkter och mjölkersättning,64.7,g
5961,Havrebaserat bredbart pålägg naturell,Tiamin,Vegetabiliska produkter och mjölkersättning,0.04,mg
5961,Havrebaserat bredbart pålägg naturell,Tillsatt socker,Vegetabiliska produkter och mjölkersättning,0.0,g
5961,Havrebaserat bredbart pålägg naturell,Fritt socker,Vegetabiliska produkter och mjölkersättning,0.0,g
5961,Havrebaserat bredbart pålägg naturell,"Selen, Se",Vegetabiliska produkter och mjölkersättning,0.0,µg
5961,Havrebaserat bredbart pålägg naturell,Sackaros,Vegetabiliska produkter och mjölkersättning,0.3,g
5961,Havrebaserat bredbart pålägg naturell,Riboflavin,Vegetabiliska produkter och mjölkersättning,0.0,mg
5961,Havrebaserat bredbart pålägg naturell,Retinol,Vegetabiliska produkter och mjölkersättning,0.0,µg
5961,Havrebaserat bredbart pålägg naturell,Protein,Vegetabiliska produkter och mjölkersättning,2.9,g
5961,Havrebaserat bredbart pålägg naturell,Summa fleromättade fettsyror,Vegetabiliska produkter och mjölkersättning,3.4,g
5961,Havrebaserat bredbart pålägg naturell,"Fosfor, P",Vegetabiliska produkter och mjölkersättning,34.0,mg
5961,Havrebaserat bredbart pålägg naturell,Niacinekvivalenter,Vegetabiliska produkter och mjölkersättning,0.5,NE/mg
5961,Havrebaserat bredbart pålägg naturell,Niacin,Vegetabiliska produkter och mjölkersättning,0.0,mg
5961,Havrebaserat bredbart pålägg naturell,"Salt, NaCl",Vegetabiliska produkter och mjölkersättning,0.6,g
5961,Havrebaserat bredbart pålägg naturell,"Natrium, Na",Vegetabiliska produkter och mjölkersättning,230.0,mg
5961,Havrebaserat bredbart pålägg naturell,Monosackarider,Vegetabiliska produkter och mjölkersättning,0.0,g
5961,Havrebaserat bredbart pålägg naturell,"Sockerarter, totalt",Vegetabiliska produkter och mjölkersättning,2.7,g
5961,Havrebaserat bredbart pålägg naturell,Summa enkelomättade fettsyror,Vegetabiliska produkter och mjölkersättning,8.0,g
5961,Havrebaserat bredbart pålägg naturell,"Magnesium, Mg",Vegetabiliska produkter och mjölkersättning,0.0,mg
5961,Havrebaserat bredbart pålägg naturell,Summa mättade fettsyror,Vegetabiliska produkter och mjölkersättning,7.2,g
5961,Havrebaserat bredbart pålägg naturell,"Kolhydrater, tillgängliga",Vegetabiliska produkter och mjölkersättning,10.9,g
5961,Havrebaserat bredbart pålägg naturell,Kolesterol,Vegetabiliska produkter och mjölkersättning,0.0,mg
5961,Havrebaserat bredbart pålägg naturell,"Kalium, K",Vegetabiliska produkter och mjölkersättning,32.0,mg
5961,Havrebaserat bredbart pålägg naturell,"Jod, I",Vegetabiliska produkter och mjölkersättning,0.0,µg
5961,Havrebaserat bredbart pålägg naturell,Fullkorn totalt,Vegetabiliska produkter och mjölkersättning,0.0,g
5961,Havrebaserat bredbart pålägg naturell,"Folat, totalt",Vegetabiliska produkter och mjölkersättning,10.7,µg
5961,Havrebaserat bredbart pålägg naturell,Fibrer,Vegetabiliska produkter och mjölkersättning,0.9,g
5961,Havrebaserat bredbart pålägg naturell,"Fett, totalt",Vegetabiliska produkter och mjölkersättning,19.6,g
5961,Havrebaserat bredbart pålägg naturell,"Järn, Fe",Vegetabiliska produkter och mjölkersättning,0.0,mg
5961,Havrebaserat bredbart pålägg naturell,Energi (kJ),Vegetabiliska produkter och mjölkersättning,966.0,kJ
5961,Havrebaserat bredbart pålägg naturell,Energi (kcal),Vegetabiliska produkter och mjölkersättning,231.0,kcal
5961,Havrebaserat bredbart pålägg naturell,Disackarider,Vegetabiliska produkter och mjölkersättning,2.7,g
5961,Havrebaserat bredbart pålägg naturell,"Kalcium, Ca",Vegetabiliska produkter och mjölkersättning,78.0,mg
5961,Havrebaserat bredbart pålägg naturell,Fettsyra 4:0-10:0,Vegetabiliska produkter och mjölkersättning,0.5,g
5961,Havrebaserat bredbart pålägg naturell,DHA (C22:6),Vegetabiliska produkter och mjölkersättning,0.0,g
5961,Havrebaserat bredbart pålägg naturell,DPA (C22:5),Vegetabiliska produkter och mjölkersättning,0.0,g
5961,Havrebaserat bredbart pålägg naturell,EPA (C20:5),Vegetabiliska produkter och mjölkersättning,0.0,g
5961,Havrebaserat bredbart pålägg naturell,Arakidonsyra C20:4,Vegetabiliska produkter och mjölkersättning,0.0,g
5961,Havrebaserat bredbart pålägg naturell,Arakidinsyra C20:0,Vegetabiliska produkter och mjölkersättning,0.1,g
5961,Havrebaserat bredbart pålägg naturell,Linolensyra C18:3,Vegetabiliska produkter och mjölkersättning,1.0,g
5961,Havrebaserat bredbart pålägg naturell,Linolsyra C18:2,Vegetabiliska produkter och mjölkersättning,2.4,g
5961,Havrebaserat bredbart pålägg naturell,Oljesyra C18:1,Vegetabiliska produkter och mjölkersättning,7.8,g
5961,Havrebaserat bredbart pålägg naturell,Stearinsyra C18:0,Vegetabiliska produkter och mjölkersättning,2.8,g
5961,Havrebaserat bredbart pålägg naturell,Palmitoljesyra C16:1,Vegetabiliska produkter och mjölkersättning,0.0,g
5961,Havrebaserat bredbart pålägg naturell,Palmitinsyra C16:0,Vegetabiliska produkter och mjölkersättning,1.2,g
5961,Havrebaserat bredbart pålägg naturell,Myristinsyra C14:0,Vegetabiliska produkter och mjölkersättning,0.7,g
5961,Havrebaserat bredbart pålägg naturell,Laurinsyra C12:0,Vegetabiliska produkter och mjölkersättning,1.8,g
5961,Havrebaserat bredbart pålägg naturell,Betakaroten/β-Karoten,Vegetabiliska produkter och mjölkersättning,0.0,µg
5961,Havrebaserat bredbart pålägg naturell,Avfall (skal etc.),Vegetabiliska produkter och mjölkersättning,0.0,%
5961,Havrebaserat bredbart pålägg naturell,Aska,Vegetabiliska produkter och mjölkersättning,1.0,g
5961,Havrebaserat bredbart pålägg naturell,Alkohol,Vegetabiliska produkter och mjölkersättning,0.0,g
5963,Havredryck m. apelsin mango,"Zink, Zn",Vegetabiliska produkter och mjölkersättning,0.1,mg
5963,Havredryck m. apelsin mango,Vitamin E,Vegetabiliska produkter och mjölkersättning,0.6,mg
5963,Havredryck m. apelsin mango,Vitamin D inkl 25-OH-D3,Vegetabiliska produkter och mjölkersättning,0.0,µg
5963,Havredryck m. apelsin mango,Vitamin D,Vegetabiliska produkter och mjölkersättning,0.0,µg
5963,Havredryck m. apelsin mango,Vitamin C,Vegetabiliska produkter och mjölkersättning,0.0,mg
5963,Havredryck m. apelsin mango,Vitamin B6,Vegetabiliska produkter och mjölkersättning,0.0,mg
5963,Havredryck m. apelsin mango,Vitamin B12,Vegetabiliska produkter och mjölkersättning,0.0,µg
5963,Havredryck m. apelsin mango,Vitamin A,Vegetabiliska produkter och mjölkersättning,0.0,RE/µg
5963,Havredryck m. apelsin mango,Vatten,Vegetabiliska produkter och mjölkersättning,86.7,g
5963,Havredryck m. apelsin mango,Tiamin,Vegetabiliska produkter och mjölkersättning,0.03,mg
5963,Havredryck m. apelsin mango,Tillsatt socker,Vegetabiliska produkter och mjölkersättning,0.0,g
5963,Havredryck m. apelsin mango,Fritt socker,Vegetabiliska produkter och mjölkersättning,4.0,g
5963,Havredryck m. apelsin mango,"Selen, Se",Vegetabiliska produkter och mjölkersättning,0.0,µg
5963,Havredryck m. apelsin mango,Sackaros,Vegetabiliska produkter och mjölkersättning,0.4,g
5963,Havredryck m. apelsin mango,Riboflavin,Vegetabiliska produkter och mjölkersättning,0.0,mg
5963,Havredryck m. apelsin mango,Retinol,Vegetabiliska produkter och mjölkersättning,0.0,µg
5963,Havredryck m. apelsin mango,Protein,Vegetabiliska produkter och mjölkersättning,0.7,g
5963,Havredryck m. apelsin mango,Summa fleromättade fettsyror,Vegetabiliska produkter och mjölkersättning,0.2,g
5963,Havredryck m. apelsin mango,"Fosfor, P",Vegetabiliska produkter och mjölkersättning,20.0,mg
5963,Havredryck m. apelsin mango,Niacinekvivalenter,Vegetabiliska produkter och mjölkersättning,0.2,NE/mg
5963,Havredryck m. apelsin mango,Niacin,Vegetabiliska produkter och mjölkersättning,0.08,mg
5963,Havredryck m. apelsin mango,"Salt, NaCl",Vegetabiliska produkter och mjölkersättning,0.0,g
5963,Havredryck m. apelsin mango,"Natrium, Na",Vegetabiliska produkter och mjölkersättning,6.0,mg
5963,Havredryck m. apelsin mango,Monosackarider,Vegetabiliska produkter och mjölkersättning,3.9,g
5963,Havredryck m. apelsin mango,"Sockerarter, totalt",Vegetabiliska produkter och mjölkersättning,7.4,g
5963,Havredryck m. apelsin mango,Summa enkelomättade fettsyror,Vegetabiliska produkter och mjölkersättning,0.2,g
5963,Havredryck m. apelsin mango,"Magnesium, Mg",Vegetabiliska produkter och mjölkersättning,0.0,mg
5963,Havredryck m. apelsin mango,Summa mättade fettsyror,Vegetabiliska produkter och mjölkersättning,0.1,g
5963,Havredryck m. apelsin mango,"Kolhydrater, tillgängliga",Vegetabiliska produkter och mjölkersättning,11.3,g
5963,Havredryck m. apelsin mango,Kolesterol,Vegetabiliska produkter och mjölkersättning,0.0,mg
5963,Havredryck m. apelsin mango,"Kalium, K",Vegetabiliska produkter och mjölkersättning,49.0,mg
5963,Havredryck m. apelsin mango,"Jod, I",Vegetabiliska produkter och mjölkersättning,0.0,µg
5963,Havredryck m. apelsin mango,Fullkorn totalt,Vegetabiliska produkter och mjölkersättning,0.0,g
5963,Havredryck m. apelsin mango,"Folat, totalt",Vegetabiliska produkter och mjölkersättning,0.0,µg
5963,Havredryck m. apelsin mango,Fibrer,Vegetabiliska produkter och mjölkersättning,0.8,g
5963,Havredryck m. apelsin mango,"Fett, totalt",Vegetabiliska produkter och mjölkersättning,0.5,g
5963,Havredryck m. apelsin mango,"Järn, Fe",Vegetabiliska produkter och mjölkersättning,0.0,mg
5963,Havredryck m. apelsin mango,Energi (kJ),Vegetabiliska produkter och mjölkersättning,229.0,kJ
5963,Havredryck m. apelsin mango,Energi (kcal),Vegetabiliska produkter och mjölkersättning,55.0,kcal
5963,Havredryck m. apelsin mango,Disackarider,Vegetabiliska produkter och mjölkersättning,3.5,g
5963,Havredryck m. apelsin mango,"Kalcium, Ca",Vegetabiliska produkter och mjölkersättning,3.0,mg
5963,Havredryck m. apelsin mango,Fettsyra 4:0-10:0,Vegetabiliska produkter och mjölkersättning,0.0,g
5963,Havredryck m. apelsin mango,DHA (C22:6),Vegetabiliska produkter och mjölkersättning,0.0,g
5963,Havredryck m. apelsin mango,DPA (C22:5),Vegetabiliska produkter och mjölkersättning,0.0,g
5963,Havredryck m. apelsin mango,EPA (C20:5),Vegetabiliska produkter och mjölkersättning,0.0,g
5963,Havredryck m. apelsin mango,Arakidonsyra C20:4,Vegetabiliska produkter och mjölkersättning,0.0,g
5963,Havredryck m. apelsin mango,Arakidinsyra C20:0,Vegetabiliska produkter och mjölkersättning,0.0,g
5963,Havredryck m. apelsin mango,Linolensyra C18:3,Vegetabiliska produkter och mjölkersättning,0.0,g
5963,Havredryck m. apelsin mango,Linolsyra C18:2,Vegetabiliska produkter och mjölkersättning,0.2,g
5963,Havredryck m. apelsin mango,Oljesyra C18:1,Vegetabiliska produkter och mjölkersättning,0.2,g
5963,Havredryck m. apelsin mango,Stearinsyra C18:0,Vegetabiliska produkter och mjölkersättning,0.0,g
5963,Havredryck m. apelsin mango,Palmitoljesyra C16:1,Vegetabiliska produkter och mjölkersättning,0.0,g
5963,Havredryck m. apelsin mango,Palmitinsyra C16:0,Vegetabiliska produkter och mjölkersättning,0.1,g
5963,Havredryck m. apelsin mango,Myristinsyra C14:0,Vegetabiliska produkter och mjölkersättning,0.0,g
5963,Havredryck m. apelsin mango,Laurinsyra C12:0,Vegetabiliska produkter och mjölkersättning,0.0,g
5963,Havredryck m. apelsin mango,Betakaroten/β-Karoten,Vegetabiliska produkter och mjölkersättning,0.0,µg
5963,Havredryck m. apelsin mango,Avfall (skal etc.),Vegetabiliska produkter och mjölkersättning,0.0,%
5963,Havredryck m. apelsin mango,Aska,Vegetabiliska produkter och mjölkersättning,0.0,g
5963,Havredryck m. apelsin mango,Alkohol,Vegetabiliska produkter och mjölkersättning,0.0,g
5965,Korv grillkorv grillad kött 32-35%,"Zink, Zn",Korv,0.7,mg
5965,Korv grillkorv grillad kött 32-35%,Vitamin E,Korv,0.6,mg
5965,Korv grillkorv grillad kött 32-35%,Vitamin D,Korv,0.19,µg
5965,Korv grillkorv grillad kött 32-35%,Vitamin C,Korv,0.0,mg
5965,Korv grillkorv grillad kött 32-35%,Vitamin B6,Korv,0.07,mg
5965,Korv grillkorv grillad kött 32-35%,Vitamin B12,Korv,0.41,µg
5965,Korv grillkorv grillad kött 32-35%,Vitamin A,Korv,4.3,RE/µg
5965,Korv grillkorv grillad kött 32-35%,Vatten,Korv,59.2,g
5965,Korv grillkorv grillad kött 32-35%,Tiamin,Korv,0.18,mg
5965,Korv grillkorv grillad kött 32-35%,Tillsatt socker,Korv,1.0,g
5965,Korv grillkorv grillad kött 32-35%,Fritt socker,Korv,1.0,g
5965,Korv grillkorv grillad kött 32-35%,"Selen, Se",Korv,6.2,µg
5965,Korv grillkorv grillad kött 32-35%,Sackaros,Korv,0.0,g
5965,Korv grillkorv grillad kött 32-35%,Riboflavin,Korv,0.07,mg
5965,Korv grillkorv grillad kött 32-35%,Retinol,Korv,4.1,µg
5965,Korv grillkorv grillad kött 32-35%,Protein,Korv,7.6,g
5965,Korv grillkorv grillad kött 32-35%,Summa fleromättade fettsyror,Korv,1.6,g
5965,Korv grillkorv grillad kött 32-35%,"Fosfor, P",Korv,74.0,mg
5965,Korv grillkorv grillad kött 32-35%,Niacinekvivalenter,Korv,3.1,NE/mg
5965,Korv grillkorv grillad kött 32-35%,Niacin,Korv,1.72,mg
5965,Korv grillkorv grillad kött 32-35%,"Salt, NaCl",Korv,3.0,g
5965,Korv grillkorv grillad kött 32-35%,"Natrium, Na",Korv,1180.0,mg
5965,Korv grillkorv grillad kött 32-35%,Monosackarider,Korv,1.2,g
5965,Korv grillkorv grillad kött 32-35%,"Sockerarter, totalt",Korv,1.2,g
5965,Korv grillkorv grillad kött 32-35%,Summa enkelomättade fettsyror,Korv,7.9,g
5965,Korv grillkorv grillad kött 32-35%,"Magnesium, Mg",Korv,8.0,mg
5965,Korv grillkorv grillad kött 32-35%,Summa mättade fettsyror,Korv,5.7,g
5965,Korv grillkorv grillad kött 32-35%,"Kolhydrater, tillgängliga",Korv,12.8,g
5965,Korv grillkorv grillad kött 32-35%,Kolesterol,Korv,42.0,mg
5965,Korv grillkorv grillad kött 32-35%,"Kalium, K",Korv,165.0,mg
5965,Korv grillkorv grillad kött 32-35%,"Jod, I",Korv,0.0,µg
5965,Korv grillkorv grillad kött 32-35%,Fullkorn totalt,Korv,0.0,g
5965,Korv grillkorv grillad kött 32-35%,"Folat, totalt",Korv,2.8,µg
5965,Korv grillkorv grillad kött 32-35%,Fibrer,Korv,1.1,g
5965,Korv grillkorv grillad kött 32-35%,"Fett, totalt",Korv,16.3,g
5965,Korv grillkorv grillad kött 32-35%,"Järn, Fe",Korv,0.6,mg
5965,Korv grillkorv grillad kött 32-35%,Energi (kJ),Korv,958.0,kJ
5965,Korv grillkorv grillad kött 32-35%,Energi (kcal),Korv,229.0,kcal
5965,Korv grillkorv grillad kött 32-35%,Disackarider,Korv,0.0,g
5965,Korv grillkorv grillad kött 32-35%,"Kalcium, Ca",Korv,9.0,mg
5965,Korv grillkorv grillad kött 32-35%,Fettsyra 4:0-10:0,Korv,0.0,g
5965,Korv grillkorv grillad kött 32-35%,DHA (C22:6),Korv,0.0,g
5965,Korv grillkorv grillad kött 32-35%,DPA (C22:5),Korv,0.0,g
5965,Korv grillkorv grillad kött 32-35%,EPA (C20:5),Korv,0.0,g
5965,Korv grillkorv grillad kött 32-35%,Arakidonsyra C20:4,Korv,0.0,g
5965,Korv grillkorv grillad kött 32-35%,Arakidinsyra C20:0,Korv,0.0,g
5965,Korv grillkorv grillad kött 32-35%,Linolensyra C18:3,Korv,0.2,g
5965,Korv grillkorv grillad kött 32-35%,Linolsyra C18:2,Korv,1.4,g
5965,Korv grillkorv grillad kött 32-35%,Oljesyra C18:1,Korv,7.4,g
5965,Korv grillkorv grillad kött 32-35%,Stearinsyra C18:0,Korv,1.9,g
5965,Korv grillkorv grillad kött 32-35%,Palmitoljesyra C16:1,Korv,0.4,g
5965,Korv grillkorv grillad kött 32-35%,Palmitinsyra C16:0,Korv,3.7,g
5965,Korv grillkorv grillad kött 32-35%,Myristinsyra C14:0,Korv,0.0,g
5965,Korv grillkorv grillad kött 32-35%,Laurinsyra C12:0,Korv,0.0,g
5965,Korv grillkorv grillad kött 32-35%,Betakaroten/β-Karoten,Korv,2.0,µg
5965,Korv grillkorv grillad kött 32-35%,Avfall (skal etc.),Korv,0.0,%
5965,Korv grillkorv grillad kött 32-35%,Aska,Korv,3.0,g
5965,Korv grillkorv grillad kött 32-35%,Alkohol,Korv,0.0,g
5966,Korv falukorv tillagad kött 58%,"Zink, Zn",Korv,1.1,mg
5966,Korv falukorv tillagad kött 58%,Vitamin E,Korv,0.7,mg
5966,Korv falukorv tillagad kött 58%,Vitamin D,Korv,0.34,µg
5966,Korv falukorv tillagad kött 58%,Vitamin C,Korv,0.0,mg
5966,Korv falukorv tillagad kött 58%,Vitamin B6,Korv,0.14,mg
5966,Korv falukorv tillagad kött 58%,Vitamin B12,Korv,0.51,µg
5966,Korv falukorv tillagad kött 58%,Vitamin A,Korv,4.5,RE/µg
5966,Korv falukorv tillagad kött 58%,Vatten,Korv,59.7,g
5966,Korv falukorv tillagad kött 58%,Tiamin,Korv,0.33,mg
5966,Korv falukorv tillagad kött 58%,Tillsatt socker,Korv,0.0,g
5966,Korv falukorv tillagad kött 58%,Fritt socker,Korv,0.0,g
5966,Korv falukorv tillagad kött 58%,"Selen, Se",Korv,6.3,µg
5966,Korv falukorv tillagad kött 58%,Sackaros,Korv,0.0,g
5966,Korv falukorv tillagad kött 58%,Riboflavin,Korv,0.1,mg
5966,Korv falukorv tillagad kött 58%,Retinol,Korv,4.5,µg
5966,Korv falukorv tillagad kött 58%,Protein,Korv,8.7,g
5966,Korv falukorv tillagad kött 58%,Summa fleromättade fettsyror,Korv,2.4,g
5966,Korv falukorv tillagad kött 58%,"Fosfor, P",Korv,103.0,mg
5966,Korv falukorv tillagad kött 58%,Niacinekvivalenter,Korv,4.3,NE/mg
5966,Korv falukorv tillagad kött 58%,Niacin,Korv,2.75,mg
5966,Korv falukorv tillagad kött 58%,"Salt, NaCl",Korv,2.2,g
5966,Korv falukorv tillagad kött 58%,"Natrium, Na",Korv,898.0,mg
5966,Korv falukorv tillagad kött 58%,Monosackarider,Korv,0.4,g
5966,Korv falukorv tillagad kött 58%,"Sockerarter, totalt",Korv,0.4,g
5966,Korv falukorv tillagad kött 58%,Summa enkelomättade fettsyror,Korv,11.1,g
5966,Korv falukorv tillagad kött 58%,"Magnesium, Mg",Korv,11.0,mg
5966,Korv falukorv tillagad kött 58%,Summa mättade fettsyror,Korv,8.9,g
5966,Korv falukorv tillagad kött 58%,"Kolhydrater, tillgängliga",Korv,5.4,g
5966,Korv falukorv tillagad kött 58%,Kolesterol,Korv,37.0,mg
5966,Korv falukorv tillagad kött 58%,"Kalium, K",Korv,201.0,mg
5966,Korv falukorv tillagad kött 58%,"Jod, I",Korv,0.0,µg
5966,Korv falukorv tillagad kött 58%,Fullkorn totalt,Korv,0.0,g
5966,Korv falukorv tillagad kött 58%,"Folat, totalt",Korv,0.0,µg
5966,Korv falukorv tillagad kött 58%,Fibrer,Korv,0.0,g
5966,Korv falukorv tillagad kött 58%,"Fett, totalt",Korv,23.7,g
5966,Korv falukorv tillagad kött 58%,"Järn, Fe",Korv,0.6,mg
5966,Korv falukorv tillagad kött 58%,Energi (kJ),Korv,1117.0,kJ
5966,Korv falukorv tillagad kött 58%,Energi (kcal),Korv,267.0,kcal
5966,Korv falukorv tillagad kött 58%,Disackarider,Korv,0.0,g
5966,Korv falukorv tillagad kött 58%,"Kalcium, Ca",Korv,6.0,mg
5966,Korv falukorv tillagad kött 58%,Fettsyra 4:0-10:0,Korv,0.0,g
5966,Korv falukorv tillagad kött 58%,DHA (C22:6),Korv,0.0,g
5966,Korv falukorv tillagad kött 58%,DPA (C22:5),Korv,0.0,g
5966,Korv falukorv tillagad kött 58%,EPA (C20:5),Korv,0.0,g
5966,Korv falukorv tillagad kött 58%,Arakidonsyra C20:4,Korv,0.1,g
5966,Korv falukorv tillagad kött 58%,Arakidinsyra C20:0,Korv,0.0,g
5966,Korv falukorv tillagad kött 58%,Linolensyra C18:3,Korv,0.2,g
5966,Korv falukorv tillagad kött 58%,Linolsyra C18:2,Korv,2.0,g
5966,Korv falukorv tillagad kött 58%,Oljesyra C18:1,Korv,10.3,g
5966,Korv falukorv tillagad kött 58%,Stearinsyra C18:0,Korv,3.0,g
5966,Korv falukorv tillagad kött 58%,Palmitoljesyra C16:1,Korv,0.6,g
5966,Korv falukorv tillagad kött 58%,Palmitinsyra C16:0,Korv,5.4,g
5966,Korv falukorv tillagad kött 58%,Myristinsyra C14:0,Korv,0.3,g
5966,Korv falukorv tillagad kött 58%,Laurinsyra C12:0,Korv,0.0,g
5966,Korv falukorv tillagad kött 58%,Betakaroten/β-Karoten,Korv,0.0,µg
5966,Korv falukorv tillagad kött 58%,Avfall (skal etc.),Korv,0.0,%
5966,Korv falukorv tillagad kött 58%,Aska,Korv,2.5,g
5966,Korv falukorv tillagad kött 58%,Alkohol,Korv,0.0,g
5967,Korv bratwurst tillagad kryddig kött 73-75%,"Zink, Zn",Korv,1.5,mg
5967,Korv bratwurst tillagad kryddig kött 73-75%,Vitamin E,Korv,1.3,mg
5967,Korv bratwurst tillagad kryddig kött 73-75%,Vitamin D,Korv,0.14,µg
5967,Korv bratwurst tillagad kryddig kött 73-75%,Vitamin C,Korv,0.0,mg
5967,Korv bratwurst tillagad kryddig kött 73-75%,Vitamin B6,Korv,0.18,mg
5967,Korv bratwurst tillagad kryddig kött 73-75%,Vitamin B12,Korv,0.56,µg
5967,Korv bratwurst tillagad kryddig kött 73-75%,Vitamin A,Korv,9.4,RE/µg
5967,Korv bratwurst tillagad kryddig kött 73-75%,Vatten,Korv,57.6,g
5967,Korv bratwurst tillagad kryddig kött 73-75%,Tiamin,Korv,0.35,mg
5967,Korv bratwurst tillagad kryddig kött 73-75%,Tillsatt socker,Korv,1.0,g
5967,Korv bratwurst tillagad kryddig kött 73-75%,Fritt socker,Korv,1.0,g
5967,Korv bratwurst tillagad kryddig kött 73-75%,"Selen, Se",Korv,7.3,µg
5967,Korv bratwurst tillagad kryddig kött 73-75%,Sackaros,Korv,0.0,g
5967,Korv bratwurst tillagad kryddig kött 73-75%,Riboflavin,Korv,0.13,mg
5967,Korv bratwurst tillagad kryddig kött 73-75%,Retinol,Korv,6.8,µg
5967,Korv bratwurst tillagad kryddig kött 73-75%,Protein,Korv,11.5,g
5967,Korv bratwurst tillagad kryddig kött 73-75%,Summa fleromättade fettsyror,Korv,2.3,g
5967,Korv bratwurst tillagad kryddig kött 73-75%,"Fosfor, P",Korv,149.0,mg
5967,Korv bratwurst tillagad kryddig kött 73-75%,Niacinekvivalenter,Korv,5.4,NE/mg
5967,Korv bratwurst tillagad kryddig kött 73-75%,Niacin,Korv,3.34,mg
5967,Korv bratwurst tillagad kryddig kött 73-75%,"Salt, NaCl",Korv,2.4,g
5967,Korv bratwurst tillagad kryddig kött 73-75%,"Natrium, Na",Korv,974.0,mg
5967,Korv bratwurst tillagad kryddig kött 73-75%,Monosackarider,Korv,0.7,g
5967,Korv bratwurst tillagad kryddig kött 73-75%,"Sockerarter, totalt",Korv,0.7,g
5967,Korv bratwurst tillagad kryddig kött 73-75%,Summa enkelomättade fettsyror,Korv,10.7,g
5967,Korv bratwurst tillagad kryddig kött 73-75%,"Magnesium, Mg",Korv,14.0,mg
5967,Korv bratwurst tillagad kryddig kött 73-75%,Summa mättade fettsyror,Korv,8.5,g
5967,Korv bratwurst tillagad kryddig kött 73-75%,"Kolhydrater, tillgängliga",Korv,4.5,g
5967,Korv bratwurst tillagad kryddig kött 73-75%,Kolesterol,Korv,45.0,mg
5967,Korv bratwurst tillagad kryddig kött 73-75%,"Kalium, K",Korv,246.0,mg
5967,Korv bratwurst tillagad kryddig kött 73-75%,"Jod, I",Korv,0.0,µg
5967,Korv bratwurst tillagad kryddig kött 73-75%,Fullkorn totalt,Korv,0.0,g
5967,Korv bratwurst tillagad kryddig kött 73-75%,"Folat, totalt",Korv,2.9,µg
5967,Korv bratwurst tillagad kryddig kött 73-75%,Fibrer,Korv,0.8,g
5967,Korv bratwurst tillagad kryddig kött 73-75%,"Fett, totalt",Korv,22.7,g
5967,Korv bratwurst tillagad kryddig kött 73-75%,"Järn, Fe",Korv,1.0,mg
5967,Korv bratwurst tillagad kryddig kött 73-75%,Energi (kJ),Korv,1118.0,kJ
5967,Korv bratwurst tillagad kryddig kött 73-75%,Energi (kcal),Korv,267.0,kcal
5967,Korv bratwurst tillagad kryddig kött 73-75%,Disackarider,Korv,0.0,g
5967,Korv bratwurst tillagad kryddig kött 73-75%,"Kalcium, Ca",Korv,8.0,mg
5967,Korv bratwurst tillagad kryddig kött 73-75%,Fettsyra 4:0-10:0,Korv,0.0,g
5967,Korv bratwurst tillagad kryddig kött 73-75%,DHA (C22:6),Korv,0.0,g
5967,Korv bratwurst tillagad kryddig kött 73-75%,DPA (C22:5),Korv,0.0,g
5967,Korv bratwurst tillagad kryddig kött 73-75%,EPA (C20:5),Korv,0.0,g
5967,Korv bratwurst tillagad kryddig kött 73-75%,Arakidonsyra C20:4,Korv,0.1,g
5967,Korv bratwurst tillagad kryddig kött 73-75%,Arakidinsyra C20:0,Korv,0.0,g
5967,Korv bratwurst tillagad kryddig kött 73-75%,Linolensyra C18:3,Korv,0.2,g
5967,Korv bratwurst tillagad kryddig kött 73-75%,Linolsyra C18:2,Korv,1.9,g
5967,Korv bratwurst tillagad kryddig kött 73-75%,Oljesyra C18:1,Korv,9.9,g
5967,Korv bratwurst tillagad kryddig kött 73-75%,Stearinsyra C18:0,Korv,2.9,g
5967,Korv bratwurst tillagad kryddig kött 73-75%,Palmitoljesyra C16:1,Korv,0.6,g
5967,Korv bratwurst tillagad kryddig kött 73-75%,Palmitinsyra C16:0,Korv,5.2,g
5967,Korv bratwurst tillagad kryddig kött 73-75%,Myristinsyra C14:0,Korv,0.3,g
5967,Korv bratwurst tillagad kryddig kött 73-75%,Laurinsyra C12:0,Korv,0.0,g
5967,Korv bratwurst tillagad kryddig kött 73-75%,Betakaroten/β-Karoten,Korv,23.0,µg
5967,Korv bratwurst tillagad kryddig kött 73-75%,Avfall (skal etc.),Korv,0.0,%
5967,Korv bratwurst tillagad kryddig kött 73-75%,Aska,Korv,2.9,g
5967,Korv bratwurst tillagad kryddig kött 73-75%,Alkohol,Korv,0.0,g
5968,Blodpudding blodkorv tillagad,"Zink, Zn",Blodprodukter blodrätter,0.8,mg
5968,Blodpudding blodkorv tillagad,Vitamin E,Blodprodukter blodrätter,0.5,mg
5968,Blodpudding blodkorv tillagad,Vitamin D inkl 25-OH-D3,Blodprodukter blodrätter,0.0,µg
5968,Blodpudding blodkorv tillagad,Vitamin D,Blodprodukter blodrätter,0.0,µg
5968,Blodpudding blodkorv tillagad,Vitamin C,Blodprodukter blodrätter,0.0,mg
5968,Blodpudding blodkorv tillagad,Vitamin B6,Blodprodukter blodrätter,0.05,mg
5968,Blodpudding blodkorv tillagad,Vitamin B12,Blodprodukter blodrätter,0.12,µg
5968,Blodpudding blodkorv tillagad,Vitamin A,Blodprodukter blodrätter,0.0,RE/µg
5968,Blodpudding blodkorv tillagad,Vatten,Blodprodukter blodrätter,53.5,g
5968,Blodpudding blodkorv tillagad,Tiamin,Blodprodukter blodrätter,0.09,mg
5968,Blodpudding blodkorv tillagad,Tillsatt socker,Blodprodukter blodrätter,6.0,g
5968,Blodpudding blodkorv tillagad,Fritt socker,Blodprodukter blodrätter,6.0,g
5968,Blodpudding blodkorv tillagad,"Selen, Se",Blodprodukter blodrätter,6.7,µg
5968,Blodpudding blodkorv tillagad,Sackaros,Blodprodukter blodrätter,4.9,g
5968,Blodpudding blodkorv tillagad,Riboflavin,Blodprodukter blodrätter,0.03,mg
5968,Blodpudding blodkorv tillagad,Retinol,Blodprodukter blodrätter,0.0,µg
5968,Blodpudding blodkorv tillagad,Protein,Blodprodukter blodrätter,8.6,g
5968,Blodpudding blodkorv tillagad,Summa fleromättade fettsyror,Blodprodukter blodrätter,1.7,g
5968,Blodpudding blodkorv tillagad,"Fosfor, P",Blodprodukter blodrätter,92.0,mg
5968,Blodpudding blodkorv tillagad,Niacinekvivalenter,Blodprodukter blodrätter,2.6,NE/mg
5968,Blodpudding blodkorv tillagad,Niacin,Blodprodukter blodrätter,1.06,mg
5968,Blodpudding blodkorv tillagad,"Salt, NaCl",Blodprodukter blodrätter,2.1,g
5968,Blodpudding blodkorv tillagad,"Natrium, Na",Blodprodukter blodrätter,836.0,mg
5968,Blodpudding blodkorv tillagad,Monosackarider,Blodprodukter blodrätter,0.4,g
5968,Blodpudding blodkorv tillagad,"Sockerarter, totalt",Blodprodukter blodrätter,5.5,g
5968,Blodpudding blodkorv tillagad,Summa enkelomättade fettsyror,Blodprodukter blodrätter,4.8,g
5968,Blodpudding blodkorv tillagad,"Magnesium, Mg",Blodprodukter blodrätter,28.0,mg
5968,Blodpudding blodkorv tillagad,Summa mättade fettsyror,Blodprodukter blodrätter,2.3,g
5968,Blodpudding blodkorv tillagad,"Kolhydrater, tillgängliga",Blodprodukter blodrätter,23.0,g
5968,Blodpudding blodkorv tillagad,Kolesterol,Blodprodukter blodrätter,21.8,mg
5968,Blodpudding blodkorv tillagad,"Kalium, K",Blodprodukter blodrätter,200.0,mg
5968,Blodpudding blodkorv tillagad,"Jod, I",Blodprodukter blodrätter,0.0,µg
5968,Blodpudding blodkorv tillagad,Fullkorn totalt,Blodprodukter blodrätter,0.0,g
5968,Blodpudding blodkorv tillagad,"Folat, totalt",Blodprodukter blodrätter,8.7,µg
5968,Blodpudding blodkorv tillagad,Fibrer,Blodprodukter blodrätter,3.2,g
5968,Blodpudding blodkorv tillagad,"Fett, totalt",Blodprodukter blodrätter,9.4,g
5968,Blodpudding blodkorv tillagad,"Järn, Fe",Blodprodukter blodrätter,18.0,mg
5968,Blodpudding blodkorv tillagad,Energi (kJ),Blodprodukter blodrätter,910.0,kJ
5968,Blodpudding blodkorv tillagad,Energi (kcal),Blodprodukter blodrätter,218.0,kcal
5968,Blodpudding blodkorv tillagad,Disackarider,Blodprodukter blodrätter,5.1,g
5968,Blodpudding blodkorv tillagad,"Kalcium, Ca",Blodprodukter blodrätter,14.0,mg
5968,Blodpudding blodkorv tillagad,Fettsyra 4:0-10:0,Blodprodukter blodrätter,0.0,g
5968,Blodpudding blodkorv tillagad,DHA (C22:6),Blodprodukter blodrätter,0.0,g
5968,Blodpudding blodkorv tillagad,DPA (C22:5),Blodprodukter blodrätter,0.0,g
5968,Blodpudding blodkorv tillagad,EPA (C20:5),Blodprodukter blodrätter,0.0,g
5968,Blodpudding blodkorv tillagad,Arakidonsyra C20:4,Blodprodukter blodrätter,0.0,g
5968,Blodpudding blodkorv tillagad,Arakidinsyra C20:0,Blodprodukter blodrätter,0.0,g
5968,Blodpudding blodkorv tillagad,Linolensyra C18:3,Blodprodukter blodrätter,0.5,g
5968,Blodpudding blodkorv tillagad,Linolsyra C18:2,Blodprodukter blodrätter,1.3,g
5968,Blodpudding blodkorv tillagad,Oljesyra C18:1,Blodprodukter blodrätter,4.6,g
5968,Blodpudding blodkorv tillagad,Stearinsyra C18:0,Blodprodukter blodrätter,0.7,g
5968,Blodpudding blodkorv tillagad,Palmitoljesyra C16:1,Blodprodukter blodrätter,0.2,g
5968,Blodpudding blodkorv tillagad,Palmitinsyra C16:0,Blodprodukter blodrätter,1.4,g
5968,Blodpudding blodkorv tillagad,Myristinsyra C14:0,Blodprodukter blodrätter,0.1,g
5968,Blodpudding blodkorv tillagad,Laurinsyra C12:0,Blodprodukter blodrätter,0.0,g
5968,Blodpudding blodkorv tillagad,Betakaroten/β-Karoten,Blodprodukter blodrätter,0.0,µg
5968,Blodpudding blodkorv tillagad,Avfall (skal etc.),Blodprodukter blodrätter,0.0,%
5968,Blodpudding blodkorv tillagad,Aska,Blodprodukter blodrätter,2.3,g
5968,Blodpudding blodkorv tillagad,Alkohol,Blodprodukter blodrätter,0.0,g
5969,Gris sidfläsk el. stekfläsk rimmat stekt,"Zink, Zn",Kött processat,2.0,mg
5969,Gris sidfläsk el. stekfläsk rimmat stekt,Vitamin E,Kött processat,0.9,mg
5969,Gris sidfläsk el. stekfläsk rimmat stekt,Vitamin D,Kött processat,0.0,µg
5969,Gris sidfläsk el. stekfläsk rimmat stekt,Vitamin C,Kött processat,0.0,mg
5969,Gris sidfläsk el. stekfläsk rimmat stekt,Vitamin B6,Kött processat,0.33,mg
5969,Gris sidfläsk el. stekfläsk rimmat stekt,Vitamin B12,Kött processat,0.54,µg
5969,Gris sidfläsk el. stekfläsk rimmat stekt,Vitamin A,Kött processat,4.5,RE/µg
5969,Gris sidfläsk el. stekfläsk rimmat stekt,Vatten,Kött processat,47.5,g
5969,Gris sidfläsk el. stekfläsk rimmat stekt,Tiamin,Kött processat,0.62,mg
5969,Gris sidfläsk el. stekfläsk rimmat stekt,Tillsatt socker,Kött processat,0.0,g
5969,Gris sidfläsk el. stekfläsk rimmat stekt,Fritt socker,Kött processat,0.0,g
5969,Gris sidfläsk el. stekfläsk rimmat stekt,"Selen, Se",Kött processat,9.2,µg
5969,Gris sidfläsk el. stekfläsk rimmat stekt,Sackaros,Kött processat,0.0,g
5969,Gris sidfläsk el. stekfläsk rimmat stekt,Riboflavin,Kött processat,0.14,mg
5969,Gris sidfläsk el. stekfläsk rimmat stekt,Retinol,Kött processat,4.5,µg
5969,Gris sidfläsk el. stekfläsk rimmat stekt,Protein,Kött processat,11.4,g
5969,Gris sidfläsk el. stekfläsk rimmat stekt,Summa fleromättade fettsyror,Kött processat,3.9,g
5969,Gris sidfläsk el. stekfläsk rimmat stekt,"Fosfor, P",Kött processat,159.0,mg
5969,Gris sidfläsk el. stekfläsk rimmat stekt,Niacinekvivalenter,Kött processat,6.8,NE/mg
5969,Gris sidfläsk el. stekfläsk rimmat stekt,Niacin,Kött processat,4.69,mg
5969,Gris sidfläsk el. stekfläsk rimmat stekt,"Salt, NaCl",Kött processat,2.5,g
5969,Gris sidfläsk el. stekfläsk rimmat stekt,"Natrium, Na",Kött processat,1010.0,mg
5969,Gris sidfläsk el. stekfläsk rimmat stekt,Monosackarider,Kött processat,0.1,g
5969,Gris sidfläsk el. stekfläsk rimmat stekt,"Sockerarter, totalt",Kött processat,0.1,g
5969,Gris sidfläsk el. stekfläsk rimmat stekt,Summa enkelomättade fettsyror,Kött processat,17.7,g
5969,Gris sidfläsk el. stekfläsk rimmat stekt,"Magnesium, Mg",Kött processat,18.0,mg
5969,Gris sidfläsk el. stekfläsk rimmat stekt,Summa mättade fettsyror,Kött processat,14.8,g
5969,Gris sidfläsk el. stekfläsk rimmat stekt,"Kolhydrater, tillgängliga",Kött processat,0.1,g
5969,Gris sidfläsk el. stekfläsk rimmat stekt,Kolesterol,Kött processat,54.1,mg
5969,Gris sidfläsk el. stekfläsk rimmat stekt,"Kalium, K",Kött processat,245.0,mg
5969,Gris sidfläsk el. stekfläsk rimmat stekt,"Jod, I",Kött processat,0.0,µg
5969,Gris sidfläsk el. stekfläsk rimmat stekt,Fullkorn totalt,Kött processat,0.0,g
5969,Gris sidfläsk el. stekfläsk rimmat stekt,"Folat, totalt",Kött processat,0.0,µg
5969,Gris sidfläsk el. stekfläsk rimmat stekt,Fibrer,Kött processat,0.0,g
5969,Gris sidfläsk el. stekfläsk rimmat stekt,"Fett, totalt",Kött processat,38.3,g
5969,Gris sidfläsk el. stekfläsk rimmat stekt,"Järn, Fe",Kött processat,0.6,mg
5969,Gris sidfläsk el. stekfläsk rimmat stekt,Energi (kJ),Kött processat,1612.0,kJ
5969,Gris sidfläsk el. stekfläsk rimmat stekt,Energi (kcal),Kött processat,385.0,kcal
5969,Gris sidfläsk el. stekfläsk rimmat stekt,Disackarider,Kött processat,0.0,g
5969,Gris sidfläsk el. stekfläsk rimmat stekt,"Kalcium, Ca",Kött processat,5.0,mg
5969,Gris sidfläsk el. stekfläsk rimmat stekt,Fettsyra 4:0-10:0,Kött processat,0.0,g
5969,Gris sidfläsk el. stekfläsk rimmat stekt,DHA (C22:6),Kött processat,0.0,g
5969,Gris sidfläsk el. stekfläsk rimmat stekt,DPA (C22:5),Kött processat,0.0,g
5969,Gris sidfläsk el. stekfläsk rimmat stekt,EPA (C20:5),Kött processat,0.0,g
5969,Gris sidfläsk el. stekfläsk rimmat stekt,Arakidonsyra C20:4,Kött processat,0.1,g
5969,Gris sidfläsk el. stekfläsk rimmat stekt,Arakidinsyra C20:0,Kött processat,0.1,g
5969,Gris sidfläsk el. stekfläsk rimmat stekt,Linolensyra C18:3,Kött processat,0.3,g
5969,Gris sidfläsk el. stekfläsk rimmat stekt,Linolsyra C18:2,Kött processat,3.3,g
5969,Gris sidfläsk el. stekfläsk rimmat stekt,Oljesyra C18:1,Kött processat,16.5,g
5969,Gris sidfläsk el. stekfläsk rimmat stekt,Stearinsyra C18:0,Kött processat,5.3,g
5969,Gris sidfläsk el. stekfläsk rimmat stekt,Palmitoljesyra C16:1,Kött processat,0.8,g
5969,Gris sidfläsk el. stekfläsk rimmat stekt,Palmitinsyra C16:0,Kött processat,8.8,g
5969,Gris sidfläsk el. stekfläsk rimmat stekt,Myristinsyra C14:0,Kött processat,0.5,g
5969,Gris sidfläsk el. stekfläsk rimmat stekt,Laurinsyra C12:0,Kött processat,0.0,g
5969,Gris sidfläsk el. stekfläsk rimmat stekt,Betakaroten/β-Karoten,Kött processat,0.0,µg
5969,Gris sidfläsk el. stekfläsk rimmat stekt,Avfall (skal etc.),Kött processat,0.0,%
5969,Gris sidfläsk el. stekfläsk rimmat stekt,Aska,Kött processat,2.7,g
5969,Gris sidfläsk el. stekfläsk rimmat stekt,Alkohol,Kött processat,0.0,g
5970,Korv kabanoss tillagad kryddig kött 90%,"Zink, Zn",Korv,2.0,mg
5970,Korv kabanoss tillagad kryddig kött 90%,Vitamin E,Korv,1.5,mg
5970,Korv kabanoss tillagad kryddig kött 90%,Vitamin D,Korv,0.23,µg
5970,Korv kabanoss tillagad kryddig kött 90%,Vitamin C,Korv,0.0,mg
5970,Korv kabanoss tillagad kryddig kött 90%,Vitamin B6,Korv,0.23,mg
5970,Korv kabanoss tillagad kryddig kött 90%,Vitamin B12,Korv,0.51,µg
5970,Korv kabanoss tillagad kryddig kött 90%,Vitamin A,Korv,22.7,RE/µg
5970,Korv kabanoss tillagad kryddig kött 90%,Vatten,Korv,54.2,g
5970,Korv kabanoss tillagad kryddig kött 90%,Tiamin,Korv,0.58,mg
5970,Korv kabanoss tillagad kryddig kött 90%,Tillsatt socker,Korv,0.0,g
5970,Korv kabanoss tillagad kryddig kött 90%,Fritt socker,Korv,0.0,g
5970,Korv kabanoss tillagad kryddig kött 90%,"Selen, Se",Korv,10.0,µg
5970,Korv kabanoss tillagad kryddig kött 90%,Sackaros,Korv,0.2,g
5970,Korv kabanoss tillagad kryddig kött 90%,Riboflavin,Korv,0.19,mg
5970,Korv kabanoss tillagad kryddig kött 90%,Retinol,Korv,18.1,µg
5970,Korv kabanoss tillagad kryddig kött 90%,Protein,Korv,16.0,g
5970,Korv kabanoss tillagad kryddig kött 90%,Summa fleromättade fettsyror,Korv,2.5,g
5970,Korv kabanoss tillagad kryddig kött 90%,"Fosfor, P",Korv,154.0,mg
5970,Korv kabanoss tillagad kryddig kött 90%,Niacinekvivalenter,Korv,7.4,NE/mg
5970,Korv kabanoss tillagad kryddig kött 90%,Niacin,Korv,4.41,mg
5970,Korv kabanoss tillagad kryddig kött 90%,"Salt, NaCl",Korv,2.3,g
5970,Korv kabanoss tillagad kryddig kött 90%,"Natrium, Na",Korv,920.0,mg
5970,Korv kabanoss tillagad kryddig kött 90%,Monosackarider,Korv,0.2,g
5970,Korv kabanoss tillagad kryddig kött 90%,"Sockerarter, totalt",Korv,0.4,g
5970,Korv kabanoss tillagad kryddig kött 90%,Summa enkelomättade fettsyror,Korv,11.7,g
5970,Korv kabanoss tillagad kryddig kött 90%,"Magnesium, Mg",Korv,18.0,mg
5970,Korv kabanoss tillagad kryddig kött 90%,Summa mättade fettsyror,Korv,9.3,g
5970,Korv kabanoss tillagad kryddig kött 90%,"Kolhydrater, tillgängliga",Korv,1.4,g
5970,Korv kabanoss tillagad kryddig kött 90%,Kolesterol,Korv,52.7,mg
5970,Korv kabanoss tillagad kryddig kött 90%,"Kalium, K",Korv,261.0,mg
5970,Korv kabanoss tillagad kryddig kött 90%,"Jod, I",Korv,0.0,µg
5970,Korv kabanoss tillagad kryddig kött 90%,Fullkorn totalt,Korv,0.0,g
5970,Korv kabanoss tillagad kryddig kött 90%,"Folat, totalt",Korv,1.2,µg
5970,Korv kabanoss tillagad kryddig kött 90%,Fibrer,Korv,0.8,g
5970,Korv kabanoss tillagad kryddig kött 90%,"Fett, totalt",Korv,24.8,g
5970,Korv kabanoss tillagad kryddig kött 90%,"Järn, Fe",Korv,0.9,mg
5970,Korv kabanoss tillagad kryddig kött 90%,Energi (kJ),Korv,1220.0,kJ
5970,Korv kabanoss tillagad kryddig kött 90%,Energi (kcal),Korv,292.0,kcal
5970,Korv kabanoss tillagad kryddig kött 90%,Disackarider,Korv,0.2,g
5970,Korv kabanoss tillagad kryddig kött 90%,"Kalcium, Ca",Korv,9.0,mg
5970,Korv kabanoss tillagad kryddig kött 90%,Fettsyra 4:0-10:0,Korv,0.0,g
5970,Korv kabanoss tillagad kryddig kött 90%,DHA (C22:6),Korv,0.0,g
5970,Korv kabanoss tillagad kryddig kött 90%,DPA (C22:5),Korv,0.0,g
5970,Korv kabanoss tillagad kryddig kött 90%,EPA (C20:5),Korv,0.0,g
5970,Korv kabanoss tillagad kryddig kött 90%,Arakidonsyra C20:4,Korv,0.1,g
5970,Korv kabanoss tillagad kryddig kött 90%,Arakidinsyra C20:0,Korv,0.0,g
5970,Korv kabanoss tillagad kryddig kött 90%,Linolensyra C18:3,Korv,0.2,g
5970,Korv kabanoss tillagad kryddig kött 90%,Linolsyra C18:2,Korv,2.1,g
5970,Korv kabanoss tillagad kryddig kött 90%,Oljesyra C18:1,Korv,10.9,g
5970,Korv kabanoss tillagad kryddig kött 90%,Stearinsyra C18:0,Korv,3.2,g
5970,Korv kabanoss tillagad kryddig kött 90%,Palmitoljesyra C16:1,Korv,0.6,g
5970,Korv kabanoss tillagad kryddig kött 90%,Palmitinsyra C16:0,Korv,5.7,g
5970,Korv kabanoss tillagad kryddig kött 90%,Myristinsyra C14:0,Korv,0.3,g
5970,Korv kabanoss tillagad kryddig kött 90%,Laurinsyra C12:0,Korv,0.0,g
5970,Korv kabanoss tillagad kryddig kött 90%,Betakaroten/β-Karoten,Korv,39.0,µg
5970,Korv kabanoss tillagad kryddig kött 90%,Avfall (skal etc.),Korv,0.0,%
5970,Korv kabanoss tillagad kryddig kött 90%,Aska,Korv,2.8,g
5970,Korv kabanoss tillagad kryddig kött 90%,Alkohol,Korv,0.0,g
5973,Kryddblandning taco,"Zink, Zn",Kryddor ,1.0,mg
5973,Kryddblandning taco,Vitamin E,Kryddor ,4.9,mg
5973,Kryddblandning taco,Vitamin D inkl 25-OH-D3,Kryddor ,0.0,µg
5973,Kryddblandning taco,Vitamin D,Kryddor ,0.0,µg
5973,Kryddblandning taco,Vitamin C,Kryddor ,0.0,mg
5973,Kryddblandning taco,Vitamin B6,Kryddor ,1.02,mg
5973,Kryddblandning taco,Vitamin B12,Kryddor ,0.3,µg
5973,Kryddblandning taco,Vitamin A,Kryddor ,121.0,RE/µg
5973,Kryddblandning taco,Vatten,Kryddor ,6.0,g
5973,Kryddblandning taco,Tiamin,Kryddor ,0.16,mg
5973,Kryddblandning taco,Tillsatt socker,Kryddor ,23.0,g
5973,Kryddblandning taco,Fritt socker,Kryddor ,23.0,g
5973,Kryddblandning taco,"Selen, Se",Kryddor ,3.5,µg
5973,Kryddblandning taco,Sackaros,Kryddor ,5.9,g
5973,Kryddblandning taco,Riboflavin,Kryddor ,0.28,mg
5973,Kryddblandning taco,Retinol,Kryddor ,0.0,µg
5973,Kryddblandning taco,Protein,Kryddor ,5.6,g
5973,Kryddblandning taco,Summa fleromättade fettsyror,Kryddor ,1.5,g
5973,Kryddblandning taco,"Fosfor, P",Kryddor ,195.0,mg
5973,Kryddblandning taco,Niacinekvivalenter,Kryddor ,3.0,NE/mg
5973,Kryddblandning taco,Niacin,Kryddor ,2.05,mg
5973,Kryddblandning taco,"Salt, NaCl",Kryddor ,20.2,g
5973,Kryddblandning taco,"Natrium, Na",Kryddor ,8100.0,mg
5973,Kryddblandning taco,Monosackarider,Kryddor ,16.7,g
5973,Kryddblandning taco,"Sockerarter, totalt",Kryddor ,23.7,g
5973,Kryddblandning taco,Summa enkelomättade fettsyror,Kryddor ,1.4,g
5973,Kryddblandning taco,"Magnesium, Mg",Kryddor ,84.0,mg
5973,Kryddblandning taco,Summa mättade fettsyror,Kryddor ,0.5,g
5973,Kryddblandning taco,"Kolhydrater, tillgängliga",Kryddor ,50.9,g
5973,Kryddblandning taco,Kolesterol,Kryddor ,0.0,mg
5973,Kryddblandning taco,"Kalium, K",Kryddor ,675.0,mg
5973,Kryddblandning taco,"Jod, I",Kryddor ,5.7,µg
5973,Kryddblandning taco,Fullkorn totalt,Kryddor ,0.0,g
5973,Kryddblandning taco,"Folat, totalt",Kryddor ,68.0,µg
5973,Kryddblandning taco,Fibrer,Kryddor ,12.2,g
5973,Kryddblandning taco,"Fett, totalt",Kryddor ,3.6,g
5973,Kryddblandning taco,"Järn, Fe",Kryddor ,11.4,mg
5973,Kryddblandning taco,Energi (kJ),Kryddor ,1190.0,kJ
5973,Kryddblandning taco,Energi (kcal),Kryddor ,284.0,kcal
5973,Kryddblandning taco,Disackarider,Kryddor ,7.1,g
5973,Kryddblandning taco,"Kalcium, Ca",Kryddor ,230.0,mg
5973,Kryddblandning taco,Fettsyra 4:0-10:0,Kryddor ,0.0,g
5973,Kryddblandning taco,DHA (C22:6),Kryddor ,0.0,g
5973,Kryddblandning taco,DPA (C22:5),Kryddor ,0.0,g
5973,Kryddblandning taco,EPA (C20:5),Kryddor ,0.0,g
5973,Kryddblandning taco,Arakidonsyra C20:4,Kryddor ,0.0,g
5973,Kryddblandning taco,Arakidinsyra C20:0,Kryddor ,0.0,g
5973,Kryddblandning taco,Linolensyra C18:3,Kryddor ,0.1,g
5973,Kryddblandning taco,Linolsyra C18:2,Kryddor ,1.4,g
5973,Kryddblandning taco,Oljesyra C18:1,Kryddor ,1.4,g
5973,Kryddblandning taco,Stearinsyra C18:0,Kryddor ,0.1,g
5973,Kryddblandning taco,Palmitoljesyra C16:1,Kryddor ,0.0,g
5973,Kryddblandning taco,Palmitinsyra C16:0,Kryddor ,0.3,g
5973,Kryddblandning taco,Myristinsyra C14:0,Kryddor ,0.0,g
5973,Kryddblandning taco,Laurinsyra C12:0,Kryddor ,0.0,g
5973,Kryddblandning taco,Betakaroten/β-Karoten,Kryddor ,1450.0,µg
5973,Kryddblandning taco,Avfall (skal etc.),Kryddor ,0.0,%
5973,Kryddblandning taco,Aska,Kryddor ,21.8,g
5973,Kryddblandning taco,Alkohol,Kryddor ,0.0,g
5974,Bröd vitt vetetortilla,"Zink, Zn",Mjukt bröd ,0.6,mg
5974,Bröd vitt vetetortilla,Vitamin E,Mjukt bröd ,0.4,mg
5974,Bröd vitt vetetortilla,Vitamin D inkl 25-OH-D3,Mjukt bröd ,0.0,µg
5974,Bröd vitt vetetortilla,Vitamin D,Mjukt bröd ,0.0,µg
5974,Bröd vitt vetetortilla,Vitamin C,Mjukt bröd ,0.0,mg
5974,Bröd vitt vetetortilla,Vitamin B6,Mjukt bröd ,0.08,mg
5974,Bröd vitt vetetortilla,Vitamin B12,Mjukt bröd ,0.0,µg
5974,Bröd vitt vetetortilla,Vitamin A,Mjukt bröd ,0.0,RE/µg
5974,Bröd vitt vetetortilla,Vatten,Mjukt bröd ,27.5,g
5974,Bröd vitt vetetortilla,Tiamin,Mjukt bröd ,0.12,mg
5974,Bröd vitt vetetortilla,Tillsatt socker,Mjukt bröd ,0.0,g
5974,Bröd vitt vetetortilla,Fritt socker,Mjukt bröd ,0.0,g
5974,Bröd vitt vetetortilla,"Selen, Se",Mjukt bröd ,2.0,µg
5974,Bröd vitt vetetortilla,Sackaros,Mjukt bröd ,0.2,g
5974,Bröd vitt vetetortilla,Riboflavin,Mjukt bröd ,0.02,mg
5974,Bröd vitt vetetortilla,Retinol,Mjukt bröd ,0.0,µg
5974,Bröd vitt vetetortilla,Protein,Mjukt bröd ,8.4,g
5974,Bröd vitt vetetortilla,Summa fleromättade fettsyror,Mjukt bröd ,1.2,g
5974,Bröd vitt vetetortilla,"Fosfor, P",Mjukt bröd ,156.0,mg
5974,Bröd vitt vetetortilla,Niacinekvivalenter,Mjukt bröd ,1.7,NE/mg
5974,Bröd vitt vetetortilla,Niacin,Mjukt bröd ,0.9,mg
5974,Bröd vitt vetetortilla,"Salt, NaCl",Mjukt bröd ,1.8,g
5974,Bröd vitt vetetortilla,"Natrium, Na",Mjukt bröd ,720.0,mg
5974,Bröd vitt vetetortilla,Monosackarider,Mjukt bröd ,0.6,g
5974,Bröd vitt vetetortilla,"Sockerarter, totalt",Mjukt bröd ,1.9,g
5974,Bröd vitt vetetortilla,Summa enkelomättade fettsyror,Mjukt bröd ,2.1,g
5974,Bröd vitt vetetortilla,"Magnesium, Mg",Mjukt bröd ,22.0,mg
5974,Bröd vitt vetetortilla,Summa mättade fettsyror,Mjukt bröd ,1.4,g
5974,Bröd vitt vetetortilla,"Kolhydrater, tillgängliga",Mjukt bröd ,55.5,g
5974,Bröd vitt vetetortilla,Kolesterol,Mjukt bröd ,0.0,mg
5974,Bröd vitt vetetortilla,"Kalium, K",Mjukt bröd ,150.0,mg
5974,Bröd vitt vetetortilla,"Jod, I",Mjukt bröd ,0.0,µg
5974,Bröd vitt vetetortilla,Fullkorn totalt,Mjukt bröd ,0.0,g
5974,Bröd vitt vetetortilla,"Folat, totalt",Mjukt bröd ,8.5,µg
5974,Bröd vitt vetetortilla,Fibrer,Mjukt bröd ,1.8,g
5974,Bröd vitt vetetortilla,"Fett, totalt",Mjukt bröd ,4.8,g
5974,Bröd vitt vetetortilla,"Järn, Fe",Mjukt bröd ,0.8,mg
5974,Bröd vitt vetetortilla,Energi (kJ),Mjukt bröd ,1279.0,kJ
5974,Bröd vitt vetetortilla,Energi (kcal),Mjukt bröd ,306.0,kcal
5974,Bröd vitt vetetortilla,Disackarider,Mjukt bröd ,1.2,g
5974,Bröd vitt vetetortilla,"Kalcium, Ca",Mjukt bröd ,15.0,mg
5974,Bröd vitt vetetortilla,Fettsyra 4:0-10:0,Mjukt bröd ,0.0,g
5974,Bröd vitt vetetortilla,DHA (C22:6),Mjukt bröd ,0.0,g
5974,Bröd vitt vetetortilla,DPA (C22:5),Mjukt bröd ,0.0,g
5974,Bröd vitt vetetortilla,EPA (C20:5),Mjukt bröd ,0.0,g
5974,Bröd vitt vetetortilla,Arakidonsyra C20:4,Mjukt bröd ,0.0,g
5974,Bröd vitt vetetortilla,Arakidinsyra C20:0,Mjukt bröd ,0.0,g
5974,Bröd vitt vetetortilla,Linolensyra C18:3,Mjukt bröd ,0.2,g
5974,Bröd vitt vetetortilla,Linolsyra C18:2,Mjukt bröd ,1.0,g
5974,Bröd vitt vetetortilla,Oljesyra C18:1,Mjukt bröd ,2.1,g
5974,Bröd vitt vetetortilla,Stearinsyra C18:0,Mjukt bröd ,0.3,g
5974,Bröd vitt vetetortilla,Palmitoljesyra C16:1,Mjukt bröd ,0.0,g
5974,Bröd vitt vetetortilla,Palmitinsyra C16:0,Mjukt bröd ,1.0,g
5974,Bröd vitt vetetortilla,Myristinsyra C14:0,Mjukt bröd ,0.0,g
5974,Bröd vitt vetetortilla,Laurinsyra C12:0,Mjukt bröd ,0.0,g
5974,Bröd vitt vetetortilla,Betakaroten/β-Karoten,Mjukt bröd ,0.0,µg
5974,Bröd vitt vetetortilla,Avfall (skal etc.),Mjukt bröd ,0.0,%
5974,Bröd vitt vetetortilla,Aska,Mjukt bröd ,2.0,g
5974,Bröd vitt vetetortilla,Alkohol,Mjukt bröd ,0.0,g
5978,Gris färs tillagad u. salt,"Zink, Zn",Kött färskt fryst tillagat ,2.5,mg
5978,Gris färs tillagad u. salt,Vitamin E,Kött färskt fryst tillagat ,0.5,mg
5978,Gris färs tillagad u. salt,Vitamin D,Kött färskt fryst tillagat ,0.0,µg
5978,Gris färs tillagad u. salt,Vitamin C,Kött färskt fryst tillagat ,0.0,mg
5978,Gris färs tillagad u. salt,Vitamin B6,Kött färskt fryst tillagat ,0.38,mg
5978,Gris färs tillagad u. salt,Vitamin B12,Kött färskt fryst tillagat ,0.58,µg
5978,Gris färs tillagad u. salt,Vitamin A,Kött färskt fryst tillagat ,7.6,RE/µg
5978,Gris färs tillagad u. salt,Vatten,Kött färskt fryst tillagat ,63.1,g
5978,Gris färs tillagad u. salt,Tiamin,Kött färskt fryst tillagat ,0.95,mg
5978,Gris färs tillagad u. salt,Tillsatt socker,Kött färskt fryst tillagat ,0.0,g
5978,Gris färs tillagad u. salt,Fritt socker,Kött färskt fryst tillagat ,0.0,g
5978,Gris färs tillagad u. salt,"Selen, Se",Kött färskt fryst tillagat ,10.0,µg
5978,Gris färs tillagad u. salt,Sackaros,Kött färskt fryst tillagat ,0.0,g
5978,Gris färs tillagad u. salt,Riboflavin,Kött färskt fryst tillagat ,0.22,mg
5978,Gris färs tillagad u. salt,Retinol,Kött färskt fryst tillagat ,7.6,µg
5978,Gris färs tillagad u. salt,Protein,Kött färskt fryst tillagat ,16.0,g
5978,Gris färs tillagad u. salt,Summa fleromättade fettsyror,Kött färskt fryst tillagat ,2.0,g
5978,Gris färs tillagad u. salt,"Fosfor, P",Kött färskt fryst tillagat ,216.0,mg
5978,Gris färs tillagad u. salt,Niacinekvivalenter,Kött färskt fryst tillagat ,9.4,NE/mg
5978,Gris färs tillagad u. salt,Niacin,Kött färskt fryst tillagat ,6.47,mg
5978,Gris färs tillagad u. salt,"Salt, NaCl",Kött färskt fryst tillagat ,0.2,g
5978,Gris färs tillagad u. salt,"Natrium, Na",Kött färskt fryst tillagat ,69.0,mg
5978,Gris färs tillagad u. salt,Monosackarider,Kött färskt fryst tillagat ,0.0,g
5978,Gris färs tillagad u. salt,"Sockerarter, totalt",Kött färskt fryst tillagat ,0.0,g
5978,Gris färs tillagad u. salt,Summa enkelomättade fettsyror,Kött färskt fryst tillagat ,9.2,g
5978,Gris färs tillagad u. salt,"Magnesium, Mg",Kött färskt fryst tillagat ,25.0,mg
5978,Gris färs tillagad u. salt,Summa mättade fettsyror,Kött färskt fryst tillagat ,7.6,g
5978,Gris färs tillagad u. salt,"Kolhydrater, tillgängliga",Kött färskt fryst tillagat ,0.0,g
5978,Gris färs tillagad u. salt,Kolesterol,Kött färskt fryst tillagat ,59.7,mg
5978,Gris färs tillagad u. salt,"Kalium, K",Kött färskt fryst tillagat ,326.0,mg
5978,Gris färs tillagad u. salt,"Jod, I",Kött färskt fryst tillagat ,0.0,µg
5978,Gris färs tillagad u. salt,Fullkorn totalt,Kött färskt fryst tillagat ,0.0,g
5978,Gris färs tillagad u. salt,"Folat, totalt",Kött färskt fryst tillagat ,0.0,µg
5978,Gris färs tillagad u. salt,Fibrer,Kött färskt fryst tillagat ,0.0,g
5978,Gris färs tillagad u. salt,"Fett, totalt",Kött färskt fryst tillagat ,19.9,g
5978,Gris färs tillagad u. salt,"Järn, Fe",Kött färskt fryst tillagat ,0.9,mg
5978,Gris färs tillagad u. salt,Energi (kJ),Kött färskt fryst tillagat ,1008.0,kJ
5978,Gris färs tillagad u. salt,Energi (kcal),Kött färskt fryst tillagat ,241.0,kcal
5978,Gris färs tillagad u. salt,Disackarider,Kött färskt fryst tillagat ,0.0,g
5978,Gris färs tillagad u. salt,"Kalcium, Ca",Kött färskt fryst tillagat ,7.0,mg
5978,Gris färs tillagad u. salt,Fettsyra 4:0-10:0,Kött färskt fryst tillagat ,0.0,g
5978,Gris färs tillagad u. salt,DHA (C22:6),Kött färskt fryst tillagat ,0.0,g
5978,Gris färs tillagad u. salt,DPA (C22:5),Kött färskt fryst tillagat ,0.0,g
5978,Gris färs tillagad u. salt,EPA (C20:5),Kött färskt fryst tillagat ,0.0,g
5978,Gris färs tillagad u. salt,Arakidonsyra C20:4,Kött färskt fryst tillagat ,0.1,g
5978,Gris färs tillagad u. salt,Arakidinsyra C20:0,Kött färskt fryst tillagat ,0.0,g
5978,Gris färs tillagad u. salt,Linolensyra C18:3,Kött färskt fryst tillagat ,0.2,g
5978,Gris färs tillagad u. salt,Linolsyra C18:2,Kött färskt fryst tillagat ,1.7,g
5978,Gris färs tillagad u. salt,Oljesyra C18:1,Kött färskt fryst tillagat ,8.6,g
5978,Gris färs tillagad u. salt,Stearinsyra C18:0,Kött färskt fryst tillagat ,2.7,g
5978,Gris färs tillagad u. salt,Palmitoljesyra C16:1,Kött färskt fryst tillagat ,0.5,g
5978,Gris färs tillagad u. salt,Palmitinsyra C16:0,Kött färskt fryst tillagat ,4.6,g
5978,Gris färs tillagad u. salt,Myristinsyra C14:0,Kött färskt fryst tillagat ,0.2,g
5978,Gris färs tillagad u. salt,Laurinsyra C12:0,Kött färskt fryst tillagat ,0.0,g
5978,Gris färs tillagad u. salt,Betakaroten/β-Karoten,Kött färskt fryst tillagat ,0.0,µg
5978,Gris färs tillagad u. salt,Avfall (skal etc.),Kött färskt fryst tillagat ,0.0,%
5978,Gris färs tillagad u. salt,Aska,Kött färskt fryst tillagat ,1.0,g
5978,Gris färs tillagad u. salt,Alkohol,Kött färskt fryst tillagat ,0.0,g
5979,Te fermenterat m. socker,"Zink, Zn",Te,0.0,mg
5979,Te fermenterat m. socker,Vitamin E,Te,0.0,mg
5979,Te fermenterat m. socker,Vitamin D inkl 25-OH-D3,Te,0.0,µg
5979,Te fermenterat m. socker,Vitamin D,Te,0.0,µg
5979,Te fermenterat m. socker,Vitamin C,Te,0.0,mg
5979,Te fermenterat m. socker,Vitamin B6,Te,0.02,mg
5979,Te fermenterat m. socker,Vitamin B12,Te,0.0,µg
5979,Te fermenterat m. socker,Vitamin A,Te,0.0,RE/µg
5979,Te fermenterat m. socker,Vatten,Te,96.7,g
5979,Te fermenterat m. socker,Tiamin,Te,0.0,mg
5979,Te fermenterat m. socker,Tillsatt socker,Te,3.0,g
5979,Te fermenterat m. socker,Fritt socker,Te,3.0,g
5979,Te fermenterat m. socker,"Selen, Se",Te,0.0,µg
5979,Te fermenterat m. socker,Sackaros,Te,1.0,g
5979,Te fermenterat m. socker,Riboflavin,Te,0.02,mg
5979,Te fermenterat m. socker,Retinol,Te,0.0,µg
5979,Te fermenterat m. socker,Protein,Te,0.0,g
5979,Te fermenterat m. socker,Summa fleromättade fettsyror,Te,0.0,g
5979,Te fermenterat m. socker,"Fosfor, P",Te,1.0,mg
5979,Te fermenterat m. socker,Niacinekvivalenter,Te,0.0,NE/mg
5979,Te fermenterat m. socker,Niacin,Te,0.0,mg
5979,Te fermenterat m. socker,"Salt, NaCl",Te,0.0,g
5979,Te fermenterat m. socker,"Natrium, Na",Te,5.0,mg
5979,Te fermenterat m. socker,Monosackarider,Te,2.1,g
5979,Te fermenterat m. socker,"Sockerarter, totalt",Te,3.1,g
5979,Te fermenterat m. socker,Summa enkelomättade fettsyror,Te,0.0,g
5979,Te fermenterat m. socker,"Magnesium, Mg",Te,1.0,mg
5979,Te fermenterat m. socker,Summa mättade fettsyror,Te,0.0,g
5979,Te fermenterat m. socker,"Kolhydrater, tillgängliga",Te,2.2,g
5979,Te fermenterat m. socker,Kolesterol,Te,0.0,mg
5979,Te fermenterat m. socker,"Kalium, K",Te,10.0,mg
5979,Te fermenterat m. socker,"Jod, I",Te,1.1,µg
5979,Te fermenterat m. socker,Fullkorn totalt,Te,0.0,g
5979,Te fermenterat m. socker,"Folat, totalt",Te,2.0,µg
5979,Te fermenterat m. socker,Fibrer,Te,0.0,g
5979,Te fermenterat m. socker,"Fett, totalt",Te,0.0,g
5979,Te fermenterat m. socker,"Järn, Fe",Te,0.0,mg
5979,Te fermenterat m. socker,Energi (kJ),Te,69.0,kJ
5979,Te fermenterat m. socker,Energi (kcal),Te,17.0,kcal
5979,Te fermenterat m. socker,Disackarider,Te,1.0,g
5979,Te fermenterat m. socker,"Kalcium, Ca",Te,1.0,mg
5979,Te fermenterat m. socker,Fettsyra 4:0-10:0,Te,0.0,g
5979,Te fermenterat m. socker,DHA (C22:6),Te,0.0,g
5979,Te fermenterat m. socker,DPA (C22:5),Te,0.0,g
5979,Te fermenterat m. socker,EPA (C20:5),Te,0.0,g
5979,Te fermenterat m. socker,Arakidonsyra C20:4,Te,0.0,g
5979,Te fermenterat m. socker,Arakidinsyra C20:0,Te,0.0,g
5979,Te fermenterat m. socker,Linolensyra C18:3,Te,0.0,g
5979,Te fermenterat m. socker,Linolsyra C18:2,Te,0.0,g
5979,Te fermenterat m. socker,Oljesyra C18:1,Te,0.0,g
5979,Te fermenterat m. socker,Stearinsyra C18:0,Te,0.0,g
5979,Te fermenterat m. socker,Palmitoljesyra C16:1,Te,0.0,g
5979,Te fermenterat m. socker,Palmitinsyra C16:0,Te,0.0,g
5979,Te fermenterat m. socker,Myristinsyra C14:0,Te,0.0,g
5979,Te fermenterat m. socker,Laurinsyra C12:0,Te,0.0,g
5979,Te fermenterat m. socker,Betakaroten/β-Karoten,Te,0.0,µg
5979,Te fermenterat m. socker,Avfall (skal etc.),Te,0.0,%
5979,Te fermenterat m. socker,Aska,Te,0.0,g
5979,Te fermenterat m. socker,Alkohol,Te,1.1,g
5999,Gris skinka innanlår tillagad,"Zink, Zn",Kött färskt fryst tillagat ,2.2,mg
5999,Gris skinka innanlår tillagad,Vitamin E,Kött färskt fryst tillagat ,0.4,mg
5999,Gris skinka innanlår tillagad,Vitamin D inkl 25-OH-D3,Kött färskt fryst tillagat ,0.32,µg
5999,Gris skinka innanlår tillagad,Vitamin D,Kött färskt fryst tillagat ,0.09,µg
5999,Gris skinka innanlår tillagad,Vitamin C,Kött färskt fryst tillagat ,0.0,mg
5999,Gris skinka innanlår tillagad,Vitamin B6,Kött färskt fryst tillagat ,0.6,mg
5999,Gris skinka innanlår tillagad,Vitamin B12,Kött färskt fryst tillagat ,0.5,µg
5999,Gris skinka innanlår tillagad,Vitamin A,Kött färskt fryst tillagat ,0.0,RE/µg
5999,Gris skinka innanlår tillagad,Vatten,Kött färskt fryst tillagat ,74.5,g
5999,Gris skinka innanlår tillagad,Tiamin,Kött färskt fryst tillagat ,1.27,mg
5999,Gris skinka innanlår tillagad,Tillsatt socker,Kött färskt fryst tillagat ,0.0,g
5999,Gris skinka innanlår tillagad,Fritt socker,Kött färskt fryst tillagat ,0.0,g
5999,Gris skinka innanlår tillagad,"Selen, Se",Kött färskt fryst tillagat ,11.0,µg
5999,Gris skinka innanlår tillagad,Sackaros,Kött färskt fryst tillagat ,0.0,g
5999,Gris skinka innanlår tillagad,Riboflavin,Kött färskt fryst tillagat ,0.24,mg
5999,Gris skinka innanlår tillagad,Retinol,Kött färskt fryst tillagat ,0.0,µg
5999,Gris skinka innanlår tillagad,Protein,Kött färskt fryst tillagat ,20.5,g
5999,Gris skinka innanlår tillagad,Summa fleromättade fettsyror,Kött färskt fryst tillagat ,0.4,g
5999,Gris skinka innanlår tillagad,"Fosfor, P",Kött färskt fryst tillagat ,301.0,mg
5999,Gris skinka innanlår tillagad,Niacinekvivalenter,Kött färskt fryst tillagat ,12.7,NE/mg
5999,Gris skinka innanlår tillagad,Niacin,Kött färskt fryst tillagat ,8.96,mg
5999,Gris skinka innanlår tillagad,"Salt, NaCl",Kött färskt fryst tillagat ,0.2,g
5999,Gris skinka innanlår tillagad,"Natrium, Na",Kött färskt fryst tillagat ,65.0,mg
5999,Gris skinka innanlår tillagad,Monosackarider,Kött färskt fryst tillagat ,0.0,g
5999,Gris skinka innanlår tillagad,"Sockerarter, totalt",Kött färskt fryst tillagat ,0.0,g
5999,Gris skinka innanlår tillagad,Summa enkelomättade fettsyror,Kött färskt fryst tillagat ,1.9,g
5999,Gris skinka innanlår tillagad,"Magnesium, Mg",Kött färskt fryst tillagat ,32.0,mg
5999,Gris skinka innanlår tillagad,Summa mättade fettsyror,Kött färskt fryst tillagat ,1.2,g
5999,Gris skinka innanlår tillagad,"Kolhydrater, tillgängliga",Kött färskt fryst tillagat ,0.0,g
5999,Gris skinka innanlår tillagad,Kolesterol,Kött färskt fryst tillagat ,75.6,mg
5999,Gris skinka innanlår tillagad,"Kalium, K",Kött färskt fryst tillagat ,386.0,mg
5999,Gris skinka innanlår tillagad,"Jod, I",Kött färskt fryst tillagat ,0.0,µg
5999,Gris skinka innanlår tillagad,Fullkorn totalt,Kött färskt fryst tillagat ,0.0,g
5999,Gris skinka innanlår tillagad,"Folat, totalt",Kött färskt fryst tillagat ,0.0,µg
5999,Gris skinka innanlår tillagad,Fibrer,Kött färskt fryst tillagat ,0.0,g
5999,Gris skinka innanlår tillagad,"Fett, totalt",Kött färskt fryst tillagat ,3.8,g
5999,Gris skinka innanlår tillagad,"Järn, Fe",Kött färskt fryst tillagat ,0.8,mg
5999,Gris skinka innanlår tillagad,Energi (kJ),Kött färskt fryst tillagat ,489.0,kJ
5999,Gris skinka innanlår tillagad,Energi (kcal),Kött färskt fryst tillagat ,117.0,kcal
5999,Gris skinka innanlår tillagad,Disackarider,Kött färskt fryst tillagat ,0.0,g
5999,Gris skinka innanlår tillagad,"Kalcium, Ca",Kött färskt fryst tillagat ,4.0,mg
5999,Gris skinka innanlår tillagad,Fettsyra 4:0-10:0,Kött färskt fryst tillagat ,0.0,g
5999,Gris skinka innanlår tillagad,DHA (C22:6),Kött färskt fryst tillagat ,0.0,g
5999,Gris skinka innanlår tillagad,DPA (C22:5),Kött färskt fryst tillagat ,0.0,g
5999,Gris skinka innanlår tillagad,EPA (C20:5),Kött färskt fryst tillagat ,0.0,g
5999,Gris skinka innanlår tillagad,Arakidonsyra C20:4,Kött färskt fryst tillagat ,0.0,g
5999,Gris skinka innanlår tillagad,Arakidinsyra C20:0,Kött färskt fryst tillagat ,0.0,g
5999,Gris skinka innanlår tillagad,Linolensyra C18:3,Kött färskt fryst tillagat ,0.0,g
5999,Gris skinka innanlår tillagad,Linolsyra C18:2,Kött färskt fryst tillagat ,0.3,g
5999,Gris skinka innanlår tillagad,Oljesyra C18:1,Kött färskt fryst tillagat ,1.7,g
5999,Gris skinka innanlår tillagad,Stearinsyra C18:0,Kött färskt fryst tillagat ,0.4,g
5999,Gris skinka innanlår tillagad,Palmitoljesyra C16:1,Kött färskt fryst tillagat ,0.1,g
5999,Gris skinka innanlår tillagad,Palmitinsyra C16:0,Kött färskt fryst tillagat ,0.8,g
5999,Gris skinka innanlår tillagad,Myristinsyra C14:0,Kött färskt fryst tillagat ,0.0,g
5999,Gris skinka innanlår tillagad,Laurinsyra C12:0,Kött färskt fryst tillagat ,0.0,g
5999,Gris skinka innanlår tillagad,Betakaroten/β-Karoten,Kött färskt fryst tillagat ,0.0,µg
5999,Gris skinka innanlår tillagad,Avfall (skal etc.),Kött färskt fryst tillagat ,0.0,%
5999,Gris skinka innanlår tillagad,Aska,Kött färskt fryst tillagat ,1.2,g
5999,Gris skinka innanlår tillagad,Alkohol,Kött färskt fryst tillagat ,0.0,g
6002,Gris skinkstek tillagad u. salt,"Zink, Zn",Kött färskt fryst tillagat ,3.0,mg
6002,Gris skinkstek tillagad u. salt,Vitamin E,Kött färskt fryst tillagat ,0.8,mg
6002,Gris skinkstek tillagad u. salt,Vitamin D,Kött färskt fryst tillagat ,0.0,µg
6002,Gris skinkstek tillagad u. salt,Vitamin C,Kött färskt fryst tillagat ,0.0,mg
6002,Gris skinkstek tillagad u. salt,Vitamin B6,Kött färskt fryst tillagat ,0.46,mg
6002,Gris skinkstek tillagad u. salt,Vitamin B12,Kött färskt fryst tillagat ,0.7,µg
6002,Gris skinkstek tillagad u. salt,Vitamin A,Kött färskt fryst tillagat ,0.0,RE/µg
6002,Gris skinkstek tillagad u. salt,Vatten,Kött färskt fryst tillagat ,73.7,g
6002,Gris skinkstek tillagad u. salt,Tiamin,Kött färskt fryst tillagat ,1.19,mg
6002,Gris skinkstek tillagad u. salt,Tillsatt socker,Kött färskt fryst tillagat ,0.0,g
6002,Gris skinkstek tillagad u. salt,Fritt socker,Kött färskt fryst tillagat ,0.0,g
6002,Gris skinkstek tillagad u. salt,"Selen, Se",Kött färskt fryst tillagat ,21.0,µg
6002,Gris skinkstek tillagad u. salt,Sackaros,Kött färskt fryst tillagat ,0.0,g
6002,Gris skinkstek tillagad u. salt,Riboflavin,Kött färskt fryst tillagat ,0.32,mg
6002,Gris skinkstek tillagad u. salt,Retinol,Kött färskt fryst tillagat ,0.0,µg
6002,Gris skinkstek tillagad u. salt,Protein,Kött färskt fryst tillagat ,20.0,g
6002,Gris skinkstek tillagad u. salt,Summa fleromättade fettsyror,Kött färskt fryst tillagat ,0.5,g
6002,Gris skinkstek tillagad u. salt,"Fosfor, P",Kött färskt fryst tillagat ,278.0,mg
6002,Gris skinkstek tillagad u. salt,Niacinekvivalenter,Kött färskt fryst tillagat ,10.7,NE/mg
6002,Gris skinkstek tillagad u. salt,Niacin,Kött färskt fryst tillagat ,7.08,mg
6002,Gris skinkstek tillagad u. salt,"Salt, NaCl",Kött färskt fryst tillagat ,0.2,g
6002,Gris skinkstek tillagad u. salt,"Natrium, Na",Kött färskt fryst tillagat ,64.0,mg
6002,Gris skinkstek tillagad u. salt,Monosackarider,Kött färskt fryst tillagat ,0.0,g
6002,Gris skinkstek tillagad u. salt,"Sockerarter, totalt",Kött färskt fryst tillagat ,0.0,g
6002,Gris skinkstek tillagad u. salt,Summa enkelomättade fettsyror,Kött färskt fryst tillagat ,2.4,g
6002,Gris skinkstek tillagad u. salt,"Magnesium, Mg",Kött färskt fryst tillagat ,30.0,mg
6002,Gris skinkstek tillagad u. salt,Summa mättade fettsyror,Kött färskt fryst tillagat ,1.9,g
6002,Gris skinkstek tillagad u. salt,"Kolhydrater, tillgängliga",Kött färskt fryst tillagat ,0.0,g
6002,Gris skinkstek tillagad u. salt,Kolesterol,Kött färskt fryst tillagat ,78.0,mg
6002,Gris skinkstek tillagad u. salt,"Kalium, K",Kött färskt fryst tillagat ,379.0,mg
6002,Gris skinkstek tillagad u. salt,"Jod, I",Kött färskt fryst tillagat ,0.0,µg
6002,Gris skinkstek tillagad u. salt,Fullkorn totalt,Kött färskt fryst tillagat ,0.0,g
6002,Gris skinkstek tillagad u. salt,"Folat, totalt",Kött färskt fryst tillagat ,0.0,µg
6002,Gris skinkstek tillagad u. salt,Fibrer,Kött färskt fryst tillagat ,0.0,g
6002,Gris skinkstek tillagad u. salt,"Fett, totalt",Kött färskt fryst tillagat ,5.1,g
6002,Gris skinkstek tillagad u. salt,"Järn, Fe",Kött färskt fryst tillagat ,1.2,mg
6002,Gris skinkstek tillagad u. salt,Energi (kJ),Kött färskt fryst tillagat ,529.0,kJ
6002,Gris skinkstek tillagad u. salt,Energi (kcal),Kött färskt fryst tillagat ,126.0,kcal
6002,Gris skinkstek tillagad u. salt,Disackarider,Kött färskt fryst tillagat ,0.0,g
6002,Gris skinkstek tillagad u. salt,"Kalcium, Ca",Kött färskt fryst tillagat ,5.0,mg
6002,Gris skinkstek tillagad u. salt,Fettsyra 4:0-10:0,Kött färskt fryst tillagat ,0.0,g
6002,Gris skinkstek tillagad u. salt,DHA (C22:6),Kött färskt fryst tillagat ,0.0,g
6002,Gris skinkstek tillagad u. salt,DPA (C22:5),Kött färskt fryst tillagat ,0.0,g
6002,Gris skinkstek tillagad u. salt,EPA (C20:5),Kött färskt fryst tillagat ,0.0,g
6002,Gris skinkstek tillagad u. salt,Arakidonsyra C20:4,Kött färskt fryst tillagat ,0.1,g
6002,Gris skinkstek tillagad u. salt,Arakidinsyra C20:0,Kött färskt fryst tillagat ,0.0,g
6002,Gris skinkstek tillagad u. salt,Linolensyra C18:3,Kött färskt fryst tillagat ,0.0,g
6002,Gris skinkstek tillagad u. salt,Linolsyra C18:2,Kött färskt fryst tillagat ,0.4,g
6002,Gris skinkstek tillagad u. salt,Oljesyra C18:1,Kött färskt fryst tillagat ,2.2,g
6002,Gris skinkstek tillagad u. salt,Stearinsyra C18:0,Kött färskt fryst tillagat ,0.7,g
6002,Gris skinkstek tillagad u. salt,Palmitoljesyra C16:1,Kött färskt fryst tillagat ,0.1,g
6002,Gris skinkstek tillagad u. salt,Palmitinsyra C16:0,Kött färskt fryst tillagat ,1.2,g
6002,Gris skinkstek tillagad u. salt,Myristinsyra C14:0,Kött färskt fryst tillagat ,0.1,g
6002,Gris skinkstek tillagad u. salt,Laurinsyra C12:0,Kött färskt fryst tillagat ,0.0,g
6002,Gris skinkstek tillagad u. salt,Betakaroten/β-Karoten,Kött färskt fryst tillagat ,0.0,µg
6002,Gris skinkstek tillagad u. salt,Avfall (skal etc.),Kött färskt fryst tillagat ,0.0,%
6002,Gris skinkstek tillagad u. salt,Aska,Kött färskt fryst tillagat ,1.2,g
6002,Gris skinkstek tillagad u. salt,Alkohol,Kött färskt fryst tillagat ,0.0,g
6003,Gris ytterfilé tillagad,"Zink, Zn",Kött färskt fryst tillagat ,1.6,mg
6003,Gris ytterfilé tillagad,Vitamin E,Kött färskt fryst tillagat ,0.5,mg
6003,Gris ytterfilé tillagad,Vitamin D,Kött färskt fryst tillagat ,0.0,µg
6003,Gris ytterfilé tillagad,Vitamin C,Kött färskt fryst tillagat ,0.0,mg
6003,Gris ytterfilé tillagad,Vitamin B6,Kött färskt fryst tillagat ,0.45,mg
6003,Gris ytterfilé tillagad,Vitamin B12,Kött färskt fryst tillagat ,0.44,µg
6003,Gris ytterfilé tillagad,Vitamin A,Kött färskt fryst tillagat ,4.1,RE/µg
6003,Gris ytterfilé tillagad,Vatten,Kött färskt fryst tillagat ,75.2,g
6003,Gris ytterfilé tillagad,Tiamin,Kött färskt fryst tillagat ,1.13,mg
6003,Gris ytterfilé tillagad,Tillsatt socker,Kött färskt fryst tillagat ,0.0,g
6003,Gris ytterfilé tillagad,Fritt socker,Kött färskt fryst tillagat ,0.0,g
6003,Gris ytterfilé tillagad,"Selen, Se",Kött färskt fryst tillagat ,11.0,µg
6003,Gris ytterfilé tillagad,Sackaros,Kött färskt fryst tillagat ,0.0,g
6003,Gris ytterfilé tillagad,Riboflavin,Kött färskt fryst tillagat ,0.13,mg
6003,Gris ytterfilé tillagad,Retinol,Kött färskt fryst tillagat ,4.1,µg
6003,Gris ytterfilé tillagad,Protein,Kött färskt fryst tillagat ,17.0,g
6003,Gris ytterfilé tillagad,Summa fleromättade fettsyror,Kött färskt fryst tillagat ,0.5,g
6003,Gris ytterfilé tillagad,"Fosfor, P",Kött färskt fryst tillagat ,275.0,mg
6003,Gris ytterfilé tillagad,Niacinekvivalenter,Kött färskt fryst tillagat ,11.0,NE/mg
6003,Gris ytterfilé tillagad,Niacin,Kött färskt fryst tillagat ,7.88,mg
6003,Gris ytterfilé tillagad,"Salt, NaCl",Kött färskt fryst tillagat ,1.3,g
6003,Gris ytterfilé tillagad,"Natrium, Na",Kött färskt fryst tillagat ,533.0,mg
6003,Gris ytterfilé tillagad,Monosackarider,Kött färskt fryst tillagat ,0.0,g
6003,Gris ytterfilé tillagad,"Sockerarter, totalt",Kött färskt fryst tillagat ,0.0,g
6003,Gris ytterfilé tillagad,Summa enkelomättade fettsyror,Kött färskt fryst tillagat ,2.8,g
6003,Gris ytterfilé tillagad,"Magnesium, Mg",Kött färskt fryst tillagat ,26.0,mg
6003,Gris ytterfilé tillagad,Summa mättade fettsyror,Kött färskt fryst tillagat ,2.2,g
6003,Gris ytterfilé tillagad,"Kolhydrater, tillgängliga",Kött färskt fryst tillagat ,0.0,g
6003,Gris ytterfilé tillagad,Kolesterol,Kött färskt fryst tillagat ,57.4,mg
6003,Gris ytterfilé tillagad,"Kalium, K",Kött färskt fryst tillagat ,336.0,mg
6003,Gris ytterfilé tillagad,"Jod, I",Kött färskt fryst tillagat ,0.0,µg
6003,Gris ytterfilé tillagad,Fullkorn totalt,Kött färskt fryst tillagat ,0.0,g
6003,Gris ytterfilé tillagad,"Folat, totalt",Kött färskt fryst tillagat ,2.0,µg
6003,Gris ytterfilé tillagad,Fibrer,Kött färskt fryst tillagat ,0.0,g
6003,Gris ytterfilé tillagad,"Fett, totalt",Kött färskt fryst tillagat ,5.8,g
6003,Gris ytterfilé tillagad,"Järn, Fe",Kött färskt fryst tillagat ,0.5,mg
6003,Gris ytterfilé tillagad,Energi (kJ),Kött färskt fryst tillagat ,504.0,kJ
6003,Gris ytterfilé tillagad,Energi (kcal),Kött färskt fryst tillagat ,120.0,kcal
6003,Gris ytterfilé tillagad,Disackarider,Kött färskt fryst tillagat ,0.0,g
6003,Gris ytterfilé tillagad,"Kalcium, Ca",Kött färskt fryst tillagat ,4.0,mg
6003,Gris ytterfilé tillagad,Fettsyra 4:0-10:0,Kött färskt fryst tillagat ,0.0,g
6003,Gris ytterfilé tillagad,DHA (C22:6),Kött färskt fryst tillagat ,0.0,g
6003,Gris ytterfilé tillagad,DPA (C22:5),Kött färskt fryst tillagat ,0.0,g
6003,Gris ytterfilé tillagad,EPA (C20:5),Kött färskt fryst tillagat ,0.0,g
6003,Gris ytterfilé tillagad,Arakidonsyra C20:4,Kött färskt fryst tillagat ,0.0,g
6003,Gris ytterfilé tillagad,Arakidinsyra C20:0,Kött färskt fryst tillagat ,0.0,g
6003,Gris ytterfilé tillagad,Linolensyra C18:3,Kött färskt fryst tillagat ,0.0,g
6003,Gris ytterfilé tillagad,Linolsyra C18:2,Kött färskt fryst tillagat ,0.4,g
6003,Gris ytterfilé tillagad,Oljesyra C18:1,Kött färskt fryst tillagat ,2.6,g
6003,Gris ytterfilé tillagad,Stearinsyra C18:0,Kött färskt fryst tillagat ,0.8,g
6003,Gris ytterfilé tillagad,Palmitoljesyra C16:1,Kött färskt fryst tillagat ,0.2,g
6003,Gris ytterfilé tillagad,Palmitinsyra C16:0,Kött färskt fryst tillagat ,1.4,g
6003,Gris ytterfilé tillagad,Myristinsyra C14:0,Kött färskt fryst tillagat ,0.1,g
6003,Gris ytterfilé tillagad,Laurinsyra C12:0,Kött färskt fryst tillagat ,0.0,g
6003,Gris ytterfilé tillagad,Betakaroten/β-Karoten,Kött färskt fryst tillagat ,0.0,µg
6003,Gris ytterfilé tillagad,Avfall (skal etc.),Kött färskt fryst tillagat ,0.0,%
6003,Gris ytterfilé tillagad,Aska,Kött färskt fryst tillagat ,2.0,g
6003,Gris ytterfilé tillagad,Alkohol,Kött färskt fryst tillagat ,0.0,g
6004,Gris fläskkotlett tillagad,"Zink, Zn",Kött färskt fryst tillagat ,1.9,mg
6004,Gris fläskkotlett tillagad,Vitamin E,Kött färskt fryst tillagat ,0.6,mg
6004,Gris fläskkotlett tillagad,Vitamin D,Kött färskt fryst tillagat ,0.0,µg
6004,Gris fläskkotlett tillagad,Vitamin C,Kött färskt fryst tillagat ,0.0,mg
6004,Gris fläskkotlett tillagad,Vitamin B6,Kött färskt fryst tillagat ,0.54,mg
6004,Gris fläskkotlett tillagad,Vitamin B12,Kött färskt fryst tillagat ,0.39,µg
6004,Gris fläskkotlett tillagad,Vitamin A,Kött färskt fryst tillagat ,0.0,RE/µg
6004,Gris fläskkotlett tillagad,Vatten,Kött färskt fryst tillagat ,73.2,g
6004,Gris fläskkotlett tillagad,Tiamin,Kött färskt fryst tillagat ,1.38,mg
6004,Gris fläskkotlett tillagad,Tillsatt socker,Kött färskt fryst tillagat ,0.0,g
6004,Gris fläskkotlett tillagad,Fritt socker,Kött färskt fryst tillagat ,0.0,g
6004,Gris fläskkotlett tillagad,"Selen, Se",Kött färskt fryst tillagat ,17.0,µg
6004,Gris fläskkotlett tillagad,Sackaros,Kött färskt fryst tillagat ,0.0,g
6004,Gris fläskkotlett tillagad,Riboflavin,Kött färskt fryst tillagat ,0.17,mg
6004,Gris fläskkotlett tillagad,Retinol,Kött färskt fryst tillagat ,0.0,µg
6004,Gris fläskkotlett tillagad,Protein,Kött färskt fryst tillagat ,19.6,g
6004,Gris fläskkotlett tillagad,Summa fleromättade fettsyror,Kött färskt fryst tillagat ,0.5,g
6004,Gris fläskkotlett tillagad,"Fosfor, P",Kött färskt fryst tillagat ,300.0,mg
6004,Gris fläskkotlett tillagad,Niacinekvivalenter,Kött färskt fryst tillagat ,14.1,NE/mg
6004,Gris fläskkotlett tillagad,Niacin,Kött färskt fryst tillagat ,10.5,mg
6004,Gris fläskkotlett tillagad,"Salt, NaCl",Kött färskt fryst tillagat ,0.2,g
6004,Gris fläskkotlett tillagad,"Natrium, Na",Kött färskt fryst tillagat ,61.0,mg
6004,Gris fläskkotlett tillagad,Monosackarider,Kött färskt fryst tillagat ,0.0,g
6004,Gris fläskkotlett tillagad,"Sockerarter, totalt",Kött färskt fryst tillagat ,0.0,g
6004,Gris fläskkotlett tillagad,Summa enkelomättade fettsyror,Kött färskt fryst tillagat ,3.0,g
6004,Gris fläskkotlett tillagad,"Magnesium, Mg",Kött färskt fryst tillagat ,32.0,mg
6004,Gris fläskkotlett tillagad,Summa mättade fettsyror,Kött färskt fryst tillagat ,2.3,g
6004,Gris fläskkotlett tillagad,"Kolhydrater, tillgängliga",Kött färskt fryst tillagat ,0.0,g
6004,Gris fläskkotlett tillagad,Kolesterol,Kött färskt fryst tillagat ,76.4,mg
6004,Gris fläskkotlett tillagad,"Kalium, K",Kött färskt fryst tillagat ,373.0,mg
6004,Gris fläskkotlett tillagad,"Jod, I",Kött färskt fryst tillagat ,0.0,µg
6004,Gris fläskkotlett tillagad,Fullkorn totalt,Kött färskt fryst tillagat ,0.0,g
6004,Gris fläskkotlett tillagad,"Folat, totalt",Kött färskt fryst tillagat ,0.0,µg
6004,Gris fläskkotlett tillagad,Fibrer,Kött färskt fryst tillagat ,0.0,g
6004,Gris fläskkotlett tillagad,"Fett, totalt",Kött färskt fryst tillagat ,6.0,g
6004,Gris fläskkotlett tillagad,"Järn, Fe",Kött färskt fryst tillagat ,0.6,mg
6004,Gris fläskkotlett tillagad,Energi (kJ),Kött färskt fryst tillagat ,555.0,kJ
6004,Gris fläskkotlett tillagad,Energi (kcal),Kött färskt fryst tillagat ,133.0,kcal
6004,Gris fläskkotlett tillagad,Disackarider,Kött färskt fryst tillagat ,0.0,g
6004,Gris fläskkotlett tillagad,"Kalcium, Ca",Kött färskt fryst tillagat ,5.0,mg
6004,Gris fläskkotlett tillagad,Fettsyra 4:0-10:0,Kött färskt fryst tillagat ,0.0,g
6004,Gris fläskkotlett tillagad,DHA (C22:6),Kött färskt fryst tillagat ,0.0,g
6004,Gris fläskkotlett tillagad,DPA (C22:5),Kött färskt fryst tillagat ,0.0,g
6004,Gris fläskkotlett tillagad,EPA (C20:5),Kött färskt fryst tillagat ,0.0,g
6004,Gris fläskkotlett tillagad,Arakidonsyra C20:4,Kött färskt fryst tillagat ,0.0,g
6004,Gris fläskkotlett tillagad,Arakidinsyra C20:0,Kött färskt fryst tillagat ,0.0,g
6004,Gris fläskkotlett tillagad,Linolensyra C18:3,Kött färskt fryst tillagat ,0.0,g
6004,Gris fläskkotlett tillagad,Linolsyra C18:2,Kött färskt fryst tillagat ,0.4,g
6004,Gris fläskkotlett tillagad,Oljesyra C18:1,Kött färskt fryst tillagat ,2.7,g
6004,Gris fläskkotlett tillagad,Stearinsyra C18:0,Kött färskt fryst tillagat ,0.7,g
6004,Gris fläskkotlett tillagad,Palmitoljesyra C16:1,Kött färskt fryst tillagat ,0.2,g
6004,Gris fläskkotlett tillagad,Palmitinsyra C16:0,Kött färskt fryst tillagat ,1.4,g
6004,Gris fläskkotlett tillagad,Myristinsyra C14:0,Kött färskt fryst tillagat ,0.1,g
6004,Gris fläskkotlett tillagad,Laurinsyra C12:0,Kött färskt fryst tillagat ,0.0,g
6004,Gris fläskkotlett tillagad,Betakaroten/β-Karoten,Kött färskt fryst tillagat ,0.0,µg
6004,Gris fläskkotlett tillagad,Avfall (skal etc.),Kött färskt fryst tillagat ,25.0,%
6004,Gris fläskkotlett tillagad,Aska,Kött färskt fryst tillagat ,1.2,g
6004,Gris fläskkotlett tillagad,Alkohol,Kött färskt fryst tillagat ,0.0,g
6005,Gris fläskfilé tillagad,"Zink, Zn",Kött färskt fryst tillagat ,2.0,mg
6005,Gris fläskfilé tillagad,Vitamin E,Kött färskt fryst tillagat ,0.8,mg
6005,Gris fläskfilé tillagad,Vitamin D,Kött färskt fryst tillagat ,0.0,µg
6005,Gris fläskfilé tillagad,Vitamin C,Kött färskt fryst tillagat ,0.0,mg
6005,Gris fläskfilé tillagad,Vitamin B6,Kött färskt fryst tillagat ,0.5,mg
6005,Gris fläskfilé tillagad,Vitamin B12,Kött färskt fryst tillagat ,0.61,µg
6005,Gris fläskfilé tillagad,Vitamin A,Kött färskt fryst tillagat ,0.0,RE/µg
6005,Gris fläskfilé tillagad,Vatten,Kött färskt fryst tillagat ,74.7,g
6005,Gris fläskfilé tillagad,Tiamin,Kött färskt fryst tillagat ,1.56,mg
6005,Gris fläskfilé tillagad,Tillsatt socker,Kött färskt fryst tillagat ,0.0,g
6005,Gris fläskfilé tillagad,Fritt socker,Kött färskt fryst tillagat ,0.0,g
6005,Gris fläskfilé tillagad,"Selen, Se",Kött färskt fryst tillagat ,14.0,µg
6005,Gris fläskfilé tillagad,Sackaros,Kött färskt fryst tillagat ,0.0,g
6005,Gris fläskfilé tillagad,Riboflavin,Kött färskt fryst tillagat ,0.27,mg
6005,Gris fläskfilé tillagad,Retinol,Kött färskt fryst tillagat ,0.0,µg
6005,Gris fläskfilé tillagad,Protein,Kött färskt fryst tillagat ,20.0,g
6005,Gris fläskfilé tillagad,Summa fleromättade fettsyror,Kött färskt fryst tillagat ,0.5,g
6005,Gris fläskfilé tillagad,"Fosfor, P",Kött färskt fryst tillagat ,301.0,mg
6005,Gris fläskfilé tillagad,Niacinekvivalenter,Kött färskt fryst tillagat ,12.3,NE/mg
6005,Gris fläskfilé tillagad,Niacin,Kött färskt fryst tillagat ,8.65,mg
6005,Gris fläskfilé tillagad,"Salt, NaCl",Kött färskt fryst tillagat ,0.1,g
6005,Gris fläskfilé tillagad,"Natrium, Na",Kött färskt fryst tillagat ,57.0,mg
6005,Gris fläskfilé tillagad,Monosackarider,Kött färskt fryst tillagat ,0.0,g
6005,Gris fläskfilé tillagad,"Sockerarter, totalt",Kött färskt fryst tillagat ,0.0,g
6005,Gris fläskfilé tillagad,Summa enkelomättade fettsyror,Kött färskt fryst tillagat ,1.7,g
6005,Gris fläskfilé tillagad,"Magnesium, Mg",Kött färskt fryst tillagat ,33.0,mg
6005,Gris fläskfilé tillagad,Summa mättade fettsyror,Kött färskt fryst tillagat ,1.6,g
6005,Gris fläskfilé tillagad,"Kolhydrater, tillgängliga",Kött färskt fryst tillagat ,0.0,g
6005,Gris fläskfilé tillagad,Kolesterol,Kött färskt fryst tillagat ,70.2,mg
6005,Gris fläskfilé tillagad,"Kalium, K",Kött färskt fryst tillagat ,405.0,mg
6005,Gris fläskfilé tillagad,"Jod, I",Kött färskt fryst tillagat ,0.0,µg
6005,Gris fläskfilé tillagad,Fullkorn totalt,Kött färskt fryst tillagat ,0.0,g
6005,Gris fläskfilé tillagad,"Folat, totalt",Kött färskt fryst tillagat ,0.0,µg
6005,Gris fläskfilé tillagad,Fibrer,Kött färskt fryst tillagat ,0.0,g
6005,Gris fläskfilé tillagad,"Fett, totalt",Kött färskt fryst tillagat ,4.1,g
6005,Gris fläskfilé tillagad,"Järn, Fe",Kött färskt fryst tillagat ,1.0,mg
6005,Gris fläskfilé tillagad,Energi (kJ),Kött färskt fryst tillagat ,492.0,kJ
6005,Gris fläskfilé tillagad,Energi (kcal),Kött färskt fryst tillagat ,118.0,kcal
6005,Gris fläskfilé tillagad,Disackarider,Kött färskt fryst tillagat ,0.0,g
6005,Gris fläskfilé tillagad,"Kalcium, Ca",Kött färskt fryst tillagat ,4.0,mg
6005,Gris fläskfilé tillagad,Fettsyra 4:0-10:0,Kött färskt fryst tillagat ,0.0,g
6005,Gris fläskfilé tillagad,DHA (C22:6),Kött färskt fryst tillagat ,0.0,g
6005,Gris fläskfilé tillagad,DPA (C22:5),Kött färskt fryst tillagat ,0.0,g
6005,Gris fläskfilé tillagad,EPA (C20:5),Kött färskt fryst tillagat ,0.0,g
6005,Gris fläskfilé tillagad,Arakidonsyra C20:4,Kött färskt fryst tillagat ,0.1,g
6005,Gris fläskfilé tillagad,Arakidinsyra C20:0,Kött färskt fryst tillagat ,0.0,g
6005,Gris fläskfilé tillagad,Linolensyra C18:3,Kött färskt fryst tillagat ,0.0,g
6005,Gris fläskfilé tillagad,Linolsyra C18:2,Kött färskt fryst tillagat ,0.4,g
6005,Gris fläskfilé tillagad,Oljesyra C18:1,Kött färskt fryst tillagat ,1.6,g
6005,Gris fläskfilé tillagad,Stearinsyra C18:0,Kött färskt fryst tillagat ,0.5,g
6005,Gris fläskfilé tillagad,Palmitoljesyra C16:1,Kött färskt fryst tillagat ,0.1,g
6005,Gris fläskfilé tillagad,Palmitinsyra C16:0,Kött färskt fryst tillagat ,0.9,g
6005,Gris fläskfilé tillagad,Myristinsyra C14:0,Kött färskt fryst tillagat ,0.0,g
6005,Gris fläskfilé tillagad,Laurinsyra C12:0,Kött färskt fryst tillagat ,0.0,g
6005,Gris fläskfilé tillagad,Betakaroten/β-Karoten,Kött färskt fryst tillagat ,0.0,µg
6005,Gris fläskfilé tillagad,Avfall (skal etc.),Kött färskt fryst tillagat ,0.0,%
6005,Gris fläskfilé tillagad,Aska,Kött färskt fryst tillagat ,1.2,g
6005,Gris fläskfilé tillagad,Alkohol,Kött färskt fryst tillagat ,0.0,g
6006,Nöt kalv lever tillagad,"Zink, Zn",Inälvor och organ,4.5,mg
6006,Nöt kalv lever tillagad,Vitamin E,Inälvor och organ,0.7,mg
6006,Nöt kalv lever tillagad,Vitamin D,Inälvor och organ,0.0,µg
6006,Nöt kalv lever tillagad,Vitamin C,Inälvor och organ,32.0,mg
6006,Nöt kalv lever tillagad,Vitamin B6,Inälvor och organ,0.68,mg
6006,Nöt kalv lever tillagad,Vitamin B12,Inälvor och organ,110.0,µg
6006,Nöt kalv lever tillagad,Vitamin A,Inälvor och organ,16101.7,RE/µg
6006,Nöt kalv lever tillagad,Vatten,Inälvor och organ,65.5,g
6006,Nöt kalv lever tillagad,Tiamin,Inälvor och organ,0.22,mg
6006,Nöt kalv lever tillagad,Tillsatt socker,Inälvor och organ,0.0,g
6006,Nöt kalv lever tillagad,Fritt socker,Inälvor och organ,0.0,g
6006,Nöt kalv lever tillagad,"Selen, Se",Inälvor och organ,54.0,µg
6006,Nöt kalv lever tillagad,Sackaros,Inälvor och organ,0.0,g
6006,Nöt kalv lever tillagad,Riboflavin,Inälvor och organ,3.26,mg
6006,Nöt kalv lever tillagad,Retinol,Inälvor och organ,16070.0,µg
6006,Nöt kalv lever tillagad,Protein,Inälvor och organ,20.0,g
6006,Nöt kalv lever tillagad,Summa fleromättade fettsyror,Inälvor och organ,1.0,g
6006,Nöt kalv lever tillagad,"Fosfor, P",Inälvor och organ,487.0,mg
6006,Nöt kalv lever tillagad,Niacinekvivalenter,Inälvor och organ,18.5,NE/mg
6006,Nöt kalv lever tillagad,Niacin,Inälvor och organ,14.8,mg
6006,Nöt kalv lever tillagad,"Salt, NaCl",Inälvor och organ,0.2,g
6006,Nöt kalv lever tillagad,"Natrium, Na",Inälvor och organ,93.0,mg
6006,Nöt kalv lever tillagad,Monosackarider,Inälvor och organ,0.0,g
6006,Nöt kalv lever tillagad,"Sockerarter, totalt",Inälvor och organ,0.0,g
6006,Nöt kalv lever tillagad,Summa enkelomättade fettsyror,Inälvor och organ,0.4,g
6006,Nöt kalv lever tillagad,"Magnesium, Mg",Inälvor och organ,24.0,mg
6006,Nöt kalv lever tillagad,Summa mättade fettsyror,Inälvor och organ,1.2,g
6006,Nöt kalv lever tillagad,"Kolhydrater, tillgängliga",Inälvor och organ,9.3,g
6006,Nöt kalv lever tillagad,Kolesterol,Inälvor och organ,27.2,mg
6006,Nöt kalv lever tillagad,"Kalium, K",Inälvor och organ,354.0,mg
6006,Nöt kalv lever tillagad,"Jod, I",Inälvor och organ,0.0,µg
6006,Nöt kalv lever tillagad,Fullkorn totalt,Inälvor och organ,0.0,g
6006,Nöt kalv lever tillagad,"Folat, totalt",Inälvor och organ,1071.0,µg
6006,Nöt kalv lever tillagad,Fibrer,Inälvor och organ,0.0,g
6006,Nöt kalv lever tillagad,"Fett, totalt",Inälvor och organ,3.5,g
6006,Nöt kalv lever tillagad,"Järn, Fe",Inälvor och organ,5.1,mg
6006,Nöt kalv lever tillagad,Energi (kJ),Inälvor och organ,628.0,kJ
6006,Nöt kalv lever tillagad,Energi (kcal),Inälvor och organ,150.0,kcal
6006,Nöt kalv lever tillagad,Disackarider,Inälvor och organ,0.0,g
6006,Nöt kalv lever tillagad,"Kalcium, Ca",Inälvor och organ,5.0,mg
6006,Nöt kalv lever tillagad,Fettsyra 4:0-10:0,Inälvor och organ,0.0,g
6006,Nöt kalv lever tillagad,DHA (C22:6),Inälvor och organ,0.0,g
6006,Nöt kalv lever tillagad,DPA (C22:5),Inälvor och organ,0.0,g
6006,Nöt kalv lever tillagad,EPA (C20:5),Inälvor och organ,0.0,g
6006,Nöt kalv lever tillagad,Arakidonsyra C20:4,Inälvor och organ,0.3,g
6006,Nöt kalv lever tillagad,Arakidinsyra C20:0,Inälvor och organ,0.0,g
6006,Nöt kalv lever tillagad,Linolensyra C18:3,Inälvor och organ,0.1,g
6006,Nöt kalv lever tillagad,Linolsyra C18:2,Inälvor och organ,0.4,g
6006,Nöt kalv lever tillagad,Oljesyra C18:1,Inälvor och organ,0.4,g
6006,Nöt kalv lever tillagad,Stearinsyra C18:0,Inälvor och organ,0.9,g
6006,Nöt kalv lever tillagad,Palmitoljesyra C16:1,Inälvor och organ,0.0,g
6006,Nöt kalv lever tillagad,Palmitinsyra C16:0,Inälvor och organ,0.3,g
6006,Nöt kalv lever tillagad,Myristinsyra C14:0,Inälvor och organ,0.0,g
6006,Nöt kalv lever tillagad,Laurinsyra C12:0,Inälvor och organ,0.0,g
6006,Nöt kalv lever tillagad,Betakaroten/β-Karoten,Inälvor och organ,379.0,µg
6006,Nöt kalv lever tillagad,Avfall (skal etc.),Inälvor och organ,8.0,%
6006,Nöt kalv lever tillagad,Aska,Inälvor och organ,1.7,g
6006,Nöt kalv lever tillagad,Alkohol,Inälvor och organ,0.0,g
6007,Kyckling lever ugnsstekt,"Zink, Zn",Inälvor och organ,2.7,mg
6007,Kyckling lever ugnsstekt,Vitamin E,Inälvor och organ,3.2,mg
6007,Kyckling lever ugnsstekt,Vitamin D,Inälvor och organ,1.62,µg
6007,Kyckling lever ugnsstekt,Vitamin C,Inälvor och organ,32.0,mg
6007,Kyckling lever ugnsstekt,Vitamin B6,Inälvor och organ,0.57,mg
6007,Kyckling lever ugnsstekt,Vitamin B12,Inälvor och organ,12.4,µg
6007,Kyckling lever ugnsstekt,Vitamin A,Inälvor och organ,13360.0,RE/µg
6007,Kyckling lever ugnsstekt,Vatten,Inälvor och organ,73.7,g
6007,Kyckling lever ugnsstekt,Tiamin,Inälvor och organ,0.46,mg
6007,Kyckling lever ugnsstekt,Tillsatt socker,Inälvor och organ,0.0,g
6007,Kyckling lever ugnsstekt,Fritt socker,Inälvor och organ,0.0,g
6007,Kyckling lever ugnsstekt,"Selen, Se",Inälvor och organ,60.0,µg
6007,Kyckling lever ugnsstekt,Sackaros,Inälvor och organ,0.0,g
6007,Kyckling lever ugnsstekt,Riboflavin,Inälvor och organ,2.06,mg
6007,Kyckling lever ugnsstekt,Retinol,Inälvor och organ,13360.0,µg
6007,Kyckling lever ugnsstekt,Protein,Inälvor och organ,16.0,g
6007,Kyckling lever ugnsstekt,Summa fleromättade fettsyror,Inälvor och organ,1.1,g
6007,Kyckling lever ugnsstekt,"Fosfor, P",Inälvor och organ,363.0,mg
6007,Kyckling lever ugnsstekt,Niacinekvivalenter,Inälvor och organ,14.0,NE/mg
6007,Kyckling lever ugnsstekt,Niacin,Inälvor och organ,11.1,mg
6007,Kyckling lever ugnsstekt,"Salt, NaCl",Inälvor och organ,0.3,g
6007,Kyckling lever ugnsstekt,"Natrium, Na",Inälvor och organ,110.0,mg
6007,Kyckling lever ugnsstekt,Monosackarider,Inälvor och organ,0.0,g
6007,Kyckling lever ugnsstekt,"Sockerarter, totalt",Inälvor och organ,0.0,g
6007,Kyckling lever ugnsstekt,Summa enkelomättade fettsyror,Inälvor och organ,1.0,g
6007,Kyckling lever ugnsstekt,"Magnesium, Mg",Inälvor och organ,23.0,mg
6007,Kyckling lever ugnsstekt,Summa mättade fettsyror,Inälvor och organ,1.3,g
6007,Kyckling lever ugnsstekt,"Kolhydrater, tillgängliga",Inälvor och organ,4.5,g
6007,Kyckling lever ugnsstekt,Kolesterol,Inälvor och organ,366.0,mg
6007,Kyckling lever ugnsstekt,"Kalium, K",Inälvor och organ,234.0,mg
6007,Kyckling lever ugnsstekt,"Jod, I",Inälvor och organ,0.0,µg
6007,Kyckling lever ugnsstekt,Fullkorn totalt,Inälvor och organ,0.0,g
6007,Kyckling lever ugnsstekt,"Folat, totalt",Inälvor och organ,1146.0,µg
6007,Kyckling lever ugnsstekt,Fibrer,Inälvor och organ,0.0,g
6007,Kyckling lever ugnsstekt,"Fett, totalt",Inälvor och organ,4.6,g
6007,Kyckling lever ugnsstekt,"Järn, Fe",Inälvor och organ,12.0,mg
6007,Kyckling lever ugnsstekt,Energi (kJ),Inälvor och organ,519.0,kJ
6007,Kyckling lever ugnsstekt,Energi (kcal),Inälvor och organ,124.0,kcal
6007,Kyckling lever ugnsstekt,Disackarider,Inälvor och organ,0.0,g
6007,Kyckling lever ugnsstekt,"Kalcium, Ca",Inälvor och organ,6.0,mg
6007,Kyckling lever ugnsstekt,Fettsyra 4:0-10:0,Inälvor och organ,0.0,g
6007,Kyckling lever ugnsstekt,DHA (C22:6),Inälvor och organ,0.0,g
6007,Kyckling lever ugnsstekt,DPA (C22:5),Inälvor och organ,0.0,g
6007,Kyckling lever ugnsstekt,EPA (C20:5),Inälvor och organ,0.0,g
6007,Kyckling lever ugnsstekt,Arakidonsyra C20:4,Inälvor och organ,0.2,g
6007,Kyckling lever ugnsstekt,Arakidinsyra C20:0,Inälvor och organ,0.0,g
6007,Kyckling lever ugnsstekt,Linolensyra C18:3,Inälvor och organ,0.0,g
6007,Kyckling lever ugnsstekt,Linolsyra C18:2,Inälvor och organ,0.7,g
6007,Kyckling lever ugnsstekt,Oljesyra C18:1,Inälvor och organ,0.9,g
6007,Kyckling lever ugnsstekt,Stearinsyra C18:0,Inälvor och organ,0.6,g
6007,Kyckling lever ugnsstekt,Palmitoljesyra C16:1,Inälvor och organ,0.1,g
6007,Kyckling lever ugnsstekt,Palmitinsyra C16:0,Inälvor och organ,0.7,g
6007,Kyckling lever ugnsstekt,Myristinsyra C14:0,Inälvor och organ,0.0,g
6007,Kyckling lever ugnsstekt,Laurinsyra C12:0,Inälvor och organ,0.0,g
6007,Kyckling lever ugnsstekt,Betakaroten/β-Karoten,Inälvor och organ,0.0,µg
6007,Kyckling lever ugnsstekt,Avfall (skal etc.),Inälvor och organ,0.0,%
6007,Kyckling lever ugnsstekt,Aska,Inälvor och organ,1.2,g
6007,Kyckling lever ugnsstekt,Alkohol,Inälvor och organ,0.0,g
6008,Gris lever tillagad,"Zink, Zn",Inälvor och organ,8.8,mg
6008,Gris lever tillagad,Vitamin E,Inälvor och organ,1.3,mg
6008,Gris lever tillagad,Vitamin D,Inälvor och organ,0.22,µg
6008,Gris lever tillagad,Vitamin C,Inälvor och organ,32.0,mg
6008,Gris lever tillagad,Vitamin B6,Inälvor och organ,0.54,mg
6008,Gris lever tillagad,Vitamin B12,Inälvor och organ,27.9,µg
6008,Gris lever tillagad,Vitamin A,Inälvor och organ,15910.0,RE/µg
6008,Gris lever tillagad,Vatten,Inälvor och organ,65.9,g
6008,Gris lever tillagad,Tiamin,Inälvor och organ,0.39,mg
6008,Gris lever tillagad,Tillsatt socker,Inälvor och organ,0.0,g
6008,Gris lever tillagad,Fritt socker,Inälvor och organ,0.0,g
6008,Gris lever tillagad,"Selen, Se",Inälvor och organ,75.0,µg
6008,Gris lever tillagad,Sackaros,Inälvor och organ,0.0,g
6008,Gris lever tillagad,Riboflavin,Inälvor och organ,4.21,mg
6008,Gris lever tillagad,Retinol,Inälvor och organ,15910.0,µg
6008,Gris lever tillagad,Protein,Inälvor och organ,22.0,g
6008,Gris lever tillagad,Summa fleromättade fettsyror,Inälvor och organ,1.0,g
6008,Gris lever tillagad,"Fosfor, P",Inälvor och organ,448.0,mg
6008,Gris lever tillagad,Niacinekvivalenter,Inälvor och organ,19.2,NE/mg
6008,Gris lever tillagad,Niacin,Inälvor och organ,15.2,mg
6008,Gris lever tillagad,"Salt, NaCl",Inälvor och organ,0.3,g
6008,Gris lever tillagad,"Natrium, Na",Inälvor och organ,136.0,mg
6008,Gris lever tillagad,Monosackarider,Inälvor och organ,0.0,g
6008,Gris lever tillagad,"Sockerarter, totalt",Inälvor och organ,0.0,g
6008,Gris lever tillagad,Summa enkelomättade fettsyror,Inälvor och organ,0.4,g
6008,Gris lever tillagad,"Magnesium, Mg",Inälvor och organ,23.0,mg
6008,Gris lever tillagad,Summa mättade fettsyror,Inälvor och organ,1.1,g
6008,Gris lever tillagad,"Kolhydrater, tillgängliga",Inälvor och organ,6.0,g
6008,Gris lever tillagad,Kolesterol,Inälvor och organ,314.0,mg
6008,Gris lever tillagad,"Kalium, K",Inälvor och organ,276.0,mg
6008,Gris lever tillagad,"Jod, I",Inälvor och organ,0.0,µg
6008,Gris lever tillagad,Fullkorn totalt,Inälvor och organ,0.0,g
6008,Gris lever tillagad,"Folat, totalt",Inälvor och organ,541.0,µg
6008,Gris lever tillagad,Fibrer,Inälvor och organ,0.0,g
6008,Gris lever tillagad,"Fett, totalt",Inälvor och organ,3.2,g
6008,Gris lever tillagad,"Järn, Fe",Inälvor och organ,23.0,mg
6008,Gris lever tillagad,Energi (kJ),Inälvor och organ,594.0,kJ
6008,Gris lever tillagad,Energi (kcal),Inälvor och organ,142.0,kcal
6008,Gris lever tillagad,Disackarider,Inälvor och organ,0.0,g
6008,Gris lever tillagad,"Kalcium, Ca",Inälvor och organ,6.0,mg
6008,Gris lever tillagad,Fettsyra 4:0-10:0,Inälvor och organ,0.0,g
6008,Gris lever tillagad,DHA (C22:6),Inälvor och organ,0.0,g
6008,Gris lever tillagad,DPA (C22:5),Inälvor och organ,0.0,g
6008,Gris lever tillagad,EPA (C20:5),Inälvor och organ,0.0,g
6008,Gris lever tillagad,Arakidonsyra C20:4,Inälvor och organ,0.5,g
6008,Gris lever tillagad,Arakidinsyra C20:0,Inälvor och organ,0.0,g
6008,Gris lever tillagad,Linolensyra C18:3,Inälvor och organ,0.0,g
6008,Gris lever tillagad,Linolsyra C18:2,Inälvor och organ,0.4,g
6008,Gris lever tillagad,Oljesyra C18:1,Inälvor och organ,0.3,g
6008,Gris lever tillagad,Stearinsyra C18:0,Inälvor och organ,0.7,g
6008,Gris lever tillagad,Palmitoljesyra C16:1,Inälvor och organ,0.0,g
6008,Gris lever tillagad,Palmitinsyra C16:0,Inälvor och organ,0.4,g
6008,Gris lever tillagad,Myristinsyra C14:0,Inälvor och organ,0.0,g
6008,Gris lever tillagad,Laurinsyra C12:0,Inälvor och organ,0.0,g
6008,Gris lever tillagad,Betakaroten/β-Karoten,Inälvor och organ,0.0,µg
6008,Gris lever tillagad,Avfall (skal etc.),Inälvor och organ,8.0,%
6008,Gris lever tillagad,Aska,Inälvor och organ,2.9,g
6008,Gris lever tillagad,Alkohol,Inälvor och organ,0.0,g
6009,Kalkon rökt tunna skivor,"Zink, Zn",Fågelprodukter fågelrätter,1.1,mg
6009,Kalkon rökt tunna skivor,Vitamin E,Fågelprodukter fågelrätter,0.1,mg
6009,Kalkon rökt tunna skivor,Vitamin D,Fågelprodukter fågelrätter,0.17,µg
6009,Kalkon rökt tunna skivor,Vitamin C,Fågelprodukter fågelrätter,0.0,mg
6009,Kalkon rökt tunna skivor,Vitamin B6,Fågelprodukter fågelrätter,0.28,mg
6009,Kalkon rökt tunna skivor,Vitamin B12,Fågelprodukter fågelrätter,0.8,µg
6009,Kalkon rökt tunna skivor,Vitamin A,Fågelprodukter fågelrätter,0.0,RE/µg
6009,Kalkon rökt tunna skivor,Vatten,Fågelprodukter fågelrätter,74.8,g
6009,Kalkon rökt tunna skivor,Tiamin,Fågelprodukter fågelrätter,0.06,mg
6009,Kalkon rökt tunna skivor,Tillsatt socker,Fågelprodukter fågelrätter,0.0,g
6009,Kalkon rökt tunna skivor,Fritt socker,Fågelprodukter fågelrätter,0.0,g
6009,Kalkon rökt tunna skivor,"Selen, Se",Fågelprodukter fågelrätter,9.7,µg
6009,Kalkon rökt tunna skivor,Sackaros,Fågelprodukter fågelrätter,0.0,g
6009,Kalkon rökt tunna skivor,Riboflavin,Fågelprodukter fågelrätter,0.08,mg
6009,Kalkon rökt tunna skivor,Retinol,Fågelprodukter fågelrätter,0.0,µg
6009,Kalkon rökt tunna skivor,Protein,Fågelprodukter fågelrätter,18.3,g
6009,Kalkon rökt tunna skivor,Summa fleromättade fettsyror,Fågelprodukter fågelrätter,0.6,g
6009,Kalkon rökt tunna skivor,"Fosfor, P",Fågelprodukter fågelrätter,474.0,mg
6009,Kalkon rökt tunna skivor,Niacinekvivalenter,Fågelprodukter fågelrätter,10.2,NE/mg
6009,Kalkon rökt tunna skivor,Niacin,Fågelprodukter fågelrätter,6.84,mg
6009,Kalkon rökt tunna skivor,"Salt, NaCl",Fågelprodukter fågelrätter,3.2,g
6009,Kalkon rökt tunna skivor,"Natrium, Na",Fågelprodukter fågelrätter,1260.0,mg
6009,Kalkon rökt tunna skivor,Monosackarider,Fågelprodukter fågelrätter,0.0,g
6009,Kalkon rökt tunna skivor,"Sockerarter, totalt",Fågelprodukter fågelrätter,0.0,g
6009,Kalkon rökt tunna skivor,Summa enkelomättade fettsyror,Fågelprodukter fågelrätter,0.7,g
6009,Kalkon rökt tunna skivor,"Magnesium, Mg",Fågelprodukter fågelrätter,22.0,mg
6009,Kalkon rökt tunna skivor,Summa mättade fettsyror,Fågelprodukter fågelrätter,0.6,g
6009,Kalkon rökt tunna skivor,"Kolhydrater, tillgängliga",Fågelprodukter fågelrätter,1.1,g
6009,Kalkon rökt tunna skivor,Kolesterol,Fågelprodukter fågelrätter,43.2,mg
6009,Kalkon rökt tunna skivor,"Kalium, K",Fågelprodukter fågelrätter,270.0,mg
6009,Kalkon rökt tunna skivor,"Jod, I",Fågelprodukter fågelrätter,0.0,µg
6009,Kalkon rökt tunna skivor,Fullkorn totalt,Fågelprodukter fågelrätter,0.0,g
6009,Kalkon rökt tunna skivor,"Folat, totalt",Fågelprodukter fågelrätter,11.1,µg
6009,Kalkon rökt tunna skivor,Fibrer,Fågelprodukter fågelrätter,0.0,g
6009,Kalkon rökt tunna skivor,"Fett, totalt",Fågelprodukter fågelrätter,2.1,g
6009,Kalkon rökt tunna skivor,"Järn, Fe",Fågelprodukter fågelrätter,0.4,mg
6009,Kalkon rökt tunna skivor,Energi (kJ),Fågelprodukter fågelrätter,408.0,kJ
6009,Kalkon rökt tunna skivor,Energi (kcal),Fågelprodukter fågelrätter,98.0,kcal
6009,Kalkon rökt tunna skivor,Disackarider,Fågelprodukter fågelrätter,0.0,g
6009,Kalkon rökt tunna skivor,"Kalcium, Ca",Fågelprodukter fågelrätter,6.0,mg
6009,Kalkon rökt tunna skivor,Fettsyra 4:0-10:0,Fågelprodukter fågelrätter,0.0,g
6009,Kalkon rökt tunna skivor,DHA (C22:6),Fågelprodukter fågelrätter,0.0,g
6009,Kalkon rökt tunna skivor,DPA (C22:5),Fågelprodukter fågelrätter,0.0,g
6009,Kalkon rökt tunna skivor,EPA (C20:5),Fågelprodukter fågelrätter,0.0,g
6009,Kalkon rökt tunna skivor,Arakidonsyra C20:4,Fågelprodukter fågelrätter,0.1,g
6009,Kalkon rökt tunna skivor,Arakidinsyra C20:0,Fågelprodukter fågelrätter,0.0,g
6009,Kalkon rökt tunna skivor,Linolensyra C18:3,Fågelprodukter fågelrätter,0.1,g
6009,Kalkon rökt tunna skivor,Linolsyra C18:2,Fågelprodukter fågelrätter,0.5,g
6009,Kalkon rökt tunna skivor,Oljesyra C18:1,Fågelprodukter fågelrätter,0.6,g
6009,Kalkon rökt tunna skivor,Stearinsyra C18:0,Fågelprodukter fågelrätter,0.1,g
6009,Kalkon rökt tunna skivor,Palmitoljesyra C16:1,Fågelprodukter fågelrätter,0.1,g
6009,Kalkon rökt tunna skivor,Palmitinsyra C16:0,Fågelprodukter fågelrätter,0.5,g
6009,Kalkon rökt tunna skivor,Myristinsyra C14:0,Fågelprodukter fågelrätter,0.0,g
6009,Kalkon rökt tunna skivor,Laurinsyra C12:0,Fågelprodukter fågelrätter,0.0,g
6009,Kalkon rökt tunna skivor,Betakaroten/β-Karoten,Fågelprodukter fågelrätter,0.0,µg
6009,Kalkon rökt tunna skivor,Avfall (skal etc.),Fågelprodukter fågelrätter,0.0,%
6009,Kalkon rökt tunna skivor,Aska,Fågelprodukter fågelrätter,3.7,g
6009,Kalkon rökt tunna skivor,Alkohol,Fågelprodukter fågelrätter,0.0,g
6010,Korv veg. soja- och veteprotein tillagad typ middagskorv,"Zink, Zn",Vegetabiliskt protein produkter och rätter,1.0,mg
6010,Korv veg. soja- och veteprotein tillagad typ middagskorv,Vitamin E,Vegetabiliskt protein produkter och rätter,1.8,mg
6010,Korv veg. soja- och veteprotein tillagad typ middagskorv,Vitamin D inkl 25-OH-D3,Vegetabiliskt protein produkter och rätter,0.0,µg
6010,Korv veg. soja- och veteprotein tillagad typ middagskorv,Vitamin D,Vegetabiliskt protein produkter och rätter,0.0,µg
6010,Korv veg. soja- och veteprotein tillagad typ middagskorv,Vitamin C,Vegetabiliskt protein produkter och rätter,0.0,mg
6010,Korv veg. soja- och veteprotein tillagad typ middagskorv,Vitamin B6,Vegetabiliskt protein produkter och rätter,0.09,mg
6010,Korv veg. soja- och veteprotein tillagad typ middagskorv,Vitamin B12,Vegetabiliskt protein produkter och rätter,0.16,µg
6010,Korv veg. soja- och veteprotein tillagad typ middagskorv,Vitamin A,Vegetabiliskt protein produkter och rätter,0.0,RE/µg
6010,Korv veg. soja- och veteprotein tillagad typ middagskorv,Vatten,Vegetabiliskt protein produkter och rätter,52.6,g
6010,Korv veg. soja- och veteprotein tillagad typ middagskorv,Tiamin,Vegetabiliskt protein produkter och rätter,0.41,mg
6010,Korv veg. soja- och veteprotein tillagad typ middagskorv,Tillsatt socker,Vegetabiliskt protein produkter och rätter,1.0,g
6010,Korv veg. soja- och veteprotein tillagad typ middagskorv,Fritt socker,Vegetabiliskt protein produkter och rätter,1.0,g
6010,Korv veg. soja- och veteprotein tillagad typ middagskorv,"Selen, Se",Vegetabiliskt protein produkter och rätter,9.3,µg
6010,Korv veg. soja- och veteprotein tillagad typ middagskorv,Sackaros,Vegetabiliskt protein produkter och rätter,0.4,g
6010,Korv veg. soja- och veteprotein tillagad typ middagskorv,Riboflavin,Vegetabiliskt protein produkter och rätter,0.09,mg
6010,Korv veg. soja- och veteprotein tillagad typ middagskorv,Retinol,Vegetabiliskt protein produkter och rätter,0.0,µg
6010,Korv veg. soja- och veteprotein tillagad typ middagskorv,Protein,Vegetabiliskt protein produkter och rätter,14.0,g
6010,Korv veg. soja- och veteprotein tillagad typ middagskorv,Summa fleromättade fettsyror,Vegetabiliskt protein produkter och rätter,2.4,g
6010,Korv veg. soja- och veteprotein tillagad typ middagskorv,"Fosfor, P",Vegetabiliskt protein produkter och rätter,139.0,mg
6010,Korv veg. soja- och veteprotein tillagad typ middagskorv,Niacinekvivalenter,Vegetabiliskt protein produkter och rätter,3.2,NE/mg
6010,Korv veg. soja- och veteprotein tillagad typ middagskorv,Niacin,Vegetabiliskt protein produkter och rätter,0.87,mg
6010,Korv veg. soja- och veteprotein tillagad typ middagskorv,"Salt, NaCl",Vegetabiliskt protein produkter och rätter,2.3,g
6010,Korv veg. soja- och veteprotein tillagad typ middagskorv,"Natrium, Na",Vegetabiliskt protein produkter och rätter,924.0,mg
6010,Korv veg. soja- och veteprotein tillagad typ middagskorv,Monosackarider,Vegetabiliskt protein produkter och rätter,0.2,g
6010,Korv veg. soja- och veteprotein tillagad typ middagskorv,"Sockerarter, totalt",Vegetabiliskt protein produkter och rätter,1.1,g
6010,Korv veg. soja- och veteprotein tillagad typ middagskorv,Summa enkelomättade fettsyror,Vegetabiliskt protein produkter och rätter,4.4,g
6010,Korv veg. soja- och veteprotein tillagad typ middagskorv,"Magnesium, Mg",Vegetabiliskt protein produkter och rätter,46.0,mg
6010,Korv veg. soja- och veteprotein tillagad typ middagskorv,Summa mättade fettsyror,Vegetabiliskt protein produkter och rätter,7.8,g
6010,Korv veg. soja- och veteprotein tillagad typ middagskorv,"Kolhydrater, tillgängliga",Vegetabiliskt protein produkter och rätter,14.1,g
6010,Korv veg. soja- och veteprotein tillagad typ middagskorv,Kolesterol,Vegetabiliskt protein produkter och rätter,0.0,mg
6010,Korv veg. soja- och veteprotein tillagad typ middagskorv,"Kalium, K",Vegetabiliskt protein produkter och rätter,300.0,mg
6010,Korv veg. soja- och veteprotein tillagad typ middagskorv,"Jod, I",Vegetabiliskt protein produkter och rätter,0.0,µg
6010,Korv veg. soja- och veteprotein tillagad typ middagskorv,Fullkorn totalt,Vegetabiliskt protein produkter och rätter,0.0,g
6010,Korv veg. soja- och veteprotein tillagad typ middagskorv,"Folat, totalt",Vegetabiliskt protein produkter och rätter,36.6,µg
6010,Korv veg. soja- och veteprotein tillagad typ middagskorv,Fibrer,Vegetabiliskt protein produkter och rätter,1.0,g
6010,Korv veg. soja- och veteprotein tillagad typ middagskorv,"Fett, totalt",Vegetabiliskt protein produkter och rätter,15.3,g
6010,Korv veg. soja- och veteprotein tillagad typ middagskorv,"Järn, Fe",Vegetabiliskt protein produkter och rätter,18.0,mg
6010,Korv veg. soja- och veteprotein tillagad typ middagskorv,Energi (kJ),Vegetabiliskt protein produkter och rätter,1052.0,kJ
6010,Korv veg. soja- och veteprotein tillagad typ middagskorv,Energi (kcal),Vegetabiliskt protein produkter och rätter,252.0,kcal
6010,Korv veg. soja- och veteprotein tillagad typ middagskorv,Disackarider,Vegetabiliskt protein produkter och rätter,0.9,g
6010,Korv veg. soja- och veteprotein tillagad typ middagskorv,"Kalcium, Ca",Vegetabiliskt protein produkter och rätter,70.0,mg
6010,Korv veg. soja- och veteprotein tillagad typ middagskorv,Fettsyra 4:0-10:0,Vegetabiliskt protein produkter och rätter,0.4,g
6010,Korv veg. soja- och veteprotein tillagad typ middagskorv,DHA (C22:6),Vegetabiliskt protein produkter och rätter,0.0,g
6010,Korv veg. soja- och veteprotein tillagad typ middagskorv,DPA (C22:5),Vegetabiliskt protein produkter och rätter,0.0,g
6010,Korv veg. soja- och veteprotein tillagad typ middagskorv,EPA (C20:5),Vegetabiliskt protein produkter och rätter,0.0,g
6010,Korv veg. soja- och veteprotein tillagad typ middagskorv,Arakidonsyra C20:4,Vegetabiliskt protein produkter och rätter,0.0,g
6010,Korv veg. soja- och veteprotein tillagad typ middagskorv,Arakidinsyra C20:0,Vegetabiliskt protein produkter och rätter,0.0,g
6010,Korv veg. soja- och veteprotein tillagad typ middagskorv,Linolensyra C18:3,Vegetabiliskt protein produkter och rätter,0.3,g
6010,Korv veg. soja- och veteprotein tillagad typ middagskorv,Linolsyra C18:2,Vegetabiliskt protein produkter och rätter,2.1,g
6010,Korv veg. soja- och veteprotein tillagad typ middagskorv,Oljesyra C18:1,Vegetabiliskt protein produkter och rätter,4.4,g
6010,Korv veg. soja- och veteprotein tillagad typ middagskorv,Stearinsyra C18:0,Vegetabiliskt protein produkter och rätter,0.6,g
6010,Korv veg. soja- och veteprotein tillagad typ middagskorv,Palmitoljesyra C16:1,Vegetabiliskt protein produkter och rätter,0.0,g
6010,Korv veg. soja- och veteprotein tillagad typ middagskorv,Palmitinsyra C16:0,Vegetabiliskt protein produkter och rätter,3.7,g
6010,Korv veg. soja- och veteprotein tillagad typ middagskorv,Myristinsyra C14:0,Vegetabiliskt protein produkter och rätter,0.9,g
6010,Korv veg. soja- och veteprotein tillagad typ middagskorv,Laurinsyra C12:0,Vegetabiliskt protein produkter och rätter,2.0,g
6010,Korv veg. soja- och veteprotein tillagad typ middagskorv,Betakaroten/β-Karoten,Vegetabiliskt protein produkter och rätter,0.0,µg
6010,Korv veg. soja- och veteprotein tillagad typ middagskorv,Avfall (skal etc.),Vegetabiliskt protein produkter och rätter,0.0,%
6010,Korv veg. soja- och veteprotein tillagad typ middagskorv,Aska,Vegetabiliskt protein produkter och rätter,3.0,g
6010,Korv veg. soja- och veteprotein tillagad typ middagskorv,Alkohol,Vegetabiliskt protein produkter och rätter,0.0,g
6038,Gratäng m. korv rotfrukt,"Zink, Zn",Korvrätter,0.7,mg
6038,Gratäng m. korv rotfrukt,Vitamin E,Korvrätter,0.7,mg
6038,Gratäng m. korv rotfrukt,Vitamin D,Korvrätter,0.23,µg
6038,Gratäng m. korv rotfrukt,Vitamin C,Korvrätter,5.6,mg
6038,Gratäng m. korv rotfrukt,Vitamin B6,Korvrätter,0.14,mg
6038,Gratäng m. korv rotfrukt,Vitamin B12,Korvrätter,0.31,µg
6038,Gratäng m. korv rotfrukt,Vitamin A,Korvrätter,139.4,RE/µg
6038,Gratäng m. korv rotfrukt,Vatten,Korvrätter,67.6,g
6038,Gratäng m. korv rotfrukt,Tiamin,Korvrätter,0.15,mg
6038,Gratäng m. korv rotfrukt,Tillsatt socker,Korvrätter,0.0,g
6038,Gratäng m. korv rotfrukt,Fritt socker,Korvrätter,0.0,g
6038,Gratäng m. korv rotfrukt,"Selen, Se",Korvrätter,2.9,µg
6038,Gratäng m. korv rotfrukt,Sackaros,Korvrätter,0.7,g
6038,Gratäng m. korv rotfrukt,Riboflavin,Korvrätter,0.09,mg
6038,Gratäng m. korv rotfrukt,Retinol,Korvrätter,62.2,µg
6038,Gratäng m. korv rotfrukt,Protein,Korvrätter,5.5,g
6038,Gratäng m. korv rotfrukt,Summa fleromättade fettsyror,Korvrätter,1.0,g
6038,Gratäng m. korv rotfrukt,"Fosfor, P",Korvrätter,103.0,mg
6038,Gratäng m. korv rotfrukt,Niacinekvivalenter,Korvrätter,3.0,NE/mg
6038,Gratäng m. korv rotfrukt,Niacin,Korvrätter,1.97,mg
6038,Gratäng m. korv rotfrukt,"Salt, NaCl",Korvrätter,1.1,g
6038,Gratäng m. korv rotfrukt,"Natrium, Na",Korvrätter,454.0,mg
6038,Gratäng m. korv rotfrukt,Monosackarider,Korvrätter,0.7,g
6038,Gratäng m. korv rotfrukt,"Sockerarter, totalt",Korvrätter,2.6,g
6038,Gratäng m. korv rotfrukt,Summa enkelomättade fettsyror,Korvrätter,5.3,g
6038,Gratäng m. korv rotfrukt,"Magnesium, Mg",Korvrätter,16.0,mg
6038,Gratäng m. korv rotfrukt,Summa mättade fettsyror,Korvrätter,7.3,g
6038,Gratäng m. korv rotfrukt,"Kolhydrater, tillgängliga",Korvrätter,9.1,g
6038,Gratäng m. korv rotfrukt,Kolesterol,Korvrätter,35.4,mg
6038,Gratäng m. korv rotfrukt,"Kalium, K",Korvrätter,283.0,mg
6038,Gratäng m. korv rotfrukt,"Jod, I",Korvrätter,20.7,µg
6038,Gratäng m. korv rotfrukt,Fullkorn totalt,Korvrätter,0.0,g
6038,Gratäng m. korv rotfrukt,"Folat, totalt",Korvrätter,11.1,µg
6038,Gratäng m. korv rotfrukt,Fibrer,Korvrätter,1.4,g
6038,Gratäng m. korv rotfrukt,"Fett, totalt",Korvrätter,14.6,g
6038,Gratäng m. korv rotfrukt,"Järn, Fe",Korvrätter,0.5,mg
6038,Gratäng m. korv rotfrukt,Energi (kJ),Korvrätter,801.0,kJ
6038,Gratäng m. korv rotfrukt,Energi (kcal),Korvrätter,191.0,kcal
6038,Gratäng m. korv rotfrukt,Disackarider,Korvrätter,2.0,g
6038,Gratäng m. korv rotfrukt,"Kalcium, Ca",Korvrätter,42.0,mg
6038,Gratäng m. korv rotfrukt,Fettsyra 4:0-10:0,Korvrätter,0.5,g
6038,Gratäng m. korv rotfrukt,DHA (C22:6),Korvrätter,0.0,g
6038,Gratäng m. korv rotfrukt,DPA (C22:5),Korvrätter,0.0,g
6038,Gratäng m. korv rotfrukt,EPA (C20:5),Korvrätter,0.0,g
6038,Gratäng m. korv rotfrukt,Arakidonsyra C20:4,Korvrätter,0.0,g
6038,Gratäng m. korv rotfrukt,Arakidinsyra C20:0,Korvrätter,0.0,g
6038,Gratäng m. korv rotfrukt,Linolensyra C18:3,Korvrätter,0.1,g
6038,Gratäng m. korv rotfrukt,Linolsyra C18:2,Korvrätter,0.8,g
6038,Gratäng m. korv rotfrukt,Oljesyra C18:1,Korvrätter,4.8,g
6038,Gratäng m. korv rotfrukt,Stearinsyra C18:0,Korvrätter,1.7,g
6038,Gratäng m. korv rotfrukt,Palmitoljesyra C16:1,Korvrätter,0.3,g
6038,Gratäng m. korv rotfrukt,Palmitinsyra C16:0,Korvrätter,3.9,g
6038,Gratäng m. korv rotfrukt,Myristinsyra C14:0,Korvrätter,0.8,g
6038,Gratäng m. korv rotfrukt,Laurinsyra C12:0,Korvrätter,0.2,g
6038,Gratäng m. korv rotfrukt,Betakaroten/β-Karoten,Korvrätter,786.0,µg
6038,Gratäng m. korv rotfrukt,Avfall (skal etc.),Korvrätter,7.0,%
6038,Gratäng m. korv rotfrukt,Aska,Korvrätter,1.8,g
6038,Gratäng m. korv rotfrukt,Alkohol,Korvrätter,0.0,g
6052,Pastasås m. lax crème fraiche grädde dill,"Zink, Zn",Fisk o skaldjursprodukter o rätter,0.3,mg
6052,Pastasås m. lax crème fraiche grädde dill,Vitamin E,Fisk o skaldjursprodukter o rätter,2.9,mg
6052,Pastasås m. lax crème fraiche grädde dill,Vitamin D,Fisk o skaldjursprodukter o rätter,3.29,µg
6052,Pastasås m. lax crème fraiche grädde dill,Vitamin C,Fisk o skaldjursprodukter o rätter,2.8,mg
6052,Pastasås m. lax crème fraiche grädde dill,Vitamin B6,Fisk o skaldjursprodukter o rätter,0.3,mg
6052,Pastasås m. lax crème fraiche grädde dill,Vitamin B12,Fisk o skaldjursprodukter o rätter,1.62,µg
6052,Pastasås m. lax crème fraiche grädde dill,Vitamin A,Fisk o skaldjursprodukter o rätter,177.2,RE/µg
6052,Pastasås m. lax crème fraiche grädde dill,Vatten,Fisk o skaldjursprodukter o rätter,59.5,g
6052,Pastasås m. lax crème fraiche grädde dill,Tiamin,Fisk o skaldjursprodukter o rätter,0.13,mg
6052,Pastasås m. lax crème fraiche grädde dill,Tillsatt socker,Fisk o skaldjursprodukter o rätter,0.0,g
6052,Pastasås m. lax crème fraiche grädde dill,Fritt socker,Fisk o skaldjursprodukter o rätter,0.0,g
6052,Pastasås m. lax crème fraiche grädde dill,"Selen, Se",Fisk o skaldjursprodukter o rätter,9.5,µg
6052,Pastasås m. lax crème fraiche grädde dill,Sackaros,Fisk o skaldjursprodukter o rätter,0.2,g
6052,Pastasås m. lax crème fraiche grädde dill,Riboflavin,Fisk o skaldjursprodukter o rätter,0.09,mg
6052,Pastasås m. lax crème fraiche grädde dill,Retinol,Fisk o skaldjursprodukter o rätter,160.4,µg
6052,Pastasås m. lax crème fraiche grädde dill,Protein,Fisk o skaldjursprodukter o rätter,12.0,g
6052,Pastasås m. lax crème fraiche grädde dill,Summa fleromättade fettsyror,Fisk o skaldjursprodukter o rätter,2.2,g
6052,Pastasås m. lax crème fraiche grädde dill,"Fosfor, P",Fisk o skaldjursprodukter o rätter,159.0,mg
6052,Pastasås m. lax crème fraiche grädde dill,Niacinekvivalenter,Fisk o skaldjursprodukter o rätter,6.37,NE/mg
6052,Pastasås m. lax crème fraiche grädde dill,Niacin,Fisk o skaldjursprodukter o rätter,4.33,mg
6052,Pastasås m. lax crème fraiche grädde dill,"Salt, NaCl",Fisk o skaldjursprodukter o rätter,1.5,g
6052,Pastasås m. lax crème fraiche grädde dill,"Natrium, Na",Fisk o skaldjursprodukter o rätter,595.0,mg
6052,Pastasås m. lax crème fraiche grädde dill,Monosackarider,Fisk o skaldjursprodukter o rätter,0.3,g
6052,Pastasås m. lax crème fraiche grädde dill,"Sockerarter, totalt",Fisk o skaldjursprodukter o rätter,1.7,g
6052,Pastasås m. lax crème fraiche grädde dill,Summa enkelomättade fettsyror,Fisk o skaldjursprodukter o rätter,6.6,g
6052,Pastasås m. lax crème fraiche grädde dill,"Magnesium, Mg",Fisk o skaldjursprodukter o rätter,21.0,mg
6052,Pastasås m. lax crème fraiche grädde dill,Summa mättade fettsyror,Fisk o skaldjursprodukter o rätter,12.6,g
6052,Pastasås m. lax crème fraiche grädde dill,"Kolhydrater, tillgängliga",Fisk o skaldjursprodukter o rätter,2.6,g
6052,Pastasås m. lax crème fraiche grädde dill,Kolesterol,Fisk o skaldjursprodukter o rätter,63.1,mg
6052,Pastasås m. lax crème fraiche grädde dill,"Kalium, K",Fisk o skaldjursprodukter o rätter,238.0,mg
6052,Pastasås m. lax crème fraiche grädde dill,"Jod, I",Fisk o skaldjursprodukter o rätter,54.8,µg
6052,Pastasås m. lax crème fraiche grädde dill,Fullkorn totalt,Fisk o skaldjursprodukter o rätter,0.0,g
6052,Pastasås m. lax crème fraiche grädde dill,"Folat, totalt",Fisk o skaldjursprodukter o rätter,8.8,µg
6052,Pastasås m. lax crème fraiche grädde dill,Fibrer,Fisk o skaldjursprodukter o rätter,0.2,g
6052,Pastasås m. lax crème fraiche grädde dill,"Fett, totalt",Fisk o skaldjursprodukter o rätter,23.3,g
6052,Pastasås m. lax crème fraiche grädde dill,"Järn, Fe",Fisk o skaldjursprodukter o rätter,0.2,mg
6052,Pastasås m. lax crème fraiche grädde dill,Energi (kJ),Fisk o skaldjursprodukter o rätter,1111.0,kJ
6052,Pastasås m. lax crème fraiche grädde dill,Energi (kcal),Fisk o skaldjursprodukter o rätter,266.0,kcal
6052,Pastasås m. lax crème fraiche grädde dill,Disackarider,Fisk o skaldjursprodukter o rätter,1.4,g
6052,Pastasås m. lax crème fraiche grädde dill,"Kalcium, Ca",Fisk o skaldjursprodukter o rätter,45.0,mg
6052,Pastasås m. lax crème fraiche grädde dill,Fettsyra 4:0-10:0,Fisk o skaldjursprodukter o rätter,1.1,g
6052,Pastasås m. lax crème fraiche grädde dill,DHA (C22:6),Fisk o skaldjursprodukter o rätter,0.2,g
6052,Pastasås m. lax crème fraiche grädde dill,DPA (C22:5),Fisk o skaldjursprodukter o rätter,0.1,g
6052,Pastasås m. lax crème fraiche grädde dill,EPA (C20:5),Fisk o skaldjursprodukter o rätter,0.1,g
6052,Pastasås m. lax crème fraiche grädde dill,Arakidonsyra C20:4,Fisk o skaldjursprodukter o rätter,0.1,g
6052,Pastasås m. lax crème fraiche grädde dill,Arakidinsyra C20:0,Fisk o skaldjursprodukter o rätter,0.0,g
6052,Pastasås m. lax crème fraiche grädde dill,Linolensyra C18:3,Fisk o skaldjursprodukter o rätter,0.4,g
6052,Pastasås m. lax crème fraiche grädde dill,Linolsyra C18:2,Fisk o skaldjursprodukter o rätter,1.1,g
6052,Pastasås m. lax crème fraiche grädde dill,Oljesyra C18:1,Fisk o skaldjursprodukter o rätter,5.6,g
6052,Pastasås m. lax crème fraiche grädde dill,Stearinsyra C18:0,Fisk o skaldjursprodukter o rätter,2.0,g
6052,Pastasås m. lax crème fraiche grädde dill,Palmitoljesyra C16:1,Fisk o skaldjursprodukter o rätter,0.4,g
6052,Pastasås m. lax crème fraiche grädde dill,Palmitinsyra C16:0,Fisk o skaldjursprodukter o rätter,6.3,g
6052,Pastasås m. lax crème fraiche grädde dill,Myristinsyra C14:0,Fisk o skaldjursprodukter o rätter,2.1,g
6052,Pastasås m. lax crème fraiche grädde dill,Laurinsyra C12:0,Fisk o skaldjursprodukter o rätter,0.6,g
6052,Pastasås m. lax crème fraiche grädde dill,Betakaroten/β-Karoten,Fisk o skaldjursprodukter o rätter,199.0,µg
6052,Pastasås m. lax crème fraiche grädde dill,Avfall (skal etc.),Fisk o skaldjursprodukter o rätter,15.0,%
6052,Pastasås m. lax crème fraiche grädde dill,Aska,Fisk o skaldjursprodukter o rätter,2.4,g
6052,Pastasås m. lax crème fraiche grädde dill,Alkohol,Fisk o skaldjursprodukter o rätter,0.0,g
6053,Cashewnötter rostade m. salt,"Zink, Zn",Nötter frön,4.7,mg
6053,Cashewnötter rostade m. salt,Vitamin E,Nötter frön,0.8,mg
6053,Cashewnötter rostade m. salt,Vitamin D inkl 25-OH-D3,Nötter frön,0.0,µg
6053,Cashewnötter rostade m. salt,Vitamin D,Nötter frön,0.0,µg
6053,Cashewnötter rostade m. salt,Vitamin C,Nötter frön,0.1,mg
6053,Cashewnötter rostade m. salt,Vitamin B6,Nötter frön,0.55,mg
6053,Cashewnötter rostade m. salt,Vitamin B12,Nötter frön,0.0,µg
6053,Cashewnötter rostade m. salt,Vitamin A,Nötter frön,0.6,RE/µg
6053,Cashewnötter rostade m. salt,Vatten,Nötter frön,2.7,g
6053,Cashewnötter rostade m. salt,Tiamin,Nötter frön,0.44,mg
6053,Cashewnötter rostade m. salt,Tillsatt socker,Nötter frön,0.0,g
6053,Cashewnötter rostade m. salt,Fritt socker,Nötter frön,0.0,g
6053,Cashewnötter rostade m. salt,"Selen, Se",Nötter frön,14.6,µg
6053,Cashewnötter rostade m. salt,Sackaros,Nötter frön,5.9,g
6053,Cashewnötter rostade m. salt,Riboflavin,Nötter frön,0.14,mg
6053,Cashewnötter rostade m. salt,Retinol,Nötter frön,0.0,µg
6053,Cashewnötter rostade m. salt,Protein,Nötter frön,18.0,g
6053,Cashewnötter rostade m. salt,Summa fleromättade fettsyror,Nötter frön,9.1,g
6053,Cashewnötter rostade m. salt,"Fosfor, P",Nötter frön,487.0,mg
6053,Cashewnötter rostade m. salt,Niacinekvivalenter,Nötter frön,3.9,NE/mg
6053,Cashewnötter rostade m. salt,Niacin,Nötter frön,0.93,mg
6053,Cashewnötter rostade m. salt,"Salt, NaCl",Nötter frön,0.7,g
6053,Cashewnötter rostade m. salt,"Natrium, Na",Nötter frön,287.0,mg
6053,Cashewnötter rostade m. salt,Monosackarider,Nötter frön,0.0,g
6053,Cashewnötter rostade m. salt,"Sockerarter, totalt",Nötter frön,5.9,g
6053,Cashewnötter rostade m. salt,Summa enkelomättade fettsyror,Nötter frön,31.0,g
6053,Cashewnötter rostade m. salt,"Magnesium, Mg",Nötter frön,257.0,mg
6053,Cashewnötter rostade m. salt,Summa mättade fettsyror,Nötter frön,8.7,g
6053,Cashewnötter rostade m. salt,"Kolhydrater, tillgängliga",Nötter frön,19.1,g
6053,Cashewnötter rostade m. salt,Kolesterol,Nötter frön,0.3,mg
6053,Cashewnötter rostade m. salt,"Kalium, K",Nötter frön,580.0,mg
6053,Cashewnötter rostade m. salt,"Jod, I",Nötter frön,0.0,µg
6053,Cashewnötter rostade m. salt,Fullkorn totalt,Nötter frön,0.0,g
6053,Cashewnötter rostade m. salt,"Folat, totalt",Nötter frön,46.7,µg
6053,Cashewnötter rostade m. salt,Fibrer,Nötter frön,8.3,g
6053,Cashewnötter rostade m. salt,"Fett, totalt",Nötter frön,48.7,g
6053,Cashewnötter rostade m. salt,"Järn, Fe",Nötter frön,5.0,mg
6053,Cashewnötter rostade m. salt,Energi (kJ),Nötter frön,2498.0,kJ
6053,Cashewnötter rostade m. salt,Energi (kcal),Nötter frön,597.0,kcal
6053,Cashewnötter rostade m. salt,Disackarider,Nötter frön,5.9,g
6053,Cashewnötter rostade m. salt,"Kalcium, Ca",Nötter frön,42.0,mg
6053,Cashewnötter rostade m. salt,Fettsyra 4:0-10:0,Nötter frön,0.0,g
6053,Cashewnötter rostade m. salt,DHA (C22:6),Nötter frön,0.0,g
6053,Cashewnötter rostade m. salt,DPA (C22:5),Nötter frön,0.0,g
6053,Cashewnötter rostade m. salt,EPA (C20:5),Nötter frön,0.0,g
6053,Cashewnötter rostade m. salt,Arakidonsyra C20:4,Nötter frön,0.0,g
6053,Cashewnötter rostade m. salt,Arakidinsyra C20:0,Nötter frön,0.3,g
6053,Cashewnötter rostade m. salt,Linolensyra C18:3,Nötter frön,0.3,g
6053,Cashewnötter rostade m. salt,Linolsyra C18:2,Nötter frön,8.9,g
6053,Cashewnötter rostade m. salt,Oljesyra C18:1,Nötter frön,30.6,g
6053,Cashewnötter rostade m. salt,Stearinsyra C18:0,Nötter frön,3.9,g
6053,Cashewnötter rostade m. salt,Palmitoljesyra C16:1,Nötter frön,0.2,g
6053,Cashewnötter rostade m. salt,Palmitinsyra C16:0,Nötter frön,4.3,g
6053,Cashewnötter rostade m. salt,Myristinsyra C14:0,Nötter frön,0.0,g
6053,Cashewnötter rostade m. salt,Laurinsyra C12:0,Nötter frön,0.0,g
6053,Cashewnötter rostade m. salt,Betakaroten/β-Karoten,Nötter frön,7.0,µg
6053,Cashewnötter rostade m. salt,Avfall (skal etc.),Nötter frön,0.0,%
6053,Cashewnötter rostade m. salt,Aska,Nötter frön,3.2,g
6053,Cashewnötter rostade m. salt,Alkohol,Nötter frön,0.0,g
6057,Gris kassler tillagad,"Zink, Zn",Kött processat,1.7,mg
6057,Gris kassler tillagad,Vitamin E,Kött processat,0.5,mg
6057,Gris kassler tillagad,Vitamin D inkl 25-OH-D3,Kött processat,0.0,µg
6057,Gris kassler tillagad,Vitamin D,Kött processat,0.0,µg
6057,Gris kassler tillagad,Vitamin C,Kött processat,0.0,mg
6057,Gris kassler tillagad,Vitamin B6,Kött processat,0.3,mg
6057,Gris kassler tillagad,Vitamin B12,Kött processat,0.32,µg
6057,Gris kassler tillagad,Vitamin A,Kött processat,0.0,RE/µg
6057,Gris kassler tillagad,Vatten,Kött processat,68.8,g
6057,Gris kassler tillagad,Tiamin,Kött processat,0.94,mg
6057,Gris kassler tillagad,Tillsatt socker,Kött processat,0.0,g
6057,Gris kassler tillagad,Fritt socker,Kött processat,0.0,g
6057,Gris kassler tillagad,"Selen, Se",Kött processat,12.0,µg
6057,Gris kassler tillagad,Sackaros,Kött processat,0.0,g
6057,Gris kassler tillagad,Riboflavin,Kött processat,0.12,mg
6057,Gris kassler tillagad,Retinol,Kött processat,0.0,µg
6057,Gris kassler tillagad,Protein,Kött processat,18.6,g
6057,Gris kassler tillagad,Summa fleromättade fettsyror,Kött processat,0.6,g
6057,Gris kassler tillagad,"Fosfor, P",Kött processat,308.0,mg
6057,Gris kassler tillagad,Niacinekvivalenter,Kött processat,10.3,NE/mg
6057,Gris kassler tillagad,Niacin,Kött processat,6.91,mg
6057,Gris kassler tillagad,"Salt, NaCl",Kött processat,3.5,g
6057,Gris kassler tillagad,"Natrium, Na",Kött processat,1410.0,mg
6057,Gris kassler tillagad,Monosackarider,Kött processat,0.0,g
6057,Gris kassler tillagad,"Sockerarter, totalt",Kött processat,0.0,g
6057,Gris kassler tillagad,Summa enkelomättade fettsyror,Kött processat,3.9,g
6057,Gris kassler tillagad,"Magnesium, Mg",Kött processat,23.0,mg
6057,Gris kassler tillagad,Summa mättade fettsyror,Kött processat,3.3,g
6057,Gris kassler tillagad,"Kolhydrater, tillgängliga",Kött processat,0.0,g
6057,Gris kassler tillagad,Kolesterol,Kött processat,54.1,mg
6057,Gris kassler tillagad,"Kalium, K",Kött processat,428.0,mg
6057,Gris kassler tillagad,"Jod, I",Kött processat,0.0,µg
6057,Gris kassler tillagad,Fullkorn totalt,Kött processat,0.0,g
6057,Gris kassler tillagad,"Folat, totalt",Kött processat,0.0,µg
6057,Gris kassler tillagad,Fibrer,Kött processat,0.0,g
6057,Gris kassler tillagad,"Fett, totalt",Kött processat,8.2,g
6057,Gris kassler tillagad,"Järn, Fe",Kött processat,0.5,mg
6057,Gris kassler tillagad,Energi (kJ),Kött processat,619.0,kJ
6057,Gris kassler tillagad,Energi (kcal),Kött processat,148.0,kcal
6057,Gris kassler tillagad,Disackarider,Kött processat,0.0,g
6057,Gris kassler tillagad,"Kalcium, Ca",Kött processat,5.0,mg
6057,Gris kassler tillagad,Fettsyra 4:0-10:0,Kött processat,0.0,g
6057,Gris kassler tillagad,DHA (C22:6),Kött processat,0.0,g
6057,Gris kassler tillagad,DPA (C22:5),Kött processat,0.0,g
6057,Gris kassler tillagad,EPA (C20:5),Kött processat,0.0,g
6057,Gris kassler tillagad,Arakidonsyra C20:4,Kött processat,0.0,g
6057,Gris kassler tillagad,Arakidinsyra C20:0,Kött processat,0.0,g
6057,Gris kassler tillagad,Linolensyra C18:3,Kött processat,0.0,g
6057,Gris kassler tillagad,Linolsyra C18:2,Kött processat,0.5,g
6057,Gris kassler tillagad,Oljesyra C18:1,Kött processat,3.7,g
6057,Gris kassler tillagad,Stearinsyra C18:0,Kött processat,1.2,g
6057,Gris kassler tillagad,Palmitoljesyra C16:1,Kött processat,0.2,g
6057,Gris kassler tillagad,Palmitinsyra C16:0,Kött processat,2.0,g
6057,Gris kassler tillagad,Myristinsyra C14:0,Kött processat,0.1,g
6057,Gris kassler tillagad,Laurinsyra C12:0,Kött processat,0.0,g
6057,Gris kassler tillagad,Betakaroten/β-Karoten,Kött processat,0.0,µg
6057,Gris kassler tillagad,Avfall (skal etc.),Kött processat,0.0,%
6057,Gris kassler tillagad,Aska,Kött processat,4.4,g
6057,Gris kassler tillagad,Alkohol,Kött processat,0.0,g
6058,Kyckling bröstfilé tillagad u. skinn frysvara,"Zink, Zn",Fågel ,0.7,mg
6058,Kyckling bröstfilé tillagad u. skinn frysvara,Vitamin E,Fågel ,1.1,mg
6058,Kyckling bröstfilé tillagad u. skinn frysvara,Vitamin D,Fågel ,0.45,µg
6058,Kyckling bröstfilé tillagad u. skinn frysvara,Vitamin C,Fågel ,0.0,mg
6058,Kyckling bröstfilé tillagad u. skinn frysvara,Vitamin B6,Fågel ,0.57,mg
6058,Kyckling bröstfilé tillagad u. skinn frysvara,Vitamin B12,Fågel ,0.15,µg
6058,Kyckling bröstfilé tillagad u. skinn frysvara,Vitamin A,Fågel ,7.8,RE/µg
6058,Kyckling bröstfilé tillagad u. skinn frysvara,Vatten,Fågel ,76.9,g
6058,Kyckling bröstfilé tillagad u. skinn frysvara,Tiamin,Fågel ,0.19,mg
6058,Kyckling bröstfilé tillagad u. skinn frysvara,Tillsatt socker,Fågel ,0.0,g
6058,Kyckling bröstfilé tillagad u. skinn frysvara,Fritt socker,Fågel ,0.0,g
6058,Kyckling bröstfilé tillagad u. skinn frysvara,"Selen, Se",Fågel ,16.0,µg
6058,Kyckling bröstfilé tillagad u. skinn frysvara,Sackaros,Fågel ,0.0,g
6058,Kyckling bröstfilé tillagad u. skinn frysvara,Riboflavin,Fågel ,0.14,mg
6058,Kyckling bröstfilé tillagad u. skinn frysvara,Retinol,Fågel ,7.8,µg
6058,Kyckling bröstfilé tillagad u. skinn frysvara,Protein,Fågel ,19.7,g
6058,Kyckling bröstfilé tillagad u. skinn frysvara,Summa fleromättade fettsyror,Fågel ,0.5,g
6058,Kyckling bröstfilé tillagad u. skinn frysvara,"Fosfor, P",Fågel ,288.0,mg
6058,Kyckling bröstfilé tillagad u. skinn frysvara,Niacinekvivalenter,Fågel ,15.2,NE/mg
6058,Kyckling bröstfilé tillagad u. skinn frysvara,Niacin,Fågel ,11.6,mg
6058,Kyckling bröstfilé tillagad u. skinn frysvara,"Salt, NaCl",Fågel ,0.6,g
6058,Kyckling bröstfilé tillagad u. skinn frysvara,"Natrium, Na",Fågel ,223.0,mg
6058,Kyckling bröstfilé tillagad u. skinn frysvara,Monosackarider,Fågel ,0.0,g
6058,Kyckling bröstfilé tillagad u. skinn frysvara,"Sockerarter, totalt",Fågel ,0.0,g
6058,Kyckling bröstfilé tillagad u. skinn frysvara,Summa enkelomättade fettsyror,Fågel ,0.9,g
6058,Kyckling bröstfilé tillagad u. skinn frysvara,"Magnesium, Mg",Fågel ,39.0,mg
6058,Kyckling bröstfilé tillagad u. skinn frysvara,Summa mättade fettsyror,Fågel ,0.5,g
6058,Kyckling bröstfilé tillagad u. skinn frysvara,"Kolhydrater, tillgängliga",Fågel ,0.0,g
6058,Kyckling bröstfilé tillagad u. skinn frysvara,Kolesterol,Fågel ,203.0,mg
6058,Kyckling bröstfilé tillagad u. skinn frysvara,"Kalium, K",Fågel ,353.0,mg
6058,Kyckling bröstfilé tillagad u. skinn frysvara,"Jod, I",Fågel ,0.0,µg
6058,Kyckling bröstfilé tillagad u. skinn frysvara,Fullkorn totalt,Fågel ,0.0,g
6058,Kyckling bröstfilé tillagad u. skinn frysvara,"Folat, totalt",Fågel ,11.1,µg
6058,Kyckling bröstfilé tillagad u. skinn frysvara,Fibrer,Fågel ,0.0,g
6058,Kyckling bröstfilé tillagad u. skinn frysvara,"Fett, totalt",Fågel ,2.0,g
6058,Kyckling bröstfilé tillagad u. skinn frysvara,"Järn, Fe",Fågel ,0.4,mg
6058,Kyckling bröstfilé tillagad u. skinn frysvara,Energi (kJ),Fågel ,408.0,kJ
6058,Kyckling bröstfilé tillagad u. skinn frysvara,Energi (kcal),Fågel ,98.0,kcal
6058,Kyckling bröstfilé tillagad u. skinn frysvara,Disackarider,Fågel ,0.0,g
6058,Kyckling bröstfilé tillagad u. skinn frysvara,"Kalcium, Ca",Fågel ,5.0,mg
6058,Kyckling bröstfilé tillagad u. skinn frysvara,Fettsyra 4:0-10:0,Fågel ,0.0,g
6058,Kyckling bröstfilé tillagad u. skinn frysvara,DHA (C22:6),Fågel ,0.0,g
6058,Kyckling bröstfilé tillagad u. skinn frysvara,DPA (C22:5),Fågel ,0.0,g
6058,Kyckling bröstfilé tillagad u. skinn frysvara,EPA (C20:5),Fågel ,0.0,g
6058,Kyckling bröstfilé tillagad u. skinn frysvara,Arakidonsyra C20:4,Fågel ,0.0,g
6058,Kyckling bröstfilé tillagad u. skinn frysvara,Arakidinsyra C20:0,Fågel ,0.0,g
6058,Kyckling bröstfilé tillagad u. skinn frysvara,Linolensyra C18:3,Fågel ,0.0,g
6058,Kyckling bröstfilé tillagad u. skinn frysvara,Linolsyra C18:2,Fågel ,0.4,g
6058,Kyckling bröstfilé tillagad u. skinn frysvara,Oljesyra C18:1,Fågel ,0.8,g
6058,Kyckling bröstfilé tillagad u. skinn frysvara,Stearinsyra C18:0,Fågel ,0.1,g
6058,Kyckling bröstfilé tillagad u. skinn frysvara,Palmitoljesyra C16:1,Fågel ,0.1,g
6058,Kyckling bröstfilé tillagad u. skinn frysvara,Palmitinsyra C16:0,Fågel ,0.4,g
6058,Kyckling bröstfilé tillagad u. skinn frysvara,Myristinsyra C14:0,Fågel ,0.0,g
6058,Kyckling bröstfilé tillagad u. skinn frysvara,Laurinsyra C12:0,Fågel ,0.0,g
6058,Kyckling bröstfilé tillagad u. skinn frysvara,Betakaroten/β-Karoten,Fågel ,0.0,µg
6058,Kyckling bröstfilé tillagad u. skinn frysvara,Avfall (skal etc.),Fågel ,0.0,%
6058,Kyckling bröstfilé tillagad u. skinn frysvara,Aska,Fågel ,1.4,g
6058,Kyckling bröstfilé tillagad u. skinn frysvara,Alkohol,Fågel ,0.0,g
6069,Drickyoghurt smaksatt fett ca 1%,"Zink, Zn",Mjölkdryck chokladdryck milkshake smothie m yoghurt,0.3,mg
6069,Drickyoghurt smaksatt fett ca 1%,Vitamin E,Mjölkdryck chokladdryck milkshake smothie m yoghurt,0.0,mg
6069,Drickyoghurt smaksatt fett ca 1%,Vitamin D,Mjölkdryck chokladdryck milkshake smothie m yoghurt,0.13,µg
6069,Drickyoghurt smaksatt fett ca 1%,Vitamin C,Mjölkdryck chokladdryck milkshake smothie m yoghurt,0.0,mg
6069,Drickyoghurt smaksatt fett ca 1%,Vitamin B6,Mjölkdryck chokladdryck milkshake smothie m yoghurt,0.03,mg
6069,Drickyoghurt smaksatt fett ca 1%,Vitamin B12,Mjölkdryck chokladdryck milkshake smothie m yoghurt,0.18,µg
6069,Drickyoghurt smaksatt fett ca 1%,Vitamin A,Mjölkdryck chokladdryck milkshake smothie m yoghurt,7.8,RE/µg
6069,Drickyoghurt smaksatt fett ca 1%,Vatten,Mjölkdryck chokladdryck milkshake smothie m yoghurt,85.7,g
6069,Drickyoghurt smaksatt fett ca 1%,Tiamin,Mjölkdryck chokladdryck milkshake smothie m yoghurt,0.03,mg
6069,Drickyoghurt smaksatt fett ca 1%,Tillsatt socker,Mjölkdryck chokladdryck milkshake smothie m yoghurt,6.0,g
6069,Drickyoghurt smaksatt fett ca 1%,Fritt socker,Mjölkdryck chokladdryck milkshake smothie m yoghurt,6.0,g
6069,Drickyoghurt smaksatt fett ca 1%,"Selen, Se",Mjölkdryck chokladdryck milkshake smothie m yoghurt,0.0,µg
6069,Drickyoghurt smaksatt fett ca 1%,Sackaros,Mjölkdryck chokladdryck milkshake smothie m yoghurt,5.0,g
6069,Drickyoghurt smaksatt fett ca 1%,Riboflavin,Mjölkdryck chokladdryck milkshake smothie m yoghurt,0.14,mg
6069,Drickyoghurt smaksatt fett ca 1%,Retinol,Mjölkdryck chokladdryck milkshake smothie m yoghurt,6.5,µg
6069,Drickyoghurt smaksatt fett ca 1%,Protein,Mjölkdryck chokladdryck milkshake smothie m yoghurt,2.8,g
6069,Drickyoghurt smaksatt fett ca 1%,Summa fleromättade fettsyror,Mjölkdryck chokladdryck milkshake smothie m yoghurt,0.0,g
6069,Drickyoghurt smaksatt fett ca 1%,"Fosfor, P",Mjölkdryck chokladdryck milkshake smothie m yoghurt,76.0,mg
6069,Drickyoghurt smaksatt fett ca 1%,Niacinekvivalenter,Mjölkdryck chokladdryck milkshake smothie m yoghurt,0.8,NE/mg
6069,Drickyoghurt smaksatt fett ca 1%,Niacin,Mjölkdryck chokladdryck milkshake smothie m yoghurt,0.13,mg
6069,Drickyoghurt smaksatt fett ca 1%,"Salt, NaCl",Mjölkdryck chokladdryck milkshake smothie m yoghurt,0.1,g
6069,Drickyoghurt smaksatt fett ca 1%,"Natrium, Na",Mjölkdryck chokladdryck milkshake smothie m yoghurt,35.0,mg
6069,Drickyoghurt smaksatt fett ca 1%,Monosackarider,Mjölkdryck chokladdryck milkshake smothie m yoghurt,1.3,g
6069,Drickyoghurt smaksatt fett ca 1%,"Sockerarter, totalt",Mjölkdryck chokladdryck milkshake smothie m yoghurt,9.3,g
6069,Drickyoghurt smaksatt fett ca 1%,Summa enkelomättade fettsyror,Mjölkdryck chokladdryck milkshake smothie m yoghurt,0.2,g
6069,Drickyoghurt smaksatt fett ca 1%,"Magnesium, Mg",Mjölkdryck chokladdryck milkshake smothie m yoghurt,10.0,mg
6069,Drickyoghurt smaksatt fett ca 1%,Summa mättade fettsyror,Mjölkdryck chokladdryck milkshake smothie m yoghurt,0.5,g
6069,Drickyoghurt smaksatt fett ca 1%,"Kolhydrater, tillgängliga",Mjölkdryck chokladdryck milkshake smothie m yoghurt,10.1,g
6069,Drickyoghurt smaksatt fett ca 1%,Kolesterol,Mjölkdryck chokladdryck milkshake smothie m yoghurt,4.5,mg
6069,Drickyoghurt smaksatt fett ca 1%,"Kalium, K",Mjölkdryck chokladdryck milkshake smothie m yoghurt,129.0,mg
6069,Drickyoghurt smaksatt fett ca 1%,"Jod, I",Mjölkdryck chokladdryck milkshake smothie m yoghurt,10.1,µg
6069,Drickyoghurt smaksatt fett ca 1%,Fullkorn totalt,Mjölkdryck chokladdryck milkshake smothie m yoghurt,0.0,g
6069,Drickyoghurt smaksatt fett ca 1%,"Folat, totalt",Mjölkdryck chokladdryck milkshake smothie m yoghurt,11.4,µg
6069,Drickyoghurt smaksatt fett ca 1%,Fibrer,Mjölkdryck chokladdryck milkshake smothie m yoghurt,0.0,g
6069,Drickyoghurt smaksatt fett ca 1%,"Fett, totalt",Mjölkdryck chokladdryck milkshake smothie m yoghurt,0.8,g
6069,Drickyoghurt smaksatt fett ca 1%,"Järn, Fe",Mjölkdryck chokladdryck milkshake smothie m yoghurt,0.0,mg
6069,Drickyoghurt smaksatt fett ca 1%,Energi (kJ),Mjölkdryck chokladdryck milkshake smothie m yoghurt,248.0,kJ
6069,Drickyoghurt smaksatt fett ca 1%,Energi (kcal),Mjölkdryck chokladdryck milkshake smothie m yoghurt,59.0,kcal
6069,Drickyoghurt smaksatt fett ca 1%,Disackarider,Mjölkdryck chokladdryck milkshake smothie m yoghurt,8.0,g
6069,Drickyoghurt smaksatt fett ca 1%,"Kalcium, Ca",Mjölkdryck chokladdryck milkshake smothie m yoghurt,106.0,mg
6069,Drickyoghurt smaksatt fett ca 1%,Fettsyra 4:0-10:0,Mjölkdryck chokladdryck milkshake smothie m yoghurt,0.1,g
6069,Drickyoghurt smaksatt fett ca 1%,DHA (C22:6),Mjölkdryck chokladdryck milkshake smothie m yoghurt,0.0,g
6069,Drickyoghurt smaksatt fett ca 1%,DPA (C22:5),Mjölkdryck chokladdryck milkshake smothie m yoghurt,0.0,g
6069,Drickyoghurt smaksatt fett ca 1%,EPA (C20:5),Mjölkdryck chokladdryck milkshake smothie m yoghurt,0.0,g
6069,Drickyoghurt smaksatt fett ca 1%,Arakidonsyra C20:4,Mjölkdryck chokladdryck milkshake smothie m yoghurt,0.0,g
6069,Drickyoghurt smaksatt fett ca 1%,Arakidinsyra C20:0,Mjölkdryck chokladdryck milkshake smothie m yoghurt,0.0,g
6069,Drickyoghurt smaksatt fett ca 1%,Linolensyra C18:3,Mjölkdryck chokladdryck milkshake smothie m yoghurt,0.0,g
6069,Drickyoghurt smaksatt fett ca 1%,Linolsyra C18:2,Mjölkdryck chokladdryck milkshake smothie m yoghurt,0.0,g
6069,Drickyoghurt smaksatt fett ca 1%,Oljesyra C18:1,Mjölkdryck chokladdryck milkshake smothie m yoghurt,0.2,g
6069,Drickyoghurt smaksatt fett ca 1%,Stearinsyra C18:0,Mjölkdryck chokladdryck milkshake smothie m yoghurt,0.1,g
6069,Drickyoghurt smaksatt fett ca 1%,Palmitoljesyra C16:1,Mjölkdryck chokladdryck milkshake smothie m yoghurt,0.0,g
6069,Drickyoghurt smaksatt fett ca 1%,Palmitinsyra C16:0,Mjölkdryck chokladdryck milkshake smothie m yoghurt,0.2,g
6069,Drickyoghurt smaksatt fett ca 1%,Myristinsyra C14:0,Mjölkdryck chokladdryck milkshake smothie m yoghurt,0.1,g
6069,Drickyoghurt smaksatt fett ca 1%,Laurinsyra C12:0,Mjölkdryck chokladdryck milkshake smothie m yoghurt,0.0,g
6069,Drickyoghurt smaksatt fett ca 1%,Betakaroten/β-Karoten,Mjölkdryck chokladdryck milkshake smothie m yoghurt,14.0,µg
6069,Drickyoghurt smaksatt fett ca 1%,Avfall (skal etc.),Mjölkdryck chokladdryck milkshake smothie m yoghurt,0.0,%
6069,Drickyoghurt smaksatt fett ca 1%,Aska,Mjölkdryck chokladdryck milkshake smothie m yoghurt,0.6,g
6069,Drickyoghurt smaksatt fett ca 1%,Alkohol,Mjölkdryck chokladdryck milkshake smothie m yoghurt,0.0,g
6070,Ost hårdost eko. fett 28%,"Zink, Zn",Hård ost mm,3.6,mg
6070,Ost hårdost eko. fett 28%,Vitamin E,Hård ost mm,0.7,mg
6070,Ost hårdost eko. fett 28%,Vitamin D,Hård ost mm,0.11,µg
6070,Ost hårdost eko. fett 28%,Vitamin C,Hård ost mm,0.0,mg
6070,Ost hårdost eko. fett 28%,Vitamin B6,Hård ost mm,0.04,mg
6070,Ost hårdost eko. fett 28%,Vitamin B12,Hård ost mm,1.75,µg
6070,Ost hårdost eko. fett 28%,Vitamin A,Hård ost mm,273.9,RE/µg
6070,Ost hårdost eko. fett 28%,Vatten,Hård ost mm,41.4,g
6070,Ost hårdost eko. fett 28%,Tiamin,Hård ost mm,0.02,mg
6070,Ost hårdost eko. fett 28%,Tillsatt socker,Hård ost mm,0.0,g
6070,Ost hårdost eko. fett 28%,Fritt socker,Hård ost mm,0.0,g
6070,Ost hårdost eko. fett 28%,"Selen, Se",Hård ost mm,13.0,µg
6070,Ost hårdost eko. fett 28%,Sackaros,Hård ost mm,0.0,g
6070,Ost hårdost eko. fett 28%,Riboflavin,Hård ost mm,0.26,mg
6070,Ost hårdost eko. fett 28%,Retinol,Hård ost mm,265.0,µg
6070,Ost hårdost eko. fett 28%,Protein,Hård ost mm,25.2,g
6070,Ost hårdost eko. fett 28%,Summa fleromättade fettsyror,Hård ost mm,1.2,g
6070,Ost hårdost eko. fett 28%,"Fosfor, P",Hård ost mm,458.0,mg
6070,Ost hårdost eko. fett 28%,Niacinekvivalenter,Hård ost mm,5.9,NE/mg
6070,Ost hårdost eko. fett 28%,Niacin,Hård ost mm,0.0,mg
6070,Ost hårdost eko. fett 28%,"Salt, NaCl",Hård ost mm,1.2,g
6070,Ost hårdost eko. fett 28%,"Natrium, Na",Hård ost mm,483.0,mg
6070,Ost hårdost eko. fett 28%,Monosackarider,Hård ost mm,0.0,g
6070,Ost hårdost eko. fett 28%,"Sockerarter, totalt",Hård ost mm,0.0,g
6070,Ost hårdost eko. fett 28%,Summa enkelomättade fettsyror,Hård ost mm,6.3,g
6070,Ost hårdost eko. fett 28%,"Magnesium, Mg",Hård ost mm,32.0,mg
6070,Ost hårdost eko. fett 28%,Summa mättade fettsyror,Hård ost mm,17.5,g
6070,Ost hårdost eko. fett 28%,"Kolhydrater, tillgängliga",Hård ost mm,2.7,g
6070,Ost hårdost eko. fett 28%,Kolesterol,Hård ost mm,69.7,mg
6070,Ost hårdost eko. fett 28%,"Kalium, K",Hård ost mm,73.0,mg
6070,Ost hårdost eko. fett 28%,"Jod, I",Hård ost mm,14.4,µg
6070,Ost hårdost eko. fett 28%,Fullkorn totalt,Hård ost mm,0.0,g
6070,Ost hårdost eko. fett 28%,"Folat, totalt",Hård ost mm,25.5,µg
6070,Ost hårdost eko. fett 28%,Fibrer,Hård ost mm,0.0,g
6070,Ost hårdost eko. fett 28%,"Fett, totalt",Hård ost mm,27.0,g
6070,Ost hårdost eko. fett 28%,"Järn, Fe",Hård ost mm,0.1,mg
6070,Ost hårdost eko. fett 28%,Energi (kJ),Hård ost mm,1473.0,kJ
6070,Ost hårdost eko. fett 28%,Energi (kcal),Hård ost mm,352.0,kcal
6070,Ost hårdost eko. fett 28%,Disackarider,Hård ost mm,0.0,g
6070,Ost hårdost eko. fett 28%,"Kalcium, Ca",Hård ost mm,731.0,mg
6070,Ost hårdost eko. fett 28%,Fettsyra 4:0-10:0,Hård ost mm,2.2,g
6070,Ost hårdost eko. fett 28%,DHA (C22:6),Hård ost mm,0.0,g
6070,Ost hårdost eko. fett 28%,DPA (C22:5),Hård ost mm,0.0,g
6070,Ost hårdost eko. fett 28%,EPA (C20:5),Hård ost mm,0.0,g
6070,Ost hårdost eko. fett 28%,Arakidonsyra C20:4,Hård ost mm,0.0,g
6070,Ost hårdost eko. fett 28%,Arakidinsyra C20:0,Hård ost mm,0.0,g
6070,Ost hårdost eko. fett 28%,Linolensyra C18:3,Hård ost mm,0.2,g
6070,Ost hårdost eko. fett 28%,Linolsyra C18:2,Hård ost mm,0.9,g
6070,Ost hårdost eko. fett 28%,Oljesyra C18:1,Hård ost mm,5.6,g
6070,Ost hårdost eko. fett 28%,Stearinsyra C18:0,Hård ost mm,2.9,g
6070,Ost hårdost eko. fett 28%,Palmitoljesyra C16:1,Hård ost mm,0.4,g
6070,Ost hårdost eko. fett 28%,Palmitinsyra C16:0,Hård ost mm,7.7,g
6070,Ost hårdost eko. fett 28%,Myristinsyra C14:0,Hård ost mm,2.8,g
6070,Ost hårdost eko. fett 28%,Laurinsyra C12:0,Hård ost mm,0.8,g
6070,Ost hårdost eko. fett 28%,Betakaroten/β-Karoten,Hård ost mm,106.0,µg
6070,Ost hårdost eko. fett 28%,Avfall (skal etc.),Hård ost mm,0.0,%
6070,Ost hårdost eko. fett 28%,Aska,Hård ost mm,3.7,g
6070,Ost hårdost eko. fett 28%,Alkohol,Hård ost mm,0.0,g
6071,Vaniljsås ätf.,"Zink, Zn",Söta soppor kräm o efterrättssås,0.3,mg
6071,Vaniljsås ätf.,Vitamin E,Söta soppor kräm o efterrättssås,0.0,mg
6071,Vaniljsås ätf.,Vitamin D inkl 25-OH-D3,Söta soppor kräm o efterrättssås,0.0,µg
6071,Vaniljsås ätf.,Vitamin D,Söta soppor kräm o efterrättssås,0.0,µg
6071,Vaniljsås ätf.,Vitamin C,Söta soppor kräm o efterrättssås,0.0,mg
6071,Vaniljsås ätf.,Vitamin B6,Söta soppor kräm o efterrättssås,0.0,mg
6071,Vaniljsås ätf.,Vitamin B12,Söta soppor kräm o efterrättssås,0.0,µg
6071,Vaniljsås ätf.,Vitamin A,Söta soppor kräm o efterrättssås,8.5,RE/µg
6071,Vaniljsås ätf.,Vatten,Söta soppor kräm o efterrättssås,77.2,g
6071,Vaniljsås ätf.,Tiamin,Söta soppor kräm o efterrättssås,0.02,mg
6071,Vaniljsås ätf.,Tillsatt socker,Söta soppor kräm o efterrättssås,8.0,g
6071,Vaniljsås ätf.,Fritt socker,Söta soppor kräm o efterrättssås,8.0,g
6071,Vaniljsås ätf.,"Selen, Se",Söta soppor kräm o efterrättssås,0.0,µg
6071,Vaniljsås ätf.,Sackaros,Söta soppor kräm o efterrättssås,8.5,g
6071,Vaniljsås ätf.,Riboflavin,Söta soppor kräm o efterrättssås,0.11,mg
6071,Vaniljsås ätf.,Retinol,Söta soppor kräm o efterrättssås,0.0,µg
6071,Vaniljsås ätf.,Protein,Söta soppor kräm o efterrättssås,3.0,g
6071,Vaniljsås ätf.,Summa fleromättade fettsyror,Söta soppor kräm o efterrättssås,0.1,g
6071,Vaniljsås ätf.,"Fosfor, P",Söta soppor kräm o efterrättssås,72.0,mg
6071,Vaniljsås ätf.,Niacinekvivalenter,Söta soppor kräm o efterrättssås,0.8,NE/mg
6071,Vaniljsås ätf.,Niacin,Söta soppor kräm o efterrättssås,0.11,mg
6071,Vaniljsås ätf.,"Salt, NaCl",Söta soppor kräm o efterrättssås,0.1,g
6071,Vaniljsås ätf.,"Natrium, Na",Söta soppor kräm o efterrättssås,56.0,mg
6071,Vaniljsås ätf.,Monosackarider,Söta soppor kräm o efterrättssås,0.0,g
6071,Vaniljsås ätf.,"Sockerarter, totalt",Söta soppor kräm o efterrättssås,13.0,g
6071,Vaniljsås ätf.,Summa enkelomättade fettsyror,Söta soppor kräm o efterrättssås,0.3,g
6071,Vaniljsås ätf.,"Magnesium, Mg",Söta soppor kräm o efterrättssås,9.0,mg
6071,Vaniljsås ätf.,Summa mättade fettsyror,Söta soppor kräm o efterrättssås,3.3,g
6071,Vaniljsås ätf.,"Kolhydrater, tillgängliga",Söta soppor kräm o efterrättssås,15.3,g
6071,Vaniljsås ätf.,Kolesterol,Söta soppor kräm o efterrättssås,2.0,mg
6071,Vaniljsås ätf.,"Kalium, K",Söta soppor kräm o efterrättssås,136.0,mg
6071,Vaniljsås ätf.,"Jod, I",Söta soppor kräm o efterrättssås,10.2,µg
6071,Vaniljsås ätf.,Fullkorn totalt,Söta soppor kräm o efterrättssås,0.0,g
6071,Vaniljsås ätf.,"Folat, totalt",Söta soppor kräm o efterrättssås,1.9,µg
6071,Vaniljsås ätf.,Fibrer,Söta soppor kräm o efterrättssås,0.0,g
6071,Vaniljsås ätf.,"Fett, totalt",Söta soppor kräm o efterrättssås,3.9,g
6071,Vaniljsås ätf.,"Järn, Fe",Söta soppor kräm o efterrättssås,0.0,mg
6071,Vaniljsås ätf.,Energi (kJ),Söta soppor kräm o efterrättssås,456.0,kJ
6071,Vaniljsås ätf.,Energi (kcal),Söta soppor kräm o efterrättssås,109.0,kcal
6071,Vaniljsås ätf.,Disackarider,Söta soppor kräm o efterrättssås,13.0,g
6071,Vaniljsås ätf.,"Kalcium, Ca",Söta soppor kräm o efterrättssås,98.0,mg
6071,Vaniljsås ätf.,Fettsyra 4:0-10:0,Söta soppor kräm o efterrättssås,0.5,g
6071,Vaniljsås ätf.,DHA (C22:6),Söta soppor kräm o efterrättssås,0.0,g
6071,Vaniljsås ätf.,DPA (C22:5),Söta soppor kräm o efterrättssås,0.0,g
6071,Vaniljsås ätf.,EPA (C20:5),Söta soppor kräm o efterrättssås,0.0,g
6071,Vaniljsås ätf.,Arakidonsyra C20:4,Söta soppor kräm o efterrättssås,0.0,g
6071,Vaniljsås ätf.,Arakidinsyra C20:0,Söta soppor kräm o efterrättssås,0.0,g
6071,Vaniljsås ätf.,Linolensyra C18:3,Söta soppor kräm o efterrättssås,0.0,g
6071,Vaniljsås ätf.,Linolsyra C18:2,Söta soppor kräm o efterrättssås,0.1,g
6071,Vaniljsås ätf.,Oljesyra C18:1,Söta soppor kräm o efterrättssås,0.3,g
6071,Vaniljsås ätf.,Stearinsyra C18:0,Söta soppor kräm o efterrättssås,0.2,g
6071,Vaniljsås ätf.,Palmitoljesyra C16:1,Söta soppor kräm o efterrättssås,0.0,g
6071,Vaniljsås ätf.,Palmitinsyra C16:0,Söta soppor kräm o efterrättssås,0.5,g
6071,Vaniljsås ätf.,Myristinsyra C14:0,Söta soppor kräm o efterrättssås,0.6,g
6071,Vaniljsås ätf.,Laurinsyra C12:0,Söta soppor kräm o efterrättssås,1.5,g
6071,Vaniljsås ätf.,Betakaroten/β-Karoten,Söta soppor kräm o efterrättssås,102.0,µg
6071,Vaniljsås ätf.,Avfall (skal etc.),Söta soppor kräm o efterrättssås,0.0,%
6071,Vaniljsås ätf.,Aska,Söta soppor kräm o efterrättssås,0.6,g
6071,Vaniljsås ätf.,Alkohol,Söta soppor kräm o efterrättssås,0.0,g
6076,Yoghurt naturell eko. fett 3% berikad,"Zink, Zn",Naturell fil yoghurt,0.5,mg
6076,Yoghurt naturell eko. fett 3% berikad,Vitamin E,Naturell fil yoghurt,0.1,mg
6076,Yoghurt naturell eko. fett 3% berikad,Vitamin D inkl 25-OH-D3,Naturell fil yoghurt,1.0,µg
6076,Yoghurt naturell eko. fett 3% berikad,Vitamin D,Naturell fil yoghurt,1.0,µg
6076,Yoghurt naturell eko. fett 3% berikad,Vitamin C,Naturell fil yoghurt,0.0,mg
6076,Yoghurt naturell eko. fett 3% berikad,Vitamin B6,Naturell fil yoghurt,0.04,mg
6076,Yoghurt naturell eko. fett 3% berikad,Vitamin B12,Naturell fil yoghurt,0.15,µg
6076,Yoghurt naturell eko. fett 3% berikad,Vitamin A,Naturell fil yoghurt,23.1,RE/µg
6076,Yoghurt naturell eko. fett 3% berikad,Vatten,Naturell fil yoghurt,88.7,g
6076,Yoghurt naturell eko. fett 3% berikad,Tiamin,Naturell fil yoghurt,0.03,mg
6076,Yoghurt naturell eko. fett 3% berikad,Tillsatt socker,Naturell fil yoghurt,0.0,g
6076,Yoghurt naturell eko. fett 3% berikad,Fritt socker,Naturell fil yoghurt,0.0,g
6076,Yoghurt naturell eko. fett 3% berikad,"Selen, Se",Naturell fil yoghurt,0.0,µg
6076,Yoghurt naturell eko. fett 3% berikad,Sackaros,Naturell fil yoghurt,0.1,g
6076,Yoghurt naturell eko. fett 3% berikad,Riboflavin,Naturell fil yoghurt,0.14,mg
6076,Yoghurt naturell eko. fett 3% berikad,Retinol,Naturell fil yoghurt,22.1,µg
6076,Yoghurt naturell eko. fett 3% berikad,Protein,Naturell fil yoghurt,3.2,g
6076,Yoghurt naturell eko. fett 3% berikad,Summa fleromättade fettsyror,Naturell fil yoghurt,0.1,g
6076,Yoghurt naturell eko. fett 3% berikad,"Fosfor, P",Naturell fil yoghurt,87.0,mg
6076,Yoghurt naturell eko. fett 3% berikad,Niacinekvivalenter,Naturell fil yoghurt,0.9,NE/mg
6076,Yoghurt naturell eko. fett 3% berikad,Niacin,Naturell fil yoghurt,0.11,mg
6076,Yoghurt naturell eko. fett 3% berikad,"Salt, NaCl",Naturell fil yoghurt,0.1,g
6076,Yoghurt naturell eko. fett 3% berikad,"Natrium, Na",Naturell fil yoghurt,37.0,mg
6076,Yoghurt naturell eko. fett 3% berikad,Monosackarider,Naturell fil yoghurt,0.0,g
6076,Yoghurt naturell eko. fett 3% berikad,"Sockerarter, totalt",Naturell fil yoghurt,3.0,g
6076,Yoghurt naturell eko. fett 3% berikad,Summa enkelomättade fettsyror,Naturell fil yoghurt,0.6,g
6076,Yoghurt naturell eko. fett 3% berikad,"Magnesium, Mg",Naturell fil yoghurt,11.0,mg
6076,Yoghurt naturell eko. fett 3% berikad,Summa mättade fettsyror,Naturell fil yoghurt,1.7,g
6076,Yoghurt naturell eko. fett 3% berikad,"Kolhydrater, tillgängliga",Naturell fil yoghurt,4.7,g
6076,Yoghurt naturell eko. fett 3% berikad,Kolesterol,Naturell fil yoghurt,9.8,mg
6076,Yoghurt naturell eko. fett 3% berikad,"Kalium, K",Naturell fil yoghurt,135.0,mg
6076,Yoghurt naturell eko. fett 3% berikad,"Jod, I",Naturell fil yoghurt,12.0,µg
6076,Yoghurt naturell eko. fett 3% berikad,Fullkorn totalt,Naturell fil yoghurt,0.0,g
6076,Yoghurt naturell eko. fett 3% berikad,"Folat, totalt",Naturell fil yoghurt,12.8,µg
6076,Yoghurt naturell eko. fett 3% berikad,Fibrer,Naturell fil yoghurt,0.0,g
6076,Yoghurt naturell eko. fett 3% berikad,"Fett, totalt",Naturell fil yoghurt,2.7,g
6076,Yoghurt naturell eko. fett 3% berikad,"Järn, Fe",Naturell fil yoghurt,0.5,mg
6076,Yoghurt naturell eko. fett 3% berikad,Energi (kJ),Naturell fil yoghurt,235.0,kJ
6076,Yoghurt naturell eko. fett 3% berikad,Energi (kcal),Naturell fil yoghurt,56.0,kcal
6076,Yoghurt naturell eko. fett 3% berikad,Disackarider,Naturell fil yoghurt,2.9,g
6076,Yoghurt naturell eko. fett 3% berikad,"Kalcium, Ca",Naturell fil yoghurt,118.0,mg
6076,Yoghurt naturell eko. fett 3% berikad,Fettsyra 4:0-10:0,Naturell fil yoghurt,0.2,g
6076,Yoghurt naturell eko. fett 3% berikad,DHA (C22:6),Naturell fil yoghurt,0.0,g
6076,Yoghurt naturell eko. fett 3% berikad,DPA (C22:5),Naturell fil yoghurt,0.0,g
6076,Yoghurt naturell eko. fett 3% berikad,EPA (C20:5),Naturell fil yoghurt,0.0,g
6076,Yoghurt naturell eko. fett 3% berikad,Arakidonsyra C20:4,Naturell fil yoghurt,0.0,g
6076,Yoghurt naturell eko. fett 3% berikad,Arakidinsyra C20:0,Naturell fil yoghurt,0.0,g
6076,Yoghurt naturell eko. fett 3% berikad,Linolensyra C18:3,Naturell fil yoghurt,0.0,g
6076,Yoghurt naturell eko. fett 3% berikad,Linolsyra C18:2,Naturell fil yoghurt,0.1,g
6076,Yoghurt naturell eko. fett 3% berikad,Oljesyra C18:1,Naturell fil yoghurt,0.6,g
6076,Yoghurt naturell eko. fett 3% berikad,Stearinsyra C18:0,Naturell fil yoghurt,0.3,g
6076,Yoghurt naturell eko. fett 3% berikad,Palmitoljesyra C16:1,Naturell fil yoghurt,0.0,g
6076,Yoghurt naturell eko. fett 3% berikad,Palmitinsyra C16:0,Naturell fil yoghurt,0.7,g
6076,Yoghurt naturell eko. fett 3% berikad,Myristinsyra C14:0,Naturell fil yoghurt,0.3,g
6076,Yoghurt naturell eko. fett 3% berikad,Laurinsyra C12:0,Naturell fil yoghurt,0.1,g
6076,Yoghurt naturell eko. fett 3% berikad,Betakaroten/β-Karoten,Naturell fil yoghurt,12.0,µg
6076,Yoghurt naturell eko. fett 3% berikad,Avfall (skal etc.),Naturell fil yoghurt,0.0,%
6076,Yoghurt naturell eko. fett 3% berikad,Aska,Naturell fil yoghurt,0.7,g
6076,Yoghurt naturell eko. fett 3% berikad,Alkohol,Naturell fil yoghurt,0.03,g
6079,Pannkaka tunn helfabrikat,"Zink, Zn","Pannkakor, våfflor, crêpes",0.5,mg
6079,Pannkaka tunn helfabrikat,Vitamin E,"Pannkakor, våfflor, crêpes",1.7,mg
6079,Pannkaka tunn helfabrikat,Vitamin D,"Pannkakor, våfflor, crêpes",0.2,µg
6079,Pannkaka tunn helfabrikat,Vitamin C,"Pannkakor, våfflor, crêpes",0.0,mg
6079,Pannkaka tunn helfabrikat,Vitamin B6,"Pannkakor, våfflor, crêpes",0.04,mg
6079,Pannkaka tunn helfabrikat,Vitamin B12,"Pannkakor, våfflor, crêpes",0.42,µg
6079,Pannkaka tunn helfabrikat,Vitamin A,"Pannkakor, våfflor, crêpes",21.8,RE/µg
6079,Pannkaka tunn helfabrikat,Vatten,"Pannkakor, våfflor, crêpes",59.4,g
6079,Pannkaka tunn helfabrikat,Tiamin,"Pannkakor, våfflor, crêpes",0.08,mg
6079,Pannkaka tunn helfabrikat,Tillsatt socker,"Pannkakor, våfflor, crêpes",0.0,g
6079,Pannkaka tunn helfabrikat,Fritt socker,"Pannkakor, våfflor, crêpes",0.0,g
6079,Pannkaka tunn helfabrikat,"Selen, Se","Pannkakor, våfflor, crêpes",0.0,µg
6079,Pannkaka tunn helfabrikat,Sackaros,"Pannkakor, våfflor, crêpes",3.4,g
6079,Pannkaka tunn helfabrikat,Riboflavin,"Pannkakor, våfflor, crêpes",0.16,mg
6079,Pannkaka tunn helfabrikat,Retinol,"Pannkakor, våfflor, crêpes",21.7,µg
6079,Pannkaka tunn helfabrikat,Protein,"Pannkakor, våfflor, crêpes",6.5,g
6079,Pannkaka tunn helfabrikat,Summa fleromättade fettsyror,"Pannkakor, våfflor, crêpes",1.4,g
6079,Pannkaka tunn helfabrikat,"Fosfor, P","Pannkakor, våfflor, crêpes",101.0,mg
6079,Pannkaka tunn helfabrikat,Niacinekvivalenter,"Pannkakor, våfflor, crêpes",1.8,NE/mg
6079,Pannkaka tunn helfabrikat,Niacin,"Pannkakor, våfflor, crêpes",0.31,mg
6079,Pannkaka tunn helfabrikat,"Salt, NaCl","Pannkakor, våfflor, crêpes",0.6,g
6079,Pannkaka tunn helfabrikat,"Natrium, Na","Pannkakor, våfflor, crêpes",254.0,mg
6079,Pannkaka tunn helfabrikat,Monosackarider,"Pannkakor, våfflor, crêpes",0.1,g
6079,Pannkaka tunn helfabrikat,"Sockerarter, totalt","Pannkakor, våfflor, crêpes",6.2,g
6079,Pannkaka tunn helfabrikat,Summa enkelomättade fettsyror,"Pannkakor, våfflor, crêpes",3.0,g
6079,Pannkaka tunn helfabrikat,"Magnesium, Mg","Pannkakor, våfflor, crêpes",14.0,mg
6079,Pannkaka tunn helfabrikat,Summa mättade fettsyror,"Pannkakor, våfflor, crêpes",1.1,g
6079,Pannkaka tunn helfabrikat,"Kolhydrater, tillgängliga","Pannkakor, våfflor, crêpes",25.9,g
6079,Pannkaka tunn helfabrikat,Kolesterol,"Pannkakor, våfflor, crêpes",39.4,mg
6079,Pannkaka tunn helfabrikat,"Kalium, K","Pannkakor, våfflor, crêpes",149.0,mg
6079,Pannkaka tunn helfabrikat,"Jod, I","Pannkakor, våfflor, crêpes",25.5,µg
6079,Pannkaka tunn helfabrikat,Fullkorn totalt,"Pannkakor, våfflor, crêpes",0.0,g
6079,Pannkaka tunn helfabrikat,"Folat, totalt","Pannkakor, våfflor, crêpes",14.0,µg
6079,Pannkaka tunn helfabrikat,Fibrer,"Pannkakor, våfflor, crêpes",1.3,g
6079,Pannkaka tunn helfabrikat,"Fett, totalt","Pannkakor, våfflor, crêpes",5.8,g
6079,Pannkaka tunn helfabrikat,"Järn, Fe","Pannkakor, våfflor, crêpes",0.5,mg
6079,Pannkaka tunn helfabrikat,Energi (kJ),"Pannkakor, våfflor, crêpes",776.0,kJ
6079,Pannkaka tunn helfabrikat,Energi (kcal),"Pannkakor, våfflor, crêpes",186.0,kcal
6079,Pannkaka tunn helfabrikat,Disackarider,"Pannkakor, våfflor, crêpes",6.1,g
6079,Pannkaka tunn helfabrikat,"Kalcium, Ca","Pannkakor, våfflor, crêpes",67.0,mg
6079,Pannkaka tunn helfabrikat,Fettsyra 4:0-10:0,"Pannkakor, våfflor, crêpes",0.0,g
6079,Pannkaka tunn helfabrikat,DHA (C22:6),"Pannkakor, våfflor, crêpes",0.0,g
6079,Pannkaka tunn helfabrikat,DPA (C22:5),"Pannkakor, våfflor, crêpes",0.0,g
6079,Pannkaka tunn helfabrikat,EPA (C20:5),"Pannkakor, våfflor, crêpes",0.0,g
6079,Pannkaka tunn helfabrikat,Arakidonsyra C20:4,"Pannkakor, våfflor, crêpes",0.0,g
6079,Pannkaka tunn helfabrikat,Arakidinsyra C20:0,"Pannkakor, våfflor, crêpes",0.0,g
6079,Pannkaka tunn helfabrikat,Linolensyra C18:3,"Pannkakor, våfflor, crêpes",0.3,g
6079,Pannkaka tunn helfabrikat,Linolsyra C18:2,"Pannkakor, våfflor, crêpes",1.0,g
6079,Pannkaka tunn helfabrikat,Oljesyra C18:1,"Pannkakor, våfflor, crêpes",2.8,g
6079,Pannkaka tunn helfabrikat,Stearinsyra C18:0,"Pannkakor, våfflor, crêpes",0.2,g
6079,Pannkaka tunn helfabrikat,Palmitoljesyra C16:1,"Pannkakor, våfflor, crêpes",0.1,g
6079,Pannkaka tunn helfabrikat,Palmitinsyra C16:0,"Pannkakor, våfflor, crêpes",0.8,g
6079,Pannkaka tunn helfabrikat,Myristinsyra C14:0,"Pannkakor, våfflor, crêpes",0.0,g
6079,Pannkaka tunn helfabrikat,Laurinsyra C12:0,"Pannkakor, våfflor, crêpes",0.0,g
6079,Pannkaka tunn helfabrikat,Betakaroten/β-Karoten,"Pannkakor, våfflor, crêpes",1.0,µg
6079,Pannkaka tunn helfabrikat,Avfall (skal etc.),"Pannkakor, våfflor, crêpes",0.0,%
6079,Pannkaka tunn helfabrikat,Aska,"Pannkakor, våfflor, crêpes",1.1,g
6079,Pannkaka tunn helfabrikat,Alkohol,"Pannkakor, våfflor, crêpes",0.0,g
6081,Hårt bröd fullkorn råg fiber ca 20% typ sport ,"Zink, Zn",Hårt bröd ,2.7,mg
6081,Hårt bröd fullkorn råg fiber ca 20% typ sport ,Vitamin E,Hårt bröd ,0.4,mg
6081,Hårt bröd fullkorn råg fiber ca 20% typ sport ,Vitamin D inkl 25-OH-D3,Hårt bröd ,0.0,µg
6081,Hårt bröd fullkorn råg fiber ca 20% typ sport ,Vitamin D,Hårt bröd ,0.0,µg
6081,Hårt bröd fullkorn råg fiber ca 20% typ sport ,Vitamin C,Hårt bröd ,0.0,mg
6081,Hårt bröd fullkorn råg fiber ca 20% typ sport ,Vitamin B6,Hårt bröd ,0.17,mg
6081,Hårt bröd fullkorn råg fiber ca 20% typ sport ,Vitamin B12,Hårt bröd ,0.0,µg
6081,Hårt bröd fullkorn råg fiber ca 20% typ sport ,Vitamin A,Hårt bröd ,0.0,RE/µg
6081,Hårt bröd fullkorn råg fiber ca 20% typ sport ,Vatten,Hårt bröd ,7.0,g
6081,Hårt bröd fullkorn råg fiber ca 20% typ sport ,Tiamin,Hårt bröd ,0.21,mg
6081,Hårt bröd fullkorn råg fiber ca 20% typ sport ,Tillsatt socker,Hårt bröd ,0.0,g
6081,Hårt bröd fullkorn råg fiber ca 20% typ sport ,Fritt socker,Hårt bröd ,0.0,g
6081,Hårt bröd fullkorn råg fiber ca 20% typ sport ,"Selen, Se",Hårt bröd ,0.0,µg
6081,Hårt bröd fullkorn råg fiber ca 20% typ sport ,Sackaros,Hårt bröd ,0.2,g
6081,Hårt bröd fullkorn råg fiber ca 20% typ sport ,Riboflavin,Hårt bröd ,0.13,mg
6081,Hårt bröd fullkorn råg fiber ca 20% typ sport ,Retinol,Hårt bröd ,0.0,µg
6081,Hårt bröd fullkorn råg fiber ca 20% typ sport ,Protein,Hårt bröd ,8.6,g
6081,Hårt bröd fullkorn råg fiber ca 20% typ sport ,Summa fleromättade fettsyror,Hårt bröd ,1.4,g
6081,Hårt bröd fullkorn råg fiber ca 20% typ sport ,"Fosfor, P",Hårt bröd ,310.0,mg
6081,Hårt bröd fullkorn råg fiber ca 20% typ sport ,Niacinekvivalenter,Hårt bröd ,2.9,NE/mg
6081,Hårt bröd fullkorn råg fiber ca 20% typ sport ,Niacin,Hårt bröd ,1.47,mg
6081,Hårt bröd fullkorn råg fiber ca 20% typ sport ,"Salt, NaCl",Hårt bröd ,1.2,g
6081,Hårt bröd fullkorn råg fiber ca 20% typ sport ,"Natrium, Na",Hårt bröd ,470.0,mg
6081,Hårt bröd fullkorn råg fiber ca 20% typ sport ,Monosackarider,Hårt bröd ,0.6,g
6081,Hårt bröd fullkorn råg fiber ca 20% typ sport ,"Sockerarter, totalt",Hårt bröd ,1.2,g
6081,Hårt bröd fullkorn råg fiber ca 20% typ sport ,Summa enkelomättade fettsyror,Hårt bröd ,0.4,g
6081,Hårt bröd fullkorn råg fiber ca 20% typ sport ,"Magnesium, Mg",Hårt bröd ,91.0,mg
6081,Hårt bröd fullkorn råg fiber ca 20% typ sport ,Summa mättade fettsyror,Hårt bröd ,0.4,g
6081,Hårt bröd fullkorn råg fiber ca 20% typ sport ,"Kolhydrater, tillgängliga",Hårt bröd ,64.0,g
6081,Hårt bröd fullkorn råg fiber ca 20% typ sport ,Kolesterol,Hårt bröd ,0.0,mg
6081,Hårt bröd fullkorn råg fiber ca 20% typ sport ,"Kalium, K",Hårt bröd ,500.0,mg
6081,Hårt bröd fullkorn råg fiber ca 20% typ sport ,"Jod, I",Hårt bröd ,7.1,µg
6081,Hårt bröd fullkorn råg fiber ca 20% typ sport ,Fullkorn totalt,Hårt bröd ,98.0,g
6081,Hårt bröd fullkorn råg fiber ca 20% typ sport ,"Folat, totalt",Hårt bröd ,76.0,µg
6081,Hårt bröd fullkorn råg fiber ca 20% typ sport ,Fibrer,Hårt bröd ,14.4,g
6081,Hårt bröd fullkorn råg fiber ca 20% typ sport ,"Fett, totalt",Hårt bröd ,3.3,g
6081,Hårt bröd fullkorn råg fiber ca 20% typ sport ,"Järn, Fe",Hårt bröd ,2.6,mg
6081,Hårt bröd fullkorn råg fiber ca 20% typ sport ,Energi (kJ),Hårt bröd ,1472.0,kJ
6081,Hårt bröd fullkorn råg fiber ca 20% typ sport ,Energi (kcal),Hårt bröd ,352.0,kcal
6081,Hårt bröd fullkorn råg fiber ca 20% typ sport ,Disackarider,Hårt bröd ,0.6,g
6081,Hårt bröd fullkorn råg fiber ca 20% typ sport ,"Kalcium, Ca",Hårt bröd ,44.0,mg
6081,Hårt bröd fullkorn råg fiber ca 20% typ sport ,Fettsyra 4:0-10:0,Hårt bröd ,0.0,g
6081,Hårt bröd fullkorn råg fiber ca 20% typ sport ,DHA (C22:6),Hårt bröd ,0.0,g
6081,Hårt bröd fullkorn råg fiber ca 20% typ sport ,DPA (C22:5),Hårt bröd ,0.0,g
6081,Hårt bröd fullkorn råg fiber ca 20% typ sport ,EPA (C20:5),Hårt bröd ,0.0,g
6081,Hårt bröd fullkorn råg fiber ca 20% typ sport ,Arakidonsyra C20:4,Hårt bröd ,0.0,g
6081,Hårt bröd fullkorn råg fiber ca 20% typ sport ,Arakidinsyra C20:0,Hårt bröd ,0.0,g
6081,Hårt bröd fullkorn råg fiber ca 20% typ sport ,Linolensyra C18:3,Hårt bröd ,0.2,g
6081,Hårt bröd fullkorn råg fiber ca 20% typ sport ,Linolsyra C18:2,Hårt bröd ,1.2,g
6081,Hårt bröd fullkorn råg fiber ca 20% typ sport ,Oljesyra C18:1,Hårt bröd ,0.4,g
6081,Hårt bröd fullkorn råg fiber ca 20% typ sport ,Stearinsyra C18:0,Hårt bröd ,0.0,g
6081,Hårt bröd fullkorn råg fiber ca 20% typ sport ,Palmitoljesyra C16:1,Hårt bröd ,0.0,g
6081,Hårt bröd fullkorn råg fiber ca 20% typ sport ,Palmitinsyra C16:0,Hårt bröd ,0.4,g
6081,Hårt bröd fullkorn råg fiber ca 20% typ sport ,Myristinsyra C14:0,Hårt bröd ,0.0,g
6081,Hårt bröd fullkorn råg fiber ca 20% typ sport ,Laurinsyra C12:0,Hårt bröd ,0.0,g
6081,Hårt bröd fullkorn råg fiber ca 20% typ sport ,Betakaroten/β-Karoten,Hårt bröd ,0.0,µg
6081,Hårt bröd fullkorn råg fiber ca 20% typ sport ,Avfall (skal etc.),Hårt bröd ,0.0,%
6081,Hårt bröd fullkorn råg fiber ca 20% typ sport ,Aska,Hårt bröd ,2.7,g
6081,Hårt bröd fullkorn råg fiber ca 20% typ sport ,Alkohol,Hårt bröd ,0.0,g
6083,Bröd vitt grovt m. nyckelhål typ formfranska,"Zink, Zn",Mjukt bröd ,1.2,mg
6083,Bröd vitt grovt m. nyckelhål typ formfranska,Vitamin E,Mjukt bröd ,0.4,mg
6083,Bröd vitt grovt m. nyckelhål typ formfranska,Vitamin D inkl 25-OH-D3,Mjukt bröd ,0.0,µg
6083,Bröd vitt grovt m. nyckelhål typ formfranska,Vitamin D,Mjukt bröd ,0.0,µg
6083,Bröd vitt grovt m. nyckelhål typ formfranska,Vitamin C,Mjukt bröd ,0.0,mg
6083,Bröd vitt grovt m. nyckelhål typ formfranska,Vitamin B6,Mjukt bröd ,0.16,mg
6083,Bröd vitt grovt m. nyckelhål typ formfranska,Vitamin B12,Mjukt bröd ,0.0,µg
6083,Bröd vitt grovt m. nyckelhål typ formfranska,Vitamin A,Mjukt bröd ,0.0,RE/µg
6083,Bröd vitt grovt m. nyckelhål typ formfranska,Vatten,Mjukt bröd ,36.3,g
6083,Bröd vitt grovt m. nyckelhål typ formfranska,Tiamin,Mjukt bröd ,0.21,mg
6083,Bröd vitt grovt m. nyckelhål typ formfranska,Tillsatt socker,Mjukt bröd ,0.0,g
6083,Bröd vitt grovt m. nyckelhål typ formfranska,Fritt socker,Mjukt bröd ,0.0,g
6083,Bröd vitt grovt m. nyckelhål typ formfranska,"Selen, Se",Mjukt bröd ,0.0,µg
6083,Bröd vitt grovt m. nyckelhål typ formfranska,Sackaros,Mjukt bröd ,0.0,g
6083,Bröd vitt grovt m. nyckelhål typ formfranska,Riboflavin,Mjukt bröd ,0.1,mg
6083,Bröd vitt grovt m. nyckelhål typ formfranska,Retinol,Mjukt bröd ,0.0,µg
6083,Bröd vitt grovt m. nyckelhål typ formfranska,Protein,Mjukt bröd ,8.6,g
6083,Bröd vitt grovt m. nyckelhål typ formfranska,Summa fleromättade fettsyror,Mjukt bröd ,0.9,g
6083,Bröd vitt grovt m. nyckelhål typ formfranska,"Fosfor, P",Mjukt bröd ,77.0,mg
6083,Bröd vitt grovt m. nyckelhål typ formfranska,Niacinekvivalenter,Mjukt bröd ,4.0,NE/mg
6083,Bröd vitt grovt m. nyckelhål typ formfranska,Niacin,Mjukt bröd ,2.54,mg
6083,Bröd vitt grovt m. nyckelhål typ formfranska,"Salt, NaCl",Mjukt bröd ,1.0,g
6083,Bröd vitt grovt m. nyckelhål typ formfranska,"Natrium, Na",Mjukt bröd ,405.0,mg
6083,Bröd vitt grovt m. nyckelhål typ formfranska,Monosackarider,Mjukt bröd ,1.3,g
6083,Bröd vitt grovt m. nyckelhål typ formfranska,"Sockerarter, totalt",Mjukt bröd ,3.9,g
6083,Bröd vitt grovt m. nyckelhål typ formfranska,Summa enkelomättade fettsyror,Mjukt bröd ,1.6,g
6083,Bröd vitt grovt m. nyckelhål typ formfranska,"Magnesium, Mg",Mjukt bröd ,18.0,mg
6083,Bröd vitt grovt m. nyckelhål typ formfranska,Summa mättade fettsyror,Mjukt bröd ,0.3,g
6083,Bröd vitt grovt m. nyckelhål typ formfranska,"Kolhydrater, tillgängliga",Mjukt bröd ,43.8,g
6083,Bröd vitt grovt m. nyckelhål typ formfranska,Kolesterol,Mjukt bröd ,0.0,mg
6083,Bröd vitt grovt m. nyckelhål typ formfranska,"Kalium, K",Mjukt bröd ,112.0,mg
6083,Bröd vitt grovt m. nyckelhål typ formfranska,"Jod, I",Mjukt bröd ,3.3,µg
6083,Bröd vitt grovt m. nyckelhål typ formfranska,Fullkorn totalt,Mjukt bröd ,20.0,g
6083,Bröd vitt grovt m. nyckelhål typ formfranska,"Folat, totalt",Mjukt bröd ,40.1,µg
6083,Bröd vitt grovt m. nyckelhål typ formfranska,Fibrer,Mjukt bröd ,5.4,g
6083,Bröd vitt grovt m. nyckelhål typ formfranska,"Fett, totalt",Mjukt bröd ,4.2,g
6083,Bröd vitt grovt m. nyckelhål typ formfranska,"Järn, Fe",Mjukt bröd ,1.3,mg
6083,Bröd vitt grovt m. nyckelhål typ formfranska,Energi (kJ),Mjukt bröd ,1088.0,kJ
6083,Bröd vitt grovt m. nyckelhål typ formfranska,Energi (kcal),Mjukt bröd ,260.0,kcal
6083,Bröd vitt grovt m. nyckelhål typ formfranska,Disackarider,Mjukt bröd ,2.5,g
6083,Bröd vitt grovt m. nyckelhål typ formfranska,"Kalcium, Ca",Mjukt bröd ,44.0,mg
6083,Bröd vitt grovt m. nyckelhål typ formfranska,Fettsyra 4:0-10:0,Mjukt bröd ,0.0,g
6083,Bröd vitt grovt m. nyckelhål typ formfranska,DHA (C22:6),Mjukt bröd ,0.0,g
6083,Bröd vitt grovt m. nyckelhål typ formfranska,DPA (C22:5),Mjukt bröd ,0.0,g
6083,Bröd vitt grovt m. nyckelhål typ formfranska,EPA (C20:5),Mjukt bröd ,0.0,g
6083,Bröd vitt grovt m. nyckelhål typ formfranska,Arakidonsyra C20:4,Mjukt bröd ,0.0,g
6083,Bröd vitt grovt m. nyckelhål typ formfranska,Arakidinsyra C20:0,Mjukt bröd ,0.0,g
6083,Bröd vitt grovt m. nyckelhål typ formfranska,Linolensyra C18:3,Mjukt bröd ,0.2,g
6083,Bröd vitt grovt m. nyckelhål typ formfranska,Linolsyra C18:2,Mjukt bröd ,0.7,g
6083,Bröd vitt grovt m. nyckelhål typ formfranska,Oljesyra C18:1,Mjukt bröd ,1.5,g
6083,Bröd vitt grovt m. nyckelhål typ formfranska,Stearinsyra C18:0,Mjukt bröd ,0.1,g
6083,Bröd vitt grovt m. nyckelhål typ formfranska,Palmitoljesyra C16:1,Mjukt bröd ,0.0,g
6083,Bröd vitt grovt m. nyckelhål typ formfranska,Palmitinsyra C16:0,Mjukt bröd ,0.2,g
6083,Bröd vitt grovt m. nyckelhål typ formfranska,Myristinsyra C14:0,Mjukt bröd ,0.0,g
6083,Bröd vitt grovt m. nyckelhål typ formfranska,Laurinsyra C12:0,Mjukt bröd ,0.0,g
6083,Bröd vitt grovt m. nyckelhål typ formfranska,Betakaroten/β-Karoten,Mjukt bröd ,0.0,µg
6083,Bröd vitt grovt m. nyckelhål typ formfranska,Avfall (skal etc.),Mjukt bröd ,0.0,%
6083,Bröd vitt grovt m. nyckelhål typ formfranska,Aska,Mjukt bröd ,1.7,g
6083,Bröd vitt grovt m. nyckelhål typ formfranska,Alkohol,Mjukt bröd ,0.0,g
6084,Bröd vitt typ levain,"Zink, Zn",Mjukt bröd ,0.6,mg
6084,Bröd vitt typ levain,Vitamin E,Mjukt bröd ,0.0,mg
6084,Bröd vitt typ levain,Vitamin D inkl 25-OH-D3,Mjukt bröd ,0.0,µg
6084,Bröd vitt typ levain,Vitamin D,Mjukt bröd ,0.0,µg
6084,Bröd vitt typ levain,Vitamin C,Mjukt bröd ,0.0,mg
6084,Bröd vitt typ levain,Vitamin B6,Mjukt bröd ,0.06,mg
6084,Bröd vitt typ levain,Vitamin B12,Mjukt bröd ,0.0,µg
6084,Bröd vitt typ levain,Vitamin A,Mjukt bröd ,0.0,RE/µg
6084,Bröd vitt typ levain,Vatten,Mjukt bröd ,37.2,g
6084,Bröd vitt typ levain,Tiamin,Mjukt bröd ,0.14,mg
6084,Bröd vitt typ levain,Tillsatt socker,Mjukt bröd ,0.0,g
6084,Bröd vitt typ levain,Fritt socker,Mjukt bröd ,0.0,g
6084,Bröd vitt typ levain,"Selen, Se",Mjukt bröd ,0.0,µg
6084,Bröd vitt typ levain,Sackaros,Mjukt bröd ,0.0,g
6084,Bröd vitt typ levain,Riboflavin,Mjukt bröd ,0.04,mg
6084,Bröd vitt typ levain,Retinol,Mjukt bröd ,0.0,µg
6084,Bröd vitt typ levain,Protein,Mjukt bröd ,7.5,g
6084,Bröd vitt typ levain,Summa fleromättade fettsyror,Mjukt bröd ,0.3,g
6084,Bröd vitt typ levain,"Fosfor, P",Mjukt bröd ,77.0,mg
6084,Bröd vitt typ levain,Niacinekvivalenter,Mjukt bröd ,2.4,NE/mg
6084,Bröd vitt typ levain,Niacin,Mjukt bröd ,1.11,mg
6084,Bröd vitt typ levain,"Salt, NaCl",Mjukt bröd ,1.3,g
6084,Bröd vitt typ levain,"Natrium, Na",Mjukt bröd ,525.0,mg
6084,Bröd vitt typ levain,Monosackarider,Mjukt bröd ,0.2,g
6084,Bröd vitt typ levain,"Sockerarter, totalt",Mjukt bröd ,1.8,g
6084,Bröd vitt typ levain,Summa enkelomättade fettsyror,Mjukt bröd ,0.5,g
6084,Bröd vitt typ levain,"Magnesium, Mg",Mjukt bröd ,18.0,mg
6084,Bröd vitt typ levain,Summa mättade fettsyror,Mjukt bröd ,0.1,g
6084,Bröd vitt typ levain,"Kolhydrater, tillgängliga",Mjukt bröd ,49.5,g
6084,Bröd vitt typ levain,Kolesterol,Mjukt bröd ,0.0,mg
6084,Bröd vitt typ levain,"Kalium, K",Mjukt bröd ,105.0,mg
6084,Bröd vitt typ levain,"Jod, I",Mjukt bröd ,1.8,µg
6084,Bröd vitt typ levain,Fullkorn totalt,Mjukt bröd ,10.0,g
6084,Bröd vitt typ levain,"Folat, totalt",Mjukt bröd ,9.3,µg
6084,Bröd vitt typ levain,Fibrer,Mjukt bröd ,2.5,g
6084,Bröd vitt typ levain,"Fett, totalt",Mjukt bröd ,1.4,g
6084,Bröd vitt typ levain,"Järn, Fe",Mjukt bröd ,0.8,mg
6084,Bröd vitt typ levain,Energi (kJ),Mjukt bröd ,1043.0,kJ
6084,Bröd vitt typ levain,Energi (kcal),Mjukt bröd ,249.0,kcal
6084,Bröd vitt typ levain,Disackarider,Mjukt bröd ,1.6,g
6084,Bröd vitt typ levain,"Kalcium, Ca",Mjukt bröd ,13.0,mg
6084,Bröd vitt typ levain,Fettsyra 4:0-10:0,Mjukt bröd ,0.0,g
6084,Bröd vitt typ levain,DHA (C22:6),Mjukt bröd ,0.0,g
6084,Bröd vitt typ levain,DPA (C22:5),Mjukt bröd ,0.0,g
6084,Bröd vitt typ levain,EPA (C20:5),Mjukt bröd ,0.0,g
6084,Bröd vitt typ levain,Arakidonsyra C20:4,Mjukt bröd ,0.0,g
6084,Bröd vitt typ levain,Arakidinsyra C20:0,Mjukt bröd ,0.0,g
6084,Bröd vitt typ levain,Linolensyra C18:3,Mjukt bröd ,0.1,g
6084,Bröd vitt typ levain,Linolsyra C18:2,Mjukt bröd ,0.2,g
6084,Bröd vitt typ levain,Oljesyra C18:1,Mjukt bröd ,0.5,g
6084,Bröd vitt typ levain,Stearinsyra C18:0,Mjukt bröd ,0.0,g
6084,Bröd vitt typ levain,Palmitoljesyra C16:1,Mjukt bröd ,0.0,g
6084,Bröd vitt typ levain,Palmitinsyra C16:0,Mjukt bröd ,0.1,g
6084,Bröd vitt typ levain,Myristinsyra C14:0,Mjukt bröd ,0.0,g
6084,Bröd vitt typ levain,Laurinsyra C12:0,Mjukt bröd ,0.0,g
6084,Bröd vitt typ levain,Betakaroten/β-Karoten,Mjukt bröd ,0.0,µg
6084,Bröd vitt typ levain,Avfall (skal etc.),Mjukt bröd ,0.0,%
6084,Bröd vitt typ levain,Aska,Mjukt bröd ,1.9,g
6084,Bröd vitt typ levain,Alkohol,Mjukt bröd ,0.0,g
6086,Frukostflingor müsli vete havre råg korn fullkorn m. frukt nötter fröer,"Zink, Zn",Flingor - frukostflingor,3.2,mg
6086,Frukostflingor müsli vete havre råg korn fullkorn m. frukt nötter fröer,Vitamin E,Flingor - frukostflingor,10.6,mg
6086,Frukostflingor müsli vete havre råg korn fullkorn m. frukt nötter fröer,Vitamin D inkl 25-OH-D3,Flingor - frukostflingor,0.0,µg
6086,Frukostflingor müsli vete havre råg korn fullkorn m. frukt nötter fröer,Vitamin D,Flingor - frukostflingor,0.0,µg
6086,Frukostflingor müsli vete havre råg korn fullkorn m. frukt nötter fröer,Vitamin C,Flingor - frukostflingor,0.0,mg
6086,Frukostflingor müsli vete havre råg korn fullkorn m. frukt nötter fröer,Vitamin B6,Flingor - frukostflingor,0.29,mg
6086,Frukostflingor müsli vete havre råg korn fullkorn m. frukt nötter fröer,Vitamin B12,Flingor - frukostflingor,0.0,µg
6086,Frukostflingor müsli vete havre råg korn fullkorn m. frukt nötter fröer,Vitamin A,Flingor - frukostflingor,6.2,RE/µg
6086,Frukostflingor müsli vete havre råg korn fullkorn m. frukt nötter fröer,Vatten,Flingor - frukostflingor,8.3,g
6086,Frukostflingor müsli vete havre råg korn fullkorn m. frukt nötter fröer,Tiamin,Flingor - frukostflingor,0.19,mg
6086,Frukostflingor müsli vete havre råg korn fullkorn m. frukt nötter fröer,Tillsatt socker,Flingor - frukostflingor,4.0,g
6086,Frukostflingor müsli vete havre råg korn fullkorn m. frukt nötter fröer,Fritt socker,Flingor - frukostflingor,4.0,g
6086,Frukostflingor müsli vete havre råg korn fullkorn m. frukt nötter fröer,"Selen, Se",Flingor - frukostflingor,0.0,µg
6086,Frukostflingor müsli vete havre råg korn fullkorn m. frukt nötter fröer,Sackaros,Flingor - frukostflingor,2.1,g
6086,Frukostflingor müsli vete havre råg korn fullkorn m. frukt nötter fröer,Riboflavin,Flingor - frukostflingor,0.12,mg
6086,Frukostflingor müsli vete havre råg korn fullkorn m. frukt nötter fröer,Retinol,Flingor - frukostflingor,0.0,µg
6086,Frukostflingor müsli vete havre råg korn fullkorn m. frukt nötter fröer,Protein,Flingor - frukostflingor,15.2,g
6086,Frukostflingor müsli vete havre råg korn fullkorn m. frukt nötter fröer,Summa fleromättade fettsyror,Flingor - frukostflingor,8.2,g
6086,Frukostflingor müsli vete havre råg korn fullkorn m. frukt nötter fröer,"Fosfor, P",Flingor - frukostflingor,440.0,mg
6086,Frukostflingor müsli vete havre råg korn fullkorn m. frukt nötter fröer,Niacinekvivalenter,Flingor - frukostflingor,5.4,NE/mg
6086,Frukostflingor müsli vete havre råg korn fullkorn m. frukt nötter fröer,Niacin,Flingor - frukostflingor,2.82,mg
6086,Frukostflingor müsli vete havre råg korn fullkorn m. frukt nötter fröer,"Salt, NaCl",Flingor - frukostflingor,0.4,g
6086,Frukostflingor müsli vete havre råg korn fullkorn m. frukt nötter fröer,"Natrium, Na",Flingor - frukostflingor,140.0,mg
6086,Frukostflingor müsli vete havre råg korn fullkorn m. frukt nötter fröer,Monosackarider,Flingor - frukostflingor,2.0,g
6086,Frukostflingor müsli vete havre råg korn fullkorn m. frukt nötter fröer,"Sockerarter, totalt",Flingor - frukostflingor,4.2,g
6086,Frukostflingor müsli vete havre råg korn fullkorn m. frukt nötter fröer,Summa enkelomättade fettsyror,Flingor - frukostflingor,8.1,g
6086,Frukostflingor müsli vete havre råg korn fullkorn m. frukt nötter fröer,"Magnesium, Mg",Flingor - frukostflingor,170.0,mg
6086,Frukostflingor müsli vete havre råg korn fullkorn m. frukt nötter fröer,Summa mättade fettsyror,Flingor - frukostflingor,3.5,g
6086,Frukostflingor müsli vete havre råg korn fullkorn m. frukt nötter fröer,"Kolhydrater, tillgängliga",Flingor - frukostflingor,47.2,g
6086,Frukostflingor müsli vete havre råg korn fullkorn m. frukt nötter fröer,Kolesterol,Flingor - frukostflingor,0.0,mg
6086,Frukostflingor müsli vete havre råg korn fullkorn m. frukt nötter fröer,"Kalium, K",Flingor - frukostflingor,500.0,mg
6086,Frukostflingor müsli vete havre råg korn fullkorn m. frukt nötter fröer,"Jod, I",Flingor - frukostflingor,3.0,µg
6086,Frukostflingor müsli vete havre råg korn fullkorn m. frukt nötter fröer,Fullkorn totalt,Flingor - frukostflingor,37.0,g
6086,Frukostflingor müsli vete havre råg korn fullkorn m. frukt nötter fröer,"Folat, totalt",Flingor - frukostflingor,59.3,µg
6086,Frukostflingor müsli vete havre råg korn fullkorn m. frukt nötter fröer,Fibrer,Flingor - frukostflingor,7.0,g
6086,Frukostflingor müsli vete havre råg korn fullkorn m. frukt nötter fröer,"Fett, totalt",Flingor - frukostflingor,20.1,g
6086,Frukostflingor müsli vete havre råg korn fullkorn m. frukt nötter fröer,"Järn, Fe",Flingor - frukostflingor,3.6,mg
6086,Frukostflingor müsli vete havre råg korn fullkorn m. frukt nötter fröer,Energi (kJ),Flingor - frukostflingor,1862.0,kJ
6086,Frukostflingor müsli vete havre råg korn fullkorn m. frukt nötter fröer,Energi (kcal),Flingor - frukostflingor,445.0,kcal
6086,Frukostflingor müsli vete havre råg korn fullkorn m. frukt nötter fröer,Disackarider,Flingor - frukostflingor,2.2,g
6086,Frukostflingor müsli vete havre råg korn fullkorn m. frukt nötter fröer,"Kalcium, Ca",Flingor - frukostflingor,70.0,mg
6086,Frukostflingor müsli vete havre råg korn fullkorn m. frukt nötter fröer,Fettsyra 4:0-10:0,Flingor - frukostflingor,0.2,g
6086,Frukostflingor müsli vete havre råg korn fullkorn m. frukt nötter fröer,DHA (C22:6),Flingor - frukostflingor,0.0,g
6086,Frukostflingor müsli vete havre råg korn fullkorn m. frukt nötter fröer,DPA (C22:5),Flingor - frukostflingor,0.0,g
6086,Frukostflingor müsli vete havre råg korn fullkorn m. frukt nötter fröer,EPA (C20:5),Flingor - frukostflingor,0.0,g
6086,Frukostflingor müsli vete havre råg korn fullkorn m. frukt nötter fröer,Arakidonsyra C20:4,Flingor - frukostflingor,0.0,g
6086,Frukostflingor müsli vete havre råg korn fullkorn m. frukt nötter fröer,Arakidinsyra C20:0,Flingor - frukostflingor,0.0,g
6086,Frukostflingor müsli vete havre råg korn fullkorn m. frukt nötter fröer,Linolensyra C18:3,Flingor - frukostflingor,0.2,g
6086,Frukostflingor müsli vete havre råg korn fullkorn m. frukt nötter fröer,Linolsyra C18:2,Flingor - frukostflingor,7.9,g
6086,Frukostflingor müsli vete havre råg korn fullkorn m. frukt nötter fröer,Oljesyra C18:1,Flingor - frukostflingor,7.9,g
6086,Frukostflingor müsli vete havre råg korn fullkorn m. frukt nötter fröer,Stearinsyra C18:0,Flingor - frukostflingor,0.7,g
6086,Frukostflingor müsli vete havre råg korn fullkorn m. frukt nötter fröer,Palmitoljesyra C16:1,Flingor - frukostflingor,0.0,g
6086,Frukostflingor müsli vete havre råg korn fullkorn m. frukt nötter fröer,Palmitinsyra C16:0,Flingor - frukostflingor,1.9,g
6086,Frukostflingor müsli vete havre råg korn fullkorn m. frukt nötter fröer,Myristinsyra C14:0,Flingor - frukostflingor,0.1,g
6086,Frukostflingor müsli vete havre råg korn fullkorn m. frukt nötter fröer,Laurinsyra C12:0,Flingor - frukostflingor,0.5,g
6086,Frukostflingor müsli vete havre råg korn fullkorn m. frukt nötter fröer,Betakaroten/β-Karoten,Flingor - frukostflingor,36.0,µg
6086,Frukostflingor müsli vete havre råg korn fullkorn m. frukt nötter fröer,Avfall (skal etc.),Flingor - frukostflingor,0.0,%
6086,Frukostflingor müsli vete havre råg korn fullkorn m. frukt nötter fröer,Aska,Flingor - frukostflingor,2.2,g
6086,Frukostflingor müsli vete havre råg korn fullkorn m. frukt nötter fröer,Alkohol,Flingor - frukostflingor,0.0,g
6087,Mandelmjöl,"Zink, Zn",Nötter frön,3.0,mg
6087,Mandelmjöl,Vitamin E,Nötter frön,25.5,mg
6087,Mandelmjöl,Vitamin D inkl 25-OH-D3,Nötter frön,0.0,µg
6087,Mandelmjöl,Vitamin D,Nötter frön,0.0,µg
6087,Mandelmjöl,Vitamin C,Nötter frön,0.0,mg
6087,Mandelmjöl,Vitamin B6,Nötter frön,0.1,mg
6087,Mandelmjöl,Vitamin B12,Nötter frön,0.0,µg
6087,Mandelmjöl,Vitamin A,Nötter frön,0.2,RE/µg
6087,Mandelmjöl,Vatten,Nötter frön,4.3,g
6087,Mandelmjöl,Tiamin,Nötter frön,0.12,mg
6087,Mandelmjöl,Tillsatt socker,Nötter frön,0.0,g
6087,Mandelmjöl,Fritt socker,Nötter frön,0.0,g
6087,Mandelmjöl,"Selen, Se",Nötter frön,0.0,µg
6087,Mandelmjöl,Sackaros,Nötter frön,4.0,g
6087,Mandelmjöl,Riboflavin,Nötter frön,0.96,mg
6087,Mandelmjöl,Retinol,Nötter frön,0.0,µg
6087,Mandelmjöl,Protein,Nötter frön,22.4,g
6087,Mandelmjöl,Summa fleromättade fettsyror,Nötter frön,13.1,g
6087,Mandelmjöl,"Fosfor, P",Nötter frön,520.0,mg
6087,Mandelmjöl,Niacinekvivalenter,Nötter frön,6.8,NE/mg
6087,Mandelmjöl,Niacin,Nötter frön,3.1,mg
6087,Mandelmjöl,"Salt, NaCl",Nötter frön,0.0,g
6087,Mandelmjöl,"Natrium, Na",Nötter frön,8.0,mg
6087,Mandelmjöl,Monosackarider,Nötter frön,0.0,g
6087,Mandelmjöl,"Sockerarter, totalt",Nötter frön,4.0,g
6087,Mandelmjöl,Summa enkelomättade fettsyror,Nötter frön,33.4,g
6087,Mandelmjöl,"Magnesium, Mg",Nötter frön,280.0,mg
6087,Mandelmjöl,Summa mättade fettsyror,Nötter frön,4.2,g
6087,Mandelmjöl,"Kolhydrater, tillgängliga",Nötter frön,7.4,g
6087,Mandelmjöl,Kolesterol,Nötter frön,0.0,mg
6087,Mandelmjöl,"Kalium, K",Nötter frön,670.0,mg
6087,Mandelmjöl,"Jod, I",Nötter frön,0.0,µg
6087,Mandelmjöl,Fullkorn totalt,Nötter frön,0.0,g
6087,Mandelmjöl,"Folat, totalt",Nötter frön,44.5,µg
6087,Mandelmjöl,Fibrer,Nötter frön,9.8,g
6087,Mandelmjöl,"Fett, totalt",Nötter frön,53.1,g
6087,Mandelmjöl,"Järn, Fe",Nötter frön,3.6,mg
6087,Mandelmjöl,Energi (kJ),Nötter frön,2550.0,kJ
6087,Mandelmjöl,Energi (kcal),Nötter frön,610.0,kcal
6087,Mandelmjöl,Disackarider,Nötter frön,4.0,g
6087,Mandelmjöl,"Kalcium, Ca",Nötter frön,270.0,mg
6087,Mandelmjöl,Fettsyra 4:0-10:0,Nötter frön,0.0,g
6087,Mandelmjöl,DHA (C22:6),Nötter frön,0.0,g
6087,Mandelmjöl,DPA (C22:5),Nötter frön,0.0,g
6087,Mandelmjöl,EPA (C20:5),Nötter frön,0.0,g
6087,Mandelmjöl,Arakidonsyra C20:4,Nötter frön,0.0,g
6087,Mandelmjöl,Arakidinsyra C20:0,Nötter frön,0.0,g
6087,Mandelmjöl,Linolensyra C18:3,Nötter frön,0.0,g
6087,Mandelmjöl,Linolsyra C18:2,Nötter frön,13.1,g
6087,Mandelmjöl,Oljesyra C18:1,Nötter frön,33.0,g
6087,Mandelmjöl,Stearinsyra C18:0,Nötter frön,0.8,g
6087,Mandelmjöl,Palmitoljesyra C16:1,Nötter frön,0.2,g
6087,Mandelmjöl,Palmitinsyra C16:0,Nötter frön,3.3,g
6087,Mandelmjöl,Myristinsyra C14:0,Nötter frön,0.0,g
6087,Mandelmjöl,Laurinsyra C12:0,Nötter frön,0.0,g
6087,Mandelmjöl,Betakaroten/β-Karoten,Nötter frön,3.0,µg
6087,Mandelmjöl,Avfall (skal etc.),Nötter frön,0.0,%
6087,Mandelmjöl,Aska,Nötter frön,3.0,g
6087,Mandelmjöl,Alkohol,Nötter frön,0.0,g
6088,Filmjölk eko. fett 3% berikad,"Zink, Zn",Naturell fil yoghurt,0.9,mg
6088,Filmjölk eko. fett 3% berikad,Vitamin E,Naturell fil yoghurt,0.1,mg
6088,Filmjölk eko. fett 3% berikad,Vitamin D,Naturell fil yoghurt,1.0,µg
6088,Filmjölk eko. fett 3% berikad,Vitamin C,Naturell fil yoghurt,0.0,mg
6088,Filmjölk eko. fett 3% berikad,Vitamin B6,Naturell fil yoghurt,0.03,mg
6088,Filmjölk eko. fett 3% berikad,Vitamin B12,Naturell fil yoghurt,0.25,µg
6088,Filmjölk eko. fett 3% berikad,Vitamin A,Naturell fil yoghurt,27.9,RE/µg
6088,Filmjölk eko. fett 3% berikad,Vatten,Naturell fil yoghurt,88.5,g
6088,Filmjölk eko. fett 3% berikad,Tiamin,Naturell fil yoghurt,0.04,mg
6088,Filmjölk eko. fett 3% berikad,Tillsatt socker,Naturell fil yoghurt,0.0,g
6088,Filmjölk eko. fett 3% berikad,Fritt socker,Naturell fil yoghurt,0.0,g
6088,Filmjölk eko. fett 3% berikad,"Selen, Se",Naturell fil yoghurt,0.0,µg
6088,Filmjölk eko. fett 3% berikad,Sackaros,Naturell fil yoghurt,0.0,g
6088,Filmjölk eko. fett 3% berikad,Riboflavin,Naturell fil yoghurt,0.15,mg
6088,Filmjölk eko. fett 3% berikad,Retinol,Naturell fil yoghurt,26.8,µg
6088,Filmjölk eko. fett 3% berikad,Protein,Naturell fil yoghurt,3.3,g
6088,Filmjölk eko. fett 3% berikad,Summa fleromättade fettsyror,Naturell fil yoghurt,0.1,g
6088,Filmjölk eko. fett 3% berikad,"Fosfor, P",Naturell fil yoghurt,94.0,mg
6088,Filmjölk eko. fett 3% berikad,Niacinekvivalenter,Naturell fil yoghurt,0.9,NE/mg
6088,Filmjölk eko. fett 3% berikad,Niacin,Naturell fil yoghurt,0.1,mg
6088,Filmjölk eko. fett 3% berikad,"Salt, NaCl",Naturell fil yoghurt,0.1,g
6088,Filmjölk eko. fett 3% berikad,"Natrium, Na",Naturell fil yoghurt,39.0,mg
6088,Filmjölk eko. fett 3% berikad,Monosackarider,Naturell fil yoghurt,0.0,g
6088,Filmjölk eko. fett 3% berikad,"Sockerarter, totalt",Naturell fil yoghurt,3.8,g
6088,Filmjölk eko. fett 3% berikad,Summa enkelomättade fettsyror,Naturell fil yoghurt,0.7,g
6088,Filmjölk eko. fett 3% berikad,"Magnesium, Mg",Naturell fil yoghurt,12.0,mg
6088,Filmjölk eko. fett 3% berikad,Summa mättade fettsyror,Naturell fil yoghurt,1.8,g
6088,Filmjölk eko. fett 3% berikad,"Kolhydrater, tillgängliga",Naturell fil yoghurt,4.5,g
6088,Filmjölk eko. fett 3% berikad,Kolesterol,Naturell fil yoghurt,8.8,mg
6088,Filmjölk eko. fett 3% berikad,"Kalium, K",Naturell fil yoghurt,143.0,mg
6088,Filmjölk eko. fett 3% berikad,"Jod, I",Naturell fil yoghurt,11.8,µg
6088,Filmjölk eko. fett 3% berikad,Fullkorn totalt,Naturell fil yoghurt,0.0,g
6088,Filmjölk eko. fett 3% berikad,"Folat, totalt",Naturell fil yoghurt,12.8,µg
6088,Filmjölk eko. fett 3% berikad,Fibrer,Naturell fil yoghurt,0.0,g
6088,Filmjölk eko. fett 3% berikad,"Fett, totalt",Naturell fil yoghurt,2.9,g
6088,Filmjölk eko. fett 3% berikad,"Järn, Fe",Naturell fil yoghurt,0.2,mg
6088,Filmjölk eko. fett 3% berikad,Energi (kJ),Naturell fil yoghurt,240.0,kJ
6088,Filmjölk eko. fett 3% berikad,Energi (kcal),Naturell fil yoghurt,57.0,kcal
6088,Filmjölk eko. fett 3% berikad,Disackarider,Naturell fil yoghurt,3.8,g
6088,Filmjölk eko. fett 3% berikad,"Kalcium, Ca",Naturell fil yoghurt,113.0,mg
6088,Filmjölk eko. fett 3% berikad,Fettsyra 4:0-10:0,Naturell fil yoghurt,0.2,g
6088,Filmjölk eko. fett 3% berikad,DHA (C22:6),Naturell fil yoghurt,0.0,g
6088,Filmjölk eko. fett 3% berikad,DPA (C22:5),Naturell fil yoghurt,0.0,g
6088,Filmjölk eko. fett 3% berikad,EPA (C20:5),Naturell fil yoghurt,0.0,g
6088,Filmjölk eko. fett 3% berikad,Arakidonsyra C20:4,Naturell fil yoghurt,0.0,g
6088,Filmjölk eko. fett 3% berikad,Arakidinsyra C20:0,Naturell fil yoghurt,0.0,g
6088,Filmjölk eko. fett 3% berikad,Linolensyra C18:3,Naturell fil yoghurt,0.0,g
6088,Filmjölk eko. fett 3% berikad,Linolsyra C18:2,Naturell fil yoghurt,0.1,g
6088,Filmjölk eko. fett 3% berikad,Oljesyra C18:1,Naturell fil yoghurt,0.6,g
6088,Filmjölk eko. fett 3% berikad,Stearinsyra C18:0,Naturell fil yoghurt,0.3,g
6088,Filmjölk eko. fett 3% berikad,Palmitoljesyra C16:1,Naturell fil yoghurt,0.0,g
6088,Filmjölk eko. fett 3% berikad,Palmitinsyra C16:0,Naturell fil yoghurt,0.8,g
6088,Filmjölk eko. fett 3% berikad,Myristinsyra C14:0,Naturell fil yoghurt,0.3,g
6088,Filmjölk eko. fett 3% berikad,Laurinsyra C12:0,Naturell fil yoghurt,0.1,g
6088,Filmjölk eko. fett 3% berikad,Betakaroten/β-Karoten,Naturell fil yoghurt,14.0,µg
6088,Filmjölk eko. fett 3% berikad,Avfall (skal etc.),Naturell fil yoghurt,0.0,%
6088,Filmjölk eko. fett 3% berikad,Aska,Naturell fil yoghurt,0.8,g
6088,Filmjölk eko. fett 3% berikad,Alkohol,Naturell fil yoghurt,0.0,g
6089,Kvarg drickf. olika smaker,"Zink, Zn",Färskost o kvarg,0.7,mg
6089,Kvarg drickf. olika smaker,Vitamin E,Färskost o kvarg,0.0,mg
6089,Kvarg drickf. olika smaker,Vitamin D inkl 25-OH-D3,Färskost o kvarg,0.0,µg
6089,Kvarg drickf. olika smaker,Vitamin D,Färskost o kvarg,0.0,µg
6089,Kvarg drickf. olika smaker,Vitamin C,Färskost o kvarg,0.0,mg
6089,Kvarg drickf. olika smaker,Vitamin B6,Färskost o kvarg,0.04,mg
6089,Kvarg drickf. olika smaker,Vitamin B12,Färskost o kvarg,0.35,µg
6089,Kvarg drickf. olika smaker,Vitamin A,Färskost o kvarg,0.9,RE/µg
6089,Kvarg drickf. olika smaker,Vatten,Färskost o kvarg,89.0,g
6089,Kvarg drickf. olika smaker,Tiamin,Färskost o kvarg,0.04,mg
6089,Kvarg drickf. olika smaker,Tillsatt socker,Färskost o kvarg,0.0,g
6089,Kvarg drickf. olika smaker,Fritt socker,Färskost o kvarg,0.0,g
6089,Kvarg drickf. olika smaker,"Selen, Se",Färskost o kvarg,0.0,µg
6089,Kvarg drickf. olika smaker,Sackaros,Färskost o kvarg,0.2,g
6089,Kvarg drickf. olika smaker,Riboflavin,Färskost o kvarg,0.16,mg
6089,Kvarg drickf. olika smaker,Retinol,Färskost o kvarg,0.0,µg
6089,Kvarg drickf. olika smaker,Protein,Färskost o kvarg,5.4,g
6089,Kvarg drickf. olika smaker,Summa fleromättade fettsyror,Färskost o kvarg,0.0,g
6089,Kvarg drickf. olika smaker,"Fosfor, P",Färskost o kvarg,112.0,mg
6089,Kvarg drickf. olika smaker,Niacinekvivalenter,Färskost o kvarg,1.4,NE/mg
6089,Kvarg drickf. olika smaker,Niacin,Färskost o kvarg,0.16,mg
6089,Kvarg drickf. olika smaker,"Salt, NaCl",Färskost o kvarg,0.1,g
6089,Kvarg drickf. olika smaker,"Natrium, Na",Färskost o kvarg,33.0,mg
6089,Kvarg drickf. olika smaker,Monosackarider,Färskost o kvarg,0.4,g
6089,Kvarg drickf. olika smaker,"Sockerarter, totalt",Färskost o kvarg,2.9,g
6089,Kvarg drickf. olika smaker,Summa enkelomättade fettsyror,Färskost o kvarg,0.0,g
6089,Kvarg drickf. olika smaker,"Magnesium, Mg",Färskost o kvarg,14.0,mg
6089,Kvarg drickf. olika smaker,Summa mättade fettsyror,Färskost o kvarg,0.0,g
6089,Kvarg drickf. olika smaker,"Kolhydrater, tillgängliga",Färskost o kvarg,4.6,g
6089,Kvarg drickf. olika smaker,Kolesterol,Färskost o kvarg,4.0,mg
6089,Kvarg drickf. olika smaker,"Kalium, K",Färskost o kvarg,149.0,mg
6089,Kvarg drickf. olika smaker,"Jod, I",Färskost o kvarg,12.8,µg
6089,Kvarg drickf. olika smaker,Fullkorn totalt,Färskost o kvarg,0.0,g
6089,Kvarg drickf. olika smaker,"Folat, totalt",Färskost o kvarg,14.3,µg
6089,Kvarg drickf. olika smaker,Fibrer,Färskost o kvarg,0.0,g
6089,Kvarg drickf. olika smaker,"Fett, totalt",Färskost o kvarg,0.2,g
6089,Kvarg drickf. olika smaker,"Järn, Fe",Färskost o kvarg,0.0,mg
6089,Kvarg drickf. olika smaker,Energi (kJ),Färskost o kvarg,177.0,kJ
6089,Kvarg drickf. olika smaker,Energi (kcal),Färskost o kvarg,42.0,kcal
6089,Kvarg drickf. olika smaker,Disackarider,Färskost o kvarg,2.5,g
6089,Kvarg drickf. olika smaker,"Kalcium, Ca",Färskost o kvarg,159.0,mg
6089,Kvarg drickf. olika smaker,Fettsyra 4:0-10:0,Färskost o kvarg,0.0,g
6089,Kvarg drickf. olika smaker,DHA (C22:6),Färskost o kvarg,0.0,g
6089,Kvarg drickf. olika smaker,DPA (C22:5),Färskost o kvarg,0.0,g
6089,Kvarg drickf. olika smaker,EPA (C20:5),Färskost o kvarg,0.0,g
6089,Kvarg drickf. olika smaker,Arakidonsyra C20:4,Färskost o kvarg,0.0,g
6089,Kvarg drickf. olika smaker,Arakidinsyra C20:0,Färskost o kvarg,0.0,g
6089,Kvarg drickf. olika smaker,Linolensyra C18:3,Färskost o kvarg,0.0,g
6089,Kvarg drickf. olika smaker,Linolsyra C18:2,Färskost o kvarg,0.0,g
6089,Kvarg drickf. olika smaker,Oljesyra C18:1,Färskost o kvarg,0.0,g
6089,Kvarg drickf. olika smaker,Stearinsyra C18:0,Färskost o kvarg,0.0,g
6089,Kvarg drickf. olika smaker,Palmitoljesyra C16:1,Färskost o kvarg,0.0,g
6089,Kvarg drickf. olika smaker,Palmitinsyra C16:0,Färskost o kvarg,0.0,g
6089,Kvarg drickf. olika smaker,Myristinsyra C14:0,Färskost o kvarg,0.0,g
6089,Kvarg drickf. olika smaker,Laurinsyra C12:0,Färskost o kvarg,0.0,g
6089,Kvarg drickf. olika smaker,Betakaroten/β-Karoten,Färskost o kvarg,8.0,µg
6089,Kvarg drickf. olika smaker,Avfall (skal etc.),Färskost o kvarg,0.0,%
6089,Kvarg drickf. olika smaker,Aska,Färskost o kvarg,0.8,g
6089,Kvarg drickf. olika smaker,Alkohol,Färskost o kvarg,0.0,g
6090,Kvarg smaksatt sötningsm.,"Zink, Zn",Färskost o kvarg,0.5,mg
6090,Kvarg smaksatt sötningsm.,Vitamin E,Färskost o kvarg,0.0,mg
6090,Kvarg smaksatt sötningsm.,Vitamin D inkl 25-OH-D3,Färskost o kvarg,0.0,µg
6090,Kvarg smaksatt sötningsm.,Vitamin D,Färskost o kvarg,0.0,µg
6090,Kvarg smaksatt sötningsm.,Vitamin C,Färskost o kvarg,0.0,mg
6090,Kvarg smaksatt sötningsm.,Vitamin B6,Färskost o kvarg,0.05,mg
6090,Kvarg smaksatt sötningsm.,Vitamin B12,Färskost o kvarg,0.53,µg
6090,Kvarg smaksatt sötningsm.,Vitamin A,Färskost o kvarg,2.3,RE/µg
6090,Kvarg smaksatt sötningsm.,Vatten,Färskost o kvarg,83.9,g
6090,Kvarg smaksatt sötningsm.,Tiamin,Färskost o kvarg,0.04,mg
6090,Kvarg smaksatt sötningsm.,Tillsatt socker,Färskost o kvarg,0.0,g
6090,Kvarg smaksatt sötningsm.,Fritt socker,Färskost o kvarg,0.0,g
6090,Kvarg smaksatt sötningsm.,"Selen, Se",Färskost o kvarg,0.0,µg
6090,Kvarg smaksatt sötningsm.,Sackaros,Färskost o kvarg,0.0,g
6090,Kvarg smaksatt sötningsm.,Riboflavin,Färskost o kvarg,0.21,mg
6090,Kvarg smaksatt sötningsm.,Retinol,Färskost o kvarg,0.0,µg
6090,Kvarg smaksatt sötningsm.,Protein,Färskost o kvarg,10.0,g
6090,Kvarg smaksatt sötningsm.,Summa fleromättade fettsyror,Färskost o kvarg,0.0,g
6090,Kvarg smaksatt sötningsm.,"Fosfor, P",Färskost o kvarg,112.0,mg
6090,Kvarg smaksatt sötningsm.,Niacinekvivalenter,Färskost o kvarg,2.6,NE/mg
6090,Kvarg smaksatt sötningsm.,Niacin,Färskost o kvarg,0.25,mg
6090,Kvarg smaksatt sötningsm.,"Salt, NaCl",Färskost o kvarg,0.1,g
6090,Kvarg smaksatt sötningsm.,"Natrium, Na",Färskost o kvarg,31.0,mg
6090,Kvarg smaksatt sötningsm.,Monosackarider,Färskost o kvarg,0.4,g
6090,Kvarg smaksatt sötningsm.,"Sockerarter, totalt",Färskost o kvarg,2.5,g
6090,Kvarg smaksatt sötningsm.,Summa enkelomättade fettsyror,Färskost o kvarg,0.0,g
6090,Kvarg smaksatt sötningsm.,"Magnesium, Mg",Färskost o kvarg,11.0,mg
6090,Kvarg smaksatt sötningsm.,Summa mättade fettsyror,Färskost o kvarg,0.1,g
6090,Kvarg smaksatt sötningsm.,"Kolhydrater, tillgängliga",Färskost o kvarg,5.2,g
6090,Kvarg smaksatt sötningsm.,Kolesterol,Färskost o kvarg,6.7,mg
6090,Kvarg smaksatt sötningsm.,"Kalium, K",Färskost o kvarg,112.0,mg
6090,Kvarg smaksatt sötningsm.,"Jod, I",Färskost o kvarg,15.0,µg
6090,Kvarg smaksatt sötningsm.,Fullkorn totalt,Färskost o kvarg,0.0,g
6090,Kvarg smaksatt sötningsm.,"Folat, totalt",Färskost o kvarg,26.3,µg
6090,Kvarg smaksatt sötningsm.,Fibrer,Färskost o kvarg,0.0,g
6090,Kvarg smaksatt sötningsm.,"Fett, totalt",Färskost o kvarg,0.2,g
6090,Kvarg smaksatt sötningsm.,"Järn, Fe",Färskost o kvarg,0.0,mg
6090,Kvarg smaksatt sötningsm.,Energi (kJ),Färskost o kvarg,266.0,kJ
6090,Kvarg smaksatt sötningsm.,Energi (kcal),Färskost o kvarg,64.0,kcal
6090,Kvarg smaksatt sötningsm.,Disackarider,Färskost o kvarg,2.1,g
6090,Kvarg smaksatt sötningsm.,"Kalcium, Ca",Färskost o kvarg,108.0,mg
6090,Kvarg smaksatt sötningsm.,Fettsyra 4:0-10:0,Färskost o kvarg,0.0,g
6090,Kvarg smaksatt sötningsm.,DHA (C22:6),Färskost o kvarg,0.0,g
6090,Kvarg smaksatt sötningsm.,DPA (C22:5),Färskost o kvarg,0.0,g
6090,Kvarg smaksatt sötningsm.,EPA (C20:5),Färskost o kvarg,0.0,g
6090,Kvarg smaksatt sötningsm.,Arakidonsyra C20:4,Färskost o kvarg,0.0,g
6090,Kvarg smaksatt sötningsm.,Arakidinsyra C20:0,Färskost o kvarg,0.0,g
6090,Kvarg smaksatt sötningsm.,Linolensyra C18:3,Färskost o kvarg,0.0,g
6090,Kvarg smaksatt sötningsm.,Linolsyra C18:2,Färskost o kvarg,0.0,g
6090,Kvarg smaksatt sötningsm.,Oljesyra C18:1,Färskost o kvarg,0.0,g
6090,Kvarg smaksatt sötningsm.,Stearinsyra C18:0,Färskost o kvarg,0.0,g
6090,Kvarg smaksatt sötningsm.,Palmitoljesyra C16:1,Färskost o kvarg,0.0,g
6090,Kvarg smaksatt sötningsm.,Palmitinsyra C16:0,Färskost o kvarg,0.1,g
6090,Kvarg smaksatt sötningsm.,Myristinsyra C14:0,Färskost o kvarg,0.0,g
6090,Kvarg smaksatt sötningsm.,Laurinsyra C12:0,Färskost o kvarg,0.0,g
6090,Kvarg smaksatt sötningsm.,Betakaroten/β-Karoten,Färskost o kvarg,28.0,µg
6090,Kvarg smaksatt sötningsm.,Avfall (skal etc.),Färskost o kvarg,0.0,%
6090,Kvarg smaksatt sötningsm.,Aska,Färskost o kvarg,0.7,g
6090,Kvarg smaksatt sötningsm.,Alkohol,Färskost o kvarg,0.01,g
6091,Kvarg smaksatt m. socker,"Zink, Zn",Färskost o kvarg,0.5,mg
6091,Kvarg smaksatt m. socker,Vitamin E,Färskost o kvarg,0.0,mg
6091,Kvarg smaksatt m. socker,Vitamin D inkl 25-OH-D3,Färskost o kvarg,0.0,µg
6091,Kvarg smaksatt m. socker,Vitamin D,Färskost o kvarg,0.0,µg
6091,Kvarg smaksatt m. socker,Vitamin C,Färskost o kvarg,0.0,mg
6091,Kvarg smaksatt m. socker,Vitamin B6,Färskost o kvarg,0.05,mg
6091,Kvarg smaksatt m. socker,Vitamin B12,Färskost o kvarg,0.53,µg
6091,Kvarg smaksatt m. socker,Vitamin A,Färskost o kvarg,2.3,RE/µg
6091,Kvarg smaksatt m. socker,Vatten,Färskost o kvarg,83.9,g
6091,Kvarg smaksatt m. socker,Tiamin,Färskost o kvarg,0.04,mg
6091,Kvarg smaksatt m. socker,Tillsatt socker,Färskost o kvarg,5.0,g
6091,Kvarg smaksatt m. socker,Fritt socker,Färskost o kvarg,5.0,g
6091,Kvarg smaksatt m. socker,"Selen, Se",Färskost o kvarg,0.0,µg
6091,Kvarg smaksatt m. socker,Sackaros,Färskost o kvarg,2.5,g
6091,Kvarg smaksatt m. socker,Riboflavin,Färskost o kvarg,0.21,mg
6091,Kvarg smaksatt m. socker,Retinol,Färskost o kvarg,0.0,µg
6091,Kvarg smaksatt m. socker,Protein,Färskost o kvarg,10.0,g
6091,Kvarg smaksatt m. socker,Summa fleromättade fettsyror,Färskost o kvarg,0.0,g
6091,Kvarg smaksatt m. socker,"Fosfor, P",Färskost o kvarg,112.0,mg
6091,Kvarg smaksatt m. socker,Niacinekvivalenter,Färskost o kvarg,2.6,NE/mg
6091,Kvarg smaksatt m. socker,Niacin,Färskost o kvarg,0.25,mg
6091,Kvarg smaksatt m. socker,"Salt, NaCl",Färskost o kvarg,0.1,g
6091,Kvarg smaksatt m. socker,"Natrium, Na",Färskost o kvarg,31.0,mg
6091,Kvarg smaksatt m. socker,Monosackarider,Färskost o kvarg,2.7,g
6091,Kvarg smaksatt m. socker,"Sockerarter, totalt",Färskost o kvarg,7.5,g
6091,Kvarg smaksatt m. socker,Summa enkelomättade fettsyror,Färskost o kvarg,0.0,g
6091,Kvarg smaksatt m. socker,"Magnesium, Mg",Färskost o kvarg,11.0,mg
6091,Kvarg smaksatt m. socker,Summa mättade fettsyror,Färskost o kvarg,0.1,g
6091,Kvarg smaksatt m. socker,"Kolhydrater, tillgängliga",Färskost o kvarg,5.2,g
6091,Kvarg smaksatt m. socker,Kolesterol,Färskost o kvarg,6.7,mg
6091,Kvarg smaksatt m. socker,"Kalium, K",Färskost o kvarg,112.0,mg
6091,Kvarg smaksatt m. socker,"Jod, I",Färskost o kvarg,15.0,µg
6091,Kvarg smaksatt m. socker,Fullkorn totalt,Färskost o kvarg,0.0,g
6091,Kvarg smaksatt m. socker,"Folat, totalt",Färskost o kvarg,26.3,µg
6091,Kvarg smaksatt m. socker,Fibrer,Färskost o kvarg,0.0,g
6091,Kvarg smaksatt m. socker,"Fett, totalt",Färskost o kvarg,0.2,g
6091,Kvarg smaksatt m. socker,"Järn, Fe",Färskost o kvarg,0.0,mg
6091,Kvarg smaksatt m. socker,Energi (kJ),Färskost o kvarg,266.0,kJ
6091,Kvarg smaksatt m. socker,Energi (kcal),Färskost o kvarg,64.0,kcal
6091,Kvarg smaksatt m. socker,Disackarider,Färskost o kvarg,4.8,g
6091,Kvarg smaksatt m. socker,"Kalcium, Ca",Färskost o kvarg,108.0,mg
6091,Kvarg smaksatt m. socker,Fettsyra 4:0-10:0,Färskost o kvarg,0.0,g
6091,Kvarg smaksatt m. socker,DHA (C22:6),Färskost o kvarg,0.0,g
6091,Kvarg smaksatt m. socker,DPA (C22:5),Färskost o kvarg,0.0,g
6091,Kvarg smaksatt m. socker,EPA (C20:5),Färskost o kvarg,0.0,g
6091,Kvarg smaksatt m. socker,Arakidonsyra C20:4,Färskost o kvarg,0.0,g
6091,Kvarg smaksatt m. socker,Arakidinsyra C20:0,Färskost o kvarg,0.0,g
6091,Kvarg smaksatt m. socker,Linolensyra C18:3,Färskost o kvarg,0.0,g
6091,Kvarg smaksatt m. socker,Linolsyra C18:2,Färskost o kvarg,0.0,g
6091,Kvarg smaksatt m. socker,Oljesyra C18:1,Färskost o kvarg,0.0,g
6091,Kvarg smaksatt m. socker,Stearinsyra C18:0,Färskost o kvarg,0.0,g
6091,Kvarg smaksatt m. socker,Palmitoljesyra C16:1,Färskost o kvarg,0.0,g
6091,Kvarg smaksatt m. socker,Palmitinsyra C16:0,Färskost o kvarg,0.1,g
6091,Kvarg smaksatt m. socker,Myristinsyra C14:0,Färskost o kvarg,0.0,g
6091,Kvarg smaksatt m. socker,Laurinsyra C12:0,Färskost o kvarg,0.0,g
6091,Kvarg smaksatt m. socker,Betakaroten/β-Karoten,Färskost o kvarg,28.0,µg
6091,Kvarg smaksatt m. socker,Avfall (skal etc.),Färskost o kvarg,0.0,%
6091,Kvarg smaksatt m. socker,Aska,Färskost o kvarg,0.7,g
6091,Kvarg smaksatt m. socker,Alkohol,Färskost o kvarg,0.03,g
6092,Drickyoghurt smaksatt fett ca 1% socker ca 8%,"Zink, Zn",Mjölkdryck chokladdryck milkshake smothie m yoghurt,0.3,mg
6092,Drickyoghurt smaksatt fett ca 1% socker ca 8%,Vitamin E,Mjölkdryck chokladdryck milkshake smothie m yoghurt,0.0,mg
6092,Drickyoghurt smaksatt fett ca 1% socker ca 8%,Vitamin D,Mjölkdryck chokladdryck milkshake smothie m yoghurt,0.13,µg
6092,Drickyoghurt smaksatt fett ca 1% socker ca 8%,Vitamin C,Mjölkdryck chokladdryck milkshake smothie m yoghurt,0.0,mg
6092,Drickyoghurt smaksatt fett ca 1% socker ca 8%,Vitamin B6,Mjölkdryck chokladdryck milkshake smothie m yoghurt,0.03,mg
6092,Drickyoghurt smaksatt fett ca 1% socker ca 8%,Vitamin B12,Mjölkdryck chokladdryck milkshake smothie m yoghurt,0.18,µg
6092,Drickyoghurt smaksatt fett ca 1% socker ca 8%,Vitamin A,Mjölkdryck chokladdryck milkshake smothie m yoghurt,7.8,RE/µg
6092,Drickyoghurt smaksatt fett ca 1% socker ca 8%,Vatten,Mjölkdryck chokladdryck milkshake smothie m yoghurt,85.7,g
6092,Drickyoghurt smaksatt fett ca 1% socker ca 8%,Tiamin,Mjölkdryck chokladdryck milkshake smothie m yoghurt,0.03,mg
6092,Drickyoghurt smaksatt fett ca 1% socker ca 8%,Tillsatt socker,Mjölkdryck chokladdryck milkshake smothie m yoghurt,4.0,g
6092,Drickyoghurt smaksatt fett ca 1% socker ca 8%,Fritt socker,Mjölkdryck chokladdryck milkshake smothie m yoghurt,5.0,g
6092,Drickyoghurt smaksatt fett ca 1% socker ca 8%,"Selen, Se",Mjölkdryck chokladdryck milkshake smothie m yoghurt,0.0,µg
6092,Drickyoghurt smaksatt fett ca 1% socker ca 8%,Sackaros,Mjölkdryck chokladdryck milkshake smothie m yoghurt,3.8,g
6092,Drickyoghurt smaksatt fett ca 1% socker ca 8%,Riboflavin,Mjölkdryck chokladdryck milkshake smothie m yoghurt,0.14,mg
6092,Drickyoghurt smaksatt fett ca 1% socker ca 8%,Retinol,Mjölkdryck chokladdryck milkshake smothie m yoghurt,6.5,µg
6092,Drickyoghurt smaksatt fett ca 1% socker ca 8%,Protein,Mjölkdryck chokladdryck milkshake smothie m yoghurt,2.8,g
6092,Drickyoghurt smaksatt fett ca 1% socker ca 8%,Summa fleromättade fettsyror,Mjölkdryck chokladdryck milkshake smothie m yoghurt,0.0,g
6092,Drickyoghurt smaksatt fett ca 1% socker ca 8%,"Fosfor, P",Mjölkdryck chokladdryck milkshake smothie m yoghurt,76.0,mg
6092,Drickyoghurt smaksatt fett ca 1% socker ca 8%,Niacinekvivalenter,Mjölkdryck chokladdryck milkshake smothie m yoghurt,0.8,NE/mg
6092,Drickyoghurt smaksatt fett ca 1% socker ca 8%,Niacin,Mjölkdryck chokladdryck milkshake smothie m yoghurt,0.13,mg
6092,Drickyoghurt smaksatt fett ca 1% socker ca 8%,"Salt, NaCl",Mjölkdryck chokladdryck milkshake smothie m yoghurt,0.1,g
6092,Drickyoghurt smaksatt fett ca 1% socker ca 8%,"Natrium, Na",Mjölkdryck chokladdryck milkshake smothie m yoghurt,35.0,mg
6092,Drickyoghurt smaksatt fett ca 1% socker ca 8%,Monosackarider,Mjölkdryck chokladdryck milkshake smothie m yoghurt,1.1,g
6092,Drickyoghurt smaksatt fett ca 1% socker ca 8%,"Sockerarter, totalt",Mjölkdryck chokladdryck milkshake smothie m yoghurt,7.7,g
6092,Drickyoghurt smaksatt fett ca 1% socker ca 8%,Summa enkelomättade fettsyror,Mjölkdryck chokladdryck milkshake smothie m yoghurt,0.2,g
6092,Drickyoghurt smaksatt fett ca 1% socker ca 8%,"Magnesium, Mg",Mjölkdryck chokladdryck milkshake smothie m yoghurt,10.0,mg
6092,Drickyoghurt smaksatt fett ca 1% socker ca 8%,Summa mättade fettsyror,Mjölkdryck chokladdryck milkshake smothie m yoghurt,0.5,g
6092,Drickyoghurt smaksatt fett ca 1% socker ca 8%,"Kolhydrater, tillgängliga",Mjölkdryck chokladdryck milkshake smothie m yoghurt,10.1,g
6092,Drickyoghurt smaksatt fett ca 1% socker ca 8%,Kolesterol,Mjölkdryck chokladdryck milkshake smothie m yoghurt,4.5,mg
6092,Drickyoghurt smaksatt fett ca 1% socker ca 8%,"Kalium, K",Mjölkdryck chokladdryck milkshake smothie m yoghurt,129.0,mg
6092,Drickyoghurt smaksatt fett ca 1% socker ca 8%,"Jod, I",Mjölkdryck chokladdryck milkshake smothie m yoghurt,10.1,µg
6092,Drickyoghurt smaksatt fett ca 1% socker ca 8%,Fullkorn totalt,Mjölkdryck chokladdryck milkshake smothie m yoghurt,0.0,g
6092,Drickyoghurt smaksatt fett ca 1% socker ca 8%,"Folat, totalt",Mjölkdryck chokladdryck milkshake smothie m yoghurt,11.4,µg
6092,Drickyoghurt smaksatt fett ca 1% socker ca 8%,Fibrer,Mjölkdryck chokladdryck milkshake smothie m yoghurt,0.0,g
6092,Drickyoghurt smaksatt fett ca 1% socker ca 8%,"Fett, totalt",Mjölkdryck chokladdryck milkshake smothie m yoghurt,0.8,g
6092,Drickyoghurt smaksatt fett ca 1% socker ca 8%,"Järn, Fe",Mjölkdryck chokladdryck milkshake smothie m yoghurt,0.0,mg
6092,Drickyoghurt smaksatt fett ca 1% socker ca 8%,Energi (kJ),Mjölkdryck chokladdryck milkshake smothie m yoghurt,248.0,kJ
6092,Drickyoghurt smaksatt fett ca 1% socker ca 8%,Energi (kcal),Mjölkdryck chokladdryck milkshake smothie m yoghurt,59.0,kcal
6092,Drickyoghurt smaksatt fett ca 1% socker ca 8%,Disackarider,Mjölkdryck chokladdryck milkshake smothie m yoghurt,6.7,g
6092,Drickyoghurt smaksatt fett ca 1% socker ca 8%,"Kalcium, Ca",Mjölkdryck chokladdryck milkshake smothie m yoghurt,106.0,mg
6092,Drickyoghurt smaksatt fett ca 1% socker ca 8%,Fettsyra 4:0-10:0,Mjölkdryck chokladdryck milkshake smothie m yoghurt,0.1,g
6092,Drickyoghurt smaksatt fett ca 1% socker ca 8%,DHA (C22:6),Mjölkdryck chokladdryck milkshake smothie m yoghurt,0.0,g
6092,Drickyoghurt smaksatt fett ca 1% socker ca 8%,DPA (C22:5),Mjölkdryck chokladdryck milkshake smothie m yoghurt,0.0,g
6092,Drickyoghurt smaksatt fett ca 1% socker ca 8%,EPA (C20:5),Mjölkdryck chokladdryck milkshake smothie m yoghurt,0.0,g
6092,Drickyoghurt smaksatt fett ca 1% socker ca 8%,Arakidonsyra C20:4,Mjölkdryck chokladdryck milkshake smothie m yoghurt,0.0,g
6092,Drickyoghurt smaksatt fett ca 1% socker ca 8%,Arakidinsyra C20:0,Mjölkdryck chokladdryck milkshake smothie m yoghurt,0.0,g
6092,Drickyoghurt smaksatt fett ca 1% socker ca 8%,Linolensyra C18:3,Mjölkdryck chokladdryck milkshake smothie m yoghurt,0.0,g
6092,Drickyoghurt smaksatt fett ca 1% socker ca 8%,Linolsyra C18:2,Mjölkdryck chokladdryck milkshake smothie m yoghurt,0.0,g
6092,Drickyoghurt smaksatt fett ca 1% socker ca 8%,Oljesyra C18:1,Mjölkdryck chokladdryck milkshake smothie m yoghurt,0.2,g
6092,Drickyoghurt smaksatt fett ca 1% socker ca 8%,Stearinsyra C18:0,Mjölkdryck chokladdryck milkshake smothie m yoghurt,0.1,g
6092,Drickyoghurt smaksatt fett ca 1% socker ca 8%,Palmitoljesyra C16:1,Mjölkdryck chokladdryck milkshake smothie m yoghurt,0.0,g
6092,Drickyoghurt smaksatt fett ca 1% socker ca 8%,Palmitinsyra C16:0,Mjölkdryck chokladdryck milkshake smothie m yoghurt,0.2,g
6092,Drickyoghurt smaksatt fett ca 1% socker ca 8%,Myristinsyra C14:0,Mjölkdryck chokladdryck milkshake smothie m yoghurt,0.1,g
6092,Drickyoghurt smaksatt fett ca 1% socker ca 8%,Laurinsyra C12:0,Mjölkdryck chokladdryck milkshake smothie m yoghurt,0.0,g
6092,Drickyoghurt smaksatt fett ca 1% socker ca 8%,Betakaroten/β-Karoten,Mjölkdryck chokladdryck milkshake smothie m yoghurt,14.0,µg
6092,Drickyoghurt smaksatt fett ca 1% socker ca 8%,Avfall (skal etc.),Mjölkdryck chokladdryck milkshake smothie m yoghurt,0.0,%
6092,Drickyoghurt smaksatt fett ca 1% socker ca 8%,Aska,Mjölkdryck chokladdryck milkshake smothie m yoghurt,0.6,g
6092,Drickyoghurt smaksatt fett ca 1% socker ca 8%,Alkohol,Mjölkdryck chokladdryck milkshake smothie m yoghurt,0.0,g
6093,Drickyoghurt smaksatt fett ca 1% socker ca 11%,"Zink, Zn",Mjölkdryck chokladdryck milkshake smothie m yoghurt,0.3,mg
6093,Drickyoghurt smaksatt fett ca 1% socker ca 11%,Vitamin E,Mjölkdryck chokladdryck milkshake smothie m yoghurt,0.0,mg
6093,Drickyoghurt smaksatt fett ca 1% socker ca 11%,Vitamin D,Mjölkdryck chokladdryck milkshake smothie m yoghurt,0.13,µg
6093,Drickyoghurt smaksatt fett ca 1% socker ca 11%,Vitamin C,Mjölkdryck chokladdryck milkshake smothie m yoghurt,0.0,mg
6093,Drickyoghurt smaksatt fett ca 1% socker ca 11%,Vitamin B6,Mjölkdryck chokladdryck milkshake smothie m yoghurt,0.03,mg
6093,Drickyoghurt smaksatt fett ca 1% socker ca 11%,Vitamin B12,Mjölkdryck chokladdryck milkshake smothie m yoghurt,0.18,µg
6093,Drickyoghurt smaksatt fett ca 1% socker ca 11%,Vitamin A,Mjölkdryck chokladdryck milkshake smothie m yoghurt,7.8,RE/µg
6093,Drickyoghurt smaksatt fett ca 1% socker ca 11%,Vatten,Mjölkdryck chokladdryck milkshake smothie m yoghurt,85.7,g
6093,Drickyoghurt smaksatt fett ca 1% socker ca 11%,Tiamin,Mjölkdryck chokladdryck milkshake smothie m yoghurt,0.03,mg
6093,Drickyoghurt smaksatt fett ca 1% socker ca 11%,Tillsatt socker,Mjölkdryck chokladdryck milkshake smothie m yoghurt,8.0,g
6093,Drickyoghurt smaksatt fett ca 1% socker ca 11%,Fritt socker,Mjölkdryck chokladdryck milkshake smothie m yoghurt,8.0,g
6093,Drickyoghurt smaksatt fett ca 1% socker ca 11%,"Selen, Se",Mjölkdryck chokladdryck milkshake smothie m yoghurt,0.0,µg
6093,Drickyoghurt smaksatt fett ca 1% socker ca 11%,Sackaros,Mjölkdryck chokladdryck milkshake smothie m yoghurt,6.3,g
6093,Drickyoghurt smaksatt fett ca 1% socker ca 11%,Riboflavin,Mjölkdryck chokladdryck milkshake smothie m yoghurt,0.14,mg
6093,Drickyoghurt smaksatt fett ca 1% socker ca 11%,Retinol,Mjölkdryck chokladdryck milkshake smothie m yoghurt,6.5,µg
6093,Drickyoghurt smaksatt fett ca 1% socker ca 11%,Protein,Mjölkdryck chokladdryck milkshake smothie m yoghurt,2.8,g
6093,Drickyoghurt smaksatt fett ca 1% socker ca 11%,Summa fleromättade fettsyror,Mjölkdryck chokladdryck milkshake smothie m yoghurt,0.0,g
6093,Drickyoghurt smaksatt fett ca 1% socker ca 11%,"Fosfor, P",Mjölkdryck chokladdryck milkshake smothie m yoghurt,76.0,mg
6093,Drickyoghurt smaksatt fett ca 1% socker ca 11%,Niacinekvivalenter,Mjölkdryck chokladdryck milkshake smothie m yoghurt,0.8,NE/mg
6093,Drickyoghurt smaksatt fett ca 1% socker ca 11%,Niacin,Mjölkdryck chokladdryck milkshake smothie m yoghurt,0.13,mg
6093,Drickyoghurt smaksatt fett ca 1% socker ca 11%,"Salt, NaCl",Mjölkdryck chokladdryck milkshake smothie m yoghurt,0.1,g
6093,Drickyoghurt smaksatt fett ca 1% socker ca 11%,"Natrium, Na",Mjölkdryck chokladdryck milkshake smothie m yoghurt,35.0,mg
6093,Drickyoghurt smaksatt fett ca 1% socker ca 11%,Monosackarider,Mjölkdryck chokladdryck milkshake smothie m yoghurt,1.5,g
6093,Drickyoghurt smaksatt fett ca 1% socker ca 11%,"Sockerarter, totalt",Mjölkdryck chokladdryck milkshake smothie m yoghurt,10.8,g
6093,Drickyoghurt smaksatt fett ca 1% socker ca 11%,Summa enkelomättade fettsyror,Mjölkdryck chokladdryck milkshake smothie m yoghurt,0.2,g
6093,Drickyoghurt smaksatt fett ca 1% socker ca 11%,"Magnesium, Mg",Mjölkdryck chokladdryck milkshake smothie m yoghurt,10.0,mg
6093,Drickyoghurt smaksatt fett ca 1% socker ca 11%,Summa mättade fettsyror,Mjölkdryck chokladdryck milkshake smothie m yoghurt,0.5,g
6093,Drickyoghurt smaksatt fett ca 1% socker ca 11%,"Kolhydrater, tillgängliga",Mjölkdryck chokladdryck milkshake smothie m yoghurt,10.1,g
6093,Drickyoghurt smaksatt fett ca 1% socker ca 11%,Kolesterol,Mjölkdryck chokladdryck milkshake smothie m yoghurt,4.5,mg
6093,Drickyoghurt smaksatt fett ca 1% socker ca 11%,"Kalium, K",Mjölkdryck chokladdryck milkshake smothie m yoghurt,129.0,mg
6093,Drickyoghurt smaksatt fett ca 1% socker ca 11%,"Jod, I",Mjölkdryck chokladdryck milkshake smothie m yoghurt,10.1,µg
6093,Drickyoghurt smaksatt fett ca 1% socker ca 11%,Fullkorn totalt,Mjölkdryck chokladdryck milkshake smothie m yoghurt,0.0,g
6093,Drickyoghurt smaksatt fett ca 1% socker ca 11%,"Folat, totalt",Mjölkdryck chokladdryck milkshake smothie m yoghurt,11.4,µg
6093,Drickyoghurt smaksatt fett ca 1% socker ca 11%,Fibrer,Mjölkdryck chokladdryck milkshake smothie m yoghurt,0.0,g
6093,Drickyoghurt smaksatt fett ca 1% socker ca 11%,"Fett, totalt",Mjölkdryck chokladdryck milkshake smothie m yoghurt,0.8,g
6093,Drickyoghurt smaksatt fett ca 1% socker ca 11%,"Järn, Fe",Mjölkdryck chokladdryck milkshake smothie m yoghurt,0.0,mg
6093,Drickyoghurt smaksatt fett ca 1% socker ca 11%,Energi (kJ),Mjölkdryck chokladdryck milkshake smothie m yoghurt,248.0,kJ
6093,Drickyoghurt smaksatt fett ca 1% socker ca 11%,Energi (kcal),Mjölkdryck chokladdryck milkshake smothie m yoghurt,59.0,kcal
6093,Drickyoghurt smaksatt fett ca 1% socker ca 11%,Disackarider,Mjölkdryck chokladdryck milkshake smothie m yoghurt,9.3,g
6093,Drickyoghurt smaksatt fett ca 1% socker ca 11%,"Kalcium, Ca",Mjölkdryck chokladdryck milkshake smothie m yoghurt,106.0,mg
6093,Drickyoghurt smaksatt fett ca 1% socker ca 11%,Fettsyra 4:0-10:0,Mjölkdryck chokladdryck milkshake smothie m yoghurt,0.1,g
6093,Drickyoghurt smaksatt fett ca 1% socker ca 11%,DHA (C22:6),Mjölkdryck chokladdryck milkshake smothie m yoghurt,0.0,g
6093,Drickyoghurt smaksatt fett ca 1% socker ca 11%,DPA (C22:5),Mjölkdryck chokladdryck milkshake smothie m yoghurt,0.0,g
6093,Drickyoghurt smaksatt fett ca 1% socker ca 11%,EPA (C20:5),Mjölkdryck chokladdryck milkshake smothie m yoghurt,0.0,g
6093,Drickyoghurt smaksatt fett ca 1% socker ca 11%,Arakidonsyra C20:4,Mjölkdryck chokladdryck milkshake smothie m yoghurt,0.0,g
6093,Drickyoghurt smaksatt fett ca 1% socker ca 11%,Arakidinsyra C20:0,Mjölkdryck chokladdryck milkshake smothie m yoghurt,0.0,g
6093,Drickyoghurt smaksatt fett ca 1% socker ca 11%,Linolensyra C18:3,Mjölkdryck chokladdryck milkshake smothie m yoghurt,0.0,g
6093,Drickyoghurt smaksatt fett ca 1% socker ca 11%,Linolsyra C18:2,Mjölkdryck chokladdryck milkshake smothie m yoghurt,0.0,g
6093,Drickyoghurt smaksatt fett ca 1% socker ca 11%,Oljesyra C18:1,Mjölkdryck chokladdryck milkshake smothie m yoghurt,0.2,g
6093,Drickyoghurt smaksatt fett ca 1% socker ca 11%,Stearinsyra C18:0,Mjölkdryck chokladdryck milkshake smothie m yoghurt,0.1,g
6093,Drickyoghurt smaksatt fett ca 1% socker ca 11%,Palmitoljesyra C16:1,Mjölkdryck chokladdryck milkshake smothie m yoghurt,0.0,g
6093,Drickyoghurt smaksatt fett ca 1% socker ca 11%,Palmitinsyra C16:0,Mjölkdryck chokladdryck milkshake smothie m yoghurt,0.2,g
6093,Drickyoghurt smaksatt fett ca 1% socker ca 11%,Myristinsyra C14:0,Mjölkdryck chokladdryck milkshake smothie m yoghurt,0.1,g
6093,Drickyoghurt smaksatt fett ca 1% socker ca 11%,Laurinsyra C12:0,Mjölkdryck chokladdryck milkshake smothie m yoghurt,0.0,g
6093,Drickyoghurt smaksatt fett ca 1% socker ca 11%,Betakaroten/β-Karoten,Mjölkdryck chokladdryck milkshake smothie m yoghurt,14.0,µg
6093,Drickyoghurt smaksatt fett ca 1% socker ca 11%,Avfall (skal etc.),Mjölkdryck chokladdryck milkshake smothie m yoghurt,0.0,%
6093,Drickyoghurt smaksatt fett ca 1% socker ca 11%,Aska,Mjölkdryck chokladdryck milkshake smothie m yoghurt,0.6,g
6093,Drickyoghurt smaksatt fett ca 1% socker ca 11%,Alkohol,Mjölkdryck chokladdryck milkshake smothie m yoghurt,0.0,g
6110,Frukostflingor fullkorn berikad typ Specialflingor,"Zink, Zn",Flingor - frukostflingor,1.5,mg
6110,Frukostflingor fullkorn berikad typ Specialflingor,Vitamin E,Flingor - frukostflingor,10.0,mg
6110,Frukostflingor fullkorn berikad typ Specialflingor,Vitamin D inkl 25-OH-D3,Flingor - frukostflingor,0.0,µg
6110,Frukostflingor fullkorn berikad typ Specialflingor,Vitamin D,Flingor - frukostflingor,0.0,µg
6110,Frukostflingor fullkorn berikad typ Specialflingor,Vitamin C,Flingor - frukostflingor,0.0,mg
6110,Frukostflingor fullkorn berikad typ Specialflingor,Vitamin B6,Flingor - frukostflingor,2.0,mg
6110,Frukostflingor fullkorn berikad typ Specialflingor,Vitamin B12,Flingor - frukostflingor,1.0,µg
6110,Frukostflingor fullkorn berikad typ Specialflingor,Vitamin A,Flingor - frukostflingor,0.0,RE/µg
6110,Frukostflingor fullkorn berikad typ Specialflingor,Vatten,Flingor - frukostflingor,4.3,g
6110,Frukostflingor fullkorn berikad typ Specialflingor,Tiamin,Flingor - frukostflingor,1.4,mg
6110,Frukostflingor fullkorn berikad typ Specialflingor,Tillsatt socker,Flingor - frukostflingor,11.0,g
6110,Frukostflingor fullkorn berikad typ Specialflingor,Fritt socker,Flingor - frukostflingor,11.0,g
6110,Frukostflingor fullkorn berikad typ Specialflingor,"Selen, Se",Flingor - frukostflingor,0.0,µg
6110,Frukostflingor fullkorn berikad typ Specialflingor,Sackaros,Flingor - frukostflingor,9.6,g
6110,Frukostflingor fullkorn berikad typ Specialflingor,Riboflavin,Flingor - frukostflingor,1.6,mg
6110,Frukostflingor fullkorn berikad typ Specialflingor,Retinol,Flingor - frukostflingor,0.0,µg
6110,Frukostflingor fullkorn berikad typ Specialflingor,Protein,Flingor - frukostflingor,9.2,g
6110,Frukostflingor fullkorn berikad typ Specialflingor,Summa fleromättade fettsyror,Flingor - frukostflingor,1.0,g
6110,Frukostflingor fullkorn berikad typ Specialflingor,"Fosfor, P",Flingor - frukostflingor,140.0,mg
6110,Frukostflingor fullkorn berikad typ Specialflingor,Niacinekvivalenter,Flingor - frukostflingor,19.5,NE/mg
6110,Frukostflingor fullkorn berikad typ Specialflingor,Niacin,Flingor - frukostflingor,18.0,mg
6110,Frukostflingor fullkorn berikad typ Specialflingor,"Salt, NaCl",Flingor - frukostflingor,1.1,g
6110,Frukostflingor fullkorn berikad typ Specialflingor,"Natrium, Na",Flingor - frukostflingor,450.0,mg
6110,Frukostflingor fullkorn berikad typ Specialflingor,Monosackarider,Flingor - frukostflingor,1.1,g
6110,Frukostflingor fullkorn berikad typ Specialflingor,"Sockerarter, totalt",Flingor - frukostflingor,11.2,g
6110,Frukostflingor fullkorn berikad typ Specialflingor,Summa enkelomättade fettsyror,Flingor - frukostflingor,0.3,g
6110,Frukostflingor fullkorn berikad typ Specialflingor,"Magnesium, Mg",Flingor - frukostflingor,50.0,mg
6110,Frukostflingor fullkorn berikad typ Specialflingor,Summa mättade fettsyror,Flingor - frukostflingor,0.5,g
6110,Frukostflingor fullkorn berikad typ Specialflingor,"Kolhydrater, tillgängliga",Flingor - frukostflingor,78.7,g
6110,Frukostflingor fullkorn berikad typ Specialflingor,Kolesterol,Flingor - frukostflingor,0.0,mg
6110,Frukostflingor fullkorn berikad typ Specialflingor,"Kalium, K",Flingor - frukostflingor,180.0,mg
6110,Frukostflingor fullkorn berikad typ Specialflingor,"Jod, I",Flingor - frukostflingor,1.8,µg
6110,Frukostflingor fullkorn berikad typ Specialflingor,Fullkorn totalt,Flingor - frukostflingor,15.0,g
6110,Frukostflingor fullkorn berikad typ Specialflingor,"Folat, totalt",Flingor - frukostflingor,200.0,µg
6110,Frukostflingor fullkorn berikad typ Specialflingor,Fibrer,Flingor - frukostflingor,3.7,g
6110,Frukostflingor fullkorn berikad typ Specialflingor,"Fett, totalt",Flingor - frukostflingor,2.2,g
6110,Frukostflingor fullkorn berikad typ Specialflingor,"Järn, Fe",Flingor - frukostflingor,7.0,mg
6110,Frukostflingor fullkorn berikad typ Specialflingor,Energi (kJ),Flingor - frukostflingor,1605.0,kJ
6110,Frukostflingor fullkorn berikad typ Specialflingor,Energi (kcal),Flingor - frukostflingor,384.0,kcal
6110,Frukostflingor fullkorn berikad typ Specialflingor,Disackarider,Flingor - frukostflingor,10.1,g
6110,Frukostflingor fullkorn berikad typ Specialflingor,"Kalcium, Ca",Flingor - frukostflingor,21.0,mg
6110,Frukostflingor fullkorn berikad typ Specialflingor,Fettsyra 4:0-10:0,Flingor - frukostflingor,0.0,g
6110,Frukostflingor fullkorn berikad typ Specialflingor,DHA (C22:6),Flingor - frukostflingor,0.0,g
6110,Frukostflingor fullkorn berikad typ Specialflingor,DPA (C22:5),Flingor - frukostflingor,0.0,g
6110,Frukostflingor fullkorn berikad typ Specialflingor,EPA (C20:5),Flingor - frukostflingor,0.0,g
6110,Frukostflingor fullkorn berikad typ Specialflingor,Arakidonsyra C20:4,Flingor - frukostflingor,0.0,g
6110,Frukostflingor fullkorn berikad typ Specialflingor,Arakidinsyra C20:0,Flingor - frukostflingor,0.0,g
6110,Frukostflingor fullkorn berikad typ Specialflingor,Linolensyra C18:3,Flingor - frukostflingor,0.1,g
6110,Frukostflingor fullkorn berikad typ Specialflingor,Linolsyra C18:2,Flingor - frukostflingor,0.9,g
6110,Frukostflingor fullkorn berikad typ Specialflingor,Oljesyra C18:1,Flingor - frukostflingor,0.3,g
6110,Frukostflingor fullkorn berikad typ Specialflingor,Stearinsyra C18:0,Flingor - frukostflingor,0.1,g
6110,Frukostflingor fullkorn berikad typ Specialflingor,Palmitoljesyra C16:1,Flingor - frukostflingor,0.0,g
6110,Frukostflingor fullkorn berikad typ Specialflingor,Palmitinsyra C16:0,Flingor - frukostflingor,0.4,g
6110,Frukostflingor fullkorn berikad typ Specialflingor,Myristinsyra C14:0,Flingor - frukostflingor,0.0,g
6110,Frukostflingor fullkorn berikad typ Specialflingor,Laurinsyra C12:0,Flingor - frukostflingor,0.0,g
6110,Frukostflingor fullkorn berikad typ Specialflingor,Betakaroten/β-Karoten,Flingor - frukostflingor,0.0,µg
6110,Frukostflingor fullkorn berikad typ Specialflingor,Avfall (skal etc.),Flingor - frukostflingor,0.0,%
6110,Frukostflingor fullkorn berikad typ Specialflingor,Aska,Flingor - frukostflingor,1.9,g
6110,Frukostflingor fullkorn berikad typ Specialflingor,Alkohol,Flingor - frukostflingor,0.0,g
6113,Yoghurt naturell fett 10%,"Zink, Zn",Naturell fil yoghurt,1.2,mg
6113,Yoghurt naturell fett 10%,Vitamin E,Naturell fil yoghurt,0.2,mg
6113,Yoghurt naturell fett 10%,Vitamin D inkl 25-OH-D3,Naturell fil yoghurt,0.0,µg
6113,Yoghurt naturell fett 10%,Vitamin D,Naturell fil yoghurt,0.0,µg
6113,Yoghurt naturell fett 10%,Vitamin C,Naturell fil yoghurt,0.0,mg
6113,Yoghurt naturell fett 10%,Vitamin B6,Naturell fil yoghurt,0.04,mg
6113,Yoghurt naturell fett 10%,Vitamin B12,Naturell fil yoghurt,0.2,µg
6113,Yoghurt naturell fett 10%,Vitamin A,Naturell fil yoghurt,91.2,RE/µg
6113,Yoghurt naturell fett 10%,Vatten,Naturell fil yoghurt,82.1,g
6113,Yoghurt naturell fett 10%,Tiamin,Naturell fil yoghurt,0.04,mg
6113,Yoghurt naturell fett 10%,Tillsatt socker,Naturell fil yoghurt,0.0,g
6113,Yoghurt naturell fett 10%,Fritt socker,Naturell fil yoghurt,0.0,g
6113,Yoghurt naturell fett 10%,"Selen, Se",Naturell fil yoghurt,0.0,µg
6113,Yoghurt naturell fett 10%,Sackaros,Naturell fil yoghurt,0.0,g
6113,Yoghurt naturell fett 10%,Riboflavin,Naturell fil yoghurt,0.18,mg
6113,Yoghurt naturell fett 10%,Retinol,Naturell fil yoghurt,88.6,µg
6113,Yoghurt naturell fett 10%,Protein,Naturell fil yoghurt,3.6,g
6113,Yoghurt naturell fett 10%,Summa fleromättade fettsyror,Naturell fil yoghurt,0.3,g
6113,Yoghurt naturell fett 10%,"Fosfor, P",Naturell fil yoghurt,101.0,mg
6113,Yoghurt naturell fett 10%,Niacinekvivalenter,Naturell fil yoghurt,1.0,NE/mg
6113,Yoghurt naturell fett 10%,Niacin,Naturell fil yoghurt,0.13,mg
6113,Yoghurt naturell fett 10%,"Salt, NaCl",Naturell fil yoghurt,0.1,g
6113,Yoghurt naturell fett 10%,"Natrium, Na",Naturell fil yoghurt,43.0,mg
6113,Yoghurt naturell fett 10%,Monosackarider,Naturell fil yoghurt,0.1,g
6113,Yoghurt naturell fett 10%,"Sockerarter, totalt",Naturell fil yoghurt,3.1,g
6113,Yoghurt naturell fett 10%,Summa enkelomättade fettsyror,Naturell fil yoghurt,2.0,g
6113,Yoghurt naturell fett 10%,"Magnesium, Mg",Naturell fil yoghurt,12.0,mg
6113,Yoghurt naturell fett 10%,Summa mättade fettsyror,Naturell fil yoghurt,5.3,g
6113,Yoghurt naturell fett 10%,"Kolhydrater, tillgängliga",Naturell fil yoghurt,5.2,g
6113,Yoghurt naturell fett 10%,Kolesterol,Naturell fil yoghurt,25.2,mg
6113,Yoghurt naturell fett 10%,"Kalium, K",Naturell fil yoghurt,157.0,mg
6113,Yoghurt naturell fett 10%,"Jod, I",Naturell fil yoghurt,15.6,µg
6113,Yoghurt naturell fett 10%,Fullkorn totalt,Naturell fil yoghurt,0.0,g
6113,Yoghurt naturell fett 10%,"Folat, totalt",Naturell fil yoghurt,13.2,µg
6113,Yoghurt naturell fett 10%,Fibrer,Naturell fil yoghurt,0.0,g
6113,Yoghurt naturell fett 10%,"Fett, totalt",Naturell fil yoghurt,8.3,g
6113,Yoghurt naturell fett 10%,"Järn, Fe",Naturell fil yoghurt,0.0,mg
6113,Yoghurt naturell fett 10%,Energi (kJ),Naturell fil yoghurt,457.0,kJ
6113,Yoghurt naturell fett 10%,Energi (kcal),Naturell fil yoghurt,109.0,kcal
6113,Yoghurt naturell fett 10%,Disackarider,Naturell fil yoghurt,3.0,g
6113,Yoghurt naturell fett 10%,"Kalcium, Ca",Naturell fil yoghurt,122.0,mg
6113,Yoghurt naturell fett 10%,Fettsyra 4:0-10:0,Naturell fil yoghurt,0.6,g
6113,Yoghurt naturell fett 10%,DHA (C22:6),Naturell fil yoghurt,0.0,g
6113,Yoghurt naturell fett 10%,DPA (C22:5),Naturell fil yoghurt,0.0,g
6113,Yoghurt naturell fett 10%,EPA (C20:5),Naturell fil yoghurt,0.0,g
6113,Yoghurt naturell fett 10%,Arakidonsyra C20:4,Naturell fil yoghurt,0.0,g
6113,Yoghurt naturell fett 10%,Arakidinsyra C20:0,Naturell fil yoghurt,0.0,g
6113,Yoghurt naturell fett 10%,Linolensyra C18:3,Naturell fil yoghurt,0.1,g
6113,Yoghurt naturell fett 10%,Linolsyra C18:2,Naturell fil yoghurt,0.3,g
6113,Yoghurt naturell fett 10%,Oljesyra C18:1,Naturell fil yoghurt,1.8,g
6113,Yoghurt naturell fett 10%,Stearinsyra C18:0,Naturell fil yoghurt,0.9,g
6113,Yoghurt naturell fett 10%,Palmitoljesyra C16:1,Naturell fil yoghurt,0.1,g
6113,Yoghurt naturell fett 10%,Palmitinsyra C16:0,Naturell fil yoghurt,2.4,g
6113,Yoghurt naturell fett 10%,Myristinsyra C14:0,Naturell fil yoghurt,0.8,g
6113,Yoghurt naturell fett 10%,Laurinsyra C12:0,Naturell fil yoghurt,0.2,g
6113,Yoghurt naturell fett 10%,Betakaroten/β-Karoten,Naturell fil yoghurt,31.0,µg
6113,Yoghurt naturell fett 10%,Avfall (skal etc.),Naturell fil yoghurt,0.0,%
6113,Yoghurt naturell fett 10%,Aska,Naturell fil yoghurt,0.8,g
6113,Yoghurt naturell fett 10%,Alkohol,Naturell fil yoghurt,0.0,g
6120,Pizza m. köttfärs frysvara,"Zink, Zn",Pizza paj pirog färdig smörgås,1.4,mg
6120,Pizza m. köttfärs frysvara,Vitamin E,Pizza paj pirog färdig smörgås,0.7,mg
6120,Pizza m. köttfärs frysvara,Vitamin D,Pizza paj pirog färdig smörgås,0.1,µg
6120,Pizza m. köttfärs frysvara,Vitamin C,Pizza paj pirog färdig smörgås,1.4,mg
6120,Pizza m. köttfärs frysvara,Vitamin B6,Pizza paj pirog färdig smörgås,0.09,mg
6120,Pizza m. köttfärs frysvara,Vitamin B12,Pizza paj pirog färdig smörgås,0.66,µg
6120,Pizza m. köttfärs frysvara,Vitamin A,Pizza paj pirog färdig smörgås,49.9,RE/µg
6120,Pizza m. köttfärs frysvara,Vatten,Pizza paj pirog färdig smörgås,52.0,g
6120,Pizza m. köttfärs frysvara,Tiamin,Pizza paj pirog färdig smörgås,0.11,mg
6120,Pizza m. köttfärs frysvara,Tillsatt socker,Pizza paj pirog färdig smörgås,5.0,g
6120,Pizza m. köttfärs frysvara,Fritt socker,Pizza paj pirog färdig smörgås,5.0,g
6120,Pizza m. köttfärs frysvara,"Selen, Se",Pizza paj pirog färdig smörgås,3.7,µg
6120,Pizza m. köttfärs frysvara,Sackaros,Pizza paj pirog färdig smörgås,0.0,g
6120,Pizza m. köttfärs frysvara,Riboflavin,Pizza paj pirog färdig smörgås,0.09,mg
6120,Pizza m. köttfärs frysvara,Retinol,Pizza paj pirog färdig smörgås,31.0,µg
6120,Pizza m. köttfärs frysvara,Protein,Pizza paj pirog färdig smörgås,10.3,g
6120,Pizza m. köttfärs frysvara,Summa fleromättade fettsyror,Pizza paj pirog färdig smörgås,0.6,g
6120,Pizza m. köttfärs frysvara,"Fosfor, P",Pizza paj pirog färdig smörgås,180.0,mg
6120,Pizza m. köttfärs frysvara,Niacinekvivalenter,Pizza paj pirog färdig smörgås,3.1,NE/mg
6120,Pizza m. köttfärs frysvara,Niacin,Pizza paj pirog färdig smörgås,1.2,mg
6120,Pizza m. köttfärs frysvara,"Salt, NaCl",Pizza paj pirog färdig smörgås,0.9,g
6120,Pizza m. köttfärs frysvara,"Natrium, Na",Pizza paj pirog färdig smörgås,350.0,mg
6120,Pizza m. köttfärs frysvara,Monosackarider,Pizza paj pirog färdig smörgås,1.8,g
6120,Pizza m. köttfärs frysvara,"Sockerarter, totalt",Pizza paj pirog färdig smörgås,4.8,g
6120,Pizza m. köttfärs frysvara,Summa enkelomättade fettsyror,Pizza paj pirog färdig smörgås,2.8,g
6120,Pizza m. köttfärs frysvara,"Magnesium, Mg",Pizza paj pirog färdig smörgås,22.0,mg
6120,Pizza m. köttfärs frysvara,Summa mättade fettsyror,Pizza paj pirog färdig smörgås,3.9,g
6120,Pizza m. köttfärs frysvara,"Kolhydrater, tillgängliga",Pizza paj pirog färdig smörgås,27.7,g
6120,Pizza m. köttfärs frysvara,Kolesterol,Pizza paj pirog färdig smörgås,18.0,mg
6120,Pizza m. köttfärs frysvara,"Kalium, K",Pizza paj pirog färdig smörgås,220.0,mg
6120,Pizza m. köttfärs frysvara,"Jod, I",Pizza paj pirog färdig smörgås,5.9,µg
6120,Pizza m. köttfärs frysvara,Fullkorn totalt,Pizza paj pirog färdig smörgås,0.0,g
6120,Pizza m. köttfärs frysvara,"Folat, totalt",Pizza paj pirog färdig smörgås,19.0,µg
6120,Pizza m. köttfärs frysvara,Fibrer,Pizza paj pirog färdig smörgås,2.5,g
6120,Pizza m. köttfärs frysvara,"Fett, totalt",Pizza paj pirog färdig smörgås,6.6,g
6120,Pizza m. köttfärs frysvara,"Järn, Fe",Pizza paj pirog färdig smörgås,0.7,mg
6120,Pizza m. köttfärs frysvara,Energi (kJ),Pizza paj pirog färdig smörgås,910.0,kJ
6120,Pizza m. köttfärs frysvara,Energi (kcal),Pizza paj pirog färdig smörgås,218.0,kcal
6120,Pizza m. köttfärs frysvara,Disackarider,Pizza paj pirog färdig smörgås,3.0,g
6120,Pizza m. köttfärs frysvara,"Kalcium, Ca",Pizza paj pirog färdig smörgås,150.0,mg
6120,Pizza m. köttfärs frysvara,Fettsyra 4:0-10:0,Pizza paj pirog färdig smörgås,0.2,g
6120,Pizza m. köttfärs frysvara,DHA (C22:6),Pizza paj pirog färdig smörgås,0.0,g
6120,Pizza m. köttfärs frysvara,DPA (C22:5),Pizza paj pirog färdig smörgås,0.0,g
6120,Pizza m. köttfärs frysvara,EPA (C20:5),Pizza paj pirog färdig smörgås,0.0,g
6120,Pizza m. köttfärs frysvara,Arakidonsyra C20:4,Pizza paj pirog färdig smörgås,0.0,g
6120,Pizza m. köttfärs frysvara,Arakidinsyra C20:0,Pizza paj pirog färdig smörgås,0.0,g
6120,Pizza m. köttfärs frysvara,Linolensyra C18:3,Pizza paj pirog färdig smörgås,0.1,g
6120,Pizza m. köttfärs frysvara,Linolsyra C18:2,Pizza paj pirog färdig smörgås,0.4,g
6120,Pizza m. köttfärs frysvara,Oljesyra C18:1,Pizza paj pirog färdig smörgås,2.5,g
6120,Pizza m. köttfärs frysvara,Stearinsyra C18:0,Pizza paj pirog färdig smörgås,0.8,g
6120,Pizza m. köttfärs frysvara,Palmitoljesyra C16:1,Pizza paj pirog färdig smörgås,0.4,g
6120,Pizza m. köttfärs frysvara,Palmitinsyra C16:0,Pizza paj pirog färdig smörgås,2.0,g
6120,Pizza m. köttfärs frysvara,Myristinsyra C14:0,Pizza paj pirog färdig smörgås,0.5,g
6120,Pizza m. köttfärs frysvara,Laurinsyra C12:0,Pizza paj pirog färdig smörgås,0.1,g
6120,Pizza m. köttfärs frysvara,Betakaroten/β-Karoten,Pizza paj pirog färdig smörgås,227.0,µg
6120,Pizza m. köttfärs frysvara,Avfall (skal etc.),Pizza paj pirog färdig smörgås,0.0,%
6120,Pizza m. köttfärs frysvara,Aska,Pizza paj pirog färdig smörgås,0.9,g
6120,Pizza m. köttfärs frysvara,Alkohol,Pizza paj pirog färdig smörgås,0.0,g
6121,Pizza m. köttstek frysvara,"Zink, Zn",Pizza paj pirog färdig smörgås,1.4,mg
6121,Pizza m. köttstek frysvara,Vitamin E,Pizza paj pirog färdig smörgås,1.3,mg
6121,Pizza m. köttstek frysvara,Vitamin D,Pizza paj pirog färdig smörgås,0.1,µg
6121,Pizza m. köttstek frysvara,Vitamin C,Pizza paj pirog färdig smörgås,7.7,mg
6121,Pizza m. köttstek frysvara,Vitamin B6,Pizza paj pirog färdig smörgås,0.13,mg
6121,Pizza m. köttstek frysvara,Vitamin B12,Pizza paj pirog färdig smörgås,0.61,µg
6121,Pizza m. köttstek frysvara,Vitamin A,Pizza paj pirog färdig smörgås,64.8,RE/µg
6121,Pizza m. köttstek frysvara,Vatten,Pizza paj pirog färdig smörgås,51.0,g
6121,Pizza m. köttstek frysvara,Tiamin,Pizza paj pirog färdig smörgås,0.14,mg
6121,Pizza m. köttstek frysvara,Tillsatt socker,Pizza paj pirog färdig smörgås,6.0,g
6121,Pizza m. köttstek frysvara,Fritt socker,Pizza paj pirog färdig smörgås,6.0,g
6121,Pizza m. köttstek frysvara,"Selen, Se",Pizza paj pirog färdig smörgås,3.6,µg
6121,Pizza m. köttstek frysvara,Sackaros,Pizza paj pirog färdig smörgås,0.0,g
6121,Pizza m. köttstek frysvara,Riboflavin,Pizza paj pirog färdig smörgås,0.1,mg
6121,Pizza m. köttstek frysvara,Retinol,Pizza paj pirog färdig smörgås,48.0,µg
6121,Pizza m. köttstek frysvara,Protein,Pizza paj pirog färdig smörgås,11.9,g
6121,Pizza m. köttstek frysvara,Summa fleromättade fettsyror,Pizza paj pirog färdig smörgås,1.1,g
6121,Pizza m. köttstek frysvara,"Fosfor, P",Pizza paj pirog färdig smörgås,180.0,mg
6121,Pizza m. köttstek frysvara,Niacinekvivalenter,Pizza paj pirog färdig smörgås,3.5,NE/mg
6121,Pizza m. köttstek frysvara,Niacin,Pizza paj pirog färdig smörgås,1.3,mg
6121,Pizza m. köttstek frysvara,"Salt, NaCl",Pizza paj pirog färdig smörgås,0.8,g
6121,Pizza m. köttstek frysvara,"Natrium, Na",Pizza paj pirog färdig smörgås,310.0,mg
6121,Pizza m. köttstek frysvara,Monosackarider,Pizza paj pirog färdig smörgås,2.0,g
6121,Pizza m. köttstek frysvara,"Sockerarter, totalt",Pizza paj pirog färdig smörgås,6.2,g
6121,Pizza m. köttstek frysvara,Summa enkelomättade fettsyror,Pizza paj pirog färdig smörgås,2.5,g
6121,Pizza m. köttstek frysvara,"Magnesium, Mg",Pizza paj pirog färdig smörgås,24.0,mg
6121,Pizza m. köttstek frysvara,Summa mättade fettsyror,Pizza paj pirog färdig smörgås,2.4,g
6121,Pizza m. köttstek frysvara,"Kolhydrater, tillgängliga",Pizza paj pirog färdig smörgås,28.2,g
6121,Pizza m. köttstek frysvara,Kolesterol,Pizza paj pirog färdig smörgås,16.0,mg
6121,Pizza m. köttstek frysvara,"Kalium, K",Pizza paj pirog färdig smörgås,210.0,mg
6121,Pizza m. köttstek frysvara,"Jod, I",Pizza paj pirog färdig smörgås,7.2,µg
6121,Pizza m. köttstek frysvara,Fullkorn totalt,Pizza paj pirog färdig smörgås,0.0,g
6121,Pizza m. köttstek frysvara,"Folat, totalt",Pizza paj pirog färdig smörgås,21.0,µg
6121,Pizza m. köttstek frysvara,Fibrer,Pizza paj pirog färdig smörgås,2.8,g
6121,Pizza m. köttstek frysvara,"Fett, totalt",Pizza paj pirog färdig smörgås,5.3,g
6121,Pizza m. köttstek frysvara,"Järn, Fe",Pizza paj pirog färdig smörgås,0.8,mg
6121,Pizza m. köttstek frysvara,Energi (kJ),Pizza paj pirog färdig smörgås,900.0,kJ
6121,Pizza m. köttstek frysvara,Energi (kcal),Pizza paj pirog färdig smörgås,215.0,kcal
6121,Pizza m. köttstek frysvara,Disackarider,Pizza paj pirog färdig smörgås,4.2,g
6121,Pizza m. köttstek frysvara,"Kalcium, Ca",Pizza paj pirog färdig smörgås,160.0,mg
6121,Pizza m. köttstek frysvara,Fettsyra 4:0-10:0,Pizza paj pirog färdig smörgås,0.2,g
6121,Pizza m. köttstek frysvara,DHA (C22:6),Pizza paj pirog färdig smörgås,0.0,g
6121,Pizza m. köttstek frysvara,DPA (C22:5),Pizza paj pirog färdig smörgås,0.0,g
6121,Pizza m. köttstek frysvara,EPA (C20:5),Pizza paj pirog färdig smörgås,0.0,g
6121,Pizza m. köttstek frysvara,Arakidonsyra C20:4,Pizza paj pirog färdig smörgås,0.0,g
6121,Pizza m. köttstek frysvara,Arakidinsyra C20:0,Pizza paj pirog färdig smörgås,0.0,g
6121,Pizza m. köttstek frysvara,Linolensyra C18:3,Pizza paj pirog färdig smörgås,0.3,g
6121,Pizza m. köttstek frysvara,Linolsyra C18:2,Pizza paj pirog färdig smörgås,0.8,g
6121,Pizza m. köttstek frysvara,Oljesyra C18:1,Pizza paj pirog färdig smörgås,2.3,g
6121,Pizza m. köttstek frysvara,Stearinsyra C18:0,Pizza paj pirog färdig smörgås,0.4,g
6121,Pizza m. köttstek frysvara,Palmitoljesyra C16:1,Pizza paj pirog färdig smörgås,0.1,g
6121,Pizza m. köttstek frysvara,Palmitinsyra C16:0,Pizza paj pirog färdig smörgås,1.2,g
6121,Pizza m. köttstek frysvara,Myristinsyra C14:0,Pizza paj pirog färdig smörgås,0.3,g
6121,Pizza m. köttstek frysvara,Laurinsyra C12:0,Pizza paj pirog färdig smörgås,0.1,g
6121,Pizza m. köttstek frysvara,Betakaroten/β-Karoten,Pizza paj pirog färdig smörgås,201.0,µg
6121,Pizza m. köttstek frysvara,Avfall (skal etc.),Pizza paj pirog färdig smörgås,0.0,%
6121,Pizza m. köttstek frysvara,Aska,Pizza paj pirog färdig smörgås,0.8,g
6121,Pizza m. köttstek frysvara,Alkohol,Pizza paj pirog färdig smörgås,0.0,g
6122,Pizza m. tomat mozzarella veg. frysvara,"Zink, Zn",Pizza paj pirog färdig smörgås,1.4,mg
6122,Pizza m. tomat mozzarella veg. frysvara,Vitamin E,Pizza paj pirog färdig smörgås,2.3,mg
6122,Pizza m. tomat mozzarella veg. frysvara,Vitamin D,Pizza paj pirog färdig smörgås,0.03,µg
6122,Pizza m. tomat mozzarella veg. frysvara,Vitamin C,Pizza paj pirog färdig smörgås,1.6,mg
6122,Pizza m. tomat mozzarella veg. frysvara,Vitamin B6,Pizza paj pirog färdig smörgås,0.06,mg
6122,Pizza m. tomat mozzarella veg. frysvara,Vitamin B12,Pizza paj pirog färdig smörgås,0.47,µg
6122,Pizza m. tomat mozzarella veg. frysvara,Vitamin A,Pizza paj pirog färdig smörgås,77.1,RE/µg
6122,Pizza m. tomat mozzarella veg. frysvara,Vatten,Pizza paj pirog färdig smörgås,46.0,g
6122,Pizza m. tomat mozzarella veg. frysvara,Tiamin,Pizza paj pirog färdig smörgås,0.12,mg
6122,Pizza m. tomat mozzarella veg. frysvara,Tillsatt socker,Pizza paj pirog färdig smörgås,3.0,g
6122,Pizza m. tomat mozzarella veg. frysvara,Fritt socker,Pizza paj pirog färdig smörgås,3.0,g
6122,Pizza m. tomat mozzarella veg. frysvara,"Selen, Se",Pizza paj pirog färdig smörgås,4.5,µg
6122,Pizza m. tomat mozzarella veg. frysvara,Sackaros,Pizza paj pirog färdig smörgås,0.0,g
6122,Pizza m. tomat mozzarella veg. frysvara,Riboflavin,Pizza paj pirog färdig smörgås,0.11,mg
6122,Pizza m. tomat mozzarella veg. frysvara,Retinol,Pizza paj pirog färdig smörgås,60.0,µg
6122,Pizza m. tomat mozzarella veg. frysvara,Protein,Pizza paj pirog färdig smörgås,11.0,g
6122,Pizza m. tomat mozzarella veg. frysvara,Summa fleromättade fettsyror,Pizza paj pirog färdig smörgås,2.1,g
6122,Pizza m. tomat mozzarella veg. frysvara,"Fosfor, P",Pizza paj pirog färdig smörgås,200.0,mg
6122,Pizza m. tomat mozzarella veg. frysvara,Niacinekvivalenter,Pizza paj pirog färdig smörgås,3.4,NE/mg
6122,Pizza m. tomat mozzarella veg. frysvara,Niacin,Pizza paj pirog färdig smörgås,0.82,mg
6122,Pizza m. tomat mozzarella veg. frysvara,"Salt, NaCl",Pizza paj pirog färdig smörgås,1.0,g
6122,Pizza m. tomat mozzarella veg. frysvara,"Natrium, Na",Pizza paj pirog färdig smörgås,380.0,mg
6122,Pizza m. tomat mozzarella veg. frysvara,Monosackarider,Pizza paj pirog färdig smörgås,1.5,g
6122,Pizza m. tomat mozzarella veg. frysvara,"Sockerarter, totalt",Pizza paj pirog färdig smörgås,2.8,g
6122,Pizza m. tomat mozzarella veg. frysvara,Summa enkelomättade fettsyror,Pizza paj pirog färdig smörgås,5.8,g
6122,Pizza m. tomat mozzarella veg. frysvara,"Magnesium, Mg",Pizza paj pirog färdig smörgås,20.0,mg
6122,Pizza m. tomat mozzarella veg. frysvara,Summa mättade fettsyror,Pizza paj pirog färdig smörgås,4.5,g
6122,Pizza m. tomat mozzarella veg. frysvara,"Kolhydrater, tillgängliga",Pizza paj pirog färdig smörgås,26.8,g
6122,Pizza m. tomat mozzarella veg. frysvara,Kolesterol,Pizza paj pirog färdig smörgås,24.0,mg
6122,Pizza m. tomat mozzarella veg. frysvara,"Kalium, K",Pizza paj pirog färdig smörgås,160.0,mg
6122,Pizza m. tomat mozzarella veg. frysvara,"Jod, I",Pizza paj pirog färdig smörgås,14.0,µg
6122,Pizza m. tomat mozzarella veg. frysvara,Fullkorn totalt,Pizza paj pirog färdig smörgås,0.0,g
6122,Pizza m. tomat mozzarella veg. frysvara,"Folat, totalt",Pizza paj pirog färdig smörgås,26.0,µg
6122,Pizza m. tomat mozzarella veg. frysvara,Fibrer,Pizza paj pirog färdig smörgås,2.7,g
6122,Pizza m. tomat mozzarella veg. frysvara,"Fett, totalt",Pizza paj pirog färdig smörgås,12.5,g
6122,Pizza m. tomat mozzarella veg. frysvara,"Järn, Fe",Pizza paj pirog färdig smörgås,0.6,mg
6122,Pizza m. tomat mozzarella veg. frysvara,Energi (kJ),Pizza paj pirog färdig smörgås,1127.0,kJ
6122,Pizza m. tomat mozzarella veg. frysvara,Energi (kcal),Pizza paj pirog färdig smörgås,269.0,kcal
6122,Pizza m. tomat mozzarella veg. frysvara,Disackarider,Pizza paj pirog färdig smörgås,1.3,g
6122,Pizza m. tomat mozzarella veg. frysvara,"Kalcium, Ca",Pizza paj pirog färdig smörgås,230.0,mg
6122,Pizza m. tomat mozzarella veg. frysvara,Fettsyra 4:0-10:0,Pizza paj pirog färdig smörgås,0.3,g
6122,Pizza m. tomat mozzarella veg. frysvara,DHA (C22:6),Pizza paj pirog färdig smörgås,0.0,g
6122,Pizza m. tomat mozzarella veg. frysvara,DPA (C22:5),Pizza paj pirog färdig smörgås,0.0,g
6122,Pizza m. tomat mozzarella veg. frysvara,EPA (C20:5),Pizza paj pirog färdig smörgås,0.0,g
6122,Pizza m. tomat mozzarella veg. frysvara,Arakidonsyra C20:4,Pizza paj pirog färdig smörgås,0.0,g
6122,Pizza m. tomat mozzarella veg. frysvara,Arakidinsyra C20:0,Pizza paj pirog färdig smörgås,0.1,g
6122,Pizza m. tomat mozzarella veg. frysvara,Linolensyra C18:3,Pizza paj pirog färdig smörgås,0.6,g
6122,Pizza m. tomat mozzarella veg. frysvara,Linolsyra C18:2,Pizza paj pirog färdig smörgås,1.5,g
6122,Pizza m. tomat mozzarella veg. frysvara,Oljesyra C18:1,Pizza paj pirog färdig smörgås,5.4,g
6122,Pizza m. tomat mozzarella veg. frysvara,Stearinsyra C18:0,Pizza paj pirog färdig smörgås,0.7,g
6122,Pizza m. tomat mozzarella veg. frysvara,Palmitoljesyra C16:1,Pizza paj pirog färdig smörgås,0.3,g
6122,Pizza m. tomat mozzarella veg. frysvara,Palmitinsyra C16:0,Pizza paj pirog färdig smörgås,2.3,g
6122,Pizza m. tomat mozzarella veg. frysvara,Myristinsyra C14:0,Pizza paj pirog färdig smörgås,0.7,g
6122,Pizza m. tomat mozzarella veg. frysvara,Laurinsyra C12:0,Pizza paj pirog färdig smörgås,0.2,g
6122,Pizza m. tomat mozzarella veg. frysvara,Betakaroten/β-Karoten,Pizza paj pirog färdig smörgås,205.0,µg
6122,Pizza m. tomat mozzarella veg. frysvara,Avfall (skal etc.),Pizza paj pirog färdig smörgås,0.0,%
6122,Pizza m. tomat mozzarella veg. frysvara,Aska,Pizza paj pirog färdig smörgås,1.0,g
6122,Pizza m. tomat mozzarella veg. frysvara,Alkohol,Pizza paj pirog färdig smörgås,0.0,g
6131,Noni fruktpuré,"Zink, Zn",Barnmatsprodukter exkl. välling o gröt,0.1,mg
6131,Noni fruktpuré,Vitamin E,Barnmatsprodukter exkl. välling o gröt,1.1,mg
6131,Noni fruktpuré,Vitamin D inkl 25-OH-D3,Barnmatsprodukter exkl. välling o gröt,0.0,µg
6131,Noni fruktpuré,Vitamin D,Barnmatsprodukter exkl. välling o gröt,0.0,µg
6131,Noni fruktpuré,Vitamin C,Barnmatsprodukter exkl. välling o gröt,0.0,mg
6131,Noni fruktpuré,Vitamin B6,Barnmatsprodukter exkl. välling o gröt,0.0,mg
6131,Noni fruktpuré,Vitamin B12,Barnmatsprodukter exkl. välling o gröt,0.0,µg
6131,Noni fruktpuré,Vitamin A,Barnmatsprodukter exkl. välling o gröt,159.1,RE/µg
6131,Noni fruktpuré,Vatten,Barnmatsprodukter exkl. välling o gröt,91.6,g
6131,Noni fruktpuré,Tiamin,Barnmatsprodukter exkl. välling o gröt,0.0,mg
6131,Noni fruktpuré,Tillsatt socker,Barnmatsprodukter exkl. välling o gröt,0.0,g
6131,Noni fruktpuré,Fritt socker,Barnmatsprodukter exkl. välling o gröt,0.0,g
6131,Noni fruktpuré,"Selen, Se",Barnmatsprodukter exkl. välling o gröt,1.0,µg
6131,Noni fruktpuré,Sackaros,Barnmatsprodukter exkl. välling o gröt,0.0,g
6131,Noni fruktpuré,Riboflavin,Barnmatsprodukter exkl. välling o gröt,0.0,mg
6131,Noni fruktpuré,Retinol,Barnmatsprodukter exkl. välling o gröt,0.0,µg
6131,Noni fruktpuré,Protein,Barnmatsprodukter exkl. välling o gröt,0.6,g
6131,Noni fruktpuré,Summa fleromättade fettsyror,Barnmatsprodukter exkl. välling o gröt,0.0,g
6131,Noni fruktpuré,"Fosfor, P",Barnmatsprodukter exkl. välling o gröt,20.0,mg
6131,Noni fruktpuré,Niacinekvivalenter,Barnmatsprodukter exkl. välling o gröt,3.09,NE/mg
6131,Noni fruktpuré,Niacin,Barnmatsprodukter exkl. välling o gröt,3.0,mg
6131,Noni fruktpuré,"Salt, NaCl",Barnmatsprodukter exkl. välling o gröt,0.0,g
6131,Noni fruktpuré,"Natrium, Na",Barnmatsprodukter exkl. välling o gröt,17.0,mg
6131,Noni fruktpuré,Monosackarider,Barnmatsprodukter exkl. välling o gröt,2.4,g
6131,Noni fruktpuré,"Sockerarter, totalt",Barnmatsprodukter exkl. välling o gröt,2.4,g
6131,Noni fruktpuré,Summa enkelomättade fettsyror,Barnmatsprodukter exkl. välling o gröt,0.0,g
6131,Noni fruktpuré,"Magnesium, Mg",Barnmatsprodukter exkl. välling o gröt,26.0,mg
6131,Noni fruktpuré,Summa mättade fettsyror,Barnmatsprodukter exkl. välling o gröt,0.0,g
6131,Noni fruktpuré,"Kolhydrater, tillgängliga",Barnmatsprodukter exkl. välling o gröt,7.2,g
6131,Noni fruktpuré,Kolesterol,Barnmatsprodukter exkl. välling o gröt,0.0,mg
6131,Noni fruktpuré,"Kalium, K",Barnmatsprodukter exkl. välling o gröt,214.0,mg
6131,Noni fruktpuré,"Jod, I",Barnmatsprodukter exkl. välling o gröt,2.0,µg
6131,Noni fruktpuré,Fullkorn totalt,Barnmatsprodukter exkl. välling o gröt,0.0,g
6131,Noni fruktpuré,"Folat, totalt",Barnmatsprodukter exkl. välling o gröt,0.0,µg
6131,Noni fruktpuré,Fibrer,Barnmatsprodukter exkl. välling o gröt,2.0,g
6131,Noni fruktpuré,"Fett, totalt",Barnmatsprodukter exkl. välling o gröt,0.1,g
6131,Noni fruktpuré,"Järn, Fe",Barnmatsprodukter exkl. välling o gröt,0.7,mg
6131,Noni fruktpuré,Energi (kJ),Barnmatsprodukter exkl. välling o gröt,152.0,kJ
6131,Noni fruktpuré,Energi (kcal),Barnmatsprodukter exkl. välling o gröt,36.0,kcal
6131,Noni fruktpuré,Disackarider,Barnmatsprodukter exkl. välling o gröt,0.0,g
6131,Noni fruktpuré,"Kalcium, Ca",Barnmatsprodukter exkl. välling o gröt,48.0,mg
6131,Noni fruktpuré,Fettsyra 4:0-10:0,Barnmatsprodukter exkl. välling o gröt,0.0,g
6131,Noni fruktpuré,DHA (C22:6),Barnmatsprodukter exkl. välling o gröt,0.0,g
6131,Noni fruktpuré,DPA (C22:5),Barnmatsprodukter exkl. välling o gröt,0.0,g
6131,Noni fruktpuré,EPA (C20:5),Barnmatsprodukter exkl. välling o gröt,0.0,g
6131,Noni fruktpuré,Arakidonsyra C20:4,Barnmatsprodukter exkl. välling o gröt,0.0,g
6131,Noni fruktpuré,Arakidinsyra C20:0,Barnmatsprodukter exkl. välling o gröt,0.0,g
6131,Noni fruktpuré,Linolensyra C18:3,Barnmatsprodukter exkl. välling o gröt,0.0,g
6131,Noni fruktpuré,Linolsyra C18:2,Barnmatsprodukter exkl. välling o gröt,0.0,g
6131,Noni fruktpuré,Oljesyra C18:1,Barnmatsprodukter exkl. välling o gröt,0.0,g
6131,Noni fruktpuré,Stearinsyra C18:0,Barnmatsprodukter exkl. välling o gröt,0.0,g
6131,Noni fruktpuré,Palmitoljesyra C16:1,Barnmatsprodukter exkl. välling o gröt,0.0,g
6131,Noni fruktpuré,Palmitinsyra C16:0,Barnmatsprodukter exkl. välling o gröt,0.0,g
6131,Noni fruktpuré,Myristinsyra C14:0,Barnmatsprodukter exkl. välling o gröt,0.0,g
6131,Noni fruktpuré,Laurinsyra C12:0,Barnmatsprodukter exkl. välling o gröt,0.0,g
6131,Noni fruktpuré,Betakaroten/β-Karoten,Barnmatsprodukter exkl. välling o gröt,1909.0,µg
6131,Noni fruktpuré,Avfall (skal etc.),Barnmatsprodukter exkl. välling o gröt,0.0,%
6131,Noni fruktpuré,Aska,Barnmatsprodukter exkl. välling o gröt,0.5,g
6131,Noni fruktpuré,Alkohol,Barnmatsprodukter exkl. välling o gröt,0.0,g
6132,Fisk Bordelaise,"Zink, Zn",Fisk o skaldjursprodukter o rätter,0.5,mg
6132,Fisk Bordelaise,Vitamin E,Fisk o skaldjursprodukter o rätter,1.5,mg
6132,Fisk Bordelaise,Vitamin D,Fisk o skaldjursprodukter o rätter,0.93,µg
6132,Fisk Bordelaise,Vitamin C,Fisk o skaldjursprodukter o rätter,0.1,mg
6132,Fisk Bordelaise,Vitamin B6,Fisk o skaldjursprodukter o rätter,0.07,mg
6132,Fisk Bordelaise,Vitamin B12,Fisk o skaldjursprodukter o rätter,0.83,µg
6132,Fisk Bordelaise,Vitamin A,Fisk o skaldjursprodukter o rätter,2.7,RE/µg
6132,Fisk Bordelaise,Vatten,Fisk o skaldjursprodukter o rätter,75.6,g
6132,Fisk Bordelaise,Tiamin,Fisk o skaldjursprodukter o rätter,0.06,mg
6132,Fisk Bordelaise,Tillsatt socker,Fisk o skaldjursprodukter o rätter,0.0,g
6132,Fisk Bordelaise,Fritt socker,Fisk o skaldjursprodukter o rätter,0.0,g
6132,Fisk Bordelaise,"Selen, Se",Fisk o skaldjursprodukter o rätter,21.9,µg
6132,Fisk Bordelaise,Sackaros,Fisk o skaldjursprodukter o rätter,0.0,g
6132,Fisk Bordelaise,Riboflavin,Fisk o skaldjursprodukter o rätter,0.05,mg
6132,Fisk Bordelaise,Retinol,Fisk o skaldjursprodukter o rätter,2.5,µg
6132,Fisk Bordelaise,Protein,Fisk o skaldjursprodukter o rätter,14.8,g
6132,Fisk Bordelaise,Summa fleromättade fettsyror,Fisk o skaldjursprodukter o rätter,1.1,g
6132,Fisk Bordelaise,"Fosfor, P",Fisk o skaldjursprodukter o rätter,171.0,mg
6132,Fisk Bordelaise,Niacinekvivalenter,Fisk o skaldjursprodukter o rätter,4.37,NE/mg
6132,Fisk Bordelaise,Niacin,Fisk o skaldjursprodukter o rätter,1.69,mg
6132,Fisk Bordelaise,"Salt, NaCl",Fisk o skaldjursprodukter o rätter,0.2,g
6132,Fisk Bordelaise,"Natrium, Na",Fisk o skaldjursprodukter o rätter,79.0,mg
6132,Fisk Bordelaise,Monosackarider,Fisk o skaldjursprodukter o rätter,0.0,g
6132,Fisk Bordelaise,"Sockerarter, totalt",Fisk o skaldjursprodukter o rätter,0.1,g
6132,Fisk Bordelaise,Summa enkelomättade fettsyror,Fisk o skaldjursprodukter o rätter,2.1,g
6132,Fisk Bordelaise,"Magnesium, Mg",Fisk o skaldjursprodukter o rätter,24.0,mg
6132,Fisk Bordelaise,Summa mättade fettsyror,Fisk o skaldjursprodukter o rätter,0.3,g
6132,Fisk Bordelaise,"Kolhydrater, tillgängliga",Fisk o skaldjursprodukter o rätter,5.2,g
6132,Fisk Bordelaise,Kolesterol,Fisk o skaldjursprodukter o rätter,44.3,mg
6132,Fisk Bordelaise,"Kalium, K",Fisk o skaldjursprodukter o rätter,242.0,mg
6132,Fisk Bordelaise,"Jod, I",Fisk o skaldjursprodukter o rätter,100.0,µg
6132,Fisk Bordelaise,Fullkorn totalt,Fisk o skaldjursprodukter o rätter,0.0,g
6132,Fisk Bordelaise,"Folat, totalt",Fisk o skaldjursprodukter o rätter,8.7,µg
6132,Fisk Bordelaise,Fibrer,Fisk o skaldjursprodukter o rätter,0.2,g
6132,Fisk Bordelaise,"Fett, totalt",Fisk o skaldjursprodukter o rätter,3.9,g
6132,Fisk Bordelaise,"Järn, Fe",Fisk o skaldjursprodukter o rätter,0.2,mg
6132,Fisk Bordelaise,Energi (kJ),Fisk o skaldjursprodukter o rätter,485.0,kJ
6132,Fisk Bordelaise,Energi (kcal),Fisk o skaldjursprodukter o rätter,116.0,kcal
6132,Fisk Bordelaise,Disackarider,Fisk o skaldjursprodukter o rätter,0.0,g
6132,Fisk Bordelaise,"Kalcium, Ca",Fisk o skaldjursprodukter o rätter,14.0,mg
6132,Fisk Bordelaise,Fettsyra 4:0-10:0,Fisk o skaldjursprodukter o rätter,0.0,g
6132,Fisk Bordelaise,DHA (C22:6),Fisk o skaldjursprodukter o rätter,0.1,g
6132,Fisk Bordelaise,DPA (C22:5),Fisk o skaldjursprodukter o rätter,0.0,g
6132,Fisk Bordelaise,EPA (C20:5),Fisk o skaldjursprodukter o rätter,0.0,g
6132,Fisk Bordelaise,Arakidonsyra C20:4,Fisk o skaldjursprodukter o rätter,0.0,g
6132,Fisk Bordelaise,Arakidinsyra C20:0,Fisk o skaldjursprodukter o rätter,0.0,g
6132,Fisk Bordelaise,Linolensyra C18:3,Fisk o skaldjursprodukter o rätter,0.3,g
6132,Fisk Bordelaise,Linolsyra C18:2,Fisk o skaldjursprodukter o rätter,0.7,g
6132,Fisk Bordelaise,Oljesyra C18:1,Fisk o skaldjursprodukter o rätter,2.0,g
6132,Fisk Bordelaise,Stearinsyra C18:0,Fisk o skaldjursprodukter o rätter,0.1,g
6132,Fisk Bordelaise,Palmitoljesyra C16:1,Fisk o skaldjursprodukter o rätter,0.0,g
6132,Fisk Bordelaise,Palmitinsyra C16:0,Fisk o skaldjursprodukter o rätter,0.2,g
6132,Fisk Bordelaise,Myristinsyra C14:0,Fisk o skaldjursprodukter o rätter,0.0,g
6132,Fisk Bordelaise,Laurinsyra C12:0,Fisk o skaldjursprodukter o rätter,0.0,g
6132,Fisk Bordelaise,Betakaroten/β-Karoten,Fisk o skaldjursprodukter o rätter,1.0,µg
6132,Fisk Bordelaise,Avfall (skal etc.),Fisk o skaldjursprodukter o rätter,20.0,%
6132,Fisk Bordelaise,Aska,Fisk o skaldjursprodukter o rätter,1.0,g
6132,Fisk Bordelaise,Alkohol,Fisk o skaldjursprodukter o rätter,0.0,g
6133,Ostkräm,"Zink, Zn",Sås dressing majonnäs ,1.1,mg
6133,Ostkräm,Vitamin E,Sås dressing majonnäs ,13.8,mg
6133,Ostkräm,Vitamin D,Sås dressing majonnäs ,0.32,µg
6133,Ostkräm,Vitamin C,Sås dressing majonnäs ,0.1,mg
6133,Ostkräm,Vitamin B6,Sås dressing majonnäs ,0.03,mg
6133,Ostkräm,Vitamin B12,Sås dressing majonnäs ,0.78,µg
6133,Ostkräm,Vitamin A,Sås dressing majonnäs ,197.8,RE/µg
6133,Ostkräm,Vatten,Sås dressing majonnäs ,24.2,g
6133,Ostkräm,Tiamin,Sås dressing majonnäs ,0.03,mg
6133,Ostkräm,Tillsatt socker,Sås dressing majonnäs ,0.0,g
6133,Ostkräm,Fritt socker,Sås dressing majonnäs ,0.0,g
6133,Ostkräm,"Selen, Se",Sås dressing majonnäs ,7.1,µg
6133,Ostkräm,Sackaros,Sås dressing majonnäs ,0.0,g
6133,Ostkräm,Riboflavin,Sås dressing majonnäs ,0.13,mg
6133,Ostkräm,Retinol,Sås dressing majonnäs ,189.5,µg
6133,Ostkräm,Protein,Sås dressing majonnäs ,7.9,g
6133,Ostkräm,Summa fleromättade fettsyror,Sås dressing majonnäs ,13.6,g
6133,Ostkräm,"Fosfor, P",Sås dressing majonnäs ,170.0,mg
6133,Ostkräm,Niacinekvivalenter,Sås dressing majonnäs ,1.82,NE/mg
6133,Ostkräm,Niacin,Sås dressing majonnäs ,0.02,mg
6133,Ostkräm,"Salt, NaCl",Sås dressing majonnäs ,0.3,g
6133,Ostkräm,"Natrium, Na",Sås dressing majonnäs ,111.0,mg
6133,Ostkräm,Monosackarider,Sås dressing majonnäs ,0.0,g
6133,Ostkräm,"Sockerarter, totalt",Sås dressing majonnäs ,0.7,g
6133,Ostkräm,Summa enkelomättade fettsyror,Sås dressing majonnäs ,33.5,g
6133,Ostkräm,"Magnesium, Mg",Sås dressing majonnäs ,10.0,mg
6133,Ostkräm,Summa mättade fettsyror,Sås dressing majonnäs ,14.3,g
6133,Ostkräm,"Kolhydrater, tillgängliga",Sås dressing majonnäs ,1.3,g
6133,Ostkräm,Kolesterol,Sås dressing majonnäs ,113.1,mg
6133,Ostkräm,"Kalium, K",Sås dressing majonnäs ,53.0,mg
6133,Ostkräm,"Jod, I",Sås dressing majonnäs ,11.5,µg
6133,Ostkräm,Fullkorn totalt,Sås dressing majonnäs ,0.0,g
6133,Ostkräm,"Folat, totalt",Sås dressing majonnäs ,25.5,µg
6133,Ostkräm,Fibrer,Sås dressing majonnäs ,0.0,g
6133,Ostkräm,"Fett, totalt",Sås dressing majonnäs ,65.1,g
6133,Ostkräm,"Järn, Fe",Sås dressing majonnäs ,0.3,mg
6133,Ostkräm,Energi (kJ),Sås dressing majonnäs ,2567.0,kJ
6133,Ostkräm,Energi (kcal),Sås dressing majonnäs ,613.0,kcal
6133,Ostkräm,Disackarider,Sås dressing majonnäs ,0.7,g
6133,Ostkräm,"Kalcium, Ca",Sås dressing majonnäs ,208.0,mg
6133,Ostkräm,Fettsyra 4:0-10:0,Sås dressing majonnäs ,1.3,g
6133,Ostkräm,DHA (C22:6),Sås dressing majonnäs ,0.0,g
6133,Ostkräm,DPA (C22:5),Sås dressing majonnäs ,0.0,g
6133,Ostkräm,EPA (C20:5),Sås dressing majonnäs ,0.0,g
6133,Ostkräm,Arakidonsyra C20:4,Sås dressing majonnäs ,0.0,g
6133,Ostkräm,Arakidinsyra C20:0,Sås dressing majonnäs ,0.3,g
6133,Ostkräm,Linolensyra C18:3,Sås dressing majonnäs ,4.1,g
6133,Ostkräm,Linolsyra C18:2,Sås dressing majonnäs ,9.4,g
6133,Ostkräm,Oljesyra C18:1,Sås dressing majonnäs ,32.0,g
6133,Ostkräm,Stearinsyra C18:0,Sås dressing majonnäs ,2.6,g
6133,Ostkräm,Palmitoljesyra C16:1,Sås dressing majonnäs ,0.4,g
6133,Ostkräm,Palmitinsyra C16:0,Sås dressing majonnäs ,7.3,g
6133,Ostkräm,Myristinsyra C14:0,Sås dressing majonnäs ,1.7,g
6133,Ostkräm,Laurinsyra C12:0,Sås dressing majonnäs ,0.5,g
6133,Ostkräm,Betakaroten/β-Karoten,Sås dressing majonnäs ,99.0,µg
6133,Ostkräm,Avfall (skal etc.),Sås dressing majonnäs ,0.0,%
6133,Ostkräm,Aska,Sås dressing majonnäs ,1.2,g
6133,Ostkräm,Alkohol,Sås dressing majonnäs ,0.0,g
6134,Äppeljuice konc.,"Zink, Zn",Fruktjuice mm,0.1,mg
6134,Äppeljuice konc.,Vitamin E,Fruktjuice mm,0.0,mg
6134,Äppeljuice konc.,Vitamin D inkl 25-OH-D3,Fruktjuice mm,0.0,µg
6134,Äppeljuice konc.,Vitamin D,Fruktjuice mm,0.0,µg
6134,Äppeljuice konc.,Vitamin C,Fruktjuice mm,1.0,mg
6134,Äppeljuice konc.,Vitamin B6,Fruktjuice mm,0.19,mg
6134,Äppeljuice konc.,Vitamin B12,Fruktjuice mm,0.0,µg
6134,Äppeljuice konc.,Vitamin A,Fruktjuice mm,0.0,RE/µg
6134,Äppeljuice konc.,Vatten,Fruktjuice mm,59.1,g
6134,Äppeljuice konc.,Tiamin,Fruktjuice mm,0.01,mg
6134,Äppeljuice konc.,Tillsatt socker,Fruktjuice mm,0.0,g
6134,Äppeljuice konc.,Fritt socker,Fruktjuice mm,34.0,g
6134,Äppeljuice konc.,"Selen, Se",Fruktjuice mm,0.1,µg
6134,Äppeljuice konc.,Sackaros,Fruktjuice mm,7.4,g
6134,Äppeljuice konc.,Riboflavin,Fruktjuice mm,0.02,mg
6134,Äppeljuice konc.,Retinol,Fruktjuice mm,0.0,µg
6134,Äppeljuice konc.,Protein,Fruktjuice mm,3.8,g
6134,Äppeljuice konc.,Summa fleromättade fettsyror,Fruktjuice mm,0.0,g
6134,Äppeljuice konc.,"Fosfor, P",Fruktjuice mm,23.0,mg
6134,Äppeljuice konc.,Niacinekvivalenter,Fruktjuice mm,1.1,NE/mg
6134,Äppeljuice konc.,Niacin,Fruktjuice mm,0.49,mg
6134,Äppeljuice konc.,"Salt, NaCl",Fruktjuice mm,0.0,g
6134,Äppeljuice konc.,"Natrium, Na",Fruktjuice mm,5.0,mg
6134,Äppeljuice konc.,Monosackarider,Fruktjuice mm,26.7,g
6134,Äppeljuice konc.,"Sockerarter, totalt",Fruktjuice mm,34.1,g
6134,Äppeljuice konc.,Summa enkelomättade fettsyror,Fruktjuice mm,0.0,g
6134,Äppeljuice konc.,"Magnesium, Mg",Fruktjuice mm,13.0,mg
6134,Äppeljuice konc.,Summa mättade fettsyror,Fruktjuice mm,0.0,g
6134,Äppeljuice konc.,"Kolhydrater, tillgängliga",Fruktjuice mm,36.3,g
6134,Äppeljuice konc.,Kolesterol,Fruktjuice mm,0.0,mg
6134,Äppeljuice konc.,"Kalium, K",Fruktjuice mm,58.0,mg
6134,Äppeljuice konc.,"Jod, I",Fruktjuice mm,0.9,µg
6134,Äppeljuice konc.,Fullkorn totalt,Fruktjuice mm,0.0,g
6134,Äppeljuice konc.,"Folat, totalt",Fruktjuice mm,1.0,µg
6134,Äppeljuice konc.,Fibrer,Fruktjuice mm,0.0,g
6134,Äppeljuice konc.,"Fett, totalt",Fruktjuice mm,0.1,g
6134,Äppeljuice konc.,"Järn, Fe",Fruktjuice mm,0.2,mg
6134,Äppeljuice konc.,Energi (kJ),Fruktjuice mm,685.0,kJ
6134,Äppeljuice konc.,Energi (kcal),Fruktjuice mm,164.0,kcal
6134,Äppeljuice konc.,Disackarider,Fruktjuice mm,7.4,g
6134,Äppeljuice konc.,"Kalcium, Ca",Fruktjuice mm,13.0,mg
6134,Äppeljuice konc.,Fettsyra 4:0-10:0,Fruktjuice mm,0.0,g
6134,Äppeljuice konc.,DHA (C22:6),Fruktjuice mm,0.0,g
6134,Äppeljuice konc.,DPA (C22:5),Fruktjuice mm,0.0,g
6134,Äppeljuice konc.,EPA (C20:5),Fruktjuice mm,0.0,g
6134,Äppeljuice konc.,Arakidonsyra C20:4,Fruktjuice mm,0.0,g
6134,Äppeljuice konc.,Arakidinsyra C20:0,Fruktjuice mm,0.0,g
6134,Äppeljuice konc.,Linolensyra C18:3,Fruktjuice mm,0.0,g
6134,Äppeljuice konc.,Linolsyra C18:2,Fruktjuice mm,0.0,g
6134,Äppeljuice konc.,Oljesyra C18:1,Fruktjuice mm,0.0,g
6134,Äppeljuice konc.,Stearinsyra C18:0,Fruktjuice mm,0.0,g
6134,Äppeljuice konc.,Palmitoljesyra C16:1,Fruktjuice mm,0.0,g
6134,Äppeljuice konc.,Palmitinsyra C16:0,Fruktjuice mm,0.0,g
6134,Äppeljuice konc.,Myristinsyra C14:0,Fruktjuice mm,0.0,g
6134,Äppeljuice konc.,Laurinsyra C12:0,Fruktjuice mm,0.0,g
6134,Äppeljuice konc.,Betakaroten/β-Karoten,Fruktjuice mm,0.0,µg
6134,Äppeljuice konc.,Avfall (skal etc.),Fruktjuice mm,0.0,%
6134,Äppeljuice konc.,Aska,Fruktjuice mm,0.8,g
6134,Äppeljuice konc.,Alkohol,Fruktjuice mm,0.0,g
6145,Matvete kokt m. salt,"Zink, Zn",Matgryn,0.9,mg
6145,Matvete kokt m. salt,Vitamin E,Matgryn,0.4,mg
6145,Matvete kokt m. salt,Vitamin D inkl 25-OH-D3,Matgryn,0.0,µg
6145,Matvete kokt m. salt,Vitamin D,Matgryn,0.0,µg
6145,Matvete kokt m. salt,Vitamin C,Matgryn,0.0,mg
6145,Matvete kokt m. salt,Vitamin B6,Matgryn,0.1,mg
6145,Matvete kokt m. salt,Vitamin B12,Matgryn,0.0,µg
6145,Matvete kokt m. salt,Vitamin A,Matgryn,0.0,RE/µg
6145,Matvete kokt m. salt,Vatten,Matgryn,51.1,g
6145,Matvete kokt m. salt,Tiamin,Matgryn,0.09,mg
6145,Matvete kokt m. salt,Tillsatt socker,Matgryn,0.0,g
6145,Matvete kokt m. salt,Fritt socker,Matgryn,0.0,g
6145,Matvete kokt m. salt,"Selen, Se",Matgryn,0.0,µg
6145,Matvete kokt m. salt,Sackaros,Matgryn,0.4,g
6145,Matvete kokt m. salt,Riboflavin,Matgryn,0.0,mg
6145,Matvete kokt m. salt,Retinol,Matgryn,0.0,µg
6145,Matvete kokt m. salt,Protein,Matgryn,4.5,g
6145,Matvete kokt m. salt,Summa fleromättade fettsyror,Matgryn,0.3,g
6145,Matvete kokt m. salt,"Fosfor, P",Matgryn,138.0,mg
6145,Matvete kokt m. salt,Niacinekvivalenter,Matgryn,2.4,NE/mg
6145,Matvete kokt m. salt,Niacin,Matgryn,1.69,mg
6145,Matvete kokt m. salt,"Salt, NaCl",Matgryn,0.4,g
6145,Matvete kokt m. salt,"Natrium, Na",Matgryn,154.0,mg
6145,Matvete kokt m. salt,Monosackarider,Matgryn,0.0,g
6145,Matvete kokt m. salt,"Sockerarter, totalt",Matgryn,0.4,g
6145,Matvete kokt m. salt,Summa enkelomättade fettsyror,Matgryn,0.1,g
6145,Matvete kokt m. salt,"Magnesium, Mg",Matgryn,51.0,mg
6145,Matvete kokt m. salt,Summa mättade fettsyror,Matgryn,0.1,g
6145,Matvete kokt m. salt,"Kolhydrater, tillgängliga",Matgryn,33.5,g
6145,Matvete kokt m. salt,Kolesterol,Matgryn,0.0,mg
6145,Matvete kokt m. salt,"Kalium, K",Matgryn,202.0,mg
6145,Matvete kokt m. salt,"Jod, I",Matgryn,0.0,µg
6145,Matvete kokt m. salt,Fullkorn totalt,Matgryn,56.0,g
6145,Matvete kokt m. salt,"Folat, totalt",Matgryn,12.1,µg
6145,Matvete kokt m. salt,Fibrer,Matgryn,9.3,g
6145,Matvete kokt m. salt,"Fett, totalt",Matgryn,0.7,g
6145,Matvete kokt m. salt,"Järn, Fe",Matgryn,1.0,mg
6145,Matvete kokt m. salt,Energi (kJ),Matgryn,747.0,kJ
6145,Matvete kokt m. salt,Energi (kcal),Matgryn,178.0,kcal
6145,Matvete kokt m. salt,Disackarider,Matgryn,0.4,g
6145,Matvete kokt m. salt,"Kalcium, Ca",Matgryn,16.0,mg
6145,Matvete kokt m. salt,Fettsyra 4:0-10:0,Matgryn,0.0,g
6145,Matvete kokt m. salt,DHA (C22:6),Matgryn,0.0,g
6145,Matvete kokt m. salt,DPA (C22:5),Matgryn,0.0,g
6145,Matvete kokt m. salt,EPA (C20:5),Matgryn,0.0,g
6145,Matvete kokt m. salt,Arakidonsyra C20:4,Matgryn,0.0,g
6145,Matvete kokt m. salt,Arakidinsyra C20:0,Matgryn,0.0,g
6145,Matvete kokt m. salt,Linolensyra C18:3,Matgryn,0.0,g
6145,Matvete kokt m. salt,Linolsyra C18:2,Matgryn,0.3,g
6145,Matvete kokt m. salt,Oljesyra C18:1,Matgryn,0.1,g
6145,Matvete kokt m. salt,Stearinsyra C18:0,Matgryn,0.0,g
6145,Matvete kokt m. salt,Palmitoljesyra C16:1,Matgryn,0.0,g
6145,Matvete kokt m. salt,Palmitinsyra C16:0,Matgryn,0.1,g
6145,Matvete kokt m. salt,Myristinsyra C14:0,Matgryn,0.0,g
6145,Matvete kokt m. salt,Laurinsyra C12:0,Matgryn,0.0,g
6145,Matvete kokt m. salt,Betakaroten/β-Karoten,Matgryn,0.0,µg
6145,Matvete kokt m. salt,Avfall (skal etc.),Matgryn,0.0,%
6145,Matvete kokt m. salt,Aska,Matgryn,0.8,g
6145,Matvete kokt m. salt,Alkohol,Matgryn,0.0,g
6146,Mathavre kokt m. salt,"Zink, Zn",Matgryn,1.5,mg
6146,Mathavre kokt m. salt,Vitamin E,Matgryn,0.3,mg
6146,Mathavre kokt m. salt,Vitamin D inkl 25-OH-D3,Matgryn,0.0,µg
6146,Mathavre kokt m. salt,Vitamin D,Matgryn,0.0,µg
6146,Mathavre kokt m. salt,Vitamin C,Matgryn,0.0,mg
6146,Mathavre kokt m. salt,Vitamin B6,Matgryn,0.08,mg
6146,Mathavre kokt m. salt,Vitamin B12,Matgryn,0.0,µg
6146,Mathavre kokt m. salt,Vitamin A,Matgryn,0.0,RE/µg
6146,Mathavre kokt m. salt,Vatten,Matgryn,49.3,g
6146,Mathavre kokt m. salt,Tiamin,Matgryn,0.15,mg
6146,Mathavre kokt m. salt,Tillsatt socker,Matgryn,0.0,g
6146,Mathavre kokt m. salt,Fritt socker,Matgryn,0.0,g
6146,Mathavre kokt m. salt,"Selen, Se",Matgryn,0.0,µg
6146,Mathavre kokt m. salt,Sackaros,Matgryn,0.4,g
6146,Mathavre kokt m. salt,Riboflavin,Matgryn,0.05,mg
6146,Mathavre kokt m. salt,Retinol,Matgryn,0.0,µg
6146,Mathavre kokt m. salt,Protein,Matgryn,5.8,g
6146,Mathavre kokt m. salt,Summa fleromättade fettsyror,Matgryn,1.3,g
6146,Mathavre kokt m. salt,"Fosfor, P",Matgryn,221.0,mg
6146,Mathavre kokt m. salt,Niacinekvivalenter,Matgryn,1.3,NE/mg
6146,Mathavre kokt m. salt,Niacin,Matgryn,0.38,mg
6146,Mathavre kokt m. salt,"Salt, NaCl",Matgryn,0.4,g
6146,Mathavre kokt m. salt,"Natrium, Na",Matgryn,144.0,mg
6146,Mathavre kokt m. salt,Monosackarider,Matgryn,0.0,g
6146,Mathavre kokt m. salt,"Sockerarter, totalt",Matgryn,0.4,g
6146,Mathavre kokt m. salt,Summa enkelomättade fettsyror,Matgryn,1.1,g
6146,Mathavre kokt m. salt,"Magnesium, Mg",Matgryn,67.0,mg
6146,Mathavre kokt m. salt,Summa mättade fettsyror,Matgryn,0.5,g
6146,Mathavre kokt m. salt,"Kolhydrater, tillgängliga",Matgryn,33.1,g
6146,Mathavre kokt m. salt,Kolesterol,Matgryn,0.0,mg
6146,Mathavre kokt m. salt,"Kalium, K",Matgryn,232.0,mg
6146,Mathavre kokt m. salt,"Jod, I",Matgryn,0.0,µg
6146,Mathavre kokt m. salt,Fullkorn totalt,Matgryn,51.0,g
6146,Mathavre kokt m. salt,"Folat, totalt",Matgryn,18.8,µg
6146,Mathavre kokt m. salt,Fibrer,Matgryn,7.8,g
6146,Mathavre kokt m. salt,"Fett, totalt",Matgryn,3.0,g
6146,Mathavre kokt m. salt,"Järn, Fe",Matgryn,2.0,mg
6146,Mathavre kokt m. salt,Energi (kJ),Matgryn,834.0,kJ
6146,Mathavre kokt m. salt,Energi (kcal),Matgryn,199.0,kcal
6146,Mathavre kokt m. salt,Disackarider,Matgryn,0.4,g
6146,Mathavre kokt m. salt,"Kalcium, Ca",Matgryn,31.0,mg
6146,Mathavre kokt m. salt,Fettsyra 4:0-10:0,Matgryn,0.0,g
6146,Mathavre kokt m. salt,DHA (C22:6),Matgryn,0.0,g
6146,Mathavre kokt m. salt,DPA (C22:5),Matgryn,0.0,g
6146,Mathavre kokt m. salt,EPA (C20:5),Matgryn,0.0,g
6146,Mathavre kokt m. salt,Arakidonsyra C20:4,Matgryn,0.0,g
6146,Mathavre kokt m. salt,Arakidinsyra C20:0,Matgryn,0.0,g
6146,Mathavre kokt m. salt,Linolensyra C18:3,Matgryn,0.0,g
6146,Mathavre kokt m. salt,Linolsyra C18:2,Matgryn,1.2,g
6146,Mathavre kokt m. salt,Oljesyra C18:1,Matgryn,1.0,g
6146,Mathavre kokt m. salt,Stearinsyra C18:0,Matgryn,0.0,g
6146,Mathavre kokt m. salt,Palmitoljesyra C16:1,Matgryn,0.0,g
6146,Mathavre kokt m. salt,Palmitinsyra C16:0,Matgryn,0.4,g
6146,Mathavre kokt m. salt,Myristinsyra C14:0,Matgryn,0.0,g
6146,Mathavre kokt m. salt,Laurinsyra C12:0,Matgryn,0.0,g
6146,Mathavre kokt m. salt,Betakaroten/β-Karoten,Matgryn,0.0,µg
6146,Mathavre kokt m. salt,Avfall (skal etc.),Matgryn,0.0,%
6146,Mathavre kokt m. salt,Aska,Matgryn,1.1,g
6146,Mathavre kokt m. salt,Alkohol,Matgryn,0.0,g
6154,Psylliumfröskal,"Zink, Zn",Nötter frön,0.3,mg
6154,Psylliumfröskal,Vitamin E,Nötter frön,0.1,mg
6154,Psylliumfröskal,Vitamin D inkl 25-OH-D3,Nötter frön,0.0,µg
6154,Psylliumfröskal,Vitamin D,Nötter frön,0.0,µg
6154,Psylliumfröskal,Vitamin C,Nötter frön,0.0,mg
6154,Psylliumfröskal,Vitamin B6,Nötter frön,0.1,mg
6154,Psylliumfröskal,Vitamin B12,Nötter frön,0.0,µg
6154,Psylliumfröskal,Vitamin A,Nötter frön,0.0,RE/µg
6154,Psylliumfröskal,Vatten,Nötter frön,7.3,g
6154,Psylliumfröskal,Tiamin,Nötter frön,0.04,mg
6154,Psylliumfröskal,Tillsatt socker,Nötter frön,0.0,g
6154,Psylliumfröskal,Fritt socker,Nötter frön,0.0,g
6154,Psylliumfröskal,"Selen, Se",Nötter frön,0.0,µg
6154,Psylliumfröskal,Sackaros,Nötter frön,0.0,g
6154,Psylliumfröskal,Riboflavin,Nötter frön,0.0,mg
6154,Psylliumfröskal,Retinol,Nötter frön,0.0,µg
6154,Psylliumfröskal,Protein,Nötter frön,1.2,g
6154,Psylliumfröskal,Summa fleromättade fettsyror,Nötter frön,0.0,g
6154,Psylliumfröskal,"Fosfor, P",Nötter frön,41.0,mg
6154,Psylliumfröskal,Niacinekvivalenter,Nötter frön,0.6,NE/mg
6154,Psylliumfröskal,Niacin,Nötter frön,0.4,mg
6154,Psylliumfröskal,"Salt, NaCl",Nötter frön,0.2,g
6154,Psylliumfröskal,"Natrium, Na",Nötter frön,74.0,mg
6154,Psylliumfröskal,Monosackarider,Nötter frön,0.0,g
6154,Psylliumfröskal,"Sockerarter, totalt",Nötter frön,0.0,g
6154,Psylliumfröskal,Summa enkelomättade fettsyror,Nötter frön,0.0,g
6154,Psylliumfröskal,"Magnesium, Mg",Nötter frön,24.0,mg
6154,Psylliumfröskal,Summa mättade fettsyror,Nötter frön,0.0,g
6154,Psylliumfröskal,"Kolhydrater, tillgängliga",Nötter frön,10.0,g
6154,Psylliumfröskal,Kolesterol,Nötter frön,0.0,mg
6154,Psylliumfröskal,"Kalium, K",Nötter frön,965.0,mg
6154,Psylliumfröskal,"Jod, I",Nötter frön,0.0,µg
6154,Psylliumfröskal,Fullkorn totalt,Nötter frön,0.0,g
6154,Psylliumfröskal,"Folat, totalt",Nötter frön,57.5,µg
6154,Psylliumfröskal,Fibrer,Nötter frön,78.1,g
6154,Psylliumfröskal,"Fett, totalt",Nötter frön,0.5,g
6154,Psylliumfröskal,"Järn, Fe",Nötter frön,8.6,mg
6154,Psylliumfröskal,Energi (kJ),Nötter frön,834.0,kJ
6154,Psylliumfröskal,Energi (kcal),Nötter frön,199.0,kcal
6154,Psylliumfröskal,Disackarider,Nötter frön,0.0,g
6154,Psylliumfröskal,"Kalcium, Ca",Nötter frön,184.0,mg
6154,Psylliumfröskal,Fettsyra 4:0-10:0,Nötter frön,0.0,g
6154,Psylliumfröskal,DHA (C22:6),Nötter frön,0.0,g
6154,Psylliumfröskal,DPA (C22:5),Nötter frön,0.0,g
6154,Psylliumfröskal,EPA (C20:5),Nötter frön,0.0,g
6154,Psylliumfröskal,Arakidonsyra C20:4,Nötter frön,0.0,g
6154,Psylliumfröskal,Arakidinsyra C20:0,Nötter frön,0.0,g
6154,Psylliumfröskal,Linolensyra C18:3,Nötter frön,0.0,g
6154,Psylliumfröskal,Linolsyra C18:2,Nötter frön,0.0,g
6154,Psylliumfröskal,Oljesyra C18:1,Nötter frön,0.0,g
6154,Psylliumfröskal,Stearinsyra C18:0,Nötter frön,0.0,g
6154,Psylliumfröskal,Palmitoljesyra C16:1,Nötter frön,0.0,g
6154,Psylliumfröskal,Palmitinsyra C16:0,Nötter frön,0.0,g
6154,Psylliumfröskal,Myristinsyra C14:0,Nötter frön,0.0,g
6154,Psylliumfröskal,Laurinsyra C12:0,Nötter frön,0.0,g
6154,Psylliumfröskal,Betakaroten/β-Karoten,Nötter frön,0.0,µg
6154,Psylliumfröskal,Avfall (skal etc.),Nötter frön,0.0,%
6154,Psylliumfröskal,Aska,Nötter frön,2.8,g
6154,Psylliumfröskal,Alkohol,Nötter frön,0.0,g
6157,Chiafrö,"Zink, Zn",Nötter frön,6.3,mg
6157,Chiafrö,Vitamin E,Nötter frön,0.3,mg
6157,Chiafrö,Vitamin D inkl 25-OH-D3,Nötter frön,0.0,µg
6157,Chiafrö,Vitamin D,Nötter frön,0.0,µg
6157,Chiafrö,Vitamin C,Nötter frön,1.6,mg
6157,Chiafrö,Vitamin B6,Nötter frön,0.14,mg
6157,Chiafrö,Vitamin B12,Nötter frön,0.0,µg
6157,Chiafrö,Vitamin A,Nötter frön,0.0,RE/µg
6157,Chiafrö,Vatten,Nötter frön,7.0,g
6157,Chiafrö,Tiamin,Nötter frön,0.47,mg
6157,Chiafrö,Tillsatt socker,Nötter frön,0.0,g
6157,Chiafrö,Fritt socker,Nötter frön,0.0,g
6157,Chiafrö,"Selen, Se",Nötter frön,32.0,µg
6157,Chiafrö,Sackaros,Nötter frön,0.6,g
6157,Chiafrö,Riboflavin,Nötter frön,0.2,mg
6157,Chiafrö,Retinol,Nötter frön,0.0,µg
6157,Chiafrö,Protein,Nötter frön,19.4,g
6157,Chiafrö,Summa fleromättade fettsyror,Nötter frön,28.0,g
6157,Chiafrö,"Fosfor, P",Nötter frön,645.0,mg
6157,Chiafrö,Niacinekvivalenter,Nötter frön,7.4,NE/mg
6157,Chiafrö,Niacin,Nötter frön,4.13,mg
6157,Chiafrö,"Salt, NaCl",Nötter frön,0.0,g
6157,Chiafrö,"Natrium, Na",Nötter frön,0.0,mg
6157,Chiafrö,Monosackarider,Nötter frön,0.2,g
6157,Chiafrö,"Sockerarter, totalt",Nötter frön,0.8,g
6157,Chiafrö,Summa enkelomättade fettsyror,Nötter frön,1.8,g
6157,Chiafrö,"Magnesium, Mg",Nötter frön,320.0,mg
6157,Chiafrö,Summa mättade fettsyror,Nötter frön,2.8,g
6157,Chiafrö,"Kolhydrater, tillgängliga",Nötter frön,0.0,g
6157,Chiafrö,Kolesterol,Nötter frön,0.0,mg
6157,Chiafrö,"Kalium, K",Nötter frön,640.0,mg
6157,Chiafrö,"Jod, I",Nötter frön,0.0,µg
6157,Chiafrö,Fullkorn totalt,Nötter frön,0.0,g
6157,Chiafrö,"Folat, totalt",Nötter frön,70.7,µg
6157,Chiafrö,Fibrer,Nötter frön,36.3,g
6157,Chiafrö,"Fett, totalt",Nötter frön,33.9,g
6157,Chiafrö,"Järn, Fe",Nötter frön,9.6,mg
6157,Chiafrö,Energi (kJ),Nötter frön,1875.0,kJ
6157,Chiafrö,Energi (kcal),Nötter frön,448.0,kcal
6157,Chiafrö,Disackarider,Nötter frön,0.6,g
6157,Chiafrö,"Kalcium, Ca",Nötter frön,624.0,mg
6157,Chiafrö,Fettsyra 4:0-10:0,Nötter frön,0.0,g
6157,Chiafrö,DHA (C22:6),Nötter frön,0.0,g
6157,Chiafrö,DPA (C22:5),Nötter frön,0.0,g
6157,Chiafrö,EPA (C20:5),Nötter frön,0.0,g
6157,Chiafrö,Arakidonsyra C20:4,Nötter frön,0.0,g
6157,Chiafrö,Arakidinsyra C20:0,Nötter frön,0.1,g
6157,Chiafrö,Linolensyra C18:3,Nötter frön,21.8,g
6157,Chiafrö,Linolsyra C18:2,Nötter frön,6.2,g
6157,Chiafrö,Oljesyra C18:1,Nötter frön,1.8,g
6157,Chiafrö,Stearinsyra C18:0,Nötter frön,0.8,g
6157,Chiafrö,Palmitoljesyra C16:1,Nötter frön,0.0,g
6157,Chiafrö,Palmitinsyra C16:0,Nötter frön,1.9,g
6157,Chiafrö,Myristinsyra C14:0,Nötter frön,0.0,g
6157,Chiafrö,Laurinsyra C12:0,Nötter frön,0.0,g
6157,Chiafrö,Betakaroten/β-Karoten,Nötter frön,0.0,µg
6157,Chiafrö,Avfall (skal etc.),Nötter frön,0.0,%
6157,Chiafrö,Aska,Nötter frön,4.6,g
6157,Chiafrö,Alkohol,Nötter frön,0.0,g
6158,Hampafrö m. skal,"Zink, Zn",Nötter frön,7.3,mg
6158,Hampafrö m. skal,Vitamin E,Nötter frön,1.7,mg
6158,Hampafrö m. skal,Vitamin D inkl 25-OH-D3,Nötter frön,0.0,µg
6158,Hampafrö m. skal,Vitamin D,Nötter frön,0.0,µg
6158,Hampafrö m. skal,Vitamin C,Nötter frön,0.5,mg
6158,Hampafrö m. skal,Vitamin B6,Nötter frön,0.6,mg
6158,Hampafrö m. skal,Vitamin B12,Nötter frön,0.0,µg
6158,Hampafrö m. skal,Vitamin A,Nötter frön,0.6,RE/µg
6158,Hampafrö m. skal,Vatten,Nötter frön,7.1,g
6158,Hampafrö m. skal,Tiamin,Nötter frön,1.28,mg
6158,Hampafrö m. skal,Tillsatt socker,Nötter frön,0.0,g
6158,Hampafrö m. skal,Fritt socker,Nötter frön,0.0,g
6158,Hampafrö m. skal,"Selen, Se",Nötter frön,8.8,µg
6158,Hampafrö m. skal,Sackaros,Nötter frön,0.8,g
6158,Hampafrö m. skal,Riboflavin,Nötter frön,0.28,mg
6158,Hampafrö m. skal,Retinol,Nötter frön,0.0,µg
6158,Hampafrö m. skal,Protein,Nötter frön,20.9,g
6158,Hampafrö m. skal,Summa fleromättade fettsyror,Nötter frön,25.6,g
6158,Hampafrö m. skal,"Fosfor, P",Nötter frön,1650.0,mg
6158,Hampafrö m. skal,Niacinekvivalenter,Nötter frön,12.7,NE/mg
6158,Hampafrö m. skal,Niacin,Nötter frön,9.2,mg
6158,Hampafrö m. skal,"Salt, NaCl",Nötter frön,0.0,g
6158,Hampafrö m. skal,"Natrium, Na",Nötter frön,5.0,mg
6158,Hampafrö m. skal,Monosackarider,Nötter frön,0.5,g
6158,Hampafrö m. skal,"Sockerarter, totalt",Nötter frön,1.4,g
6158,Hampafrö m. skal,Summa enkelomättade fettsyror,Nötter frön,3.1,g
6158,Hampafrö m. skal,"Magnesium, Mg",Nötter frön,700.0,mg
6158,Hampafrö m. skal,Summa mättade fettsyror,Nötter frön,2.6,g
6158,Hampafrö m. skal,"Kolhydrater, tillgängliga",Nötter frön,0.0,g
6158,Hampafrö m. skal,Kolesterol,Nötter frön,0.0,mg
6158,Hampafrö m. skal,"Kalium, K",Nötter frön,1200.0,mg
6158,Hampafrö m. skal,"Jod, I",Nötter frön,0.0,µg
6158,Hampafrö m. skal,Fullkorn totalt,Nötter frön,0.0,g
6158,Hampafrö m. skal,"Folat, totalt",Nötter frön,110.0,µg
6158,Hampafrö m. skal,Fibrer,Nötter frön,35.0,g
6158,Hampafrö m. skal,"Fett, totalt",Nötter frön,32.9,g
6158,Hampafrö m. skal,"Järn, Fe",Nötter frön,13.0,mg
6158,Hampafrö m. skal,Energi (kJ),Nötter frön,1852.0,kJ
6158,Hampafrö m. skal,Energi (kcal),Nötter frön,443.0,kcal
6158,Hampafrö m. skal,Disackarider,Nötter frön,0.9,g
6158,Hampafrö m. skal,"Kalcium, Ca",Nötter frön,105.0,mg
6158,Hampafrö m. skal,Fettsyra 4:0-10:0,Nötter frön,0.0,g
6158,Hampafrö m. skal,DHA (C22:6),Nötter frön,0.0,g
6158,Hampafrö m. skal,DPA (C22:5),Nötter frön,0.0,g
6158,Hampafrö m. skal,EPA (C20:5),Nötter frön,0.0,g
6158,Hampafrö m. skal,Arakidonsyra C20:4,Nötter frön,0.0,g
6158,Hampafrö m. skal,Arakidinsyra C20:0,Nötter frön,0.2,g
6158,Hampafrö m. skal,Linolensyra C18:3,Nötter frön,7.2,g
6158,Hampafrö m. skal,Linolsyra C18:2,Nötter frön,18.0,g
6158,Hampafrö m. skal,Oljesyra C18:1,Nötter frön,3.0,g
6158,Hampafrö m. skal,Stearinsyra C18:0,Nötter frön,0.7,g
6158,Hampafrö m. skal,Palmitoljesyra C16:1,Nötter frön,0.0,g
6158,Hampafrö m. skal,Palmitinsyra C16:0,Nötter frön,1.6,g
6158,Hampafrö m. skal,Myristinsyra C14:0,Nötter frön,0.0,g
6158,Hampafrö m. skal,Laurinsyra C12:0,Nötter frön,0.0,g
6158,Hampafrö m. skal,Betakaroten/β-Karoten,Nötter frön,7.0,µg
6158,Hampafrö m. skal,Avfall (skal etc.),Nötter frön,0.0,%
6158,Hampafrö m. skal,Aska,Nötter frön,5.0,g
6158,Hampafrö m. skal,Alkohol,Nötter frön,0.0,g
6159,Hampafrö u. skal,"Zink, Zn",Nötter frön,10.6,mg
6159,Hampafrö u. skal,Vitamin E,Nötter frön,1.7,mg
6159,Hampafrö u. skal,Vitamin D inkl 25-OH-D3,Nötter frön,0.0,µg
6159,Hampafrö u. skal,Vitamin D,Nötter frön,0.0,µg
6159,Hampafrö u. skal,Vitamin C,Nötter frön,0.5,mg
6159,Hampafrö u. skal,Vitamin B6,Nötter frön,0.6,mg
6159,Hampafrö u. skal,Vitamin B12,Nötter frön,0.0,µg
6159,Hampafrö u. skal,Vitamin A,Nötter frön,0.6,RE/µg
6159,Hampafrö u. skal,Vatten,Nötter frön,5.5,g
6159,Hampafrö u. skal,Tiamin,Nötter frön,1.28,mg
6159,Hampafrö u. skal,Tillsatt socker,Nötter frön,0.0,g
6159,Hampafrö u. skal,Fritt socker,Nötter frön,0.0,g
6159,Hampafrö u. skal,"Selen, Se",Nötter frön,25.0,µg
6159,Hampafrö u. skal,Sackaros,Nötter frön,0.8,g
6159,Hampafrö u. skal,Riboflavin,Nötter frön,0.28,mg
6159,Hampafrö u. skal,Retinol,Nötter frön,0.0,µg
6159,Hampafrö u. skal,Protein,Nötter frön,28.0,g
6159,Hampafrö u. skal,Summa fleromättade fettsyror,Nötter frön,40.2,g
6159,Hampafrö u. skal,"Fosfor, P",Nötter frön,1650.0,mg
6159,Hampafrö u. skal,Niacinekvivalenter,Nötter frön,13.9,NE/mg
6159,Hampafrö u. skal,Niacin,Nötter frön,9.2,mg
6159,Hampafrö u. skal,"Salt, NaCl",Nötter frön,0.0,g
6159,Hampafrö u. skal,"Natrium, Na",Nötter frön,5.0,mg
6159,Hampafrö u. skal,Monosackarider,Nötter frön,0.5,g
6159,Hampafrö u. skal,"Sockerarter, totalt",Nötter frön,1.4,g
6159,Hampafrö u. skal,Summa enkelomättade fettsyror,Nötter frön,6.4,g
6159,Hampafrö u. skal,"Magnesium, Mg",Nötter frön,700.0,mg
6159,Hampafrö u. skal,Summa mättade fettsyror,Nötter frön,4.1,g
6159,Hampafrö u. skal,"Kolhydrater, tillgängliga",Nötter frön,2.6,g
6159,Hampafrö u. skal,Kolesterol,Nötter frön,0.0,mg
6159,Hampafrö u. skal,"Kalium, K",Nötter frön,1200.0,mg
6159,Hampafrö u. skal,"Jod, I",Nötter frön,0.0,µg
6159,Hampafrö u. skal,Fullkorn totalt,Nötter frön,0.0,g
6159,Hampafrö u. skal,"Folat, totalt",Nötter frön,110.0,µg
6159,Hampafrö u. skal,Fibrer,Nötter frön,5.4,g
6159,Hampafrö u. skal,"Fett, totalt",Nötter frön,53.6,g
6159,Hampafrö u. skal,"Järn, Fe",Nötter frön,11.3,mg
6159,Hampafrö u. skal,Energi (kJ),Nötter frön,2546.0,kJ
6159,Hampafrö u. skal,Energi (kcal),Nötter frön,609.0,kcal
6159,Hampafrö u. skal,Disackarider,Nötter frön,0.9,g
6159,Hampafrö u. skal,"Kalcium, Ca",Nötter frön,59.0,mg
6159,Hampafrö u. skal,Fettsyra 4:0-10:0,Nötter frön,0.0,g
6159,Hampafrö u. skal,DHA (C22:6),Nötter frön,0.0,g
6159,Hampafrö u. skal,DPA (C22:5),Nötter frön,0.0,g
6159,Hampafrö u. skal,EPA (C20:5),Nötter frön,0.0,g
6159,Hampafrö u. skal,Arakidonsyra C20:4,Nötter frön,0.0,g
6159,Hampafrö u. skal,Arakidinsyra C20:0,Nötter frön,0.2,g
6159,Hampafrö u. skal,Linolensyra C18:3,Nötter frön,9.6,g
6159,Hampafrö u. skal,Linolsyra C18:2,Nötter frön,30.4,g
6159,Hampafrö u. skal,Oljesyra C18:1,Nötter frön,6.2,g
6159,Hampafrö u. skal,Stearinsyra C18:0,Nötter frön,1.2,g
6159,Hampafrö u. skal,Palmitoljesyra C16:1,Nötter frön,0.0,g
6159,Hampafrö u. skal,Palmitinsyra C16:0,Nötter frön,2.6,g
6159,Hampafrö u. skal,Myristinsyra C14:0,Nötter frön,0.0,g
6159,Hampafrö u. skal,Laurinsyra C12:0,Nötter frön,0.0,g
6159,Hampafrö u. skal,Betakaroten/β-Karoten,Nötter frön,7.0,µg
6159,Hampafrö u. skal,Avfall (skal etc.),Nötter frön,0.0,%
6159,Hampafrö u. skal,Aska,Nötter frön,4.9,g
6159,Hampafrö u. skal,Alkohol,Nötter frön,0.0,g
6160,Vallmofrö,"Zink, Zn",Nötter frön,6.9,mg
6160,Vallmofrö,Vitamin E,Nötter frön,2.0,mg
6160,Vallmofrö,Vitamin D inkl 25-OH-D3,Nötter frön,0.0,µg
6160,Vallmofrö,Vitamin D,Nötter frön,0.0,µg
6160,Vallmofrö,Vitamin C,Nötter frön,0.0,mg
6160,Vallmofrö,Vitamin B6,Nötter frön,0.44,mg
6160,Vallmofrö,Vitamin B12,Nötter frön,0.0,µg
6160,Vallmofrö,Vitamin A,Nötter frön,0.0,RE/µg
6160,Vallmofrö,Vatten,Nötter frön,5.3,g
6160,Vallmofrö,Tiamin,Nötter frön,0.85,mg
6160,Vallmofrö,Tillsatt socker,Nötter frön,0.0,g
6160,Vallmofrö,Fritt socker,Nötter frön,0.0,g
6160,Vallmofrö,"Selen, Se",Nötter frön,11.0,µg
6160,Vallmofrö,Sackaros,Nötter frön,2.3,g
6160,Vallmofrö,Riboflavin,Nötter frön,0.17,mg
6160,Vallmofrö,Retinol,Nötter frön,0.0,µg
6160,Vallmofrö,Protein,Nötter frön,17.9,g
6160,Vallmofrö,Summa fleromättade fettsyror,Nötter frön,32.4,g
6160,Vallmofrö,"Fosfor, P",Nötter frön,66.0,mg
6160,Vallmofrö,Niacinekvivalenter,Nötter frön,4.0,NE/mg
6160,Vallmofrö,Niacin,Nötter frön,1.0,mg
6160,Vallmofrö,"Salt, NaCl",Nötter frön,0.0,g
6160,Vallmofrö,"Natrium, Na",Nötter frön,3.0,mg
6160,Vallmofrö,Monosackarider,Nötter frön,0.7,g
6160,Vallmofrö,"Sockerarter, totalt",Nötter frön,3.0,g
6160,Vallmofrö,Summa enkelomättade fettsyror,Nötter frön,6.4,g
6160,Vallmofrö,"Magnesium, Mg",Nötter frön,54.0,mg
6160,Vallmofrö,Summa mättade fettsyror,Nötter frön,4.4,g
6160,Vallmofrö,"Kolhydrater, tillgängliga",Nötter frön,4.8,g
6160,Vallmofrö,Kolesterol,Nötter frön,0.0,mg
6160,Vallmofrö,"Kalium, K",Nötter frön,610.0,mg
6160,Vallmofrö,"Jod, I",Nötter frön,0.0,µg
6160,Vallmofrö,Fullkorn totalt,Nötter frön,0.0,g
6160,Vallmofrö,"Folat, totalt",Nötter frön,0.0,µg
6160,Vallmofrö,Fibrer,Nötter frön,19.0,g
6160,Vallmofrö,"Fett, totalt",Nötter frön,45.9,g
6160,Vallmofrö,"Järn, Fe",Nötter frön,10.8,mg
6160,Vallmofrö,Energi (kJ),Nötter frön,2236.0,kJ
6160,Vallmofrö,Energi (kcal),Nötter frön,534.0,kcal
6160,Vallmofrö,Disackarider,Nötter frön,2.3,g
6160,Vallmofrö,"Kalcium, Ca",Nötter frön,1608.0,mg
6160,Vallmofrö,Fettsyra 4:0-10:0,Nötter frön,0.0,g
6160,Vallmofrö,DHA (C22:6),Nötter frön,0.0,g
6160,Vallmofrö,DPA (C22:5),Nötter frön,0.0,g
6160,Vallmofrö,EPA (C20:5),Nötter frön,0.0,g
6160,Vallmofrö,Arakidonsyra C20:4,Nötter frön,0.0,g
6160,Vallmofrö,Arakidinsyra C20:0,Nötter frön,0.0,g
6160,Vallmofrö,Linolensyra C18:3,Nötter frön,0.2,g
6160,Vallmofrö,Linolsyra C18:2,Nötter frön,32.2,g
6160,Vallmofrö,Oljesyra C18:1,Nötter frön,6.3,g
6160,Vallmofrö,Stearinsyra C18:0,Nötter frön,0.7,g
6160,Vallmofrö,Palmitoljesyra C16:1,Nötter frön,0.1,g
6160,Vallmofrö,Palmitinsyra C16:0,Nötter frön,3.6,g
6160,Vallmofrö,Myristinsyra C14:0,Nötter frön,0.0,g
6160,Vallmofrö,Laurinsyra C12:0,Nötter frön,0.0,g
6160,Vallmofrö,Betakaroten/β-Karoten,Nötter frön,0.0,µg
6160,Vallmofrö,Avfall (skal etc.),Nötter frön,0.0,%
6160,Vallmofrö,Aska,Nötter frön,7.2,g
6160,Vallmofrö,Alkohol,Nötter frön,0.0,g
6164,Senap sötstark,"Zink, Zn","Senap ketchup HP-sås soja ""smaksättare""",0.8,mg
6164,Senap sötstark,Vitamin E,"Senap ketchup HP-sås soja ""smaksättare""",0.5,mg
6164,Senap sötstark,Vitamin D inkl 25-OH-D3,"Senap ketchup HP-sås soja ""smaksättare""",0.0,µg
6164,Senap sötstark,Vitamin D,"Senap ketchup HP-sås soja ""smaksättare""",0.0,µg
6164,Senap sötstark,Vitamin C,"Senap ketchup HP-sås soja ""smaksättare""",0.0,mg
6164,Senap sötstark,Vitamin B6,"Senap ketchup HP-sås soja ""smaksättare""",0.08,mg
6164,Senap sötstark,Vitamin B12,"Senap ketchup HP-sås soja ""smaksättare""",0.0,µg
6164,Senap sötstark,Vitamin A,"Senap ketchup HP-sås soja ""smaksättare""",4.2,RE/µg
6164,Senap sötstark,Vatten,"Senap ketchup HP-sås soja ""smaksättare""",39.4,g
6164,Senap sötstark,Tiamin,"Senap ketchup HP-sås soja ""smaksättare""",0.09,mg
6164,Senap sötstark,Tillsatt socker,"Senap ketchup HP-sås soja ""smaksättare""",43.0,g
6164,Senap sötstark,Fritt socker,"Senap ketchup HP-sås soja ""smaksättare""",43.0,g
6164,Senap sötstark,"Selen, Se","Senap ketchup HP-sås soja ""smaksättare""",0.0,µg
6164,Senap sötstark,Sackaros,"Senap ketchup HP-sås soja ""smaksättare""",39.2,g
6164,Senap sötstark,Riboflavin,"Senap ketchup HP-sås soja ""smaksättare""",0.04,mg
6164,Senap sötstark,Retinol,"Senap ketchup HP-sås soja ""smaksättare""",3.5,µg
6164,Senap sötstark,Protein,"Senap ketchup HP-sås soja ""smaksättare""",3.7,g
6164,Senap sötstark,Summa fleromättade fettsyror,"Senap ketchup HP-sås soja ""smaksättare""",1.5,g
6164,Senap sötstark,"Fosfor, P","Senap ketchup HP-sås soja ""smaksättare""",104.0,mg
6164,Senap sötstark,Niacinekvivalenter,"Senap ketchup HP-sås soja ""smaksättare""",1.8,NE/mg
6164,Senap sötstark,Niacin,"Senap ketchup HP-sås soja ""smaksättare""",1.17,mg
6164,Senap sötstark,"Salt, NaCl","Senap ketchup HP-sås soja ""smaksättare""",0.7,g
6164,Senap sötstark,"Natrium, Na","Senap ketchup HP-sås soja ""smaksättare""",282.0,mg
6164,Senap sötstark,Monosackarider,"Senap ketchup HP-sås soja ""smaksättare""",4.2,g
6164,Senap sötstark,"Sockerarter, totalt","Senap ketchup HP-sås soja ""smaksättare""",43.4,g
6164,Senap sötstark,Summa enkelomättade fettsyror,"Senap ketchup HP-sås soja ""smaksättare""",3.6,g
6164,Senap sötstark,"Magnesium, Mg","Senap ketchup HP-sås soja ""smaksättare""",43.0,mg
6164,Senap sötstark,Summa mättade fettsyror,"Senap ketchup HP-sås soja ""smaksättare""",1.0,g
6164,Senap sötstark,"Kolhydrater, tillgängliga","Senap ketchup HP-sås soja ""smaksättare""",48.9,g
6164,Senap sötstark,Kolesterol,"Senap ketchup HP-sås soja ""smaksättare""",0.0,mg
6164,Senap sötstark,"Kalium, K","Senap ketchup HP-sås soja ""smaksättare""",120.0,mg
6164,Senap sötstark,"Jod, I","Senap ketchup HP-sås soja ""smaksättare""",0.0,µg
6164,Senap sötstark,Fullkorn totalt,"Senap ketchup HP-sås soja ""smaksättare""",0.0,g
6164,Senap sötstark,"Folat, totalt","Senap ketchup HP-sås soja ""smaksättare""",13.8,µg
6164,Senap sötstark,Fibrer,"Senap ketchup HP-sås soja ""smaksättare""",0.0,g
6164,Senap sötstark,"Fett, totalt","Senap ketchup HP-sås soja ""smaksättare""",6.4,g
6164,Senap sötstark,"Järn, Fe","Senap ketchup HP-sås soja ""smaksättare""",1.4,mg
6164,Senap sötstark,Energi (kJ),"Senap ketchup HP-sås soja ""smaksättare""",1133.0,kJ
6164,Senap sötstark,Energi (kcal),"Senap ketchup HP-sås soja ""smaksättare""",271.0,kcal
6164,Senap sötstark,Disackarider,"Senap ketchup HP-sås soja ""smaksättare""",39.2,g
6164,Senap sötstark,"Kalcium, Ca","Senap ketchup HP-sås soja ""smaksättare""",55.0,mg
6164,Senap sötstark,Fettsyra 4:0-10:0,"Senap ketchup HP-sås soja ""smaksättare""",0.1,g
6164,Senap sötstark,DHA (C22:6),"Senap ketchup HP-sås soja ""smaksättare""",0.0,g
6164,Senap sötstark,DPA (C22:5),"Senap ketchup HP-sås soja ""smaksättare""",0.0,g
6164,Senap sötstark,EPA (C20:5),"Senap ketchup HP-sås soja ""smaksättare""",0.0,g
6164,Senap sötstark,Arakidonsyra C20:4,"Senap ketchup HP-sås soja ""smaksättare""",0.0,g
6164,Senap sötstark,Arakidinsyra C20:0,"Senap ketchup HP-sås soja ""smaksättare""",0.0,g
6164,Senap sötstark,Linolensyra C18:3,"Senap ketchup HP-sås soja ""smaksättare""",0.6,g
6164,Senap sötstark,Linolsyra C18:2,"Senap ketchup HP-sås soja ""smaksättare""",0.9,g
6164,Senap sötstark,Oljesyra C18:1,"Senap ketchup HP-sås soja ""smaksättare""",1.6,g
6164,Senap sötstark,Stearinsyra C18:0,"Senap ketchup HP-sås soja ""smaksättare""",0.2,g
6164,Senap sötstark,Palmitoljesyra C16:1,"Senap ketchup HP-sås soja ""smaksättare""",0.0,g
6164,Senap sötstark,Palmitinsyra C16:0,"Senap ketchup HP-sås soja ""smaksättare""",0.5,g
6164,Senap sötstark,Myristinsyra C14:0,"Senap ketchup HP-sås soja ""smaksättare""",0.1,g
6164,Senap sötstark,Laurinsyra C12:0,"Senap ketchup HP-sås soja ""smaksättare""",0.0,g
6164,Senap sötstark,Betakaroten/β-Karoten,"Senap ketchup HP-sås soja ""smaksättare""",8.0,µg
6164,Senap sötstark,Avfall (skal etc.),"Senap ketchup HP-sås soja ""smaksättare""",0.0,%
6164,Senap sötstark,Aska,"Senap ketchup HP-sås soja ""smaksättare""",1.6,g
6164,Senap sötstark,Alkohol,"Senap ketchup HP-sås soja ""smaksättare""",0.0,g
6165,Kokosolja,"Zink, Zn",Olja,0.0,mg
6165,Kokosolja,Vitamin E,Olja,0.0,mg
6165,Kokosolja,Vitamin D inkl 25-OH-D3,Olja,0.0,µg
6165,Kokosolja,Vitamin D,Olja,0.0,µg
6165,Kokosolja,Vitamin C,Olja,0.0,mg
6165,Kokosolja,Vitamin B6,Olja,0.0,mg
6165,Kokosolja,Vitamin B12,Olja,0.0,µg
6165,Kokosolja,Vitamin A,Olja,0.0,RE/µg
6165,Kokosolja,Vatten,Olja,0.0,g
6165,Kokosolja,Tiamin,Olja,0.0,mg
6165,Kokosolja,Tillsatt socker,Olja,0.0,g
6165,Kokosolja,Fritt socker,Olja,0.0,g
6165,Kokosolja,"Selen, Se",Olja,0.0,µg
6165,Kokosolja,Sackaros,Olja,0.0,g
6165,Kokosolja,Riboflavin,Olja,0.0,mg
6165,Kokosolja,Retinol,Olja,0.0,µg
6165,Kokosolja,Protein,Olja,0.0,g
6165,Kokosolja,Summa fleromättade fettsyror,Olja,1.0,g
6165,Kokosolja,"Fosfor, P",Olja,0.0,mg
6165,Kokosolja,Niacinekvivalenter,Olja,0.0,NE/mg
6165,Kokosolja,Niacin,Olja,0.0,mg
6165,Kokosolja,"Salt, NaCl",Olja,0.0,g
6165,Kokosolja,"Natrium, Na",Olja,0.0,mg
6165,Kokosolja,Monosackarider,Olja,0.0,g
6165,Kokosolja,"Sockerarter, totalt",Olja,0.0,g
6165,Kokosolja,Summa enkelomättade fettsyror,Olja,5.1,g
6165,Kokosolja,"Magnesium, Mg",Olja,0.0,mg
6165,Kokosolja,Summa mättade fettsyror,Olja,87.3,g
6165,Kokosolja,"Kolhydrater, tillgängliga",Olja,0.7,g
6165,Kokosolja,Kolesterol,Olja,0.0,mg
6165,Kokosolja,"Kalium, K",Olja,0.0,mg
6165,Kokosolja,"Jod, I",Olja,0.0,µg
6165,Kokosolja,Fullkorn totalt,Olja,0.0,g
6165,Kokosolja,"Folat, totalt",Olja,0.0,µg
6165,Kokosolja,Fibrer,Olja,0.0,g
6165,Kokosolja,"Fett, totalt",Olja,99.3,g
6165,Kokosolja,"Järn, Fe",Olja,0.0,mg
6165,Kokosolja,Energi (kJ),Olja,3686.0,kJ
6165,Kokosolja,Energi (kcal),Olja,881.0,kcal
6165,Kokosolja,Disackarider,Olja,0.0,g
6165,Kokosolja,"Kalcium, Ca",Olja,0.0,mg
6165,Kokosolja,Fettsyra 4:0-10:0,Olja,12.4,g
6165,Kokosolja,DHA (C22:6),Olja,0.0,g
6165,Kokosolja,DPA (C22:5),Olja,0.0,g
6165,Kokosolja,EPA (C20:5),Olja,0.0,g
6165,Kokosolja,Arakidonsyra C20:4,Olja,0.0,g
6165,Kokosolja,Arakidinsyra C20:0,Olja,0.0,g
6165,Kokosolja,Linolensyra C18:3,Olja,0.0,g
6165,Kokosolja,Linolsyra C18:2,Olja,1.0,g
6165,Kokosolja,Oljesyra C18:1,Olja,5.1,g
6165,Kokosolja,Stearinsyra C18:0,Olja,2.8,g
6165,Kokosolja,Palmitoljesyra C16:1,Olja,0.0,g
6165,Kokosolja,Palmitinsyra C16:0,Olja,8.0,g
6165,Kokosolja,Myristinsyra C14:0,Olja,18.5,g
6165,Kokosolja,Laurinsyra C12:0,Olja,45.6,g
6165,Kokosolja,Betakaroten/β-Karoten,Olja,0.0,µg
6165,Kokosolja,Avfall (skal etc.),Olja,0.0,%
6165,Kokosolja,Aska,Olja,0.0,g
6165,Kokosolja,Alkohol,Olja,0.0,g
6166,Majonnäs m. sojabönolja fett 80%,"Zink, Zn",Sås dressing majonnäs ,0.2,mg
6166,Majonnäs m. sojabönolja fett 80%,Vitamin E,Sås dressing majonnäs ,19.3,mg
6166,Majonnäs m. sojabönolja fett 80%,Vitamin D,Sås dressing majonnäs ,0.21,µg
6166,Majonnäs m. sojabönolja fett 80%,Vitamin C,Sås dressing majonnäs ,0.0,mg
6166,Majonnäs m. sojabönolja fett 80%,Vitamin B6,Sås dressing majonnäs ,0.01,mg
6166,Majonnäs m. sojabönolja fett 80%,Vitamin B12,Sås dressing majonnäs ,0.33,µg
6166,Majonnäs m. sojabönolja fett 80%,Vitamin A,Sås dressing majonnäs ,18.9,RE/µg
6166,Majonnäs m. sojabönolja fett 80%,Vatten,Sås dressing majonnäs ,20.2,g
6166,Majonnäs m. sojabönolja fett 80%,Tiamin,Sås dressing majonnäs ,0.01,mg
6166,Majonnäs m. sojabönolja fett 80%,Tillsatt socker,Sås dressing majonnäs ,2.0,g
6166,Majonnäs m. sojabönolja fett 80%,Fritt socker,Sås dressing majonnäs ,2.0,g
6166,Majonnäs m. sojabönolja fett 80%,"Selen, Se",Sås dressing majonnäs ,0.0,µg
6166,Majonnäs m. sojabönolja fett 80%,Sackaros,Sås dressing majonnäs ,1.5,g
6166,Majonnäs m. sojabönolja fett 80%,Riboflavin,Sås dressing majonnäs ,0.04,mg
6166,Majonnäs m. sojabönolja fett 80%,Retinol,Sås dressing majonnäs ,17.3,µg
6166,Majonnäs m. sojabönolja fett 80%,Protein,Sås dressing majonnäs ,1.3,g
6166,Majonnäs m. sojabönolja fett 80%,Summa fleromättade fettsyror,Sås dressing majonnäs ,39.1,g
6166,Majonnäs m. sojabönolja fett 80%,"Fosfor, P",Sås dressing majonnäs ,29.0,mg
6166,Majonnäs m. sojabönolja fett 80%,Niacinekvivalenter,Sås dressing majonnäs ,0.4,NE/mg
6166,Majonnäs m. sojabönolja fett 80%,Niacin,Sås dressing majonnäs ,0.03,mg
6166,Majonnäs m. sojabönolja fett 80%,"Salt, NaCl",Sås dressing majonnäs ,1.1,g
6166,Majonnäs m. sojabönolja fett 80%,"Natrium, Na",Sås dressing majonnäs ,437.0,mg
6166,Majonnäs m. sojabönolja fett 80%,Monosackarider,Sås dressing majonnäs ,0.0,g
6166,Majonnäs m. sojabönolja fett 80%,"Sockerarter, totalt",Sås dressing majonnäs ,1.5,g
6166,Majonnäs m. sojabönolja fett 80%,Summa enkelomättade fettsyror,Sås dressing majonnäs ,20.8,g
6166,Majonnäs m. sojabönolja fett 80%,"Magnesium, Mg",Sås dressing majonnäs ,2.0,mg
6166,Majonnäs m. sojabönolja fett 80%,Summa mättade fettsyror,Sås dressing majonnäs ,11.3,g
6166,Majonnäs m. sojabönolja fett 80%,"Kolhydrater, tillgängliga",Sås dressing majonnäs ,2.7,g
6166,Majonnäs m. sojabönolja fett 80%,Kolesterol,Sås dressing majonnäs ,40.3,mg
6166,Majonnäs m. sojabönolja fett 80%,"Kalium, K",Sås dressing majonnäs ,37.0,mg
6166,Majonnäs m. sojabönolja fett 80%,"Jod, I",Sås dressing majonnäs ,0.0,µg
6166,Majonnäs m. sojabönolja fett 80%,Fullkorn totalt,Sås dressing majonnäs ,0.0,g
6166,Majonnäs m. sojabönolja fett 80%,"Folat, totalt",Sås dressing majonnäs ,2.8,µg
6166,Majonnäs m. sojabönolja fett 80%,Fibrer,Sås dressing majonnäs ,0.0,g
6166,Majonnäs m. sojabönolja fett 80%,"Fett, totalt",Sås dressing majonnäs ,74.7,g
6166,Majonnäs m. sojabönolja fett 80%,"Järn, Fe",Sås dressing majonnäs ,0.3,mg
6166,Majonnäs m. sojabönolja fett 80%,Energi (kJ),Sås dressing majonnäs ,2832.0,kJ
6166,Majonnäs m. sojabönolja fett 80%,Energi (kcal),Sås dressing majonnäs ,677.0,kcal
6166,Majonnäs m. sojabönolja fett 80%,Disackarider,Sås dressing majonnäs ,1.5,g
6166,Majonnäs m. sojabönolja fett 80%,"Kalcium, Ca",Sås dressing majonnäs ,8.0,mg
6166,Majonnäs m. sojabönolja fett 80%,Fettsyra 4:0-10:0,Sås dressing majonnäs ,0.0,g
6166,Majonnäs m. sojabönolja fett 80%,DHA (C22:6),Sås dressing majonnäs ,0.0,g
6166,Majonnäs m. sojabönolja fett 80%,DPA (C22:5),Sås dressing majonnäs ,0.0,g
6166,Majonnäs m. sojabönolja fett 80%,EPA (C20:5),Sås dressing majonnäs ,0.0,g
6166,Majonnäs m. sojabönolja fett 80%,Arakidonsyra C20:4,Sås dressing majonnäs ,0.0,g
6166,Majonnäs m. sojabönolja fett 80%,Arakidinsyra C20:0,Sås dressing majonnäs ,0.2,g
6166,Majonnäs m. sojabönolja fett 80%,Linolensyra C18:3,Sås dressing majonnäs ,4.1,g
6166,Majonnäs m. sojabönolja fett 80%,Linolsyra C18:2,Sås dressing majonnäs ,35.0,g
6166,Majonnäs m. sojabönolja fett 80%,Oljesyra C18:1,Sås dressing majonnäs ,20.4,g
6166,Majonnäs m. sojabönolja fett 80%,Stearinsyra C18:0,Sås dressing majonnäs ,2.6,g
6166,Majonnäs m. sojabönolja fett 80%,Palmitoljesyra C16:1,Sås dressing majonnäs ,0.1,g
6166,Majonnäs m. sojabönolja fett 80%,Palmitinsyra C16:0,Sås dressing majonnäs ,8.2,g
6166,Majonnäs m. sojabönolja fett 80%,Myristinsyra C14:0,Sås dressing majonnäs ,0.0,g
6166,Majonnäs m. sojabönolja fett 80%,Laurinsyra C12:0,Sås dressing majonnäs ,0.0,g
6166,Majonnäs m. sojabönolja fett 80%,Betakaroten/β-Karoten,Sås dressing majonnäs ,20.0,µg
6166,Majonnäs m. sojabönolja fett 80%,Avfall (skal etc.),Sås dressing majonnäs ,0.0,%
6166,Majonnäs m. sojabönolja fett 80%,Aska,Sås dressing majonnäs ,1.0,g
6166,Majonnäs m. sojabönolja fett 80%,Alkohol,Sås dressing majonnäs ,0.0,g
6167,Majonnäs m. solrosolja fett 80%,"Zink, Zn",Sås dressing majonnäs ,0.2,mg
6167,Majonnäs m. solrosolja fett 80%,Vitamin E,Sås dressing majonnäs ,19.3,mg
6167,Majonnäs m. solrosolja fett 80%,Vitamin D,Sås dressing majonnäs ,0.21,µg
6167,Majonnäs m. solrosolja fett 80%,Vitamin C,Sås dressing majonnäs ,0.0,mg
6167,Majonnäs m. solrosolja fett 80%,Vitamin B6,Sås dressing majonnäs ,0.01,mg
6167,Majonnäs m. solrosolja fett 80%,Vitamin B12,Sås dressing majonnäs ,0.33,µg
6167,Majonnäs m. solrosolja fett 80%,Vitamin A,Sås dressing majonnäs ,18.9,RE/µg
6167,Majonnäs m. solrosolja fett 80%,Vatten,Sås dressing majonnäs ,20.2,g
6167,Majonnäs m. solrosolja fett 80%,Tiamin,Sås dressing majonnäs ,0.01,mg
6167,Majonnäs m. solrosolja fett 80%,Tillsatt socker,Sås dressing majonnäs ,2.0,g
6167,Majonnäs m. solrosolja fett 80%,Fritt socker,Sås dressing majonnäs ,2.0,g
6167,Majonnäs m. solrosolja fett 80%,"Selen, Se",Sås dressing majonnäs ,0.0,µg
6167,Majonnäs m. solrosolja fett 80%,Sackaros,Sås dressing majonnäs ,1.5,g
6167,Majonnäs m. solrosolja fett 80%,Riboflavin,Sås dressing majonnäs ,0.04,mg
6167,Majonnäs m. solrosolja fett 80%,Retinol,Sås dressing majonnäs ,17.3,µg
6167,Majonnäs m. solrosolja fett 80%,Protein,Sås dressing majonnäs ,1.3,g
6167,Majonnäs m. solrosolja fett 80%,Summa fleromättade fettsyror,Sås dressing majonnäs ,39.4,g
6167,Majonnäs m. solrosolja fett 80%,"Fosfor, P",Sås dressing majonnäs ,29.0,mg
6167,Majonnäs m. solrosolja fett 80%,Niacinekvivalenter,Sås dressing majonnäs ,0.4,NE/mg
6167,Majonnäs m. solrosolja fett 80%,Niacin,Sås dressing majonnäs ,0.03,mg
6167,Majonnäs m. solrosolja fett 80%,"Salt, NaCl",Sås dressing majonnäs ,1.1,g
6167,Majonnäs m. solrosolja fett 80%,"Natrium, Na",Sås dressing majonnäs ,437.0,mg
6167,Majonnäs m. solrosolja fett 80%,Monosackarider,Sås dressing majonnäs ,0.0,g
6167,Majonnäs m. solrosolja fett 80%,"Sockerarter, totalt",Sås dressing majonnäs ,1.5,g
6167,Majonnäs m. solrosolja fett 80%,Summa enkelomättade fettsyror,Sås dressing majonnäs ,20.2,g
6167,Majonnäs m. solrosolja fett 80%,"Magnesium, Mg",Sås dressing majonnäs ,2.0,mg
6167,Majonnäs m. solrosolja fett 80%,Summa mättade fettsyror,Sås dressing majonnäs ,7.5,g
6167,Majonnäs m. solrosolja fett 80%,"Kolhydrater, tillgängliga",Sås dressing majonnäs ,7.1,g
6167,Majonnäs m. solrosolja fett 80%,Kolesterol,Sås dressing majonnäs ,40.3,mg
6167,Majonnäs m. solrosolja fett 80%,"Kalium, K",Sås dressing majonnäs ,37.0,mg
6167,Majonnäs m. solrosolja fett 80%,"Jod, I",Sås dressing majonnäs ,0.0,µg
6167,Majonnäs m. solrosolja fett 80%,Fullkorn totalt,Sås dressing majonnäs ,0.0,g
6167,Majonnäs m. solrosolja fett 80%,"Folat, totalt",Sås dressing majonnäs ,2.8,µg
6167,Majonnäs m. solrosolja fett 80%,Fibrer,Sås dressing majonnäs ,0.0,g
6167,Majonnäs m. solrosolja fett 80%,"Fett, totalt",Sås dressing majonnäs ,70.3,g
6167,Majonnäs m. solrosolja fett 80%,"Järn, Fe",Sås dressing majonnäs ,0.3,mg
6167,Majonnäs m. solrosolja fett 80%,Energi (kJ),Sås dressing majonnäs ,2744.0,kJ
6167,Majonnäs m. solrosolja fett 80%,Energi (kcal),Sås dressing majonnäs ,656.0,kcal
6167,Majonnäs m. solrosolja fett 80%,Disackarider,Sås dressing majonnäs ,1.5,g
6167,Majonnäs m. solrosolja fett 80%,"Kalcium, Ca",Sås dressing majonnäs ,8.0,mg
6167,Majonnäs m. solrosolja fett 80%,Fettsyra 4:0-10:0,Sås dressing majonnäs ,0.0,g
6167,Majonnäs m. solrosolja fett 80%,DHA (C22:6),Sås dressing majonnäs ,0.0,g
6167,Majonnäs m. solrosolja fett 80%,DPA (C22:5),Sås dressing majonnäs ,0.0,g
6167,Majonnäs m. solrosolja fett 80%,EPA (C20:5),Sås dressing majonnäs ,0.0,g
6167,Majonnäs m. solrosolja fett 80%,Arakidonsyra C20:4,Sås dressing majonnäs ,0.0,g
6167,Majonnäs m. solrosolja fett 80%,Arakidinsyra C20:0,Sås dressing majonnäs ,0.1,g
6167,Majonnäs m. solrosolja fett 80%,Linolensyra C18:3,Sås dressing majonnäs ,0.1,g
6167,Majonnäs m. solrosolja fett 80%,Linolsyra C18:2,Sås dressing majonnäs ,39.4,g
6167,Majonnäs m. solrosolja fett 80%,Oljesyra C18:1,Sås dressing majonnäs ,19.9,g
6167,Majonnäs m. solrosolja fett 80%,Stearinsyra C18:0,Sås dressing majonnäs ,2.1,g
6167,Majonnäs m. solrosolja fett 80%,Palmitoljesyra C16:1,Sås dressing majonnäs ,0.1,g
6167,Majonnäs m. solrosolja fett 80%,Palmitinsyra C16:0,Sås dressing majonnäs ,4.7,g
6167,Majonnäs m. solrosolja fett 80%,Myristinsyra C14:0,Sås dressing majonnäs ,0.0,g
6167,Majonnäs m. solrosolja fett 80%,Laurinsyra C12:0,Sås dressing majonnäs ,0.0,g
6167,Majonnäs m. solrosolja fett 80%,Betakaroten/β-Karoten,Sås dressing majonnäs ,20.0,µg
6167,Majonnäs m. solrosolja fett 80%,Avfall (skal etc.),Sås dressing majonnäs ,0.0,%
6167,Majonnäs m. solrosolja fett 80%,Aska,Sås dressing majonnäs ,1.0,g
6167,Majonnäs m. solrosolja fett 80%,Alkohol,Sås dressing majonnäs ,0.0,g
6168,Kräfta kräftstjärtar konserv. u. lag,"Zink, Zn",Fisk o skaldjursprodukter o rätter,1.2,mg
6168,Kräfta kräftstjärtar konserv. u. lag,Vitamin E,Fisk o skaldjursprodukter o rätter,1.4,mg
6168,Kräfta kräftstjärtar konserv. u. lag,Vitamin D,Fisk o skaldjursprodukter o rätter,0.0,µg
6168,Kräfta kräftstjärtar konserv. u. lag,Vitamin C,Fisk o skaldjursprodukter o rätter,0.0,mg
6168,Kräfta kräftstjärtar konserv. u. lag,Vitamin B6,Fisk o skaldjursprodukter o rätter,0.0,mg
6168,Kräfta kräftstjärtar konserv. u. lag,Vitamin B12,Fisk o skaldjursprodukter o rätter,2.51,µg
6168,Kräfta kräftstjärtar konserv. u. lag,Vitamin A,Fisk o skaldjursprodukter o rätter,0.0,RE/µg
6168,Kräfta kräftstjärtar konserv. u. lag,Vatten,Fisk o skaldjursprodukter o rätter,80.4,g
6168,Kräfta kräftstjärtar konserv. u. lag,Tiamin,Fisk o skaldjursprodukter o rätter,0.01,mg
6168,Kräfta kräftstjärtar konserv. u. lag,Tillsatt socker,Fisk o skaldjursprodukter o rätter,0.0,g
6168,Kräfta kräftstjärtar konserv. u. lag,Fritt socker,Fisk o skaldjursprodukter o rätter,0.0,g
6168,Kräfta kräftstjärtar konserv. u. lag,"Selen, Se",Fisk o skaldjursprodukter o rätter,21.6,µg
6168,Kräfta kräftstjärtar konserv. u. lag,Sackaros,Fisk o skaldjursprodukter o rätter,0.0,g
6168,Kräfta kräftstjärtar konserv. u. lag,Riboflavin,Fisk o skaldjursprodukter o rätter,0.04,mg
6168,Kräfta kräftstjärtar konserv. u. lag,Retinol,Fisk o skaldjursprodukter o rätter,0.0,µg
6168,Kräfta kräftstjärtar konserv. u. lag,Protein,Fisk o skaldjursprodukter o rätter,15.6,g
6168,Kräfta kräftstjärtar konserv. u. lag,Summa fleromättade fettsyror,Fisk o skaldjursprodukter o rätter,0.1,g
6168,Kräfta kräftstjärtar konserv. u. lag,"Fosfor, P",Fisk o skaldjursprodukter o rätter,88.0,mg
6168,Kräfta kräftstjärtar konserv. u. lag,Niacinekvivalenter,Fisk o skaldjursprodukter o rätter,3.1,NE/mg
6168,Kräfta kräftstjärtar konserv. u. lag,Niacin,Fisk o skaldjursprodukter o rätter,0.54,mg
6168,Kräfta kräftstjärtar konserv. u. lag,"Salt, NaCl",Fisk o skaldjursprodukter o rätter,2.1,g
6168,Kräfta kräftstjärtar konserv. u. lag,"Natrium, Na",Fisk o skaldjursprodukter o rätter,829.0,mg
6168,Kräfta kräftstjärtar konserv. u. lag,Monosackarider,Fisk o skaldjursprodukter o rätter,0.0,g
6168,Kräfta kräftstjärtar konserv. u. lag,"Sockerarter, totalt",Fisk o skaldjursprodukter o rätter,0.0,g
6168,Kräfta kräftstjärtar konserv. u. lag,Summa enkelomättade fettsyror,Fisk o skaldjursprodukter o rätter,0.1,g
6168,Kräfta kräftstjärtar konserv. u. lag,"Magnesium, Mg",Fisk o skaldjursprodukter o rätter,10.0,mg
6168,Kräfta kräftstjärtar konserv. u. lag,Summa mättade fettsyror,Fisk o skaldjursprodukter o rätter,0.1,g
6168,Kräfta kräftstjärtar konserv. u. lag,"Kolhydrater, tillgängliga",Fisk o skaldjursprodukter o rätter,0.8,g
6168,Kräfta kräftstjärtar konserv. u. lag,Kolesterol,Fisk o skaldjursprodukter o rätter,149.0,mg
6168,Kräfta kräftstjärtar konserv. u. lag,"Kalium, K",Fisk o skaldjursprodukter o rätter,72.0,mg
6168,Kräfta kräftstjärtar konserv. u. lag,"Jod, I",Fisk o skaldjursprodukter o rätter,11.8,µg
6168,Kräfta kräftstjärtar konserv. u. lag,Fullkorn totalt,Fisk o skaldjursprodukter o rätter,0.0,g
6168,Kräfta kräftstjärtar konserv. u. lag,"Folat, totalt",Fisk o skaldjursprodukter o rätter,4.4,µg
6168,Kräfta kräftstjärtar konserv. u. lag,Fibrer,Fisk o skaldjursprodukter o rätter,0.0,g
6168,Kräfta kräftstjärtar konserv. u. lag,"Fett, totalt",Fisk o skaldjursprodukter o rätter,0.4,g
6168,Kräfta kräftstjärtar konserv. u. lag,"Järn, Fe",Fisk o skaldjursprodukter o rätter,0.5,mg
6168,Kräfta kräftstjärtar konserv. u. lag,Energi (kJ),Fisk o skaldjursprodukter o rätter,296.0,kJ
6168,Kräfta kräftstjärtar konserv. u. lag,Energi (kcal),Fisk o skaldjursprodukter o rätter,71.0,kcal
6168,Kräfta kräftstjärtar konserv. u. lag,Disackarider,Fisk o skaldjursprodukter o rätter,0.0,g
6168,Kräfta kräftstjärtar konserv. u. lag,"Kalcium, Ca",Fisk o skaldjursprodukter o rätter,32.0,mg
6168,Kräfta kräftstjärtar konserv. u. lag,Fettsyra 4:0-10:0,Fisk o skaldjursprodukter o rätter,0.0,g
6168,Kräfta kräftstjärtar konserv. u. lag,DHA (C22:6),Fisk o skaldjursprodukter o rätter,0.0,g
6168,Kräfta kräftstjärtar konserv. u. lag,DPA (C22:5),Fisk o skaldjursprodukter o rätter,0.0,g
6168,Kräfta kräftstjärtar konserv. u. lag,EPA (C20:5),Fisk o skaldjursprodukter o rätter,0.0,g
6168,Kräfta kräftstjärtar konserv. u. lag,Arakidonsyra C20:4,Fisk o skaldjursprodukter o rätter,0.0,g
6168,Kräfta kräftstjärtar konserv. u. lag,Arakidinsyra C20:0,Fisk o skaldjursprodukter o rätter,0.0,g
6168,Kräfta kräftstjärtar konserv. u. lag,Linolensyra C18:3,Fisk o skaldjursprodukter o rätter,0.0,g
6168,Kräfta kräftstjärtar konserv. u. lag,Linolsyra C18:2,Fisk o skaldjursprodukter o rätter,0.0,g
6168,Kräfta kräftstjärtar konserv. u. lag,Oljesyra C18:1,Fisk o skaldjursprodukter o rätter,0.1,g
6168,Kräfta kräftstjärtar konserv. u. lag,Stearinsyra C18:0,Fisk o skaldjursprodukter o rätter,0.0,g
6168,Kräfta kräftstjärtar konserv. u. lag,Palmitoljesyra C16:1,Fisk o skaldjursprodukter o rätter,0.0,g
6168,Kräfta kräftstjärtar konserv. u. lag,Palmitinsyra C16:0,Fisk o skaldjursprodukter o rätter,0.0,g
6168,Kräfta kräftstjärtar konserv. u. lag,Myristinsyra C14:0,Fisk o skaldjursprodukter o rätter,0.0,g
6168,Kräfta kräftstjärtar konserv. u. lag,Laurinsyra C12:0,Fisk o skaldjursprodukter o rätter,0.0,g
6168,Kräfta kräftstjärtar konserv. u. lag,Betakaroten/β-Karoten,Fisk o skaldjursprodukter o rätter,0.0,µg
6168,Kräfta kräftstjärtar konserv. u. lag,Avfall (skal etc.),Fisk o skaldjursprodukter o rätter,0.0,%
6168,Kräfta kräftstjärtar konserv. u. lag,Aska,Fisk o skaldjursprodukter o rätter,2.7,g
6168,Kräfta kräftstjärtar konserv. u. lag,Alkohol,Fisk o skaldjursprodukter o rätter,0.0,g
6169,Sikrom Nordamerikansk,"Zink, Zn","Rom, kaviar",2.7,mg
6169,Sikrom Nordamerikansk,Vitamin E,"Rom, kaviar",10.5,mg
6169,Sikrom Nordamerikansk,Vitamin D,"Rom, kaviar",17.05,µg
6169,Sikrom Nordamerikansk,Vitamin C,"Rom, kaviar",0.0,mg
6169,Sikrom Nordamerikansk,Vitamin B6,"Rom, kaviar",0.09,mg
6169,Sikrom Nordamerikansk,Vitamin B12,"Rom, kaviar",35.4,µg
6169,Sikrom Nordamerikansk,Vitamin A,"Rom, kaviar",14.6,RE/µg
6169,Sikrom Nordamerikansk,Vatten,"Rom, kaviar",61.4,g
6169,Sikrom Nordamerikansk,Tiamin,"Rom, kaviar",0.33,mg
6169,Sikrom Nordamerikansk,Tillsatt socker,"Rom, kaviar",0.0,g
6169,Sikrom Nordamerikansk,Fritt socker,"Rom, kaviar",0.0,g
6169,Sikrom Nordamerikansk,"Selen, Se","Rom, kaviar",98.2,µg
6169,Sikrom Nordamerikansk,Sackaros,"Rom, kaviar",0.0,g
6169,Sikrom Nordamerikansk,Riboflavin,"Rom, kaviar",0.48,mg
6169,Sikrom Nordamerikansk,Retinol,"Rom, kaviar",14.6,µg
6169,Sikrom Nordamerikansk,Protein,"Rom, kaviar",20.0,g
6169,Sikrom Nordamerikansk,Summa fleromättade fettsyror,"Rom, kaviar",3.2,g
6169,Sikrom Nordamerikansk,"Fosfor, P","Rom, kaviar",313.0,mg
6169,Sikrom Nordamerikansk,Niacinekvivalenter,"Rom, kaviar",3.8,NE/mg
6169,Sikrom Nordamerikansk,Niacin,"Rom, kaviar",0.45,mg
6169,Sikrom Nordamerikansk,"Salt, NaCl","Rom, kaviar",2.8,g
6169,Sikrom Nordamerikansk,"Natrium, Na","Rom, kaviar",1100.0,mg
6169,Sikrom Nordamerikansk,Monosackarider,"Rom, kaviar",0.1,g
6169,Sikrom Nordamerikansk,"Sockerarter, totalt","Rom, kaviar",0.1,g
6169,Sikrom Nordamerikansk,Summa enkelomättade fettsyror,"Rom, kaviar",3.3,g
6169,Sikrom Nordamerikansk,"Magnesium, Mg","Rom, kaviar",36.0,mg
6169,Sikrom Nordamerikansk,Summa mättade fettsyror,"Rom, kaviar",1.8,g
6169,Sikrom Nordamerikansk,"Kolhydrater, tillgängliga","Rom, kaviar",5.7,g
6169,Sikrom Nordamerikansk,Kolesterol,"Rom, kaviar",613.0,mg
6169,Sikrom Nordamerikansk,"Kalium, K","Rom, kaviar",76.0,mg
6169,Sikrom Nordamerikansk,"Jod, I","Rom, kaviar",26.2,µg
6169,Sikrom Nordamerikansk,Fullkorn totalt,"Rom, kaviar",0.0,g
6169,Sikrom Nordamerikansk,"Folat, totalt","Rom, kaviar",37.4,µg
6169,Sikrom Nordamerikansk,Fibrer,"Rom, kaviar",0.0,g
6169,Sikrom Nordamerikansk,"Fett, totalt","Rom, kaviar",9.1,g
6169,Sikrom Nordamerikansk,"Järn, Fe","Rom, kaviar",0.8,mg
6169,Sikrom Nordamerikansk,Energi (kJ),"Rom, kaviar",774.0,kJ
6169,Sikrom Nordamerikansk,Energi (kcal),"Rom, kaviar",185.0,kcal
6169,Sikrom Nordamerikansk,Disackarider,"Rom, kaviar",0.0,g
6169,Sikrom Nordamerikansk,"Kalcium, Ca","Rom, kaviar",36.0,mg
6169,Sikrom Nordamerikansk,Fettsyra 4:0-10:0,"Rom, kaviar",0.0,g
6169,Sikrom Nordamerikansk,DHA (C22:6),"Rom, kaviar",1.0,g
6169,Sikrom Nordamerikansk,DPA (C22:5),"Rom, kaviar",0.2,g
6169,Sikrom Nordamerikansk,EPA (C20:5),"Rom, kaviar",0.9,g
6169,Sikrom Nordamerikansk,Arakidonsyra C20:4,"Rom, kaviar",0.3,g
6169,Sikrom Nordamerikansk,Arakidinsyra C20:0,"Rom, kaviar",0.0,g
6169,Sikrom Nordamerikansk,Linolensyra C18:3,"Rom, kaviar",0.2,g
6169,Sikrom Nordamerikansk,Linolsyra C18:2,"Rom, kaviar",0.3,g
6169,Sikrom Nordamerikansk,Oljesyra C18:1,"Rom, kaviar",2.2,g
6169,Sikrom Nordamerikansk,Stearinsyra C18:0,"Rom, kaviar",0.2,g
6169,Sikrom Nordamerikansk,Palmitoljesyra C16:1,"Rom, kaviar",1.0,g
6169,Sikrom Nordamerikansk,Palmitinsyra C16:0,"Rom, kaviar",1.4,g
6169,Sikrom Nordamerikansk,Myristinsyra C14:0,"Rom, kaviar",0.2,g
6169,Sikrom Nordamerikansk,Laurinsyra C12:0,"Rom, kaviar",0.0,g
6169,Sikrom Nordamerikansk,Betakaroten/β-Karoten,"Rom, kaviar",0.0,µg
6169,Sikrom Nordamerikansk,Avfall (skal etc.),"Rom, kaviar",0.0,%
6169,Sikrom Nordamerikansk,Aska,"Rom, kaviar",3.8,g
6169,Sikrom Nordamerikansk,Alkohol,"Rom, kaviar",0.0,g
6170,Påläggskaviar m. färskost,"Zink, Zn","Rom, kaviar",1.2,mg
6170,Påläggskaviar m. färskost,Vitamin E,"Rom, kaviar",6.4,mg
6170,Påläggskaviar m. färskost,Vitamin D,"Rom, kaviar",0.95,µg
6170,Påläggskaviar m. färskost,Vitamin C,"Rom, kaviar",32.6,mg
6170,Påläggskaviar m. färskost,Vitamin B6,"Rom, kaviar",0.0,mg
6170,Påläggskaviar m. färskost,Vitamin B12,"Rom, kaviar",2.93,µg
6170,Påläggskaviar m. färskost,Vitamin A,"Rom, kaviar",51.0,RE/µg
6170,Påläggskaviar m. färskost,Vatten,"Rom, kaviar",50.7,g
6170,Påläggskaviar m. färskost,Tiamin,"Rom, kaviar",0.16,mg
6170,Påläggskaviar m. färskost,Tillsatt socker,"Rom, kaviar",5.0,g
6170,Påläggskaviar m. färskost,Fritt socker,"Rom, kaviar",5.0,g
6170,Påläggskaviar m. färskost,"Selen, Se","Rom, kaviar",14.3,µg
6170,Påläggskaviar m. färskost,Sackaros,"Rom, kaviar",4.8,g
6170,Påläggskaviar m. färskost,Riboflavin,"Rom, kaviar",0.17,mg
6170,Påläggskaviar m. färskost,Retinol,"Rom, kaviar",42.2,µg
6170,Påläggskaviar m. färskost,Protein,"Rom, kaviar",5.9,g
6170,Påläggskaviar m. färskost,Summa fleromättade fettsyror,"Rom, kaviar",5.2,g
6170,Påläggskaviar m. färskost,"Fosfor, P","Rom, kaviar",102.0,mg
6170,Påläggskaviar m. färskost,Niacinekvivalenter,"Rom, kaviar",1.7,NE/mg
6170,Påläggskaviar m. färskost,Niacin,"Rom, kaviar",0.35,mg
6170,Påläggskaviar m. färskost,"Salt, NaCl","Rom, kaviar",3.2,g
6170,Påläggskaviar m. färskost,"Natrium, Na","Rom, kaviar",1280.0,mg
6170,Påläggskaviar m. färskost,Monosackarider,"Rom, kaviar",0.2,g
6170,Påläggskaviar m. färskost,"Sockerarter, totalt","Rom, kaviar",6.5,g
6170,Påläggskaviar m. färskost,Summa enkelomättade fettsyror,"Rom, kaviar",12.2,g
6170,Påläggskaviar m. färskost,"Magnesium, Mg","Rom, kaviar",8.0,mg
6170,Påläggskaviar m. färskost,Summa mättade fettsyror,"Rom, kaviar",4.4,g
6170,Påläggskaviar m. färskost,"Kolhydrater, tillgängliga","Rom, kaviar",13.8,g
6170,Påläggskaviar m. färskost,Kolesterol,"Rom, kaviar",68.4,mg
6170,Påläggskaviar m. färskost,"Kalium, K","Rom, kaviar",192.0,mg
6170,Påläggskaviar m. färskost,"Jod, I","Rom, kaviar",29.8,µg
6170,Påläggskaviar m. färskost,Fullkorn totalt,"Rom, kaviar",0.0,g
6170,Påläggskaviar m. färskost,"Folat, totalt","Rom, kaviar",16.4,µg
6170,Påläggskaviar m. färskost,Fibrer,"Rom, kaviar",2.3,g
6170,Påläggskaviar m. färskost,"Fett, totalt","Rom, kaviar",23.0,g
6170,Påläggskaviar m. färskost,"Järn, Fe","Rom, kaviar",0.2,mg
6170,Påläggskaviar m. färskost,Energi (kJ),"Rom, kaviar",1204.0,kJ
6170,Påläggskaviar m. färskost,Energi (kcal),"Rom, kaviar",288.0,kcal
6170,Påläggskaviar m. färskost,Disackarider,"Rom, kaviar",6.3,g
6170,Påläggskaviar m. färskost,"Kalcium, Ca","Rom, kaviar",46.0,mg
6170,Påläggskaviar m. färskost,Fettsyra 4:0-10:0,"Rom, kaviar",0.3,g
6170,Påläggskaviar m. färskost,DHA (C22:6),"Rom, kaviar",0.1,g
6170,Påläggskaviar m. färskost,DPA (C22:5),"Rom, kaviar",0.0,g
6170,Påläggskaviar m. färskost,EPA (C20:5),"Rom, kaviar",0.0,g
6170,Påläggskaviar m. färskost,Arakidonsyra C20:4,"Rom, kaviar",0.0,g
6170,Påläggskaviar m. färskost,Arakidinsyra C20:0,"Rom, kaviar",0.1,g
6170,Påläggskaviar m. färskost,Linolensyra C18:3,"Rom, kaviar",1.7,g
6170,Påläggskaviar m. färskost,Linolsyra C18:2,"Rom, kaviar",3.4,g
6170,Påläggskaviar m. färskost,Oljesyra C18:1,"Rom, kaviar",11.8,g
6170,Påläggskaviar m. färskost,Stearinsyra C18:0,"Rom, kaviar",0.7,g
6170,Påläggskaviar m. färskost,Palmitoljesyra C16:1,"Rom, kaviar",0.1,g
6170,Påläggskaviar m. färskost,Palmitinsyra C16:0,"Rom, kaviar",2.4,g
6170,Påläggskaviar m. färskost,Myristinsyra C14:0,"Rom, kaviar",0.6,g
6170,Påläggskaviar m. färskost,Laurinsyra C12:0,"Rom, kaviar",0.2,g
6170,Påläggskaviar m. färskost,Betakaroten/β-Karoten,"Rom, kaviar",84.0,µg
6170,Påläggskaviar m. färskost,Avfall (skal etc.),"Rom, kaviar",0.0,%
6170,Påläggskaviar m. färskost,Aska,"Rom, kaviar",4.3,g
6170,Påläggskaviar m. färskost,Alkohol,"Rom, kaviar",0.0,g
6171,Tångkaviar röd,"Zink, Zn",Algprodukter,0.0,mg
6171,Tångkaviar röd,Vitamin E,Algprodukter,0.9,mg
6171,Tångkaviar röd,Vitamin D inkl 25-OH-D3,Algprodukter,0.0,µg
6171,Tångkaviar röd,Vitamin D,Algprodukter,0.0,µg
6171,Tångkaviar röd,Vitamin C,Algprodukter,0.0,mg
6171,Tångkaviar röd,Vitamin B6,Algprodukter,0.0,mg
6171,Tångkaviar röd,Vitamin B12,Algprodukter,0.0,µg
6171,Tångkaviar röd,Vitamin A,Algprodukter,135.0,RE/µg
6171,Tångkaviar röd,Vatten,Algprodukter,90.9,g
6171,Tångkaviar röd,Tiamin,Algprodukter,0.0,mg
6171,Tångkaviar röd,Tillsatt socker,Algprodukter,0.0,g
6171,Tångkaviar röd,Fritt socker,Algprodukter,0.0,g
6171,Tångkaviar röd,"Selen, Se",Algprodukter,0.0,µg
6171,Tångkaviar röd,Sackaros,Algprodukter,0.0,g
6171,Tångkaviar röd,Riboflavin,Algprodukter,0.0,mg
6171,Tångkaviar röd,Retinol,Algprodukter,0.0,µg
6171,Tångkaviar röd,Protein,Algprodukter,0.3,g
6171,Tångkaviar röd,Summa fleromättade fettsyror,Algprodukter,0.0,g
6171,Tångkaviar röd,"Fosfor, P",Algprodukter,2.0,mg
6171,Tångkaviar röd,Niacinekvivalenter,Algprodukter,0.1,NE/mg
6171,Tångkaviar röd,Niacin,Algprodukter,0.0,mg
6171,Tångkaviar röd,"Salt, NaCl",Algprodukter,3.4,g
6171,Tångkaviar röd,"Natrium, Na",Algprodukter,1360.0,mg
6171,Tångkaviar röd,Monosackarider,Algprodukter,0.0,g
6171,Tångkaviar röd,"Sockerarter, totalt",Algprodukter,0.0,g
6171,Tångkaviar röd,Summa enkelomättade fettsyror,Algprodukter,0.0,g
6171,Tångkaviar röd,"Magnesium, Mg",Algprodukter,0.0,mg
6171,Tångkaviar röd,Summa mättade fettsyror,Algprodukter,0.0,g
6171,Tångkaviar röd,"Kolhydrater, tillgängliga",Algprodukter,0.4,g
6171,Tångkaviar röd,Kolesterol,Algprodukter,0.0,mg
6171,Tångkaviar röd,"Kalium, K",Algprodukter,38.0,mg
6171,Tångkaviar röd,"Jod, I",Algprodukter,14.0,µg
6171,Tångkaviar röd,Fullkorn totalt,Algprodukter,0.0,g
6171,Tångkaviar röd,"Folat, totalt",Algprodukter,0.0,µg
6171,Tångkaviar röd,Fibrer,Algprodukter,2.9,g
6171,Tångkaviar röd,"Fett, totalt",Algprodukter,0.2,g
6171,Tångkaviar röd,"Järn, Fe",Algprodukter,0.1,mg
6171,Tångkaviar röd,Energi (kJ),Algprodukter,41.0,kJ
6171,Tångkaviar röd,Energi (kcal),Algprodukter,10.0,kcal
6171,Tångkaviar röd,Disackarider,Algprodukter,0.0,g
6171,Tångkaviar röd,"Kalcium, Ca",Algprodukter,495.0,mg
6171,Tångkaviar röd,Fettsyra 4:0-10:0,Algprodukter,0.0,g
6171,Tångkaviar röd,DHA (C22:6),Algprodukter,0.0,g
6171,Tångkaviar röd,DPA (C22:5),Algprodukter,0.0,g
6171,Tångkaviar röd,EPA (C20:5),Algprodukter,0.0,g
6171,Tångkaviar röd,Arakidonsyra C20:4,Algprodukter,0.0,g
6171,Tångkaviar röd,Arakidinsyra C20:0,Algprodukter,0.0,g
6171,Tångkaviar röd,Linolensyra C18:3,Algprodukter,0.0,g
6171,Tångkaviar röd,Linolsyra C18:2,Algprodukter,0.0,g
6171,Tångkaviar röd,Oljesyra C18:1,Algprodukter,0.0,g
6171,Tångkaviar röd,Stearinsyra C18:0,Algprodukter,0.0,g
6171,Tångkaviar röd,Palmitoljesyra C16:1,Algprodukter,0.0,g
6171,Tångkaviar röd,Palmitinsyra C16:0,Algprodukter,0.0,g
6171,Tångkaviar röd,Myristinsyra C14:0,Algprodukter,0.0,g
6171,Tångkaviar röd,Laurinsyra C12:0,Algprodukter,0.0,g
6171,Tångkaviar röd,Betakaroten/β-Karoten,Algprodukter,1580.0,µg
6171,Tångkaviar röd,Avfall (skal etc.),Algprodukter,0.0,%
6171,Tångkaviar röd,Aska,Algprodukter,5.3,g
6171,Tångkaviar röd,Alkohol,Algprodukter,0.0,g
6172,Tångkaviar påläggskaviar,"Zink, Zn",Algprodukter,0.1,mg
6172,Tångkaviar påläggskaviar,Vitamin E,Algprodukter,4.4,mg
6172,Tångkaviar påläggskaviar,Vitamin D,Algprodukter,0.24,µg
6172,Tångkaviar påläggskaviar,Vitamin C,Algprodukter,0.0,mg
6172,Tångkaviar påläggskaviar,Vitamin B6,Algprodukter,0.06,mg
6172,Tångkaviar påläggskaviar,Vitamin B12,Algprodukter,0.0,µg
6172,Tångkaviar påläggskaviar,Vitamin A,Algprodukter,2.7,RE/µg
6172,Tångkaviar påläggskaviar,Vatten,Algprodukter,49.9,g
6172,Tångkaviar påläggskaviar,Tiamin,Algprodukter,0.03,mg
6172,Tångkaviar påläggskaviar,Tillsatt socker,Algprodukter,7.0,g
6172,Tångkaviar påläggskaviar,Fritt socker,Algprodukter,7.0,g
6172,Tångkaviar påläggskaviar,"Selen, Se",Algprodukter,0.0,µg
6172,Tångkaviar påläggskaviar,Sackaros,Algprodukter,6.7,g
6172,Tångkaviar påläggskaviar,Riboflavin,Algprodukter,0.0,mg
6172,Tångkaviar påläggskaviar,Retinol,Algprodukter,0.0,µg
6172,Tångkaviar påläggskaviar,Protein,Algprodukter,0.7,g
6172,Tångkaviar påläggskaviar,Summa fleromättade fettsyror,Algprodukter,7.2,g
6172,Tångkaviar påläggskaviar,"Fosfor, P",Algprodukter,17.0,mg
6172,Tångkaviar påläggskaviar,Niacinekvivalenter,Algprodukter,0.7,NE/mg
6172,Tångkaviar påläggskaviar,Niacin,Algprodukter,0.57,mg
6172,Tångkaviar påläggskaviar,"Salt, NaCl",Algprodukter,4.8,g
6172,Tångkaviar påläggskaviar,"Natrium, Na",Algprodukter,1900.0,mg
6172,Tångkaviar påläggskaviar,Monosackarider,Algprodukter,0.2,g
6172,Tångkaviar påläggskaviar,"Sockerarter, totalt",Algprodukter,6.9,g
6172,Tångkaviar påläggskaviar,Summa enkelomättade fettsyror,Algprodukter,15.6,g
6172,Tångkaviar påläggskaviar,"Magnesium, Mg",Algprodukter,6.0,mg
6172,Tångkaviar påläggskaviar,Summa mättade fettsyror,Algprodukter,1.8,g
6172,Tångkaviar påläggskaviar,"Kolhydrater, tillgängliga",Algprodukter,16.4,g
6172,Tångkaviar påläggskaviar,Kolesterol,Algprodukter,0.0,mg
6172,Tångkaviar påläggskaviar,"Kalium, K",Algprodukter,113.0,mg
6172,Tångkaviar påläggskaviar,"Jod, I",Algprodukter,61.7,µg
6172,Tångkaviar påläggskaviar,Fullkorn totalt,Algprodukter,0.0,g
6172,Tångkaviar påläggskaviar,"Folat, totalt",Algprodukter,9.0,µg
6172,Tångkaviar påläggskaviar,Fibrer,Algprodukter,0.7,g
6172,Tångkaviar påläggskaviar,"Fett, totalt",Algprodukter,25.8,g
6172,Tångkaviar påläggskaviar,"Järn, Fe",Algprodukter,5.9,mg
6172,Tångkaviar påläggskaviar,Energi (kJ),Algprodukter,1251.0,kJ
6172,Tångkaviar påläggskaviar,Energi (kcal),Algprodukter,299.0,kcal
6172,Tångkaviar påläggskaviar,Disackarider,Algprodukter,6.7,g
6172,Tångkaviar påläggskaviar,"Kalcium, Ca",Algprodukter,243.0,mg
6172,Tångkaviar påläggskaviar,Fettsyra 4:0-10:0,Algprodukter,0.0,g
6172,Tångkaviar påläggskaviar,DHA (C22:6),Algprodukter,0.0,g
6172,Tångkaviar påläggskaviar,DPA (C22:5),Algprodukter,0.0,g
6172,Tångkaviar påläggskaviar,EPA (C20:5),Algprodukter,0.0,g
6172,Tångkaviar påläggskaviar,Arakidonsyra C20:4,Algprodukter,0.0,g
6172,Tångkaviar påläggskaviar,Arakidinsyra C20:0,Algprodukter,0.1,g
6172,Tångkaviar påläggskaviar,Linolensyra C18:3,Algprodukter,2.4,g
6172,Tångkaviar påläggskaviar,Linolsyra C18:2,Algprodukter,4.8,g
6172,Tångkaviar påläggskaviar,Oljesyra C18:1,Algprodukter,15.3,g
6172,Tångkaviar påläggskaviar,Stearinsyra C18:0,Algprodukter,0.4,g
6172,Tångkaviar påläggskaviar,Palmitoljesyra C16:1,Algprodukter,0.0,g
6172,Tångkaviar påläggskaviar,Palmitinsyra C16:0,Algprodukter,1.2,g
6172,Tångkaviar påläggskaviar,Myristinsyra C14:0,Algprodukter,0.0,g
6172,Tångkaviar påläggskaviar,Laurinsyra C12:0,Algprodukter,0.0,g
6172,Tångkaviar påläggskaviar,Betakaroten/β-Karoten,Algprodukter,32.0,µg
6172,Tångkaviar påläggskaviar,Avfall (skal etc.),Algprodukter,0.0,%
6172,Tångkaviar påläggskaviar,Aska,Algprodukter,6.6,g
6172,Tångkaviar påläggskaviar,Alkohol,Algprodukter,0.0,g
6173,Lax vildfångad Sverige rå,"Zink, Zn",Fisk färsk fryst kokt,0.3,mg
6173,Lax vildfångad Sverige rå,Vitamin E,Fisk färsk fryst kokt,2.1,mg
6173,Lax vildfångad Sverige rå,Vitamin D,Fisk färsk fryst kokt,24.85,µg
6173,Lax vildfångad Sverige rå,Vitamin C,Fisk färsk fryst kokt,0.0,mg
6173,Lax vildfångad Sverige rå,Vitamin B6,Fisk färsk fryst kokt,0.65,mg
6173,Lax vildfångad Sverige rå,Vitamin B12,Fisk färsk fryst kokt,6.65,µg
6173,Lax vildfångad Sverige rå,Vitamin A,Fisk färsk fryst kokt,9.1,RE/µg
6173,Lax vildfångad Sverige rå,Vatten,Fisk färsk fryst kokt,64.7,g
6173,Lax vildfångad Sverige rå,Tiamin,Fisk färsk fryst kokt,0.16,mg
6173,Lax vildfångad Sverige rå,Tillsatt socker,Fisk färsk fryst kokt,0.0,g
6173,Lax vildfångad Sverige rå,Fritt socker,Fisk färsk fryst kokt,0.0,g
6173,Lax vildfångad Sverige rå,"Selen, Se",Fisk färsk fryst kokt,24.9,µg
6173,Lax vildfångad Sverige rå,Sackaros,Fisk färsk fryst kokt,0.0,g
6173,Lax vildfångad Sverige rå,Riboflavin,Fisk färsk fryst kokt,0.1,mg
6173,Lax vildfångad Sverige rå,Retinol,Fisk färsk fryst kokt,9.1,µg
6173,Lax vildfångad Sverige rå,Protein,Fisk färsk fryst kokt,22.5,g
6173,Lax vildfångad Sverige rå,Summa fleromättade fettsyror,Fisk färsk fryst kokt,3.4,g
6173,Lax vildfångad Sverige rå,"Fosfor, P",Fisk färsk fryst kokt,249.0,mg
6173,Lax vildfångad Sverige rå,Niacinekvivalenter,Fisk färsk fryst kokt,12.2,NE/mg
6173,Lax vildfångad Sverige rå,Niacin,Fisk färsk fryst kokt,8.41,mg
6173,Lax vildfångad Sverige rå,"Salt, NaCl",Fisk färsk fryst kokt,0.1,g
6173,Lax vildfångad Sverige rå,"Natrium, Na",Fisk färsk fryst kokt,25.0,mg
6173,Lax vildfångad Sverige rå,Monosackarider,Fisk färsk fryst kokt,0.0,g
6173,Lax vildfångad Sverige rå,"Sockerarter, totalt",Fisk färsk fryst kokt,0.0,g
6173,Lax vildfångad Sverige rå,Summa enkelomättade fettsyror,Fisk färsk fryst kokt,3.6,g
6173,Lax vildfångad Sverige rå,"Magnesium, Mg",Fisk färsk fryst kokt,28.0,mg
6173,Lax vildfångad Sverige rå,Summa mättade fettsyror,Fisk färsk fryst kokt,2.4,g
6173,Lax vildfångad Sverige rå,"Kolhydrater, tillgängliga",Fisk färsk fryst kokt,1.1,g
6173,Lax vildfångad Sverige rå,Kolesterol,Fisk färsk fryst kokt,61.4,mg
6173,Lax vildfångad Sverige rå,"Kalium, K",Fisk färsk fryst kokt,368.0,mg
6173,Lax vildfångad Sverige rå,"Jod, I",Fisk färsk fryst kokt,88.2,µg
6173,Lax vildfångad Sverige rå,Fullkorn totalt,Fisk färsk fryst kokt,0.0,g
6173,Lax vildfångad Sverige rå,"Folat, totalt",Fisk färsk fryst kokt,3.3,µg
6173,Lax vildfångad Sverige rå,Fibrer,Fisk färsk fryst kokt,0.0,g
6173,Lax vildfångad Sverige rå,"Fett, totalt",Fisk färsk fryst kokt,10.4,g
6173,Lax vildfångad Sverige rå,"Järn, Fe",Fisk färsk fryst kokt,0.3,mg
6173,Lax vildfångad Sverige rå,Energi (kJ),Fisk färsk fryst kokt,786.0,kJ
6173,Lax vildfångad Sverige rå,Energi (kcal),Fisk färsk fryst kokt,188.0,kcal
6173,Lax vildfångad Sverige rå,Disackarider,Fisk färsk fryst kokt,0.0,g
6173,Lax vildfångad Sverige rå,"Kalcium, Ca",Fisk färsk fryst kokt,4.0,mg
6173,Lax vildfångad Sverige rå,Fettsyra 4:0-10:0,Fisk färsk fryst kokt,0.0,g
6173,Lax vildfångad Sverige rå,DHA (C22:6),Fisk färsk fryst kokt,1.4,g
6173,Lax vildfångad Sverige rå,DPA (C22:5),Fisk färsk fryst kokt,0.3,g
6173,Lax vildfångad Sverige rå,EPA (C20:5),Fisk färsk fryst kokt,0.5,g
6173,Lax vildfångad Sverige rå,Arakidonsyra C20:4,Fisk färsk fryst kokt,0.2,g
6173,Lax vildfångad Sverige rå,Arakidinsyra C20:0,Fisk färsk fryst kokt,0.0,g
6173,Lax vildfångad Sverige rå,Linolensyra C18:3,Fisk färsk fryst kokt,0.2,g
6173,Lax vildfångad Sverige rå,Linolsyra C18:2,Fisk färsk fryst kokt,0.4,g
6173,Lax vildfångad Sverige rå,Oljesyra C18:1,Fisk färsk fryst kokt,2.7,g
6173,Lax vildfångad Sverige rå,Stearinsyra C18:0,Fisk färsk fryst kokt,0.3,g
6173,Lax vildfångad Sverige rå,Palmitoljesyra C16:1,Fisk färsk fryst kokt,0.5,g
6173,Lax vildfångad Sverige rå,Palmitinsyra C16:0,Fisk färsk fryst kokt,1.7,g
6173,Lax vildfångad Sverige rå,Myristinsyra C14:0,Fisk färsk fryst kokt,0.3,g
6173,Lax vildfångad Sverige rå,Laurinsyra C12:0,Fisk färsk fryst kokt,0.0,g
6173,Lax vildfångad Sverige rå,Betakaroten/β-Karoten,Fisk färsk fryst kokt,0.0,µg
6173,Lax vildfångad Sverige rå,Avfall (skal etc.),Fisk färsk fryst kokt,35.0,%
6173,Lax vildfångad Sverige rå,Aska,Fisk färsk fryst kokt,1.3,g
6173,Lax vildfångad Sverige rå,Alkohol,Fisk färsk fryst kokt,0.0,g
6174,Lax odlad Norge fjordlax rå frysvara,"Zink, Zn",Fisk färsk fryst kokt,0.3,mg
6174,Lax odlad Norge fjordlax rå frysvara,Vitamin E,Fisk färsk fryst kokt,4.1,mg
6174,Lax odlad Norge fjordlax rå frysvara,Vitamin D inkl 25-OH-D3,Fisk färsk fryst kokt,8.34,µg
6174,Lax odlad Norge fjordlax rå frysvara,Vitamin D,Fisk färsk fryst kokt,6.54,µg
6174,Lax odlad Norge fjordlax rå frysvara,Vitamin C,Fisk färsk fryst kokt,0.0,mg
6174,Lax odlad Norge fjordlax rå frysvara,Vitamin B6,Fisk färsk fryst kokt,0.6,mg
6174,Lax odlad Norge fjordlax rå frysvara,Vitamin B12,Fisk färsk fryst kokt,5.26,µg
6174,Lax odlad Norge fjordlax rå frysvara,Vitamin A,Fisk färsk fryst kokt,7.7,RE/µg
6174,Lax odlad Norge fjordlax rå frysvara,Vatten,Fisk färsk fryst kokt,63.2,g
6174,Lax odlad Norge fjordlax rå frysvara,Tiamin,Fisk färsk fryst kokt,0.27,mg
6174,Lax odlad Norge fjordlax rå frysvara,Tillsatt socker,Fisk färsk fryst kokt,0.0,g
6174,Lax odlad Norge fjordlax rå frysvara,Fritt socker,Fisk färsk fryst kokt,0.0,g
6174,Lax odlad Norge fjordlax rå frysvara,"Selen, Se",Fisk färsk fryst kokt,15.1,µg
6174,Lax odlad Norge fjordlax rå frysvara,Sackaros,Fisk färsk fryst kokt,0.0,g
6174,Lax odlad Norge fjordlax rå frysvara,Riboflavin,Fisk färsk fryst kokt,0.07,mg
6174,Lax odlad Norge fjordlax rå frysvara,Retinol,Fisk färsk fryst kokt,7.7,µg
6174,Lax odlad Norge fjordlax rå frysvara,Protein,Fisk färsk fryst kokt,19.4,g
6174,Lax odlad Norge fjordlax rå frysvara,Summa fleromättade fettsyror,Fisk färsk fryst kokt,4.2,g
6174,Lax odlad Norge fjordlax rå frysvara,"Fosfor, P",Fisk färsk fryst kokt,225.0,mg
6174,Lax odlad Norge fjordlax rå frysvara,Niacinekvivalenter,Fisk färsk fryst kokt,11.3,NE/mg
6174,Lax odlad Norge fjordlax rå frysvara,Niacin,Fisk färsk fryst kokt,8.04,mg
6174,Lax odlad Norge fjordlax rå frysvara,"Salt, NaCl",Fisk färsk fryst kokt,0.1,g
6174,Lax odlad Norge fjordlax rå frysvara,"Natrium, Na",Fisk färsk fryst kokt,40.0,mg
6174,Lax odlad Norge fjordlax rå frysvara,Monosackarider,Fisk färsk fryst kokt,0.0,g
6174,Lax odlad Norge fjordlax rå frysvara,"Sockerarter, totalt",Fisk färsk fryst kokt,0.0,g
6174,Lax odlad Norge fjordlax rå frysvara,Summa enkelomättade fettsyror,Fisk färsk fryst kokt,7.3,g
6174,Lax odlad Norge fjordlax rå frysvara,"Magnesium, Mg",Fisk färsk fryst kokt,26.0,mg
6174,Lax odlad Norge fjordlax rå frysvara,Summa mättade fettsyror,Fisk färsk fryst kokt,2.0,g
6174,Lax odlad Norge fjordlax rå frysvara,"Kolhydrater, tillgängliga",Fisk färsk fryst kokt,1.2,g
6174,Lax odlad Norge fjordlax rå frysvara,Kolesterol,Fisk färsk fryst kokt,58.2,mg
6174,Lax odlad Norge fjordlax rå frysvara,"Kalium, K",Fisk färsk fryst kokt,278.0,mg
6174,Lax odlad Norge fjordlax rå frysvara,"Jod, I",Fisk färsk fryst kokt,20.2,µg
6174,Lax odlad Norge fjordlax rå frysvara,Fullkorn totalt,Fisk färsk fryst kokt,0.0,g
6174,Lax odlad Norge fjordlax rå frysvara,"Folat, totalt",Fisk färsk fryst kokt,3.3,µg
6174,Lax odlad Norge fjordlax rå frysvara,Fibrer,Fisk färsk fryst kokt,0.0,g
6174,Lax odlad Norge fjordlax rå frysvara,"Fett, totalt",Fisk färsk fryst kokt,15.1,g
6174,Lax odlad Norge fjordlax rå frysvara,"Järn, Fe",Fisk färsk fryst kokt,0.1,mg
6174,Lax odlad Norge fjordlax rå frysvara,Energi (kJ),Fisk färsk fryst kokt,909.0,kJ
6174,Lax odlad Norge fjordlax rå frysvara,Energi (kcal),Fisk färsk fryst kokt,217.0,kcal
6174,Lax odlad Norge fjordlax rå frysvara,Disackarider,Fisk färsk fryst kokt,0.0,g
6174,Lax odlad Norge fjordlax rå frysvara,"Kalcium, Ca",Fisk färsk fryst kokt,5.0,mg
6174,Lax odlad Norge fjordlax rå frysvara,Fettsyra 4:0-10:0,Fisk färsk fryst kokt,0.0,g
6174,Lax odlad Norge fjordlax rå frysvara,DHA (C22:6),Fisk färsk fryst kokt,0.7,g
6174,Lax odlad Norge fjordlax rå frysvara,DPA (C22:5),Fisk färsk fryst kokt,0.1,g
6174,Lax odlad Norge fjordlax rå frysvara,EPA (C20:5),Fisk färsk fryst kokt,0.3,g
6174,Lax odlad Norge fjordlax rå frysvara,Arakidonsyra C20:4,Fisk färsk fryst kokt,0.2,g
6174,Lax odlad Norge fjordlax rå frysvara,Arakidinsyra C20:0,Fisk färsk fryst kokt,0.0,g
6174,Lax odlad Norge fjordlax rå frysvara,Linolensyra C18:3,Fisk färsk fryst kokt,0.8,g
6174,Lax odlad Norge fjordlax rå frysvara,Linolsyra C18:2,Fisk färsk fryst kokt,1.8,g
6174,Lax odlad Norge fjordlax rå frysvara,Oljesyra C18:1,Fisk färsk fryst kokt,5.8,g
6174,Lax odlad Norge fjordlax rå frysvara,Stearinsyra C18:0,Fisk färsk fryst kokt,0.3,g
6174,Lax odlad Norge fjordlax rå frysvara,Palmitoljesyra C16:1,Fisk färsk fryst kokt,0.3,g
6174,Lax odlad Norge fjordlax rå frysvara,Palmitinsyra C16:0,Fisk färsk fryst kokt,1.3,g
6174,Lax odlad Norge fjordlax rå frysvara,Myristinsyra C14:0,Fisk färsk fryst kokt,0.3,g
6174,Lax odlad Norge fjordlax rå frysvara,Laurinsyra C12:0,Fisk färsk fryst kokt,0.0,g
6174,Lax odlad Norge fjordlax rå frysvara,Betakaroten/β-Karoten,Fisk färsk fryst kokt,0.0,µg
6174,Lax odlad Norge fjordlax rå frysvara,Avfall (skal etc.),Fisk färsk fryst kokt,35.0,%
6174,Lax odlad Norge fjordlax rå frysvara,Aska,Fisk färsk fryst kokt,1.2,g
6174,Lax odlad Norge fjordlax rå frysvara,Alkohol,Fisk färsk fryst kokt,0.0,g
6225,Lax odlad Norge fjordlax rå förpackad,"Zink, Zn",Fisk färsk fryst kokt,0.3,mg
6225,Lax odlad Norge fjordlax rå förpackad,Vitamin E,Fisk färsk fryst kokt,4.9,mg
6225,Lax odlad Norge fjordlax rå förpackad,Vitamin D inkl 25-OH-D3,Fisk färsk fryst kokt,10.64,µg
6225,Lax odlad Norge fjordlax rå förpackad,Vitamin D,Fisk färsk fryst kokt,8.85,µg
6225,Lax odlad Norge fjordlax rå förpackad,Vitamin C,Fisk färsk fryst kokt,0.0,mg
6225,Lax odlad Norge fjordlax rå förpackad,Vitamin B6,Fisk färsk fryst kokt,0.67,mg
6225,Lax odlad Norge fjordlax rå förpackad,Vitamin B12,Fisk färsk fryst kokt,4.91,µg
6225,Lax odlad Norge fjordlax rå förpackad,Vitamin A,Fisk färsk fryst kokt,7.3,RE/µg
6225,Lax odlad Norge fjordlax rå förpackad,Vatten,Fisk färsk fryst kokt,63.4,g
6225,Lax odlad Norge fjordlax rå förpackad,Tiamin,Fisk färsk fryst kokt,0.33,mg
6225,Lax odlad Norge fjordlax rå förpackad,Tillsatt socker,Fisk färsk fryst kokt,0.0,g
6225,Lax odlad Norge fjordlax rå förpackad,Fritt socker,Fisk färsk fryst kokt,0.0,g
6225,Lax odlad Norge fjordlax rå förpackad,"Selen, Se",Fisk färsk fryst kokt,20.0,µg
6225,Lax odlad Norge fjordlax rå förpackad,Sackaros,Fisk färsk fryst kokt,0.0,g
6225,Lax odlad Norge fjordlax rå förpackad,Riboflavin,Fisk färsk fryst kokt,0.06,mg
6225,Lax odlad Norge fjordlax rå förpackad,Retinol,Fisk färsk fryst kokt,7.3,µg
6225,Lax odlad Norge fjordlax rå förpackad,Protein,Fisk färsk fryst kokt,21.2,g
6225,Lax odlad Norge fjordlax rå förpackad,Summa fleromättade fettsyror,Fisk färsk fryst kokt,4.0,g
6225,Lax odlad Norge fjordlax rå förpackad,"Fosfor, P",Fisk färsk fryst kokt,244.0,mg
6225,Lax odlad Norge fjordlax rå förpackad,Niacinekvivalenter,Fisk färsk fryst kokt,12.3,NE/mg
6225,Lax odlad Norge fjordlax rå förpackad,Niacin,Fisk färsk fryst kokt,8.77,mg
6225,Lax odlad Norge fjordlax rå förpackad,"Salt, NaCl",Fisk färsk fryst kokt,0.1,g
6225,Lax odlad Norge fjordlax rå förpackad,"Natrium, Na",Fisk färsk fryst kokt,27.0,mg
6225,Lax odlad Norge fjordlax rå förpackad,Monosackarider,Fisk färsk fryst kokt,0.0,g
6225,Lax odlad Norge fjordlax rå förpackad,"Sockerarter, totalt",Fisk färsk fryst kokt,0.0,g
6225,Lax odlad Norge fjordlax rå förpackad,Summa enkelomättade fettsyror,Fisk färsk fryst kokt,6.6,g
6225,Lax odlad Norge fjordlax rå förpackad,"Magnesium, Mg",Fisk färsk fryst kokt,26.0,mg
6225,Lax odlad Norge fjordlax rå förpackad,Summa mättade fettsyror,Fisk färsk fryst kokt,1.8,g
6225,Lax odlad Norge fjordlax rå förpackad,"Kolhydrater, tillgängliga",Fisk färsk fryst kokt,0.3,g
6225,Lax odlad Norge fjordlax rå förpackad,Kolesterol,Fisk färsk fryst kokt,66.7,mg
6225,Lax odlad Norge fjordlax rå förpackad,"Kalium, K",Fisk färsk fryst kokt,409.0,mg
6225,Lax odlad Norge fjordlax rå förpackad,"Jod, I",Fisk färsk fryst kokt,12.4,µg
6225,Lax odlad Norge fjordlax rå förpackad,Fullkorn totalt,Fisk färsk fryst kokt,0.0,g
6225,Lax odlad Norge fjordlax rå förpackad,"Folat, totalt",Fisk färsk fryst kokt,8.1,µg
6225,Lax odlad Norge fjordlax rå förpackad,Fibrer,Fisk färsk fryst kokt,0.0,g
6225,Lax odlad Norge fjordlax rå förpackad,"Fett, totalt",Fisk färsk fryst kokt,13.9,g
6225,Lax odlad Norge fjordlax rå förpackad,"Järn, Fe",Fisk färsk fryst kokt,0.2,mg
6225,Lax odlad Norge fjordlax rå förpackad,Energi (kJ),Fisk färsk fryst kokt,881.0,kJ
6225,Lax odlad Norge fjordlax rå förpackad,Energi (kcal),Fisk färsk fryst kokt,210.0,kcal
6225,Lax odlad Norge fjordlax rå förpackad,Disackarider,Fisk färsk fryst kokt,0.0,g
6225,Lax odlad Norge fjordlax rå förpackad,"Kalcium, Ca",Fisk färsk fryst kokt,4.0,mg
6225,Lax odlad Norge fjordlax rå förpackad,Fettsyra 4:0-10:0,Fisk färsk fryst kokt,0.0,g
6225,Lax odlad Norge fjordlax rå förpackad,DHA (C22:6),Fisk färsk fryst kokt,0.6,g
6225,Lax odlad Norge fjordlax rå förpackad,DPA (C22:5),Fisk färsk fryst kokt,0.1,g
6225,Lax odlad Norge fjordlax rå förpackad,EPA (C20:5),Fisk färsk fryst kokt,0.3,g
6225,Lax odlad Norge fjordlax rå förpackad,Arakidonsyra C20:4,Fisk färsk fryst kokt,0.1,g
6225,Lax odlad Norge fjordlax rå förpackad,Arakidinsyra C20:0,Fisk färsk fryst kokt,0.0,g
6225,Lax odlad Norge fjordlax rå förpackad,Linolensyra C18:3,Fisk färsk fryst kokt,0.7,g
6225,Lax odlad Norge fjordlax rå förpackad,Linolsyra C18:2,Fisk färsk fryst kokt,1.8,g
6225,Lax odlad Norge fjordlax rå förpackad,Oljesyra C18:1,Fisk färsk fryst kokt,5.5,g
6225,Lax odlad Norge fjordlax rå förpackad,Stearinsyra C18:0,Fisk färsk fryst kokt,0.3,g
6225,Lax odlad Norge fjordlax rå förpackad,Palmitoljesyra C16:1,Fisk färsk fryst kokt,0.3,g
6225,Lax odlad Norge fjordlax rå förpackad,Palmitinsyra C16:0,Fisk färsk fryst kokt,1.2,g
6225,Lax odlad Norge fjordlax rå förpackad,Myristinsyra C14:0,Fisk färsk fryst kokt,0.3,g
6225,Lax odlad Norge fjordlax rå förpackad,Laurinsyra C12:0,Fisk färsk fryst kokt,0.0,g
6225,Lax odlad Norge fjordlax rå förpackad,Betakaroten/β-Karoten,Fisk färsk fryst kokt,0.0,µg
6225,Lax odlad Norge fjordlax rå förpackad,Avfall (skal etc.),Fisk färsk fryst kokt,35.0,%
6225,Lax odlad Norge fjordlax rå förpackad,Aska,Fisk färsk fryst kokt,1.2,g
6225,Lax odlad Norge fjordlax rå förpackad,Alkohol,Fisk färsk fryst kokt,0.0,g
6231,Välling för barn pulver fullkorn osötad berikad,"Zink, Zn",Välling,3.4,mg
6231,Välling för barn pulver fullkorn osötad berikad,Vitamin E,Välling,5.7,mg
6231,Välling för barn pulver fullkorn osötad berikad,Vitamin D,Välling,6.99,µg
6231,Välling för barn pulver fullkorn osötad berikad,Vitamin C,Välling,78.0,mg
6231,Välling för barn pulver fullkorn osötad berikad,Vitamin B6,Välling,0.15,mg
6231,Välling för barn pulver fullkorn osötad berikad,Vitamin B12,Välling,1.23,µg
6231,Välling för barn pulver fullkorn osötad berikad,Vitamin A,Välling,455.8,RE/µg
6231,Välling för barn pulver fullkorn osötad berikad,Vatten,Välling,7.8,g
6231,Välling för barn pulver fullkorn osötad berikad,Tiamin,Välling,0.98,mg
6231,Välling för barn pulver fullkorn osötad berikad,Tillsatt socker,Välling,0.0,g
6231,Välling för barn pulver fullkorn osötad berikad,Fritt socker,Välling,0.0,g
6231,Välling för barn pulver fullkorn osötad berikad,"Selen, Se",Välling,7.0,µg
6231,Välling för barn pulver fullkorn osötad berikad,Sackaros,Välling,0.5,g
6231,Välling för barn pulver fullkorn osötad berikad,Riboflavin,Välling,0.6,mg
6231,Välling för barn pulver fullkorn osötad berikad,Retinol,Välling,495.0,µg
6231,Välling för barn pulver fullkorn osötad berikad,Protein,Välling,14.9,g
6231,Välling för barn pulver fullkorn osötad berikad,Summa fleromättade fettsyror,Välling,4.0,g
6231,Välling för barn pulver fullkorn osötad berikad,"Fosfor, P",Välling,410.0,mg
6231,Välling för barn pulver fullkorn osötad berikad,Niacinekvivalenter,Välling,8.9,NE/mg
6231,Välling för barn pulver fullkorn osötad berikad,Niacin,Välling,5.41,mg
6231,Välling för barn pulver fullkorn osötad berikad,"Salt, NaCl",Välling,0.4,g
6231,Välling för barn pulver fullkorn osötad berikad,"Natrium, Na",Välling,160.0,mg
6231,Välling för barn pulver fullkorn osötad berikad,Monosackarider,Välling,1.9,g
6231,Välling för barn pulver fullkorn osötad berikad,"Sockerarter, totalt",Välling,30.4,g
6231,Välling för barn pulver fullkorn osötad berikad,Summa enkelomättade fettsyror,Välling,6.0,g
6231,Välling för barn pulver fullkorn osötad berikad,"Magnesium, Mg",Välling,76.0,mg
6231,Välling för barn pulver fullkorn osötad berikad,Summa mättade fettsyror,Välling,3.0,g
6231,Välling för barn pulver fullkorn osötad berikad,"Kolhydrater, tillgängliga",Välling,59.1,g
6231,Välling för barn pulver fullkorn osötad berikad,Kolesterol,Välling,16.4,mg
6231,Välling för barn pulver fullkorn osötad berikad,"Kalium, K",Välling,720.0,mg
6231,Välling för barn pulver fullkorn osötad berikad,"Jod, I",Välling,75.0,µg
6231,Välling för barn pulver fullkorn osötad berikad,Fullkorn totalt,Välling,33.0,g
6231,Välling för barn pulver fullkorn osötad berikad,"Folat, totalt",Välling,55.8,µg
6231,Välling för barn pulver fullkorn osötad berikad,Fibrer,Välling,1.1,g
6231,Välling för barn pulver fullkorn osötad berikad,"Fett, totalt",Välling,13.8,g
6231,Välling för barn pulver fullkorn osötad berikad,"Järn, Fe",Välling,7.9,mg
6231,Välling för barn pulver fullkorn osötad berikad,Energi (kJ),Välling,1777.0,kJ
6231,Välling för barn pulver fullkorn osötad berikad,Energi (kcal),Välling,425.0,kcal
6231,Välling för barn pulver fullkorn osötad berikad,Disackarider,Välling,28.5,g
6231,Välling för barn pulver fullkorn osötad berikad,"Kalcium, Ca",Välling,490.0,mg
6231,Välling för barn pulver fullkorn osötad berikad,Fettsyra 4:0-10:0,Välling,0.2,g
6231,Välling för barn pulver fullkorn osötad berikad,DHA (C22:6),Välling,0.0,g
6231,Välling för barn pulver fullkorn osötad berikad,DPA (C22:5),Välling,0.0,g
6231,Välling för barn pulver fullkorn osötad berikad,EPA (C20:5),Välling,0.0,g
6231,Välling för barn pulver fullkorn osötad berikad,Arakidonsyra C20:4,Välling,0.0,g
6231,Välling för barn pulver fullkorn osötad berikad,Arakidinsyra C20:0,Välling,0.0,g
6231,Välling för barn pulver fullkorn osötad berikad,Linolensyra C18:3,Välling,0.5,g
6231,Välling för barn pulver fullkorn osötad berikad,Linolsyra C18:2,Välling,3.5,g
6231,Välling för barn pulver fullkorn osötad berikad,Oljesyra C18:1,Välling,5.9,g
6231,Välling för barn pulver fullkorn osötad berikad,Stearinsyra C18:0,Välling,0.5,g
6231,Välling för barn pulver fullkorn osötad berikad,Palmitoljesyra C16:1,Välling,0.0,g
6231,Välling för barn pulver fullkorn osötad berikad,Palmitinsyra C16:0,Välling,1.7,g
6231,Välling för barn pulver fullkorn osötad berikad,Myristinsyra C14:0,Välling,0.3,g
6231,Välling för barn pulver fullkorn osötad berikad,Laurinsyra C12:0,Välling,0.2,g
6231,Välling för barn pulver fullkorn osötad berikad,Betakaroten/β-Karoten,Välling,18.0,µg
6231,Välling för barn pulver fullkorn osötad berikad,Avfall (skal etc.),Välling,0.0,%
6231,Välling för barn pulver fullkorn osötad berikad,Aska,Välling,3.3,g
6231,Välling för barn pulver fullkorn osötad berikad,Alkohol,Välling,0.0,g
6234,Välling för barn pulver havre osötad berikad,"Zink, Zn",Välling,3.6,mg
6234,Välling för barn pulver havre osötad berikad,Vitamin E,Välling,8.7,mg
6234,Välling för barn pulver havre osötad berikad,Vitamin D,Välling,5.5,µg
6234,Välling för barn pulver havre osötad berikad,Vitamin C,Välling,86.0,mg
6234,Välling för barn pulver havre osötad berikad,Vitamin B6,Välling,0.38,mg
6234,Välling för barn pulver havre osötad berikad,Vitamin B12,Välling,1.65,µg
6234,Välling för barn pulver havre osötad berikad,Vitamin A,Välling,352.0,RE/µg
6234,Välling för barn pulver havre osötad berikad,Vatten,Välling,4.5,g
6234,Välling för barn pulver havre osötad berikad,Tiamin,Välling,0.8,mg
6234,Välling för barn pulver havre osötad berikad,Tillsatt socker,Välling,0.0,g
6234,Välling för barn pulver havre osötad berikad,Fritt socker,Välling,0.0,g
6234,Välling för barn pulver havre osötad berikad,"Selen, Se",Välling,6.0,µg
6234,Välling för barn pulver havre osötad berikad,Sackaros,Välling,0.2,g
6234,Välling för barn pulver havre osötad berikad,Riboflavin,Välling,0.71,mg
6234,Välling för barn pulver havre osötad berikad,Retinol,Välling,350.0,µg
6234,Välling för barn pulver havre osötad berikad,Protein,Välling,14.5,g
6234,Välling för barn pulver havre osötad berikad,Summa fleromättade fettsyror,Välling,5.2,g
6234,Välling för barn pulver havre osötad berikad,"Fosfor, P",Välling,360.0,mg
6234,Välling för barn pulver havre osötad berikad,Niacinekvivalenter,Välling,6.3,NE/mg
6234,Välling för barn pulver havre osötad berikad,Niacin,Välling,2.94,mg
6234,Välling för barn pulver havre osötad berikad,"Salt, NaCl",Välling,0.4,g
6234,Välling för barn pulver havre osötad berikad,"Natrium, Na",Välling,170.0,mg
6234,Välling för barn pulver havre osötad berikad,Monosackarider,Välling,0.0,g
6234,Välling för barn pulver havre osötad berikad,"Sockerarter, totalt",Välling,29.5,g
6234,Välling för barn pulver havre osötad berikad,Summa enkelomättade fettsyror,Välling,8.1,g
6234,Välling för barn pulver havre osötad berikad,"Magnesium, Mg",Välling,58.0,mg
6234,Välling för barn pulver havre osötad berikad,Summa mättade fettsyror,Välling,3.7,g
6234,Välling för barn pulver havre osötad berikad,"Kolhydrater, tillgängliga",Välling,59.6,g
6234,Välling för barn pulver havre osötad berikad,Kolesterol,Välling,24.2,mg
6234,Välling för barn pulver havre osötad berikad,"Kalium, K",Välling,700.0,mg
6234,Välling för barn pulver havre osötad berikad,"Jod, I",Välling,110.0,µg
6234,Välling för barn pulver havre osötad berikad,Fullkorn totalt,Välling,0.0,g
6234,Välling för barn pulver havre osötad berikad,"Folat, totalt",Välling,72.5,µg
6234,Välling för barn pulver havre osötad berikad,Fibrer,Välling,0.0,g
6234,Välling för barn pulver havre osötad berikad,"Fett, totalt",Välling,18.0,g
6234,Välling för barn pulver havre osötad berikad,"Järn, Fe",Välling,8.2,mg
6234,Välling för barn pulver havre osötad berikad,Energi (kJ),Välling,1926.0,kJ
6234,Välling för barn pulver havre osötad berikad,Energi (kcal),Välling,460.0,kcal
6234,Välling för barn pulver havre osötad berikad,Disackarider,Välling,29.5,g
6234,Välling för barn pulver havre osötad berikad,"Kalcium, Ca",Välling,610.0,mg
6234,Välling för barn pulver havre osötad berikad,Fettsyra 4:0-10:0,Välling,0.3,g
6234,Välling för barn pulver havre osötad berikad,DHA (C22:6),Välling,0.0,g
6234,Välling för barn pulver havre osötad berikad,DPA (C22:5),Välling,0.0,g
6234,Välling för barn pulver havre osötad berikad,EPA (C20:5),Välling,0.0,g
6234,Välling för barn pulver havre osötad berikad,Arakidonsyra C20:4,Välling,0.0,g
6234,Välling för barn pulver havre osötad berikad,Arakidinsyra C20:0,Välling,0.1,g
6234,Välling för barn pulver havre osötad berikad,Linolensyra C18:3,Välling,0.8,g
6234,Välling för barn pulver havre osötad berikad,Linolsyra C18:2,Välling,4.4,g
6234,Välling för barn pulver havre osötad berikad,Oljesyra C18:1,Välling,7.9,g
6234,Välling för barn pulver havre osötad berikad,Stearinsyra C18:0,Välling,0.7,g
6234,Välling för barn pulver havre osötad berikad,Palmitoljesyra C16:1,Välling,0.1,g
6234,Välling för barn pulver havre osötad berikad,Palmitinsyra C16:0,Välling,2.0,g
6234,Välling för barn pulver havre osötad berikad,Myristinsyra C14:0,Välling,0.4,g
6234,Välling för barn pulver havre osötad berikad,Laurinsyra C12:0,Välling,0.1,g
6234,Välling för barn pulver havre osötad berikad,Betakaroten/β-Karoten,Välling,22.0,µg
6234,Välling för barn pulver havre osötad berikad,Avfall (skal etc.),Välling,0.0,%
6234,Välling för barn pulver havre osötad berikad,Aska,Välling,3.4,g
6234,Välling för barn pulver havre osötad berikad,Alkohol,Välling,0.0,g
6235,Välling för barn pulver majs osötad berikad,"Zink, Zn",Välling,3.6,mg
6235,Välling för barn pulver majs osötad berikad,Vitamin E,Välling,10.7,mg
6235,Välling för barn pulver majs osötad berikad,Vitamin D,Välling,7.54,µg
6235,Välling för barn pulver majs osötad berikad,Vitamin C,Välling,88.0,mg
6235,Välling för barn pulver majs osötad berikad,Vitamin B6,Välling,0.41,mg
6235,Välling för barn pulver majs osötad berikad,Vitamin B12,Välling,1.7,µg
6235,Välling för barn pulver majs osötad berikad,Vitamin A,Välling,467.6,RE/µg
6235,Välling för barn pulver majs osötad berikad,Vatten,Välling,4.7,g
6235,Välling för barn pulver majs osötad berikad,Tiamin,Välling,0.79,mg
6235,Välling för barn pulver majs osötad berikad,Tillsatt socker,Välling,0.0,g
6235,Välling för barn pulver majs osötad berikad,Fritt socker,Välling,0.0,g
6235,Välling för barn pulver majs osötad berikad,"Selen, Se",Välling,7.0,µg
6235,Välling för barn pulver majs osötad berikad,Sackaros,Välling,0.1,g
6235,Välling för barn pulver majs osötad berikad,Riboflavin,Välling,0.78,mg
6235,Välling för barn pulver majs osötad berikad,Retinol,Välling,463.0,µg
6235,Välling för barn pulver majs osötad berikad,Protein,Välling,13.8,g
6235,Välling för barn pulver majs osötad berikad,Summa fleromättade fettsyror,Välling,5.4,g
6235,Välling för barn pulver majs osötad berikad,"Fosfor, P",Välling,540.0,mg
6235,Välling för barn pulver majs osötad berikad,Niacinekvivalenter,Välling,6.6,NE/mg
6235,Välling för barn pulver majs osötad berikad,Niacin,Välling,3.4,mg
6235,Välling för barn pulver majs osötad berikad,"Salt, NaCl",Välling,0.4,g
6235,Välling för barn pulver majs osötad berikad,"Natrium, Na",Välling,180.0,mg
6235,Välling för barn pulver majs osötad berikad,Monosackarider,Välling,0.3,g
6235,Välling för barn pulver majs osötad berikad,"Sockerarter, totalt",Välling,26.5,g
6235,Välling för barn pulver majs osötad berikad,Summa enkelomättade fettsyror,Välling,8.4,g
6235,Välling för barn pulver majs osötad berikad,"Magnesium, Mg",Välling,59.0,mg
6235,Välling för barn pulver majs osötad berikad,Summa mättade fettsyror,Välling,3.8,g
6235,Välling för barn pulver majs osötad berikad,"Kolhydrater, tillgängliga",Välling,59.4,g
6235,Välling för barn pulver majs osötad berikad,Kolesterol,Välling,21.2,mg
6235,Välling för barn pulver majs osötad berikad,"Kalium, K",Välling,700.0,mg
6235,Välling för barn pulver majs osötad berikad,"Jod, I",Välling,120.0,µg
6235,Välling för barn pulver majs osötad berikad,Fullkorn totalt,Välling,0.0,g
6235,Välling för barn pulver majs osötad berikad,"Folat, totalt",Välling,61.1,µg
6235,Välling för barn pulver majs osötad berikad,Fibrer,Välling,0.0,g
6235,Välling för barn pulver majs osötad berikad,"Fett, totalt",Välling,18.7,g
6235,Välling för barn pulver majs osötad berikad,"Järn, Fe",Välling,8.4,mg
6235,Välling för barn pulver majs osötad berikad,Energi (kJ),Välling,1936.0,kJ
6235,Välling för barn pulver majs osötad berikad,Energi (kcal),Välling,463.0,kcal
6235,Välling för barn pulver majs osötad berikad,Disackarider,Välling,26.2,g
6235,Välling för barn pulver majs osötad berikad,"Kalcium, Ca",Välling,570.0,mg
6235,Välling för barn pulver majs osötad berikad,Fettsyra 4:0-10:0,Välling,0.3,g
6235,Välling för barn pulver majs osötad berikad,DHA (C22:6),Välling,0.0,g
6235,Välling för barn pulver majs osötad berikad,DPA (C22:5),Välling,0.0,g
6235,Välling för barn pulver majs osötad berikad,EPA (C20:5),Välling,0.0,g
6235,Välling för barn pulver majs osötad berikad,Arakidonsyra C20:4,Välling,0.0,g
6235,Välling för barn pulver majs osötad berikad,Arakidinsyra C20:0,Välling,0.1,g
6235,Välling för barn pulver majs osötad berikad,Linolensyra C18:3,Välling,0.8,g
6235,Välling för barn pulver majs osötad berikad,Linolsyra C18:2,Välling,4.6,g
6235,Välling för barn pulver majs osötad berikad,Oljesyra C18:1,Välling,8.2,g
6235,Välling för barn pulver majs osötad berikad,Stearinsyra C18:0,Välling,0.7,g
6235,Välling för barn pulver majs osötad berikad,Palmitoljesyra C16:1,Välling,0.1,g
6235,Välling för barn pulver majs osötad berikad,Palmitinsyra C16:0,Välling,2.0,g
6235,Välling för barn pulver majs osötad berikad,Myristinsyra C14:0,Välling,0.4,g
6235,Välling för barn pulver majs osötad berikad,Laurinsyra C12:0,Välling,0.1,g
6235,Välling för barn pulver majs osötad berikad,Betakaroten/β-Karoten,Välling,40.0,µg
6235,Välling för barn pulver majs osötad berikad,Avfall (skal etc.),Välling,0.0,%
6235,Välling för barn pulver majs osötad berikad,Aska,Välling,3.4,g
6235,Välling för barn pulver majs osötad berikad,Alkohol,Välling,0.0,g
6236,Välling för barn pulver havre mjölkfri osötad berikad,"Zink, Zn",Välling,4.1,mg
6236,Välling för barn pulver havre mjölkfri osötad berikad,Vitamin E,Välling,8.6,mg
6236,Välling för barn pulver havre mjölkfri osötad berikad,Vitamin D,Välling,6.33,µg
6236,Välling för barn pulver havre mjölkfri osötad berikad,Vitamin C,Välling,62.5,mg
6236,Välling för barn pulver havre mjölkfri osötad berikad,Vitamin B6,Välling,0.25,mg
6236,Välling för barn pulver havre mjölkfri osötad berikad,Vitamin B12,Välling,1.08,µg
6236,Välling för barn pulver havre mjölkfri osötad berikad,Vitamin A,Välling,454.5,RE/µg
6236,Välling för barn pulver havre mjölkfri osötad berikad,Vatten,Välling,6.3,g
6236,Välling för barn pulver havre mjölkfri osötad berikad,Tiamin,Välling,0.88,mg
6236,Välling för barn pulver havre mjölkfri osötad berikad,Tillsatt socker,Välling,0.0,g
6236,Välling för barn pulver havre mjölkfri osötad berikad,Fritt socker,Välling,0.0,g
6236,Välling för barn pulver havre mjölkfri osötad berikad,"Selen, Se",Välling,0.0,µg
6236,Välling för barn pulver havre mjölkfri osötad berikad,Sackaros,Välling,0.6,g
6236,Välling för barn pulver havre mjölkfri osötad berikad,Riboflavin,Välling,0.72,mg
6236,Välling för barn pulver havre mjölkfri osötad berikad,Retinol,Välling,509.0,µg
6236,Välling för barn pulver havre mjölkfri osötad berikad,Protein,Välling,10.8,g
6236,Välling för barn pulver havre mjölkfri osötad berikad,Summa fleromättade fettsyror,Välling,3.4,g
6236,Välling för barn pulver havre mjölkfri osötad berikad,"Fosfor, P",Välling,400.0,mg
6236,Välling för barn pulver havre mjölkfri osötad berikad,Niacinekvivalenter,Välling,9.5,NE/mg
6236,Välling för barn pulver havre mjölkfri osötad berikad,Niacin,Välling,7.7,mg
6236,Välling för barn pulver havre mjölkfri osötad berikad,"Salt, NaCl",Välling,0.1,g
6236,Välling för barn pulver havre mjölkfri osötad berikad,"Natrium, Na",Välling,25.0,mg
6236,Välling för barn pulver havre mjölkfri osötad berikad,Monosackarider,Välling,0.4,g
6236,Välling för barn pulver havre mjölkfri osötad berikad,"Sockerarter, totalt",Välling,4.7,g
6236,Välling för barn pulver havre mjölkfri osötad berikad,Summa enkelomättade fettsyror,Välling,4.9,g
6236,Välling för barn pulver havre mjölkfri osötad berikad,"Magnesium, Mg",Välling,87.0,mg
6236,Välling för barn pulver havre mjölkfri osötad berikad,Summa mättade fettsyror,Välling,2.4,g
6236,Välling för barn pulver havre mjölkfri osötad berikad,"Kolhydrater, tillgängliga",Välling,65.6,g
6236,Välling för barn pulver havre mjölkfri osötad berikad,Kolesterol,Välling,0.0,mg
6236,Välling för barn pulver havre mjölkfri osötad berikad,"Kalium, K",Välling,181.0,mg
6236,Välling för barn pulver havre mjölkfri osötad berikad,"Jod, I",Välling,82.0,µg
6236,Välling för barn pulver havre mjölkfri osötad berikad,Fullkorn totalt,Välling,0.0,g
6236,Välling för barn pulver havre mjölkfri osötad berikad,"Folat, totalt",Välling,81.0,µg
6236,Välling för barn pulver havre mjölkfri osötad berikad,Fibrer,Välling,2.8,g
6236,Välling för barn pulver havre mjölkfri osötad berikad,"Fett, totalt",Välling,11.2,g
6236,Välling för barn pulver havre mjölkfri osötad berikad,"Järn, Fe",Välling,8.9,mg
6236,Välling för barn pulver havre mjölkfri osötad berikad,Energi (kJ),Välling,1736.0,kJ
6236,Välling för barn pulver havre mjölkfri osötad berikad,Energi (kcal),Välling,415.0,kcal
6236,Välling för barn pulver havre mjölkfri osötad berikad,Disackarider,Välling,4.3,g
6236,Välling för barn pulver havre mjölkfri osötad berikad,"Kalcium, Ca",Välling,561.0,mg
6236,Välling för barn pulver havre mjölkfri osötad berikad,Fettsyra 4:0-10:0,Välling,0.1,g
6236,Välling för barn pulver havre mjölkfri osötad berikad,DHA (C22:6),Välling,0.0,g
6236,Välling för barn pulver havre mjölkfri osötad berikad,DPA (C22:5),Välling,0.0,g
6236,Välling för barn pulver havre mjölkfri osötad berikad,EPA (C20:5),Välling,0.0,g
6236,Välling för barn pulver havre mjölkfri osötad berikad,Arakidonsyra C20:4,Välling,0.0,g
6236,Välling för barn pulver havre mjölkfri osötad berikad,Arakidinsyra C20:0,Välling,0.0,g
6236,Välling för barn pulver havre mjölkfri osötad berikad,Linolensyra C18:3,Välling,0.2,g
6236,Välling för barn pulver havre mjölkfri osötad berikad,Linolsyra C18:2,Välling,3.2,g
6236,Välling för barn pulver havre mjölkfri osötad berikad,Oljesyra C18:1,Välling,4.8,g
6236,Välling för barn pulver havre mjölkfri osötad berikad,Stearinsyra C18:0,Välling,0.2,g
6236,Välling för barn pulver havre mjölkfri osötad berikad,Palmitoljesyra C16:1,Välling,0.0,g
6236,Välling för barn pulver havre mjölkfri osötad berikad,Palmitinsyra C16:0,Välling,1.2,g
6236,Välling för barn pulver havre mjölkfri osötad berikad,Myristinsyra C14:0,Välling,0.2,g
6236,Välling för barn pulver havre mjölkfri osötad berikad,Laurinsyra C12:0,Välling,0.5,g
6236,Välling för barn pulver havre mjölkfri osötad berikad,Betakaroten/β-Karoten,Välling,0.0,µg
6236,Välling för barn pulver havre mjölkfri osötad berikad,Avfall (skal etc.),Välling,0.0,%
6236,Välling för barn pulver havre mjölkfri osötad berikad,Aska,Välling,3.3,g
6236,Välling för barn pulver havre mjölkfri osötad berikad,Alkohol,Välling,0.0,g
6239,Barngröt pulver havre m. banan äpple mjölkfri osötad berikad,"Zink, Zn",Gröt,4.5,mg
6239,Barngröt pulver havre m. banan äpple mjölkfri osötad berikad,Vitamin E,Gröt,14.8,mg
6239,Barngröt pulver havre m. banan äpple mjölkfri osötad berikad,Vitamin D,Gröt,8.86,µg
6239,Barngröt pulver havre m. banan äpple mjölkfri osötad berikad,Vitamin C,Gröt,83.0,mg
6239,Barngröt pulver havre m. banan äpple mjölkfri osötad berikad,Vitamin B6,Gröt,0.74,mg
6239,Barngröt pulver havre m. banan äpple mjölkfri osötad berikad,Vitamin B12,Gröt,0.97,µg
6239,Barngröt pulver havre m. banan äpple mjölkfri osötad berikad,Vitamin A,Gröt,480.5,RE/µg
6239,Barngröt pulver havre m. banan äpple mjölkfri osötad berikad,Vatten,Gröt,4.1,g
6239,Barngröt pulver havre m. banan äpple mjölkfri osötad berikad,Tiamin,Gröt,0.98,mg
6239,Barngröt pulver havre m. banan äpple mjölkfri osötad berikad,Tillsatt socker,Gröt,0.0,g
6239,Barngröt pulver havre m. banan äpple mjölkfri osötad berikad,Fritt socker,Gröt,8.0,g
6239,Barngröt pulver havre m. banan äpple mjölkfri osötad berikad,"Selen, Se",Gröt,0.0,µg
6239,Barngröt pulver havre m. banan äpple mjölkfri osötad berikad,Sackaros,Gröt,5.0,g
6239,Barngröt pulver havre m. banan äpple mjölkfri osötad berikad,Riboflavin,Gröt,0.5,mg
6239,Barngröt pulver havre m. banan äpple mjölkfri osötad berikad,Retinol,Gröt,478.0,µg
6239,Barngröt pulver havre m. banan äpple mjölkfri osötad berikad,Protein,Gröt,13.2,g
6239,Barngröt pulver havre m. banan äpple mjölkfri osötad berikad,Summa fleromättade fettsyror,Gröt,4.1,g
6239,Barngröt pulver havre m. banan äpple mjölkfri osötad berikad,"Fosfor, P",Gröt,520.0,mg
6239,Barngröt pulver havre m. banan äpple mjölkfri osötad berikad,Niacinekvivalenter,Gröt,10.6,NE/mg
6239,Barngröt pulver havre m. banan äpple mjölkfri osötad berikad,Niacin,Gröt,8.42,mg
6239,Barngröt pulver havre m. banan äpple mjölkfri osötad berikad,"Salt, NaCl",Gröt,0.1,g
6239,Barngröt pulver havre m. banan äpple mjölkfri osötad berikad,"Natrium, Na",Gröt,38.0,mg
6239,Barngröt pulver havre m. banan äpple mjölkfri osötad berikad,Monosackarider,Gröt,3.6,g
6239,Barngröt pulver havre m. banan äpple mjölkfri osötad berikad,"Sockerarter, totalt",Gröt,10.6,g
6239,Barngröt pulver havre m. banan äpple mjölkfri osötad berikad,Summa enkelomättade fettsyror,Gröt,4.2,g
6239,Barngröt pulver havre m. banan äpple mjölkfri osötad berikad,"Magnesium, Mg",Gröt,88.0,mg
6239,Barngröt pulver havre m. banan äpple mjölkfri osötad berikad,Summa mättade fettsyror,Gröt,1.9,g
6239,Barngröt pulver havre m. banan äpple mjölkfri osötad berikad,"Kolhydrater, tillgängliga",Gröt,66.4,g
6239,Barngröt pulver havre m. banan äpple mjölkfri osötad berikad,Kolesterol,Gröt,0.6,mg
6239,Barngröt pulver havre m. banan äpple mjölkfri osötad berikad,"Kalium, K",Gröt,350.0,mg
6239,Barngröt pulver havre m. banan äpple mjölkfri osötad berikad,"Jod, I",Gröt,68.0,µg
6239,Barngröt pulver havre m. banan äpple mjölkfri osötad berikad,Fullkorn totalt,Gröt,0.0,g
6239,Barngröt pulver havre m. banan äpple mjölkfri osötad berikad,"Folat, totalt",Gröt,100.0,µg
6239,Barngröt pulver havre m. banan äpple mjölkfri osötad berikad,Fibrer,Gröt,3.2,g
6239,Barngröt pulver havre m. banan äpple mjölkfri osötad berikad,"Fett, totalt",Gröt,10.6,g
6239,Barngröt pulver havre m. banan äpple mjölkfri osötad berikad,"Järn, Fe",Gröt,9.1,mg
6239,Barngröt pulver havre m. banan äpple mjölkfri osötad berikad,Energi (kJ),Gröt,1771.0,kJ
6239,Barngröt pulver havre m. banan äpple mjölkfri osötad berikad,Energi (kcal),Gröt,423.0,kcal
6239,Barngröt pulver havre m. banan äpple mjölkfri osötad berikad,Disackarider,Gröt,7.0,g
6239,Barngröt pulver havre m. banan äpple mjölkfri osötad berikad,"Kalcium, Ca",Gröt,490.0,mg
6239,Barngröt pulver havre m. banan äpple mjölkfri osötad berikad,Fettsyra 4:0-10:0,Gröt,0.0,g
6239,Barngröt pulver havre m. banan äpple mjölkfri osötad berikad,DHA (C22:6),Gröt,0.0,g
6239,Barngröt pulver havre m. banan äpple mjölkfri osötad berikad,DPA (C22:5),Gröt,0.0,g
6239,Barngröt pulver havre m. banan äpple mjölkfri osötad berikad,EPA (C20:5),Gröt,0.0,g
6239,Barngröt pulver havre m. banan äpple mjölkfri osötad berikad,Arakidonsyra C20:4,Gröt,0.0,g
6239,Barngröt pulver havre m. banan äpple mjölkfri osötad berikad,Arakidinsyra C20:0,Gröt,0.0,g
6239,Barngröt pulver havre m. banan äpple mjölkfri osötad berikad,Linolensyra C18:3,Gröt,0.2,g
6239,Barngröt pulver havre m. banan äpple mjölkfri osötad berikad,Linolsyra C18:2,Gröt,3.9,g
6239,Barngröt pulver havre m. banan äpple mjölkfri osötad berikad,Oljesyra C18:1,Gröt,4.0,g
6239,Barngröt pulver havre m. banan äpple mjölkfri osötad berikad,Stearinsyra C18:0,Gröt,0.2,g
6239,Barngröt pulver havre m. banan äpple mjölkfri osötad berikad,Palmitoljesyra C16:1,Gröt,0.0,g
6239,Barngröt pulver havre m. banan äpple mjölkfri osötad berikad,Palmitinsyra C16:0,Gröt,1.6,g
6239,Barngröt pulver havre m. banan äpple mjölkfri osötad berikad,Myristinsyra C14:0,Gröt,0.0,g
6239,Barngröt pulver havre m. banan äpple mjölkfri osötad berikad,Laurinsyra C12:0,Gröt,0.0,g
6239,Barngröt pulver havre m. banan äpple mjölkfri osötad berikad,Betakaroten/β-Karoten,Gröt,20.0,µg
6239,Barngröt pulver havre m. banan äpple mjölkfri osötad berikad,Avfall (skal etc.),Gröt,0.0,%
6239,Barngröt pulver havre m. banan äpple mjölkfri osötad berikad,Aska,Gröt,2.5,g
6239,Barngröt pulver havre m. banan äpple mjölkfri osötad berikad,Alkohol,Gröt,0.0,g
6240,Barngröt pulver naturell fullkorn osötad berikad,"Zink, Zn",Gröt,5.8,mg
6240,Barngröt pulver naturell fullkorn osötad berikad,Vitamin E,Gröt,6.5,mg
6240,Barngröt pulver naturell fullkorn osötad berikad,Vitamin D,Gröt,7.74,µg
6240,Barngröt pulver naturell fullkorn osötad berikad,Vitamin C,Gröt,78.0,mg
6240,Barngröt pulver naturell fullkorn osötad berikad,Vitamin B6,Gröt,0.23,mg
6240,Barngröt pulver naturell fullkorn osötad berikad,Vitamin B12,Gröt,1.22,µg
6240,Barngröt pulver naturell fullkorn osötad berikad,Vitamin A,Gröt,382.5,RE/µg
6240,Barngröt pulver naturell fullkorn osötad berikad,Vatten,Gröt,3.3,g
6240,Barngröt pulver naturell fullkorn osötad berikad,Tiamin,Gröt,0.91,mg
6240,Barngröt pulver naturell fullkorn osötad berikad,Tillsatt socker,Gröt,0.0,g
6240,Barngröt pulver naturell fullkorn osötad berikad,Fritt socker,Gröt,0.0,g
6240,Barngröt pulver naturell fullkorn osötad berikad,"Selen, Se",Gröt,6.0,µg
6240,Barngröt pulver naturell fullkorn osötad berikad,Sackaros,Gröt,0.4,g
6240,Barngröt pulver naturell fullkorn osötad berikad,Riboflavin,Gröt,0.67,mg
6240,Barngröt pulver naturell fullkorn osötad berikad,Retinol,Gröt,391.0,µg
6240,Barngröt pulver naturell fullkorn osötad berikad,Protein,Gröt,15.9,g
6240,Barngröt pulver naturell fullkorn osötad berikad,Summa fleromättade fettsyror,Gröt,4.8,g
6240,Barngröt pulver naturell fullkorn osötad berikad,"Fosfor, P",Gröt,440.0,mg
6240,Barngröt pulver naturell fullkorn osötad berikad,Niacinekvivalenter,Gröt,8.1,NE/mg
6240,Barngröt pulver naturell fullkorn osötad berikad,Niacin,Gröt,5.41,mg
6240,Barngröt pulver naturell fullkorn osötad berikad,"Salt, NaCl",Gröt,0.4,g
6240,Barngröt pulver naturell fullkorn osötad berikad,"Natrium, Na",Gröt,170.0,mg
6240,Barngröt pulver naturell fullkorn osötad berikad,Monosackarider,Gröt,0.8,g
6240,Barngröt pulver naturell fullkorn osötad berikad,"Sockerarter, totalt",Gröt,24.0,g
6240,Barngröt pulver naturell fullkorn osötad berikad,Summa enkelomättade fettsyror,Gröt,7.2,g
6240,Barngröt pulver naturell fullkorn osötad berikad,"Magnesium, Mg",Gröt,92.0,mg
6240,Barngröt pulver naturell fullkorn osötad berikad,Summa mättade fettsyror,Gröt,3.1,g
6240,Barngröt pulver naturell fullkorn osötad berikad,"Kolhydrater, tillgängliga",Gröt,58.7,g
6240,Barngröt pulver naturell fullkorn osötad berikad,Kolesterol,Gröt,18.1,mg
6240,Barngröt pulver naturell fullkorn osötad berikad,"Kalium, K",Gröt,800.0,mg
6240,Barngröt pulver naturell fullkorn osötad berikad,"Jod, I",Gröt,80.0,µg
6240,Barngröt pulver naturell fullkorn osötad berikad,Fullkorn totalt,Gröt,42.0,g
6240,Barngröt pulver naturell fullkorn osötad berikad,"Folat, totalt",Gröt,49.5,µg
6240,Barngröt pulver naturell fullkorn osötad berikad,Fibrer,Gröt,2.3,g
6240,Barngröt pulver naturell fullkorn osötad berikad,"Fett, totalt",Gröt,16.0,g
6240,Barngröt pulver naturell fullkorn osötad berikad,"Järn, Fe",Gröt,7.5,mg
6240,Barngröt pulver naturell fullkorn osötad berikad,Energi (kJ),Gröt,1879.0,kJ
6240,Barngröt pulver naturell fullkorn osötad berikad,Energi (kcal),Gröt,449.0,kcal
6240,Barngröt pulver naturell fullkorn osötad berikad,Disackarider,Gröt,23.2,g
6240,Barngröt pulver naturell fullkorn osötad berikad,"Kalcium, Ca",Gröt,530.0,mg
6240,Barngröt pulver naturell fullkorn osötad berikad,Fettsyra 4:0-10:0,Gröt,0.2,g
6240,Barngröt pulver naturell fullkorn osötad berikad,DHA (C22:6),Gröt,0.0,g
6240,Barngröt pulver naturell fullkorn osötad berikad,DPA (C22:5),Gröt,0.0,g
6240,Barngröt pulver naturell fullkorn osötad berikad,EPA (C20:5),Gröt,0.0,g
6240,Barngröt pulver naturell fullkorn osötad berikad,Arakidonsyra C20:4,Gröt,0.0,g
6240,Barngröt pulver naturell fullkorn osötad berikad,Arakidinsyra C20:0,Gröt,0.1,g
6240,Barngröt pulver naturell fullkorn osötad berikad,Linolensyra C18:3,Gröt,0.7,g
6240,Barngröt pulver naturell fullkorn osötad berikad,Linolsyra C18:2,Gröt,4.1,g
6240,Barngröt pulver naturell fullkorn osötad berikad,Oljesyra C18:1,Gröt,7.0,g
6240,Barngröt pulver naturell fullkorn osötad berikad,Stearinsyra C18:0,Gröt,0.5,g
6240,Barngröt pulver naturell fullkorn osötad berikad,Palmitoljesyra C16:1,Gröt,0.1,g
6240,Barngröt pulver naturell fullkorn osötad berikad,Palmitinsyra C16:0,Gröt,1.8,g
6240,Barngröt pulver naturell fullkorn osötad berikad,Myristinsyra C14:0,Gröt,0.3,g
6240,Barngröt pulver naturell fullkorn osötad berikad,Laurinsyra C12:0,Gröt,0.1,g
6240,Barngröt pulver naturell fullkorn osötad berikad,Betakaroten/β-Karoten,Gröt,17.0,µg
6240,Barngröt pulver naturell fullkorn osötad berikad,Avfall (skal etc.),Gröt,0.0,%
6240,Barngröt pulver naturell fullkorn osötad berikad,Aska,Gröt,3.8,g
6240,Barngröt pulver naturell fullkorn osötad berikad,Alkohol,Gröt,0.0,g
6245,Barnmat pasta couscous m. kyckling konserv.,"Zink, Zn",Barnmatsprodukter exkl. välling o gröt,0.3,mg
6245,Barnmat pasta couscous m. kyckling konserv.,Vitamin E,Barnmatsprodukter exkl. välling o gröt,1.0,mg
6245,Barnmat pasta couscous m. kyckling konserv.,Vitamin D inkl 25-OH-D3,Barnmatsprodukter exkl. välling o gröt,0.0,µg
6245,Barnmat pasta couscous m. kyckling konserv.,Vitamin D,Barnmatsprodukter exkl. välling o gröt,0.0,µg
6245,Barnmat pasta couscous m. kyckling konserv.,Vitamin C,Barnmatsprodukter exkl. välling o gröt,0.4,mg
6245,Barnmat pasta couscous m. kyckling konserv.,Vitamin B6,Barnmatsprodukter exkl. välling o gröt,0.06,mg
6245,Barnmat pasta couscous m. kyckling konserv.,Vitamin B12,Barnmatsprodukter exkl. välling o gröt,0.0,µg
6245,Barnmat pasta couscous m. kyckling konserv.,Vitamin A,Barnmatsprodukter exkl. välling o gröt,227.9,RE/µg
6245,Barnmat pasta couscous m. kyckling konserv.,Vatten,Barnmatsprodukter exkl. välling o gröt,82.3,g
6245,Barnmat pasta couscous m. kyckling konserv.,Tiamin,Barnmatsprodukter exkl. välling o gröt,0.02,mg
6245,Barnmat pasta couscous m. kyckling konserv.,Tillsatt socker,Barnmatsprodukter exkl. välling o gröt,0.0,g
6245,Barnmat pasta couscous m. kyckling konserv.,Fritt socker,Barnmatsprodukter exkl. välling o gröt,0.0,g
6245,Barnmat pasta couscous m. kyckling konserv.,"Selen, Se",Barnmatsprodukter exkl. välling o gröt,0.0,µg
6245,Barnmat pasta couscous m. kyckling konserv.,Sackaros,Barnmatsprodukter exkl. välling o gröt,1.0,g
6245,Barnmat pasta couscous m. kyckling konserv.,Riboflavin,Barnmatsprodukter exkl. välling o gröt,0.03,mg
6245,Barnmat pasta couscous m. kyckling konserv.,Retinol,Barnmatsprodukter exkl. välling o gröt,0.0,µg
6245,Barnmat pasta couscous m. kyckling konserv.,Protein,Barnmatsprodukter exkl. välling o gröt,4.2,g
6245,Barnmat pasta couscous m. kyckling konserv.,Summa fleromättade fettsyror,Barnmatsprodukter exkl. välling o gröt,0.8,g
6245,Barnmat pasta couscous m. kyckling konserv.,"Fosfor, P",Barnmatsprodukter exkl. välling o gröt,210.0,mg
6245,Barnmat pasta couscous m. kyckling konserv.,Niacinekvivalenter,Barnmatsprodukter exkl. välling o gröt,1.7,NE/mg
6245,Barnmat pasta couscous m. kyckling konserv.,Niacin,Barnmatsprodukter exkl. välling o gröt,0.96,mg
6245,Barnmat pasta couscous m. kyckling konserv.,"Salt, NaCl",Barnmatsprodukter exkl. välling o gröt,0.3,g
6245,Barnmat pasta couscous m. kyckling konserv.,"Natrium, Na",Barnmatsprodukter exkl. välling o gröt,110.0,mg
6245,Barnmat pasta couscous m. kyckling konserv.,Monosackarider,Barnmatsprodukter exkl. välling o gröt,1.0,g
6245,Barnmat pasta couscous m. kyckling konserv.,"Sockerarter, totalt",Barnmatsprodukter exkl. välling o gröt,2.2,g
6245,Barnmat pasta couscous m. kyckling konserv.,Summa enkelomättade fettsyror,Barnmatsprodukter exkl. välling o gröt,1.5,g
6245,Barnmat pasta couscous m. kyckling konserv.,"Magnesium, Mg",Barnmatsprodukter exkl. välling o gröt,31.0,mg
6245,Barnmat pasta couscous m. kyckling konserv.,Summa mättade fettsyror,Barnmatsprodukter exkl. välling o gröt,0.3,g
6245,Barnmat pasta couscous m. kyckling konserv.,"Kolhydrater, tillgängliga",Barnmatsprodukter exkl. välling o gröt,8.0,g
6245,Barnmat pasta couscous m. kyckling konserv.,Kolesterol,Barnmatsprodukter exkl. välling o gröt,7.1,mg
6245,Barnmat pasta couscous m. kyckling konserv.,"Kalium, K",Barnmatsprodukter exkl. välling o gröt,340.0,mg
6245,Barnmat pasta couscous m. kyckling konserv.,"Jod, I",Barnmatsprodukter exkl. välling o gröt,0.0,µg
6245,Barnmat pasta couscous m. kyckling konserv.,Fullkorn totalt,Barnmatsprodukter exkl. välling o gröt,5.0,g
6245,Barnmat pasta couscous m. kyckling konserv.,"Folat, totalt",Barnmatsprodukter exkl. välling o gröt,11.7,µg
6245,Barnmat pasta couscous m. kyckling konserv.,Fibrer,Barnmatsprodukter exkl. välling o gröt,2.2,g
6245,Barnmat pasta couscous m. kyckling konserv.,"Fett, totalt",Barnmatsprodukter exkl. välling o gröt,2.8,g
6245,Barnmat pasta couscous m. kyckling konserv.,"Järn, Fe",Barnmatsprodukter exkl. välling o gröt,0.3,mg
6245,Barnmat pasta couscous m. kyckling konserv.,Energi (kJ),Barnmatsprodukter exkl. välling o gröt,329.0,kJ
6245,Barnmat pasta couscous m. kyckling konserv.,Energi (kcal),Barnmatsprodukter exkl. välling o gröt,78.0,kcal
6245,Barnmat pasta couscous m. kyckling konserv.,Disackarider,Barnmatsprodukter exkl. välling o gröt,1.2,g
6245,Barnmat pasta couscous m. kyckling konserv.,"Kalcium, Ca",Barnmatsprodukter exkl. välling o gröt,20.0,mg
6245,Barnmat pasta couscous m. kyckling konserv.,Fettsyra 4:0-10:0,Barnmatsprodukter exkl. välling o gröt,0.0,g
6245,Barnmat pasta couscous m. kyckling konserv.,DHA (C22:6),Barnmatsprodukter exkl. välling o gröt,0.0,g
6245,Barnmat pasta couscous m. kyckling konserv.,DPA (C22:5),Barnmatsprodukter exkl. välling o gröt,0.0,g
6245,Barnmat pasta couscous m. kyckling konserv.,EPA (C20:5),Barnmatsprodukter exkl. välling o gröt,0.0,g
6245,Barnmat pasta couscous m. kyckling konserv.,Arakidonsyra C20:4,Barnmatsprodukter exkl. välling o gröt,0.0,g
6245,Barnmat pasta couscous m. kyckling konserv.,Arakidinsyra C20:0,Barnmatsprodukter exkl. välling o gröt,0.0,g
6245,Barnmat pasta couscous m. kyckling konserv.,Linolensyra C18:3,Barnmatsprodukter exkl. välling o gröt,0.1,g
6245,Barnmat pasta couscous m. kyckling konserv.,Linolsyra C18:2,Barnmatsprodukter exkl. välling o gröt,0.7,g
6245,Barnmat pasta couscous m. kyckling konserv.,Oljesyra C18:1,Barnmatsprodukter exkl. välling o gröt,1.5,g
6245,Barnmat pasta couscous m. kyckling konserv.,Stearinsyra C18:0,Barnmatsprodukter exkl. välling o gröt,0.1,g
6245,Barnmat pasta couscous m. kyckling konserv.,Palmitoljesyra C16:1,Barnmatsprodukter exkl. välling o gröt,0.0,g
6245,Barnmat pasta couscous m. kyckling konserv.,Palmitinsyra C16:0,Barnmatsprodukter exkl. välling o gröt,0.2,g
6245,Barnmat pasta couscous m. kyckling konserv.,Myristinsyra C14:0,Barnmatsprodukter exkl. välling o gröt,0.0,g
6245,Barnmat pasta couscous m. kyckling konserv.,Laurinsyra C12:0,Barnmatsprodukter exkl. välling o gröt,0.0,g
6245,Barnmat pasta couscous m. kyckling konserv.,Betakaroten/β-Karoten,Barnmatsprodukter exkl. välling o gröt,2220.0,µg
6245,Barnmat pasta couscous m. kyckling konserv.,Avfall (skal etc.),Barnmatsprodukter exkl. välling o gröt,0.0,%
6245,Barnmat pasta couscous m. kyckling konserv.,Aska,Barnmatsprodukter exkl. välling o gröt,0.5,g
6245,Barnmat pasta couscous m. kyckling konserv.,Alkohol,Barnmatsprodukter exkl. välling o gröt,0.0,g
6246,Barnmat spagetti m. köttfärssås konserv.,"Zink, Zn",Barnmatsprodukter exkl. välling o gröt,0.5,mg
6246,Barnmat spagetti m. köttfärssås konserv.,Vitamin E,Barnmatsprodukter exkl. välling o gröt,1.0,mg
6246,Barnmat spagetti m. köttfärssås konserv.,Vitamin D inkl 25-OH-D3,Barnmatsprodukter exkl. välling o gröt,0.0,µg
6246,Barnmat spagetti m. köttfärssås konserv.,Vitamin D,Barnmatsprodukter exkl. välling o gröt,0.0,µg
6246,Barnmat spagetti m. köttfärssås konserv.,Vitamin C,Barnmatsprodukter exkl. välling o gröt,0.1,mg
6246,Barnmat spagetti m. köttfärssås konserv.,Vitamin B6,Barnmatsprodukter exkl. välling o gröt,0.07,mg
6246,Barnmat spagetti m. köttfärssås konserv.,Vitamin B12,Barnmatsprodukter exkl. välling o gröt,0.0,µg
6246,Barnmat spagetti m. köttfärssås konserv.,Vitamin A,Barnmatsprodukter exkl. välling o gröt,119.6,RE/µg
6246,Barnmat spagetti m. köttfärssås konserv.,Vatten,Barnmatsprodukter exkl. välling o gröt,84.2,g
6246,Barnmat spagetti m. köttfärssås konserv.,Tiamin,Barnmatsprodukter exkl. välling o gröt,0.02,mg
6246,Barnmat spagetti m. köttfärssås konserv.,Tillsatt socker,Barnmatsprodukter exkl. välling o gröt,0.0,g
6246,Barnmat spagetti m. köttfärssås konserv.,Fritt socker,Barnmatsprodukter exkl. välling o gröt,0.0,g
6246,Barnmat spagetti m. köttfärssås konserv.,"Selen, Se",Barnmatsprodukter exkl. välling o gröt,0.0,µg
6246,Barnmat spagetti m. köttfärssås konserv.,Sackaros,Barnmatsprodukter exkl. välling o gröt,0.6,g
6246,Barnmat spagetti m. köttfärssås konserv.,Riboflavin,Barnmatsprodukter exkl. välling o gröt,0.03,mg
6246,Barnmat spagetti m. köttfärssås konserv.,Retinol,Barnmatsprodukter exkl. välling o gröt,0.0,µg
6246,Barnmat spagetti m. köttfärssås konserv.,Protein,Barnmatsprodukter exkl. välling o gröt,3.6,g
6246,Barnmat spagetti m. köttfärssås konserv.,Summa fleromättade fettsyror,Barnmatsprodukter exkl. välling o gröt,0.5,g
6246,Barnmat spagetti m. köttfärssås konserv.,"Fosfor, P",Barnmatsprodukter exkl. välling o gröt,42.0,mg
6246,Barnmat spagetti m. köttfärssås konserv.,Niacinekvivalenter,Barnmatsprodukter exkl. välling o gröt,1.5,NE/mg
6246,Barnmat spagetti m. köttfärssås konserv.,Niacin,Barnmatsprodukter exkl. välling o gröt,0.86,mg
6246,Barnmat spagetti m. köttfärssås konserv.,"Salt, NaCl",Barnmatsprodukter exkl. välling o gröt,0.1,g
6246,Barnmat spagetti m. köttfärssås konserv.,"Natrium, Na",Barnmatsprodukter exkl. välling o gröt,51.0,mg
6246,Barnmat spagetti m. köttfärssås konserv.,Monosackarider,Barnmatsprodukter exkl. välling o gröt,1.5,g
6246,Barnmat spagetti m. köttfärssås konserv.,"Sockerarter, totalt",Barnmatsprodukter exkl. välling o gröt,2.3,g
6246,Barnmat spagetti m. köttfärssås konserv.,Summa enkelomättade fettsyror,Barnmatsprodukter exkl. välling o gröt,1.6,g
6246,Barnmat spagetti m. köttfärssås konserv.,"Magnesium, Mg",Barnmatsprodukter exkl. välling o gröt,11.0,mg
6246,Barnmat spagetti m. köttfärssås konserv.,Summa mättade fettsyror,Barnmatsprodukter exkl. välling o gröt,0.5,g
6246,Barnmat spagetti m. köttfärssås konserv.,"Kolhydrater, tillgängliga",Barnmatsprodukter exkl. välling o gröt,6.8,g
6246,Barnmat spagetti m. köttfärssås konserv.,Kolesterol,Barnmatsprodukter exkl. välling o gröt,5.6,mg
6246,Barnmat spagetti m. köttfärssås konserv.,"Kalium, K",Barnmatsprodukter exkl. välling o gröt,150.0,mg
6246,Barnmat spagetti m. köttfärssås konserv.,"Jod, I",Barnmatsprodukter exkl. välling o gröt,0.0,µg
6246,Barnmat spagetti m. köttfärssås konserv.,Fullkorn totalt,Barnmatsprodukter exkl. välling o gröt,12.0,g
6246,Barnmat spagetti m. köttfärssås konserv.,"Folat, totalt",Barnmatsprodukter exkl. välling o gröt,10.5,µg
6246,Barnmat spagetti m. köttfärssås konserv.,Fibrer,Barnmatsprodukter exkl. välling o gröt,2.2,g
6246,Barnmat spagetti m. köttfärssås konserv.,"Fett, totalt",Barnmatsprodukter exkl. välling o gröt,2.7,g
6246,Barnmat spagetti m. köttfärssås konserv.,"Järn, Fe",Barnmatsprodukter exkl. välling o gröt,0.4,mg
6246,Barnmat spagetti m. köttfärssås konserv.,Energi (kJ),Barnmatsprodukter exkl. välling o gröt,294.0,kJ
6246,Barnmat spagetti m. köttfärssås konserv.,Energi (kcal),Barnmatsprodukter exkl. välling o gröt,70.0,kcal
6246,Barnmat spagetti m. köttfärssås konserv.,Disackarider,Barnmatsprodukter exkl. välling o gröt,0.8,g
6246,Barnmat spagetti m. köttfärssås konserv.,"Kalcium, Ca",Barnmatsprodukter exkl. välling o gröt,16.0,mg
6246,Barnmat spagetti m. köttfärssås konserv.,Fettsyra 4:0-10:0,Barnmatsprodukter exkl. välling o gröt,0.0,g
6246,Barnmat spagetti m. köttfärssås konserv.,DHA (C22:6),Barnmatsprodukter exkl. välling o gröt,0.0,g
6246,Barnmat spagetti m. köttfärssås konserv.,DPA (C22:5),Barnmatsprodukter exkl. välling o gröt,0.0,g
6246,Barnmat spagetti m. köttfärssås konserv.,EPA (C20:5),Barnmatsprodukter exkl. välling o gröt,0.0,g
6246,Barnmat spagetti m. köttfärssås konserv.,Arakidonsyra C20:4,Barnmatsprodukter exkl. välling o gröt,0.0,g
6246,Barnmat spagetti m. köttfärssås konserv.,Arakidinsyra C20:0,Barnmatsprodukter exkl. välling o gröt,0.0,g
6246,Barnmat spagetti m. köttfärssås konserv.,Linolensyra C18:3,Barnmatsprodukter exkl. välling o gröt,0.1,g
6246,Barnmat spagetti m. köttfärssås konserv.,Linolsyra C18:2,Barnmatsprodukter exkl. välling o gröt,0.4,g
6246,Barnmat spagetti m. köttfärssås konserv.,Oljesyra C18:1,Barnmatsprodukter exkl. välling o gröt,1.5,g
6246,Barnmat spagetti m. köttfärssås konserv.,Stearinsyra C18:0,Barnmatsprodukter exkl. välling o gröt,0.1,g
6246,Barnmat spagetti m. köttfärssås konserv.,Palmitoljesyra C16:1,Barnmatsprodukter exkl. välling o gröt,0.0,g
6246,Barnmat spagetti m. köttfärssås konserv.,Palmitinsyra C16:0,Barnmatsprodukter exkl. välling o gröt,0.3,g
6246,Barnmat spagetti m. köttfärssås konserv.,Myristinsyra C14:0,Barnmatsprodukter exkl. välling o gröt,0.0,g
6246,Barnmat spagetti m. köttfärssås konserv.,Laurinsyra C12:0,Barnmatsprodukter exkl. välling o gröt,0.0,g
6246,Barnmat spagetti m. köttfärssås konserv.,Betakaroten/β-Karoten,Barnmatsprodukter exkl. välling o gröt,1140.0,µg
6246,Barnmat spagetti m. köttfärssås konserv.,Avfall (skal etc.),Barnmatsprodukter exkl. välling o gröt,0.0,%
6246,Barnmat spagetti m. köttfärssås konserv.,Aska,Barnmatsprodukter exkl. välling o gröt,0.5,g
6246,Barnmat spagetti m. köttfärssås konserv.,Alkohol,Barnmatsprodukter exkl. välling o gröt,0.0,g
6247,Barnmat potatis m. nötköttsgryta konserv.,"Zink, Zn",Barnmatsprodukter exkl. välling o gröt,0.5,mg
6247,Barnmat potatis m. nötköttsgryta konserv.,Vitamin E,Barnmatsprodukter exkl. välling o gröt,0.6,mg
6247,Barnmat potatis m. nötköttsgryta konserv.,Vitamin D,Barnmatsprodukter exkl. välling o gröt,0.23,µg
6247,Barnmat potatis m. nötköttsgryta konserv.,Vitamin C,Barnmatsprodukter exkl. välling o gröt,0.4,mg
6247,Barnmat potatis m. nötköttsgryta konserv.,Vitamin B6,Barnmatsprodukter exkl. välling o gröt,0.09,mg
6247,Barnmat potatis m. nötköttsgryta konserv.,Vitamin B12,Barnmatsprodukter exkl. välling o gröt,0.0,µg
6247,Barnmat potatis m. nötköttsgryta konserv.,Vitamin A,Barnmatsprodukter exkl. välling o gröt,138.4,RE/µg
6247,Barnmat potatis m. nötköttsgryta konserv.,Vatten,Barnmatsprodukter exkl. välling o gröt,83.2,g
6247,Barnmat potatis m. nötköttsgryta konserv.,Tiamin,Barnmatsprodukter exkl. välling o gröt,0.02,mg
6247,Barnmat potatis m. nötköttsgryta konserv.,Tillsatt socker,Barnmatsprodukter exkl. välling o gröt,0.0,g
6247,Barnmat potatis m. nötköttsgryta konserv.,Fritt socker,Barnmatsprodukter exkl. välling o gröt,0.0,g
6247,Barnmat potatis m. nötköttsgryta konserv.,"Selen, Se",Barnmatsprodukter exkl. välling o gröt,0.0,µg
6247,Barnmat potatis m. nötköttsgryta konserv.,Sackaros,Barnmatsprodukter exkl. välling o gröt,0.8,g
6247,Barnmat potatis m. nötköttsgryta konserv.,Riboflavin,Barnmatsprodukter exkl. välling o gröt,0.03,mg
6247,Barnmat potatis m. nötköttsgryta konserv.,Retinol,Barnmatsprodukter exkl. välling o gröt,0.0,µg
6247,Barnmat potatis m. nötköttsgryta konserv.,Protein,Barnmatsprodukter exkl. välling o gröt,3.0,g
6247,Barnmat potatis m. nötköttsgryta konserv.,Summa fleromättade fettsyror,Barnmatsprodukter exkl. välling o gröt,0.6,g
6247,Barnmat potatis m. nötköttsgryta konserv.,"Fosfor, P",Barnmatsprodukter exkl. välling o gröt,38.0,mg
6247,Barnmat potatis m. nötköttsgryta konserv.,Niacinekvivalenter,Barnmatsprodukter exkl. välling o gröt,1.4,NE/mg
6247,Barnmat potatis m. nötköttsgryta konserv.,Niacin,Barnmatsprodukter exkl. välling o gröt,0.87,mg
6247,Barnmat potatis m. nötköttsgryta konserv.,"Salt, NaCl",Barnmatsprodukter exkl. välling o gröt,0.1,g
6247,Barnmat potatis m. nötköttsgryta konserv.,"Natrium, Na",Barnmatsprodukter exkl. välling o gröt,41.0,mg
6247,Barnmat potatis m. nötköttsgryta konserv.,Monosackarider,Barnmatsprodukter exkl. välling o gröt,0.8,g
6247,Barnmat potatis m. nötköttsgryta konserv.,"Sockerarter, totalt",Barnmatsprodukter exkl. välling o gröt,1.7,g
6247,Barnmat potatis m. nötköttsgryta konserv.,Summa enkelomättade fettsyror,Barnmatsprodukter exkl. välling o gröt,1.9,g
6247,Barnmat potatis m. nötköttsgryta konserv.,"Magnesium, Mg",Barnmatsprodukter exkl. välling o gröt,10.0,mg
6247,Barnmat potatis m. nötköttsgryta konserv.,Summa mättade fettsyror,Barnmatsprodukter exkl. välling o gröt,0.7,g
6247,Barnmat potatis m. nötköttsgryta konserv.,"Kolhydrater, tillgängliga",Barnmatsprodukter exkl. välling o gröt,8.4,g
6247,Barnmat potatis m. nötköttsgryta konserv.,Kolesterol,Barnmatsprodukter exkl. välling o gröt,4.5,mg
6247,Barnmat potatis m. nötköttsgryta konserv.,"Kalium, K",Barnmatsprodukter exkl. välling o gröt,180.0,mg
6247,Barnmat potatis m. nötköttsgryta konserv.,"Jod, I",Barnmatsprodukter exkl. välling o gröt,35.0,µg
6247,Barnmat potatis m. nötköttsgryta konserv.,Fullkorn totalt,Barnmatsprodukter exkl. välling o gröt,0.0,g
6247,Barnmat potatis m. nötköttsgryta konserv.,"Folat, totalt",Barnmatsprodukter exkl. välling o gröt,9.2,µg
6247,Barnmat potatis m. nötköttsgryta konserv.,Fibrer,Barnmatsprodukter exkl. välling o gröt,1.6,g
6247,Barnmat potatis m. nötköttsgryta konserv.,"Fett, totalt",Barnmatsprodukter exkl. välling o gröt,3.3,g
6247,Barnmat potatis m. nötköttsgryta konserv.,"Järn, Fe",Barnmatsprodukter exkl. välling o gröt,0.3,mg
6247,Barnmat potatis m. nötköttsgryta konserv.,Energi (kJ),Barnmatsprodukter exkl. välling o gröt,329.0,kJ
6247,Barnmat potatis m. nötköttsgryta konserv.,Energi (kcal),Barnmatsprodukter exkl. välling o gröt,79.0,kcal
6247,Barnmat potatis m. nötköttsgryta konserv.,Disackarider,Barnmatsprodukter exkl. välling o gröt,0.9,g
6247,Barnmat potatis m. nötköttsgryta konserv.,"Kalcium, Ca",Barnmatsprodukter exkl. välling o gröt,16.0,mg
6247,Barnmat potatis m. nötköttsgryta konserv.,Fettsyra 4:0-10:0,Barnmatsprodukter exkl. välling o gröt,0.0,g
6247,Barnmat potatis m. nötköttsgryta konserv.,DHA (C22:6),Barnmatsprodukter exkl. välling o gröt,0.0,g
6247,Barnmat potatis m. nötköttsgryta konserv.,DPA (C22:5),Barnmatsprodukter exkl. välling o gröt,0.0,g
6247,Barnmat potatis m. nötköttsgryta konserv.,EPA (C20:5),Barnmatsprodukter exkl. välling o gröt,0.0,g
6247,Barnmat potatis m. nötköttsgryta konserv.,Arakidonsyra C20:4,Barnmatsprodukter exkl. välling o gröt,0.0,g
6247,Barnmat potatis m. nötköttsgryta konserv.,Arakidinsyra C20:0,Barnmatsprodukter exkl. välling o gröt,0.0,g
6247,Barnmat potatis m. nötköttsgryta konserv.,Linolensyra C18:3,Barnmatsprodukter exkl. välling o gröt,0.1,g
6247,Barnmat potatis m. nötköttsgryta konserv.,Linolsyra C18:2,Barnmatsprodukter exkl. välling o gröt,0.4,g
6247,Barnmat potatis m. nötköttsgryta konserv.,Oljesyra C18:1,Barnmatsprodukter exkl. välling o gröt,1.8,g
6247,Barnmat potatis m. nötköttsgryta konserv.,Stearinsyra C18:0,Barnmatsprodukter exkl. välling o gröt,0.2,g
6247,Barnmat potatis m. nötköttsgryta konserv.,Palmitoljesyra C16:1,Barnmatsprodukter exkl. välling o gröt,0.0,g
6247,Barnmat potatis m. nötköttsgryta konserv.,Palmitinsyra C16:0,Barnmatsprodukter exkl. välling o gröt,0.4,g
6247,Barnmat potatis m. nötköttsgryta konserv.,Myristinsyra C14:0,Barnmatsprodukter exkl. välling o gröt,0.0,g
6247,Barnmat potatis m. nötköttsgryta konserv.,Laurinsyra C12:0,Barnmatsprodukter exkl. välling o gröt,0.0,g
6247,Barnmat potatis m. nötköttsgryta konserv.,Betakaroten/β-Karoten,Barnmatsprodukter exkl. välling o gröt,1320.0,µg
6247,Barnmat potatis m. nötköttsgryta konserv.,Avfall (skal etc.),Barnmatsprodukter exkl. välling o gröt,0.0,%
6247,Barnmat potatis m. nötköttsgryta konserv.,Aska,Barnmatsprodukter exkl. välling o gröt,0.5,g
6247,Barnmat potatis m. nötköttsgryta konserv.,Alkohol,Barnmatsprodukter exkl. välling o gröt,0.0,g
6248,Barnmat pastagratäng m. fläskkött konserv.,"Zink, Zn",Barnmatsprodukter exkl. välling o gröt,0.5,mg
6248,Barnmat pastagratäng m. fläskkött konserv.,Vitamin E,Barnmatsprodukter exkl. välling o gröt,0.6,mg
6248,Barnmat pastagratäng m. fläskkött konserv.,Vitamin D inkl 25-OH-D3,Barnmatsprodukter exkl. välling o gröt,0.0,µg
6248,Barnmat pastagratäng m. fläskkött konserv.,Vitamin D,Barnmatsprodukter exkl. välling o gröt,0.0,µg
6248,Barnmat pastagratäng m. fläskkött konserv.,Vitamin C,Barnmatsprodukter exkl. välling o gröt,0.5,mg
6248,Barnmat pastagratäng m. fläskkött konserv.,Vitamin B6,Barnmatsprodukter exkl. välling o gröt,0.07,mg
6248,Barnmat pastagratäng m. fläskkött konserv.,Vitamin B12,Barnmatsprodukter exkl. välling o gröt,0.0,µg
6248,Barnmat pastagratäng m. fläskkött konserv.,Vitamin A,Barnmatsprodukter exkl. välling o gröt,8.6,RE/µg
6248,Barnmat pastagratäng m. fläskkött konserv.,Vatten,Barnmatsprodukter exkl. välling o gröt,82.8,g
6248,Barnmat pastagratäng m. fläskkött konserv.,Tiamin,Barnmatsprodukter exkl. välling o gröt,0.04,mg
6248,Barnmat pastagratäng m. fläskkött konserv.,Tillsatt socker,Barnmatsprodukter exkl. välling o gröt,0.0,g
6248,Barnmat pastagratäng m. fläskkött konserv.,Fritt socker,Barnmatsprodukter exkl. välling o gröt,0.0,g
6248,Barnmat pastagratäng m. fläskkött konserv.,"Selen, Se",Barnmatsprodukter exkl. välling o gröt,0.0,µg
6248,Barnmat pastagratäng m. fläskkött konserv.,Sackaros,Barnmatsprodukter exkl. välling o gröt,0.1,g
6248,Barnmat pastagratäng m. fläskkött konserv.,Riboflavin,Barnmatsprodukter exkl. välling o gröt,0.07,mg
6248,Barnmat pastagratäng m. fläskkött konserv.,Retinol,Barnmatsprodukter exkl. välling o gröt,5.8,µg
6248,Barnmat pastagratäng m. fläskkött konserv.,Protein,Barnmatsprodukter exkl. välling o gröt,6.5,g
6248,Barnmat pastagratäng m. fläskkött konserv.,Summa fleromättade fettsyror,Barnmatsprodukter exkl. välling o gröt,0.5,g
6248,Barnmat pastagratäng m. fläskkött konserv.,"Fosfor, P",Barnmatsprodukter exkl. välling o gröt,82.0,mg
6248,Barnmat pastagratäng m. fläskkött konserv.,Niacinekvivalenter,Barnmatsprodukter exkl. välling o gröt,2.1,NE/mg
6248,Barnmat pastagratäng m. fläskkött konserv.,Niacin,Barnmatsprodukter exkl. välling o gröt,0.94,mg
6248,Barnmat pastagratäng m. fläskkött konserv.,"Salt, NaCl",Barnmatsprodukter exkl. välling o gröt,0.1,g
6248,Barnmat pastagratäng m. fläskkött konserv.,"Natrium, Na",Barnmatsprodukter exkl. välling o gröt,40.0,mg
6248,Barnmat pastagratäng m. fläskkött konserv.,Monosackarider,Barnmatsprodukter exkl. välling o gröt,0.6,g
6248,Barnmat pastagratäng m. fläskkött konserv.,"Sockerarter, totalt",Barnmatsprodukter exkl. välling o gröt,1.7,g
6248,Barnmat pastagratäng m. fläskkött konserv.,Summa enkelomättade fettsyror,Barnmatsprodukter exkl. välling o gröt,1.0,g
6248,Barnmat pastagratäng m. fläskkött konserv.,"Magnesium, Mg",Barnmatsprodukter exkl. välling o gröt,12.0,mg
6248,Barnmat pastagratäng m. fläskkött konserv.,Summa mättade fettsyror,Barnmatsprodukter exkl. välling o gröt,0.9,g
6248,Barnmat pastagratäng m. fläskkött konserv.,"Kolhydrater, tillgängliga",Barnmatsprodukter exkl. välling o gröt,7.6,g
6248,Barnmat pastagratäng m. fläskkött konserv.,Kolesterol,Barnmatsprodukter exkl. välling o gröt,7.6,mg
6248,Barnmat pastagratäng m. fläskkött konserv.,"Kalium, K",Barnmatsprodukter exkl. välling o gröt,140.0,mg
6248,Barnmat pastagratäng m. fläskkött konserv.,"Jod, I",Barnmatsprodukter exkl. välling o gröt,0.0,µg
6248,Barnmat pastagratäng m. fläskkött konserv.,Fullkorn totalt,Barnmatsprodukter exkl. välling o gröt,0.0,g
6248,Barnmat pastagratäng m. fläskkött konserv.,"Folat, totalt",Barnmatsprodukter exkl. välling o gröt,11.5,µg
6248,Barnmat pastagratäng m. fläskkött konserv.,Fibrer,Barnmatsprodukter exkl. välling o gröt,0.0,g
6248,Barnmat pastagratäng m. fläskkött konserv.,"Fett, totalt",Barnmatsprodukter exkl. välling o gröt,2.5,g
6248,Barnmat pastagratäng m. fläskkött konserv.,"Järn, Fe",Barnmatsprodukter exkl. välling o gröt,0.2,mg
6248,Barnmat pastagratäng m. fläskkött konserv.,Energi (kJ),Barnmatsprodukter exkl. välling o gröt,332.0,kJ
6248,Barnmat pastagratäng m. fläskkött konserv.,Energi (kcal),Barnmatsprodukter exkl. välling o gröt,79.0,kcal
6248,Barnmat pastagratäng m. fläskkött konserv.,Disackarider,Barnmatsprodukter exkl. välling o gröt,1.1,g
6248,Barnmat pastagratäng m. fläskkött konserv.,"Kalcium, Ca",Barnmatsprodukter exkl. välling o gröt,69.0,mg
6248,Barnmat pastagratäng m. fläskkött konserv.,Fettsyra 4:0-10:0,Barnmatsprodukter exkl. välling o gröt,0.1,g
6248,Barnmat pastagratäng m. fläskkött konserv.,DHA (C22:6),Barnmatsprodukter exkl. välling o gröt,0.0,g
6248,Barnmat pastagratäng m. fläskkött konserv.,DPA (C22:5),Barnmatsprodukter exkl. välling o gröt,0.0,g
6248,Barnmat pastagratäng m. fläskkött konserv.,EPA (C20:5),Barnmatsprodukter exkl. välling o gröt,0.0,g
6248,Barnmat pastagratäng m. fläskkött konserv.,Arakidonsyra C20:4,Barnmatsprodukter exkl. välling o gröt,0.0,g
6248,Barnmat pastagratäng m. fläskkött konserv.,Arakidinsyra C20:0,Barnmatsprodukter exkl. välling o gröt,0.0,g
6248,Barnmat pastagratäng m. fläskkött konserv.,Linolensyra C18:3,Barnmatsprodukter exkl. välling o gröt,0.1,g
6248,Barnmat pastagratäng m. fläskkött konserv.,Linolsyra C18:2,Barnmatsprodukter exkl. välling o gröt,0.4,g
6248,Barnmat pastagratäng m. fläskkött konserv.,Oljesyra C18:1,Barnmatsprodukter exkl. välling o gröt,0.9,g
6248,Barnmat pastagratäng m. fläskkött konserv.,Stearinsyra C18:0,Barnmatsprodukter exkl. välling o gröt,0.2,g
6248,Barnmat pastagratäng m. fläskkött konserv.,Palmitoljesyra C16:1,Barnmatsprodukter exkl. välling o gröt,0.0,g
6248,Barnmat pastagratäng m. fläskkött konserv.,Palmitinsyra C16:0,Barnmatsprodukter exkl. välling o gröt,0.5,g
6248,Barnmat pastagratäng m. fläskkött konserv.,Myristinsyra C14:0,Barnmatsprodukter exkl. välling o gröt,0.1,g
6248,Barnmat pastagratäng m. fläskkött konserv.,Laurinsyra C12:0,Barnmatsprodukter exkl. välling o gröt,0.0,g
6248,Barnmat pastagratäng m. fläskkött konserv.,Betakaroten/β-Karoten,Barnmatsprodukter exkl. välling o gröt,33.0,µg
6248,Barnmat pastagratäng m. fläskkött konserv.,Avfall (skal etc.),Barnmatsprodukter exkl. välling o gröt,0.0,%
6248,Barnmat pastagratäng m. fläskkött konserv.,Aska,Barnmatsprodukter exkl. välling o gröt,0.6,g
6248,Barnmat pastagratäng m. fläskkött konserv.,Alkohol,Barnmatsprodukter exkl. välling o gröt,0.0,g
6249,Barnmat fiskgryta konserv.,"Zink, Zn",Barnmatsprodukter exkl. välling o gröt,0.2,mg
6249,Barnmat fiskgryta konserv.,Vitamin E,Barnmatsprodukter exkl. välling o gröt,1.0,mg
6249,Barnmat fiskgryta konserv.,Vitamin D,Barnmatsprodukter exkl. välling o gröt,0.4,µg
6249,Barnmat fiskgryta konserv.,Vitamin C,Barnmatsprodukter exkl. välling o gröt,0.1,mg
6249,Barnmat fiskgryta konserv.,Vitamin B6,Barnmatsprodukter exkl. välling o gröt,0.08,mg
6249,Barnmat fiskgryta konserv.,Vitamin B12,Barnmatsprodukter exkl. välling o gröt,0.31,µg
6249,Barnmat fiskgryta konserv.,Vitamin A,Barnmatsprodukter exkl. välling o gröt,165.5,RE/µg
6249,Barnmat fiskgryta konserv.,Vatten,Barnmatsprodukter exkl. välling o gröt,83.1,g
6249,Barnmat fiskgryta konserv.,Tiamin,Barnmatsprodukter exkl. välling o gröt,0.02,mg
6249,Barnmat fiskgryta konserv.,Tillsatt socker,Barnmatsprodukter exkl. välling o gröt,0.0,g
6249,Barnmat fiskgryta konserv.,Fritt socker,Barnmatsprodukter exkl. välling o gröt,0.0,g
6249,Barnmat fiskgryta konserv.,"Selen, Se",Barnmatsprodukter exkl. välling o gröt,0.0,µg
6249,Barnmat fiskgryta konserv.,Sackaros,Barnmatsprodukter exkl. välling o gröt,0.6,g
6249,Barnmat fiskgryta konserv.,Riboflavin,Barnmatsprodukter exkl. välling o gröt,0.04,mg
6249,Barnmat fiskgryta konserv.,Retinol,Barnmatsprodukter exkl. välling o gröt,0.0,µg
6249,Barnmat fiskgryta konserv.,Protein,Barnmatsprodukter exkl. välling o gröt,3.4,g
6249,Barnmat fiskgryta konserv.,Summa fleromättade fettsyror,Barnmatsprodukter exkl. välling o gröt,1.0,g
6249,Barnmat fiskgryta konserv.,"Fosfor, P",Barnmatsprodukter exkl. välling o gröt,47.0,mg
6249,Barnmat fiskgryta konserv.,Niacinekvivalenter,Barnmatsprodukter exkl. välling o gröt,1.4,NE/mg
6249,Barnmat fiskgryta konserv.,Niacin,Barnmatsprodukter exkl. välling o gröt,0.79,mg
6249,Barnmat fiskgryta konserv.,"Salt, NaCl",Barnmatsprodukter exkl. välling o gröt,0.1,g
6249,Barnmat fiskgryta konserv.,"Natrium, Na",Barnmatsprodukter exkl. välling o gröt,33.0,mg
6249,Barnmat fiskgryta konserv.,Monosackarider,Barnmatsprodukter exkl. välling o gröt,0.6,g
6249,Barnmat fiskgryta konserv.,"Sockerarter, totalt",Barnmatsprodukter exkl. välling o gröt,1.5,g
6249,Barnmat fiskgryta konserv.,Summa enkelomättade fettsyror,Barnmatsprodukter exkl. välling o gröt,1.7,g
6249,Barnmat fiskgryta konserv.,"Magnesium, Mg",Barnmatsprodukter exkl. välling o gröt,11.0,mg
6249,Barnmat fiskgryta konserv.,Summa mättade fettsyror,Barnmatsprodukter exkl. välling o gröt,0.5,g
6249,Barnmat fiskgryta konserv.,"Kolhydrater, tillgängliga",Barnmatsprodukter exkl. välling o gröt,8.4,g
6249,Barnmat fiskgryta konserv.,Kolesterol,Barnmatsprodukter exkl. välling o gröt,5.9,mg
6249,Barnmat fiskgryta konserv.,"Kalium, K",Barnmatsprodukter exkl. välling o gröt,140.0,mg
6249,Barnmat fiskgryta konserv.,"Jod, I",Barnmatsprodukter exkl. välling o gröt,0.0,µg
6249,Barnmat fiskgryta konserv.,Fullkorn totalt,Barnmatsprodukter exkl. välling o gröt,0.0,g
6249,Barnmat fiskgryta konserv.,"Folat, totalt",Barnmatsprodukter exkl. välling o gröt,12.7,µg
6249,Barnmat fiskgryta konserv.,Fibrer,Barnmatsprodukter exkl. välling o gröt,1.3,g
6249,Barnmat fiskgryta konserv.,"Fett, totalt",Barnmatsprodukter exkl. välling o gröt,3.3,g
6249,Barnmat fiskgryta konserv.,"Järn, Fe",Barnmatsprodukter exkl. välling o gröt,0.2,mg
6249,Barnmat fiskgryta konserv.,Energi (kJ),Barnmatsprodukter exkl. välling o gröt,333.0,kJ
6249,Barnmat fiskgryta konserv.,Energi (kcal),Barnmatsprodukter exkl. välling o gröt,80.0,kcal
6249,Barnmat fiskgryta konserv.,Disackarider,Barnmatsprodukter exkl. välling o gröt,0.9,g
6249,Barnmat fiskgryta konserv.,"Kalcium, Ca",Barnmatsprodukter exkl. välling o gröt,24.0,mg
6249,Barnmat fiskgryta konserv.,Fettsyra 4:0-10:0,Barnmatsprodukter exkl. välling o gröt,0.0,g
6249,Barnmat fiskgryta konserv.,DHA (C22:6),Barnmatsprodukter exkl. välling o gröt,0.0,g
6249,Barnmat fiskgryta konserv.,DPA (C22:5),Barnmatsprodukter exkl. välling o gröt,0.0,g
6249,Barnmat fiskgryta konserv.,EPA (C20:5),Barnmatsprodukter exkl. välling o gröt,0.0,g
6249,Barnmat fiskgryta konserv.,Arakidonsyra C20:4,Barnmatsprodukter exkl. välling o gröt,0.0,g
6249,Barnmat fiskgryta konserv.,Arakidinsyra C20:0,Barnmatsprodukter exkl. välling o gröt,0.0,g
6249,Barnmat fiskgryta konserv.,Linolensyra C18:3,Barnmatsprodukter exkl. välling o gröt,0.2,g
6249,Barnmat fiskgryta konserv.,Linolsyra C18:2,Barnmatsprodukter exkl. välling o gröt,0.7,g
6249,Barnmat fiskgryta konserv.,Oljesyra C18:1,Barnmatsprodukter exkl. välling o gröt,1.6,g
6249,Barnmat fiskgryta konserv.,Stearinsyra C18:0,Barnmatsprodukter exkl. välling o gröt,0.1,g
6249,Barnmat fiskgryta konserv.,Palmitoljesyra C16:1,Barnmatsprodukter exkl. välling o gröt,0.0,g
6249,Barnmat fiskgryta konserv.,Palmitinsyra C16:0,Barnmatsprodukter exkl. välling o gröt,0.3,g
6249,Barnmat fiskgryta konserv.,Myristinsyra C14:0,Barnmatsprodukter exkl. välling o gröt,0.0,g
6249,Barnmat fiskgryta konserv.,Laurinsyra C12:0,Barnmatsprodukter exkl. välling o gröt,0.0,g
6249,Barnmat fiskgryta konserv.,Betakaroten/β-Karoten,Barnmatsprodukter exkl. välling o gröt,1560.0,µg
6249,Barnmat fiskgryta konserv.,Avfall (skal etc.),Barnmatsprodukter exkl. välling o gröt,0.0,%
6249,Barnmat fiskgryta konserv.,Aska,Barnmatsprodukter exkl. välling o gröt,0.5,g
6249,Barnmat fiskgryta konserv.,Alkohol,Barnmatsprodukter exkl. välling o gröt,0.0,g
6251,Barnmat lasagne pastagratäng veg. m. grönsaker konserv.,"Zink, Zn",Barnmatsprodukter exkl. välling o gröt,0.4,mg
6251,Barnmat lasagne pastagratäng veg. m. grönsaker konserv.,Vitamin E,Barnmatsprodukter exkl. välling o gröt,1.0,mg
6251,Barnmat lasagne pastagratäng veg. m. grönsaker konserv.,Vitamin D inkl 25-OH-D3,Barnmatsprodukter exkl. välling o gröt,0.0,µg
6251,Barnmat lasagne pastagratäng veg. m. grönsaker konserv.,Vitamin D,Barnmatsprodukter exkl. välling o gröt,0.0,µg
6251,Barnmat lasagne pastagratäng veg. m. grönsaker konserv.,Vitamin C,Barnmatsprodukter exkl. välling o gröt,0.0,mg
6251,Barnmat lasagne pastagratäng veg. m. grönsaker konserv.,Vitamin B6,Barnmatsprodukter exkl. välling o gröt,0.04,mg
6251,Barnmat lasagne pastagratäng veg. m. grönsaker konserv.,Vitamin B12,Barnmatsprodukter exkl. välling o gröt,0.0,µg
6251,Barnmat lasagne pastagratäng veg. m. grönsaker konserv.,Vitamin A,Barnmatsprodukter exkl. välling o gröt,142.2,RE/µg
6251,Barnmat lasagne pastagratäng veg. m. grönsaker konserv.,Vatten,Barnmatsprodukter exkl. välling o gröt,80.8,g
6251,Barnmat lasagne pastagratäng veg. m. grönsaker konserv.,Tiamin,Barnmatsprodukter exkl. välling o gröt,0.02,mg
6251,Barnmat lasagne pastagratäng veg. m. grönsaker konserv.,Tillsatt socker,Barnmatsprodukter exkl. välling o gröt,0.0,g
6251,Barnmat lasagne pastagratäng veg. m. grönsaker konserv.,Fritt socker,Barnmatsprodukter exkl. välling o gröt,0.0,g
6251,Barnmat lasagne pastagratäng veg. m. grönsaker konserv.,"Selen, Se",Barnmatsprodukter exkl. välling o gröt,0.0,µg
6251,Barnmat lasagne pastagratäng veg. m. grönsaker konserv.,Sackaros,Barnmatsprodukter exkl. välling o gröt,0.8,g
6251,Barnmat lasagne pastagratäng veg. m. grönsaker konserv.,Riboflavin,Barnmatsprodukter exkl. välling o gröt,0.09,mg
6251,Barnmat lasagne pastagratäng veg. m. grönsaker konserv.,Retinol,Barnmatsprodukter exkl. välling o gröt,5.1,µg
6251,Barnmat lasagne pastagratäng veg. m. grönsaker konserv.,Protein,Barnmatsprodukter exkl. välling o gröt,3.4,g
6251,Barnmat lasagne pastagratäng veg. m. grönsaker konserv.,Summa fleromättade fettsyror,Barnmatsprodukter exkl. välling o gröt,0.8,g
6251,Barnmat lasagne pastagratäng veg. m. grönsaker konserv.,"Fosfor, P",Barnmatsprodukter exkl. välling o gröt,72.0,mg
6251,Barnmat lasagne pastagratäng veg. m. grönsaker konserv.,Niacinekvivalenter,Barnmatsprodukter exkl. välling o gröt,1.3,NE/mg
6251,Barnmat lasagne pastagratäng veg. m. grönsaker konserv.,Niacin,Barnmatsprodukter exkl. välling o gröt,0.55,mg
6251,Barnmat lasagne pastagratäng veg. m. grönsaker konserv.,"Salt, NaCl",Barnmatsprodukter exkl. välling o gröt,0.2,g
6251,Barnmat lasagne pastagratäng veg. m. grönsaker konserv.,"Natrium, Na",Barnmatsprodukter exkl. välling o gröt,71.0,mg
6251,Barnmat lasagne pastagratäng veg. m. grönsaker konserv.,Monosackarider,Barnmatsprodukter exkl. välling o gröt,0.9,g
6251,Barnmat lasagne pastagratäng veg. m. grönsaker konserv.,"Sockerarter, totalt",Barnmatsprodukter exkl. välling o gröt,3.2,g
6251,Barnmat lasagne pastagratäng veg. m. grönsaker konserv.,Summa enkelomättade fettsyror,Barnmatsprodukter exkl. välling o gröt,1.4,g
6251,Barnmat lasagne pastagratäng veg. m. grönsaker konserv.,"Magnesium, Mg",Barnmatsprodukter exkl. välling o gröt,15.0,mg
6251,Barnmat lasagne pastagratäng veg. m. grönsaker konserv.,Summa mättade fettsyror,Barnmatsprodukter exkl. välling o gröt,0.8,g
6251,Barnmat lasagne pastagratäng veg. m. grönsaker konserv.,"Kolhydrater, tillgängliga",Barnmatsprodukter exkl. välling o gröt,9.7,g
6251,Barnmat lasagne pastagratäng veg. m. grönsaker konserv.,Kolesterol,Barnmatsprodukter exkl. välling o gröt,6.0,mg
6251,Barnmat lasagne pastagratäng veg. m. grönsaker konserv.,"Kalium, K",Barnmatsprodukter exkl. välling o gröt,160.0,mg
6251,Barnmat lasagne pastagratäng veg. m. grönsaker konserv.,"Jod, I",Barnmatsprodukter exkl. välling o gröt,0.0,µg
6251,Barnmat lasagne pastagratäng veg. m. grönsaker konserv.,Fullkorn totalt,Barnmatsprodukter exkl. välling o gröt,6.0,g
6251,Barnmat lasagne pastagratäng veg. m. grönsaker konserv.,"Folat, totalt",Barnmatsprodukter exkl. välling o gröt,9.5,µg
6251,Barnmat lasagne pastagratäng veg. m. grönsaker konserv.,Fibrer,Barnmatsprodukter exkl. välling o gröt,2.2,g
6251,Barnmat lasagne pastagratäng veg. m. grönsaker konserv.,"Fett, totalt",Barnmatsprodukter exkl. välling o gröt,3.2,g
6251,Barnmat lasagne pastagratäng veg. m. grönsaker konserv.,"Järn, Fe",Barnmatsprodukter exkl. välling o gröt,0.3,mg
6251,Barnmat lasagne pastagratäng veg. m. grönsaker konserv.,Energi (kJ),Barnmatsprodukter exkl. välling o gröt,358.0,kJ
6251,Barnmat lasagne pastagratäng veg. m. grönsaker konserv.,Energi (kcal),Barnmatsprodukter exkl. välling o gröt,86.0,kcal
6251,Barnmat lasagne pastagratäng veg. m. grönsaker konserv.,Disackarider,Barnmatsprodukter exkl. välling o gröt,2.3,g
6251,Barnmat lasagne pastagratäng veg. m. grönsaker konserv.,"Kalcium, Ca",Barnmatsprodukter exkl. välling o gröt,70.0,mg
6251,Barnmat lasagne pastagratäng veg. m. grönsaker konserv.,Fettsyra 4:0-10:0,Barnmatsprodukter exkl. välling o gröt,0.1,g
6251,Barnmat lasagne pastagratäng veg. m. grönsaker konserv.,DHA (C22:6),Barnmatsprodukter exkl. välling o gröt,0.0,g
6251,Barnmat lasagne pastagratäng veg. m. grönsaker konserv.,DPA (C22:5),Barnmatsprodukter exkl. välling o gröt,0.0,g
6251,Barnmat lasagne pastagratäng veg. m. grönsaker konserv.,EPA (C20:5),Barnmatsprodukter exkl. välling o gröt,0.0,g
6251,Barnmat lasagne pastagratäng veg. m. grönsaker konserv.,Arakidonsyra C20:4,Barnmatsprodukter exkl. välling o gröt,0.0,g
6251,Barnmat lasagne pastagratäng veg. m. grönsaker konserv.,Arakidinsyra C20:0,Barnmatsprodukter exkl. välling o gröt,0.0,g
6251,Barnmat lasagne pastagratäng veg. m. grönsaker konserv.,Linolensyra C18:3,Barnmatsprodukter exkl. välling o gröt,0.2,g
6251,Barnmat lasagne pastagratäng veg. m. grönsaker konserv.,Linolsyra C18:2,Barnmatsprodukter exkl. välling o gröt,0.6,g
6251,Barnmat lasagne pastagratäng veg. m. grönsaker konserv.,Oljesyra C18:1,Barnmatsprodukter exkl. välling o gröt,1.4,g
6251,Barnmat lasagne pastagratäng veg. m. grönsaker konserv.,Stearinsyra C18:0,Barnmatsprodukter exkl. välling o gröt,0.1,g
6251,Barnmat lasagne pastagratäng veg. m. grönsaker konserv.,Palmitoljesyra C16:1,Barnmatsprodukter exkl. välling o gröt,0.0,g
6251,Barnmat lasagne pastagratäng veg. m. grönsaker konserv.,Palmitinsyra C16:0,Barnmatsprodukter exkl. välling o gröt,0.4,g
6251,Barnmat lasagne pastagratäng veg. m. grönsaker konserv.,Myristinsyra C14:0,Barnmatsprodukter exkl. välling o gröt,0.1,g
6251,Barnmat lasagne pastagratäng veg. m. grönsaker konserv.,Laurinsyra C12:0,Barnmatsprodukter exkl. välling o gröt,0.0,g
6251,Barnmat lasagne pastagratäng veg. m. grönsaker konserv.,Betakaroten/β-Karoten,Barnmatsprodukter exkl. välling o gröt,1290.0,µg
6251,Barnmat lasagne pastagratäng veg. m. grönsaker konserv.,Avfall (skal etc.),Barnmatsprodukter exkl. välling o gröt,0.0,%
6251,Barnmat lasagne pastagratäng veg. m. grönsaker konserv.,Aska,Barnmatsprodukter exkl. välling o gröt,0.7,g
6251,Barnmat lasagne pastagratäng veg. m. grönsaker konserv.,Alkohol,Barnmatsprodukter exkl. välling o gröt,0.0,g
6252,Barnmat frukt bär m. yoghurt konserv.,"Zink, Zn",Barnmatsprodukter exkl. välling o gröt,0.2,mg
6252,Barnmat frukt bär m. yoghurt konserv.,Vitamin E,Barnmatsprodukter exkl. välling o gröt,0.2,mg
6252,Barnmat frukt bär m. yoghurt konserv.,Vitamin D inkl 25-OH-D3,Barnmatsprodukter exkl. välling o gröt,0.0,µg
6252,Barnmat frukt bär m. yoghurt konserv.,Vitamin D,Barnmatsprodukter exkl. välling o gröt,0.0,µg
6252,Barnmat frukt bär m. yoghurt konserv.,Vitamin C,Barnmatsprodukter exkl. välling o gröt,3.3,mg
6252,Barnmat frukt bär m. yoghurt konserv.,Vitamin B6,Barnmatsprodukter exkl. välling o gröt,0.04,mg
6252,Barnmat frukt bär m. yoghurt konserv.,Vitamin B12,Barnmatsprodukter exkl. välling o gröt,0.0,µg
6252,Barnmat frukt bär m. yoghurt konserv.,Vitamin A,Barnmatsprodukter exkl. välling o gröt,6.8,RE/µg
6252,Barnmat frukt bär m. yoghurt konserv.,Vatten,Barnmatsprodukter exkl. välling o gröt,81.5,g
6252,Barnmat frukt bär m. yoghurt konserv.,Tiamin,Barnmatsprodukter exkl. välling o gröt,0.02,mg
6252,Barnmat frukt bär m. yoghurt konserv.,Tillsatt socker,Barnmatsprodukter exkl. välling o gröt,0.0,g
6252,Barnmat frukt bär m. yoghurt konserv.,Fritt socker,Barnmatsprodukter exkl. välling o gröt,3.0,g
6252,Barnmat frukt bär m. yoghurt konserv.,"Selen, Se",Barnmatsprodukter exkl. välling o gröt,0.0,µg
6252,Barnmat frukt bär m. yoghurt konserv.,Sackaros,Barnmatsprodukter exkl. välling o gröt,1.2,g
6252,Barnmat frukt bär m. yoghurt konserv.,Riboflavin,Barnmatsprodukter exkl. välling o gröt,0.06,mg
6252,Barnmat frukt bär m. yoghurt konserv.,Retinol,Barnmatsprodukter exkl. välling o gröt,5.5,µg
6252,Barnmat frukt bär m. yoghurt konserv.,Protein,Barnmatsprodukter exkl. välling o gröt,1.8,g
6252,Barnmat frukt bär m. yoghurt konserv.,Summa fleromättade fettsyror,Barnmatsprodukter exkl. välling o gröt,0.1,g
6252,Barnmat frukt bär m. yoghurt konserv.,"Fosfor, P",Barnmatsprodukter exkl. välling o gröt,41.0,mg
6252,Barnmat frukt bär m. yoghurt konserv.,Niacinekvivalenter,Barnmatsprodukter exkl. välling o gröt,0.6,NE/mg
6252,Barnmat frukt bär m. yoghurt konserv.,Niacin,Barnmatsprodukter exkl. välling o gröt,0.2,mg
6252,Barnmat frukt bär m. yoghurt konserv.,"Salt, NaCl",Barnmatsprodukter exkl. välling o gröt,0.0,g
6252,Barnmat frukt bär m. yoghurt konserv.,"Natrium, Na",Barnmatsprodukter exkl. välling o gröt,18.0,mg
6252,Barnmat frukt bär m. yoghurt konserv.,Monosackarider,Barnmatsprodukter exkl. välling o gröt,5.4,g
6252,Barnmat frukt bär m. yoghurt konserv.,"Sockerarter, totalt",Barnmatsprodukter exkl. välling o gröt,7.3,g
6252,Barnmat frukt bär m. yoghurt konserv.,Summa enkelomättade fettsyror,Barnmatsprodukter exkl. välling o gröt,0.3,g
6252,Barnmat frukt bär m. yoghurt konserv.,"Magnesium, Mg",Barnmatsprodukter exkl. välling o gröt,10.0,mg
6252,Barnmat frukt bär m. yoghurt konserv.,Summa mättade fettsyror,Barnmatsprodukter exkl. välling o gröt,0.8,g
6252,Barnmat frukt bär m. yoghurt konserv.,"Kolhydrater, tillgängliga",Barnmatsprodukter exkl. välling o gröt,13.9,g
6252,Barnmat frukt bär m. yoghurt konserv.,Kolesterol,Barnmatsprodukter exkl. välling o gröt,3.1,mg
6252,Barnmat frukt bär m. yoghurt konserv.,"Kalium, K",Barnmatsprodukter exkl. välling o gröt,120.0,mg
6252,Barnmat frukt bär m. yoghurt konserv.,"Jod, I",Barnmatsprodukter exkl. välling o gröt,0.0,µg
6252,Barnmat frukt bär m. yoghurt konserv.,Fullkorn totalt,Barnmatsprodukter exkl. välling o gröt,0.0,g
6252,Barnmat frukt bär m. yoghurt konserv.,"Folat, totalt",Barnmatsprodukter exkl. välling o gröt,11.2,µg
6252,Barnmat frukt bär m. yoghurt konserv.,Fibrer,Barnmatsprodukter exkl. välling o gröt,1.2,g
6252,Barnmat frukt bär m. yoghurt konserv.,"Fett, totalt",Barnmatsprodukter exkl. välling o gröt,1.2,g
6252,Barnmat frukt bär m. yoghurt konserv.,"Järn, Fe",Barnmatsprodukter exkl. välling o gröt,0.6,mg
6252,Barnmat frukt bär m. yoghurt konserv.,Energi (kJ),Barnmatsprodukter exkl. välling o gröt,322.0,kJ
6252,Barnmat frukt bär m. yoghurt konserv.,Energi (kcal),Barnmatsprodukter exkl. välling o gröt,77.0,kcal
6252,Barnmat frukt bär m. yoghurt konserv.,Disackarider,Barnmatsprodukter exkl. välling o gröt,1.9,g
6252,Barnmat frukt bär m. yoghurt konserv.,"Kalcium, Ca",Barnmatsprodukter exkl. välling o gröt,47.0,mg
6252,Barnmat frukt bär m. yoghurt konserv.,Fettsyra 4:0-10:0,Barnmatsprodukter exkl. välling o gröt,0.1,g
6252,Barnmat frukt bär m. yoghurt konserv.,DHA (C22:6),Barnmatsprodukter exkl. välling o gröt,0.0,g
6252,Barnmat frukt bär m. yoghurt konserv.,DPA (C22:5),Barnmatsprodukter exkl. välling o gröt,0.0,g
6252,Barnmat frukt bär m. yoghurt konserv.,EPA (C20:5),Barnmatsprodukter exkl. välling o gröt,0.0,g
6252,Barnmat frukt bär m. yoghurt konserv.,Arakidonsyra C20:4,Barnmatsprodukter exkl. välling o gröt,0.0,g
6252,Barnmat frukt bär m. yoghurt konserv.,Arakidinsyra C20:0,Barnmatsprodukter exkl. välling o gröt,0.0,g
6252,Barnmat frukt bär m. yoghurt konserv.,Linolensyra C18:3,Barnmatsprodukter exkl. välling o gröt,0.0,g
6252,Barnmat frukt bär m. yoghurt konserv.,Linolsyra C18:2,Barnmatsprodukter exkl. välling o gröt,0.1,g
6252,Barnmat frukt bär m. yoghurt konserv.,Oljesyra C18:1,Barnmatsprodukter exkl. välling o gröt,0.2,g
6252,Barnmat frukt bär m. yoghurt konserv.,Stearinsyra C18:0,Barnmatsprodukter exkl. välling o gröt,0.1,g
6252,Barnmat frukt bär m. yoghurt konserv.,Palmitoljesyra C16:1,Barnmatsprodukter exkl. välling o gröt,0.0,g
6252,Barnmat frukt bär m. yoghurt konserv.,Palmitinsyra C16:0,Barnmatsprodukter exkl. välling o gröt,0.4,g
6252,Barnmat frukt bär m. yoghurt konserv.,Myristinsyra C14:0,Barnmatsprodukter exkl. välling o gröt,0.1,g
6252,Barnmat frukt bär m. yoghurt konserv.,Laurinsyra C12:0,Barnmatsprodukter exkl. välling o gröt,0.0,g
6252,Barnmat frukt bär m. yoghurt konserv.,Betakaroten/β-Karoten,Barnmatsprodukter exkl. välling o gröt,11.0,µg
6252,Barnmat frukt bär m. yoghurt konserv.,Avfall (skal etc.),Barnmatsprodukter exkl. välling o gröt,0.0,%
6252,Barnmat frukt bär m. yoghurt konserv.,Aska,Barnmatsprodukter exkl. välling o gröt,0.4,g
6252,Barnmat frukt bär m. yoghurt konserv.,Alkohol,Barnmatsprodukter exkl. välling o gröt,0.0,g
6253,Barnmat frukt bär m. yoghurt konserv. berikad,"Zink, Zn",Barnmatsprodukter exkl. välling o gröt,0.2,mg
6253,Barnmat frukt bär m. yoghurt konserv. berikad,Vitamin E,Barnmatsprodukter exkl. välling o gröt,0.2,mg
6253,Barnmat frukt bär m. yoghurt konserv. berikad,Vitamin D inkl 25-OH-D3,Barnmatsprodukter exkl. välling o gröt,0.0,µg
6253,Barnmat frukt bär m. yoghurt konserv. berikad,Vitamin D,Barnmatsprodukter exkl. välling o gröt,0.0,µg
6253,Barnmat frukt bär m. yoghurt konserv. berikad,Vitamin C,Barnmatsprodukter exkl. välling o gröt,35.0,mg
6253,Barnmat frukt bär m. yoghurt konserv. berikad,Vitamin B6,Barnmatsprodukter exkl. välling o gröt,0.0,mg
6253,Barnmat frukt bär m. yoghurt konserv. berikad,Vitamin B12,Barnmatsprodukter exkl. välling o gröt,0.0,µg
6253,Barnmat frukt bär m. yoghurt konserv. berikad,Vitamin A,Barnmatsprodukter exkl. välling o gröt,1.1,RE/µg
6253,Barnmat frukt bär m. yoghurt konserv. berikad,Vatten,Barnmatsprodukter exkl. välling o gröt,81.5,g
6253,Barnmat frukt bär m. yoghurt konserv. berikad,Tiamin,Barnmatsprodukter exkl. välling o gröt,0.02,mg
6253,Barnmat frukt bär m. yoghurt konserv. berikad,Tillsatt socker,Barnmatsprodukter exkl. välling o gröt,0.0,g
6253,Barnmat frukt bär m. yoghurt konserv. berikad,Fritt socker,Barnmatsprodukter exkl. välling o gröt,3.0,g
6253,Barnmat frukt bär m. yoghurt konserv. berikad,"Selen, Se",Barnmatsprodukter exkl. välling o gröt,0.0,µg
6253,Barnmat frukt bär m. yoghurt konserv. berikad,Sackaros,Barnmatsprodukter exkl. välling o gröt,1.2,g
6253,Barnmat frukt bär m. yoghurt konserv. berikad,Riboflavin,Barnmatsprodukter exkl. välling o gröt,0.06,mg
6253,Barnmat frukt bär m. yoghurt konserv. berikad,Retinol,Barnmatsprodukter exkl. välling o gröt,0.0,µg
6253,Barnmat frukt bär m. yoghurt konserv. berikad,Protein,Barnmatsprodukter exkl. välling o gröt,1.8,g
6253,Barnmat frukt bär m. yoghurt konserv. berikad,Summa fleromättade fettsyror,Barnmatsprodukter exkl. välling o gröt,0.1,g
6253,Barnmat frukt bär m. yoghurt konserv. berikad,"Fosfor, P",Barnmatsprodukter exkl. välling o gröt,41.0,mg
6253,Barnmat frukt bär m. yoghurt konserv. berikad,Niacinekvivalenter,Barnmatsprodukter exkl. välling o gröt,0.6,NE/mg
6253,Barnmat frukt bär m. yoghurt konserv. berikad,Niacin,Barnmatsprodukter exkl. välling o gröt,0.2,mg
6253,Barnmat frukt bär m. yoghurt konserv. berikad,"Salt, NaCl",Barnmatsprodukter exkl. välling o gröt,0.0,g
6253,Barnmat frukt bär m. yoghurt konserv. berikad,"Natrium, Na",Barnmatsprodukter exkl. välling o gröt,18.0,mg
6253,Barnmat frukt bär m. yoghurt konserv. berikad,Monosackarider,Barnmatsprodukter exkl. välling o gröt,5.4,g
6253,Barnmat frukt bär m. yoghurt konserv. berikad,"Sockerarter, totalt",Barnmatsprodukter exkl. välling o gröt,7.3,g
6253,Barnmat frukt bär m. yoghurt konserv. berikad,Summa enkelomättade fettsyror,Barnmatsprodukter exkl. välling o gröt,0.3,g
6253,Barnmat frukt bär m. yoghurt konserv. berikad,"Magnesium, Mg",Barnmatsprodukter exkl. välling o gröt,10.0,mg
6253,Barnmat frukt bär m. yoghurt konserv. berikad,Summa mättade fettsyror,Barnmatsprodukter exkl. välling o gröt,0.8,g
6253,Barnmat frukt bär m. yoghurt konserv. berikad,"Kolhydrater, tillgängliga",Barnmatsprodukter exkl. välling o gröt,13.9,g
6253,Barnmat frukt bär m. yoghurt konserv. berikad,Kolesterol,Barnmatsprodukter exkl. välling o gröt,3.1,mg
6253,Barnmat frukt bär m. yoghurt konserv. berikad,"Kalium, K",Barnmatsprodukter exkl. välling o gröt,120.0,mg
6253,Barnmat frukt bär m. yoghurt konserv. berikad,"Jod, I",Barnmatsprodukter exkl. välling o gröt,0.0,µg
6253,Barnmat frukt bär m. yoghurt konserv. berikad,Fullkorn totalt,Barnmatsprodukter exkl. välling o gröt,0.0,g
6253,Barnmat frukt bär m. yoghurt konserv. berikad,"Folat, totalt",Barnmatsprodukter exkl. välling o gröt,11.2,µg
6253,Barnmat frukt bär m. yoghurt konserv. berikad,Fibrer,Barnmatsprodukter exkl. välling o gröt,1.2,g
6253,Barnmat frukt bär m. yoghurt konserv. berikad,"Fett, totalt",Barnmatsprodukter exkl. välling o gröt,1.2,g
6253,Barnmat frukt bär m. yoghurt konserv. berikad,"Järn, Fe",Barnmatsprodukter exkl. välling o gröt,0.6,mg
6253,Barnmat frukt bär m. yoghurt konserv. berikad,Energi (kJ),Barnmatsprodukter exkl. välling o gröt,322.0,kJ
6253,Barnmat frukt bär m. yoghurt konserv. berikad,Energi (kcal),Barnmatsprodukter exkl. välling o gröt,77.0,kcal
6253,Barnmat frukt bär m. yoghurt konserv. berikad,Disackarider,Barnmatsprodukter exkl. välling o gröt,1.9,g
6253,Barnmat frukt bär m. yoghurt konserv. berikad,"Kalcium, Ca",Barnmatsprodukter exkl. välling o gröt,47.0,mg
6253,Barnmat frukt bär m. yoghurt konserv. berikad,Fettsyra 4:0-10:0,Barnmatsprodukter exkl. välling o gröt,0.1,g
6253,Barnmat frukt bär m. yoghurt konserv. berikad,DHA (C22:6),Barnmatsprodukter exkl. välling o gröt,0.0,g
6253,Barnmat frukt bär m. yoghurt konserv. berikad,DPA (C22:5),Barnmatsprodukter exkl. välling o gröt,0.0,g
6253,Barnmat frukt bär m. yoghurt konserv. berikad,EPA (C20:5),Barnmatsprodukter exkl. välling o gröt,0.0,g
6253,Barnmat frukt bär m. yoghurt konserv. berikad,Arakidonsyra C20:4,Barnmatsprodukter exkl. välling o gröt,0.0,g
6253,Barnmat frukt bär m. yoghurt konserv. berikad,Arakidinsyra C20:0,Barnmatsprodukter exkl. välling o gröt,0.0,g
6253,Barnmat frukt bär m. yoghurt konserv. berikad,Linolensyra C18:3,Barnmatsprodukter exkl. välling o gröt,0.0,g
6253,Barnmat frukt bär m. yoghurt konserv. berikad,Linolsyra C18:2,Barnmatsprodukter exkl. välling o gröt,0.1,g
6253,Barnmat frukt bär m. yoghurt konserv. berikad,Oljesyra C18:1,Barnmatsprodukter exkl. välling o gröt,0.2,g
6253,Barnmat frukt bär m. yoghurt konserv. berikad,Stearinsyra C18:0,Barnmatsprodukter exkl. välling o gröt,0.1,g
6253,Barnmat frukt bär m. yoghurt konserv. berikad,Palmitoljesyra C16:1,Barnmatsprodukter exkl. välling o gröt,0.0,g
6253,Barnmat frukt bär m. yoghurt konserv. berikad,Palmitinsyra C16:0,Barnmatsprodukter exkl. välling o gröt,0.4,g
6253,Barnmat frukt bär m. yoghurt konserv. berikad,Myristinsyra C14:0,Barnmatsprodukter exkl. välling o gröt,0.1,g
6253,Barnmat frukt bär m. yoghurt konserv. berikad,Laurinsyra C12:0,Barnmatsprodukter exkl. välling o gröt,0.0,g
6253,Barnmat frukt bär m. yoghurt konserv. berikad,Betakaroten/β-Karoten,Barnmatsprodukter exkl. välling o gröt,11.0,µg
6253,Barnmat frukt bär m. yoghurt konserv. berikad,Avfall (skal etc.),Barnmatsprodukter exkl. välling o gröt,0.0,%
6253,Barnmat frukt bär m. yoghurt konserv. berikad,Aska,Barnmatsprodukter exkl. välling o gröt,0.4,g
6253,Barnmat frukt bär m. yoghurt konserv. berikad,Alkohol,Barnmatsprodukter exkl. välling o gröt,0.0,g
6254,Fruktstång fruktgodis,"Zink, Zn",Godis choklad tuggummi,0.4,mg
6254,Fruktstång fruktgodis,Vitamin E,Godis choklad tuggummi,1.3,mg
6254,Fruktstång fruktgodis,Vitamin D inkl 25-OH-D3,Godis choklad tuggummi,0.0,µg
6254,Fruktstång fruktgodis,Vitamin D,Godis choklad tuggummi,0.0,µg
6254,Fruktstång fruktgodis,Vitamin C,Godis choklad tuggummi,0.2,mg
6254,Fruktstång fruktgodis,Vitamin B6,Godis choklad tuggummi,0.16,mg
6254,Fruktstång fruktgodis,Vitamin B12,Godis choklad tuggummi,0.0,µg
6254,Fruktstång fruktgodis,Vitamin A,Godis choklad tuggummi,1.5,RE/µg
6254,Fruktstång fruktgodis,Vatten,Godis choklad tuggummi,10.0,g
6254,Fruktstång fruktgodis,Tiamin,Godis choklad tuggummi,0.04,mg
6254,Fruktstång fruktgodis,Tillsatt socker,Godis choklad tuggummi,0.0,g
6254,Fruktstång fruktgodis,Fritt socker,Godis choklad tuggummi,54.0,g
6254,Fruktstång fruktgodis,"Selen, Se",Godis choklad tuggummi,0.0,µg
6254,Fruktstång fruktgodis,Sackaros,Godis choklad tuggummi,8.4,g
6254,Fruktstång fruktgodis,Riboflavin,Godis choklad tuggummi,0.0,mg
6254,Fruktstång fruktgodis,Retinol,Godis choklad tuggummi,0.0,µg
6254,Fruktstång fruktgodis,Protein,Godis choklad tuggummi,2.1,g
6254,Fruktstång fruktgodis,Summa fleromättade fettsyror,Godis choklad tuggummi,1.8,g
6254,Fruktstång fruktgodis,"Fosfor, P",Godis choklad tuggummi,76.0,mg
6254,Fruktstång fruktgodis,Niacinekvivalenter,Godis choklad tuggummi,5.2,NE/mg
6254,Fruktstång fruktgodis,Niacin,Godis choklad tuggummi,4.82,mg
6254,Fruktstång fruktgodis,"Salt, NaCl",Godis choklad tuggummi,0.0,g
6254,Fruktstång fruktgodis,"Natrium, Na",Godis choklad tuggummi,15.0,mg
6254,Fruktstång fruktgodis,Monosackarider,Godis choklad tuggummi,47.7,g
6254,Fruktstång fruktgodis,"Sockerarter, totalt",Godis choklad tuggummi,56.5,g
6254,Fruktstång fruktgodis,Summa enkelomättade fettsyror,Godis choklad tuggummi,3.2,g
6254,Fruktstång fruktgodis,"Magnesium, Mg",Godis choklad tuggummi,37.0,mg
6254,Fruktstång fruktgodis,Summa mättade fettsyror,Godis choklad tuggummi,0.5,g
6254,Fruktstång fruktgodis,"Kolhydrater, tillgängliga",Godis choklad tuggummi,75.8,g
6254,Fruktstång fruktgodis,Kolesterol,Godis choklad tuggummi,0.0,mg
6254,Fruktstång fruktgodis,"Kalium, K",Godis choklad tuggummi,640.0,mg
6254,Fruktstång fruktgodis,"Jod, I",Godis choklad tuggummi,0.0,µg
6254,Fruktstång fruktgodis,Fullkorn totalt,Godis choklad tuggummi,2.0,g
6254,Fruktstång fruktgodis,"Folat, totalt",Godis choklad tuggummi,7.2,µg
6254,Fruktstång fruktgodis,Fibrer,Godis choklad tuggummi,3.4,g
6254,Fruktstång fruktgodis,"Fett, totalt",Godis choklad tuggummi,6.9,g
6254,Fruktstång fruktgodis,"Järn, Fe",Godis choklad tuggummi,0.6,mg
6254,Fruktstång fruktgodis,Energi (kJ),Godis choklad tuggummi,1607.0,kJ
6254,Fruktstång fruktgodis,Energi (kcal),Godis choklad tuggummi,384.0,kcal
6254,Fruktstång fruktgodis,Disackarider,Godis choklad tuggummi,8.8,g
6254,Fruktstång fruktgodis,"Kalcium, Ca",Godis choklad tuggummi,27.0,mg
6254,Fruktstång fruktgodis,Fettsyra 4:0-10:0,Godis choklad tuggummi,0.0,g
6254,Fruktstång fruktgodis,DHA (C22:6),Godis choklad tuggummi,0.0,g
6254,Fruktstång fruktgodis,DPA (C22:5),Godis choklad tuggummi,0.0,g
6254,Fruktstång fruktgodis,EPA (C20:5),Godis choklad tuggummi,0.0,g
6254,Fruktstång fruktgodis,Arakidonsyra C20:4,Godis choklad tuggummi,0.0,g
6254,Fruktstång fruktgodis,Arakidinsyra C20:0,Godis choklad tuggummi,0.0,g
6254,Fruktstång fruktgodis,Linolensyra C18:3,Godis choklad tuggummi,0.4,g
6254,Fruktstång fruktgodis,Linolsyra C18:2,Godis choklad tuggummi,1.4,g
6254,Fruktstång fruktgodis,Oljesyra C18:1,Godis choklad tuggummi,3.2,g
6254,Fruktstång fruktgodis,Stearinsyra C18:0,Godis choklad tuggummi,0.1,g
6254,Fruktstång fruktgodis,Palmitoljesyra C16:1,Godis choklad tuggummi,0.0,g
6254,Fruktstång fruktgodis,Palmitinsyra C16:0,Godis choklad tuggummi,0.4,g
6254,Fruktstång fruktgodis,Myristinsyra C14:0,Godis choklad tuggummi,0.0,g
6254,Fruktstång fruktgodis,Laurinsyra C12:0,Godis choklad tuggummi,0.0,g
6254,Fruktstång fruktgodis,Betakaroten/β-Karoten,Godis choklad tuggummi,15.0,µg
6254,Fruktstång fruktgodis,Avfall (skal etc.),Godis choklad tuggummi,0.0,%
6254,Fruktstång fruktgodis,Aska,Godis choklad tuggummi,1.8,g
6254,Fruktstång fruktgodis,Alkohol,Godis choklad tuggummi,0.0,g
6255,Fruktstång fruktgodis berikad,"Zink, Zn",Godis choklad tuggummi,0.4,mg
6255,Fruktstång fruktgodis berikad,Vitamin E,Godis choklad tuggummi,1.3,mg
6255,Fruktstång fruktgodis berikad,Vitamin D inkl 25-OH-D3,Godis choklad tuggummi,0.0,µg
6255,Fruktstång fruktgodis berikad,Vitamin D,Godis choklad tuggummi,0.0,µg
6255,Fruktstång fruktgodis berikad,Vitamin C,Godis choklad tuggummi,0.2,mg
6255,Fruktstång fruktgodis berikad,Vitamin B6,Godis choklad tuggummi,0.0,mg
6255,Fruktstång fruktgodis berikad,Vitamin B12,Godis choklad tuggummi,0.0,µg
6255,Fruktstång fruktgodis berikad,Vitamin A,Godis choklad tuggummi,1.5,RE/µg
6255,Fruktstång fruktgodis berikad,Vatten,Godis choklad tuggummi,10.0,g
6255,Fruktstång fruktgodis berikad,Tiamin,Godis choklad tuggummi,0.04,mg
6255,Fruktstång fruktgodis berikad,Tillsatt socker,Godis choklad tuggummi,0.0,g
6255,Fruktstång fruktgodis berikad,Fritt socker,Godis choklad tuggummi,54.0,g
6255,Fruktstång fruktgodis berikad,"Selen, Se",Godis choklad tuggummi,0.0,µg
6255,Fruktstång fruktgodis berikad,Sackaros,Godis choklad tuggummi,8.4,g
6255,Fruktstång fruktgodis berikad,Riboflavin,Godis choklad tuggummi,0.0,mg
6255,Fruktstång fruktgodis berikad,Retinol,Godis choklad tuggummi,0.0,µg
6255,Fruktstång fruktgodis berikad,Protein,Godis choklad tuggummi,2.1,g
6255,Fruktstång fruktgodis berikad,Summa fleromättade fettsyror,Godis choklad tuggummi,1.8,g
6255,Fruktstång fruktgodis berikad,"Fosfor, P",Godis choklad tuggummi,76.0,mg
6255,Fruktstång fruktgodis berikad,Niacinekvivalenter,Godis choklad tuggummi,5.2,NE/mg
6255,Fruktstång fruktgodis berikad,Niacin,Godis choklad tuggummi,4.82,mg
6255,Fruktstång fruktgodis berikad,"Salt, NaCl",Godis choklad tuggummi,0.0,g
6255,Fruktstång fruktgodis berikad,"Natrium, Na",Godis choklad tuggummi,15.0,mg
6255,Fruktstång fruktgodis berikad,Monosackarider,Godis choklad tuggummi,47.7,g
6255,Fruktstång fruktgodis berikad,"Sockerarter, totalt",Godis choklad tuggummi,56.5,g
6255,Fruktstång fruktgodis berikad,Summa enkelomättade fettsyror,Godis choklad tuggummi,3.2,g
6255,Fruktstång fruktgodis berikad,"Magnesium, Mg",Godis choklad tuggummi,37.0,mg
6255,Fruktstång fruktgodis berikad,Summa mättade fettsyror,Godis choklad tuggummi,0.5,g
6255,Fruktstång fruktgodis berikad,"Kolhydrater, tillgängliga",Godis choklad tuggummi,75.8,g
6255,Fruktstång fruktgodis berikad,Kolesterol,Godis choklad tuggummi,0.0,mg
6255,Fruktstång fruktgodis berikad,"Kalium, K",Godis choklad tuggummi,640.0,mg
6255,Fruktstång fruktgodis berikad,"Jod, I",Godis choklad tuggummi,0.0,µg
6255,Fruktstång fruktgodis berikad,Fullkorn totalt,Godis choklad tuggummi,6.0,g
6255,Fruktstång fruktgodis berikad,"Folat, totalt",Godis choklad tuggummi,7.2,µg
6255,Fruktstång fruktgodis berikad,Fibrer,Godis choklad tuggummi,3.4,g
6255,Fruktstång fruktgodis berikad,"Fett, totalt",Godis choklad tuggummi,6.9,g
6255,Fruktstång fruktgodis berikad,"Järn, Fe",Godis choklad tuggummi,4.9,mg
6255,Fruktstång fruktgodis berikad,Energi (kJ),Godis choklad tuggummi,1607.0,kJ
6255,Fruktstång fruktgodis berikad,Energi (kcal),Godis choklad tuggummi,384.0,kcal
6255,Fruktstång fruktgodis berikad,Disackarider,Godis choklad tuggummi,8.8,g
6255,Fruktstång fruktgodis berikad,"Kalcium, Ca",Godis choklad tuggummi,240.0,mg
6255,Fruktstång fruktgodis berikad,Fettsyra 4:0-10:0,Godis choklad tuggummi,0.0,g
6255,Fruktstång fruktgodis berikad,DHA (C22:6),Godis choklad tuggummi,0.0,g
6255,Fruktstång fruktgodis berikad,DPA (C22:5),Godis choklad tuggummi,0.0,g
6255,Fruktstång fruktgodis berikad,EPA (C20:5),Godis choklad tuggummi,0.0,g
6255,Fruktstång fruktgodis berikad,Arakidonsyra C20:4,Godis choklad tuggummi,0.0,g
6255,Fruktstång fruktgodis berikad,Arakidinsyra C20:0,Godis choklad tuggummi,0.0,g
6255,Fruktstång fruktgodis berikad,Linolensyra C18:3,Godis choklad tuggummi,0.4,g
6255,Fruktstång fruktgodis berikad,Linolsyra C18:2,Godis choklad tuggummi,1.4,g
6255,Fruktstång fruktgodis berikad,Oljesyra C18:1,Godis choklad tuggummi,3.2,g
6255,Fruktstång fruktgodis berikad,Stearinsyra C18:0,Godis choklad tuggummi,0.1,g
6255,Fruktstång fruktgodis berikad,Palmitoljesyra C16:1,Godis choklad tuggummi,0.0,g
6255,Fruktstång fruktgodis berikad,Palmitinsyra C16:0,Godis choklad tuggummi,0.4,g
6255,Fruktstång fruktgodis berikad,Myristinsyra C14:0,Godis choklad tuggummi,0.0,g
6255,Fruktstång fruktgodis berikad,Laurinsyra C12:0,Godis choklad tuggummi,0.0,g
6255,Fruktstång fruktgodis berikad,Betakaroten/β-Karoten,Godis choklad tuggummi,15.0,µg
6255,Fruktstång fruktgodis berikad,Avfall (skal etc.),Godis choklad tuggummi,0.0,%
6255,Fruktstång fruktgodis berikad,Aska,Godis choklad tuggummi,1.8,g
6255,Fruktstång fruktgodis berikad,Alkohol,Godis choklad tuggummi,0.0,g
6256,Barnmat klämmis m. gröt päron mango havre hirs konserv.,"Zink, Zn",Barnmatsprodukter exkl. välling o gröt,0.2,mg
6256,Barnmat klämmis m. gröt päron mango havre hirs konserv.,Vitamin E,Barnmatsprodukter exkl. välling o gröt,0.8,mg
6256,Barnmat klämmis m. gröt päron mango havre hirs konserv.,Vitamin D,Barnmatsprodukter exkl. välling o gröt,0.55,µg
6256,Barnmat klämmis m. gröt päron mango havre hirs konserv.,Vitamin C,Barnmatsprodukter exkl. välling o gröt,0.9,mg
6256,Barnmat klämmis m. gröt päron mango havre hirs konserv.,Vitamin B6,Barnmatsprodukter exkl. välling o gröt,0.06,mg
6256,Barnmat klämmis m. gröt päron mango havre hirs konserv.,Vitamin B12,Barnmatsprodukter exkl. välling o gröt,0.0,µg
6256,Barnmat klämmis m. gröt päron mango havre hirs konserv.,Vitamin A,Barnmatsprodukter exkl. välling o gröt,48.0,RE/µg
6256,Barnmat klämmis m. gröt päron mango havre hirs konserv.,Vatten,Barnmatsprodukter exkl. välling o gröt,79.7,g
6256,Barnmat klämmis m. gröt päron mango havre hirs konserv.,Tiamin,Barnmatsprodukter exkl. välling o gröt,0.04,mg
6256,Barnmat klämmis m. gröt päron mango havre hirs konserv.,Tillsatt socker,Barnmatsprodukter exkl. välling o gröt,0.0,g
6256,Barnmat klämmis m. gröt päron mango havre hirs konserv.,Fritt socker,Barnmatsprodukter exkl. välling o gröt,6.0,g
6256,Barnmat klämmis m. gröt päron mango havre hirs konserv.,"Selen, Se",Barnmatsprodukter exkl. välling o gröt,0.0,µg
6256,Barnmat klämmis m. gröt päron mango havre hirs konserv.,Sackaros,Barnmatsprodukter exkl. välling o gröt,1.5,g
6256,Barnmat klämmis m. gröt päron mango havre hirs konserv.,Riboflavin,Barnmatsprodukter exkl. välling o gröt,0.03,mg
6256,Barnmat klämmis m. gröt päron mango havre hirs konserv.,Retinol,Barnmatsprodukter exkl. välling o gröt,0.0,µg
6256,Barnmat klämmis m. gröt päron mango havre hirs konserv.,Protein,Barnmatsprodukter exkl. välling o gröt,1.4,g
6256,Barnmat klämmis m. gröt päron mango havre hirs konserv.,Summa fleromättade fettsyror,Barnmatsprodukter exkl. välling o gröt,0.2,g
6256,Barnmat klämmis m. gröt päron mango havre hirs konserv.,"Fosfor, P",Barnmatsprodukter exkl. välling o gröt,36.0,mg
6256,Barnmat klämmis m. gröt päron mango havre hirs konserv.,Niacinekvivalenter,Barnmatsprodukter exkl. välling o gröt,1.0,NE/mg
6256,Barnmat klämmis m. gröt päron mango havre hirs konserv.,Niacin,Barnmatsprodukter exkl. välling o gröt,0.81,mg
6256,Barnmat klämmis m. gröt päron mango havre hirs konserv.,"Salt, NaCl",Barnmatsprodukter exkl. välling o gröt,0.0,g
6256,Barnmat klämmis m. gröt päron mango havre hirs konserv.,"Natrium, Na",Barnmatsprodukter exkl. välling o gröt,7.0,mg
6256,Barnmat klämmis m. gröt päron mango havre hirs konserv.,Monosackarider,Barnmatsprodukter exkl. välling o gröt,7.4,g
6256,Barnmat klämmis m. gröt päron mango havre hirs konserv.,"Sockerarter, totalt",Barnmatsprodukter exkl. välling o gröt,10.3,g
6256,Barnmat klämmis m. gröt päron mango havre hirs konserv.,Summa enkelomättade fettsyror,Barnmatsprodukter exkl. välling o gröt,0.1,g
6256,Barnmat klämmis m. gröt päron mango havre hirs konserv.,"Magnesium, Mg",Barnmatsprodukter exkl. välling o gröt,14.0,mg
6256,Barnmat klämmis m. gröt päron mango havre hirs konserv.,Summa mättade fettsyror,Barnmatsprodukter exkl. välling o gröt,0.1,g
6256,Barnmat klämmis m. gröt päron mango havre hirs konserv.,"Kolhydrater, tillgängliga",Barnmatsprodukter exkl. välling o gröt,15.3,g
6256,Barnmat klämmis m. gröt päron mango havre hirs konserv.,Kolesterol,Barnmatsprodukter exkl. välling o gröt,0.0,mg
6256,Barnmat klämmis m. gröt päron mango havre hirs konserv.,"Kalium, K",Barnmatsprodukter exkl. välling o gröt,130.0,mg
6256,Barnmat klämmis m. gröt päron mango havre hirs konserv.,"Jod, I",Barnmatsprodukter exkl. välling o gröt,0.0,µg
6256,Barnmat klämmis m. gröt päron mango havre hirs konserv.,Fullkorn totalt,Barnmatsprodukter exkl. välling o gröt,0.0,g
6256,Barnmat klämmis m. gröt päron mango havre hirs konserv.,"Folat, totalt",Barnmatsprodukter exkl. välling o gröt,8.4,µg
6256,Barnmat klämmis m. gröt päron mango havre hirs konserv.,Fibrer,Barnmatsprodukter exkl. välling o gröt,2.7,g
6256,Barnmat klämmis m. gröt päron mango havre hirs konserv.,"Fett, totalt",Barnmatsprodukter exkl. välling o gröt,0.5,g
6256,Barnmat klämmis m. gröt päron mango havre hirs konserv.,"Järn, Fe",Barnmatsprodukter exkl. välling o gröt,0.3,mg
6256,Barnmat klämmis m. gröt päron mango havre hirs konserv.,Energi (kJ),Barnmatsprodukter exkl. välling o gröt,324.0,kJ
6256,Barnmat klämmis m. gröt päron mango havre hirs konserv.,Energi (kcal),Barnmatsprodukter exkl. välling o gröt,77.0,kcal
6256,Barnmat klämmis m. gröt päron mango havre hirs konserv.,Disackarider,Barnmatsprodukter exkl. välling o gröt,2.9,g
6256,Barnmat klämmis m. gröt päron mango havre hirs konserv.,"Kalcium, Ca",Barnmatsprodukter exkl. välling o gröt,12.0,mg
6256,Barnmat klämmis m. gröt päron mango havre hirs konserv.,Fettsyra 4:0-10:0,Barnmatsprodukter exkl. välling o gröt,0.0,g
6256,Barnmat klämmis m. gröt päron mango havre hirs konserv.,DHA (C22:6),Barnmatsprodukter exkl. välling o gröt,0.0,g
6256,Barnmat klämmis m. gröt päron mango havre hirs konserv.,DPA (C22:5),Barnmatsprodukter exkl. välling o gröt,0.0,g
6256,Barnmat klämmis m. gröt päron mango havre hirs konserv.,EPA (C20:5),Barnmatsprodukter exkl. välling o gröt,0.0,g
6256,Barnmat klämmis m. gröt päron mango havre hirs konserv.,Arakidonsyra C20:4,Barnmatsprodukter exkl. välling o gröt,0.0,g
6256,Barnmat klämmis m. gröt päron mango havre hirs konserv.,Arakidinsyra C20:0,Barnmatsprodukter exkl. välling o gröt,0.0,g
6256,Barnmat klämmis m. gröt päron mango havre hirs konserv.,Linolensyra C18:3,Barnmatsprodukter exkl. välling o gröt,0.0,g
6256,Barnmat klämmis m. gröt päron mango havre hirs konserv.,Linolsyra C18:2,Barnmatsprodukter exkl. välling o gröt,0.2,g
6256,Barnmat klämmis m. gröt päron mango havre hirs konserv.,Oljesyra C18:1,Barnmatsprodukter exkl. välling o gröt,0.1,g
6256,Barnmat klämmis m. gröt päron mango havre hirs konserv.,Stearinsyra C18:0,Barnmatsprodukter exkl. välling o gröt,0.0,g
6256,Barnmat klämmis m. gröt päron mango havre hirs konserv.,Palmitoljesyra C16:1,Barnmatsprodukter exkl. välling o gröt,0.0,g
6256,Barnmat klämmis m. gröt päron mango havre hirs konserv.,Palmitinsyra C16:0,Barnmatsprodukter exkl. välling o gröt,0.1,g
6256,Barnmat klämmis m. gröt päron mango havre hirs konserv.,Myristinsyra C14:0,Barnmatsprodukter exkl. välling o gröt,0.0,g
6256,Barnmat klämmis m. gröt päron mango havre hirs konserv.,Laurinsyra C12:0,Barnmatsprodukter exkl. välling o gröt,0.0,g
6256,Barnmat klämmis m. gröt päron mango havre hirs konserv.,Betakaroten/β-Karoten,Barnmatsprodukter exkl. välling o gröt,568.0,µg
6256,Barnmat klämmis m. gröt päron mango havre hirs konserv.,Avfall (skal etc.),Barnmatsprodukter exkl. välling o gröt,0.0,%
6256,Barnmat klämmis m. gröt päron mango havre hirs konserv.,Aska,Barnmatsprodukter exkl. välling o gröt,0.4,g
6256,Barnmat klämmis m. gröt päron mango havre hirs konserv.,Alkohol,Barnmatsprodukter exkl. välling o gröt,0.0,g
6257,Välling för barn drickf. fullkorn osötad berikad,"Zink, Zn",Välling,0.5,mg
6257,Välling för barn drickf. fullkorn osötad berikad,Vitamin E,Välling,0.8,mg
6257,Välling för barn drickf. fullkorn osötad berikad,Vitamin D,Välling,0.96,µg
6257,Välling för barn drickf. fullkorn osötad berikad,Vitamin C,Välling,10.7,mg
6257,Välling för barn drickf. fullkorn osötad berikad,Vitamin B6,Välling,0.02,mg
6257,Välling för barn drickf. fullkorn osötad berikad,Vitamin B12,Välling,0.17,µg
6257,Välling för barn drickf. fullkorn osötad berikad,Vitamin A,Välling,62.8,RE/µg
6257,Välling för barn drickf. fullkorn osötad berikad,Vatten,Välling,87.3,g
6257,Välling för barn drickf. fullkorn osötad berikad,Tiamin,Välling,0.14,mg
6257,Välling för barn drickf. fullkorn osötad berikad,Tillsatt socker,Välling,0.0,g
6257,Välling för barn drickf. fullkorn osötad berikad,Fritt socker,Välling,0.0,g
6257,Välling för barn drickf. fullkorn osötad berikad,"Selen, Se",Välling,1.0,µg
6257,Välling för barn drickf. fullkorn osötad berikad,Sackaros,Välling,0.1,g
6257,Välling för barn drickf. fullkorn osötad berikad,Riboflavin,Välling,0.08,mg
6257,Välling för barn drickf. fullkorn osötad berikad,Retinol,Välling,68.2,µg
6257,Välling för barn drickf. fullkorn osötad berikad,Protein,Välling,2.1,g
6257,Välling för barn drickf. fullkorn osötad berikad,Summa fleromättade fettsyror,Välling,0.6,g
6257,Välling för barn drickf. fullkorn osötad berikad,"Fosfor, P",Välling,56.0,mg
6257,Välling för barn drickf. fullkorn osötad berikad,Niacinekvivalenter,Välling,1.23,NE/mg
6257,Välling för barn drickf. fullkorn osötad berikad,Niacin,Välling,0.75,mg
6257,Välling för barn drickf. fullkorn osötad berikad,"Salt, NaCl",Välling,0.1,g
6257,Välling för barn drickf. fullkorn osötad berikad,"Natrium, Na",Välling,24.0,mg
6257,Välling för barn drickf. fullkorn osötad berikad,Monosackarider,Välling,0.3,g
6257,Välling för barn drickf. fullkorn osötad berikad,"Sockerarter, totalt",Välling,4.2,g
6257,Välling för barn drickf. fullkorn osötad berikad,Summa enkelomättade fettsyror,Välling,0.8,g
6257,Välling för barn drickf. fullkorn osötad berikad,"Magnesium, Mg",Välling,11.0,mg
6257,Välling för barn drickf. fullkorn osötad berikad,Summa mättade fettsyror,Välling,0.4,g
6257,Välling för barn drickf. fullkorn osötad berikad,"Kolhydrater, tillgängliga",Välling,8.1,g
6257,Välling för barn drickf. fullkorn osötad berikad,Kolesterol,Välling,2.3,mg
6257,Välling för barn drickf. fullkorn osötad berikad,"Kalium, K",Välling,99.0,mg
6257,Välling för barn drickf. fullkorn osötad berikad,"Jod, I",Välling,11.4,µg
6257,Välling för barn drickf. fullkorn osötad berikad,Fullkorn totalt,Välling,5.0,g
6257,Välling för barn drickf. fullkorn osötad berikad,"Folat, totalt",Välling,7.7,µg
6257,Välling för barn drickf. fullkorn osötad berikad,Fibrer,Välling,0.2,g
6257,Välling för barn drickf. fullkorn osötad berikad,"Fett, totalt",Välling,1.9,g
6257,Välling för barn drickf. fullkorn osötad berikad,"Järn, Fe",Välling,1.1,mg
6257,Välling för barn drickf. fullkorn osötad berikad,Energi (kJ),Välling,245.0,kJ
6257,Välling för barn drickf. fullkorn osötad berikad,Energi (kcal),Välling,59.0,kcal
6257,Välling för barn drickf. fullkorn osötad berikad,Disackarider,Välling,3.9,g
6257,Välling för barn drickf. fullkorn osötad berikad,"Kalcium, Ca",Välling,70.0,mg
6257,Välling för barn drickf. fullkorn osötad berikad,Fettsyra 4:0-10:0,Välling,0.0,g
6257,Välling för barn drickf. fullkorn osötad berikad,DHA (C22:6),Välling,0.0,g
6257,Välling för barn drickf. fullkorn osötad berikad,DPA (C22:5),Välling,0.0,g
6257,Välling för barn drickf. fullkorn osötad berikad,EPA (C20:5),Välling,0.0,g
6257,Välling för barn drickf. fullkorn osötad berikad,Arakidonsyra C20:4,Välling,0.0,g
6257,Välling för barn drickf. fullkorn osötad berikad,Arakidinsyra C20:0,Välling,0.0,g
6257,Välling för barn drickf. fullkorn osötad berikad,Linolensyra C18:3,Välling,0.1,g
6257,Välling för barn drickf. fullkorn osötad berikad,Linolsyra C18:2,Välling,0.5,g
6257,Välling för barn drickf. fullkorn osötad berikad,Oljesyra C18:1,Välling,0.8,g
6257,Välling för barn drickf. fullkorn osötad berikad,Stearinsyra C18:0,Välling,0.1,g
6257,Välling för barn drickf. fullkorn osötad berikad,Palmitoljesyra C16:1,Välling,0.0,g
6257,Välling för barn drickf. fullkorn osötad berikad,Palmitinsyra C16:0,Välling,0.2,g
6257,Välling för barn drickf. fullkorn osötad berikad,Myristinsyra C14:0,Välling,0.0,g
6257,Välling för barn drickf. fullkorn osötad berikad,Laurinsyra C12:0,Välling,0.0,g
6257,Välling för barn drickf. fullkorn osötad berikad,Betakaroten/β-Karoten,Välling,2.0,µg
6257,Välling för barn drickf. fullkorn osötad berikad,Avfall (skal etc.),Välling,0.0,%
6257,Välling för barn drickf. fullkorn osötad berikad,Aska,Välling,0.5,g
6257,Välling för barn drickf. fullkorn osötad berikad,Alkohol,Välling,0.0,g
6259,Välling för barn drickf. mild havre osötad berikad,"Zink, Zn",Välling,0.5,mg
6259,Välling för barn drickf. mild havre osötad berikad,Vitamin E,Välling,1.2,mg
6259,Välling för barn drickf. mild havre osötad berikad,Vitamin D,Välling,0.76,µg
6259,Välling för barn drickf. mild havre osötad berikad,Vitamin C,Välling,11.9,mg
6259,Välling för barn drickf. mild havre osötad berikad,Vitamin B6,Välling,0.05,mg
6259,Välling för barn drickf. mild havre osötad berikad,Vitamin B12,Välling,0.23,µg
6259,Välling för barn drickf. mild havre osötad berikad,Vitamin A,Välling,48.6,RE/µg
6259,Välling för barn drickf. mild havre osötad berikad,Vatten,Välling,86.8,g
6259,Välling för barn drickf. mild havre osötad berikad,Tiamin,Välling,0.11,mg
6259,Välling för barn drickf. mild havre osötad berikad,Tillsatt socker,Välling,0.0,g
6259,Välling för barn drickf. mild havre osötad berikad,Fritt socker,Välling,0.0,g
6259,Välling för barn drickf. mild havre osötad berikad,"Selen, Se",Välling,0.8,µg
6259,Välling för barn drickf. mild havre osötad berikad,Sackaros,Välling,0.0,g
6259,Välling för barn drickf. mild havre osötad berikad,Riboflavin,Välling,0.1,mg
6259,Välling för barn drickf. mild havre osötad berikad,Retinol,Välling,48.3,µg
6259,Välling för barn drickf. mild havre osötad berikad,Protein,Välling,2.0,g
6259,Välling för barn drickf. mild havre osötad berikad,Summa fleromättade fettsyror,Välling,0.7,g
6259,Välling för barn drickf. mild havre osötad berikad,"Fosfor, P",Välling,50.0,mg
6259,Välling för barn drickf. mild havre osötad berikad,Niacinekvivalenter,Välling,0.87,NE/mg
6259,Välling för barn drickf. mild havre osötad berikad,Niacin,Välling,0.41,mg
6259,Välling för barn drickf. mild havre osötad berikad,"Salt, NaCl",Välling,0.1,g
6259,Välling för barn drickf. mild havre osötad berikad,"Natrium, Na",Välling,25.0,mg
6259,Välling för barn drickf. mild havre osötad berikad,Monosackarider,Välling,0.0,g
6259,Välling för barn drickf. mild havre osötad berikad,"Sockerarter, totalt",Välling,4.1,g
6259,Välling för barn drickf. mild havre osötad berikad,Summa enkelomättade fettsyror,Välling,1.1,g
6259,Välling för barn drickf. mild havre osötad berikad,"Magnesium, Mg",Välling,8.0,mg
6259,Välling för barn drickf. mild havre osötad berikad,Summa mättade fettsyror,Välling,0.5,g
6259,Välling för barn drickf. mild havre osötad berikad,"Kolhydrater, tillgängliga",Välling,8.2,g
6259,Välling för barn drickf. mild havre osötad berikad,Kolesterol,Välling,3.3,mg
6259,Välling för barn drickf. mild havre osötad berikad,"Kalium, K",Välling,97.0,mg
6259,Välling för barn drickf. mild havre osötad berikad,"Jod, I",Välling,16.2,µg
6259,Välling för barn drickf. mild havre osötad berikad,Fullkorn totalt,Välling,0.0,g
6259,Välling för barn drickf. mild havre osötad berikad,"Folat, totalt",Välling,10.0,µg
6259,Välling för barn drickf. mild havre osötad berikad,Fibrer,Välling,0.0,g
6259,Välling för barn drickf. mild havre osötad berikad,"Fett, totalt",Välling,2.5,g
6259,Välling för barn drickf. mild havre osötad berikad,"Järn, Fe",Välling,1.1,mg
6259,Välling för barn drickf. mild havre osötad berikad,Energi (kJ),Välling,266.0,kJ
6259,Välling för barn drickf. mild havre osötad berikad,Energi (kcal),Välling,63.0,kcal
6259,Välling för barn drickf. mild havre osötad berikad,Disackarider,Välling,4.1,g
6259,Välling för barn drickf. mild havre osötad berikad,"Kalcium, Ca",Välling,86.0,mg
6259,Välling för barn drickf. mild havre osötad berikad,Fettsyra 4:0-10:0,Välling,0.0,g
6259,Välling för barn drickf. mild havre osötad berikad,DHA (C22:6),Välling,0.0,g
6259,Välling för barn drickf. mild havre osötad berikad,DPA (C22:5),Välling,0.0,g
6259,Välling för barn drickf. mild havre osötad berikad,EPA (C20:5),Välling,0.0,g
6259,Välling för barn drickf. mild havre osötad berikad,Arakidonsyra C20:4,Välling,0.0,g
6259,Välling för barn drickf. mild havre osötad berikad,Arakidinsyra C20:0,Välling,0.0,g
6259,Välling för barn drickf. mild havre osötad berikad,Linolensyra C18:3,Välling,0.1,g
6259,Välling för barn drickf. mild havre osötad berikad,Linolsyra C18:2,Välling,0.6,g
6259,Välling för barn drickf. mild havre osötad berikad,Oljesyra C18:1,Välling,1.1,g
6259,Välling för barn drickf. mild havre osötad berikad,Stearinsyra C18:0,Välling,0.1,g
6259,Välling för barn drickf. mild havre osötad berikad,Palmitoljesyra C16:1,Välling,0.0,g
6259,Välling för barn drickf. mild havre osötad berikad,Palmitinsyra C16:0,Välling,0.3,g
6259,Välling för barn drickf. mild havre osötad berikad,Myristinsyra C14:0,Välling,0.1,g
6259,Välling för barn drickf. mild havre osötad berikad,Laurinsyra C12:0,Välling,0.0,g
6259,Välling för barn drickf. mild havre osötad berikad,Betakaroten/β-Karoten,Välling,3.0,µg
6259,Välling för barn drickf. mild havre osötad berikad,Avfall (skal etc.),Välling,0.0,%
6259,Välling för barn drickf. mild havre osötad berikad,Aska,Välling,0.5,g
6259,Välling för barn drickf. mild havre osötad berikad,Alkohol,Välling,0.0,g
6260,Välling för barn drickf. majs osötad berikad,"Zink, Zn",Välling,0.6,mg
6260,Välling för barn drickf. majs osötad berikad,Vitamin E,Välling,1.6,mg
6260,Välling för barn drickf. majs osötad berikad,Vitamin D,Välling,1.14,µg
6260,Välling för barn drickf. majs osötad berikad,Vitamin C,Välling,13.3,mg
6260,Välling för barn drickf. majs osötad berikad,Vitamin B6,Välling,0.06,mg
6260,Välling för barn drickf. majs osötad berikad,Vitamin B12,Välling,0.26,µg
6260,Välling för barn drickf. majs osötad berikad,Vitamin A,Välling,70.5,RE/µg
6260,Välling för barn drickf. majs osötad berikad,Vatten,Välling,85.6,g
6260,Välling för barn drickf. majs osötad berikad,Tiamin,Välling,0.12,mg
6260,Välling för barn drickf. majs osötad berikad,Tillsatt socker,Välling,0.0,g
6260,Välling för barn drickf. majs osötad berikad,Fritt socker,Välling,0.0,g
6260,Välling för barn drickf. majs osötad berikad,"Selen, Se",Välling,1.1,µg
6260,Välling för barn drickf. majs osötad berikad,Sackaros,Välling,0.0,g
6260,Välling för barn drickf. majs osötad berikad,Riboflavin,Välling,0.12,mg
6260,Välling för barn drickf. majs osötad berikad,Retinol,Välling,69.8,µg
6260,Välling för barn drickf. majs osötad berikad,Protein,Välling,2.1,g
6260,Välling för barn drickf. majs osötad berikad,Summa fleromättade fettsyror,Välling,0.8,g
6260,Välling för barn drickf. majs osötad berikad,"Fosfor, P",Välling,81.0,mg
6260,Välling för barn drickf. majs osötad berikad,Niacinekvivalenter,Välling,0.99,NE/mg
6260,Välling för barn drickf. majs osötad berikad,Niacin,Välling,0.51,mg
6260,Välling för barn drickf. majs osötad berikad,"Salt, NaCl",Välling,0.1,g
6260,Välling för barn drickf. majs osötad berikad,"Natrium, Na",Välling,29.0,mg
6260,Välling för barn drickf. majs osötad berikad,Monosackarider,Välling,0.0,g
6260,Välling för barn drickf. majs osötad berikad,"Sockerarter, totalt",Välling,4.0,g
6260,Välling för barn drickf. majs osötad berikad,Summa enkelomättade fettsyror,Välling,1.3,g
6260,Välling för barn drickf. majs osötad berikad,"Magnesium, Mg",Välling,9.0,mg
6260,Välling för barn drickf. majs osötad berikad,Summa mättade fettsyror,Välling,0.6,g
6260,Välling för barn drickf. majs osötad berikad,"Kolhydrater, tillgängliga",Välling,9.0,g
6260,Välling för barn drickf. majs osötad berikad,Kolesterol,Välling,3.2,mg
6260,Välling för barn drickf. majs osötad berikad,"Kalium, K",Välling,106.0,mg
6260,Välling för barn drickf. majs osötad berikad,"Jod, I",Välling,19.1,µg
6260,Välling för barn drickf. majs osötad berikad,Fullkorn totalt,Välling,0.0,g
6260,Välling för barn drickf. majs osötad berikad,"Folat, totalt",Välling,9.2,µg
6260,Välling för barn drickf. majs osötad berikad,Fibrer,Välling,0.0,g
6260,Välling för barn drickf. majs osötad berikad,"Fett, totalt",Välling,2.8,g
6260,Välling för barn drickf. majs osötad berikad,"Järn, Fe",Välling,1.3,mg
6260,Välling för barn drickf. majs osötad berikad,Energi (kJ),Välling,292.0,kJ
6260,Välling för barn drickf. majs osötad berikad,Energi (kcal),Välling,70.0,kcal
6260,Välling för barn drickf. majs osötad berikad,Disackarider,Välling,3.9,g
6260,Välling för barn drickf. majs osötad berikad,"Kalcium, Ca",Välling,88.0,mg
6260,Välling för barn drickf. majs osötad berikad,Fettsyra 4:0-10:0,Välling,0.0,g
6260,Välling för barn drickf. majs osötad berikad,DHA (C22:6),Välling,0.0,g
6260,Välling för barn drickf. majs osötad berikad,DPA (C22:5),Välling,0.0,g
6260,Välling för barn drickf. majs osötad berikad,EPA (C20:5),Välling,0.0,g
6260,Välling för barn drickf. majs osötad berikad,Arakidonsyra C20:4,Välling,0.0,g
6260,Välling för barn drickf. majs osötad berikad,Arakidinsyra C20:0,Välling,0.0,g
6260,Välling för barn drickf. majs osötad berikad,Linolensyra C18:3,Välling,0.1,g
6260,Välling för barn drickf. majs osötad berikad,Linolsyra C18:2,Välling,0.7,g
6260,Välling för barn drickf. majs osötad berikad,Oljesyra C18:1,Välling,1.2,g
6260,Välling för barn drickf. majs osötad berikad,Stearinsyra C18:0,Välling,0.1,g
6260,Välling för barn drickf. majs osötad berikad,Palmitoljesyra C16:1,Välling,0.0,g
6260,Välling för barn drickf. majs osötad berikad,Palmitinsyra C16:0,Välling,0.3,g
6260,Välling för barn drickf. majs osötad berikad,Myristinsyra C14:0,Välling,0.1,g
6260,Välling för barn drickf. majs osötad berikad,Laurinsyra C12:0,Välling,0.0,g
6260,Välling för barn drickf. majs osötad berikad,Betakaroten/β-Karoten,Välling,6.0,µg
6260,Välling för barn drickf. majs osötad berikad,Avfall (skal etc.),Välling,0.0,%
6260,Välling för barn drickf. majs osötad berikad,Aska,Välling,0.5,g
6260,Välling för barn drickf. majs osötad berikad,Alkohol,Välling,0.0,g
6261,Välling för barn drickf. havre mjölkfri osötad berikad,"Zink, Zn",Välling,0.6,mg
6261,Välling för barn drickf. havre mjölkfri osötad berikad,Vitamin E,Välling,1.2,mg
6261,Välling för barn drickf. havre mjölkfri osötad berikad,Vitamin D,Välling,0.87,µg
6261,Välling för barn drickf. havre mjölkfri osötad berikad,Vitamin C,Välling,8.6,mg
6261,Välling för barn drickf. havre mjölkfri osötad berikad,Vitamin B6,Välling,0.03,mg
6261,Välling för barn drickf. havre mjölkfri osötad berikad,Vitamin B12,Välling,0.15,µg
6261,Välling för barn drickf. havre mjölkfri osötad berikad,Vitamin A,Välling,62.7,RE/µg
6261,Välling för barn drickf. havre mjölkfri osötad berikad,Vatten,Välling,87.1,g
6261,Välling för barn drickf. havre mjölkfri osötad berikad,Tiamin,Välling,0.12,mg
6261,Välling för barn drickf. havre mjölkfri osötad berikad,Tillsatt socker,Välling,0.0,g
6261,Välling för barn drickf. havre mjölkfri osötad berikad,Fritt socker,Välling,0.0,g
6261,Välling för barn drickf. havre mjölkfri osötad berikad,"Selen, Se",Välling,0.0,µg
6261,Välling för barn drickf. havre mjölkfri osötad berikad,Sackaros,Välling,0.1,g
6261,Välling för barn drickf. havre mjölkfri osötad berikad,Riboflavin,Välling,0.1,mg
6261,Välling för barn drickf. havre mjölkfri osötad berikad,Retinol,Välling,70.2,µg
6261,Välling för barn drickf. havre mjölkfri osötad berikad,Protein,Välling,1.5,g
6261,Välling för barn drickf. havre mjölkfri osötad berikad,Summa fleromättade fettsyror,Välling,0.5,g
6261,Välling för barn drickf. havre mjölkfri osötad berikad,"Fosfor, P",Välling,55.0,mg
6261,Välling för barn drickf. havre mjölkfri osötad berikad,Niacinekvivalenter,Välling,1.31,NE/mg
6261,Välling för barn drickf. havre mjölkfri osötad berikad,Niacin,Välling,1.06,mg
6261,Välling för barn drickf. havre mjölkfri osötad berikad,"Salt, NaCl",Välling,0.0,g
6261,Välling för barn drickf. havre mjölkfri osötad berikad,"Natrium, Na",Välling,5.0,mg
6261,Välling för barn drickf. havre mjölkfri osötad berikad,Monosackarider,Välling,0.1,g
6261,Välling för barn drickf. havre mjölkfri osötad berikad,"Sockerarter, totalt",Välling,0.6,g
6261,Välling för barn drickf. havre mjölkfri osötad berikad,Summa enkelomättade fettsyror,Välling,0.7,g
6261,Välling för barn drickf. havre mjölkfri osötad berikad,"Magnesium, Mg",Välling,12.0,mg
6261,Välling för barn drickf. havre mjölkfri osötad berikad,Summa mättade fettsyror,Välling,0.3,g
6261,Välling för barn drickf. havre mjölkfri osötad berikad,"Kolhydrater, tillgängliga",Välling,9.0,g
6261,Välling för barn drickf. havre mjölkfri osötad berikad,Kolesterol,Välling,0.0,mg
6261,Välling för barn drickf. havre mjölkfri osötad berikad,"Kalium, K",Välling,25.0,mg
6261,Välling för barn drickf. havre mjölkfri osötad berikad,"Jod, I",Välling,12.3,µg
6261,Välling för barn drickf. havre mjölkfri osötad berikad,Fullkorn totalt,Välling,0.0,g
6261,Välling för barn drickf. havre mjölkfri osötad berikad,"Folat, totalt",Välling,11.2,µg
6261,Välling för barn drickf. havre mjölkfri osötad berikad,Fibrer,Välling,0.4,g
6261,Välling för barn drickf. havre mjölkfri osötad berikad,"Fett, totalt",Välling,1.5,g
6261,Välling för barn drickf. havre mjölkfri osötad berikad,"Järn, Fe",Välling,1.2,mg
6261,Välling för barn drickf. havre mjölkfri osötad berikad,Energi (kJ),Välling,239.0,kJ
6261,Välling för barn drickf. havre mjölkfri osötad berikad,Energi (kcal),Välling,57.0,kcal
6261,Välling för barn drickf. havre mjölkfri osötad berikad,Disackarider,Välling,0.6,g
6261,Välling för barn drickf. havre mjölkfri osötad berikad,"Kalcium, Ca",Välling,80.0,mg
6261,Välling för barn drickf. havre mjölkfri osötad berikad,Fettsyra 4:0-10:0,Välling,0.0,g
6261,Välling för barn drickf. havre mjölkfri osötad berikad,DHA (C22:6),Välling,0.0,g
6261,Välling för barn drickf. havre mjölkfri osötad berikad,DPA (C22:5),Välling,0.0,g
6261,Välling för barn drickf. havre mjölkfri osötad berikad,EPA (C20:5),Välling,0.0,g
6261,Välling för barn drickf. havre mjölkfri osötad berikad,Arakidonsyra C20:4,Välling,0.0,g
6261,Välling för barn drickf. havre mjölkfri osötad berikad,Arakidinsyra C20:0,Välling,0.0,g
6261,Välling för barn drickf. havre mjölkfri osötad berikad,Linolensyra C18:3,Välling,0.0,g
6261,Välling för barn drickf. havre mjölkfri osötad berikad,Linolsyra C18:2,Välling,0.4,g
6261,Välling för barn drickf. havre mjölkfri osötad berikad,Oljesyra C18:1,Välling,0.7,g
6261,Välling för barn drickf. havre mjölkfri osötad berikad,Stearinsyra C18:0,Välling,0.0,g
6261,Välling för barn drickf. havre mjölkfri osötad berikad,Palmitoljesyra C16:1,Välling,0.0,g
6261,Välling för barn drickf. havre mjölkfri osötad berikad,Palmitinsyra C16:0,Välling,0.2,g
6261,Välling för barn drickf. havre mjölkfri osötad berikad,Myristinsyra C14:0,Välling,0.0,g
6261,Välling för barn drickf. havre mjölkfri osötad berikad,Laurinsyra C12:0,Välling,0.1,g
6261,Välling för barn drickf. havre mjölkfri osötad berikad,Betakaroten/β-Karoten,Välling,0.0,µg
6261,Välling för barn drickf. havre mjölkfri osötad berikad,Avfall (skal etc.),Välling,0.0,%
6261,Välling för barn drickf. havre mjölkfri osötad berikad,Aska,Välling,0.5,g
6261,Välling för barn drickf. havre mjölkfri osötad berikad,Alkohol,Välling,0.0,g
6262,Barngröt ätf. havre m. banan äpple mjölkfri osötad berikad,"Zink, Zn",Gröt,1.0,mg
6262,Barngröt ätf. havre m. banan äpple mjölkfri osötad berikad,Vitamin E,Gröt,3.4,mg
6262,Barngröt ätf. havre m. banan äpple mjölkfri osötad berikad,Vitamin D,Gröt,2.04,µg
6262,Barngröt ätf. havre m. banan äpple mjölkfri osötad berikad,Vitamin C,Gröt,19.2,mg
6262,Barngröt ätf. havre m. banan äpple mjölkfri osötad berikad,Vitamin B6,Gröt,0.17,mg
6262,Barngröt ätf. havre m. banan äpple mjölkfri osötad berikad,Vitamin B12,Gröt,0.22,µg
6262,Barngröt ätf. havre m. banan äpple mjölkfri osötad berikad,Vitamin A,Gröt,110.9,RE/µg
6262,Barngröt ätf. havre m. banan äpple mjölkfri osötad berikad,Vatten,Gröt,77.9,g
6262,Barngröt ätf. havre m. banan äpple mjölkfri osötad berikad,Tiamin,Gröt,0.23,mg
6262,Barngröt ätf. havre m. banan äpple mjölkfri osötad berikad,Tillsatt socker,Gröt,0.0,g
6262,Barngröt ätf. havre m. banan äpple mjölkfri osötad berikad,Fritt socker,Gröt,2.0,g
6262,Barngröt ätf. havre m. banan äpple mjölkfri osötad berikad,"Selen, Se",Gröt,0.0,µg
6262,Barngröt ätf. havre m. banan äpple mjölkfri osötad berikad,Sackaros,Gröt,1.2,g
6262,Barngröt ätf. havre m. banan äpple mjölkfri osötad berikad,Riboflavin,Gröt,0.12,mg
6262,Barngröt ätf. havre m. banan äpple mjölkfri osötad berikad,Retinol,Gröt,110.3,µg
6262,Barngröt ätf. havre m. banan äpple mjölkfri osötad berikad,Protein,Gröt,3.0,g
6262,Barngröt ätf. havre m. banan äpple mjölkfri osötad berikad,Summa fleromättade fettsyror,Gröt,0.9,g
6262,Barngröt ätf. havre m. banan äpple mjölkfri osötad berikad,"Fosfor, P",Gröt,120.0,mg
6262,Barngröt ätf. havre m. banan äpple mjölkfri osötad berikad,Niacinekvivalenter,Gröt,2.45,NE/mg
6262,Barngröt ätf. havre m. banan äpple mjölkfri osötad berikad,Niacin,Gröt,1.94,mg
6262,Barngröt ätf. havre m. banan äpple mjölkfri osötad berikad,"Salt, NaCl",Gröt,0.0,g
6262,Barngröt ätf. havre m. banan äpple mjölkfri osötad berikad,"Natrium, Na",Gröt,10.0,mg
6262,Barngröt ätf. havre m. banan äpple mjölkfri osötad berikad,Monosackarider,Gröt,0.8,g
6262,Barngröt ätf. havre m. banan äpple mjölkfri osötad berikad,"Sockerarter, totalt",Gröt,2.4,g
6262,Barngröt ätf. havre m. banan äpple mjölkfri osötad berikad,Summa enkelomättade fettsyror,Gröt,1.0,g
6262,Barngröt ätf. havre m. banan äpple mjölkfri osötad berikad,"Magnesium, Mg",Gröt,21.0,mg
6262,Barngröt ätf. havre m. banan äpple mjölkfri osötad berikad,Summa mättade fettsyror,Gröt,0.4,g
6262,Barngröt ätf. havre m. banan äpple mjölkfri osötad berikad,"Kolhydrater, tillgängliga",Gröt,15.3,g
6262,Barngröt ätf. havre m. banan äpple mjölkfri osötad berikad,Kolesterol,Gröt,0.1,mg
6262,Barngröt ätf. havre m. banan äpple mjölkfri osötad berikad,"Kalium, K",Gröt,81.0,mg
6262,Barngröt ätf. havre m. banan äpple mjölkfri osötad berikad,"Jod, I",Gröt,16.6,µg
6262,Barngröt ätf. havre m. banan äpple mjölkfri osötad berikad,Fullkorn totalt,Gröt,0.0,g
6262,Barngröt ätf. havre m. banan äpple mjölkfri osötad berikad,"Folat, totalt",Gröt,23.1,µg
6262,Barngröt ätf. havre m. banan äpple mjölkfri osötad berikad,Fibrer,Gröt,0.7,g
6262,Barngröt ätf. havre m. banan äpple mjölkfri osötad berikad,"Fett, totalt",Gröt,2.4,g
6262,Barngröt ätf. havre m. banan äpple mjölkfri osötad berikad,"Järn, Fe",Gröt,2.1,mg
6262,Barngröt ätf. havre m. banan äpple mjölkfri osötad berikad,Energi (kJ),Gröt,409.0,kJ
6262,Barngröt ätf. havre m. banan äpple mjölkfri osötad berikad,Energi (kcal),Gröt,98.0,kcal
6262,Barngröt ätf. havre m. banan äpple mjölkfri osötad berikad,Disackarider,Gröt,1.6,g
6262,Barngröt ätf. havre m. banan äpple mjölkfri osötad berikad,"Kalcium, Ca",Gröt,115.0,mg
6262,Barngröt ätf. havre m. banan äpple mjölkfri osötad berikad,Fettsyra 4:0-10:0,Gröt,0.0,g
6262,Barngröt ätf. havre m. banan äpple mjölkfri osötad berikad,DHA (C22:6),Gröt,0.0,g
6262,Barngröt ätf. havre m. banan äpple mjölkfri osötad berikad,DPA (C22:5),Gröt,0.0,g
6262,Barngröt ätf. havre m. banan äpple mjölkfri osötad berikad,EPA (C20:5),Gröt,0.0,g
6262,Barngröt ätf. havre m. banan äpple mjölkfri osötad berikad,Arakidonsyra C20:4,Gröt,0.0,g
6262,Barngröt ätf. havre m. banan äpple mjölkfri osötad berikad,Arakidinsyra C20:0,Gröt,0.0,g
6262,Barngröt ätf. havre m. banan äpple mjölkfri osötad berikad,Linolensyra C18:3,Gröt,0.0,g
6262,Barngröt ätf. havre m. banan äpple mjölkfri osötad berikad,Linolsyra C18:2,Gröt,0.9,g
6262,Barngröt ätf. havre m. banan äpple mjölkfri osötad berikad,Oljesyra C18:1,Gröt,0.9,g
6262,Barngröt ätf. havre m. banan äpple mjölkfri osötad berikad,Stearinsyra C18:0,Gröt,0.0,g
6262,Barngröt ätf. havre m. banan äpple mjölkfri osötad berikad,Palmitoljesyra C16:1,Gröt,0.0,g
6262,Barngröt ätf. havre m. banan äpple mjölkfri osötad berikad,Palmitinsyra C16:0,Gröt,0.4,g
6262,Barngröt ätf. havre m. banan äpple mjölkfri osötad berikad,Myristinsyra C14:0,Gröt,0.0,g
6262,Barngröt ätf. havre m. banan äpple mjölkfri osötad berikad,Laurinsyra C12:0,Gröt,0.0,g
6262,Barngröt ätf. havre m. banan äpple mjölkfri osötad berikad,Betakaroten/β-Karoten,Gröt,5.0,µg
6262,Barngröt ätf. havre m. banan äpple mjölkfri osötad berikad,Avfall (skal etc.),Gröt,0.0,%
6262,Barngröt ätf. havre m. banan äpple mjölkfri osötad berikad,Aska,Gröt,0.6,g
6262,Barngröt ätf. havre m. banan äpple mjölkfri osötad berikad,Alkohol,Gröt,0.0,g
6263,Barngröt ätf. naturell fullkorn osötad berikad,"Zink, Zn",Gröt,1.3,mg
6263,Barngröt ätf. naturell fullkorn osötad berikad,Vitamin E,Gröt,1.5,mg
6263,Barngröt ätf. naturell fullkorn osötad berikad,Vitamin D,Gröt,1.79,µg
6263,Barngröt ätf. naturell fullkorn osötad berikad,Vitamin C,Gröt,18.0,mg
6263,Barngröt ätf. naturell fullkorn osötad berikad,Vitamin B6,Gröt,0.05,mg
6263,Barngröt ätf. naturell fullkorn osötad berikad,Vitamin B12,Gröt,0.28,µg
6263,Barngröt ätf. naturell fullkorn osötad berikad,Vitamin A,Gröt,88.3,RE/µg
6263,Barngröt ätf. naturell fullkorn osötad berikad,Vatten,Gröt,77.7,g
6263,Barngröt ätf. naturell fullkorn osötad berikad,Tiamin,Gröt,0.21,mg
6263,Barngröt ätf. naturell fullkorn osötad berikad,Tillsatt socker,Gröt,0.0,g
6263,Barngröt ätf. naturell fullkorn osötad berikad,Fritt socker,Gröt,0.0,g
6263,Barngröt ätf. naturell fullkorn osötad berikad,"Selen, Se",Gröt,1.4,µg
6263,Barngröt ätf. naturell fullkorn osötad berikad,Sackaros,Gröt,0.1,g
6263,Barngröt ätf. naturell fullkorn osötad berikad,Riboflavin,Gröt,0.16,mg
6263,Barngröt ätf. naturell fullkorn osötad berikad,Retinol,Gröt,90.2,µg
6263,Barngröt ätf. naturell fullkorn osötad berikad,Protein,Gröt,3.7,g
6263,Barngröt ätf. naturell fullkorn osötad berikad,Summa fleromättade fettsyror,Gröt,1.1,g
6263,Barngröt ätf. naturell fullkorn osötad berikad,"Fosfor, P",Gröt,102.0,mg
6263,Barngröt ätf. naturell fullkorn osötad berikad,Niacinekvivalenter,Gröt,1.87,NE/mg
6263,Barngröt ätf. naturell fullkorn osötad berikad,Niacin,Gröt,1.25,mg
6263,Barngröt ätf. naturell fullkorn osötad berikad,"Salt, NaCl",Gröt,0.1,g
6263,Barngröt ätf. naturell fullkorn osötad berikad,"Natrium, Na",Gröt,41.0,mg
6263,Barngröt ätf. naturell fullkorn osötad berikad,Monosackarider,Gröt,0.2,g
6263,Barngröt ätf. naturell fullkorn osötad berikad,"Sockerarter, totalt",Gröt,5.5,g
6263,Barngröt ätf. naturell fullkorn osötad berikad,Summa enkelomättade fettsyror,Gröt,1.7,g
6263,Barngröt ätf. naturell fullkorn osötad berikad,"Magnesium, Mg",Gröt,22.0,mg
6263,Barngröt ätf. naturell fullkorn osötad berikad,Summa mättade fettsyror,Gröt,0.7,g
6263,Barngröt ätf. naturell fullkorn osötad berikad,"Kolhydrater, tillgängliga",Gröt,13.5,g
6263,Barngröt ätf. naturell fullkorn osötad berikad,Kolesterol,Gröt,4.2,mg
6263,Barngröt ätf. naturell fullkorn osötad berikad,"Kalium, K",Gröt,185.0,mg
6263,Barngröt ätf. naturell fullkorn osötad berikad,"Jod, I",Gröt,19.4,µg
6263,Barngröt ätf. naturell fullkorn osötad berikad,Fullkorn totalt,Gröt,10.0,g
6263,Barngröt ätf. naturell fullkorn osötad berikad,"Folat, totalt",Gröt,11.4,µg
6263,Barngröt ätf. naturell fullkorn osötad berikad,Fibrer,Gröt,0.5,g
6263,Barngröt ätf. naturell fullkorn osötad berikad,"Fett, totalt",Gröt,3.7,g
6263,Barngröt ätf. naturell fullkorn osötad berikad,"Järn, Fe",Gröt,1.7,mg
6263,Barngröt ätf. naturell fullkorn osötad berikad,Energi (kJ),Gröt,434.0,kJ
6263,Barngröt ätf. naturell fullkorn osötad berikad,Energi (kcal),Gröt,104.0,kcal
6263,Barngröt ätf. naturell fullkorn osötad berikad,Disackarider,Gröt,5.4,g
6263,Barngröt ätf. naturell fullkorn osötad berikad,"Kalcium, Ca",Gröt,124.0,mg
6263,Barngröt ätf. naturell fullkorn osötad berikad,Fettsyra 4:0-10:0,Gröt,0.0,g
6263,Barngröt ätf. naturell fullkorn osötad berikad,DHA (C22:6),Gröt,0.0,g
6263,Barngröt ätf. naturell fullkorn osötad berikad,DPA (C22:5),Gröt,0.0,g
6263,Barngröt ätf. naturell fullkorn osötad berikad,EPA (C20:5),Gröt,0.0,g
6263,Barngröt ätf. naturell fullkorn osötad berikad,Arakidonsyra C20:4,Gröt,0.0,g
6263,Barngröt ätf. naturell fullkorn osötad berikad,Arakidinsyra C20:0,Gröt,0.0,g
6263,Barngröt ätf. naturell fullkorn osötad berikad,Linolensyra C18:3,Gröt,0.2,g
6263,Barngröt ätf. naturell fullkorn osötad berikad,Linolsyra C18:2,Gröt,0.9,g
6263,Barngröt ätf. naturell fullkorn osötad berikad,Oljesyra C18:1,Gröt,1.6,g
6263,Barngröt ätf. naturell fullkorn osötad berikad,Stearinsyra C18:0,Gröt,0.1,g
6263,Barngröt ätf. naturell fullkorn osötad berikad,Palmitoljesyra C16:1,Gröt,0.0,g
6263,Barngröt ätf. naturell fullkorn osötad berikad,Palmitinsyra C16:0,Gröt,0.4,g
6263,Barngröt ätf. naturell fullkorn osötad berikad,Myristinsyra C14:0,Gröt,0.1,g
6263,Barngröt ätf. naturell fullkorn osötad berikad,Laurinsyra C12:0,Gröt,0.0,g
6263,Barngröt ätf. naturell fullkorn osötad berikad,Betakaroten/β-Karoten,Gröt,4.0,µg
6263,Barngröt ätf. naturell fullkorn osötad berikad,Avfall (skal etc.),Gröt,0.0,%
6263,Barngröt ätf. naturell fullkorn osötad berikad,Aska,Gröt,0.9,g
6263,Barngröt ätf. naturell fullkorn osötad berikad,Alkohol,Gröt,0.0,g
6264,Sojaprotein bitar kylvara el. frysvara typ Tzay®,"Zink, Zn",Vegetabiliskt protein produkter och rätter,0.8,mg
6264,Sojaprotein bitar kylvara el. frysvara typ Tzay®,Vitamin E,Vegetabiliskt protein produkter och rätter,1.9,mg
6264,Sojaprotein bitar kylvara el. frysvara typ Tzay®,Vitamin D inkl 25-OH-D3,Vegetabiliskt protein produkter och rätter,0.0,µg
6264,Sojaprotein bitar kylvara el. frysvara typ Tzay®,Vitamin D,Vegetabiliskt protein produkter och rätter,0.0,µg
6264,Sojaprotein bitar kylvara el. frysvara typ Tzay®,Vitamin C,Vegetabiliskt protein produkter och rätter,0.1,mg
6264,Sojaprotein bitar kylvara el. frysvara typ Tzay®,Vitamin B6,Vegetabiliskt protein produkter och rätter,0.06,mg
6264,Sojaprotein bitar kylvara el. frysvara typ Tzay®,Vitamin B12,Vegetabiliskt protein produkter och rätter,0.0,µg
6264,Sojaprotein bitar kylvara el. frysvara typ Tzay®,Vitamin A,Vegetabiliskt protein produkter och rätter,0.0,RE/µg
6264,Sojaprotein bitar kylvara el. frysvara typ Tzay®,Vatten,Vegetabiliskt protein produkter och rätter,61.3,g
6264,Sojaprotein bitar kylvara el. frysvara typ Tzay®,Tiamin,Vegetabiliskt protein produkter och rätter,0.19,mg
6264,Sojaprotein bitar kylvara el. frysvara typ Tzay®,Tillsatt socker,Vegetabiliskt protein produkter och rätter,4.0,g
6264,Sojaprotein bitar kylvara el. frysvara typ Tzay®,Fritt socker,Vegetabiliskt protein produkter och rätter,4.0,g
6264,Sojaprotein bitar kylvara el. frysvara typ Tzay®,"Selen, Se",Vegetabiliskt protein produkter och rätter,6.0,µg
6264,Sojaprotein bitar kylvara el. frysvara typ Tzay®,Sackaros,Vegetabiliskt protein produkter och rätter,4.0,g
6264,Sojaprotein bitar kylvara el. frysvara typ Tzay®,Riboflavin,Vegetabiliskt protein produkter och rätter,0.08,mg
6264,Sojaprotein bitar kylvara el. frysvara typ Tzay®,Retinol,Vegetabiliskt protein produkter och rätter,0.0,µg
6264,Sojaprotein bitar kylvara el. frysvara typ Tzay®,Protein,Vegetabiliskt protein produkter och rätter,16.4,g
6264,Sojaprotein bitar kylvara el. frysvara typ Tzay®,Summa fleromättade fettsyror,Vegetabiliskt protein produkter och rätter,2.6,g
6264,Sojaprotein bitar kylvara el. frysvara typ Tzay®,"Fosfor, P",Vegetabiliskt protein produkter och rätter,210.0,mg
6264,Sojaprotein bitar kylvara el. frysvara typ Tzay®,Niacinekvivalenter,Vegetabiliskt protein produkter och rätter,3.3,NE/mg
6264,Sojaprotein bitar kylvara el. frysvara typ Tzay®,Niacin,Vegetabiliskt protein produkter och rätter,0.6,mg
6264,Sojaprotein bitar kylvara el. frysvara typ Tzay®,"Salt, NaCl",Vegetabiliskt protein produkter och rätter,1.7,g
6264,Sojaprotein bitar kylvara el. frysvara typ Tzay®,"Natrium, Na",Vegetabiliskt protein produkter och rätter,680.0,mg
6264,Sojaprotein bitar kylvara el. frysvara typ Tzay®,Monosackarider,Vegetabiliskt protein produkter och rätter,0.0,g
6264,Sojaprotein bitar kylvara el. frysvara typ Tzay®,"Sockerarter, totalt",Vegetabiliskt protein produkter och rätter,4.0,g
6264,Sojaprotein bitar kylvara el. frysvara typ Tzay®,Summa enkelomättade fettsyror,Vegetabiliskt protein produkter och rätter,1.9,g
6264,Sojaprotein bitar kylvara el. frysvara typ Tzay®,"Magnesium, Mg",Vegetabiliskt protein produkter och rätter,55.0,mg
6264,Sojaprotein bitar kylvara el. frysvara typ Tzay®,Summa mättade fettsyror,Vegetabiliskt protein produkter och rätter,0.7,g
6264,Sojaprotein bitar kylvara el. frysvara typ Tzay®,"Kolhydrater, tillgängliga",Vegetabiliskt protein produkter och rätter,9.3,g
6264,Sojaprotein bitar kylvara el. frysvara typ Tzay®,Kolesterol,Vegetabiliskt protein produkter och rätter,0.0,mg
6264,Sojaprotein bitar kylvara el. frysvara typ Tzay®,"Kalium, K",Vegetabiliskt protein produkter och rätter,320.0,mg
6264,Sojaprotein bitar kylvara el. frysvara typ Tzay®,"Jod, I",Vegetabiliskt protein produkter och rätter,29.0,µg
6264,Sojaprotein bitar kylvara el. frysvara typ Tzay®,Fullkorn totalt,Vegetabiliskt protein produkter och rätter,0.0,g
6264,Sojaprotein bitar kylvara el. frysvara typ Tzay®,"Folat, totalt",Vegetabiliskt protein produkter och rätter,74.6,µg
6264,Sojaprotein bitar kylvara el. frysvara typ Tzay®,Fibrer,Vegetabiliskt protein produkter och rätter,4.3,g
6264,Sojaprotein bitar kylvara el. frysvara typ Tzay®,"Fett, totalt",Vegetabiliskt protein produkter och rätter,5.4,g
6264,Sojaprotein bitar kylvara el. frysvara typ Tzay®,"Järn, Fe",Vegetabiliskt protein produkter och rätter,2.8,mg
6264,Sojaprotein bitar kylvara el. frysvara typ Tzay®,Energi (kJ),Vegetabiliskt protein produkter och rätter,672.0,kJ
6264,Sojaprotein bitar kylvara el. frysvara typ Tzay®,Energi (kcal),Vegetabiliskt protein produkter och rätter,161.0,kcal
6264,Sojaprotein bitar kylvara el. frysvara typ Tzay®,Disackarider,Vegetabiliskt protein produkter och rätter,4.0,g
6264,Sojaprotein bitar kylvara el. frysvara typ Tzay®,"Kalcium, Ca",Vegetabiliskt protein produkter och rätter,85.0,mg
6264,Sojaprotein bitar kylvara el. frysvara typ Tzay®,Fettsyra 4:0-10:0,Vegetabiliskt protein produkter och rätter,0.0,g
6264,Sojaprotein bitar kylvara el. frysvara typ Tzay®,DHA (C22:6),Vegetabiliskt protein produkter och rätter,0.0,g
6264,Sojaprotein bitar kylvara el. frysvara typ Tzay®,DPA (C22:5),Vegetabiliskt protein produkter och rätter,0.0,g
6264,Sojaprotein bitar kylvara el. frysvara typ Tzay®,EPA (C20:5),Vegetabiliskt protein produkter och rätter,0.0,g
6264,Sojaprotein bitar kylvara el. frysvara typ Tzay®,Arakidonsyra C20:4,Vegetabiliskt protein produkter och rätter,0.0,g
6264,Sojaprotein bitar kylvara el. frysvara typ Tzay®,Arakidinsyra C20:0,Vegetabiliskt protein produkter och rätter,0.0,g
6264,Sojaprotein bitar kylvara el. frysvara typ Tzay®,Linolensyra C18:3,Vegetabiliskt protein produkter och rätter,0.3,g
6264,Sojaprotein bitar kylvara el. frysvara typ Tzay®,Linolsyra C18:2,Vegetabiliskt protein produkter och rätter,2.2,g
6264,Sojaprotein bitar kylvara el. frysvara typ Tzay®,Oljesyra C18:1,Vegetabiliskt protein produkter och rätter,1.9,g
6264,Sojaprotein bitar kylvara el. frysvara typ Tzay®,Stearinsyra C18:0,Vegetabiliskt protein produkter och rätter,0.2,g
6264,Sojaprotein bitar kylvara el. frysvara typ Tzay®,Palmitoljesyra C16:1,Vegetabiliskt protein produkter och rätter,0.0,g
6264,Sojaprotein bitar kylvara el. frysvara typ Tzay®,Palmitinsyra C16:0,Vegetabiliskt protein produkter och rätter,0.5,g
6264,Sojaprotein bitar kylvara el. frysvara typ Tzay®,Myristinsyra C14:0,Vegetabiliskt protein produkter och rätter,0.0,g
6264,Sojaprotein bitar kylvara el. frysvara typ Tzay®,Laurinsyra C12:0,Vegetabiliskt protein produkter och rätter,0.0,g
6264,Sojaprotein bitar kylvara el. frysvara typ Tzay®,Betakaroten/β-Karoten,Vegetabiliskt protein produkter och rätter,0.0,µg
6264,Sojaprotein bitar kylvara el. frysvara typ Tzay®,Avfall (skal etc.),Vegetabiliskt protein produkter och rätter,0.0,%
6264,Sojaprotein bitar kylvara el. frysvara typ Tzay®,Aska,Vegetabiliskt protein produkter och rätter,3.3,g
6264,Sojaprotein bitar kylvara el. frysvara typ Tzay®,Alkohol,Vegetabiliskt protein produkter och rätter,0.0,g
6265,Sojaprotein bitar frysvara typ Oumph®,"Zink, Zn",Vegetabiliskt protein produkter och rätter,1.0,mg
6265,Sojaprotein bitar frysvara typ Oumph®,Vitamin E,Vegetabiliskt protein produkter och rätter,0.0,mg
6265,Sojaprotein bitar frysvara typ Oumph®,Vitamin D inkl 25-OH-D3,Vegetabiliskt protein produkter och rätter,0.0,µg
6265,Sojaprotein bitar frysvara typ Oumph®,Vitamin D,Vegetabiliskt protein produkter och rätter,0.0,µg
6265,Sojaprotein bitar frysvara typ Oumph®,Vitamin C,Vegetabiliskt protein produkter och rätter,0.0,mg
6265,Sojaprotein bitar frysvara typ Oumph®,Vitamin B6,Vegetabiliskt protein produkter och rätter,0.0,mg
6265,Sojaprotein bitar frysvara typ Oumph®,Vitamin B12,Vegetabiliskt protein produkter och rätter,0.0,µg
6265,Sojaprotein bitar frysvara typ Oumph®,Vitamin A,Vegetabiliskt protein produkter och rätter,0.0,RE/µg
6265,Sojaprotein bitar frysvara typ Oumph®,Vatten,Vegetabiliskt protein produkter och rätter,74.2,g
6265,Sojaprotein bitar frysvara typ Oumph®,Tiamin,Vegetabiliskt protein produkter och rätter,0.02,mg
6265,Sojaprotein bitar frysvara typ Oumph®,Tillsatt socker,Vegetabiliskt protein produkter och rätter,0.0,g
6265,Sojaprotein bitar frysvara typ Oumph®,Fritt socker,Vegetabiliskt protein produkter och rätter,0.0,g
6265,Sojaprotein bitar frysvara typ Oumph®,"Selen, Se",Vegetabiliskt protein produkter och rätter,8.0,µg
6265,Sojaprotein bitar frysvara typ Oumph®,Sackaros,Vegetabiliskt protein produkter och rätter,0.0,g
6265,Sojaprotein bitar frysvara typ Oumph®,Riboflavin,Vegetabiliskt protein produkter och rätter,0.0,mg
6265,Sojaprotein bitar frysvara typ Oumph®,Retinol,Vegetabiliskt protein produkter och rätter,0.0,µg
6265,Sojaprotein bitar frysvara typ Oumph®,Protein,Vegetabiliskt protein produkter och rätter,18.6,g
6265,Sojaprotein bitar frysvara typ Oumph®,Summa fleromättade fettsyror,Vegetabiliskt protein produkter och rätter,0.2,g
6265,Sojaprotein bitar frysvara typ Oumph®,"Fosfor, P",Vegetabiliskt protein produkter och rätter,230.0,mg
6265,Sojaprotein bitar frysvara typ Oumph®,Niacinekvivalenter,Vegetabiliskt protein produkter och rätter,3.1,NE/mg
6265,Sojaprotein bitar frysvara typ Oumph®,Niacin,Vegetabiliskt protein produkter och rätter,0.0,mg
6265,Sojaprotein bitar frysvara typ Oumph®,"Salt, NaCl",Vegetabiliskt protein produkter och rätter,0.6,g
6265,Sojaprotein bitar frysvara typ Oumph®,"Natrium, Na",Vegetabiliskt protein produkter och rätter,250.0,mg
6265,Sojaprotein bitar frysvara typ Oumph®,Monosackarider,Vegetabiliskt protein produkter och rätter,0.0,g
6265,Sojaprotein bitar frysvara typ Oumph®,"Sockerarter, totalt",Vegetabiliskt protein produkter och rätter,0.0,g
6265,Sojaprotein bitar frysvara typ Oumph®,Summa enkelomättade fettsyror,Vegetabiliskt protein produkter och rätter,0.1,g
6265,Sojaprotein bitar frysvara typ Oumph®,"Magnesium, Mg",Vegetabiliskt protein produkter och rätter,87.0,mg
6265,Sojaprotein bitar frysvara typ Oumph®,Summa mättade fettsyror,Vegetabiliskt protein produkter och rätter,0.1,g
6265,Sojaprotein bitar frysvara typ Oumph®,"Kolhydrater, tillgängliga",Vegetabiliskt protein produkter och rätter,0.0,g
6265,Sojaprotein bitar frysvara typ Oumph®,Kolesterol,Vegetabiliskt protein produkter och rätter,0.0,mg
6265,Sojaprotein bitar frysvara typ Oumph®,"Kalium, K",Vegetabiliskt protein produkter och rätter,330.0,mg
6265,Sojaprotein bitar frysvara typ Oumph®,"Jod, I",Vegetabiliskt protein produkter och rätter,0.0,µg
6265,Sojaprotein bitar frysvara typ Oumph®,Fullkorn totalt,Vegetabiliskt protein produkter och rätter,0.0,g
6265,Sojaprotein bitar frysvara typ Oumph®,"Folat, totalt",Vegetabiliskt protein produkter och rätter,65.8,µg
6265,Sojaprotein bitar frysvara typ Oumph®,Fibrer,Vegetabiliskt protein produkter och rätter,5.9,g
6265,Sojaprotein bitar frysvara typ Oumph®,"Fett, totalt",Vegetabiliskt protein produkter och rätter,0.5,g
6265,Sojaprotein bitar frysvara typ Oumph®,"Järn, Fe",Vegetabiliskt protein produkter och rätter,4.2,mg
6265,Sojaprotein bitar frysvara typ Oumph®,Energi (kJ),Vegetabiliskt protein produkter och rätter,381.0,kJ
6265,Sojaprotein bitar frysvara typ Oumph®,Energi (kcal),Vegetabiliskt protein produkter och rätter,91.0,kcal
6265,Sojaprotein bitar frysvara typ Oumph®,Disackarider,Vegetabiliskt protein produkter och rätter,0.0,g
6265,Sojaprotein bitar frysvara typ Oumph®,"Kalcium, Ca",Vegetabiliskt protein produkter och rätter,130.0,mg
6265,Sojaprotein bitar frysvara typ Oumph®,Fettsyra 4:0-10:0,Vegetabiliskt protein produkter och rätter,0.0,g
6265,Sojaprotein bitar frysvara typ Oumph®,DHA (C22:6),Vegetabiliskt protein produkter och rätter,0.0,g
6265,Sojaprotein bitar frysvara typ Oumph®,DPA (C22:5),Vegetabiliskt protein produkter och rätter,0.0,g
6265,Sojaprotein bitar frysvara typ Oumph®,EPA (C20:5),Vegetabiliskt protein produkter och rätter,0.0,g
6265,Sojaprotein bitar frysvara typ Oumph®,Arakidonsyra C20:4,Vegetabiliskt protein produkter och rätter,0.0,g
6265,Sojaprotein bitar frysvara typ Oumph®,Arakidinsyra C20:0,Vegetabiliskt protein produkter och rätter,0.0,g
6265,Sojaprotein bitar frysvara typ Oumph®,Linolensyra C18:3,Vegetabiliskt protein produkter och rätter,0.0,g
6265,Sojaprotein bitar frysvara typ Oumph®,Linolsyra C18:2,Vegetabiliskt protein produkter och rätter,0.2,g
6265,Sojaprotein bitar frysvara typ Oumph®,Oljesyra C18:1,Vegetabiliskt protein produkter och rätter,0.1,g
6265,Sojaprotein bitar frysvara typ Oumph®,Stearinsyra C18:0,Vegetabiliskt protein produkter och rätter,0.0,g
6265,Sojaprotein bitar frysvara typ Oumph®,Palmitoljesyra C16:1,Vegetabiliskt protein produkter och rätter,0.0,g
6265,Sojaprotein bitar frysvara typ Oumph®,Palmitinsyra C16:0,Vegetabiliskt protein produkter och rätter,0.0,g
6265,Sojaprotein bitar frysvara typ Oumph®,Myristinsyra C14:0,Vegetabiliskt protein produkter och rätter,0.0,g
6265,Sojaprotein bitar frysvara typ Oumph®,Laurinsyra C12:0,Vegetabiliskt protein produkter och rätter,0.0,g
6265,Sojaprotein bitar frysvara typ Oumph®,Betakaroten/β-Karoten,Vegetabiliskt protein produkter och rätter,0.0,µg
6265,Sojaprotein bitar frysvara typ Oumph®,Avfall (skal etc.),Vegetabiliskt protein produkter och rätter,0.0,%
6265,Sojaprotein bitar frysvara typ Oumph®,Aska,Vegetabiliskt protein produkter och rätter,2.0,g
6265,Sojaprotein bitar frysvara typ Oumph®,Alkohol,Vegetabiliskt protein produkter och rätter,0.0,g
6266,Havreprotein pulled havre strimlor kylvara el. frysvara,"Zink, Zn",Vegetabiliskt protein produkter och rätter,3.9,mg
6266,Havreprotein pulled havre strimlor kylvara el. frysvara,Vitamin E,Vegetabiliskt protein produkter och rätter,0.5,mg
6266,Havreprotein pulled havre strimlor kylvara el. frysvara,Vitamin D inkl 25-OH-D3,Vegetabiliskt protein produkter och rätter,0.0,µg
6266,Havreprotein pulled havre strimlor kylvara el. frysvara,Vitamin D,Vegetabiliskt protein produkter och rätter,0.0,µg
6266,Havreprotein pulled havre strimlor kylvara el. frysvara,Vitamin C,Vegetabiliskt protein produkter och rätter,0.0,mg
6266,Havreprotein pulled havre strimlor kylvara el. frysvara,Vitamin B6,Vegetabiliskt protein produkter och rätter,0.0,mg
6266,Havreprotein pulled havre strimlor kylvara el. frysvara,Vitamin B12,Vegetabiliskt protein produkter och rätter,0.0,µg
6266,Havreprotein pulled havre strimlor kylvara el. frysvara,Vitamin A,Vegetabiliskt protein produkter och rätter,0.1,RE/µg
6266,Havreprotein pulled havre strimlor kylvara el. frysvara,Vatten,Vegetabiliskt protein produkter och rätter,50.5,g
6266,Havreprotein pulled havre strimlor kylvara el. frysvara,Tiamin,Vegetabiliskt protein produkter och rätter,0.11,mg
6266,Havreprotein pulled havre strimlor kylvara el. frysvara,Tillsatt socker,Vegetabiliskt protein produkter och rätter,0.0,g
6266,Havreprotein pulled havre strimlor kylvara el. frysvara,Fritt socker,Vegetabiliskt protein produkter och rätter,0.0,g
6266,Havreprotein pulled havre strimlor kylvara el. frysvara,"Selen, Se",Vegetabiliskt protein produkter och rätter,5.0,µg
6266,Havreprotein pulled havre strimlor kylvara el. frysvara,Sackaros,Vegetabiliskt protein produkter och rätter,0.0,g
6266,Havreprotein pulled havre strimlor kylvara el. frysvara,Riboflavin,Vegetabiliskt protein produkter och rätter,0.1,mg
6266,Havreprotein pulled havre strimlor kylvara el. frysvara,Retinol,Vegetabiliskt protein produkter och rätter,0.0,µg
6266,Havreprotein pulled havre strimlor kylvara el. frysvara,Protein,Vegetabiliskt protein produkter och rätter,30.4,g
6266,Havreprotein pulled havre strimlor kylvara el. frysvara,Summa fleromättade fettsyror,Vegetabiliskt protein produkter och rätter,1.8,g
6266,Havreprotein pulled havre strimlor kylvara el. frysvara,"Fosfor, P",Vegetabiliskt protein produkter och rätter,440.0,mg
6266,Havreprotein pulled havre strimlor kylvara el. frysvara,Niacinekvivalenter,Vegetabiliskt protein produkter och rätter,5.7,NE/mg
6266,Havreprotein pulled havre strimlor kylvara el. frysvara,Niacin,Vegetabiliskt protein produkter och rätter,0.67,mg
6266,Havreprotein pulled havre strimlor kylvara el. frysvara,"Salt, NaCl",Vegetabiliskt protein produkter och rätter,0.9,g
6266,Havreprotein pulled havre strimlor kylvara el. frysvara,"Natrium, Na",Vegetabiliskt protein produkter och rätter,350.0,mg
6266,Havreprotein pulled havre strimlor kylvara el. frysvara,Monosackarider,Vegetabiliskt protein produkter och rätter,0.0,g
6266,Havreprotein pulled havre strimlor kylvara el. frysvara,"Sockerarter, totalt",Vegetabiliskt protein produkter och rätter,0.8,g
6266,Havreprotein pulled havre strimlor kylvara el. frysvara,Summa enkelomättade fettsyror,Vegetabiliskt protein produkter och rätter,1.4,g
6266,Havreprotein pulled havre strimlor kylvara el. frysvara,"Magnesium, Mg",Vegetabiliskt protein produkter och rätter,82.0,mg
6266,Havreprotein pulled havre strimlor kylvara el. frysvara,Summa mättade fettsyror,Vegetabiliskt protein produkter och rätter,0.6,g
6266,Havreprotein pulled havre strimlor kylvara el. frysvara,"Kolhydrater, tillgängliga",Vegetabiliskt protein produkter och rätter,9.0,g
6266,Havreprotein pulled havre strimlor kylvara el. frysvara,Kolesterol,Vegetabiliskt protein produkter och rätter,0.0,mg
6266,Havreprotein pulled havre strimlor kylvara el. frysvara,"Kalium, K",Vegetabiliskt protein produkter och rätter,370.0,mg
6266,Havreprotein pulled havre strimlor kylvara el. frysvara,"Jod, I",Vegetabiliskt protein produkter och rätter,0.0,µg
6266,Havreprotein pulled havre strimlor kylvara el. frysvara,Fullkorn totalt,Vegetabiliskt protein produkter och rätter,21.0,g
6266,Havreprotein pulled havre strimlor kylvara el. frysvara,"Folat, totalt",Vegetabiliskt protein produkter och rätter,22.0,µg
6266,Havreprotein pulled havre strimlor kylvara el. frysvara,Fibrer,Vegetabiliskt protein produkter och rätter,3.8,g
6266,Havreprotein pulled havre strimlor kylvara el. frysvara,"Fett, totalt",Vegetabiliskt protein produkter och rätter,4.0,g
6266,Havreprotein pulled havre strimlor kylvara el. frysvara,"Järn, Fe",Vegetabiliskt protein produkter och rätter,5.9,mg
6266,Havreprotein pulled havre strimlor kylvara el. frysvara,Energi (kJ),Vegetabiliskt protein produkter och rätter,848.0,kJ
6266,Havreprotein pulled havre strimlor kylvara el. frysvara,Energi (kcal),Vegetabiliskt protein produkter och rätter,203.0,kcal
6266,Havreprotein pulled havre strimlor kylvara el. frysvara,Disackarider,Vegetabiliskt protein produkter och rätter,0.8,g
6266,Havreprotein pulled havre strimlor kylvara el. frysvara,"Kalcium, Ca",Vegetabiliskt protein produkter och rätter,50.0,mg
6266,Havreprotein pulled havre strimlor kylvara el. frysvara,Fettsyra 4:0-10:0,Vegetabiliskt protein produkter och rätter,0.0,g
6266,Havreprotein pulled havre strimlor kylvara el. frysvara,DHA (C22:6),Vegetabiliskt protein produkter och rätter,0.0,g
6266,Havreprotein pulled havre strimlor kylvara el. frysvara,DPA (C22:5),Vegetabiliskt protein produkter och rätter,0.0,g
6266,Havreprotein pulled havre strimlor kylvara el. frysvara,EPA (C20:5),Vegetabiliskt protein produkter och rätter,0.0,g
6266,Havreprotein pulled havre strimlor kylvara el. frysvara,Arakidonsyra C20:4,Vegetabiliskt protein produkter och rätter,0.0,g
6266,Havreprotein pulled havre strimlor kylvara el. frysvara,Arakidinsyra C20:0,Vegetabiliskt protein produkter och rätter,0.0,g
6266,Havreprotein pulled havre strimlor kylvara el. frysvara,Linolensyra C18:3,Vegetabiliskt protein produkter och rätter,0.2,g
6266,Havreprotein pulled havre strimlor kylvara el. frysvara,Linolsyra C18:2,Vegetabiliskt protein produkter och rätter,1.6,g
6266,Havreprotein pulled havre strimlor kylvara el. frysvara,Oljesyra C18:1,Vegetabiliskt protein produkter och rätter,1.4,g
6266,Havreprotein pulled havre strimlor kylvara el. frysvara,Stearinsyra C18:0,Vegetabiliskt protein produkter och rätter,0.1,g
6266,Havreprotein pulled havre strimlor kylvara el. frysvara,Palmitoljesyra C16:1,Vegetabiliskt protein produkter och rätter,0.0,g
6266,Havreprotein pulled havre strimlor kylvara el. frysvara,Palmitinsyra C16:0,Vegetabiliskt protein produkter och rätter,0.5,g
6266,Havreprotein pulled havre strimlor kylvara el. frysvara,Myristinsyra C14:0,Vegetabiliskt protein produkter och rätter,0.0,g
6266,Havreprotein pulled havre strimlor kylvara el. frysvara,Laurinsyra C12:0,Vegetabiliskt protein produkter och rätter,0.0,g
6266,Havreprotein pulled havre strimlor kylvara el. frysvara,Betakaroten/β-Karoten,Vegetabiliskt protein produkter och rätter,2.0,µg
6266,Havreprotein pulled havre strimlor kylvara el. frysvara,Avfall (skal etc.),Vegetabiliskt protein produkter och rätter,0.0,%
6266,Havreprotein pulled havre strimlor kylvara el. frysvara,Aska,Vegetabiliskt protein produkter och rätter,2.3,g
6266,Havreprotein pulled havre strimlor kylvara el. frysvara,Alkohol,Vegetabiliskt protein produkter och rätter,0.0,g
6267,Sojaprotein färs kylvara el. frysvara berikad,"Zink, Zn",Vegetabiliskt protein produkter och rätter,0.9,mg
6267,Sojaprotein färs kylvara el. frysvara berikad,Vitamin E,Vegetabiliskt protein produkter och rätter,2.8,mg
6267,Sojaprotein färs kylvara el. frysvara berikad,Vitamin D inkl 25-OH-D3,Vegetabiliskt protein produkter och rätter,0.0,µg
6267,Sojaprotein färs kylvara el. frysvara berikad,Vitamin D,Vegetabiliskt protein produkter och rätter,0.0,µg
6267,Sojaprotein färs kylvara el. frysvara berikad,Vitamin C,Vegetabiliskt protein produkter och rätter,0.0,mg
6267,Sojaprotein färs kylvara el. frysvara berikad,Vitamin B6,Vegetabiliskt protein produkter och rätter,0.0,mg
6267,Sojaprotein färs kylvara el. frysvara berikad,Vitamin B12,Vegetabiliskt protein produkter och rätter,0.78,µg
6267,Sojaprotein färs kylvara el. frysvara berikad,Vitamin A,Vegetabiliskt protein produkter och rätter,0.0,RE/µg
6267,Sojaprotein färs kylvara el. frysvara berikad,Vatten,Vegetabiliskt protein produkter och rätter,63.6,g
6267,Sojaprotein färs kylvara el. frysvara berikad,Tiamin,Vegetabiliskt protein produkter och rätter,0.07,mg
6267,Sojaprotein färs kylvara el. frysvara berikad,Tillsatt socker,Vegetabiliskt protein produkter och rätter,0.0,g
6267,Sojaprotein färs kylvara el. frysvara berikad,Fritt socker,Vegetabiliskt protein produkter och rätter,0.0,g
6267,Sojaprotein färs kylvara el. frysvara berikad,"Selen, Se",Vegetabiliskt protein produkter och rätter,10.0,µg
6267,Sojaprotein färs kylvara el. frysvara berikad,Sackaros,Vegetabiliskt protein produkter och rätter,0.0,g
6267,Sojaprotein färs kylvara el. frysvara berikad,Riboflavin,Vegetabiliskt protein produkter och rätter,0.05,mg
6267,Sojaprotein färs kylvara el. frysvara berikad,Retinol,Vegetabiliskt protein produkter och rätter,0.0,µg
6267,Sojaprotein färs kylvara el. frysvara berikad,Protein,Vegetabiliskt protein produkter och rätter,15.2,g
6267,Sojaprotein färs kylvara el. frysvara berikad,Summa fleromättade fettsyror,Vegetabiliskt protein produkter och rätter,2.2,g
6267,Sojaprotein färs kylvara el. frysvara berikad,"Fosfor, P",Vegetabiliskt protein produkter och rätter,200.0,mg
6267,Sojaprotein färs kylvara el. frysvara berikad,Niacinekvivalenter,Vegetabiliskt protein produkter och rätter,2.9,NE/mg
6267,Sojaprotein färs kylvara el. frysvara berikad,Niacin,Vegetabiliskt protein produkter och rätter,0.38,mg
6267,Sojaprotein färs kylvara el. frysvara berikad,"Salt, NaCl",Vegetabiliskt protein produkter och rätter,1.0,g
6267,Sojaprotein färs kylvara el. frysvara berikad,"Natrium, Na",Vegetabiliskt protein produkter och rätter,380.0,mg
6267,Sojaprotein färs kylvara el. frysvara berikad,Monosackarider,Vegetabiliskt protein produkter och rätter,0.0,g
6267,Sojaprotein färs kylvara el. frysvara berikad,"Sockerarter, totalt",Vegetabiliskt protein produkter och rätter,0.0,g
6267,Sojaprotein färs kylvara el. frysvara berikad,Summa enkelomättade fettsyror,Vegetabiliskt protein produkter och rätter,5.0,g
6267,Sojaprotein färs kylvara el. frysvara berikad,"Magnesium, Mg",Vegetabiliskt protein produkter och rätter,78.0,mg
6267,Sojaprotein färs kylvara el. frysvara berikad,Summa mättade fettsyror,Vegetabiliskt protein produkter och rätter,1.0,g
6267,Sojaprotein färs kylvara el. frysvara berikad,"Kolhydrater, tillgängliga",Vegetabiliskt protein produkter och rätter,4.8,g
6267,Sojaprotein färs kylvara el. frysvara berikad,Kolesterol,Vegetabiliskt protein produkter och rätter,0.0,mg
6267,Sojaprotein färs kylvara el. frysvara berikad,"Kalium, K",Vegetabiliskt protein produkter och rätter,560.0,mg
6267,Sojaprotein färs kylvara el. frysvara berikad,"Jod, I",Vegetabiliskt protein produkter och rätter,0.0,µg
6267,Sojaprotein färs kylvara el. frysvara berikad,Fullkorn totalt,Vegetabiliskt protein produkter och rätter,0.0,g
6267,Sojaprotein färs kylvara el. frysvara berikad,"Folat, totalt",Vegetabiliskt protein produkter och rätter,75.5,µg
6267,Sojaprotein färs kylvara el. frysvara berikad,Fibrer,Vegetabiliskt protein produkter och rätter,5.3,g
6267,Sojaprotein färs kylvara el. frysvara berikad,"Fett, totalt",Vegetabiliskt protein produkter och rätter,8.6,g
6267,Sojaprotein färs kylvara el. frysvara berikad,"Järn, Fe",Vegetabiliskt protein produkter och rätter,4.0,mg
6267,Sojaprotein färs kylvara el. frysvara berikad,Energi (kJ),Vegetabiliskt protein produkter och rätter,700.0,kJ
6267,Sojaprotein färs kylvara el. frysvara berikad,Energi (kcal),Vegetabiliskt protein produkter och rätter,167.0,kcal
6267,Sojaprotein färs kylvara el. frysvara berikad,Disackarider,Vegetabiliskt protein produkter och rätter,0.0,g
6267,Sojaprotein färs kylvara el. frysvara berikad,"Kalcium, Ca",Vegetabiliskt protein produkter och rätter,110.0,mg
6267,Sojaprotein färs kylvara el. frysvara berikad,Fettsyra 4:0-10:0,Vegetabiliskt protein produkter och rätter,0.1,g
6267,Sojaprotein färs kylvara el. frysvara berikad,DHA (C22:6),Vegetabiliskt protein produkter och rätter,0.0,g
6267,Sojaprotein färs kylvara el. frysvara berikad,DPA (C22:5),Vegetabiliskt protein produkter och rätter,0.0,g
6267,Sojaprotein färs kylvara el. frysvara berikad,EPA (C20:5),Vegetabiliskt protein produkter och rätter,0.0,g
6267,Sojaprotein färs kylvara el. frysvara berikad,Arakidonsyra C20:4,Vegetabiliskt protein produkter och rätter,0.0,g
6267,Sojaprotein färs kylvara el. frysvara berikad,Arakidinsyra C20:0,Vegetabiliskt protein produkter och rätter,0.0,g
6267,Sojaprotein färs kylvara el. frysvara berikad,Linolensyra C18:3,Vegetabiliskt protein produkter och rätter,0.7,g
6267,Sojaprotein färs kylvara el. frysvara berikad,Linolsyra C18:2,Vegetabiliskt protein produkter och rätter,1.6,g
6267,Sojaprotein färs kylvara el. frysvara berikad,Oljesyra C18:1,Vegetabiliskt protein produkter och rätter,4.8,g
6267,Sojaprotein färs kylvara el. frysvara berikad,Stearinsyra C18:0,Vegetabiliskt protein produkter och rätter,0.1,g
6267,Sojaprotein färs kylvara el. frysvara berikad,Palmitoljesyra C16:1,Vegetabiliskt protein produkter och rätter,0.0,g
6267,Sojaprotein färs kylvara el. frysvara berikad,Palmitinsyra C16:0,Vegetabiliskt protein produkter och rätter,0.4,g
6267,Sojaprotein färs kylvara el. frysvara berikad,Myristinsyra C14:0,Vegetabiliskt protein produkter och rätter,0.1,g
6267,Sojaprotein färs kylvara el. frysvara berikad,Laurinsyra C12:0,Vegetabiliskt protein produkter och rätter,0.3,g
6267,Sojaprotein färs kylvara el. frysvara berikad,Betakaroten/β-Karoten,Vegetabiliskt protein produkter och rätter,0.0,µg
6267,Sojaprotein färs kylvara el. frysvara berikad,Avfall (skal etc.),Vegetabiliskt protein produkter och rätter,0.0,%
6267,Sojaprotein färs kylvara el. frysvara berikad,Aska,Vegetabiliskt protein produkter och rätter,2.5,g
6267,Sojaprotein färs kylvara el. frysvara berikad,Alkohol,Vegetabiliskt protein produkter och rätter,0.0,g
6268,Soja- och veteprotein färs frysvara,"Zink, Zn",Vegetabiliskt protein produkter och rätter,2.1,mg
6268,Soja- och veteprotein färs frysvara,Vitamin E,Vegetabiliskt protein produkter och rätter,1.2,mg
6268,Soja- och veteprotein färs frysvara,Vitamin D inkl 25-OH-D3,Vegetabiliskt protein produkter och rätter,0.0,µg
6268,Soja- och veteprotein färs frysvara,Vitamin D,Vegetabiliskt protein produkter och rätter,0.0,µg
6268,Soja- och veteprotein färs frysvara,Vitamin C,Vegetabiliskt protein produkter och rätter,0.0,mg
6268,Soja- och veteprotein färs frysvara,Vitamin B6,Vegetabiliskt protein produkter och rätter,0.25,mg
6268,Soja- och veteprotein färs frysvara,Vitamin B12,Vegetabiliskt protein produkter och rätter,0.0,µg
6268,Soja- och veteprotein färs frysvara,Vitamin A,Vegetabiliskt protein produkter och rätter,0.0,RE/µg
6268,Soja- och veteprotein färs frysvara,Vatten,Vegetabiliskt protein produkter och rätter,57.8,g
6268,Soja- och veteprotein färs frysvara,Tiamin,Vegetabiliskt protein produkter och rätter,0.34,mg
6268,Soja- och veteprotein färs frysvara,Tillsatt socker,Vegetabiliskt protein produkter och rätter,0.0,g
6268,Soja- och veteprotein färs frysvara,Fritt socker,Vegetabiliskt protein produkter och rätter,0.0,g
6268,Soja- och veteprotein färs frysvara,"Selen, Se",Vegetabiliskt protein produkter och rätter,0.0,µg
6268,Soja- och veteprotein färs frysvara,Sackaros,Vegetabiliskt protein produkter och rätter,2.1,g
6268,Soja- och veteprotein färs frysvara,Riboflavin,Vegetabiliskt protein produkter och rätter,0.16,mg
6268,Soja- och veteprotein färs frysvara,Retinol,Vegetabiliskt protein produkter och rätter,0.0,µg
6268,Soja- och veteprotein färs frysvara,Protein,Vegetabiliskt protein produkter och rätter,18.6,g
6268,Soja- och veteprotein färs frysvara,Summa fleromättade fettsyror,Vegetabiliskt protein produkter och rätter,0.9,g
6268,Soja- och veteprotein färs frysvara,"Fosfor, P",Vegetabiliskt protein produkter och rätter,280.0,mg
6268,Soja- och veteprotein färs frysvara,Niacinekvivalenter,Vegetabiliskt protein produkter och rätter,5.4,NE/mg
6268,Soja- och veteprotein färs frysvara,Niacin,Vegetabiliskt protein produkter och rätter,2.32,mg
6268,Soja- och veteprotein färs frysvara,"Salt, NaCl",Vegetabiliskt protein produkter och rätter,0.4,g
6268,Soja- och veteprotein färs frysvara,"Natrium, Na",Vegetabiliskt protein produkter och rätter,160.0,mg
6268,Soja- och veteprotein färs frysvara,Monosackarider,Vegetabiliskt protein produkter och rätter,0.4,g
6268,Soja- och veteprotein färs frysvara,"Sockerarter, totalt",Vegetabiliskt protein produkter och rätter,2.5,g
6268,Soja- och veteprotein färs frysvara,Summa enkelomättade fettsyror,Vegetabiliskt protein produkter och rätter,1.7,g
6268,Soja- och veteprotein färs frysvara,"Magnesium, Mg",Vegetabiliskt protein produkter och rätter,130.0,mg
6268,Soja- och veteprotein färs frysvara,Summa mättade fettsyror,Vegetabiliskt protein produkter och rätter,0.3,g
6268,Soja- och veteprotein färs frysvara,"Kolhydrater, tillgängliga",Vegetabiliskt protein produkter och rätter,11.9,g
6268,Soja- och veteprotein färs frysvara,Kolesterol,Vegetabiliskt protein produkter och rätter,0.0,mg
6268,Soja- och veteprotein färs frysvara,"Kalium, K",Vegetabiliskt protein produkter och rätter,910.0,mg
6268,Soja- och veteprotein färs frysvara,"Jod, I",Vegetabiliskt protein produkter och rätter,0.0,µg
6268,Soja- och veteprotein färs frysvara,Fullkorn totalt,Vegetabiliskt protein produkter och rätter,0.0,g
6268,Soja- och veteprotein färs frysvara,"Folat, totalt",Vegetabiliskt protein produkter och rätter,141.0,µg
6268,Soja- och veteprotein färs frysvara,Fibrer,Vegetabiliskt protein produkter och rätter,5.8,g
6268,Soja- och veteprotein färs frysvara,"Fett, totalt",Vegetabiliskt protein produkter och rätter,3.0,g
6268,Soja- och veteprotein färs frysvara,"Järn, Fe",Vegetabiliskt protein produkter och rätter,4.2,mg
6268,Soja- och veteprotein färs frysvara,Energi (kJ),Vegetabiliskt protein produkter och rätter,677.0,kJ
6268,Soja- och veteprotein färs frysvara,Energi (kcal),Vegetabiliskt protein produkter och rätter,162.0,kcal
6268,Soja- och veteprotein färs frysvara,Disackarider,Vegetabiliskt protein produkter och rätter,2.1,g
6268,Soja- och veteprotein färs frysvara,"Kalcium, Ca",Vegetabiliskt protein produkter och rätter,110.0,mg
6268,Soja- och veteprotein färs frysvara,Fettsyra 4:0-10:0,Vegetabiliskt protein produkter och rätter,0.0,g
6268,Soja- och veteprotein färs frysvara,DHA (C22:6),Vegetabiliskt protein produkter och rätter,0.0,g
6268,Soja- och veteprotein färs frysvara,DPA (C22:5),Vegetabiliskt protein produkter och rätter,0.0,g
6268,Soja- och veteprotein färs frysvara,EPA (C20:5),Vegetabiliskt protein produkter och rätter,0.0,g
6268,Soja- och veteprotein färs frysvara,Arakidonsyra C20:4,Vegetabiliskt protein produkter och rätter,0.0,g
6268,Soja- och veteprotein färs frysvara,Arakidinsyra C20:0,Vegetabiliskt protein produkter och rätter,0.0,g
6268,Soja- och veteprotein färs frysvara,Linolensyra C18:3,Vegetabiliskt protein produkter och rätter,0.2,g
6268,Soja- och veteprotein färs frysvara,Linolsyra C18:2,Vegetabiliskt protein produkter och rätter,0.7,g
6268,Soja- och veteprotein färs frysvara,Oljesyra C18:1,Vegetabiliskt protein produkter och rätter,1.7,g
6268,Soja- och veteprotein färs frysvara,Stearinsyra C18:0,Vegetabiliskt protein produkter och rätter,0.0,g
6268,Soja- och veteprotein färs frysvara,Palmitoljesyra C16:1,Vegetabiliskt protein produkter och rätter,0.0,g
6268,Soja- och veteprotein färs frysvara,Palmitinsyra C16:0,Vegetabiliskt protein produkter och rätter,0.2,g
6268,Soja- och veteprotein färs frysvara,Myristinsyra C14:0,Vegetabiliskt protein produkter och rätter,0.0,g
6268,Soja- och veteprotein färs frysvara,Laurinsyra C12:0,Vegetabiliskt protein produkter och rätter,0.0,g
6268,Soja- och veteprotein färs frysvara,Betakaroten/β-Karoten,Vegetabiliskt protein produkter och rätter,0.0,µg
6268,Soja- och veteprotein färs frysvara,Avfall (skal etc.),Vegetabiliskt protein produkter och rätter,0.0,%
6268,Soja- och veteprotein färs frysvara,Aska,Vegetabiliskt protein produkter och rätter,2.9,g
6268,Soja- och veteprotein färs frysvara,Alkohol,Vegetabiliskt protein produkter och rätter,0.0,g
6270,Sojaprotein bullar kylvara el. frysvara,"Zink, Zn",Vegetabiliskt protein produkter och rätter,0.7,mg
6270,Sojaprotein bullar kylvara el. frysvara,Vitamin E,Vegetabiliskt protein produkter och rätter,4.0,mg
6270,Sojaprotein bullar kylvara el. frysvara,Vitamin D inkl 25-OH-D3,Vegetabiliskt protein produkter och rätter,0.0,µg
6270,Sojaprotein bullar kylvara el. frysvara,Vitamin D,Vegetabiliskt protein produkter och rätter,0.0,µg
6270,Sojaprotein bullar kylvara el. frysvara,Vitamin C,Vegetabiliskt protein produkter och rätter,0.0,mg
6270,Sojaprotein bullar kylvara el. frysvara,Vitamin B6,Vegetabiliskt protein produkter och rätter,0.06,mg
6270,Sojaprotein bullar kylvara el. frysvara,Vitamin B12,Vegetabiliskt protein produkter och rätter,0.0,µg
6270,Sojaprotein bullar kylvara el. frysvara,Vitamin A,Vegetabiliskt protein produkter och rätter,0.0,RE/µg
6270,Sojaprotein bullar kylvara el. frysvara,Vatten,Vegetabiliskt protein produkter och rätter,63.4,g
6270,Sojaprotein bullar kylvara el. frysvara,Tiamin,Vegetabiliskt protein produkter och rätter,0.06,mg
6270,Sojaprotein bullar kylvara el. frysvara,Tillsatt socker,Vegetabiliskt protein produkter och rätter,0.0,g
6270,Sojaprotein bullar kylvara el. frysvara,Fritt socker,Vegetabiliskt protein produkter och rätter,0.0,g
6270,Sojaprotein bullar kylvara el. frysvara,"Selen, Se",Vegetabiliskt protein produkter och rätter,8.0,µg
6270,Sojaprotein bullar kylvara el. frysvara,Sackaros,Vegetabiliskt protein produkter och rätter,0.0,g
6270,Sojaprotein bullar kylvara el. frysvara,Riboflavin,Vegetabiliskt protein produkter och rätter,0.04,mg
6270,Sojaprotein bullar kylvara el. frysvara,Retinol,Vegetabiliskt protein produkter och rätter,0.0,µg
6270,Sojaprotein bullar kylvara el. frysvara,Protein,Vegetabiliskt protein produkter och rätter,13.6,g
6270,Sojaprotein bullar kylvara el. frysvara,Summa fleromättade fettsyror,Vegetabiliskt protein produkter och rätter,2.8,g
6270,Sojaprotein bullar kylvara el. frysvara,"Fosfor, P",Vegetabiliskt protein produkter och rätter,180.0,mg
6270,Sojaprotein bullar kylvara el. frysvara,Niacinekvivalenter,Vegetabiliskt protein produkter och rätter,2.6,NE/mg
6270,Sojaprotein bullar kylvara el. frysvara,Niacin,Vegetabiliskt protein produkter och rätter,0.32,mg
6270,Sojaprotein bullar kylvara el. frysvara,"Salt, NaCl",Vegetabiliskt protein produkter och rätter,1.1,g
6270,Sojaprotein bullar kylvara el. frysvara,"Natrium, Na",Vegetabiliskt protein produkter och rätter,440.0,mg
6270,Sojaprotein bullar kylvara el. frysvara,Monosackarider,Vegetabiliskt protein produkter och rätter,0.0,g
6270,Sojaprotein bullar kylvara el. frysvara,"Sockerarter, totalt",Vegetabiliskt protein produkter och rätter,0.0,g
6270,Sojaprotein bullar kylvara el. frysvara,Summa enkelomättade fettsyror,Vegetabiliskt protein produkter och rätter,6.4,g
6270,Sojaprotein bullar kylvara el. frysvara,"Magnesium, Mg",Vegetabiliskt protein produkter och rätter,57.0,mg
6270,Sojaprotein bullar kylvara el. frysvara,Summa mättade fettsyror,Vegetabiliskt protein produkter och rätter,0.7,g
6270,Sojaprotein bullar kylvara el. frysvara,"Kolhydrater, tillgängliga",Vegetabiliskt protein produkter och rätter,5.5,g
6270,Sojaprotein bullar kylvara el. frysvara,Kolesterol,Vegetabiliskt protein produkter och rätter,0.0,mg
6270,Sojaprotein bullar kylvara el. frysvara,"Kalium, K",Vegetabiliskt protein produkter och rätter,390.0,mg
6270,Sojaprotein bullar kylvara el. frysvara,"Jod, I",Vegetabiliskt protein produkter och rätter,0.0,µg
6270,Sojaprotein bullar kylvara el. frysvara,Fullkorn totalt,Vegetabiliskt protein produkter och rätter,0.0,g
6270,Sojaprotein bullar kylvara el. frysvara,"Folat, totalt",Vegetabiliskt protein produkter och rätter,51.6,µg
6270,Sojaprotein bullar kylvara el. frysvara,Fibrer,Vegetabiliskt protein produkter och rätter,4.7,g
6270,Sojaprotein bullar kylvara el. frysvara,"Fett, totalt",Vegetabiliskt protein produkter och rätter,10.4,g
6270,Sojaprotein bullar kylvara el. frysvara,"Järn, Fe",Vegetabiliskt protein produkter och rätter,2.3,mg
6270,Sojaprotein bullar kylvara el. frysvara,Energi (kJ),Vegetabiliskt protein produkter och rätter,747.0,kJ
6270,Sojaprotein bullar kylvara el. frysvara,Energi (kcal),Vegetabiliskt protein produkter och rätter,179.0,kcal
6270,Sojaprotein bullar kylvara el. frysvara,Disackarider,Vegetabiliskt protein produkter och rätter,0.0,g
6270,Sojaprotein bullar kylvara el. frysvara,"Kalcium, Ca",Vegetabiliskt protein produkter och rätter,83.0,mg
6270,Sojaprotein bullar kylvara el. frysvara,Fettsyra 4:0-10:0,Vegetabiliskt protein produkter och rätter,0.0,g
6270,Sojaprotein bullar kylvara el. frysvara,DHA (C22:6),Vegetabiliskt protein produkter och rätter,0.0,g
6270,Sojaprotein bullar kylvara el. frysvara,DPA (C22:5),Vegetabiliskt protein produkter och rätter,0.0,g
6270,Sojaprotein bullar kylvara el. frysvara,EPA (C20:5),Vegetabiliskt protein produkter och rätter,0.0,g
6270,Sojaprotein bullar kylvara el. frysvara,Arakidonsyra C20:4,Vegetabiliskt protein produkter och rätter,0.0,g
6270,Sojaprotein bullar kylvara el. frysvara,Arakidinsyra C20:0,Vegetabiliskt protein produkter och rätter,0.0,g
6270,Sojaprotein bullar kylvara el. frysvara,Linolensyra C18:3,Vegetabiliskt protein produkter och rätter,0.8,g
6270,Sojaprotein bullar kylvara el. frysvara,Linolsyra C18:2,Vegetabiliskt protein produkter och rätter,2.0,g
6270,Sojaprotein bullar kylvara el. frysvara,Oljesyra C18:1,Vegetabiliskt protein produkter och rätter,6.2,g
6270,Sojaprotein bullar kylvara el. frysvara,Stearinsyra C18:0,Vegetabiliskt protein produkter och rätter,0.2,g
6270,Sojaprotein bullar kylvara el. frysvara,Palmitoljesyra C16:1,Vegetabiliskt protein produkter och rätter,0.0,g
6270,Sojaprotein bullar kylvara el. frysvara,Palmitinsyra C16:0,Vegetabiliskt protein produkter och rätter,0.5,g
6270,Sojaprotein bullar kylvara el. frysvara,Myristinsyra C14:0,Vegetabiliskt protein produkter och rätter,0.0,g
6270,Sojaprotein bullar kylvara el. frysvara,Laurinsyra C12:0,Vegetabiliskt protein produkter och rätter,0.0,g
6270,Sojaprotein bullar kylvara el. frysvara,Betakaroten/β-Karoten,Vegetabiliskt protein produkter och rätter,0.0,µg
6270,Sojaprotein bullar kylvara el. frysvara,Avfall (skal etc.),Vegetabiliskt protein produkter och rätter,0.0,%
6270,Sojaprotein bullar kylvara el. frysvara,Aska,Vegetabiliskt protein produkter och rätter,2.4,g
6270,Sojaprotein bullar kylvara el. frysvara,Alkohol,Vegetabiliskt protein produkter och rätter,0.0,g
6272,Mykoprotein bullar frysvara,"Zink, Zn",Vegetabiliskt protein produkter och rätter,3.8,mg
6272,Mykoprotein bullar frysvara,Vitamin E,Vegetabiliskt protein produkter och rätter,1.5,mg
6272,Mykoprotein bullar frysvara,Vitamin D,Vegetabiliskt protein produkter och rätter,0.16,µg
6272,Mykoprotein bullar frysvara,Vitamin C,Vegetabiliskt protein produkter och rätter,0.2,mg
6272,Mykoprotein bullar frysvara,Vitamin B6,Vegetabiliskt protein produkter och rätter,0.15,mg
6272,Mykoprotein bullar frysvara,Vitamin B12,Vegetabiliskt protein produkter och rätter,0.0,µg
6272,Mykoprotein bullar frysvara,Vitamin A,Vegetabiliskt protein produkter och rätter,0.0,RE/µg
6272,Mykoprotein bullar frysvara,Vatten,Vegetabiliskt protein produkter och rätter,69.6,g
6272,Mykoprotein bullar frysvara,Tiamin,Vegetabiliskt protein produkter och rätter,8.38,mg
6272,Mykoprotein bullar frysvara,Tillsatt socker,Vegetabiliskt protein produkter och rätter,0.0,g
6272,Mykoprotein bullar frysvara,Fritt socker,Vegetabiliskt protein produkter och rätter,0.0,g
6272,Mykoprotein bullar frysvara,"Selen, Se",Vegetabiliskt protein produkter och rätter,0.0,µg
6272,Mykoprotein bullar frysvara,Sackaros,Vegetabiliskt protein produkter och rätter,0.1,g
6272,Mykoprotein bullar frysvara,Riboflavin,Vegetabiliskt protein produkter och rätter,0.37,mg
6272,Mykoprotein bullar frysvara,Retinol,Vegetabiliskt protein produkter och rätter,0.0,µg
6272,Mykoprotein bullar frysvara,Protein,Vegetabiliskt protein produkter och rätter,13.3,g
6272,Mykoprotein bullar frysvara,Summa fleromättade fettsyror,Vegetabiliskt protein produkter och rätter,0.6,g
6272,Mykoprotein bullar frysvara,"Fosfor, P",Vegetabiliskt protein produkter och rätter,190.0,mg
6272,Mykoprotein bullar frysvara,Niacinekvivalenter,Vegetabiliskt protein produkter och rätter,3.7,NE/mg
6272,Mykoprotein bullar frysvara,Niacin,Vegetabiliskt protein produkter och rätter,1.44,mg
6272,Mykoprotein bullar frysvara,"Salt, NaCl",Vegetabiliskt protein produkter och rätter,1.4,g
6272,Mykoprotein bullar frysvara,"Natrium, Na",Vegetabiliskt protein produkter och rätter,540.0,mg
6272,Mykoprotein bullar frysvara,Monosackarider,Vegetabiliskt protein produkter och rätter,0.2,g
6272,Mykoprotein bullar frysvara,"Sockerarter, totalt",Vegetabiliskt protein produkter och rätter,0.4,g
6272,Mykoprotein bullar frysvara,Summa enkelomättade fettsyror,Vegetabiliskt protein produkter och rätter,0.9,g
6272,Mykoprotein bullar frysvara,"Magnesium, Mg",Vegetabiliskt protein produkter och rätter,30.0,mg
6272,Mykoprotein bullar frysvara,Summa mättade fettsyror,Vegetabiliskt protein produkter och rätter,1.6,g
6272,Mykoprotein bullar frysvara,"Kolhydrater, tillgängliga",Vegetabiliskt protein produkter och rätter,8.3,g
6272,Mykoprotein bullar frysvara,Kolesterol,Vegetabiliskt protein produkter och rätter,0.9,mg
6272,Mykoprotein bullar frysvara,"Kalium, K",Vegetabiliskt protein produkter och rätter,230.0,mg
6272,Mykoprotein bullar frysvara,"Jod, I",Vegetabiliskt protein produkter och rätter,0.0,µg
6272,Mykoprotein bullar frysvara,Fullkorn totalt,Vegetabiliskt protein produkter och rätter,0.0,g
6272,Mykoprotein bullar frysvara,"Folat, totalt",Vegetabiliskt protein produkter och rätter,122.0,µg
6272,Mykoprotein bullar frysvara,Fibrer,Vegetabiliskt protein produkter och rätter,3.3,g
6272,Mykoprotein bullar frysvara,"Fett, totalt",Vegetabiliskt protein produkter och rätter,3.3,g
6272,Mykoprotein bullar frysvara,"Järn, Fe",Vegetabiliskt protein produkter och rätter,0.4,mg
6272,Mykoprotein bullar frysvara,Energi (kJ),Vegetabiliskt protein produkter och rätter,516.0,kJ
6272,Mykoprotein bullar frysvara,Energi (kcal),Vegetabiliskt protein produkter och rätter,123.0,kcal
6272,Mykoprotein bullar frysvara,Disackarider,Vegetabiliskt protein produkter och rätter,0.2,g
6272,Mykoprotein bullar frysvara,"Kalcium, Ca",Vegetabiliskt protein produkter och rätter,100.0,mg
6272,Mykoprotein bullar frysvara,Fettsyra 4:0-10:0,Vegetabiliskt protein produkter och rätter,0.0,g
6272,Mykoprotein bullar frysvara,DHA (C22:6),Vegetabiliskt protein produkter och rätter,0.0,g
6272,Mykoprotein bullar frysvara,DPA (C22:5),Vegetabiliskt protein produkter och rätter,0.0,g
6272,Mykoprotein bullar frysvara,EPA (C20:5),Vegetabiliskt protein produkter och rätter,0.0,g
6272,Mykoprotein bullar frysvara,Arakidonsyra C20:4,Vegetabiliskt protein produkter och rätter,0.0,g
6272,Mykoprotein bullar frysvara,Arakidinsyra C20:0,Vegetabiliskt protein produkter och rätter,0.0,g
6272,Mykoprotein bullar frysvara,Linolensyra C18:3,Vegetabiliskt protein produkter och rätter,0.0,g
6272,Mykoprotein bullar frysvara,Linolsyra C18:2,Vegetabiliskt protein produkter och rätter,0.6,g
6272,Mykoprotein bullar frysvara,Oljesyra C18:1,Vegetabiliskt protein produkter och rätter,0.9,g
6272,Mykoprotein bullar frysvara,Stearinsyra C18:0,Vegetabiliskt protein produkter och rätter,0.1,g
6272,Mykoprotein bullar frysvara,Palmitoljesyra C16:1,Vegetabiliskt protein produkter och rätter,0.0,g
6272,Mykoprotein bullar frysvara,Palmitinsyra C16:0,Vegetabiliskt protein produkter och rätter,1.4,g
6272,Mykoprotein bullar frysvara,Myristinsyra C14:0,Vegetabiliskt protein produkter och rätter,0.0,g
6272,Mykoprotein bullar frysvara,Laurinsyra C12:0,Vegetabiliskt protein produkter och rätter,0.0,g
6272,Mykoprotein bullar frysvara,Betakaroten/β-Karoten,Vegetabiliskt protein produkter och rätter,0.0,µg
6272,Mykoprotein bullar frysvara,Avfall (skal etc.),Vegetabiliskt protein produkter och rätter,0.0,%
6272,Mykoprotein bullar frysvara,Aska,Vegetabiliskt protein produkter och rätter,2.2,g
6272,Mykoprotein bullar frysvara,Alkohol,Vegetabiliskt protein produkter och rätter,0.0,g
6273,Mykoprotein nugget kylvara el. frysvara,"Zink, Zn",Vegetabiliskt protein produkter och rätter,3.9,mg
6273,Mykoprotein nugget kylvara el. frysvara,Vitamin E,Vegetabiliskt protein produkter och rätter,4.3,mg
6273,Mykoprotein nugget kylvara el. frysvara,Vitamin D inkl 25-OH-D3,Vegetabiliskt protein produkter och rätter,0.0,µg
6273,Mykoprotein nugget kylvara el. frysvara,Vitamin D,Vegetabiliskt protein produkter och rätter,0.0,µg
6273,Mykoprotein nugget kylvara el. frysvara,Vitamin C,Vegetabiliskt protein produkter och rätter,0.0,mg
6273,Mykoprotein nugget kylvara el. frysvara,Vitamin B6,Vegetabiliskt protein produkter och rätter,0.11,mg
6273,Mykoprotein nugget kylvara el. frysvara,Vitamin B12,Vegetabiliskt protein produkter och rätter,0.0,µg
6273,Mykoprotein nugget kylvara el. frysvara,Vitamin A,Vegetabiliskt protein produkter och rätter,4.7,RE/µg
6273,Mykoprotein nugget kylvara el. frysvara,Vatten,Vegetabiliskt protein produkter och rätter,57.2,g
6273,Mykoprotein nugget kylvara el. frysvara,Tiamin,Vegetabiliskt protein produkter och rätter,0.16,mg
6273,Mykoprotein nugget kylvara el. frysvara,Tillsatt socker,Vegetabiliskt protein produkter och rätter,2.0,g
6273,Mykoprotein nugget kylvara el. frysvara,Fritt socker,Vegetabiliskt protein produkter och rätter,2.0,g
6273,Mykoprotein nugget kylvara el. frysvara,"Selen, Se",Vegetabiliskt protein produkter och rätter,0.0,µg
6273,Mykoprotein nugget kylvara el. frysvara,Sackaros,Vegetabiliskt protein produkter och rätter,0.1,g
6273,Mykoprotein nugget kylvara el. frysvara,Riboflavin,Vegetabiliskt protein produkter och rätter,0.25,mg
6273,Mykoprotein nugget kylvara el. frysvara,Retinol,Vegetabiliskt protein produkter och rätter,4.0,µg
6273,Mykoprotein nugget kylvara el. frysvara,Protein,Vegetabiliskt protein produkter och rätter,11.3,g
6273,Mykoprotein nugget kylvara el. frysvara,Summa fleromättade fettsyror,Vegetabiliskt protein produkter och rätter,4.5,g
6273,Mykoprotein nugget kylvara el. frysvara,"Fosfor, P",Vegetabiliskt protein produkter och rätter,180.0,mg
6273,Mykoprotein nugget kylvara el. frysvara,Niacinekvivalenter,Vegetabiliskt protein produkter och rätter,3.3,NE/mg
6273,Mykoprotein nugget kylvara el. frysvara,Niacin,Vegetabiliskt protein produkter och rätter,1.4,mg
6273,Mykoprotein nugget kylvara el. frysvara,"Salt, NaCl",Vegetabiliskt protein produkter och rätter,1.1,g
6273,Mykoprotein nugget kylvara el. frysvara,"Natrium, Na",Vegetabiliskt protein produkter och rätter,440.0,mg
6273,Mykoprotein nugget kylvara el. frysvara,Monosackarider,Vegetabiliskt protein produkter och rätter,0.3,g
6273,Mykoprotein nugget kylvara el. frysvara,"Sockerarter, totalt",Vegetabiliskt protein produkter och rätter,2.2,g
6273,Mykoprotein nugget kylvara el. frysvara,Summa enkelomättade fettsyror,Vegetabiliskt protein produkter och rätter,2.2,g
6273,Mykoprotein nugget kylvara el. frysvara,"Magnesium, Mg",Vegetabiliskt protein produkter och rätter,32.0,mg
6273,Mykoprotein nugget kylvara el. frysvara,Summa mättade fettsyror,Vegetabiliskt protein produkter och rätter,1.0,g
6273,Mykoprotein nugget kylvara el. frysvara,"Kolhydrater, tillgängliga",Vegetabiliskt protein produkter och rätter,17.0,g
6273,Mykoprotein nugget kylvara el. frysvara,Kolesterol,Vegetabiliskt protein produkter och rätter,0.0,mg
6273,Mykoprotein nugget kylvara el. frysvara,"Kalium, K",Vegetabiliskt protein produkter och rätter,120.0,mg
6273,Mykoprotein nugget kylvara el. frysvara,"Jod, I",Vegetabiliskt protein produkter och rätter,0.0,µg
6273,Mykoprotein nugget kylvara el. frysvara,Fullkorn totalt,Vegetabiliskt protein produkter och rätter,0.0,g
6273,Mykoprotein nugget kylvara el. frysvara,"Folat, totalt",Vegetabiliskt protein produkter och rätter,70.7,µg
6273,Mykoprotein nugget kylvara el. frysvara,Fibrer,Vegetabiliskt protein produkter och rätter,4.6,g
6273,Mykoprotein nugget kylvara el. frysvara,"Fett, totalt",Vegetabiliskt protein produkter och rätter,8.0,g
6273,Mykoprotein nugget kylvara el. frysvara,"Järn, Fe",Vegetabiliskt protein produkter och rätter,0.8,mg
6273,Mykoprotein nugget kylvara el. frysvara,Energi (kJ),Vegetabiliskt protein produkter och rätter,814.0,kJ
6273,Mykoprotein nugget kylvara el. frysvara,Energi (kcal),Vegetabiliskt protein produkter och rätter,194.0,kcal
6273,Mykoprotein nugget kylvara el. frysvara,Disackarider,Vegetabiliskt protein produkter och rätter,1.9,g
6273,Mykoprotein nugget kylvara el. frysvara,"Kalcium, Ca",Vegetabiliskt protein produkter och rätter,170.0,mg
6273,Mykoprotein nugget kylvara el. frysvara,Fettsyra 4:0-10:0,Vegetabiliskt protein produkter och rätter,0.0,g
6273,Mykoprotein nugget kylvara el. frysvara,DHA (C22:6),Vegetabiliskt protein produkter och rätter,0.0,g
6273,Mykoprotein nugget kylvara el. frysvara,DPA (C22:5),Vegetabiliskt protein produkter och rätter,0.0,g
6273,Mykoprotein nugget kylvara el. frysvara,EPA (C20:5),Vegetabiliskt protein produkter och rätter,0.0,g
6273,Mykoprotein nugget kylvara el. frysvara,Arakidonsyra C20:4,Vegetabiliskt protein produkter och rätter,0.0,g
6273,Mykoprotein nugget kylvara el. frysvara,Arakidinsyra C20:0,Vegetabiliskt protein produkter och rätter,0.0,g
6273,Mykoprotein nugget kylvara el. frysvara,Linolensyra C18:3,Vegetabiliskt protein produkter och rätter,0.1,g
6273,Mykoprotein nugget kylvara el. frysvara,Linolsyra C18:2,Vegetabiliskt protein produkter och rätter,4.4,g
6273,Mykoprotein nugget kylvara el. frysvara,Oljesyra C18:1,Vegetabiliskt protein produkter och rätter,2.2,g
6273,Mykoprotein nugget kylvara el. frysvara,Stearinsyra C18:0,Vegetabiliskt protein produkter och rätter,0.3,g
6273,Mykoprotein nugget kylvara el. frysvara,Palmitoljesyra C16:1,Vegetabiliskt protein produkter och rätter,0.0,g
6273,Mykoprotein nugget kylvara el. frysvara,Palmitinsyra C16:0,Vegetabiliskt protein produkter och rätter,0.6,g
6273,Mykoprotein nugget kylvara el. frysvara,Myristinsyra C14:0,Vegetabiliskt protein produkter och rätter,0.0,g
6273,Mykoprotein nugget kylvara el. frysvara,Laurinsyra C12:0,Vegetabiliskt protein produkter och rätter,0.0,g
6273,Mykoprotein nugget kylvara el. frysvara,Betakaroten/β-Karoten,Vegetabiliskt protein produkter och rätter,7.0,µg
6273,Mykoprotein nugget kylvara el. frysvara,Avfall (skal etc.),Vegetabiliskt protein produkter och rätter,0.0,%
6273,Mykoprotein nugget kylvara el. frysvara,Aska,Vegetabiliskt protein produkter och rätter,1.9,g
6273,Mykoprotein nugget kylvara el. frysvara,Alkohol,Vegetabiliskt protein produkter och rätter,0.0,g
6274,Sojaprotein nugget kylvara el. frysvara,"Zink, Zn",Vegetabiliskt protein produkter och rätter,0.9,mg
6274,Sojaprotein nugget kylvara el. frysvara,Vitamin E,Vegetabiliskt protein produkter och rätter,4.1,mg
6274,Sojaprotein nugget kylvara el. frysvara,Vitamin D inkl 25-OH-D3,Vegetabiliskt protein produkter och rätter,0.0,µg
6274,Sojaprotein nugget kylvara el. frysvara,Vitamin D,Vegetabiliskt protein produkter och rätter,0.0,µg
6274,Sojaprotein nugget kylvara el. frysvara,Vitamin C,Vegetabiliskt protein produkter och rätter,0.0,mg
6274,Sojaprotein nugget kylvara el. frysvara,Vitamin B6,Vegetabiliskt protein produkter och rätter,0.09,mg
6274,Sojaprotein nugget kylvara el. frysvara,Vitamin B12,Vegetabiliskt protein produkter och rätter,0.0,µg
6274,Sojaprotein nugget kylvara el. frysvara,Vitamin A,Vegetabiliskt protein produkter och rätter,5.0,RE/µg
6274,Sojaprotein nugget kylvara el. frysvara,Vatten,Vegetabiliskt protein produkter och rätter,54.6,g
6274,Sojaprotein nugget kylvara el. frysvara,Tiamin,Vegetabiliskt protein produkter och rätter,0.28,mg
6274,Sojaprotein nugget kylvara el. frysvara,Tillsatt socker,Vegetabiliskt protein produkter och rätter,0.0,g
6274,Sojaprotein nugget kylvara el. frysvara,Fritt socker,Vegetabiliskt protein produkter och rätter,0.0,g
6274,Sojaprotein nugget kylvara el. frysvara,"Selen, Se",Vegetabiliskt protein produkter och rätter,9.0,µg
6274,Sojaprotein nugget kylvara el. frysvara,Sackaros,Vegetabiliskt protein produkter och rätter,0.3,g
6274,Sojaprotein nugget kylvara el. frysvara,Riboflavin,Vegetabiliskt protein produkter och rätter,0.07,mg
6274,Sojaprotein nugget kylvara el. frysvara,Retinol,Vegetabiliskt protein produkter och rätter,3.8,µg
6274,Sojaprotein nugget kylvara el. frysvara,Protein,Vegetabiliskt protein produkter och rätter,11.3,g
6274,Sojaprotein nugget kylvara el. frysvara,Summa fleromättade fettsyror,Vegetabiliskt protein produkter och rätter,4.6,g
6274,Sojaprotein nugget kylvara el. frysvara,"Fosfor, P",Vegetabiliskt protein produkter och rätter,160.0,mg
6274,Sojaprotein nugget kylvara el. frysvara,Niacinekvivalenter,Vegetabiliskt protein produkter och rätter,2.7,NE/mg
6274,Sojaprotein nugget kylvara el. frysvara,Niacin,Vegetabiliskt protein produkter och rätter,0.78,mg
6274,Sojaprotein nugget kylvara el. frysvara,"Salt, NaCl",Vegetabiliskt protein produkter och rätter,1.2,g
6274,Sojaprotein nugget kylvara el. frysvara,"Natrium, Na",Vegetabiliskt protein produkter och rätter,470.0,mg
6274,Sojaprotein nugget kylvara el. frysvara,Monosackarider,Vegetabiliskt protein produkter och rätter,0.2,g
6274,Sojaprotein nugget kylvara el. frysvara,"Sockerarter, totalt",Vegetabiliskt protein produkter och rätter,0.8,g
6274,Sojaprotein nugget kylvara el. frysvara,Summa enkelomättade fettsyror,Vegetabiliskt protein produkter och rätter,4.5,g
6274,Sojaprotein nugget kylvara el. frysvara,"Magnesium, Mg",Vegetabiliskt protein produkter och rätter,62.0,mg
6274,Sojaprotein nugget kylvara el. frysvara,Summa mättade fettsyror,Vegetabiliskt protein produkter och rätter,1.0,g
6274,Sojaprotein nugget kylvara el. frysvara,"Kolhydrater, tillgängliga",Vegetabiliskt protein produkter och rätter,15.8,g
6274,Sojaprotein nugget kylvara el. frysvara,Kolesterol,Vegetabiliskt protein produkter och rätter,0.0,mg
6274,Sojaprotein nugget kylvara el. frysvara,"Kalium, K",Vegetabiliskt protein produkter och rätter,390.0,mg
6274,Sojaprotein nugget kylvara el. frysvara,"Jod, I",Vegetabiliskt protein produkter och rätter,0.0,µg
6274,Sojaprotein nugget kylvara el. frysvara,Fullkorn totalt,Vegetabiliskt protein produkter och rätter,0.0,g
6274,Sojaprotein nugget kylvara el. frysvara,"Folat, totalt",Vegetabiliskt protein produkter och rätter,57.9,µg
6274,Sojaprotein nugget kylvara el. frysvara,Fibrer,Vegetabiliskt protein produkter och rätter,5.0,g
6274,Sojaprotein nugget kylvara el. frysvara,"Fett, totalt",Vegetabiliskt protein produkter och rätter,10.6,g
6274,Sojaprotein nugget kylvara el. frysvara,"Järn, Fe",Vegetabiliskt protein produkter och rätter,2.2,mg
6274,Sojaprotein nugget kylvara el. frysvara,Energi (kJ),Vegetabiliskt protein produkter och rätter,893.0,kJ
6274,Sojaprotein nugget kylvara el. frysvara,Energi (kcal),Vegetabiliskt protein produkter och rätter,214.0,kcal
6274,Sojaprotein nugget kylvara el. frysvara,Disackarider,Vegetabiliskt protein produkter och rätter,0.6,g
6274,Sojaprotein nugget kylvara el. frysvara,"Kalcium, Ca",Vegetabiliskt protein produkter och rätter,68.0,mg
6274,Sojaprotein nugget kylvara el. frysvara,Fettsyra 4:0-10:0,Vegetabiliskt protein produkter och rätter,0.0,g
6274,Sojaprotein nugget kylvara el. frysvara,DHA (C22:6),Vegetabiliskt protein produkter och rätter,0.0,g
6274,Sojaprotein nugget kylvara el. frysvara,DPA (C22:5),Vegetabiliskt protein produkter och rätter,0.0,g
6274,Sojaprotein nugget kylvara el. frysvara,EPA (C20:5),Vegetabiliskt protein produkter och rätter,0.0,g
6274,Sojaprotein nugget kylvara el. frysvara,Arakidonsyra C20:4,Vegetabiliskt protein produkter och rätter,0.0,g
6274,Sojaprotein nugget kylvara el. frysvara,Arakidinsyra C20:0,Vegetabiliskt protein produkter och rätter,0.0,g
6274,Sojaprotein nugget kylvara el. frysvara,Linolensyra C18:3,Vegetabiliskt protein produkter och rätter,0.4,g
6274,Sojaprotein nugget kylvara el. frysvara,Linolsyra C18:2,Vegetabiliskt protein produkter och rätter,4.2,g
6274,Sojaprotein nugget kylvara el. frysvara,Oljesyra C18:1,Vegetabiliskt protein produkter och rätter,4.4,g
6274,Sojaprotein nugget kylvara el. frysvara,Stearinsyra C18:0,Vegetabiliskt protein produkter och rätter,0.4,g
6274,Sojaprotein nugget kylvara el. frysvara,Palmitoljesyra C16:1,Vegetabiliskt protein produkter och rätter,0.0,g
6274,Sojaprotein nugget kylvara el. frysvara,Palmitinsyra C16:0,Vegetabiliskt protein produkter och rätter,0.6,g
6274,Sojaprotein nugget kylvara el. frysvara,Myristinsyra C14:0,Vegetabiliskt protein produkter och rätter,0.0,g
6274,Sojaprotein nugget kylvara el. frysvara,Laurinsyra C12:0,Vegetabiliskt protein produkter och rätter,0.0,g
6274,Sojaprotein nugget kylvara el. frysvara,Betakaroten/β-Karoten,Vegetabiliskt protein produkter och rätter,12.0,µg
6274,Sojaprotein nugget kylvara el. frysvara,Avfall (skal etc.),Vegetabiliskt protein produkter och rätter,0.0,%
6274,Sojaprotein nugget kylvara el. frysvara,Aska,Vegetabiliskt protein produkter och rätter,2.7,g
6274,Sojaprotein nugget kylvara el. frysvara,Alkohol,Vegetabiliskt protein produkter och rätter,0.0,g
6275,Soja- och veteprotein nugget kylvara el. frysvara,"Zink, Zn",Vegetabiliskt protein produkter och rätter,1.0,mg
6275,Soja- och veteprotein nugget kylvara el. frysvara,Vitamin E,Vegetabiliskt protein produkter och rätter,5.8,mg
6275,Soja- och veteprotein nugget kylvara el. frysvara,Vitamin D inkl 25-OH-D3,Vegetabiliskt protein produkter och rätter,0.0,µg
6275,Soja- och veteprotein nugget kylvara el. frysvara,Vitamin D,Vegetabiliskt protein produkter och rätter,0.0,µg
6275,Soja- och veteprotein nugget kylvara el. frysvara,Vitamin C,Vegetabiliskt protein produkter och rätter,3.2,mg
6275,Soja- och veteprotein nugget kylvara el. frysvara,Vitamin B6,Vegetabiliskt protein produkter och rätter,0.1,mg
6275,Soja- och veteprotein nugget kylvara el. frysvara,Vitamin B12,Vegetabiliskt protein produkter och rätter,0.0,µg
6275,Soja- och veteprotein nugget kylvara el. frysvara,Vitamin A,Vegetabiliskt protein produkter och rätter,1.3,RE/µg
6275,Soja- och veteprotein nugget kylvara el. frysvara,Vatten,Vegetabiliskt protein produkter och rätter,50.7,g
6275,Soja- och veteprotein nugget kylvara el. frysvara,Tiamin,Vegetabiliskt protein produkter och rätter,0.09,mg
6275,Soja- och veteprotein nugget kylvara el. frysvara,Tillsatt socker,Vegetabiliskt protein produkter och rätter,0.0,g
6275,Soja- och veteprotein nugget kylvara el. frysvara,Fritt socker,Vegetabiliskt protein produkter och rätter,0.0,g
6275,Soja- och veteprotein nugget kylvara el. frysvara,"Selen, Se",Vegetabiliskt protein produkter och rätter,12.0,µg
6275,Soja- och veteprotein nugget kylvara el. frysvara,Sackaros,Vegetabiliskt protein produkter och rätter,0.4,g
6275,Soja- och veteprotein nugget kylvara el. frysvara,Riboflavin,Vegetabiliskt protein produkter och rätter,0.11,mg
6275,Soja- och veteprotein nugget kylvara el. frysvara,Retinol,Vegetabiliskt protein produkter och rätter,0.0,µg
6275,Soja- och veteprotein nugget kylvara el. frysvara,Protein,Vegetabiliskt protein produkter och rätter,18.6,g
6275,Soja- och veteprotein nugget kylvara el. frysvara,Summa fleromättade fettsyror,Vegetabiliskt protein produkter och rätter,5.1,g
6275,Soja- och veteprotein nugget kylvara el. frysvara,"Fosfor, P",Vegetabiliskt protein produkter och rätter,160.0,mg
6275,Soja- och veteprotein nugget kylvara el. frysvara,Niacinekvivalenter,Vegetabiliskt protein produkter och rätter,4.4,NE/mg
6275,Soja- och veteprotein nugget kylvara el. frysvara,Niacin,Vegetabiliskt protein produkter och rätter,1.29,mg
6275,Soja- och veteprotein nugget kylvara el. frysvara,"Salt, NaCl",Vegetabiliskt protein produkter och rätter,1.5,g
6275,Soja- och veteprotein nugget kylvara el. frysvara,"Natrium, Na",Vegetabiliskt protein produkter och rätter,590.0,mg
6275,Soja- och veteprotein nugget kylvara el. frysvara,Monosackarider,Vegetabiliskt protein produkter och rätter,0.4,g
6275,Soja- och veteprotein nugget kylvara el. frysvara,"Sockerarter, totalt",Vegetabiliskt protein produkter och rätter,1.7,g
6275,Soja- och veteprotein nugget kylvara el. frysvara,Summa enkelomättade fettsyror,Vegetabiliskt protein produkter och rätter,4.7,g
6275,Soja- och veteprotein nugget kylvara el. frysvara,"Magnesium, Mg",Vegetabiliskt protein produkter och rätter,58.0,mg
6275,Soja- och veteprotein nugget kylvara el. frysvara,Summa mättade fettsyror,Vegetabiliskt protein produkter och rätter,1.1,g
6275,Soja- och veteprotein nugget kylvara el. frysvara,"Kolhydrater, tillgängliga",Vegetabiliskt protein produkter och rätter,13.5,g
6275,Soja- och veteprotein nugget kylvara el. frysvara,Kolesterol,Vegetabiliskt protein produkter och rätter,0.6,mg
6275,Soja- och veteprotein nugget kylvara el. frysvara,"Kalium, K",Vegetabiliskt protein produkter och rätter,300.0,mg
6275,Soja- och veteprotein nugget kylvara el. frysvara,"Jod, I",Vegetabiliskt protein produkter och rätter,0.0,µg
6275,Soja- och veteprotein nugget kylvara el. frysvara,Fullkorn totalt,Vegetabiliskt protein produkter och rätter,0.0,g
6275,Soja- och veteprotein nugget kylvara el. frysvara,"Folat, totalt",Vegetabiliskt protein produkter och rätter,70.9,µg
6275,Soja- och veteprotein nugget kylvara el. frysvara,Fibrer,Vegetabiliskt protein produkter och rätter,3.3,g
6275,Soja- och veteprotein nugget kylvara el. frysvara,"Fett, totalt",Vegetabiliskt protein produkter och rätter,11.4,g
6275,Soja- och veteprotein nugget kylvara el. frysvara,"Järn, Fe",Vegetabiliskt protein produkter och rätter,1.9,mg
6275,Soja- och veteprotein nugget kylvara el. frysvara,Energi (kJ),Vegetabiliskt protein produkter och rätter,993.0,kJ
6275,Soja- och veteprotein nugget kylvara el. frysvara,Energi (kcal),Vegetabiliskt protein produkter och rätter,237.0,kcal
6275,Soja- och veteprotein nugget kylvara el. frysvara,Disackarider,Vegetabiliskt protein produkter och rätter,1.3,g
6275,Soja- och veteprotein nugget kylvara el. frysvara,"Kalcium, Ca",Vegetabiliskt protein produkter och rätter,57.0,mg
6275,Soja- och veteprotein nugget kylvara el. frysvara,Fettsyra 4:0-10:0,Vegetabiliskt protein produkter och rätter,0.0,g
6275,Soja- och veteprotein nugget kylvara el. frysvara,DHA (C22:6),Vegetabiliskt protein produkter och rätter,0.0,g
6275,Soja- och veteprotein nugget kylvara el. frysvara,DPA (C22:5),Vegetabiliskt protein produkter och rätter,0.0,g
6275,Soja- och veteprotein nugget kylvara el. frysvara,EPA (C20:5),Vegetabiliskt protein produkter och rätter,0.0,g
6275,Soja- och veteprotein nugget kylvara el. frysvara,Arakidonsyra C20:4,Vegetabiliskt protein produkter och rätter,0.0,g
6275,Soja- och veteprotein nugget kylvara el. frysvara,Arakidinsyra C20:0,Vegetabiliskt protein produkter och rätter,0.0,g
6275,Soja- och veteprotein nugget kylvara el. frysvara,Linolensyra C18:3,Vegetabiliskt protein produkter och rätter,0.3,g
6275,Soja- och veteprotein nugget kylvara el. frysvara,Linolsyra C18:2,Vegetabiliskt protein produkter och rätter,4.8,g
6275,Soja- och veteprotein nugget kylvara el. frysvara,Oljesyra C18:1,Vegetabiliskt protein produkter och rätter,4.6,g
6275,Soja- och veteprotein nugget kylvara el. frysvara,Stearinsyra C18:0,Vegetabiliskt protein produkter och rätter,0.3,g
6275,Soja- och veteprotein nugget kylvara el. frysvara,Palmitoljesyra C16:1,Vegetabiliskt protein produkter och rätter,0.0,g
6275,Soja- och veteprotein nugget kylvara el. frysvara,Palmitinsyra C16:0,Vegetabiliskt protein produkter och rätter,0.7,g
6275,Soja- och veteprotein nugget kylvara el. frysvara,Myristinsyra C14:0,Vegetabiliskt protein produkter och rätter,0.0,g
6275,Soja- och veteprotein nugget kylvara el. frysvara,Laurinsyra C12:0,Vegetabiliskt protein produkter och rätter,0.0,g
6275,Soja- och veteprotein nugget kylvara el. frysvara,Betakaroten/β-Karoten,Vegetabiliskt protein produkter och rätter,12.0,µg
6275,Soja- och veteprotein nugget kylvara el. frysvara,Avfall (skal etc.),Vegetabiliskt protein produkter och rätter,0.0,%
6275,Soja- och veteprotein nugget kylvara el. frysvara,Aska,Vegetabiliskt protein produkter och rätter,2.6,g
6275,Soja- och veteprotein nugget kylvara el. frysvara,Alkohol,Vegetabiliskt protein produkter och rätter,0.0,g
6276,Soja- och veteprotein nugget kylvara el. frysvara berikad,"Zink, Zn",Vegetabiliskt protein produkter och rätter,1.0,mg
6276,Soja- och veteprotein nugget kylvara el. frysvara berikad,Vitamin E,Vegetabiliskt protein produkter och rätter,5.8,mg
6276,Soja- och veteprotein nugget kylvara el. frysvara berikad,Vitamin D inkl 25-OH-D3,Vegetabiliskt protein produkter och rätter,0.0,µg
6276,Soja- och veteprotein nugget kylvara el. frysvara berikad,Vitamin D,Vegetabiliskt protein produkter och rätter,0.0,µg
6276,Soja- och veteprotein nugget kylvara el. frysvara berikad,Vitamin C,Vegetabiliskt protein produkter och rätter,3.2,mg
6276,Soja- och veteprotein nugget kylvara el. frysvara berikad,Vitamin B6,Vegetabiliskt protein produkter och rätter,0.0,mg
6276,Soja- och veteprotein nugget kylvara el. frysvara berikad,Vitamin B12,Vegetabiliskt protein produkter och rätter,0.38,µg
6276,Soja- och veteprotein nugget kylvara el. frysvara berikad,Vitamin A,Vegetabiliskt protein produkter och rätter,1.3,RE/µg
6276,Soja- och veteprotein nugget kylvara el. frysvara berikad,Vatten,Vegetabiliskt protein produkter och rätter,50.7,g
6276,Soja- och veteprotein nugget kylvara el. frysvara berikad,Tiamin,Vegetabiliskt protein produkter och rätter,0.09,mg
6276,Soja- och veteprotein nugget kylvara el. frysvara berikad,Tillsatt socker,Vegetabiliskt protein produkter och rätter,0.0,g
6276,Soja- och veteprotein nugget kylvara el. frysvara berikad,Fritt socker,Vegetabiliskt protein produkter och rätter,0.0,g
6276,Soja- och veteprotein nugget kylvara el. frysvara berikad,"Selen, Se",Vegetabiliskt protein produkter och rätter,12.0,µg
6276,Soja- och veteprotein nugget kylvara el. frysvara berikad,Sackaros,Vegetabiliskt protein produkter och rätter,0.4,g
6276,Soja- och veteprotein nugget kylvara el. frysvara berikad,Riboflavin,Vegetabiliskt protein produkter och rätter,0.11,mg
6276,Soja- och veteprotein nugget kylvara el. frysvara berikad,Retinol,Vegetabiliskt protein produkter och rätter,0.0,µg
6276,Soja- och veteprotein nugget kylvara el. frysvara berikad,Protein,Vegetabiliskt protein produkter och rätter,18.6,g
6276,Soja- och veteprotein nugget kylvara el. frysvara berikad,Summa fleromättade fettsyror,Vegetabiliskt protein produkter och rätter,5.1,g
6276,Soja- och veteprotein nugget kylvara el. frysvara berikad,"Fosfor, P",Vegetabiliskt protein produkter och rätter,160.0,mg
6276,Soja- och veteprotein nugget kylvara el. frysvara berikad,Niacinekvivalenter,Vegetabiliskt protein produkter och rätter,4.4,NE/mg
6276,Soja- och veteprotein nugget kylvara el. frysvara berikad,Niacin,Vegetabiliskt protein produkter och rätter,1.29,mg
6276,Soja- och veteprotein nugget kylvara el. frysvara berikad,"Salt, NaCl",Vegetabiliskt protein produkter och rätter,1.5,g
6276,Soja- och veteprotein nugget kylvara el. frysvara berikad,"Natrium, Na",Vegetabiliskt protein produkter och rätter,590.0,mg
6276,Soja- och veteprotein nugget kylvara el. frysvara berikad,Monosackarider,Vegetabiliskt protein produkter och rätter,0.4,g
6276,Soja- och veteprotein nugget kylvara el. frysvara berikad,"Sockerarter, totalt",Vegetabiliskt protein produkter och rätter,1.7,g
6276,Soja- och veteprotein nugget kylvara el. frysvara berikad,Summa enkelomättade fettsyror,Vegetabiliskt protein produkter och rätter,4.7,g
6276,Soja- och veteprotein nugget kylvara el. frysvara berikad,"Magnesium, Mg",Vegetabiliskt protein produkter och rätter,58.0,mg
6276,Soja- och veteprotein nugget kylvara el. frysvara berikad,Summa mättade fettsyror,Vegetabiliskt protein produkter och rätter,1.1,g
6276,Soja- och veteprotein nugget kylvara el. frysvara berikad,"Kolhydrater, tillgängliga",Vegetabiliskt protein produkter och rätter,13.5,g
6276,Soja- och veteprotein nugget kylvara el. frysvara berikad,Kolesterol,Vegetabiliskt protein produkter och rätter,0.6,mg
6276,Soja- och veteprotein nugget kylvara el. frysvara berikad,"Kalium, K",Vegetabiliskt protein produkter och rätter,300.0,mg
6276,Soja- och veteprotein nugget kylvara el. frysvara berikad,"Jod, I",Vegetabiliskt protein produkter och rätter,0.0,µg
6276,Soja- och veteprotein nugget kylvara el. frysvara berikad,Fullkorn totalt,Vegetabiliskt protein produkter och rätter,0.0,g
6276,Soja- och veteprotein nugget kylvara el. frysvara berikad,"Folat, totalt",Vegetabiliskt protein produkter och rätter,70.9,µg
6276,Soja- och veteprotein nugget kylvara el. frysvara berikad,Fibrer,Vegetabiliskt protein produkter och rätter,3.3,g
6276,Soja- och veteprotein nugget kylvara el. frysvara berikad,"Fett, totalt",Vegetabiliskt protein produkter och rätter,11.4,g
6276,Soja- och veteprotein nugget kylvara el. frysvara berikad,"Järn, Fe",Vegetabiliskt protein produkter och rätter,2.1,mg
6276,Soja- och veteprotein nugget kylvara el. frysvara berikad,Energi (kJ),Vegetabiliskt protein produkter och rätter,993.0,kJ
6276,Soja- och veteprotein nugget kylvara el. frysvara berikad,Energi (kcal),Vegetabiliskt protein produkter och rätter,237.0,kcal
6276,Soja- och veteprotein nugget kylvara el. frysvara berikad,Disackarider,Vegetabiliskt protein produkter och rätter,1.3,g
6276,Soja- och veteprotein nugget kylvara el. frysvara berikad,"Kalcium, Ca",Vegetabiliskt protein produkter och rätter,57.0,mg
6276,Soja- och veteprotein nugget kylvara el. frysvara berikad,Fettsyra 4:0-10:0,Vegetabiliskt protein produkter och rätter,0.0,g
6276,Soja- och veteprotein nugget kylvara el. frysvara berikad,DHA (C22:6),Vegetabiliskt protein produkter och rätter,0.0,g
6276,Soja- och veteprotein nugget kylvara el. frysvara berikad,DPA (C22:5),Vegetabiliskt protein produkter och rätter,0.0,g
6276,Soja- och veteprotein nugget kylvara el. frysvara berikad,EPA (C20:5),Vegetabiliskt protein produkter och rätter,0.0,g
6276,Soja- och veteprotein nugget kylvara el. frysvara berikad,Arakidonsyra C20:4,Vegetabiliskt protein produkter och rätter,0.0,g
6276,Soja- och veteprotein nugget kylvara el. frysvara berikad,Arakidinsyra C20:0,Vegetabiliskt protein produkter och rätter,0.0,g
6276,Soja- och veteprotein nugget kylvara el. frysvara berikad,Linolensyra C18:3,Vegetabiliskt protein produkter och rätter,0.3,g
6276,Soja- och veteprotein nugget kylvara el. frysvara berikad,Linolsyra C18:2,Vegetabiliskt protein produkter och rätter,4.8,g
6276,Soja- och veteprotein nugget kylvara el. frysvara berikad,Oljesyra C18:1,Vegetabiliskt protein produkter och rätter,4.6,g
6276,Soja- och veteprotein nugget kylvara el. frysvara berikad,Stearinsyra C18:0,Vegetabiliskt protein produkter och rätter,0.3,g
6276,Soja- och veteprotein nugget kylvara el. frysvara berikad,Palmitoljesyra C16:1,Vegetabiliskt protein produkter och rätter,0.0,g
6276,Soja- och veteprotein nugget kylvara el. frysvara berikad,Palmitinsyra C16:0,Vegetabiliskt protein produkter och rätter,0.7,g
6276,Soja- och veteprotein nugget kylvara el. frysvara berikad,Myristinsyra C14:0,Vegetabiliskt protein produkter och rätter,0.0,g
6276,Soja- och veteprotein nugget kylvara el. frysvara berikad,Laurinsyra C12:0,Vegetabiliskt protein produkter och rätter,0.0,g
6276,Soja- och veteprotein nugget kylvara el. frysvara berikad,Betakaroten/β-Karoten,Vegetabiliskt protein produkter och rätter,12.0,µg
6276,Soja- och veteprotein nugget kylvara el. frysvara berikad,Avfall (skal etc.),Vegetabiliskt protein produkter och rätter,0.0,%
6276,Soja- och veteprotein nugget kylvara el. frysvara berikad,Aska,Vegetabiliskt protein produkter och rätter,2.6,g
6276,Soja- och veteprotein nugget kylvara el. frysvara berikad,Alkohol,Vegetabiliskt protein produkter och rätter,0.0,g
6277,Soja- och veteprotein bitar som alternativ till bacon kylvara el. frysvara,"Zink, Zn",Vegetabiliskt protein produkter och rätter,0.9,mg
6277,Soja- och veteprotein bitar som alternativ till bacon kylvara el. frysvara,Vitamin E,Vegetabiliskt protein produkter och rätter,5.0,mg
6277,Soja- och veteprotein bitar som alternativ till bacon kylvara el. frysvara,Vitamin D,Vegetabiliskt protein produkter och rätter,0.21,µg
6277,Soja- och veteprotein bitar som alternativ till bacon kylvara el. frysvara,Vitamin C,Vegetabiliskt protein produkter och rätter,1.4,mg
6277,Soja- och veteprotein bitar som alternativ till bacon kylvara el. frysvara,Vitamin B6,Vegetabiliskt protein produkter och rätter,0.1,mg
6277,Soja- och veteprotein bitar som alternativ till bacon kylvara el. frysvara,Vitamin B12,Vegetabiliskt protein produkter och rätter,0.0,µg
6277,Soja- och veteprotein bitar som alternativ till bacon kylvara el. frysvara,Vitamin A,Vegetabiliskt protein produkter och rätter,5.2,RE/µg
6277,Soja- och veteprotein bitar som alternativ till bacon kylvara el. frysvara,Vatten,Vegetabiliskt protein produkter och rätter,56.3,g
6277,Soja- och veteprotein bitar som alternativ till bacon kylvara el. frysvara,Tiamin,Vegetabiliskt protein produkter och rätter,7.09,mg
6277,Soja- och veteprotein bitar som alternativ till bacon kylvara el. frysvara,Tillsatt socker,Vegetabiliskt protein produkter och rätter,2.0,g
6277,Soja- och veteprotein bitar som alternativ till bacon kylvara el. frysvara,Fritt socker,Vegetabiliskt protein produkter och rätter,2.0,g
6277,Soja- och veteprotein bitar som alternativ till bacon kylvara el. frysvara,"Selen, Se",Vegetabiliskt protein produkter och rätter,9.0,µg
6277,Soja- och veteprotein bitar som alternativ till bacon kylvara el. frysvara,Sackaros,Vegetabiliskt protein produkter och rätter,0.2,g
6277,Soja- och veteprotein bitar som alternativ till bacon kylvara el. frysvara,Riboflavin,Vegetabiliskt protein produkter och rätter,0.2,mg
6277,Soja- och veteprotein bitar som alternativ till bacon kylvara el. frysvara,Retinol,Vegetabiliskt protein produkter och rätter,5.2,µg
6277,Soja- och veteprotein bitar som alternativ till bacon kylvara el. frysvara,Protein,Vegetabiliskt protein produkter och rätter,18.4,g
6277,Soja- och veteprotein bitar som alternativ till bacon kylvara el. frysvara,Summa fleromättade fettsyror,Vegetabiliskt protein produkter och rätter,3.9,g
6277,Soja- och veteprotein bitar som alternativ till bacon kylvara el. frysvara,"Fosfor, P",Vegetabiliskt protein produkter och rätter,150.0,mg
6277,Soja- och veteprotein bitar som alternativ till bacon kylvara el. frysvara,Niacinekvivalenter,Vegetabiliskt protein produkter och rätter,4.7,NE/mg
6277,Soja- och veteprotein bitar som alternativ till bacon kylvara el. frysvara,Niacin,Vegetabiliskt protein produkter och rätter,1.65,mg
6277,Soja- och veteprotein bitar som alternativ till bacon kylvara el. frysvara,"Salt, NaCl",Vegetabiliskt protein produkter och rätter,2.2,g
6277,Soja- och veteprotein bitar som alternativ till bacon kylvara el. frysvara,"Natrium, Na",Vegetabiliskt protein produkter och rätter,870.0,mg
6277,Soja- och veteprotein bitar som alternativ till bacon kylvara el. frysvara,Monosackarider,Vegetabiliskt protein produkter och rätter,0.3,g
6277,Soja- och veteprotein bitar som alternativ till bacon kylvara el. frysvara,"Sockerarter, totalt",Vegetabiliskt protein produkter och rätter,1.6,g
6277,Soja- och veteprotein bitar som alternativ till bacon kylvara el. frysvara,Summa enkelomättade fettsyror,Vegetabiliskt protein produkter och rätter,6.5,g
6277,Soja- och veteprotein bitar som alternativ till bacon kylvara el. frysvara,"Magnesium, Mg",Vegetabiliskt protein produkter och rätter,43.0,mg
6277,Soja- och veteprotein bitar som alternativ till bacon kylvara el. frysvara,Summa mättade fettsyror,Vegetabiliskt protein produkter och rätter,0.9,g
6277,Soja- och veteprotein bitar som alternativ till bacon kylvara el. frysvara,"Kolhydrater, tillgängliga",Vegetabiliskt protein produkter och rätter,6.3,g
6277,Soja- och veteprotein bitar som alternativ till bacon kylvara el. frysvara,Kolesterol,Vegetabiliskt protein produkter och rätter,1.0,mg
6277,Soja- och veteprotein bitar som alternativ till bacon kylvara el. frysvara,"Kalium, K",Vegetabiliskt protein produkter och rätter,630.0,mg
6277,Soja- och veteprotein bitar som alternativ till bacon kylvara el. frysvara,"Jod, I",Vegetabiliskt protein produkter och rätter,0.0,µg
6277,Soja- och veteprotein bitar som alternativ till bacon kylvara el. frysvara,Fullkorn totalt,Vegetabiliskt protein produkter och rätter,0.0,g
6277,Soja- och veteprotein bitar som alternativ till bacon kylvara el. frysvara,"Folat, totalt",Vegetabiliskt protein produkter och rätter,101.0,µg
6277,Soja- och veteprotein bitar som alternativ till bacon kylvara el. frysvara,Fibrer,Vegetabiliskt protein produkter och rätter,3.2,g
6277,Soja- och veteprotein bitar som alternativ till bacon kylvara el. frysvara,"Fett, totalt",Vegetabiliskt protein produkter och rätter,11.8,g
6277,Soja- och veteprotein bitar som alternativ till bacon kylvara el. frysvara,"Järn, Fe",Vegetabiliskt protein produkter och rätter,20.2,mg
6277,Soja- och veteprotein bitar som alternativ till bacon kylvara el. frysvara,Energi (kJ),Vegetabiliskt protein produkter och rätter,883.0,kJ
6277,Soja- och veteprotein bitar som alternativ till bacon kylvara el. frysvara,Energi (kcal),Vegetabiliskt protein produkter och rätter,211.0,kcal
6277,Soja- och veteprotein bitar som alternativ till bacon kylvara el. frysvara,Disackarider,Vegetabiliskt protein produkter och rätter,1.3,g
6277,Soja- och veteprotein bitar som alternativ till bacon kylvara el. frysvara,"Kalcium, Ca",Vegetabiliskt protein produkter och rätter,59.0,mg
6277,Soja- och veteprotein bitar som alternativ till bacon kylvara el. frysvara,Fettsyra 4:0-10:0,Vegetabiliskt protein produkter och rätter,0.0,g
6277,Soja- och veteprotein bitar som alternativ till bacon kylvara el. frysvara,DHA (C22:6),Vegetabiliskt protein produkter och rätter,0.0,g
6277,Soja- och veteprotein bitar som alternativ till bacon kylvara el. frysvara,DPA (C22:5),Vegetabiliskt protein produkter och rätter,0.0,g
6277,Soja- och veteprotein bitar som alternativ till bacon kylvara el. frysvara,EPA (C20:5),Vegetabiliskt protein produkter och rätter,0.0,g
6277,Soja- och veteprotein bitar som alternativ till bacon kylvara el. frysvara,Arakidonsyra C20:4,Vegetabiliskt protein produkter och rätter,0.0,g
6277,Soja- och veteprotein bitar som alternativ till bacon kylvara el. frysvara,Arakidinsyra C20:0,Vegetabiliskt protein produkter och rätter,0.0,g
6277,Soja- och veteprotein bitar som alternativ till bacon kylvara el. frysvara,Linolensyra C18:3,Vegetabiliskt protein produkter och rätter,0.6,g
6277,Soja- och veteprotein bitar som alternativ till bacon kylvara el. frysvara,Linolsyra C18:2,Vegetabiliskt protein produkter och rätter,3.3,g
6277,Soja- och veteprotein bitar som alternativ till bacon kylvara el. frysvara,Oljesyra C18:1,Vegetabiliskt protein produkter och rätter,6.3,g
6277,Soja- och veteprotein bitar som alternativ till bacon kylvara el. frysvara,Stearinsyra C18:0,Vegetabiliskt protein produkter och rätter,0.2,g
6277,Soja- och veteprotein bitar som alternativ till bacon kylvara el. frysvara,Palmitoljesyra C16:1,Vegetabiliskt protein produkter och rätter,0.0,g
6277,Soja- och veteprotein bitar som alternativ till bacon kylvara el. frysvara,Palmitinsyra C16:0,Vegetabiliskt protein produkter och rätter,0.6,g
6277,Soja- och veteprotein bitar som alternativ till bacon kylvara el. frysvara,Myristinsyra C14:0,Vegetabiliskt protein produkter och rätter,0.0,g
6277,Soja- och veteprotein bitar som alternativ till bacon kylvara el. frysvara,Laurinsyra C12:0,Vegetabiliskt protein produkter och rätter,0.0,g
6277,Soja- och veteprotein bitar som alternativ till bacon kylvara el. frysvara,Betakaroten/β-Karoten,Vegetabiliskt protein produkter och rätter,0.0,µg
6277,Soja- och veteprotein bitar som alternativ till bacon kylvara el. frysvara,Avfall (skal etc.),Vegetabiliskt protein produkter och rätter,0.0,%
6277,Soja- och veteprotein bitar som alternativ till bacon kylvara el. frysvara,Aska,Vegetabiliskt protein produkter och rätter,4.0,g
6277,Soja- och veteprotein bitar som alternativ till bacon kylvara el. frysvara,Alkohol,Vegetabiliskt protein produkter och rätter,0.0,g
6279,Soja- och veteprotein schnitzel kylvara el. frysvara,"Zink, Zn",Vegetabiliskt protein produkter och rätter,0.7,mg
6279,Soja- och veteprotein schnitzel kylvara el. frysvara,Vitamin E,Vegetabiliskt protein produkter och rätter,4.9,mg
6279,Soja- och veteprotein schnitzel kylvara el. frysvara,Vitamin D inkl 25-OH-D3,Vegetabiliskt protein produkter och rätter,0.0,µg
6279,Soja- och veteprotein schnitzel kylvara el. frysvara,Vitamin D,Vegetabiliskt protein produkter och rätter,0.0,µg
6279,Soja- och veteprotein schnitzel kylvara el. frysvara,Vitamin C,Vegetabiliskt protein produkter och rätter,0.3,mg
6279,Soja- och veteprotein schnitzel kylvara el. frysvara,Vitamin B6,Vegetabiliskt protein produkter och rätter,0.09,mg
6279,Soja- och veteprotein schnitzel kylvara el. frysvara,Vitamin B12,Vegetabiliskt protein produkter och rätter,0.0,µg
6279,Soja- och veteprotein schnitzel kylvara el. frysvara,Vitamin A,Vegetabiliskt protein produkter och rätter,10.8,RE/µg
6279,Soja- och veteprotein schnitzel kylvara el. frysvara,Vatten,Vegetabiliskt protein produkter och rätter,51.4,g
6279,Soja- och veteprotein schnitzel kylvara el. frysvara,Tiamin,Vegetabiliskt protein produkter och rätter,0.17,mg
6279,Soja- och veteprotein schnitzel kylvara el. frysvara,Tillsatt socker,Vegetabiliskt protein produkter och rätter,2.0,g
6279,Soja- och veteprotein schnitzel kylvara el. frysvara,Fritt socker,Vegetabiliskt protein produkter och rätter,2.0,g
6279,Soja- och veteprotein schnitzel kylvara el. frysvara,"Selen, Se",Vegetabiliskt protein produkter och rätter,8.0,µg
6279,Soja- och veteprotein schnitzel kylvara el. frysvara,Sackaros,Vegetabiliskt protein produkter och rätter,0.2,g
6279,Soja- och veteprotein schnitzel kylvara el. frysvara,Riboflavin,Vegetabiliskt protein produkter och rätter,0.04,mg
6279,Soja- och veteprotein schnitzel kylvara el. frysvara,Retinol,Vegetabiliskt protein produkter och rätter,6.3,µg
6279,Soja- och veteprotein schnitzel kylvara el. frysvara,Protein,Vegetabiliskt protein produkter och rätter,12.9,g
6279,Soja- och veteprotein schnitzel kylvara el. frysvara,Summa fleromättade fettsyror,Vegetabiliskt protein produkter och rätter,4.7,g
6279,Soja- och veteprotein schnitzel kylvara el. frysvara,"Fosfor, P",Vegetabiliskt protein produkter och rätter,140.0,mg
6279,Soja- och veteprotein schnitzel kylvara el. frysvara,Niacinekvivalenter,Vegetabiliskt protein produkter och rätter,3.2,NE/mg
6279,Soja- och veteprotein schnitzel kylvara el. frysvara,Niacin,Vegetabiliskt protein produkter och rätter,1.08,mg
6279,Soja- och veteprotein schnitzel kylvara el. frysvara,"Salt, NaCl",Vegetabiliskt protein produkter och rätter,1.4,g
6279,Soja- och veteprotein schnitzel kylvara el. frysvara,"Natrium, Na",Vegetabiliskt protein produkter och rätter,540.0,mg
6279,Soja- och veteprotein schnitzel kylvara el. frysvara,Monosackarider,Vegetabiliskt protein produkter och rätter,0.5,g
6279,Soja- och veteprotein schnitzel kylvara el. frysvara,"Sockerarter, totalt",Vegetabiliskt protein produkter och rätter,1.8,g
6279,Soja- och veteprotein schnitzel kylvara el. frysvara,Summa enkelomättade fettsyror,Vegetabiliskt protein produkter och rätter,6.0,g
6279,Soja- och veteprotein schnitzel kylvara el. frysvara,"Magnesium, Mg",Vegetabiliskt protein produkter och rätter,40.0,mg
6279,Soja- och veteprotein schnitzel kylvara el. frysvara,Summa mättade fettsyror,Vegetabiliskt protein produkter och rätter,1.5,g
6279,Soja- och veteprotein schnitzel kylvara el. frysvara,"Kolhydrater, tillgängliga",Vegetabiliskt protein produkter och rätter,16.3,g
6279,Soja- och veteprotein schnitzel kylvara el. frysvara,Kolesterol,Vegetabiliskt protein produkter och rätter,2.3,mg
6279,Soja- och veteprotein schnitzel kylvara el. frysvara,"Kalium, K",Vegetabiliskt protein produkter och rätter,350.0,mg
6279,Soja- och veteprotein schnitzel kylvara el. frysvara,"Jod, I",Vegetabiliskt protein produkter och rätter,0.0,µg
6279,Soja- och veteprotein schnitzel kylvara el. frysvara,Fullkorn totalt,Vegetabiliskt protein produkter och rätter,0.0,g
6279,Soja- och veteprotein schnitzel kylvara el. frysvara,"Folat, totalt",Vegetabiliskt protein produkter och rätter,59.9,µg
6279,Soja- och veteprotein schnitzel kylvara el. frysvara,Fibrer,Vegetabiliskt protein produkter och rätter,3.9,g
6279,Soja- och veteprotein schnitzel kylvara el. frysvara,"Fett, totalt",Vegetabiliskt protein produkter och rätter,12.8,g
6279,Soja- och veteprotein schnitzel kylvara el. frysvara,"Järn, Fe",Vegetabiliskt protein produkter och rätter,1.3,mg
6279,Soja- och veteprotein schnitzel kylvara el. frysvara,Energi (kJ),Vegetabiliskt protein produkter och rätter,1001.0,kJ
6279,Soja- och veteprotein schnitzel kylvara el. frysvara,Energi (kcal),Vegetabiliskt protein produkter och rätter,239.0,kcal
6279,Soja- och veteprotein schnitzel kylvara el. frysvara,Disackarider,Vegetabiliskt protein produkter och rätter,1.3,g
6279,Soja- och veteprotein schnitzel kylvara el. frysvara,"Kalcium, Ca",Vegetabiliskt protein produkter och rätter,66.0,mg
6279,Soja- och veteprotein schnitzel kylvara el. frysvara,Fettsyra 4:0-10:0,Vegetabiliskt protein produkter och rätter,0.1,g
6279,Soja- och veteprotein schnitzel kylvara el. frysvara,DHA (C22:6),Vegetabiliskt protein produkter och rätter,0.0,g
6279,Soja- och veteprotein schnitzel kylvara el. frysvara,DPA (C22:5),Vegetabiliskt protein produkter och rätter,0.0,g
6279,Soja- och veteprotein schnitzel kylvara el. frysvara,EPA (C20:5),Vegetabiliskt protein produkter och rätter,0.0,g
6279,Soja- och veteprotein schnitzel kylvara el. frysvara,Arakidonsyra C20:4,Vegetabiliskt protein produkter och rätter,0.0,g
6279,Soja- och veteprotein schnitzel kylvara el. frysvara,Arakidinsyra C20:0,Vegetabiliskt protein produkter och rätter,0.0,g
6279,Soja- och veteprotein schnitzel kylvara el. frysvara,Linolensyra C18:3,Vegetabiliskt protein produkter och rätter,0.5,g
6279,Soja- och veteprotein schnitzel kylvara el. frysvara,Linolsyra C18:2,Vegetabiliskt protein produkter och rätter,4.2,g
6279,Soja- och veteprotein schnitzel kylvara el. frysvara,Oljesyra C18:1,Vegetabiliskt protein produkter och rätter,5.8,g
6279,Soja- och veteprotein schnitzel kylvara el. frysvara,Stearinsyra C18:0,Vegetabiliskt protein produkter och rätter,0.3,g
6279,Soja- och veteprotein schnitzel kylvara el. frysvara,Palmitoljesyra C16:1,Vegetabiliskt protein produkter och rätter,0.0,g
6279,Soja- och veteprotein schnitzel kylvara el. frysvara,Palmitinsyra C16:0,Vegetabiliskt protein produkter och rätter,0.9,g
6279,Soja- och veteprotein schnitzel kylvara el. frysvara,Myristinsyra C14:0,Vegetabiliskt protein produkter och rätter,0.1,g
6279,Soja- och veteprotein schnitzel kylvara el. frysvara,Laurinsyra C12:0,Vegetabiliskt protein produkter och rätter,0.0,g
6279,Soja- och veteprotein schnitzel kylvara el. frysvara,Betakaroten/β-Karoten,Vegetabiliskt protein produkter och rätter,42.0,µg
6279,Soja- och veteprotein schnitzel kylvara el. frysvara,Avfall (skal etc.),Vegetabiliskt protein produkter och rätter,0.0,%
6279,Soja- och veteprotein schnitzel kylvara el. frysvara,Aska,Vegetabiliskt protein produkter och rätter,2.7,g
6279,Soja- och veteprotein schnitzel kylvara el. frysvara,Alkohol,Vegetabiliskt protein produkter och rätter,0.0,g
6280,Soja- och veteprotein schnitzel kylvara el. frysvara berikad,"Zink, Zn",Vegetabiliskt protein produkter och rätter,0.7,mg
6280,Soja- och veteprotein schnitzel kylvara el. frysvara berikad,Vitamin E,Vegetabiliskt protein produkter och rätter,4.9,mg
6280,Soja- och veteprotein schnitzel kylvara el. frysvara berikad,Vitamin D inkl 25-OH-D3,Vegetabiliskt protein produkter och rätter,0.0,µg
6280,Soja- och veteprotein schnitzel kylvara el. frysvara berikad,Vitamin D,Vegetabiliskt protein produkter och rätter,0.0,µg
6280,Soja- och veteprotein schnitzel kylvara el. frysvara berikad,Vitamin C,Vegetabiliskt protein produkter och rätter,0.3,mg
6280,Soja- och veteprotein schnitzel kylvara el. frysvara berikad,Vitamin B6,Vegetabiliskt protein produkter och rätter,0.0,mg
6280,Soja- och veteprotein schnitzel kylvara el. frysvara berikad,Vitamin B12,Vegetabiliskt protein produkter och rätter,0.38,µg
6280,Soja- och veteprotein schnitzel kylvara el. frysvara berikad,Vitamin A,Vegetabiliskt protein produkter och rätter,4.5,RE/µg
6280,Soja- och veteprotein schnitzel kylvara el. frysvara berikad,Vatten,Vegetabiliskt protein produkter och rätter,51.4,g
6280,Soja- och veteprotein schnitzel kylvara el. frysvara berikad,Tiamin,Vegetabiliskt protein produkter och rätter,0.17,mg
6280,Soja- och veteprotein schnitzel kylvara el. frysvara berikad,Tillsatt socker,Vegetabiliskt protein produkter och rätter,2.0,g
6280,Soja- och veteprotein schnitzel kylvara el. frysvara berikad,Fritt socker,Vegetabiliskt protein produkter och rätter,2.0,g
6280,Soja- och veteprotein schnitzel kylvara el. frysvara berikad,"Selen, Se",Vegetabiliskt protein produkter och rätter,8.0,µg
6280,Soja- och veteprotein schnitzel kylvara el. frysvara berikad,Sackaros,Vegetabiliskt protein produkter och rätter,0.2,g
6280,Soja- och veteprotein schnitzel kylvara el. frysvara berikad,Riboflavin,Vegetabiliskt protein produkter och rätter,0.04,mg
6280,Soja- och veteprotein schnitzel kylvara el. frysvara berikad,Retinol,Vegetabiliskt protein produkter och rätter,0.0,µg
6280,Soja- och veteprotein schnitzel kylvara el. frysvara berikad,Protein,Vegetabiliskt protein produkter och rätter,12.9,g
6280,Soja- och veteprotein schnitzel kylvara el. frysvara berikad,Summa fleromättade fettsyror,Vegetabiliskt protein produkter och rätter,4.7,g
6280,Soja- och veteprotein schnitzel kylvara el. frysvara berikad,"Fosfor, P",Vegetabiliskt protein produkter och rätter,140.0,mg
6280,Soja- och veteprotein schnitzel kylvara el. frysvara berikad,Niacinekvivalenter,Vegetabiliskt protein produkter och rätter,3.2,NE/mg
6280,Soja- och veteprotein schnitzel kylvara el. frysvara berikad,Niacin,Vegetabiliskt protein produkter och rätter,1.08,mg
6280,Soja- och veteprotein schnitzel kylvara el. frysvara berikad,"Salt, NaCl",Vegetabiliskt protein produkter och rätter,1.4,g
6280,Soja- och veteprotein schnitzel kylvara el. frysvara berikad,"Natrium, Na",Vegetabiliskt protein produkter och rätter,540.0,mg
6280,Soja- och veteprotein schnitzel kylvara el. frysvara berikad,Monosackarider,Vegetabiliskt protein produkter och rätter,0.5,g
6280,Soja- och veteprotein schnitzel kylvara el. frysvara berikad,"Sockerarter, totalt",Vegetabiliskt protein produkter och rätter,1.8,g
6280,Soja- och veteprotein schnitzel kylvara el. frysvara berikad,Summa enkelomättade fettsyror,Vegetabiliskt protein produkter och rätter,6.0,g
6280,Soja- och veteprotein schnitzel kylvara el. frysvara berikad,"Magnesium, Mg",Vegetabiliskt protein produkter och rätter,40.0,mg
6280,Soja- och veteprotein schnitzel kylvara el. frysvara berikad,Summa mättade fettsyror,Vegetabiliskt protein produkter och rätter,1.5,g
6280,Soja- och veteprotein schnitzel kylvara el. frysvara berikad,"Kolhydrater, tillgängliga",Vegetabiliskt protein produkter och rätter,16.3,g
6280,Soja- och veteprotein schnitzel kylvara el. frysvara berikad,Kolesterol,Vegetabiliskt protein produkter och rätter,2.3,mg
6280,Soja- och veteprotein schnitzel kylvara el. frysvara berikad,"Kalium, K",Vegetabiliskt protein produkter och rätter,350.0,mg
6280,Soja- och veteprotein schnitzel kylvara el. frysvara berikad,"Jod, I",Vegetabiliskt protein produkter och rätter,0.0,µg
6280,Soja- och veteprotein schnitzel kylvara el. frysvara berikad,Fullkorn totalt,Vegetabiliskt protein produkter och rätter,0.0,g
6280,Soja- och veteprotein schnitzel kylvara el. frysvara berikad,"Folat, totalt",Vegetabiliskt protein produkter och rätter,59.9,µg
6280,Soja- och veteprotein schnitzel kylvara el. frysvara berikad,Fibrer,Vegetabiliskt protein produkter och rätter,3.9,g
6280,Soja- och veteprotein schnitzel kylvara el. frysvara berikad,"Fett, totalt",Vegetabiliskt protein produkter och rätter,12.8,g
6280,Soja- och veteprotein schnitzel kylvara el. frysvara berikad,"Järn, Fe",Vegetabiliskt protein produkter och rätter,2.1,mg
6280,Soja- och veteprotein schnitzel kylvara el. frysvara berikad,Energi (kJ),Vegetabiliskt protein produkter och rätter,1001.0,kJ
6280,Soja- och veteprotein schnitzel kylvara el. frysvara berikad,Energi (kcal),Vegetabiliskt protein produkter och rätter,239.0,kcal
6280,Soja- och veteprotein schnitzel kylvara el. frysvara berikad,Disackarider,Vegetabiliskt protein produkter och rätter,1.3,g
6280,Soja- och veteprotein schnitzel kylvara el. frysvara berikad,"Kalcium, Ca",Vegetabiliskt protein produkter och rätter,66.0,mg
6280,Soja- och veteprotein schnitzel kylvara el. frysvara berikad,Fettsyra 4:0-10:0,Vegetabiliskt protein produkter och rätter,0.1,g
6280,Soja- och veteprotein schnitzel kylvara el. frysvara berikad,DHA (C22:6),Vegetabiliskt protein produkter och rätter,0.0,g
6280,Soja- och veteprotein schnitzel kylvara el. frysvara berikad,DPA (C22:5),Vegetabiliskt protein produkter och rätter,0.0,g
6280,Soja- och veteprotein schnitzel kylvara el. frysvara berikad,EPA (C20:5),Vegetabiliskt protein produkter och rätter,0.0,g
6280,Soja- och veteprotein schnitzel kylvara el. frysvara berikad,Arakidonsyra C20:4,Vegetabiliskt protein produkter och rätter,0.0,g
6280,Soja- och veteprotein schnitzel kylvara el. frysvara berikad,Arakidinsyra C20:0,Vegetabiliskt protein produkter och rätter,0.0,g
6280,Soja- och veteprotein schnitzel kylvara el. frysvara berikad,Linolensyra C18:3,Vegetabiliskt protein produkter och rätter,0.5,g
6280,Soja- och veteprotein schnitzel kylvara el. frysvara berikad,Linolsyra C18:2,Vegetabiliskt protein produkter och rätter,4.2,g
6280,Soja- och veteprotein schnitzel kylvara el. frysvara berikad,Oljesyra C18:1,Vegetabiliskt protein produkter och rätter,5.8,g
6280,Soja- och veteprotein schnitzel kylvara el. frysvara berikad,Stearinsyra C18:0,Vegetabiliskt protein produkter och rätter,0.3,g
6280,Soja- och veteprotein schnitzel kylvara el. frysvara berikad,Palmitoljesyra C16:1,Vegetabiliskt protein produkter och rätter,0.0,g
6280,Soja- och veteprotein schnitzel kylvara el. frysvara berikad,Palmitinsyra C16:0,Vegetabiliskt protein produkter och rätter,0.9,g
6280,Soja- och veteprotein schnitzel kylvara el. frysvara berikad,Myristinsyra C14:0,Vegetabiliskt protein produkter och rätter,0.1,g
6280,Soja- och veteprotein schnitzel kylvara el. frysvara berikad,Laurinsyra C12:0,Vegetabiliskt protein produkter och rätter,0.0,g
6280,Soja- och veteprotein schnitzel kylvara el. frysvara berikad,Betakaroten/β-Karoten,Vegetabiliskt protein produkter och rätter,42.0,µg
6280,Soja- och veteprotein schnitzel kylvara el. frysvara berikad,Avfall (skal etc.),Vegetabiliskt protein produkter och rätter,0.0,%
6280,Soja- och veteprotein schnitzel kylvara el. frysvara berikad,Aska,Vegetabiliskt protein produkter och rätter,2.7,g
6280,Soja- och veteprotein schnitzel kylvara el. frysvara berikad,Alkohol,Vegetabiliskt protein produkter och rätter,0.0,g
6281,Mykoprotein schnitzel kylvara el. frysvara,"Zink, Zn",Vegetabiliskt protein produkter och rätter,3.3,mg
6281,Mykoprotein schnitzel kylvara el. frysvara,Vitamin E,Vegetabiliskt protein produkter och rätter,3.0,mg
6281,Mykoprotein schnitzel kylvara el. frysvara,Vitamin D inkl 25-OH-D3,Vegetabiliskt protein produkter och rätter,0.0,µg
6281,Mykoprotein schnitzel kylvara el. frysvara,Vitamin D,Vegetabiliskt protein produkter och rätter,0.0,µg
6281,Mykoprotein schnitzel kylvara el. frysvara,Vitamin C,Vegetabiliskt protein produkter och rätter,1.5,mg
6281,Mykoprotein schnitzel kylvara el. frysvara,Vitamin B6,Vegetabiliskt protein produkter och rätter,0.08,mg
6281,Mykoprotein schnitzel kylvara el. frysvara,Vitamin B12,Vegetabiliskt protein produkter och rätter,0.35,µg
6281,Mykoprotein schnitzel kylvara el. frysvara,Vitamin A,Vegetabiliskt protein produkter och rätter,35.3,RE/µg
6281,Mykoprotein schnitzel kylvara el. frysvara,Vatten,Vegetabiliskt protein produkter och rätter,51.8,g
6281,Mykoprotein schnitzel kylvara el. frysvara,Tiamin,Vegetabiliskt protein produkter och rätter,0.11,mg
6281,Mykoprotein schnitzel kylvara el. frysvara,Tillsatt socker,Vegetabiliskt protein produkter och rätter,0.0,g
6281,Mykoprotein schnitzel kylvara el. frysvara,Fritt socker,Vegetabiliskt protein produkter och rätter,0.0,g
6281,Mykoprotein schnitzel kylvara el. frysvara,"Selen, Se",Vegetabiliskt protein produkter och rätter,0.0,µg
6281,Mykoprotein schnitzel kylvara el. frysvara,Sackaros,Vegetabiliskt protein produkter och rätter,0.0,g
6281,Mykoprotein schnitzel kylvara el. frysvara,Riboflavin,Vegetabiliskt protein produkter och rätter,0.24,mg
6281,Mykoprotein schnitzel kylvara el. frysvara,Retinol,Vegetabiliskt protein produkter och rätter,33.0,µg
6281,Mykoprotein schnitzel kylvara el. frysvara,Protein,Vegetabiliskt protein produkter och rätter,12.4,g
6281,Mykoprotein schnitzel kylvara el. frysvara,Summa fleromättade fettsyror,Vegetabiliskt protein produkter och rätter,4.8,g
6281,Mykoprotein schnitzel kylvara el. frysvara,"Fosfor, P",Vegetabiliskt protein produkter och rätter,210.0,mg
6281,Mykoprotein schnitzel kylvara el. frysvara,Niacinekvivalenter,Vegetabiliskt protein produkter och rätter,3.8,NE/mg
6281,Mykoprotein schnitzel kylvara el. frysvara,Niacin,Vegetabiliskt protein produkter och rätter,0.9,mg
6281,Mykoprotein schnitzel kylvara el. frysvara,"Salt, NaCl",Vegetabiliskt protein produkter och rätter,1.2,g
6281,Mykoprotein schnitzel kylvara el. frysvara,"Natrium, Na",Vegetabiliskt protein produkter och rätter,500.0,mg
6281,Mykoprotein schnitzel kylvara el. frysvara,Monosackarider,Vegetabiliskt protein produkter och rätter,0.0,g
6281,Mykoprotein schnitzel kylvara el. frysvara,"Sockerarter, totalt",Vegetabiliskt protein produkter och rätter,3.0,g
6281,Mykoprotein schnitzel kylvara el. frysvara,Summa enkelomättade fettsyror,Vegetabiliskt protein produkter och rätter,3.4,g
6281,Mykoprotein schnitzel kylvara el. frysvara,"Magnesium, Mg",Vegetabiliskt protein produkter och rätter,29.0,mg
6281,Mykoprotein schnitzel kylvara el. frysvara,Summa mättade fettsyror,Vegetabiliskt protein produkter och rätter,3.9,g
6281,Mykoprotein schnitzel kylvara el. frysvara,"Kolhydrater, tillgängliga",Vegetabiliskt protein produkter och rätter,18.4,g
6281,Mykoprotein schnitzel kylvara el. frysvara,Kolesterol,Vegetabiliskt protein produkter och rätter,15.1,mg
6281,Mykoprotein schnitzel kylvara el. frysvara,"Kalium, K",Vegetabiliskt protein produkter och rätter,100.0,mg
6281,Mykoprotein schnitzel kylvara el. frysvara,"Jod, I",Vegetabiliskt protein produkter och rätter,0.0,µg
6281,Mykoprotein schnitzel kylvara el. frysvara,Fullkorn totalt,Vegetabiliskt protein produkter och rätter,0.0,g
6281,Mykoprotein schnitzel kylvara el. frysvara,"Folat, totalt",Vegetabiliskt protein produkter och rätter,55.4,µg
6281,Mykoprotein schnitzel kylvara el. frysvara,Fibrer,Vegetabiliskt protein produkter och rätter,2.6,g
6281,Mykoprotein schnitzel kylvara el. frysvara,"Fett, totalt",Vegetabiliskt protein produkter och rätter,12.8,g
6281,Mykoprotein schnitzel kylvara el. frysvara,"Järn, Fe",Vegetabiliskt protein produkter och rätter,0.6,mg
6281,Mykoprotein schnitzel kylvara el. frysvara,Energi (kJ),Vegetabiliskt protein produkter och rätter,1017.0,kJ
6281,Mykoprotein schnitzel kylvara el. frysvara,Energi (kcal),Vegetabiliskt protein produkter och rätter,243.0,kcal
6281,Mykoprotein schnitzel kylvara el. frysvara,Disackarider,Vegetabiliskt protein produkter och rätter,3.0,g
6281,Mykoprotein schnitzel kylvara el. frysvara,"Kalcium, Ca",Vegetabiliskt protein produkter och rätter,200.0,mg
6281,Mykoprotein schnitzel kylvara el. frysvara,Fettsyra 4:0-10:0,Vegetabiliskt protein produkter och rätter,0.4,g
6281,Mykoprotein schnitzel kylvara el. frysvara,DHA (C22:6),Vegetabiliskt protein produkter och rätter,0.0,g
6281,Mykoprotein schnitzel kylvara el. frysvara,DPA (C22:5),Vegetabiliskt protein produkter och rätter,0.0,g
6281,Mykoprotein schnitzel kylvara el. frysvara,EPA (C20:5),Vegetabiliskt protein produkter och rätter,0.0,g
6281,Mykoprotein schnitzel kylvara el. frysvara,Arakidonsyra C20:4,Vegetabiliskt protein produkter och rätter,0.0,g
6281,Mykoprotein schnitzel kylvara el. frysvara,Arakidinsyra C20:0,Vegetabiliskt protein produkter och rätter,0.0,g
6281,Mykoprotein schnitzel kylvara el. frysvara,Linolensyra C18:3,Vegetabiliskt protein produkter och rätter,0.1,g
6281,Mykoprotein schnitzel kylvara el. frysvara,Linolsyra C18:2,Vegetabiliskt protein produkter och rätter,4.7,g
6281,Mykoprotein schnitzel kylvara el. frysvara,Oljesyra C18:1,Vegetabiliskt protein produkter och rätter,3.3,g
6281,Mykoprotein schnitzel kylvara el. frysvara,Stearinsyra C18:0,Vegetabiliskt protein produkter och rätter,0.7,g
6281,Mykoprotein schnitzel kylvara el. frysvara,Palmitoljesyra C16:1,Vegetabiliskt protein produkter och rätter,0.1,g
6281,Mykoprotein schnitzel kylvara el. frysvara,Palmitinsyra C16:0,Vegetabiliskt protein produkter och rätter,1.9,g
6281,Mykoprotein schnitzel kylvara el. frysvara,Myristinsyra C14:0,Vegetabiliskt protein produkter och rätter,0.5,g
6281,Mykoprotein schnitzel kylvara el. frysvara,Laurinsyra C12:0,Vegetabiliskt protein produkter och rätter,0.2,g
6281,Mykoprotein schnitzel kylvara el. frysvara,Betakaroten/β-Karoten,Vegetabiliskt protein produkter och rätter,28.0,µg
6281,Mykoprotein schnitzel kylvara el. frysvara,Avfall (skal etc.),Vegetabiliskt protein produkter och rätter,0.0,%
6281,Mykoprotein schnitzel kylvara el. frysvara,Aska,Vegetabiliskt protein produkter och rätter,2.1,g
6281,Mykoprotein schnitzel kylvara el. frysvara,Alkohol,Vegetabiliskt protein produkter och rätter,0.0,g
6282,Mykoprotein färs bitar filé stekt,"Zink, Zn",Vegetabiliskt protein produkter och rätter,7.6,mg
6282,Mykoprotein färs bitar filé stekt,Vitamin E,Vegetabiliskt protein produkter och rätter,0.2,mg
6282,Mykoprotein färs bitar filé stekt,Vitamin D inkl 25-OH-D3,Vegetabiliskt protein produkter och rätter,0.0,µg
6282,Mykoprotein färs bitar filé stekt,Vitamin D,Vegetabiliskt protein produkter och rätter,0.0,µg
6282,Mykoprotein färs bitar filé stekt,Vitamin C,Vegetabiliskt protein produkter och rätter,0.1,mg
6282,Mykoprotein färs bitar filé stekt,Vitamin B6,Vegetabiliskt protein produkter och rätter,0.11,mg
6282,Mykoprotein färs bitar filé stekt,Vitamin B12,Vegetabiliskt protein produkter och rätter,0.0,µg
6282,Mykoprotein färs bitar filé stekt,Vitamin A,Vegetabiliskt protein produkter och rätter,0.4,RE/µg
6282,Mykoprotein färs bitar filé stekt,Vatten,Vegetabiliskt protein produkter och rätter,71.5,g
6282,Mykoprotein färs bitar filé stekt,Tiamin,Vegetabiliskt protein produkter och rätter,0.02,mg
6282,Mykoprotein färs bitar filé stekt,Tillsatt socker,Vegetabiliskt protein produkter och rätter,0.0,g
6282,Mykoprotein färs bitar filé stekt,Fritt socker,Vegetabiliskt protein produkter och rätter,0.0,g
6282,Mykoprotein färs bitar filé stekt,"Selen, Se",Vegetabiliskt protein produkter och rätter,0.0,µg
6282,Mykoprotein färs bitar filé stekt,Sackaros,Vegetabiliskt protein produkter och rätter,0.0,g
6282,Mykoprotein färs bitar filé stekt,Riboflavin,Vegetabiliskt protein produkter och rätter,0.37,mg
6282,Mykoprotein färs bitar filé stekt,Retinol,Vegetabiliskt protein produkter och rätter,0.0,µg
6282,Mykoprotein färs bitar filé stekt,Protein,Vegetabiliskt protein produkter och rätter,16.7,g
6282,Mykoprotein färs bitar filé stekt,Summa fleromättade fettsyror,Vegetabiliskt protein produkter och rätter,0.8,g
6282,Mykoprotein färs bitar filé stekt,"Fosfor, P",Vegetabiliskt protein produkter och rätter,266.0,mg
6282,Mykoprotein färs bitar filé stekt,Niacinekvivalenter,Vegetabiliskt protein produkter och rätter,3.61,NE/mg
6282,Mykoprotein färs bitar filé stekt,Niacin,Vegetabiliskt protein produkter och rätter,0.81,mg
6282,Mykoprotein färs bitar filé stekt,"Salt, NaCl",Vegetabiliskt protein produkter och rätter,0.6,g
6282,Mykoprotein färs bitar filé stekt,"Natrium, Na",Vegetabiliskt protein produkter och rätter,266.0,mg
6282,Mykoprotein färs bitar filé stekt,Monosackarider,Vegetabiliskt protein produkter och rätter,0.2,g
6282,Mykoprotein färs bitar filé stekt,"Sockerarter, totalt",Vegetabiliskt protein produkter och rätter,0.2,g
6282,Mykoprotein färs bitar filé stekt,Summa enkelomättade fettsyror,Vegetabiliskt protein produkter och rätter,0.3,g
6282,Mykoprotein färs bitar filé stekt,"Magnesium, Mg",Vegetabiliskt protein produkter och rätter,45.0,mg
6282,Mykoprotein färs bitar filé stekt,Summa mättade fettsyror,Vegetabiliskt protein produkter och rätter,0.3,g
6282,Mykoprotein färs bitar filé stekt,"Kolhydrater, tillgängliga",Vegetabiliskt protein produkter och rätter,2.3,g
6282,Mykoprotein färs bitar filé stekt,Kolesterol,Vegetabiliskt protein produkter och rätter,0.0,mg
6282,Mykoprotein färs bitar filé stekt,"Kalium, K",Vegetabiliskt protein produkter och rätter,181.0,mg
6282,Mykoprotein färs bitar filé stekt,"Jod, I",Vegetabiliskt protein produkter och rätter,0.0,µg
6282,Mykoprotein färs bitar filé stekt,Fullkorn totalt,Vegetabiliskt protein produkter och rätter,0.0,g
6282,Mykoprotein färs bitar filé stekt,"Folat, totalt",Vegetabiliskt protein produkter och rätter,131.7,µg
6282,Mykoprotein färs bitar filé stekt,Fibrer,Vegetabiliskt protein produkter och rätter,5.8,g
6282,Mykoprotein färs bitar filé stekt,"Fett, totalt",Vegetabiliskt protein produkter och rätter,1.9,g
6282,Mykoprotein färs bitar filé stekt,"Järn, Fe",Vegetabiliskt protein produkter och rätter,0.4,mg
6282,Mykoprotein färs bitar filé stekt,Energi (kJ),Vegetabiliskt protein produkter och rätter,441.0,kJ
6282,Mykoprotein färs bitar filé stekt,Energi (kcal),Vegetabiliskt protein produkter och rätter,105.0,kcal
6282,Mykoprotein färs bitar filé stekt,Disackarider,Vegetabiliskt protein produkter och rätter,0.0,g
6282,Mykoprotein färs bitar filé stekt,"Kalcium, Ca",Vegetabiliskt protein produkter och rätter,202.0,mg
6282,Mykoprotein färs bitar filé stekt,Fettsyra 4:0-10:0,Vegetabiliskt protein produkter och rätter,0.0,g
6282,Mykoprotein färs bitar filé stekt,DHA (C22:6),Vegetabiliskt protein produkter och rätter,0.0,g
6282,Mykoprotein färs bitar filé stekt,DPA (C22:5),Vegetabiliskt protein produkter och rätter,0.0,g
6282,Mykoprotein färs bitar filé stekt,EPA (C20:5),Vegetabiliskt protein produkter och rätter,0.0,g
6282,Mykoprotein färs bitar filé stekt,Arakidonsyra C20:4,Vegetabiliskt protein produkter och rätter,0.0,g
6282,Mykoprotein färs bitar filé stekt,Arakidinsyra C20:0,Vegetabiliskt protein produkter och rätter,0.0,g
6282,Mykoprotein färs bitar filé stekt,Linolensyra C18:3,Vegetabiliskt protein produkter och rätter,0.1,g
6282,Mykoprotein färs bitar filé stekt,Linolsyra C18:2,Vegetabiliskt protein produkter och rätter,0.8,g
6282,Mykoprotein färs bitar filé stekt,Oljesyra C18:1,Vegetabiliskt protein produkter och rätter,0.3,g
6282,Mykoprotein färs bitar filé stekt,Stearinsyra C18:0,Vegetabiliskt protein produkter och rätter,0.1,g
6282,Mykoprotein färs bitar filé stekt,Palmitoljesyra C16:1,Vegetabiliskt protein produkter och rätter,0.0,g
6282,Mykoprotein färs bitar filé stekt,Palmitinsyra C16:0,Vegetabiliskt protein produkter och rätter,0.2,g
6282,Mykoprotein färs bitar filé stekt,Myristinsyra C14:0,Vegetabiliskt protein produkter och rätter,0.0,g
6282,Mykoprotein färs bitar filé stekt,Laurinsyra C12:0,Vegetabiliskt protein produkter och rätter,0.0,g
6282,Mykoprotein färs bitar filé stekt,Betakaroten/β-Karoten,Vegetabiliskt protein produkter och rätter,5.0,µg
6282,Mykoprotein färs bitar filé stekt,Avfall (skal etc.),Vegetabiliskt protein produkter och rätter,0.0,%
6282,Mykoprotein färs bitar filé stekt,Aska,Vegetabiliskt protein produkter och rätter,1.7,g
6282,Mykoprotein färs bitar filé stekt,Alkohol,Vegetabiliskt protein produkter och rätter,0.0,g
6283,Falafel kikärtskroketter stekta,"Zink, Zn",Grönsaks- rotfrukts- baljväxträtter o produkter,1.2,mg
6283,Falafel kikärtskroketter stekta,Vitamin E,Grönsaks- rotfrukts- baljväxträtter o produkter,2.9,mg
6283,Falafel kikärtskroketter stekta,Vitamin D inkl 25-OH-D3,Grönsaks- rotfrukts- baljväxträtter o produkter,0.0,µg
6283,Falafel kikärtskroketter stekta,Vitamin D,Grönsaks- rotfrukts- baljväxträtter o produkter,0.0,µg
6283,Falafel kikärtskroketter stekta,Vitamin C,Grönsaks- rotfrukts- baljväxträtter o produkter,0.2,mg
6283,Falafel kikärtskroketter stekta,Vitamin B6,Grönsaks- rotfrukts- baljväxträtter o produkter,0.21,mg
6283,Falafel kikärtskroketter stekta,Vitamin B12,Grönsaks- rotfrukts- baljväxträtter o produkter,0.0,µg
6283,Falafel kikärtskroketter stekta,Vitamin A,Grönsaks- rotfrukts- baljväxträtter o produkter,14.7,RE/µg
6283,Falafel kikärtskroketter stekta,Vatten,Grönsaks- rotfrukts- baljväxträtter o produkter,45.3,g
6283,Falafel kikärtskroketter stekta,Tiamin,Grönsaks- rotfrukts- baljväxträtter o produkter,0.19,mg
6283,Falafel kikärtskroketter stekta,Tillsatt socker,Grönsaks- rotfrukts- baljväxträtter o produkter,0.0,g
6283,Falafel kikärtskroketter stekta,Fritt socker,Grönsaks- rotfrukts- baljväxträtter o produkter,0.0,g
6283,Falafel kikärtskroketter stekta,"Selen, Se",Grönsaks- rotfrukts- baljväxträtter o produkter,20.0,µg
6283,Falafel kikärtskroketter stekta,Sackaros,Grönsaks- rotfrukts- baljväxträtter o produkter,0.4,g
6283,Falafel kikärtskroketter stekta,Riboflavin,Grönsaks- rotfrukts- baljväxträtter o produkter,0.07,mg
6283,Falafel kikärtskroketter stekta,Retinol,Grönsaks- rotfrukts- baljväxträtter o produkter,0.0,µg
6283,Falafel kikärtskroketter stekta,Protein,Grönsaks- rotfrukts- baljväxträtter o produkter,9.0,g
6283,Falafel kikärtskroketter stekta,Summa fleromättade fettsyror,Grönsaks- rotfrukts- baljväxträtter o produkter,3.7,g
6283,Falafel kikärtskroketter stekta,"Fosfor, P",Grönsaks- rotfrukts- baljväxträtter o produkter,178.0,mg
6283,Falafel kikärtskroketter stekta,Niacinekvivalenter,Grönsaks- rotfrukts- baljväxträtter o produkter,2.0,NE/mg
6283,Falafel kikärtskroketter stekta,Niacin,Grönsaks- rotfrukts- baljväxträtter o produkter,0.47,mg
6283,Falafel kikärtskroketter stekta,"Salt, NaCl",Grönsaks- rotfrukts- baljväxträtter o produkter,1.3,g
6283,Falafel kikärtskroketter stekta,"Natrium, Na",Grönsaks- rotfrukts- baljväxträtter o produkter,523.0,mg
6283,Falafel kikärtskroketter stekta,Monosackarider,Grönsaks- rotfrukts- baljväxträtter o produkter,0.7,g
6283,Falafel kikärtskroketter stekta,"Sockerarter, totalt",Grönsaks- rotfrukts- baljväxträtter o produkter,4.8,g
6283,Falafel kikärtskroketter stekta,Summa enkelomättade fettsyror,Grönsaks- rotfrukts- baljväxträtter o produkter,7.3,g
6283,Falafel kikärtskroketter stekta,"Magnesium, Mg",Grönsaks- rotfrukts- baljväxträtter o produkter,50.0,mg
6283,Falafel kikärtskroketter stekta,Summa mättade fettsyror,Grönsaks- rotfrukts- baljväxträtter o produkter,1.0,g
6283,Falafel kikärtskroketter stekta,"Kolhydrater, tillgängliga",Grönsaks- rotfrukts- baljväxträtter o produkter,23.6,g
6283,Falafel kikärtskroketter stekta,Kolesterol,Grönsaks- rotfrukts- baljväxträtter o produkter,0.0,mg
6283,Falafel kikärtskroketter stekta,"Kalium, K",Grönsaks- rotfrukts- baljväxträtter o produkter,390.0,mg
6283,Falafel kikärtskroketter stekta,"Jod, I",Grönsaks- rotfrukts- baljväxträtter o produkter,0.0,µg
6283,Falafel kikärtskroketter stekta,Fullkorn totalt,Grönsaks- rotfrukts- baljväxträtter o produkter,0.0,g
6283,Falafel kikärtskroketter stekta,"Folat, totalt",Grönsaks- rotfrukts- baljväxträtter o produkter,96.6,µg
6283,Falafel kikärtskroketter stekta,Fibrer,Grönsaks- rotfrukts- baljväxträtter o produkter,6.8,g
6283,Falafel kikärtskroketter stekta,"Fett, totalt",Grönsaks- rotfrukts- baljväxträtter o produkter,12.6,g
6283,Falafel kikärtskroketter stekta,"Järn, Fe",Grönsaks- rotfrukts- baljväxträtter o produkter,2.0,mg
6283,Falafel kikärtskroketter stekta,Energi (kJ),Grönsaks- rotfrukts- baljväxträtter o produkter,1074.0,kJ
6283,Falafel kikärtskroketter stekta,Energi (kcal),Grönsaks- rotfrukts- baljväxträtter o produkter,257.0,kcal
6283,Falafel kikärtskroketter stekta,Disackarider,Grönsaks- rotfrukts- baljväxträtter o produkter,4.1,g
6283,Falafel kikärtskroketter stekta,"Kalcium, Ca",Grönsaks- rotfrukts- baljväxträtter o produkter,101.0,mg
6283,Falafel kikärtskroketter stekta,Fettsyra 4:0-10:0,Grönsaks- rotfrukts- baljväxträtter o produkter,0.0,g
6283,Falafel kikärtskroketter stekta,DHA (C22:6),Grönsaks- rotfrukts- baljväxträtter o produkter,0.0,g
6283,Falafel kikärtskroketter stekta,DPA (C22:5),Grönsaks- rotfrukts- baljväxträtter o produkter,0.0,g
6283,Falafel kikärtskroketter stekta,EPA (C20:5),Grönsaks- rotfrukts- baljväxträtter o produkter,0.0,g
6283,Falafel kikärtskroketter stekta,Arakidonsyra C20:4,Grönsaks- rotfrukts- baljväxträtter o produkter,0.0,g
6283,Falafel kikärtskroketter stekta,Arakidinsyra C20:0,Grönsaks- rotfrukts- baljväxträtter o produkter,0.1,g
6283,Falafel kikärtskroketter stekta,Linolensyra C18:3,Grönsaks- rotfrukts- baljväxträtter o produkter,0.7,g
6283,Falafel kikärtskroketter stekta,Linolsyra C18:2,Grönsaks- rotfrukts- baljväxträtter o produkter,3.0,g
6283,Falafel kikärtskroketter stekta,Oljesyra C18:1,Grönsaks- rotfrukts- baljväxträtter o produkter,7.2,g
6283,Falafel kikärtskroketter stekta,Stearinsyra C18:0,Grönsaks- rotfrukts- baljväxträtter o produkter,0.2,g
6283,Falafel kikärtskroketter stekta,Palmitoljesyra C16:1,Grönsaks- rotfrukts- baljväxträtter o produkter,0.0,g
6283,Falafel kikärtskroketter stekta,Palmitinsyra C16:0,Grönsaks- rotfrukts- baljväxträtter o produkter,0.7,g
6283,Falafel kikärtskroketter stekta,Myristinsyra C14:0,Grönsaks- rotfrukts- baljväxträtter o produkter,0.0,g
6283,Falafel kikärtskroketter stekta,Laurinsyra C12:0,Grönsaks- rotfrukts- baljväxträtter o produkter,0.0,g
6283,Falafel kikärtskroketter stekta,Betakaroten/β-Karoten,Grönsaks- rotfrukts- baljväxträtter o produkter,174.0,µg
6283,Falafel kikärtskroketter stekta,Avfall (skal etc.),Grönsaks- rotfrukts- baljväxträtter o produkter,0.0,%
6283,Falafel kikärtskroketter stekta,Aska,Grönsaks- rotfrukts- baljväxträtter o produkter,2.7,g
6283,Falafel kikärtskroketter stekta,Alkohol,Grönsaks- rotfrukts- baljväxträtter o produkter,0.0,g
6284,Falafel kikärtskroketter ugnsstekta,"Zink, Zn",Grönsaks- rotfrukts- baljväxträtter o produkter,1.3,mg
6284,Falafel kikärtskroketter ugnsstekta,Vitamin E,Grönsaks- rotfrukts- baljväxträtter o produkter,3.2,mg
6284,Falafel kikärtskroketter ugnsstekta,Vitamin D inkl 25-OH-D3,Grönsaks- rotfrukts- baljväxträtter o produkter,0.0,µg
6284,Falafel kikärtskroketter ugnsstekta,Vitamin D,Grönsaks- rotfrukts- baljväxträtter o produkter,0.0,µg
6284,Falafel kikärtskroketter ugnsstekta,Vitamin C,Grönsaks- rotfrukts- baljväxträtter o produkter,0.2,mg
6284,Falafel kikärtskroketter ugnsstekta,Vitamin B6,Grönsaks- rotfrukts- baljväxträtter o produkter,0.23,mg
6284,Falafel kikärtskroketter ugnsstekta,Vitamin B12,Grönsaks- rotfrukts- baljväxträtter o produkter,0.0,µg
6284,Falafel kikärtskroketter ugnsstekta,Vitamin A,Grönsaks- rotfrukts- baljväxträtter o produkter,16.3,RE/µg
6284,Falafel kikärtskroketter ugnsstekta,Vatten,Grönsaks- rotfrukts- baljväxträtter o produkter,39.5,g
6284,Falafel kikärtskroketter ugnsstekta,Tiamin,Grönsaks- rotfrukts- baljväxträtter o produkter,0.21,mg
6284,Falafel kikärtskroketter ugnsstekta,Tillsatt socker,Grönsaks- rotfrukts- baljväxträtter o produkter,0.0,g
6284,Falafel kikärtskroketter ugnsstekta,Fritt socker,Grönsaks- rotfrukts- baljväxträtter o produkter,0.0,g
6284,Falafel kikärtskroketter ugnsstekta,"Selen, Se",Grönsaks- rotfrukts- baljväxträtter o produkter,22.2,µg
6284,Falafel kikärtskroketter ugnsstekta,Sackaros,Grönsaks- rotfrukts- baljväxträtter o produkter,0.5,g
6284,Falafel kikärtskroketter ugnsstekta,Riboflavin,Grönsaks- rotfrukts- baljväxträtter o produkter,0.07,mg
6284,Falafel kikärtskroketter ugnsstekta,Retinol,Grönsaks- rotfrukts- baljväxträtter o produkter,0.0,µg
6284,Falafel kikärtskroketter ugnsstekta,Protein,Grönsaks- rotfrukts- baljväxträtter o produkter,10.0,g
6284,Falafel kikärtskroketter ugnsstekta,Summa fleromättade fettsyror,Grönsaks- rotfrukts- baljväxträtter o produkter,4.1,g
6284,Falafel kikärtskroketter ugnsstekta,"Fosfor, P",Grönsaks- rotfrukts- baljväxträtter o produkter,197.0,mg
6284,Falafel kikärtskroketter ugnsstekta,Niacinekvivalenter,Grönsaks- rotfrukts- baljväxträtter o produkter,2.22,NE/mg
6284,Falafel kikärtskroketter ugnsstekta,Niacin,Grönsaks- rotfrukts- baljväxträtter o produkter,0.52,mg
6284,Falafel kikärtskroketter ugnsstekta,"Salt, NaCl",Grönsaks- rotfrukts- baljväxträtter o produkter,1.5,g
6284,Falafel kikärtskroketter ugnsstekta,"Natrium, Na",Grönsaks- rotfrukts- baljväxträtter o produkter,579.0,mg
6284,Falafel kikärtskroketter ugnsstekta,Monosackarider,Grönsaks- rotfrukts- baljväxträtter o produkter,0.7,g
6284,Falafel kikärtskroketter ugnsstekta,"Sockerarter, totalt",Grönsaks- rotfrukts- baljväxträtter o produkter,5.3,g
6284,Falafel kikärtskroketter ugnsstekta,Summa enkelomättade fettsyror,Grönsaks- rotfrukts- baljväxträtter o produkter,8.1,g
6284,Falafel kikärtskroketter ugnsstekta,"Magnesium, Mg",Grönsaks- rotfrukts- baljväxträtter o produkter,55.0,mg
6284,Falafel kikärtskroketter ugnsstekta,Summa mättade fettsyror,Grönsaks- rotfrukts- baljväxträtter o produkter,1.1,g
6284,Falafel kikärtskroketter ugnsstekta,"Kolhydrater, tillgängliga",Grönsaks- rotfrukts- baljväxträtter o produkter,26.1,g
6284,Falafel kikärtskroketter ugnsstekta,Kolesterol,Grönsaks- rotfrukts- baljväxträtter o produkter,0.0,mg
6284,Falafel kikärtskroketter ugnsstekta,"Kalium, K",Grönsaks- rotfrukts- baljväxträtter o produkter,431.0,mg
6284,Falafel kikärtskroketter ugnsstekta,"Jod, I",Grönsaks- rotfrukts- baljväxträtter o produkter,0.0,µg
6284,Falafel kikärtskroketter ugnsstekta,Fullkorn totalt,Grönsaks- rotfrukts- baljväxträtter o produkter,0.0,g
6284,Falafel kikärtskroketter ugnsstekta,"Folat, totalt",Grönsaks- rotfrukts- baljväxträtter o produkter,106.9,µg
6284,Falafel kikärtskroketter ugnsstekta,Fibrer,Grönsaks- rotfrukts- baljväxträtter o produkter,7.5,g
6284,Falafel kikärtskroketter ugnsstekta,"Fett, totalt",Grönsaks- rotfrukts- baljväxträtter o produkter,13.9,g
6284,Falafel kikärtskroketter ugnsstekta,"Järn, Fe",Grönsaks- rotfrukts- baljväxträtter o produkter,2.2,mg
6284,Falafel kikärtskroketter ugnsstekta,Energi (kJ),Grönsaks- rotfrukts- baljväxträtter o produkter,1189.0,kJ
6284,Falafel kikärtskroketter ugnsstekta,Energi (kcal),Grönsaks- rotfrukts- baljväxträtter o produkter,285.0,kcal
6284,Falafel kikärtskroketter ugnsstekta,Disackarider,Grönsaks- rotfrukts- baljväxträtter o produkter,4.6,g
6284,Falafel kikärtskroketter ugnsstekta,"Kalcium, Ca",Grönsaks- rotfrukts- baljväxträtter o produkter,112.0,mg
6284,Falafel kikärtskroketter ugnsstekta,Fettsyra 4:0-10:0,Grönsaks- rotfrukts- baljväxträtter o produkter,0.0,g
6284,Falafel kikärtskroketter ugnsstekta,DHA (C22:6),Grönsaks- rotfrukts- baljväxträtter o produkter,0.0,g
6284,Falafel kikärtskroketter ugnsstekta,DPA (C22:5),Grönsaks- rotfrukts- baljväxträtter o produkter,0.0,g
6284,Falafel kikärtskroketter ugnsstekta,EPA (C20:5),Grönsaks- rotfrukts- baljväxträtter o produkter,0.0,g
6284,Falafel kikärtskroketter ugnsstekta,Arakidonsyra C20:4,Grönsaks- rotfrukts- baljväxträtter o produkter,0.0,g
6284,Falafel kikärtskroketter ugnsstekta,Arakidinsyra C20:0,Grönsaks- rotfrukts- baljväxträtter o produkter,0.1,g
6284,Falafel kikärtskroketter ugnsstekta,Linolensyra C18:3,Grönsaks- rotfrukts- baljväxträtter o produkter,0.8,g
6284,Falafel kikärtskroketter ugnsstekta,Linolsyra C18:2,Grönsaks- rotfrukts- baljväxträtter o produkter,3.3,g
6284,Falafel kikärtskroketter ugnsstekta,Oljesyra C18:1,Grönsaks- rotfrukts- baljväxträtter o produkter,8.0,g
6284,Falafel kikärtskroketter ugnsstekta,Stearinsyra C18:0,Grönsaks- rotfrukts- baljväxträtter o produkter,0.2,g
6284,Falafel kikärtskroketter ugnsstekta,Palmitoljesyra C16:1,Grönsaks- rotfrukts- baljväxträtter o produkter,0.0,g
6284,Falafel kikärtskroketter ugnsstekta,Palmitinsyra C16:0,Grönsaks- rotfrukts- baljväxträtter o produkter,0.8,g
6284,Falafel kikärtskroketter ugnsstekta,Myristinsyra C14:0,Grönsaks- rotfrukts- baljväxträtter o produkter,0.0,g
6284,Falafel kikärtskroketter ugnsstekta,Laurinsyra C12:0,Grönsaks- rotfrukts- baljväxträtter o produkter,0.0,g
6284,Falafel kikärtskroketter ugnsstekta,Betakaroten/β-Karoten,Grönsaks- rotfrukts- baljväxträtter o produkter,192.0,µg
6284,Falafel kikärtskroketter ugnsstekta,Avfall (skal etc.),Grönsaks- rotfrukts- baljväxträtter o produkter,0.0,%
6284,Falafel kikärtskroketter ugnsstekta,Aska,Grönsaks- rotfrukts- baljväxträtter o produkter,3.0,g
6284,Falafel kikärtskroketter ugnsstekta,Alkohol,Grönsaks- rotfrukts- baljväxträtter o produkter,0.0,g
6285,Soja- och veteprotein bullar stekta,"Zink, Zn",Vegetabiliskt protein produkter och rätter,1.3,mg
6285,Soja- och veteprotein bullar stekta,Vitamin E,Vegetabiliskt protein produkter och rätter,4.7,mg
6285,Soja- och veteprotein bullar stekta,Vitamin D,Vegetabiliskt protein produkter och rätter,0.48,µg
6285,Soja- och veteprotein bullar stekta,Vitamin C,Vegetabiliskt protein produkter och rätter,0.2,mg
6285,Soja- och veteprotein bullar stekta,Vitamin B6,Vegetabiliskt protein produkter och rätter,0.1,mg
6285,Soja- och veteprotein bullar stekta,Vitamin B12,Vegetabiliskt protein produkter och rätter,0.0,µg
6285,Soja- och veteprotein bullar stekta,Vitamin A,Vegetabiliskt protein produkter och rätter,1.8,RE/µg
6285,Soja- och veteprotein bullar stekta,Vatten,Vegetabiliskt protein produkter och rätter,52.8,g
6285,Soja- och veteprotein bullar stekta,Tiamin,Vegetabiliskt protein produkter och rätter,0.16,mg
6285,Soja- och veteprotein bullar stekta,Tillsatt socker,Vegetabiliskt protein produkter och rätter,0.0,g
6285,Soja- och veteprotein bullar stekta,Fritt socker,Vegetabiliskt protein produkter och rätter,0.0,g
6285,Soja- och veteprotein bullar stekta,"Selen, Se",Vegetabiliskt protein produkter och rätter,9.1,µg
6285,Soja- och veteprotein bullar stekta,Sackaros,Vegetabiliskt protein produkter och rätter,0.1,g
6285,Soja- och veteprotein bullar stekta,Riboflavin,Vegetabiliskt protein produkter och rätter,0.14,mg
6285,Soja- och veteprotein bullar stekta,Retinol,Vegetabiliskt protein produkter och rätter,0.0,µg
6285,Soja- och veteprotein bullar stekta,Protein,Vegetabiliskt protein produkter och rätter,19.0,g
6285,Soja- och veteprotein bullar stekta,Summa fleromättade fettsyror,Vegetabiliskt protein produkter och rätter,2.7,g
6285,Soja- och veteprotein bullar stekta,"Fosfor, P",Vegetabiliskt protein produkter och rätter,182.0,mg
6285,Soja- och veteprotein bullar stekta,Niacinekvivalenter,Vegetabiliskt protein produkter och rätter,4.56,NE/mg
6285,Soja- och veteprotein bullar stekta,Niacin,Vegetabiliskt protein produkter och rätter,1.38,mg
6285,Soja- och veteprotein bullar stekta,"Salt, NaCl",Vegetabiliskt protein produkter och rätter,1.4,g
6285,Soja- och veteprotein bullar stekta,"Natrium, Na",Vegetabiliskt protein produkter och rätter,536.0,mg
6285,Soja- och veteprotein bullar stekta,Monosackarider,Vegetabiliskt protein produkter och rätter,0.0,g
6285,Soja- och veteprotein bullar stekta,"Sockerarter, totalt",Vegetabiliskt protein produkter och rätter,0.3,g
6285,Soja- och veteprotein bullar stekta,Summa enkelomättade fettsyror,Vegetabiliskt protein produkter och rätter,4.6,g
6285,Soja- och veteprotein bullar stekta,"Magnesium, Mg",Vegetabiliskt protein produkter och rätter,65.0,mg
6285,Soja- och veteprotein bullar stekta,Summa mättade fettsyror,Vegetabiliskt protein produkter och rätter,0.7,g
6285,Soja- och veteprotein bullar stekta,"Kolhydrater, tillgängliga",Vegetabiliskt protein produkter och rätter,10.3,g
6285,Soja- och veteprotein bullar stekta,Kolesterol,Vegetabiliskt protein produkter och rätter,3.4,mg
6285,Soja- och veteprotein bullar stekta,"Kalium, K",Vegetabiliskt protein produkter och rätter,753.0,mg
6285,Soja- och veteprotein bullar stekta,"Jod, I",Vegetabiliskt protein produkter och rätter,0.0,µg
6285,Soja- och veteprotein bullar stekta,Fullkorn totalt,Vegetabiliskt protein produkter och rätter,0.0,g
6285,Soja- och veteprotein bullar stekta,"Folat, totalt",Vegetabiliskt protein produkter och rätter,87.0,µg
6285,Soja- och veteprotein bullar stekta,Fibrer,Vegetabiliskt protein produkter och rätter,5.9,g
6285,Soja- och veteprotein bullar stekta,"Fett, totalt",Vegetabiliskt protein produkter och rätter,8.3,g
6285,Soja- och veteprotein bullar stekta,"Järn, Fe",Vegetabiliskt protein produkter och rätter,2.5,mg
6285,Soja- och veteprotein bullar stekta,Energi (kJ),Vegetabiliskt protein produkter och rätter,854.0,kJ
6285,Soja- och veteprotein bullar stekta,Energi (kcal),Vegetabiliskt protein produkter och rätter,204.0,kcal
6285,Soja- och veteprotein bullar stekta,Disackarider,Vegetabiliskt protein produkter och rätter,0.3,g
6285,Soja- och veteprotein bullar stekta,"Kalcium, Ca",Vegetabiliskt protein produkter och rätter,79.0,mg
6285,Soja- och veteprotein bullar stekta,Fettsyra 4:0-10:0,Vegetabiliskt protein produkter och rätter,0.0,g
6285,Soja- och veteprotein bullar stekta,DHA (C22:6),Vegetabiliskt protein produkter och rätter,0.0,g
6285,Soja- och veteprotein bullar stekta,DPA (C22:5),Vegetabiliskt protein produkter och rätter,0.0,g
6285,Soja- och veteprotein bullar stekta,EPA (C20:5),Vegetabiliskt protein produkter och rätter,0.0,g
6285,Soja- och veteprotein bullar stekta,Arakidonsyra C20:4,Vegetabiliskt protein produkter och rätter,0.0,g
6285,Soja- och veteprotein bullar stekta,Arakidinsyra C20:0,Vegetabiliskt protein produkter och rätter,0.0,g
6285,Soja- och veteprotein bullar stekta,Linolensyra C18:3,Vegetabiliskt protein produkter och rätter,0.4,g
6285,Soja- och veteprotein bullar stekta,Linolsyra C18:2,Vegetabiliskt protein produkter och rätter,2.4,g
6285,Soja- och veteprotein bullar stekta,Oljesyra C18:1,Vegetabiliskt protein produkter och rätter,4.5,g
6285,Soja- och veteprotein bullar stekta,Stearinsyra C18:0,Vegetabiliskt protein produkter och rätter,0.1,g
6285,Soja- och veteprotein bullar stekta,Palmitoljesyra C16:1,Vegetabiliskt protein produkter och rätter,0.0,g
6285,Soja- och veteprotein bullar stekta,Palmitinsyra C16:0,Vegetabiliskt protein produkter och rätter,0.4,g
6285,Soja- och veteprotein bullar stekta,Myristinsyra C14:0,Vegetabiliskt protein produkter och rätter,0.0,g
6285,Soja- och veteprotein bullar stekta,Laurinsyra C12:0,Vegetabiliskt protein produkter och rätter,0.0,g
6285,Soja- och veteprotein bullar stekta,Betakaroten/β-Karoten,Vegetabiliskt protein produkter och rätter,18.0,µg
6285,Soja- och veteprotein bullar stekta,Avfall (skal etc.),Vegetabiliskt protein produkter och rätter,0.0,%
6285,Soja- och veteprotein bullar stekta,Aska,Vegetabiliskt protein produkter och rätter,3.6,g
6285,Soja- och veteprotein bullar stekta,Alkohol,Vegetabiliskt protein produkter och rätter,0.0,g
6286,Soja- och veteprotein bullar ugnsstekta,"Zink, Zn",Vegetabiliskt protein produkter och rätter,1.4,mg
6286,Soja- och veteprotein bullar ugnsstekta,Vitamin E,Vegetabiliskt protein produkter och rätter,5.0,mg
6286,Soja- och veteprotein bullar ugnsstekta,Vitamin D,Vegetabiliskt protein produkter och rätter,0.51,µg
6286,Soja- och veteprotein bullar ugnsstekta,Vitamin C,Vegetabiliskt protein produkter och rätter,0.2,mg
6286,Soja- och veteprotein bullar ugnsstekta,Vitamin B6,Vegetabiliskt protein produkter och rätter,0.11,mg
6286,Soja- och veteprotein bullar ugnsstekta,Vitamin B12,Vegetabiliskt protein produkter och rätter,0.0,µg
6286,Soja- och veteprotein bullar ugnsstekta,Vitamin A,Vegetabiliskt protein produkter och rätter,1.9,RE/µg
6286,Soja- och veteprotein bullar ugnsstekta,Vatten,Vegetabiliskt protein produkter och rätter,50.1,g
6286,Soja- och veteprotein bullar ugnsstekta,Tiamin,Vegetabiliskt protein produkter och rätter,0.17,mg
6286,Soja- och veteprotein bullar ugnsstekta,Tillsatt socker,Vegetabiliskt protein produkter och rätter,0.0,g
6286,Soja- och veteprotein bullar ugnsstekta,Fritt socker,Vegetabiliskt protein produkter och rätter,0.0,g
6286,Soja- och veteprotein bullar ugnsstekta,"Selen, Se",Vegetabiliskt protein produkter och rätter,9.6,µg
6286,Soja- och veteprotein bullar ugnsstekta,Sackaros,Vegetabiliskt protein produkter och rätter,0.1,g
6286,Soja- och veteprotein bullar ugnsstekta,Riboflavin,Vegetabiliskt protein produkter och rätter,0.14,mg
6286,Soja- och veteprotein bullar ugnsstekta,Retinol,Vegetabiliskt protein produkter och rätter,0.0,µg
6286,Soja- och veteprotein bullar ugnsstekta,Protein,Vegetabiliskt protein produkter och rätter,20.1,g
6286,Soja- och veteprotein bullar ugnsstekta,Summa fleromättade fettsyror,Vegetabiliskt protein produkter och rätter,2.9,g
6286,Soja- och veteprotein bullar ugnsstekta,"Fosfor, P",Vegetabiliskt protein produkter och rätter,193.0,mg
6286,Soja- och veteprotein bullar ugnsstekta,Niacinekvivalenter,Vegetabiliskt protein produkter och rätter,4.82,NE/mg
6286,Soja- och veteprotein bullar ugnsstekta,Niacin,Vegetabiliskt protein produkter och rätter,1.46,mg
6286,Soja- och veteprotein bullar ugnsstekta,"Salt, NaCl",Vegetabiliskt protein produkter och rätter,1.4,g
6286,Soja- och veteprotein bullar ugnsstekta,"Natrium, Na",Vegetabiliskt protein produkter och rätter,566.0,mg
6286,Soja- och veteprotein bullar ugnsstekta,Monosackarider,Vegetabiliskt protein produkter och rätter,0.0,g
6286,Soja- och veteprotein bullar ugnsstekta,"Sockerarter, totalt",Vegetabiliskt protein produkter och rätter,0.4,g
6286,Soja- och veteprotein bullar ugnsstekta,Summa enkelomättade fettsyror,Vegetabiliskt protein produkter och rätter,4.8,g
6286,Soja- och veteprotein bullar ugnsstekta,"Magnesium, Mg",Vegetabiliskt protein produkter och rätter,69.0,mg
6286,Soja- och veteprotein bullar ugnsstekta,Summa mättade fettsyror,Vegetabiliskt protein produkter och rätter,0.7,g
6286,Soja- och veteprotein bullar ugnsstekta,"Kolhydrater, tillgängliga",Vegetabiliskt protein produkter och rätter,10.8,g
6286,Soja- och veteprotein bullar ugnsstekta,Kolesterol,Vegetabiliskt protein produkter och rätter,3.6,mg
6286,Soja- och veteprotein bullar ugnsstekta,"Kalium, K",Vegetabiliskt protein produkter och rätter,795.0,mg
6286,Soja- och veteprotein bullar ugnsstekta,"Jod, I",Vegetabiliskt protein produkter och rätter,0.0,µg
6286,Soja- och veteprotein bullar ugnsstekta,Fullkorn totalt,Vegetabiliskt protein produkter och rätter,0.0,g
6286,Soja- och veteprotein bullar ugnsstekta,"Folat, totalt",Vegetabiliskt protein produkter och rätter,91.9,µg
6286,Soja- och veteprotein bullar ugnsstekta,Fibrer,Vegetabiliskt protein produkter och rätter,6.3,g
6286,Soja- och veteprotein bullar ugnsstekta,"Fett, totalt",Vegetabiliskt protein produkter och rätter,8.8,g
6286,Soja- och veteprotein bullar ugnsstekta,"Järn, Fe",Vegetabiliskt protein produkter och rätter,2.6,mg
6286,Soja- och veteprotein bullar ugnsstekta,Energi (kJ),Vegetabiliskt protein produkter och rätter,902.0,kJ
6286,Soja- och veteprotein bullar ugnsstekta,Energi (kcal),Vegetabiliskt protein produkter och rätter,216.0,kcal
6286,Soja- och veteprotein bullar ugnsstekta,Disackarider,Vegetabiliskt protein produkter och rätter,0.4,g
6286,Soja- och veteprotein bullar ugnsstekta,"Kalcium, Ca",Vegetabiliskt protein produkter och rätter,83.0,mg
6286,Soja- och veteprotein bullar ugnsstekta,Fettsyra 4:0-10:0,Vegetabiliskt protein produkter och rätter,0.0,g
6286,Soja- och veteprotein bullar ugnsstekta,DHA (C22:6),Vegetabiliskt protein produkter och rätter,0.0,g
6286,Soja- och veteprotein bullar ugnsstekta,DPA (C22:5),Vegetabiliskt protein produkter och rätter,0.0,g
6286,Soja- och veteprotein bullar ugnsstekta,EPA (C20:5),Vegetabiliskt protein produkter och rätter,0.0,g
6286,Soja- och veteprotein bullar ugnsstekta,Arakidonsyra C20:4,Vegetabiliskt protein produkter och rätter,0.0,g
6286,Soja- och veteprotein bullar ugnsstekta,Arakidinsyra C20:0,Vegetabiliskt protein produkter och rätter,0.0,g
6286,Soja- och veteprotein bullar ugnsstekta,Linolensyra C18:3,Vegetabiliskt protein produkter och rätter,0.4,g
6286,Soja- och veteprotein bullar ugnsstekta,Linolsyra C18:2,Vegetabiliskt protein produkter och rätter,2.5,g
6286,Soja- och veteprotein bullar ugnsstekta,Oljesyra C18:1,Vegetabiliskt protein produkter och rätter,4.7,g
6286,Soja- och veteprotein bullar ugnsstekta,Stearinsyra C18:0,Vegetabiliskt protein produkter och rätter,0.2,g
6286,Soja- och veteprotein bullar ugnsstekta,Palmitoljesyra C16:1,Vegetabiliskt protein produkter och rätter,0.0,g
6286,Soja- och veteprotein bullar ugnsstekta,Palmitinsyra C16:0,Vegetabiliskt protein produkter och rätter,0.5,g
6286,Soja- och veteprotein bullar ugnsstekta,Myristinsyra C14:0,Vegetabiliskt protein produkter och rätter,0.0,g
6286,Soja- och veteprotein bullar ugnsstekta,Laurinsyra C12:0,Vegetabiliskt protein produkter och rätter,0.0,g
6286,Soja- och veteprotein bullar ugnsstekta,Betakaroten/β-Karoten,Vegetabiliskt protein produkter och rätter,19.0,µg
6286,Soja- och veteprotein bullar ugnsstekta,Avfall (skal etc.),Vegetabiliskt protein produkter och rätter,0.0,%
6286,Soja- och veteprotein bullar ugnsstekta,Aska,Vegetabiliskt protein produkter och rätter,3.9,g
6286,Soja- och veteprotein bullar ugnsstekta,Alkohol,Vegetabiliskt protein produkter och rätter,0.0,g
6287,Sojaprotein färs stekt,"Zink, Zn",Vegetabiliskt protein produkter och rätter,1.4,mg
6287,Sojaprotein färs stekt,Vitamin E,Vegetabiliskt protein produkter och rätter,4.3,mg
6287,Sojaprotein färs stekt,Vitamin D inkl 25-OH-D3,Vegetabiliskt protein produkter och rätter,0.0,µg
6287,Sojaprotein färs stekt,Vitamin D,Vegetabiliskt protein produkter och rätter,0.0,µg
6287,Sojaprotein färs stekt,Vitamin C,Vegetabiliskt protein produkter och rätter,0.0,mg
6287,Sojaprotein färs stekt,Vitamin B6,Vegetabiliskt protein produkter och rätter,0.1,mg
6287,Sojaprotein färs stekt,Vitamin B12,Vegetabiliskt protein produkter och rätter,0.0,µg
6287,Sojaprotein färs stekt,Vitamin A,Vegetabiliskt protein produkter och rätter,0.3,RE/µg
6287,Sojaprotein färs stekt,Vatten,Vegetabiliskt protein produkter och rätter,45.1,g
6287,Sojaprotein färs stekt,Tiamin,Vegetabiliskt protein produkter och rätter,0.11,mg
6287,Sojaprotein färs stekt,Tillsatt socker,Vegetabiliskt protein produkter och rätter,0.0,g
6287,Sojaprotein färs stekt,Fritt socker,Vegetabiliskt protein produkter och rätter,0.0,g
6287,Sojaprotein färs stekt,"Selen, Se",Vegetabiliskt protein produkter och rätter,15.1,µg
6287,Sojaprotein färs stekt,Sackaros,Vegetabiliskt protein produkter och rätter,0.0,g
6287,Sojaprotein färs stekt,Riboflavin,Vegetabiliskt protein produkter och rätter,0.08,mg
6287,Sojaprotein färs stekt,Retinol,Vegetabiliskt protein produkter och rätter,0.0,µg
6287,Sojaprotein färs stekt,Protein,Vegetabiliskt protein produkter och rätter,22.9,g
6287,Sojaprotein färs stekt,Summa fleromättade fettsyror,Vegetabiliskt protein produkter och rätter,3.3,g
6287,Sojaprotein färs stekt,"Fosfor, P",Vegetabiliskt protein produkter och rätter,302.0,mg
6287,Sojaprotein färs stekt,Niacinekvivalenter,Vegetabiliskt protein produkter och rätter,4.37,NE/mg
6287,Sojaprotein färs stekt,Niacin,Vegetabiliskt protein produkter och rätter,0.57,mg
6287,Sojaprotein färs stekt,"Salt, NaCl",Vegetabiliskt protein produkter och rätter,1.5,g
6287,Sojaprotein färs stekt,"Natrium, Na",Vegetabiliskt protein produkter och rätter,573.0,mg
6287,Sojaprotein färs stekt,Monosackarider,Vegetabiliskt protein produkter och rätter,0.0,g
6287,Sojaprotein färs stekt,"Sockerarter, totalt",Vegetabiliskt protein produkter och rätter,0.0,g
6287,Sojaprotein färs stekt,Summa enkelomättade fettsyror,Vegetabiliskt protein produkter och rätter,7.5,g
6287,Sojaprotein färs stekt,"Magnesium, Mg",Vegetabiliskt protein produkter och rätter,118.0,mg
6287,Sojaprotein färs stekt,Summa mättade fettsyror,Vegetabiliskt protein produkter och rätter,1.5,g
6287,Sojaprotein färs stekt,"Kolhydrater, tillgängliga",Vegetabiliskt protein produkter och rätter,7.2,g
6287,Sojaprotein färs stekt,Kolesterol,Vegetabiliskt protein produkter och rätter,0.0,mg
6287,Sojaprotein färs stekt,"Kalium, K",Vegetabiliskt protein produkter och rätter,845.0,mg
6287,Sojaprotein färs stekt,"Jod, I",Vegetabiliskt protein produkter och rätter,0.0,µg
6287,Sojaprotein färs stekt,Fullkorn totalt,Vegetabiliskt protein produkter och rätter,0.0,g
6287,Sojaprotein färs stekt,"Folat, totalt",Vegetabiliskt protein produkter och rätter,113.9,µg
6287,Sojaprotein färs stekt,Fibrer,Vegetabiliskt protein produkter och rätter,8.0,g
6287,Sojaprotein färs stekt,"Fett, totalt",Vegetabiliskt protein produkter och rätter,13.0,g
6287,Sojaprotein färs stekt,"Järn, Fe",Vegetabiliskt protein produkter och rätter,3.7,mg
6287,Sojaprotein färs stekt,Energi (kJ),Vegetabiliskt protein produkter och rätter,1056.0,kJ
6287,Sojaprotein färs stekt,Energi (kcal),Vegetabiliskt protein produkter och rätter,252.0,kcal
6287,Sojaprotein färs stekt,Disackarider,Vegetabiliskt protein produkter och rätter,0.0,g
6287,Sojaprotein färs stekt,"Kalcium, Ca",Vegetabiliskt protein produkter och rätter,166.0,mg
6287,Sojaprotein färs stekt,Fettsyra 4:0-10:0,Vegetabiliskt protein produkter och rätter,0.1,g
6287,Sojaprotein färs stekt,DHA (C22:6),Vegetabiliskt protein produkter och rätter,0.0,g
6287,Sojaprotein färs stekt,DPA (C22:5),Vegetabiliskt protein produkter och rätter,0.0,g
6287,Sojaprotein färs stekt,EPA (C20:5),Vegetabiliskt protein produkter och rätter,0.0,g
6287,Sojaprotein färs stekt,Arakidonsyra C20:4,Vegetabiliskt protein produkter och rätter,0.0,g
6287,Sojaprotein färs stekt,Arakidinsyra C20:0,Vegetabiliskt protein produkter och rätter,0.1,g
6287,Sojaprotein färs stekt,Linolensyra C18:3,Vegetabiliskt protein produkter och rätter,1.0,g
6287,Sojaprotein färs stekt,Linolsyra C18:2,Vegetabiliskt protein produkter och rätter,2.4,g
6287,Sojaprotein färs stekt,Oljesyra C18:1,Vegetabiliskt protein produkter och rätter,7.3,g
6287,Sojaprotein färs stekt,Stearinsyra C18:0,Vegetabiliskt protein produkter och rätter,0.2,g
6287,Sojaprotein färs stekt,Palmitoljesyra C16:1,Vegetabiliskt protein produkter och rätter,0.0,g
6287,Sojaprotein färs stekt,Palmitinsyra C16:0,Vegetabiliskt protein produkter och rätter,0.6,g
6287,Sojaprotein färs stekt,Myristinsyra C14:0,Vegetabiliskt protein produkter och rätter,0.2,g
6287,Sojaprotein färs stekt,Laurinsyra C12:0,Vegetabiliskt protein produkter och rätter,0.4,g
6287,Sojaprotein färs stekt,Betakaroten/β-Karoten,Vegetabiliskt protein produkter och rätter,3.0,µg
6287,Sojaprotein färs stekt,Avfall (skal etc.),Vegetabiliskt protein produkter och rätter,0.0,%
6287,Sojaprotein färs stekt,Aska,Vegetabiliskt protein produkter och rätter,3.8,g
6287,Sojaprotein färs stekt,Alkohol,Vegetabiliskt protein produkter och rätter,0.0,g
6288,Sojaprotein bitar stekta typ Tzay®,"Zink, Zn",Vegetabiliskt protein produkter och rätter,0.8,mg
6288,Sojaprotein bitar stekta typ Tzay®,Vitamin E,Vegetabiliskt protein produkter och rätter,2.0,mg
6288,Sojaprotein bitar stekta typ Tzay®,Vitamin D inkl 25-OH-D3,Vegetabiliskt protein produkter och rätter,0.0,µg
6288,Sojaprotein bitar stekta typ Tzay®,Vitamin D,Vegetabiliskt protein produkter och rätter,0.0,µg
6288,Sojaprotein bitar stekta typ Tzay®,Vitamin C,Vegetabiliskt protein produkter och rätter,0.1,mg
6288,Sojaprotein bitar stekta typ Tzay®,Vitamin B6,Vegetabiliskt protein produkter och rätter,0.06,mg
6288,Sojaprotein bitar stekta typ Tzay®,Vitamin B12,Vegetabiliskt protein produkter och rätter,0.0,µg
6288,Sojaprotein bitar stekta typ Tzay®,Vitamin A,Vegetabiliskt protein produkter och rätter,0.0,RE/µg
6288,Sojaprotein bitar stekta typ Tzay®,Vatten,Vegetabiliskt protein produkter och rätter,59.3,g
6288,Sojaprotein bitar stekta typ Tzay®,Tiamin,Vegetabiliskt protein produkter och rätter,0.2,mg
6288,Sojaprotein bitar stekta typ Tzay®,Tillsatt socker,Vegetabiliskt protein produkter och rätter,4.0,g
6288,Sojaprotein bitar stekta typ Tzay®,Fritt socker,Vegetabiliskt protein produkter och rätter,4.0,g
6288,Sojaprotein bitar stekta typ Tzay®,"Selen, Se",Vegetabiliskt protein produkter och rätter,6.3,µg
6288,Sojaprotein bitar stekta typ Tzay®,Sackaros,Vegetabiliskt protein produkter och rätter,4.2,g
6288,Sojaprotein bitar stekta typ Tzay®,Riboflavin,Vegetabiliskt protein produkter och rätter,0.08,mg
6288,Sojaprotein bitar stekta typ Tzay®,Retinol,Vegetabiliskt protein produkter och rätter,0.0,µg
6288,Sojaprotein bitar stekta typ Tzay®,Protein,Vegetabiliskt protein produkter och rätter,17.2,g
6288,Sojaprotein bitar stekta typ Tzay®,Summa fleromättade fettsyror,Vegetabiliskt protein produkter och rätter,2.7,g
6288,Sojaprotein bitar stekta typ Tzay®,"Fosfor, P",Vegetabiliskt protein produkter och rätter,221.0,mg
6288,Sojaprotein bitar stekta typ Tzay®,Niacinekvivalenter,Vegetabiliskt protein produkter och rätter,3.47,NE/mg
6288,Sojaprotein bitar stekta typ Tzay®,Niacin,Vegetabiliskt protein produkter och rätter,0.63,mg
6288,Sojaprotein bitar stekta typ Tzay®,"Salt, NaCl",Vegetabiliskt protein produkter och rätter,1.8,g
6288,Sojaprotein bitar stekta typ Tzay®,"Natrium, Na",Vegetabiliskt protein produkter och rätter,715.0,mg
6288,Sojaprotein bitar stekta typ Tzay®,Monosackarider,Vegetabiliskt protein produkter och rätter,0.0,g
6288,Sojaprotein bitar stekta typ Tzay®,"Sockerarter, totalt",Vegetabiliskt protein produkter och rätter,4.2,g
6288,Sojaprotein bitar stekta typ Tzay®,Summa enkelomättade fettsyror,Vegetabiliskt protein produkter och rätter,2.0,g
6288,Sojaprotein bitar stekta typ Tzay®,"Magnesium, Mg",Vegetabiliskt protein produkter och rätter,58.0,mg
6288,Sojaprotein bitar stekta typ Tzay®,Summa mättade fettsyror,Vegetabiliskt protein produkter och rätter,0.7,g
6288,Sojaprotein bitar stekta typ Tzay®,"Kolhydrater, tillgängliga",Vegetabiliskt protein produkter och rätter,9.8,g
6288,Sojaprotein bitar stekta typ Tzay®,Kolesterol,Vegetabiliskt protein produkter och rätter,0.0,mg
6288,Sojaprotein bitar stekta typ Tzay®,"Kalium, K",Vegetabiliskt protein produkter och rätter,337.0,mg
6288,Sojaprotein bitar stekta typ Tzay®,"Jod, I",Vegetabiliskt protein produkter och rätter,30.5,µg
6288,Sojaprotein bitar stekta typ Tzay®,Fullkorn totalt,Vegetabiliskt protein produkter och rätter,0.0,g
6288,Sojaprotein bitar stekta typ Tzay®,"Folat, totalt",Vegetabiliskt protein produkter och rätter,78.4,µg
6288,Sojaprotein bitar stekta typ Tzay®,Fibrer,Vegetabiliskt protein produkter och rätter,4.5,g
6288,Sojaprotein bitar stekta typ Tzay®,"Fett, totalt",Vegetabiliskt protein produkter och rätter,5.7,g
6288,Sojaprotein bitar stekta typ Tzay®,"Järn, Fe",Vegetabiliskt protein produkter och rätter,2.9,mg
6288,Sojaprotein bitar stekta typ Tzay®,Energi (kJ),Vegetabiliskt protein produkter och rätter,707.0,kJ
6288,Sojaprotein bitar stekta typ Tzay®,Energi (kcal),Vegetabiliskt protein produkter och rätter,169.0,kcal
6288,Sojaprotein bitar stekta typ Tzay®,Disackarider,Vegetabiliskt protein produkter och rätter,4.2,g
6288,Sojaprotein bitar stekta typ Tzay®,"Kalcium, Ca",Vegetabiliskt protein produkter och rätter,89.0,mg
6288,Sojaprotein bitar stekta typ Tzay®,Fettsyra 4:0-10:0,Vegetabiliskt protein produkter och rätter,0.0,g
6288,Sojaprotein bitar stekta typ Tzay®,DHA (C22:6),Vegetabiliskt protein produkter och rätter,0.0,g
6288,Sojaprotein bitar stekta typ Tzay®,DPA (C22:5),Vegetabiliskt protein produkter och rätter,0.0,g
6288,Sojaprotein bitar stekta typ Tzay®,EPA (C20:5),Vegetabiliskt protein produkter och rätter,0.0,g
6288,Sojaprotein bitar stekta typ Tzay®,Arakidonsyra C20:4,Vegetabiliskt protein produkter och rätter,0.0,g
6288,Sojaprotein bitar stekta typ Tzay®,Arakidinsyra C20:0,Vegetabiliskt protein produkter och rätter,0.0,g
6288,Sojaprotein bitar stekta typ Tzay®,Linolensyra C18:3,Vegetabiliskt protein produkter och rätter,0.3,g
6288,Sojaprotein bitar stekta typ Tzay®,Linolsyra C18:2,Vegetabiliskt protein produkter och rätter,2.4,g
6288,Sojaprotein bitar stekta typ Tzay®,Oljesyra C18:1,Vegetabiliskt protein produkter och rätter,2.0,g
6288,Sojaprotein bitar stekta typ Tzay®,Stearinsyra C18:0,Vegetabiliskt protein produkter och rätter,0.2,g
6288,Sojaprotein bitar stekta typ Tzay®,Palmitoljesyra C16:1,Vegetabiliskt protein produkter och rätter,0.0,g
6288,Sojaprotein bitar stekta typ Tzay®,Palmitinsyra C16:0,Vegetabiliskt protein produkter och rätter,0.5,g
6288,Sojaprotein bitar stekta typ Tzay®,Myristinsyra C14:0,Vegetabiliskt protein produkter och rätter,0.0,g
6288,Sojaprotein bitar stekta typ Tzay®,Laurinsyra C12:0,Vegetabiliskt protein produkter och rätter,0.0,g
6288,Sojaprotein bitar stekta typ Tzay®,Betakaroten/β-Karoten,Vegetabiliskt protein produkter och rätter,0.0,µg
6288,Sojaprotein bitar stekta typ Tzay®,Avfall (skal etc.),Vegetabiliskt protein produkter och rätter,0.0,%
6288,Sojaprotein bitar stekta typ Tzay®,Aska,Vegetabiliskt protein produkter och rätter,3.5,g
6288,Sojaprotein bitar stekta typ Tzay®,Alkohol,Vegetabiliskt protein produkter och rätter,0.0,g
6289,Sojaprotein bitar stekta typ Oumph®,"Zink, Zn",Vegetabiliskt protein produkter och rätter,1.1,mg
6289,Sojaprotein bitar stekta typ Oumph®,Vitamin E,Vegetabiliskt protein produkter och rätter,0.0,mg
6289,Sojaprotein bitar stekta typ Oumph®,Vitamin D inkl 25-OH-D3,Vegetabiliskt protein produkter och rätter,0.0,µg
6289,Sojaprotein bitar stekta typ Oumph®,Vitamin D,Vegetabiliskt protein produkter och rätter,0.0,µg
6289,Sojaprotein bitar stekta typ Oumph®,Vitamin C,Vegetabiliskt protein produkter och rätter,0.0,mg
6289,Sojaprotein bitar stekta typ Oumph®,Vitamin B6,Vegetabiliskt protein produkter och rätter,0.0,mg
6289,Sojaprotein bitar stekta typ Oumph®,Vitamin B12,Vegetabiliskt protein produkter och rätter,0.0,µg
6289,Sojaprotein bitar stekta typ Oumph®,Vitamin A,Vegetabiliskt protein produkter och rätter,0.0,RE/µg
6289,Sojaprotein bitar stekta typ Oumph®,Vatten,Vegetabiliskt protein produkter och rätter,72.6,g
6289,Sojaprotein bitar stekta typ Oumph®,Tiamin,Vegetabiliskt protein produkter och rätter,0.02,mg
6289,Sojaprotein bitar stekta typ Oumph®,Tillsatt socker,Vegetabiliskt protein produkter och rätter,0.0,g
6289,Sojaprotein bitar stekta typ Oumph®,Fritt socker,Vegetabiliskt protein produkter och rätter,0.0,g
6289,Sojaprotein bitar stekta typ Oumph®,"Selen, Se",Vegetabiliskt protein produkter och rätter,8.5,µg
6289,Sojaprotein bitar stekta typ Oumph®,Sackaros,Vegetabiliskt protein produkter och rätter,0.0,g
6289,Sojaprotein bitar stekta typ Oumph®,Riboflavin,Vegetabiliskt protein produkter och rätter,0.0,mg
6289,Sojaprotein bitar stekta typ Oumph®,Retinol,Vegetabiliskt protein produkter och rätter,0.0,µg
6289,Sojaprotein bitar stekta typ Oumph®,Protein,Vegetabiliskt protein produkter och rätter,19.8,g
6289,Sojaprotein bitar stekta typ Oumph®,Summa fleromättade fettsyror,Vegetabiliskt protein produkter och rätter,0.2,g
6289,Sojaprotein bitar stekta typ Oumph®,"Fosfor, P",Vegetabiliskt protein produkter och rätter,245.0,mg
6289,Sojaprotein bitar stekta typ Oumph®,Niacinekvivalenter,Vegetabiliskt protein produkter och rätter,3.3,NE/mg
6289,Sojaprotein bitar stekta typ Oumph®,Niacin,Vegetabiliskt protein produkter och rätter,0.0,mg
6289,Sojaprotein bitar stekta typ Oumph®,"Salt, NaCl",Vegetabiliskt protein produkter och rätter,0.6,g
6289,Sojaprotein bitar stekta typ Oumph®,"Natrium, Na",Vegetabiliskt protein produkter och rätter,266.0,mg
6289,Sojaprotein bitar stekta typ Oumph®,Monosackarider,Vegetabiliskt protein produkter och rätter,0.0,g
6289,Sojaprotein bitar stekta typ Oumph®,"Sockerarter, totalt",Vegetabiliskt protein produkter och rätter,0.0,g
6289,Sojaprotein bitar stekta typ Oumph®,Summa enkelomättade fettsyror,Vegetabiliskt protein produkter och rätter,0.1,g
6289,Sojaprotein bitar stekta typ Oumph®,"Magnesium, Mg",Vegetabiliskt protein produkter och rätter,92.0,mg
6289,Sojaprotein bitar stekta typ Oumph®,Summa mättade fettsyror,Vegetabiliskt protein produkter och rätter,0.1,g
6289,Sojaprotein bitar stekta typ Oumph®,"Kolhydrater, tillgängliga",Vegetabiliskt protein produkter och rätter,0.0,g
6289,Sojaprotein bitar stekta typ Oumph®,Kolesterol,Vegetabiliskt protein produkter och rätter,0.0,mg
6289,Sojaprotein bitar stekta typ Oumph®,"Kalium, K",Vegetabiliskt protein produkter och rätter,351.0,mg
6289,Sojaprotein bitar stekta typ Oumph®,"Jod, I",Vegetabiliskt protein produkter och rätter,0.0,µg
6289,Sojaprotein bitar stekta typ Oumph®,Fullkorn totalt,Vegetabiliskt protein produkter och rätter,0.0,g
6289,Sojaprotein bitar stekta typ Oumph®,"Folat, totalt",Vegetabiliskt protein produkter och rätter,70.0,µg
6289,Sojaprotein bitar stekta typ Oumph®,Fibrer,Vegetabiliskt protein produkter och rätter,6.3,g
6289,Sojaprotein bitar stekta typ Oumph®,"Fett, totalt",Vegetabiliskt protein produkter och rätter,0.5,g
6289,Sojaprotein bitar stekta typ Oumph®,"Järn, Fe",Vegetabiliskt protein produkter och rätter,4.5,mg
6289,Sojaprotein bitar stekta typ Oumph®,Energi (kJ),Vegetabiliskt protein produkter och rätter,405.0,kJ
6289,Sojaprotein bitar stekta typ Oumph®,Energi (kcal),Vegetabiliskt protein produkter och rätter,97.0,kcal
6289,Sojaprotein bitar stekta typ Oumph®,Disackarider,Vegetabiliskt protein produkter och rätter,0.0,g
6289,Sojaprotein bitar stekta typ Oumph®,"Kalcium, Ca",Vegetabiliskt protein produkter och rätter,138.0,mg
6289,Sojaprotein bitar stekta typ Oumph®,Fettsyra 4:0-10:0,Vegetabiliskt protein produkter och rätter,0.0,g
6289,Sojaprotein bitar stekta typ Oumph®,DHA (C22:6),Vegetabiliskt protein produkter och rätter,0.0,g
6289,Sojaprotein bitar stekta typ Oumph®,DPA (C22:5),Vegetabiliskt protein produkter och rätter,0.0,g
6289,Sojaprotein bitar stekta typ Oumph®,EPA (C20:5),Vegetabiliskt protein produkter och rätter,0.0,g
6289,Sojaprotein bitar stekta typ Oumph®,Arakidonsyra C20:4,Vegetabiliskt protein produkter och rätter,0.0,g
6289,Sojaprotein bitar stekta typ Oumph®,Arakidinsyra C20:0,Vegetabiliskt protein produkter och rätter,0.0,g
6289,Sojaprotein bitar stekta typ Oumph®,Linolensyra C18:3,Vegetabiliskt protein produkter och rätter,0.0,g
6289,Sojaprotein bitar stekta typ Oumph®,Linolsyra C18:2,Vegetabiliskt protein produkter och rätter,0.2,g
6289,Sojaprotein bitar stekta typ Oumph®,Oljesyra C18:1,Vegetabiliskt protein produkter och rätter,0.1,g
6289,Sojaprotein bitar stekta typ Oumph®,Stearinsyra C18:0,Vegetabiliskt protein produkter och rätter,0.0,g
6289,Sojaprotein bitar stekta typ Oumph®,Palmitoljesyra C16:1,Vegetabiliskt protein produkter och rätter,0.0,g
6289,Sojaprotein bitar stekta typ Oumph®,Palmitinsyra C16:0,Vegetabiliskt protein produkter och rätter,0.1,g
6289,Sojaprotein bitar stekta typ Oumph®,Myristinsyra C14:0,Vegetabiliskt protein produkter och rätter,0.0,g
6289,Sojaprotein bitar stekta typ Oumph®,Laurinsyra C12:0,Vegetabiliskt protein produkter och rätter,0.0,g
6289,Sojaprotein bitar stekta typ Oumph®,Betakaroten/β-Karoten,Vegetabiliskt protein produkter och rätter,0.0,µg
6289,Sojaprotein bitar stekta typ Oumph®,Avfall (skal etc.),Vegetabiliskt protein produkter och rätter,0.0,%
6289,Sojaprotein bitar stekta typ Oumph®,Aska,Vegetabiliskt protein produkter och rätter,2.1,g
6289,Sojaprotein bitar stekta typ Oumph®,Alkohol,Vegetabiliskt protein produkter och rätter,0.0,g
6290,Havreprotein pulled havre strimlor stekt,"Zink, Zn",Vegetabiliskt protein produkter och rätter,5.3,mg
6290,Havreprotein pulled havre strimlor stekt,Vitamin E,Vegetabiliskt protein produkter och rätter,0.7,mg
6290,Havreprotein pulled havre strimlor stekt,Vitamin D inkl 25-OH-D3,Vegetabiliskt protein produkter och rätter,0.0,µg
6290,Havreprotein pulled havre strimlor stekt,Vitamin D,Vegetabiliskt protein produkter och rätter,0.0,µg
6290,Havreprotein pulled havre strimlor stekt,Vitamin C,Vegetabiliskt protein produkter och rätter,0.0,mg
6290,Havreprotein pulled havre strimlor stekt,Vitamin B6,Vegetabiliskt protein produkter och rätter,0.0,mg
6290,Havreprotein pulled havre strimlor stekt,Vitamin B12,Vegetabiliskt protein produkter och rätter,0.0,µg
6290,Havreprotein pulled havre strimlor stekt,Vitamin A,Vegetabiliskt protein produkter och rätter,0.1,RE/µg
6290,Havreprotein pulled havre strimlor stekt,Vatten,Vegetabiliskt protein produkter och rätter,32.4,g
6290,Havreprotein pulled havre strimlor stekt,Tiamin,Vegetabiliskt protein produkter och rätter,0.15,mg
6290,Havreprotein pulled havre strimlor stekt,Tillsatt socker,Vegetabiliskt protein produkter och rätter,0.0,g
6290,Havreprotein pulled havre strimlor stekt,Fritt socker,Vegetabiliskt protein produkter och rätter,0.0,g
6290,Havreprotein pulled havre strimlor stekt,"Selen, Se",Vegetabiliskt protein produkter och rätter,6.8,µg
6290,Havreprotein pulled havre strimlor stekt,Sackaros,Vegetabiliskt protein produkter och rätter,0.0,g
6290,Havreprotein pulled havre strimlor stekt,Riboflavin,Vegetabiliskt protein produkter och rätter,0.14,mg
6290,Havreprotein pulled havre strimlor stekt,Retinol,Vegetabiliskt protein produkter och rätter,0.0,µg
6290,Havreprotein pulled havre strimlor stekt,Protein,Vegetabiliskt protein produkter och rätter,41.5,g
6290,Havreprotein pulled havre strimlor stekt,Summa fleromättade fettsyror,Vegetabiliskt protein produkter och rätter,2.5,g
6290,Havreprotein pulled havre strimlor stekt,"Fosfor, P",Vegetabiliskt protein produkter och rätter,601.0,mg
6290,Havreprotein pulled havre strimlor stekt,Niacinekvivalenter,Vegetabiliskt protein produkter och rätter,7.78,NE/mg
6290,Havreprotein pulled havre strimlor stekt,Niacin,Vegetabiliskt protein produkter och rätter,0.91,mg
6290,Havreprotein pulled havre strimlor stekt,"Salt, NaCl",Vegetabiliskt protein produkter och rätter,1.2,g
6290,Havreprotein pulled havre strimlor stekt,"Natrium, Na",Vegetabiliskt protein produkter och rätter,478.0,mg
6290,Havreprotein pulled havre strimlor stekt,Monosackarider,Vegetabiliskt protein produkter och rätter,0.0,g
6290,Havreprotein pulled havre strimlor stekt,"Sockerarter, totalt",Vegetabiliskt protein produkter och rätter,1.1,g
6290,Havreprotein pulled havre strimlor stekt,Summa enkelomättade fettsyror,Vegetabiliskt protein produkter och rätter,1.9,g
6290,Havreprotein pulled havre strimlor stekt,"Magnesium, Mg",Vegetabiliskt protein produkter och rätter,112.0,mg
6290,Havreprotein pulled havre strimlor stekt,Summa mättade fettsyror,Vegetabiliskt protein produkter och rätter,0.8,g
6290,Havreprotein pulled havre strimlor stekt,"Kolhydrater, tillgängliga",Vegetabiliskt protein produkter och rätter,12.3,g
6290,Havreprotein pulled havre strimlor stekt,Kolesterol,Vegetabiliskt protein produkter och rätter,0.0,mg
6290,Havreprotein pulled havre strimlor stekt,"Kalium, K",Vegetabiliskt protein produkter och rätter,505.0,mg
6290,Havreprotein pulled havre strimlor stekt,"Jod, I",Vegetabiliskt protein produkter och rätter,0.0,µg
6290,Havreprotein pulled havre strimlor stekt,Fullkorn totalt,Vegetabiliskt protein produkter och rätter,29.0,g
6290,Havreprotein pulled havre strimlor stekt,"Folat, totalt",Vegetabiliskt protein produkter och rätter,30.0,µg
6290,Havreprotein pulled havre strimlor stekt,Fibrer,Vegetabiliskt protein produkter och rätter,5.2,g
6290,Havreprotein pulled havre strimlor stekt,"Fett, totalt",Vegetabiliskt protein produkter och rätter,5.5,g
6290,Havreprotein pulled havre strimlor stekt,"Järn, Fe",Vegetabiliskt protein produkter och rätter,8.1,mg
6290,Havreprotein pulled havre strimlor stekt,Energi (kJ),Vegetabiliskt protein produkter och rätter,1158.0,kJ
6290,Havreprotein pulled havre strimlor stekt,Energi (kcal),Vegetabiliskt protein produkter och rätter,277.0,kcal
6290,Havreprotein pulled havre strimlor stekt,Disackarider,Vegetabiliskt protein produkter och rätter,1.1,g
6290,Havreprotein pulled havre strimlor stekt,"Kalcium, Ca",Vegetabiliskt protein produkter och rätter,68.0,mg
6290,Havreprotein pulled havre strimlor stekt,Fettsyra 4:0-10:0,Vegetabiliskt protein produkter och rätter,0.0,g
6290,Havreprotein pulled havre strimlor stekt,DHA (C22:6),Vegetabiliskt protein produkter och rätter,0.0,g
6290,Havreprotein pulled havre strimlor stekt,DPA (C22:5),Vegetabiliskt protein produkter och rätter,0.0,g
6290,Havreprotein pulled havre strimlor stekt,EPA (C20:5),Vegetabiliskt protein produkter och rätter,0.0,g
6290,Havreprotein pulled havre strimlor stekt,Arakidonsyra C20:4,Vegetabiliskt protein produkter och rätter,0.0,g
6290,Havreprotein pulled havre strimlor stekt,Arakidinsyra C20:0,Vegetabiliskt protein produkter och rätter,0.0,g
6290,Havreprotein pulled havre strimlor stekt,Linolensyra C18:3,Vegetabiliskt protein produkter och rätter,0.3,g
6290,Havreprotein pulled havre strimlor stekt,Linolsyra C18:2,Vegetabiliskt protein produkter och rätter,2.1,g
6290,Havreprotein pulled havre strimlor stekt,Oljesyra C18:1,Vegetabiliskt protein produkter och rätter,1.9,g
6290,Havreprotein pulled havre strimlor stekt,Stearinsyra C18:0,Vegetabiliskt protein produkter och rätter,0.1,g
6290,Havreprotein pulled havre strimlor stekt,Palmitoljesyra C16:1,Vegetabiliskt protein produkter och rätter,0.0,g
6290,Havreprotein pulled havre strimlor stekt,Palmitinsyra C16:0,Vegetabiliskt protein produkter och rätter,0.7,g
6290,Havreprotein pulled havre strimlor stekt,Myristinsyra C14:0,Vegetabiliskt protein produkter och rätter,0.0,g
6290,Havreprotein pulled havre strimlor stekt,Laurinsyra C12:0,Vegetabiliskt protein produkter och rätter,0.0,g
6290,Havreprotein pulled havre strimlor stekt,Betakaroten/β-Karoten,Vegetabiliskt protein produkter och rätter,2.0,µg
6290,Havreprotein pulled havre strimlor stekt,Avfall (skal etc.),Vegetabiliskt protein produkter och rätter,0.0,%
6290,Havreprotein pulled havre strimlor stekt,Aska,Vegetabiliskt protein produkter och rätter,3.1,g
6290,Havreprotein pulled havre strimlor stekt,Alkohol,Vegetabiliskt protein produkter och rätter,0.0,g
6291,Sojaprotein färs stekt berikad,"Zink, Zn",Vegetabiliskt protein produkter och rätter,1.4,mg
6291,Sojaprotein färs stekt berikad,Vitamin E,Vegetabiliskt protein produkter och rätter,4.3,mg
6291,Sojaprotein färs stekt berikad,Vitamin D inkl 25-OH-D3,Vegetabiliskt protein produkter och rätter,0.0,µg
6291,Sojaprotein färs stekt berikad,Vitamin D,Vegetabiliskt protein produkter och rätter,0.0,µg
6291,Sojaprotein färs stekt berikad,Vitamin C,Vegetabiliskt protein produkter och rätter,0.0,mg
6291,Sojaprotein färs stekt berikad,Vitamin B6,Vegetabiliskt protein produkter och rätter,0.0,mg
6291,Sojaprotein färs stekt berikad,Vitamin B12,Vegetabiliskt protein produkter och rätter,1.17,µg
6291,Sojaprotein färs stekt berikad,Vitamin A,Vegetabiliskt protein produkter och rätter,0.0,RE/µg
6291,Sojaprotein färs stekt berikad,Vatten,Vegetabiliskt protein produkter och rätter,45.1,g
6291,Sojaprotein färs stekt berikad,Tiamin,Vegetabiliskt protein produkter och rätter,0.11,mg
6291,Sojaprotein färs stekt berikad,Tillsatt socker,Vegetabiliskt protein produkter och rätter,0.0,g
6291,Sojaprotein färs stekt berikad,Fritt socker,Vegetabiliskt protein produkter och rätter,0.0,g
6291,Sojaprotein färs stekt berikad,"Selen, Se",Vegetabiliskt protein produkter och rätter,15.1,µg
6291,Sojaprotein färs stekt berikad,Sackaros,Vegetabiliskt protein produkter och rätter,0.0,g
6291,Sojaprotein färs stekt berikad,Riboflavin,Vegetabiliskt protein produkter och rätter,0.08,mg
6291,Sojaprotein färs stekt berikad,Retinol,Vegetabiliskt protein produkter och rätter,0.0,µg
6291,Sojaprotein färs stekt berikad,Protein,Vegetabiliskt protein produkter och rätter,22.9,g
6291,Sojaprotein färs stekt berikad,Summa fleromättade fettsyror,Vegetabiliskt protein produkter och rätter,3.3,g
6291,Sojaprotein färs stekt berikad,"Fosfor, P",Vegetabiliskt protein produkter och rätter,302.0,mg
6291,Sojaprotein färs stekt berikad,Niacinekvivalenter,Vegetabiliskt protein produkter och rätter,4.37,NE/mg
6291,Sojaprotein färs stekt berikad,Niacin,Vegetabiliskt protein produkter och rätter,0.57,mg
6291,Sojaprotein färs stekt berikad,"Salt, NaCl",Vegetabiliskt protein produkter och rätter,1.5,g
6291,Sojaprotein färs stekt berikad,"Natrium, Na",Vegetabiliskt protein produkter och rätter,573.0,mg
6291,Sojaprotein färs stekt berikad,Monosackarider,Vegetabiliskt protein produkter och rätter,0.0,g
6291,Sojaprotein färs stekt berikad,"Sockerarter, totalt",Vegetabiliskt protein produkter och rätter,0.0,g
6291,Sojaprotein färs stekt berikad,Summa enkelomättade fettsyror,Vegetabiliskt protein produkter och rätter,7.5,g
6291,Sojaprotein färs stekt berikad,"Magnesium, Mg",Vegetabiliskt protein produkter och rätter,118.0,mg
6291,Sojaprotein färs stekt berikad,Summa mättade fettsyror,Vegetabiliskt protein produkter och rätter,1.5,g
6291,Sojaprotein färs stekt berikad,"Kolhydrater, tillgängliga",Vegetabiliskt protein produkter och rätter,7.2,g
6291,Sojaprotein färs stekt berikad,Kolesterol,Vegetabiliskt protein produkter och rätter,0.0,mg
6291,Sojaprotein färs stekt berikad,"Kalium, K",Vegetabiliskt protein produkter och rätter,845.0,mg
6291,Sojaprotein färs stekt berikad,"Jod, I",Vegetabiliskt protein produkter och rätter,0.0,µg
6291,Sojaprotein färs stekt berikad,Fullkorn totalt,Vegetabiliskt protein produkter och rätter,0.0,g
6291,Sojaprotein färs stekt berikad,"Folat, totalt",Vegetabiliskt protein produkter och rätter,113.9,µg
6291,Sojaprotein färs stekt berikad,Fibrer,Vegetabiliskt protein produkter och rätter,8.0,g
6291,Sojaprotein färs stekt berikad,"Fett, totalt",Vegetabiliskt protein produkter och rätter,13.0,g
6291,Sojaprotein färs stekt berikad,"Järn, Fe",Vegetabiliskt protein produkter och rätter,6.1,mg
6291,Sojaprotein färs stekt berikad,Energi (kJ),Vegetabiliskt protein produkter och rätter,1056.0,kJ
6291,Sojaprotein färs stekt berikad,Energi (kcal),Vegetabiliskt protein produkter och rätter,252.0,kcal
6291,Sojaprotein färs stekt berikad,Disackarider,Vegetabiliskt protein produkter och rätter,0.0,g
6291,Sojaprotein färs stekt berikad,"Kalcium, Ca",Vegetabiliskt protein produkter och rätter,166.0,mg
6291,Sojaprotein färs stekt berikad,Fettsyra 4:0-10:0,Vegetabiliskt protein produkter och rätter,0.1,g
6291,Sojaprotein färs stekt berikad,DHA (C22:6),Vegetabiliskt protein produkter och rätter,0.0,g
6291,Sojaprotein färs stekt berikad,DPA (C22:5),Vegetabiliskt protein produkter och rätter,0.0,g
6291,Sojaprotein färs stekt berikad,EPA (C20:5),Vegetabiliskt protein produkter och rätter,0.0,g
6291,Sojaprotein färs stekt berikad,Arakidonsyra C20:4,Vegetabiliskt protein produkter och rätter,0.0,g
6291,Sojaprotein färs stekt berikad,Arakidinsyra C20:0,Vegetabiliskt protein produkter och rätter,0.1,g
6291,Sojaprotein färs stekt berikad,Linolensyra C18:3,Vegetabiliskt protein produkter och rätter,1.0,g
6291,Sojaprotein färs stekt berikad,Linolsyra C18:2,Vegetabiliskt protein produkter och rätter,2.4,g
6291,Sojaprotein färs stekt berikad,Oljesyra C18:1,Vegetabiliskt protein produkter och rätter,7.3,g
6291,Sojaprotein färs stekt berikad,Stearinsyra C18:0,Vegetabiliskt protein produkter och rätter,0.2,g
6291,Sojaprotein färs stekt berikad,Palmitoljesyra C16:1,Vegetabiliskt protein produkter och rätter,0.0,g
6291,Sojaprotein färs stekt berikad,Palmitinsyra C16:0,Vegetabiliskt protein produkter och rätter,0.6,g
6291,Sojaprotein färs stekt berikad,Myristinsyra C14:0,Vegetabiliskt protein produkter och rätter,0.2,g
6291,Sojaprotein färs stekt berikad,Laurinsyra C12:0,Vegetabiliskt protein produkter och rätter,0.4,g
6291,Sojaprotein färs stekt berikad,Betakaroten/β-Karoten,Vegetabiliskt protein produkter och rätter,0.0,µg
6291,Sojaprotein färs stekt berikad,Avfall (skal etc.),Vegetabiliskt protein produkter och rätter,0.0,%
6291,Sojaprotein färs stekt berikad,Aska,Vegetabiliskt protein produkter och rätter,3.8,g
6291,Sojaprotein färs stekt berikad,Alkohol,Vegetabiliskt protein produkter och rätter,0.0,g
6292,Soja- och veteprotein färs stekt,"Zink, Zn",Vegetabiliskt protein produkter och rätter,3.1,mg
6292,Soja- och veteprotein färs stekt,Vitamin E,Vegetabiliskt protein produkter och rätter,1.8,mg
6292,Soja- och veteprotein färs stekt,Vitamin D inkl 25-OH-D3,Vegetabiliskt protein produkter och rätter,0.0,µg
6292,Soja- och veteprotein färs stekt,Vitamin D,Vegetabiliskt protein produkter och rätter,0.0,µg
6292,Soja- och veteprotein färs stekt,Vitamin C,Vegetabiliskt protein produkter och rätter,0.0,mg
6292,Soja- och veteprotein färs stekt,Vitamin B6,Vegetabiliskt protein produkter och rätter,0.36,mg
6292,Soja- och veteprotein färs stekt,Vitamin B12,Vegetabiliskt protein produkter och rätter,0.0,µg
6292,Soja- och veteprotein färs stekt,Vitamin A,Vegetabiliskt protein produkter och rätter,0.0,RE/µg
6292,Soja- och veteprotein färs stekt,Vatten,Vegetabiliskt protein produkter och rätter,39.2,g
6292,Soja- och veteprotein färs stekt,Tiamin,Vegetabiliskt protein produkter och rätter,0.49,mg
6292,Soja- och veteprotein färs stekt,Tillsatt socker,Vegetabiliskt protein produkter och rätter,0.0,g
6292,Soja- och veteprotein färs stekt,Fritt socker,Vegetabiliskt protein produkter och rätter,0.0,g
6292,Soja- och veteprotein färs stekt,"Selen, Se",Vegetabiliskt protein produkter och rätter,0.0,µg
6292,Soja- och veteprotein färs stekt,Sackaros,Vegetabiliskt protein produkter och rätter,3.0,g
6292,Soja- och veteprotein färs stekt,Riboflavin,Vegetabiliskt protein produkter och rätter,0.24,mg
6292,Soja- och veteprotein färs stekt,Retinol,Vegetabiliskt protein produkter och rätter,0.0,µg
6292,Soja- och veteprotein färs stekt,Protein,Vegetabiliskt protein produkter och rätter,26.8,g
6292,Soja- och veteprotein färs stekt,Summa fleromättade fettsyror,Vegetabiliskt protein produkter och rätter,1.3,g
6292,Soja- och veteprotein färs stekt,"Fosfor, P",Vegetabiliskt protein produkter och rätter,404.0,mg
6292,Soja- och veteprotein färs stekt,Niacinekvivalenter,Vegetabiliskt protein produkter och rätter,7.78,NE/mg
6292,Soja- och veteprotein färs stekt,Niacin,Vegetabiliskt protein produkter och rätter,3.34,mg
6292,Soja- och veteprotein färs stekt,"Salt, NaCl",Vegetabiliskt protein produkter och rätter,0.6,g
6292,Soja- och veteprotein färs stekt,"Natrium, Na",Vegetabiliskt protein produkter och rätter,231.0,mg
6292,Soja- och veteprotein färs stekt,Monosackarider,Vegetabiliskt protein produkter och rätter,0.6,g
6292,Soja- och veteprotein färs stekt,"Sockerarter, totalt",Vegetabiliskt protein produkter och rätter,3.6,g
6292,Soja- och veteprotein färs stekt,Summa enkelomättade fettsyror,Vegetabiliskt protein produkter och rätter,2.5,g
6292,Soja- och veteprotein färs stekt,"Magnesium, Mg",Vegetabiliskt protein produkter och rätter,187.0,mg
6292,Soja- och veteprotein färs stekt,Summa mättade fettsyror,Vegetabiliskt protein produkter och rätter,0.4,g
6292,Soja- och veteprotein färs stekt,"Kolhydrater, tillgängliga",Vegetabiliskt protein produkter och rätter,17.2,g
6292,Soja- och veteprotein färs stekt,Kolesterol,Vegetabiliskt protein produkter och rätter,0.0,mg
6292,Soja- och veteprotein färs stekt,"Kalium, K",Vegetabiliskt protein produkter och rätter,1312.0,mg
6292,Soja- och veteprotein färs stekt,"Jod, I",Vegetabiliskt protein produkter och rätter,0.0,µg
6292,Soja- och veteprotein färs stekt,Fullkorn totalt,Vegetabiliskt protein produkter och rätter,0.0,g
6292,Soja- och veteprotein färs stekt,"Folat, totalt",Vegetabiliskt protein produkter och rätter,203.3,µg
6292,Soja- och veteprotein färs stekt,Fibrer,Vegetabiliskt protein produkter och rätter,8.4,g
6292,Soja- och veteprotein färs stekt,"Fett, totalt",Vegetabiliskt protein produkter och rätter,4.3,g
6292,Soja- och veteprotein färs stekt,"Järn, Fe",Vegetabiliskt protein produkter och rätter,6.1,mg
6292,Soja- och veteprotein färs stekt,Energi (kJ),Vegetabiliskt protein produkter och rätter,976.0,kJ
6292,Soja- och veteprotein färs stekt,Energi (kcal),Vegetabiliskt protein produkter och rätter,234.0,kcal
6292,Soja- och veteprotein färs stekt,Disackarider,Vegetabiliskt protein produkter och rätter,3.0,g
6292,Soja- och veteprotein färs stekt,"Kalcium, Ca",Vegetabiliskt protein produkter och rätter,159.0,mg
6292,Soja- och veteprotein färs stekt,Fettsyra 4:0-10:0,Vegetabiliskt protein produkter och rätter,0.0,g
6292,Soja- och veteprotein färs stekt,DHA (C22:6),Vegetabiliskt protein produkter och rätter,0.0,g
6292,Soja- och veteprotein färs stekt,DPA (C22:5),Vegetabiliskt protein produkter och rätter,0.0,g
6292,Soja- och veteprotein färs stekt,EPA (C20:5),Vegetabiliskt protein produkter och rätter,0.0,g
6292,Soja- och veteprotein färs stekt,Arakidonsyra C20:4,Vegetabiliskt protein produkter och rätter,0.0,g
6292,Soja- och veteprotein färs stekt,Arakidinsyra C20:0,Vegetabiliskt protein produkter och rätter,0.0,g
6292,Soja- och veteprotein färs stekt,Linolensyra C18:3,Vegetabiliskt protein produkter och rätter,0.3,g
6292,Soja- och veteprotein färs stekt,Linolsyra C18:2,Vegetabiliskt protein produkter och rätter,1.0,g
6292,Soja- och veteprotein färs stekt,Oljesyra C18:1,Vegetabiliskt protein produkter och rätter,2.4,g
6292,Soja- och veteprotein färs stekt,Stearinsyra C18:0,Vegetabiliskt protein produkter och rätter,0.1,g
6292,Soja- och veteprotein färs stekt,Palmitoljesyra C16:1,Vegetabiliskt protein produkter och rätter,0.0,g
6292,Soja- och veteprotein färs stekt,Palmitinsyra C16:0,Vegetabiliskt protein produkter och rätter,0.2,g
6292,Soja- och veteprotein färs stekt,Myristinsyra C14:0,Vegetabiliskt protein produkter och rätter,0.0,g
6292,Soja- och veteprotein färs stekt,Laurinsyra C12:0,Vegetabiliskt protein produkter och rätter,0.0,g
6292,Soja- och veteprotein färs stekt,Betakaroten/β-Karoten,Vegetabiliskt protein produkter och rätter,0.0,µg
6292,Soja- och veteprotein färs stekt,Avfall (skal etc.),Vegetabiliskt protein produkter och rätter,0.0,%
6292,Soja- och veteprotein färs stekt,Aska,Vegetabiliskt protein produkter och rätter,4.2,g
6292,Soja- och veteprotein färs stekt,Alkohol,Vegetabiliskt protein produkter och rätter,0.0,g
6293,Ärtprotein färs stekt,"Zink, Zn",Vegetabiliskt protein produkter och rätter,4.0,mg
6293,Ärtprotein färs stekt,Vitamin E,Vegetabiliskt protein produkter och rätter,0.5,mg
6293,Ärtprotein färs stekt,Vitamin D,Vegetabiliskt protein produkter och rätter,0.0,µg
6293,Ärtprotein färs stekt,Vitamin C,Vegetabiliskt protein produkter och rätter,0.3,mg
6293,Ärtprotein färs stekt,Vitamin B6,Vegetabiliskt protein produkter och rätter,0.06,mg
6293,Ärtprotein färs stekt,Vitamin B12,Vegetabiliskt protein produkter och rätter,0.23,µg
6293,Ärtprotein färs stekt,Vitamin A,Vegetabiliskt protein produkter och rätter,28.4,RE/µg
6293,Ärtprotein färs stekt,Vatten,Vegetabiliskt protein produkter och rätter,38.4,g
6293,Ärtprotein färs stekt,Tiamin,Vegetabiliskt protein produkter och rätter,0.11,mg
6293,Ärtprotein färs stekt,Tillsatt socker,Vegetabiliskt protein produkter och rätter,1.0,g
6293,Ärtprotein färs stekt,Fritt socker,Vegetabiliskt protein produkter och rätter,1.0,g
6293,Ärtprotein färs stekt,"Selen, Se",Vegetabiliskt protein produkter och rätter,12.2,µg
6293,Ärtprotein färs stekt,Sackaros,Vegetabiliskt protein produkter och rätter,0.4,g
6293,Ärtprotein färs stekt,Riboflavin,Vegetabiliskt protein produkter och rätter,0.12,mg
6293,Ärtprotein färs stekt,Retinol,Vegetabiliskt protein produkter och rätter,26.1,µg
6293,Ärtprotein färs stekt,Protein,Vegetabiliskt protein produkter och rätter,38.0,g
6293,Ärtprotein färs stekt,Summa fleromättade fettsyror,Vegetabiliskt protein produkter och rätter,1.6,g
6293,Ärtprotein färs stekt,"Fosfor, P",Vegetabiliskt protein produkter och rätter,437.0,mg
6293,Ärtprotein färs stekt,Niacinekvivalenter,Vegetabiliskt protein produkter och rätter,7.74,NE/mg
6293,Ärtprotein färs stekt,Niacin,Vegetabiliskt protein produkter och rätter,1.35,mg
6293,Ärtprotein färs stekt,"Salt, NaCl",Vegetabiliskt protein produkter och rätter,1.6,g
6293,Ärtprotein färs stekt,"Natrium, Na",Vegetabiliskt protein produkter och rätter,673.0,mg
6293,Ärtprotein färs stekt,Monosackarider,Vegetabiliskt protein produkter och rätter,0.6,g
6293,Ärtprotein färs stekt,"Sockerarter, totalt",Vegetabiliskt protein produkter och rätter,1.9,g
6293,Ärtprotein färs stekt,Summa enkelomättade fettsyror,Vegetabiliskt protein produkter och rätter,1.4,g
6293,Ärtprotein färs stekt,"Magnesium, Mg",Vegetabiliskt protein produkter och rätter,44.0,mg
6293,Ärtprotein färs stekt,Summa mättade fettsyror,Vegetabiliskt protein produkter och rätter,5.5,g
6293,Ärtprotein färs stekt,"Kolhydrater, tillgängliga",Vegetabiliskt protein produkter och rätter,8.1,g
6293,Ärtprotein färs stekt,Kolesterol,Vegetabiliskt protein produkter och rätter,0.0,mg
6293,Ärtprotein färs stekt,"Kalium, K",Vegetabiliskt protein produkter och rätter,304.0,mg
6293,Ärtprotein färs stekt,"Jod, I",Vegetabiliskt protein produkter och rätter,1.6,µg
6293,Ärtprotein färs stekt,Fullkorn totalt,Vegetabiliskt protein produkter och rätter,9.0,g
6293,Ärtprotein färs stekt,"Folat, totalt",Vegetabiliskt protein produkter och rätter,33.5,µg
6293,Ärtprotein färs stekt,Fibrer,Vegetabiliskt protein produkter och rätter,3.5,g
6293,Ärtprotein färs stekt,"Fett, totalt",Vegetabiliskt protein produkter och rätter,8.9,g
6293,Ärtprotein färs stekt,"Järn, Fe",Vegetabiliskt protein produkter och rätter,9.6,mg
6293,Ärtprotein färs stekt,Energi (kJ),Vegetabiliskt protein produkter och rätter,1141.0,kJ
6293,Ärtprotein färs stekt,Energi (kcal),Vegetabiliskt protein produkter och rätter,272.0,kcal
6293,Ärtprotein färs stekt,Disackarider,Vegetabiliskt protein produkter och rätter,1.4,g
6293,Ärtprotein färs stekt,"Kalcium, Ca",Vegetabiliskt protein produkter och rätter,240.0,mg
6293,Ärtprotein färs stekt,Fettsyra 4:0-10:0,Vegetabiliskt protein produkter och rätter,0.8,g
6293,Ärtprotein färs stekt,DHA (C22:6),Vegetabiliskt protein produkter och rätter,0.0,g
6293,Ärtprotein färs stekt,DPA (C22:5),Vegetabiliskt protein produkter och rätter,0.0,g
6293,Ärtprotein färs stekt,EPA (C20:5),Vegetabiliskt protein produkter och rätter,0.0,g
6293,Ärtprotein färs stekt,Arakidonsyra C20:4,Vegetabiliskt protein produkter och rätter,0.0,g
6293,Ärtprotein färs stekt,Arakidinsyra C20:0,Vegetabiliskt protein produkter och rätter,0.0,g
6293,Ärtprotein färs stekt,Linolensyra C18:3,Vegetabiliskt protein produkter och rätter,0.2,g
6293,Ärtprotein färs stekt,Linolsyra C18:2,Vegetabiliskt protein produkter och rätter,1.3,g
6293,Ärtprotein färs stekt,Oljesyra C18:1,Vegetabiliskt protein produkter och rätter,1.4,g
6293,Ärtprotein färs stekt,Stearinsyra C18:0,Vegetabiliskt protein produkter och rätter,0.3,g
6293,Ärtprotein färs stekt,Palmitoljesyra C16:1,Vegetabiliskt protein produkter och rätter,0.0,g
6293,Ärtprotein färs stekt,Palmitinsyra C16:0,Vegetabiliskt protein produkter och rätter,0.9,g
6293,Ärtprotein färs stekt,Myristinsyra C14:0,Vegetabiliskt protein produkter och rätter,1.0,g
6293,Ärtprotein färs stekt,Laurinsyra C12:0,Vegetabiliskt protein produkter och rätter,2.6,g
6293,Ärtprotein färs stekt,Betakaroten/β-Karoten,Vegetabiliskt protein produkter och rätter,29.0,µg
6293,Ärtprotein färs stekt,Avfall (skal etc.),Vegetabiliskt protein produkter och rätter,0.0,%
6293,Ärtprotein färs stekt,Aska,Vegetabiliskt protein produkter och rätter,3.1,g
6293,Ärtprotein färs stekt,Alkohol,Vegetabiliskt protein produkter och rätter,0.0,g
6294,Sojaprotein bullar stekta,"Zink, Zn",Vegetabiliskt protein produkter och rätter,0.9,mg
6294,Sojaprotein bullar stekta,Vitamin E,Vegetabiliskt protein produkter och rätter,4.6,mg
6294,Sojaprotein bullar stekta,Vitamin D inkl 25-OH-D3,Vegetabiliskt protein produkter och rätter,0.0,µg
6294,Sojaprotein bullar stekta,Vitamin D,Vegetabiliskt protein produkter och rätter,0.0,µg
6294,Sojaprotein bullar stekta,Vitamin C,Vegetabiliskt protein produkter och rätter,0.0,mg
6294,Sojaprotein bullar stekta,Vitamin B6,Vegetabiliskt protein produkter och rätter,0.07,mg
6294,Sojaprotein bullar stekta,Vitamin B12,Vegetabiliskt protein produkter och rätter,0.0,µg
6294,Sojaprotein bullar stekta,Vitamin A,Vegetabiliskt protein produkter och rätter,0.0,RE/µg
6294,Sojaprotein bullar stekta,Vatten,Vegetabiliskt protein produkter och rätter,57.8,g
6294,Sojaprotein bullar stekta,Tiamin,Vegetabiliskt protein produkter och rätter,0.07,mg
6294,Sojaprotein bullar stekta,Tillsatt socker,Vegetabiliskt protein produkter och rätter,0.0,g
6294,Sojaprotein bullar stekta,Fritt socker,Vegetabiliskt protein produkter och rätter,0.0,g
6294,Sojaprotein bullar stekta,"Selen, Se",Vegetabiliskt protein produkter och rätter,9.2,µg
6294,Sojaprotein bullar stekta,Sackaros,Vegetabiliskt protein produkter och rätter,0.0,g
6294,Sojaprotein bullar stekta,Riboflavin,Vegetabiliskt protein produkter och rätter,0.05,mg
6294,Sojaprotein bullar stekta,Retinol,Vegetabiliskt protein produkter och rätter,0.0,µg
6294,Sojaprotein bullar stekta,Protein,Vegetabiliskt protein produkter och rätter,15.7,g
6294,Sojaprotein bullar stekta,Summa fleromättade fettsyror,Vegetabiliskt protein produkter och rätter,3.2,g
6294,Sojaprotein bullar stekta,"Fosfor, P",Vegetabiliskt protein produkter och rätter,208.0,mg
6294,Sojaprotein bullar stekta,Niacinekvivalenter,Vegetabiliskt protein produkter och rätter,3.0,NE/mg
6294,Sojaprotein bullar stekta,Niacin,Vegetabiliskt protein produkter och rätter,0.37,mg
6294,Sojaprotein bullar stekta,"Salt, NaCl",Vegetabiliskt protein produkter och rätter,1.3,g
6294,Sojaprotein bullar stekta,"Natrium, Na",Vegetabiliskt protein produkter och rätter,508.0,mg
6294,Sojaprotein bullar stekta,Monosackarider,Vegetabiliskt protein produkter och rätter,0.0,g
6294,Sojaprotein bullar stekta,"Sockerarter, totalt",Vegetabiliskt protein produkter och rätter,0.0,g
6294,Sojaprotein bullar stekta,Summa enkelomättade fettsyror,Vegetabiliskt protein produkter och rätter,7.4,g
6294,Sojaprotein bullar stekta,"Magnesium, Mg",Vegetabiliskt protein produkter och rätter,66.0,mg
6294,Sojaprotein bullar stekta,Summa mättade fettsyror,Vegetabiliskt protein produkter och rätter,0.8,g
6294,Sojaprotein bullar stekta,"Kolhydrater, tillgängliga",Vegetabiliskt protein produkter och rätter,6.3,g
6294,Sojaprotein bullar stekta,Kolesterol,Vegetabiliskt protein produkter och rätter,0.0,mg
6294,Sojaprotein bullar stekta,"Kalium, K",Vegetabiliskt protein produkter och rätter,450.0,mg
6294,Sojaprotein bullar stekta,"Jod, I",Vegetabiliskt protein produkter och rätter,0.0,µg
6294,Sojaprotein bullar stekta,Fullkorn totalt,Vegetabiliskt protein produkter och rätter,0.0,g
6294,Sojaprotein bullar stekta,"Folat, totalt",Vegetabiliskt protein produkter och rätter,59.5,µg
6294,Sojaprotein bullar stekta,Fibrer,Vegetabiliskt protein produkter och rätter,5.4,g
6294,Sojaprotein bullar stekta,"Fett, totalt",Vegetabiliskt protein produkter och rätter,12.0,g
6294,Sojaprotein bullar stekta,"Järn, Fe",Vegetabiliskt protein produkter och rätter,2.7,mg
6294,Sojaprotein bullar stekta,Energi (kJ),Vegetabiliskt protein produkter och rätter,862.0,kJ
6294,Sojaprotein bullar stekta,Energi (kcal),Vegetabiliskt protein produkter och rätter,206.0,kcal
6294,Sojaprotein bullar stekta,Disackarider,Vegetabiliskt protein produkter och rätter,0.0,g
6294,Sojaprotein bullar stekta,"Kalcium, Ca",Vegetabiliskt protein produkter och rätter,96.0,mg
6294,Sojaprotein bullar stekta,Fettsyra 4:0-10:0,Vegetabiliskt protein produkter och rätter,0.0,g
6294,Sojaprotein bullar stekta,DHA (C22:6),Vegetabiliskt protein produkter och rätter,0.0,g
6294,Sojaprotein bullar stekta,DPA (C22:5),Vegetabiliskt protein produkter och rätter,0.0,g
6294,Sojaprotein bullar stekta,EPA (C20:5),Vegetabiliskt protein produkter och rätter,0.0,g
6294,Sojaprotein bullar stekta,Arakidonsyra C20:4,Vegetabiliskt protein produkter och rätter,0.0,g
6294,Sojaprotein bullar stekta,Arakidinsyra C20:0,Vegetabiliskt protein produkter och rätter,0.1,g
6294,Sojaprotein bullar stekta,Linolensyra C18:3,Vegetabiliskt protein produkter och rätter,0.9,g
6294,Sojaprotein bullar stekta,Linolsyra C18:2,Vegetabiliskt protein produkter och rätter,2.3,g
6294,Sojaprotein bullar stekta,Oljesyra C18:1,Vegetabiliskt protein produkter och rätter,7.2,g
6294,Sojaprotein bullar stekta,Stearinsyra C18:0,Vegetabiliskt protein produkter och rätter,0.2,g
6294,Sojaprotein bullar stekta,Palmitoljesyra C16:1,Vegetabiliskt protein produkter och rätter,0.0,g
6294,Sojaprotein bullar stekta,Palmitinsyra C16:0,Vegetabiliskt protein produkter och rätter,0.5,g
6294,Sojaprotein bullar stekta,Myristinsyra C14:0,Vegetabiliskt protein produkter och rätter,0.0,g
6294,Sojaprotein bullar stekta,Laurinsyra C12:0,Vegetabiliskt protein produkter och rätter,0.0,g
6294,Sojaprotein bullar stekta,Betakaroten/β-Karoten,Vegetabiliskt protein produkter och rätter,0.0,µg
6294,Sojaprotein bullar stekta,Avfall (skal etc.),Vegetabiliskt protein produkter och rätter,0.0,%
6294,Sojaprotein bullar stekta,Aska,Vegetabiliskt protein produkter och rätter,2.8,g
6294,Sojaprotein bullar stekta,Alkohol,Vegetabiliskt protein produkter och rätter,0.0,g
6295,Sojaprotein bullar ugnsstekta,"Zink, Zn",Vegetabiliskt protein produkter och rätter,0.9,mg
6295,Sojaprotein bullar ugnsstekta,Vitamin E,Vegetabiliskt protein produkter och rätter,4.9,mg
6295,Sojaprotein bullar ugnsstekta,Vitamin D inkl 25-OH-D3,Vegetabiliskt protein produkter och rätter,0.0,µg
6295,Sojaprotein bullar ugnsstekta,Vitamin D,Vegetabiliskt protein produkter och rätter,0.0,µg
6295,Sojaprotein bullar ugnsstekta,Vitamin C,Vegetabiliskt protein produkter och rätter,0.0,mg
6295,Sojaprotein bullar ugnsstekta,Vitamin B6,Vegetabiliskt protein produkter och rätter,0.08,mg
6295,Sojaprotein bullar ugnsstekta,Vitamin B12,Vegetabiliskt protein produkter och rätter,0.0,µg
6295,Sojaprotein bullar ugnsstekta,Vitamin A,Vegetabiliskt protein produkter och rätter,0.0,RE/µg
6295,Sojaprotein bullar ugnsstekta,Vatten,Vegetabiliskt protein produkter och rätter,55.2,g
6295,Sojaprotein bullar ugnsstekta,Tiamin,Vegetabiliskt protein produkter och rätter,0.08,mg
6295,Sojaprotein bullar ugnsstekta,Tillsatt socker,Vegetabiliskt protein produkter och rätter,0.0,g
6295,Sojaprotein bullar ugnsstekta,Fritt socker,Vegetabiliskt protein produkter och rätter,0.0,g
6295,Sojaprotein bullar ugnsstekta,"Selen, Se",Vegetabiliskt protein produkter och rätter,9.8,µg
6295,Sojaprotein bullar ugnsstekta,Sackaros,Vegetabiliskt protein produkter och rätter,0.0,g
6295,Sojaprotein bullar ugnsstekta,Riboflavin,Vegetabiliskt protein produkter och rätter,0.05,mg
6295,Sojaprotein bullar ugnsstekta,Retinol,Vegetabiliskt protein produkter och rätter,0.0,µg
6295,Sojaprotein bullar ugnsstekta,Protein,Vegetabiliskt protein produkter och rätter,16.7,g
6295,Sojaprotein bullar ugnsstekta,Summa fleromättade fettsyror,Vegetabiliskt protein produkter och rätter,3.4,g
6295,Sojaprotein bullar ugnsstekta,"Fosfor, P",Vegetabiliskt protein produkter och rätter,221.0,mg
6295,Sojaprotein bullar ugnsstekta,Niacinekvivalenter,Vegetabiliskt protein produkter och rätter,3.19,NE/mg
6295,Sojaprotein bullar ugnsstekta,Niacin,Vegetabiliskt protein produkter och rätter,0.39,mg
6295,Sojaprotein bullar ugnsstekta,"Salt, NaCl",Vegetabiliskt protein produkter och rätter,1.3,g
6295,Sojaprotein bullar ugnsstekta,"Natrium, Na",Vegetabiliskt protein produkter och rätter,539.0,mg
6295,Sojaprotein bullar ugnsstekta,Monosackarider,Vegetabiliskt protein produkter och rätter,0.0,g
6295,Sojaprotein bullar ugnsstekta,"Sockerarter, totalt",Vegetabiliskt protein produkter och rätter,0.0,g
6295,Sojaprotein bullar ugnsstekta,Summa enkelomättade fettsyror,Vegetabiliskt protein produkter och rätter,7.8,g
6295,Sojaprotein bullar ugnsstekta,"Magnesium, Mg",Vegetabiliskt protein produkter och rätter,70.0,mg
6295,Sojaprotein bullar ugnsstekta,Summa mättade fettsyror,Vegetabiliskt protein produkter och rätter,0.9,g
6295,Sojaprotein bullar ugnsstekta,"Kolhydrater, tillgängliga",Vegetabiliskt protein produkter och rätter,6.7,g
6295,Sojaprotein bullar ugnsstekta,Kolesterol,Vegetabiliskt protein produkter och rätter,0.0,mg
6295,Sojaprotein bullar ugnsstekta,"Kalium, K",Vegetabiliskt protein produkter och rätter,478.0,mg
6295,Sojaprotein bullar ugnsstekta,"Jod, I",Vegetabiliskt protein produkter och rätter,0.0,µg
6295,Sojaprotein bullar ugnsstekta,Fullkorn totalt,Vegetabiliskt protein produkter och rätter,0.0,g
6295,Sojaprotein bullar ugnsstekta,"Folat, totalt",Vegetabiliskt protein produkter och rätter,63.2,µg
6295,Sojaprotein bullar ugnsstekta,Fibrer,Vegetabiliskt protein produkter och rätter,5.8,g
6295,Sojaprotein bullar ugnsstekta,"Fett, totalt",Vegetabiliskt protein produkter och rätter,12.7,g
6295,Sojaprotein bullar ugnsstekta,"Järn, Fe",Vegetabiliskt protein produkter och rätter,2.9,mg
6295,Sojaprotein bullar ugnsstekta,Energi (kJ),Vegetabiliskt protein produkter och rätter,915.0,kJ
6295,Sojaprotein bullar ugnsstekta,Energi (kcal),Vegetabiliskt protein produkter och rätter,219.0,kcal
6295,Sojaprotein bullar ugnsstekta,Disackarider,Vegetabiliskt protein produkter och rätter,0.0,g
6295,Sojaprotein bullar ugnsstekta,"Kalcium, Ca",Vegetabiliskt protein produkter och rätter,102.0,mg
6295,Sojaprotein bullar ugnsstekta,Fettsyra 4:0-10:0,Vegetabiliskt protein produkter och rätter,0.0,g
6295,Sojaprotein bullar ugnsstekta,DHA (C22:6),Vegetabiliskt protein produkter och rätter,0.0,g
6295,Sojaprotein bullar ugnsstekta,DPA (C22:5),Vegetabiliskt protein produkter och rätter,0.0,g
6295,Sojaprotein bullar ugnsstekta,EPA (C20:5),Vegetabiliskt protein produkter och rätter,0.0,g
6295,Sojaprotein bullar ugnsstekta,Arakidonsyra C20:4,Vegetabiliskt protein produkter och rätter,0.0,g
6295,Sojaprotein bullar ugnsstekta,Arakidinsyra C20:0,Vegetabiliskt protein produkter och rätter,0.1,g
6295,Sojaprotein bullar ugnsstekta,Linolensyra C18:3,Vegetabiliskt protein produkter och rätter,1.0,g
6295,Sojaprotein bullar ugnsstekta,Linolsyra C18:2,Vegetabiliskt protein produkter och rätter,2.5,g
6295,Sojaprotein bullar ugnsstekta,Oljesyra C18:1,Vegetabiliskt protein produkter och rätter,7.6,g
6295,Sojaprotein bullar ugnsstekta,Stearinsyra C18:0,Vegetabiliskt protein produkter och rätter,0.2,g
6295,Sojaprotein bullar ugnsstekta,Palmitoljesyra C16:1,Vegetabiliskt protein produkter och rätter,0.0,g
6295,Sojaprotein bullar ugnsstekta,Palmitinsyra C16:0,Vegetabiliskt protein produkter och rätter,0.6,g
6295,Sojaprotein bullar ugnsstekta,Myristinsyra C14:0,Vegetabiliskt protein produkter och rätter,0.0,g
6295,Sojaprotein bullar ugnsstekta,Laurinsyra C12:0,Vegetabiliskt protein produkter och rätter,0.0,g
6295,Sojaprotein bullar ugnsstekta,Betakaroten/β-Karoten,Vegetabiliskt protein produkter och rätter,0.0,µg
6295,Sojaprotein bullar ugnsstekta,Avfall (skal etc.),Vegetabiliskt protein produkter och rätter,0.0,%
6295,Sojaprotein bullar ugnsstekta,Aska,Vegetabiliskt protein produkter och rätter,2.9,g
6295,Sojaprotein bullar ugnsstekta,Alkohol,Vegetabiliskt protein produkter och rätter,0.0,g
6298,Mykoprotein bullar stekta,"Zink, Zn",Vegetabiliskt protein produkter och rätter,4.5,mg
6298,Mykoprotein bullar stekta,Vitamin E,Vegetabiliskt protein produkter och rätter,1.8,mg
6298,Mykoprotein bullar stekta,Vitamin D,Vegetabiliskt protein produkter och rätter,0.19,µg
6298,Mykoprotein bullar stekta,Vitamin C,Vegetabiliskt protein produkter och rätter,0.2,mg
6298,Mykoprotein bullar stekta,Vitamin B6,Vegetabiliskt protein produkter och rätter,0.17,mg
6298,Mykoprotein bullar stekta,Vitamin B12,Vegetabiliskt protein produkter och rätter,0.0,µg
6298,Mykoprotein bullar stekta,Vitamin A,Vegetabiliskt protein produkter och rätter,0.0,RE/µg
6298,Mykoprotein bullar stekta,Vatten,Vegetabiliskt protein produkter och rätter,64.4,g
6298,Mykoprotein bullar stekta,Tiamin,Vegetabiliskt protein produkter och rätter,9.81,mg
6298,Mykoprotein bullar stekta,Tillsatt socker,Vegetabiliskt protein produkter och rätter,0.0,g
6298,Mykoprotein bullar stekta,Fritt socker,Vegetabiliskt protein produkter och rätter,0.0,g
6298,Mykoprotein bullar stekta,"Selen, Se",Vegetabiliskt protein produkter och rätter,0.0,µg
6298,Mykoprotein bullar stekta,Sackaros,Vegetabiliskt protein produkter och rätter,0.1,g
6298,Mykoprotein bullar stekta,Riboflavin,Vegetabiliskt protein produkter och rätter,0.43,mg
6298,Mykoprotein bullar stekta,Retinol,Vegetabiliskt protein produkter och rätter,0.0,µg
6298,Mykoprotein bullar stekta,Protein,Vegetabiliskt protein produkter och rätter,15.6,g
6298,Mykoprotein bullar stekta,Summa fleromättade fettsyror,Vegetabiliskt protein produkter och rätter,0.7,g
6298,Mykoprotein bullar stekta,"Fosfor, P",Vegetabiliskt protein produkter och rätter,223.0,mg
6298,Mykoprotein bullar stekta,Niacinekvivalenter,Vegetabiliskt protein produkter och rätter,4.33,NE/mg
6298,Mykoprotein bullar stekta,Niacin,Vegetabiliskt protein produkter och rätter,1.69,mg
6298,Mykoprotein bullar stekta,"Salt, NaCl",Vegetabiliskt protein produkter och rätter,1.6,g
6298,Mykoprotein bullar stekta,"Natrium, Na",Vegetabiliskt protein produkter och rätter,632.0,mg
6298,Mykoprotein bullar stekta,Monosackarider,Vegetabiliskt protein produkter och rätter,0.2,g
6298,Mykoprotein bullar stekta,"Sockerarter, totalt",Vegetabiliskt protein produkter och rätter,0.5,g
6298,Mykoprotein bullar stekta,Summa enkelomättade fettsyror,Vegetabiliskt protein produkter och rätter,1.1,g
6298,Mykoprotein bullar stekta,"Magnesium, Mg",Vegetabiliskt protein produkter och rätter,35.0,mg
6298,Mykoprotein bullar stekta,Summa mättade fettsyror,Vegetabiliskt protein produkter och rätter,1.9,g
6298,Mykoprotein bullar stekta,"Kolhydrater, tillgängliga",Vegetabiliskt protein produkter och rätter,9.7,g
6298,Mykoprotein bullar stekta,Kolesterol,Vegetabiliskt protein produkter och rätter,1.1,mg
6298,Mykoprotein bullar stekta,"Kalium, K",Vegetabiliskt protein produkter och rätter,269.0,mg
6298,Mykoprotein bullar stekta,"Jod, I",Vegetabiliskt protein produkter och rätter,0.0,µg
6298,Mykoprotein bullar stekta,Fullkorn totalt,Vegetabiliskt protein produkter och rätter,0.0,g
6298,Mykoprotein bullar stekta,"Folat, totalt",Vegetabiliskt protein produkter och rätter,142.9,µg
6298,Mykoprotein bullar stekta,Fibrer,Vegetabiliskt protein produkter och rätter,3.9,g
6298,Mykoprotein bullar stekta,"Fett, totalt",Vegetabiliskt protein produkter och rätter,3.9,g
6298,Mykoprotein bullar stekta,"Järn, Fe",Vegetabiliskt protein produkter och rätter,0.5,mg
6298,Mykoprotein bullar stekta,Energi (kJ),Vegetabiliskt protein produkter och rätter,604.0,kJ
6298,Mykoprotein bullar stekta,Energi (kcal),Vegetabiliskt protein produkter och rätter,144.0,kcal
6298,Mykoprotein bullar stekta,Disackarider,Vegetabiliskt protein produkter och rätter,0.2,g
6298,Mykoprotein bullar stekta,"Kalcium, Ca",Vegetabiliskt protein produkter och rätter,117.0,mg
6298,Mykoprotein bullar stekta,Fettsyra 4:0-10:0,Vegetabiliskt protein produkter och rätter,0.0,g
6298,Mykoprotein bullar stekta,DHA (C22:6),Vegetabiliskt protein produkter och rätter,0.0,g
6298,Mykoprotein bullar stekta,DPA (C22:5),Vegetabiliskt protein produkter och rätter,0.0,g
6298,Mykoprotein bullar stekta,EPA (C20:5),Vegetabiliskt protein produkter och rätter,0.0,g
6298,Mykoprotein bullar stekta,Arakidonsyra C20:4,Vegetabiliskt protein produkter och rätter,0.0,g
6298,Mykoprotein bullar stekta,Arakidinsyra C20:0,Vegetabiliskt protein produkter och rätter,0.0,g
6298,Mykoprotein bullar stekta,Linolensyra C18:3,Vegetabiliskt protein produkter och rätter,0.1,g
6298,Mykoprotein bullar stekta,Linolsyra C18:2,Vegetabiliskt protein produkter och rätter,0.7,g
6298,Mykoprotein bullar stekta,Oljesyra C18:1,Vegetabiliskt protein produkter och rätter,1.0,g
6298,Mykoprotein bullar stekta,Stearinsyra C18:0,Vegetabiliskt protein produkter och rätter,0.2,g
6298,Mykoprotein bullar stekta,Palmitoljesyra C16:1,Vegetabiliskt protein produkter och rätter,0.0,g
6298,Mykoprotein bullar stekta,Palmitinsyra C16:0,Vegetabiliskt protein produkter och rätter,1.6,g
6298,Mykoprotein bullar stekta,Myristinsyra C14:0,Vegetabiliskt protein produkter och rätter,0.0,g
6298,Mykoprotein bullar stekta,Laurinsyra C12:0,Vegetabiliskt protein produkter och rätter,0.0,g
6298,Mykoprotein bullar stekta,Betakaroten/β-Karoten,Vegetabiliskt protein produkter och rätter,0.0,µg
6298,Mykoprotein bullar stekta,Avfall (skal etc.),Vegetabiliskt protein produkter och rätter,0.0,%
6298,Mykoprotein bullar stekta,Aska,Vegetabiliskt protein produkter och rätter,2.6,g
6298,Mykoprotein bullar stekta,Alkohol,Vegetabiliskt protein produkter och rätter,0.0,g
6299,Mykoprotein nugget stekt,"Zink, Zn",Vegetabiliskt protein produkter och rätter,3.8,mg
6299,Mykoprotein nugget stekt,Vitamin E,Vegetabiliskt protein produkter och rätter,5.5,mg
6299,Mykoprotein nugget stekt,Vitamin D inkl 25-OH-D3,Vegetabiliskt protein produkter och rätter,0.0,µg
6299,Mykoprotein nugget stekt,Vitamin D,Vegetabiliskt protein produkter och rätter,0.0,µg
6299,Mykoprotein nugget stekt,Vitamin C,Vegetabiliskt protein produkter och rätter,0.0,mg
6299,Mykoprotein nugget stekt,Vitamin B6,Vegetabiliskt protein produkter och rätter,0.11,mg
6299,Mykoprotein nugget stekt,Vitamin B12,Vegetabiliskt protein produkter och rätter,0.0,µg
6299,Mykoprotein nugget stekt,Vitamin A,Vegetabiliskt protein produkter och rätter,4.5,RE/µg
6299,Mykoprotein nugget stekt,Vatten,Vegetabiliskt protein produkter och rätter,54.0,g
6299,Mykoprotein nugget stekt,Tiamin,Vegetabiliskt protein produkter och rätter,0.15,mg
6299,Mykoprotein nugget stekt,Tillsatt socker,Vegetabiliskt protein produkter och rätter,2.0,g
6299,Mykoprotein nugget stekt,Fritt socker,Vegetabiliskt protein produkter och rätter,2.0,g
6299,Mykoprotein nugget stekt,"Selen, Se",Vegetabiliskt protein produkter och rätter,0.0,µg
6299,Mykoprotein nugget stekt,Sackaros,Vegetabiliskt protein produkter och rätter,0.1,g
6299,Mykoprotein nugget stekt,Riboflavin,Vegetabiliskt protein produkter och rätter,0.24,mg
6299,Mykoprotein nugget stekt,Retinol,Vegetabiliskt protein produkter och rätter,3.9,µg
6299,Mykoprotein nugget stekt,Protein,Vegetabiliskt protein produkter och rätter,10.9,g
6299,Mykoprotein nugget stekt,Summa fleromättade fettsyror,Vegetabiliskt protein produkter och rätter,5.7,g
6299,Mykoprotein nugget stekt,"Fosfor, P",Vegetabiliskt protein produkter och rätter,173.0,mg
6299,Mykoprotein nugget stekt,Niacinekvivalenter,Vegetabiliskt protein produkter och rätter,3.18,NE/mg
6299,Mykoprotein nugget stekt,Niacin,Vegetabiliskt protein produkter och rätter,1.35,mg
6299,Mykoprotein nugget stekt,"Salt, NaCl",Vegetabiliskt protein produkter och rätter,1.1,g
6299,Mykoprotein nugget stekt,"Natrium, Na",Vegetabiliskt protein produkter och rätter,424.0,mg
6299,Mykoprotein nugget stekt,Monosackarider,Vegetabiliskt protein produkter och rätter,0.3,g
6299,Mykoprotein nugget stekt,"Sockerarter, totalt",Vegetabiliskt protein produkter och rätter,2.1,g
6299,Mykoprotein nugget stekt,Summa enkelomättade fettsyror,Vegetabiliskt protein produkter och rätter,4.9,g
6299,Mykoprotein nugget stekt,"Magnesium, Mg",Vegetabiliskt protein produkter och rätter,31.0,mg
6299,Mykoprotein nugget stekt,Summa mättade fettsyror,Vegetabiliskt protein produkter och rätter,1.4,g
6299,Mykoprotein nugget stekt,"Kolhydrater, tillgängliga",Vegetabiliskt protein produkter och rätter,16.4,g
6299,Mykoprotein nugget stekt,Kolesterol,Vegetabiliskt protein produkter och rätter,0.0,mg
6299,Mykoprotein nugget stekt,"Kalium, K",Vegetabiliskt protein produkter och rätter,116.0,mg
6299,Mykoprotein nugget stekt,"Jod, I",Vegetabiliskt protein produkter och rätter,0.0,µg
6299,Mykoprotein nugget stekt,Fullkorn totalt,Vegetabiliskt protein produkter och rätter,0.0,g
6299,Mykoprotein nugget stekt,"Folat, totalt",Vegetabiliskt protein produkter och rätter,68.1,µg
6299,Mykoprotein nugget stekt,Fibrer,Vegetabiliskt protein produkter och rätter,4.4,g
6299,Mykoprotein nugget stekt,"Fett, totalt",Vegetabiliskt protein produkter och rätter,12.5,g
6299,Mykoprotein nugget stekt,"Järn, Fe",Vegetabiliskt protein produkter och rätter,0.8,mg
6299,Mykoprotein nugget stekt,Energi (kJ),Vegetabiliskt protein produkter och rätter,962.0,kJ
6299,Mykoprotein nugget stekt,Energi (kcal),Vegetabiliskt protein produkter och rätter,229.0,kcal
6299,Mykoprotein nugget stekt,Disackarider,Vegetabiliskt protein produkter och rätter,1.8,g
6299,Mykoprotein nugget stekt,"Kalcium, Ca",Vegetabiliskt protein produkter och rätter,164.0,mg
6299,Mykoprotein nugget stekt,Fettsyra 4:0-10:0,Vegetabiliskt protein produkter och rätter,0.0,g
6299,Mykoprotein nugget stekt,DHA (C22:6),Vegetabiliskt protein produkter och rätter,0.0,g
6299,Mykoprotein nugget stekt,DPA (C22:5),Vegetabiliskt protein produkter och rätter,0.0,g
6299,Mykoprotein nugget stekt,EPA (C20:5),Vegetabiliskt protein produkter och rätter,0.0,g
6299,Mykoprotein nugget stekt,Arakidonsyra C20:4,Vegetabiliskt protein produkter och rätter,0.0,g
6299,Mykoprotein nugget stekt,Arakidinsyra C20:0,Vegetabiliskt protein produkter och rätter,0.0,g
6299,Mykoprotein nugget stekt,Linolensyra C18:3,Vegetabiliskt protein produkter och rätter,0.4,g
6299,Mykoprotein nugget stekt,Linolsyra C18:2,Vegetabiliskt protein produkter och rätter,5.3,g
6299,Mykoprotein nugget stekt,Oljesyra C18:1,Vegetabiliskt protein produkter och rätter,4.8,g
6299,Mykoprotein nugget stekt,Stearinsyra C18:0,Vegetabiliskt protein produkter och rätter,0.4,g
6299,Mykoprotein nugget stekt,Palmitoljesyra C16:1,Vegetabiliskt protein produkter och rätter,0.0,g
6299,Mykoprotein nugget stekt,Palmitinsyra C16:0,Vegetabiliskt protein produkter och rätter,0.9,g
6299,Mykoprotein nugget stekt,Myristinsyra C14:0,Vegetabiliskt protein produkter och rätter,0.0,g
6299,Mykoprotein nugget stekt,Laurinsyra C12:0,Vegetabiliskt protein produkter och rätter,0.0,g
6299,Mykoprotein nugget stekt,Betakaroten/β-Karoten,Vegetabiliskt protein produkter och rätter,7.0,µg
6299,Mykoprotein nugget stekt,Avfall (skal etc.),Vegetabiliskt protein produkter och rätter,0.0,%
6299,Mykoprotein nugget stekt,Aska,Vegetabiliskt protein produkter och rätter,1.8,g
6299,Mykoprotein nugget stekt,Alkohol,Vegetabiliskt protein produkter och rätter,0.0,g
6300,Mykoprotein nugget ugnsstekt,"Zink, Zn",Vegetabiliskt protein produkter och rätter,4.0,mg
6300,Mykoprotein nugget ugnsstekt,Vitamin E,Vegetabiliskt protein produkter och rätter,4.3,mg
6300,Mykoprotein nugget ugnsstekt,Vitamin D inkl 25-OH-D3,Vegetabiliskt protein produkter och rätter,0.0,µg
6300,Mykoprotein nugget ugnsstekt,Vitamin D,Vegetabiliskt protein produkter och rätter,0.0,µg
6300,Mykoprotein nugget ugnsstekt,Vitamin C,Vegetabiliskt protein produkter och rätter,0.0,mg
6300,Mykoprotein nugget ugnsstekt,Vitamin B6,Vegetabiliskt protein produkter och rätter,0.11,mg
6300,Mykoprotein nugget ugnsstekt,Vitamin B12,Vegetabiliskt protein produkter och rätter,0.0,µg
6300,Mykoprotein nugget ugnsstekt,Vitamin A,Vegetabiliskt protein produkter och rätter,4.8,RE/µg
6300,Mykoprotein nugget ugnsstekt,Vatten,Vegetabiliskt protein produkter och rätter,56.7,g
6300,Mykoprotein nugget ugnsstekt,Tiamin,Vegetabiliskt protein produkter och rätter,0.16,mg
6300,Mykoprotein nugget ugnsstekt,Tillsatt socker,Vegetabiliskt protein produkter och rätter,2.0,g
6300,Mykoprotein nugget ugnsstekt,Fritt socker,Vegetabiliskt protein produkter och rätter,2.0,g
6300,Mykoprotein nugget ugnsstekt,"Selen, Se",Vegetabiliskt protein produkter och rätter,0.0,µg
6300,Mykoprotein nugget ugnsstekt,Sackaros,Vegetabiliskt protein produkter och rätter,0.1,g
6300,Mykoprotein nugget ugnsstekt,Riboflavin,Vegetabiliskt protein produkter och rätter,0.25,mg
6300,Mykoprotein nugget ugnsstekt,Retinol,Vegetabiliskt protein produkter och rätter,4.0,µg
6300,Mykoprotein nugget ugnsstekt,Protein,Vegetabiliskt protein produkter och rätter,11.4,g
6300,Mykoprotein nugget ugnsstekt,Summa fleromättade fettsyror,Vegetabiliskt protein produkter och rätter,4.6,g
6300,Mykoprotein nugget ugnsstekt,"Fosfor, P",Vegetabiliskt protein produkter och rätter,182.0,mg
6300,Mykoprotein nugget ugnsstekt,Niacinekvivalenter,Vegetabiliskt protein produkter och rätter,3.34,NE/mg
6300,Mykoprotein nugget ugnsstekt,Niacin,Vegetabiliskt protein produkter och rätter,1.42,mg
6300,Mykoprotein nugget ugnsstekt,"Salt, NaCl",Vegetabiliskt protein produkter och rätter,1.1,g
6300,Mykoprotein nugget ugnsstekt,"Natrium, Na",Vegetabiliskt protein produkter och rätter,445.0,mg
6300,Mykoprotein nugget ugnsstekt,Monosackarider,Vegetabiliskt protein produkter och rätter,0.3,g
6300,Mykoprotein nugget ugnsstekt,"Sockerarter, totalt",Vegetabiliskt protein produkter och rätter,2.2,g
6300,Mykoprotein nugget ugnsstekt,Summa enkelomättade fettsyror,Vegetabiliskt protein produkter och rätter,2.2,g
6300,Mykoprotein nugget ugnsstekt,"Magnesium, Mg",Vegetabiliskt protein produkter och rätter,32.0,mg
6300,Mykoprotein nugget ugnsstekt,Summa mättade fettsyror,Vegetabiliskt protein produkter och rätter,1.0,g
6300,Mykoprotein nugget ugnsstekt,"Kolhydrater, tillgängliga",Vegetabiliskt protein produkter och rätter,17.2,g
6300,Mykoprotein nugget ugnsstekt,Kolesterol,Vegetabiliskt protein produkter och rätter,0.0,mg
6300,Mykoprotein nugget ugnsstekt,"Kalium, K",Vegetabiliskt protein produkter och rätter,121.0,mg
6300,Mykoprotein nugget ugnsstekt,"Jod, I",Vegetabiliskt protein produkter och rätter,0.0,µg
6300,Mykoprotein nugget ugnsstekt,Fullkorn totalt,Vegetabiliskt protein produkter och rätter,0.0,g
6300,Mykoprotein nugget ugnsstekt,"Folat, totalt",Vegetabiliskt protein produkter och rätter,71.5,µg
6300,Mykoprotein nugget ugnsstekt,Fibrer,Vegetabiliskt protein produkter och rätter,4.7,g
6300,Mykoprotein nugget ugnsstekt,"Fett, totalt",Vegetabiliskt protein produkter och rätter,8.1,g
6300,Mykoprotein nugget ugnsstekt,"Järn, Fe",Vegetabiliskt protein produkter och rätter,0.8,mg
6300,Mykoprotein nugget ugnsstekt,Energi (kJ),Vegetabiliskt protein produkter och rätter,823.0,kJ
6300,Mykoprotein nugget ugnsstekt,Energi (kcal),Vegetabiliskt protein produkter och rätter,196.0,kcal
6300,Mykoprotein nugget ugnsstekt,Disackarider,Vegetabiliskt protein produkter och rätter,1.9,g
6300,Mykoprotein nugget ugnsstekt,"Kalcium, Ca",Vegetabiliskt protein produkter och rätter,172.0,mg
6300,Mykoprotein nugget ugnsstekt,Fettsyra 4:0-10:0,Vegetabiliskt protein produkter och rätter,0.0,g
6300,Mykoprotein nugget ugnsstekt,DHA (C22:6),Vegetabiliskt protein produkter och rätter,0.0,g
6300,Mykoprotein nugget ugnsstekt,DPA (C22:5),Vegetabiliskt protein produkter och rätter,0.0,g
6300,Mykoprotein nugget ugnsstekt,EPA (C20:5),Vegetabiliskt protein produkter och rätter,0.0,g
6300,Mykoprotein nugget ugnsstekt,Arakidonsyra C20:4,Vegetabiliskt protein produkter och rätter,0.0,g
6300,Mykoprotein nugget ugnsstekt,Arakidinsyra C20:0,Vegetabiliskt protein produkter och rätter,0.0,g
6300,Mykoprotein nugget ugnsstekt,Linolensyra C18:3,Vegetabiliskt protein produkter och rätter,0.1,g
6300,Mykoprotein nugget ugnsstekt,Linolsyra C18:2,Vegetabiliskt protein produkter och rätter,4.4,g
6300,Mykoprotein nugget ugnsstekt,Oljesyra C18:1,Vegetabiliskt protein produkter och rätter,2.2,g
6300,Mykoprotein nugget ugnsstekt,Stearinsyra C18:0,Vegetabiliskt protein produkter och rätter,0.3,g
6300,Mykoprotein nugget ugnsstekt,Palmitoljesyra C16:1,Vegetabiliskt protein produkter och rätter,0.0,g
6300,Mykoprotein nugget ugnsstekt,Palmitinsyra C16:0,Vegetabiliskt protein produkter och rätter,0.6,g
6300,Mykoprotein nugget ugnsstekt,Myristinsyra C14:0,Vegetabiliskt protein produkter och rätter,0.0,g
6300,Mykoprotein nugget ugnsstekt,Laurinsyra C12:0,Vegetabiliskt protein produkter och rätter,0.0,g
6300,Mykoprotein nugget ugnsstekt,Betakaroten/β-Karoten,Vegetabiliskt protein produkter och rätter,7.0,µg
6300,Mykoprotein nugget ugnsstekt,Avfall (skal etc.),Vegetabiliskt protein produkter och rätter,0.0,%
6300,Mykoprotein nugget ugnsstekt,Aska,Vegetabiliskt protein produkter och rätter,1.9,g
6300,Mykoprotein nugget ugnsstekt,Alkohol,Vegetabiliskt protein produkter och rätter,0.0,g
6301,Sojaprotein nugget stekt,"Zink, Zn",Vegetabiliskt protein produkter och rätter,0.8,mg
6301,Sojaprotein nugget stekt,Vitamin E,Vegetabiliskt protein produkter och rätter,5.3,mg
6301,Sojaprotein nugget stekt,Vitamin D inkl 25-OH-D3,Vegetabiliskt protein produkter och rätter,0.0,µg
6301,Sojaprotein nugget stekt,Vitamin D,Vegetabiliskt protein produkter och rätter,0.0,µg
6301,Sojaprotein nugget stekt,Vitamin C,Vegetabiliskt protein produkter och rätter,0.0,mg
6301,Sojaprotein nugget stekt,Vitamin B6,Vegetabiliskt protein produkter och rätter,0.09,mg
6301,Sojaprotein nugget stekt,Vitamin B12,Vegetabiliskt protein produkter och rätter,0.0,µg
6301,Sojaprotein nugget stekt,Vitamin A,Vegetabiliskt protein produkter och rätter,4.8,RE/µg
6301,Sojaprotein nugget stekt,Vatten,Vegetabiliskt protein produkter och rätter,51.5,g
6301,Sojaprotein nugget stekt,Tiamin,Vegetabiliskt protein produkter och rätter,0.27,mg
6301,Sojaprotein nugget stekt,Tillsatt socker,Vegetabiliskt protein produkter och rätter,0.0,g
6301,Sojaprotein nugget stekt,Fritt socker,Vegetabiliskt protein produkter och rätter,0.0,g
6301,Sojaprotein nugget stekt,"Selen, Se",Vegetabiliskt protein produkter och rätter,8.7,µg
6301,Sojaprotein nugget stekt,Sackaros,Vegetabiliskt protein produkter och rätter,0.3,g
6301,Sojaprotein nugget stekt,Riboflavin,Vegetabiliskt protein produkter och rätter,0.06,mg
6301,Sojaprotein nugget stekt,Retinol,Vegetabiliskt protein produkter och rätter,3.7,µg
6301,Sojaprotein nugget stekt,Protein,Vegetabiliskt protein produkter och rätter,10.9,g
6301,Sojaprotein nugget stekt,Summa fleromättade fettsyror,Vegetabiliskt protein produkter och rätter,5.8,g
6301,Sojaprotein nugget stekt,"Fosfor, P",Vegetabiliskt protein produkter och rätter,154.0,mg
6301,Sojaprotein nugget stekt,Niacinekvivalenter,Vegetabiliskt protein produkter och rätter,2.6,NE/mg
6301,Sojaprotein nugget stekt,Niacin,Vegetabiliskt protein produkter och rätter,0.75,mg
6301,Sojaprotein nugget stekt,"Salt, NaCl",Vegetabiliskt protein produkter och rätter,1.2,g
6301,Sojaprotein nugget stekt,"Natrium, Na",Vegetabiliskt protein produkter och rätter,452.0,mg
6301,Sojaprotein nugget stekt,Monosackarider,Vegetabiliskt protein produkter och rätter,0.2,g
6301,Sojaprotein nugget stekt,"Sockerarter, totalt",Vegetabiliskt protein produkter och rätter,0.8,g
6301,Sojaprotein nugget stekt,Summa enkelomättade fettsyror,Vegetabiliskt protein produkter och rätter,7.1,g
6301,Sojaprotein nugget stekt,"Magnesium, Mg",Vegetabiliskt protein produkter och rätter,60.0,mg
6301,Sojaprotein nugget stekt,Summa mättade fettsyror,Vegetabiliskt protein produkter och rätter,1.4,g
6301,Sojaprotein nugget stekt,"Kolhydrater, tillgängliga",Vegetabiliskt protein produkter och rätter,15.2,g
6301,Sojaprotein nugget stekt,Kolesterol,Vegetabiliskt protein produkter och rätter,0.0,mg
6301,Sojaprotein nugget stekt,"Kalium, K",Vegetabiliskt protein produkter och rätter,375.0,mg
6301,Sojaprotein nugget stekt,"Jod, I",Vegetabiliskt protein produkter och rätter,0.0,µg
6301,Sojaprotein nugget stekt,Fullkorn totalt,Vegetabiliskt protein produkter och rätter,0.0,g
6301,Sojaprotein nugget stekt,"Folat, totalt",Vegetabiliskt protein produkter och rätter,55.7,µg
6301,Sojaprotein nugget stekt,Fibrer,Vegetabiliskt protein produkter och rätter,4.8,g
6301,Sojaprotein nugget stekt,"Fett, totalt",Vegetabiliskt protein produkter och rätter,15.0,g
6301,Sojaprotein nugget stekt,"Järn, Fe",Vegetabiliskt protein produkter och rätter,2.1,mg
6301,Sojaprotein nugget stekt,Energi (kJ),Vegetabiliskt protein produkter och rätter,1037.0,kJ
6301,Sojaprotein nugget stekt,Energi (kcal),Vegetabiliskt protein produkter och rätter,248.0,kcal
6301,Sojaprotein nugget stekt,Disackarider,Vegetabiliskt protein produkter och rätter,0.6,g
6301,Sojaprotein nugget stekt,"Kalcium, Ca",Vegetabiliskt protein produkter och rätter,65.0,mg
6301,Sojaprotein nugget stekt,Fettsyra 4:0-10:0,Vegetabiliskt protein produkter och rätter,0.0,g
6301,Sojaprotein nugget stekt,DHA (C22:6),Vegetabiliskt protein produkter och rätter,0.0,g
6301,Sojaprotein nugget stekt,DPA (C22:5),Vegetabiliskt protein produkter och rätter,0.0,g
6301,Sojaprotein nugget stekt,EPA (C20:5),Vegetabiliskt protein produkter och rätter,0.0,g
6301,Sojaprotein nugget stekt,Arakidonsyra C20:4,Vegetabiliskt protein produkter och rätter,0.0,g
6301,Sojaprotein nugget stekt,Arakidinsyra C20:0,Vegetabiliskt protein produkter och rätter,0.1,g
6301,Sojaprotein nugget stekt,Linolensyra C18:3,Vegetabiliskt protein produkter och rätter,0.6,g
6301,Sojaprotein nugget stekt,Linolsyra C18:2,Vegetabiliskt protein produkter och rätter,5.1,g
6301,Sojaprotein nugget stekt,Oljesyra C18:1,Vegetabiliskt protein produkter och rätter,7.0,g
6301,Sojaprotein nugget stekt,Stearinsyra C18:0,Vegetabiliskt protein produkter och rätter,0.4,g
6301,Sojaprotein nugget stekt,Palmitoljesyra C16:1,Vegetabiliskt protein produkter och rätter,0.0,g
6301,Sojaprotein nugget stekt,Palmitinsyra C16:0,Vegetabiliskt protein produkter och rätter,0.9,g
6301,Sojaprotein nugget stekt,Myristinsyra C14:0,Vegetabiliskt protein produkter och rätter,0.0,g
6301,Sojaprotein nugget stekt,Laurinsyra C12:0,Vegetabiliskt protein produkter och rätter,0.0,g
6301,Sojaprotein nugget stekt,Betakaroten/β-Karoten,Vegetabiliskt protein produkter och rätter,11.0,µg
6301,Sojaprotein nugget stekt,Avfall (skal etc.),Vegetabiliskt protein produkter och rätter,0.0,%
6301,Sojaprotein nugget stekt,Aska,Vegetabiliskt protein produkter och rätter,2.6,g
6301,Sojaprotein nugget stekt,Alkohol,Vegetabiliskt protein produkter och rätter,0.0,g
6302,Sojaprotein nugget ugnsstekt,"Zink, Zn",Vegetabiliskt protein produkter och rätter,0.9,mg
6302,Sojaprotein nugget ugnsstekt,Vitamin E,Vegetabiliskt protein produkter och rätter,4.1,mg
6302,Sojaprotein nugget ugnsstekt,Vitamin D inkl 25-OH-D3,Vegetabiliskt protein produkter och rätter,0.0,µg
6302,Sojaprotein nugget ugnsstekt,Vitamin D,Vegetabiliskt protein produkter och rätter,0.0,µg
6302,Sojaprotein nugget ugnsstekt,Vitamin C,Vegetabiliskt protein produkter och rätter,0.0,mg
6302,Sojaprotein nugget ugnsstekt,Vitamin B6,Vegetabiliskt protein produkter och rätter,0.09,mg
6302,Sojaprotein nugget ugnsstekt,Vitamin B12,Vegetabiliskt protein produkter och rätter,0.0,µg
6302,Sojaprotein nugget ugnsstekt,Vitamin A,Vegetabiliskt protein produkter och rätter,5.1,RE/µg
6302,Sojaprotein nugget ugnsstekt,Vatten,Vegetabiliskt protein produkter och rätter,54.1,g
6302,Sojaprotein nugget ugnsstekt,Tiamin,Vegetabiliskt protein produkter och rätter,0.29,mg
6302,Sojaprotein nugget ugnsstekt,Tillsatt socker,Vegetabiliskt protein produkter och rätter,0.0,g
6302,Sojaprotein nugget ugnsstekt,Fritt socker,Vegetabiliskt protein produkter och rätter,0.0,g
6302,Sojaprotein nugget ugnsstekt,"Selen, Se",Vegetabiliskt protein produkter och rätter,9.1,µg
6302,Sojaprotein nugget ugnsstekt,Sackaros,Vegetabiliskt protein produkter och rätter,0.3,g
6302,Sojaprotein nugget ugnsstekt,Riboflavin,Vegetabiliskt protein produkter och rätter,0.07,mg
6302,Sojaprotein nugget ugnsstekt,Retinol,Vegetabiliskt protein produkter och rätter,3.8,µg
6302,Sojaprotein nugget ugnsstekt,Protein,Vegetabiliskt protein produkter och rätter,11.4,g
6302,Sojaprotein nugget ugnsstekt,Summa fleromättade fettsyror,Vegetabiliskt protein produkter och rätter,4.7,g
6302,Sojaprotein nugget ugnsstekt,"Fosfor, P",Vegetabiliskt protein produkter och rätter,162.0,mg
6302,Sojaprotein nugget ugnsstekt,Niacinekvivalenter,Vegetabiliskt protein produkter och rätter,2.73,NE/mg
6302,Sojaprotein nugget ugnsstekt,Niacin,Vegetabiliskt protein produkter och rätter,0.79,mg
6302,Sojaprotein nugget ugnsstekt,"Salt, NaCl",Vegetabiliskt protein produkter och rätter,1.2,g
6302,Sojaprotein nugget ugnsstekt,"Natrium, Na",Vegetabiliskt protein produkter och rätter,475.0,mg
6302,Sojaprotein nugget ugnsstekt,Monosackarider,Vegetabiliskt protein produkter och rätter,0.2,g
6302,Sojaprotein nugget ugnsstekt,"Sockerarter, totalt",Vegetabiliskt protein produkter och rätter,0.8,g
6302,Sojaprotein nugget ugnsstekt,Summa enkelomättade fettsyror,Vegetabiliskt protein produkter och rätter,4.5,g
6302,Sojaprotein nugget ugnsstekt,"Magnesium, Mg",Vegetabiliskt protein produkter och rätter,63.0,mg
6302,Sojaprotein nugget ugnsstekt,Summa mättade fettsyror,Vegetabiliskt protein produkter och rätter,1.0,g
6302,Sojaprotein nugget ugnsstekt,"Kolhydrater, tillgängliga",Vegetabiliskt protein produkter och rätter,16.0,g
6302,Sojaprotein nugget ugnsstekt,Kolesterol,Vegetabiliskt protein produkter och rätter,0.0,mg
6302,Sojaprotein nugget ugnsstekt,"Kalium, K",Vegetabiliskt protein produkter och rätter,394.0,mg
6302,Sojaprotein nugget ugnsstekt,"Jod, I",Vegetabiliskt protein produkter och rätter,0.0,µg
6302,Sojaprotein nugget ugnsstekt,Fullkorn totalt,Vegetabiliskt protein produkter och rätter,0.0,g
6302,Sojaprotein nugget ugnsstekt,"Folat, totalt",Vegetabiliskt protein produkter och rätter,58.5,µg
6302,Sojaprotein nugget ugnsstekt,Fibrer,Vegetabiliskt protein produkter och rätter,5.1,g
6302,Sojaprotein nugget ugnsstekt,"Fett, totalt",Vegetabiliskt protein produkter och rätter,10.7,g
6302,Sojaprotein nugget ugnsstekt,"Järn, Fe",Vegetabiliskt protein produkter och rätter,2.2,mg
6302,Sojaprotein nugget ugnsstekt,Energi (kJ),Vegetabiliskt protein produkter och rätter,903.0,kJ
6302,Sojaprotein nugget ugnsstekt,Energi (kcal),Vegetabiliskt protein produkter och rätter,216.0,kcal
6302,Sojaprotein nugget ugnsstekt,Disackarider,Vegetabiliskt protein produkter och rätter,0.6,g
6302,Sojaprotein nugget ugnsstekt,"Kalcium, Ca",Vegetabiliskt protein produkter och rätter,69.0,mg
6302,Sojaprotein nugget ugnsstekt,Fettsyra 4:0-10:0,Vegetabiliskt protein produkter och rätter,0.0,g
6302,Sojaprotein nugget ugnsstekt,DHA (C22:6),Vegetabiliskt protein produkter och rätter,0.0,g
6302,Sojaprotein nugget ugnsstekt,DPA (C22:5),Vegetabiliskt protein produkter och rätter,0.0,g
6302,Sojaprotein nugget ugnsstekt,EPA (C20:5),Vegetabiliskt protein produkter och rätter,0.0,g
6302,Sojaprotein nugget ugnsstekt,Arakidonsyra C20:4,Vegetabiliskt protein produkter och rätter,0.0,g
6302,Sojaprotein nugget ugnsstekt,Arakidinsyra C20:0,Vegetabiliskt protein produkter och rätter,0.0,g
6302,Sojaprotein nugget ugnsstekt,Linolensyra C18:3,Vegetabiliskt protein produkter och rätter,0.4,g
6302,Sojaprotein nugget ugnsstekt,Linolsyra C18:2,Vegetabiliskt protein produkter och rätter,4.2,g
6302,Sojaprotein nugget ugnsstekt,Oljesyra C18:1,Vegetabiliskt protein produkter och rätter,4.5,g
6302,Sojaprotein nugget ugnsstekt,Stearinsyra C18:0,Vegetabiliskt protein produkter och rätter,0.4,g
6302,Sojaprotein nugget ugnsstekt,Palmitoljesyra C16:1,Vegetabiliskt protein produkter och rätter,0.0,g
6302,Sojaprotein nugget ugnsstekt,Palmitinsyra C16:0,Vegetabiliskt protein produkter och rätter,0.6,g
6302,Sojaprotein nugget ugnsstekt,Myristinsyra C14:0,Vegetabiliskt protein produkter och rätter,0.0,g
6302,Sojaprotein nugget ugnsstekt,Laurinsyra C12:0,Vegetabiliskt protein produkter och rätter,0.0,g
6302,Sojaprotein nugget ugnsstekt,Betakaroten/β-Karoten,Vegetabiliskt protein produkter och rätter,12.0,µg
6302,Sojaprotein nugget ugnsstekt,Avfall (skal etc.),Vegetabiliskt protein produkter och rätter,0.0,%
6302,Sojaprotein nugget ugnsstekt,Aska,Vegetabiliskt protein produkter och rätter,2.7,g
6302,Sojaprotein nugget ugnsstekt,Alkohol,Vegetabiliskt protein produkter och rätter,0.0,g
6303,Soja- och veteprotein nugget stekt,"Zink, Zn",Vegetabiliskt protein produkter och rätter,1.0,mg
6303,Soja- och veteprotein nugget stekt,Vitamin E,Vegetabiliskt protein produkter och rätter,7.0,mg
6303,Soja- och veteprotein nugget stekt,Vitamin D inkl 25-OH-D3,Vegetabiliskt protein produkter och rätter,0.0,µg
6303,Soja- och veteprotein nugget stekt,Vitamin D,Vegetabiliskt protein produkter och rätter,0.0,µg
6303,Soja- och veteprotein nugget stekt,Vitamin C,Vegetabiliskt protein produkter och rätter,3.1,mg
6303,Soja- och veteprotein nugget stekt,Vitamin B6,Vegetabiliskt protein produkter och rätter,0.1,mg
6303,Soja- och veteprotein nugget stekt,Vitamin B12,Vegetabiliskt protein produkter och rätter,0.0,µg
6303,Soja- och veteprotein nugget stekt,Vitamin A,Vegetabiliskt protein produkter och rätter,1.3,RE/µg
6303,Soja- och veteprotein nugget stekt,Vatten,Vegetabiliskt protein produkter och rätter,47.8,g
6303,Soja- och veteprotein nugget stekt,Tiamin,Vegetabiliskt protein produkter och rätter,0.09,mg
6303,Soja- och veteprotein nugget stekt,Tillsatt socker,Vegetabiliskt protein produkter och rätter,0.0,g
6303,Soja- och veteprotein nugget stekt,Fritt socker,Vegetabiliskt protein produkter och rätter,0.0,g
6303,Soja- och veteprotein nugget stekt,"Selen, Se",Vegetabiliskt protein produkter och rätter,11.5,µg
6303,Soja- och veteprotein nugget stekt,Sackaros,Vegetabiliskt protein produkter och rätter,0.4,g
6303,Soja- och veteprotein nugget stekt,Riboflavin,Vegetabiliskt protein produkter och rätter,0.11,mg
6303,Soja- och veteprotein nugget stekt,Retinol,Vegetabiliskt protein produkter och rätter,0.0,µg
6303,Soja- och veteprotein nugget stekt,Protein,Vegetabiliskt protein produkter och rätter,17.9,g
6303,Soja- och veteprotein nugget stekt,Summa fleromättade fettsyror,Vegetabiliskt protein produkter och rätter,6.3,g
6303,Soja- och veteprotein nugget stekt,"Fosfor, P",Vegetabiliskt protein produkter och rätter,154.0,mg
6303,Soja- och veteprotein nugget stekt,Niacinekvivalenter,Vegetabiliskt protein produkter och rätter,4.23,NE/mg
6303,Soja- och veteprotein nugget stekt,Niacin,Vegetabiliskt protein produkter och rätter,1.24,mg
6303,Soja- och veteprotein nugget stekt,"Salt, NaCl",Vegetabiliskt protein produkter och rätter,1.4,g
6303,Soja- och veteprotein nugget stekt,"Natrium, Na",Vegetabiliskt protein produkter och rätter,567.0,mg
6303,Soja- och veteprotein nugget stekt,Monosackarider,Vegetabiliskt protein produkter och rätter,0.4,g
6303,Soja- och veteprotein nugget stekt,"Sockerarter, totalt",Vegetabiliskt protein produkter och rätter,1.6,g
6303,Soja- och veteprotein nugget stekt,Summa enkelomättade fettsyror,Vegetabiliskt protein produkter och rätter,7.3,g
6303,Soja- och veteprotein nugget stekt,"Magnesium, Mg",Vegetabiliskt protein produkter och rätter,56.0,mg
6303,Soja- och veteprotein nugget stekt,Summa mättade fettsyror,Vegetabiliskt protein produkter och rätter,1.5,g
6303,Soja- och veteprotein nugget stekt,"Kolhydrater, tillgängliga",Vegetabiliskt protein produkter och rätter,13.0,g
6303,Soja- och veteprotein nugget stekt,Kolesterol,Vegetabiliskt protein produkter och rätter,0.6,mg
6303,Soja- och veteprotein nugget stekt,"Kalium, K",Vegetabiliskt protein produkter och rätter,289.0,mg
6303,Soja- och veteprotein nugget stekt,"Jod, I",Vegetabiliskt protein produkter och rätter,0.0,µg
6303,Soja- och veteprotein nugget stekt,Fullkorn totalt,Vegetabiliskt protein produkter och rätter,0.0,g
6303,Soja- och veteprotein nugget stekt,"Folat, totalt",Vegetabiliskt protein produkter och rätter,68.2,µg
6303,Soja- och veteprotein nugget stekt,Fibrer,Vegetabiliskt protein produkter och rätter,3.2,g
6303,Soja- och veteprotein nugget stekt,"Fett, totalt",Vegetabiliskt protein produkter och rätter,15.8,g
6303,Soja- och veteprotein nugget stekt,"Järn, Fe",Vegetabiliskt protein produkter och rätter,1.8,mg
6303,Soja- och veteprotein nugget stekt,Energi (kJ),Vegetabiliskt protein produkter och rätter,1133.0,kJ
6303,Soja- och veteprotein nugget stekt,Energi (kcal),Vegetabiliskt protein produkter och rätter,270.0,kcal
6303,Soja- och veteprotein nugget stekt,Disackarider,Vegetabiliskt protein produkter och rätter,1.3,g
6303,Soja- och veteprotein nugget stekt,"Kalcium, Ca",Vegetabiliskt protein produkter och rätter,55.0,mg
6303,Soja- och veteprotein nugget stekt,Fettsyra 4:0-10:0,Vegetabiliskt protein produkter och rätter,0.0,g
6303,Soja- och veteprotein nugget stekt,DHA (C22:6),Vegetabiliskt protein produkter och rätter,0.0,g
6303,Soja- och veteprotein nugget stekt,DPA (C22:5),Vegetabiliskt protein produkter och rätter,0.0,g
6303,Soja- och veteprotein nugget stekt,EPA (C20:5),Vegetabiliskt protein produkter och rätter,0.0,g
6303,Soja- och veteprotein nugget stekt,Arakidonsyra C20:4,Vegetabiliskt protein produkter och rätter,0.0,g
6303,Soja- och veteprotein nugget stekt,Arakidinsyra C20:0,Vegetabiliskt protein produkter och rätter,0.1,g
6303,Soja- och veteprotein nugget stekt,Linolensyra C18:3,Vegetabiliskt protein produkter och rätter,0.6,g
6303,Soja- och veteprotein nugget stekt,Linolsyra C18:2,Vegetabiliskt protein produkter och rätter,5.7,g
6303,Soja- och veteprotein nugget stekt,Oljesyra C18:1,Vegetabiliskt protein produkter och rätter,7.1,g
6303,Soja- och veteprotein nugget stekt,Stearinsyra C18:0,Vegetabiliskt protein produkter och rätter,0.4,g
6303,Soja- och veteprotein nugget stekt,Palmitoljesyra C16:1,Vegetabiliskt protein produkter och rätter,0.0,g
6303,Soja- och veteprotein nugget stekt,Palmitinsyra C16:0,Vegetabiliskt protein produkter och rätter,1.0,g
6303,Soja- och veteprotein nugget stekt,Myristinsyra C14:0,Vegetabiliskt protein produkter och rätter,0.0,g
6303,Soja- och veteprotein nugget stekt,Laurinsyra C12:0,Vegetabiliskt protein produkter och rätter,0.0,g
6303,Soja- och veteprotein nugget stekt,Betakaroten/β-Karoten,Vegetabiliskt protein produkter och rätter,11.0,µg
6303,Soja- och veteprotein nugget stekt,Avfall (skal etc.),Vegetabiliskt protein produkter och rätter,0.0,%
6303,Soja- och veteprotein nugget stekt,Aska,Vegetabiliskt protein produkter och rätter,2.5,g
6303,Soja- och veteprotein nugget stekt,Alkohol,Vegetabiliskt protein produkter och rätter,0.0,g
6304,Soja- och veteprotein nugget ugnsstekt,"Zink, Zn",Vegetabiliskt protein produkter och rätter,1.0,mg
6304,Soja- och veteprotein nugget ugnsstekt,Vitamin E,Vegetabiliskt protein produkter och rätter,5.9,mg
6304,Soja- och veteprotein nugget ugnsstekt,Vitamin D inkl 25-OH-D3,Vegetabiliskt protein produkter och rätter,0.0,µg
6304,Soja- och veteprotein nugget ugnsstekt,Vitamin D,Vegetabiliskt protein produkter och rätter,0.0,µg
6304,Soja- och veteprotein nugget ugnsstekt,Vitamin C,Vegetabiliskt protein produkter och rätter,3.2,mg
6304,Soja- och veteprotein nugget ugnsstekt,Vitamin B6,Vegetabiliskt protein produkter och rätter,0.1,mg
6304,Soja- och veteprotein nugget ugnsstekt,Vitamin B12,Vegetabiliskt protein produkter och rätter,0.0,µg
6304,Soja- och veteprotein nugget ugnsstekt,Vitamin A,Vegetabiliskt protein produkter och rätter,1.3,RE/µg
6304,Soja- och veteprotein nugget ugnsstekt,Vatten,Vegetabiliskt protein produkter och rätter,50.2,g
6304,Soja- och veteprotein nugget ugnsstekt,Tiamin,Vegetabiliskt protein produkter och rätter,0.09,mg
6304,Soja- och veteprotein nugget ugnsstekt,Tillsatt socker,Vegetabiliskt protein produkter och rätter,0.0,g
6304,Soja- och veteprotein nugget ugnsstekt,Fritt socker,Vegetabiliskt protein produkter och rätter,0.0,g
6304,Soja- och veteprotein nugget ugnsstekt,"Selen, Se",Vegetabiliskt protein produkter och rätter,12.1,µg
6304,Soja- och veteprotein nugget ugnsstekt,Sackaros,Vegetabiliskt protein produkter och rätter,0.4,g
6304,Soja- och veteprotein nugget ugnsstekt,Riboflavin,Vegetabiliskt protein produkter och rätter,0.12,mg
6304,Soja- och veteprotein nugget ugnsstekt,Retinol,Vegetabiliskt protein produkter och rätter,0.0,µg
6304,Soja- och veteprotein nugget ugnsstekt,Protein,Vegetabiliskt protein produkter och rätter,18.8,g
6304,Soja- och veteprotein nugget ugnsstekt,Summa fleromättade fettsyror,Vegetabiliskt protein produkter och rätter,5.2,g
6304,Soja- och veteprotein nugget ugnsstekt,"Fosfor, P",Vegetabiliskt protein produkter och rätter,162.0,mg
6304,Soja- och veteprotein nugget ugnsstekt,Niacinekvivalenter,Vegetabiliskt protein produkter och rätter,4.45,NE/mg
6304,Soja- och veteprotein nugget ugnsstekt,Niacin,Vegetabiliskt protein produkter och rätter,1.3,mg
6304,Soja- och veteprotein nugget ugnsstekt,"Salt, NaCl",Vegetabiliskt protein produkter och rätter,1.5,g
6304,Soja- och veteprotein nugget ugnsstekt,"Natrium, Na",Vegetabiliskt protein produkter och rätter,596.0,mg
6304,Soja- och veteprotein nugget ugnsstekt,Monosackarider,Vegetabiliskt protein produkter och rätter,0.4,g
6304,Soja- och veteprotein nugget ugnsstekt,"Sockerarter, totalt",Vegetabiliskt protein produkter och rätter,1.7,g
6304,Soja- och veteprotein nugget ugnsstekt,Summa enkelomättade fettsyror,Vegetabiliskt protein produkter och rätter,4.7,g
6304,Soja- och veteprotein nugget ugnsstekt,"Magnesium, Mg",Vegetabiliskt protein produkter och rätter,59.0,mg
6304,Soja- och veteprotein nugget ugnsstekt,Summa mättade fettsyror,Vegetabiliskt protein produkter och rätter,1.1,g
6304,Soja- och veteprotein nugget ugnsstekt,"Kolhydrater, tillgängliga",Vegetabiliskt protein produkter och rätter,13.6,g
6304,Soja- och veteprotein nugget ugnsstekt,Kolesterol,Vegetabiliskt protein produkter och rätter,0.6,mg
6304,Soja- och veteprotein nugget ugnsstekt,"Kalium, K",Vegetabiliskt protein produkter och rätter,303.0,mg
6304,Soja- och veteprotein nugget ugnsstekt,"Jod, I",Vegetabiliskt protein produkter och rätter,0.0,µg
6304,Soja- och veteprotein nugget ugnsstekt,Fullkorn totalt,Vegetabiliskt protein produkter och rätter,0.0,g
6304,Soja- och veteprotein nugget ugnsstekt,"Folat, totalt",Vegetabiliskt protein produkter och rätter,71.6,µg
6304,Soja- och veteprotein nugget ugnsstekt,Fibrer,Vegetabiliskt protein produkter och rätter,3.3,g
6304,Soja- och veteprotein nugget ugnsstekt,"Fett, totalt",Vegetabiliskt protein produkter och rätter,11.5,g
6304,Soja- och veteprotein nugget ugnsstekt,"Järn, Fe",Vegetabiliskt protein produkter och rätter,1.9,mg
6304,Soja- och veteprotein nugget ugnsstekt,Energi (kJ),Vegetabiliskt protein produkter och rätter,1003.0,kJ
6304,Soja- och veteprotein nugget ugnsstekt,Energi (kcal),Vegetabiliskt protein produkter och rätter,239.0,kcal
6304,Soja- och veteprotein nugget ugnsstekt,Disackarider,Vegetabiliskt protein produkter och rätter,1.3,g
6304,Soja- och veteprotein nugget ugnsstekt,"Kalcium, Ca",Vegetabiliskt protein produkter och rätter,58.0,mg
6304,Soja- och veteprotein nugget ugnsstekt,Fettsyra 4:0-10:0,Vegetabiliskt protein produkter och rätter,0.0,g
6304,Soja- och veteprotein nugget ugnsstekt,DHA (C22:6),Vegetabiliskt protein produkter och rätter,0.0,g
6304,Soja- och veteprotein nugget ugnsstekt,DPA (C22:5),Vegetabiliskt protein produkter och rätter,0.0,g
6304,Soja- och veteprotein nugget ugnsstekt,EPA (C20:5),Vegetabiliskt protein produkter och rätter,0.0,g
6304,Soja- och veteprotein nugget ugnsstekt,Arakidonsyra C20:4,Vegetabiliskt protein produkter och rätter,0.0,g
6304,Soja- och veteprotein nugget ugnsstekt,Arakidinsyra C20:0,Vegetabiliskt protein produkter och rätter,0.0,g
6304,Soja- och veteprotein nugget ugnsstekt,Linolensyra C18:3,Vegetabiliskt protein produkter och rätter,0.3,g
6304,Soja- och veteprotein nugget ugnsstekt,Linolsyra C18:2,Vegetabiliskt protein produkter och rätter,4.9,g
6304,Soja- och veteprotein nugget ugnsstekt,Oljesyra C18:1,Vegetabiliskt protein produkter och rätter,4.6,g
6304,Soja- och veteprotein nugget ugnsstekt,Stearinsyra C18:0,Vegetabiliskt protein produkter och rätter,0.3,g
6304,Soja- och veteprotein nugget ugnsstekt,Palmitoljesyra C16:1,Vegetabiliskt protein produkter och rätter,0.0,g
6304,Soja- och veteprotein nugget ugnsstekt,Palmitinsyra C16:0,Vegetabiliskt protein produkter och rätter,0.7,g
6304,Soja- och veteprotein nugget ugnsstekt,Myristinsyra C14:0,Vegetabiliskt protein produkter och rätter,0.0,g
6304,Soja- och veteprotein nugget ugnsstekt,Laurinsyra C12:0,Vegetabiliskt protein produkter och rätter,0.0,g
6304,Soja- och veteprotein nugget ugnsstekt,Betakaroten/β-Karoten,Vegetabiliskt protein produkter och rätter,12.0,µg
6304,Soja- och veteprotein nugget ugnsstekt,Avfall (skal etc.),Vegetabiliskt protein produkter och rätter,0.0,%
6304,Soja- och veteprotein nugget ugnsstekt,Aska,Vegetabiliskt protein produkter och rätter,2.6,g
6304,Soja- och veteprotein nugget ugnsstekt,Alkohol,Vegetabiliskt protein produkter och rätter,0.0,g
6305,Soja- och veteprotein nugget stekt berikad,"Zink, Zn",Vegetabiliskt protein produkter och rätter,1.0,mg
6305,Soja- och veteprotein nugget stekt berikad,Vitamin E,Vegetabiliskt protein produkter och rätter,7.0,mg
6305,Soja- och veteprotein nugget stekt berikad,Vitamin D inkl 25-OH-D3,Vegetabiliskt protein produkter och rätter,0.0,µg
6305,Soja- och veteprotein nugget stekt berikad,Vitamin D,Vegetabiliskt protein produkter och rätter,0.0,µg
6305,Soja- och veteprotein nugget stekt berikad,Vitamin C,Vegetabiliskt protein produkter och rätter,3.1,mg
6305,Soja- och veteprotein nugget stekt berikad,Vitamin B6,Vegetabiliskt protein produkter och rätter,0.0,mg
6305,Soja- och veteprotein nugget stekt berikad,Vitamin B12,Vegetabiliskt protein produkter och rätter,0.37,µg
6305,Soja- och veteprotein nugget stekt berikad,Vitamin A,Vegetabiliskt protein produkter och rätter,1.3,RE/µg
6305,Soja- och veteprotein nugget stekt berikad,Vatten,Vegetabiliskt protein produkter och rätter,47.8,g
6305,Soja- och veteprotein nugget stekt berikad,Tiamin,Vegetabiliskt protein produkter och rätter,0.09,mg
6305,Soja- och veteprotein nugget stekt berikad,Tillsatt socker,Vegetabiliskt protein produkter och rätter,0.0,g
6305,Soja- och veteprotein nugget stekt berikad,Fritt socker,Vegetabiliskt protein produkter och rätter,0.0,g
6305,Soja- och veteprotein nugget stekt berikad,"Selen, Se",Vegetabiliskt protein produkter och rätter,11.5,µg
6305,Soja- och veteprotein nugget stekt berikad,Sackaros,Vegetabiliskt protein produkter och rätter,0.4,g
6305,Soja- och veteprotein nugget stekt berikad,Riboflavin,Vegetabiliskt protein produkter och rätter,0.11,mg
6305,Soja- och veteprotein nugget stekt berikad,Retinol,Vegetabiliskt protein produkter och rätter,0.0,µg
6305,Soja- och veteprotein nugget stekt berikad,Protein,Vegetabiliskt protein produkter och rätter,17.9,g
6305,Soja- och veteprotein nugget stekt berikad,Summa fleromättade fettsyror,Vegetabiliskt protein produkter och rätter,6.3,g
6305,Soja- och veteprotein nugget stekt berikad,"Fosfor, P",Vegetabiliskt protein produkter och rätter,154.0,mg
6305,Soja- och veteprotein nugget stekt berikad,Niacinekvivalenter,Vegetabiliskt protein produkter och rätter,4.23,NE/mg
6305,Soja- och veteprotein nugget stekt berikad,Niacin,Vegetabiliskt protein produkter och rätter,1.24,mg
6305,Soja- och veteprotein nugget stekt berikad,"Salt, NaCl",Vegetabiliskt protein produkter och rätter,1.4,g
6305,Soja- och veteprotein nugget stekt berikad,"Natrium, Na",Vegetabiliskt protein produkter och rätter,567.0,mg
6305,Soja- och veteprotein nugget stekt berikad,Monosackarider,Vegetabiliskt protein produkter och rätter,0.4,g
6305,Soja- och veteprotein nugget stekt berikad,"Sockerarter, totalt",Vegetabiliskt protein produkter och rätter,1.6,g
6305,Soja- och veteprotein nugget stekt berikad,Summa enkelomättade fettsyror,Vegetabiliskt protein produkter och rätter,7.3,g
6305,Soja- och veteprotein nugget stekt berikad,"Magnesium, Mg",Vegetabiliskt protein produkter och rätter,56.0,mg
6305,Soja- och veteprotein nugget stekt berikad,Summa mättade fettsyror,Vegetabiliskt protein produkter och rätter,1.5,g
6305,Soja- och veteprotein nugget stekt berikad,"Kolhydrater, tillgängliga",Vegetabiliskt protein produkter och rätter,13.0,g
6305,Soja- och veteprotein nugget stekt berikad,Kolesterol,Vegetabiliskt protein produkter och rätter,0.6,mg
6305,Soja- och veteprotein nugget stekt berikad,"Kalium, K",Vegetabiliskt protein produkter och rätter,289.0,mg
6305,Soja- och veteprotein nugget stekt berikad,"Jod, I",Vegetabiliskt protein produkter och rätter,0.0,µg
6305,Soja- och veteprotein nugget stekt berikad,Fullkorn totalt,Vegetabiliskt protein produkter och rätter,0.0,g
6305,Soja- och veteprotein nugget stekt berikad,"Folat, totalt",Vegetabiliskt protein produkter och rätter,68.2,µg
6305,Soja- och veteprotein nugget stekt berikad,Fibrer,Vegetabiliskt protein produkter och rätter,3.2,g
6305,Soja- och veteprotein nugget stekt berikad,"Fett, totalt",Vegetabiliskt protein produkter och rätter,15.8,g
6305,Soja- och veteprotein nugget stekt berikad,"Järn, Fe",Vegetabiliskt protein produkter och rätter,2.0,mg
6305,Soja- och veteprotein nugget stekt berikad,Energi (kJ),Vegetabiliskt protein produkter och rätter,1133.0,kJ
6305,Soja- och veteprotein nugget stekt berikad,Energi (kcal),Vegetabiliskt protein produkter och rätter,270.0,kcal
6305,Soja- och veteprotein nugget stekt berikad,Disackarider,Vegetabiliskt protein produkter och rätter,1.3,g
6305,Soja- och veteprotein nugget stekt berikad,"Kalcium, Ca",Vegetabiliskt protein produkter och rätter,55.0,mg
6305,Soja- och veteprotein nugget stekt berikad,Fettsyra 4:0-10:0,Vegetabiliskt protein produkter och rätter,0.0,g
6305,Soja- och veteprotein nugget stekt berikad,DHA (C22:6),Vegetabiliskt protein produkter och rätter,0.0,g
6305,Soja- och veteprotein nugget stekt berikad,DPA (C22:5),Vegetabiliskt protein produkter och rätter,0.0,g
6305,Soja- och veteprotein nugget stekt berikad,EPA (C20:5),Vegetabiliskt protein produkter och rätter,0.0,g
6305,Soja- och veteprotein nugget stekt berikad,Arakidonsyra C20:4,Vegetabiliskt protein produkter och rätter,0.0,g
6305,Soja- och veteprotein nugget stekt berikad,Arakidinsyra C20:0,Vegetabiliskt protein produkter och rätter,0.1,g
6305,Soja- och veteprotein nugget stekt berikad,Linolensyra C18:3,Vegetabiliskt protein produkter och rätter,0.6,g
6305,Soja- och veteprotein nugget stekt berikad,Linolsyra C18:2,Vegetabiliskt protein produkter och rätter,5.7,g
6305,Soja- och veteprotein nugget stekt berikad,Oljesyra C18:1,Vegetabiliskt protein produkter och rätter,7.1,g
6305,Soja- och veteprotein nugget stekt berikad,Stearinsyra C18:0,Vegetabiliskt protein produkter och rätter,0.4,g
6305,Soja- och veteprotein nugget stekt berikad,Palmitoljesyra C16:1,Vegetabiliskt protein produkter och rätter,0.0,g
6305,Soja- och veteprotein nugget stekt berikad,Palmitinsyra C16:0,Vegetabiliskt protein produkter och rätter,1.0,g
6305,Soja- och veteprotein nugget stekt berikad,Myristinsyra C14:0,Vegetabiliskt protein produkter och rätter,0.0,g
6305,Soja- och veteprotein nugget stekt berikad,Laurinsyra C12:0,Vegetabiliskt protein produkter och rätter,0.0,g
6305,Soja- och veteprotein nugget stekt berikad,Betakaroten/β-Karoten,Vegetabiliskt protein produkter och rätter,11.0,µg
6305,Soja- och veteprotein nugget stekt berikad,Avfall (skal etc.),Vegetabiliskt protein produkter och rätter,0.0,%
6305,Soja- och veteprotein nugget stekt berikad,Aska,Vegetabiliskt protein produkter och rätter,2.5,g
6305,Soja- och veteprotein nugget stekt berikad,Alkohol,Vegetabiliskt protein produkter och rätter,0.0,g
6306,Soja- och veteprotein nugget ugnsstekt berikad,"Zink, Zn",Vegetabiliskt protein produkter och rätter,1.0,mg
6306,Soja- och veteprotein nugget ugnsstekt berikad,Vitamin E,Vegetabiliskt protein produkter och rätter,5.9,mg
6306,Soja- och veteprotein nugget ugnsstekt berikad,Vitamin D inkl 25-OH-D3,Vegetabiliskt protein produkter och rätter,0.0,µg
6306,Soja- och veteprotein nugget ugnsstekt berikad,Vitamin D,Vegetabiliskt protein produkter och rätter,0.0,µg
6306,Soja- och veteprotein nugget ugnsstekt berikad,Vitamin C,Vegetabiliskt protein produkter och rätter,3.2,mg
6306,Soja- och veteprotein nugget ugnsstekt berikad,Vitamin B6,Vegetabiliskt protein produkter och rätter,0.0,mg
6306,Soja- och veteprotein nugget ugnsstekt berikad,Vitamin B12,Vegetabiliskt protein produkter och rätter,0.38,µg
6306,Soja- och veteprotein nugget ugnsstekt berikad,Vitamin A,Vegetabiliskt protein produkter och rätter,1.3,RE/µg
6306,Soja- och veteprotein nugget ugnsstekt berikad,Vatten,Vegetabiliskt protein produkter och rätter,50.2,g
6306,Soja- och veteprotein nugget ugnsstekt berikad,Tiamin,Vegetabiliskt protein produkter och rätter,0.09,mg
6306,Soja- och veteprotein nugget ugnsstekt berikad,Tillsatt socker,Vegetabiliskt protein produkter och rätter,0.0,g
6306,Soja- och veteprotein nugget ugnsstekt berikad,Fritt socker,Vegetabiliskt protein produkter och rätter,0.0,g
6306,Soja- och veteprotein nugget ugnsstekt berikad,"Selen, Se",Vegetabiliskt protein produkter och rätter,12.1,µg
6306,Soja- och veteprotein nugget ugnsstekt berikad,Sackaros,Vegetabiliskt protein produkter och rätter,0.4,g
6306,Soja- och veteprotein nugget ugnsstekt berikad,Riboflavin,Vegetabiliskt protein produkter och rätter,0.12,mg
6306,Soja- och veteprotein nugget ugnsstekt berikad,Retinol,Vegetabiliskt protein produkter och rätter,0.0,µg
6306,Soja- och veteprotein nugget ugnsstekt berikad,Protein,Vegetabiliskt protein produkter och rätter,18.8,g
6306,Soja- och veteprotein nugget ugnsstekt berikad,Summa fleromättade fettsyror,Vegetabiliskt protein produkter och rätter,5.2,g
6306,Soja- och veteprotein nugget ugnsstekt berikad,"Fosfor, P",Vegetabiliskt protein produkter och rätter,162.0,mg
6306,Soja- och veteprotein nugget ugnsstekt berikad,Niacinekvivalenter,Vegetabiliskt protein produkter och rätter,4.45,NE/mg
6306,Soja- och veteprotein nugget ugnsstekt berikad,Niacin,Vegetabiliskt protein produkter och rätter,1.3,mg
6306,Soja- och veteprotein nugget ugnsstekt berikad,"Salt, NaCl",Vegetabiliskt protein produkter och rätter,1.5,g
6306,Soja- och veteprotein nugget ugnsstekt berikad,"Natrium, Na",Vegetabiliskt protein produkter och rätter,596.0,mg
6306,Soja- och veteprotein nugget ugnsstekt berikad,Monosackarider,Vegetabiliskt protein produkter och rätter,0.4,g
6306,Soja- och veteprotein nugget ugnsstekt berikad,"Sockerarter, totalt",Vegetabiliskt protein produkter och rätter,1.7,g
6306,Soja- och veteprotein nugget ugnsstekt berikad,Summa enkelomättade fettsyror,Vegetabiliskt protein produkter och rätter,4.7,g
6306,Soja- och veteprotein nugget ugnsstekt berikad,"Magnesium, Mg",Vegetabiliskt protein produkter och rätter,59.0,mg
6306,Soja- och veteprotein nugget ugnsstekt berikad,Summa mättade fettsyror,Vegetabiliskt protein produkter och rätter,1.1,g
6306,Soja- och veteprotein nugget ugnsstekt berikad,"Kolhydrater, tillgängliga",Vegetabiliskt protein produkter och rätter,13.6,g
6306,Soja- och veteprotein nugget ugnsstekt berikad,Kolesterol,Vegetabiliskt protein produkter och rätter,0.6,mg
6306,Soja- och veteprotein nugget ugnsstekt berikad,"Kalium, K",Vegetabiliskt protein produkter och rätter,303.0,mg
6306,Soja- och veteprotein nugget ugnsstekt berikad,"Jod, I",Vegetabiliskt protein produkter och rätter,0.0,µg
6306,Soja- och veteprotein nugget ugnsstekt berikad,Fullkorn totalt,Vegetabiliskt protein produkter och rätter,0.0,g
6306,Soja- och veteprotein nugget ugnsstekt berikad,"Folat, totalt",Vegetabiliskt protein produkter och rätter,71.6,µg
6306,Soja- och veteprotein nugget ugnsstekt berikad,Fibrer,Vegetabiliskt protein produkter och rätter,3.3,g
6306,Soja- och veteprotein nugget ugnsstekt berikad,"Fett, totalt",Vegetabiliskt protein produkter och rätter,11.5,g
6306,Soja- och veteprotein nugget ugnsstekt berikad,"Järn, Fe",Vegetabiliskt protein produkter och rätter,2.1,mg
6306,Soja- och veteprotein nugget ugnsstekt berikad,Energi (kJ),Vegetabiliskt protein produkter och rätter,1003.0,kJ
6306,Soja- och veteprotein nugget ugnsstekt berikad,Energi (kcal),Vegetabiliskt protein produkter och rätter,239.0,kcal
6306,Soja- och veteprotein nugget ugnsstekt berikad,Disackarider,Vegetabiliskt protein produkter och rätter,1.3,g
6306,Soja- och veteprotein nugget ugnsstekt berikad,"Kalcium, Ca",Vegetabiliskt protein produkter och rätter,58.0,mg
6306,Soja- och veteprotein nugget ugnsstekt berikad,Fettsyra 4:0-10:0,Vegetabiliskt protein produkter och rätter,0.0,g
6306,Soja- och veteprotein nugget ugnsstekt berikad,DHA (C22:6),Vegetabiliskt protein produkter och rätter,0.0,g
6306,Soja- och veteprotein nugget ugnsstekt berikad,DPA (C22:5),Vegetabiliskt protein produkter och rätter,0.0,g
6306,Soja- och veteprotein nugget ugnsstekt berikad,EPA (C20:5),Vegetabiliskt protein produkter och rätter,0.0,g
6306,Soja- och veteprotein nugget ugnsstekt berikad,Arakidonsyra C20:4,Vegetabiliskt protein produkter och rätter,0.0,g
6306,Soja- och veteprotein nugget ugnsstekt berikad,Arakidinsyra C20:0,Vegetabiliskt protein produkter och rätter,0.0,g
6306,Soja- och veteprotein nugget ugnsstekt berikad,Linolensyra C18:3,Vegetabiliskt protein produkter och rätter,0.3,g
6306,Soja- och veteprotein nugget ugnsstekt berikad,Linolsyra C18:2,Vegetabiliskt protein produkter och rätter,4.9,g
6306,Soja- och veteprotein nugget ugnsstekt berikad,Oljesyra C18:1,Vegetabiliskt protein produkter och rätter,4.6,g
6306,Soja- och veteprotein nugget ugnsstekt berikad,Stearinsyra C18:0,Vegetabiliskt protein produkter och rätter,0.3,g
6306,Soja- och veteprotein nugget ugnsstekt berikad,Palmitoljesyra C16:1,Vegetabiliskt protein produkter och rätter,0.0,g
6306,Soja- och veteprotein nugget ugnsstekt berikad,Palmitinsyra C16:0,Vegetabiliskt protein produkter och rätter,0.7,g
6306,Soja- och veteprotein nugget ugnsstekt berikad,Myristinsyra C14:0,Vegetabiliskt protein produkter och rätter,0.0,g
6306,Soja- och veteprotein nugget ugnsstekt berikad,Laurinsyra C12:0,Vegetabiliskt protein produkter och rätter,0.0,g
6306,Soja- och veteprotein nugget ugnsstekt berikad,Betakaroten/β-Karoten,Vegetabiliskt protein produkter och rätter,12.0,µg
6306,Soja- och veteprotein nugget ugnsstekt berikad,Avfall (skal etc.),Vegetabiliskt protein produkter och rätter,0.0,%
6306,Soja- och veteprotein nugget ugnsstekt berikad,Aska,Vegetabiliskt protein produkter och rätter,2.6,g
6306,Soja- och veteprotein nugget ugnsstekt berikad,Alkohol,Vegetabiliskt protein produkter och rätter,0.0,g
6307,Soja- och veteprotein baconimitation stekt,"Zink, Zn",Vegetabiliskt protein produkter och rätter,1.0,mg
6307,Soja- och veteprotein baconimitation stekt,Vitamin E,Vegetabiliskt protein produkter och rätter,5.6,mg
6307,Soja- och veteprotein baconimitation stekt,Vitamin D,Vegetabiliskt protein produkter och rätter,0.24,µg
6307,Soja- och veteprotein baconimitation stekt,Vitamin C,Vegetabiliskt protein produkter och rätter,1.6,mg
6307,Soja- och veteprotein baconimitation stekt,Vitamin B6,Vegetabiliskt protein produkter och rätter,0.11,mg
6307,Soja- och veteprotein baconimitation stekt,Vitamin B12,Vegetabiliskt protein produkter och rätter,0.0,µg
6307,Soja- och veteprotein baconimitation stekt,Vitamin A,Vegetabiliskt protein produkter och rätter,5.9,RE/µg
6307,Soja- och veteprotein baconimitation stekt,Vatten,Vegetabiliskt protein produkter och rätter,50.8,g
6307,Soja- och veteprotein baconimitation stekt,Tiamin,Vegetabiliskt protein produkter och rätter,7.99,mg
6307,Soja- och veteprotein baconimitation stekt,Tillsatt socker,Vegetabiliskt protein produkter och rätter,2.0,g
6307,Soja- och veteprotein baconimitation stekt,Fritt socker,Vegetabiliskt protein produkter och rätter,2.0,g
6307,Soja- och veteprotein baconimitation stekt,"Selen, Se",Vegetabiliskt protein produkter och rätter,10.1,µg
6307,Soja- och veteprotein baconimitation stekt,Sackaros,Vegetabiliskt protein produkter och rätter,0.2,g
6307,Soja- och veteprotein baconimitation stekt,Riboflavin,Vegetabiliskt protein produkter och rätter,0.23,mg
6307,Soja- och veteprotein baconimitation stekt,Retinol,Vegetabiliskt protein produkter och rätter,5.9,µg
6307,Soja- och veteprotein baconimitation stekt,Protein,Vegetabiliskt protein produkter och rätter,20.7,g
6307,Soja- och veteprotein baconimitation stekt,Summa fleromättade fettsyror,Vegetabiliskt protein produkter och rätter,4.4,g
6307,Soja- och veteprotein baconimitation stekt,"Fosfor, P",Vegetabiliskt protein produkter och rätter,169.0,mg
6307,Soja- och veteprotein baconimitation stekt,Niacinekvivalenter,Vegetabiliskt protein produkter och rätter,5.3,NE/mg
6307,Soja- och veteprotein baconimitation stekt,Niacin,Vegetabiliskt protein produkter och rätter,1.86,mg
6307,Soja- och veteprotein baconimitation stekt,"Salt, NaCl",Vegetabiliskt protein produkter och rätter,2.5,g
6307,Soja- och veteprotein baconimitation stekt,"Natrium, Na",Vegetabiliskt protein produkter och rätter,980.0,mg
6307,Soja- och veteprotein baconimitation stekt,Monosackarider,Vegetabiliskt protein produkter och rätter,0.3,g
6307,Soja- och veteprotein baconimitation stekt,"Sockerarter, totalt",Vegetabiliskt protein produkter och rätter,1.8,g
6307,Soja- och veteprotein baconimitation stekt,Summa enkelomättade fettsyror,Vegetabiliskt protein produkter och rätter,7.3,g
6307,Soja- och veteprotein baconimitation stekt,"Magnesium, Mg",Vegetabiliskt protein produkter och rätter,48.0,mg
6307,Soja- och veteprotein baconimitation stekt,Summa mättade fettsyror,Vegetabiliskt protein produkter och rätter,1.0,g
6307,Soja- och veteprotein baconimitation stekt,"Kolhydrater, tillgängliga",Vegetabiliskt protein produkter och rätter,7.1,g
6307,Soja- och veteprotein baconimitation stekt,Kolesterol,Vegetabiliskt protein produkter och rätter,1.1,mg
6307,Soja- och veteprotein baconimitation stekt,"Kalium, K",Vegetabiliskt protein produkter och rätter,710.0,mg
6307,Soja- och veteprotein baconimitation stekt,"Jod, I",Vegetabiliskt protein produkter och rätter,0.0,µg
6307,Soja- och veteprotein baconimitation stekt,Fullkorn totalt,Vegetabiliskt protein produkter och rätter,0.0,g
6307,Soja- och veteprotein baconimitation stekt,"Folat, totalt",Vegetabiliskt protein produkter och rätter,113.8,µg
6307,Soja- och veteprotein baconimitation stekt,Fibrer,Vegetabiliskt protein produkter och rätter,3.6,g
6307,Soja- och veteprotein baconimitation stekt,"Fett, totalt",Vegetabiliskt protein produkter och rätter,13.3,g
6307,Soja- och veteprotein baconimitation stekt,"Järn, Fe",Vegetabiliskt protein produkter och rätter,22.8,mg
6307,Soja- och veteprotein baconimitation stekt,Energi (kJ),Vegetabiliskt protein produkter och rätter,995.0,kJ
6307,Soja- och veteprotein baconimitation stekt,Energi (kcal),Vegetabiliskt protein produkter och rätter,238.0,kcal
6307,Soja- och veteprotein baconimitation stekt,Disackarider,Vegetabiliskt protein produkter och rätter,1.5,g
6307,Soja- och veteprotein baconimitation stekt,"Kalcium, Ca",Vegetabiliskt protein produkter och rätter,66.0,mg
6307,Soja- och veteprotein baconimitation stekt,Fettsyra 4:0-10:0,Vegetabiliskt protein produkter och rätter,0.0,g
6307,Soja- och veteprotein baconimitation stekt,DHA (C22:6),Vegetabiliskt protein produkter och rätter,0.0,g
6307,Soja- och veteprotein baconimitation stekt,DPA (C22:5),Vegetabiliskt protein produkter och rätter,0.0,g
6307,Soja- och veteprotein baconimitation stekt,EPA (C20:5),Vegetabiliskt protein produkter och rätter,0.0,g
6307,Soja- och veteprotein baconimitation stekt,Arakidonsyra C20:4,Vegetabiliskt protein produkter och rätter,0.0,g
6307,Soja- och veteprotein baconimitation stekt,Arakidinsyra C20:0,Vegetabiliskt protein produkter och rätter,0.1,g
6307,Soja- och veteprotein baconimitation stekt,Linolensyra C18:3,Vegetabiliskt protein produkter och rätter,0.7,g
6307,Soja- och veteprotein baconimitation stekt,Linolsyra C18:2,Vegetabiliskt protein produkter och rätter,3.7,g
6307,Soja- och veteprotein baconimitation stekt,Oljesyra C18:1,Vegetabiliskt protein produkter och rätter,7.1,g
6307,Soja- och veteprotein baconimitation stekt,Stearinsyra C18:0,Vegetabiliskt protein produkter och rätter,0.3,g
6307,Soja- och veteprotein baconimitation stekt,Palmitoljesyra C16:1,Vegetabiliskt protein produkter och rätter,0.0,g
6307,Soja- och veteprotein baconimitation stekt,Palmitinsyra C16:0,Vegetabiliskt protein produkter och rätter,0.7,g
6307,Soja- och veteprotein baconimitation stekt,Myristinsyra C14:0,Vegetabiliskt protein produkter och rätter,0.0,g
6307,Soja- och veteprotein baconimitation stekt,Laurinsyra C12:0,Vegetabiliskt protein produkter och rätter,0.0,g
6307,Soja- och veteprotein baconimitation stekt,Betakaroten/β-Karoten,Vegetabiliskt protein produkter och rätter,0.0,µg
6307,Soja- och veteprotein baconimitation stekt,Avfall (skal etc.),Vegetabiliskt protein produkter och rätter,0.0,%
6307,Soja- och veteprotein baconimitation stekt,Aska,Vegetabiliskt protein produkter och rätter,4.5,g
6307,Soja- och veteprotein baconimitation stekt,Alkohol,Vegetabiliskt protein produkter och rätter,0.0,g
6309,Soja- och veteprotein schnitzel stekt,"Zink, Zn",Vegetabiliskt protein produkter och rätter,0.7,mg
6309,Soja- och veteprotein schnitzel stekt,Vitamin E,Vegetabiliskt protein produkter och rätter,6.1,mg
6309,Soja- och veteprotein schnitzel stekt,Vitamin D inkl 25-OH-D3,Vegetabiliskt protein produkter och rätter,0.0,µg
6309,Soja- och veteprotein schnitzel stekt,Vitamin D,Vegetabiliskt protein produkter och rätter,0.0,µg
6309,Soja- och veteprotein schnitzel stekt,Vitamin C,Vegetabiliskt protein produkter och rätter,0.3,mg
6309,Soja- och veteprotein schnitzel stekt,Vitamin B6,Vegetabiliskt protein produkter och rätter,0.09,mg
6309,Soja- och veteprotein schnitzel stekt,Vitamin B12,Vegetabiliskt protein produkter och rätter,0.0,µg
6309,Soja- och veteprotein schnitzel stekt,Vitamin A,Vegetabiliskt protein produkter och rätter,10.4,RE/µg
6309,Soja- och veteprotein schnitzel stekt,Vatten,Vegetabiliskt protein produkter och rätter,48.4,g
6309,Soja- och veteprotein schnitzel stekt,Tiamin,Vegetabiliskt protein produkter och rätter,0.17,mg
6309,Soja- och veteprotein schnitzel stekt,Tillsatt socker,Vegetabiliskt protein produkter och rätter,2.0,g
6309,Soja- och veteprotein schnitzel stekt,Fritt socker,Vegetabiliskt protein produkter och rätter,2.0,g
6309,Soja- och veteprotein schnitzel stekt,"Selen, Se",Vegetabiliskt protein produkter och rätter,7.7,µg
6309,Soja- och veteprotein schnitzel stekt,Sackaros,Vegetabiliskt protein produkter och rätter,0.2,g
6309,Soja- och veteprotein schnitzel stekt,Riboflavin,Vegetabiliskt protein produkter och rätter,0.03,mg
6309,Soja- och veteprotein schnitzel stekt,Retinol,Vegetabiliskt protein produkter och rätter,6.1,µg
6309,Soja- och veteprotein schnitzel stekt,Protein,Vegetabiliskt protein produkter och rätter,12.4,g
6309,Soja- och veteprotein schnitzel stekt,Summa fleromättade fettsyror,Vegetabiliskt protein produkter och rätter,5.9,g
6309,Soja- och veteprotein schnitzel stekt,"Fosfor, P",Vegetabiliskt protein produkter och rätter,135.0,mg
6309,Soja- och veteprotein schnitzel stekt,Niacinekvivalenter,Vegetabiliskt protein produkter och rätter,3.08,NE/mg
6309,Soja- och veteprotein schnitzel stekt,Niacin,Vegetabiliskt protein produkter och rätter,1.04,mg
6309,Soja- och veteprotein schnitzel stekt,"Salt, NaCl",Vegetabiliskt protein produkter och rätter,1.3,g
6309,Soja- och veteprotein schnitzel stekt,"Natrium, Na",Vegetabiliskt protein produkter och rätter,519.0,mg
6309,Soja- och veteprotein schnitzel stekt,Monosackarider,Vegetabiliskt protein produkter och rätter,0.5,g
6309,Soja- och veteprotein schnitzel stekt,"Sockerarter, totalt",Vegetabiliskt protein produkter och rätter,1.7,g
6309,Soja- och veteprotein schnitzel stekt,Summa enkelomättade fettsyror,Vegetabiliskt protein produkter och rätter,8.6,g
6309,Soja- och veteprotein schnitzel stekt,"Magnesium, Mg",Vegetabiliskt protein produkter och rätter,38.0,mg
6309,Soja- och veteprotein schnitzel stekt,Summa mättade fettsyror,Vegetabiliskt protein produkter och rätter,1.9,g
6309,Soja- och veteprotein schnitzel stekt,"Kolhydrater, tillgängliga",Vegetabiliskt protein produkter och rätter,15.7,g
6309,Soja- och veteprotein schnitzel stekt,Kolesterol,Vegetabiliskt protein produkter och rätter,2.2,mg
6309,Soja- och veteprotein schnitzel stekt,"Kalium, K",Vegetabiliskt protein produkter och rätter,337.0,mg
6309,Soja- och veteprotein schnitzel stekt,"Jod, I",Vegetabiliskt protein produkter och rätter,0.0,µg
6309,Soja- och veteprotein schnitzel stekt,Fullkorn totalt,Vegetabiliskt protein produkter och rätter,0.0,g
6309,Soja- och veteprotein schnitzel stekt,"Folat, totalt",Vegetabiliskt protein produkter och rätter,57.6,µg
6309,Soja- och veteprotein schnitzel stekt,Fibrer,Vegetabiliskt protein produkter och rätter,3.8,g
6309,Soja- och veteprotein schnitzel stekt,"Fett, totalt",Vegetabiliskt protein produkter och rätter,17.1,g
6309,Soja- och veteprotein schnitzel stekt,"Järn, Fe",Vegetabiliskt protein produkter och rätter,1.3,mg
6309,Soja- och veteprotein schnitzel stekt,Energi (kJ),Vegetabiliskt protein produkter och rätter,1141.0,kJ
6309,Soja- och veteprotein schnitzel stekt,Energi (kcal),Vegetabiliskt protein produkter och rätter,272.0,kcal
6309,Soja- och veteprotein schnitzel stekt,Disackarider,Vegetabiliskt protein produkter och rätter,1.3,g
6309,Soja- och veteprotein schnitzel stekt,"Kalcium, Ca",Vegetabiliskt protein produkter och rätter,63.0,mg
6309,Soja- och veteprotein schnitzel stekt,Fettsyra 4:0-10:0,Vegetabiliskt protein produkter och rätter,0.1,g
6309,Soja- och veteprotein schnitzel stekt,DHA (C22:6),Vegetabiliskt protein produkter och rätter,0.0,g
6309,Soja- och veteprotein schnitzel stekt,DPA (C22:5),Vegetabiliskt protein produkter och rätter,0.0,g
6309,Soja- och veteprotein schnitzel stekt,EPA (C20:5),Vegetabiliskt protein produkter och rätter,0.0,g
6309,Soja- och veteprotein schnitzel stekt,Arakidonsyra C20:4,Vegetabiliskt protein produkter och rätter,0.0,g
6309,Soja- och veteprotein schnitzel stekt,Arakidinsyra C20:0,Vegetabiliskt protein produkter och rätter,0.1,g
6309,Soja- och veteprotein schnitzel stekt,Linolensyra C18:3,Vegetabiliskt protein produkter och rätter,0.8,g
6309,Soja- och veteprotein schnitzel stekt,Linolsyra C18:2,Vegetabiliskt protein produkter och rätter,5.1,g
6309,Soja- och veteprotein schnitzel stekt,Oljesyra C18:1,Vegetabiliskt protein produkter och rätter,8.3,g
6309,Soja- och veteprotein schnitzel stekt,Stearinsyra C18:0,Vegetabiliskt protein produkter och rätter,0.4,g
6309,Soja- och veteprotein schnitzel stekt,Palmitoljesyra C16:1,Vegetabiliskt protein produkter och rätter,0.1,g
6309,Soja- och veteprotein schnitzel stekt,Palmitinsyra C16:0,Vegetabiliskt protein produkter och rätter,1.2,g
6309,Soja- och veteprotein schnitzel stekt,Myristinsyra C14:0,Vegetabiliskt protein produkter och rätter,0.1,g
6309,Soja- och veteprotein schnitzel stekt,Laurinsyra C12:0,Vegetabiliskt protein produkter och rätter,0.0,g
6309,Soja- och veteprotein schnitzel stekt,Betakaroten/β-Karoten,Vegetabiliskt protein produkter och rätter,40.0,µg
6309,Soja- och veteprotein schnitzel stekt,Avfall (skal etc.),Vegetabiliskt protein produkter och rätter,0.0,%
6309,Soja- och veteprotein schnitzel stekt,Aska,Vegetabiliskt protein produkter och rätter,2.6,g
6309,Soja- och veteprotein schnitzel stekt,Alkohol,Vegetabiliskt protein produkter och rätter,0.0,g
6310,Soja- och veteprotein schnitzel ugnsstekt,"Zink, Zn",Vegetabiliskt protein produkter och rätter,0.7,mg
6310,Soja- och veteprotein schnitzel ugnsstekt,Vitamin E,Vegetabiliskt protein produkter och rätter,5.0,mg
6310,Soja- och veteprotein schnitzel ugnsstekt,Vitamin D inkl 25-OH-D3,Vegetabiliskt protein produkter och rätter,0.0,µg
6310,Soja- och veteprotein schnitzel ugnsstekt,Vitamin D,Vegetabiliskt protein produkter och rätter,0.0,µg
6310,Soja- och veteprotein schnitzel ugnsstekt,Vitamin C,Vegetabiliskt protein produkter och rätter,0.3,mg
6310,Soja- och veteprotein schnitzel ugnsstekt,Vitamin B6,Vegetabiliskt protein produkter och rätter,0.09,mg
6310,Soja- och veteprotein schnitzel ugnsstekt,Vitamin B12,Vegetabiliskt protein produkter och rätter,0.0,µg
6310,Soja- och veteprotein schnitzel ugnsstekt,Vitamin A,Vegetabiliskt protein produkter och rätter,10.9,RE/µg
6310,Soja- och veteprotein schnitzel ugnsstekt,Vatten,Vegetabiliskt protein produkter och rätter,50.9,g
6310,Soja- och veteprotein schnitzel ugnsstekt,Tiamin,Vegetabiliskt protein produkter och rätter,0.17,mg
6310,Soja- och veteprotein schnitzel ugnsstekt,Tillsatt socker,Vegetabiliskt protein produkter och rätter,2.0,g
6310,Soja- och veteprotein schnitzel ugnsstekt,Fritt socker,Vegetabiliskt protein produkter och rätter,2.0,g
6310,Soja- och veteprotein schnitzel ugnsstekt,"Selen, Se",Vegetabiliskt protein produkter och rätter,8.1,µg
6310,Soja- och veteprotein schnitzel ugnsstekt,Sackaros,Vegetabiliskt protein produkter och rätter,0.2,g
6310,Soja- och veteprotein schnitzel ugnsstekt,Riboflavin,Vegetabiliskt protein produkter och rätter,0.04,mg
6310,Soja- och veteprotein schnitzel ugnsstekt,Retinol,Vegetabiliskt protein produkter och rätter,6.4,µg
6310,Soja- och veteprotein schnitzel ugnsstekt,Protein,Vegetabiliskt protein produkter och rätter,13.0,g
6310,Soja- och veteprotein schnitzel ugnsstekt,Summa fleromättade fettsyror,Vegetabiliskt protein produkter och rätter,4.7,g
6310,Soja- och veteprotein schnitzel ugnsstekt,"Fosfor, P",Vegetabiliskt protein produkter och rätter,141.0,mg
6310,Soja- och veteprotein schnitzel ugnsstekt,Niacinekvivalenter,Vegetabiliskt protein produkter och rätter,3.23,NE/mg
6310,Soja- och veteprotein schnitzel ugnsstekt,Niacin,Vegetabiliskt protein produkter och rätter,1.09,mg
6310,Soja- och veteprotein schnitzel ugnsstekt,"Salt, NaCl",Vegetabiliskt protein produkter och rätter,1.4,g
6310,Soja- och veteprotein schnitzel ugnsstekt,"Natrium, Na",Vegetabiliskt protein produkter och rätter,546.0,mg
6310,Soja- och veteprotein schnitzel ugnsstekt,Monosackarider,Vegetabiliskt protein produkter och rätter,0.5,g
6310,Soja- och veteprotein schnitzel ugnsstekt,"Sockerarter, totalt",Vegetabiliskt protein produkter och rätter,1.8,g
6310,Soja- och veteprotein schnitzel ugnsstekt,Summa enkelomättade fettsyror,Vegetabiliskt protein produkter och rätter,6.1,g
6310,Soja- och veteprotein schnitzel ugnsstekt,"Magnesium, Mg",Vegetabiliskt protein produkter och rätter,40.0,mg
6310,Soja- och veteprotein schnitzel ugnsstekt,Summa mättade fettsyror,Vegetabiliskt protein produkter och rätter,1.5,g
6310,Soja- och veteprotein schnitzel ugnsstekt,"Kolhydrater, tillgängliga",Vegetabiliskt protein produkter och rätter,16.5,g
6310,Soja- och veteprotein schnitzel ugnsstekt,Kolesterol,Vegetabiliskt protein produkter och rätter,2.3,mg
6310,Soja- och veteprotein schnitzel ugnsstekt,"Kalium, K",Vegetabiliskt protein produkter och rätter,354.0,mg
6310,Soja- och veteprotein schnitzel ugnsstekt,"Jod, I",Vegetabiliskt protein produkter och rätter,0.0,µg
6310,Soja- och veteprotein schnitzel ugnsstekt,Fullkorn totalt,Vegetabiliskt protein produkter och rätter,0.0,g
6310,Soja- och veteprotein schnitzel ugnsstekt,"Folat, totalt",Vegetabiliskt protein produkter och rätter,60.5,µg
6310,Soja- och veteprotein schnitzel ugnsstekt,Fibrer,Vegetabiliskt protein produkter och rätter,3.9,g
6310,Soja- och veteprotein schnitzel ugnsstekt,"Fett, totalt",Vegetabiliskt protein produkter och rätter,12.9,g
6310,Soja- och veteprotein schnitzel ugnsstekt,"Järn, Fe",Vegetabiliskt protein produkter och rätter,1.3,mg
6310,Soja- och veteprotein schnitzel ugnsstekt,Energi (kJ),Vegetabiliskt protein produkter och rätter,1011.0,kJ
6310,Soja- och veteprotein schnitzel ugnsstekt,Energi (kcal),Vegetabiliskt protein produkter och rätter,241.0,kcal
6310,Soja- och veteprotein schnitzel ugnsstekt,Disackarider,Vegetabiliskt protein produkter och rätter,1.3,g
6310,Soja- och veteprotein schnitzel ugnsstekt,"Kalcium, Ca",Vegetabiliskt protein produkter och rätter,67.0,mg
6310,Soja- och veteprotein schnitzel ugnsstekt,Fettsyra 4:0-10:0,Vegetabiliskt protein produkter och rätter,0.1,g
6310,Soja- och veteprotein schnitzel ugnsstekt,DHA (C22:6),Vegetabiliskt protein produkter och rätter,0.0,g
6310,Soja- och veteprotein schnitzel ugnsstekt,DPA (C22:5),Vegetabiliskt protein produkter och rätter,0.0,g
6310,Soja- och veteprotein schnitzel ugnsstekt,EPA (C20:5),Vegetabiliskt protein produkter och rätter,0.0,g
6310,Soja- och veteprotein schnitzel ugnsstekt,Arakidonsyra C20:4,Vegetabiliskt protein produkter och rätter,0.0,g
6310,Soja- och veteprotein schnitzel ugnsstekt,Arakidinsyra C20:0,Vegetabiliskt protein produkter och rätter,0.1,g
6310,Soja- och veteprotein schnitzel ugnsstekt,Linolensyra C18:3,Vegetabiliskt protein produkter och rätter,0.5,g
6310,Soja- och veteprotein schnitzel ugnsstekt,Linolsyra C18:2,Vegetabiliskt protein produkter och rätter,4.3,g
6310,Soja- och veteprotein schnitzel ugnsstekt,Oljesyra C18:1,Vegetabiliskt protein produkter och rätter,5.9,g
6310,Soja- och veteprotein schnitzel ugnsstekt,Stearinsyra C18:0,Vegetabiliskt protein produkter och rätter,0.3,g
6310,Soja- och veteprotein schnitzel ugnsstekt,Palmitoljesyra C16:1,Vegetabiliskt protein produkter och rätter,0.0,g
6310,Soja- och veteprotein schnitzel ugnsstekt,Palmitinsyra C16:0,Vegetabiliskt protein produkter och rätter,0.9,g
6310,Soja- och veteprotein schnitzel ugnsstekt,Myristinsyra C14:0,Vegetabiliskt protein produkter och rätter,0.1,g
6310,Soja- och veteprotein schnitzel ugnsstekt,Laurinsyra C12:0,Vegetabiliskt protein produkter och rätter,0.0,g
6310,Soja- och veteprotein schnitzel ugnsstekt,Betakaroten/β-Karoten,Vegetabiliskt protein produkter och rätter,42.0,µg
6310,Soja- och veteprotein schnitzel ugnsstekt,Avfall (skal etc.),Vegetabiliskt protein produkter och rätter,0.0,%
6310,Soja- och veteprotein schnitzel ugnsstekt,Aska,Vegetabiliskt protein produkter och rätter,2.7,g
6310,Soja- och veteprotein schnitzel ugnsstekt,Alkohol,Vegetabiliskt protein produkter och rätter,0.0,g
6311,Soja- och veteprotein schnitzel stekt berikad,"Zink, Zn",Vegetabiliskt protein produkter och rätter,0.7,mg
6311,Soja- och veteprotein schnitzel stekt berikad,Vitamin E,Vegetabiliskt protein produkter och rätter,6.1,mg
6311,Soja- och veteprotein schnitzel stekt berikad,Vitamin D inkl 25-OH-D3,Vegetabiliskt protein produkter och rätter,0.0,µg
6311,Soja- och veteprotein schnitzel stekt berikad,Vitamin D,Vegetabiliskt protein produkter och rätter,0.0,µg
6311,Soja- och veteprotein schnitzel stekt berikad,Vitamin C,Vegetabiliskt protein produkter och rätter,0.3,mg
6311,Soja- och veteprotein schnitzel stekt berikad,Vitamin B6,Vegetabiliskt protein produkter och rätter,0.0,mg
6311,Soja- och veteprotein schnitzel stekt berikad,Vitamin B12,Vegetabiliskt protein produkter och rätter,0.37,µg
6311,Soja- och veteprotein schnitzel stekt berikad,Vitamin A,Vegetabiliskt protein produkter och rätter,4.3,RE/µg
6311,Soja- och veteprotein schnitzel stekt berikad,Vatten,Vegetabiliskt protein produkter och rätter,48.4,g
6311,Soja- och veteprotein schnitzel stekt berikad,Tiamin,Vegetabiliskt protein produkter och rätter,0.17,mg
6311,Soja- och veteprotein schnitzel stekt berikad,Tillsatt socker,Vegetabiliskt protein produkter och rätter,2.0,g
6311,Soja- och veteprotein schnitzel stekt berikad,Fritt socker,Vegetabiliskt protein produkter och rätter,2.0,g
6311,Soja- och veteprotein schnitzel stekt berikad,"Selen, Se",Vegetabiliskt protein produkter och rätter,7.7,µg
6311,Soja- och veteprotein schnitzel stekt berikad,Sackaros,Vegetabiliskt protein produkter och rätter,0.2,g
6311,Soja- och veteprotein schnitzel stekt berikad,Riboflavin,Vegetabiliskt protein produkter och rätter,0.03,mg
6311,Soja- och veteprotein schnitzel stekt berikad,Retinol,Vegetabiliskt protein produkter och rätter,0.0,µg
6311,Soja- och veteprotein schnitzel stekt berikad,Protein,Vegetabiliskt protein produkter och rätter,12.4,g
6311,Soja- och veteprotein schnitzel stekt berikad,Summa fleromättade fettsyror,Vegetabiliskt protein produkter och rätter,5.9,g
6311,Soja- och veteprotein schnitzel stekt berikad,"Fosfor, P",Vegetabiliskt protein produkter och rätter,135.0,mg
6311,Soja- och veteprotein schnitzel stekt berikad,Niacinekvivalenter,Vegetabiliskt protein produkter och rätter,3.08,NE/mg
6311,Soja- och veteprotein schnitzel stekt berikad,Niacin,Vegetabiliskt protein produkter och rätter,1.04,mg
6311,Soja- och veteprotein schnitzel stekt berikad,"Salt, NaCl",Vegetabiliskt protein produkter och rätter,1.3,g
6311,Soja- och veteprotein schnitzel stekt berikad,"Natrium, Na",Vegetabiliskt protein produkter och rätter,519.0,mg
6311,Soja- och veteprotein schnitzel stekt berikad,Monosackarider,Vegetabiliskt protein produkter och rätter,0.5,g
6311,Soja- och veteprotein schnitzel stekt berikad,"Sockerarter, totalt",Vegetabiliskt protein produkter och rätter,1.7,g
6311,Soja- och veteprotein schnitzel stekt berikad,Summa enkelomättade fettsyror,Vegetabiliskt protein produkter och rätter,8.6,g
6311,Soja- och veteprotein schnitzel stekt berikad,"Magnesium, Mg",Vegetabiliskt protein produkter och rätter,38.0,mg
6311,Soja- och veteprotein schnitzel stekt berikad,Summa mättade fettsyror,Vegetabiliskt protein produkter och rätter,1.9,g
6311,Soja- och veteprotein schnitzel stekt berikad,"Kolhydrater, tillgängliga",Vegetabiliskt protein produkter och rätter,15.7,g
6311,Soja- och veteprotein schnitzel stekt berikad,Kolesterol,Vegetabiliskt protein produkter och rätter,2.2,mg
6311,Soja- och veteprotein schnitzel stekt berikad,"Kalium, K",Vegetabiliskt protein produkter och rätter,337.0,mg
6311,Soja- och veteprotein schnitzel stekt berikad,"Jod, I",Vegetabiliskt protein produkter och rätter,0.0,µg
6311,Soja- och veteprotein schnitzel stekt berikad,Fullkorn totalt,Vegetabiliskt protein produkter och rätter,0.0,g
6311,Soja- och veteprotein schnitzel stekt berikad,"Folat, totalt",Vegetabiliskt protein produkter och rätter,57.6,µg
6311,Soja- och veteprotein schnitzel stekt berikad,Fibrer,Vegetabiliskt protein produkter och rätter,3.8,g
6311,Soja- och veteprotein schnitzel stekt berikad,"Fett, totalt",Vegetabiliskt protein produkter och rätter,17.1,g
6311,Soja- och veteprotein schnitzel stekt berikad,"Järn, Fe",Vegetabiliskt protein produkter och rätter,2.0,mg
6311,Soja- och veteprotein schnitzel stekt berikad,Energi (kJ),Vegetabiliskt protein produkter och rätter,1141.0,kJ
6311,Soja- och veteprotein schnitzel stekt berikad,Energi (kcal),Vegetabiliskt protein produkter och rätter,272.0,kcal
6311,Soja- och veteprotein schnitzel stekt berikad,Disackarider,Vegetabiliskt protein produkter och rätter,1.3,g
6311,Soja- och veteprotein schnitzel stekt berikad,"Kalcium, Ca",Vegetabiliskt protein produkter och rätter,63.0,mg
6311,Soja- och veteprotein schnitzel stekt berikad,Fettsyra 4:0-10:0,Vegetabiliskt protein produkter och rätter,0.1,g
6311,Soja- och veteprotein schnitzel stekt berikad,DHA (C22:6),Vegetabiliskt protein produkter och rätter,0.0,g
6311,Soja- och veteprotein schnitzel stekt berikad,DPA (C22:5),Vegetabiliskt protein produkter och rätter,0.0,g
6311,Soja- och veteprotein schnitzel stekt berikad,EPA (C20:5),Vegetabiliskt protein produkter och rätter,0.0,g
6311,Soja- och veteprotein schnitzel stekt berikad,Arakidonsyra C20:4,Vegetabiliskt protein produkter och rätter,0.0,g
6311,Soja- och veteprotein schnitzel stekt berikad,Arakidinsyra C20:0,Vegetabiliskt protein produkter och rätter,0.1,g
6311,Soja- och veteprotein schnitzel stekt berikad,Linolensyra C18:3,Vegetabiliskt protein produkter och rätter,0.8,g
6311,Soja- och veteprotein schnitzel stekt berikad,Linolsyra C18:2,Vegetabiliskt protein produkter och rätter,5.1,g
6311,Soja- och veteprotein schnitzel stekt berikad,Oljesyra C18:1,Vegetabiliskt protein produkter och rätter,8.3,g
6311,Soja- och veteprotein schnitzel stekt berikad,Stearinsyra C18:0,Vegetabiliskt protein produkter och rätter,0.4,g
6311,Soja- och veteprotein schnitzel stekt berikad,Palmitoljesyra C16:1,Vegetabiliskt protein produkter och rätter,0.1,g
6311,Soja- och veteprotein schnitzel stekt berikad,Palmitinsyra C16:0,Vegetabiliskt protein produkter och rätter,1.2,g
6311,Soja- och veteprotein schnitzel stekt berikad,Myristinsyra C14:0,Vegetabiliskt protein produkter och rätter,0.1,g
6311,Soja- och veteprotein schnitzel stekt berikad,Laurinsyra C12:0,Vegetabiliskt protein produkter och rätter,0.0,g
6311,Soja- och veteprotein schnitzel stekt berikad,Betakaroten/β-Karoten,Vegetabiliskt protein produkter och rätter,40.0,µg
6311,Soja- och veteprotein schnitzel stekt berikad,Avfall (skal etc.),Vegetabiliskt protein produkter och rätter,0.0,%
6311,Soja- och veteprotein schnitzel stekt berikad,Aska,Vegetabiliskt protein produkter och rätter,2.6,g
6311,Soja- och veteprotein schnitzel stekt berikad,Alkohol,Vegetabiliskt protein produkter och rätter,0.0,g
6312,Soja- och veteprotein schnitzel ugnsstekt berikad,"Zink, Zn",Vegetabiliskt protein produkter och rätter,0.8,mg
6312,Soja- och veteprotein schnitzel ugnsstekt berikad,Vitamin E,Vegetabiliskt protein produkter och rätter,5.5,mg
6312,Soja- och veteprotein schnitzel ugnsstekt berikad,Vitamin D inkl 25-OH-D3,Vegetabiliskt protein produkter och rätter,0.0,µg
6312,Soja- och veteprotein schnitzel ugnsstekt berikad,Vitamin D,Vegetabiliskt protein produkter och rätter,0.0,µg
6312,Soja- och veteprotein schnitzel ugnsstekt berikad,Vitamin C,Vegetabiliskt protein produkter och rätter,0.3,mg
6312,Soja- och veteprotein schnitzel ugnsstekt berikad,Vitamin B6,Vegetabiliskt protein produkter och rätter,0.0,mg
6312,Soja- och veteprotein schnitzel ugnsstekt berikad,Vitamin B12,Vegetabiliskt protein produkter och rätter,0.42,µg
6312,Soja- och veteprotein schnitzel ugnsstekt berikad,Vitamin A,Vegetabiliskt protein produkter och rätter,5.0,RE/µg
6312,Soja- och veteprotein schnitzel ugnsstekt berikad,Vatten,Vegetabiliskt protein produkter och rätter,45.8,g
6312,Soja- och veteprotein schnitzel ugnsstekt berikad,Tiamin,Vegetabiliskt protein produkter och rätter,0.19,mg
6312,Soja- och veteprotein schnitzel ugnsstekt berikad,Tillsatt socker,Vegetabiliskt protein produkter och rätter,2.0,g
6312,Soja- och veteprotein schnitzel ugnsstekt berikad,Fritt socker,Vegetabiliskt protein produkter och rätter,2.0,g
6312,Soja- och veteprotein schnitzel ugnsstekt berikad,"Selen, Se",Vegetabiliskt protein produkter och rätter,8.9,µg
6312,Soja- och veteprotein schnitzel ugnsstekt berikad,Sackaros,Vegetabiliskt protein produkter och rätter,0.2,g
6312,Soja- och veteprotein schnitzel ugnsstekt berikad,Riboflavin,Vegetabiliskt protein produkter och rätter,0.04,mg
6312,Soja- och veteprotein schnitzel ugnsstekt berikad,Retinol,Vegetabiliskt protein produkter och rätter,0.0,µg
6312,Soja- och veteprotein schnitzel ugnsstekt berikad,Protein,Vegetabiliskt protein produkter och rätter,14.4,g
6312,Soja- och veteprotein schnitzel ugnsstekt berikad,Summa fleromättade fettsyror,Vegetabiliskt protein produkter och rätter,5.2,g
6312,Soja- och veteprotein schnitzel ugnsstekt berikad,"Fosfor, P",Vegetabiliskt protein produkter och rätter,156.0,mg
6312,Soja- och veteprotein schnitzel ugnsstekt berikad,Niacinekvivalenter,Vegetabiliskt protein produkter och rätter,3.57,NE/mg
6312,Soja- och veteprotein schnitzel ugnsstekt berikad,Niacin,Vegetabiliskt protein produkter och rätter,1.2,mg
6312,Soja- och veteprotein schnitzel ugnsstekt berikad,"Salt, NaCl",Vegetabiliskt protein produkter och rätter,1.6,g
6312,Soja- och veteprotein schnitzel ugnsstekt berikad,"Natrium, Na",Vegetabiliskt protein produkter och rätter,602.0,mg
6312,Soja- och veteprotein schnitzel ugnsstekt berikad,Monosackarider,Vegetabiliskt protein produkter och rätter,0.6,g
6312,Soja- och veteprotein schnitzel ugnsstekt berikad,"Sockerarter, totalt",Vegetabiliskt protein produkter och rätter,2.0,g
6312,Soja- och veteprotein schnitzel ugnsstekt berikad,Summa enkelomättade fettsyror,Vegetabiliskt protein produkter och rätter,6.7,g
6312,Soja- och veteprotein schnitzel ugnsstekt berikad,"Magnesium, Mg",Vegetabiliskt protein produkter och rätter,45.0,mg
6312,Soja- och veteprotein schnitzel ugnsstekt berikad,Summa mättade fettsyror,Vegetabiliskt protein produkter och rätter,1.7,g
6312,Soja- och veteprotein schnitzel ugnsstekt berikad,"Kolhydrater, tillgängliga",Vegetabiliskt protein produkter och rätter,18.2,g
6312,Soja- och veteprotein schnitzel ugnsstekt berikad,Kolesterol,Vegetabiliskt protein produkter och rätter,2.6,mg
6312,Soja- och veteprotein schnitzel ugnsstekt berikad,"Kalium, K",Vegetabiliskt protein produkter och rätter,390.0,mg
6312,Soja- och veteprotein schnitzel ugnsstekt berikad,"Jod, I",Vegetabiliskt protein produkter och rätter,0.0,µg
6312,Soja- och veteprotein schnitzel ugnsstekt berikad,Fullkorn totalt,Vegetabiliskt protein produkter och rätter,0.0,g
6312,Soja- och veteprotein schnitzel ugnsstekt berikad,"Folat, totalt",Vegetabiliskt protein produkter och rätter,66.8,µg
6312,Soja- och veteprotein schnitzel ugnsstekt berikad,Fibrer,Vegetabiliskt protein produkter och rätter,4.3,g
6312,Soja- och veteprotein schnitzel ugnsstekt berikad,"Fett, totalt",Vegetabiliskt protein produkter och rätter,14.3,g
6312,Soja- och veteprotein schnitzel ugnsstekt berikad,"Järn, Fe",Vegetabiliskt protein produkter och rätter,2.3,mg
6312,Soja- och veteprotein schnitzel ugnsstekt berikad,Energi (kJ),Vegetabiliskt protein produkter och rätter,1116.0,kJ
6312,Soja- och veteprotein schnitzel ugnsstekt berikad,Energi (kcal),Vegetabiliskt protein produkter och rätter,266.0,kcal
6312,Soja- och veteprotein schnitzel ugnsstekt berikad,Disackarider,Vegetabiliskt protein produkter och rätter,1.4,g
6312,Soja- och veteprotein schnitzel ugnsstekt berikad,"Kalcium, Ca",Vegetabiliskt protein produkter och rätter,74.0,mg
6312,Soja- och veteprotein schnitzel ugnsstekt berikad,Fettsyra 4:0-10:0,Vegetabiliskt protein produkter och rätter,0.1,g
6312,Soja- och veteprotein schnitzel ugnsstekt berikad,DHA (C22:6),Vegetabiliskt protein produkter och rätter,0.0,g
6312,Soja- och veteprotein schnitzel ugnsstekt berikad,DPA (C22:5),Vegetabiliskt protein produkter och rätter,0.0,g
6312,Soja- och veteprotein schnitzel ugnsstekt berikad,EPA (C20:5),Vegetabiliskt protein produkter och rätter,0.0,g
6312,Soja- och veteprotein schnitzel ugnsstekt berikad,Arakidonsyra C20:4,Vegetabiliskt protein produkter och rätter,0.0,g
6312,Soja- och veteprotein schnitzel ugnsstekt berikad,Arakidinsyra C20:0,Vegetabiliskt protein produkter och rätter,0.1,g
6312,Soja- och veteprotein schnitzel ugnsstekt berikad,Linolensyra C18:3,Vegetabiliskt protein produkter och rätter,0.6,g
6312,Soja- och veteprotein schnitzel ugnsstekt berikad,Linolsyra C18:2,Vegetabiliskt protein produkter och rätter,4.7,g
6312,Soja- och veteprotein schnitzel ugnsstekt berikad,Oljesyra C18:1,Vegetabiliskt protein produkter och rätter,6.5,g
6312,Soja- och veteprotein schnitzel ugnsstekt berikad,Stearinsyra C18:0,Vegetabiliskt protein produkter och rätter,0.4,g
6312,Soja- och veteprotein schnitzel ugnsstekt berikad,Palmitoljesyra C16:1,Vegetabiliskt protein produkter och rätter,0.0,g
6312,Soja- och veteprotein schnitzel ugnsstekt berikad,Palmitinsyra C16:0,Vegetabiliskt protein produkter och rätter,1.0,g
6312,Soja- och veteprotein schnitzel ugnsstekt berikad,Myristinsyra C14:0,Vegetabiliskt protein produkter och rätter,0.1,g
6312,Soja- och veteprotein schnitzel ugnsstekt berikad,Laurinsyra C12:0,Vegetabiliskt protein produkter och rätter,0.0,g
6312,Soja- och veteprotein schnitzel ugnsstekt berikad,Betakaroten/β-Karoten,Vegetabiliskt protein produkter och rätter,47.0,µg
6312,Soja- och veteprotein schnitzel ugnsstekt berikad,Avfall (skal etc.),Vegetabiliskt protein produkter och rätter,0.0,%
6312,Soja- och veteprotein schnitzel ugnsstekt berikad,Aska,Vegetabiliskt protein produkter och rätter,3.0,g
6312,Soja- och veteprotein schnitzel ugnsstekt berikad,Alkohol,Vegetabiliskt protein produkter och rätter,0.0,g
6313,Mykoprotein schnitzel ugnsstekt,"Zink, Zn",Vegetabiliskt protein produkter och rätter,3.2,mg
6313,Mykoprotein schnitzel ugnsstekt,Vitamin E,Vegetabiliskt protein produkter och rätter,4.3,mg
6313,Mykoprotein schnitzel ugnsstekt,Vitamin D inkl 25-OH-D3,Vegetabiliskt protein produkter och rätter,0.0,µg
6313,Mykoprotein schnitzel ugnsstekt,Vitamin D,Vegetabiliskt protein produkter och rätter,0.0,µg
6313,Mykoprotein schnitzel ugnsstekt,Vitamin C,Vegetabiliskt protein produkter och rätter,1.4,mg
6313,Mykoprotein schnitzel ugnsstekt,Vitamin B6,Vegetabiliskt protein produkter och rätter,0.08,mg
6313,Mykoprotein schnitzel ugnsstekt,Vitamin B12,Vegetabiliskt protein produkter och rätter,0.34,µg
6313,Mykoprotein schnitzel ugnsstekt,Vitamin A,Vegetabiliskt protein produkter och rätter,34.0,RE/µg
6313,Mykoprotein schnitzel ugnsstekt,Vatten,Vegetabiliskt protein produkter och rätter,48.8,g
6313,Mykoprotein schnitzel ugnsstekt,Tiamin,Vegetabiliskt protein produkter och rätter,0.11,mg
6313,Mykoprotein schnitzel ugnsstekt,Tillsatt socker,Vegetabiliskt protein produkter och rätter,0.0,g
6313,Mykoprotein schnitzel ugnsstekt,Fritt socker,Vegetabiliskt protein produkter och rätter,0.0,g
6313,Mykoprotein schnitzel ugnsstekt,"Selen, Se",Vegetabiliskt protein produkter och rätter,0.0,µg
6313,Mykoprotein schnitzel ugnsstekt,Sackaros,Vegetabiliskt protein produkter och rätter,0.0,g
6313,Mykoprotein schnitzel ugnsstekt,Riboflavin,Vegetabiliskt protein produkter och rätter,0.23,mg
6313,Mykoprotein schnitzel ugnsstekt,Retinol,Vegetabiliskt protein produkter och rätter,31.7,µg
6313,Mykoprotein schnitzel ugnsstekt,Protein,Vegetabiliskt protein produkter och rätter,11.9,g
6313,Mykoprotein schnitzel ugnsstekt,Summa fleromättade fettsyror,Vegetabiliskt protein produkter och rätter,6.0,g
6313,Mykoprotein schnitzel ugnsstekt,"Fosfor, P",Vegetabiliskt protein produkter och rätter,202.0,mg
6313,Mykoprotein schnitzel ugnsstekt,Niacinekvivalenter,Vegetabiliskt protein produkter och rätter,3.66,NE/mg
6313,Mykoprotein schnitzel ugnsstekt,Niacin,Vegetabiliskt protein produkter och rätter,0.87,mg
6313,Mykoprotein schnitzel ugnsstekt,"Salt, NaCl",Vegetabiliskt protein produkter och rätter,1.2,g
6313,Mykoprotein schnitzel ugnsstekt,"Natrium, Na",Vegetabiliskt protein produkter och rätter,481.0,mg
6313,Mykoprotein schnitzel ugnsstekt,Monosackarider,Vegetabiliskt protein produkter och rätter,0.0,g
6313,Mykoprotein schnitzel ugnsstekt,"Sockerarter, totalt",Vegetabiliskt protein produkter och rätter,2.9,g
6313,Mykoprotein schnitzel ugnsstekt,Summa enkelomättade fettsyror,Vegetabiliskt protein produkter och rätter,6.1,g
6313,Mykoprotein schnitzel ugnsstekt,"Magnesium, Mg",Vegetabiliskt protein produkter och rätter,28.0,mg
6313,Mykoprotein schnitzel ugnsstekt,Summa mättade fettsyror,Vegetabiliskt protein produkter och rätter,4.2,g
6313,Mykoprotein schnitzel ugnsstekt,"Kolhydrater, tillgängliga",Vegetabiliskt protein produkter och rätter,17.7,g
6313,Mykoprotein schnitzel ugnsstekt,Kolesterol,Vegetabiliskt protein produkter och rätter,14.5,mg
6313,Mykoprotein schnitzel ugnsstekt,"Kalium, K",Vegetabiliskt protein produkter och rätter,96.0,mg
6313,Mykoprotein schnitzel ugnsstekt,"Jod, I",Vegetabiliskt protein produkter och rätter,0.0,µg
6313,Mykoprotein schnitzel ugnsstekt,Fullkorn totalt,Vegetabiliskt protein produkter och rätter,0.0,g
6313,Mykoprotein schnitzel ugnsstekt,"Folat, totalt",Vegetabiliskt protein produkter och rätter,53.3,µg
6313,Mykoprotein schnitzel ugnsstekt,Fibrer,Vegetabiliskt protein produkter och rätter,2.5,g
6313,Mykoprotein schnitzel ugnsstekt,"Fett, totalt",Vegetabiliskt protein produkter och rätter,17.1,g
6313,Mykoprotein schnitzel ugnsstekt,"Järn, Fe",Vegetabiliskt protein produkter och rätter,0.6,mg
6313,Mykoprotein schnitzel ugnsstekt,Energi (kJ),Vegetabiliskt protein produkter och rätter,1156.0,kJ
6313,Mykoprotein schnitzel ugnsstekt,Energi (kcal),Vegetabiliskt protein produkter och rätter,276.0,kcal
6313,Mykoprotein schnitzel ugnsstekt,Disackarider,Vegetabiliskt protein produkter och rätter,2.9,g
6313,Mykoprotein schnitzel ugnsstekt,"Kalcium, Ca",Vegetabiliskt protein produkter och rätter,192.0,mg
6313,Mykoprotein schnitzel ugnsstekt,Fettsyra 4:0-10:0,Vegetabiliskt protein produkter och rätter,0.4,g
6313,Mykoprotein schnitzel ugnsstekt,DHA (C22:6),Vegetabiliskt protein produkter och rätter,0.0,g
6313,Mykoprotein schnitzel ugnsstekt,DPA (C22:5),Vegetabiliskt protein produkter och rätter,0.0,g
6313,Mykoprotein schnitzel ugnsstekt,EPA (C20:5),Vegetabiliskt protein produkter och rätter,0.0,g
6313,Mykoprotein schnitzel ugnsstekt,Arakidonsyra C20:4,Vegetabiliskt protein produkter och rätter,0.0,g
6313,Mykoprotein schnitzel ugnsstekt,Arakidinsyra C20:0,Vegetabiliskt protein produkter och rätter,0.1,g
6313,Mykoprotein schnitzel ugnsstekt,Linolensyra C18:3,Vegetabiliskt protein produkter och rätter,0.4,g
6313,Mykoprotein schnitzel ugnsstekt,Linolsyra C18:2,Vegetabiliskt protein produkter och rätter,5.6,g
6313,Mykoprotein schnitzel ugnsstekt,Oljesyra C18:1,Vegetabiliskt protein produkter och rätter,5.9,g
6313,Mykoprotein schnitzel ugnsstekt,Stearinsyra C18:0,Vegetabiliskt protein produkter och rätter,0.8,g
6313,Mykoprotein schnitzel ugnsstekt,Palmitoljesyra C16:1,Vegetabiliskt protein produkter och rätter,0.1,g
6313,Mykoprotein schnitzel ugnsstekt,Palmitinsyra C16:0,Vegetabiliskt protein produkter och rätter,2.1,g
6313,Mykoprotein schnitzel ugnsstekt,Myristinsyra C14:0,Vegetabiliskt protein produkter och rätter,0.5,g
6313,Mykoprotein schnitzel ugnsstekt,Laurinsyra C12:0,Vegetabiliskt protein produkter och rätter,0.2,g
6313,Mykoprotein schnitzel ugnsstekt,Betakaroten/β-Karoten,Vegetabiliskt protein produkter och rätter,27.0,µg
6313,Mykoprotein schnitzel ugnsstekt,Avfall (skal etc.),Vegetabiliskt protein produkter och rätter,0.0,%
6313,Mykoprotein schnitzel ugnsstekt,Aska,Vegetabiliskt protein produkter och rätter,2.0,g
6313,Mykoprotein schnitzel ugnsstekt,Alkohol,Vegetabiliskt protein produkter och rätter,0.0,g
6314,Äggstanning,"Zink, Zn",Äggprodukter o rätter,0.8,mg
6314,Äggstanning,Vitamin E,Äggprodukter o rätter,2.3,mg
6314,Äggstanning,Vitamin D,Äggprodukter o rätter,0.9,µg
6314,Äggstanning,Vitamin C,Äggprodukter o rätter,0.4,mg
6314,Äggstanning,Vitamin B6,Äggprodukter o rätter,0.06,mg
6314,Äggstanning,Vitamin B12,Äggprodukter o rätter,0.83,µg
6314,Äggstanning,Vitamin A,Äggprodukter o rätter,104.5,RE/µg
6314,Äggstanning,Vatten,Äggprodukter o rätter,82.5,g
6314,Äggstanning,Tiamin,Äggprodukter o rätter,0.05,mg
6314,Äggstanning,Tillsatt socker,Äggprodukter o rätter,0.0,g
6314,Äggstanning,Fritt socker,Äggprodukter o rätter,0.0,g
6314,Äggstanning,"Selen, Se",Äggprodukter o rätter,10.3,µg
6314,Äggstanning,Sackaros,Äggprodukter o rätter,0.0,g
6314,Äggstanning,Riboflavin,Äggprodukter o rätter,0.24,mg
6314,Äggstanning,Retinol,Äggprodukter o rätter,103.8,µg
6314,Äggstanning,Protein,Äggprodukter o rätter,7.3,g
6314,Äggstanning,Summa fleromättade fettsyror,Äggprodukter o rätter,0.6,g
6314,Äggstanning,"Fosfor, P",Äggprodukter o rätter,169.0,mg
6314,Äggstanning,Niacinekvivalenter,Äggprodukter o rätter,1.9,NE/mg
6314,Äggstanning,Niacin,Äggprodukter o rätter,0.07,mg
6314,Äggstanning,"Salt, NaCl",Äggprodukter o rätter,0.9,g
6314,Äggstanning,"Natrium, Na",Äggprodukter o rätter,360.0,mg
6314,Äggstanning,Monosackarider,Äggprodukter o rätter,0.2,g
6314,Äggstanning,"Sockerarter, totalt",Äggprodukter o rätter,3.3,g
6314,Äggstanning,Summa enkelomättade fettsyror,Äggprodukter o rätter,1.9,g
6314,Äggstanning,"Magnesium, Mg",Äggprodukter o rätter,12.0,mg
6314,Äggstanning,Summa mättade fettsyror,Äggprodukter o rätter,1.8,g
6314,Äggstanning,"Kolhydrater, tillgängliga",Äggprodukter o rätter,3.3,g
6314,Äggstanning,Kolesterol,Äggprodukter o rätter,142.1,mg
6314,Äggstanning,"Kalium, K",Äggprodukter o rätter,161.0,mg
6314,Äggstanning,"Jod, I",Äggprodukter o rätter,67.2,µg
6314,Äggstanning,Fullkorn totalt,Äggprodukter o rätter,0.0,g
6314,Äggstanning,"Folat, totalt",Äggprodukter o rätter,27.2,µg
6314,Äggstanning,Fibrer,Äggprodukter o rätter,0.0,g
6314,Äggstanning,"Fett, totalt",Äggprodukter o rätter,5.1,g
6314,Äggstanning,"Järn, Fe",Äggprodukter o rätter,0.7,mg
6314,Äggstanning,Energi (kJ),Äggprodukter o rätter,371.0,kJ
6314,Äggstanning,Energi (kcal),Äggprodukter o rätter,88.0,kcal
6314,Äggstanning,Disackarider,Äggprodukter o rätter,3.1,g
6314,Äggstanning,"Kalcium, Ca",Äggprodukter o rätter,106.0,mg
6314,Äggstanning,Fettsyra 4:0-10:0,Äggprodukter o rätter,0.1,g
6314,Äggstanning,DHA (C22:6),Äggprodukter o rätter,0.0,g
6314,Äggstanning,DPA (C22:5),Äggprodukter o rätter,0.0,g
6314,Äggstanning,EPA (C20:5),Äggprodukter o rätter,0.0,g
6314,Äggstanning,Arakidonsyra C20:4,Äggprodukter o rätter,0.1,g
6314,Äggstanning,Arakidinsyra C20:0,Äggprodukter o rätter,0.0,g
6314,Äggstanning,Linolensyra C18:3,Äggprodukter o rätter,0.0,g
6314,Äggstanning,Linolsyra C18:2,Äggprodukter o rätter,0.5,g
6314,Äggstanning,Oljesyra C18:1,Äggprodukter o rätter,1.7,g
6314,Äggstanning,Stearinsyra C18:0,Äggprodukter o rätter,0.4,g
6314,Äggstanning,Palmitoljesyra C16:1,Äggprodukter o rätter,0.1,g
6314,Äggstanning,Palmitinsyra C16:0,Äggprodukter o rätter,1.1,g
6314,Äggstanning,Myristinsyra C14:0,Äggprodukter o rätter,0.1,g
6314,Äggstanning,Laurinsyra C12:0,Äggprodukter o rätter,0.0,g
6314,Äggstanning,Betakaroten/β-Karoten,Äggprodukter o rätter,7.0,µg
6314,Äggstanning,Avfall (skal etc.),Äggprodukter o rätter,4.0,%
6314,Äggstanning,Aska,Äggprodukter o rätter,1.5,g
6314,Äggstanning,Alkohol,Äggprodukter o rätter,0.0,g
6330,Jams kokt u. salt,"Zink, Zn",Rotfrukter,0.3,mg
6330,Jams kokt u. salt,Vitamin E,Rotfrukter,0.3,mg
6330,Jams kokt u. salt,Vitamin D inkl 25-OH-D3,Rotfrukter,0.0,µg
6330,Jams kokt u. salt,Vitamin D,Rotfrukter,0.0,µg
6330,Jams kokt u. salt,Vitamin C,Rotfrukter,12.0,mg
6330,Jams kokt u. salt,Vitamin B6,Rotfrukter,0.23,mg
6330,Jams kokt u. salt,Vitamin B12,Rotfrukter,0.0,µg
6330,Jams kokt u. salt,Vitamin A,Rotfrukter,6.1,RE/µg
6330,Jams kokt u. salt,Vatten,Rotfrukter,67.9,g
6330,Jams kokt u. salt,Tiamin,Rotfrukter,0.1,mg
6330,Jams kokt u. salt,Tillsatt socker,Rotfrukter,0.0,g
6330,Jams kokt u. salt,Fritt socker,Rotfrukter,0.0,g
6330,Jams kokt u. salt,"Selen, Se",Rotfrukter,1.0,µg
6330,Jams kokt u. salt,Sackaros,Rotfrukter,1.9,g
6330,Jams kokt u. salt,Riboflavin,Rotfrukter,0.03,mg
6330,Jams kokt u. salt,Retinol,Rotfrukter,0.0,µg
6330,Jams kokt u. salt,Protein,Rotfrukter,1.6,g
6330,Jams kokt u. salt,Summa fleromättade fettsyror,Rotfrukter,0.1,g
6330,Jams kokt u. salt,"Fosfor, P",Rotfrukter,34.0,mg
6330,Jams kokt u. salt,Niacinekvivalenter,Rotfrukter,0.9,NE/mg
6330,Jams kokt u. salt,Niacin,Rotfrukter,0.6,mg
6330,Jams kokt u. salt,"Salt, NaCl",Rotfrukter,0.0,g
6330,Jams kokt u. salt,"Natrium, Na",Rotfrukter,0.0,mg
6330,Jams kokt u. salt,Monosackarider,Rotfrukter,0.0,g
6330,Jams kokt u. salt,"Sockerarter, totalt",Rotfrukter,1.9,g
6330,Jams kokt u. salt,Summa enkelomättade fettsyror,Rotfrukter,0.0,g
6330,Jams kokt u. salt,"Magnesium, Mg",Rotfrukter,16.0,mg
6330,Jams kokt u. salt,Summa mättade fettsyror,Rotfrukter,0.0,g
6330,Jams kokt u. salt,"Kolhydrater, tillgängliga",Rotfrukter,27.4,g
6330,Jams kokt u. salt,Kolesterol,Rotfrukter,0.0,mg
6330,Jams kokt u. salt,"Kalium, K",Rotfrukter,271.0,mg
6330,Jams kokt u. salt,"Jod, I",Rotfrukter,1.0,µg
6330,Jams kokt u. salt,Fullkorn totalt,Rotfrukter,0.0,g
6330,Jams kokt u. salt,"Folat, totalt",Rotfrukter,16.0,µg
6330,Jams kokt u. salt,Fibrer,Rotfrukter,2.3,g
6330,Jams kokt u. salt,"Fett, totalt",Rotfrukter,0.2,g
6330,Jams kokt u. salt,"Järn, Fe",Rotfrukter,0.3,mg
6330,Jams kokt u. salt,Energi (kJ),Rotfrukter,518.0,kJ
6330,Jams kokt u. salt,Energi (kcal),Rotfrukter,124.0,kcal
6330,Jams kokt u. salt,Disackarider,Rotfrukter,1.9,g
6330,Jams kokt u. salt,"Kalcium, Ca",Rotfrukter,3.0,mg
6330,Jams kokt u. salt,Fettsyra 4:0-10:0,Rotfrukter,0.0,g
6330,Jams kokt u. salt,DHA (C22:6),Rotfrukter,0.0,g
6330,Jams kokt u. salt,DPA (C22:5),Rotfrukter,0.0,g
6330,Jams kokt u. salt,EPA (C20:5),Rotfrukter,0.0,g
6330,Jams kokt u. salt,Arakidonsyra C20:4,Rotfrukter,0.0,g
6330,Jams kokt u. salt,Arakidinsyra C20:0,Rotfrukter,0.0,g
6330,Jams kokt u. salt,Linolensyra C18:3,Rotfrukter,0.0,g
6330,Jams kokt u. salt,Linolsyra C18:2,Rotfrukter,0.1,g
6330,Jams kokt u. salt,Oljesyra C18:1,Rotfrukter,0.0,g
6330,Jams kokt u. salt,Stearinsyra C18:0,Rotfrukter,0.0,g
6330,Jams kokt u. salt,Palmitoljesyra C16:1,Rotfrukter,0.0,g
6330,Jams kokt u. salt,Palmitinsyra C16:0,Rotfrukter,0.0,g
6330,Jams kokt u. salt,Myristinsyra C14:0,Rotfrukter,0.0,g
6330,Jams kokt u. salt,Laurinsyra C12:0,Rotfrukter,0.0,g
6330,Jams kokt u. salt,Betakaroten/β-Karoten,Rotfrukter,73.0,µg
6330,Jams kokt u. salt,Avfall (skal etc.),Rotfrukter,0.0,%
6330,Jams kokt u. salt,Aska,Rotfrukter,0.6,g
6330,Jams kokt u. salt,Alkohol,Rotfrukter,0.0,g
6333,Vindruvor gröna,"Zink, Zn",Frukt färsk fryst,0.0,mg
6333,Vindruvor gröna,Vitamin E,Frukt färsk fryst,0.1,mg
6333,Vindruvor gröna,Vitamin D inkl 25-OH-D3,Frukt färsk fryst,0.0,µg
6333,Vindruvor gröna,Vitamin D,Frukt färsk fryst,0.0,µg
6333,Vindruvor gröna,Vitamin C,Frukt färsk fryst,2.0,mg
6333,Vindruvor gröna,Vitamin B6,Frukt färsk fryst,0.04,mg
6333,Vindruvor gröna,Vitamin B12,Frukt färsk fryst,0.0,µg
6333,Vindruvor gröna,Vitamin A,Frukt färsk fryst,0.0,RE/µg
6333,Vindruvor gröna,Vatten,Frukt färsk fryst,82.7,g
6333,Vindruvor gröna,Tiamin,Frukt färsk fryst,0.04,mg
6333,Vindruvor gröna,Tillsatt socker,Frukt färsk fryst,0.0,g
6333,Vindruvor gröna,Fritt socker,Frukt färsk fryst,0.0,g
6333,Vindruvor gröna,"Selen, Se",Frukt färsk fryst,0.0,µg
6333,Vindruvor gröna,Sackaros,Frukt färsk fryst,0.0,g
6333,Vindruvor gröna,Riboflavin,Frukt färsk fryst,0.01,mg
6333,Vindruvor gröna,Retinol,Frukt färsk fryst,0.0,µg
6333,Vindruvor gröna,Protein,Frukt färsk fryst,0.7,g
6333,Vindruvor gröna,Summa fleromättade fettsyror,Frukt färsk fryst,0.0,g
6333,Vindruvor gröna,"Fosfor, P",Frukt färsk fryst,19.0,mg
6333,Vindruvor gröna,Niacinekvivalenter,Frukt färsk fryst,0.3,NE/mg
6333,Vindruvor gröna,Niacin,Frukt färsk fryst,0.2,mg
6333,Vindruvor gröna,"Salt, NaCl",Frukt färsk fryst,0.0,g
6333,Vindruvor gröna,"Natrium, Na",Frukt färsk fryst,1.0,mg
6333,Vindruvor gröna,Monosackarider,Frukt färsk fryst,15.2,g
6333,Vindruvor gröna,"Sockerarter, totalt",Frukt färsk fryst,15.2,g
6333,Vindruvor gröna,Summa enkelomättade fettsyror,Frukt färsk fryst,0.0,g
6333,Vindruvor gröna,"Magnesium, Mg",Frukt färsk fryst,6.0,mg
6333,Vindruvor gröna,Summa mättade fettsyror,Frukt färsk fryst,0.1,g
6333,Vindruvor gröna,"Kolhydrater, tillgängliga",Frukt färsk fryst,14.7,g
6333,Vindruvor gröna,Kolesterol,Frukt färsk fryst,0.0,mg
6333,Vindruvor gröna,"Kalium, K",Frukt färsk fryst,217.0,mg
6333,Vindruvor gröna,"Jod, I",Frukt färsk fryst,1.0,µg
6333,Vindruvor gröna,Fullkorn totalt,Frukt färsk fryst,0.0,g
6333,Vindruvor gröna,"Folat, totalt",Frukt färsk fryst,6.0,µg
6333,Vindruvor gröna,Fibrer,Frukt färsk fryst,1.2,g
6333,Vindruvor gröna,"Fett, totalt",Frukt färsk fryst,0.2,g
6333,Vindruvor gröna,"Järn, Fe",Frukt färsk fryst,0.2,mg
6333,Vindruvor gröna,Energi (kJ),Frukt färsk fryst,279.0,kJ
6333,Vindruvor gröna,Energi (kcal),Frukt färsk fryst,67.0,kcal
6333,Vindruvor gröna,Disackarider,Frukt färsk fryst,0.0,g
6333,Vindruvor gröna,"Kalcium, Ca",Frukt färsk fryst,8.0,mg
6333,Vindruvor gröna,Fettsyra 4:0-10:0,Frukt färsk fryst,0.0,g
6333,Vindruvor gröna,DHA (C22:6),Frukt färsk fryst,0.0,g
6333,Vindruvor gröna,DPA (C22:5),Frukt färsk fryst,0.0,g
6333,Vindruvor gröna,EPA (C20:5),Frukt färsk fryst,0.0,g
6333,Vindruvor gröna,Arakidonsyra C20:4,Frukt färsk fryst,0.0,g
6333,Vindruvor gröna,Arakidinsyra C20:0,Frukt färsk fryst,0.0,g
6333,Vindruvor gröna,Linolensyra C18:3,Frukt färsk fryst,0.0,g
6333,Vindruvor gröna,Linolsyra C18:2,Frukt färsk fryst,0.0,g
6333,Vindruvor gröna,Oljesyra C18:1,Frukt färsk fryst,0.0,g
6333,Vindruvor gröna,Stearinsyra C18:0,Frukt färsk fryst,0.0,g
6333,Vindruvor gröna,Palmitoljesyra C16:1,Frukt färsk fryst,0.0,g
6333,Vindruvor gröna,Palmitinsyra C16:0,Frukt färsk fryst,0.1,g
6333,Vindruvor gröna,Myristinsyra C14:0,Frukt färsk fryst,0.0,g
6333,Vindruvor gröna,Laurinsyra C12:0,Frukt färsk fryst,0.0,g
6333,Vindruvor gröna,Betakaroten/β-Karoten,Frukt färsk fryst,0.0,µg
6333,Vindruvor gröna,Avfall (skal etc.),Frukt färsk fryst,4.0,%
6333,Vindruvor gröna,Aska,Frukt färsk fryst,0.5,g
6333,Vindruvor gröna,Alkohol,Frukt färsk fryst,0.0,g
6334,Vindruvor röda,"Zink, Zn",Frukt färsk fryst,0.0,mg
6334,Vindruvor röda,Vitamin E,Frukt färsk fryst,0.2,mg
6334,Vindruvor röda,Vitamin D inkl 25-OH-D3,Frukt färsk fryst,0.0,µg
6334,Vindruvor röda,Vitamin D,Frukt färsk fryst,0.0,µg
6334,Vindruvor röda,Vitamin C,Frukt färsk fryst,3.0,mg
6334,Vindruvor röda,Vitamin B6,Frukt färsk fryst,0.04,mg
6334,Vindruvor röda,Vitamin B12,Frukt färsk fryst,0.0,µg
6334,Vindruvor röda,Vitamin A,Frukt färsk fryst,1.2,RE/µg
6334,Vindruvor röda,Vatten,Frukt färsk fryst,81.1,g
6334,Vindruvor röda,Tiamin,Frukt färsk fryst,0.09,mg
6334,Vindruvor röda,Tillsatt socker,Frukt färsk fryst,0.0,g
6334,Vindruvor röda,Fritt socker,Frukt färsk fryst,0.0,g
6334,Vindruvor röda,"Selen, Se",Frukt färsk fryst,0.0,µg
6334,Vindruvor röda,Sackaros,Frukt färsk fryst,0.0,g
6334,Vindruvor röda,Riboflavin,Frukt färsk fryst,0.01,mg
6334,Vindruvor röda,Retinol,Frukt färsk fryst,0.0,µg
6334,Vindruvor röda,Protein,Frukt färsk fryst,0.6,g
6334,Vindruvor röda,Summa fleromättade fettsyror,Frukt färsk fryst,0.0,g
6334,Vindruvor röda,"Fosfor, P",Frukt färsk fryst,18.0,mg
6334,Vindruvor röda,Niacinekvivalenter,Frukt färsk fryst,0.3,NE/mg
6334,Vindruvor röda,Niacin,Frukt färsk fryst,0.2,mg
6334,Vindruvor röda,"Salt, NaCl",Frukt färsk fryst,0.0,g
6334,Vindruvor röda,"Natrium, Na",Frukt färsk fryst,1.0,mg
6334,Vindruvor röda,Monosackarider,Frukt färsk fryst,17.0,g
6334,Vindruvor röda,"Sockerarter, totalt",Frukt färsk fryst,17.0,g
6334,Vindruvor röda,Summa enkelomättade fettsyror,Frukt färsk fryst,0.0,g
6334,Vindruvor röda,"Magnesium, Mg",Frukt färsk fryst,7.0,mg
6334,Vindruvor röda,Summa mättade fettsyror,Frukt färsk fryst,0.0,g
6334,Vindruvor röda,"Kolhydrater, tillgängliga",Frukt färsk fryst,16.4,g
6334,Vindruvor röda,Kolesterol,Frukt färsk fryst,0.0,mg
6334,Vindruvor röda,"Kalium, K",Frukt färsk fryst,213.0,mg
6334,Vindruvor röda,"Jod, I",Frukt färsk fryst,1.0,µg
6334,Vindruvor röda,Fullkorn totalt,Frukt färsk fryst,0.0,g
6334,Vindruvor röda,"Folat, totalt",Frukt färsk fryst,6.0,µg
6334,Vindruvor röda,Fibrer,Frukt färsk fryst,1.3,g
6334,Vindruvor röda,"Fett, totalt",Frukt färsk fryst,0.1,g
6334,Vindruvor röda,"Järn, Fe",Frukt färsk fryst,0.2,mg
6334,Vindruvor röda,Energi (kJ),Frukt färsk fryst,302.0,kJ
6334,Vindruvor röda,Energi (kcal),Frukt färsk fryst,72.0,kcal
6334,Vindruvor röda,Disackarider,Frukt färsk fryst,0.0,g
6334,Vindruvor röda,"Kalcium, Ca",Frukt färsk fryst,11.0,mg
6334,Vindruvor röda,Fettsyra 4:0-10:0,Frukt färsk fryst,0.0,g
6334,Vindruvor röda,DHA (C22:6),Frukt färsk fryst,0.0,g
6334,Vindruvor röda,DPA (C22:5),Frukt färsk fryst,0.0,g
6334,Vindruvor röda,EPA (C20:5),Frukt färsk fryst,0.0,g
6334,Vindruvor röda,Arakidonsyra C20:4,Frukt färsk fryst,0.0,g
6334,Vindruvor röda,Arakidinsyra C20:0,Frukt färsk fryst,0.0,g
6334,Vindruvor röda,Linolensyra C18:3,Frukt färsk fryst,0.1,g
6334,Vindruvor röda,Linolsyra C18:2,Frukt färsk fryst,0.0,g
6334,Vindruvor röda,Oljesyra C18:1,Frukt färsk fryst,0.0,g
6334,Vindruvor röda,Stearinsyra C18:0,Frukt färsk fryst,0.0,g
6334,Vindruvor röda,Palmitoljesyra C16:1,Frukt färsk fryst,0.0,g
6334,Vindruvor röda,Palmitinsyra C16:0,Frukt färsk fryst,0.0,g
6334,Vindruvor röda,Myristinsyra C14:0,Frukt färsk fryst,0.0,g
6334,Vindruvor röda,Laurinsyra C12:0,Frukt färsk fryst,0.0,g
6334,Vindruvor röda,Betakaroten/β-Karoten,Frukt färsk fryst,14.0,µg
6334,Vindruvor röda,Avfall (skal etc.),Frukt färsk fryst,4.0,%
6334,Vindruvor röda,Aska,Frukt färsk fryst,0.5,g
6334,Vindruvor röda,Alkohol,Frukt färsk fryst,0.0,g
6336,Dressing hamburgerdressing lätt fett 28 %,"Zink, Zn",Sås dressing majonnäs ,0.2,mg
6336,Dressing hamburgerdressing lätt fett 28 %,Vitamin E,Sås dressing majonnäs ,7.6,mg
6336,Dressing hamburgerdressing lätt fett 28 %,Vitamin D inkl 25-OH-D3,Sås dressing majonnäs ,0.27,µg
6336,Dressing hamburgerdressing lätt fett 28 %,Vitamin D,Sås dressing majonnäs ,0.16,µg
6336,Dressing hamburgerdressing lätt fett 28 %,Vitamin C,Sås dressing majonnäs ,2.3,mg
6336,Dressing hamburgerdressing lätt fett 28 %,Vitamin B6,Sås dressing majonnäs ,0.02,mg
6336,Dressing hamburgerdressing lätt fett 28 %,Vitamin B12,Sås dressing majonnäs ,0.16,µg
6336,Dressing hamburgerdressing lätt fett 28 %,Vitamin A,Sås dressing majonnäs ,34.9,RE/µg
6336,Dressing hamburgerdressing lätt fett 28 %,Vatten,Sås dressing majonnäs ,64.3,g
6336,Dressing hamburgerdressing lätt fett 28 %,Tiamin,Sås dressing majonnäs ,0.04,mg
6336,Dressing hamburgerdressing lätt fett 28 %,Tillsatt socker,Sås dressing majonnäs ,3.0,g
6336,Dressing hamburgerdressing lätt fett 28 %,Fritt socker,Sås dressing majonnäs ,3.0,g
6336,Dressing hamburgerdressing lätt fett 28 %,"Selen, Se",Sås dressing majonnäs ,2.5,µg
6336,Dressing hamburgerdressing lätt fett 28 %,Sackaros,Sås dressing majonnäs ,3.3,g
6336,Dressing hamburgerdressing lätt fett 28 %,Riboflavin,Sås dressing majonnäs ,0.05,mg
6336,Dressing hamburgerdressing lätt fett 28 %,Retinol,Sås dressing majonnäs ,29.2,µg
6336,Dressing hamburgerdressing lätt fett 28 %,Protein,Sås dressing majonnäs ,0.9,g
6336,Dressing hamburgerdressing lätt fett 28 %,Summa fleromättade fettsyror,Sås dressing majonnäs ,7.3,g
6336,Dressing hamburgerdressing lätt fett 28 %,"Fosfor, P",Sås dressing majonnäs ,30.0,mg
6336,Dressing hamburgerdressing lätt fett 28 %,Niacinekvivalenter,Sås dressing majonnäs ,0.35,NE/mg
6336,Dressing hamburgerdressing lätt fett 28 %,Niacin,Sås dressing majonnäs ,0.15,mg
6336,Dressing hamburgerdressing lätt fett 28 %,"Salt, NaCl",Sås dressing majonnäs ,0.0,g
6336,Dressing hamburgerdressing lätt fett 28 %,"Natrium, Na",Sås dressing majonnäs ,10.0,mg
6336,Dressing hamburgerdressing lätt fett 28 %,Monosackarider,Sås dressing majonnäs ,0.6,g
6336,Dressing hamburgerdressing lätt fett 28 %,"Sockerarter, totalt",Sås dressing majonnäs ,3.9,g
6336,Dressing hamburgerdressing lätt fett 28 %,Summa enkelomättade fettsyror,Sås dressing majonnäs ,16.4,g
6336,Dressing hamburgerdressing lätt fett 28 %,"Magnesium, Mg",Sås dressing majonnäs ,4.0,mg
6336,Dressing hamburgerdressing lätt fett 28 %,Summa mättade fettsyror,Sås dressing majonnäs ,2.2,g
6336,Dressing hamburgerdressing lätt fett 28 %,"Kolhydrater, tillgängliga",Sås dressing majonnäs ,7.0,g
6336,Dressing hamburgerdressing lätt fett 28 %,Kolesterol,Sås dressing majonnäs ,41.3,mg
6336,Dressing hamburgerdressing lätt fett 28 %,"Kalium, K",Sås dressing majonnäs ,63.0,mg
6336,Dressing hamburgerdressing lätt fett 28 %,"Jod, I",Sås dressing majonnäs ,5.0,µg
6336,Dressing hamburgerdressing lätt fett 28 %,Fullkorn totalt,Sås dressing majonnäs ,0.0,g
6336,Dressing hamburgerdressing lätt fett 28 %,"Folat, totalt",Sås dressing majonnäs ,12.4,µg
6336,Dressing hamburgerdressing lätt fett 28 %,Fibrer,Sås dressing majonnäs ,0.2,g
6336,Dressing hamburgerdressing lätt fett 28 %,"Fett, totalt",Sås dressing majonnäs ,27.2,g
6336,Dressing hamburgerdressing lätt fett 28 %,"Järn, Fe",Sås dressing majonnäs ,0.2,mg
6336,Dressing hamburgerdressing lätt fett 28 %,Energi (kJ),Sås dressing majonnäs ,1142.0,kJ
6336,Dressing hamburgerdressing lätt fett 28 %,Energi (kcal),Sås dressing majonnäs ,273.0,kcal
6336,Dressing hamburgerdressing lätt fett 28 %,Disackarider,Sås dressing majonnäs ,3.3,g
6336,Dressing hamburgerdressing lätt fett 28 %,"Kalcium, Ca",Sås dressing majonnäs ,11.0,mg
6336,Dressing hamburgerdressing lätt fett 28 %,Fettsyra 4:0-10:0,Sås dressing majonnäs ,0.0,g
6336,Dressing hamburgerdressing lätt fett 28 %,DHA (C22:6),Sås dressing majonnäs ,0.0,g
6336,Dressing hamburgerdressing lätt fett 28 %,DPA (C22:5),Sås dressing majonnäs ,0.0,g
6336,Dressing hamburgerdressing lätt fett 28 %,EPA (C20:5),Sås dressing majonnäs ,0.0,g
6336,Dressing hamburgerdressing lätt fett 28 %,Arakidonsyra C20:4,Sås dressing majonnäs ,0.0,g
6336,Dressing hamburgerdressing lätt fett 28 %,Arakidinsyra C20:0,Sås dressing majonnäs ,0.1,g
6336,Dressing hamburgerdressing lätt fett 28 %,Linolensyra C18:3,Sås dressing majonnäs ,2.2,g
6336,Dressing hamburgerdressing lätt fett 28 %,Linolsyra C18:2,Sås dressing majonnäs ,5.0,g
6336,Dressing hamburgerdressing lätt fett 28 %,Oljesyra C18:1,Sås dressing majonnäs ,15.8,g
6336,Dressing hamburgerdressing lätt fett 28 %,Stearinsyra C18:0,Sås dressing majonnäs ,0.5,g
6336,Dressing hamburgerdressing lätt fett 28 %,Palmitoljesyra C16:1,Sås dressing majonnäs ,0.1,g
6336,Dressing hamburgerdressing lätt fett 28 %,Palmitinsyra C16:0,Sås dressing majonnäs ,1.4,g
6336,Dressing hamburgerdressing lätt fett 28 %,Myristinsyra C14:0,Sås dressing majonnäs ,0.0,g
6336,Dressing hamburgerdressing lätt fett 28 %,Laurinsyra C12:0,Sås dressing majonnäs ,0.0,g
6336,Dressing hamburgerdressing lätt fett 28 %,Betakaroten/β-Karoten,Sås dressing majonnäs ,64.0,µg
6336,Dressing hamburgerdressing lätt fett 28 %,Avfall (skal etc.),Sås dressing majonnäs ,1.0,%
6336,Dressing hamburgerdressing lätt fett 28 %,Aska,Sås dressing majonnäs ,0.3,g
6336,Dressing hamburgerdressing lätt fett 28 %,Alkohol,Sås dressing majonnäs ,0.0,g
6337,Majonnäs äggfri,"Zink, Zn",Sås dressing majonnäs ,0.0,mg
6337,Majonnäs äggfri,Vitamin E,Sås dressing majonnäs ,32.8,mg
6337,Majonnäs äggfri,Vitamin D inkl 25-OH-D3,Sås dressing majonnäs ,0.0,µg
6337,Majonnäs äggfri,Vitamin D,Sås dressing majonnäs ,0.0,µg
6337,Majonnäs äggfri,Vitamin C,Sås dressing majonnäs ,0.2,mg
6337,Majonnäs äggfri,Vitamin B6,Sås dressing majonnäs ,0.0,mg
6337,Majonnäs äggfri,Vitamin B12,Sås dressing majonnäs ,0.0,µg
6337,Majonnäs äggfri,Vitamin A,Sås dressing majonnäs ,0.1,RE/µg
6337,Majonnäs äggfri,Vatten,Sås dressing majonnäs ,43.8,g
6337,Majonnäs äggfri,Tiamin,Sås dressing majonnäs ,0.0,mg
6337,Majonnäs äggfri,Tillsatt socker,Sås dressing majonnäs ,0.0,g
6337,Majonnäs äggfri,Fritt socker,Sås dressing majonnäs ,0.0,g
6337,Majonnäs äggfri,"Selen, Se",Sås dressing majonnäs ,0.0,µg
6337,Majonnäs äggfri,Sackaros,Sås dressing majonnäs ,0.0,g
6337,Majonnäs äggfri,Riboflavin,Sås dressing majonnäs ,0.0,mg
6337,Majonnäs äggfri,Retinol,Sås dressing majonnäs ,0.0,µg
6337,Majonnäs äggfri,Protein,Sås dressing majonnäs ,0.2,g
6337,Majonnäs äggfri,Summa fleromättade fettsyror,Sås dressing majonnäs ,30.6,g
6337,Majonnäs äggfri,"Fosfor, P",Sås dressing majonnäs ,2.0,mg
6337,Majonnäs äggfri,Niacinekvivalenter,Sås dressing majonnäs ,0.04,NE/mg
6337,Majonnäs äggfri,Niacin,Sås dressing majonnäs ,0.01,mg
6337,Majonnäs äggfri,"Salt, NaCl",Sås dressing majonnäs ,1.0,g
6337,Majonnäs äggfri,"Natrium, Na",Sås dressing majonnäs ,401.0,mg
6337,Majonnäs äggfri,Monosackarider,Sås dressing majonnäs ,0.1,g
6337,Majonnäs äggfri,"Sockerarter, totalt",Sås dressing majonnäs ,0.1,g
6337,Majonnäs äggfri,Summa enkelomättade fettsyror,Sås dressing majonnäs ,15.7,g
6337,Majonnäs äggfri,"Magnesium, Mg",Sås dressing majonnäs ,1.0,mg
6337,Majonnäs äggfri,Summa mättade fettsyror,Sås dressing majonnäs ,5.6,g
6337,Majonnäs äggfri,"Kolhydrater, tillgängliga",Sås dressing majonnäs ,0.6,g
6337,Majonnäs äggfri,Kolesterol,Sås dressing majonnäs ,0.0,mg
6337,Majonnäs äggfri,"Kalium, K",Sås dressing majonnäs ,6.0,mg
6337,Majonnäs äggfri,"Jod, I",Sås dressing majonnäs ,0.4,µg
6337,Majonnäs äggfri,Fullkorn totalt,Sås dressing majonnäs ,0.0,g
6337,Majonnäs äggfri,"Folat, totalt",Sås dressing majonnäs ,3.4,µg
6337,Majonnäs äggfri,Fibrer,Sås dressing majonnäs ,0.1,g
6337,Majonnäs äggfri,"Fett, totalt",Sås dressing majonnäs ,54.3,g
6337,Majonnäs äggfri,"Järn, Fe",Sås dressing majonnäs ,0.1,mg
6337,Majonnäs äggfri,Energi (kJ),Sås dressing majonnäs ,2024.0,kJ
6337,Majonnäs äggfri,Energi (kcal),Sås dressing majonnäs ,484.0,kcal
6337,Majonnäs äggfri,Disackarider,Sås dressing majonnäs ,0.0,g
6337,Majonnäs äggfri,"Kalcium, Ca",Sås dressing majonnäs ,3.0,mg
6337,Majonnäs äggfri,Fettsyra 4:0-10:0,Sås dressing majonnäs ,0.0,g
6337,Majonnäs äggfri,DHA (C22:6),Sås dressing majonnäs ,0.0,g
6337,Majonnäs äggfri,DPA (C22:5),Sås dressing majonnäs ,0.0,g
6337,Majonnäs äggfri,EPA (C20:5),Sås dressing majonnäs ,0.0,g
6337,Majonnäs äggfri,Arakidonsyra C20:4,Sås dressing majonnäs ,0.0,g
6337,Majonnäs äggfri,Arakidinsyra C20:0,Sås dressing majonnäs ,0.2,g
6337,Majonnäs äggfri,Linolensyra C18:3,Sås dressing majonnäs ,0.1,g
6337,Majonnäs äggfri,Linolsyra C18:2,Sås dressing majonnäs ,30.5,g
6337,Majonnäs äggfri,Oljesyra C18:1,Sås dressing majonnäs ,15.5,g
6337,Majonnäs äggfri,Stearinsyra C18:0,Sås dressing majonnäs ,1.8,g
6337,Majonnäs äggfri,Palmitoljesyra C16:1,Sås dressing majonnäs ,0.1,g
6337,Majonnäs äggfri,Palmitinsyra C16:0,Sås dressing majonnäs ,3.2,g
6337,Majonnäs äggfri,Myristinsyra C14:0,Sås dressing majonnäs ,0.1,g
6337,Majonnäs äggfri,Laurinsyra C12:0,Sås dressing majonnäs ,0.0,g
6337,Majonnäs äggfri,Betakaroten/β-Karoten,Sås dressing majonnäs ,1.0,µg
6337,Majonnäs äggfri,Avfall (skal etc.),Sås dressing majonnäs ,0.0,%
6337,Majonnäs äggfri,Aska,Sås dressing majonnäs ,1.0,g
6337,Majonnäs äggfri,Alkohol,Sås dressing majonnäs ,0.0,g
6338,Sås mango curry m. majonnäs kylvara,"Zink, Zn",Sås dressing majonnäs ,0.2,mg
6338,Sås mango curry m. majonnäs kylvara,Vitamin E,Sås dressing majonnäs ,14.9,mg
6338,Sås mango curry m. majonnäs kylvara,Vitamin D inkl 25-OH-D3,Sås dressing majonnäs ,0.4,µg
6338,Sås mango curry m. majonnäs kylvara,Vitamin D,Sås dressing majonnäs ,0.24,µg
6338,Sås mango curry m. majonnäs kylvara,Vitamin C,Sås dressing majonnäs ,2.7,mg
6338,Sås mango curry m. majonnäs kylvara,Vitamin B6,Sås dressing majonnäs ,0.02,mg
6338,Sås mango curry m. majonnäs kylvara,Vitamin B12,Sås dressing majonnäs ,0.24,µg
6338,Sås mango curry m. majonnäs kylvara,Vitamin A,Sås dressing majonnäs ,49.4,RE/µg
6338,Sås mango curry m. majonnäs kylvara,Vatten,Sås dressing majonnäs ,29.5,g
6338,Sås mango curry m. majonnäs kylvara,Tiamin,Sås dressing majonnäs ,0.02,mg
6338,Sås mango curry m. majonnäs kylvara,Tillsatt socker,Sås dressing majonnäs ,12.0,g
6338,Sås mango curry m. majonnäs kylvara,Fritt socker,Sås dressing majonnäs ,12.0,g
6338,Sås mango curry m. majonnäs kylvara,"Selen, Se",Sås dressing majonnäs ,3.6,µg
6338,Sås mango curry m. majonnäs kylvara,Sackaros,Sås dressing majonnäs ,13.0,g
6338,Sås mango curry m. majonnäs kylvara,Riboflavin,Sås dressing majonnäs ,0.04,mg
6338,Sås mango curry m. majonnäs kylvara,Retinol,Sås dressing majonnäs ,43.4,µg
6338,Sås mango curry m. majonnäs kylvara,Protein,Sås dressing majonnäs ,1.0,g
6338,Sås mango curry m. majonnäs kylvara,Summa fleromättade fettsyror,Sås dressing majonnäs ,14.7,g
6338,Sås mango curry m. majonnäs kylvara,"Fosfor, P",Sås dressing majonnäs ,34.0,mg
6338,Sås mango curry m. majonnäs kylvara,Niacinekvivalenter,Sås dressing majonnäs ,0.34,NE/mg
6338,Sås mango curry m. majonnäs kylvara,Niacin,Sås dressing majonnäs ,0.09,mg
6338,Sås mango curry m. majonnäs kylvara,"Salt, NaCl",Sås dressing majonnäs ,1.0,g
6338,Sås mango curry m. majonnäs kylvara,"Natrium, Na",Sås dressing majonnäs ,413.0,mg
6338,Sås mango curry m. majonnäs kylvara,Monosackarider,Sås dressing majonnäs ,0.5,g
6338,Sås mango curry m. majonnäs kylvara,"Sockerarter, totalt",Sås dressing majonnäs ,13.5,g
6338,Sås mango curry m. majonnäs kylvara,Summa enkelomättade fettsyror,Sås dressing majonnäs ,33.0,g
6338,Sås mango curry m. majonnäs kylvara,"Magnesium, Mg",Sås dressing majonnäs ,2.0,mg
6338,Sås mango curry m. majonnäs kylvara,Summa mättade fettsyror,Sås dressing majonnäs ,4.2,g
6338,Sås mango curry m. majonnäs kylvara,"Kolhydrater, tillgängliga",Sås dressing majonnäs ,13.5,g
6338,Sås mango curry m. majonnäs kylvara,Kolesterol,Sås dressing majonnäs ,61.4,mg
6338,Sås mango curry m. majonnäs kylvara,"Kalium, K",Sås dressing majonnäs ,23.0,mg
6338,Sås mango curry m. majonnäs kylvara,"Jod, I",Sås dressing majonnäs ,56.5,µg
6338,Sås mango curry m. majonnäs kylvara,Fullkorn totalt,Sås dressing majonnäs ,0.0,g
6338,Sås mango curry m. majonnäs kylvara,"Folat, totalt",Sås dressing majonnäs ,17.4,µg
6338,Sås mango curry m. majonnäs kylvara,Fibrer,Sås dressing majonnäs ,0.1,g
6338,Sås mango curry m. majonnäs kylvara,"Fett, totalt",Sås dressing majonnäs ,54.4,g
6338,Sås mango curry m. majonnäs kylvara,"Järn, Fe",Sås dressing majonnäs ,0.2,mg
6338,Sås mango curry m. majonnäs kylvara,Energi (kJ),Sås dressing majonnäs ,2262.0,kJ
6338,Sås mango curry m. majonnäs kylvara,Energi (kcal),Sås dressing majonnäs ,540.0,kcal
6338,Sås mango curry m. majonnäs kylvara,Disackarider,Sås dressing majonnäs ,13.0,g
6338,Sås mango curry m. majonnäs kylvara,"Kalcium, Ca",Sås dressing majonnäs ,12.0,mg
6338,Sås mango curry m. majonnäs kylvara,Fettsyra 4:0-10:0,Sås dressing majonnäs ,0.0,g
6338,Sås mango curry m. majonnäs kylvara,DHA (C22:6),Sås dressing majonnäs ,0.0,g
6338,Sås mango curry m. majonnäs kylvara,DPA (C22:5),Sås dressing majonnäs ,0.0,g
6338,Sås mango curry m. majonnäs kylvara,EPA (C20:5),Sås dressing majonnäs ,0.0,g
6338,Sås mango curry m. majonnäs kylvara,Arakidonsyra C20:4,Sås dressing majonnäs ,0.0,g
6338,Sås mango curry m. majonnäs kylvara,Arakidinsyra C20:0,Sås dressing majonnäs ,0.3,g
6338,Sås mango curry m. majonnäs kylvara,Linolensyra C18:3,Sås dressing majonnäs ,4.5,g
6338,Sås mango curry m. majonnäs kylvara,Linolsyra C18:2,Sås dressing majonnäs ,10.1,g
6338,Sås mango curry m. majonnäs kylvara,Oljesyra C18:1,Sås dressing majonnäs ,31.8,g
6338,Sås mango curry m. majonnäs kylvara,Stearinsyra C18:0,Sås dressing majonnäs ,1.0,g
6338,Sås mango curry m. majonnäs kylvara,Palmitoljesyra C16:1,Sås dressing majonnäs ,0.2,g
6338,Sås mango curry m. majonnäs kylvara,Palmitinsyra C16:0,Sås dressing majonnäs ,2.6,g
6338,Sås mango curry m. majonnäs kylvara,Myristinsyra C14:0,Sås dressing majonnäs ,0.1,g
6338,Sås mango curry m. majonnäs kylvara,Laurinsyra C12:0,Sås dressing majonnäs ,0.0,g
6338,Sås mango curry m. majonnäs kylvara,Betakaroten/β-Karoten,Sås dressing majonnäs ,70.0,µg
6338,Sås mango curry m. majonnäs kylvara,Avfall (skal etc.),Sås dressing majonnäs ,3.0,%
6338,Sås mango curry m. majonnäs kylvara,Aska,Sås dressing majonnäs ,1.2,g
6338,Sås mango curry m. majonnäs kylvara,Alkohol,Sås dressing majonnäs ,0.0,g
6341,Ostsås m. kalkon,"Zink, Zn",Sås dressing majonnäs ,0.9,mg
6341,Ostsås m. kalkon,Vitamin E,Sås dressing majonnäs ,0.9,mg
6341,Ostsås m. kalkon,Vitamin D,Sås dressing majonnäs ,0.88,µg
6341,Ostsås m. kalkon,Vitamin C,Sås dressing majonnäs ,0.5,mg
6341,Ostsås m. kalkon,Vitamin B6,Sås dressing majonnäs ,0.07,mg
6341,Ostsås m. kalkon,Vitamin B12,Sås dressing majonnäs ,0.59,µg
6341,Ostsås m. kalkon,Vitamin A,Sås dressing majonnäs ,58.9,RE/µg
6341,Ostsås m. kalkon,Vatten,Sås dressing majonnäs ,72.7,g
6341,Ostsås m. kalkon,Tiamin,Sås dressing majonnäs ,0.04,mg
6341,Ostsås m. kalkon,Tillsatt socker,Sås dressing majonnäs ,0.0,g
6341,Ostsås m. kalkon,Fritt socker,Sås dressing majonnäs ,0.0,g
6341,Ostsås m. kalkon,"Selen, Se",Sås dressing majonnäs ,5.1,µg
6341,Ostsås m. kalkon,Sackaros,Sås dressing majonnäs ,0.0,g
6341,Ostsås m. kalkon,Riboflavin,Sås dressing majonnäs ,0.14,mg
6341,Ostsås m. kalkon,Retinol,Sås dressing majonnäs ,52.2,µg
6341,Ostsås m. kalkon,Protein,Sås dressing majonnäs ,10.1,g
6341,Ostsås m. kalkon,Summa fleromättade fettsyror,Sås dressing majonnäs ,1.1,g
6341,Ostsås m. kalkon,"Fosfor, P",Sås dressing majonnäs ,271.0,mg
6341,Ostsås m. kalkon,Niacinekvivalenter,Sås dressing majonnäs ,3.85,NE/mg
6341,Ostsås m. kalkon,Niacin,Sås dressing majonnäs ,1.74,mg
6341,Ostsås m. kalkon,"Salt, NaCl",Sås dressing majonnäs ,1.4,g
6341,Ostsås m. kalkon,"Natrium, Na",Sås dressing majonnäs ,565.0,mg
6341,Ostsås m. kalkon,Monosackarider,Sås dressing majonnäs ,0.0,g
6341,Ostsås m. kalkon,"Sockerarter, totalt",Sås dressing majonnäs ,3.5,g
6341,Ostsås m. kalkon,Summa enkelomättade fettsyror,Sås dressing majonnäs ,3.0,g
6341,Ostsås m. kalkon,"Magnesium, Mg",Sås dressing majonnäs ,18.0,mg
6341,Ostsås m. kalkon,Summa mättade fettsyror,Sås dressing majonnäs ,4.0,g
6341,Ostsås m. kalkon,"Kolhydrater, tillgängliga",Sås dressing majonnäs ,6.0,g
6341,Ostsås m. kalkon,Kolesterol,Sås dressing majonnäs ,27.3,mg
6341,Ostsås m. kalkon,"Kalium, K",Sås dressing majonnäs ,169.0,mg
6341,Ostsås m. kalkon,"Jod, I",Sås dressing majonnäs ,41.3,µg
6341,Ostsås m. kalkon,Fullkorn totalt,Sås dressing majonnäs ,0.0,g
6341,Ostsås m. kalkon,"Folat, totalt",Sås dressing majonnäs ,10.1,µg
6341,Ostsås m. kalkon,Fibrer,Sås dressing majonnäs ,0.1,g
6341,Ostsås m. kalkon,"Fett, totalt",Sås dressing majonnäs ,8.8,g
6341,Ostsås m. kalkon,"Järn, Fe",Sås dressing majonnäs ,0.1,mg
6341,Ostsås m. kalkon,Energi (kJ),Sås dressing majonnäs ,599.0,kJ
6341,Ostsås m. kalkon,Energi (kcal),Sås dressing majonnäs ,143.0,kcal
6341,Ostsås m. kalkon,Disackarider,Sås dressing majonnäs ,3.5,g
6341,Ostsås m. kalkon,"Kalcium, Ca",Sås dressing majonnäs ,175.0,mg
6341,Ostsås m. kalkon,Fettsyra 4:0-10:0,Sås dressing majonnäs ,0.5,g
6341,Ostsås m. kalkon,DHA (C22:6),Sås dressing majonnäs ,0.0,g
6341,Ostsås m. kalkon,DPA (C22:5),Sås dressing majonnäs ,0.0,g
6341,Ostsås m. kalkon,EPA (C20:5),Sås dressing majonnäs ,0.0,g
6341,Ostsås m. kalkon,Arakidonsyra C20:4,Sås dressing majonnäs ,0.0,g
6341,Ostsås m. kalkon,Arakidinsyra C20:0,Sås dressing majonnäs ,0.0,g
6341,Ostsås m. kalkon,Linolensyra C18:3,Sås dressing majonnäs ,0.2,g
6341,Ostsås m. kalkon,Linolsyra C18:2,Sås dressing majonnäs ,0.8,g
6341,Ostsås m. kalkon,Oljesyra C18:1,Sås dressing majonnäs ,2.8,g
6341,Ostsås m. kalkon,Stearinsyra C18:0,Sås dressing majonnäs ,0.7,g
6341,Ostsås m. kalkon,Palmitoljesyra C16:1,Sås dressing majonnäs ,0.1,g
6341,Ostsås m. kalkon,Palmitinsyra C16:0,Sås dressing majonnäs ,1.9,g
6341,Ostsås m. kalkon,Myristinsyra C14:0,Sås dressing majonnäs ,0.6,g
6341,Ostsås m. kalkon,Laurinsyra C12:0,Sås dressing majonnäs ,0.2,g
6341,Ostsås m. kalkon,Betakaroten/β-Karoten,Sås dressing majonnäs ,32.0,µg
6341,Ostsås m. kalkon,Avfall (skal etc.),Sås dressing majonnäs ,0.0,%
6341,Ostsås m. kalkon,Aska,Sås dressing majonnäs ,2.4,g
6341,Ostsås m. kalkon,Alkohol,Sås dressing majonnäs ,0.0,g
6342,Lasagne m. zucchini aubergine nötfärs,"Zink, Zn",Köttprodukter kötträtter,2.1,mg
6342,Lasagne m. zucchini aubergine nötfärs,Vitamin E,Köttprodukter kötträtter,1.3,mg
6342,Lasagne m. zucchini aubergine nötfärs,Vitamin D,Köttprodukter kötträtter,0.12,µg
6342,Lasagne m. zucchini aubergine nötfärs,Vitamin C,Köttprodukter kötträtter,8.7,mg
6342,Lasagne m. zucchini aubergine nötfärs,Vitamin B6,Köttprodukter kötträtter,0.12,mg
6342,Lasagne m. zucchini aubergine nötfärs,Vitamin B12,Köttprodukter kötträtter,0.41,µg
6342,Lasagne m. zucchini aubergine nötfärs,Vitamin A,Köttprodukter kötträtter,40.7,RE/µg
6342,Lasagne m. zucchini aubergine nötfärs,Vatten,Köttprodukter kötträtter,78.2,g
6342,Lasagne m. zucchini aubergine nötfärs,Tiamin,Köttprodukter kötträtter,0.04,mg
6342,Lasagne m. zucchini aubergine nötfärs,Tillsatt socker,Köttprodukter kötträtter,0.0,g
6342,Lasagne m. zucchini aubergine nötfärs,Fritt socker,Köttprodukter kötträtter,0.0,g
6342,Lasagne m. zucchini aubergine nötfärs,"Selen, Se",Köttprodukter kötträtter,2.6,µg
6342,Lasagne m. zucchini aubergine nötfärs,Sackaros,Köttprodukter kötträtter,0.1,g
6342,Lasagne m. zucchini aubergine nötfärs,Riboflavin,Köttprodukter kötträtter,0.08,mg
6342,Lasagne m. zucchini aubergine nötfärs,Retinol,Köttprodukter kötträtter,22.0,µg
6342,Lasagne m. zucchini aubergine nötfärs,Protein,Köttprodukter kötträtter,9.1,g
6342,Lasagne m. zucchini aubergine nötfärs,Summa fleromättade fettsyror,Köttprodukter kötträtter,0.5,g
6342,Lasagne m. zucchini aubergine nötfärs,"Fosfor, P",Köttprodukter kötträtter,109.0,mg
6342,Lasagne m. zucchini aubergine nötfärs,Niacinekvivalenter,Köttprodukter kötträtter,3.9,NE/mg
6342,Lasagne m. zucchini aubergine nötfärs,Niacin,Köttprodukter kötträtter,2.15,mg
6342,Lasagne m. zucchini aubergine nötfärs,"Salt, NaCl",Köttprodukter kötträtter,0.7,g
6342,Lasagne m. zucchini aubergine nötfärs,"Natrium, Na",Köttprodukter kötträtter,279.0,mg
6342,Lasagne m. zucchini aubergine nötfärs,Monosackarider,Köttprodukter kötträtter,2.8,g
6342,Lasagne m. zucchini aubergine nötfärs,"Sockerarter, totalt",Köttprodukter kötträtter,2.9,g
6342,Lasagne m. zucchini aubergine nötfärs,Summa enkelomättade fettsyror,Köttprodukter kötträtter,2.6,g
6342,Lasagne m. zucchini aubergine nötfärs,"Magnesium, Mg",Köttprodukter kötträtter,22.0,mg
6342,Lasagne m. zucchini aubergine nötfärs,Summa mättade fettsyror,Köttprodukter kötträtter,3.1,g
6342,Lasagne m. zucchini aubergine nötfärs,"Kolhydrater, tillgängliga",Köttprodukter kötträtter,2.8,g
6342,Lasagne m. zucchini aubergine nötfärs,Kolesterol,Köttprodukter kötträtter,25.1,mg
6342,Lasagne m. zucchini aubergine nötfärs,"Kalium, K",Köttprodukter kötträtter,235.0,mg
6342,Lasagne m. zucchini aubergine nötfärs,"Jod, I",Köttprodukter kötträtter,29.5,µg
6342,Lasagne m. zucchini aubergine nötfärs,Fullkorn totalt,Köttprodukter kötträtter,0.0,g
6342,Lasagne m. zucchini aubergine nötfärs,"Folat, totalt",Köttprodukter kötträtter,17.5,µg
6342,Lasagne m. zucchini aubergine nötfärs,Fibrer,Köttprodukter kötträtter,1.6,g
6342,Lasagne m. zucchini aubergine nötfärs,"Fett, totalt",Köttprodukter kötträtter,6.7,g
6342,Lasagne m. zucchini aubergine nötfärs,"Järn, Fe",Köttprodukter kötträtter,1.1,mg
6342,Lasagne m. zucchini aubergine nötfärs,Energi (kJ),Köttprodukter kötträtter,462.0,kJ
6342,Lasagne m. zucchini aubergine nötfärs,Energi (kcal),Köttprodukter kötträtter,110.0,kcal
6342,Lasagne m. zucchini aubergine nötfärs,Disackarider,Köttprodukter kötträtter,0.1,g
6342,Lasagne m. zucchini aubergine nötfärs,"Kalcium, Ca",Köttprodukter kötträtter,62.0,mg
6342,Lasagne m. zucchini aubergine nötfärs,Fettsyra 4:0-10:0,Köttprodukter kötträtter,0.2,g
6342,Lasagne m. zucchini aubergine nötfärs,DHA (C22:6),Köttprodukter kötträtter,0.0,g
6342,Lasagne m. zucchini aubergine nötfärs,DPA (C22:5),Köttprodukter kötträtter,0.0,g
6342,Lasagne m. zucchini aubergine nötfärs,EPA (C20:5),Köttprodukter kötträtter,0.0,g
6342,Lasagne m. zucchini aubergine nötfärs,Arakidonsyra C20:4,Köttprodukter kötträtter,0.0,g
6342,Lasagne m. zucchini aubergine nötfärs,Arakidinsyra C20:0,Köttprodukter kötträtter,0.0,g
6342,Lasagne m. zucchini aubergine nötfärs,Linolensyra C18:3,Köttprodukter kötträtter,0.1,g
6342,Lasagne m. zucchini aubergine nötfärs,Linolsyra C18:2,Köttprodukter kötträtter,0.4,g
6342,Lasagne m. zucchini aubergine nötfärs,Oljesyra C18:1,Köttprodukter kötträtter,2.3,g
6342,Lasagne m. zucchini aubergine nötfärs,Stearinsyra C18:0,Köttprodukter kötträtter,0.8,g
6342,Lasagne m. zucchini aubergine nötfärs,Palmitoljesyra C16:1,Köttprodukter kötträtter,0.2,g
6342,Lasagne m. zucchini aubergine nötfärs,Palmitinsyra C16:0,Köttprodukter kötträtter,1.6,g
6342,Lasagne m. zucchini aubergine nötfärs,Myristinsyra C14:0,Köttprodukter kötträtter,0.3,g
6342,Lasagne m. zucchini aubergine nötfärs,Laurinsyra C12:0,Köttprodukter kötträtter,0.1,g
6342,Lasagne m. zucchini aubergine nötfärs,Betakaroten/β-Karoten,Köttprodukter kötträtter,213.0,µg
6342,Lasagne m. zucchini aubergine nötfärs,Avfall (skal etc.),Köttprodukter kötträtter,2.0,%
6342,Lasagne m. zucchini aubergine nötfärs,Aska,Köttprodukter kötträtter,1.7,g
6342,Lasagne m. zucchini aubergine nötfärs,Alkohol,Köttprodukter kötträtter,0.0,g
6345,Karlssons frestelse m. nötfärs,"Zink, Zn",Potatisprodukter potatisrätter,1.6,mg
6345,Karlssons frestelse m. nötfärs,Vitamin E,Potatisprodukter potatisrätter,0.5,mg
6345,Karlssons frestelse m. nötfärs,Vitamin D,Potatisprodukter potatisrätter,0.09,µg
6345,Karlssons frestelse m. nötfärs,Vitamin C,Potatisprodukter potatisrätter,9.3,mg
6345,Karlssons frestelse m. nötfärs,Vitamin B6,Potatisprodukter potatisrätter,0.17,mg
6345,Karlssons frestelse m. nötfärs,Vitamin B12,Potatisprodukter potatisrätter,0.34,µg
6345,Karlssons frestelse m. nötfärs,Vitamin A,Potatisprodukter potatisrätter,37.4,RE/µg
6345,Karlssons frestelse m. nötfärs,Vatten,Potatisprodukter potatisrätter,70.3,g
6345,Karlssons frestelse m. nötfärs,Tiamin,Potatisprodukter potatisrätter,0.06,mg
6345,Karlssons frestelse m. nötfärs,Tillsatt socker,Potatisprodukter potatisrätter,0.0,g
6345,Karlssons frestelse m. nötfärs,Fritt socker,Potatisprodukter potatisrätter,0.0,g
6345,Karlssons frestelse m. nötfärs,"Selen, Se",Potatisprodukter potatisrätter,1.9,µg
6345,Karlssons frestelse m. nötfärs,Sackaros,Potatisprodukter potatisrätter,0.4,g
6345,Karlssons frestelse m. nötfärs,Riboflavin,Potatisprodukter potatisrätter,0.08,mg
6345,Karlssons frestelse m. nötfärs,Retinol,Potatisprodukter potatisrätter,33.5,µg
6345,Karlssons frestelse m. nötfärs,Protein,Potatisprodukter potatisrätter,7.6,g
6345,Karlssons frestelse m. nötfärs,Summa fleromättade fettsyror,Potatisprodukter potatisrätter,0.5,g
6345,Karlssons frestelse m. nötfärs,"Fosfor, P",Potatisprodukter potatisrätter,98.0,mg
6345,Karlssons frestelse m. nötfärs,Niacinekvivalenter,Potatisprodukter potatisrätter,3.79,NE/mg
6345,Karlssons frestelse m. nötfärs,Niacin,Potatisprodukter potatisrätter,2.4,mg
6345,Karlssons frestelse m. nötfärs,"Salt, NaCl",Potatisprodukter potatisrätter,1.0,g
6345,Karlssons frestelse m. nötfärs,"Natrium, Na",Potatisprodukter potatisrätter,414.0,mg
6345,Karlssons frestelse m. nötfärs,Monosackarider,Potatisprodukter potatisrätter,0.6,g
6345,Karlssons frestelse m. nötfärs,"Sockerarter, totalt",Potatisprodukter potatisrätter,1.9,g
6345,Karlssons frestelse m. nötfärs,Summa enkelomättade fettsyror,Potatisprodukter potatisrätter,2.6,g
6345,Karlssons frestelse m. nötfärs,"Magnesium, Mg",Potatisprodukter potatisrätter,24.0,mg
6345,Karlssons frestelse m. nötfärs,Summa mättade fettsyror,Potatisprodukter potatisrätter,3.6,g
6345,Karlssons frestelse m. nötfärs,"Kolhydrater, tillgängliga",Potatisprodukter potatisrätter,11.5,g
6345,Karlssons frestelse m. nötfärs,Kolesterol,Potatisprodukter potatisrätter,25.4,mg
6345,Karlssons frestelse m. nötfärs,"Kalium, K",Potatisprodukter potatisrätter,320.0,mg
6345,Karlssons frestelse m. nötfärs,"Jod, I",Potatisprodukter potatisrätter,22.4,µg
6345,Karlssons frestelse m. nötfärs,Fullkorn totalt,Potatisprodukter potatisrätter,0.0,g
6345,Karlssons frestelse m. nötfärs,"Folat, totalt",Potatisprodukter potatisrätter,10.6,µg
6345,Karlssons frestelse m. nötfärs,Fibrer,Potatisprodukter potatisrätter,1.5,g
6345,Karlssons frestelse m. nötfärs,"Fett, totalt",Potatisprodukter potatisrätter,7.2,g
6345,Karlssons frestelse m. nötfärs,"Järn, Fe",Potatisprodukter potatisrätter,0.9,mg
6345,Karlssons frestelse m. nötfärs,Energi (kJ),Potatisprodukter potatisrätter,603.0,kJ
6345,Karlssons frestelse m. nötfärs,Energi (kcal),Potatisprodukter potatisrätter,144.0,kcal
6345,Karlssons frestelse m. nötfärs,Disackarider,Potatisprodukter potatisrätter,1.3,g
6345,Karlssons frestelse m. nötfärs,"Kalcium, Ca",Potatisprodukter potatisrätter,40.0,mg
6345,Karlssons frestelse m. nötfärs,Fettsyra 4:0-10:0,Potatisprodukter potatisrätter,0.2,g
6345,Karlssons frestelse m. nötfärs,DHA (C22:6),Potatisprodukter potatisrätter,0.0,g
6345,Karlssons frestelse m. nötfärs,DPA (C22:5),Potatisprodukter potatisrätter,0.0,g
6345,Karlssons frestelse m. nötfärs,EPA (C20:5),Potatisprodukter potatisrätter,0.0,g
6345,Karlssons frestelse m. nötfärs,Arakidonsyra C20:4,Potatisprodukter potatisrätter,0.0,g
6345,Karlssons frestelse m. nötfärs,Arakidinsyra C20:0,Potatisprodukter potatisrätter,0.0,g
6345,Karlssons frestelse m. nötfärs,Linolensyra C18:3,Potatisprodukter potatisrätter,0.1,g
6345,Karlssons frestelse m. nötfärs,Linolsyra C18:2,Potatisprodukter potatisrätter,0.3,g
6345,Karlssons frestelse m. nötfärs,Oljesyra C18:1,Potatisprodukter potatisrätter,2.3,g
6345,Karlssons frestelse m. nötfärs,Stearinsyra C18:0,Potatisprodukter potatisrätter,0.8,g
6345,Karlssons frestelse m. nötfärs,Palmitoljesyra C16:1,Potatisprodukter potatisrätter,0.2,g
6345,Karlssons frestelse m. nötfärs,Palmitinsyra C16:0,Potatisprodukter potatisrätter,1.8,g
6345,Karlssons frestelse m. nötfärs,Myristinsyra C14:0,Potatisprodukter potatisrätter,0.4,g
6345,Karlssons frestelse m. nötfärs,Laurinsyra C12:0,Potatisprodukter potatisrätter,0.1,g
6345,Karlssons frestelse m. nötfärs,Betakaroten/β-Karoten,Potatisprodukter potatisrätter,36.0,µg
6345,Karlssons frestelse m. nötfärs,Avfall (skal etc.),Potatisprodukter potatisrätter,10.0,%
6345,Karlssons frestelse m. nötfärs,Aska,Potatisprodukter potatisrätter,2.0,g
6345,Karlssons frestelse m. nötfärs,Alkohol,Potatisprodukter potatisrätter,0.0,g
6346,Lasagne nötfärs,"Zink, Zn",Pastarätter,1.3,mg
6346,Lasagne nötfärs,Vitamin E,Pastarätter,0.9,mg
6346,Lasagne nötfärs,Vitamin D,Pastarätter,0.63,µg
6346,Lasagne nötfärs,Vitamin C,Pastarätter,2.4,mg
6346,Lasagne nötfärs,Vitamin B6,Pastarätter,0.06,mg
6346,Lasagne nötfärs,Vitamin B12,Pastarätter,0.37,µg
6346,Lasagne nötfärs,Vitamin A,Pastarätter,44.5,RE/µg
6346,Lasagne nötfärs,Vatten,Pastarätter,71.5,g
6346,Lasagne nötfärs,Tiamin,Pastarätter,0.04,mg
6346,Lasagne nötfärs,Tillsatt socker,Pastarätter,0.0,g
6346,Lasagne nötfärs,Fritt socker,Pastarätter,0.0,g
6346,Lasagne nötfärs,"Selen, Se",Pastarätter,2.4,µg
6346,Lasagne nötfärs,Sackaros,Pastarätter,0.2,g
6346,Lasagne nötfärs,Riboflavin,Pastarätter,0.11,mg
6346,Lasagne nötfärs,Retinol,Pastarätter,33.8,µg
6346,Lasagne nötfärs,Protein,Pastarätter,7.9,g
6346,Lasagne nötfärs,Summa fleromättade fettsyror,Pastarätter,0.6,g
6346,Lasagne nötfärs,"Fosfor, P",Pastarätter,134.0,mg
6346,Lasagne nötfärs,Niacinekvivalenter,Pastarätter,2.71,NE/mg
6346,Lasagne nötfärs,Niacin,Pastarätter,1.15,mg
6346,Lasagne nötfärs,"Salt, NaCl",Pastarätter,1.0,g
6346,Lasagne nötfärs,"Natrium, Na",Pastarätter,383.0,mg
6346,Lasagne nötfärs,Monosackarider,Pastarätter,1.2,g
6346,Lasagne nötfärs,"Sockerarter, totalt",Pastarätter,3.3,g
6346,Lasagne nötfärs,Summa enkelomättade fettsyror,Pastarätter,2.2,g
6346,Lasagne nötfärs,"Magnesium, Mg",Pastarätter,19.0,mg
6346,Lasagne nötfärs,Summa mättade fettsyror,Pastarätter,3.0,g
6346,Lasagne nötfärs,"Kolhydrater, tillgängliga",Pastarätter,11.5,g
6346,Lasagne nötfärs,Kolesterol,Pastarätter,17.5,mg
6346,Lasagne nötfärs,"Kalium, K",Pastarätter,165.0,mg
6346,Lasagne nötfärs,"Jod, I",Pastarätter,25.0,µg
6346,Lasagne nötfärs,Fullkorn totalt,Pastarätter,0.0,g
6346,Lasagne nötfärs,"Folat, totalt",Pastarätter,5.4,µg
6346,Lasagne nötfärs,Fibrer,Pastarätter,1.0,g
6346,Lasagne nötfärs,"Fett, totalt",Pastarätter,6.3,g
6346,Lasagne nötfärs,"Järn, Fe",Pastarätter,0.7,mg
6346,Lasagne nötfärs,Energi (kJ),Pastarätter,572.0,kJ
6346,Lasagne nötfärs,Energi (kcal),Pastarätter,137.0,kcal
6346,Lasagne nötfärs,Disackarider,Pastarätter,2.1,g
6346,Lasagne nötfärs,"Kalcium, Ca",Pastarätter,105.0,mg
6346,Lasagne nötfärs,Fettsyra 4:0-10:0,Pastarätter,0.2,g
6346,Lasagne nötfärs,DHA (C22:6),Pastarätter,0.0,g
6346,Lasagne nötfärs,DPA (C22:5),Pastarätter,0.0,g
6346,Lasagne nötfärs,EPA (C20:5),Pastarätter,0.0,g
6346,Lasagne nötfärs,Arakidonsyra C20:4,Pastarätter,0.0,g
6346,Lasagne nötfärs,Arakidinsyra C20:0,Pastarätter,0.0,g
6346,Lasagne nötfärs,Linolensyra C18:3,Pastarätter,0.1,g
6346,Lasagne nötfärs,Linolsyra C18:2,Pastarätter,0.5,g
6346,Lasagne nötfärs,Oljesyra C18:1,Pastarätter,2.1,g
6346,Lasagne nötfärs,Stearinsyra C18:0,Pastarätter,0.6,g
6346,Lasagne nötfärs,Palmitoljesyra C16:1,Pastarätter,0.1,g
6346,Lasagne nötfärs,Palmitinsyra C16:0,Pastarätter,1.5,g
6346,Lasagne nötfärs,Myristinsyra C14:0,Pastarätter,0.3,g
6346,Lasagne nötfärs,Laurinsyra C12:0,Pastarätter,0.1,g
6346,Lasagne nötfärs,Betakaroten/β-Karoten,Pastarätter,112.0,µg
6346,Lasagne nötfärs,Avfall (skal etc.),Pastarätter,0.0,%
6346,Lasagne nötfärs,Aska,Pastarätter,1.8,g
6346,Lasagne nötfärs,Alkohol,Pastarätter,0.0,g
6348,Skinkfrestelse m. grädde,"Zink, Zn",Potatisprodukter potatisrätter,0.6,mg
6348,Skinkfrestelse m. grädde,Vitamin E,Potatisprodukter potatisrätter,0.5,mg
6348,Skinkfrestelse m. grädde,Vitamin D,Potatisprodukter potatisrätter,0.1,µg
6348,Skinkfrestelse m. grädde,Vitamin C,Potatisprodukter potatisrätter,8.3,mg
6348,Skinkfrestelse m. grädde,Vitamin B6,Potatisprodukter potatisrätter,0.18,mg
6348,Skinkfrestelse m. grädde,Vitamin B12,Potatisprodukter potatisrätter,0.19,µg
6348,Skinkfrestelse m. grädde,Vitamin A,Potatisprodukter potatisrätter,102.9,RE/µg
6348,Skinkfrestelse m. grädde,Vatten,Potatisprodukter potatisrätter,68.7,g
6348,Skinkfrestelse m. grädde,Tiamin,Potatisprodukter potatisrätter,0.2,mg
6348,Skinkfrestelse m. grädde,Tillsatt socker,Potatisprodukter potatisrätter,0.0,g
6348,Skinkfrestelse m. grädde,Fritt socker,Potatisprodukter potatisrätter,0.0,g
6348,Skinkfrestelse m. grädde,"Selen, Se",Potatisprodukter potatisrätter,2.9,µg
6348,Skinkfrestelse m. grädde,Sackaros,Potatisprodukter potatisrätter,0.3,g
6348,Skinkfrestelse m. grädde,Riboflavin,Potatisprodukter potatisrätter,0.08,mg
6348,Skinkfrestelse m. grädde,Retinol,Potatisprodukter potatisrätter,96.2,µg
6348,Skinkfrestelse m. grädde,Protein,Potatisprodukter potatisrätter,5.9,g
6348,Skinkfrestelse m. grädde,Summa fleromättade fettsyror,Potatisprodukter potatisrätter,0.4,g
6348,Skinkfrestelse m. grädde,"Fosfor, P",Potatisprodukter potatisrätter,126.0,mg
6348,Skinkfrestelse m. grädde,Niacinekvivalenter,Potatisprodukter potatisrätter,3.68,NE/mg
6348,Skinkfrestelse m. grädde,Niacin,Potatisprodukter potatisrätter,2.56,mg
6348,Skinkfrestelse m. grädde,"Salt, NaCl",Potatisprodukter potatisrätter,0.9,g
6348,Skinkfrestelse m. grädde,"Natrium, Na",Potatisprodukter potatisrätter,367.0,mg
6348,Skinkfrestelse m. grädde,Monosackarider,Potatisprodukter potatisrätter,0.5,g
6348,Skinkfrestelse m. grädde,"Sockerarter, totalt",Potatisprodukter potatisrätter,2.1,g
6348,Skinkfrestelse m. grädde,Summa enkelomättade fettsyror,Potatisprodukter potatisrätter,3.1,g
6348,Skinkfrestelse m. grädde,"Magnesium, Mg",Potatisprodukter potatisrätter,20.0,mg
6348,Skinkfrestelse m. grädde,Summa mättade fettsyror,Potatisprodukter potatisrätter,7.1,g
6348,Skinkfrestelse m. grädde,"Kolhydrater, tillgängliga",Potatisprodukter potatisrätter,10.6,g
6348,Skinkfrestelse m. grädde,Kolesterol,Potatisprodukter potatisrätter,40.8,mg
6348,Skinkfrestelse m. grädde,"Kalium, K",Potatisprodukter potatisrätter,314.0,mg
6348,Skinkfrestelse m. grädde,"Jod, I",Potatisprodukter potatisrätter,6.6,µg
6348,Skinkfrestelse m. grädde,Fullkorn totalt,Potatisprodukter potatisrätter,0.0,g
6348,Skinkfrestelse m. grädde,"Folat, totalt",Potatisprodukter potatisrätter,8.5,µg
6348,Skinkfrestelse m. grädde,Fibrer,Potatisprodukter potatisrätter,1.3,g
6348,Skinkfrestelse m. grädde,"Fett, totalt",Potatisprodukter potatisrätter,11.7,g
6348,Skinkfrestelse m. grädde,"Järn, Fe",Potatisprodukter potatisrätter,0.4,mg
6348,Skinkfrestelse m. grädde,Energi (kJ),Potatisprodukter potatisrätter,727.0,kJ
6348,Skinkfrestelse m. grädde,Energi (kcal),Potatisprodukter potatisrätter,174.0,kcal
6348,Skinkfrestelse m. grädde,Disackarider,Potatisprodukter potatisrätter,1.5,g
6348,Skinkfrestelse m. grädde,"Kalcium, Ca",Potatisprodukter potatisrätter,38.0,mg
6348,Skinkfrestelse m. grädde,Fettsyra 4:0-10:0,Potatisprodukter potatisrätter,0.8,g
6348,Skinkfrestelse m. grädde,DHA (C22:6),Potatisprodukter potatisrätter,0.0,g
6348,Skinkfrestelse m. grädde,DPA (C22:5),Potatisprodukter potatisrätter,0.0,g
6348,Skinkfrestelse m. grädde,EPA (C20:5),Potatisprodukter potatisrätter,0.0,g
6348,Skinkfrestelse m. grädde,Arakidonsyra C20:4,Potatisprodukter potatisrätter,0.0,g
6348,Skinkfrestelse m. grädde,Arakidinsyra C20:0,Potatisprodukter potatisrätter,0.0,g
6348,Skinkfrestelse m. grädde,Linolensyra C18:3,Potatisprodukter potatisrätter,0.1,g
6348,Skinkfrestelse m. grädde,Linolsyra C18:2,Potatisprodukter potatisrätter,0.3,g
6348,Skinkfrestelse m. grädde,Oljesyra C18:1,Potatisprodukter potatisrätter,2.8,g
6348,Skinkfrestelse m. grädde,Stearinsyra C18:0,Potatisprodukter potatisrätter,1.1,g
6348,Skinkfrestelse m. grädde,Palmitoljesyra C16:1,Potatisprodukter potatisrätter,0.2,g
6348,Skinkfrestelse m. grädde,Palmitinsyra C16:0,Potatisprodukter potatisrätter,3.6,g
6348,Skinkfrestelse m. grädde,Myristinsyra C14:0,Potatisprodukter potatisrätter,1.1,g
6348,Skinkfrestelse m. grädde,Laurinsyra C12:0,Potatisprodukter potatisrätter,0.4,g
6348,Skinkfrestelse m. grädde,Betakaroten/β-Karoten,Potatisprodukter potatisrätter,79.0,µg
6348,Skinkfrestelse m. grädde,Avfall (skal etc.),Potatisprodukter potatisrätter,9.0,%
6348,Skinkfrestelse m. grädde,Aska,Potatisprodukter potatisrätter,1.7,g
6348,Skinkfrestelse m. grädde,Alkohol,Potatisprodukter potatisrätter,0.0,g
6349,Lök stekt m. flytande matfett,"Zink, Zn",Grönsaks- rotfrukts- baljväxträtter o produkter,0.1,mg
6349,Lök stekt m. flytande matfett,Vitamin E,Grönsaks- rotfrukts- baljväxträtter o produkter,0.3,mg
6349,Lök stekt m. flytande matfett,Vitamin D,Grönsaks- rotfrukts- baljväxträtter o produkter,0.04,µg
6349,Lök stekt m. flytande matfett,Vitamin C,Grönsaks- rotfrukts- baljväxträtter o produkter,5.3,mg
6349,Lök stekt m. flytande matfett,Vitamin B6,Grönsaks- rotfrukts- baljväxträtter o produkter,0.16,mg
6349,Lök stekt m. flytande matfett,Vitamin B12,Grönsaks- rotfrukts- baljväxträtter o produkter,0.0,µg
6349,Lök stekt m. flytande matfett,Vitamin A,Grönsaks- rotfrukts- baljväxträtter o produkter,3.5,RE/µg
6349,Lök stekt m. flytande matfett,Vatten,Grönsaks- rotfrukts- baljväxträtter o produkter,86.5,g
6349,Lök stekt m. flytande matfett,Tiamin,Grönsaks- rotfrukts- baljväxträtter o produkter,0.04,mg
6349,Lök stekt m. flytande matfett,Tillsatt socker,Grönsaks- rotfrukts- baljväxträtter o produkter,0.0,g
6349,Lök stekt m. flytande matfett,Fritt socker,Grönsaks- rotfrukts- baljväxträtter o produkter,0.0,g
6349,Lök stekt m. flytande matfett,"Selen, Se",Grönsaks- rotfrukts- baljväxträtter o produkter,0.0,µg
6349,Lök stekt m. flytande matfett,Sackaros,Grönsaks- rotfrukts- baljväxträtter o produkter,1.7,g
6349,Lök stekt m. flytande matfett,Riboflavin,Grönsaks- rotfrukts- baljväxträtter o produkter,0.0,mg
6349,Lök stekt m. flytande matfett,Retinol,Grönsaks- rotfrukts- baljväxträtter o produkter,1.6,µg
6349,Lök stekt m. flytande matfett,Protein,Grönsaks- rotfrukts- baljväxträtter o produkter,1.4,g
6349,Lök stekt m. flytande matfett,Summa fleromättade fettsyror,Grönsaks- rotfrukts- baljväxträtter o produkter,0.4,g
6349,Lök stekt m. flytande matfett,"Fosfor, P",Grönsaks- rotfrukts- baljväxträtter o produkter,38.0,mg
6349,Lök stekt m. flytande matfett,Niacinekvivalenter,Grönsaks- rotfrukts- baljväxträtter o produkter,0.34,NE/mg
6349,Lök stekt m. flytande matfett,Niacin,Grönsaks- rotfrukts- baljväxträtter o produkter,0.16,mg
6349,Lök stekt m. flytande matfett,"Salt, NaCl",Grönsaks- rotfrukts- baljväxträtter o produkter,0.0,g
6349,Lök stekt m. flytande matfett,"Natrium, Na",Grönsaks- rotfrukts- baljväxträtter o produkter,6.0,mg
6349,Lök stekt m. flytande matfett,Monosackarider,Grönsaks- rotfrukts- baljväxträtter o produkter,3.4,g
6349,Lök stekt m. flytande matfett,"Sockerarter, totalt",Grönsaks- rotfrukts- baljväxträtter o produkter,5.1,g
6349,Lök stekt m. flytande matfett,Summa enkelomättade fettsyror,Grönsaks- rotfrukts- baljväxträtter o produkter,0.6,g
6349,Lök stekt m. flytande matfett,"Magnesium, Mg",Grönsaks- rotfrukts- baljväxträtter o produkter,13.0,mg
6349,Lök stekt m. flytande matfett,Summa mättade fettsyror,Grönsaks- rotfrukts- baljväxträtter o produkter,0.1,g
6349,Lök stekt m. flytande matfett,"Kolhydrater, tillgängliga",Grönsaks- rotfrukts- baljväxträtter o produkter,8.3,g
6349,Lök stekt m. flytande matfett,Kolesterol,Grönsaks- rotfrukts- baljväxträtter o produkter,0.0,mg
6349,Lök stekt m. flytande matfett,"Kalium, K",Grönsaks- rotfrukts- baljväxträtter o produkter,217.0,mg
6349,Lök stekt m. flytande matfett,"Jod, I",Grönsaks- rotfrukts- baljväxträtter o produkter,2.3,µg
6349,Lök stekt m. flytande matfett,Fullkorn totalt,Grönsaks- rotfrukts- baljväxträtter o produkter,0.0,g
6349,Lök stekt m. flytande matfett,"Folat, totalt",Grönsaks- rotfrukts- baljväxträtter o produkter,16.3,µg
6349,Lök stekt m. flytande matfett,Fibrer,Grönsaks- rotfrukts- baljväxträtter o produkter,2.1,g
6349,Lök stekt m. flytande matfett,"Fett, totalt",Grönsaks- rotfrukts- baljväxträtter o produkter,1.2,g
6349,Lök stekt m. flytande matfett,"Järn, Fe",Grönsaks- rotfrukts- baljväxträtter o produkter,0.2,mg
6349,Lök stekt m. flytande matfett,Energi (kJ),Grönsaks- rotfrukts- baljväxträtter o produkter,226.0,kJ
6349,Lök stekt m. flytande matfett,Energi (kcal),Grönsaks- rotfrukts- baljväxträtter o produkter,54.0,kcal
6349,Lök stekt m. flytande matfett,Disackarider,Grönsaks- rotfrukts- baljväxträtter o produkter,1.7,g
6349,Lök stekt m. flytande matfett,"Kalcium, Ca",Grönsaks- rotfrukts- baljväxträtter o produkter,35.0,mg
6349,Lök stekt m. flytande matfett,Fettsyra 4:0-10:0,Grönsaks- rotfrukts- baljväxträtter o produkter,0.0,g
6349,Lök stekt m. flytande matfett,DHA (C22:6),Grönsaks- rotfrukts- baljväxträtter o produkter,0.0,g
6349,Lök stekt m. flytande matfett,DPA (C22:5),Grönsaks- rotfrukts- baljväxträtter o produkter,0.0,g
6349,Lök stekt m. flytande matfett,EPA (C20:5),Grönsaks- rotfrukts- baljväxträtter o produkter,0.0,g
6349,Lök stekt m. flytande matfett,Arakidonsyra C20:4,Grönsaks- rotfrukts- baljväxträtter o produkter,0.0,g
6349,Lök stekt m. flytande matfett,Arakidinsyra C20:0,Grönsaks- rotfrukts- baljväxträtter o produkter,0.0,g
6349,Lök stekt m. flytande matfett,Linolensyra C18:3,Grönsaks- rotfrukts- baljväxträtter o produkter,0.1,g
6349,Lök stekt m. flytande matfett,Linolsyra C18:2,Grönsaks- rotfrukts- baljväxträtter o produkter,0.3,g
6349,Lök stekt m. flytande matfett,Oljesyra C18:1,Grönsaks- rotfrukts- baljväxträtter o produkter,0.6,g
6349,Lök stekt m. flytande matfett,Stearinsyra C18:0,Grönsaks- rotfrukts- baljväxträtter o produkter,0.0,g
6349,Lök stekt m. flytande matfett,Palmitoljesyra C16:1,Grönsaks- rotfrukts- baljväxträtter o produkter,0.0,g
6349,Lök stekt m. flytande matfett,Palmitinsyra C16:0,Grönsaks- rotfrukts- baljväxträtter o produkter,0.1,g
6349,Lök stekt m. flytande matfett,Myristinsyra C14:0,Grönsaks- rotfrukts- baljväxträtter o produkter,0.0,g
6349,Lök stekt m. flytande matfett,Laurinsyra C12:0,Grönsaks- rotfrukts- baljväxträtter o produkter,0.0,g
6349,Lök stekt m. flytande matfett,Betakaroten/β-Karoten,Grönsaks- rotfrukts- baljväxträtter o produkter,3.0,µg
6349,Lök stekt m. flytande matfett,Avfall (skal etc.),Grönsaks- rotfrukts- baljväxträtter o produkter,6.0,%
6349,Lök stekt m. flytande matfett,Aska,Grönsaks- rotfrukts- baljväxträtter o produkter,0.6,g
6349,Lök stekt m. flytande matfett,Alkohol,Grönsaks- rotfrukts- baljväxträtter o produkter,0.0,g
6352,Tzatziki m. morot,"Zink, Zn",Sås dressing majonnäs ,0.6,mg
6352,Tzatziki m. morot,Vitamin E,Sås dressing majonnäs ,0.7,mg
6352,Tzatziki m. morot,Vitamin D,Sås dressing majonnäs ,0.0,µg
6352,Tzatziki m. morot,Vitamin C,Sås dressing majonnäs ,2.8,mg
6352,Tzatziki m. morot,Vitamin B6,Sås dressing majonnäs ,0.1,mg
6352,Tzatziki m. morot,Vitamin B12,Sås dressing majonnäs ,0.08,µg
6352,Tzatziki m. morot,Vitamin A,Sås dressing majonnäs ,517.8,RE/µg
6352,Tzatziki m. morot,Vatten,Sås dressing majonnäs ,84.4,g
6352,Tzatziki m. morot,Tiamin,Sås dressing majonnäs ,0.04,mg
6352,Tzatziki m. morot,Tillsatt socker,Sås dressing majonnäs ,0.0,g
6352,Tzatziki m. morot,Fritt socker,Sås dressing majonnäs ,0.0,g
6352,Tzatziki m. morot,"Selen, Se",Sås dressing majonnäs ,0.0,µg
6352,Tzatziki m. morot,Sackaros,Sås dressing majonnäs ,1.7,g
6352,Tzatziki m. morot,Riboflavin,Sås dressing majonnäs ,0.08,mg
6352,Tzatziki m. morot,Retinol,Sås dressing majonnäs ,37.0,µg
6352,Tzatziki m. morot,Protein,Sås dressing majonnäs ,1.9,g
6352,Tzatziki m. morot,Summa fleromättade fettsyror,Sås dressing majonnäs ,0.3,g
6352,Tzatziki m. morot,"Fosfor, P",Sås dressing majonnäs ,56.0,mg
6352,Tzatziki m. morot,Niacinekvivalenter,Sås dressing majonnäs ,0.93,NE/mg
6352,Tzatziki m. morot,Niacin,Sås dressing majonnäs ,0.5,mg
6352,Tzatziki m. morot,"Salt, NaCl",Sås dressing majonnäs ,0.3,g
6352,Tzatziki m. morot,"Natrium, Na",Sås dressing majonnäs ,112.0,mg
6352,Tzatziki m. morot,Monosackarider,Sås dressing majonnäs ,1.8,g
6352,Tzatziki m. morot,"Sockerarter, totalt",Sås dressing majonnäs ,4.8,g
6352,Tzatziki m. morot,Summa enkelomättade fettsyror,Sås dressing majonnäs ,2.2,g
6352,Tzatziki m. morot,"Magnesium, Mg",Sås dressing majonnäs ,10.0,mg
6352,Tzatziki m. morot,Summa mättade fettsyror,Sås dressing majonnäs ,2.5,g
6352,Tzatziki m. morot,"Kolhydrater, tillgängliga",Sås dressing majonnäs ,6.0,g
6352,Tzatziki m. morot,Kolesterol,Sås dressing majonnäs ,10.5,mg
6352,Tzatziki m. morot,"Kalium, K",Sås dressing majonnäs ,185.0,mg
6352,Tzatziki m. morot,"Jod, I",Sås dressing majonnäs ,16.4,µg
6352,Tzatziki m. morot,Fullkorn totalt,Sås dressing majonnäs ,0.0,g
6352,Tzatziki m. morot,"Folat, totalt",Sås dressing majonnäs ,18.2,µg
6352,Tzatziki m. morot,Fibrer,Sås dressing majonnäs ,1.4,g
6352,Tzatziki m. morot,"Fett, totalt",Sås dressing majonnäs ,5.4,g
6352,Tzatziki m. morot,"Järn, Fe",Sås dressing majonnäs ,0.1,mg
6352,Tzatziki m. morot,Energi (kJ),Sås dressing majonnäs ,347.0,kJ
6352,Tzatziki m. morot,Energi (kcal),Sås dressing majonnäs ,83.0,kcal
6352,Tzatziki m. morot,Disackarider,Sås dressing majonnäs ,2.9,g
6352,Tzatziki m. morot,"Kalcium, Ca",Sås dressing majonnäs ,66.0,mg
6352,Tzatziki m. morot,Fettsyra 4:0-10:0,Sås dressing majonnäs ,0.3,g
6352,Tzatziki m. morot,DHA (C22:6),Sås dressing majonnäs ,0.0,g
6352,Tzatziki m. morot,DPA (C22:5),Sås dressing majonnäs ,0.0,g
6352,Tzatziki m. morot,EPA (C20:5),Sås dressing majonnäs ,0.0,g
6352,Tzatziki m. morot,Arakidonsyra C20:4,Sås dressing majonnäs ,0.0,g
6352,Tzatziki m. morot,Arakidinsyra C20:0,Sås dressing majonnäs ,0.0,g
6352,Tzatziki m. morot,Linolensyra C18:3,Sås dressing majonnäs ,0.0,g
6352,Tzatziki m. morot,Linolsyra C18:2,Sås dressing majonnäs ,0.3,g
6352,Tzatziki m. morot,Oljesyra C18:1,Sås dressing majonnäs ,2.0,g
6352,Tzatziki m. morot,Stearinsyra C18:0,Sås dressing majonnäs ,0.4,g
6352,Tzatziki m. morot,Palmitoljesyra C16:1,Sås dressing majonnäs ,0.1,g
6352,Tzatziki m. morot,Palmitinsyra C16:0,Sås dressing majonnäs ,1.2,g
6352,Tzatziki m. morot,Myristinsyra C14:0,Sås dressing majonnäs ,0.4,g
6352,Tzatziki m. morot,Laurinsyra C12:0,Sås dressing majonnäs ,0.1,g
6352,Tzatziki m. morot,Betakaroten/β-Karoten,Sås dressing majonnäs ,4855.0,µg
6352,Tzatziki m. morot,Avfall (skal etc.),Sås dressing majonnäs ,3.0,%
6352,Tzatziki m. morot,Aska,Sås dressing majonnäs ,0.9,g
6352,Tzatziki m. morot,Alkohol,Sås dressing majonnäs ,0.0,g
6353,Mango currysås hemlagad,"Zink, Zn",Sås dressing majonnäs ,0.2,mg
6353,Mango currysås hemlagad,Vitamin E,Sås dressing majonnäs ,0.9,mg
6353,Mango currysås hemlagad,Vitamin D,Sås dressing majonnäs ,0.0,µg
6353,Mango currysås hemlagad,Vitamin C,Sås dressing majonnäs ,18.0,mg
6353,Mango currysås hemlagad,Vitamin B6,Sås dressing majonnäs ,0.06,mg
6353,Mango currysås hemlagad,Vitamin B12,Sås dressing majonnäs ,0.0,µg
6353,Mango currysås hemlagad,Vitamin A,Sås dressing majonnäs ,136.7,RE/µg
6353,Mango currysås hemlagad,Vatten,Sås dressing majonnäs ,77.5,g
6353,Mango currysås hemlagad,Tiamin,Sås dressing majonnäs ,0.04,mg
6353,Mango currysås hemlagad,Tillsatt socker,Sås dressing majonnäs ,0.0,g
6353,Mango currysås hemlagad,Fritt socker,Sås dressing majonnäs ,0.0,g
6353,Mango currysås hemlagad,"Selen, Se",Sås dressing majonnäs ,0.6,µg
6353,Mango currysås hemlagad,Sackaros,Sås dressing majonnäs ,4.2,g
6353,Mango currysås hemlagad,Riboflavin,Sås dressing majonnäs ,0.04,mg
6353,Mango currysås hemlagad,Retinol,Sås dressing majonnäs ,93.5,µg
6353,Mango currysås hemlagad,Protein,Sås dressing majonnäs ,1.1,g
6353,Mango currysås hemlagad,Summa fleromättade fettsyror,Sås dressing majonnäs ,0.3,g
6353,Mango currysås hemlagad,"Fosfor, P",Sås dressing majonnäs ,29.0,mg
6353,Mango currysås hemlagad,Niacinekvivalenter,Sås dressing majonnäs ,0.87,NE/mg
6353,Mango currysås hemlagad,Niacin,Sås dressing majonnäs ,0.67,mg
6353,Mango currysås hemlagad,"Salt, NaCl",Sås dressing majonnäs ,1.5,g
6353,Mango currysås hemlagad,"Natrium, Na",Sås dressing majonnäs ,611.0,mg
6353,Mango currysås hemlagad,Monosackarider,Sås dressing majonnäs ,3.1,g
6353,Mango currysås hemlagad,"Sockerarter, totalt",Sås dressing majonnäs ,8.0,g
6353,Mango currysås hemlagad,Summa enkelomättade fettsyror,Sås dressing majonnäs ,2.0,g
6353,Mango currysås hemlagad,"Magnesium, Mg",Sås dressing majonnäs ,9.0,mg
6353,Mango currysås hemlagad,Summa mättade fettsyror,Sås dressing majonnäs ,6.9,g
6353,Mango currysås hemlagad,"Kolhydrater, tillgängliga",Sås dressing majonnäs ,8.5,g
6353,Mango currysås hemlagad,Kolesterol,Sås dressing majonnäs ,15.1,mg
6353,Mango currysås hemlagad,"Kalium, K",Sås dressing majonnäs ,136.0,mg
6353,Mango currysås hemlagad,"Jod, I",Sås dressing majonnäs ,79.3,µg
6353,Mango currysås hemlagad,Fullkorn totalt,Sås dressing majonnäs ,0.0,g
6353,Mango currysås hemlagad,"Folat, totalt",Sås dressing majonnäs ,19.0,µg
6353,Mango currysås hemlagad,Fibrer,Sås dressing majonnäs ,0.9,g
6353,Mango currysås hemlagad,"Fett, totalt",Sås dressing majonnäs ,10.1,g
6353,Mango currysås hemlagad,"Järn, Fe",Sås dressing majonnäs ,0.2,mg
6353,Mango currysås hemlagad,Energi (kJ),Sås dressing majonnäs ,544.0,kJ
6353,Mango currysås hemlagad,Energi (kcal),Sås dressing majonnäs ,130.0,kcal
6353,Mango currysås hemlagad,Disackarider,Sås dressing majonnäs ,4.9,g
6353,Mango currysås hemlagad,"Kalcium, Ca",Sås dressing majonnäs ,32.0,mg
6353,Mango currysås hemlagad,Fettsyra 4:0-10:0,Sås dressing majonnäs ,0.5,g
6353,Mango currysås hemlagad,DHA (C22:6),Sås dressing majonnäs ,0.0,g
6353,Mango currysås hemlagad,DPA (C22:5),Sås dressing majonnäs ,0.0,g
6353,Mango currysås hemlagad,EPA (C20:5),Sås dressing majonnäs ,0.0,g
6353,Mango currysås hemlagad,Arakidonsyra C20:4,Sås dressing majonnäs ,0.0,g
6353,Mango currysås hemlagad,Arakidinsyra C20:0,Sås dressing majonnäs ,0.0,g
6353,Mango currysås hemlagad,Linolensyra C18:3,Sås dressing majonnäs ,0.1,g
6353,Mango currysås hemlagad,Linolsyra C18:2,Sås dressing majonnäs ,0.2,g
6353,Mango currysås hemlagad,Oljesyra C18:1,Sås dressing majonnäs ,1.7,g
6353,Mango currysås hemlagad,Stearinsyra C18:0,Sås dressing majonnäs ,1.1,g
6353,Mango currysås hemlagad,Palmitoljesyra C16:1,Sås dressing majonnäs ,0.2,g
6353,Mango currysås hemlagad,Palmitinsyra C16:0,Sås dressing majonnäs ,3.5,g
6353,Mango currysås hemlagad,Myristinsyra C14:0,Sås dressing majonnäs ,1.2,g
6353,Mango currysås hemlagad,Laurinsyra C12:0,Sås dressing majonnäs ,0.3,g
6353,Mango currysås hemlagad,Betakaroten/β-Karoten,Sås dressing majonnäs ,508.0,µg
6353,Mango currysås hemlagad,Avfall (skal etc.),Sås dressing majonnäs ,21.0,%
6353,Mango currysås hemlagad,Aska,Sås dressing majonnäs ,1.9,g
6353,Mango currysås hemlagad,Alkohol,Sås dressing majonnäs ,0.0,g
6355,Kycklingpanna m. citron örter crème fraiche,"Zink, Zn",Fågelprodukter fågelrätter,1.3,mg
6355,Kycklingpanna m. citron örter crème fraiche,Vitamin E,Fågelprodukter fågelrätter,1.0,mg
6355,Kycklingpanna m. citron örter crème fraiche,Vitamin D,Fågelprodukter fågelrätter,0.19,µg
6355,Kycklingpanna m. citron örter crème fraiche,Vitamin C,Fågelprodukter fågelrätter,2.8,mg
6355,Kycklingpanna m. citron örter crème fraiche,Vitamin B6,Fågelprodukter fågelrätter,0.22,mg
6355,Kycklingpanna m. citron örter crème fraiche,Vitamin B12,Fågelprodukter fågelrätter,0.27,µg
6355,Kycklingpanna m. citron örter crème fraiche,Vitamin A,Fågelprodukter fågelrätter,64.8,RE/µg
6355,Kycklingpanna m. citron örter crème fraiche,Vatten,Fågelprodukter fågelrätter,67.1,g
6355,Kycklingpanna m. citron örter crème fraiche,Tiamin,Fågelprodukter fågelrätter,0.04,mg
6355,Kycklingpanna m. citron örter crème fraiche,Tillsatt socker,Fågelprodukter fågelrätter,0.0,g
6355,Kycklingpanna m. citron örter crème fraiche,Fritt socker,Fågelprodukter fågelrätter,2.0,g
6355,Kycklingpanna m. citron örter crème fraiche,"Selen, Se",Fågelprodukter fågelrätter,9.1,µg
6355,Kycklingpanna m. citron örter crème fraiche,Sackaros,Fågelprodukter fågelrätter,0.0,g
6355,Kycklingpanna m. citron örter crème fraiche,Riboflavin,Fågelprodukter fågelrätter,0.13,mg
6355,Kycklingpanna m. citron örter crème fraiche,Retinol,Fågelprodukter fågelrätter,56.0,µg
6355,Kycklingpanna m. citron örter crème fraiche,Protein,Fågelprodukter fågelrätter,18.1,g
6355,Kycklingpanna m. citron örter crème fraiche,Summa fleromättade fettsyror,Fågelprodukter fågelrätter,0.5,g
6355,Kycklingpanna m. citron örter crème fraiche,"Fosfor, P",Fågelprodukter fågelrätter,164.0,mg
6355,Kycklingpanna m. citron örter crème fraiche,Niacinekvivalenter,Fågelprodukter fågelrätter,9.93,NE/mg
6355,Kycklingpanna m. citron örter crème fraiche,Niacin,Fågelprodukter fågelrätter,6.57,mg
6355,Kycklingpanna m. citron örter crème fraiche,"Salt, NaCl",Fågelprodukter fågelrätter,2.2,g
6355,Kycklingpanna m. citron örter crème fraiche,"Natrium, Na",Fågelprodukter fågelrätter,885.0,mg
6355,Kycklingpanna m. citron örter crème fraiche,Monosackarider,Fågelprodukter fågelrätter,1.9,g
6355,Kycklingpanna m. citron örter crème fraiche,"Sockerarter, totalt",Fågelprodukter fågelrätter,2.9,g
6355,Kycklingpanna m. citron örter crème fraiche,Summa enkelomättade fettsyror,Fågelprodukter fågelrätter,2.2,g
6355,Kycklingpanna m. citron örter crème fraiche,"Magnesium, Mg",Fågelprodukter fågelrätter,25.0,mg
6355,Kycklingpanna m. citron örter crème fraiche,Summa mättade fettsyror,Fågelprodukter fågelrätter,3.8,g
6355,Kycklingpanna m. citron örter crème fraiche,"Kolhydrater, tillgängliga",Fågelprodukter fågelrätter,4.2,g
6355,Kycklingpanna m. citron örter crème fraiche,Kolesterol,Fågelprodukter fågelrätter,65.2,mg
6355,Kycklingpanna m. citron örter crème fraiche,"Kalium, K",Fågelprodukter fågelrätter,124.0,mg
6355,Kycklingpanna m. citron örter crème fraiche,"Jod, I",Fågelprodukter fågelrätter,34.3,µg
6355,Kycklingpanna m. citron örter crème fraiche,Fullkorn totalt,Fågelprodukter fågelrätter,0.0,g
6355,Kycklingpanna m. citron örter crème fraiche,"Folat, totalt",Fågelprodukter fågelrätter,16.8,µg
6355,Kycklingpanna m. citron örter crème fraiche,Fibrer,Fågelprodukter fågelrätter,0.1,g
6355,Kycklingpanna m. citron örter crème fraiche,"Fett, totalt",Fågelprodukter fågelrätter,7.4,g
6355,Kycklingpanna m. citron örter crème fraiche,"Järn, Fe",Fågelprodukter fågelrätter,0.8,mg
6355,Kycklingpanna m. citron örter crème fraiche,Energi (kJ),Fågelprodukter fågelrätter,653.0,kJ
6355,Kycklingpanna m. citron örter crème fraiche,Energi (kcal),Fågelprodukter fågelrätter,156.0,kcal
6355,Kycklingpanna m. citron örter crème fraiche,Disackarider,Fågelprodukter fågelrätter,0.9,g
6355,Kycklingpanna m. citron örter crème fraiche,"Kalcium, Ca",Fågelprodukter fågelrätter,40.0,mg
6355,Kycklingpanna m. citron örter crème fraiche,Fettsyra 4:0-10:0,Fågelprodukter fågelrätter,0.4,g
6355,Kycklingpanna m. citron örter crème fraiche,DHA (C22:6),Fågelprodukter fågelrätter,0.0,g
6355,Kycklingpanna m. citron örter crème fraiche,DPA (C22:5),Fågelprodukter fågelrätter,0.0,g
6355,Kycklingpanna m. citron örter crème fraiche,EPA (C20:5),Fågelprodukter fågelrätter,0.0,g
6355,Kycklingpanna m. citron örter crème fraiche,Arakidonsyra C20:4,Fågelprodukter fågelrätter,0.0,g
6355,Kycklingpanna m. citron örter crème fraiche,Arakidinsyra C20:0,Fågelprodukter fågelrätter,0.0,g
6355,Kycklingpanna m. citron örter crème fraiche,Linolensyra C18:3,Fågelprodukter fågelrätter,0.0,g
6355,Kycklingpanna m. citron örter crème fraiche,Linolsyra C18:2,Fågelprodukter fågelrätter,0.4,g
6355,Kycklingpanna m. citron örter crème fraiche,Oljesyra C18:1,Fågelprodukter fågelrätter,1.9,g
6355,Kycklingpanna m. citron örter crème fraiche,Stearinsyra C18:0,Fågelprodukter fågelrätter,0.6,g
6355,Kycklingpanna m. citron örter crème fraiche,Palmitoljesyra C16:1,Fågelprodukter fågelrätter,0.3,g
6355,Kycklingpanna m. citron örter crème fraiche,Palmitinsyra C16:0,Fågelprodukter fågelrätter,2.0,g
6355,Kycklingpanna m. citron örter crème fraiche,Myristinsyra C14:0,Fågelprodukter fågelrätter,0.5,g
6355,Kycklingpanna m. citron örter crème fraiche,Laurinsyra C12:0,Fågelprodukter fågelrätter,0.2,g
6355,Kycklingpanna m. citron örter crème fraiche,Betakaroten/β-Karoten,Fågelprodukter fågelrätter,105.0,µg
6355,Kycklingpanna m. citron örter crème fraiche,Avfall (skal etc.),Fågelprodukter fågelrätter,0.0,%
6355,Kycklingpanna m. citron örter crème fraiche,Aska,Fågelprodukter fågelrätter,3.1,g
6355,Kycklingpanna m. citron örter crème fraiche,Alkohol,Fågelprodukter fågelrätter,0.0,g
6356,Cowboysoppa m. potatis köttfärs,"Zink, Zn",Soppa mat,1.3,mg
6356,Cowboysoppa m. potatis köttfärs,Vitamin E,Soppa mat,0.7,mg
6356,Cowboysoppa m. potatis köttfärs,Vitamin D,Soppa mat,0.42,µg
6356,Cowboysoppa m. potatis köttfärs,Vitamin C,Soppa mat,13.9,mg
6356,Cowboysoppa m. potatis köttfärs,Vitamin B6,Soppa mat,0.13,mg
6356,Cowboysoppa m. potatis köttfärs,Vitamin B12,Soppa mat,0.46,µg
6356,Cowboysoppa m. potatis köttfärs,Vitamin A,Soppa mat,38.9,RE/µg
6356,Cowboysoppa m. potatis köttfärs,Vatten,Soppa mat,78.5,g
6356,Cowboysoppa m. potatis köttfärs,Tiamin,Soppa mat,0.12,mg
6356,Cowboysoppa m. potatis köttfärs,Tillsatt socker,Soppa mat,0.0,g
6356,Cowboysoppa m. potatis köttfärs,Fritt socker,Soppa mat,0.0,g
6356,Cowboysoppa m. potatis köttfärs,"Selen, Se",Soppa mat,2.4,µg
6356,Cowboysoppa m. potatis köttfärs,Sackaros,Soppa mat,0.2,g
6356,Cowboysoppa m. potatis köttfärs,Riboflavin,Soppa mat,0.11,mg
6356,Cowboysoppa m. potatis köttfärs,Retinol,Soppa mat,28.3,µg
6356,Cowboysoppa m. potatis köttfärs,Protein,Soppa mat,6.7,g
6356,Cowboysoppa m. potatis köttfärs,Summa fleromättade fettsyror,Soppa mat,0.3,g
6356,Cowboysoppa m. potatis köttfärs,"Fosfor, P",Soppa mat,119.0,mg
6356,Cowboysoppa m. potatis köttfärs,Niacinekvivalenter,Soppa mat,3.05,NE/mg
6356,Cowboysoppa m. potatis köttfärs,Niacin,Soppa mat,1.76,mg
6356,Cowboysoppa m. potatis köttfärs,"Salt, NaCl",Soppa mat,0.3,g
6356,Cowboysoppa m. potatis köttfärs,"Natrium, Na",Soppa mat,117.0,mg
6356,Cowboysoppa m. potatis köttfärs,Monosackarider,Soppa mat,1.3,g
6356,Cowboysoppa m. potatis köttfärs,"Sockerarter, totalt",Soppa mat,3.7,g
6356,Cowboysoppa m. potatis köttfärs,Summa enkelomättade fettsyror,Soppa mat,2.1,g
6356,Cowboysoppa m. potatis köttfärs,"Magnesium, Mg",Soppa mat,18.0,mg
6356,Cowboysoppa m. potatis köttfärs,Summa mättade fettsyror,Soppa mat,3.2,g
6356,Cowboysoppa m. potatis köttfärs,"Kolhydrater, tillgängliga",Soppa mat,6.7,g
6356,Cowboysoppa m. potatis köttfärs,Kolesterol,Soppa mat,23.2,mg
6356,Cowboysoppa m. potatis köttfärs,"Kalium, K",Soppa mat,244.0,mg
6356,Cowboysoppa m. potatis köttfärs,"Jod, I",Soppa mat,21.1,µg
6356,Cowboysoppa m. potatis köttfärs,Fullkorn totalt,Soppa mat,0.0,g
6356,Cowboysoppa m. potatis köttfärs,"Folat, totalt",Soppa mat,11.6,µg
6356,Cowboysoppa m. potatis köttfärs,Fibrer,Soppa mat,0.9,g
6356,Cowboysoppa m. potatis köttfärs,"Fett, totalt",Soppa mat,6.1,g
6356,Cowboysoppa m. potatis köttfärs,"Järn, Fe",Soppa mat,0.6,mg
6356,Cowboysoppa m. potatis köttfärs,Energi (kJ),Soppa mat,459.0,kJ
6356,Cowboysoppa m. potatis köttfärs,Energi (kcal),Soppa mat,110.0,kcal
6356,Cowboysoppa m. potatis köttfärs,Disackarider,Soppa mat,2.4,g
6356,Cowboysoppa m. potatis köttfärs,"Kalcium, Ca",Soppa mat,66.0,mg
6356,Cowboysoppa m. potatis köttfärs,Fettsyra 4:0-10:0,Soppa mat,0.2,g
6356,Cowboysoppa m. potatis köttfärs,DHA (C22:6),Soppa mat,0.0,g
6356,Cowboysoppa m. potatis köttfärs,DPA (C22:5),Soppa mat,0.0,g
6356,Cowboysoppa m. potatis köttfärs,EPA (C20:5),Soppa mat,0.0,g
6356,Cowboysoppa m. potatis köttfärs,Arakidonsyra C20:4,Soppa mat,0.0,g
6356,Cowboysoppa m. potatis köttfärs,Arakidinsyra C20:0,Soppa mat,0.0,g
6356,Cowboysoppa m. potatis köttfärs,Linolensyra C18:3,Soppa mat,0.0,g
6356,Cowboysoppa m. potatis köttfärs,Linolsyra C18:2,Soppa mat,0.2,g
6356,Cowboysoppa m. potatis köttfärs,Oljesyra C18:1,Soppa mat,1.9,g
6356,Cowboysoppa m. potatis köttfärs,Stearinsyra C18:0,Soppa mat,0.7,g
6356,Cowboysoppa m. potatis köttfärs,Palmitoljesyra C16:1,Soppa mat,0.2,g
6356,Cowboysoppa m. potatis köttfärs,Palmitinsyra C16:0,Soppa mat,1.6,g
6356,Cowboysoppa m. potatis köttfärs,Myristinsyra C14:0,Soppa mat,0.4,g
6356,Cowboysoppa m. potatis köttfärs,Laurinsyra C12:0,Soppa mat,0.1,g
6356,Cowboysoppa m. potatis köttfärs,Betakaroten/β-Karoten,Soppa mat,115.0,µg
6356,Cowboysoppa m. potatis köttfärs,Avfall (skal etc.),Soppa mat,5.0,%
6356,Cowboysoppa m. potatis köttfärs,Aska,Soppa mat,1.2,g
6356,Cowboysoppa m. potatis köttfärs,Alkohol,Soppa mat,0.0,g
6357,Fransk bondsoppa m. fläsk rotfrukter,"Zink, Zn",Soppa mat,0.3,mg
6357,Fransk bondsoppa m. fläsk rotfrukter,Vitamin E,Soppa mat,0.2,mg
6357,Fransk bondsoppa m. fläsk rotfrukter,Vitamin D,Soppa mat,0.0,µg
6357,Fransk bondsoppa m. fläsk rotfrukter,Vitamin C,Soppa mat,1.6,mg
6357,Fransk bondsoppa m. fläsk rotfrukter,Vitamin B6,Soppa mat,0.07,mg
6357,Fransk bondsoppa m. fläsk rotfrukter,Vitamin B12,Soppa mat,0.06,µg
6357,Fransk bondsoppa m. fläsk rotfrukter,Vitamin A,Soppa mat,122.6,RE/µg
6357,Fransk bondsoppa m. fläsk rotfrukter,Vatten,Soppa mat,86.7,g
6357,Fransk bondsoppa m. fläsk rotfrukter,Tiamin,Soppa mat,0.06,mg
6357,Fransk bondsoppa m. fläsk rotfrukter,Tillsatt socker,Soppa mat,1.0,g
6357,Fransk bondsoppa m. fläsk rotfrukter,Fritt socker,Soppa mat,1.0,g
6357,Fransk bondsoppa m. fläsk rotfrukter,"Selen, Se",Soppa mat,1.0,µg
6357,Fransk bondsoppa m. fläsk rotfrukter,Sackaros,Soppa mat,1.7,g
6357,Fransk bondsoppa m. fläsk rotfrukter,Riboflavin,Soppa mat,0.02,mg
6357,Fransk bondsoppa m. fläsk rotfrukter,Retinol,Soppa mat,2.6,µg
6357,Fransk bondsoppa m. fläsk rotfrukter,Protein,Soppa mat,2.1,g
6357,Fransk bondsoppa m. fläsk rotfrukter,Summa fleromättade fettsyror,Soppa mat,0.3,g
6357,Fransk bondsoppa m. fläsk rotfrukter,"Fosfor, P",Soppa mat,41.0,mg
6357,Fransk bondsoppa m. fläsk rotfrukter,Niacinekvivalenter,Soppa mat,0.99,NE/mg
6357,Fransk bondsoppa m. fläsk rotfrukter,Niacin,Soppa mat,0.63,mg
6357,Fransk bondsoppa m. fläsk rotfrukter,"Salt, NaCl",Soppa mat,0.8,g
6357,Fransk bondsoppa m. fläsk rotfrukter,"Natrium, Na",Soppa mat,318.0,mg
6357,Fransk bondsoppa m. fläsk rotfrukter,Monosackarider,Soppa mat,1.1,g
6357,Fransk bondsoppa m. fläsk rotfrukter,"Sockerarter, totalt",Soppa mat,2.8,g
6357,Fransk bondsoppa m. fläsk rotfrukter,Summa enkelomättade fettsyror,Soppa mat,0.9,g
6357,Fransk bondsoppa m. fläsk rotfrukter,"Magnesium, Mg",Soppa mat,11.0,mg
6357,Fransk bondsoppa m. fläsk rotfrukter,Summa mättade fettsyror,Soppa mat,0.9,g
6357,Fransk bondsoppa m. fläsk rotfrukter,"Kolhydrater, tillgängliga",Soppa mat,5.9,g
6357,Fransk bondsoppa m. fläsk rotfrukter,Kolesterol,Soppa mat,2.9,mg
6357,Fransk bondsoppa m. fläsk rotfrukter,"Kalium, K",Soppa mat,118.0,mg
6357,Fransk bondsoppa m. fläsk rotfrukter,"Jod, I",Soppa mat,1.3,µg
6357,Fransk bondsoppa m. fläsk rotfrukter,Fullkorn totalt,Soppa mat,0.0,g
6357,Fransk bondsoppa m. fläsk rotfrukter,"Folat, totalt",Soppa mat,11.8,µg
6357,Fransk bondsoppa m. fläsk rotfrukter,Fibrer,Soppa mat,1.8,g
6357,Fransk bondsoppa m. fläsk rotfrukter,"Fett, totalt",Soppa mat,2.2,g
6357,Fransk bondsoppa m. fläsk rotfrukter,"Järn, Fe",Soppa mat,0.4,mg
6357,Fransk bondsoppa m. fläsk rotfrukter,Energi (kJ),Soppa mat,233.0,kJ
6357,Fransk bondsoppa m. fläsk rotfrukter,Energi (kcal),Soppa mat,56.0,kcal
6357,Fransk bondsoppa m. fläsk rotfrukter,Disackarider,Soppa mat,1.8,g
6357,Fransk bondsoppa m. fläsk rotfrukter,"Kalcium, Ca",Soppa mat,21.0,mg
6357,Fransk bondsoppa m. fläsk rotfrukter,Fettsyra 4:0-10:0,Soppa mat,0.0,g
6357,Fransk bondsoppa m. fläsk rotfrukter,DHA (C22:6),Soppa mat,0.0,g
6357,Fransk bondsoppa m. fläsk rotfrukter,DPA (C22:5),Soppa mat,0.0,g
6357,Fransk bondsoppa m. fläsk rotfrukter,EPA (C20:5),Soppa mat,0.0,g
6357,Fransk bondsoppa m. fläsk rotfrukter,Arakidonsyra C20:4,Soppa mat,0.0,g
6357,Fransk bondsoppa m. fläsk rotfrukter,Arakidinsyra C20:0,Soppa mat,0.0,g
6357,Fransk bondsoppa m. fläsk rotfrukter,Linolensyra C18:3,Soppa mat,0.0,g
6357,Fransk bondsoppa m. fläsk rotfrukter,Linolsyra C18:2,Soppa mat,0.2,g
6357,Fransk bondsoppa m. fläsk rotfrukter,Oljesyra C18:1,Soppa mat,0.9,g
6357,Fransk bondsoppa m. fläsk rotfrukter,Stearinsyra C18:0,Soppa mat,0.3,g
6357,Fransk bondsoppa m. fläsk rotfrukter,Palmitoljesyra C16:1,Soppa mat,0.0,g
6357,Fransk bondsoppa m. fläsk rotfrukter,Palmitinsyra C16:0,Soppa mat,0.5,g
6357,Fransk bondsoppa m. fläsk rotfrukter,Myristinsyra C14:0,Soppa mat,0.0,g
6357,Fransk bondsoppa m. fläsk rotfrukter,Laurinsyra C12:0,Soppa mat,0.0,g
6357,Fransk bondsoppa m. fläsk rotfrukter,Betakaroten/β-Karoten,Soppa mat,1212.0,µg
6357,Fransk bondsoppa m. fläsk rotfrukter,Avfall (skal etc.),Soppa mat,4.0,%
6357,Fransk bondsoppa m. fläsk rotfrukter,Aska,Soppa mat,1.3,g
6357,Fransk bondsoppa m. fläsk rotfrukter,Alkohol,Soppa mat,0.0,g
6358,Kycklingpanna m. lime honung crème fraiche,"Zink, Zn",Fågelprodukter fågelrätter,0.5,mg
6358,Kycklingpanna m. lime honung crème fraiche,Vitamin E,Fågelprodukter fågelrätter,1.0,mg
6358,Kycklingpanna m. lime honung crème fraiche,Vitamin D,Fågelprodukter fågelrätter,0.23,µg
6358,Kycklingpanna m. lime honung crème fraiche,Vitamin C,Fågelprodukter fågelrätter,1.4,mg
6358,Kycklingpanna m. lime honung crème fraiche,Vitamin B6,Fågelprodukter fågelrätter,0.35,mg
6358,Kycklingpanna m. lime honung crème fraiche,Vitamin B12,Fågelprodukter fågelrätter,0.15,µg
6358,Kycklingpanna m. lime honung crème fraiche,Vitamin A,Fågelprodukter fågelrätter,121.2,RE/µg
6358,Kycklingpanna m. lime honung crème fraiche,Vatten,Fågelprodukter fågelrätter,68.2,g
6358,Kycklingpanna m. lime honung crème fraiche,Tiamin,Fågelprodukter fågelrätter,0.11,mg
6358,Kycklingpanna m. lime honung crème fraiche,Tillsatt socker,Fågelprodukter fågelrätter,0.0,g
6358,Kycklingpanna m. lime honung crème fraiche,Fritt socker,Fågelprodukter fågelrätter,2.0,g
6358,Kycklingpanna m. lime honung crème fraiche,"Selen, Se",Fågelprodukter fågelrätter,9.1,µg
6358,Kycklingpanna m. lime honung crème fraiche,Sackaros,Fågelprodukter fågelrätter,0.0,g
6358,Kycklingpanna m. lime honung crème fraiche,Riboflavin,Fågelprodukter fågelrätter,0.11,mg
6358,Kycklingpanna m. lime honung crème fraiche,Retinol,Fågelprodukter fågelrätter,116.2,µg
6358,Kycklingpanna m. lime honung crème fraiche,Protein,Fågelprodukter fågelrätter,13.0,g
6358,Kycklingpanna m. lime honung crème fraiche,Summa fleromättade fettsyror,Fågelprodukter fågelrätter,0.7,g
6358,Kycklingpanna m. lime honung crème fraiche,"Fosfor, P",Fågelprodukter fågelrätter,190.0,mg
6358,Kycklingpanna m. lime honung crème fraiche,Niacinekvivalenter,Fågelprodukter fågelrätter,10.0,NE/mg
6358,Kycklingpanna m. lime honung crème fraiche,Niacin,Fågelprodukter fågelrätter,7.61,mg
6358,Kycklingpanna m. lime honung crème fraiche,"Salt, NaCl",Fågelprodukter fågelrätter,1.6,g
6358,Kycklingpanna m. lime honung crème fraiche,"Natrium, Na",Fågelprodukter fågelrätter,625.0,mg
6358,Kycklingpanna m. lime honung crème fraiche,Monosackarider,Fågelprodukter fågelrätter,2.2,g
6358,Kycklingpanna m. lime honung crème fraiche,"Sockerarter, totalt",Fågelprodukter fågelrätter,3.1,g
6358,Kycklingpanna m. lime honung crème fraiche,Summa enkelomättade fettsyror,Fågelprodukter fågelrätter,3.0,g
6358,Kycklingpanna m. lime honung crème fraiche,"Magnesium, Mg",Fågelprodukter fågelrätter,25.0,mg
6358,Kycklingpanna m. lime honung crème fraiche,Summa mättade fettsyror,Fågelprodukter fågelrätter,8.7,g
6358,Kycklingpanna m. lime honung crème fraiche,"Kolhydrater, tillgängliga",Fågelprodukter fågelrätter,3.3,g
6358,Kycklingpanna m. lime honung crème fraiche,Kolesterol,Fågelprodukter fågelrätter,71.8,mg
6358,Kycklingpanna m. lime honung crème fraiche,"Kalium, K",Fågelprodukter fågelrätter,235.0,mg
6358,Kycklingpanna m. lime honung crème fraiche,"Jod, I",Fågelprodukter fågelrätter,49.3,µg
6358,Kycklingpanna m. lime honung crème fraiche,Fullkorn totalt,Fågelprodukter fågelrätter,0.0,g
6358,Kycklingpanna m. lime honung crème fraiche,"Folat, totalt",Fågelprodukter fågelrätter,10.1,µg
6358,Kycklingpanna m. lime honung crème fraiche,Fibrer,Fågelprodukter fågelrätter,0.0,g
6358,Kycklingpanna m. lime honung crème fraiche,"Fett, totalt",Fågelprodukter fågelrätter,13.2,g
6358,Kycklingpanna m. lime honung crème fraiche,"Järn, Fe",Fågelprodukter fågelrätter,0.3,mg
6358,Kycklingpanna m. lime honung crème fraiche,Energi (kJ),Fågelprodukter fågelrätter,765.0,kJ
6358,Kycklingpanna m. lime honung crème fraiche,Energi (kcal),Fågelprodukter fågelrätter,183.0,kcal
6358,Kycklingpanna m. lime honung crème fraiche,Disackarider,Fågelprodukter fågelrätter,0.9,g
6358,Kycklingpanna m. lime honung crème fraiche,"Kalcium, Ca",Fågelprodukter fågelrätter,24.0,mg
6358,Kycklingpanna m. lime honung crème fraiche,Fettsyra 4:0-10:0,Fågelprodukter fågelrätter,0.7,g
6358,Kycklingpanna m. lime honung crème fraiche,DHA (C22:6),Fågelprodukter fågelrätter,0.0,g
6358,Kycklingpanna m. lime honung crème fraiche,DPA (C22:5),Fågelprodukter fågelrätter,0.0,g
6358,Kycklingpanna m. lime honung crème fraiche,EPA (C20:5),Fågelprodukter fågelrätter,0.0,g
6358,Kycklingpanna m. lime honung crème fraiche,Arakidonsyra C20:4,Fågelprodukter fågelrätter,0.0,g
6358,Kycklingpanna m. lime honung crème fraiche,Arakidinsyra C20:0,Fågelprodukter fågelrätter,0.0,g
6358,Kycklingpanna m. lime honung crème fraiche,Linolensyra C18:3,Fågelprodukter fågelrätter,0.1,g
6358,Kycklingpanna m. lime honung crème fraiche,Linolsyra C18:2,Fågelprodukter fågelrätter,0.5,g
6358,Kycklingpanna m. lime honung crème fraiche,Oljesyra C18:1,Fågelprodukter fågelrätter,2.6,g
6358,Kycklingpanna m. lime honung crème fraiche,Stearinsyra C18:0,Fågelprodukter fågelrätter,1.4,g
6358,Kycklingpanna m. lime honung crème fraiche,Palmitoljesyra C16:1,Fågelprodukter fågelrätter,0.2,g
6358,Kycklingpanna m. lime honung crème fraiche,Palmitinsyra C16:0,Fågelprodukter fågelrätter,4.3,g
6358,Kycklingpanna m. lime honung crème fraiche,Myristinsyra C14:0,Fågelprodukter fågelrätter,1.4,g
6358,Kycklingpanna m. lime honung crème fraiche,Laurinsyra C12:0,Fågelprodukter fågelrätter,0.4,g
6358,Kycklingpanna m. lime honung crème fraiche,Betakaroten/β-Karoten,Fågelprodukter fågelrätter,60.0,µg
6358,Kycklingpanna m. lime honung crème fraiche,Avfall (skal etc.),Fågelprodukter fågelrätter,0.0,%
6358,Kycklingpanna m. lime honung crème fraiche,Aska,Fågelprodukter fågelrätter,2.3,g
6358,Kycklingpanna m. lime honung crème fraiche,Alkohol,Fågelprodukter fågelrätter,0.0,g
6359,Hedvigsoppa m. vitkål nötfärs morot,"Zink, Zn",Soppa mat,1.2,mg
6359,Hedvigsoppa m. vitkål nötfärs morot,Vitamin E,Soppa mat,0.3,mg
6359,Hedvigsoppa m. vitkål nötfärs morot,Vitamin D,Soppa mat,0.02,µg
6359,Hedvigsoppa m. vitkål nötfärs morot,Vitamin C,Soppa mat,7.7,mg
6359,Hedvigsoppa m. vitkål nötfärs morot,Vitamin B6,Soppa mat,0.09,mg
6359,Hedvigsoppa m. vitkål nötfärs morot,Vitamin B12,Soppa mat,0.26,µg
6359,Hedvigsoppa m. vitkål nötfärs morot,Vitamin A,Soppa mat,104.6,RE/µg
6359,Hedvigsoppa m. vitkål nötfärs morot,Vatten,Soppa mat,86.8,g
6359,Hedvigsoppa m. vitkål nötfärs morot,Tiamin,Soppa mat,0.04,mg
6359,Hedvigsoppa m. vitkål nötfärs morot,Tillsatt socker,Soppa mat,0.0,g
6359,Hedvigsoppa m. vitkål nötfärs morot,Fritt socker,Soppa mat,0.0,g
6359,Hedvigsoppa m. vitkål nötfärs morot,"Selen, Se",Soppa mat,1.3,µg
6359,Hedvigsoppa m. vitkål nötfärs morot,Sackaros,Soppa mat,0.6,g
6359,Hedvigsoppa m. vitkål nötfärs morot,Riboflavin,Soppa mat,0.04,mg
6359,Hedvigsoppa m. vitkål nötfärs morot,Retinol,Soppa mat,2.4,µg
6359,Hedvigsoppa m. vitkål nötfärs morot,Protein,Soppa mat,5.3,g
6359,Hedvigsoppa m. vitkål nötfärs morot,Summa fleromättade fettsyror,Soppa mat,0.2,g
6359,Hedvigsoppa m. vitkål nötfärs morot,"Fosfor, P",Soppa mat,54.0,mg
6359,Hedvigsoppa m. vitkål nötfärs morot,Niacinekvivalenter,Soppa mat,2.28,NE/mg
6359,Hedvigsoppa m. vitkål nötfärs morot,Niacin,Soppa mat,1.34,mg
6359,Hedvigsoppa m. vitkål nötfärs morot,"Salt, NaCl",Soppa mat,0.8,g
6359,Hedvigsoppa m. vitkål nötfärs morot,"Natrium, Na",Soppa mat,317.0,mg
6359,Hedvigsoppa m. vitkål nötfärs morot,Monosackarider,Soppa mat,2.1,g
6359,Hedvigsoppa m. vitkål nötfärs morot,"Sockerarter, totalt",Soppa mat,2.8,g
6359,Hedvigsoppa m. vitkål nötfärs morot,Summa enkelomättade fettsyror,Soppa mat,1.2,g
6359,Hedvigsoppa m. vitkål nötfärs morot,"Magnesium, Mg",Soppa mat,11.0,mg
6359,Hedvigsoppa m. vitkål nötfärs morot,Summa mättade fettsyror,Soppa mat,1.2,g
6359,Hedvigsoppa m. vitkål nötfärs morot,"Kolhydrater, tillgängliga",Soppa mat,2.8,g
6359,Hedvigsoppa m. vitkål nötfärs morot,Kolesterol,Soppa mat,13.5,mg
6359,Hedvigsoppa m. vitkål nötfärs morot,"Kalium, K",Soppa mat,136.0,mg
6359,Hedvigsoppa m. vitkål nötfärs morot,"Jod, I",Soppa mat,11.0,µg
6359,Hedvigsoppa m. vitkål nötfärs morot,Fullkorn totalt,Soppa mat,0.0,g
6359,Hedvigsoppa m. vitkål nötfärs morot,"Folat, totalt",Soppa mat,7.2,µg
6359,Hedvigsoppa m. vitkål nötfärs morot,Fibrer,Soppa mat,1.2,g
6359,Hedvigsoppa m. vitkål nötfärs morot,"Fett, totalt",Soppa mat,2.7,g
6359,Hedvigsoppa m. vitkål nötfärs morot,"Järn, Fe",Soppa mat,0.6,mg
6359,Hedvigsoppa m. vitkål nötfärs morot,Energi (kJ),Soppa mat,246.0,kJ
6359,Hedvigsoppa m. vitkål nötfärs morot,Energi (kcal),Soppa mat,59.0,kcal
6359,Hedvigsoppa m. vitkål nötfärs morot,Disackarider,Soppa mat,0.6,g
6359,Hedvigsoppa m. vitkål nötfärs morot,"Kalcium, Ca",Soppa mat,20.0,mg
6359,Hedvigsoppa m. vitkål nötfärs morot,Fettsyra 4:0-10:0,Soppa mat,0.0,g
6359,Hedvigsoppa m. vitkål nötfärs morot,DHA (C22:6),Soppa mat,0.0,g
6359,Hedvigsoppa m. vitkål nötfärs morot,DPA (C22:5),Soppa mat,0.0,g
6359,Hedvigsoppa m. vitkål nötfärs morot,EPA (C20:5),Soppa mat,0.0,g
6359,Hedvigsoppa m. vitkål nötfärs morot,Arakidonsyra C20:4,Soppa mat,0.0,g
6359,Hedvigsoppa m. vitkål nötfärs morot,Arakidinsyra C20:0,Soppa mat,0.0,g
6359,Hedvigsoppa m. vitkål nötfärs morot,Linolensyra C18:3,Soppa mat,0.0,g
6359,Hedvigsoppa m. vitkål nötfärs morot,Linolsyra C18:2,Soppa mat,0.1,g
6359,Hedvigsoppa m. vitkål nötfärs morot,Oljesyra C18:1,Soppa mat,1.0,g
6359,Hedvigsoppa m. vitkål nötfärs morot,Stearinsyra C18:0,Soppa mat,0.4,g
6359,Hedvigsoppa m. vitkål nötfärs morot,Palmitoljesyra C16:1,Soppa mat,0.1,g
6359,Hedvigsoppa m. vitkål nötfärs morot,Palmitinsyra C16:0,Soppa mat,0.6,g
6359,Hedvigsoppa m. vitkål nötfärs morot,Myristinsyra C14:0,Soppa mat,0.1,g
6359,Hedvigsoppa m. vitkål nötfärs morot,Laurinsyra C12:0,Soppa mat,0.0,g
6359,Hedvigsoppa m. vitkål nötfärs morot,Betakaroten/β-Karoten,Soppa mat,1034.0,µg
6359,Hedvigsoppa m. vitkål nötfärs morot,Avfall (skal etc.),Soppa mat,4.0,%
6359,Hedvigsoppa m. vitkål nötfärs morot,Aska,Soppa mat,1.3,g
6359,Hedvigsoppa m. vitkål nötfärs morot,Alkohol,Soppa mat,0.0,g
6360,Nikkaluoktasoppa m. vitkål nötfärs,"Zink, Zn",Soppa mat,1.2,mg
6360,Nikkaluoktasoppa m. vitkål nötfärs,Vitamin E,Soppa mat,0.5,mg
6360,Nikkaluoktasoppa m. vitkål nötfärs,Vitamin D,Soppa mat,0.06,µg
6360,Nikkaluoktasoppa m. vitkål nötfärs,Vitamin C,Soppa mat,3.7,mg
6360,Nikkaluoktasoppa m. vitkål nötfärs,Vitamin B6,Soppa mat,0.06,mg
6360,Nikkaluoktasoppa m. vitkål nötfärs,Vitamin B12,Soppa mat,0.26,µg
6360,Nikkaluoktasoppa m. vitkål nötfärs,Vitamin A,Soppa mat,8.7,RE/µg
6360,Nikkaluoktasoppa m. vitkål nötfärs,Vatten,Soppa mat,86.9,g
6360,Nikkaluoktasoppa m. vitkål nötfärs,Tiamin,Soppa mat,0.04,mg
6360,Nikkaluoktasoppa m. vitkål nötfärs,Tillsatt socker,Soppa mat,0.0,g
6360,Nikkaluoktasoppa m. vitkål nötfärs,Fritt socker,Soppa mat,0.0,g
6360,Nikkaluoktasoppa m. vitkål nötfärs,"Selen, Se",Soppa mat,1.3,µg
6360,Nikkaluoktasoppa m. vitkål nötfärs,Sackaros,Soppa mat,0.4,g
6360,Nikkaluoktasoppa m. vitkål nötfärs,Riboflavin,Soppa mat,0.09,mg
6360,Nikkaluoktasoppa m. vitkål nötfärs,Retinol,Soppa mat,3.9,µg
6360,Nikkaluoktasoppa m. vitkål nötfärs,Protein,Soppa mat,5.4,g
6360,Nikkaluoktasoppa m. vitkål nötfärs,Summa fleromättade fettsyror,Soppa mat,0.5,g
6360,Nikkaluoktasoppa m. vitkål nötfärs,"Fosfor, P",Soppa mat,54.0,mg
6360,Nikkaluoktasoppa m. vitkål nötfärs,Niacinekvivalenter,Soppa mat,2.3,NE/mg
6360,Nikkaluoktasoppa m. vitkål nötfärs,Niacin,Soppa mat,1.34,mg
6360,Nikkaluoktasoppa m. vitkål nötfärs,"Salt, NaCl",Soppa mat,1.5,g
6360,Nikkaluoktasoppa m. vitkål nötfärs,"Natrium, Na",Soppa mat,587.0,mg
6360,Nikkaluoktasoppa m. vitkål nötfärs,Monosackarider,Soppa mat,1.0,g
6360,Nikkaluoktasoppa m. vitkål nötfärs,"Sockerarter, totalt",Soppa mat,1.4,g
6360,Nikkaluoktasoppa m. vitkål nötfärs,Summa enkelomättade fettsyror,Soppa mat,1.9,g
6360,Nikkaluoktasoppa m. vitkål nötfärs,"Magnesium, Mg",Soppa mat,11.0,mg
6360,Nikkaluoktasoppa m. vitkål nötfärs,Summa mättade fettsyror,Soppa mat,1.3,g
6360,Nikkaluoktasoppa m. vitkål nötfärs,"Kolhydrater, tillgängliga",Soppa mat,1.6,g
6360,Nikkaluoktasoppa m. vitkål nötfärs,Kolesterol,Soppa mat,13.7,mg
6360,Nikkaluoktasoppa m. vitkål nötfärs,"Kalium, K",Soppa mat,99.0,mg
6360,Nikkaluoktasoppa m. vitkål nötfärs,"Jod, I",Soppa mat,14.2,µg
6360,Nikkaluoktasoppa m. vitkål nötfärs,Fullkorn totalt,Soppa mat,0.0,g
6360,Nikkaluoktasoppa m. vitkål nötfärs,"Folat, totalt",Soppa mat,4.9,µg
6360,Nikkaluoktasoppa m. vitkål nötfärs,Fibrer,Soppa mat,0.4,g
6360,Nikkaluoktasoppa m. vitkål nötfärs,"Fett, totalt",Soppa mat,3.8,g
6360,Nikkaluoktasoppa m. vitkål nötfärs,"Järn, Fe",Soppa mat,0.7,mg
6360,Nikkaluoktasoppa m. vitkål nötfärs,Energi (kJ),Soppa mat,264.0,kJ
6360,Nikkaluoktasoppa m. vitkål nötfärs,Energi (kcal),Soppa mat,63.0,kcal
6360,Nikkaluoktasoppa m. vitkål nötfärs,Disackarider,Soppa mat,0.4,g
6360,Nikkaluoktasoppa m. vitkål nötfärs,"Kalcium, Ca",Soppa mat,14.0,mg
6360,Nikkaluoktasoppa m. vitkål nötfärs,Fettsyra 4:0-10:0,Soppa mat,0.0,g
6360,Nikkaluoktasoppa m. vitkål nötfärs,DHA (C22:6),Soppa mat,0.0,g
6360,Nikkaluoktasoppa m. vitkål nötfärs,DPA (C22:5),Soppa mat,0.0,g
6360,Nikkaluoktasoppa m. vitkål nötfärs,EPA (C20:5),Soppa mat,0.0,g
6360,Nikkaluoktasoppa m. vitkål nötfärs,Arakidonsyra C20:4,Soppa mat,0.0,g
6360,Nikkaluoktasoppa m. vitkål nötfärs,Arakidinsyra C20:0,Soppa mat,0.0,g
6360,Nikkaluoktasoppa m. vitkål nötfärs,Linolensyra C18:3,Soppa mat,0.1,g
6360,Nikkaluoktasoppa m. vitkål nötfärs,Linolsyra C18:2,Soppa mat,0.3,g
6360,Nikkaluoktasoppa m. vitkål nötfärs,Oljesyra C18:1,Soppa mat,1.6,g
6360,Nikkaluoktasoppa m. vitkål nötfärs,Stearinsyra C18:0,Soppa mat,0.4,g
6360,Nikkaluoktasoppa m. vitkål nötfärs,Palmitoljesyra C16:1,Soppa mat,0.1,g
6360,Nikkaluoktasoppa m. vitkål nötfärs,Palmitinsyra C16:0,Soppa mat,0.7,g
6360,Nikkaluoktasoppa m. vitkål nötfärs,Myristinsyra C14:0,Soppa mat,0.1,g
6360,Nikkaluoktasoppa m. vitkål nötfärs,Laurinsyra C12:0,Soppa mat,0.0,g
6360,Nikkaluoktasoppa m. vitkål nötfärs,Betakaroten/β-Karoten,Soppa mat,37.0,µg
6360,Nikkaluoktasoppa m. vitkål nötfärs,Avfall (skal etc.),Soppa mat,1.0,%
6360,Nikkaluoktasoppa m. vitkål nötfärs,Aska,Soppa mat,2.0,g
6360,Nikkaluoktasoppa m. vitkål nötfärs,Alkohol,Soppa mat,0.0,g
6361,Mexicanasoppa m. kyckling majs,"Zink, Zn",Soppa mat,0.2,mg
6361,Mexicanasoppa m. kyckling majs,Vitamin E,Soppa mat,0.3,mg
6361,Mexicanasoppa m. kyckling majs,Vitamin D,Soppa mat,0.02,µg
6361,Mexicanasoppa m. kyckling majs,Vitamin C,Soppa mat,4.6,mg
6361,Mexicanasoppa m. kyckling majs,Vitamin B6,Soppa mat,0.08,mg
6361,Mexicanasoppa m. kyckling majs,Vitamin B12,Soppa mat,0.01,µg
6361,Mexicanasoppa m. kyckling majs,Vitamin A,Soppa mat,8.3,RE/µg
6361,Mexicanasoppa m. kyckling majs,Vatten,Soppa mat,88.9,g
6361,Mexicanasoppa m. kyckling majs,Tiamin,Soppa mat,0.03,mg
6361,Mexicanasoppa m. kyckling majs,Tillsatt socker,Soppa mat,1.0,g
6361,Mexicanasoppa m. kyckling majs,Fritt socker,Soppa mat,1.0,g
6361,Mexicanasoppa m. kyckling majs,"Selen, Se",Soppa mat,0.9,µg
6361,Mexicanasoppa m. kyckling majs,Sackaros,Soppa mat,1.0,g
6361,Mexicanasoppa m. kyckling majs,Riboflavin,Soppa mat,0.04,mg
6361,Mexicanasoppa m. kyckling majs,Retinol,Soppa mat,0.7,µg
6361,Mexicanasoppa m. kyckling majs,Protein,Soppa mat,2.4,g
6361,Mexicanasoppa m. kyckling majs,Summa fleromättade fettsyror,Soppa mat,0.1,g
6361,Mexicanasoppa m. kyckling majs,"Fosfor, P",Soppa mat,38.0,mg
6361,Mexicanasoppa m. kyckling majs,Niacinekvivalenter,Soppa mat,1.48,NE/mg
6361,Mexicanasoppa m. kyckling majs,Niacin,Soppa mat,1.08,mg
6361,Mexicanasoppa m. kyckling majs,"Salt, NaCl",Soppa mat,0.7,g
6361,Mexicanasoppa m. kyckling majs,"Natrium, Na",Soppa mat,297.0,mg
6361,Mexicanasoppa m. kyckling majs,Monosackarider,Soppa mat,0.6,g
6361,Mexicanasoppa m. kyckling majs,"Sockerarter, totalt",Soppa mat,1.6,g
6361,Mexicanasoppa m. kyckling majs,Summa enkelomättade fettsyror,Soppa mat,0.2,g
6361,Mexicanasoppa m. kyckling majs,"Magnesium, Mg",Soppa mat,9.0,mg
6361,Mexicanasoppa m. kyckling majs,Summa mättade fettsyror,Soppa mat,0.1,g
6361,Mexicanasoppa m. kyckling majs,"Kolhydrater, tillgängliga",Soppa mat,6.4,g
6361,Mexicanasoppa m. kyckling majs,Kolesterol,Soppa mat,5.4,mg
6361,Mexicanasoppa m. kyckling majs,"Kalium, K",Soppa mat,80.0,mg
6361,Mexicanasoppa m. kyckling majs,"Jod, I",Soppa mat,4.8,µg
6361,Mexicanasoppa m. kyckling majs,Fullkorn totalt,Soppa mat,8.0,g
6361,Mexicanasoppa m. kyckling majs,"Folat, totalt",Soppa mat,10.0,µg
6361,Mexicanasoppa m. kyckling majs,Fibrer,Soppa mat,0.8,g
6361,Mexicanasoppa m. kyckling majs,"Fett, totalt",Soppa mat,0.5,g
6361,Mexicanasoppa m. kyckling majs,"Järn, Fe",Soppa mat,0.2,mg
6361,Mexicanasoppa m. kyckling majs,Energi (kJ),Soppa mat,175.0,kJ
6361,Mexicanasoppa m. kyckling majs,Energi (kcal),Soppa mat,42.0,kcal
6361,Mexicanasoppa m. kyckling majs,Disackarider,Soppa mat,1.0,g
6361,Mexicanasoppa m. kyckling majs,"Kalcium, Ca",Soppa mat,9.0,mg
6361,Mexicanasoppa m. kyckling majs,Fettsyra 4:0-10:0,Soppa mat,0.0,g
6361,Mexicanasoppa m. kyckling majs,DHA (C22:6),Soppa mat,0.0,g
6361,Mexicanasoppa m. kyckling majs,DPA (C22:5),Soppa mat,0.0,g
6361,Mexicanasoppa m. kyckling majs,EPA (C20:5),Soppa mat,0.0,g
6361,Mexicanasoppa m. kyckling majs,Arakidonsyra C20:4,Soppa mat,0.0,g
6361,Mexicanasoppa m. kyckling majs,Arakidinsyra C20:0,Soppa mat,0.0,g
6361,Mexicanasoppa m. kyckling majs,Linolensyra C18:3,Soppa mat,0.0,g
6361,Mexicanasoppa m. kyckling majs,Linolsyra C18:2,Soppa mat,0.1,g
6361,Mexicanasoppa m. kyckling majs,Oljesyra C18:1,Soppa mat,0.1,g
6361,Mexicanasoppa m. kyckling majs,Stearinsyra C18:0,Soppa mat,0.0,g
6361,Mexicanasoppa m. kyckling majs,Palmitoljesyra C16:1,Soppa mat,0.0,g
6361,Mexicanasoppa m. kyckling majs,Palmitinsyra C16:0,Soppa mat,0.1,g
6361,Mexicanasoppa m. kyckling majs,Myristinsyra C14:0,Soppa mat,0.0,g
6361,Mexicanasoppa m. kyckling majs,Laurinsyra C12:0,Soppa mat,0.0,g
6361,Mexicanasoppa m. kyckling majs,Betakaroten/β-Karoten,Soppa mat,86.0,µg
6361,Mexicanasoppa m. kyckling majs,Avfall (skal etc.),Soppa mat,4.0,%
6361,Mexicanasoppa m. kyckling majs,Aska,Soppa mat,1.0,g
6361,Mexicanasoppa m. kyckling majs,Alkohol,Soppa mat,0.0,g
6362,Kycklingpanna m. oliv basilika citron grädde,"Zink, Zn",Fågelprodukter fågelrätter,0.5,mg
6362,Kycklingpanna m. oliv basilika citron grädde,Vitamin E,Fågelprodukter fågelrätter,1.2,mg
6362,Kycklingpanna m. oliv basilika citron grädde,Vitamin D,Fågelprodukter fågelrätter,0.23,µg
6362,Kycklingpanna m. oliv basilika citron grädde,Vitamin C,Fågelprodukter fågelrätter,2.1,mg
6362,Kycklingpanna m. oliv basilika citron grädde,Vitamin B6,Fågelprodukter fågelrätter,0.33,mg
6362,Kycklingpanna m. oliv basilika citron grädde,Vitamin B12,Fågelprodukter fågelrätter,0.22,µg
6362,Kycklingpanna m. oliv basilika citron grädde,Vitamin A,Fågelprodukter fågelrätter,94.6,RE/µg
6362,Kycklingpanna m. oliv basilika citron grädde,Vatten,Fågelprodukter fågelrätter,72.9,g
6362,Kycklingpanna m. oliv basilika citron grädde,Tiamin,Fågelprodukter fågelrätter,0.11,mg
6362,Kycklingpanna m. oliv basilika citron grädde,Tillsatt socker,Fågelprodukter fågelrätter,0.0,g
6362,Kycklingpanna m. oliv basilika citron grädde,Fritt socker,Fågelprodukter fågelrätter,0.0,g
6362,Kycklingpanna m. oliv basilika citron grädde,"Selen, Se",Fågelprodukter fågelrätter,8.2,µg
6362,Kycklingpanna m. oliv basilika citron grädde,Sackaros,Fågelprodukter fågelrätter,0.0,g
6362,Kycklingpanna m. oliv basilika citron grädde,Riboflavin,Fågelprodukter fågelrätter,0.11,mg
6362,Kycklingpanna m. oliv basilika citron grädde,Retinol,Fågelprodukter fågelrätter,82.0,µg
6362,Kycklingpanna m. oliv basilika citron grädde,Protein,Fågelprodukter fågelrätter,12.1,g
6362,Kycklingpanna m. oliv basilika citron grädde,Summa fleromättade fettsyror,Fågelprodukter fågelrätter,0.6,g
6362,Kycklingpanna m. oliv basilika citron grädde,"Fosfor, P",Fågelprodukter fågelrätter,174.0,mg
6362,Kycklingpanna m. oliv basilika citron grädde,Niacinekvivalenter,Fågelprodukter fågelrätter,9.34,NE/mg
6362,Kycklingpanna m. oliv basilika citron grädde,Niacin,Fågelprodukter fågelrätter,7.12,mg
6362,Kycklingpanna m. oliv basilika citron grädde,"Salt, NaCl",Fågelprodukter fågelrätter,1.2,g
6362,Kycklingpanna m. oliv basilika citron grädde,"Natrium, Na",Fågelprodukter fågelrätter,465.0,mg
6362,Kycklingpanna m. oliv basilika citron grädde,Monosackarider,Fågelprodukter fågelrätter,0.0,g
6362,Kycklingpanna m. oliv basilika citron grädde,"Sockerarter, totalt",Fågelprodukter fågelrätter,0.6,g
6362,Kycklingpanna m. oliv basilika citron grädde,Summa enkelomättade fettsyror,Fågelprodukter fågelrätter,3.2,g
6362,Kycklingpanna m. oliv basilika citron grädde,"Magnesium, Mg",Fågelprodukter fågelrätter,25.0,mg
6362,Kycklingpanna m. oliv basilika citron grädde,Summa mättade fettsyror,Fågelprodukter fågelrätter,6.3,g
6362,Kycklingpanna m. oliv basilika citron grädde,"Kolhydrater, tillgängliga",Fågelprodukter fågelrätter,1.9,g
6362,Kycklingpanna m. oliv basilika citron grädde,Kolesterol,Fågelprodukter fågelrätter,73.4,mg
6362,Kycklingpanna m. oliv basilika citron grädde,"Kalium, K",Fågelprodukter fågelrätter,224.0,mg
6362,Kycklingpanna m. oliv basilika citron grädde,"Jod, I",Fågelprodukter fågelrätter,25.6,µg
6362,Kycklingpanna m. oliv basilika citron grädde,Fullkorn totalt,Fågelprodukter fågelrätter,0.0,g
6362,Kycklingpanna m. oliv basilika citron grädde,"Folat, totalt",Fågelprodukter fågelrätter,10.6,µg
6362,Kycklingpanna m. oliv basilika citron grädde,Fibrer,Fågelprodukter fågelrätter,0.3,g
6362,Kycklingpanna m. oliv basilika citron grädde,"Fett, totalt",Fågelprodukter fågelrätter,11.0,g
6362,Kycklingpanna m. oliv basilika citron grädde,"Järn, Fe",Fågelprodukter fågelrätter,0.4,mg
6362,Kycklingpanna m. oliv basilika citron grädde,Energi (kJ),Fågelprodukter fågelrätter,647.0,kJ
6362,Kycklingpanna m. oliv basilika citron grädde,Energi (kcal),Fågelprodukter fågelrätter,155.0,kcal
6362,Kycklingpanna m. oliv basilika citron grädde,Disackarider,Fågelprodukter fågelrätter,0.6,g
6362,Kycklingpanna m. oliv basilika citron grädde,"Kalcium, Ca",Fågelprodukter fågelrätter,27.0,mg
6362,Kycklingpanna m. oliv basilika citron grädde,Fettsyra 4:0-10:0,Fågelprodukter fågelrätter,0.7,g
6362,Kycklingpanna m. oliv basilika citron grädde,DHA (C22:6),Fågelprodukter fågelrätter,0.0,g
6362,Kycklingpanna m. oliv basilika citron grädde,DPA (C22:5),Fågelprodukter fågelrätter,0.0,g
6362,Kycklingpanna m. oliv basilika citron grädde,EPA (C20:5),Fågelprodukter fågelrätter,0.0,g
6362,Kycklingpanna m. oliv basilika citron grädde,Arakidonsyra C20:4,Fågelprodukter fågelrätter,0.0,g
6362,Kycklingpanna m. oliv basilika citron grädde,Arakidinsyra C20:0,Fågelprodukter fågelrätter,0.0,g
6362,Kycklingpanna m. oliv basilika citron grädde,Linolensyra C18:3,Fågelprodukter fågelrätter,0.1,g
6362,Kycklingpanna m. oliv basilika citron grädde,Linolsyra C18:2,Fågelprodukter fågelrätter,0.4,g
6362,Kycklingpanna m. oliv basilika citron grädde,Oljesyra C18:1,Fågelprodukter fågelrätter,2.8,g
6362,Kycklingpanna m. oliv basilika citron grädde,Stearinsyra C18:0,Fågelprodukter fågelrätter,1.0,g
6362,Kycklingpanna m. oliv basilika citron grädde,Palmitoljesyra C16:1,Fågelprodukter fågelrätter,0.2,g
6362,Kycklingpanna m. oliv basilika citron grädde,Palmitinsyra C16:0,Fågelprodukter fågelrätter,3.1,g
6362,Kycklingpanna m. oliv basilika citron grädde,Myristinsyra C14:0,Fågelprodukter fågelrätter,0.9,g
6362,Kycklingpanna m. oliv basilika citron grädde,Laurinsyra C12:0,Fågelprodukter fågelrätter,0.3,g
6362,Kycklingpanna m. oliv basilika citron grädde,Betakaroten/β-Karoten,Fågelprodukter fågelrätter,151.0,µg
6362,Kycklingpanna m. oliv basilika citron grädde,Avfall (skal etc.),Fågelprodukter fågelrätter,0.0,%
6362,Kycklingpanna m. oliv basilika citron grädde,Aska,Fågelprodukter fågelrätter,1.9,g
6362,Kycklingpanna m. oliv basilika citron grädde,Alkohol,Fågelprodukter fågelrätter,0.0,g
6364,Färsruta m. fetaost ugnsstekt,"Zink, Zn",Köttprodukter kötträtter,4.3,mg
6364,Färsruta m. fetaost ugnsstekt,Vitamin E,Köttprodukter kötträtter,0.7,mg
6364,Färsruta m. fetaost ugnsstekt,Vitamin D,Köttprodukter kötträtter,0.09,µg
6364,Färsruta m. fetaost ugnsstekt,Vitamin C,Köttprodukter kötträtter,0.5,mg
6364,Färsruta m. fetaost ugnsstekt,Vitamin B6,Köttprodukter kötträtter,0.13,mg
6364,Färsruta m. fetaost ugnsstekt,Vitamin B12,Köttprodukter kötträtter,1.0,µg
6364,Färsruta m. fetaost ugnsstekt,Vitamin A,Köttprodukter kötträtter,55.4,RE/µg
6364,Färsruta m. fetaost ugnsstekt,Vatten,Köttprodukter kötträtter,61.4,g
6364,Färsruta m. fetaost ugnsstekt,Tiamin,Köttprodukter kötträtter,0.09,mg
6364,Färsruta m. fetaost ugnsstekt,Tillsatt socker,Köttprodukter kötträtter,0.0,g
6364,Färsruta m. fetaost ugnsstekt,Fritt socker,Köttprodukter kötträtter,0.0,g
6364,Färsruta m. fetaost ugnsstekt,"Selen, Se",Köttprodukter kötträtter,5.0,µg
6364,Färsruta m. fetaost ugnsstekt,Sackaros,Köttprodukter kötträtter,0.1,g
6364,Färsruta m. fetaost ugnsstekt,Riboflavin,Köttprodukter kötträtter,0.21,mg
6364,Färsruta m. fetaost ugnsstekt,Retinol,Köttprodukter kötträtter,53.4,µg
6364,Färsruta m. fetaost ugnsstekt,Protein,Köttprodukter kötträtter,20.4,g
6364,Färsruta m. fetaost ugnsstekt,Summa fleromättade fettsyror,Köttprodukter kötträtter,0.8,g
6364,Färsruta m. fetaost ugnsstekt,"Fosfor, P",Köttprodukter kötträtter,191.0,mg
6364,Färsruta m. fetaost ugnsstekt,Niacinekvivalenter,Köttprodukter kötträtter,7.49,NE/mg
6364,Färsruta m. fetaost ugnsstekt,Niacin,Köttprodukter kötträtter,3.64,mg
6364,Färsruta m. fetaost ugnsstekt,"Salt, NaCl",Köttprodukter kötträtter,0.6,g
6364,Färsruta m. fetaost ugnsstekt,"Natrium, Na",Köttprodukter kötträtter,243.0,mg
6364,Färsruta m. fetaost ugnsstekt,Monosackarider,Köttprodukter kötträtter,0.3,g
6364,Färsruta m. fetaost ugnsstekt,"Sockerarter, totalt",Köttprodukter kötträtter,0.5,g
6364,Färsruta m. fetaost ugnsstekt,Summa enkelomättade fettsyror,Köttprodukter kötträtter,5.7,g
6364,Färsruta m. fetaost ugnsstekt,"Magnesium, Mg",Köttprodukter kötträtter,29.0,mg
6364,Färsruta m. fetaost ugnsstekt,Summa mättade fettsyror,Köttprodukter kötträtter,7.4,g
6364,Färsruta m. fetaost ugnsstekt,"Kolhydrater, tillgängliga",Köttprodukter kötträtter,1.5,g
6364,Färsruta m. fetaost ugnsstekt,Kolesterol,Köttprodukter kötträtter,61.0,mg
6364,Färsruta m. fetaost ugnsstekt,"Kalium, K",Köttprodukter kötträtter,213.0,mg
6364,Färsruta m. fetaost ugnsstekt,"Jod, I",Köttprodukter kötträtter,10.5,µg
6364,Färsruta m. fetaost ugnsstekt,Fullkorn totalt,Köttprodukter kötträtter,0.0,g
6364,Färsruta m. fetaost ugnsstekt,"Folat, totalt",Köttprodukter kötträtter,6.4,µg
6364,Färsruta m. fetaost ugnsstekt,Fibrer,Köttprodukter kötträtter,0.3,g
6364,Färsruta m. fetaost ugnsstekt,"Fett, totalt",Köttprodukter kötträtter,15.0,g
6364,Färsruta m. fetaost ugnsstekt,"Järn, Fe",Köttprodukter kötträtter,1.8,mg
6364,Färsruta m. fetaost ugnsstekt,Energi (kJ),Köttprodukter kötträtter,929.0,kJ
6364,Färsruta m. fetaost ugnsstekt,Energi (kcal),Köttprodukter kötträtter,222.0,kcal
6364,Färsruta m. fetaost ugnsstekt,Disackarider,Köttprodukter kötträtter,0.2,g
6364,Färsruta m. fetaost ugnsstekt,"Kalcium, Ca",Köttprodukter kötträtter,93.0,mg
6364,Färsruta m. fetaost ugnsstekt,Fettsyra 4:0-10:0,Köttprodukter kötträtter,0.5,g
6364,Färsruta m. fetaost ugnsstekt,DHA (C22:6),Köttprodukter kötträtter,0.0,g
6364,Färsruta m. fetaost ugnsstekt,DPA (C22:5),Köttprodukter kötträtter,0.0,g
6364,Färsruta m. fetaost ugnsstekt,EPA (C20:5),Köttprodukter kötträtter,0.0,g
6364,Färsruta m. fetaost ugnsstekt,Arakidonsyra C20:4,Köttprodukter kötträtter,0.0,g
6364,Färsruta m. fetaost ugnsstekt,Arakidinsyra C20:0,Köttprodukter kötträtter,0.0,g
6364,Färsruta m. fetaost ugnsstekt,Linolensyra C18:3,Köttprodukter kötträtter,0.1,g
6364,Färsruta m. fetaost ugnsstekt,Linolsyra C18:2,Köttprodukter kötträtter,0.6,g
6364,Färsruta m. fetaost ugnsstekt,Oljesyra C18:1,Köttprodukter kötträtter,4.9,g
6364,Färsruta m. fetaost ugnsstekt,Stearinsyra C18:0,Köttprodukter kötträtter,1.9,g
6364,Färsruta m. fetaost ugnsstekt,Palmitoljesyra C16:1,Köttprodukter kötträtter,0.4,g
6364,Färsruta m. fetaost ugnsstekt,Palmitinsyra C16:0,Köttprodukter kötträtter,3.5,g
6364,Färsruta m. fetaost ugnsstekt,Myristinsyra C14:0,Köttprodukter kötträtter,0.7,g
6364,Färsruta m. fetaost ugnsstekt,Laurinsyra C12:0,Köttprodukter kötträtter,0.2,g
6364,Färsruta m. fetaost ugnsstekt,Betakaroten/β-Karoten,Köttprodukter kötträtter,25.0,µg
6364,Färsruta m. fetaost ugnsstekt,Avfall (skal etc.),Köttprodukter kötträtter,0.0,%
6364,Färsruta m. fetaost ugnsstekt,Aska,Köttprodukter kötträtter,1.6,g
6364,Färsruta m. fetaost ugnsstekt,Alkohol,Köttprodukter kötträtter,0.0,g
6366,Fisk cornflakesfisk panerad ugnsstekt,"Zink, Zn",Fisk o skaldjursprodukter o rätter,0.6,mg
6366,Fisk cornflakesfisk panerad ugnsstekt,Vitamin E,Fisk o skaldjursprodukter o rätter,2.4,mg
6366,Fisk cornflakesfisk panerad ugnsstekt,Vitamin D,Fisk o skaldjursprodukter o rätter,0.95,µg
6366,Fisk cornflakesfisk panerad ugnsstekt,Vitamin C,Fisk o skaldjursprodukter o rätter,0.0,mg
6366,Fisk cornflakesfisk panerad ugnsstekt,Vitamin B6,Fisk o skaldjursprodukter o rätter,0.13,mg
6366,Fisk cornflakesfisk panerad ugnsstekt,Vitamin B12,Fisk o skaldjursprodukter o rätter,1.27,µg
6366,Fisk cornflakesfisk panerad ugnsstekt,Vitamin A,Fisk o skaldjursprodukter o rätter,21.0,RE/µg
6366,Fisk cornflakesfisk panerad ugnsstekt,Vatten,Fisk o skaldjursprodukter o rätter,66.9,g
6366,Fisk cornflakesfisk panerad ugnsstekt,Tiamin,Fisk o skaldjursprodukter o rätter,0.11,mg
6366,Fisk cornflakesfisk panerad ugnsstekt,Tillsatt socker,Fisk o skaldjursprodukter o rätter,1.0,g
6366,Fisk cornflakesfisk panerad ugnsstekt,Fritt socker,Fisk o skaldjursprodukter o rätter,1.0,g
6366,Fisk cornflakesfisk panerad ugnsstekt,"Selen, Se",Fisk o skaldjursprodukter o rätter,25.2,µg
6366,Fisk cornflakesfisk panerad ugnsstekt,Sackaros,Fisk o skaldjursprodukter o rätter,0.2,g
6366,Fisk cornflakesfisk panerad ugnsstekt,Riboflavin,Fisk o skaldjursprodukter o rätter,0.15,mg
6366,Fisk cornflakesfisk panerad ugnsstekt,Retinol,Fisk o skaldjursprodukter o rätter,11.3,µg
6366,Fisk cornflakesfisk panerad ugnsstekt,Protein,Fisk o skaldjursprodukter o rätter,17.7,g
6366,Fisk cornflakesfisk panerad ugnsstekt,Summa fleromättade fettsyror,Fisk o skaldjursprodukter o rätter,2.0,g
6366,Fisk cornflakesfisk panerad ugnsstekt,"Fosfor, P",Fisk o skaldjursprodukter o rätter,218.0,mg
6366,Fisk cornflakesfisk panerad ugnsstekt,Niacinekvivalenter,Fisk o skaldjursprodukter o rätter,5.87,NE/mg
6366,Fisk cornflakesfisk panerad ugnsstekt,Niacin,Fisk o skaldjursprodukter o rätter,2.67,mg
6366,Fisk cornflakesfisk panerad ugnsstekt,"Salt, NaCl",Fisk o skaldjursprodukter o rätter,0.8,g
6366,Fisk cornflakesfisk panerad ugnsstekt,"Natrium, Na",Fisk o skaldjursprodukter o rätter,318.0,mg
6366,Fisk cornflakesfisk panerad ugnsstekt,Monosackarider,Fisk o skaldjursprodukter o rätter,0.3,g
6366,Fisk cornflakesfisk panerad ugnsstekt,"Sockerarter, totalt",Fisk o skaldjursprodukter o rätter,0.7,g
6366,Fisk cornflakesfisk panerad ugnsstekt,Summa enkelomättade fettsyror,Fisk o skaldjursprodukter o rätter,3.7,g
6366,Fisk cornflakesfisk panerad ugnsstekt,"Magnesium, Mg",Fisk o skaldjursprodukter o rätter,30.0,mg
6366,Fisk cornflakesfisk panerad ugnsstekt,Summa mättade fettsyror,Fisk o skaldjursprodukter o rätter,0.7,g
6366,Fisk cornflakesfisk panerad ugnsstekt,"Kolhydrater, tillgängliga",Fisk o skaldjursprodukter o rätter,6.7,g
6366,Fisk cornflakesfisk panerad ugnsstekt,Kolesterol,Fisk o skaldjursprodukter o rätter,48.3,mg
6366,Fisk cornflakesfisk panerad ugnsstekt,"Kalium, K",Fisk o skaldjursprodukter o rätter,316.0,mg
6366,Fisk cornflakesfisk panerad ugnsstekt,"Jod, I",Fisk o skaldjursprodukter o rätter,165.3,µg
6366,Fisk cornflakesfisk panerad ugnsstekt,Fullkorn totalt,Fisk o skaldjursprodukter o rätter,1.0,g
6366,Fisk cornflakesfisk panerad ugnsstekt,"Folat, totalt",Fisk o skaldjursprodukter o rätter,18.9,µg
6366,Fisk cornflakesfisk panerad ugnsstekt,Fibrer,Fisk o skaldjursprodukter o rätter,0.5,g
6366,Fisk cornflakesfisk panerad ugnsstekt,"Fett, totalt",Fisk o skaldjursprodukter o rätter,6.8,g
6366,Fisk cornflakesfisk panerad ugnsstekt,"Järn, Fe",Fisk o skaldjursprodukter o rätter,0.6,mg
6366,Fisk cornflakesfisk panerad ugnsstekt,Energi (kJ),Fisk o skaldjursprodukter o rätter,670.0,kJ
6366,Fisk cornflakesfisk panerad ugnsstekt,Energi (kcal),Fisk o skaldjursprodukter o rätter,160.0,kcal
6366,Fisk cornflakesfisk panerad ugnsstekt,Disackarider,Fisk o skaldjursprodukter o rätter,0.4,g
6366,Fisk cornflakesfisk panerad ugnsstekt,"Kalcium, Ca",Fisk o skaldjursprodukter o rätter,15.0,mg
6366,Fisk cornflakesfisk panerad ugnsstekt,Fettsyra 4:0-10:0,Fisk o skaldjursprodukter o rätter,0.0,g
6366,Fisk cornflakesfisk panerad ugnsstekt,DHA (C22:6),Fisk o skaldjursprodukter o rätter,0.1,g
6366,Fisk cornflakesfisk panerad ugnsstekt,DPA (C22:5),Fisk o skaldjursprodukter o rätter,0.0,g
6366,Fisk cornflakesfisk panerad ugnsstekt,EPA (C20:5),Fisk o skaldjursprodukter o rätter,0.0,g
6366,Fisk cornflakesfisk panerad ugnsstekt,Arakidonsyra C20:4,Fisk o skaldjursprodukter o rätter,0.0,g
6366,Fisk cornflakesfisk panerad ugnsstekt,Arakidinsyra C20:0,Fisk o skaldjursprodukter o rätter,0.0,g
6366,Fisk cornflakesfisk panerad ugnsstekt,Linolensyra C18:3,Fisk o skaldjursprodukter o rätter,0.4,g
6366,Fisk cornflakesfisk panerad ugnsstekt,Linolsyra C18:2,Fisk o skaldjursprodukter o rätter,1.4,g
6366,Fisk cornflakesfisk panerad ugnsstekt,Oljesyra C18:1,Fisk o skaldjursprodukter o rätter,3.5,g
6366,Fisk cornflakesfisk panerad ugnsstekt,Stearinsyra C18:0,Fisk o skaldjursprodukter o rätter,0.2,g
6366,Fisk cornflakesfisk panerad ugnsstekt,Palmitoljesyra C16:1,Fisk o skaldjursprodukter o rätter,0.0,g
6366,Fisk cornflakesfisk panerad ugnsstekt,Palmitinsyra C16:0,Fisk o skaldjursprodukter o rätter,0.5,g
6366,Fisk cornflakesfisk panerad ugnsstekt,Myristinsyra C14:0,Fisk o skaldjursprodukter o rätter,0.0,g
6366,Fisk cornflakesfisk panerad ugnsstekt,Laurinsyra C12:0,Fisk o skaldjursprodukter o rätter,0.0,g
6366,Fisk cornflakesfisk panerad ugnsstekt,Betakaroten/β-Karoten,Fisk o skaldjursprodukter o rätter,7.0,µg
6366,Fisk cornflakesfisk panerad ugnsstekt,Avfall (skal etc.),Fisk o skaldjursprodukter o rätter,29.0,%
6366,Fisk cornflakesfisk panerad ugnsstekt,Aska,Fisk o skaldjursprodukter o rätter,1.9,g
6366,Fisk cornflakesfisk panerad ugnsstekt,Alkohol,Fisk o skaldjursprodukter o rätter,0.0,g
6367,Gryta fiskgryta m. torsk kokosmjölk curry,"Zink, Zn",Fisk o skaldjursprodukter o rätter,0.8,mg
6367,Gryta fiskgryta m. torsk kokosmjölk curry,Vitamin E,Fisk o skaldjursprodukter o rätter,0.8,mg
6367,Gryta fiskgryta m. torsk kokosmjölk curry,Vitamin D,Fisk o skaldjursprodukter o rätter,0.73,µg
6367,Gryta fiskgryta m. torsk kokosmjölk curry,Vitamin C,Fisk o skaldjursprodukter o rätter,11.6,mg
6367,Gryta fiskgryta m. torsk kokosmjölk curry,Vitamin B6,Fisk o skaldjursprodukter o rätter,0.08,mg
6367,Gryta fiskgryta m. torsk kokosmjölk curry,Vitamin B12,Fisk o skaldjursprodukter o rätter,0.45,µg
6367,Gryta fiskgryta m. torsk kokosmjölk curry,Vitamin A,Fisk o skaldjursprodukter o rätter,6.4,RE/µg
6367,Gryta fiskgryta m. torsk kokosmjölk curry,Vatten,Fisk o skaldjursprodukter o rätter,69.6,g
6367,Gryta fiskgryta m. torsk kokosmjölk curry,Tiamin,Fisk o skaldjursprodukter o rätter,0.06,mg
6367,Gryta fiskgryta m. torsk kokosmjölk curry,Tillsatt socker,Fisk o skaldjursprodukter o rätter,0.0,g
6367,Gryta fiskgryta m. torsk kokosmjölk curry,Fritt socker,Fisk o skaldjursprodukter o rätter,0.0,g
6367,Gryta fiskgryta m. torsk kokosmjölk curry,"Selen, Se",Fisk o skaldjursprodukter o rätter,14.0,µg
6367,Gryta fiskgryta m. torsk kokosmjölk curry,Sackaros,Fisk o skaldjursprodukter o rätter,1.3,g
6367,Gryta fiskgryta m. torsk kokosmjölk curry,Riboflavin,Fisk o skaldjursprodukter o rätter,0.03,mg
6367,Gryta fiskgryta m. torsk kokosmjölk curry,Retinol,Fisk o skaldjursprodukter o rätter,1.1,µg
6367,Gryta fiskgryta m. torsk kokosmjölk curry,Protein,Fisk o skaldjursprodukter o rätter,10.8,g
6367,Gryta fiskgryta m. torsk kokosmjölk curry,Summa fleromättade fettsyror,Fisk o skaldjursprodukter o rätter,0.5,g
6367,Gryta fiskgryta m. torsk kokosmjölk curry,"Fosfor, P",Fisk o skaldjursprodukter o rätter,172.0,mg
6367,Gryta fiskgryta m. torsk kokosmjölk curry,Niacinekvivalenter,Fisk o skaldjursprodukter o rätter,3.73,NE/mg
6367,Gryta fiskgryta m. torsk kokosmjölk curry,Niacin,Fisk o skaldjursprodukter o rätter,1.78,mg
6367,Gryta fiskgryta m. torsk kokosmjölk curry,"Salt, NaCl",Fisk o skaldjursprodukter o rätter,0.5,g
6367,Gryta fiskgryta m. torsk kokosmjölk curry,"Natrium, Na",Fisk o skaldjursprodukter o rätter,208.0,mg
6367,Gryta fiskgryta m. torsk kokosmjölk curry,Monosackarider,Fisk o skaldjursprodukter o rätter,0.6,g
6367,Gryta fiskgryta m. torsk kokosmjölk curry,"Sockerarter, totalt",Fisk o skaldjursprodukter o rätter,1.9,g
6367,Gryta fiskgryta m. torsk kokosmjölk curry,Summa enkelomättade fettsyror,Fisk o skaldjursprodukter o rätter,1.7,g
6367,Gryta fiskgryta m. torsk kokosmjölk curry,"Magnesium, Mg",Fisk o skaldjursprodukter o rätter,38.0,mg
6367,Gryta fiskgryta m. torsk kokosmjölk curry,Summa mättade fettsyror,Fisk o skaldjursprodukter o rätter,10.3,g
6367,Gryta fiskgryta m. torsk kokosmjölk curry,"Kolhydrater, tillgängliga",Fisk o skaldjursprodukter o rätter,3.7,g
6367,Gryta fiskgryta m. torsk kokosmjölk curry,Kolesterol,Fisk o skaldjursprodukter o rätter,23.9,mg
6367,Gryta fiskgryta m. torsk kokosmjölk curry,"Kalium, K",Fisk o skaldjursprodukter o rätter,342.0,mg
6367,Gryta fiskgryta m. torsk kokosmjölk curry,"Jod, I",Fisk o skaldjursprodukter o rätter,111.8,µg
6367,Gryta fiskgryta m. torsk kokosmjölk curry,Fullkorn totalt,Fisk o skaldjursprodukter o rätter,0.0,g
6367,Gryta fiskgryta m. torsk kokosmjölk curry,"Folat, totalt",Fisk o skaldjursprodukter o rätter,18.2,µg
6367,Gryta fiskgryta m. torsk kokosmjölk curry,Fibrer,Fisk o skaldjursprodukter o rätter,1.4,g
6367,Gryta fiskgryta m. torsk kokosmjölk curry,"Fett, totalt",Fisk o skaldjursprodukter o rätter,13.4,g
6367,Gryta fiskgryta m. torsk kokosmjölk curry,"Järn, Fe",Fisk o skaldjursprodukter o rätter,1.1,mg
6367,Gryta fiskgryta m. torsk kokosmjölk curry,Energi (kJ),Fisk o skaldjursprodukter o rätter,753.0,kJ
6367,Gryta fiskgryta m. torsk kokosmjölk curry,Energi (kcal),Fisk o skaldjursprodukter o rätter,180.0,kcal
6367,Gryta fiskgryta m. torsk kokosmjölk curry,Disackarider,Fisk o skaldjursprodukter o rätter,1.3,g
6367,Gryta fiskgryta m. torsk kokosmjölk curry,"Kalcium, Ca",Fisk o skaldjursprodukter o rätter,26.0,mg
6367,Gryta fiskgryta m. torsk kokosmjölk curry,Fettsyra 4:0-10:0,Fisk o skaldjursprodukter o rätter,1.7,g
6367,Gryta fiskgryta m. torsk kokosmjölk curry,DHA (C22:6),Fisk o skaldjursprodukter o rätter,0.1,g
6367,Gryta fiskgryta m. torsk kokosmjölk curry,DPA (C22:5),Fisk o skaldjursprodukter o rätter,0.0,g
6367,Gryta fiskgryta m. torsk kokosmjölk curry,EPA (C20:5),Fisk o skaldjursprodukter o rätter,0.0,g
6367,Gryta fiskgryta m. torsk kokosmjölk curry,Arakidonsyra C20:4,Fisk o skaldjursprodukter o rätter,0.0,g
6367,Gryta fiskgryta m. torsk kokosmjölk curry,Arakidinsyra C20:0,Fisk o skaldjursprodukter o rätter,0.0,g
6367,Gryta fiskgryta m. torsk kokosmjölk curry,Linolensyra C18:3,Fisk o skaldjursprodukter o rätter,0.0,g
6367,Gryta fiskgryta m. torsk kokosmjölk curry,Linolsyra C18:2,Fisk o skaldjursprodukter o rätter,0.4,g
6367,Gryta fiskgryta m. torsk kokosmjölk curry,Oljesyra C18:1,Fisk o skaldjursprodukter o rätter,1.7,g
6367,Gryta fiskgryta m. torsk kokosmjölk curry,Stearinsyra C18:0,Fisk o skaldjursprodukter o rätter,0.3,g
6367,Gryta fiskgryta m. torsk kokosmjölk curry,Palmitoljesyra C16:1,Fisk o skaldjursprodukter o rätter,0.0,g
6367,Gryta fiskgryta m. torsk kokosmjölk curry,Palmitinsyra C16:0,Fisk o skaldjursprodukter o rätter,1.1,g
6367,Gryta fiskgryta m. torsk kokosmjölk curry,Myristinsyra C14:0,Fisk o skaldjursprodukter o rätter,1.9,g
6367,Gryta fiskgryta m. torsk kokosmjölk curry,Laurinsyra C12:0,Fisk o skaldjursprodukter o rätter,5.2,g
6367,Gryta fiskgryta m. torsk kokosmjölk curry,Betakaroten/β-Karoten,Fisk o skaldjursprodukter o rätter,63.0,µg
6367,Gryta fiskgryta m. torsk kokosmjölk curry,Avfall (skal etc.),Fisk o skaldjursprodukter o rätter,15.0,%
6367,Gryta fiskgryta m. torsk kokosmjölk curry,Aska,Fisk o skaldjursprodukter o rätter,1.5,g
6367,Gryta fiskgryta m. torsk kokosmjölk curry,Alkohol,Fisk o skaldjursprodukter o rätter,0.0,g
6368,Rödbetshummus,"Zink, Zn",Grönsaks- rotfrukts- baljväxträtter o produkter,0.9,mg
6368,Rödbetshummus,Vitamin E,Grönsaks- rotfrukts- baljväxträtter o produkter,2.2,mg
6368,Rödbetshummus,Vitamin D inkl 25-OH-D3,Grönsaks- rotfrukts- baljväxträtter o produkter,0.0,µg
6368,Rödbetshummus,Vitamin D,Grönsaks- rotfrukts- baljväxträtter o produkter,0.0,µg
6368,Rödbetshummus,Vitamin C,Grönsaks- rotfrukts- baljväxträtter o produkter,4.2,mg
6368,Rödbetshummus,Vitamin B6,Grönsaks- rotfrukts- baljväxträtter o produkter,0.09,mg
6368,Rödbetshummus,Vitamin B12,Grönsaks- rotfrukts- baljväxträtter o produkter,0.0,µg
6368,Rödbetshummus,Vitamin A,Grönsaks- rotfrukts- baljväxträtter o produkter,0.4,RE/µg
6368,Rödbetshummus,Vatten,Grönsaks- rotfrukts- baljväxträtter o produkter,65.8,g
6368,Rödbetshummus,Tiamin,Grönsaks- rotfrukts- baljväxträtter o produkter,0.07,mg
6368,Rödbetshummus,Tillsatt socker,Grönsaks- rotfrukts- baljväxträtter o produkter,0.0,g
6368,Rödbetshummus,Fritt socker,Grönsaks- rotfrukts- baljväxträtter o produkter,0.0,g
6368,Rödbetshummus,"Selen, Se",Grönsaks- rotfrukts- baljväxträtter o produkter,3.8,µg
6368,Rödbetshummus,Sackaros,Grönsaks- rotfrukts- baljväxträtter o produkter,3.8,g
6368,Rödbetshummus,Riboflavin,Grönsaks- rotfrukts- baljväxträtter o produkter,0.02,mg
6368,Rödbetshummus,Retinol,Grönsaks- rotfrukts- baljväxträtter o produkter,0.0,µg
6368,Rödbetshummus,Protein,Grönsaks- rotfrukts- baljväxträtter o produkter,4.5,g
6368,Rödbetshummus,Summa fleromättade fettsyror,Grönsaks- rotfrukts- baljväxträtter o produkter,2.0,g
6368,Rödbetshummus,"Fosfor, P",Grönsaks- rotfrukts- baljväxträtter o produkter,82.0,mg
6368,Rödbetshummus,Niacinekvivalenter,Grönsaks- rotfrukts- baljväxträtter o produkter,1.08,NE/mg
6368,Rödbetshummus,Niacin,Grönsaks- rotfrukts- baljväxträtter o produkter,0.32,mg
6368,Rödbetshummus,"Salt, NaCl",Grönsaks- rotfrukts- baljväxträtter o produkter,1.1,g
6368,Rödbetshummus,"Natrium, Na",Grönsaks- rotfrukts- baljväxträtter o produkter,464.0,mg
6368,Rödbetshummus,Monosackarider,Grönsaks- rotfrukts- baljväxträtter o produkter,0.1,g
6368,Rödbetshummus,"Sockerarter, totalt",Grönsaks- rotfrukts- baljväxträtter o produkter,4.0,g
6368,Rödbetshummus,Summa enkelomättade fettsyror,Grönsaks- rotfrukts- baljväxträtter o produkter,7.4,g
6368,Rödbetshummus,"Magnesium, Mg",Grönsaks- rotfrukts- baljväxträtter o produkter,32.0,mg
6368,Rödbetshummus,Summa mättade fettsyror,Grönsaks- rotfrukts- baljväxträtter o produkter,1.6,g
6368,Rödbetshummus,"Kolhydrater, tillgängliga",Grönsaks- rotfrukts- baljväxträtter o produkter,9.7,g
6368,Rödbetshummus,Kolesterol,Grönsaks- rotfrukts- baljväxträtter o produkter,0.0,mg
6368,Rödbetshummus,"Kalium, K",Grönsaks- rotfrukts- baljväxträtter o produkter,162.0,mg
6368,Rödbetshummus,"Jod, I",Grönsaks- rotfrukts- baljväxträtter o produkter,56.6,µg
6368,Rödbetshummus,Fullkorn totalt,Grönsaks- rotfrukts- baljväxträtter o produkter,0.0,g
6368,Rödbetshummus,"Folat, totalt",Grönsaks- rotfrukts- baljväxträtter o produkter,60.7,µg
6368,Rödbetshummus,Fibrer,Grönsaks- rotfrukts- baljväxträtter o produkter,6.4,g
6368,Rödbetshummus,"Fett, totalt",Grönsaks- rotfrukts- baljväxträtter o produkter,11.8,g
6368,Rödbetshummus,"Järn, Fe",Grönsaks- rotfrukts- baljväxträtter o produkter,1.1,mg
6368,Rödbetshummus,Energi (kJ),Grönsaks- rotfrukts- baljväxträtter o produkter,729.0,kJ
6368,Rödbetshummus,Energi (kcal),Grönsaks- rotfrukts- baljväxträtter o produkter,174.0,kcal
6368,Rödbetshummus,Disackarider,Grönsaks- rotfrukts- baljväxträtter o produkter,3.9,g
6368,Rödbetshummus,"Kalcium, Ca",Grönsaks- rotfrukts- baljväxträtter o produkter,44.0,mg
6368,Rödbetshummus,Fettsyra 4:0-10:0,Grönsaks- rotfrukts- baljväxträtter o produkter,0.0,g
6368,Rödbetshummus,DHA (C22:6),Grönsaks- rotfrukts- baljväxträtter o produkter,0.0,g
6368,Rödbetshummus,DPA (C22:5),Grönsaks- rotfrukts- baljväxträtter o produkter,0.0,g
6368,Rödbetshummus,EPA (C20:5),Grönsaks- rotfrukts- baljväxträtter o produkter,0.0,g
6368,Rödbetshummus,Arakidonsyra C20:4,Grönsaks- rotfrukts- baljväxträtter o produkter,0.0,g
6368,Rödbetshummus,Arakidinsyra C20:0,Grönsaks- rotfrukts- baljväxträtter o produkter,0.0,g
6368,Rödbetshummus,Linolensyra C18:3,Grönsaks- rotfrukts- baljväxträtter o produkter,0.1,g
6368,Rödbetshummus,Linolsyra C18:2,Grönsaks- rotfrukts- baljväxträtter o produkter,1.9,g
6368,Rödbetshummus,Oljesyra C18:1,Grönsaks- rotfrukts- baljväxträtter o produkter,7.3,g
6368,Rödbetshummus,Stearinsyra C18:0,Grönsaks- rotfrukts- baljväxträtter o produkter,0.3,g
6368,Rödbetshummus,Palmitoljesyra C16:1,Grönsaks- rotfrukts- baljväxträtter o produkter,0.1,g
6368,Rödbetshummus,Palmitinsyra C16:0,Grönsaks- rotfrukts- baljväxträtter o produkter,1.2,g
6368,Rödbetshummus,Myristinsyra C14:0,Grönsaks- rotfrukts- baljväxträtter o produkter,0.0,g
6368,Rödbetshummus,Laurinsyra C12:0,Grönsaks- rotfrukts- baljväxträtter o produkter,0.0,g
6368,Rödbetshummus,Betakaroten/β-Karoten,Grönsaks- rotfrukts- baljväxträtter o produkter,5.0,µg
6368,Rödbetshummus,Avfall (skal etc.),Grönsaks- rotfrukts- baljväxträtter o produkter,6.0,%
6368,Rödbetshummus,Aska,Grönsaks- rotfrukts- baljväxträtter o produkter,1.8,g
6368,Rödbetshummus,Alkohol,Grönsaks- rotfrukts- baljväxträtter o produkter,0.0,g
6369,Ajvaryoghurt,"Zink, Zn",Sås dressing majonnäs ,1.0,mg
6369,Ajvaryoghurt,Vitamin E,Sås dressing majonnäs ,1.2,mg
6369,Ajvaryoghurt,Vitamin D inkl 25-OH-D3,Sås dressing majonnäs ,0.0,µg
6369,Ajvaryoghurt,Vitamin D,Sås dressing majonnäs ,0.0,µg
6369,Ajvaryoghurt,Vitamin C,Sås dressing majonnäs ,11.2,mg
6369,Ajvaryoghurt,Vitamin B6,Sås dressing majonnäs ,0.14,mg
6369,Ajvaryoghurt,Vitamin B12,Sås dressing majonnäs ,0.16,µg
6369,Ajvaryoghurt,Vitamin A,Sås dressing majonnäs ,111.5,RE/µg
6369,Ajvaryoghurt,Vatten,Sås dressing majonnäs ,80.7,g
6369,Ajvaryoghurt,Tiamin,Sås dressing majonnäs ,0.04,mg
6369,Ajvaryoghurt,Tillsatt socker,Sås dressing majonnäs ,1.0,g
6369,Ajvaryoghurt,Fritt socker,Sås dressing majonnäs ,1.0,g
6369,Ajvaryoghurt,"Selen, Se",Sås dressing majonnäs ,0.1,µg
6369,Ajvaryoghurt,Sackaros,Sås dressing majonnäs ,0.5,g
6369,Ajvaryoghurt,Riboflavin,Sås dressing majonnäs ,0.18,mg
6369,Ajvaryoghurt,Retinol,Sås dressing majonnäs ,71.1,µg
6369,Ajvaryoghurt,Protein,Sås dressing majonnäs ,3.1,g
6369,Ajvaryoghurt,Summa fleromättade fettsyror,Sås dressing majonnäs ,0.5,g
6369,Ajvaryoghurt,"Fosfor, P",Sås dressing majonnäs ,87.0,mg
6369,Ajvaryoghurt,Niacinekvivalenter,Sås dressing majonnäs ,1.05,NE/mg
6369,Ajvaryoghurt,Niacin,Sås dressing majonnäs ,0.33,mg
6369,Ajvaryoghurt,"Salt, NaCl",Sås dressing majonnäs ,2.3,g
6369,Ajvaryoghurt,"Natrium, Na",Sås dressing majonnäs ,927.0,mg
6369,Ajvaryoghurt,Monosackarider,Sås dressing majonnäs ,1.0,g
6369,Ajvaryoghurt,"Sockerarter, totalt",Sås dressing majonnäs ,3.9,g
6369,Ajvaryoghurt,Summa enkelomättade fettsyror,Sås dressing majonnäs ,1.7,g
6369,Ajvaryoghurt,"Magnesium, Mg",Sås dressing majonnäs ,12.0,mg
6369,Ajvaryoghurt,Summa mättade fettsyror,Sås dressing majonnäs ,4.3,g
6369,Ajvaryoghurt,"Kolhydrater, tillgängliga",Sås dressing majonnäs ,5.4,g
6369,Ajvaryoghurt,Kolesterol,Sås dressing majonnäs ,20.1,mg
6369,Ajvaryoghurt,"Kalium, K",Sås dressing majonnäs ,168.0,mg
6369,Ajvaryoghurt,"Jod, I",Sås dressing majonnäs ,115.1,µg
6369,Ajvaryoghurt,Fullkorn totalt,Sås dressing majonnäs ,0.0,g
6369,Ajvaryoghurt,"Folat, totalt",Sås dressing majonnäs ,20.1,µg
6369,Ajvaryoghurt,Fibrer,Sås dressing majonnäs ,0.6,g
6369,Ajvaryoghurt,"Fett, totalt",Sås dressing majonnäs ,7.2,g
6369,Ajvaryoghurt,"Järn, Fe",Sås dressing majonnäs ,0.2,mg
6369,Ajvaryoghurt,Energi (kJ),Sås dressing majonnäs ,418.0,kJ
6369,Ajvaryoghurt,Energi (kcal),Sås dressing majonnäs ,100.0,kcal
6369,Ajvaryoghurt,Disackarider,Sås dressing majonnäs ,2.9,g
6369,Ajvaryoghurt,"Kalcium, Ca",Sås dressing majonnäs ,102.0,mg
6369,Ajvaryoghurt,Fettsyra 4:0-10:0,Sås dressing majonnäs ,0.5,g
6369,Ajvaryoghurt,DHA (C22:6),Sås dressing majonnäs ,0.0,g
6369,Ajvaryoghurt,DPA (C22:5),Sås dressing majonnäs ,0.0,g
6369,Ajvaryoghurt,EPA (C20:5),Sås dressing majonnäs ,0.0,g
6369,Ajvaryoghurt,Arakidonsyra C20:4,Sås dressing majonnäs ,0.0,g
6369,Ajvaryoghurt,Arakidinsyra C20:0,Sås dressing majonnäs ,0.0,g
6369,Ajvaryoghurt,Linolensyra C18:3,Sås dressing majonnäs ,0.1,g
6369,Ajvaryoghurt,Linolsyra C18:2,Sås dressing majonnäs ,0.5,g
6369,Ajvaryoghurt,Oljesyra C18:1,Sås dressing majonnäs ,1.6,g
6369,Ajvaryoghurt,Stearinsyra C18:0,Sås dressing majonnäs ,0.7,g
6369,Ajvaryoghurt,Palmitoljesyra C16:1,Sås dressing majonnäs ,0.1,g
6369,Ajvaryoghurt,Palmitinsyra C16:0,Sås dressing majonnäs ,1.9,g
6369,Ajvaryoghurt,Myristinsyra C14:0,Sås dressing majonnäs ,0.7,g
6369,Ajvaryoghurt,Laurinsyra C12:0,Sås dressing majonnäs ,0.2,g
6369,Ajvaryoghurt,Betakaroten/β-Karoten,Sås dressing majonnäs ,376.0,µg
6369,Ajvaryoghurt,Avfall (skal etc.),Sås dressing majonnäs ,0.0,%
6369,Ajvaryoghurt,Aska,Sås dressing majonnäs ,3.0,g
6369,Ajvaryoghurt,Alkohol,Sås dressing majonnäs ,0.0,g
6370,Karl-Alfredsås m. yoghurt spenat,"Zink, Zn",Sås dressing majonnäs ,0.9,mg
6370,Karl-Alfredsås m. yoghurt spenat,Vitamin E,Sås dressing majonnäs ,4.8,mg
6370,Karl-Alfredsås m. yoghurt spenat,Vitamin D,Sås dressing majonnäs ,0.66,µg
6370,Karl-Alfredsås m. yoghurt spenat,Vitamin C,Sås dressing majonnäs ,2.5,mg
6370,Karl-Alfredsås m. yoghurt spenat,Vitamin B6,Sås dressing majonnäs ,0.05,mg
6370,Karl-Alfredsås m. yoghurt spenat,Vitamin B12,Sås dressing majonnäs ,0.21,µg
6370,Karl-Alfredsås m. yoghurt spenat,Vitamin A,Sås dressing majonnäs ,55.0,RE/µg
6370,Karl-Alfredsås m. yoghurt spenat,Vatten,Sås dressing majonnäs ,72.4,g
6370,Karl-Alfredsås m. yoghurt spenat,Tiamin,Sås dressing majonnäs ,0.04,mg
6370,Karl-Alfredsås m. yoghurt spenat,Tillsatt socker,Sås dressing majonnäs ,0.0,g
6370,Karl-Alfredsås m. yoghurt spenat,Fritt socker,Sås dressing majonnäs ,0.0,g
6370,Karl-Alfredsås m. yoghurt spenat,"Selen, Se",Sås dressing majonnäs ,0.0,µg
6370,Karl-Alfredsås m. yoghurt spenat,Sackaros,Sås dressing majonnäs ,0.4,g
6370,Karl-Alfredsås m. yoghurt spenat,Riboflavin,Sås dressing majonnäs ,0.12,mg
6370,Karl-Alfredsås m. yoghurt spenat,Retinol,Sås dressing majonnäs ,18.7,µg
6370,Karl-Alfredsås m. yoghurt spenat,Protein,Sås dressing majonnäs ,2.7,g
6370,Karl-Alfredsås m. yoghurt spenat,Summa fleromättade fettsyror,Sås dressing majonnäs ,4.9,g
6370,Karl-Alfredsås m. yoghurt spenat,"Fosfor, P",Sås dressing majonnäs ,70.0,mg
6370,Karl-Alfredsås m. yoghurt spenat,Niacinekvivalenter,Sås dressing majonnäs ,0.73,NE/mg
6370,Karl-Alfredsås m. yoghurt spenat,Niacin,Sås dressing majonnäs ,0.11,mg
6370,Karl-Alfredsås m. yoghurt spenat,"Salt, NaCl",Sås dressing majonnäs ,0.9,g
6370,Karl-Alfredsås m. yoghurt spenat,"Natrium, Na",Sås dressing majonnäs ,373.0,mg
6370,Karl-Alfredsås m. yoghurt spenat,Monosackarider,Sås dressing majonnäs ,0.1,g
6370,Karl-Alfredsås m. yoghurt spenat,"Sockerarter, totalt",Sås dressing majonnäs ,2.5,g
6370,Karl-Alfredsås m. yoghurt spenat,Summa enkelomättade fettsyror,Sås dressing majonnäs ,10.7,g
6370,Karl-Alfredsås m. yoghurt spenat,"Magnesium, Mg",Sås dressing majonnäs ,12.0,mg
6370,Karl-Alfredsås m. yoghurt spenat,Summa mättade fettsyror,Sås dressing majonnäs ,2.3,g
6370,Karl-Alfredsås m. yoghurt spenat,"Kolhydrater, tillgängliga",Sås dressing majonnäs ,4.3,g
6370,Karl-Alfredsås m. yoghurt spenat,Kolesterol,Sås dressing majonnäs ,15.5,mg
6370,Karl-Alfredsås m. yoghurt spenat,"Kalium, K",Sås dressing majonnäs ,143.0,mg
6370,Karl-Alfredsås m. yoghurt spenat,"Jod, I",Sås dressing majonnäs ,36.9,µg
6370,Karl-Alfredsås m. yoghurt spenat,Fullkorn totalt,Sås dressing majonnäs ,0.0,g
6370,Karl-Alfredsås m. yoghurt spenat,"Folat, totalt",Sås dressing majonnäs ,21.8,µg
6370,Karl-Alfredsås m. yoghurt spenat,Fibrer,Sås dressing majonnäs ,0.3,g
6370,Karl-Alfredsås m. yoghurt spenat,"Fett, totalt",Sås dressing majonnäs ,18.8,g
6370,Karl-Alfredsås m. yoghurt spenat,"Järn, Fe",Sås dressing majonnäs ,0.3,mg
6370,Karl-Alfredsås m. yoghurt spenat,Energi (kJ),Sås dressing majonnäs ,817.0,kJ
6370,Karl-Alfredsås m. yoghurt spenat,Energi (kcal),Sås dressing majonnäs ,195.0,kcal
6370,Karl-Alfredsås m. yoghurt spenat,Disackarider,Sås dressing majonnäs ,2.4,g
6370,Karl-Alfredsås m. yoghurt spenat,"Kalcium, Ca",Sås dressing majonnäs ,88.0,mg
6370,Karl-Alfredsås m. yoghurt spenat,Fettsyra 4:0-10:0,Sås dressing majonnäs ,0.1,g
6370,Karl-Alfredsås m. yoghurt spenat,DHA (C22:6),Sås dressing majonnäs ,0.0,g
6370,Karl-Alfredsås m. yoghurt spenat,DPA (C22:5),Sås dressing majonnäs ,0.0,g
6370,Karl-Alfredsås m. yoghurt spenat,EPA (C20:5),Sås dressing majonnäs ,0.0,g
6370,Karl-Alfredsås m. yoghurt spenat,Arakidonsyra C20:4,Sås dressing majonnäs ,0.0,g
6370,Karl-Alfredsås m. yoghurt spenat,Arakidinsyra C20:0,Sås dressing majonnäs ,0.1,g
6370,Karl-Alfredsås m. yoghurt spenat,Linolensyra C18:3,Sås dressing majonnäs ,1.6,g
6370,Karl-Alfredsås m. yoghurt spenat,Linolsyra C18:2,Sås dressing majonnäs ,3.3,g
6370,Karl-Alfredsås m. yoghurt spenat,Oljesyra C18:1,Sås dressing majonnäs ,10.3,g
6370,Karl-Alfredsås m. yoghurt spenat,Stearinsyra C18:0,Sås dressing majonnäs ,0.4,g
6370,Karl-Alfredsås m. yoghurt spenat,Palmitoljesyra C16:1,Sås dressing majonnäs ,0.1,g
6370,Karl-Alfredsås m. yoghurt spenat,Palmitinsyra C16:0,Sås dressing majonnäs ,1.3,g
6370,Karl-Alfredsås m. yoghurt spenat,Myristinsyra C14:0,Sås dressing majonnäs ,0.2,g
6370,Karl-Alfredsås m. yoghurt spenat,Laurinsyra C12:0,Sås dressing majonnäs ,0.1,g
6370,Karl-Alfredsås m. yoghurt spenat,Betakaroten/β-Karoten,Sås dressing majonnäs ,433.0,µg
6370,Karl-Alfredsås m. yoghurt spenat,Avfall (skal etc.),Sås dressing majonnäs ,0.0,%
6370,Karl-Alfredsås m. yoghurt spenat,Aska,Sås dressing majonnäs ,1.4,g
6370,Karl-Alfredsås m. yoghurt spenat,Alkohol,Sås dressing majonnäs ,0.0,g
6372,Chili- och mangosås,"Zink, Zn",Sås dressing majonnäs ,0.2,mg
6372,Chili- och mangosås,Vitamin E,Sås dressing majonnäs ,1.8,mg
6372,Chili- och mangosås,Vitamin D,Sås dressing majonnäs ,0.01,µg
6372,Chili- och mangosås,Vitamin C,Sås dressing majonnäs ,19.0,mg
6372,Chili- och mangosås,Vitamin B6,Sås dressing majonnäs ,0.07,mg
6372,Chili- och mangosås,Vitamin B12,Sås dressing majonnäs ,0.02,µg
6372,Chili- och mangosås,Vitamin A,Sås dressing majonnäs ,62.0,RE/µg
6372,Chili- och mangosås,Vatten,Sås dressing majonnäs ,80.0,g
6372,Chili- och mangosås,Tiamin,Sås dressing majonnäs ,0.03,mg
6372,Chili- och mangosås,Tillsatt socker,Sås dressing majonnäs ,0.0,g
6372,Chili- och mangosås,Fritt socker,Sås dressing majonnäs ,0.0,g
6372,Chili- och mangosås,"Selen, Se",Sås dressing majonnäs ,0.3,µg
6372,Chili- och mangosås,Sackaros,Sås dressing majonnäs ,3.5,g
6372,Chili- och mangosås,Riboflavin,Sås dressing majonnäs ,0.05,mg
6372,Chili- och mangosås,Retinol,Sås dressing majonnäs ,28.8,µg
6372,Chili- och mangosås,Protein,Sås dressing majonnäs ,1.3,g
6372,Chili- och mangosås,Summa fleromättade fettsyror,Sås dressing majonnäs ,1.4,g
6372,Chili- och mangosås,"Fosfor, P",Sås dressing majonnäs ,33.0,mg
6372,Chili- och mangosås,Niacinekvivalenter,Sås dressing majonnäs ,0.82,NE/mg
6372,Chili- och mangosås,Niacin,Sås dressing majonnäs ,0.56,mg
6372,Chili- och mangosås,"Salt, NaCl",Sås dressing majonnäs ,0.7,g
6372,Chili- och mangosås,"Natrium, Na",Sås dressing majonnäs ,291.0,mg
6372,Chili- och mangosås,Monosackarider,Sås dressing majonnäs ,2.6,g
6372,Chili- och mangosås,"Sockerarter, totalt",Sås dressing majonnäs ,6.8,g
6372,Chili- och mangosås,Summa enkelomättade fettsyror,Sås dressing majonnäs ,3.6,g
6372,Chili- och mangosås,"Magnesium, Mg",Sås dressing majonnäs ,9.0,mg
6372,Chili- och mangosås,Summa mättade fettsyror,Sås dressing majonnäs ,2.2,g
6372,Chili- och mangosås,"Kolhydrater, tillgängliga",Sås dressing majonnäs ,9.0,g
6372,Chili- och mangosås,Kolesterol,Sås dressing majonnäs ,7.7,mg
6372,Chili- och mangosås,"Kalium, K",Sås dressing majonnäs ,136.0,mg
6372,Chili- och mangosås,"Jod, I",Sås dressing majonnäs ,35.6,µg
6372,Chili- och mangosås,Fullkorn totalt,Sås dressing majonnäs ,0.0,g
6372,Chili- och mangosås,"Folat, totalt",Sås dressing majonnäs ,17.8,µg
6372,Chili- och mangosås,Fibrer,Sås dressing majonnäs ,0.9,g
6372,Chili- och mangosås,"Fett, totalt",Sås dressing majonnäs ,7.7,g
6372,Chili- och mangosås,"Järn, Fe",Sås dressing majonnäs ,0.2,mg
6372,Chili- och mangosås,Energi (kJ),Sås dressing majonnäs ,468.0,kJ
6372,Chili- och mangosås,Energi (kcal),Sås dressing majonnäs ,112.0,kcal
6372,Chili- och mangosås,Disackarider,Sås dressing majonnäs ,4.2,g
6372,Chili- och mangosås,"Kalcium, Ca",Sås dressing majonnäs ,35.0,mg
6372,Chili- och mangosås,Fettsyra 4:0-10:0,Sås dressing majonnäs ,0.2,g
6372,Chili- och mangosås,DHA (C22:6),Sås dressing majonnäs ,0.0,g
6372,Chili- och mangosås,DPA (C22:5),Sås dressing majonnäs ,0.0,g
6372,Chili- och mangosås,EPA (C20:5),Sås dressing majonnäs ,0.0,g
6372,Chili- och mangosås,Arakidonsyra C20:4,Sås dressing majonnäs ,0.0,g
6372,Chili- och mangosås,Arakidinsyra C20:0,Sås dressing majonnäs ,0.0,g
6372,Chili- och mangosås,Linolensyra C18:3,Sås dressing majonnäs ,0.5,g
6372,Chili- och mangosås,Linolsyra C18:2,Sås dressing majonnäs ,1.0,g
6372,Chili- och mangosås,Oljesyra C18:1,Sås dressing majonnäs ,3.4,g
6372,Chili- och mangosås,Stearinsyra C18:0,Sås dressing majonnäs ,0.3,g
6372,Chili- och mangosås,Palmitoljesyra C16:1,Sås dressing majonnäs ,0.1,g
6372,Chili- och mangosås,Palmitinsyra C16:0,Sås dressing majonnäs ,1.2,g
6372,Chili- och mangosås,Myristinsyra C14:0,Sås dressing majonnäs ,0.3,g
6372,Chili- och mangosås,Laurinsyra C12:0,Sås dressing majonnäs ,0.1,g
6372,Chili- och mangosås,Betakaroten/β-Karoten,Sås dressing majonnäs ,390.0,µg
6372,Chili- och mangosås,Avfall (skal etc.),Sås dressing majonnäs ,19.0,%
6372,Chili- och mangosås,Aska,Sås dressing majonnäs ,1.1,g
6372,Chili- och mangosås,Alkohol,Sås dressing majonnäs ,0.0,g
6373,Fisk mager m. fänkål tomat crème fraiche ångkokt,"Zink, Zn",Fisk o skaldjursprodukter o rätter,0.5,mg
6373,Fisk mager m. fänkål tomat crème fraiche ångkokt,Vitamin E,Fisk o skaldjursprodukter o rätter,0.8,mg
6373,Fisk mager m. fänkål tomat crème fraiche ångkokt,Vitamin D,Fisk o skaldjursprodukter o rätter,8.95,µg
6373,Fisk mager m. fänkål tomat crème fraiche ångkokt,Vitamin C,Fisk o skaldjursprodukter o rätter,9.3,mg
6373,Fisk mager m. fänkål tomat crème fraiche ångkokt,Vitamin B6,Fisk o skaldjursprodukter o rätter,0.17,mg
6373,Fisk mager m. fänkål tomat crème fraiche ångkokt,Vitamin B12,Fisk o skaldjursprodukter o rätter,0.86,µg
6373,Fisk mager m. fänkål tomat crème fraiche ångkokt,Vitamin A,Fisk o skaldjursprodukter o rätter,100.6,RE/µg
6373,Fisk mager m. fänkål tomat crème fraiche ångkokt,Vatten,Fisk o skaldjursprodukter o rätter,77.9,g
6373,Fisk mager m. fänkål tomat crème fraiche ångkokt,Tiamin,Fisk o skaldjursprodukter o rätter,0.07,mg
6373,Fisk mager m. fänkål tomat crème fraiche ångkokt,Tillsatt socker,Fisk o skaldjursprodukter o rätter,0.0,g
6373,Fisk mager m. fänkål tomat crème fraiche ångkokt,Fritt socker,Fisk o skaldjursprodukter o rätter,0.0,g
6373,Fisk mager m. fänkål tomat crème fraiche ångkokt,"Selen, Se",Fisk o skaldjursprodukter o rätter,11.5,µg
6373,Fisk mager m. fänkål tomat crème fraiche ångkokt,Sackaros,Fisk o skaldjursprodukter o rätter,0.1,g
6373,Fisk mager m. fänkål tomat crème fraiche ångkokt,Riboflavin,Fisk o skaldjursprodukter o rätter,0.07,mg
6373,Fisk mager m. fänkål tomat crème fraiche ångkokt,Retinol,Fisk o skaldjursprodukter o rätter,57.6,µg
6373,Fisk mager m. fänkål tomat crème fraiche ångkokt,Protein,Fisk o skaldjursprodukter o rätter,11.4,g
6373,Fisk mager m. fänkål tomat crème fraiche ångkokt,Summa fleromättade fettsyror,Fisk o skaldjursprodukter o rätter,0.6,g
6373,Fisk mager m. fänkål tomat crème fraiche ångkokt,"Fosfor, P",Fisk o skaldjursprodukter o rätter,138.0,mg
6373,Fisk mager m. fänkål tomat crème fraiche ångkokt,Niacinekvivalenter,Fisk o skaldjursprodukter o rätter,3.52,NE/mg
6373,Fisk mager m. fänkål tomat crème fraiche ångkokt,Niacin,Fisk o skaldjursprodukter o rätter,1.43,mg
6373,Fisk mager m. fänkål tomat crème fraiche ångkokt,"Salt, NaCl",Fisk o skaldjursprodukter o rätter,0.5,g
6373,Fisk mager m. fänkål tomat crème fraiche ångkokt,"Natrium, Na",Fisk o skaldjursprodukter o rätter,215.0,mg
6373,Fisk mager m. fänkål tomat crème fraiche ångkokt,Monosackarider,Fisk o skaldjursprodukter o rätter,0.9,g
6373,Fisk mager m. fänkål tomat crème fraiche ångkokt,"Sockerarter, totalt",Fisk o skaldjursprodukter o rätter,1.4,g
6373,Fisk mager m. fänkål tomat crème fraiche ångkokt,Summa enkelomättade fettsyror,Fisk o skaldjursprodukter o rätter,1.8,g
6373,Fisk mager m. fänkål tomat crème fraiche ångkokt,"Magnesium, Mg",Fisk o skaldjursprodukter o rätter,20.0,mg
6373,Fisk mager m. fänkål tomat crème fraiche ångkokt,Summa mättade fettsyror,Fisk o skaldjursprodukter o rätter,4.2,g
6373,Fisk mager m. fänkål tomat crème fraiche ångkokt,"Kolhydrater, tillgängliga",Fisk o skaldjursprodukter o rätter,1.2,g
6373,Fisk mager m. fänkål tomat crème fraiche ångkokt,Kolesterol,Fisk o skaldjursprodukter o rätter,37.5,mg
6373,Fisk mager m. fänkål tomat crème fraiche ångkokt,"Kalium, K",Fisk o skaldjursprodukter o rätter,358.0,mg
6373,Fisk mager m. fänkål tomat crème fraiche ångkokt,"Jod, I",Fisk o skaldjursprodukter o rätter,14.4,µg
6373,Fisk mager m. fänkål tomat crème fraiche ångkokt,Fullkorn totalt,Fisk o skaldjursprodukter o rätter,0.0,g
6373,Fisk mager m. fänkål tomat crème fraiche ångkokt,"Folat, totalt",Fisk o skaldjursprodukter o rätter,11.5,µg
6373,Fisk mager m. fänkål tomat crème fraiche ångkokt,Fibrer,Fisk o skaldjursprodukter o rätter,0.8,g
6373,Fisk mager m. fänkål tomat crème fraiche ångkokt,"Fett, totalt",Fisk o skaldjursprodukter o rätter,7.1,g
6373,Fisk mager m. fänkål tomat crème fraiche ångkokt,"Järn, Fe",Fisk o skaldjursprodukter o rätter,0.6,mg
6373,Fisk mager m. fänkål tomat crème fraiche ångkokt,Energi (kJ),Fisk o skaldjursprodukter o rätter,483.0,kJ
6373,Fisk mager m. fänkål tomat crème fraiche ångkokt,Energi (kcal),Fisk o skaldjursprodukter o rätter,115.0,kcal
6373,Fisk mager m. fänkål tomat crème fraiche ångkokt,Disackarider,Fisk o skaldjursprodukter o rätter,0.5,g
6373,Fisk mager m. fänkål tomat crème fraiche ångkokt,"Kalcium, Ca",Fisk o skaldjursprodukter o rätter,38.0,mg
6373,Fisk mager m. fänkål tomat crème fraiche ångkokt,Fettsyra 4:0-10:0,Fisk o skaldjursprodukter o rätter,0.3,g
6373,Fisk mager m. fänkål tomat crème fraiche ångkokt,DHA (C22:6),Fisk o skaldjursprodukter o rätter,0.0,g
6373,Fisk mager m. fänkål tomat crème fraiche ångkokt,DPA (C22:5),Fisk o skaldjursprodukter o rätter,0.0,g
6373,Fisk mager m. fänkål tomat crème fraiche ångkokt,EPA (C20:5),Fisk o skaldjursprodukter o rätter,0.0,g
6373,Fisk mager m. fänkål tomat crème fraiche ångkokt,Arakidonsyra C20:4,Fisk o skaldjursprodukter o rätter,0.0,g
6373,Fisk mager m. fänkål tomat crème fraiche ångkokt,Arakidinsyra C20:0,Fisk o skaldjursprodukter o rätter,0.0,g
6373,Fisk mager m. fänkål tomat crème fraiche ångkokt,Linolensyra C18:3,Fisk o skaldjursprodukter o rätter,0.1,g
6373,Fisk mager m. fänkål tomat crème fraiche ångkokt,Linolsyra C18:2,Fisk o skaldjursprodukter o rätter,0.4,g
6373,Fisk mager m. fänkål tomat crème fraiche ångkokt,Oljesyra C18:1,Fisk o skaldjursprodukter o rätter,1.6,g
6373,Fisk mager m. fänkål tomat crème fraiche ångkokt,Stearinsyra C18:0,Fisk o skaldjursprodukter o rätter,0.7,g
6373,Fisk mager m. fänkål tomat crème fraiche ångkokt,Palmitoljesyra C16:1,Fisk o skaldjursprodukter o rätter,0.1,g
6373,Fisk mager m. fänkål tomat crème fraiche ångkokt,Palmitinsyra C16:0,Fisk o skaldjursprodukter o rätter,2.1,g
6373,Fisk mager m. fänkål tomat crème fraiche ångkokt,Myristinsyra C14:0,Fisk o skaldjursprodukter o rätter,0.7,g
6373,Fisk mager m. fänkål tomat crème fraiche ångkokt,Laurinsyra C12:0,Fisk o skaldjursprodukter o rätter,0.2,g
6373,Fisk mager m. fänkål tomat crème fraiche ångkokt,Betakaroten/β-Karoten,Fisk o skaldjursprodukter o rätter,495.0,µg
6373,Fisk mager m. fänkål tomat crème fraiche ångkokt,Avfall (skal etc.),Fisk o skaldjursprodukter o rätter,25.0,%
6373,Fisk mager m. fänkål tomat crème fraiche ångkokt,Aska,Fisk o skaldjursprodukter o rätter,1.5,g
6373,Fisk mager m. fänkål tomat crème fraiche ångkokt,Alkohol,Fisk o skaldjursprodukter o rätter,0.0,g
6374,Bondomelett m. bönor,"Zink, Zn",Äggprodukter o rätter,0.8,mg
6374,Bondomelett m. bönor,Vitamin E,Äggprodukter o rätter,2.0,mg
6374,Bondomelett m. bönor,Vitamin D,Äggprodukter o rätter,0.39,µg
6374,Bondomelett m. bönor,Vitamin C,Äggprodukter o rätter,9.5,mg
6374,Bondomelett m. bönor,Vitamin B6,Äggprodukter o rätter,0.13,mg
6374,Bondomelett m. bönor,Vitamin B12,Äggprodukter o rätter,0.37,µg
6374,Bondomelett m. bönor,Vitamin A,Äggprodukter o rätter,63.7,RE/µg
6374,Bondomelett m. bönor,Vatten,Äggprodukter o rätter,75.7,g
6374,Bondomelett m. bönor,Tiamin,Äggprodukter o rätter,0.09,mg
6374,Bondomelett m. bönor,Tillsatt socker,Äggprodukter o rätter,0.0,g
6374,Bondomelett m. bönor,Fritt socker,Äggprodukter o rätter,0.0,g
6374,Bondomelett m. bönor,"Selen, Se",Äggprodukter o rätter,5.9,µg
6374,Bondomelett m. bönor,Sackaros,Äggprodukter o rätter,0.3,g
6374,Bondomelett m. bönor,Riboflavin,Äggprodukter o rätter,0.14,mg
6374,Bondomelett m. bönor,Retinol,Äggprodukter o rätter,55.9,µg
6374,Bondomelett m. bönor,Protein,Äggprodukter o rätter,6.5,g
6374,Bondomelett m. bönor,Summa fleromättade fettsyror,Äggprodukter o rätter,1.1,g
6374,Bondomelett m. bönor,"Fosfor, P",Äggprodukter o rätter,95.0,mg
6374,Bondomelett m. bönor,Niacinekvivalenter,Äggprodukter o rätter,2.44,NE/mg
6374,Bondomelett m. bönor,Niacin,Äggprodukter o rätter,1.09,mg
6374,Bondomelett m. bönor,"Salt, NaCl",Äggprodukter o rätter,0.9,g
6374,Bondomelett m. bönor,"Natrium, Na",Äggprodukter o rätter,364.0,mg
6374,Bondomelett m. bönor,Monosackarider,Äggprodukter o rätter,0.8,g
6374,Bondomelett m. bönor,"Sockerarter, totalt",Äggprodukter o rätter,1.1,g
6374,Bondomelett m. bönor,Summa enkelomättade fettsyror,Äggprodukter o rätter,2.5,g
6374,Bondomelett m. bönor,"Magnesium, Mg",Äggprodukter o rätter,19.0,mg
6374,Bondomelett m. bönor,Summa mättade fettsyror,Äggprodukter o rätter,1.1,g
6374,Bondomelett m. bönor,"Kolhydrater, tillgängliga",Äggprodukter o rätter,8.8,g
6374,Bondomelett m. bönor,Kolesterol,Äggprodukter o rätter,80.6,mg
6374,Bondomelett m. bönor,"Kalium, K",Äggprodukter o rätter,233.0,mg
6374,Bondomelett m. bönor,"Jod, I",Äggprodukter o rätter,28.0,µg
6374,Bondomelett m. bönor,Fullkorn totalt,Äggprodukter o rätter,0.0,g
6374,Bondomelett m. bönor,"Folat, totalt",Äggprodukter o rätter,27.7,µg
6374,Bondomelett m. bönor,Fibrer,Äggprodukter o rätter,2.0,g
6374,Bondomelett m. bönor,"Fett, totalt",Äggprodukter o rätter,5.3,g
6374,Bondomelett m. bönor,"Järn, Fe",Äggprodukter o rätter,1.0,mg
6374,Bondomelett m. bönor,Energi (kJ),Äggprodukter o rätter,473.0,kJ
6374,Bondomelett m. bönor,Energi (kcal),Äggprodukter o rätter,113.0,kcal
6374,Bondomelett m. bönor,Disackarider,Äggprodukter o rätter,0.4,g
6374,Bondomelett m. bönor,"Kalcium, Ca",Äggprodukter o rätter,34.0,mg
6374,Bondomelett m. bönor,Fettsyra 4:0-10:0,Äggprodukter o rätter,0.0,g
6374,Bondomelett m. bönor,DHA (C22:6),Äggprodukter o rätter,0.0,g
6374,Bondomelett m. bönor,DPA (C22:5),Äggprodukter o rätter,0.0,g
6374,Bondomelett m. bönor,EPA (C20:5),Äggprodukter o rätter,0.0,g
6374,Bondomelett m. bönor,Arakidonsyra C20:4,Äggprodukter o rätter,0.0,g
6374,Bondomelett m. bönor,Arakidinsyra C20:0,Äggprodukter o rätter,0.0,g
6374,Bondomelett m. bönor,Linolensyra C18:3,Äggprodukter o rätter,0.2,g
6374,Bondomelett m. bönor,Linolsyra C18:2,Äggprodukter o rätter,0.8,g
6374,Bondomelett m. bönor,Oljesyra C18:1,Äggprodukter o rätter,2.4,g
6374,Bondomelett m. bönor,Stearinsyra C18:0,Äggprodukter o rätter,0.3,g
6374,Bondomelett m. bönor,Palmitoljesyra C16:1,Äggprodukter o rätter,0.1,g
6374,Bondomelett m. bönor,Palmitinsyra C16:0,Äggprodukter o rätter,0.8,g
6374,Bondomelett m. bönor,Myristinsyra C14:0,Äggprodukter o rätter,0.0,g
6374,Bondomelett m. bönor,Laurinsyra C12:0,Äggprodukter o rätter,0.0,g
6374,Bondomelett m. bönor,Betakaroten/β-Karoten,Äggprodukter o rätter,50.0,µg
6374,Bondomelett m. bönor,Avfall (skal etc.),Äggprodukter o rätter,4.0,%
6374,Bondomelett m. bönor,Aska,Äggprodukter o rätter,1.6,g
6374,Bondomelett m. bönor,Alkohol,Äggprodukter o rätter,0.0,g
6375,Grönsaksbiff Caribbean stekt,"Zink, Zn",Grönsaks- rotfrukts- baljväxträtter o produkter,0.7,mg
6375,Grönsaksbiff Caribbean stekt,Vitamin E,Grönsaks- rotfrukts- baljväxträtter o produkter,2.5,mg
6375,Grönsaksbiff Caribbean stekt,Vitamin D inkl 25-OH-D3,Grönsaks- rotfrukts- baljväxträtter o produkter,0.0,µg
6375,Grönsaksbiff Caribbean stekt,Vitamin D,Grönsaks- rotfrukts- baljväxträtter o produkter,0.0,µg
6375,Grönsaksbiff Caribbean stekt,Vitamin C,Grönsaks- rotfrukts- baljväxträtter o produkter,6.5,mg
6375,Grönsaksbiff Caribbean stekt,Vitamin B6,Grönsaks- rotfrukts- baljväxträtter o produkter,0.14,mg
6375,Grönsaksbiff Caribbean stekt,Vitamin B12,Grönsaks- rotfrukts- baljväxträtter o produkter,0.0,µg
6375,Grönsaksbiff Caribbean stekt,Vitamin A,Grönsaks- rotfrukts- baljväxträtter o produkter,190.5,RE/µg
6375,Grönsaksbiff Caribbean stekt,Vatten,Grönsaks- rotfrukts- baljväxträtter o produkter,56.2,g
6375,Grönsaksbiff Caribbean stekt,Tiamin,Grönsaks- rotfrukts- baljväxträtter o produkter,0.07,mg
6375,Grönsaksbiff Caribbean stekt,Tillsatt socker,Grönsaks- rotfrukts- baljväxträtter o produkter,0.0,g
6375,Grönsaksbiff Caribbean stekt,Fritt socker,Grönsaks- rotfrukts- baljväxträtter o produkter,0.0,g
6375,Grönsaksbiff Caribbean stekt,"Selen, Se",Grönsaks- rotfrukts- baljväxträtter o produkter,5.5,µg
6375,Grönsaksbiff Caribbean stekt,Sackaros,Grönsaks- rotfrukts- baljväxträtter o produkter,0.9,g
6375,Grönsaksbiff Caribbean stekt,Riboflavin,Grönsaks- rotfrukts- baljväxträtter o produkter,0.03,mg
6375,Grönsaksbiff Caribbean stekt,Retinol,Grönsaks- rotfrukts- baljväxträtter o produkter,0.0,µg
6375,Grönsaksbiff Caribbean stekt,Protein,Grönsaks- rotfrukts- baljväxträtter o produkter,3.9,g
6375,Grönsaksbiff Caribbean stekt,Summa fleromättade fettsyror,Grönsaks- rotfrukts- baljväxträtter o produkter,2.4,g
6375,Grönsaksbiff Caribbean stekt,"Fosfor, P",Grönsaks- rotfrukts- baljväxträtter o produkter,76.0,mg
6375,Grönsaksbiff Caribbean stekt,Niacinekvivalenter,Grönsaks- rotfrukts- baljväxträtter o produkter,1.53,NE/mg
6375,Grönsaksbiff Caribbean stekt,Niacin,Grönsaks- rotfrukts- baljväxträtter o produkter,0.88,mg
6375,Grönsaksbiff Caribbean stekt,"Salt, NaCl",Grönsaks- rotfrukts- baljväxträtter o produkter,1.3,g
6375,Grönsaksbiff Caribbean stekt,"Natrium, Na",Grönsaks- rotfrukts- baljväxträtter o produkter,535.0,mg
6375,Grönsaksbiff Caribbean stekt,Monosackarider,Grönsaks- rotfrukts- baljväxträtter o produkter,1.1,g
6375,Grönsaksbiff Caribbean stekt,"Sockerarter, totalt",Grönsaks- rotfrukts- baljväxträtter o produkter,2.1,g
6375,Grönsaksbiff Caribbean stekt,Summa enkelomättade fettsyror,Grönsaks- rotfrukts- baljväxträtter o produkter,4.6,g
6375,Grönsaksbiff Caribbean stekt,"Magnesium, Mg",Grönsaks- rotfrukts- baljväxträtter o produkter,31.0,mg
6375,Grönsaksbiff Caribbean stekt,Summa mättade fettsyror,Grönsaks- rotfrukts- baljväxträtter o produkter,0.6,g
6375,Grönsaksbiff Caribbean stekt,"Kolhydrater, tillgängliga",Grönsaks- rotfrukts- baljväxträtter o produkter,26.0,g
6375,Grönsaksbiff Caribbean stekt,Kolesterol,Grönsaks- rotfrukts- baljväxträtter o produkter,0.0,mg
6375,Grönsaksbiff Caribbean stekt,"Kalium, K",Grönsaks- rotfrukts- baljväxträtter o produkter,190.0,mg
6375,Grönsaksbiff Caribbean stekt,"Jod, I",Grönsaks- rotfrukts- baljväxträtter o produkter,60.6,µg
6375,Grönsaksbiff Caribbean stekt,Fullkorn totalt,Grönsaks- rotfrukts- baljväxträtter o produkter,0.0,g
6375,Grönsaksbiff Caribbean stekt,"Folat, totalt",Grönsaks- rotfrukts- baljväxträtter o produkter,37.4,µg
6375,Grönsaksbiff Caribbean stekt,Fibrer,Grönsaks- rotfrukts- baljväxträtter o produkter,3.9,g
6375,Grönsaksbiff Caribbean stekt,"Fett, totalt",Grönsaks- rotfrukts- baljväxträtter o produkter,8.2,g
6375,Grönsaksbiff Caribbean stekt,"Järn, Fe",Grönsaks- rotfrukts- baljväxträtter o produkter,1.0,mg
6375,Grönsaksbiff Caribbean stekt,Energi (kJ),Grönsaks- rotfrukts- baljväxträtter o produkter,840.0,kJ
6375,Grönsaksbiff Caribbean stekt,Energi (kcal),Grönsaks- rotfrukts- baljväxträtter o produkter,201.0,kcal
6375,Grönsaksbiff Caribbean stekt,Disackarider,Grönsaks- rotfrukts- baljväxträtter o produkter,0.9,g
6375,Grönsaksbiff Caribbean stekt,"Kalcium, Ca",Grönsaks- rotfrukts- baljväxträtter o produkter,42.0,mg
6375,Grönsaksbiff Caribbean stekt,Fettsyra 4:0-10:0,Grönsaks- rotfrukts- baljväxträtter o produkter,0.0,g
6375,Grönsaksbiff Caribbean stekt,DHA (C22:6),Grönsaks- rotfrukts- baljväxträtter o produkter,0.0,g
6375,Grönsaksbiff Caribbean stekt,DPA (C22:5),Grönsaks- rotfrukts- baljväxträtter o produkter,0.0,g
6375,Grönsaksbiff Caribbean stekt,EPA (C20:5),Grönsaks- rotfrukts- baljväxträtter o produkter,0.0,g
6375,Grönsaksbiff Caribbean stekt,Arakidonsyra C20:4,Grönsaks- rotfrukts- baljväxträtter o produkter,0.0,g
6375,Grönsaksbiff Caribbean stekt,Arakidinsyra C20:0,Grönsaks- rotfrukts- baljväxträtter o produkter,0.0,g
6375,Grönsaksbiff Caribbean stekt,Linolensyra C18:3,Grönsaks- rotfrukts- baljväxträtter o produkter,0.6,g
6375,Grönsaksbiff Caribbean stekt,Linolsyra C18:2,Grönsaks- rotfrukts- baljväxträtter o produkter,1.7,g
6375,Grönsaksbiff Caribbean stekt,Oljesyra C18:1,Grönsaks- rotfrukts- baljväxträtter o produkter,4.4,g
6375,Grönsaksbiff Caribbean stekt,Stearinsyra C18:0,Grönsaks- rotfrukts- baljväxträtter o produkter,0.1,g
6375,Grönsaksbiff Caribbean stekt,Palmitoljesyra C16:1,Grönsaks- rotfrukts- baljväxträtter o produkter,0.0,g
6375,Grönsaksbiff Caribbean stekt,Palmitinsyra C16:0,Grönsaks- rotfrukts- baljväxträtter o produkter,0.4,g
6375,Grönsaksbiff Caribbean stekt,Myristinsyra C14:0,Grönsaks- rotfrukts- baljväxträtter o produkter,0.0,g
6375,Grönsaksbiff Caribbean stekt,Laurinsyra C12:0,Grönsaks- rotfrukts- baljväxträtter o produkter,0.0,g
6375,Grönsaksbiff Caribbean stekt,Betakaroten/β-Karoten,Grönsaks- rotfrukts- baljväxträtter o produkter,1945.0,µg
6375,Grönsaksbiff Caribbean stekt,Avfall (skal etc.),Grönsaks- rotfrukts- baljväxträtter o produkter,1.0,%
6375,Grönsaksbiff Caribbean stekt,Aska,Grönsaks- rotfrukts- baljväxträtter o produkter,1.9,g
6375,Grönsaksbiff Caribbean stekt,Alkohol,Grönsaks- rotfrukts- baljväxträtter o produkter,0.0,g
6377,Gräddsås m. persilja,"Zink, Zn",Sås dressing majonnäs ,0.2,mg
6377,Gräddsås m. persilja,Vitamin E,Sås dressing majonnäs ,0.4,mg
6377,Gräddsås m. persilja,Vitamin D,Sås dressing majonnäs ,0.04,µg
6377,Gräddsås m. persilja,Vitamin C,Sås dressing majonnäs ,3.3,mg
6377,Gräddsås m. persilja,Vitamin B6,Sås dressing majonnäs ,0.02,mg
6377,Gräddsås m. persilja,Vitamin B12,Sås dressing majonnäs ,0.31,µg
6377,Gräddsås m. persilja,Vitamin A,Sås dressing majonnäs ,136.7,RE/µg
6377,Gräddsås m. persilja,Vatten,Sås dressing majonnäs ,77.8,g
6377,Gräddsås m. persilja,Tiamin,Sås dressing majonnäs ,0.03,mg
6377,Gräddsås m. persilja,Tillsatt socker,Sås dressing majonnäs ,0.0,g
6377,Gräddsås m. persilja,Fritt socker,Sås dressing majonnäs ,0.0,g
6377,Gräddsås m. persilja,"Selen, Se",Sås dressing majonnäs ,1.1,µg
6377,Gräddsås m. persilja,Sackaros,Sås dressing majonnäs ,0.0,g
6377,Gräddsås m. persilja,Riboflavin,Sås dressing majonnäs ,0.06,mg
6377,Gräddsås m. persilja,Retinol,Sås dressing majonnäs ,119.2,µg
6377,Gräddsås m. persilja,Protein,Sås dressing majonnäs ,1.8,g
6377,Gräddsås m. persilja,Summa fleromättade fettsyror,Sås dressing majonnäs ,0.4,g
6377,Gräddsås m. persilja,"Fosfor, P",Sås dressing majonnäs ,45.0,mg
6377,Gräddsås m. persilja,Niacinekvivalenter,Sås dressing majonnäs ,0.51,NE/mg
6377,Gräddsås m. persilja,Niacin,Sås dressing majonnäs ,0.11,mg
6377,Gräddsås m. persilja,"Salt, NaCl",Sås dressing majonnäs ,1.3,g
6377,Gräddsås m. persilja,"Natrium, Na",Sås dressing majonnäs ,520.0,mg
6377,Gräddsås m. persilja,Monosackarider,Sås dressing majonnäs ,0.0,g
6377,Gräddsås m. persilja,"Sockerarter, totalt",Sås dressing majonnäs ,1.8,g
6377,Gräddsås m. persilja,Summa enkelomättade fettsyror,Sås dressing majonnäs ,3.6,g
6377,Gräddsås m. persilja,"Magnesium, Mg",Sås dressing majonnäs ,8.0,mg
6377,Gräddsås m. persilja,Summa mättade fettsyror,Sås dressing majonnäs ,8.9,g
6377,Gräddsås m. persilja,"Kolhydrater, tillgängliga",Sås dressing majonnäs ,4.4,g
6377,Gräddsås m. persilja,Kolesterol,Sås dressing majonnäs ,39.4,mg
6377,Gräddsås m. persilja,"Kalium, K",Sås dressing majonnäs ,81.0,mg
6377,Gräddsås m. persilja,"Jod, I",Sås dressing majonnäs ,6.3,µg
6377,Gräddsås m. persilja,Fullkorn totalt,Sås dressing majonnäs ,0.0,g
6377,Gräddsås m. persilja,"Folat, totalt",Sås dressing majonnäs ,11.4,µg
6377,Gräddsås m. persilja,Fibrer,Sås dressing majonnäs ,0.2,g
6377,Gräddsås m. persilja,"Fett, totalt",Sås dressing majonnäs ,14.1,g
6377,Gräddsås m. persilja,"Järn, Fe",Sås dressing majonnäs ,0.3,mg
6377,Gräddsås m. persilja,Energi (kJ),Sås dressing majonnäs ,629.0,kJ
6377,Gräddsås m. persilja,Energi (kcal),Sås dressing majonnäs ,150.0,kcal
6377,Gräddsås m. persilja,Disackarider,Sås dressing majonnäs ,1.7,g
6377,Gräddsås m. persilja,"Kalcium, Ca",Sås dressing majonnäs ,58.0,mg
6377,Gräddsås m. persilja,Fettsyra 4:0-10:0,Sås dressing majonnäs ,1.0,g
6377,Gräddsås m. persilja,DHA (C22:6),Sås dressing majonnäs ,0.0,g
6377,Gräddsås m. persilja,DPA (C22:5),Sås dressing majonnäs ,0.0,g
6377,Gräddsås m. persilja,EPA (C20:5),Sås dressing majonnäs ,0.0,g
6377,Gräddsås m. persilja,Arakidonsyra C20:4,Sås dressing majonnäs ,0.0,g
6377,Gräddsås m. persilja,Arakidinsyra C20:0,Sås dressing majonnäs ,0.0,g
6377,Gräddsås m. persilja,Linolensyra C18:3,Sås dressing majonnäs ,0.1,g
6377,Gräddsås m. persilja,Linolsyra C18:2,Sås dressing majonnäs ,0.3,g
6377,Gräddsås m. persilja,Oljesyra C18:1,Sås dressing majonnäs ,3.1,g
6377,Gräddsås m. persilja,Stearinsyra C18:0,Sås dressing majonnäs ,1.4,g
6377,Gräddsås m. persilja,Palmitoljesyra C16:1,Sås dressing majonnäs ,0.3,g
6377,Gräddsås m. persilja,Palmitinsyra C16:0,Sås dressing majonnäs ,4.3,g
6377,Gräddsås m. persilja,Myristinsyra C14:0,Sås dressing majonnäs ,1.4,g
6377,Gräddsås m. persilja,Laurinsyra C12:0,Sås dressing majonnäs ,0.4,g
6377,Gräddsås m. persilja,Betakaroten/β-Karoten,Sås dressing majonnäs ,210.0,µg
6377,Gräddsås m. persilja,Avfall (skal etc.),Sås dressing majonnäs ,0.0,%
6377,Gräddsås m. persilja,Aska,Sås dressing majonnäs ,1.7,g
6377,Gräddsås m. persilja,Alkohol,Sås dressing majonnäs ,0.0,g
6378,Köttfärs- och grönsaksbiff stekt,"Zink, Zn",Köttprodukter kötträtter,3.3,mg
6378,Köttfärs- och grönsaksbiff stekt,Vitamin E,Köttprodukter kötträtter,0.4,mg
6378,Köttfärs- och grönsaksbiff stekt,Vitamin D inkl 25-OH-D3,Köttprodukter kötträtter,0.36,µg
6378,Köttfärs- och grönsaksbiff stekt,Vitamin D,Köttprodukter kötträtter,0.04,µg
6378,Köttfärs- och grönsaksbiff stekt,Vitamin C,Köttprodukter kötträtter,3.1,mg
6378,Köttfärs- och grönsaksbiff stekt,Vitamin B6,Köttprodukter kötträtter,0.13,mg
6378,Köttfärs- och grönsaksbiff stekt,Vitamin B12,Köttprodukter kötträtter,0.67,µg
6378,Köttfärs- och grönsaksbiff stekt,Vitamin A,Köttprodukter kötträtter,7.6,RE/µg
6378,Köttfärs- och grönsaksbiff stekt,Vatten,Köttprodukter kötträtter,64.2,g
6378,Köttfärs- och grönsaksbiff stekt,Tiamin,Köttprodukter kötträtter,0.09,mg
6378,Köttfärs- och grönsaksbiff stekt,Tillsatt socker,Köttprodukter kötträtter,0.0,g
6378,Köttfärs- och grönsaksbiff stekt,Fritt socker,Köttprodukter kötträtter,0.0,g
6378,Köttfärs- och grönsaksbiff stekt,"Selen, Se",Köttprodukter kötträtter,3.2,µg
6378,Köttfärs- och grönsaksbiff stekt,Sackaros,Köttprodukter kötträtter,0.4,g
6378,Köttfärs- och grönsaksbiff stekt,Riboflavin,Köttprodukter kötträtter,0.11,mg
6378,Köttfärs- och grönsaksbiff stekt,Retinol,Köttprodukter kötträtter,6.0,µg
6378,Köttfärs- och grönsaksbiff stekt,Protein,Köttprodukter kötträtter,14.6,g
6378,Köttfärs- och grönsaksbiff stekt,Summa fleromättade fettsyror,Köttprodukter kötträtter,0.3,g
6378,Köttfärs- och grönsaksbiff stekt,"Fosfor, P",Köttprodukter kötträtter,142.0,mg
6378,Köttfärs- och grönsaksbiff stekt,Niacinekvivalenter,Köttprodukter kötträtter,5.72,NE/mg
6378,Köttfärs- och grönsaksbiff stekt,Niacin,Köttprodukter kötträtter,3.12,mg
6378,Köttfärs- och grönsaksbiff stekt,"Salt, NaCl",Köttprodukter kötträtter,1.4,g
6378,Köttfärs- och grönsaksbiff stekt,"Natrium, Na",Köttprodukter kötträtter,554.0,mg
6378,Köttfärs- och grönsaksbiff stekt,Monosackarider,Köttprodukter kötträtter,0.4,g
6378,Köttfärs- och grönsaksbiff stekt,"Sockerarter, totalt",Köttprodukter kötträtter,0.8,g
6378,Köttfärs- och grönsaksbiff stekt,Summa enkelomättade fettsyror,Köttprodukter kötträtter,3.1,g
6378,Köttfärs- och grönsaksbiff stekt,"Magnesium, Mg",Köttprodukter kötträtter,27.0,mg
6378,Köttfärs- och grönsaksbiff stekt,Summa mättade fettsyror,Köttprodukter kötträtter,3.1,g
6378,Köttfärs- och grönsaksbiff stekt,"Kolhydrater, tillgängliga",Köttprodukter kötträtter,8.4,g
6378,Köttfärs- och grönsaksbiff stekt,Kolesterol,Köttprodukter kötträtter,35.0,mg
6378,Köttfärs- och grönsaksbiff stekt,"Kalium, K",Köttprodukter kötträtter,259.0,mg
6378,Köttfärs- och grönsaksbiff stekt,"Jod, I",Köttprodukter kötträtter,60.9,µg
6378,Köttfärs- och grönsaksbiff stekt,Fullkorn totalt,Köttprodukter kötträtter,0.0,g
6378,Köttfärs- och grönsaksbiff stekt,"Folat, totalt",Köttprodukter kötträtter,6.8,µg
6378,Köttfärs- och grönsaksbiff stekt,Fibrer,Köttprodukter kötträtter,3.8,g
6378,Köttfärs- och grönsaksbiff stekt,"Fett, totalt",Köttprodukter kötträtter,6.9,g
6378,Köttfärs- och grönsaksbiff stekt,"Järn, Fe",Köttprodukter kötträtter,1.7,mg
6378,Köttfärs- och grönsaksbiff stekt,Energi (kJ),Köttprodukter kötträtter,678.0,kJ
6378,Köttfärs- och grönsaksbiff stekt,Energi (kcal),Köttprodukter kötträtter,162.0,kcal
6378,Köttfärs- och grönsaksbiff stekt,Disackarider,Köttprodukter kötträtter,0.4,g
6378,Köttfärs- och grönsaksbiff stekt,"Kalcium, Ca",Köttprodukter kötträtter,21.0,mg
6378,Köttfärs- och grönsaksbiff stekt,Fettsyra 4:0-10:0,Köttprodukter kötträtter,0.0,g
6378,Köttfärs- och grönsaksbiff stekt,DHA (C22:6),Köttprodukter kötträtter,0.0,g
6378,Köttfärs- och grönsaksbiff stekt,DPA (C22:5),Köttprodukter kötträtter,0.0,g
6378,Köttfärs- och grönsaksbiff stekt,EPA (C20:5),Köttprodukter kötträtter,0.0,g
6378,Köttfärs- och grönsaksbiff stekt,Arakidonsyra C20:4,Köttprodukter kötträtter,0.0,g
6378,Köttfärs- och grönsaksbiff stekt,Arakidinsyra C20:0,Köttprodukter kötträtter,0.0,g
6378,Köttfärs- och grönsaksbiff stekt,Linolensyra C18:3,Köttprodukter kötträtter,0.1,g
6378,Köttfärs- och grönsaksbiff stekt,Linolsyra C18:2,Köttprodukter kötträtter,0.2,g
6378,Köttfärs- och grönsaksbiff stekt,Oljesyra C18:1,Köttprodukter kötträtter,2.6,g
6378,Köttfärs- och grönsaksbiff stekt,Stearinsyra C18:0,Köttprodukter kötträtter,1.0,g
6378,Köttfärs- och grönsaksbiff stekt,Palmitoljesyra C16:1,Köttprodukter kötträtter,0.3,g
6378,Köttfärs- och grönsaksbiff stekt,Palmitinsyra C16:0,Köttprodukter kötträtter,1.6,g
6378,Köttfärs- och grönsaksbiff stekt,Myristinsyra C14:0,Köttprodukter kötträtter,0.2,g
6378,Köttfärs- och grönsaksbiff stekt,Laurinsyra C12:0,Köttprodukter kötträtter,0.0,g
6378,Köttfärs- och grönsaksbiff stekt,Betakaroten/β-Karoten,Köttprodukter kötträtter,19.0,µg
6378,Köttfärs- och grönsaksbiff stekt,Avfall (skal etc.),Köttprodukter kötträtter,4.0,%
6378,Köttfärs- och grönsaksbiff stekt,Aska,Köttprodukter kötträtter,2.2,g
6378,Köttfärs- och grönsaksbiff stekt,Alkohol,Köttprodukter kötträtter,0.0,g
6379,Grönsaksbiff broccolibiff stekt veg.,"Zink, Zn",Grönsaks- rotfrukts- baljväxträtter o produkter,1.0,mg
6379,Grönsaksbiff broccolibiff stekt veg.,Vitamin E,Grönsaks- rotfrukts- baljväxträtter o produkter,4.0,mg
6379,Grönsaksbiff broccolibiff stekt veg.,Vitamin D,Grönsaks- rotfrukts- baljväxträtter o produkter,0.09,µg
6379,Grönsaksbiff broccolibiff stekt veg.,Vitamin C,Grönsaks- rotfrukts- baljväxträtter o produkter,7.9,mg
6379,Grönsaksbiff broccolibiff stekt veg.,Vitamin B6,Grönsaks- rotfrukts- baljväxträtter o produkter,0.18,mg
6379,Grönsaksbiff broccolibiff stekt veg.,Vitamin B12,Grönsaks- rotfrukts- baljväxträtter o produkter,0.39,µg
6379,Grönsaksbiff broccolibiff stekt veg.,Vitamin A,Grönsaks- rotfrukts- baljväxträtter o produkter,151.4,RE/µg
6379,Grönsaksbiff broccolibiff stekt veg.,Vatten,Grönsaks- rotfrukts- baljväxträtter o produkter,48.6,g
6379,Grönsaksbiff broccolibiff stekt veg.,Tiamin,Grönsaks- rotfrukts- baljväxträtter o produkter,0.06,mg
6379,Grönsaksbiff broccolibiff stekt veg.,Tillsatt socker,Grönsaks- rotfrukts- baljväxträtter o produkter,0.0,g
6379,Grönsaksbiff broccolibiff stekt veg.,Fritt socker,Grönsaks- rotfrukts- baljväxträtter o produkter,0.0,g
6379,Grönsaksbiff broccolibiff stekt veg.,"Selen, Se",Grönsaks- rotfrukts- baljväxträtter o produkter,1.8,µg
6379,Grönsaksbiff broccolibiff stekt veg.,Sackaros,Grönsaks- rotfrukts- baljväxträtter o produkter,0.5,g
6379,Grönsaksbiff broccolibiff stekt veg.,Riboflavin,Grönsaks- rotfrukts- baljväxträtter o produkter,0.12,mg
6379,Grönsaksbiff broccolibiff stekt veg.,Retinol,Grönsaks- rotfrukts- baljväxträtter o produkter,24.8,µg
6379,Grönsaksbiff broccolibiff stekt veg.,Protein,Grönsaks- rotfrukts- baljväxträtter o produkter,7.3,g
6379,Grönsaksbiff broccolibiff stekt veg.,Summa fleromättade fettsyror,Grönsaks- rotfrukts- baljväxträtter o produkter,3.7,g
6379,Grönsaksbiff broccolibiff stekt veg.,"Fosfor, P",Grönsaks- rotfrukts- baljväxträtter o produkter,158.0,mg
6379,Grönsaksbiff broccolibiff stekt veg.,Niacinekvivalenter,Grönsaks- rotfrukts- baljväxträtter o produkter,1.98,NE/mg
6379,Grönsaksbiff broccolibiff stekt veg.,Niacin,Grönsaks- rotfrukts- baljväxträtter o produkter,0.51,mg
6379,Grönsaksbiff broccolibiff stekt veg.,"Salt, NaCl",Grönsaks- rotfrukts- baljväxträtter o produkter,1.2,g
6379,Grönsaksbiff broccolibiff stekt veg.,"Natrium, Na",Grönsaks- rotfrukts- baljväxträtter o produkter,496.0,mg
6379,Grönsaksbiff broccolibiff stekt veg.,Monosackarider,Grönsaks- rotfrukts- baljväxträtter o produkter,0.9,g
6379,Grönsaksbiff broccolibiff stekt veg.,"Sockerarter, totalt",Grönsaks- rotfrukts- baljväxträtter o produkter,3.9,g
6379,Grönsaksbiff broccolibiff stekt veg.,Summa enkelomättade fettsyror,Grönsaks- rotfrukts- baljväxträtter o produkter,8.5,g
6379,Grönsaksbiff broccolibiff stekt veg.,"Magnesium, Mg",Grönsaks- rotfrukts- baljväxträtter o produkter,22.0,mg
6379,Grönsaksbiff broccolibiff stekt veg.,Summa mättade fettsyror,Grönsaks- rotfrukts- baljväxträtter o produkter,2.8,g
6379,Grönsaksbiff broccolibiff stekt veg.,"Kolhydrater, tillgängliga",Grönsaks- rotfrukts- baljväxträtter o produkter,24.1,g
6379,Grönsaksbiff broccolibiff stekt veg.,Kolesterol,Grönsaks- rotfrukts- baljväxträtter o produkter,8.3,mg
6379,Grönsaksbiff broccolibiff stekt veg.,"Kalium, K",Grönsaks- rotfrukts- baljväxträtter o produkter,208.0,mg
6379,Grönsaksbiff broccolibiff stekt veg.,"Jod, I",Grönsaks- rotfrukts- baljväxträtter o produkter,62.9,µg
6379,Grönsaksbiff broccolibiff stekt veg.,Fullkorn totalt,Grönsaks- rotfrukts- baljväxträtter o produkter,1.0,g
6379,Grönsaksbiff broccolibiff stekt veg.,"Folat, totalt",Grönsaks- rotfrukts- baljväxträtter o produkter,34.1,µg
6379,Grönsaksbiff broccolibiff stekt veg.,Fibrer,Grönsaks- rotfrukts- baljväxträtter o produkter,2.0,g
6379,Grönsaksbiff broccolibiff stekt veg.,"Fett, totalt",Grönsaks- rotfrukts- baljväxträtter o produkter,15.9,g
6379,Grönsaksbiff broccolibiff stekt veg.,"Järn, Fe",Grönsaks- rotfrukts- baljväxträtter o produkter,0.4,mg
6379,Grönsaksbiff broccolibiff stekt veg.,Energi (kJ),Grönsaks- rotfrukts- baljväxträtter o produkter,1136.0,kJ
6379,Grönsaksbiff broccolibiff stekt veg.,Energi (kcal),Grönsaks- rotfrukts- baljväxträtter o produkter,271.0,kcal
6379,Grönsaksbiff broccolibiff stekt veg.,Disackarider,Grönsaks- rotfrukts- baljväxträtter o produkter,3.0,g
6379,Grönsaksbiff broccolibiff stekt veg.,"Kalcium, Ca",Grönsaks- rotfrukts- baljväxträtter o produkter,157.0,mg
6379,Grönsaksbiff broccolibiff stekt veg.,Fettsyra 4:0-10:0,Grönsaks- rotfrukts- baljväxträtter o produkter,0.3,g
6379,Grönsaksbiff broccolibiff stekt veg.,DHA (C22:6),Grönsaks- rotfrukts- baljväxträtter o produkter,0.0,g
6379,Grönsaksbiff broccolibiff stekt veg.,DPA (C22:5),Grönsaks- rotfrukts- baljväxträtter o produkter,0.0,g
6379,Grönsaksbiff broccolibiff stekt veg.,EPA (C20:5),Grönsaks- rotfrukts- baljväxträtter o produkter,0.0,g
6379,Grönsaksbiff broccolibiff stekt veg.,Arakidonsyra C20:4,Grönsaks- rotfrukts- baljväxträtter o produkter,0.0,g
6379,Grönsaksbiff broccolibiff stekt veg.,Arakidinsyra C20:0,Grönsaks- rotfrukts- baljväxträtter o produkter,0.1,g
6379,Grönsaksbiff broccolibiff stekt veg.,Linolensyra C18:3,Grönsaks- rotfrukts- baljväxträtter o produkter,1.1,g
6379,Grönsaksbiff broccolibiff stekt veg.,Linolsyra C18:2,Grönsaks- rotfrukts- baljväxträtter o produkter,2.6,g
6379,Grönsaksbiff broccolibiff stekt veg.,Oljesyra C18:1,Grönsaks- rotfrukts- baljväxträtter o produkter,8.2,g
6379,Grönsaksbiff broccolibiff stekt veg.,Stearinsyra C18:0,Grönsaks- rotfrukts- baljväxträtter o produkter,0.5,g
6379,Grönsaksbiff broccolibiff stekt veg.,Palmitoljesyra C16:1,Grönsaks- rotfrukts- baljväxträtter o produkter,0.1,g
6379,Grönsaksbiff broccolibiff stekt veg.,Palmitinsyra C16:0,Grönsaks- rotfrukts- baljväxträtter o produkter,1.4,g
6379,Grönsaksbiff broccolibiff stekt veg.,Myristinsyra C14:0,Grönsaks- rotfrukts- baljväxträtter o produkter,0.3,g
6379,Grönsaksbiff broccolibiff stekt veg.,Laurinsyra C12:0,Grönsaks- rotfrukts- baljväxträtter o produkter,0.1,g
6379,Grönsaksbiff broccolibiff stekt veg.,Betakaroten/β-Karoten,Grönsaks- rotfrukts- baljväxträtter o produkter,1308.0,µg
6379,Grönsaksbiff broccolibiff stekt veg.,Avfall (skal etc.),Grönsaks- rotfrukts- baljväxträtter o produkter,1.0,%
6379,Grönsaksbiff broccolibiff stekt veg.,Aska,Grönsaks- rotfrukts- baljväxträtter o produkter,2.2,g
6379,Grönsaksbiff broccolibiff stekt veg.,Alkohol,Grönsaks- rotfrukts- baljväxträtter o produkter,0.0,g
6380,Gryta kycklinggryta m. bönor kakao ,"Zink, Zn",Fågelprodukter fågelrätter,0.6,mg
6380,Gryta kycklinggryta m. bönor kakao ,Vitamin E,Fågelprodukter fågelrätter,1.4,mg
6380,Gryta kycklinggryta m. bönor kakao ,Vitamin D,Fågelprodukter fågelrätter,0.15,µg
6380,Gryta kycklinggryta m. bönor kakao ,Vitamin C,Fågelprodukter fågelrätter,4.8,mg
6380,Gryta kycklinggryta m. bönor kakao ,Vitamin B6,Fågelprodukter fågelrätter,0.31,mg
6380,Gryta kycklinggryta m. bönor kakao ,Vitamin B12,Fågelprodukter fågelrätter,0.09,µg
6380,Gryta kycklinggryta m. bönor kakao ,Vitamin A,Fågelprodukter fågelrätter,19.7,RE/µg
6380,Gryta kycklinggryta m. bönor kakao ,Vatten,Fågelprodukter fågelrätter,77.5,g
6380,Gryta kycklinggryta m. bönor kakao ,Tiamin,Fågelprodukter fågelrätter,0.13,mg
6380,Gryta kycklinggryta m. bönor kakao ,Tillsatt socker,Fågelprodukter fågelrätter,0.0,g
6380,Gryta kycklinggryta m. bönor kakao ,Fritt socker,Fågelprodukter fågelrätter,0.0,g
6380,Gryta kycklinggryta m. bönor kakao ,"Selen, Se",Fågelprodukter fågelrätter,6.2,µg
6380,Gryta kycklinggryta m. bönor kakao ,Sackaros,Fågelprodukter fågelrätter,0.3,g
6380,Gryta kycklinggryta m. bönor kakao ,Riboflavin,Fågelprodukter fågelrätter,0.08,mg
6380,Gryta kycklinggryta m. bönor kakao ,Retinol,Fågelprodukter fågelrätter,4.2,µg
6380,Gryta kycklinggryta m. bönor kakao ,Protein,Fågelprodukter fågelrätter,11.0,g
6380,Gryta kycklinggryta m. bönor kakao ,Summa fleromättade fettsyror,Fågelprodukter fågelrätter,1.0,g
6380,Gryta kycklinggryta m. bönor kakao ,"Fosfor, P",Fågelprodukter fågelrätter,163.0,mg
6380,Gryta kycklinggryta m. bönor kakao ,Niacinekvivalenter,Fågelprodukter fågelrätter,7.75,NE/mg
6380,Gryta kycklinggryta m. bönor kakao ,Niacin,Fågelprodukter fågelrätter,5.79,mg
6380,Gryta kycklinggryta m. bönor kakao ,"Salt, NaCl",Fågelprodukter fågelrätter,0.9,g
6380,Gryta kycklinggryta m. bönor kakao ,"Natrium, Na",Fågelprodukter fågelrätter,359.0,mg
6380,Gryta kycklinggryta m. bönor kakao ,Monosackarider,Fågelprodukter fågelrätter,1.6,g
6380,Gryta kycklinggryta m. bönor kakao ,"Sockerarter, totalt",Fågelprodukter fågelrätter,1.8,g
6380,Gryta kycklinggryta m. bönor kakao ,Summa enkelomättade fettsyror,Fågelprodukter fågelrätter,1.6,g
6380,Gryta kycklinggryta m. bönor kakao ,"Magnesium, Mg",Fågelprodukter fågelrätter,36.0,mg
6380,Gryta kycklinggryta m. bönor kakao ,Summa mättade fettsyror,Fågelprodukter fågelrätter,0.6,g
6380,Gryta kycklinggryta m. bönor kakao ,"Kolhydrater, tillgängliga",Fågelprodukter fågelrätter,4.1,g
6380,Gryta kycklinggryta m. bönor kakao ,Kolesterol,Fågelprodukter fågelrätter,35.7,mg
6380,Gryta kycklinggryta m. bönor kakao ,"Kalium, K",Fågelprodukter fågelrätter,320.0,mg
6380,Gryta kycklinggryta m. bönor kakao ,"Jod, I",Fågelprodukter fågelrätter,37.0,µg
6380,Gryta kycklinggryta m. bönor kakao ,Fullkorn totalt,Fågelprodukter fågelrätter,0.0,g
6380,Gryta kycklinggryta m. bönor kakao ,"Folat, totalt",Fågelprodukter fågelrätter,22.1,µg
6380,Gryta kycklinggryta m. bönor kakao ,Fibrer,Fågelprodukter fågelrätter,2.1,g
6380,Gryta kycklinggryta m. bönor kakao ,"Fett, totalt",Fågelprodukter fågelrätter,3.3,g
6380,Gryta kycklinggryta m. bönor kakao ,"Järn, Fe",Fågelprodukter fågelrätter,1.0,mg
6380,Gryta kycklinggryta m. bönor kakao ,Energi (kJ),Fågelprodukter fågelrätter,397.0,kJ
6380,Gryta kycklinggryta m. bönor kakao ,Energi (kcal),Fågelprodukter fågelrätter,95.0,kcal
6380,Gryta kycklinggryta m. bönor kakao ,Disackarider,Fågelprodukter fågelrätter,0.3,g
6380,Gryta kycklinggryta m. bönor kakao ,"Kalcium, Ca",Fågelprodukter fågelrätter,26.0,mg
6380,Gryta kycklinggryta m. bönor kakao ,Fettsyra 4:0-10:0,Fågelprodukter fågelrätter,0.0,g
6380,Gryta kycklinggryta m. bönor kakao ,DHA (C22:6),Fågelprodukter fågelrätter,0.0,g
6380,Gryta kycklinggryta m. bönor kakao ,DPA (C22:5),Fågelprodukter fågelrätter,0.0,g
6380,Gryta kycklinggryta m. bönor kakao ,EPA (C20:5),Fågelprodukter fågelrätter,0.0,g
6380,Gryta kycklinggryta m. bönor kakao ,Arakidonsyra C20:4,Fågelprodukter fågelrätter,0.0,g
6380,Gryta kycklinggryta m. bönor kakao ,Arakidinsyra C20:0,Fågelprodukter fågelrätter,0.0,g
6380,Gryta kycklinggryta m. bönor kakao ,Linolensyra C18:3,Fågelprodukter fågelrätter,0.2,g
6380,Gryta kycklinggryta m. bönor kakao ,Linolsyra C18:2,Fågelprodukter fågelrätter,0.7,g
6380,Gryta kycklinggryta m. bönor kakao ,Oljesyra C18:1,Fågelprodukter fågelrätter,1.5,g
6380,Gryta kycklinggryta m. bönor kakao ,Stearinsyra C18:0,Fågelprodukter fågelrätter,0.2,g
6380,Gryta kycklinggryta m. bönor kakao ,Palmitoljesyra C16:1,Fågelprodukter fågelrätter,0.0,g
6380,Gryta kycklinggryta m. bönor kakao ,Palmitinsyra C16:0,Fågelprodukter fågelrätter,0.4,g
6380,Gryta kycklinggryta m. bönor kakao ,Myristinsyra C14:0,Fågelprodukter fågelrätter,0.0,g
6380,Gryta kycklinggryta m. bönor kakao ,Laurinsyra C12:0,Fågelprodukter fågelrätter,0.0,g
6380,Gryta kycklinggryta m. bönor kakao ,Betakaroten/β-Karoten,Fågelprodukter fågelrätter,184.0,µg
6380,Gryta kycklinggryta m. bönor kakao ,Avfall (skal etc.),Fågelprodukter fågelrätter,1.0,%
6380,Gryta kycklinggryta m. bönor kakao ,Aska,Fågelprodukter fågelrätter,2.0,g
6380,Gryta kycklinggryta m. bönor kakao ,Alkohol,Fågelprodukter fågelrätter,0.0,g
6381,Fisk Björkeby m. ströbröd smör persilja ugnsstekt,"Zink, Zn",Fisk o skaldjursprodukter o rätter,0.7,mg
6381,Fisk Björkeby m. ströbröd smör persilja ugnsstekt,Vitamin E,Fisk o skaldjursprodukter o rätter,1.4,mg
6381,Fisk Björkeby m. ströbröd smör persilja ugnsstekt,Vitamin D,Fisk o skaldjursprodukter o rätter,1.04,µg
6381,Fisk Björkeby m. ströbröd smör persilja ugnsstekt,Vitamin C,Fisk o skaldjursprodukter o rätter,2.7,mg
6381,Fisk Björkeby m. ströbröd smör persilja ugnsstekt,Vitamin B6,Fisk o skaldjursprodukter o rätter,0.09,mg
6381,Fisk Björkeby m. ströbröd smör persilja ugnsstekt,Vitamin B12,Fisk o skaldjursprodukter o rätter,0.9,µg
6381,Fisk Björkeby m. ströbröd smör persilja ugnsstekt,Vitamin A,Fisk o skaldjursprodukter o rätter,104.6,RE/µg
6381,Fisk Björkeby m. ströbröd smör persilja ugnsstekt,Vatten,Fisk o skaldjursprodukter o rätter,52.1,g
6381,Fisk Björkeby m. ströbröd smör persilja ugnsstekt,Tiamin,Fisk o skaldjursprodukter o rätter,0.08,mg
6381,Fisk Björkeby m. ströbröd smör persilja ugnsstekt,Tillsatt socker,Fisk o skaldjursprodukter o rätter,1.0,g
6381,Fisk Björkeby m. ströbröd smör persilja ugnsstekt,Fritt socker,Fisk o skaldjursprodukter o rätter,1.0,g
6381,Fisk Björkeby m. ströbröd smör persilja ugnsstekt,"Selen, Se",Fisk o skaldjursprodukter o rätter,24.3,µg
6381,Fisk Björkeby m. ströbröd smör persilja ugnsstekt,Sackaros,Fisk o skaldjursprodukter o rätter,0.1,g
6381,Fisk Björkeby m. ströbröd smör persilja ugnsstekt,Riboflavin,Fisk o skaldjursprodukter o rätter,0.08,mg
6381,Fisk Björkeby m. ströbröd smör persilja ugnsstekt,Retinol,Fisk o skaldjursprodukter o rätter,92.5,µg
6381,Fisk Björkeby m. ströbröd smör persilja ugnsstekt,Protein,Fisk o skaldjursprodukter o rätter,17.8,g
6381,Fisk Björkeby m. ströbröd smör persilja ugnsstekt,Summa fleromättade fettsyror,Fisk o skaldjursprodukter o rätter,1.1,g
6381,Fisk Björkeby m. ströbröd smör persilja ugnsstekt,"Fosfor, P",Fisk o skaldjursprodukter o rätter,214.0,mg
6381,Fisk Björkeby m. ströbröd smör persilja ugnsstekt,Niacinekvivalenter,Fisk o skaldjursprodukter o rätter,5.27,NE/mg
6381,Fisk Björkeby m. ströbröd smör persilja ugnsstekt,Niacin,Fisk o skaldjursprodukter o rätter,2.07,mg
6381,Fisk Björkeby m. ströbröd smör persilja ugnsstekt,"Salt, NaCl",Fisk o skaldjursprodukter o rätter,1.3,g
6381,Fisk Björkeby m. ströbröd smör persilja ugnsstekt,"Natrium, Na",Fisk o skaldjursprodukter o rätter,507.0,mg
6381,Fisk Björkeby m. ströbröd smör persilja ugnsstekt,Monosackarider,Fisk o skaldjursprodukter o rätter,0.5,g
6381,Fisk Björkeby m. ströbröd smör persilja ugnsstekt,"Sockerarter, totalt",Fisk o skaldjursprodukter o rätter,1.0,g
6381,Fisk Björkeby m. ströbröd smör persilja ugnsstekt,Summa enkelomättade fettsyror,Fisk o skaldjursprodukter o rätter,4.1,g
6381,Fisk Björkeby m. ströbröd smör persilja ugnsstekt,"Magnesium, Mg",Fisk o skaldjursprodukter o rätter,35.0,mg
6381,Fisk Björkeby m. ströbröd smör persilja ugnsstekt,Summa mättade fettsyror,Fisk o skaldjursprodukter o rätter,8.9,g
6381,Fisk Björkeby m. ströbröd smör persilja ugnsstekt,"Kolhydrater, tillgängliga",Fisk o skaldjursprodukter o rätter,11.5,g
6381,Fisk Björkeby m. ströbröd smör persilja ugnsstekt,Kolesterol,Fisk o skaldjursprodukter o rätter,86.9,mg
6381,Fisk Björkeby m. ströbröd smör persilja ugnsstekt,"Kalium, K",Fisk o skaldjursprodukter o rätter,315.0,mg
6381,Fisk Björkeby m. ströbröd smör persilja ugnsstekt,"Jod, I",Fisk o skaldjursprodukter o rätter,142.3,µg
6381,Fisk Björkeby m. ströbröd smör persilja ugnsstekt,Fullkorn totalt,Fisk o skaldjursprodukter o rätter,3.0,g
6381,Fisk Björkeby m. ströbröd smör persilja ugnsstekt,"Folat, totalt",Fisk o skaldjursprodukter o rätter,20.9,µg
6381,Fisk Björkeby m. ströbröd smör persilja ugnsstekt,Fibrer,Fisk o skaldjursprodukter o rätter,1.7,g
6381,Fisk Björkeby m. ströbröd smör persilja ugnsstekt,"Fett, totalt",Fisk o skaldjursprodukter o rätter,15.3,g
6381,Fisk Björkeby m. ströbröd smör persilja ugnsstekt,"Järn, Fe",Fisk o skaldjursprodukter o rätter,0.6,mg
6381,Fisk Björkeby m. ströbröd smör persilja ugnsstekt,Energi (kJ),Fisk o skaldjursprodukter o rätter,1078.0,kJ
6381,Fisk Björkeby m. ströbröd smör persilja ugnsstekt,Energi (kcal),Fisk o skaldjursprodukter o rätter,258.0,kcal
6381,Fisk Björkeby m. ströbröd smör persilja ugnsstekt,Disackarider,Fisk o skaldjursprodukter o rätter,0.5,g
6381,Fisk Björkeby m. ströbröd smör persilja ugnsstekt,"Kalcium, Ca",Fisk o skaldjursprodukter o rätter,36.0,mg
6381,Fisk Björkeby m. ströbröd smör persilja ugnsstekt,Fettsyra 4:0-10:0,Fisk o skaldjursprodukter o rätter,1.2,g
6381,Fisk Björkeby m. ströbröd smör persilja ugnsstekt,DHA (C22:6),Fisk o skaldjursprodukter o rätter,0.1,g
6381,Fisk Björkeby m. ströbröd smör persilja ugnsstekt,DPA (C22:5),Fisk o skaldjursprodukter o rätter,0.0,g
6381,Fisk Björkeby m. ströbröd smör persilja ugnsstekt,EPA (C20:5),Fisk o skaldjursprodukter o rätter,0.0,g
6381,Fisk Björkeby m. ströbröd smör persilja ugnsstekt,Arakidonsyra C20:4,Fisk o skaldjursprodukter o rätter,0.0,g
6381,Fisk Björkeby m. ströbröd smör persilja ugnsstekt,Arakidinsyra C20:0,Fisk o skaldjursprodukter o rätter,0.0,g
6381,Fisk Björkeby m. ströbröd smör persilja ugnsstekt,Linolensyra C18:3,Fisk o skaldjursprodukter o rätter,0.1,g
6381,Fisk Björkeby m. ströbröd smör persilja ugnsstekt,Linolsyra C18:2,Fisk o skaldjursprodukter o rätter,0.8,g
6381,Fisk Björkeby m. ströbröd smör persilja ugnsstekt,Oljesyra C18:1,Fisk o skaldjursprodukter o rätter,3.7,g
6381,Fisk Björkeby m. ströbröd smör persilja ugnsstekt,Stearinsyra C18:0,Fisk o skaldjursprodukter o rätter,1.3,g
6381,Fisk Björkeby m. ströbröd smör persilja ugnsstekt,Palmitoljesyra C16:1,Fisk o skaldjursprodukter o rätter,0.2,g
6381,Fisk Björkeby m. ströbröd smör persilja ugnsstekt,Palmitinsyra C16:0,Fisk o skaldjursprodukter o rätter,4.2,g
6381,Fisk Björkeby m. ströbröd smör persilja ugnsstekt,Myristinsyra C14:0,Fisk o skaldjursprodukter o rätter,1.4,g
6381,Fisk Björkeby m. ströbröd smör persilja ugnsstekt,Laurinsyra C12:0,Fisk o skaldjursprodukter o rätter,0.4,g
6381,Fisk Björkeby m. ströbröd smör persilja ugnsstekt,Betakaroten/β-Karoten,Fisk o skaldjursprodukter o rätter,145.0,µg
6381,Fisk Björkeby m. ströbröd smör persilja ugnsstekt,Avfall (skal etc.),Fisk o skaldjursprodukter o rätter,19.0,%
6381,Fisk Björkeby m. ströbröd smör persilja ugnsstekt,Aska,Fisk o skaldjursprodukter o rätter,2.2,g
6381,Fisk Björkeby m. ströbröd smör persilja ugnsstekt,Alkohol,Fisk o skaldjursprodukter o rätter,0.0,g
6382,Fisk m. soltorkad tomat persilja vitlök,"Zink, Zn",Fisk o skaldjursprodukter o rätter,0.8,mg
6382,Fisk m. soltorkad tomat persilja vitlök,Vitamin E,Fisk o skaldjursprodukter o rätter,2.7,mg
6382,Fisk m. soltorkad tomat persilja vitlök,Vitamin D,Fisk o skaldjursprodukter o rätter,1.88,µg
6382,Fisk m. soltorkad tomat persilja vitlök,Vitamin C,Fisk o skaldjursprodukter o rätter,1.9,mg
6382,Fisk m. soltorkad tomat persilja vitlök,Vitamin B6,Fisk o skaldjursprodukter o rätter,0.19,mg
6382,Fisk m. soltorkad tomat persilja vitlök,Vitamin B12,Fisk o skaldjursprodukter o rätter,0.88,µg
6382,Fisk m. soltorkad tomat persilja vitlök,Vitamin A,Fisk o skaldjursprodukter o rätter,109.5,RE/µg
6382,Fisk m. soltorkad tomat persilja vitlök,Vatten,Fisk o skaldjursprodukter o rätter,53.7,g
6382,Fisk m. soltorkad tomat persilja vitlök,Tiamin,Fisk o skaldjursprodukter o rätter,0.08,mg
6382,Fisk m. soltorkad tomat persilja vitlök,Tillsatt socker,Fisk o skaldjursprodukter o rätter,1.0,g
6382,Fisk m. soltorkad tomat persilja vitlök,Fritt socker,Fisk o skaldjursprodukter o rätter,1.0,g
6382,Fisk m. soltorkad tomat persilja vitlök,"Selen, Se",Fisk o skaldjursprodukter o rätter,23.6,µg
6382,Fisk m. soltorkad tomat persilja vitlök,Sackaros,Fisk o skaldjursprodukter o rätter,0.0,g
6382,Fisk m. soltorkad tomat persilja vitlök,Riboflavin,Fisk o skaldjursprodukter o rätter,0.08,mg
6382,Fisk m. soltorkad tomat persilja vitlök,Retinol,Fisk o skaldjursprodukter o rätter,95.9,µg
6382,Fisk m. soltorkad tomat persilja vitlök,Protein,Fisk o skaldjursprodukter o rätter,17.8,g
6382,Fisk m. soltorkad tomat persilja vitlök,Summa fleromättade fettsyror,Fisk o skaldjursprodukter o rätter,2.3,g
6382,Fisk m. soltorkad tomat persilja vitlök,"Fosfor, P",Fisk o skaldjursprodukter o rätter,218.0,mg
6382,Fisk m. soltorkad tomat persilja vitlök,Niacinekvivalenter,Fisk o skaldjursprodukter o rätter,5.54,NE/mg
6382,Fisk m. soltorkad tomat persilja vitlök,Niacin,Fisk o skaldjursprodukter o rätter,2.34,mg
6382,Fisk m. soltorkad tomat persilja vitlök,"Salt, NaCl",Fisk o skaldjursprodukter o rätter,2.0,g
6382,Fisk m. soltorkad tomat persilja vitlök,"Natrium, Na",Fisk o skaldjursprodukter o rätter,784.0,mg
6382,Fisk m. soltorkad tomat persilja vitlök,Monosackarider,Fisk o skaldjursprodukter o rätter,2.3,g
6382,Fisk m. soltorkad tomat persilja vitlök,"Sockerarter, totalt",Fisk o skaldjursprodukter o rätter,2.7,g
6382,Fisk m. soltorkad tomat persilja vitlök,Summa enkelomättade fettsyror,Fisk o skaldjursprodukter o rätter,4.5,g
6382,Fisk m. soltorkad tomat persilja vitlök,"Magnesium, Mg",Fisk o skaldjursprodukter o rätter,41.0,mg
6382,Fisk m. soltorkad tomat persilja vitlök,Summa mättade fettsyror,Fisk o skaldjursprodukter o rätter,5.0,g
6382,Fisk m. soltorkad tomat persilja vitlök,"Kolhydrater, tillgängliga",Fisk o skaldjursprodukter o rätter,11.0,g
6382,Fisk m. soltorkad tomat persilja vitlök,Kolesterol,Fisk o skaldjursprodukter o rätter,54.6,mg
6382,Fisk m. soltorkad tomat persilja vitlök,"Kalium, K",Fisk o skaldjursprodukter o rätter,493.0,mg
6382,Fisk m. soltorkad tomat persilja vitlök,"Jod, I",Fisk o skaldjursprodukter o rätter,130.3,µg
6382,Fisk m. soltorkad tomat persilja vitlök,Fullkorn totalt,Fisk o skaldjursprodukter o rätter,2.0,g
6382,Fisk m. soltorkad tomat persilja vitlök,"Folat, totalt",Fisk o skaldjursprodukter o rätter,19.3,µg
6382,Fisk m. soltorkad tomat persilja vitlök,Fibrer,Fisk o skaldjursprodukter o rätter,2.3,g
6382,Fisk m. soltorkad tomat persilja vitlök,"Fett, totalt",Fisk o skaldjursprodukter o rätter,12.3,g
6382,Fisk m. soltorkad tomat persilja vitlök,"Järn, Fe",Fisk o skaldjursprodukter o rätter,0.9,mg
6382,Fisk m. soltorkad tomat persilja vitlök,Energi (kJ),Fisk o skaldjursprodukter o rätter,963.0,kJ
6382,Fisk m. soltorkad tomat persilja vitlök,Energi (kcal),Fisk o skaldjursprodukter o rätter,230.0,kcal
6382,Fisk m. soltorkad tomat persilja vitlök,Disackarider,Fisk o skaldjursprodukter o rätter,0.4,g
6382,Fisk m. soltorkad tomat persilja vitlök,"Kalcium, Ca",Fisk o skaldjursprodukter o rätter,37.0,mg
6382,Fisk m. soltorkad tomat persilja vitlök,Fettsyra 4:0-10:0,Fisk o skaldjursprodukter o rätter,0.3,g
6382,Fisk m. soltorkad tomat persilja vitlök,DHA (C22:6),Fisk o skaldjursprodukter o rätter,0.1,g
6382,Fisk m. soltorkad tomat persilja vitlök,DPA (C22:5),Fisk o skaldjursprodukter o rätter,0.0,g
6382,Fisk m. soltorkad tomat persilja vitlök,EPA (C20:5),Fisk o skaldjursprodukter o rätter,0.0,g
6382,Fisk m. soltorkad tomat persilja vitlök,Arakidonsyra C20:4,Fisk o skaldjursprodukter o rätter,0.0,g
6382,Fisk m. soltorkad tomat persilja vitlök,Arakidinsyra C20:0,Fisk o skaldjursprodukter o rätter,0.0,g
6382,Fisk m. soltorkad tomat persilja vitlök,Linolensyra C18:3,Fisk o skaldjursprodukter o rätter,0.4,g
6382,Fisk m. soltorkad tomat persilja vitlök,Linolsyra C18:2,Fisk o skaldjursprodukter o rätter,1.4,g
6382,Fisk m. soltorkad tomat persilja vitlök,Oljesyra C18:1,Fisk o skaldjursprodukter o rätter,4.7,g
6382,Fisk m. soltorkad tomat persilja vitlök,Stearinsyra C18:0,Fisk o skaldjursprodukter o rätter,0.6,g
6382,Fisk m. soltorkad tomat persilja vitlök,Palmitoljesyra C16:1,Fisk o skaldjursprodukter o rätter,0.1,g
6382,Fisk m. soltorkad tomat persilja vitlök,Palmitinsyra C16:0,Fisk o skaldjursprodukter o rätter,3.2,g
6382,Fisk m. soltorkad tomat persilja vitlök,Myristinsyra C14:0,Fisk o skaldjursprodukter o rätter,0.4,g
6382,Fisk m. soltorkad tomat persilja vitlök,Laurinsyra C12:0,Fisk o skaldjursprodukter o rätter,0.3,g
6382,Fisk m. soltorkad tomat persilja vitlök,Betakaroten/β-Karoten,Fisk o skaldjursprodukter o rätter,164.0,µg
6382,Fisk m. soltorkad tomat persilja vitlök,Avfall (skal etc.),Fisk o skaldjursprodukter o rätter,19.0,%
6382,Fisk m. soltorkad tomat persilja vitlök,Aska,Fisk o skaldjursprodukter o rätter,3.5,g
6382,Fisk m. soltorkad tomat persilja vitlök,Alkohol,Fisk o skaldjursprodukter o rätter,0.0,g
6383,Gratäng djungelgratäng m. kyckling banan mango chutney crème fraiche,"Zink, Zn",Fågelprodukter fågelrätter,0.6,mg
6383,Gratäng djungelgratäng m. kyckling banan mango chutney crème fraiche,Vitamin E,Fågelprodukter fågelrätter,1.1,mg
6383,Gratäng djungelgratäng m. kyckling banan mango chutney crème fraiche,Vitamin D,Fågelprodukter fågelrätter,0.21,µg
6383,Gratäng djungelgratäng m. kyckling banan mango chutney crème fraiche,Vitamin C,Fågelprodukter fågelrätter,2.0,mg
6383,Gratäng djungelgratäng m. kyckling banan mango chutney crème fraiche,Vitamin B6,Fågelprodukter fågelrätter,0.32,mg
6383,Gratäng djungelgratäng m. kyckling banan mango chutney crème fraiche,Vitamin B12,Fågelprodukter fågelrätter,0.17,µg
6383,Gratäng djungelgratäng m. kyckling banan mango chutney crème fraiche,Vitamin A,Fågelprodukter fågelrätter,150.8,RE/µg
6383,Gratäng djungelgratäng m. kyckling banan mango chutney crème fraiche,Vatten,Fågelprodukter fågelrätter,64.1,g
6383,Gratäng djungelgratäng m. kyckling banan mango chutney crème fraiche,Tiamin,Fågelprodukter fågelrätter,0.11,mg
6383,Gratäng djungelgratäng m. kyckling banan mango chutney crème fraiche,Tillsatt socker,Fågelprodukter fågelrätter,2.0,g
6383,Gratäng djungelgratäng m. kyckling banan mango chutney crème fraiche,Fritt socker,Fågelprodukter fågelrätter,2.0,g
6383,Gratäng djungelgratäng m. kyckling banan mango chutney crème fraiche,"Selen, Se",Fågelprodukter fågelrätter,7.3,µg
6383,Gratäng djungelgratäng m. kyckling banan mango chutney crème fraiche,Sackaros,Fågelprodukter fågelrätter,1.7,g
6383,Gratäng djungelgratäng m. kyckling banan mango chutney crème fraiche,Riboflavin,Fågelprodukter fågelrätter,0.11,mg
6383,Gratäng djungelgratäng m. kyckling banan mango chutney crème fraiche,Retinol,Fågelprodukter fågelrätter,142.7,µg
6383,Gratäng djungelgratäng m. kyckling banan mango chutney crème fraiche,Protein,Fågelprodukter fågelrätter,11.1,g
6383,Gratäng djungelgratäng m. kyckling banan mango chutney crème fraiche,Summa fleromättade fettsyror,Fågelprodukter fågelrätter,0.9,g
6383,Gratäng djungelgratäng m. kyckling banan mango chutney crème fraiche,"Fosfor, P",Fågelprodukter fågelrätter,175.0,mg
6383,Gratäng djungelgratäng m. kyckling banan mango chutney crème fraiche,Niacinekvivalenter,Fågelprodukter fågelrätter,7.64,NE/mg
6383,Gratäng djungelgratäng m. kyckling banan mango chutney crème fraiche,Niacin,Fågelprodukter fågelrätter,5.54,mg
6383,Gratäng djungelgratäng m. kyckling banan mango chutney crème fraiche,"Salt, NaCl",Fågelprodukter fågelrätter,0.2,g
6383,Gratäng djungelgratäng m. kyckling banan mango chutney crème fraiche,"Natrium, Na",Fågelprodukter fågelrätter,85.0,mg
6383,Gratäng djungelgratäng m. kyckling banan mango chutney crème fraiche,Monosackarider,Fågelprodukter fågelrätter,4.0,g
6383,Gratäng djungelgratäng m. kyckling banan mango chutney crème fraiche,"Sockerarter, totalt",Fågelprodukter fågelrätter,6.7,g
6383,Gratäng djungelgratäng m. kyckling banan mango chutney crème fraiche,Summa enkelomättade fettsyror,Fågelprodukter fågelrätter,3.7,g
6383,Gratäng djungelgratäng m. kyckling banan mango chutney crème fraiche,"Magnesium, Mg",Fågelprodukter fågelrätter,26.0,mg
6383,Gratäng djungelgratäng m. kyckling banan mango chutney crème fraiche,Summa mättade fettsyror,Fågelprodukter fågelrätter,10.4,g
6383,Gratäng djungelgratäng m. kyckling banan mango chutney crème fraiche,"Kolhydrater, tillgängliga",Fågelprodukter fågelrätter,7.3,g
6383,Gratäng djungelgratäng m. kyckling banan mango chutney crème fraiche,Kolesterol,Fågelprodukter fågelrätter,59.4,mg
6383,Gratäng djungelgratäng m. kyckling banan mango chutney crème fraiche,"Kalium, K",Fågelprodukter fågelrätter,250.0,mg
6383,Gratäng djungelgratäng m. kyckling banan mango chutney crème fraiche,"Jod, I",Fågelprodukter fågelrätter,6.3,µg
6383,Gratäng djungelgratäng m. kyckling banan mango chutney crème fraiche,Fullkorn totalt,Fågelprodukter fågelrätter,0.0,g
6383,Gratäng djungelgratäng m. kyckling banan mango chutney crème fraiche,"Folat, totalt",Fågelprodukter fågelrätter,10.2,µg
6383,Gratäng djungelgratäng m. kyckling banan mango chutney crème fraiche,Fibrer,Fågelprodukter fågelrätter,0.5,g
6383,Gratäng djungelgratäng m. kyckling banan mango chutney crème fraiche,"Fett, totalt",Fågelprodukter fågelrätter,16.1,g
6383,Gratäng djungelgratäng m. kyckling banan mango chutney crème fraiche,"Järn, Fe",Fågelprodukter fågelrätter,0.3,mg
6383,Gratäng djungelgratäng m. kyckling banan mango chutney crème fraiche,Energi (kJ),Fågelprodukter fågelrätter,909.0,kJ
6383,Gratäng djungelgratäng m. kyckling banan mango chutney crème fraiche,Energi (kcal),Fågelprodukter fågelrätter,218.0,kcal
6383,Gratäng djungelgratäng m. kyckling banan mango chutney crème fraiche,Disackarider,Fågelprodukter fågelrätter,2.7,g
6383,Gratäng djungelgratäng m. kyckling banan mango chutney crème fraiche,"Kalcium, Ca",Fågelprodukter fågelrätter,68.0,mg
6383,Gratäng djungelgratäng m. kyckling banan mango chutney crème fraiche,Fettsyra 4:0-10:0,Fågelprodukter fågelrätter,0.8,g
6383,Gratäng djungelgratäng m. kyckling banan mango chutney crème fraiche,DHA (C22:6),Fågelprodukter fågelrätter,0.0,g
6383,Gratäng djungelgratäng m. kyckling banan mango chutney crème fraiche,DPA (C22:5),Fågelprodukter fågelrätter,0.0,g
6383,Gratäng djungelgratäng m. kyckling banan mango chutney crème fraiche,EPA (C20:5),Fågelprodukter fågelrätter,0.0,g
6383,Gratäng djungelgratäng m. kyckling banan mango chutney crème fraiche,Arakidonsyra C20:4,Fågelprodukter fågelrätter,0.0,g
6383,Gratäng djungelgratäng m. kyckling banan mango chutney crème fraiche,Arakidinsyra C20:0,Fågelprodukter fågelrätter,0.0,g
6383,Gratäng djungelgratäng m. kyckling banan mango chutney crème fraiche,Linolensyra C18:3,Fågelprodukter fågelrätter,0.2,g
6383,Gratäng djungelgratäng m. kyckling banan mango chutney crème fraiche,Linolsyra C18:2,Fågelprodukter fågelrätter,0.7,g
6383,Gratäng djungelgratäng m. kyckling banan mango chutney crème fraiche,Oljesyra C18:1,Fågelprodukter fågelrätter,3.3,g
6383,Gratäng djungelgratäng m. kyckling banan mango chutney crème fraiche,Stearinsyra C18:0,Fågelprodukter fågelrätter,1.7,g
6383,Gratäng djungelgratäng m. kyckling banan mango chutney crème fraiche,Palmitoljesyra C16:1,Fågelprodukter fågelrätter,0.2,g
6383,Gratäng djungelgratäng m. kyckling banan mango chutney crème fraiche,Palmitinsyra C16:0,Fågelprodukter fågelrätter,5.2,g
6383,Gratäng djungelgratäng m. kyckling banan mango chutney crème fraiche,Myristinsyra C14:0,Fågelprodukter fågelrätter,1.7,g
6383,Gratäng djungelgratäng m. kyckling banan mango chutney crème fraiche,Laurinsyra C12:0,Fågelprodukter fågelrätter,0.5,g
6383,Gratäng djungelgratäng m. kyckling banan mango chutney crème fraiche,Betakaroten/β-Karoten,Fågelprodukter fågelrätter,81.0,µg
6383,Gratäng djungelgratäng m. kyckling banan mango chutney crème fraiche,Avfall (skal etc.),Fågelprodukter fågelrätter,7.0,%
6383,Gratäng djungelgratäng m. kyckling banan mango chutney crème fraiche,Aska,Fågelprodukter fågelrätter,1.2,g
6383,Gratäng djungelgratäng m. kyckling banan mango chutney crème fraiche,Alkohol,Fågelprodukter fågelrätter,0.0,g
6384,Mango chutney,"Zink, Zn",Sylt marmelad gelé äppelmos o dyl,0.1,mg
6384,Mango chutney,Vitamin E,Sylt marmelad gelé äppelmos o dyl,0.5,mg
6384,Mango chutney,Vitamin D,Sylt marmelad gelé äppelmos o dyl,0.0,µg
6384,Mango chutney,Vitamin C,Sylt marmelad gelé äppelmos o dyl,4.5,mg
6384,Mango chutney,Vitamin B6,Sylt marmelad gelé äppelmos o dyl,0.05,mg
6384,Mango chutney,Vitamin B12,Sylt marmelad gelé äppelmos o dyl,0.0,µg
6384,Mango chutney,Vitamin A,Sylt marmelad gelé äppelmos o dyl,23.7,RE/µg
6384,Mango chutney,Vatten,Sylt marmelad gelé äppelmos o dyl,71.6,g
6384,Mango chutney,Tiamin,Sylt marmelad gelé äppelmos o dyl,0.02,mg
6384,Mango chutney,Tillsatt socker,Sylt marmelad gelé äppelmos o dyl,14.0,g
6384,Mango chutney,Fritt socker,Sylt marmelad gelé äppelmos o dyl,14.0,g
6384,Mango chutney,"Selen, Se",Sylt marmelad gelé äppelmos o dyl,0.0,µg
6384,Mango chutney,Sackaros,Sylt marmelad gelé äppelmos o dyl,16.3,g
6384,Mango chutney,Riboflavin,Sylt marmelad gelé äppelmos o dyl,0.01,mg
6384,Mango chutney,Retinol,Sylt marmelad gelé äppelmos o dyl,0.0,µg
6384,Mango chutney,Protein,Sylt marmelad gelé äppelmos o dyl,0.6,g
6384,Mango chutney,Summa fleromättade fettsyror,Sylt marmelad gelé äppelmos o dyl,0.0,g
6384,Mango chutney,"Fosfor, P",Sylt marmelad gelé äppelmos o dyl,20.0,mg
6384,Mango chutney,Niacinekvivalenter,Sylt marmelad gelé äppelmos o dyl,0.53,NE/mg
6384,Mango chutney,Niacin,Sylt marmelad gelé äppelmos o dyl,0.43,mg
6384,Mango chutney,"Salt, NaCl",Sylt marmelad gelé äppelmos o dyl,0.0,g
6384,Mango chutney,"Natrium, Na",Sylt marmelad gelé äppelmos o dyl,6.0,mg
6384,Mango chutney,Monosackarider,Sylt marmelad gelé äppelmos o dyl,7.4,g
6384,Mango chutney,"Sockerarter, totalt",Sylt marmelad gelé äppelmos o dyl,23.7,g
6384,Mango chutney,Summa enkelomättade fettsyror,Sylt marmelad gelé äppelmos o dyl,0.1,g
6384,Mango chutney,"Magnesium, Mg",Sylt marmelad gelé äppelmos o dyl,11.0,mg
6384,Mango chutney,Summa mättade fettsyror,Sylt marmelad gelé äppelmos o dyl,0.0,g
6384,Mango chutney,"Kolhydrater, tillgängliga",Sylt marmelad gelé äppelmos o dyl,25.7,g
6384,Mango chutney,Kolesterol,Sylt marmelad gelé äppelmos o dyl,0.0,mg
6384,Mango chutney,"Kalium, K",Sylt marmelad gelé äppelmos o dyl,93.0,mg
6384,Mango chutney,"Jod, I",Sylt marmelad gelé äppelmos o dyl,8.5,µg
6384,Mango chutney,Fullkorn totalt,Sylt marmelad gelé äppelmos o dyl,0.0,g
6384,Mango chutney,"Folat, totalt",Sylt marmelad gelé äppelmos o dyl,6.0,µg
6384,Mango chutney,Fibrer,Sylt marmelad gelé äppelmos o dyl,1.2,g
6384,Mango chutney,"Fett, totalt",Sylt marmelad gelé äppelmos o dyl,0.3,g
6384,Mango chutney,"Järn, Fe",Sylt marmelad gelé äppelmos o dyl,0.3,mg
6384,Mango chutney,Energi (kJ),Sylt marmelad gelé äppelmos o dyl,468.0,kJ
6384,Mango chutney,Energi (kcal),Sylt marmelad gelé äppelmos o dyl,112.0,kcal
6384,Mango chutney,Disackarider,Sylt marmelad gelé äppelmos o dyl,16.2,g
6384,Mango chutney,"Kalcium, Ca",Sylt marmelad gelé äppelmos o dyl,15.0,mg
6384,Mango chutney,Fettsyra 4:0-10:0,Sylt marmelad gelé äppelmos o dyl,0.0,g
6384,Mango chutney,DHA (C22:6),Sylt marmelad gelé äppelmos o dyl,0.0,g
6384,Mango chutney,DPA (C22:5),Sylt marmelad gelé äppelmos o dyl,0.0,g
6384,Mango chutney,EPA (C20:5),Sylt marmelad gelé äppelmos o dyl,0.0,g
6384,Mango chutney,Arakidonsyra C20:4,Sylt marmelad gelé äppelmos o dyl,0.0,g
6384,Mango chutney,Arakidinsyra C20:0,Sylt marmelad gelé äppelmos o dyl,0.0,g
6384,Mango chutney,Linolensyra C18:3,Sylt marmelad gelé äppelmos o dyl,0.0,g
6384,Mango chutney,Linolsyra C18:2,Sylt marmelad gelé äppelmos o dyl,0.0,g
6384,Mango chutney,Oljesyra C18:1,Sylt marmelad gelé äppelmos o dyl,0.1,g
6384,Mango chutney,Stearinsyra C18:0,Sylt marmelad gelé äppelmos o dyl,0.0,g
6384,Mango chutney,Palmitoljesyra C16:1,Sylt marmelad gelé äppelmos o dyl,0.0,g
6384,Mango chutney,Palmitinsyra C16:0,Sylt marmelad gelé äppelmos o dyl,0.0,g
6384,Mango chutney,Myristinsyra C14:0,Sylt marmelad gelé äppelmos o dyl,0.0,g
6384,Mango chutney,Laurinsyra C12:0,Sylt marmelad gelé äppelmos o dyl,0.0,g
6384,Mango chutney,Betakaroten/β-Karoten,Sylt marmelad gelé äppelmos o dyl,278.0,µg
6384,Mango chutney,Avfall (skal etc.),Sylt marmelad gelé äppelmos o dyl,15.0,%
6384,Mango chutney,Aska,Sylt marmelad gelé äppelmos o dyl,0.6,g
6384,Mango chutney,Alkohol,Sylt marmelad gelé äppelmos o dyl,0.0,g
6385,Gratäng m. kassler ananas ost,"Zink, Zn",Köttprodukter kötträtter,3.1,mg
6385,Gratäng m. kassler ananas ost,Vitamin E,Köttprodukter kötträtter,0.4,mg
6385,Gratäng m. kassler ananas ost,Vitamin D,Köttprodukter kötträtter,0.4,µg
6385,Gratäng m. kassler ananas ost,Vitamin C,Köttprodukter kötträtter,9.2,mg
6385,Gratäng m. kassler ananas ost,Vitamin B6,Köttprodukter kötträtter,0.31,mg
6385,Gratäng m. kassler ananas ost,Vitamin B12,Köttprodukter kötträtter,0.7,µg
6385,Gratäng m. kassler ananas ost,Vitamin A,Köttprodukter kötträtter,33.0,RE/µg
6385,Gratäng m. kassler ananas ost,Vatten,Köttprodukter kötträtter,68.5,g
6385,Gratäng m. kassler ananas ost,Tiamin,Köttprodukter kötträtter,0.28,mg
6385,Gratäng m. kassler ananas ost,Tillsatt socker,Köttprodukter kötträtter,0.0,g
6385,Gratäng m. kassler ananas ost,Fritt socker,Köttprodukter kötträtter,1.0,g
6385,Gratäng m. kassler ananas ost,"Selen, Se",Köttprodukter kötträtter,5.6,µg
6385,Gratäng m. kassler ananas ost,Sackaros,Köttprodukter kötträtter,1.7,g
6385,Gratäng m. kassler ananas ost,Riboflavin,Köttprodukter kötträtter,0.16,mg
6385,Gratäng m. kassler ananas ost,Retinol,Köttprodukter kötträtter,30.0,µg
6385,Gratäng m. kassler ananas ost,Protein,Köttprodukter kötträtter,18.2,g
6385,Gratäng m. kassler ananas ost,Summa fleromättade fettsyror,Köttprodukter kötträtter,0.2,g
6385,Gratäng m. kassler ananas ost,"Fosfor, P",Köttprodukter kötträtter,216.0,mg
6385,Gratäng m. kassler ananas ost,Niacinekvivalenter,Köttprodukter kötträtter,6.02,NE/mg
6385,Gratäng m. kassler ananas ost,Niacin,Köttprodukter kötträtter,2.56,mg
6385,Gratäng m. kassler ananas ost,"Salt, NaCl",Köttprodukter kötträtter,3.3,g
6385,Gratäng m. kassler ananas ost,"Natrium, Na",Köttprodukter kötträtter,1335.0,mg
6385,Gratäng m. kassler ananas ost,Monosackarider,Köttprodukter kötträtter,1.6,g
6385,Gratäng m. kassler ananas ost,"Sockerarter, totalt",Köttprodukter kötträtter,3.3,g
6385,Gratäng m. kassler ananas ost,Summa enkelomättade fettsyror,Köttprodukter kötträtter,1.3,g
6385,Gratäng m. kassler ananas ost,"Magnesium, Mg",Köttprodukter kötträtter,23.0,mg
6385,Gratäng m. kassler ananas ost,Summa mättade fettsyror,Köttprodukter kötträtter,2.3,g
6385,Gratäng m. kassler ananas ost,"Kolhydrater, tillgängliga",Köttprodukter kötträtter,3.9,g
6385,Gratäng m. kassler ananas ost,Kolesterol,Köttprodukter kötträtter,49.7,mg
6385,Gratäng m. kassler ananas ost,"Kalium, K",Köttprodukter kötträtter,219.0,mg
6385,Gratäng m. kassler ananas ost,"Jod, I",Köttprodukter kötträtter,1.4,µg
6385,Gratäng m. kassler ananas ost,Fullkorn totalt,Köttprodukter kötträtter,0.0,g
6385,Gratäng m. kassler ananas ost,"Folat, totalt",Köttprodukter kötträtter,5.9,µg
6385,Gratäng m. kassler ananas ost,Fibrer,Köttprodukter kötträtter,0.3,g
6385,Gratäng m. kassler ananas ost,"Fett, totalt",Köttprodukter kötträtter,4.3,g
6385,Gratäng m. kassler ananas ost,"Järn, Fe",Köttprodukter kötträtter,0.6,mg
6385,Gratäng m. kassler ananas ost,Energi (kJ),Köttprodukter kötträtter,539.0,kJ
6385,Gratäng m. kassler ananas ost,Energi (kcal),Köttprodukter kötträtter,129.0,kcal
6385,Gratäng m. kassler ananas ost,Disackarider,Köttprodukter kötträtter,1.7,g
6385,Gratäng m. kassler ananas ost,"Kalcium, Ca",Köttprodukter kötträtter,86.0,mg
6385,Gratäng m. kassler ananas ost,Fettsyra 4:0-10:0,Köttprodukter kötträtter,0.2,g
6385,Gratäng m. kassler ananas ost,DHA (C22:6),Köttprodukter kötträtter,0.0,g
6385,Gratäng m. kassler ananas ost,DPA (C22:5),Köttprodukter kötträtter,0.0,g
6385,Gratäng m. kassler ananas ost,EPA (C20:5),Köttprodukter kötträtter,0.0,g
6385,Gratäng m. kassler ananas ost,Arakidonsyra C20:4,Köttprodukter kötträtter,0.0,g
6385,Gratäng m. kassler ananas ost,Arakidinsyra C20:0,Köttprodukter kötträtter,0.0,g
6385,Gratäng m. kassler ananas ost,Linolensyra C18:3,Köttprodukter kötträtter,0.0,g
6385,Gratäng m. kassler ananas ost,Linolsyra C18:2,Köttprodukter kötträtter,0.2,g
6385,Gratäng m. kassler ananas ost,Oljesyra C18:1,Köttprodukter kötträtter,1.2,g
6385,Gratäng m. kassler ananas ost,Stearinsyra C18:0,Köttprodukter kötträtter,0.5,g
6385,Gratäng m. kassler ananas ost,Palmitoljesyra C16:1,Köttprodukter kötträtter,0.1,g
6385,Gratäng m. kassler ananas ost,Palmitinsyra C16:0,Köttprodukter kötträtter,1.2,g
6385,Gratäng m. kassler ananas ost,Myristinsyra C14:0,Köttprodukter kötträtter,0.3,g
6385,Gratäng m. kassler ananas ost,Laurinsyra C12:0,Köttprodukter kötträtter,0.1,g
6385,Gratäng m. kassler ananas ost,Betakaroten/β-Karoten,Köttprodukter kötträtter,36.0,µg
6385,Gratäng m. kassler ananas ost,Avfall (skal etc.),Köttprodukter kötträtter,6.0,%
6385,Gratäng m. kassler ananas ost,Aska,Köttprodukter kötträtter,4.7,g
6385,Gratäng m. kassler ananas ost,Alkohol,Köttprodukter kötträtter,0.0,g
6386,Gryta fiskgryta brasiliansk fiskgryta m. kokosmjölk krossad tomat paprika,"Zink, Zn",Fisk o skaldjursprodukter o rätter,0.5,mg
6386,Gryta fiskgryta brasiliansk fiskgryta m. kokosmjölk krossad tomat paprika,Vitamin E,Fisk o skaldjursprodukter o rätter,1.9,mg
6386,Gryta fiskgryta brasiliansk fiskgryta m. kokosmjölk krossad tomat paprika,Vitamin D,Fisk o skaldjursprodukter o rätter,1.35,µg
6386,Gryta fiskgryta brasiliansk fiskgryta m. kokosmjölk krossad tomat paprika,Vitamin C,Fisk o skaldjursprodukter o rätter,19.6,mg
6386,Gryta fiskgryta brasiliansk fiskgryta m. kokosmjölk krossad tomat paprika,Vitamin B6,Fisk o skaldjursprodukter o rätter,0.18,mg
6386,Gryta fiskgryta brasiliansk fiskgryta m. kokosmjölk krossad tomat paprika,Vitamin B12,Fisk o skaldjursprodukter o rätter,0.88,µg
6386,Gryta fiskgryta brasiliansk fiskgryta m. kokosmjölk krossad tomat paprika,Vitamin A,Fisk o skaldjursprodukter o rätter,19.0,RE/µg
6386,Gryta fiskgryta brasiliansk fiskgryta m. kokosmjölk krossad tomat paprika,Vatten,Fisk o skaldjursprodukter o rätter,75.5,g
6386,Gryta fiskgryta brasiliansk fiskgryta m. kokosmjölk krossad tomat paprika,Tiamin,Fisk o skaldjursprodukter o rätter,0.08,mg
6386,Gryta fiskgryta brasiliansk fiskgryta m. kokosmjölk krossad tomat paprika,Tillsatt socker,Fisk o skaldjursprodukter o rätter,0.0,g
6386,Gryta fiskgryta brasiliansk fiskgryta m. kokosmjölk krossad tomat paprika,Fritt socker,Fisk o skaldjursprodukter o rätter,0.0,g
6386,Gryta fiskgryta brasiliansk fiskgryta m. kokosmjölk krossad tomat paprika,"Selen, Se",Fisk o skaldjursprodukter o rätter,8.6,µg
6386,Gryta fiskgryta brasiliansk fiskgryta m. kokosmjölk krossad tomat paprika,Sackaros,Fisk o skaldjursprodukter o rätter,0.5,g
6386,Gryta fiskgryta brasiliansk fiskgryta m. kokosmjölk krossad tomat paprika,Riboflavin,Fisk o skaldjursprodukter o rätter,0.03,mg
6386,Gryta fiskgryta brasiliansk fiskgryta m. kokosmjölk krossad tomat paprika,Retinol,Fisk o skaldjursprodukter o rätter,1.3,µg
6386,Gryta fiskgryta brasiliansk fiskgryta m. kokosmjölk krossad tomat paprika,Protein,Fisk o skaldjursprodukter o rätter,8.6,g
6386,Gryta fiskgryta brasiliansk fiskgryta m. kokosmjölk krossad tomat paprika,Summa fleromättade fettsyror,Fisk o skaldjursprodukter o rätter,1.0,g
6386,Gryta fiskgryta brasiliansk fiskgryta m. kokosmjölk krossad tomat paprika,"Fosfor, P",Fisk o skaldjursprodukter o rätter,125.0,mg
6386,Gryta fiskgryta brasiliansk fiskgryta m. kokosmjölk krossad tomat paprika,Niacinekvivalenter,Fisk o skaldjursprodukter o rätter,4.14,NE/mg
6386,Gryta fiskgryta brasiliansk fiskgryta m. kokosmjölk krossad tomat paprika,Niacin,Fisk o skaldjursprodukter o rätter,2.64,mg
6386,Gryta fiskgryta brasiliansk fiskgryta m. kokosmjölk krossad tomat paprika,"Salt, NaCl",Fisk o skaldjursprodukter o rätter,0.4,g
6386,Gryta fiskgryta brasiliansk fiskgryta m. kokosmjölk krossad tomat paprika,"Natrium, Na",Fisk o skaldjursprodukter o rätter,171.0,mg
6386,Gryta fiskgryta brasiliansk fiskgryta m. kokosmjölk krossad tomat paprika,Monosackarider,Fisk o skaldjursprodukter o rätter,2.2,g
6386,Gryta fiskgryta brasiliansk fiskgryta m. kokosmjölk krossad tomat paprika,"Sockerarter, totalt",Fisk o skaldjursprodukter o rätter,2.7,g
6386,Gryta fiskgryta brasiliansk fiskgryta m. kokosmjölk krossad tomat paprika,Summa enkelomättade fettsyror,Fisk o skaldjursprodukter o rätter,1.8,g
6386,Gryta fiskgryta brasiliansk fiskgryta m. kokosmjölk krossad tomat paprika,"Magnesium, Mg",Fisk o skaldjursprodukter o rätter,28.0,mg
6386,Gryta fiskgryta brasiliansk fiskgryta m. kokosmjölk krossad tomat paprika,Summa mättade fettsyror,Fisk o skaldjursprodukter o rätter,5.7,g
6386,Gryta fiskgryta brasiliansk fiskgryta m. kokosmjölk krossad tomat paprika,"Kolhydrater, tillgängliga",Fisk o skaldjursprodukter o rätter,4.1,g
6386,Gryta fiskgryta brasiliansk fiskgryta m. kokosmjölk krossad tomat paprika,Kolesterol,Fisk o skaldjursprodukter o rätter,22.9,mg
6386,Gryta fiskgryta brasiliansk fiskgryta m. kokosmjölk krossad tomat paprika,"Kalium, K",Fisk o skaldjursprodukter o rätter,278.0,mg
6386,Gryta fiskgryta brasiliansk fiskgryta m. kokosmjölk krossad tomat paprika,"Jod, I",Fisk o skaldjursprodukter o rätter,45.7,µg
6386,Gryta fiskgryta brasiliansk fiskgryta m. kokosmjölk krossad tomat paprika,Fullkorn totalt,Fisk o skaldjursprodukter o rätter,0.0,g
6386,Gryta fiskgryta brasiliansk fiskgryta m. kokosmjölk krossad tomat paprika,"Folat, totalt",Fisk o skaldjursprodukter o rätter,15.5,µg
6386,Gryta fiskgryta brasiliansk fiskgryta m. kokosmjölk krossad tomat paprika,Fibrer,Fisk o skaldjursprodukter o rätter,1.3,g
6386,Gryta fiskgryta brasiliansk fiskgryta m. kokosmjölk krossad tomat paprika,"Fett, totalt",Fisk o skaldjursprodukter o rätter,9.2,g
6386,Gryta fiskgryta brasiliansk fiskgryta m. kokosmjölk krossad tomat paprika,"Järn, Fe",Fisk o skaldjursprodukter o rätter,0.8,mg
6386,Gryta fiskgryta brasiliansk fiskgryta m. kokosmjölk krossad tomat paprika,Energi (kJ),Fisk o skaldjursprodukter o rätter,567.0,kJ
6386,Gryta fiskgryta brasiliansk fiskgryta m. kokosmjölk krossad tomat paprika,Energi (kcal),Fisk o skaldjursprodukter o rätter,135.0,kcal
6386,Gryta fiskgryta brasiliansk fiskgryta m. kokosmjölk krossad tomat paprika,Disackarider,Fisk o skaldjursprodukter o rätter,0.5,g
6386,Gryta fiskgryta brasiliansk fiskgryta m. kokosmjölk krossad tomat paprika,"Kalcium, Ca",Fisk o skaldjursprodukter o rätter,21.0,mg
6386,Gryta fiskgryta brasiliansk fiskgryta m. kokosmjölk krossad tomat paprika,Fettsyra 4:0-10:0,Fisk o skaldjursprodukter o rätter,0.9,g
6386,Gryta fiskgryta brasiliansk fiskgryta m. kokosmjölk krossad tomat paprika,DHA (C22:6),Fisk o skaldjursprodukter o rätter,0.1,g
6386,Gryta fiskgryta brasiliansk fiskgryta m. kokosmjölk krossad tomat paprika,DPA (C22:5),Fisk o skaldjursprodukter o rätter,0.0,g
6386,Gryta fiskgryta brasiliansk fiskgryta m. kokosmjölk krossad tomat paprika,EPA (C20:5),Fisk o skaldjursprodukter o rätter,0.1,g
6386,Gryta fiskgryta brasiliansk fiskgryta m. kokosmjölk krossad tomat paprika,Arakidonsyra C20:4,Fisk o skaldjursprodukter o rätter,0.0,g
6386,Gryta fiskgryta brasiliansk fiskgryta m. kokosmjölk krossad tomat paprika,Arakidinsyra C20:0,Fisk o skaldjursprodukter o rätter,0.0,g
6386,Gryta fiskgryta brasiliansk fiskgryta m. kokosmjölk krossad tomat paprika,Linolensyra C18:3,Fisk o skaldjursprodukter o rätter,0.2,g
6386,Gryta fiskgryta brasiliansk fiskgryta m. kokosmjölk krossad tomat paprika,Linolsyra C18:2,Fisk o skaldjursprodukter o rätter,0.5,g
6386,Gryta fiskgryta brasiliansk fiskgryta m. kokosmjölk krossad tomat paprika,Oljesyra C18:1,Fisk o skaldjursprodukter o rätter,1.5,g
6386,Gryta fiskgryta brasiliansk fiskgryta m. kokosmjölk krossad tomat paprika,Stearinsyra C18:0,Fisk o skaldjursprodukter o rätter,0.2,g
6386,Gryta fiskgryta brasiliansk fiskgryta m. kokosmjölk krossad tomat paprika,Palmitoljesyra C16:1,Fisk o skaldjursprodukter o rätter,0.1,g
6386,Gryta fiskgryta brasiliansk fiskgryta m. kokosmjölk krossad tomat paprika,Palmitinsyra C16:0,Fisk o skaldjursprodukter o rätter,0.8,g
6386,Gryta fiskgryta brasiliansk fiskgryta m. kokosmjölk krossad tomat paprika,Myristinsyra C14:0,Fisk o skaldjursprodukter o rätter,1.1,g
6386,Gryta fiskgryta brasiliansk fiskgryta m. kokosmjölk krossad tomat paprika,Laurinsyra C12:0,Fisk o skaldjursprodukter o rätter,2.7,g
6386,Gryta fiskgryta brasiliansk fiskgryta m. kokosmjölk krossad tomat paprika,Betakaroten/β-Karoten,Fisk o skaldjursprodukter o rätter,203.0,µg
6386,Gryta fiskgryta brasiliansk fiskgryta m. kokosmjölk krossad tomat paprika,Avfall (skal etc.),Fisk o skaldjursprodukter o rätter,13.0,%
6386,Gryta fiskgryta brasiliansk fiskgryta m. kokosmjölk krossad tomat paprika,Aska,Fisk o skaldjursprodukter o rätter,1.4,g
6386,Gryta fiskgryta brasiliansk fiskgryta m. kokosmjölk krossad tomat paprika,Alkohol,Fisk o skaldjursprodukter o rätter,0.0,g
6387,Gryta mormors kycklinggryta m. svamp,"Zink, Zn",Fågelprodukter fågelrätter,0.5,mg
6387,Gryta mormors kycklinggryta m. svamp,Vitamin E,Fågelprodukter fågelrätter,0.7,mg
6387,Gryta mormors kycklinggryta m. svamp,Vitamin D,Fågelprodukter fågelrätter,0.21,µg
6387,Gryta mormors kycklinggryta m. svamp,Vitamin C,Fågelprodukter fågelrätter,0.1,mg
6387,Gryta mormors kycklinggryta m. svamp,Vitamin B6,Fågelprodukter fågelrätter,0.29,mg
6387,Gryta mormors kycklinggryta m. svamp,Vitamin B12,Fågelprodukter fågelrätter,0.19,µg
6387,Gryta mormors kycklinggryta m. svamp,Vitamin A,Fågelprodukter fågelrätter,57.7,RE/µg
6387,Gryta mormors kycklinggryta m. svamp,Vatten,Fågelprodukter fågelrätter,77.2,g
6387,Gryta mormors kycklinggryta m. svamp,Tiamin,Fågelprodukter fågelrätter,0.1,mg
6387,Gryta mormors kycklinggryta m. svamp,Tillsatt socker,Fågelprodukter fågelrätter,0.0,g
6387,Gryta mormors kycklinggryta m. svamp,Fritt socker,Fågelprodukter fågelrätter,0.0,g
6387,Gryta mormors kycklinggryta m. svamp,"Selen, Se",Fågelprodukter fågelrätter,9.5,µg
6387,Gryta mormors kycklinggryta m. svamp,Sackaros,Fågelprodukter fågelrätter,0.0,g
6387,Gryta mormors kycklinggryta m. svamp,Riboflavin,Fågelprodukter fågelrätter,0.14,mg
6387,Gryta mormors kycklinggryta m. svamp,Retinol,Fågelprodukter fågelrätter,55.7,µg
6387,Gryta mormors kycklinggryta m. svamp,Protein,Fågelprodukter fågelrätter,11.2,g
6387,Gryta mormors kycklinggryta m. svamp,Summa fleromättade fettsyror,Fågelprodukter fågelrätter,0.4,g
6387,Gryta mormors kycklinggryta m. svamp,"Fosfor, P",Fågelprodukter fågelrätter,164.0,mg
6387,Gryta mormors kycklinggryta m. svamp,Niacinekvivalenter,Fågelprodukter fågelrätter,8.63,NE/mg
6387,Gryta mormors kycklinggryta m. svamp,Niacin,Fågelprodukter fågelrätter,6.54,mg
6387,Gryta mormors kycklinggryta m. svamp,"Salt, NaCl",Fågelprodukter fågelrätter,0.8,g
6387,Gryta mormors kycklinggryta m. svamp,"Natrium, Na",Fågelprodukter fågelrätter,318.0,mg
6387,Gryta mormors kycklinggryta m. svamp,Monosackarider,Fågelprodukter fågelrätter,0.0,g
6387,Gryta mormors kycklinggryta m. svamp,"Sockerarter, totalt",Fågelprodukter fågelrätter,1.0,g
6387,Gryta mormors kycklinggryta m. svamp,Summa enkelomättade fettsyror,Fågelprodukter fågelrätter,1.9,g
6387,Gryta mormors kycklinggryta m. svamp,"Magnesium, Mg",Fågelprodukter fågelrätter,22.0,mg
6387,Gryta mormors kycklinggryta m. svamp,Summa mättade fettsyror,Fågelprodukter fågelrätter,4.0,g
6387,Gryta mormors kycklinggryta m. svamp,"Kolhydrater, tillgängliga",Fågelprodukter fågelrätter,2.9,g
6387,Gryta mormors kycklinggryta m. svamp,Kolesterol,Fågelprodukter fågelrätter,56.1,mg
6387,Gryta mormors kycklinggryta m. svamp,"Kalium, K",Fågelprodukter fågelrätter,208.0,mg
6387,Gryta mormors kycklinggryta m. svamp,"Jod, I",Fågelprodukter fågelrätter,19.8,µg
6387,Gryta mormors kycklinggryta m. svamp,Fullkorn totalt,Fågelprodukter fågelrätter,0.0,g
6387,Gryta mormors kycklinggryta m. svamp,"Folat, totalt",Fågelprodukter fågelrätter,10.7,µg
6387,Gryta mormors kycklinggryta m. svamp,Fibrer,Fågelprodukter fågelrätter,0.4,g
6387,Gryta mormors kycklinggryta m. svamp,"Fett, totalt",Fågelprodukter fågelrätter,6.8,g
6387,Gryta mormors kycklinggryta m. svamp,"Järn, Fe",Fågelprodukter fågelrätter,0.3,mg
6387,Gryta mormors kycklinggryta m. svamp,Energi (kJ),Fågelprodukter fågelrätter,495.0,kJ
6387,Gryta mormors kycklinggryta m. svamp,Energi (kcal),Fågelprodukter fågelrätter,118.0,kcal
6387,Gryta mormors kycklinggryta m. svamp,Disackarider,Fågelprodukter fågelrätter,1.0,g
6387,Gryta mormors kycklinggryta m. svamp,"Kalcium, Ca",Fågelprodukter fågelrätter,30.0,mg
6387,Gryta mormors kycklinggryta m. svamp,Fettsyra 4:0-10:0,Fågelprodukter fågelrätter,0.4,g
6387,Gryta mormors kycklinggryta m. svamp,DHA (C22:6),Fågelprodukter fågelrätter,0.0,g
6387,Gryta mormors kycklinggryta m. svamp,DPA (C22:5),Fågelprodukter fågelrätter,0.0,g
6387,Gryta mormors kycklinggryta m. svamp,EPA (C20:5),Fågelprodukter fågelrätter,0.0,g
6387,Gryta mormors kycklinggryta m. svamp,Arakidonsyra C20:4,Fågelprodukter fågelrätter,0.0,g
6387,Gryta mormors kycklinggryta m. svamp,Arakidinsyra C20:0,Fågelprodukter fågelrätter,0.0,g
6387,Gryta mormors kycklinggryta m. svamp,Linolensyra C18:3,Fågelprodukter fågelrätter,0.1,g
6387,Gryta mormors kycklinggryta m. svamp,Linolsyra C18:2,Fågelprodukter fågelrätter,0.3,g
6387,Gryta mormors kycklinggryta m. svamp,Oljesyra C18:1,Fågelprodukter fågelrätter,1.6,g
6387,Gryta mormors kycklinggryta m. svamp,Stearinsyra C18:0,Fågelprodukter fågelrätter,0.6,g
6387,Gryta mormors kycklinggryta m. svamp,Palmitoljesyra C16:1,Fågelprodukter fågelrätter,0.2,g
6387,Gryta mormors kycklinggryta m. svamp,Palmitinsyra C16:0,Fågelprodukter fågelrätter,2.0,g
6387,Gryta mormors kycklinggryta m. svamp,Myristinsyra C14:0,Fågelprodukter fågelrätter,0.6,g
6387,Gryta mormors kycklinggryta m. svamp,Laurinsyra C12:0,Fågelprodukter fågelrätter,0.2,g
6387,Gryta mormors kycklinggryta m. svamp,Betakaroten/β-Karoten,Fågelprodukter fågelrätter,23.0,µg
6387,Gryta mormors kycklinggryta m. svamp,Avfall (skal etc.),Fågelprodukter fågelrätter,0.0,%
6387,Gryta mormors kycklinggryta m. svamp,Aska,Fågelprodukter fågelrätter,1.6,g
6387,Gryta mormors kycklinggryta m. svamp,Alkohol,Fågelprodukter fågelrätter,0.0,g
6388,Gryta köttgryta m. fransk senap pepparrot gräddfil,"Zink, Zn",Köttprodukter kötträtter,2.4,mg
6388,Gryta köttgryta m. fransk senap pepparrot gräddfil,Vitamin E,Köttprodukter kötträtter,0.6,mg
6388,Gryta köttgryta m. fransk senap pepparrot gräddfil,Vitamin D,Köttprodukter kötträtter,0.16,µg
6388,Gryta köttgryta m. fransk senap pepparrot gräddfil,Vitamin C,Köttprodukter kötträtter,4.6,mg
6388,Gryta köttgryta m. fransk senap pepparrot gräddfil,Vitamin B6,Köttprodukter kötträtter,0.16,mg
6388,Gryta köttgryta m. fransk senap pepparrot gräddfil,Vitamin B12,Köttprodukter kötträtter,0.35,µg
6388,Gryta köttgryta m. fransk senap pepparrot gräddfil,Vitamin A,Köttprodukter kötträtter,75.6,RE/µg
6388,Gryta köttgryta m. fransk senap pepparrot gräddfil,Vatten,Köttprodukter kötträtter,75.9,g
6388,Gryta köttgryta m. fransk senap pepparrot gräddfil,Tiamin,Köttprodukter kötträtter,0.04,mg
6388,Gryta köttgryta m. fransk senap pepparrot gräddfil,Tillsatt socker,Köttprodukter kötträtter,0.0,g
6388,Gryta köttgryta m. fransk senap pepparrot gräddfil,Fritt socker,Köttprodukter kötträtter,0.0,g
6388,Gryta köttgryta m. fransk senap pepparrot gräddfil,"Selen, Se",Köttprodukter kötträtter,4.6,µg
6388,Gryta köttgryta m. fransk senap pepparrot gräddfil,Sackaros,Köttprodukter kötträtter,0.7,g
6388,Gryta köttgryta m. fransk senap pepparrot gräddfil,Riboflavin,Köttprodukter kötträtter,0.11,mg
6388,Gryta köttgryta m. fransk senap pepparrot gräddfil,Retinol,Köttprodukter kötträtter,20.3,µg
6388,Gryta köttgryta m. fransk senap pepparrot gräddfil,Protein,Köttprodukter kötträtter,12.1,g
6388,Gryta köttgryta m. fransk senap pepparrot gräddfil,Summa fleromättade fettsyror,Köttprodukter kötträtter,0.5,g
6388,Gryta köttgryta m. fransk senap pepparrot gräddfil,"Fosfor, P",Köttprodukter kötträtter,119.0,mg
6388,Gryta köttgryta m. fransk senap pepparrot gräddfil,Niacinekvivalenter,Köttprodukter kötträtter,4.81,NE/mg
6388,Gryta köttgryta m. fransk senap pepparrot gräddfil,Niacin,Köttprodukter kötträtter,2.6,mg
6388,Gryta köttgryta m. fransk senap pepparrot gräddfil,"Salt, NaCl",Köttprodukter kötträtter,0.8,g
6388,Gryta köttgryta m. fransk senap pepparrot gräddfil,"Natrium, Na",Köttprodukter kötträtter,298.0,mg
6388,Gryta köttgryta m. fransk senap pepparrot gräddfil,Monosackarider,Köttprodukter kötträtter,0.6,g
6388,Gryta köttgryta m. fransk senap pepparrot gräddfil,"Sockerarter, totalt",Köttprodukter kötträtter,1.5,g
6388,Gryta köttgryta m. fransk senap pepparrot gräddfil,Summa enkelomättade fettsyror,Köttprodukter kötträtter,1.8,g
6388,Gryta köttgryta m. fransk senap pepparrot gräddfil,"Magnesium, Mg",Köttprodukter kötträtter,21.0,mg
6388,Gryta köttgryta m. fransk senap pepparrot gräddfil,Summa mättade fettsyror,Köttprodukter kötträtter,2.3,g
6388,Gryta köttgryta m. fransk senap pepparrot gräddfil,"Kolhydrater, tillgängliga",Köttprodukter kötträtter,2.9,g
6388,Gryta köttgryta m. fransk senap pepparrot gräddfil,Kolesterol,Köttprodukter kötträtter,36.5,mg
6388,Gryta köttgryta m. fransk senap pepparrot gräddfil,"Kalium, K",Köttprodukter kötträtter,176.0,mg
6388,Gryta köttgryta m. fransk senap pepparrot gräddfil,"Jod, I",Köttprodukter kötträtter,24.3,µg
6388,Gryta köttgryta m. fransk senap pepparrot gräddfil,Fullkorn totalt,Köttprodukter kötträtter,0.0,g
6388,Gryta köttgryta m. fransk senap pepparrot gräddfil,"Folat, totalt",Köttprodukter kötträtter,11.7,µg
6388,Gryta köttgryta m. fransk senap pepparrot gräddfil,Fibrer,Köttprodukter kötträtter,0.8,g
6388,Gryta köttgryta m. fransk senap pepparrot gräddfil,"Fett, totalt",Köttprodukter kötträtter,5.1,g
6388,Gryta köttgryta m. fransk senap pepparrot gräddfil,"Järn, Fe",Köttprodukter kötträtter,1.5,mg
6388,Gryta köttgryta m. fransk senap pepparrot gräddfil,Energi (kJ),Köttprodukter kötträtter,465.0,kJ
6388,Gryta köttgryta m. fransk senap pepparrot gräddfil,Energi (kcal),Köttprodukter kötträtter,111.0,kcal
6388,Gryta köttgryta m. fransk senap pepparrot gräddfil,Disackarider,Köttprodukter kötträtter,0.8,g
6388,Gryta köttgryta m. fransk senap pepparrot gräddfil,"Kalcium, Ca",Köttprodukter kötträtter,26.0,mg
6388,Gryta köttgryta m. fransk senap pepparrot gräddfil,Fettsyra 4:0-10:0,Köttprodukter kötträtter,0.2,g
6388,Gryta köttgryta m. fransk senap pepparrot gräddfil,DHA (C22:6),Köttprodukter kötträtter,0.0,g
6388,Gryta köttgryta m. fransk senap pepparrot gräddfil,DPA (C22:5),Köttprodukter kötträtter,0.0,g
6388,Gryta köttgryta m. fransk senap pepparrot gräddfil,EPA (C20:5),Köttprodukter kötträtter,0.0,g
6388,Gryta köttgryta m. fransk senap pepparrot gräddfil,Arakidonsyra C20:4,Köttprodukter kötträtter,0.0,g
6388,Gryta köttgryta m. fransk senap pepparrot gräddfil,Arakidinsyra C20:0,Köttprodukter kötträtter,0.0,g
6388,Gryta köttgryta m. fransk senap pepparrot gräddfil,Linolensyra C18:3,Köttprodukter kötträtter,0.1,g
6388,Gryta köttgryta m. fransk senap pepparrot gräddfil,Linolsyra C18:2,Köttprodukter kötträtter,0.4,g
6388,Gryta köttgryta m. fransk senap pepparrot gräddfil,Oljesyra C18:1,Köttprodukter kötträtter,1.6,g
6388,Gryta köttgryta m. fransk senap pepparrot gräddfil,Stearinsyra C18:0,Köttprodukter kötträtter,0.5,g
6388,Gryta köttgryta m. fransk senap pepparrot gräddfil,Palmitoljesyra C16:1,Köttprodukter kötträtter,0.1,g
6388,Gryta köttgryta m. fransk senap pepparrot gräddfil,Palmitinsyra C16:0,Köttprodukter kötträtter,1.1,g
6388,Gryta köttgryta m. fransk senap pepparrot gräddfil,Myristinsyra C14:0,Köttprodukter kötträtter,0.3,g
6388,Gryta köttgryta m. fransk senap pepparrot gräddfil,Laurinsyra C12:0,Köttprodukter kötträtter,0.1,g
6388,Gryta köttgryta m. fransk senap pepparrot gräddfil,Betakaroten/β-Karoten,Köttprodukter kötträtter,546.0,µg
6388,Gryta köttgryta m. fransk senap pepparrot gräddfil,Avfall (skal etc.),Köttprodukter kötträtter,7.0,%
6388,Gryta köttgryta m. fransk senap pepparrot gräddfil,Aska,Köttprodukter kötträtter,1.4,g
6388,Gryta köttgryta m. fransk senap pepparrot gräddfil,Alkohol,Köttprodukter kötträtter,0.54,g
6389,Gryta fisk m. crème fraiche curry apelsin,"Zink, Zn",Fisk o skaldjursprodukter o rätter,0.5,mg
6389,Gryta fisk m. crème fraiche curry apelsin,Vitamin E,Fisk o skaldjursprodukter o rätter,0.7,mg
6389,Gryta fisk m. crème fraiche curry apelsin,Vitamin D,Fisk o skaldjursprodukter o rätter,0.63,µg
6389,Gryta fisk m. crème fraiche curry apelsin,Vitamin C,Fisk o skaldjursprodukter o rätter,6.2,mg
6389,Gryta fisk m. crème fraiche curry apelsin,Vitamin B6,Fisk o skaldjursprodukter o rätter,0.15,mg
6389,Gryta fisk m. crème fraiche curry apelsin,Vitamin B12,Fisk o skaldjursprodukter o rätter,0.97,µg
6389,Gryta fisk m. crème fraiche curry apelsin,Vitamin A,Fisk o skaldjursprodukter o rätter,248.4,RE/µg
6389,Gryta fisk m. crème fraiche curry apelsin,Vatten,Fisk o skaldjursprodukter o rätter,75.0,g
6389,Gryta fisk m. crème fraiche curry apelsin,Tiamin,Fisk o skaldjursprodukter o rätter,0.05,mg
6389,Gryta fisk m. crème fraiche curry apelsin,Tillsatt socker,Fisk o skaldjursprodukter o rätter,0.0,g
6389,Gryta fisk m. crème fraiche curry apelsin,Fritt socker,Fisk o skaldjursprodukter o rätter,1.0,g
6389,Gryta fisk m. crème fraiche curry apelsin,"Selen, Se",Fisk o skaldjursprodukter o rätter,19.4,µg
6389,Gryta fisk m. crème fraiche curry apelsin,Sackaros,Fisk o skaldjursprodukter o rätter,1.1,g
6389,Gryta fisk m. crème fraiche curry apelsin,Riboflavin,Fisk o skaldjursprodukter o rätter,0.08,mg
6389,Gryta fisk m. crème fraiche curry apelsin,Retinol,Fisk o skaldjursprodukter o rätter,51.7,µg
6389,Gryta fisk m. crème fraiche curry apelsin,Protein,Fisk o skaldjursprodukter o rätter,13.8,g
6389,Gryta fisk m. crème fraiche curry apelsin,Summa fleromättade fettsyror,Fisk o skaldjursprodukter o rätter,0.3,g
6389,Gryta fisk m. crème fraiche curry apelsin,"Fosfor, P",Fisk o skaldjursprodukter o rätter,173.0,mg
6389,Gryta fisk m. crème fraiche curry apelsin,Niacinekvivalenter,Fisk o skaldjursprodukter o rätter,4.89,NE/mg
6389,Gryta fisk m. crème fraiche curry apelsin,Niacin,Fisk o skaldjursprodukter o rätter,2.42,mg
6389,Gryta fisk m. crème fraiche curry apelsin,"Salt, NaCl",Fisk o skaldjursprodukter o rätter,1.1,g
6389,Gryta fisk m. crème fraiche curry apelsin,"Natrium, Na",Fisk o skaldjursprodukter o rätter,416.0,mg
6389,Gryta fisk m. crème fraiche curry apelsin,Monosackarider,Fisk o skaldjursprodukter o rätter,1.1,g
6389,Gryta fisk m. crème fraiche curry apelsin,"Sockerarter, totalt",Fisk o skaldjursprodukter o rätter,2.8,g
6389,Gryta fisk m. crème fraiche curry apelsin,Summa enkelomättade fettsyror,Fisk o skaldjursprodukter o rätter,1.1,g
6389,Gryta fisk m. crème fraiche curry apelsin,"Magnesium, Mg",Fisk o skaldjursprodukter o rätter,25.0,mg
6389,Gryta fisk m. crème fraiche curry apelsin,Summa mättade fettsyror,Fisk o skaldjursprodukter o rätter,3.6,g
6389,Gryta fisk m. crème fraiche curry apelsin,"Kolhydrater, tillgängliga",Fisk o skaldjursprodukter o rätter,3.5,g
6389,Gryta fisk m. crème fraiche curry apelsin,Kolesterol,Fisk o skaldjursprodukter o rätter,45.9,mg
6389,Gryta fisk m. crème fraiche curry apelsin,"Kalium, K",Fisk o skaldjursprodukter o rätter,306.0,mg
6389,Gryta fisk m. crème fraiche curry apelsin,"Jod, I",Fisk o skaldjursprodukter o rätter,117.7,µg
6389,Gryta fisk m. crème fraiche curry apelsin,Fullkorn totalt,Fisk o skaldjursprodukter o rätter,0.0,g
6389,Gryta fisk m. crème fraiche curry apelsin,"Folat, totalt",Fisk o skaldjursprodukter o rätter,16.8,µg
6389,Gryta fisk m. crème fraiche curry apelsin,Fibrer,Fisk o skaldjursprodukter o rätter,0.6,g
6389,Gryta fisk m. crème fraiche curry apelsin,"Fett, totalt",Fisk o skaldjursprodukter o rätter,5.4,g
6389,Gryta fisk m. crème fraiche curry apelsin,"Järn, Fe",Fisk o skaldjursprodukter o rätter,0.2,mg
6389,Gryta fisk m. crème fraiche curry apelsin,Energi (kJ),Fisk o skaldjursprodukter o rätter,499.0,kJ
6389,Gryta fisk m. crème fraiche curry apelsin,Energi (kcal),Fisk o skaldjursprodukter o rätter,119.0,kcal
6389,Gryta fisk m. crème fraiche curry apelsin,Disackarider,Fisk o skaldjursprodukter o rätter,1.7,g
6389,Gryta fisk m. crème fraiche curry apelsin,"Kalcium, Ca",Fisk o skaldjursprodukter o rätter,34.0,mg
6389,Gryta fisk m. crème fraiche curry apelsin,Fettsyra 4:0-10:0,Fisk o skaldjursprodukter o rätter,0.3,g
6389,Gryta fisk m. crème fraiche curry apelsin,DHA (C22:6),Fisk o skaldjursprodukter o rätter,0.1,g
6389,Gryta fisk m. crème fraiche curry apelsin,DPA (C22:5),Fisk o skaldjursprodukter o rätter,0.0,g
6389,Gryta fisk m. crème fraiche curry apelsin,EPA (C20:5),Fisk o skaldjursprodukter o rätter,0.0,g
6389,Gryta fisk m. crème fraiche curry apelsin,Arakidonsyra C20:4,Fisk o skaldjursprodukter o rätter,0.0,g
6389,Gryta fisk m. crème fraiche curry apelsin,Arakidinsyra C20:0,Fisk o skaldjursprodukter o rätter,0.0,g
6389,Gryta fisk m. crème fraiche curry apelsin,Linolensyra C18:3,Fisk o skaldjursprodukter o rätter,0.0,g
6389,Gryta fisk m. crème fraiche curry apelsin,Linolsyra C18:2,Fisk o skaldjursprodukter o rätter,0.1,g
6389,Gryta fisk m. crème fraiche curry apelsin,Oljesyra C18:1,Fisk o skaldjursprodukter o rätter,0.9,g
6389,Gryta fisk m. crème fraiche curry apelsin,Stearinsyra C18:0,Fisk o skaldjursprodukter o rätter,0.6,g
6389,Gryta fisk m. crème fraiche curry apelsin,Palmitoljesyra C16:1,Fisk o skaldjursprodukter o rätter,0.1,g
6389,Gryta fisk m. crème fraiche curry apelsin,Palmitinsyra C16:0,Fisk o skaldjursprodukter o rätter,1.8,g
6389,Gryta fisk m. crème fraiche curry apelsin,Myristinsyra C14:0,Fisk o skaldjursprodukter o rätter,0.6,g
6389,Gryta fisk m. crème fraiche curry apelsin,Laurinsyra C12:0,Fisk o skaldjursprodukter o rätter,0.2,g
6389,Gryta fisk m. crème fraiche curry apelsin,Betakaroten/β-Karoten,Fisk o skaldjursprodukter o rätter,1992.0,µg
6389,Gryta fisk m. crème fraiche curry apelsin,Avfall (skal etc.),Fisk o skaldjursprodukter o rätter,21.0,%
6389,Gryta fisk m. crème fraiche curry apelsin,Aska,Fisk o skaldjursprodukter o rätter,2.0,g
6389,Gryta fisk m. crème fraiche curry apelsin,Alkohol,Fisk o skaldjursprodukter o rätter,0.0,g
6390,Korv falukorv ugnsstekt m. ajvar,"Zink, Zn",Korvrätter,1.0,mg
6390,Korv falukorv ugnsstekt m. ajvar,Vitamin E,Korvrätter,1.6,mg
6390,Korv falukorv ugnsstekt m. ajvar,Vitamin D,Korvrätter,0.12,µg
6390,Korv falukorv ugnsstekt m. ajvar,Vitamin C,Korvrätter,16.3,mg
6390,Korv falukorv ugnsstekt m. ajvar,Vitamin B6,Korvrätter,0.13,mg
6390,Korv falukorv ugnsstekt m. ajvar,Vitamin B12,Korvrätter,0.33,µg
6390,Korv falukorv ugnsstekt m. ajvar,Vitamin A,Korvrätter,86.4,RE/µg
6390,Korv falukorv ugnsstekt m. ajvar,Vatten,Korvrätter,65.0,g
6390,Korv falukorv ugnsstekt m. ajvar,Tiamin,Korvrätter,0.14,mg
6390,Korv falukorv ugnsstekt m. ajvar,Tillsatt socker,Korvrätter,1.0,g
6390,Korv falukorv ugnsstekt m. ajvar,Fritt socker,Korvrätter,1.0,g
6390,Korv falukorv ugnsstekt m. ajvar,"Selen, Se",Korvrätter,5.9,µg
6390,Korv falukorv ugnsstekt m. ajvar,Sackaros,Korvrätter,0.3,g
6390,Korv falukorv ugnsstekt m. ajvar,Riboflavin,Korvrätter,0.78,mg
6390,Korv falukorv ugnsstekt m. ajvar,Retinol,Korvrätter,58.7,µg
6390,Korv falukorv ugnsstekt m. ajvar,Protein,Korvrätter,8.1,g
6390,Korv falukorv ugnsstekt m. ajvar,Summa fleromättade fettsyror,Korvrätter,1.6,g
6390,Korv falukorv ugnsstekt m. ajvar,"Fosfor, P",Korvrätter,114.0,mg
6390,Korv falukorv ugnsstekt m. ajvar,Niacinekvivalenter,Korvrätter,3.09,NE/mg
6390,Korv falukorv ugnsstekt m. ajvar,Niacin,Korvrätter,1.48,mg
6390,Korv falukorv ugnsstekt m. ajvar,"Salt, NaCl",Korvrätter,1.8,g
6390,Korv falukorv ugnsstekt m. ajvar,"Natrium, Na",Korvrätter,722.0,mg
6390,Korv falukorv ugnsstekt m. ajvar,Monosackarider,Korvrätter,1.0,g
6390,Korv falukorv ugnsstekt m. ajvar,"Sockerarter, totalt",Korvrätter,2.1,g
6390,Korv falukorv ugnsstekt m. ajvar,Summa enkelomättade fettsyror,Korvrätter,7.6,g
6390,Korv falukorv ugnsstekt m. ajvar,"Magnesium, Mg",Korvrätter,11.0,mg
6390,Korv falukorv ugnsstekt m. ajvar,Summa mättade fettsyror,Korvrätter,8.3,g
6390,Korv falukorv ugnsstekt m. ajvar,"Kolhydrater, tillgängliga",Korvrätter,5.4,g
6390,Korv falukorv ugnsstekt m. ajvar,Kolesterol,Korvrätter,38.9,mg
6390,Korv falukorv ugnsstekt m. ajvar,"Kalium, K",Korvrätter,145.0,mg
6390,Korv falukorv ugnsstekt m. ajvar,"Jod, I",Korvrätter,36.2,µg
6390,Korv falukorv ugnsstekt m. ajvar,Fullkorn totalt,Korvrätter,0.0,g
6390,Korv falukorv ugnsstekt m. ajvar,"Folat, totalt",Korvrätter,6.5,µg
6390,Korv falukorv ugnsstekt m. ajvar,Fibrer,Korvrätter,0.4,g
6390,Korv falukorv ugnsstekt m. ajvar,"Fett, totalt",Korvrätter,18.6,g
6390,Korv falukorv ugnsstekt m. ajvar,"Järn, Fe",Korvrätter,0.5,mg
6390,Korv falukorv ugnsstekt m. ajvar,Energi (kJ),Korvrätter,920.0,kJ
6390,Korv falukorv ugnsstekt m. ajvar,Energi (kcal),Korvrätter,220.0,kcal
6390,Korv falukorv ugnsstekt m. ajvar,Disackarider,Korvrätter,1.1,g
6390,Korv falukorv ugnsstekt m. ajvar,"Kalcium, Ca",Korvrätter,76.0,mg
6390,Korv falukorv ugnsstekt m. ajvar,Fettsyra 4:0-10:0,Korvrätter,0.4,g
6390,Korv falukorv ugnsstekt m. ajvar,DHA (C22:6),Korvrätter,0.0,g
6390,Korv falukorv ugnsstekt m. ajvar,DPA (C22:5),Korvrätter,0.0,g
6390,Korv falukorv ugnsstekt m. ajvar,EPA (C20:5),Korvrätter,0.0,g
6390,Korv falukorv ugnsstekt m. ajvar,Arakidonsyra C20:4,Korvrätter,0.0,g
6390,Korv falukorv ugnsstekt m. ajvar,Arakidinsyra C20:0,Korvrätter,0.0,g
6390,Korv falukorv ugnsstekt m. ajvar,Linolensyra C18:3,Korvrätter,0.2,g
6390,Korv falukorv ugnsstekt m. ajvar,Linolsyra C18:2,Korvrätter,1.3,g
6390,Korv falukorv ugnsstekt m. ajvar,Oljesyra C18:1,Korvrätter,7.0,g
6390,Korv falukorv ugnsstekt m. ajvar,Stearinsyra C18:0,Korvrätter,2.0,g
6390,Korv falukorv ugnsstekt m. ajvar,Palmitoljesyra C16:1,Korvrätter,0.4,g
6390,Korv falukorv ugnsstekt m. ajvar,Palmitinsyra C16:0,Korvrätter,4.7,g
6390,Korv falukorv ugnsstekt m. ajvar,Myristinsyra C14:0,Korvrätter,0.7,g
6390,Korv falukorv ugnsstekt m. ajvar,Laurinsyra C12:0,Korvrätter,0.2,g
6390,Korv falukorv ugnsstekt m. ajvar,Betakaroten/β-Karoten,Korvrätter,260.0,µg
6390,Korv falukorv ugnsstekt m. ajvar,Avfall (skal etc.),Korvrätter,0.0,%
6390,Korv falukorv ugnsstekt m. ajvar,Aska,Korvrätter,2.5,g
6390,Korv falukorv ugnsstekt m. ajvar,Alkohol,Korvrätter,0.0,g
6391,Gryta kyckling tikka masala,"Zink, Zn",Fågelprodukter fågelrätter,1.0,mg
6391,Gryta kyckling tikka masala,Vitamin E,Fågelprodukter fågelrätter,1.0,mg
6391,Gryta kyckling tikka masala,Vitamin D,Fågelprodukter fågelrätter,0.26,µg
6391,Gryta kyckling tikka masala,Vitamin C,Fågelprodukter fågelrätter,3.1,mg
6391,Gryta kyckling tikka masala,Vitamin B6,Fågelprodukter fågelrätter,0.54,mg
6391,Gryta kyckling tikka masala,Vitamin B12,Fågelprodukter fågelrätter,0.2,µg
6391,Gryta kyckling tikka masala,Vitamin A,Fågelprodukter fågelrätter,31.0,RE/µg
6391,Gryta kyckling tikka masala,Vatten,Fågelprodukter fågelrätter,71.8,g
6391,Gryta kyckling tikka masala,Tiamin,Fågelprodukter fågelrätter,0.07,mg
6391,Gryta kyckling tikka masala,Tillsatt socker,Fågelprodukter fågelrätter,0.0,g
6391,Gryta kyckling tikka masala,Fritt socker,Fågelprodukter fågelrätter,0.0,g
6391,Gryta kyckling tikka masala,"Selen, Se",Fågelprodukter fågelrätter,9.3,µg
6391,Gryta kyckling tikka masala,Sackaros,Fågelprodukter fågelrätter,0.1,g
6391,Gryta kyckling tikka masala,Riboflavin,Fågelprodukter fågelrätter,0.12,mg
6391,Gryta kyckling tikka masala,Retinol,Fågelprodukter fågelrätter,30.2,µg
6391,Gryta kyckling tikka masala,Protein,Fågelprodukter fågelrätter,20.2,g
6391,Gryta kyckling tikka masala,Summa fleromättade fettsyror,Fågelprodukter fågelrätter,0.3,g
6391,Gryta kyckling tikka masala,"Fosfor, P",Fågelprodukter fågelrätter,194.0,mg
6391,Gryta kyckling tikka masala,Niacinekvivalenter,Fågelprodukter fågelrätter,13.75,NE/mg
6391,Gryta kyckling tikka masala,Niacin,Fågelprodukter fågelrätter,9.98,mg
6391,Gryta kyckling tikka masala,"Salt, NaCl",Fågelprodukter fågelrätter,1.1,g
6391,Gryta kyckling tikka masala,"Natrium, Na",Fågelprodukter fågelrätter,448.0,mg
6391,Gryta kyckling tikka masala,Monosackarider,Fågelprodukter fågelrätter,0.3,g
6391,Gryta kyckling tikka masala,"Sockerarter, totalt",Fågelprodukter fågelrätter,1.2,g
6391,Gryta kyckling tikka masala,Summa enkelomättade fettsyror,Fågelprodukter fågelrätter,1.0,g
6391,Gryta kyckling tikka masala,"Magnesium, Mg",Fågelprodukter fågelrätter,28.0,mg
6391,Gryta kyckling tikka masala,Summa mättade fettsyror,Fågelprodukter fågelrätter,1.8,g
6391,Gryta kyckling tikka masala,"Kolhydrater, tillgängliga",Fågelprodukter fågelrätter,2.4,g
6391,Gryta kyckling tikka masala,Kolesterol,Fågelprodukter fågelrätter,54.9,mg
6391,Gryta kyckling tikka masala,"Kalium, K",Fågelprodukter fågelrätter,233.0,mg
6391,Gryta kyckling tikka masala,"Jod, I",Fågelprodukter fågelrätter,52.7,µg
6391,Gryta kyckling tikka masala,Fullkorn totalt,Fågelprodukter fågelrätter,0.0,g
6391,Gryta kyckling tikka masala,"Folat, totalt",Fågelprodukter fågelrätter,17.9,µg
6391,Gryta kyckling tikka masala,Fibrer,Fågelprodukter fågelrätter,0.1,g
6391,Gryta kyckling tikka masala,"Fett, totalt",Fågelprodukter fågelrätter,3.3,g
6391,Gryta kyckling tikka masala,"Järn, Fe",Fågelprodukter fågelrätter,0.6,mg
6391,Gryta kyckling tikka masala,Energi (kJ),Fågelprodukter fågelrätter,508.0,kJ
6391,Gryta kyckling tikka masala,Energi (kcal),Fågelprodukter fågelrätter,121.0,kcal
6391,Gryta kyckling tikka masala,Disackarider,Fågelprodukter fågelrätter,0.9,g
6391,Gryta kyckling tikka masala,"Kalcium, Ca",Fågelprodukter fågelrätter,47.0,mg
6391,Gryta kyckling tikka masala,Fettsyra 4:0-10:0,Fågelprodukter fågelrätter,0.2,g
6391,Gryta kyckling tikka masala,DHA (C22:6),Fågelprodukter fågelrätter,0.0,g
6391,Gryta kyckling tikka masala,DPA (C22:5),Fågelprodukter fågelrätter,0.0,g
6391,Gryta kyckling tikka masala,EPA (C20:5),Fågelprodukter fågelrätter,0.0,g
6391,Gryta kyckling tikka masala,Arakidonsyra C20:4,Fågelprodukter fågelrätter,0.0,g
6391,Gryta kyckling tikka masala,Arakidinsyra C20:0,Fågelprodukter fågelrätter,0.0,g
6391,Gryta kyckling tikka masala,Linolensyra C18:3,Fågelprodukter fågelrätter,0.0,g
6391,Gryta kyckling tikka masala,Linolsyra C18:2,Fågelprodukter fågelrätter,0.2,g
6391,Gryta kyckling tikka masala,Oljesyra C18:1,Fågelprodukter fågelrätter,0.9,g
6391,Gryta kyckling tikka masala,Stearinsyra C18:0,Fågelprodukter fågelrätter,0.3,g
6391,Gryta kyckling tikka masala,Palmitoljesyra C16:1,Fågelprodukter fågelrätter,0.1,g
6391,Gryta kyckling tikka masala,Palmitinsyra C16:0,Fågelprodukter fågelrätter,0.9,g
6391,Gryta kyckling tikka masala,Myristinsyra C14:0,Fågelprodukter fågelrätter,0.2,g
6391,Gryta kyckling tikka masala,Laurinsyra C12:0,Fågelprodukter fågelrätter,0.1,g
6391,Gryta kyckling tikka masala,Betakaroten/β-Karoten,Fågelprodukter fågelrätter,9.0,µg
6391,Gryta kyckling tikka masala,Avfall (skal etc.),Fågelprodukter fågelrätter,0.0,%
6391,Gryta kyckling tikka masala,Aska,Fågelprodukter fågelrätter,2.1,g
6391,Gryta kyckling tikka masala,Alkohol,Fågelprodukter fågelrätter,0.0,g
6392,Senapskräm,"Zink, Zn",Sås dressing majonnäs ,0.4,mg
6392,Senapskräm,Vitamin E,Sås dressing majonnäs ,0.9,mg
6392,Senapskräm,Vitamin D,Sås dressing majonnäs ,0.0,µg
6392,Senapskräm,Vitamin C,Sås dressing majonnäs ,0.3,mg
6392,Senapskräm,Vitamin B6,Sås dressing majonnäs ,0.02,mg
6392,Senapskräm,Vitamin B12,Sås dressing majonnäs ,0.0,µg
6392,Senapskräm,Vitamin A,Sås dressing majonnäs ,217.1,RE/µg
6392,Senapskräm,Vatten,Sås dressing majonnäs ,59.3,g
6392,Senapskräm,Tiamin,Sås dressing majonnäs ,0.02,mg
6392,Senapskräm,Tillsatt socker,Sås dressing majonnäs ,0.0,g
6392,Senapskräm,Fritt socker,Sås dressing majonnäs ,11.0,g
6392,Senapskräm,"Selen, Se",Sås dressing majonnäs ,2.5,µg
6392,Senapskräm,Sackaros,Sås dressing majonnäs ,0.1,g
6392,Senapskräm,Riboflavin,Sås dressing majonnäs ,0.1,mg
6392,Senapskräm,Retinol,Sås dressing majonnäs ,210.6,µg
6392,Senapskräm,Protein,Sås dressing majonnäs ,2.6,g
6392,Senapskräm,Summa fleromättade fettsyror,Sås dressing majonnäs ,0.8,g
6392,Senapskräm,"Fosfor, P",Sås dressing majonnäs ,57.0,mg
6392,Senapskräm,Niacinekvivalenter,Sås dressing majonnäs ,0.58,NE/mg
6392,Senapskräm,Niacin,Sås dressing majonnäs ,0.09,mg
6392,Senapskräm,"Salt, NaCl",Sås dressing majonnäs ,0.5,g
6392,Senapskräm,"Natrium, Na",Sås dressing majonnäs ,209.0,mg
6392,Senapskräm,Monosackarider,Sås dressing majonnäs ,10.2,g
6392,Senapskräm,"Sockerarter, totalt",Sås dressing majonnäs ,12.6,g
6392,Senapskräm,Summa enkelomättade fettsyror,Sås dressing majonnäs ,4.9,g
6392,Senapskräm,"Magnesium, Mg",Sås dressing majonnäs ,29.0,mg
6392,Senapskräm,Summa mättade fettsyror,Sås dressing majonnäs ,15.5,g
6392,Senapskräm,"Kolhydrater, tillgängliga",Sås dressing majonnäs ,13.8,g
6392,Senapskräm,Kolesterol,Sås dressing majonnäs ,33.9,mg
6392,Senapskräm,"Kalium, K",Sås dressing majonnäs ,116.0,mg
6392,Senapskräm,"Jod, I",Sås dressing majonnäs ,31.2,µg
6392,Senapskräm,Fullkorn totalt,Sås dressing majonnäs ,0.0,g
6392,Senapskräm,"Folat, totalt",Sås dressing majonnäs ,4.9,µg
6392,Senapskräm,Fibrer,Sås dressing majonnäs ,0.4,g
6392,Senapskräm,"Fett, totalt",Sås dressing majonnäs ,22.7,g
6392,Senapskräm,"Järn, Fe",Sås dressing majonnäs ,0.6,mg
6392,Senapskräm,Energi (kJ),Sås dressing majonnäs ,1120.0,kJ
6392,Senapskräm,Energi (kcal),Sås dressing majonnäs ,268.0,kcal
6392,Senapskräm,Disackarider,Sås dressing majonnäs ,2.2,g
6392,Senapskräm,"Kalcium, Ca",Sås dressing majonnäs ,144.0,mg
6392,Senapskräm,Fettsyra 4:0-10:0,Sås dressing majonnäs ,1.2,g
6392,Senapskräm,DHA (C22:6),Sås dressing majonnäs ,0.0,g
6392,Senapskräm,DPA (C22:5),Sås dressing majonnäs ,0.0,g
6392,Senapskräm,EPA (C20:5),Sås dressing majonnäs ,0.0,g
6392,Senapskräm,Arakidonsyra C20:4,Sås dressing majonnäs ,0.0,g
6392,Senapskräm,Arakidinsyra C20:0,Sås dressing majonnäs ,0.0,g
6392,Senapskräm,Linolensyra C18:3,Sås dressing majonnäs ,0.2,g
6392,Senapskräm,Linolsyra C18:2,Sås dressing majonnäs ,0.6,g
6392,Senapskräm,Oljesyra C18:1,Sås dressing majonnäs ,3.9,g
6392,Senapskräm,Stearinsyra C18:0,Sås dressing majonnäs ,2.4,g
6392,Senapskräm,Palmitoljesyra C16:1,Sås dressing majonnäs ,0.3,g
6392,Senapskräm,Palmitinsyra C16:0,Sås dressing majonnäs ,7.6,g
6392,Senapskräm,Myristinsyra C14:0,Sås dressing majonnäs ,2.7,g
6392,Senapskräm,Laurinsyra C12:0,Sås dressing majonnäs ,0.8,g
6392,Senapskräm,Betakaroten/β-Karoten,Sås dressing majonnäs ,77.0,µg
6392,Senapskräm,Avfall (skal etc.),Sås dressing majonnäs ,0.0,%
6392,Senapskräm,Aska,Sås dressing majonnäs ,1.3,g
6392,Senapskräm,Alkohol,Sås dressing majonnäs ,0.0,g
6393,Köttfärslåda,"Zink, Zn",Köttprodukter kötträtter,1.7,mg
6393,Köttfärslåda,Vitamin E,Köttprodukter kötträtter,0.7,mg
6393,Köttfärslåda,Vitamin D,Köttprodukter kötträtter,0.15,µg
6393,Köttfärslåda,Vitamin C,Köttprodukter kötträtter,6.5,mg
6393,Köttfärslåda,Vitamin B6,Köttprodukter kötträtter,0.12,mg
6393,Köttfärslåda,Vitamin B12,Köttprodukter kötträtter,0.46,µg
6393,Köttfärslåda,Vitamin A,Köttprodukter kötträtter,31.7,RE/µg
6393,Köttfärslåda,Vatten,Köttprodukter kötträtter,74.8,g
6393,Köttfärslåda,Tiamin,Köttprodukter kötträtter,0.11,mg
6393,Köttfärslåda,Tillsatt socker,Köttprodukter kötträtter,0.0,g
6393,Köttfärslåda,Fritt socker,Köttprodukter kötträtter,0.0,g
6393,Köttfärslåda,"Selen, Se",Köttprodukter kötträtter,3.8,µg
6393,Köttfärslåda,Sackaros,Köttprodukter kötträtter,0.3,g
6393,Köttfärslåda,Riboflavin,Köttprodukter kötträtter,0.1,mg
6393,Köttfärslåda,Retinol,Köttprodukter kötträtter,26.0,µg
6393,Köttfärslåda,Protein,Köttprodukter kötträtter,8.8,g
6393,Köttfärslåda,Summa fleromättade fettsyror,Köttprodukter kötträtter,0.4,g
6393,Köttfärslåda,"Fosfor, P",Köttprodukter kötträtter,114.0,mg
6393,Köttfärslåda,Niacinekvivalenter,Köttprodukter kötträtter,3.98,NE/mg
6393,Köttfärslåda,Niacin,Köttprodukter kötträtter,2.31,mg
6393,Köttfärslåda,"Salt, NaCl",Köttprodukter kötträtter,0.7,g
6393,Köttfärslåda,"Natrium, Na",Köttprodukter kötträtter,280.0,mg
6393,Köttfärslåda,Monosackarider,Köttprodukter kötträtter,0.9,g
6393,Köttfärslåda,"Sockerarter, totalt",Köttprodukter kötträtter,1.7,g
6393,Köttfärslåda,Summa enkelomättade fettsyror,Köttprodukter kötträtter,2.4,g
6393,Köttfärslåda,"Magnesium, Mg",Köttprodukter kötträtter,18.0,mg
6393,Köttfärslåda,Summa mättade fettsyror,Köttprodukter kötträtter,2.9,g
6393,Köttfärslåda,"Kolhydrater, tillgängliga",Köttprodukter kötträtter,7.6,g
6393,Köttfärslåda,Kolesterol,Köttprodukter kötträtter,38.0,mg
6393,Köttfärslåda,"Kalium, K",Köttprodukter kötträtter,247.0,mg
6393,Köttfärslåda,"Jod, I",Köttprodukter kötträtter,29.1,µg
6393,Köttfärslåda,Fullkorn totalt,Köttprodukter kötträtter,0.0,g
6393,Köttfärslåda,"Folat, totalt",Köttprodukter kötträtter,7.7,µg
6393,Köttfärslåda,Fibrer,Köttprodukter kötträtter,1.0,g
6393,Köttfärslåda,"Fett, totalt",Köttprodukter kötträtter,6.3,g
6393,Köttfärslåda,"Järn, Fe",Köttprodukter kötträtter,1.1,mg
6393,Köttfärslåda,Energi (kJ),Köttprodukter kötträtter,519.0,kJ
6393,Köttfärslåda,Energi (kcal),Köttprodukter kötträtter,124.0,kcal
6393,Köttfärslåda,Disackarider,Köttprodukter kötträtter,0.8,g
6393,Köttfärslåda,"Kalcium, Ca",Köttprodukter kötträtter,49.0,mg
6393,Köttfärslåda,Fettsyra 4:0-10:0,Köttprodukter kötträtter,0.1,g
6393,Köttfärslåda,DHA (C22:6),Köttprodukter kötträtter,0.0,g
6393,Köttfärslåda,DPA (C22:5),Köttprodukter kötträtter,0.0,g
6393,Köttfärslåda,EPA (C20:5),Köttprodukter kötträtter,0.0,g
6393,Köttfärslåda,Arakidonsyra C20:4,Köttprodukter kötträtter,0.0,g
6393,Köttfärslåda,Arakidinsyra C20:0,Köttprodukter kötträtter,0.0,g
6393,Köttfärslåda,Linolensyra C18:3,Köttprodukter kötträtter,0.1,g
6393,Köttfärslåda,Linolsyra C18:2,Köttprodukter kötträtter,0.3,g
6393,Köttfärslåda,Oljesyra C18:1,Köttprodukter kötträtter,2.2,g
6393,Köttfärslåda,Stearinsyra C18:0,Köttprodukter kötträtter,0.8,g
6393,Köttfärslåda,Palmitoljesyra C16:1,Köttprodukter kötträtter,0.2,g
6393,Köttfärslåda,Palmitinsyra C16:0,Köttprodukter kötträtter,1.5,g
6393,Köttfärslåda,Myristinsyra C14:0,Köttprodukter kötträtter,0.3,g
6393,Köttfärslåda,Laurinsyra C12:0,Köttprodukter kötträtter,0.1,g
6393,Köttfärslåda,Betakaroten/β-Karoten,Köttprodukter kötträtter,62.0,µg
6393,Köttfärslåda,Avfall (skal etc.),Köttprodukter kötträtter,1.0,%
6393,Köttfärslåda,Aska,Köttprodukter kötträtter,1.5,g
6393,Köttfärslåda,Alkohol,Köttprodukter kötträtter,0.0,g
6395,Gryta mykoprotein m. lätt crème fraiche bambuskott haricot verts paprika veg.,"Zink, Zn",Vegetabiliskt protein produkter och rätter,1.3,mg
6395,Gryta mykoprotein m. lätt crème fraiche bambuskott haricot verts paprika veg.,Vitamin E,Vegetabiliskt protein produkter och rätter,0.5,mg
6395,Gryta mykoprotein m. lätt crème fraiche bambuskott haricot verts paprika veg.,Vitamin D,Vegetabiliskt protein produkter och rätter,0.37,µg
6395,Gryta mykoprotein m. lätt crème fraiche bambuskott haricot verts paprika veg.,Vitamin C,Vegetabiliskt protein produkter och rätter,6.5,mg
6395,Gryta mykoprotein m. lätt crème fraiche bambuskott haricot verts paprika veg.,Vitamin B6,Vegetabiliskt protein produkter och rätter,0.06,mg
6395,Gryta mykoprotein m. lätt crème fraiche bambuskott haricot verts paprika veg.,Vitamin B12,Vegetabiliskt protein produkter och rätter,0.15,µg
6395,Gryta mykoprotein m. lätt crème fraiche bambuskott haricot verts paprika veg.,Vitamin A,Vegetabiliskt protein produkter och rätter,45.7,RE/µg
6395,Gryta mykoprotein m. lätt crème fraiche bambuskott haricot verts paprika veg.,Vatten,Vegetabiliskt protein produkter och rätter,83.3,g
6395,Gryta mykoprotein m. lätt crème fraiche bambuskott haricot verts paprika veg.,Tiamin,Vegetabiliskt protein produkter och rätter,0.02,mg
6395,Gryta mykoprotein m. lätt crème fraiche bambuskott haricot verts paprika veg.,Tillsatt socker,Vegetabiliskt protein produkter och rätter,0.0,g
6395,Gryta mykoprotein m. lätt crème fraiche bambuskott haricot verts paprika veg.,Fritt socker,Vegetabiliskt protein produkter och rätter,0.0,g
6395,Gryta mykoprotein m. lätt crème fraiche bambuskott haricot verts paprika veg.,"Selen, Se",Vegetabiliskt protein produkter och rätter,1.0,µg
6395,Gryta mykoprotein m. lätt crème fraiche bambuskott haricot verts paprika veg.,Sackaros,Vegetabiliskt protein produkter och rätter,0.2,g
6395,Gryta mykoprotein m. lätt crème fraiche bambuskott haricot verts paprika veg.,Riboflavin,Vegetabiliskt protein produkter och rätter,0.14,mg
6395,Gryta mykoprotein m. lätt crème fraiche bambuskott haricot verts paprika veg.,Retinol,Vegetabiliskt protein produkter och rätter,39.3,µg
6395,Gryta mykoprotein m. lätt crème fraiche bambuskott haricot verts paprika veg.,Protein,Vegetabiliskt protein produkter och rätter,5.0,g
6395,Gryta mykoprotein m. lätt crème fraiche bambuskott haricot verts paprika veg.,Summa fleromättade fettsyror,Vegetabiliskt protein produkter och rätter,0.3,g
6395,Gryta mykoprotein m. lätt crème fraiche bambuskott haricot verts paprika veg.,"Fosfor, P",Vegetabiliskt protein produkter och rätter,122.0,mg
6395,Gryta mykoprotein m. lätt crème fraiche bambuskott haricot verts paprika veg.,Niacinekvivalenter,Vegetabiliskt protein produkter och rätter,1.32,NE/mg
6395,Gryta mykoprotein m. lätt crème fraiche bambuskott haricot verts paprika veg.,Niacin,Vegetabiliskt protein produkter och rätter,0.29,mg
6395,Gryta mykoprotein m. lätt crème fraiche bambuskott haricot verts paprika veg.,"Salt, NaCl",Vegetabiliskt protein produkter och rätter,0.5,g
6395,Gryta mykoprotein m. lätt crème fraiche bambuskott haricot verts paprika veg.,"Natrium, Na",Vegetabiliskt protein produkter och rätter,196.0,mg
6395,Gryta mykoprotein m. lätt crème fraiche bambuskott haricot verts paprika veg.,Monosackarider,Vegetabiliskt protein produkter och rätter,0.6,g
6395,Gryta mykoprotein m. lätt crème fraiche bambuskott haricot verts paprika veg.,"Sockerarter, totalt",Vegetabiliskt protein produkter och rätter,3.4,g
6395,Gryta mykoprotein m. lätt crème fraiche bambuskott haricot verts paprika veg.,Summa enkelomättade fettsyror,Vegetabiliskt protein produkter och rätter,1.1,g
6395,Gryta mykoprotein m. lätt crème fraiche bambuskott haricot verts paprika veg.,"Magnesium, Mg",Vegetabiliskt protein produkter och rätter,16.0,mg
6395,Gryta mykoprotein m. lätt crème fraiche bambuskott haricot verts paprika veg.,Summa mättade fettsyror,Vegetabiliskt protein produkter och rätter,2.7,g
6395,Gryta mykoprotein m. lätt crème fraiche bambuskott haricot verts paprika veg.,"Kolhydrater, tillgängliga",Vegetabiliskt protein produkter och rätter,4.6,g
6395,Gryta mykoprotein m. lätt crème fraiche bambuskott haricot verts paprika veg.,Kolesterol,Vegetabiliskt protein produkter och rätter,8.9,mg
6395,Gryta mykoprotein m. lätt crème fraiche bambuskott haricot verts paprika veg.,"Kalium, K",Vegetabiliskt protein produkter och rätter,147.0,mg
6395,Gryta mykoprotein m. lätt crème fraiche bambuskott haricot verts paprika veg.,"Jod, I",Vegetabiliskt protein produkter och rätter,22.7,µg
6395,Gryta mykoprotein m. lätt crème fraiche bambuskott haricot verts paprika veg.,Fullkorn totalt,Vegetabiliskt protein produkter och rätter,0.0,g
6395,Gryta mykoprotein m. lätt crème fraiche bambuskott haricot verts paprika veg.,"Folat, totalt",Vegetabiliskt protein produkter och rätter,31.5,µg
6395,Gryta mykoprotein m. lätt crème fraiche bambuskott haricot verts paprika veg.,Fibrer,Vegetabiliskt protein produkter och rätter,1.4,g
6395,Gryta mykoprotein m. lätt crème fraiche bambuskott haricot verts paprika veg.,"Fett, totalt",Vegetabiliskt protein produkter och rätter,4.4,g
6395,Gryta mykoprotein m. lätt crème fraiche bambuskott haricot verts paprika veg.,"Järn, Fe",Vegetabiliskt protein produkter och rätter,0.2,mg
6395,Gryta mykoprotein m. lätt crème fraiche bambuskott haricot verts paprika veg.,Energi (kJ),Vegetabiliskt protein produkter och rätter,340.0,kJ
6395,Gryta mykoprotein m. lätt crème fraiche bambuskott haricot verts paprika veg.,Energi (kcal),Vegetabiliskt protein produkter och rätter,81.0,kcal
6395,Gryta mykoprotein m. lätt crème fraiche bambuskott haricot verts paprika veg.,Disackarider,Vegetabiliskt protein produkter och rätter,2.8,g
6395,Gryta mykoprotein m. lätt crème fraiche bambuskott haricot verts paprika veg.,"Kalcium, Ca",Vegetabiliskt protein produkter och rätter,108.0,mg
6395,Gryta mykoprotein m. lätt crème fraiche bambuskott haricot verts paprika veg.,Fettsyra 4:0-10:0,Vegetabiliskt protein produkter och rätter,0.3,g
6395,Gryta mykoprotein m. lätt crème fraiche bambuskott haricot verts paprika veg.,DHA (C22:6),Vegetabiliskt protein produkter och rätter,0.0,g
6395,Gryta mykoprotein m. lätt crème fraiche bambuskott haricot verts paprika veg.,DPA (C22:5),Vegetabiliskt protein produkter och rätter,0.0,g
6395,Gryta mykoprotein m. lätt crème fraiche bambuskott haricot verts paprika veg.,EPA (C20:5),Vegetabiliskt protein produkter och rätter,0.0,g
6395,Gryta mykoprotein m. lätt crème fraiche bambuskott haricot verts paprika veg.,Arakidonsyra C20:4,Vegetabiliskt protein produkter och rätter,0.0,g
6395,Gryta mykoprotein m. lätt crème fraiche bambuskott haricot verts paprika veg.,Arakidinsyra C20:0,Vegetabiliskt protein produkter och rätter,0.0,g
6395,Gryta mykoprotein m. lätt crème fraiche bambuskott haricot verts paprika veg.,Linolensyra C18:3,Vegetabiliskt protein produkter och rätter,0.0,g
6395,Gryta mykoprotein m. lätt crème fraiche bambuskott haricot verts paprika veg.,Linolsyra C18:2,Vegetabiliskt protein produkter och rätter,0.2,g
6395,Gryta mykoprotein m. lätt crème fraiche bambuskott haricot verts paprika veg.,Oljesyra C18:1,Vegetabiliskt protein produkter och rätter,0.9,g
6395,Gryta mykoprotein m. lätt crème fraiche bambuskott haricot verts paprika veg.,Stearinsyra C18:0,Vegetabiliskt protein produkter och rätter,0.4,g
6395,Gryta mykoprotein m. lätt crème fraiche bambuskott haricot verts paprika veg.,Palmitoljesyra C16:1,Vegetabiliskt protein produkter och rätter,0.1,g
6395,Gryta mykoprotein m. lätt crème fraiche bambuskott haricot verts paprika veg.,Palmitinsyra C16:0,Vegetabiliskt protein produkter och rätter,1.3,g
6395,Gryta mykoprotein m. lätt crème fraiche bambuskott haricot verts paprika veg.,Myristinsyra C14:0,Vegetabiliskt protein produkter och rätter,0.5,g
6395,Gryta mykoprotein m. lätt crème fraiche bambuskott haricot verts paprika veg.,Laurinsyra C12:0,Vegetabiliskt protein produkter och rätter,0.1,g
6395,Gryta mykoprotein m. lätt crème fraiche bambuskott haricot verts paprika veg.,Betakaroten/β-Karoten,Vegetabiliskt protein produkter och rätter,71.0,µg
6395,Gryta mykoprotein m. lätt crème fraiche bambuskott haricot verts paprika veg.,Avfall (skal etc.),Vegetabiliskt protein produkter och rätter,1.0,%
6395,Gryta mykoprotein m. lätt crème fraiche bambuskott haricot verts paprika veg.,Aska,Vegetabiliskt protein produkter och rätter,1.2,g
6395,Gryta mykoprotein m. lätt crème fraiche bambuskott haricot verts paprika veg.,Alkohol,Vegetabiliskt protein produkter och rätter,0.0,g
6396,Gryta mykoprotein tikka masala veg.,"Zink, Zn",Vegetabiliskt protein produkter och rätter,5.5,mg
6396,Gryta mykoprotein tikka masala veg.,Vitamin E,Vegetabiliskt protein produkter och rätter,0.2,mg
6396,Gryta mykoprotein tikka masala veg.,Vitamin D inkl 25-OH-D3,Vegetabiliskt protein produkter och rätter,0.0,µg
6396,Gryta mykoprotein tikka masala veg.,Vitamin D,Vegetabiliskt protein produkter och rätter,0.0,µg
6396,Gryta mykoprotein tikka masala veg.,Vitamin C,Vegetabiliskt protein produkter och rätter,2.8,mg
6396,Gryta mykoprotein tikka masala veg.,Vitamin B6,Vegetabiliskt protein produkter och rätter,0.09,mg
6396,Gryta mykoprotein tikka masala veg.,Vitamin B12,Vegetabiliskt protein produkter och rätter,0.04,µg
6396,Gryta mykoprotein tikka masala veg.,Vitamin A,Vegetabiliskt protein produkter och rätter,22.4,RE/µg
6396,Gryta mykoprotein tikka masala veg.,Vatten,Vegetabiliskt protein produkter och rätter,74.2,g
6396,Gryta mykoprotein tikka masala veg.,Tiamin,Vegetabiliskt protein produkter och rätter,0.02,mg
6396,Gryta mykoprotein tikka masala veg.,Tillsatt socker,Vegetabiliskt protein produkter och rätter,0.0,g
6396,Gryta mykoprotein tikka masala veg.,Fritt socker,Vegetabiliskt protein produkter och rätter,0.0,g
6396,Gryta mykoprotein tikka masala veg.,"Selen, Se",Vegetabiliskt protein produkter och rätter,0.0,µg
6396,Gryta mykoprotein tikka masala veg.,Sackaros,Vegetabiliskt protein produkter och rätter,0.1,g
6396,Gryta mykoprotein tikka masala veg.,Riboflavin,Vegetabiliskt protein produkter och rätter,0.3,mg
6396,Gryta mykoprotein tikka masala veg.,Retinol,Vegetabiliskt protein produkter och rätter,21.5,µg
6396,Gryta mykoprotein tikka masala veg.,Protein,Vegetabiliskt protein produkter och rätter,12.4,g
6396,Gryta mykoprotein tikka masala veg.,Summa fleromättade fettsyror,Vegetabiliskt protein produkter och rätter,0.7,g
6396,Gryta mykoprotein tikka masala veg.,"Fosfor, P",Vegetabiliskt protein produkter och rätter,210.0,mg
6396,Gryta mykoprotein tikka masala veg.,Niacinekvivalenter,Vegetabiliskt protein produkter och rätter,2.75,NE/mg
6396,Gryta mykoprotein tikka masala veg.,Niacin,Vegetabiliskt protein produkter och rätter,0.6,mg
6396,Gryta mykoprotein tikka masala veg.,"Salt, NaCl",Vegetabiliskt protein produkter och rätter,1.3,g
6396,Gryta mykoprotein tikka masala veg.,"Natrium, Na",Vegetabiliskt protein produkter och rätter,529.0,mg
6396,Gryta mykoprotein tikka masala veg.,Monosackarider,Vegetabiliskt protein produkter och rätter,0.4,g
6396,Gryta mykoprotein tikka masala veg.,"Sockerarter, totalt",Vegetabiliskt protein produkter och rätter,1.2,g
6396,Gryta mykoprotein tikka masala veg.,Summa enkelomättade fettsyror,Vegetabiliskt protein produkter och rätter,0.7,g
6396,Gryta mykoprotein tikka masala veg.,"Magnesium, Mg",Vegetabiliskt protein produkter och rätter,35.0,mg
6396,Gryta mykoprotein tikka masala veg.,Summa mättade fettsyror,Vegetabiliskt protein produkter och rätter,1.5,g
6396,Gryta mykoprotein tikka masala veg.,"Kolhydrater, tillgängliga",Vegetabiliskt protein produkter och rätter,3.7,g
6396,Gryta mykoprotein tikka masala veg.,Kolesterol,Vegetabiliskt protein produkter och rätter,6.1,mg
6396,Gryta mykoprotein tikka masala veg.,"Kalium, K",Vegetabiliskt protein produkter och rätter,180.0,mg
6396,Gryta mykoprotein tikka masala veg.,"Jod, I",Vegetabiliskt protein produkter och rätter,46.4,µg
6396,Gryta mykoprotein tikka masala veg.,Fullkorn totalt,Vegetabiliskt protein produkter och rätter,0.0,g
6396,Gryta mykoprotein tikka masala veg.,"Folat, totalt",Vegetabiliskt protein produkter och rätter,93.4,µg
6396,Gryta mykoprotein tikka masala veg.,Fibrer,Vegetabiliskt protein produkter och rätter,4.1,g
6396,Gryta mykoprotein tikka masala veg.,"Fett, totalt",Vegetabiliskt protein produkter och rätter,3.3,g
6396,Gryta mykoprotein tikka masala veg.,"Järn, Fe",Vegetabiliskt protein produkter och rätter,0.3,mg
6396,Gryta mykoprotein tikka masala veg.,Energi (kJ),Vegetabiliskt protein produkter och rätter,431.0,kJ
6396,Gryta mykoprotein tikka masala veg.,Energi (kcal),Vegetabiliskt protein produkter och rätter,103.0,kcal
6396,Gryta mykoprotein tikka masala veg.,Disackarider,Vegetabiliskt protein produkter och rätter,0.8,g
6396,Gryta mykoprotein tikka masala veg.,"Kalcium, Ca",Vegetabiliskt protein produkter och rätter,171.0,mg
6396,Gryta mykoprotein tikka masala veg.,Fettsyra 4:0-10:0,Vegetabiliskt protein produkter och rätter,0.2,g
6396,Gryta mykoprotein tikka masala veg.,DHA (C22:6),Vegetabiliskt protein produkter och rätter,0.0,g
6396,Gryta mykoprotein tikka masala veg.,DPA (C22:5),Vegetabiliskt protein produkter och rätter,0.0,g
6396,Gryta mykoprotein tikka masala veg.,EPA (C20:5),Vegetabiliskt protein produkter och rätter,0.0,g
6396,Gryta mykoprotein tikka masala veg.,Arakidonsyra C20:4,Vegetabiliskt protein produkter och rätter,0.0,g
6396,Gryta mykoprotein tikka masala veg.,Arakidinsyra C20:0,Vegetabiliskt protein produkter och rätter,0.0,g
6396,Gryta mykoprotein tikka masala veg.,Linolensyra C18:3,Vegetabiliskt protein produkter och rätter,0.1,g
6396,Gryta mykoprotein tikka masala veg.,Linolsyra C18:2,Vegetabiliskt protein produkter och rätter,0.6,g
6396,Gryta mykoprotein tikka masala veg.,Oljesyra C18:1,Vegetabiliskt protein produkter och rätter,0.7,g
6396,Gryta mykoprotein tikka masala veg.,Stearinsyra C18:0,Vegetabiliskt protein produkter och rätter,0.2,g
6396,Gryta mykoprotein tikka masala veg.,Palmitoljesyra C16:1,Vegetabiliskt protein produkter och rätter,0.0,g
6396,Gryta mykoprotein tikka masala veg.,Palmitinsyra C16:0,Vegetabiliskt protein produkter och rätter,0.7,g
6396,Gryta mykoprotein tikka masala veg.,Myristinsyra C14:0,Vegetabiliskt protein produkter och rätter,0.2,g
6396,Gryta mykoprotein tikka masala veg.,Laurinsyra C12:0,Vegetabiliskt protein produkter och rätter,0.1,g
6396,Gryta mykoprotein tikka masala veg.,Betakaroten/β-Karoten,Vegetabiliskt protein produkter och rätter,11.0,µg
6396,Gryta mykoprotein tikka masala veg.,Avfall (skal etc.),Vegetabiliskt protein produkter och rätter,0.0,%
6396,Gryta mykoprotein tikka masala veg.,Aska,Vegetabiliskt protein produkter och rätter,2.2,g
6396,Gryta mykoprotein tikka masala veg.,Alkohol,Vegetabiliskt protein produkter och rätter,0.0,g
6397,Gryta mykoprotein m. fransk senap pepparrot gräddfil veg.,"Zink, Zn",Vegetabiliskt protein produkter och rätter,3.7,mg
6397,Gryta mykoprotein m. fransk senap pepparrot gräddfil veg.,Vitamin E,Vegetabiliskt protein produkter och rätter,0.5,mg
6397,Gryta mykoprotein m. fransk senap pepparrot gräddfil veg.,Vitamin D,Vegetabiliskt protein produkter och rätter,0.05,µg
6397,Gryta mykoprotein m. fransk senap pepparrot gräddfil veg.,Vitamin C,Vegetabiliskt protein produkter och rätter,4.3,mg
6397,Gryta mykoprotein m. fransk senap pepparrot gräddfil veg.,Vitamin B6,Vegetabiliskt protein produkter och rätter,0.08,mg
6397,Gryta mykoprotein m. fransk senap pepparrot gräddfil veg.,Vitamin B12,Vegetabiliskt protein produkter och rätter,0.0,µg
6397,Gryta mykoprotein m. fransk senap pepparrot gräddfil veg.,Vitamin A,Vegetabiliskt protein produkter och rätter,67.8,RE/µg
6397,Gryta mykoprotein m. fransk senap pepparrot gräddfil veg.,Vatten,Vegetabiliskt protein produkter och rätter,78.1,g
6397,Gryta mykoprotein m. fransk senap pepparrot gräddfil veg.,Tiamin,Vegetabiliskt protein produkter och rätter,0.02,mg
6397,Gryta mykoprotein m. fransk senap pepparrot gräddfil veg.,Tillsatt socker,Vegetabiliskt protein produkter och rätter,0.0,g
6397,Gryta mykoprotein m. fransk senap pepparrot gräddfil veg.,Fritt socker,Vegetabiliskt protein produkter och rätter,0.0,g
6397,Gryta mykoprotein m. fransk senap pepparrot gräddfil veg.,"Selen, Se",Vegetabiliskt protein produkter och rätter,0.2,µg
6397,Gryta mykoprotein m. fransk senap pepparrot gräddfil veg.,Sackaros,Vegetabiliskt protein produkter och rätter,0.6,g
6397,Gryta mykoprotein m. fransk senap pepparrot gräddfil veg.,Riboflavin,Vegetabiliskt protein produkter och rätter,0.18,mg
6397,Gryta mykoprotein m. fransk senap pepparrot gräddfil veg.,Retinol,Vegetabiliskt protein produkter och rätter,16.5,µg
6397,Gryta mykoprotein m. fransk senap pepparrot gräddfil veg.,Protein,Vegetabiliskt protein produkter och rätter,8.2,g
6397,Gryta mykoprotein m. fransk senap pepparrot gräddfil veg.,Summa fleromättade fettsyror,Vegetabiliskt protein produkter och rätter,0.8,g
6397,Gryta mykoprotein m. fransk senap pepparrot gräddfil veg.,"Fosfor, P",Vegetabiliskt protein produkter och rätter,137.0,mg
6397,Gryta mykoprotein m. fransk senap pepparrot gräddfil veg.,Niacinekvivalenter,Vegetabiliskt protein produkter och rätter,1.87,NE/mg
6397,Gryta mykoprotein m. fransk senap pepparrot gräddfil veg.,Niacin,Vegetabiliskt protein produkter och rätter,0.49,mg
6397,Gryta mykoprotein m. fransk senap pepparrot gräddfil veg.,"Salt, NaCl",Vegetabiliskt protein produkter och rätter,0.9,g
6397,Gryta mykoprotein m. fransk senap pepparrot gräddfil veg.,"Natrium, Na",Vegetabiliskt protein produkter och rätter,358.0,mg
6397,Gryta mykoprotein m. fransk senap pepparrot gräddfil veg.,Monosackarider,Vegetabiliskt protein produkter och rätter,0.7,g
6397,Gryta mykoprotein m. fransk senap pepparrot gräddfil veg.,"Sockerarter, totalt",Vegetabiliskt protein produkter och rätter,1.5,g
6397,Gryta mykoprotein m. fransk senap pepparrot gräddfil veg.,Summa enkelomättade fettsyror,Vegetabiliskt protein produkter och rätter,1.2,g
6397,Gryta mykoprotein m. fransk senap pepparrot gräddfil veg.,"Magnesium, Mg",Vegetabiliskt protein produkter och rätter,29.0,mg
6397,Gryta mykoprotein m. fransk senap pepparrot gräddfil veg.,Summa mättade fettsyror,Vegetabiliskt protein produkter och rätter,1.6,g
6397,Gryta mykoprotein m. fransk senap pepparrot gräddfil veg.,"Kolhydrater, tillgängliga",Vegetabiliskt protein produkter och rätter,3.2,g
6397,Gryta mykoprotein m. fransk senap pepparrot gräddfil veg.,Kolesterol,Vegetabiliskt protein produkter och rätter,6.2,mg
6397,Gryta mykoprotein m. fransk senap pepparrot gräddfil veg.,"Kalium, K",Vegetabiliskt protein produkter och rätter,149.0,mg
6397,Gryta mykoprotein m. fransk senap pepparrot gräddfil veg.,"Jod, I",Vegetabiliskt protein produkter och rätter,21.2,µg
6397,Gryta mykoprotein m. fransk senap pepparrot gräddfil veg.,Fullkorn totalt,Vegetabiliskt protein produkter och rätter,0.0,g
6397,Gryta mykoprotein m. fransk senap pepparrot gräddfil veg.,"Folat, totalt",Vegetabiliskt protein produkter och rätter,68.8,µg
6397,Gryta mykoprotein m. fransk senap pepparrot gräddfil veg.,Fibrer,Vegetabiliskt protein produkter och rätter,3.4,g
6397,Gryta mykoprotein m. fransk senap pepparrot gräddfil veg.,"Fett, totalt",Vegetabiliskt protein produkter och rätter,4.0,g
6397,Gryta mykoprotein m. fransk senap pepparrot gräddfil veg.,"Järn, Fe",Vegetabiliskt protein produkter och rätter,0.3,mg
6397,Gryta mykoprotein m. fransk senap pepparrot gräddfil veg.,Energi (kJ),Vegetabiliskt protein produkter och rätter,384.0,kJ
6397,Gryta mykoprotein m. fransk senap pepparrot gräddfil veg.,Energi (kcal),Vegetabiliskt protein produkter och rätter,92.0,kcal
6397,Gryta mykoprotein m. fransk senap pepparrot gräddfil veg.,Disackarider,Vegetabiliskt protein produkter och rätter,0.8,g
6397,Gryta mykoprotein m. fransk senap pepparrot gräddfil veg.,"Kalcium, Ca",Vegetabiliskt protein produkter och rätter,114.0,mg
6397,Gryta mykoprotein m. fransk senap pepparrot gräddfil veg.,Fettsyra 4:0-10:0,Vegetabiliskt protein produkter och rätter,0.2,g
6397,Gryta mykoprotein m. fransk senap pepparrot gräddfil veg.,DHA (C22:6),Vegetabiliskt protein produkter och rätter,0.0,g
6397,Gryta mykoprotein m. fransk senap pepparrot gräddfil veg.,DPA (C22:5),Vegetabiliskt protein produkter och rätter,0.0,g
6397,Gryta mykoprotein m. fransk senap pepparrot gräddfil veg.,EPA (C20:5),Vegetabiliskt protein produkter och rätter,0.0,g
6397,Gryta mykoprotein m. fransk senap pepparrot gräddfil veg.,Arakidonsyra C20:4,Vegetabiliskt protein produkter och rätter,0.0,g
6397,Gryta mykoprotein m. fransk senap pepparrot gräddfil veg.,Arakidinsyra C20:0,Vegetabiliskt protein produkter och rätter,0.0,g
6397,Gryta mykoprotein m. fransk senap pepparrot gräddfil veg.,Linolensyra C18:3,Vegetabiliskt protein produkter och rätter,0.1,g
6397,Gryta mykoprotein m. fransk senap pepparrot gräddfil veg.,Linolsyra C18:2,Vegetabiliskt protein produkter och rätter,0.6,g
6397,Gryta mykoprotein m. fransk senap pepparrot gräddfil veg.,Oljesyra C18:1,Vegetabiliskt protein produkter och rätter,1.1,g
6397,Gryta mykoprotein m. fransk senap pepparrot gräddfil veg.,Stearinsyra C18:0,Vegetabiliskt protein produkter och rätter,0.2,g
6397,Gryta mykoprotein m. fransk senap pepparrot gräddfil veg.,Palmitoljesyra C16:1,Vegetabiliskt protein produkter och rätter,0.0,g
6397,Gryta mykoprotein m. fransk senap pepparrot gräddfil veg.,Palmitinsyra C16:0,Vegetabiliskt protein produkter och rätter,0.8,g
6397,Gryta mykoprotein m. fransk senap pepparrot gräddfil veg.,Myristinsyra C14:0,Vegetabiliskt protein produkter och rätter,0.2,g
6397,Gryta mykoprotein m. fransk senap pepparrot gräddfil veg.,Laurinsyra C12:0,Vegetabiliskt protein produkter och rätter,0.1,g
6397,Gryta mykoprotein m. fransk senap pepparrot gräddfil veg.,Betakaroten/β-Karoten,Vegetabiliskt protein produkter och rätter,507.0,µg
6397,Gryta mykoprotein m. fransk senap pepparrot gräddfil veg.,Avfall (skal etc.),Vegetabiliskt protein produkter och rätter,2.0,%
6397,Gryta mykoprotein m. fransk senap pepparrot gräddfil veg.,Aska,Vegetabiliskt protein produkter och rätter,1.6,g
6397,Gryta mykoprotein m. fransk senap pepparrot gräddfil veg.,Alkohol,Vegetabiliskt protein produkter och rätter,0.5,g
6398,Grönsaksburgare stekt veg.,"Zink, Zn",Grönsaks- rotfrukts- baljväxträtter o produkter,0.7,mg
6398,Grönsaksburgare stekt veg.,Vitamin E,Grönsaks- rotfrukts- baljväxträtter o produkter,3.0,mg
6398,Grönsaksburgare stekt veg.,Vitamin D inkl 25-OH-D3,Grönsaks- rotfrukts- baljväxträtter o produkter,0.0,µg
6398,Grönsaksburgare stekt veg.,Vitamin D,Grönsaks- rotfrukts- baljväxträtter o produkter,0.0,µg
6398,Grönsaksburgare stekt veg.,Vitamin C,Grönsaks- rotfrukts- baljväxträtter o produkter,7.0,mg
6398,Grönsaksburgare stekt veg.,Vitamin B6,Grönsaks- rotfrukts- baljväxträtter o produkter,0.12,mg
6398,Grönsaksburgare stekt veg.,Vitamin B12,Grönsaks- rotfrukts- baljväxträtter o produkter,0.0,µg
6398,Grönsaksburgare stekt veg.,Vitamin A,Grönsaks- rotfrukts- baljväxträtter o produkter,113.1,RE/µg
6398,Grönsaksburgare stekt veg.,Vatten,Grönsaks- rotfrukts- baljväxträtter o produkter,53.3,g
6398,Grönsaksburgare stekt veg.,Tiamin,Grönsaks- rotfrukts- baljväxträtter o produkter,0.11,mg
6398,Grönsaksburgare stekt veg.,Tillsatt socker,Grönsaks- rotfrukts- baljväxträtter o produkter,0.0,g
6398,Grönsaksburgare stekt veg.,Fritt socker,Grönsaks- rotfrukts- baljväxträtter o produkter,0.0,g
6398,Grönsaksburgare stekt veg.,"Selen, Se",Grönsaks- rotfrukts- baljväxträtter o produkter,2.8,µg
6398,Grönsaksburgare stekt veg.,Sackaros,Grönsaks- rotfrukts- baljväxträtter o produkter,1.7,g
6398,Grönsaksburgare stekt veg.,Riboflavin,Grönsaks- rotfrukts- baljväxträtter o produkter,0.04,mg
6398,Grönsaksburgare stekt veg.,Retinol,Grönsaks- rotfrukts- baljväxträtter o produkter,0.0,µg
6398,Grönsaksburgare stekt veg.,Protein,Grönsaks- rotfrukts- baljväxträtter o produkter,3.7,g
6398,Grönsaksburgare stekt veg.,Summa fleromättade fettsyror,Grönsaks- rotfrukts- baljväxträtter o produkter,3.5,g
6398,Grönsaksburgare stekt veg.,"Fosfor, P",Grönsaks- rotfrukts- baljväxträtter o produkter,99.0,mg
6398,Grönsaksburgare stekt veg.,Niacinekvivalenter,Grönsaks- rotfrukts- baljväxträtter o produkter,1.58,NE/mg
6398,Grönsaksburgare stekt veg.,Niacin,Grönsaks- rotfrukts- baljväxträtter o produkter,0.97,mg
6398,Grönsaksburgare stekt veg.,"Salt, NaCl",Grönsaks- rotfrukts- baljväxträtter o produkter,2.2,g
6398,Grönsaksburgare stekt veg.,"Natrium, Na",Grönsaks- rotfrukts- baljväxträtter o produkter,885.0,mg
6398,Grönsaksburgare stekt veg.,Monosackarider,Grönsaks- rotfrukts- baljväxträtter o produkter,1.4,g
6398,Grönsaksburgare stekt veg.,"Sockerarter, totalt",Grönsaks- rotfrukts- baljväxträtter o produkter,3.3,g
6398,Grönsaksburgare stekt veg.,Summa enkelomättade fettsyror,Grönsaks- rotfrukts- baljväxträtter o produkter,7.0,g
6398,Grönsaksburgare stekt veg.,"Magnesium, Mg",Grönsaks- rotfrukts- baljväxträtter o produkter,29.0,mg
6398,Grönsaksburgare stekt veg.,Summa mättade fettsyror,Grönsaks- rotfrukts- baljväxträtter o produkter,1.0,g
6398,Grönsaksburgare stekt veg.,"Kolhydrater, tillgängliga",Grönsaks- rotfrukts- baljväxträtter o produkter,24.4,g
6398,Grönsaksburgare stekt veg.,Kolesterol,Grönsaks- rotfrukts- baljväxträtter o produkter,0.0,mg
6398,Grönsaksburgare stekt veg.,"Kalium, K",Grönsaks- rotfrukts- baljväxträtter o produkter,180.0,mg
6398,Grönsaksburgare stekt veg.,"Jod, I",Grönsaks- rotfrukts- baljväxträtter o produkter,110.3,µg
6398,Grönsaksburgare stekt veg.,Fullkorn totalt,Grönsaks- rotfrukts- baljväxträtter o produkter,27.0,g
6398,Grönsaksburgare stekt veg.,"Folat, totalt",Grönsaks- rotfrukts- baljväxträtter o produkter,26.2,µg
6398,Grönsaksburgare stekt veg.,Fibrer,Grönsaks- rotfrukts- baljväxträtter o produkter,3.6,g
6398,Grönsaksburgare stekt veg.,"Fett, totalt",Grönsaks- rotfrukts- baljväxträtter o produkter,12.1,g
6398,Grönsaksburgare stekt veg.,"Järn, Fe",Grönsaks- rotfrukts- baljväxträtter o produkter,0.9,mg
6398,Grönsaksburgare stekt veg.,Energi (kJ),Grönsaks- rotfrukts- baljväxträtter o produkter,955.0,kJ
6398,Grönsaksburgare stekt veg.,Energi (kcal),Grönsaks- rotfrukts- baljväxträtter o produkter,228.0,kcal
6398,Grönsaksburgare stekt veg.,Disackarider,Grönsaks- rotfrukts- baljväxträtter o produkter,1.8,g
6398,Grönsaksburgare stekt veg.,"Kalcium, Ca",Grönsaks- rotfrukts- baljväxträtter o produkter,34.0,mg
6398,Grönsaksburgare stekt veg.,Fettsyra 4:0-10:0,Grönsaks- rotfrukts- baljväxträtter o produkter,0.0,g
6398,Grönsaksburgare stekt veg.,DHA (C22:6),Grönsaks- rotfrukts- baljväxträtter o produkter,0.0,g
6398,Grönsaksburgare stekt veg.,DPA (C22:5),Grönsaks- rotfrukts- baljväxträtter o produkter,0.0,g
6398,Grönsaksburgare stekt veg.,EPA (C20:5),Grönsaks- rotfrukts- baljväxträtter o produkter,0.0,g
6398,Grönsaksburgare stekt veg.,Arakidonsyra C20:4,Grönsaks- rotfrukts- baljväxträtter o produkter,0.0,g
6398,Grönsaksburgare stekt veg.,Arakidinsyra C20:0,Grönsaks- rotfrukts- baljväxträtter o produkter,0.1,g
6398,Grönsaksburgare stekt veg.,Linolensyra C18:3,Grönsaks- rotfrukts- baljväxträtter o produkter,0.9,g
6398,Grönsaksburgare stekt veg.,Linolsyra C18:2,Grönsaks- rotfrukts- baljväxträtter o produkter,2.5,g
6398,Grönsaksburgare stekt veg.,Oljesyra C18:1,Grönsaks- rotfrukts- baljväxträtter o produkter,6.8,g
6398,Grönsaksburgare stekt veg.,Stearinsyra C18:0,Grönsaks- rotfrukts- baljväxträtter o produkter,0.2,g
6398,Grönsaksburgare stekt veg.,Palmitoljesyra C16:1,Grönsaks- rotfrukts- baljväxträtter o produkter,0.0,g
6398,Grönsaksburgare stekt veg.,Palmitinsyra C16:0,Grönsaks- rotfrukts- baljväxträtter o produkter,0.7,g
6398,Grönsaksburgare stekt veg.,Myristinsyra C14:0,Grönsaks- rotfrukts- baljväxträtter o produkter,0.0,g
6398,Grönsaksburgare stekt veg.,Laurinsyra C12:0,Grönsaks- rotfrukts- baljväxträtter o produkter,0.0,g
6398,Grönsaksburgare stekt veg.,Betakaroten/β-Karoten,Grönsaks- rotfrukts- baljväxträtter o produkter,1147.0,µg
6398,Grönsaksburgare stekt veg.,Avfall (skal etc.),Grönsaks- rotfrukts- baljväxträtter o produkter,3.0,%
6398,Grönsaksburgare stekt veg.,Aska,Grönsaks- rotfrukts- baljväxträtter o produkter,2.9,g
6398,Grönsaksburgare stekt veg.,Alkohol,Grönsaks- rotfrukts- baljväxträtter o produkter,0.0,g
6399,Grönsaksbiff rödbetsbiff stekt veg.,"Zink, Zn",Grönsaks- rotfrukts- baljväxträtter o produkter,0.6,mg
6399,Grönsaksbiff rödbetsbiff stekt veg.,Vitamin E,Grönsaks- rotfrukts- baljväxträtter o produkter,2.0,mg
6399,Grönsaksbiff rödbetsbiff stekt veg.,Vitamin D,Grönsaks- rotfrukts- baljväxträtter o produkter,0.49,µg
6399,Grönsaksbiff rödbetsbiff stekt veg.,Vitamin C,Grönsaks- rotfrukts- baljväxträtter o produkter,5.5,mg
6399,Grönsaksbiff rödbetsbiff stekt veg.,Vitamin B6,Grönsaks- rotfrukts- baljväxträtter o produkter,0.12,mg
6399,Grönsaksbiff rödbetsbiff stekt veg.,Vitamin B12,Grönsaks- rotfrukts- baljväxträtter o produkter,0.37,µg
6399,Grönsaksbiff rödbetsbiff stekt veg.,Vitamin A,Grönsaks- rotfrukts- baljväxträtter o produkter,74.2,RE/µg
6399,Grönsaksbiff rödbetsbiff stekt veg.,Vatten,Grönsaks- rotfrukts- baljväxträtter o produkter,75.6,g
6399,Grönsaksbiff rödbetsbiff stekt veg.,Tiamin,Grönsaks- rotfrukts- baljväxträtter o produkter,0.04,mg
6399,Grönsaksbiff rödbetsbiff stekt veg.,Tillsatt socker,Grönsaks- rotfrukts- baljväxträtter o produkter,0.0,g
6399,Grönsaksbiff rödbetsbiff stekt veg.,Fritt socker,Grönsaks- rotfrukts- baljväxträtter o produkter,0.0,g
6399,Grönsaksbiff rödbetsbiff stekt veg.,"Selen, Se",Grönsaks- rotfrukts- baljväxträtter o produkter,6.0,µg
6399,Grönsaksbiff rödbetsbiff stekt veg.,Sackaros,Grönsaks- rotfrukts- baljväxträtter o produkter,3.9,g
6399,Grönsaksbiff rödbetsbiff stekt veg.,Riboflavin,Grönsaks- rotfrukts- baljväxträtter o produkter,0.12,mg
6399,Grönsaksbiff rödbetsbiff stekt veg.,Retinol,Grönsaks- rotfrukts- baljväxträtter o produkter,70.3,µg
6399,Grönsaksbiff rödbetsbiff stekt veg.,Protein,Grönsaks- rotfrukts- baljväxträtter o produkter,4.5,g
6399,Grönsaksbiff rödbetsbiff stekt veg.,Summa fleromättade fettsyror,Grönsaks- rotfrukts- baljväxträtter o produkter,0.9,g
6399,Grönsaksbiff rödbetsbiff stekt veg.,"Fosfor, P",Grönsaks- rotfrukts- baljväxträtter o produkter,79.0,mg
6399,Grönsaksbiff rödbetsbiff stekt veg.,Niacinekvivalenter,Grönsaks- rotfrukts- baljväxträtter o produkter,1.85,NE/mg
6399,Grönsaksbiff rödbetsbiff stekt veg.,Niacin,Grönsaks- rotfrukts- baljväxträtter o produkter,0.81,mg
6399,Grönsaksbiff rödbetsbiff stekt veg.,"Salt, NaCl",Grönsaks- rotfrukts- baljväxträtter o produkter,1.3,g
6399,Grönsaksbiff rödbetsbiff stekt veg.,"Natrium, Na",Grönsaks- rotfrukts- baljväxträtter o produkter,530.0,mg
6399,Grönsaksbiff rödbetsbiff stekt veg.,Monosackarider,Grönsaks- rotfrukts- baljväxträtter o produkter,0.4,g
6399,Grönsaksbiff rödbetsbiff stekt veg.,"Sockerarter, totalt",Grönsaks- rotfrukts- baljväxträtter o produkter,4.3,g
6399,Grönsaksbiff rödbetsbiff stekt veg.,Summa enkelomättade fettsyror,Grönsaks- rotfrukts- baljväxträtter o produkter,2.0,g
6399,Grönsaksbiff rödbetsbiff stekt veg.,"Magnesium, Mg",Grönsaks- rotfrukts- baljväxträtter o produkter,17.0,mg
6399,Grönsaksbiff rödbetsbiff stekt veg.,Summa mättade fettsyror,Grönsaks- rotfrukts- baljväxträtter o produkter,1.2,g
6399,Grönsaksbiff rödbetsbiff stekt veg.,"Kolhydrater, tillgängliga",Grönsaks- rotfrukts- baljväxträtter o produkter,11.1,g
6399,Grönsaksbiff rödbetsbiff stekt veg.,Kolesterol,Grönsaks- rotfrukts- baljväxträtter o produkter,90.5,mg
6399,Grönsaksbiff rödbetsbiff stekt veg.,"Kalium, K",Grönsaks- rotfrukts- baljväxträtter o produkter,284.0,mg
6399,Grönsaksbiff rödbetsbiff stekt veg.,"Jod, I",Grönsaks- rotfrukts- baljväxträtter o produkter,70.6,µg
6399,Grönsaksbiff rödbetsbiff stekt veg.,Fullkorn totalt,Grönsaks- rotfrukts- baljväxträtter o produkter,0.0,g
6399,Grönsaksbiff rödbetsbiff stekt veg.,"Folat, totalt",Grönsaks- rotfrukts- baljväxträtter o produkter,43.0,µg
6399,Grönsaksbiff rödbetsbiff stekt veg.,Fibrer,Grönsaks- rotfrukts- baljväxträtter o produkter,2.0,g
6399,Grönsaksbiff rödbetsbiff stekt veg.,"Fett, totalt",Grönsaks- rotfrukts- baljväxträtter o produkter,4.6,g
6399,Grönsaksbiff rödbetsbiff stekt veg.,"Järn, Fe",Grönsaks- rotfrukts- baljväxträtter o produkter,0.7,mg
6399,Grönsaksbiff rödbetsbiff stekt veg.,Energi (kJ),Grönsaks- rotfrukts- baljväxträtter o produkter,454.0,kJ
6399,Grönsaksbiff rödbetsbiff stekt veg.,Energi (kcal),Grönsaks- rotfrukts- baljväxträtter o produkter,108.0,kcal
6399,Grönsaksbiff rödbetsbiff stekt veg.,Disackarider,Grönsaks- rotfrukts- baljväxträtter o produkter,3.9,g
6399,Grönsaksbiff rödbetsbiff stekt veg.,"Kalcium, Ca",Grönsaks- rotfrukts- baljväxträtter o produkter,28.0,mg
6399,Grönsaksbiff rödbetsbiff stekt veg.,Fettsyra 4:0-10:0,Grönsaks- rotfrukts- baljväxträtter o produkter,0.0,g
6399,Grönsaksbiff rödbetsbiff stekt veg.,DHA (C22:6),Grönsaks- rotfrukts- baljväxträtter o produkter,0.0,g
6399,Grönsaksbiff rödbetsbiff stekt veg.,DPA (C22:5),Grönsaks- rotfrukts- baljväxträtter o produkter,0.0,g
6399,Grönsaksbiff rödbetsbiff stekt veg.,EPA (C20:5),Grönsaks- rotfrukts- baljväxträtter o produkter,0.0,g
6399,Grönsaksbiff rödbetsbiff stekt veg.,Arakidonsyra C20:4,Grönsaks- rotfrukts- baljväxträtter o produkter,0.0,g
6399,Grönsaksbiff rödbetsbiff stekt veg.,Arakidinsyra C20:0,Grönsaks- rotfrukts- baljväxträtter o produkter,0.0,g
6399,Grönsaksbiff rödbetsbiff stekt veg.,Linolensyra C18:3,Grönsaks- rotfrukts- baljväxträtter o produkter,0.1,g
6399,Grönsaksbiff rödbetsbiff stekt veg.,Linolsyra C18:2,Grönsaks- rotfrukts- baljväxträtter o produkter,0.6,g
6399,Grönsaksbiff rödbetsbiff stekt veg.,Oljesyra C18:1,Grönsaks- rotfrukts- baljväxträtter o produkter,1.9,g
6399,Grönsaksbiff rödbetsbiff stekt veg.,Stearinsyra C18:0,Grönsaks- rotfrukts- baljväxträtter o produkter,0.2,g
6399,Grönsaksbiff rödbetsbiff stekt veg.,Palmitoljesyra C16:1,Grönsaks- rotfrukts- baljväxträtter o produkter,0.1,g
6399,Grönsaksbiff rödbetsbiff stekt veg.,Palmitinsyra C16:0,Grönsaks- rotfrukts- baljväxträtter o produkter,0.8,g
6399,Grönsaksbiff rödbetsbiff stekt veg.,Myristinsyra C14:0,Grönsaks- rotfrukts- baljväxträtter o produkter,0.0,g
6399,Grönsaksbiff rödbetsbiff stekt veg.,Laurinsyra C12:0,Grönsaks- rotfrukts- baljväxträtter o produkter,0.0,g
6399,Grönsaksbiff rödbetsbiff stekt veg.,Betakaroten/β-Karoten,Grönsaks- rotfrukts- baljväxträtter o produkter,25.0,µg
6399,Grönsaksbiff rödbetsbiff stekt veg.,Avfall (skal etc.),Grönsaks- rotfrukts- baljväxträtter o produkter,9.0,%
6399,Grönsaksbiff rödbetsbiff stekt veg.,Aska,Grönsaks- rotfrukts- baljväxträtter o produkter,2.0,g
6399,Grönsaksbiff rödbetsbiff stekt veg.,Alkohol,Grönsaks- rotfrukts- baljväxträtter o produkter,0.0,g
6400,Grönsaksbiff morotsbiff stekt veg.,"Zink, Zn",Grönsaks- rotfrukts- baljväxträtter o produkter,0.5,mg
6400,Grönsaksbiff morotsbiff stekt veg.,Vitamin E,Grönsaks- rotfrukts- baljväxträtter o produkter,2.3,mg
6400,Grönsaksbiff morotsbiff stekt veg.,Vitamin D,Grönsaks- rotfrukts- baljväxträtter o produkter,0.34,µg
6400,Grönsaksbiff morotsbiff stekt veg.,Vitamin C,Grönsaks- rotfrukts- baljväxträtter o produkter,3.2,mg
6400,Grönsaksbiff morotsbiff stekt veg.,Vitamin B6,Grönsaks- rotfrukts- baljväxträtter o produkter,0.15,mg
6400,Grönsaksbiff morotsbiff stekt veg.,Vitamin B12,Grönsaks- rotfrukts- baljväxträtter o produkter,0.28,µg
6400,Grönsaksbiff morotsbiff stekt veg.,Vitamin A,Grönsaks- rotfrukts- baljväxträtter o produkter,760.8,RE/µg
6400,Grönsaksbiff morotsbiff stekt veg.,Vatten,Grönsaks- rotfrukts- baljväxträtter o produkter,75.8,g
6400,Grönsaksbiff morotsbiff stekt veg.,Tiamin,Grönsaks- rotfrukts- baljväxträtter o produkter,0.06,mg
6400,Grönsaksbiff morotsbiff stekt veg.,Tillsatt socker,Grönsaks- rotfrukts- baljväxträtter o produkter,0.0,g
6400,Grönsaksbiff morotsbiff stekt veg.,Fritt socker,Grönsaks- rotfrukts- baljväxträtter o produkter,0.0,g
6400,Grönsaksbiff morotsbiff stekt veg.,"Selen, Se",Grönsaks- rotfrukts- baljväxträtter o produkter,4.7,µg
6400,Grönsaksbiff morotsbiff stekt veg.,Sackaros,Grönsaks- rotfrukts- baljväxträtter o produkter,2.8,g
6400,Grönsaksbiff morotsbiff stekt veg.,Riboflavin,Grönsaks- rotfrukts- baljväxträtter o produkter,0.08,mg
6400,Grönsaksbiff morotsbiff stekt veg.,Retinol,Grönsaks- rotfrukts- baljväxträtter o produkter,50.7,µg
6400,Grönsaksbiff morotsbiff stekt veg.,Protein,Grönsaks- rotfrukts- baljväxträtter o produkter,3.7,g
6400,Grönsaksbiff morotsbiff stekt veg.,Summa fleromättade fettsyror,Grönsaks- rotfrukts- baljväxträtter o produkter,1.1,g
6400,Grönsaksbiff morotsbiff stekt veg.,"Fosfor, P",Grönsaks- rotfrukts- baljväxträtter o produkter,71.0,mg
6400,Grönsaksbiff morotsbiff stekt veg.,Niacinekvivalenter,Grönsaks- rotfrukts- baljväxträtter o produkter,1.55,NE/mg
6400,Grönsaksbiff morotsbiff stekt veg.,Niacin,Grönsaks- rotfrukts- baljväxträtter o produkter,0.75,mg
6400,Grönsaksbiff morotsbiff stekt veg.,"Salt, NaCl",Grönsaks- rotfrukts- baljväxträtter o produkter,1.2,g
6400,Grönsaksbiff morotsbiff stekt veg.,"Natrium, Na",Grönsaks- rotfrukts- baljväxträtter o produkter,460.0,mg
6400,Grönsaksbiff morotsbiff stekt veg.,Monosackarider,Grönsaks- rotfrukts- baljväxträtter o produkter,3.3,g
6400,Grönsaksbiff morotsbiff stekt veg.,"Sockerarter, totalt",Grönsaks- rotfrukts- baljväxträtter o produkter,6.1,g
6400,Grönsaksbiff morotsbiff stekt veg.,Summa enkelomättade fettsyror,Grönsaks- rotfrukts- baljväxträtter o produkter,2.3,g
6400,Grönsaksbiff morotsbiff stekt veg.,"Magnesium, Mg",Grönsaks- rotfrukts- baljväxträtter o produkter,13.0,mg
6400,Grönsaksbiff morotsbiff stekt veg.,Summa mättade fettsyror,Grönsaks- rotfrukts- baljväxträtter o produkter,0.8,g
6400,Grönsaksbiff morotsbiff stekt veg.,"Kolhydrater, tillgängliga",Grönsaks- rotfrukts- baljväxträtter o produkter,11.2,g
6400,Grönsaksbiff morotsbiff stekt veg.,Kolesterol,Grönsaks- rotfrukts- baljväxträtter o produkter,69.1,mg
6400,Grönsaksbiff morotsbiff stekt veg.,"Kalium, K",Grönsaks- rotfrukts- baljväxträtter o produkter,245.0,mg
6400,Grönsaksbiff morotsbiff stekt veg.,"Jod, I",Grönsaks- rotfrukts- baljväxträtter o produkter,57.8,µg
6400,Grönsaksbiff morotsbiff stekt veg.,Fullkorn totalt,Grönsaks- rotfrukts- baljväxträtter o produkter,1.0,g
6400,Grönsaksbiff morotsbiff stekt veg.,"Folat, totalt",Grönsaks- rotfrukts- baljväxträtter o produkter,30.0,µg
6400,Grönsaksbiff morotsbiff stekt veg.,Fibrer,Grönsaks- rotfrukts- baljväxträtter o produkter,2.7,g
6400,Grönsaksbiff morotsbiff stekt veg.,"Fett, totalt",Grönsaks- rotfrukts- baljväxträtter o produkter,4.8,g
6400,Grönsaksbiff morotsbiff stekt veg.,"Järn, Fe",Grönsaks- rotfrukts- baljväxträtter o produkter,0.6,mg
6400,Grönsaksbiff morotsbiff stekt veg.,Energi (kJ),Grönsaks- rotfrukts- baljväxträtter o produkter,451.0,kJ
6400,Grönsaksbiff morotsbiff stekt veg.,Energi (kcal),Grönsaks- rotfrukts- baljväxträtter o produkter,107.0,kcal
6400,Grönsaksbiff morotsbiff stekt veg.,Disackarider,Grönsaks- rotfrukts- baljväxträtter o produkter,2.8,g
6400,Grönsaksbiff morotsbiff stekt veg.,"Kalcium, Ca",Grönsaks- rotfrukts- baljväxträtter o produkter,42.0,mg
6400,Grönsaksbiff morotsbiff stekt veg.,Fettsyra 4:0-10:0,Grönsaks- rotfrukts- baljväxträtter o produkter,0.0,g
6400,Grönsaksbiff morotsbiff stekt veg.,DHA (C22:6),Grönsaks- rotfrukts- baljväxträtter o produkter,0.0,g
6400,Grönsaksbiff morotsbiff stekt veg.,DPA (C22:5),Grönsaks- rotfrukts- baljväxträtter o produkter,0.0,g
6400,Grönsaksbiff morotsbiff stekt veg.,EPA (C20:5),Grönsaks- rotfrukts- baljväxträtter o produkter,0.0,g
6400,Grönsaksbiff morotsbiff stekt veg.,Arakidonsyra C20:4,Grönsaks- rotfrukts- baljväxträtter o produkter,0.0,g
6400,Grönsaksbiff morotsbiff stekt veg.,Arakidinsyra C20:0,Grönsaks- rotfrukts- baljväxträtter o produkter,0.0,g
6400,Grönsaksbiff morotsbiff stekt veg.,Linolensyra C18:3,Grönsaks- rotfrukts- baljväxträtter o produkter,0.2,g
6400,Grönsaksbiff morotsbiff stekt veg.,Linolsyra C18:2,Grönsaks- rotfrukts- baljväxträtter o produkter,0.9,g
6400,Grönsaksbiff morotsbiff stekt veg.,Oljesyra C18:1,Grönsaks- rotfrukts- baljväxträtter o produkter,2.2,g
6400,Grönsaksbiff morotsbiff stekt veg.,Stearinsyra C18:0,Grönsaks- rotfrukts- baljväxträtter o produkter,0.2,g
6400,Grönsaksbiff morotsbiff stekt veg.,Palmitoljesyra C16:1,Grönsaks- rotfrukts- baljväxträtter o produkter,0.1,g
6400,Grönsaksbiff morotsbiff stekt veg.,Palmitinsyra C16:0,Grönsaks- rotfrukts- baljväxträtter o produkter,0.6,g
6400,Grönsaksbiff morotsbiff stekt veg.,Myristinsyra C14:0,Grönsaks- rotfrukts- baljväxträtter o produkter,0.0,g
6400,Grönsaksbiff morotsbiff stekt veg.,Laurinsyra C12:0,Grönsaks- rotfrukts- baljväxträtter o produkter,0.0,g
6400,Grönsaksbiff morotsbiff stekt veg.,Betakaroten/β-Karoten,Grönsaks- rotfrukts- baljväxträtter o produkter,7133.0,µg
6400,Grönsaksbiff morotsbiff stekt veg.,Avfall (skal etc.),Grönsaks- rotfrukts- baljväxträtter o produkter,6.0,%
6400,Grönsaksbiff morotsbiff stekt veg.,Aska,Grönsaks- rotfrukts- baljväxträtter o produkter,1.8,g
6400,Grönsaksbiff morotsbiff stekt veg.,Alkohol,Grönsaks- rotfrukts- baljväxträtter o produkter,0.0,g
6401,Grönsaksbiff zucchinibiff m. ost stekt veg.,"Zink, Zn",Grönsaks- rotfrukts- baljväxträtter o produkter,1.2,mg
6401,Grönsaksbiff zucchinibiff m. ost stekt veg.,Vitamin E,Grönsaks- rotfrukts- baljväxträtter o produkter,2.2,mg
6401,Grönsaksbiff zucchinibiff m. ost stekt veg.,Vitamin D,Grönsaks- rotfrukts- baljväxträtter o produkter,0.14,µg
6401,Grönsaksbiff zucchinibiff m. ost stekt veg.,Vitamin C,Grönsaks- rotfrukts- baljväxträtter o produkter,11.0,mg
6401,Grönsaksbiff zucchinibiff m. ost stekt veg.,Vitamin B6,Grönsaks- rotfrukts- baljväxträtter o produkter,0.19,mg
6401,Grönsaksbiff zucchinibiff m. ost stekt veg.,Vitamin B12,Grönsaks- rotfrukts- baljväxträtter o produkter,0.34,µg
6401,Grönsaksbiff zucchinibiff m. ost stekt veg.,Vitamin A,Grönsaks- rotfrukts- baljväxträtter o produkter,81.2,RE/µg
6401,Grönsaksbiff zucchinibiff m. ost stekt veg.,Vatten,Grönsaks- rotfrukts- baljväxträtter o produkter,60.9,g
6401,Grönsaksbiff zucchinibiff m. ost stekt veg.,Tiamin,Grönsaks- rotfrukts- baljväxträtter o produkter,0.06,mg
6401,Grönsaksbiff zucchinibiff m. ost stekt veg.,Tillsatt socker,Grönsaks- rotfrukts- baljväxträtter o produkter,0.0,g
6401,Grönsaksbiff zucchinibiff m. ost stekt veg.,Fritt socker,Grönsaks- rotfrukts- baljväxträtter o produkter,0.0,g
6401,Grönsaksbiff zucchinibiff m. ost stekt veg.,"Selen, Se",Grönsaks- rotfrukts- baljväxträtter o produkter,7.5,µg
6401,Grönsaksbiff zucchinibiff m. ost stekt veg.,Sackaros,Grönsaks- rotfrukts- baljväxträtter o produkter,0.1,g
6401,Grönsaksbiff zucchinibiff m. ost stekt veg.,Riboflavin,Grönsaks- rotfrukts- baljväxträtter o produkter,0.12,mg
6401,Grönsaksbiff zucchinibiff m. ost stekt veg.,Retinol,Grönsaks- rotfrukts- baljväxträtter o produkter,69.5,µg
6401,Grönsaksbiff zucchinibiff m. ost stekt veg.,Protein,Grönsaks- rotfrukts- baljväxträtter o produkter,7.9,g
6401,Grönsaksbiff zucchinibiff m. ost stekt veg.,Summa fleromättade fettsyror,Grönsaks- rotfrukts- baljväxträtter o produkter,1.1,g
6401,Grönsaksbiff zucchinibiff m. ost stekt veg.,"Fosfor, P",Grönsaks- rotfrukts- baljväxträtter o produkter,156.0,mg
6401,Grönsaksbiff zucchinibiff m. ost stekt veg.,Niacinekvivalenter,Grönsaks- rotfrukts- baljväxträtter o produkter,2.31,NE/mg
6401,Grönsaksbiff zucchinibiff m. ost stekt veg.,Niacin,Grönsaks- rotfrukts- baljväxträtter o produkter,0.52,mg
6401,Grönsaksbiff zucchinibiff m. ost stekt veg.,"Salt, NaCl",Grönsaks- rotfrukts- baljväxträtter o produkter,0.3,g
6401,Grönsaksbiff zucchinibiff m. ost stekt veg.,"Natrium, Na",Grönsaks- rotfrukts- baljväxträtter o produkter,119.0,mg
6401,Grönsaksbiff zucchinibiff m. ost stekt veg.,Monosackarider,Grönsaks- rotfrukts- baljväxträtter o produkter,2.2,g
6401,Grönsaksbiff zucchinibiff m. ost stekt veg.,"Sockerarter, totalt",Grönsaks- rotfrukts- baljväxträtter o produkter,2.6,g
6401,Grönsaksbiff zucchinibiff m. ost stekt veg.,Summa enkelomättade fettsyror,Grönsaks- rotfrukts- baljväxträtter o produkter,6.1,g
6401,Grönsaksbiff zucchinibiff m. ost stekt veg.,"Magnesium, Mg",Grönsaks- rotfrukts- baljväxträtter o produkter,24.0,mg
6401,Grönsaksbiff zucchinibiff m. ost stekt veg.,Summa mättade fettsyror,Grönsaks- rotfrukts- baljväxträtter o produkter,4.4,g
6401,Grönsaksbiff zucchinibiff m. ost stekt veg.,"Kolhydrater, tillgängliga",Grönsaks- rotfrukts- baljväxträtter o produkter,15.0,g
6401,Grönsaksbiff zucchinibiff m. ost stekt veg.,Kolesterol,Grönsaks- rotfrukts- baljväxträtter o produkter,53.9,mg
6401,Grönsaksbiff zucchinibiff m. ost stekt veg.,"Kalium, K",Grönsaks- rotfrukts- baljväxträtter o produkter,174.0,mg
6401,Grönsaksbiff zucchinibiff m. ost stekt veg.,"Jod, I",Grönsaks- rotfrukts- baljväxträtter o produkter,13.0,µg
6401,Grönsaksbiff zucchinibiff m. ost stekt veg.,Fullkorn totalt,Grönsaks- rotfrukts- baljväxträtter o produkter,1.0,g
6401,Grönsaksbiff zucchinibiff m. ost stekt veg.,"Folat, totalt",Grönsaks- rotfrukts- baljväxträtter o produkter,30.8,µg
6401,Grönsaksbiff zucchinibiff m. ost stekt veg.,Fibrer,Grönsaks- rotfrukts- baljväxträtter o produkter,2.3,g
6401,Grönsaksbiff zucchinibiff m. ost stekt veg.,"Fett, totalt",Grönsaks- rotfrukts- baljväxträtter o produkter,12.6,g
6401,Grönsaksbiff zucchinibiff m. ost stekt veg.,"Järn, Fe",Grönsaks- rotfrukts- baljväxträtter o produkter,0.6,mg
6401,Grönsaksbiff zucchinibiff m. ost stekt veg.,Energi (kJ),Grönsaks- rotfrukts- baljväxträtter o produkter,873.0,kJ
6401,Grönsaksbiff zucchinibiff m. ost stekt veg.,Energi (kcal),Grönsaks- rotfrukts- baljväxträtter o produkter,208.0,kcal
6401,Grönsaksbiff zucchinibiff m. ost stekt veg.,Disackarider,Grönsaks- rotfrukts- baljväxträtter o produkter,0.4,g
6401,Grönsaksbiff zucchinibiff m. ost stekt veg.,"Kalcium, Ca",Grönsaks- rotfrukts- baljväxträtter o produkter,158.0,mg
6401,Grönsaksbiff zucchinibiff m. ost stekt veg.,Fettsyra 4:0-10:0,Grönsaks- rotfrukts- baljväxträtter o produkter,0.3,g
6401,Grönsaksbiff zucchinibiff m. ost stekt veg.,DHA (C22:6),Grönsaks- rotfrukts- baljväxträtter o produkter,0.0,g
6401,Grönsaksbiff zucchinibiff m. ost stekt veg.,DPA (C22:5),Grönsaks- rotfrukts- baljväxträtter o produkter,0.0,g
6401,Grönsaksbiff zucchinibiff m. ost stekt veg.,EPA (C20:5),Grönsaks- rotfrukts- baljväxträtter o produkter,0.0,g
6401,Grönsaksbiff zucchinibiff m. ost stekt veg.,Arakidonsyra C20:4,Grönsaks- rotfrukts- baljväxträtter o produkter,0.0,g
6401,Grönsaksbiff zucchinibiff m. ost stekt veg.,Arakidinsyra C20:0,Grönsaks- rotfrukts- baljväxträtter o produkter,0.0,g
6401,Grönsaksbiff zucchinibiff m. ost stekt veg.,Linolensyra C18:3,Grönsaks- rotfrukts- baljväxträtter o produkter,0.1,g
6401,Grönsaksbiff zucchinibiff m. ost stekt veg.,Linolsyra C18:2,Grönsaks- rotfrukts- baljväxträtter o produkter,1.0,g
6401,Grönsaksbiff zucchinibiff m. ost stekt veg.,Oljesyra C18:1,Grönsaks- rotfrukts- baljväxträtter o produkter,5.8,g
6401,Grönsaksbiff zucchinibiff m. ost stekt veg.,Stearinsyra C18:0,Grönsaks- rotfrukts- baljväxträtter o produkter,0.7,g
6401,Grönsaksbiff zucchinibiff m. ost stekt veg.,Palmitoljesyra C16:1,Grönsaks- rotfrukts- baljväxträtter o produkter,0.2,g
6401,Grönsaksbiff zucchinibiff m. ost stekt veg.,Palmitinsyra C16:0,Grönsaks- rotfrukts- baljväxträtter o produkter,2.4,g
6401,Grönsaksbiff zucchinibiff m. ost stekt veg.,Myristinsyra C14:0,Grönsaks- rotfrukts- baljväxträtter o produkter,0.6,g
6401,Grönsaksbiff zucchinibiff m. ost stekt veg.,Laurinsyra C12:0,Grönsaks- rotfrukts- baljväxträtter o produkter,0.2,g
6401,Grönsaksbiff zucchinibiff m. ost stekt veg.,Betakaroten/β-Karoten,Grönsaks- rotfrukts- baljväxträtter o produkter,138.0,µg
6401,Grönsaksbiff zucchinibiff m. ost stekt veg.,Avfall (skal etc.),Grönsaks- rotfrukts- baljväxträtter o produkter,4.0,%
6401,Grönsaksbiff zucchinibiff m. ost stekt veg.,Aska,Grönsaks- rotfrukts- baljväxträtter o produkter,1.3,g
6401,Grönsaksbiff zucchinibiff m. ost stekt veg.,Alkohol,Grönsaks- rotfrukts- baljväxträtter o produkter,0.0,g
6402,Grönsaksbiff ärt- och kålrotsbiff stekt veg. kylvara,"Zink, Zn",Grönsaks- rotfrukts- baljväxträtter o produkter,1.0,mg
6402,Grönsaksbiff ärt- och kålrotsbiff stekt veg. kylvara,Vitamin E,Grönsaks- rotfrukts- baljväxträtter o produkter,1.6,mg
6402,Grönsaksbiff ärt- och kålrotsbiff stekt veg. kylvara,Vitamin D,Grönsaks- rotfrukts- baljväxträtter o produkter,0.44,µg
6402,Grönsaksbiff ärt- och kålrotsbiff stekt veg. kylvara,Vitamin C,Grönsaks- rotfrukts- baljväxträtter o produkter,15.4,mg
6402,Grönsaksbiff ärt- och kålrotsbiff stekt veg. kylvara,Vitamin B6,Grönsaks- rotfrukts- baljväxträtter o produkter,0.18,mg
6402,Grönsaksbiff ärt- och kålrotsbiff stekt veg. kylvara,Vitamin B12,Grönsaks- rotfrukts- baljväxträtter o produkter,0.0,µg
6402,Grönsaksbiff ärt- och kålrotsbiff stekt veg. kylvara,Vitamin A,Grönsaks- rotfrukts- baljväxträtter o produkter,34.7,RE/µg
6402,Grönsaksbiff ärt- och kålrotsbiff stekt veg. kylvara,Vatten,Grönsaks- rotfrukts- baljväxträtter o produkter,59.8,g
6402,Grönsaksbiff ärt- och kålrotsbiff stekt veg. kylvara,Tiamin,Grönsaks- rotfrukts- baljväxträtter o produkter,0.09,mg
6402,Grönsaksbiff ärt- och kålrotsbiff stekt veg. kylvara,Tillsatt socker,Grönsaks- rotfrukts- baljväxträtter o produkter,0.0,g
6402,Grönsaksbiff ärt- och kålrotsbiff stekt veg. kylvara,Fritt socker,Grönsaks- rotfrukts- baljväxträtter o produkter,0.0,g
6402,Grönsaksbiff ärt- och kålrotsbiff stekt veg. kylvara,"Selen, Se",Grönsaks- rotfrukts- baljväxträtter o produkter,3.0,µg
6402,Grönsaksbiff ärt- och kålrotsbiff stekt veg. kylvara,Sackaros,Grönsaks- rotfrukts- baljväxträtter o produkter,0.9,g
6402,Grönsaksbiff ärt- och kålrotsbiff stekt veg. kylvara,Riboflavin,Grönsaks- rotfrukts- baljväxträtter o produkter,0.06,mg
6402,Grönsaksbiff ärt- och kålrotsbiff stekt veg. kylvara,Retinol,Grönsaks- rotfrukts- baljväxträtter o produkter,22.9,µg
6402,Grönsaksbiff ärt- och kålrotsbiff stekt veg. kylvara,Protein,Grönsaks- rotfrukts- baljväxträtter o produkter,6.5,g
6402,Grönsaksbiff ärt- och kålrotsbiff stekt veg. kylvara,Summa fleromättade fettsyror,Grönsaks- rotfrukts- baljväxträtter o produkter,1.7,g
6402,Grönsaksbiff ärt- och kålrotsbiff stekt veg. kylvara,"Fosfor, P",Grönsaks- rotfrukts- baljväxträtter o produkter,112.0,mg
6402,Grönsaksbiff ärt- och kålrotsbiff stekt veg. kylvara,Niacinekvivalenter,Grönsaks- rotfrukts- baljväxträtter o produkter,2.33,NE/mg
6402,Grönsaksbiff ärt- och kålrotsbiff stekt veg. kylvara,Niacin,Grönsaks- rotfrukts- baljväxträtter o produkter,1.25,mg
6402,Grönsaksbiff ärt- och kålrotsbiff stekt veg. kylvara,"Salt, NaCl",Grönsaks- rotfrukts- baljväxträtter o produkter,0.4,g
6402,Grönsaksbiff ärt- och kålrotsbiff stekt veg. kylvara,"Natrium, Na",Grönsaks- rotfrukts- baljväxträtter o produkter,164.0,mg
6402,Grönsaksbiff ärt- och kålrotsbiff stekt veg. kylvara,Monosackarider,Grönsaks- rotfrukts- baljväxträtter o produkter,2.0,g
6402,Grönsaksbiff ärt- och kålrotsbiff stekt veg. kylvara,"Sockerarter, totalt",Grönsaks- rotfrukts- baljväxträtter o produkter,3.0,g
6402,Grönsaksbiff ärt- och kålrotsbiff stekt veg. kylvara,Summa enkelomättade fettsyror,Grönsaks- rotfrukts- baljväxträtter o produkter,2.8,g
6402,Grönsaksbiff ärt- och kålrotsbiff stekt veg. kylvara,"Magnesium, Mg",Grönsaks- rotfrukts- baljväxträtter o produkter,30.0,mg
6402,Grönsaksbiff ärt- och kålrotsbiff stekt veg. kylvara,Summa mättade fettsyror,Grönsaks- rotfrukts- baljväxträtter o produkter,1.5,g
6402,Grönsaksbiff ärt- och kålrotsbiff stekt veg. kylvara,"Kolhydrater, tillgängliga",Grönsaks- rotfrukts- baljväxträtter o produkter,17.6,g
6402,Grönsaksbiff ärt- och kålrotsbiff stekt veg. kylvara,Kolesterol,Grönsaks- rotfrukts- baljväxträtter o produkter,1.5,mg
6402,Grönsaksbiff ärt- och kålrotsbiff stekt veg. kylvara,"Kalium, K",Grönsaks- rotfrukts- baljväxträtter o produkter,201.0,mg
6402,Grönsaksbiff ärt- och kålrotsbiff stekt veg. kylvara,"Jod, I",Grönsaks- rotfrukts- baljväxträtter o produkter,16.0,µg
6402,Grönsaksbiff ärt- och kålrotsbiff stekt veg. kylvara,Fullkorn totalt,Grönsaks- rotfrukts- baljväxträtter o produkter,0.0,g
6402,Grönsaksbiff ärt- och kålrotsbiff stekt veg. kylvara,"Folat, totalt",Grönsaks- rotfrukts- baljväxträtter o produkter,49.4,µg
6402,Grönsaksbiff ärt- och kålrotsbiff stekt veg. kylvara,Fibrer,Grönsaks- rotfrukts- baljväxträtter o produkter,8.4,g
6402,Grönsaksbiff ärt- och kålrotsbiff stekt veg. kylvara,"Fett, totalt",Grönsaks- rotfrukts- baljväxträtter o produkter,6.5,g
6402,Grönsaksbiff ärt- och kålrotsbiff stekt veg. kylvara,"Järn, Fe",Grönsaks- rotfrukts- baljväxträtter o produkter,1.3,mg
6402,Grönsaksbiff ärt- och kålrotsbiff stekt veg. kylvara,Energi (kJ),Grönsaks- rotfrukts- baljväxträtter o produkter,718.0,kJ
6402,Grönsaksbiff ärt- och kålrotsbiff stekt veg. kylvara,Energi (kcal),Grönsaks- rotfrukts- baljväxträtter o produkter,171.0,kcal
6402,Grönsaksbiff ärt- och kålrotsbiff stekt veg. kylvara,Disackarider,Grönsaks- rotfrukts- baljväxträtter o produkter,1.0,g
6402,Grönsaksbiff ärt- och kålrotsbiff stekt veg. kylvara,"Kalcium, Ca",Grönsaks- rotfrukts- baljväxträtter o produkter,50.0,mg
6402,Grönsaksbiff ärt- och kålrotsbiff stekt veg. kylvara,Fettsyra 4:0-10:0,Grönsaks- rotfrukts- baljväxträtter o produkter,0.1,g
6402,Grönsaksbiff ärt- och kålrotsbiff stekt veg. kylvara,DHA (C22:6),Grönsaks- rotfrukts- baljväxträtter o produkter,0.0,g
6402,Grönsaksbiff ärt- och kålrotsbiff stekt veg. kylvara,DPA (C22:5),Grönsaks- rotfrukts- baljväxträtter o produkter,0.0,g
6402,Grönsaksbiff ärt- och kålrotsbiff stekt veg. kylvara,EPA (C20:5),Grönsaks- rotfrukts- baljväxträtter o produkter,0.0,g
6402,Grönsaksbiff ärt- och kålrotsbiff stekt veg. kylvara,Arakidonsyra C20:4,Grönsaks- rotfrukts- baljväxträtter o produkter,0.0,g
6402,Grönsaksbiff ärt- och kålrotsbiff stekt veg. kylvara,Arakidinsyra C20:0,Grönsaks- rotfrukts- baljväxträtter o produkter,0.0,g
6402,Grönsaksbiff ärt- och kålrotsbiff stekt veg. kylvara,Linolensyra C18:3,Grönsaks- rotfrukts- baljväxträtter o produkter,0.3,g
6402,Grönsaksbiff ärt- och kålrotsbiff stekt veg. kylvara,Linolsyra C18:2,Grönsaks- rotfrukts- baljväxträtter o produkter,1.3,g
6402,Grönsaksbiff ärt- och kålrotsbiff stekt veg. kylvara,Oljesyra C18:1,Grönsaks- rotfrukts- baljväxträtter o produkter,2.8,g
6402,Grönsaksbiff ärt- och kålrotsbiff stekt veg. kylvara,Stearinsyra C18:0,Grönsaks- rotfrukts- baljväxträtter o produkter,0.2,g
6402,Grönsaksbiff ärt- och kålrotsbiff stekt veg. kylvara,Palmitoljesyra C16:1,Grönsaks- rotfrukts- baljväxträtter o produkter,0.0,g
6402,Grönsaksbiff ärt- och kålrotsbiff stekt veg. kylvara,Palmitinsyra C16:0,Grönsaks- rotfrukts- baljväxträtter o produkter,0.9,g
6402,Grönsaksbiff ärt- och kålrotsbiff stekt veg. kylvara,Myristinsyra C14:0,Grönsaks- rotfrukts- baljväxträtter o produkter,0.1,g
6402,Grönsaksbiff ärt- och kålrotsbiff stekt veg. kylvara,Laurinsyra C12:0,Grönsaks- rotfrukts- baljväxträtter o produkter,0.1,g
6402,Grönsaksbiff ärt- och kålrotsbiff stekt veg. kylvara,Betakaroten/β-Karoten,Grönsaks- rotfrukts- baljväxträtter o produkter,81.0,µg
6402,Grönsaksbiff ärt- och kålrotsbiff stekt veg. kylvara,Avfall (skal etc.),Grönsaks- rotfrukts- baljväxträtter o produkter,0.0,%
6402,Grönsaksbiff ärt- och kålrotsbiff stekt veg. kylvara,Aska,Grönsaks- rotfrukts- baljväxträtter o produkter,1.2,g
6402,Grönsaksbiff ärt- och kålrotsbiff stekt veg. kylvara,Alkohol,Grönsaks- rotfrukts- baljväxträtter o produkter,0.0,g
6403,Grönsaksbiff kikärtsbiff stekt veg. hemlagad,"Zink, Zn",Grönsaks- rotfrukts- baljväxträtter o produkter,1.3,mg
6403,Grönsaksbiff kikärtsbiff stekt veg. hemlagad,Vitamin E,Grönsaks- rotfrukts- baljväxträtter o produkter,3.3,mg
6403,Grönsaksbiff kikärtsbiff stekt veg. hemlagad,Vitamin D inkl 25-OH-D3,Grönsaks- rotfrukts- baljväxträtter o produkter,0.26,µg
6403,Grönsaksbiff kikärtsbiff stekt veg. hemlagad,Vitamin D,Grönsaks- rotfrukts- baljväxträtter o produkter,0.13,µg
6403,Grönsaksbiff kikärtsbiff stekt veg. hemlagad,Vitamin C,Grönsaks- rotfrukts- baljväxträtter o produkter,2.8,mg
6403,Grönsaksbiff kikärtsbiff stekt veg. hemlagad,Vitamin B6,Grönsaks- rotfrukts- baljväxträtter o produkter,0.15,mg
6403,Grönsaksbiff kikärtsbiff stekt veg. hemlagad,Vitamin B12,Grönsaks- rotfrukts- baljväxträtter o produkter,0.15,µg
6403,Grönsaksbiff kikärtsbiff stekt veg. hemlagad,Vitamin A,Grönsaks- rotfrukts- baljväxträtter o produkter,31.5,RE/µg
6403,Grönsaksbiff kikärtsbiff stekt veg. hemlagad,Vatten,Grönsaks- rotfrukts- baljväxträtter o produkter,49.8,g
6403,Grönsaksbiff kikärtsbiff stekt veg. hemlagad,Tiamin,Grönsaks- rotfrukts- baljväxträtter o produkter,0.11,mg
6403,Grönsaksbiff kikärtsbiff stekt veg. hemlagad,Tillsatt socker,Grönsaks- rotfrukts- baljväxträtter o produkter,0.0,g
6403,Grönsaksbiff kikärtsbiff stekt veg. hemlagad,Fritt socker,Grönsaks- rotfrukts- baljväxträtter o produkter,0.0,g
6403,Grönsaksbiff kikärtsbiff stekt veg. hemlagad,"Selen, Se",Grönsaks- rotfrukts- baljväxträtter o produkter,6.3,µg
6403,Grönsaksbiff kikärtsbiff stekt veg. hemlagad,Sackaros,Grönsaks- rotfrukts- baljväxträtter o produkter,0.6,g
6403,Grönsaksbiff kikärtsbiff stekt veg. hemlagad,Riboflavin,Grönsaks- rotfrukts- baljväxträtter o produkter,0.08,mg
6403,Grönsaksbiff kikärtsbiff stekt veg. hemlagad,Retinol,Grönsaks- rotfrukts- baljväxträtter o produkter,24.5,µg
6403,Grönsaksbiff kikärtsbiff stekt veg. hemlagad,Protein,Grönsaks- rotfrukts- baljväxträtter o produkter,8.8,g
6403,Grönsaksbiff kikärtsbiff stekt veg. hemlagad,Summa fleromättade fettsyror,Grönsaks- rotfrukts- baljväxträtter o produkter,2.8,g
6403,Grönsaksbiff kikärtsbiff stekt veg. hemlagad,"Fosfor, P",Grönsaks- rotfrukts- baljväxträtter o produkter,139.0,mg
6403,Grönsaksbiff kikärtsbiff stekt veg. hemlagad,Niacinekvivalenter,Grönsaks- rotfrukts- baljväxträtter o produkter,1.94,NE/mg
6403,Grönsaksbiff kikärtsbiff stekt veg. hemlagad,Niacin,Grönsaks- rotfrukts- baljväxträtter o produkter,0.36,mg
6403,Grönsaksbiff kikärtsbiff stekt veg. hemlagad,"Salt, NaCl",Grönsaks- rotfrukts- baljväxträtter o produkter,3.3,g
6403,Grönsaksbiff kikärtsbiff stekt veg. hemlagad,"Natrium, Na",Grönsaks- rotfrukts- baljväxträtter o produkter,1302.0,mg
6403,Grönsaksbiff kikärtsbiff stekt veg. hemlagad,Monosackarider,Grönsaks- rotfrukts- baljväxträtter o produkter,0.6,g
6403,Grönsaksbiff kikärtsbiff stekt veg. hemlagad,"Sockerarter, totalt",Grönsaks- rotfrukts- baljväxträtter o produkter,1.5,g
6403,Grönsaksbiff kikärtsbiff stekt veg. hemlagad,Summa enkelomättade fettsyror,Grönsaks- rotfrukts- baljväxträtter o produkter,4.9,g
6403,Grönsaksbiff kikärtsbiff stekt veg. hemlagad,"Magnesium, Mg",Grönsaks- rotfrukts- baljväxträtter o produkter,40.0,mg
6403,Grönsaksbiff kikärtsbiff stekt veg. hemlagad,Summa mättade fettsyror,Grönsaks- rotfrukts- baljväxträtter o produkter,1.1,g
6403,Grönsaksbiff kikärtsbiff stekt veg. hemlagad,"Kolhydrater, tillgängliga",Grönsaks- rotfrukts- baljväxträtter o produkter,17.1,g
6403,Grönsaksbiff kikärtsbiff stekt veg. hemlagad,Kolesterol,Grönsaks- rotfrukts- baljväxträtter o produkter,35.7,mg
6403,Grönsaksbiff kikärtsbiff stekt veg. hemlagad,"Kalium, K",Grönsaks- rotfrukts- baljväxträtter o produkter,191.0,mg
6403,Grönsaksbiff kikärtsbiff stekt veg. hemlagad,"Jod, I",Grönsaks- rotfrukts- baljväxträtter o produkter,159.8,µg
6403,Grönsaksbiff kikärtsbiff stekt veg. hemlagad,Fullkorn totalt,Grönsaks- rotfrukts- baljväxträtter o produkter,2.0,g
6403,Grönsaksbiff kikärtsbiff stekt veg. hemlagad,"Folat, totalt",Grönsaks- rotfrukts- baljväxträtter o produkter,68.6,µg
6403,Grönsaksbiff kikärtsbiff stekt veg. hemlagad,Fibrer,Grönsaks- rotfrukts- baljväxträtter o produkter,10.6,g
6403,Grönsaksbiff kikärtsbiff stekt veg. hemlagad,"Fett, totalt",Grönsaks- rotfrukts- baljväxträtter o produkter,9.6,g
6403,Grönsaksbiff kikärtsbiff stekt veg. hemlagad,"Järn, Fe",Grönsaks- rotfrukts- baljväxträtter o produkter,1.9,mg
6403,Grönsaksbiff kikärtsbiff stekt veg. hemlagad,Energi (kJ),Grönsaks- rotfrukts- baljväxträtter o produkter,882.0,kJ
6403,Grönsaksbiff kikärtsbiff stekt veg. hemlagad,Energi (kcal),Grönsaks- rotfrukts- baljväxträtter o produkter,210.0,kcal
6403,Grönsaksbiff kikärtsbiff stekt veg. hemlagad,Disackarider,Grönsaks- rotfrukts- baljväxträtter o produkter,0.9,g
6403,Grönsaksbiff kikärtsbiff stekt veg. hemlagad,"Kalcium, Ca",Grönsaks- rotfrukts- baljväxträtter o produkter,63.0,mg
6403,Grönsaksbiff kikärtsbiff stekt veg. hemlagad,Fettsyra 4:0-10:0,Grönsaks- rotfrukts- baljväxträtter o produkter,0.0,g
6403,Grönsaksbiff kikärtsbiff stekt veg. hemlagad,DHA (C22:6),Grönsaks- rotfrukts- baljväxträtter o produkter,0.0,g
6403,Grönsaksbiff kikärtsbiff stekt veg. hemlagad,DPA (C22:5),Grönsaks- rotfrukts- baljväxträtter o produkter,0.0,g
6403,Grönsaksbiff kikärtsbiff stekt veg. hemlagad,EPA (C20:5),Grönsaks- rotfrukts- baljväxträtter o produkter,0.0,g
6403,Grönsaksbiff kikärtsbiff stekt veg. hemlagad,Arakidonsyra C20:4,Grönsaks- rotfrukts- baljväxträtter o produkter,0.0,g
6403,Grönsaksbiff kikärtsbiff stekt veg. hemlagad,Arakidinsyra C20:0,Grönsaks- rotfrukts- baljväxträtter o produkter,0.0,g
6403,Grönsaksbiff kikärtsbiff stekt veg. hemlagad,Linolensyra C18:3,Grönsaks- rotfrukts- baljväxträtter o produkter,0.5,g
6403,Grönsaksbiff kikärtsbiff stekt veg. hemlagad,Linolsyra C18:2,Grönsaks- rotfrukts- baljväxträtter o produkter,2.2,g
6403,Grönsaksbiff kikärtsbiff stekt veg. hemlagad,Oljesyra C18:1,Grönsaks- rotfrukts- baljväxträtter o produkter,4.8,g
6403,Grönsaksbiff kikärtsbiff stekt veg. hemlagad,Stearinsyra C18:0,Grönsaks- rotfrukts- baljväxträtter o produkter,0.2,g
6403,Grönsaksbiff kikärtsbiff stekt veg. hemlagad,Palmitoljesyra C16:1,Grönsaks- rotfrukts- baljväxträtter o produkter,0.0,g
6403,Grönsaksbiff kikärtsbiff stekt veg. hemlagad,Palmitinsyra C16:0,Grönsaks- rotfrukts- baljväxträtter o produkter,0.7,g
6403,Grönsaksbiff kikärtsbiff stekt veg. hemlagad,Myristinsyra C14:0,Grönsaks- rotfrukts- baljväxträtter o produkter,0.0,g
6403,Grönsaksbiff kikärtsbiff stekt veg. hemlagad,Laurinsyra C12:0,Grönsaks- rotfrukts- baljväxträtter o produkter,0.0,g
6403,Grönsaksbiff kikärtsbiff stekt veg. hemlagad,Betakaroten/β-Karoten,Grönsaks- rotfrukts- baljväxträtter o produkter,84.0,µg
6403,Grönsaksbiff kikärtsbiff stekt veg. hemlagad,Avfall (skal etc.),Grönsaks- rotfrukts- baljväxträtter o produkter,2.0,%
6403,Grönsaksbiff kikärtsbiff stekt veg. hemlagad,Aska,Grönsaks- rotfrukts- baljväxträtter o produkter,4.1,g
6403,Grönsaksbiff kikärtsbiff stekt veg. hemlagad,Alkohol,Grönsaks- rotfrukts- baljväxträtter o produkter,0.0,g
6404,Gryta chili sin carne m. zucchini paprika veg.,"Zink, Zn",Grönsaks- rotfrukts- baljväxträtter o produkter,0.4,mg
6404,Gryta chili sin carne m. zucchini paprika veg.,Vitamin E,Grönsaks- rotfrukts- baljväxträtter o produkter,1.2,mg
6404,Gryta chili sin carne m. zucchini paprika veg.,Vitamin D,Grönsaks- rotfrukts- baljväxträtter o produkter,0.06,µg
6404,Gryta chili sin carne m. zucchini paprika veg.,Vitamin C,Grönsaks- rotfrukts- baljväxträtter o produkter,12.0,mg
6404,Gryta chili sin carne m. zucchini paprika veg.,Vitamin B6,Grönsaks- rotfrukts- baljväxträtter o produkter,0.09,mg
6404,Gryta chili sin carne m. zucchini paprika veg.,Vitamin B12,Grönsaks- rotfrukts- baljväxträtter o produkter,0.0,µg
6404,Gryta chili sin carne m. zucchini paprika veg.,Vitamin A,Grönsaks- rotfrukts- baljväxträtter o produkter,21.2,RE/µg
6404,Gryta chili sin carne m. zucchini paprika veg.,Vatten,Grönsaks- rotfrukts- baljväxträtter o produkter,80.2,g
6404,Gryta chili sin carne m. zucchini paprika veg.,Tiamin,Grönsaks- rotfrukts- baljväxträtter o produkter,0.03,mg
6404,Gryta chili sin carne m. zucchini paprika veg.,Tillsatt socker,Grönsaks- rotfrukts- baljväxträtter o produkter,0.0,g
6404,Gryta chili sin carne m. zucchini paprika veg.,Fritt socker,Grönsaks- rotfrukts- baljväxträtter o produkter,1.0,g
6404,Gryta chili sin carne m. zucchini paprika veg.,"Selen, Se",Grönsaks- rotfrukts- baljväxträtter o produkter,0.1,µg
6404,Gryta chili sin carne m. zucchini paprika veg.,Sackaros,Grönsaks- rotfrukts- baljväxträtter o produkter,0.4,g
6404,Gryta chili sin carne m. zucchini paprika veg.,Riboflavin,Grönsaks- rotfrukts- baljväxträtter o produkter,0.02,mg
6404,Gryta chili sin carne m. zucchini paprika veg.,Retinol,Grönsaks- rotfrukts- baljväxträtter o produkter,1.9,µg
6404,Gryta chili sin carne m. zucchini paprika veg.,Protein,Grönsaks- rotfrukts- baljväxträtter o produkter,3.6,g
6404,Gryta chili sin carne m. zucchini paprika veg.,Summa fleromättade fettsyror,Grönsaks- rotfrukts- baljväxträtter o produkter,0.6,g
6404,Gryta chili sin carne m. zucchini paprika veg.,"Fosfor, P",Grönsaks- rotfrukts- baljväxträtter o produkter,54.0,mg
6404,Gryta chili sin carne m. zucchini paprika veg.,Niacinekvivalenter,Grönsaks- rotfrukts- baljväxträtter o produkter,1.27,NE/mg
6404,Gryta chili sin carne m. zucchini paprika veg.,Niacin,Grönsaks- rotfrukts- baljväxträtter o produkter,0.66,mg
6404,Gryta chili sin carne m. zucchini paprika veg.,"Salt, NaCl",Grönsaks- rotfrukts- baljväxträtter o produkter,0.7,g
6404,Gryta chili sin carne m. zucchini paprika veg.,"Natrium, Na",Grönsaks- rotfrukts- baljväxträtter o produkter,304.0,mg
6404,Gryta chili sin carne m. zucchini paprika veg.,Monosackarider,Grönsaks- rotfrukts- baljväxträtter o produkter,3.2,g
6404,Gryta chili sin carne m. zucchini paprika veg.,"Sockerarter, totalt",Grönsaks- rotfrukts- baljväxträtter o produkter,3.7,g
6404,Gryta chili sin carne m. zucchini paprika veg.,Summa enkelomättade fettsyror,Grönsaks- rotfrukts- baljväxträtter o produkter,0.8,g
6404,Gryta chili sin carne m. zucchini paprika veg.,"Magnesium, Mg",Grönsaks- rotfrukts- baljväxträtter o produkter,22.0,mg
6404,Gryta chili sin carne m. zucchini paprika veg.,Summa mättade fettsyror,Grönsaks- rotfrukts- baljväxträtter o produkter,0.2,g
6404,Gryta chili sin carne m. zucchini paprika veg.,"Kolhydrater, tillgängliga",Grönsaks- rotfrukts- baljväxträtter o produkter,9.2,g
6404,Gryta chili sin carne m. zucchini paprika veg.,Kolesterol,Grönsaks- rotfrukts- baljväxträtter o produkter,0.0,mg
6404,Gryta chili sin carne m. zucchini paprika veg.,"Kalium, K",Grönsaks- rotfrukts- baljväxträtter o produkter,195.0,mg
6404,Gryta chili sin carne m. zucchini paprika veg.,"Jod, I",Grönsaks- rotfrukts- baljväxträtter o produkter,27.2,µg
6404,Gryta chili sin carne m. zucchini paprika veg.,Fullkorn totalt,Grönsaks- rotfrukts- baljväxträtter o produkter,0.0,g
6404,Gryta chili sin carne m. zucchini paprika veg.,"Folat, totalt",Grönsaks- rotfrukts- baljväxträtter o produkter,19.3,µg
6404,Gryta chili sin carne m. zucchini paprika veg.,Fibrer,Grönsaks- rotfrukts- baljväxträtter o produkter,3.8,g
6404,Gryta chili sin carne m. zucchini paprika veg.,"Fett, totalt",Grönsaks- rotfrukts- baljväxträtter o produkter,1.7,g
6404,Gryta chili sin carne m. zucchini paprika veg.,"Järn, Fe",Grönsaks- rotfrukts- baljväxträtter o produkter,1.0,mg
6404,Gryta chili sin carne m. zucchini paprika veg.,Energi (kJ),Grönsaks- rotfrukts- baljväxträtter o produkter,310.0,kJ
6404,Gryta chili sin carne m. zucchini paprika veg.,Energi (kcal),Grönsaks- rotfrukts- baljväxträtter o produkter,74.0,kcal
6404,Gryta chili sin carne m. zucchini paprika veg.,Disackarider,Grönsaks- rotfrukts- baljväxträtter o produkter,0.5,g
6404,Gryta chili sin carne m. zucchini paprika veg.,"Kalcium, Ca",Grönsaks- rotfrukts- baljväxträtter o produkter,39.0,mg
6404,Gryta chili sin carne m. zucchini paprika veg.,Fettsyra 4:0-10:0,Grönsaks- rotfrukts- baljväxträtter o produkter,0.0,g
6404,Gryta chili sin carne m. zucchini paprika veg.,DHA (C22:6),Grönsaks- rotfrukts- baljväxträtter o produkter,0.0,g
6404,Gryta chili sin carne m. zucchini paprika veg.,DPA (C22:5),Grönsaks- rotfrukts- baljväxträtter o produkter,0.0,g
6404,Gryta chili sin carne m. zucchini paprika veg.,EPA (C20:5),Grönsaks- rotfrukts- baljväxträtter o produkter,0.0,g
6404,Gryta chili sin carne m. zucchini paprika veg.,Arakidonsyra C20:4,Grönsaks- rotfrukts- baljväxträtter o produkter,0.0,g
6404,Gryta chili sin carne m. zucchini paprika veg.,Arakidinsyra C20:0,Grönsaks- rotfrukts- baljväxträtter o produkter,0.0,g
6404,Gryta chili sin carne m. zucchini paprika veg.,Linolensyra C18:3,Grönsaks- rotfrukts- baljväxträtter o produkter,0.2,g
6404,Gryta chili sin carne m. zucchini paprika veg.,Linolsyra C18:2,Grönsaks- rotfrukts- baljväxträtter o produkter,0.4,g
6404,Gryta chili sin carne m. zucchini paprika veg.,Oljesyra C18:1,Grönsaks- rotfrukts- baljväxträtter o produkter,0.7,g
6404,Gryta chili sin carne m. zucchini paprika veg.,Stearinsyra C18:0,Grönsaks- rotfrukts- baljväxträtter o produkter,0.0,g
6404,Gryta chili sin carne m. zucchini paprika veg.,Palmitoljesyra C16:1,Grönsaks- rotfrukts- baljväxträtter o produkter,0.0,g
6404,Gryta chili sin carne m. zucchini paprika veg.,Palmitinsyra C16:0,Grönsaks- rotfrukts- baljväxträtter o produkter,0.1,g
6404,Gryta chili sin carne m. zucchini paprika veg.,Myristinsyra C14:0,Grönsaks- rotfrukts- baljväxträtter o produkter,0.0,g
6404,Gryta chili sin carne m. zucchini paprika veg.,Laurinsyra C12:0,Grönsaks- rotfrukts- baljväxträtter o produkter,0.0,g
6404,Gryta chili sin carne m. zucchini paprika veg.,Betakaroten/β-Karoten,Grönsaks- rotfrukts- baljväxträtter o produkter,205.0,µg
6404,Gryta chili sin carne m. zucchini paprika veg.,Avfall (skal etc.),Grönsaks- rotfrukts- baljväxträtter o produkter,2.0,%
6404,Gryta chili sin carne m. zucchini paprika veg.,Aska,Grönsaks- rotfrukts- baljväxträtter o produkter,1.5,g
6404,Gryta chili sin carne m. zucchini paprika veg.,Alkohol,Grönsaks- rotfrukts- baljväxträtter o produkter,0.0,g
6405,Gryta chili sin carne m. mykoprotein veg.,"Zink, Zn",Vegetabiliskt protein produkter och rätter,1.8,mg
6405,Gryta chili sin carne m. mykoprotein veg.,Vitamin E,Vegetabiliskt protein produkter och rätter,1.2,mg
6405,Gryta chili sin carne m. mykoprotein veg.,Vitamin D,Vegetabiliskt protein produkter och rätter,0.06,µg
6405,Gryta chili sin carne m. mykoprotein veg.,Vitamin C,Vegetabiliskt protein produkter och rätter,8.2,mg
6405,Gryta chili sin carne m. mykoprotein veg.,Vitamin B6,Vegetabiliskt protein produkter och rätter,0.1,mg
6405,Gryta chili sin carne m. mykoprotein veg.,Vitamin B12,Vegetabiliskt protein produkter och rätter,0.0,µg
6405,Gryta chili sin carne m. mykoprotein veg.,Vitamin A,Vegetabiliskt protein produkter och rätter,20.6,RE/µg
6405,Gryta chili sin carne m. mykoprotein veg.,Vatten,Vegetabiliskt protein produkter och rätter,75.7,g
6405,Gryta chili sin carne m. mykoprotein veg.,Tiamin,Vegetabiliskt protein produkter och rätter,0.03,mg
6405,Gryta chili sin carne m. mykoprotein veg.,Tillsatt socker,Vegetabiliskt protein produkter och rätter,0.0,g
6405,Gryta chili sin carne m. mykoprotein veg.,Fritt socker,Vegetabiliskt protein produkter och rätter,0.0,g
6405,Gryta chili sin carne m. mykoprotein veg.,"Selen, Se",Vegetabiliskt protein produkter och rätter,0.1,µg
6405,Gryta chili sin carne m. mykoprotein veg.,Sackaros,Vegetabiliskt protein produkter och rätter,0.6,g
6405,Gryta chili sin carne m. mykoprotein veg.,Riboflavin,Vegetabiliskt protein produkter och rätter,0.1,mg
6405,Gryta chili sin carne m. mykoprotein veg.,Retinol,Vegetabiliskt protein produkter och rätter,2.0,µg
6405,Gryta chili sin carne m. mykoprotein veg.,Protein,Vegetabiliskt protein produkter och rätter,6.9,g
6405,Gryta chili sin carne m. mykoprotein veg.,Summa fleromättade fettsyror,Vegetabiliskt protein produkter och rätter,0.8,g
6405,Gryta chili sin carne m. mykoprotein veg.,"Fosfor, P",Vegetabiliskt protein produkter och rätter,102.0,mg
6405,Gryta chili sin carne m. mykoprotein veg.,Niacinekvivalenter,Vegetabiliskt protein produkter och rätter,1.84,NE/mg
6405,Gryta chili sin carne m. mykoprotein veg.,Niacin,Vegetabiliskt protein produkter och rätter,0.68,mg
6405,Gryta chili sin carne m. mykoprotein veg.,"Salt, NaCl",Vegetabiliskt protein produkter och rätter,1.0,g
6405,Gryta chili sin carne m. mykoprotein veg.,"Natrium, Na",Vegetabiliskt protein produkter och rätter,409.0,mg
6405,Gryta chili sin carne m. mykoprotein veg.,Monosackarider,Vegetabiliskt protein produkter och rätter,1.7,g
6405,Gryta chili sin carne m. mykoprotein veg.,"Sockerarter, totalt",Vegetabiliskt protein produkter och rätter,2.3,g
6405,Gryta chili sin carne m. mykoprotein veg.,Summa enkelomättade fettsyror,Vegetabiliskt protein produkter och rätter,0.9,g
6405,Gryta chili sin carne m. mykoprotein veg.,"Magnesium, Mg",Vegetabiliskt protein produkter och rätter,28.0,mg
6405,Gryta chili sin carne m. mykoprotein veg.,Summa mättade fettsyror,Vegetabiliskt protein produkter och rätter,0.3,g
6405,Gryta chili sin carne m. mykoprotein veg.,"Kolhydrater, tillgängliga",Vegetabiliskt protein produkter och rätter,8.6,g
6405,Gryta chili sin carne m. mykoprotein veg.,Kolesterol,Vegetabiliskt protein produkter och rätter,0.0,mg
6405,Gryta chili sin carne m. mykoprotein veg.,"Kalium, K",Vegetabiliskt protein produkter och rätter,201.0,mg
6405,Gryta chili sin carne m. mykoprotein veg.,"Jod, I",Vegetabiliskt protein produkter och rätter,20.6,µg
6405,Gryta chili sin carne m. mykoprotein veg.,Fullkorn totalt,Vegetabiliskt protein produkter och rätter,0.0,g
6405,Gryta chili sin carne m. mykoprotein veg.,"Folat, totalt",Vegetabiliskt protein produkter och rätter,40.0,µg
6405,Gryta chili sin carne m. mykoprotein veg.,Fibrer,Vegetabiliskt protein produkter och rätter,4.7,g
6405,Gryta chili sin carne m. mykoprotein veg.,"Fett, totalt",Vegetabiliskt protein produkter och rätter,2.2,g
6405,Gryta chili sin carne m. mykoprotein veg.,"Järn, Fe",Vegetabiliskt protein produkter och rätter,1.1,mg
6405,Gryta chili sin carne m. mykoprotein veg.,Energi (kJ),Vegetabiliskt protein produkter och rätter,383.0,kJ
6405,Gryta chili sin carne m. mykoprotein veg.,Energi (kcal),Vegetabiliskt protein produkter och rätter,91.0,kcal
6405,Gryta chili sin carne m. mykoprotein veg.,Disackarider,Vegetabiliskt protein produkter och rätter,0.6,g
6405,Gryta chili sin carne m. mykoprotein veg.,"Kalcium, Ca",Vegetabiliskt protein produkter och rätter,73.0,mg
6405,Gryta chili sin carne m. mykoprotein veg.,Fettsyra 4:0-10:0,Vegetabiliskt protein produkter och rätter,0.0,g
6405,Gryta chili sin carne m. mykoprotein veg.,DHA (C22:6),Vegetabiliskt protein produkter och rätter,0.0,g
6405,Gryta chili sin carne m. mykoprotein veg.,DPA (C22:5),Vegetabiliskt protein produkter och rätter,0.0,g
6405,Gryta chili sin carne m. mykoprotein veg.,EPA (C20:5),Vegetabiliskt protein produkter och rätter,0.0,g
6405,Gryta chili sin carne m. mykoprotein veg.,Arakidonsyra C20:4,Vegetabiliskt protein produkter och rätter,0.0,g
6405,Gryta chili sin carne m. mykoprotein veg.,Arakidinsyra C20:0,Vegetabiliskt protein produkter och rätter,0.0,g
6405,Gryta chili sin carne m. mykoprotein veg.,Linolensyra C18:3,Vegetabiliskt protein produkter och rätter,0.2,g
6405,Gryta chili sin carne m. mykoprotein veg.,Linolsyra C18:2,Vegetabiliskt protein produkter och rätter,0.6,g
6405,Gryta chili sin carne m. mykoprotein veg.,Oljesyra C18:1,Vegetabiliskt protein produkter och rätter,0.9,g
6405,Gryta chili sin carne m. mykoprotein veg.,Stearinsyra C18:0,Vegetabiliskt protein produkter och rätter,0.1,g
6405,Gryta chili sin carne m. mykoprotein veg.,Palmitoljesyra C16:1,Vegetabiliskt protein produkter och rätter,0.0,g
6405,Gryta chili sin carne m. mykoprotein veg.,Palmitinsyra C16:0,Vegetabiliskt protein produkter och rätter,0.2,g
6405,Gryta chili sin carne m. mykoprotein veg.,Myristinsyra C14:0,Vegetabiliskt protein produkter och rätter,0.0,g
6405,Gryta chili sin carne m. mykoprotein veg.,Laurinsyra C12:0,Vegetabiliskt protein produkter och rätter,0.0,g
6405,Gryta chili sin carne m. mykoprotein veg.,Betakaroten/β-Karoten,Vegetabiliskt protein produkter och rätter,186.0,µg
6405,Gryta chili sin carne m. mykoprotein veg.,Avfall (skal etc.),Vegetabiliskt protein produkter och rätter,2.0,%
6405,Gryta chili sin carne m. mykoprotein veg.,Aska,Vegetabiliskt protein produkter och rätter,1.9,g
6405,Gryta chili sin carne m. mykoprotein veg.,Alkohol,Vegetabiliskt protein produkter och rätter,0.0,g
6406,Gryta chili con soja veg.,"Zink, Zn",Vegetabiliskt protein produkter och rätter,0.6,mg
6406,Gryta chili con soja veg.,Vitamin E,Vegetabiliskt protein produkter och rätter,1.7,mg
6406,Gryta chili con soja veg.,Vitamin D,Vegetabiliskt protein produkter och rätter,0.06,µg
6406,Gryta chili con soja veg.,Vitamin C,Vegetabiliskt protein produkter och rätter,8.1,mg
6406,Gryta chili con soja veg.,Vitamin B6,Vegetabiliskt protein produkter och rätter,0.09,mg
6406,Gryta chili con soja veg.,Vitamin B12,Vegetabiliskt protein produkter och rätter,0.0,µg
6406,Gryta chili con soja veg.,Vitamin A,Vegetabiliskt protein produkter och rätter,20.4,RE/µg
6406,Gryta chili con soja veg.,Vatten,Vegetabiliskt protein produkter och rätter,74.0,g
6406,Gryta chili con soja veg.,Tiamin,Vegetabiliskt protein produkter och rätter,0.04,mg
6406,Gryta chili con soja veg.,Tillsatt socker,Vegetabiliskt protein produkter och rätter,0.0,g
6406,Gryta chili con soja veg.,Fritt socker,Vegetabiliskt protein produkter och rätter,0.0,g
6406,Gryta chili con soja veg.,"Selen, Se",Vegetabiliskt protein produkter och rätter,2.1,µg
6406,Gryta chili con soja veg.,Sackaros,Vegetabiliskt protein produkter och rätter,0.6,g
6406,Gryta chili con soja veg.,Riboflavin,Vegetabiliskt protein produkter och rätter,0.04,mg
6406,Gryta chili con soja veg.,Retinol,Vegetabiliskt protein produkter och rätter,2.0,µg
6406,Gryta chili con soja veg.,Protein,Vegetabiliskt protein produkter och rätter,6.8,g
6406,Gryta chili con soja veg.,Summa fleromättade fettsyror,Vegetabiliskt protein produkter och rätter,1.1,g
6406,Gryta chili con soja veg.,"Fosfor, P",Vegetabiliskt protein produkter och rätter,90.0,mg
6406,Gryta chili con soja veg.,Niacinekvivalenter,Vegetabiliskt protein produkter och rätter,1.72,NE/mg
6406,Gryta chili con soja veg.,Niacin,Vegetabiliskt protein produkter och rätter,0.6,mg
6406,Gryta chili con soja veg.,"Salt, NaCl",Vegetabiliskt protein produkter och rätter,1.1,g
6406,Gryta chili con soja veg.,"Natrium, Na",Vegetabiliskt protein produkter och rätter,431.0,mg
6406,Gryta chili con soja veg.,Monosackarider,Vegetabiliskt protein produkter och rätter,1.6,g
6406,Gryta chili con soja veg.,"Sockerarter, totalt",Vegetabiliskt protein produkter och rätter,2.3,g
6406,Gryta chili con soja veg.,Summa enkelomättade fettsyror,Vegetabiliskt protein produkter och rätter,1.8,g
6406,Gryta chili con soja veg.,"Magnesium, Mg",Vegetabiliskt protein produkter och rätter,35.0,mg
6406,Gryta chili con soja veg.,Summa mättade fettsyror,Vegetabiliskt protein produkter och rätter,0.4,g
6406,Gryta chili con soja veg.,"Kolhydrater, tillgängliga",Vegetabiliskt protein produkter och rätter,9.0,g
6406,Gryta chili con soja veg.,Kolesterol,Vegetabiliskt protein produkter och rätter,0.0,mg
6406,Gryta chili con soja veg.,"Kalium, K",Vegetabiliskt protein produkter och rätter,277.0,mg
6406,Gryta chili con soja veg.,"Jod, I",Vegetabiliskt protein produkter och rätter,20.4,µg
6406,Gryta chili con soja veg.,Fullkorn totalt,Vegetabiliskt protein produkter och rätter,0.0,g
6406,Gryta chili con soja veg.,"Folat, totalt",Vegetabiliskt protein produkter och rätter,29.8,µg
6406,Gryta chili con soja veg.,Fibrer,Vegetabiliskt protein produkter och rätter,4.6,g
6406,Gryta chili con soja veg.,"Fett, totalt",Vegetabiliskt protein produkter och rätter,3.5,g
6406,Gryta chili con soja veg.,"Järn, Fe",Vegetabiliskt protein produkter och rätter,1.5,mg
6406,Gryta chili con soja veg.,Energi (kJ),Vegetabiliskt protein produkter och rätter,436.0,kJ
6406,Gryta chili con soja veg.,Energi (kcal),Vegetabiliskt protein produkter och rätter,104.0,kcal
6406,Gryta chili con soja veg.,Disackarider,Vegetabiliskt protein produkter och rätter,0.6,g
6406,Gryta chili con soja veg.,"Kalcium, Ca",Vegetabiliskt protein produkter och rätter,56.0,mg
6406,Gryta chili con soja veg.,Fettsyra 4:0-10:0,Vegetabiliskt protein produkter och rätter,0.0,g
6406,Gryta chili con soja veg.,DHA (C22:6),Vegetabiliskt protein produkter och rätter,0.0,g
6406,Gryta chili con soja veg.,DPA (C22:5),Vegetabiliskt protein produkter och rätter,0.0,g
6406,Gryta chili con soja veg.,EPA (C20:5),Vegetabiliskt protein produkter och rätter,0.0,g
6406,Gryta chili con soja veg.,Arakidonsyra C20:4,Vegetabiliskt protein produkter och rätter,0.0,g
6406,Gryta chili con soja veg.,Arakidinsyra C20:0,Vegetabiliskt protein produkter och rätter,0.0,g
6406,Gryta chili con soja veg.,Linolensyra C18:3,Vegetabiliskt protein produkter och rätter,0.3,g
6406,Gryta chili con soja veg.,Linolsyra C18:2,Vegetabiliskt protein produkter och rätter,0.7,g
6406,Gryta chili con soja veg.,Oljesyra C18:1,Vegetabiliskt protein produkter och rätter,1.8,g
6406,Gryta chili con soja veg.,Stearinsyra C18:0,Vegetabiliskt protein produkter och rätter,0.1,g
6406,Gryta chili con soja veg.,Palmitoljesyra C16:1,Vegetabiliskt protein produkter och rätter,0.0,g
6406,Gryta chili con soja veg.,Palmitinsyra C16:0,Vegetabiliskt protein produkter och rätter,0.2,g
6406,Gryta chili con soja veg.,Myristinsyra C14:0,Vegetabiliskt protein produkter och rätter,0.0,g
6406,Gryta chili con soja veg.,Laurinsyra C12:0,Vegetabiliskt protein produkter och rätter,0.1,g
6406,Gryta chili con soja veg.,Betakaroten/β-Karoten,Vegetabiliskt protein produkter och rätter,184.0,µg
6406,Gryta chili con soja veg.,Avfall (skal etc.),Vegetabiliskt protein produkter och rätter,2.0,%
6406,Gryta chili con soja veg.,Aska,Vegetabiliskt protein produkter och rätter,2.0,g
6406,Gryta chili con soja veg.,Alkohol,Vegetabiliskt protein produkter och rätter,0.0,g
6407,Mykoproteinfärssås veg. ,"Zink, Zn",Vegetabiliskt protein produkter och rätter,3.2,mg
6407,Mykoproteinfärssås veg. ,Vitamin E,Vegetabiliskt protein produkter och rätter,1.7,mg
6407,Mykoproteinfärssås veg. ,Vitamin D,Vegetabiliskt protein produkter och rätter,0.09,µg
6407,Mykoproteinfärssås veg. ,Vitamin C,Vegetabiliskt protein produkter och rätter,5.8,mg
6407,Mykoproteinfärssås veg. ,Vitamin B6,Vegetabiliskt protein produkter och rätter,0.14,mg
6407,Mykoproteinfärssås veg. ,Vitamin B12,Vegetabiliskt protein produkter och rätter,0.0,µg
6407,Mykoproteinfärssås veg. ,Vitamin A,Vegetabiliskt protein produkter och rätter,33.4,RE/µg
6407,Mykoproteinfärssås veg. ,Vatten,Vegetabiliskt protein produkter och rätter,76.2,g
6407,Mykoproteinfärssås veg. ,Tiamin,Vegetabiliskt protein produkter och rätter,0.07,mg
6407,Mykoproteinfärssås veg. ,Tillsatt socker,Vegetabiliskt protein produkter och rätter,0.0,g
6407,Mykoproteinfärssås veg. ,Fritt socker,Vegetabiliskt protein produkter och rätter,1.0,g
6407,Mykoproteinfärssås veg. ,"Selen, Se",Vegetabiliskt protein produkter och rätter,0.1,µg
6407,Mykoproteinfärssås veg. ,Sackaros,Vegetabiliskt protein produkter och rätter,0.4,g
6407,Mykoproteinfärssås veg. ,Riboflavin,Vegetabiliskt protein produkter och rätter,0.18,mg
6407,Mykoproteinfärssås veg. ,Retinol,Vegetabiliskt protein produkter och rätter,2.7,µg
6407,Mykoproteinfärssås veg. ,Protein,Vegetabiliskt protein produkter och rätter,8.1,g
6407,Mykoproteinfärssås veg. ,Summa fleromättade fettsyror,Vegetabiliskt protein produkter och rätter,0.9,g
6407,Mykoproteinfärssås veg. ,"Fosfor, P",Vegetabiliskt protein produkter och rätter,134.0,mg
6407,Mykoproteinfärssås veg. ,Niacinekvivalenter,Vegetabiliskt protein produkter och rätter,2.48,NE/mg
6407,Mykoproteinfärssås veg. ,Niacin,Vegetabiliskt protein produkter och rätter,1.12,mg
6407,Mykoproteinfärssås veg. ,"Salt, NaCl",Vegetabiliskt protein produkter och rätter,2.0,g
6407,Mykoproteinfärssås veg. ,"Natrium, Na",Vegetabiliskt protein produkter och rätter,797.0,mg
6407,Mykoproteinfärssås veg. ,Monosackarider,Vegetabiliskt protein produkter och rätter,3.5,g
6407,Mykoproteinfärssås veg. ,"Sockerarter, totalt",Vegetabiliskt protein produkter och rätter,3.9,g
6407,Mykoproteinfärssås veg. ,Summa enkelomättade fettsyror,Vegetabiliskt protein produkter och rätter,1.3,g
6407,Mykoproteinfärssås veg. ,"Magnesium, Mg",Vegetabiliskt protein produkter och rätter,33.0,mg
6407,Mykoproteinfärssås veg. ,Summa mättade fettsyror,Vegetabiliskt protein produkter och rätter,0.5,g
6407,Mykoproteinfärssås veg. ,"Kolhydrater, tillgängliga",Vegetabiliskt protein produkter och rätter,6.0,g
6407,Mykoproteinfärssås veg. ,Kolesterol,Vegetabiliskt protein produkter och rätter,0.0,mg
6407,Mykoproteinfärssås veg. ,"Kalium, K",Vegetabiliskt protein produkter och rätter,270.0,mg
6407,Mykoproteinfärssås veg. ,"Jod, I",Vegetabiliskt protein produkter och rätter,27.8,µg
6407,Mykoproteinfärssås veg. ,Fullkorn totalt,Vegetabiliskt protein produkter och rätter,0.0,g
6407,Mykoproteinfärssås veg. ,"Folat, totalt",Vegetabiliskt protein produkter och rätter,68.4,µg
6407,Mykoproteinfärssås veg. ,Fibrer,Vegetabiliskt protein produkter och rätter,3.5,g
6407,Mykoproteinfärssås veg. ,"Fett, totalt",Vegetabiliskt protein produkter och rätter,3.0,g
6407,Mykoproteinfärssås veg. ,"Järn, Fe",Vegetabiliskt protein produkter och rätter,0.9,mg
6407,Mykoproteinfärssås veg. ,Energi (kJ),Vegetabiliskt protein produkter och rätter,379.0,kJ
6407,Mykoproteinfärssås veg. ,Energi (kcal),Vegetabiliskt protein produkter och rätter,90.0,kcal
6407,Mykoproteinfärssås veg. ,Disackarider,Vegetabiliskt protein produkter och rätter,0.4,g
6407,Mykoproteinfärssås veg. ,"Kalcium, Ca",Vegetabiliskt protein produkter och rätter,101.0,mg
6407,Mykoproteinfärssås veg. ,Fettsyra 4:0-10:0,Vegetabiliskt protein produkter och rätter,0.0,g
6407,Mykoproteinfärssås veg. ,DHA (C22:6),Vegetabiliskt protein produkter och rätter,0.0,g
6407,Mykoproteinfärssås veg. ,DPA (C22:5),Vegetabiliskt protein produkter och rätter,0.0,g
6407,Mykoproteinfärssås veg. ,EPA (C20:5),Vegetabiliskt protein produkter och rätter,0.0,g
6407,Mykoproteinfärssås veg. ,Arakidonsyra C20:4,Vegetabiliskt protein produkter och rätter,0.0,g
6407,Mykoproteinfärssås veg. ,Arakidinsyra C20:0,Vegetabiliskt protein produkter och rätter,0.0,g
6407,Mykoproteinfärssås veg. ,Linolensyra C18:3,Vegetabiliskt protein produkter och rätter,0.2,g
6407,Mykoproteinfärssås veg. ,Linolsyra C18:2,Vegetabiliskt protein produkter och rätter,0.8,g
6407,Mykoproteinfärssås veg. ,Oljesyra C18:1,Vegetabiliskt protein produkter och rätter,1.3,g
6407,Mykoproteinfärssås veg. ,Stearinsyra C18:0,Vegetabiliskt protein produkter och rätter,0.1,g
6407,Mykoproteinfärssås veg. ,Palmitoljesyra C16:1,Vegetabiliskt protein produkter och rätter,0.0,g
6407,Mykoproteinfärssås veg. ,Palmitinsyra C16:0,Vegetabiliskt protein produkter och rätter,0.3,g
6407,Mykoproteinfärssås veg. ,Myristinsyra C14:0,Vegetabiliskt protein produkter och rätter,0.0,g
6407,Mykoproteinfärssås veg. ,Laurinsyra C12:0,Vegetabiliskt protein produkter och rätter,0.0,g
6407,Mykoproteinfärssås veg. ,Betakaroten/β-Karoten,Vegetabiliskt protein produkter och rätter,322.0,µg
6407,Mykoproteinfärssås veg. ,Avfall (skal etc.),Vegetabiliskt protein produkter och rätter,1.0,%
6407,Mykoproteinfärssås veg. ,Aska,Vegetabiliskt protein produkter och rätter,3.2,g
6407,Mykoproteinfärssås veg. ,Alkohol,Vegetabiliskt protein produkter och rätter,0.0,g
6408,Gryta böngryta provencale m. potatis rotselleri vitt vin crème fraiche veg.,"Zink, Zn",Grönsaks- rotfrukts- baljväxträtter o produkter,0.4,mg
6408,Gryta böngryta provencale m. potatis rotselleri vitt vin crème fraiche veg.,Vitamin E,Grönsaks- rotfrukts- baljväxträtter o produkter,0.4,mg
6408,Gryta böngryta provencale m. potatis rotselleri vitt vin crème fraiche veg.,Vitamin D,Grönsaks- rotfrukts- baljväxträtter o produkter,0.0,µg
6408,Gryta böngryta provencale m. potatis rotselleri vitt vin crème fraiche veg.,Vitamin C,Grönsaks- rotfrukts- baljväxträtter o produkter,4.1,mg
6408,Gryta böngryta provencale m. potatis rotselleri vitt vin crème fraiche veg.,Vitamin B6,Grönsaks- rotfrukts- baljväxträtter o produkter,0.08,mg
6408,Gryta böngryta provencale m. potatis rotselleri vitt vin crème fraiche veg.,Vitamin B12,Grönsaks- rotfrukts- baljväxträtter o produkter,0.0,µg
6408,Gryta böngryta provencale m. potatis rotselleri vitt vin crème fraiche veg.,Vitamin A,Grönsaks- rotfrukts- baljväxträtter o produkter,31.5,RE/µg
6408,Gryta böngryta provencale m. potatis rotselleri vitt vin crème fraiche veg.,Vatten,Grönsaks- rotfrukts- baljväxträtter o produkter,77.5,g
6408,Gryta böngryta provencale m. potatis rotselleri vitt vin crème fraiche veg.,Tiamin,Grönsaks- rotfrukts- baljväxträtter o produkter,0.03,mg
6408,Gryta böngryta provencale m. potatis rotselleri vitt vin crème fraiche veg.,Tillsatt socker,Grönsaks- rotfrukts- baljväxträtter o produkter,0.0,g
6408,Gryta böngryta provencale m. potatis rotselleri vitt vin crème fraiche veg.,Fritt socker,Grönsaks- rotfrukts- baljväxträtter o produkter,0.0,g
6408,Gryta böngryta provencale m. potatis rotselleri vitt vin crème fraiche veg.,"Selen, Se",Grönsaks- rotfrukts- baljväxträtter o produkter,1.9,µg
6408,Gryta böngryta provencale m. potatis rotselleri vitt vin crème fraiche veg.,Sackaros,Grönsaks- rotfrukts- baljväxträtter o produkter,0.6,g
6408,Gryta böngryta provencale m. potatis rotselleri vitt vin crème fraiche veg.,Riboflavin,Grönsaks- rotfrukts- baljväxträtter o produkter,0.03,mg
6408,Gryta böngryta provencale m. potatis rotselleri vitt vin crème fraiche veg.,Retinol,Grönsaks- rotfrukts- baljväxträtter o produkter,28.0,µg
6408,Gryta böngryta provencale m. potatis rotselleri vitt vin crème fraiche veg.,Protein,Grönsaks- rotfrukts- baljväxträtter o produkter,3.6,g
6408,Gryta böngryta provencale m. potatis rotselleri vitt vin crème fraiche veg.,Summa fleromättade fettsyror,Grönsaks- rotfrukts- baljväxträtter o produkter,0.4,g
6408,Gryta böngryta provencale m. potatis rotselleri vitt vin crème fraiche veg.,"Fosfor, P",Grönsaks- rotfrukts- baljväxträtter o produkter,58.0,mg
6408,Gryta böngryta provencale m. potatis rotselleri vitt vin crème fraiche veg.,Niacinekvivalenter,Grönsaks- rotfrukts- baljväxträtter o produkter,1.26,NE/mg
6408,Gryta böngryta provencale m. potatis rotselleri vitt vin crème fraiche veg.,Niacin,Grönsaks- rotfrukts- baljväxträtter o produkter,0.66,mg
6408,Gryta böngryta provencale m. potatis rotselleri vitt vin crème fraiche veg.,"Salt, NaCl",Grönsaks- rotfrukts- baljväxträtter o produkter,0.6,g
6408,Gryta böngryta provencale m. potatis rotselleri vitt vin crème fraiche veg.,"Natrium, Na",Grönsaks- rotfrukts- baljväxträtter o produkter,235.0,mg
6408,Gryta böngryta provencale m. potatis rotselleri vitt vin crème fraiche veg.,Monosackarider,Grönsaks- rotfrukts- baljväxträtter o produkter,0.6,g
6408,Gryta böngryta provencale m. potatis rotselleri vitt vin crème fraiche veg.,"Sockerarter, totalt",Grönsaks- rotfrukts- baljväxträtter o produkter,1.4,g
6408,Gryta böngryta provencale m. potatis rotselleri vitt vin crème fraiche veg.,Summa enkelomättade fettsyror,Grönsaks- rotfrukts- baljväxträtter o produkter,1.1,g
6408,Gryta böngryta provencale m. potatis rotselleri vitt vin crème fraiche veg.,"Magnesium, Mg",Grönsaks- rotfrukts- baljväxträtter o produkter,20.0,mg
6408,Gryta böngryta provencale m. potatis rotselleri vitt vin crème fraiche veg.,Summa mättade fettsyror,Grönsaks- rotfrukts- baljväxträtter o produkter,2.2,g
6408,Gryta böngryta provencale m. potatis rotselleri vitt vin crème fraiche veg.,"Kolhydrater, tillgängliga",Grönsaks- rotfrukts- baljväxträtter o produkter,10.1,g
6408,Gryta böngryta provencale m. potatis rotselleri vitt vin crème fraiche veg.,Kolesterol,Grönsaks- rotfrukts- baljväxträtter o produkter,4.5,mg
6408,Gryta böngryta provencale m. potatis rotselleri vitt vin crème fraiche veg.,"Kalium, K",Grönsaks- rotfrukts- baljväxträtter o produkter,167.0,mg
6408,Gryta böngryta provencale m. potatis rotselleri vitt vin crème fraiche veg.,"Jod, I",Grönsaks- rotfrukts- baljväxträtter o produkter,2.4,µg
6408,Gryta böngryta provencale m. potatis rotselleri vitt vin crème fraiche veg.,Fullkorn totalt,Grönsaks- rotfrukts- baljväxträtter o produkter,0.0,g
6408,Gryta böngryta provencale m. potatis rotselleri vitt vin crème fraiche veg.,"Folat, totalt",Grönsaks- rotfrukts- baljväxträtter o produkter,15.8,µg
6408,Gryta böngryta provencale m. potatis rotselleri vitt vin crème fraiche veg.,Fibrer,Grönsaks- rotfrukts- baljväxträtter o produkter,3.2,g
6408,Gryta böngryta provencale m. potatis rotselleri vitt vin crème fraiche veg.,"Fett, totalt",Grönsaks- rotfrukts- baljväxträtter o produkter,4.0,g
6408,Gryta böngryta provencale m. potatis rotselleri vitt vin crème fraiche veg.,"Järn, Fe",Grönsaks- rotfrukts- baljväxträtter o produkter,0.8,mg
6408,Gryta böngryta provencale m. potatis rotselleri vitt vin crème fraiche veg.,Energi (kJ),Grönsaks- rotfrukts- baljväxträtter o produkter,411.0,kJ
6408,Gryta böngryta provencale m. potatis rotselleri vitt vin crème fraiche veg.,Energi (kcal),Grönsaks- rotfrukts- baljväxträtter o produkter,98.0,kcal
6408,Gryta böngryta provencale m. potatis rotselleri vitt vin crème fraiche veg.,Disackarider,Grönsaks- rotfrukts- baljväxträtter o produkter,0.8,g
6408,Gryta böngryta provencale m. potatis rotselleri vitt vin crème fraiche veg.,"Kalcium, Ca",Grönsaks- rotfrukts- baljväxträtter o produkter,37.0,mg
6408,Gryta böngryta provencale m. potatis rotselleri vitt vin crème fraiche veg.,Fettsyra 4:0-10:0,Grönsaks- rotfrukts- baljväxträtter o produkter,0.2,g
6408,Gryta böngryta provencale m. potatis rotselleri vitt vin crème fraiche veg.,DHA (C22:6),Grönsaks- rotfrukts- baljväxträtter o produkter,0.0,g
6408,Gryta böngryta provencale m. potatis rotselleri vitt vin crème fraiche veg.,DPA (C22:5),Grönsaks- rotfrukts- baljväxträtter o produkter,0.0,g
6408,Gryta böngryta provencale m. potatis rotselleri vitt vin crème fraiche veg.,EPA (C20:5),Grönsaks- rotfrukts- baljväxträtter o produkter,0.0,g
6408,Gryta böngryta provencale m. potatis rotselleri vitt vin crème fraiche veg.,Arakidonsyra C20:4,Grönsaks- rotfrukts- baljväxträtter o produkter,0.0,g
6408,Gryta böngryta provencale m. potatis rotselleri vitt vin crème fraiche veg.,Arakidinsyra C20:0,Grönsaks- rotfrukts- baljväxträtter o produkter,0.0,g
6408,Gryta böngryta provencale m. potatis rotselleri vitt vin crème fraiche veg.,Linolensyra C18:3,Grönsaks- rotfrukts- baljväxträtter o produkter,0.1,g
6408,Gryta böngryta provencale m. potatis rotselleri vitt vin crème fraiche veg.,Linolsyra C18:2,Grönsaks- rotfrukts- baljväxträtter o produkter,0.3,g
6408,Gryta böngryta provencale m. potatis rotselleri vitt vin crème fraiche veg.,Oljesyra C18:1,Grönsaks- rotfrukts- baljväxträtter o produkter,1.0,g
6408,Gryta böngryta provencale m. potatis rotselleri vitt vin crème fraiche veg.,Stearinsyra C18:0,Grönsaks- rotfrukts- baljväxträtter o produkter,0.4,g
6408,Gryta böngryta provencale m. potatis rotselleri vitt vin crème fraiche veg.,Palmitoljesyra C16:1,Grönsaks- rotfrukts- baljväxträtter o produkter,0.1,g
6408,Gryta böngryta provencale m. potatis rotselleri vitt vin crème fraiche veg.,Palmitinsyra C16:0,Grönsaks- rotfrukts- baljväxträtter o produkter,1.1,g
6408,Gryta böngryta provencale m. potatis rotselleri vitt vin crème fraiche veg.,Myristinsyra C14:0,Grönsaks- rotfrukts- baljväxträtter o produkter,0.4,g
6408,Gryta böngryta provencale m. potatis rotselleri vitt vin crème fraiche veg.,Laurinsyra C12:0,Grönsaks- rotfrukts- baljväxträtter o produkter,0.1,g
6408,Gryta böngryta provencale m. potatis rotselleri vitt vin crème fraiche veg.,Betakaroten/β-Karoten,Grönsaks- rotfrukts- baljväxträtter o produkter,42.0,µg
6408,Gryta böngryta provencale m. potatis rotselleri vitt vin crème fraiche veg.,Avfall (skal etc.),Grönsaks- rotfrukts- baljväxträtter o produkter,6.0,%
6408,Gryta böngryta provencale m. potatis rotselleri vitt vin crème fraiche veg.,Aska,Grönsaks- rotfrukts- baljväxträtter o produkter,1.2,g
6408,Gryta böngryta provencale m. potatis rotselleri vitt vin crème fraiche veg.,Alkohol,Grönsaks- rotfrukts- baljväxträtter o produkter,0.16,g
6409,Gryta halloumigryta m. linser veg.,"Zink, Zn",Osträtter,1.1,mg
6409,Gryta halloumigryta m. linser veg.,Vitamin E,Osträtter,1.1,mg
6409,Gryta halloumigryta m. linser veg.,Vitamin D,Osträtter,0.04,µg
6409,Gryta halloumigryta m. linser veg.,Vitamin C,Osträtter,2.8,mg
6409,Gryta halloumigryta m. linser veg.,Vitamin B6,Osträtter,0.1,mg
6409,Gryta halloumigryta m. linser veg.,Vitamin B12,Osträtter,0.22,µg
6409,Gryta halloumigryta m. linser veg.,Vitamin A,Osträtter,185.8,RE/µg
6409,Gryta halloumigryta m. linser veg.,Vatten,Osträtter,69.9,g
6409,Gryta halloumigryta m. linser veg.,Tiamin,Osträtter,0.09,mg
6409,Gryta halloumigryta m. linser veg.,Tillsatt socker,Osträtter,1.0,g
6409,Gryta halloumigryta m. linser veg.,Fritt socker,Osträtter,1.0,g
6409,Gryta halloumigryta m. linser veg.,"Selen, Se",Osträtter,3.8,µg
6409,Gryta halloumigryta m. linser veg.,Sackaros,Osträtter,1.1,g
6409,Gryta halloumigryta m. linser veg.,Riboflavin,Osträtter,0.09,mg
6409,Gryta halloumigryta m. linser veg.,Retinol,Osträtter,63.1,µg
6409,Gryta halloumigryta m. linser veg.,Protein,Osträtter,7.7,g
6409,Gryta halloumigryta m. linser veg.,Summa fleromättade fettsyror,Osträtter,0.7,g
6409,Gryta halloumigryta m. linser veg.,"Fosfor, P",Osträtter,142.0,mg
6409,Gryta halloumigryta m. linser veg.,Niacinekvivalenter,Osträtter,2.24,NE/mg
6409,Gryta halloumigryta m. linser veg.,Niacin,Osträtter,0.64,mg
6409,Gryta halloumigryta m. linser veg.,"Salt, NaCl",Osträtter,1.8,g
6409,Gryta halloumigryta m. linser veg.,"Natrium, Na",Osträtter,711.0,mg
6409,Gryta halloumigryta m. linser veg.,Monosackarider,Osträtter,1.8,g
6409,Gryta halloumigryta m. linser veg.,"Sockerarter, totalt",Osträtter,4.0,g
6409,Gryta halloumigryta m. linser veg.,Summa enkelomättade fettsyror,Osträtter,2.5,g
6409,Gryta halloumigryta m. linser veg.,"Magnesium, Mg",Osträtter,23.0,mg
6409,Gryta halloumigryta m. linser veg.,Summa mättade fettsyror,Osträtter,5.0,g
6409,Gryta halloumigryta m. linser veg.,"Kolhydrater, tillgängliga",Osträtter,7.9,g
6409,Gryta halloumigryta m. linser veg.,Kolesterol,Osträtter,22.5,mg
6409,Gryta halloumigryta m. linser veg.,"Kalium, K",Osträtter,230.0,mg
6409,Gryta halloumigryta m. linser veg.,"Jod, I",Osträtter,41.1,µg
6409,Gryta halloumigryta m. linser veg.,Fullkorn totalt,Osträtter,0.0,g
6409,Gryta halloumigryta m. linser veg.,"Folat, totalt",Osträtter,26.9,µg
6409,Gryta halloumigryta m. linser veg.,Fibrer,Osträtter,2.9,g
6409,Gryta halloumigryta m. linser veg.,"Fett, totalt",Osträtter,8.8,g
6409,Gryta halloumigryta m. linser veg.,"Järn, Fe",Osträtter,0.9,mg
6409,Gryta halloumigryta m. linser veg.,Energi (kJ),Osträtter,615.0,kJ
6409,Gryta halloumigryta m. linser veg.,Energi (kcal),Osträtter,147.0,kcal
6409,Gryta halloumigryta m. linser veg.,Disackarider,Osträtter,2.2,g
6409,Gryta halloumigryta m. linser veg.,"Kalcium, Ca",Osträtter,153.0,mg
6409,Gryta halloumigryta m. linser veg.,Fettsyra 4:0-10:0,Osträtter,0.6,g
6409,Gryta halloumigryta m. linser veg.,DHA (C22:6),Osträtter,0.0,g
6409,Gryta halloumigryta m. linser veg.,DPA (C22:5),Osträtter,0.0,g
6409,Gryta halloumigryta m. linser veg.,EPA (C20:5),Osträtter,0.0,g
6409,Gryta halloumigryta m. linser veg.,Arakidonsyra C20:4,Osträtter,0.0,g
6409,Gryta halloumigryta m. linser veg.,Arakidinsyra C20:0,Osträtter,0.0,g
6409,Gryta halloumigryta m. linser veg.,Linolensyra C18:3,Osträtter,0.2,g
6409,Gryta halloumigryta m. linser veg.,Linolsyra C18:2,Osträtter,0.5,g
6409,Gryta halloumigryta m. linser veg.,Oljesyra C18:1,Osträtter,2.2,g
6409,Gryta halloumigryta m. linser veg.,Stearinsyra C18:0,Osträtter,0.7,g
6409,Gryta halloumigryta m. linser veg.,Palmitoljesyra C16:1,Osträtter,0.1,g
6409,Gryta halloumigryta m. linser veg.,Palmitinsyra C16:0,Osträtter,2.3,g
6409,Gryta halloumigryta m. linser veg.,Myristinsyra C14:0,Osträtter,0.8,g
6409,Gryta halloumigryta m. linser veg.,Laurinsyra C12:0,Osträtter,0.2,g
6409,Gryta halloumigryta m. linser veg.,Betakaroten/β-Karoten,Osträtter,1260.0,µg
6409,Gryta halloumigryta m. linser veg.,Avfall (skal etc.),Osträtter,1.0,%
6409,Gryta halloumigryta m. linser veg.,Aska,Osträtter,2.7,g
6409,Gryta halloumigryta m. linser veg.,Alkohol,Osträtter,0.0,g
6410,Halloumi stroganoff veg.,"Zink, Zn",Osträtter,2.1,mg
6410,Halloumi stroganoff veg.,Vitamin E,Osträtter,1.1,mg
6410,Halloumi stroganoff veg.,Vitamin D,Osträtter,0.19,µg
6410,Halloumi stroganoff veg.,Vitamin C,Osträtter,2.4,mg
6410,Halloumi stroganoff veg.,Vitamin B6,Osträtter,0.05,mg
6410,Halloumi stroganoff veg.,Vitamin B12,Osträtter,0.48,µg
6410,Halloumi stroganoff veg.,Vitamin A,Osträtter,172.7,RE/µg
6410,Halloumi stroganoff veg.,Vatten,Osträtter,55.6,g
6410,Halloumi stroganoff veg.,Tiamin,Osträtter,0.05,mg
6410,Halloumi stroganoff veg.,Tillsatt socker,Osträtter,0.0,g
6410,Halloumi stroganoff veg.,Fritt socker,Osträtter,0.0,g
6410,Halloumi stroganoff veg.,"Selen, Se",Osträtter,7.3,µg
6410,Halloumi stroganoff veg.,Sackaros,Osträtter,0.2,g
6410,Halloumi stroganoff veg.,Riboflavin,Osträtter,0.18,mg
6410,Halloumi stroganoff veg.,Retinol,Osträtter,159.2,µg
6410,Halloumi stroganoff veg.,Protein,Osträtter,15.8,g
6410,Halloumi stroganoff veg.,Summa fleromättade fettsyror,Osträtter,1.1,g
6410,Halloumi stroganoff veg.,"Fosfor, P",Osträtter,298.0,mg
6410,Halloumi stroganoff veg.,Niacinekvivalenter,Osträtter,3.92,NE/mg
6410,Halloumi stroganoff veg.,Niacin,Osträtter,0.25,mg
6410,Halloumi stroganoff veg.,"Salt, NaCl",Osträtter,3.4,g
6410,Halloumi stroganoff veg.,"Natrium, Na",Osträtter,1373.0,mg
6410,Halloumi stroganoff veg.,Monosackarider,Osträtter,1.1,g
6410,Halloumi stroganoff veg.,"Sockerarter, totalt",Osträtter,2.8,g
6410,Halloumi stroganoff veg.,Summa enkelomättade fettsyror,Osträtter,4.9,g
6410,Halloumi stroganoff veg.,"Magnesium, Mg",Osträtter,30.0,mg
6410,Halloumi stroganoff veg.,Summa mättade fettsyror,Osträtter,12.2,g
6410,Halloumi stroganoff veg.,"Kolhydrater, tillgängliga",Osträtter,3.9,g
6410,Halloumi stroganoff veg.,Kolesterol,Osträtter,57.1,mg
6410,Halloumi stroganoff veg.,"Kalium, K",Osträtter,145.0,mg
6410,Halloumi stroganoff veg.,"Jod, I",Osträtter,58.8,µg
6410,Halloumi stroganoff veg.,Fullkorn totalt,Osträtter,0.0,g
6410,Halloumi stroganoff veg.,"Folat, totalt",Osträtter,6.4,µg
6410,Halloumi stroganoff veg.,Fibrer,Osträtter,0.5,g
6410,Halloumi stroganoff veg.,"Fett, totalt",Osträtter,19.6,g
6410,Halloumi stroganoff veg.,"Järn, Fe",Osträtter,0.3,mg
6410,Halloumi stroganoff veg.,Energi (kJ),Osträtter,1064.0,kJ
6410,Halloumi stroganoff veg.,Energi (kcal),Osträtter,255.0,kcal
6410,Halloumi stroganoff veg.,Disackarider,Osträtter,1.6,g
6410,Halloumi stroganoff veg.,"Kalcium, Ca",Osträtter,454.0,mg
6410,Halloumi stroganoff veg.,Fettsyra 4:0-10:0,Osträtter,1.7,g
6410,Halloumi stroganoff veg.,DHA (C22:6),Osträtter,0.0,g
6410,Halloumi stroganoff veg.,DPA (C22:5),Osträtter,0.0,g
6410,Halloumi stroganoff veg.,EPA (C20:5),Osträtter,0.0,g
6410,Halloumi stroganoff veg.,Arakidonsyra C20:4,Osträtter,0.0,g
6410,Halloumi stroganoff veg.,Arakidinsyra C20:0,Osträtter,0.0,g
6410,Halloumi stroganoff veg.,Linolensyra C18:3,Osträtter,0.2,g
6410,Halloumi stroganoff veg.,Linolsyra C18:2,Osträtter,0.8,g
6410,Halloumi stroganoff veg.,Oljesyra C18:1,Osträtter,4.3,g
6410,Halloumi stroganoff veg.,Stearinsyra C18:0,Osträtter,1.7,g
6410,Halloumi stroganoff veg.,Palmitoljesyra C16:1,Osträtter,0.3,g
6410,Halloumi stroganoff veg.,Palmitinsyra C16:0,Osträtter,5.7,g
6410,Halloumi stroganoff veg.,Myristinsyra C14:0,Osträtter,1.9,g
6410,Halloumi stroganoff veg.,Laurinsyra C12:0,Osträtter,0.6,g
6410,Halloumi stroganoff veg.,Betakaroten/β-Karoten,Osträtter,126.0,µg
6410,Halloumi stroganoff veg.,Avfall (skal etc.),Osträtter,1.0,%
6410,Halloumi stroganoff veg.,Aska,Osträtter,4.7,g
6410,Halloumi stroganoff veg.,Alkohol,Osträtter,0.0,g
6411,Gryta halloumigryta m. aubergine veg.,"Zink, Zn",Osträtter,1.0,mg
6411,Gryta halloumigryta m. aubergine veg.,Vitamin E,Osträtter,1.5,mg
6411,Gryta halloumigryta m. aubergine veg.,Vitamin D,Osträtter,0.05,µg
6411,Gryta halloumigryta m. aubergine veg.,Vitamin C,Osträtter,13.3,mg
6411,Gryta halloumigryta m. aubergine veg.,Vitamin B6,Osträtter,0.09,mg
6411,Gryta halloumigryta m. aubergine veg.,Vitamin B12,Osträtter,0.17,µg
6411,Gryta halloumigryta m. aubergine veg.,Vitamin A,Osträtter,79.2,RE/µg
6411,Gryta halloumigryta m. aubergine veg.,Vatten,Osträtter,77.0,g
6411,Gryta halloumigryta m. aubergine veg.,Tiamin,Osträtter,0.02,mg
6411,Gryta halloumigryta m. aubergine veg.,Tillsatt socker,Osträtter,0.0,g
6411,Gryta halloumigryta m. aubergine veg.,Fritt socker,Osträtter,1.0,g
6411,Gryta halloumigryta m. aubergine veg.,"Selen, Se",Osträtter,3.1,µg
6411,Gryta halloumigryta m. aubergine veg.,Sackaros,Osträtter,0.2,g
6411,Gryta halloumigryta m. aubergine veg.,Riboflavin,Osträtter,0.08,mg
6411,Gryta halloumigryta m. aubergine veg.,Retinol,Osträtter,57.6,µg
6411,Gryta halloumigryta m. aubergine veg.,Protein,Osträtter,7.5,g
6411,Gryta halloumigryta m. aubergine veg.,Summa fleromättade fettsyror,Osträtter,0.4,g
6411,Gryta halloumigryta m. aubergine veg.,"Fosfor, P",Osträtter,143.0,mg
6411,Gryta halloumigryta m. aubergine veg.,Niacinekvivalenter,Osträtter,2.46,NE/mg
6411,Gryta halloumigryta m. aubergine veg.,Niacin,Osträtter,0.74,mg
6411,Gryta halloumigryta m. aubergine veg.,"Salt, NaCl",Osträtter,1.4,g
6411,Gryta halloumigryta m. aubergine veg.,"Natrium, Na",Osträtter,573.0,mg
6411,Gryta halloumigryta m. aubergine veg.,Monosackarider,Osträtter,3.2,g
6411,Gryta halloumigryta m. aubergine veg.,"Sockerarter, totalt",Osträtter,3.5,g
6411,Gryta halloumigryta m. aubergine veg.,Summa enkelomättade fettsyror,Osträtter,2.1,g
6411,Gryta halloumigryta m. aubergine veg.,"Magnesium, Mg",Osträtter,21.0,mg
6411,Gryta halloumigryta m. aubergine veg.,Summa mättade fettsyror,Osträtter,4.6,g
6411,Gryta halloumigryta m. aubergine veg.,"Kolhydrater, tillgängliga",Osträtter,4.1,g
6411,Gryta halloumigryta m. aubergine veg.,Kolesterol,Osträtter,21.3,mg
6411,Gryta halloumigryta m. aubergine veg.,"Kalium, K",Osträtter,183.0,mg
6411,Gryta halloumigryta m. aubergine veg.,"Jod, I",Osträtter,11.5,µg
6411,Gryta halloumigryta m. aubergine veg.,Fullkorn totalt,Osträtter,0.0,g
6411,Gryta halloumigryta m. aubergine veg.,"Folat, totalt",Osträtter,16.6,µg
6411,Gryta halloumigryta m. aubergine veg.,Fibrer,Osträtter,1.3,g
6411,Gryta halloumigryta m. aubergine veg.,"Fett, totalt",Osträtter,7.7,g
6411,Gryta halloumigryta m. aubergine veg.,"Järn, Fe",Osträtter,0.4,mg
6411,Gryta halloumigryta m. aubergine veg.,Energi (kJ),Osträtter,493.0,kJ
6411,Gryta halloumigryta m. aubergine veg.,Energi (kcal),Osträtter,118.0,kcal
6411,Gryta halloumigryta m. aubergine veg.,Disackarider,Osträtter,0.3,g
6411,Gryta halloumigryta m. aubergine veg.,"Kalcium, Ca",Osträtter,201.0,mg
6411,Gryta halloumigryta m. aubergine veg.,Fettsyra 4:0-10:0,Osträtter,0.7,g
6411,Gryta halloumigryta m. aubergine veg.,DHA (C22:6),Osträtter,0.0,g
6411,Gryta halloumigryta m. aubergine veg.,DPA (C22:5),Osträtter,0.0,g
6411,Gryta halloumigryta m. aubergine veg.,EPA (C20:5),Osträtter,0.0,g
6411,Gryta halloumigryta m. aubergine veg.,Arakidonsyra C20:4,Osträtter,0.0,g
6411,Gryta halloumigryta m. aubergine veg.,Arakidinsyra C20:0,Osträtter,0.0,g
6411,Gryta halloumigryta m. aubergine veg.,Linolensyra C18:3,Osträtter,0.0,g
6411,Gryta halloumigryta m. aubergine veg.,Linolsyra C18:2,Osträtter,0.3,g
6411,Gryta halloumigryta m. aubergine veg.,Oljesyra C18:1,Osträtter,1.9,g
6411,Gryta halloumigryta m. aubergine veg.,Stearinsyra C18:0,Osträtter,0.6,g
6411,Gryta halloumigryta m. aubergine veg.,Palmitoljesyra C16:1,Osträtter,0.1,g
6411,Gryta halloumigryta m. aubergine veg.,Palmitinsyra C16:0,Osträtter,2.2,g
6411,Gryta halloumigryta m. aubergine veg.,Myristinsyra C14:0,Osträtter,0.7,g
6411,Gryta halloumigryta m. aubergine veg.,Laurinsyra C12:0,Osträtter,0.2,g
6411,Gryta halloumigryta m. aubergine veg.,Betakaroten/β-Karoten,Osträtter,251.0,µg
6411,Gryta halloumigryta m. aubergine veg.,Avfall (skal etc.),Osträtter,2.0,%
6411,Gryta halloumigryta m. aubergine veg.,Aska,Osträtter,2.4,g
6411,Gryta halloumigryta m. aubergine veg.,Alkohol,Osträtter,0.0,g
6412,Gryta mykoprotein m. grönsaker veg.,"Zink, Zn",Vegetabiliskt protein produkter och rätter,1.9,mg
6412,Gryta mykoprotein m. grönsaker veg.,Vitamin E,Vegetabiliskt protein produkter och rätter,1.2,mg
6412,Gryta mykoprotein m. grönsaker veg.,Vitamin D inkl 25-OH-D3,Vegetabiliskt protein produkter och rätter,0.0,µg
6412,Gryta mykoprotein m. grönsaker veg.,Vitamin D,Vegetabiliskt protein produkter och rätter,0.0,µg
6412,Gryta mykoprotein m. grönsaker veg.,Vitamin C,Vegetabiliskt protein produkter och rätter,14.2,mg
6412,Gryta mykoprotein m. grönsaker veg.,Vitamin B6,Vegetabiliskt protein produkter och rätter,0.1,mg
6412,Gryta mykoprotein m. grönsaker veg.,Vitamin B12,Vegetabiliskt protein produkter och rätter,0.0,µg
6412,Gryta mykoprotein m. grönsaker veg.,Vitamin A,Vegetabiliskt protein produkter och rätter,20.2,RE/µg
6412,Gryta mykoprotein m. grönsaker veg.,Vatten,Vegetabiliskt protein produkter och rätter,84.1,g
6412,Gryta mykoprotein m. grönsaker veg.,Tiamin,Vegetabiliskt protein produkter och rätter,0.04,mg
6412,Gryta mykoprotein m. grönsaker veg.,Tillsatt socker,Vegetabiliskt protein produkter och rätter,0.0,g
6412,Gryta mykoprotein m. grönsaker veg.,Fritt socker,Vegetabiliskt protein produkter och rätter,0.0,g
6412,Gryta mykoprotein m. grönsaker veg.,"Selen, Se",Vegetabiliskt protein produkter och rätter,0.0,µg
6412,Gryta mykoprotein m. grönsaker veg.,Sackaros,Vegetabiliskt protein produkter och rätter,0.2,g
6412,Gryta mykoprotein m. grönsaker veg.,Riboflavin,Vegetabiliskt protein produkter och rätter,0.11,mg
6412,Gryta mykoprotein m. grönsaker veg.,Retinol,Vegetabiliskt protein produkter och rätter,0.0,µg
6412,Gryta mykoprotein m. grönsaker veg.,Protein,Vegetabiliskt protein produkter och rätter,4.7,g
6412,Gryta mykoprotein m. grönsaker veg.,Summa fleromättade fettsyror,Vegetabiliskt protein produkter och rätter,0.3,g
6412,Gryta mykoprotein m. grönsaker veg.,"Fosfor, P",Vegetabiliskt protein produkter och rätter,86.0,mg
6412,Gryta mykoprotein m. grönsaker veg.,Niacinekvivalenter,Vegetabiliskt protein produkter och rätter,1.59,NE/mg
6412,Gryta mykoprotein m. grönsaker veg.,Niacin,Vegetabiliskt protein produkter och rätter,0.79,mg
6412,Gryta mykoprotein m. grönsaker veg.,"Salt, NaCl",Vegetabiliskt protein produkter och rätter,1.9,g
6412,Gryta mykoprotein m. grönsaker veg.,"Natrium, Na",Vegetabiliskt protein produkter och rätter,749.0,mg
6412,Gryta mykoprotein m. grönsaker veg.,Monosackarider,Vegetabiliskt protein produkter och rätter,2.9,g
6412,Gryta mykoprotein m. grönsaker veg.,"Sockerarter, totalt",Vegetabiliskt protein produkter och rätter,3.1,g
6412,Gryta mykoprotein m. grönsaker veg.,Summa enkelomättade fettsyror,Vegetabiliskt protein produkter och rätter,1.2,g
6412,Gryta mykoprotein m. grönsaker veg.,"Magnesium, Mg",Vegetabiliskt protein produkter och rätter,23.0,mg
6412,Gryta mykoprotein m. grönsaker veg.,Summa mättade fettsyror,Vegetabiliskt protein produkter och rätter,0.3,g
6412,Gryta mykoprotein m. grönsaker veg.,"Kolhydrater, tillgängliga",Vegetabiliskt protein produkter och rätter,3.9,g
6412,Gryta mykoprotein m. grönsaker veg.,Kolesterol,Vegetabiliskt protein produkter och rätter,0.0,mg
6412,Gryta mykoprotein m. grönsaker veg.,"Kalium, K",Vegetabiliskt protein produkter och rätter,167.0,mg
6412,Gryta mykoprotein m. grönsaker veg.,"Jod, I",Vegetabiliskt protein produkter och rätter,62.4,µg
6412,Gryta mykoprotein m. grönsaker veg.,Fullkorn totalt,Vegetabiliskt protein produkter och rätter,0.0,g
6412,Gryta mykoprotein m. grönsaker veg.,"Folat, totalt",Vegetabiliskt protein produkter och rätter,45.8,µg
6412,Gryta mykoprotein m. grönsaker veg.,Fibrer,Vegetabiliskt protein produkter och rätter,2.6,g
6412,Gryta mykoprotein m. grönsaker veg.,"Fett, totalt",Vegetabiliskt protein produkter och rätter,2.0,g
6412,Gryta mykoprotein m. grönsaker veg.,"Järn, Fe",Vegetabiliskt protein produkter och rätter,0.5,mg
6412,Gryta mykoprotein m. grönsaker veg.,Energi (kJ),Vegetabiliskt protein produkter och rätter,243.0,kJ
6412,Gryta mykoprotein m. grönsaker veg.,Energi (kcal),Vegetabiliskt protein produkter och rätter,58.0,kcal
6412,Gryta mykoprotein m. grönsaker veg.,Disackarider,Vegetabiliskt protein produkter och rätter,0.2,g
6412,Gryta mykoprotein m. grönsaker veg.,"Kalcium, Ca",Vegetabiliskt protein produkter och rätter,62.0,mg
6412,Gryta mykoprotein m. grönsaker veg.,Fettsyra 4:0-10:0,Vegetabiliskt protein produkter och rätter,0.0,g
6412,Gryta mykoprotein m. grönsaker veg.,DHA (C22:6),Vegetabiliskt protein produkter och rätter,0.0,g
6412,Gryta mykoprotein m. grönsaker veg.,DPA (C22:5),Vegetabiliskt protein produkter och rätter,0.0,g
6412,Gryta mykoprotein m. grönsaker veg.,EPA (C20:5),Vegetabiliskt protein produkter och rätter,0.0,g
6412,Gryta mykoprotein m. grönsaker veg.,Arakidonsyra C20:4,Vegetabiliskt protein produkter och rätter,0.0,g
6412,Gryta mykoprotein m. grönsaker veg.,Arakidinsyra C20:0,Vegetabiliskt protein produkter och rätter,0.0,g
6412,Gryta mykoprotein m. grönsaker veg.,Linolensyra C18:3,Vegetabiliskt protein produkter och rätter,0.0,g
6412,Gryta mykoprotein m. grönsaker veg.,Linolsyra C18:2,Vegetabiliskt protein produkter och rätter,0.3,g
6412,Gryta mykoprotein m. grönsaker veg.,Oljesyra C18:1,Vegetabiliskt protein produkter och rätter,1.1,g
6412,Gryta mykoprotein m. grönsaker veg.,Stearinsyra C18:0,Vegetabiliskt protein produkter och rätter,0.1,g
6412,Gryta mykoprotein m. grönsaker veg.,Palmitoljesyra C16:1,Vegetabiliskt protein produkter och rätter,0.0,g
6412,Gryta mykoprotein m. grönsaker veg.,Palmitinsyra C16:0,Vegetabiliskt protein produkter och rätter,0.2,g
6412,Gryta mykoprotein m. grönsaker veg.,Myristinsyra C14:0,Vegetabiliskt protein produkter och rätter,0.0,g
6412,Gryta mykoprotein m. grönsaker veg.,Laurinsyra C12:0,Vegetabiliskt protein produkter och rätter,0.0,g
6412,Gryta mykoprotein m. grönsaker veg.,Betakaroten/β-Karoten,Vegetabiliskt protein produkter och rätter,227.0,µg
6412,Gryta mykoprotein m. grönsaker veg.,Avfall (skal etc.),Vegetabiliskt protein produkter och rätter,3.0,%
6412,Gryta mykoprotein m. grönsaker veg.,Aska,Vegetabiliskt protein produkter och rätter,2.7,g
6412,Gryta mykoprotein m. grönsaker veg.,Alkohol,Vegetabiliskt protein produkter och rätter,0.0,g
6413,Gryta kalops m. mykoprotein veg.,"Zink, Zn",Vegetabiliskt protein produkter och rätter,1.0,mg
6413,Gryta kalops m. mykoprotein veg.,Vitamin E,Vegetabiliskt protein produkter och rätter,0.5,mg
6413,Gryta kalops m. mykoprotein veg.,Vitamin D,Vegetabiliskt protein produkter och rätter,0.05,µg
6413,Gryta kalops m. mykoprotein veg.,Vitamin C,Vegetabiliskt protein produkter och rätter,1.1,mg
6413,Gryta kalops m. mykoprotein veg.,Vitamin B6,Vegetabiliskt protein produkter och rätter,0.05,mg
6413,Gryta kalops m. mykoprotein veg.,Vitamin B12,Vegetabiliskt protein produkter och rätter,0.0,µg
6413,Gryta kalops m. mykoprotein veg.,Vitamin A,Vegetabiliskt protein produkter och rätter,214.9,RE/µg
6413,Gryta kalops m. mykoprotein veg.,Vatten,Vegetabiliskt protein produkter och rätter,89.5,g
6413,Gryta kalops m. mykoprotein veg.,Tiamin,Vegetabiliskt protein produkter och rätter,0.01,mg
6413,Gryta kalops m. mykoprotein veg.,Tillsatt socker,Vegetabiliskt protein produkter och rätter,0.0,g
6413,Gryta kalops m. mykoprotein veg.,Fritt socker,Vegetabiliskt protein produkter och rätter,0.0,g
6413,Gryta kalops m. mykoprotein veg.,"Selen, Se",Vegetabiliskt protein produkter och rätter,0.1,µg
6413,Gryta kalops m. mykoprotein veg.,Sackaros,Vegetabiliskt protein produkter och rätter,0.9,g
6413,Gryta kalops m. mykoprotein veg.,Riboflavin,Vegetabiliskt protein produkter och rätter,0.05,mg
6413,Gryta kalops m. mykoprotein veg.,Retinol,Vegetabiliskt protein produkter och rätter,1.6,µg
6413,Gryta kalops m. mykoprotein veg.,Protein,Vegetabiliskt protein produkter och rätter,2.6,g
6413,Gryta kalops m. mykoprotein veg.,Summa fleromättade fettsyror,Vegetabiliskt protein produkter och rätter,0.5,g
6413,Gryta kalops m. mykoprotein veg.,"Fosfor, P",Vegetabiliskt protein produkter och rätter,45.0,mg
6413,Gryta kalops m. mykoprotein veg.,Niacinekvivalenter,Vegetabiliskt protein produkter och rätter,0.78,NE/mg
6413,Gryta kalops m. mykoprotein veg.,Niacin,Vegetabiliskt protein produkter och rätter,0.35,mg
6413,Gryta kalops m. mykoprotein veg.,"Salt, NaCl",Vegetabiliskt protein produkter och rätter,0.8,g
6413,Gryta kalops m. mykoprotein veg.,"Natrium, Na",Vegetabiliskt protein produkter och rätter,331.0,mg
6413,Gryta kalops m. mykoprotein veg.,Monosackarider,Vegetabiliskt protein produkter och rätter,1.2,g
6413,Gryta kalops m. mykoprotein veg.,"Sockerarter, totalt",Vegetabiliskt protein produkter och rätter,2.1,g
6413,Gryta kalops m. mykoprotein veg.,Summa enkelomättade fettsyror,Vegetabiliskt protein produkter och rätter,0.7,g
6413,Gryta kalops m. mykoprotein veg.,"Magnesium, Mg",Vegetabiliskt protein produkter och rätter,10.0,mg
6413,Gryta kalops m. mykoprotein veg.,Summa mättade fettsyror,Vegetabiliskt protein produkter och rätter,0.2,g
6413,Gryta kalops m. mykoprotein veg.,"Kolhydrater, tillgängliga",Vegetabiliskt protein produkter och rätter,3.8,g
6413,Gryta kalops m. mykoprotein veg.,Kolesterol,Vegetabiliskt protein produkter och rätter,0.0,mg
6413,Gryta kalops m. mykoprotein veg.,"Kalium, K",Vegetabiliskt protein produkter och rätter,86.0,mg
6413,Gryta kalops m. mykoprotein veg.,"Jod, I",Vegetabiliskt protein produkter och rätter,12.1,µg
6413,Gryta kalops m. mykoprotein veg.,Fullkorn totalt,Vegetabiliskt protein produkter och rätter,0.0,g
6413,Gryta kalops m. mykoprotein veg.,"Folat, totalt",Vegetabiliskt protein produkter och rätter,21.5,µg
6413,Gryta kalops m. mykoprotein veg.,Fibrer,Vegetabiliskt protein produkter och rätter,1.5,g
6413,Gryta kalops m. mykoprotein veg.,"Fett, totalt",Vegetabiliskt protein produkter och rätter,1.5,g
6413,Gryta kalops m. mykoprotein veg.,"Järn, Fe",Vegetabiliskt protein produkter och rätter,0.2,mg
6413,Gryta kalops m. mykoprotein veg.,Energi (kJ),Vegetabiliskt protein produkter och rätter,173.0,kJ
6413,Gryta kalops m. mykoprotein veg.,Energi (kcal),Vegetabiliskt protein produkter och rätter,41.0,kcal
6413,Gryta kalops m. mykoprotein veg.,Disackarider,Vegetabiliskt protein produkter och rätter,0.9,g
6413,Gryta kalops m. mykoprotein veg.,"Kalcium, Ca",Vegetabiliskt protein produkter och rätter,36.0,mg
6413,Gryta kalops m. mykoprotein veg.,Fettsyra 4:0-10:0,Vegetabiliskt protein produkter och rätter,0.0,g
6413,Gryta kalops m. mykoprotein veg.,DHA (C22:6),Vegetabiliskt protein produkter och rätter,0.0,g
6413,Gryta kalops m. mykoprotein veg.,DPA (C22:5),Vegetabiliskt protein produkter och rätter,0.0,g
6413,Gryta kalops m. mykoprotein veg.,EPA (C20:5),Vegetabiliskt protein produkter och rätter,0.0,g
6413,Gryta kalops m. mykoprotein veg.,Arakidonsyra C20:4,Vegetabiliskt protein produkter och rätter,0.0,g
6413,Gryta kalops m. mykoprotein veg.,Arakidinsyra C20:0,Vegetabiliskt protein produkter och rätter,0.0,g
6413,Gryta kalops m. mykoprotein veg.,Linolensyra C18:3,Vegetabiliskt protein produkter och rätter,0.1,g
6413,Gryta kalops m. mykoprotein veg.,Linolsyra C18:2,Vegetabiliskt protein produkter och rätter,0.4,g
6413,Gryta kalops m. mykoprotein veg.,Oljesyra C18:1,Vegetabiliskt protein produkter och rätter,0.7,g
6413,Gryta kalops m. mykoprotein veg.,Stearinsyra C18:0,Vegetabiliskt protein produkter och rätter,0.0,g
6413,Gryta kalops m. mykoprotein veg.,Palmitoljesyra C16:1,Vegetabiliskt protein produkter och rätter,0.0,g
6413,Gryta kalops m. mykoprotein veg.,Palmitinsyra C16:0,Vegetabiliskt protein produkter och rätter,0.1,g
6413,Gryta kalops m. mykoprotein veg.,Myristinsyra C14:0,Vegetabiliskt protein produkter och rätter,0.0,g
6413,Gryta kalops m. mykoprotein veg.,Laurinsyra C12:0,Vegetabiliskt protein produkter och rätter,0.0,g
6413,Gryta kalops m. mykoprotein veg.,Betakaroten/β-Karoten,Vegetabiliskt protein produkter och rätter,2139.0,µg
6413,Gryta kalops m. mykoprotein veg.,Avfall (skal etc.),Vegetabiliskt protein produkter och rätter,2.0,%
6413,Gryta kalops m. mykoprotein veg.,Aska,Vegetabiliskt protein produkter och rätter,1.2,g
6413,Gryta kalops m. mykoprotein veg.,Alkohol,Vegetabiliskt protein produkter och rätter,0.0,g
6414,Gryta indonesisk kycklinggryta m. mango chutney,"Zink, Zn",Fågelprodukter fågelrätter,0.8,mg
6414,Gryta indonesisk kycklinggryta m. mango chutney,Vitamin E,Fågelprodukter fågelrätter,1.3,mg
6414,Gryta indonesisk kycklinggryta m. mango chutney,Vitamin D,Fågelprodukter fågelrätter,0.54,µg
6414,Gryta indonesisk kycklinggryta m. mango chutney,Vitamin C,Fågelprodukter fågelrätter,15.3,mg
6414,Gryta indonesisk kycklinggryta m. mango chutney,Vitamin B6,Fågelprodukter fågelrätter,0.27,mg
6414,Gryta indonesisk kycklinggryta m. mango chutney,Vitamin B12,Fågelprodukter fågelrätter,0.26,µg
6414,Gryta indonesisk kycklinggryta m. mango chutney,Vitamin A,Fågelprodukter fågelrätter,95.3,RE/µg
6414,Gryta indonesisk kycklinggryta m. mango chutney,Vatten,Fågelprodukter fågelrätter,68.9,g
6414,Gryta indonesisk kycklinggryta m. mango chutney,Tiamin,Fågelprodukter fågelrätter,0.06,mg
6414,Gryta indonesisk kycklinggryta m. mango chutney,Tillsatt socker,Fågelprodukter fågelrätter,2.0,g
6414,Gryta indonesisk kycklinggryta m. mango chutney,Fritt socker,Fågelprodukter fågelrätter,2.0,g
6414,Gryta indonesisk kycklinggryta m. mango chutney,"Selen, Se",Fågelprodukter fågelrätter,6.5,µg
6414,Gryta indonesisk kycklinggryta m. mango chutney,Sackaros,Fågelprodukter fågelrätter,2.7,g
6414,Gryta indonesisk kycklinggryta m. mango chutney,Riboflavin,Fågelprodukter fågelrätter,0.1,mg
6414,Gryta indonesisk kycklinggryta m. mango chutney,Retinol,Fågelprodukter fågelrätter,86.0,µg
6414,Gryta indonesisk kycklinggryta m. mango chutney,Protein,Fågelprodukter fågelrätter,11.2,g
6414,Gryta indonesisk kycklinggryta m. mango chutney,Summa fleromättade fettsyror,Fågelprodukter fågelrätter,0.9,g
6414,Gryta indonesisk kycklinggryta m. mango chutney,"Fosfor, P",Fågelprodukter fågelrätter,142.0,mg
6414,Gryta indonesisk kycklinggryta m. mango chutney,Niacinekvivalenter,Fågelprodukter fågelrätter,7.33,NE/mg
6414,Gryta indonesisk kycklinggryta m. mango chutney,Niacin,Fågelprodukter fågelrätter,5.23,mg
6414,Gryta indonesisk kycklinggryta m. mango chutney,"Salt, NaCl",Fågelprodukter fågelrätter,0.3,g
6414,Gryta indonesisk kycklinggryta m. mango chutney,"Natrium, Na",Fågelprodukter fågelrätter,142.0,mg
6414,Gryta indonesisk kycklinggryta m. mango chutney,Monosackarider,Fågelprodukter fågelrätter,1.8,g
6414,Gryta indonesisk kycklinggryta m. mango chutney,"Sockerarter, totalt",Fågelprodukter fågelrätter,5.6,g
6414,Gryta indonesisk kycklinggryta m. mango chutney,Summa enkelomättade fettsyror,Fågelprodukter fågelrätter,4.1,g
6414,Gryta indonesisk kycklinggryta m. mango chutney,"Magnesium, Mg",Fågelprodukter fågelrätter,20.0,mg
6414,Gryta indonesisk kycklinggryta m. mango chutney,Summa mättade fettsyror,Fågelprodukter fågelrätter,6.3,g
6414,Gryta indonesisk kycklinggryta m. mango chutney,"Kolhydrater, tillgängliga",Fågelprodukter fågelrätter,6.0,g
6414,Gryta indonesisk kycklinggryta m. mango chutney,Kolesterol,Fågelprodukter fågelrätter,64.3,mg
6414,Gryta indonesisk kycklinggryta m. mango chutney,"Kalium, K",Fågelprodukter fågelrätter,201.0,mg
6414,Gryta indonesisk kycklinggryta m. mango chutney,"Jod, I",Fågelprodukter fågelrätter,16.6,µg
6414,Gryta indonesisk kycklinggryta m. mango chutney,Fullkorn totalt,Fågelprodukter fågelrätter,0.0,g
6414,Gryta indonesisk kycklinggryta m. mango chutney,"Folat, totalt",Fågelprodukter fågelrätter,12.6,µg
6414,Gryta indonesisk kycklinggryta m. mango chutney,Fibrer,Fågelprodukter fågelrätter,0.6,g
6414,Gryta indonesisk kycklinggryta m. mango chutney,"Fett, totalt",Fågelprodukter fågelrätter,12.2,g
6414,Gryta indonesisk kycklinggryta m. mango chutney,"Järn, Fe",Fågelprodukter fågelrätter,0.7,mg
6414,Gryta indonesisk kycklinggryta m. mango chutney,Energi (kJ),Fågelprodukter fågelrätter,749.0,kJ
6414,Gryta indonesisk kycklinggryta m. mango chutney,Energi (kcal),Fågelprodukter fågelrätter,179.0,kcal
6414,Gryta indonesisk kycklinggryta m. mango chutney,Disackarider,Fågelprodukter fågelrätter,3.7,g
6414,Gryta indonesisk kycklinggryta m. mango chutney,"Kalcium, Ca",Fågelprodukter fågelrätter,34.0,mg
6414,Gryta indonesisk kycklinggryta m. mango chutney,Fettsyra 4:0-10:0,Fågelprodukter fågelrätter,0.5,g
6414,Gryta indonesisk kycklinggryta m. mango chutney,DHA (C22:6),Fågelprodukter fågelrätter,0.0,g
6414,Gryta indonesisk kycklinggryta m. mango chutney,DPA (C22:5),Fågelprodukter fågelrätter,0.0,g
6414,Gryta indonesisk kycklinggryta m. mango chutney,EPA (C20:5),Fågelprodukter fågelrätter,0.0,g
6414,Gryta indonesisk kycklinggryta m. mango chutney,Arakidonsyra C20:4,Fågelprodukter fågelrätter,0.0,g
6414,Gryta indonesisk kycklinggryta m. mango chutney,Arakidinsyra C20:0,Fågelprodukter fågelrätter,0.0,g
6414,Gryta indonesisk kycklinggryta m. mango chutney,Linolensyra C18:3,Fågelprodukter fågelrätter,0.1,g
6414,Gryta indonesisk kycklinggryta m. mango chutney,Linolsyra C18:2,Fågelprodukter fågelrätter,0.7,g
6414,Gryta indonesisk kycklinggryta m. mango chutney,Oljesyra C18:1,Fågelprodukter fågelrätter,3.4,g
6414,Gryta indonesisk kycklinggryta m. mango chutney,Stearinsyra C18:0,Fågelprodukter fågelrätter,1.1,g
6414,Gryta indonesisk kycklinggryta m. mango chutney,Palmitoljesyra C16:1,Fågelprodukter fågelrätter,0.5,g
6414,Gryta indonesisk kycklinggryta m. mango chutney,Palmitinsyra C16:0,Fågelprodukter fågelrätter,3.4,g
6414,Gryta indonesisk kycklinggryta m. mango chutney,Myristinsyra C14:0,Fågelprodukter fågelrätter,0.8,g
6414,Gryta indonesisk kycklinggryta m. mango chutney,Laurinsyra C12:0,Fågelprodukter fågelrätter,0.2,g
6414,Gryta indonesisk kycklinggryta m. mango chutney,Betakaroten/β-Karoten,Fågelprodukter fågelrätter,110.0,µg
6414,Gryta indonesisk kycklinggryta m. mango chutney,Avfall (skal etc.),Fågelprodukter fågelrätter,7.0,%
6414,Gryta indonesisk kycklinggryta m. mango chutney,Aska,Fågelprodukter fågelrätter,1.1,g
6414,Gryta indonesisk kycklinggryta m. mango chutney,Alkohol,Fågelprodukter fågelrätter,0.0,g
6415,Gryta mykoprotein indonesisk gryta m. mango chutney veg.,"Zink, Zn",Vegetabiliskt protein produkter och rätter,3.5,mg
6415,Gryta mykoprotein indonesisk gryta m. mango chutney veg.,Vitamin E,Vegetabiliskt protein produkter och rätter,0.5,mg
6415,Gryta mykoprotein indonesisk gryta m. mango chutney veg.,Vitamin D,Vegetabiliskt protein produkter och rätter,0.02,µg
6415,Gryta mykoprotein indonesisk gryta m. mango chutney veg.,Vitamin C,Vegetabiliskt protein produkter och rätter,15.7,mg
6415,Gryta mykoprotein indonesisk gryta m. mango chutney veg.,Vitamin B6,Vegetabiliskt protein produkter och rätter,0.1,mg
6415,Gryta mykoprotein indonesisk gryta m. mango chutney veg.,Vitamin B12,Vegetabiliskt protein produkter och rätter,0.11,µg
6415,Gryta mykoprotein indonesisk gryta m. mango chutney veg.,Vitamin A,Vegetabiliskt protein produkter och rätter,76.0,RE/µg
6415,Gryta mykoprotein indonesisk gryta m. mango chutney veg.,Vatten,Vegetabiliskt protein produkter och rätter,71.7,g
6415,Gryta mykoprotein indonesisk gryta m. mango chutney veg.,Tiamin,Vegetabiliskt protein produkter och rätter,0.02,mg
6415,Gryta mykoprotein indonesisk gryta m. mango chutney veg.,Tillsatt socker,Vegetabiliskt protein produkter och rätter,2.0,g
6415,Gryta mykoprotein indonesisk gryta m. mango chutney veg.,Fritt socker,Vegetabiliskt protein produkter och rätter,2.0,g
6415,Gryta mykoprotein indonesisk gryta m. mango chutney veg.,"Selen, Se",Vegetabiliskt protein produkter och rätter,0.4,µg
6415,Gryta mykoprotein indonesisk gryta m. mango chutney veg.,Sackaros,Vegetabiliskt protein produkter och rätter,2.8,g
6415,Gryta mykoprotein indonesisk gryta m. mango chutney veg.,Riboflavin,Vegetabiliskt protein produkter och rätter,0.19,mg
6415,Gryta mykoprotein indonesisk gryta m. mango chutney veg.,Retinol,Vegetabiliskt protein produkter och rätter,66.3,µg
6415,Gryta mykoprotein indonesisk gryta m. mango chutney veg.,Protein,Vegetabiliskt protein produkter och rätter,8.3,g
6415,Gryta mykoprotein indonesisk gryta m. mango chutney veg.,Summa fleromättade fettsyror,Vegetabiliskt protein produkter och rätter,0.5,g
6415,Gryta mykoprotein indonesisk gryta m. mango chutney veg.,"Fosfor, P",Vegetabiliskt protein produkter och rätter,145.0,mg
6415,Gryta mykoprotein indonesisk gryta m. mango chutney veg.,Niacinekvivalenter,Vegetabiliskt protein produkter och rätter,2.04,NE/mg
6415,Gryta mykoprotein indonesisk gryta m. mango chutney veg.,Niacin,Vegetabiliskt protein produkter och rätter,0.58,mg
6415,Gryta mykoprotein indonesisk gryta m. mango chutney veg.,"Salt, NaCl",Vegetabiliskt protein produkter och rätter,0.3,g
6415,Gryta mykoprotein indonesisk gryta m. mango chutney veg.,"Natrium, Na",Vegetabiliskt protein produkter och rätter,125.0,mg
6415,Gryta mykoprotein indonesisk gryta m. mango chutney veg.,Monosackarider,Vegetabiliskt protein produkter och rätter,2.0,g
6415,Gryta mykoprotein indonesisk gryta m. mango chutney veg.,"Sockerarter, totalt",Vegetabiliskt protein produkter och rätter,5.8,g
6415,Gryta mykoprotein indonesisk gryta m. mango chutney veg.,Summa enkelomättade fettsyror,Vegetabiliskt protein produkter och rätter,2.1,g
6415,Gryta mykoprotein indonesisk gryta m. mango chutney veg.,"Magnesium, Mg",Vegetabiliskt protein produkter och rätter,25.0,mg
6415,Gryta mykoprotein indonesisk gryta m. mango chutney veg.,Summa mättade fettsyror,Vegetabiliskt protein produkter och rätter,5.1,g
6415,Gryta mykoprotein indonesisk gryta m. mango chutney veg.,"Kolhydrater, tillgängliga",Vegetabiliskt protein produkter och rätter,7.2,g
6415,Gryta mykoprotein indonesisk gryta m. mango chutney veg.,Kolesterol,Vegetabiliskt protein produkter och rätter,22.2,mg
6415,Gryta mykoprotein indonesisk gryta m. mango chutney veg.,"Kalium, K",Vegetabiliskt protein produkter och rätter,154.0,mg
6415,Gryta mykoprotein indonesisk gryta m. mango chutney veg.,"Jod, I",Vegetabiliskt protein produkter och rätter,4.0,µg
6415,Gryta mykoprotein indonesisk gryta m. mango chutney veg.,Fullkorn totalt,Vegetabiliskt protein produkter och rätter,0.0,g
6415,Gryta mykoprotein indonesisk gryta m. mango chutney veg.,"Folat, totalt",Vegetabiliskt protein produkter och rätter,62.4,µg
6415,Gryta mykoprotein indonesisk gryta m. mango chutney veg.,Fibrer,Vegetabiliskt protein produkter och rätter,3.2,g
6415,Gryta mykoprotein indonesisk gryta m. mango chutney veg.,"Fett, totalt",Vegetabiliskt protein produkter och rätter,8.6,g
6415,Gryta mykoprotein indonesisk gryta m. mango chutney veg.,"Järn, Fe",Vegetabiliskt protein produkter och rätter,0.3,mg
6415,Gryta mykoprotein indonesisk gryta m. mango chutney veg.,Energi (kJ),Vegetabiliskt protein produkter och rätter,606.0,kJ
6415,Gryta mykoprotein indonesisk gryta m. mango chutney veg.,Energi (kcal),Vegetabiliskt protein produkter och rätter,145.0,kcal
6415,Gryta mykoprotein indonesisk gryta m. mango chutney veg.,Disackarider,Vegetabiliskt protein produkter och rätter,3.8,g
6415,Gryta mykoprotein indonesisk gryta m. mango chutney veg.,"Kalcium, Ca",Vegetabiliskt protein produkter och rätter,119.0,mg
6415,Gryta mykoprotein indonesisk gryta m. mango chutney veg.,Fettsyra 4:0-10:0,Vegetabiliskt protein produkter och rätter,0.6,g
6415,Gryta mykoprotein indonesisk gryta m. mango chutney veg.,DHA (C22:6),Vegetabiliskt protein produkter och rätter,0.0,g
6415,Gryta mykoprotein indonesisk gryta m. mango chutney veg.,DPA (C22:5),Vegetabiliskt protein produkter och rätter,0.0,g
6415,Gryta mykoprotein indonesisk gryta m. mango chutney veg.,EPA (C20:5),Vegetabiliskt protein produkter och rätter,0.0,g
6415,Gryta mykoprotein indonesisk gryta m. mango chutney veg.,Arakidonsyra C20:4,Vegetabiliskt protein produkter och rätter,0.0,g
6415,Gryta mykoprotein indonesisk gryta m. mango chutney veg.,Arakidinsyra C20:0,Vegetabiliskt protein produkter och rätter,0.0,g
6415,Gryta mykoprotein indonesisk gryta m. mango chutney veg.,Linolensyra C18:3,Vegetabiliskt protein produkter och rätter,0.1,g
6415,Gryta mykoprotein indonesisk gryta m. mango chutney veg.,Linolsyra C18:2,Vegetabiliskt protein produkter och rätter,0.5,g
6415,Gryta mykoprotein indonesisk gryta m. mango chutney veg.,Oljesyra C18:1,Vegetabiliskt protein produkter och rätter,1.8,g
6415,Gryta mykoprotein indonesisk gryta m. mango chutney veg.,Stearinsyra C18:0,Vegetabiliskt protein produkter och rätter,0.8,g
6415,Gryta mykoprotein indonesisk gryta m. mango chutney veg.,Palmitoljesyra C16:1,Vegetabiliskt protein produkter och rätter,0.2,g
6415,Gryta mykoprotein indonesisk gryta m. mango chutney veg.,Palmitinsyra C16:0,Vegetabiliskt protein produkter och rätter,2.5,g
6415,Gryta mykoprotein indonesisk gryta m. mango chutney veg.,Myristinsyra C14:0,Vegetabiliskt protein produkter och rätter,0.8,g
6415,Gryta mykoprotein indonesisk gryta m. mango chutney veg.,Laurinsyra C12:0,Vegetabiliskt protein produkter och rätter,0.2,g
6415,Gryta mykoprotein indonesisk gryta m. mango chutney veg.,Betakaroten/β-Karoten,Vegetabiliskt protein produkter och rätter,115.0,µg
6415,Gryta mykoprotein indonesisk gryta m. mango chutney veg.,Avfall (skal etc.),Vegetabiliskt protein produkter och rätter,6.0,%
6415,Gryta mykoprotein indonesisk gryta m. mango chutney veg.,Aska,Vegetabiliskt protein produkter och rätter,1.1,g
6415,Gryta mykoprotein indonesisk gryta m. mango chutney veg.,Alkohol,Vegetabiliskt protein produkter och rätter,0.0,g
6416,Gryta mykoprotein m. persika veg.,"Zink, Zn",Vegetabiliskt protein produkter och rätter,3.0,mg
6416,Gryta mykoprotein m. persika veg.,Vitamin E,Vegetabiliskt protein produkter och rätter,0.4,mg
6416,Gryta mykoprotein m. persika veg.,Vitamin D,Vegetabiliskt protein produkter och rätter,0.0,µg
6416,Gryta mykoprotein m. persika veg.,Vitamin C,Vegetabiliskt protein produkter och rätter,1.6,mg
6416,Gryta mykoprotein m. persika veg.,Vitamin B6,Vegetabiliskt protein produkter och rätter,0.05,mg
6416,Gryta mykoprotein m. persika veg.,Vitamin B12,Vegetabiliskt protein produkter och rätter,0.0,µg
6416,Gryta mykoprotein m. persika veg.,Vitamin A,Vegetabiliskt protein produkter och rätter,2.8,RE/µg
6416,Gryta mykoprotein m. persika veg.,Vatten,Vegetabiliskt protein produkter och rätter,72.6,g
6416,Gryta mykoprotein m. persika veg.,Tiamin,Vegetabiliskt protein produkter och rätter,0.03,mg
6416,Gryta mykoprotein m. persika veg.,Tillsatt socker,Vegetabiliskt protein produkter och rätter,2.0,g
6416,Gryta mykoprotein m. persika veg.,Fritt socker,Vegetabiliskt protein produkter och rätter,2.0,g
6416,Gryta mykoprotein m. persika veg.,"Selen, Se",Vegetabiliskt protein produkter och rätter,0.2,µg
6416,Gryta mykoprotein m. persika veg.,Sackaros,Vegetabiliskt protein produkter och rätter,2.1,g
6416,Gryta mykoprotein m. persika veg.,Riboflavin,Vegetabiliskt protein produkter och rätter,0.14,mg
6416,Gryta mykoprotein m. persika veg.,Retinol,Vegetabiliskt protein produkter och rätter,0.0,µg
6416,Gryta mykoprotein m. persika veg.,Protein,Vegetabiliskt protein produkter och rätter,7.2,g
6416,Gryta mykoprotein m. persika veg.,Summa fleromättade fettsyror,Vegetabiliskt protein produkter och rätter,0.8,g
6416,Gryta mykoprotein m. persika veg.,"Fosfor, P",Vegetabiliskt protein produkter och rätter,136.0,mg
6416,Gryta mykoprotein m. persika veg.,Niacinekvivalenter,Vegetabiliskt protein produkter och rätter,1.94,NE/mg
6416,Gryta mykoprotein m. persika veg.,Niacin,Vegetabiliskt protein produkter och rätter,0.74,mg
6416,Gryta mykoprotein m. persika veg.,"Salt, NaCl",Vegetabiliskt protein produkter och rätter,0.8,g
6416,Gryta mykoprotein m. persika veg.,"Natrium, Na",Vegetabiliskt protein produkter och rätter,317.0,mg
6416,Gryta mykoprotein m. persika veg.,Monosackarider,Vegetabiliskt protein produkter och rätter,1.7,g
6416,Gryta mykoprotein m. persika veg.,"Sockerarter, totalt",Vegetabiliskt protein produkter och rätter,4.0,g
6416,Gryta mykoprotein m. persika veg.,Summa enkelomättade fettsyror,Vegetabiliskt protein produkter och rätter,1.2,g
6416,Gryta mykoprotein m. persika veg.,"Magnesium, Mg",Vegetabiliskt protein produkter och rätter,33.0,mg
6416,Gryta mykoprotein m. persika veg.,Summa mättade fettsyror,Vegetabiliskt protein produkter och rätter,6.8,g
6416,Gryta mykoprotein m. persika veg.,"Kolhydrater, tillgängliga",Vegetabiliskt protein produkter och rätter,6.2,g
6416,Gryta mykoprotein m. persika veg.,Kolesterol,Vegetabiliskt protein produkter och rätter,0.0,mg
6416,Gryta mykoprotein m. persika veg.,"Kalium, K",Vegetabiliskt protein produkter och rätter,195.0,mg
6416,Gryta mykoprotein m. persika veg.,"Jod, I",Vegetabiliskt protein produkter och rätter,27.9,µg
6416,Gryta mykoprotein m. persika veg.,Fullkorn totalt,Vegetabiliskt protein produkter och rätter,0.0,g
6416,Gryta mykoprotein m. persika veg.,"Folat, totalt",Vegetabiliskt protein produkter och rätter,57.7,µg
6416,Gryta mykoprotein m. persika veg.,Fibrer,Vegetabiliskt protein produkter och rätter,3.1,g
6416,Gryta mykoprotein m. persika veg.,"Fett, totalt",Vegetabiliskt protein produkter och rätter,9.4,g
6416,Gryta mykoprotein m. persika veg.,"Järn, Fe",Vegetabiliskt protein produkter och rätter,1.0,mg
6416,Gryta mykoprotein m. persika veg.,Energi (kJ),Vegetabiliskt protein produkter och rätter,600.0,kJ
6416,Gryta mykoprotein m. persika veg.,Energi (kcal),Vegetabiliskt protein produkter och rätter,143.0,kcal
6416,Gryta mykoprotein m. persika veg.,Disackarider,Vegetabiliskt protein produkter och rätter,2.4,g
6416,Gryta mykoprotein m. persika veg.,"Kalcium, Ca",Vegetabiliskt protein produkter och rätter,84.0,mg
6416,Gryta mykoprotein m. persika veg.,Fettsyra 4:0-10:0,Vegetabiliskt protein produkter och rätter,1.1,g
6416,Gryta mykoprotein m. persika veg.,DHA (C22:6),Vegetabiliskt protein produkter och rätter,0.0,g
6416,Gryta mykoprotein m. persika veg.,DPA (C22:5),Vegetabiliskt protein produkter och rätter,0.0,g
6416,Gryta mykoprotein m. persika veg.,EPA (C20:5),Vegetabiliskt protein produkter och rätter,0.0,g
6416,Gryta mykoprotein m. persika veg.,Arakidonsyra C20:4,Vegetabiliskt protein produkter och rätter,0.0,g
6416,Gryta mykoprotein m. persika veg.,Arakidinsyra C20:0,Vegetabiliskt protein produkter och rätter,0.0,g
6416,Gryta mykoprotein m. persika veg.,Linolensyra C18:3,Vegetabiliskt protein produkter och rätter,0.1,g
6416,Gryta mykoprotein m. persika veg.,Linolsyra C18:2,Vegetabiliskt protein produkter och rätter,0.6,g
6416,Gryta mykoprotein m. persika veg.,Oljesyra C18:1,Vegetabiliskt protein produkter och rätter,1.1,g
6416,Gryta mykoprotein m. persika veg.,Stearinsyra C18:0,Vegetabiliskt protein produkter och rätter,0.2,g
6416,Gryta mykoprotein m. persika veg.,Palmitoljesyra C16:1,Vegetabiliskt protein produkter och rätter,0.0,g
6416,Gryta mykoprotein m. persika veg.,Palmitinsyra C16:0,Vegetabiliskt protein produkter och rätter,0.8,g
6416,Gryta mykoprotein m. persika veg.,Myristinsyra C14:0,Vegetabiliskt protein produkter och rätter,1.3,g
6416,Gryta mykoprotein m. persika veg.,Laurinsyra C12:0,Vegetabiliskt protein produkter och rätter,3.4,g
6416,Gryta mykoprotein m. persika veg.,Betakaroten/β-Karoten,Vegetabiliskt protein produkter och rätter,32.0,µg
6416,Gryta mykoprotein m. persika veg.,Avfall (skal etc.),Vegetabiliskt protein produkter och rätter,0.0,%
6416,Gryta mykoprotein m. persika veg.,Aska,Vegetabiliskt protein produkter och rätter,1.5,g
6416,Gryta mykoprotein m. persika veg.,Alkohol,Vegetabiliskt protein produkter och rätter,0.0,g
6417,Bön stroganoff veg.,"Zink, Zn",Grönsaks- rotfrukts- baljväxträtter o produkter,0.6,mg
6417,Bön stroganoff veg.,Vitamin E,Grönsaks- rotfrukts- baljväxträtter o produkter,0.8,mg
6417,Bön stroganoff veg.,Vitamin D,Grönsaks- rotfrukts- baljväxträtter o produkter,0.08,µg
6417,Bön stroganoff veg.,Vitamin C,Grönsaks- rotfrukts- baljväxträtter o produkter,2.4,mg
6417,Bön stroganoff veg.,Vitamin B6,Grönsaks- rotfrukts- baljväxträtter o produkter,0.06,mg
6417,Bön stroganoff veg.,Vitamin B12,Grönsaks- rotfrukts- baljväxträtter o produkter,0.12,µg
6417,Bön stroganoff veg.,Vitamin A,Grönsaks- rotfrukts- baljväxträtter o produkter,45.6,RE/µg
6417,Bön stroganoff veg.,Vatten,Grönsaks- rotfrukts- baljväxträtter o produkter,70.5,g
6417,Bön stroganoff veg.,Tiamin,Grönsaks- rotfrukts- baljväxträtter o produkter,0.06,mg
6417,Bön stroganoff veg.,Tillsatt socker,Grönsaks- rotfrukts- baljväxträtter o produkter,0.0,g
6417,Bön stroganoff veg.,Fritt socker,Grönsaks- rotfrukts- baljväxträtter o produkter,0.0,g
6417,Bön stroganoff veg.,"Selen, Se",Grönsaks- rotfrukts- baljväxträtter o produkter,0.5,µg
6417,Bön stroganoff veg.,Sackaros,Grönsaks- rotfrukts- baljväxträtter o produkter,0.5,g
6417,Bön stroganoff veg.,Riboflavin,Grönsaks- rotfrukts- baljväxträtter o produkter,0.05,mg
6417,Bön stroganoff veg.,Retinol,Grönsaks- rotfrukts- baljväxträtter o produkter,33.0,µg
6417,Bön stroganoff veg.,Protein,Grönsaks- rotfrukts- baljväxträtter o produkter,6.0,g
6417,Bön stroganoff veg.,Summa fleromättade fettsyror,Grönsaks- rotfrukts- baljväxträtter o produkter,0.9,g
6417,Bön stroganoff veg.,"Fosfor, P",Grönsaks- rotfrukts- baljväxträtter o produkter,88.0,mg
6417,Bön stroganoff veg.,Niacinekvivalenter,Grönsaks- rotfrukts- baljväxträtter o produkter,1.48,NE/mg
6417,Bön stroganoff veg.,Niacin,Grönsaks- rotfrukts- baljväxträtter o produkter,0.43,mg
6417,Bön stroganoff veg.,"Salt, NaCl",Grönsaks- rotfrukts- baljväxträtter o produkter,1.0,g
6417,Bön stroganoff veg.,"Natrium, Na",Grönsaks- rotfrukts- baljväxträtter o produkter,416.0,mg
6417,Bön stroganoff veg.,Monosackarider,Grönsaks- rotfrukts- baljväxträtter o produkter,1.0,g
6417,Bön stroganoff veg.,"Sockerarter, totalt",Grönsaks- rotfrukts- baljväxträtter o produkter,2.6,g
6417,Bön stroganoff veg.,Summa enkelomättade fettsyror,Grönsaks- rotfrukts- baljväxträtter o produkter,1.9,g
6417,Bön stroganoff veg.,"Magnesium, Mg",Grönsaks- rotfrukts- baljväxträtter o produkter,27.0,mg
6417,Bön stroganoff veg.,Summa mättade fettsyror,Grönsaks- rotfrukts- baljväxträtter o produkter,2.5,g
6417,Bön stroganoff veg.,"Kolhydrater, tillgängliga",Grönsaks- rotfrukts- baljväxträtter o produkter,11.1,g
6417,Bön stroganoff veg.,Kolesterol,Grönsaks- rotfrukts- baljväxträtter o produkter,10.4,mg
6417,Bön stroganoff veg.,"Kalium, K",Grönsaks- rotfrukts- baljväxträtter o produkter,207.0,mg
6417,Bön stroganoff veg.,"Jod, I",Grönsaks- rotfrukts- baljväxträtter o produkter,37.3,µg
6417,Bön stroganoff veg.,Fullkorn totalt,Grönsaks- rotfrukts- baljväxträtter o produkter,0.0,g
6417,Bön stroganoff veg.,"Folat, totalt",Grönsaks- rotfrukts- baljväxträtter o produkter,14.4,µg
6417,Bön stroganoff veg.,Fibrer,Grönsaks- rotfrukts- baljväxträtter o produkter,4.7,g
6417,Bön stroganoff veg.,"Fett, totalt",Grönsaks- rotfrukts- baljväxträtter o produkter,5.7,g
6417,Bön stroganoff veg.,"Järn, Fe",Grönsaks- rotfrukts- baljväxträtter o produkter,1.2,mg
6417,Bön stroganoff veg.,Energi (kJ),Grönsaks- rotfrukts- baljväxträtter o produkter,541.0,kJ
6417,Bön stroganoff veg.,Energi (kcal),Grönsaks- rotfrukts- baljväxträtter o produkter,129.0,kcal
6417,Bön stroganoff veg.,Disackarider,Grönsaks- rotfrukts- baljväxträtter o produkter,1.6,g
6417,Bön stroganoff veg.,"Kalcium, Ca",Grönsaks- rotfrukts- baljväxträtter o produkter,79.0,mg
6417,Bön stroganoff veg.,Fettsyra 4:0-10:0,Grönsaks- rotfrukts- baljväxträtter o produkter,0.3,g
6417,Bön stroganoff veg.,DHA (C22:6),Grönsaks- rotfrukts- baljväxträtter o produkter,0.0,g
6417,Bön stroganoff veg.,DPA (C22:5),Grönsaks- rotfrukts- baljväxträtter o produkter,0.0,g
6417,Bön stroganoff veg.,EPA (C20:5),Grönsaks- rotfrukts- baljväxträtter o produkter,0.0,g
6417,Bön stroganoff veg.,Arakidonsyra C20:4,Grönsaks- rotfrukts- baljväxträtter o produkter,0.0,g
6417,Bön stroganoff veg.,Arakidinsyra C20:0,Grönsaks- rotfrukts- baljväxträtter o produkter,0.0,g
6417,Bön stroganoff veg.,Linolensyra C18:3,Grönsaks- rotfrukts- baljväxträtter o produkter,0.3,g
6417,Bön stroganoff veg.,Linolsyra C18:2,Grönsaks- rotfrukts- baljväxträtter o produkter,0.5,g
6417,Bön stroganoff veg.,Oljesyra C18:1,Grönsaks- rotfrukts- baljväxträtter o produkter,1.7,g
6417,Bön stroganoff veg.,Stearinsyra C18:0,Grönsaks- rotfrukts- baljväxträtter o produkter,0.4,g
6417,Bön stroganoff veg.,Palmitoljesyra C16:1,Grönsaks- rotfrukts- baljväxträtter o produkter,0.1,g
6417,Bön stroganoff veg.,Palmitinsyra C16:0,Grönsaks- rotfrukts- baljväxträtter o produkter,1.3,g
6417,Bön stroganoff veg.,Myristinsyra C14:0,Grönsaks- rotfrukts- baljväxträtter o produkter,0.4,g
6417,Bön stroganoff veg.,Laurinsyra C12:0,Grönsaks- rotfrukts- baljväxträtter o produkter,0.1,g
6417,Bön stroganoff veg.,Betakaroten/β-Karoten,Grönsaks- rotfrukts- baljväxträtter o produkter,117.0,µg
6417,Bön stroganoff veg.,Avfall (skal etc.),Grönsaks- rotfrukts- baljväxträtter o produkter,1.0,%
6417,Bön stroganoff veg.,Aska,Grönsaks- rotfrukts- baljväxträtter o produkter,2.0,g
6417,Bön stroganoff veg.,Alkohol,Grönsaks- rotfrukts- baljväxträtter o produkter,0.0,g
6418,Gryta m. gröna linser rotfrukter kokosmjölk veg.,"Zink, Zn",Grönsaks- rotfrukts- baljväxträtter o produkter,0.4,mg
6418,Gryta m. gröna linser rotfrukter kokosmjölk veg.,Vitamin E,Grönsaks- rotfrukts- baljväxträtter o produkter,0.5,mg
6418,Gryta m. gröna linser rotfrukter kokosmjölk veg.,Vitamin D,Grönsaks- rotfrukts- baljväxträtter o produkter,0.0,µg
6418,Gryta m. gröna linser rotfrukter kokosmjölk veg.,Vitamin C,Grönsaks- rotfrukts- baljväxträtter o produkter,3.4,mg
6418,Gryta m. gröna linser rotfrukter kokosmjölk veg.,Vitamin B6,Grönsaks- rotfrukts- baljväxträtter o produkter,0.08,mg
6418,Gryta m. gröna linser rotfrukter kokosmjölk veg.,Vitamin B12,Grönsaks- rotfrukts- baljväxträtter o produkter,0.02,µg
6418,Gryta m. gröna linser rotfrukter kokosmjölk veg.,Vitamin A,Grönsaks- rotfrukts- baljväxträtter o produkter,115.9,RE/µg
6418,Gryta m. gröna linser rotfrukter kokosmjölk veg.,Vatten,Grönsaks- rotfrukts- baljväxträtter o produkter,82.9,g
6418,Gryta m. gröna linser rotfrukter kokosmjölk veg.,Tiamin,Grönsaks- rotfrukts- baljväxträtter o produkter,0.04,mg
6418,Gryta m. gröna linser rotfrukter kokosmjölk veg.,Tillsatt socker,Grönsaks- rotfrukts- baljväxträtter o produkter,0.0,g
6418,Gryta m. gröna linser rotfrukter kokosmjölk veg.,Fritt socker,Grönsaks- rotfrukts- baljväxträtter o produkter,0.0,g
6418,Gryta m. gröna linser rotfrukter kokosmjölk veg.,"Selen, Se",Grönsaks- rotfrukts- baljväxträtter o produkter,5.5,µg
6418,Gryta m. gröna linser rotfrukter kokosmjölk veg.,Sackaros,Grönsaks- rotfrukts- baljväxträtter o produkter,1.3,g
6418,Gryta m. gröna linser rotfrukter kokosmjölk veg.,Riboflavin,Grönsaks- rotfrukts- baljväxträtter o produkter,0.02,mg
6418,Gryta m. gröna linser rotfrukter kokosmjölk veg.,Retinol,Grönsaks- rotfrukts- baljväxträtter o produkter,0.2,µg
6418,Gryta m. gröna linser rotfrukter kokosmjölk veg.,Protein,Grönsaks- rotfrukts- baljväxträtter o produkter,2.4,g
6418,Gryta m. gröna linser rotfrukter kokosmjölk veg.,Summa fleromättade fettsyror,Grönsaks- rotfrukts- baljväxträtter o produkter,0.3,g
6418,Gryta m. gröna linser rotfrukter kokosmjölk veg.,"Fosfor, P",Grönsaks- rotfrukts- baljväxträtter o produkter,56.0,mg
6418,Gryta m. gröna linser rotfrukter kokosmjölk veg.,Niacinekvivalenter,Grönsaks- rotfrukts- baljväxträtter o produkter,1.03,NE/mg
6418,Gryta m. gröna linser rotfrukter kokosmjölk veg.,Niacin,Grönsaks- rotfrukts- baljväxträtter o produkter,0.63,mg
6418,Gryta m. gröna linser rotfrukter kokosmjölk veg.,"Salt, NaCl",Grönsaks- rotfrukts- baljväxträtter o produkter,0.5,g
6418,Gryta m. gröna linser rotfrukter kokosmjölk veg.,"Natrium, Na",Grönsaks- rotfrukts- baljväxträtter o produkter,208.0,mg
6418,Gryta m. gröna linser rotfrukter kokosmjölk veg.,Monosackarider,Grönsaks- rotfrukts- baljväxträtter o produkter,1.2,g
6418,Gryta m. gröna linser rotfrukter kokosmjölk veg.,"Sockerarter, totalt",Grönsaks- rotfrukts- baljväxträtter o produkter,2.6,g
6418,Gryta m. gröna linser rotfrukter kokosmjölk veg.,Summa enkelomättade fettsyror,Grönsaks- rotfrukts- baljväxträtter o produkter,0.6,g
6418,Gryta m. gröna linser rotfrukter kokosmjölk veg.,"Magnesium, Mg",Grönsaks- rotfrukts- baljväxträtter o produkter,19.0,mg
6418,Gryta m. gröna linser rotfrukter kokosmjölk veg.,Summa mättade fettsyror,Grönsaks- rotfrukts- baljväxträtter o produkter,3.3,g
6418,Gryta m. gröna linser rotfrukter kokosmjölk veg.,"Kolhydrater, tillgängliga",Grönsaks- rotfrukts- baljväxträtter o produkter,6.2,g
6418,Gryta m. gröna linser rotfrukter kokosmjölk veg.,Kolesterol,Grönsaks- rotfrukts- baljväxträtter o produkter,0.0,mg
6418,Gryta m. gröna linser rotfrukter kokosmjölk veg.,"Kalium, K",Grönsaks- rotfrukts- baljväxträtter o produkter,177.0,mg
6418,Gryta m. gröna linser rotfrukter kokosmjölk veg.,"Jod, I",Grönsaks- rotfrukts- baljväxträtter o produkter,16.5,µg
6418,Gryta m. gröna linser rotfrukter kokosmjölk veg.,Fullkorn totalt,Grönsaks- rotfrukts- baljväxträtter o produkter,0.0,g
6418,Gryta m. gröna linser rotfrukter kokosmjölk veg.,"Folat, totalt",Grönsaks- rotfrukts- baljväxträtter o produkter,20.0,µg
6418,Gryta m. gröna linser rotfrukter kokosmjölk veg.,Fibrer,Grönsaks- rotfrukts- baljväxträtter o produkter,2.9,g
6418,Gryta m. gröna linser rotfrukter kokosmjölk veg.,"Fett, totalt",Grönsaks- rotfrukts- baljväxträtter o produkter,4.5,g
6418,Gryta m. gröna linser rotfrukter kokosmjölk veg.,"Järn, Fe",Grönsaks- rotfrukts- baljväxträtter o produkter,0.9,mg
6418,Gryta m. gröna linser rotfrukter kokosmjölk veg.,Energi (kJ),Grönsaks- rotfrukts- baljväxträtter o produkter,337.0,kJ
6418,Gryta m. gröna linser rotfrukter kokosmjölk veg.,Energi (kcal),Grönsaks- rotfrukts- baljväxträtter o produkter,81.0,kcal
6418,Gryta m. gröna linser rotfrukter kokosmjölk veg.,Disackarider,Grönsaks- rotfrukts- baljväxträtter o produkter,1.3,g
6418,Gryta m. gröna linser rotfrukter kokosmjölk veg.,"Kalcium, Ca",Grönsaks- rotfrukts- baljväxträtter o produkter,23.0,mg
6418,Gryta m. gröna linser rotfrukter kokosmjölk veg.,Fettsyra 4:0-10:0,Grönsaks- rotfrukts- baljväxträtter o produkter,0.5,g
6418,Gryta m. gröna linser rotfrukter kokosmjölk veg.,DHA (C22:6),Grönsaks- rotfrukts- baljväxträtter o produkter,0.0,g
6418,Gryta m. gröna linser rotfrukter kokosmjölk veg.,DPA (C22:5),Grönsaks- rotfrukts- baljväxträtter o produkter,0.0,g
6418,Gryta m. gröna linser rotfrukter kokosmjölk veg.,EPA (C20:5),Grönsaks- rotfrukts- baljväxträtter o produkter,0.0,g
6418,Gryta m. gröna linser rotfrukter kokosmjölk veg.,Arakidonsyra C20:4,Grönsaks- rotfrukts- baljväxträtter o produkter,0.0,g
6418,Gryta m. gröna linser rotfrukter kokosmjölk veg.,Arakidinsyra C20:0,Grönsaks- rotfrukts- baljväxträtter o produkter,0.0,g
6418,Gryta m. gröna linser rotfrukter kokosmjölk veg.,Linolensyra C18:3,Grönsaks- rotfrukts- baljväxträtter o produkter,0.0,g
6418,Gryta m. gröna linser rotfrukter kokosmjölk veg.,Linolsyra C18:2,Grönsaks- rotfrukts- baljväxträtter o produkter,0.3,g
6418,Gryta m. gröna linser rotfrukter kokosmjölk veg.,Oljesyra C18:1,Grönsaks- rotfrukts- baljväxträtter o produkter,0.6,g
6418,Gryta m. gröna linser rotfrukter kokosmjölk veg.,Stearinsyra C18:0,Grönsaks- rotfrukts- baljväxträtter o produkter,0.1,g
6418,Gryta m. gröna linser rotfrukter kokosmjölk veg.,Palmitoljesyra C16:1,Grönsaks- rotfrukts- baljväxträtter o produkter,0.0,g
6418,Gryta m. gröna linser rotfrukter kokosmjölk veg.,Palmitinsyra C16:0,Grönsaks- rotfrukts- baljväxträtter o produkter,0.4,g
6418,Gryta m. gröna linser rotfrukter kokosmjölk veg.,Myristinsyra C14:0,Grönsaks- rotfrukts- baljväxträtter o produkter,0.6,g
6418,Gryta m. gröna linser rotfrukter kokosmjölk veg.,Laurinsyra C12:0,Grönsaks- rotfrukts- baljväxträtter o produkter,1.6,g
6418,Gryta m. gröna linser rotfrukter kokosmjölk veg.,Betakaroten/β-Karoten,Grönsaks- rotfrukts- baljväxträtter o produkter,1175.0,µg
6418,Gryta m. gröna linser rotfrukter kokosmjölk veg.,Avfall (skal etc.),Grönsaks- rotfrukts- baljväxträtter o produkter,4.0,%
6418,Gryta m. gröna linser rotfrukter kokosmjölk veg.,Aska,Grönsaks- rotfrukts- baljväxträtter o produkter,1.0,g
6418,Gryta m. gröna linser rotfrukter kokosmjölk veg.,Alkohol,Grönsaks- rotfrukts- baljväxträtter o produkter,0.0,g
6419,Gryta gulasch m. bönor veg.,"Zink, Zn",Grönsaks- rotfrukts- baljväxträtter o produkter,0.2,mg
6419,Gryta gulasch m. bönor veg.,Vitamin E,Grönsaks- rotfrukts- baljväxträtter o produkter,0.8,mg
6419,Gryta gulasch m. bönor veg.,Vitamin D inkl 25-OH-D3,Grönsaks- rotfrukts- baljväxträtter o produkter,0.0,µg
6419,Gryta gulasch m. bönor veg.,Vitamin D,Grönsaks- rotfrukts- baljväxträtter o produkter,0.0,µg
6419,Gryta gulasch m. bönor veg.,Vitamin C,Grönsaks- rotfrukts- baljväxträtter o produkter,9.7,mg
6419,Gryta gulasch m. bönor veg.,Vitamin B6,Grönsaks- rotfrukts- baljväxträtter o produkter,0.07,mg
6419,Gryta gulasch m. bönor veg.,Vitamin B12,Grönsaks- rotfrukts- baljväxträtter o produkter,0.0,µg
6419,Gryta gulasch m. bönor veg.,Vitamin A,Grönsaks- rotfrukts- baljväxträtter o produkter,8.9,RE/µg
6419,Gryta gulasch m. bönor veg.,Vatten,Grönsaks- rotfrukts- baljväxträtter o produkter,85.0,g
6419,Gryta gulasch m. bönor veg.,Tiamin,Grönsaks- rotfrukts- baljväxträtter o produkter,0.04,mg
6419,Gryta gulasch m. bönor veg.,Tillsatt socker,Grönsaks- rotfrukts- baljväxträtter o produkter,0.0,g
6419,Gryta gulasch m. bönor veg.,Fritt socker,Grönsaks- rotfrukts- baljväxträtter o produkter,0.0,g
6419,Gryta gulasch m. bönor veg.,"Selen, Se",Grönsaks- rotfrukts- baljväxträtter o produkter,0.0,µg
6419,Gryta gulasch m. bönor veg.,Sackaros,Grönsaks- rotfrukts- baljväxträtter o produkter,0.4,g
6419,Gryta gulasch m. bönor veg.,Riboflavin,Grönsaks- rotfrukts- baljväxträtter o produkter,0.02,mg
6419,Gryta gulasch m. bönor veg.,Retinol,Grönsaks- rotfrukts- baljväxträtter o produkter,0.0,µg
6419,Gryta gulasch m. bönor veg.,Protein,Grönsaks- rotfrukts- baljväxträtter o produkter,2.5,g
6419,Gryta gulasch m. bönor veg.,Summa fleromättade fettsyror,Grönsaks- rotfrukts- baljväxträtter o produkter,0.5,g
6419,Gryta gulasch m. bönor veg.,"Fosfor, P",Grönsaks- rotfrukts- baljväxträtter o produkter,37.0,mg
6419,Gryta gulasch m. bönor veg.,Niacinekvivalenter,Grönsaks- rotfrukts- baljväxträtter o produkter,1.0,NE/mg
6419,Gryta gulasch m. bönor veg.,Niacin,Grönsaks- rotfrukts- baljväxträtter o produkter,0.58,mg
6419,Gryta gulasch m. bönor veg.,"Salt, NaCl",Grönsaks- rotfrukts- baljväxträtter o produkter,0.6,g
6419,Gryta gulasch m. bönor veg.,"Natrium, Na",Grönsaks- rotfrukts- baljväxträtter o produkter,248.0,mg
6419,Gryta gulasch m. bönor veg.,Monosackarider,Grönsaks- rotfrukts- baljväxträtter o produkter,1.2,g
6419,Gryta gulasch m. bönor veg.,"Sockerarter, totalt",Grönsaks- rotfrukts- baljväxträtter o produkter,1.6,g
6419,Gryta gulasch m. bönor veg.,Summa enkelomättade fettsyror,Grönsaks- rotfrukts- baljväxträtter o produkter,1.0,g
6419,Gryta gulasch m. bönor veg.,"Magnesium, Mg",Grönsaks- rotfrukts- baljväxträtter o produkter,15.0,mg
6419,Gryta gulasch m. bönor veg.,Summa mättade fettsyror,Grönsaks- rotfrukts- baljväxträtter o produkter,0.2,g
6419,Gryta gulasch m. bönor veg.,"Kolhydrater, tillgängliga",Grönsaks- rotfrukts- baljväxträtter o produkter,7.2,g
6419,Gryta gulasch m. bönor veg.,Kolesterol,Grönsaks- rotfrukts- baljväxträtter o produkter,0.0,mg
6419,Gryta gulasch m. bönor veg.,"Kalium, K",Grönsaks- rotfrukts- baljväxträtter o produkter,139.0,mg
6419,Gryta gulasch m. bönor veg.,"Jod, I",Grönsaks- rotfrukts- baljväxträtter o produkter,2.2,µg
6419,Gryta gulasch m. bönor veg.,Fullkorn totalt,Grönsaks- rotfrukts- baljväxträtter o produkter,0.0,g
6419,Gryta gulasch m. bönor veg.,"Folat, totalt",Grönsaks- rotfrukts- baljväxträtter o produkter,11.0,µg
6419,Gryta gulasch m. bönor veg.,Fibrer,Grönsaks- rotfrukts- baljväxträtter o produkter,2.3,g
6419,Gryta gulasch m. bönor veg.,"Fett, totalt",Grönsaks- rotfrukts- baljväxträtter o produkter,1.8,g
6419,Gryta gulasch m. bönor veg.,"Järn, Fe",Grönsaks- rotfrukts- baljväxträtter o produkter,0.6,mg
6419,Gryta gulasch m. bönor veg.,Energi (kJ),Grönsaks- rotfrukts- baljväxträtter o produkter,250.0,kJ
6419,Gryta gulasch m. bönor veg.,Energi (kcal),Grönsaks- rotfrukts- baljväxträtter o produkter,60.0,kcal
6419,Gryta gulasch m. bönor veg.,Disackarider,Grönsaks- rotfrukts- baljväxträtter o produkter,0.4,g
6419,Gryta gulasch m. bönor veg.,"Kalcium, Ca",Grönsaks- rotfrukts- baljväxträtter o produkter,23.0,mg
6419,Gryta gulasch m. bönor veg.,Fettsyra 4:0-10:0,Grönsaks- rotfrukts- baljväxträtter o produkter,0.0,g
6419,Gryta gulasch m. bönor veg.,DHA (C22:6),Grönsaks- rotfrukts- baljväxträtter o produkter,0.0,g
6419,Gryta gulasch m. bönor veg.,DPA (C22:5),Grönsaks- rotfrukts- baljväxträtter o produkter,0.0,g
6419,Gryta gulasch m. bönor veg.,EPA (C20:5),Grönsaks- rotfrukts- baljväxträtter o produkter,0.0,g
6419,Gryta gulasch m. bönor veg.,Arakidonsyra C20:4,Grönsaks- rotfrukts- baljväxträtter o produkter,0.0,g
6419,Gryta gulasch m. bönor veg.,Arakidinsyra C20:0,Grönsaks- rotfrukts- baljväxträtter o produkter,0.0,g
6419,Gryta gulasch m. bönor veg.,Linolensyra C18:3,Grönsaks- rotfrukts- baljväxträtter o produkter,0.2,g
6419,Gryta gulasch m. bönor veg.,Linolsyra C18:2,Grönsaks- rotfrukts- baljväxträtter o produkter,0.3,g
6419,Gryta gulasch m. bönor veg.,Oljesyra C18:1,Grönsaks- rotfrukts- baljväxträtter o produkter,0.9,g
6419,Gryta gulasch m. bönor veg.,Stearinsyra C18:0,Grönsaks- rotfrukts- baljväxträtter o produkter,0.0,g
6419,Gryta gulasch m. bönor veg.,Palmitoljesyra C16:1,Grönsaks- rotfrukts- baljväxträtter o produkter,0.0,g
6419,Gryta gulasch m. bönor veg.,Palmitinsyra C16:0,Grönsaks- rotfrukts- baljväxträtter o produkter,0.1,g
6419,Gryta gulasch m. bönor veg.,Myristinsyra C14:0,Grönsaks- rotfrukts- baljväxträtter o produkter,0.0,g
6419,Gryta gulasch m. bönor veg.,Laurinsyra C12:0,Grönsaks- rotfrukts- baljväxträtter o produkter,0.0,g
6419,Gryta gulasch m. bönor veg.,Betakaroten/β-Karoten,Grönsaks- rotfrukts- baljväxträtter o produkter,100.0,µg
6419,Gryta gulasch m. bönor veg.,Avfall (skal etc.),Grönsaks- rotfrukts- baljväxträtter o produkter,4.0,%
6419,Gryta gulasch m. bönor veg.,Aska,Grönsaks- rotfrukts- baljväxträtter o produkter,1.2,g
6419,Gryta gulasch m. bönor veg.,Alkohol,Grönsaks- rotfrukts- baljväxträtter o produkter,0.0,g
6420,Grönsaker ugnsstekta,"Zink, Zn",Grönsaks- rotfrukts- baljväxträtter o produkter,0.4,mg
6420,Grönsaker ugnsstekta,Vitamin E,Grönsaks- rotfrukts- baljväxträtter o produkter,1.0,mg
6420,Grönsaker ugnsstekta,Vitamin D inkl 25-OH-D3,Grönsaks- rotfrukts- baljväxträtter o produkter,0.0,µg
6420,Grönsaker ugnsstekta,Vitamin D,Grönsaks- rotfrukts- baljväxträtter o produkter,0.0,µg
6420,Grönsaker ugnsstekta,Vitamin C,Grönsaks- rotfrukts- baljväxträtter o produkter,35.2,mg
6420,Grönsaker ugnsstekta,Vitamin B6,Grönsaks- rotfrukts- baljväxträtter o produkter,0.12,mg
6420,Grönsaker ugnsstekta,Vitamin B12,Grönsaks- rotfrukts- baljväxträtter o produkter,0.0,µg
6420,Grönsaker ugnsstekta,Vitamin A,Grönsaks- rotfrukts- baljväxträtter o produkter,20.7,RE/µg
6420,Grönsaker ugnsstekta,Vatten,Grönsaks- rotfrukts- baljväxträtter o produkter,91.3,g
6420,Grönsaker ugnsstekta,Tiamin,Grönsaks- rotfrukts- baljväxträtter o produkter,0.03,mg
6420,Grönsaker ugnsstekta,Tillsatt socker,Grönsaks- rotfrukts- baljväxträtter o produkter,0.0,g
6420,Grönsaker ugnsstekta,Fritt socker,Grönsaks- rotfrukts- baljväxträtter o produkter,0.0,g
6420,Grönsaker ugnsstekta,"Selen, Se",Grönsaks- rotfrukts- baljväxträtter o produkter,0.0,µg
6420,Grönsaker ugnsstekta,Sackaros,Grönsaks- rotfrukts- baljväxträtter o produkter,0.2,g
6420,Grönsaker ugnsstekta,Riboflavin,Grönsaks- rotfrukts- baljväxträtter o produkter,0.03,mg
6420,Grönsaker ugnsstekta,Retinol,Grönsaks- rotfrukts- baljväxträtter o produkter,0.0,µg
6420,Grönsaker ugnsstekta,Protein,Grönsaks- rotfrukts- baljväxträtter o produkter,0.7,g
6420,Grönsaker ugnsstekta,Summa fleromättade fettsyror,Grönsaks- rotfrukts- baljväxträtter o produkter,0.0,g
6420,Grönsaker ugnsstekta,"Fosfor, P",Grönsaks- rotfrukts- baljväxträtter o produkter,34.0,mg
6420,Grönsaker ugnsstekta,Niacinekvivalenter,Grönsaks- rotfrukts- baljväxträtter o produkter,0.97,NE/mg
6420,Grönsaker ugnsstekta,Niacin,Grönsaks- rotfrukts- baljväxträtter o produkter,0.79,mg
6420,Grönsaker ugnsstekta,"Salt, NaCl",Grönsaks- rotfrukts- baljväxträtter o produkter,0.6,g
6420,Grönsaker ugnsstekta,"Natrium, Na",Grönsaks- rotfrukts- baljväxträtter o produkter,258.0,mg
6420,Grönsaker ugnsstekta,Monosackarider,Grönsaks- rotfrukts- baljväxträtter o produkter,4.3,g
6420,Grönsaker ugnsstekta,"Sockerarter, totalt",Grönsaks- rotfrukts- baljväxträtter o produkter,4.4,g
6420,Grönsaker ugnsstekta,Summa enkelomättade fettsyror,Grönsaks- rotfrukts- baljväxträtter o produkter,0.0,g
6420,Grönsaker ugnsstekta,"Magnesium, Mg",Grönsaks- rotfrukts- baljväxträtter o produkter,20.0,mg
6420,Grönsaker ugnsstekta,Summa mättade fettsyror,Grönsaks- rotfrukts- baljväxträtter o produkter,0.0,g
6420,Grönsaker ugnsstekta,"Kolhydrater, tillgängliga",Grönsaks- rotfrukts- baljväxträtter o produkter,3.7,g
6420,Grönsaker ugnsstekta,Kolesterol,Grönsaks- rotfrukts- baljväxträtter o produkter,0.0,mg
6420,Grönsaker ugnsstekta,"Kalium, K",Grönsaks- rotfrukts- baljväxträtter o produkter,231.0,mg
6420,Grönsaker ugnsstekta,"Jod, I",Grönsaks- rotfrukts- baljväxträtter o produkter,32.5,µg
6420,Grönsaker ugnsstekta,Fullkorn totalt,Grönsaks- rotfrukts- baljväxträtter o produkter,0.0,g
6420,Grönsaker ugnsstekta,"Folat, totalt",Grönsaks- rotfrukts- baljväxträtter o produkter,28.7,µg
6420,Grönsaker ugnsstekta,Fibrer,Grönsaks- rotfrukts- baljväxträtter o produkter,2.6,g
6420,Grönsaker ugnsstekta,"Fett, totalt",Grönsaks- rotfrukts- baljväxträtter o produkter,0.2,g
6420,Grönsaker ugnsstekta,"Järn, Fe",Grönsaks- rotfrukts- baljväxträtter o produkter,0.4,mg
6420,Grönsaker ugnsstekta,Energi (kJ),Grönsaks- rotfrukts- baljväxträtter o produkter,103.0,kJ
6420,Grönsaker ugnsstekta,Energi (kcal),Grönsaks- rotfrukts- baljväxträtter o produkter,24.0,kcal
6420,Grönsaker ugnsstekta,Disackarider,Grönsaks- rotfrukts- baljväxträtter o produkter,0.2,g
6420,Grönsaker ugnsstekta,"Kalcium, Ca",Grönsaks- rotfrukts- baljväxträtter o produkter,20.0,mg
6420,Grönsaker ugnsstekta,Fettsyra 4:0-10:0,Grönsaks- rotfrukts- baljväxträtter o produkter,0.0,g
6420,Grönsaker ugnsstekta,DHA (C22:6),Grönsaks- rotfrukts- baljväxträtter o produkter,0.0,g
6420,Grönsaker ugnsstekta,DPA (C22:5),Grönsaks- rotfrukts- baljväxträtter o produkter,0.0,g
6420,Grönsaker ugnsstekta,EPA (C20:5),Grönsaks- rotfrukts- baljväxträtter o produkter,0.0,g
6420,Grönsaker ugnsstekta,Arakidonsyra C20:4,Grönsaks- rotfrukts- baljväxträtter o produkter,0.0,g
6420,Grönsaker ugnsstekta,Arakidinsyra C20:0,Grönsaks- rotfrukts- baljväxträtter o produkter,0.0,g
6420,Grönsaker ugnsstekta,Linolensyra C18:3,Grönsaks- rotfrukts- baljväxträtter o produkter,0.0,g
6420,Grönsaker ugnsstekta,Linolsyra C18:2,Grönsaks- rotfrukts- baljväxträtter o produkter,0.0,g
6420,Grönsaker ugnsstekta,Oljesyra C18:1,Grönsaks- rotfrukts- baljväxträtter o produkter,0.0,g
6420,Grönsaker ugnsstekta,Stearinsyra C18:0,Grönsaks- rotfrukts- baljväxträtter o produkter,0.0,g
6420,Grönsaker ugnsstekta,Palmitoljesyra C16:1,Grönsaks- rotfrukts- baljväxträtter o produkter,0.0,g
6420,Grönsaker ugnsstekta,Palmitinsyra C16:0,Grönsaks- rotfrukts- baljväxträtter o produkter,0.0,g
6420,Grönsaker ugnsstekta,Myristinsyra C14:0,Grönsaks- rotfrukts- baljväxträtter o produkter,0.0,g
6420,Grönsaker ugnsstekta,Laurinsyra C12:0,Grönsaks- rotfrukts- baljväxträtter o produkter,0.0,g
6420,Grönsaker ugnsstekta,Betakaroten/β-Karoten,Grönsaks- rotfrukts- baljväxträtter o produkter,229.0,µg
6420,Grönsaker ugnsstekta,Avfall (skal etc.),Grönsaks- rotfrukts- baljväxträtter o produkter,7.0,%
6420,Grönsaker ugnsstekta,Aska,Grönsaks- rotfrukts- baljväxträtter o produkter,1.5,g
6420,Grönsaker ugnsstekta,Alkohol,Grönsaks- rotfrukts- baljväxträtter o produkter,0.0,g
6421,Majssås,"Zink, Zn",Sås dressing majonnäs ,0.2,mg
6421,Majssås,Vitamin E,Sås dressing majonnäs ,0.2,mg
6421,Majssås,Vitamin D,Sås dressing majonnäs ,0.04,µg
6421,Majssås,Vitamin C,Sås dressing majonnäs ,0.7,mg
6421,Majssås,Vitamin B6,Sås dressing majonnäs ,0.03,mg
6421,Majssås,Vitamin B12,Sås dressing majonnäs ,0.37,µg
6421,Majssås,Vitamin A,Sås dressing majonnäs ,57.6,RE/µg
6421,Majssås,Vatten,Sås dressing majonnäs ,79.1,g
6421,Majssås,Tiamin,Sås dressing majonnäs ,0.02,mg
6421,Majssås,Tillsatt socker,Sås dressing majonnäs ,0.0,g
6421,Majssås,Fritt socker,Sås dressing majonnäs ,0.0,g
6421,Majssås,"Selen, Se",Sås dressing majonnäs ,0.3,µg
6421,Majssås,Sackaros,Sås dressing majonnäs ,1.7,g
6421,Majssås,Riboflavin,Sås dressing majonnäs ,0.06,mg
6421,Majssås,Retinol,Sås dressing majonnäs ,54.4,µg
6421,Majssås,Protein,Sås dressing majonnäs ,2.1,g
6421,Majssås,Summa fleromättade fettsyror,Sås dressing majonnäs ,0.4,g
6421,Majssås,"Fosfor, P",Sås dressing majonnäs ,41.0,mg
6421,Majssås,Niacinekvivalenter,Sås dressing majonnäs ,1.11,NE/mg
6421,Majssås,Niacin,Sås dressing majonnäs ,0.72,mg
6421,Majssås,"Salt, NaCl",Sås dressing majonnäs ,4.3,g
6421,Majssås,"Natrium, Na",Sås dressing majonnäs ,1725.0,mg
6421,Majssås,Monosackarider,Sås dressing majonnäs ,0.1,g
6421,Majssås,"Sockerarter, totalt",Sås dressing majonnäs ,2.8,g
6421,Majssås,Summa enkelomättade fettsyror,Sås dressing majonnäs ,2.0,g
6421,Majssås,"Magnesium, Mg",Sås dressing majonnäs ,10.0,mg
6421,Majssås,Summa mättade fettsyror,Sås dressing majonnäs ,4.2,g
6421,Majssås,"Kolhydrater, tillgängliga",Sås dressing majonnäs ,5.7,g
6421,Majssås,Kolesterol,Sås dressing majonnäs ,17.2,mg
6421,Majssås,"Kalium, K",Sås dressing majonnäs ,76.0,mg
6421,Majssås,"Jod, I",Sås dressing majonnäs ,60.9,µg
6421,Majssås,Fullkorn totalt,Sås dressing majonnäs ,31.0,g
6421,Majssås,"Folat, totalt",Sås dressing majonnäs ,16.6,µg
6421,Majssås,Fibrer,Sås dressing majonnäs ,0.9,g
6421,Majssås,"Fett, totalt",Sås dressing majonnäs ,7.2,g
6421,Majssås,"Järn, Fe",Sås dressing majonnäs ,0.2,mg
6421,Majssås,Energi (kJ),Sås dressing majonnäs ,408.0,kJ
6421,Majssås,Energi (kcal),Sås dressing majonnäs ,98.0,kcal
6421,Majssås,Disackarider,Sås dressing majonnäs ,2.5,g
6421,Majssås,"Kalcium, Ca",Sås dressing majonnäs ,26.0,mg
6421,Majssås,Fettsyra 4:0-10:0,Sås dressing majonnäs ,0.5,g
6421,Majssås,DHA (C22:6),Sås dressing majonnäs ,0.0,g
6421,Majssås,DPA (C22:5),Sås dressing majonnäs ,0.0,g
6421,Majssås,EPA (C20:5),Sås dressing majonnäs ,0.0,g
6421,Majssås,Arakidonsyra C20:4,Sås dressing majonnäs ,0.0,g
6421,Majssås,Arakidinsyra C20:0,Sås dressing majonnäs ,0.0,g
6421,Majssås,Linolensyra C18:3,Sås dressing majonnäs ,0.1,g
6421,Majssås,Linolsyra C18:2,Sås dressing majonnäs ,0.4,g
6421,Majssås,Oljesyra C18:1,Sås dressing majonnäs ,1.8,g
6421,Majssås,Stearinsyra C18:0,Sås dressing majonnäs ,0.7,g
6421,Majssås,Palmitoljesyra C16:1,Sås dressing majonnäs ,0.2,g
6421,Majssås,Palmitinsyra C16:0,Sås dressing majonnäs ,2.1,g
6421,Majssås,Myristinsyra C14:0,Sås dressing majonnäs ,0.6,g
6421,Majssås,Laurinsyra C12:0,Sås dressing majonnäs ,0.2,g
6421,Majssås,Betakaroten/β-Karoten,Sås dressing majonnäs ,33.0,µg
6421,Majssås,Avfall (skal etc.),Sås dressing majonnäs ,0.0,%
6421,Majssås,Aska,Sås dressing majonnäs ,4.9,g
6421,Majssås,Alkohol,Sås dressing majonnäs ,0.0,g
6422,Gryta kikärtsgryta m. aprikos blandade grönsaker veg.,"Zink, Zn",Grönsaks- rotfrukts- baljväxträtter o produkter,0.3,mg
6422,Gryta kikärtsgryta m. aprikos blandade grönsaker veg.,Vitamin E,Grönsaks- rotfrukts- baljväxträtter o produkter,0.8,mg
6422,Gryta kikärtsgryta m. aprikos blandade grönsaker veg.,Vitamin D,Grönsaks- rotfrukts- baljväxträtter o produkter,0.0,µg
6422,Gryta kikärtsgryta m. aprikos blandade grönsaker veg.,Vitamin C,Grönsaks- rotfrukts- baljväxträtter o produkter,16.0,mg
6422,Gryta kikärtsgryta m. aprikos blandade grönsaker veg.,Vitamin B6,Grönsaks- rotfrukts- baljväxträtter o produkter,0.05,mg
6422,Gryta kikärtsgryta m. aprikos blandade grönsaker veg.,Vitamin B12,Grönsaks- rotfrukts- baljväxträtter o produkter,0.0,µg
6422,Gryta kikärtsgryta m. aprikos blandade grönsaker veg.,Vitamin A,Grönsaks- rotfrukts- baljväxträtter o produkter,27.0,RE/µg
6422,Gryta kikärtsgryta m. aprikos blandade grönsaker veg.,Vatten,Grönsaks- rotfrukts- baljväxträtter o produkter,85.3,g
6422,Gryta kikärtsgryta m. aprikos blandade grönsaker veg.,Tiamin,Grönsaks- rotfrukts- baljväxträtter o produkter,0.03,mg
6422,Gryta kikärtsgryta m. aprikos blandade grönsaker veg.,Tillsatt socker,Grönsaks- rotfrukts- baljväxträtter o produkter,0.0,g
6422,Gryta kikärtsgryta m. aprikos blandade grönsaker veg.,Fritt socker,Grönsaks- rotfrukts- baljväxträtter o produkter,0.0,g
6422,Gryta kikärtsgryta m. aprikos blandade grönsaker veg.,"Selen, Se",Grönsaks- rotfrukts- baljväxträtter o produkter,3.4,µg
6422,Gryta kikärtsgryta m. aprikos blandade grönsaker veg.,Sackaros,Grönsaks- rotfrukts- baljväxträtter o produkter,0.4,g
6422,Gryta kikärtsgryta m. aprikos blandade grönsaker veg.,Riboflavin,Grönsaks- rotfrukts- baljväxträtter o produkter,0.02,mg
6422,Gryta kikärtsgryta m. aprikos blandade grönsaker veg.,Retinol,Grönsaks- rotfrukts- baljväxträtter o produkter,17.2,µg
6422,Gryta kikärtsgryta m. aprikos blandade grönsaker veg.,Protein,Grönsaks- rotfrukts- baljväxträtter o produkter,1.8,g
6422,Gryta kikärtsgryta m. aprikos blandade grönsaker veg.,Summa fleromättade fettsyror,Grönsaks- rotfrukts- baljväxträtter o produkter,0.3,g
6422,Gryta kikärtsgryta m. aprikos blandade grönsaker veg.,"Fosfor, P",Grönsaks- rotfrukts- baljväxträtter o produkter,34.0,mg
6422,Gryta kikärtsgryta m. aprikos blandade grönsaker veg.,Niacinekvivalenter,Grönsaks- rotfrukts- baljväxträtter o produkter,0.89,NE/mg
6422,Gryta kikärtsgryta m. aprikos blandade grönsaker veg.,Niacin,Grönsaks- rotfrukts- baljväxträtter o produkter,0.57,mg
6422,Gryta kikärtsgryta m. aprikos blandade grönsaker veg.,"Salt, NaCl",Grönsaks- rotfrukts- baljväxträtter o produkter,0.3,g
6422,Gryta kikärtsgryta m. aprikos blandade grönsaker veg.,"Natrium, Na",Grönsaks- rotfrukts- baljväxträtter o produkter,106.0,mg
6422,Gryta kikärtsgryta m. aprikos blandade grönsaker veg.,Monosackarider,Grönsaks- rotfrukts- baljväxträtter o produkter,2.9,g
6422,Gryta kikärtsgryta m. aprikos blandade grönsaker veg.,"Sockerarter, totalt",Grönsaks- rotfrukts- baljväxträtter o produkter,3.4,g
6422,Gryta kikärtsgryta m. aprikos blandade grönsaker veg.,Summa enkelomättade fettsyror,Grönsaks- rotfrukts- baljväxträtter o produkter,0.5,g
6422,Gryta kikärtsgryta m. aprikos blandade grönsaker veg.,"Magnesium, Mg",Grönsaks- rotfrukts- baljväxträtter o produkter,14.0,mg
6422,Gryta kikärtsgryta m. aprikos blandade grönsaker veg.,Summa mättade fettsyror,Grönsaks- rotfrukts- baljväxträtter o produkter,1.4,g
6422,Gryta kikärtsgryta m. aprikos blandade grönsaker veg.,"Kolhydrater, tillgängliga",Grönsaks- rotfrukts- baljväxträtter o produkter,7.3,g
6422,Gryta kikärtsgryta m. aprikos blandade grönsaker veg.,Kolesterol,Grönsaks- rotfrukts- baljväxträtter o produkter,3.7,mg
6422,Gryta kikärtsgryta m. aprikos blandade grönsaker veg.,"Kalium, K",Grönsaks- rotfrukts- baljväxträtter o produkter,94.0,mg
6422,Gryta kikärtsgryta m. aprikos blandade grönsaker veg.,"Jod, I",Grönsaks- rotfrukts- baljväxträtter o produkter,1.5,µg
6422,Gryta kikärtsgryta m. aprikos blandade grönsaker veg.,Fullkorn totalt,Grönsaks- rotfrukts- baljväxträtter o produkter,0.0,g
6422,Gryta kikärtsgryta m. aprikos blandade grönsaker veg.,"Folat, totalt",Grönsaks- rotfrukts- baljväxträtter o produkter,16.8,µg
6422,Gryta kikärtsgryta m. aprikos blandade grönsaker veg.,Fibrer,Grönsaks- rotfrukts- baljväxträtter o produkter,2.1,g
6422,Gryta kikärtsgryta m. aprikos blandade grönsaker veg.,"Fett, totalt",Grönsaks- rotfrukts- baljväxträtter o produkter,2.5,g
6422,Gryta kikärtsgryta m. aprikos blandade grönsaker veg.,"Järn, Fe",Grönsaks- rotfrukts- baljväxträtter o produkter,0.5,mg
6422,Gryta kikärtsgryta m. aprikos blandade grönsaker veg.,Energi (kJ),Grönsaks- rotfrukts- baljväxträtter o produkter,261.0,kJ
6422,Gryta kikärtsgryta m. aprikos blandade grönsaker veg.,Energi (kcal),Grönsaks- rotfrukts- baljväxträtter o produkter,62.0,kcal
6422,Gryta kikärtsgryta m. aprikos blandade grönsaker veg.,Disackarider,Grönsaks- rotfrukts- baljväxträtter o produkter,0.6,g
6422,Gryta kikärtsgryta m. aprikos blandade grönsaker veg.,"Kalcium, Ca",Grönsaks- rotfrukts- baljväxträtter o produkter,23.0,mg
6422,Gryta kikärtsgryta m. aprikos blandade grönsaker veg.,Fettsyra 4:0-10:0,Grönsaks- rotfrukts- baljväxträtter o produkter,0.1,g
6422,Gryta kikärtsgryta m. aprikos blandade grönsaker veg.,DHA (C22:6),Grönsaks- rotfrukts- baljväxträtter o produkter,0.0,g
6422,Gryta kikärtsgryta m. aprikos blandade grönsaker veg.,DPA (C22:5),Grönsaks- rotfrukts- baljväxträtter o produkter,0.0,g
6422,Gryta kikärtsgryta m. aprikos blandade grönsaker veg.,EPA (C20:5),Grönsaks- rotfrukts- baljväxträtter o produkter,0.0,g
6422,Gryta kikärtsgryta m. aprikos blandade grönsaker veg.,Arakidonsyra C20:4,Grönsaks- rotfrukts- baljväxträtter o produkter,0.0,g
6422,Gryta kikärtsgryta m. aprikos blandade grönsaker veg.,Arakidinsyra C20:0,Grönsaks- rotfrukts- baljväxträtter o produkter,0.0,g
6422,Gryta kikärtsgryta m. aprikos blandade grönsaker veg.,Linolensyra C18:3,Grönsaks- rotfrukts- baljväxträtter o produkter,0.0,g
6422,Gryta kikärtsgryta m. aprikos blandade grönsaker veg.,Linolsyra C18:2,Grönsaks- rotfrukts- baljväxträtter o produkter,0.2,g
6422,Gryta kikärtsgryta m. aprikos blandade grönsaker veg.,Oljesyra C18:1,Grönsaks- rotfrukts- baljväxträtter o produkter,0.5,g
6422,Gryta kikärtsgryta m. aprikos blandade grönsaker veg.,Stearinsyra C18:0,Grönsaks- rotfrukts- baljväxträtter o produkter,0.2,g
6422,Gryta kikärtsgryta m. aprikos blandade grönsaker veg.,Palmitoljesyra C16:1,Grönsaks- rotfrukts- baljväxträtter o produkter,0.0,g
6422,Gryta kikärtsgryta m. aprikos blandade grönsaker veg.,Palmitinsyra C16:0,Grönsaks- rotfrukts- baljväxträtter o produkter,0.7,g
6422,Gryta kikärtsgryta m. aprikos blandade grönsaker veg.,Myristinsyra C14:0,Grönsaks- rotfrukts- baljväxträtter o produkter,0.2,g
6422,Gryta kikärtsgryta m. aprikos blandade grönsaker veg.,Laurinsyra C12:0,Grönsaks- rotfrukts- baljväxträtter o produkter,0.1,g
6422,Gryta kikärtsgryta m. aprikos blandade grönsaker veg.,Betakaroten/β-Karoten,Grönsaks- rotfrukts- baljväxträtter o produkter,108.0,µg
6422,Gryta kikärtsgryta m. aprikos blandade grönsaker veg.,Avfall (skal etc.),Grönsaks- rotfrukts- baljväxträtter o produkter,4.0,%
6422,Gryta kikärtsgryta m. aprikos blandade grönsaker veg.,Aska,Grönsaks- rotfrukts- baljväxträtter o produkter,1.1,g
6422,Gryta kikärtsgryta m. aprikos blandade grönsaker veg.,Alkohol,Grönsaks- rotfrukts- baljväxträtter o produkter,0.0,g
6423,Svamp stroganoff veg.,"Zink, Zn",Grönsaks- rotfrukts- baljväxträtter o produkter,0.5,mg
6423,Svamp stroganoff veg.,Vitamin E,Grönsaks- rotfrukts- baljväxträtter o produkter,0.9,mg
6423,Svamp stroganoff veg.,Vitamin D,Grönsaks- rotfrukts- baljväxträtter o produkter,0.19,µg
6423,Svamp stroganoff veg.,Vitamin C,Grönsaks- rotfrukts- baljväxträtter o produkter,2.7,mg
6423,Svamp stroganoff veg.,Vitamin B6,Grönsaks- rotfrukts- baljväxträtter o produkter,0.06,mg
6423,Svamp stroganoff veg.,Vitamin B12,Grönsaks- rotfrukts- baljväxträtter o produkter,0.14,µg
6423,Svamp stroganoff veg.,Vitamin A,Grönsaks- rotfrukts- baljväxträtter o produkter,53.1,RE/µg
6423,Svamp stroganoff veg.,Vatten,Grönsaks- rotfrukts- baljväxträtter o produkter,81.6,g
6423,Svamp stroganoff veg.,Tiamin,Grönsaks- rotfrukts- baljväxträtter o produkter,0.08,mg
6423,Svamp stroganoff veg.,Tillsatt socker,Grönsaks- rotfrukts- baljväxträtter o produkter,0.0,g
6423,Svamp stroganoff veg.,Fritt socker,Grönsaks- rotfrukts- baljväxträtter o produkter,0.0,g
6423,Svamp stroganoff veg.,"Selen, Se",Grönsaks- rotfrukts- baljväxträtter o produkter,12.7,µg
6423,Svamp stroganoff veg.,Sackaros,Grönsaks- rotfrukts- baljväxträtter o produkter,0.2,g
6423,Svamp stroganoff veg.,Riboflavin,Grönsaks- rotfrukts- baljväxträtter o produkter,0.27,mg
6423,Svamp stroganoff veg.,Retinol,Grönsaks- rotfrukts- baljväxträtter o produkter,38.4,µg
6423,Svamp stroganoff veg.,Protein,Grönsaks- rotfrukts- baljväxträtter o produkter,3.1,g
6423,Svamp stroganoff veg.,Summa fleromättade fettsyror,Grönsaks- rotfrukts- baljväxträtter o produkter,0.7,g
6423,Svamp stroganoff veg.,"Fosfor, P",Grönsaks- rotfrukts- baljväxträtter o produkter,48.0,mg
6423,Svamp stroganoff veg.,Niacinekvivalenter,Grönsaks- rotfrukts- baljväxträtter o produkter,2.65,NE/mg
6423,Svamp stroganoff veg.,Niacin,Grönsaks- rotfrukts- baljväxträtter o produkter,2.08,mg
6423,Svamp stroganoff veg.,"Salt, NaCl",Grönsaks- rotfrukts- baljväxträtter o produkter,0.8,g
6423,Svamp stroganoff veg.,"Natrium, Na",Grönsaks- rotfrukts- baljväxträtter o produkter,313.0,mg
6423,Svamp stroganoff veg.,Monosackarider,Grönsaks- rotfrukts- baljväxträtter o produkter,1.2,g
6423,Svamp stroganoff veg.,"Sockerarter, totalt",Grönsaks- rotfrukts- baljväxträtter o produkter,2.6,g
6423,Svamp stroganoff veg.,Summa enkelomättade fettsyror,Grönsaks- rotfrukts- baljväxträtter o produkter,2.1,g
6423,Svamp stroganoff veg.,"Magnesium, Mg",Grönsaks- rotfrukts- baljväxträtter o produkter,15.0,mg
6423,Svamp stroganoff veg.,Summa mättade fettsyror,Grönsaks- rotfrukts- baljväxträtter o produkter,2.8,g
6423,Svamp stroganoff veg.,"Kolhydrater, tillgängliga",Grönsaks- rotfrukts- baljväxträtter o produkter,4.9,g
6423,Svamp stroganoff veg.,Kolesterol,Grönsaks- rotfrukts- baljväxträtter o produkter,12.1,mg
6423,Svamp stroganoff veg.,"Kalium, K",Grönsaks- rotfrukts- baljväxträtter o produkter,165.0,mg
6423,Svamp stroganoff veg.,"Jod, I",Grönsaks- rotfrukts- baljväxträtter o produkter,41.9,µg
6423,Svamp stroganoff veg.,Fullkorn totalt,Grönsaks- rotfrukts- baljväxträtter o produkter,0.0,g
6423,Svamp stroganoff veg.,"Folat, totalt",Grönsaks- rotfrukts- baljväxträtter o produkter,20.9,µg
6423,Svamp stroganoff veg.,Fibrer,Grönsaks- rotfrukts- baljväxträtter o produkter,2.2,g
6423,Svamp stroganoff veg.,"Fett, totalt",Grönsaks- rotfrukts- baljväxträtter o produkter,6.2,g
6423,Svamp stroganoff veg.,"Järn, Fe",Grönsaks- rotfrukts- baljväxträtter o produkter,0.3,mg
6423,Svamp stroganoff veg.,Energi (kJ),Grönsaks- rotfrukts- baljväxträtter o produkter,385.0,kJ
6423,Svamp stroganoff veg.,Energi (kcal),Grönsaks- rotfrukts- baljväxträtter o produkter,92.0,kcal
6423,Svamp stroganoff veg.,Disackarider,Grönsaks- rotfrukts- baljväxträtter o produkter,1.4,g
6423,Svamp stroganoff veg.,"Kalcium, Ca",Grönsaks- rotfrukts- baljväxträtter o produkter,52.0,mg
6423,Svamp stroganoff veg.,Fettsyra 4:0-10:0,Grönsaks- rotfrukts- baljväxträtter o produkter,0.3,g
6423,Svamp stroganoff veg.,DHA (C22:6),Grönsaks- rotfrukts- baljväxträtter o produkter,0.0,g
6423,Svamp stroganoff veg.,DPA (C22:5),Grönsaks- rotfrukts- baljväxträtter o produkter,0.0,g
6423,Svamp stroganoff veg.,EPA (C20:5),Grönsaks- rotfrukts- baljväxträtter o produkter,0.0,g
6423,Svamp stroganoff veg.,Arakidonsyra C20:4,Grönsaks- rotfrukts- baljväxträtter o produkter,0.0,g
6423,Svamp stroganoff veg.,Arakidinsyra C20:0,Grönsaks- rotfrukts- baljväxträtter o produkter,0.0,g
6423,Svamp stroganoff veg.,Linolensyra C18:3,Grönsaks- rotfrukts- baljväxträtter o produkter,0.2,g
6423,Svamp stroganoff veg.,Linolsyra C18:2,Grönsaks- rotfrukts- baljväxträtter o produkter,0.5,g
6423,Svamp stroganoff veg.,Oljesyra C18:1,Grönsaks- rotfrukts- baljväxträtter o produkter,1.9,g
6423,Svamp stroganoff veg.,Stearinsyra C18:0,Grönsaks- rotfrukts- baljväxträtter o produkter,0.5,g
6423,Svamp stroganoff veg.,Palmitoljesyra C16:1,Grönsaks- rotfrukts- baljväxträtter o produkter,0.1,g
6423,Svamp stroganoff veg.,Palmitinsyra C16:0,Grönsaks- rotfrukts- baljväxträtter o produkter,1.4,g
6423,Svamp stroganoff veg.,Myristinsyra C14:0,Grönsaks- rotfrukts- baljväxträtter o produkter,0.4,g
6423,Svamp stroganoff veg.,Laurinsyra C12:0,Grönsaks- rotfrukts- baljväxträtter o produkter,0.1,g
6423,Svamp stroganoff veg.,Betakaroten/β-Karoten,Grönsaks- rotfrukts- baljväxträtter o produkter,136.0,µg
6423,Svamp stroganoff veg.,Avfall (skal etc.),Grönsaks- rotfrukts- baljväxträtter o produkter,1.0,%
6423,Svamp stroganoff veg.,Aska,Grönsaks- rotfrukts- baljväxträtter o produkter,1.9,g
6423,Svamp stroganoff veg.,Alkohol,Grönsaks- rotfrukts- baljväxträtter o produkter,0.0,g
6424,Broccolisås,"Zink, Zn",Sås dressing majonnäs ,0.5,mg
6424,Broccolisås,Vitamin E,Sås dressing majonnäs ,0.9,mg
6424,Broccolisås,Vitamin D,Sås dressing majonnäs ,0.03,µg
6424,Broccolisås,Vitamin C,Sås dressing majonnäs ,15.6,mg
6424,Broccolisås,Vitamin B6,Sås dressing majonnäs ,0.05,mg
6424,Broccolisås,Vitamin B12,Sås dressing majonnäs ,0.27,µg
6424,Broccolisås,Vitamin A,Sås dressing majonnäs ,131.1,RE/µg
6424,Broccolisås,Vatten,Sås dressing majonnäs ,78.1,g
6424,Broccolisås,Tiamin,Sås dressing majonnäs ,0.04,mg
6424,Broccolisås,Tillsatt socker,Sås dressing majonnäs ,0.0,g
6424,Broccolisås,Fritt socker,Sås dressing majonnäs ,0.0,g
6424,Broccolisås,"Selen, Se",Sås dressing majonnäs ,1.3,µg
6424,Broccolisås,Sackaros,Sås dressing majonnäs ,0.1,g
6424,Broccolisås,Riboflavin,Sås dressing majonnäs ,0.07,mg
6424,Broccolisås,Retinol,Sås dressing majonnäs ,105.6,µg
6424,Broccolisås,Protein,Sås dressing majonnäs ,4.0,g
6424,Broccolisås,Summa fleromättade fettsyror,Sås dressing majonnäs ,0.4,g
6424,Broccolisås,"Fosfor, P",Sås dressing majonnäs ,87.0,mg
6424,Broccolisås,Niacinekvivalenter,Sås dressing majonnäs ,1.17,NE/mg
6424,Broccolisås,Niacin,Sås dressing majonnäs ,0.31,mg
6424,Broccolisås,"Salt, NaCl",Sås dressing majonnäs ,1.5,g
6424,Broccolisås,"Natrium, Na",Sås dressing majonnäs ,594.0,mg
6424,Broccolisås,Monosackarider,Sås dressing majonnäs ,0.7,g
6424,Broccolisås,"Sockerarter, totalt",Sås dressing majonnäs ,2.0,g
6424,Broccolisås,Summa enkelomättade fettsyror,Sås dressing majonnäs ,3.0,g
6424,Broccolisås,"Magnesium, Mg",Sås dressing majonnäs ,14.0,mg
6424,Broccolisås,Summa mättade fettsyror,Sås dressing majonnäs ,7.9,g
6424,Broccolisås,"Kolhydrater, tillgängliga",Sås dressing majonnäs ,2.4,g
6424,Broccolisås,Kolesterol,Sås dressing majonnäs ,34.7,mg
6424,Broccolisås,"Kalium, K",Sås dressing majonnäs ,112.0,mg
6424,Broccolisås,"Jod, I",Sås dressing majonnäs ,68.9,µg
6424,Broccolisås,Fullkorn totalt,Sås dressing majonnäs ,0.0,g
6424,Broccolisås,"Folat, totalt",Sås dressing majonnäs ,32.5,µg
6424,Broccolisås,Fibrer,Sås dressing majonnäs ,1.0,g
6424,Broccolisås,"Fett, totalt",Sås dressing majonnäs ,12.4,g
6424,Broccolisås,"Järn, Fe",Sås dressing majonnäs ,0.3,mg
6424,Broccolisås,Energi (kJ),Sås dressing majonnäs ,574.0,kJ
6424,Broccolisås,Energi (kcal),Sås dressing majonnäs ,137.0,kcal
6424,Broccolisås,Disackarider,Sås dressing majonnäs ,1.4,g
6424,Broccolisås,"Kalcium, Ca",Sås dressing majonnäs ,102.0,mg
6424,Broccolisås,Fettsyra 4:0-10:0,Sås dressing majonnäs ,0.9,g
6424,Broccolisås,DHA (C22:6),Sås dressing majonnäs ,0.0,g
6424,Broccolisås,DPA (C22:5),Sås dressing majonnäs ,0.0,g
6424,Broccolisås,EPA (C20:5),Sås dressing majonnäs ,0.0,g
6424,Broccolisås,Arakidonsyra C20:4,Sås dressing majonnäs ,0.0,g
6424,Broccolisås,Arakidinsyra C20:0,Sås dressing majonnäs ,0.0,g
6424,Broccolisås,Linolensyra C18:3,Sås dressing majonnäs ,0.1,g
6424,Broccolisås,Linolsyra C18:2,Sås dressing majonnäs ,0.2,g
6424,Broccolisås,Oljesyra C18:1,Sås dressing majonnäs ,2.7,g
6424,Broccolisås,Stearinsyra C18:0,Sås dressing majonnäs ,1.3,g
6424,Broccolisås,Palmitoljesyra C16:1,Sås dressing majonnäs ,0.2,g
6424,Broccolisås,Palmitinsyra C16:0,Sås dressing majonnäs ,3.8,g
6424,Broccolisås,Myristinsyra C14:0,Sås dressing majonnäs ,1.3,g
6424,Broccolisås,Laurinsyra C12:0,Sås dressing majonnäs ,0.4,g
6424,Broccolisås,Betakaroten/β-Karoten,Sås dressing majonnäs ,303.0,µg
6424,Broccolisås,Avfall (skal etc.),Sås dressing majonnäs ,0.0,%
6424,Broccolisås,Aska,Sås dressing majonnäs ,2.2,g
6424,Broccolisås,Alkohol,Sås dressing majonnäs ,0.0,g
6425,Gryta indisk lammgryta,"Zink, Zn",Köttprodukter kötträtter,1.4,mg
6425,Gryta indisk lammgryta,Vitamin E,Köttprodukter kötträtter,1.2,mg
6425,Gryta indisk lammgryta,Vitamin D,Köttprodukter kötträtter,0.05,µg
6425,Gryta indisk lammgryta,Vitamin C,Köttprodukter kötträtter,1.4,mg
6425,Gryta indisk lammgryta,Vitamin B6,Köttprodukter kötträtter,0.1,mg
6425,Gryta indisk lammgryta,Vitamin B12,Köttprodukter kötträtter,0.27,µg
6425,Gryta indisk lammgryta,Vitamin A,Köttprodukter kötträtter,16.8,RE/µg
6425,Gryta indisk lammgryta,Vatten,Köttprodukter kötträtter,77.9,g
6425,Gryta indisk lammgryta,Tiamin,Köttprodukter kötträtter,0.06,mg
6425,Gryta indisk lammgryta,Tillsatt socker,Köttprodukter kötträtter,1.0,g
6425,Gryta indisk lammgryta,Fritt socker,Köttprodukter kötträtter,1.0,g
6425,Gryta indisk lammgryta,"Selen, Se",Köttprodukter kötträtter,2.1,µg
6425,Gryta indisk lammgryta,Sackaros,Köttprodukter kötträtter,1.3,g
6425,Gryta indisk lammgryta,Riboflavin,Köttprodukter kötträtter,0.08,mg
6425,Gryta indisk lammgryta,Retinol,Köttprodukter kötträtter,12.7,µg
6425,Gryta indisk lammgryta,Protein,Köttprodukter kötträtter,9.4,g
6425,Gryta indisk lammgryta,Summa fleromättade fettsyror,Köttprodukter kötträtter,1.1,g
6425,Gryta indisk lammgryta,"Fosfor, P",Köttprodukter kötträtter,96.0,mg
6425,Gryta indisk lammgryta,Niacinekvivalenter,Köttprodukter kötträtter,4.81,NE/mg
6425,Gryta indisk lammgryta,Niacin,Köttprodukter kötträtter,3.1,mg
6425,Gryta indisk lammgryta,"Salt, NaCl",Köttprodukter kötträtter,0.9,g
6425,Gryta indisk lammgryta,"Natrium, Na",Köttprodukter kötträtter,364.0,mg
6425,Gryta indisk lammgryta,Monosackarider,Köttprodukter kötträtter,1.6,g
6425,Gryta indisk lammgryta,"Sockerarter, totalt",Köttprodukter kötträtter,2.8,g
6425,Gryta indisk lammgryta,Summa enkelomättade fettsyror,Köttprodukter kötträtter,3.4,g
6425,Gryta indisk lammgryta,"Magnesium, Mg",Köttprodukter kötträtter,14.0,mg
6425,Gryta indisk lammgryta,Summa mättade fettsyror,Köttprodukter kötträtter,1.8,g
6425,Gryta indisk lammgryta,"Kolhydrater, tillgängliga",Köttprodukter kötträtter,3.5,g
6425,Gryta indisk lammgryta,Kolesterol,Köttprodukter kötträtter,31.8,mg
6425,Gryta indisk lammgryta,"Kalium, K",Köttprodukter kötträtter,117.0,mg
6425,Gryta indisk lammgryta,"Jod, I",Köttprodukter kötträtter,26.2,µg
6425,Gryta indisk lammgryta,Fullkorn totalt,Köttprodukter kötträtter,0.0,g
6425,Gryta indisk lammgryta,"Folat, totalt",Köttprodukter kötträtter,3.8,µg
6425,Gryta indisk lammgryta,Fibrer,Köttprodukter kötträtter,0.6,g
6425,Gryta indisk lammgryta,"Fett, totalt",Köttprodukter kötträtter,6.8,g
6425,Gryta indisk lammgryta,"Järn, Fe",Köttprodukter kötträtter,0.9,mg
6425,Gryta indisk lammgryta,Energi (kJ),Köttprodukter kötträtter,478.0,kJ
6425,Gryta indisk lammgryta,Energi (kcal),Köttprodukter kötträtter,114.0,kcal
6425,Gryta indisk lammgryta,Disackarider,Köttprodukter kötträtter,1.3,g
6425,Gryta indisk lammgryta,"Kalcium, Ca",Köttprodukter kötträtter,13.0,mg
6425,Gryta indisk lammgryta,Fettsyra 4:0-10:0,Köttprodukter kötträtter,0.0,g
6425,Gryta indisk lammgryta,DHA (C22:6),Köttprodukter kötträtter,0.0,g
6425,Gryta indisk lammgryta,DPA (C22:5),Köttprodukter kötträtter,0.0,g
6425,Gryta indisk lammgryta,EPA (C20:5),Köttprodukter kötträtter,0.0,g
6425,Gryta indisk lammgryta,Arakidonsyra C20:4,Köttprodukter kötträtter,0.0,g
6425,Gryta indisk lammgryta,Arakidinsyra C20:0,Köttprodukter kötträtter,0.0,g
6425,Gryta indisk lammgryta,Linolensyra C18:3,Köttprodukter kötträtter,0.3,g
6425,Gryta indisk lammgryta,Linolsyra C18:2,Köttprodukter kötträtter,0.8,g
6425,Gryta indisk lammgryta,Oljesyra C18:1,Köttprodukter kötträtter,3.2,g
6425,Gryta indisk lammgryta,Stearinsyra C18:0,Köttprodukter kötträtter,0.6,g
6425,Gryta indisk lammgryta,Palmitoljesyra C16:1,Köttprodukter kötträtter,0.1,g
6425,Gryta indisk lammgryta,Palmitinsyra C16:0,Köttprodukter kötträtter,0.9,g
6425,Gryta indisk lammgryta,Myristinsyra C14:0,Köttprodukter kötträtter,0.2,g
6425,Gryta indisk lammgryta,Laurinsyra C12:0,Köttprodukter kötträtter,0.0,g
6425,Gryta indisk lammgryta,Betakaroten/β-Karoten,Köttprodukter kötträtter,47.0,µg
6425,Gryta indisk lammgryta,Avfall (skal etc.),Köttprodukter kötträtter,17.0,%
6425,Gryta indisk lammgryta,Aska,Köttprodukter kötträtter,1.5,g
6425,Gryta indisk lammgryta,Alkohol,Köttprodukter kötträtter,0.0,g
6426,Sojafärssås veg.,"Zink, Zn",Vegetabiliskt protein produkter och rätter,0.5,mg
6426,Sojafärssås veg.,Vitamin E,Vegetabiliskt protein produkter och rätter,2.8,mg
6426,Sojafärssås veg.,Vitamin D,Vegetabiliskt protein produkter och rätter,0.08,µg
6426,Sojafärssås veg.,Vitamin C,Vegetabiliskt protein produkter och rätter,5.6,mg
6426,Sojafärssås veg.,Vitamin B6,Vegetabiliskt protein produkter och rätter,0.12,mg
6426,Sojafärssås veg.,Vitamin B12,Vegetabiliskt protein produkter och rätter,0.0,µg
6426,Sojafärssås veg.,Vitamin A,Vegetabiliskt protein produkter och rätter,32.6,RE/µg
6426,Sojafärssås veg.,Vatten,Vegetabiliskt protein produkter och rätter,72.7,g
6426,Sojafärssås veg.,Tiamin,Vegetabiliskt protein produkter och rätter,0.09,mg
6426,Sojafärssås veg.,Tillsatt socker,Vegetabiliskt protein produkter och rätter,0.0,g
6426,Sojafärssås veg.,Fritt socker,Vegetabiliskt protein produkter och rätter,1.0,g
6426,Sojafärssås veg.,"Selen, Se",Vegetabiliskt protein produkter och rätter,4.2,µg
6426,Sojafärssås veg.,Sackaros,Vegetabiliskt protein produkter och rätter,0.4,g
6426,Sojafärssås veg.,Riboflavin,Vegetabiliskt protein produkter och rätter,0.05,mg
6426,Sojafärssås veg.,Retinol,Vegetabiliskt protein produkter och rätter,2.7,µg
6426,Sojafärssås veg.,Protein,Vegetabiliskt protein produkter och rätter,7.7,g
6426,Sojafärssås veg.,Summa fleromättade fettsyror,Vegetabiliskt protein produkter och rätter,1.5,g
6426,Sojafärssås veg.,"Fosfor, P",Vegetabiliskt protein produkter och rätter,110.0,mg
6426,Sojafärssås veg.,Niacinekvivalenter,Vegetabiliskt protein produkter och rätter,2.22,NE/mg
6426,Sojafärssås veg.,Niacin,Vegetabiliskt protein produkter och rätter,0.94,mg
6426,Sojafärssås veg.,"Salt, NaCl",Vegetabiliskt protein produkter och rätter,2.1,g
6426,Sojafärssås veg.,"Natrium, Na",Vegetabiliskt protein produkter och rätter,834.0,mg
6426,Sojafärssås veg.,Monosackarider,Vegetabiliskt protein produkter och rätter,3.3,g
6426,Sojafärssås veg.,"Sockerarter, totalt",Vegetabiliskt protein produkter och rätter,3.7,g
6426,Sojafärssås veg.,Summa enkelomättade fettsyror,Vegetabiliskt protein produkter och rätter,3.2,g
6426,Sojafärssås veg.,"Magnesium, Mg",Vegetabiliskt protein produkter och rätter,47.0,mg
6426,Sojafärssås veg.,Summa mättade fettsyror,Vegetabiliskt protein produkter och rätter,0.7,g
6426,Sojafärssås veg.,"Kolhydrater, tillgängliga",Vegetabiliskt protein produkter och rätter,7.0,g
6426,Sojafärssås veg.,Kolesterol,Vegetabiliskt protein produkter och rätter,0.0,mg
6426,Sojafärssås veg.,"Kalium, K",Vegetabiliskt protein produkter och rätter,427.0,mg
6426,Sojafärssås veg.,"Jod, I",Vegetabiliskt protein produkter och rätter,27.2,µg
6426,Sojafärssås veg.,Fullkorn totalt,Vegetabiliskt protein produkter och rätter,0.0,g
6426,Sojafärssås veg.,"Folat, totalt",Vegetabiliskt protein produkter och rätter,46.7,µg
6426,Sojafärssås veg.,Fibrer,Vegetabiliskt protein produkter och rätter,3.4,g
6426,Sojafärssås veg.,"Fett, totalt",Vegetabiliskt protein produkter och rätter,5.8,g
6426,Sojafärssås veg.,"Järn, Fe",Vegetabiliskt protein produkter och rätter,1.7,mg
6426,Sojafärssås veg.,Energi (kJ),Vegetabiliskt protein produkter och rätter,490.0,kJ
6426,Sojafärssås veg.,Energi (kcal),Vegetabiliskt protein produkter och rätter,117.0,kcal
6426,Sojafärssås veg.,Disackarider,Vegetabiliskt protein produkter och rätter,0.4,g
6426,Sojafärssås veg.,"Kalcium, Ca",Vegetabiliskt protein produkter och rätter,66.0,mg
6426,Sojafärssås veg.,Fettsyra 4:0-10:0,Vegetabiliskt protein produkter och rätter,0.0,g
6426,Sojafärssås veg.,DHA (C22:6),Vegetabiliskt protein produkter och rätter,0.0,g
6426,Sojafärssås veg.,DPA (C22:5),Vegetabiliskt protein produkter och rätter,0.0,g
6426,Sojafärssås veg.,EPA (C20:5),Vegetabiliskt protein produkter och rätter,0.0,g
6426,Sojafärssås veg.,Arakidonsyra C20:4,Vegetabiliskt protein produkter och rätter,0.0,g
6426,Sojafärssås veg.,Arakidinsyra C20:0,Vegetabiliskt protein produkter och rätter,0.0,g
6426,Sojafärssås veg.,Linolensyra C18:3,Vegetabiliskt protein produkter och rätter,0.4,g
6426,Sojafärssås veg.,Linolsyra C18:2,Vegetabiliskt protein produkter och rätter,1.1,g
6426,Sojafärssås veg.,Oljesyra C18:1,Vegetabiliskt protein produkter och rätter,3.1,g
6426,Sojafärssås veg.,Stearinsyra C18:0,Vegetabiliskt protein produkter och rätter,0.1,g
6426,Sojafärssås veg.,Palmitoljesyra C16:1,Vegetabiliskt protein produkter och rätter,0.0,g
6426,Sojafärssås veg.,Palmitinsyra C16:0,Vegetabiliskt protein produkter och rätter,0.4,g
6426,Sojafärssås veg.,Myristinsyra C14:0,Vegetabiliskt protein produkter och rätter,0.1,g
6426,Sojafärssås veg.,Laurinsyra C12:0,Vegetabiliskt protein produkter och rätter,0.1,g
6426,Sojafärssås veg.,Betakaroten/β-Karoten,Vegetabiliskt protein produkter och rätter,314.0,µg
6426,Sojafärssås veg.,Avfall (skal etc.),Vegetabiliskt protein produkter och rätter,1.0,%
6426,Sojafärssås veg.,Aska,Vegetabiliskt protein produkter och rätter,3.5,g
6426,Sojafärssås veg.,Alkohol,Vegetabiliskt protein produkter och rätter,0.0,g
6427,Sojafärssås m. linser veg.,"Zink, Zn",Vegetabiliskt protein produkter och rätter,0.5,mg
6427,Sojafärssås m. linser veg.,Vitamin E,Vegetabiliskt protein produkter och rätter,2.4,mg
6427,Sojafärssås m. linser veg.,Vitamin D,Vegetabiliskt protein produkter och rätter,0.07,µg
6427,Sojafärssås m. linser veg.,Vitamin C,Vegetabiliskt protein produkter och rätter,4.7,mg
6427,Sojafärssås m. linser veg.,Vitamin B6,Vegetabiliskt protein produkter och rätter,0.11,mg
6427,Sojafärssås m. linser veg.,Vitamin B12,Vegetabiliskt protein produkter och rätter,0.0,µg
6427,Sojafärssås m. linser veg.,Vitamin A,Vegetabiliskt protein produkter och rätter,27.3,RE/µg
6427,Sojafärssås m. linser veg.,Vatten,Vegetabiliskt protein produkter och rätter,73.2,g
6427,Sojafärssås m. linser veg.,Tiamin,Vegetabiliskt protein produkter och rätter,0.08,mg
6427,Sojafärssås m. linser veg.,Tillsatt socker,Vegetabiliskt protein produkter och rätter,0.0,g
6427,Sojafärssås m. linser veg.,Fritt socker,Vegetabiliskt protein produkter och rätter,1.0,g
6427,Sojafärssås m. linser veg.,"Selen, Se",Vegetabiliskt protein produkter och rätter,6.6,µg
6427,Sojafärssås m. linser veg.,Sackaros,Vegetabiliskt protein produkter och rätter,0.4,g
6427,Sojafärssås m. linser veg.,Riboflavin,Vegetabiliskt protein produkter och rätter,0.05,mg
6427,Sojafärssås m. linser veg.,Retinol,Vegetabiliskt protein produkter och rätter,2.3,µg
6427,Sojafärssås m. linser veg.,Protein,Vegetabiliskt protein produkter och rätter,7.5,g
6427,Sojafärssås m. linser veg.,Summa fleromättade fettsyror,Vegetabiliskt protein produkter och rätter,1.3,g
6427,Sojafärssås m. linser veg.,"Fosfor, P",Vegetabiliskt protein produkter och rätter,104.0,mg
6427,Sojafärssås m. linser veg.,Niacinekvivalenter,Vegetabiliskt protein produkter och rätter,2.09,NE/mg
6427,Sojafärssås m. linser veg.,Niacin,Vegetabiliskt protein produkter och rätter,0.84,mg
6427,Sojafärssås m. linser veg.,"Salt, NaCl",Vegetabiliskt protein produkter och rätter,1.9,g
6427,Sojafärssås m. linser veg.,"Natrium, Na",Vegetabiliskt protein produkter och rätter,745.0,mg
6427,Sojafärssås m. linser veg.,Monosackarider,Vegetabiliskt protein produkter och rätter,2.8,g
6427,Sojafärssås m. linser veg.,"Sockerarter, totalt",Vegetabiliskt protein produkter och rätter,3.1,g
6427,Sojafärssås m. linser veg.,Summa enkelomättade fettsyror,Vegetabiliskt protein produkter och rätter,2.7,g
6427,Sojafärssås m. linser veg.,"Magnesium, Mg",Vegetabiliskt protein produkter och rätter,42.0,mg
6427,Sojafärssås m. linser veg.,Summa mättade fettsyror,Vegetabiliskt protein produkter och rätter,0.6,g
6427,Sojafärssås m. linser veg.,"Kolhydrater, tillgängliga",Vegetabiliskt protein produkter och rätter,7.8,g
6427,Sojafärssås m. linser veg.,Kolesterol,Vegetabiliskt protein produkter och rätter,0.0,mg
6427,Sojafärssås m. linser veg.,"Kalium, K",Vegetabiliskt protein produkter och rätter,370.0,mg
6427,Sojafärssås m. linser veg.,"Jod, I",Vegetabiliskt protein produkter och rätter,23.3,µg
6427,Sojafärssås m. linser veg.,Fullkorn totalt,Vegetabiliskt protein produkter och rätter,0.0,g
6427,Sojafärssås m. linser veg.,"Folat, totalt",Vegetabiliskt protein produkter och rätter,40.9,µg
6427,Sojafärssås m. linser veg.,Fibrer,Vegetabiliskt protein produkter och rätter,3.5,g
6427,Sojafärssås m. linser veg.,"Fett, totalt",Vegetabiliskt protein produkter och rätter,4.9,g
6427,Sojafärssås m. linser veg.,"Järn, Fe",Vegetabiliskt protein produkter och rätter,1.5,mg
6427,Sojafärssås m. linser veg.,Energi (kJ),Vegetabiliskt protein produkter och rätter,470.0,kJ
6427,Sojafärssås m. linser veg.,Energi (kcal),Vegetabiliskt protein produkter och rätter,112.0,kcal
6427,Sojafärssås m. linser veg.,Disackarider,Vegetabiliskt protein produkter och rätter,0.4,g
6427,Sojafärssås m. linser veg.,"Kalcium, Ca",Vegetabiliskt protein produkter och rätter,57.0,mg
6427,Sojafärssås m. linser veg.,Fettsyra 4:0-10:0,Vegetabiliskt protein produkter och rätter,0.0,g
6427,Sojafärssås m. linser veg.,DHA (C22:6),Vegetabiliskt protein produkter och rätter,0.0,g
6427,Sojafärssås m. linser veg.,DPA (C22:5),Vegetabiliskt protein produkter och rätter,0.0,g
6427,Sojafärssås m. linser veg.,EPA (C20:5),Vegetabiliskt protein produkter och rätter,0.0,g
6427,Sojafärssås m. linser veg.,Arakidonsyra C20:4,Vegetabiliskt protein produkter och rätter,0.0,g
6427,Sojafärssås m. linser veg.,Arakidinsyra C20:0,Vegetabiliskt protein produkter och rätter,0.0,g
6427,Sojafärssås m. linser veg.,Linolensyra C18:3,Vegetabiliskt protein produkter och rätter,0.4,g
6427,Sojafärssås m. linser veg.,Linolsyra C18:2,Vegetabiliskt protein produkter och rätter,1.0,g
6427,Sojafärssås m. linser veg.,Oljesyra C18:1,Vegetabiliskt protein produkter och rätter,2.6,g
6427,Sojafärssås m. linser veg.,Stearinsyra C18:0,Vegetabiliskt protein produkter och rätter,0.1,g
6427,Sojafärssås m. linser veg.,Palmitoljesyra C16:1,Vegetabiliskt protein produkter och rätter,0.0,g
6427,Sojafärssås m. linser veg.,Palmitinsyra C16:0,Vegetabiliskt protein produkter och rätter,0.3,g
6427,Sojafärssås m. linser veg.,Myristinsyra C14:0,Vegetabiliskt protein produkter och rätter,0.1,g
6427,Sojafärssås m. linser veg.,Laurinsyra C12:0,Vegetabiliskt protein produkter och rätter,0.1,g
6427,Sojafärssås m. linser veg.,Betakaroten/β-Karoten,Vegetabiliskt protein produkter och rätter,263.0,µg
6427,Sojafärssås m. linser veg.,Avfall (skal etc.),Vegetabiliskt protein produkter och rätter,1.0,%
6427,Sojafärssås m. linser veg.,Aska,Vegetabiliskt protein produkter och rätter,3.1,g
6427,Sojafärssås m. linser veg.,Alkohol,Vegetabiliskt protein produkter och rätter,0.0,g
6429,Tikka masala m. potatis grönsaker veg.,"Zink, Zn",Grönsaks- rotfrukts- baljväxträtter o produkter,0.6,mg
6429,Tikka masala m. potatis grönsaker veg.,Vitamin E,Grönsaks- rotfrukts- baljväxträtter o produkter,1.3,mg
6429,Tikka masala m. potatis grönsaker veg.,Vitamin D,Grönsaks- rotfrukts- baljväxträtter o produkter,0.29,µg
6429,Tikka masala m. potatis grönsaker veg.,Vitamin C,Grönsaks- rotfrukts- baljväxträtter o produkter,7.8,mg
6429,Tikka masala m. potatis grönsaker veg.,Vitamin B6,Grönsaks- rotfrukts- baljväxträtter o produkter,0.13,mg
6429,Tikka masala m. potatis grönsaker veg.,Vitamin B12,Grönsaks- rotfrukts- baljväxträtter o produkter,0.05,µg
6429,Tikka masala m. potatis grönsaker veg.,Vitamin A,Grönsaks- rotfrukts- baljväxträtter o produkter,151.9,RE/µg
6429,Tikka masala m. potatis grönsaker veg.,Vatten,Grönsaks- rotfrukts- baljväxträtter o produkter,78.9,g
6429,Tikka masala m. potatis grönsaker veg.,Tiamin,Grönsaks- rotfrukts- baljväxträtter o produkter,0.09,mg
6429,Tikka masala m. potatis grönsaker veg.,Tillsatt socker,Grönsaks- rotfrukts- baljväxträtter o produkter,0.0,g
6429,Tikka masala m. potatis grönsaker veg.,Fritt socker,Grönsaks- rotfrukts- baljväxträtter o produkter,0.0,g
6429,Tikka masala m. potatis grönsaker veg.,"Selen, Se",Grönsaks- rotfrukts- baljväxträtter o produkter,0.1,µg
6429,Tikka masala m. potatis grönsaker veg.,Sackaros,Grönsaks- rotfrukts- baljväxträtter o produkter,1.6,g
6429,Tikka masala m. potatis grönsaker veg.,Riboflavin,Grönsaks- rotfrukts- baljväxträtter o produkter,0.08,mg
6429,Tikka masala m. potatis grönsaker veg.,Retinol,Grönsaks- rotfrukts- baljväxträtter o produkter,42.3,µg
6429,Tikka masala m. potatis grönsaker veg.,Protein,Grönsaks- rotfrukts- baljväxträtter o produkter,2.8,g
6429,Tikka masala m. potatis grönsaker veg.,Summa fleromättade fettsyror,Grönsaks- rotfrukts- baljväxträtter o produkter,1.0,g
6429,Tikka masala m. potatis grönsaker veg.,"Fosfor, P",Grönsaks- rotfrukts- baljväxträtter o produkter,68.0,mg
6429,Tikka masala m. potatis grönsaker veg.,Niacinekvivalenter,Grönsaks- rotfrukts- baljväxträtter o produkter,1.38,NE/mg
6429,Tikka masala m. potatis grönsaker veg.,Niacin,Grönsaks- rotfrukts- baljväxträtter o produkter,0.85,mg
6429,Tikka masala m. potatis grönsaker veg.,"Salt, NaCl",Grönsaks- rotfrukts- baljväxträtter o produkter,0.1,g
6429,Tikka masala m. potatis grönsaker veg.,"Natrium, Na",Grönsaks- rotfrukts- baljväxträtter o produkter,52.0,mg
6429,Tikka masala m. potatis grönsaker veg.,Monosackarider,Grönsaks- rotfrukts- baljväxträtter o produkter,2.0,g
6429,Tikka masala m. potatis grönsaker veg.,"Sockerarter, totalt",Grönsaks- rotfrukts- baljväxträtter o produkter,4.5,g
6429,Tikka masala m. potatis grönsaker veg.,Summa enkelomättade fettsyror,Grönsaks- rotfrukts- baljväxträtter o produkter,2.3,g
6429,Tikka masala m. potatis grönsaker veg.,"Magnesium, Mg",Grönsaks- rotfrukts- baljväxträtter o produkter,18.0,mg
6429,Tikka masala m. potatis grönsaker veg.,Summa mättade fettsyror,Grönsaks- rotfrukts- baljväxträtter o produkter,2.5,g
6429,Tikka masala m. potatis grönsaker veg.,"Kolhydrater, tillgängliga",Grönsaks- rotfrukts- baljväxträtter o produkter,8.9,g
6429,Tikka masala m. potatis grönsaker veg.,Kolesterol,Grönsaks- rotfrukts- baljväxträtter o produkter,8.8,mg
6429,Tikka masala m. potatis grönsaker veg.,"Kalium, K",Grönsaks- rotfrukts- baljväxträtter o produkter,276.0,mg
6429,Tikka masala m. potatis grönsaker veg.,"Jod, I",Grönsaks- rotfrukts- baljväxträtter o produkter,6.9,µg
6429,Tikka masala m. potatis grönsaker veg.,Fullkorn totalt,Grönsaks- rotfrukts- baljväxträtter o produkter,5.0,g
6429,Tikka masala m. potatis grönsaker veg.,"Folat, totalt",Grönsaks- rotfrukts- baljväxträtter o produkter,22.2,µg
6429,Tikka masala m. potatis grönsaker veg.,Fibrer,Grönsaks- rotfrukts- baljväxträtter o produkter,2.2,g
6429,Tikka masala m. potatis grönsaker veg.,"Fett, totalt",Grönsaks- rotfrukts- baljväxträtter o produkter,6.2,g
6429,Tikka masala m. potatis grönsaker veg.,"Järn, Fe",Grönsaks- rotfrukts- baljväxträtter o produkter,0.5,mg
6429,Tikka masala m. potatis grönsaker veg.,Energi (kJ),Grönsaks- rotfrukts- baljväxträtter o produkter,447.0,kJ
6429,Tikka masala m. potatis grönsaker veg.,Energi (kcal),Grönsaks- rotfrukts- baljväxträtter o produkter,107.0,kcal
6429,Tikka masala m. potatis grönsaker veg.,Disackarider,Grönsaks- rotfrukts- baljväxträtter o produkter,2.5,g
6429,Tikka masala m. potatis grönsaker veg.,"Kalcium, Ca",Grönsaks- rotfrukts- baljväxträtter o produkter,57.0,mg
6429,Tikka masala m. potatis grönsaker veg.,Fettsyra 4:0-10:0,Grönsaks- rotfrukts- baljväxträtter o produkter,0.2,g
6429,Tikka masala m. potatis grönsaker veg.,DHA (C22:6),Grönsaks- rotfrukts- baljväxträtter o produkter,0.0,g
6429,Tikka masala m. potatis grönsaker veg.,DPA (C22:5),Grönsaks- rotfrukts- baljväxträtter o produkter,0.0,g
6429,Tikka masala m. potatis grönsaker veg.,EPA (C20:5),Grönsaks- rotfrukts- baljväxträtter o produkter,0.0,g
6429,Tikka masala m. potatis grönsaker veg.,Arakidonsyra C20:4,Grönsaks- rotfrukts- baljväxträtter o produkter,0.0,g
6429,Tikka masala m. potatis grönsaker veg.,Arakidinsyra C20:0,Grönsaks- rotfrukts- baljväxträtter o produkter,0.0,g
6429,Tikka masala m. potatis grönsaker veg.,Linolensyra C18:3,Grönsaks- rotfrukts- baljväxträtter o produkter,0.2,g
6429,Tikka masala m. potatis grönsaker veg.,Linolsyra C18:2,Grönsaks- rotfrukts- baljväxträtter o produkter,0.8,g
6429,Tikka masala m. potatis grönsaker veg.,Oljesyra C18:1,Grönsaks- rotfrukts- baljväxträtter o produkter,2.2,g
6429,Tikka masala m. potatis grönsaker veg.,Stearinsyra C18:0,Grönsaks- rotfrukts- baljväxträtter o produkter,0.4,g
6429,Tikka masala m. potatis grönsaker veg.,Palmitoljesyra C16:1,Grönsaks- rotfrukts- baljväxträtter o produkter,0.0,g
6429,Tikka masala m. potatis grönsaker veg.,Palmitinsyra C16:0,Grönsaks- rotfrukts- baljväxträtter o produkter,1.3,g
6429,Tikka masala m. potatis grönsaker veg.,Myristinsyra C14:0,Grönsaks- rotfrukts- baljväxträtter o produkter,0.3,g
6429,Tikka masala m. potatis grönsaker veg.,Laurinsyra C12:0,Grönsaks- rotfrukts- baljväxträtter o produkter,0.1,g
6429,Tikka masala m. potatis grönsaker veg.,Betakaroten/β-Karoten,Grönsaks- rotfrukts- baljväxträtter o produkter,1091.0,µg
6429,Tikka masala m. potatis grönsaker veg.,Avfall (skal etc.),Grönsaks- rotfrukts- baljväxträtter o produkter,4.0,%
6429,Tikka masala m. potatis grönsaker veg.,Aska,Grönsaks- rotfrukts- baljväxträtter o produkter,1.0,g
6429,Tikka masala m. potatis grönsaker veg.,Alkohol,Grönsaks- rotfrukts- baljväxträtter o produkter,0.0,g
6430,Medelhavssås m. grädde soltorkad tomat,"Zink, Zn",Sås dressing majonnäs ,0.5,mg
6430,Medelhavssås m. grädde soltorkad tomat,Vitamin E,Sås dressing majonnäs ,1.6,mg
6430,Medelhavssås m. grädde soltorkad tomat,Vitamin D,Sås dressing majonnäs ,0.06,µg
6430,Medelhavssås m. grädde soltorkad tomat,Vitamin C,Sås dressing majonnäs ,0.5,mg
6430,Medelhavssås m. grädde soltorkad tomat,Vitamin B6,Sås dressing majonnäs ,0.17,mg
6430,Medelhavssås m. grädde soltorkad tomat,Vitamin B12,Sås dressing majonnäs ,0.4,µg
6430,Medelhavssås m. grädde soltorkad tomat,Vitamin A,Sås dressing majonnäs ,242.6,RE/µg
6430,Medelhavssås m. grädde soltorkad tomat,Vatten,Sås dressing majonnäs ,56.3,g
6430,Medelhavssås m. grädde soltorkad tomat,Tiamin,Sås dressing majonnäs ,0.04,mg
6430,Medelhavssås m. grädde soltorkad tomat,Tillsatt socker,Sås dressing majonnäs ,0.0,g
6430,Medelhavssås m. grädde soltorkad tomat,Fritt socker,Sås dressing majonnäs ,0.0,g
6430,Medelhavssås m. grädde soltorkad tomat,"Selen, Se",Sås dressing majonnäs ,1.4,µg
6430,Medelhavssås m. grädde soltorkad tomat,Sackaros,Sås dressing majonnäs ,0.0,g
6430,Medelhavssås m. grädde soltorkad tomat,Riboflavin,Sås dressing majonnäs ,0.11,mg
6430,Medelhavssås m. grädde soltorkad tomat,Retinol,Sås dressing majonnäs ,227.5,µg
6430,Medelhavssås m. grädde soltorkad tomat,Protein,Sås dressing majonnäs ,3.8,g
6430,Medelhavssås m. grädde soltorkad tomat,Summa fleromättade fettsyror,Sås dressing majonnäs ,0.7,g
6430,Medelhavssås m. grädde soltorkad tomat,"Fosfor, P",Sås dressing majonnäs ,104.0,mg
6430,Medelhavssås m. grädde soltorkad tomat,Niacinekvivalenter,Sås dressing majonnäs ,1.49,NE/mg
6430,Medelhavssås m. grädde soltorkad tomat,Niacin,Sås dressing majonnäs ,0.65,mg
6430,Medelhavssås m. grädde soltorkad tomat,"Salt, NaCl",Sås dressing majonnäs ,3.6,g
6430,Medelhavssås m. grädde soltorkad tomat,"Natrium, Na",Sås dressing majonnäs ,1432.0,mg
6430,Medelhavssås m. grädde soltorkad tomat,Monosackarider,Sås dressing majonnäs ,3.1,g
6430,Medelhavssås m. grädde soltorkad tomat,"Sockerarter, totalt",Sås dressing majonnäs ,6.7,g
6430,Medelhavssås m. grädde soltorkad tomat,Summa enkelomättade fettsyror,Sås dressing majonnäs ,6.6,g
6430,Medelhavssås m. grädde soltorkad tomat,"Magnesium, Mg",Sås dressing majonnäs ,24.0,mg
6430,Medelhavssås m. grädde soltorkad tomat,Summa mättade fettsyror,Sås dressing majonnäs ,16.9,g
6430,Medelhavssås m. grädde soltorkad tomat,"Kolhydrater, tillgängliga",Sås dressing majonnäs ,6.7,g
6430,Medelhavssås m. grädde soltorkad tomat,Kolesterol,Sås dressing majonnäs ,76.3,mg
6430,Medelhavssås m. grädde soltorkad tomat,"Kalium, K",Sås dressing majonnäs ,339.0,mg
6430,Medelhavssås m. grädde soltorkad tomat,"Jod, I",Sås dressing majonnäs ,111.6,µg
6430,Medelhavssås m. grädde soltorkad tomat,Fullkorn totalt,Sås dressing majonnäs ,0.0,g
6430,Medelhavssås m. grädde soltorkad tomat,"Folat, totalt",Sås dressing majonnäs ,11.0,µg
6430,Medelhavssås m. grädde soltorkad tomat,Fibrer,Sås dressing majonnäs ,1.5,g
6430,Medelhavssås m. grädde soltorkad tomat,"Fett, totalt",Sås dressing majonnäs ,26.6,g
6430,Medelhavssås m. grädde soltorkad tomat,"Järn, Fe",Sås dressing majonnäs ,0.6,mg
6430,Medelhavssås m. grädde soltorkad tomat,Energi (kJ),Sås dressing majonnäs ,1177.0,kJ
6430,Medelhavssås m. grädde soltorkad tomat,Energi (kcal),Sås dressing majonnäs ,281.0,kcal
6430,Medelhavssås m. grädde soltorkad tomat,Disackarider,Sås dressing majonnäs ,3.5,g
6430,Medelhavssås m. grädde soltorkad tomat,"Kalcium, Ca",Sås dressing majonnäs ,105.0,mg
6430,Medelhavssås m. grädde soltorkad tomat,Fettsyra 4:0-10:0,Sås dressing majonnäs ,1.9,g
6430,Medelhavssås m. grädde soltorkad tomat,DHA (C22:6),Sås dressing majonnäs ,0.0,g
6430,Medelhavssås m. grädde soltorkad tomat,DPA (C22:5),Sås dressing majonnäs ,0.0,g
6430,Medelhavssås m. grädde soltorkad tomat,EPA (C20:5),Sås dressing majonnäs ,0.0,g
6430,Medelhavssås m. grädde soltorkad tomat,Arakidonsyra C20:4,Sås dressing majonnäs ,0.0,g
6430,Medelhavssås m. grädde soltorkad tomat,Arakidinsyra C20:0,Sås dressing majonnäs ,0.1,g
6430,Medelhavssås m. grädde soltorkad tomat,Linolensyra C18:3,Sås dressing majonnäs ,0.2,g
6430,Medelhavssås m. grädde soltorkad tomat,Linolsyra C18:2,Sås dressing majonnäs ,0.5,g
6430,Medelhavssås m. grädde soltorkad tomat,Oljesyra C18:1,Sås dressing majonnäs ,5.8,g
6430,Medelhavssås m. grädde soltorkad tomat,Stearinsyra C18:0,Sås dressing majonnäs ,2.7,g
6430,Medelhavssås m. grädde soltorkad tomat,Palmitoljesyra C16:1,Sås dressing majonnäs ,0.5,g
6430,Medelhavssås m. grädde soltorkad tomat,Palmitinsyra C16:0,Sås dressing majonnäs ,8.2,g
6430,Medelhavssås m. grädde soltorkad tomat,Myristinsyra C14:0,Sås dressing majonnäs ,2.7,g
6430,Medelhavssås m. grädde soltorkad tomat,Laurinsyra C12:0,Sås dressing majonnäs ,0.9,g
6430,Medelhavssås m. grädde soltorkad tomat,Betakaroten/β-Karoten,Sås dressing majonnäs ,181.0,µg
6430,Medelhavssås m. grädde soltorkad tomat,Avfall (skal etc.),Sås dressing majonnäs ,0.0,%
6430,Medelhavssås m. grädde soltorkad tomat,Aska,Sås dressing majonnäs ,5.1,g
6430,Medelhavssås m. grädde soltorkad tomat,Alkohol,Sås dressing majonnäs ,0.0,g
6431,Sås m. grädde soltorkad tomat basilika vitlök,"Zink, Zn",Sås dressing majonnäs ,0.5,mg
6431,Sås m. grädde soltorkad tomat basilika vitlök,Vitamin E,Sås dressing majonnäs ,2.9,mg
6431,Sås m. grädde soltorkad tomat basilika vitlök,Vitamin D inkl 25-OH-D3,Sås dressing majonnäs ,0.07,µg
6431,Sås m. grädde soltorkad tomat basilika vitlök,Vitamin D,Sås dressing majonnäs ,0.02,µg
6431,Sås m. grädde soltorkad tomat basilika vitlök,Vitamin C,Sås dressing majonnäs ,1.7,mg
6431,Sås m. grädde soltorkad tomat basilika vitlök,Vitamin B6,Sås dressing majonnäs ,0.18,mg
6431,Sås m. grädde soltorkad tomat basilika vitlök,Vitamin B12,Sås dressing majonnäs ,0.34,µg
6431,Sås m. grädde soltorkad tomat basilika vitlök,Vitamin A,Sås dressing majonnäs ,120.0,RE/µg
6431,Sås m. grädde soltorkad tomat basilika vitlök,Vatten,Sås dressing majonnäs ,62.8,g
6431,Sås m. grädde soltorkad tomat basilika vitlök,Tiamin,Sås dressing majonnäs ,0.04,mg
6431,Sås m. grädde soltorkad tomat basilika vitlök,Tillsatt socker,Sås dressing majonnäs ,1.0,g
6431,Sås m. grädde soltorkad tomat basilika vitlök,Fritt socker,Sås dressing majonnäs ,1.0,g
6431,Sås m. grädde soltorkad tomat basilika vitlök,"Selen, Se",Sås dressing majonnäs ,1.1,µg
6431,Sås m. grädde soltorkad tomat basilika vitlök,Sackaros,Sås dressing majonnäs ,0.5,g
6431,Sås m. grädde soltorkad tomat basilika vitlök,Riboflavin,Sås dressing majonnäs ,0.11,mg
6431,Sås m. grädde soltorkad tomat basilika vitlök,Retinol,Sås dressing majonnäs ,86.5,µg
6431,Sås m. grädde soltorkad tomat basilika vitlök,Protein,Sås dressing majonnäs ,4.4,g
6431,Sås m. grädde soltorkad tomat basilika vitlök,Summa fleromättade fettsyror,Sås dressing majonnäs ,1.9,g
6431,Sås m. grädde soltorkad tomat basilika vitlök,"Fosfor, P",Sås dressing majonnäs ,106.0,mg
6431,Sås m. grädde soltorkad tomat basilika vitlök,Niacinekvivalenter,Sås dressing majonnäs ,1.67,NE/mg
6431,Sås m. grädde soltorkad tomat basilika vitlök,Niacin,Sås dressing majonnäs ,0.79,mg
6431,Sås m. grädde soltorkad tomat basilika vitlök,"Salt, NaCl",Sås dressing majonnäs ,5.1,g
6431,Sås m. grädde soltorkad tomat basilika vitlök,"Natrium, Na",Sås dressing majonnäs ,2040.0,mg
6431,Sås m. grädde soltorkad tomat basilika vitlök,Monosackarider,Sås dressing majonnäs ,3.6,g
6431,Sås m. grädde soltorkad tomat basilika vitlök,"Sockerarter, totalt",Sås dressing majonnäs ,6.9,g
6431,Sås m. grädde soltorkad tomat basilika vitlök,Summa enkelomättade fettsyror,Sås dressing majonnäs ,5.9,g
6431,Sås m. grädde soltorkad tomat basilika vitlök,"Magnesium, Mg",Sås dressing majonnäs ,31.0,mg
6431,Sås m. grädde soltorkad tomat basilika vitlök,Summa mättade fettsyror,Sås dressing majonnäs ,7.2,g
6431,Sås m. grädde soltorkad tomat basilika vitlök,"Kolhydrater, tillgängliga",Sås dressing majonnäs ,8.3,g
6431,Sås m. grädde soltorkad tomat basilika vitlök,Kolesterol,Sås dressing majonnäs ,29.6,mg
6431,Sås m. grädde soltorkad tomat basilika vitlök,"Kalium, K",Sås dressing majonnäs ,372.0,mg
6431,Sås m. grädde soltorkad tomat basilika vitlök,"Jod, I",Sås dressing majonnäs ,81.2,µg
6431,Sås m. grädde soltorkad tomat basilika vitlök,Fullkorn totalt,Sås dressing majonnäs ,0.0,g
6431,Sås m. grädde soltorkad tomat basilika vitlök,"Folat, totalt",Sås dressing majonnäs ,20.0,µg
6431,Sås m. grädde soltorkad tomat basilika vitlök,Fibrer,Sås dressing majonnäs ,1.7,g
6431,Sås m. grädde soltorkad tomat basilika vitlök,"Fett, totalt",Sås dressing majonnäs ,16.1,g
6431,Sås m. grädde soltorkad tomat basilika vitlök,"Järn, Fe",Sås dressing majonnäs ,0.8,mg
6431,Sås m. grädde soltorkad tomat basilika vitlök,Energi (kJ),Sås dressing majonnäs ,826.0,kJ
6431,Sås m. grädde soltorkad tomat basilika vitlök,Energi (kcal),Sås dressing majonnäs ,198.0,kcal
6431,Sås m. grädde soltorkad tomat basilika vitlök,Disackarider,Sås dressing majonnäs ,3.4,g
6431,Sås m. grädde soltorkad tomat basilika vitlök,"Kalcium, Ca",Sås dressing majonnäs ,98.0,mg
6431,Sås m. grädde soltorkad tomat basilika vitlök,Fettsyra 4:0-10:0,Sås dressing majonnäs ,0.7,g
6431,Sås m. grädde soltorkad tomat basilika vitlök,DHA (C22:6),Sås dressing majonnäs ,0.0,g
6431,Sås m. grädde soltorkad tomat basilika vitlök,DPA (C22:5),Sås dressing majonnäs ,0.0,g
6431,Sås m. grädde soltorkad tomat basilika vitlök,EPA (C20:5),Sås dressing majonnäs ,0.0,g
6431,Sås m. grädde soltorkad tomat basilika vitlök,Arakidonsyra C20:4,Sås dressing majonnäs ,0.0,g
6431,Sås m. grädde soltorkad tomat basilika vitlök,Arakidinsyra C20:0,Sås dressing majonnäs ,0.0,g
6431,Sås m. grädde soltorkad tomat basilika vitlök,Linolensyra C18:3,Sås dressing majonnäs ,0.4,g
6431,Sås m. grädde soltorkad tomat basilika vitlök,Linolsyra C18:2,Sås dressing majonnäs ,1.4,g
6431,Sås m. grädde soltorkad tomat basilika vitlök,Oljesyra C18:1,Sås dressing majonnäs ,5.4,g
6431,Sås m. grädde soltorkad tomat basilika vitlök,Stearinsyra C18:0,Sås dressing majonnäs ,1.2,g
6431,Sås m. grädde soltorkad tomat basilika vitlök,Palmitoljesyra C16:1,Sås dressing majonnäs ,0.3,g
6431,Sås m. grädde soltorkad tomat basilika vitlök,Palmitinsyra C16:0,Sås dressing majonnäs ,3.6,g
6431,Sås m. grädde soltorkad tomat basilika vitlök,Myristinsyra C14:0,Sås dressing majonnäs ,1.1,g
6431,Sås m. grädde soltorkad tomat basilika vitlök,Laurinsyra C12:0,Sås dressing majonnäs ,0.3,g
6431,Sås m. grädde soltorkad tomat basilika vitlök,Betakaroten/β-Karoten,Sås dressing majonnäs ,401.0,µg
6431,Sås m. grädde soltorkad tomat basilika vitlök,Avfall (skal etc.),Sås dressing majonnäs ,1.0,%
6431,Sås m. grädde soltorkad tomat basilika vitlök,Aska,Sås dressing majonnäs ,6.7,g
6431,Sås m. grädde soltorkad tomat basilika vitlök,Alkohol,Sås dressing majonnäs ,0.0,g
6433,Gryta currygryta m. grönsaker veg.,"Zink, Zn",Grönsaks- rotfrukts- baljväxträtter o produkter,0.3,mg
6433,Gryta currygryta m. grönsaker veg.,Vitamin E,Grönsaks- rotfrukts- baljväxträtter o produkter,1.2,mg
6433,Gryta currygryta m. grönsaker veg.,Vitamin D,Grönsaks- rotfrukts- baljväxträtter o produkter,0.03,µg
6433,Gryta currygryta m. grönsaker veg.,Vitamin C,Grönsaks- rotfrukts- baljväxträtter o produkter,25.7,mg
6433,Gryta currygryta m. grönsaker veg.,Vitamin B6,Grönsaks- rotfrukts- baljväxträtter o produkter,0.13,mg
6433,Gryta currygryta m. grönsaker veg.,Vitamin B12,Grönsaks- rotfrukts- baljväxträtter o produkter,0.1,µg
6433,Gryta currygryta m. grönsaker veg.,Vitamin A,Grönsaks- rotfrukts- baljväxträtter o produkter,95.5,RE/µg
6433,Gryta currygryta m. grönsaker veg.,Vatten,Grönsaks- rotfrukts- baljväxträtter o produkter,81.1,g
6433,Gryta currygryta m. grönsaker veg.,Tiamin,Grönsaks- rotfrukts- baljväxträtter o produkter,0.06,mg
6433,Gryta currygryta m. grönsaker veg.,Tillsatt socker,Grönsaks- rotfrukts- baljväxträtter o produkter,0.0,g
6433,Gryta currygryta m. grönsaker veg.,Fritt socker,Grönsaks- rotfrukts- baljväxträtter o produkter,0.0,g
6433,Gryta currygryta m. grönsaker veg.,"Selen, Se",Grönsaks- rotfrukts- baljväxträtter o produkter,2.5,µg
6433,Gryta currygryta m. grönsaker veg.,Sackaros,Grönsaks- rotfrukts- baljväxträtter o produkter,0.6,g
6433,Gryta currygryta m. grönsaker veg.,Riboflavin,Grönsaks- rotfrukts- baljväxträtter o produkter,0.1,mg
6433,Gryta currygryta m. grönsaker veg.,Retinol,Grönsaks- rotfrukts- baljväxträtter o produkter,62.2,µg
6433,Gryta currygryta m. grönsaker veg.,Protein,Grönsaks- rotfrukts- baljväxträtter o produkter,1.8,g
6433,Gryta currygryta m. grönsaker veg.,Summa fleromättade fettsyror,Grönsaks- rotfrukts- baljväxträtter o produkter,0.4,g
6433,Gryta currygryta m. grönsaker veg.,"Fosfor, P",Grönsaks- rotfrukts- baljväxträtter o produkter,42.0,mg
6433,Gryta currygryta m. grönsaker veg.,Niacinekvivalenter,Grönsaks- rotfrukts- baljväxträtter o produkter,0.99,NE/mg
6433,Gryta currygryta m. grönsaker veg.,Niacin,Grönsaks- rotfrukts- baljväxträtter o produkter,0.65,mg
6433,Gryta currygryta m. grönsaker veg.,"Salt, NaCl",Grönsaks- rotfrukts- baljväxträtter o produkter,1.2,g
6433,Gryta currygryta m. grönsaker veg.,"Natrium, Na",Grönsaks- rotfrukts- baljväxträtter o produkter,479.0,mg
6433,Gryta currygryta m. grönsaker veg.,Monosackarider,Grönsaks- rotfrukts- baljväxträtter o produkter,2.5,g
6433,Gryta currygryta m. grönsaker veg.,"Sockerarter, totalt",Grönsaks- rotfrukts- baljväxträtter o produkter,4.0,g
6433,Gryta currygryta m. grönsaker veg.,Summa enkelomättade fettsyror,Grönsaks- rotfrukts- baljväxträtter o produkter,2.3,g
6433,Gryta currygryta m. grönsaker veg.,"Magnesium, Mg",Grönsaks- rotfrukts- baljväxträtter o produkter,11.0,mg
6433,Gryta currygryta m. grönsaker veg.,Summa mättade fettsyror,Grönsaks- rotfrukts- baljväxträtter o produkter,4.7,g
6433,Gryta currygryta m. grönsaker veg.,"Kolhydrater, tillgängliga",Grönsaks- rotfrukts- baljväxträtter o produkter,5.2,g
6433,Gryta currygryta m. grönsaker veg.,Kolesterol,Grönsaks- rotfrukts- baljväxträtter o produkter,20.8,mg
6433,Gryta currygryta m. grönsaker veg.,"Kalium, K",Grönsaks- rotfrukts- baljväxträtter o produkter,172.0,mg
6433,Gryta currygryta m. grönsaker veg.,"Jod, I",Grönsaks- rotfrukts- baljväxträtter o produkter,62.8,µg
6433,Gryta currygryta m. grönsaker veg.,Fullkorn totalt,Grönsaks- rotfrukts- baljväxträtter o produkter,0.0,g
6433,Gryta currygryta m. grönsaker veg.,"Folat, totalt",Grönsaks- rotfrukts- baljväxträtter o produkter,25.0,µg
6433,Gryta currygryta m. grönsaker veg.,Fibrer,Grönsaks- rotfrukts- baljväxträtter o produkter,1.6,g
6433,Gryta currygryta m. grönsaker veg.,"Fett, totalt",Grönsaks- rotfrukts- baljväxträtter o produkter,8.2,g
6433,Gryta currygryta m. grönsaker veg.,"Järn, Fe",Grönsaks- rotfrukts- baljväxträtter o produkter,0.5,mg
6433,Gryta currygryta m. grönsaker veg.,Energi (kJ),Grönsaks- rotfrukts- baljväxträtter o produkter,436.0,kJ
6433,Gryta currygryta m. grönsaker veg.,Energi (kcal),Grönsaks- rotfrukts- baljväxträtter o produkter,104.0,kcal
6433,Gryta currygryta m. grönsaker veg.,Disackarider,Grönsaks- rotfrukts- baljväxträtter o produkter,1.5,g
6433,Gryta currygryta m. grönsaker veg.,"Kalcium, Ca",Grönsaks- rotfrukts- baljväxträtter o produkter,46.0,mg
6433,Gryta currygryta m. grönsaker veg.,Fettsyra 4:0-10:0,Grönsaks- rotfrukts- baljväxträtter o produkter,0.5,g
6433,Gryta currygryta m. grönsaker veg.,DHA (C22:6),Grönsaks- rotfrukts- baljväxträtter o produkter,0.0,g
6433,Gryta currygryta m. grönsaker veg.,DPA (C22:5),Grönsaks- rotfrukts- baljväxträtter o produkter,0.0,g
6433,Gryta currygryta m. grönsaker veg.,EPA (C20:5),Grönsaks- rotfrukts- baljväxträtter o produkter,0.0,g
6433,Gryta currygryta m. grönsaker veg.,Arakidonsyra C20:4,Grönsaks- rotfrukts- baljväxträtter o produkter,0.0,g
6433,Gryta currygryta m. grönsaker veg.,Arakidinsyra C20:0,Grönsaks- rotfrukts- baljväxträtter o produkter,0.0,g
6433,Gryta currygryta m. grönsaker veg.,Linolensyra C18:3,Grönsaks- rotfrukts- baljväxträtter o produkter,0.1,g
6433,Gryta currygryta m. grönsaker veg.,Linolsyra C18:2,Grönsaks- rotfrukts- baljväxträtter o produkter,0.3,g
6433,Gryta currygryta m. grönsaker veg.,Oljesyra C18:1,Grönsaks- rotfrukts- baljväxträtter o produkter,2.0,g
6433,Gryta currygryta m. grönsaker veg.,Stearinsyra C18:0,Grönsaks- rotfrukts- baljväxträtter o produkter,0.7,g
6433,Gryta currygryta m. grönsaker veg.,Palmitoljesyra C16:1,Grönsaks- rotfrukts- baljväxträtter o produkter,0.2,g
6433,Gryta currygryta m. grönsaker veg.,Palmitinsyra C16:0,Grönsaks- rotfrukts- baljväxträtter o produkter,2.3,g
6433,Gryta currygryta m. grönsaker veg.,Myristinsyra C14:0,Grönsaks- rotfrukts- baljväxträtter o produkter,0.8,g
6433,Gryta currygryta m. grönsaker veg.,Laurinsyra C12:0,Grönsaks- rotfrukts- baljväxträtter o produkter,0.2,g
6433,Gryta currygryta m. grönsaker veg.,Betakaroten/β-Karoten,Grönsaks- rotfrukts- baljväxträtter o produkter,384.0,µg
6433,Gryta currygryta m. grönsaker veg.,Avfall (skal etc.),Grönsaks- rotfrukts- baljväxträtter o produkter,5.0,%
6433,Gryta currygryta m. grönsaker veg.,Aska,Grönsaks- rotfrukts- baljväxträtter o produkter,2.0,g
6433,Gryta currygryta m. grönsaker veg.,Alkohol,Grönsaks- rotfrukts- baljväxträtter o produkter,0.0,g
6434,Pasta carbonara m. pasta sojabönor veg.,"Zink, Zn",Pastarätter,0.6,mg
6434,Pasta carbonara m. pasta sojabönor veg.,Vitamin E,Pastarätter,1.2,mg
6434,Pasta carbonara m. pasta sojabönor veg.,Vitamin D,Pastarätter,0.13,µg
6434,Pasta carbonara m. pasta sojabönor veg.,Vitamin C,Pastarätter,8.0,mg
6434,Pasta carbonara m. pasta sojabönor veg.,Vitamin B6,Pastarätter,0.09,mg
6434,Pasta carbonara m. pasta sojabönor veg.,Vitamin B12,Pastarätter,0.2,µg
6434,Pasta carbonara m. pasta sojabönor veg.,Vitamin A,Pastarätter,87.5,RE/µg
6434,Pasta carbonara m. pasta sojabönor veg.,Vatten,Pastarätter,70.2,g
6434,Pasta carbonara m. pasta sojabönor veg.,Tiamin,Pastarätter,0.07,mg
6434,Pasta carbonara m. pasta sojabönor veg.,Tillsatt socker,Pastarätter,0.0,g
6434,Pasta carbonara m. pasta sojabönor veg.,Fritt socker,Pastarätter,0.0,g
6434,Pasta carbonara m. pasta sojabönor veg.,"Selen, Se",Pastarätter,2.7,µg
6434,Pasta carbonara m. pasta sojabönor veg.,Sackaros,Pastarätter,0.3,g
6434,Pasta carbonara m. pasta sojabönor veg.,Riboflavin,Pastarätter,0.09,mg
6434,Pasta carbonara m. pasta sojabönor veg.,Retinol,Pastarätter,68.8,µg
6434,Pasta carbonara m. pasta sojabönor veg.,Protein,Pastarätter,5.2,g
6434,Pasta carbonara m. pasta sojabönor veg.,Summa fleromättade fettsyror,Pastarätter,0.8,g
6434,Pasta carbonara m. pasta sojabönor veg.,"Fosfor, P",Pastarätter,91.0,mg
6434,Pasta carbonara m. pasta sojabönor veg.,Niacinekvivalenter,Pastarätter,1.49,NE/mg
6434,Pasta carbonara m. pasta sojabönor veg.,Niacin,Pastarätter,0.52,mg
6434,Pasta carbonara m. pasta sojabönor veg.,"Salt, NaCl",Pastarätter,0.6,g
6434,Pasta carbonara m. pasta sojabönor veg.,"Natrium, Na",Pastarätter,252.0,mg
6434,Pasta carbonara m. pasta sojabönor veg.,Monosackarider,Pastarätter,0.8,g
6434,Pasta carbonara m. pasta sojabönor veg.,"Sockerarter, totalt",Pastarätter,1.7,g
6434,Pasta carbonara m. pasta sojabönor veg.,Summa enkelomättade fettsyror,Pastarätter,2.6,g
6434,Pasta carbonara m. pasta sojabönor veg.,"Magnesium, Mg",Pastarätter,20.0,mg
6434,Pasta carbonara m. pasta sojabönor veg.,Summa mättade fettsyror,Pastarätter,4.0,g
6434,Pasta carbonara m. pasta sojabönor veg.,"Kolhydrater, tillgängliga",Pastarätter,13.2,g
6434,Pasta carbonara m. pasta sojabönor veg.,Kolesterol,Pastarätter,47.0,mg
6434,Pasta carbonara m. pasta sojabönor veg.,"Kalium, K",Pastarätter,138.0,mg
6434,Pasta carbonara m. pasta sojabönor veg.,"Jod, I",Pastarätter,29.2,µg
6434,Pasta carbonara m. pasta sojabönor veg.,Fullkorn totalt,Pastarätter,0.0,g
6434,Pasta carbonara m. pasta sojabönor veg.,"Folat, totalt",Pastarätter,61.1,µg
6434,Pasta carbonara m. pasta sojabönor veg.,Fibrer,Pastarätter,1.9,g
6434,Pasta carbonara m. pasta sojabönor veg.,"Fett, totalt",Pastarätter,8.3,g
6434,Pasta carbonara m. pasta sojabönor veg.,"Järn, Fe",Pastarätter,0.7,mg
6434,Pasta carbonara m. pasta sojabönor veg.,Energi (kJ),Pastarätter,633.0,kJ
6434,Pasta carbonara m. pasta sojabönor veg.,Energi (kcal),Pastarätter,151.0,kcal
6434,Pasta carbonara m. pasta sojabönor veg.,Disackarider,Pastarätter,0.9,g
6434,Pasta carbonara m. pasta sojabönor veg.,"Kalcium, Ca",Pastarätter,60.0,mg
6434,Pasta carbonara m. pasta sojabönor veg.,Fettsyra 4:0-10:0,Pastarätter,0.4,g
6434,Pasta carbonara m. pasta sojabönor veg.,DHA (C22:6),Pastarätter,0.0,g
6434,Pasta carbonara m. pasta sojabönor veg.,DPA (C22:5),Pastarätter,0.0,g
6434,Pasta carbonara m. pasta sojabönor veg.,EPA (C20:5),Pastarätter,0.0,g
6434,Pasta carbonara m. pasta sojabönor veg.,Arakidonsyra C20:4,Pastarätter,0.0,g
6434,Pasta carbonara m. pasta sojabönor veg.,Arakidinsyra C20:0,Pastarätter,0.0,g
6434,Pasta carbonara m. pasta sojabönor veg.,Linolensyra C18:3,Pastarätter,0.1,g
6434,Pasta carbonara m. pasta sojabönor veg.,Linolsyra C18:2,Pastarätter,0.6,g
6434,Pasta carbonara m. pasta sojabönor veg.,Oljesyra C18:1,Pastarätter,2.4,g
6434,Pasta carbonara m. pasta sojabönor veg.,Stearinsyra C18:0,Pastarätter,0.7,g
6434,Pasta carbonara m. pasta sojabönor veg.,Palmitoljesyra C16:1,Pastarätter,0.1,g
6434,Pasta carbonara m. pasta sojabönor veg.,Palmitinsyra C16:0,Pastarätter,2.0,g
6434,Pasta carbonara m. pasta sojabönor veg.,Myristinsyra C14:0,Pastarätter,0.6,g
6434,Pasta carbonara m. pasta sojabönor veg.,Laurinsyra C12:0,Pastarätter,0.2,g
6434,Pasta carbonara m. pasta sojabönor veg.,Betakaroten/β-Karoten,Pastarätter,222.0,µg
6434,Pasta carbonara m. pasta sojabönor veg.,Avfall (skal etc.),Pastarätter,0.0,%
6434,Pasta carbonara m. pasta sojabönor veg.,Aska,Pastarätter,1.2,g
6434,Pasta carbonara m. pasta sojabönor veg.,Alkohol,Pastarätter,0.0,g
6436,Lasagne m. linser veg.,"Zink, Zn",Pastarätter,0.6,mg
6436,Lasagne m. linser veg.,Vitamin E,Pastarätter,1.1,mg
6436,Lasagne m. linser veg.,Vitamin D,Pastarätter,0.01,µg
6436,Lasagne m. linser veg.,Vitamin C,Pastarätter,4.0,mg
6436,Lasagne m. linser veg.,Vitamin B6,Pastarätter,0.08,mg
6436,Lasagne m. linser veg.,Vitamin B12,Pastarätter,0.12,µg
6436,Lasagne m. linser veg.,Vitamin A,Pastarätter,160.0,RE/µg
6436,Lasagne m. linser veg.,Vatten,Pastarätter,75.4,g
6436,Lasagne m. linser veg.,Tiamin,Pastarätter,0.05,mg
6436,Lasagne m. linser veg.,Tillsatt socker,Pastarätter,0.0,g
6436,Lasagne m. linser veg.,Fritt socker,Pastarätter,0.0,g
6436,Lasagne m. linser veg.,"Selen, Se",Pastarätter,2.0,µg
6436,Lasagne m. linser veg.,Sackaros,Pastarätter,0.4,g
6436,Lasagne m. linser veg.,Riboflavin,Pastarätter,0.05,mg
6436,Lasagne m. linser veg.,Retinol,Pastarätter,81.0,µg
6436,Lasagne m. linser veg.,Protein,Pastarätter,4.6,g
6436,Lasagne m. linser veg.,Summa fleromättade fettsyror,Pastarätter,0.4,g
6436,Lasagne m. linser veg.,"Fosfor, P",Pastarätter,86.0,mg
6436,Lasagne m. linser veg.,Niacinekvivalenter,Pastarätter,1.63,NE/mg
6436,Lasagne m. linser veg.,Niacin,Pastarätter,0.68,mg
6436,Lasagne m. linser veg.,"Salt, NaCl",Pastarätter,0.7,g
6436,Lasagne m. linser veg.,"Natrium, Na",Pastarätter,287.0,mg
6436,Lasagne m. linser veg.,Monosackarider,Pastarätter,2.0,g
6436,Lasagne m. linser veg.,"Sockerarter, totalt",Pastarätter,2.9,g
6436,Lasagne m. linser veg.,Summa enkelomättade fettsyror,Pastarätter,2.3,g
6436,Lasagne m. linser veg.,"Magnesium, Mg",Pastarätter,16.0,mg
6436,Lasagne m. linser veg.,Summa mättade fettsyror,Pastarätter,6.1,g
6436,Lasagne m. linser veg.,"Kolhydrater, tillgängliga",Pastarätter,7.2,g
6436,Lasagne m. linser veg.,Kolesterol,Pastarätter,19.2,mg
6436,Lasagne m. linser veg.,"Kalium, K",Pastarätter,176.0,mg
6436,Lasagne m. linser veg.,"Jod, I",Pastarätter,21.4,µg
6436,Lasagne m. linser veg.,Fullkorn totalt,Pastarätter,0.0,g
6436,Lasagne m. linser veg.,"Folat, totalt",Pastarätter,19.6,µg
6436,Lasagne m. linser veg.,Fibrer,Pastarätter,1.9,g
6436,Lasagne m. linser veg.,"Fett, totalt",Pastarätter,9.5,g
6436,Lasagne m. linser veg.,"Järn, Fe",Pastarätter,0.6,mg
6436,Lasagne m. linser veg.,Energi (kJ),Pastarätter,568.0,kJ
6436,Lasagne m. linser veg.,Energi (kcal),Pastarätter,136.0,kcal
6436,Lasagne m. linser veg.,Disackarider,Pastarätter,0.9,g
6436,Lasagne m. linser veg.,"Kalcium, Ca",Pastarätter,92.0,mg
6436,Lasagne m. linser veg.,Fettsyra 4:0-10:0,Pastarätter,0.5,g
6436,Lasagne m. linser veg.,DHA (C22:6),Pastarätter,0.0,g
6436,Lasagne m. linser veg.,DPA (C22:5),Pastarätter,0.0,g
6436,Lasagne m. linser veg.,EPA (C20:5),Pastarätter,0.0,g
6436,Lasagne m. linser veg.,Arakidonsyra C20:4,Pastarätter,0.0,g
6436,Lasagne m. linser veg.,Arakidinsyra C20:0,Pastarätter,0.0,g
6436,Lasagne m. linser veg.,Linolensyra C18:3,Pastarätter,0.1,g
6436,Lasagne m. linser veg.,Linolsyra C18:2,Pastarätter,0.3,g
6436,Lasagne m. linser veg.,Oljesyra C18:1,Pastarätter,2.1,g
6436,Lasagne m. linser veg.,Stearinsyra C18:0,Pastarätter,1.0,g
6436,Lasagne m. linser veg.,Palmitoljesyra C16:1,Pastarätter,0.1,g
6436,Lasagne m. linser veg.,Palmitinsyra C16:0,Pastarätter,3.0,g
6436,Lasagne m. linser veg.,Myristinsyra C14:0,Pastarätter,1.0,g
6436,Lasagne m. linser veg.,Laurinsyra C12:0,Pastarätter,0.3,g
6436,Lasagne m. linser veg.,Betakaroten/β-Karoten,Pastarätter,828.0,µg
6436,Lasagne m. linser veg.,Avfall (skal etc.),Pastarätter,1.0,%
6436,Lasagne m. linser veg.,Aska,Pastarätter,1.5,g
6436,Lasagne m. linser veg.,Alkohol,Pastarätter,0.0,g
6437,Lasagne m. grönsaker veg. ,"Zink, Zn",Pastarätter,0.5,mg
6437,Lasagne m. grönsaker veg. ,Vitamin E,Pastarätter,0.9,mg
6437,Lasagne m. grönsaker veg. ,Vitamin D,Pastarätter,0.31,µg
6437,Lasagne m. grönsaker veg. ,Vitamin C,Pastarätter,2.2,mg
6437,Lasagne m. grönsaker veg. ,Vitamin B6,Pastarätter,0.05,mg
6437,Lasagne m. grönsaker veg. ,Vitamin B12,Pastarätter,0.16,µg
6437,Lasagne m. grönsaker veg. ,Vitamin A,Pastarätter,131.7,RE/µg
6437,Lasagne m. grönsaker veg. ,Vatten,Pastarätter,70.7,g
6437,Lasagne m. grönsaker veg. ,Tiamin,Pastarätter,0.07,mg
6437,Lasagne m. grönsaker veg. ,Tillsatt socker,Pastarätter,0.0,g
6437,Lasagne m. grönsaker veg. ,Fritt socker,Pastarätter,0.0,g
6437,Lasagne m. grönsaker veg. ,"Selen, Se",Pastarätter,1.3,µg
6437,Lasagne m. grönsaker veg. ,Sackaros,Pastarätter,0.7,g
6437,Lasagne m. grönsaker veg. ,Riboflavin,Pastarätter,0.1,mg
6437,Lasagne m. grönsaker veg. ,Retinol,Pastarätter,17.8,µg
6437,Lasagne m. grönsaker veg. ,Protein,Pastarätter,4.6,g
6437,Lasagne m. grönsaker veg. ,Summa fleromättade fettsyror,Pastarätter,0.7,g
6437,Lasagne m. grönsaker veg. ,"Fosfor, P",Pastarätter,92.0,mg
6437,Lasagne m. grönsaker veg. ,Niacinekvivalenter,Pastarätter,1.56,NE/mg
6437,Lasagne m. grönsaker veg. ,Niacin,Pastarätter,0.68,mg
6437,Lasagne m. grönsaker veg. ,"Salt, NaCl",Pastarätter,0.6,g
6437,Lasagne m. grönsaker veg. ,"Natrium, Na",Pastarätter,253.0,mg
6437,Lasagne m. grönsaker veg. ,Monosackarider,Pastarätter,1.1,g
6437,Lasagne m. grönsaker veg. ,"Sockerarter, totalt",Pastarätter,3.3,g
6437,Lasagne m. grönsaker veg. ,Summa enkelomättade fettsyror,Pastarätter,1.5,g
6437,Lasagne m. grönsaker veg. ,"Magnesium, Mg",Pastarätter,17.0,mg
6437,Lasagne m. grönsaker veg. ,Summa mättade fettsyror,Pastarätter,1.4,g
6437,Lasagne m. grönsaker veg. ,"Kolhydrater, tillgängliga",Pastarätter,17.8,g
6437,Lasagne m. grönsaker veg. ,Kolesterol,Pastarätter,5.8,mg
6437,Lasagne m. grönsaker veg. ,"Kalium, K",Pastarätter,149.0,mg
6437,Lasagne m. grönsaker veg. ,"Jod, I",Pastarätter,35.1,µg
6437,Lasagne m. grönsaker veg. ,Fullkorn totalt,Pastarätter,0.0,g
6437,Lasagne m. grönsaker veg. ,"Folat, totalt",Pastarätter,8.3,µg
6437,Lasagne m. grönsaker veg. ,Fibrer,Pastarätter,1.7,g
6437,Lasagne m. grönsaker veg. ,"Fett, totalt",Pastarätter,4.0,g
6437,Lasagne m. grönsaker veg. ,"Järn, Fe",Pastarätter,0.4,mg
6437,Lasagne m. grönsaker veg. ,Energi (kJ),Pastarätter,542.0,kJ
6437,Lasagne m. grönsaker veg. ,Energi (kcal),Pastarätter,129.0,kcal
6437,Lasagne m. grönsaker veg. ,Disackarider,Pastarätter,2.2,g
6437,Lasagne m. grönsaker veg. ,"Kalcium, Ca",Pastarätter,71.0,mg
6437,Lasagne m. grönsaker veg. ,Fettsyra 4:0-10:0,Pastarätter,0.2,g
6437,Lasagne m. grönsaker veg. ,DHA (C22:6),Pastarätter,0.0,g
6437,Lasagne m. grönsaker veg. ,DPA (C22:5),Pastarätter,0.0,g
6437,Lasagne m. grönsaker veg. ,EPA (C20:5),Pastarätter,0.0,g
6437,Lasagne m. grönsaker veg. ,Arakidonsyra C20:4,Pastarätter,0.0,g
6437,Lasagne m. grönsaker veg. ,Arakidinsyra C20:0,Pastarätter,0.0,g
6437,Lasagne m. grönsaker veg. ,Linolensyra C18:3,Pastarätter,0.2,g
6437,Lasagne m. grönsaker veg. ,Linolsyra C18:2,Pastarätter,0.5,g
6437,Lasagne m. grönsaker veg. ,Oljesyra C18:1,Pastarätter,1.4,g
6437,Lasagne m. grönsaker veg. ,Stearinsyra C18:0,Pastarätter,0.2,g
6437,Lasagne m. grönsaker veg. ,Palmitoljesyra C16:1,Pastarätter,0.0,g
6437,Lasagne m. grönsaker veg. ,Palmitinsyra C16:0,Pastarätter,0.7,g
6437,Lasagne m. grönsaker veg. ,Myristinsyra C14:0,Pastarätter,0.2,g
6437,Lasagne m. grönsaker veg. ,Laurinsyra C12:0,Pastarätter,0.1,g
6437,Lasagne m. grönsaker veg. ,Betakaroten/β-Karoten,Pastarätter,1147.0,µg
6437,Lasagne m. grönsaker veg. ,Avfall (skal etc.),Pastarätter,1.0,%
6437,Lasagne m. grönsaker veg. ,Aska,Pastarätter,1.2,g
6437,Lasagne m. grönsaker veg. ,Alkohol,Pastarätter,0.0,g
6438,Grönsaksbas grönsakspasta,"Zink, Zn",Grönsaks- rotfrukts- baljväxträtter o produkter,0.3,mg
6438,Grönsaksbas grönsakspasta,Vitamin E,Grönsaks- rotfrukts- baljväxträtter o produkter,1.8,mg
6438,Grönsaksbas grönsakspasta,Vitamin D inkl 25-OH-D3,Grönsaks- rotfrukts- baljväxträtter o produkter,0.02,µg
6438,Grönsaksbas grönsakspasta,Vitamin D,Grönsaks- rotfrukts- baljväxträtter o produkter,0.01,µg
6438,Grönsaksbas grönsakspasta,Vitamin C,Grönsaks- rotfrukts- baljväxträtter o produkter,4.2,mg
6438,Grönsaksbas grönsakspasta,Vitamin B6,Grönsaks- rotfrukts- baljväxträtter o produkter,0.07,mg
6438,Grönsaksbas grönsakspasta,Vitamin B12,Grönsaks- rotfrukts- baljväxträtter o produkter,0.0,µg
6438,Grönsaksbas grönsakspasta,Vitamin A,Grönsaks- rotfrukts- baljväxträtter o produkter,441.4,RE/µg
6438,Grönsaksbas grönsakspasta,Vatten,Grönsaks- rotfrukts- baljväxträtter o produkter,82.8,g
6438,Grönsaksbas grönsakspasta,Tiamin,Grönsaks- rotfrukts- baljväxträtter o produkter,0.03,mg
6438,Grönsaksbas grönsakspasta,Tillsatt socker,Grönsaks- rotfrukts- baljväxträtter o produkter,0.0,g
6438,Grönsaksbas grönsakspasta,Fritt socker,Grönsaks- rotfrukts- baljväxträtter o produkter,0.0,g
6438,Grönsaksbas grönsakspasta,"Selen, Se",Grönsaks- rotfrukts- baljväxträtter o produkter,1.7,µg
6438,Grönsaksbas grönsakspasta,Sackaros,Grönsaks- rotfrukts- baljväxträtter o produkter,2.5,g
6438,Grönsaksbas grönsakspasta,Riboflavin,Grönsaks- rotfrukts- baljväxträtter o produkter,0.04,mg
6438,Grönsaksbas grönsakspasta,Retinol,Grönsaks- rotfrukts- baljväxträtter o produkter,0.0,µg
6438,Grönsaksbas grönsakspasta,Protein,Grönsaks- rotfrukts- baljväxträtter o produkter,1.0,g
6438,Grönsaksbas grönsakspasta,Summa fleromättade fettsyror,Grönsaks- rotfrukts- baljväxträtter o produkter,1.5,g
6438,Grönsaksbas grönsakspasta,"Fosfor, P",Grönsaks- rotfrukts- baljväxträtter o produkter,28.0,mg
6438,Grönsaksbas grönsakspasta,Niacinekvivalenter,Grönsaks- rotfrukts- baljväxträtter o produkter,1.32,NE/mg
6438,Grönsaksbas grönsakspasta,Niacin,Grönsaks- rotfrukts- baljväxträtter o produkter,1.15,mg
6438,Grönsaksbas grönsakspasta,"Salt, NaCl",Grönsaks- rotfrukts- baljväxträtter o produkter,1.1,g
6438,Grönsaksbas grönsakspasta,"Natrium, Na",Grönsaks- rotfrukts- baljväxträtter o produkter,422.0,mg
6438,Grönsaksbas grönsakspasta,Monosackarider,Grönsaks- rotfrukts- baljväxträtter o produkter,2.2,g
6438,Grönsaksbas grönsakspasta,"Sockerarter, totalt",Grönsaks- rotfrukts- baljväxträtter o produkter,4.7,g
6438,Grönsaksbas grönsakspasta,Summa enkelomättade fettsyror,Grönsaks- rotfrukts- baljväxträtter o produkter,3.1,g
6438,Grönsaksbas grönsakspasta,"Magnesium, Mg",Grönsaks- rotfrukts- baljväxträtter o produkter,10.0,mg
6438,Grönsaksbas grönsakspasta,Summa mättade fettsyror,Grönsaks- rotfrukts- baljväxträtter o produkter,0.4,g
6438,Grönsaksbas grönsakspasta,"Kolhydrater, tillgängliga",Grönsaks- rotfrukts- baljväxträtter o produkter,6.8,g
6438,Grönsaksbas grönsakspasta,Kolesterol,Grönsaks- rotfrukts- baljväxträtter o produkter,0.0,mg
6438,Grönsaksbas grönsakspasta,"Kalium, K",Grönsaks- rotfrukts- baljväxträtter o produkter,149.0,mg
6438,Grönsaksbas grönsakspasta,"Jod, I",Grönsaks- rotfrukts- baljväxträtter o produkter,51.3,µg
6438,Grönsaksbas grönsakspasta,Fullkorn totalt,Grönsaks- rotfrukts- baljväxträtter o produkter,0.0,g
6438,Grönsaksbas grönsakspasta,"Folat, totalt",Grönsaks- rotfrukts- baljväxträtter o produkter,19.7,µg
6438,Grönsaksbas grönsakspasta,Fibrer,Grönsaks- rotfrukts- baljväxträtter o produkter,2.4,g
6438,Grönsaksbas grönsakspasta,"Fett, totalt",Grönsaks- rotfrukts- baljväxträtter o produkter,5.4,g
6438,Grönsaksbas grönsakspasta,"Järn, Fe",Grönsaks- rotfrukts- baljväxträtter o produkter,0.2,mg
6438,Grönsaksbas grönsakspasta,Energi (kJ),Grönsaks- rotfrukts- baljväxträtter o produkter,351.0,kJ
6438,Grönsaksbas grönsakspasta,Energi (kcal),Grönsaks- rotfrukts- baljväxträtter o produkter,84.0,kcal
6438,Grönsaksbas grönsakspasta,Disackarider,Grönsaks- rotfrukts- baljväxträtter o produkter,2.5,g
6438,Grönsaksbas grönsakspasta,"Kalcium, Ca",Grönsaks- rotfrukts- baljväxträtter o produkter,25.0,mg
6438,Grönsaksbas grönsakspasta,Fettsyra 4:0-10:0,Grönsaks- rotfrukts- baljväxträtter o produkter,0.0,g
6438,Grönsaksbas grönsakspasta,DHA (C22:6),Grönsaks- rotfrukts- baljväxträtter o produkter,0.0,g
6438,Grönsaksbas grönsakspasta,DPA (C22:5),Grönsaks- rotfrukts- baljväxträtter o produkter,0.0,g
6438,Grönsaksbas grönsakspasta,EPA (C20:5),Grönsaks- rotfrukts- baljväxträtter o produkter,0.0,g
6438,Grönsaksbas grönsakspasta,Arakidonsyra C20:4,Grönsaks- rotfrukts- baljväxträtter o produkter,0.0,g
6438,Grönsaksbas grönsakspasta,Arakidinsyra C20:0,Grönsaks- rotfrukts- baljväxträtter o produkter,0.0,g
6438,Grönsaksbas grönsakspasta,Linolensyra C18:3,Grönsaks- rotfrukts- baljväxträtter o produkter,0.4,g
6438,Grönsaksbas grönsakspasta,Linolsyra C18:2,Grönsaks- rotfrukts- baljväxträtter o produkter,1.1,g
6438,Grönsaksbas grönsakspasta,Oljesyra C18:1,Grönsaks- rotfrukts- baljväxträtter o produkter,3.0,g
6438,Grönsaksbas grönsakspasta,Stearinsyra C18:0,Grönsaks- rotfrukts- baljväxträtter o produkter,0.1,g
6438,Grönsaksbas grönsakspasta,Palmitoljesyra C16:1,Grönsaks- rotfrukts- baljväxträtter o produkter,0.0,g
6438,Grönsaksbas grönsakspasta,Palmitinsyra C16:0,Grönsaks- rotfrukts- baljväxträtter o produkter,0.3,g
6438,Grönsaksbas grönsakspasta,Myristinsyra C14:0,Grönsaks- rotfrukts- baljväxträtter o produkter,0.0,g
6438,Grönsaksbas grönsakspasta,Laurinsyra C12:0,Grönsaks- rotfrukts- baljväxträtter o produkter,0.0,g
6438,Grönsaksbas grönsakspasta,Betakaroten/β-Karoten,Grönsaks- rotfrukts- baljväxträtter o produkter,4457.0,µg
6438,Grönsaksbas grönsakspasta,Avfall (skal etc.),Grönsaks- rotfrukts- baljväxträtter o produkter,7.0,%
6438,Grönsaksbas grönsakspasta,Aska,Grönsaks- rotfrukts- baljväxträtter o produkter,1.6,g
6438,Grönsaksbas grönsakspasta,Alkohol,Grönsaks- rotfrukts- baljväxträtter o produkter,0.0,g
6439,Tomatsås m. grädde,"Zink, Zn",Sås dressing majonnäs ,0.2,mg
6439,Tomatsås m. grädde,Vitamin E,Sås dressing majonnäs ,2.1,mg
6439,Tomatsås m. grädde,Vitamin D,Sås dressing majonnäs ,0.02,µg
6439,Tomatsås m. grädde,Vitamin C,Sås dressing majonnäs ,6.0,mg
6439,Tomatsås m. grädde,Vitamin B6,Sås dressing majonnäs ,0.08,mg
6439,Tomatsås m. grädde,Vitamin B12,Sås dressing majonnäs ,0.1,µg
6439,Tomatsås m. grädde,Vitamin A,Sås dressing majonnäs ,84.8,RE/µg
6439,Tomatsås m. grädde,Vatten,Sås dressing majonnäs ,80.3,g
6439,Tomatsås m. grädde,Tiamin,Sås dressing majonnäs ,0.03,mg
6439,Tomatsås m. grädde,Tillsatt socker,Sås dressing majonnäs ,0.0,g
6439,Tomatsås m. grädde,Fritt socker,Sås dressing majonnäs ,1.0,g
6439,Tomatsås m. grädde,"Selen, Se",Sås dressing majonnäs ,0.4,µg
6439,Tomatsås m. grädde,Sackaros,Sås dressing majonnäs ,0.2,g
6439,Tomatsås m. grädde,Riboflavin,Sås dressing majonnäs ,0.03,mg
6439,Tomatsås m. grädde,Retinol,Sås dressing majonnäs ,62.4,µg
6439,Tomatsås m. grädde,Protein,Sås dressing majonnäs ,1.4,g
6439,Tomatsås m. grädde,Summa fleromättade fettsyror,Sås dressing majonnäs ,0.7,g
6439,Tomatsås m. grädde,"Fosfor, P",Sås dressing majonnäs ,38.0,mg
6439,Tomatsås m. grädde,Niacinekvivalenter,Sås dressing majonnäs ,0.92,NE/mg
6439,Tomatsås m. grädde,Niacin,Sås dressing majonnäs ,0.63,mg
6439,Tomatsås m. grädde,"Salt, NaCl",Sås dressing majonnäs ,0.0,g
6439,Tomatsås m. grädde,"Natrium, Na",Sås dressing majonnäs ,18.0,mg
6439,Tomatsås m. grädde,Monosackarider,Sås dressing majonnäs ,2.7,g
6439,Tomatsås m. grädde,"Sockerarter, totalt",Sås dressing majonnäs ,3.8,g
6439,Tomatsås m. grädde,Summa enkelomättade fettsyror,Sås dressing majonnäs ,5.4,g
6439,Tomatsås m. grädde,"Magnesium, Mg",Sås dressing majonnäs ,12.0,mg
6439,Tomatsås m. grädde,Summa mättade fettsyror,Sås dressing majonnäs ,5.4,g
6439,Tomatsås m. grädde,"Kolhydrater, tillgängliga",Sås dressing majonnäs ,4.3,g
6439,Tomatsås m. grädde,Kolesterol,Sås dressing majonnäs ,20.8,mg
6439,Tomatsås m. grädde,"Kalium, K",Sås dressing majonnäs ,180.0,mg
6439,Tomatsås m. grädde,"Jod, I",Sås dressing majonnäs ,4.2,µg
6439,Tomatsås m. grädde,Fullkorn totalt,Sås dressing majonnäs ,0.0,g
6439,Tomatsås m. grädde,"Folat, totalt",Sås dressing majonnäs ,14.8,µg
6439,Tomatsås m. grädde,Fibrer,Sås dressing majonnäs ,1.1,g
6439,Tomatsås m. grädde,"Fett, totalt",Sås dressing majonnäs ,12.4,g
6439,Tomatsås m. grädde,"Järn, Fe",Sås dressing majonnäs ,0.4,mg
6439,Tomatsås m. grädde,Energi (kJ),Sås dressing majonnäs ,562.0,kJ
6439,Tomatsås m. grädde,Energi (kcal),Sås dressing majonnäs ,134.0,kcal
6439,Tomatsås m. grädde,Disackarider,Sås dressing majonnäs ,1.1,g
6439,Tomatsås m. grädde,"Kalcium, Ca",Sås dressing majonnäs ,35.0,mg
6439,Tomatsås m. grädde,Fettsyra 4:0-10:0,Sås dressing majonnäs ,0.5,g
6439,Tomatsås m. grädde,DHA (C22:6),Sås dressing majonnäs ,0.0,g
6439,Tomatsås m. grädde,DPA (C22:5),Sås dressing majonnäs ,0.0,g
6439,Tomatsås m. grädde,EPA (C20:5),Sås dressing majonnäs ,0.0,g
6439,Tomatsås m. grädde,Arakidonsyra C20:4,Sås dressing majonnäs ,0.0,g
6439,Tomatsås m. grädde,Arakidinsyra C20:0,Sås dressing majonnäs ,0.0,g
6439,Tomatsås m. grädde,Linolensyra C18:3,Sås dressing majonnäs ,0.1,g
6439,Tomatsås m. grädde,Linolsyra C18:2,Sås dressing majonnäs ,0.6,g
6439,Tomatsås m. grädde,Oljesyra C18:1,Sås dressing majonnäs ,5.1,g
6439,Tomatsås m. grädde,Stearinsyra C18:0,Sås dressing majonnäs ,0.9,g
6439,Tomatsås m. grädde,Palmitoljesyra C16:1,Sås dressing majonnäs ,0.2,g
6439,Tomatsås m. grädde,Palmitinsyra C16:0,Sås dressing majonnäs ,2.8,g
6439,Tomatsås m. grädde,Myristinsyra C14:0,Sås dressing majonnäs ,0.8,g
6439,Tomatsås m. grädde,Laurinsyra C12:0,Sås dressing majonnäs ,0.2,g
6439,Tomatsås m. grädde,Betakaroten/β-Karoten,Sås dressing majonnäs ,269.0,µg
6439,Tomatsås m. grädde,Avfall (skal etc.),Sås dressing majonnäs ,1.0,%
6439,Tomatsås m. grädde,Aska,Sås dressing majonnäs ,0.7,g
6439,Tomatsås m. grädde,Alkohol,Sås dressing majonnäs ,0.0,g
6440,Morotssås,"Zink, Zn",Sås dressing majonnäs ,0.2,mg
6440,Morotssås,Vitamin E,Sås dressing majonnäs ,1.6,mg
6440,Morotssås,Vitamin D inkl 25-OH-D3,Sås dressing majonnäs ,0.02,µg
6440,Morotssås,Vitamin D,Sås dressing majonnäs ,0.01,µg
6440,Morotssås,Vitamin C,Sås dressing majonnäs ,7.3,mg
6440,Morotssås,Vitamin B6,Sås dressing majonnäs ,0.1,mg
6440,Morotssås,Vitamin B12,Sås dressing majonnäs ,0.1,µg
6440,Morotssås,Vitamin A,Sås dressing majonnäs ,209.4,RE/µg
6440,Morotssås,Vatten,Sås dressing majonnäs ,86.3,g
6440,Morotssås,Tiamin,Sås dressing majonnäs ,0.03,mg
6440,Morotssås,Tillsatt socker,Sås dressing majonnäs ,0.0,g
6440,Morotssås,Fritt socker,Sås dressing majonnäs ,1.0,g
6440,Morotssås,"Selen, Se",Sås dressing majonnäs ,0.4,µg
6440,Morotssås,Sackaros,Sås dressing majonnäs ,0.7,g
6440,Morotssås,Riboflavin,Sås dressing majonnäs ,0.03,mg
6440,Morotssås,Retinol,Sås dressing majonnäs ,26.2,µg
6440,Morotssås,Protein,Sås dressing majonnäs ,1.5,g
6440,Morotssås,Summa fleromättade fettsyror,Sås dressing majonnäs ,0.5,g
6440,Morotssås,"Fosfor, P",Sås dressing majonnäs ,42.0,mg
6440,Morotssås,Niacinekvivalenter,Sås dressing majonnäs ,1.12,NE/mg
6440,Morotssås,Niacin,Sås dressing majonnäs ,0.81,mg
6440,Morotssås,"Salt, NaCl",Sås dressing majonnäs ,0.3,g
6440,Morotssås,"Natrium, Na",Sås dressing majonnäs ,143.0,mg
6440,Morotssås,Monosackarider,Sås dressing majonnäs ,3.3,g
6440,Morotssås,"Sockerarter, totalt",Sås dressing majonnäs ,4.8,g
6440,Morotssås,Summa enkelomättade fettsyror,Sås dressing majonnäs ,1.4,g
6440,Morotssås,"Magnesium, Mg",Sås dressing majonnäs ,13.0,mg
6440,Morotssås,Summa mättade fettsyror,Sås dressing majonnäs ,2.1,g
6440,Morotssås,"Kolhydrater, tillgängliga",Sås dressing majonnäs ,5.3,g
6440,Morotssås,Kolesterol,Sås dressing majonnäs ,8.9,mg
6440,Morotssås,"Kalium, K",Sås dressing majonnäs ,210.0,mg
6440,Morotssås,"Jod, I",Sås dressing majonnäs ,18.4,µg
6440,Morotssås,Fullkorn totalt,Sås dressing majonnäs ,0.0,g
6440,Morotssås,"Folat, totalt",Sås dressing majonnäs ,18.2,µg
6440,Morotssås,Fibrer,Sås dressing majonnäs ,1.5,g
6440,Morotssås,"Fett, totalt",Sås dressing majonnäs ,4.3,g
6440,Morotssås,"Järn, Fe",Sås dressing majonnäs ,0.5,mg
6440,Morotssås,Energi (kJ),Sås dressing majonnäs ,287.0,kJ
6440,Morotssås,Energi (kcal),Sås dressing majonnäs ,68.0,kcal
6440,Morotssås,Disackarider,Sås dressing majonnäs ,1.6,g
6440,Morotssås,"Kalcium, Ca",Sås dressing majonnäs ,41.0,mg
6440,Morotssås,Fettsyra 4:0-10:0,Sås dressing majonnäs ,0.2,g
6440,Morotssås,DHA (C22:6),Sås dressing majonnäs ,0.0,g
6440,Morotssås,DPA (C22:5),Sås dressing majonnäs ,0.0,g
6440,Morotssås,EPA (C20:5),Sås dressing majonnäs ,0.0,g
6440,Morotssås,Arakidonsyra C20:4,Sås dressing majonnäs ,0.0,g
6440,Morotssås,Arakidinsyra C20:0,Sås dressing majonnäs ,0.0,g
6440,Morotssås,Linolensyra C18:3,Sås dressing majonnäs ,0.1,g
6440,Morotssås,Linolsyra C18:2,Sås dressing majonnäs ,0.4,g
6440,Morotssås,Oljesyra C18:1,Sås dressing majonnäs ,1.3,g
6440,Morotssås,Stearinsyra C18:0,Sås dressing majonnäs ,0.3,g
6440,Morotssås,Palmitoljesyra C16:1,Sås dressing majonnäs ,0.1,g
6440,Morotssås,Palmitinsyra C16:0,Sås dressing majonnäs ,1.0,g
6440,Morotssås,Myristinsyra C14:0,Sås dressing majonnäs ,0.3,g
6440,Morotssås,Laurinsyra C12:0,Sås dressing majonnäs ,0.1,g
6440,Morotssås,Betakaroten/β-Karoten,Sås dressing majonnäs ,1894.0,µg
6440,Morotssås,Avfall (skal etc.),Sås dressing majonnäs ,1.0,%
6440,Morotssås,Aska,Sås dressing majonnäs ,1.1,g
6440,Morotssås,Alkohol,Sås dressing majonnäs ,0.0,g
6441,Ajvar- och spenatsås,"Zink, Zn",Sås dressing majonnäs ,1.0,mg
6441,Ajvar- och spenatsås,Vitamin E,Sås dressing majonnäs ,0.6,mg
6441,Ajvar- och spenatsås,Vitamin D,Sås dressing majonnäs ,0.26,µg
6441,Ajvar- och spenatsås,Vitamin C,Sås dressing majonnäs ,1.8,mg
6441,Ajvar- och spenatsås,Vitamin B6,Sås dressing majonnäs ,0.08,mg
6441,Ajvar- och spenatsås,Vitamin B12,Sås dressing majonnäs ,0.4,µg
6441,Ajvar- och spenatsås,Vitamin A,Sås dressing majonnäs ,82.7,RE/µg
6441,Ajvar- och spenatsås,Vatten,Sås dressing majonnäs ,74.5,g
6441,Ajvar- och spenatsås,Tiamin,Sås dressing majonnäs ,0.07,mg
6441,Ajvar- och spenatsås,Tillsatt socker,Sås dressing majonnäs ,0.0,g
6441,Ajvar- och spenatsås,Fritt socker,Sås dressing majonnäs ,0.0,g
6441,Ajvar- och spenatsås,"Selen, Se",Sås dressing majonnäs ,3.6,µg
6441,Ajvar- och spenatsås,Sackaros,Sås dressing majonnäs ,0.2,g
6441,Ajvar- och spenatsås,Riboflavin,Sås dressing majonnäs ,0.11,mg
6441,Ajvar- och spenatsås,Retinol,Sås dressing majonnäs ,61.5,µg
6441,Ajvar- och spenatsås,Protein,Sås dressing majonnäs ,7.0,g
6441,Ajvar- och spenatsås,Summa fleromättade fettsyror,Sås dressing majonnäs ,0.4,g
6441,Ajvar- och spenatsås,"Fosfor, P",Sås dressing majonnäs ,145.0,mg
6441,Ajvar- och spenatsås,Niacinekvivalenter,Sås dressing majonnäs ,1.75,NE/mg
6441,Ajvar- och spenatsås,Niacin,Sås dressing majonnäs ,0.29,mg
6441,Ajvar- och spenatsås,"Salt, NaCl",Sås dressing majonnäs ,0.4,g
6441,Ajvar- och spenatsås,"Natrium, Na",Sås dressing majonnäs ,147.0,mg
6441,Ajvar- och spenatsås,Monosackarider,Sås dressing majonnäs ,0.2,g
6441,Ajvar- och spenatsås,"Sockerarter, totalt",Sås dressing majonnäs ,2.6,g
6441,Ajvar- och spenatsås,Summa enkelomättade fettsyror,Sås dressing majonnäs ,2.0,g
6441,Ajvar- och spenatsås,"Magnesium, Mg",Sås dressing majonnäs ,17.0,mg
6441,Ajvar- och spenatsås,Summa mättade fettsyror,Sås dressing majonnäs ,4.7,g
6441,Ajvar- och spenatsås,"Kolhydrater, tillgängliga",Sås dressing majonnäs ,7.2,g
6441,Ajvar- och spenatsås,Kolesterol,Sås dressing majonnäs ,20.6,mg
6441,Ajvar- och spenatsås,"Kalium, K",Sås dressing majonnäs ,170.0,mg
6441,Ajvar- och spenatsås,"Jod, I",Sås dressing majonnäs ,17.0,µg
6441,Ajvar- och spenatsås,Fullkorn totalt,Sås dressing majonnäs ,0.0,g
6441,Ajvar- och spenatsås,"Folat, totalt",Sås dressing majonnäs ,26.2,µg
6441,Ajvar- och spenatsås,Fibrer,Sås dressing majonnäs ,2.2,g
6441,Ajvar- och spenatsås,"Fett, totalt",Sås dressing majonnäs ,7.8,g
6441,Ajvar- och spenatsås,"Järn, Fe",Sås dressing majonnäs ,0.7,mg
6441,Ajvar- och spenatsås,Energi (kJ),Sås dressing majonnäs ,548.0,kJ
6441,Ajvar- och spenatsås,Energi (kcal),Sås dressing majonnäs ,131.0,kcal
6441,Ajvar- och spenatsås,Disackarider,Sås dressing majonnäs ,2.3,g
6441,Ajvar- och spenatsås,"Kalcium, Ca",Sås dressing majonnäs ,147.0,mg
6441,Ajvar- och spenatsås,Fettsyra 4:0-10:0,Sås dressing majonnäs ,0.6,g
6441,Ajvar- och spenatsås,DHA (C22:6),Sås dressing majonnäs ,0.0,g
6441,Ajvar- och spenatsås,DPA (C22:5),Sås dressing majonnäs ,0.0,g
6441,Ajvar- och spenatsås,EPA (C20:5),Sås dressing majonnäs ,0.0,g
6441,Ajvar- och spenatsås,Arakidonsyra C20:4,Sås dressing majonnäs ,0.0,g
6441,Ajvar- och spenatsås,Arakidinsyra C20:0,Sås dressing majonnäs ,0.0,g
6441,Ajvar- och spenatsås,Linolensyra C18:3,Sås dressing majonnäs ,0.1,g
6441,Ajvar- och spenatsås,Linolsyra C18:2,Sås dressing majonnäs ,0.3,g
6441,Ajvar- och spenatsås,Oljesyra C18:1,Sås dressing majonnäs ,1.8,g
6441,Ajvar- och spenatsås,Stearinsyra C18:0,Sås dressing majonnäs ,0.7,g
6441,Ajvar- och spenatsås,Palmitoljesyra C16:1,Sås dressing majonnäs ,0.1,g
6441,Ajvar- och spenatsås,Palmitinsyra C16:0,Sås dressing majonnäs ,2.2,g
6441,Ajvar- och spenatsås,Myristinsyra C14:0,Sås dressing majonnäs ,0.7,g
6441,Ajvar- och spenatsås,Laurinsyra C12:0,Sås dressing majonnäs ,0.2,g
6441,Ajvar- och spenatsås,Betakaroten/β-Karoten,Sås dressing majonnäs ,231.0,µg
6441,Ajvar- och spenatsås,Avfall (skal etc.),Sås dressing majonnäs ,0.0,%
6441,Ajvar- och spenatsås,Aska,Sås dressing majonnäs ,1.2,g
6441,Ajvar- och spenatsås,Alkohol,Sås dressing majonnäs ,0.0,g
6442,Paprika grillad,"Zink, Zn",Grönsaks- rotfrukts- baljväxträtter o produkter,0.2,mg
6442,Paprika grillad,Vitamin E,Grönsaks- rotfrukts- baljväxträtter o produkter,3.2,mg
6442,Paprika grillad,Vitamin D inkl 25-OH-D3,Grönsaks- rotfrukts- baljväxträtter o produkter,0.0,µg
6442,Paprika grillad,Vitamin D,Grönsaks- rotfrukts- baljväxträtter o produkter,0.0,µg
6442,Paprika grillad,Vitamin C,Grönsaks- rotfrukts- baljväxträtter o produkter,138.6,mg
6442,Paprika grillad,Vitamin B6,Grönsaks- rotfrukts- baljväxträtter o produkter,0.29,mg
6442,Paprika grillad,Vitamin B12,Grönsaks- rotfrukts- baljväxträtter o produkter,0.0,µg
6442,Paprika grillad,Vitamin A,Grönsaks- rotfrukts- baljväxträtter o produkter,39.4,RE/µg
6442,Paprika grillad,Vatten,Grönsaks- rotfrukts- baljväxträtter o produkter,90.7,g
6442,Paprika grillad,Tiamin,Grönsaks- rotfrukts- baljväxträtter o produkter,0.03,mg
6442,Paprika grillad,Tillsatt socker,Grönsaks- rotfrukts- baljväxträtter o produkter,0.0,g
6442,Paprika grillad,Fritt socker,Grönsaks- rotfrukts- baljväxträtter o produkter,0.0,g
6442,Paprika grillad,"Selen, Se",Grönsaks- rotfrukts- baljväxträtter o produkter,0.0,µg
6442,Paprika grillad,Sackaros,Grönsaks- rotfrukts- baljväxträtter o produkter,0.2,g
6442,Paprika grillad,Riboflavin,Grönsaks- rotfrukts- baljväxträtter o produkter,0.03,mg
6442,Paprika grillad,Retinol,Grönsaks- rotfrukts- baljväxträtter o produkter,0.0,µg
6442,Paprika grillad,Protein,Grönsaks- rotfrukts- baljväxträtter o produkter,0.7,g
6442,Paprika grillad,Summa fleromättade fettsyror,Grönsaks- rotfrukts- baljväxträtter o produkter,0.0,g
6442,Paprika grillad,"Fosfor, P",Grönsaks- rotfrukts- baljväxträtter o produkter,22.0,mg
6442,Paprika grillad,Niacinekvivalenter,Grönsaks- rotfrukts- baljväxträtter o produkter,1.25,NE/mg
6442,Paprika grillad,Niacin,Grönsaks- rotfrukts- baljväxträtter o produkter,1.11,mg
6442,Paprika grillad,"Salt, NaCl",Grönsaks- rotfrukts- baljväxträtter o produkter,0.0,g
6442,Paprika grillad,"Natrium, Na",Grönsaks- rotfrukts- baljväxträtter o produkter,0.0,mg
6442,Paprika grillad,Monosackarider,Grönsaks- rotfrukts- baljväxträtter o produkter,6.7,g
6442,Paprika grillad,"Sockerarter, totalt",Grönsaks- rotfrukts- baljväxträtter o produkter,6.9,g
6442,Paprika grillad,Summa enkelomättade fettsyror,Grönsaks- rotfrukts- baljväxträtter o produkter,0.0,g
6442,Paprika grillad,"Magnesium, Mg",Grönsaks- rotfrukts- baljväxträtter o produkter,11.0,mg
6442,Paprika grillad,Summa mättade fettsyror,Grönsaks- rotfrukts- baljväxträtter o produkter,0.0,g
6442,Paprika grillad,"Kolhydrater, tillgängliga",Grönsaks- rotfrukts- baljväxträtter o produkter,5.8,g
6442,Paprika grillad,Kolesterol,Grönsaks- rotfrukts- baljväxträtter o produkter,0.0,mg
6442,Paprika grillad,"Kalium, K",Grönsaks- rotfrukts- baljväxträtter o produkter,166.0,mg
6442,Paprika grillad,"Jod, I",Grönsaks- rotfrukts- baljväxträtter o produkter,0.0,µg
6442,Paprika grillad,Fullkorn totalt,Grönsaks- rotfrukts- baljväxträtter o produkter,0.0,g
6442,Paprika grillad,"Folat, totalt",Grönsaks- rotfrukts- baljväxträtter o produkter,44.2,µg
6442,Paprika grillad,Fibrer,Grönsaks- rotfrukts- baljväxträtter o produkter,1.6,g
6442,Paprika grillad,"Fett, totalt",Grönsaks- rotfrukts- baljväxträtter o produkter,0.3,g
6442,Paprika grillad,"Järn, Fe",Grönsaks- rotfrukts- baljväxträtter o produkter,0.4,mg
6442,Paprika grillad,Energi (kJ),Grönsaks- rotfrukts- baljväxträtter o produkter,133.0,kJ
6442,Paprika grillad,Energi (kcal),Grönsaks- rotfrukts- baljväxträtter o produkter,32.0,kcal
6442,Paprika grillad,Disackarider,Grönsaks- rotfrukts- baljväxträtter o produkter,0.2,g
6442,Paprika grillad,"Kalcium, Ca",Grönsaks- rotfrukts- baljväxträtter o produkter,10.0,mg
6442,Paprika grillad,Fettsyra 4:0-10:0,Grönsaks- rotfrukts- baljväxträtter o produkter,0.0,g
6442,Paprika grillad,DHA (C22:6),Grönsaks- rotfrukts- baljväxträtter o produkter,0.0,g
6442,Paprika grillad,DPA (C22:5),Grönsaks- rotfrukts- baljväxträtter o produkter,0.0,g
6442,Paprika grillad,EPA (C20:5),Grönsaks- rotfrukts- baljväxträtter o produkter,0.0,g
6442,Paprika grillad,Arakidonsyra C20:4,Grönsaks- rotfrukts- baljväxträtter o produkter,0.0,g
6442,Paprika grillad,Arakidinsyra C20:0,Grönsaks- rotfrukts- baljväxträtter o produkter,0.0,g
6442,Paprika grillad,Linolensyra C18:3,Grönsaks- rotfrukts- baljväxträtter o produkter,0.0,g
6442,Paprika grillad,Linolsyra C18:2,Grönsaks- rotfrukts- baljväxträtter o produkter,0.0,g
6442,Paprika grillad,Oljesyra C18:1,Grönsaks- rotfrukts- baljväxträtter o produkter,0.0,g
6442,Paprika grillad,Stearinsyra C18:0,Grönsaks- rotfrukts- baljväxträtter o produkter,0.0,g
6442,Paprika grillad,Palmitoljesyra C16:1,Grönsaks- rotfrukts- baljväxträtter o produkter,0.0,g
6442,Paprika grillad,Palmitinsyra C16:0,Grönsaks- rotfrukts- baljväxträtter o produkter,0.0,g
6442,Paprika grillad,Myristinsyra C14:0,Grönsaks- rotfrukts- baljväxträtter o produkter,0.0,g
6442,Paprika grillad,Laurinsyra C12:0,Grönsaks- rotfrukts- baljväxträtter o produkter,0.0,g
6442,Paprika grillad,Betakaroten/β-Karoten,Grönsaks- rotfrukts- baljväxträtter o produkter,382.0,µg
6442,Paprika grillad,Avfall (skal etc.),Grönsaks- rotfrukts- baljväxträtter o produkter,16.0,%
6442,Paprika grillad,Aska,Grönsaks- rotfrukts- baljväxträtter o produkter,1.0,g
6442,Paprika grillad,Alkohol,Grönsaks- rotfrukts- baljväxträtter o produkter,0.0,g
6446,Lasagne m. cottage cheese veg. ,"Zink, Zn",Pastarätter,0.4,mg
6446,Lasagne m. cottage cheese veg. ,Vitamin E,Pastarätter,1.2,mg
6446,Lasagne m. cottage cheese veg. ,Vitamin D,Pastarätter,0.08,µg
6446,Lasagne m. cottage cheese veg. ,Vitamin C,Pastarätter,9.7,mg
6446,Lasagne m. cottage cheese veg. ,Vitamin B6,Pastarätter,0.07,mg
6446,Lasagne m. cottage cheese veg. ,Vitamin B12,Pastarätter,0.22,µg
6446,Lasagne m. cottage cheese veg. ,Vitamin A,Pastarätter,54.1,RE/µg
6446,Lasagne m. cottage cheese veg. ,Vatten,Pastarätter,78.2,g
6446,Lasagne m. cottage cheese veg. ,Tiamin,Pastarätter,0.03,mg
6446,Lasagne m. cottage cheese veg. ,Tillsatt socker,Pastarätter,0.0,g
6446,Lasagne m. cottage cheese veg. ,Fritt socker,Pastarätter,0.0,g
6446,Lasagne m. cottage cheese veg. ,"Selen, Se",Pastarätter,2.2,µg
6446,Lasagne m. cottage cheese veg. ,Sackaros,Pastarätter,0.1,g
6446,Lasagne m. cottage cheese veg. ,Riboflavin,Pastarätter,0.11,mg
6446,Lasagne m. cottage cheese veg. ,Retinol,Pastarätter,35.5,µg
6446,Lasagne m. cottage cheese veg. ,Protein,Pastarätter,6.1,g
6446,Lasagne m. cottage cheese veg. ,Summa fleromättade fettsyror,Pastarätter,0.3,g
6446,Lasagne m. cottage cheese veg. ,"Fosfor, P",Pastarätter,84.0,mg
6446,Lasagne m. cottage cheese veg. ,Niacinekvivalenter,Pastarätter,2.2,NE/mg
6446,Lasagne m. cottage cheese veg. ,Niacin,Pastarätter,0.88,mg
6446,Lasagne m. cottage cheese veg. ,"Salt, NaCl",Pastarätter,0.5,g
6446,Lasagne m. cottage cheese veg. ,"Natrium, Na",Pastarätter,224.0,mg
6446,Lasagne m. cottage cheese veg. ,Monosackarider,Pastarätter,2.2,g
6446,Lasagne m. cottage cheese veg. ,"Sockerarter, totalt",Pastarätter,2.9,g
6446,Lasagne m. cottage cheese veg. ,Summa enkelomättade fettsyror,Pastarätter,1.2,g
6446,Lasagne m. cottage cheese veg. ,"Magnesium, Mg",Pastarätter,14.0,mg
6446,Lasagne m. cottage cheese veg. ,Summa mättade fettsyror,Pastarätter,2.5,g
6446,Lasagne m. cottage cheese veg. ,"Kolhydrater, tillgängliga",Pastarätter,8.6,g
6446,Lasagne m. cottage cheese veg. ,Kolesterol,Pastarätter,11.5,mg
6446,Lasagne m. cottage cheese veg. ,"Kalium, K",Pastarätter,146.0,mg
6446,Lasagne m. cottage cheese veg. ,"Jod, I",Pastarätter,19.9,µg
6446,Lasagne m. cottage cheese veg. ,Fullkorn totalt,Pastarätter,0.0,g
6446,Lasagne m. cottage cheese veg. ,"Folat, totalt",Pastarätter,18.2,µg
6446,Lasagne m. cottage cheese veg. ,Fibrer,Pastarätter,1.4,g
6446,Lasagne m. cottage cheese veg. ,"Fett, totalt",Pastarätter,4.5,g
6446,Lasagne m. cottage cheese veg. ,"Järn, Fe",Pastarätter,0.4,mg
6446,Lasagne m. cottage cheese veg. ,Energi (kJ),Pastarätter,426.0,kJ
6446,Lasagne m. cottage cheese veg. ,Energi (kcal),Pastarätter,101.0,kcal
6446,Lasagne m. cottage cheese veg. ,Disackarider,Pastarätter,0.7,g
6446,Lasagne m. cottage cheese veg. ,"Kalcium, Ca",Pastarätter,62.0,mg
6446,Lasagne m. cottage cheese veg. ,Fettsyra 4:0-10:0,Pastarätter,0.3,g
6446,Lasagne m. cottage cheese veg. ,DHA (C22:6),Pastarätter,0.0,g
6446,Lasagne m. cottage cheese veg. ,DPA (C22:5),Pastarätter,0.0,g
6446,Lasagne m. cottage cheese veg. ,EPA (C20:5),Pastarätter,0.0,g
6446,Lasagne m. cottage cheese veg. ,Arakidonsyra C20:4,Pastarätter,0.0,g
6446,Lasagne m. cottage cheese veg. ,Arakidinsyra C20:0,Pastarätter,0.0,g
6446,Lasagne m. cottage cheese veg. ,Linolensyra C18:3,Pastarätter,0.1,g
6446,Lasagne m. cottage cheese veg. ,Linolsyra C18:2,Pastarätter,0.3,g
6446,Lasagne m. cottage cheese veg. ,Oljesyra C18:1,Pastarätter,1.1,g
6446,Lasagne m. cottage cheese veg. ,Stearinsyra C18:0,Pastarätter,0.4,g
6446,Lasagne m. cottage cheese veg. ,Palmitoljesyra C16:1,Pastarätter,0.1,g
6446,Lasagne m. cottage cheese veg. ,Palmitinsyra C16:0,Pastarätter,1.2,g
6446,Lasagne m. cottage cheese veg. ,Myristinsyra C14:0,Pastarätter,0.4,g
6446,Lasagne m. cottage cheese veg. ,Laurinsyra C12:0,Pastarätter,0.1,g
6446,Lasagne m. cottage cheese veg. ,Betakaroten/β-Karoten,Pastarätter,212.0,µg
6446,Lasagne m. cottage cheese veg. ,Avfall (skal etc.),Pastarätter,1.0,%
6446,Lasagne m. cottage cheese veg. ,Aska,Pastarätter,1.3,g
6446,Lasagne m. cottage cheese veg. ,Alkohol,Pastarätter,0.0,g
6447,Paj m. fetaost sötpotatis veg.,"Zink, Zn",Pizza paj pirog färdig smörgås,0.7,mg
6447,Paj m. fetaost sötpotatis veg.,Vitamin E,Pizza paj pirog färdig smörgås,2.1,mg
6447,Paj m. fetaost sötpotatis veg.,Vitamin D,Pizza paj pirog färdig smörgås,0.92,µg
6447,Paj m. fetaost sötpotatis veg.,Vitamin C,Pizza paj pirog färdig smörgås,3.4,mg
6447,Paj m. fetaost sötpotatis veg.,Vitamin B6,Pizza paj pirog färdig smörgås,0.07,mg
6447,Paj m. fetaost sötpotatis veg.,Vitamin B12,Pizza paj pirog färdig smörgås,0.4,µg
6447,Paj m. fetaost sötpotatis veg.,Vitamin A,Pizza paj pirog färdig smörgås,297.1,RE/µg
6447,Paj m. fetaost sötpotatis veg.,Vatten,Pizza paj pirog färdig smörgås,58.6,g
6447,Paj m. fetaost sötpotatis veg.,Tiamin,Pizza paj pirog färdig smörgås,0.04,mg
6447,Paj m. fetaost sötpotatis veg.,Tillsatt socker,Pizza paj pirog färdig smörgås,0.0,g
6447,Paj m. fetaost sötpotatis veg.,Fritt socker,Pizza paj pirog färdig smörgås,0.0,g
6447,Paj m. fetaost sötpotatis veg.,"Selen, Se",Pizza paj pirog färdig smörgås,3.9,µg
6447,Paj m. fetaost sötpotatis veg.,Sackaros,Pizza paj pirog färdig smörgås,1.1,g
6447,Paj m. fetaost sötpotatis veg.,Riboflavin,Pizza paj pirog färdig smörgås,0.15,mg
6447,Paj m. fetaost sötpotatis veg.,Retinol,Pizza paj pirog färdig smörgås,165.6,µg
6447,Paj m. fetaost sötpotatis veg.,Protein,Pizza paj pirog färdig smörgås,7.8,g
6447,Paj m. fetaost sötpotatis veg.,Summa fleromättade fettsyror,Pizza paj pirog färdig smörgås,2.5,g
6447,Paj m. fetaost sötpotatis veg.,"Fosfor, P",Pizza paj pirog färdig smörgås,136.0,mg
6447,Paj m. fetaost sötpotatis veg.,Niacinekvivalenter,Pizza paj pirog färdig smörgås,2.26,NE/mg
6447,Paj m. fetaost sötpotatis veg.,Niacin,Pizza paj pirog färdig smörgås,0.5,mg
6447,Paj m. fetaost sötpotatis veg.,"Salt, NaCl",Pizza paj pirog färdig smörgås,1.0,g
6447,Paj m. fetaost sötpotatis veg.,"Natrium, Na",Pizza paj pirog färdig smörgås,382.0,mg
6447,Paj m. fetaost sötpotatis veg.,Monosackarider,Pizza paj pirog färdig smörgås,3.6,g
6447,Paj m. fetaost sötpotatis veg.,"Sockerarter, totalt",Pizza paj pirog färdig smörgås,6.0,g
6447,Paj m. fetaost sötpotatis veg.,Summa enkelomättade fettsyror,Pizza paj pirog färdig smörgås,6.0,g
6447,Paj m. fetaost sötpotatis veg.,"Magnesium, Mg",Pizza paj pirog färdig smörgås,27.0,mg
6447,Paj m. fetaost sötpotatis veg.,Summa mättade fettsyror,Pizza paj pirog färdig smörgås,9.6,g
6447,Paj m. fetaost sötpotatis veg.,"Kolhydrater, tillgängliga",Pizza paj pirog färdig smörgås,9.8,g
6447,Paj m. fetaost sötpotatis veg.,Kolesterol,Pizza paj pirog färdig smörgås,70.1,mg
6447,Paj m. fetaost sötpotatis veg.,"Kalium, K",Pizza paj pirog färdig smörgås,302.0,mg
6447,Paj m. fetaost sötpotatis veg.,"Jod, I",Pizza paj pirog färdig smörgås,38.0,µg
6447,Paj m. fetaost sötpotatis veg.,Fullkorn totalt,Pizza paj pirog färdig smörgås,0.0,g
6447,Paj m. fetaost sötpotatis veg.,"Folat, totalt",Pizza paj pirog färdig smörgås,14.6,µg
6447,Paj m. fetaost sötpotatis veg.,Fibrer,Pizza paj pirog färdig smörgås,2.1,g
6447,Paj m. fetaost sötpotatis veg.,"Fett, totalt",Pizza paj pirog färdig smörgås,19.4,g
6447,Paj m. fetaost sötpotatis veg.,"Järn, Fe",Pizza paj pirog färdig smörgås,0.7,mg
6447,Paj m. fetaost sötpotatis veg.,Energi (kJ),Pizza paj pirog färdig smörgås,1032.0,kJ
6447,Paj m. fetaost sötpotatis veg.,Energi (kcal),Pizza paj pirog färdig smörgås,247.0,kcal
6447,Paj m. fetaost sötpotatis veg.,Disackarider,Pizza paj pirog färdig smörgås,2.4,g
6447,Paj m. fetaost sötpotatis veg.,"Kalcium, Ca",Pizza paj pirog färdig smörgås,80.0,mg
6447,Paj m. fetaost sötpotatis veg.,Fettsyra 4:0-10:0,Pizza paj pirog färdig smörgås,1.0,g
6447,Paj m. fetaost sötpotatis veg.,DHA (C22:6),Pizza paj pirog färdig smörgås,0.0,g
6447,Paj m. fetaost sötpotatis veg.,DPA (C22:5),Pizza paj pirog färdig smörgås,0.0,g
6447,Paj m. fetaost sötpotatis veg.,EPA (C20:5),Pizza paj pirog färdig smörgås,0.0,g
6447,Paj m. fetaost sötpotatis veg.,Arakidonsyra C20:4,Pizza paj pirog färdig smörgås,0.0,g
6447,Paj m. fetaost sötpotatis veg.,Arakidinsyra C20:0,Pizza paj pirog färdig smörgås,0.0,g
6447,Paj m. fetaost sötpotatis veg.,Linolensyra C18:3,Pizza paj pirog färdig smörgås,0.4,g
6447,Paj m. fetaost sötpotatis veg.,Linolsyra C18:2,Pizza paj pirog färdig smörgås,1.8,g
6447,Paj m. fetaost sötpotatis veg.,Oljesyra C18:1,Pizza paj pirog färdig smörgås,6.0,g
6447,Paj m. fetaost sötpotatis veg.,Stearinsyra C18:0,Pizza paj pirog färdig smörgås,1.4,g
6447,Paj m. fetaost sötpotatis veg.,Palmitoljesyra C16:1,Pizza paj pirog färdig smörgås,0.2,g
6447,Paj m. fetaost sötpotatis veg.,Palmitinsyra C16:0,Pizza paj pirog färdig smörgås,5.2,g
6447,Paj m. fetaost sötpotatis veg.,Myristinsyra C14:0,Pizza paj pirog färdig smörgås,1.1,g
6447,Paj m. fetaost sötpotatis veg.,Laurinsyra C12:0,Pizza paj pirog färdig smörgås,0.5,g
6447,Paj m. fetaost sötpotatis veg.,Betakaroten/β-Karoten,Pizza paj pirog färdig smörgås,1574.0,µg
6447,Paj m. fetaost sötpotatis veg.,Avfall (skal etc.),Pizza paj pirog färdig smörgås,8.0,%
6447,Paj m. fetaost sötpotatis veg.,Aska,Pizza paj pirog färdig smörgås,2.3,g
6447,Paj m. fetaost sötpotatis veg.,Alkohol,Pizza paj pirog färdig smörgås,0.0,g
6448,Grynblandning havre råg vete korn kokt m. salt,"Zink, Zn",Matgryn,0.9,mg
6448,Grynblandning havre råg vete korn kokt m. salt,Vitamin E,Matgryn,0.3,mg
6448,Grynblandning havre råg vete korn kokt m. salt,Vitamin D inkl 25-OH-D3,Matgryn,0.0,µg
6448,Grynblandning havre råg vete korn kokt m. salt,Vitamin D,Matgryn,0.0,µg
6448,Grynblandning havre råg vete korn kokt m. salt,Vitamin C,Matgryn,0.0,mg
6448,Grynblandning havre råg vete korn kokt m. salt,Vitamin B6,Matgryn,0.07,mg
6448,Grynblandning havre råg vete korn kokt m. salt,Vitamin B12,Matgryn,0.0,µg
6448,Grynblandning havre råg vete korn kokt m. salt,Vitamin A,Matgryn,0.0,RE/µg
6448,Grynblandning havre råg vete korn kokt m. salt,Vatten,Matgryn,63.9,g
6448,Grynblandning havre råg vete korn kokt m. salt,Tiamin,Matgryn,0.09,mg
6448,Grynblandning havre råg vete korn kokt m. salt,Tillsatt socker,Matgryn,0.0,g
6448,Grynblandning havre råg vete korn kokt m. salt,Fritt socker,Matgryn,0.0,g
6448,Grynblandning havre råg vete korn kokt m. salt,"Selen, Se",Matgryn,0.2,µg
6448,Grynblandning havre råg vete korn kokt m. salt,Sackaros,Matgryn,0.2,g
6448,Grynblandning havre råg vete korn kokt m. salt,Riboflavin,Matgryn,0.02,mg
6448,Grynblandning havre råg vete korn kokt m. salt,Retinol,Matgryn,0.0,µg
6448,Grynblandning havre råg vete korn kokt m. salt,Protein,Matgryn,3.6,g
6448,Grynblandning havre råg vete korn kokt m. salt,Summa fleromättade fettsyror,Matgryn,0.5,g
6448,Grynblandning havre råg vete korn kokt m. salt,"Fosfor, P",Matgryn,124.0,mg
6448,Grynblandning havre råg vete korn kokt m. salt,Niacinekvivalenter,Matgryn,1.45,NE/mg
6448,Grynblandning havre råg vete korn kokt m. salt,Niacin,Matgryn,0.87,mg
6448,Grynblandning havre råg vete korn kokt m. salt,"Salt, NaCl",Matgryn,0.3,g
6448,Grynblandning havre råg vete korn kokt m. salt,"Natrium, Na",Matgryn,116.0,mg
6448,Grynblandning havre råg vete korn kokt m. salt,Monosackarider,Matgryn,0.0,g
6448,Grynblandning havre råg vete korn kokt m. salt,"Sockerarter, totalt",Matgryn,0.3,g
6448,Grynblandning havre råg vete korn kokt m. salt,Summa enkelomättade fettsyror,Matgryn,0.3,g
6448,Grynblandning havre råg vete korn kokt m. salt,"Magnesium, Mg",Matgryn,41.0,mg
6448,Grynblandning havre råg vete korn kokt m. salt,Summa mättade fettsyror,Matgryn,0.2,g
6448,Grynblandning havre råg vete korn kokt m. salt,"Kolhydrater, tillgängliga",Matgryn,23.4,g
6448,Grynblandning havre råg vete korn kokt m. salt,Kolesterol,Matgryn,0.0,mg
6448,Grynblandning havre råg vete korn kokt m. salt,"Kalium, K",Matgryn,160.0,mg
6448,Grynblandning havre råg vete korn kokt m. salt,"Jod, I",Matgryn,0.2,µg
6448,Grynblandning havre råg vete korn kokt m. salt,Fullkorn totalt,Matgryn,39.0,g
6448,Grynblandning havre råg vete korn kokt m. salt,"Folat, totalt",Matgryn,11.5,µg
6448,Grynblandning havre råg vete korn kokt m. salt,Fibrer,Matgryn,7.2,g
6448,Grynblandning havre råg vete korn kokt m. salt,"Fett, totalt",Matgryn,1.2,g
6448,Grynblandning havre råg vete korn kokt m. salt,"Järn, Fe",Matgryn,1.1,mg
6448,Grynblandning havre råg vete korn kokt m. salt,Energi (kJ),Matgryn,559.0,kJ
6448,Grynblandning havre råg vete korn kokt m. salt,Energi (kcal),Matgryn,133.0,kcal
6448,Grynblandning havre råg vete korn kokt m. salt,Disackarider,Matgryn,0.2,g
6448,Grynblandning havre råg vete korn kokt m. salt,"Kalcium, Ca",Matgryn,16.0,mg
6448,Grynblandning havre råg vete korn kokt m. salt,Fettsyra 4:0-10:0,Matgryn,0.0,g
6448,Grynblandning havre råg vete korn kokt m. salt,DHA (C22:6),Matgryn,0.0,g
6448,Grynblandning havre råg vete korn kokt m. salt,DPA (C22:5),Matgryn,0.0,g
6448,Grynblandning havre råg vete korn kokt m. salt,EPA (C20:5),Matgryn,0.0,g
6448,Grynblandning havre råg vete korn kokt m. salt,Arakidonsyra C20:4,Matgryn,0.0,g
6448,Grynblandning havre råg vete korn kokt m. salt,Arakidinsyra C20:0,Matgryn,0.0,g
6448,Grynblandning havre råg vete korn kokt m. salt,Linolensyra C18:3,Matgryn,0.0,g
6448,Grynblandning havre råg vete korn kokt m. salt,Linolsyra C18:2,Matgryn,0.4,g
6448,Grynblandning havre råg vete korn kokt m. salt,Oljesyra C18:1,Matgryn,0.3,g
6448,Grynblandning havre råg vete korn kokt m. salt,Stearinsyra C18:0,Matgryn,0.0,g
6448,Grynblandning havre råg vete korn kokt m. salt,Palmitoljesyra C16:1,Matgryn,0.0,g
6448,Grynblandning havre råg vete korn kokt m. salt,Palmitinsyra C16:0,Matgryn,0.1,g
6448,Grynblandning havre råg vete korn kokt m. salt,Myristinsyra C14:0,Matgryn,0.0,g
6448,Grynblandning havre råg vete korn kokt m. salt,Laurinsyra C12:0,Matgryn,0.0,g
6448,Grynblandning havre råg vete korn kokt m. salt,Betakaroten/β-Karoten,Matgryn,0.0,µg
6448,Grynblandning havre råg vete korn kokt m. salt,Avfall (skal etc.),Matgryn,0.0,%
6448,Grynblandning havre råg vete korn kokt m. salt,Aska,Matgryn,0.7,g
6448,Grynblandning havre råg vete korn kokt m. salt,Alkohol,Matgryn,0.0,g
6449,Soppa m. kokosmjölk blomkål potatis spenat veg.,"Zink, Zn",Soppa mat,0.8,mg
6449,Soppa m. kokosmjölk blomkål potatis spenat veg.,Vitamin E,Soppa mat,0.4,mg
6449,Soppa m. kokosmjölk blomkål potatis spenat veg.,Vitamin D inkl 25-OH-D3,Soppa mat,0.0,µg
6449,Soppa m. kokosmjölk blomkål potatis spenat veg.,Vitamin D,Soppa mat,0.0,µg
6449,Soppa m. kokosmjölk blomkål potatis spenat veg.,Vitamin C,Soppa mat,4.1,mg
6449,Soppa m. kokosmjölk blomkål potatis spenat veg.,Vitamin B6,Soppa mat,0.03,mg
6449,Soppa m. kokosmjölk blomkål potatis spenat veg.,Vitamin B12,Soppa mat,0.0,µg
6449,Soppa m. kokosmjölk blomkål potatis spenat veg.,Vitamin A,Soppa mat,46.0,RE/µg
6449,Soppa m. kokosmjölk blomkål potatis spenat veg.,Vatten,Soppa mat,65.9,g
6449,Soppa m. kokosmjölk blomkål potatis spenat veg.,Tiamin,Soppa mat,0.03,mg
6449,Soppa m. kokosmjölk blomkål potatis spenat veg.,Tillsatt socker,Soppa mat,0.0,g
6449,Soppa m. kokosmjölk blomkål potatis spenat veg.,Fritt socker,Soppa mat,0.0,g
6449,Soppa m. kokosmjölk blomkål potatis spenat veg.,"Selen, Se",Soppa mat,0.1,µg
6449,Soppa m. kokosmjölk blomkål potatis spenat veg.,Sackaros,Soppa mat,1.4,g
6449,Soppa m. kokosmjölk blomkål potatis spenat veg.,Riboflavin,Soppa mat,0.02,mg
6449,Soppa m. kokosmjölk blomkål potatis spenat veg.,Retinol,Soppa mat,0.0,µg
6449,Soppa m. kokosmjölk blomkål potatis spenat veg.,Protein,Soppa mat,2.9,g
6449,Soppa m. kokosmjölk blomkål potatis spenat veg.,Summa fleromättade fettsyror,Soppa mat,0.5,g
6449,Soppa m. kokosmjölk blomkål potatis spenat veg.,"Fosfor, P",Soppa mat,101.0,mg
6449,Soppa m. kokosmjölk blomkål potatis spenat veg.,Niacinekvivalenter,Soppa mat,1.5,NE/mg
6449,Soppa m. kokosmjölk blomkål potatis spenat veg.,Niacin,Soppa mat,1.03,mg
6449,Soppa m. kokosmjölk blomkål potatis spenat veg.,"Salt, NaCl",Soppa mat,1.6,g
6449,Soppa m. kokosmjölk blomkål potatis spenat veg.,"Natrium, Na",Soppa mat,669.0,mg
6449,Soppa m. kokosmjölk blomkål potatis spenat veg.,Monosackarider,Soppa mat,0.2,g
6449,Soppa m. kokosmjölk blomkål potatis spenat veg.,"Sockerarter, totalt",Soppa mat,1.7,g
6449,Soppa m. kokosmjölk blomkål potatis spenat veg.,Summa enkelomättade fettsyror,Soppa mat,1.6,g
6449,Soppa m. kokosmjölk blomkål potatis spenat veg.,"Magnesium, Mg",Soppa mat,42.0,mg
6449,Soppa m. kokosmjölk blomkål potatis spenat veg.,Summa mättade fettsyror,Soppa mat,17.6,g
6449,Soppa m. kokosmjölk blomkål potatis spenat veg.,"Kolhydrater, tillgängliga",Soppa mat,5.8,g
6449,Soppa m. kokosmjölk blomkål potatis spenat veg.,Kolesterol,Soppa mat,0.0,mg
6449,Soppa m. kokosmjölk blomkål potatis spenat veg.,"Kalium, K",Soppa mat,301.0,mg
6449,Soppa m. kokosmjölk blomkål potatis spenat veg.,"Jod, I",Soppa mat,47.9,µg
6449,Soppa m. kokosmjölk blomkål potatis spenat veg.,Fullkorn totalt,Soppa mat,0.0,g
6449,Soppa m. kokosmjölk blomkål potatis spenat veg.,"Folat, totalt",Soppa mat,14.1,µg
6449,Soppa m. kokosmjölk blomkål potatis spenat veg.,Fibrer,Soppa mat,1.9,g
6449,Soppa m. kokosmjölk blomkål potatis spenat veg.,"Fett, totalt",Soppa mat,21.0,g
6449,Soppa m. kokosmjölk blomkål potatis spenat veg.,"Järn, Fe",Soppa mat,1.6,mg
6449,Soppa m. kokosmjölk blomkål potatis spenat veg.,Energi (kJ),Soppa mat,939.0,kJ
6449,Soppa m. kokosmjölk blomkål potatis spenat veg.,Energi (kcal),Soppa mat,225.0,kcal
6449,Soppa m. kokosmjölk blomkål potatis spenat veg.,Disackarider,Soppa mat,1.4,g
6449,Soppa m. kokosmjölk blomkål potatis spenat veg.,"Kalcium, Ca",Soppa mat,37.0,mg
6449,Soppa m. kokosmjölk blomkål potatis spenat veg.,Fettsyra 4:0-10:0,Soppa mat,2.9,g
6449,Soppa m. kokosmjölk blomkål potatis spenat veg.,DHA (C22:6),Soppa mat,0.0,g
6449,Soppa m. kokosmjölk blomkål potatis spenat veg.,DPA (C22:5),Soppa mat,0.0,g
6449,Soppa m. kokosmjölk blomkål potatis spenat veg.,EPA (C20:5),Soppa mat,0.0,g
6449,Soppa m. kokosmjölk blomkål potatis spenat veg.,Arakidonsyra C20:4,Soppa mat,0.0,g
6449,Soppa m. kokosmjölk blomkål potatis spenat veg.,Arakidinsyra C20:0,Soppa mat,0.0,g
6449,Soppa m. kokosmjölk blomkål potatis spenat veg.,Linolensyra C18:3,Soppa mat,0.0,g
6449,Soppa m. kokosmjölk blomkål potatis spenat veg.,Linolsyra C18:2,Soppa mat,0.4,g
6449,Soppa m. kokosmjölk blomkål potatis spenat veg.,Oljesyra C18:1,Soppa mat,1.5,g
6449,Soppa m. kokosmjölk blomkål potatis spenat veg.,Stearinsyra C18:0,Soppa mat,0.6,g
6449,Soppa m. kokosmjölk blomkål potatis spenat veg.,Palmitoljesyra C16:1,Soppa mat,0.0,g
6449,Soppa m. kokosmjölk blomkål potatis spenat veg.,Palmitinsyra C16:0,Soppa mat,1.7,g
6449,Soppa m. kokosmjölk blomkål potatis spenat veg.,Myristinsyra C14:0,Soppa mat,3.4,g
6449,Soppa m. kokosmjölk blomkål potatis spenat veg.,Laurinsyra C12:0,Soppa mat,9.0,g
6449,Soppa m. kokosmjölk blomkål potatis spenat veg.,Betakaroten/β-Karoten,Soppa mat,550.0,µg
6449,Soppa m. kokosmjölk blomkål potatis spenat veg.,Avfall (skal etc.),Soppa mat,0.0,%
6449,Soppa m. kokosmjölk blomkål potatis spenat veg.,Aska,Soppa mat,2.6,g
6449,Soppa m. kokosmjölk blomkål potatis spenat veg.,Alkohol,Soppa mat,0.0,g
6450,Sötpotatissoppa m. linser chili kokosmjölk veg.,"Zink, Zn",Soppa mat,0.5,mg
6450,Sötpotatissoppa m. linser chili kokosmjölk veg.,Vitamin E,Soppa mat,0.9,mg
6450,Sötpotatissoppa m. linser chili kokosmjölk veg.,Vitamin D inkl 25-OH-D3,Soppa mat,0.0,µg
6450,Sötpotatissoppa m. linser chili kokosmjölk veg.,Vitamin D,Soppa mat,0.0,µg
6450,Sötpotatissoppa m. linser chili kokosmjölk veg.,Vitamin C,Soppa mat,5.8,mg
6450,Sötpotatissoppa m. linser chili kokosmjölk veg.,Vitamin B6,Soppa mat,0.08,mg
6450,Sötpotatissoppa m. linser chili kokosmjölk veg.,Vitamin B12,Soppa mat,0.0,µg
6450,Sötpotatissoppa m. linser chili kokosmjölk veg.,Vitamin A,Soppa mat,106.4,RE/µg
6450,Sötpotatissoppa m. linser chili kokosmjölk veg.,Vatten,Soppa mat,78.7,g
6450,Sötpotatissoppa m. linser chili kokosmjölk veg.,Tiamin,Soppa mat,0.04,mg
6450,Sötpotatissoppa m. linser chili kokosmjölk veg.,Tillsatt socker,Soppa mat,0.0,g
6450,Sötpotatissoppa m. linser chili kokosmjölk veg.,Fritt socker,Soppa mat,0.0,g
6450,Sötpotatissoppa m. linser chili kokosmjölk veg.,"Selen, Se",Soppa mat,0.6,µg
6450,Sötpotatissoppa m. linser chili kokosmjölk veg.,Sackaros,Soppa mat,1.3,g
6450,Sötpotatissoppa m. linser chili kokosmjölk veg.,Riboflavin,Soppa mat,0.02,mg
6450,Sötpotatissoppa m. linser chili kokosmjölk veg.,Retinol,Soppa mat,0.0,µg
6450,Sötpotatissoppa m. linser chili kokosmjölk veg.,Protein,Soppa mat,2.4,g
6450,Sötpotatissoppa m. linser chili kokosmjölk veg.,Summa fleromättade fettsyror,Soppa mat,0.4,g
6450,Sötpotatissoppa m. linser chili kokosmjölk veg.,"Fosfor, P",Soppa mat,58.0,mg
6450,Sötpotatissoppa m. linser chili kokosmjölk veg.,Niacinekvivalenter,Soppa mat,1.13,NE/mg
6450,Sötpotatissoppa m. linser chili kokosmjölk veg.,Niacin,Soppa mat,0.74,mg
6450,Sötpotatissoppa m. linser chili kokosmjölk veg.,"Salt, NaCl",Soppa mat,0.8,g
6450,Sötpotatissoppa m. linser chili kokosmjölk veg.,"Natrium, Na",Soppa mat,330.0,mg
6450,Sötpotatissoppa m. linser chili kokosmjölk veg.,Monosackarider,Soppa mat,1.9,g
6450,Sötpotatissoppa m. linser chili kokosmjölk veg.,"Sockerarter, totalt",Soppa mat,3.5,g
6450,Sötpotatissoppa m. linser chili kokosmjölk veg.,Summa enkelomättade fettsyror,Soppa mat,1.0,g
6450,Sötpotatissoppa m. linser chili kokosmjölk veg.,"Magnesium, Mg",Soppa mat,23.0,mg
6450,Sötpotatissoppa m. linser chili kokosmjölk veg.,Summa mättade fettsyror,Soppa mat,5.3,g
6450,Sötpotatissoppa m. linser chili kokosmjölk veg.,"Kolhydrater, tillgängliga",Soppa mat,7.3,g
6450,Sötpotatissoppa m. linser chili kokosmjölk veg.,Kolesterol,Soppa mat,0.0,mg
6450,Sötpotatissoppa m. linser chili kokosmjölk veg.,"Kalium, K",Soppa mat,267.0,mg
6450,Sötpotatissoppa m. linser chili kokosmjölk veg.,"Jod, I",Soppa mat,15.8,µg
6450,Sötpotatissoppa m. linser chili kokosmjölk veg.,Fullkorn totalt,Soppa mat,0.0,g
6450,Sötpotatissoppa m. linser chili kokosmjölk veg.,"Folat, totalt",Soppa mat,15.4,µg
6450,Sötpotatissoppa m. linser chili kokosmjölk veg.,Fibrer,Soppa mat,2.8,g
6450,Sötpotatissoppa m. linser chili kokosmjölk veg.,"Fett, totalt",Soppa mat,7.2,g
6450,Sötpotatissoppa m. linser chili kokosmjölk veg.,"Järn, Fe",Soppa mat,0.9,mg
6450,Sötpotatissoppa m. linser chili kokosmjölk veg.,Energi (kJ),Soppa mat,454.0,kJ
6450,Sötpotatissoppa m. linser chili kokosmjölk veg.,Energi (kcal),Soppa mat,108.0,kcal
6450,Sötpotatissoppa m. linser chili kokosmjölk veg.,Disackarider,Soppa mat,1.6,g
6450,Sötpotatissoppa m. linser chili kokosmjölk veg.,"Kalcium, Ca",Soppa mat,17.0,mg
6450,Sötpotatissoppa m. linser chili kokosmjölk veg.,Fettsyra 4:0-10:0,Soppa mat,0.8,g
6450,Sötpotatissoppa m. linser chili kokosmjölk veg.,DHA (C22:6),Soppa mat,0.0,g
6450,Sötpotatissoppa m. linser chili kokosmjölk veg.,DPA (C22:5),Soppa mat,0.0,g
6450,Sötpotatissoppa m. linser chili kokosmjölk veg.,EPA (C20:5),Soppa mat,0.0,g
6450,Sötpotatissoppa m. linser chili kokosmjölk veg.,Arakidonsyra C20:4,Soppa mat,0.0,g
6450,Sötpotatissoppa m. linser chili kokosmjölk veg.,Arakidinsyra C20:0,Soppa mat,0.0,g
6450,Sötpotatissoppa m. linser chili kokosmjölk veg.,Linolensyra C18:3,Soppa mat,0.1,g
6450,Sötpotatissoppa m. linser chili kokosmjölk veg.,Linolsyra C18:2,Soppa mat,0.4,g
6450,Sötpotatissoppa m. linser chili kokosmjölk veg.,Oljesyra C18:1,Soppa mat,1.0,g
6450,Sötpotatissoppa m. linser chili kokosmjölk veg.,Stearinsyra C18:0,Soppa mat,0.2,g
6450,Sötpotatissoppa m. linser chili kokosmjölk veg.,Palmitoljesyra C16:1,Soppa mat,0.0,g
6450,Sötpotatissoppa m. linser chili kokosmjölk veg.,Palmitinsyra C16:0,Soppa mat,0.6,g
6450,Sötpotatissoppa m. linser chili kokosmjölk veg.,Myristinsyra C14:0,Soppa mat,1.0,g
6450,Sötpotatissoppa m. linser chili kokosmjölk veg.,Laurinsyra C12:0,Soppa mat,2.6,g
6450,Sötpotatissoppa m. linser chili kokosmjölk veg.,Betakaroten/β-Karoten,Soppa mat,1276.0,µg
6450,Sötpotatissoppa m. linser chili kokosmjölk veg.,Avfall (skal etc.),Soppa mat,5.0,%
6450,Sötpotatissoppa m. linser chili kokosmjölk veg.,Aska,Soppa mat,1.7,g
6450,Sötpotatissoppa m. linser chili kokosmjölk veg.,Alkohol,Soppa mat,0.0,g
6451,Rysk kålsoppa veg.,"Zink, Zn",Soppa mat,0.1,mg
6451,Rysk kålsoppa veg.,Vitamin E,Soppa mat,0.3,mg
6451,Rysk kålsoppa veg.,Vitamin D,Soppa mat,0.0,µg
6451,Rysk kålsoppa veg.,Vitamin C,Soppa mat,11.9,mg
6451,Rysk kålsoppa veg.,Vitamin B6,Soppa mat,0.08,mg
6451,Rysk kålsoppa veg.,Vitamin B12,Soppa mat,0.0,µg
6451,Rysk kålsoppa veg.,Vitamin A,Soppa mat,71.5,RE/µg
6451,Rysk kålsoppa veg.,Vatten,Soppa mat,90.0,g
6451,Rysk kålsoppa veg.,Tiamin,Soppa mat,0.02,mg
6451,Rysk kålsoppa veg.,Tillsatt socker,Soppa mat,0.0,g
6451,Rysk kålsoppa veg.,Fritt socker,Soppa mat,0.0,g
6451,Rysk kålsoppa veg.,"Selen, Se",Soppa mat,0.2,µg
6451,Rysk kålsoppa veg.,Sackaros,Soppa mat,0.4,g
6451,Rysk kålsoppa veg.,Riboflavin,Soppa mat,0.01,mg
6451,Rysk kålsoppa veg.,Retinol,Soppa mat,27.7,µg
6451,Rysk kålsoppa veg.,Protein,Soppa mat,0.9,g
6451,Rysk kålsoppa veg.,Summa fleromättade fettsyror,Soppa mat,0.1,g
6451,Rysk kålsoppa veg.,"Fosfor, P",Soppa mat,23.0,mg
6451,Rysk kålsoppa veg.,Niacinekvivalenter,Soppa mat,0.5,NE/mg
6451,Rysk kålsoppa veg.,Niacin,Soppa mat,0.34,mg
6451,Rysk kålsoppa veg.,"Salt, NaCl",Soppa mat,0.5,g
6451,Rysk kålsoppa veg.,"Natrium, Na",Soppa mat,195.0,mg
6451,Rysk kålsoppa veg.,Monosackarider,Soppa mat,3.0,g
6451,Rysk kålsoppa veg.,"Sockerarter, totalt",Soppa mat,3.7,g
6451,Rysk kålsoppa veg.,Summa enkelomättade fettsyror,Soppa mat,0.6,g
6451,Rysk kålsoppa veg.,"Magnesium, Mg",Soppa mat,9.0,mg
6451,Rysk kålsoppa veg.,Summa mättade fettsyror,Soppa mat,2.1,g
6451,Rysk kålsoppa veg.,"Kolhydrater, tillgängliga",Soppa mat,3.7,g
6451,Rysk kålsoppa veg.,Kolesterol,Soppa mat,4.5,mg
6451,Rysk kålsoppa veg.,"Kalium, K",Soppa mat,128.0,mg
6451,Rysk kålsoppa veg.,"Jod, I",Soppa mat,22.7,µg
6451,Rysk kålsoppa veg.,Fullkorn totalt,Soppa mat,0.0,g
6451,Rysk kålsoppa veg.,"Folat, totalt",Soppa mat,9.8,µg
6451,Rysk kålsoppa veg.,Fibrer,Soppa mat,1.5,g
6451,Rysk kålsoppa veg.,"Fett, totalt",Soppa mat,2.9,g
6451,Rysk kålsoppa veg.,"Järn, Fe",Soppa mat,0.2,mg
6451,Rysk kålsoppa veg.,Energi (kJ),Soppa mat,199.0,kJ
6451,Rysk kålsoppa veg.,Energi (kcal),Soppa mat,48.0,kcal
6451,Rysk kålsoppa veg.,Disackarider,Soppa mat,0.7,g
6451,Rysk kålsoppa veg.,"Kalcium, Ca",Soppa mat,28.0,mg
6451,Rysk kålsoppa veg.,Fettsyra 4:0-10:0,Soppa mat,0.2,g
6451,Rysk kålsoppa veg.,DHA (C22:6),Soppa mat,0.0,g
6451,Rysk kålsoppa veg.,DPA (C22:5),Soppa mat,0.0,g
6451,Rysk kålsoppa veg.,EPA (C20:5),Soppa mat,0.0,g
6451,Rysk kålsoppa veg.,Arakidonsyra C20:4,Soppa mat,0.0,g
6451,Rysk kålsoppa veg.,Arakidinsyra C20:0,Soppa mat,0.0,g
6451,Rysk kålsoppa veg.,Linolensyra C18:3,Soppa mat,0.0,g
6451,Rysk kålsoppa veg.,Linolsyra C18:2,Soppa mat,0.1,g
6451,Rysk kålsoppa veg.,Oljesyra C18:1,Soppa mat,0.5,g
6451,Rysk kålsoppa veg.,Stearinsyra C18:0,Soppa mat,0.3,g
6451,Rysk kålsoppa veg.,Palmitoljesyra C16:1,Soppa mat,0.0,g
6451,Rysk kålsoppa veg.,Palmitinsyra C16:0,Soppa mat,1.0,g
6451,Rysk kålsoppa veg.,Myristinsyra C14:0,Soppa mat,0.4,g
6451,Rysk kålsoppa veg.,Laurinsyra C12:0,Soppa mat,0.1,g
6451,Rysk kålsoppa veg.,Betakaroten/β-Karoten,Soppa mat,455.0,µg
6451,Rysk kålsoppa veg.,Avfall (skal etc.),Soppa mat,5.0,%
6451,Rysk kålsoppa veg.,Aska,Soppa mat,0.9,g
6451,Rysk kålsoppa veg.,Alkohol,Soppa mat,0.0,g
6452,Vegestronesoppa veg.,"Zink, Zn",Soppa mat,0.2,mg
6452,Vegestronesoppa veg.,Vitamin E,Soppa mat,0.7,mg
6452,Vegestronesoppa veg.,Vitamin D,Soppa mat,0.0,µg
6452,Vegestronesoppa veg.,Vitamin C,Soppa mat,5.9,mg
6452,Vegestronesoppa veg.,Vitamin B6,Soppa mat,0.06,mg
6452,Vegestronesoppa veg.,Vitamin B12,Soppa mat,0.0,µg
6452,Vegestronesoppa veg.,Vitamin A,Soppa mat,72.8,RE/µg
6452,Vegestronesoppa veg.,Vatten,Soppa mat,89.8,g
6452,Vegestronesoppa veg.,Tiamin,Soppa mat,0.03,mg
6452,Vegestronesoppa veg.,Tillsatt socker,Soppa mat,0.0,g
6452,Vegestronesoppa veg.,Fritt socker,Soppa mat,0.0,g
6452,Vegestronesoppa veg.,"Selen, Se",Soppa mat,0.0,µg
6452,Vegestronesoppa veg.,Sackaros,Soppa mat,0.6,g
6452,Vegestronesoppa veg.,Riboflavin,Soppa mat,0.02,mg
6452,Vegestronesoppa veg.,Retinol,Soppa mat,0.0,µg
6452,Vegestronesoppa veg.,Protein,Soppa mat,1.3,g
6452,Vegestronesoppa veg.,Summa fleromättade fettsyror,Soppa mat,0.1,g
6452,Vegestronesoppa veg.,"Fosfor, P",Soppa mat,25.0,mg
6452,Vegestronesoppa veg.,Niacinekvivalenter,Soppa mat,0.75,NE/mg
6452,Vegestronesoppa veg.,Niacin,Soppa mat,0.54,mg
6452,Vegestronesoppa veg.,"Salt, NaCl",Soppa mat,0.6,g
6452,Vegestronesoppa veg.,"Natrium, Na",Soppa mat,239.0,mg
6452,Vegestronesoppa veg.,Monosackarider,Soppa mat,1.9,g
6452,Vegestronesoppa veg.,"Sockerarter, totalt",Soppa mat,2.5,g
6452,Vegestronesoppa veg.,Summa enkelomättade fettsyror,Soppa mat,0.6,g
6452,Vegestronesoppa veg.,"Magnesium, Mg",Soppa mat,11.0,mg
6452,Vegestronesoppa veg.,Summa mättade fettsyror,Soppa mat,0.2,g
6452,Vegestronesoppa veg.,"Kolhydrater, tillgängliga",Soppa mat,5.5,g
6452,Vegestronesoppa veg.,Kolesterol,Soppa mat,0.0,mg
6452,Vegestronesoppa veg.,"Kalium, K",Soppa mat,127.0,mg
6452,Vegestronesoppa veg.,"Jod, I",Soppa mat,11.4,µg
6452,Vegestronesoppa veg.,Fullkorn totalt,Soppa mat,0.0,g
6452,Vegestronesoppa veg.,"Folat, totalt",Soppa mat,16.5,µg
6452,Vegestronesoppa veg.,Fibrer,Soppa mat,1.5,g
6452,Vegestronesoppa veg.,"Fett, totalt",Soppa mat,1.0,g
6452,Vegestronesoppa veg.,"Järn, Fe",Soppa mat,0.4,mg
6452,Vegestronesoppa veg.,Energi (kJ),Soppa mat,161.0,kJ
6452,Vegestronesoppa veg.,Energi (kcal),Soppa mat,39.0,kcal
6452,Vegestronesoppa veg.,Disackarider,Soppa mat,0.6,g
6452,Vegestronesoppa veg.,"Kalcium, Ca",Soppa mat,22.0,mg
6452,Vegestronesoppa veg.,Fettsyra 4:0-10:0,Soppa mat,0.0,g
6452,Vegestronesoppa veg.,DHA (C22:6),Soppa mat,0.0,g
6452,Vegestronesoppa veg.,DPA (C22:5),Soppa mat,0.0,g
6452,Vegestronesoppa veg.,EPA (C20:5),Soppa mat,0.0,g
6452,Vegestronesoppa veg.,Arakidonsyra C20:4,Soppa mat,0.0,g
6452,Vegestronesoppa veg.,Arakidinsyra C20:0,Soppa mat,0.0,g
6452,Vegestronesoppa veg.,Linolensyra C18:3,Soppa mat,0.0,g
6452,Vegestronesoppa veg.,Linolsyra C18:2,Soppa mat,0.1,g
6452,Vegestronesoppa veg.,Oljesyra C18:1,Soppa mat,0.5,g
6452,Vegestronesoppa veg.,Stearinsyra C18:0,Soppa mat,0.0,g
6452,Vegestronesoppa veg.,Palmitoljesyra C16:1,Soppa mat,0.0,g
6452,Vegestronesoppa veg.,Palmitinsyra C16:0,Soppa mat,0.1,g
6452,Vegestronesoppa veg.,Myristinsyra C14:0,Soppa mat,0.0,g
6452,Vegestronesoppa veg.,Laurinsyra C12:0,Soppa mat,0.0,g
6452,Vegestronesoppa veg.,Betakaroten/β-Karoten,Soppa mat,760.0,µg
6452,Vegestronesoppa veg.,Avfall (skal etc.),Soppa mat,3.0,%
6452,Vegestronesoppa veg.,Aska,Soppa mat,1.1,g
6452,Vegestronesoppa veg.,Alkohol,Soppa mat,0.0,g
6453,Gratäng m. mykoprotein ananas veg. ,"Zink, Zn",Vegetabiliskt protein produkter och rätter,4.9,mg
6453,Gratäng m. mykoprotein ananas veg. ,Vitamin E,Vegetabiliskt protein produkter och rätter,0.2,mg
6453,Gratäng m. mykoprotein ananas veg. ,Vitamin D,Vegetabiliskt protein produkter och rätter,0.01,µg
6453,Gratäng m. mykoprotein ananas veg. ,Vitamin C,Vegetabiliskt protein produkter och rätter,14.4,mg
6453,Gratäng m. mykoprotein ananas veg. ,Vitamin B6,Vegetabiliskt protein produkter och rätter,0.11,mg
6453,Gratäng m. mykoprotein ananas veg. ,Vitamin B12,Vegetabiliskt protein produkter och rätter,0.13,µg
6453,Gratäng m. mykoprotein ananas veg. ,Vitamin A,Vegetabiliskt protein produkter och rätter,21.9,RE/µg
6453,Gratäng m. mykoprotein ananas veg. ,Vatten,Vegetabiliskt protein produkter och rätter,72.0,g
6453,Gratäng m. mykoprotein ananas veg. ,Tiamin,Vegetabiliskt protein produkter och rätter,0.05,mg
6453,Gratäng m. mykoprotein ananas veg. ,Tillsatt socker,Vegetabiliskt protein produkter och rätter,0.0,g
6453,Gratäng m. mykoprotein ananas veg. ,Fritt socker,Vegetabiliskt protein produkter och rätter,1.0,g
6453,Gratäng m. mykoprotein ananas veg. ,"Selen, Se",Vegetabiliskt protein produkter och rätter,1.0,µg
6453,Gratäng m. mykoprotein ananas veg. ,Sackaros,Vegetabiliskt protein produkter och rätter,2.6,g
6453,Gratäng m. mykoprotein ananas veg. ,Riboflavin,Vegetabiliskt protein produkter och rätter,0.25,mg
6453,Gratäng m. mykoprotein ananas veg. ,Retinol,Vegetabiliskt protein produkter och rätter,19.9,µg
6453,Gratäng m. mykoprotein ananas veg. ,Protein,Vegetabiliskt protein produkter och rätter,12.4,g
6453,Gratäng m. mykoprotein ananas veg. ,Summa fleromättade fettsyror,Vegetabiliskt protein produkter och rätter,0.6,g
6453,Gratäng m. mykoprotein ananas veg. ,"Fosfor, P",Vegetabiliskt protein produkter och rätter,204.0,mg
6453,Gratäng m. mykoprotein ananas veg. ,Niacinekvivalenter,Vegetabiliskt protein produkter och rätter,2.84,NE/mg
6453,Gratäng m. mykoprotein ananas veg. ,Niacin,Vegetabiliskt protein produkter och rätter,0.61,mg
6453,Gratäng m. mykoprotein ananas veg. ,"Salt, NaCl",Vegetabiliskt protein produkter och rätter,0.5,g
6453,Gratäng m. mykoprotein ananas veg. ,"Natrium, Na",Vegetabiliskt protein produkter och rätter,196.0,mg
6453,Gratäng m. mykoprotein ananas veg. ,Monosackarider,Vegetabiliskt protein produkter och rätter,2.6,g
6453,Gratäng m. mykoprotein ananas veg. ,"Sockerarter, totalt",Vegetabiliskt protein produkter och rätter,5.2,g
6453,Gratäng m. mykoprotein ananas veg. ,Summa enkelomättade fettsyror,Vegetabiliskt protein produkter och rätter,0.7,g
6453,Gratäng m. mykoprotein ananas veg. ,"Magnesium, Mg",Vegetabiliskt protein produkter och rätter,35.0,mg
6453,Gratäng m. mykoprotein ananas veg. ,Summa mättade fettsyror,Vegetabiliskt protein produkter och rätter,1.7,g
6453,Gratäng m. mykoprotein ananas veg. ,"Kolhydrater, tillgängliga",Vegetabiliskt protein produkter och rätter,6.6,g
6453,Gratäng m. mykoprotein ananas veg. ,Kolesterol,Vegetabiliskt protein produkter och rätter,5.9,mg
6453,Gratäng m. mykoprotein ananas veg. ,"Kalium, K",Vegetabiliskt protein produkter och rätter,165.0,mg
6453,Gratäng m. mykoprotein ananas veg. ,"Jod, I",Vegetabiliskt protein produkter och rätter,1.2,µg
6453,Gratäng m. mykoprotein ananas veg. ,Fullkorn totalt,Vegetabiliskt protein produkter och rätter,0.0,g
6453,Gratäng m. mykoprotein ananas veg. ,"Folat, totalt",Vegetabiliskt protein produkter och rätter,84.5,µg
6453,Gratäng m. mykoprotein ananas veg. ,Fibrer,Vegetabiliskt protein produkter och rätter,4.0,g
6453,Gratäng m. mykoprotein ananas veg. ,"Fett, totalt",Vegetabiliskt protein produkter och rätter,3.4,g
6453,Gratäng m. mykoprotein ananas veg. ,"Järn, Fe",Vegetabiliskt protein produkter och rätter,0.3,mg
6453,Gratäng m. mykoprotein ananas veg. ,Energi (kJ),Vegetabiliskt protein produkter och rätter,483.0,kJ
6453,Gratäng m. mykoprotein ananas veg. ,Energi (kcal),Vegetabiliskt protein produkter och rätter,115.0,kcal
6453,Gratäng m. mykoprotein ananas veg. ,Disackarider,Vegetabiliskt protein produkter och rätter,2.6,g
6453,Gratäng m. mykoprotein ananas veg. ,"Kalcium, Ca",Vegetabiliskt protein produkter och rätter,190.0,mg
6453,Gratäng m. mykoprotein ananas veg. ,Fettsyra 4:0-10:0,Vegetabiliskt protein produkter och rätter,0.2,g
6453,Gratäng m. mykoprotein ananas veg. ,DHA (C22:6),Vegetabiliskt protein produkter och rätter,0.0,g
6453,Gratäng m. mykoprotein ananas veg. ,DPA (C22:5),Vegetabiliskt protein produkter och rätter,0.0,g
6453,Gratäng m. mykoprotein ananas veg. ,EPA (C20:5),Vegetabiliskt protein produkter och rätter,0.0,g
6453,Gratäng m. mykoprotein ananas veg. ,Arakidonsyra C20:4,Vegetabiliskt protein produkter och rätter,0.0,g
6453,Gratäng m. mykoprotein ananas veg. ,Arakidinsyra C20:0,Vegetabiliskt protein produkter och rätter,0.0,g
6453,Gratäng m. mykoprotein ananas veg. ,Linolensyra C18:3,Vegetabiliskt protein produkter och rätter,0.1,g
6453,Gratäng m. mykoprotein ananas veg. ,Linolsyra C18:2,Vegetabiliskt protein produkter och rätter,0.5,g
6453,Gratäng m. mykoprotein ananas veg. ,Oljesyra C18:1,Vegetabiliskt protein produkter och rätter,0.7,g
6453,Gratäng m. mykoprotein ananas veg. ,Stearinsyra C18:0,Vegetabiliskt protein produkter och rätter,0.3,g
6453,Gratäng m. mykoprotein ananas veg. ,Palmitoljesyra C16:1,Vegetabiliskt protein produkter och rätter,0.0,g
6453,Gratäng m. mykoprotein ananas veg. ,Palmitinsyra C16:0,Vegetabiliskt protein produkter och rätter,0.8,g
6453,Gratäng m. mykoprotein ananas veg. ,Myristinsyra C14:0,Vegetabiliskt protein produkter och rätter,0.2,g
6453,Gratäng m. mykoprotein ananas veg. ,Laurinsyra C12:0,Vegetabiliskt protein produkter och rätter,0.1,g
6453,Gratäng m. mykoprotein ananas veg. ,Betakaroten/β-Karoten,Vegetabiliskt protein produkter och rätter,24.0,µg
6453,Gratäng m. mykoprotein ananas veg. ,Avfall (skal etc.),Vegetabiliskt protein produkter och rätter,10.0,%
6453,Gratäng m. mykoprotein ananas veg. ,Aska,Vegetabiliskt protein produkter och rätter,1.5,g
6453,Gratäng m. mykoprotein ananas veg. ,Alkohol,Vegetabiliskt protein produkter och rätter,0.0,g
6454,Pumpasoppa veg.,"Zink, Zn",Soppa mat,0.1,mg
6454,Pumpasoppa veg.,Vitamin E,Soppa mat,0.6,mg
6454,Pumpasoppa veg.,Vitamin D inkl 25-OH-D3,Soppa mat,0.01,µg
6454,Pumpasoppa veg.,Vitamin D,Soppa mat,0.01,µg
6454,Pumpasoppa veg.,Vitamin C,Soppa mat,3.6,mg
6454,Pumpasoppa veg.,Vitamin B6,Soppa mat,0.03,mg
6454,Pumpasoppa veg.,Vitamin B12,Soppa mat,0.0,µg
6454,Pumpasoppa veg.,Vitamin A,Soppa mat,44.4,RE/µg
6454,Pumpasoppa veg.,Vatten,Soppa mat,91.6,g
6454,Pumpasoppa veg.,Tiamin,Soppa mat,0.02,mg
6454,Pumpasoppa veg.,Tillsatt socker,Soppa mat,0.0,g
6454,Pumpasoppa veg.,Fritt socker,Soppa mat,0.0,g
6454,Pumpasoppa veg.,"Selen, Se",Soppa mat,0.0,µg
6454,Pumpasoppa veg.,Sackaros,Soppa mat,0.8,g
6454,Pumpasoppa veg.,Riboflavin,Soppa mat,0.04,mg
6454,Pumpasoppa veg.,Retinol,Soppa mat,6.7,µg
6454,Pumpasoppa veg.,Protein,Soppa mat,0.7,g
6454,Pumpasoppa veg.,Summa fleromättade fettsyror,Soppa mat,0.0,g
6454,Pumpasoppa veg.,"Fosfor, P",Soppa mat,25.0,mg
6454,Pumpasoppa veg.,Niacinekvivalenter,Soppa mat,0.44,NE/mg
6454,Pumpasoppa veg.,Niacin,Soppa mat,0.32,mg
6454,Pumpasoppa veg.,"Salt, NaCl",Soppa mat,0.8,g
6454,Pumpasoppa veg.,"Natrium, Na",Soppa mat,303.0,mg
6454,Pumpasoppa veg.,Monosackarider,Soppa mat,2.0,g
6454,Pumpasoppa veg.,"Sockerarter, totalt",Soppa mat,2.8,g
6454,Pumpasoppa veg.,Summa enkelomättade fettsyror,Soppa mat,0.3,g
6454,Pumpasoppa veg.,"Magnesium, Mg",Soppa mat,8.0,mg
6454,Pumpasoppa veg.,Summa mättade fettsyror,Soppa mat,0.7,g
6454,Pumpasoppa veg.,"Kolhydrater, tillgängliga",Soppa mat,4.4,g
6454,Pumpasoppa veg.,Kolesterol,Soppa mat,2.9,mg
6454,Pumpasoppa veg.,"Kalium, K",Soppa mat,131.0,mg
6454,Pumpasoppa veg.,"Jod, I",Soppa mat,15.2,µg
6454,Pumpasoppa veg.,Fullkorn totalt,Soppa mat,0.0,g
6454,Pumpasoppa veg.,"Folat, totalt",Soppa mat,8.1,µg
6454,Pumpasoppa veg.,Fibrer,Soppa mat,1.0,g
6454,Pumpasoppa veg.,"Fett, totalt",Soppa mat,1.1,g
6454,Pumpasoppa veg.,"Järn, Fe",Soppa mat,0.4,mg
6454,Pumpasoppa veg.,Energi (kJ),Soppa mat,135.0,kJ
6454,Pumpasoppa veg.,Energi (kcal),Soppa mat,32.0,kcal
6454,Pumpasoppa veg.,Disackarider,Soppa mat,0.8,g
6454,Pumpasoppa veg.,"Kalcium, Ca",Soppa mat,14.0,mg
6454,Pumpasoppa veg.,Fettsyra 4:0-10:0,Soppa mat,0.1,g
6454,Pumpasoppa veg.,DHA (C22:6),Soppa mat,0.0,g
6454,Pumpasoppa veg.,DPA (C22:5),Soppa mat,0.0,g
6454,Pumpasoppa veg.,EPA (C20:5),Soppa mat,0.0,g
6454,Pumpasoppa veg.,Arakidonsyra C20:4,Soppa mat,0.0,g
6454,Pumpasoppa veg.,Arakidinsyra C20:0,Soppa mat,0.0,g
6454,Pumpasoppa veg.,Linolensyra C18:3,Soppa mat,0.0,g
6454,Pumpasoppa veg.,Linolsyra C18:2,Soppa mat,0.0,g
6454,Pumpasoppa veg.,Oljesyra C18:1,Soppa mat,0.2,g
6454,Pumpasoppa veg.,Stearinsyra C18:0,Soppa mat,0.1,g
6454,Pumpasoppa veg.,Palmitoljesyra C16:1,Soppa mat,0.0,g
6454,Pumpasoppa veg.,Palmitinsyra C16:0,Soppa mat,0.3,g
6454,Pumpasoppa veg.,Myristinsyra C14:0,Soppa mat,0.1,g
6454,Pumpasoppa veg.,Laurinsyra C12:0,Soppa mat,0.0,g
6454,Pumpasoppa veg.,Betakaroten/β-Karoten,Soppa mat,452.0,µg
6454,Pumpasoppa veg.,Avfall (skal etc.),Soppa mat,12.0,%
6454,Pumpasoppa veg.,Aska,Soppa mat,1.2,g
6454,Pumpasoppa veg.,Alkohol,Soppa mat,0.0,g
6455,Gryta chiligryta m. bönor linser sojakorv veg.,"Zink, Zn",Grönsaks- rotfrukts- baljväxträtter o produkter,0.7,mg
6455,Gryta chiligryta m. bönor linser sojakorv veg.,Vitamin E,Grönsaks- rotfrukts- baljväxträtter o produkter,1.2,mg
6455,Gryta chiligryta m. bönor linser sojakorv veg.,Vitamin D inkl 25-OH-D3,Grönsaks- rotfrukts- baljväxträtter o produkter,0.0,µg
6455,Gryta chiligryta m. bönor linser sojakorv veg.,Vitamin D,Grönsaks- rotfrukts- baljväxträtter o produkter,0.0,µg
6455,Gryta chiligryta m. bönor linser sojakorv veg.,Vitamin C,Grönsaks- rotfrukts- baljväxträtter o produkter,10.2,mg
6455,Gryta chiligryta m. bönor linser sojakorv veg.,Vitamin B6,Grönsaks- rotfrukts- baljväxträtter o produkter,0.12,mg
6455,Gryta chiligryta m. bönor linser sojakorv veg.,Vitamin B12,Grönsaks- rotfrukts- baljväxträtter o produkter,0.0,µg
6455,Gryta chiligryta m. bönor linser sojakorv veg.,Vitamin A,Grönsaks- rotfrukts- baljväxträtter o produkter,12.4,RE/µg
6455,Gryta chiligryta m. bönor linser sojakorv veg.,Vatten,Grönsaks- rotfrukts- baljväxträtter o produkter,73.0,g
6455,Gryta chiligryta m. bönor linser sojakorv veg.,Tiamin,Grönsaks- rotfrukts- baljväxträtter o produkter,0.07,mg
6455,Gryta chiligryta m. bönor linser sojakorv veg.,Tillsatt socker,Grönsaks- rotfrukts- baljväxträtter o produkter,0.0,g
6455,Gryta chiligryta m. bönor linser sojakorv veg.,Fritt socker,Grönsaks- rotfrukts- baljväxträtter o produkter,0.0,g
6455,Gryta chiligryta m. bönor linser sojakorv veg.,"Selen, Se",Grönsaks- rotfrukts- baljväxträtter o produkter,8.4,µg
6455,Gryta chiligryta m. bönor linser sojakorv veg.,Sackaros,Grönsaks- rotfrukts- baljväxträtter o produkter,0.6,g
6455,Gryta chiligryta m. bönor linser sojakorv veg.,Riboflavin,Grönsaks- rotfrukts- baljväxträtter o produkter,0.04,mg
6455,Gryta chiligryta m. bönor linser sojakorv veg.,Retinol,Grönsaks- rotfrukts- baljväxträtter o produkter,0.0,µg
6455,Gryta chiligryta m. bönor linser sojakorv veg.,Protein,Grönsaks- rotfrukts- baljväxträtter o produkter,6.0,g
6455,Gryta chiligryta m. bönor linser sojakorv veg.,Summa fleromättade fettsyror,Grönsaks- rotfrukts- baljväxträtter o produkter,0.5,g
6455,Gryta chiligryta m. bönor linser sojakorv veg.,"Fosfor, P",Grönsaks- rotfrukts- baljväxträtter o produkter,83.0,mg
6455,Gryta chiligryta m. bönor linser sojakorv veg.,Niacinekvivalenter,Grönsaks- rotfrukts- baljväxträtter o produkter,1.83,NE/mg
6455,Gryta chiligryta m. bönor linser sojakorv veg.,Niacin,Grönsaks- rotfrukts- baljväxträtter o produkter,0.83,mg
6455,Gryta chiligryta m. bönor linser sojakorv veg.,"Salt, NaCl",Grönsaks- rotfrukts- baljväxträtter o produkter,0.9,g
6455,Gryta chiligryta m. bönor linser sojakorv veg.,"Natrium, Na",Grönsaks- rotfrukts- baljväxträtter o produkter,371.0,mg
6455,Gryta chiligryta m. bönor linser sojakorv veg.,Monosackarider,Grönsaks- rotfrukts- baljväxträtter o produkter,1.8,g
6455,Gryta chiligryta m. bönor linser sojakorv veg.,"Sockerarter, totalt",Grönsaks- rotfrukts- baljväxträtter o produkter,2.5,g
6455,Gryta chiligryta m. bönor linser sojakorv veg.,Summa enkelomättade fettsyror,Grönsaks- rotfrukts- baljväxträtter o produkter,2.0,g
6455,Gryta chiligryta m. bönor linser sojakorv veg.,"Magnesium, Mg",Grönsaks- rotfrukts- baljväxträtter o produkter,28.0,mg
6455,Gryta chiligryta m. bönor linser sojakorv veg.,Summa mättade fettsyror,Grönsaks- rotfrukts- baljväxträtter o produkter,0.5,g
6455,Gryta chiligryta m. bönor linser sojakorv veg.,"Kolhydrater, tillgängliga",Grönsaks- rotfrukts- baljväxträtter o produkter,10.9,g
6455,Gryta chiligryta m. bönor linser sojakorv veg.,Kolesterol,Grönsaks- rotfrukts- baljväxträtter o produkter,0.0,mg
6455,Gryta chiligryta m. bönor linser sojakorv veg.,"Kalium, K",Grönsaks- rotfrukts- baljväxträtter o produkter,253.0,mg
6455,Gryta chiligryta m. bönor linser sojakorv veg.,"Jod, I",Grönsaks- rotfrukts- baljväxträtter o produkter,25.9,µg
6455,Gryta chiligryta m. bönor linser sojakorv veg.,Fullkorn totalt,Grönsaks- rotfrukts- baljväxträtter o produkter,5.0,g
6455,Gryta chiligryta m. bönor linser sojakorv veg.,"Folat, totalt",Grönsaks- rotfrukts- baljväxträtter o produkter,28.2,µg
6455,Gryta chiligryta m. bönor linser sojakorv veg.,Fibrer,Grönsaks- rotfrukts- baljväxträtter o produkter,5.3,g
6455,Gryta chiligryta m. bönor linser sojakorv veg.,"Fett, totalt",Grönsaks- rotfrukts- baljväxträtter o produkter,3.2,g
6455,Gryta chiligryta m. bönor linser sojakorv veg.,"Järn, Fe",Grönsaks- rotfrukts- baljväxträtter o produkter,1.5,mg
6455,Gryta chiligryta m. bönor linser sojakorv veg.,Energi (kJ),Grönsaks- rotfrukts- baljväxträtter o produkter,447.0,kJ
6455,Gryta chiligryta m. bönor linser sojakorv veg.,Energi (kcal),Grönsaks- rotfrukts- baljväxträtter o produkter,107.0,kcal
6455,Gryta chiligryta m. bönor linser sojakorv veg.,Disackarider,Grönsaks- rotfrukts- baljväxträtter o produkter,0.7,g
6455,Gryta chiligryta m. bönor linser sojakorv veg.,"Kalcium, Ca",Grönsaks- rotfrukts- baljväxträtter o produkter,34.0,mg
6455,Gryta chiligryta m. bönor linser sojakorv veg.,Fettsyra 4:0-10:0,Grönsaks- rotfrukts- baljväxträtter o produkter,0.0,g
6455,Gryta chiligryta m. bönor linser sojakorv veg.,DHA (C22:6),Grönsaks- rotfrukts- baljväxträtter o produkter,0.0,g
6455,Gryta chiligryta m. bönor linser sojakorv veg.,DPA (C22:5),Grönsaks- rotfrukts- baljväxträtter o produkter,0.0,g
6455,Gryta chiligryta m. bönor linser sojakorv veg.,EPA (C20:5),Grönsaks- rotfrukts- baljväxträtter o produkter,0.0,g
6455,Gryta chiligryta m. bönor linser sojakorv veg.,Arakidonsyra C20:4,Grönsaks- rotfrukts- baljväxträtter o produkter,0.0,g
6455,Gryta chiligryta m. bönor linser sojakorv veg.,Arakidinsyra C20:0,Grönsaks- rotfrukts- baljväxträtter o produkter,0.0,g
6455,Gryta chiligryta m. bönor linser sojakorv veg.,Linolensyra C18:3,Grönsaks- rotfrukts- baljväxträtter o produkter,0.1,g
6455,Gryta chiligryta m. bönor linser sojakorv veg.,Linolsyra C18:2,Grönsaks- rotfrukts- baljväxträtter o produkter,0.4,g
6455,Gryta chiligryta m. bönor linser sojakorv veg.,Oljesyra C18:1,Grönsaks- rotfrukts- baljväxträtter o produkter,1.9,g
6455,Gryta chiligryta m. bönor linser sojakorv veg.,Stearinsyra C18:0,Grönsaks- rotfrukts- baljväxträtter o produkter,0.1,g
6455,Gryta chiligryta m. bönor linser sojakorv veg.,Palmitoljesyra C16:1,Grönsaks- rotfrukts- baljväxträtter o produkter,0.0,g
6455,Gryta chiligryta m. bönor linser sojakorv veg.,Palmitinsyra C16:0,Grönsaks- rotfrukts- baljväxträtter o produkter,0.4,g
6455,Gryta chiligryta m. bönor linser sojakorv veg.,Myristinsyra C14:0,Grönsaks- rotfrukts- baljväxträtter o produkter,0.0,g
6455,Gryta chiligryta m. bönor linser sojakorv veg.,Laurinsyra C12:0,Grönsaks- rotfrukts- baljväxträtter o produkter,0.0,g
6455,Gryta chiligryta m. bönor linser sojakorv veg.,Betakaroten/β-Karoten,Grönsaks- rotfrukts- baljväxträtter o produkter,141.0,µg
6455,Gryta chiligryta m. bönor linser sojakorv veg.,Avfall (skal etc.),Grönsaks- rotfrukts- baljväxträtter o produkter,2.0,%
6455,Gryta chiligryta m. bönor linser sojakorv veg.,Aska,Grönsaks- rotfrukts- baljväxträtter o produkter,1.7,g
6455,Gryta chiligryta m. bönor linser sojakorv veg.,Alkohol,Grönsaks- rotfrukts- baljväxträtter o produkter,0.0,g
6456,Lasagne m. skinka,"Zink, Zn",Pastarätter,1.0,mg
6456,Lasagne m. skinka,Vitamin E,Pastarätter,0.8,mg
6456,Lasagne m. skinka,Vitamin D,Pastarätter,0.47,µg
6456,Lasagne m. skinka,Vitamin C,Pastarätter,2.7,mg
6456,Lasagne m. skinka,Vitamin B6,Pastarätter,0.12,mg
6456,Lasagne m. skinka,Vitamin B12,Pastarätter,0.33,µg
6456,Lasagne m. skinka,Vitamin A,Pastarätter,34.5,RE/µg
6456,Lasagne m. skinka,Vatten,Pastarätter,73.1,g
6456,Lasagne m. skinka,Tiamin,Pastarätter,0.14,mg
6456,Lasagne m. skinka,Tillsatt socker,Pastarätter,0.0,g
6456,Lasagne m. skinka,Fritt socker,Pastarätter,0.0,g
6456,Lasagne m. skinka,"Selen, Se",Pastarätter,2.7,µg
6456,Lasagne m. skinka,Sackaros,Pastarätter,0.2,g
6456,Lasagne m. skinka,Riboflavin,Pastarätter,0.1,mg
6456,Lasagne m. skinka,Retinol,Pastarätter,22.6,µg
6456,Lasagne m. skinka,Protein,Pastarätter,8.0,g
6456,Lasagne m. skinka,Summa fleromättade fettsyror,Pastarätter,0.5,g
6456,Lasagne m. skinka,"Fosfor, P",Pastarätter,132.0,mg
6456,Lasagne m. skinka,Niacinekvivalenter,Pastarätter,3.05,NE/mg
6456,Lasagne m. skinka,Niacin,Pastarätter,1.47,mg
6456,Lasagne m. skinka,"Salt, NaCl",Pastarätter,1.3,g
6456,Lasagne m. skinka,"Natrium, Na",Pastarätter,515.0,mg
6456,Lasagne m. skinka,Monosackarider,Pastarätter,1.4,g
6456,Lasagne m. skinka,"Sockerarter, totalt",Pastarätter,3.3,g
6456,Lasagne m. skinka,Summa enkelomättade fettsyror,Pastarätter,1.4,g
6456,Lasagne m. skinka,"Magnesium, Mg",Pastarätter,19.0,mg
6456,Lasagne m. skinka,Summa mättade fettsyror,Pastarätter,2.1,g
6456,Lasagne m. skinka,"Kolhydrater, tillgängliga",Pastarätter,11.7,g
6456,Lasagne m. skinka,Kolesterol,Pastarätter,14.6,mg
6456,Lasagne m. skinka,"Kalium, K",Pastarätter,215.0,mg
6456,Lasagne m. skinka,"Jod, I",Pastarätter,19.1,µg
6456,Lasagne m. skinka,Fullkorn totalt,Pastarätter,0.0,g
6456,Lasagne m. skinka,"Folat, totalt",Pastarätter,9.7,µg
6456,Lasagne m. skinka,Fibrer,Pastarätter,0.9,g
6456,Lasagne m. skinka,"Fett, totalt",Pastarätter,4.2,g
6456,Lasagne m. skinka,"Järn, Fe",Pastarätter,0.5,mg
6456,Lasagne m. skinka,Energi (kJ),Pastarätter,497.0,kJ
6456,Lasagne m. skinka,Energi (kcal),Pastarätter,119.0,kcal
6456,Lasagne m. skinka,Disackarider,Pastarätter,1.9,g
6456,Lasagne m. skinka,"Kalcium, Ca",Pastarätter,100.0,mg
6456,Lasagne m. skinka,Fettsyra 4:0-10:0,Pastarätter,0.2,g
6456,Lasagne m. skinka,DHA (C22:6),Pastarätter,0.0,g
6456,Lasagne m. skinka,DPA (C22:5),Pastarätter,0.0,g
6456,Lasagne m. skinka,EPA (C20:5),Pastarätter,0.0,g
6456,Lasagne m. skinka,Arakidonsyra C20:4,Pastarätter,0.0,g
6456,Lasagne m. skinka,Arakidinsyra C20:0,Pastarätter,0.0,g
6456,Lasagne m. skinka,Linolensyra C18:3,Pastarätter,0.1,g
6456,Lasagne m. skinka,Linolsyra C18:2,Pastarätter,0.4,g
6456,Lasagne m. skinka,Oljesyra C18:1,Pastarätter,1.2,g
6456,Lasagne m. skinka,Stearinsyra C18:0,Pastarätter,0.4,g
6456,Lasagne m. skinka,Palmitoljesyra C16:1,Pastarätter,0.1,g
6456,Lasagne m. skinka,Palmitinsyra C16:0,Pastarätter,1.0,g
6456,Lasagne m. skinka,Myristinsyra C14:0,Pastarätter,0.3,g
6456,Lasagne m. skinka,Laurinsyra C12:0,Pastarätter,0.1,g
6456,Lasagne m. skinka,Betakaroten/β-Karoten,Pastarätter,127.0,µg
6456,Lasagne m. skinka,Avfall (skal etc.),Pastarätter,0.0,%
6456,Lasagne m. skinka,Aska,Pastarätter,2.2,g
6456,Lasagne m. skinka,Alkohol,Pastarätter,0.0,g
6457,Pastasås m. kyckling paprika,"Zink, Zn",Sås dressing majonnäs ,0.5,mg
6457,Pastasås m. kyckling paprika,Vitamin E,Sås dressing majonnäs ,1.5,mg
6457,Pastasås m. kyckling paprika,Vitamin D,Sås dressing majonnäs ,0.13,µg
6457,Pastasås m. kyckling paprika,Vitamin C,Sås dressing majonnäs ,38.3,mg
6457,Pastasås m. kyckling paprika,Vitamin B6,Sås dressing majonnäs ,0.25,mg
6457,Pastasås m. kyckling paprika,Vitamin B12,Sås dressing majonnäs ,0.04,µg
6457,Pastasås m. kyckling paprika,Vitamin A,Sås dressing majonnäs ,125.5,RE/µg
6457,Pastasås m. kyckling paprika,Vatten,Sås dressing majonnäs ,72.5,g
6457,Pastasås m. kyckling paprika,Tiamin,Sås dressing majonnäs ,0.06,mg
6457,Pastasås m. kyckling paprika,Tillsatt socker,Sås dressing majonnäs ,0.0,g
6457,Pastasås m. kyckling paprika,Fritt socker,Sås dressing majonnäs ,0.0,g
6457,Pastasås m. kyckling paprika,"Selen, Se",Sås dressing majonnäs ,9.3,µg
6457,Pastasås m. kyckling paprika,Sackaros,Sås dressing majonnäs ,0.0,g
6457,Pastasås m. kyckling paprika,Riboflavin,Sås dressing majonnäs ,0.09,mg
6457,Pastasås m. kyckling paprika,Retinol,Sås dressing majonnäs ,115.0,µg
6457,Pastasås m. kyckling paprika,Protein,Sås dressing majonnäs ,11.5,g
6457,Pastasås m. kyckling paprika,Summa fleromättade fettsyror,Sås dressing majonnäs ,0.6,g
6457,Pastasås m. kyckling paprika,"Fosfor, P",Sås dressing majonnäs ,181.0,mg
6457,Pastasås m. kyckling paprika,Niacinekvivalenter,Sås dressing majonnäs ,8.61,NE/mg
6457,Pastasås m. kyckling paprika,Niacin,Sås dressing majonnäs ,6.5,mg
6457,Pastasås m. kyckling paprika,"Salt, NaCl",Sås dressing majonnäs ,1.0,g
6457,Pastasås m. kyckling paprika,"Natrium, Na",Sås dressing majonnäs ,366.0,mg
6457,Pastasås m. kyckling paprika,Monosackarider,Sås dressing majonnäs ,1.2,g
6457,Pastasås m. kyckling paprika,"Sockerarter, totalt",Sås dressing majonnäs ,2.1,g
6457,Pastasås m. kyckling paprika,Summa enkelomättade fettsyror,Sås dressing majonnäs ,2.7,g
6457,Pastasås m. kyckling paprika,"Magnesium, Mg",Sås dressing majonnäs ,26.0,mg
6457,Pastasås m. kyckling paprika,Summa mättade fettsyror,Sås dressing majonnäs ,8.4,g
6457,Pastasås m. kyckling paprika,"Kolhydrater, tillgängliga",Sås dressing majonnäs ,1.6,g
6457,Pastasås m. kyckling paprika,Kolesterol,Sås dressing majonnäs ,127.6,mg
6457,Pastasås m. kyckling paprika,"Kalium, K",Sås dressing majonnäs ,135.0,mg
6457,Pastasås m. kyckling paprika,"Jod, I",Sås dressing majonnäs ,34.0,µg
6457,Pastasås m. kyckling paprika,Fullkorn totalt,Sås dressing majonnäs ,0.0,g
6457,Pastasås m. kyckling paprika,"Folat, totalt",Sås dressing majonnäs ,18.2,µg
6457,Pastasås m. kyckling paprika,Fibrer,Sås dressing majonnäs ,0.3,g
6457,Pastasås m. kyckling paprika,"Fett, totalt",Sås dressing majonnäs ,12.5,g
6457,Pastasås m. kyckling paprika,"Järn, Fe",Sås dressing majonnäs ,0.3,mg
6457,Pastasås m. kyckling paprika,Energi (kJ),Sås dressing majonnäs ,686.0,kJ
6457,Pastasås m. kyckling paprika,Energi (kcal),Sås dressing majonnäs ,164.0,kcal
6457,Pastasås m. kyckling paprika,Disackarider,Sås dressing majonnäs ,0.9,g
6457,Pastasås m. kyckling paprika,"Kalcium, Ca",Sås dressing majonnäs ,25.0,mg
6457,Pastasås m. kyckling paprika,Fettsyra 4:0-10:0,Sås dressing majonnäs ,0.6,g
6457,Pastasås m. kyckling paprika,DHA (C22:6),Sås dressing majonnäs ,0.0,g
6457,Pastasås m. kyckling paprika,DPA (C22:5),Sås dressing majonnäs ,0.0,g
6457,Pastasås m. kyckling paprika,EPA (C20:5),Sås dressing majonnäs ,0.0,g
6457,Pastasås m. kyckling paprika,Arakidonsyra C20:4,Sås dressing majonnäs ,0.0,g
6457,Pastasås m. kyckling paprika,Arakidinsyra C20:0,Sås dressing majonnäs ,0.0,g
6457,Pastasås m. kyckling paprika,Linolensyra C18:3,Sås dressing majonnäs ,0.1,g
6457,Pastasås m. kyckling paprika,Linolsyra C18:2,Sås dressing majonnäs ,0.4,g
6457,Pastasås m. kyckling paprika,Oljesyra C18:1,Sås dressing majonnäs ,2.3,g
6457,Pastasås m. kyckling paprika,Stearinsyra C18:0,Sås dressing majonnäs ,1.4,g
6457,Pastasås m. kyckling paprika,Palmitoljesyra C16:1,Sås dressing majonnäs ,0.2,g
6457,Pastasås m. kyckling paprika,Palmitinsyra C16:0,Sås dressing majonnäs ,4.2,g
6457,Pastasås m. kyckling paprika,Myristinsyra C14:0,Sås dressing majonnäs ,1.4,g
6457,Pastasås m. kyckling paprika,Laurinsyra C12:0,Sås dressing majonnäs ,0.4,g
6457,Pastasås m. kyckling paprika,Betakaroten/β-Karoten,Sås dressing majonnäs ,109.0,µg
6457,Pastasås m. kyckling paprika,Avfall (skal etc.),Sås dressing majonnäs ,4.0,%
6457,Pastasås m. kyckling paprika,Aska,Sås dressing majonnäs ,1.7,g
6457,Pastasås m. kyckling paprika,Alkohol,Sås dressing majonnäs ,0.0,g
6458,Pastagratäng Rossini m. kycklingfärs ananas paprika squash tomat purjolök,"Zink, Zn",Pastarätter,0.6,mg
6458,Pastagratäng Rossini m. kycklingfärs ananas paprika squash tomat purjolök,Vitamin E,Pastarätter,0.8,mg
6458,Pastagratäng Rossini m. kycklingfärs ananas paprika squash tomat purjolök,Vitamin D,Pastarätter,0.14,µg
6458,Pastagratäng Rossini m. kycklingfärs ananas paprika squash tomat purjolök,Vitamin C,Pastarätter,9.2,mg
6458,Pastagratäng Rossini m. kycklingfärs ananas paprika squash tomat purjolök,Vitamin B6,Pastarätter,0.17,mg
6458,Pastagratäng Rossini m. kycklingfärs ananas paprika squash tomat purjolök,Vitamin B12,Pastarätter,0.19,µg
6458,Pastagratäng Rossini m. kycklingfärs ananas paprika squash tomat purjolök,Vitamin A,Pastarätter,112.4,RE/µg
6458,Pastagratäng Rossini m. kycklingfärs ananas paprika squash tomat purjolök,Vatten,Pastarätter,68.9,g
6458,Pastagratäng Rossini m. kycklingfärs ananas paprika squash tomat purjolök,Tiamin,Pastarätter,0.06,mg
6458,Pastagratäng Rossini m. kycklingfärs ananas paprika squash tomat purjolök,Tillsatt socker,Pastarätter,0.0,g
6458,Pastagratäng Rossini m. kycklingfärs ananas paprika squash tomat purjolök,Fritt socker,Pastarätter,1.0,g
6458,Pastagratäng Rossini m. kycklingfärs ananas paprika squash tomat purjolök,"Selen, Se",Pastarätter,5.0,µg
6458,Pastagratäng Rossini m. kycklingfärs ananas paprika squash tomat purjolök,Sackaros,Pastarätter,0.7,g
6458,Pastagratäng Rossini m. kycklingfärs ananas paprika squash tomat purjolök,Riboflavin,Pastarätter,0.11,mg
6458,Pastagratäng Rossini m. kycklingfärs ananas paprika squash tomat purjolök,Retinol,Pastarätter,93.9,µg
6458,Pastagratäng Rossini m. kycklingfärs ananas paprika squash tomat purjolök,Protein,Pastarätter,8.1,g
6458,Pastagratäng Rossini m. kycklingfärs ananas paprika squash tomat purjolök,Summa fleromättade fettsyror,Pastarätter,0.6,g
6458,Pastagratäng Rossini m. kycklingfärs ananas paprika squash tomat purjolök,"Fosfor, P",Pastarätter,121.0,mg
6458,Pastagratäng Rossini m. kycklingfärs ananas paprika squash tomat purjolök,Niacinekvivalenter,Pastarätter,4.51,NE/mg
6458,Pastagratäng Rossini m. kycklingfärs ananas paprika squash tomat purjolök,Niacin,Pastarätter,3.0,mg
6458,Pastagratäng Rossini m. kycklingfärs ananas paprika squash tomat purjolök,"Salt, NaCl",Pastarätter,0.9,g
6458,Pastagratäng Rossini m. kycklingfärs ananas paprika squash tomat purjolök,"Natrium, Na",Pastarätter,368.0,mg
6458,Pastagratäng Rossini m. kycklingfärs ananas paprika squash tomat purjolök,Monosackarider,Pastarätter,1.5,g
6458,Pastagratäng Rossini m. kycklingfärs ananas paprika squash tomat purjolök,"Sockerarter, totalt",Pastarätter,3.0,g
6458,Pastagratäng Rossini m. kycklingfärs ananas paprika squash tomat purjolök,Summa enkelomättade fettsyror,Pastarätter,2.5,g
6458,Pastagratäng Rossini m. kycklingfärs ananas paprika squash tomat purjolök,"Magnesium, Mg",Pastarätter,20.0,mg
6458,Pastagratäng Rossini m. kycklingfärs ananas paprika squash tomat purjolök,Summa mättade fettsyror,Pastarätter,7.0,g
6458,Pastagratäng Rossini m. kycklingfärs ananas paprika squash tomat purjolök,"Kolhydrater, tillgängliga",Pastarätter,9.6,g
6458,Pastagratäng Rossini m. kycklingfärs ananas paprika squash tomat purjolök,Kolesterol,Pastarätter,36.0,mg
6458,Pastagratäng Rossini m. kycklingfärs ananas paprika squash tomat purjolök,"Kalium, K",Pastarätter,186.0,mg
6458,Pastagratäng Rossini m. kycklingfärs ananas paprika squash tomat purjolök,"Jod, I",Pastarätter,10.5,µg
6458,Pastagratäng Rossini m. kycklingfärs ananas paprika squash tomat purjolök,Fullkorn totalt,Pastarätter,0.0,g
6458,Pastagratäng Rossini m. kycklingfärs ananas paprika squash tomat purjolök,"Folat, totalt",Pastarätter,13.7,µg
6458,Pastagratäng Rossini m. kycklingfärs ananas paprika squash tomat purjolök,Fibrer,Pastarätter,1.1,g
6458,Pastagratäng Rossini m. kycklingfärs ananas paprika squash tomat purjolök,"Fett, totalt",Pastarätter,10.8,g
6458,Pastagratäng Rossini m. kycklingfärs ananas paprika squash tomat purjolök,"Järn, Fe",Pastarätter,0.4,mg
6458,Pastagratäng Rossini m. kycklingfärs ananas paprika squash tomat purjolök,Energi (kJ),Pastarätter,708.0,kJ
6458,Pastagratäng Rossini m. kycklingfärs ananas paprika squash tomat purjolök,Energi (kcal),Pastarätter,169.0,kcal
6458,Pastagratäng Rossini m. kycklingfärs ananas paprika squash tomat purjolök,Disackarider,Pastarätter,1.5,g
6458,Pastagratäng Rossini m. kycklingfärs ananas paprika squash tomat purjolök,"Kalcium, Ca",Pastarätter,61.0,mg
6458,Pastagratäng Rossini m. kycklingfärs ananas paprika squash tomat purjolök,Fettsyra 4:0-10:0,Pastarätter,0.6,g
6458,Pastagratäng Rossini m. kycklingfärs ananas paprika squash tomat purjolök,DHA (C22:6),Pastarätter,0.0,g
6458,Pastagratäng Rossini m. kycklingfärs ananas paprika squash tomat purjolök,DPA (C22:5),Pastarätter,0.0,g
6458,Pastagratäng Rossini m. kycklingfärs ananas paprika squash tomat purjolök,EPA (C20:5),Pastarätter,0.0,g
6458,Pastagratäng Rossini m. kycklingfärs ananas paprika squash tomat purjolök,Arakidonsyra C20:4,Pastarätter,0.0,g
6458,Pastagratäng Rossini m. kycklingfärs ananas paprika squash tomat purjolök,Arakidinsyra C20:0,Pastarätter,0.0,g
6458,Pastagratäng Rossini m. kycklingfärs ananas paprika squash tomat purjolök,Linolensyra C18:3,Pastarätter,0.1,g
6458,Pastagratäng Rossini m. kycklingfärs ananas paprika squash tomat purjolök,Linolsyra C18:2,Pastarätter,0.5,g
6458,Pastagratäng Rossini m. kycklingfärs ananas paprika squash tomat purjolök,Oljesyra C18:1,Pastarätter,2.2,g
6458,Pastagratäng Rossini m. kycklingfärs ananas paprika squash tomat purjolök,Stearinsyra C18:0,Pastarätter,1.1,g
6458,Pastagratäng Rossini m. kycklingfärs ananas paprika squash tomat purjolök,Palmitoljesyra C16:1,Pastarätter,0.2,g
6458,Pastagratäng Rossini m. kycklingfärs ananas paprika squash tomat purjolök,Palmitinsyra C16:0,Pastarätter,3.5,g
6458,Pastagratäng Rossini m. kycklingfärs ananas paprika squash tomat purjolök,Myristinsyra C14:0,Pastarätter,1.1,g
6458,Pastagratäng Rossini m. kycklingfärs ananas paprika squash tomat purjolök,Laurinsyra C12:0,Pastarätter,0.3,g
6458,Pastagratäng Rossini m. kycklingfärs ananas paprika squash tomat purjolök,Betakaroten/β-Karoten,Pastarätter,219.0,µg
6458,Pastagratäng Rossini m. kycklingfärs ananas paprika squash tomat purjolök,Avfall (skal etc.),Pastarätter,3.0,%
6458,Pastagratäng Rossini m. kycklingfärs ananas paprika squash tomat purjolök,Aska,Pastarätter,1.6,g
6458,Pastagratäng Rossini m. kycklingfärs ananas paprika squash tomat purjolök,Alkohol,Pastarätter,0.0,g
6459,Köttfärssås Vivaldi nöt m. squash majs paprika rödlök ost,"Zink, Zn",Köttprodukter kötträtter,1.7,mg
6459,Köttfärssås Vivaldi nöt m. squash majs paprika rödlök ost,Vitamin E,Köttprodukter kötträtter,1.4,mg
6459,Köttfärssås Vivaldi nöt m. squash majs paprika rödlök ost,Vitamin D,Köttprodukter kötträtter,0.09,µg
6459,Köttfärssås Vivaldi nöt m. squash majs paprika rödlök ost,Vitamin C,Köttprodukter kötträtter,10.2,mg
6459,Köttfärssås Vivaldi nöt m. squash majs paprika rödlök ost,Vitamin B6,Köttprodukter kötträtter,0.13,mg
6459,Köttfärssås Vivaldi nöt m. squash majs paprika rödlök ost,Vitamin B12,Köttprodukter kötträtter,0.34,µg
6459,Köttfärssås Vivaldi nöt m. squash majs paprika rödlök ost,Vitamin A,Köttprodukter kötträtter,36.1,RE/µg
6459,Köttfärssås Vivaldi nöt m. squash majs paprika rödlök ost,Vatten,Köttprodukter kötträtter,77.0,g
6459,Köttfärssås Vivaldi nöt m. squash majs paprika rödlök ost,Tiamin,Köttprodukter kötträtter,0.05,mg
6459,Köttfärssås Vivaldi nöt m. squash majs paprika rödlök ost,Tillsatt socker,Köttprodukter kötträtter,0.0,g
6459,Köttfärssås Vivaldi nöt m. squash majs paprika rödlök ost,Fritt socker,Köttprodukter kötträtter,1.0,g
6459,Köttfärssås Vivaldi nöt m. squash majs paprika rödlök ost,"Selen, Se",Köttprodukter kötträtter,2.3,µg
6459,Köttfärssås Vivaldi nöt m. squash majs paprika rödlök ost,Sackaros,Köttprodukter kötträtter,0.7,g
6459,Köttfärssås Vivaldi nöt m. squash majs paprika rödlök ost,Riboflavin,Köttprodukter kötträtter,0.06,mg
6459,Köttfärssås Vivaldi nöt m. squash majs paprika rödlök ost,Retinol,Köttprodukter kötträtter,14.4,µg
6459,Köttfärssås Vivaldi nöt m. squash majs paprika rödlök ost,Protein,Köttprodukter kötträtter,8.1,g
6459,Köttfärssås Vivaldi nöt m. squash majs paprika rödlök ost,Summa fleromättade fettsyror,Köttprodukter kötträtter,0.6,g
6459,Köttfärssås Vivaldi nöt m. squash majs paprika rödlök ost,"Fosfor, P",Köttprodukter kötträtter,94.0,mg
6459,Köttfärssås Vivaldi nöt m. squash majs paprika rödlök ost,Niacinekvivalenter,Köttprodukter kötträtter,3.43,NE/mg
6459,Köttfärssås Vivaldi nöt m. squash majs paprika rödlök ost,Niacin,Köttprodukter kötträtter,1.94,mg
6459,Köttfärssås Vivaldi nöt m. squash majs paprika rödlök ost,"Salt, NaCl",Köttprodukter kötträtter,1.4,g
6459,Köttfärssås Vivaldi nöt m. squash majs paprika rödlök ost,"Natrium, Na",Köttprodukter kötträtter,559.0,mg
6459,Köttfärssås Vivaldi nöt m. squash majs paprika rödlök ost,Monosackarider,Köttprodukter kötträtter,2.9,g
6459,Köttfärssås Vivaldi nöt m. squash majs paprika rödlök ost,"Sockerarter, totalt",Köttprodukter kötträtter,3.5,g
6459,Köttfärssås Vivaldi nöt m. squash majs paprika rödlök ost,Summa enkelomättade fettsyror,Köttprodukter kötträtter,2.5,g
6459,Köttfärssås Vivaldi nöt m. squash majs paprika rödlök ost,"Magnesium, Mg",Köttprodukter kötträtter,19.0,mg
6459,Köttfärssås Vivaldi nöt m. squash majs paprika rödlök ost,Summa mättade fettsyror,Köttprodukter kötträtter,2.3,g
6459,Köttfärssås Vivaldi nöt m. squash majs paprika rödlök ost,"Kolhydrater, tillgängliga",Köttprodukter kötträtter,5.3,g
6459,Köttfärssås Vivaldi nöt m. squash majs paprika rödlök ost,Kolesterol,Köttprodukter kötträtter,19.8,mg
6459,Köttfärssås Vivaldi nöt m. squash majs paprika rödlök ost,"Kalium, K",Köttprodukter kötträtter,199.0,mg
6459,Köttfärssås Vivaldi nöt m. squash majs paprika rödlök ost,"Jod, I",Köttprodukter kötträtter,20.4,µg
6459,Köttfärssås Vivaldi nöt m. squash majs paprika rödlök ost,Fullkorn totalt,Köttprodukter kötträtter,7.0,g
6459,Köttfärssås Vivaldi nöt m. squash majs paprika rödlök ost,"Folat, totalt",Köttprodukter kötträtter,15.5,µg
6459,Köttfärssås Vivaldi nöt m. squash majs paprika rödlök ost,Fibrer,Köttprodukter kötträtter,1.4,g
6459,Köttfärssås Vivaldi nöt m. squash majs paprika rödlök ost,"Fett, totalt",Köttprodukter kötträtter,5.9,g
6459,Köttfärssås Vivaldi nöt m. squash majs paprika rödlök ost,"Järn, Fe",Köttprodukter kötträtter,1.0,mg
6459,Köttfärssås Vivaldi nöt m. squash majs paprika rödlök ost,Energi (kJ),Köttprodukter kötträtter,457.0,kJ
6459,Köttfärssås Vivaldi nöt m. squash majs paprika rödlök ost,Energi (kcal),Köttprodukter kötträtter,109.0,kcal
6459,Köttfärssås Vivaldi nöt m. squash majs paprika rödlök ost,Disackarider,Köttprodukter kötträtter,0.7,g
6459,Köttfärssås Vivaldi nöt m. squash majs paprika rödlök ost,"Kalcium, Ca",Köttprodukter kötträtter,45.0,mg
6459,Köttfärssås Vivaldi nöt m. squash majs paprika rödlök ost,Fettsyra 4:0-10:0,Köttprodukter kötträtter,0.1,g
6459,Köttfärssås Vivaldi nöt m. squash majs paprika rödlök ost,DHA (C22:6),Köttprodukter kötträtter,0.0,g
6459,Köttfärssås Vivaldi nöt m. squash majs paprika rödlök ost,DPA (C22:5),Köttprodukter kötträtter,0.0,g
6459,Köttfärssås Vivaldi nöt m. squash majs paprika rödlök ost,EPA (C20:5),Köttprodukter kötträtter,0.0,g
6459,Köttfärssås Vivaldi nöt m. squash majs paprika rödlök ost,Arakidonsyra C20:4,Köttprodukter kötträtter,0.0,g
6459,Köttfärssås Vivaldi nöt m. squash majs paprika rödlök ost,Arakidinsyra C20:0,Köttprodukter kötträtter,0.0,g
6459,Köttfärssås Vivaldi nöt m. squash majs paprika rödlök ost,Linolensyra C18:3,Köttprodukter kötträtter,0.1,g
6459,Köttfärssås Vivaldi nöt m. squash majs paprika rödlök ost,Linolsyra C18:2,Köttprodukter kötträtter,0.5,g
6459,Köttfärssås Vivaldi nöt m. squash majs paprika rödlök ost,Oljesyra C18:1,Köttprodukter kötträtter,2.3,g
6459,Köttfärssås Vivaldi nöt m. squash majs paprika rödlök ost,Stearinsyra C18:0,Köttprodukter kötträtter,0.6,g
6459,Köttfärssås Vivaldi nöt m. squash majs paprika rödlök ost,Palmitoljesyra C16:1,Köttprodukter kötträtter,0.2,g
6459,Köttfärssås Vivaldi nöt m. squash majs paprika rödlök ost,Palmitinsyra C16:0,Köttprodukter kötträtter,1.2,g
6459,Köttfärssås Vivaldi nöt m. squash majs paprika rödlök ost,Myristinsyra C14:0,Köttprodukter kötträtter,0.2,g
6459,Köttfärssås Vivaldi nöt m. squash majs paprika rödlök ost,Laurinsyra C12:0,Köttprodukter kötträtter,0.0,g
6459,Köttfärssås Vivaldi nöt m. squash majs paprika rödlök ost,Betakaroten/β-Karoten,Köttprodukter kötträtter,225.0,µg
6459,Köttfärssås Vivaldi nöt m. squash majs paprika rödlök ost,Avfall (skal etc.),Köttprodukter kötträtter,2.0,%
6459,Köttfärssås Vivaldi nöt m. squash majs paprika rödlök ost,Aska,Köttprodukter kötträtter,2.3,g
6459,Köttfärssås Vivaldi nöt m. squash majs paprika rödlök ost,Alkohol,Köttprodukter kötträtter,0.0,g
6461,Chiapudding,"Zink, Zn",Övriga ospecificerade blandade rätter,0.8,mg
6461,Chiapudding,Vitamin E,Övriga ospecificerade blandade rätter,0.6,mg
6461,Chiapudding,Vitamin D inkl 25-OH-D3,Övriga ospecificerade blandade rätter,0.93,µg
6461,Chiapudding,Vitamin D,Övriga ospecificerade blandade rätter,0.93,µg
6461,Chiapudding,Vitamin C,Övriga ospecificerade blandade rätter,0.2,mg
6461,Chiapudding,Vitamin B6,Övriga ospecificerade blandade rätter,0.02,mg
6461,Chiapudding,Vitamin B12,Övriga ospecificerade blandade rätter,0.34,µg
6461,Chiapudding,Vitamin A,Övriga ospecificerade blandade rätter,0.0,RE/µg
6461,Chiapudding,Vatten,Övriga ospecificerade blandade rätter,74.9,g
6461,Chiapudding,Tiamin,Övriga ospecificerade blandade rätter,0.08,mg
6461,Chiapudding,Tillsatt socker,Övriga ospecificerade blandade rätter,3.0,g
6461,Chiapudding,Fritt socker,Övriga ospecificerade blandade rätter,3.0,g
6461,Chiapudding,"Selen, Se",Övriga ospecificerade blandade rätter,3.4,µg
6461,Chiapudding,Sackaros,Övriga ospecificerade blandade rätter,3.2,g
6461,Chiapudding,Riboflavin,Övriga ospecificerade blandade rätter,0.28,mg
6461,Chiapudding,Retinol,Övriga ospecificerade blandade rätter,0.0,µg
6461,Chiapudding,Protein,Övriga ospecificerade blandade rätter,3.2,g
6461,Chiapudding,Summa fleromättade fettsyror,Övriga ospecificerade blandade rätter,3.4,g
6461,Chiapudding,"Fosfor, P",Övriga ospecificerade blandade rätter,115.0,mg
6461,Chiapudding,Niacinekvivalenter,Övriga ospecificerade blandade rätter,1.06,NE/mg
6461,Chiapudding,Niacin,Övriga ospecificerade blandade rätter,0.51,mg
6461,Chiapudding,"Salt, NaCl",Övriga ospecificerade blandade rätter,0.2,g
6461,Chiapudding,"Natrium, Na",Övriga ospecificerade blandade rätter,57.0,mg
6461,Chiapudding,Monosackarider,Övriga ospecificerade blandade rätter,0.0,g
6461,Chiapudding,"Sockerarter, totalt",Övriga ospecificerade blandade rätter,6.5,g
6461,Chiapudding,Summa enkelomättade fettsyror,Övriga ospecificerade blandade rätter,0.9,g
6461,Chiapudding,"Magnesium, Mg",Övriga ospecificerade blandade rätter,43.0,mg
6461,Chiapudding,Summa mättade fettsyror,Övriga ospecificerade blandade rätter,0.5,g
6461,Chiapudding,"Kolhydrater, tillgängliga",Övriga ospecificerade blandade rätter,11.0,g
6461,Chiapudding,Kolesterol,Övriga ospecificerade blandade rätter,0.0,mg
6461,Chiapudding,"Kalium, K",Övriga ospecificerade blandade rätter,128.0,mg
6461,Chiapudding,"Jod, I",Övriga ospecificerade blandade rätter,0.0,µg
6461,Chiapudding,Fullkorn totalt,Övriga ospecificerade blandade rätter,0.0,g
6461,Chiapudding,"Folat, totalt",Övriga ospecificerade blandade rätter,13.1,µg
6461,Chiapudding,Fibrer,Övriga ospecificerade blandade rätter,4.9,g
6461,Chiapudding,"Fett, totalt",Övriga ospecificerade blandade rätter,5.0,g
6461,Chiapudding,"Järn, Fe",Övriga ospecificerade blandade rätter,1.8,mg
6461,Chiapudding,Energi (kJ),Övriga ospecificerade blandade rätter,466.0,kJ
6461,Chiapudding,Energi (kcal),Övriga ospecificerade blandade rätter,111.0,kcal
6461,Chiapudding,Disackarider,Övriga ospecificerade blandade rätter,6.4,g
6461,Chiapudding,"Kalcium, Ca",Övriga ospecificerade blandade rätter,165.0,mg
6461,Chiapudding,Fettsyra 4:0-10:0,Övriga ospecificerade blandade rätter,0.0,g
6461,Chiapudding,DHA (C22:6),Övriga ospecificerade blandade rätter,0.0,g
6461,Chiapudding,DPA (C22:5),Övriga ospecificerade blandade rätter,0.0,g
6461,Chiapudding,EPA (C20:5),Övriga ospecificerade blandade rätter,0.0,g
6461,Chiapudding,Arakidonsyra C20:4,Övriga ospecificerade blandade rätter,0.0,g
6461,Chiapudding,Arakidinsyra C20:0,Övriga ospecificerade blandade rätter,0.0,g
6461,Chiapudding,Linolensyra C18:3,Övriga ospecificerade blandade rätter,2.4,g
6461,Chiapudding,Linolsyra C18:2,Övriga ospecificerade blandade rätter,1.0,g
6461,Chiapudding,Oljesyra C18:1,Övriga ospecificerade blandade rätter,0.9,g
6461,Chiapudding,Stearinsyra C18:0,Övriga ospecificerade blandade rätter,0.1,g
6461,Chiapudding,Palmitoljesyra C16:1,Övriga ospecificerade blandade rätter,0.0,g
6461,Chiapudding,Palmitinsyra C16:0,Övriga ospecificerade blandade rätter,0.3,g
6461,Chiapudding,Myristinsyra C14:0,Övriga ospecificerade blandade rätter,0.0,g
6461,Chiapudding,Laurinsyra C12:0,Övriga ospecificerade blandade rätter,0.0,g
6461,Chiapudding,Betakaroten/β-Karoten,Övriga ospecificerade blandade rätter,0.0,µg
6461,Chiapudding,Avfall (skal etc.),Övriga ospecificerade blandade rätter,0.0,%
6461,Chiapudding,Aska,Övriga ospecificerade blandade rätter,1.1,g
6461,Chiapudding,Alkohol,Övriga ospecificerade blandade rätter,0.0,g
6462,Korv stroganoff hemlagad,"Zink, Zn",Korvrätter,0.8,mg
6462,Korv stroganoff hemlagad,Vitamin E,Korvrätter,1.3,mg
6462,Korv stroganoff hemlagad,Vitamin D,Korvrätter,0.3,µg
6462,Korv stroganoff hemlagad,Vitamin C,Korvrätter,2.3,mg
6462,Korv stroganoff hemlagad,Vitamin B6,Korvrätter,0.12,mg
6462,Korv stroganoff hemlagad,Vitamin B12,Korvrätter,0.41,µg
6462,Korv stroganoff hemlagad,Vitamin A,Korvrätter,78.9,RE/µg
6462,Korv stroganoff hemlagad,Vatten,Korvrätter,62.0,g
6462,Korv stroganoff hemlagad,Tiamin,Korvrätter,0.24,mg
6462,Korv stroganoff hemlagad,Tillsatt socker,Korvrätter,0.0,g
6462,Korv stroganoff hemlagad,Fritt socker,Korvrätter,0.0,g
6462,Korv stroganoff hemlagad,"Selen, Se",Korvrätter,4.3,µg
6462,Korv stroganoff hemlagad,Sackaros,Korvrätter,0.2,g
6462,Korv stroganoff hemlagad,Riboflavin,Korvrätter,0.09,mg
6462,Korv stroganoff hemlagad,Retinol,Korvrätter,64.5,µg
6462,Korv stroganoff hemlagad,Protein,Korvrätter,6.3,g
6462,Korv stroganoff hemlagad,Summa fleromättade fettsyror,Korvrätter,2.1,g
6462,Korv stroganoff hemlagad,"Fosfor, P",Korvrätter,90.0,mg
6462,Korv stroganoff hemlagad,Niacinekvivalenter,Korvrätter,3.02,NE/mg
6462,Korv stroganoff hemlagad,Niacin,Korvrätter,1.86,mg
6462,Korv stroganoff hemlagad,"Salt, NaCl",Korvrätter,2.0,g
6462,Korv stroganoff hemlagad,"Natrium, Na",Korvrätter,811.0,mg
6462,Korv stroganoff hemlagad,Monosackarider,Korvrätter,1.2,g
6462,Korv stroganoff hemlagad,"Sockerarter, totalt",Korvrätter,2.2,g
6462,Korv stroganoff hemlagad,Summa enkelomättade fettsyror,Korvrätter,9.4,g
6462,Korv stroganoff hemlagad,"Magnesium, Mg",Korvrätter,14.0,mg
6462,Korv stroganoff hemlagad,Summa mättade fettsyror,Korvrätter,10.0,g
6462,Korv stroganoff hemlagad,"Kolhydrater, tillgängliga",Korvrätter,5.7,g
6462,Korv stroganoff hemlagad,Kolesterol,Korvrätter,42.3,mg
6462,Korv stroganoff hemlagad,"Kalium, K",Korvrätter,211.0,mg
6462,Korv stroganoff hemlagad,"Jod, I",Korvrätter,35.7,µg
6462,Korv stroganoff hemlagad,Fullkorn totalt,Korvrätter,0.0,g
6462,Korv stroganoff hemlagad,"Folat, totalt",Korvrätter,5.5,µg
6462,Korv stroganoff hemlagad,Fibrer,Korvrätter,0.5,g
6462,Korv stroganoff hemlagad,"Fett, totalt",Korvrätter,23.0,g
6462,Korv stroganoff hemlagad,"Järn, Fe",Korvrätter,0.5,mg
6462,Korv stroganoff hemlagad,Energi (kJ),Korvrätter,1058.0,kJ
6462,Korv stroganoff hemlagad,Energi (kcal),Korvrätter,253.0,kcal
6462,Korv stroganoff hemlagad,Disackarider,Korvrätter,1.0,g
6462,Korv stroganoff hemlagad,"Kalcium, Ca",Korvrätter,38.0,mg
6462,Korv stroganoff hemlagad,Fettsyra 4:0-10:0,Korvrätter,0.5,g
6462,Korv stroganoff hemlagad,DHA (C22:6),Korvrätter,0.0,g
6462,Korv stroganoff hemlagad,DPA (C22:5),Korvrätter,0.0,g
6462,Korv stroganoff hemlagad,EPA (C20:5),Korvrätter,0.0,g
6462,Korv stroganoff hemlagad,Arakidonsyra C20:4,Korvrätter,0.0,g
6462,Korv stroganoff hemlagad,Arakidinsyra C20:0,Korvrätter,0.1,g
6462,Korv stroganoff hemlagad,Linolensyra C18:3,Korvrätter,0.3,g
6462,Korv stroganoff hemlagad,Linolsyra C18:2,Korvrätter,1.7,g
6462,Korv stroganoff hemlagad,Oljesyra C18:1,Korvrätter,8.6,g
6462,Korv stroganoff hemlagad,Stearinsyra C18:0,Korvrätter,2.5,g
6462,Korv stroganoff hemlagad,Palmitoljesyra C16:1,Korvrätter,0.5,g
6462,Korv stroganoff hemlagad,Palmitinsyra C16:0,Korvrätter,5.5,g
6462,Korv stroganoff hemlagad,Myristinsyra C14:0,Korvrätter,0.9,g
6462,Korv stroganoff hemlagad,Laurinsyra C12:0,Korvrätter,0.2,g
6462,Korv stroganoff hemlagad,Betakaroten/β-Karoten,Korvrätter,138.0,µg
6462,Korv stroganoff hemlagad,Avfall (skal etc.),Korvrätter,1.0,%
6462,Korv stroganoff hemlagad,Aska,Korvrätter,2.6,g
6462,Korv stroganoff hemlagad,Alkohol,Korvrätter,0.0,g
6463,Lasagne hemlagad,"Zink, Zn",Pastarätter,1.1,mg
6463,Lasagne hemlagad,Vitamin E,Pastarätter,0.7,mg
6463,Lasagne hemlagad,Vitamin D,Pastarätter,0.39,µg
6463,Lasagne hemlagad,Vitamin C,Pastarätter,2.8,mg
6463,Lasagne hemlagad,Vitamin B6,Pastarätter,0.09,mg
6463,Lasagne hemlagad,Vitamin B12,Pastarätter,0.4,µg
6463,Lasagne hemlagad,Vitamin A,Pastarätter,39.5,RE/µg
6463,Lasagne hemlagad,Vatten,Pastarätter,72.8,g
6463,Lasagne hemlagad,Tiamin,Pastarätter,0.09,mg
6463,Lasagne hemlagad,Tillsatt socker,Pastarätter,0.0,g
6463,Lasagne hemlagad,Fritt socker,Pastarätter,0.0,g
6463,Lasagne hemlagad,"Selen, Se",Pastarätter,2.7,µg
6463,Lasagne hemlagad,Sackaros,Pastarätter,0.2,g
6463,Lasagne hemlagad,Riboflavin,Pastarätter,0.11,mg
6463,Lasagne hemlagad,Retinol,Pastarätter,27.8,µg
6463,Lasagne hemlagad,Protein,Pastarätter,7.4,g
6463,Lasagne hemlagad,Summa fleromättade fettsyror,Pastarätter,0.3,g
6463,Lasagne hemlagad,"Fosfor, P",Pastarätter,132.0,mg
6463,Lasagne hemlagad,Niacinekvivalenter,Pastarätter,2.66,NE/mg
6463,Lasagne hemlagad,Niacin,Pastarätter,1.17,mg
6463,Lasagne hemlagad,"Salt, NaCl",Pastarätter,0.9,g
6463,Lasagne hemlagad,"Natrium, Na",Pastarätter,346.0,mg
6463,Lasagne hemlagad,Monosackarider,Pastarätter,1.3,g
6463,Lasagne hemlagad,"Sockerarter, totalt",Pastarätter,3.3,g
6463,Lasagne hemlagad,Summa enkelomättade fettsyror,Pastarätter,1.5,g
6463,Lasagne hemlagad,"Magnesium, Mg",Pastarätter,20.0,mg
6463,Lasagne hemlagad,Summa mättade fettsyror,Pastarätter,2.8,g
6463,Lasagne hemlagad,"Kolhydrater, tillgängliga",Pastarätter,12.1,g
6463,Lasagne hemlagad,Kolesterol,Pastarätter,16.9,mg
6463,Lasagne hemlagad,"Kalium, K",Pastarätter,219.0,mg
6463,Lasagne hemlagad,"Jod, I",Pastarätter,24.0,µg
6463,Lasagne hemlagad,Fullkorn totalt,Pastarätter,0.0,g
6463,Lasagne hemlagad,"Folat, totalt",Pastarätter,9.9,µg
6463,Lasagne hemlagad,Fibrer,Pastarätter,0.9,g
6463,Lasagne hemlagad,"Fett, totalt",Pastarätter,5.0,g
6463,Lasagne hemlagad,"Järn, Fe",Pastarätter,0.7,mg
6463,Lasagne hemlagad,Energi (kJ),Pastarätter,526.0,kJ
6463,Lasagne hemlagad,Energi (kcal),Pastarätter,126.0,kcal
6463,Lasagne hemlagad,Disackarider,Pastarätter,2.0,g
6463,Lasagne hemlagad,"Kalcium, Ca",Pastarätter,103.0,mg
6463,Lasagne hemlagad,Fettsyra 4:0-10:0,Pastarätter,0.3,g
6463,Lasagne hemlagad,DHA (C22:6),Pastarätter,0.0,g
6463,Lasagne hemlagad,DPA (C22:5),Pastarätter,0.0,g
6463,Lasagne hemlagad,EPA (C20:5),Pastarätter,0.0,g
6463,Lasagne hemlagad,Arakidonsyra C20:4,Pastarätter,0.0,g
6463,Lasagne hemlagad,Arakidinsyra C20:0,Pastarätter,0.0,g
6463,Lasagne hemlagad,Linolensyra C18:3,Pastarätter,0.0,g
6463,Lasagne hemlagad,Linolsyra C18:2,Pastarätter,0.3,g
6463,Lasagne hemlagad,Oljesyra C18:1,Pastarätter,1.3,g
6463,Lasagne hemlagad,Stearinsyra C18:0,Pastarätter,0.6,g
6463,Lasagne hemlagad,Palmitoljesyra C16:1,Pastarätter,0.1,g
6463,Lasagne hemlagad,Palmitinsyra C16:0,Pastarätter,1.3,g
6463,Lasagne hemlagad,Myristinsyra C14:0,Pastarätter,0.4,g
6463,Lasagne hemlagad,Laurinsyra C12:0,Pastarätter,0.1,g
6463,Lasagne hemlagad,Betakaroten/β-Karoten,Pastarätter,136.0,µg
6463,Lasagne hemlagad,Avfall (skal etc.),Pastarätter,0.0,%
6463,Lasagne hemlagad,Aska,Pastarätter,1.7,g
6463,Lasagne hemlagad,Alkohol,Pastarätter,0.0,g
6466,Pizza Funghi m. champinjoner restaurang,"Zink, Zn",Pizza paj pirog färdig smörgås,1.6,mg
6466,Pizza Funghi m. champinjoner restaurang,Vitamin E,Pizza paj pirog färdig smörgås,1.3,mg
6466,Pizza Funghi m. champinjoner restaurang,Vitamin D inkl 25-OH-D3,Pizza paj pirog färdig smörgås,0.01,µg
6466,Pizza Funghi m. champinjoner restaurang,Vitamin D,Pizza paj pirog färdig smörgås,0.01,µg
6466,Pizza Funghi m. champinjoner restaurang,Vitamin C,Pizza paj pirog färdig smörgås,0.8,mg
6466,Pizza Funghi m. champinjoner restaurang,Vitamin B6,Pizza paj pirog färdig smörgås,0.17,mg
6466,Pizza Funghi m. champinjoner restaurang,Vitamin B12,Pizza paj pirog färdig smörgås,0.69,µg
6466,Pizza Funghi m. champinjoner restaurang,Vitamin A,Pizza paj pirog färdig smörgås,109.2,RE/µg
6466,Pizza Funghi m. champinjoner restaurang,Vatten,Pizza paj pirog färdig smörgås,42.5,g
6466,Pizza Funghi m. champinjoner restaurang,Tiamin,Pizza paj pirog färdig smörgås,0.07,mg
6466,Pizza Funghi m. champinjoner restaurang,Tillsatt socker,Pizza paj pirog färdig smörgås,0.0,g
6466,Pizza Funghi m. champinjoner restaurang,Fritt socker,Pizza paj pirog färdig smörgås,0.0,g
6466,Pizza Funghi m. champinjoner restaurang,"Selen, Se",Pizza paj pirog färdig smörgås,6.0,µg
6466,Pizza Funghi m. champinjoner restaurang,Sackaros,Pizza paj pirog färdig smörgås,0.0,g
6466,Pizza Funghi m. champinjoner restaurang,Riboflavin,Pizza paj pirog färdig smörgås,0.17,mg
6466,Pizza Funghi m. champinjoner restaurang,Retinol,Pizza paj pirog färdig smörgås,101.3,µg
6466,Pizza Funghi m. champinjoner restaurang,Protein,Pizza paj pirog färdig smörgås,14.9,g
6466,Pizza Funghi m. champinjoner restaurang,Summa fleromättade fettsyror,Pizza paj pirog färdig smörgås,1.4,g
6466,Pizza Funghi m. champinjoner restaurang,"Fosfor, P",Pizza paj pirog färdig smörgås,233.0,mg
6466,Pizza Funghi m. champinjoner restaurang,Niacinekvivalenter,Pizza paj pirog färdig smörgås,6.37,NE/mg
6466,Pizza Funghi m. champinjoner restaurang,Niacin,Pizza paj pirog färdig smörgås,2.9,mg
6466,Pizza Funghi m. champinjoner restaurang,"Salt, NaCl",Pizza paj pirog färdig smörgås,1.4,g
6466,Pizza Funghi m. champinjoner restaurang,"Natrium, Na",Pizza paj pirog färdig smörgås,547.0,mg
6466,Pizza Funghi m. champinjoner restaurang,Monosackarider,Pizza paj pirog färdig smörgås,1.3,g
6466,Pizza Funghi m. champinjoner restaurang,"Sockerarter, totalt",Pizza paj pirog färdig smörgås,2.3,g
6466,Pizza Funghi m. champinjoner restaurang,Summa enkelomättade fettsyror,Pizza paj pirog färdig smörgås,4.9,g
6466,Pizza Funghi m. champinjoner restaurang,"Magnesium, Mg",Pizza paj pirog färdig smörgås,26.0,mg
6466,Pizza Funghi m. champinjoner restaurang,Summa mättade fettsyror,Pizza paj pirog färdig smörgås,8.8,g
6466,Pizza Funghi m. champinjoner restaurang,"Kolhydrater, tillgängliga",Pizza paj pirog färdig smörgås,20.4,g
6466,Pizza Funghi m. champinjoner restaurang,Kolesterol,Pizza paj pirog färdig smörgås,34.3,mg
6466,Pizza Funghi m. champinjoner restaurang,"Kalium, K",Pizza paj pirog färdig smörgås,154.0,mg
6466,Pizza Funghi m. champinjoner restaurang,"Jod, I",Pizza paj pirog färdig smörgås,13.2,µg
6466,Pizza Funghi m. champinjoner restaurang,Fullkorn totalt,Pizza paj pirog färdig smörgås,0.0,g
6466,Pizza Funghi m. champinjoner restaurang,"Folat, totalt",Pizza paj pirog färdig smörgås,19.9,µg
6466,Pizza Funghi m. champinjoner restaurang,Fibrer,Pizza paj pirog färdig smörgås,3.6,g
6466,Pizza Funghi m. champinjoner restaurang,"Fett, totalt",Pizza paj pirog färdig smörgås,16.1,g
6466,Pizza Funghi m. champinjoner restaurang,"Järn, Fe",Pizza paj pirog färdig smörgås,0.5,mg
6466,Pizza Funghi m. champinjoner restaurang,Energi (kJ),Pizza paj pirog färdig smörgås,1223.0,kJ
6466,Pizza Funghi m. champinjoner restaurang,Energi (kcal),Pizza paj pirog färdig smörgås,292.0,kcal
6466,Pizza Funghi m. champinjoner restaurang,Disackarider,Pizza paj pirog färdig smörgås,1.0,g
6466,Pizza Funghi m. champinjoner restaurang,"Kalcium, Ca",Pizza paj pirog färdig smörgås,310.0,mg
6466,Pizza Funghi m. champinjoner restaurang,Fettsyra 4:0-10:0,Pizza paj pirog färdig smörgås,1.2,g
6466,Pizza Funghi m. champinjoner restaurang,DHA (C22:6),Pizza paj pirog färdig smörgås,0.0,g
6466,Pizza Funghi m. champinjoner restaurang,DPA (C22:5),Pizza paj pirog färdig smörgås,0.0,g
6466,Pizza Funghi m. champinjoner restaurang,EPA (C20:5),Pizza paj pirog färdig smörgås,0.0,g
6466,Pizza Funghi m. champinjoner restaurang,Arakidonsyra C20:4,Pizza paj pirog färdig smörgås,0.0,g
6466,Pizza Funghi m. champinjoner restaurang,Arakidinsyra C20:0,Pizza paj pirog färdig smörgås,0.0,g
6466,Pizza Funghi m. champinjoner restaurang,Linolensyra C18:3,Pizza paj pirog färdig smörgås,0.3,g
6466,Pizza Funghi m. champinjoner restaurang,Linolsyra C18:2,Pizza paj pirog färdig smörgås,1.1,g
6466,Pizza Funghi m. champinjoner restaurang,Oljesyra C18:1,Pizza paj pirog färdig smörgås,4.5,g
6466,Pizza Funghi m. champinjoner restaurang,Stearinsyra C18:0,Pizza paj pirog färdig smörgås,1.3,g
6466,Pizza Funghi m. champinjoner restaurang,Palmitoljesyra C16:1,Pizza paj pirog färdig smörgås,0.2,g
6466,Pizza Funghi m. champinjoner restaurang,Palmitinsyra C16:0,Pizza paj pirog färdig smörgås,4.1,g
6466,Pizza Funghi m. champinjoner restaurang,Myristinsyra C14:0,Pizza paj pirog färdig smörgås,1.4,g
6466,Pizza Funghi m. champinjoner restaurang,Laurinsyra C12:0,Pizza paj pirog färdig smörgås,0.5,g
6466,Pizza Funghi m. champinjoner restaurang,Betakaroten/β-Karoten,Pizza paj pirog färdig smörgås,95.0,µg
6466,Pizza Funghi m. champinjoner restaurang,Avfall (skal etc.),Pizza paj pirog färdig smörgås,0.0,%
6466,Pizza Funghi m. champinjoner restaurang,Aska,Pizza paj pirog färdig smörgås,2.6,g
6466,Pizza Funghi m. champinjoner restaurang,Alkohol,Pizza paj pirog färdig smörgås,0.0,g
6468,Havremjöl fullkorn,"Zink, Zn",Mjöl stärkelse kli,2.6,mg
6468,Havremjöl fullkorn,Vitamin E,Mjöl stärkelse kli,0.8,mg
6468,Havremjöl fullkorn,Vitamin D inkl 25-OH-D3,Mjöl stärkelse kli,0.0,µg
6468,Havremjöl fullkorn,Vitamin D,Mjöl stärkelse kli,0.0,µg
6468,Havremjöl fullkorn,Vitamin C,Mjöl stärkelse kli,0.0,mg
6468,Havremjöl fullkorn,Vitamin B6,Mjöl stärkelse kli,0.11,mg
6468,Havremjöl fullkorn,Vitamin B12,Mjöl stärkelse kli,0.0,µg
6468,Havremjöl fullkorn,Vitamin A,Mjöl stärkelse kli,0.0,RE/µg
6468,Havremjöl fullkorn,Vatten,Mjöl stärkelse kli,9.1,g
6468,Havremjöl fullkorn,Tiamin,Mjöl stärkelse kli,0.29,mg
6468,Havremjöl fullkorn,Tillsatt socker,Mjöl stärkelse kli,0.0,g
6468,Havremjöl fullkorn,Fritt socker,Mjöl stärkelse kli,0.0,g
6468,Havremjöl fullkorn,"Selen, Se",Mjöl stärkelse kli,11.6,µg
6468,Havremjöl fullkorn,Sackaros,Mjöl stärkelse kli,0.7,g
6468,Havremjöl fullkorn,Riboflavin,Mjöl stärkelse kli,0.07,mg
6468,Havremjöl fullkorn,Retinol,Mjöl stärkelse kli,0.0,µg
6468,Havremjöl fullkorn,Protein,Mjöl stärkelse kli,11.3,g
6468,Havremjöl fullkorn,Summa fleromättade fettsyror,Mjöl stärkelse kli,1.8,g
6468,Havremjöl fullkorn,"Fosfor, P",Mjöl stärkelse kli,370.0,mg
6468,Havremjöl fullkorn,Niacinekvivalenter,Mjöl stärkelse kli,2.7,NE/mg
6468,Havremjöl fullkorn,Niacin,Mjöl stärkelse kli,0.8,mg
6468,Havremjöl fullkorn,"Salt, NaCl",Mjöl stärkelse kli,0.0,g
6468,Havremjöl fullkorn,"Natrium, Na",Mjöl stärkelse kli,1.0,mg
6468,Havremjöl fullkorn,Monosackarider,Mjöl stärkelse kli,0.0,g
6468,Havremjöl fullkorn,"Sockerarter, totalt",Mjöl stärkelse kli,0.8,g
6468,Havremjöl fullkorn,Summa enkelomättade fettsyror,Mjöl stärkelse kli,1.6,g
6468,Havremjöl fullkorn,"Magnesium, Mg",Mjöl stärkelse kli,114.0,mg
6468,Havremjöl fullkorn,Summa mättade fettsyror,Mjöl stärkelse kli,0.7,g
6468,Havremjöl fullkorn,"Kolhydrater, tillgängliga",Mjöl stärkelse kli,59.2,g
6468,Havremjöl fullkorn,Kolesterol,Mjöl stärkelse kli,0.0,mg
6468,Havremjöl fullkorn,"Kalium, K",Mjöl stärkelse kli,342.0,mg
6468,Havremjöl fullkorn,"Jod, I",Mjöl stärkelse kli,0.0,µg
6468,Havremjöl fullkorn,Fullkorn totalt,Mjöl stärkelse kli,100.0,g
6468,Havremjöl fullkorn,"Folat, totalt",Mjöl stärkelse kli,30.2,µg
6468,Havremjöl fullkorn,Fibrer,Mjöl stärkelse kli,14.2,g
6468,Havremjöl fullkorn,"Fett, totalt",Mjöl stärkelse kli,4.4,g
6468,Havremjöl fullkorn,"Järn, Fe",Mjöl stärkelse kli,4.5,mg
6468,Havremjöl fullkorn,Energi (kJ),Mjöl stärkelse kli,1473.0,kJ
6468,Havremjöl fullkorn,Energi (kcal),Mjöl stärkelse kli,352.0,kcal
6468,Havremjöl fullkorn,Disackarider,Mjöl stärkelse kli,0.8,g
6468,Havremjöl fullkorn,"Kalcium, Ca",Mjöl stärkelse kli,43.0,mg
6468,Havremjöl fullkorn,Fettsyra 4:0-10:0,Mjöl stärkelse kli,0.0,g
6468,Havremjöl fullkorn,DHA (C22:6),Mjöl stärkelse kli,0.0,g
6468,Havremjöl fullkorn,DPA (C22:5),Mjöl stärkelse kli,0.0,g
6468,Havremjöl fullkorn,EPA (C20:5),Mjöl stärkelse kli,0.0,g
6468,Havremjöl fullkorn,Arakidonsyra C20:4,Mjöl stärkelse kli,0.0,g
6468,Havremjöl fullkorn,Arakidinsyra C20:0,Mjöl stärkelse kli,0.0,g
6468,Havremjöl fullkorn,Linolensyra C18:3,Mjöl stärkelse kli,0.1,g
6468,Havremjöl fullkorn,Linolsyra C18:2,Mjöl stärkelse kli,1.7,g
6468,Havremjöl fullkorn,Oljesyra C18:1,Mjöl stärkelse kli,1.5,g
6468,Havremjöl fullkorn,Stearinsyra C18:0,Mjöl stärkelse kli,0.1,g
6468,Havremjöl fullkorn,Palmitoljesyra C16:1,Mjöl stärkelse kli,0.0,g
6468,Havremjöl fullkorn,Palmitinsyra C16:0,Mjöl stärkelse kli,0.6,g
6468,Havremjöl fullkorn,Myristinsyra C14:0,Mjöl stärkelse kli,0.0,g
6468,Havremjöl fullkorn,Laurinsyra C12:0,Mjöl stärkelse kli,0.0,g
6468,Havremjöl fullkorn,Betakaroten/β-Karoten,Mjöl stärkelse kli,0.0,µg
6468,Havremjöl fullkorn,Avfall (skal etc.),Mjöl stärkelse kli,0.0,%
6468,Havremjöl fullkorn,Aska,Mjöl stärkelse kli,1.8,g
6468,Havremjöl fullkorn,Alkohol,Mjöl stärkelse kli,0.0,g
6469,Vitlökssås m. örter hemlagad,"Zink, Zn",Sås dressing majonnäs ,0.3,mg
6469,Vitlökssås m. örter hemlagad,Vitamin E,Sås dressing majonnäs ,9.0,mg
6469,Vitlökssås m. örter hemlagad,Vitamin D,Sås dressing majonnäs ,0.09,µg
6469,Vitlökssås m. örter hemlagad,Vitamin C,Sås dressing majonnäs ,4.7,mg
6469,Vitlökssås m. örter hemlagad,Vitamin B6,Sås dressing majonnäs ,0.04,mg
6469,Vitlökssås m. örter hemlagad,Vitamin B12,Sås dressing majonnäs ,0.15,µg
6469,Vitlökssås m. örter hemlagad,Vitamin A,Sås dressing majonnäs ,132.1,RE/µg
6469,Vitlökssås m. örter hemlagad,Vatten,Sås dressing majonnäs ,49.6,g
6469,Vitlökssås m. örter hemlagad,Tiamin,Sås dressing majonnäs ,0.02,mg
6469,Vitlökssås m. örter hemlagad,Tillsatt socker,Sås dressing majonnäs ,1.0,g
6469,Vitlökssås m. örter hemlagad,Fritt socker,Sås dressing majonnäs ,1.0,g
6469,Vitlökssås m. örter hemlagad,"Selen, Se",Sås dressing majonnäs ,0.9,µg
6469,Vitlökssås m. örter hemlagad,Sackaros,Sås dressing majonnäs ,0.7,g
6469,Vitlökssås m. örter hemlagad,Riboflavin,Sås dressing majonnäs ,0.08,mg
6469,Vitlökssås m. örter hemlagad,Retinol,Sås dressing majonnäs ,107.2,µg
6469,Vitlökssås m. örter hemlagad,Protein,Sås dressing majonnäs ,2.0,g
6469,Vitlökssås m. örter hemlagad,Summa fleromättade fettsyror,Sås dressing majonnäs ,9.4,g
6469,Vitlökssås m. örter hemlagad,"Fosfor, P",Sås dressing majonnäs ,56.0,mg
6469,Vitlökssås m. örter hemlagad,Niacinekvivalenter,Sås dressing majonnäs ,0.56,NE/mg
6469,Vitlökssås m. örter hemlagad,Niacin,Sås dressing majonnäs ,0.13,mg
6469,Vitlökssås m. örter hemlagad,"Salt, NaCl",Sås dressing majonnäs ,0.5,g
6469,Vitlökssås m. örter hemlagad,"Natrium, Na",Sås dressing majonnäs ,213.0,mg
6469,Vitlökssås m. örter hemlagad,Monosackarider,Sås dressing majonnäs ,0.1,g
6469,Vitlökssås m. örter hemlagad,"Sockerarter, totalt",Sås dressing majonnäs ,2.2,g
6469,Vitlökssås m. örter hemlagad,Summa enkelomättade fettsyror,Sås dressing majonnäs ,21.9,g
6469,Vitlökssås m. örter hemlagad,"Magnesium, Mg",Sås dressing majonnäs ,8.0,mg
6469,Vitlökssås m. örter hemlagad,Summa mättade fettsyror,Sås dressing majonnäs ,9.5,g
6469,Vitlökssås m. örter hemlagad,"Kolhydrater, tillgängliga",Sås dressing majonnäs ,4.2,g
6469,Vitlökssås m. örter hemlagad,Kolesterol,Sås dressing majonnäs ,38.9,mg
6469,Vitlökssås m. örter hemlagad,"Kalium, K",Sås dressing majonnäs ,107.0,mg
6469,Vitlökssås m. örter hemlagad,"Jod, I",Sås dressing majonnäs ,7.8,µg
6469,Vitlökssås m. örter hemlagad,Fullkorn totalt,Sås dressing majonnäs ,0.0,g
6469,Vitlökssås m. örter hemlagad,"Folat, totalt",Sås dressing majonnäs ,12.5,µg
6469,Vitlökssås m. örter hemlagad,Fibrer,Sås dressing majonnäs ,0.3,g
6469,Vitlökssås m. örter hemlagad,"Fett, totalt",Sås dressing majonnäs ,43.0,g
6469,Vitlökssås m. örter hemlagad,"Järn, Fe",Sås dressing majonnäs ,0.4,mg
6469,Vitlökssås m. örter hemlagad,Energi (kJ),Sås dressing majonnäs ,1700.0,kJ
6469,Vitlökssås m. örter hemlagad,Energi (kcal),Sås dressing majonnäs ,407.0,kcal
6469,Vitlökssås m. örter hemlagad,Disackarider,Sås dressing majonnäs ,2.1,g
6469,Vitlökssås m. örter hemlagad,"Kalcium, Ca",Sås dressing majonnäs ,56.0,mg
6469,Vitlökssås m. örter hemlagad,Fettsyra 4:0-10:0,Sås dressing majonnäs ,0.6,g
6469,Vitlökssås m. örter hemlagad,DHA (C22:6),Sås dressing majonnäs ,0.0,g
6469,Vitlökssås m. örter hemlagad,DPA (C22:5),Sås dressing majonnäs ,0.0,g
6469,Vitlökssås m. örter hemlagad,EPA (C20:5),Sås dressing majonnäs ,0.0,g
6469,Vitlökssås m. örter hemlagad,Arakidonsyra C20:4,Sås dressing majonnäs ,0.0,g
6469,Vitlökssås m. örter hemlagad,Arakidinsyra C20:0,Sås dressing majonnäs ,0.2,g
6469,Vitlökssås m. örter hemlagad,Linolensyra C18:3,Sås dressing majonnäs ,3.0,g
6469,Vitlökssås m. örter hemlagad,Linolsyra C18:2,Sås dressing majonnäs ,6.4,g
6469,Vitlökssås m. örter hemlagad,Oljesyra C18:1,Sås dressing majonnäs ,21.0,g
6469,Vitlökssås m. örter hemlagad,Stearinsyra C18:0,Sås dressing majonnäs ,1.6,g
6469,Vitlökssås m. örter hemlagad,Palmitoljesyra C16:1,Sås dressing majonnäs ,0.2,g
6469,Vitlökssås m. örter hemlagad,Palmitinsyra C16:0,Sås dressing majonnäs ,5.1,g
6469,Vitlökssås m. örter hemlagad,Myristinsyra C14:0,Sås dressing majonnäs ,1.3,g
6469,Vitlökssås m. örter hemlagad,Laurinsyra C12:0,Sås dressing majonnäs ,0.4,g
6469,Vitlökssås m. örter hemlagad,Betakaroten/β-Karoten,Sås dressing majonnäs ,298.0,µg
6469,Vitlökssås m. örter hemlagad,Avfall (skal etc.),Sås dressing majonnäs ,0.0,%
6469,Vitlökssås m. örter hemlagad,Aska,Sås dressing majonnäs ,0.9,g
6469,Vitlökssås m. örter hemlagad,Alkohol,Sås dressing majonnäs ,0.0,g
6478,Öring Sverige höst rå ,"Zink, Zn",Fisk färsk fryst kokt,0.4,mg
6478,Öring Sverige höst rå ,Vitamin E,Fisk färsk fryst kokt,1.6,mg
6478,Öring Sverige höst rå ,Vitamin D,Fisk färsk fryst kokt,19.17,µg
6478,Öring Sverige höst rå ,Vitamin C,Fisk färsk fryst kokt,0.0,mg
6478,Öring Sverige höst rå ,Vitamin B6,Fisk färsk fryst kokt,0.57,mg
6478,Öring Sverige höst rå ,Vitamin B12,Fisk färsk fryst kokt,5.28,µg
6478,Öring Sverige höst rå ,Vitamin A,Fisk färsk fryst kokt,25.1,RE/µg
6478,Öring Sverige höst rå ,Vatten,Fisk färsk fryst kokt,66.4,g
6478,Öring Sverige höst rå ,Tiamin,Fisk färsk fryst kokt,0.14,mg
6478,Öring Sverige höst rå ,Tillsatt socker,Fisk färsk fryst kokt,0.0,g
6478,Öring Sverige höst rå ,Fritt socker,Fisk färsk fryst kokt,0.0,g
6478,Öring Sverige höst rå ,"Selen, Se",Fisk färsk fryst kokt,23.9,µg
6478,Öring Sverige höst rå ,Sackaros,Fisk färsk fryst kokt,0.0,g
6478,Öring Sverige höst rå ,Riboflavin,Fisk färsk fryst kokt,0.1,mg
6478,Öring Sverige höst rå ,Retinol,Fisk färsk fryst kokt,25.1,µg
6478,Öring Sverige höst rå ,Protein,Fisk färsk fryst kokt,21.2,g
6478,Öring Sverige höst rå ,Summa fleromättade fettsyror,Fisk färsk fryst kokt,3.0,g
6478,Öring Sverige höst rå ,"Fosfor, P",Fisk färsk fryst kokt,257.0,mg
6478,Öring Sverige höst rå ,Niacinekvivalenter,Fisk färsk fryst kokt,12.1,NE/mg
6478,Öring Sverige höst rå ,Niacin,Fisk färsk fryst kokt,8.55,mg
6478,Öring Sverige höst rå ,"Salt, NaCl",Fisk färsk fryst kokt,0.1,g
6478,Öring Sverige höst rå ,"Natrium, Na",Fisk färsk fryst kokt,32.0,mg
6478,Öring Sverige höst rå ,Monosackarider,Fisk färsk fryst kokt,0.0,g
6478,Öring Sverige höst rå ,"Sockerarter, totalt",Fisk färsk fryst kokt,0.0,g
6478,Öring Sverige höst rå ,Summa enkelomättade fettsyror,Fisk färsk fryst kokt,3.1,g
6478,Öring Sverige höst rå ,"Magnesium, Mg",Fisk färsk fryst kokt,28.0,mg
6478,Öring Sverige höst rå ,Summa mättade fettsyror,Fisk färsk fryst kokt,2.2,g
6478,Öring Sverige höst rå ,"Kolhydrater, tillgängliga",Fisk färsk fryst kokt,1.7,g
6478,Öring Sverige höst rå ,Kolesterol,Fisk färsk fryst kokt,61.4,mg
6478,Öring Sverige höst rå ,"Kalium, K",Fisk färsk fryst kokt,563.0,mg
6478,Öring Sverige höst rå ,"Jod, I",Fisk färsk fryst kokt,14.4,µg
6478,Öring Sverige höst rå ,Fullkorn totalt,Fisk färsk fryst kokt,0.0,g
6478,Öring Sverige höst rå ,"Folat, totalt",Fisk färsk fryst kokt,4.4,µg
6478,Öring Sverige höst rå ,Fibrer,Fisk färsk fryst kokt,0.0,g
6478,Öring Sverige höst rå ,"Fett, totalt",Fisk färsk fryst kokt,9.2,g
6478,Öring Sverige höst rå ,"Järn, Fe",Fisk färsk fryst kokt,0.3,mg
6478,Öring Sverige höst rå ,Energi (kJ),Fisk färsk fryst kokt,732.0,kJ
6478,Öring Sverige höst rå ,Energi (kcal),Fisk färsk fryst kokt,175.0,kcal
6478,Öring Sverige höst rå ,Disackarider,Fisk färsk fryst kokt,0.0,g
6478,Öring Sverige höst rå ,"Kalcium, Ca",Fisk färsk fryst kokt,5.0,mg
6478,Öring Sverige höst rå ,Fettsyra 4:0-10:0,Fisk färsk fryst kokt,0.0,g
6478,Öring Sverige höst rå ,DHA (C22:6),Fisk färsk fryst kokt,1.3,g
6478,Öring Sverige höst rå ,DPA (C22:5),Fisk färsk fryst kokt,0.2,g
6478,Öring Sverige höst rå ,EPA (C20:5),Fisk färsk fryst kokt,0.5,g
6478,Öring Sverige höst rå ,Arakidonsyra C20:4,Fisk färsk fryst kokt,0.2,g
6478,Öring Sverige höst rå ,Arakidinsyra C20:0,Fisk färsk fryst kokt,0.0,g
6478,Öring Sverige höst rå ,Linolensyra C18:3,Fisk färsk fryst kokt,0.2,g
6478,Öring Sverige höst rå ,Linolsyra C18:2,Fisk färsk fryst kokt,0.3,g
6478,Öring Sverige höst rå ,Oljesyra C18:1,Fisk färsk fryst kokt,2.4,g
6478,Öring Sverige höst rå ,Stearinsyra C18:0,Fisk färsk fryst kokt,0.3,g
6478,Öring Sverige höst rå ,Palmitoljesyra C16:1,Fisk färsk fryst kokt,0.5,g
6478,Öring Sverige höst rå ,Palmitinsyra C16:0,Fisk färsk fryst kokt,1.6,g
6478,Öring Sverige höst rå ,Myristinsyra C14:0,Fisk färsk fryst kokt,0.3,g
6478,Öring Sverige höst rå ,Laurinsyra C12:0,Fisk färsk fryst kokt,0.0,g
6478,Öring Sverige höst rå ,Betakaroten/β-Karoten,Fisk färsk fryst kokt,0.0,µg
6478,Öring Sverige höst rå ,Avfall (skal etc.),Fisk färsk fryst kokt,30.0,%
6478,Öring Sverige höst rå ,Aska,Fisk färsk fryst kokt,1.4,g
6478,Öring Sverige höst rå ,Alkohol,Fisk färsk fryst kokt,0.0,g
6479,Taco tortilla m. köttfärs grönsaker ost,"Zink, Zn",Köttprodukter kötträtter,1.6,mg
6479,Taco tortilla m. köttfärs grönsaker ost,Vitamin E,Köttprodukter kötträtter,1.0,mg
6479,Taco tortilla m. köttfärs grönsaker ost,Vitamin D,Köttprodukter kötträtter,0.07,µg
6479,Taco tortilla m. köttfärs grönsaker ost,Vitamin C,Köttprodukter kötträtter,15.4,mg
6479,Taco tortilla m. köttfärs grönsaker ost,Vitamin B6,Köttprodukter kötträtter,0.11,mg
6479,Taco tortilla m. köttfärs grönsaker ost,Vitamin B12,Köttprodukter kötträtter,0.26,µg
6479,Taco tortilla m. köttfärs grönsaker ost,Vitamin A,Köttprodukter kötträtter,54.3,RE/µg
6479,Taco tortilla m. köttfärs grönsaker ost,Vatten,Köttprodukter kötträtter,70.5,g
6479,Taco tortilla m. köttfärs grönsaker ost,Tiamin,Köttprodukter kötträtter,0.04,mg
6479,Taco tortilla m. köttfärs grönsaker ost,Tillsatt socker,Köttprodukter kötträtter,0.0,g
6479,Taco tortilla m. köttfärs grönsaker ost,Fritt socker,Köttprodukter kötträtter,0.0,g
6479,Taco tortilla m. köttfärs grönsaker ost,"Selen, Se",Köttprodukter kötträtter,2.3,µg
6479,Taco tortilla m. köttfärs grönsaker ost,Sackaros,Köttprodukter kötträtter,0.1,g
6479,Taco tortilla m. köttfärs grönsaker ost,Riboflavin,Köttprodukter kötträtter,0.07,mg
6479,Taco tortilla m. köttfärs grönsaker ost,Retinol,Köttprodukter kötträtter,35.4,µg
6479,Taco tortilla m. köttfärs grönsaker ost,Protein,Köttprodukter kötträtter,8.1,g
6479,Taco tortilla m. köttfärs grönsaker ost,Summa fleromättade fettsyror,Köttprodukter kötträtter,0.7,g
6479,Taco tortilla m. köttfärs grönsaker ost,"Fosfor, P",Köttprodukter kötträtter,106.0,mg
6479,Taco tortilla m. köttfärs grönsaker ost,Niacinekvivalenter,Köttprodukter kötträtter,2.89,NE/mg
6479,Taco tortilla m. köttfärs grönsaker ost,Niacin,Köttprodukter kötträtter,1.48,mg
6479,Taco tortilla m. köttfärs grönsaker ost,"Salt, NaCl",Köttprodukter kötträtter,1.0,g
6479,Taco tortilla m. köttfärs grönsaker ost,"Natrium, Na",Köttprodukter kötträtter,395.0,mg
6479,Taco tortilla m. köttfärs grönsaker ost,Monosackarider,Köttprodukter kötträtter,1.4,g
6479,Taco tortilla m. köttfärs grönsaker ost,"Sockerarter, totalt",Köttprodukter kötträtter,2.0,g
6479,Taco tortilla m. köttfärs grönsaker ost,Summa enkelomättade fettsyror,Köttprodukter kötträtter,2.9,g
6479,Taco tortilla m. köttfärs grönsaker ost,"Magnesium, Mg",Köttprodukter kötträtter,17.0,mg
6479,Taco tortilla m. köttfärs grönsaker ost,Summa mättade fettsyror,Köttprodukter kötträtter,3.9,g
6479,Taco tortilla m. köttfärs grönsaker ost,"Kolhydrater, tillgängliga",Köttprodukter kötträtter,11.0,g
6479,Taco tortilla m. köttfärs grönsaker ost,Kolesterol,Köttprodukter kötträtter,22.1,mg
6479,Taco tortilla m. köttfärs grönsaker ost,"Kalium, K",Köttprodukter kötträtter,180.0,mg
6479,Taco tortilla m. köttfärs grönsaker ost,"Jod, I",Köttprodukter kötträtter,22.0,µg
6479,Taco tortilla m. köttfärs grönsaker ost,Fullkorn totalt,Köttprodukter kötträtter,0.0,g
6479,Taco tortilla m. köttfärs grönsaker ost,"Folat, totalt",Köttprodukter kötträtter,22.3,µg
6479,Taco tortilla m. köttfärs grönsaker ost,Fibrer,Köttprodukter kötträtter,0.8,g
6479,Taco tortilla m. köttfärs grönsaker ost,"Fett, totalt",Köttprodukter kötträtter,8.1,g
6479,Taco tortilla m. köttfärs grönsaker ost,"Järn, Fe",Köttprodukter kötträtter,0.9,mg
6479,Taco tortilla m. köttfärs grönsaker ost,Energi (kJ),Köttprodukter kötträtter,630.0,kJ
6479,Taco tortilla m. köttfärs grönsaker ost,Energi (kcal),Köttprodukter kötträtter,151.0,kcal
6479,Taco tortilla m. köttfärs grönsaker ost,Disackarider,Köttprodukter kötträtter,0.6,g
6479,Taco tortilla m. köttfärs grönsaker ost,"Kalcium, Ca",Köttprodukter kötträtter,54.0,mg
6479,Taco tortilla m. köttfärs grönsaker ost,Fettsyra 4:0-10:0,Köttprodukter kötträtter,0.2,g
6479,Taco tortilla m. köttfärs grönsaker ost,DHA (C22:6),Köttprodukter kötträtter,0.0,g
6479,Taco tortilla m. köttfärs grönsaker ost,DPA (C22:5),Köttprodukter kötträtter,0.0,g
6479,Taco tortilla m. köttfärs grönsaker ost,EPA (C20:5),Köttprodukter kötträtter,0.0,g
6479,Taco tortilla m. köttfärs grönsaker ost,Arakidonsyra C20:4,Köttprodukter kötträtter,0.0,g
6479,Taco tortilla m. köttfärs grönsaker ost,Arakidinsyra C20:0,Köttprodukter kötträtter,0.0,g
6479,Taco tortilla m. köttfärs grönsaker ost,Linolensyra C18:3,Köttprodukter kötträtter,0.2,g
6479,Taco tortilla m. köttfärs grönsaker ost,Linolsyra C18:2,Köttprodukter kötträtter,0.6,g
6479,Taco tortilla m. köttfärs grönsaker ost,Oljesyra C18:1,Köttprodukter kötträtter,2.6,g
6479,Taco tortilla m. köttfärs grönsaker ost,Stearinsyra C18:0,Köttprodukter kötträtter,0.8,g
6479,Taco tortilla m. köttfärs grönsaker ost,Palmitoljesyra C16:1,Köttprodukter kötträtter,0.2,g
6479,Taco tortilla m. köttfärs grönsaker ost,Palmitinsyra C16:0,Köttprodukter kötträtter,2.0,g
6479,Taco tortilla m. köttfärs grönsaker ost,Myristinsyra C14:0,Köttprodukter kötträtter,0.5,g
6479,Taco tortilla m. köttfärs grönsaker ost,Laurinsyra C12:0,Köttprodukter kötträtter,0.1,g
6479,Taco tortilla m. köttfärs grönsaker ost,Betakaroten/β-Karoten,Köttprodukter kötträtter,203.0,µg
6479,Taco tortilla m. köttfärs grönsaker ost,Avfall (skal etc.),Köttprodukter kötträtter,3.0,%
6479,Taco tortilla m. köttfärs grönsaker ost,Aska,Köttprodukter kötträtter,1.6,g
6479,Taco tortilla m. köttfärs grönsaker ost,Alkohol,Köttprodukter kötträtter,0.0,g
6480,Kornflingor ångprep. fullkorn,"Zink, Zn",Mjöl stärkelse kli,1.7,mg
6480,Kornflingor ångprep. fullkorn,Vitamin E,Mjöl stärkelse kli,0.2,mg
6480,Kornflingor ångprep. fullkorn,Vitamin D inkl 25-OH-D3,Mjöl stärkelse kli,0.0,µg
6480,Kornflingor ångprep. fullkorn,Vitamin D,Mjöl stärkelse kli,0.0,µg
6480,Kornflingor ångprep. fullkorn,Vitamin C,Mjöl stärkelse kli,0.0,mg
6480,Kornflingor ångprep. fullkorn,Vitamin B6,Mjöl stärkelse kli,0.33,mg
6480,Kornflingor ångprep. fullkorn,Vitamin B12,Mjöl stärkelse kli,0.0,µg
6480,Kornflingor ångprep. fullkorn,Vitamin A,Mjöl stärkelse kli,0.0,RE/µg
6480,Kornflingor ångprep. fullkorn,Vatten,Mjöl stärkelse kli,10.2,g
6480,Kornflingor ångprep. fullkorn,Tiamin,Mjöl stärkelse kli,0.33,mg
6480,Kornflingor ångprep. fullkorn,Tillsatt socker,Mjöl stärkelse kli,0.0,g
6480,Kornflingor ångprep. fullkorn,Fritt socker,Mjöl stärkelse kli,0.0,g
6480,Kornflingor ångprep. fullkorn,"Selen, Se",Mjöl stärkelse kli,1.0,µg
6480,Kornflingor ångprep. fullkorn,Sackaros,Mjöl stärkelse kli,0.5,g
6480,Kornflingor ångprep. fullkorn,Riboflavin,Mjöl stärkelse kli,0.11,mg
6480,Kornflingor ångprep. fullkorn,Retinol,Mjöl stärkelse kli,0.0,µg
6480,Kornflingor ångprep. fullkorn,Protein,Mjöl stärkelse kli,9.2,g
6480,Kornflingor ångprep. fullkorn,Summa fleromättade fettsyror,Mjöl stärkelse kli,1.3,g
6480,Kornflingor ångprep. fullkorn,"Fosfor, P",Mjöl stärkelse kli,285.0,mg
6480,Kornflingor ångprep. fullkorn,Niacinekvivalenter,Mjöl stärkelse kli,7.23,NE/mg
6480,Kornflingor ångprep. fullkorn,Niacin,Mjöl stärkelse kli,5.7,mg
6480,Kornflingor ångprep. fullkorn,"Salt, NaCl",Mjöl stärkelse kli,0.0,g
6480,Kornflingor ångprep. fullkorn,"Natrium, Na",Mjöl stärkelse kli,11.0,mg
6480,Kornflingor ångprep. fullkorn,Monosackarider,Mjöl stärkelse kli,0.4,g
6480,Kornflingor ångprep. fullkorn,"Sockerarter, totalt",Mjöl stärkelse kli,0.9,g
6480,Kornflingor ångprep. fullkorn,Summa enkelomättade fettsyror,Mjöl stärkelse kli,0.4,g
6480,Kornflingor ångprep. fullkorn,"Magnesium, Mg",Mjöl stärkelse kli,65.0,mg
6480,Kornflingor ångprep. fullkorn,Summa mättade fettsyror,Mjöl stärkelse kli,0.6,g
6480,Kornflingor ångprep. fullkorn,"Kolhydrater, tillgängliga",Mjöl stärkelse kli,65.4,g
6480,Kornflingor ångprep. fullkorn,Kolesterol,Mjöl stärkelse kli,0.0,mg
6480,Kornflingor ångprep. fullkorn,"Kalium, K",Mjöl stärkelse kli,365.0,mg
6480,Kornflingor ångprep. fullkorn,"Jod, I",Mjöl stärkelse kli,0.5,µg
6480,Kornflingor ångprep. fullkorn,Fullkorn totalt,Mjöl stärkelse kli,100.0,g
6480,Kornflingor ångprep. fullkorn,"Folat, totalt",Mjöl stärkelse kli,20.0,µg
6480,Kornflingor ångprep. fullkorn,Fibrer,Mjöl stärkelse kli,10.7,g
6480,Kornflingor ångprep. fullkorn,"Fett, totalt",Mjöl stärkelse kli,3.1,g
6480,Kornflingor ångprep. fullkorn,"Järn, Fe",Mjöl stärkelse kli,3.6,mg
6480,Kornflingor ångprep. fullkorn,Energi (kJ),Mjöl stärkelse kli,1468.0,kJ
6480,Kornflingor ångprep. fullkorn,Energi (kcal),Mjöl stärkelse kli,351.0,kcal
6480,Kornflingor ångprep. fullkorn,Disackarider,Mjöl stärkelse kli,0.5,g
6480,Kornflingor ångprep. fullkorn,"Kalcium, Ca",Mjöl stärkelse kli,24.0,mg
6480,Kornflingor ångprep. fullkorn,Fettsyra 4:0-10:0,Mjöl stärkelse kli,0.0,g
6480,Kornflingor ångprep. fullkorn,DHA (C22:6),Mjöl stärkelse kli,0.0,g
6480,Kornflingor ångprep. fullkorn,DPA (C22:5),Mjöl stärkelse kli,0.0,g
6480,Kornflingor ångprep. fullkorn,EPA (C20:5),Mjöl stärkelse kli,0.0,g
6480,Kornflingor ångprep. fullkorn,Arakidonsyra C20:4,Mjöl stärkelse kli,0.0,g
6480,Kornflingor ångprep. fullkorn,Arakidinsyra C20:0,Mjöl stärkelse kli,0.0,g
6480,Kornflingor ångprep. fullkorn,Linolensyra C18:3,Mjöl stärkelse kli,0.1,g
6480,Kornflingor ångprep. fullkorn,Linolsyra C18:2,Mjöl stärkelse kli,1.2,g
6480,Kornflingor ångprep. fullkorn,Oljesyra C18:1,Mjöl stärkelse kli,0.3,g
6480,Kornflingor ångprep. fullkorn,Stearinsyra C18:0,Mjöl stärkelse kli,0.0,g
6480,Kornflingor ångprep. fullkorn,Palmitoljesyra C16:1,Mjöl stärkelse kli,0.0,g
6480,Kornflingor ångprep. fullkorn,Palmitinsyra C16:0,Mjöl stärkelse kli,0.5,g
6480,Kornflingor ångprep. fullkorn,Myristinsyra C14:0,Mjöl stärkelse kli,0.0,g
6480,Kornflingor ångprep. fullkorn,Laurinsyra C12:0,Mjöl stärkelse kli,0.0,g
6480,Kornflingor ångprep. fullkorn,Betakaroten/β-Karoten,Mjöl stärkelse kli,0.0,µg
6480,Kornflingor ångprep. fullkorn,Avfall (skal etc.),Mjöl stärkelse kli,0.0,%
6480,Kornflingor ångprep. fullkorn,Aska,Mjöl stärkelse kli,1.4,g
6480,Kornflingor ångprep. fullkorn,Alkohol,Mjöl stärkelse kli,0.0,g
6481,Rågflingor ångprep. fullkorn,"Zink, Zn",Mjöl stärkelse kli,2.5,mg
6481,Rågflingor ångprep. fullkorn,Vitamin E,Mjöl stärkelse kli,0.8,mg
6481,Rågflingor ångprep. fullkorn,Vitamin D inkl 25-OH-D3,Mjöl stärkelse kli,0.0,µg
6481,Rågflingor ångprep. fullkorn,Vitamin D,Mjöl stärkelse kli,0.0,µg
6481,Rågflingor ångprep. fullkorn,Vitamin C,Mjöl stärkelse kli,0.0,mg
6481,Rågflingor ångprep. fullkorn,Vitamin B6,Mjöl stärkelse kli,0.35,mg
6481,Rågflingor ångprep. fullkorn,Vitamin B12,Mjöl stärkelse kli,0.0,µg
6481,Rågflingor ångprep. fullkorn,Vitamin A,Mjöl stärkelse kli,0.0,RE/µg
6481,Rågflingor ångprep. fullkorn,Vatten,Mjöl stärkelse kli,14.0,g
6481,Rågflingor ångprep. fullkorn,Tiamin,Mjöl stärkelse kli,0.2,mg
6481,Rågflingor ångprep. fullkorn,Tillsatt socker,Mjöl stärkelse kli,0.0,g
6481,Rågflingor ångprep. fullkorn,Fritt socker,Mjöl stärkelse kli,0.0,g
6481,Rågflingor ångprep. fullkorn,"Selen, Se",Mjöl stärkelse kli,2.0,µg
6481,Rågflingor ångprep. fullkorn,Sackaros,Mjöl stärkelse kli,1.0,g
6481,Rågflingor ångprep. fullkorn,Riboflavin,Mjöl stärkelse kli,0.12,mg
6481,Rågflingor ångprep. fullkorn,Retinol,Mjöl stärkelse kli,0.0,µg
6481,Rågflingor ångprep. fullkorn,Protein,Mjöl stärkelse kli,9.2,g
6481,Rågflingor ångprep. fullkorn,Summa fleromättade fettsyror,Mjöl stärkelse kli,0.7,g
6481,Rågflingor ångprep. fullkorn,"Fosfor, P",Mjöl stärkelse kli,350.0,mg
6481,Rågflingor ångprep. fullkorn,Niacinekvivalenter,Mjöl stärkelse kli,2.33,NE/mg
6481,Rågflingor ångprep. fullkorn,Niacin,Mjöl stärkelse kli,0.8,mg
6481,Rågflingor ångprep. fullkorn,"Salt, NaCl",Mjöl stärkelse kli,0.0,g
6481,Rågflingor ångprep. fullkorn,"Natrium, Na",Mjöl stärkelse kli,2.0,mg
6481,Rågflingor ångprep. fullkorn,Monosackarider,Mjöl stärkelse kli,1.0,g
6481,Rågflingor ångprep. fullkorn,"Sockerarter, totalt",Mjöl stärkelse kli,2.4,g
6481,Rågflingor ångprep. fullkorn,Summa enkelomättade fettsyror,Mjöl stärkelse kli,0.2,g
6481,Rågflingor ångprep. fullkorn,"Magnesium, Mg",Mjöl stärkelse kli,110.0,mg
6481,Rågflingor ångprep. fullkorn,Summa mättade fettsyror,Mjöl stärkelse kli,0.2,g
6481,Rågflingor ångprep. fullkorn,"Kolhydrater, tillgängliga",Mjöl stärkelse kli,61.1,g
6481,Rågflingor ångprep. fullkorn,Kolesterol,Mjöl stärkelse kli,0.0,mg
6481,Rågflingor ångprep. fullkorn,"Kalium, K",Mjöl stärkelse kli,450.0,mg
6481,Rågflingor ångprep. fullkorn,"Jod, I",Mjöl stärkelse kli,3.7,µg
6481,Rågflingor ångprep. fullkorn,Fullkorn totalt,Mjöl stärkelse kli,100.0,g
6481,Rågflingor ångprep. fullkorn,"Folat, totalt",Mjöl stärkelse kli,50.0,µg
6481,Rågflingor ångprep. fullkorn,Fibrer,Mjöl stärkelse kli,12.7,g
6481,Rågflingor ångprep. fullkorn,"Fett, totalt",Mjöl stärkelse kli,1.5,g
6481,Rågflingor ångprep. fullkorn,"Järn, Fe",Mjöl stärkelse kli,2.8,mg
6481,Rågflingor ångprep. fullkorn,Energi (kJ),Mjöl stärkelse kli,1352.0,kJ
6481,Rågflingor ångprep. fullkorn,Energi (kcal),Mjöl stärkelse kli,323.0,kcal
6481,Rågflingor ångprep. fullkorn,Disackarider,Mjöl stärkelse kli,1.4,g
6481,Rågflingor ångprep. fullkorn,"Kalcium, Ca",Mjöl stärkelse kli,30.0,mg
6481,Rågflingor ångprep. fullkorn,Fettsyra 4:0-10:0,Mjöl stärkelse kli,0.0,g
6481,Rågflingor ångprep. fullkorn,DHA (C22:6),Mjöl stärkelse kli,0.0,g
6481,Rågflingor ångprep. fullkorn,DPA (C22:5),Mjöl stärkelse kli,0.0,g
6481,Rågflingor ångprep. fullkorn,EPA (C20:5),Mjöl stärkelse kli,0.0,g
6481,Rågflingor ångprep. fullkorn,Arakidonsyra C20:4,Mjöl stärkelse kli,0.0,g
6481,Rågflingor ångprep. fullkorn,Arakidinsyra C20:0,Mjöl stärkelse kli,0.0,g
6481,Rågflingor ångprep. fullkorn,Linolensyra C18:3,Mjöl stärkelse kli,0.1,g
6481,Rågflingor ångprep. fullkorn,Linolsyra C18:2,Mjöl stärkelse kli,0.6,g
6481,Rågflingor ångprep. fullkorn,Oljesyra C18:1,Mjöl stärkelse kli,0.2,g
6481,Rågflingor ångprep. fullkorn,Stearinsyra C18:0,Mjöl stärkelse kli,0.0,g
6481,Rågflingor ångprep. fullkorn,Palmitoljesyra C16:1,Mjöl stärkelse kli,0.0,g
6481,Rågflingor ångprep. fullkorn,Palmitinsyra C16:0,Mjöl stärkelse kli,0.2,g
6481,Rågflingor ångprep. fullkorn,Myristinsyra C14:0,Mjöl stärkelse kli,0.0,g
6481,Rågflingor ångprep. fullkorn,Laurinsyra C12:0,Mjöl stärkelse kli,0.0,g
6481,Rågflingor ångprep. fullkorn,Betakaroten/β-Karoten,Mjöl stärkelse kli,0.0,µg
6481,Rågflingor ångprep. fullkorn,Avfall (skal etc.),Mjöl stärkelse kli,0.0,%
6481,Rågflingor ångprep. fullkorn,Aska,Mjöl stärkelse kli,1.5,g
6481,Rågflingor ångprep. fullkorn,Alkohol,Mjöl stärkelse kli,0.0,g
6482,Veteflingor ångprep. fullkorn,"Zink, Zn",Mjöl stärkelse kli,2.8,mg
6482,Veteflingor ångprep. fullkorn,Vitamin E,Mjöl stärkelse kli,1.4,mg
6482,Veteflingor ångprep. fullkorn,Vitamin D inkl 25-OH-D3,Mjöl stärkelse kli,0.0,µg
6482,Veteflingor ångprep. fullkorn,Vitamin D,Mjöl stärkelse kli,0.0,µg
6482,Veteflingor ångprep. fullkorn,Vitamin C,Mjöl stärkelse kli,0.0,mg
6482,Veteflingor ångprep. fullkorn,Vitamin B6,Mjöl stärkelse kli,0.2,mg
6482,Veteflingor ångprep. fullkorn,Vitamin B12,Mjöl stärkelse kli,0.0,µg
6482,Veteflingor ångprep. fullkorn,Vitamin A,Mjöl stärkelse kli,0.0,RE/µg
6482,Veteflingor ångprep. fullkorn,Vatten,Mjöl stärkelse kli,14.0,g
6482,Veteflingor ångprep. fullkorn,Tiamin,Mjöl stärkelse kli,0.4,mg
6482,Veteflingor ångprep. fullkorn,Tillsatt socker,Mjöl stärkelse kli,0.0,g
6482,Veteflingor ångprep. fullkorn,Fritt socker,Mjöl stärkelse kli,0.0,g
6482,Veteflingor ångprep. fullkorn,"Selen, Se",Mjöl stärkelse kli,3.4,µg
6482,Veteflingor ångprep. fullkorn,Sackaros,Mjöl stärkelse kli,0.5,g
6482,Veteflingor ångprep. fullkorn,Riboflavin,Mjöl stärkelse kli,0.12,mg
6482,Veteflingor ångprep. fullkorn,Retinol,Mjöl stärkelse kli,0.0,µg
6482,Veteflingor ångprep. fullkorn,Protein,Mjöl stärkelse kli,10.2,g
6482,Veteflingor ångprep. fullkorn,Summa fleromättade fettsyror,Mjöl stärkelse kli,0.9,g
6482,Veteflingor ångprep. fullkorn,"Fosfor, P",Mjöl stärkelse kli,360.0,mg
6482,Veteflingor ångprep. fullkorn,Niacinekvivalenter,Mjöl stärkelse kli,5.7,NE/mg
6482,Veteflingor ångprep. fullkorn,Niacin,Mjöl stärkelse kli,4.0,mg
6482,Veteflingor ångprep. fullkorn,"Salt, NaCl",Mjöl stärkelse kli,0.0,g
6482,Veteflingor ångprep. fullkorn,"Natrium, Na",Mjöl stärkelse kli,3.0,mg
6482,Veteflingor ångprep. fullkorn,Monosackarider,Mjöl stärkelse kli,0.0,g
6482,Veteflingor ångprep. fullkorn,"Sockerarter, totalt",Mjöl stärkelse kli,0.5,g
6482,Veteflingor ångprep. fullkorn,Summa enkelomättade fettsyror,Mjöl stärkelse kli,0.3,g
6482,Veteflingor ångprep. fullkorn,"Magnesium, Mg",Mjöl stärkelse kli,110.0,mg
6482,Veteflingor ångprep. fullkorn,Summa mättade fettsyror,Mjöl stärkelse kli,0.2,g
6482,Veteflingor ångprep. fullkorn,"Kolhydrater, tillgängliga",Mjöl stärkelse kli,61.0,g
6482,Veteflingor ångprep. fullkorn,Kolesterol,Mjöl stärkelse kli,0.0,mg
6482,Veteflingor ångprep. fullkorn,"Kalium, K",Mjöl stärkelse kli,380.0,mg
6482,Veteflingor ångprep. fullkorn,"Jod, I",Mjöl stärkelse kli,1.9,µg
6482,Veteflingor ångprep. fullkorn,Fullkorn totalt,Mjöl stärkelse kli,100.0,g
6482,Veteflingor ångprep. fullkorn,"Folat, totalt",Mjöl stärkelse kli,40.0,µg
6482,Veteflingor ångprep. fullkorn,Fibrer,Mjöl stärkelse kli,11.3,g
6482,Veteflingor ångprep. fullkorn,"Fett, totalt",Mjöl stärkelse kli,2.0,g
6482,Veteflingor ångprep. fullkorn,"Järn, Fe",Mjöl stärkelse kli,5.0,mg
6482,Veteflingor ångprep. fullkorn,Energi (kJ),Mjöl stärkelse kli,1375.0,kJ
6482,Veteflingor ångprep. fullkorn,Energi (kcal),Mjöl stärkelse kli,328.0,kcal
6482,Veteflingor ångprep. fullkorn,Disackarider,Mjöl stärkelse kli,0.5,g
6482,Veteflingor ångprep. fullkorn,"Kalcium, Ca",Mjöl stärkelse kli,35.0,mg
6482,Veteflingor ångprep. fullkorn,Fettsyra 4:0-10:0,Mjöl stärkelse kli,0.0,g
6482,Veteflingor ångprep. fullkorn,DHA (C22:6),Mjöl stärkelse kli,0.0,g
6482,Veteflingor ångprep. fullkorn,DPA (C22:5),Mjöl stärkelse kli,0.0,g
6482,Veteflingor ångprep. fullkorn,EPA (C20:5),Mjöl stärkelse kli,0.0,g
6482,Veteflingor ångprep. fullkorn,Arakidonsyra C20:4,Mjöl stärkelse kli,0.0,g
6482,Veteflingor ångprep. fullkorn,Arakidinsyra C20:0,Mjöl stärkelse kli,0.0,g
6482,Veteflingor ångprep. fullkorn,Linolensyra C18:3,Mjöl stärkelse kli,0.1,g
6482,Veteflingor ångprep. fullkorn,Linolsyra C18:2,Mjöl stärkelse kli,0.8,g
6482,Veteflingor ångprep. fullkorn,Oljesyra C18:1,Mjöl stärkelse kli,0.3,g
6482,Veteflingor ångprep. fullkorn,Stearinsyra C18:0,Mjöl stärkelse kli,0.0,g
6482,Veteflingor ångprep. fullkorn,Palmitoljesyra C16:1,Mjöl stärkelse kli,0.0,g
6482,Veteflingor ångprep. fullkorn,Palmitinsyra C16:0,Mjöl stärkelse kli,0.2,g
6482,Veteflingor ångprep. fullkorn,Myristinsyra C14:0,Mjöl stärkelse kli,0.0,g
6482,Veteflingor ångprep. fullkorn,Laurinsyra C12:0,Mjöl stärkelse kli,0.0,g
6482,Veteflingor ångprep. fullkorn,Betakaroten/β-Karoten,Mjöl stärkelse kli,0.0,µg
6482,Veteflingor ångprep. fullkorn,Avfall (skal etc.),Mjöl stärkelse kli,0.0,%
6482,Veteflingor ångprep. fullkorn,Aska,Mjöl stärkelse kli,1.5,g
6482,Veteflingor ångprep. fullkorn,Alkohol,Mjöl stärkelse kli,0.0,g
6494,Dinkelmjöl,"Zink, Zn",Mjöl stärkelse kli,1.5,mg
6494,Dinkelmjöl,Vitamin E,Mjöl stärkelse kli,0.5,mg
6494,Dinkelmjöl,Vitamin D inkl 25-OH-D3,Mjöl stärkelse kli,0.0,µg
6494,Dinkelmjöl,Vitamin D,Mjöl stärkelse kli,0.0,µg
6494,Dinkelmjöl,Vitamin C,Mjöl stärkelse kli,0.0,mg
6494,Dinkelmjöl,Vitamin B6,Mjöl stärkelse kli,0.09,mg
6494,Dinkelmjöl,Vitamin B12,Mjöl stärkelse kli,0.0,µg
6494,Dinkelmjöl,Vitamin A,Mjöl stärkelse kli,0.0,RE/µg
6494,Dinkelmjöl,Vatten,Mjöl stärkelse kli,11.1,g
6494,Dinkelmjöl,Tiamin,Mjöl stärkelse kli,0.21,mg
6494,Dinkelmjöl,Tillsatt socker,Mjöl stärkelse kli,0.0,g
6494,Dinkelmjöl,Fritt socker,Mjöl stärkelse kli,0.0,g
6494,Dinkelmjöl,"Selen, Se",Mjöl stärkelse kli,9.3,µg
6494,Dinkelmjöl,Sackaros,Mjöl stärkelse kli,0.3,g
6494,Dinkelmjöl,Riboflavin,Mjöl stärkelse kli,0.03,mg
6494,Dinkelmjöl,Retinol,Mjöl stärkelse kli,0.0,µg
6494,Dinkelmjöl,Protein,Mjöl stärkelse kli,12.0,g
6494,Dinkelmjöl,Summa fleromättade fettsyror,Mjöl stärkelse kli,0.7,g
6494,Dinkelmjöl,"Fosfor, P",Mjöl stärkelse kli,180.0,mg
6494,Dinkelmjöl,Niacinekvivalenter,Mjöl stärkelse kli,2.5,NE/mg
6494,Dinkelmjöl,Niacin,Mjöl stärkelse kli,0.53,mg
6494,Dinkelmjöl,"Salt, NaCl",Mjöl stärkelse kli,0.0,g
6494,Dinkelmjöl,"Natrium, Na",Mjöl stärkelse kli,0.0,mg
6494,Dinkelmjöl,Monosackarider,Mjöl stärkelse kli,0.2,g
6494,Dinkelmjöl,"Sockerarter, totalt",Mjöl stärkelse kli,0.9,g
6494,Dinkelmjöl,Summa enkelomättade fettsyror,Mjöl stärkelse kli,0.2,g
6494,Dinkelmjöl,"Magnesium, Mg",Mjöl stärkelse kli,46.0,mg
6494,Dinkelmjöl,Summa mättade fettsyror,Mjöl stärkelse kli,0.3,g
6494,Dinkelmjöl,"Kolhydrater, tillgängliga",Mjöl stärkelse kli,69.3,g
6494,Dinkelmjöl,Kolesterol,Mjöl stärkelse kli,0.0,mg
6494,Dinkelmjöl,"Kalium, K",Mjöl stärkelse kli,190.0,mg
6494,Dinkelmjöl,"Jod, I",Mjöl stärkelse kli,0.0,µg
6494,Dinkelmjöl,Fullkorn totalt,Mjöl stärkelse kli,0.0,g
6494,Dinkelmjöl,"Folat, totalt",Mjöl stärkelse kli,43.4,µg
6494,Dinkelmjöl,Fibrer,Mjöl stärkelse kli,5.1,g
6494,Dinkelmjöl,"Fett, totalt",Mjöl stärkelse kli,1.7,g
6494,Dinkelmjöl,"Järn, Fe",Mjöl stärkelse kli,1.6,mg
6494,Dinkelmjöl,Energi (kJ),Mjöl stärkelse kli,1486.0,kJ
6494,Dinkelmjöl,Energi (kcal),Mjöl stärkelse kli,355.0,kcal
6494,Dinkelmjöl,Disackarider,Mjöl stärkelse kli,0.7,g
6494,Dinkelmjöl,"Kalcium, Ca",Mjöl stärkelse kli,20.0,mg
6494,Dinkelmjöl,Fettsyra 4:0-10:0,Mjöl stärkelse kli,0.0,g
6494,Dinkelmjöl,DHA (C22:6),Mjöl stärkelse kli,0.0,g
6494,Dinkelmjöl,DPA (C22:5),Mjöl stärkelse kli,0.0,g
6494,Dinkelmjöl,EPA (C20:5),Mjöl stärkelse kli,0.0,g
6494,Dinkelmjöl,Arakidonsyra C20:4,Mjöl stärkelse kli,0.0,g
6494,Dinkelmjöl,Arakidinsyra C20:0,Mjöl stärkelse kli,0.0,g
6494,Dinkelmjöl,Linolensyra C18:3,Mjöl stärkelse kli,0.0,g
6494,Dinkelmjöl,Linolsyra C18:2,Mjöl stärkelse kli,0.7,g
6494,Dinkelmjöl,Oljesyra C18:1,Mjöl stärkelse kli,0.2,g
6494,Dinkelmjöl,Stearinsyra C18:0,Mjöl stärkelse kli,0.0,g
6494,Dinkelmjöl,Palmitoljesyra C16:1,Mjöl stärkelse kli,0.0,g
6494,Dinkelmjöl,Palmitinsyra C16:0,Mjöl stärkelse kli,0.3,g
6494,Dinkelmjöl,Myristinsyra C14:0,Mjöl stärkelse kli,0.0,g
6494,Dinkelmjöl,Laurinsyra C12:0,Mjöl stärkelse kli,0.0,g
6494,Dinkelmjöl,Betakaroten/β-Karoten,Mjöl stärkelse kli,0.0,µg
6494,Dinkelmjöl,Avfall (skal etc.),Mjöl stärkelse kli,0.0,%
6494,Dinkelmjöl,Aska,Mjöl stärkelse kli,0.8,g
6494,Dinkelmjöl,Alkohol,Mjöl stärkelse kli,0.0,g
6506,Grönsaksbiff jordnötsbiff tillagad veg.,"Zink, Zn",Grönsaks- rotfrukts- baljväxträtter o produkter,1.1,mg
6506,Grönsaksbiff jordnötsbiff tillagad veg.,Vitamin E,Grönsaks- rotfrukts- baljväxträtter o produkter,3.7,mg
6506,Grönsaksbiff jordnötsbiff tillagad veg.,Vitamin D inkl 25-OH-D3,Grönsaks- rotfrukts- baljväxträtter o produkter,0.0,µg
6506,Grönsaksbiff jordnötsbiff tillagad veg.,Vitamin D,Grönsaks- rotfrukts- baljväxträtter o produkter,0.0,µg
6506,Grönsaksbiff jordnötsbiff tillagad veg.,Vitamin C,Grönsaks- rotfrukts- baljväxträtter o produkter,2.4,mg
6506,Grönsaksbiff jordnötsbiff tillagad veg.,Vitamin B6,Grönsaks- rotfrukts- baljväxträtter o produkter,0.11,mg
6506,Grönsaksbiff jordnötsbiff tillagad veg.,Vitamin B12,Grönsaks- rotfrukts- baljväxträtter o produkter,0.0,µg
6506,Grönsaksbiff jordnötsbiff tillagad veg.,Vitamin A,Grönsaks- rotfrukts- baljväxträtter o produkter,132.1,RE/µg
6506,Grönsaksbiff jordnötsbiff tillagad veg.,Vatten,Grönsaks- rotfrukts- baljväxträtter o produkter,53.5,g
6506,Grönsaksbiff jordnötsbiff tillagad veg.,Tiamin,Grönsaks- rotfrukts- baljväxträtter o produkter,0.09,mg
6506,Grönsaksbiff jordnötsbiff tillagad veg.,Tillsatt socker,Grönsaks- rotfrukts- baljväxträtter o produkter,0.0,g
6506,Grönsaksbiff jordnötsbiff tillagad veg.,Fritt socker,Grönsaks- rotfrukts- baljväxträtter o produkter,0.0,g
6506,Grönsaksbiff jordnötsbiff tillagad veg.,"Selen, Se",Grönsaks- rotfrukts- baljväxträtter o produkter,10.1,µg
6506,Grönsaksbiff jordnötsbiff tillagad veg.,Sackaros,Grönsaks- rotfrukts- baljväxträtter o produkter,1.1,g
6506,Grönsaksbiff jordnötsbiff tillagad veg.,Riboflavin,Grönsaks- rotfrukts- baljväxträtter o produkter,0.05,mg
6506,Grönsaksbiff jordnötsbiff tillagad veg.,Retinol,Grönsaks- rotfrukts- baljväxträtter o produkter,0.0,µg
6506,Grönsaksbiff jordnötsbiff tillagad veg.,Protein,Grönsaks- rotfrukts- baljväxträtter o produkter,7.8,g
6506,Grönsaksbiff jordnötsbiff tillagad veg.,Summa fleromättade fettsyror,Grönsaks- rotfrukts- baljväxträtter o produkter,4.4,g
6506,Grönsaksbiff jordnötsbiff tillagad veg.,"Fosfor, P",Grönsaks- rotfrukts- baljväxträtter o produkter,124.0,mg
6506,Grönsaksbiff jordnötsbiff tillagad veg.,Niacinekvivalenter,Grönsaks- rotfrukts- baljväxträtter o produkter,3.76,NE/mg
6506,Grönsaksbiff jordnötsbiff tillagad veg.,Niacin,Grönsaks- rotfrukts- baljväxträtter o produkter,2.43,mg
6506,Grönsaksbiff jordnötsbiff tillagad veg.,"Salt, NaCl",Grönsaks- rotfrukts- baljväxträtter o produkter,1.3,g
6506,Grönsaksbiff jordnötsbiff tillagad veg.,"Natrium, Na",Grönsaks- rotfrukts- baljväxträtter o produkter,538.0,mg
6506,Grönsaksbiff jordnötsbiff tillagad veg.,Monosackarider,Grönsaks- rotfrukts- baljväxträtter o produkter,1.1,g
6506,Grönsaksbiff jordnötsbiff tillagad veg.,"Sockerarter, totalt",Grönsaks- rotfrukts- baljväxträtter o produkter,2.2,g
6506,Grönsaksbiff jordnötsbiff tillagad veg.,Summa enkelomättade fettsyror,Grönsaks- rotfrukts- baljväxträtter o produkter,7.2,g
6506,Grönsaksbiff jordnötsbiff tillagad veg.,"Magnesium, Mg",Grönsaks- rotfrukts- baljväxträtter o produkter,49.0,mg
6506,Grönsaksbiff jordnötsbiff tillagad veg.,Summa mättade fettsyror,Grönsaks- rotfrukts- baljväxträtter o produkter,1.7,g
6506,Grönsaksbiff jordnötsbiff tillagad veg.,"Kolhydrater, tillgängliga",Grönsaks- rotfrukts- baljväxträtter o produkter,17.4,g
6506,Grönsaksbiff jordnötsbiff tillagad veg.,Kolesterol,Grönsaks- rotfrukts- baljväxträtter o produkter,0.0,mg
6506,Grönsaksbiff jordnötsbiff tillagad veg.,"Kalium, K",Grönsaks- rotfrukts- baljväxträtter o produkter,261.0,mg
6506,Grönsaksbiff jordnötsbiff tillagad veg.,"Jod, I",Grönsaks- rotfrukts- baljväxträtter o produkter,1.9,µg
6506,Grönsaksbiff jordnötsbiff tillagad veg.,Fullkorn totalt,Grönsaks- rotfrukts- baljväxträtter o produkter,0.0,g
6506,Grönsaksbiff jordnötsbiff tillagad veg.,"Folat, totalt",Grönsaks- rotfrukts- baljväxträtter o produkter,38.0,µg
6506,Grönsaksbiff jordnötsbiff tillagad veg.,Fibrer,Grönsaks- rotfrukts- baljväxträtter o produkter,5.0,g
6506,Grönsaksbiff jordnötsbiff tillagad veg.,"Fett, totalt",Grönsaks- rotfrukts- baljväxträtter o produkter,14.1,g
6506,Grönsaksbiff jordnötsbiff tillagad veg.,"Järn, Fe",Grönsaks- rotfrukts- baljväxträtter o produkter,1.4,mg
6506,Grönsaksbiff jordnötsbiff tillagad veg.,Energi (kJ),Grönsaks- rotfrukts- baljväxträtter o produkter,992.0,kJ
6506,Grönsaksbiff jordnötsbiff tillagad veg.,Energi (kcal),Grönsaks- rotfrukts- baljväxträtter o produkter,237.0,kcal
6506,Grönsaksbiff jordnötsbiff tillagad veg.,Disackarider,Grönsaks- rotfrukts- baljväxträtter o produkter,1.1,g
6506,Grönsaksbiff jordnötsbiff tillagad veg.,"Kalcium, Ca",Grönsaks- rotfrukts- baljväxträtter o produkter,53.0,mg
6506,Grönsaksbiff jordnötsbiff tillagad veg.,Fettsyra 4:0-10:0,Grönsaks- rotfrukts- baljväxträtter o produkter,0.0,g
6506,Grönsaksbiff jordnötsbiff tillagad veg.,DHA (C22:6),Grönsaks- rotfrukts- baljväxträtter o produkter,0.0,g
6506,Grönsaksbiff jordnötsbiff tillagad veg.,DPA (C22:5),Grönsaks- rotfrukts- baljväxträtter o produkter,0.0,g
6506,Grönsaksbiff jordnötsbiff tillagad veg.,EPA (C20:5),Grönsaks- rotfrukts- baljväxträtter o produkter,0.0,g
6506,Grönsaksbiff jordnötsbiff tillagad veg.,Arakidonsyra C20:4,Grönsaks- rotfrukts- baljväxträtter o produkter,0.0,g
6506,Grönsaksbiff jordnötsbiff tillagad veg.,Arakidinsyra C20:0,Grönsaks- rotfrukts- baljväxträtter o produkter,0.0,g
6506,Grönsaksbiff jordnötsbiff tillagad veg.,Linolensyra C18:3,Grönsaks- rotfrukts- baljväxträtter o produkter,0.4,g
6506,Grönsaksbiff jordnötsbiff tillagad veg.,Linolsyra C18:2,Grönsaks- rotfrukts- baljväxträtter o produkter,4.1,g
6506,Grönsaksbiff jordnötsbiff tillagad veg.,Oljesyra C18:1,Grönsaks- rotfrukts- baljväxträtter o produkter,7.0,g
6506,Grönsaksbiff jordnötsbiff tillagad veg.,Stearinsyra C18:0,Grönsaks- rotfrukts- baljväxträtter o produkter,0.3,g
6506,Grönsaksbiff jordnötsbiff tillagad veg.,Palmitoljesyra C16:1,Grönsaks- rotfrukts- baljväxträtter o produkter,0.0,g
6506,Grönsaksbiff jordnötsbiff tillagad veg.,Palmitinsyra C16:0,Grönsaks- rotfrukts- baljväxträtter o produkter,1.2,g
6506,Grönsaksbiff jordnötsbiff tillagad veg.,Myristinsyra C14:0,Grönsaks- rotfrukts- baljväxträtter o produkter,0.0,g
6506,Grönsaksbiff jordnötsbiff tillagad veg.,Laurinsyra C12:0,Grönsaks- rotfrukts- baljväxträtter o produkter,0.0,g
6506,Grönsaksbiff jordnötsbiff tillagad veg.,Betakaroten/β-Karoten,Grönsaks- rotfrukts- baljväxträtter o produkter,1335.0,µg
6506,Grönsaksbiff jordnötsbiff tillagad veg.,Avfall (skal etc.),Grönsaks- rotfrukts- baljväxträtter o produkter,5.0,%
6506,Grönsaksbiff jordnötsbiff tillagad veg.,Aska,Grönsaks- rotfrukts- baljväxträtter o produkter,2.1,g
6506,Grönsaksbiff jordnötsbiff tillagad veg.,Alkohol,Grönsaks- rotfrukts- baljväxträtter o produkter,0.0,g
6514,Vitlökssås fetthalt ca 10%,"Zink, Zn",Sås dressing majonnäs ,0.5,mg
6514,Vitlökssås fetthalt ca 10%,Vitamin E,Sås dressing majonnäs ,2.8,mg
6514,Vitlökssås fetthalt ca 10%,Vitamin D,Sås dressing majonnäs ,0.0,µg
6514,Vitlökssås fetthalt ca 10%,Vitamin C,Sås dressing majonnäs ,0.0,mg
6514,Vitlökssås fetthalt ca 10%,Vitamin B6,Sås dressing majonnäs ,0.04,mg
6514,Vitlökssås fetthalt ca 10%,Vitamin B12,Sås dressing majonnäs ,0.12,µg
6514,Vitlökssås fetthalt ca 10%,Vitamin A,Sås dressing majonnäs ,35.2,RE/µg
6514,Vitlökssås fetthalt ca 10%,Vatten,Sås dressing majonnäs ,79.2,g
6514,Vitlökssås fetthalt ca 10%,Tiamin,Sås dressing majonnäs ,0.02,mg
6514,Vitlökssås fetthalt ca 10%,Tillsatt socker,Sås dressing majonnäs ,1.0,g
6514,Vitlökssås fetthalt ca 10%,Fritt socker,Sås dressing majonnäs ,1.0,g
6514,Vitlökssås fetthalt ca 10%,"Selen, Se",Sås dressing majonnäs ,0.1,µg
6514,Vitlökssås fetthalt ca 10%,Sackaros,Sås dressing majonnäs ,0.8,g
6514,Vitlökssås fetthalt ca 10%,Riboflavin,Sås dressing majonnäs ,0.08,mg
6514,Vitlökssås fetthalt ca 10%,Retinol,Sås dressing majonnäs ,30.3,µg
6514,Vitlökssås fetthalt ca 10%,Protein,Sås dressing majonnäs ,1.8,g
6514,Vitlökssås fetthalt ca 10%,Summa fleromättade fettsyror,Sås dressing majonnäs ,2.6,g
6514,Vitlökssås fetthalt ca 10%,"Fosfor, P",Sås dressing majonnäs ,48.0,mg
6514,Vitlökssås fetthalt ca 10%,Niacinekvivalenter,Sås dressing majonnäs ,0.49,NE/mg
6514,Vitlökssås fetthalt ca 10%,Niacin,Sås dressing majonnäs ,0.07,mg
6514,Vitlökssås fetthalt ca 10%,"Salt, NaCl",Sås dressing majonnäs ,1.2,g
6514,Vitlökssås fetthalt ca 10%,"Natrium, Na",Sås dressing majonnäs ,488.0,mg
6514,Vitlökssås fetthalt ca 10%,Monosackarider,Sås dressing majonnäs ,0.0,g
6514,Vitlökssås fetthalt ca 10%,"Sockerarter, totalt",Sås dressing majonnäs ,2.2,g
6514,Vitlökssås fetthalt ca 10%,Summa enkelomättade fettsyror,Sås dressing majonnäs ,6.3,g
6514,Vitlökssås fetthalt ca 10%,"Magnesium, Mg",Sås dressing majonnäs ,7.0,mg
6514,Vitlökssås fetthalt ca 10%,Summa mättade fettsyror,Sås dressing majonnäs ,2.4,g
6514,Vitlökssås fetthalt ca 10%,"Kolhydrater, tillgängliga",Sås dressing majonnäs ,5.5,g
6514,Vitlökssås fetthalt ca 10%,Kolesterol,Sås dressing majonnäs ,14.7,mg
6514,Vitlökssås fetthalt ca 10%,"Kalium, K",Sås dressing majonnäs ,84.0,mg
6514,Vitlökssås fetthalt ca 10%,"Jod, I",Sås dressing majonnäs ,5.9,µg
6514,Vitlökssås fetthalt ca 10%,Fullkorn totalt,Sås dressing majonnäs ,0.0,g
6514,Vitlökssås fetthalt ca 10%,"Folat, totalt",Sås dressing majonnäs ,5.1,µg
6514,Vitlökssås fetthalt ca 10%,Fibrer,Sås dressing majonnäs ,0.1,g
6514,Vitlökssås fetthalt ca 10%,"Fett, totalt",Sås dressing majonnäs ,11.9,g
6514,Vitlökssås fetthalt ca 10%,"Järn, Fe",Sås dressing majonnäs ,0.2,mg
6514,Vitlökssås fetthalt ca 10%,Energi (kJ),Sås dressing majonnäs ,567.0,kJ
6514,Vitlökssås fetthalt ca 10%,Energi (kcal),Sås dressing majonnäs ,135.0,kcal
6514,Vitlökssås fetthalt ca 10%,Disackarider,Sås dressing majonnäs ,2.2,g
6514,Vitlökssås fetthalt ca 10%,"Kalcium, Ca",Sås dressing majonnäs ,52.0,mg
6514,Vitlökssås fetthalt ca 10%,Fettsyra 4:0-10:0,Sås dressing majonnäs ,0.2,g
6514,Vitlökssås fetthalt ca 10%,DHA (C22:6),Sås dressing majonnäs ,0.0,g
6514,Vitlökssås fetthalt ca 10%,DPA (C22:5),Sås dressing majonnäs ,0.0,g
6514,Vitlökssås fetthalt ca 10%,EPA (C20:5),Sås dressing majonnäs ,0.0,g
6514,Vitlökssås fetthalt ca 10%,Arakidonsyra C20:4,Sås dressing majonnäs ,0.0,g
6514,Vitlökssås fetthalt ca 10%,Arakidinsyra C20:0,Sås dressing majonnäs ,0.0,g
6514,Vitlökssås fetthalt ca 10%,Linolensyra C18:3,Sås dressing majonnäs ,0.8,g
6514,Vitlökssås fetthalt ca 10%,Linolsyra C18:2,Sås dressing majonnäs ,1.8,g
6514,Vitlökssås fetthalt ca 10%,Oljesyra C18:1,Sås dressing majonnäs ,6.1,g
6514,Vitlökssås fetthalt ca 10%,Stearinsyra C18:0,Sås dressing majonnäs ,0.4,g
6514,Vitlökssås fetthalt ca 10%,Palmitoljesyra C16:1,Sås dressing majonnäs ,0.1,g
6514,Vitlökssås fetthalt ca 10%,Palmitinsyra C16:0,Sås dressing majonnäs ,1.2,g
6514,Vitlökssås fetthalt ca 10%,Myristinsyra C14:0,Sås dressing majonnäs ,0.3,g
6514,Vitlökssås fetthalt ca 10%,Laurinsyra C12:0,Sås dressing majonnäs ,0.1,g
6514,Vitlökssås fetthalt ca 10%,Betakaroten/β-Karoten,Sås dressing majonnäs ,58.0,µg
6514,Vitlökssås fetthalt ca 10%,Avfall (skal etc.),Sås dressing majonnäs ,0.0,%
6514,Vitlökssås fetthalt ca 10%,Aska,Sås dressing majonnäs ,1.5,g
6514,Vitlökssås fetthalt ca 10%,Alkohol,Sås dressing majonnäs ,0.0,g
6542,Vetemjöl durum,"Zink, Zn",Mjöl stärkelse kli,1.8,mg
6542,Vetemjöl durum,Vitamin E,Mjöl stärkelse kli,0.3,mg
6542,Vetemjöl durum,Vitamin D inkl 25-OH-D3,Mjöl stärkelse kli,0.0,µg
6542,Vetemjöl durum,Vitamin D,Mjöl stärkelse kli,0.0,µg
6542,Vetemjöl durum,Vitamin C,Mjöl stärkelse kli,0.0,mg
6542,Vetemjöl durum,Vitamin B6,Mjöl stärkelse kli,0.11,mg
6542,Vetemjöl durum,Vitamin B12,Mjöl stärkelse kli,0.0,µg
6542,Vetemjöl durum,Vitamin A,Mjöl stärkelse kli,0.8,RE/µg
6542,Vetemjöl durum,Vatten,Mjöl stärkelse kli,11.1,g
6542,Vetemjöl durum,Tiamin,Mjöl stärkelse kli,0.15,mg
6542,Vetemjöl durum,Tillsatt socker,Mjöl stärkelse kli,0.0,g
6542,Vetemjöl durum,Fritt socker,Mjöl stärkelse kli,0.0,g
6542,Vetemjöl durum,"Selen, Se",Mjöl stärkelse kli,7.2,µg
6542,Vetemjöl durum,Sackaros,Mjöl stärkelse kli,0.5,g
6542,Vetemjöl durum,Riboflavin,Mjöl stärkelse kli,0.04,mg
6542,Vetemjöl durum,Retinol,Mjöl stärkelse kli,0.0,µg
6542,Vetemjöl durum,Protein,Mjöl stärkelse kli,12.2,g
6542,Vetemjöl durum,Summa fleromättade fettsyror,Mjöl stärkelse kli,0.6,g
6542,Vetemjöl durum,"Fosfor, P",Mjöl stärkelse kli,165.0,mg
6542,Vetemjöl durum,Niacinekvivalenter,Mjöl stärkelse kli,2.6,NE/mg
6542,Vetemjöl durum,Niacin,Mjöl stärkelse kli,0.55,mg
6542,Vetemjöl durum,"Salt, NaCl",Mjöl stärkelse kli,0.0,g
6542,Vetemjöl durum,"Natrium, Na",Mjöl stärkelse kli,2.0,mg
6542,Vetemjöl durum,Monosackarider,Mjöl stärkelse kli,0.3,g
6542,Vetemjöl durum,"Sockerarter, totalt",Mjöl stärkelse kli,1.7,g
6542,Vetemjöl durum,Summa enkelomättade fettsyror,Mjöl stärkelse kli,0.2,g
6542,Vetemjöl durum,"Magnesium, Mg",Mjöl stärkelse kli,54.0,mg
6542,Vetemjöl durum,Summa mättade fettsyror,Mjöl stärkelse kli,0.3,g
6542,Vetemjöl durum,"Kolhydrater, tillgängliga",Mjöl stärkelse kli,67.9,g
6542,Vetemjöl durum,Kolesterol,Mjöl stärkelse kli,0.0,mg
6542,Vetemjöl durum,"Kalium, K",Mjöl stärkelse kli,205.0,mg
6542,Vetemjöl durum,"Jod, I",Mjöl stärkelse kli,0.0,µg
6542,Vetemjöl durum,Fullkorn totalt,Mjöl stärkelse kli,0.0,g
6542,Vetemjöl durum,"Folat, totalt",Mjöl stärkelse kli,46.7,µg
6542,Vetemjöl durum,Fibrer,Mjöl stärkelse kli,6.3,g
6542,Vetemjöl durum,"Fett, totalt",Mjöl stärkelse kli,1.6,g
6542,Vetemjöl durum,"Järn, Fe",Mjöl stärkelse kli,2.6,mg
6542,Vetemjöl durum,Energi (kJ),Mjöl stärkelse kli,1471.0,kJ
6542,Vetemjöl durum,Energi (kcal),Mjöl stärkelse kli,352.0,kcal
6542,Vetemjöl durum,Disackarider,Mjöl stärkelse kli,1.4,g
6542,Vetemjöl durum,"Kalcium, Ca",Mjöl stärkelse kli,23.0,mg
6542,Vetemjöl durum,Fettsyra 4:0-10:0,Mjöl stärkelse kli,0.0,g
6542,Vetemjöl durum,DHA (C22:6),Mjöl stärkelse kli,0.0,g
6542,Vetemjöl durum,DPA (C22:5),Mjöl stärkelse kli,0.0,g
6542,Vetemjöl durum,EPA (C20:5),Mjöl stärkelse kli,0.0,g
6542,Vetemjöl durum,Arakidonsyra C20:4,Mjöl stärkelse kli,0.0,g
6542,Vetemjöl durum,Arakidinsyra C20:0,Mjöl stärkelse kli,0.0,g
6542,Vetemjöl durum,Linolensyra C18:3,Mjöl stärkelse kli,0.0,g
6542,Vetemjöl durum,Linolsyra C18:2,Mjöl stärkelse kli,0.6,g
6542,Vetemjöl durum,Oljesyra C18:1,Mjöl stärkelse kli,0.2,g
6542,Vetemjöl durum,Stearinsyra C18:0,Mjöl stärkelse kli,0.0,g
6542,Vetemjöl durum,Palmitoljesyra C16:1,Mjöl stärkelse kli,0.0,g
6542,Vetemjöl durum,Palmitinsyra C16:0,Mjöl stärkelse kli,0.3,g
6542,Vetemjöl durum,Myristinsyra C14:0,Mjöl stärkelse kli,0.0,g
6542,Vetemjöl durum,Laurinsyra C12:0,Mjöl stärkelse kli,0.0,g
6542,Vetemjöl durum,Betakaroten/β-Karoten,Mjöl stärkelse kli,8.0,µg
6542,Vetemjöl durum,Avfall (skal etc.),Mjöl stärkelse kli,0.0,%
6542,Vetemjöl durum,Aska,Mjöl stärkelse kli,0.9,g
6542,Vetemjöl durum,Alkohol,Mjöl stärkelse kli,0.0,g
6552,Modersmjölksersättning,"Zink, Zn",Barnmatsprodukter exkl. välling o gröt,0.5,mg
6552,Modersmjölksersättning,Vitamin E,Barnmatsprodukter exkl. välling o gröt,1.1,mg
6552,Modersmjölksersättning,Vitamin D,Barnmatsprodukter exkl. välling o gröt,1.37,µg
6552,Modersmjölksersättning,Vitamin C,Barnmatsprodukter exkl. välling o gröt,10.3,mg
6552,Modersmjölksersättning,Vitamin B6,Barnmatsprodukter exkl. välling o gröt,0.04,mg
6552,Modersmjölksersättning,Vitamin B12,Barnmatsprodukter exkl. välling o gröt,0.2,µg
6552,Modersmjölksersättning,Vitamin A,Barnmatsprodukter exkl. välling o gröt,59.4,RE/µg
6552,Modersmjölksersättning,Vatten,Barnmatsprodukter exkl. välling o gröt,84.5,g
6552,Modersmjölksersättning,Tiamin,Barnmatsprodukter exkl. välling o gröt,0.06,mg
6552,Modersmjölksersättning,Tillsatt socker,Barnmatsprodukter exkl. välling o gröt,0.0,g
6552,Modersmjölksersättning,Fritt socker,Barnmatsprodukter exkl. välling o gröt,0.0,g
6552,Modersmjölksersättning,"Selen, Se",Barnmatsprodukter exkl. välling o gröt,2.1,µg
6552,Modersmjölksersättning,Sackaros,Barnmatsprodukter exkl. välling o gröt,0.0,g
6552,Modersmjölksersättning,Riboflavin,Barnmatsprodukter exkl. välling o gröt,0.12,mg
6552,Modersmjölksersättning,Retinol,Barnmatsprodukter exkl. välling o gröt,59.4,µg
6552,Modersmjölksersättning,Protein,Barnmatsprodukter exkl. välling o gröt,1.3,g
6552,Modersmjölksersättning,Summa fleromättade fettsyror,Barnmatsprodukter exkl. välling o gröt,0.6,g
6552,Modersmjölksersättning,"Fosfor, P",Barnmatsprodukter exkl. välling o gröt,26.0,mg
6552,Modersmjölksersättning,Niacinekvivalenter,Barnmatsprodukter exkl. välling o gröt,0.8,NE/mg
6552,Modersmjölksersättning,Niacin,Barnmatsprodukter exkl. välling o gröt,0.5,mg
6552,Modersmjölksersättning,"Salt, NaCl",Barnmatsprodukter exkl. välling o gröt,0.0,g
6552,Modersmjölksersättning,"Natrium, Na",Barnmatsprodukter exkl. välling o gröt,19.0,mg
6552,Modersmjölksersättning,Monosackarider,Barnmatsprodukter exkl. välling o gröt,0.0,g
6552,Modersmjölksersättning,"Sockerarter, totalt",Barnmatsprodukter exkl. välling o gröt,7.2,g
6552,Modersmjölksersättning,Summa enkelomättade fettsyror,Barnmatsprodukter exkl. välling o gröt,1.6,g
6552,Modersmjölksersättning,"Magnesium, Mg",Barnmatsprodukter exkl. välling o gröt,5.0,mg
6552,Modersmjölksersättning,Summa mättade fettsyror,Barnmatsprodukter exkl. välling o gröt,1.1,g
6552,Modersmjölksersättning,"Kolhydrater, tillgängliga",Barnmatsprodukter exkl. välling o gröt,7.1,g
6552,Modersmjölksersättning,"Kalium, K",Barnmatsprodukter exkl. välling o gröt,66.0,mg
6552,Modersmjölksersättning,"Jod, I",Barnmatsprodukter exkl. välling o gröt,12.9,µg
6552,Modersmjölksersättning,Fullkorn totalt,Barnmatsprodukter exkl. välling o gröt,0.0,g
6552,Modersmjölksersättning,"Folat, totalt",Barnmatsprodukter exkl. välling o gröt,11.8,µg
6552,Modersmjölksersättning,Fibrer,Barnmatsprodukter exkl. välling o gröt,0.2,g
6552,Modersmjölksersättning,"Fett, totalt",Barnmatsprodukter exkl. välling o gröt,3.5,g
6552,Modersmjölksersättning,"Järn, Fe",Barnmatsprodukter exkl. välling o gröt,0.4,mg
6552,Modersmjölksersättning,Energi (kJ),Barnmatsprodukter exkl. välling o gröt,275.0,kJ
6552,Modersmjölksersättning,Energi (kcal),Barnmatsprodukter exkl. välling o gröt,66.0,kcal
6552,Modersmjölksersättning,Disackarider,Barnmatsprodukter exkl. välling o gröt,7.2,g
6552,Modersmjölksersättning,"Kalcium, Ca",Barnmatsprodukter exkl. välling o gröt,46.0,mg
6552,Modersmjölksersättning,Fettsyra 4:0-10:0,Barnmatsprodukter exkl. välling o gröt,0.0,g
6552,Modersmjölksersättning,DHA (C22:6),Barnmatsprodukter exkl. välling o gröt,0.0,g
6552,Modersmjölksersättning,DPA (C22:5),Barnmatsprodukter exkl. välling o gröt,0.0,g
6552,Modersmjölksersättning,EPA (C20:5),Barnmatsprodukter exkl. välling o gröt,0.0,g
6552,Modersmjölksersättning,Arakidonsyra C20:4,Barnmatsprodukter exkl. välling o gröt,0.0,g
6552,Modersmjölksersättning,Arakidinsyra C20:0,Barnmatsprodukter exkl. välling o gröt,0.0,g
6552,Modersmjölksersättning,Linolensyra C18:3,Barnmatsprodukter exkl. välling o gröt,0.1,g
6552,Modersmjölksersättning,Linolsyra C18:2,Barnmatsprodukter exkl. välling o gröt,0.6,g
6552,Modersmjölksersättning,Oljesyra C18:1,Barnmatsprodukter exkl. välling o gröt,1.7,g
6552,Modersmjölksersättning,Stearinsyra C18:0,Barnmatsprodukter exkl. välling o gröt,0.1,g
6552,Modersmjölksersättning,Palmitoljesyra C16:1,Barnmatsprodukter exkl. välling o gröt,0.0,g
6552,Modersmjölksersättning,Palmitinsyra C16:0,Barnmatsprodukter exkl. välling o gröt,0.2,g
6552,Modersmjölksersättning,Myristinsyra C14:0,Barnmatsprodukter exkl. välling o gröt,0.1,g
6552,Modersmjölksersättning,Laurinsyra C12:0,Barnmatsprodukter exkl. välling o gröt,0.3,g
6552,Modersmjölksersättning,Betakaroten/β-Karoten,Barnmatsprodukter exkl. välling o gröt,0.0,µg
6552,Modersmjölksersättning,Avfall (skal etc.),Barnmatsprodukter exkl. välling o gröt,0.0,%
6552,Modersmjölksersättning,Aska,Barnmatsprodukter exkl. välling o gröt,3.4,g
6552,Modersmjölksersättning,Alkohol,Barnmatsprodukter exkl. välling o gröt,0.0,g
6553,Tillskottsnäring för småbarn,"Zink, Zn",Barnmatsprodukter exkl. välling o gröt,0.6,mg
6553,Tillskottsnäring för småbarn,Vitamin E,Barnmatsprodukter exkl. välling o gröt,1.2,mg
6553,Tillskottsnäring för småbarn,Vitamin D,Barnmatsprodukter exkl. välling o gröt,1.3,µg
6553,Tillskottsnäring för småbarn,Vitamin C,Barnmatsprodukter exkl. välling o gröt,11.2,mg
6553,Tillskottsnäring för småbarn,Vitamin B6,Barnmatsprodukter exkl. välling o gröt,0.05,mg
6553,Tillskottsnäring för småbarn,Vitamin B12,Barnmatsprodukter exkl. välling o gröt,0.19,µg
6553,Tillskottsnäring för småbarn,Vitamin A,Barnmatsprodukter exkl. välling o gröt,67.4,RE/µg
6553,Tillskottsnäring för småbarn,Vatten,Barnmatsprodukter exkl. välling o gröt,83.4,g
6553,Tillskottsnäring för småbarn,Tiamin,Barnmatsprodukter exkl. välling o gröt,0.08,mg
6553,Tillskottsnäring för småbarn,Tillsatt socker,Barnmatsprodukter exkl. välling o gröt,0.0,g
6553,Tillskottsnäring för småbarn,Fritt socker,Barnmatsprodukter exkl. välling o gröt,0.0,g
6553,Tillskottsnäring för småbarn,"Selen, Se",Barnmatsprodukter exkl. välling o gröt,2.2,µg
6553,Tillskottsnäring för småbarn,Sackaros,Barnmatsprodukter exkl. välling o gröt,0.0,g
6553,Tillskottsnäring för småbarn,Riboflavin,Barnmatsprodukter exkl. välling o gröt,0.14,mg
6553,Tillskottsnäring för småbarn,Retinol,Barnmatsprodukter exkl. välling o gröt,67.4,µg
6553,Tillskottsnäring för småbarn,Protein,Barnmatsprodukter exkl. välling o gröt,1.4,g
6553,Tillskottsnäring för småbarn,Summa fleromättade fettsyror,Barnmatsprodukter exkl. välling o gröt,0.6,g
6553,Tillskottsnäring för småbarn,"Fosfor, P",Barnmatsprodukter exkl. välling o gröt,41.0,mg
6553,Tillskottsnäring för småbarn,Niacinekvivalenter,Barnmatsprodukter exkl. välling o gröt,0.8,NE/mg
6553,Tillskottsnäring för småbarn,Niacin,Barnmatsprodukter exkl. välling o gröt,0.5,mg
6553,Tillskottsnäring för småbarn,"Salt, NaCl",Barnmatsprodukter exkl. välling o gröt,0.1,g
6553,Tillskottsnäring för småbarn,"Natrium, Na",Barnmatsprodukter exkl. välling o gröt,25.0,mg
6553,Tillskottsnäring för småbarn,Monosackarider,Barnmatsprodukter exkl. välling o gröt,0.0,g
6553,Tillskottsnäring för småbarn,"Sockerarter, totalt",Barnmatsprodukter exkl. välling o gröt,6.8,g
6553,Tillskottsnäring för småbarn,Summa enkelomättade fettsyror,Barnmatsprodukter exkl. välling o gröt,1.4,g
6553,Tillskottsnäring för småbarn,"Magnesium, Mg",Barnmatsprodukter exkl. välling o gröt,6.0,mg
6553,Tillskottsnäring för småbarn,Summa mättade fettsyror,Barnmatsprodukter exkl. välling o gröt,1.0,g
6553,Tillskottsnäring för småbarn,"Kolhydrater, tillgängliga",Barnmatsprodukter exkl. välling o gröt,8.5,g
6553,Tillskottsnäring för småbarn,"Kalium, K",Barnmatsprodukter exkl. välling o gröt,85.0,mg
6553,Tillskottsnäring för småbarn,"Jod, I",Barnmatsprodukter exkl. välling o gröt,15.4,µg
6553,Tillskottsnäring för småbarn,Fullkorn totalt,Barnmatsprodukter exkl. välling o gröt,0.0,g
6553,Tillskottsnäring för småbarn,"Folat, totalt",Barnmatsprodukter exkl. välling o gröt,14.9,µg
6553,Tillskottsnäring för småbarn,Fibrer,Barnmatsprodukter exkl. välling o gröt,0.3,g
6553,Tillskottsnäring för småbarn,"Fett, totalt",Barnmatsprodukter exkl. välling o gröt,3.0,g
6553,Tillskottsnäring för småbarn,"Järn, Fe",Barnmatsprodukter exkl. välling o gröt,1.1,mg
6553,Tillskottsnäring för småbarn,Energi (kJ),Barnmatsprodukter exkl. välling o gröt,283.0,kJ
6553,Tillskottsnäring för småbarn,Energi (kcal),Barnmatsprodukter exkl. välling o gröt,68.0,kcal
6553,Tillskottsnäring för småbarn,Disackarider,Barnmatsprodukter exkl. välling o gröt,6.8,g
6553,Tillskottsnäring för småbarn,"Kalcium, Ca",Barnmatsprodukter exkl. välling o gröt,69.0,mg
6553,Tillskottsnäring för småbarn,Fettsyra 4:0-10:0,Barnmatsprodukter exkl. välling o gröt,0.0,g
6553,Tillskottsnäring för småbarn,DHA (C22:6),Barnmatsprodukter exkl. välling o gröt,0.0,g
6553,Tillskottsnäring för småbarn,DPA (C22:5),Barnmatsprodukter exkl. välling o gröt,0.0,g
6553,Tillskottsnäring för småbarn,EPA (C20:5),Barnmatsprodukter exkl. välling o gröt,0.0,g
6553,Tillskottsnäring för småbarn,Arakidonsyra C20:4,Barnmatsprodukter exkl. välling o gröt,0.0,g
6553,Tillskottsnäring för småbarn,Arakidinsyra C20:0,Barnmatsprodukter exkl. välling o gröt,0.0,g
6553,Tillskottsnäring för småbarn,Linolensyra C18:3,Barnmatsprodukter exkl. välling o gröt,0.1,g
6553,Tillskottsnäring för småbarn,Linolsyra C18:2,Barnmatsprodukter exkl. välling o gröt,0.6,g
6553,Tillskottsnäring för småbarn,Oljesyra C18:1,Barnmatsprodukter exkl. välling o gröt,1.6,g
6553,Tillskottsnäring för småbarn,Stearinsyra C18:0,Barnmatsprodukter exkl. välling o gröt,0.1,g
6553,Tillskottsnäring för småbarn,Palmitoljesyra C16:1,Barnmatsprodukter exkl. välling o gröt,0.5,g
6553,Tillskottsnäring för småbarn,Palmitinsyra C16:0,Barnmatsprodukter exkl. välling o gröt,0.2,g
6553,Tillskottsnäring för småbarn,Myristinsyra C14:0,Barnmatsprodukter exkl. välling o gröt,0.1,g
6553,Tillskottsnäring för småbarn,Laurinsyra C12:0,Barnmatsprodukter exkl. välling o gröt,0.3,g
6553,Tillskottsnäring för småbarn,Betakaroten/β-Karoten,Barnmatsprodukter exkl. välling o gröt,0.0,µg
6553,Tillskottsnäring för småbarn,Avfall (skal etc.),Barnmatsprodukter exkl. välling o gröt,0.0,%
6553,Tillskottsnäring för småbarn,Aska,Barnmatsprodukter exkl. välling o gröt,3.4,g
6553,Tillskottsnäring för småbarn,Alkohol,Barnmatsprodukter exkl. välling o gröt,0.0,g
6574,Mjölblandning vete korn råg havre,"Zink, Zn",Mjöl stärkelse kli,1.3,mg
6574,Mjölblandning vete korn råg havre,Vitamin E,Mjöl stärkelse kli,0.5,mg
6574,Mjölblandning vete korn råg havre,Vitamin D inkl 25-OH-D3,Mjöl stärkelse kli,0.0,µg
6574,Mjölblandning vete korn råg havre,Vitamin D,Mjöl stärkelse kli,0.0,µg
6574,Mjölblandning vete korn råg havre,Vitamin C,Mjöl stärkelse kli,1.4,mg
6574,Mjölblandning vete korn råg havre,Vitamin B6,Mjöl stärkelse kli,0.16,mg
6574,Mjölblandning vete korn råg havre,Vitamin B12,Mjöl stärkelse kli,0.0,µg
6574,Mjölblandning vete korn råg havre,Vitamin A,Mjöl stärkelse kli,0.5,RE/µg
6574,Mjölblandning vete korn råg havre,Vatten,Mjöl stärkelse kli,12.7,g
6574,Mjölblandning vete korn råg havre,Tiamin,Mjöl stärkelse kli,0.22,mg
6574,Mjölblandning vete korn råg havre,Tillsatt socker,Mjöl stärkelse kli,0.0,g
6574,Mjölblandning vete korn råg havre,Fritt socker,Mjöl stärkelse kli,0.0,g
6574,Mjölblandning vete korn råg havre,"Selen, Se",Mjöl stärkelse kli,7.6,µg
6574,Mjölblandning vete korn råg havre,Sackaros,Mjöl stärkelse kli,0.4,g
6574,Mjölblandning vete korn råg havre,Riboflavin,Mjöl stärkelse kli,0.06,mg
6574,Mjölblandning vete korn råg havre,Retinol,Mjöl stärkelse kli,0.0,µg
6574,Mjölblandning vete korn råg havre,Protein,Mjöl stärkelse kli,8.7,g
6574,Mjölblandning vete korn råg havre,Summa fleromättade fettsyror,Mjöl stärkelse kli,0.9,g
6574,Mjölblandning vete korn råg havre,"Fosfor, P",Mjöl stärkelse kli,175.0,mg
6574,Mjölblandning vete korn råg havre,Niacinekvivalenter,Mjöl stärkelse kli,3.15,NE/mg
6574,Mjölblandning vete korn råg havre,Niacin,Mjöl stärkelse kli,1.68,mg
6574,Mjölblandning vete korn råg havre,"Salt, NaCl",Mjöl stärkelse kli,0.0,g
6574,Mjölblandning vete korn råg havre,"Natrium, Na",Mjöl stärkelse kli,1.0,mg
6574,Mjölblandning vete korn råg havre,Monosackarider,Mjöl stärkelse kli,0.3,g
6574,Mjölblandning vete korn råg havre,"Sockerarter, totalt",Mjöl stärkelse kli,1.5,g
6574,Mjölblandning vete korn råg havre,Summa enkelomättade fettsyror,Mjöl stärkelse kli,0.3,g
6574,Mjölblandning vete korn råg havre,"Magnesium, Mg",Mjöl stärkelse kli,48.0,mg
6574,Mjölblandning vete korn råg havre,Summa mättade fettsyror,Mjöl stärkelse kli,0.4,g
6574,Mjölblandning vete korn råg havre,"Kolhydrater, tillgängliga",Mjöl stärkelse kli,68.4,g
6574,Mjölblandning vete korn råg havre,Kolesterol,Mjöl stärkelse kli,0.0,mg
6574,Mjölblandning vete korn råg havre,"Kalium, K",Mjöl stärkelse kli,246.0,mg
6574,Mjölblandning vete korn råg havre,"Jod, I",Mjöl stärkelse kli,1.3,µg
6574,Mjölblandning vete korn råg havre,Fullkorn totalt,Mjöl stärkelse kli,37.0,g
6574,Mjölblandning vete korn råg havre,"Folat, totalt",Mjöl stärkelse kli,29.5,µg
6574,Mjölblandning vete korn råg havre,Fibrer,Mjöl stärkelse kli,7.1,g
6574,Mjölblandning vete korn råg havre,"Fett, totalt",Mjöl stärkelse kli,2.2,g
6574,Mjölblandning vete korn råg havre,"Järn, Fe",Mjöl stärkelse kli,1.7,mg
6574,Mjölblandning vete korn råg havre,Energi (kJ),Mjöl stärkelse kli,1448.0,kJ
6574,Mjölblandning vete korn råg havre,Energi (kcal),Mjöl stärkelse kli,346.0,kcal
6574,Mjölblandning vete korn råg havre,Disackarider,Mjöl stärkelse kli,1.2,g
6574,Mjölblandning vete korn råg havre,"Kalcium, Ca",Mjöl stärkelse kli,25.0,mg
6574,Mjölblandning vete korn råg havre,Fettsyra 4:0-10:0,Mjöl stärkelse kli,0.0,g
6574,Mjölblandning vete korn råg havre,DHA (C22:6),Mjöl stärkelse kli,0.0,g
6574,Mjölblandning vete korn råg havre,DPA (C22:5),Mjöl stärkelse kli,0.0,g
6574,Mjölblandning vete korn råg havre,EPA (C20:5),Mjöl stärkelse kli,0.0,g
6574,Mjölblandning vete korn råg havre,Arakidonsyra C20:4,Mjöl stärkelse kli,0.0,g
6574,Mjölblandning vete korn råg havre,Arakidinsyra C20:0,Mjöl stärkelse kli,0.0,g
6574,Mjölblandning vete korn råg havre,Linolensyra C18:3,Mjöl stärkelse kli,0.1,g
6574,Mjölblandning vete korn råg havre,Linolsyra C18:2,Mjöl stärkelse kli,0.9,g
6574,Mjölblandning vete korn råg havre,Oljesyra C18:1,Mjöl stärkelse kli,0.2,g
6574,Mjölblandning vete korn råg havre,Stearinsyra C18:0,Mjöl stärkelse kli,0.0,g
6574,Mjölblandning vete korn råg havre,Palmitoljesyra C16:1,Mjöl stärkelse kli,0.0,g
6574,Mjölblandning vete korn råg havre,Palmitinsyra C16:0,Mjöl stärkelse kli,0.3,g
6574,Mjölblandning vete korn råg havre,Myristinsyra C14:0,Mjöl stärkelse kli,0.0,g
6574,Mjölblandning vete korn råg havre,Laurinsyra C12:0,Mjöl stärkelse kli,0.0,g
6574,Mjölblandning vete korn råg havre,Betakaroten/β-Karoten,Mjöl stärkelse kli,5.0,µg
6574,Mjölblandning vete korn råg havre,Avfall (skal etc.),Mjöl stärkelse kli,0.0,%
6574,Mjölblandning vete korn råg havre,Aska,Mjöl stärkelse kli,0.9,g
6574,Mjölblandning vete korn råg havre,Alkohol,Mjöl stärkelse kli,0.0,g
6576,Mjölblandning rågsikt,"Zink, Zn",Mjöl stärkelse kli,1.0,mg
6576,Mjölblandning rågsikt,Vitamin E,Mjöl stärkelse kli,0.7,mg
6576,Mjölblandning rågsikt,Vitamin D inkl 25-OH-D3,Mjöl stärkelse kli,0.0,µg
6576,Mjölblandning rågsikt,Vitamin D,Mjöl stärkelse kli,0.0,µg
6576,Mjölblandning rågsikt,Vitamin C,Mjöl stärkelse kli,1.2,mg
6576,Mjölblandning rågsikt,Vitamin B6,Mjöl stärkelse kli,0.09,mg
6576,Mjölblandning rågsikt,Vitamin B12,Mjöl stärkelse kli,0.0,µg
6576,Mjölblandning rågsikt,Vitamin A,Mjöl stärkelse kli,0.0,RE/µg
6576,Mjölblandning rågsikt,Vatten,Mjöl stärkelse kli,8.7,g
6576,Mjölblandning rågsikt,Tiamin,Mjöl stärkelse kli,0.26,mg
6576,Mjölblandning rågsikt,Tillsatt socker,Mjöl stärkelse kli,0.0,g
6576,Mjölblandning rågsikt,Fritt socker,Mjöl stärkelse kli,0.0,g
6576,Mjölblandning rågsikt,"Selen, Se",Mjöl stärkelse kli,2.0,µg
6576,Mjölblandning rågsikt,Sackaros,Mjöl stärkelse kli,0.5,g
6576,Mjölblandning rågsikt,Riboflavin,Mjöl stärkelse kli,0.05,mg
6576,Mjölblandning rågsikt,Retinol,Mjöl stärkelse kli,0.0,µg
6576,Mjölblandning rågsikt,Protein,Mjöl stärkelse kli,8.6,g
6576,Mjölblandning rågsikt,Summa fleromättade fettsyror,Mjöl stärkelse kli,0.6,g
6576,Mjölblandning rågsikt,"Fosfor, P",Mjöl stärkelse kli,110.0,mg
6576,Mjölblandning rågsikt,Niacinekvivalenter,Mjöl stärkelse kli,2.2,NE/mg
6576,Mjölblandning rågsikt,Niacin,Mjöl stärkelse kli,0.76,mg
6576,Mjölblandning rågsikt,"Salt, NaCl",Mjöl stärkelse kli,0.0,g
6576,Mjölblandning rågsikt,"Natrium, Na",Mjöl stärkelse kli,0.0,mg
6576,Mjölblandning rågsikt,Monosackarider,Mjöl stärkelse kli,0.0,g
6576,Mjölblandning rågsikt,"Sockerarter, totalt",Mjöl stärkelse kli,0.6,g
6576,Mjölblandning rågsikt,Summa enkelomättade fettsyror,Mjöl stärkelse kli,0.1,g
6576,Mjölblandning rågsikt,"Magnesium, Mg",Mjöl stärkelse kli,32.0,mg
6576,Mjölblandning rågsikt,Summa mättade fettsyror,Mjöl stärkelse kli,0.2,g
6576,Mjölblandning rågsikt,"Kolhydrater, tillgängliga",Mjöl stärkelse kli,71.8,g
6576,Mjölblandning rågsikt,Kolesterol,Mjöl stärkelse kli,0.0,mg
6576,Mjölblandning rågsikt,"Kalium, K",Mjöl stärkelse kli,210.0,mg
6576,Mjölblandning rågsikt,"Jod, I",Mjöl stärkelse kli,0.0,µg
6576,Mjölblandning rågsikt,Fullkorn totalt,Mjöl stärkelse kli,0.0,g
6576,Mjölblandning rågsikt,"Folat, totalt",Mjöl stärkelse kli,28.3,µg
6576,Mjölblandning rågsikt,Fibrer,Mjöl stärkelse kli,8.8,g
6576,Mjölblandning rågsikt,"Fett, totalt",Mjöl stärkelse kli,1.4,g
6576,Mjölblandning rågsikt,"Järn, Fe",Mjöl stärkelse kli,1.1,mg
6576,Mjölblandning rågsikt,Energi (kJ),Mjöl stärkelse kli,1489.0,kJ
6576,Mjölblandning rågsikt,Energi (kcal),Mjöl stärkelse kli,356.0,kcal
6576,Mjölblandning rågsikt,Disackarider,Mjöl stärkelse kli,0.5,g
6576,Mjölblandning rågsikt,"Kalcium, Ca",Mjöl stärkelse kli,22.0,mg
6576,Mjölblandning rågsikt,Fettsyra 4:0-10:0,Mjöl stärkelse kli,0.0,g
6576,Mjölblandning rågsikt,DHA (C22:6),Mjöl stärkelse kli,0.0,g
6576,Mjölblandning rågsikt,DPA (C22:5),Mjöl stärkelse kli,0.0,g
6576,Mjölblandning rågsikt,EPA (C20:5),Mjöl stärkelse kli,0.0,g
6576,Mjölblandning rågsikt,Arakidonsyra C20:4,Mjöl stärkelse kli,0.0,g
6576,Mjölblandning rågsikt,Arakidinsyra C20:0,Mjöl stärkelse kli,0.0,g
6576,Mjölblandning rågsikt,Linolensyra C18:3,Mjöl stärkelse kli,0.0,g
6576,Mjölblandning rågsikt,Linolsyra C18:2,Mjöl stärkelse kli,0.6,g
6576,Mjölblandning rågsikt,Oljesyra C18:1,Mjöl stärkelse kli,0.1,g
6576,Mjölblandning rågsikt,Stearinsyra C18:0,Mjöl stärkelse kli,0.0,g
6576,Mjölblandning rågsikt,Palmitoljesyra C16:1,Mjöl stärkelse kli,0.0,g
6576,Mjölblandning rågsikt,Palmitinsyra C16:0,Mjöl stärkelse kli,0.2,g
6576,Mjölblandning rågsikt,Myristinsyra C14:0,Mjöl stärkelse kli,0.0,g
6576,Mjölblandning rågsikt,Laurinsyra C12:0,Mjöl stärkelse kli,0.0,g
6576,Mjölblandning rågsikt,Betakaroten/β-Karoten,Mjöl stärkelse kli,0.0,µg
6576,Mjölblandning rågsikt,Avfall (skal etc.),Mjöl stärkelse kli,0.0,%
6576,Mjölblandning rågsikt,Aska,Mjöl stärkelse kli,0.6,g
6576,Mjölblandning rågsikt,Alkohol,Mjöl stärkelse kli,0.0,g
6599,"Varm choklad m. veg. dryck fett ca 1,5%","Zink, Zn",Mjölkdryck chokladdryck milkshake smothie m yoghurt,0.2,mg
6599,"Varm choklad m. veg. dryck fett ca 1,5%",Vitamin E,Mjölkdryck chokladdryck milkshake smothie m yoghurt,0.7,mg
6599,"Varm choklad m. veg. dryck fett ca 1,5%",Vitamin D inkl 25-OH-D3,Mjölkdryck chokladdryck milkshake smothie m yoghurt,1.15,µg
6599,"Varm choklad m. veg. dryck fett ca 1,5%",Vitamin D,Mjölkdryck chokladdryck milkshake smothie m yoghurt,1.15,µg
6599,"Varm choklad m. veg. dryck fett ca 1,5%",Vitamin C,Mjölkdryck chokladdryck milkshake smothie m yoghurt,0.0,mg
6599,"Varm choklad m. veg. dryck fett ca 1,5%",Vitamin B6,Mjölkdryck chokladdryck milkshake smothie m yoghurt,0.0,mg
6599,"Varm choklad m. veg. dryck fett ca 1,5%",Vitamin B12,Mjölkdryck chokladdryck milkshake smothie m yoghurt,0.36,µg
6599,"Varm choklad m. veg. dryck fett ca 1,5%",Vitamin A,Mjölkdryck chokladdryck milkshake smothie m yoghurt,0.0,RE/µg
6599,"Varm choklad m. veg. dryck fett ca 1,5%",Vatten,Mjölkdryck chokladdryck milkshake smothie m yoghurt,86.1,g
6599,"Varm choklad m. veg. dryck fett ca 1,5%",Tiamin,Mjölkdryck chokladdryck milkshake smothie m yoghurt,0.03,mg
6599,"Varm choklad m. veg. dryck fett ca 1,5%",Tillsatt socker,Mjölkdryck chokladdryck milkshake smothie m yoghurt,4.0,g
6599,"Varm choklad m. veg. dryck fett ca 1,5%",Fritt socker,Mjölkdryck chokladdryck milkshake smothie m yoghurt,4.0,g
6599,"Varm choklad m. veg. dryck fett ca 1,5%","Selen, Se",Mjölkdryck chokladdryck milkshake smothie m yoghurt,0.0,µg
6599,"Varm choklad m. veg. dryck fett ca 1,5%",Sackaros,Mjölkdryck chokladdryck milkshake smothie m yoghurt,3.7,g
6599,"Varm choklad m. veg. dryck fett ca 1,5%",Riboflavin,Mjölkdryck chokladdryck milkshake smothie m yoghurt,0.25,mg
6599,"Varm choklad m. veg. dryck fett ca 1,5%",Retinol,Mjölkdryck chokladdryck milkshake smothie m yoghurt,0.0,µg
6599,"Varm choklad m. veg. dryck fett ca 1,5%",Protein,Mjölkdryck chokladdryck milkshake smothie m yoghurt,1.5,g
6599,"Varm choklad m. veg. dryck fett ca 1,5%",Summa fleromättade fettsyror,Mjölkdryck chokladdryck milkshake smothie m yoghurt,0.5,g
6599,"Varm choklad m. veg. dryck fett ca 1,5%","Fosfor, P",Mjölkdryck chokladdryck milkshake smothie m yoghurt,79.0,mg
6599,"Varm choklad m. veg. dryck fett ca 1,5%",Niacinekvivalenter,Mjölkdryck chokladdryck milkshake smothie m yoghurt,0.35,NE/mg
6599,"Varm choklad m. veg. dryck fett ca 1,5%",Niacin,Mjölkdryck chokladdryck milkshake smothie m yoghurt,0.11,mg
6599,"Varm choklad m. veg. dryck fett ca 1,5%","Salt, NaCl",Mjölkdryck chokladdryck milkshake smothie m yoghurt,0.1,g
6599,"Varm choklad m. veg. dryck fett ca 1,5%","Natrium, Na",Mjölkdryck chokladdryck milkshake smothie m yoghurt,50.0,mg
6599,"Varm choklad m. veg. dryck fett ca 1,5%",Monosackarider,Mjölkdryck chokladdryck milkshake smothie m yoghurt,0.7,g
6599,"Varm choklad m. veg. dryck fett ca 1,5%","Sockerarter, totalt",Mjölkdryck chokladdryck milkshake smothie m yoghurt,6.6,g
6599,"Varm choklad m. veg. dryck fett ca 1,5%",Summa enkelomättade fettsyror,Mjölkdryck chokladdryck milkshake smothie m yoghurt,0.6,g
6599,"Varm choklad m. veg. dryck fett ca 1,5%","Magnesium, Mg",Mjölkdryck chokladdryck milkshake smothie m yoghurt,9.0,mg
6599,"Varm choklad m. veg. dryck fett ca 1,5%",Summa mättade fettsyror,Mjölkdryck chokladdryck milkshake smothie m yoghurt,0.2,g
6599,"Varm choklad m. veg. dryck fett ca 1,5%","Kolhydrater, tillgängliga",Mjölkdryck chokladdryck milkshake smothie m yoghurt,9.6,g
6599,"Varm choklad m. veg. dryck fett ca 1,5%",Kolesterol,Mjölkdryck chokladdryck milkshake smothie m yoghurt,0.0,mg
6599,"Varm choklad m. veg. dryck fett ca 1,5%","Kalium, K",Mjölkdryck chokladdryck milkshake smothie m yoghurt,133.0,mg
6599,"Varm choklad m. veg. dryck fett ca 1,5%","Jod, I",Mjölkdryck chokladdryck milkshake smothie m yoghurt,13.6,µg
6599,"Varm choklad m. veg. dryck fett ca 1,5%",Fullkorn totalt,Mjölkdryck chokladdryck milkshake smothie m yoghurt,0.0,g
6599,"Varm choklad m. veg. dryck fett ca 1,5%","Folat, totalt",Mjölkdryck chokladdryck milkshake smothie m yoghurt,3.6,µg
6599,"Varm choklad m. veg. dryck fett ca 1,5%",Fibrer,Mjölkdryck chokladdryck milkshake smothie m yoghurt,0.6,g
6599,"Varm choklad m. veg. dryck fett ca 1,5%","Fett, totalt",Mjölkdryck chokladdryck milkshake smothie m yoghurt,1.6,g
6599,"Varm choklad m. veg. dryck fett ca 1,5%","Järn, Fe",Mjölkdryck chokladdryck milkshake smothie m yoghurt,0.2,mg
6599,"Varm choklad m. veg. dryck fett ca 1,5%",Energi (kJ),Mjölkdryck chokladdryck milkshake smothie m yoghurt,253.0,kJ
6599,"Varm choklad m. veg. dryck fett ca 1,5%",Energi (kcal),Mjölkdryck chokladdryck milkshake smothie m yoghurt,61.0,kcal
6599,"Varm choklad m. veg. dryck fett ca 1,5%",Disackarider,Mjölkdryck chokladdryck milkshake smothie m yoghurt,5.9,g
6599,"Varm choklad m. veg. dryck fett ca 1,5%","Kalcium, Ca",Mjölkdryck chokladdryck milkshake smothie m yoghurt,120.0,mg
6599,"Varm choklad m. veg. dryck fett ca 1,5%",Fettsyra 4:0-10:0,Mjölkdryck chokladdryck milkshake smothie m yoghurt,0.0,g
6599,"Varm choklad m. veg. dryck fett ca 1,5%",DHA (C22:6),Mjölkdryck chokladdryck milkshake smothie m yoghurt,0.0,g
6599,"Varm choklad m. veg. dryck fett ca 1,5%",DPA (C22:5),Mjölkdryck chokladdryck milkshake smothie m yoghurt,0.0,g
6599,"Varm choklad m. veg. dryck fett ca 1,5%",EPA (C20:5),Mjölkdryck chokladdryck milkshake smothie m yoghurt,0.0,g
6599,"Varm choklad m. veg. dryck fett ca 1,5%",Arakidonsyra C20:4,Mjölkdryck chokladdryck milkshake smothie m yoghurt,0.0,g
6599,"Varm choklad m. veg. dryck fett ca 1,5%",Arakidinsyra C20:0,Mjölkdryck chokladdryck milkshake smothie m yoghurt,0.0,g
6599,"Varm choklad m. veg. dryck fett ca 1,5%",Linolensyra C18:3,Mjölkdryck chokladdryck milkshake smothie m yoghurt,0.1,g
6599,"Varm choklad m. veg. dryck fett ca 1,5%",Linolsyra C18:2,Mjölkdryck chokladdryck milkshake smothie m yoghurt,0.4,g
6599,"Varm choklad m. veg. dryck fett ca 1,5%",Oljesyra C18:1,Mjölkdryck chokladdryck milkshake smothie m yoghurt,0.6,g
6599,"Varm choklad m. veg. dryck fett ca 1,5%",Stearinsyra C18:0,Mjölkdryck chokladdryck milkshake smothie m yoghurt,0.1,g
6599,"Varm choklad m. veg. dryck fett ca 1,5%",Palmitoljesyra C16:1,Mjölkdryck chokladdryck milkshake smothie m yoghurt,0.0,g
6599,"Varm choklad m. veg. dryck fett ca 1,5%",Palmitinsyra C16:0,Mjölkdryck chokladdryck milkshake smothie m yoghurt,0.1,g
6599,"Varm choklad m. veg. dryck fett ca 1,5%",Myristinsyra C14:0,Mjölkdryck chokladdryck milkshake smothie m yoghurt,0.0,g
6599,"Varm choklad m. veg. dryck fett ca 1,5%",Laurinsyra C12:0,Mjölkdryck chokladdryck milkshake smothie m yoghurt,0.0,g
6599,"Varm choklad m. veg. dryck fett ca 1,5%",Betakaroten/β-Karoten,Mjölkdryck chokladdryck milkshake smothie m yoghurt,0.0,µg
6599,"Varm choklad m. veg. dryck fett ca 1,5%",Avfall (skal etc.),Mjölkdryck chokladdryck milkshake smothie m yoghurt,0.0,%
6599,"Varm choklad m. veg. dryck fett ca 1,5%",Aska,Mjölkdryck chokladdryck milkshake smothie m yoghurt,0.6,g
6599,"Varm choklad m. veg. dryck fett ca 1,5%",Alkohol,Mjölkdryck chokladdryck milkshake smothie m yoghurt,0.0,g
6624,Pizza Vesuvio m. skinka restaurang,"Zink, Zn",Pizza paj pirog färdig smörgås,1.8,mg
6624,Pizza Vesuvio m. skinka restaurang,Vitamin E,Pizza paj pirog färdig smörgås,1.3,mg
6624,Pizza Vesuvio m. skinka restaurang,Vitamin D,Pizza paj pirog färdig smörgås,0.0,µg
6624,Pizza Vesuvio m. skinka restaurang,Vitamin C,Pizza paj pirog färdig smörgås,0.0,mg
6624,Pizza Vesuvio m. skinka restaurang,Vitamin B6,Pizza paj pirog färdig smörgås,0.21,mg
6624,Pizza Vesuvio m. skinka restaurang,Vitamin B12,Pizza paj pirog färdig smörgås,0.71,µg
6624,Pizza Vesuvio m. skinka restaurang,Vitamin A,Pizza paj pirog färdig smörgås,106.6,RE/µg
6624,Pizza Vesuvio m. skinka restaurang,Vatten,Pizza paj pirog färdig smörgås,41.0,g
6624,Pizza Vesuvio m. skinka restaurang,Tiamin,Pizza paj pirog färdig smörgås,0.17,mg
6624,Pizza Vesuvio m. skinka restaurang,Tillsatt socker,Pizza paj pirog färdig smörgås,0.0,g
6624,Pizza Vesuvio m. skinka restaurang,Fritt socker,Pizza paj pirog färdig smörgås,0.0,g
6624,Pizza Vesuvio m. skinka restaurang,"Selen, Se",Pizza paj pirog färdig smörgås,6.0,µg
6624,Pizza Vesuvio m. skinka restaurang,Sackaros,Pizza paj pirog färdig smörgås,0.0,g
6624,Pizza Vesuvio m. skinka restaurang,Riboflavin,Pizza paj pirog färdig smörgås,0.15,mg
6624,Pizza Vesuvio m. skinka restaurang,Retinol,Pizza paj pirog färdig smörgås,98.8,µg
6624,Pizza Vesuvio m. skinka restaurang,Protein,Pizza paj pirog färdig smörgås,17.0,g
6624,Pizza Vesuvio m. skinka restaurang,Summa fleromättade fettsyror,Pizza paj pirog färdig smörgås,1.4,g
6624,Pizza Vesuvio m. skinka restaurang,"Fosfor, P",Pizza paj pirog färdig smörgås,275.0,mg
6624,Pizza Vesuvio m. skinka restaurang,Niacinekvivalenter,Pizza paj pirog färdig smörgås,7.46,NE/mg
6624,Pizza Vesuvio m. skinka restaurang,Niacin,Pizza paj pirog färdig smörgås,3.63,mg
6624,Pizza Vesuvio m. skinka restaurang,"Salt, NaCl",Pizza paj pirog färdig smörgås,1.9,g
6624,Pizza Vesuvio m. skinka restaurang,"Natrium, Na",Pizza paj pirog färdig smörgås,743.0,mg
6624,Pizza Vesuvio m. skinka restaurang,Monosackarider,Pizza paj pirog färdig smörgås,1.3,g
6624,Pizza Vesuvio m. skinka restaurang,"Sockerarter, totalt",Pizza paj pirog färdig smörgås,2.4,g
6624,Pizza Vesuvio m. skinka restaurang,Summa enkelomättade fettsyror,Pizza paj pirog färdig smörgås,5.0,g
6624,Pizza Vesuvio m. skinka restaurang,"Magnesium, Mg",Pizza paj pirog färdig smörgås,29.0,mg
6624,Pizza Vesuvio m. skinka restaurang,Summa mättade fettsyror,Pizza paj pirog färdig smörgås,8.7,g
6624,Pizza Vesuvio m. skinka restaurang,"Kolhydrater, tillgängliga",Pizza paj pirog färdig smörgås,19.9,g
6624,Pizza Vesuvio m. skinka restaurang,Kolesterol,Pizza paj pirog färdig smörgås,40.8,mg
6624,Pizza Vesuvio m. skinka restaurang,"Kalium, K",Pizza paj pirog färdig smörgås,181.0,mg
6624,Pizza Vesuvio m. skinka restaurang,"Jod, I",Pizza paj pirog färdig smörgås,12.9,µg
6624,Pizza Vesuvio m. skinka restaurang,Fullkorn totalt,Pizza paj pirog färdig smörgås,0.0,g
6624,Pizza Vesuvio m. skinka restaurang,"Folat, totalt",Pizza paj pirog färdig smörgås,17.6,µg
6624,Pizza Vesuvio m. skinka restaurang,Fibrer,Pizza paj pirog färdig smörgås,3.2,g
6624,Pizza Vesuvio m. skinka restaurang,"Fett, totalt",Pizza paj pirog färdig smörgås,16.0,g
6624,Pizza Vesuvio m. skinka restaurang,"Järn, Fe",Pizza paj pirog färdig smörgås,0.6,mg
6624,Pizza Vesuvio m. skinka restaurang,Energi (kJ),Pizza paj pirog färdig smörgås,1242.0,kJ
6624,Pizza Vesuvio m. skinka restaurang,Energi (kcal),Pizza paj pirog färdig smörgås,297.0,kcal
6624,Pizza Vesuvio m. skinka restaurang,Disackarider,Pizza paj pirog färdig smörgås,0.9,g
6624,Pizza Vesuvio m. skinka restaurang,"Kalcium, Ca",Pizza paj pirog färdig smörgås,302.0,mg
6624,Pizza Vesuvio m. skinka restaurang,Fettsyra 4:0-10:0,Pizza paj pirog färdig smörgås,1.2,g
6624,Pizza Vesuvio m. skinka restaurang,DHA (C22:6),Pizza paj pirog färdig smörgås,0.0,g
6624,Pizza Vesuvio m. skinka restaurang,DPA (C22:5),Pizza paj pirog färdig smörgås,0.0,g
6624,Pizza Vesuvio m. skinka restaurang,EPA (C20:5),Pizza paj pirog färdig smörgås,0.0,g
6624,Pizza Vesuvio m. skinka restaurang,Arakidonsyra C20:4,Pizza paj pirog färdig smörgås,0.0,g
6624,Pizza Vesuvio m. skinka restaurang,Arakidinsyra C20:0,Pizza paj pirog färdig smörgås,0.0,g
6624,Pizza Vesuvio m. skinka restaurang,Linolensyra C18:3,Pizza paj pirog färdig smörgås,0.3,g
6624,Pizza Vesuvio m. skinka restaurang,Linolsyra C18:2,Pizza paj pirog färdig smörgås,1.1,g
6624,Pizza Vesuvio m. skinka restaurang,Oljesyra C18:1,Pizza paj pirog färdig smörgås,4.6,g
6624,Pizza Vesuvio m. skinka restaurang,Stearinsyra C18:0,Pizza paj pirog färdig smörgås,1.3,g
6624,Pizza Vesuvio m. skinka restaurang,Palmitoljesyra C16:1,Pizza paj pirog färdig smörgås,0.2,g
6624,Pizza Vesuvio m. skinka restaurang,Palmitinsyra C16:0,Pizza paj pirog färdig smörgås,4.1,g
6624,Pizza Vesuvio m. skinka restaurang,Myristinsyra C14:0,Pizza paj pirog färdig smörgås,1.4,g
6624,Pizza Vesuvio m. skinka restaurang,Laurinsyra C12:0,Pizza paj pirog färdig smörgås,0.5,g
6624,Pizza Vesuvio m. skinka restaurang,Betakaroten/β-Karoten,Pizza paj pirog färdig smörgås,93.0,µg
6624,Pizza Vesuvio m. skinka restaurang,Avfall (skal etc.),Pizza paj pirog färdig smörgås,0.0,%
6624,Pizza Vesuvio m. skinka restaurang,Aska,Pizza paj pirog färdig smörgås,3.0,g
6624,Pizza Vesuvio m. skinka restaurang,Alkohol,Pizza paj pirog färdig smörgås,0.0,g
6625,Pizza Capricciosa m. skinka champinjoner restaurang,"Zink, Zn",Pizza paj pirog färdig smörgås,1.7,mg
6625,Pizza Capricciosa m. skinka champinjoner restaurang,Vitamin E,Pizza paj pirog färdig smörgås,1.3,mg
6625,Pizza Capricciosa m. skinka champinjoner restaurang,Vitamin D,Pizza paj pirog färdig smörgås,0.01,µg
6625,Pizza Capricciosa m. skinka champinjoner restaurang,Vitamin C,Pizza paj pirog färdig smörgås,0.0,mg
6625,Pizza Capricciosa m. skinka champinjoner restaurang,Vitamin B6,Pizza paj pirog färdig smörgås,0.19,mg
6625,Pizza Capricciosa m. skinka champinjoner restaurang,Vitamin B12,Pizza paj pirog färdig smörgås,0.7,µg
6625,Pizza Capricciosa m. skinka champinjoner restaurang,Vitamin A,Pizza paj pirog färdig smörgås,107.8,RE/µg
6625,Pizza Capricciosa m. skinka champinjoner restaurang,Vatten,Pizza paj pirog färdig smörgås,41.6,g
6625,Pizza Capricciosa m. skinka champinjoner restaurang,Tiamin,Pizza paj pirog färdig smörgås,0.13,mg
6625,Pizza Capricciosa m. skinka champinjoner restaurang,Tillsatt socker,Pizza paj pirog färdig smörgås,0.0,g
6625,Pizza Capricciosa m. skinka champinjoner restaurang,Fritt socker,Pizza paj pirog färdig smörgås,0.0,g
6625,Pizza Capricciosa m. skinka champinjoner restaurang,"Selen, Se",Pizza paj pirog färdig smörgås,6.5,µg
6625,Pizza Capricciosa m. skinka champinjoner restaurang,Sackaros,Pizza paj pirog färdig smörgås,0.0,g
6625,Pizza Capricciosa m. skinka champinjoner restaurang,Riboflavin,Pizza paj pirog färdig smörgås,0.17,mg
6625,Pizza Capricciosa m. skinka champinjoner restaurang,Retinol,Pizza paj pirog färdig smörgås,99.9,µg
6625,Pizza Capricciosa m. skinka champinjoner restaurang,Protein,Pizza paj pirog färdig smörgås,16.0,g
6625,Pizza Capricciosa m. skinka champinjoner restaurang,Summa fleromättade fettsyror,Pizza paj pirog färdig smörgås,1.4,g
6625,Pizza Capricciosa m. skinka champinjoner restaurang,"Fosfor, P",Pizza paj pirog färdig smörgås,255.0,mg
6625,Pizza Capricciosa m. skinka champinjoner restaurang,Niacinekvivalenter,Pizza paj pirog färdig smörgås,7.04,NE/mg
6625,Pizza Capricciosa m. skinka champinjoner restaurang,Niacin,Pizza paj pirog färdig smörgås,3.37,mg
6625,Pizza Capricciosa m. skinka champinjoner restaurang,"Salt, NaCl",Pizza paj pirog färdig smörgås,1.6,g
6625,Pizza Capricciosa m. skinka champinjoner restaurang,"Natrium, Na",Pizza paj pirog färdig smörgås,644.0,mg
6625,Pizza Capricciosa m. skinka champinjoner restaurang,Monosackarider,Pizza paj pirog färdig smörgås,1.3,g
6625,Pizza Capricciosa m. skinka champinjoner restaurang,"Sockerarter, totalt",Pizza paj pirog färdig smörgås,2.3,g
6625,Pizza Capricciosa m. skinka champinjoner restaurang,Summa enkelomättade fettsyror,Pizza paj pirog färdig smörgås,4.9,g
6625,Pizza Capricciosa m. skinka champinjoner restaurang,"Magnesium, Mg",Pizza paj pirog färdig smörgås,28.0,mg
6625,Pizza Capricciosa m. skinka champinjoner restaurang,Summa mättade fettsyror,Pizza paj pirog färdig smörgås,8.7,g
6625,Pizza Capricciosa m. skinka champinjoner restaurang,"Kolhydrater, tillgängliga",Pizza paj pirog färdig smörgås,20.2,g
6625,Pizza Capricciosa m. skinka champinjoner restaurang,Kolesterol,Pizza paj pirog färdig smörgås,37.8,mg
6625,Pizza Capricciosa m. skinka champinjoner restaurang,"Kalium, K",Pizza paj pirog färdig smörgås,170.0,mg
6625,Pizza Capricciosa m. skinka champinjoner restaurang,"Jod, I",Pizza paj pirog färdig smörgås,13.0,µg
6625,Pizza Capricciosa m. skinka champinjoner restaurang,Fullkorn totalt,Pizza paj pirog färdig smörgås,0.0,g
6625,Pizza Capricciosa m. skinka champinjoner restaurang,"Folat, totalt",Pizza paj pirog färdig smörgås,19.3,µg
6625,Pizza Capricciosa m. skinka champinjoner restaurang,Fibrer,Pizza paj pirog färdig smörgås,3.4,g
6625,Pizza Capricciosa m. skinka champinjoner restaurang,"Fett, totalt",Pizza paj pirog färdig smörgås,16.0,g
6625,Pizza Capricciosa m. skinka champinjoner restaurang,"Järn, Fe",Pizza paj pirog färdig smörgås,0.5,mg
6625,Pizza Capricciosa m. skinka champinjoner restaurang,Energi (kJ),Pizza paj pirog färdig smörgås,1235.0,kJ
6625,Pizza Capricciosa m. skinka champinjoner restaurang,Energi (kcal),Pizza paj pirog färdig smörgås,295.0,kcal
6625,Pizza Capricciosa m. skinka champinjoner restaurang,Disackarider,Pizza paj pirog färdig smörgås,1.0,g
6625,Pizza Capricciosa m. skinka champinjoner restaurang,"Kalcium, Ca",Pizza paj pirog färdig smörgås,305.0,mg
6625,Pizza Capricciosa m. skinka champinjoner restaurang,Fettsyra 4:0-10:0,Pizza paj pirog färdig smörgås,1.2,g
6625,Pizza Capricciosa m. skinka champinjoner restaurang,DHA (C22:6),Pizza paj pirog färdig smörgås,0.0,g
6625,Pizza Capricciosa m. skinka champinjoner restaurang,DPA (C22:5),Pizza paj pirog färdig smörgås,0.0,g
6625,Pizza Capricciosa m. skinka champinjoner restaurang,EPA (C20:5),Pizza paj pirog färdig smörgås,0.0,g
6625,Pizza Capricciosa m. skinka champinjoner restaurang,Arakidonsyra C20:4,Pizza paj pirog färdig smörgås,0.0,g
6625,Pizza Capricciosa m. skinka champinjoner restaurang,Arakidinsyra C20:0,Pizza paj pirog färdig smörgås,0.0,g
6625,Pizza Capricciosa m. skinka champinjoner restaurang,Linolensyra C18:3,Pizza paj pirog färdig smörgås,0.3,g
6625,Pizza Capricciosa m. skinka champinjoner restaurang,Linolsyra C18:2,Pizza paj pirog färdig smörgås,1.1,g
6625,Pizza Capricciosa m. skinka champinjoner restaurang,Oljesyra C18:1,Pizza paj pirog färdig smörgås,4.5,g
6625,Pizza Capricciosa m. skinka champinjoner restaurang,Stearinsyra C18:0,Pizza paj pirog färdig smörgås,1.3,g
6625,Pizza Capricciosa m. skinka champinjoner restaurang,Palmitoljesyra C16:1,Pizza paj pirog färdig smörgås,0.2,g
6625,Pizza Capricciosa m. skinka champinjoner restaurang,Palmitinsyra C16:0,Pizza paj pirog färdig smörgås,4.1,g
6625,Pizza Capricciosa m. skinka champinjoner restaurang,Myristinsyra C14:0,Pizza paj pirog färdig smörgås,1.4,g
6625,Pizza Capricciosa m. skinka champinjoner restaurang,Laurinsyra C12:0,Pizza paj pirog färdig smörgås,0.5,g
6625,Pizza Capricciosa m. skinka champinjoner restaurang,Betakaroten/β-Karoten,Pizza paj pirog färdig smörgås,94.0,µg
6625,Pizza Capricciosa m. skinka champinjoner restaurang,Avfall (skal etc.),Pizza paj pirog färdig smörgås,0.0,%
6625,Pizza Capricciosa m. skinka champinjoner restaurang,Aska,Pizza paj pirog färdig smörgås,2.8,g
6625,Pizza Capricciosa m. skinka champinjoner restaurang,Alkohol,Pizza paj pirog färdig smörgås,0.0,g
6628,Pizza m. kött restaurang,"Zink, Zn",Pizza paj pirog färdig smörgås,1.7,mg
6628,Pizza m. kött restaurang,Vitamin E,Pizza paj pirog färdig smörgås,1.6,mg
6628,Pizza m. kött restaurang,Vitamin D,Pizza paj pirog färdig smörgås,0.0,µg
6628,Pizza m. kött restaurang,Vitamin C,Pizza paj pirog färdig smörgås,0.1,mg
6628,Pizza m. kött restaurang,Vitamin B6,Pizza paj pirog färdig smörgås,0.2,mg
6628,Pizza m. kött restaurang,Vitamin B12,Pizza paj pirog färdig smörgås,0.72,µg
6628,Pizza m. kött restaurang,Vitamin A,Pizza paj pirog färdig smörgås,105.5,RE/µg
6628,Pizza m. kött restaurang,Vatten,Pizza paj pirog färdig smörgås,42.2,g
6628,Pizza m. kött restaurang,Tiamin,Pizza paj pirog färdig smörgås,0.11,mg
6628,Pizza m. kött restaurang,Tillsatt socker,Pizza paj pirog färdig smörgås,0.0,g
6628,Pizza m. kött restaurang,Fritt socker,Pizza paj pirog färdig smörgås,0.0,g
6628,Pizza m. kött restaurang,"Selen, Se",Pizza paj pirog färdig smörgås,4.9,µg
6628,Pizza m. kött restaurang,Sackaros,Pizza paj pirog färdig smörgås,0.1,g
6628,Pizza m. kött restaurang,Riboflavin,Pizza paj pirog färdig smörgås,0.14,mg
6628,Pizza m. kött restaurang,Retinol,Pizza paj pirog färdig smörgås,96.1,µg
6628,Pizza m. kött restaurang,Protein,Pizza paj pirog färdig smörgås,15.4,g
6628,Pizza m. kött restaurang,Summa fleromättade fettsyror,Pizza paj pirog färdig smörgås,1.9,g
6628,Pizza m. kött restaurang,"Fosfor, P",Pizza paj pirog färdig smörgås,236.0,mg
6628,Pizza m. kött restaurang,Niacinekvivalenter,Pizza paj pirog färdig smörgås,6.63,NE/mg
6628,Pizza m. kött restaurang,Niacin,Pizza paj pirog färdig smörgås,3.1,mg
6628,Pizza m. kött restaurang,"Salt, NaCl",Pizza paj pirog färdig smörgås,1.6,g
6628,Pizza m. kött restaurang,"Natrium, Na",Pizza paj pirog färdig smörgås,639.0,mg
6628,Pizza m. kött restaurang,Monosackarider,Pizza paj pirog färdig smörgås,1.2,g
6628,Pizza m. kött restaurang,"Sockerarter, totalt",Pizza paj pirog färdig smörgås,2.3,g
6628,Pizza m. kött restaurang,Summa enkelomättade fettsyror,Pizza paj pirog färdig smörgås,5.4,g
6628,Pizza m. kött restaurang,"Magnesium, Mg",Pizza paj pirog färdig smörgås,27.0,mg
6628,Pizza m. kött restaurang,Summa mättade fettsyror,Pizza paj pirog färdig smörgås,8.8,g
6628,Pizza m. kött restaurang,"Kolhydrater, tillgängliga",Pizza paj pirog färdig smörgås,19.3,g
6628,Pizza m. kött restaurang,Kolesterol,Pizza paj pirog färdig smörgås,38.5,mg
6628,Pizza m. kött restaurang,"Kalium, K",Pizza paj pirog färdig smörgås,168.0,mg
6628,Pizza m. kött restaurang,"Jod, I",Pizza paj pirog färdig smörgås,15.6,µg
6628,Pizza m. kött restaurang,Fullkorn totalt,Pizza paj pirog färdig smörgås,0.0,g
6628,Pizza m. kött restaurang,"Folat, totalt",Pizza paj pirog färdig smörgås,17.9,µg
6628,Pizza m. kött restaurang,Fibrer,Pizza paj pirog färdig smörgås,3.3,g
6628,Pizza m. kött restaurang,"Fett, totalt",Pizza paj pirog färdig smörgås,17.1,g
6628,Pizza m. kött restaurang,"Järn, Fe",Pizza paj pirog färdig smörgås,0.7,mg
6628,Pizza m. kött restaurang,Energi (kJ),Pizza paj pirog färdig smörgås,1248.0,kJ
6628,Pizza m. kött restaurang,Energi (kcal),Pizza paj pirog färdig smörgås,298.0,kcal
6628,Pizza m. kött restaurang,Disackarider,Pizza paj pirog färdig smörgås,1.0,g
6628,Pizza m. kött restaurang,"Kalcium, Ca",Pizza paj pirog färdig smörgås,291.0,mg
6628,Pizza m. kött restaurang,Fettsyra 4:0-10:0,Pizza paj pirog färdig smörgås,1.1,g
6628,Pizza m. kött restaurang,DHA (C22:6),Pizza paj pirog färdig smörgås,0.0,g
6628,Pizza m. kött restaurang,DPA (C22:5),Pizza paj pirog färdig smörgås,0.0,g
6628,Pizza m. kött restaurang,EPA (C20:5),Pizza paj pirog färdig smörgås,0.0,g
6628,Pizza m. kött restaurang,Arakidonsyra C20:4,Pizza paj pirog färdig smörgås,0.0,g
6628,Pizza m. kött restaurang,Arakidinsyra C20:0,Pizza paj pirog färdig smörgås,0.0,g
6628,Pizza m. kött restaurang,Linolensyra C18:3,Pizza paj pirog färdig smörgås,0.4,g
6628,Pizza m. kött restaurang,Linolsyra C18:2,Pizza paj pirog färdig smörgås,1.5,g
6628,Pizza m. kött restaurang,Oljesyra C18:1,Pizza paj pirog färdig smörgås,5.0,g
6628,Pizza m. kött restaurang,Stearinsyra C18:0,Pizza paj pirog färdig smörgås,1.4,g
6628,Pizza m. kött restaurang,Palmitoljesyra C16:1,Pizza paj pirog färdig smörgås,0.2,g
6628,Pizza m. kött restaurang,Palmitinsyra C16:0,Pizza paj pirog färdig smörgås,4.1,g
6628,Pizza m. kött restaurang,Myristinsyra C14:0,Pizza paj pirog färdig smörgås,1.4,g
6628,Pizza m. kött restaurang,Laurinsyra C12:0,Pizza paj pirog färdig smörgås,0.5,g
6628,Pizza m. kött restaurang,Betakaroten/β-Karoten,Pizza paj pirog färdig smörgås,113.0,µg
6628,Pizza m. kött restaurang,Avfall (skal etc.),Pizza paj pirog färdig smörgås,0.0,%
6628,Pizza m. kött restaurang,Aska,Pizza paj pirog färdig smörgås,2.8,g
6628,Pizza m. kött restaurang,Alkohol,Pizza paj pirog färdig smörgås,0.0,g
6629,Pizza Bussola m. skinka räkor restaurang,"Zink, Zn",Pizza paj pirog färdig smörgås,1.9,mg
6629,Pizza Bussola m. skinka räkor restaurang,Vitamin E,Pizza paj pirog färdig smörgås,1.5,mg
6629,Pizza Bussola m. skinka räkor restaurang,Vitamin D,Pizza paj pirog färdig smörgås,0.04,µg
6629,Pizza Bussola m. skinka räkor restaurang,Vitamin C,Pizza paj pirog färdig smörgås,0.0,mg
6629,Pizza Bussola m. skinka räkor restaurang,Vitamin B6,Pizza paj pirog färdig smörgås,0.19,mg
6629,Pizza Bussola m. skinka räkor restaurang,Vitamin B12,Pizza paj pirog färdig smörgås,0.88,µg
6629,Pizza Bussola m. skinka räkor restaurang,Vitamin A,Pizza paj pirog färdig smörgås,108.0,RE/µg
6629,Pizza Bussola m. skinka räkor restaurang,Vatten,Pizza paj pirog färdig smörgås,41.0,g
6629,Pizza Bussola m. skinka räkor restaurang,Tiamin,Pizza paj pirog färdig smörgås,0.09,mg
6629,Pizza Bussola m. skinka räkor restaurang,Tillsatt socker,Pizza paj pirog färdig smörgås,0.0,g
6629,Pizza Bussola m. skinka räkor restaurang,Fritt socker,Pizza paj pirog färdig smörgås,0.0,g
6629,Pizza Bussola m. skinka räkor restaurang,"Selen, Se",Pizza paj pirog färdig smörgås,6.4,µg
6629,Pizza Bussola m. skinka räkor restaurang,Sackaros,Pizza paj pirog färdig smörgås,0.0,g
6629,Pizza Bussola m. skinka räkor restaurang,Riboflavin,Pizza paj pirog färdig smörgås,0.14,mg
6629,Pizza Bussola m. skinka räkor restaurang,Retinol,Pizza paj pirog färdig smörgås,100.2,µg
6629,Pizza Bussola m. skinka räkor restaurang,Protein,Pizza paj pirog färdig smörgås,17.0,g
6629,Pizza Bussola m. skinka räkor restaurang,Summa fleromättade fettsyror,Pizza paj pirog färdig smörgås,1.4,g
6629,Pizza Bussola m. skinka räkor restaurang,"Fosfor, P",Pizza paj pirog färdig smörgås,251.0,mg
6629,Pizza Bussola m. skinka räkor restaurang,Niacinekvivalenter,Pizza paj pirog färdig smörgås,6.78,NE/mg
6629,Pizza Bussola m. skinka räkor restaurang,Niacin,Pizza paj pirog färdig smörgås,2.93,mg
6629,Pizza Bussola m. skinka räkor restaurang,"Salt, NaCl",Pizza paj pirog färdig smörgås,1.7,g
6629,Pizza Bussola m. skinka räkor restaurang,"Natrium, Na",Pizza paj pirog färdig smörgås,687.0,mg
6629,Pizza Bussola m. skinka räkor restaurang,Monosackarider,Pizza paj pirog färdig smörgås,1.2,g
6629,Pizza Bussola m. skinka räkor restaurang,"Sockerarter, totalt",Pizza paj pirog färdig smörgås,2.3,g
6629,Pizza Bussola m. skinka räkor restaurang,Summa enkelomättade fettsyror,Pizza paj pirog färdig smörgås,4.9,g
6629,Pizza Bussola m. skinka räkor restaurang,"Magnesium, Mg",Pizza paj pirog färdig smörgås,29.0,mg
6629,Pizza Bussola m. skinka räkor restaurang,Summa mättade fettsyror,Pizza paj pirog färdig smörgås,8.7,g
6629,Pizza Bussola m. skinka räkor restaurang,"Kolhydrater, tillgängliga",Pizza paj pirog färdig smörgås,19.9,g
6629,Pizza Bussola m. skinka räkor restaurang,Kolesterol,Pizza paj pirog färdig smörgås,48.3,mg
6629,Pizza Bussola m. skinka räkor restaurang,"Kalium, K",Pizza paj pirog färdig smörgås,160.0,mg
6629,Pizza Bussola m. skinka räkor restaurang,"Jod, I",Pizza paj pirog färdig smörgås,14.4,µg
6629,Pizza Bussola m. skinka räkor restaurang,Fullkorn totalt,Pizza paj pirog färdig smörgås,0.0,g
6629,Pizza Bussola m. skinka räkor restaurang,"Folat, totalt",Pizza paj pirog färdig smörgås,18.7,µg
6629,Pizza Bussola m. skinka räkor restaurang,Fibrer,Pizza paj pirog färdig smörgås,3.2,g
6629,Pizza Bussola m. skinka räkor restaurang,"Fett, totalt",Pizza paj pirog färdig smörgås,16.0,g
6629,Pizza Bussola m. skinka räkor restaurang,"Järn, Fe",Pizza paj pirog färdig smörgås,0.5,mg
6629,Pizza Bussola m. skinka räkor restaurang,Energi (kJ),Pizza paj pirog färdig smörgås,1242.0,kJ
6629,Pizza Bussola m. skinka räkor restaurang,Energi (kcal),Pizza paj pirog färdig smörgås,297.0,kcal
6629,Pizza Bussola m. skinka räkor restaurang,Disackarider,Pizza paj pirog färdig smörgås,1.0,g
6629,Pizza Bussola m. skinka räkor restaurang,"Kalcium, Ca",Pizza paj pirog färdig smörgås,305.0,mg
6629,Pizza Bussola m. skinka räkor restaurang,Fettsyra 4:0-10:0,Pizza paj pirog färdig smörgås,1.2,g
6629,Pizza Bussola m. skinka räkor restaurang,DHA (C22:6),Pizza paj pirog färdig smörgås,0.0,g
6629,Pizza Bussola m. skinka räkor restaurang,DPA (C22:5),Pizza paj pirog färdig smörgås,0.0,g
6629,Pizza Bussola m. skinka räkor restaurang,EPA (C20:5),Pizza paj pirog färdig smörgås,0.0,g
6629,Pizza Bussola m. skinka räkor restaurang,Arakidonsyra C20:4,Pizza paj pirog färdig smörgås,0.0,g
6629,Pizza Bussola m. skinka räkor restaurang,Arakidinsyra C20:0,Pizza paj pirog färdig smörgås,0.0,g
6629,Pizza Bussola m. skinka räkor restaurang,Linolensyra C18:3,Pizza paj pirog färdig smörgås,0.3,g
6629,Pizza Bussola m. skinka räkor restaurang,Linolsyra C18:2,Pizza paj pirog färdig smörgås,1.1,g
6629,Pizza Bussola m. skinka räkor restaurang,Oljesyra C18:1,Pizza paj pirog färdig smörgås,4.5,g
6629,Pizza Bussola m. skinka räkor restaurang,Stearinsyra C18:0,Pizza paj pirog färdig smörgås,1.3,g
6629,Pizza Bussola m. skinka räkor restaurang,Palmitoljesyra C16:1,Pizza paj pirog färdig smörgås,0.2,g
6629,Pizza Bussola m. skinka räkor restaurang,Palmitinsyra C16:0,Pizza paj pirog färdig smörgås,4.0,g
6629,Pizza Bussola m. skinka räkor restaurang,Myristinsyra C14:0,Pizza paj pirog färdig smörgås,1.4,g
6629,Pizza Bussola m. skinka räkor restaurang,Laurinsyra C12:0,Pizza paj pirog färdig smörgås,0.5,g
6629,Pizza Bussola m. skinka räkor restaurang,Betakaroten/β-Karoten,Pizza paj pirog färdig smörgås,94.0,µg
6629,Pizza Bussola m. skinka räkor restaurang,Avfall (skal etc.),Pizza paj pirog färdig smörgås,4.0,%
6629,Pizza Bussola m. skinka räkor restaurang,Aska,Pizza paj pirog färdig smörgås,3.0,g
6629,Pizza Bussola m. skinka räkor restaurang,Alkohol,Pizza paj pirog färdig smörgås,0.0,g
6630,Pizza m. köttfärs restaurang,"Zink, Zn",Pizza paj pirog färdig smörgås,1.9,mg
6630,Pizza m. köttfärs restaurang,Vitamin E,Pizza paj pirog färdig smörgås,1.4,mg
6630,Pizza m. köttfärs restaurang,Vitamin D,Pizza paj pirog färdig smörgås,0.01,µg
6630,Pizza m. köttfärs restaurang,Vitamin C,Pizza paj pirog färdig smörgås,1.2,mg
6630,Pizza m. köttfärs restaurang,Vitamin B6,Pizza paj pirog färdig smörgås,0.18,mg
6630,Pizza m. köttfärs restaurang,Vitamin B12,Pizza paj pirog färdig smörgås,0.71,µg
6630,Pizza m. köttfärs restaurang,Vitamin A,Pizza paj pirog färdig smörgås,107.2,RE/µg
6630,Pizza m. köttfärs restaurang,Vatten,Pizza paj pirog färdig smörgås,42.7,g
6630,Pizza m. köttfärs restaurang,Tiamin,Pizza paj pirog färdig smörgås,0.06,mg
6630,Pizza m. köttfärs restaurang,Tillsatt socker,Pizza paj pirog färdig smörgås,0.0,g
6630,Pizza m. köttfärs restaurang,Fritt socker,Pizza paj pirog färdig smörgås,0.0,g
6630,Pizza m. köttfärs restaurang,"Selen, Se",Pizza paj pirog färdig smörgås,4.6,µg
6630,Pizza m. köttfärs restaurang,Sackaros,Pizza paj pirog färdig smörgås,0.1,g
6630,Pizza m. köttfärs restaurang,Riboflavin,Pizza paj pirog färdig smörgås,0.14,mg
6630,Pizza m. köttfärs restaurang,Retinol,Pizza paj pirog färdig smörgås,96.9,µg
6630,Pizza m. köttfärs restaurang,Protein,Pizza paj pirog färdig smörgås,15.4,g
6630,Pizza m. köttfärs restaurang,Summa fleromättade fettsyror,Pizza paj pirog färdig smörgås,1.4,g
6630,Pizza m. köttfärs restaurang,"Fosfor, P",Pizza paj pirog färdig smörgås,232.0,mg
6630,Pizza m. köttfärs restaurang,Niacinekvivalenter,Pizza paj pirog färdig smörgås,6.43,NE/mg
6630,Pizza m. köttfärs restaurang,Niacin,Pizza paj pirog färdig smörgås,2.91,mg
6630,Pizza m. köttfärs restaurang,"Salt, NaCl",Pizza paj pirog färdig smörgås,1.5,g
6630,Pizza m. köttfärs restaurang,"Natrium, Na",Pizza paj pirog färdig smörgås,590.0,mg
6630,Pizza m. köttfärs restaurang,Monosackarider,Pizza paj pirog färdig smörgås,1.4,g
6630,Pizza m. köttfärs restaurang,"Sockerarter, totalt",Pizza paj pirog färdig smörgås,2.6,g
6630,Pizza m. köttfärs restaurang,Summa enkelomättade fettsyror,Pizza paj pirog färdig smörgås,5.2,g
6630,Pizza m. köttfärs restaurang,"Magnesium, Mg",Pizza paj pirog färdig smörgås,27.0,mg
6630,Pizza m. köttfärs restaurang,Summa mättade fettsyror,Pizza paj pirog färdig smörgås,8.7,g
6630,Pizza m. köttfärs restaurang,"Kolhydrater, tillgängliga",Pizza paj pirog färdig smörgås,19.8,g
6630,Pizza m. köttfärs restaurang,Kolesterol,Pizza paj pirog färdig smörgås,36.7,mg
6630,Pizza m. köttfärs restaurang,"Kalium, K",Pizza paj pirog färdig smörgås,165.0,mg
6630,Pizza m. köttfärs restaurang,"Jod, I",Pizza paj pirog färdig smörgås,13.8,µg
6630,Pizza m. köttfärs restaurang,Fullkorn totalt,Pizza paj pirog färdig smörgås,1.0,g
6630,Pizza m. köttfärs restaurang,"Folat, totalt",Pizza paj pirog färdig smörgås,19.2,µg
6630,Pizza m. köttfärs restaurang,Fibrer,Pizza paj pirog färdig smörgås,3.4,g
6630,Pizza m. köttfärs restaurang,"Fett, totalt",Pizza paj pirog färdig smörgås,16.2,g
6630,Pizza m. köttfärs restaurang,"Järn, Fe",Pizza paj pirog färdig smörgås,0.7,mg
6630,Pizza m. köttfärs restaurang,Energi (kJ),Pizza paj pirog färdig smörgås,1224.0,kJ
6630,Pizza m. köttfärs restaurang,Energi (kcal),Pizza paj pirog färdig smörgås,293.0,kcal
6630,Pizza m. köttfärs restaurang,Disackarider,Pizza paj pirog färdig smörgås,1.0,g
6630,Pizza m. köttfärs restaurang,"Kalcium, Ca",Pizza paj pirog färdig smörgås,295.0,mg
6630,Pizza m. köttfärs restaurang,Fettsyra 4:0-10:0,Pizza paj pirog färdig smörgås,1.1,g
6630,Pizza m. köttfärs restaurang,DHA (C22:6),Pizza paj pirog färdig smörgås,0.0,g
6630,Pizza m. köttfärs restaurang,DPA (C22:5),Pizza paj pirog färdig smörgås,0.0,g
6630,Pizza m. köttfärs restaurang,EPA (C20:5),Pizza paj pirog färdig smörgås,0.0,g
6630,Pizza m. köttfärs restaurang,Arakidonsyra C20:4,Pizza paj pirog färdig smörgås,0.0,g
6630,Pizza m. köttfärs restaurang,Arakidinsyra C20:0,Pizza paj pirog färdig smörgås,0.0,g
6630,Pizza m. köttfärs restaurang,Linolensyra C18:3,Pizza paj pirog färdig smörgås,0.3,g
6630,Pizza m. köttfärs restaurang,Linolsyra C18:2,Pizza paj pirog färdig smörgås,1.1,g
6630,Pizza m. köttfärs restaurang,Oljesyra C18:1,Pizza paj pirog färdig smörgås,4.7,g
6630,Pizza m. köttfärs restaurang,Stearinsyra C18:0,Pizza paj pirog färdig smörgås,1.3,g
6630,Pizza m. köttfärs restaurang,Palmitoljesyra C16:1,Pizza paj pirog färdig smörgås,0.2,g
6630,Pizza m. köttfärs restaurang,Palmitinsyra C16:0,Pizza paj pirog färdig smörgås,4.1,g
6630,Pizza m. köttfärs restaurang,Myristinsyra C14:0,Pizza paj pirog färdig smörgås,1.4,g
6630,Pizza m. köttfärs restaurang,Laurinsyra C12:0,Pizza paj pirog färdig smörgås,0.5,g
6630,Pizza m. köttfärs restaurang,Betakaroten/β-Karoten,Pizza paj pirog färdig smörgås,119.0,µg
6630,Pizza m. köttfärs restaurang,Avfall (skal etc.),Pizza paj pirog färdig smörgås,0.0,%
6630,Pizza m. köttfärs restaurang,Aska,Pizza paj pirog färdig smörgås,2.7,g
6630,Pizza m. köttfärs restaurang,Alkohol,Pizza paj pirog färdig smörgås,0.0,g
6632,Pizza m. ost restaurang,"Zink, Zn",Pizza paj pirog färdig smörgås,1.8,mg
6632,Pizza m. ost restaurang,Vitamin E,Pizza paj pirog färdig smörgås,1.3,mg
6632,Pizza m. ost restaurang,Vitamin D,Pizza paj pirog färdig smörgås,0.0,µg
6632,Pizza m. ost restaurang,Vitamin C,Pizza paj pirog färdig smörgås,0.0,mg
6632,Pizza m. ost restaurang,Vitamin B6,Pizza paj pirog färdig smörgås,0.17,mg
6632,Pizza m. ost restaurang,Vitamin B12,Pizza paj pirog färdig smörgås,0.78,µg
6632,Pizza m. ost restaurang,Vitamin A,Pizza paj pirog färdig smörgås,145.3,RE/µg
6632,Pizza m. ost restaurang,Vatten,Pizza paj pirog färdig smörgås,38.1,g
6632,Pizza m. ost restaurang,Tiamin,Pizza paj pirog färdig smörgås,0.06,mg
6632,Pizza m. ost restaurang,Tillsatt socker,Pizza paj pirog färdig smörgås,0.0,g
6632,Pizza m. ost restaurang,Fritt socker,Pizza paj pirog färdig smörgås,0.0,g
6632,Pizza m. ost restaurang,"Selen, Se",Pizza paj pirog färdig smörgås,4.7,µg
6632,Pizza m. ost restaurang,Sackaros,Pizza paj pirog färdig smörgås,0.0,g
6632,Pizza m. ost restaurang,Riboflavin,Pizza paj pirog färdig smörgås,0.17,mg
6632,Pizza m. ost restaurang,Retinol,Pizza paj pirog färdig smörgås,136.7,µg
6632,Pizza m. ost restaurang,Protein,Pizza paj pirog färdig smörgås,16.5,g
6632,Pizza m. ost restaurang,Summa fleromättade fettsyror,Pizza paj pirog färdig smörgås,1.5,g
6632,Pizza m. ost restaurang,"Fosfor, P",Pizza paj pirog färdig smörgås,258.0,mg
6632,Pizza m. ost restaurang,Niacinekvivalenter,Pizza paj pirog färdig smörgås,6.5,NE/mg
6632,Pizza m. ost restaurang,Niacin,Pizza paj pirog färdig smörgås,2.65,mg
6632,Pizza m. ost restaurang,"Salt, NaCl",Pizza paj pirog färdig smörgås,1.5,g
6632,Pizza m. ost restaurang,"Natrium, Na",Pizza paj pirog färdig smörgås,601.0,mg
6632,Pizza m. ost restaurang,Monosackarider,Pizza paj pirog färdig smörgås,1.2,g
6632,Pizza m. ost restaurang,"Sockerarter, totalt",Pizza paj pirog färdig smörgås,2.3,g
6632,Pizza m. ost restaurang,Summa enkelomättade fettsyror,Pizza paj pirog färdig smörgås,5.8,g
6632,Pizza m. ost restaurang,"Magnesium, Mg",Pizza paj pirog färdig smörgås,27.0,mg
6632,Pizza m. ost restaurang,Summa mättade fettsyror,Pizza paj pirog färdig smörgås,11.3,g
6632,Pizza m. ost restaurang,"Kolhydrater, tillgängliga",Pizza paj pirog färdig smörgås,19.8,g
6632,Pizza m. ost restaurang,Kolesterol,Pizza paj pirog färdig smörgås,45.0,mg
6632,Pizza m. ost restaurang,"Kalium, K",Pizza paj pirog färdig smörgås,145.0,mg
6632,Pizza m. ost restaurang,"Jod, I",Pizza paj pirog färdig smörgås,16.8,µg
6632,Pizza m. ost restaurang,Fullkorn totalt,Pizza paj pirog färdig smörgås,0.0,g
6632,Pizza m. ost restaurang,"Folat, totalt",Pizza paj pirog färdig smörgås,18.8,µg
6632,Pizza m. ost restaurang,Fibrer,Pizza paj pirog färdig smörgås,3.2,g
6632,Pizza m. ost restaurang,"Fett, totalt",Pizza paj pirog färdig smörgås,19.7,g
6632,Pizza m. ost restaurang,"Järn, Fe",Pizza paj pirog färdig smörgås,0.5,mg
6632,Pizza m. ost restaurang,Energi (kJ),Pizza paj pirog färdig smörgås,1370.0,kJ
6632,Pizza m. ost restaurang,Energi (kcal),Pizza paj pirog färdig smörgås,328.0,kcal
6632,Pizza m. ost restaurang,Disackarider,Pizza paj pirog färdig smörgås,1.0,g
6632,Pizza m. ost restaurang,"Kalcium, Ca",Pizza paj pirog färdig smörgås,345.0,mg
6632,Pizza m. ost restaurang,Fettsyra 4:0-10:0,Pizza paj pirog färdig smörgås,1.5,g
6632,Pizza m. ost restaurang,DHA (C22:6),Pizza paj pirog färdig smörgås,0.0,g
6632,Pizza m. ost restaurang,DPA (C22:5),Pizza paj pirog färdig smörgås,0.0,g
6632,Pizza m. ost restaurang,EPA (C20:5),Pizza paj pirog färdig smörgås,0.0,g
6632,Pizza m. ost restaurang,Arakidonsyra C20:4,Pizza paj pirog färdig smörgås,0.0,g
6632,Pizza m. ost restaurang,Arakidinsyra C20:0,Pizza paj pirog färdig smörgås,0.0,g
6632,Pizza m. ost restaurang,Linolensyra C18:3,Pizza paj pirog färdig smörgås,0.3,g
6632,Pizza m. ost restaurang,Linolsyra C18:2,Pizza paj pirog färdig smörgås,1.2,g
6632,Pizza m. ost restaurang,Oljesyra C18:1,Pizza paj pirog färdig smörgås,5.2,g
6632,Pizza m. ost restaurang,Stearinsyra C18:0,Pizza paj pirog färdig smörgås,1.6,g
6632,Pizza m. ost restaurang,Palmitoljesyra C16:1,Pizza paj pirog färdig smörgås,0.3,g
6632,Pizza m. ost restaurang,Palmitinsyra C16:0,Pizza paj pirog färdig smörgås,5.2,g
6632,Pizza m. ost restaurang,Myristinsyra C14:0,Pizza paj pirog färdig smörgås,1.8,g
6632,Pizza m. ost restaurang,Laurinsyra C12:0,Pizza paj pirog färdig smörgås,0.6,g
6632,Pizza m. ost restaurang,Betakaroten/β-Karoten,Pizza paj pirog färdig smörgås,103.0,µg
6632,Pizza m. ost restaurang,Avfall (skal etc.),Pizza paj pirog färdig smörgås,0.0,%
6632,Pizza m. ost restaurang,Aska,Pizza paj pirog färdig smörgås,2.8,g
6632,Pizza m. ost restaurang,Alkohol,Pizza paj pirog färdig smörgås,0.0,g
6651,Rapsolja berikad,"Zink, Zn",Olja,0.0,mg
6651,Rapsolja berikad,Vitamin E,Olja,26.1,mg
6651,Rapsolja berikad,Vitamin D inkl 25-OH-D3,Olja,21.2,µg
6651,Rapsolja berikad,Vitamin D,Olja,21.2,µg
6651,Rapsolja berikad,Vitamin C,Olja,0.0,mg
6651,Rapsolja berikad,Vitamin B6,Olja,0.0,mg
6651,Rapsolja berikad,Vitamin B12,Olja,0.0,µg
6651,Rapsolja berikad,Vitamin A,Olja,0.0,RE/µg
6651,Rapsolja berikad,Vatten,Olja,0.0,g
6651,Rapsolja berikad,Tiamin,Olja,0.0,mg
6651,Rapsolja berikad,Tillsatt socker,Olja,0.0,g
6651,Rapsolja berikad,Fritt socker,Olja,0.0,g
6651,Rapsolja berikad,"Selen, Se",Olja,0.0,µg
6651,Rapsolja berikad,Sackaros,Olja,0.0,g
6651,Rapsolja berikad,Riboflavin,Olja,0.0,mg
6651,Rapsolja berikad,Retinol,Olja,0.0,µg
6651,Rapsolja berikad,Protein,Olja,0.0,g
6651,Rapsolja berikad,Summa fleromättade fettsyror,Olja,27.4,g
6651,Rapsolja berikad,"Fosfor, P",Olja,0.0,mg
6651,Rapsolja berikad,Niacinekvivalenter,Olja,0.0,NE/mg
6651,Rapsolja berikad,Niacin,Olja,0.0,mg
6651,Rapsolja berikad,"Salt, NaCl",Olja,0.0,g
6651,Rapsolja berikad,"Natrium, Na",Olja,0.0,mg
6651,Rapsolja berikad,Monosackarider,Olja,0.0,g
6651,Rapsolja berikad,"Sockerarter, totalt",Olja,0.0,g
6651,Rapsolja berikad,Summa enkelomättade fettsyror,Olja,61.3,g
6651,Rapsolja berikad,"Magnesium, Mg",Olja,0.0,mg
6651,Rapsolja berikad,Summa mättade fettsyror,Olja,7.1,g
6651,Rapsolja berikad,"Kolhydrater, tillgängliga",Olja,0.0,g
6651,Rapsolja berikad,Kolesterol,Olja,0.0,mg
6651,Rapsolja berikad,"Kalium, K",Olja,0.0,mg
6651,Rapsolja berikad,"Jod, I",Olja,0.0,µg
6651,Rapsolja berikad,Fullkorn totalt,Olja,0.0,g
6651,Rapsolja berikad,"Folat, totalt",Olja,0.0,µg
6651,Rapsolja berikad,Fibrer,Olja,0.0,g
6651,Rapsolja berikad,"Fett, totalt",Olja,100.0,g
6651,Rapsolja berikad,"Järn, Fe",Olja,0.0,mg
6651,Rapsolja berikad,Energi (kJ),Olja,3700.0,kJ
6651,Rapsolja berikad,Energi (kcal),Olja,884.0,kcal
6651,Rapsolja berikad,Disackarider,Olja,0.0,g
6651,Rapsolja berikad,"Kalcium, Ca",Olja,0.0,mg
6651,Rapsolja berikad,Fettsyra 4:0-10:0,Olja,0.0,g
6651,Rapsolja berikad,DHA (C22:6),Olja,0.0,g
6651,Rapsolja berikad,DPA (C22:5),Olja,0.0,g
6651,Rapsolja berikad,EPA (C20:5),Olja,0.0,g
6651,Rapsolja berikad,Arakidonsyra C20:4,Olja,0.0,g
6651,Rapsolja berikad,Arakidinsyra C20:0,Olja,0.6,g
6651,Rapsolja berikad,Linolensyra C18:3,Olja,8.5,g
6651,Rapsolja berikad,Linolsyra C18:2,Olja,18.8,g
6651,Rapsolja berikad,Oljesyra C18:1,Olja,59.3,g
6651,Rapsolja berikad,Stearinsyra C18:0,Olja,1.6,g
6651,Rapsolja berikad,Palmitoljesyra C16:1,Olja,0.2,g
6651,Rapsolja berikad,Palmitinsyra C16:0,Olja,4.3,g
6651,Rapsolja berikad,Myristinsyra C14:0,Olja,0.1,g
6651,Rapsolja berikad,Laurinsyra C12:0,Olja,0.0,g
6651,Rapsolja berikad,Betakaroten/β-Karoten,Olja,0.0,µg
6651,Rapsolja berikad,Avfall (skal etc.),Olja,0.0,%
6651,Rapsolja berikad,Aska,Olja,0.0,g
6651,Rapsolja berikad,Alkohol,Olja,0.0,g
6666,Muskotnöt malen,"Zink, Zn",Kryddor ,1.4,mg
6666,Muskotnöt malen,Vitamin E,Kryddor ,1.2,mg
6666,Muskotnöt malen,Vitamin D inkl 25-OH-D3,Kryddor ,0.0,µg
6666,Muskotnöt malen,Vitamin D,Kryddor ,0.0,µg
6666,Muskotnöt malen,Vitamin C,Kryddor ,0.0,mg
6666,Muskotnöt malen,Vitamin B6,Kryddor ,0.1,mg
6666,Muskotnöt malen,Vitamin B12,Kryddor ,0.0,µg
6666,Muskotnöt malen,Vitamin A,Kryddor ,1.3,RE/µg
6666,Muskotnöt malen,Vatten,Kryddor ,15.6,g
6666,Muskotnöt malen,Tiamin,Kryddor ,0.04,mg
6666,Muskotnöt malen,Tillsatt socker,Kryddor ,0.0,g
6666,Muskotnöt malen,Fritt socker,Kryddor ,0.0,g
6666,Muskotnöt malen,"Selen, Se",Kryddor ,7.3,µg
6666,Muskotnöt malen,Sackaros,Kryddor ,0.2,g
6666,Muskotnöt malen,Riboflavin,Kryddor ,0.05,mg
6666,Muskotnöt malen,Retinol,Kryddor ,0.0,µg
6666,Muskotnöt malen,Protein,Kryddor ,5.3,g
6666,Muskotnöt malen,Summa fleromättade fettsyror,Kryddor ,0.4,g
6666,Muskotnöt malen,"Fosfor, P",Kryddor ,207.0,mg
6666,Muskotnöt malen,Niacinekvivalenter,Kryddor ,1.4,NE/mg
6666,Muskotnöt malen,Niacin,Kryddor ,0.51,mg
6666,Muskotnöt malen,"Salt, NaCl",Kryddor ,0.0,g
6666,Muskotnöt malen,"Natrium, Na",Kryddor ,14.0,mg
6666,Muskotnöt malen,Monosackarider,Kryddor ,0.9,g
6666,Muskotnöt malen,"Sockerarter, totalt",Kryddor ,1.1,g
6666,Muskotnöt malen,Summa enkelomättade fettsyror,Kryddor ,3.0,g
6666,Muskotnöt malen,"Magnesium, Mg",Kryddor ,212.0,mg
6666,Muskotnöt malen,Summa mättade fettsyror,Kryddor ,26.2,g
6666,Muskotnöt malen,"Kolhydrater, tillgängliga",Kryddor ,28.6,g
6666,Muskotnöt malen,Kolesterol,Kryddor ,0.0,mg
6666,Muskotnöt malen,"Kalium, K",Kryddor ,474.0,mg
6666,Muskotnöt malen,"Jod, I",Kryddor ,0.0,µg
6666,Muskotnöt malen,Fullkorn totalt,Kryddor ,0.0,g
6666,Muskotnöt malen,"Folat, totalt",Kryddor ,74.8,µg
6666,Muskotnöt malen,Fibrer,Kryddor ,12.0,g
6666,Muskotnöt malen,"Fett, totalt",Kryddor ,36.5,g
6666,Muskotnöt malen,"Järn, Fe",Kryddor ,2.3,mg
6666,Muskotnöt malen,Energi (kJ),Kryddor ,2024.0,kJ
6666,Muskotnöt malen,Energi (kcal),Kryddor ,484.0,kcal
6666,Muskotnöt malen,Disackarider,Kryddor ,0.2,g
6666,Muskotnöt malen,"Kalcium, Ca",Kryddor ,148.0,mg
6666,Muskotnöt malen,Fettsyra 4:0-10:0,Kryddor ,0.0,g
6666,Muskotnöt malen,DHA (C22:6),Kryddor ,0.0,g
6666,Muskotnöt malen,DPA (C22:5),Kryddor ,0.0,g
6666,Muskotnöt malen,EPA (C20:5),Kryddor ,0.0,g
6666,Muskotnöt malen,Arakidonsyra C20:4,Kryddor ,0.0,g
6666,Muskotnöt malen,Arakidinsyra C20:0,Kryddor ,0.0,g
6666,Muskotnöt malen,Linolensyra C18:3,Kryddor ,0.1,g
6666,Muskotnöt malen,Linolsyra C18:2,Kryddor ,0.4,g
6666,Muskotnöt malen,Oljesyra C18:1,Kryddor ,1.6,g
6666,Muskotnöt malen,Stearinsyra C18:0,Kryddor ,0.2,g
6666,Muskotnöt malen,Palmitoljesyra C16:1,Kryddor ,1.4,g
6666,Muskotnöt malen,Palmitinsyra C16:0,Kryddor ,2.4,g
6666,Muskotnöt malen,Myristinsyra C14:0,Kryddor ,22.8,g
6666,Muskotnöt malen,Laurinsyra C12:0,Kryddor ,0.8,g
6666,Muskotnöt malen,Betakaroten/β-Karoten,Kryddor ,15.0,µg
6666,Muskotnöt malen,Avfall (skal etc.),Kryddor ,0.0,%
6666,Muskotnöt malen,Aska,Kryddor ,2.0,g
6666,Muskotnöt malen,Alkohol,Kryddor ,0.0,g
6675,Fisksås,"Zink, Zn","Senap ketchup HP-sås soja ""smaksättare""",1.6,mg
6675,Fisksås,Vitamin E,"Senap ketchup HP-sås soja ""smaksättare""",0.0,mg
6675,Fisksås,Vitamin D,"Senap ketchup HP-sås soja ""smaksättare""",0.0,µg
6675,Fisksås,Vitamin C,"Senap ketchup HP-sås soja ""smaksättare""",0.0,mg
6675,Fisksås,Vitamin B6,"Senap ketchup HP-sås soja ""smaksättare""",0.1,mg
6675,Fisksås,Vitamin B12,"Senap ketchup HP-sås soja ""smaksättare""",1.6,µg
6675,Fisksås,Vitamin A,"Senap ketchup HP-sås soja ""smaksättare""",0.0,RE/µg
6675,Fisksås,Vatten,"Senap ketchup HP-sås soja ""smaksättare""",65.5,g
6675,Fisksås,Tiamin,"Senap ketchup HP-sås soja ""smaksättare""",0.01,mg
6675,Fisksås,Tillsatt socker,"Senap ketchup HP-sås soja ""smaksättare""",3.0,g
6675,Fisksås,Fritt socker,"Senap ketchup HP-sås soja ""smaksättare""",3.0,g
6675,Fisksås,"Selen, Se","Senap ketchup HP-sås soja ""smaksättare""",46.0,µg
6675,Fisksås,Sackaros,"Senap ketchup HP-sås soja ""smaksättare""",2.6,g
6675,Fisksås,Riboflavin,"Senap ketchup HP-sås soja ""smaksättare""",0.1,mg
6675,Fisksås,Retinol,"Senap ketchup HP-sås soja ""smaksättare""",0.0,µg
6675,Fisksås,Protein,"Senap ketchup HP-sås soja ""smaksättare""",9.1,g
6675,Fisksås,Summa fleromättade fettsyror,"Senap ketchup HP-sås soja ""smaksättare""",0.0,g
6675,Fisksås,"Fosfor, P","Senap ketchup HP-sås soja ""smaksättare""",57.0,mg
6675,Fisksås,Niacinekvivalenter,"Senap ketchup HP-sås soja ""smaksättare""",4.8,NE/mg
6675,Fisksås,Niacin,"Senap ketchup HP-sås soja ""smaksättare""",3.3,mg
6675,Fisksås,"Salt, NaCl","Senap ketchup HP-sås soja ""smaksättare""",22.5,g
6675,Fisksås,"Natrium, Na","Senap ketchup HP-sås soja ""smaksättare""",9000.0,mg
6675,Fisksås,Monosackarider,"Senap ketchup HP-sås soja ""smaksättare""",0.0,g
6675,Fisksås,"Sockerarter, totalt","Senap ketchup HP-sås soja ""smaksättare""",2.6,g
6675,Fisksås,Summa enkelomättade fettsyror,"Senap ketchup HP-sås soja ""smaksättare""",0.0,g
6675,Fisksås,"Magnesium, Mg","Senap ketchup HP-sås soja ""smaksättare""",90.0,mg
6675,Fisksås,Summa mättade fettsyror,"Senap ketchup HP-sås soja ""smaksättare""",0.0,g
6675,Fisksås,"Kolhydrater, tillgängliga","Senap ketchup HP-sås soja ""smaksättare""",2.6,g
6675,Fisksås,Kolesterol,"Senap ketchup HP-sås soja ""smaksättare""",2.0,mg
6675,Fisksås,"Kalium, K","Senap ketchup HP-sås soja ""smaksättare""",230.0,mg
6675,Fisksås,"Jod, I","Senap ketchup HP-sås soja ""smaksättare""",27.0,µg
6675,Fisksås,Fullkorn totalt,"Senap ketchup HP-sås soja ""smaksättare""",0.0,g
6675,Fisksås,"Folat, totalt","Senap ketchup HP-sås soja ""smaksättare""",26.0,µg
6675,Fisksås,Fibrer,"Senap ketchup HP-sås soja ""smaksättare""",0.0,g
6675,Fisksås,"Fett, totalt","Senap ketchup HP-sås soja ""smaksättare""",0.1,g
6675,Fisksås,"Järn, Fe","Senap ketchup HP-sås soja ""smaksättare""",1.2,mg
6675,Fisksås,Energi (kJ),"Senap ketchup HP-sås soja ""smaksättare""",203.0,kJ
6675,Fisksås,Energi (kcal),"Senap ketchup HP-sås soja ""smaksättare""",48.0,kcal
6675,Fisksås,Disackarider,"Senap ketchup HP-sås soja ""smaksättare""",2.6,g
6675,Fisksås,"Kalcium, Ca","Senap ketchup HP-sås soja ""smaksättare""",20.0,mg
6675,Fisksås,Fettsyra 4:0-10:0,"Senap ketchup HP-sås soja ""smaksättare""",0.0,g
6675,Fisksås,DHA (C22:6),"Senap ketchup HP-sås soja ""smaksättare""",0.0,g
6675,Fisksås,DPA (C22:5),"Senap ketchup HP-sås soja ""smaksättare""",0.0,g
6675,Fisksås,EPA (C20:5),"Senap ketchup HP-sås soja ""smaksättare""",0.0,g
6675,Fisksås,Arakidonsyra C20:4,"Senap ketchup HP-sås soja ""smaksättare""",0.0,g
6675,Fisksås,Arakidinsyra C20:0,"Senap ketchup HP-sås soja ""smaksättare""",0.0,g
6675,Fisksås,Linolensyra C18:3,"Senap ketchup HP-sås soja ""smaksättare""",0.0,g
6675,Fisksås,Linolsyra C18:2,"Senap ketchup HP-sås soja ""smaksättare""",0.0,g
6675,Fisksås,Oljesyra C18:1,"Senap ketchup HP-sås soja ""smaksättare""",0.0,g
6675,Fisksås,Stearinsyra C18:0,"Senap ketchup HP-sås soja ""smaksättare""",0.0,g
6675,Fisksås,Palmitoljesyra C16:1,"Senap ketchup HP-sås soja ""smaksättare""",0.0,g
6675,Fisksås,Palmitinsyra C16:0,"Senap ketchup HP-sås soja ""smaksättare""",0.0,g
6675,Fisksås,Myristinsyra C14:0,"Senap ketchup HP-sås soja ""smaksättare""",0.0,g
6675,Fisksås,Laurinsyra C12:0,"Senap ketchup HP-sås soja ""smaksättare""",0.0,g
6675,Fisksås,Betakaroten/β-Karoten,"Senap ketchup HP-sås soja ""smaksättare""",0.0,µg
6675,Fisksås,Avfall (skal etc.),"Senap ketchup HP-sås soja ""smaksättare""",0.0,%
6675,Fisksås,Aska,"Senap ketchup HP-sås soja ""smaksättare""",22.7,g
6675,Fisksås,Alkohol,"Senap ketchup HP-sås soja ""smaksättare""",0.0,g
6676,Durra el. andra sorghumarter mjöl,"Zink, Zn",Mjöl stärkelse kli,1.3,mg
6676,Durra el. andra sorghumarter mjöl,Vitamin E,Mjöl stärkelse kli,0.2,mg
6676,Durra el. andra sorghumarter mjöl,Vitamin D inkl 25-OH-D3,Mjöl stärkelse kli,0.0,µg
6676,Durra el. andra sorghumarter mjöl,Vitamin D,Mjöl stärkelse kli,0.0,µg
6676,Durra el. andra sorghumarter mjöl,Vitamin C,Mjöl stärkelse kli,0.0,mg
6676,Durra el. andra sorghumarter mjöl,Vitamin B6,Mjöl stärkelse kli,0.24,mg
6676,Durra el. andra sorghumarter mjöl,Vitamin B12,Mjöl stärkelse kli,0.0,µg
6676,Durra el. andra sorghumarter mjöl,Vitamin A,Mjöl stärkelse kli,0.0,RE/µg
6676,Durra el. andra sorghumarter mjöl,Vatten,Mjöl stärkelse kli,12.5,g
6676,Durra el. andra sorghumarter mjöl,Tiamin,Mjöl stärkelse kli,0.1,mg
6676,Durra el. andra sorghumarter mjöl,Tillsatt socker,Mjöl stärkelse kli,0.0,g
6676,Durra el. andra sorghumarter mjöl,Fritt socker,Mjöl stärkelse kli,0.0,g
6676,Durra el. andra sorghumarter mjöl,"Selen, Se",Mjöl stärkelse kli,5.0,µg
6676,Durra el. andra sorghumarter mjöl,Sackaros,Mjöl stärkelse kli,0.5,g
6676,Durra el. andra sorghumarter mjöl,Riboflavin,Mjöl stärkelse kli,0.03,mg
6676,Durra el. andra sorghumarter mjöl,Retinol,Mjöl stärkelse kli,0.0,µg
6676,Durra el. andra sorghumarter mjöl,Protein,Mjöl stärkelse kli,9.5,g
6676,Durra el. andra sorghumarter mjöl,Summa fleromättade fettsyror,Mjöl stärkelse kli,1.1,g
6676,Durra el. andra sorghumarter mjöl,"Fosfor, P",Mjöl stärkelse kli,290.0,mg
6676,Durra el. andra sorghumarter mjöl,Niacinekvivalenter,Mjöl stärkelse kli,4.6,NE/mg
6676,Durra el. andra sorghumarter mjöl,Niacin,Mjöl stärkelse kli,3.0,mg
6676,Durra el. andra sorghumarter mjöl,"Salt, NaCl",Mjöl stärkelse kli,0.0,g
6676,Durra el. andra sorghumarter mjöl,"Natrium, Na",Mjöl stärkelse kli,2.0,mg
6676,Durra el. andra sorghumarter mjöl,Monosackarider,Mjöl stärkelse kli,0.1,g
6676,Durra el. andra sorghumarter mjöl,"Sockerarter, totalt",Mjöl stärkelse kli,0.6,g
6676,Durra el. andra sorghumarter mjöl,Summa enkelomättade fettsyror,Mjöl stärkelse kli,0.7,g
6676,Durra el. andra sorghumarter mjöl,"Magnesium, Mg",Mjöl stärkelse kli,110.0,mg
6676,Durra el. andra sorghumarter mjöl,Summa mättade fettsyror,Mjöl stärkelse kli,0.4,g
6676,Durra el. andra sorghumarter mjöl,"Kolhydrater, tillgängliga",Mjöl stärkelse kli,69.7,g
6676,Durra el. andra sorghumarter mjöl,Kolesterol,Mjöl stärkelse kli,0.0,mg
6676,Durra el. andra sorghumarter mjöl,"Kalium, K",Mjöl stärkelse kli,410.0,mg
6676,Durra el. andra sorghumarter mjöl,"Jod, I",Mjöl stärkelse kli,2.0,µg
6676,Durra el. andra sorghumarter mjöl,Fullkorn totalt,Mjöl stärkelse kli,0.0,g
6676,Durra el. andra sorghumarter mjöl,"Folat, totalt",Mjöl stärkelse kli,29.0,µg
6676,Durra el. andra sorghumarter mjöl,Fibrer,Mjöl stärkelse kli,4.4,g
6676,Durra el. andra sorghumarter mjöl,"Fett, totalt",Mjöl stärkelse kli,2.6,g
6676,Durra el. andra sorghumarter mjöl,"Järn, Fe",Mjöl stärkelse kli,2.4,mg
6676,Durra el. andra sorghumarter mjöl,Energi (kJ),Mjöl stärkelse kli,1478.0,kJ
6676,Durra el. andra sorghumarter mjöl,Energi (kcal),Mjöl stärkelse kli,353.0,kcal
6676,Durra el. andra sorghumarter mjöl,Disackarider,Mjöl stärkelse kli,0.5,g
6676,Durra el. andra sorghumarter mjöl,"Kalcium, Ca",Mjöl stärkelse kli,14.0,mg
6676,Durra el. andra sorghumarter mjöl,Fettsyra 4:0-10:0,Mjöl stärkelse kli,0.0,g
6676,Durra el. andra sorghumarter mjöl,DHA (C22:6),Mjöl stärkelse kli,0.0,g
6676,Durra el. andra sorghumarter mjöl,DPA (C22:5),Mjöl stärkelse kli,0.0,g
6676,Durra el. andra sorghumarter mjöl,EPA (C20:5),Mjöl stärkelse kli,0.0,g
6676,Durra el. andra sorghumarter mjöl,Arakidonsyra C20:4,Mjöl stärkelse kli,0.0,g
6676,Durra el. andra sorghumarter mjöl,Arakidinsyra C20:0,Mjöl stärkelse kli,0.0,g
6676,Durra el. andra sorghumarter mjöl,Linolensyra C18:3,Mjöl stärkelse kli,0.0,g
6676,Durra el. andra sorghumarter mjöl,Linolsyra C18:2,Mjöl stärkelse kli,1.0,g
6676,Durra el. andra sorghumarter mjöl,Oljesyra C18:1,Mjöl stärkelse kli,0.7,g
6676,Durra el. andra sorghumarter mjöl,Stearinsyra C18:0,Mjöl stärkelse kli,0.0,g
6676,Durra el. andra sorghumarter mjöl,Palmitoljesyra C16:1,Mjöl stärkelse kli,0.0,g
6676,Durra el. andra sorghumarter mjöl,Palmitinsyra C16:0,Mjöl stärkelse kli,0.4,g
6676,Durra el. andra sorghumarter mjöl,Myristinsyra C14:0,Mjöl stärkelse kli,0.0,g
6676,Durra el. andra sorghumarter mjöl,Laurinsyra C12:0,Mjöl stärkelse kli,0.0,g
6676,Durra el. andra sorghumarter mjöl,Betakaroten/β-Karoten,Mjöl stärkelse kli,0.0,µg
6676,Durra el. andra sorghumarter mjöl,Avfall (skal etc.),Mjöl stärkelse kli,0.0,%
6676,Durra el. andra sorghumarter mjöl,Aska,Mjöl stärkelse kli,1.3,g
6676,Durra el. andra sorghumarter mjöl,Alkohol,Mjöl stärkelse kli,0.0,g
6677,Amarant mjöl,"Zink, Zn",Mjöl stärkelse kli,5.8,mg
6677,Amarant mjöl,Vitamin E,Mjöl stärkelse kli,1.3,mg
6677,Amarant mjöl,Vitamin D inkl 25-OH-D3,Mjöl stärkelse kli,0.0,µg
6677,Amarant mjöl,Vitamin D,Mjöl stärkelse kli,0.0,µg
6677,Amarant mjöl,Vitamin C,Mjöl stärkelse kli,0.0,mg
6677,Amarant mjöl,Vitamin B6,Mjöl stärkelse kli,0.58,mg
6677,Amarant mjöl,Vitamin B12,Mjöl stärkelse kli,0.0,µg
6677,Amarant mjöl,Vitamin A,Mjöl stärkelse kli,0.2,RE/µg
6677,Amarant mjöl,Vatten,Mjöl stärkelse kli,13.5,g
6677,Amarant mjöl,Tiamin,Mjöl stärkelse kli,0.04,mg
6677,Amarant mjöl,Tillsatt socker,Mjöl stärkelse kli,0.0,g
6677,Amarant mjöl,Fritt socker,Mjöl stärkelse kli,0.0,g
6677,Amarant mjöl,"Selen, Se",Mjöl stärkelse kli,13.0,µg
6677,Amarant mjöl,Sackaros,Mjöl stärkelse kli,1.4,g
6677,Amarant mjöl,Riboflavin,Mjöl stärkelse kli,0.14,mg
6677,Amarant mjöl,Retinol,Mjöl stärkelse kli,0.0,µg
6677,Amarant mjöl,Protein,Mjöl stärkelse kli,15.0,g
6677,Amarant mjöl,Summa fleromättade fettsyror,Mjöl stärkelse kli,2.1,g
6677,Amarant mjöl,"Fosfor, P",Mjöl stärkelse kli,540.0,mg
6677,Amarant mjöl,Niacinekvivalenter,Mjöl stärkelse kli,3.5,NE/mg
6677,Amarant mjöl,Niacin,Mjöl stärkelse kli,1.0,mg
6677,Amarant mjöl,"Salt, NaCl",Mjöl stärkelse kli,0.0,g
6677,Amarant mjöl,"Natrium, Na",Mjöl stärkelse kli,1.0,mg
6677,Amarant mjöl,Monosackarider,Mjöl stärkelse kli,0.3,g
6677,Amarant mjöl,"Sockerarter, totalt",Mjöl stärkelse kli,1.7,g
6677,Amarant mjöl,Summa enkelomättade fettsyror,Mjöl stärkelse kli,1.5,g
6677,Amarant mjöl,"Magnesium, Mg",Mjöl stärkelse kli,270.0,mg
6677,Amarant mjöl,Summa mättade fettsyror,Mjöl stärkelse kli,1.2,g
6677,Amarant mjöl,"Kolhydrater, tillgängliga",Mjöl stärkelse kli,55.2,g
6677,Amarant mjöl,Kolesterol,Mjöl stärkelse kli,0.0,mg
6677,Amarant mjöl,"Kalium, K",Mjöl stärkelse kli,600.0,mg
6677,Amarant mjöl,"Jod, I",Mjöl stärkelse kli,1.0,µg
6677,Amarant mjöl,Fullkorn totalt,Mjöl stärkelse kli,0.0,g
6677,Amarant mjöl,"Folat, totalt",Mjöl stärkelse kli,130.0,µg
6677,Amarant mjöl,Fibrer,Mjöl stärkelse kli,7.4,g
6677,Amarant mjöl,"Fett, totalt",Mjöl stärkelse kli,6.0,g
6677,Amarant mjöl,"Järn, Fe",Mjöl stärkelse kli,9.4,mg
6677,Amarant mjöl,Energi (kJ),Mjöl stärkelse kli,1474.0,kJ
6677,Amarant mjöl,Energi (kcal),Mjöl stärkelse kli,352.0,kcal
6677,Amarant mjöl,Disackarider,Mjöl stärkelse kli,1.4,g
6677,Amarant mjöl,"Kalcium, Ca",Mjöl stärkelse kli,160.0,mg
6677,Amarant mjöl,Arakidonsyra C20:4,Mjöl stärkelse kli,0.0,g
6677,Amarant mjöl,Arakidinsyra C20:0,Mjöl stärkelse kli,0.0,g
6677,Amarant mjöl,Linolensyra C18:3,Mjöl stärkelse kli,0.0,g
6677,Amarant mjöl,Oljesyra C18:1,Mjöl stärkelse kli,1.5,g
6677,Amarant mjöl,Stearinsyra C18:0,Mjöl stärkelse kli,0.2,g
6677,Amarant mjöl,Palmitoljesyra C16:1,Mjöl stärkelse kli,0.0,g
6677,Amarant mjöl,Palmitinsyra C16:0,Mjöl stärkelse kli,0.9,g
6677,Amarant mjöl,Myristinsyra C14:0,Mjöl stärkelse kli,0.0,g
6677,Amarant mjöl,Laurinsyra C12:0,Mjöl stärkelse kli,0.0,g
6677,Amarant mjöl,Betakaroten/β-Karoten,Mjöl stärkelse kli,2.0,µg
6677,Amarant mjöl,Avfall (skal etc.),Mjöl stärkelse kli,0.0,%
6677,Amarant mjöl,Aska,Mjöl stärkelse kli,2.9,g
6677,Amarant mjöl,Alkohol,Mjöl stärkelse kli,0.0,g
6678,Kiwi gul,"Zink, Zn",Frukt färsk fryst,0.1,mg
6678,Kiwi gul,Vitamin E,Frukt färsk fryst,1.1,mg
6678,Kiwi gul,Vitamin D inkl 25-OH-D3,Frukt färsk fryst,0.0,µg
6678,Kiwi gul,Vitamin D,Frukt färsk fryst,0.0,µg
6678,Kiwi gul,Vitamin C,Frukt färsk fryst,152.0,mg
6678,Kiwi gul,Vitamin B6,Frukt färsk fryst,0.18,mg
6678,Kiwi gul,Vitamin B12,Frukt färsk fryst,0.0,µg
6678,Kiwi gul,Vitamin A,Frukt färsk fryst,1.9,RE/µg
6678,Kiwi gul,Vatten,Frukt färsk fryst,81.5,g
6678,Kiwi gul,Tiamin,Frukt färsk fryst,0.02,mg
6678,Kiwi gul,Tillsatt socker,Frukt färsk fryst,0.0,g
6678,Kiwi gul,Fritt socker,Frukt färsk fryst,0.0,g
6678,Kiwi gul,"Selen, Se",Frukt färsk fryst,0.6,µg
6678,Kiwi gul,Sackaros,Frukt färsk fryst,1.5,g
6678,Kiwi gul,Riboflavin,Frukt färsk fryst,0.04,mg
6678,Kiwi gul,Retinol,Frukt färsk fryst,0.0,µg
6678,Kiwi gul,Protein,Frukt färsk fryst,0.6,g
6678,Kiwi gul,Summa fleromättade fettsyror,Frukt färsk fryst,0.2,g
6678,Kiwi gul,"Fosfor, P",Frukt färsk fryst,24.0,mg
6678,Kiwi gul,Niacinekvivalenter,Frukt färsk fryst,0.3,NE/mg
6678,Kiwi gul,Niacin,Frukt färsk fryst,0.19,mg
6678,Kiwi gul,"Salt, NaCl",Frukt färsk fryst,0.0,g
6678,Kiwi gul,"Natrium, Na",Frukt färsk fryst,1.0,mg
6678,Kiwi gul,Monosackarider,Frukt färsk fryst,9.5,g
6678,Kiwi gul,"Sockerarter, totalt",Frukt färsk fryst,11.0,g
6678,Kiwi gul,Summa enkelomättade fettsyror,Frukt färsk fryst,0.0,g
6678,Kiwi gul,"Magnesium, Mg",Frukt färsk fryst,12.0,mg
6678,Kiwi gul,Summa mättade fettsyror,Frukt färsk fryst,0.0,g
6678,Kiwi gul,"Kolhydrater, tillgängliga",Frukt färsk fryst,15.9,g
6678,Kiwi gul,Kolesterol,Frukt färsk fryst,0.0,mg
6678,Kiwi gul,"Kalium, K",Frukt färsk fryst,298.0,mg
6678,Kiwi gul,"Jod, I",Frukt färsk fryst,0.0,µg
6678,Kiwi gul,Fullkorn totalt,Frukt färsk fryst,0.0,g
6678,Kiwi gul,"Folat, totalt",Frukt färsk fryst,82.0,µg
6678,Kiwi gul,Fibrer,Frukt färsk fryst,1.1,g
6678,Kiwi gul,"Fett, totalt",Frukt färsk fryst,0.3,g
6678,Kiwi gul,"Järn, Fe",Frukt färsk fryst,0.2,mg
6678,Kiwi gul,Energi (kJ),Frukt färsk fryst,301.0,kJ
6678,Kiwi gul,Energi (kcal),Frukt färsk fryst,72.0,kcal
6678,Kiwi gul,Disackarider,Frukt färsk fryst,1.5,g
6678,Kiwi gul,"Kalcium, Ca",Frukt färsk fryst,14.0,mg
6678,Kiwi gul,Fettsyra 4:0-10:0,Frukt färsk fryst,0.0,g
6678,Kiwi gul,DHA (C22:6),Frukt färsk fryst,0.0,g
6678,Kiwi gul,DPA (C22:5),Frukt färsk fryst,0.0,g
6678,Kiwi gul,EPA (C20:5),Frukt färsk fryst,0.0,g
6678,Kiwi gul,Arakidonsyra C20:4,Frukt färsk fryst,0.0,g
6678,Kiwi gul,Arakidinsyra C20:0,Frukt färsk fryst,0.0,g
6678,Kiwi gul,Linolensyra C18:3,Frukt färsk fryst,0.1,g
6678,Kiwi gul,Linolsyra C18:2,Frukt färsk fryst,0.1,g
6678,Kiwi gul,Oljesyra C18:1,Frukt färsk fryst,0.0,g
6678,Kiwi gul,Stearinsyra C18:0,Frukt färsk fryst,0.0,g
6678,Kiwi gul,Palmitoljesyra C16:1,Frukt färsk fryst,0.0,g
6678,Kiwi gul,Palmitinsyra C16:0,Frukt färsk fryst,0.0,g
6678,Kiwi gul,Myristinsyra C14:0,Frukt färsk fryst,0.0,g
6678,Kiwi gul,Laurinsyra C12:0,Frukt färsk fryst,0.0,g
6678,Kiwi gul,Betakaroten/β-Karoten,Frukt färsk fryst,20.0,µg
6678,Kiwi gul,Avfall (skal etc.),Frukt färsk fryst,15.0,%
6678,Kiwi gul,Aska,Frukt färsk fryst,0.6,g
6678,Kiwi gul,Alkohol,Frukt färsk fryst,0.0,g
6682,Sojasås shoyu,"Zink, Zn","Senap ketchup HP-sås soja ""smaksättare""",0.9,mg
6682,Sojasås shoyu,Vitamin E,"Senap ketchup HP-sås soja ""smaksättare""",0.0,mg
6682,Sojasås shoyu,Vitamin D inkl 25-OH-D3,"Senap ketchup HP-sås soja ""smaksättare""",0.0,µg
6682,Sojasås shoyu,Vitamin D,"Senap ketchup HP-sås soja ""smaksättare""",0.0,µg
6682,Sojasås shoyu,Vitamin C,"Senap ketchup HP-sås soja ""smaksättare""",0.0,mg
6682,Sojasås shoyu,Vitamin B6,"Senap ketchup HP-sås soja ""smaksättare""",0.17,mg
6682,Sojasås shoyu,Vitamin B12,"Senap ketchup HP-sås soja ""smaksättare""",0.1,µg
6682,Sojasås shoyu,Vitamin A,"Senap ketchup HP-sås soja ""smaksättare""",0.0,RE/µg
6682,Sojasås shoyu,Vatten,"Senap ketchup HP-sås soja ""smaksättare""",67.1,g
6682,Sojasås shoyu,Tiamin,"Senap ketchup HP-sås soja ""smaksättare""",0.05,mg
6682,Sojasås shoyu,Tillsatt socker,"Senap ketchup HP-sås soja ""smaksättare""",0.0,g
6682,Sojasås shoyu,Fritt socker,"Senap ketchup HP-sås soja ""smaksättare""",0.0,g
6682,Sojasås shoyu,"Selen, Se","Senap ketchup HP-sås soja ""smaksättare""",11.0,µg
6682,Sojasås shoyu,Sackaros,"Senap ketchup HP-sås soja ""smaksättare""",0.1,g
6682,Sojasås shoyu,Riboflavin,"Senap ketchup HP-sås soja ""smaksättare""",0.17,mg
6682,Sojasås shoyu,Retinol,"Senap ketchup HP-sås soja ""smaksättare""",0.0,µg
6682,Sojasås shoyu,Protein,"Senap ketchup HP-sås soja ""smaksättare""",7.7,g
6682,Sojasås shoyu,Summa fleromättade fettsyror,"Senap ketchup HP-sås soja ""smaksättare""",0.0,g
6682,Sojasås shoyu,"Fosfor, P","Senap ketchup HP-sås soja ""smaksättare""",160.0,mg
6682,Sojasås shoyu,Niacinekvivalenter,"Senap ketchup HP-sås soja ""smaksättare""",2.6,NE/mg
6682,Sojasås shoyu,Niacin,"Senap ketchup HP-sås soja ""smaksättare""",1.3,mg
6682,Sojasås shoyu,"Salt, NaCl","Senap ketchup HP-sås soja ""smaksättare""",14.2,g
6682,Sojasås shoyu,"Natrium, Na","Senap ketchup HP-sås soja ""smaksättare""",5700.0,mg
6682,Sojasås shoyu,Monosackarider,"Senap ketchup HP-sås soja ""smaksättare""",1.0,g
6682,Sojasås shoyu,"Sockerarter, totalt","Senap ketchup HP-sås soja ""smaksättare""",1.1,g
6682,Sojasås shoyu,Summa enkelomättade fettsyror,"Senap ketchup HP-sås soja ""smaksättare""",0.0,g
6682,Sojasås shoyu,"Magnesium, Mg","Senap ketchup HP-sås soja ""smaksättare""",65.0,mg
6682,Sojasås shoyu,Summa mättade fettsyror,"Senap ketchup HP-sås soja ""smaksättare""",0.0,g
6682,Sojasås shoyu,"Kolhydrater, tillgängliga","Senap ketchup HP-sås soja ""smaksättare""",10.1,g
6682,Sojasås shoyu,Kolesterol,"Senap ketchup HP-sås soja ""smaksättare""",0.0,mg
6682,Sojasås shoyu,"Kalium, K","Senap ketchup HP-sås soja ""smaksättare""",390.0,mg
6682,Sojasås shoyu,"Jod, I","Senap ketchup HP-sås soja ""smaksättare""",1.0,µg
6682,Sojasås shoyu,Fullkorn totalt,"Senap ketchup HP-sås soja ""smaksättare""",0.0,g
6682,Sojasås shoyu,"Folat, totalt","Senap ketchup HP-sås soja ""smaksättare""",33.0,µg
6682,Sojasås shoyu,Fibrer,"Senap ketchup HP-sås soja ""smaksättare""",0.0,g
6682,Sojasås shoyu,"Fett, totalt","Senap ketchup HP-sås soja ""smaksättare""",0.0,g
6682,Sojasås shoyu,"Järn, Fe","Senap ketchup HP-sås soja ""smaksättare""",1.7,mg
6682,Sojasås shoyu,Energi (kJ),"Senap ketchup HP-sås soja ""smaksättare""",303.0,kJ
6682,Sojasås shoyu,Energi (kcal),"Senap ketchup HP-sås soja ""smaksättare""",72.0,kcal
6682,Sojasås shoyu,Disackarider,"Senap ketchup HP-sås soja ""smaksättare""",0.1,g
6682,Sojasås shoyu,"Kalcium, Ca","Senap ketchup HP-sås soja ""smaksättare""",29.0,mg
6682,Sojasås shoyu,Fettsyra 4:0-10:0,"Senap ketchup HP-sås soja ""smaksättare""",0.0,g
6682,Sojasås shoyu,DHA (C22:6),"Senap ketchup HP-sås soja ""smaksättare""",0.0,g
6682,Sojasås shoyu,DPA (C22:5),"Senap ketchup HP-sås soja ""smaksättare""",0.0,g
6682,Sojasås shoyu,EPA (C20:5),"Senap ketchup HP-sås soja ""smaksättare""",0.0,g
6682,Sojasås shoyu,Arakidonsyra C20:4,"Senap ketchup HP-sås soja ""smaksättare""",0.0,g
6682,Sojasås shoyu,Arakidinsyra C20:0,"Senap ketchup HP-sås soja ""smaksättare""",0.0,g
6682,Sojasås shoyu,Linolensyra C18:3,"Senap ketchup HP-sås soja ""smaksättare""",0.0,g
6682,Sojasås shoyu,Linolsyra C18:2,"Senap ketchup HP-sås soja ""smaksättare""",0.0,g
6682,Sojasås shoyu,Oljesyra C18:1,"Senap ketchup HP-sås soja ""smaksättare""",0.0,g
6682,Sojasås shoyu,Stearinsyra C18:0,"Senap ketchup HP-sås soja ""smaksättare""",0.0,g
6682,Sojasås shoyu,Palmitoljesyra C16:1,"Senap ketchup HP-sås soja ""smaksättare""",0.0,g
6682,Sojasås shoyu,Palmitinsyra C16:0,"Senap ketchup HP-sås soja ""smaksättare""",0.0,g
6682,Sojasås shoyu,Myristinsyra C14:0,"Senap ketchup HP-sås soja ""smaksättare""",0.0,g
6682,Sojasås shoyu,Laurinsyra C12:0,"Senap ketchup HP-sås soja ""smaksättare""",0.0,g
6682,Sojasås shoyu,Betakaroten/β-Karoten,"Senap ketchup HP-sås soja ""smaksättare""",0.0,µg
6682,Sojasås shoyu,Avfall (skal etc.),"Senap ketchup HP-sås soja ""smaksättare""",0.0,%
6682,Sojasås shoyu,Aska,"Senap ketchup HP-sås soja ""smaksättare""",15.1,g
6682,Sojasås shoyu,Alkohol,"Senap ketchup HP-sås soja ""smaksättare""",0.0,g
6695,Pizzadeg tillagad hemlagad,"Zink, Zn",Pizza paj pirog färdig smörgås,0.6,mg
6695,Pizzadeg tillagad hemlagad,Vitamin E,Pizza paj pirog färdig smörgås,1.3,mg
6695,Pizzadeg tillagad hemlagad,Vitamin D inkl 25-OH-D3,Pizza paj pirog färdig smörgås,0.0,µg
6695,Pizzadeg tillagad hemlagad,Vitamin D,Pizza paj pirog färdig smörgås,0.0,µg
6695,Pizzadeg tillagad hemlagad,Vitamin C,Pizza paj pirog färdig smörgås,1.1,mg
6695,Pizzadeg tillagad hemlagad,Vitamin B6,Pizza paj pirog färdig smörgås,0.05,mg
6695,Pizzadeg tillagad hemlagad,Vitamin B12,Pizza paj pirog färdig smörgås,0.0,µg
6695,Pizzadeg tillagad hemlagad,Vitamin A,Pizza paj pirog färdig smörgås,0.4,RE/µg
6695,Pizzadeg tillagad hemlagad,Vatten,Pizza paj pirog färdig smörgås,44.4,g
6695,Pizzadeg tillagad hemlagad,Tiamin,Pizza paj pirog färdig smörgås,0.08,mg
6695,Pizzadeg tillagad hemlagad,Tillsatt socker,Pizza paj pirog färdig smörgås,0.0,g
6695,Pizzadeg tillagad hemlagad,Fritt socker,Pizza paj pirog färdig smörgås,0.0,g
6695,Pizzadeg tillagad hemlagad,"Selen, Se",Pizza paj pirog färdig smörgås,5.2,µg
6695,Pizzadeg tillagad hemlagad,Sackaros,Pizza paj pirog färdig smörgås,0.2,g
6695,Pizzadeg tillagad hemlagad,Riboflavin,Pizza paj pirog färdig smörgås,0.06,mg
6695,Pizzadeg tillagad hemlagad,Retinol,Pizza paj pirog färdig smörgås,0.0,µg
6695,Pizzadeg tillagad hemlagad,Protein,Pizza paj pirog färdig smörgås,5.4,g
6695,Pizzadeg tillagad hemlagad,Summa fleromättade fettsyror,Pizza paj pirog färdig smörgås,1.5,g
6695,Pizzadeg tillagad hemlagad,"Fosfor, P",Pizza paj pirog färdig smörgås,89.0,mg
6695,Pizzadeg tillagad hemlagad,Niacinekvivalenter,Pizza paj pirog färdig smörgås,1.64,NE/mg
6695,Pizzadeg tillagad hemlagad,Niacin,Pizza paj pirog färdig smörgås,0.73,mg
6695,Pizzadeg tillagad hemlagad,"Salt, NaCl",Pizza paj pirog färdig smörgås,0.5,g
6695,Pizzadeg tillagad hemlagad,"Natrium, Na",Pizza paj pirog färdig smörgås,208.0,mg
6695,Pizzadeg tillagad hemlagad,Monosackarider,Pizza paj pirog färdig smörgås,0.1,g
6695,Pizzadeg tillagad hemlagad,"Sockerarter, totalt",Pizza paj pirog färdig smörgås,1.0,g
6695,Pizzadeg tillagad hemlagad,Summa enkelomättade fettsyror,Pizza paj pirog färdig smörgås,2.5,g
6695,Pizzadeg tillagad hemlagad,"Magnesium, Mg",Pizza paj pirog färdig smörgås,21.0,mg
6695,Pizzadeg tillagad hemlagad,Summa mättade fettsyror,Pizza paj pirog färdig smörgås,0.4,g
6695,Pizzadeg tillagad hemlagad,"Kolhydrater, tillgängliga",Pizza paj pirog färdig smörgås,41.3,g
6695,Pizzadeg tillagad hemlagad,Kolesterol,Pizza paj pirog färdig smörgås,0.0,mg
6695,Pizzadeg tillagad hemlagad,"Kalium, K",Pizza paj pirog färdig smörgås,127.0,mg
6695,Pizzadeg tillagad hemlagad,"Jod, I",Pizza paj pirog färdig smörgås,27.6,µg
6695,Pizzadeg tillagad hemlagad,Fullkorn totalt,Pizza paj pirog färdig smörgås,9.0,g
6695,Pizzadeg tillagad hemlagad,"Folat, totalt",Pizza paj pirog färdig smörgås,31.2,µg
6695,Pizzadeg tillagad hemlagad,Fibrer,Pizza paj pirog färdig smörgås,3.0,g
6695,Pizzadeg tillagad hemlagad,"Fett, totalt",Pizza paj pirog färdig smörgås,5.0,g
6695,Pizzadeg tillagad hemlagad,"Järn, Fe",Pizza paj pirog färdig smörgås,0.7,mg
6695,Pizzadeg tillagad hemlagad,Energi (kJ),Pizza paj pirog färdig smörgås,1002.0,kJ
6695,Pizzadeg tillagad hemlagad,Energi (kcal),Pizza paj pirog färdig smörgås,240.0,kcal
6695,Pizzadeg tillagad hemlagad,Disackarider,Pizza paj pirog färdig smörgås,0.8,g
6695,Pizzadeg tillagad hemlagad,"Kalcium, Ca",Pizza paj pirog färdig smörgås,15.0,mg
6695,Pizzadeg tillagad hemlagad,Fettsyra 4:0-10:0,Pizza paj pirog färdig smörgås,0.0,g
6695,Pizzadeg tillagad hemlagad,DHA (C22:6),Pizza paj pirog färdig smörgås,0.0,g
6695,Pizzadeg tillagad hemlagad,DPA (C22:5),Pizza paj pirog färdig smörgås,0.0,g
6695,Pizzadeg tillagad hemlagad,EPA (C20:5),Pizza paj pirog färdig smörgås,0.0,g
6695,Pizzadeg tillagad hemlagad,Arakidonsyra C20:4,Pizza paj pirog färdig smörgås,0.0,g
6695,Pizzadeg tillagad hemlagad,Arakidinsyra C20:0,Pizza paj pirog färdig smörgås,0.0,g
6695,Pizzadeg tillagad hemlagad,Linolensyra C18:3,Pizza paj pirog färdig smörgås,0.4,g
6695,Pizzadeg tillagad hemlagad,Linolsyra C18:2,Pizza paj pirog färdig smörgås,1.2,g
6695,Pizzadeg tillagad hemlagad,Oljesyra C18:1,Pizza paj pirog färdig smörgås,2.4,g
6695,Pizzadeg tillagad hemlagad,Stearinsyra C18:0,Pizza paj pirog färdig smörgås,0.1,g
6695,Pizzadeg tillagad hemlagad,Palmitoljesyra C16:1,Pizza paj pirog färdig smörgås,0.0,g
6695,Pizzadeg tillagad hemlagad,Palmitinsyra C16:0,Pizza paj pirog färdig smörgås,0.3,g
6695,Pizzadeg tillagad hemlagad,Myristinsyra C14:0,Pizza paj pirog färdig smörgås,0.0,g
6695,Pizzadeg tillagad hemlagad,Laurinsyra C12:0,Pizza paj pirog färdig smörgås,0.0,g
6695,Pizzadeg tillagad hemlagad,Betakaroten/β-Karoten,Pizza paj pirog färdig smörgås,4.0,µg
6695,Pizzadeg tillagad hemlagad,Avfall (skal etc.),Pizza paj pirog färdig smörgås,0.0,%
6695,Pizzadeg tillagad hemlagad,Aska,Pizza paj pirog färdig smörgås,0.9,g
6695,Pizzadeg tillagad hemlagad,Alkohol,Pizza paj pirog färdig smörgås,0.0,g
6701,Insalata Caprese,"Zink, Zn",Grönsaks- rotfrukts- baljväxträtter o produkter,0.9,mg
6701,Insalata Caprese,Vitamin E,Grönsaks- rotfrukts- baljväxträtter o produkter,1.8,mg
6701,Insalata Caprese,Vitamin D,Grönsaks- rotfrukts- baljväxträtter o produkter,0.0,µg
6701,Insalata Caprese,Vitamin C,Grönsaks- rotfrukts- baljväxträtter o produkter,8.3,mg
6701,Insalata Caprese,Vitamin B6,Grönsaks- rotfrukts- baljväxträtter o produkter,0.06,mg
6701,Insalata Caprese,Vitamin B12,Grönsaks- rotfrukts- baljväxträtter o produkter,0.37,µg
6701,Insalata Caprese,Vitamin A,Grönsaks- rotfrukts- baljväxträtter o produkter,87.2,RE/µg
6701,Insalata Caprese,Vatten,Grönsaks- rotfrukts- baljväxträtter o produkter,77.3,g
6701,Insalata Caprese,Tiamin,Grönsaks- rotfrukts- baljväxträtter o produkter,0.02,mg
6701,Insalata Caprese,Tillsatt socker,Grönsaks- rotfrukts- baljväxträtter o produkter,0.0,g
6701,Insalata Caprese,Fritt socker,Grönsaks- rotfrukts- baljväxträtter o produkter,0.0,g
6701,Insalata Caprese,"Selen, Se",Grönsaks- rotfrukts- baljväxträtter o produkter,0.0,µg
6701,Insalata Caprese,Sackaros,Grönsaks- rotfrukts- baljväxträtter o produkter,0.0,g
6701,Insalata Caprese,Riboflavin,Grönsaks- rotfrukts- baljväxträtter o produkter,0.07,mg
6701,Insalata Caprese,Retinol,Grönsaks- rotfrukts- baljväxträtter o produkter,55.3,µg
6701,Insalata Caprese,Protein,Grönsaks- rotfrukts- baljväxträtter o produkter,5.8,g
6701,Insalata Caprese,Summa fleromättade fettsyror,Grönsaks- rotfrukts- baljväxträtter o produkter,0.9,g
6701,Insalata Caprese,"Fosfor, P",Grönsaks- rotfrukts- baljväxträtter o produkter,92.0,mg
6701,Insalata Caprese,Niacinekvivalenter,Grönsaks- rotfrukts- baljväxträtter o produkter,1.63,NE/mg
6701,Insalata Caprese,Niacin,Grönsaks- rotfrukts- baljväxträtter o produkter,0.33,mg
6701,Insalata Caprese,"Salt, NaCl",Grönsaks- rotfrukts- baljväxträtter o produkter,0.8,g
6701,Insalata Caprese,"Natrium, Na",Grönsaks- rotfrukts- baljväxträtter o produkter,338.0,mg
6701,Insalata Caprese,Monosackarider,Grönsaks- rotfrukts- baljväxträtter o produkter,1.5,g
6701,Insalata Caprese,"Sockerarter, totalt",Grönsaks- rotfrukts- baljväxträtter o produkter,1.6,g
6701,Insalata Caprese,Summa enkelomättade fettsyror,Grönsaks- rotfrukts- baljväxträtter o produkter,6.5,g
6701,Insalata Caprese,"Magnesium, Mg",Grönsaks- rotfrukts- baljväxträtter o produkter,12.0,mg
6701,Insalata Caprese,Summa mättade fettsyror,Grönsaks- rotfrukts- baljväxträtter o produkter,4.6,g
6701,Insalata Caprese,"Kolhydrater, tillgängliga",Grönsaks- rotfrukts- baljväxträtter o produkter,1.8,g
6701,Insalata Caprese,Kolesterol,Grönsaks- rotfrukts- baljväxträtter o produkter,17.5,mg
6701,Insalata Caprese,"Kalium, K",Grönsaks- rotfrukts- baljväxträtter o produkter,152.0,mg
6701,Insalata Caprese,"Jod, I",Grönsaks- rotfrukts- baljväxträtter o produkter,41.7,µg
6701,Insalata Caprese,Fullkorn totalt,Grönsaks- rotfrukts- baljväxträtter o produkter,0.0,g
6701,Insalata Caprese,"Folat, totalt",Grönsaks- rotfrukts- baljväxträtter o produkter,13.3,µg
6701,Insalata Caprese,Fibrer,Grönsaks- rotfrukts- baljväxträtter o produkter,0.8,g
6701,Insalata Caprese,"Fett, totalt",Grönsaks- rotfrukts- baljväxträtter o produkter,12.8,g
6701,Insalata Caprese,"Järn, Fe",Grönsaks- rotfrukts- baljväxträtter o produkter,0.2,mg
6701,Insalata Caprese,Energi (kJ),Grönsaks- rotfrukts- baljväxträtter o produkter,609.0,kJ
6701,Insalata Caprese,Energi (kcal),Grönsaks- rotfrukts- baljväxträtter o produkter,146.0,kcal
6701,Insalata Caprese,Disackarider,Grönsaks- rotfrukts- baljväxträtter o produkter,0.1,g
6701,Insalata Caprese,"Kalcium, Ca",Grönsaks- rotfrukts- baljväxträtter o produkter,117.0,mg
6701,Insalata Caprese,Fettsyra 4:0-10:0,Grönsaks- rotfrukts- baljväxträtter o produkter,0.4,g
6701,Insalata Caprese,DHA (C22:6),Grönsaks- rotfrukts- baljväxträtter o produkter,0.0,g
6701,Insalata Caprese,DPA (C22:5),Grönsaks- rotfrukts- baljväxträtter o produkter,0.0,g
6701,Insalata Caprese,EPA (C20:5),Grönsaks- rotfrukts- baljväxträtter o produkter,0.0,g
6701,Insalata Caprese,Arakidonsyra C20:4,Grönsaks- rotfrukts- baljväxträtter o produkter,0.0,g
6701,Insalata Caprese,Arakidinsyra C20:0,Grönsaks- rotfrukts- baljväxträtter o produkter,0.0,g
6701,Insalata Caprese,Linolensyra C18:3,Grönsaks- rotfrukts- baljväxträtter o produkter,0.1,g
6701,Insalata Caprese,Linolsyra C18:2,Grönsaks- rotfrukts- baljväxträtter o produkter,0.8,g
6701,Insalata Caprese,Oljesyra C18:1,Grönsaks- rotfrukts- baljväxträtter o produkter,6.2,g
6701,Insalata Caprese,Stearinsyra C18:0,Grönsaks- rotfrukts- baljväxträtter o produkter,0.8,g
6701,Insalata Caprese,Palmitoljesyra C16:1,Grönsaks- rotfrukts- baljväxträtter o produkter,0.2,g
6701,Insalata Caprese,Palmitinsyra C16:0,Grönsaks- rotfrukts- baljväxträtter o produkter,2.5,g
6701,Insalata Caprese,Myristinsyra C14:0,Grönsaks- rotfrukts- baljväxträtter o produkter,0.5,g
6701,Insalata Caprese,Laurinsyra C12:0,Grönsaks- rotfrukts- baljväxträtter o produkter,0.2,g
6701,Insalata Caprese,Betakaroten/β-Karoten,Grönsaks- rotfrukts- baljväxträtter o produkter,382.0,µg
6701,Insalata Caprese,Avfall (skal etc.),Grönsaks- rotfrukts- baljväxträtter o produkter,0.0,%
6701,Insalata Caprese,Aska,Grönsaks- rotfrukts- baljväxträtter o produkter,1.5,g
6701,Insalata Caprese,Alkohol,Grönsaks- rotfrukts- baljväxträtter o produkter,0.0,g
6702,Waldorfsallad,"Zink, Zn",Grönsaks- rotfrukts- baljväxträtter o produkter,0.5,mg
6702,Waldorfsallad,Vitamin E,Grönsaks- rotfrukts- baljväxträtter o produkter,1.2,mg
6702,Waldorfsallad,Vitamin D,Grönsaks- rotfrukts- baljväxträtter o produkter,0.05,µg
6702,Waldorfsallad,Vitamin C,Grönsaks- rotfrukts- baljväxträtter o produkter,6.2,mg
6702,Waldorfsallad,Vitamin B6,Grönsaks- rotfrukts- baljväxträtter o produkter,0.14,mg
6702,Waldorfsallad,Vitamin B12,Grönsaks- rotfrukts- baljväxträtter o produkter,0.06,µg
6702,Waldorfsallad,Vitamin A,Grönsaks- rotfrukts- baljväxträtter o produkter,33.3,RE/µg
6702,Waldorfsallad,Vatten,Grönsaks- rotfrukts- baljväxträtter o produkter,79.5,g
6702,Waldorfsallad,Tiamin,Grönsaks- rotfrukts- baljväxträtter o produkter,0.03,mg
6702,Waldorfsallad,Tillsatt socker,Grönsaks- rotfrukts- baljväxträtter o produkter,0.0,g
6702,Waldorfsallad,Fritt socker,Grönsaks- rotfrukts- baljväxträtter o produkter,0.0,g
6702,Waldorfsallad,"Selen, Se",Grönsaks- rotfrukts- baljväxträtter o produkter,0.8,µg
6702,Waldorfsallad,Sackaros,Grönsaks- rotfrukts- baljväxträtter o produkter,2.0,g
6702,Waldorfsallad,Riboflavin,Grönsaks- rotfrukts- baljväxträtter o produkter,0.05,mg
6702,Waldorfsallad,Retinol,Grönsaks- rotfrukts- baljväxträtter o produkter,21.3,µg
6702,Waldorfsallad,Protein,Grönsaks- rotfrukts- baljväxträtter o produkter,2.1,g
6702,Waldorfsallad,Summa fleromättade fettsyror,Grönsaks- rotfrukts- baljväxträtter o produkter,4.1,g
6702,Waldorfsallad,"Fosfor, P",Grönsaks- rotfrukts- baljväxträtter o produkter,73.0,mg
6702,Waldorfsallad,Niacinekvivalenter,Grönsaks- rotfrukts- baljväxträtter o produkter,0.77,NE/mg
6702,Waldorfsallad,Niacin,Grönsaks- rotfrukts- baljväxträtter o produkter,0.38,mg
6702,Waldorfsallad,"Salt, NaCl",Grönsaks- rotfrukts- baljväxträtter o produkter,0.1,g
6702,Waldorfsallad,"Natrium, Na",Grönsaks- rotfrukts- baljväxträtter o produkter,40.0,mg
6702,Waldorfsallad,Monosackarider,Grönsaks- rotfrukts- baljväxträtter o produkter,1.9,g
6702,Waldorfsallad,"Sockerarter, totalt",Grönsaks- rotfrukts- baljväxträtter o produkter,4.3,g
6702,Waldorfsallad,Summa enkelomättade fettsyror,Grönsaks- rotfrukts- baljväxträtter o produkter,2.8,g
6702,Waldorfsallad,"Magnesium, Mg",Grönsaks- rotfrukts- baljväxträtter o produkter,20.0,mg
6702,Waldorfsallad,Summa mättade fettsyror,Grönsaks- rotfrukts- baljväxträtter o produkter,1.6,g
6702,Waldorfsallad,"Kolhydrater, tillgängliga",Grönsaks- rotfrukts- baljväxträtter o produkter,5.8,g
6702,Waldorfsallad,Kolesterol,Grönsaks- rotfrukts- baljväxträtter o produkter,17.1,mg
6702,Waldorfsallad,"Kalium, K",Grönsaks- rotfrukts- baljväxträtter o produkter,217.0,mg
6702,Waldorfsallad,"Jod, I",Grönsaks- rotfrukts- baljväxträtter o produkter,3.4,µg
6702,Waldorfsallad,Fullkorn totalt,Grönsaks- rotfrukts- baljväxträtter o produkter,0.0,g
6702,Waldorfsallad,"Folat, totalt",Grönsaks- rotfrukts- baljväxträtter o produkter,44.1,µg
6702,Waldorfsallad,Fibrer,Grönsaks- rotfrukts- baljväxträtter o produkter,2.6,g
6702,Waldorfsallad,"Fett, totalt",Grönsaks- rotfrukts- baljväxträtter o produkter,9.1,g
6702,Waldorfsallad,"Järn, Fe",Grönsaks- rotfrukts- baljväxträtter o produkter,0.5,mg
6702,Waldorfsallad,Energi (kJ),Grönsaks- rotfrukts- baljväxträtter o produkter,492.0,kJ
6702,Waldorfsallad,Energi (kcal),Grönsaks- rotfrukts- baljväxträtter o produkter,118.0,kcal
6702,Waldorfsallad,Disackarider,Grönsaks- rotfrukts- baljväxträtter o produkter,2.3,g
6702,Waldorfsallad,"Kalcium, Ca",Grönsaks- rotfrukts- baljväxträtter o produkter,42.0,mg
6702,Waldorfsallad,Fettsyra 4:0-10:0,Grönsaks- rotfrukts- baljväxträtter o produkter,0.1,g
6702,Waldorfsallad,DHA (C22:6),Grönsaks- rotfrukts- baljväxträtter o produkter,0.0,g
6702,Waldorfsallad,DPA (C22:5),Grönsaks- rotfrukts- baljväxträtter o produkter,0.0,g
6702,Waldorfsallad,EPA (C20:5),Grönsaks- rotfrukts- baljväxträtter o produkter,0.0,g
6702,Waldorfsallad,Arakidonsyra C20:4,Grönsaks- rotfrukts- baljväxträtter o produkter,0.0,g
6702,Waldorfsallad,Arakidinsyra C20:0,Grönsaks- rotfrukts- baljväxträtter o produkter,0.0,g
6702,Waldorfsallad,Linolensyra C18:3,Grönsaks- rotfrukts- baljväxträtter o produkter,0.9,g
6702,Waldorfsallad,Linolsyra C18:2,Grönsaks- rotfrukts- baljväxträtter o produkter,3.2,g
6702,Waldorfsallad,Oljesyra C18:1,Grönsaks- rotfrukts- baljväxträtter o produkter,2.8,g
6702,Waldorfsallad,Stearinsyra C18:0,Grönsaks- rotfrukts- baljväxträtter o produkter,0.3,g
6702,Waldorfsallad,Palmitoljesyra C16:1,Grönsaks- rotfrukts- baljväxträtter o produkter,0.0,g
6702,Waldorfsallad,Palmitinsyra C16:0,Grönsaks- rotfrukts- baljväxträtter o produkter,0.9,g
6702,Waldorfsallad,Myristinsyra C14:0,Grönsaks- rotfrukts- baljväxträtter o produkter,0.2,g
6702,Waldorfsallad,Laurinsyra C12:0,Grönsaks- rotfrukts- baljväxträtter o produkter,0.1,g
6702,Waldorfsallad,Betakaroten/β-Karoten,Grönsaks- rotfrukts- baljväxträtter o produkter,143.0,µg
6702,Waldorfsallad,Avfall (skal etc.),Grönsaks- rotfrukts- baljväxträtter o produkter,17.0,%
6702,Waldorfsallad,Aska,Grönsaks- rotfrukts- baljväxträtter o produkter,0.8,g
6702,Waldorfsallad,Alkohol,Grönsaks- rotfrukts- baljväxträtter o produkter,0.0,g
6703,Jordnötter m. chokladöverdrag,"Zink, Zn",Godis som innehåller choklad,1.1,mg
6703,Jordnötter m. chokladöverdrag,Vitamin E,Godis som innehåller choklad,2.0,mg
6703,Jordnötter m. chokladöverdrag,Vitamin D inkl 25-OH-D3,Godis som innehåller choklad,0.72,µg
6703,Jordnötter m. chokladöverdrag,Vitamin D,Godis som innehåller choklad,0.72,µg
6703,Jordnötter m. chokladöverdrag,Vitamin C,Godis som innehåller choklad,0.3,mg
6703,Jordnötter m. chokladöverdrag,Vitamin B6,Godis som innehåller choklad,0.2,mg
6703,Jordnötter m. chokladöverdrag,Vitamin B12,Godis som innehåller choklad,0.19,µg
6703,Jordnötter m. chokladöverdrag,Vitamin A,Godis som innehåller choklad,26.8,RE/µg
6703,Jordnötter m. chokladöverdrag,Vatten,Godis som innehåller choklad,1.1,g
6703,Jordnötter m. chokladöverdrag,Tiamin,Godis som innehåller choklad,0.54,mg
6703,Jordnötter m. chokladöverdrag,Tillsatt socker,Godis som innehåller choklad,50.0,g
6703,Jordnötter m. chokladöverdrag,Fritt socker,Godis som innehåller choklad,50.0,g
6703,Jordnötter m. chokladöverdrag,"Selen, Se",Godis som innehåller choklad,4.8,µg
6703,Jordnötter m. chokladöverdrag,Sackaros,Godis som innehåller choklad,51.0,g
6703,Jordnötter m. chokladöverdrag,Riboflavin,Godis som innehåller choklad,0.18,mg
6703,Jordnötter m. chokladöverdrag,Retinol,Godis som innehåller choklad,25.3,µg
6703,Jordnötter m. chokladöverdrag,Protein,Godis som innehåller choklad,8.1,g
6703,Jordnötter m. chokladöverdrag,Summa fleromättade fettsyror,Godis som innehåller choklad,1.7,g
6703,Jordnötter m. chokladöverdrag,"Fosfor, P",Godis som innehåller choklad,201.0,mg
6703,Jordnötter m. chokladöverdrag,Niacinekvivalenter,Godis som innehåller choklad,5.46,NE/mg
6703,Jordnötter m. chokladöverdrag,Niacin,Godis som innehåller choklad,4.12,mg
6703,Jordnötter m. chokladöverdrag,"Salt, NaCl",Godis som innehåller choklad,0.1,g
6703,Jordnötter m. chokladöverdrag,"Natrium, Na",Godis som innehåller choklad,47.0,mg
6703,Jordnötter m. chokladöverdrag,Monosackarider,Godis som innehåller choklad,0.0,g
6703,Jordnötter m. chokladöverdrag,"Sockerarter, totalt",Godis som innehåller choklad,55.9,g
6703,Jordnötter m. chokladöverdrag,Summa enkelomättade fettsyror,Godis som innehåller choklad,13.7,g
6703,Jordnötter m. chokladöverdrag,"Magnesium, Mg",Godis som innehåller choklad,73.0,mg
6703,Jordnötter m. chokladöverdrag,Summa mättade fettsyror,Godis som innehåller choklad,10.2,g
6703,Jordnötter m. chokladöverdrag,"Kolhydrater, tillgängliga",Godis som innehåller choklad,57.9,g
6703,Jordnötter m. chokladöverdrag,Kolesterol,Godis som innehåller choklad,8.4,mg
6703,Jordnötter m. chokladöverdrag,"Kalium, K",Godis som innehåller choklad,399.0,mg
6703,Jordnötter m. chokladöverdrag,"Jod, I",Godis som innehåller choklad,1.4,µg
6703,Jordnötter m. chokladöverdrag,Fullkorn totalt,Godis som innehåller choklad,0.0,g
6703,Jordnötter m. chokladöverdrag,"Folat, totalt",Godis som innehåller choklad,35.8,µg
6703,Jordnötter m. chokladöverdrag,Fibrer,Godis som innehåller choklad,4.3,g
6703,Jordnötter m. chokladöverdrag,"Fett, totalt",Godis som innehåller choklad,26.9,g
6703,Jordnötter m. chokladöverdrag,"Järn, Fe",Godis som innehåller choklad,2.4,mg
6703,Jordnötter m. chokladöverdrag,Energi (kJ),Godis som innehåller choklad,2151.0,kJ
6703,Jordnötter m. chokladöverdrag,Energi (kcal),Godis som innehåller choklad,514.0,kcal
6703,Jordnötter m. chokladöverdrag,Disackarider,Godis som innehåller choklad,55.9,g
6703,Jordnötter m. chokladöverdrag,"Kalcium, Ca",Godis som innehåller choklad,100.0,mg
6703,Jordnötter m. chokladöverdrag,Fettsyra 4:0-10:0,Godis som innehåller choklad,0.2,g
6703,Jordnötter m. chokladöverdrag,DHA (C22:6),Godis som innehåller choklad,0.0,g
6703,Jordnötter m. chokladöverdrag,DPA (C22:5),Godis som innehåller choklad,0.0,g
6703,Jordnötter m. chokladöverdrag,EPA (C20:5),Godis som innehåller choklad,0.0,g
6703,Jordnötter m. chokladöverdrag,Arakidonsyra C20:4,Godis som innehåller choklad,0.0,g
6703,Jordnötter m. chokladöverdrag,Arakidinsyra C20:0,Godis som innehåller choklad,0.3,g
6703,Jordnötter m. chokladöverdrag,Linolensyra C18:3,Godis som innehåller choklad,0.0,g
6703,Jordnötter m. chokladöverdrag,Linolsyra C18:2,Godis som innehåller choklad,1.7,g
6703,Jordnötter m. chokladöverdrag,Oljesyra C18:1,Godis som innehåller choklad,13.3,g
6703,Jordnötter m. chokladöverdrag,Stearinsyra C18:0,Godis som innehåller choklad,4.8,g
6703,Jordnötter m. chokladöverdrag,Palmitoljesyra C16:1,Godis som innehåller choklad,0.1,g
6703,Jordnötter m. chokladöverdrag,Palmitinsyra C16:0,Godis som innehåller choklad,4.2,g
6703,Jordnötter m. chokladöverdrag,Myristinsyra C14:0,Godis som innehåller choklad,0.2,g
6703,Jordnötter m. chokladöverdrag,Laurinsyra C12:0,Godis som innehåller choklad,0.1,g
6703,Jordnötter m. chokladöverdrag,Betakaroten/β-Karoten,Godis som innehåller choklad,17.0,µg
6703,Jordnötter m. chokladöverdrag,Avfall (skal etc.),Godis som innehåller choklad,0.0,%
6703,Jordnötter m. chokladöverdrag,Aska,Godis som innehåller choklad,1.8,g
6703,Jordnötter m. chokladöverdrag,Alkohol,Godis som innehåller choklad,0.0,g
6704,Chokladkex m. vaniljfyllning,"Zink, Zn",Bullar kakor tårtor mm,0.6,mg
6704,Chokladkex m. vaniljfyllning,Vitamin E,Bullar kakor tårtor mm,4.1,mg
6704,Chokladkex m. vaniljfyllning,Vitamin D inkl 25-OH-D3,Bullar kakor tårtor mm,0.0,µg
6704,Chokladkex m. vaniljfyllning,Vitamin D,Bullar kakor tårtor mm,0.0,µg
6704,Chokladkex m. vaniljfyllning,Vitamin C,Bullar kakor tårtor mm,0.9,mg
6704,Chokladkex m. vaniljfyllning,Vitamin B6,Bullar kakor tårtor mm,0.05,mg
6704,Chokladkex m. vaniljfyllning,Vitamin B12,Bullar kakor tårtor mm,0.0,µg
6704,Chokladkex m. vaniljfyllning,Vitamin A,Bullar kakor tårtor mm,148.3,RE/µg
6704,Chokladkex m. vaniljfyllning,Vatten,Bullar kakor tårtor mm,5.6,g
6704,Chokladkex m. vaniljfyllning,Tiamin,Bullar kakor tårtor mm,0.08,mg
6704,Chokladkex m. vaniljfyllning,Tillsatt socker,Bullar kakor tårtor mm,36.0,g
6704,Chokladkex m. vaniljfyllning,Fritt socker,Bullar kakor tårtor mm,36.0,g
6704,Chokladkex m. vaniljfyllning,"Selen, Se",Bullar kakor tårtor mm,4.1,µg
6704,Chokladkex m. vaniljfyllning,Sackaros,Bullar kakor tårtor mm,36.1,g
6704,Chokladkex m. vaniljfyllning,Riboflavin,Bullar kakor tårtor mm,0.03,mg
6704,Chokladkex m. vaniljfyllning,Retinol,Bullar kakor tårtor mm,0.0,µg
6704,Chokladkex m. vaniljfyllning,Protein,Bullar kakor tårtor mm,4.6,g
6704,Chokladkex m. vaniljfyllning,Summa fleromättade fettsyror,Bullar kakor tårtor mm,3.7,g
6704,Chokladkex m. vaniljfyllning,"Fosfor, P",Bullar kakor tårtor mm,77.0,mg
6704,Chokladkex m. vaniljfyllning,Niacinekvivalenter,Bullar kakor tårtor mm,1.22,NE/mg
6704,Chokladkex m. vaniljfyllning,Niacin,Bullar kakor tårtor mm,0.45,mg
6704,Chokladkex m. vaniljfyllning,"Salt, NaCl",Bullar kakor tårtor mm,1.0,g
6704,Chokladkex m. vaniljfyllning,"Natrium, Na",Bullar kakor tårtor mm,395.0,mg
6704,Chokladkex m. vaniljfyllning,Monosackarider,Bullar kakor tårtor mm,0.0,g
6704,Chokladkex m. vaniljfyllning,"Sockerarter, totalt",Bullar kakor tårtor mm,36.6,g
6704,Chokladkex m. vaniljfyllning,Summa enkelomättade fettsyror,Bullar kakor tårtor mm,9.4,g
6704,Chokladkex m. vaniljfyllning,"Magnesium, Mg",Bullar kakor tårtor mm,35.0,mg
6704,Chokladkex m. vaniljfyllning,Summa mättade fettsyror,Bullar kakor tårtor mm,5.6,g
6704,Chokladkex m. vaniljfyllning,"Kolhydrater, tillgängliga",Bullar kakor tårtor mm,65.3,g
6704,Chokladkex m. vaniljfyllning,Kolesterol,Bullar kakor tårtor mm,0.0,mg
6704,Chokladkex m. vaniljfyllning,"Kalium, K",Bullar kakor tårtor mm,242.0,mg
6704,Chokladkex m. vaniljfyllning,"Jod, I",Bullar kakor tårtor mm,1.2,µg
6704,Chokladkex m. vaniljfyllning,Fullkorn totalt,Bullar kakor tårtor mm,0.0,g
6704,Chokladkex m. vaniljfyllning,"Folat, totalt",Bullar kakor tårtor mm,11.0,µg
6704,Chokladkex m. vaniljfyllning,Fibrer,Bullar kakor tårtor mm,3.1,g
6704,Chokladkex m. vaniljfyllning,"Fett, totalt",Bullar kakor tårtor mm,19.8,g
6704,Chokladkex m. vaniljfyllning,"Järn, Fe",Bullar kakor tårtor mm,0.8,mg
6704,Chokladkex m. vaniljfyllning,Energi (kJ),Bullar kakor tårtor mm,1947.0,kJ
6704,Chokladkex m. vaniljfyllning,Energi (kcal),Bullar kakor tårtor mm,465.0,kcal
6704,Chokladkex m. vaniljfyllning,Disackarider,Bullar kakor tårtor mm,36.6,g
6704,Chokladkex m. vaniljfyllning,"Kalcium, Ca",Bullar kakor tårtor mm,14.0,mg
6704,Chokladkex m. vaniljfyllning,Fettsyra 4:0-10:0,Bullar kakor tårtor mm,0.0,g
6704,Chokladkex m. vaniljfyllning,DHA (C22:6),Bullar kakor tårtor mm,0.0,g
6704,Chokladkex m. vaniljfyllning,DPA (C22:5),Bullar kakor tårtor mm,0.0,g
6704,Chokladkex m. vaniljfyllning,EPA (C20:5),Bullar kakor tårtor mm,0.0,g
6704,Chokladkex m. vaniljfyllning,Arakidonsyra C20:4,Bullar kakor tårtor mm,0.0,g
6704,Chokladkex m. vaniljfyllning,Arakidinsyra C20:0,Bullar kakor tårtor mm,0.1,g
6704,Chokladkex m. vaniljfyllning,Linolensyra C18:3,Bullar kakor tårtor mm,0.8,g
6704,Chokladkex m. vaniljfyllning,Linolsyra C18:2,Bullar kakor tårtor mm,2.9,g
6704,Chokladkex m. vaniljfyllning,Oljesyra C18:1,Bullar kakor tårtor mm,9.2,g
6704,Chokladkex m. vaniljfyllning,Stearinsyra C18:0,Bullar kakor tårtor mm,0.9,g
6704,Chokladkex m. vaniljfyllning,Palmitoljesyra C16:1,Bullar kakor tårtor mm,0.0,g
6704,Chokladkex m. vaniljfyllning,Palmitinsyra C16:0,Bullar kakor tårtor mm,4.4,g
6704,Chokladkex m. vaniljfyllning,Myristinsyra C14:0,Bullar kakor tårtor mm,0.1,g
6704,Chokladkex m. vaniljfyllning,Laurinsyra C12:0,Bullar kakor tårtor mm,0.0,g
6704,Chokladkex m. vaniljfyllning,Betakaroten/β-Karoten,Bullar kakor tårtor mm,1394.0,µg
6704,Chokladkex m. vaniljfyllning,Avfall (skal etc.),Bullar kakor tårtor mm,0.0,%
6704,Chokladkex m. vaniljfyllning,Aska,Bullar kakor tårtor mm,1.6,g
6704,Chokladkex m. vaniljfyllning,Alkohol,Bullar kakor tårtor mm,0.0,g
6705,Risotto m. kyckling spenat,"Zink, Zn",Risrätter,0.6,mg
6705,Risotto m. kyckling spenat,Vitamin E,Risrätter,0.6,mg
6705,Risotto m. kyckling spenat,Vitamin D,Risrätter,0.1,µg
6705,Risotto m. kyckling spenat,Vitamin C,Risrätter,2.7,mg
6705,Risotto m. kyckling spenat,Vitamin B6,Risrätter,0.18,mg
6705,Risotto m. kyckling spenat,Vitamin B12,Risrätter,0.09,µg
6705,Risotto m. kyckling spenat,Vitamin A,Risrätter,75.6,RE/µg
6705,Risotto m. kyckling spenat,Vatten,Risrätter,75.4,g
6705,Risotto m. kyckling spenat,Tiamin,Risrätter,0.05,mg
6705,Risotto m. kyckling spenat,Tillsatt socker,Risrätter,0.0,g
6705,Risotto m. kyckling spenat,Fritt socker,Risrätter,0.0,g
6705,Risotto m. kyckling spenat,"Selen, Se",Risrätter,5.0,µg
6705,Risotto m. kyckling spenat,Sackaros,Risrätter,0.2,g
6705,Risotto m. kyckling spenat,Riboflavin,Risrätter,0.05,mg
6705,Risotto m. kyckling spenat,Retinol,Risrätter,25.4,µg
6705,Risotto m. kyckling spenat,Protein,Risrätter,5.6,g
6705,Risotto m. kyckling spenat,Summa fleromättade fettsyror,Risrätter,0.4,g
6705,Risotto m. kyckling spenat,"Fosfor, P",Risrätter,92.0,mg
6705,Risotto m. kyckling spenat,Niacinekvivalenter,Risrätter,4.03,NE/mg
6705,Risotto m. kyckling spenat,Niacin,Risrätter,2.99,mg
6705,Risotto m. kyckling spenat,"Salt, NaCl",Risrätter,0.3,g
6705,Risotto m. kyckling spenat,"Natrium, Na",Risrätter,124.0,mg
6705,Risotto m. kyckling spenat,Monosackarider,Risrätter,0.3,g
6705,Risotto m. kyckling spenat,"Sockerarter, totalt",Risrätter,0.5,g
6705,Risotto m. kyckling spenat,Summa enkelomättade fettsyror,Risrätter,1.3,g
6705,Risotto m. kyckling spenat,"Magnesium, Mg",Risrätter,26.0,mg
6705,Risotto m. kyckling spenat,Summa mättade fettsyror,Risrätter,2.3,g
6705,Risotto m. kyckling spenat,"Kolhydrater, tillgängliga",Risrätter,12.4,g
6705,Risotto m. kyckling spenat,Kolesterol,Risrätter,22.8,mg
6705,Risotto m. kyckling spenat,"Kalium, K",Risrätter,141.0,mg
6705,Risotto m. kyckling spenat,"Jod, I",Risrätter,3.3,µg
6705,Risotto m. kyckling spenat,Fullkorn totalt,Risrätter,0.0,g
6705,Risotto m. kyckling spenat,"Folat, totalt",Risrätter,20.6,µg
6705,Risotto m. kyckling spenat,Fibrer,Risrätter,0.6,g
6705,Risotto m. kyckling spenat,"Fett, totalt",Risrätter,4.2,g
6705,Risotto m. kyckling spenat,"Järn, Fe",Risrätter,0.5,mg
6705,Risotto m. kyckling spenat,Energi (kJ),Risrätter,475.0,kJ
6705,Risotto m. kyckling spenat,Energi (kcal),Risrätter,114.0,kcal
6705,Risotto m. kyckling spenat,Disackarider,Risrätter,0.2,g
6705,Risotto m. kyckling spenat,"Kalcium, Ca",Risrätter,39.0,mg
6705,Risotto m. kyckling spenat,Fettsyra 4:0-10:0,Risrätter,0.3,g
6705,Risotto m. kyckling spenat,DHA (C22:6),Risrätter,0.0,g
6705,Risotto m. kyckling spenat,DPA (C22:5),Risrätter,0.0,g
6705,Risotto m. kyckling spenat,EPA (C20:5),Risrätter,0.0,g
6705,Risotto m. kyckling spenat,Arakidonsyra C20:4,Risrätter,0.0,g
6705,Risotto m. kyckling spenat,Arakidinsyra C20:0,Risrätter,0.0,g
6705,Risotto m. kyckling spenat,Linolensyra C18:3,Risrätter,0.1,g
6705,Risotto m. kyckling spenat,Linolsyra C18:2,Risrätter,0.3,g
6705,Risotto m. kyckling spenat,Oljesyra C18:1,Risrätter,1.2,g
6705,Risotto m. kyckling spenat,Stearinsyra C18:0,Risrätter,0.3,g
6705,Risotto m. kyckling spenat,Palmitoljesyra C16:1,Risrätter,0.1,g
6705,Risotto m. kyckling spenat,Palmitinsyra C16:0,Risrätter,1.1,g
6705,Risotto m. kyckling spenat,Myristinsyra C14:0,Risrätter,0.3,g
6705,Risotto m. kyckling spenat,Laurinsyra C12:0,Risrätter,0.1,g
6705,Risotto m. kyckling spenat,Betakaroten/β-Karoten,Risrätter,596.0,µg
6705,Risotto m. kyckling spenat,Avfall (skal etc.),Risrätter,2.0,%
6705,Risotto m. kyckling spenat,Aska,Risrätter,1.0,g
6705,Risotto m. kyckling spenat,Alkohol,Risrätter,0.25,g
6750,Pannkaka tunn u. mjölk ägg,"Zink, Zn","Pannkakor, våfflor, crêpes",0.3,mg
6750,Pannkaka tunn u. mjölk ägg,Vitamin E,"Pannkakor, våfflor, crêpes",1.5,mg
6750,Pannkaka tunn u. mjölk ägg,Vitamin D,"Pannkakor, våfflor, crêpes",0.93,µg
6750,Pannkaka tunn u. mjölk ägg,Vitamin C,"Pannkakor, våfflor, crêpes",0.5,mg
6750,Pannkaka tunn u. mjölk ägg,Vitamin B6,"Pannkakor, våfflor, crêpes",0.03,mg
6750,Pannkaka tunn u. mjölk ägg,Vitamin B12,"Pannkakor, våfflor, crêpes",0.25,µg
6750,Pannkaka tunn u. mjölk ägg,Vitamin A,"Pannkakor, våfflor, crêpes",12.9,RE/µg
6750,Pannkaka tunn u. mjölk ägg,Vatten,"Pannkakor, våfflor, crêpes",67.4,g
6750,Pannkaka tunn u. mjölk ägg,Tiamin,"Pannkakor, våfflor, crêpes",0.06,mg
6750,Pannkaka tunn u. mjölk ägg,Tillsatt socker,"Pannkakor, våfflor, crêpes",1.0,g
6750,Pannkaka tunn u. mjölk ägg,Fritt socker,"Pannkakor, våfflor, crêpes",1.0,g
6750,Pannkaka tunn u. mjölk ägg,"Selen, Se","Pannkakor, våfflor, crêpes",2.3,µg
6750,Pannkaka tunn u. mjölk ägg,Sackaros,"Pannkakor, våfflor, crêpes",1.1,g
6750,Pannkaka tunn u. mjölk ägg,Riboflavin,"Pannkakor, våfflor, crêpes",0.19,mg
6750,Pannkaka tunn u. mjölk ägg,Retinol,"Pannkakor, våfflor, crêpes",6.0,µg
6750,Pannkaka tunn u. mjölk ägg,Protein,"Pannkakor, våfflor, crêpes",3.9,g
6750,Pannkaka tunn u. mjölk ägg,Summa fleromättade fettsyror,"Pannkakor, våfflor, crêpes",2.0,g
6750,Pannkaka tunn u. mjölk ägg,"Fosfor, P","Pannkakor, våfflor, crêpes",93.0,mg
6750,Pannkaka tunn u. mjölk ägg,Niacinekvivalenter,"Pannkakor, våfflor, crêpes",0.96,NE/mg
6750,Pannkaka tunn u. mjölk ägg,Niacin,"Pannkakor, våfflor, crêpes",0.3,mg
6750,Pannkaka tunn u. mjölk ägg,"Salt, NaCl","Pannkakor, våfflor, crêpes",0.5,g
6750,Pannkaka tunn u. mjölk ägg,"Natrium, Na","Pannkakor, våfflor, crêpes",210.0,mg
6750,Pannkaka tunn u. mjölk ägg,Monosackarider,"Pannkakor, våfflor, crêpes",0.2,g
6750,Pannkaka tunn u. mjölk ägg,"Sockerarter, totalt","Pannkakor, våfflor, crêpes",2.7,g
6750,Pannkaka tunn u. mjölk ägg,Summa enkelomättade fettsyror,"Pannkakor, våfflor, crêpes",2.9,g
6750,Pannkaka tunn u. mjölk ägg,"Magnesium, Mg","Pannkakor, våfflor, crêpes",15.0,mg
6750,Pannkaka tunn u. mjölk ägg,Summa mättade fettsyror,"Pannkakor, våfflor, crêpes",0.7,g
6750,Pannkaka tunn u. mjölk ägg,"Kolhydrater, tillgängliga","Pannkakor, våfflor, crêpes",20.3,g
6750,Pannkaka tunn u. mjölk ägg,Kolesterol,"Pannkakor, våfflor, crêpes",0.0,mg
6750,Pannkaka tunn u. mjölk ägg,"Kalium, K","Pannkakor, våfflor, crêpes",162.0,mg
6750,Pannkaka tunn u. mjölk ägg,"Jod, I","Pannkakor, våfflor, crêpes",29.6,µg
6750,Pannkaka tunn u. mjölk ägg,Fullkorn totalt,"Pannkakor, våfflor, crêpes",0.0,g
6750,Pannkaka tunn u. mjölk ägg,"Folat, totalt","Pannkakor, våfflor, crêpes",7.9,µg
6750,Pannkaka tunn u. mjölk ägg,Fibrer,"Pannkakor, våfflor, crêpes",1.3,g
6750,Pannkaka tunn u. mjölk ägg,"Fett, totalt","Pannkakor, våfflor, crêpes",6.0,g
6750,Pannkaka tunn u. mjölk ägg,"Järn, Fe","Pannkakor, våfflor, crêpes",0.4,mg
6750,Pannkaka tunn u. mjölk ägg,Energi (kJ),"Pannkakor, våfflor, crêpes",645.0,kJ
6750,Pannkaka tunn u. mjölk ägg,Energi (kcal),"Pannkakor, våfflor, crêpes",154.0,kcal
6750,Pannkaka tunn u. mjölk ägg,Disackarider,"Pannkakor, våfflor, crêpes",2.6,g
6750,Pannkaka tunn u. mjölk ägg,"Kalcium, Ca","Pannkakor, våfflor, crêpes",91.0,mg
6750,Pannkaka tunn u. mjölk ägg,Fettsyra 4:0-10:0,"Pannkakor, våfflor, crêpes",0.0,g
6750,Pannkaka tunn u. mjölk ägg,DHA (C22:6),"Pannkakor, våfflor, crêpes",0.0,g
6750,Pannkaka tunn u. mjölk ägg,DPA (C22:5),"Pannkakor, våfflor, crêpes",0.0,g
6750,Pannkaka tunn u. mjölk ägg,EPA (C20:5),"Pannkakor, våfflor, crêpes",0.0,g
6750,Pannkaka tunn u. mjölk ägg,Arakidonsyra C20:4,"Pannkakor, våfflor, crêpes",0.0,g
6750,Pannkaka tunn u. mjölk ägg,Arakidinsyra C20:0,"Pannkakor, våfflor, crêpes",0.0,g
6750,Pannkaka tunn u. mjölk ägg,Linolensyra C18:3,"Pannkakor, våfflor, crêpes",0.4,g
6750,Pannkaka tunn u. mjölk ägg,Linolsyra C18:2,"Pannkakor, våfflor, crêpes",1.6,g
6750,Pannkaka tunn u. mjölk ägg,Oljesyra C18:1,"Pannkakor, våfflor, crêpes",2.8,g
6750,Pannkaka tunn u. mjölk ägg,Stearinsyra C18:0,"Pannkakor, våfflor, crêpes",0.1,g
6750,Pannkaka tunn u. mjölk ägg,Palmitoljesyra C16:1,"Pannkakor, våfflor, crêpes",0.0,g
6750,Pannkaka tunn u. mjölk ägg,Palmitinsyra C16:0,"Pannkakor, våfflor, crêpes",0.4,g
6750,Pannkaka tunn u. mjölk ägg,Myristinsyra C14:0,"Pannkakor, våfflor, crêpes",0.0,g
6750,Pannkaka tunn u. mjölk ägg,Laurinsyra C12:0,"Pannkakor, våfflor, crêpes",0.0,g
6750,Pannkaka tunn u. mjölk ägg,Betakaroten/β-Karoten,"Pannkakor, våfflor, crêpes",8.0,µg
6750,Pannkaka tunn u. mjölk ägg,Avfall (skal etc.),"Pannkakor, våfflor, crêpes",0.0,%
6750,Pannkaka tunn u. mjölk ägg,Aska,"Pannkakor, våfflor, crêpes",1.1,g
6750,Pannkaka tunn u. mjölk ägg,Alkohol,"Pannkakor, våfflor, crêpes",0.0,g
6757,Bröd rågsikt fibrer ca 4% typ rågkaka,"Zink, Zn",Mjukt bröd ,0.8,mg
6757,Bröd rågsikt fibrer ca 4% typ rågkaka,Vitamin E,Mjukt bröd ,0.2,mg
6757,Bröd rågsikt fibrer ca 4% typ rågkaka,Vitamin D inkl 25-OH-D3,Mjukt bröd ,0.0,µg
6757,Bröd rågsikt fibrer ca 4% typ rågkaka,Vitamin D,Mjukt bröd ,0.0,µg
6757,Bröd rågsikt fibrer ca 4% typ rågkaka,Vitamin C,Mjukt bröd ,0.7,mg
6757,Bröd rågsikt fibrer ca 4% typ rågkaka,Vitamin B6,Mjukt bröd ,0.07,mg
6757,Bröd rågsikt fibrer ca 4% typ rågkaka,Vitamin B12,Mjukt bröd ,0.0,µg
6757,Bröd rågsikt fibrer ca 4% typ rågkaka,Vitamin A,Mjukt bröd ,0.0,RE/µg
6757,Bröd rågsikt fibrer ca 4% typ rågkaka,Vatten,Mjukt bröd ,32.9,g
6757,Bröd rågsikt fibrer ca 4% typ rågkaka,Tiamin,Mjukt bröd ,0.18,mg
6757,Bröd rågsikt fibrer ca 4% typ rågkaka,Tillsatt socker,Mjukt bröd ,9.0,g
6757,Bröd rågsikt fibrer ca 4% typ rågkaka,Fritt socker,Mjukt bröd ,9.0,g
6757,Bröd rågsikt fibrer ca 4% typ rågkaka,"Selen, Se",Mjukt bröd ,1.5,µg
6757,Bröd rågsikt fibrer ca 4% typ rågkaka,Sackaros,Mjukt bröd ,0.0,g
6757,Bröd rågsikt fibrer ca 4% typ rågkaka,Riboflavin,Mjukt bröd ,0.05,mg
6757,Bröd rågsikt fibrer ca 4% typ rågkaka,Retinol,Mjukt bröd ,0.0,µg
6757,Bröd rågsikt fibrer ca 4% typ rågkaka,Protein,Mjukt bröd ,7.3,g
6757,Bröd rågsikt fibrer ca 4% typ rågkaka,Summa fleromättade fettsyror,Mjukt bröd ,0.6,g
6757,Bröd rågsikt fibrer ca 4% typ rågkaka,"Fosfor, P",Mjukt bröd ,83.0,mg
6757,Bröd rågsikt fibrer ca 4% typ rågkaka,Niacinekvivalenter,Mjukt bröd ,2.1,NE/mg
6757,Bröd rågsikt fibrer ca 4% typ rågkaka,Niacin,Mjukt bröd ,0.87,mg
6757,Bröd rågsikt fibrer ca 4% typ rågkaka,"Salt, NaCl",Mjukt bröd ,1.1,g
6757,Bröd rågsikt fibrer ca 4% typ rågkaka,"Natrium, Na",Mjukt bröd ,452.0,mg
6757,Bröd rågsikt fibrer ca 4% typ rågkaka,Monosackarider,Mjukt bröd ,8.1,g
6757,Bröd rågsikt fibrer ca 4% typ rågkaka,"Sockerarter, totalt",Mjukt bröd ,9.1,g
6757,Bröd rågsikt fibrer ca 4% typ rågkaka,Summa enkelomättade fettsyror,Mjukt bröd ,0.8,g
6757,Bröd rågsikt fibrer ca 4% typ rågkaka,"Magnesium, Mg",Mjukt bröd ,25.0,mg
6757,Bröd rågsikt fibrer ca 4% typ rågkaka,Summa mättade fettsyror,Mjukt bröd ,0.5,g
6757,Bröd rågsikt fibrer ca 4% typ rågkaka,"Kolhydrater, tillgängliga",Mjukt bröd ,48.9,g
6757,Bröd rågsikt fibrer ca 4% typ rågkaka,Kolesterol,Mjukt bröd ,0.0,mg
6757,Bröd rågsikt fibrer ca 4% typ rågkaka,"Kalium, K",Mjukt bröd ,158.0,mg
6757,Bröd rågsikt fibrer ca 4% typ rågkaka,"Jod, I",Mjukt bröd ,0.0,µg
6757,Bröd rågsikt fibrer ca 4% typ rågkaka,Fullkorn totalt,Mjukt bröd ,0.0,g
6757,Bröd rågsikt fibrer ca 4% typ rågkaka,"Folat, totalt",Mjukt bröd ,31.0,µg
6757,Bröd rågsikt fibrer ca 4% typ rågkaka,Fibrer,Mjukt bröd ,6.5,g
6757,Bröd rågsikt fibrer ca 4% typ rågkaka,"Fett, totalt",Mjukt bröd ,2.7,g
6757,Bröd rågsikt fibrer ca 4% typ rågkaka,"Järn, Fe",Mjukt bröd ,1.0,mg
6757,Bröd rågsikt fibrer ca 4% typ rågkaka,Energi (kJ),Mjukt bröd ,1106.0,kJ
6757,Bröd rågsikt fibrer ca 4% typ rågkaka,Energi (kcal),Mjukt bröd ,264.0,kcal
6757,Bröd rågsikt fibrer ca 4% typ rågkaka,Disackarider,Mjukt bröd ,1.0,g
6757,Bröd rågsikt fibrer ca 4% typ rågkaka,"Kalcium, Ca",Mjukt bröd ,70.0,mg
6757,Bröd rågsikt fibrer ca 4% typ rågkaka,Fettsyra 4:0-10:0,Mjukt bröd ,0.0,g
6757,Bröd rågsikt fibrer ca 4% typ rågkaka,DHA (C22:6),Mjukt bröd ,0.0,g
6757,Bröd rågsikt fibrer ca 4% typ rågkaka,DPA (C22:5),Mjukt bröd ,0.0,g
6757,Bröd rågsikt fibrer ca 4% typ rågkaka,EPA (C20:5),Mjukt bröd ,0.0,g
6757,Bröd rågsikt fibrer ca 4% typ rågkaka,Arakidonsyra C20:4,Mjukt bröd ,0.0,g
6757,Bröd rågsikt fibrer ca 4% typ rågkaka,Arakidinsyra C20:0,Mjukt bröd ,0.0,g
6757,Bröd rågsikt fibrer ca 4% typ rågkaka,Linolensyra C18:3,Mjukt bröd ,0.1,g
6757,Bröd rågsikt fibrer ca 4% typ rågkaka,Linolsyra C18:2,Mjukt bröd ,0.5,g
6757,Bröd rågsikt fibrer ca 4% typ rågkaka,Oljesyra C18:1,Mjukt bröd ,0.8,g
6757,Bröd rågsikt fibrer ca 4% typ rågkaka,Stearinsyra C18:0,Mjukt bröd ,0.4,g
6757,Bröd rågsikt fibrer ca 4% typ rågkaka,Palmitoljesyra C16:1,Mjukt bröd ,0.0,g
6757,Bröd rågsikt fibrer ca 4% typ rågkaka,Palmitinsyra C16:0,Mjukt bröd ,0.2,g
6757,Bröd rågsikt fibrer ca 4% typ rågkaka,Myristinsyra C14:0,Mjukt bröd ,0.0,g
6757,Bröd rågsikt fibrer ca 4% typ rågkaka,Laurinsyra C12:0,Mjukt bröd ,0.0,g
6757,Bröd rågsikt fibrer ca 4% typ rågkaka,Betakaroten/β-Karoten,Mjukt bröd ,0.0,µg
6757,Bröd rågsikt fibrer ca 4% typ rågkaka,Avfall (skal etc.),Mjukt bröd ,0.0,%
6757,Bröd rågsikt fibrer ca 4% typ rågkaka,Aska,Mjukt bröd ,1.7,g
6757,Bröd rågsikt fibrer ca 4% typ rågkaka,Alkohol,Mjukt bröd ,0.0,g
6758,Sött vetebröd kanelbulle gräddad kylvara frysvara el. butiksbakad,"Zink, Zn",Bullar kakor tårtor mm,0.7,mg
6758,Sött vetebröd kanelbulle gräddad kylvara frysvara el. butiksbakad,Vitamin E,Bullar kakor tårtor mm,1.6,mg
6758,Sött vetebröd kanelbulle gräddad kylvara frysvara el. butiksbakad,Vitamin D inkl 25-OH-D3,Bullar kakor tårtor mm,0.0,µg
6758,Sött vetebröd kanelbulle gräddad kylvara frysvara el. butiksbakad,Vitamin D,Bullar kakor tårtor mm,0.0,µg
6758,Sött vetebröd kanelbulle gräddad kylvara frysvara el. butiksbakad,Vitamin C,Bullar kakor tårtor mm,0.5,mg
6758,Sött vetebröd kanelbulle gräddad kylvara frysvara el. butiksbakad,Vitamin B6,Bullar kakor tårtor mm,0.04,mg
6758,Sött vetebröd kanelbulle gräddad kylvara frysvara el. butiksbakad,Vitamin B12,Bullar kakor tårtor mm,0.11,µg
6758,Sött vetebröd kanelbulle gräddad kylvara frysvara el. butiksbakad,Vitamin A,Bullar kakor tårtor mm,65.9,RE/µg
6758,Sött vetebröd kanelbulle gräddad kylvara frysvara el. butiksbakad,Vatten,Bullar kakor tårtor mm,25.4,g
6758,Sött vetebröd kanelbulle gräddad kylvara frysvara el. butiksbakad,Tiamin,Bullar kakor tårtor mm,0.12,mg
6758,Sött vetebröd kanelbulle gräddad kylvara frysvara el. butiksbakad,Tillsatt socker,Bullar kakor tårtor mm,19.0,g
6758,Sött vetebröd kanelbulle gräddad kylvara frysvara el. butiksbakad,Fritt socker,Bullar kakor tårtor mm,19.0,g
6758,Sött vetebröd kanelbulle gräddad kylvara frysvara el. butiksbakad,"Selen, Se",Bullar kakor tårtor mm,3.4,µg
6758,Sött vetebröd kanelbulle gräddad kylvara frysvara el. butiksbakad,Sackaros,Bullar kakor tårtor mm,8.2,g
6758,Sött vetebröd kanelbulle gräddad kylvara frysvara el. butiksbakad,Riboflavin,Bullar kakor tårtor mm,0.07,mg
6758,Sött vetebröd kanelbulle gräddad kylvara frysvara el. butiksbakad,Retinol,Bullar kakor tårtor mm,64.3,µg
6758,Sött vetebröd kanelbulle gräddad kylvara frysvara el. butiksbakad,Protein,Bullar kakor tårtor mm,6.7,g
6758,Sött vetebröd kanelbulle gräddad kylvara frysvara el. butiksbakad,Summa fleromättade fettsyror,Bullar kakor tårtor mm,1.5,g
6758,Sött vetebröd kanelbulle gräddad kylvara frysvara el. butiksbakad,"Fosfor, P",Bullar kakor tårtor mm,84.0,mg
6758,Sött vetebröd kanelbulle gräddad kylvara frysvara el. butiksbakad,Niacinekvivalenter,Bullar kakor tårtor mm,1.8,NE/mg
6758,Sött vetebröd kanelbulle gräddad kylvara frysvara el. butiksbakad,Niacin,Bullar kakor tårtor mm,0.72,mg
6758,Sött vetebröd kanelbulle gräddad kylvara frysvara el. butiksbakad,"Salt, NaCl",Bullar kakor tårtor mm,0.5,g
6758,Sött vetebröd kanelbulle gräddad kylvara frysvara el. butiksbakad,"Natrium, Na",Bullar kakor tårtor mm,186.0,mg
6758,Sött vetebröd kanelbulle gräddad kylvara frysvara el. butiksbakad,Monosackarider,Bullar kakor tårtor mm,8.4,g
6758,Sött vetebröd kanelbulle gräddad kylvara frysvara el. butiksbakad,"Sockerarter, totalt",Bullar kakor tårtor mm,18.5,g
6758,Sött vetebröd kanelbulle gräddad kylvara frysvara el. butiksbakad,Summa enkelomättade fettsyror,Bullar kakor tårtor mm,3.7,g
6758,Sött vetebröd kanelbulle gräddad kylvara frysvara el. butiksbakad,"Magnesium, Mg",Bullar kakor tårtor mm,21.0,mg
6758,Sött vetebröd kanelbulle gräddad kylvara frysvara el. butiksbakad,Summa mättade fettsyror,Bullar kakor tårtor mm,3.8,g
6758,Sött vetebröd kanelbulle gräddad kylvara frysvara el. butiksbakad,"Kolhydrater, tillgängliga",Bullar kakor tårtor mm,51.7,g
6758,Sött vetebröd kanelbulle gräddad kylvara frysvara el. butiksbakad,Kolesterol,Bullar kakor tårtor mm,18.5,mg
6758,Sött vetebröd kanelbulle gräddad kylvara frysvara el. butiksbakad,"Kalium, K",Bullar kakor tårtor mm,127.0,mg
6758,Sött vetebröd kanelbulle gräddad kylvara frysvara el. butiksbakad,"Jod, I",Bullar kakor tårtor mm,3.4,µg
6758,Sött vetebröd kanelbulle gräddad kylvara frysvara el. butiksbakad,Fullkorn totalt,Bullar kakor tårtor mm,0.0,g
6758,Sött vetebröd kanelbulle gräddad kylvara frysvara el. butiksbakad,"Folat, totalt",Bullar kakor tårtor mm,28.6,µg
6758,Sött vetebröd kanelbulle gräddad kylvara frysvara el. butiksbakad,Fibrer,Bullar kakor tårtor mm,4.1,g
6758,Sött vetebröd kanelbulle gräddad kylvara frysvara el. butiksbakad,"Fett, totalt",Bullar kakor tårtor mm,11.3,g
6758,Sött vetebröd kanelbulle gräddad kylvara frysvara el. butiksbakad,"Järn, Fe",Bullar kakor tårtor mm,0.9,mg
6758,Sött vetebröd kanelbulle gräddad kylvara frysvara el. butiksbakad,Energi (kJ),Bullar kakor tårtor mm,1443.0,kJ
6758,Sött vetebröd kanelbulle gräddad kylvara frysvara el. butiksbakad,Energi (kcal),Bullar kakor tårtor mm,345.0,kcal
6758,Sött vetebröd kanelbulle gräddad kylvara frysvara el. butiksbakad,Disackarider,Bullar kakor tårtor mm,10.1,g
6758,Sött vetebröd kanelbulle gräddad kylvara frysvara el. butiksbakad,"Kalcium, Ca",Bullar kakor tårtor mm,40.0,mg
6758,Sött vetebröd kanelbulle gräddad kylvara frysvara el. butiksbakad,Fettsyra 4:0-10:0,Bullar kakor tårtor mm,0.2,g
6758,Sött vetebröd kanelbulle gräddad kylvara frysvara el. butiksbakad,DHA (C22:6),Bullar kakor tårtor mm,0.0,g
6758,Sött vetebröd kanelbulle gräddad kylvara frysvara el. butiksbakad,DPA (C22:5),Bullar kakor tårtor mm,0.0,g
6758,Sött vetebröd kanelbulle gräddad kylvara frysvara el. butiksbakad,EPA (C20:5),Bullar kakor tårtor mm,0.0,g
6758,Sött vetebröd kanelbulle gräddad kylvara frysvara el. butiksbakad,Arakidonsyra C20:4,Bullar kakor tårtor mm,0.0,g
6758,Sött vetebröd kanelbulle gräddad kylvara frysvara el. butiksbakad,Arakidinsyra C20:0,Bullar kakor tårtor mm,0.0,g
6758,Sött vetebröd kanelbulle gräddad kylvara frysvara el. butiksbakad,Linolensyra C18:3,Bullar kakor tårtor mm,0.2,g
6758,Sött vetebröd kanelbulle gräddad kylvara frysvara el. butiksbakad,Linolsyra C18:2,Bullar kakor tårtor mm,1.2,g
6758,Sött vetebröd kanelbulle gräddad kylvara frysvara el. butiksbakad,Oljesyra C18:1,Bullar kakor tårtor mm,3.6,g
6758,Sött vetebröd kanelbulle gräddad kylvara frysvara el. butiksbakad,Stearinsyra C18:0,Bullar kakor tårtor mm,0.5,g
6758,Sött vetebröd kanelbulle gräddad kylvara frysvara el. butiksbakad,Palmitoljesyra C16:1,Bullar kakor tårtor mm,0.1,g
6758,Sött vetebröd kanelbulle gräddad kylvara frysvara el. butiksbakad,Palmitinsyra C16:0,Bullar kakor tårtor mm,2.5,g
6758,Sött vetebröd kanelbulle gräddad kylvara frysvara el. butiksbakad,Myristinsyra C14:0,Bullar kakor tårtor mm,0.4,g
6758,Sött vetebröd kanelbulle gräddad kylvara frysvara el. butiksbakad,Laurinsyra C12:0,Bullar kakor tårtor mm,0.2,g
6758,Sött vetebröd kanelbulle gräddad kylvara frysvara el. butiksbakad,Betakaroten/β-Karoten,Bullar kakor tårtor mm,19.0,µg
6758,Sött vetebröd kanelbulle gräddad kylvara frysvara el. butiksbakad,Avfall (skal etc.),Bullar kakor tårtor mm,0.0,%
6758,Sött vetebröd kanelbulle gräddad kylvara frysvara el. butiksbakad,Aska,Bullar kakor tårtor mm,0.9,g
6758,Sött vetebröd kanelbulle gräddad kylvara frysvara el. butiksbakad,Alkohol,Bullar kakor tårtor mm,0.0,g
6759,Bröd fröbröd fullkorn vete råg,"Zink, Zn",Mjukt bröd ,1.5,mg
6759,Bröd fröbröd fullkorn vete råg,Vitamin E,Mjukt bröd ,2.3,mg
6759,Bröd fröbröd fullkorn vete råg,Vitamin D inkl 25-OH-D3,Mjukt bröd ,0.0,µg
6759,Bröd fröbröd fullkorn vete råg,Vitamin D,Mjukt bröd ,0.0,µg
6759,Bröd fröbröd fullkorn vete råg,Vitamin C,Mjukt bröd ,0.0,mg
6759,Bröd fröbröd fullkorn vete råg,Vitamin B6,Mjukt bröd ,0.15,mg
6759,Bröd fröbröd fullkorn vete råg,Vitamin B12,Mjukt bröd ,0.0,µg
6759,Bröd fröbröd fullkorn vete råg,Vitamin A,Mjukt bröd ,0.0,RE/µg
6759,Bröd fröbröd fullkorn vete råg,Vatten,Mjukt bröd ,34.3,g
6759,Bröd fröbröd fullkorn vete råg,Tiamin,Mjukt bröd ,0.25,mg
6759,Bröd fröbröd fullkorn vete råg,Tillsatt socker,Mjukt bröd ,6.0,g
6759,Bröd fröbröd fullkorn vete råg,Fritt socker,Mjukt bröd ,6.0,g
6759,Bröd fröbröd fullkorn vete råg,"Selen, Se",Mjukt bröd ,1.6,µg
6759,Bröd fröbröd fullkorn vete råg,Sackaros,Mjukt bröd ,0.1,g
6759,Bröd fröbröd fullkorn vete råg,Riboflavin,Mjukt bröd ,0.11,mg
6759,Bröd fröbröd fullkorn vete råg,Retinol,Mjukt bröd ,0.0,µg
6759,Bröd fröbröd fullkorn vete råg,Protein,Mjukt bröd ,8.7,g
6759,Bröd fröbröd fullkorn vete råg,Summa fleromättade fettsyror,Mjukt bröd ,2.5,g
6759,Bröd fröbröd fullkorn vete råg,"Fosfor, P",Mjukt bröd ,169.0,mg
6759,Bröd fröbröd fullkorn vete råg,Niacinekvivalenter,Mjukt bröd ,3.5,NE/mg
6759,Bröd fröbröd fullkorn vete råg,Niacin,Mjukt bröd ,2.08,mg
6759,Bröd fröbröd fullkorn vete råg,"Salt, NaCl",Mjukt bröd ,1.0,g
6759,Bröd fröbröd fullkorn vete råg,"Natrium, Na",Mjukt bröd ,419.0,mg
6759,Bröd fröbröd fullkorn vete råg,Monosackarider,Mjukt bröd ,2.2,g
6759,Bröd fröbröd fullkorn vete råg,"Sockerarter, totalt",Mjukt bröd ,5.8,g
6759,Bröd fröbröd fullkorn vete råg,Summa enkelomättade fettsyror,Mjukt bröd ,1.6,g
6759,Bröd fröbröd fullkorn vete råg,"Magnesium, Mg",Mjukt bröd ,62.0,mg
6759,Bröd fröbröd fullkorn vete råg,Summa mättade fettsyror,Mjukt bröd ,0.5,g
6759,Bröd fröbröd fullkorn vete råg,"Kolhydrater, tillgängliga",Mjukt bröd ,41.0,g
6759,Bröd fröbröd fullkorn vete råg,Kolesterol,Mjukt bröd ,0.0,mg
6759,Bröd fröbröd fullkorn vete råg,"Kalium, K",Mjukt bröd ,258.0,mg
6759,Bröd fröbröd fullkorn vete råg,"Jod, I",Mjukt bröd ,4.0,µg
6759,Bröd fröbröd fullkorn vete råg,Fullkorn totalt,Mjukt bröd ,24.0,g
6759,Bröd fröbröd fullkorn vete råg,"Folat, totalt",Mjukt bröd ,53.8,µg
6759,Bröd fröbröd fullkorn vete råg,Fibrer,Mjukt bröd ,8.2,g
6759,Bröd fröbröd fullkorn vete råg,"Fett, totalt",Mjukt bröd ,5.9,g
6759,Bröd fröbröd fullkorn vete råg,"Järn, Fe",Mjukt bröd ,1.7,mg
6759,Bröd fröbröd fullkorn vete råg,Energi (kJ),Mjukt bröd ,1130.0,kJ
6759,Bröd fröbröd fullkorn vete råg,Energi (kcal),Mjukt bröd ,270.0,kcal
6759,Bröd fröbröd fullkorn vete råg,Disackarider,Mjukt bröd ,3.6,g
6759,Bröd fröbröd fullkorn vete råg,"Kalcium, Ca",Mjukt bröd ,33.0,mg
6759,Bröd fröbröd fullkorn vete råg,Fettsyra 4:0-10:0,Mjukt bröd ,0.0,g
6759,Bröd fröbröd fullkorn vete råg,DHA (C22:6),Mjukt bröd ,0.0,g
6759,Bröd fröbröd fullkorn vete råg,DPA (C22:5),Mjukt bröd ,0.0,g
6759,Bröd fröbröd fullkorn vete råg,EPA (C20:5),Mjukt bröd ,0.0,g
6759,Bröd fröbröd fullkorn vete råg,Arakidonsyra C20:4,Mjukt bröd ,0.0,g
6759,Bröd fröbröd fullkorn vete råg,Arakidinsyra C20:0,Mjukt bröd ,0.0,g
6759,Bröd fröbröd fullkorn vete råg,Linolensyra C18:3,Mjukt bröd ,0.2,g
6759,Bröd fröbröd fullkorn vete råg,Linolsyra C18:2,Mjukt bröd ,2.2,g
6759,Bröd fröbröd fullkorn vete råg,Oljesyra C18:1,Mjukt bröd ,1.6,g
6759,Bröd fröbröd fullkorn vete råg,Stearinsyra C18:0,Mjukt bröd ,0.2,g
6759,Bröd fröbröd fullkorn vete råg,Palmitoljesyra C16:1,Mjukt bröd ,0.0,g
6759,Bröd fröbröd fullkorn vete råg,Palmitinsyra C16:0,Mjukt bröd ,0.3,g
6759,Bröd fröbröd fullkorn vete råg,Myristinsyra C14:0,Mjukt bröd ,0.0,g
6759,Bröd fröbröd fullkorn vete råg,Laurinsyra C12:0,Mjukt bröd ,0.0,g
6759,Bröd fröbröd fullkorn vete råg,Betakaroten/β-Karoten,Mjukt bröd ,0.0,µg
6759,Bröd fröbröd fullkorn vete råg,Avfall (skal etc.),Mjukt bröd ,0.0,%
6759,Bröd fröbröd fullkorn vete råg,Aska,Mjukt bröd ,1.9,g
6759,Bröd fröbröd fullkorn vete råg,Alkohol,Mjukt bröd ,0.0,g
6760,Pizza m. tomatsås ost restaurang,"Zink, Zn",Pizza paj pirog färdig smörgås,1.8,mg
6760,Pizza m. tomatsås ost restaurang,Vitamin E,Pizza paj pirog färdig smörgås,1.4,mg
6760,Pizza m. tomatsås ost restaurang,Vitamin D inkl 25-OH-D3,Pizza paj pirog färdig smörgås,0.0,µg
6760,Pizza m. tomatsås ost restaurang,Vitamin D,Pizza paj pirog färdig smörgås,0.0,µg
6760,Pizza m. tomatsås ost restaurang,Vitamin C,Pizza paj pirog färdig smörgås,0.0,mg
6760,Pizza m. tomatsås ost restaurang,Vitamin B6,Pizza paj pirog färdig smörgås,0.19,mg
6760,Pizza m. tomatsås ost restaurang,Vitamin B12,Pizza paj pirog färdig smörgås,0.78,µg
6760,Pizza m. tomatsås ost restaurang,Vitamin A,Pizza paj pirog färdig smörgås,124.0,RE/µg
6760,Pizza m. tomatsås ost restaurang,Vatten,Pizza paj pirog färdig smörgås,36.0,g
6760,Pizza m. tomatsås ost restaurang,Tiamin,Pizza paj pirog färdig smörgås,0.07,mg
6760,Pizza m. tomatsås ost restaurang,Tillsatt socker,Pizza paj pirog färdig smörgås,0.0,g
6760,Pizza m. tomatsås ost restaurang,Fritt socker,Pizza paj pirog färdig smörgås,0.0,g
6760,Pizza m. tomatsås ost restaurang,"Selen, Se",Pizza paj pirog färdig smörgås,5.0,µg
6760,Pizza m. tomatsås ost restaurang,Sackaros,Pizza paj pirog färdig smörgås,0.0,g
6760,Pizza m. tomatsås ost restaurang,Riboflavin,Pizza paj pirog färdig smörgås,0.15,mg
6760,Pizza m. tomatsås ost restaurang,Retinol,Pizza paj pirog färdig smörgås,115.0,µg
6760,Pizza m. tomatsås ost restaurang,Protein,Pizza paj pirog färdig smörgås,16.5,g
6760,Pizza m. tomatsås ost restaurang,Summa fleromättade fettsyror,Pizza paj pirog färdig smörgås,1.6,g
6760,Pizza m. tomatsås ost restaurang,"Fosfor, P",Pizza paj pirog färdig smörgås,260.0,mg
6760,Pizza m. tomatsås ost restaurang,Niacinekvivalenter,Pizza paj pirog färdig smörgås,6.9,NE/mg
6760,Pizza m. tomatsås ost restaurang,Niacin,Pizza paj pirog färdig smörgås,3.03,mg
6760,Pizza m. tomatsås ost restaurang,"Salt, NaCl",Pizza paj pirog färdig smörgås,1.5,g
6760,Pizza m. tomatsås ost restaurang,"Natrium, Na",Pizza paj pirog färdig smörgås,600.0,mg
6760,Pizza m. tomatsås ost restaurang,Monosackarider,Pizza paj pirog färdig smörgås,1.4,g
6760,Pizza m. tomatsås ost restaurang,"Sockerarter, totalt",Pizza paj pirog färdig smörgås,2.6,g
6760,Pizza m. tomatsås ost restaurang,Summa enkelomättade fettsyror,Pizza paj pirog färdig smörgås,5.6,g
6760,Pizza m. tomatsås ost restaurang,"Magnesium, Mg",Pizza paj pirog färdig smörgås,29.0,mg
6760,Pizza m. tomatsås ost restaurang,Summa mättade fettsyror,Pizza paj pirog färdig smörgås,10.0,g
6760,Pizza m. tomatsås ost restaurang,"Kolhydrater, tillgängliga",Pizza paj pirog färdig smörgås,22.9,g
6760,Pizza m. tomatsås ost restaurang,Kolesterol,Pizza paj pirog färdig smörgås,39.0,mg
6760,Pizza m. tomatsås ost restaurang,"Kalium, K",Pizza paj pirog färdig smörgås,160.0,mg
6760,Pizza m. tomatsås ost restaurang,"Jod, I",Pizza paj pirog färdig smörgås,15.0,µg
6760,Pizza m. tomatsås ost restaurang,Fullkorn totalt,Pizza paj pirog färdig smörgås,0.0,g
6760,Pizza m. tomatsås ost restaurang,"Folat, totalt",Pizza paj pirog färdig smörgås,20.5,µg
6760,Pizza m. tomatsås ost restaurang,Fibrer,Pizza paj pirog färdig smörgås,3.7,g
6760,Pizza m. tomatsås ost restaurang,"Fett, totalt",Pizza paj pirog färdig smörgås,18.2,g
6760,Pizza m. tomatsås ost restaurang,"Järn, Fe",Pizza paj pirog färdig smörgås,0.5,mg
6760,Pizza m. tomatsås ost restaurang,Energi (kJ),Pizza paj pirog färdig smörgås,1372.0,kJ
6760,Pizza m. tomatsås ost restaurang,Energi (kcal),Pizza paj pirog färdig smörgås,328.0,kcal
6760,Pizza m. tomatsås ost restaurang,Disackarider,Pizza paj pirog färdig smörgås,1.1,g
6760,Pizza m. tomatsås ost restaurang,"Kalcium, Ca",Pizza paj pirog färdig smörgås,350.0,mg
6760,Pizza m. tomatsås ost restaurang,Fettsyra 4:0-10:0,Pizza paj pirog färdig smörgås,1.3,g
6760,Pizza m. tomatsås ost restaurang,DHA (C22:6),Pizza paj pirog färdig smörgås,0.0,g
6760,Pizza m. tomatsås ost restaurang,DPA (C22:5),Pizza paj pirog färdig smörgås,0.0,g
6760,Pizza m. tomatsås ost restaurang,EPA (C20:5),Pizza paj pirog färdig smörgås,0.0,g
6760,Pizza m. tomatsås ost restaurang,Arakidonsyra C20:4,Pizza paj pirog färdig smörgås,0.0,g
6760,Pizza m. tomatsås ost restaurang,Arakidinsyra C20:0,Pizza paj pirog färdig smörgås,0.0,g
6760,Pizza m. tomatsås ost restaurang,Linolensyra C18:3,Pizza paj pirog färdig smörgås,0.3,g
6760,Pizza m. tomatsås ost restaurang,Linolsyra C18:2,Pizza paj pirog färdig smörgås,1.2,g
6760,Pizza m. tomatsås ost restaurang,Oljesyra C18:1,Pizza paj pirog färdig smörgås,5.1,g
6760,Pizza m. tomatsås ost restaurang,Stearinsyra C18:0,Pizza paj pirog färdig smörgås,1.4,g
6760,Pizza m. tomatsås ost restaurang,Palmitoljesyra C16:1,Pizza paj pirog färdig smörgås,0.2,g
6760,Pizza m. tomatsås ost restaurang,Palmitinsyra C16:0,Pizza paj pirog färdig smörgås,4.6,g
6760,Pizza m. tomatsås ost restaurang,Myristinsyra C14:0,Pizza paj pirog färdig smörgås,1.6,g
6760,Pizza m. tomatsås ost restaurang,Laurinsyra C12:0,Pizza paj pirog färdig smörgås,0.6,g
6760,Pizza m. tomatsås ost restaurang,Betakaroten/β-Karoten,Pizza paj pirog färdig smörgås,108.0,µg
6760,Pizza m. tomatsås ost restaurang,Avfall (skal etc.),Pizza paj pirog färdig smörgås,0.0,%
6760,Pizza m. tomatsås ost restaurang,Aska,Pizza paj pirog färdig smörgås,2.8,g
6760,Pizza m. tomatsås ost restaurang,Alkohol,Pizza paj pirog färdig smörgås,0.0,g
6761,Pizzadeg tillagad kylvara,"Zink, Zn",Mjukt bröd ,0.3,mg
6761,Pizzadeg tillagad kylvara,Vitamin E,Mjukt bröd ,1.1,mg
6761,Pizzadeg tillagad kylvara,Vitamin D inkl 25-OH-D3,Mjukt bröd ,0.0,µg
6761,Pizzadeg tillagad kylvara,Vitamin D,Mjukt bröd ,0.0,µg
6761,Pizzadeg tillagad kylvara,Vitamin C,Mjukt bröd ,0.0,mg
6761,Pizzadeg tillagad kylvara,Vitamin B6,Mjukt bröd ,0.02,mg
6761,Pizzadeg tillagad kylvara,Vitamin B12,Mjukt bröd ,0.0,µg
6761,Pizzadeg tillagad kylvara,Vitamin A,Mjukt bröd ,0.0,RE/µg
6761,Pizzadeg tillagad kylvara,Vatten,Mjukt bröd ,18.6,g
6761,Pizzadeg tillagad kylvara,Tiamin,Mjukt bröd ,0.02,mg
6761,Pizzadeg tillagad kylvara,Tillsatt socker,Mjukt bröd ,0.0,g
6761,Pizzadeg tillagad kylvara,Fritt socker,Mjukt bröd ,0.0,g
6761,Pizzadeg tillagad kylvara,"Selen, Se",Mjukt bröd ,3.5,µg
6761,Pizzadeg tillagad kylvara,Sackaros,Mjukt bröd ,0.0,g
6761,Pizzadeg tillagad kylvara,Riboflavin,Mjukt bröd ,0.0,mg
6761,Pizzadeg tillagad kylvara,Retinol,Mjukt bröd ,0.0,µg
6761,Pizzadeg tillagad kylvara,Protein,Mjukt bröd ,9.5,g
6761,Pizzadeg tillagad kylvara,Summa fleromättade fettsyror,Mjukt bröd ,1.3,g
6761,Pizzadeg tillagad kylvara,"Fosfor, P",Mjukt bröd ,234.0,mg
6761,Pizzadeg tillagad kylvara,Niacinekvivalenter,Mjukt bröd ,2.0,NE/mg
6761,Pizzadeg tillagad kylvara,Niacin,Mjukt bröd ,0.4,mg
6761,Pizzadeg tillagad kylvara,"Salt, NaCl",Mjukt bröd ,2.0,g
6761,Pizzadeg tillagad kylvara,"Natrium, Na",Mjukt bröd ,816.0,mg
6761,Pizzadeg tillagad kylvara,Monosackarider,Mjukt bröd ,2.1,g
6761,Pizzadeg tillagad kylvara,"Sockerarter, totalt",Mjukt bröd ,4.2,g
6761,Pizzadeg tillagad kylvara,Summa enkelomättade fettsyror,Mjukt bröd ,1.8,g
6761,Pizzadeg tillagad kylvara,"Magnesium, Mg",Mjukt bröd ,10.0,mg
6761,Pizzadeg tillagad kylvara,Summa mättade fettsyror,Mjukt bröd ,0.8,g
6761,Pizzadeg tillagad kylvara,"Kolhydrater, tillgängliga",Mjukt bröd ,60.8,g
6761,Pizzadeg tillagad kylvara,Kolesterol,Mjukt bröd ,0.0,mg
6761,Pizzadeg tillagad kylvara,"Kalium, K",Mjukt bröd ,269.0,mg
6761,Pizzadeg tillagad kylvara,"Jod, I",Mjukt bröd ,0.9,µg
6761,Pizzadeg tillagad kylvara,Fullkorn totalt,Mjukt bröd ,0.0,g
6761,Pizzadeg tillagad kylvara,"Folat, totalt",Mjukt bröd ,7.6,µg
6761,Pizzadeg tillagad kylvara,Fibrer,Mjukt bröd ,3.8,g
6761,Pizzadeg tillagad kylvara,"Fett, totalt",Mjukt bröd ,4.7,g
6761,Pizzadeg tillagad kylvara,"Järn, Fe",Mjukt bröd ,0.3,mg
6761,Pizzadeg tillagad kylvara,Energi (kJ),Mjukt bröd ,1400.0,kJ
6761,Pizzadeg tillagad kylvara,Energi (kcal),Mjukt bröd ,335.0,kcal
6761,Pizzadeg tillagad kylvara,Disackarider,Mjukt bröd ,2.1,g
6761,Pizzadeg tillagad kylvara,"Kalcium, Ca",Mjukt bröd ,37.0,mg
6761,Pizzadeg tillagad kylvara,Fettsyra 4:0-10:0,Mjukt bröd ,0.0,g
6761,Pizzadeg tillagad kylvara,DHA (C22:6),Mjukt bröd ,0.0,g
6761,Pizzadeg tillagad kylvara,DPA (C22:5),Mjukt bröd ,0.0,g
6761,Pizzadeg tillagad kylvara,EPA (C20:5),Mjukt bröd ,0.0,g
6761,Pizzadeg tillagad kylvara,Arakidonsyra C20:4,Mjukt bröd ,0.0,g
6761,Pizzadeg tillagad kylvara,Arakidinsyra C20:0,Mjukt bröd ,0.0,g
6761,Pizzadeg tillagad kylvara,Linolensyra C18:3,Mjukt bröd ,0.0,g
6761,Pizzadeg tillagad kylvara,Linolsyra C18:2,Mjukt bröd ,1.2,g
6761,Pizzadeg tillagad kylvara,Oljesyra C18:1,Mjukt bröd ,1.8,g
6761,Pizzadeg tillagad kylvara,Stearinsyra C18:0,Mjukt bröd ,0.4,g
6761,Pizzadeg tillagad kylvara,Palmitoljesyra C16:1,Mjukt bröd ,0.0,g
6761,Pizzadeg tillagad kylvara,Palmitinsyra C16:0,Mjukt bröd ,0.4,g
6761,Pizzadeg tillagad kylvara,Myristinsyra C14:0,Mjukt bröd ,0.0,g
6761,Pizzadeg tillagad kylvara,Laurinsyra C12:0,Mjukt bröd ,0.0,g
6761,Pizzadeg tillagad kylvara,Betakaroten/β-Karoten,Mjukt bröd ,0.0,µg
6761,Pizzadeg tillagad kylvara,Avfall (skal etc.),Mjukt bröd ,0.0,%
6761,Pizzadeg tillagad kylvara,Aska,Mjukt bröd ,2.7,g
6761,Pizzadeg tillagad kylvara,Alkohol,Mjukt bröd ,0.01,g
6762,Pommes frites smaksatta tillagad frysvara,"Zink, Zn",Potatisprodukter potatisrätter,0.4,mg
6762,Pommes frites smaksatta tillagad frysvara,Vitamin E,Potatisprodukter potatisrätter,2.6,mg
6762,Pommes frites smaksatta tillagad frysvara,Vitamin D inkl 25-OH-D3,Potatisprodukter potatisrätter,0.0,µg
6762,Pommes frites smaksatta tillagad frysvara,Vitamin D,Potatisprodukter potatisrätter,0.0,µg
6762,Pommes frites smaksatta tillagad frysvara,Vitamin C,Potatisprodukter potatisrätter,2.7,mg
6762,Pommes frites smaksatta tillagad frysvara,Vitamin B6,Potatisprodukter potatisrätter,0.24,mg
6762,Pommes frites smaksatta tillagad frysvara,Vitamin B12,Potatisprodukter potatisrätter,0.0,µg
6762,Pommes frites smaksatta tillagad frysvara,Vitamin A,Potatisprodukter potatisrätter,3.7,RE/µg
6762,Pommes frites smaksatta tillagad frysvara,Vatten,Potatisprodukter potatisrätter,54.8,g
6762,Pommes frites smaksatta tillagad frysvara,Tiamin,Potatisprodukter potatisrätter,0.1,mg
6762,Pommes frites smaksatta tillagad frysvara,Tillsatt socker,Potatisprodukter potatisrätter,0.0,g
6762,Pommes frites smaksatta tillagad frysvara,Fritt socker,Potatisprodukter potatisrätter,0.0,g
6762,Pommes frites smaksatta tillagad frysvara,"Selen, Se",Potatisprodukter potatisrätter,1.2,µg
6762,Pommes frites smaksatta tillagad frysvara,Sackaros,Potatisprodukter potatisrätter,0.2,g
6762,Pommes frites smaksatta tillagad frysvara,Riboflavin,Potatisprodukter potatisrätter,0.04,mg
6762,Pommes frites smaksatta tillagad frysvara,Retinol,Potatisprodukter potatisrätter,0.0,µg
6762,Pommes frites smaksatta tillagad frysvara,Protein,Potatisprodukter potatisrätter,3.2,g
6762,Pommes frites smaksatta tillagad frysvara,Summa fleromättade fettsyror,Potatisprodukter potatisrätter,3.7,g
6762,Pommes frites smaksatta tillagad frysvara,"Fosfor, P",Potatisprodukter potatisrätter,101.0,mg
6762,Pommes frites smaksatta tillagad frysvara,Niacinekvivalenter,Potatisprodukter potatisrätter,1.98,NE/mg
6762,Pommes frites smaksatta tillagad frysvara,Niacin,Potatisprodukter potatisrätter,1.44,mg
6762,Pommes frites smaksatta tillagad frysvara,"Salt, NaCl",Potatisprodukter potatisrätter,1.0,g
6762,Pommes frites smaksatta tillagad frysvara,"Natrium, Na",Potatisprodukter potatisrätter,370.0,mg
6762,Pommes frites smaksatta tillagad frysvara,Monosackarider,Potatisprodukter potatisrätter,0.1,g
6762,Pommes frites smaksatta tillagad frysvara,"Sockerarter, totalt",Potatisprodukter potatisrätter,0.4,g
6762,Pommes frites smaksatta tillagad frysvara,Summa enkelomättade fettsyror,Potatisprodukter potatisrätter,3.8,g
6762,Pommes frites smaksatta tillagad frysvara,"Magnesium, Mg",Potatisprodukter potatisrätter,26.0,mg
6762,Pommes frites smaksatta tillagad frysvara,Summa mättade fettsyror,Potatisprodukter potatisrätter,1.0,g
6762,Pommes frites smaksatta tillagad frysvara,"Kolhydrater, tillgängliga",Potatisprodukter potatisrätter,26.1,g
6762,Pommes frites smaksatta tillagad frysvara,Kolesterol,Potatisprodukter potatisrätter,0.0,mg
6762,Pommes frites smaksatta tillagad frysvara,"Kalium, K",Potatisprodukter potatisrätter,469.0,mg
6762,Pommes frites smaksatta tillagad frysvara,"Jod, I",Potatisprodukter potatisrätter,0.0,µg
6762,Pommes frites smaksatta tillagad frysvara,Fullkorn totalt,Potatisprodukter potatisrätter,0.0,g
6762,Pommes frites smaksatta tillagad frysvara,"Folat, totalt",Potatisprodukter potatisrätter,15.2,µg
6762,Pommes frites smaksatta tillagad frysvara,Fibrer,Potatisprodukter potatisrätter,4.9,g
6762,Pommes frites smaksatta tillagad frysvara,"Fett, totalt",Potatisprodukter potatisrätter,9.0,g
6762,Pommes frites smaksatta tillagad frysvara,"Järn, Fe",Potatisprodukter potatisrätter,0.7,mg
6762,Pommes frites smaksatta tillagad frysvara,Energi (kJ),Potatisprodukter potatisrätter,871.0,kJ
6762,Pommes frites smaksatta tillagad frysvara,Energi (kcal),Potatisprodukter potatisrätter,207.0,kcal
6762,Pommes frites smaksatta tillagad frysvara,Disackarider,Potatisprodukter potatisrätter,0.2,g
6762,Pommes frites smaksatta tillagad frysvara,"Kalcium, Ca",Potatisprodukter potatisrätter,14.0,mg
6762,Pommes frites smaksatta tillagad frysvara,Fettsyra 4:0-10:0,Potatisprodukter potatisrätter,0.0,g
6762,Pommes frites smaksatta tillagad frysvara,DHA (C22:6),Potatisprodukter potatisrätter,0.0,g
6762,Pommes frites smaksatta tillagad frysvara,DPA (C22:5),Potatisprodukter potatisrätter,0.0,g
6762,Pommes frites smaksatta tillagad frysvara,EPA (C20:5),Potatisprodukter potatisrätter,0.0,g
6762,Pommes frites smaksatta tillagad frysvara,Arakidonsyra C20:4,Potatisprodukter potatisrätter,0.0,g
6762,Pommes frites smaksatta tillagad frysvara,Arakidinsyra C20:0,Potatisprodukter potatisrätter,0.0,g
6762,Pommes frites smaksatta tillagad frysvara,Linolensyra C18:3,Potatisprodukter potatisrätter,0.0,g
6762,Pommes frites smaksatta tillagad frysvara,Linolsyra C18:2,Potatisprodukter potatisrätter,3.7,g
6762,Pommes frites smaksatta tillagad frysvara,Oljesyra C18:1,Potatisprodukter potatisrätter,3.8,g
6762,Pommes frites smaksatta tillagad frysvara,Stearinsyra C18:0,Potatisprodukter potatisrätter,0.3,g
6762,Pommes frites smaksatta tillagad frysvara,Palmitoljesyra C16:1,Potatisprodukter potatisrätter,0.0,g
6762,Pommes frites smaksatta tillagad frysvara,Palmitinsyra C16:0,Potatisprodukter potatisrätter,0.6,g
6762,Pommes frites smaksatta tillagad frysvara,Myristinsyra C14:0,Potatisprodukter potatisrätter,0.0,g
6762,Pommes frites smaksatta tillagad frysvara,Laurinsyra C12:0,Potatisprodukter potatisrätter,0.0,g
6762,Pommes frites smaksatta tillagad frysvara,Betakaroten/β-Karoten,Potatisprodukter potatisrätter,31.0,µg
6762,Pommes frites smaksatta tillagad frysvara,Avfall (skal etc.),Potatisprodukter potatisrätter,0.0,%
6762,Pommes frites smaksatta tillagad frysvara,Aska,Potatisprodukter potatisrätter,2.0,g
6762,Pommes frites smaksatta tillagad frysvara,Alkohol,Potatisprodukter potatisrätter,0.0,g
6763,Frukostflingor vete puffat m. choklad,"Zink, Zn",Flingor - frukostflingor,1.5,mg
6763,Frukostflingor vete puffat m. choklad,Vitamin E,Flingor - frukostflingor,0.4,mg
6763,Frukostflingor vete puffat m. choklad,Vitamin D inkl 25-OH-D3,Flingor - frukostflingor,0.0,µg
6763,Frukostflingor vete puffat m. choklad,Vitamin D,Flingor - frukostflingor,0.0,µg
6763,Frukostflingor vete puffat m. choklad,Vitamin C,Flingor - frukostflingor,0.0,mg
6763,Frukostflingor vete puffat m. choklad,Vitamin B6,Flingor - frukostflingor,0.13,mg
6763,Frukostflingor vete puffat m. choklad,Vitamin B12,Flingor - frukostflingor,0.0,µg
6763,Frukostflingor vete puffat m. choklad,Vitamin A,Flingor - frukostflingor,1.6,RE/µg
6763,Frukostflingor vete puffat m. choklad,Vatten,Flingor - frukostflingor,2.7,g
6763,Frukostflingor vete puffat m. choklad,Tiamin,Flingor - frukostflingor,0.16,mg
6763,Frukostflingor vete puffat m. choklad,Tillsatt socker,Flingor - frukostflingor,22.0,g
6763,Frukostflingor vete puffat m. choklad,Fritt socker,Flingor - frukostflingor,22.0,g
6763,Frukostflingor vete puffat m. choklad,"Selen, Se",Flingor - frukostflingor,2.0,µg
6763,Frukostflingor vete puffat m. choklad,Sackaros,Flingor - frukostflingor,20.5,g
6763,Frukostflingor vete puffat m. choklad,Riboflavin,Flingor - frukostflingor,0.07,mg
6763,Frukostflingor vete puffat m. choklad,Retinol,Flingor - frukostflingor,0.0,µg
6763,Frukostflingor vete puffat m. choklad,Protein,Flingor - frukostflingor,8.4,g
6763,Frukostflingor vete puffat m. choklad,Summa fleromättade fettsyror,Flingor - frukostflingor,0.9,g
6763,Frukostflingor vete puffat m. choklad,"Fosfor, P",Flingor - frukostflingor,200.0,mg
6763,Frukostflingor vete puffat m. choklad,Niacinekvivalenter,Flingor - frukostflingor,3.4,NE/mg
6763,Frukostflingor vete puffat m. choklad,Niacin,Flingor - frukostflingor,2.03,mg
6763,Frukostflingor vete puffat m. choklad,"Salt, NaCl",Flingor - frukostflingor,0.4,g
6763,Frukostflingor vete puffat m. choklad,"Natrium, Na",Flingor - frukostflingor,180.0,mg
6763,Frukostflingor vete puffat m. choklad,Monosackarider,Flingor - frukostflingor,0.3,g
6763,Frukostflingor vete puffat m. choklad,"Sockerarter, totalt",Flingor - frukostflingor,21.5,g
6763,Frukostflingor vete puffat m. choklad,Summa enkelomättade fettsyror,Flingor - frukostflingor,0.6,g
6763,Frukostflingor vete puffat m. choklad,"Magnesium, Mg",Flingor - frukostflingor,85.0,mg
6763,Frukostflingor vete puffat m. choklad,Summa mättade fettsyror,Flingor - frukostflingor,0.9,g
6763,Frukostflingor vete puffat m. choklad,"Kolhydrater, tillgängliga",Flingor - frukostflingor,73.1,g
6763,Frukostflingor vete puffat m. choklad,Kolesterol,Flingor - frukostflingor,0.0,mg
6763,Frukostflingor vete puffat m. choklad,"Kalium, K",Flingor - frukostflingor,540.0,mg
6763,Frukostflingor vete puffat m. choklad,"Jod, I",Flingor - frukostflingor,0.0,µg
6763,Frukostflingor vete puffat m. choklad,Fullkorn totalt,Flingor - frukostflingor,52.0,g
6763,Frukostflingor vete puffat m. choklad,"Folat, totalt",Flingor - frukostflingor,27.2,µg
6763,Frukostflingor vete puffat m. choklad,Fibrer,Flingor - frukostflingor,10.5,g
6763,Frukostflingor vete puffat m. choklad,"Fett, totalt",Flingor - frukostflingor,3.4,g
6763,Frukostflingor vete puffat m. choklad,"Järn, Fe",Flingor - frukostflingor,5.4,mg
6763,Frukostflingor vete puffat m. choklad,Energi (kJ),Flingor - frukostflingor,1598.0,kJ
6763,Frukostflingor vete puffat m. choklad,Energi (kcal),Flingor - frukostflingor,382.0,kcal
6763,Frukostflingor vete puffat m. choklad,Disackarider,Flingor - frukostflingor,21.3,g
6763,Frukostflingor vete puffat m. choklad,"Kalcium, Ca",Flingor - frukostflingor,34.0,mg
6763,Frukostflingor vete puffat m. choklad,Fettsyra 4:0-10:0,Flingor - frukostflingor,0.0,g
6763,Frukostflingor vete puffat m. choklad,DHA (C22:6),Flingor - frukostflingor,0.0,g
6763,Frukostflingor vete puffat m. choklad,DPA (C22:5),Flingor - frukostflingor,0.0,g
6763,Frukostflingor vete puffat m. choklad,EPA (C20:5),Flingor - frukostflingor,0.0,g
6763,Frukostflingor vete puffat m. choklad,Arakidonsyra C20:4,Flingor - frukostflingor,0.0,g
6763,Frukostflingor vete puffat m. choklad,Arakidinsyra C20:0,Flingor - frukostflingor,0.0,g
6763,Frukostflingor vete puffat m. choklad,Linolensyra C18:3,Flingor - frukostflingor,0.1,g
6763,Frukostflingor vete puffat m. choklad,Linolsyra C18:2,Flingor - frukostflingor,0.9,g
6763,Frukostflingor vete puffat m. choklad,Oljesyra C18:1,Flingor - frukostflingor,0.6,g
6763,Frukostflingor vete puffat m. choklad,Stearinsyra C18:0,Flingor - frukostflingor,0.4,g
6763,Frukostflingor vete puffat m. choklad,Palmitoljesyra C16:1,Flingor - frukostflingor,0.0,g
6763,Frukostflingor vete puffat m. choklad,Palmitinsyra C16:0,Flingor - frukostflingor,0.5,g
6763,Frukostflingor vete puffat m. choklad,Myristinsyra C14:0,Flingor - frukostflingor,0.0,g
6763,Frukostflingor vete puffat m. choklad,Laurinsyra C12:0,Flingor - frukostflingor,0.0,g
6763,Frukostflingor vete puffat m. choklad,Betakaroten/β-Karoten,Flingor - frukostflingor,13.0,µg
6763,Frukostflingor vete puffat m. choklad,Avfall (skal etc.),Flingor - frukostflingor,0.0,%
6763,Frukostflingor vete puffat m. choklad,Aska,Flingor - frukostflingor,1.8,g
6763,Frukostflingor vete puffat m. choklad,Alkohol,Flingor - frukostflingor,0.0,g
6764,Frukostflingor granola m. frukt nötter,"Zink, Zn",Flingor - frukostflingor,2.4,mg
6764,Frukostflingor granola m. frukt nötter,Vitamin E,Flingor - frukostflingor,6.4,mg
6764,Frukostflingor granola m. frukt nötter,Vitamin D inkl 25-OH-D3,Flingor - frukostflingor,0.0,µg
6764,Frukostflingor granola m. frukt nötter,Vitamin D,Flingor - frukostflingor,0.0,µg
6764,Frukostflingor granola m. frukt nötter,Vitamin C,Flingor - frukostflingor,3.1,mg
6764,Frukostflingor granola m. frukt nötter,Vitamin B6,Flingor - frukostflingor,0.16,mg
6764,Frukostflingor granola m. frukt nötter,Vitamin B12,Flingor - frukostflingor,0.0,µg
6764,Frukostflingor granola m. frukt nötter,Vitamin A,Flingor - frukostflingor,2.0,RE/µg
6764,Frukostflingor granola m. frukt nötter,Vatten,Flingor - frukostflingor,5.0,g
6764,Frukostflingor granola m. frukt nötter,Tiamin,Flingor - frukostflingor,0.41,mg
6764,Frukostflingor granola m. frukt nötter,Tillsatt socker,Flingor - frukostflingor,0.0,g
6764,Frukostflingor granola m. frukt nötter,Fritt socker,Flingor - frukostflingor,5.0,g
6764,Frukostflingor granola m. frukt nötter,"Selen, Se",Flingor - frukostflingor,4.0,µg
6764,Frukostflingor granola m. frukt nötter,Sackaros,Flingor - frukostflingor,1.6,g
6764,Frukostflingor granola m. frukt nötter,Riboflavin,Flingor - frukostflingor,0.07,mg
6764,Frukostflingor granola m. frukt nötter,Retinol,Flingor - frukostflingor,0.0,µg
6764,Frukostflingor granola m. frukt nötter,Protein,Flingor - frukostflingor,11.4,g
6764,Frukostflingor granola m. frukt nötter,Summa fleromättade fettsyror,Flingor - frukostflingor,6.1,g
6764,Frukostflingor granola m. frukt nötter,"Fosfor, P",Flingor - frukostflingor,330.0,mg
6764,Frukostflingor granola m. frukt nötter,Niacinekvivalenter,Flingor - frukostflingor,3.1,NE/mg
6764,Frukostflingor granola m. frukt nötter,Niacin,Flingor - frukostflingor,1.18,mg
6764,Frukostflingor granola m. frukt nötter,"Salt, NaCl",Flingor - frukostflingor,0.4,g
6764,Frukostflingor granola m. frukt nötter,"Natrium, Na",Flingor - frukostflingor,160.0,mg
6764,Frukostflingor granola m. frukt nötter,Monosackarider,Flingor - frukostflingor,8.2,g
6764,Frukostflingor granola m. frukt nötter,"Sockerarter, totalt",Flingor - frukostflingor,10.1,g
6764,Frukostflingor granola m. frukt nötter,Summa enkelomättade fettsyror,Flingor - frukostflingor,10.6,g
6764,Frukostflingor granola m. frukt nötter,"Magnesium, Mg",Flingor - frukostflingor,120.0,mg
6764,Frukostflingor granola m. frukt nötter,Summa mättade fettsyror,Flingor - frukostflingor,1.8,g
6764,Frukostflingor granola m. frukt nötter,"Kolhydrater, tillgängliga",Flingor - frukostflingor,46.0,g
6764,Frukostflingor granola m. frukt nötter,Kolesterol,Flingor - frukostflingor,0.0,mg
6764,Frukostflingor granola m. frukt nötter,"Kalium, K",Flingor - frukostflingor,410.0,mg
6764,Frukostflingor granola m. frukt nötter,"Jod, I",Flingor - frukostflingor,1.0,µg
6764,Frukostflingor granola m. frukt nötter,Fullkorn totalt,Flingor - frukostflingor,61.0,g
6764,Frukostflingor granola m. frukt nötter,"Folat, totalt",Flingor - frukostflingor,46.2,µg
6764,Frukostflingor granola m. frukt nötter,Fibrer,Flingor - frukostflingor,16.2,g
6764,Frukostflingor granola m. frukt nötter,"Fett, totalt",Flingor - frukostflingor,19.5,g
6764,Frukostflingor granola m. frukt nötter,"Järn, Fe",Flingor - frukostflingor,3.2,mg
6764,Frukostflingor granola m. frukt nötter,Energi (kJ),Flingor - frukostflingor,1827.0,kJ
6764,Frukostflingor granola m. frukt nötter,Energi (kcal),Flingor - frukostflingor,436.0,kcal
6764,Frukostflingor granola m. frukt nötter,Disackarider,Flingor - frukostflingor,1.8,g
6764,Frukostflingor granola m. frukt nötter,"Kalcium, Ca",Flingor - frukostflingor,60.0,mg
6764,Frukostflingor granola m. frukt nötter,Fettsyra 4:0-10:0,Flingor - frukostflingor,0.0,g
6764,Frukostflingor granola m. frukt nötter,DHA (C22:6),Flingor - frukostflingor,0.0,g
6764,Frukostflingor granola m. frukt nötter,DPA (C22:5),Flingor - frukostflingor,0.0,g
6764,Frukostflingor granola m. frukt nötter,EPA (C20:5),Flingor - frukostflingor,0.0,g
6764,Frukostflingor granola m. frukt nötter,Arakidonsyra C20:4,Flingor - frukostflingor,0.0,g
6764,Frukostflingor granola m. frukt nötter,Arakidinsyra C20:0,Flingor - frukostflingor,0.1,g
6764,Frukostflingor granola m. frukt nötter,Linolensyra C18:3,Flingor - frukostflingor,1.0,g
6764,Frukostflingor granola m. frukt nötter,Linolsyra C18:2,Flingor - frukostflingor,5.1,g
6764,Frukostflingor granola m. frukt nötter,Oljesyra C18:1,Flingor - frukostflingor,10.4,g
6764,Frukostflingor granola m. frukt nötter,Stearinsyra C18:0,Flingor - frukostflingor,0.5,g
6764,Frukostflingor granola m. frukt nötter,Palmitoljesyra C16:1,Flingor - frukostflingor,0.0,g
6764,Frukostflingor granola m. frukt nötter,Palmitinsyra C16:0,Flingor - frukostflingor,1.2,g
6764,Frukostflingor granola m. frukt nötter,Myristinsyra C14:0,Flingor - frukostflingor,0.0,g
6764,Frukostflingor granola m. frukt nötter,Laurinsyra C12:0,Flingor - frukostflingor,0.0,g
6764,Frukostflingor granola m. frukt nötter,Betakaroten/β-Karoten,Flingor - frukostflingor,23.0,µg
6764,Frukostflingor granola m. frukt nötter,Avfall (skal etc.),Flingor - frukostflingor,0.0,%
6764,Frukostflingor granola m. frukt nötter,Aska,Flingor - frukostflingor,1.9,g
6764,Frukostflingor granola m. frukt nötter,Alkohol,Flingor - frukostflingor,0.0,g
6765,Frukostflingor granola m. kakao hallon,"Zink, Zn",Flingor - frukostflingor,2.1,mg
6765,Frukostflingor granola m. kakao hallon,Vitamin E,Flingor - frukostflingor,2.5,mg
6765,Frukostflingor granola m. kakao hallon,Vitamin D inkl 25-OH-D3,Flingor - frukostflingor,0.0,µg
6765,Frukostflingor granola m. kakao hallon,Vitamin D,Flingor - frukostflingor,0.0,µg
6765,Frukostflingor granola m. kakao hallon,Vitamin C,Flingor - frukostflingor,2.1,mg
6765,Frukostflingor granola m. kakao hallon,Vitamin B6,Flingor - frukostflingor,0.09,mg
6765,Frukostflingor granola m. kakao hallon,Vitamin B12,Flingor - frukostflingor,0.0,µg
6765,Frukostflingor granola m. kakao hallon,Vitamin A,Flingor - frukostflingor,0.0,RE/µg
6765,Frukostflingor granola m. kakao hallon,Vatten,Flingor - frukostflingor,5.4,g
6765,Frukostflingor granola m. kakao hallon,Tiamin,Flingor - frukostflingor,0.29,mg
6765,Frukostflingor granola m. kakao hallon,Tillsatt socker,Flingor - frukostflingor,0.0,g
6765,Frukostflingor granola m. kakao hallon,Fritt socker,Flingor - frukostflingor,5.0,g
6765,Frukostflingor granola m. kakao hallon,"Selen, Se",Flingor - frukostflingor,3.0,µg
6765,Frukostflingor granola m. kakao hallon,Sackaros,Flingor - frukostflingor,1.9,g
6765,Frukostflingor granola m. kakao hallon,Riboflavin,Flingor - frukostflingor,0.05,mg
6765,Frukostflingor granola m. kakao hallon,Retinol,Flingor - frukostflingor,0.0,µg
6765,Frukostflingor granola m. kakao hallon,Protein,Flingor - frukostflingor,8.8,g
6765,Frukostflingor granola m. kakao hallon,Summa fleromättade fettsyror,Flingor - frukostflingor,2.8,g
6765,Frukostflingor granola m. kakao hallon,"Fosfor, P",Flingor - frukostflingor,260.0,mg
6765,Frukostflingor granola m. kakao hallon,Niacinekvivalenter,Flingor - frukostflingor,2.3,NE/mg
6765,Frukostflingor granola m. kakao hallon,Niacin,Flingor - frukostflingor,0.85,mg
6765,Frukostflingor granola m. kakao hallon,"Salt, NaCl",Flingor - frukostflingor,0.5,g
6765,Frukostflingor granola m. kakao hallon,"Natrium, Na",Flingor - frukostflingor,210.0,mg
6765,Frukostflingor granola m. kakao hallon,Monosackarider,Flingor - frukostflingor,8.7,g
6765,Frukostflingor granola m. kakao hallon,"Sockerarter, totalt",Flingor - frukostflingor,10.6,g
6765,Frukostflingor granola m. kakao hallon,Summa enkelomättade fettsyror,Flingor - frukostflingor,9.6,g
6765,Frukostflingor granola m. kakao hallon,"Magnesium, Mg",Flingor - frukostflingor,91.0,mg
6765,Frukostflingor granola m. kakao hallon,Summa mättade fettsyror,Flingor - frukostflingor,2.7,g
6765,Frukostflingor granola m. kakao hallon,"Kolhydrater, tillgängliga",Flingor - frukostflingor,47.8,g
6765,Frukostflingor granola m. kakao hallon,Kolesterol,Flingor - frukostflingor,0.0,mg
6765,Frukostflingor granola m. kakao hallon,"Kalium, K",Flingor - frukostflingor,450.0,mg
6765,Frukostflingor granola m. kakao hallon,"Jod, I",Flingor - frukostflingor,2.0,µg
6765,Frukostflingor granola m. kakao hallon,Fullkorn totalt,Flingor - frukostflingor,55.0,g
6765,Frukostflingor granola m. kakao hallon,"Folat, totalt",Flingor - frukostflingor,34.5,µg
6765,Frukostflingor granola m. kakao hallon,Fibrer,Flingor - frukostflingor,20.3,g
6765,Frukostflingor granola m. kakao hallon,"Fett, totalt",Flingor - frukostflingor,15.8,g
6765,Frukostflingor granola m. kakao hallon,"Järn, Fe",Flingor - frukostflingor,3.4,mg
6765,Frukostflingor granola m. kakao hallon,Energi (kJ),Flingor - frukostflingor,1709.0,kJ
6765,Frukostflingor granola m. kakao hallon,Energi (kcal),Flingor - frukostflingor,408.0,kcal
6765,Frukostflingor granola m. kakao hallon,Disackarider,Flingor - frukostflingor,1.9,g
6765,Frukostflingor granola m. kakao hallon,"Kalcium, Ca",Flingor - frukostflingor,49.0,mg
6765,Frukostflingor granola m. kakao hallon,Fettsyra 4:0-10:0,Flingor - frukostflingor,0.2,g
6765,Frukostflingor granola m. kakao hallon,DHA (C22:6),Flingor - frukostflingor,0.0,g
6765,Frukostflingor granola m. kakao hallon,DPA (C22:5),Flingor - frukostflingor,0.0,g
6765,Frukostflingor granola m. kakao hallon,EPA (C20:5),Flingor - frukostflingor,0.0,g
6765,Frukostflingor granola m. kakao hallon,Arakidonsyra C20:4,Flingor - frukostflingor,0.0,g
6765,Frukostflingor granola m. kakao hallon,Arakidinsyra C20:0,Flingor - frukostflingor,0.1,g
6765,Frukostflingor granola m. kakao hallon,Linolensyra C18:3,Flingor - frukostflingor,0.3,g
6765,Frukostflingor granola m. kakao hallon,Linolsyra C18:2,Flingor - frukostflingor,2.5,g
6765,Frukostflingor granola m. kakao hallon,Oljesyra C18:1,Flingor - frukostflingor,9.4,g
6765,Frukostflingor granola m. kakao hallon,Stearinsyra C18:0,Flingor - frukostflingor,0.3,g
6765,Frukostflingor granola m. kakao hallon,Palmitoljesyra C16:1,Flingor - frukostflingor,0.0,g
6765,Frukostflingor granola m. kakao hallon,Palmitinsyra C16:0,Flingor - frukostflingor,1.0,g
6765,Frukostflingor granola m. kakao hallon,Myristinsyra C14:0,Flingor - frukostflingor,0.3,g
6765,Frukostflingor granola m. kakao hallon,Laurinsyra C12:0,Flingor - frukostflingor,0.7,g
6765,Frukostflingor granola m. kakao hallon,Betakaroten/β-Karoten,Flingor - frukostflingor,0.0,µg
6765,Frukostflingor granola m. kakao hallon,Avfall (skal etc.),Flingor - frukostflingor,0.0,%
6765,Frukostflingor granola m. kakao hallon,Aska,Flingor - frukostflingor,1.9,g
6765,Frukostflingor granola m. kakao hallon,Alkohol,Flingor - frukostflingor,0.0,g
6766,Majskaka smaksatt ost,"Zink, Zn",Smörgåskex,0.6,mg
6766,Majskaka smaksatt ost,Vitamin E,Smörgåskex,5.2,mg
6766,Majskaka smaksatt ost,Vitamin D inkl 25-OH-D3,Smörgåskex,0.0,µg
6766,Majskaka smaksatt ost,Vitamin D,Smörgåskex,0.0,µg
6766,Majskaka smaksatt ost,Vitamin C,Smörgåskex,1.7,mg
6766,Majskaka smaksatt ost,Vitamin B6,Smörgåskex,0.21,mg
6766,Majskaka smaksatt ost,Vitamin B12,Smörgåskex,0.15,µg
6766,Majskaka smaksatt ost,Vitamin A,Smörgåskex,10.0,RE/µg
6766,Majskaka smaksatt ost,Vatten,Smörgåskex,3.8,g
6766,Majskaka smaksatt ost,Tiamin,Smörgåskex,0.05,mg
6766,Majskaka smaksatt ost,Tillsatt socker,Smörgåskex,0.0,g
6766,Majskaka smaksatt ost,Fritt socker,Smörgåskex,0.0,g
6766,Majskaka smaksatt ost,"Selen, Se",Smörgåskex,3.0,µg
6766,Majskaka smaksatt ost,Sackaros,Smörgåskex,0.5,g
6766,Majskaka smaksatt ost,Riboflavin,Smörgåskex,0.17,mg
6766,Majskaka smaksatt ost,Retinol,Smörgåskex,0.0,µg
6766,Majskaka smaksatt ost,Protein,Smörgåskex,6.8,g
6766,Majskaka smaksatt ost,Summa fleromättade fettsyror,Smörgåskex,3.7,g
6766,Majskaka smaksatt ost,"Fosfor, P",Smörgåskex,150.0,mg
6766,Majskaka smaksatt ost,Niacinekvivalenter,Smörgåskex,1.6,NE/mg
6766,Majskaka smaksatt ost,Niacin,Smörgåskex,0.96,mg
6766,Majskaka smaksatt ost,"Salt, NaCl",Smörgåskex,1.2,g
6766,Majskaka smaksatt ost,"Natrium, Na",Smörgåskex,500.0,mg
6766,Majskaka smaksatt ost,Monosackarider,Smörgåskex,0.2,g
6766,Majskaka smaksatt ost,"Sockerarter, totalt",Smörgåskex,3.7,g
6766,Majskaka smaksatt ost,Summa enkelomättade fettsyror,Smörgåskex,8.7,g
6766,Majskaka smaksatt ost,"Magnesium, Mg",Smörgåskex,31.0,mg
6766,Majskaka smaksatt ost,Summa mättade fettsyror,Smörgåskex,1.2,g
6766,Majskaka smaksatt ost,"Kolhydrater, tillgängliga",Smörgåskex,70.5,g
6766,Majskaka smaksatt ost,Kolesterol,Smörgåskex,2.7,mg
6766,Majskaka smaksatt ost,"Kalium, K",Smörgåskex,220.0,mg
6766,Majskaka smaksatt ost,"Jod, I",Smörgåskex,13.0,µg
6766,Majskaka smaksatt ost,Fullkorn totalt,Smörgåskex,0.0,g
6766,Majskaka smaksatt ost,"Folat, totalt",Smörgåskex,21.9,µg
6766,Majskaka smaksatt ost,Fibrer,Smörgåskex,2.8,g
6766,Majskaka smaksatt ost,"Fett, totalt",Smörgåskex,14.3,g
6766,Majskaka smaksatt ost,"Järn, Fe",Smörgåskex,0.5,mg
6766,Majskaka smaksatt ost,Energi (kJ),Smörgåskex,1865.0,kJ
6766,Majskaka smaksatt ost,Energi (kcal),Smörgåskex,446.0,kcal
6766,Majskaka smaksatt ost,Disackarider,Smörgåskex,3.4,g
6766,Majskaka smaksatt ost,"Kalcium, Ca",Smörgåskex,47.0,mg
6766,Majskaka smaksatt ost,Fettsyra 4:0-10:0,Smörgåskex,0.0,g
6766,Majskaka smaksatt ost,DHA (C22:6),Smörgåskex,0.0,g
6766,Majskaka smaksatt ost,DPA (C22:5),Smörgåskex,0.0,g
6766,Majskaka smaksatt ost,EPA (C20:5),Smörgåskex,0.0,g
6766,Majskaka smaksatt ost,Arakidonsyra C20:4,Smörgåskex,0.0,g
6766,Majskaka smaksatt ost,Arakidinsyra C20:0,Smörgåskex,0.1,g
6766,Majskaka smaksatt ost,Linolensyra C18:3,Smörgåskex,1.0,g
6766,Majskaka smaksatt ost,Linolsyra C18:2,Smörgåskex,2.8,g
6766,Majskaka smaksatt ost,Oljesyra C18:1,Smörgåskex,8.5,g
6766,Majskaka smaksatt ost,Stearinsyra C18:0,Smörgåskex,0.2,g
6766,Majskaka smaksatt ost,Palmitoljesyra C16:1,Smörgåskex,0.0,g
6766,Majskaka smaksatt ost,Palmitinsyra C16:0,Smörgåskex,0.8,g
6766,Majskaka smaksatt ost,Myristinsyra C14:0,Smörgåskex,0.1,g
6766,Majskaka smaksatt ost,Laurinsyra C12:0,Smörgåskex,0.0,g
6766,Majskaka smaksatt ost,Betakaroten/β-Karoten,Smörgåskex,71.0,µg
6766,Majskaka smaksatt ost,Avfall (skal etc.),Smörgåskex,0.0,%
6766,Majskaka smaksatt ost,Aska,Smörgåskex,1.9,g
6766,Majskaka smaksatt ost,Alkohol,Smörgåskex,0.0,g
6767,Linskaka smaksatt,"Zink, Zn",Smörgåskex,2.2,mg
6767,Linskaka smaksatt,Vitamin E,Smörgåskex,3.8,mg
6767,Linskaka smaksatt,Vitamin D inkl 25-OH-D3,Smörgåskex,0.0,µg
6767,Linskaka smaksatt,Vitamin D,Smörgåskex,0.0,µg
6767,Linskaka smaksatt,Vitamin C,Smörgåskex,0.0,mg
6767,Linskaka smaksatt,Vitamin B6,Smörgåskex,0.27,mg
6767,Linskaka smaksatt,Vitamin B12,Smörgåskex,0.2,µg
6767,Linskaka smaksatt,Vitamin A,Smörgåskex,10.2,RE/µg
6767,Linskaka smaksatt,Vatten,Smörgåskex,4.6,g
6767,Linskaka smaksatt,Tiamin,Smörgåskex,0.19,mg
6767,Linskaka smaksatt,Tillsatt socker,Smörgåskex,0.0,g
6767,Linskaka smaksatt,Fritt socker,Smörgåskex,0.0,g
6767,Linskaka smaksatt,"Selen, Se",Smörgåskex,20.0,µg
6767,Linskaka smaksatt,Sackaros,Smörgåskex,1.0,g
6767,Linskaka smaksatt,Riboflavin,Smörgåskex,0.19,mg
6767,Linskaka smaksatt,Retinol,Smörgåskex,0.0,µg
6767,Linskaka smaksatt,Protein,Smörgåskex,15.9,g
6767,Linskaka smaksatt,Summa fleromättade fettsyror,Smörgåskex,3.0,g
6767,Linskaka smaksatt,"Fosfor, P",Smörgåskex,300.0,mg
6767,Linskaka smaksatt,Niacinekvivalenter,Smörgåskex,3.9,NE/mg
6767,Linskaka smaksatt,Niacin,Smörgåskex,1.3,mg
6767,Linskaka smaksatt,"Salt, NaCl",Smörgåskex,1.4,g
6767,Linskaka smaksatt,"Natrium, Na",Smörgåskex,560.0,mg
6767,Linskaka smaksatt,Monosackarider,Smörgåskex,0.4,g
6767,Linskaka smaksatt,"Sockerarter, totalt",Smörgåskex,3.3,g
6767,Linskaka smaksatt,Summa enkelomättade fettsyror,Smörgåskex,7.0,g
6767,Linskaka smaksatt,"Magnesium, Mg",Smörgåskex,57.0,mg
6767,Linskaka smaksatt,Summa mättade fettsyror,Smörgåskex,1.0,g
6767,Linskaka smaksatt,"Kolhydrater, tillgängliga",Smörgåskex,58.7,g
6767,Linskaka smaksatt,Kolesterol,Smörgåskex,2.3,mg
6767,Linskaka smaksatt,"Kalium, K",Smörgåskex,550.0,mg
6767,Linskaka smaksatt,"Jod, I",Smörgåskex,12.0,µg
6767,Linskaka smaksatt,Fullkorn totalt,Smörgåskex,0.0,g
6767,Linskaka smaksatt,"Folat, totalt",Smörgåskex,48.3,µg
6767,Linskaka smaksatt,Fibrer,Smörgåskex,6.6,g
6767,Linskaka smaksatt,"Fett, totalt",Smörgåskex,11.6,g
6767,Linskaka smaksatt,"Järn, Fe",Smörgåskex,3.4,mg
6767,Linskaka smaksatt,Energi (kJ),Smörgåskex,1750.0,kJ
6767,Linskaka smaksatt,Energi (kcal),Smörgåskex,418.0,kcal
6767,Linskaka smaksatt,Disackarider,Smörgåskex,3.0,g
6767,Linskaka smaksatt,"Kalcium, Ca",Smörgåskex,68.0,mg
6767,Linskaka smaksatt,Fettsyra 4:0-10:0,Smörgåskex,0.0,g
6767,Linskaka smaksatt,DHA (C22:6),Smörgåskex,0.0,g
6767,Linskaka smaksatt,DPA (C22:5),Smörgåskex,0.0,g
6767,Linskaka smaksatt,EPA (C20:5),Smörgåskex,0.0,g
6767,Linskaka smaksatt,Arakidonsyra C20:4,Smörgåskex,0.0,g
6767,Linskaka smaksatt,Arakidinsyra C20:0,Smörgåskex,0.0,g
6767,Linskaka smaksatt,Linolensyra C18:3,Smörgåskex,0.8,g
6767,Linskaka smaksatt,Linolsyra C18:2,Smörgåskex,2.2,g
6767,Linskaka smaksatt,Oljesyra C18:1,Smörgåskex,6.8,g
6767,Linskaka smaksatt,Stearinsyra C18:0,Smörgåskex,0.2,g
6767,Linskaka smaksatt,Palmitoljesyra C16:1,Smörgåskex,0.0,g
6767,Linskaka smaksatt,Palmitinsyra C16:0,Smörgåskex,0.7,g
6767,Linskaka smaksatt,Myristinsyra C14:0,Smörgåskex,0.0,g
6767,Linskaka smaksatt,Laurinsyra C12:0,Smörgåskex,0.0,g
6767,Linskaka smaksatt,Betakaroten/β-Karoten,Smörgåskex,88.0,µg
6767,Linskaka smaksatt,Avfall (skal etc.),Smörgåskex,0.0,%
6767,Linskaka smaksatt,Aska,Smörgåskex,2.6,g
6767,Linskaka smaksatt,Alkohol,Smörgåskex,0.0,g
6768,Kex bokstavskex fullkorn,"Zink, Zn",Bullar kakor tårtor mm,1.3,mg
6768,Kex bokstavskex fullkorn,Vitamin E,Bullar kakor tårtor mm,5.1,mg
6768,Kex bokstavskex fullkorn,Vitamin D inkl 25-OH-D3,Bullar kakor tårtor mm,0.0,µg
6768,Kex bokstavskex fullkorn,Vitamin D,Bullar kakor tårtor mm,0.0,µg
6768,Kex bokstavskex fullkorn,Vitamin C,Bullar kakor tårtor mm,0.8,mg
6768,Kex bokstavskex fullkorn,Vitamin B6,Bullar kakor tårtor mm,0.1,mg
6768,Kex bokstavskex fullkorn,Vitamin B12,Bullar kakor tårtor mm,0.0,µg
6768,Kex bokstavskex fullkorn,Vitamin A,Bullar kakor tårtor mm,0.0,RE/µg
6768,Kex bokstavskex fullkorn,Vatten,Bullar kakor tårtor mm,3.3,g
6768,Kex bokstavskex fullkorn,Tiamin,Bullar kakor tårtor mm,0.16,mg
6768,Kex bokstavskex fullkorn,Tillsatt socker,Bullar kakor tårtor mm,20.0,g
6768,Kex bokstavskex fullkorn,Fritt socker,Bullar kakor tårtor mm,20.0,g
6768,Kex bokstavskex fullkorn,"Selen, Se",Bullar kakor tårtor mm,2.0,µg
6768,Kex bokstavskex fullkorn,Sackaros,Bullar kakor tårtor mm,18.7,g
6768,Kex bokstavskex fullkorn,Riboflavin,Bullar kakor tårtor mm,0.06,mg
6768,Kex bokstavskex fullkorn,Retinol,Bullar kakor tårtor mm,0.0,µg
6768,Kex bokstavskex fullkorn,Protein,Bullar kakor tårtor mm,7.5,g
6768,Kex bokstavskex fullkorn,Summa fleromättade fettsyror,Bullar kakor tårtor mm,1.4,g
6768,Kex bokstavskex fullkorn,"Fosfor, P",Bullar kakor tårtor mm,170.0,mg
6768,Kex bokstavskex fullkorn,Niacinekvivalenter,Bullar kakor tårtor mm,3.3,NE/mg
6768,Kex bokstavskex fullkorn,Niacin,Bullar kakor tårtor mm,2.01,mg
6768,Kex bokstavskex fullkorn,"Salt, NaCl",Bullar kakor tårtor mm,0.8,g
6768,Kex bokstavskex fullkorn,"Natrium, Na",Bullar kakor tårtor mm,310.0,mg
6768,Kex bokstavskex fullkorn,Monosackarider,Bullar kakor tårtor mm,1.0,g
6768,Kex bokstavskex fullkorn,"Sockerarter, totalt",Bullar kakor tårtor mm,20.1,g
6768,Kex bokstavskex fullkorn,Summa enkelomättade fettsyror,Bullar kakor tårtor mm,8.3,g
6768,Kex bokstavskex fullkorn,"Magnesium, Mg",Bullar kakor tårtor mm,61.0,mg
6768,Kex bokstavskex fullkorn,Summa mättade fettsyror,Bullar kakor tårtor mm,1.0,g
6768,Kex bokstavskex fullkorn,"Kolhydrater, tillgängliga",Bullar kakor tårtor mm,62.3,g
6768,Kex bokstavskex fullkorn,Kolesterol,Bullar kakor tårtor mm,0.0,mg
6768,Kex bokstavskex fullkorn,"Kalium, K",Bullar kakor tårtor mm,240.0,mg
6768,Kex bokstavskex fullkorn,"Jod, I",Bullar kakor tårtor mm,2.0,µg
6768,Kex bokstavskex fullkorn,Fullkorn totalt,Bullar kakor tårtor mm,58.0,g
6768,Kex bokstavskex fullkorn,"Folat, totalt",Bullar kakor tårtor mm,27.3,µg
6768,Kex bokstavskex fullkorn,Fibrer,Bullar kakor tårtor mm,14.2,g
6768,Kex bokstavskex fullkorn,"Fett, totalt",Bullar kakor tårtor mm,11.2,g
6768,Kex bokstavskex fullkorn,"Järn, Fe",Bullar kakor tårtor mm,2.0,mg
6768,Kex bokstavskex fullkorn,Energi (kJ),Bullar kakor tårtor mm,1715.0,kJ
6768,Kex bokstavskex fullkorn,Energi (kcal),Bullar kakor tårtor mm,410.0,kcal
6768,Kex bokstavskex fullkorn,Disackarider,Bullar kakor tårtor mm,19.1,g
6768,Kex bokstavskex fullkorn,"Kalcium, Ca",Bullar kakor tårtor mm,23.0,mg
6768,Kex bokstavskex fullkorn,Fettsyra 4:0-10:0,Bullar kakor tårtor mm,0.0,g
6768,Kex bokstavskex fullkorn,DHA (C22:6),Bullar kakor tårtor mm,0.0,g
6768,Kex bokstavskex fullkorn,DPA (C22:5),Bullar kakor tårtor mm,0.0,g
6768,Kex bokstavskex fullkorn,EPA (C20:5),Bullar kakor tårtor mm,0.0,g
6768,Kex bokstavskex fullkorn,Arakidonsyra C20:4,Bullar kakor tårtor mm,0.0,g
6768,Kex bokstavskex fullkorn,Arakidinsyra C20:0,Bullar kakor tårtor mm,0.0,g
6768,Kex bokstavskex fullkorn,Linolensyra C18:3,Bullar kakor tårtor mm,0.0,g
6768,Kex bokstavskex fullkorn,Linolsyra C18:2,Bullar kakor tårtor mm,1.4,g
6768,Kex bokstavskex fullkorn,Oljesyra C18:1,Bullar kakor tårtor mm,8.2,g
6768,Kex bokstavskex fullkorn,Stearinsyra C18:0,Bullar kakor tårtor mm,0.3,g
6768,Kex bokstavskex fullkorn,Palmitoljesyra C16:1,Bullar kakor tårtor mm,0.0,g
6768,Kex bokstavskex fullkorn,Palmitinsyra C16:0,Bullar kakor tårtor mm,0.6,g
6768,Kex bokstavskex fullkorn,Myristinsyra C14:0,Bullar kakor tårtor mm,0.0,g
6768,Kex bokstavskex fullkorn,Laurinsyra C12:0,Bullar kakor tårtor mm,0.0,g
6768,Kex bokstavskex fullkorn,Betakaroten/β-Karoten,Bullar kakor tårtor mm,0.0,µg
6768,Kex bokstavskex fullkorn,Avfall (skal etc.),Bullar kakor tårtor mm,0.0,%
6768,Kex bokstavskex fullkorn,Aska,Bullar kakor tårtor mm,1.5,g
6768,Kex bokstavskex fullkorn,Alkohol,Bullar kakor tårtor mm,0.0,g
6769,Pepparkaksdeg kylvara,"Zink, Zn",Bullar kakor tårtor mm,0.3,mg
6769,Pepparkaksdeg kylvara,Vitamin E,Bullar kakor tårtor mm,1.4,mg
6769,Pepparkaksdeg kylvara,Vitamin D inkl 25-OH-D3,Bullar kakor tårtor mm,0.0,µg
6769,Pepparkaksdeg kylvara,Vitamin D,Bullar kakor tårtor mm,0.0,µg
6769,Pepparkaksdeg kylvara,Vitamin C,Bullar kakor tårtor mm,0.0,mg
6769,Pepparkaksdeg kylvara,Vitamin B6,Bullar kakor tårtor mm,0.04,mg
6769,Pepparkaksdeg kylvara,Vitamin B12,Bullar kakor tårtor mm,0.0,µg
6769,Pepparkaksdeg kylvara,Vitamin A,Bullar kakor tårtor mm,0.9,RE/µg
6769,Pepparkaksdeg kylvara,Vatten,Bullar kakor tårtor mm,17.6,g
6769,Pepparkaksdeg kylvara,Tiamin,Bullar kakor tårtor mm,0.06,mg
6769,Pepparkaksdeg kylvara,Tillsatt socker,Bullar kakor tårtor mm,28.0,g
6769,Pepparkaksdeg kylvara,Fritt socker,Bullar kakor tårtor mm,28.0,g
6769,Pepparkaksdeg kylvara,"Selen, Se",Bullar kakor tårtor mm,3.0,µg
6769,Pepparkaksdeg kylvara,Sackaros,Bullar kakor tårtor mm,22.2,g
6769,Pepparkaksdeg kylvara,Riboflavin,Bullar kakor tårtor mm,0.0,mg
6769,Pepparkaksdeg kylvara,Retinol,Bullar kakor tårtor mm,0.0,µg
6769,Pepparkaksdeg kylvara,Protein,Bullar kakor tårtor mm,4.6,g
6769,Pepparkaksdeg kylvara,Summa fleromättade fettsyror,Bullar kakor tårtor mm,1.7,g
6769,Pepparkaksdeg kylvara,"Fosfor, P",Bullar kakor tårtor mm,48.0,mg
6769,Pepparkaksdeg kylvara,Niacinekvivalenter,Bullar kakor tårtor mm,1.1,NE/mg
6769,Pepparkaksdeg kylvara,Niacin,Bullar kakor tårtor mm,0.33,mg
6769,Pepparkaksdeg kylvara,"Salt, NaCl",Bullar kakor tårtor mm,1.6,g
6769,Pepparkaksdeg kylvara,"Natrium, Na",Bullar kakor tårtor mm,660.0,mg
6769,Pepparkaksdeg kylvara,Monosackarider,Bullar kakor tårtor mm,5.5,g
6769,Pepparkaksdeg kylvara,"Sockerarter, totalt",Bullar kakor tårtor mm,27.8,g
6769,Pepparkaksdeg kylvara,Summa enkelomättade fettsyror,Bullar kakor tårtor mm,5.2,g
6769,Pepparkaksdeg kylvara,"Magnesium, Mg",Bullar kakor tårtor mm,14.0,mg
6769,Pepparkaksdeg kylvara,Summa mättade fettsyror,Bullar kakor tårtor mm,5.9,g
6769,Pepparkaksdeg kylvara,"Kolhydrater, tillgängliga",Bullar kakor tårtor mm,58.8,g
6769,Pepparkaksdeg kylvara,Kolesterol,Bullar kakor tårtor mm,0.0,mg
6769,Pepparkaksdeg kylvara,"Kalium, K",Bullar kakor tårtor mm,120.0,mg
6769,Pepparkaksdeg kylvara,"Jod, I",Bullar kakor tårtor mm,6.0,µg
6769,Pepparkaksdeg kylvara,Fullkorn totalt,Bullar kakor tårtor mm,0.0,g
6769,Pepparkaksdeg kylvara,"Folat, totalt",Bullar kakor tårtor mm,6.0,µg
6769,Pepparkaksdeg kylvara,Fibrer,Bullar kakor tårtor mm,3.7,g
6769,Pepparkaksdeg kylvara,"Fett, totalt",Bullar kakor tårtor mm,13.4,g
6769,Pepparkaksdeg kylvara,"Järn, Fe",Bullar kakor tårtor mm,0.6,mg
6769,Pepparkaksdeg kylvara,Energi (kJ),Bullar kakor tårtor mm,1603.0,kJ
6769,Pepparkaksdeg kylvara,Energi (kcal),Bullar kakor tårtor mm,383.0,kcal
6769,Pepparkaksdeg kylvara,Disackarider,Bullar kakor tårtor mm,22.3,g
6769,Pepparkaksdeg kylvara,"Kalcium, Ca",Bullar kakor tårtor mm,30.0,mg
6769,Pepparkaksdeg kylvara,Fettsyra 4:0-10:0,Bullar kakor tårtor mm,0.1,g
6769,Pepparkaksdeg kylvara,DHA (C22:6),Bullar kakor tårtor mm,0.0,g
6769,Pepparkaksdeg kylvara,DPA (C22:5),Bullar kakor tårtor mm,0.0,g
6769,Pepparkaksdeg kylvara,EPA (C20:5),Bullar kakor tårtor mm,0.0,g
6769,Pepparkaksdeg kylvara,Arakidonsyra C20:4,Bullar kakor tårtor mm,0.0,g
6769,Pepparkaksdeg kylvara,Arakidinsyra C20:0,Bullar kakor tårtor mm,0.0,g
6769,Pepparkaksdeg kylvara,Linolensyra C18:3,Bullar kakor tårtor mm,0.2,g
6769,Pepparkaksdeg kylvara,Linolsyra C18:2,Bullar kakor tårtor mm,1.5,g
6769,Pepparkaksdeg kylvara,Oljesyra C18:1,Bullar kakor tårtor mm,5.1,g
6769,Pepparkaksdeg kylvara,Stearinsyra C18:0,Bullar kakor tårtor mm,0.7,g
6769,Pepparkaksdeg kylvara,Palmitoljesyra C16:1,Bullar kakor tårtor mm,0.0,g
6769,Pepparkaksdeg kylvara,Palmitinsyra C16:0,Bullar kakor tårtor mm,4.2,g
6769,Pepparkaksdeg kylvara,Myristinsyra C14:0,Bullar kakor tårtor mm,0.3,g
6769,Pepparkaksdeg kylvara,Laurinsyra C12:0,Bullar kakor tårtor mm,0.5,g
6769,Pepparkaksdeg kylvara,Betakaroten/β-Karoten,Bullar kakor tårtor mm,11.0,µg
6769,Pepparkaksdeg kylvara,Avfall (skal etc.),Bullar kakor tårtor mm,0.0,%
6769,Pepparkaksdeg kylvara,Aska,Bullar kakor tårtor mm,2.0,g
6769,Pepparkaksdeg kylvara,Alkohol,Bullar kakor tårtor mm,0.0,g
6770,Bröd vitt croissant gräddad kylvara frysvara el. butiksbakad,"Zink, Zn",Bullar kakor tårtor mm,0.6,mg
6770,Bröd vitt croissant gräddad kylvara frysvara el. butiksbakad,Vitamin E,Bullar kakor tårtor mm,0.7,mg
6770,Bröd vitt croissant gräddad kylvara frysvara el. butiksbakad,Vitamin D inkl 25-OH-D3,Bullar kakor tårtor mm,0.0,µg
6770,Bröd vitt croissant gräddad kylvara frysvara el. butiksbakad,Vitamin D,Bullar kakor tårtor mm,0.0,µg
6770,Bröd vitt croissant gräddad kylvara frysvara el. butiksbakad,Vitamin C,Bullar kakor tårtor mm,0.0,mg
6770,Bröd vitt croissant gräddad kylvara frysvara el. butiksbakad,Vitamin B6,Bullar kakor tårtor mm,0.05,mg
6770,Bröd vitt croissant gräddad kylvara frysvara el. butiksbakad,Vitamin B12,Bullar kakor tårtor mm,0.0,µg
6770,Bröd vitt croissant gräddad kylvara frysvara el. butiksbakad,Vitamin A,Bullar kakor tårtor mm,181.7,RE/µg
6770,Bröd vitt croissant gräddad kylvara frysvara el. butiksbakad,Vatten,Bullar kakor tårtor mm,35.0,g
6770,Bröd vitt croissant gräddad kylvara frysvara el. butiksbakad,Tiamin,Bullar kakor tårtor mm,0.16,mg
6770,Bröd vitt croissant gräddad kylvara frysvara el. butiksbakad,Tillsatt socker,Bullar kakor tårtor mm,6.0,g
6770,Bröd vitt croissant gräddad kylvara frysvara el. butiksbakad,Fritt socker,Bullar kakor tårtor mm,6.0,g
6770,Bröd vitt croissant gräddad kylvara frysvara el. butiksbakad,"Selen, Se",Bullar kakor tårtor mm,2.6,µg
6770,Bröd vitt croissant gräddad kylvara frysvara el. butiksbakad,Sackaros,Bullar kakor tårtor mm,0.1,g
6770,Bröd vitt croissant gräddad kylvara frysvara el. butiksbakad,Riboflavin,Bullar kakor tårtor mm,0.07,mg
6770,Bröd vitt croissant gräddad kylvara frysvara el. butiksbakad,Retinol,Bullar kakor tårtor mm,176.3,µg
6770,Bröd vitt croissant gräddad kylvara frysvara el. butiksbakad,Protein,Bullar kakor tårtor mm,7.4,g
6770,Bröd vitt croissant gräddad kylvara frysvara el. butiksbakad,Summa fleromättade fettsyror,Bullar kakor tårtor mm,0.9,g
6770,Bröd vitt croissant gräddad kylvara frysvara el. butiksbakad,"Fosfor, P",Bullar kakor tårtor mm,94.0,mg
6770,Bröd vitt croissant gräddad kylvara frysvara el. butiksbakad,Niacinekvivalenter,Bullar kakor tårtor mm,1.9,NE/mg
6770,Bröd vitt croissant gräddad kylvara frysvara el. butiksbakad,Niacin,Bullar kakor tårtor mm,0.65,mg
6770,Bröd vitt croissant gräddad kylvara frysvara el. butiksbakad,"Salt, NaCl",Bullar kakor tårtor mm,1.0,g
6770,Bröd vitt croissant gräddad kylvara frysvara el. butiksbakad,"Natrium, Na",Bullar kakor tårtor mm,402.0,mg
6770,Bröd vitt croissant gräddad kylvara frysvara el. butiksbakad,Monosackarider,Bullar kakor tårtor mm,4.2,g
6770,Bröd vitt croissant gräddad kylvara frysvara el. butiksbakad,"Sockerarter, totalt",Bullar kakor tårtor mm,5.6,g
6770,Bröd vitt croissant gräddad kylvara frysvara el. butiksbakad,Summa enkelomättade fettsyror,Bullar kakor tårtor mm,3.7,g
6770,Bröd vitt croissant gräddad kylvara frysvara el. butiksbakad,"Magnesium, Mg",Bullar kakor tårtor mm,17.0,mg
6770,Bröd vitt croissant gräddad kylvara frysvara el. butiksbakad,Summa mättade fettsyror,Bullar kakor tårtor mm,10.4,g
6770,Bröd vitt croissant gräddad kylvara frysvara el. butiksbakad,"Kolhydrater, tillgängliga",Bullar kakor tårtor mm,34.5,g
6770,Bröd vitt croissant gräddad kylvara frysvara el. butiksbakad,Kolesterol,Bullar kakor tårtor mm,53.3,mg
6770,Bröd vitt croissant gräddad kylvara frysvara el. butiksbakad,"Kalium, K",Bullar kakor tårtor mm,103.0,mg
6770,Bröd vitt croissant gräddad kylvara frysvara el. butiksbakad,"Jod, I",Bullar kakor tårtor mm,3.4,µg
6770,Bröd vitt croissant gräddad kylvara frysvara el. butiksbakad,Fullkorn totalt,Bullar kakor tårtor mm,0.0,g
6770,Bröd vitt croissant gräddad kylvara frysvara el. butiksbakad,"Folat, totalt",Bullar kakor tårtor mm,34.3,µg
6770,Bröd vitt croissant gräddad kylvara frysvara el. butiksbakad,Fibrer,Bullar kakor tårtor mm,3.4,g
6770,Bröd vitt croissant gräddad kylvara frysvara el. butiksbakad,"Fett, totalt",Bullar kakor tårtor mm,18.4,g
6770,Bröd vitt croissant gräddad kylvara frysvara el. butiksbakad,"Järn, Fe",Bullar kakor tårtor mm,0.8,mg
6770,Bröd vitt croissant gräddad kylvara frysvara el. butiksbakad,Energi (kJ),Bullar kakor tårtor mm,1420.0,kJ
6770,Bröd vitt croissant gräddad kylvara frysvara el. butiksbakad,Energi (kcal),Bullar kakor tårtor mm,339.0,kcal
6770,Bröd vitt croissant gräddad kylvara frysvara el. butiksbakad,Disackarider,Bullar kakor tårtor mm,1.4,g
6770,Bröd vitt croissant gräddad kylvara frysvara el. butiksbakad,"Kalcium, Ca",Bullar kakor tårtor mm,21.0,mg
6770,Bröd vitt croissant gräddad kylvara frysvara el. butiksbakad,Fettsyra 4:0-10:0,Bullar kakor tårtor mm,1.3,g
6770,Bröd vitt croissant gräddad kylvara frysvara el. butiksbakad,DHA (C22:6),Bullar kakor tårtor mm,0.0,g
6770,Bröd vitt croissant gräddad kylvara frysvara el. butiksbakad,DPA (C22:5),Bullar kakor tårtor mm,0.0,g
6770,Bröd vitt croissant gräddad kylvara frysvara el. butiksbakad,EPA (C20:5),Bullar kakor tårtor mm,0.0,g
6770,Bröd vitt croissant gräddad kylvara frysvara el. butiksbakad,Arakidonsyra C20:4,Bullar kakor tårtor mm,0.0,g
6770,Bröd vitt croissant gräddad kylvara frysvara el. butiksbakad,Arakidinsyra C20:0,Bullar kakor tårtor mm,0.0,g
6770,Bröd vitt croissant gräddad kylvara frysvara el. butiksbakad,Linolensyra C18:3,Bullar kakor tårtor mm,0.1,g
6770,Bröd vitt croissant gräddad kylvara frysvara el. butiksbakad,Linolsyra C18:2,Bullar kakor tårtor mm,0.7,g
6770,Bröd vitt croissant gräddad kylvara frysvara el. butiksbakad,Oljesyra C18:1,Bullar kakor tårtor mm,3.3,g
6770,Bröd vitt croissant gräddad kylvara frysvara el. butiksbakad,Stearinsyra C18:0,Bullar kakor tårtor mm,1.4,g
6770,Bröd vitt croissant gräddad kylvara frysvara el. butiksbakad,Palmitoljesyra C16:1,Bullar kakor tårtor mm,0.2,g
6770,Bröd vitt croissant gräddad kylvara frysvara el. butiksbakad,Palmitinsyra C16:0,Bullar kakor tårtor mm,5.1,g
6770,Bröd vitt croissant gräddad kylvara frysvara el. butiksbakad,Myristinsyra C14:0,Bullar kakor tårtor mm,1.6,g
6770,Bröd vitt croissant gräddad kylvara frysvara el. butiksbakad,Laurinsyra C12:0,Bullar kakor tårtor mm,0.5,g
6770,Bröd vitt croissant gräddad kylvara frysvara el. butiksbakad,Betakaroten/β-Karoten,Bullar kakor tårtor mm,65.0,µg
6770,Bröd vitt croissant gräddad kylvara frysvara el. butiksbakad,Avfall (skal etc.),Bullar kakor tårtor mm,0.0,%
6770,Bröd vitt croissant gräddad kylvara frysvara el. butiksbakad,Aska,Bullar kakor tårtor mm,1.3,g
6770,Bröd vitt croissant gräddad kylvara frysvara el. butiksbakad,Alkohol,Bullar kakor tårtor mm,0.0,g
6780,Pommes frites smaksatta frysvara,"Zink, Zn",Potatisprodukter potatisrätter,0.3,mg
6780,Pommes frites smaksatta frysvara,Vitamin E,Potatisprodukter potatisrätter,2.1,mg
6780,Pommes frites smaksatta frysvara,Vitamin D inkl 25-OH-D3,Potatisprodukter potatisrätter,0.0,µg
6780,Pommes frites smaksatta frysvara,Vitamin D,Potatisprodukter potatisrätter,0.0,µg
6780,Pommes frites smaksatta frysvara,Vitamin C,Potatisprodukter potatisrätter,3.6,mg
6780,Pommes frites smaksatta frysvara,Vitamin B6,Potatisprodukter potatisrätter,0.21,mg
6780,Pommes frites smaksatta frysvara,Vitamin B12,Potatisprodukter potatisrätter,0.0,µg
6780,Pommes frites smaksatta frysvara,Vitamin A,Potatisprodukter potatisrätter,3.0,RE/µg
6780,Pommes frites smaksatta frysvara,Vatten,Potatisprodukter potatisrätter,63.4,g
6780,Pommes frites smaksatta frysvara,Tiamin,Potatisprodukter potatisrätter,0.09,mg
6780,Pommes frites smaksatta frysvara,Tillsatt socker,Potatisprodukter potatisrätter,0.0,g
6780,Pommes frites smaksatta frysvara,Fritt socker,Potatisprodukter potatisrätter,0.0,g
6780,Pommes frites smaksatta frysvara,"Selen, Se",Potatisprodukter potatisrätter,1.0,µg
6780,Pommes frites smaksatta frysvara,Sackaros,Potatisprodukter potatisrätter,0.2,g
6780,Pommes frites smaksatta frysvara,Riboflavin,Potatisprodukter potatisrätter,0.03,mg
6780,Pommes frites smaksatta frysvara,Retinol,Potatisprodukter potatisrätter,0.0,µg
6780,Pommes frites smaksatta frysvara,Protein,Potatisprodukter potatisrätter,2.6,g
6780,Pommes frites smaksatta frysvara,Summa fleromättade fettsyror,Potatisprodukter potatisrätter,3.0,g
6780,Pommes frites smaksatta frysvara,"Fosfor, P",Potatisprodukter potatisrätter,82.0,mg
6780,Pommes frites smaksatta frysvara,Niacinekvivalenter,Potatisprodukter potatisrätter,1.6,NE/mg
6780,Pommes frites smaksatta frysvara,Niacin,Potatisprodukter potatisrätter,1.17,mg
6780,Pommes frites smaksatta frysvara,"Salt, NaCl",Potatisprodukter potatisrätter,0.8,g
6780,Pommes frites smaksatta frysvara,"Natrium, Na",Potatisprodukter potatisrätter,300.0,mg
6780,Pommes frites smaksatta frysvara,Monosackarider,Potatisprodukter potatisrätter,0.1,g
6780,Pommes frites smaksatta frysvara,"Sockerarter, totalt",Potatisprodukter potatisrätter,0.3,g
6780,Pommes frites smaksatta frysvara,Summa enkelomättade fettsyror,Potatisprodukter potatisrätter,3.1,g
6780,Pommes frites smaksatta frysvara,"Magnesium, Mg",Potatisprodukter potatisrätter,21.0,mg
6780,Pommes frites smaksatta frysvara,Summa mättade fettsyror,Potatisprodukter potatisrätter,0.8,g
6780,Pommes frites smaksatta frysvara,"Kolhydrater, tillgängliga",Potatisprodukter potatisrätter,21.1,g
6780,Pommes frites smaksatta frysvara,Kolesterol,Potatisprodukter potatisrätter,0.0,mg
6780,Pommes frites smaksatta frysvara,"Kalium, K",Potatisprodukter potatisrätter,380.0,mg
6780,Pommes frites smaksatta frysvara,"Jod, I",Potatisprodukter potatisrätter,0.0,µg
6780,Pommes frites smaksatta frysvara,Fullkorn totalt,Potatisprodukter potatisrätter,0.0,g
6780,Pommes frites smaksatta frysvara,"Folat, totalt",Potatisprodukter potatisrätter,17.6,µg
6780,Pommes frites smaksatta frysvara,Fibrer,Potatisprodukter potatisrätter,4.0,g
6780,Pommes frites smaksatta frysvara,"Fett, totalt",Potatisprodukter potatisrätter,7.3,g
6780,Pommes frites smaksatta frysvara,"Järn, Fe",Potatisprodukter potatisrätter,0.6,mg
6780,Pommes frites smaksatta frysvara,Energi (kJ),Potatisprodukter potatisrätter,705.0,kJ
6780,Pommes frites smaksatta frysvara,Energi (kcal),Potatisprodukter potatisrätter,168.0,kcal
6780,Pommes frites smaksatta frysvara,Disackarider,Potatisprodukter potatisrätter,0.2,g
6780,Pommes frites smaksatta frysvara,"Kalcium, Ca",Potatisprodukter potatisrätter,11.0,mg
6780,Pommes frites smaksatta frysvara,Fettsyra 4:0-10:0,Potatisprodukter potatisrätter,0.0,g
6780,Pommes frites smaksatta frysvara,DHA (C22:6),Potatisprodukter potatisrätter,0.0,g
6780,Pommes frites smaksatta frysvara,DPA (C22:5),Potatisprodukter potatisrätter,0.0,g
6780,Pommes frites smaksatta frysvara,EPA (C20:5),Potatisprodukter potatisrätter,0.0,g
6780,Pommes frites smaksatta frysvara,Arakidonsyra C20:4,Potatisprodukter potatisrätter,0.0,g
6780,Pommes frites smaksatta frysvara,Arakidinsyra C20:0,Potatisprodukter potatisrätter,0.0,g
6780,Pommes frites smaksatta frysvara,Linolensyra C18:3,Potatisprodukter potatisrätter,0.0,g
6780,Pommes frites smaksatta frysvara,Linolsyra C18:2,Potatisprodukter potatisrätter,3.0,g
6780,Pommes frites smaksatta frysvara,Oljesyra C18:1,Potatisprodukter potatisrätter,3.1,g
6780,Pommes frites smaksatta frysvara,Stearinsyra C18:0,Potatisprodukter potatisrätter,0.2,g
6780,Pommes frites smaksatta frysvara,Palmitoljesyra C16:1,Potatisprodukter potatisrätter,0.0,g
6780,Pommes frites smaksatta frysvara,Palmitinsyra C16:0,Potatisprodukter potatisrätter,0.5,g
6780,Pommes frites smaksatta frysvara,Myristinsyra C14:0,Potatisprodukter potatisrätter,0.0,g
6780,Pommes frites smaksatta frysvara,Laurinsyra C12:0,Potatisprodukter potatisrätter,0.0,g
6780,Pommes frites smaksatta frysvara,Betakaroten/β-Karoten,Potatisprodukter potatisrätter,25.0,µg
6780,Pommes frites smaksatta frysvara,Avfall (skal etc.),Potatisprodukter potatisrätter,0.0,%
6780,Pommes frites smaksatta frysvara,Aska,Potatisprodukter potatisrätter,1.6,g
6780,Pommes frites smaksatta frysvara,Alkohol,Potatisprodukter potatisrätter,0.0,g
6781,Frukostflingor majs typ cornflakes,"Zink, Zn",Flingor - frukostflingor,0.3,mg
6781,Frukostflingor majs typ cornflakes,Vitamin E,Flingor - frukostflingor,0.1,mg
6781,Frukostflingor majs typ cornflakes,Vitamin D inkl 25-OH-D3,Flingor - frukostflingor,0.0,µg
6781,Frukostflingor majs typ cornflakes,Vitamin D,Flingor - frukostflingor,0.0,µg
6781,Frukostflingor majs typ cornflakes,Vitamin C,Flingor - frukostflingor,0.0,mg
6781,Frukostflingor majs typ cornflakes,Vitamin B6,Flingor - frukostflingor,0.1,mg
6781,Frukostflingor majs typ cornflakes,Vitamin B12,Flingor - frukostflingor,0.0,µg
6781,Frukostflingor majs typ cornflakes,Vitamin A,Flingor - frukostflingor,12.5,RE/µg
6781,Frukostflingor majs typ cornflakes,Vatten,Flingor - frukostflingor,4.4,g
6781,Frukostflingor majs typ cornflakes,Tiamin,Flingor - frukostflingor,0.01,mg
6781,Frukostflingor majs typ cornflakes,Tillsatt socker,Flingor - frukostflingor,8.0,g
6781,Frukostflingor majs typ cornflakes,Fritt socker,Flingor - frukostflingor,8.0,g
6781,Frukostflingor majs typ cornflakes,"Selen, Se",Flingor - frukostflingor,10.0,µg
6781,Frukostflingor majs typ cornflakes,Sackaros,Flingor - frukostflingor,3.3,g
6781,Frukostflingor majs typ cornflakes,Riboflavin,Flingor - frukostflingor,0.04,mg
6781,Frukostflingor majs typ cornflakes,Retinol,Flingor - frukostflingor,0.0,µg
6781,Frukostflingor majs typ cornflakes,Protein,Flingor - frukostflingor,7.0,g
6781,Frukostflingor majs typ cornflakes,Summa fleromättade fettsyror,Flingor - frukostflingor,0.6,g
6781,Frukostflingor majs typ cornflakes,"Fosfor, P",Flingor - frukostflingor,50.0,mg
6781,Frukostflingor majs typ cornflakes,Niacinekvivalenter,Flingor - frukostflingor,1.5,NE/mg
6781,Frukostflingor majs typ cornflakes,Niacin,Flingor - frukostflingor,0.76,mg
6781,Frukostflingor majs typ cornflakes,"Salt, NaCl",Flingor - frukostflingor,1.1,g
6781,Frukostflingor majs typ cornflakes,"Natrium, Na",Flingor - frukostflingor,450.0,mg
6781,Frukostflingor majs typ cornflakes,Monosackarider,Flingor - frukostflingor,3.6,g
6781,Frukostflingor majs typ cornflakes,"Sockerarter, totalt",Flingor - frukostflingor,7.8,g
6781,Frukostflingor majs typ cornflakes,Summa enkelomättade fettsyror,Flingor - frukostflingor,0.3,g
6781,Frukostflingor majs typ cornflakes,"Magnesium, Mg",Flingor - frukostflingor,15.0,mg
6781,Frukostflingor majs typ cornflakes,Summa mättade fettsyror,Flingor - frukostflingor,0.1,g
6781,Frukostflingor majs typ cornflakes,"Kolhydrater, tillgängliga",Flingor - frukostflingor,80.0,g
6781,Frukostflingor majs typ cornflakes,Kolesterol,Flingor - frukostflingor,0.0,mg
6781,Frukostflingor majs typ cornflakes,"Kalium, K",Flingor - frukostflingor,91.0,mg
6781,Frukostflingor majs typ cornflakes,"Jod, I",Flingor - frukostflingor,0.0,µg
6781,Frukostflingor majs typ cornflakes,Fullkorn totalt,Flingor - frukostflingor,0.0,g
6781,Frukostflingor majs typ cornflakes,"Folat, totalt",Flingor - frukostflingor,10.4,µg
6781,Frukostflingor majs typ cornflakes,Fibrer,Flingor - frukostflingor,6.1,g
6781,Frukostflingor majs typ cornflakes,"Fett, totalt",Flingor - frukostflingor,1.2,g
6781,Frukostflingor majs typ cornflakes,"Järn, Fe",Flingor - frukostflingor,0.2,mg
6781,Frukostflingor majs typ cornflakes,Energi (kJ),Flingor - frukostflingor,1572.0,kJ
6781,Frukostflingor majs typ cornflakes,Energi (kcal),Flingor - frukostflingor,376.0,kcal
6781,Frukostflingor majs typ cornflakes,Disackarider,Flingor - frukostflingor,4.3,g
6781,Frukostflingor majs typ cornflakes,"Kalcium, Ca",Flingor - frukostflingor,3.0,mg
6781,Frukostflingor majs typ cornflakes,Fettsyra 4:0-10:0,Flingor - frukostflingor,0.0,g
6781,Frukostflingor majs typ cornflakes,DHA (C22:6),Flingor - frukostflingor,0.0,g
6781,Frukostflingor majs typ cornflakes,DPA (C22:5),Flingor - frukostflingor,0.0,g
6781,Frukostflingor majs typ cornflakes,EPA (C20:5),Flingor - frukostflingor,0.0,g
6781,Frukostflingor majs typ cornflakes,Arakidonsyra C20:4,Flingor - frukostflingor,0.0,g
6781,Frukostflingor majs typ cornflakes,Arakidinsyra C20:0,Flingor - frukostflingor,0.0,g
6781,Frukostflingor majs typ cornflakes,Linolensyra C18:3,Flingor - frukostflingor,0.0,g
6781,Frukostflingor majs typ cornflakes,Linolsyra C18:2,Flingor - frukostflingor,0.5,g
6781,Frukostflingor majs typ cornflakes,Oljesyra C18:1,Flingor - frukostflingor,0.3,g
6781,Frukostflingor majs typ cornflakes,Stearinsyra C18:0,Flingor - frukostflingor,0.0,g
6781,Frukostflingor majs typ cornflakes,Palmitoljesyra C16:1,Flingor - frukostflingor,0.0,g
6781,Frukostflingor majs typ cornflakes,Palmitinsyra C16:0,Flingor - frukostflingor,0.1,g
6781,Frukostflingor majs typ cornflakes,Myristinsyra C14:0,Flingor - frukostflingor,0.0,g
6781,Frukostflingor majs typ cornflakes,Laurinsyra C12:0,Flingor - frukostflingor,0.0,g
6781,Frukostflingor majs typ cornflakes,Betakaroten/β-Karoten,Flingor - frukostflingor,77.0,µg
6781,Frukostflingor majs typ cornflakes,Avfall (skal etc.),Flingor - frukostflingor,0.0,%
6781,Frukostflingor majs typ cornflakes,Aska,Flingor - frukostflingor,1.3,g
6781,Frukostflingor majs typ cornflakes,Alkohol,Flingor - frukostflingor,0.0,g
6782,Ris sushiris kokt,"Zink, Zn",Ris risnudlar,0.4,mg
6782,Ris sushiris kokt,Vitamin E,Ris risnudlar,0.0,mg
6782,Ris sushiris kokt,Vitamin D inkl 25-OH-D3,Ris risnudlar,0.0,µg
6782,Ris sushiris kokt,Vitamin D,Ris risnudlar,0.0,µg
6782,Ris sushiris kokt,Vitamin C,Ris risnudlar,0.0,mg
6782,Ris sushiris kokt,Vitamin B6,Ris risnudlar,0.0,mg
6782,Ris sushiris kokt,Vitamin B12,Ris risnudlar,0.0,µg
6782,Ris sushiris kokt,Vitamin A,Ris risnudlar,0.0,RE/µg
6782,Ris sushiris kokt,Vatten,Ris risnudlar,56.5,g
6782,Ris sushiris kokt,Tiamin,Ris risnudlar,0.01,mg
6782,Ris sushiris kokt,Tillsatt socker,Ris risnudlar,6.0,g
6782,Ris sushiris kokt,Fritt socker,Ris risnudlar,6.0,g
6782,Ris sushiris kokt,"Selen, Se",Ris risnudlar,1.0,µg
6782,Ris sushiris kokt,Sackaros,Ris risnudlar,3.2,g
6782,Ris sushiris kokt,Riboflavin,Ris risnudlar,0.0,mg
6782,Ris sushiris kokt,Retinol,Ris risnudlar,0.0,µg
6782,Ris sushiris kokt,Protein,Ris risnudlar,2.8,g
6782,Ris sushiris kokt,Summa fleromättade fettsyror,Ris risnudlar,0.0,g
6782,Ris sushiris kokt,"Fosfor, P",Ris risnudlar,30.0,mg
6782,Ris sushiris kokt,Niacinekvivalenter,Ris risnudlar,0.6,NE/mg
6782,Ris sushiris kokt,Niacin,Ris risnudlar,0.12,mg
6782,Ris sushiris kokt,"Salt, NaCl",Ris risnudlar,0.7,g
6782,Ris sushiris kokt,"Natrium, Na",Ris risnudlar,280.0,mg
6782,Ris sushiris kokt,Monosackarider,Ris risnudlar,2.3,g
6782,Ris sushiris kokt,"Sockerarter, totalt",Ris risnudlar,5.8,g
6782,Ris sushiris kokt,Summa enkelomättade fettsyror,Ris risnudlar,0.0,g
6782,Ris sushiris kokt,"Magnesium, Mg",Ris risnudlar,6.0,mg
6782,Ris sushiris kokt,Summa mättade fettsyror,Ris risnudlar,0.0,g
6782,Ris sushiris kokt,"Kolhydrater, tillgängliga",Ris risnudlar,38.3,g
6782,Ris sushiris kokt,Kolesterol,Ris risnudlar,0.0,mg
6782,Ris sushiris kokt,"Kalium, K",Ris risnudlar,23.0,mg
6782,Ris sushiris kokt,"Jod, I",Ris risnudlar,22.0,µg
6782,Ris sushiris kokt,Fullkorn totalt,Ris risnudlar,0.0,g
6782,Ris sushiris kokt,"Folat, totalt",Ris risnudlar,1.7,µg
6782,Ris sushiris kokt,Fibrer,Ris risnudlar,1.2,g
6782,Ris sushiris kokt,"Fett, totalt",Ris risnudlar,0.4,g
6782,Ris sushiris kokt,"Järn, Fe",Ris risnudlar,0.0,mg
6782,Ris sushiris kokt,Energi (kJ),Ris risnudlar,723.0,kJ
6782,Ris sushiris kokt,Energi (kcal),Ris risnudlar,173.0,kcal
6782,Ris sushiris kokt,Disackarider,Ris risnudlar,3.5,g
6782,Ris sushiris kokt,"Kalcium, Ca",Ris risnudlar,6.0,mg
6782,Ris sushiris kokt,Fettsyra 4:0-10:0,Ris risnudlar,0.0,g
6782,Ris sushiris kokt,DHA (C22:6),Ris risnudlar,0.0,g
6782,Ris sushiris kokt,DPA (C22:5),Ris risnudlar,0.0,g
6782,Ris sushiris kokt,EPA (C20:5),Ris risnudlar,0.0,g
6782,Ris sushiris kokt,Arakidonsyra C20:4,Ris risnudlar,0.0,g
6782,Ris sushiris kokt,Arakidinsyra C20:0,Ris risnudlar,0.0,g
6782,Ris sushiris kokt,Linolensyra C18:3,Ris risnudlar,0.0,g
6782,Ris sushiris kokt,Linolsyra C18:2,Ris risnudlar,0.0,g
6782,Ris sushiris kokt,Oljesyra C18:1,Ris risnudlar,0.0,g
6782,Ris sushiris kokt,Stearinsyra C18:0,Ris risnudlar,0.0,g
6782,Ris sushiris kokt,Palmitoljesyra C16:1,Ris risnudlar,0.0,g
6782,Ris sushiris kokt,Palmitinsyra C16:0,Ris risnudlar,0.0,g
6782,Ris sushiris kokt,Myristinsyra C14:0,Ris risnudlar,0.0,g
6782,Ris sushiris kokt,Laurinsyra C12:0,Ris risnudlar,0.0,g
6782,Ris sushiris kokt,Betakaroten/β-Karoten,Ris risnudlar,0.0,µg
6782,Ris sushiris kokt,Avfall (skal etc.),Ris risnudlar,0.0,%
6782,Ris sushiris kokt,Aska,Ris risnudlar,0.8,g
6782,Ris sushiris kokt,Alkohol,Ris risnudlar,0.0,g
6786,Nudlar äggnudlar kokta u. salt,"Zink, Zn",Pasta,0.5,mg
6786,Nudlar äggnudlar kokta u. salt,Vitamin E,Pasta,0.2,mg
6786,Nudlar äggnudlar kokta u. salt,Vitamin D,Pasta,0.0,µg
6786,Nudlar äggnudlar kokta u. salt,Vitamin C,Pasta,0.0,mg
6786,Nudlar äggnudlar kokta u. salt,Vitamin B6,Pasta,0.04,mg
6786,Nudlar äggnudlar kokta u. salt,Vitamin B12,Pasta,0.0,µg
6786,Nudlar äggnudlar kokta u. salt,Vitamin A,Pasta,0.0,RE/µg
6786,Nudlar äggnudlar kokta u. salt,Vatten,Pasta,69.6,g
6786,Nudlar äggnudlar kokta u. salt,Tiamin,Pasta,0.02,mg
6786,Nudlar äggnudlar kokta u. salt,Tillsatt socker,Pasta,0.0,g
6786,Nudlar äggnudlar kokta u. salt,Fritt socker,Pasta,0.0,g
6786,Nudlar äggnudlar kokta u. salt,"Selen, Se",Pasta,4.0,µg
6786,Nudlar äggnudlar kokta u. salt,Sackaros,Pasta,0.1,g
6786,Nudlar äggnudlar kokta u. salt,Riboflavin,Pasta,0.0,mg
6786,Nudlar äggnudlar kokta u. salt,Retinol,Pasta,0.0,µg
6786,Nudlar äggnudlar kokta u. salt,Protein,Pasta,4.2,g
6786,Nudlar äggnudlar kokta u. salt,Summa fleromättade fettsyror,Pasta,0.3,g
6786,Nudlar äggnudlar kokta u. salt,"Fosfor, P",Pasta,70.0,mg
6786,Nudlar äggnudlar kokta u. salt,Niacinekvivalenter,Pasta,1.2,NE/mg
6786,Nudlar äggnudlar kokta u. salt,Niacin,Pasta,0.46,mg
6786,Nudlar äggnudlar kokta u. salt,"Salt, NaCl",Pasta,0.1,g
6786,Nudlar äggnudlar kokta u. salt,"Natrium, Na",Pasta,55.0,mg
6786,Nudlar äggnudlar kokta u. salt,Monosackarider,Pasta,0.0,g
6786,Nudlar äggnudlar kokta u. salt,"Sockerarter, totalt",Pasta,0.3,g
6786,Nudlar äggnudlar kokta u. salt,Summa enkelomättade fettsyror,Pasta,0.1,g
6786,Nudlar äggnudlar kokta u. salt,"Magnesium, Mg",Pasta,24.0,mg
6786,Nudlar äggnudlar kokta u. salt,Summa mättade fettsyror,Pasta,0.1,g
6786,Nudlar äggnudlar kokta u. salt,"Kolhydrater, tillgängliga",Pasta,22.8,g
6786,Nudlar äggnudlar kokta u. salt,Kolesterol,Pasta,6.4,mg
6786,Nudlar äggnudlar kokta u. salt,"Kalium, K",Pasta,38.0,mg
6786,Nudlar äggnudlar kokta u. salt,"Jod, I",Pasta,2.0,µg
6786,Nudlar äggnudlar kokta u. salt,Fullkorn totalt,Pasta,0.0,g
6786,Nudlar äggnudlar kokta u. salt,"Folat, totalt",Pasta,6.1,µg
6786,Nudlar äggnudlar kokta u. salt,Fibrer,Pasta,2.3,g
6786,Nudlar äggnudlar kokta u. salt,"Fett, totalt",Pasta,0.8,g
6786,Nudlar äggnudlar kokta u. salt,"Järn, Fe",Pasta,0.8,mg
6786,Nudlar äggnudlar kokta u. salt,Energi (kJ),Pasta,506.0,kJ
6786,Nudlar äggnudlar kokta u. salt,Energi (kcal),Pasta,121.0,kcal
6786,Nudlar äggnudlar kokta u. salt,Disackarider,Pasta,0.3,g
6786,Nudlar äggnudlar kokta u. salt,"Kalcium, Ca",Pasta,17.0,mg
6786,Nudlar äggnudlar kokta u. salt,Fettsyra 4:0-10:0,Pasta,0.0,g
6786,Nudlar äggnudlar kokta u. salt,DHA (C22:6),Pasta,0.0,g
6786,Nudlar äggnudlar kokta u. salt,DPA (C22:5),Pasta,0.0,g
6786,Nudlar äggnudlar kokta u. salt,EPA (C20:5),Pasta,0.0,g
6786,Nudlar äggnudlar kokta u. salt,Arakidonsyra C20:4,Pasta,0.0,g
6786,Nudlar äggnudlar kokta u. salt,Arakidinsyra C20:0,Pasta,0.0,g
6786,Nudlar äggnudlar kokta u. salt,Linolensyra C18:3,Pasta,0.0,g
6786,Nudlar äggnudlar kokta u. salt,Linolsyra C18:2,Pasta,0.3,g
6786,Nudlar äggnudlar kokta u. salt,Oljesyra C18:1,Pasta,0.1,g
6786,Nudlar äggnudlar kokta u. salt,Stearinsyra C18:0,Pasta,0.0,g
6786,Nudlar äggnudlar kokta u. salt,Palmitoljesyra C16:1,Pasta,0.0,g
6786,Nudlar äggnudlar kokta u. salt,Palmitinsyra C16:0,Pasta,0.1,g
6786,Nudlar äggnudlar kokta u. salt,Myristinsyra C14:0,Pasta,0.0,g
6786,Nudlar äggnudlar kokta u. salt,Laurinsyra C12:0,Pasta,0.0,g
6786,Nudlar äggnudlar kokta u. salt,Betakaroten/β-Karoten,Pasta,0.0,µg
6786,Nudlar äggnudlar kokta u. salt,Avfall (skal etc.),Pasta,0.0,%
6786,Nudlar äggnudlar kokta u. salt,Aska,Pasta,0.3,g
6786,Nudlar äggnudlar kokta u. salt,Alkohol,Pasta,0.0,g
6790,Havregurt hallon berikad,"Zink, Zn",Vegetabiliska produkter och mjölkersättning,0.1,mg
6790,Havregurt hallon berikad,Vitamin E,Vegetabiliska produkter och mjölkersättning,0.0,mg
6790,Havregurt hallon berikad,Vitamin D inkl 25-OH-D3,Vegetabiliska produkter och mjölkersättning,1.1,µg
6790,Havregurt hallon berikad,Vitamin D,Vegetabiliska produkter och mjölkersättning,1.1,µg
6790,Havregurt hallon berikad,Vitamin C,Vegetabiliska produkter och mjölkersättning,0.0,mg
6790,Havregurt hallon berikad,Vitamin B6,Vegetabiliska produkter och mjölkersättning,0.0,mg
6790,Havregurt hallon berikad,Vitamin B12,Vegetabiliska produkter och mjölkersättning,0.38,µg
6790,Havregurt hallon berikad,Vitamin A,Vegetabiliska produkter och mjölkersättning,0.0,RE/µg
6790,Havregurt hallon berikad,Vatten,Vegetabiliska produkter och mjölkersättning,81.0,g
6790,Havregurt hallon berikad,Tiamin,Vegetabiliska produkter och mjölkersättning,0.0,mg
6790,Havregurt hallon berikad,Tillsatt socker,Vegetabiliska produkter och mjölkersättning,4.0,g
6790,Havregurt hallon berikad,Fritt socker,Vegetabiliska produkter och mjölkersättning,4.0,g
6790,Havregurt hallon berikad,"Selen, Se",Vegetabiliska produkter och mjölkersättning,0.0,µg
6790,Havregurt hallon berikad,Sackaros,Vegetabiliska produkter och mjölkersättning,3.1,g
6790,Havregurt hallon berikad,Riboflavin,Vegetabiliska produkter och mjölkersättning,0.25,mg
6790,Havregurt hallon berikad,Retinol,Vegetabiliska produkter och mjölkersättning,0.0,µg
6790,Havregurt hallon berikad,Protein,Vegetabiliska produkter och mjölkersättning,0.9,g
6790,Havregurt hallon berikad,Summa fleromättade fettsyror,Vegetabiliska produkter och mjölkersättning,0.5,g
6790,Havregurt hallon berikad,"Fosfor, P",Vegetabiliska produkter och mjölkersättning,46.0,mg
6790,Havregurt hallon berikad,Niacinekvivalenter,Vegetabiliska produkter och mjölkersättning,0.1,NE/mg
6790,Havregurt hallon berikad,Niacin,Vegetabiliska produkter och mjölkersättning,0.0,mg
6790,Havregurt hallon berikad,"Salt, NaCl",Vegetabiliska produkter och mjölkersättning,0.0,g
6790,Havregurt hallon berikad,"Natrium, Na",Vegetabiliska produkter och mjölkersättning,0.0,mg
6790,Havregurt hallon berikad,Monosackarider,Vegetabiliska produkter och mjölkersättning,2.1,g
6790,Havregurt hallon berikad,"Sockerarter, totalt",Vegetabiliska produkter och mjölkersättning,8.2,g
6790,Havregurt hallon berikad,Summa enkelomättade fettsyror,Vegetabiliska produkter och mjölkersättning,0.9,g
6790,Havregurt hallon berikad,"Magnesium, Mg",Vegetabiliska produkter och mjölkersättning,5.0,mg
6790,Havregurt hallon berikad,Summa mättade fettsyror,Vegetabiliska produkter och mjölkersättning,0.2,g
6790,Havregurt hallon berikad,"Kolhydrater, tillgängliga",Vegetabiliska produkter och mjölkersättning,15.3,g
6790,Havregurt hallon berikad,Kolesterol,Vegetabiliska produkter och mjölkersättning,0.0,mg
6790,Havregurt hallon berikad,"Kalium, K",Vegetabiliska produkter och mjölkersättning,42.0,mg
6790,Havregurt hallon berikad,"Jod, I",Vegetabiliska produkter och mjölkersättning,0.0,µg
6790,Havregurt hallon berikad,Fullkorn totalt,Vegetabiliska produkter och mjölkersättning,0.0,g
6790,Havregurt hallon berikad,"Folat, totalt",Vegetabiliska produkter och mjölkersättning,8.8,µg
6790,Havregurt hallon berikad,Fibrer,Vegetabiliska produkter och mjölkersättning,0.8,g
6790,Havregurt hallon berikad,"Fett, totalt",Vegetabiliska produkter och mjölkersättning,1.7,g
6790,Havregurt hallon berikad,"Järn, Fe",Vegetabiliska produkter och mjölkersättning,0.0,mg
6790,Havregurt hallon berikad,Energi (kJ),Vegetabiliska produkter och mjölkersättning,345.0,kJ
6790,Havregurt hallon berikad,Energi (kcal),Vegetabiliska produkter och mjölkersättning,82.0,kcal
6790,Havregurt hallon berikad,Disackarider,Vegetabiliska produkter och mjölkersättning,6.1,g
6790,Havregurt hallon berikad,"Kalcium, Ca",Vegetabiliska produkter och mjölkersättning,120.0,mg
6790,Havregurt hallon berikad,Fettsyra 4:0-10:0,Vegetabiliska produkter och mjölkersättning,0.0,g
6790,Havregurt hallon berikad,DHA (C22:6),Vegetabiliska produkter och mjölkersättning,0.0,g
6790,Havregurt hallon berikad,DPA (C22:5),Vegetabiliska produkter och mjölkersättning,0.0,g
6790,Havregurt hallon berikad,EPA (C20:5),Vegetabiliska produkter och mjölkersättning,0.0,g
6790,Havregurt hallon berikad,Arakidonsyra C20:4,Vegetabiliska produkter och mjölkersättning,0.0,g
6790,Havregurt hallon berikad,Arakidinsyra C20:0,Vegetabiliska produkter och mjölkersättning,0.0,g
6790,Havregurt hallon berikad,Linolensyra C18:3,Vegetabiliska produkter och mjölkersättning,0.1,g
6790,Havregurt hallon berikad,Linolsyra C18:2,Vegetabiliska produkter och mjölkersättning,0.4,g
6790,Havregurt hallon berikad,Oljesyra C18:1,Vegetabiliska produkter och mjölkersättning,0.9,g
6790,Havregurt hallon berikad,Stearinsyra C18:0,Vegetabiliska produkter och mjölkersättning,0.0,g
6790,Havregurt hallon berikad,Palmitoljesyra C16:1,Vegetabiliska produkter och mjölkersättning,0.0,g
6790,Havregurt hallon berikad,Palmitinsyra C16:0,Vegetabiliska produkter och mjölkersättning,0.1,g
6790,Havregurt hallon berikad,Myristinsyra C14:0,Vegetabiliska produkter och mjölkersättning,0.0,g
6790,Havregurt hallon berikad,Laurinsyra C12:0,Vegetabiliska produkter och mjölkersättning,0.0,g
6790,Havregurt hallon berikad,Betakaroten/β-Karoten,Vegetabiliska produkter och mjölkersättning,0.0,µg
6790,Havregurt hallon berikad,Avfall (skal etc.),Vegetabiliska produkter och mjölkersättning,0.0,%
6790,Havregurt hallon berikad,Aska,Vegetabiliska produkter och mjölkersättning,0.4,g
6790,Havregurt hallon berikad,Alkohol,Vegetabiliska produkter och mjölkersättning,0.0,g
6791,Havregurt blåbär hallon berikad,"Zink, Zn",Vegetabiliska produkter och mjölkersättning,0.1,mg
6791,Havregurt blåbär hallon berikad,Vitamin E,Vegetabiliska produkter och mjölkersättning,0.0,mg
6791,Havregurt blåbär hallon berikad,Vitamin D inkl 25-OH-D3,Vegetabiliska produkter och mjölkersättning,1.1,µg
6791,Havregurt blåbär hallon berikad,Vitamin D,Vegetabiliska produkter och mjölkersättning,1.1,µg
6791,Havregurt blåbär hallon berikad,Vitamin C,Vegetabiliska produkter och mjölkersättning,0.0,mg
6791,Havregurt blåbär hallon berikad,Vitamin B6,Vegetabiliska produkter och mjölkersättning,0.0,mg
6791,Havregurt blåbär hallon berikad,Vitamin B12,Vegetabiliska produkter och mjölkersättning,0.38,µg
6791,Havregurt blåbär hallon berikad,Vitamin A,Vegetabiliska produkter och mjölkersättning,0.0,RE/µg
6791,Havregurt blåbär hallon berikad,Vatten,Vegetabiliska produkter och mjölkersättning,80.8,g
6791,Havregurt blåbär hallon berikad,Tiamin,Vegetabiliska produkter och mjölkersättning,0.0,mg
6791,Havregurt blåbär hallon berikad,Tillsatt socker,Vegetabiliska produkter och mjölkersättning,4.0,g
6791,Havregurt blåbär hallon berikad,Fritt socker,Vegetabiliska produkter och mjölkersättning,4.0,g
6791,Havregurt blåbär hallon berikad,"Selen, Se",Vegetabiliska produkter och mjölkersättning,0.0,µg
6791,Havregurt blåbär hallon berikad,Sackaros,Vegetabiliska produkter och mjölkersättning,4.2,g
6791,Havregurt blåbär hallon berikad,Riboflavin,Vegetabiliska produkter och mjölkersättning,0.26,mg
6791,Havregurt blåbär hallon berikad,Retinol,Vegetabiliska produkter och mjölkersättning,0.0,µg
6791,Havregurt blåbär hallon berikad,Protein,Vegetabiliska produkter och mjölkersättning,0.8,g
6791,Havregurt blåbär hallon berikad,Summa fleromättade fettsyror,Vegetabiliska produkter och mjölkersättning,0.6,g
6791,Havregurt blåbär hallon berikad,"Fosfor, P",Vegetabiliska produkter och mjölkersättning,57.0,mg
6791,Havregurt blåbär hallon berikad,Niacinekvivalenter,Vegetabiliska produkter och mjölkersättning,0.1,NE/mg
6791,Havregurt blåbär hallon berikad,Niacin,Vegetabiliska produkter och mjölkersättning,0.0,mg
6791,Havregurt blåbär hallon berikad,"Salt, NaCl",Vegetabiliska produkter och mjölkersättning,0.0,g
6791,Havregurt blåbär hallon berikad,"Natrium, Na",Vegetabiliska produkter och mjölkersättning,0.0,mg
6791,Havregurt blåbär hallon berikad,Monosackarider,Vegetabiliska produkter och mjölkersättning,1.2,g
6791,Havregurt blåbär hallon berikad,"Sockerarter, totalt",Vegetabiliska produkter och mjölkersättning,8.4,g
6791,Havregurt blåbär hallon berikad,Summa enkelomättade fettsyror,Vegetabiliska produkter och mjölkersättning,1.0,g
6791,Havregurt blåbär hallon berikad,"Magnesium, Mg",Vegetabiliska produkter och mjölkersättning,6.0,mg
6791,Havregurt blåbär hallon berikad,Summa mättade fettsyror,Vegetabiliska produkter och mjölkersättning,0.2,g
6791,Havregurt blåbär hallon berikad,"Kolhydrater, tillgängliga",Vegetabiliska produkter och mjölkersättning,15.2,g
6791,Havregurt blåbär hallon berikad,Kolesterol,Vegetabiliska produkter och mjölkersättning,0.0,mg
6791,Havregurt blåbär hallon berikad,"Kalium, K",Vegetabiliska produkter och mjölkersättning,48.0,mg
6791,Havregurt blåbär hallon berikad,"Jod, I",Vegetabiliska produkter och mjölkersättning,22.5,µg
6791,Havregurt blåbär hallon berikad,Fullkorn totalt,Vegetabiliska produkter och mjölkersättning,0.0,g
6791,Havregurt blåbär hallon berikad,"Folat, totalt",Vegetabiliska produkter och mjölkersättning,8.6,µg
6791,Havregurt blåbär hallon berikad,Fibrer,Vegetabiliska produkter och mjölkersättning,0.9,g
6791,Havregurt blåbär hallon berikad,"Fett, totalt",Vegetabiliska produkter och mjölkersättning,1.8,g
6791,Havregurt blåbär hallon berikad,"Järn, Fe",Vegetabiliska produkter och mjölkersättning,0.0,mg
6791,Havregurt blåbär hallon berikad,Energi (kJ),Vegetabiliska produkter och mjölkersättning,348.0,kJ
6791,Havregurt blåbär hallon berikad,Energi (kcal),Vegetabiliska produkter och mjölkersättning,83.0,kcal
6791,Havregurt blåbär hallon berikad,Disackarider,Vegetabiliska produkter och mjölkersättning,7.2,g
6791,Havregurt blåbär hallon berikad,"Kalcium, Ca",Vegetabiliska produkter och mjölkersättning,160.0,mg
6791,Havregurt blåbär hallon berikad,Fettsyra 4:0-10:0,Vegetabiliska produkter och mjölkersättning,0.0,g
6791,Havregurt blåbär hallon berikad,DHA (C22:6),Vegetabiliska produkter och mjölkersättning,0.0,g
6791,Havregurt blåbär hallon berikad,DPA (C22:5),Vegetabiliska produkter och mjölkersättning,0.0,g
6791,Havregurt blåbär hallon berikad,EPA (C20:5),Vegetabiliska produkter och mjölkersättning,0.0,g
6791,Havregurt blåbär hallon berikad,Arakidonsyra C20:4,Vegetabiliska produkter och mjölkersättning,0.0,g
6791,Havregurt blåbär hallon berikad,Arakidinsyra C20:0,Vegetabiliska produkter och mjölkersättning,0.0,g
6791,Havregurt blåbär hallon berikad,Linolensyra C18:3,Vegetabiliska produkter och mjölkersättning,0.1,g
6791,Havregurt blåbär hallon berikad,Linolsyra C18:2,Vegetabiliska produkter och mjölkersättning,0.4,g
6791,Havregurt blåbär hallon berikad,Oljesyra C18:1,Vegetabiliska produkter och mjölkersättning,1.0,g
6791,Havregurt blåbär hallon berikad,Stearinsyra C18:0,Vegetabiliska produkter och mjölkersättning,0.0,g
6791,Havregurt blåbär hallon berikad,Palmitoljesyra C16:1,Vegetabiliska produkter och mjölkersättning,0.0,g
6791,Havregurt blåbär hallon berikad,Palmitinsyra C16:0,Vegetabiliska produkter och mjölkersättning,0.1,g
6791,Havregurt blåbär hallon berikad,Myristinsyra C14:0,Vegetabiliska produkter och mjölkersättning,0.0,g
6791,Havregurt blåbär hallon berikad,Laurinsyra C12:0,Vegetabiliska produkter och mjölkersättning,0.0,g
6791,Havregurt blåbär hallon berikad,Betakaroten/β-Karoten,Vegetabiliska produkter och mjölkersättning,0.0,µg
6791,Havregurt blåbär hallon berikad,Avfall (skal etc.),Vegetabiliska produkter och mjölkersättning,0.0,%
6791,Havregurt blåbär hallon berikad,Aska,Vegetabiliska produkter och mjölkersättning,0.5,g
6791,Havregurt blåbär hallon berikad,Alkohol,Vegetabiliska produkter och mjölkersättning,0.0,g
6792,Havregurt jordgubb berikad,"Zink, Zn",Vegetabiliska produkter och mjölkersättning,0.1,mg
6792,Havregurt jordgubb berikad,Vitamin E,Vegetabiliska produkter och mjölkersättning,0.0,mg
6792,Havregurt jordgubb berikad,Vitamin D inkl 25-OH-D3,Vegetabiliska produkter och mjölkersättning,1.1,µg
6792,Havregurt jordgubb berikad,Vitamin D,Vegetabiliska produkter och mjölkersättning,1.1,µg
6792,Havregurt jordgubb berikad,Vitamin C,Vegetabiliska produkter och mjölkersättning,0.0,mg
6792,Havregurt jordgubb berikad,Vitamin B6,Vegetabiliska produkter och mjölkersättning,0.0,mg
6792,Havregurt jordgubb berikad,Vitamin B12,Vegetabiliska produkter och mjölkersättning,0.38,µg
6792,Havregurt jordgubb berikad,Vitamin A,Vegetabiliska produkter och mjölkersättning,0.0,RE/µg
6792,Havregurt jordgubb berikad,Vatten,Vegetabiliska produkter och mjölkersättning,82.7,g
6792,Havregurt jordgubb berikad,Tiamin,Vegetabiliska produkter och mjölkersättning,0.0,mg
6792,Havregurt jordgubb berikad,Tillsatt socker,Vegetabiliska produkter och mjölkersättning,3.0,g
6792,Havregurt jordgubb berikad,Fritt socker,Vegetabiliska produkter och mjölkersättning,3.0,g
6792,Havregurt jordgubb berikad,"Selen, Se",Vegetabiliska produkter och mjölkersättning,0.0,µg
6792,Havregurt jordgubb berikad,Sackaros,Vegetabiliska produkter och mjölkersättning,3.8,g
6792,Havregurt jordgubb berikad,Riboflavin,Vegetabiliska produkter och mjölkersättning,0.27,mg
6792,Havregurt jordgubb berikad,Retinol,Vegetabiliska produkter och mjölkersättning,0.0,µg
6792,Havregurt jordgubb berikad,Protein,Vegetabiliska produkter och mjölkersättning,0.9,g
6792,Havregurt jordgubb berikad,Summa fleromättade fettsyror,Vegetabiliska produkter och mjölkersättning,0.5,g
6792,Havregurt jordgubb berikad,"Fosfor, P",Vegetabiliska produkter och mjölkersättning,41.0,mg
6792,Havregurt jordgubb berikad,Niacinekvivalenter,Vegetabiliska produkter och mjölkersättning,0.2,NE/mg
6792,Havregurt jordgubb berikad,Niacin,Vegetabiliska produkter och mjölkersättning,0.0,mg
6792,Havregurt jordgubb berikad,"Salt, NaCl",Vegetabiliska produkter och mjölkersättning,0.0,g
6792,Havregurt jordgubb berikad,"Natrium, Na",Vegetabiliska produkter och mjölkersättning,0.0,mg
6792,Havregurt jordgubb berikad,Monosackarider,Vegetabiliska produkter och mjölkersättning,0.9,g
6792,Havregurt jordgubb berikad,"Sockerarter, totalt",Vegetabiliska produkter och mjölkersättning,7.1,g
6792,Havregurt jordgubb berikad,Summa enkelomättade fettsyror,Vegetabiliska produkter och mjölkersättning,1.0,g
6792,Havregurt jordgubb berikad,"Magnesium, Mg",Vegetabiliska produkter och mjölkersättning,0.0,mg
6792,Havregurt jordgubb berikad,Summa mättade fettsyror,Vegetabiliska produkter och mjölkersättning,0.2,g
6792,Havregurt jordgubb berikad,"Kolhydrater, tillgängliga",Vegetabiliska produkter och mjölkersättning,13.3,g
6792,Havregurt jordgubb berikad,Kolesterol,Vegetabiliska produkter och mjölkersättning,0.0,mg
6792,Havregurt jordgubb berikad,"Kalium, K",Vegetabiliska produkter och mjölkersättning,42.0,mg
6792,Havregurt jordgubb berikad,"Jod, I",Vegetabiliska produkter och mjölkersättning,22.5,µg
6792,Havregurt jordgubb berikad,Fullkorn totalt,Vegetabiliska produkter och mjölkersättning,0.0,g
6792,Havregurt jordgubb berikad,"Folat, totalt",Vegetabiliska produkter och mjölkersättning,7.5,µg
6792,Havregurt jordgubb berikad,Fibrer,Vegetabiliska produkter och mjölkersättning,1.0,g
6792,Havregurt jordgubb berikad,"Fett, totalt",Vegetabiliska produkter och mjölkersättning,1.8,g
6792,Havregurt jordgubb berikad,"Järn, Fe",Vegetabiliska produkter och mjölkersättning,0.0,mg
6792,Havregurt jordgubb berikad,Energi (kJ),Vegetabiliska produkter och mjölkersättning,316.0,kJ
6792,Havregurt jordgubb berikad,Energi (kcal),Vegetabiliska produkter och mjölkersättning,76.0,kcal
6792,Havregurt jordgubb berikad,Disackarider,Vegetabiliska produkter och mjölkersättning,6.2,g
6792,Havregurt jordgubb berikad,"Kalcium, Ca",Vegetabiliska produkter och mjölkersättning,97.0,mg
6792,Havregurt jordgubb berikad,Fettsyra 4:0-10:0,Vegetabiliska produkter och mjölkersättning,0.0,g
6792,Havregurt jordgubb berikad,DHA (C22:6),Vegetabiliska produkter och mjölkersättning,0.0,g
6792,Havregurt jordgubb berikad,DPA (C22:5),Vegetabiliska produkter och mjölkersättning,0.0,g
6792,Havregurt jordgubb berikad,EPA (C20:5),Vegetabiliska produkter och mjölkersättning,0.0,g
6792,Havregurt jordgubb berikad,Arakidonsyra C20:4,Vegetabiliska produkter och mjölkersättning,0.0,g
6792,Havregurt jordgubb berikad,Arakidinsyra C20:0,Vegetabiliska produkter och mjölkersättning,0.0,g
6792,Havregurt jordgubb berikad,Linolensyra C18:3,Vegetabiliska produkter och mjölkersättning,0.1,g
6792,Havregurt jordgubb berikad,Linolsyra C18:2,Vegetabiliska produkter och mjölkersättning,0.4,g
6792,Havregurt jordgubb berikad,Oljesyra C18:1,Vegetabiliska produkter och mjölkersättning,1.0,g
6792,Havregurt jordgubb berikad,Stearinsyra C18:0,Vegetabiliska produkter och mjölkersättning,0.0,g
6792,Havregurt jordgubb berikad,Palmitoljesyra C16:1,Vegetabiliska produkter och mjölkersättning,0.0,g
6792,Havregurt jordgubb berikad,Palmitinsyra C16:0,Vegetabiliska produkter och mjölkersättning,0.1,g
6792,Havregurt jordgubb berikad,Myristinsyra C14:0,Vegetabiliska produkter och mjölkersättning,0.0,g
6792,Havregurt jordgubb berikad,Laurinsyra C12:0,Vegetabiliska produkter och mjölkersättning,0.0,g
6792,Havregurt jordgubb berikad,Betakaroten/β-Karoten,Vegetabiliska produkter och mjölkersättning,0.0,µg
6792,Havregurt jordgubb berikad,Avfall (skal etc.),Vegetabiliska produkter och mjölkersättning,0.0,%
6792,Havregurt jordgubb berikad,Aska,Vegetabiliska produkter och mjölkersättning,0.3,g
6792,Havregurt jordgubb berikad,Alkohol,Vegetabiliska produkter och mjölkersättning,0.0,g
6793,Havregurt vanilj berikad,"Zink, Zn",Vegetabiliska produkter och mjölkersättning,0.1,mg
6793,Havregurt vanilj berikad,Vitamin E,Vegetabiliska produkter och mjölkersättning,0.0,mg
6793,Havregurt vanilj berikad,Vitamin D inkl 25-OH-D3,Vegetabiliska produkter och mjölkersättning,1.1,µg
6793,Havregurt vanilj berikad,Vitamin D,Vegetabiliska produkter och mjölkersättning,1.1,µg
6793,Havregurt vanilj berikad,Vitamin C,Vegetabiliska produkter och mjölkersättning,0.0,mg
6793,Havregurt vanilj berikad,Vitamin B6,Vegetabiliska produkter och mjölkersättning,0.0,mg
6793,Havregurt vanilj berikad,Vitamin B12,Vegetabiliska produkter och mjölkersättning,0.38,µg
6793,Havregurt vanilj berikad,Vitamin A,Vegetabiliska produkter och mjölkersättning,0.0,RE/µg
6793,Havregurt vanilj berikad,Vatten,Vegetabiliska produkter och mjölkersättning,80.6,g
6793,Havregurt vanilj berikad,Tiamin,Vegetabiliska produkter och mjölkersättning,0.0,mg
6793,Havregurt vanilj berikad,Tillsatt socker,Vegetabiliska produkter och mjölkersättning,4.0,g
6793,Havregurt vanilj berikad,Fritt socker,Vegetabiliska produkter och mjölkersättning,4.0,g
6793,Havregurt vanilj berikad,"Selen, Se",Vegetabiliska produkter och mjölkersättning,0.0,µg
6793,Havregurt vanilj berikad,Sackaros,Vegetabiliska produkter och mjölkersättning,4.1,g
6793,Havregurt vanilj berikad,Riboflavin,Vegetabiliska produkter och mjölkersättning,0.29,mg
6793,Havregurt vanilj berikad,Retinol,Vegetabiliska produkter och mjölkersättning,0.0,µg
6793,Havregurt vanilj berikad,Protein,Vegetabiliska produkter och mjölkersättning,0.9,g
6793,Havregurt vanilj berikad,Summa fleromättade fettsyror,Vegetabiliska produkter och mjölkersättning,0.6,g
6793,Havregurt vanilj berikad,"Fosfor, P",Vegetabiliska produkter och mjölkersättning,47.0,mg
6793,Havregurt vanilj berikad,Niacinekvivalenter,Vegetabiliska produkter och mjölkersättning,0.1,NE/mg
6793,Havregurt vanilj berikad,Niacin,Vegetabiliska produkter och mjölkersättning,0.0,mg
6793,Havregurt vanilj berikad,"Salt, NaCl",Vegetabiliska produkter och mjölkersättning,0.1,g
6793,Havregurt vanilj berikad,"Natrium, Na",Vegetabiliska produkter och mjölkersättning,31.0,mg
6793,Havregurt vanilj berikad,Monosackarider,Vegetabiliska produkter och mjölkersättning,0.0,g
6793,Havregurt vanilj berikad,"Sockerarter, totalt",Vegetabiliska produkter och mjölkersättning,7.9,g
6793,Havregurt vanilj berikad,Summa enkelomättade fettsyror,Vegetabiliska produkter och mjölkersättning,1.1,g
6793,Havregurt vanilj berikad,"Magnesium, Mg",Vegetabiliska produkter och mjölkersättning,0.0,mg
6793,Havregurt vanilj berikad,Summa mättade fettsyror,Vegetabiliska produkter och mjölkersättning,0.2,g
6793,Havregurt vanilj berikad,"Kolhydrater, tillgängliga",Vegetabiliska produkter och mjölkersättning,15.0,g
6793,Havregurt vanilj berikad,Kolesterol,Vegetabiliska produkter och mjölkersättning,0.0,mg
6793,Havregurt vanilj berikad,"Kalium, K",Vegetabiliska produkter och mjölkersättning,39.0,mg
6793,Havregurt vanilj berikad,"Jod, I",Vegetabiliska produkter och mjölkersättning,22.5,µg
6793,Havregurt vanilj berikad,Fullkorn totalt,Vegetabiliska produkter och mjölkersättning,0.0,g
6793,Havregurt vanilj berikad,"Folat, totalt",Vegetabiliska produkter och mjölkersättning,8.0,µg
6793,Havregurt vanilj berikad,Fibrer,Vegetabiliska produkter och mjölkersättning,0.9,g
6793,Havregurt vanilj berikad,"Fett, totalt",Vegetabiliska produkter och mjölkersättning,2.0,g
6793,Havregurt vanilj berikad,"Järn, Fe",Vegetabiliska produkter och mjölkersättning,0.0,mg
6793,Havregurt vanilj berikad,Energi (kJ),Vegetabiliska produkter och mjölkersättning,349.0,kJ
6793,Havregurt vanilj berikad,Energi (kcal),Vegetabiliska produkter och mjölkersättning,84.0,kcal
6793,Havregurt vanilj berikad,Disackarider,Vegetabiliska produkter och mjölkersättning,7.8,g
6793,Havregurt vanilj berikad,"Kalcium, Ca",Vegetabiliska produkter och mjölkersättning,130.0,mg
6793,Havregurt vanilj berikad,Fettsyra 4:0-10:0,Vegetabiliska produkter och mjölkersättning,0.0,g
6793,Havregurt vanilj berikad,DHA (C22:6),Vegetabiliska produkter och mjölkersättning,0.0,g
6793,Havregurt vanilj berikad,DPA (C22:5),Vegetabiliska produkter och mjölkersättning,0.0,g
6793,Havregurt vanilj berikad,EPA (C20:5),Vegetabiliska produkter och mjölkersättning,0.0,g
6793,Havregurt vanilj berikad,Arakidonsyra C20:4,Vegetabiliska produkter och mjölkersättning,0.0,g
6793,Havregurt vanilj berikad,Arakidinsyra C20:0,Vegetabiliska produkter och mjölkersättning,0.0,g
6793,Havregurt vanilj berikad,Linolensyra C18:3,Vegetabiliska produkter och mjölkersättning,0.1,g
6793,Havregurt vanilj berikad,Linolsyra C18:2,Vegetabiliska produkter och mjölkersättning,0.5,g
6793,Havregurt vanilj berikad,Oljesyra C18:1,Vegetabiliska produkter och mjölkersättning,1.0,g
6793,Havregurt vanilj berikad,Stearinsyra C18:0,Vegetabiliska produkter och mjölkersättning,0.0,g
6793,Havregurt vanilj berikad,Palmitoljesyra C16:1,Vegetabiliska produkter och mjölkersättning,0.0,g
6793,Havregurt vanilj berikad,Palmitinsyra C16:0,Vegetabiliska produkter och mjölkersättning,0.2,g
6793,Havregurt vanilj berikad,Myristinsyra C14:0,Vegetabiliska produkter och mjölkersättning,0.0,g
6793,Havregurt vanilj berikad,Laurinsyra C12:0,Vegetabiliska produkter och mjölkersättning,0.0,g
6793,Havregurt vanilj berikad,Betakaroten/β-Karoten,Vegetabiliska produkter och mjölkersättning,0.0,µg
6793,Havregurt vanilj berikad,Avfall (skal etc.),Vegetabiliska produkter och mjölkersättning,0.0,%
6793,Havregurt vanilj berikad,Aska,Vegetabiliska produkter och mjölkersättning,0.6,g
6793,Havregurt vanilj berikad,Alkohol,Vegetabiliska produkter och mjölkersättning,0.0,g
6795,"Havredryck fett 1,5% eko. berikad","Zink, Zn",Vegetabiliska produkter och mjölkersättning,0.1,mg
6795,"Havredryck fett 1,5% eko. berikad",Vitamin E,Vegetabiliska produkter och mjölkersättning,0.6,mg
6795,"Havredryck fett 1,5% eko. berikad",Vitamin D inkl 25-OH-D3,Vegetabiliska produkter och mjölkersättning,1.11,µg
6795,"Havredryck fett 1,5% eko. berikad",Vitamin D,Vegetabiliska produkter och mjölkersättning,1.11,µg
6795,"Havredryck fett 1,5% eko. berikad",Vitamin C,Vegetabiliska produkter och mjölkersättning,0.0,mg
6795,"Havredryck fett 1,5% eko. berikad",Vitamin B6,Vegetabiliska produkter och mjölkersättning,0.0,mg
6795,"Havredryck fett 1,5% eko. berikad",Vitamin B12,Vegetabiliska produkter och mjölkersättning,0.0,µg
6795,"Havredryck fett 1,5% eko. berikad",Vitamin A,Vegetabiliska produkter och mjölkersättning,0.0,RE/µg
6795,"Havredryck fett 1,5% eko. berikad",Vatten,Vegetabiliska produkter och mjölkersättning,89.4,g
6795,"Havredryck fett 1,5% eko. berikad",Tiamin,Vegetabiliska produkter och mjölkersättning,0.03,mg
6795,"Havredryck fett 1,5% eko. berikad",Tillsatt socker,Vegetabiliska produkter och mjölkersättning,0.0,g
6795,"Havredryck fett 1,5% eko. berikad",Fritt socker,Vegetabiliska produkter och mjölkersättning,0.0,g
6795,"Havredryck fett 1,5% eko. berikad","Selen, Se",Vegetabiliska produkter och mjölkersättning,0.0,µg
6795,"Havredryck fett 1,5% eko. berikad",Sackaros,Vegetabiliska produkter och mjölkersättning,0.1,g
6795,"Havredryck fett 1,5% eko. berikad",Riboflavin,Vegetabiliska produkter och mjölkersättning,0.0,mg
6795,"Havredryck fett 1,5% eko. berikad",Retinol,Vegetabiliska produkter och mjölkersättning,0.0,µg
6795,"Havredryck fett 1,5% eko. berikad",Protein,Vegetabiliska produkter och mjölkersättning,0.9,g
6795,"Havredryck fett 1,5% eko. berikad",Summa fleromättade fettsyror,Vegetabiliska produkter och mjölkersättning,0.5,g
6795,"Havredryck fett 1,5% eko. berikad","Fosfor, P",Vegetabiliska produkter och mjölkersättning,24.0,mg
6795,"Havredryck fett 1,5% eko. berikad",Niacinekvivalenter,Vegetabiliska produkter och mjölkersättning,0.2,NE/mg
6795,"Havredryck fett 1,5% eko. berikad",Niacin,Vegetabiliska produkter och mjölkersättning,0.08,mg
6795,"Havredryck fett 1,5% eko. berikad","Salt, NaCl",Vegetabiliska produkter och mjölkersättning,0.1,g
6795,"Havredryck fett 1,5% eko. berikad","Natrium, Na",Vegetabiliska produkter och mjölkersättning,51.0,mg
6795,"Havredryck fett 1,5% eko. berikad",Monosackarider,Vegetabiliska produkter och mjölkersättning,0.0,g
6795,"Havredryck fett 1,5% eko. berikad","Sockerarter, totalt",Vegetabiliska produkter och mjölkersättning,3.2,g
6795,"Havredryck fett 1,5% eko. berikad",Summa enkelomättade fettsyror,Vegetabiliska produkter och mjölkersättning,0.8,g
6795,"Havredryck fett 1,5% eko. berikad","Magnesium, Mg",Vegetabiliska produkter och mjölkersättning,0.0,mg
6795,"Havredryck fett 1,5% eko. berikad",Summa mättade fettsyror,Vegetabiliska produkter och mjölkersättning,0.2,g
6795,"Havredryck fett 1,5% eko. berikad","Kolhydrater, tillgängliga",Vegetabiliska produkter och mjölkersättning,7.2,g
6795,"Havredryck fett 1,5% eko. berikad",Kolesterol,Vegetabiliska produkter och mjölkersättning,0.0,mg
6795,"Havredryck fett 1,5% eko. berikad","Kalium, K",Vegetabiliska produkter och mjölkersättning,34.0,mg
6795,"Havredryck fett 1,5% eko. berikad","Jod, I",Vegetabiliska produkter och mjölkersättning,0.0,µg
6795,"Havredryck fett 1,5% eko. berikad",Fullkorn totalt,Vegetabiliska produkter och mjölkersättning,0.0,g
6795,"Havredryck fett 1,5% eko. berikad","Folat, totalt",Vegetabiliska produkter och mjölkersättning,0.0,µg
6795,"Havredryck fett 1,5% eko. berikad",Fibrer,Vegetabiliska produkter och mjölkersättning,0.8,g
6795,"Havredryck fett 1,5% eko. berikad","Fett, totalt",Vegetabiliska produkter och mjölkersättning,1.5,g
6795,"Havredryck fett 1,5% eko. berikad","Järn, Fe",Vegetabiliska produkter och mjölkersättning,0.0,mg
6795,"Havredryck fett 1,5% eko. berikad",Energi (kJ),Vegetabiliska produkter och mjölkersättning,200.0,kJ
6795,"Havredryck fett 1,5% eko. berikad",Energi (kcal),Vegetabiliska produkter och mjölkersättning,48.0,kcal
6795,"Havredryck fett 1,5% eko. berikad",Disackarider,Vegetabiliska produkter och mjölkersättning,3.2,g
6795,"Havredryck fett 1,5% eko. berikad","Kalcium, Ca",Vegetabiliska produkter och mjölkersättning,2.0,mg
6795,"Havredryck fett 1,5% eko. berikad",Fettsyra 4:0-10:0,Vegetabiliska produkter och mjölkersättning,0.0,g
6795,"Havredryck fett 1,5% eko. berikad",DHA (C22:6),Vegetabiliska produkter och mjölkersättning,0.0,g
6795,"Havredryck fett 1,5% eko. berikad",DPA (C22:5),Vegetabiliska produkter och mjölkersättning,0.0,g
6795,"Havredryck fett 1,5% eko. berikad",EPA (C20:5),Vegetabiliska produkter och mjölkersättning,0.0,g
6795,"Havredryck fett 1,5% eko. berikad",Arakidonsyra C20:4,Vegetabiliska produkter och mjölkersättning,0.0,g
6795,"Havredryck fett 1,5% eko. berikad",Arakidinsyra C20:0,Vegetabiliska produkter och mjölkersättning,0.0,g
6795,"Havredryck fett 1,5% eko. berikad",Linolensyra C18:3,Vegetabiliska produkter och mjölkersättning,0.1,g
6795,"Havredryck fett 1,5% eko. berikad",Linolsyra C18:2,Vegetabiliska produkter och mjölkersättning,0.4,g
6795,"Havredryck fett 1,5% eko. berikad",Oljesyra C18:1,Vegetabiliska produkter och mjölkersättning,0.8,g
6795,"Havredryck fett 1,5% eko. berikad",Stearinsyra C18:0,Vegetabiliska produkter och mjölkersättning,0.0,g
6795,"Havredryck fett 1,5% eko. berikad",Palmitoljesyra C16:1,Vegetabiliska produkter och mjölkersättning,0.0,g
6795,"Havredryck fett 1,5% eko. berikad",Palmitinsyra C16:0,Vegetabiliska produkter och mjölkersättning,0.1,g
6795,"Havredryck fett 1,5% eko. berikad",Myristinsyra C14:0,Vegetabiliska produkter och mjölkersättning,0.0,g
6795,"Havredryck fett 1,5% eko. berikad",Laurinsyra C12:0,Vegetabiliska produkter och mjölkersättning,0.0,g
6795,"Havredryck fett 1,5% eko. berikad",Betakaroten/β-Karoten,Vegetabiliska produkter och mjölkersättning,0.0,µg
6795,"Havredryck fett 1,5% eko. berikad",Avfall (skal etc.),Vegetabiliska produkter och mjölkersättning,0.0,%
6795,"Havredryck fett 1,5% eko. berikad",Aska,Vegetabiliska produkter och mjölkersättning,0.2,g
6795,"Havredryck fett 1,5% eko. berikad",Alkohol,Vegetabiliska produkter och mjölkersättning,0.0,g
6797,"Havredryck fett 0,5 % eko. berikad","Zink, Zn",Vegetabiliska produkter och mjölkersättning,0.1,mg
6797,"Havredryck fett 0,5 % eko. berikad",Vitamin E,Vegetabiliska produkter och mjölkersättning,0.6,mg
6797,"Havredryck fett 0,5 % eko. berikad",Vitamin D inkl 25-OH-D3,Vegetabiliska produkter och mjölkersättning,1.24,µg
6797,"Havredryck fett 0,5 % eko. berikad",Vitamin D,Vegetabiliska produkter och mjölkersättning,1.24,µg
6797,"Havredryck fett 0,5 % eko. berikad",Vitamin C,Vegetabiliska produkter och mjölkersättning,0.0,mg
6797,"Havredryck fett 0,5 % eko. berikad",Vitamin B6,Vegetabiliska produkter och mjölkersättning,0.0,mg
6797,"Havredryck fett 0,5 % eko. berikad",Vitamin B12,Vegetabiliska produkter och mjölkersättning,0.0,µg
6797,"Havredryck fett 0,5 % eko. berikad",Vitamin A,Vegetabiliska produkter och mjölkersättning,0.0,RE/µg
6797,"Havredryck fett 0,5 % eko. berikad",Vatten,Vegetabiliska produkter och mjölkersättning,90.4,g
6797,"Havredryck fett 0,5 % eko. berikad",Tiamin,Vegetabiliska produkter och mjölkersättning,0.03,mg
6797,"Havredryck fett 0,5 % eko. berikad",Tillsatt socker,Vegetabiliska produkter och mjölkersättning,0.0,g
6797,"Havredryck fett 0,5 % eko. berikad",Fritt socker,Vegetabiliska produkter och mjölkersättning,0.0,g
6797,"Havredryck fett 0,5 % eko. berikad","Selen, Se",Vegetabiliska produkter och mjölkersättning,0.0,µg
6797,"Havredryck fett 0,5 % eko. berikad",Sackaros,Vegetabiliska produkter och mjölkersättning,0.1,g
6797,"Havredryck fett 0,5 % eko. berikad",Riboflavin,Vegetabiliska produkter och mjölkersättning,0.0,mg
6797,"Havredryck fett 0,5 % eko. berikad",Retinol,Vegetabiliska produkter och mjölkersättning,0.0,µg
6797,"Havredryck fett 0,5 % eko. berikad",Protein,Vegetabiliska produkter och mjölkersättning,0.9,g
6797,"Havredryck fett 0,5 % eko. berikad",Summa fleromättade fettsyror,Vegetabiliska produkter och mjölkersättning,0.2,g
6797,"Havredryck fett 0,5 % eko. berikad","Fosfor, P",Vegetabiliska produkter och mjölkersättning,25.0,mg
6797,"Havredryck fett 0,5 % eko. berikad",Niacinekvivalenter,Vegetabiliska produkter och mjölkersättning,0.2,NE/mg
6797,"Havredryck fett 0,5 % eko. berikad",Niacin,Vegetabiliska produkter och mjölkersättning,0.08,mg
6797,"Havredryck fett 0,5 % eko. berikad","Salt, NaCl",Vegetabiliska produkter och mjölkersättning,0.1,g
6797,"Havredryck fett 0,5 % eko. berikad","Natrium, Na",Vegetabiliska produkter och mjölkersättning,51.0,mg
6797,"Havredryck fett 0,5 % eko. berikad",Monosackarider,Vegetabiliska produkter och mjölkersättning,0.0,g
6797,"Havredryck fett 0,5 % eko. berikad","Sockerarter, totalt",Vegetabiliska produkter och mjölkersättning,3.4,g
6797,"Havredryck fett 0,5 % eko. berikad",Summa enkelomättade fettsyror,Vegetabiliska produkter och mjölkersättning,0.2,g
6797,"Havredryck fett 0,5 % eko. berikad","Magnesium, Mg",Vegetabiliska produkter och mjölkersättning,0.0,mg
6797,"Havredryck fett 0,5 % eko. berikad",Summa mättade fettsyror,Vegetabiliska produkter och mjölkersättning,0.1,g
6797,"Havredryck fett 0,5 % eko. berikad","Kolhydrater, tillgängliga",Vegetabiliska produkter och mjölkersättning,7.3,g
6797,"Havredryck fett 0,5 % eko. berikad",Kolesterol,Vegetabiliska produkter och mjölkersättning,0.0,mg
6797,"Havredryck fett 0,5 % eko. berikad","Kalium, K",Vegetabiliska produkter och mjölkersättning,35.0,mg
6797,"Havredryck fett 0,5 % eko. berikad","Jod, I",Vegetabiliska produkter och mjölkersättning,0.0,µg
6797,"Havredryck fett 0,5 % eko. berikad",Fullkorn totalt,Vegetabiliska produkter och mjölkersättning,0.0,g
6797,"Havredryck fett 0,5 % eko. berikad","Folat, totalt",Vegetabiliska produkter och mjölkersättning,0.0,µg
6797,"Havredryck fett 0,5 % eko. berikad",Fibrer,Vegetabiliska produkter och mjölkersättning,0.8,g
6797,"Havredryck fett 0,5 % eko. berikad","Fett, totalt",Vegetabiliska produkter och mjölkersättning,0.5,g
6797,"Havredryck fett 0,5 % eko. berikad","Järn, Fe",Vegetabiliska produkter och mjölkersättning,0.0,mg
6797,"Havredryck fett 0,5 % eko. berikad",Energi (kJ),Vegetabiliska produkter och mjölkersättning,163.0,kJ
6797,"Havredryck fett 0,5 % eko. berikad",Energi (kcal),Vegetabiliska produkter och mjölkersättning,39.0,kcal
6797,"Havredryck fett 0,5 % eko. berikad",Disackarider,Vegetabiliska produkter och mjölkersättning,3.4,g
6797,"Havredryck fett 0,5 % eko. berikad","Kalcium, Ca",Vegetabiliska produkter och mjölkersättning,3.0,mg
6797,"Havredryck fett 0,5 % eko. berikad",Fettsyra 4:0-10:0,Vegetabiliska produkter och mjölkersättning,0.0,g
6797,"Havredryck fett 0,5 % eko. berikad",DHA (C22:6),Vegetabiliska produkter och mjölkersättning,0.0,g
6797,"Havredryck fett 0,5 % eko. berikad",DPA (C22:5),Vegetabiliska produkter och mjölkersättning,0.0,g
6797,"Havredryck fett 0,5 % eko. berikad",EPA (C20:5),Vegetabiliska produkter och mjölkersättning,0.0,g
6797,"Havredryck fett 0,5 % eko. berikad",Arakidonsyra C20:4,Vegetabiliska produkter och mjölkersättning,0.0,g
6797,"Havredryck fett 0,5 % eko. berikad",Arakidinsyra C20:0,Vegetabiliska produkter och mjölkersättning,0.0,g
6797,"Havredryck fett 0,5 % eko. berikad",Linolensyra C18:3,Vegetabiliska produkter och mjölkersättning,0.0,g
6797,"Havredryck fett 0,5 % eko. berikad",Linolsyra C18:2,Vegetabiliska produkter och mjölkersättning,0.2,g
6797,"Havredryck fett 0,5 % eko. berikad",Oljesyra C18:1,Vegetabiliska produkter och mjölkersättning,0.2,g
6797,"Havredryck fett 0,5 % eko. berikad",Stearinsyra C18:0,Vegetabiliska produkter och mjölkersättning,0.0,g
6797,"Havredryck fett 0,5 % eko. berikad",Palmitoljesyra C16:1,Vegetabiliska produkter och mjölkersättning,0.0,g
6797,"Havredryck fett 0,5 % eko. berikad",Palmitinsyra C16:0,Vegetabiliska produkter och mjölkersättning,0.1,g
6797,"Havredryck fett 0,5 % eko. berikad",Myristinsyra C14:0,Vegetabiliska produkter och mjölkersättning,0.0,g
6797,"Havredryck fett 0,5 % eko. berikad",Laurinsyra C12:0,Vegetabiliska produkter och mjölkersättning,0.0,g
6797,"Havredryck fett 0,5 % eko. berikad",Betakaroten/β-Karoten,Vegetabiliska produkter och mjölkersättning,0.0,µg
6797,"Havredryck fett 0,5 % eko. berikad",Avfall (skal etc.),Vegetabiliska produkter och mjölkersättning,0.0,%
6797,"Havredryck fett 0,5 % eko. berikad",Aska,Vegetabiliska produkter och mjölkersättning,0.1,g
6797,"Havredryck fett 0,5 % eko. berikad",Alkohol,Vegetabiliska produkter och mjölkersättning,0.0,g
6801,Havregurt naturell fett 11 % berikad,"Zink, Zn",Vegetabiliska produkter och mjölkersättning,0.2,mg
6801,Havregurt naturell fett 11 % berikad,Vitamin E,Vegetabiliska produkter och mjölkersättning,0.0,mg
6801,Havregurt naturell fett 11 % berikad,Vitamin D inkl 25-OH-D3,Vegetabiliska produkter och mjölkersättning,1.1,µg
6801,Havregurt naturell fett 11 % berikad,Vitamin D,Vegetabiliska produkter och mjölkersättning,1.1,µg
6801,Havregurt naturell fett 11 % berikad,Vitamin C,Vegetabiliska produkter och mjölkersättning,0.0,mg
6801,Havregurt naturell fett 11 % berikad,Vitamin B6,Vegetabiliska produkter och mjölkersättning,0.0,mg
6801,Havregurt naturell fett 11 % berikad,Vitamin B12,Vegetabiliska produkter och mjölkersättning,0.38,µg
6801,Havregurt naturell fett 11 % berikad,Vitamin A,Vegetabiliska produkter och mjölkersättning,0.0,RE/µg
6801,Havregurt naturell fett 11 % berikad,Vatten,Vegetabiliska produkter och mjölkersättning,74.1,g
6801,Havregurt naturell fett 11 % berikad,Tiamin,Vegetabiliska produkter och mjölkersättning,0.03,mg
6801,Havregurt naturell fett 11 % berikad,Tillsatt socker,Vegetabiliska produkter och mjölkersättning,0.0,g
6801,Havregurt naturell fett 11 % berikad,Fritt socker,Vegetabiliska produkter och mjölkersättning,0.0,g
6801,Havregurt naturell fett 11 % berikad,"Selen, Se",Vegetabiliska produkter och mjölkersättning,0.0,µg
6801,Havregurt naturell fett 11 % berikad,Sackaros,Vegetabiliska produkter och mjölkersättning,0.4,g
6801,Havregurt naturell fett 11 % berikad,Riboflavin,Vegetabiliska produkter och mjölkersättning,0.0,mg
6801,Havregurt naturell fett 11 % berikad,Retinol,Vegetabiliska produkter och mjölkersättning,0.0,µg
6801,Havregurt naturell fett 11 % berikad,Protein,Vegetabiliska produkter och mjölkersättning,2.8,g
6801,Havregurt naturell fett 11 % berikad,Summa fleromättade fettsyror,Vegetabiliska produkter och mjölkersättning,2.8,g
6801,Havregurt naturell fett 11 % berikad,"Fosfor, P",Vegetabiliska produkter och mjölkersättning,40.0,mg
6801,Havregurt naturell fett 11 % berikad,Niacinekvivalenter,Vegetabiliska produkter och mjölkersättning,0.5,NE/mg
6801,Havregurt naturell fett 11 % berikad,Niacin,Vegetabiliska produkter och mjölkersättning,0.08,mg
6801,Havregurt naturell fett 11 % berikad,"Salt, NaCl",Vegetabiliska produkter och mjölkersättning,0.1,g
6801,Havregurt naturell fett 11 % berikad,"Natrium, Na",Vegetabiliska produkter och mjölkersättning,50.0,mg
6801,Havregurt naturell fett 11 % berikad,Monosackarider,Vegetabiliska produkter och mjölkersättning,0.0,g
6801,Havregurt naturell fett 11 % berikad,"Sockerarter, totalt",Vegetabiliska produkter och mjölkersättning,3.4,g
6801,Havregurt naturell fett 11 % berikad,Summa enkelomättade fettsyror,Vegetabiliska produkter och mjölkersättning,6.5,g
6801,Havregurt naturell fett 11 % berikad,"Magnesium, Mg",Vegetabiliska produkter och mjölkersättning,0.0,mg
6801,Havregurt naturell fett 11 % berikad,Summa mättade fettsyror,Vegetabiliska produkter och mjölkersättning,0.6,g
6801,Havregurt naturell fett 11 % berikad,"Kolhydrater, tillgängliga",Vegetabiliska produkter och mjölkersättning,11.3,g
6801,Havregurt naturell fett 11 % berikad,Kolesterol,Vegetabiliska produkter och mjölkersättning,0.0,mg
6801,Havregurt naturell fett 11 % berikad,"Kalium, K",Vegetabiliska produkter och mjölkersättning,37.0,mg
6801,Havregurt naturell fett 11 % berikad,"Jod, I",Vegetabiliska produkter och mjölkersättning,0.0,µg
6801,Havregurt naturell fett 11 % berikad,Fullkorn totalt,Vegetabiliska produkter och mjölkersättning,0.0,g
6801,Havregurt naturell fett 11 % berikad,"Folat, totalt",Vegetabiliska produkter och mjölkersättning,7.1,µg
6801,Havregurt naturell fett 11 % berikad,Fibrer,Vegetabiliska produkter och mjölkersättning,0.9,g
6801,Havregurt naturell fett 11 % berikad,"Fett, totalt",Vegetabiliska produkter och mjölkersättning,10.5,g
6801,Havregurt naturell fett 11 % berikad,"Järn, Fe",Vegetabiliska produkter och mjölkersättning,0.0,mg
6801,Havregurt naturell fett 11 % berikad,Energi (kJ),Vegetabiliska produkter och mjölkersättning,635.0,kJ
6801,Havregurt naturell fett 11 % berikad,Energi (kcal),Vegetabiliska produkter och mjölkersättning,152.0,kcal
6801,Havregurt naturell fett 11 % berikad,Disackarider,Vegetabiliska produkter och mjölkersättning,3.4,g
6801,Havregurt naturell fett 11 % berikad,"Kalcium, Ca",Vegetabiliska produkter och mjölkersättning,120.0,mg
6801,Havregurt naturell fett 11 % berikad,Fettsyra 4:0-10:0,Vegetabiliska produkter och mjölkersättning,0.0,g
6801,Havregurt naturell fett 11 % berikad,DHA (C22:6),Vegetabiliska produkter och mjölkersättning,0.0,g
6801,Havregurt naturell fett 11 % berikad,DPA (C22:5),Vegetabiliska produkter och mjölkersättning,0.0,g
6801,Havregurt naturell fett 11 % berikad,EPA (C20:5),Vegetabiliska produkter och mjölkersättning,0.0,g
6801,Havregurt naturell fett 11 % berikad,Arakidonsyra C20:4,Vegetabiliska produkter och mjölkersättning,0.0,g
6801,Havregurt naturell fett 11 % berikad,Arakidinsyra C20:0,Vegetabiliska produkter och mjölkersättning,0.0,g
6801,Havregurt naturell fett 11 % berikad,Linolensyra C18:3,Vegetabiliska produkter och mjölkersättning,0.8,g
6801,Havregurt naturell fett 11 % berikad,Linolsyra C18:2,Vegetabiliska produkter och mjölkersättning,2.0,g
6801,Havregurt naturell fett 11 % berikad,Oljesyra C18:1,Vegetabiliska produkter och mjölkersättning,6.4,g
6801,Havregurt naturell fett 11 % berikad,Stearinsyra C18:0,Vegetabiliska produkter och mjölkersättning,0.1,g
6801,Havregurt naturell fett 11 % berikad,Palmitoljesyra C16:1,Vegetabiliska produkter och mjölkersättning,0.0,g
6801,Havregurt naturell fett 11 % berikad,Palmitinsyra C16:0,Vegetabiliska produkter och mjölkersättning,0.5,g
6801,Havregurt naturell fett 11 % berikad,Myristinsyra C14:0,Vegetabiliska produkter och mjölkersättning,0.0,g
6801,Havregurt naturell fett 11 % berikad,Laurinsyra C12:0,Vegetabiliska produkter och mjölkersättning,0.0,g
6801,Havregurt naturell fett 11 % berikad,Betakaroten/β-Karoten,Vegetabiliska produkter och mjölkersättning,0.0,µg
6801,Havregurt naturell fett 11 % berikad,Avfall (skal etc.),Vegetabiliska produkter och mjölkersättning,0.0,%
6801,Havregurt naturell fett 11 % berikad,Aska,Vegetabiliska produkter och mjölkersättning,0.5,g
6801,Havregurt naturell fett 11 % berikad,Alkohol,Vegetabiliska produkter och mjölkersättning,0.0,g
6802,Glass havreglass chokladfudge,"Zink, Zn",Glass,0.3,mg
6802,Glass havreglass chokladfudge,Vitamin E,Glass,0.0,mg
6802,Glass havreglass chokladfudge,Vitamin D inkl 25-OH-D3,Glass,0.0,µg
6802,Glass havreglass chokladfudge,Vitamin D,Glass,0.0,µg
6802,Glass havreglass chokladfudge,Vitamin C,Glass,0.0,mg
6802,Glass havreglass chokladfudge,Vitamin B6,Glass,0.0,mg
6802,Glass havreglass chokladfudge,Vitamin B12,Glass,0.0,µg
6802,Glass havreglass chokladfudge,Vitamin A,Glass,0.0,RE/µg
6802,Glass havreglass chokladfudge,Vatten,Glass,51.7,g
6802,Glass havreglass chokladfudge,Tiamin,Glass,0.0,mg
6802,Glass havreglass chokladfudge,Tillsatt socker,Glass,27.0,g
6802,Glass havreglass chokladfudge,Fritt socker,Glass,27.0,g
6802,Glass havreglass chokladfudge,"Selen, Se",Glass,0.0,µg
6802,Glass havreglass chokladfudge,Sackaros,Glass,16.1,g
6802,Glass havreglass chokladfudge,Riboflavin,Glass,0.0,mg
6802,Glass havreglass chokladfudge,Retinol,Glass,0.0,µg
6802,Glass havreglass chokladfudge,Protein,Glass,1.0,g
6802,Glass havreglass chokladfudge,Summa fleromättade fettsyror,Glass,1.1,g
6802,Glass havreglass chokladfudge,"Fosfor, P",Glass,36.0,mg
6802,Glass havreglass chokladfudge,Niacinekvivalenter,Glass,0.2,NE/mg
6802,Glass havreglass chokladfudge,Niacin,Glass,0.0,mg
6802,Glass havreglass chokladfudge,"Salt, NaCl",Glass,0.1,g
6802,Glass havreglass chokladfudge,"Natrium, Na",Glass,37.0,mg
6802,Glass havreglass chokladfudge,Monosackarider,Glass,6.7,g
6802,Glass havreglass chokladfudge,"Sockerarter, totalt",Glass,27.1,g
6802,Glass havreglass chokladfudge,Summa enkelomättade fettsyror,Glass,2.8,g
6802,Glass havreglass chokladfudge,"Magnesium, Mg",Glass,65.0,mg
6802,Glass havreglass chokladfudge,Summa mättade fettsyror,Glass,5.1,g
6802,Glass havreglass chokladfudge,"Kolhydrater, tillgängliga",Glass,35.5,g
6802,Glass havreglass chokladfudge,Kolesterol,Glass,0.0,mg
6802,Glass havreglass chokladfudge,"Kalium, K",Glass,120.0,mg
6802,Glass havreglass chokladfudge,"Jod, I",Glass,0.0,µg
6802,Glass havreglass chokladfudge,Fullkorn totalt,Glass,0.0,g
6802,Glass havreglass chokladfudge,"Folat, totalt",Glass,5.6,µg
6802,Glass havreglass chokladfudge,Fibrer,Glass,1.4,g
6802,Glass havreglass chokladfudge,"Fett, totalt",Glass,9.5,g
6802,Glass havreglass chokladfudge,"Järn, Fe",Glass,3.6,mg
6802,Glass havreglass chokladfudge,Energi (kJ),Glass,982.0,kJ
6802,Glass havreglass chokladfudge,Energi (kcal),Glass,235.0,kcal
6802,Glass havreglass chokladfudge,Disackarider,Glass,20.4,g
6802,Glass havreglass chokladfudge,"Kalcium, Ca",Glass,9.0,mg
6802,Glass havreglass chokladfudge,Fettsyra 4:0-10:0,Glass,0.4,g
6802,Glass havreglass chokladfudge,DHA (C22:6),Glass,0.0,g
6802,Glass havreglass chokladfudge,DPA (C22:5),Glass,0.0,g
6802,Glass havreglass chokladfudge,EPA (C20:5),Glass,0.0,g
6802,Glass havreglass chokladfudge,Arakidonsyra C20:4,Glass,0.0,g
6802,Glass havreglass chokladfudge,Arakidinsyra C20:0,Glass,0.0,g
6802,Glass havreglass chokladfudge,Linolensyra C18:3,Glass,0.3,g
6802,Glass havreglass chokladfudge,Linolsyra C18:2,Glass,0.8,g
6802,Glass havreglass chokladfudge,Oljesyra C18:1,Glass,2.7,g
6802,Glass havreglass chokladfudge,Stearinsyra C18:0,Glass,1.6,g
6802,Glass havreglass chokladfudge,Palmitoljesyra C16:1,Glass,0.0,g
6802,Glass havreglass chokladfudge,Palmitinsyra C16:0,Glass,0.8,g
6802,Glass havreglass chokladfudge,Myristinsyra C14:0,Glass,0.6,g
6802,Glass havreglass chokladfudge,Laurinsyra C12:0,Glass,1.6,g
6802,Glass havreglass chokladfudge,Betakaroten/β-Karoten,Glass,0.0,µg
6802,Glass havreglass chokladfudge,Avfall (skal etc.),Glass,0.0,%
6802,Glass havreglass chokladfudge,Aska,Glass,0.9,g
6802,Glass havreglass chokladfudge,Alkohol,Glass,0.0,g
6803,Glass havreglass karamell hasselnöt,"Zink, Zn",Glass,0.2,mg
6803,Glass havreglass karamell hasselnöt,Vitamin E,Glass,0.0,mg
6803,Glass havreglass karamell hasselnöt,Vitamin D inkl 25-OH-D3,Glass,0.0,µg
6803,Glass havreglass karamell hasselnöt,Vitamin D,Glass,0.0,µg
6803,Glass havreglass karamell hasselnöt,Vitamin C,Glass,0.0,mg
6803,Glass havreglass karamell hasselnöt,Vitamin B6,Glass,0.0,mg
6803,Glass havreglass karamell hasselnöt,Vitamin B12,Glass,0.0,µg
6803,Glass havreglass karamell hasselnöt,Vitamin A,Glass,0.0,RE/µg
6803,Glass havreglass karamell hasselnöt,Vatten,Glass,54.9,g
6803,Glass havreglass karamell hasselnöt,Tiamin,Glass,0.0,mg
6803,Glass havreglass karamell hasselnöt,Tillsatt socker,Glass,22.0,g
6803,Glass havreglass karamell hasselnöt,Fritt socker,Glass,22.0,g
6803,Glass havreglass karamell hasselnöt,"Selen, Se",Glass,0.0,µg
6803,Glass havreglass karamell hasselnöt,Sackaros,Glass,11.8,g
6803,Glass havreglass karamell hasselnöt,Riboflavin,Glass,0.0,mg
6803,Glass havreglass karamell hasselnöt,Retinol,Glass,0.0,µg
6803,Glass havreglass karamell hasselnöt,Protein,Glass,1.4,g
6803,Glass havreglass karamell hasselnöt,Summa fleromättade fettsyror,Glass,1.7,g
6803,Glass havreglass karamell hasselnöt,"Fosfor, P",Glass,33.0,mg
6803,Glass havreglass karamell hasselnöt,Niacinekvivalenter,Glass,0.2,NE/mg
6803,Glass havreglass karamell hasselnöt,Niacin,Glass,0.0,mg
6803,Glass havreglass karamell hasselnöt,"Salt, NaCl",Glass,0.4,g
6803,Glass havreglass karamell hasselnöt,"Natrium, Na",Glass,140.0,mg
6803,Glass havreglass karamell hasselnöt,Monosackarider,Glass,6.8,g
6803,Glass havreglass karamell hasselnöt,"Sockerarter, totalt",Glass,21.6,g
6803,Glass havreglass karamell hasselnöt,Summa enkelomättade fettsyror,Glass,5.0,g
6803,Glass havreglass karamell hasselnöt,"Magnesium, Mg",Glass,10.0,mg
6803,Glass havreglass karamell hasselnöt,Summa mättade fettsyror,Glass,6.5,g
6803,Glass havreglass karamell hasselnöt,"Kolhydrater, tillgängliga",Glass,28.2,g
6803,Glass havreglass karamell hasselnöt,Kolesterol,Glass,0.0,mg
6803,Glass havreglass karamell hasselnöt,"Kalium, K",Glass,55.0,mg
6803,Glass havreglass karamell hasselnöt,"Jod, I",Glass,0.0,µg
6803,Glass havreglass karamell hasselnöt,Fullkorn totalt,Glass,0.0,g
6803,Glass havreglass karamell hasselnöt,"Folat, totalt",Glass,5.4,µg
6803,Glass havreglass karamell hasselnöt,Fibrer,Glass,1.1,g
6803,Glass havreglass karamell hasselnöt,"Fett, totalt",Glass,13.9,g
6803,Glass havreglass karamell hasselnöt,"Järn, Fe",Glass,0.0,mg
6803,Glass havreglass karamell hasselnöt,Energi (kJ),Glass,1027.0,kJ
6803,Glass havreglass karamell hasselnöt,Energi (kcal),Glass,245.0,kcal
6803,Glass havreglass karamell hasselnöt,Disackarider,Glass,14.7,g
6803,Glass havreglass karamell hasselnöt,"Kalcium, Ca",Glass,8.0,mg
6803,Glass havreglass karamell hasselnöt,Fettsyra 4:0-10:0,Glass,0.6,g
6803,Glass havreglass karamell hasselnöt,DHA (C22:6),Glass,0.0,g
6803,Glass havreglass karamell hasselnöt,DPA (C22:5),Glass,0.0,g
6803,Glass havreglass karamell hasselnöt,EPA (C20:5),Glass,0.0,g
6803,Glass havreglass karamell hasselnöt,Arakidonsyra C20:4,Glass,0.0,g
6803,Glass havreglass karamell hasselnöt,Arakidinsyra C20:0,Glass,0.0,g
6803,Glass havreglass karamell hasselnöt,Linolensyra C18:3,Glass,0.4,g
6803,Glass havreglass karamell hasselnöt,Linolsyra C18:2,Glass,1.3,g
6803,Glass havreglass karamell hasselnöt,Oljesyra C18:1,Glass,4.9,g
6803,Glass havreglass karamell hasselnöt,Stearinsyra C18:0,Glass,1.8,g
6803,Glass havreglass karamell hasselnöt,Palmitoljesyra C16:1,Glass,0.0,g
6803,Glass havreglass karamell hasselnöt,Palmitinsyra C16:0,Glass,1.0,g
6803,Glass havreglass karamell hasselnöt,Myristinsyra C14:0,Glass,0.9,g
6803,Glass havreglass karamell hasselnöt,Laurinsyra C12:0,Glass,2.2,g
6803,Glass havreglass karamell hasselnöt,Betakaroten/β-Karoten,Glass,0.0,µg
6803,Glass havreglass karamell hasselnöt,Avfall (skal etc.),Glass,0.0,%
6803,Glass havreglass karamell hasselnöt,Aska,Glass,0.5,g
6803,Glass havreglass karamell hasselnöt,Alkohol,Glass,0.0,g
6804,Glass havreglass karamell vanilj,"Zink, Zn",Glass,0.1,mg
6804,Glass havreglass karamell vanilj,Vitamin E,Glass,0.0,mg
6804,Glass havreglass karamell vanilj,Vitamin D inkl 25-OH-D3,Glass,0.0,µg
6804,Glass havreglass karamell vanilj,Vitamin D,Glass,0.0,µg
6804,Glass havreglass karamell vanilj,Vitamin C,Glass,0.0,mg
6804,Glass havreglass karamell vanilj,Vitamin B6,Glass,0.0,mg
6804,Glass havreglass karamell vanilj,Vitamin B12,Glass,0.0,µg
6804,Glass havreglass karamell vanilj,Vitamin A,Glass,0.0,RE/µg
6804,Glass havreglass karamell vanilj,Vatten,Glass,58.9,g
6804,Glass havreglass karamell vanilj,Tiamin,Glass,0.0,mg
6804,Glass havreglass karamell vanilj,Tillsatt socker,Glass,20.0,g
6804,Glass havreglass karamell vanilj,Fritt socker,Glass,20.0,g
6804,Glass havreglass karamell vanilj,"Selen, Se",Glass,0.0,µg
6804,Glass havreglass karamell vanilj,Sackaros,Glass,10.0,g
6804,Glass havreglass karamell vanilj,Riboflavin,Glass,0.0,mg
6804,Glass havreglass karamell vanilj,Retinol,Glass,0.0,µg
6804,Glass havreglass karamell vanilj,Protein,Glass,0.5,g
6804,Glass havreglass karamell vanilj,Summa fleromättade fettsyror,Glass,1.3,g
6804,Glass havreglass karamell vanilj,"Fosfor, P",Glass,20.0,mg
6804,Glass havreglass karamell vanilj,Niacinekvivalenter,Glass,0.1,NE/mg
6804,Glass havreglass karamell vanilj,Niacin,Glass,0.0,mg
6804,Glass havreglass karamell vanilj,"Salt, NaCl",Glass,0.4,g
6804,Glass havreglass karamell vanilj,"Natrium, Na",Glass,150.0,mg
6804,Glass havreglass karamell vanilj,Monosackarider,Glass,7.1,g
6804,Glass havreglass karamell vanilj,"Sockerarter, totalt",Glass,20.0,g
6804,Glass havreglass karamell vanilj,Summa enkelomättade fettsyror,Glass,3.0,g
6804,Glass havreglass karamell vanilj,"Magnesium, Mg",Glass,0.0,mg
6804,Glass havreglass karamell vanilj,Summa mättade fettsyror,Glass,4.9,g
6804,Glass havreglass karamell vanilj,"Kolhydrater, tillgängliga",Glass,29.9,g
6804,Glass havreglass karamell vanilj,Kolesterol,Glass,0.0,mg
6804,Glass havreglass karamell vanilj,"Kalium, K",Glass,23.0,mg
6804,Glass havreglass karamell vanilj,"Jod, I",Glass,0.0,µg
6804,Glass havreglass karamell vanilj,Fullkorn totalt,Glass,0.0,g
6804,Glass havreglass karamell vanilj,"Folat, totalt",Glass,0.0,µg
6804,Glass havreglass karamell vanilj,Fibrer,Glass,0.7,g
6804,Glass havreglass karamell vanilj,"Fett, totalt",Glass,9.6,g
6804,Glass havreglass karamell vanilj,"Järn, Fe",Glass,0.0,mg
6804,Glass havreglass karamell vanilj,Energi (kJ),Glass,879.0,kJ
6804,Glass havreglass karamell vanilj,Energi (kcal),Glass,210.0,kcal
6804,Glass havreglass karamell vanilj,Disackarider,Glass,12.9,g
6804,Glass havreglass karamell vanilj,"Kalcium, Ca",Glass,0.0,mg
6804,Glass havreglass karamell vanilj,Fettsyra 4:0-10:0,Glass,0.5,g
6804,Glass havreglass karamell vanilj,DHA (C22:6),Glass,0.0,g
6804,Glass havreglass karamell vanilj,DPA (C22:5),Glass,0.0,g
6804,Glass havreglass karamell vanilj,EPA (C20:5),Glass,0.0,g
6804,Glass havreglass karamell vanilj,Arakidonsyra C20:4,Glass,0.0,g
6804,Glass havreglass karamell vanilj,Arakidinsyra C20:0,Glass,0.0,g
6804,Glass havreglass karamell vanilj,Linolensyra C18:3,Glass,0.4,g
6804,Glass havreglass karamell vanilj,Linolsyra C18:2,Glass,1.0,g
6804,Glass havreglass karamell vanilj,Oljesyra C18:1,Glass,2.9,g
6804,Glass havreglass karamell vanilj,Stearinsyra C18:0,Glass,1.4,g
6804,Glass havreglass karamell vanilj,Palmitoljesyra C16:1,Glass,0.0,g
6804,Glass havreglass karamell vanilj,Palmitinsyra C16:0,Glass,0.7,g
6804,Glass havreglass karamell vanilj,Myristinsyra C14:0,Glass,0.6,g
6804,Glass havreglass karamell vanilj,Laurinsyra C12:0,Glass,1.6,g
6804,Glass havreglass karamell vanilj,Betakaroten/β-Karoten,Glass,0.0,µg
6804,Glass havreglass karamell vanilj,Avfall (skal etc.),Glass,0.0,%
6804,Glass havreglass karamell vanilj,Aska,Glass,0.3,g
6804,Glass havreglass karamell vanilj,Alkohol,Glass,0.0,g
6807,Havrebaserat bredbart pålägg tomat basilika,"Zink, Zn",Vegetabiliska produkter och mjölkersättning,0.2,mg
6807,Havrebaserat bredbart pålägg tomat basilika,Vitamin E,Vegetabiliska produkter och mjölkersättning,0.0,mg
6807,Havrebaserat bredbart pålägg tomat basilika,Vitamin D inkl 25-OH-D3,Vegetabiliska produkter och mjölkersättning,0.0,µg
6807,Havrebaserat bredbart pålägg tomat basilika,Vitamin D,Vegetabiliska produkter och mjölkersättning,0.0,µg
6807,Havrebaserat bredbart pålägg tomat basilika,Vitamin C,Vegetabiliska produkter och mjölkersättning,0.0,mg
6807,Havrebaserat bredbart pålägg tomat basilika,Vitamin B6,Vegetabiliska produkter och mjölkersättning,0.0,mg
6807,Havrebaserat bredbart pålägg tomat basilika,Vitamin B12,Vegetabiliska produkter och mjölkersättning,0.0,µg
6807,Havrebaserat bredbart pålägg tomat basilika,Vitamin A,Vegetabiliska produkter och mjölkersättning,0.0,RE/µg
6807,Havrebaserat bredbart pålägg tomat basilika,Vatten,Vegetabiliska produkter och mjölkersättning,65.8,g
6807,Havrebaserat bredbart pålägg tomat basilika,Tiamin,Vegetabiliska produkter och mjölkersättning,0.0,mg
6807,Havrebaserat bredbart pålägg tomat basilika,Tillsatt socker,Vegetabiliska produkter och mjölkersättning,0.0,g
6807,Havrebaserat bredbart pålägg tomat basilika,Fritt socker,Vegetabiliska produkter och mjölkersättning,0.0,g
6807,Havrebaserat bredbart pålägg tomat basilika,"Selen, Se",Vegetabiliska produkter och mjölkersättning,0.0,µg
6807,Havrebaserat bredbart pålägg tomat basilika,Sackaros,Vegetabiliska produkter och mjölkersättning,0.3,g
6807,Havrebaserat bredbart pålägg tomat basilika,Riboflavin,Vegetabiliska produkter och mjölkersättning,0.0,mg
6807,Havrebaserat bredbart pålägg tomat basilika,Retinol,Vegetabiliska produkter och mjölkersättning,0.0,µg
6807,Havrebaserat bredbart pålägg tomat basilika,Protein,Vegetabiliska produkter och mjölkersättning,2.9,g
6807,Havrebaserat bredbart pålägg tomat basilika,Summa fleromättade fettsyror,Vegetabiliska produkter och mjölkersättning,3.1,g
6807,Havrebaserat bredbart pålägg tomat basilika,"Fosfor, P",Vegetabiliska produkter och mjölkersättning,36.0,mg
6807,Havrebaserat bredbart pålägg tomat basilika,Niacinekvivalenter,Vegetabiliska produkter och mjölkersättning,0.5,NE/mg
6807,Havrebaserat bredbart pålägg tomat basilika,Niacin,Vegetabiliska produkter och mjölkersättning,0.0,mg
6807,Havrebaserat bredbart pålägg tomat basilika,"Salt, NaCl",Vegetabiliska produkter och mjölkersättning,1.3,g
6807,Havrebaserat bredbart pålägg tomat basilika,"Natrium, Na",Vegetabiliska produkter och mjölkersättning,510.0,mg
6807,Havrebaserat bredbart pålägg tomat basilika,Monosackarider,Vegetabiliska produkter och mjölkersättning,0.4,g
6807,Havrebaserat bredbart pålägg tomat basilika,"Sockerarter, totalt",Vegetabiliska produkter och mjölkersättning,3.0,g
6807,Havrebaserat bredbart pålägg tomat basilika,Summa enkelomättade fettsyror,Vegetabiliska produkter och mjölkersättning,7.2,g
6807,Havrebaserat bredbart pålägg tomat basilika,"Magnesium, Mg",Vegetabiliska produkter och mjölkersättning,6.0,mg
6807,Havrebaserat bredbart pålägg tomat basilika,Summa mättade fettsyror,Vegetabiliska produkter och mjölkersättning,6.5,g
6807,Havrebaserat bredbart pålägg tomat basilika,"Kolhydrater, tillgängliga",Vegetabiliska produkter och mjölkersättning,11.2,g
6807,Havrebaserat bredbart pålägg tomat basilika,Kolesterol,Vegetabiliska produkter och mjölkersättning,0.0,mg
6807,Havrebaserat bredbart pålägg tomat basilika,"Kalium, K",Vegetabiliska produkter och mjölkersättning,72.0,mg
6807,Havrebaserat bredbart pålägg tomat basilika,"Jod, I",Vegetabiliska produkter och mjölkersättning,0.0,µg
6807,Havrebaserat bredbart pålägg tomat basilika,Fullkorn totalt,Vegetabiliska produkter och mjölkersättning,0.0,g
6807,Havrebaserat bredbart pålägg tomat basilika,"Folat, totalt",Vegetabiliska produkter och mjölkersättning,0.0,µg
6807,Havrebaserat bredbart pålägg tomat basilika,Fibrer,Vegetabiliska produkter och mjölkersättning,0.9,g
6807,Havrebaserat bredbart pålägg tomat basilika,"Fett, totalt",Vegetabiliska produkter och mjölkersättning,17.6,g
6807,Havrebaserat bredbart pålägg tomat basilika,"Järn, Fe",Vegetabiliska produkter och mjölkersättning,0.0,mg
6807,Havrebaserat bredbart pålägg tomat basilika,Energi (kJ),Vegetabiliska produkter och mjölkersättning,898.0,kJ
6807,Havrebaserat bredbart pålägg tomat basilika,Energi (kcal),Vegetabiliska produkter och mjölkersättning,215.0,kcal
6807,Havrebaserat bredbart pålägg tomat basilika,Disackarider,Vegetabiliska produkter och mjölkersättning,2.6,g
6807,Havrebaserat bredbart pålägg tomat basilika,"Kalcium, Ca",Vegetabiliska produkter och mjölkersättning,110.0,mg
6807,Havrebaserat bredbart pålägg tomat basilika,Fettsyra 4:0-10:0,Vegetabiliska produkter och mjölkersättning,0.4,g
6807,Havrebaserat bredbart pålägg tomat basilika,DHA (C22:6),Vegetabiliska produkter och mjölkersättning,0.0,g
6807,Havrebaserat bredbart pålägg tomat basilika,DPA (C22:5),Vegetabiliska produkter och mjölkersättning,0.0,g
6807,Havrebaserat bredbart pålägg tomat basilika,EPA (C20:5),Vegetabiliska produkter och mjölkersättning,0.0,g
6807,Havrebaserat bredbart pålägg tomat basilika,Arakidonsyra C20:4,Vegetabiliska produkter och mjölkersättning,0.0,g
6807,Havrebaserat bredbart pålägg tomat basilika,Arakidinsyra C20:0,Vegetabiliska produkter och mjölkersättning,0.1,g
6807,Havrebaserat bredbart pålägg tomat basilika,Linolensyra C18:3,Vegetabiliska produkter och mjölkersättning,0.9,g
6807,Havrebaserat bredbart pålägg tomat basilika,Linolsyra C18:2,Vegetabiliska produkter och mjölkersättning,2.2,g
6807,Havrebaserat bredbart pålägg tomat basilika,Oljesyra C18:1,Vegetabiliska produkter och mjölkersättning,7.0,g
6807,Havrebaserat bredbart pålägg tomat basilika,Stearinsyra C18:0,Vegetabiliska produkter och mjölkersättning,2.5,g
6807,Havrebaserat bredbart pålägg tomat basilika,Palmitoljesyra C16:1,Vegetabiliska produkter och mjölkersättning,0.0,g
6807,Havrebaserat bredbart pålägg tomat basilika,Palmitinsyra C16:0,Vegetabiliska produkter och mjölkersättning,1.1,g
6807,Havrebaserat bredbart pålägg tomat basilika,Myristinsyra C14:0,Vegetabiliska produkter och mjölkersättning,0.7,g
6807,Havrebaserat bredbart pålägg tomat basilika,Laurinsyra C12:0,Vegetabiliska produkter och mjölkersättning,1.6,g
6807,Havrebaserat bredbart pålägg tomat basilika,Betakaroten/β-Karoten,Vegetabiliska produkter och mjölkersättning,0.0,µg
6807,Havrebaserat bredbart pålägg tomat basilika,Avfall (skal etc.),Vegetabiliska produkter och mjölkersättning,0.0,%
6807,Havrebaserat bredbart pålägg tomat basilika,Aska,Vegetabiliska produkter och mjölkersättning,1.6,g
6807,Havrebaserat bredbart pålägg tomat basilika,Alkohol,Vegetabiliska produkter och mjölkersättning,0.0,g
6808,Havrebaserat bredbart pålägg vitlök gurka,"Zink, Zn",Vegetabiliska produkter och mjölkersättning,0.1,mg
6808,Havrebaserat bredbart pålägg vitlök gurka,Vitamin E,Vegetabiliska produkter och mjölkersättning,0.0,mg
6808,Havrebaserat bredbart pålägg vitlök gurka,Vitamin D inkl 25-OH-D3,Vegetabiliska produkter och mjölkersättning,0.0,µg
6808,Havrebaserat bredbart pålägg vitlök gurka,Vitamin D,Vegetabiliska produkter och mjölkersättning,0.0,µg
6808,Havrebaserat bredbart pålägg vitlök gurka,Vitamin C,Vegetabiliska produkter och mjölkersättning,0.0,mg
6808,Havrebaserat bredbart pålägg vitlök gurka,Vitamin B6,Vegetabiliska produkter och mjölkersättning,0.0,mg
6808,Havrebaserat bredbart pålägg vitlök gurka,Vitamin B12,Vegetabiliska produkter och mjölkersättning,0.0,µg
6808,Havrebaserat bredbart pålägg vitlök gurka,Vitamin A,Vegetabiliska produkter och mjölkersättning,0.0,RE/µg
6808,Havrebaserat bredbart pålägg vitlök gurka,Vatten,Vegetabiliska produkter och mjölkersättning,67.1,g
6808,Havrebaserat bredbart pålägg vitlök gurka,Tiamin,Vegetabiliska produkter och mjölkersättning,0.0,mg
6808,Havrebaserat bredbart pålägg vitlök gurka,Tillsatt socker,Vegetabiliska produkter och mjölkersättning,0.0,g
6808,Havrebaserat bredbart pålägg vitlök gurka,Fritt socker,Vegetabiliska produkter och mjölkersättning,0.0,g
6808,Havrebaserat bredbart pålägg vitlök gurka,"Selen, Se",Vegetabiliska produkter och mjölkersättning,0.0,µg
6808,Havrebaserat bredbart pålägg vitlök gurka,Sackaros,Vegetabiliska produkter och mjölkersättning,0.3,g
6808,Havrebaserat bredbart pålägg vitlök gurka,Riboflavin,Vegetabiliska produkter och mjölkersättning,0.0,mg
6808,Havrebaserat bredbart pålägg vitlök gurka,Retinol,Vegetabiliska produkter och mjölkersättning,0.0,µg
6808,Havrebaserat bredbart pålägg vitlök gurka,Protein,Vegetabiliska produkter och mjölkersättning,2.7,g
6808,Havrebaserat bredbart pålägg vitlök gurka,Summa fleromättade fettsyror,Vegetabiliska produkter och mjölkersättning,3.0,g
6808,Havrebaserat bredbart pålägg vitlök gurka,"Fosfor, P",Vegetabiliska produkter och mjölkersättning,36.0,mg
6808,Havrebaserat bredbart pålägg vitlök gurka,Niacinekvivalenter,Vegetabiliska produkter och mjölkersättning,0.4,NE/mg
6808,Havrebaserat bredbart pålägg vitlök gurka,Niacin,Vegetabiliska produkter och mjölkersättning,0.0,mg
6808,Havrebaserat bredbart pålägg vitlök gurka,"Salt, NaCl",Vegetabiliska produkter och mjölkersättning,1.2,g
6808,Havrebaserat bredbart pålägg vitlök gurka,"Natrium, Na",Vegetabiliska produkter och mjölkersättning,500.0,mg
6808,Havrebaserat bredbart pålägg vitlök gurka,Monosackarider,Vegetabiliska produkter och mjölkersättning,0.2,g
6808,Havrebaserat bredbart pålägg vitlök gurka,"Sockerarter, totalt",Vegetabiliska produkter och mjölkersättning,2.8,g
6808,Havrebaserat bredbart pålägg vitlök gurka,Summa enkelomättade fettsyror,Vegetabiliska produkter och mjölkersättning,6.8,g
6808,Havrebaserat bredbart pålägg vitlök gurka,"Magnesium, Mg",Vegetabiliska produkter och mjölkersättning,0.0,mg
6808,Havrebaserat bredbart pålägg vitlök gurka,Summa mättade fettsyror,Vegetabiliska produkter och mjölkersättning,6.5,g
6808,Havrebaserat bredbart pålägg vitlök gurka,"Kolhydrater, tillgängliga",Vegetabiliska produkter och mjölkersättning,10.7,g
6808,Havrebaserat bredbart pålägg vitlök gurka,Kolesterol,Vegetabiliska produkter och mjölkersättning,0.0,mg
6808,Havrebaserat bredbart pålägg vitlök gurka,"Kalium, K",Vegetabiliska produkter och mjölkersättning,42.0,mg
6808,Havrebaserat bredbart pålägg vitlök gurka,"Jod, I",Vegetabiliska produkter och mjölkersättning,0.0,µg
6808,Havrebaserat bredbart pålägg vitlök gurka,Fullkorn totalt,Vegetabiliska produkter och mjölkersättning,0.0,g
6808,Havrebaserat bredbart pålägg vitlök gurka,"Folat, totalt",Vegetabiliska produkter och mjölkersättning,6.2,µg
6808,Havrebaserat bredbart pålägg vitlök gurka,Fibrer,Vegetabiliska produkter och mjölkersättning,0.9,g
6808,Havrebaserat bredbart pålägg vitlök gurka,"Fett, totalt",Vegetabiliska produkter och mjölkersättning,17.1,g
6808,Havrebaserat bredbart pålägg vitlök gurka,"Järn, Fe",Vegetabiliska produkter och mjölkersättning,0.0,mg
6808,Havrebaserat bredbart pålägg vitlök gurka,Energi (kJ),Vegetabiliska produkter och mjölkersättning,867.0,kJ
6808,Havrebaserat bredbart pålägg vitlök gurka,Energi (kcal),Vegetabiliska produkter och mjölkersättning,207.0,kcal
6808,Havrebaserat bredbart pålägg vitlök gurka,Disackarider,Vegetabiliska produkter och mjölkersättning,2.6,g
6808,Havrebaserat bredbart pålägg vitlök gurka,"Kalcium, Ca",Vegetabiliska produkter och mjölkersättning,100.0,mg
6808,Havrebaserat bredbart pålägg vitlök gurka,Fettsyra 4:0-10:0,Vegetabiliska produkter och mjölkersättning,0.5,g
6808,Havrebaserat bredbart pålägg vitlök gurka,DHA (C22:6),Vegetabiliska produkter och mjölkersättning,0.0,g
6808,Havrebaserat bredbart pålägg vitlök gurka,DPA (C22:5),Vegetabiliska produkter och mjölkersättning,0.0,g
6808,Havrebaserat bredbart pålägg vitlök gurka,EPA (C20:5),Vegetabiliska produkter och mjölkersättning,0.0,g
6808,Havrebaserat bredbart pålägg vitlök gurka,Arakidonsyra C20:4,Vegetabiliska produkter och mjölkersättning,0.0,g
6808,Havrebaserat bredbart pålägg vitlök gurka,Arakidinsyra C20:0,Vegetabiliska produkter och mjölkersättning,0.1,g
6808,Havrebaserat bredbart pålägg vitlök gurka,Linolensyra C18:3,Vegetabiliska produkter och mjölkersättning,0.9,g
6808,Havrebaserat bredbart pålägg vitlök gurka,Linolsyra C18:2,Vegetabiliska produkter och mjölkersättning,2.1,g
6808,Havrebaserat bredbart pålägg vitlök gurka,Oljesyra C18:1,Vegetabiliska produkter och mjölkersättning,6.6,g
6808,Havrebaserat bredbart pålägg vitlök gurka,Stearinsyra C18:0,Vegetabiliska produkter och mjölkersättning,2.6,g
6808,Havrebaserat bredbart pålägg vitlök gurka,Palmitoljesyra C16:1,Vegetabiliska produkter och mjölkersättning,0.0,g
6808,Havrebaserat bredbart pålägg vitlök gurka,Palmitinsyra C16:0,Vegetabiliska produkter och mjölkersättning,1.0,g
6808,Havrebaserat bredbart pålägg vitlök gurka,Myristinsyra C14:0,Vegetabiliska produkter och mjölkersättning,0.6,g
6808,Havrebaserat bredbart pålägg vitlök gurka,Laurinsyra C12:0,Vegetabiliska produkter och mjölkersättning,1.6,g
6808,Havrebaserat bredbart pålägg vitlök gurka,Betakaroten/β-Karoten,Vegetabiliska produkter och mjölkersättning,0.0,µg
6808,Havrebaserat bredbart pålägg vitlök gurka,Avfall (skal etc.),Vegetabiliska produkter och mjölkersättning,0.0,%
6808,Havrebaserat bredbart pålägg vitlök gurka,Aska,Vegetabiliska produkter och mjölkersättning,1.5,g
6808,Havrebaserat bredbart pålägg vitlök gurka,Alkohol,Vegetabiliska produkter och mjölkersättning,0.0,g
6809,"Havredryck choklad fett 2,5 % berikad","Zink, Zn",Vegetabiliska produkter och mjölkersättning,0.2,mg
6809,"Havredryck choklad fett 2,5 % berikad",Vitamin E,Vegetabiliska produkter och mjölkersättning,0.6,mg
6809,"Havredryck choklad fett 2,5 % berikad",Vitamin D inkl 25-OH-D3,Vegetabiliska produkter och mjölkersättning,1.52,µg
6809,"Havredryck choklad fett 2,5 % berikad",Vitamin D,Vegetabiliska produkter och mjölkersättning,1.52,µg
6809,"Havredryck choklad fett 2,5 % berikad",Vitamin C,Vegetabiliska produkter och mjölkersättning,0.0,mg
6809,"Havredryck choklad fett 2,5 % berikad",Vitamin B6,Vegetabiliska produkter och mjölkersättning,0.01,mg
6809,"Havredryck choklad fett 2,5 % berikad",Vitamin B12,Vegetabiliska produkter och mjölkersättning,0.38,µg
6809,"Havredryck choklad fett 2,5 % berikad",Vitamin A,Vegetabiliska produkter och mjölkersättning,0.0,RE/µg
6809,"Havredryck choklad fett 2,5 % berikad",Vatten,Vegetabiliska produkter och mjölkersättning,84.0,g
6809,"Havredryck choklad fett 2,5 % berikad",Tiamin,Vegetabiliska produkter och mjölkersättning,0.03,mg
6809,"Havredryck choklad fett 2,5 % berikad",Tillsatt socker,Vegetabiliska produkter och mjölkersättning,3.0,g
6809,"Havredryck choklad fett 2,5 % berikad",Fritt socker,Vegetabiliska produkter och mjölkersättning,3.0,g
6809,"Havredryck choklad fett 2,5 % berikad","Selen, Se",Vegetabiliska produkter och mjölkersättning,0.0,µg
6809,"Havredryck choklad fett 2,5 % berikad",Sackaros,Vegetabiliska produkter och mjölkersättning,3.2,g
6809,"Havredryck choklad fett 2,5 % berikad",Riboflavin,Vegetabiliska produkter och mjölkersättning,0.3,mg
6809,"Havredryck choklad fett 2,5 % berikad",Retinol,Vegetabiliska produkter och mjölkersättning,0.0,µg
6809,"Havredryck choklad fett 2,5 % berikad",Protein,Vegetabiliska produkter och mjölkersättning,1.3,g
6809,"Havredryck choklad fett 2,5 % berikad",Summa fleromättade fettsyror,Vegetabiliska produkter och mjölkersättning,0.7,g
6809,"Havredryck choklad fett 2,5 % berikad","Fosfor, P",Vegetabiliska produkter och mjölkersättning,55.0,mg
6809,"Havredryck choklad fett 2,5 % berikad",Niacinekvivalenter,Vegetabiliska produkter och mjölkersättning,0.3,NE/mg
6809,"Havredryck choklad fett 2,5 % berikad",Niacin,Vegetabiliska produkter och mjölkersättning,0.08,mg
6809,"Havredryck choklad fett 2,5 % berikad","Salt, NaCl",Vegetabiliska produkter och mjölkersättning,0.1,g
6809,"Havredryck choklad fett 2,5 % berikad","Natrium, Na",Vegetabiliska produkter och mjölkersättning,48.0,mg
6809,"Havredryck choklad fett 2,5 % berikad",Monosackarider,Vegetabiliska produkter och mjölkersättning,0.0,g
6809,"Havredryck choklad fett 2,5 % berikad","Sockerarter, totalt",Vegetabiliska produkter och mjölkersättning,6.2,g
6809,"Havredryck choklad fett 2,5 % berikad",Summa enkelomättade fettsyror,Vegetabiliska produkter och mjölkersättning,1.3,g
6809,"Havredryck choklad fett 2,5 % berikad","Magnesium, Mg",Vegetabiliska produkter och mjölkersättning,12.0,mg
6809,"Havredryck choklad fett 2,5 % berikad",Summa mättade fettsyror,Vegetabiliska produkter och mjölkersättning,0.3,g
6809,"Havredryck choklad fett 2,5 % berikad","Kolhydrater, tillgängliga",Vegetabiliska produkter och mjölkersättning,10.5,g
6809,"Havredryck choklad fett 2,5 % berikad",Kolesterol,Vegetabiliska produkter och mjölkersättning,0.0,mg
6809,"Havredryck choklad fett 2,5 % berikad","Kalium, K",Vegetabiliska produkter och mjölkersättning,76.0,mg
6809,"Havredryck choklad fett 2,5 % berikad","Jod, I",Vegetabiliska produkter och mjölkersättning,22.5,µg
6809,"Havredryck choklad fett 2,5 % berikad",Fullkorn totalt,Vegetabiliska produkter och mjölkersättning,0.0,g
6809,"Havredryck choklad fett 2,5 % berikad","Folat, totalt",Vegetabiliska produkter och mjölkersättning,0.0,µg
6809,"Havredryck choklad fett 2,5 % berikad",Fibrer,Vegetabiliska produkter och mjölkersättning,1.2,g
6809,"Havredryck choklad fett 2,5 % berikad","Fett, totalt",Vegetabiliska produkter och mjölkersättning,2.4,g
6809,"Havredryck choklad fett 2,5 % berikad","Järn, Fe",Vegetabiliska produkter och mjölkersättning,1.2,mg
6809,"Havredryck choklad fett 2,5 % berikad",Energi (kJ),Vegetabiliska produkter och mjölkersättning,298.0,kJ
6809,"Havredryck choklad fett 2,5 % berikad",Energi (kcal),Vegetabiliska produkter och mjölkersättning,71.0,kcal
6809,"Havredryck choklad fett 2,5 % berikad",Disackarider,Vegetabiliska produkter och mjölkersättning,6.2,g
6809,"Havredryck choklad fett 2,5 % berikad","Kalcium, Ca",Vegetabiliska produkter och mjölkersättning,120.0,mg
6809,"Havredryck choklad fett 2,5 % berikad",Fettsyra 4:0-10:0,Vegetabiliska produkter och mjölkersättning,0.0,g
6809,"Havredryck choklad fett 2,5 % berikad",DHA (C22:6),Vegetabiliska produkter och mjölkersättning,0.0,g
6809,"Havredryck choklad fett 2,5 % berikad",DPA (C22:5),Vegetabiliska produkter och mjölkersättning,0.0,g
6809,"Havredryck choklad fett 2,5 % berikad",EPA (C20:5),Vegetabiliska produkter och mjölkersättning,0.0,g
6809,"Havredryck choklad fett 2,5 % berikad",Arakidonsyra C20:4,Vegetabiliska produkter och mjölkersättning,0.0,g
6809,"Havredryck choklad fett 2,5 % berikad",Arakidinsyra C20:0,Vegetabiliska produkter och mjölkersättning,0.0,g
6809,"Havredryck choklad fett 2,5 % berikad",Linolensyra C18:3,Vegetabiliska produkter och mjölkersättning,0.2,g
6809,"Havredryck choklad fett 2,5 % berikad",Linolsyra C18:2,Vegetabiliska produkter och mjölkersättning,0.5,g
6809,"Havredryck choklad fett 2,5 % berikad",Oljesyra C18:1,Vegetabiliska produkter och mjölkersättning,1.3,g
6809,"Havredryck choklad fett 2,5 % berikad",Stearinsyra C18:0,Vegetabiliska produkter och mjölkersättning,0.1,g
6809,"Havredryck choklad fett 2,5 % berikad",Palmitoljesyra C16:1,Vegetabiliska produkter och mjölkersättning,0.0,g
6809,"Havredryck choklad fett 2,5 % berikad",Palmitinsyra C16:0,Vegetabiliska produkter och mjölkersättning,0.2,g
6809,"Havredryck choklad fett 2,5 % berikad",Myristinsyra C14:0,Vegetabiliska produkter och mjölkersättning,0.0,g
6809,"Havredryck choklad fett 2,5 % berikad",Laurinsyra C12:0,Vegetabiliska produkter och mjölkersättning,0.0,g
6809,"Havredryck choklad fett 2,5 % berikad",Betakaroten/β-Karoten,Vegetabiliska produkter och mjölkersättning,0.0,µg
6809,"Havredryck choklad fett 2,5 % berikad",Avfall (skal etc.),Vegetabiliska produkter och mjölkersättning,0.0,%
6809,"Havredryck choklad fett 2,5 % berikad",Aska,Vegetabiliska produkter och mjölkersättning,0.6,g
6809,"Havredryck choklad fett 2,5 % berikad",Alkohol,Vegetabiliska produkter och mjölkersättning,0.0,g
6812,Havregurt smaksatt berikad,"Zink, Zn",Vegetabiliska produkter och mjölkersättning,0.1,mg
6812,Havregurt smaksatt berikad,Vitamin E,Vegetabiliska produkter och mjölkersättning,0.0,mg
6812,Havregurt smaksatt berikad,Vitamin D inkl 25-OH-D3,Vegetabiliska produkter och mjölkersättning,1.1,µg
6812,Havregurt smaksatt berikad,Vitamin D,Vegetabiliska produkter och mjölkersättning,1.1,µg
6812,Havregurt smaksatt berikad,Vitamin C,Vegetabiliska produkter och mjölkersättning,0.0,mg
6812,Havregurt smaksatt berikad,Vitamin B6,Vegetabiliska produkter och mjölkersättning,0.0,mg
6812,Havregurt smaksatt berikad,Vitamin B12,Vegetabiliska produkter och mjölkersättning,0.38,µg
6812,Havregurt smaksatt berikad,Vitamin A,Vegetabiliska produkter och mjölkersättning,0.0,RE/µg
6812,Havregurt smaksatt berikad,Vatten,Vegetabiliska produkter och mjölkersättning,81.3,g
6812,Havregurt smaksatt berikad,Tiamin,Vegetabiliska produkter och mjölkersättning,0.0,mg
6812,Havregurt smaksatt berikad,Tillsatt socker,Vegetabiliska produkter och mjölkersättning,4.0,g
6812,Havregurt smaksatt berikad,Fritt socker,Vegetabiliska produkter och mjölkersättning,4.0,g
6812,Havregurt smaksatt berikad,"Selen, Se",Vegetabiliska produkter och mjölkersättning,0.0,µg
6812,Havregurt smaksatt berikad,Sackaros,Vegetabiliska produkter och mjölkersättning,3.8,g
6812,Havregurt smaksatt berikad,Riboflavin,Vegetabiliska produkter och mjölkersättning,0.27,mg
6812,Havregurt smaksatt berikad,Retinol,Vegetabiliska produkter och mjölkersättning,0.0,µg
6812,Havregurt smaksatt berikad,Protein,Vegetabiliska produkter och mjölkersättning,0.9,g
6812,Havregurt smaksatt berikad,Summa fleromättade fettsyror,Vegetabiliska produkter och mjölkersättning,0.6,g
6812,Havregurt smaksatt berikad,"Fosfor, P",Vegetabiliska produkter och mjölkersättning,48.0,mg
6812,Havregurt smaksatt berikad,Niacinekvivalenter,Vegetabiliska produkter och mjölkersättning,0.12,NE/mg
6812,Havregurt smaksatt berikad,Niacin,Vegetabiliska produkter och mjölkersättning,0.0,mg
6812,Havregurt smaksatt berikad,"Salt, NaCl",Vegetabiliska produkter och mjölkersättning,0.0,g
6812,Havregurt smaksatt berikad,"Natrium, Na",Vegetabiliska produkter och mjölkersättning,8.0,mg
6812,Havregurt smaksatt berikad,Monosackarider,Vegetabiliska produkter och mjölkersättning,1.0,g
6812,Havregurt smaksatt berikad,"Sockerarter, totalt",Vegetabiliska produkter och mjölkersättning,7.9,g
6812,Havregurt smaksatt berikad,Summa enkelomättade fettsyror,Vegetabiliska produkter och mjölkersättning,1.0,g
6812,Havregurt smaksatt berikad,"Magnesium, Mg",Vegetabiliska produkter och mjölkersättning,3.0,mg
6812,Havregurt smaksatt berikad,Summa mättade fettsyror,Vegetabiliska produkter och mjölkersättning,0.2,g
6812,Havregurt smaksatt berikad,"Kolhydrater, tillgängliga",Vegetabiliska produkter och mjölkersättning,14.7,g
6812,Havregurt smaksatt berikad,Kolesterol,Vegetabiliska produkter och mjölkersättning,0.0,mg
6812,Havregurt smaksatt berikad,"Kalium, K",Vegetabiliska produkter och mjölkersättning,43.0,mg
6812,Havregurt smaksatt berikad,"Jod, I",Vegetabiliska produkter och mjölkersättning,16.9,µg
6812,Havregurt smaksatt berikad,Fullkorn totalt,Vegetabiliska produkter och mjölkersättning,0.0,g
6812,Havregurt smaksatt berikad,"Folat, totalt",Vegetabiliska produkter och mjölkersättning,8.2,µg
6812,Havregurt smaksatt berikad,Fibrer,Vegetabiliska produkter och mjölkersättning,0.9,g
6812,Havregurt smaksatt berikad,"Fett, totalt",Vegetabiliska produkter och mjölkersättning,1.8,g
6812,Havregurt smaksatt berikad,"Järn, Fe",Vegetabiliska produkter och mjölkersättning,0.0,mg
6812,Havregurt smaksatt berikad,Energi (kJ),Vegetabiliska produkter och mjölkersättning,340.0,kJ
6812,Havregurt smaksatt berikad,Energi (kcal),Vegetabiliska produkter och mjölkersättning,81.0,kcal
6812,Havregurt smaksatt berikad,Disackarider,Vegetabiliska produkter och mjölkersättning,6.8,g
6812,Havregurt smaksatt berikad,"Kalcium, Ca",Vegetabiliska produkter och mjölkersättning,127.0,mg
6812,Havregurt smaksatt berikad,Fettsyra 4:0-10:0,Vegetabiliska produkter och mjölkersättning,0.0,g
6812,Havregurt smaksatt berikad,DHA (C22:6),Vegetabiliska produkter och mjölkersättning,0.0,g
6812,Havregurt smaksatt berikad,DPA (C22:5),Vegetabiliska produkter och mjölkersättning,0.0,g
6812,Havregurt smaksatt berikad,EPA (C20:5),Vegetabiliska produkter och mjölkersättning,0.0,g
6812,Havregurt smaksatt berikad,Arakidonsyra C20:4,Vegetabiliska produkter och mjölkersättning,0.0,g
6812,Havregurt smaksatt berikad,Arakidinsyra C20:0,Vegetabiliska produkter och mjölkersättning,0.0,g
6812,Havregurt smaksatt berikad,Linolensyra C18:3,Vegetabiliska produkter och mjölkersättning,0.1,g
6812,Havregurt smaksatt berikad,Linolsyra C18:2,Vegetabiliska produkter och mjölkersättning,0.4,g
6812,Havregurt smaksatt berikad,Oljesyra C18:1,Vegetabiliska produkter och mjölkersättning,1.0,g
6812,Havregurt smaksatt berikad,Stearinsyra C18:0,Vegetabiliska produkter och mjölkersättning,0.0,g
6812,Havregurt smaksatt berikad,Palmitoljesyra C16:1,Vegetabiliska produkter och mjölkersättning,0.0,g
6812,Havregurt smaksatt berikad,Palmitinsyra C16:0,Vegetabiliska produkter och mjölkersättning,0.1,g
6812,Havregurt smaksatt berikad,Myristinsyra C14:0,Vegetabiliska produkter och mjölkersättning,0.0,g
6812,Havregurt smaksatt berikad,Laurinsyra C12:0,Vegetabiliska produkter och mjölkersättning,0.0,g
6812,Havregurt smaksatt berikad,Betakaroten/β-Karoten,Vegetabiliska produkter och mjölkersättning,0.0,µg
6812,Havregurt smaksatt berikad,Avfall (skal etc.),Vegetabiliska produkter och mjölkersättning,0.0,%
6812,Havregurt smaksatt berikad,Aska,Vegetabiliska produkter och mjölkersättning,0.4,g
6812,Havregurt smaksatt berikad,Alkohol,Vegetabiliska produkter och mjölkersättning,0.0,g
6813,"Havredryck fett 3,0% berikad","Zink, Zn",Vegetabiliska produkter och mjölkersättning,0.1,mg
6813,"Havredryck fett 3,0% berikad",Vitamin E,Vegetabiliska produkter och mjölkersättning,0.6,mg
6813,"Havredryck fett 3,0% berikad",Vitamin D,Vegetabiliska produkter och mjölkersättning,1.1,µg
6813,"Havredryck fett 3,0% berikad",Vitamin C,Vegetabiliska produkter och mjölkersättning,0.0,mg
6813,"Havredryck fett 3,0% berikad",Vitamin B6,Vegetabiliska produkter och mjölkersättning,0.01,mg
6813,"Havredryck fett 3,0% berikad",Vitamin B12,Vegetabiliska produkter och mjölkersättning,0.38,µg
6813,"Havredryck fett 3,0% berikad",Vitamin A,Vegetabiliska produkter och mjölkersättning,0.0,RE/µg
6813,"Havredryck fett 3,0% berikad",Vatten,Vegetabiliska produkter och mjölkersättning,87.8,g
6813,"Havredryck fett 3,0% berikad",Tiamin,Vegetabiliska produkter och mjölkersättning,0.02,mg
6813,"Havredryck fett 3,0% berikad",Tillsatt socker,Vegetabiliska produkter och mjölkersättning,0.0,g
6813,"Havredryck fett 3,0% berikad",Fritt socker,Vegetabiliska produkter och mjölkersättning,0.0,g
6813,"Havredryck fett 3,0% berikad","Selen, Se",Vegetabiliska produkter och mjölkersättning,0.0,µg
6813,"Havredryck fett 3,0% berikad",Sackaros,Vegetabiliska produkter och mjölkersättning,0.1,g
6813,"Havredryck fett 3,0% berikad",Riboflavin,Vegetabiliska produkter och mjölkersättning,0.25,mg
6813,"Havredryck fett 3,0% berikad",Retinol,Vegetabiliska produkter och mjölkersättning,0.0,µg
6813,"Havredryck fett 3,0% berikad",Protein,Vegetabiliska produkter och mjölkersättning,1.0,g
6813,"Havredryck fett 3,0% berikad",Summa fleromättade fettsyror,Vegetabiliska produkter och mjölkersättning,0.8,g
6813,"Havredryck fett 3,0% berikad","Fosfor, P",Vegetabiliska produkter och mjölkersättning,110.0,mg
6813,"Havredryck fett 3,0% berikad",Niacinekvivalenter,Vegetabiliska produkter och mjölkersättning,0.2,NE/mg
6813,"Havredryck fett 3,0% berikad",Niacin,Vegetabiliska produkter och mjölkersättning,0.08,mg
6813,"Havredryck fett 3,0% berikad","Salt, NaCl",Vegetabiliska produkter och mjölkersättning,0.1,g
6813,"Havredryck fett 3,0% berikad","Natrium, Na",Vegetabiliska produkter och mjölkersättning,42.0,mg
6813,"Havredryck fett 3,0% berikad",Monosackarider,Vegetabiliska produkter och mjölkersättning,0.0,g
6813,"Havredryck fett 3,0% berikad","Sockerarter, totalt",Vegetabiliska produkter och mjölkersättning,2.9,g
6813,"Havredryck fett 3,0% berikad",Summa enkelomättade fettsyror,Vegetabiliska produkter och mjölkersättning,1.8,g
6813,"Havredryck fett 3,0% berikad","Magnesium, Mg",Vegetabiliska produkter och mjölkersättning,0.0,mg
6813,"Havredryck fett 3,0% berikad",Summa mättade fettsyror,Vegetabiliska produkter och mjölkersättning,0.2,g
6813,"Havredryck fett 3,0% berikad","Kolhydrater, tillgängliga",Vegetabiliska produkter och mjölkersättning,6.6,g
6813,"Havredryck fett 3,0% berikad",Kolesterol,Vegetabiliska produkter och mjölkersättning,0.0,mg
6813,"Havredryck fett 3,0% berikad","Kalium, K",Vegetabiliska produkter och mjölkersättning,220.0,mg
6813,"Havredryck fett 3,0% berikad","Jod, I",Vegetabiliska produkter och mjölkersättning,22.5,µg
6813,"Havredryck fett 3,0% berikad",Fullkorn totalt,Vegetabiliska produkter och mjölkersättning,0.0,g
6813,"Havredryck fett 3,0% berikad","Folat, totalt",Vegetabiliska produkter och mjölkersättning,0.0,µg
6813,"Havredryck fett 3,0% berikad",Fibrer,Vegetabiliska produkter och mjölkersättning,0.8,g
6813,"Havredryck fett 3,0% berikad","Fett, totalt",Vegetabiliska produkter och mjölkersättning,3.0,g
6813,"Havredryck fett 3,0% berikad","Järn, Fe",Vegetabiliska produkter och mjölkersättning,0.0,mg
6813,"Havredryck fett 3,0% berikad",Energi (kJ),Vegetabiliska produkter och mjölkersättning,248.0,kJ
6813,"Havredryck fett 3,0% berikad",Energi (kcal),Vegetabiliska produkter och mjölkersättning,60.0,kcal
6813,"Havredryck fett 3,0% berikad",Disackarider,Vegetabiliska produkter och mjölkersättning,2.9,g
6813,"Havredryck fett 3,0% berikad","Kalcium, Ca",Vegetabiliska produkter och mjölkersättning,120.0,mg
6813,"Havredryck fett 3,0% berikad",Fettsyra 4:0-10:0,Vegetabiliska produkter och mjölkersättning,0.0,g
6813,"Havredryck fett 3,0% berikad",DHA (C22:6),Vegetabiliska produkter och mjölkersättning,0.0,g
6813,"Havredryck fett 3,0% berikad",DPA (C22:5),Vegetabiliska produkter och mjölkersättning,0.0,g
6813,"Havredryck fett 3,0% berikad",EPA (C20:5),Vegetabiliska produkter och mjölkersättning,0.0,g
6813,"Havredryck fett 3,0% berikad",Arakidonsyra C20:4,Vegetabiliska produkter och mjölkersättning,0.0,g
6813,"Havredryck fett 3,0% berikad",Arakidinsyra C20:0,Vegetabiliska produkter och mjölkersättning,0.0,g
6813,"Havredryck fett 3,0% berikad",Linolensyra C18:3,Vegetabiliska produkter och mjölkersättning,0.2,g
6813,"Havredryck fett 3,0% berikad",Linolsyra C18:2,Vegetabiliska produkter och mjölkersättning,0.7,g
6813,"Havredryck fett 3,0% berikad",Oljesyra C18:1,Vegetabiliska produkter och mjölkersättning,1.7,g
6813,"Havredryck fett 3,0% berikad",Stearinsyra C18:0,Vegetabiliska produkter och mjölkersättning,0.0,g
6813,"Havredryck fett 3,0% berikad",Palmitoljesyra C16:1,Vegetabiliska produkter och mjölkersättning,0.0,g
6813,"Havredryck fett 3,0% berikad",Palmitinsyra C16:0,Vegetabiliska produkter och mjölkersättning,0.2,g
6813,"Havredryck fett 3,0% berikad",Myristinsyra C14:0,Vegetabiliska produkter och mjölkersättning,0.0,g
6813,"Havredryck fett 3,0% berikad",Laurinsyra C12:0,Vegetabiliska produkter och mjölkersättning,0.0,g
6813,"Havredryck fett 3,0% berikad",Betakaroten/β-Karoten,Vegetabiliska produkter och mjölkersättning,0.0,µg
6813,"Havredryck fett 3,0% berikad",Avfall (skal etc.),Vegetabiliska produkter och mjölkersättning,0.0,%
6813,"Havredryck fett 3,0% berikad",Aska,Vegetabiliska produkter och mjölkersättning,0.7,g
6813,"Havredryck fett 3,0% berikad",Alkohol,Vegetabiliska produkter och mjölkersättning,0.0,g
6814,Glass havreglass smaksatt,"Zink, Zn",Glass,0.2,mg
6814,Glass havreglass smaksatt,Vitamin E,Glass,0.0,mg
6814,Glass havreglass smaksatt,Vitamin D inkl 25-OH-D3,Glass,0.0,µg
6814,Glass havreglass smaksatt,Vitamin D,Glass,0.0,µg
6814,Glass havreglass smaksatt,Vitamin C,Glass,0.0,mg
6814,Glass havreglass smaksatt,Vitamin B6,Glass,0.0,mg
6814,Glass havreglass smaksatt,Vitamin B12,Glass,0.0,µg
6814,Glass havreglass smaksatt,Vitamin A,Glass,0.0,RE/µg
6814,Glass havreglass smaksatt,Vatten,Glass,55.2,g
6814,Glass havreglass smaksatt,Tiamin,Glass,0.0,mg
6814,Glass havreglass smaksatt,Tillsatt socker,Glass,23.0,g
6814,Glass havreglass smaksatt,Fritt socker,Glass,23.0,g
6814,Glass havreglass smaksatt,"Selen, Se",Glass,0.0,µg
6814,Glass havreglass smaksatt,Sackaros,Glass,12.6,g
6814,Glass havreglass smaksatt,Riboflavin,Glass,0.0,mg
6814,Glass havreglass smaksatt,Retinol,Glass,0.0,µg
6814,Glass havreglass smaksatt,Protein,Glass,1.0,g
6814,Glass havreglass smaksatt,Summa fleromättade fettsyror,Glass,1.4,g
6814,Glass havreglass smaksatt,"Fosfor, P",Glass,30.0,mg
6814,Glass havreglass smaksatt,Niacinekvivalenter,Glass,0.17,NE/mg
6814,Glass havreglass smaksatt,Niacin,Glass,0.0,mg
6814,Glass havreglass smaksatt,"Salt, NaCl",Glass,0.3,g
6814,Glass havreglass smaksatt,"Natrium, Na",Glass,109.0,mg
6814,Glass havreglass smaksatt,Monosackarider,Glass,6.9,g
6814,Glass havreglass smaksatt,"Sockerarter, totalt",Glass,22.9,g
6814,Glass havreglass smaksatt,Summa enkelomättade fettsyror,Glass,3.6,g
6814,Glass havreglass smaksatt,"Magnesium, Mg",Glass,25.0,mg
6814,Glass havreglass smaksatt,Summa mättade fettsyror,Glass,5.5,g
6814,Glass havreglass smaksatt,"Kolhydrater, tillgängliga",Glass,31.2,g
6814,Glass havreglass smaksatt,Kolesterol,Glass,0.0,mg
6814,Glass havreglass smaksatt,"Kalium, K",Glass,66.0,mg
6814,Glass havreglass smaksatt,"Jod, I",Glass,0.0,µg
6814,Glass havreglass smaksatt,Fullkorn totalt,Glass,0.0,g
6814,Glass havreglass smaksatt,"Folat, totalt",Glass,3.7,µg
6814,Glass havreglass smaksatt,Fibrer,Glass,1.1,g
6814,Glass havreglass smaksatt,"Fett, totalt",Glass,11.0,g
6814,Glass havreglass smaksatt,"Järn, Fe",Glass,1.2,mg
6814,Glass havreglass smaksatt,Energi (kJ),Glass,963.0,kJ
6814,Glass havreglass smaksatt,Energi (kcal),Glass,230.0,kcal
6814,Glass havreglass smaksatt,Disackarider,Glass,16.0,g
6814,Glass havreglass smaksatt,"Kalcium, Ca",Glass,6.0,mg
6814,Glass havreglass smaksatt,Fettsyra 4:0-10:0,Glass,0.5,g
6814,Glass havreglass smaksatt,DHA (C22:6),Glass,0.0,g
6814,Glass havreglass smaksatt,DPA (C22:5),Glass,0.0,g
6814,Glass havreglass smaksatt,EPA (C20:5),Glass,0.0,g
6814,Glass havreglass smaksatt,Arakidonsyra C20:4,Glass,0.0,g
6814,Glass havreglass smaksatt,Arakidinsyra C20:0,Glass,0.0,g
6814,Glass havreglass smaksatt,Linolensyra C18:3,Glass,0.4,g
6814,Glass havreglass smaksatt,Linolsyra C18:2,Glass,1.0,g
6814,Glass havreglass smaksatt,Oljesyra C18:1,Glass,3.5,g
6814,Glass havreglass smaksatt,Stearinsyra C18:0,Glass,1.6,g
6814,Glass havreglass smaksatt,Palmitoljesyra C16:1,Glass,0.0,g
6814,Glass havreglass smaksatt,Palmitinsyra C16:0,Glass,0.8,g
6814,Glass havreglass smaksatt,Myristinsyra C14:0,Glass,0.7,g
6814,Glass havreglass smaksatt,Laurinsyra C12:0,Glass,1.8,g
6814,Glass havreglass smaksatt,Betakaroten/β-Karoten,Glass,0.0,µg
6814,Glass havreglass smaksatt,Avfall (skal etc.),Glass,0.0,%
6814,Glass havreglass smaksatt,Aska,Glass,0.6,g
6814,Glass havreglass smaksatt,Alkohol,Glass,0.0,g
6815,Havrebaserat bredbart pålägg smaksatt,"Zink, Zn",Vegetabiliska produkter och mjölkersättning,0.2,mg
6815,Havrebaserat bredbart pålägg smaksatt,Vitamin E,Vegetabiliska produkter och mjölkersättning,0.0,mg
6815,Havrebaserat bredbart pålägg smaksatt,Vitamin D inkl 25-OH-D3,Vegetabiliska produkter och mjölkersättning,0.0,µg
6815,Havrebaserat bredbart pålägg smaksatt,Vitamin D,Vegetabiliska produkter och mjölkersättning,0.0,µg
6815,Havrebaserat bredbart pålägg smaksatt,Vitamin C,Vegetabiliska produkter och mjölkersättning,0.0,mg
6815,Havrebaserat bredbart pålägg smaksatt,Vitamin B6,Vegetabiliska produkter och mjölkersättning,0.0,mg
6815,Havrebaserat bredbart pålägg smaksatt,Vitamin B12,Vegetabiliska produkter och mjölkersättning,0.0,µg
6815,Havrebaserat bredbart pålägg smaksatt,Vitamin A,Vegetabiliska produkter och mjölkersättning,0.0,RE/µg
6815,Havrebaserat bredbart pålägg smaksatt,Vatten,Vegetabiliska produkter och mjölkersättning,66.4,g
6815,Havrebaserat bredbart pålägg smaksatt,Tiamin,Vegetabiliska produkter och mjölkersättning,0.0,mg
6815,Havrebaserat bredbart pålägg smaksatt,Tillsatt socker,Vegetabiliska produkter och mjölkersättning,0.0,g
6815,Havrebaserat bredbart pålägg smaksatt,Fritt socker,Vegetabiliska produkter och mjölkersättning,0.0,g
6815,Havrebaserat bredbart pålägg smaksatt,"Selen, Se",Vegetabiliska produkter och mjölkersättning,0.0,µg
6815,Havrebaserat bredbart pålägg smaksatt,Sackaros,Vegetabiliska produkter och mjölkersättning,0.3,g
6815,Havrebaserat bredbart pålägg smaksatt,Riboflavin,Vegetabiliska produkter och mjölkersättning,0.0,mg
6815,Havrebaserat bredbart pålägg smaksatt,Retinol,Vegetabiliska produkter och mjölkersättning,0.0,µg
6815,Havrebaserat bredbart pålägg smaksatt,Protein,Vegetabiliska produkter och mjölkersättning,2.8,g
6815,Havrebaserat bredbart pålägg smaksatt,Summa fleromättade fettsyror,Vegetabiliska produkter och mjölkersättning,3.0,g
6815,Havrebaserat bredbart pålägg smaksatt,"Fosfor, P",Vegetabiliska produkter och mjölkersättning,36.0,mg
6815,Havrebaserat bredbart pålägg smaksatt,Niacinekvivalenter,Vegetabiliska produkter och mjölkersättning,0.45,NE/mg
6815,Havrebaserat bredbart pålägg smaksatt,Niacin,Vegetabiliska produkter och mjölkersättning,0.0,mg
6815,Havrebaserat bredbart pålägg smaksatt,"Salt, NaCl",Vegetabiliska produkter och mjölkersättning,1.2,g
6815,Havrebaserat bredbart pålägg smaksatt,"Natrium, Na",Vegetabiliska produkter och mjölkersättning,505.0,mg
6815,Havrebaserat bredbart pålägg smaksatt,Monosackarider,Vegetabiliska produkter och mjölkersättning,0.3,g
6815,Havrebaserat bredbart pålägg smaksatt,"Sockerarter, totalt",Vegetabiliska produkter och mjölkersättning,2.9,g
6815,Havrebaserat bredbart pålägg smaksatt,Summa enkelomättade fettsyror,Vegetabiliska produkter och mjölkersättning,7.0,g
6815,Havrebaserat bredbart pålägg smaksatt,"Magnesium, Mg",Vegetabiliska produkter och mjölkersättning,3.0,mg
6815,Havrebaserat bredbart pålägg smaksatt,Summa mättade fettsyror,Vegetabiliska produkter och mjölkersättning,6.5,g
6815,Havrebaserat bredbart pålägg smaksatt,"Kolhydrater, tillgängliga",Vegetabiliska produkter och mjölkersättning,11.0,g
6815,Havrebaserat bredbart pålägg smaksatt,Kolesterol,Vegetabiliska produkter och mjölkersättning,0.0,mg
6815,Havrebaserat bredbart pålägg smaksatt,"Kalium, K",Vegetabiliska produkter och mjölkersättning,57.0,mg
6815,Havrebaserat bredbart pålägg smaksatt,"Jod, I",Vegetabiliska produkter och mjölkersättning,0.0,µg
6815,Havrebaserat bredbart pålägg smaksatt,Fullkorn totalt,Vegetabiliska produkter och mjölkersättning,0.0,g
6815,Havrebaserat bredbart pålägg smaksatt,"Folat, totalt",Vegetabiliska produkter och mjölkersättning,3.1,µg
6815,Havrebaserat bredbart pålägg smaksatt,Fibrer,Vegetabiliska produkter och mjölkersättning,0.9,g
6815,Havrebaserat bredbart pålägg smaksatt,"Fett, totalt",Vegetabiliska produkter och mjölkersättning,17.4,g
6815,Havrebaserat bredbart pålägg smaksatt,"Järn, Fe",Vegetabiliska produkter och mjölkersättning,0.0,mg
6815,Havrebaserat bredbart pålägg smaksatt,Energi (kJ),Vegetabiliska produkter och mjölkersättning,882.0,kJ
6815,Havrebaserat bredbart pålägg smaksatt,Energi (kcal),Vegetabiliska produkter och mjölkersättning,211.0,kcal
6815,Havrebaserat bredbart pålägg smaksatt,Disackarider,Vegetabiliska produkter och mjölkersättning,2.6,g
6815,Havrebaserat bredbart pålägg smaksatt,"Kalcium, Ca",Vegetabiliska produkter och mjölkersättning,105.0,mg
6815,Havrebaserat bredbart pålägg smaksatt,Fettsyra 4:0-10:0,Vegetabiliska produkter och mjölkersättning,0.4,g
6815,Havrebaserat bredbart pålägg smaksatt,DHA (C22:6),Vegetabiliska produkter och mjölkersättning,0.0,g
6815,Havrebaserat bredbart pålägg smaksatt,DPA (C22:5),Vegetabiliska produkter och mjölkersättning,0.0,g
6815,Havrebaserat bredbart pålägg smaksatt,EPA (C20:5),Vegetabiliska produkter och mjölkersättning,0.0,g
6815,Havrebaserat bredbart pålägg smaksatt,Arakidonsyra C20:4,Vegetabiliska produkter och mjölkersättning,0.0,g
6815,Havrebaserat bredbart pålägg smaksatt,Arakidinsyra C20:0,Vegetabiliska produkter och mjölkersättning,0.1,g
6815,Havrebaserat bredbart pålägg smaksatt,Linolensyra C18:3,Vegetabiliska produkter och mjölkersättning,0.9,g
6815,Havrebaserat bredbart pålägg smaksatt,Linolsyra C18:2,Vegetabiliska produkter och mjölkersättning,2.1,g
6815,Havrebaserat bredbart pålägg smaksatt,Oljesyra C18:1,Vegetabiliska produkter och mjölkersättning,6.8,g
6815,Havrebaserat bredbart pålägg smaksatt,Stearinsyra C18:0,Vegetabiliska produkter och mjölkersättning,2.6,g
6815,Havrebaserat bredbart pålägg smaksatt,Palmitoljesyra C16:1,Vegetabiliska produkter och mjölkersättning,0.0,g
6815,Havrebaserat bredbart pålägg smaksatt,Palmitinsyra C16:0,Vegetabiliska produkter och mjölkersättning,1.0,g
6815,Havrebaserat bredbart pålägg smaksatt,Myristinsyra C14:0,Vegetabiliska produkter och mjölkersättning,0.7,g
6815,Havrebaserat bredbart pålägg smaksatt,Laurinsyra C12:0,Vegetabiliska produkter och mjölkersättning,1.6,g
6815,Havrebaserat bredbart pålägg smaksatt,Betakaroten/β-Karoten,Vegetabiliska produkter och mjölkersättning,0.0,µg
6815,Havrebaserat bredbart pålägg smaksatt,Avfall (skal etc.),Vegetabiliska produkter och mjölkersättning,0.0,%
6815,Havrebaserat bredbart pålägg smaksatt,Aska,Vegetabiliska produkter och mjölkersättning,1.6,g
6815,Havrebaserat bredbart pålägg smaksatt,Alkohol,Vegetabiliska produkter och mjölkersättning,0.0,g
6819,Kex bokstavskex fullkorn berikad,"Zink, Zn",Bullar kakor tårtor mm,1.3,mg
6819,Kex bokstavskex fullkorn berikad,Vitamin E,Bullar kakor tårtor mm,5.1,mg
6819,Kex bokstavskex fullkorn berikad,Vitamin D inkl 25-OH-D3,Bullar kakor tårtor mm,0.0,µg
6819,Kex bokstavskex fullkorn berikad,Vitamin D,Bullar kakor tårtor mm,0.0,µg
6819,Kex bokstavskex fullkorn berikad,Vitamin C,Bullar kakor tårtor mm,0.8,mg
6819,Kex bokstavskex fullkorn berikad,Vitamin B6,Bullar kakor tårtor mm,0.1,mg
6819,Kex bokstavskex fullkorn berikad,Vitamin B12,Bullar kakor tårtor mm,0.0,µg
6819,Kex bokstavskex fullkorn berikad,Vitamin A,Bullar kakor tårtor mm,0.0,RE/µg
6819,Kex bokstavskex fullkorn berikad,Vatten,Bullar kakor tårtor mm,3.3,g
6819,Kex bokstavskex fullkorn berikad,Tiamin,Bullar kakor tårtor mm,1.0,mg
6819,Kex bokstavskex fullkorn berikad,Tillsatt socker,Bullar kakor tårtor mm,20.0,g
6819,Kex bokstavskex fullkorn berikad,Fritt socker,Bullar kakor tårtor mm,20.0,g
6819,Kex bokstavskex fullkorn berikad,"Selen, Se",Bullar kakor tårtor mm,2.0,µg
6819,Kex bokstavskex fullkorn berikad,Sackaros,Bullar kakor tårtor mm,18.7,g
6819,Kex bokstavskex fullkorn berikad,Riboflavin,Bullar kakor tårtor mm,0.06,mg
6819,Kex bokstavskex fullkorn berikad,Retinol,Bullar kakor tårtor mm,0.0,µg
6819,Kex bokstavskex fullkorn berikad,Protein,Bullar kakor tårtor mm,7.5,g
6819,Kex bokstavskex fullkorn berikad,Summa fleromättade fettsyror,Bullar kakor tårtor mm,1.4,g
6819,Kex bokstavskex fullkorn berikad,"Fosfor, P",Bullar kakor tårtor mm,170.0,mg
6819,Kex bokstavskex fullkorn berikad,Niacinekvivalenter,Bullar kakor tårtor mm,3.3,NE/mg
6819,Kex bokstavskex fullkorn berikad,Niacin,Bullar kakor tårtor mm,2.01,mg
6819,Kex bokstavskex fullkorn berikad,"Salt, NaCl",Bullar kakor tårtor mm,0.8,g
6819,Kex bokstavskex fullkorn berikad,"Natrium, Na",Bullar kakor tårtor mm,310.0,mg
6819,Kex bokstavskex fullkorn berikad,Monosackarider,Bullar kakor tårtor mm,1.0,g
6819,Kex bokstavskex fullkorn berikad,"Sockerarter, totalt",Bullar kakor tårtor mm,20.1,g
6819,Kex bokstavskex fullkorn berikad,Summa enkelomättade fettsyror,Bullar kakor tårtor mm,8.3,g
6819,Kex bokstavskex fullkorn berikad,"Magnesium, Mg",Bullar kakor tårtor mm,61.0,mg
6819,Kex bokstavskex fullkorn berikad,Summa mättade fettsyror,Bullar kakor tårtor mm,1.0,g
6819,Kex bokstavskex fullkorn berikad,"Kolhydrater, tillgängliga",Bullar kakor tårtor mm,62.3,g
6819,Kex bokstavskex fullkorn berikad,Kolesterol,Bullar kakor tårtor mm,0.0,mg
6819,Kex bokstavskex fullkorn berikad,"Kalium, K",Bullar kakor tårtor mm,240.0,mg
6819,Kex bokstavskex fullkorn berikad,"Jod, I",Bullar kakor tårtor mm,2.0,µg
6819,Kex bokstavskex fullkorn berikad,Fullkorn totalt,Bullar kakor tårtor mm,58.0,g
6819,Kex bokstavskex fullkorn berikad,"Folat, totalt",Bullar kakor tårtor mm,27.3,µg
6819,Kex bokstavskex fullkorn berikad,Fibrer,Bullar kakor tårtor mm,14.2,g
6819,Kex bokstavskex fullkorn berikad,"Fett, totalt",Bullar kakor tårtor mm,11.2,g
6819,Kex bokstavskex fullkorn berikad,"Järn, Fe",Bullar kakor tårtor mm,2.0,mg
6819,Kex bokstavskex fullkorn berikad,Energi (kJ),Bullar kakor tårtor mm,1715.0,kJ
6819,Kex bokstavskex fullkorn berikad,Energi (kcal),Bullar kakor tårtor mm,410.0,kcal
6819,Kex bokstavskex fullkorn berikad,Disackarider,Bullar kakor tårtor mm,19.1,g
6819,Kex bokstavskex fullkorn berikad,"Kalcium, Ca",Bullar kakor tårtor mm,23.0,mg
6819,Kex bokstavskex fullkorn berikad,Fettsyra 4:0-10:0,Bullar kakor tårtor mm,0.0,g
6819,Kex bokstavskex fullkorn berikad,DHA (C22:6),Bullar kakor tårtor mm,0.0,g
6819,Kex bokstavskex fullkorn berikad,DPA (C22:5),Bullar kakor tårtor mm,0.0,g
6819,Kex bokstavskex fullkorn berikad,EPA (C20:5),Bullar kakor tårtor mm,0.0,g
6819,Kex bokstavskex fullkorn berikad,Arakidonsyra C20:4,Bullar kakor tårtor mm,0.0,g
6819,Kex bokstavskex fullkorn berikad,Arakidinsyra C20:0,Bullar kakor tårtor mm,0.0,g
6819,Kex bokstavskex fullkorn berikad,Linolensyra C18:3,Bullar kakor tårtor mm,0.0,g
6819,Kex bokstavskex fullkorn berikad,Linolsyra C18:2,Bullar kakor tårtor mm,1.4,g
6819,Kex bokstavskex fullkorn berikad,Oljesyra C18:1,Bullar kakor tårtor mm,8.2,g
6819,Kex bokstavskex fullkorn berikad,Stearinsyra C18:0,Bullar kakor tårtor mm,0.3,g
6819,Kex bokstavskex fullkorn berikad,Palmitoljesyra C16:1,Bullar kakor tårtor mm,0.0,g
6819,Kex bokstavskex fullkorn berikad,Palmitinsyra C16:0,Bullar kakor tårtor mm,0.6,g
6819,Kex bokstavskex fullkorn berikad,Myristinsyra C14:0,Bullar kakor tårtor mm,0.0,g
6819,Kex bokstavskex fullkorn berikad,Laurinsyra C12:0,Bullar kakor tårtor mm,0.0,g
6819,Kex bokstavskex fullkorn berikad,Betakaroten/β-Karoten,Bullar kakor tårtor mm,0.0,µg
6819,Kex bokstavskex fullkorn berikad,Avfall (skal etc.),Bullar kakor tårtor mm,0.0,%
6819,Kex bokstavskex fullkorn berikad,Aska,Bullar kakor tårtor mm,1.5,g
6819,Kex bokstavskex fullkorn berikad,Alkohol,Bullar kakor tårtor mm,0.0,g
6829,Vitlökssås fetthalt ≥ 40%,"Zink, Zn",Sås dressing majonnäs ,0.4,mg
6829,Vitlökssås fetthalt ≥ 40%,Vitamin E,Sås dressing majonnäs ,14.3,mg
6829,Vitlökssås fetthalt ≥ 40%,Vitamin D,Sås dressing majonnäs ,0.29,µg
6829,Vitlökssås fetthalt ≥ 40%,Vitamin C,Sås dressing majonnäs ,0.0,mg
6829,Vitlökssås fetthalt ≥ 40%,Vitamin B6,Sås dressing majonnäs ,0.04,mg
6829,Vitlökssås fetthalt ≥ 40%,Vitamin B12,Sås dressing majonnäs ,0.29,µg
6829,Vitlökssås fetthalt ≥ 40%,Vitamin A,Sås dressing majonnäs ,17.4,RE/µg
6829,Vitlökssås fetthalt ≥ 40%,Vatten,Sås dressing majonnäs ,37.0,g
6829,Vitlökssås fetthalt ≥ 40%,Tiamin,Sås dressing majonnäs ,0.03,mg
6829,Vitlökssås fetthalt ≥ 40%,Tillsatt socker,Sås dressing majonnäs ,1.0,g
6829,Vitlökssås fetthalt ≥ 40%,Fritt socker,Sås dressing majonnäs ,1.0,g
6829,Vitlökssås fetthalt ≥ 40%,"Selen, Se",Sås dressing majonnäs ,0.3,µg
6829,Vitlökssås fetthalt ≥ 40%,Sackaros,Sås dressing majonnäs ,1.1,g
6829,Vitlökssås fetthalt ≥ 40%,Riboflavin,Sås dressing majonnäs ,0.07,mg
6829,Vitlökssås fetthalt ≥ 40%,Retinol,Sås dressing majonnäs ,16.0,µg
6829,Vitlökssås fetthalt ≥ 40%,Protein,Sås dressing majonnäs ,1.8,g
6829,Vitlökssås fetthalt ≥ 40%,Summa fleromättade fettsyror,Sås dressing majonnäs ,15.0,g
6829,Vitlökssås fetthalt ≥ 40%,"Fosfor, P",Sås dressing majonnäs ,46.0,mg
6829,Vitlökssås fetthalt ≥ 40%,Niacinekvivalenter,Sås dressing majonnäs ,0.43,NE/mg
6829,Vitlökssås fetthalt ≥ 40%,Niacin,Sås dressing majonnäs ,0.04,mg
6829,Vitlökssås fetthalt ≥ 40%,"Salt, NaCl",Sås dressing majonnäs ,1.1,g
6829,Vitlökssås fetthalt ≥ 40%,"Natrium, Na",Sås dressing majonnäs ,440.0,mg
6829,Vitlökssås fetthalt ≥ 40%,Monosackarider,Sås dressing majonnäs ,0.0,g
6829,Vitlökssås fetthalt ≥ 40%,"Sockerarter, totalt",Sås dressing majonnäs ,2.1,g
6829,Vitlökssås fetthalt ≥ 40%,Summa enkelomättade fettsyror,Sås dressing majonnäs ,32.5,g
6829,Vitlökssås fetthalt ≥ 40%,"Magnesium, Mg",Sås dressing majonnäs ,5.0,mg
6829,Vitlökssås fetthalt ≥ 40%,Summa mättade fettsyror,Sås dressing majonnäs ,4.0,g
6829,Vitlökssås fetthalt ≥ 40%,"Kolhydrater, tillgängliga",Sås dressing majonnäs ,5.7,g
6829,Vitlökssås fetthalt ≥ 40%,Kolesterol,Sås dressing majonnäs ,31.4,mg
6829,Vitlökssås fetthalt ≥ 40%,"Kalium, K",Sås dressing majonnäs ,70.0,mg
6829,Vitlökssås fetthalt ≥ 40%,Fullkorn totalt,Sås dressing majonnäs ,0.0,g
6829,Vitlökssås fetthalt ≥ 40%,"Folat, totalt",Sås dressing majonnäs ,4.6,µg
6829,Vitlökssås fetthalt ≥ 40%,Fibrer,Sås dressing majonnäs ,0.1,g
6829,Vitlökssås fetthalt ≥ 40%,"Fett, totalt",Sås dressing majonnäs ,54.1,g
6829,Vitlökssås fetthalt ≥ 40%,"Järn, Fe",Sås dressing majonnäs ,0.4,mg
6829,Vitlökssås fetthalt ≥ 40%,Energi (kJ),Sås dressing majonnäs ,2129.0,kJ
6829,Vitlökssås fetthalt ≥ 40%,Energi (kcal),Sås dressing majonnäs ,509.0,kcal
6829,Vitlökssås fetthalt ≥ 40%,Disackarider,Sås dressing majonnäs ,2.1,g
6829,Vitlökssås fetthalt ≥ 40%,"Kalcium, Ca",Sås dressing majonnäs ,34.0,mg
6829,Vitlökssås fetthalt ≥ 40%,Fettsyra 4:0-10:0,Sås dressing majonnäs ,0.0,g
6829,Vitlökssås fetthalt ≥ 40%,DHA (C22:6),Sås dressing majonnäs ,0.0,g
6829,Vitlökssås fetthalt ≥ 40%,DPA (C22:5),Sås dressing majonnäs ,0.0,g
6829,Vitlökssås fetthalt ≥ 40%,EPA (C20:5),Sås dressing majonnäs ,0.0,g
6829,Vitlökssås fetthalt ≥ 40%,Arakidonsyra C20:4,Sås dressing majonnäs ,0.0,g
6829,Vitlökssås fetthalt ≥ 40%,Arakidinsyra C20:0,Sås dressing majonnäs ,0.3,g
6829,Vitlökssås fetthalt ≥ 40%,Linolensyra C18:3,Sås dressing majonnäs ,4.8,g
6829,Vitlökssås fetthalt ≥ 40%,Linolsyra C18:2,Sås dressing majonnäs ,10.2,g
6829,Vitlökssås fetthalt ≥ 40%,Oljesyra C18:1,Sås dressing majonnäs ,31.5,g
6829,Vitlökssås fetthalt ≥ 40%,Stearinsyra C18:0,Sås dressing majonnäs ,0.8,g
6829,Vitlökssås fetthalt ≥ 40%,Palmitoljesyra C16:1,Sås dressing majonnäs ,0.2,g
6829,Vitlökssås fetthalt ≥ 40%,Palmitinsyra C16:0,Sås dressing majonnäs ,2.6,g
6829,Vitlökssås fetthalt ≥ 40%,Myristinsyra C14:0,Sås dressing majonnäs ,0.0,g
6829,Vitlökssås fetthalt ≥ 40%,Laurinsyra C12:0,Sås dressing majonnäs ,0.0,g
6829,Vitlökssås fetthalt ≥ 40%,Betakaroten/β-Karoten,Sås dressing majonnäs ,16.0,µg
6829,Vitlökssås fetthalt ≥ 40%,Avfall (skal etc.),Sås dressing majonnäs ,0.0,%
6829,Vitlökssås fetthalt ≥ 40%,Aska,Sås dressing majonnäs ,1.2,g
6829,Vitlökssås fetthalt ≥ 40%,Alkohol,Sås dressing majonnäs ,0.0,g
6833,Sött vetebröd saffransbröd,"Zink, Zn",Bullar kakor tårtor mm,0.7,mg
6833,Sött vetebröd saffransbröd,Vitamin E,Bullar kakor tårtor mm,1.5,mg
6833,Sött vetebröd saffransbröd,Vitamin D,Bullar kakor tårtor mm,0.0,µg
6833,Sött vetebröd saffransbröd,Vitamin C,Bullar kakor tårtor mm,0.6,mg
6833,Sött vetebröd saffransbröd,Vitamin B6,Bullar kakor tårtor mm,0.06,mg
6833,Sött vetebröd saffransbröd,Vitamin B12,Bullar kakor tårtor mm,0.0,µg
6833,Sött vetebröd saffransbröd,Vitamin A,Bullar kakor tårtor mm,11.6,RE/µg
6833,Sött vetebröd saffransbröd,Vatten,Bullar kakor tårtor mm,28.5,g
6833,Sött vetebröd saffransbröd,Tiamin,Bullar kakor tårtor mm,0.16,mg
6833,Sött vetebröd saffransbröd,Tillsatt socker,Bullar kakor tårtor mm,13.0,g
6833,Sött vetebröd saffransbröd,Fritt socker,Bullar kakor tårtor mm,13.0,g
6833,Sött vetebröd saffransbröd,"Selen, Se",Bullar kakor tårtor mm,2.3,µg
6833,Sött vetebröd saffransbröd,Sackaros,Bullar kakor tårtor mm,0.0,g
6833,Sött vetebröd saffransbröd,Riboflavin,Bullar kakor tårtor mm,0.07,mg
6833,Sött vetebröd saffransbröd,Retinol,Bullar kakor tårtor mm,11.0,µg
6833,Sött vetebröd saffransbröd,Protein,Bullar kakor tårtor mm,7.5,g
6833,Sött vetebröd saffransbröd,Summa fleromättade fettsyror,Bullar kakor tårtor mm,1.4,g
6833,Sött vetebröd saffransbröd,"Fosfor, P",Bullar kakor tårtor mm,87.0,mg
6833,Sött vetebröd saffransbröd,Niacinekvivalenter,Bullar kakor tårtor mm,2.16,NE/mg
6833,Sött vetebröd saffransbröd,Niacin,Bullar kakor tårtor mm,0.89,mg
6833,Sött vetebröd saffransbröd,"Salt, NaCl",Bullar kakor tårtor mm,0.5,g
6833,Sött vetebröd saffransbröd,"Natrium, Na",Bullar kakor tårtor mm,186.0,mg
6833,Sött vetebröd saffransbröd,Monosackarider,Bullar kakor tårtor mm,12.3,g
6833,Sött vetebröd saffransbröd,"Sockerarter, totalt",Bullar kakor tårtor mm,14.0,g
6833,Sött vetebröd saffransbröd,Summa enkelomättade fettsyror,Bullar kakor tårtor mm,2.7,g
6833,Sött vetebröd saffransbröd,"Magnesium, Mg",Bullar kakor tårtor mm,22.0,mg
6833,Sött vetebröd saffransbröd,Summa mättade fettsyror,Bullar kakor tårtor mm,2.0,g
6833,Sött vetebröd saffransbröd,"Kolhydrater, tillgängliga",Bullar kakor tårtor mm,51.5,g
6833,Sött vetebröd saffransbröd,Kolesterol,Bullar kakor tårtor mm,5.4,mg
6833,Sött vetebröd saffransbröd,"Kalium, K",Bullar kakor tårtor mm,149.0,mg
6833,Sött vetebröd saffransbröd,"Jod, I",Bullar kakor tårtor mm,5.8,µg
6833,Sött vetebröd saffransbröd,Fullkorn totalt,Bullar kakor tårtor mm,0.0,g
6833,Sött vetebröd saffransbröd,"Folat, totalt",Bullar kakor tårtor mm,38.6,µg
6833,Sött vetebröd saffransbröd,Fibrer,Bullar kakor tårtor mm,3.5,g
6833,Sött vetebröd saffransbröd,"Fett, totalt",Bullar kakor tårtor mm,8.0,g
6833,Sött vetebröd saffransbröd,"Järn, Fe",Bullar kakor tårtor mm,0.8,mg
6833,Sött vetebröd saffransbröd,Energi (kJ),Bullar kakor tårtor mm,1328.0,kJ
6833,Sött vetebröd saffransbröd,Energi (kcal),Bullar kakor tårtor mm,317.0,kcal
6833,Sött vetebröd saffransbröd,Disackarider,Bullar kakor tårtor mm,1.6,g
6833,Sött vetebröd saffransbröd,"Kalcium, Ca",Bullar kakor tårtor mm,39.0,mg
6833,Sött vetebröd saffransbröd,Fettsyra 4:0-10:0,Bullar kakor tårtor mm,0.0,g
6833,Sött vetebröd saffransbröd,DHA (C22:6),Bullar kakor tårtor mm,0.0,g
6833,Sött vetebröd saffransbröd,DPA (C22:5),Bullar kakor tårtor mm,0.0,g
6833,Sött vetebröd saffransbröd,EPA (C20:5),Bullar kakor tårtor mm,0.0,g
6833,Sött vetebröd saffransbröd,Arakidonsyra C20:4,Bullar kakor tårtor mm,0.0,g
6833,Sött vetebröd saffransbröd,Arakidinsyra C20:0,Bullar kakor tårtor mm,0.0,g
6833,Sött vetebröd saffransbröd,Linolensyra C18:3,Bullar kakor tårtor mm,0.3,g
6833,Sött vetebröd saffransbröd,Linolsyra C18:2,Bullar kakor tårtor mm,1.1,g
6833,Sött vetebröd saffransbröd,Oljesyra C18:1,Bullar kakor tårtor mm,2.7,g
6833,Sött vetebröd saffransbröd,Stearinsyra C18:0,Bullar kakor tårtor mm,0.4,g
6833,Sött vetebröd saffransbröd,Palmitoljesyra C16:1,Bullar kakor tårtor mm,0.0,g
6833,Sött vetebröd saffransbröd,Palmitinsyra C16:0,Bullar kakor tårtor mm,1.4,g
6833,Sött vetebröd saffransbröd,Myristinsyra C14:0,Bullar kakor tårtor mm,0.1,g
6833,Sött vetebröd saffransbröd,Laurinsyra C12:0,Bullar kakor tårtor mm,0.1,g
6833,Sött vetebröd saffransbröd,Betakaroten/β-Karoten,Bullar kakor tårtor mm,8.0,µg
6833,Sött vetebröd saffransbröd,Avfall (skal etc.),Bullar kakor tårtor mm,0.0,%
6833,Sött vetebröd saffransbröd,Aska,Bullar kakor tårtor mm,1.0,g
6833,Sött vetebröd saffransbröd,Alkohol,Bullar kakor tårtor mm,0.0,g
6843,Pommes frites klyftpotatis frysvara,"Zink, Zn",Potatisprodukter potatisrätter,0.3,mg
6843,Pommes frites klyftpotatis frysvara,Vitamin E,Potatisprodukter potatisrätter,1.2,mg
6843,Pommes frites klyftpotatis frysvara,Vitamin D inkl 25-OH-D3,Potatisprodukter potatisrätter,0.0,µg
6843,Pommes frites klyftpotatis frysvara,Vitamin D,Potatisprodukter potatisrätter,0.0,µg
6843,Pommes frites klyftpotatis frysvara,Vitamin C,Potatisprodukter potatisrätter,2.8,mg
6843,Pommes frites klyftpotatis frysvara,Vitamin B6,Potatisprodukter potatisrätter,0.25,mg
6843,Pommes frites klyftpotatis frysvara,Vitamin B12,Potatisprodukter potatisrätter,0.0,µg
6843,Pommes frites klyftpotatis frysvara,Vitamin A,Potatisprodukter potatisrätter,0.0,RE/µg
6843,Pommes frites klyftpotatis frysvara,Vatten,Potatisprodukter potatisrätter,64.9,g
6843,Pommes frites klyftpotatis frysvara,Tiamin,Potatisprodukter potatisrätter,0.09,mg
6843,Pommes frites klyftpotatis frysvara,Tillsatt socker,Potatisprodukter potatisrätter,0.0,g
6843,Pommes frites klyftpotatis frysvara,Fritt socker,Potatisprodukter potatisrätter,0.0,g
6843,Pommes frites klyftpotatis frysvara,"Selen, Se",Potatisprodukter potatisrätter,0.3,µg
6843,Pommes frites klyftpotatis frysvara,Sackaros,Potatisprodukter potatisrätter,0.2,g
6843,Pommes frites klyftpotatis frysvara,Riboflavin,Potatisprodukter potatisrätter,0.0,mg
6843,Pommes frites klyftpotatis frysvara,Retinol,Potatisprodukter potatisrätter,0.0,µg
6843,Pommes frites klyftpotatis frysvara,Protein,Potatisprodukter potatisrätter,2.4,g
6843,Pommes frites klyftpotatis frysvara,Summa fleromättade fettsyror,Potatisprodukter potatisrätter,0.9,g
6843,Pommes frites klyftpotatis frysvara,"Fosfor, P",Potatisprodukter potatisrätter,69.0,mg
6843,Pommes frites klyftpotatis frysvara,Niacinekvivalenter,Potatisprodukter potatisrätter,1.3,NE/mg
6843,Pommes frites klyftpotatis frysvara,Niacin,Potatisprodukter potatisrätter,0.93,mg
6843,Pommes frites klyftpotatis frysvara,"Salt, NaCl",Potatisprodukter potatisrätter,0.1,g
6843,Pommes frites klyftpotatis frysvara,"Natrium, Na",Potatisprodukter potatisrätter,26.0,mg
6843,Pommes frites klyftpotatis frysvara,Monosackarider,Potatisprodukter potatisrätter,0.2,g
6843,Pommes frites klyftpotatis frysvara,"Sockerarter, totalt",Potatisprodukter potatisrätter,0.4,g
6843,Pommes frites klyftpotatis frysvara,Summa enkelomättade fettsyror,Potatisprodukter potatisrätter,4.1,g
6843,Pommes frites klyftpotatis frysvara,"Magnesium, Mg",Potatisprodukter potatisrätter,19.0,mg
6843,Pommes frites klyftpotatis frysvara,Summa mättade fettsyror,Potatisprodukter potatisrätter,0.4,g
6843,Pommes frites klyftpotatis frysvara,"Kolhydrater, tillgängliga",Potatisprodukter potatisrätter,22.3,g
6843,Pommes frites klyftpotatis frysvara,Kolesterol,Potatisprodukter potatisrätter,0.0,mg
6843,Pommes frites klyftpotatis frysvara,"Kalium, K",Potatisprodukter potatisrätter,380.0,mg
6843,Pommes frites klyftpotatis frysvara,"Jod, I",Potatisprodukter potatisrätter,0.0,µg
6843,Pommes frites klyftpotatis frysvara,Fullkorn totalt,Potatisprodukter potatisrätter,0.0,g
6843,Pommes frites klyftpotatis frysvara,"Folat, totalt",Potatisprodukter potatisrätter,21.9,µg
6843,Pommes frites klyftpotatis frysvara,Fibrer,Potatisprodukter potatisrätter,3.9,g
6843,Pommes frites klyftpotatis frysvara,"Fett, totalt",Potatisprodukter potatisrätter,5.6,g
6843,Pommes frites klyftpotatis frysvara,"Järn, Fe",Potatisprodukter potatisrätter,0.5,mg
6843,Pommes frites klyftpotatis frysvara,Energi (kJ),Potatisprodukter potatisrätter,659.0,kJ
6843,Pommes frites klyftpotatis frysvara,Energi (kcal),Potatisprodukter potatisrätter,158.0,kcal
6843,Pommes frites klyftpotatis frysvara,Disackarider,Potatisprodukter potatisrätter,0.2,g
6843,Pommes frites klyftpotatis frysvara,"Kalcium, Ca",Potatisprodukter potatisrätter,10.0,mg
6843,Pommes frites klyftpotatis frysvara,Fettsyra 4:0-10:0,Potatisprodukter potatisrätter,0.0,g
6843,Pommes frites klyftpotatis frysvara,DHA (C22:6),Potatisprodukter potatisrätter,0.0,g
6843,Pommes frites klyftpotatis frysvara,DPA (C22:5),Potatisprodukter potatisrätter,0.0,g
6843,Pommes frites klyftpotatis frysvara,EPA (C20:5),Potatisprodukter potatisrätter,0.0,g
6843,Pommes frites klyftpotatis frysvara,Arakidonsyra C20:4,Potatisprodukter potatisrätter,0.0,g
6843,Pommes frites klyftpotatis frysvara,Arakidinsyra C20:0,Potatisprodukter potatisrätter,0.0,g
6843,Pommes frites klyftpotatis frysvara,Linolensyra C18:3,Potatisprodukter potatisrätter,0.2,g
6843,Pommes frites klyftpotatis frysvara,Linolsyra C18:2,Potatisprodukter potatisrätter,0.7,g
6843,Pommes frites klyftpotatis frysvara,Oljesyra C18:1,Potatisprodukter potatisrätter,4.0,g
6843,Pommes frites klyftpotatis frysvara,Stearinsyra C18:0,Potatisprodukter potatisrätter,0.1,g
6843,Pommes frites klyftpotatis frysvara,Palmitoljesyra C16:1,Potatisprodukter potatisrätter,0.0,g
6843,Pommes frites klyftpotatis frysvara,Palmitinsyra C16:0,Potatisprodukter potatisrätter,0.2,g
6843,Pommes frites klyftpotatis frysvara,Myristinsyra C14:0,Potatisprodukter potatisrätter,0.0,g
6843,Pommes frites klyftpotatis frysvara,Laurinsyra C12:0,Potatisprodukter potatisrätter,0.0,g
6843,Pommes frites klyftpotatis frysvara,Betakaroten/β-Karoten,Potatisprodukter potatisrätter,0.0,µg
6843,Pommes frites klyftpotatis frysvara,Avfall (skal etc.),Potatisprodukter potatisrätter,0.0,%
6843,Pommes frites klyftpotatis frysvara,Aska,Potatisprodukter potatisrätter,0.9,g
6843,Pommes frites klyftpotatis frysvara,Alkohol,Potatisprodukter potatisrätter,0.0,g
6849,Sojaprotein kebab frysvara typ Oumph®,"Zink, Zn",Vegetabiliskt protein produkter och rätter,1.0,mg
6849,Sojaprotein kebab frysvara typ Oumph®,Vitamin E,Vegetabiliskt protein produkter och rätter,0.0,mg
6849,Sojaprotein kebab frysvara typ Oumph®,Vitamin D inkl 25-OH-D3,Vegetabiliskt protein produkter och rätter,0.0,µg
6849,Sojaprotein kebab frysvara typ Oumph®,Vitamin D,Vegetabiliskt protein produkter och rätter,0.0,µg
6849,Sojaprotein kebab frysvara typ Oumph®,Vitamin C,Vegetabiliskt protein produkter och rätter,0.0,mg
6849,Sojaprotein kebab frysvara typ Oumph®,Vitamin B6,Vegetabiliskt protein produkter och rätter,0.0,mg
6849,Sojaprotein kebab frysvara typ Oumph®,Vitamin B12,Vegetabiliskt protein produkter och rätter,0.0,µg
6849,Sojaprotein kebab frysvara typ Oumph®,Vitamin A,Vegetabiliskt protein produkter och rätter,0.0,RE/µg
6849,Sojaprotein kebab frysvara typ Oumph®,Vatten,Vegetabiliskt protein produkter och rätter,63.7,g
6849,Sojaprotein kebab frysvara typ Oumph®,Tiamin,Vegetabiliskt protein produkter och rätter,0.02,mg
6849,Sojaprotein kebab frysvara typ Oumph®,Tillsatt socker,Vegetabiliskt protein produkter och rätter,2.0,g
6849,Sojaprotein kebab frysvara typ Oumph®,Fritt socker,Vegetabiliskt protein produkter och rätter,2.0,g
6849,Sojaprotein kebab frysvara typ Oumph®,"Selen, Se",Vegetabiliskt protein produkter och rätter,8.0,µg
6849,Sojaprotein kebab frysvara typ Oumph®,Sackaros,Vegetabiliskt protein produkter och rätter,0.1,g
6849,Sojaprotein kebab frysvara typ Oumph®,Riboflavin,Vegetabiliskt protein produkter och rätter,0.0,mg
6849,Sojaprotein kebab frysvara typ Oumph®,Retinol,Vegetabiliskt protein produkter och rätter,0.0,µg
6849,Sojaprotein kebab frysvara typ Oumph®,Protein,Vegetabiliskt protein produkter och rätter,17.4,g
6849,Sojaprotein kebab frysvara typ Oumph®,Summa fleromättade fettsyror,Vegetabiliskt protein produkter och rätter,2.1,g
6849,Sojaprotein kebab frysvara typ Oumph®,"Fosfor, P",Vegetabiliskt protein produkter och rätter,230.0,mg
6849,Sojaprotein kebab frysvara typ Oumph®,Niacinekvivalenter,Vegetabiliskt protein produkter och rätter,2.9,NE/mg
6849,Sojaprotein kebab frysvara typ Oumph®,Niacin,Vegetabiliskt protein produkter och rätter,0.0,mg
6849,Sojaprotein kebab frysvara typ Oumph®,"Salt, NaCl",Vegetabiliskt protein produkter och rätter,1.6,g
6849,Sojaprotein kebab frysvara typ Oumph®,"Natrium, Na",Vegetabiliskt protein produkter och rätter,660.0,mg
6849,Sojaprotein kebab frysvara typ Oumph®,Monosackarider,Vegetabiliskt protein produkter och rätter,1.8,g
6849,Sojaprotein kebab frysvara typ Oumph®,"Sockerarter, totalt",Vegetabiliskt protein produkter och rätter,1.8,g
6849,Sojaprotein kebab frysvara typ Oumph®,Summa enkelomättade fettsyror,Vegetabiliskt protein produkter och rätter,1.1,g
6849,Sojaprotein kebab frysvara typ Oumph®,"Magnesium, Mg",Vegetabiliskt protein produkter och rätter,87.0,mg
6849,Sojaprotein kebab frysvara typ Oumph®,Summa mättade fettsyror,Vegetabiliskt protein produkter och rätter,0.4,g
6849,Sojaprotein kebab frysvara typ Oumph®,"Kolhydrater, tillgängliga",Vegetabiliskt protein produkter och rätter,4.6,g
6849,Sojaprotein kebab frysvara typ Oumph®,Kolesterol,Vegetabiliskt protein produkter och rätter,0.0,mg
6849,Sojaprotein kebab frysvara typ Oumph®,"Kalium, K",Vegetabiliskt protein produkter och rätter,330.0,mg
6849,Sojaprotein kebab frysvara typ Oumph®,"Jod, I",Vegetabiliskt protein produkter och rätter,0.0,µg
6849,Sojaprotein kebab frysvara typ Oumph®,Fullkorn totalt,Vegetabiliskt protein produkter och rätter,0.0,g
6849,Sojaprotein kebab frysvara typ Oumph®,"Folat, totalt",Vegetabiliskt protein produkter och rätter,45.2,µg
6849,Sojaprotein kebab frysvara typ Oumph®,Fibrer,Vegetabiliskt protein produkter och rätter,7.1,g
6849,Sojaprotein kebab frysvara typ Oumph®,"Fett, totalt",Vegetabiliskt protein produkter och rätter,3.8,g
6849,Sojaprotein kebab frysvara typ Oumph®,"Järn, Fe",Vegetabiliskt protein produkter och rätter,5.4,mg
6849,Sojaprotein kebab frysvara typ Oumph®,Energi (kJ),Vegetabiliskt protein produkter och rätter,571.0,kJ
6849,Sojaprotein kebab frysvara typ Oumph®,Energi (kcal),Vegetabiliskt protein produkter och rätter,136.0,kcal
6849,Sojaprotein kebab frysvara typ Oumph®,Disackarider,Vegetabiliskt protein produkter och rätter,0.1,g
6849,Sojaprotein kebab frysvara typ Oumph®,"Kalcium, Ca",Vegetabiliskt protein produkter och rätter,130.0,mg
6849,Sojaprotein kebab frysvara typ Oumph®,Fettsyra 4:0-10:0,Vegetabiliskt protein produkter och rätter,0.0,g
6849,Sojaprotein kebab frysvara typ Oumph®,DHA (C22:6),Vegetabiliskt protein produkter och rätter,0.0,g
6849,Sojaprotein kebab frysvara typ Oumph®,DPA (C22:5),Vegetabiliskt protein produkter och rätter,0.0,g
6849,Sojaprotein kebab frysvara typ Oumph®,EPA (C20:5),Vegetabiliskt protein produkter och rätter,0.0,g
6849,Sojaprotein kebab frysvara typ Oumph®,Arakidonsyra C20:4,Vegetabiliskt protein produkter och rätter,0.0,g
6849,Sojaprotein kebab frysvara typ Oumph®,Arakidinsyra C20:0,Vegetabiliskt protein produkter och rätter,0.0,g
6849,Sojaprotein kebab frysvara typ Oumph®,Linolensyra C18:3,Vegetabiliskt protein produkter och rätter,0.0,g
6849,Sojaprotein kebab frysvara typ Oumph®,Linolsyra C18:2,Vegetabiliskt protein produkter och rätter,2.1,g
6849,Sojaprotein kebab frysvara typ Oumph®,Oljesyra C18:1,Vegetabiliskt protein produkter och rätter,1.1,g
6849,Sojaprotein kebab frysvara typ Oumph®,Stearinsyra C18:0,Vegetabiliskt protein produkter och rätter,0.1,g
6849,Sojaprotein kebab frysvara typ Oumph®,Palmitoljesyra C16:1,Vegetabiliskt protein produkter och rätter,0.0,g
6849,Sojaprotein kebab frysvara typ Oumph®,Palmitinsyra C16:0,Vegetabiliskt protein produkter och rätter,0.2,g
6849,Sojaprotein kebab frysvara typ Oumph®,Myristinsyra C14:0,Vegetabiliskt protein produkter och rätter,0.0,g
6849,Sojaprotein kebab frysvara typ Oumph®,Laurinsyra C12:0,Vegetabiliskt protein produkter och rätter,0.0,g
6849,Sojaprotein kebab frysvara typ Oumph®,Betakaroten/β-Karoten,Vegetabiliskt protein produkter och rätter,0.0,µg
6849,Sojaprotein kebab frysvara typ Oumph®,Avfall (skal etc.),Vegetabiliskt protein produkter och rätter,0.0,%
6849,Sojaprotein kebab frysvara typ Oumph®,Aska,Vegetabiliskt protein produkter och rätter,3.3,g
6849,Sojaprotein kebab frysvara typ Oumph®,Alkohol,Vegetabiliskt protein produkter och rätter,0.0,g
6850,Sojaprotein pulled sojaprotein frysvara typ Oumph®,"Zink, Zn",Vegetabiliskt protein produkter och rätter,1.0,mg
6850,Sojaprotein pulled sojaprotein frysvara typ Oumph®,Vitamin E,Vegetabiliskt protein produkter och rätter,0.0,mg
6850,Sojaprotein pulled sojaprotein frysvara typ Oumph®,Vitamin D inkl 25-OH-D3,Vegetabiliskt protein produkter och rätter,0.0,µg
6850,Sojaprotein pulled sojaprotein frysvara typ Oumph®,Vitamin D,Vegetabiliskt protein produkter och rätter,0.0,µg
6850,Sojaprotein pulled sojaprotein frysvara typ Oumph®,Vitamin C,Vegetabiliskt protein produkter och rätter,0.0,mg
6850,Sojaprotein pulled sojaprotein frysvara typ Oumph®,Vitamin B6,Vegetabiliskt protein produkter och rätter,0.0,mg
6850,Sojaprotein pulled sojaprotein frysvara typ Oumph®,Vitamin B12,Vegetabiliskt protein produkter och rätter,0.0,µg
6850,Sojaprotein pulled sojaprotein frysvara typ Oumph®,Vitamin A,Vegetabiliskt protein produkter och rätter,0.0,RE/µg
6850,Sojaprotein pulled sojaprotein frysvara typ Oumph®,Vatten,Vegetabiliskt protein produkter och rätter,66.5,g
6850,Sojaprotein pulled sojaprotein frysvara typ Oumph®,Tiamin,Vegetabiliskt protein produkter och rätter,0.02,mg
6850,Sojaprotein pulled sojaprotein frysvara typ Oumph®,Tillsatt socker,Vegetabiliskt protein produkter och rätter,9.0,g
6850,Sojaprotein pulled sojaprotein frysvara typ Oumph®,Fritt socker,Vegetabiliskt protein produkter och rätter,10.0,g
6850,Sojaprotein pulled sojaprotein frysvara typ Oumph®,"Selen, Se",Vegetabiliskt protein produkter och rätter,8.0,µg
6850,Sojaprotein pulled sojaprotein frysvara typ Oumph®,Sackaros,Vegetabiliskt protein produkter och rätter,8.0,g
6850,Sojaprotein pulled sojaprotein frysvara typ Oumph®,Riboflavin,Vegetabiliskt protein produkter och rätter,0.0,mg
6850,Sojaprotein pulled sojaprotein frysvara typ Oumph®,Retinol,Vegetabiliskt protein produkter och rätter,0.0,µg
6850,Sojaprotein pulled sojaprotein frysvara typ Oumph®,Protein,Vegetabiliskt protein produkter och rätter,12.1,g
6850,Sojaprotein pulled sojaprotein frysvara typ Oumph®,Summa fleromättade fettsyror,Vegetabiliskt protein produkter och rätter,0.2,g
6850,Sojaprotein pulled sojaprotein frysvara typ Oumph®,"Fosfor, P",Vegetabiliskt protein produkter och rätter,230.0,mg
6850,Sojaprotein pulled sojaprotein frysvara typ Oumph®,Niacinekvivalenter,Vegetabiliskt protein produkter och rätter,2.0,NE/mg
6850,Sojaprotein pulled sojaprotein frysvara typ Oumph®,Niacin,Vegetabiliskt protein produkter och rätter,0.0,mg
6850,Sojaprotein pulled sojaprotein frysvara typ Oumph®,"Salt, NaCl",Vegetabiliskt protein produkter och rätter,1.2,g
6850,Sojaprotein pulled sojaprotein frysvara typ Oumph®,"Natrium, Na",Vegetabiliskt protein produkter och rätter,490.0,mg
6850,Sojaprotein pulled sojaprotein frysvara typ Oumph®,Monosackarider,Vegetabiliskt protein produkter och rätter,2.4,g
6850,Sojaprotein pulled sojaprotein frysvara typ Oumph®,"Sockerarter, totalt",Vegetabiliskt protein produkter och rätter,10.4,g
6850,Sojaprotein pulled sojaprotein frysvara typ Oumph®,Summa enkelomättade fettsyror,Vegetabiliskt protein produkter och rätter,0.1,g
6850,Sojaprotein pulled sojaprotein frysvara typ Oumph®,"Magnesium, Mg",Vegetabiliskt protein produkter och rätter,87.0,mg
6850,Sojaprotein pulled sojaprotein frysvara typ Oumph®,Summa mättade fettsyror,Vegetabiliskt protein produkter och rätter,0.1,g
6850,Sojaprotein pulled sojaprotein frysvara typ Oumph®,"Kolhydrater, tillgängliga",Vegetabiliskt protein produkter och rätter,13.4,g
6850,Sojaprotein pulled sojaprotein frysvara typ Oumph®,Kolesterol,Vegetabiliskt protein produkter och rätter,0.0,mg
6850,Sojaprotein pulled sojaprotein frysvara typ Oumph®,"Kalium, K",Vegetabiliskt protein produkter och rätter,330.0,mg
6850,Sojaprotein pulled sojaprotein frysvara typ Oumph®,"Jod, I",Vegetabiliskt protein produkter och rätter,0.0,µg
6850,Sojaprotein pulled sojaprotein frysvara typ Oumph®,Fullkorn totalt,Vegetabiliskt protein produkter och rätter,0.0,g
6850,Sojaprotein pulled sojaprotein frysvara typ Oumph®,"Folat, totalt",Vegetabiliskt protein produkter och rätter,26.2,µg
6850,Sojaprotein pulled sojaprotein frysvara typ Oumph®,Fibrer,Vegetabiliskt protein produkter och rätter,4.8,g
6850,Sojaprotein pulled sojaprotein frysvara typ Oumph®,"Fett, totalt",Vegetabiliskt protein produkter och rätter,0.5,g
6850,Sojaprotein pulled sojaprotein frysvara typ Oumph®,"Järn, Fe",Vegetabiliskt protein produkter och rätter,2.7,mg
6850,Sojaprotein pulled sojaprotein frysvara typ Oumph®,Energi (kJ),Vegetabiliskt protein produkter och rätter,489.0,kJ
6850,Sojaprotein pulled sojaprotein frysvara typ Oumph®,Energi (kcal),Vegetabiliskt protein produkter och rätter,117.0,kcal
6850,Sojaprotein pulled sojaprotein frysvara typ Oumph®,Disackarider,Vegetabiliskt protein produkter och rätter,8.0,g
6850,Sojaprotein pulled sojaprotein frysvara typ Oumph®,"Kalcium, Ca",Vegetabiliskt protein produkter och rätter,130.0,mg
6850,Sojaprotein pulled sojaprotein frysvara typ Oumph®,Fettsyra 4:0-10:0,Vegetabiliskt protein produkter och rätter,0.0,g
6850,Sojaprotein pulled sojaprotein frysvara typ Oumph®,DHA (C22:6),Vegetabiliskt protein produkter och rätter,0.0,g
6850,Sojaprotein pulled sojaprotein frysvara typ Oumph®,DPA (C22:5),Vegetabiliskt protein produkter och rätter,0.0,g
6850,Sojaprotein pulled sojaprotein frysvara typ Oumph®,EPA (C20:5),Vegetabiliskt protein produkter och rätter,0.0,g
6850,Sojaprotein pulled sojaprotein frysvara typ Oumph®,Arakidonsyra C20:4,Vegetabiliskt protein produkter och rätter,0.0,g
6850,Sojaprotein pulled sojaprotein frysvara typ Oumph®,Arakidinsyra C20:0,Vegetabiliskt protein produkter och rätter,0.0,g
6850,Sojaprotein pulled sojaprotein frysvara typ Oumph®,Linolensyra C18:3,Vegetabiliskt protein produkter och rätter,0.0,g
6850,Sojaprotein pulled sojaprotein frysvara typ Oumph®,Linolsyra C18:2,Vegetabiliskt protein produkter och rätter,0.2,g
6850,Sojaprotein pulled sojaprotein frysvara typ Oumph®,Oljesyra C18:1,Vegetabiliskt protein produkter och rätter,0.1,g
6850,Sojaprotein pulled sojaprotein frysvara typ Oumph®,Stearinsyra C18:0,Vegetabiliskt protein produkter och rätter,0.0,g
6850,Sojaprotein pulled sojaprotein frysvara typ Oumph®,Palmitoljesyra C16:1,Vegetabiliskt protein produkter och rätter,0.0,g
6850,Sojaprotein pulled sojaprotein frysvara typ Oumph®,Palmitinsyra C16:0,Vegetabiliskt protein produkter och rätter,0.1,g
6850,Sojaprotein pulled sojaprotein frysvara typ Oumph®,Myristinsyra C14:0,Vegetabiliskt protein produkter och rätter,0.0,g
6850,Sojaprotein pulled sojaprotein frysvara typ Oumph®,Laurinsyra C12:0,Vegetabiliskt protein produkter och rätter,0.0,g
6850,Sojaprotein pulled sojaprotein frysvara typ Oumph®,Betakaroten/β-Karoten,Vegetabiliskt protein produkter och rätter,0.0,µg
6850,Sojaprotein pulled sojaprotein frysvara typ Oumph®,Avfall (skal etc.),Vegetabiliskt protein produkter och rätter,0.0,%
6850,Sojaprotein pulled sojaprotein frysvara typ Oumph®,Aska,Vegetabiliskt protein produkter och rätter,2.7,g
6850,Sojaprotein pulled sojaprotein frysvara typ Oumph®,Alkohol,Vegetabiliskt protein produkter och rätter,0.0,g
6852,Sojaprotein bitar m. timjan vitlök frysvara typ Oumph®,"Zink, Zn",Vegetabiliskt protein produkter och rätter,1.0,mg
6852,Sojaprotein bitar m. timjan vitlök frysvara typ Oumph®,Vitamin E,Vegetabiliskt protein produkter och rätter,0.0,mg
6852,Sojaprotein bitar m. timjan vitlök frysvara typ Oumph®,Vitamin D inkl 25-OH-D3,Vegetabiliskt protein produkter och rätter,0.0,µg
6852,Sojaprotein bitar m. timjan vitlök frysvara typ Oumph®,Vitamin D,Vegetabiliskt protein produkter och rätter,0.0,µg
6852,Sojaprotein bitar m. timjan vitlök frysvara typ Oumph®,Vitamin C,Vegetabiliskt protein produkter och rätter,0.0,mg
6852,Sojaprotein bitar m. timjan vitlök frysvara typ Oumph®,Vitamin B6,Vegetabiliskt protein produkter och rätter,0.0,mg
6852,Sojaprotein bitar m. timjan vitlök frysvara typ Oumph®,Vitamin B12,Vegetabiliskt protein produkter och rätter,0.0,µg
6852,Sojaprotein bitar m. timjan vitlök frysvara typ Oumph®,Vitamin A,Vegetabiliskt protein produkter och rätter,0.0,RE/µg
6852,Sojaprotein bitar m. timjan vitlök frysvara typ Oumph®,Vatten,Vegetabiliskt protein produkter och rätter,66.2,g
6852,Sojaprotein bitar m. timjan vitlök frysvara typ Oumph®,Tiamin,Vegetabiliskt protein produkter och rätter,0.02,mg
6852,Sojaprotein bitar m. timjan vitlök frysvara typ Oumph®,Tillsatt socker,Vegetabiliskt protein produkter och rätter,1.0,g
6852,Sojaprotein bitar m. timjan vitlök frysvara typ Oumph®,Fritt socker,Vegetabiliskt protein produkter och rätter,1.0,g
6852,Sojaprotein bitar m. timjan vitlök frysvara typ Oumph®,"Selen, Se",Vegetabiliskt protein produkter och rätter,8.0,µg
6852,Sojaprotein bitar m. timjan vitlök frysvara typ Oumph®,Sackaros,Vegetabiliskt protein produkter och rätter,0.1,g
6852,Sojaprotein bitar m. timjan vitlök frysvara typ Oumph®,Riboflavin,Vegetabiliskt protein produkter och rätter,0.0,mg
6852,Sojaprotein bitar m. timjan vitlök frysvara typ Oumph®,Retinol,Vegetabiliskt protein produkter och rätter,0.0,µg
6852,Sojaprotein bitar m. timjan vitlök frysvara typ Oumph®,Protein,Vegetabiliskt protein produkter och rätter,17.7,g
6852,Sojaprotein bitar m. timjan vitlök frysvara typ Oumph®,Summa fleromättade fettsyror,Vegetabiliskt protein produkter och rätter,1.7,g
6852,Sojaprotein bitar m. timjan vitlök frysvara typ Oumph®,"Fosfor, P",Vegetabiliskt protein produkter och rätter,230.0,mg
6852,Sojaprotein bitar m. timjan vitlök frysvara typ Oumph®,Niacinekvivalenter,Vegetabiliskt protein produkter och rätter,3.0,NE/mg
6852,Sojaprotein bitar m. timjan vitlök frysvara typ Oumph®,Niacin,Vegetabiliskt protein produkter och rätter,0.0,mg
6852,Sojaprotein bitar m. timjan vitlök frysvara typ Oumph®,"Salt, NaCl",Vegetabiliskt protein produkter och rätter,1.8,g
6852,Sojaprotein bitar m. timjan vitlök frysvara typ Oumph®,"Natrium, Na",Vegetabiliskt protein produkter och rätter,720.0,mg
6852,Sojaprotein bitar m. timjan vitlök frysvara typ Oumph®,Monosackarider,Vegetabiliskt protein produkter och rätter,1.2,g
6852,Sojaprotein bitar m. timjan vitlök frysvara typ Oumph®,"Sockerarter, totalt",Vegetabiliskt protein produkter och rätter,1.4,g
6852,Sojaprotein bitar m. timjan vitlök frysvara typ Oumph®,Summa enkelomättade fettsyror,Vegetabiliskt protein produkter och rätter,0.9,g
6852,Sojaprotein bitar m. timjan vitlök frysvara typ Oumph®,"Magnesium, Mg",Vegetabiliskt protein produkter och rätter,87.0,mg
6852,Sojaprotein bitar m. timjan vitlök frysvara typ Oumph®,Summa mättade fettsyror,Vegetabiliskt protein produkter och rätter,0.3,g
6852,Sojaprotein bitar m. timjan vitlök frysvara typ Oumph®,"Kolhydrater, tillgängliga",Vegetabiliskt protein produkter och rätter,4.2,g
6852,Sojaprotein bitar m. timjan vitlök frysvara typ Oumph®,Kolesterol,Vegetabiliskt protein produkter och rätter,0.0,mg
6852,Sojaprotein bitar m. timjan vitlök frysvara typ Oumph®,"Kalium, K",Vegetabiliskt protein produkter och rätter,330.0,mg
6852,Sojaprotein bitar m. timjan vitlök frysvara typ Oumph®,"Jod, I",Vegetabiliskt protein produkter och rätter,0.0,µg
6852,Sojaprotein bitar m. timjan vitlök frysvara typ Oumph®,Fullkorn totalt,Vegetabiliskt protein produkter och rätter,0.0,g
6852,Sojaprotein bitar m. timjan vitlök frysvara typ Oumph®,"Folat, totalt",Vegetabiliskt protein produkter och rätter,46.2,µg
6852,Sojaprotein bitar m. timjan vitlök frysvara typ Oumph®,Fibrer,Vegetabiliskt protein produkter och rätter,5.8,g
6852,Sojaprotein bitar m. timjan vitlök frysvara typ Oumph®,"Fett, totalt",Vegetabiliskt protein produkter och rätter,3.0,g
6852,Sojaprotein bitar m. timjan vitlök frysvara typ Oumph®,"Järn, Fe",Vegetabiliskt protein produkter och rätter,4.6,mg
6852,Sojaprotein bitar m. timjan vitlök frysvara typ Oumph®,Energi (kJ),Vegetabiliskt protein produkter och rätter,531.0,kJ
6852,Sojaprotein bitar m. timjan vitlök frysvara typ Oumph®,Energi (kcal),Vegetabiliskt protein produkter och rätter,127.0,kcal
6852,Sojaprotein bitar m. timjan vitlök frysvara typ Oumph®,Disackarider,Vegetabiliskt protein produkter och rätter,0.2,g
6852,Sojaprotein bitar m. timjan vitlök frysvara typ Oumph®,"Kalcium, Ca",Vegetabiliskt protein produkter och rätter,130.0,mg
6852,Sojaprotein bitar m. timjan vitlök frysvara typ Oumph®,Fettsyra 4:0-10:0,Vegetabiliskt protein produkter och rätter,0.0,g
6852,Sojaprotein bitar m. timjan vitlök frysvara typ Oumph®,DHA (C22:6),Vegetabiliskt protein produkter och rätter,0.0,g
6852,Sojaprotein bitar m. timjan vitlök frysvara typ Oumph®,DPA (C22:5),Vegetabiliskt protein produkter och rätter,0.0,g
6852,Sojaprotein bitar m. timjan vitlök frysvara typ Oumph®,EPA (C20:5),Vegetabiliskt protein produkter och rätter,0.0,g
6852,Sojaprotein bitar m. timjan vitlök frysvara typ Oumph®,Arakidonsyra C20:4,Vegetabiliskt protein produkter och rätter,0.0,g
6852,Sojaprotein bitar m. timjan vitlök frysvara typ Oumph®,Arakidinsyra C20:0,Vegetabiliskt protein produkter och rätter,0.0,g
6852,Sojaprotein bitar m. timjan vitlök frysvara typ Oumph®,Linolensyra C18:3,Vegetabiliskt protein produkter och rätter,0.0,g
6852,Sojaprotein bitar m. timjan vitlök frysvara typ Oumph®,Linolsyra C18:2,Vegetabiliskt protein produkter och rätter,1.7,g
6852,Sojaprotein bitar m. timjan vitlök frysvara typ Oumph®,Oljesyra C18:1,Vegetabiliskt protein produkter och rätter,0.9,g
6852,Sojaprotein bitar m. timjan vitlök frysvara typ Oumph®,Stearinsyra C18:0,Vegetabiliskt protein produkter och rätter,0.1,g
6852,Sojaprotein bitar m. timjan vitlök frysvara typ Oumph®,Palmitoljesyra C16:1,Vegetabiliskt protein produkter och rätter,0.0,g
6852,Sojaprotein bitar m. timjan vitlök frysvara typ Oumph®,Palmitinsyra C16:0,Vegetabiliskt protein produkter och rätter,0.2,g
6852,Sojaprotein bitar m. timjan vitlök frysvara typ Oumph®,Myristinsyra C14:0,Vegetabiliskt protein produkter och rätter,0.0,g
6852,Sojaprotein bitar m. timjan vitlök frysvara typ Oumph®,Laurinsyra C12:0,Vegetabiliskt protein produkter och rätter,0.0,g
6852,Sojaprotein bitar m. timjan vitlök frysvara typ Oumph®,Betakaroten/β-Karoten,Vegetabiliskt protein produkter och rätter,0.0,µg
6852,Sojaprotein bitar m. timjan vitlök frysvara typ Oumph®,Avfall (skal etc.),Vegetabiliskt protein produkter och rätter,0.0,%
6852,Sojaprotein bitar m. timjan vitlök frysvara typ Oumph®,Aska,Vegetabiliskt protein produkter och rätter,3.1,g
6852,Sojaprotein bitar m. timjan vitlök frysvara typ Oumph®,Alkohol,Vegetabiliskt protein produkter och rätter,0.0,g
6855,Rismål u. sylt,"Zink, Zn",Gröt,0.4,mg
6855,Rismål u. sylt,Vitamin E,Gröt,0.1,mg
6855,Rismål u. sylt,Vitamin D,Gröt,0.37,µg
6855,Rismål u. sylt,Vitamin C,Gröt,0.0,mg
6855,Rismål u. sylt,Vitamin B6,Gröt,0.04,mg
6855,Rismål u. sylt,Vitamin B12,Gröt,0.0,µg
6855,Rismål u. sylt,Vitamin A,Gröt,31.8,RE/µg
6855,Rismål u. sylt,Vatten,Gröt,75.0,g
6855,Rismål u. sylt,Tiamin,Gröt,0.03,mg
6855,Rismål u. sylt,Tillsatt socker,Gröt,4.0,g
6855,Rismål u. sylt,Fritt socker,Gröt,4.0,g
6855,Rismål u. sylt,"Selen, Se",Gröt,2.0,µg
6855,Rismål u. sylt,Sackaros,Gröt,3.9,g
6855,Rismål u. sylt,Riboflavin,Gröt,0.12,mg
6855,Rismål u. sylt,Retinol,Gröt,30.6,µg
6855,Rismål u. sylt,Protein,Gröt,3.6,g
6855,Rismål u. sylt,Summa fleromättade fettsyror,Gröt,0.2,g
6855,Rismål u. sylt,"Fosfor, P",Gröt,86.0,mg
6855,Rismål u. sylt,Niacinekvivalenter,Gröt,1.0,NE/mg
6855,Rismål u. sylt,Niacin,Gröt,0.15,mg
6855,Rismål u. sylt,"Salt, NaCl",Gröt,0.2,g
6855,Rismål u. sylt,"Natrium, Na",Gröt,64.0,mg
6855,Rismål u. sylt,Monosackarider,Gröt,0.0,g
6855,Rismål u. sylt,"Sockerarter, totalt",Gröt,7.3,g
6855,Rismål u. sylt,Summa enkelomättade fettsyror,Gröt,0.9,g
6855,Rismål u. sylt,"Magnesium, Mg",Gröt,11.0,mg
6855,Rismål u. sylt,Summa mättade fettsyror,Gröt,2.7,g
6855,Rismål u. sylt,"Kolhydrater, tillgängliga",Gröt,16.7,g
6855,Rismål u. sylt,Kolesterol,Gröt,10.7,mg
6855,Rismål u. sylt,"Kalium, K",Gröt,140.0,mg
6855,Rismål u. sylt,"Jod, I",Gröt,9.0,µg
6855,Rismål u. sylt,Fullkorn totalt,Gröt,0.0,g
6855,Rismål u. sylt,"Folat, totalt",Gröt,1.3,µg
6855,Rismål u. sylt,Fibrer,Gröt,0.0,g
6855,Rismål u. sylt,"Fett, totalt",Gröt,4.1,g
6855,Rismål u. sylt,"Järn, Fe",Gröt,0.0,mg
6855,Rismål u. sylt,Energi (kJ),Gröt,495.0,kJ
6855,Rismål u. sylt,Energi (kcal),Gröt,118.0,kcal
6855,Rismål u. sylt,Disackarider,Gröt,7.3,g
6855,Rismål u. sylt,"Kalcium, Ca",Gröt,90.0,mg
6855,Rismål u. sylt,Fettsyra 4:0-10:0,Gröt,0.4,g
6855,Rismål u. sylt,DHA (C22:6),Gröt,0.0,g
6855,Rismål u. sylt,DPA (C22:5),Gröt,0.0,g
6855,Rismål u. sylt,EPA (C20:5),Gröt,0.0,g
6855,Rismål u. sylt,Arakidonsyra C20:4,Gröt,0.0,g
6855,Rismål u. sylt,Arakidinsyra C20:0,Gröt,0.0,g
6855,Rismål u. sylt,Linolensyra C18:3,Gröt,0.0,g
6855,Rismål u. sylt,Linolsyra C18:2,Gröt,0.1,g
6855,Rismål u. sylt,Oljesyra C18:1,Gröt,0.8,g
6855,Rismål u. sylt,Stearinsyra C18:0,Gröt,0.4,g
6855,Rismål u. sylt,Palmitoljesyra C16:1,Gröt,0.1,g
6855,Rismål u. sylt,Palmitinsyra C16:0,Gröt,1.2,g
6855,Rismål u. sylt,Myristinsyra C14:0,Gröt,0.4,g
6855,Rismål u. sylt,Laurinsyra C12:0,Gröt,0.2,g
6855,Rismål u. sylt,Betakaroten/β-Karoten,Gröt,15.0,µg
6855,Rismål u. sylt,Avfall (skal etc.),Gröt,0.0,%
6855,Rismål u. sylt,Aska,Gröt,0.7,g
6855,Rismål u. sylt,Alkohol,Gröt,0.0,g
6856,Rismål u. sylt u. socker m. sötningsm.,"Zink, Zn",Gröt,0.4,mg
6856,Rismål u. sylt u. socker m. sötningsm.,Vitamin E,Gröt,0.1,mg
6856,Rismål u. sylt u. socker m. sötningsm.,Vitamin D,Gröt,0.39,µg
6856,Rismål u. sylt u. socker m. sötningsm.,Vitamin C,Gröt,0.0,mg
6856,Rismål u. sylt u. socker m. sötningsm.,Vitamin B6,Gröt,0.04,mg
6856,Rismål u. sylt u. socker m. sötningsm.,Vitamin B12,Gröt,0.0,µg
6856,Rismål u. sylt u. socker m. sötningsm.,Vitamin A,Gröt,26.8,RE/µg
6856,Rismål u. sylt u. socker m. sötningsm.,Vatten,Gröt,79.3,g
6856,Rismål u. sylt u. socker m. sötningsm.,Tiamin,Gröt,0.03,mg
6856,Rismål u. sylt u. socker m. sötningsm.,Tillsatt socker,Gröt,0.0,g
6856,Rismål u. sylt u. socker m. sötningsm.,Fritt socker,Gröt,0.0,g
6856,Rismål u. sylt u. socker m. sötningsm.,"Selen, Se",Gröt,1.0,µg
6856,Rismål u. sylt u. socker m. sötningsm.,Sackaros,Gröt,0.0,g
6856,Rismål u. sylt u. socker m. sötningsm.,Riboflavin,Gröt,0.11,mg
6856,Rismål u. sylt u. socker m. sötningsm.,Retinol,Gröt,25.6,µg
6856,Rismål u. sylt u. socker m. sötningsm.,Protein,Gröt,3.9,g
6856,Rismål u. sylt u. socker m. sötningsm.,Summa fleromättade fettsyror,Gröt,0.2,g
6856,Rismål u. sylt u. socker m. sötningsm.,"Fosfor, P",Gröt,89.0,mg
6856,Rismål u. sylt u. socker m. sötningsm.,Niacinekvivalenter,Gröt,1.0,NE/mg
6856,Rismål u. sylt u. socker m. sötningsm.,Niacin,Gröt,0.1,mg
6856,Rismål u. sylt u. socker m. sötningsm.,"Salt, NaCl",Gröt,0.2,g
6856,Rismål u. sylt u. socker m. sötningsm.,"Natrium, Na",Gröt,72.0,mg
6856,Rismål u. sylt u. socker m. sötningsm.,Monosackarider,Gröt,0.0,g
6856,Rismål u. sylt u. socker m. sötningsm.,"Sockerarter, totalt",Gröt,3.6,g
6856,Rismål u. sylt u. socker m. sötningsm.,Summa enkelomättade fettsyror,Gröt,0.9,g
6856,Rismål u. sylt u. socker m. sötningsm.,"Magnesium, Mg",Gröt,12.0,mg
6856,Rismål u. sylt u. socker m. sötningsm.,Summa mättade fettsyror,Gröt,2.6,g
6856,Rismål u. sylt u. socker m. sötningsm.,"Kolhydrater, tillgängliga",Gröt,12.1,g
6856,Rismål u. sylt u. socker m. sötningsm.,Kolesterol,Gröt,10.9,mg
6856,Rismål u. sylt u. socker m. sötningsm.,"Kalium, K",Gröt,140.0,mg
6856,Rismål u. sylt u. socker m. sötningsm.,"Jod, I",Gröt,11.0,µg
6856,Rismål u. sylt u. socker m. sötningsm.,Fullkorn totalt,Gröt,0.0,g
6856,Rismål u. sylt u. socker m. sötningsm.,"Folat, totalt",Gröt,0.8,µg
6856,Rismål u. sylt u. socker m. sötningsm.,Fibrer,Gröt,0.0,g
6856,Rismål u. sylt u. socker m. sötningsm.,"Fett, totalt",Gröt,4.0,g
6856,Rismål u. sylt u. socker m. sötningsm.,"Järn, Fe",Gröt,0.0,mg
6856,Rismål u. sylt u. socker m. sötningsm.,Energi (kJ),Gröt,418.0,kJ
6856,Rismål u. sylt u. socker m. sötningsm.,Energi (kcal),Gröt,100.0,kcal
6856,Rismål u. sylt u. socker m. sötningsm.,Disackarider,Gröt,3.6,g
6856,Rismål u. sylt u. socker m. sötningsm.,"Kalcium, Ca",Gröt,96.0,mg
6856,Rismål u. sylt u. socker m. sötningsm.,Fettsyra 4:0-10:0,Gröt,0.4,g
6856,Rismål u. sylt u. socker m. sötningsm.,DHA (C22:6),Gröt,0.0,g
6856,Rismål u. sylt u. socker m. sötningsm.,DPA (C22:5),Gröt,0.0,g
6856,Rismål u. sylt u. socker m. sötningsm.,EPA (C20:5),Gröt,0.0,g
6856,Rismål u. sylt u. socker m. sötningsm.,Arakidonsyra C20:4,Gröt,0.0,g
6856,Rismål u. sylt u. socker m. sötningsm.,Arakidinsyra C20:0,Gröt,0.0,g
6856,Rismål u. sylt u. socker m. sötningsm.,Linolensyra C18:3,Gröt,0.0,g
6856,Rismål u. sylt u. socker m. sötningsm.,Linolsyra C18:2,Gröt,0.1,g
6856,Rismål u. sylt u. socker m. sötningsm.,Oljesyra C18:1,Gröt,0.8,g
6856,Rismål u. sylt u. socker m. sötningsm.,Stearinsyra C18:0,Gröt,0.4,g
6856,Rismål u. sylt u. socker m. sötningsm.,Palmitoljesyra C16:1,Gröt,0.1,g
6856,Rismål u. sylt u. socker m. sötningsm.,Palmitinsyra C16:0,Gröt,1.2,g
6856,Rismål u. sylt u. socker m. sötningsm.,Myristinsyra C14:0,Gröt,0.4,g
6856,Rismål u. sylt u. socker m. sötningsm.,Laurinsyra C12:0,Gröt,0.1,g
6856,Rismål u. sylt u. socker m. sötningsm.,Betakaroten/β-Karoten,Gröt,14.0,µg
6856,Rismål u. sylt u. socker m. sötningsm.,Avfall (skal etc.),Gröt,0.0,%
6856,Rismål u. sylt u. socker m. sötningsm.,Aska,Gröt,0.7,g
6856,Rismål u. sylt u. socker m. sötningsm.,Alkohol,Gröt,0.0,g
6857,Chips linser smaksatta fett 17%,"Zink, Zn",Chips popcorn o dyl,1.7,mg
6857,Chips linser smaksatta fett 17%,Vitamin E,Chips popcorn o dyl,7.8,mg
6857,Chips linser smaksatta fett 17%,Vitamin D inkl 25-OH-D3,Chips popcorn o dyl,0.0,µg
6857,Chips linser smaksatta fett 17%,Vitamin D,Chips popcorn o dyl,0.0,µg
6857,Chips linser smaksatta fett 17%,Vitamin C,Chips popcorn o dyl,0.8,mg
6857,Chips linser smaksatta fett 17%,Vitamin B6,Chips popcorn o dyl,0.38,mg
6857,Chips linser smaksatta fett 17%,Vitamin B12,Chips popcorn o dyl,0.0,µg
6857,Chips linser smaksatta fett 17%,Vitamin A,Chips popcorn o dyl,5.3,RE/µg
6857,Chips linser smaksatta fett 17%,Vatten,Chips popcorn o dyl,2.4,g
6857,Chips linser smaksatta fett 17%,Tiamin,Chips popcorn o dyl,0.14,mg
6857,Chips linser smaksatta fett 17%,Tillsatt socker,Chips popcorn o dyl,3.0,g
6857,Chips linser smaksatta fett 17%,Fritt socker,Chips popcorn o dyl,3.0,g
6857,Chips linser smaksatta fett 17%,"Selen, Se",Chips popcorn o dyl,20.0,µg
6857,Chips linser smaksatta fett 17%,Sackaros,Chips popcorn o dyl,2.8,g
6857,Chips linser smaksatta fett 17%,Riboflavin,Chips popcorn o dyl,0.07,mg
6857,Chips linser smaksatta fett 17%,Retinol,Chips popcorn o dyl,0.0,µg
6857,Chips linser smaksatta fett 17%,Protein,Chips popcorn o dyl,13.0,g
6857,Chips linser smaksatta fett 17%,Summa fleromättade fettsyror,Chips popcorn o dyl,2.0,g
6857,Chips linser smaksatta fett 17%,"Fosfor, P",Chips popcorn o dyl,200.0,mg
6857,Chips linser smaksatta fett 17%,Niacinekvivalenter,Chips popcorn o dyl,3.4,NE/mg
6857,Chips linser smaksatta fett 17%,Niacin,Chips popcorn o dyl,1.26,mg
6857,Chips linser smaksatta fett 17%,"Salt, NaCl",Chips popcorn o dyl,2.2,g
6857,Chips linser smaksatta fett 17%,"Natrium, Na",Chips popcorn o dyl,900.0,mg
6857,Chips linser smaksatta fett 17%,Monosackarider,Chips popcorn o dyl,0.6,g
6857,Chips linser smaksatta fett 17%,"Sockerarter, totalt",Chips popcorn o dyl,3.3,g
6857,Chips linser smaksatta fett 17%,Summa enkelomättade fettsyror,Chips popcorn o dyl,14.7,g
6857,Chips linser smaksatta fett 17%,"Magnesium, Mg",Chips popcorn o dyl,44.0,mg
6857,Chips linser smaksatta fett 17%,Summa mättade fettsyror,Chips popcorn o dyl,1.5,g
6857,Chips linser smaksatta fett 17%,"Kolhydrater, tillgängliga",Chips popcorn o dyl,53.6,g
6857,Chips linser smaksatta fett 17%,Kolesterol,Chips popcorn o dyl,0.0,mg
6857,Chips linser smaksatta fett 17%,"Kalium, K",Chips popcorn o dyl,520.0,mg
6857,Chips linser smaksatta fett 17%,"Jod, I",Chips popcorn o dyl,0.0,µg
6857,Chips linser smaksatta fett 17%,Fullkorn totalt,Chips popcorn o dyl,0.0,g
6857,Chips linser smaksatta fett 17%,"Folat, totalt",Chips popcorn o dyl,25.4,µg
6857,Chips linser smaksatta fett 17%,Fibrer,Chips popcorn o dyl,8.1,g
6857,Chips linser smaksatta fett 17%,"Fett, totalt",Chips popcorn o dyl,19.1,g
6857,Chips linser smaksatta fett 17%,"Järn, Fe",Chips popcorn o dyl,2.5,mg
6857,Chips linser smaksatta fett 17%,Energi (kJ),Chips popcorn o dyl,1903.0,kJ
6857,Chips linser smaksatta fett 17%,Energi (kcal),Chips popcorn o dyl,455.0,kcal
6857,Chips linser smaksatta fett 17%,Disackarider,Chips popcorn o dyl,2.8,g
6857,Chips linser smaksatta fett 17%,"Kalcium, Ca",Chips popcorn o dyl,31.0,mg
6857,Chips linser smaksatta fett 17%,Fettsyra 4:0-10:0,Chips popcorn o dyl,0.0,g
6857,Chips linser smaksatta fett 17%,DHA (C22:6),Chips popcorn o dyl,0.0,g
6857,Chips linser smaksatta fett 17%,DPA (C22:5),Chips popcorn o dyl,0.0,g
6857,Chips linser smaksatta fett 17%,EPA (C20:5),Chips popcorn o dyl,0.0,g
6857,Chips linser smaksatta fett 17%,Arakidonsyra C20:4,Chips popcorn o dyl,0.0,g
6857,Chips linser smaksatta fett 17%,Arakidinsyra C20:0,Chips popcorn o dyl,0.1,g
6857,Chips linser smaksatta fett 17%,Linolensyra C18:3,Chips popcorn o dyl,0.2,g
6857,Chips linser smaksatta fett 17%,Linolsyra C18:2,Chips popcorn o dyl,1.8,g
6857,Chips linser smaksatta fett 17%,Oljesyra C18:1,Chips popcorn o dyl,14.6,g
6857,Chips linser smaksatta fett 17%,Stearinsyra C18:0,Chips popcorn o dyl,0.5,g
6857,Chips linser smaksatta fett 17%,Palmitoljesyra C16:1,Chips popcorn o dyl,0.0,g
6857,Chips linser smaksatta fett 17%,Palmitinsyra C16:0,Chips popcorn o dyl,0.8,g
6857,Chips linser smaksatta fett 17%,Myristinsyra C14:0,Chips popcorn o dyl,0.0,g
6857,Chips linser smaksatta fett 17%,Laurinsyra C12:0,Chips popcorn o dyl,0.0,g
6857,Chips linser smaksatta fett 17%,Betakaroten/β-Karoten,Chips popcorn o dyl,47.0,µg
6857,Chips linser smaksatta fett 17%,Avfall (skal etc.),Chips popcorn o dyl,0.0,%
6857,Chips linser smaksatta fett 17%,Aska,Chips popcorn o dyl,3.8,g
6857,Chips linser smaksatta fett 17%,Alkohol,Chips popcorn o dyl,0.0,g
6858,Linsbågar fett 28%,"Zink, Zn",Chips popcorn o dyl,1.8,mg
6858,Linsbågar fett 28%,Vitamin E,Chips popcorn o dyl,12.1,mg
6858,Linsbågar fett 28%,Vitamin D inkl 25-OH-D3,Chips popcorn o dyl,0.0,µg
6858,Linsbågar fett 28%,Vitamin D,Chips popcorn o dyl,0.0,µg
6858,Linsbågar fett 28%,Vitamin C,Chips popcorn o dyl,0.2,mg
6858,Linsbågar fett 28%,Vitamin B6,Chips popcorn o dyl,0.34,mg
6858,Linsbågar fett 28%,Vitamin B12,Chips popcorn o dyl,0.24,µg
6858,Linsbågar fett 28%,Vitamin A,Chips popcorn o dyl,86.8,RE/µg
6858,Linsbågar fett 28%,Vatten,Chips popcorn o dyl,3.3,g
6858,Linsbågar fett 28%,Tiamin,Chips popcorn o dyl,0.11,mg
6858,Linsbågar fett 28%,Tillsatt socker,Chips popcorn o dyl,1.0,g
6858,Linsbågar fett 28%,Fritt socker,Chips popcorn o dyl,1.0,g
6858,Linsbågar fett 28%,"Selen, Se",Chips popcorn o dyl,11.0,µg
6858,Linsbågar fett 28%,Sackaros,Chips popcorn o dyl,1.1,g
6858,Linsbågar fett 28%,Riboflavin,Chips popcorn o dyl,0.23,mg
6858,Linsbågar fett 28%,Retinol,Chips popcorn o dyl,51.3,µg
6858,Linsbågar fett 28%,Protein,Chips popcorn o dyl,15.8,g
6858,Linsbågar fett 28%,Summa fleromättade fettsyror,Chips popcorn o dyl,2.9,g
6858,Linsbågar fett 28%,"Fosfor, P",Chips popcorn o dyl,360.0,mg
6858,Linsbågar fett 28%,Niacinekvivalenter,Chips popcorn o dyl,3.7,NE/mg
6858,Linsbågar fett 28%,Niacin,Chips popcorn o dyl,1.03,mg
6858,Linsbågar fett 28%,"Salt, NaCl",Chips popcorn o dyl,1.9,g
6858,Linsbågar fett 28%,"Natrium, Na",Chips popcorn o dyl,750.0,mg
6858,Linsbågar fett 28%,Monosackarider,Chips popcorn o dyl,0.3,g
6858,Linsbågar fett 28%,"Sockerarter, totalt",Chips popcorn o dyl,3.8,g
6858,Linsbågar fett 28%,Summa enkelomättade fettsyror,Chips popcorn o dyl,20.5,g
6858,Linsbågar fett 28%,"Magnesium, Mg",Chips popcorn o dyl,35.0,mg
6858,Linsbågar fett 28%,Summa mättade fettsyror,Chips popcorn o dyl,5.9,g
6858,Linsbågar fett 28%,"Kolhydrater, tillgängliga",Chips popcorn o dyl,40.3,g
6858,Linsbågar fett 28%,Kolesterol,Chips popcorn o dyl,20.4,mg
6858,Linsbågar fett 28%,"Kalium, K",Chips popcorn o dyl,560.0,mg
6858,Linsbågar fett 28%,"Jod, I",Chips popcorn o dyl,1.3,µg
6858,Linsbågar fett 28%,Fullkorn totalt,Chips popcorn o dyl,0.0,g
6858,Linsbågar fett 28%,"Folat, totalt",Chips popcorn o dyl,23.1,µg
6858,Linsbågar fett 28%,Fibrer,Chips popcorn o dyl,5.6,g
6858,Linsbågar fett 28%,"Fett, totalt",Chips popcorn o dyl,30.8,g
6858,Linsbågar fett 28%,"Järn, Fe",Chips popcorn o dyl,1.6,mg
6858,Linsbågar fett 28%,Energi (kJ),Chips popcorn o dyl,2139.0,kJ
6858,Linsbågar fett 28%,Energi (kcal),Chips popcorn o dyl,511.0,kcal
6858,Linsbågar fett 28%,Disackarider,Chips popcorn o dyl,3.5,g
6858,Linsbågar fett 28%,"Kalcium, Ca",Chips popcorn o dyl,170.0,mg
6858,Linsbågar fett 28%,Fettsyra 4:0-10:0,Chips popcorn o dyl,0.5,g
6858,Linsbågar fett 28%,DHA (C22:6),Chips popcorn o dyl,0.0,g
6858,Linsbågar fett 28%,DPA (C22:5),Chips popcorn o dyl,0.0,g
6858,Linsbågar fett 28%,EPA (C20:5),Chips popcorn o dyl,0.0,g
6858,Linsbågar fett 28%,Arakidonsyra C20:4,Chips popcorn o dyl,0.0,g
6858,Linsbågar fett 28%,Arakidinsyra C20:0,Chips popcorn o dyl,0.1,g
6858,Linsbågar fett 28%,Linolensyra C18:3,Chips popcorn o dyl,0.5,g
6858,Linsbågar fett 28%,Linolsyra C18:2,Chips popcorn o dyl,2.4,g
6858,Linsbågar fett 28%,Oljesyra C18:1,Chips popcorn o dyl,20.2,g
6858,Linsbågar fett 28%,Stearinsyra C18:0,Chips popcorn o dyl,1.5,g
6858,Linsbågar fett 28%,Palmitoljesyra C16:1,Chips popcorn o dyl,0.1,g
6858,Linsbågar fett 28%,Palmitinsyra C16:0,Chips popcorn o dyl,2.7,g
6858,Linsbågar fett 28%,Myristinsyra C14:0,Chips popcorn o dyl,0.6,g
6858,Linsbågar fett 28%,Laurinsyra C12:0,Chips popcorn o dyl,0.2,g
6858,Linsbågar fett 28%,Betakaroten/β-Karoten,Chips popcorn o dyl,321.0,µg
6858,Linsbågar fett 28%,Avfall (skal etc.),Chips popcorn o dyl,0.0,%
6858,Linsbågar fett 28%,Aska,Chips popcorn o dyl,4.1,g
6858,Linsbågar fett 28%,Alkohol,Chips popcorn o dyl,0.0,g
6862,Frukostflingor ris glutenfri berikad typ Specialflingor,"Zink, Zn",Flingor - frukostflingor,1.4,mg
6862,Frukostflingor ris glutenfri berikad typ Specialflingor,Vitamin E,Flingor - frukostflingor,0.0,mg
6862,Frukostflingor ris glutenfri berikad typ Specialflingor,Vitamin D inkl 25-OH-D3,Flingor - frukostflingor,0.0,µg
6862,Frukostflingor ris glutenfri berikad typ Specialflingor,Vitamin D,Flingor - frukostflingor,0.0,µg
6862,Frukostflingor ris glutenfri berikad typ Specialflingor,Vitamin C,Flingor - frukostflingor,0.0,mg
6862,Frukostflingor ris glutenfri berikad typ Specialflingor,Vitamin B6,Flingor - frukostflingor,2.5,mg
6862,Frukostflingor ris glutenfri berikad typ Specialflingor,Vitamin B12,Flingor - frukostflingor,1.3,µg
6862,Frukostflingor ris glutenfri berikad typ Specialflingor,Vitamin A,Flingor - frukostflingor,0.0,RE/µg
6862,Frukostflingor ris glutenfri berikad typ Specialflingor,Vatten,Flingor - frukostflingor,4.8,g
6862,Frukostflingor ris glutenfri berikad typ Specialflingor,Tiamin,Flingor - frukostflingor,1.8,mg
6862,Frukostflingor ris glutenfri berikad typ Specialflingor,Tillsatt socker,Flingor - frukostflingor,8.0,g
6862,Frukostflingor ris glutenfri berikad typ Specialflingor,Fritt socker,Flingor - frukostflingor,9.0,g
6862,Frukostflingor ris glutenfri berikad typ Specialflingor,"Selen, Se",Flingor - frukostflingor,0.0,µg
6862,Frukostflingor ris glutenfri berikad typ Specialflingor,Sackaros,Flingor - frukostflingor,7.8,g
6862,Frukostflingor ris glutenfri berikad typ Specialflingor,Riboflavin,Flingor - frukostflingor,2.0,mg
6862,Frukostflingor ris glutenfri berikad typ Specialflingor,Retinol,Flingor - frukostflingor,0.0,µg
6862,Frukostflingor ris glutenfri berikad typ Specialflingor,Protein,Flingor - frukostflingor,5.9,g
6862,Frukostflingor ris glutenfri berikad typ Specialflingor,Summa fleromättade fettsyror,Flingor - frukostflingor,0.2,g
6862,Frukostflingor ris glutenfri berikad typ Specialflingor,"Fosfor, P",Flingor - frukostflingor,117.0,mg
6862,Frukostflingor ris glutenfri berikad typ Specialflingor,Niacinekvivalenter,Flingor - frukostflingor,26.0,NE/mg
6862,Frukostflingor ris glutenfri berikad typ Specialflingor,Niacin,Flingor - frukostflingor,25.0,mg
6862,Frukostflingor ris glutenfri berikad typ Specialflingor,"Salt, NaCl",Flingor - frukostflingor,0.4,g
6862,Frukostflingor ris glutenfri berikad typ Specialflingor,"Natrium, Na",Flingor - frukostflingor,174.0,mg
6862,Frukostflingor ris glutenfri berikad typ Specialflingor,Monosackarider,Flingor - frukostflingor,1.1,g
6862,Frukostflingor ris glutenfri berikad typ Specialflingor,"Sockerarter, totalt",Flingor - frukostflingor,9.0,g
6862,Frukostflingor ris glutenfri berikad typ Specialflingor,Summa enkelomättade fettsyror,Flingor - frukostflingor,0.2,g
6862,Frukostflingor ris glutenfri berikad typ Specialflingor,"Magnesium, Mg",Flingor - frukostflingor,32.0,mg
6862,Frukostflingor ris glutenfri berikad typ Specialflingor,Summa mättade fettsyror,Flingor - frukostflingor,0.1,g
6862,Frukostflingor ris glutenfri berikad typ Specialflingor,"Kolhydrater, tillgängliga",Flingor - frukostflingor,86.5,g
6862,Frukostflingor ris glutenfri berikad typ Specialflingor,Kolesterol,Flingor - frukostflingor,0.0,mg
6862,Frukostflingor ris glutenfri berikad typ Specialflingor,"Kalium, K",Flingor - frukostflingor,88.0,mg
6862,Frukostflingor ris glutenfri berikad typ Specialflingor,"Jod, I",Flingor - frukostflingor,0.0,µg
6862,Frukostflingor ris glutenfri berikad typ Specialflingor,Fullkorn totalt,Flingor - frukostflingor,0.0,g
6862,Frukostflingor ris glutenfri berikad typ Specialflingor,"Folat, totalt",Flingor - frukostflingor,250.0,µg
6862,Frukostflingor ris glutenfri berikad typ Specialflingor,Fibrer,Flingor - frukostflingor,1.2,g
6862,Frukostflingor ris glutenfri berikad typ Specialflingor,"Fett, totalt",Flingor - frukostflingor,0.7,g
6862,Frukostflingor ris glutenfri berikad typ Specialflingor,"Järn, Fe",Flingor - frukostflingor,12.0,mg
6862,Frukostflingor ris glutenfri berikad typ Specialflingor,Energi (kJ),Flingor - frukostflingor,1608.0,kJ
6862,Frukostflingor ris glutenfri berikad typ Specialflingor,Energi (kcal),Flingor - frukostflingor,384.0,kcal
6862,Frukostflingor ris glutenfri berikad typ Specialflingor,Disackarider,Flingor - frukostflingor,7.8,g
6862,Frukostflingor ris glutenfri berikad typ Specialflingor,"Kalcium, Ca",Flingor - frukostflingor,8.0,mg
6862,Frukostflingor ris glutenfri berikad typ Specialflingor,Fettsyra 4:0-10:0,Flingor - frukostflingor,0.0,g
6862,Frukostflingor ris glutenfri berikad typ Specialflingor,DHA (C22:6),Flingor - frukostflingor,0.0,g
6862,Frukostflingor ris glutenfri berikad typ Specialflingor,DPA (C22:5),Flingor - frukostflingor,0.0,g
6862,Frukostflingor ris glutenfri berikad typ Specialflingor,EPA (C20:5),Flingor - frukostflingor,0.0,g
6862,Frukostflingor ris glutenfri berikad typ Specialflingor,Arakidonsyra C20:4,Flingor - frukostflingor,0.0,g
6862,Frukostflingor ris glutenfri berikad typ Specialflingor,Arakidinsyra C20:0,Flingor - frukostflingor,0.0,g
6862,Frukostflingor ris glutenfri berikad typ Specialflingor,Linolensyra C18:3,Flingor - frukostflingor,0.0,g
6862,Frukostflingor ris glutenfri berikad typ Specialflingor,Linolsyra C18:2,Flingor - frukostflingor,0.2,g
6862,Frukostflingor ris glutenfri berikad typ Specialflingor,Oljesyra C18:1,Flingor - frukostflingor,0.2,g
6862,Frukostflingor ris glutenfri berikad typ Specialflingor,Stearinsyra C18:0,Flingor - frukostflingor,0.0,g
6862,Frukostflingor ris glutenfri berikad typ Specialflingor,Palmitoljesyra C16:1,Flingor - frukostflingor,0.0,g
6862,Frukostflingor ris glutenfri berikad typ Specialflingor,Palmitinsyra C16:0,Flingor - frukostflingor,0.1,g
6862,Frukostflingor ris glutenfri berikad typ Specialflingor,Myristinsyra C14:0,Flingor - frukostflingor,0.0,g
6862,Frukostflingor ris glutenfri berikad typ Specialflingor,Laurinsyra C12:0,Flingor - frukostflingor,0.0,g
6862,Frukostflingor ris glutenfri berikad typ Specialflingor,Betakaroten/β-Karoten,Flingor - frukostflingor,4.0,µg
6862,Frukostflingor ris glutenfri berikad typ Specialflingor,Avfall (skal etc.),Flingor - frukostflingor,0.0,%
6862,Frukostflingor ris glutenfri berikad typ Specialflingor,Aska,Flingor - frukostflingor,0.8,g
6862,Frukostflingor ris glutenfri berikad typ Specialflingor,Alkohol,Flingor - frukostflingor,0.0,g
6863,Frukostflingor granola glutenfri,"Zink, Zn",Flingor - frukostflingor,2.9,mg
6863,Frukostflingor granola glutenfri,Vitamin E,Flingor - frukostflingor,2.5,mg
6863,Frukostflingor granola glutenfri,Vitamin D inkl 25-OH-D3,Flingor - frukostflingor,0.0,µg
6863,Frukostflingor granola glutenfri,Vitamin D,Flingor - frukostflingor,0.0,µg
6863,Frukostflingor granola glutenfri,Vitamin C,Flingor - frukostflingor,2.1,mg
6863,Frukostflingor granola glutenfri,Vitamin B6,Flingor - frukostflingor,0.0,mg
6863,Frukostflingor granola glutenfri,Vitamin B12,Flingor - frukostflingor,0.0,µg
6863,Frukostflingor granola glutenfri,Vitamin A,Flingor - frukostflingor,0.0,RE/µg
6863,Frukostflingor granola glutenfri,Vatten,Flingor - frukostflingor,6.0,g
6863,Frukostflingor granola glutenfri,Tiamin,Flingor - frukostflingor,0.29,mg
6863,Frukostflingor granola glutenfri,Tillsatt socker,Flingor - frukostflingor,3.0,g
6863,Frukostflingor granola glutenfri,Fritt socker,Flingor - frukostflingor,3.0,g
6863,Frukostflingor granola glutenfri,"Selen, Se",Flingor - frukostflingor,0.0,µg
6863,Frukostflingor granola glutenfri,Sackaros,Flingor - frukostflingor,1.6,g
6863,Frukostflingor granola glutenfri,Riboflavin,Flingor - frukostflingor,0.05,mg
6863,Frukostflingor granola glutenfri,Retinol,Flingor - frukostflingor,0.0,µg
6863,Frukostflingor granola glutenfri,Protein,Flingor - frukostflingor,9.1,g
6863,Frukostflingor granola glutenfri,Summa fleromättade fettsyror,Flingor - frukostflingor,10.9,g
6863,Frukostflingor granola glutenfri,"Fosfor, P",Flingor - frukostflingor,382.0,mg
6863,Frukostflingor granola glutenfri,Niacinekvivalenter,Flingor - frukostflingor,2.4,NE/mg
6863,Frukostflingor granola glutenfri,Niacin,Flingor - frukostflingor,0.85,mg
6863,Frukostflingor granola glutenfri,"Salt, NaCl",Flingor - frukostflingor,0.4,g
6863,Frukostflingor granola glutenfri,"Natrium, Na",Flingor - frukostflingor,149.0,mg
6863,Frukostflingor granola glutenfri,Monosackarider,Flingor - frukostflingor,6.2,g
6863,Frukostflingor granola glutenfri,"Sockerarter, totalt",Flingor - frukostflingor,7.8,g
6863,Frukostflingor granola glutenfri,Summa enkelomättade fettsyror,Flingor - frukostflingor,6.6,g
6863,Frukostflingor granola glutenfri,"Magnesium, Mg",Flingor - frukostflingor,153.0,mg
6863,Frukostflingor granola glutenfri,Summa mättade fettsyror,Flingor - frukostflingor,1.8,g
6863,Frukostflingor granola glutenfri,"Kolhydrater, tillgängliga",Flingor - frukostflingor,44.5,g
6863,Frukostflingor granola glutenfri,Kolesterol,Flingor - frukostflingor,0.0,mg
6863,Frukostflingor granola glutenfri,"Kalium, K",Flingor - frukostflingor,389.0,mg
6863,Frukostflingor granola glutenfri,"Jod, I",Flingor - frukostflingor,0.0,µg
6863,Frukostflingor granola glutenfri,Fullkorn totalt,Flingor - frukostflingor,51.0,g
6863,Frukostflingor granola glutenfri,"Folat, totalt",Flingor - frukostflingor,34.5,µg
6863,Frukostflingor granola glutenfri,Fibrer,Flingor - frukostflingor,18.0,g
6863,Frukostflingor granola glutenfri,"Fett, totalt",Flingor - frukostflingor,20.3,g
6863,Frukostflingor granola glutenfri,"Järn, Fe",Flingor - frukostflingor,3.2,mg
6863,Frukostflingor granola glutenfri,Energi (kJ),Flingor - frukostflingor,1807.0,kJ
6863,Frukostflingor granola glutenfri,Energi (kcal),Flingor - frukostflingor,432.0,kcal
6863,Frukostflingor granola glutenfri,Disackarider,Flingor - frukostflingor,1.6,g
6863,Frukostflingor granola glutenfri,"Kalcium, Ca",Flingor - frukostflingor,84.0,mg
6863,Frukostflingor granola glutenfri,Fettsyra 4:0-10:0,Flingor - frukostflingor,0.0,g
6863,Frukostflingor granola glutenfri,DHA (C22:6),Flingor - frukostflingor,0.0,g
6863,Frukostflingor granola glutenfri,DPA (C22:5),Flingor - frukostflingor,0.0,g
6863,Frukostflingor granola glutenfri,EPA (C20:5),Flingor - frukostflingor,0.0,g
6863,Frukostflingor granola glutenfri,Arakidonsyra C20:4,Flingor - frukostflingor,0.0,g
6863,Frukostflingor granola glutenfri,Arakidinsyra C20:0,Flingor - frukostflingor,0.0,g
6863,Frukostflingor granola glutenfri,Linolensyra C18:3,Flingor - frukostflingor,0.0,g
6863,Frukostflingor granola glutenfri,Linolsyra C18:2,Flingor - frukostflingor,10.9,g
6863,Frukostflingor granola glutenfri,Oljesyra C18:1,Flingor - frukostflingor,6.6,g
6863,Frukostflingor granola glutenfri,Stearinsyra C18:0,Flingor - frukostflingor,0.6,g
6863,Frukostflingor granola glutenfri,Palmitoljesyra C16:1,Flingor - frukostflingor,0.0,g
6863,Frukostflingor granola glutenfri,Palmitinsyra C16:0,Flingor - frukostflingor,1.0,g
6863,Frukostflingor granola glutenfri,Myristinsyra C14:0,Flingor - frukostflingor,0.0,g
6863,Frukostflingor granola glutenfri,Laurinsyra C12:0,Flingor - frukostflingor,0.0,g
6863,Frukostflingor granola glutenfri,Betakaroten/β-Karoten,Flingor - frukostflingor,0.0,µg
6863,Frukostflingor granola glutenfri,Avfall (skal etc.),Flingor - frukostflingor,0.0,%
6863,Frukostflingor granola glutenfri,Aska,Flingor - frukostflingor,2.1,g
6863,Frukostflingor granola glutenfri,Alkohol,Flingor - frukostflingor,0.0,g
6864,Frukostflingor majs glutenfri berikad,"Zink, Zn",Flingor - frukostflingor,0.2,mg
6864,Frukostflingor majs glutenfri berikad,Vitamin E,Flingor - frukostflingor,0.2,mg
6864,Frukostflingor majs glutenfri berikad,Vitamin D inkl 25-OH-D3,Flingor - frukostflingor,0.0,µg
6864,Frukostflingor majs glutenfri berikad,Vitamin D,Flingor - frukostflingor,0.0,µg
6864,Frukostflingor majs glutenfri berikad,Vitamin C,Flingor - frukostflingor,0.0,mg
6864,Frukostflingor majs glutenfri berikad,Vitamin B6,Flingor - frukostflingor,1.7,mg
6864,Frukostflingor majs glutenfri berikad,Vitamin B12,Flingor - frukostflingor,0.8,µg
6864,Frukostflingor majs glutenfri berikad,Vitamin A,Flingor - frukostflingor,1.0,RE/µg
6864,Frukostflingor majs glutenfri berikad,Vatten,Flingor - frukostflingor,5.3,g
6864,Frukostflingor majs glutenfri berikad,Tiamin,Flingor - frukostflingor,1.2,mg
6864,Frukostflingor majs glutenfri berikad,Tillsatt socker,Flingor - frukostflingor,0.0,g
6864,Frukostflingor majs glutenfri berikad,Fritt socker,Flingor - frukostflingor,0.0,g
6864,Frukostflingor majs glutenfri berikad,"Selen, Se",Flingor - frukostflingor,0.0,µg
6864,Frukostflingor majs glutenfri berikad,Sackaros,Flingor - frukostflingor,1.8,g
6864,Frukostflingor majs glutenfri berikad,Riboflavin,Flingor - frukostflingor,1.3,mg
6864,Frukostflingor majs glutenfri berikad,Retinol,Flingor - frukostflingor,0.0,µg
6864,Frukostflingor majs glutenfri berikad,Protein,Flingor - frukostflingor,7.4,g
6864,Frukostflingor majs glutenfri berikad,Summa fleromättade fettsyror,Flingor - frukostflingor,0.0,g
6864,Frukostflingor majs glutenfri berikad,"Fosfor, P",Flingor - frukostflingor,41.0,mg
6864,Frukostflingor majs glutenfri berikad,Niacinekvivalenter,Flingor - frukostflingor,15.7,NE/mg
6864,Frukostflingor majs glutenfri berikad,Niacin,Flingor - frukostflingor,15.0,mg
6864,Frukostflingor majs glutenfri berikad,"Salt, NaCl",Flingor - frukostflingor,1.8,g
6864,Frukostflingor majs glutenfri berikad,"Natrium, Na",Flingor - frukostflingor,707.0,mg
6864,Frukostflingor majs glutenfri berikad,Monosackarider,Flingor - frukostflingor,1.0,g
6864,Frukostflingor majs glutenfri berikad,"Sockerarter, totalt",Flingor - frukostflingor,2.8,g
6864,Frukostflingor majs glutenfri berikad,Summa enkelomättade fettsyror,Flingor - frukostflingor,0.0,g
6864,Frukostflingor majs glutenfri berikad,"Magnesium, Mg",Flingor - frukostflingor,9.0,mg
6864,Frukostflingor majs glutenfri berikad,Summa mättade fettsyror,Flingor - frukostflingor,0.0,g
6864,Frukostflingor majs glutenfri berikad,"Kolhydrater, tillgängliga",Flingor - frukostflingor,81.3,g
6864,Frukostflingor majs glutenfri berikad,Kolesterol,Flingor - frukostflingor,0.0,mg
6864,Frukostflingor majs glutenfri berikad,"Kalium, K",Flingor - frukostflingor,83.0,mg
6864,Frukostflingor majs glutenfri berikad,"Jod, I",Flingor - frukostflingor,0.0,µg
6864,Frukostflingor majs glutenfri berikad,Fullkorn totalt,Flingor - frukostflingor,0.0,g
6864,Frukostflingor majs glutenfri berikad,"Folat, totalt",Flingor - frukostflingor,170.0,µg
6864,Frukostflingor majs glutenfri berikad,Fibrer,Flingor - frukostflingor,3.4,g
6864,Frukostflingor majs glutenfri berikad,"Fett, totalt",Flingor - frukostflingor,0.2,g
6864,Frukostflingor majs glutenfri berikad,"Järn, Fe",Flingor - frukostflingor,0.2,mg
6864,Frukostflingor majs glutenfri berikad,Energi (kJ),Flingor - frukostflingor,1543.0,kJ
6864,Frukostflingor majs glutenfri berikad,Energi (kcal),Flingor - frukostflingor,369.0,kcal
6864,Frukostflingor majs glutenfri berikad,Disackarider,Flingor - frukostflingor,1.8,g
6864,Frukostflingor majs glutenfri berikad,"Kalcium, Ca",Flingor - frukostflingor,3.0,mg
6864,Frukostflingor majs glutenfri berikad,Fettsyra 4:0-10:0,Flingor - frukostflingor,0.0,g
6864,Frukostflingor majs glutenfri berikad,DHA (C22:6),Flingor - frukostflingor,0.0,g
6864,Frukostflingor majs glutenfri berikad,DPA (C22:5),Flingor - frukostflingor,0.0,g
6864,Frukostflingor majs glutenfri berikad,EPA (C20:5),Flingor - frukostflingor,0.0,g
6864,Frukostflingor majs glutenfri berikad,Arakidonsyra C20:4,Flingor - frukostflingor,0.0,g
6864,Frukostflingor majs glutenfri berikad,Arakidinsyra C20:0,Flingor - frukostflingor,0.0,g
6864,Frukostflingor majs glutenfri berikad,Linolensyra C18:3,Flingor - frukostflingor,0.0,g
6864,Frukostflingor majs glutenfri berikad,Linolsyra C18:2,Flingor - frukostflingor,0.0,g
6864,Frukostflingor majs glutenfri berikad,Oljesyra C18:1,Flingor - frukostflingor,0.0,g
6864,Frukostflingor majs glutenfri berikad,Stearinsyra C18:0,Flingor - frukostflingor,0.0,g
6864,Frukostflingor majs glutenfri berikad,Palmitoljesyra C16:1,Flingor - frukostflingor,0.0,g
6864,Frukostflingor majs glutenfri berikad,Palmitinsyra C16:0,Flingor - frukostflingor,0.0,g
6864,Frukostflingor majs glutenfri berikad,Myristinsyra C14:0,Flingor - frukostflingor,0.0,g
6864,Frukostflingor majs glutenfri berikad,Laurinsyra C12:0,Flingor - frukostflingor,0.0,g
6864,Frukostflingor majs glutenfri berikad,Betakaroten/β-Karoten,Flingor - frukostflingor,17.0,µg
6864,Frukostflingor majs glutenfri berikad,Avfall (skal etc.),Flingor - frukostflingor,0.0,%
6864,Frukostflingor majs glutenfri berikad,Aska,Flingor - frukostflingor,2.3,g
6864,Frukostflingor majs glutenfri berikad,Alkohol,Flingor - frukostflingor,0.0,g
6865,Mjölblandning ljus glutenfri,"Zink, Zn",Mjöl stärkelse kli,0.4,mg
6865,Mjölblandning ljus glutenfri,Vitamin E,Mjöl stärkelse kli,0.0,mg
6865,Mjölblandning ljus glutenfri,Vitamin D,Mjöl stärkelse kli,0.0,µg
6865,Mjölblandning ljus glutenfri,Vitamin C,Mjöl stärkelse kli,0.0,mg
6865,Mjölblandning ljus glutenfri,Vitamin B6,Mjöl stärkelse kli,0.48,mg
6865,Mjölblandning ljus glutenfri,Vitamin B12,Mjöl stärkelse kli,0.15,µg
6865,Mjölblandning ljus glutenfri,Vitamin A,Mjöl stärkelse kli,0.5,RE/µg
6865,Mjölblandning ljus glutenfri,Vatten,Mjöl stärkelse kli,11.4,g
6865,Mjölblandning ljus glutenfri,Tiamin,Mjöl stärkelse kli,0.5,mg
6865,Mjölblandning ljus glutenfri,Tillsatt socker,Mjöl stärkelse kli,2.0,g
6865,Mjölblandning ljus glutenfri,Fritt socker,Mjöl stärkelse kli,2.0,g
6865,Mjölblandning ljus glutenfri,"Selen, Se",Mjöl stärkelse kli,0.0,µg
6865,Mjölblandning ljus glutenfri,Sackaros,Mjöl stärkelse kli,1.5,g
6865,Mjölblandning ljus glutenfri,Riboflavin,Mjöl stärkelse kli,0.3,mg
6865,Mjölblandning ljus glutenfri,Retinol,Mjöl stärkelse kli,0.5,µg
6865,Mjölblandning ljus glutenfri,Protein,Mjöl stärkelse kli,2.8,g
6865,Mjölblandning ljus glutenfri,Summa fleromättade fettsyror,Mjöl stärkelse kli,0.0,g
6865,Mjölblandning ljus glutenfri,"Fosfor, P",Mjöl stärkelse kli,88.0,mg
6865,Mjölblandning ljus glutenfri,Niacinekvivalenter,Mjöl stärkelse kli,5.7,NE/mg
6865,Mjölblandning ljus glutenfri,Niacin,Mjöl stärkelse kli,5.2,mg
6865,Mjölblandning ljus glutenfri,"Salt, NaCl",Mjöl stärkelse kli,0.1,g
6865,Mjölblandning ljus glutenfri,"Natrium, Na",Mjöl stärkelse kli,42.0,mg
6865,Mjölblandning ljus glutenfri,Monosackarider,Mjöl stärkelse kli,0.0,g
6865,Mjölblandning ljus glutenfri,"Sockerarter, totalt",Mjöl stärkelse kli,3.4,g
6865,Mjölblandning ljus glutenfri,Summa enkelomättade fettsyror,Mjöl stärkelse kli,0.0,g
6865,Mjölblandning ljus glutenfri,"Magnesium, Mg",Mjöl stärkelse kli,12.0,mg
6865,Mjölblandning ljus glutenfri,Summa mättade fettsyror,Mjöl stärkelse kli,0.0,g
6865,Mjölblandning ljus glutenfri,"Kolhydrater, tillgängliga",Mjöl stärkelse kli,75.0,g
6865,Mjölblandning ljus glutenfri,Kolesterol,Mjöl stärkelse kli,0.5,mg
6865,Mjölblandning ljus glutenfri,"Kalium, K",Mjöl stärkelse kli,90.0,mg
6865,Mjölblandning ljus glutenfri,"Jod, I",Mjöl stärkelse kli,4.5,µg
6865,Mjölblandning ljus glutenfri,Fullkorn totalt,Mjöl stärkelse kli,0.0,g
6865,Mjölblandning ljus glutenfri,"Folat, totalt",Mjöl stärkelse kli,22.0,µg
6865,Mjölblandning ljus glutenfri,Fibrer,Mjöl stärkelse kli,10.3,g
6865,Mjölblandning ljus glutenfri,"Fett, totalt",Mjöl stärkelse kli,0.0,g
6865,Mjölblandning ljus glutenfri,"Järn, Fe",Mjöl stärkelse kli,5.6,mg
6865,Mjölblandning ljus glutenfri,Energi (kJ),Mjöl stärkelse kli,1404.0,kJ
6865,Mjölblandning ljus glutenfri,Energi (kcal),Mjöl stärkelse kli,336.0,kcal
6865,Mjölblandning ljus glutenfri,Disackarider,Mjöl stärkelse kli,3.4,g
6865,Mjölblandning ljus glutenfri,"Kalcium, Ca",Mjöl stärkelse kli,59.0,mg
6865,Mjölblandning ljus glutenfri,Fettsyra 4:0-10:0,Mjöl stärkelse kli,0.0,g
6865,Mjölblandning ljus glutenfri,DHA (C22:6),Mjöl stärkelse kli,0.0,g
6865,Mjölblandning ljus glutenfri,DPA (C22:5),Mjöl stärkelse kli,0.0,g
6865,Mjölblandning ljus glutenfri,EPA (C20:5),Mjöl stärkelse kli,0.0,g
6865,Mjölblandning ljus glutenfri,Arakidonsyra C20:4,Mjöl stärkelse kli,0.0,g
6865,Mjölblandning ljus glutenfri,Arakidinsyra C20:0,Mjöl stärkelse kli,0.0,g
6865,Mjölblandning ljus glutenfri,Linolensyra C18:3,Mjöl stärkelse kli,0.0,g
6865,Mjölblandning ljus glutenfri,Linolsyra C18:2,Mjöl stärkelse kli,0.0,g
6865,Mjölblandning ljus glutenfri,Oljesyra C18:1,Mjöl stärkelse kli,0.0,g
6865,Mjölblandning ljus glutenfri,Stearinsyra C18:0,Mjöl stärkelse kli,0.0,g
6865,Mjölblandning ljus glutenfri,Palmitoljesyra C16:1,Mjöl stärkelse kli,0.0,g
6865,Mjölblandning ljus glutenfri,Palmitinsyra C16:0,Mjöl stärkelse kli,0.0,g
6865,Mjölblandning ljus glutenfri,Myristinsyra C14:0,Mjöl stärkelse kli,0.0,g
6865,Mjölblandning ljus glutenfri,Laurinsyra C12:0,Mjöl stärkelse kli,0.0,g
6865,Mjölblandning ljus glutenfri,Betakaroten/β-Karoten,Mjöl stärkelse kli,0.0,µg
6865,Mjölblandning ljus glutenfri,Avfall (skal etc.),Mjöl stärkelse kli,0.0,%
6865,Mjölblandning ljus glutenfri,Aska,Mjöl stärkelse kli,0.6,g
6865,Mjölblandning ljus glutenfri,Alkohol,Mjöl stärkelse kli,0.0,g
6868,Bovetemjöl grovt,"Zink, Zn",Mjöl stärkelse kli,5.2,mg
6868,Bovetemjöl grovt,Vitamin E,Mjöl stärkelse kli,0.3,mg
6868,Bovetemjöl grovt,Vitamin D inkl 25-OH-D3,Mjöl stärkelse kli,0.0,µg
6868,Bovetemjöl grovt,Vitamin D,Mjöl stärkelse kli,0.0,µg
6868,Bovetemjöl grovt,Vitamin C,Mjöl stärkelse kli,0.0,mg
6868,Bovetemjöl grovt,Vitamin B6,Mjöl stärkelse kli,0.39,mg
6868,Bovetemjöl grovt,Vitamin B12,Mjöl stärkelse kli,0.0,µg
6868,Bovetemjöl grovt,Vitamin A,Mjöl stärkelse kli,0.2,RE/µg
6868,Bovetemjöl grovt,Vatten,Mjöl stärkelse kli,10.2,g
6868,Bovetemjöl grovt,Tiamin,Mjöl stärkelse kli,0.34,mg
6868,Bovetemjöl grovt,Tillsatt socker,Mjöl stärkelse kli,0.0,g
6868,Bovetemjöl grovt,Fritt socker,Mjöl stärkelse kli,0.0,g
6868,Bovetemjöl grovt,"Selen, Se",Mjöl stärkelse kli,0.0,µg
6868,Bovetemjöl grovt,Sackaros,Mjöl stärkelse kli,0.9,g
6868,Bovetemjöl grovt,Riboflavin,Mjöl stärkelse kli,0.09,mg
6868,Bovetemjöl grovt,Retinol,Mjöl stärkelse kli,0.0,µg
6868,Bovetemjöl grovt,Protein,Mjöl stärkelse kli,17.7,g
6868,Bovetemjöl grovt,Summa fleromättade fettsyror,Mjöl stärkelse kli,1.0,g
6868,Bovetemjöl grovt,"Fosfor, P",Mjöl stärkelse kli,632.0,mg
6868,Bovetemjöl grovt,Niacinekvivalenter,Mjöl stärkelse kli,9.2,NE/mg
6868,Bovetemjöl grovt,Niacin,Mjöl stärkelse kli,6.28,mg
6868,Bovetemjöl grovt,"Salt, NaCl",Mjöl stärkelse kli,0.0,g
6868,Bovetemjöl grovt,"Natrium, Na",Mjöl stärkelse kli,0.0,mg
6868,Bovetemjöl grovt,Monosackarider,Mjöl stärkelse kli,0.2,g
6868,Bovetemjöl grovt,"Sockerarter, totalt",Mjöl stärkelse kli,1.1,g
6868,Bovetemjöl grovt,Summa enkelomättade fettsyror,Mjöl stärkelse kli,1.1,g
6868,Bovetemjöl grovt,"Magnesium, Mg",Mjöl stärkelse kli,290.0,mg
6868,Bovetemjöl grovt,Summa mättade fettsyror,Mjöl stärkelse kli,0.6,g
6868,Bovetemjöl grovt,"Kolhydrater, tillgängliga",Mjöl stärkelse kli,60.2,g
6868,Bovetemjöl grovt,Kolesterol,Mjöl stärkelse kli,0.0,mg
6868,Bovetemjöl grovt,"Kalium, K",Mjöl stärkelse kli,641.0,mg
6868,Bovetemjöl grovt,"Jod, I",Mjöl stärkelse kli,0.0,µg
6868,Bovetemjöl grovt,Fullkorn totalt,Mjöl stärkelse kli,0.0,g
6868,Bovetemjöl grovt,"Folat, totalt",Mjöl stärkelse kli,44.0,µg
6868,Bovetemjöl grovt,Fibrer,Mjöl stärkelse kli,5.5,g
6868,Bovetemjöl grovt,"Fett, totalt",Mjöl stärkelse kli,3.7,g
6868,Bovetemjöl grovt,"Järn, Fe",Mjöl stärkelse kli,3.9,mg
6868,Bovetemjöl grovt,Energi (kJ),Mjöl stärkelse kli,1506.0,kJ
6868,Bovetemjöl grovt,Energi (kcal),Mjöl stärkelse kli,360.0,kcal
6868,Bovetemjöl grovt,Disackarider,Mjöl stärkelse kli,0.9,g
6868,Bovetemjöl grovt,"Kalcium, Ca",Mjöl stärkelse kli,22.0,mg
6868,Bovetemjöl grovt,Fettsyra 4:0-10:0,Mjöl stärkelse kli,0.0,g
6868,Bovetemjöl grovt,DHA (C22:6),Mjöl stärkelse kli,0.0,g
6868,Bovetemjöl grovt,DPA (C22:5),Mjöl stärkelse kli,0.0,g
6868,Bovetemjöl grovt,EPA (C20:5),Mjöl stärkelse kli,0.0,g
6868,Bovetemjöl grovt,Arakidonsyra C20:4,Mjöl stärkelse kli,0.0,g
6868,Bovetemjöl grovt,Arakidinsyra C20:0,Mjöl stärkelse kli,0.0,g
6868,Bovetemjöl grovt,Linolensyra C18:3,Mjöl stärkelse kli,0.0,g
6868,Bovetemjöl grovt,Linolsyra C18:2,Mjöl stärkelse kli,0.9,g
6868,Bovetemjöl grovt,Oljesyra C18:1,Mjöl stärkelse kli,1.0,g
6868,Bovetemjöl grovt,Stearinsyra C18:0,Mjöl stärkelse kli,0.0,g
6868,Bovetemjöl grovt,Palmitoljesyra C16:1,Mjöl stärkelse kli,0.0,g
6868,Bovetemjöl grovt,Palmitinsyra C16:0,Mjöl stärkelse kli,0.4,g
6868,Bovetemjöl grovt,Myristinsyra C14:0,Mjöl stärkelse kli,0.0,g
6868,Bovetemjöl grovt,Laurinsyra C12:0,Mjöl stärkelse kli,0.0,g
6868,Bovetemjöl grovt,Betakaroten/β-Karoten,Mjöl stärkelse kli,3.0,µg
6868,Bovetemjöl grovt,Avfall (skal etc.),Mjöl stärkelse kli,0.0,%
6868,Bovetemjöl grovt,Aska,Mjöl stärkelse kli,2.7,g
6868,Bovetemjöl grovt,Alkohol,Mjöl stärkelse kli,0.0,g
6869,Teffmjöl,"Zink, Zn",Mjöl stärkelse kli,3.0,mg
6869,Teffmjöl,Vitamin E,Mjöl stärkelse kli,0.1,mg
6869,Teffmjöl,Vitamin D inkl 25-OH-D3,Mjöl stärkelse kli,0.0,µg
6869,Teffmjöl,Vitamin D,Mjöl stärkelse kli,0.0,µg
6869,Teffmjöl,Vitamin C,Mjöl stärkelse kli,0.0,mg
6869,Teffmjöl,Vitamin B6,Mjöl stärkelse kli,0.22,mg
6869,Teffmjöl,Vitamin B12,Mjöl stärkelse kli,0.0,µg
6869,Teffmjöl,Vitamin A,Mjöl stärkelse kli,0.0,RE/µg
6869,Teffmjöl,Vatten,Mjöl stärkelse kli,11.7,g
6869,Teffmjöl,Tiamin,Mjöl stärkelse kli,0.52,mg
6869,Teffmjöl,Tillsatt socker,Mjöl stärkelse kli,0.0,g
6869,Teffmjöl,Fritt socker,Mjöl stärkelse kli,0.0,g
6869,Teffmjöl,"Selen, Se",Mjöl stärkelse kli,0.0,µg
6869,Teffmjöl,Sackaros,Mjöl stärkelse kli,1.1,g
6869,Teffmjöl,Riboflavin,Mjöl stärkelse kli,0.11,mg
6869,Teffmjöl,Retinol,Mjöl stärkelse kli,0.0,µg
6869,Teffmjöl,Protein,Mjöl stärkelse kli,10.3,g
6869,Teffmjöl,Summa fleromättade fettsyror,Mjöl stärkelse kli,0.7,g
6869,Teffmjöl,"Fosfor, P",Mjöl stärkelse kli,440.0,mg
6869,Teffmjöl,Niacinekvivalenter,Mjöl stärkelse kli,3.5,NE/mg
6869,Teffmjöl,Niacin,Mjöl stärkelse kli,1.77,mg
6869,Teffmjöl,"Salt, NaCl",Mjöl stärkelse kli,0.0,g
6869,Teffmjöl,"Natrium, Na",Mjöl stärkelse kli,17.0,mg
6869,Teffmjöl,Monosackarider,Mjöl stärkelse kli,0.2,g
6869,Teffmjöl,"Sockerarter, totalt",Mjöl stärkelse kli,1.3,g
6869,Teffmjöl,Summa enkelomättade fettsyror,Mjöl stärkelse kli,0.5,g
6869,Teffmjöl,"Magnesium, Mg",Mjöl stärkelse kli,190.0,mg
6869,Teffmjöl,Summa mättade fettsyror,Mjöl stärkelse kli,0.4,g
6869,Teffmjöl,"Kolhydrater, tillgängliga",Mjöl stärkelse kli,65.3,g
6869,Teffmjöl,Kolesterol,Mjöl stärkelse kli,0.0,mg
6869,Teffmjöl,"Kalium, K",Mjöl stärkelse kli,420.0,mg
6869,Teffmjöl,"Jod, I",Mjöl stärkelse kli,1.2,µg
6869,Teffmjöl,Fullkorn totalt,Mjöl stärkelse kli,0.0,g
6869,Teffmjöl,"Folat, totalt",Mjöl stärkelse kli,33.7,µg
6869,Teffmjöl,Fibrer,Mjöl stärkelse kli,8.2,g
6869,Teffmjöl,"Fett, totalt",Mjöl stärkelse kli,2.3,g
6869,Teffmjöl,"Järn, Fe",Mjöl stärkelse kli,6.8,mg
6869,Teffmjöl,Energi (kJ),Mjöl stärkelse kli,1437.0,kJ
6869,Teffmjöl,Energi (kcal),Mjöl stärkelse kli,344.0,kcal
6869,Teffmjöl,Disackarider,Mjöl stärkelse kli,1.1,g
6869,Teffmjöl,"Kalcium, Ca",Mjöl stärkelse kli,170.0,mg
6869,Teffmjöl,Fettsyra 4:0-10:0,Mjöl stärkelse kli,0.0,g
6869,Teffmjöl,DHA (C22:6),Mjöl stärkelse kli,0.0,g
6869,Teffmjöl,DPA (C22:5),Mjöl stärkelse kli,0.0,g
6869,Teffmjöl,EPA (C20:5),Mjöl stärkelse kli,0.0,g
6869,Teffmjöl,Arakidonsyra C20:4,Mjöl stärkelse kli,0.0,g
6869,Teffmjöl,Arakidinsyra C20:0,Mjöl stärkelse kli,0.0,g
6869,Teffmjöl,Linolensyra C18:3,Mjöl stärkelse kli,0.1,g
6869,Teffmjöl,Linolsyra C18:2,Mjöl stärkelse kli,0.6,g
6869,Teffmjöl,Oljesyra C18:1,Mjöl stärkelse kli,0.4,g
6869,Teffmjöl,Stearinsyra C18:0,Mjöl stärkelse kli,0.1,g
6869,Teffmjöl,Palmitoljesyra C16:1,Mjöl stärkelse kli,0.0,g
6869,Teffmjöl,Palmitinsyra C16:0,Mjöl stärkelse kli,0.3,g
6869,Teffmjöl,Myristinsyra C14:0,Mjöl stärkelse kli,0.0,g
6869,Teffmjöl,Laurinsyra C12:0,Mjöl stärkelse kli,0.0,g
6869,Teffmjöl,Betakaroten/β-Karoten,Mjöl stärkelse kli,0.0,µg
6869,Teffmjöl,Avfall (skal etc.),Mjöl stärkelse kli,0.0,%
6869,Teffmjöl,Aska,Mjöl stärkelse kli,2.2,g
6869,Teffmjöl,Alkohol,Mjöl stärkelse kli,0.0,g
6870,Våffelmix glutenfri,"Zink, Zn",Mjöl stärkelse kli,0.6,mg
6870,Våffelmix glutenfri,Vitamin E,Mjöl stärkelse kli,0.4,mg
6870,Våffelmix glutenfri,Vitamin D,Mjöl stärkelse kli,0.2,µg
6870,Våffelmix glutenfri,Vitamin C,Mjöl stärkelse kli,6.0,mg
6870,Våffelmix glutenfri,Vitamin B6,Mjöl stärkelse kli,0.13,mg
6870,Våffelmix glutenfri,Vitamin B12,Mjöl stärkelse kli,0.6,µg
6870,Våffelmix glutenfri,Vitamin A,Mjöl stärkelse kli,31.0,RE/µg
6870,Våffelmix glutenfri,Vatten,Mjöl stärkelse kli,3.4,g
6870,Våffelmix glutenfri,Tiamin,Mjöl stärkelse kli,0.07,mg
6870,Våffelmix glutenfri,Tillsatt socker,Mjöl stärkelse kli,15.0,g
6870,Våffelmix glutenfri,Fritt socker,Mjöl stärkelse kli,15.0,g
6870,Våffelmix glutenfri,"Selen, Se",Mjöl stärkelse kli,0.0,µg
6870,Våffelmix glutenfri,Sackaros,Mjöl stärkelse kli,15.4,g
6870,Våffelmix glutenfri,Riboflavin,Mjöl stärkelse kli,0.21,mg
6870,Våffelmix glutenfri,Retinol,Mjöl stärkelse kli,31.0,µg
6870,Våffelmix glutenfri,Protein,Mjöl stärkelse kli,5.4,g
6870,Våffelmix glutenfri,Summa fleromättade fettsyror,Mjöl stärkelse kli,0.2,g
6870,Våffelmix glutenfri,"Fosfor, P",Mjöl stärkelse kli,268.0,mg
6870,Våffelmix glutenfri,Niacinekvivalenter,Mjöl stärkelse kli,1.9,NE/mg
6870,Våffelmix glutenfri,Niacin,Mjöl stärkelse kli,0.5,mg
6870,Våffelmix glutenfri,"Salt, NaCl",Mjöl stärkelse kli,1.2,g
6870,Våffelmix glutenfri,"Natrium, Na",Mjöl stärkelse kli,469.0,mg
6870,Våffelmix glutenfri,Monosackarider,Mjöl stärkelse kli,0.0,g
6870,Våffelmix glutenfri,"Sockerarter, totalt",Mjöl stärkelse kli,18.1,g
6870,Våffelmix glutenfri,Summa enkelomättade fettsyror,Mjöl stärkelse kli,0.5,g
6870,Våffelmix glutenfri,"Magnesium, Mg",Mjöl stärkelse kli,15.0,mg
6870,Våffelmix glutenfri,Summa mättade fettsyror,Mjöl stärkelse kli,0.4,g
6870,Våffelmix glutenfri,"Kolhydrater, tillgängliga",Mjöl stärkelse kli,87.7,g
6870,Våffelmix glutenfri,Kolesterol,Mjöl stärkelse kli,101.0,mg
6870,Våffelmix glutenfri,"Kalium, K",Mjöl stärkelse kli,204.0,mg
6870,Våffelmix glutenfri,"Jod, I",Mjöl stärkelse kli,0.2,µg
6870,Våffelmix glutenfri,Fullkorn totalt,Mjöl stärkelse kli,0.0,g
6870,Våffelmix glutenfri,"Folat, totalt",Mjöl stärkelse kli,15.0,µg
6870,Våffelmix glutenfri,Fibrer,Mjöl stärkelse kli,0.0,g
6870,Våffelmix glutenfri,"Fett, totalt",Mjöl stärkelse kli,1.3,g
6870,Våffelmix glutenfri,"Järn, Fe",Mjöl stärkelse kli,0.6,mg
6870,Våffelmix glutenfri,Energi (kJ),Mjöl stärkelse kli,1632.0,kJ
6870,Våffelmix glutenfri,Energi (kcal),Mjöl stärkelse kli,390.0,kcal
6870,Våffelmix glutenfri,Disackarider,Mjöl stärkelse kli,18.1,g
6870,Våffelmix glutenfri,"Kalcium, Ca",Mjöl stärkelse kli,84.0,mg
6870,Våffelmix glutenfri,Fettsyra 4:0-10:0,Mjöl stärkelse kli,0.0,g
6870,Våffelmix glutenfri,DHA (C22:6),Mjöl stärkelse kli,0.0,g
6870,Våffelmix glutenfri,DPA (C22:5),Mjöl stärkelse kli,0.0,g
6870,Våffelmix glutenfri,EPA (C20:5),Mjöl stärkelse kli,0.0,g
6870,Våffelmix glutenfri,Arakidonsyra C20:4,Mjöl stärkelse kli,0.0,g
6870,Våffelmix glutenfri,Arakidinsyra C20:0,Mjöl stärkelse kli,0.0,g
6870,Våffelmix glutenfri,Linolensyra C18:3,Mjöl stärkelse kli,0.0,g
6870,Våffelmix glutenfri,Linolsyra C18:2,Mjöl stärkelse kli,0.2,g
6870,Våffelmix glutenfri,Oljesyra C18:1,Mjöl stärkelse kli,0.5,g
6870,Våffelmix glutenfri,Stearinsyra C18:0,Mjöl stärkelse kli,0.1,g
6870,Våffelmix glutenfri,Palmitoljesyra C16:1,Mjöl stärkelse kli,0.0,g
6870,Våffelmix glutenfri,Palmitinsyra C16:0,Mjöl stärkelse kli,0.3,g
6870,Våffelmix glutenfri,Myristinsyra C14:0,Mjöl stärkelse kli,0.0,g
6870,Våffelmix glutenfri,Laurinsyra C12:0,Mjöl stärkelse kli,0.0,g
6870,Våffelmix glutenfri,Betakaroten/β-Karoten,Mjöl stärkelse kli,0.0,µg
6870,Våffelmix glutenfri,Avfall (skal etc.),Mjöl stärkelse kli,0.0,%
6870,Våffelmix glutenfri,Aska,Mjöl stärkelse kli,2.2,g
6870,Våffelmix glutenfri,Alkohol,Mjöl stärkelse kli,0.0,g
6871,Våffla glutenfri,"Zink, Zn","Pannkakor, våfflor, crêpes",0.2,mg
6871,Våffla glutenfri,Vitamin E,"Pannkakor, våfflor, crêpes",1.6,mg
6871,Våffla glutenfri,Vitamin D,"Pannkakor, våfflor, crêpes",0.44,µg
6871,Våffla glutenfri,Vitamin C,"Pannkakor, våfflor, crêpes",2.0,mg
6871,Våffla glutenfri,Vitamin B6,"Pannkakor, våfflor, crêpes",0.04,mg
6871,Våffla glutenfri,Vitamin B12,"Pannkakor, våfflor, crêpes",0.19,µg
6871,Våffla glutenfri,Vitamin A,"Pannkakor, våfflor, crêpes",85.9,RE/µg
6871,Våffla glutenfri,Vatten,"Pannkakor, våfflor, crêpes",57.6,g
6871,Våffla glutenfri,Tiamin,"Pannkakor, våfflor, crêpes",0.02,mg
6871,Våffla glutenfri,Tillsatt socker,"Pannkakor, våfflor, crêpes",5.0,g
6871,Våffla glutenfri,Fritt socker,"Pannkakor, våfflor, crêpes",5.0,g
6871,Våffla glutenfri,"Selen, Se","Pannkakor, våfflor, crêpes",0.0,µg
6871,Våffla glutenfri,Sackaros,"Pannkakor, våfflor, crêpes",5.2,g
6871,Våffla glutenfri,Riboflavin,"Pannkakor, våfflor, crêpes",0.05,mg
6871,Våffla glutenfri,Retinol,"Pannkakor, våfflor, crêpes",81.3,µg
6871,Våffla glutenfri,Protein,"Pannkakor, våfflor, crêpes",1.9,g
6871,Våffla glutenfri,Summa fleromättade fettsyror,"Pannkakor, våfflor, crêpes",1.9,g
6871,Våffla glutenfri,"Fosfor, P","Pannkakor, våfflor, crêpes",92.0,mg
6871,Våffla glutenfri,Niacinekvivalenter,"Pannkakor, våfflor, crêpes",0.65,NE/mg
6871,Våffla glutenfri,Niacin,"Pannkakor, våfflor, crêpes",0.17,mg
6871,Våffla glutenfri,"Salt, NaCl","Pannkakor, våfflor, crêpes",0.6,g
6871,Våffla glutenfri,"Natrium, Na","Pannkakor, våfflor, crêpes",222.0,mg
6871,Våffla glutenfri,Monosackarider,"Pannkakor, våfflor, crêpes",0.0,g
6871,Våffla glutenfri,"Sockerarter, totalt","Pannkakor, våfflor, crêpes",6.2,g
6871,Våffla glutenfri,Summa enkelomättade fettsyror,"Pannkakor, våfflor, crêpes",3.7,g
6871,Våffla glutenfri,"Magnesium, Mg","Pannkakor, våfflor, crêpes",5.0,mg
6871,Våffla glutenfri,Summa mättade fettsyror,"Pannkakor, våfflor, crêpes",3.7,g
6871,Våffla glutenfri,"Kolhydrater, tillgängliga","Pannkakor, våfflor, crêpes",29.8,g
6871,Våffla glutenfri,Kolesterol,"Pannkakor, våfflor, crêpes",49.0,mg
6871,Våffla glutenfri,"Kalium, K","Pannkakor, våfflor, crêpes",69.0,mg
6871,Våffla glutenfri,"Jod, I","Pannkakor, våfflor, crêpes",1.0,µg
6871,Våffla glutenfri,Fullkorn totalt,"Pannkakor, våfflor, crêpes",0.0,g
6871,Våffla glutenfri,"Folat, totalt","Pannkakor, våfflor, crêpes",4.6,µg
6871,Våffla glutenfri,Fibrer,"Pannkakor, våfflor, crêpes",0.0,g
6871,Våffla glutenfri,"Fett, totalt","Pannkakor, våfflor, crêpes",9.9,g
6871,Våffla glutenfri,"Järn, Fe","Pannkakor, våfflor, crêpes",0.2,mg
6871,Våffla glutenfri,Energi (kJ),"Pannkakor, våfflor, crêpes",903.0,kJ
6871,Våffla glutenfri,Energi (kcal),"Pannkakor, våfflor, crêpes",216.0,kcal
6871,Våffla glutenfri,Disackarider,"Pannkakor, våfflor, crêpes",6.2,g
6871,Våffla glutenfri,"Kalcium, Ca","Pannkakor, våfflor, crêpes",30.0,mg
6871,Våffla glutenfri,Fettsyra 4:0-10:0,"Pannkakor, våfflor, crêpes",0.5,g
6871,Våffla glutenfri,DHA (C22:6),"Pannkakor, våfflor, crêpes",0.0,g
6871,Våffla glutenfri,DPA (C22:5),"Pannkakor, våfflor, crêpes",0.0,g
6871,Våffla glutenfri,EPA (C20:5),"Pannkakor, våfflor, crêpes",0.0,g
6871,Våffla glutenfri,Arakidonsyra C20:4,"Pannkakor, våfflor, crêpes",0.0,g
6871,Våffla glutenfri,Arakidinsyra C20:0,"Pannkakor, våfflor, crêpes",0.0,g
6871,Våffla glutenfri,Linolensyra C18:3,"Pannkakor, våfflor, crêpes",0.5,g
6871,Våffla glutenfri,Linolsyra C18:2,"Pannkakor, våfflor, crêpes",1.3,g
6871,Våffla glutenfri,Oljesyra C18:1,"Pannkakor, våfflor, crêpes",3.5,g
6871,Våffla glutenfri,Stearinsyra C18:0,"Pannkakor, våfflor, crêpes",0.6,g
6871,Våffla glutenfri,Palmitoljesyra C16:1,"Pannkakor, våfflor, crêpes",0.1,g
6871,Våffla glutenfri,Palmitinsyra C16:0,"Pannkakor, våfflor, crêpes",1.7,g
6871,Våffla glutenfri,Myristinsyra C14:0,"Pannkakor, våfflor, crêpes",0.5,g
6871,Våffla glutenfri,Laurinsyra C12:0,"Pannkakor, våfflor, crêpes",0.2,g
6871,Våffla glutenfri,Betakaroten/β-Karoten,"Pannkakor, våfflor, crêpes",55.0,µg
6871,Våffla glutenfri,Avfall (skal etc.),"Pannkakor, våfflor, crêpes",0.0,%
6871,Våffla glutenfri,Aska,"Pannkakor, våfflor, crêpes",0.9,g
6871,Våffla glutenfri,Alkohol,"Pannkakor, våfflor, crêpes",0.0,g
6872,Majsgryn polenta,"Zink, Zn",Matgryn,1.1,mg
6872,Majsgryn polenta,Vitamin E,Matgryn,0.5,mg
6872,Majsgryn polenta,Vitamin D inkl 25-OH-D3,Matgryn,0.0,µg
6872,Majsgryn polenta,Vitamin D,Matgryn,0.0,µg
6872,Majsgryn polenta,Vitamin C,Matgryn,0.0,mg
6872,Majsgryn polenta,Vitamin B6,Matgryn,0.26,mg
6872,Majsgryn polenta,Vitamin B12,Matgryn,0.0,µg
6872,Majsgryn polenta,Vitamin A,Matgryn,5.7,RE/µg
6872,Majsgryn polenta,Vatten,Matgryn,12.9,g
6872,Majsgryn polenta,Tiamin,Matgryn,0.23,mg
6872,Majsgryn polenta,Tillsatt socker,Matgryn,0.0,g
6872,Majsgryn polenta,Fritt socker,Matgryn,0.0,g
6872,Majsgryn polenta,"Selen, Se",Matgryn,0.0,µg
6872,Majsgryn polenta,Sackaros,Matgryn,0.5,g
6872,Majsgryn polenta,Riboflavin,Matgryn,0.05,mg
6872,Majsgryn polenta,Retinol,Matgryn,0.0,µg
6872,Majsgryn polenta,Protein,Matgryn,8.6,g
6872,Majsgryn polenta,Summa fleromättade fettsyror,Matgryn,1.0,g
6872,Majsgryn polenta,"Fosfor, P",Matgryn,161.0,mg
6872,Majsgryn polenta,Niacinekvivalenter,Matgryn,2.1,NE/mg
6872,Majsgryn polenta,Niacin,Matgryn,1.27,mg
6872,Majsgryn polenta,"Salt, NaCl",Matgryn,0.0,g
6872,Majsgryn polenta,"Natrium, Na",Matgryn,0.0,mg
6872,Majsgryn polenta,Monosackarider,Matgryn,0.2,g
6872,Majsgryn polenta,"Sockerarter, totalt",Matgryn,0.7,g
6872,Majsgryn polenta,Summa enkelomättade fettsyror,Matgryn,0.6,g
6872,Majsgryn polenta,"Magnesium, Mg",Matgryn,59.0,mg
6872,Majsgryn polenta,Summa mättade fettsyror,Matgryn,0.3,g
6872,Majsgryn polenta,"Kolhydrater, tillgängliga",Matgryn,68.3,g
6872,Majsgryn polenta,Kolesterol,Matgryn,0.0,mg
6872,Majsgryn polenta,"Kalium, K",Matgryn,189.0,mg
6872,Majsgryn polenta,"Jod, I",Matgryn,0.0,µg
6872,Majsgryn polenta,Fullkorn totalt,Matgryn,0.0,g
6872,Majsgryn polenta,"Folat, totalt",Matgryn,19.9,µg
6872,Majsgryn polenta,Fibrer,Matgryn,7.2,g
6872,Majsgryn polenta,"Fett, totalt",Matgryn,2.1,g
6872,Majsgryn polenta,"Järn, Fe",Matgryn,1.1,mg
6872,Majsgryn polenta,Energi (kJ),Matgryn,1445.0,kJ
6872,Majsgryn polenta,Energi (kcal),Matgryn,345.0,kcal
6872,Majsgryn polenta,Disackarider,Matgryn,0.5,g
6872,Majsgryn polenta,"Kalcium, Ca",Matgryn,2.0,mg
6872,Majsgryn polenta,Fettsyra 4:0-10:0,Matgryn,0.0,g
6872,Majsgryn polenta,DHA (C22:6),Matgryn,0.0,g
6872,Majsgryn polenta,DPA (C22:5),Matgryn,0.0,g
6872,Majsgryn polenta,EPA (C20:5),Matgryn,0.0,g
6872,Majsgryn polenta,Arakidonsyra C20:4,Matgryn,0.0,g
6872,Majsgryn polenta,Arakidinsyra C20:0,Matgryn,0.0,g
6872,Majsgryn polenta,Linolensyra C18:3,Matgryn,0.0,g
6872,Majsgryn polenta,Linolsyra C18:2,Matgryn,1.0,g
6872,Majsgryn polenta,Oljesyra C18:1,Matgryn,0.6,g
6872,Majsgryn polenta,Stearinsyra C18:0,Matgryn,0.0,g
6872,Majsgryn polenta,Palmitoljesyra C16:1,Matgryn,0.0,g
6872,Majsgryn polenta,Palmitinsyra C16:0,Matgryn,0.2,g
6872,Majsgryn polenta,Myristinsyra C14:0,Matgryn,0.0,g
6872,Majsgryn polenta,Laurinsyra C12:0,Matgryn,0.0,g
6872,Majsgryn polenta,Betakaroten/β-Karoten,Matgryn,31.0,µg
6872,Majsgryn polenta,Avfall (skal etc.),Matgryn,0.0,%
6872,Majsgryn polenta,Aska,Matgryn,0.8,g
6872,Majsgryn polenta,Alkohol,Matgryn,0.0,g
6875,Bröd surdegsbröd glutenfritt,"Zink, Zn",Mjukt bröd ,0.7,mg
6875,Bröd surdegsbröd glutenfritt,Vitamin E,Mjukt bröd ,0.6,mg
6875,Bröd surdegsbröd glutenfritt,Vitamin D,Mjukt bröd ,0.0,µg
6875,Bröd surdegsbröd glutenfritt,Vitamin C,Mjukt bröd ,0.0,mg
6875,Bröd surdegsbröd glutenfritt,Vitamin B6,Mjukt bröd ,0.04,mg
6875,Bröd surdegsbröd glutenfritt,Vitamin B12,Mjukt bröd ,0.0,µg
6875,Bröd surdegsbröd glutenfritt,Vitamin A,Mjukt bröd ,0.4,RE/µg
6875,Bröd surdegsbröd glutenfritt,Vatten,Mjukt bröd ,50.0,g
6875,Bröd surdegsbröd glutenfritt,Tiamin,Mjukt bröd ,0.1,mg
6875,Bröd surdegsbröd glutenfritt,Tillsatt socker,Mjukt bröd ,2.0,g
6875,Bröd surdegsbröd glutenfritt,Fritt socker,Mjukt bröd ,2.0,g
6875,Bröd surdegsbröd glutenfritt,"Selen, Se",Mjukt bröd ,0.0,µg
6875,Bröd surdegsbröd glutenfritt,Sackaros,Mjukt bröd ,0.0,g
6875,Bröd surdegsbröd glutenfritt,Riboflavin,Mjukt bröd ,0.06,mg
6875,Bröd surdegsbröd glutenfritt,Retinol,Mjukt bröd ,0.0,µg
6875,Bröd surdegsbröd glutenfritt,Protein,Mjukt bröd ,3.4,g
6875,Bröd surdegsbröd glutenfritt,Summa fleromättade fettsyror,Mjukt bröd ,1.0,g
6875,Bröd surdegsbröd glutenfritt,"Fosfor, P",Mjukt bröd ,84.0,mg
6875,Bröd surdegsbröd glutenfritt,Niacinekvivalenter,Mjukt bröd ,1.2,NE/mg
6875,Bröd surdegsbröd glutenfritt,Niacin,Mjukt bröd ,0.66,mg
6875,Bröd surdegsbröd glutenfritt,"Salt, NaCl",Mjukt bröd ,1.0,g
6875,Bröd surdegsbröd glutenfritt,"Natrium, Na",Mjukt bröd ,404.0,mg
6875,Bröd surdegsbröd glutenfritt,Monosackarider,Mjukt bröd ,2.4,g
6875,Bröd surdegsbröd glutenfritt,"Sockerarter, totalt",Mjukt bröd ,2.8,g
6875,Bröd surdegsbröd glutenfritt,Summa enkelomättade fettsyror,Mjukt bröd ,1.1,g
6875,Bröd surdegsbröd glutenfritt,"Magnesium, Mg",Mjukt bröd ,35.0,mg
6875,Bröd surdegsbröd glutenfritt,Summa mättade fettsyror,Mjukt bröd ,0.3,g
6875,Bröd surdegsbröd glutenfritt,"Kolhydrater, tillgängliga",Mjukt bröd ,35.1,g
6875,Bröd surdegsbröd glutenfritt,Kolesterol,Mjukt bröd ,0.0,mg
6875,Bröd surdegsbröd glutenfritt,"Kalium, K",Mjukt bröd ,138.0,mg
6875,Bröd surdegsbröd glutenfritt,"Jod, I",Mjukt bröd ,0.0,µg
6875,Bröd surdegsbröd glutenfritt,Fullkorn totalt,Mjukt bröd ,0.0,g
6875,Bröd surdegsbröd glutenfritt,"Folat, totalt",Mjukt bröd ,27.7,µg
6875,Bröd surdegsbröd glutenfritt,Fibrer,Mjukt bröd ,7.4,g
6875,Bröd surdegsbröd glutenfritt,"Fett, totalt",Mjukt bröd ,2.5,g
6875,Bröd surdegsbröd glutenfritt,"Järn, Fe",Mjukt bröd ,1.6,mg
6875,Bröd surdegsbröd glutenfritt,Energi (kJ),Mjukt bröd ,806.0,kJ
6875,Bröd surdegsbröd glutenfritt,Energi (kcal),Mjukt bröd ,192.0,kcal
6875,Bröd surdegsbröd glutenfritt,Disackarider,Mjukt bröd ,0.5,g
6875,Bröd surdegsbröd glutenfritt,"Kalcium, Ca",Mjukt bröd ,24.0,mg
6875,Bröd surdegsbröd glutenfritt,Fettsyra 4:0-10:0,Mjukt bröd ,0.0,g
6875,Bröd surdegsbröd glutenfritt,DHA (C22:6),Mjukt bröd ,0.0,g
6875,Bröd surdegsbröd glutenfritt,DPA (C22:5),Mjukt bröd ,0.0,g
6875,Bröd surdegsbröd glutenfritt,EPA (C20:5),Mjukt bröd ,0.0,g
6875,Bröd surdegsbröd glutenfritt,Arakidonsyra C20:4,Mjukt bröd ,0.0,g
6875,Bröd surdegsbröd glutenfritt,Arakidinsyra C20:0,Mjukt bröd ,0.0,g
6875,Bröd surdegsbröd glutenfritt,Linolensyra C18:3,Mjukt bröd ,0.0,g
6875,Bröd surdegsbröd glutenfritt,Linolsyra C18:2,Mjukt bröd ,1.0,g
6875,Bröd surdegsbröd glutenfritt,Oljesyra C18:1,Mjukt bröd ,1.1,g
6875,Bröd surdegsbröd glutenfritt,Stearinsyra C18:0,Mjukt bröd ,0.1,g
6875,Bröd surdegsbröd glutenfritt,Palmitoljesyra C16:1,Mjukt bröd ,0.0,g
6875,Bröd surdegsbröd glutenfritt,Palmitinsyra C16:0,Mjukt bröd ,0.2,g
6875,Bröd surdegsbröd glutenfritt,Myristinsyra C14:0,Mjukt bröd ,0.0,g
6875,Bröd surdegsbröd glutenfritt,Laurinsyra C12:0,Mjukt bröd ,0.0,g
6875,Bröd surdegsbröd glutenfritt,Betakaroten/β-Karoten,Mjukt bröd ,5.0,µg
6875,Bröd surdegsbröd glutenfritt,Avfall (skal etc.),Mjukt bröd ,0.0,%
6875,Bröd surdegsbröd glutenfritt,Aska,Mjukt bröd ,1.6,g
6875,Bröd surdegsbröd glutenfritt,Alkohol,Mjukt bröd ,0.0,g
6878,Bröd vitt tortilla glutenfritt,"Zink, Zn",Mjukt bröd ,0.8,mg
6878,Bröd vitt tortilla glutenfritt,Vitamin E,Mjukt bröd ,1.2,mg
6878,Bröd vitt tortilla glutenfritt,Vitamin D,Mjukt bröd ,0.0,µg
6878,Bröd vitt tortilla glutenfritt,Vitamin C,Mjukt bröd ,0.0,mg
6878,Bröd vitt tortilla glutenfritt,Vitamin B6,Mjukt bröd ,0.1,mg
6878,Bröd vitt tortilla glutenfritt,Vitamin B12,Mjukt bröd ,0.0,µg
6878,Bröd vitt tortilla glutenfritt,Vitamin A,Mjukt bröd ,0.0,RE/µg
6878,Bröd vitt tortilla glutenfritt,Vatten,Mjukt bröd ,35.2,g
6878,Bröd vitt tortilla glutenfritt,Tiamin,Mjukt bröd ,0.1,mg
6878,Bröd vitt tortilla glutenfritt,Tillsatt socker,Mjukt bröd ,2.0,g
6878,Bröd vitt tortilla glutenfritt,Fritt socker,Mjukt bröd ,2.0,g
6878,Bröd vitt tortilla glutenfritt,"Selen, Se",Mjukt bröd ,0.0,µg
6878,Bröd vitt tortilla glutenfritt,Sackaros,Mjukt bröd ,0.0,g
6878,Bröd vitt tortilla glutenfritt,Riboflavin,Mjukt bröd ,0.05,mg
6878,Bröd vitt tortilla glutenfritt,Retinol,Mjukt bröd ,0.0,µg
6878,Bröd vitt tortilla glutenfritt,Protein,Mjukt bröd ,6.4,g
6878,Bröd vitt tortilla glutenfritt,Summa fleromättade fettsyror,Mjukt bröd ,0.6,g
6878,Bröd vitt tortilla glutenfritt,"Fosfor, P",Mjukt bröd ,140.0,mg
6878,Bröd vitt tortilla glutenfritt,Niacinekvivalenter,Mjukt bröd ,1.9,NE/mg
6878,Bröd vitt tortilla glutenfritt,Niacin,Mjukt bröd ,0.8,mg
6878,Bröd vitt tortilla glutenfritt,"Salt, NaCl",Mjukt bröd ,1.1,g
6878,Bröd vitt tortilla glutenfritt,"Natrium, Na",Mjukt bröd ,434.0,mg
6878,Bröd vitt tortilla glutenfritt,Monosackarider,Mjukt bröd ,2.6,g
6878,Bröd vitt tortilla glutenfritt,"Sockerarter, totalt",Mjukt bröd ,4.0,g
6878,Bröd vitt tortilla glutenfritt,Summa enkelomättade fettsyror,Mjukt bröd ,2.0,g
6878,Bröd vitt tortilla glutenfritt,"Magnesium, Mg",Mjukt bröd ,18.0,mg
6878,Bröd vitt tortilla glutenfritt,Summa mättade fettsyror,Mjukt bröd ,1.6,g
6878,Bröd vitt tortilla glutenfritt,"Kolhydrater, tillgängliga",Mjukt bröd ,41.1,g
6878,Bröd vitt tortilla glutenfritt,Kolesterol,Mjukt bröd ,0.0,mg
6878,Bröd vitt tortilla glutenfritt,"Kalium, K",Mjukt bröd ,160.0,mg
6878,Bröd vitt tortilla glutenfritt,"Jod, I",Mjukt bröd ,0.0,µg
6878,Bröd vitt tortilla glutenfritt,Fullkorn totalt,Mjukt bröd ,5.0,g
6878,Bröd vitt tortilla glutenfritt,"Folat, totalt",Mjukt bröd ,1.2,µg
6878,Bröd vitt tortilla glutenfritt,Fibrer,Mjukt bröd ,11.2,g
6878,Bröd vitt tortilla glutenfritt,"Fett, totalt",Mjukt bröd ,4.3,g
6878,Bröd vitt tortilla glutenfritt,"Järn, Fe",Mjukt bröd ,1.3,mg
6878,Bröd vitt tortilla glutenfritt,Energi (kJ),Mjukt bröd ,1056.0,kJ
6878,Bröd vitt tortilla glutenfritt,Energi (kcal),Mjukt bröd ,252.0,kcal
6878,Bröd vitt tortilla glutenfritt,Disackarider,Mjukt bröd ,1.4,g
6878,Bröd vitt tortilla glutenfritt,"Kalcium, Ca",Mjukt bröd ,67.0,mg
6878,Bröd vitt tortilla glutenfritt,Fettsyra 4:0-10:0,Mjukt bröd ,0.0,g
6878,Bröd vitt tortilla glutenfritt,DHA (C22:6),Mjukt bröd ,0.0,g
6878,Bröd vitt tortilla glutenfritt,DPA (C22:5),Mjukt bröd ,0.0,g
6878,Bröd vitt tortilla glutenfritt,EPA (C20:5),Mjukt bröd ,0.0,g
6878,Bröd vitt tortilla glutenfritt,Arakidonsyra C20:4,Mjukt bröd ,0.0,g
6878,Bröd vitt tortilla glutenfritt,Arakidinsyra C20:0,Mjukt bröd ,0.0,g
6878,Bröd vitt tortilla glutenfritt,Linolensyra C18:3,Mjukt bröd ,0.1,g
6878,Bröd vitt tortilla glutenfritt,Linolsyra C18:2,Mjukt bröd ,0.5,g
6878,Bröd vitt tortilla glutenfritt,Oljesyra C18:1,Mjukt bröd ,1.9,g
6878,Bröd vitt tortilla glutenfritt,Stearinsyra C18:0,Mjukt bröd ,0.2,g
6878,Bröd vitt tortilla glutenfritt,Palmitoljesyra C16:1,Mjukt bröd ,0.0,g
6878,Bröd vitt tortilla glutenfritt,Palmitinsyra C16:0,Mjukt bröd ,1.3,g
6878,Bröd vitt tortilla glutenfritt,Myristinsyra C14:0,Mjukt bröd ,0.0,g
6878,Bröd vitt tortilla glutenfritt,Laurinsyra C12:0,Mjukt bröd ,0.0,g
6878,Bröd vitt tortilla glutenfritt,Betakaroten/β-Karoten,Mjukt bröd ,2.0,µg
6878,Bröd vitt tortilla glutenfritt,Avfall (skal etc.),Mjukt bröd ,0.0,%
6878,Bröd vitt tortilla glutenfritt,Aska,Mjukt bröd ,1.8,g
6878,Bröd vitt tortilla glutenfritt,Alkohol,Mjukt bröd ,0.0,g
6879,Hårt bröd m. chiafrö glutenfritt fibrer ca 10%,"Zink, Zn",Hårt bröd ,1.0,mg
6879,Hårt bröd m. chiafrö glutenfritt fibrer ca 10%,Vitamin E,Hårt bröd ,0.2,mg
6879,Hårt bröd m. chiafrö glutenfritt fibrer ca 10%,Vitamin D inkl 25-OH-D3,Hårt bröd ,0.0,µg
6879,Hårt bröd m. chiafrö glutenfritt fibrer ca 10%,Vitamin D,Hårt bröd ,0.0,µg
6879,Hårt bröd m. chiafrö glutenfritt fibrer ca 10%,Vitamin C,Hårt bröd ,0.0,mg
6879,Hårt bröd m. chiafrö glutenfritt fibrer ca 10%,Vitamin B6,Hårt bröd ,0.08,mg
6879,Hårt bröd m. chiafrö glutenfritt fibrer ca 10%,Vitamin B12,Hårt bröd ,0.0,µg
6879,Hårt bröd m. chiafrö glutenfritt fibrer ca 10%,Vitamin A,Hårt bröd ,0.0,RE/µg
6879,Hårt bröd m. chiafrö glutenfritt fibrer ca 10%,Vatten,Hårt bröd ,5.9,g
6879,Hårt bröd m. chiafrö glutenfritt fibrer ca 10%,Tiamin,Hårt bröd ,0.07,mg
6879,Hårt bröd m. chiafrö glutenfritt fibrer ca 10%,Tillsatt socker,Hårt bröd ,0.0,g
6879,Hårt bröd m. chiafrö glutenfritt fibrer ca 10%,Fritt socker,Hårt bröd ,0.0,g
6879,Hårt bröd m. chiafrö glutenfritt fibrer ca 10%,"Selen, Se",Hårt bröd ,0.0,µg
6879,Hårt bröd m. chiafrö glutenfritt fibrer ca 10%,Sackaros,Hårt bröd ,0.0,g
6879,Hårt bröd m. chiafrö glutenfritt fibrer ca 10%,Riboflavin,Hårt bröd ,0.05,mg
6879,Hårt bröd m. chiafrö glutenfritt fibrer ca 10%,Retinol,Hårt bröd ,0.0,µg
6879,Hårt bröd m. chiafrö glutenfritt fibrer ca 10%,Protein,Hårt bröd ,4.4,g
6879,Hårt bröd m. chiafrö glutenfritt fibrer ca 10%,Summa fleromättade fettsyror,Hårt bröd ,0.6,g
6879,Hårt bröd m. chiafrö glutenfritt fibrer ca 10%,"Fosfor, P",Hårt bröd ,121.0,mg
6879,Hårt bröd m. chiafrö glutenfritt fibrer ca 10%,Niacinekvivalenter,Hårt bröd ,1.6,NE/mg
6879,Hårt bröd m. chiafrö glutenfritt fibrer ca 10%,Niacin,Hårt bröd ,0.9,mg
6879,Hårt bröd m. chiafrö glutenfritt fibrer ca 10%,"Salt, NaCl",Hårt bröd ,1.3,g
6879,Hårt bröd m. chiafrö glutenfritt fibrer ca 10%,"Natrium, Na",Hårt bröd ,527.0,mg
6879,Hårt bröd m. chiafrö glutenfritt fibrer ca 10%,Monosackarider,Hårt bröd ,0.4,g
6879,Hårt bröd m. chiafrö glutenfritt fibrer ca 10%,"Sockerarter, totalt",Hårt bröd ,0.4,g
6879,Hårt bröd m. chiafrö glutenfritt fibrer ca 10%,Summa enkelomättade fettsyror,Hårt bröd ,1.4,g
6879,Hårt bröd m. chiafrö glutenfritt fibrer ca 10%,"Magnesium, Mg",Hårt bröd ,54.0,mg
6879,Hårt bröd m. chiafrö glutenfritt fibrer ca 10%,Summa mättade fettsyror,Hårt bröd ,0.2,g
6879,Hårt bröd m. chiafrö glutenfritt fibrer ca 10%,"Kolhydrater, tillgängliga",Hårt bröd ,75.0,g
6879,Hårt bröd m. chiafrö glutenfritt fibrer ca 10%,Kolesterol,Hårt bröd ,0.0,mg
6879,Hårt bröd m. chiafrö glutenfritt fibrer ca 10%,"Kalium, K",Hårt bröd ,173.0,mg
6879,Hårt bröd m. chiafrö glutenfritt fibrer ca 10%,"Jod, I",Hårt bröd ,0.0,µg
6879,Hårt bröd m. chiafrö glutenfritt fibrer ca 10%,Fullkorn totalt,Hårt bröd ,0.0,g
6879,Hårt bröd m. chiafrö glutenfritt fibrer ca 10%,"Folat, totalt",Hårt bröd ,8.0,µg
6879,Hårt bröd m. chiafrö glutenfritt fibrer ca 10%,Fibrer,Hårt bröd ,10.2,g
6879,Hårt bröd m. chiafrö glutenfritt fibrer ca 10%,"Fett, totalt",Hårt bröd ,2.3,g
6879,Hårt bröd m. chiafrö glutenfritt fibrer ca 10%,"Järn, Fe",Hårt bröd ,2.7,mg
6879,Hårt bröd m. chiafrö glutenfritt fibrer ca 10%,Energi (kJ),Hårt bröd ,1518.0,kJ
6879,Hårt bröd m. chiafrö glutenfritt fibrer ca 10%,Energi (kcal),Hårt bröd ,363.0,kcal
6879,Hårt bröd m. chiafrö glutenfritt fibrer ca 10%,Disackarider,Hårt bröd ,0.0,g
6879,Hårt bröd m. chiafrö glutenfritt fibrer ca 10%,"Kalcium, Ca",Hårt bröd ,79.0,mg
6879,Hårt bröd m. chiafrö glutenfritt fibrer ca 10%,Fettsyra 4:0-10:0,Hårt bröd ,0.0,g
6879,Hårt bröd m. chiafrö glutenfritt fibrer ca 10%,DHA (C22:6),Hårt bröd ,0.0,g
6879,Hårt bröd m. chiafrö glutenfritt fibrer ca 10%,DPA (C22:5),Hårt bröd ,0.0,g
6879,Hårt bröd m. chiafrö glutenfritt fibrer ca 10%,EPA (C20:5),Hårt bröd ,0.0,g
6879,Hårt bröd m. chiafrö glutenfritt fibrer ca 10%,Arakidonsyra C20:4,Hårt bröd ,0.0,g
6879,Hårt bröd m. chiafrö glutenfritt fibrer ca 10%,Arakidinsyra C20:0,Hårt bröd ,0.0,g
6879,Hårt bröd m. chiafrö glutenfritt fibrer ca 10%,Linolensyra C18:3,Hårt bröd ,0.2,g
6879,Hårt bröd m. chiafrö glutenfritt fibrer ca 10%,Linolsyra C18:2,Hårt bröd ,0.4,g
6879,Hårt bröd m. chiafrö glutenfritt fibrer ca 10%,Oljesyra C18:1,Hårt bröd ,1.4,g
6879,Hårt bröd m. chiafrö glutenfritt fibrer ca 10%,Stearinsyra C18:0,Hårt bröd ,0.0,g
6879,Hårt bröd m. chiafrö glutenfritt fibrer ca 10%,Palmitoljesyra C16:1,Hårt bröd ,0.0,g
6879,Hårt bröd m. chiafrö glutenfritt fibrer ca 10%,Palmitinsyra C16:0,Hårt bröd ,0.1,g
6879,Hårt bröd m. chiafrö glutenfritt fibrer ca 10%,Myristinsyra C14:0,Hårt bröd ,0.0,g
6879,Hårt bröd m. chiafrö glutenfritt fibrer ca 10%,Laurinsyra C12:0,Hårt bröd ,0.0,g
6879,Hårt bröd m. chiafrö glutenfritt fibrer ca 10%,Betakaroten/β-Karoten,Hårt bröd ,0.0,µg
6879,Hårt bröd m. chiafrö glutenfritt fibrer ca 10%,Avfall (skal etc.),Hårt bröd ,0.0,%
6879,Hårt bröd m. chiafrö glutenfritt fibrer ca 10%,Aska,Hårt bröd ,2.2,g
6879,Hårt bröd m. chiafrö glutenfritt fibrer ca 10%,Alkohol,Hårt bröd ,0.0,g
6880,Hårt bröd m. sesamfrö glutenfritt fibrer ca 9%,"Zink, Zn",Hårt bröd ,1.2,mg
6880,Hårt bröd m. sesamfrö glutenfritt fibrer ca 9%,Vitamin E,Hårt bröd ,1.6,mg
6880,Hårt bröd m. sesamfrö glutenfritt fibrer ca 9%,Vitamin D inkl 25-OH-D3,Hårt bröd ,0.0,µg
6880,Hårt bröd m. sesamfrö glutenfritt fibrer ca 9%,Vitamin D,Hårt bröd ,0.0,µg
6880,Hårt bröd m. sesamfrö glutenfritt fibrer ca 9%,Vitamin C,Hårt bröd ,0.0,mg
6880,Hårt bröd m. sesamfrö glutenfritt fibrer ca 9%,Vitamin B6,Hårt bröd ,0.08,mg
6880,Hårt bröd m. sesamfrö glutenfritt fibrer ca 9%,Vitamin B12,Hårt bröd ,0.0,µg
6880,Hårt bröd m. sesamfrö glutenfritt fibrer ca 9%,Vitamin A,Hårt bröd ,0.0,RE/µg
6880,Hårt bröd m. sesamfrö glutenfritt fibrer ca 9%,Vatten,Hårt bröd ,5.7,g
6880,Hårt bröd m. sesamfrö glutenfritt fibrer ca 9%,Tiamin,Hårt bröd ,0.14,mg
6880,Hårt bröd m. sesamfrö glutenfritt fibrer ca 9%,Tillsatt socker,Hårt bröd ,1.0,g
6880,Hårt bröd m. sesamfrö glutenfritt fibrer ca 9%,Fritt socker,Hårt bröd ,1.0,g
6880,Hårt bröd m. sesamfrö glutenfritt fibrer ca 9%,"Selen, Se",Hårt bröd ,5.3,µg
6880,Hårt bröd m. sesamfrö glutenfritt fibrer ca 9%,Sackaros,Hårt bröd ,0.0,g
6880,Hårt bröd m. sesamfrö glutenfritt fibrer ca 9%,Riboflavin,Hårt bröd ,0.05,mg
6880,Hårt bröd m. sesamfrö glutenfritt fibrer ca 9%,Retinol,Hårt bröd ,0.0,µg
6880,Hårt bröd m. sesamfrö glutenfritt fibrer ca 9%,Protein,Hårt bröd ,6.1,g
6880,Hårt bröd m. sesamfrö glutenfritt fibrer ca 9%,Summa fleromättade fettsyror,Hårt bröd ,3.1,g
6880,Hårt bröd m. sesamfrö glutenfritt fibrer ca 9%,"Fosfor, P",Hårt bröd ,175.0,mg
6880,Hårt bröd m. sesamfrö glutenfritt fibrer ca 9%,Niacinekvivalenter,Hårt bröd ,1.9,NE/mg
6880,Hårt bröd m. sesamfrö glutenfritt fibrer ca 9%,Niacin,Hårt bröd ,0.9,mg
6880,Hårt bröd m. sesamfrö glutenfritt fibrer ca 9%,"Salt, NaCl",Hårt bröd ,1.1,g
6880,Hårt bröd m. sesamfrö glutenfritt fibrer ca 9%,"Natrium, Na",Hårt bröd ,453.0,mg
6880,Hårt bröd m. sesamfrö glutenfritt fibrer ca 9%,Monosackarider,Hårt bröd ,1.3,g
6880,Hårt bröd m. sesamfrö glutenfritt fibrer ca 9%,"Sockerarter, totalt",Hårt bröd ,1.3,g
6880,Hårt bröd m. sesamfrö glutenfritt fibrer ca 9%,Summa enkelomättade fettsyror,Hårt bröd ,6.9,g
6880,Hårt bröd m. sesamfrö glutenfritt fibrer ca 9%,"Magnesium, Mg",Hårt bröd ,56.0,mg
6880,Hårt bröd m. sesamfrö glutenfritt fibrer ca 9%,Summa mättade fettsyror,Hårt bröd ,0.8,g
6880,Hårt bröd m. sesamfrö glutenfritt fibrer ca 9%,"Kolhydrater, tillgängliga",Hårt bröd ,65.2,g
6880,Hårt bröd m. sesamfrö glutenfritt fibrer ca 9%,Kolesterol,Hårt bröd ,0.0,mg
6880,Hårt bröd m. sesamfrö glutenfritt fibrer ca 9%,"Kalium, K",Hårt bröd ,175.0,mg
6880,Hårt bröd m. sesamfrö glutenfritt fibrer ca 9%,"Jod, I",Hårt bröd ,0.0,µg
6880,Hårt bröd m. sesamfrö glutenfritt fibrer ca 9%,Fullkorn totalt,Hårt bröd ,0.0,g
6880,Hårt bröd m. sesamfrö glutenfritt fibrer ca 9%,"Folat, totalt",Hårt bröd ,39.0,µg
6880,Hårt bröd m. sesamfrö glutenfritt fibrer ca 9%,Fibrer,Hårt bröd ,9.6,g
6880,Hårt bröd m. sesamfrö glutenfritt fibrer ca 9%,"Fett, totalt",Hårt bröd ,11.2,g
6880,Hårt bröd m. sesamfrö glutenfritt fibrer ca 9%,"Järn, Fe",Hårt bröd ,1.4,mg
6880,Hårt bröd m. sesamfrö glutenfritt fibrer ca 9%,Energi (kJ),Hårt bröd ,1703.0,kJ
6880,Hårt bröd m. sesamfrö glutenfritt fibrer ca 9%,Energi (kcal),Hårt bröd ,407.0,kcal
6880,Hårt bröd m. sesamfrö glutenfritt fibrer ca 9%,Disackarider,Hårt bröd ,0.0,g
6880,Hårt bröd m. sesamfrö glutenfritt fibrer ca 9%,"Kalcium, Ca",Hårt bröd ,147.0,mg
6880,Hårt bröd m. sesamfrö glutenfritt fibrer ca 9%,Fettsyra 4:0-10:0,Hårt bröd ,0.0,g
6880,Hårt bröd m. sesamfrö glutenfritt fibrer ca 9%,DHA (C22:6),Hårt bröd ,0.0,g
6880,Hårt bröd m. sesamfrö glutenfritt fibrer ca 9%,DPA (C22:5),Hårt bröd ,0.0,g
6880,Hårt bröd m. sesamfrö glutenfritt fibrer ca 9%,EPA (C20:5),Hårt bröd ,0.0,g
6880,Hårt bröd m. sesamfrö glutenfritt fibrer ca 9%,Arakidonsyra C20:4,Hårt bröd ,0.0,g
6880,Hårt bröd m. sesamfrö glutenfritt fibrer ca 9%,Arakidinsyra C20:0,Hårt bröd ,0.1,g
6880,Hårt bröd m. sesamfrö glutenfritt fibrer ca 9%,Linolensyra C18:3,Hårt bröd ,1.0,g
6880,Hårt bröd m. sesamfrö glutenfritt fibrer ca 9%,Linolsyra C18:2,Hårt bröd ,2.1,g
6880,Hårt bröd m. sesamfrö glutenfritt fibrer ca 9%,Oljesyra C18:1,Hårt bröd ,6.6,g
6880,Hårt bröd m. sesamfrö glutenfritt fibrer ca 9%,Stearinsyra C18:0,Hårt bröd ,0.2,g
6880,Hårt bröd m. sesamfrö glutenfritt fibrer ca 9%,Palmitoljesyra C16:1,Hårt bröd ,0.0,g
6880,Hårt bröd m. sesamfrö glutenfritt fibrer ca 9%,Palmitinsyra C16:0,Hårt bröd ,0.5,g
6880,Hårt bröd m. sesamfrö glutenfritt fibrer ca 9%,Myristinsyra C14:0,Hårt bröd ,0.0,g
6880,Hårt bröd m. sesamfrö glutenfritt fibrer ca 9%,Laurinsyra C12:0,Hårt bröd ,0.0,g
6880,Hårt bröd m. sesamfrö glutenfritt fibrer ca 9%,Betakaroten/β-Karoten,Hårt bröd ,3.0,µg
6880,Hårt bröd m. sesamfrö glutenfritt fibrer ca 9%,Avfall (skal etc.),Hårt bröd ,0.0,%
6880,Hårt bröd m. sesamfrö glutenfritt fibrer ca 9%,Aska,Hårt bröd ,2.2,g
6880,Hårt bröd m. sesamfrö glutenfritt fibrer ca 9%,Alkohol,Hårt bröd ,0.0,g
6881,Bröd vitt osötat glutenfritt fibrer ca 7% typ ciabatta,"Zink, Zn",Mjukt bröd ,1.0,mg
6881,Bröd vitt osötat glutenfritt fibrer ca 7% typ ciabatta,Vitamin E,Mjukt bröd ,3.0,mg
6881,Bröd vitt osötat glutenfritt fibrer ca 7% typ ciabatta,Vitamin D inkl 25-OH-D3,Mjukt bröd ,0.0,µg
6881,Bröd vitt osötat glutenfritt fibrer ca 7% typ ciabatta,Vitamin D,Mjukt bröd ,0.0,µg
6881,Bröd vitt osötat glutenfritt fibrer ca 7% typ ciabatta,Vitamin C,Mjukt bröd ,0.0,mg
6881,Bröd vitt osötat glutenfritt fibrer ca 7% typ ciabatta,Vitamin B6,Mjukt bröd ,0.14,mg
6881,Bröd vitt osötat glutenfritt fibrer ca 7% typ ciabatta,Vitamin B12,Mjukt bröd ,0.0,µg
6881,Bröd vitt osötat glutenfritt fibrer ca 7% typ ciabatta,Vitamin A,Mjukt bröd ,0.0,RE/µg
6881,Bröd vitt osötat glutenfritt fibrer ca 7% typ ciabatta,Vatten,Mjukt bröd ,30.5,g
6881,Bröd vitt osötat glutenfritt fibrer ca 7% typ ciabatta,Tiamin,Mjukt bröd ,0.43,mg
6881,Bröd vitt osötat glutenfritt fibrer ca 7% typ ciabatta,Tillsatt socker,Mjukt bröd ,0.0,g
6881,Bröd vitt osötat glutenfritt fibrer ca 7% typ ciabatta,Fritt socker,Mjukt bröd ,0.0,g
6881,Bröd vitt osötat glutenfritt fibrer ca 7% typ ciabatta,"Selen, Se",Mjukt bröd ,0.0,µg
6881,Bröd vitt osötat glutenfritt fibrer ca 7% typ ciabatta,Sackaros,Mjukt bröd ,0.1,g
6881,Bröd vitt osötat glutenfritt fibrer ca 7% typ ciabatta,Riboflavin,Mjukt bröd ,0.13,mg
6881,Bröd vitt osötat glutenfritt fibrer ca 7% typ ciabatta,Retinol,Mjukt bröd ,0.0,µg
6881,Bröd vitt osötat glutenfritt fibrer ca 7% typ ciabatta,Protein,Mjukt bröd ,6.0,g
6881,Bröd vitt osötat glutenfritt fibrer ca 7% typ ciabatta,Summa fleromättade fettsyror,Mjukt bröd ,4.0,g
6881,Bröd vitt osötat glutenfritt fibrer ca 7% typ ciabatta,"Fosfor, P",Mjukt bröd ,109.0,mg
6881,Bröd vitt osötat glutenfritt fibrer ca 7% typ ciabatta,Niacinekvivalenter,Mjukt bröd ,2.2,NE/mg
6881,Bröd vitt osötat glutenfritt fibrer ca 7% typ ciabatta,Niacin,Mjukt bröd ,1.6,mg
6881,Bröd vitt osötat glutenfritt fibrer ca 7% typ ciabatta,"Salt, NaCl",Mjukt bröd ,0.8,g
6881,Bröd vitt osötat glutenfritt fibrer ca 7% typ ciabatta,"Natrium, Na",Mjukt bröd ,323.0,mg
6881,Bröd vitt osötat glutenfritt fibrer ca 7% typ ciabatta,Monosackarider,Mjukt bröd ,3.4,g
6881,Bröd vitt osötat glutenfritt fibrer ca 7% typ ciabatta,"Sockerarter, totalt",Mjukt bröd ,6.0,g
6881,Bröd vitt osötat glutenfritt fibrer ca 7% typ ciabatta,Summa enkelomättade fettsyror,Mjukt bröd ,2.1,g
6881,Bröd vitt osötat glutenfritt fibrer ca 7% typ ciabatta,"Magnesium, Mg",Mjukt bröd ,48.0,mg
6881,Bröd vitt osötat glutenfritt fibrer ca 7% typ ciabatta,Summa mättade fettsyror,Mjukt bröd ,0.8,g
6881,Bröd vitt osötat glutenfritt fibrer ca 7% typ ciabatta,"Kolhydrater, tillgängliga",Mjukt bröd ,47.8,g
6881,Bröd vitt osötat glutenfritt fibrer ca 7% typ ciabatta,Kolesterol,Mjukt bröd ,0.0,mg
6881,Bröd vitt osötat glutenfritt fibrer ca 7% typ ciabatta,"Kalium, K",Mjukt bröd ,238.0,mg
6881,Bröd vitt osötat glutenfritt fibrer ca 7% typ ciabatta,"Jod, I",Mjukt bröd ,0.0,µg
6881,Bröd vitt osötat glutenfritt fibrer ca 7% typ ciabatta,Fullkorn totalt,Mjukt bröd ,0.0,g
6881,Bröd vitt osötat glutenfritt fibrer ca 7% typ ciabatta,"Folat, totalt",Mjukt bröd ,66.0,µg
6881,Bröd vitt osötat glutenfritt fibrer ca 7% typ ciabatta,Fibrer,Mjukt bröd ,6.8,g
6881,Bröd vitt osötat glutenfritt fibrer ca 7% typ ciabatta,"Fett, totalt",Mjukt bröd ,7.2,g
6881,Bröd vitt osötat glutenfritt fibrer ca 7% typ ciabatta,"Järn, Fe",Mjukt bröd ,1.3,mg
6881,Bröd vitt osötat glutenfritt fibrer ca 7% typ ciabatta,Energi (kJ),Mjukt bröd ,1233.0,kJ
6881,Bröd vitt osötat glutenfritt fibrer ca 7% typ ciabatta,Energi (kcal),Mjukt bröd ,295.0,kcal
6881,Bröd vitt osötat glutenfritt fibrer ca 7% typ ciabatta,Disackarider,Mjukt bröd ,2.5,g
6881,Bröd vitt osötat glutenfritt fibrer ca 7% typ ciabatta,"Kalcium, Ca",Mjukt bröd ,22.0,mg
6881,Bröd vitt osötat glutenfritt fibrer ca 7% typ ciabatta,Fettsyra 4:0-10:0,Mjukt bröd ,0.0,g
6881,Bröd vitt osötat glutenfritt fibrer ca 7% typ ciabatta,DHA (C22:6),Mjukt bröd ,0.0,g
6881,Bröd vitt osötat glutenfritt fibrer ca 7% typ ciabatta,DPA (C22:5),Mjukt bröd ,0.0,g
6881,Bröd vitt osötat glutenfritt fibrer ca 7% typ ciabatta,EPA (C20:5),Mjukt bröd ,0.0,g
6881,Bröd vitt osötat glutenfritt fibrer ca 7% typ ciabatta,Arakidonsyra C20:4,Mjukt bröd ,0.0,g
6881,Bröd vitt osötat glutenfritt fibrer ca 7% typ ciabatta,Arakidinsyra C20:0,Mjukt bröd ,0.0,g
6881,Bröd vitt osötat glutenfritt fibrer ca 7% typ ciabatta,Linolensyra C18:3,Mjukt bröd ,0.0,g
6881,Bröd vitt osötat glutenfritt fibrer ca 7% typ ciabatta,Linolsyra C18:2,Mjukt bröd ,4.0,g
6881,Bröd vitt osötat glutenfritt fibrer ca 7% typ ciabatta,Oljesyra C18:1,Mjukt bröd ,2.0,g
6881,Bröd vitt osötat glutenfritt fibrer ca 7% typ ciabatta,Stearinsyra C18:0,Mjukt bröd ,0.2,g
6881,Bröd vitt osötat glutenfritt fibrer ca 7% typ ciabatta,Palmitoljesyra C16:1,Mjukt bröd ,0.0,g
6881,Bröd vitt osötat glutenfritt fibrer ca 7% typ ciabatta,Palmitinsyra C16:0,Mjukt bröd ,0.4,g
6881,Bröd vitt osötat glutenfritt fibrer ca 7% typ ciabatta,Myristinsyra C14:0,Mjukt bröd ,0.0,g
6881,Bröd vitt osötat glutenfritt fibrer ca 7% typ ciabatta,Laurinsyra C12:0,Mjukt bröd ,0.0,g
6881,Bröd vitt osötat glutenfritt fibrer ca 7% typ ciabatta,Betakaroten/β-Karoten,Mjukt bröd ,0.0,µg
6881,Bröd vitt osötat glutenfritt fibrer ca 7% typ ciabatta,Avfall (skal etc.),Mjukt bröd ,0.0,%
6881,Bröd vitt osötat glutenfritt fibrer ca 7% typ ciabatta,Aska,Mjukt bröd ,1.8,g
6881,Bröd vitt osötat glutenfritt fibrer ca 7% typ ciabatta,Alkohol,Mjukt bröd ,0.0,g
6883,Sockerbetsfiber,"Zink, Zn",Rotfrukter,1.7,mg
6883,Sockerbetsfiber,Vitamin E,Rotfrukter,0.0,mg
6883,Sockerbetsfiber,Vitamin D inkl 25-OH-D3,Rotfrukter,0.0,µg
6883,Sockerbetsfiber,Vitamin D,Rotfrukter,0.0,µg
6883,Sockerbetsfiber,Vitamin C,Rotfrukter,0.0,mg
6883,Sockerbetsfiber,Vitamin B6,Rotfrukter,0.0,mg
6883,Sockerbetsfiber,Vitamin B12,Rotfrukter,0.0,µg
6883,Sockerbetsfiber,Vitamin A,Rotfrukter,0.0,RE/µg
6883,Sockerbetsfiber,Vatten,Rotfrukter,10.4,g
6883,Sockerbetsfiber,Tiamin,Rotfrukter,0.0,mg
6883,Sockerbetsfiber,Tillsatt socker,Rotfrukter,0.0,g
6883,Sockerbetsfiber,Fritt socker,Rotfrukter,0.0,g
6883,Sockerbetsfiber,"Selen, Se",Rotfrukter,0.0,µg
6883,Sockerbetsfiber,Sackaros,Rotfrukter,0.0,g
6883,Sockerbetsfiber,Riboflavin,Rotfrukter,0.0,mg
6883,Sockerbetsfiber,Retinol,Rotfrukter,0.0,µg
6883,Sockerbetsfiber,Protein,Rotfrukter,8.3,g
6883,Sockerbetsfiber,Summa fleromättade fettsyror,Rotfrukter,1.0,g
6883,Sockerbetsfiber,"Fosfor, P",Rotfrukter,46.0,mg
6883,Sockerbetsfiber,Niacinekvivalenter,Rotfrukter,1.4,NE/mg
6883,Sockerbetsfiber,Niacin,Rotfrukter,0.0,mg
6883,Sockerbetsfiber,"Salt, NaCl",Rotfrukter,0.3,g
6883,Sockerbetsfiber,"Natrium, Na",Rotfrukter,109.0,mg
6883,Sockerbetsfiber,Monosackarider,Rotfrukter,0.0,g
6883,Sockerbetsfiber,"Sockerarter, totalt",Rotfrukter,0.0,g
6883,Sockerbetsfiber,Summa enkelomättade fettsyror,Rotfrukter,0.2,g
6883,Sockerbetsfiber,"Magnesium, Mg",Rotfrukter,174.0,mg
6883,Sockerbetsfiber,Summa mättade fettsyror,Rotfrukter,0.4,g
6883,Sockerbetsfiber,"Kolhydrater, tillgängliga",Rotfrukter,0.0,g
6883,Sockerbetsfiber,Kolesterol,Rotfrukter,0.0,mg
6883,Sockerbetsfiber,"Kalium, K",Rotfrukter,117.0,mg
6883,Sockerbetsfiber,"Jod, I",Rotfrukter,0.0,µg
6883,Sockerbetsfiber,Fullkorn totalt,Rotfrukter,0.0,g
6883,Sockerbetsfiber,"Folat, totalt",Rotfrukter,0.0,µg
6883,Sockerbetsfiber,Fibrer,Rotfrukter,77.9,g
6883,Sockerbetsfiber,"Fett, totalt",Rotfrukter,2.3,g
6883,Sockerbetsfiber,"Järn, Fe",Rotfrukter,40.7,mg
6883,Sockerbetsfiber,Energi (kJ),Rotfrukter,850.0,kJ
6883,Sockerbetsfiber,Energi (kcal),Rotfrukter,203.0,kcal
6883,Sockerbetsfiber,Disackarider,Rotfrukter,0.0,g
6883,Sockerbetsfiber,"Kalcium, Ca",Rotfrukter,732.0,mg
6883,Sockerbetsfiber,Fettsyra 4:0-10:0,Rotfrukter,0.0,g
6883,Sockerbetsfiber,DHA (C22:6),Rotfrukter,0.0,g
6883,Sockerbetsfiber,DPA (C22:5),Rotfrukter,0.0,g
6883,Sockerbetsfiber,EPA (C20:5),Rotfrukter,0.0,g
6883,Sockerbetsfiber,Arakidonsyra C20:4,Rotfrukter,0.0,g
6883,Sockerbetsfiber,Arakidinsyra C20:0,Rotfrukter,0.0,g
6883,Sockerbetsfiber,Linolensyra C18:3,Rotfrukter,0.0,g
6883,Sockerbetsfiber,Linolsyra C18:2,Rotfrukter,1.0,g
6883,Sockerbetsfiber,Oljesyra C18:1,Rotfrukter,0.2,g
6883,Sockerbetsfiber,Stearinsyra C18:0,Rotfrukter,0.0,g
6883,Sockerbetsfiber,Palmitoljesyra C16:1,Rotfrukter,0.0,g
6883,Sockerbetsfiber,Palmitinsyra C16:0,Rotfrukter,0.4,g
6883,Sockerbetsfiber,Myristinsyra C14:0,Rotfrukter,0.0,g
6883,Sockerbetsfiber,Laurinsyra C12:0,Rotfrukter,0.0,g
6883,Sockerbetsfiber,Betakaroten/β-Karoten,Rotfrukter,0.0,µg
6883,Sockerbetsfiber,Avfall (skal etc.),Rotfrukter,0.0,%
6883,Sockerbetsfiber,Aska,Rotfrukter,4.0,g
6883,Sockerbetsfiber,Alkohol,Rotfrukter,0.0,g
6884,Kex salta glutenfritt,"Zink, Zn",Smörgåskex,0.2,mg
6884,Kex salta glutenfritt,Vitamin E,Smörgåskex,4.2,mg
6884,Kex salta glutenfritt,Vitamin D inkl 25-OH-D3,Smörgåskex,0.0,µg
6884,Kex salta glutenfritt,Vitamin D,Smörgåskex,0.0,µg
6884,Kex salta glutenfritt,Vitamin C,Smörgåskex,0.0,mg
6884,Kex salta glutenfritt,Vitamin B6,Smörgåskex,0.03,mg
6884,Kex salta glutenfritt,Vitamin B12,Smörgåskex,0.0,µg
6884,Kex salta glutenfritt,Vitamin A,Smörgåskex,1.0,RE/µg
6884,Kex salta glutenfritt,Vatten,Smörgåskex,2.2,g
6884,Kex salta glutenfritt,Tiamin,Smörgåskex,0.03,mg
6884,Kex salta glutenfritt,Tillsatt socker,Smörgåskex,7.0,g
6884,Kex salta glutenfritt,Fritt socker,Smörgåskex,7.0,g
6884,Kex salta glutenfritt,"Selen, Se",Smörgåskex,0.0,µg
6884,Kex salta glutenfritt,Sackaros,Smörgåskex,5.0,g
6884,Kex salta glutenfritt,Riboflavin,Smörgåskex,0.02,mg
6884,Kex salta glutenfritt,Retinol,Smörgåskex,0.0,µg
6884,Kex salta glutenfritt,Protein,Smörgåskex,2.6,g
6884,Kex salta glutenfritt,Summa fleromättade fettsyror,Smörgåskex,1.3,g
6884,Kex salta glutenfritt,"Fosfor, P",Smörgåskex,60.0,mg
6884,Kex salta glutenfritt,Niacinekvivalenter,Smörgåskex,0.5,NE/mg
6884,Kex salta glutenfritt,Niacin,Smörgåskex,0.2,mg
6884,Kex salta glutenfritt,"Salt, NaCl",Smörgåskex,1.7,g
6884,Kex salta glutenfritt,"Natrium, Na",Smörgåskex,680.0,mg
6884,Kex salta glutenfritt,Monosackarider,Smörgåskex,2.2,g
6884,Kex salta glutenfritt,"Sockerarter, totalt",Smörgåskex,7.2,g
6884,Kex salta glutenfritt,Summa enkelomättade fettsyror,Smörgåskex,5.0,g
6884,Kex salta glutenfritt,"Magnesium, Mg",Smörgåskex,18.0,mg
6884,Kex salta glutenfritt,Summa mättade fettsyror,Smörgåskex,6.1,g
6884,Kex salta glutenfritt,"Kolhydrater, tillgängliga",Smörgåskex,78.0,g
6884,Kex salta glutenfritt,Kolesterol,Smörgåskex,0.0,mg
6884,Kex salta glutenfritt,"Kalium, K",Smörgåskex,116.0,mg
6884,Kex salta glutenfritt,"Jod, I",Smörgåskex,0.0,µg
6884,Kex salta glutenfritt,Fullkorn totalt,Smörgåskex,0.0,g
6884,Kex salta glutenfritt,"Folat, totalt",Smörgåskex,15.0,µg
6884,Kex salta glutenfritt,Fibrer,Smörgåskex,1.9,g
6884,Kex salta glutenfritt,"Fett, totalt",Smörgåskex,13.0,g
6884,Kex salta glutenfritt,"Järn, Fe",Smörgåskex,0.4,mg
6884,Kex salta glutenfritt,Energi (kJ),Smörgåskex,1866.0,kJ
6884,Kex salta glutenfritt,Energi (kcal),Smörgåskex,446.0,kcal
6884,Kex salta glutenfritt,Disackarider,Smörgåskex,5.0,g
6884,Kex salta glutenfritt,"Kalcium, Ca",Smörgåskex,16.0,mg
6884,Kex salta glutenfritt,Fettsyra 4:0-10:0,Smörgåskex,0.0,g
6884,Kex salta glutenfritt,DHA (C22:6),Smörgåskex,0.0,g
6884,Kex salta glutenfritt,DPA (C22:5),Smörgåskex,0.0,g
6884,Kex salta glutenfritt,EPA (C20:5),Smörgåskex,0.0,g
6884,Kex salta glutenfritt,Arakidonsyra C20:4,Smörgåskex,0.0,g
6884,Kex salta glutenfritt,Arakidinsyra C20:0,Smörgåskex,0.0,g
6884,Kex salta glutenfritt,Linolensyra C18:3,Smörgåskex,0.0,g
6884,Kex salta glutenfritt,Linolsyra C18:2,Smörgåskex,1.3,g
6884,Kex salta glutenfritt,Oljesyra C18:1,Smörgåskex,5.0,g
6884,Kex salta glutenfritt,Stearinsyra C18:0,Smörgåskex,0.6,g
6884,Kex salta glutenfritt,Palmitoljesyra C16:1,Smörgåskex,0.0,g
6884,Kex salta glutenfritt,Palmitinsyra C16:0,Smörgåskex,5.3,g
6884,Kex salta glutenfritt,Myristinsyra C14:0,Smörgåskex,0.1,g
6884,Kex salta glutenfritt,Laurinsyra C12:0,Smörgåskex,0.0,g
6884,Kex salta glutenfritt,Betakaroten/β-Karoten,Smörgåskex,0.0,µg
6884,Kex salta glutenfritt,Avfall (skal etc.),Smörgåskex,0.0,%
6884,Kex salta glutenfritt,Aska,Smörgåskex,2.3,g
6884,Kex salta glutenfritt,Alkohol,Smörgåskex,0.0,g
6886,Chokladkaka chocolate chip cookie glutenfri,"Zink, Zn",Bullar kakor tårtor mm,0.6,mg
6886,Chokladkaka chocolate chip cookie glutenfri,Vitamin E,Bullar kakor tårtor mm,5.9,mg
6886,Chokladkaka chocolate chip cookie glutenfri,Vitamin D,Bullar kakor tårtor mm,1.02,µg
6886,Chokladkaka chocolate chip cookie glutenfri,Vitamin C,Bullar kakor tårtor mm,0.0,mg
6886,Chokladkaka chocolate chip cookie glutenfri,Vitamin B6,Bullar kakor tårtor mm,0.07,mg
6886,Chokladkaka chocolate chip cookie glutenfri,Vitamin B12,Bullar kakor tårtor mm,0.0,µg
6886,Chokladkaka chocolate chip cookie glutenfri,Vitamin A,Bullar kakor tårtor mm,139.4,RE/µg
6886,Chokladkaka chocolate chip cookie glutenfri,Vatten,Bullar kakor tårtor mm,3.6,g
6886,Chokladkaka chocolate chip cookie glutenfri,Tiamin,Bullar kakor tårtor mm,0.04,mg
6886,Chokladkaka chocolate chip cookie glutenfri,Tillsatt socker,Bullar kakor tårtor mm,16.0,g
6886,Chokladkaka chocolate chip cookie glutenfri,Fritt socker,Bullar kakor tårtor mm,16.0,g
6886,Chokladkaka chocolate chip cookie glutenfri,"Selen, Se",Bullar kakor tårtor mm,0.0,µg
6886,Chokladkaka chocolate chip cookie glutenfri,Sackaros,Bullar kakor tårtor mm,16.6,g
6886,Chokladkaka chocolate chip cookie glutenfri,Riboflavin,Bullar kakor tårtor mm,0.05,mg
6886,Chokladkaka chocolate chip cookie glutenfri,Retinol,Bullar kakor tårtor mm,135.5,µg
6886,Chokladkaka chocolate chip cookie glutenfri,Protein,Bullar kakor tårtor mm,2.8,g
6886,Chokladkaka chocolate chip cookie glutenfri,Summa fleromättade fettsyror,Bullar kakor tårtor mm,2.8,g
6886,Chokladkaka chocolate chip cookie glutenfri,"Fosfor, P",Bullar kakor tårtor mm,67.0,mg
6886,Chokladkaka chocolate chip cookie glutenfri,Niacinekvivalenter,Bullar kakor tårtor mm,1.85,NE/mg
6886,Chokladkaka chocolate chip cookie glutenfri,Niacin,Bullar kakor tårtor mm,0.36,mg
6886,Chokladkaka chocolate chip cookie glutenfri,"Salt, NaCl",Bullar kakor tårtor mm,0.8,g
6886,Chokladkaka chocolate chip cookie glutenfri,"Natrium, Na",Bullar kakor tårtor mm,319.0,mg
6886,Chokladkaka chocolate chip cookie glutenfri,Monosackarider,Bullar kakor tårtor mm,0.0,g
6886,Chokladkaka chocolate chip cookie glutenfri,"Sockerarter, totalt",Bullar kakor tårtor mm,16.8,g
6886,Chokladkaka chocolate chip cookie glutenfri,Summa enkelomättade fettsyror,Bullar kakor tårtor mm,10.1,g
6886,Chokladkaka chocolate chip cookie glutenfri,"Magnesium, Mg",Bullar kakor tårtor mm,35.0,mg
6886,Chokladkaka chocolate chip cookie glutenfri,Summa mättade fettsyror,Bullar kakor tårtor mm,12.2,g
6886,Chokladkaka chocolate chip cookie glutenfri,"Kolhydrater, tillgängliga",Bullar kakor tårtor mm,63.3,g
6886,Chokladkaka chocolate chip cookie glutenfri,Kolesterol,Bullar kakor tårtor mm,0.0,mg
6886,Chokladkaka chocolate chip cookie glutenfri,"Kalium, K",Bullar kakor tårtor mm,147.0,mg
6886,Chokladkaka chocolate chip cookie glutenfri,"Jod, I",Bullar kakor tårtor mm,0.5,µg
6886,Chokladkaka chocolate chip cookie glutenfri,Fullkorn totalt,Bullar kakor tårtor mm,0.0,g
6886,Chokladkaka chocolate chip cookie glutenfri,"Folat, totalt",Bullar kakor tårtor mm,10.4,µg
6886,Chokladkaka chocolate chip cookie glutenfri,Fibrer,Bullar kakor tårtor mm,2.4,g
6886,Chokladkaka chocolate chip cookie glutenfri,"Fett, totalt",Bullar kakor tårtor mm,26.4,g
6886,Chokladkaka chocolate chip cookie glutenfri,"Järn, Fe",Bullar kakor tårtor mm,2.0,mg
6886,Chokladkaka chocolate chip cookie glutenfri,Energi (kJ),Bullar kakor tårtor mm,2122.0,kJ
6886,Chokladkaka chocolate chip cookie glutenfri,Energi (kcal),Bullar kakor tårtor mm,507.0,kcal
6886,Chokladkaka chocolate chip cookie glutenfri,Disackarider,Bullar kakor tårtor mm,16.7,g
6886,Chokladkaka chocolate chip cookie glutenfri,"Kalcium, Ca",Bullar kakor tårtor mm,23.0,mg
6886,Chokladkaka chocolate chip cookie glutenfri,Fettsyra 4:0-10:0,Bullar kakor tårtor mm,0.0,g
6886,Chokladkaka chocolate chip cookie glutenfri,DHA (C22:6),Bullar kakor tårtor mm,0.0,g
6886,Chokladkaka chocolate chip cookie glutenfri,DPA (C22:5),Bullar kakor tårtor mm,0.0,g
6886,Chokladkaka chocolate chip cookie glutenfri,EPA (C20:5),Bullar kakor tårtor mm,0.0,g
6886,Chokladkaka chocolate chip cookie glutenfri,Arakidonsyra C20:4,Bullar kakor tårtor mm,0.0,g
6886,Chokladkaka chocolate chip cookie glutenfri,Arakidinsyra C20:0,Bullar kakor tårtor mm,0.2,g
6886,Chokladkaka chocolate chip cookie glutenfri,Linolensyra C18:3,Bullar kakor tårtor mm,0.2,g
6886,Chokladkaka chocolate chip cookie glutenfri,Linolsyra C18:2,Bullar kakor tårtor mm,2.6,g
6886,Chokladkaka chocolate chip cookie glutenfri,Oljesyra C18:1,Bullar kakor tårtor mm,10.0,g
6886,Chokladkaka chocolate chip cookie glutenfri,Stearinsyra C18:0,Bullar kakor tårtor mm,1.6,g
6886,Chokladkaka chocolate chip cookie glutenfri,Palmitoljesyra C16:1,Bullar kakor tårtor mm,0.0,g
6886,Chokladkaka chocolate chip cookie glutenfri,Palmitinsyra C16:0,Bullar kakor tårtor mm,10.0,g
6886,Chokladkaka chocolate chip cookie glutenfri,Myristinsyra C14:0,Bullar kakor tårtor mm,0.2,g
6886,Chokladkaka chocolate chip cookie glutenfri,Laurinsyra C12:0,Bullar kakor tårtor mm,0.1,g
6886,Chokladkaka chocolate chip cookie glutenfri,Betakaroten/β-Karoten,Bullar kakor tårtor mm,30.0,µg
6886,Chokladkaka chocolate chip cookie glutenfri,Avfall (skal etc.),Bullar kakor tårtor mm,0.0,%
6886,Chokladkaka chocolate chip cookie glutenfri,Aska,Bullar kakor tårtor mm,1.4,g
6886,Chokladkaka chocolate chip cookie glutenfri,Alkohol,Bullar kakor tårtor mm,0.0,g
6888,Korv veg. sojaprotein kylvara el. frysvara typ grillkorv,"Zink, Zn",Vegetabiliskt protein produkter och rätter,0.6,mg
6888,Korv veg. sojaprotein kylvara el. frysvara typ grillkorv,Vitamin E,Vegetabiliskt protein produkter och rätter,3.5,mg
6888,Korv veg. sojaprotein kylvara el. frysvara typ grillkorv,Vitamin D inkl 25-OH-D3,Vegetabiliskt protein produkter och rätter,0.0,µg
6888,Korv veg. sojaprotein kylvara el. frysvara typ grillkorv,Vitamin D,Vegetabiliskt protein produkter och rätter,0.0,µg
6888,Korv veg. sojaprotein kylvara el. frysvara typ grillkorv,Vitamin C,Vegetabiliskt protein produkter och rätter,0.2,mg
6888,Korv veg. sojaprotein kylvara el. frysvara typ grillkorv,Vitamin B6,Vegetabiliskt protein produkter och rätter,0.06,mg
6888,Korv veg. sojaprotein kylvara el. frysvara typ grillkorv,Vitamin B12,Vegetabiliskt protein produkter och rätter,0.0,µg
6888,Korv veg. sojaprotein kylvara el. frysvara typ grillkorv,Vitamin A,Vegetabiliskt protein produkter och rätter,7.0,RE/µg
6888,Korv veg. sojaprotein kylvara el. frysvara typ grillkorv,Vatten,Vegetabiliskt protein produkter och rätter,65.0,g
6888,Korv veg. sojaprotein kylvara el. frysvara typ grillkorv,Tiamin,Vegetabiliskt protein produkter och rätter,0.06,mg
6888,Korv veg. sojaprotein kylvara el. frysvara typ grillkorv,Tillsatt socker,Vegetabiliskt protein produkter och rätter,0.0,g
6888,Korv veg. sojaprotein kylvara el. frysvara typ grillkorv,Fritt socker,Vegetabiliskt protein produkter och rätter,0.0,g
6888,Korv veg. sojaprotein kylvara el. frysvara typ grillkorv,"Selen, Se",Vegetabiliskt protein produkter och rätter,5.0,µg
6888,Korv veg. sojaprotein kylvara el. frysvara typ grillkorv,Sackaros,Vegetabiliskt protein produkter och rätter,0.1,g
6888,Korv veg. sojaprotein kylvara el. frysvara typ grillkorv,Riboflavin,Vegetabiliskt protein produkter och rätter,0.07,mg
6888,Korv veg. sojaprotein kylvara el. frysvara typ grillkorv,Retinol,Vegetabiliskt protein produkter och rätter,0.0,µg
6888,Korv veg. sojaprotein kylvara el. frysvara typ grillkorv,Protein,Vegetabiliskt protein produkter och rätter,12.0,g
6888,Korv veg. sojaprotein kylvara el. frysvara typ grillkorv,Summa fleromättade fettsyror,Vegetabiliskt protein produkter och rätter,3.2,g
6888,Korv veg. sojaprotein kylvara el. frysvara typ grillkorv,"Fosfor, P",Vegetabiliskt protein produkter och rätter,150.0,mg
6888,Korv veg. sojaprotein kylvara el. frysvara typ grillkorv,Niacinekvivalenter,Vegetabiliskt protein produkter och rätter,2.5,NE/mg
6888,Korv veg. sojaprotein kylvara el. frysvara typ grillkorv,Niacin,Vegetabiliskt protein produkter och rätter,0.52,mg
6888,Korv veg. sojaprotein kylvara el. frysvara typ grillkorv,"Salt, NaCl",Vegetabiliskt protein produkter och rätter,1.6,g
6888,Korv veg. sojaprotein kylvara el. frysvara typ grillkorv,"Natrium, Na",Vegetabiliskt protein produkter och rätter,630.0,mg
6888,Korv veg. sojaprotein kylvara el. frysvara typ grillkorv,Monosackarider,Vegetabiliskt protein produkter och rätter,0.5,g
6888,Korv veg. sojaprotein kylvara el. frysvara typ grillkorv,"Sockerarter, totalt",Vegetabiliskt protein produkter och rätter,0.6,g
6888,Korv veg. sojaprotein kylvara el. frysvara typ grillkorv,Summa enkelomättade fettsyror,Vegetabiliskt protein produkter och rätter,7.0,g
6888,Korv veg. sojaprotein kylvara el. frysvara typ grillkorv,"Magnesium, Mg",Vegetabiliskt protein produkter och rätter,41.0,mg
6888,Korv veg. sojaprotein kylvara el. frysvara typ grillkorv,Summa mättade fettsyror,Vegetabiliskt protein produkter och rätter,0.8,g
6888,Korv veg. sojaprotein kylvara el. frysvara typ grillkorv,"Kolhydrater, tillgängliga",Vegetabiliskt protein produkter och rätter,3.4,g
6888,Korv veg. sojaprotein kylvara el. frysvara typ grillkorv,Kolesterol,Vegetabiliskt protein produkter och rätter,0.0,mg
6888,Korv veg. sojaprotein kylvara el. frysvara typ grillkorv,"Kalium, K",Vegetabiliskt protein produkter och rätter,300.0,mg
6888,Korv veg. sojaprotein kylvara el. frysvara typ grillkorv,"Jod, I",Vegetabiliskt protein produkter och rätter,0.0,µg
6888,Korv veg. sojaprotein kylvara el. frysvara typ grillkorv,Fullkorn totalt,Vegetabiliskt protein produkter och rätter,0.0,g
6888,Korv veg. sojaprotein kylvara el. frysvara typ grillkorv,"Folat, totalt",Vegetabiliskt protein produkter och rätter,61.0,µg
6888,Korv veg. sojaprotein kylvara el. frysvara typ grillkorv,Fibrer,Vegetabiliskt protein produkter och rätter,5.7,g
6888,Korv veg. sojaprotein kylvara el. frysvara typ grillkorv,"Fett, totalt",Vegetabiliskt protein produkter och rätter,11.6,g
6888,Korv veg. sojaprotein kylvara el. frysvara typ grillkorv,"Järn, Fe",Vegetabiliskt protein produkter och rätter,16.0,mg
6888,Korv veg. sojaprotein kylvara el. frysvara typ grillkorv,Energi (kJ),Vegetabiliskt protein produkter och rätter,737.0,kJ
6888,Korv veg. sojaprotein kylvara el. frysvara typ grillkorv,Energi (kcal),Vegetabiliskt protein produkter och rätter,176.0,kcal
6888,Korv veg. sojaprotein kylvara el. frysvara typ grillkorv,Disackarider,Vegetabiliskt protein produkter och rätter,0.1,g
6888,Korv veg. sojaprotein kylvara el. frysvara typ grillkorv,"Kalcium, Ca",Vegetabiliskt protein produkter och rätter,64.0,mg
6888,Korv veg. sojaprotein kylvara el. frysvara typ grillkorv,Fettsyra 4:0-10:0,Vegetabiliskt protein produkter och rätter,0.0,g
6888,Korv veg. sojaprotein kylvara el. frysvara typ grillkorv,DHA (C22:6),Vegetabiliskt protein produkter och rätter,0.0,g
6888,Korv veg. sojaprotein kylvara el. frysvara typ grillkorv,DPA (C22:5),Vegetabiliskt protein produkter och rätter,0.0,g
6888,Korv veg. sojaprotein kylvara el. frysvara typ grillkorv,EPA (C20:5),Vegetabiliskt protein produkter och rätter,0.0,g
6888,Korv veg. sojaprotein kylvara el. frysvara typ grillkorv,Arakidonsyra C20:4,Vegetabiliskt protein produkter och rätter,0.0,g
6888,Korv veg. sojaprotein kylvara el. frysvara typ grillkorv,Arakidinsyra C20:0,Vegetabiliskt protein produkter och rätter,0.1,g
6888,Korv veg. sojaprotein kylvara el. frysvara typ grillkorv,Linolensyra C18:3,Vegetabiliskt protein produkter och rätter,0.9,g
6888,Korv veg. sojaprotein kylvara el. frysvara typ grillkorv,Linolsyra C18:2,Vegetabiliskt protein produkter och rätter,2.3,g
6888,Korv veg. sojaprotein kylvara el. frysvara typ grillkorv,Oljesyra C18:1,Vegetabiliskt protein produkter och rätter,6.9,g
6888,Korv veg. sojaprotein kylvara el. frysvara typ grillkorv,Stearinsyra C18:0,Vegetabiliskt protein produkter och rätter,0.2,g
6888,Korv veg. sojaprotein kylvara el. frysvara typ grillkorv,Palmitoljesyra C16:1,Vegetabiliskt protein produkter och rätter,0.0,g
6888,Korv veg. sojaprotein kylvara el. frysvara typ grillkorv,Palmitinsyra C16:0,Vegetabiliskt protein produkter och rätter,0.5,g
6888,Korv veg. sojaprotein kylvara el. frysvara typ grillkorv,Myristinsyra C14:0,Vegetabiliskt protein produkter och rätter,0.0,g
6888,Korv veg. sojaprotein kylvara el. frysvara typ grillkorv,Laurinsyra C12:0,Vegetabiliskt protein produkter och rätter,0.0,g
6888,Korv veg. sojaprotein kylvara el. frysvara typ grillkorv,Betakaroten/β-Karoten,Vegetabiliskt protein produkter och rätter,80.0,µg
6888,Korv veg. sojaprotein kylvara el. frysvara typ grillkorv,Avfall (skal etc.),Vegetabiliskt protein produkter och rätter,0.0,%
6888,Korv veg. sojaprotein kylvara el. frysvara typ grillkorv,Aska,Vegetabiliskt protein produkter och rätter,2.3,g
6888,Korv veg. sojaprotein kylvara el. frysvara typ grillkorv,Alkohol,Vegetabiliskt protein produkter och rätter,0.0,g
6889,Korv veg. solrosprotein kylvara el. frysvara typ grillkorv,"Zink, Zn",Vegetabiliskt protein produkter och rätter,1.4,mg
6889,Korv veg. solrosprotein kylvara el. frysvara typ grillkorv,Vitamin E,Vegetabiliskt protein produkter och rätter,2.5,mg
6889,Korv veg. solrosprotein kylvara el. frysvara typ grillkorv,Vitamin D inkl 25-OH-D3,Vegetabiliskt protein produkter och rätter,0.0,µg
6889,Korv veg. solrosprotein kylvara el. frysvara typ grillkorv,Vitamin D,Vegetabiliskt protein produkter och rätter,0.0,µg
6889,Korv veg. solrosprotein kylvara el. frysvara typ grillkorv,Vitamin C,Vegetabiliskt protein produkter och rätter,0.2,mg
6889,Korv veg. solrosprotein kylvara el. frysvara typ grillkorv,Vitamin B6,Vegetabiliskt protein produkter och rätter,0.23,mg
6889,Korv veg. solrosprotein kylvara el. frysvara typ grillkorv,Vitamin B12,Vegetabiliskt protein produkter och rätter,0.0,µg
6889,Korv veg. solrosprotein kylvara el. frysvara typ grillkorv,Vitamin A,Vegetabiliskt protein produkter och rätter,0.0,RE/µg
6889,Korv veg. solrosprotein kylvara el. frysvara typ grillkorv,Vatten,Vegetabiliskt protein produkter och rätter,74.0,g
6889,Korv veg. solrosprotein kylvara el. frysvara typ grillkorv,Tiamin,Vegetabiliskt protein produkter och rätter,0.44,mg
6889,Korv veg. solrosprotein kylvara el. frysvara typ grillkorv,Tillsatt socker,Vegetabiliskt protein produkter och rätter,1.0,g
6889,Korv veg. solrosprotein kylvara el. frysvara typ grillkorv,Fritt socker,Vegetabiliskt protein produkter och rätter,1.0,g
6889,Korv veg. solrosprotein kylvara el. frysvara typ grillkorv,"Selen, Se",Vegetabiliskt protein produkter och rätter,3.5,µg
6889,Korv veg. solrosprotein kylvara el. frysvara typ grillkorv,Sackaros,Vegetabiliskt protein produkter och rätter,0.6,g
6889,Korv veg. solrosprotein kylvara el. frysvara typ grillkorv,Riboflavin,Vegetabiliskt protein produkter och rätter,0.15,mg
6889,Korv veg. solrosprotein kylvara el. frysvara typ grillkorv,Retinol,Vegetabiliskt protein produkter och rätter,0.0,µg
6889,Korv veg. solrosprotein kylvara el. frysvara typ grillkorv,Protein,Vegetabiliskt protein produkter och rätter,5.3,g
6889,Korv veg. solrosprotein kylvara el. frysvara typ grillkorv,Summa fleromättade fettsyror,Vegetabiliskt protein produkter och rätter,2.8,g
6889,Korv veg. solrosprotein kylvara el. frysvara typ grillkorv,"Fosfor, P",Vegetabiliskt protein produkter och rätter,250.0,mg
6889,Korv veg. solrosprotein kylvara el. frysvara typ grillkorv,Niacinekvivalenter,Vegetabiliskt protein produkter och rätter,2.8,NE/mg
6889,Korv veg. solrosprotein kylvara el. frysvara typ grillkorv,Niacin,Vegetabiliskt protein produkter och rätter,1.9,mg
6889,Korv veg. solrosprotein kylvara el. frysvara typ grillkorv,"Salt, NaCl",Vegetabiliskt protein produkter och rätter,2.1,g
6889,Korv veg. solrosprotein kylvara el. frysvara typ grillkorv,"Natrium, Na",Vegetabiliskt protein produkter och rätter,840.0,mg
6889,Korv veg. solrosprotein kylvara el. frysvara typ grillkorv,Monosackarider,Vegetabiliskt protein produkter och rätter,0.9,g
6889,Korv veg. solrosprotein kylvara el. frysvara typ grillkorv,"Sockerarter, totalt",Vegetabiliskt protein produkter och rätter,1.5,g
6889,Korv veg. solrosprotein kylvara el. frysvara typ grillkorv,Summa enkelomättade fettsyror,Vegetabiliskt protein produkter och rätter,6.4,g
6889,Korv veg. solrosprotein kylvara el. frysvara typ grillkorv,"Magnesium, Mg",Vegetabiliskt protein produkter och rätter,93.0,mg
6889,Korv veg. solrosprotein kylvara el. frysvara typ grillkorv,Summa mättade fettsyror,Vegetabiliskt protein produkter och rätter,0.7,g
6889,Korv veg. solrosprotein kylvara el. frysvara typ grillkorv,"Kolhydrater, tillgängliga",Vegetabiliskt protein produkter och rätter,6.7,g
6889,Korv veg. solrosprotein kylvara el. frysvara typ grillkorv,Kolesterol,Vegetabiliskt protein produkter och rätter,0.0,mg
6889,Korv veg. solrosprotein kylvara el. frysvara typ grillkorv,"Kalium, K",Vegetabiliskt protein produkter och rätter,550.0,mg
6889,Korv veg. solrosprotein kylvara el. frysvara typ grillkorv,"Jod, I",Vegetabiliskt protein produkter och rätter,1.7,µg
6889,Korv veg. solrosprotein kylvara el. frysvara typ grillkorv,Fullkorn totalt,Vegetabiliskt protein produkter och rätter,0.0,g
6889,Korv veg. solrosprotein kylvara el. frysvara typ grillkorv,"Folat, totalt",Vegetabiliskt protein produkter och rätter,49.0,µg
6889,Korv veg. solrosprotein kylvara el. frysvara typ grillkorv,Fibrer,Vegetabiliskt protein produkter och rätter,0.0,g
6889,Korv veg. solrosprotein kylvara el. frysvara typ grillkorv,"Fett, totalt",Vegetabiliskt protein produkter och rätter,10.5,g
6889,Korv veg. solrosprotein kylvara el. frysvara typ grillkorv,"Järn, Fe",Vegetabiliskt protein produkter och rätter,17.0,mg
6889,Korv veg. solrosprotein kylvara el. frysvara typ grillkorv,Energi (kJ),Vegetabiliskt protein produkter och rätter,593.0,kJ
6889,Korv veg. solrosprotein kylvara el. frysvara typ grillkorv,Energi (kcal),Vegetabiliskt protein produkter och rätter,142.0,kcal
6889,Korv veg. solrosprotein kylvara el. frysvara typ grillkorv,Disackarider,Vegetabiliskt protein produkter och rätter,0.6,g
6889,Korv veg. solrosprotein kylvara el. frysvara typ grillkorv,"Kalcium, Ca",Vegetabiliskt protein produkter och rätter,93.0,mg
6889,Korv veg. solrosprotein kylvara el. frysvara typ grillkorv,Fettsyra 4:0-10:0,Vegetabiliskt protein produkter och rätter,0.0,g
6889,Korv veg. solrosprotein kylvara el. frysvara typ grillkorv,DHA (C22:6),Vegetabiliskt protein produkter och rätter,0.0,g
6889,Korv veg. solrosprotein kylvara el. frysvara typ grillkorv,DPA (C22:5),Vegetabiliskt protein produkter och rätter,0.0,g
6889,Korv veg. solrosprotein kylvara el. frysvara typ grillkorv,EPA (C20:5),Vegetabiliskt protein produkter och rätter,0.0,g
6889,Korv veg. solrosprotein kylvara el. frysvara typ grillkorv,Arakidonsyra C20:4,Vegetabiliskt protein produkter och rätter,0.0,g
6889,Korv veg. solrosprotein kylvara el. frysvara typ grillkorv,Arakidinsyra C20:0,Vegetabiliskt protein produkter och rätter,0.1,g
6889,Korv veg. solrosprotein kylvara el. frysvara typ grillkorv,Linolensyra C18:3,Vegetabiliskt protein produkter och rätter,0.8,g
6889,Korv veg. solrosprotein kylvara el. frysvara typ grillkorv,Linolsyra C18:2,Vegetabiliskt protein produkter och rätter,2.0,g
6889,Korv veg. solrosprotein kylvara el. frysvara typ grillkorv,Oljesyra C18:1,Vegetabiliskt protein produkter och rätter,6.3,g
6889,Korv veg. solrosprotein kylvara el. frysvara typ grillkorv,Stearinsyra C18:0,Vegetabiliskt protein produkter och rätter,0.2,g
6889,Korv veg. solrosprotein kylvara el. frysvara typ grillkorv,Palmitoljesyra C16:1,Vegetabiliskt protein produkter och rätter,0.0,g
6889,Korv veg. solrosprotein kylvara el. frysvara typ grillkorv,Palmitinsyra C16:0,Vegetabiliskt protein produkter och rätter,0.5,g
6889,Korv veg. solrosprotein kylvara el. frysvara typ grillkorv,Myristinsyra C14:0,Vegetabiliskt protein produkter och rätter,0.0,g
6889,Korv veg. solrosprotein kylvara el. frysvara typ grillkorv,Laurinsyra C12:0,Vegetabiliskt protein produkter och rätter,0.0,g
6889,Korv veg. solrosprotein kylvara el. frysvara typ grillkorv,Betakaroten/β-Karoten,Vegetabiliskt protein produkter och rätter,0.0,µg
6889,Korv veg. solrosprotein kylvara el. frysvara typ grillkorv,Avfall (skal etc.),Vegetabiliskt protein produkter och rätter,0.0,%
6889,Korv veg. solrosprotein kylvara el. frysvara typ grillkorv,Aska,Vegetabiliskt protein produkter och rätter,3.5,g
6889,Korv veg. solrosprotein kylvara el. frysvara typ grillkorv,Alkohol,Vegetabiliskt protein produkter och rätter,0.0,g
6890,Korv veg. solros- och ärtprotein kylvara el. frysvara typ grillkorv,"Zink, Zn",Vegetabiliskt protein produkter och rätter,1.0,mg
6890,Korv veg. solros- och ärtprotein kylvara el. frysvara typ grillkorv,Vitamin E,Vegetabiliskt protein produkter och rätter,3.3,mg
6890,Korv veg. solros- och ärtprotein kylvara el. frysvara typ grillkorv,Vitamin D inkl 25-OH-D3,Vegetabiliskt protein produkter och rätter,0.0,µg
6890,Korv veg. solros- och ärtprotein kylvara el. frysvara typ grillkorv,Vitamin D,Vegetabiliskt protein produkter och rätter,0.0,µg
6890,Korv veg. solros- och ärtprotein kylvara el. frysvara typ grillkorv,Vitamin C,Vegetabiliskt protein produkter och rätter,0.2,mg
6890,Korv veg. solros- och ärtprotein kylvara el. frysvara typ grillkorv,Vitamin B6,Vegetabiliskt protein produkter och rätter,0.11,mg
6890,Korv veg. solros- och ärtprotein kylvara el. frysvara typ grillkorv,Vitamin B12,Vegetabiliskt protein produkter och rätter,0.0,µg
6890,Korv veg. solros- och ärtprotein kylvara el. frysvara typ grillkorv,Vitamin A,Vegetabiliskt protein produkter och rätter,3.0,RE/µg
6890,Korv veg. solros- och ärtprotein kylvara el. frysvara typ grillkorv,Vatten,Vegetabiliskt protein produkter och rätter,67.0,g
6890,Korv veg. solros- och ärtprotein kylvara el. frysvara typ grillkorv,Tiamin,Vegetabiliskt protein produkter och rätter,0.18,mg
6890,Korv veg. solros- och ärtprotein kylvara el. frysvara typ grillkorv,Tillsatt socker,Vegetabiliskt protein produkter och rätter,0.0,g
6890,Korv veg. solros- och ärtprotein kylvara el. frysvara typ grillkorv,Fritt socker,Vegetabiliskt protein produkter och rätter,1.0,g
6890,Korv veg. solros- och ärtprotein kylvara el. frysvara typ grillkorv,"Selen, Se",Vegetabiliskt protein produkter och rätter,2.2,µg
6890,Korv veg. solros- och ärtprotein kylvara el. frysvara typ grillkorv,Sackaros,Vegetabiliskt protein produkter och rätter,0.4,g
6890,Korv veg. solros- och ärtprotein kylvara el. frysvara typ grillkorv,Riboflavin,Vegetabiliskt protein produkter och rätter,0.06,mg
6890,Korv veg. solros- och ärtprotein kylvara el. frysvara typ grillkorv,Retinol,Vegetabiliskt protein produkter och rätter,0.0,µg
6890,Korv veg. solros- och ärtprotein kylvara el. frysvara typ grillkorv,Protein,Vegetabiliskt protein produkter och rätter,4.7,g
6890,Korv veg. solros- och ärtprotein kylvara el. frysvara typ grillkorv,Summa fleromättade fettsyror,Vegetabiliskt protein produkter och rätter,6.8,g
6890,Korv veg. solros- och ärtprotein kylvara el. frysvara typ grillkorv,"Fosfor, P",Vegetabiliskt protein produkter och rätter,150.0,mg
6890,Korv veg. solros- och ärtprotein kylvara el. frysvara typ grillkorv,Niacinekvivalenter,Vegetabiliskt protein produkter och rätter,1.4,NE/mg
6890,Korv veg. solros- och ärtprotein kylvara el. frysvara typ grillkorv,Niacin,Vegetabiliskt protein produkter och rätter,0.65,mg
6890,Korv veg. solros- och ärtprotein kylvara el. frysvara typ grillkorv,"Salt, NaCl",Vegetabiliskt protein produkter och rätter,1.8,g
6890,Korv veg. solros- och ärtprotein kylvara el. frysvara typ grillkorv,"Natrium, Na",Vegetabiliskt protein produkter och rätter,710.0,mg
6890,Korv veg. solros- och ärtprotein kylvara el. frysvara typ grillkorv,Monosackarider,Vegetabiliskt protein produkter och rätter,1.4,g
6890,Korv veg. solros- och ärtprotein kylvara el. frysvara typ grillkorv,"Sockerarter, totalt",Vegetabiliskt protein produkter och rätter,1.8,g
6890,Korv veg. solros- och ärtprotein kylvara el. frysvara typ grillkorv,Summa enkelomättade fettsyror,Vegetabiliskt protein produkter och rätter,3.8,g
6890,Korv veg. solros- och ärtprotein kylvara el. frysvara typ grillkorv,"Magnesium, Mg",Vegetabiliskt protein produkter och rätter,51.0,mg
6890,Korv veg. solros- och ärtprotein kylvara el. frysvara typ grillkorv,Summa mättade fettsyror,Vegetabiliskt protein produkter och rätter,1.3,g
6890,Korv veg. solros- och ärtprotein kylvara el. frysvara typ grillkorv,"Kolhydrater, tillgängliga",Vegetabiliskt protein produkter och rätter,8.2,g
6890,Korv veg. solros- och ärtprotein kylvara el. frysvara typ grillkorv,Kolesterol,Vegetabiliskt protein produkter och rätter,0.0,mg
6890,Korv veg. solros- och ärtprotein kylvara el. frysvara typ grillkorv,"Kalium, K",Vegetabiliskt protein produkter och rätter,230.0,mg
6890,Korv veg. solros- och ärtprotein kylvara el. frysvara typ grillkorv,"Jod, I",Vegetabiliskt protein produkter och rätter,5.1,µg
6890,Korv veg. solros- och ärtprotein kylvara el. frysvara typ grillkorv,Fullkorn totalt,Vegetabiliskt protein produkter och rätter,0.0,g
6890,Korv veg. solros- och ärtprotein kylvara el. frysvara typ grillkorv,"Folat, totalt",Vegetabiliskt protein produkter och rätter,12.0,µg
6890,Korv veg. solros- och ärtprotein kylvara el. frysvara typ grillkorv,Fibrer,Vegetabiliskt protein produkter och rätter,5.2,g
6890,Korv veg. solros- och ärtprotein kylvara el. frysvara typ grillkorv,"Fett, totalt",Vegetabiliskt protein produkter och rätter,12.6,g
6890,Korv veg. solros- och ärtprotein kylvara el. frysvara typ grillkorv,"Järn, Fe",Vegetabiliskt protein produkter och rätter,3.2,mg
6890,Korv veg. solros- och ärtprotein kylvara el. frysvara typ grillkorv,Energi (kJ),Vegetabiliskt protein produkter och rätter,726.0,kJ
6890,Korv veg. solros- och ärtprotein kylvara el. frysvara typ grillkorv,Energi (kcal),Vegetabiliskt protein produkter och rätter,174.0,kcal
6890,Korv veg. solros- och ärtprotein kylvara el. frysvara typ grillkorv,Disackarider,Vegetabiliskt protein produkter och rätter,0.4,g
6890,Korv veg. solros- och ärtprotein kylvara el. frysvara typ grillkorv,"Kalcium, Ca",Vegetabiliskt protein produkter och rätter,76.0,mg
6890,Korv veg. solros- och ärtprotein kylvara el. frysvara typ grillkorv,Fettsyra 4:0-10:0,Vegetabiliskt protein produkter och rätter,0.0,g
6890,Korv veg. solros- och ärtprotein kylvara el. frysvara typ grillkorv,DHA (C22:6),Vegetabiliskt protein produkter och rätter,0.0,g
6890,Korv veg. solros- och ärtprotein kylvara el. frysvara typ grillkorv,DPA (C22:5),Vegetabiliskt protein produkter och rätter,0.0,g
6890,Korv veg. solros- och ärtprotein kylvara el. frysvara typ grillkorv,EPA (C20:5),Vegetabiliskt protein produkter och rätter,0.0,g
6890,Korv veg. solros- och ärtprotein kylvara el. frysvara typ grillkorv,Arakidonsyra C20:4,Vegetabiliskt protein produkter och rätter,0.0,g
6890,Korv veg. solros- och ärtprotein kylvara el. frysvara typ grillkorv,Arakidinsyra C20:0,Vegetabiliskt protein produkter och rätter,0.0,g
6890,Korv veg. solros- och ärtprotein kylvara el. frysvara typ grillkorv,Linolensyra C18:3,Vegetabiliskt protein produkter och rätter,0.0,g
6890,Korv veg. solros- och ärtprotein kylvara el. frysvara typ grillkorv,Linolsyra C18:2,Vegetabiliskt protein produkter och rätter,6.8,g
6890,Korv veg. solros- och ärtprotein kylvara el. frysvara typ grillkorv,Oljesyra C18:1,Vegetabiliskt protein produkter och rätter,3.8,g
6890,Korv veg. solros- och ärtprotein kylvara el. frysvara typ grillkorv,Stearinsyra C18:0,Vegetabiliskt protein produkter och rätter,0.4,g
6890,Korv veg. solros- och ärtprotein kylvara el. frysvara typ grillkorv,Palmitoljesyra C16:1,Vegetabiliskt protein produkter och rätter,0.0,g
6890,Korv veg. solros- och ärtprotein kylvara el. frysvara typ grillkorv,Palmitinsyra C16:0,Vegetabiliskt protein produkter och rätter,0.8,g
6890,Korv veg. solros- och ärtprotein kylvara el. frysvara typ grillkorv,Myristinsyra C14:0,Vegetabiliskt protein produkter och rätter,0.0,g
6890,Korv veg. solros- och ärtprotein kylvara el. frysvara typ grillkorv,Laurinsyra C12:0,Vegetabiliskt protein produkter och rätter,0.0,g
6890,Korv veg. solros- och ärtprotein kylvara el. frysvara typ grillkorv,Betakaroten/β-Karoten,Vegetabiliskt protein produkter och rätter,42.0,µg
6890,Korv veg. solros- och ärtprotein kylvara el. frysvara typ grillkorv,Avfall (skal etc.),Vegetabiliskt protein produkter och rätter,0.0,%
6890,Korv veg. solros- och ärtprotein kylvara el. frysvara typ grillkorv,Aska,Vegetabiliskt protein produkter och rätter,2.3,g
6890,Korv veg. solros- och ärtprotein kylvara el. frysvara typ grillkorv,Alkohol,Vegetabiliskt protein produkter och rätter,0.0,g
6892,Korv veg. grönsaker kylvara el. frysvara typ grillkorv,"Zink, Zn",Grönsaks- rotfrukts- baljväxträtter o produkter,0.2,mg
6892,Korv veg. grönsaker kylvara el. frysvara typ grillkorv,Vitamin E,Grönsaks- rotfrukts- baljväxträtter o produkter,3.3,mg
6892,Korv veg. grönsaker kylvara el. frysvara typ grillkorv,Vitamin D inkl 25-OH-D3,Grönsaks- rotfrukts- baljväxträtter o produkter,0.0,µg
6892,Korv veg. grönsaker kylvara el. frysvara typ grillkorv,Vitamin D,Grönsaks- rotfrukts- baljväxträtter o produkter,0.0,µg
6892,Korv veg. grönsaker kylvara el. frysvara typ grillkorv,Vitamin C,Grönsaks- rotfrukts- baljväxträtter o produkter,15.0,mg
6892,Korv veg. grönsaker kylvara el. frysvara typ grillkorv,Vitamin B6,Grönsaks- rotfrukts- baljväxträtter o produkter,0.1,mg
6892,Korv veg. grönsaker kylvara el. frysvara typ grillkorv,Vitamin B12,Grönsaks- rotfrukts- baljväxträtter o produkter,0.0,µg
6892,Korv veg. grönsaker kylvara el. frysvara typ grillkorv,Vitamin A,Grönsaks- rotfrukts- baljväxträtter o produkter,32.0,RE/µg
6892,Korv veg. grönsaker kylvara el. frysvara typ grillkorv,Vatten,Grönsaks- rotfrukts- baljväxträtter o produkter,66.0,g
6892,Korv veg. grönsaker kylvara el. frysvara typ grillkorv,Tiamin,Grönsaks- rotfrukts- baljväxträtter o produkter,0.03,mg
6892,Korv veg. grönsaker kylvara el. frysvara typ grillkorv,Tillsatt socker,Grönsaks- rotfrukts- baljväxträtter o produkter,1.0,g
6892,Korv veg. grönsaker kylvara el. frysvara typ grillkorv,Fritt socker,Grönsaks- rotfrukts- baljväxträtter o produkter,1.0,g
6892,Korv veg. grönsaker kylvara el. frysvara typ grillkorv,"Selen, Se",Grönsaks- rotfrukts- baljväxträtter o produkter,4.8,µg
6892,Korv veg. grönsaker kylvara el. frysvara typ grillkorv,Sackaros,Grönsaks- rotfrukts- baljväxträtter o produkter,0.2,g
6892,Korv veg. grönsaker kylvara el. frysvara typ grillkorv,Riboflavin,Grönsaks- rotfrukts- baljväxträtter o produkter,0.23,mg
6892,Korv veg. grönsaker kylvara el. frysvara typ grillkorv,Retinol,Grönsaks- rotfrukts- baljväxträtter o produkter,0.0,µg
6892,Korv veg. grönsaker kylvara el. frysvara typ grillkorv,Protein,Grönsaks- rotfrukts- baljväxträtter o produkter,7.1,g
6892,Korv veg. grönsaker kylvara el. frysvara typ grillkorv,Summa fleromättade fettsyror,Grönsaks- rotfrukts- baljväxträtter o produkter,2.0,g
6892,Korv veg. grönsaker kylvara el. frysvara typ grillkorv,"Fosfor, P",Grönsaks- rotfrukts- baljväxträtter o produkter,49.0,mg
6892,Korv veg. grönsaker kylvara el. frysvara typ grillkorv,Niacinekvivalenter,Grönsaks- rotfrukts- baljväxträtter o produkter,1.9,NE/mg
6892,Korv veg. grönsaker kylvara el. frysvara typ grillkorv,Niacin,Grönsaks- rotfrukts- baljväxträtter o produkter,0.69,mg
6892,Korv veg. grönsaker kylvara el. frysvara typ grillkorv,"Salt, NaCl",Grönsaks- rotfrukts- baljväxträtter o produkter,1.0,g
6892,Korv veg. grönsaker kylvara el. frysvara typ grillkorv,"Natrium, Na",Grönsaks- rotfrukts- baljväxträtter o produkter,400.0,mg
6892,Korv veg. grönsaker kylvara el. frysvara typ grillkorv,Monosackarider,Grönsaks- rotfrukts- baljväxträtter o produkter,1.3,g
6892,Korv veg. grönsaker kylvara el. frysvara typ grillkorv,"Sockerarter, totalt",Grönsaks- rotfrukts- baljväxträtter o produkter,1.5,g
6892,Korv veg. grönsaker kylvara el. frysvara typ grillkorv,Summa enkelomättade fettsyror,Grönsaks- rotfrukts- baljväxträtter o produkter,4.4,g
6892,Korv veg. grönsaker kylvara el. frysvara typ grillkorv,"Magnesium, Mg",Grönsaks- rotfrukts- baljväxträtter o produkter,20.0,mg
6892,Korv veg. grönsaker kylvara el. frysvara typ grillkorv,Summa mättade fettsyror,Grönsaks- rotfrukts- baljväxträtter o produkter,0.5,g
6892,Korv veg. grönsaker kylvara el. frysvara typ grillkorv,"Kolhydrater, tillgängliga",Grönsaks- rotfrukts- baljväxträtter o produkter,14.7,g
6892,Korv veg. grönsaker kylvara el. frysvara typ grillkorv,Kolesterol,Grönsaks- rotfrukts- baljväxträtter o produkter,0.0,mg
6892,Korv veg. grönsaker kylvara el. frysvara typ grillkorv,"Kalium, K",Grönsaks- rotfrukts- baljväxträtter o produkter,240.0,mg
6892,Korv veg. grönsaker kylvara el. frysvara typ grillkorv,"Jod, I",Grönsaks- rotfrukts- baljväxträtter o produkter,2.6,µg
6892,Korv veg. grönsaker kylvara el. frysvara typ grillkorv,Fullkorn totalt,Grönsaks- rotfrukts- baljväxträtter o produkter,0.0,g
6892,Korv veg. grönsaker kylvara el. frysvara typ grillkorv,"Folat, totalt",Grönsaks- rotfrukts- baljväxträtter o produkter,25.0,µg
6892,Korv veg. grönsaker kylvara el. frysvara typ grillkorv,Fibrer,Grönsaks- rotfrukts- baljväxträtter o produkter,3.4,g
6892,Korv veg. grönsaker kylvara el. frysvara typ grillkorv,"Fett, totalt",Grönsaks- rotfrukts- baljväxträtter o produkter,7.4,g
6892,Korv veg. grönsaker kylvara el. frysvara typ grillkorv,"Järn, Fe",Grönsaks- rotfrukts- baljväxträtter o produkter,0.6,mg
6892,Korv veg. grönsaker kylvara el. frysvara typ grillkorv,Energi (kJ),Grönsaks- rotfrukts- baljväxträtter o produkter,672.0,kJ
6892,Korv veg. grönsaker kylvara el. frysvara typ grillkorv,Energi (kcal),Grönsaks- rotfrukts- baljväxträtter o produkter,160.0,kcal
6892,Korv veg. grönsaker kylvara el. frysvara typ grillkorv,Disackarider,Grönsaks- rotfrukts- baljväxträtter o produkter,0.2,g
6892,Korv veg. grönsaker kylvara el. frysvara typ grillkorv,"Kalcium, Ca",Grönsaks- rotfrukts- baljväxträtter o produkter,29.0,mg
6892,Korv veg. grönsaker kylvara el. frysvara typ grillkorv,Fettsyra 4:0-10:0,Grönsaks- rotfrukts- baljväxträtter o produkter,0.0,g
6892,Korv veg. grönsaker kylvara el. frysvara typ grillkorv,DHA (C22:6),Grönsaks- rotfrukts- baljväxträtter o produkter,0.0,g
6892,Korv veg. grönsaker kylvara el. frysvara typ grillkorv,DPA (C22:5),Grönsaks- rotfrukts- baljväxträtter o produkter,0.0,g
6892,Korv veg. grönsaker kylvara el. frysvara typ grillkorv,EPA (C20:5),Grönsaks- rotfrukts- baljväxträtter o produkter,0.0,g
6892,Korv veg. grönsaker kylvara el. frysvara typ grillkorv,Arakidonsyra C20:4,Grönsaks- rotfrukts- baljväxträtter o produkter,0.0,g
6892,Korv veg. grönsaker kylvara el. frysvara typ grillkorv,Arakidinsyra C20:0,Grönsaks- rotfrukts- baljväxträtter o produkter,0.0,g
6892,Korv veg. grönsaker kylvara el. frysvara typ grillkorv,Linolensyra C18:3,Grönsaks- rotfrukts- baljväxträtter o produkter,0.6,g
6892,Korv veg. grönsaker kylvara el. frysvara typ grillkorv,Linolsyra C18:2,Grönsaks- rotfrukts- baljväxträtter o produkter,1.3,g
6892,Korv veg. grönsaker kylvara el. frysvara typ grillkorv,Oljesyra C18:1,Grönsaks- rotfrukts- baljväxträtter o produkter,4.3,g
6892,Korv veg. grönsaker kylvara el. frysvara typ grillkorv,Stearinsyra C18:0,Grönsaks- rotfrukts- baljväxträtter o produkter,0.1,g
6892,Korv veg. grönsaker kylvara el. frysvara typ grillkorv,Palmitoljesyra C16:1,Grönsaks- rotfrukts- baljväxträtter o produkter,0.0,g
6892,Korv veg. grönsaker kylvara el. frysvara typ grillkorv,Palmitinsyra C16:0,Grönsaks- rotfrukts- baljväxträtter o produkter,0.4,g
6892,Korv veg. grönsaker kylvara el. frysvara typ grillkorv,Myristinsyra C14:0,Grönsaks- rotfrukts- baljväxträtter o produkter,0.0,g
6892,Korv veg. grönsaker kylvara el. frysvara typ grillkorv,Laurinsyra C12:0,Grönsaks- rotfrukts- baljväxträtter o produkter,0.0,g
6892,Korv veg. grönsaker kylvara el. frysvara typ grillkorv,Betakaroten/β-Karoten,Grönsaks- rotfrukts- baljväxträtter o produkter,385.0,µg
6892,Korv veg. grönsaker kylvara el. frysvara typ grillkorv,Avfall (skal etc.),Grönsaks- rotfrukts- baljväxträtter o produkter,0.0,%
6892,Korv veg. grönsaker kylvara el. frysvara typ grillkorv,Aska,Grönsaks- rotfrukts- baljväxträtter o produkter,1.4,g
6892,Korv veg. grönsaker kylvara el. frysvara typ grillkorv,Alkohol,Grönsaks- rotfrukts- baljväxträtter o produkter,0.0,g
6893,Korv veg. sojaprotein tillagad kylvara el. frysvara typ grillkorv,"Zink, Zn",Vegetabiliskt protein produkter och rätter,0.6,mg
6893,Korv veg. sojaprotein tillagad kylvara el. frysvara typ grillkorv,Vitamin E,Vegetabiliskt protein produkter och rätter,3.7,mg
6893,Korv veg. sojaprotein tillagad kylvara el. frysvara typ grillkorv,Vitamin D inkl 25-OH-D3,Vegetabiliskt protein produkter och rätter,0.0,µg
6893,Korv veg. sojaprotein tillagad kylvara el. frysvara typ grillkorv,Vitamin D,Vegetabiliskt protein produkter och rätter,0.0,µg
6893,Korv veg. sojaprotein tillagad kylvara el. frysvara typ grillkorv,Vitamin C,Vegetabiliskt protein produkter och rätter,0.2,mg
6893,Korv veg. sojaprotein tillagad kylvara el. frysvara typ grillkorv,Vitamin B6,Vegetabiliskt protein produkter och rätter,0.06,mg
6893,Korv veg. sojaprotein tillagad kylvara el. frysvara typ grillkorv,Vitamin B12,Vegetabiliskt protein produkter och rätter,0.0,µg
6893,Korv veg. sojaprotein tillagad kylvara el. frysvara typ grillkorv,Vitamin A,Vegetabiliskt protein produkter och rätter,7.4,RE/µg
6893,Korv veg. sojaprotein tillagad kylvara el. frysvara typ grillkorv,Vatten,Vegetabiliskt protein produkter och rätter,63.1,g
6893,Korv veg. sojaprotein tillagad kylvara el. frysvara typ grillkorv,Tiamin,Vegetabiliskt protein produkter och rätter,0.06,mg
6893,Korv veg. sojaprotein tillagad kylvara el. frysvara typ grillkorv,Tillsatt socker,Vegetabiliskt protein produkter och rätter,0.0,g
6893,Korv veg. sojaprotein tillagad kylvara el. frysvara typ grillkorv,Fritt socker,Vegetabiliskt protein produkter och rätter,0.0,g
6893,Korv veg. sojaprotein tillagad kylvara el. frysvara typ grillkorv,"Selen, Se",Vegetabiliskt protein produkter och rätter,5.3,µg
6893,Korv veg. sojaprotein tillagad kylvara el. frysvara typ grillkorv,Sackaros,Vegetabiliskt protein produkter och rätter,0.1,g
6893,Korv veg. sojaprotein tillagad kylvara el. frysvara typ grillkorv,Riboflavin,Vegetabiliskt protein produkter och rätter,0.07,mg
6893,Korv veg. sojaprotein tillagad kylvara el. frysvara typ grillkorv,Retinol,Vegetabiliskt protein produkter och rätter,0.0,µg
6893,Korv veg. sojaprotein tillagad kylvara el. frysvara typ grillkorv,Protein,Vegetabiliskt protein produkter och rätter,12.7,g
6893,Korv veg. sojaprotein tillagad kylvara el. frysvara typ grillkorv,Summa fleromättade fettsyror,Vegetabiliskt protein produkter och rätter,3.4,g
6893,Korv veg. sojaprotein tillagad kylvara el. frysvara typ grillkorv,"Fosfor, P",Vegetabiliskt protein produkter och rätter,158.0,mg
6893,Korv veg. sojaprotein tillagad kylvara el. frysvara typ grillkorv,Niacinekvivalenter,Vegetabiliskt protein produkter och rätter,2.64,NE/mg
6893,Korv veg. sojaprotein tillagad kylvara el. frysvara typ grillkorv,Niacin,Vegetabiliskt protein produkter och rätter,0.55,mg
6893,Korv veg. sojaprotein tillagad kylvara el. frysvara typ grillkorv,"Salt, NaCl",Vegetabiliskt protein produkter och rätter,1.7,g
6893,Korv veg. sojaprotein tillagad kylvara el. frysvara typ grillkorv,"Natrium, Na",Vegetabiliskt protein produkter och rätter,665.0,mg
6893,Korv veg. sojaprotein tillagad kylvara el. frysvara typ grillkorv,Monosackarider,Vegetabiliskt protein produkter och rätter,0.5,g
6893,Korv veg. sojaprotein tillagad kylvara el. frysvara typ grillkorv,"Sockerarter, totalt",Vegetabiliskt protein produkter och rätter,0.6,g
6893,Korv veg. sojaprotein tillagad kylvara el. frysvara typ grillkorv,Summa enkelomättade fettsyror,Vegetabiliskt protein produkter och rätter,7.4,g
6893,Korv veg. sojaprotein tillagad kylvara el. frysvara typ grillkorv,"Magnesium, Mg",Vegetabiliskt protein produkter och rätter,43.0,mg
6893,Korv veg. sojaprotein tillagad kylvara el. frysvara typ grillkorv,Summa mättade fettsyror,Vegetabiliskt protein produkter och rätter,0.8,g
6893,Korv veg. sojaprotein tillagad kylvara el. frysvara typ grillkorv,"Kolhydrater, tillgängliga",Vegetabiliskt protein produkter och rätter,3.6,g
6893,Korv veg. sojaprotein tillagad kylvara el. frysvara typ grillkorv,Kolesterol,Vegetabiliskt protein produkter och rätter,0.0,mg
6893,Korv veg. sojaprotein tillagad kylvara el. frysvara typ grillkorv,"Kalium, K",Vegetabiliskt protein produkter och rätter,316.0,mg
6893,Korv veg. sojaprotein tillagad kylvara el. frysvara typ grillkorv,"Jod, I",Vegetabiliskt protein produkter och rätter,0.0,µg
6893,Korv veg. sojaprotein tillagad kylvara el. frysvara typ grillkorv,Fullkorn totalt,Vegetabiliskt protein produkter och rätter,0.0,g
6893,Korv veg. sojaprotein tillagad kylvara el. frysvara typ grillkorv,"Folat, totalt",Vegetabiliskt protein produkter och rätter,64.3,µg
6893,Korv veg. sojaprotein tillagad kylvara el. frysvara typ grillkorv,Fibrer,Vegetabiliskt protein produkter och rätter,6.0,g
6893,Korv veg. sojaprotein tillagad kylvara el. frysvara typ grillkorv,"Fett, totalt",Vegetabiliskt protein produkter och rätter,12.2,g
6893,Korv veg. sojaprotein tillagad kylvara el. frysvara typ grillkorv,"Järn, Fe",Vegetabiliskt protein produkter och rätter,16.9,mg
6893,Korv veg. sojaprotein tillagad kylvara el. frysvara typ grillkorv,Energi (kJ),Vegetabiliskt protein produkter och rätter,777.0,kJ
6893,Korv veg. sojaprotein tillagad kylvara el. frysvara typ grillkorv,Energi (kcal),Vegetabiliskt protein produkter och rätter,186.0,kcal
6893,Korv veg. sojaprotein tillagad kylvara el. frysvara typ grillkorv,Disackarider,Vegetabiliskt protein produkter och rätter,0.1,g
6893,Korv veg. sojaprotein tillagad kylvara el. frysvara typ grillkorv,"Kalcium, Ca",Vegetabiliskt protein produkter och rätter,68.0,mg
6893,Korv veg. sojaprotein tillagad kylvara el. frysvara typ grillkorv,Fettsyra 4:0-10:0,Vegetabiliskt protein produkter och rätter,0.0,g
6893,Korv veg. sojaprotein tillagad kylvara el. frysvara typ grillkorv,DHA (C22:6),Vegetabiliskt protein produkter och rätter,0.0,g
6893,Korv veg. sojaprotein tillagad kylvara el. frysvara typ grillkorv,DPA (C22:5),Vegetabiliskt protein produkter och rätter,0.0,g
6893,Korv veg. sojaprotein tillagad kylvara el. frysvara typ grillkorv,EPA (C20:5),Vegetabiliskt protein produkter och rätter,0.0,g
6893,Korv veg. sojaprotein tillagad kylvara el. frysvara typ grillkorv,Arakidonsyra C20:4,Vegetabiliskt protein produkter och rätter,0.0,g
6893,Korv veg. sojaprotein tillagad kylvara el. frysvara typ grillkorv,Arakidinsyra C20:0,Vegetabiliskt protein produkter och rätter,0.1,g
6893,Korv veg. sojaprotein tillagad kylvara el. frysvara typ grillkorv,Linolensyra C18:3,Vegetabiliskt protein produkter och rätter,0.9,g
6893,Korv veg. sojaprotein tillagad kylvara el. frysvara typ grillkorv,Linolsyra C18:2,Vegetabiliskt protein produkter och rätter,2.4,g
6893,Korv veg. sojaprotein tillagad kylvara el. frysvara typ grillkorv,Oljesyra C18:1,Vegetabiliskt protein produkter och rätter,7.3,g
6893,Korv veg. sojaprotein tillagad kylvara el. frysvara typ grillkorv,Stearinsyra C18:0,Vegetabiliskt protein produkter och rätter,0.2,g
6893,Korv veg. sojaprotein tillagad kylvara el. frysvara typ grillkorv,Palmitoljesyra C16:1,Vegetabiliskt protein produkter och rätter,0.0,g
6893,Korv veg. sojaprotein tillagad kylvara el. frysvara typ grillkorv,Palmitinsyra C16:0,Vegetabiliskt protein produkter och rätter,0.6,g
6893,Korv veg. sojaprotein tillagad kylvara el. frysvara typ grillkorv,Myristinsyra C14:0,Vegetabiliskt protein produkter och rätter,0.0,g
6893,Korv veg. sojaprotein tillagad kylvara el. frysvara typ grillkorv,Laurinsyra C12:0,Vegetabiliskt protein produkter och rätter,0.0,g
6893,Korv veg. sojaprotein tillagad kylvara el. frysvara typ grillkorv,Betakaroten/β-Karoten,Vegetabiliskt protein produkter och rätter,84.0,µg
6893,Korv veg. sojaprotein tillagad kylvara el. frysvara typ grillkorv,Avfall (skal etc.),Vegetabiliskt protein produkter och rätter,0.0,%
6893,Korv veg. sojaprotein tillagad kylvara el. frysvara typ grillkorv,Aska,Vegetabiliskt protein produkter och rätter,2.4,g
6893,Korv veg. sojaprotein tillagad kylvara el. frysvara typ grillkorv,Alkohol,Vegetabiliskt protein produkter och rätter,0.0,g
6894,Korv veg. solrosprotein tillagad kylvara el. frysvara typ grillkorv,"Zink, Zn",Vegetabiliskt protein produkter och rätter,1.5,mg
6894,Korv veg. solrosprotein tillagad kylvara el. frysvara typ grillkorv,Vitamin E,Vegetabiliskt protein produkter och rätter,2.7,mg
6894,Korv veg. solrosprotein tillagad kylvara el. frysvara typ grillkorv,Vitamin D inkl 25-OH-D3,Vegetabiliskt protein produkter och rätter,0.0,µg
6894,Korv veg. solrosprotein tillagad kylvara el. frysvara typ grillkorv,Vitamin D,Vegetabiliskt protein produkter och rätter,0.0,µg
6894,Korv veg. solrosprotein tillagad kylvara el. frysvara typ grillkorv,Vitamin C,Vegetabiliskt protein produkter och rätter,0.2,mg
6894,Korv veg. solrosprotein tillagad kylvara el. frysvara typ grillkorv,Vitamin B6,Vegetabiliskt protein produkter och rätter,0.24,mg
6894,Korv veg. solrosprotein tillagad kylvara el. frysvara typ grillkorv,Vitamin B12,Vegetabiliskt protein produkter och rätter,0.0,µg
6894,Korv veg. solrosprotein tillagad kylvara el. frysvara typ grillkorv,Vitamin A,Vegetabiliskt protein produkter och rätter,0.0,RE/µg
6894,Korv veg. solrosprotein tillagad kylvara el. frysvara typ grillkorv,Vatten,Vegetabiliskt protein produkter och rätter,72.4,g
6894,Korv veg. solrosprotein tillagad kylvara el. frysvara typ grillkorv,Tiamin,Vegetabiliskt protein produkter och rätter,0.47,mg
6894,Korv veg. solrosprotein tillagad kylvara el. frysvara typ grillkorv,Tillsatt socker,Vegetabiliskt protein produkter och rätter,1.0,g
6894,Korv veg. solrosprotein tillagad kylvara el. frysvara typ grillkorv,Fritt socker,Vegetabiliskt protein produkter och rätter,1.0,g
6894,Korv veg. solrosprotein tillagad kylvara el. frysvara typ grillkorv,"Selen, Se",Vegetabiliskt protein produkter och rätter,3.7,µg
6894,Korv veg. solrosprotein tillagad kylvara el. frysvara typ grillkorv,Sackaros,Vegetabiliskt protein produkter och rätter,0.6,g
6894,Korv veg. solrosprotein tillagad kylvara el. frysvara typ grillkorv,Riboflavin,Vegetabiliskt protein produkter och rätter,0.16,mg
6894,Korv veg. solrosprotein tillagad kylvara el. frysvara typ grillkorv,Retinol,Vegetabiliskt protein produkter och rätter,0.0,µg
6894,Korv veg. solrosprotein tillagad kylvara el. frysvara typ grillkorv,Protein,Vegetabiliskt protein produkter och rätter,5.6,g
6894,Korv veg. solrosprotein tillagad kylvara el. frysvara typ grillkorv,Summa fleromättade fettsyror,Vegetabiliskt protein produkter och rätter,3.0,g
6894,Korv veg. solrosprotein tillagad kylvara el. frysvara typ grillkorv,"Fosfor, P",Vegetabiliskt protein produkter och rätter,266.0,mg
6894,Korv veg. solrosprotein tillagad kylvara el. frysvara typ grillkorv,Niacinekvivalenter,Vegetabiliskt protein produkter och rätter,2.98,NE/mg
6894,Korv veg. solrosprotein tillagad kylvara el. frysvara typ grillkorv,Niacin,Vegetabiliskt protein produkter och rätter,2.02,mg
6894,Korv veg. solrosprotein tillagad kylvara el. frysvara typ grillkorv,"Salt, NaCl",Vegetabiliskt protein produkter och rätter,2.2,g
6894,Korv veg. solrosprotein tillagad kylvara el. frysvara typ grillkorv,"Natrium, Na",Vegetabiliskt protein produkter och rätter,893.0,mg
6894,Korv veg. solrosprotein tillagad kylvara el. frysvara typ grillkorv,Monosackarider,Vegetabiliskt protein produkter och rätter,1.0,g
6894,Korv veg. solrosprotein tillagad kylvara el. frysvara typ grillkorv,"Sockerarter, totalt",Vegetabiliskt protein produkter och rätter,1.6,g
6894,Korv veg. solrosprotein tillagad kylvara el. frysvara typ grillkorv,Summa enkelomättade fettsyror,Vegetabiliskt protein produkter och rätter,6.8,g
6894,Korv veg. solrosprotein tillagad kylvara el. frysvara typ grillkorv,"Magnesium, Mg",Vegetabiliskt protein produkter och rätter,99.0,mg
6894,Korv veg. solrosprotein tillagad kylvara el. frysvara typ grillkorv,Summa mättade fettsyror,Vegetabiliskt protein produkter och rätter,0.7,g
6894,Korv veg. solrosprotein tillagad kylvara el. frysvara typ grillkorv,"Kolhydrater, tillgängliga",Vegetabiliskt protein produkter och rätter,7.1,g
6894,Korv veg. solrosprotein tillagad kylvara el. frysvara typ grillkorv,Kolesterol,Vegetabiliskt protein produkter och rätter,0.0,mg
6894,Korv veg. solrosprotein tillagad kylvara el. frysvara typ grillkorv,"Kalium, K",Vegetabiliskt protein produkter och rätter,585.0,mg
6894,Korv veg. solrosprotein tillagad kylvara el. frysvara typ grillkorv,"Jod, I",Vegetabiliskt protein produkter och rätter,1.8,µg
6894,Korv veg. solrosprotein tillagad kylvara el. frysvara typ grillkorv,Fullkorn totalt,Vegetabiliskt protein produkter och rätter,0.0,g
6894,Korv veg. solrosprotein tillagad kylvara el. frysvara typ grillkorv,"Folat, totalt",Vegetabiliskt protein produkter och rätter,52.1,µg
6894,Korv veg. solrosprotein tillagad kylvara el. frysvara typ grillkorv,Fibrer,Vegetabiliskt protein produkter och rätter,0.0,g
6894,Korv veg. solrosprotein tillagad kylvara el. frysvara typ grillkorv,"Fett, totalt",Vegetabiliskt protein produkter och rätter,11.2,g
6894,Korv veg. solrosprotein tillagad kylvara el. frysvara typ grillkorv,"Järn, Fe",Vegetabiliskt protein produkter och rätter,18.1,mg
6894,Korv veg. solrosprotein tillagad kylvara el. frysvara typ grillkorv,Energi (kJ),Vegetabiliskt protein produkter och rätter,630.0,kJ
6894,Korv veg. solrosprotein tillagad kylvara el. frysvara typ grillkorv,Energi (kcal),Vegetabiliskt protein produkter och rätter,151.0,kcal
6894,Korv veg. solrosprotein tillagad kylvara el. frysvara typ grillkorv,Disackarider,Vegetabiliskt protein produkter och rätter,0.6,g
6894,Korv veg. solrosprotein tillagad kylvara el. frysvara typ grillkorv,"Kalcium, Ca",Vegetabiliskt protein produkter och rätter,99.0,mg
6894,Korv veg. solrosprotein tillagad kylvara el. frysvara typ grillkorv,Fettsyra 4:0-10:0,Vegetabiliskt protein produkter och rätter,0.0,g
6894,Korv veg. solrosprotein tillagad kylvara el. frysvara typ grillkorv,DHA (C22:6),Vegetabiliskt protein produkter och rätter,0.0,g
6894,Korv veg. solrosprotein tillagad kylvara el. frysvara typ grillkorv,DPA (C22:5),Vegetabiliskt protein produkter och rätter,0.0,g
6894,Korv veg. solrosprotein tillagad kylvara el. frysvara typ grillkorv,EPA (C20:5),Vegetabiliskt protein produkter och rätter,0.0,g
6894,Korv veg. solrosprotein tillagad kylvara el. frysvara typ grillkorv,Arakidonsyra C20:4,Vegetabiliskt protein produkter och rätter,0.0,g
6894,Korv veg. solrosprotein tillagad kylvara el. frysvara typ grillkorv,Arakidinsyra C20:0,Vegetabiliskt protein produkter och rätter,0.1,g
6894,Korv veg. solrosprotein tillagad kylvara el. frysvara typ grillkorv,Linolensyra C18:3,Vegetabiliskt protein produkter och rätter,0.8,g
6894,Korv veg. solrosprotein tillagad kylvara el. frysvara typ grillkorv,Linolsyra C18:2,Vegetabiliskt protein produkter och rätter,2.2,g
6894,Korv veg. solrosprotein tillagad kylvara el. frysvara typ grillkorv,Oljesyra C18:1,Vegetabiliskt protein produkter och rätter,6.7,g
6894,Korv veg. solrosprotein tillagad kylvara el. frysvara typ grillkorv,Stearinsyra C18:0,Vegetabiliskt protein produkter och rätter,0.2,g
6894,Korv veg. solrosprotein tillagad kylvara el. frysvara typ grillkorv,Palmitoljesyra C16:1,Vegetabiliskt protein produkter och rätter,0.0,g
6894,Korv veg. solrosprotein tillagad kylvara el. frysvara typ grillkorv,Palmitinsyra C16:0,Vegetabiliskt protein produkter och rätter,0.5,g
6894,Korv veg. solrosprotein tillagad kylvara el. frysvara typ grillkorv,Myristinsyra C14:0,Vegetabiliskt protein produkter och rätter,0.0,g
6894,Korv veg. solrosprotein tillagad kylvara el. frysvara typ grillkorv,Laurinsyra C12:0,Vegetabiliskt protein produkter och rätter,0.0,g
6894,Korv veg. solrosprotein tillagad kylvara el. frysvara typ grillkorv,Betakaroten/β-Karoten,Vegetabiliskt protein produkter och rätter,0.0,µg
6894,Korv veg. solrosprotein tillagad kylvara el. frysvara typ grillkorv,Avfall (skal etc.),Vegetabiliskt protein produkter och rätter,0.0,%
6894,Korv veg. solrosprotein tillagad kylvara el. frysvara typ grillkorv,Aska,Vegetabiliskt protein produkter och rätter,3.7,g
6894,Korv veg. solrosprotein tillagad kylvara el. frysvara typ grillkorv,Alkohol,Vegetabiliskt protein produkter och rätter,0.0,g
6895,Korv veg. solros- och ärtprotein tillagad kylvara el. frysvara typ grillkorv,"Zink, Zn",Grönsaks- rotfrukts- baljväxträtter o produkter,1.1,mg
6895,Korv veg. solros- och ärtprotein tillagad kylvara el. frysvara typ grillkorv,Vitamin E,Grönsaks- rotfrukts- baljväxträtter o produkter,3.5,mg
6895,Korv veg. solros- och ärtprotein tillagad kylvara el. frysvara typ grillkorv,Vitamin D inkl 25-OH-D3,Grönsaks- rotfrukts- baljväxträtter o produkter,0.0,µg
6895,Korv veg. solros- och ärtprotein tillagad kylvara el. frysvara typ grillkorv,Vitamin D,Grönsaks- rotfrukts- baljväxträtter o produkter,0.0,µg
6895,Korv veg. solros- och ärtprotein tillagad kylvara el. frysvara typ grillkorv,Vitamin C,Grönsaks- rotfrukts- baljväxträtter o produkter,0.2,mg
6895,Korv veg. solros- och ärtprotein tillagad kylvara el. frysvara typ grillkorv,Vitamin B6,Grönsaks- rotfrukts- baljväxträtter o produkter,0.12,mg
6895,Korv veg. solros- och ärtprotein tillagad kylvara el. frysvara typ grillkorv,Vitamin B12,Grönsaks- rotfrukts- baljväxträtter o produkter,0.0,µg
6895,Korv veg. solros- och ärtprotein tillagad kylvara el. frysvara typ grillkorv,Vitamin A,Grönsaks- rotfrukts- baljväxträtter o produkter,3.2,RE/µg
6895,Korv veg. solros- och ärtprotein tillagad kylvara el. frysvara typ grillkorv,Vatten,Grönsaks- rotfrukts- baljväxträtter o produkter,65.1,g
6895,Korv veg. solros- och ärtprotein tillagad kylvara el. frysvara typ grillkorv,Tiamin,Grönsaks- rotfrukts- baljväxträtter o produkter,0.19,mg
6895,Korv veg. solros- och ärtprotein tillagad kylvara el. frysvara typ grillkorv,Tillsatt socker,Grönsaks- rotfrukts- baljväxträtter o produkter,0.0,g
6895,Korv veg. solros- och ärtprotein tillagad kylvara el. frysvara typ grillkorv,Fritt socker,Grönsaks- rotfrukts- baljväxträtter o produkter,1.0,g
6895,Korv veg. solros- och ärtprotein tillagad kylvara el. frysvara typ grillkorv,"Selen, Se",Grönsaks- rotfrukts- baljväxträtter o produkter,2.3,µg
6895,Korv veg. solros- och ärtprotein tillagad kylvara el. frysvara typ grillkorv,Sackaros,Grönsaks- rotfrukts- baljväxträtter o produkter,0.4,g
6895,Korv veg. solros- och ärtprotein tillagad kylvara el. frysvara typ grillkorv,Riboflavin,Grönsaks- rotfrukts- baljväxträtter o produkter,0.06,mg
6895,Korv veg. solros- och ärtprotein tillagad kylvara el. frysvara typ grillkorv,Retinol,Grönsaks- rotfrukts- baljväxträtter o produkter,0.0,µg
6895,Korv veg. solros- och ärtprotein tillagad kylvara el. frysvara typ grillkorv,Protein,Grönsaks- rotfrukts- baljväxträtter o produkter,5.0,g
6895,Korv veg. solros- och ärtprotein tillagad kylvara el. frysvara typ grillkorv,Summa fleromättade fettsyror,Grönsaks- rotfrukts- baljväxträtter o produkter,7.2,g
6895,Korv veg. solros- och ärtprotein tillagad kylvara el. frysvara typ grillkorv,"Fosfor, P",Grönsaks- rotfrukts- baljväxträtter o produkter,158.0,mg
6895,Korv veg. solros- och ärtprotein tillagad kylvara el. frysvara typ grillkorv,Niacinekvivalenter,Grönsaks- rotfrukts- baljväxträtter o produkter,1.48,NE/mg
6895,Korv veg. solros- och ärtprotein tillagad kylvara el. frysvara typ grillkorv,Niacin,Grönsaks- rotfrukts- baljväxträtter o produkter,0.69,mg
6895,Korv veg. solros- och ärtprotein tillagad kylvara el. frysvara typ grillkorv,"Salt, NaCl",Grönsaks- rotfrukts- baljväxträtter o produkter,1.9,g
6895,Korv veg. solros- och ärtprotein tillagad kylvara el. frysvara typ grillkorv,"Natrium, Na",Grönsaks- rotfrukts- baljväxträtter o produkter,750.0,mg
6895,Korv veg. solros- och ärtprotein tillagad kylvara el. frysvara typ grillkorv,Monosackarider,Grönsaks- rotfrukts- baljväxträtter o produkter,1.5,g
6895,Korv veg. solros- och ärtprotein tillagad kylvara el. frysvara typ grillkorv,"Sockerarter, totalt",Grönsaks- rotfrukts- baljväxträtter o produkter,1.9,g
6895,Korv veg. solros- och ärtprotein tillagad kylvara el. frysvara typ grillkorv,Summa enkelomättade fettsyror,Grönsaks- rotfrukts- baljväxträtter o produkter,4.0,g
6895,Korv veg. solros- och ärtprotein tillagad kylvara el. frysvara typ grillkorv,"Magnesium, Mg",Grönsaks- rotfrukts- baljväxträtter o produkter,54.0,mg
6895,Korv veg. solros- och ärtprotein tillagad kylvara el. frysvara typ grillkorv,Summa mättade fettsyror,Grönsaks- rotfrukts- baljväxträtter o produkter,1.4,g
6895,Korv veg. solros- och ärtprotein tillagad kylvara el. frysvara typ grillkorv,"Kolhydrater, tillgängliga",Grönsaks- rotfrukts- baljväxträtter o produkter,8.7,g
6895,Korv veg. solros- och ärtprotein tillagad kylvara el. frysvara typ grillkorv,Kolesterol,Grönsaks- rotfrukts- baljväxträtter o produkter,0.0,mg
6895,Korv veg. solros- och ärtprotein tillagad kylvara el. frysvara typ grillkorv,"Kalium, K",Grönsaks- rotfrukts- baljväxträtter o produkter,243.0,mg
6895,Korv veg. solros- och ärtprotein tillagad kylvara el. frysvara typ grillkorv,"Jod, I",Grönsaks- rotfrukts- baljväxträtter o produkter,5.4,µg
6895,Korv veg. solros- och ärtprotein tillagad kylvara el. frysvara typ grillkorv,Fullkorn totalt,Grönsaks- rotfrukts- baljväxträtter o produkter,0.0,g
6895,Korv veg. solros- och ärtprotein tillagad kylvara el. frysvara typ grillkorv,"Folat, totalt",Grönsaks- rotfrukts- baljväxträtter o produkter,12.7,µg
6895,Korv veg. solros- och ärtprotein tillagad kylvara el. frysvara typ grillkorv,Fibrer,Grönsaks- rotfrukts- baljväxträtter o produkter,5.5,g
6895,Korv veg. solros- och ärtprotein tillagad kylvara el. frysvara typ grillkorv,"Fett, totalt",Grönsaks- rotfrukts- baljväxträtter o produkter,13.3,g
6895,Korv veg. solros- och ärtprotein tillagad kylvara el. frysvara typ grillkorv,"Järn, Fe",Grönsaks- rotfrukts- baljväxträtter o produkter,3.4,mg
6895,Korv veg. solros- och ärtprotein tillagad kylvara el. frysvara typ grillkorv,Energi (kJ),Grönsaks- rotfrukts- baljväxträtter o produkter,767.0,kJ
6895,Korv veg. solros- och ärtprotein tillagad kylvara el. frysvara typ grillkorv,Energi (kcal),Grönsaks- rotfrukts- baljväxträtter o produkter,184.0,kcal
6895,Korv veg. solros- och ärtprotein tillagad kylvara el. frysvara typ grillkorv,Disackarider,Grönsaks- rotfrukts- baljväxträtter o produkter,0.4,g
6895,Korv veg. solros- och ärtprotein tillagad kylvara el. frysvara typ grillkorv,"Kalcium, Ca",Grönsaks- rotfrukts- baljväxträtter o produkter,80.0,mg
6895,Korv veg. solros- och ärtprotein tillagad kylvara el. frysvara typ grillkorv,Fettsyra 4:0-10:0,Grönsaks- rotfrukts- baljväxträtter o produkter,0.0,g
6895,Korv veg. solros- och ärtprotein tillagad kylvara el. frysvara typ grillkorv,DHA (C22:6),Grönsaks- rotfrukts- baljväxträtter o produkter,0.0,g
6895,Korv veg. solros- och ärtprotein tillagad kylvara el. frysvara typ grillkorv,DPA (C22:5),Grönsaks- rotfrukts- baljväxträtter o produkter,0.0,g
6895,Korv veg. solros- och ärtprotein tillagad kylvara el. frysvara typ grillkorv,EPA (C20:5),Grönsaks- rotfrukts- baljväxträtter o produkter,0.0,g
6895,Korv veg. solros- och ärtprotein tillagad kylvara el. frysvara typ grillkorv,Arakidonsyra C20:4,Grönsaks- rotfrukts- baljväxträtter o produkter,0.0,g
6895,Korv veg. solros- och ärtprotein tillagad kylvara el. frysvara typ grillkorv,Arakidinsyra C20:0,Grönsaks- rotfrukts- baljväxträtter o produkter,0.0,g
6895,Korv veg. solros- och ärtprotein tillagad kylvara el. frysvara typ grillkorv,Linolensyra C18:3,Grönsaks- rotfrukts- baljväxträtter o produkter,0.1,g
6895,Korv veg. solros- och ärtprotein tillagad kylvara el. frysvara typ grillkorv,Linolsyra C18:2,Grönsaks- rotfrukts- baljväxträtter o produkter,7.1,g
6895,Korv veg. solros- och ärtprotein tillagad kylvara el. frysvara typ grillkorv,Oljesyra C18:1,Grönsaks- rotfrukts- baljväxträtter o produkter,4.0,g
6895,Korv veg. solros- och ärtprotein tillagad kylvara el. frysvara typ grillkorv,Stearinsyra C18:0,Grönsaks- rotfrukts- baljväxträtter o produkter,0.5,g
6895,Korv veg. solros- och ärtprotein tillagad kylvara el. frysvara typ grillkorv,Palmitoljesyra C16:1,Grönsaks- rotfrukts- baljväxträtter o produkter,0.0,g
6895,Korv veg. solros- och ärtprotein tillagad kylvara el. frysvara typ grillkorv,Palmitinsyra C16:0,Grönsaks- rotfrukts- baljväxträtter o produkter,0.9,g
6895,Korv veg. solros- och ärtprotein tillagad kylvara el. frysvara typ grillkorv,Myristinsyra C14:0,Grönsaks- rotfrukts- baljväxträtter o produkter,0.0,g
6895,Korv veg. solros- och ärtprotein tillagad kylvara el. frysvara typ grillkorv,Laurinsyra C12:0,Grönsaks- rotfrukts- baljväxträtter o produkter,0.0,g
6895,Korv veg. solros- och ärtprotein tillagad kylvara el. frysvara typ grillkorv,Betakaroten/β-Karoten,Grönsaks- rotfrukts- baljväxträtter o produkter,44.0,µg
6895,Korv veg. solros- och ärtprotein tillagad kylvara el. frysvara typ grillkorv,Avfall (skal etc.),Grönsaks- rotfrukts- baljväxträtter o produkter,0.0,%
6895,Korv veg. solros- och ärtprotein tillagad kylvara el. frysvara typ grillkorv,Aska,Grönsaks- rotfrukts- baljväxträtter o produkter,2.4,g
6895,Korv veg. solros- och ärtprotein tillagad kylvara el. frysvara typ grillkorv,Alkohol,Grönsaks- rotfrukts- baljväxträtter o produkter,0.0,g
6896,Korv veg. tillagad kylvara el. frysvara typ grillkorv,"Zink, Zn",Grönsaks- rotfrukts- baljväxträtter o produkter,1.0,mg
6896,Korv veg. tillagad kylvara el. frysvara typ grillkorv,Vitamin E,Grönsaks- rotfrukts- baljväxträtter o produkter,2.6,mg
6896,Korv veg. tillagad kylvara el. frysvara typ grillkorv,Vitamin D inkl 25-OH-D3,Grönsaks- rotfrukts- baljväxträtter o produkter,0.0,µg
6896,Korv veg. tillagad kylvara el. frysvara typ grillkorv,Vitamin D,Grönsaks- rotfrukts- baljväxträtter o produkter,0.0,µg
6896,Korv veg. tillagad kylvara el. frysvara typ grillkorv,Vitamin C,Grönsaks- rotfrukts- baljväxträtter o produkter,0.3,mg
6896,Korv veg. tillagad kylvara el. frysvara typ grillkorv,Vitamin B6,Grönsaks- rotfrukts- baljväxträtter o produkter,0.13,mg
6896,Korv veg. tillagad kylvara el. frysvara typ grillkorv,Vitamin B12,Grönsaks- rotfrukts- baljväxträtter o produkter,0.0,µg
6896,Korv veg. tillagad kylvara el. frysvara typ grillkorv,Vitamin A,Grönsaks- rotfrukts- baljväxträtter o produkter,3.7,RE/µg
6896,Korv veg. tillagad kylvara el. frysvara typ grillkorv,Vatten,Grönsaks- rotfrukts- baljväxträtter o produkter,66.6,g
6896,Korv veg. tillagad kylvara el. frysvara typ grillkorv,Tiamin,Grönsaks- rotfrukts- baljväxträtter o produkter,0.21,mg
6896,Korv veg. tillagad kylvara el. frysvara typ grillkorv,Tillsatt socker,Grönsaks- rotfrukts- baljväxträtter o produkter,0.0,g
6896,Korv veg. tillagad kylvara el. frysvara typ grillkorv,Fritt socker,Grönsaks- rotfrukts- baljväxträtter o produkter,1.0,g
6896,Korv veg. tillagad kylvara el. frysvara typ grillkorv,"Selen, Se",Grönsaks- rotfrukts- baljväxträtter o produkter,3.8,µg
6896,Korv veg. tillagad kylvara el. frysvara typ grillkorv,Sackaros,Grönsaks- rotfrukts- baljväxträtter o produkter,0.3,g
6896,Korv veg. tillagad kylvara el. frysvara typ grillkorv,Riboflavin,Grönsaks- rotfrukts- baljväxträtter o produkter,0.1,mg
6896,Korv veg. tillagad kylvara el. frysvara typ grillkorv,Retinol,Grönsaks- rotfrukts- baljväxträtter o produkter,0.0,µg
6896,Korv veg. tillagad kylvara el. frysvara typ grillkorv,Protein,Grönsaks- rotfrukts- baljväxträtter o produkter,9.9,g
6896,Korv veg. tillagad kylvara el. frysvara typ grillkorv,Summa fleromättade fettsyror,Grönsaks- rotfrukts- baljväxträtter o produkter,3.5,g
6896,Korv veg. tillagad kylvara el. frysvara typ grillkorv,"Fosfor, P",Grönsaks- rotfrukts- baljväxträtter o produkter,178.0,mg
6896,Korv veg. tillagad kylvara el. frysvara typ grillkorv,Niacinekvivalenter,Grönsaks- rotfrukts- baljväxträtter o produkter,2.81,NE/mg
6896,Korv veg. tillagad kylvara el. frysvara typ grillkorv,Niacin,Grönsaks- rotfrukts- baljväxträtter o produkter,1.16,mg
6896,Korv veg. tillagad kylvara el. frysvara typ grillkorv,"Salt, NaCl",Grönsaks- rotfrukts- baljväxträtter o produkter,1.9,g
6896,Korv veg. tillagad kylvara el. frysvara typ grillkorv,"Natrium, Na",Grönsaks- rotfrukts- baljväxträtter o produkter,753.0,mg
6896,Korv veg. tillagad kylvara el. frysvara typ grillkorv,Monosackarider,Grönsaks- rotfrukts- baljväxträtter o produkter,0.9,g
6896,Korv veg. tillagad kylvara el. frysvara typ grillkorv,"Sockerarter, totalt",Grönsaks- rotfrukts- baljväxträtter o produkter,1.4,g
6896,Korv veg. tillagad kylvara el. frysvara typ grillkorv,Summa enkelomättade fettsyror,Grönsaks- rotfrukts- baljväxträtter o produkter,4.7,g
6896,Korv veg. tillagad kylvara el. frysvara typ grillkorv,"Magnesium, Mg",Grönsaks- rotfrukts- baljväxträtter o produkter,55.0,mg
6896,Korv veg. tillagad kylvara el. frysvara typ grillkorv,Summa mättade fettsyror,Grönsaks- rotfrukts- baljväxträtter o produkter,0.8,g
6896,Korv veg. tillagad kylvara el. frysvara typ grillkorv,"Kolhydrater, tillgängliga",Grönsaks- rotfrukts- baljväxträtter o produkter,7.2,g
6896,Korv veg. tillagad kylvara el. frysvara typ grillkorv,Kolesterol,Grönsaks- rotfrukts- baljväxträtter o produkter,0.0,mg
6896,Korv veg. tillagad kylvara el. frysvara typ grillkorv,"Kalium, K",Grönsaks- rotfrukts- baljväxträtter o produkter,323.0,mg
6896,Korv veg. tillagad kylvara el. frysvara typ grillkorv,"Jod, I",Grönsaks- rotfrukts- baljväxträtter o produkter,2.9,µg
6896,Korv veg. tillagad kylvara el. frysvara typ grillkorv,Fullkorn totalt,Grönsaks- rotfrukts- baljväxträtter o produkter,0.0,g
6896,Korv veg. tillagad kylvara el. frysvara typ grillkorv,"Folat, totalt",Grönsaks- rotfrukts- baljväxträtter o produkter,44.2,µg
6896,Korv veg. tillagad kylvara el. frysvara typ grillkorv,Fibrer,Grönsaks- rotfrukts- baljväxträtter o produkter,4.1,g
6896,Korv veg. tillagad kylvara el. frysvara typ grillkorv,"Fett, totalt",Grönsaks- rotfrukts- baljväxträtter o produkter,9.6,g
6896,Korv veg. tillagad kylvara el. frysvara typ grillkorv,"Järn, Fe",Grönsaks- rotfrukts- baljväxträtter o produkter,10.0,mg
6896,Korv veg. tillagad kylvara el. frysvara typ grillkorv,Energi (kJ),Grönsaks- rotfrukts- baljväxträtter o produkter,678.0,kJ
6896,Korv veg. tillagad kylvara el. frysvara typ grillkorv,Energi (kcal),Grönsaks- rotfrukts- baljväxträtter o produkter,162.0,kcal
6896,Korv veg. tillagad kylvara el. frysvara typ grillkorv,Disackarider,Grönsaks- rotfrukts- baljväxträtter o produkter,0.5,g
6896,Korv veg. tillagad kylvara el. frysvara typ grillkorv,"Kalcium, Ca",Grönsaks- rotfrukts- baljväxträtter o produkter,74.0,mg
6896,Korv veg. tillagad kylvara el. frysvara typ grillkorv,Fettsyra 4:0-10:0,Grönsaks- rotfrukts- baljväxträtter o produkter,0.0,g
6896,Korv veg. tillagad kylvara el. frysvara typ grillkorv,DHA (C22:6),Grönsaks- rotfrukts- baljväxträtter o produkter,0.0,g
6896,Korv veg. tillagad kylvara el. frysvara typ grillkorv,DPA (C22:5),Grönsaks- rotfrukts- baljväxträtter o produkter,0.0,g
6896,Korv veg. tillagad kylvara el. frysvara typ grillkorv,EPA (C20:5),Grönsaks- rotfrukts- baljväxträtter o produkter,0.0,g
6896,Korv veg. tillagad kylvara el. frysvara typ grillkorv,Arakidonsyra C20:4,Grönsaks- rotfrukts- baljväxträtter o produkter,0.0,g
6896,Korv veg. tillagad kylvara el. frysvara typ grillkorv,Arakidinsyra C20:0,Grönsaks- rotfrukts- baljväxträtter o produkter,0.0,g
6896,Korv veg. tillagad kylvara el. frysvara typ grillkorv,Linolensyra C18:3,Grönsaks- rotfrukts- baljväxträtter o produkter,0.5,g
6896,Korv veg. tillagad kylvara el. frysvara typ grillkorv,Linolsyra C18:2,Grönsaks- rotfrukts- baljväxträtter o produkter,3.0,g
6896,Korv veg. tillagad kylvara el. frysvara typ grillkorv,Oljesyra C18:1,Grönsaks- rotfrukts- baljväxträtter o produkter,4.7,g
6896,Korv veg. tillagad kylvara el. frysvara typ grillkorv,Stearinsyra C18:0,Grönsaks- rotfrukts- baljväxträtter o produkter,0.2,g
6896,Korv veg. tillagad kylvara el. frysvara typ grillkorv,Palmitoljesyra C16:1,Grönsaks- rotfrukts- baljväxträtter o produkter,0.0,g
6896,Korv veg. tillagad kylvara el. frysvara typ grillkorv,Palmitinsyra C16:0,Grönsaks- rotfrukts- baljväxträtter o produkter,0.5,g
6896,Korv veg. tillagad kylvara el. frysvara typ grillkorv,Myristinsyra C14:0,Grönsaks- rotfrukts- baljväxträtter o produkter,0.0,g
6896,Korv veg. tillagad kylvara el. frysvara typ grillkorv,Laurinsyra C12:0,Grönsaks- rotfrukts- baljväxträtter o produkter,0.0,g
6896,Korv veg. tillagad kylvara el. frysvara typ grillkorv,Betakaroten/β-Karoten,Grönsaks- rotfrukts- baljväxträtter o produkter,46.0,µg
6896,Korv veg. tillagad kylvara el. frysvara typ grillkorv,Avfall (skal etc.),Grönsaks- rotfrukts- baljväxträtter o produkter,0.0,%
6896,Korv veg. tillagad kylvara el. frysvara typ grillkorv,Aska,Grönsaks- rotfrukts- baljväxträtter o produkter,2.6,g
6896,Korv veg. tillagad kylvara el. frysvara typ grillkorv,Alkohol,Grönsaks- rotfrukts- baljväxträtter o produkter,0.0,g
6897,Korv veg. grönsaker tillagad kylvara el. frysvara typ grillkorv,"Zink, Zn",Grönsaks- rotfrukts- baljväxträtter o produkter,0.2,mg
6897,Korv veg. grönsaker tillagad kylvara el. frysvara typ grillkorv,Vitamin E,Grönsaks- rotfrukts- baljväxträtter o produkter,3.5,mg
6897,Korv veg. grönsaker tillagad kylvara el. frysvara typ grillkorv,Vitamin D inkl 25-OH-D3,Grönsaks- rotfrukts- baljväxträtter o produkter,0.0,µg
6897,Korv veg. grönsaker tillagad kylvara el. frysvara typ grillkorv,Vitamin D,Grönsaks- rotfrukts- baljväxträtter o produkter,0.0,µg
6897,Korv veg. grönsaker tillagad kylvara el. frysvara typ grillkorv,Vitamin C,Grönsaks- rotfrukts- baljväxträtter o produkter,9.6,mg
6897,Korv veg. grönsaker tillagad kylvara el. frysvara typ grillkorv,Vitamin B6,Grönsaks- rotfrukts- baljväxträtter o produkter,0.09,mg
6897,Korv veg. grönsaker tillagad kylvara el. frysvara typ grillkorv,Vitamin B12,Grönsaks- rotfrukts- baljväxträtter o produkter,0.0,µg
6897,Korv veg. grönsaker tillagad kylvara el. frysvara typ grillkorv,Vitamin A,Grönsaks- rotfrukts- baljväxträtter o produkter,34.0,RE/µg
6897,Korv veg. grönsaker tillagad kylvara el. frysvara typ grillkorv,Vatten,Grönsaks- rotfrukts- baljväxträtter o produkter,63.9,g
6897,Korv veg. grönsaker tillagad kylvara el. frysvara typ grillkorv,Tiamin,Grönsaks- rotfrukts- baljväxträtter o produkter,0.03,mg
6897,Korv veg. grönsaker tillagad kylvara el. frysvara typ grillkorv,Tillsatt socker,Grönsaks- rotfrukts- baljväxträtter o produkter,1.0,g
6897,Korv veg. grönsaker tillagad kylvara el. frysvara typ grillkorv,Fritt socker,Grönsaks- rotfrukts- baljväxträtter o produkter,1.0,g
6897,Korv veg. grönsaker tillagad kylvara el. frysvara typ grillkorv,"Selen, Se",Grönsaks- rotfrukts- baljväxträtter o produkter,5.1,µg
6897,Korv veg. grönsaker tillagad kylvara el. frysvara typ grillkorv,Sackaros,Grönsaks- rotfrukts- baljväxträtter o produkter,0.2,g
6897,Korv veg. grönsaker tillagad kylvara el. frysvara typ grillkorv,Riboflavin,Grönsaks- rotfrukts- baljväxträtter o produkter,0.23,mg
6897,Korv veg. grönsaker tillagad kylvara el. frysvara typ grillkorv,Retinol,Grönsaks- rotfrukts- baljväxträtter o produkter,0.0,µg
6897,Korv veg. grönsaker tillagad kylvara el. frysvara typ grillkorv,Protein,Grönsaks- rotfrukts- baljväxträtter o produkter,7.5,g
6897,Korv veg. grönsaker tillagad kylvara el. frysvara typ grillkorv,Summa fleromättade fettsyror,Grönsaks- rotfrukts- baljväxträtter o produkter,2.1,g
6897,Korv veg. grönsaker tillagad kylvara el. frysvara typ grillkorv,"Fosfor, P",Grönsaks- rotfrukts- baljväxträtter o produkter,52.0,mg
6897,Korv veg. grönsaker tillagad kylvara el. frysvara typ grillkorv,Niacinekvivalenter,Grönsaks- rotfrukts- baljväxträtter o produkter,2.02,NE/mg
6897,Korv veg. grönsaker tillagad kylvara el. frysvara typ grillkorv,Niacin,Grönsaks- rotfrukts- baljväxträtter o produkter,0.73,mg
6897,Korv veg. grönsaker tillagad kylvara el. frysvara typ grillkorv,"Salt, NaCl",Grönsaks- rotfrukts- baljväxträtter o produkter,1.1,g
6897,Korv veg. grönsaker tillagad kylvara el. frysvara typ grillkorv,"Natrium, Na",Grönsaks- rotfrukts- baljväxträtter o produkter,425.0,mg
6897,Korv veg. grönsaker tillagad kylvara el. frysvara typ grillkorv,Monosackarider,Grönsaks- rotfrukts- baljväxträtter o produkter,1.4,g
6897,Korv veg. grönsaker tillagad kylvara el. frysvara typ grillkorv,"Sockerarter, totalt",Grönsaks- rotfrukts- baljväxträtter o produkter,1.6,g
6897,Korv veg. grönsaker tillagad kylvara el. frysvara typ grillkorv,Summa enkelomättade fettsyror,Grönsaks- rotfrukts- baljväxträtter o produkter,4.7,g
6897,Korv veg. grönsaker tillagad kylvara el. frysvara typ grillkorv,"Magnesium, Mg",Grönsaks- rotfrukts- baljväxträtter o produkter,21.0,mg
6897,Korv veg. grönsaker tillagad kylvara el. frysvara typ grillkorv,Summa mättade fettsyror,Grönsaks- rotfrukts- baljväxträtter o produkter,0.5,g
6897,Korv veg. grönsaker tillagad kylvara el. frysvara typ grillkorv,"Kolhydrater, tillgängliga",Grönsaks- rotfrukts- baljväxträtter o produkter,15.6,g
6897,Korv veg. grönsaker tillagad kylvara el. frysvara typ grillkorv,Kolesterol,Grönsaks- rotfrukts- baljväxträtter o produkter,0.0,mg
6897,Korv veg. grönsaker tillagad kylvara el. frysvara typ grillkorv,"Kalium, K",Grönsaks- rotfrukts- baljväxträtter o produkter,255.0,mg
6897,Korv veg. grönsaker tillagad kylvara el. frysvara typ grillkorv,"Jod, I",Grönsaks- rotfrukts- baljväxträtter o produkter,2.8,µg
6897,Korv veg. grönsaker tillagad kylvara el. frysvara typ grillkorv,Fullkorn totalt,Grönsaks- rotfrukts- baljväxträtter o produkter,0.0,g
6897,Korv veg. grönsaker tillagad kylvara el. frysvara typ grillkorv,"Folat, totalt",Grönsaks- rotfrukts- baljväxträtter o produkter,18.6,µg
6897,Korv veg. grönsaker tillagad kylvara el. frysvara typ grillkorv,Fibrer,Grönsaks- rotfrukts- baljväxträtter o produkter,3.6,g
6897,Korv veg. grönsaker tillagad kylvara el. frysvara typ grillkorv,"Fett, totalt",Grönsaks- rotfrukts- baljväxträtter o produkter,7.9,g
6897,Korv veg. grönsaker tillagad kylvara el. frysvara typ grillkorv,"Järn, Fe",Grönsaks- rotfrukts- baljväxträtter o produkter,0.6,mg
6897,Korv veg. grönsaker tillagad kylvara el. frysvara typ grillkorv,Energi (kJ),Grönsaks- rotfrukts- baljväxträtter o produkter,714.0,kJ
6897,Korv veg. grönsaker tillagad kylvara el. frysvara typ grillkorv,Energi (kcal),Grönsaks- rotfrukts- baljväxträtter o produkter,170.0,kcal
6897,Korv veg. grönsaker tillagad kylvara el. frysvara typ grillkorv,Disackarider,Grönsaks- rotfrukts- baljväxträtter o produkter,0.2,g
6897,Korv veg. grönsaker tillagad kylvara el. frysvara typ grillkorv,"Kalcium, Ca",Grönsaks- rotfrukts- baljväxträtter o produkter,31.0,mg
6897,Korv veg. grönsaker tillagad kylvara el. frysvara typ grillkorv,Fettsyra 4:0-10:0,Grönsaks- rotfrukts- baljväxträtter o produkter,0.0,g
6897,Korv veg. grönsaker tillagad kylvara el. frysvara typ grillkorv,DHA (C22:6),Grönsaks- rotfrukts- baljväxträtter o produkter,0.0,g
6897,Korv veg. grönsaker tillagad kylvara el. frysvara typ grillkorv,DPA (C22:5),Grönsaks- rotfrukts- baljväxträtter o produkter,0.0,g
6897,Korv veg. grönsaker tillagad kylvara el. frysvara typ grillkorv,EPA (C20:5),Grönsaks- rotfrukts- baljväxträtter o produkter,0.0,g
6897,Korv veg. grönsaker tillagad kylvara el. frysvara typ grillkorv,Arakidonsyra C20:4,Grönsaks- rotfrukts- baljväxträtter o produkter,0.0,g
6897,Korv veg. grönsaker tillagad kylvara el. frysvara typ grillkorv,Arakidinsyra C20:0,Grönsaks- rotfrukts- baljväxträtter o produkter,0.0,g
6897,Korv veg. grönsaker tillagad kylvara el. frysvara typ grillkorv,Linolensyra C18:3,Grönsaks- rotfrukts- baljväxträtter o produkter,0.7,g
6897,Korv veg. grönsaker tillagad kylvara el. frysvara typ grillkorv,Linolsyra C18:2,Grönsaks- rotfrukts- baljväxträtter o produkter,1.4,g
6897,Korv veg. grönsaker tillagad kylvara el. frysvara typ grillkorv,Oljesyra C18:1,Grönsaks- rotfrukts- baljväxträtter o produkter,4.6,g
6897,Korv veg. grönsaker tillagad kylvara el. frysvara typ grillkorv,Stearinsyra C18:0,Grönsaks- rotfrukts- baljväxträtter o produkter,0.1,g
6897,Korv veg. grönsaker tillagad kylvara el. frysvara typ grillkorv,Palmitoljesyra C16:1,Grönsaks- rotfrukts- baljväxträtter o produkter,0.0,g
6897,Korv veg. grönsaker tillagad kylvara el. frysvara typ grillkorv,Palmitinsyra C16:0,Grönsaks- rotfrukts- baljväxträtter o produkter,0.4,g
6897,Korv veg. grönsaker tillagad kylvara el. frysvara typ grillkorv,Myristinsyra C14:0,Grönsaks- rotfrukts- baljväxträtter o produkter,0.1,g
6897,Korv veg. grönsaker tillagad kylvara el. frysvara typ grillkorv,Laurinsyra C12:0,Grönsaks- rotfrukts- baljväxträtter o produkter,0.0,g
6897,Korv veg. grönsaker tillagad kylvara el. frysvara typ grillkorv,Betakaroten/β-Karoten,Grönsaks- rotfrukts- baljväxträtter o produkter,409.0,µg
6897,Korv veg. grönsaker tillagad kylvara el. frysvara typ grillkorv,Avfall (skal etc.),Grönsaks- rotfrukts- baljväxträtter o produkter,0.0,%
6897,Korv veg. grönsaker tillagad kylvara el. frysvara typ grillkorv,Aska,Grönsaks- rotfrukts- baljväxträtter o produkter,1.5,g
6897,Korv veg. grönsaker tillagad kylvara el. frysvara typ grillkorv,Alkohol,Grönsaks- rotfrukts- baljväxträtter o produkter,0.0,g
6898,Burgare veg. potatis linser bönor majs kylvara el. frysvara,"Zink, Zn",Grönsaks- rotfrukts- baljväxträtter o produkter,0.9,mg
6898,Burgare veg. potatis linser bönor majs kylvara el. frysvara,Vitamin E,Grönsaks- rotfrukts- baljväxträtter o produkter,3.1,mg
6898,Burgare veg. potatis linser bönor majs kylvara el. frysvara,Vitamin D inkl 25-OH-D3,Grönsaks- rotfrukts- baljväxträtter o produkter,0.0,µg
6898,Burgare veg. potatis linser bönor majs kylvara el. frysvara,Vitamin D,Grönsaks- rotfrukts- baljväxträtter o produkter,0.0,µg
6898,Burgare veg. potatis linser bönor majs kylvara el. frysvara,Vitamin C,Grönsaks- rotfrukts- baljväxträtter o produkter,0.2,mg
6898,Burgare veg. potatis linser bönor majs kylvara el. frysvara,Vitamin B6,Grönsaks- rotfrukts- baljväxträtter o produkter,0.2,mg
6898,Burgare veg. potatis linser bönor majs kylvara el. frysvara,Vitamin B12,Grönsaks- rotfrukts- baljväxträtter o produkter,0.0,µg
6898,Burgare veg. potatis linser bönor majs kylvara el. frysvara,Vitamin A,Grönsaks- rotfrukts- baljväxträtter o produkter,7.0,RE/µg
6898,Burgare veg. potatis linser bönor majs kylvara el. frysvara,Vatten,Grönsaks- rotfrukts- baljväxträtter o produkter,49.0,g
6898,Burgare veg. potatis linser bönor majs kylvara el. frysvara,Tiamin,Grönsaks- rotfrukts- baljväxträtter o produkter,0.17,mg
6898,Burgare veg. potatis linser bönor majs kylvara el. frysvara,Tillsatt socker,Grönsaks- rotfrukts- baljväxträtter o produkter,2.0,g
6898,Burgare veg. potatis linser bönor majs kylvara el. frysvara,Fritt socker,Grönsaks- rotfrukts- baljväxträtter o produkter,2.0,g
6898,Burgare veg. potatis linser bönor majs kylvara el. frysvara,"Selen, Se",Grönsaks- rotfrukts- baljväxträtter o produkter,8.5,µg
6898,Burgare veg. potatis linser bönor majs kylvara el. frysvara,Sackaros,Grönsaks- rotfrukts- baljväxträtter o produkter,1.2,g
6898,Burgare veg. potatis linser bönor majs kylvara el. frysvara,Riboflavin,Grönsaks- rotfrukts- baljväxträtter o produkter,0.07,mg
6898,Burgare veg. potatis linser bönor majs kylvara el. frysvara,Retinol,Grönsaks- rotfrukts- baljväxträtter o produkter,0.0,µg
6898,Burgare veg. potatis linser bönor majs kylvara el. frysvara,Protein,Grönsaks- rotfrukts- baljväxträtter o produkter,7.8,g
6898,Burgare veg. potatis linser bönor majs kylvara el. frysvara,Summa fleromättade fettsyror,Grönsaks- rotfrukts- baljväxträtter o produkter,1.1,g
6898,Burgare veg. potatis linser bönor majs kylvara el. frysvara,"Fosfor, P",Grönsaks- rotfrukts- baljväxträtter o produkter,150.0,mg
6898,Burgare veg. potatis linser bönor majs kylvara el. frysvara,Niacinekvivalenter,Grönsaks- rotfrukts- baljväxträtter o produkter,2.8,NE/mg
6898,Burgare veg. potatis linser bönor majs kylvara el. frysvara,Niacin,Grönsaks- rotfrukts- baljväxträtter o produkter,1.5,mg
6898,Burgare veg. potatis linser bönor majs kylvara el. frysvara,"Salt, NaCl",Grönsaks- rotfrukts- baljväxträtter o produkter,1.3,g
6898,Burgare veg. potatis linser bönor majs kylvara el. frysvara,"Natrium, Na",Grönsaks- rotfrukts- baljväxträtter o produkter,510.0,mg
6898,Burgare veg. potatis linser bönor majs kylvara el. frysvara,Monosackarider,Grönsaks- rotfrukts- baljväxträtter o produkter,0.5,g
6898,Burgare veg. potatis linser bönor majs kylvara el. frysvara,"Sockerarter, totalt",Grönsaks- rotfrukts- baljväxträtter o produkter,1.8,g
6898,Burgare veg. potatis linser bönor majs kylvara el. frysvara,Summa enkelomättade fettsyror,Grönsaks- rotfrukts- baljväxträtter o produkter,7.4,g
6898,Burgare veg. potatis linser bönor majs kylvara el. frysvara,"Magnesium, Mg",Grönsaks- rotfrukts- baljväxträtter o produkter,47.0,mg
6898,Burgare veg. potatis linser bönor majs kylvara el. frysvara,Summa mättade fettsyror,Grönsaks- rotfrukts- baljväxträtter o produkter,0.9,g
6898,Burgare veg. potatis linser bönor majs kylvara el. frysvara,"Kolhydrater, tillgängliga",Grönsaks- rotfrukts- baljväxträtter o produkter,24.0,g
6898,Burgare veg. potatis linser bönor majs kylvara el. frysvara,Kolesterol,Grönsaks- rotfrukts- baljväxträtter o produkter,0.0,mg
6898,Burgare veg. potatis linser bönor majs kylvara el. frysvara,"Kalium, K",Grönsaks- rotfrukts- baljväxträtter o produkter,440.0,mg
6898,Burgare veg. potatis linser bönor majs kylvara el. frysvara,"Jod, I",Grönsaks- rotfrukts- baljväxträtter o produkter,2.3,µg
6898,Burgare veg. potatis linser bönor majs kylvara el. frysvara,Fullkorn totalt,Grönsaks- rotfrukts- baljväxträtter o produkter,0.0,g
6898,Burgare veg. potatis linser bönor majs kylvara el. frysvara,"Folat, totalt",Grönsaks- rotfrukts- baljväxträtter o produkter,38.0,µg
6898,Burgare veg. potatis linser bönor majs kylvara el. frysvara,Fibrer,Grönsaks- rotfrukts- baljväxträtter o produkter,7.1,g
6898,Burgare veg. potatis linser bönor majs kylvara el. frysvara,"Fett, totalt",Grönsaks- rotfrukts- baljväxträtter o produkter,9.9,g
6898,Burgare veg. potatis linser bönor majs kylvara el. frysvara,"Järn, Fe",Grönsaks- rotfrukts- baljväxträtter o produkter,1.9,mg
6898,Burgare veg. potatis linser bönor majs kylvara el. frysvara,Energi (kJ),Grönsaks- rotfrukts- baljväxträtter o produkter,964.0,kJ
6898,Burgare veg. potatis linser bönor majs kylvara el. frysvara,Energi (kcal),Grönsaks- rotfrukts- baljväxträtter o produkter,230.0,kcal
6898,Burgare veg. potatis linser bönor majs kylvara el. frysvara,Disackarider,Grönsaks- rotfrukts- baljväxträtter o produkter,1.2,g
6898,Burgare veg. potatis linser bönor majs kylvara el. frysvara,"Kalcium, Ca",Grönsaks- rotfrukts- baljväxträtter o produkter,43.0,mg
6898,Burgare veg. potatis linser bönor majs kylvara el. frysvara,Fettsyra 4:0-10:0,Grönsaks- rotfrukts- baljväxträtter o produkter,0.0,g
6898,Burgare veg. potatis linser bönor majs kylvara el. frysvara,DHA (C22:6),Grönsaks- rotfrukts- baljväxträtter o produkter,0.0,g
6898,Burgare veg. potatis linser bönor majs kylvara el. frysvara,DPA (C22:5),Grönsaks- rotfrukts- baljväxträtter o produkter,0.0,g
6898,Burgare veg. potatis linser bönor majs kylvara el. frysvara,EPA (C20:5),Grönsaks- rotfrukts- baljväxträtter o produkter,0.0,g
6898,Burgare veg. potatis linser bönor majs kylvara el. frysvara,Arakidonsyra C20:4,Grönsaks- rotfrukts- baljväxträtter o produkter,0.0,g
6898,Burgare veg. potatis linser bönor majs kylvara el. frysvara,Arakidinsyra C20:0,Grönsaks- rotfrukts- baljväxträtter o produkter,0.0,g
6898,Burgare veg. potatis linser bönor majs kylvara el. frysvara,Linolensyra C18:3,Grönsaks- rotfrukts- baljväxträtter o produkter,0.0,g
6898,Burgare veg. potatis linser bönor majs kylvara el. frysvara,Linolsyra C18:2,Grönsaks- rotfrukts- baljväxträtter o produkter,1.0,g
6898,Burgare veg. potatis linser bönor majs kylvara el. frysvara,Oljesyra C18:1,Grönsaks- rotfrukts- baljväxträtter o produkter,7.3,g
6898,Burgare veg. potatis linser bönor majs kylvara el. frysvara,Stearinsyra C18:0,Grönsaks- rotfrukts- baljväxträtter o produkter,0.3,g
6898,Burgare veg. potatis linser bönor majs kylvara el. frysvara,Palmitoljesyra C16:1,Grönsaks- rotfrukts- baljväxträtter o produkter,0.0,g
6898,Burgare veg. potatis linser bönor majs kylvara el. frysvara,Palmitinsyra C16:0,Grönsaks- rotfrukts- baljväxträtter o produkter,0.5,g
6898,Burgare veg. potatis linser bönor majs kylvara el. frysvara,Myristinsyra C14:0,Grönsaks- rotfrukts- baljväxträtter o produkter,0.0,g
6898,Burgare veg. potatis linser bönor majs kylvara el. frysvara,Laurinsyra C12:0,Grönsaks- rotfrukts- baljväxträtter o produkter,0.0,g
6898,Burgare veg. potatis linser bönor majs kylvara el. frysvara,Betakaroten/β-Karoten,Grönsaks- rotfrukts- baljväxträtter o produkter,82.0,µg
6898,Burgare veg. potatis linser bönor majs kylvara el. frysvara,Avfall (skal etc.),Grönsaks- rotfrukts- baljväxträtter o produkter,0.0,%
6898,Burgare veg. potatis linser bönor majs kylvara el. frysvara,Aska,Grönsaks- rotfrukts- baljväxträtter o produkter,2.2,g
6898,Burgare veg. potatis linser bönor majs kylvara el. frysvara,Alkohol,Grönsaks- rotfrukts- baljväxträtter o produkter,0.0,g
6899,Burgare veg. potatis linser bönor majs stekt kylvara el. frysvara,"Zink, Zn",Grönsaks- rotfrukts- baljväxträtter o produkter,1.0,mg
6899,Burgare veg. potatis linser bönor majs stekt kylvara el. frysvara,Vitamin E,Grönsaks- rotfrukts- baljväxträtter o produkter,3.6,mg
6899,Burgare veg. potatis linser bönor majs stekt kylvara el. frysvara,Vitamin D inkl 25-OH-D3,Grönsaks- rotfrukts- baljväxträtter o produkter,0.0,µg
6899,Burgare veg. potatis linser bönor majs stekt kylvara el. frysvara,Vitamin D,Grönsaks- rotfrukts- baljväxträtter o produkter,0.0,µg
6899,Burgare veg. potatis linser bönor majs stekt kylvara el. frysvara,Vitamin C,Grönsaks- rotfrukts- baljväxträtter o produkter,0.1,mg
6899,Burgare veg. potatis linser bönor majs stekt kylvara el. frysvara,Vitamin B6,Grönsaks- rotfrukts- baljväxträtter o produkter,0.21,mg
6899,Burgare veg. potatis linser bönor majs stekt kylvara el. frysvara,Vitamin B12,Grönsaks- rotfrukts- baljväxträtter o produkter,0.0,µg
6899,Burgare veg. potatis linser bönor majs stekt kylvara el. frysvara,Vitamin A,Grönsaks- rotfrukts- baljväxträtter o produkter,8.2,RE/µg
6899,Burgare veg. potatis linser bönor majs stekt kylvara el. frysvara,Vatten,Grönsaks- rotfrukts- baljväxträtter o produkter,40.2,g
6899,Burgare veg. potatis linser bönor majs stekt kylvara el. frysvara,Tiamin,Grönsaks- rotfrukts- baljväxträtter o produkter,0.18,mg
6899,Burgare veg. potatis linser bönor majs stekt kylvara el. frysvara,Tillsatt socker,Grönsaks- rotfrukts- baljväxträtter o produkter,2.0,g
6899,Burgare veg. potatis linser bönor majs stekt kylvara el. frysvara,Fritt socker,Grönsaks- rotfrukts- baljväxträtter o produkter,2.0,g
6899,Burgare veg. potatis linser bönor majs stekt kylvara el. frysvara,"Selen, Se",Grönsaks- rotfrukts- baljväxträtter o produkter,10.0,µg
6899,Burgare veg. potatis linser bönor majs stekt kylvara el. frysvara,Sackaros,Grönsaks- rotfrukts- baljväxträtter o produkter,1.4,g
6899,Burgare veg. potatis linser bönor majs stekt kylvara el. frysvara,Riboflavin,Grönsaks- rotfrukts- baljväxträtter o produkter,0.08,mg
6899,Burgare veg. potatis linser bönor majs stekt kylvara el. frysvara,Retinol,Grönsaks- rotfrukts- baljväxträtter o produkter,0.0,µg
6899,Burgare veg. potatis linser bönor majs stekt kylvara el. frysvara,Protein,Grönsaks- rotfrukts- baljväxträtter o produkter,9.1,g
6899,Burgare veg. potatis linser bönor majs stekt kylvara el. frysvara,Summa fleromättade fettsyror,Grönsaks- rotfrukts- baljväxträtter o produkter,1.3,g
6899,Burgare veg. potatis linser bönor majs stekt kylvara el. frysvara,"Fosfor, P",Grönsaks- rotfrukts- baljväxträtter o produkter,176.0,mg
6899,Burgare veg. potatis linser bönor majs stekt kylvara el. frysvara,Niacinekvivalenter,Grönsaks- rotfrukts- baljväxträtter o produkter,3.28,NE/mg
6899,Burgare veg. potatis linser bönor majs stekt kylvara el. frysvara,Niacin,Grönsaks- rotfrukts- baljväxträtter o produkter,1.76,mg
6899,Burgare veg. potatis linser bönor majs stekt kylvara el. frysvara,"Salt, NaCl",Grönsaks- rotfrukts- baljväxträtter o produkter,1.5,g
6899,Burgare veg. potatis linser bönor majs stekt kylvara el. frysvara,"Natrium, Na",Grönsaks- rotfrukts- baljväxträtter o produkter,598.0,mg
6899,Burgare veg. potatis linser bönor majs stekt kylvara el. frysvara,Monosackarider,Grönsaks- rotfrukts- baljväxträtter o produkter,0.6,g
6899,Burgare veg. potatis linser bönor majs stekt kylvara el. frysvara,"Sockerarter, totalt",Grönsaks- rotfrukts- baljväxträtter o produkter,2.1,g
6899,Burgare veg. potatis linser bönor majs stekt kylvara el. frysvara,Summa enkelomättade fettsyror,Grönsaks- rotfrukts- baljväxträtter o produkter,8.7,g
6899,Burgare veg. potatis linser bönor majs stekt kylvara el. frysvara,"Magnesium, Mg",Grönsaks- rotfrukts- baljväxträtter o produkter,55.0,mg
6899,Burgare veg. potatis linser bönor majs stekt kylvara el. frysvara,Summa mättade fettsyror,Grönsaks- rotfrukts- baljväxträtter o produkter,1.1,g
6899,Burgare veg. potatis linser bönor majs stekt kylvara el. frysvara,"Kolhydrater, tillgängliga",Grönsaks- rotfrukts- baljväxträtter o produkter,28.1,g
6899,Burgare veg. potatis linser bönor majs stekt kylvara el. frysvara,Kolesterol,Grönsaks- rotfrukts- baljväxträtter o produkter,0.0,mg
6899,Burgare veg. potatis linser bönor majs stekt kylvara el. frysvara,"Kalium, K",Grönsaks- rotfrukts- baljväxträtter o produkter,516.0,mg
6899,Burgare veg. potatis linser bönor majs stekt kylvara el. frysvara,"Jod, I",Grönsaks- rotfrukts- baljväxträtter o produkter,2.7,µg
6899,Burgare veg. potatis linser bönor majs stekt kylvara el. frysvara,Fullkorn totalt,Grönsaks- rotfrukts- baljväxträtter o produkter,0.0,g
6899,Burgare veg. potatis linser bönor majs stekt kylvara el. frysvara,"Folat, totalt",Grönsaks- rotfrukts- baljväxträtter o produkter,31.2,µg
6899,Burgare veg. potatis linser bönor majs stekt kylvara el. frysvara,Fibrer,Grönsaks- rotfrukts- baljväxträtter o produkter,8.3,g
6899,Burgare veg. potatis linser bönor majs stekt kylvara el. frysvara,"Fett, totalt",Grönsaks- rotfrukts- baljväxträtter o produkter,11.6,g
6899,Burgare veg. potatis linser bönor majs stekt kylvara el. frysvara,"Järn, Fe",Grönsaks- rotfrukts- baljväxträtter o produkter,2.2,mg
6899,Burgare veg. potatis linser bönor majs stekt kylvara el. frysvara,Energi (kJ),Grönsaks- rotfrukts- baljväxträtter o produkter,1130.0,kJ
6899,Burgare veg. potatis linser bönor majs stekt kylvara el. frysvara,Energi (kcal),Grönsaks- rotfrukts- baljväxträtter o produkter,270.0,kcal
6899,Burgare veg. potatis linser bönor majs stekt kylvara el. frysvara,Disackarider,Grönsaks- rotfrukts- baljväxträtter o produkter,1.4,g
6899,Burgare veg. potatis linser bönor majs stekt kylvara el. frysvara,"Kalcium, Ca",Grönsaks- rotfrukts- baljväxträtter o produkter,50.0,mg
6899,Burgare veg. potatis linser bönor majs stekt kylvara el. frysvara,Fettsyra 4:0-10:0,Grönsaks- rotfrukts- baljväxträtter o produkter,0.0,g
6899,Burgare veg. potatis linser bönor majs stekt kylvara el. frysvara,DHA (C22:6),Grönsaks- rotfrukts- baljväxträtter o produkter,0.0,g
6899,Burgare veg. potatis linser bönor majs stekt kylvara el. frysvara,DPA (C22:5),Grönsaks- rotfrukts- baljväxträtter o produkter,0.0,g
6899,Burgare veg. potatis linser bönor majs stekt kylvara el. frysvara,EPA (C20:5),Grönsaks- rotfrukts- baljväxträtter o produkter,0.0,g
6899,Burgare veg. potatis linser bönor majs stekt kylvara el. frysvara,Arakidonsyra C20:4,Grönsaks- rotfrukts- baljväxträtter o produkter,0.0,g
6899,Burgare veg. potatis linser bönor majs stekt kylvara el. frysvara,Arakidinsyra C20:0,Grönsaks- rotfrukts- baljväxträtter o produkter,0.0,g
6899,Burgare veg. potatis linser bönor majs stekt kylvara el. frysvara,Linolensyra C18:3,Grönsaks- rotfrukts- baljväxträtter o produkter,0.1,g
6899,Burgare veg. potatis linser bönor majs stekt kylvara el. frysvara,Linolsyra C18:2,Grönsaks- rotfrukts- baljväxträtter o produkter,1.2,g
6899,Burgare veg. potatis linser bönor majs stekt kylvara el. frysvara,Oljesyra C18:1,Grönsaks- rotfrukts- baljväxträtter o produkter,8.6,g
6899,Burgare veg. potatis linser bönor majs stekt kylvara el. frysvara,Stearinsyra C18:0,Grönsaks- rotfrukts- baljväxträtter o produkter,0.3,g
6899,Burgare veg. potatis linser bönor majs stekt kylvara el. frysvara,Palmitoljesyra C16:1,Grönsaks- rotfrukts- baljväxträtter o produkter,0.0,g
6899,Burgare veg. potatis linser bönor majs stekt kylvara el. frysvara,Palmitinsyra C16:0,Grönsaks- rotfrukts- baljväxträtter o produkter,0.6,g
6899,Burgare veg. potatis linser bönor majs stekt kylvara el. frysvara,Myristinsyra C14:0,Grönsaks- rotfrukts- baljväxträtter o produkter,0.0,g
6899,Burgare veg. potatis linser bönor majs stekt kylvara el. frysvara,Laurinsyra C12:0,Grönsaks- rotfrukts- baljväxträtter o produkter,0.0,g
6899,Burgare veg. potatis linser bönor majs stekt kylvara el. frysvara,Betakaroten/β-Karoten,Grönsaks- rotfrukts- baljväxträtter o produkter,97.0,µg
6899,Burgare veg. potatis linser bönor majs stekt kylvara el. frysvara,Avfall (skal etc.),Grönsaks- rotfrukts- baljväxträtter o produkter,0.0,%
6899,Burgare veg. potatis linser bönor majs stekt kylvara el. frysvara,Aska,Grönsaks- rotfrukts- baljväxträtter o produkter,2.6,g
6899,Burgare veg. potatis linser bönor majs stekt kylvara el. frysvara,Alkohol,Grönsaks- rotfrukts- baljväxträtter o produkter,0.0,g
6901,Ärtprotein färs kylvara el. frysvara,"Zink, Zn",Vegetabiliskt protein produkter och rätter,2.8,mg
6901,Ärtprotein färs kylvara el. frysvara,Vitamin E,Vegetabiliskt protein produkter och rätter,0.3,mg
6901,Ärtprotein färs kylvara el. frysvara,Vitamin D,Vegetabiliskt protein produkter och rätter,0.0,µg
6901,Ärtprotein färs kylvara el. frysvara,Vitamin C,Vegetabiliskt protein produkter och rätter,0.2,mg
6901,Ärtprotein färs kylvara el. frysvara,Vitamin B6,Vegetabiliskt protein produkter och rätter,0.04,mg
6901,Ärtprotein färs kylvara el. frysvara,Vitamin B12,Vegetabiliskt protein produkter och rätter,0.16,µg
6901,Ärtprotein färs kylvara el. frysvara,Vitamin A,Vegetabiliskt protein produkter och rätter,19.8,RE/µg
6901,Ärtprotein färs kylvara el. frysvara,Vatten,Vegetabiliskt protein produkter och rätter,57.0,g
6901,Ärtprotein färs kylvara el. frysvara,Tiamin,Vegetabiliskt protein produkter och rätter,0.08,mg
6901,Ärtprotein färs kylvara el. frysvara,Tillsatt socker,Vegetabiliskt protein produkter och rätter,1.0,g
6901,Ärtprotein färs kylvara el. frysvara,Fritt socker,Vegetabiliskt protein produkter och rätter,1.0,g
6901,Ärtprotein färs kylvara el. frysvara,"Selen, Se",Vegetabiliskt protein produkter och rätter,8.5,µg
6901,Ärtprotein färs kylvara el. frysvara,Sackaros,Vegetabiliskt protein produkter och rätter,0.3,g
6901,Ärtprotein färs kylvara el. frysvara,Riboflavin,Vegetabiliskt protein produkter och rätter,0.08,mg
6901,Ärtprotein färs kylvara el. frysvara,Retinol,Vegetabiliskt protein produkter och rätter,18.2,µg
6901,Ärtprotein färs kylvara el. frysvara,Protein,Vegetabiliskt protein produkter och rätter,26.6,g
6901,Ärtprotein färs kylvara el. frysvara,Summa fleromättade fettsyror,Vegetabiliskt protein produkter och rätter,1.1,g
6901,Ärtprotein färs kylvara el. frysvara,"Fosfor, P",Vegetabiliskt protein produkter och rätter,305.0,mg
6901,Ärtprotein färs kylvara el. frysvara,Niacinekvivalenter,Vegetabiliskt protein produkter och rätter,5.4,NE/mg
6901,Ärtprotein färs kylvara el. frysvara,Niacin,Vegetabiliskt protein produkter och rätter,0.94,mg
6901,Ärtprotein färs kylvara el. frysvara,"Salt, NaCl",Vegetabiliskt protein produkter och rätter,1.2,g
6901,Ärtprotein färs kylvara el. frysvara,"Natrium, Na",Vegetabiliskt protein produkter och rätter,470.0,mg
6901,Ärtprotein färs kylvara el. frysvara,Monosackarider,Vegetabiliskt protein produkter och rätter,0.4,g
6901,Ärtprotein färs kylvara el. frysvara,"Sockerarter, totalt",Vegetabiliskt protein produkter och rätter,1.4,g
6901,Ärtprotein färs kylvara el. frysvara,Summa enkelomättade fettsyror,Vegetabiliskt protein produkter och rätter,1.0,g
6901,Ärtprotein färs kylvara el. frysvara,"Magnesium, Mg",Vegetabiliskt protein produkter och rätter,31.0,mg
6901,Ärtprotein färs kylvara el. frysvara,Summa mättade fettsyror,Vegetabiliskt protein produkter och rätter,3.8,g
6901,Ärtprotein färs kylvara el. frysvara,"Kolhydrater, tillgängliga",Vegetabiliskt protein produkter och rätter,5.6,g
6901,Ärtprotein färs kylvara el. frysvara,Kolesterol,Vegetabiliskt protein produkter och rätter,0.0,mg
6901,Ärtprotein färs kylvara el. frysvara,"Kalium, K",Vegetabiliskt protein produkter och rätter,212.0,mg
6901,Ärtprotein färs kylvara el. frysvara,"Jod, I",Vegetabiliskt protein produkter och rätter,1.2,µg
6901,Ärtprotein färs kylvara el. frysvara,Fullkorn totalt,Vegetabiliskt protein produkter och rätter,6.0,g
6901,Ärtprotein färs kylvara el. frysvara,"Folat, totalt",Vegetabiliskt protein produkter och rätter,23.4,µg
6901,Ärtprotein färs kylvara el. frysvara,Fibrer,Vegetabiliskt protein produkter och rätter,2.4,g
6901,Ärtprotein färs kylvara el. frysvara,"Fett, totalt",Vegetabiliskt protein produkter och rätter,6.2,g
6901,Ärtprotein färs kylvara el. frysvara,"Järn, Fe",Vegetabiliskt protein produkter och rätter,6.7,mg
6901,Ärtprotein färs kylvara el. frysvara,Energi (kJ),Vegetabiliskt protein produkter och rätter,796.0,kJ
6901,Ärtprotein färs kylvara el. frysvara,Energi (kcal),Vegetabiliskt protein produkter och rätter,190.0,kcal
6901,Ärtprotein färs kylvara el. frysvara,Disackarider,Vegetabiliskt protein produkter och rätter,1.0,g
6901,Ärtprotein färs kylvara el. frysvara,"Kalcium, Ca",Vegetabiliskt protein produkter och rätter,168.0,mg
6901,Ärtprotein färs kylvara el. frysvara,Fettsyra 4:0-10:0,Vegetabiliskt protein produkter och rätter,0.5,g
6901,Ärtprotein färs kylvara el. frysvara,DHA (C22:6),Vegetabiliskt protein produkter och rätter,0.0,g
6901,Ärtprotein färs kylvara el. frysvara,DPA (C22:5),Vegetabiliskt protein produkter och rätter,0.0,g
6901,Ärtprotein färs kylvara el. frysvara,EPA (C20:5),Vegetabiliskt protein produkter och rätter,0.0,g
6901,Ärtprotein färs kylvara el. frysvara,Arakidonsyra C20:4,Vegetabiliskt protein produkter och rätter,0.0,g
6901,Ärtprotein färs kylvara el. frysvara,Arakidinsyra C20:0,Vegetabiliskt protein produkter och rätter,0.0,g
6901,Ärtprotein färs kylvara el. frysvara,Linolensyra C18:3,Vegetabiliskt protein produkter och rätter,0.2,g
6901,Ärtprotein färs kylvara el. frysvara,Linolsyra C18:2,Vegetabiliskt protein produkter och rätter,0.9,g
6901,Ärtprotein färs kylvara el. frysvara,Oljesyra C18:1,Vegetabiliskt protein produkter och rätter,1.0,g
6901,Ärtprotein färs kylvara el. frysvara,Stearinsyra C18:0,Vegetabiliskt protein produkter och rätter,0.2,g
6901,Ärtprotein färs kylvara el. frysvara,Palmitoljesyra C16:1,Vegetabiliskt protein produkter och rätter,0.0,g
6901,Ärtprotein färs kylvara el. frysvara,Palmitinsyra C16:0,Vegetabiliskt protein produkter och rätter,0.6,g
6901,Ärtprotein färs kylvara el. frysvara,Myristinsyra C14:0,Vegetabiliskt protein produkter och rätter,0.7,g
6901,Ärtprotein färs kylvara el. frysvara,Laurinsyra C12:0,Vegetabiliskt protein produkter och rätter,1.8,g
6901,Ärtprotein färs kylvara el. frysvara,Betakaroten/β-Karoten,Vegetabiliskt protein produkter och rätter,20.0,µg
6901,Ärtprotein färs kylvara el. frysvara,Avfall (skal etc.),Vegetabiliskt protein produkter och rätter,0.0,%
6901,Ärtprotein färs kylvara el. frysvara,Aska,Vegetabiliskt protein produkter och rätter,2.2,g
6901,Ärtprotein färs kylvara el. frysvara,Alkohol,Vegetabiliskt protein produkter och rätter,0.0,g
6902,Sojadryck osötad berikad,"Zink, Zn",Vegetabiliska produkter och mjölkersättning,0.3,mg
6902,Sojadryck osötad berikad,Vitamin E,Vegetabiliska produkter och mjölkersättning,0.2,mg
6902,Sojadryck osötad berikad,Vitamin D inkl 25-OH-D3,Vegetabiliska produkter och mjölkersättning,0.75,µg
6902,Sojadryck osötad berikad,Vitamin D,Vegetabiliska produkter och mjölkersättning,0.75,µg
6902,Sojadryck osötad berikad,Vitamin C,Vegetabiliska produkter och mjölkersättning,0.1,mg
6902,Sojadryck osötad berikad,Vitamin B6,Vegetabiliska produkter och mjölkersättning,0.03,mg
6902,Sojadryck osötad berikad,Vitamin B12,Vegetabiliska produkter och mjölkersättning,0.33,µg
6902,Sojadryck osötad berikad,Vitamin A,Vegetabiliska produkter och mjölkersättning,0.0,RE/µg
6902,Sojadryck osötad berikad,Vatten,Vegetabiliska produkter och mjölkersättning,92.0,g
6902,Sojadryck osötad berikad,Tiamin,Vegetabiliska produkter och mjölkersättning,0.03,mg
6902,Sojadryck osötad berikad,Tillsatt socker,Vegetabiliska produkter och mjölkersättning,0.0,g
6902,Sojadryck osötad berikad,Fritt socker,Vegetabiliska produkter och mjölkersättning,0.0,g
6902,Sojadryck osötad berikad,"Selen, Se",Vegetabiliska produkter och mjölkersättning,1.0,µg
6902,Sojadryck osötad berikad,Sackaros,Vegetabiliska produkter och mjölkersättning,0.3,g
6902,Sojadryck osötad berikad,Riboflavin,Vegetabiliska produkter och mjölkersättning,0.22,mg
6902,Sojadryck osötad berikad,Retinol,Vegetabiliska produkter och mjölkersättning,0.0,µg
6902,Sojadryck osötad berikad,Protein,Vegetabiliska produkter och mjölkersättning,3.4,g
6902,Sojadryck osötad berikad,Summa fleromättade fettsyror,Vegetabiliska produkter och mjölkersättning,0.7,g
6902,Sojadryck osötad berikad,"Fosfor, P",Vegetabiliska produkter och mjölkersättning,150.0,mg
6902,Sojadryck osötad berikad,Niacinekvivalenter,Vegetabiliska produkter och mjölkersättning,0.6,NE/mg
6902,Sojadryck osötad berikad,Niacin,Vegetabiliska produkter och mjölkersättning,0.0,mg
6902,Sojadryck osötad berikad,"Salt, NaCl",Vegetabiliska produkter och mjölkersättning,0.1,g
6902,Sojadryck osötad berikad,"Natrium, Na",Vegetabiliska produkter och mjölkersättning,33.0,mg
6902,Sojadryck osötad berikad,Monosackarider,Vegetabiliska produkter och mjölkersättning,0.0,g
6902,Sojadryck osötad berikad,"Sockerarter, totalt",Vegetabiliska produkter och mjölkersättning,0.3,g
6902,Sojadryck osötad berikad,Summa enkelomättade fettsyror,Vegetabiliska produkter och mjölkersättning,0.2,g
6902,Sojadryck osötad berikad,"Magnesium, Mg",Vegetabiliska produkter och mjölkersättning,19.0,mg
6902,Sojadryck osötad berikad,Summa mättade fettsyror,Vegetabiliska produkter och mjölkersättning,0.2,g
6902,Sojadryck osötad berikad,"Kolhydrater, tillgängliga",Vegetabiliska produkter och mjölkersättning,1.7,g
6902,Sojadryck osötad berikad,Kolesterol,Vegetabiliska produkter och mjölkersättning,0.0,mg
6902,Sojadryck osötad berikad,"Kalium, K",Vegetabiliska produkter och mjölkersättning,290.0,mg
6902,Sojadryck osötad berikad,"Jod, I",Vegetabiliska produkter och mjölkersättning,1.1,µg
6902,Sojadryck osötad berikad,Fullkorn totalt,Vegetabiliska produkter och mjölkersättning,0.0,g
6902,Sojadryck osötad berikad,"Folat, totalt",Vegetabiliska produkter och mjölkersättning,17.0,µg
6902,Sojadryck osötad berikad,Fibrer,Vegetabiliska produkter och mjölkersättning,0.6,g
6902,Sojadryck osötad berikad,"Fett, totalt",Vegetabiliska produkter och mjölkersättning,1.3,g
6902,Sojadryck osötad berikad,"Järn, Fe",Vegetabiliska produkter och mjölkersättning,0.4,mg
6902,Sojadryck osötad berikad,Energi (kJ),Vegetabiliska produkter och mjölkersättning,139.0,kJ
6902,Sojadryck osötad berikad,Energi (kcal),Vegetabiliska produkter och mjölkersättning,33.0,kcal
6902,Sojadryck osötad berikad,Disackarider,Vegetabiliska produkter och mjölkersättning,0.3,g
6902,Sojadryck osötad berikad,"Kalcium, Ca",Vegetabiliska produkter och mjölkersättning,150.0,mg
6902,Sojadryck osötad berikad,Fettsyra 4:0-10:0,Vegetabiliska produkter och mjölkersättning,0.0,g
6902,Sojadryck osötad berikad,DHA (C22:6),Vegetabiliska produkter och mjölkersättning,0.0,g
6902,Sojadryck osötad berikad,DPA (C22:5),Vegetabiliska produkter och mjölkersättning,0.0,g
6902,Sojadryck osötad berikad,EPA (C20:5),Vegetabiliska produkter och mjölkersättning,0.0,g
6902,Sojadryck osötad berikad,Arakidonsyra C20:4,Vegetabiliska produkter och mjölkersättning,0.0,g
6902,Sojadryck osötad berikad,Arakidinsyra C20:0,Vegetabiliska produkter och mjölkersättning,0.0,g
6902,Sojadryck osötad berikad,Linolensyra C18:3,Vegetabiliska produkter och mjölkersättning,0.1,g
6902,Sojadryck osötad berikad,Linolsyra C18:2,Vegetabiliska produkter och mjölkersättning,0.6,g
6902,Sojadryck osötad berikad,Oljesyra C18:1,Vegetabiliska produkter och mjölkersättning,0.2,g
6902,Sojadryck osötad berikad,Stearinsyra C18:0,Vegetabiliska produkter och mjölkersättning,0.0,g
6902,Sojadryck osötad berikad,Palmitoljesyra C16:1,Vegetabiliska produkter och mjölkersättning,0.0,g
6902,Sojadryck osötad berikad,Palmitinsyra C16:0,Vegetabiliska produkter och mjölkersättning,0.1,g
6902,Sojadryck osötad berikad,Myristinsyra C14:0,Vegetabiliska produkter och mjölkersättning,0.0,g
6902,Sojadryck osötad berikad,Laurinsyra C12:0,Vegetabiliska produkter och mjölkersättning,0.0,g
6902,Sojadryck osötad berikad,Betakaroten/β-Karoten,Vegetabiliska produkter och mjölkersättning,0.0,µg
6902,Sojadryck osötad berikad,Avfall (skal etc.),Vegetabiliska produkter och mjölkersättning,0.0,%
6902,Sojadryck osötad berikad,Aska,Vegetabiliska produkter och mjölkersättning,1.1,g
6902,Sojadryck osötad berikad,Alkohol,Vegetabiliska produkter och mjölkersättning,0.0,g
6903,Mandeldryck osötad berikad,"Zink, Zn",Vegetabiliska produkter och mjölkersättning,0.1,mg
6903,Mandeldryck osötad berikad,Vitamin E,Vegetabiliska produkter och mjölkersättning,2.9,mg
6903,Mandeldryck osötad berikad,Vitamin D inkl 25-OH-D3,Vegetabiliska produkter och mjölkersättning,0.65,µg
6903,Mandeldryck osötad berikad,Vitamin D,Vegetabiliska produkter och mjölkersättning,0.65,µg
6903,Mandeldryck osötad berikad,Vitamin C,Vegetabiliska produkter och mjölkersättning,0.1,mg
6903,Mandeldryck osötad berikad,Vitamin B6,Vegetabiliska produkter och mjölkersättning,0.0,mg
6903,Mandeldryck osötad berikad,Vitamin B12,Vegetabiliska produkter och mjölkersättning,0.3,µg
6903,Mandeldryck osötad berikad,Vitamin A,Vegetabiliska produkter och mjölkersättning,0.0,RE/µg
6903,Mandeldryck osötad berikad,Vatten,Vegetabiliska produkter och mjölkersättning,97.0,g
6903,Mandeldryck osötad berikad,Tiamin,Vegetabiliska produkter och mjölkersättning,0.0,mg
6903,Mandeldryck osötad berikad,Tillsatt socker,Vegetabiliska produkter och mjölkersättning,0.0,g
6903,Mandeldryck osötad berikad,Fritt socker,Vegetabiliska produkter och mjölkersättning,0.0,g
6903,Mandeldryck osötad berikad,"Selen, Se",Vegetabiliska produkter och mjölkersättning,0.1,µg
6903,Mandeldryck osötad berikad,Sackaros,Vegetabiliska produkter och mjölkersättning,0.1,g
6903,Mandeldryck osötad berikad,Riboflavin,Vegetabiliska produkter och mjölkersättning,0.24,mg
6903,Mandeldryck osötad berikad,Retinol,Vegetabiliska produkter och mjölkersättning,0.0,µg
6903,Mandeldryck osötad berikad,Protein,Vegetabiliska produkter och mjölkersättning,0.0,g
6903,Mandeldryck osötad berikad,Summa fleromättade fettsyror,Vegetabiliska produkter och mjölkersättning,0.2,g
6903,Mandeldryck osötad berikad,"Fosfor, P",Vegetabiliska produkter och mjölkersättning,75.0,mg
6903,Mandeldryck osötad berikad,Niacinekvivalenter,Vegetabiliska produkter och mjölkersättning,0.0,NE/mg
6903,Mandeldryck osötad berikad,Niacin,Vegetabiliska produkter och mjölkersättning,0.0,mg
6903,Mandeldryck osötad berikad,"Salt, NaCl",Vegetabiliska produkter och mjölkersättning,0.1,g
6903,Mandeldryck osötad berikad,"Natrium, Na",Vegetabiliska produkter och mjölkersättning,48.0,mg
6903,Mandeldryck osötad berikad,Monosackarider,Vegetabiliska produkter och mjölkersättning,0.0,g
6903,Mandeldryck osötad berikad,"Sockerarter, totalt",Vegetabiliska produkter och mjölkersättning,0.1,g
6903,Mandeldryck osötad berikad,Summa enkelomättade fettsyror,Vegetabiliska produkter och mjölkersättning,0.8,g
6903,Mandeldryck osötad berikad,"Magnesium, Mg",Vegetabiliska produkter och mjölkersättning,9.0,mg
6903,Mandeldryck osötad berikad,Summa mättade fettsyror,Vegetabiliska produkter och mjölkersättning,0.1,g
6903,Mandeldryck osötad berikad,"Kolhydrater, tillgängliga",Vegetabiliska produkter och mjölkersättning,1.0,g
6903,Mandeldryck osötad berikad,Kolesterol,Vegetabiliska produkter och mjölkersättning,0.0,mg
6903,Mandeldryck osötad berikad,"Kalium, K",Vegetabiliska produkter och mjölkersättning,16.0,mg
6903,Mandeldryck osötad berikad,"Jod, I",Vegetabiliska produkter och mjölkersättning,0.2,µg
6903,Mandeldryck osötad berikad,Fullkorn totalt,Vegetabiliska produkter och mjölkersättning,0.0,g
6903,Mandeldryck osötad berikad,"Folat, totalt",Vegetabiliska produkter och mjölkersättning,1.7,µg
6903,Mandeldryck osötad berikad,Fibrer,Vegetabiliska produkter och mjölkersättning,0.3,g
6903,Mandeldryck osötad berikad,"Fett, totalt",Vegetabiliska produkter och mjölkersättning,1.2,g
6903,Mandeldryck osötad berikad,"Järn, Fe",Vegetabiliska produkter och mjölkersättning,0.1,mg
6903,Mandeldryck osötad berikad,Energi (kJ),Vegetabiliska produkter och mjölkersättning,64.0,kJ
6903,Mandeldryck osötad berikad,Energi (kcal),Vegetabiliska produkter och mjölkersättning,15.0,kcal
6903,Mandeldryck osötad berikad,Disackarider,Vegetabiliska produkter och mjölkersättning,0.1,g
6903,Mandeldryck osötad berikad,"Kalcium, Ca",Vegetabiliska produkter och mjölkersättning,150.0,mg
6903,Mandeldryck osötad berikad,Fettsyra 4:0-10:0,Vegetabiliska produkter och mjölkersättning,0.0,g
6903,Mandeldryck osötad berikad,DHA (C22:6),Vegetabiliska produkter och mjölkersättning,0.0,g
6903,Mandeldryck osötad berikad,DPA (C22:5),Vegetabiliska produkter och mjölkersättning,0.0,g
6903,Mandeldryck osötad berikad,EPA (C20:5),Vegetabiliska produkter och mjölkersättning,0.0,g
6903,Mandeldryck osötad berikad,Arakidonsyra C20:4,Vegetabiliska produkter och mjölkersättning,0.0,g
6903,Mandeldryck osötad berikad,Arakidinsyra C20:0,Vegetabiliska produkter och mjölkersättning,0.0,g
6903,Mandeldryck osötad berikad,Linolensyra C18:3,Vegetabiliska produkter och mjölkersättning,0.0,g
6903,Mandeldryck osötad berikad,Linolsyra C18:2,Vegetabiliska produkter och mjölkersättning,0.2,g
6903,Mandeldryck osötad berikad,Oljesyra C18:1,Vegetabiliska produkter och mjölkersättning,0.8,g
6903,Mandeldryck osötad berikad,Stearinsyra C18:0,Vegetabiliska produkter och mjölkersättning,0.0,g
6903,Mandeldryck osötad berikad,Palmitoljesyra C16:1,Vegetabiliska produkter och mjölkersättning,0.0,g
6903,Mandeldryck osötad berikad,Palmitinsyra C16:0,Vegetabiliska produkter och mjölkersättning,0.1,g
6903,Mandeldryck osötad berikad,Myristinsyra C14:0,Vegetabiliska produkter och mjölkersättning,0.0,g
6903,Mandeldryck osötad berikad,Laurinsyra C12:0,Vegetabiliska produkter och mjölkersättning,0.0,g
6903,Mandeldryck osötad berikad,Betakaroten/β-Karoten,Vegetabiliska produkter och mjölkersättning,0.0,µg
6903,Mandeldryck osötad berikad,Avfall (skal etc.),Vegetabiliska produkter och mjölkersättning,0.0,%
6903,Mandeldryck osötad berikad,Aska,Vegetabiliska produkter och mjölkersättning,0.5,g
6903,Mandeldryck osötad berikad,Alkohol,Vegetabiliska produkter och mjölkersättning,0.0,g
6904,Kokosnötdryck ,"Zink, Zn",Vegetabiliska produkter och mjölkersättning,0.3,mg
6904,Kokosnötdryck ,Vitamin E,Vegetabiliska produkter och mjölkersättning,0.0,mg
6904,Kokosnötdryck ,Vitamin D inkl 25-OH-D3,Vegetabiliska produkter och mjölkersättning,0.38,µg
6904,Kokosnötdryck ,Vitamin D,Vegetabiliska produkter och mjölkersättning,0.38,µg
6904,Kokosnötdryck ,Vitamin C,Vegetabiliska produkter och mjölkersättning,0.1,mg
6904,Kokosnötdryck ,Vitamin B6,Vegetabiliska produkter och mjölkersättning,0.02,mg
6904,Kokosnötdryck ,Vitamin B12,Vegetabiliska produkter och mjölkersättning,0.26,µg
6904,Kokosnötdryck ,Vitamin A,Vegetabiliska produkter och mjölkersättning,0.0,RE/µg
6904,Kokosnötdryck ,Vatten,Vegetabiliska produkter och mjölkersättning,95.0,g
6904,Kokosnötdryck ,Tiamin,Vegetabiliska produkter och mjölkersättning,0.01,mg
6904,Kokosnötdryck ,Tillsatt socker,Vegetabiliska produkter och mjölkersättning,0.0,g
6904,Kokosnötdryck ,Fritt socker,Vegetabiliska produkter och mjölkersättning,0.0,g
6904,Kokosnötdryck ,"Selen, Se",Vegetabiliska produkter och mjölkersättning,0.3,µg
6904,Kokosnötdryck ,Sackaros,Vegetabiliska produkter och mjölkersättning,0.1,g
6904,Kokosnötdryck ,Riboflavin,Vegetabiliska produkter och mjölkersättning,0.24,mg
6904,Kokosnötdryck ,Retinol,Vegetabiliska produkter och mjölkersättning,0.0,µg
6904,Kokosnötdryck ,Protein,Vegetabiliska produkter och mjölkersättning,0.0,g
6904,Kokosnötdryck ,Summa fleromättade fettsyror,Vegetabiliska produkter och mjölkersättning,0.0,g
6904,Kokosnötdryck ,"Fosfor, P",Vegetabiliska produkter och mjölkersättning,70.0,mg
6904,Kokosnötdryck ,Niacinekvivalenter,Vegetabiliska produkter och mjölkersättning,0.0,NE/mg
6904,Kokosnötdryck ,Niacin,Vegetabiliska produkter och mjölkersättning,0.0,mg
6904,Kokosnötdryck ,"Salt, NaCl",Vegetabiliska produkter och mjölkersättning,0.1,g
6904,Kokosnötdryck ,"Natrium, Na",Vegetabiliska produkter och mjölkersättning,47.0,mg
6904,Kokosnötdryck ,Monosackarider,Vegetabiliska produkter och mjölkersättning,0.7,g
6904,Kokosnötdryck ,"Sockerarter, totalt",Vegetabiliska produkter och mjölkersättning,1.8,g
6904,Kokosnötdryck ,Summa enkelomättade fettsyror,Vegetabiliska produkter och mjölkersättning,0.0,g
6904,Kokosnötdryck ,"Magnesium, Mg",Vegetabiliska produkter och mjölkersättning,3.0,mg
6904,Kokosnötdryck ,Summa mättade fettsyror,Vegetabiliska produkter och mjölkersättning,0.0,g
6904,Kokosnötdryck ,"Kolhydrater, tillgängliga",Vegetabiliska produkter och mjölkersättning,4.4,g
6904,Kokosnötdryck ,Kolesterol,Vegetabiliska produkter och mjölkersättning,0.0,mg
6904,Kokosnötdryck ,"Kalium, K",Vegetabiliska produkter och mjölkersättning,20.0,mg
6904,Kokosnötdryck ,"Jod, I",Vegetabiliska produkter och mjölkersättning,0.0,µg
6904,Kokosnötdryck ,Fullkorn totalt,Vegetabiliska produkter och mjölkersättning,0.0,g
6904,Kokosnötdryck ,"Folat, totalt",Vegetabiliska produkter och mjölkersättning,21.0,µg
6904,Kokosnötdryck ,Fibrer,Vegetabiliska produkter och mjölkersättning,0.1,g
6904,Kokosnötdryck ,"Fett, totalt",Vegetabiliska produkter och mjölkersättning,0.0,g
6904,Kokosnötdryck ,"Järn, Fe",Vegetabiliska produkter och mjölkersättning,0.4,mg
6904,Kokosnötdryck ,Energi (kJ),Vegetabiliska produkter och mjölkersättning,76.0,kJ
6904,Kokosnötdryck ,Energi (kcal),Vegetabiliska produkter och mjölkersättning,18.0,kcal
6904,Kokosnötdryck ,Disackarider,Vegetabiliska produkter och mjölkersättning,1.1,g
6904,Kokosnötdryck ,"Kalcium, Ca",Vegetabiliska produkter och mjölkersättning,150.0,mg
6904,Kokosnötdryck ,Fettsyra 4:0-10:0,Vegetabiliska produkter och mjölkersättning,0.0,g
6904,Kokosnötdryck ,DHA (C22:6),Vegetabiliska produkter och mjölkersättning,0.0,g
6904,Kokosnötdryck ,DPA (C22:5),Vegetabiliska produkter och mjölkersättning,0.0,g
6904,Kokosnötdryck ,EPA (C20:5),Vegetabiliska produkter och mjölkersättning,0.0,g
6904,Kokosnötdryck ,Arakidonsyra C20:4,Vegetabiliska produkter och mjölkersättning,0.0,g
6904,Kokosnötdryck ,Arakidinsyra C20:0,Vegetabiliska produkter och mjölkersättning,0.0,g
6904,Kokosnötdryck ,Linolensyra C18:3,Vegetabiliska produkter och mjölkersättning,0.0,g
6904,Kokosnötdryck ,Linolsyra C18:2,Vegetabiliska produkter och mjölkersättning,0.0,g
6904,Kokosnötdryck ,Oljesyra C18:1,Vegetabiliska produkter och mjölkersättning,0.0,g
6904,Kokosnötdryck ,Stearinsyra C18:0,Vegetabiliska produkter och mjölkersättning,0.0,g
6904,Kokosnötdryck ,Palmitoljesyra C16:1,Vegetabiliska produkter och mjölkersättning,0.0,g
6904,Kokosnötdryck ,Palmitinsyra C16:0,Vegetabiliska produkter och mjölkersättning,0.0,g
6904,Kokosnötdryck ,Myristinsyra C14:0,Vegetabiliska produkter och mjölkersättning,0.0,g
6904,Kokosnötdryck ,Laurinsyra C12:0,Vegetabiliska produkter och mjölkersättning,0.0,g
6904,Kokosnötdryck ,Betakaroten/β-Karoten,Vegetabiliska produkter och mjölkersättning,2.0,µg
6904,Kokosnötdryck ,Avfall (skal etc.),Vegetabiliska produkter och mjölkersättning,0.0,%
6904,Kokosnötdryck ,Aska,Vegetabiliska produkter och mjölkersättning,0.5,g
6904,Kokosnötdryck ,Alkohol,Vegetabiliska produkter och mjölkersättning,0.0,g
6907,Mörk choklad kakao 70%,"Zink, Zn",Choklad ,2.6,mg
6907,Mörk choklad kakao 70%,Vitamin E,Choklad ,0.8,mg
6907,Mörk choklad kakao 70%,Vitamin D,Choklad ,3.65,µg
6907,Mörk choklad kakao 70%,Vitamin C,Choklad ,0.0,mg
6907,Mörk choklad kakao 70%,Vitamin B6,Choklad ,0.06,mg
6907,Mörk choklad kakao 70%,Vitamin B12,Choklad ,0.25,µg
6907,Mörk choklad kakao 70%,Vitamin A,Choklad ,1.9,RE/µg
6907,Mörk choklad kakao 70%,Vatten,Choklad ,1.0,g
6907,Mörk choklad kakao 70%,Tiamin,Choklad ,0.12,mg
6907,Mörk choklad kakao 70%,Tillsatt socker,Choklad ,28.0,g
6907,Mörk choklad kakao 70%,Fritt socker,Choklad ,28.0,g
6907,Mörk choklad kakao 70%,"Selen, Se",Choklad ,0.0,µg
6907,Mörk choklad kakao 70%,Sackaros,Choklad ,28.1,g
6907,Mörk choklad kakao 70%,Riboflavin,Choklad ,0.09,mg
6907,Mörk choklad kakao 70%,Retinol,Choklad ,0.0,µg
6907,Mörk choklad kakao 70%,Protein,Choklad ,8.4,g
6907,Mörk choklad kakao 70%,Summa fleromättade fettsyror,Choklad ,1.0,g
6907,Mörk choklad kakao 70%,"Fosfor, P",Choklad ,230.0,mg
6907,Mörk choklad kakao 70%,Niacinekvivalenter,Choklad ,2.2,NE/mg
6907,Mörk choklad kakao 70%,Niacin,Choklad ,0.81,mg
6907,Mörk choklad kakao 70%,"Salt, NaCl",Choklad ,0.0,g
6907,Mörk choklad kakao 70%,"Natrium, Na",Choklad ,5.0,mg
6907,Mörk choklad kakao 70%,Monosackarider,Choklad ,0.1,g
6907,Mörk choklad kakao 70%,"Sockerarter, totalt",Choklad ,28.2,g
6907,Mörk choklad kakao 70%,Summa enkelomättade fettsyror,Choklad ,13.9,g
6907,Mörk choklad kakao 70%,"Magnesium, Mg",Choklad ,170.0,mg
6907,Mörk choklad kakao 70%,Summa mättade fettsyror,Choklad ,27.0,g
6907,Mörk choklad kakao 70%,"Kolhydrater, tillgängliga",Choklad ,34.0,g
6907,Mörk choklad kakao 70%,Kolesterol,Choklad ,3.1,mg
6907,Mörk choklad kakao 70%,"Kalium, K",Choklad ,560.0,mg
6907,Mörk choklad kakao 70%,"Jod, I",Choklad ,0.0,µg
6907,Mörk choklad kakao 70%,Fullkorn totalt,Choklad ,0.0,g
6907,Mörk choklad kakao 70%,"Folat, totalt",Choklad ,15.2,µg
6907,Mörk choklad kakao 70%,Fibrer,Choklad ,10.8,g
6907,Mörk choklad kakao 70%,"Fett, totalt",Choklad ,43.9,g
6907,Mörk choklad kakao 70%,"Järn, Fe",Choklad ,9.4,mg
6907,Mörk choklad kakao 70%,Energi (kJ),Choklad ,2431.0,kJ
6907,Mörk choklad kakao 70%,Energi (kcal),Choklad ,581.0,kcal
6907,Mörk choklad kakao 70%,Disackarider,Choklad ,28.1,g
6907,Mörk choklad kakao 70%,"Kalcium, Ca",Choklad ,51.0,mg
6907,Mörk choklad kakao 70%,Fettsyra 4:0-10:0,Choklad ,0.0,g
6907,Mörk choklad kakao 70%,DHA (C22:6),Choklad ,0.0,g
6907,Mörk choklad kakao 70%,DPA (C22:5),Choklad ,0.0,g
6907,Mörk choklad kakao 70%,EPA (C20:5),Choklad ,0.0,g
6907,Mörk choklad kakao 70%,Arakidonsyra C20:4,Choklad ,0.0,g
6907,Mörk choklad kakao 70%,Arakidinsyra C20:0,Choklad ,0.4,g
6907,Mörk choklad kakao 70%,Linolensyra C18:3,Choklad ,0.1,g
6907,Mörk choklad kakao 70%,Linolsyra C18:2,Choklad ,1.0,g
6907,Mörk choklad kakao 70%,Oljesyra C18:1,Choklad ,13.8,g
6907,Mörk choklad kakao 70%,Stearinsyra C18:0,Choklad ,15.4,g
6907,Mörk choklad kakao 70%,Palmitoljesyra C16:1,Choklad ,0.1,g
6907,Mörk choklad kakao 70%,Palmitinsyra C16:0,Choklad ,11.0,g
6907,Mörk choklad kakao 70%,Myristinsyra C14:0,Choklad ,0.1,g
6907,Mörk choklad kakao 70%,Laurinsyra C12:0,Choklad ,0.0,g
6907,Mörk choklad kakao 70%,Betakaroten/β-Karoten,Choklad ,18.0,µg
6907,Mörk choklad kakao 70%,Avfall (skal etc.),Choklad ,0.0,%
6907,Mörk choklad kakao 70%,Aska,Choklad ,1.9,g
6907,Mörk choklad kakao 70%,Alkohol,Choklad ,0.0,g
6908,Mörk choklad kakao 85%,"Zink, Zn",Choklad ,3.4,mg
6908,Mörk choklad kakao 85%,Vitamin E,Choklad ,0.7,mg
6908,Mörk choklad kakao 85%,Vitamin D,Choklad ,4.77,µg
6908,Mörk choklad kakao 85%,Vitamin C,Choklad ,0.0,mg
6908,Mörk choklad kakao 85%,Vitamin B6,Choklad ,0.14,mg
6908,Mörk choklad kakao 85%,Vitamin B12,Choklad ,0.25,µg
6908,Mörk choklad kakao 85%,Vitamin A,Choklad ,1.8,RE/µg
6908,Mörk choklad kakao 85%,Vatten,Choklad ,1.5,g
6908,Mörk choklad kakao 85%,Tiamin,Choklad ,0.14,mg
6908,Mörk choklad kakao 85%,Tillsatt socker,Choklad ,15.0,g
6908,Mörk choklad kakao 85%,Fritt socker,Choklad ,15.0,g
6908,Mörk choklad kakao 85%,"Selen, Se",Choklad ,0.0,µg
6908,Mörk choklad kakao 85%,Sackaros,Choklad ,14.8,g
6908,Mörk choklad kakao 85%,Riboflavin,Choklad ,0.13,mg
6908,Mörk choklad kakao 85%,Retinol,Choklad ,0.0,µg
6908,Mörk choklad kakao 85%,Protein,Choklad ,11.1,g
6908,Mörk choklad kakao 85%,Summa fleromättade fettsyror,Choklad ,1.0,g
6908,Mörk choklad kakao 85%,"Fosfor, P",Choklad ,290.0,mg
6908,Mörk choklad kakao 85%,Niacinekvivalenter,Choklad ,3.0,NE/mg
6908,Mörk choklad kakao 85%,Niacin,Choklad ,1.11,mg
6908,Mörk choklad kakao 85%,"Salt, NaCl",Choklad ,0.0,g
6908,Mörk choklad kakao 85%,"Natrium, Na",Choklad ,0.0,mg
6908,Mörk choklad kakao 85%,Monosackarider,Choklad ,0.1,g
6908,Mörk choklad kakao 85%,"Sockerarter, totalt",Choklad ,14.9,g
6908,Mörk choklad kakao 85%,Summa enkelomättade fettsyror,Choklad ,15.4,g
6908,Mörk choklad kakao 85%,"Magnesium, Mg",Choklad ,220.0,mg
6908,Mörk choklad kakao 85%,Summa mättade fettsyror,Choklad ,30.1,g
6908,Mörk choklad kakao 85%,"Kolhydrater, tillgängliga",Choklad ,22.3,g
6908,Mörk choklad kakao 85%,Kolesterol,Choklad ,1.6,mg
6908,Mörk choklad kakao 85%,"Kalium, K",Choklad ,710.0,mg
6908,Mörk choklad kakao 85%,"Jod, I",Choklad ,0.0,µg
6908,Mörk choklad kakao 85%,Fullkorn totalt,Choklad ,0.0,g
6908,Mörk choklad kakao 85%,"Folat, totalt",Choklad ,20.4,µg
6908,Mörk choklad kakao 85%,Fibrer,Choklad ,13.9,g
6908,Mörk choklad kakao 85%,"Fett, totalt",Choklad ,48.6,g
6908,Mörk choklad kakao 85%,"Järn, Fe",Choklad ,16.5,mg
6908,Mörk choklad kakao 85%,Energi (kJ),Choklad ,2478.0,kJ
6908,Mörk choklad kakao 85%,Energi (kcal),Choklad ,592.0,kcal
6908,Mörk choklad kakao 85%,Disackarider,Choklad ,14.8,g
6908,Mörk choklad kakao 85%,"Kalcium, Ca",Choklad ,63.0,mg
6908,Mörk choklad kakao 85%,Fettsyra 4:0-10:0,Choklad ,0.0,g
6908,Mörk choklad kakao 85%,DHA (C22:6),Choklad ,0.0,g
6908,Mörk choklad kakao 85%,DPA (C22:5),Choklad ,0.0,g
6908,Mörk choklad kakao 85%,EPA (C20:5),Choklad ,0.0,g
6908,Mörk choklad kakao 85%,Arakidonsyra C20:4,Choklad ,0.0,g
6908,Mörk choklad kakao 85%,Arakidinsyra C20:0,Choklad ,0.5,g
6908,Mörk choklad kakao 85%,Linolensyra C18:3,Choklad ,0.0,g
6908,Mörk choklad kakao 85%,Linolsyra C18:2,Choklad ,0.9,g
6908,Mörk choklad kakao 85%,Oljesyra C18:1,Choklad ,15.3,g
6908,Mörk choklad kakao 85%,Stearinsyra C18:0,Choklad ,17.7,g
6908,Mörk choklad kakao 85%,Palmitoljesyra C16:1,Choklad ,0.1,g
6908,Mörk choklad kakao 85%,Palmitinsyra C16:0,Choklad ,11.7,g
6908,Mörk choklad kakao 85%,Myristinsyra C14:0,Choklad ,0.0,g
6908,Mörk choklad kakao 85%,Laurinsyra C12:0,Choklad ,0.0,g
6908,Mörk choklad kakao 85%,Betakaroten/β-Karoten,Choklad ,16.0,µg
6908,Mörk choklad kakao 85%,Avfall (skal etc.),Choklad ,0.0,%
6908,Mörk choklad kakao 85%,Aska,Choklad ,2.6,g
6908,Mörk choklad kakao 85%,Alkohol,Choklad ,0.0,g
6909,Pommes frites klyftpotatis tillagad frysvara,"Zink, Zn",Potatisprodukter potatisrätter,0.3,mg
6909,Pommes frites klyftpotatis tillagad frysvara,Vitamin E,Potatisprodukter potatisrätter,1.5,mg
6909,Pommes frites klyftpotatis tillagad frysvara,Vitamin D inkl 25-OH-D3,Potatisprodukter potatisrätter,0.0,µg
6909,Pommes frites klyftpotatis tillagad frysvara,Vitamin D,Potatisprodukter potatisrätter,0.0,µg
6909,Pommes frites klyftpotatis tillagad frysvara,Vitamin C,Potatisprodukter potatisrätter,2.3,mg
6909,Pommes frites klyftpotatis tillagad frysvara,Vitamin B6,Potatisprodukter potatisrätter,0.28,mg
6909,Pommes frites klyftpotatis tillagad frysvara,Vitamin B12,Potatisprodukter potatisrätter,0.0,µg
6909,Pommes frites klyftpotatis tillagad frysvara,Vitamin A,Potatisprodukter potatisrätter,0.0,RE/µg
6909,Pommes frites klyftpotatis tillagad frysvara,Vatten,Potatisprodukter potatisrätter,56.4,g
6909,Pommes frites klyftpotatis tillagad frysvara,Tiamin,Potatisprodukter potatisrätter,0.1,mg
6909,Pommes frites klyftpotatis tillagad frysvara,Tillsatt socker,Potatisprodukter potatisrätter,0.0,g
6909,Pommes frites klyftpotatis tillagad frysvara,Fritt socker,Potatisprodukter potatisrätter,0.0,g
6909,Pommes frites klyftpotatis tillagad frysvara,"Selen, Se",Potatisprodukter potatisrätter,0.4,µg
6909,Pommes frites klyftpotatis tillagad frysvara,Sackaros,Potatisprodukter potatisrätter,0.2,g
6909,Pommes frites klyftpotatis tillagad frysvara,Riboflavin,Potatisprodukter potatisrätter,0.0,mg
6909,Pommes frites klyftpotatis tillagad frysvara,Retinol,Potatisprodukter potatisrätter,0.0,µg
6909,Pommes frites klyftpotatis tillagad frysvara,Protein,Potatisprodukter potatisrätter,3.0,g
6909,Pommes frites klyftpotatis tillagad frysvara,Summa fleromättade fettsyror,Potatisprodukter potatisrätter,1.1,g
6909,Pommes frites klyftpotatis tillagad frysvara,"Fosfor, P",Potatisprodukter potatisrätter,86.0,mg
6909,Pommes frites klyftpotatis tillagad frysvara,Niacinekvivalenter,Potatisprodukter potatisrätter,1.61,NE/mg
6909,Pommes frites klyftpotatis tillagad frysvara,Niacin,Potatisprodukter potatisrätter,1.15,mg
6909,Pommes frites klyftpotatis tillagad frysvara,"Salt, NaCl",Potatisprodukter potatisrätter,0.1,g
6909,Pommes frites klyftpotatis tillagad frysvara,"Natrium, Na",Potatisprodukter potatisrätter,32.0,mg
6909,Pommes frites klyftpotatis tillagad frysvara,Monosackarider,Potatisprodukter potatisrätter,0.2,g
6909,Pommes frites klyftpotatis tillagad frysvara,"Sockerarter, totalt",Potatisprodukter potatisrätter,0.5,g
6909,Pommes frites klyftpotatis tillagad frysvara,Summa enkelomättade fettsyror,Potatisprodukter potatisrätter,5.1,g
6909,Pommes frites klyftpotatis tillagad frysvara,"Magnesium, Mg",Potatisprodukter potatisrätter,24.0,mg
6909,Pommes frites klyftpotatis tillagad frysvara,Summa mättade fettsyror,Potatisprodukter potatisrätter,0.5,g
6909,Pommes frites klyftpotatis tillagad frysvara,"Kolhydrater, tillgängliga",Potatisprodukter potatisrätter,27.7,g
6909,Pommes frites klyftpotatis tillagad frysvara,Kolesterol,Potatisprodukter potatisrätter,0.0,mg
6909,Pommes frites klyftpotatis tillagad frysvara,"Kalium, K",Potatisprodukter potatisrätter,472.0,mg
6909,Pommes frites klyftpotatis tillagad frysvara,"Jod, I",Potatisprodukter potatisrätter,0.0,µg
6909,Pommes frites klyftpotatis tillagad frysvara,Fullkorn totalt,Potatisprodukter potatisrätter,0.0,g
6909,Pommes frites klyftpotatis tillagad frysvara,"Folat, totalt",Potatisprodukter potatisrätter,17.7,µg
6909,Pommes frites klyftpotatis tillagad frysvara,Fibrer,Potatisprodukter potatisrätter,4.8,g
6909,Pommes frites klyftpotatis tillagad frysvara,"Fett, totalt",Potatisprodukter potatisrätter,7.0,g
6909,Pommes frites klyftpotatis tillagad frysvara,"Järn, Fe",Potatisprodukter potatisrätter,0.7,mg
6909,Pommes frites klyftpotatis tillagad frysvara,Energi (kJ),Potatisprodukter potatisrätter,818.0,kJ
6909,Pommes frites klyftpotatis tillagad frysvara,Energi (kcal),Potatisprodukter potatisrätter,196.0,kcal
6909,Pommes frites klyftpotatis tillagad frysvara,Disackarider,Potatisprodukter potatisrätter,0.2,g
6909,Pommes frites klyftpotatis tillagad frysvara,"Kalcium, Ca",Potatisprodukter potatisrätter,12.0,mg
6909,Pommes frites klyftpotatis tillagad frysvara,Fettsyra 4:0-10:0,Potatisprodukter potatisrätter,0.0,g
6909,Pommes frites klyftpotatis tillagad frysvara,DHA (C22:6),Potatisprodukter potatisrätter,0.0,g
6909,Pommes frites klyftpotatis tillagad frysvara,DPA (C22:5),Potatisprodukter potatisrätter,0.0,g
6909,Pommes frites klyftpotatis tillagad frysvara,EPA (C20:5),Potatisprodukter potatisrätter,0.0,g
6909,Pommes frites klyftpotatis tillagad frysvara,Arakidonsyra C20:4,Potatisprodukter potatisrätter,0.0,g
6909,Pommes frites klyftpotatis tillagad frysvara,Arakidinsyra C20:0,Potatisprodukter potatisrätter,0.0,g
6909,Pommes frites klyftpotatis tillagad frysvara,Linolensyra C18:3,Potatisprodukter potatisrätter,0.3,g
6909,Pommes frites klyftpotatis tillagad frysvara,Linolsyra C18:2,Potatisprodukter potatisrätter,0.9,g
6909,Pommes frites klyftpotatis tillagad frysvara,Oljesyra C18:1,Potatisprodukter potatisrätter,5.0,g
6909,Pommes frites klyftpotatis tillagad frysvara,Stearinsyra C18:0,Potatisprodukter potatisrätter,0.1,g
6909,Pommes frites klyftpotatis tillagad frysvara,Palmitoljesyra C16:1,Potatisprodukter potatisrätter,0.0,g
6909,Pommes frites klyftpotatis tillagad frysvara,Palmitinsyra C16:0,Potatisprodukter potatisrätter,0.3,g
6909,Pommes frites klyftpotatis tillagad frysvara,Myristinsyra C14:0,Potatisprodukter potatisrätter,0.0,g
6909,Pommes frites klyftpotatis tillagad frysvara,Laurinsyra C12:0,Potatisprodukter potatisrätter,0.0,g
6909,Pommes frites klyftpotatis tillagad frysvara,Betakaroten/β-Karoten,Potatisprodukter potatisrätter,0.0,µg
6909,Pommes frites klyftpotatis tillagad frysvara,Avfall (skal etc.),Potatisprodukter potatisrätter,0.0,%
6909,Pommes frites klyftpotatis tillagad frysvara,Aska,Potatisprodukter potatisrätter,1.1,g
6909,Pommes frites klyftpotatis tillagad frysvara,Alkohol,Potatisprodukter potatisrätter,0.0,g
6910,Sojaprotein kebab stekt frysvara typ Oumph®,"Zink, Zn",Vegetabiliskt protein produkter och rätter,1.1,mg
6910,Sojaprotein kebab stekt frysvara typ Oumph®,Vitamin E,Vegetabiliskt protein produkter och rätter,0.0,mg
6910,Sojaprotein kebab stekt frysvara typ Oumph®,Vitamin D inkl 25-OH-D3,Vegetabiliskt protein produkter och rätter,0.0,µg
6910,Sojaprotein kebab stekt frysvara typ Oumph®,Vitamin D,Vegetabiliskt protein produkter och rätter,0.0,µg
6910,Sojaprotein kebab stekt frysvara typ Oumph®,Vitamin C,Vegetabiliskt protein produkter och rätter,0.0,mg
6910,Sojaprotein kebab stekt frysvara typ Oumph®,Vitamin B6,Vegetabiliskt protein produkter och rätter,0.0,mg
6910,Sojaprotein kebab stekt frysvara typ Oumph®,Vitamin B12,Vegetabiliskt protein produkter och rätter,0.0,µg
6910,Sojaprotein kebab stekt frysvara typ Oumph®,Vitamin A,Vegetabiliskt protein produkter och rätter,0.0,RE/µg
6910,Sojaprotein kebab stekt frysvara typ Oumph®,Vatten,Vegetabiliskt protein produkter och rätter,72.6,g
6910,Sojaprotein kebab stekt frysvara typ Oumph®,Tiamin,Vegetabiliskt protein produkter och rätter,0.02,mg
6910,Sojaprotein kebab stekt frysvara typ Oumph®,Tillsatt socker,Vegetabiliskt protein produkter och rätter,0.0,g
6910,Sojaprotein kebab stekt frysvara typ Oumph®,Fritt socker,Vegetabiliskt protein produkter och rätter,0.0,g
6910,Sojaprotein kebab stekt frysvara typ Oumph®,"Selen, Se",Vegetabiliskt protein produkter och rätter,8.5,µg
6910,Sojaprotein kebab stekt frysvara typ Oumph®,Sackaros,Vegetabiliskt protein produkter och rätter,0.0,g
6910,Sojaprotein kebab stekt frysvara typ Oumph®,Riboflavin,Vegetabiliskt protein produkter och rätter,0.0,mg
6910,Sojaprotein kebab stekt frysvara typ Oumph®,Retinol,Vegetabiliskt protein produkter och rätter,0.0,µg
6910,Sojaprotein kebab stekt frysvara typ Oumph®,Protein,Vegetabiliskt protein produkter och rätter,19.8,g
6910,Sojaprotein kebab stekt frysvara typ Oumph®,Summa fleromättade fettsyror,Vegetabiliskt protein produkter och rätter,0.2,g
6910,Sojaprotein kebab stekt frysvara typ Oumph®,"Fosfor, P",Vegetabiliskt protein produkter och rätter,245.0,mg
6910,Sojaprotein kebab stekt frysvara typ Oumph®,Niacinekvivalenter,Vegetabiliskt protein produkter och rätter,3.3,NE/mg
6910,Sojaprotein kebab stekt frysvara typ Oumph®,Niacin,Vegetabiliskt protein produkter och rätter,0.0,mg
6910,Sojaprotein kebab stekt frysvara typ Oumph®,"Salt, NaCl",Vegetabiliskt protein produkter och rätter,0.6,g
6910,Sojaprotein kebab stekt frysvara typ Oumph®,"Natrium, Na",Vegetabiliskt protein produkter och rätter,266.0,mg
6910,Sojaprotein kebab stekt frysvara typ Oumph®,Monosackarider,Vegetabiliskt protein produkter och rätter,0.0,g
6910,Sojaprotein kebab stekt frysvara typ Oumph®,"Sockerarter, totalt",Vegetabiliskt protein produkter och rätter,0.0,g
6910,Sojaprotein kebab stekt frysvara typ Oumph®,Summa enkelomättade fettsyror,Vegetabiliskt protein produkter och rätter,0.1,g
6910,Sojaprotein kebab stekt frysvara typ Oumph®,"Magnesium, Mg",Vegetabiliskt protein produkter och rätter,92.0,mg
6910,Sojaprotein kebab stekt frysvara typ Oumph®,Summa mättade fettsyror,Vegetabiliskt protein produkter och rätter,0.1,g
6910,Sojaprotein kebab stekt frysvara typ Oumph®,"Kolhydrater, tillgängliga",Vegetabiliskt protein produkter och rätter,0.0,g
6910,Sojaprotein kebab stekt frysvara typ Oumph®,Kolesterol,Vegetabiliskt protein produkter och rätter,0.0,mg
6910,Sojaprotein kebab stekt frysvara typ Oumph®,"Kalium, K",Vegetabiliskt protein produkter och rätter,351.0,mg
6910,Sojaprotein kebab stekt frysvara typ Oumph®,"Jod, I",Vegetabiliskt protein produkter och rätter,0.0,µg
6910,Sojaprotein kebab stekt frysvara typ Oumph®,Fullkorn totalt,Vegetabiliskt protein produkter och rätter,0.0,g
6910,Sojaprotein kebab stekt frysvara typ Oumph®,"Folat, totalt",Vegetabiliskt protein produkter och rätter,70.0,µg
6910,Sojaprotein kebab stekt frysvara typ Oumph®,Fibrer,Vegetabiliskt protein produkter och rätter,6.3,g
6910,Sojaprotein kebab stekt frysvara typ Oumph®,"Fett, totalt",Vegetabiliskt protein produkter och rätter,0.5,g
6910,Sojaprotein kebab stekt frysvara typ Oumph®,"Järn, Fe",Vegetabiliskt protein produkter och rätter,4.5,mg
6910,Sojaprotein kebab stekt frysvara typ Oumph®,Energi (kJ),Vegetabiliskt protein produkter och rätter,405.0,kJ
6910,Sojaprotein kebab stekt frysvara typ Oumph®,Energi (kcal),Vegetabiliskt protein produkter och rätter,97.0,kcal
6910,Sojaprotein kebab stekt frysvara typ Oumph®,Disackarider,Vegetabiliskt protein produkter och rätter,0.0,g
6910,Sojaprotein kebab stekt frysvara typ Oumph®,"Kalcium, Ca",Vegetabiliskt protein produkter och rätter,138.0,mg
6910,Sojaprotein kebab stekt frysvara typ Oumph®,Fettsyra 4:0-10:0,Vegetabiliskt protein produkter och rätter,0.0,g
6910,Sojaprotein kebab stekt frysvara typ Oumph®,DHA (C22:6),Vegetabiliskt protein produkter och rätter,0.0,g
6910,Sojaprotein kebab stekt frysvara typ Oumph®,DPA (C22:5),Vegetabiliskt protein produkter och rätter,0.0,g
6910,Sojaprotein kebab stekt frysvara typ Oumph®,EPA (C20:5),Vegetabiliskt protein produkter och rätter,0.0,g
6910,Sojaprotein kebab stekt frysvara typ Oumph®,Arakidonsyra C20:4,Vegetabiliskt protein produkter och rätter,0.0,g
6910,Sojaprotein kebab stekt frysvara typ Oumph®,Arakidinsyra C20:0,Vegetabiliskt protein produkter och rätter,0.0,g
6910,Sojaprotein kebab stekt frysvara typ Oumph®,Linolensyra C18:3,Vegetabiliskt protein produkter och rätter,0.0,g
6910,Sojaprotein kebab stekt frysvara typ Oumph®,Linolsyra C18:2,Vegetabiliskt protein produkter och rätter,0.2,g
6910,Sojaprotein kebab stekt frysvara typ Oumph®,Oljesyra C18:1,Vegetabiliskt protein produkter och rätter,0.1,g
6910,Sojaprotein kebab stekt frysvara typ Oumph®,Stearinsyra C18:0,Vegetabiliskt protein produkter och rätter,0.0,g
6910,Sojaprotein kebab stekt frysvara typ Oumph®,Palmitoljesyra C16:1,Vegetabiliskt protein produkter och rätter,0.0,g
6910,Sojaprotein kebab stekt frysvara typ Oumph®,Palmitinsyra C16:0,Vegetabiliskt protein produkter och rätter,0.1,g
6910,Sojaprotein kebab stekt frysvara typ Oumph®,Myristinsyra C14:0,Vegetabiliskt protein produkter och rätter,0.0,g
6910,Sojaprotein kebab stekt frysvara typ Oumph®,Laurinsyra C12:0,Vegetabiliskt protein produkter och rätter,0.0,g
6910,Sojaprotein kebab stekt frysvara typ Oumph®,Betakaroten/β-Karoten,Vegetabiliskt protein produkter och rätter,0.0,µg
6910,Sojaprotein kebab stekt frysvara typ Oumph®,Avfall (skal etc.),Vegetabiliskt protein produkter och rätter,0.0,%
6910,Sojaprotein kebab stekt frysvara typ Oumph®,Aska,Vegetabiliskt protein produkter och rätter,2.1,g
6910,Sojaprotein kebab stekt frysvara typ Oumph®,Alkohol,Vegetabiliskt protein produkter och rätter,0.0,g
6912,Sojaprotein pulled sojaprotein stekt frysvara typ Oumph®,"Zink, Zn",Vegetabiliskt protein produkter och rätter,1.1,mg
6912,Sojaprotein pulled sojaprotein stekt frysvara typ Oumph®,Vitamin E,Vegetabiliskt protein produkter och rätter,0.0,mg
6912,Sojaprotein pulled sojaprotein stekt frysvara typ Oumph®,Vitamin D inkl 25-OH-D3,Vegetabiliskt protein produkter och rätter,0.0,µg
6912,Sojaprotein pulled sojaprotein stekt frysvara typ Oumph®,Vitamin D,Vegetabiliskt protein produkter och rätter,0.0,µg
6912,Sojaprotein pulled sojaprotein stekt frysvara typ Oumph®,Vitamin C,Vegetabiliskt protein produkter och rätter,0.0,mg
6912,Sojaprotein pulled sojaprotein stekt frysvara typ Oumph®,Vitamin B6,Vegetabiliskt protein produkter och rätter,0.0,mg
6912,Sojaprotein pulled sojaprotein stekt frysvara typ Oumph®,Vitamin B12,Vegetabiliskt protein produkter och rätter,0.0,µg
6912,Sojaprotein pulled sojaprotein stekt frysvara typ Oumph®,Vitamin A,Vegetabiliskt protein produkter och rätter,0.0,RE/µg
6912,Sojaprotein pulled sojaprotein stekt frysvara typ Oumph®,Vatten,Vegetabiliskt protein produkter och rätter,72.6,g
6912,Sojaprotein pulled sojaprotein stekt frysvara typ Oumph®,Tiamin,Vegetabiliskt protein produkter och rätter,0.02,mg
6912,Sojaprotein pulled sojaprotein stekt frysvara typ Oumph®,Tillsatt socker,Vegetabiliskt protein produkter och rätter,0.0,g
6912,Sojaprotein pulled sojaprotein stekt frysvara typ Oumph®,Fritt socker,Vegetabiliskt protein produkter och rätter,0.0,g
6912,Sojaprotein pulled sojaprotein stekt frysvara typ Oumph®,"Selen, Se",Vegetabiliskt protein produkter och rätter,8.5,µg
6912,Sojaprotein pulled sojaprotein stekt frysvara typ Oumph®,Sackaros,Vegetabiliskt protein produkter och rätter,0.0,g
6912,Sojaprotein pulled sojaprotein stekt frysvara typ Oumph®,Riboflavin,Vegetabiliskt protein produkter och rätter,0.0,mg
6912,Sojaprotein pulled sojaprotein stekt frysvara typ Oumph®,Retinol,Vegetabiliskt protein produkter och rätter,0.0,µg
6912,Sojaprotein pulled sojaprotein stekt frysvara typ Oumph®,Protein,Vegetabiliskt protein produkter och rätter,19.8,g
6912,Sojaprotein pulled sojaprotein stekt frysvara typ Oumph®,Summa fleromättade fettsyror,Vegetabiliskt protein produkter och rätter,0.2,g
6912,Sojaprotein pulled sojaprotein stekt frysvara typ Oumph®,"Fosfor, P",Vegetabiliskt protein produkter och rätter,245.0,mg
6912,Sojaprotein pulled sojaprotein stekt frysvara typ Oumph®,Niacinekvivalenter,Vegetabiliskt protein produkter och rätter,3.3,NE/mg
6912,Sojaprotein pulled sojaprotein stekt frysvara typ Oumph®,Niacin,Vegetabiliskt protein produkter och rätter,0.0,mg
6912,Sojaprotein pulled sojaprotein stekt frysvara typ Oumph®,"Salt, NaCl",Vegetabiliskt protein produkter och rätter,0.6,g
6912,Sojaprotein pulled sojaprotein stekt frysvara typ Oumph®,"Natrium, Na",Vegetabiliskt protein produkter och rätter,266.0,mg
6912,Sojaprotein pulled sojaprotein stekt frysvara typ Oumph®,Monosackarider,Vegetabiliskt protein produkter och rätter,0.0,g
6912,Sojaprotein pulled sojaprotein stekt frysvara typ Oumph®,"Sockerarter, totalt",Vegetabiliskt protein produkter och rätter,0.0,g
6912,Sojaprotein pulled sojaprotein stekt frysvara typ Oumph®,Summa enkelomättade fettsyror,Vegetabiliskt protein produkter och rätter,0.1,g
6912,Sojaprotein pulled sojaprotein stekt frysvara typ Oumph®,"Magnesium, Mg",Vegetabiliskt protein produkter och rätter,92.0,mg
6912,Sojaprotein pulled sojaprotein stekt frysvara typ Oumph®,Summa mättade fettsyror,Vegetabiliskt protein produkter och rätter,0.1,g
6912,Sojaprotein pulled sojaprotein stekt frysvara typ Oumph®,"Kolhydrater, tillgängliga",Vegetabiliskt protein produkter och rätter,0.0,g
6912,Sojaprotein pulled sojaprotein stekt frysvara typ Oumph®,Kolesterol,Vegetabiliskt protein produkter och rätter,0.0,mg
6912,Sojaprotein pulled sojaprotein stekt frysvara typ Oumph®,"Kalium, K",Vegetabiliskt protein produkter och rätter,351.0,mg
6912,Sojaprotein pulled sojaprotein stekt frysvara typ Oumph®,"Jod, I",Vegetabiliskt protein produkter och rätter,0.0,µg
6912,Sojaprotein pulled sojaprotein stekt frysvara typ Oumph®,Fullkorn totalt,Vegetabiliskt protein produkter och rätter,0.0,g
6912,Sojaprotein pulled sojaprotein stekt frysvara typ Oumph®,"Folat, totalt",Vegetabiliskt protein produkter och rätter,70.0,µg
6912,Sojaprotein pulled sojaprotein stekt frysvara typ Oumph®,Fibrer,Vegetabiliskt protein produkter och rätter,6.3,g
6912,Sojaprotein pulled sojaprotein stekt frysvara typ Oumph®,"Fett, totalt",Vegetabiliskt protein produkter och rätter,0.5,g
6912,Sojaprotein pulled sojaprotein stekt frysvara typ Oumph®,"Järn, Fe",Vegetabiliskt protein produkter och rätter,4.5,mg
6912,Sojaprotein pulled sojaprotein stekt frysvara typ Oumph®,Energi (kJ),Vegetabiliskt protein produkter och rätter,405.0,kJ
6912,Sojaprotein pulled sojaprotein stekt frysvara typ Oumph®,Energi (kcal),Vegetabiliskt protein produkter och rätter,97.0,kcal
6912,Sojaprotein pulled sojaprotein stekt frysvara typ Oumph®,Disackarider,Vegetabiliskt protein produkter och rätter,0.0,g
6912,Sojaprotein pulled sojaprotein stekt frysvara typ Oumph®,"Kalcium, Ca",Vegetabiliskt protein produkter och rätter,138.0,mg
6912,Sojaprotein pulled sojaprotein stekt frysvara typ Oumph®,Fettsyra 4:0-10:0,Vegetabiliskt protein produkter och rätter,0.0,g
6912,Sojaprotein pulled sojaprotein stekt frysvara typ Oumph®,DHA (C22:6),Vegetabiliskt protein produkter och rätter,0.0,g
6912,Sojaprotein pulled sojaprotein stekt frysvara typ Oumph®,DPA (C22:5),Vegetabiliskt protein produkter och rätter,0.0,g
6912,Sojaprotein pulled sojaprotein stekt frysvara typ Oumph®,EPA (C20:5),Vegetabiliskt protein produkter och rätter,0.0,g
6912,Sojaprotein pulled sojaprotein stekt frysvara typ Oumph®,Arakidonsyra C20:4,Vegetabiliskt protein produkter och rätter,0.0,g
6912,Sojaprotein pulled sojaprotein stekt frysvara typ Oumph®,Arakidinsyra C20:0,Vegetabiliskt protein produkter och rätter,0.0,g
6912,Sojaprotein pulled sojaprotein stekt frysvara typ Oumph®,Linolensyra C18:3,Vegetabiliskt protein produkter och rätter,0.0,g
6912,Sojaprotein pulled sojaprotein stekt frysvara typ Oumph®,Linolsyra C18:2,Vegetabiliskt protein produkter och rätter,0.2,g
6912,Sojaprotein pulled sojaprotein stekt frysvara typ Oumph®,Oljesyra C18:1,Vegetabiliskt protein produkter och rätter,0.1,g
6912,Sojaprotein pulled sojaprotein stekt frysvara typ Oumph®,Stearinsyra C18:0,Vegetabiliskt protein produkter och rätter,0.0,g
6912,Sojaprotein pulled sojaprotein stekt frysvara typ Oumph®,Palmitoljesyra C16:1,Vegetabiliskt protein produkter och rätter,0.0,g
6912,Sojaprotein pulled sojaprotein stekt frysvara typ Oumph®,Palmitinsyra C16:0,Vegetabiliskt protein produkter och rätter,0.1,g
6912,Sojaprotein pulled sojaprotein stekt frysvara typ Oumph®,Myristinsyra C14:0,Vegetabiliskt protein produkter och rätter,0.0,g
6912,Sojaprotein pulled sojaprotein stekt frysvara typ Oumph®,Laurinsyra C12:0,Vegetabiliskt protein produkter och rätter,0.0,g
6912,Sojaprotein pulled sojaprotein stekt frysvara typ Oumph®,Betakaroten/β-Karoten,Vegetabiliskt protein produkter och rätter,0.0,µg
6912,Sojaprotein pulled sojaprotein stekt frysvara typ Oumph®,Avfall (skal etc.),Vegetabiliskt protein produkter och rätter,0.0,%
6912,Sojaprotein pulled sojaprotein stekt frysvara typ Oumph®,Aska,Vegetabiliskt protein produkter och rätter,2.1,g
6912,Sojaprotein pulled sojaprotein stekt frysvara typ Oumph®,Alkohol,Vegetabiliskt protein produkter och rätter,0.0,g
6913,Sojaprotein bitar m. timjan vitlök stekta frysvara typ Oumph®,"Zink, Zn",Vegetabiliskt protein produkter och rätter,1.1,mg
6913,Sojaprotein bitar m. timjan vitlök stekta frysvara typ Oumph®,Vitamin E,Vegetabiliskt protein produkter och rätter,0.0,mg
6913,Sojaprotein bitar m. timjan vitlök stekta frysvara typ Oumph®,Vitamin D inkl 25-OH-D3,Vegetabiliskt protein produkter och rätter,0.0,µg
6913,Sojaprotein bitar m. timjan vitlök stekta frysvara typ Oumph®,Vitamin D,Vegetabiliskt protein produkter och rätter,0.0,µg
6913,Sojaprotein bitar m. timjan vitlök stekta frysvara typ Oumph®,Vitamin C,Vegetabiliskt protein produkter och rätter,0.0,mg
6913,Sojaprotein bitar m. timjan vitlök stekta frysvara typ Oumph®,Vitamin B6,Vegetabiliskt protein produkter och rätter,0.0,mg
6913,Sojaprotein bitar m. timjan vitlök stekta frysvara typ Oumph®,Vitamin B12,Vegetabiliskt protein produkter och rätter,0.0,µg
6913,Sojaprotein bitar m. timjan vitlök stekta frysvara typ Oumph®,Vitamin A,Vegetabiliskt protein produkter och rätter,0.0,RE/µg
6913,Sojaprotein bitar m. timjan vitlök stekta frysvara typ Oumph®,Vatten,Vegetabiliskt protein produkter och rätter,72.6,g
6913,Sojaprotein bitar m. timjan vitlök stekta frysvara typ Oumph®,Tiamin,Vegetabiliskt protein produkter och rätter,0.02,mg
6913,Sojaprotein bitar m. timjan vitlök stekta frysvara typ Oumph®,Tillsatt socker,Vegetabiliskt protein produkter och rätter,0.0,g
6913,Sojaprotein bitar m. timjan vitlök stekta frysvara typ Oumph®,Fritt socker,Vegetabiliskt protein produkter och rätter,0.0,g
6913,Sojaprotein bitar m. timjan vitlök stekta frysvara typ Oumph®,"Selen, Se",Vegetabiliskt protein produkter och rätter,8.5,µg
6913,Sojaprotein bitar m. timjan vitlök stekta frysvara typ Oumph®,Sackaros,Vegetabiliskt protein produkter och rätter,0.0,g
6913,Sojaprotein bitar m. timjan vitlök stekta frysvara typ Oumph®,Riboflavin,Vegetabiliskt protein produkter och rätter,0.0,mg
6913,Sojaprotein bitar m. timjan vitlök stekta frysvara typ Oumph®,Retinol,Vegetabiliskt protein produkter och rätter,0.0,µg
6913,Sojaprotein bitar m. timjan vitlök stekta frysvara typ Oumph®,Protein,Vegetabiliskt protein produkter och rätter,19.8,g
6913,Sojaprotein bitar m. timjan vitlök stekta frysvara typ Oumph®,Summa fleromättade fettsyror,Vegetabiliskt protein produkter och rätter,0.2,g
6913,Sojaprotein bitar m. timjan vitlök stekta frysvara typ Oumph®,"Fosfor, P",Vegetabiliskt protein produkter och rätter,245.0,mg
6913,Sojaprotein bitar m. timjan vitlök stekta frysvara typ Oumph®,Niacinekvivalenter,Vegetabiliskt protein produkter och rätter,3.3,NE/mg
6913,Sojaprotein bitar m. timjan vitlök stekta frysvara typ Oumph®,Niacin,Vegetabiliskt protein produkter och rätter,0.0,mg
6913,Sojaprotein bitar m. timjan vitlök stekta frysvara typ Oumph®,"Salt, NaCl",Vegetabiliskt protein produkter och rätter,0.6,g
6913,Sojaprotein bitar m. timjan vitlök stekta frysvara typ Oumph®,"Natrium, Na",Vegetabiliskt protein produkter och rätter,266.0,mg
6913,Sojaprotein bitar m. timjan vitlök stekta frysvara typ Oumph®,Monosackarider,Vegetabiliskt protein produkter och rätter,0.0,g
6913,Sojaprotein bitar m. timjan vitlök stekta frysvara typ Oumph®,"Sockerarter, totalt",Vegetabiliskt protein produkter och rätter,0.0,g
6913,Sojaprotein bitar m. timjan vitlök stekta frysvara typ Oumph®,Summa enkelomättade fettsyror,Vegetabiliskt protein produkter och rätter,0.1,g
6913,Sojaprotein bitar m. timjan vitlök stekta frysvara typ Oumph®,"Magnesium, Mg",Vegetabiliskt protein produkter och rätter,92.0,mg
6913,Sojaprotein bitar m. timjan vitlök stekta frysvara typ Oumph®,Summa mättade fettsyror,Vegetabiliskt protein produkter och rätter,0.1,g
6913,Sojaprotein bitar m. timjan vitlök stekta frysvara typ Oumph®,"Kolhydrater, tillgängliga",Vegetabiliskt protein produkter och rätter,0.0,g
6913,Sojaprotein bitar m. timjan vitlök stekta frysvara typ Oumph®,Kolesterol,Vegetabiliskt protein produkter och rätter,0.0,mg
6913,Sojaprotein bitar m. timjan vitlök stekta frysvara typ Oumph®,"Kalium, K",Vegetabiliskt protein produkter och rätter,351.0,mg
6913,Sojaprotein bitar m. timjan vitlök stekta frysvara typ Oumph®,"Jod, I",Vegetabiliskt protein produkter och rätter,0.0,µg
6913,Sojaprotein bitar m. timjan vitlök stekta frysvara typ Oumph®,Fullkorn totalt,Vegetabiliskt protein produkter och rätter,0.0,g
6913,Sojaprotein bitar m. timjan vitlök stekta frysvara typ Oumph®,"Folat, totalt",Vegetabiliskt protein produkter och rätter,70.0,µg
6913,Sojaprotein bitar m. timjan vitlök stekta frysvara typ Oumph®,Fibrer,Vegetabiliskt protein produkter och rätter,6.3,g
6913,Sojaprotein bitar m. timjan vitlök stekta frysvara typ Oumph®,"Fett, totalt",Vegetabiliskt protein produkter och rätter,0.5,g
6913,Sojaprotein bitar m. timjan vitlök stekta frysvara typ Oumph®,"Järn, Fe",Vegetabiliskt protein produkter och rätter,4.5,mg
6913,Sojaprotein bitar m. timjan vitlök stekta frysvara typ Oumph®,Energi (kJ),Vegetabiliskt protein produkter och rätter,405.0,kJ
6913,Sojaprotein bitar m. timjan vitlök stekta frysvara typ Oumph®,Energi (kcal),Vegetabiliskt protein produkter och rätter,97.0,kcal
6913,Sojaprotein bitar m. timjan vitlök stekta frysvara typ Oumph®,Disackarider,Vegetabiliskt protein produkter och rätter,0.0,g
6913,Sojaprotein bitar m. timjan vitlök stekta frysvara typ Oumph®,"Kalcium, Ca",Vegetabiliskt protein produkter och rätter,138.0,mg
6913,Sojaprotein bitar m. timjan vitlök stekta frysvara typ Oumph®,Fettsyra 4:0-10:0,Vegetabiliskt protein produkter och rätter,0.0,g
6913,Sojaprotein bitar m. timjan vitlök stekta frysvara typ Oumph®,DHA (C22:6),Vegetabiliskt protein produkter och rätter,0.0,g
6913,Sojaprotein bitar m. timjan vitlök stekta frysvara typ Oumph®,DPA (C22:5),Vegetabiliskt protein produkter och rätter,0.0,g
6913,Sojaprotein bitar m. timjan vitlök stekta frysvara typ Oumph®,EPA (C20:5),Vegetabiliskt protein produkter och rätter,0.0,g
6913,Sojaprotein bitar m. timjan vitlök stekta frysvara typ Oumph®,Arakidonsyra C20:4,Vegetabiliskt protein produkter och rätter,0.0,g
6913,Sojaprotein bitar m. timjan vitlök stekta frysvara typ Oumph®,Arakidinsyra C20:0,Vegetabiliskt protein produkter och rätter,0.0,g
6913,Sojaprotein bitar m. timjan vitlök stekta frysvara typ Oumph®,Linolensyra C18:3,Vegetabiliskt protein produkter och rätter,0.0,g
6913,Sojaprotein bitar m. timjan vitlök stekta frysvara typ Oumph®,Linolsyra C18:2,Vegetabiliskt protein produkter och rätter,0.2,g
6913,Sojaprotein bitar m. timjan vitlök stekta frysvara typ Oumph®,Oljesyra C18:1,Vegetabiliskt protein produkter och rätter,0.1,g
6913,Sojaprotein bitar m. timjan vitlök stekta frysvara typ Oumph®,Stearinsyra C18:0,Vegetabiliskt protein produkter och rätter,0.0,g
6913,Sojaprotein bitar m. timjan vitlök stekta frysvara typ Oumph®,Palmitoljesyra C16:1,Vegetabiliskt protein produkter och rätter,0.0,g
6913,Sojaprotein bitar m. timjan vitlök stekta frysvara typ Oumph®,Palmitinsyra C16:0,Vegetabiliskt protein produkter och rätter,0.1,g
6913,Sojaprotein bitar m. timjan vitlök stekta frysvara typ Oumph®,Myristinsyra C14:0,Vegetabiliskt protein produkter och rätter,0.0,g
6913,Sojaprotein bitar m. timjan vitlök stekta frysvara typ Oumph®,Laurinsyra C12:0,Vegetabiliskt protein produkter och rätter,0.0,g
6913,Sojaprotein bitar m. timjan vitlök stekta frysvara typ Oumph®,Betakaroten/β-Karoten,Vegetabiliskt protein produkter och rätter,0.0,µg
6913,Sojaprotein bitar m. timjan vitlök stekta frysvara typ Oumph®,Avfall (skal etc.),Vegetabiliskt protein produkter och rätter,0.0,%
6913,Sojaprotein bitar m. timjan vitlök stekta frysvara typ Oumph®,Aska,Vegetabiliskt protein produkter och rätter,2.1,g
6913,Sojaprotein bitar m. timjan vitlök stekta frysvara typ Oumph®,Alkohol,Vegetabiliskt protein produkter och rätter,0.0,g
6914,Pommes frites klyftpotatis friterad frysvara,"Zink, Zn",Potatisprodukter potatisrätter,0.3,mg
6914,Pommes frites klyftpotatis friterad frysvara,Vitamin E,Potatisprodukter potatisrätter,3.3,mg
6914,Pommes frites klyftpotatis friterad frysvara,Vitamin D inkl 25-OH-D3,Potatisprodukter potatisrätter,0.0,µg
6914,Pommes frites klyftpotatis friterad frysvara,Vitamin D,Potatisprodukter potatisrätter,0.0,µg
6914,Pommes frites klyftpotatis friterad frysvara,Vitamin C,Potatisprodukter potatisrätter,2.1,mg
6914,Pommes frites klyftpotatis friterad frysvara,Vitamin B6,Potatisprodukter potatisrätter,0.26,mg
6914,Pommes frites klyftpotatis friterad frysvara,Vitamin B12,Potatisprodukter potatisrätter,0.0,µg
6914,Pommes frites klyftpotatis friterad frysvara,Vitamin A,Potatisprodukter potatisrätter,0.0,RE/µg
6914,Pommes frites klyftpotatis friterad frysvara,Vatten,Potatisprodukter potatisrätter,52.5,g
6914,Pommes frites klyftpotatis friterad frysvara,Tiamin,Potatisprodukter potatisrätter,0.09,mg
6914,Pommes frites klyftpotatis friterad frysvara,Tillsatt socker,Potatisprodukter potatisrätter,0.0,g
6914,Pommes frites klyftpotatis friterad frysvara,Fritt socker,Potatisprodukter potatisrätter,0.0,g
6914,Pommes frites klyftpotatis friterad frysvara,"Selen, Se",Potatisprodukter potatisrätter,0.3,µg
6914,Pommes frites klyftpotatis friterad frysvara,Sackaros,Potatisprodukter potatisrätter,0.2,g
6914,Pommes frites klyftpotatis friterad frysvara,Riboflavin,Potatisprodukter potatisrätter,0.0,mg
6914,Pommes frites klyftpotatis friterad frysvara,Retinol,Potatisprodukter potatisrätter,0.0,µg
6914,Pommes frites klyftpotatis friterad frysvara,Protein,Potatisprodukter potatisrätter,2.8,g
6914,Pommes frites klyftpotatis friterad frysvara,Summa fleromättade fettsyror,Potatisprodukter potatisrätter,3.0,g
6914,Pommes frites klyftpotatis friterad frysvara,"Fosfor, P",Potatisprodukter potatisrätter,80.0,mg
6914,Pommes frites klyftpotatis friterad frysvara,Niacinekvivalenter,Potatisprodukter potatisrätter,1.5,NE/mg
6914,Pommes frites klyftpotatis friterad frysvara,Niacin,Potatisprodukter potatisrätter,1.07,mg
6914,Pommes frites klyftpotatis friterad frysvara,"Salt, NaCl",Potatisprodukter potatisrätter,0.1,g
6914,Pommes frites klyftpotatis friterad frysvara,"Natrium, Na",Potatisprodukter potatisrätter,30.0,mg
6914,Pommes frites klyftpotatis friterad frysvara,Monosackarider,Potatisprodukter potatisrätter,0.2,g
6914,Pommes frites klyftpotatis friterad frysvara,"Sockerarter, totalt",Potatisprodukter potatisrätter,0.5,g
6914,Pommes frites klyftpotatis friterad frysvara,Summa enkelomättade fettsyror,Potatisprodukter potatisrätter,8.8,g
6914,Pommes frites klyftpotatis friterad frysvara,"Magnesium, Mg",Potatisprodukter potatisrätter,22.0,mg
6914,Pommes frites klyftpotatis friterad frysvara,Summa mättade fettsyror,Potatisprodukter potatisrätter,1.1,g
6914,Pommes frites klyftpotatis friterad frysvara,"Kolhydrater, tillgängliga",Potatisprodukter potatisrätter,25.8,g
6914,Pommes frites klyftpotatis friterad frysvara,Kolesterol,Potatisprodukter potatisrätter,0.0,mg
6914,Pommes frites klyftpotatis friterad frysvara,"Kalium, K",Potatisprodukter potatisrätter,439.0,mg
6914,Pommes frites klyftpotatis friterad frysvara,"Jod, I",Potatisprodukter potatisrätter,0.0,µg
6914,Pommes frites klyftpotatis friterad frysvara,Fullkorn totalt,Potatisprodukter potatisrätter,0.0,g
6914,Pommes frites klyftpotatis friterad frysvara,"Folat, totalt",Potatisprodukter potatisrätter,16.5,µg
6914,Pommes frites klyftpotatis friterad frysvara,Fibrer,Potatisprodukter potatisrätter,4.5,g
6914,Pommes frites klyftpotatis friterad frysvara,"Fett, totalt",Potatisprodukter potatisrätter,13.4,g
6914,Pommes frites klyftpotatis friterad frysvara,"Järn, Fe",Potatisprodukter potatisrätter,0.6,mg
6914,Pommes frites klyftpotatis friterad frysvara,Energi (kJ),Potatisprodukter potatisrätter,1018.0,kJ
6914,Pommes frites klyftpotatis friterad frysvara,Energi (kcal),Potatisprodukter potatisrätter,244.0,kcal
6914,Pommes frites klyftpotatis friterad frysvara,Disackarider,Potatisprodukter potatisrätter,0.2,g
6914,Pommes frites klyftpotatis friterad frysvara,"Kalcium, Ca",Potatisprodukter potatisrätter,12.0,mg
6914,Pommes frites klyftpotatis friterad frysvara,Fettsyra 4:0-10:0,Potatisprodukter potatisrätter,0.0,g
6914,Pommes frites klyftpotatis friterad frysvara,DHA (C22:6),Potatisprodukter potatisrätter,0.0,g
6914,Pommes frites klyftpotatis friterad frysvara,DPA (C22:5),Potatisprodukter potatisrätter,0.0,g
6914,Pommes frites klyftpotatis friterad frysvara,EPA (C20:5),Potatisprodukter potatisrätter,0.0,g
6914,Pommes frites klyftpotatis friterad frysvara,Arakidonsyra C20:4,Potatisprodukter potatisrätter,0.0,g
6914,Pommes frites klyftpotatis friterad frysvara,Arakidinsyra C20:0,Potatisprodukter potatisrätter,0.1,g
6914,Pommes frites klyftpotatis friterad frysvara,Linolensyra C18:3,Potatisprodukter potatisrätter,0.7,g
6914,Pommes frites klyftpotatis friterad frysvara,Linolsyra C18:2,Potatisprodukter potatisrätter,2.4,g
6914,Pommes frites klyftpotatis friterad frysvara,Oljesyra C18:1,Potatisprodukter potatisrätter,8.5,g
6914,Pommes frites klyftpotatis friterad frysvara,Stearinsyra C18:0,Potatisprodukter potatisrätter,0.3,g
6914,Pommes frites klyftpotatis friterad frysvara,Palmitoljesyra C16:1,Potatisprodukter potatisrätter,0.0,g
6914,Pommes frites klyftpotatis friterad frysvara,Palmitinsyra C16:0,Potatisprodukter potatisrätter,0.7,g
6914,Pommes frites klyftpotatis friterad frysvara,Myristinsyra C14:0,Potatisprodukter potatisrätter,0.0,g
6914,Pommes frites klyftpotatis friterad frysvara,Laurinsyra C12:0,Potatisprodukter potatisrätter,0.0,g
6914,Pommes frites klyftpotatis friterad frysvara,Betakaroten/β-Karoten,Potatisprodukter potatisrätter,0.0,µg
6914,Pommes frites klyftpotatis friterad frysvara,Avfall (skal etc.),Potatisprodukter potatisrätter,0.0,%
6914,Pommes frites klyftpotatis friterad frysvara,Aska,Potatisprodukter potatisrätter,1.0,g
6914,Pommes frites klyftpotatis friterad frysvara,Alkohol,Potatisprodukter potatisrätter,0.0,g
6920,Bulgur kokt m. tomat buljong olja,"Zink, Zn",Grynrätter,0.5,mg
6920,Bulgur kokt m. tomat buljong olja,Vitamin E,Grynrätter,1.4,mg
6920,Bulgur kokt m. tomat buljong olja,Vitamin D,Grynrätter,0.0,µg
6920,Bulgur kokt m. tomat buljong olja,Vitamin C,Grynrätter,8.5,mg
6920,Bulgur kokt m. tomat buljong olja,Vitamin B6,Grynrätter,0.1,mg
6920,Bulgur kokt m. tomat buljong olja,Vitamin B12,Grynrätter,0.0,µg
6920,Bulgur kokt m. tomat buljong olja,Vitamin A,Grynrätter,19.8,RE/µg
6920,Bulgur kokt m. tomat buljong olja,Vatten,Grynrätter,71.5,g
6920,Bulgur kokt m. tomat buljong olja,Tiamin,Grynrätter,0.07,mg
6920,Bulgur kokt m. tomat buljong olja,Tillsatt socker,Grynrätter,0.0,g
6920,Bulgur kokt m. tomat buljong olja,Fritt socker,Grynrätter,0.0,g
6920,Bulgur kokt m. tomat buljong olja,"Selen, Se",Grynrätter,1.2,µg
6920,Bulgur kokt m. tomat buljong olja,Sackaros,Grynrätter,0.2,g
6920,Bulgur kokt m. tomat buljong olja,Riboflavin,Grynrätter,0.08,mg
6920,Bulgur kokt m. tomat buljong olja,Retinol,Grynrätter,4.4,µg
6920,Bulgur kokt m. tomat buljong olja,Protein,Grynrätter,3.1,g
6920,Bulgur kokt m. tomat buljong olja,Summa fleromättade fettsyror,Grynrätter,1.4,g
6920,Bulgur kokt m. tomat buljong olja,"Fosfor, P",Grynrätter,55.0,mg
6920,Bulgur kokt m. tomat buljong olja,Niacinekvivalenter,Grynrätter,1.83,NE/mg
6920,Bulgur kokt m. tomat buljong olja,Niacin,Grynrätter,1.33,mg
6920,Bulgur kokt m. tomat buljong olja,"Salt, NaCl",Grynrätter,0.8,g
6920,Bulgur kokt m. tomat buljong olja,"Natrium, Na",Grynrätter,324.0,mg
6920,Bulgur kokt m. tomat buljong olja,Monosackarider,Grynrätter,1.5,g
6920,Bulgur kokt m. tomat buljong olja,"Sockerarter, totalt",Grynrätter,1.7,g
6920,Bulgur kokt m. tomat buljong olja,Summa enkelomättade fettsyror,Grynrätter,2.6,g
6920,Bulgur kokt m. tomat buljong olja,"Magnesium, Mg",Grynrätter,21.0,mg
6920,Bulgur kokt m. tomat buljong olja,Summa mättade fettsyror,Grynrätter,0.9,g
6920,Bulgur kokt m. tomat buljong olja,"Kolhydrater, tillgängliga",Grynrätter,15.6,g
6920,Bulgur kokt m. tomat buljong olja,Kolesterol,Grynrätter,1.9,mg
6920,Bulgur kokt m. tomat buljong olja,"Kalium, K",Grynrätter,155.0,mg
6920,Bulgur kokt m. tomat buljong olja,"Jod, I",Grynrätter,10.7,µg
6920,Bulgur kokt m. tomat buljong olja,Fullkorn totalt,Grynrätter,0.0,g
6920,Bulgur kokt m. tomat buljong olja,"Folat, totalt",Grynrätter,13.8,µg
6920,Bulgur kokt m. tomat buljong olja,Fibrer,Grynrätter,3.1,g
6920,Bulgur kokt m. tomat buljong olja,"Fett, totalt",Grynrätter,5.4,g
6920,Bulgur kokt m. tomat buljong olja,"Järn, Fe",Grynrätter,0.5,mg
6920,Bulgur kokt m. tomat buljong olja,Energi (kJ),Grynrätter,542.0,kJ
6920,Bulgur kokt m. tomat buljong olja,Energi (kcal),Grynrätter,129.0,kcal
6920,Bulgur kokt m. tomat buljong olja,Disackarider,Grynrätter,0.2,g
6920,Bulgur kokt m. tomat buljong olja,"Kalcium, Ca",Grynrätter,15.0,mg
6920,Bulgur kokt m. tomat buljong olja,Fettsyra 4:0-10:0,Grynrätter,0.1,g
6920,Bulgur kokt m. tomat buljong olja,DHA (C22:6),Grynrätter,0.0,g
6920,Bulgur kokt m. tomat buljong olja,DPA (C22:5),Grynrätter,0.0,g
6920,Bulgur kokt m. tomat buljong olja,EPA (C20:5),Grynrätter,0.0,g
6920,Bulgur kokt m. tomat buljong olja,Arakidonsyra C20:4,Grynrätter,0.0,g
6920,Bulgur kokt m. tomat buljong olja,Arakidinsyra C20:0,Grynrätter,0.0,g
6920,Bulgur kokt m. tomat buljong olja,Linolensyra C18:3,Grynrätter,0.3,g
6920,Bulgur kokt m. tomat buljong olja,Linolsyra C18:2,Grynrätter,1.1,g
6920,Bulgur kokt m. tomat buljong olja,Oljesyra C18:1,Grynrätter,2.6,g
6920,Bulgur kokt m. tomat buljong olja,Stearinsyra C18:0,Grynrätter,0.2,g
6920,Bulgur kokt m. tomat buljong olja,Palmitoljesyra C16:1,Grynrätter,0.0,g
6920,Bulgur kokt m. tomat buljong olja,Palmitinsyra C16:0,Grynrätter,0.5,g
6920,Bulgur kokt m. tomat buljong olja,Myristinsyra C14:0,Grynrätter,0.1,g
6920,Bulgur kokt m. tomat buljong olja,Laurinsyra C12:0,Grynrätter,0.0,g
6920,Bulgur kokt m. tomat buljong olja,Betakaroten/β-Karoten,Grynrätter,180.0,µg
6920,Bulgur kokt m. tomat buljong olja,Avfall (skal etc.),Grynrätter,2.0,%
6920,Bulgur kokt m. tomat buljong olja,Aska,Grynrätter,1.3,g
6920,Bulgur kokt m. tomat buljong olja,Alkohol,Grynrätter,0.0,g
6924,Munk friterad m. socker typ somalisk bur saliid,"Zink, Zn",Bullar kakor tårtor mm,0.7,mg
6924,Munk friterad m. socker typ somalisk bur saliid,Vitamin E,Bullar kakor tårtor mm,3.4,mg
6924,Munk friterad m. socker typ somalisk bur saliid,Vitamin D,Bullar kakor tårtor mm,0.32,µg
6924,Munk friterad m. socker typ somalisk bur saliid,Vitamin C,Bullar kakor tårtor mm,1.4,mg
6924,Munk friterad m. socker typ somalisk bur saliid,Vitamin B6,Bullar kakor tårtor mm,0.09,mg
6924,Munk friterad m. socker typ somalisk bur saliid,Vitamin B12,Bullar kakor tårtor mm,0.13,µg
6924,Munk friterad m. socker typ somalisk bur saliid,Vitamin A,Bullar kakor tårtor mm,5.4,RE/µg
6924,Munk friterad m. socker typ somalisk bur saliid,Vatten,Bullar kakor tårtor mm,34.0,g
6924,Munk friterad m. socker typ somalisk bur saliid,Tiamin,Bullar kakor tårtor mm,0.13,mg
6924,Munk friterad m. socker typ somalisk bur saliid,Tillsatt socker,Bullar kakor tårtor mm,3.0,g
6924,Munk friterad m. socker typ somalisk bur saliid,Fritt socker,Bullar kakor tårtor mm,3.0,g
6924,Munk friterad m. socker typ somalisk bur saliid,"Selen, Se",Bullar kakor tårtor mm,5.8,µg
6924,Munk friterad m. socker typ somalisk bur saliid,Sackaros,Bullar kakor tårtor mm,3.1,g
6924,Munk friterad m. socker typ somalisk bur saliid,Riboflavin,Bullar kakor tårtor mm,0.14,mg
6924,Munk friterad m. socker typ somalisk bur saliid,Retinol,Bullar kakor tårtor mm,4.7,µg
6924,Munk friterad m. socker typ somalisk bur saliid,Protein,Bullar kakor tårtor mm,6.3,g
6924,Munk friterad m. socker typ somalisk bur saliid,Summa fleromättade fettsyror,Bullar kakor tårtor mm,3.8,g
6924,Munk friterad m. socker typ somalisk bur saliid,"Fosfor, P",Bullar kakor tårtor mm,130.0,mg
6924,Munk friterad m. socker typ somalisk bur saliid,Niacinekvivalenter,Bullar kakor tårtor mm,2.4,NE/mg
6924,Munk friterad m. socker typ somalisk bur saliid,Niacin,Bullar kakor tårtor mm,1.26,mg
6924,Munk friterad m. socker typ somalisk bur saliid,"Salt, NaCl",Bullar kakor tårtor mm,0.8,g
6924,Munk friterad m. socker typ somalisk bur saliid,"Natrium, Na",Bullar kakor tårtor mm,309.0,mg
6924,Munk friterad m. socker typ somalisk bur saliid,Monosackarider,Bullar kakor tårtor mm,0.1,g
6924,Munk friterad m. socker typ somalisk bur saliid,"Sockerarter, totalt",Bullar kakor tårtor mm,5.4,g
6924,Munk friterad m. socker typ somalisk bur saliid,Summa enkelomättade fettsyror,Bullar kakor tårtor mm,7.7,g
6924,Munk friterad m. socker typ somalisk bur saliid,"Magnesium, Mg",Bullar kakor tårtor mm,19.0,mg
6924,Munk friterad m. socker typ somalisk bur saliid,Summa mättade fettsyror,Bullar kakor tårtor mm,1.4,g
6924,Munk friterad m. socker typ somalisk bur saliid,"Kolhydrater, tillgängliga",Bullar kakor tårtor mm,42.7,g
6924,Munk friterad m. socker typ somalisk bur saliid,Kolesterol,Bullar kakor tårtor mm,2.4,mg
6924,Munk friterad m. socker typ somalisk bur saliid,"Kalium, K",Bullar kakor tårtor mm,180.0,mg
6924,Munk friterad m. socker typ somalisk bur saliid,"Jod, I",Bullar kakor tårtor mm,45.7,µg
6924,Munk friterad m. socker typ somalisk bur saliid,Fullkorn totalt,Bullar kakor tårtor mm,0.0,g
6924,Munk friterad m. socker typ somalisk bur saliid,"Folat, totalt",Bullar kakor tårtor mm,88.9,µg
6924,Munk friterad m. socker typ somalisk bur saliid,Fibrer,Bullar kakor tårtor mm,1.8,g
6924,Munk friterad m. socker typ somalisk bur saliid,"Fett, totalt",Bullar kakor tårtor mm,13.7,g
6924,Munk friterad m. socker typ somalisk bur saliid,"Järn, Fe",Bullar kakor tårtor mm,0.7,mg
6924,Munk friterad m. socker typ somalisk bur saliid,Energi (kJ),Bullar kakor tårtor mm,1356.0,kJ
6924,Munk friterad m. socker typ somalisk bur saliid,Energi (kcal),Bullar kakor tårtor mm,324.0,kcal
6924,Munk friterad m. socker typ somalisk bur saliid,Disackarider,Bullar kakor tårtor mm,5.3,g
6924,Munk friterad m. socker typ somalisk bur saliid,"Kalcium, Ca",Bullar kakor tårtor mm,53.0,mg
6924,Munk friterad m. socker typ somalisk bur saliid,Fettsyra 4:0-10:0,Bullar kakor tårtor mm,0.1,g
6924,Munk friterad m. socker typ somalisk bur saliid,DHA (C22:6),Bullar kakor tårtor mm,0.0,g
6924,Munk friterad m. socker typ somalisk bur saliid,DPA (C22:5),Bullar kakor tårtor mm,0.0,g
6924,Munk friterad m. socker typ somalisk bur saliid,EPA (C20:5),Bullar kakor tårtor mm,0.0,g
6924,Munk friterad m. socker typ somalisk bur saliid,Arakidonsyra C20:4,Bullar kakor tårtor mm,0.0,g
6924,Munk friterad m. socker typ somalisk bur saliid,Arakidinsyra C20:0,Bullar kakor tårtor mm,0.1,g
6924,Munk friterad m. socker typ somalisk bur saliid,Linolensyra C18:3,Bullar kakor tårtor mm,1.1,g
6924,Munk friterad m. socker typ somalisk bur saliid,Linolsyra C18:2,Bullar kakor tårtor mm,2.7,g
6924,Munk friterad m. socker typ somalisk bur saliid,Oljesyra C18:1,Bullar kakor tårtor mm,7.4,g
6924,Munk friterad m. socker typ somalisk bur saliid,Stearinsyra C18:0,Bullar kakor tårtor mm,0.3,g
6924,Munk friterad m. socker typ somalisk bur saliid,Palmitoljesyra C16:1,Bullar kakor tårtor mm,0.1,g
6924,Munk friterad m. socker typ somalisk bur saliid,Palmitinsyra C16:0,Bullar kakor tårtor mm,0.8,g
6924,Munk friterad m. socker typ somalisk bur saliid,Myristinsyra C14:0,Bullar kakor tårtor mm,0.1,g
6924,Munk friterad m. socker typ somalisk bur saliid,Laurinsyra C12:0,Bullar kakor tårtor mm,0.0,g
6924,Munk friterad m. socker typ somalisk bur saliid,Betakaroten/β-Karoten,Bullar kakor tårtor mm,7.0,µg
6924,Munk friterad m. socker typ somalisk bur saliid,Avfall (skal etc.),Bullar kakor tårtor mm,0.0,%
6924,Munk friterad m. socker typ somalisk bur saliid,Aska,Bullar kakor tårtor mm,1.4,g
6924,Munk friterad m. socker typ somalisk bur saliid,Alkohol,Bullar kakor tårtor mm,0.0,g
6925,Majsdessert m. socker typ somalisk xalwo,"Zink, Zn",Efterrätter,0.0,mg
6925,Majsdessert m. socker typ somalisk xalwo,Vitamin E,Efterrätter,3.3,mg
6925,Majsdessert m. socker typ somalisk xalwo,Vitamin D inkl 25-OH-D3,Efterrätter,0.06,µg
6925,Majsdessert m. socker typ somalisk xalwo,Vitamin D,Efterrätter,0.04,µg
6925,Majsdessert m. socker typ somalisk xalwo,Vitamin C,Efterrätter,0.0,mg
6925,Majsdessert m. socker typ somalisk xalwo,Vitamin B6,Efterrätter,0.0,mg
6925,Majsdessert m. socker typ somalisk xalwo,Vitamin B12,Efterrätter,0.0,µg
6925,Majsdessert m. socker typ somalisk xalwo,Vitamin A,Efterrätter,51.0,RE/µg
6925,Majsdessert m. socker typ somalisk xalwo,Vatten,Efterrätter,41.5,g
6925,Majsdessert m. socker typ somalisk xalwo,Tiamin,Efterrätter,0.0,mg
6925,Majsdessert m. socker typ somalisk xalwo,Tillsatt socker,Efterrätter,33.0,g
6925,Majsdessert m. socker typ somalisk xalwo,Fritt socker,Efterrätter,33.0,g
6925,Majsdessert m. socker typ somalisk xalwo,"Selen, Se",Efterrätter,0.0,µg
6925,Majsdessert m. socker typ somalisk xalwo,Sackaros,Efterrätter,32.9,g
6925,Majsdessert m. socker typ somalisk xalwo,Riboflavin,Efterrätter,0.0,mg
6925,Majsdessert m. socker typ somalisk xalwo,Retinol,Efterrätter,48.4,µg
6925,Majsdessert m. socker typ somalisk xalwo,Protein,Efterrätter,0.0,g
6925,Majsdessert m. socker typ somalisk xalwo,Summa fleromättade fettsyror,Efterrätter,3.5,g
6925,Majsdessert m. socker typ somalisk xalwo,"Fosfor, P",Efterrätter,3.0,mg
6925,Majsdessert m. socker typ somalisk xalwo,Niacinekvivalenter,Efterrätter,0.01,NE/mg
6925,Majsdessert m. socker typ somalisk xalwo,Niacin,Efterrätter,0.0,mg
6925,Majsdessert m. socker typ somalisk xalwo,"Salt, NaCl",Efterrätter,0.1,g
6925,Majsdessert m. socker typ somalisk xalwo,"Natrium, Na",Efterrätter,47.0,mg
6925,Majsdessert m. socker typ somalisk xalwo,Monosackarider,Efterrätter,0.1,g
6925,Majsdessert m. socker typ somalisk xalwo,"Sockerarter, totalt",Efterrätter,33.0,g
6925,Majsdessert m. socker typ somalisk xalwo,Summa enkelomättade fettsyror,Efterrätter,8.8,g
6925,Majsdessert m. socker typ somalisk xalwo,"Magnesium, Mg",Efterrätter,3.0,mg
6925,Majsdessert m. socker typ somalisk xalwo,Summa mättade fettsyror,Efterrätter,5.4,g
6925,Majsdessert m. socker typ somalisk xalwo,"Kolhydrater, tillgängliga",Efterrätter,39.4,g
6925,Majsdessert m. socker typ somalisk xalwo,Kolesterol,Efterrätter,21.1,mg
6925,Majsdessert m. socker typ somalisk xalwo,"Kalium, K",Efterrätter,21.0,mg
6925,Majsdessert m. socker typ somalisk xalwo,"Jod, I",Efterrätter,1.2,µg
6925,Majsdessert m. socker typ somalisk xalwo,Fullkorn totalt,Efterrätter,0.0,g
6925,Majsdessert m. socker typ somalisk xalwo,"Folat, totalt",Efterrätter,0.1,µg
6925,Majsdessert m. socker typ somalisk xalwo,Fibrer,Efterrätter,0.0,g
6925,Majsdessert m. socker typ somalisk xalwo,"Fett, totalt",Efterrätter,18.7,g
6925,Majsdessert m. socker typ somalisk xalwo,"Järn, Fe",Efterrätter,0.3,mg
6925,Majsdessert m. socker typ somalisk xalwo,Energi (kJ),Efterrätter,1363.0,kJ
6925,Majsdessert m. socker typ somalisk xalwo,Energi (kcal),Efterrätter,326.0,kcal
6925,Majsdessert m. socker typ somalisk xalwo,Disackarider,Efterrätter,32.9,g
6925,Majsdessert m. socker typ somalisk xalwo,"Kalcium, Ca",Efterrätter,21.0,mg
6925,Majsdessert m. socker typ somalisk xalwo,Fettsyra 4:0-10:0,Efterrätter,0.7,g
6925,Majsdessert m. socker typ somalisk xalwo,DHA (C22:6),Efterrätter,0.0,g
6925,Majsdessert m. socker typ somalisk xalwo,DPA (C22:5),Efterrätter,0.0,g
6925,Majsdessert m. socker typ somalisk xalwo,EPA (C20:5),Efterrätter,0.0,g
6925,Majsdessert m. socker typ somalisk xalwo,Arakidonsyra C20:4,Efterrätter,0.0,g
6925,Majsdessert m. socker typ somalisk xalwo,Arakidinsyra C20:0,Efterrätter,0.1,g
6925,Majsdessert m. socker typ somalisk xalwo,Linolensyra C18:3,Efterrätter,1.0,g
6925,Majsdessert m. socker typ somalisk xalwo,Linolsyra C18:2,Efterrätter,2.4,g
6925,Majsdessert m. socker typ somalisk xalwo,Oljesyra C18:1,Efterrätter,8.4,g
6925,Majsdessert m. socker typ somalisk xalwo,Stearinsyra C18:0,Efterrätter,0.8,g
6925,Majsdessert m. socker typ somalisk xalwo,Palmitoljesyra C16:1,Efterrätter,0.1,g
6925,Majsdessert m. socker typ somalisk xalwo,Palmitinsyra C16:0,Efterrätter,2.6,g
6925,Majsdessert m. socker typ somalisk xalwo,Myristinsyra C14:0,Efterrätter,0.8,g
6925,Majsdessert m. socker typ somalisk xalwo,Laurinsyra C12:0,Efterrätter,0.2,g
6925,Majsdessert m. socker typ somalisk xalwo,Betakaroten/β-Karoten,Efterrätter,31.0,µg
6925,Majsdessert m. socker typ somalisk xalwo,Avfall (skal etc.),Efterrätter,0.0,%
6925,Majsdessert m. socker typ somalisk xalwo,Aska,Efterrätter,0.2,g
6925,Majsdessert m. socker typ somalisk xalwo,Alkohol,Efterrätter,0.0,g
6928,Sött vetebröd dadelkrans m. fyllning,"Zink, Zn",Bullar kakor tårtor mm,0.6,mg
6928,Sött vetebröd dadelkrans m. fyllning,Vitamin E,Bullar kakor tårtor mm,0.8,mg
6928,Sött vetebröd dadelkrans m. fyllning,Vitamin D,Bullar kakor tårtor mm,0.22,µg
6928,Sött vetebröd dadelkrans m. fyllning,Vitamin C,Bullar kakor tårtor mm,1.0,mg
6928,Sött vetebröd dadelkrans m. fyllning,Vitamin B6,Bullar kakor tårtor mm,0.09,mg
6928,Sött vetebröd dadelkrans m. fyllning,Vitamin B12,Bullar kakor tårtor mm,0.15,µg
6928,Sött vetebröd dadelkrans m. fyllning,Vitamin A,Bullar kakor tårtor mm,44.8,RE/µg
6928,Sött vetebröd dadelkrans m. fyllning,Vatten,Bullar kakor tårtor mm,30.0,g
6928,Sött vetebröd dadelkrans m. fyllning,Tiamin,Bullar kakor tårtor mm,0.08,mg
6928,Sött vetebröd dadelkrans m. fyllning,Tillsatt socker,Bullar kakor tårtor mm,6.0,g
6928,Sött vetebröd dadelkrans m. fyllning,Fritt socker,Bullar kakor tårtor mm,6.0,g
6928,Sött vetebröd dadelkrans m. fyllning,"Selen, Se",Bullar kakor tårtor mm,7.3,µg
6928,Sött vetebröd dadelkrans m. fyllning,Sackaros,Bullar kakor tårtor mm,6.0,g
6928,Sött vetebröd dadelkrans m. fyllning,Riboflavin,Bullar kakor tårtor mm,0.1,mg
6928,Sött vetebröd dadelkrans m. fyllning,Retinol,Bullar kakor tårtor mm,42.7,µg
6928,Sött vetebröd dadelkrans m. fyllning,Protein,Bullar kakor tårtor mm,5.5,g
6928,Sött vetebröd dadelkrans m. fyllning,Summa fleromättade fettsyror,Bullar kakor tårtor mm,0.9,g
6928,Sött vetebröd dadelkrans m. fyllning,"Fosfor, P",Bullar kakor tårtor mm,111.0,mg
6928,Sött vetebröd dadelkrans m. fyllning,Niacinekvivalenter,Bullar kakor tårtor mm,1.99,NE/mg
6928,Sött vetebröd dadelkrans m. fyllning,Niacin,Bullar kakor tårtor mm,0.96,mg
6928,Sött vetebröd dadelkrans m. fyllning,"Salt, NaCl",Bullar kakor tårtor mm,0.5,g
6928,Sött vetebröd dadelkrans m. fyllning,"Natrium, Na",Bullar kakor tårtor mm,205.0,mg
6928,Sött vetebröd dadelkrans m. fyllning,Monosackarider,Bullar kakor tårtor mm,17.3,g
6928,Sött vetebröd dadelkrans m. fyllning,"Sockerarter, totalt",Bullar kakor tårtor mm,24.7,g
6928,Sött vetebröd dadelkrans m. fyllning,Summa enkelomättade fettsyror,Bullar kakor tårtor mm,1.6,g
6928,Sött vetebröd dadelkrans m. fyllning,"Magnesium, Mg",Bullar kakor tårtor mm,33.0,mg
6928,Sött vetebröd dadelkrans m. fyllning,Summa mättade fettsyror,Bullar kakor tårtor mm,3.0,g
6928,Sött vetebröd dadelkrans m. fyllning,"Kolhydrater, tillgängliga",Bullar kakor tårtor mm,53.0,g
6928,Sött vetebröd dadelkrans m. fyllning,Kolesterol,Bullar kakor tårtor mm,33.0,mg
6928,Sött vetebröd dadelkrans m. fyllning,"Kalium, K",Bullar kakor tårtor mm,327.0,mg
6928,Sött vetebröd dadelkrans m. fyllning,"Jod, I",Bullar kakor tårtor mm,33.3,µg
6928,Sött vetebröd dadelkrans m. fyllning,Fullkorn totalt,Bullar kakor tårtor mm,0.0,g
6928,Sött vetebröd dadelkrans m. fyllning,"Folat, totalt",Bullar kakor tårtor mm,25.4,µg
6928,Sött vetebröd dadelkrans m. fyllning,Fibrer,Bullar kakor tårtor mm,3.8,g
6928,Sött vetebröd dadelkrans m. fyllning,"Fett, totalt",Bullar kakor tårtor mm,6.3,g
6928,Sött vetebröd dadelkrans m. fyllning,"Järn, Fe",Bullar kakor tårtor mm,1.2,mg
6928,Sött vetebröd dadelkrans m. fyllning,Energi (kJ),Bullar kakor tårtor mm,1259.0,kJ
6928,Sött vetebröd dadelkrans m. fyllning,Energi (kcal),Bullar kakor tårtor mm,301.0,kcal
6928,Sött vetebröd dadelkrans m. fyllning,Disackarider,Bullar kakor tårtor mm,7.3,g
6928,Sött vetebröd dadelkrans m. fyllning,"Kalcium, Ca",Bullar kakor tårtor mm,58.0,mg
6928,Sött vetebröd dadelkrans m. fyllning,Fettsyra 4:0-10:0,Bullar kakor tårtor mm,0.4,g
6928,Sött vetebröd dadelkrans m. fyllning,DHA (C22:6),Bullar kakor tårtor mm,0.0,g
6928,Sött vetebröd dadelkrans m. fyllning,DPA (C22:5),Bullar kakor tårtor mm,0.0,g
6928,Sött vetebröd dadelkrans m. fyllning,EPA (C20:5),Bullar kakor tårtor mm,0.0,g
6928,Sött vetebröd dadelkrans m. fyllning,Arakidonsyra C20:4,Bullar kakor tårtor mm,0.0,g
6928,Sött vetebröd dadelkrans m. fyllning,Arakidinsyra C20:0,Bullar kakor tårtor mm,0.0,g
6928,Sött vetebröd dadelkrans m. fyllning,Linolensyra C18:3,Bullar kakor tårtor mm,0.0,g
6928,Sött vetebröd dadelkrans m. fyllning,Linolsyra C18:2,Bullar kakor tårtor mm,0.8,g
6928,Sött vetebröd dadelkrans m. fyllning,Oljesyra C18:1,Bullar kakor tårtor mm,1.5,g
6928,Sött vetebröd dadelkrans m. fyllning,Stearinsyra C18:0,Bullar kakor tårtor mm,0.5,g
6928,Sött vetebröd dadelkrans m. fyllning,Palmitoljesyra C16:1,Bullar kakor tårtor mm,0.1,g
6928,Sött vetebröd dadelkrans m. fyllning,Palmitinsyra C16:0,Bullar kakor tårtor mm,1.5,g
6928,Sött vetebröd dadelkrans m. fyllning,Myristinsyra C14:0,Bullar kakor tårtor mm,0.4,g
6928,Sött vetebröd dadelkrans m. fyllning,Laurinsyra C12:0,Bullar kakor tårtor mm,0.1,g
6928,Sött vetebröd dadelkrans m. fyllning,Betakaroten/β-Karoten,Bullar kakor tårtor mm,25.0,µg
6928,Sött vetebröd dadelkrans m. fyllning,Avfall (skal etc.),Bullar kakor tårtor mm,4.0,%
6928,Sött vetebröd dadelkrans m. fyllning,Aska,Bullar kakor tårtor mm,1.4,g
6928,Sött vetebröd dadelkrans m. fyllning,Alkohol,Bullar kakor tårtor mm,0.0,g
6931,Mannagrynspudding m. socker typ syrisk mamonia,"Zink, Zn",Efterrätter,0.1,mg
6931,Mannagrynspudding m. socker typ syrisk mamonia,Vitamin E,Efterrätter,0.0,mg
6931,Mannagrynspudding m. socker typ syrisk mamonia,Vitamin D,Efterrätter,0.11,µg
6931,Mannagrynspudding m. socker typ syrisk mamonia,Vitamin C,Efterrätter,0.1,mg
6931,Mannagrynspudding m. socker typ syrisk mamonia,Vitamin B6,Efterrätter,0.01,mg
6931,Mannagrynspudding m. socker typ syrisk mamonia,Vitamin B12,Efterrätter,0.05,µg
6931,Mannagrynspudding m. socker typ syrisk mamonia,Vitamin A,Efterrätter,5.1,RE/µg
6931,Mannagrynspudding m. socker typ syrisk mamonia,Vatten,Efterrätter,82.2,g
6931,Mannagrynspudding m. socker typ syrisk mamonia,Tiamin,Efterrätter,0.01,mg
6931,Mannagrynspudding m. socker typ syrisk mamonia,Tillsatt socker,Efterrätter,10.0,g
6931,Mannagrynspudding m. socker typ syrisk mamonia,Fritt socker,Efterrätter,10.0,g
6931,Mannagrynspudding m. socker typ syrisk mamonia,"Selen, Se",Efterrätter,0.3,µg
6931,Mannagrynspudding m. socker typ syrisk mamonia,Sackaros,Efterrätter,9.7,g
6931,Mannagrynspudding m. socker typ syrisk mamonia,Riboflavin,Efterrätter,0.02,mg
6931,Mannagrynspudding m. socker typ syrisk mamonia,Retinol,Efterrätter,4.8,µg
6931,Mannagrynspudding m. socker typ syrisk mamonia,Protein,Efterrätter,1.2,g
6931,Mannagrynspudding m. socker typ syrisk mamonia,Summa fleromättade fettsyror,Efterrätter,0.1,g
6931,Mannagrynspudding m. socker typ syrisk mamonia,"Fosfor, P",Efterrätter,22.0,mg
6931,Mannagrynspudding m. socker typ syrisk mamonia,Niacinekvivalenter,Efterrätter,0.29,NE/mg
6931,Mannagrynspudding m. socker typ syrisk mamonia,Niacin,Efterrätter,0.06,mg
6931,Mannagrynspudding m. socker typ syrisk mamonia,"Salt, NaCl",Efterrätter,0.0,g
6931,Mannagrynspudding m. socker typ syrisk mamonia,"Natrium, Na",Efterrätter,7.0,mg
6931,Mannagrynspudding m. socker typ syrisk mamonia,Monosackarider,Efterrätter,0.0,g
6931,Mannagrynspudding m. socker typ syrisk mamonia,"Sockerarter, totalt",Efterrätter,10.2,g
6931,Mannagrynspudding m. socker typ syrisk mamonia,Summa enkelomättade fettsyror,Efterrätter,0.2,g
6931,Mannagrynspudding m. socker typ syrisk mamonia,"Magnesium, Mg",Efterrätter,3.0,mg
6931,Mannagrynspudding m. socker typ syrisk mamonia,Summa mättade fettsyror,Efterrätter,0.4,g
6931,Mannagrynspudding m. socker typ syrisk mamonia,"Kolhydrater, tillgängliga",Efterrätter,15.6,g
6931,Mannagrynspudding m. socker typ syrisk mamonia,Kolesterol,Efterrätter,2.2,mg
6931,Mannagrynspudding m. socker typ syrisk mamonia,"Kalium, K",Efterrätter,22.0,mg
6931,Mannagrynspudding m. socker typ syrisk mamonia,"Jod, I",Efterrätter,3.1,µg
6931,Mannagrynspudding m. socker typ syrisk mamonia,Fullkorn totalt,Efterrätter,0.0,g
6931,Mannagrynspudding m. socker typ syrisk mamonia,"Folat, totalt",Efterrätter,1.7,µg
6931,Mannagrynspudding m. socker typ syrisk mamonia,Fibrer,Efterrätter,0.2,g
6931,Mannagrynspudding m. socker typ syrisk mamonia,"Fett, totalt",Efterrätter,0.7,g
6931,Mannagrynspudding m. socker typ syrisk mamonia,"Järn, Fe",Efterrätter,0.2,mg
6931,Mannagrynspudding m. socker typ syrisk mamonia,Energi (kJ),Efterrätter,313.0,kJ
6931,Mannagrynspudding m. socker typ syrisk mamonia,Energi (kcal),Efterrätter,75.0,kcal
6931,Mannagrynspudding m. socker typ syrisk mamonia,Disackarider,Efterrätter,10.2,g
6931,Mannagrynspudding m. socker typ syrisk mamonia,"Kalcium, Ca",Efterrätter,17.0,mg
6931,Mannagrynspudding m. socker typ syrisk mamonia,Fettsyra 4:0-10:0,Efterrätter,0.1,g
6931,Mannagrynspudding m. socker typ syrisk mamonia,DHA (C22:6),Efterrätter,0.0,g
6931,Mannagrynspudding m. socker typ syrisk mamonia,DPA (C22:5),Efterrätter,0.0,g
6931,Mannagrynspudding m. socker typ syrisk mamonia,EPA (C20:5),Efterrätter,0.0,g
6931,Mannagrynspudding m. socker typ syrisk mamonia,Arakidonsyra C20:4,Efterrätter,0.0,g
6931,Mannagrynspudding m. socker typ syrisk mamonia,Arakidinsyra C20:0,Efterrätter,0.0,g
6931,Mannagrynspudding m. socker typ syrisk mamonia,Linolensyra C18:3,Efterrätter,0.0,g
6931,Mannagrynspudding m. socker typ syrisk mamonia,Linolsyra C18:2,Efterrätter,0.1,g
6931,Mannagrynspudding m. socker typ syrisk mamonia,Oljesyra C18:1,Efterrätter,0.1,g
6931,Mannagrynspudding m. socker typ syrisk mamonia,Stearinsyra C18:0,Efterrätter,0.1,g
6931,Mannagrynspudding m. socker typ syrisk mamonia,Palmitoljesyra C16:1,Efterrätter,0.0,g
6931,Mannagrynspudding m. socker typ syrisk mamonia,Palmitinsyra C16:0,Efterrätter,0.2,g
6931,Mannagrynspudding m. socker typ syrisk mamonia,Myristinsyra C14:0,Efterrätter,0.1,g
6931,Mannagrynspudding m. socker typ syrisk mamonia,Laurinsyra C12:0,Efterrätter,0.0,g
6931,Mannagrynspudding m. socker typ syrisk mamonia,Betakaroten/β-Karoten,Efterrätter,3.0,µg
6931,Mannagrynspudding m. socker typ syrisk mamonia,Avfall (skal etc.),Efterrätter,0.0,%
6931,Mannagrynspudding m. socker typ syrisk mamonia,Aska,Efterrätter,0.1,g
6931,Mannagrynspudding m. socker typ syrisk mamonia,Alkohol,Efterrätter,0.0,g
6934,Gryta auberginegryta veg. typ tapsi,"Zink, Zn",Grönsaks- rotfrukts- baljväxträtter o produkter,0.2,mg
6934,Gryta auberginegryta veg. typ tapsi,Vitamin E,Grönsaks- rotfrukts- baljväxträtter o produkter,1.0,mg
6934,Gryta auberginegryta veg. typ tapsi,Vitamin D,Grönsaks- rotfrukts- baljväxträtter o produkter,0.0,µg
6934,Gryta auberginegryta veg. typ tapsi,Vitamin C,Grönsaks- rotfrukts- baljväxträtter o produkter,14.3,mg
6934,Gryta auberginegryta veg. typ tapsi,Vitamin B6,Grönsaks- rotfrukts- baljväxträtter o produkter,0.1,mg
6934,Gryta auberginegryta veg. typ tapsi,Vitamin B12,Grönsaks- rotfrukts- baljväxträtter o produkter,0.0,µg
6934,Gryta auberginegryta veg. typ tapsi,Vitamin A,Grönsaks- rotfrukts- baljväxträtter o produkter,21.2,RE/µg
6934,Gryta auberginegryta veg. typ tapsi,Vatten,Grönsaks- rotfrukts- baljväxträtter o produkter,88.8,g
6934,Gryta auberginegryta veg. typ tapsi,Tiamin,Grönsaks- rotfrukts- baljväxträtter o produkter,0.07,mg
6934,Gryta auberginegryta veg. typ tapsi,Tillsatt socker,Grönsaks- rotfrukts- baljväxträtter o produkter,0.0,g
6934,Gryta auberginegryta veg. typ tapsi,Fritt socker,Grönsaks- rotfrukts- baljväxträtter o produkter,0.0,g
6934,Gryta auberginegryta veg. typ tapsi,"Selen, Se",Grönsaks- rotfrukts- baljväxträtter o produkter,0.3,µg
6934,Gryta auberginegryta veg. typ tapsi,Sackaros,Grönsaks- rotfrukts- baljväxträtter o produkter,0.2,g
6934,Gryta auberginegryta veg. typ tapsi,Riboflavin,Grönsaks- rotfrukts- baljväxträtter o produkter,0.02,mg
6934,Gryta auberginegryta veg. typ tapsi,Retinol,Grönsaks- rotfrukts- baljväxträtter o produkter,0.0,µg
6934,Gryta auberginegryta veg. typ tapsi,Protein,Grönsaks- rotfrukts- baljväxträtter o produkter,1.2,g
6934,Gryta auberginegryta veg. typ tapsi,Summa fleromättade fettsyror,Grönsaks- rotfrukts- baljväxträtter o produkter,0.4,g
6934,Gryta auberginegryta veg. typ tapsi,"Fosfor, P",Grönsaks- rotfrukts- baljväxträtter o produkter,29.0,mg
6934,Gryta auberginegryta veg. typ tapsi,Niacinekvivalenter,Grönsaks- rotfrukts- baljväxträtter o produkter,1.11,NE/mg
6934,Gryta auberginegryta veg. typ tapsi,Niacin,Grönsaks- rotfrukts- baljväxträtter o produkter,0.88,mg
6934,Gryta auberginegryta veg. typ tapsi,"Salt, NaCl",Grönsaks- rotfrukts- baljväxträtter o produkter,0.5,g
6934,Gryta auberginegryta veg. typ tapsi,"Natrium, Na",Grönsaks- rotfrukts- baljväxträtter o produkter,194.0,mg
6934,Gryta auberginegryta veg. typ tapsi,Monosackarider,Grönsaks- rotfrukts- baljväxträtter o produkter,2.7,g
6934,Gryta auberginegryta veg. typ tapsi,"Sockerarter, totalt",Grönsaks- rotfrukts- baljväxträtter o produkter,2.9,g
6934,Gryta auberginegryta veg. typ tapsi,Summa enkelomättade fettsyror,Grönsaks- rotfrukts- baljväxträtter o produkter,0.7,g
6934,Gryta auberginegryta veg. typ tapsi,"Magnesium, Mg",Grönsaks- rotfrukts- baljväxträtter o produkter,16.0,mg
6934,Gryta auberginegryta veg. typ tapsi,Summa mättade fettsyror,Grönsaks- rotfrukts- baljväxträtter o produkter,0.1,g
6934,Gryta auberginegryta veg. typ tapsi,"Kolhydrater, tillgängliga",Grönsaks- rotfrukts- baljväxträtter o produkter,5.3,g
6934,Gryta auberginegryta veg. typ tapsi,Kolesterol,Grönsaks- rotfrukts- baljväxträtter o produkter,0.0,mg
6934,Gryta auberginegryta veg. typ tapsi,"Kalium, K",Grönsaks- rotfrukts- baljväxträtter o produkter,257.0,mg
6934,Gryta auberginegryta veg. typ tapsi,"Jod, I",Grönsaks- rotfrukts- baljväxträtter o produkter,25.9,µg
6934,Gryta auberginegryta veg. typ tapsi,Fullkorn totalt,Grönsaks- rotfrukts- baljväxträtter o produkter,0.0,g
6934,Gryta auberginegryta veg. typ tapsi,"Folat, totalt",Grönsaks- rotfrukts- baljväxträtter o produkter,13.1,µg
6934,Gryta auberginegryta veg. typ tapsi,Fibrer,Grönsaks- rotfrukts- baljväxträtter o produkter,2.1,g
6934,Gryta auberginegryta veg. typ tapsi,"Fett, totalt",Grönsaks- rotfrukts- baljväxträtter o produkter,1.3,g
6934,Gryta auberginegryta veg. typ tapsi,"Järn, Fe",Grönsaks- rotfrukts- baljväxträtter o produkter,0.4,mg
6934,Gryta auberginegryta veg. typ tapsi,Energi (kJ),Grönsaks- rotfrukts- baljväxträtter o produkter,176.0,kJ
6934,Gryta auberginegryta veg. typ tapsi,Energi (kcal),Grönsaks- rotfrukts- baljväxträtter o produkter,42.0,kcal
6934,Gryta auberginegryta veg. typ tapsi,Disackarider,Grönsaks- rotfrukts- baljväxträtter o produkter,0.2,g
6934,Gryta auberginegryta veg. typ tapsi,"Kalcium, Ca",Grönsaks- rotfrukts- baljväxträtter o produkter,19.0,mg
6934,Gryta auberginegryta veg. typ tapsi,Fettsyra 4:0-10:0,Grönsaks- rotfrukts- baljväxträtter o produkter,0.0,g
6934,Gryta auberginegryta veg. typ tapsi,DHA (C22:6),Grönsaks- rotfrukts- baljväxträtter o produkter,0.0,g
6934,Gryta auberginegryta veg. typ tapsi,DPA (C22:5),Grönsaks- rotfrukts- baljväxträtter o produkter,0.0,g
6934,Gryta auberginegryta veg. typ tapsi,EPA (C20:5),Grönsaks- rotfrukts- baljväxträtter o produkter,0.0,g
6934,Gryta auberginegryta veg. typ tapsi,Arakidonsyra C20:4,Grönsaks- rotfrukts- baljväxträtter o produkter,0.0,g
6934,Gryta auberginegryta veg. typ tapsi,Arakidinsyra C20:0,Grönsaks- rotfrukts- baljväxträtter o produkter,0.0,g
6934,Gryta auberginegryta veg. typ tapsi,Linolensyra C18:3,Grönsaks- rotfrukts- baljväxträtter o produkter,0.1,g
6934,Gryta auberginegryta veg. typ tapsi,Linolsyra C18:2,Grönsaks- rotfrukts- baljväxträtter o produkter,0.3,g
6934,Gryta auberginegryta veg. typ tapsi,Oljesyra C18:1,Grönsaks- rotfrukts- baljväxträtter o produkter,0.7,g
6934,Gryta auberginegryta veg. typ tapsi,Stearinsyra C18:0,Grönsaks- rotfrukts- baljväxträtter o produkter,0.0,g
6934,Gryta auberginegryta veg. typ tapsi,Palmitoljesyra C16:1,Grönsaks- rotfrukts- baljväxträtter o produkter,0.0,g
6934,Gryta auberginegryta veg. typ tapsi,Palmitinsyra C16:0,Grönsaks- rotfrukts- baljväxträtter o produkter,0.1,g
6934,Gryta auberginegryta veg. typ tapsi,Myristinsyra C14:0,Grönsaks- rotfrukts- baljväxträtter o produkter,0.0,g
6934,Gryta auberginegryta veg. typ tapsi,Laurinsyra C12:0,Grönsaks- rotfrukts- baljväxträtter o produkter,0.0,g
6934,Gryta auberginegryta veg. typ tapsi,Betakaroten/β-Karoten,Grönsaks- rotfrukts- baljväxträtter o produkter,242.0,µg
6934,Gryta auberginegryta veg. typ tapsi,Avfall (skal etc.),Grönsaks- rotfrukts- baljväxträtter o produkter,5.0,%
6934,Gryta auberginegryta veg. typ tapsi,Aska,Grönsaks- rotfrukts- baljväxträtter o produkter,1.2,g
6934,Gryta auberginegryta veg. typ tapsi,Alkohol,Grönsaks- rotfrukts- baljväxträtter o produkter,0.0,g
6936,Mannagrynskaka fylld m. dadlar nötter typ mamoul,"Zink, Zn",Bullar kakor tårtor mm,0.3,mg
6936,Mannagrynskaka fylld m. dadlar nötter typ mamoul,Vitamin E,Bullar kakor tårtor mm,1.4,mg
6936,Mannagrynskaka fylld m. dadlar nötter typ mamoul,Vitamin D,Bullar kakor tårtor mm,0.02,µg
6936,Mannagrynskaka fylld m. dadlar nötter typ mamoul,Vitamin C,Bullar kakor tårtor mm,0.0,mg
6936,Mannagrynskaka fylld m. dadlar nötter typ mamoul,Vitamin B6,Bullar kakor tårtor mm,0.06,mg
6936,Mannagrynskaka fylld m. dadlar nötter typ mamoul,Vitamin B12,Bullar kakor tårtor mm,0.0,µg
6936,Mannagrynskaka fylld m. dadlar nötter typ mamoul,Vitamin A,Bullar kakor tårtor mm,58.9,RE/µg
6936,Mannagrynskaka fylld m. dadlar nötter typ mamoul,Vatten,Bullar kakor tårtor mm,55.5,g
6936,Mannagrynskaka fylld m. dadlar nötter typ mamoul,Tiamin,Bullar kakor tårtor mm,0.05,mg
6936,Mannagrynskaka fylld m. dadlar nötter typ mamoul,Tillsatt socker,Bullar kakor tårtor mm,10.0,g
6936,Mannagrynskaka fylld m. dadlar nötter typ mamoul,Fritt socker,Bullar kakor tårtor mm,10.0,g
6936,Mannagrynskaka fylld m. dadlar nötter typ mamoul,"Selen, Se",Bullar kakor tårtor mm,0.7,µg
6936,Mannagrynskaka fylld m. dadlar nötter typ mamoul,Sackaros,Bullar kakor tårtor mm,10.1,g
6936,Mannagrynskaka fylld m. dadlar nötter typ mamoul,Riboflavin,Bullar kakor tårtor mm,0.02,mg
6936,Mannagrynskaka fylld m. dadlar nötter typ mamoul,Retinol,Bullar kakor tårtor mm,55.8,µg
6936,Mannagrynskaka fylld m. dadlar nötter typ mamoul,Protein,Bullar kakor tårtor mm,3.5,g
6936,Mannagrynskaka fylld m. dadlar nötter typ mamoul,Summa fleromättade fettsyror,Bullar kakor tårtor mm,1.8,g
6936,Mannagrynskaka fylld m. dadlar nötter typ mamoul,"Fosfor, P",Bullar kakor tårtor mm,53.0,mg
6936,Mannagrynskaka fylld m. dadlar nötter typ mamoul,Niacinekvivalenter,Bullar kakor tårtor mm,0.88,NE/mg
6936,Mannagrynskaka fylld m. dadlar nötter typ mamoul,Niacin,Bullar kakor tårtor mm,0.29,mg
6936,Mannagrynskaka fylld m. dadlar nötter typ mamoul,"Salt, NaCl",Bullar kakor tårtor mm,0.1,g
6936,Mannagrynskaka fylld m. dadlar nötter typ mamoul,"Natrium, Na",Bullar kakor tårtor mm,23.0,mg
6936,Mannagrynskaka fylld m. dadlar nötter typ mamoul,Monosackarider,Bullar kakor tårtor mm,2.0,g
6936,Mannagrynskaka fylld m. dadlar nötter typ mamoul,"Sockerarter, totalt",Bullar kakor tårtor mm,12.1,g
6936,Mannagrynskaka fylld m. dadlar nötter typ mamoul,Summa enkelomättade fettsyror,Bullar kakor tårtor mm,2.8,g
6936,Mannagrynskaka fylld m. dadlar nötter typ mamoul,"Magnesium, Mg",Bullar kakor tårtor mm,15.0,mg
6936,Mannagrynskaka fylld m. dadlar nötter typ mamoul,Summa mättade fettsyror,Bullar kakor tårtor mm,5.1,g
6936,Mannagrynskaka fylld m. dadlar nötter typ mamoul,"Kolhydrater, tillgängliga",Bullar kakor tårtor mm,28.6,g
6936,Mannagrynskaka fylld m. dadlar nötter typ mamoul,Kolesterol,Bullar kakor tårtor mm,22.8,mg
6936,Mannagrynskaka fylld m. dadlar nötter typ mamoul,"Kalium, K",Bullar kakor tårtor mm,92.0,mg
6936,Mannagrynskaka fylld m. dadlar nötter typ mamoul,"Jod, I",Bullar kakor tårtor mm,1.5,µg
6936,Mannagrynskaka fylld m. dadlar nötter typ mamoul,Fullkorn totalt,Bullar kakor tårtor mm,0.0,g
6936,Mannagrynskaka fylld m. dadlar nötter typ mamoul,"Folat, totalt",Bullar kakor tårtor mm,9.9,µg
6936,Mannagrynskaka fylld m. dadlar nötter typ mamoul,Fibrer,Bullar kakor tårtor mm,1.4,g
6936,Mannagrynskaka fylld m. dadlar nötter typ mamoul,"Fett, totalt",Bullar kakor tårtor mm,10.5,g
6936,Mannagrynskaka fylld m. dadlar nötter typ mamoul,"Järn, Fe",Bullar kakor tårtor mm,0.7,mg
6936,Mannagrynskaka fylld m. dadlar nötter typ mamoul,Energi (kJ),Bullar kakor tårtor mm,947.0,kJ
6936,Mannagrynskaka fylld m. dadlar nötter typ mamoul,Energi (kcal),Bullar kakor tårtor mm,226.0,kcal
6936,Mannagrynskaka fylld m. dadlar nötter typ mamoul,Disackarider,Bullar kakor tårtor mm,10.2,g
6936,Mannagrynskaka fylld m. dadlar nötter typ mamoul,"Kalcium, Ca",Bullar kakor tårtor mm,15.0,mg
6936,Mannagrynskaka fylld m. dadlar nötter typ mamoul,Fettsyra 4:0-10:0,Bullar kakor tårtor mm,0.6,g
6936,Mannagrynskaka fylld m. dadlar nötter typ mamoul,DHA (C22:6),Bullar kakor tårtor mm,0.0,g
6936,Mannagrynskaka fylld m. dadlar nötter typ mamoul,DPA (C22:5),Bullar kakor tårtor mm,0.0,g
6936,Mannagrynskaka fylld m. dadlar nötter typ mamoul,EPA (C20:5),Bullar kakor tårtor mm,0.0,g
6936,Mannagrynskaka fylld m. dadlar nötter typ mamoul,Arakidonsyra C20:4,Bullar kakor tårtor mm,0.0,g
6936,Mannagrynskaka fylld m. dadlar nötter typ mamoul,Arakidinsyra C20:0,Bullar kakor tårtor mm,0.0,g
6936,Mannagrynskaka fylld m. dadlar nötter typ mamoul,Linolensyra C18:3,Bullar kakor tårtor mm,0.2,g
6936,Mannagrynskaka fylld m. dadlar nötter typ mamoul,Linolsyra C18:2,Bullar kakor tårtor mm,1.5,g
6936,Mannagrynskaka fylld m. dadlar nötter typ mamoul,Oljesyra C18:1,Bullar kakor tårtor mm,2.5,g
6936,Mannagrynskaka fylld m. dadlar nötter typ mamoul,Stearinsyra C18:0,Bullar kakor tårtor mm,0.8,g
6936,Mannagrynskaka fylld m. dadlar nötter typ mamoul,Palmitoljesyra C16:1,Bullar kakor tårtor mm,0.1,g
6936,Mannagrynskaka fylld m. dadlar nötter typ mamoul,Palmitinsyra C16:0,Bullar kakor tårtor mm,2.5,g
6936,Mannagrynskaka fylld m. dadlar nötter typ mamoul,Myristinsyra C14:0,Bullar kakor tårtor mm,0.8,g
6936,Mannagrynskaka fylld m. dadlar nötter typ mamoul,Laurinsyra C12:0,Bullar kakor tårtor mm,0.2,g
6936,Mannagrynskaka fylld m. dadlar nötter typ mamoul,Betakaroten/β-Karoten,Bullar kakor tårtor mm,38.0,µg
6936,Mannagrynskaka fylld m. dadlar nötter typ mamoul,Avfall (skal etc.),Bullar kakor tårtor mm,6.0,%
6936,Mannagrynskaka fylld m. dadlar nötter typ mamoul,Aska,Bullar kakor tårtor mm,0.4,g
6936,Mannagrynskaka fylld m. dadlar nötter typ mamoul,Alkohol,Bullar kakor tårtor mm,0.0,g
6937,Sesamkaka m. socker olja typ somalisk sisin ,"Zink, Zn",Frukt o nötblandningar bars,4.3,mg
6937,Sesamkaka m. socker olja typ somalisk sisin ,Vitamin E,Frukt o nötblandningar bars,0.2,mg
6937,Sesamkaka m. socker olja typ somalisk sisin ,Vitamin D inkl 25-OH-D3,Frukt o nötblandningar bars,0.0,µg
6937,Sesamkaka m. socker olja typ somalisk sisin ,Vitamin D,Frukt o nötblandningar bars,0.0,µg
6937,Sesamkaka m. socker olja typ somalisk sisin ,Vitamin C,Frukt o nötblandningar bars,0.0,mg
6937,Sesamkaka m. socker olja typ somalisk sisin ,Vitamin B6,Frukt o nötblandningar bars,0.2,mg
6937,Sesamkaka m. socker olja typ somalisk sisin ,Vitamin B12,Frukt o nötblandningar bars,0.0,µg
6937,Sesamkaka m. socker olja typ somalisk sisin ,Vitamin A,Frukt o nötblandningar bars,0.3,RE/µg
6937,Sesamkaka m. socker olja typ somalisk sisin ,Vatten,Frukt o nötblandningar bars,2.1,g
6937,Sesamkaka m. socker olja typ somalisk sisin ,Tiamin,Frukt o nötblandningar bars,0.47,mg
6937,Sesamkaka m. socker olja typ somalisk sisin ,Tillsatt socker,Frukt o nötblandningar bars,42.0,g
6937,Sesamkaka m. socker olja typ somalisk sisin ,Fritt socker,Frukt o nötblandningar bars,42.0,g
6937,Sesamkaka m. socker olja typ somalisk sisin ,"Selen, Se",Frukt o nötblandningar bars,47.5,µg
6937,Sesamkaka m. socker olja typ somalisk sisin ,Sackaros,Frukt o nötblandningar bars,42.7,g
6937,Sesamkaka m. socker olja typ somalisk sisin ,Riboflavin,Frukt o nötblandningar bars,0.07,mg
6937,Sesamkaka m. socker olja typ somalisk sisin ,Retinol,Frukt o nötblandningar bars,0.0,µg
6937,Sesamkaka m. socker olja typ somalisk sisin ,Protein,Frukt o nötblandningar bars,11.8,g
6937,Sesamkaka m. socker olja typ somalisk sisin ,Summa fleromättade fettsyror,Frukt o nötblandningar bars,14.4,g
6937,Sesamkaka m. socker olja typ somalisk sisin ,"Fosfor, P",Frukt o nötblandningar bars,360.0,mg
6937,Sesamkaka m. socker olja typ somalisk sisin ,Niacinekvivalenter,Frukt o nötblandningar bars,5.06,NE/mg
6937,Sesamkaka m. socker olja typ somalisk sisin ,Niacin,Frukt o nötblandningar bars,3.09,mg
6937,Sesamkaka m. socker olja typ somalisk sisin ,"Salt, NaCl",Frukt o nötblandningar bars,0.1,g
6937,Sesamkaka m. socker olja typ somalisk sisin ,"Natrium, Na",Frukt o nötblandningar bars,15.0,mg
6937,Sesamkaka m. socker olja typ somalisk sisin ,Monosackarider,Frukt o nötblandningar bars,0.0,g
6937,Sesamkaka m. socker olja typ somalisk sisin ,"Sockerarter, totalt",Frukt o nötblandningar bars,42.7,g
6937,Sesamkaka m. socker olja typ somalisk sisin ,Summa enkelomättade fettsyror,Frukt o nötblandningar bars,13.7,g
6937,Sesamkaka m. socker olja typ somalisk sisin ,"Magnesium, Mg",Frukt o nötblandningar bars,188.0,mg
6937,Sesamkaka m. socker olja typ somalisk sisin ,Summa mättade fettsyror,Frukt o nötblandningar bars,5.0,g
6937,Sesamkaka m. socker olja typ somalisk sisin ,"Kolhydrater, tillgängliga",Frukt o nötblandningar bars,43.5,g
6937,Sesamkaka m. socker olja typ somalisk sisin ,Kolesterol,Frukt o nötblandningar bars,0.0,mg
6937,Sesamkaka m. socker olja typ somalisk sisin ,"Kalium, K",Frukt o nötblandningar bars,268.0,mg
6937,Sesamkaka m. socker olja typ somalisk sisin ,"Jod, I",Frukt o nötblandningar bars,0.0,µg
6937,Sesamkaka m. socker olja typ somalisk sisin ,Fullkorn totalt,Frukt o nötblandningar bars,0.0,g
6937,Sesamkaka m. socker olja typ somalisk sisin ,"Folat, totalt",Frukt o nötblandningar bars,64.7,µg
6937,Sesamkaka m. socker olja typ somalisk sisin ,Fibrer,Frukt o nötblandningar bars,5.8,g
6937,Sesamkaka m. socker olja typ somalisk sisin ,"Fett, totalt",Frukt o nötblandningar bars,35.2,g
6937,Sesamkaka m. socker olja typ somalisk sisin ,"Järn, Fe",Frukt o nötblandningar bars,4.2,mg
6937,Sesamkaka m. socker olja typ somalisk sisin ,Energi (kJ),Frukt o nötblandningar bars,2287.0,kJ
6937,Sesamkaka m. socker olja typ somalisk sisin ,Energi (kcal),Frukt o nötblandningar bars,547.0,kcal
6937,Sesamkaka m. socker olja typ somalisk sisin ,Disackarider,Frukt o nötblandningar bars,42.7,g
6937,Sesamkaka m. socker olja typ somalisk sisin ,"Kalcium, Ca",Frukt o nötblandningar bars,33.0,mg
6937,Sesamkaka m. socker olja typ somalisk sisin ,Fettsyra 4:0-10:0,Frukt o nötblandningar bars,0.1,g
6937,Sesamkaka m. socker olja typ somalisk sisin ,DHA (C22:6),Frukt o nötblandningar bars,0.0,g
6937,Sesamkaka m. socker olja typ somalisk sisin ,DPA (C22:5),Frukt o nötblandningar bars,0.0,g
6937,Sesamkaka m. socker olja typ somalisk sisin ,EPA (C20:5),Frukt o nötblandningar bars,0.0,g
6937,Sesamkaka m. socker olja typ somalisk sisin ,Arakidonsyra C20:4,Frukt o nötblandningar bars,0.0,g
6937,Sesamkaka m. socker olja typ somalisk sisin ,Arakidinsyra C20:0,Frukt o nötblandningar bars,0.1,g
6937,Sesamkaka m. socker olja typ somalisk sisin ,Linolensyra C18:3,Frukt o nötblandningar bars,0.1,g
6937,Sesamkaka m. socker olja typ somalisk sisin ,Linolsyra C18:2,Frukt o nötblandningar bars,14.3,g
6937,Sesamkaka m. socker olja typ somalisk sisin ,Oljesyra C18:1,Frukt o nötblandningar bars,13.7,g
6937,Sesamkaka m. socker olja typ somalisk sisin ,Stearinsyra C18:0,Frukt o nötblandningar bars,1.5,g
6937,Sesamkaka m. socker olja typ somalisk sisin ,Palmitoljesyra C16:1,Frukt o nötblandningar bars,0.0,g
6937,Sesamkaka m. socker olja typ somalisk sisin ,Palmitinsyra C16:0,Frukt o nötblandningar bars,2.8,g
6937,Sesamkaka m. socker olja typ somalisk sisin ,Myristinsyra C14:0,Frukt o nötblandningar bars,0.2,g
6937,Sesamkaka m. socker olja typ somalisk sisin ,Laurinsyra C12:0,Frukt o nötblandningar bars,0.4,g
6937,Sesamkaka m. socker olja typ somalisk sisin ,Betakaroten/β-Karoten,Frukt o nötblandningar bars,3.0,µg
6937,Sesamkaka m. socker olja typ somalisk sisin ,Avfall (skal etc.),Frukt o nötblandningar bars,0.0,%
6937,Sesamkaka m. socker olja typ somalisk sisin ,Aska,Frukt o nötblandningar bars,1.6,g
6937,Sesamkaka m. socker olja typ somalisk sisin ,Alkohol,Frukt o nötblandningar bars,0.0,g
6943,Gryta m. kött kyckling typ tapsi,"Zink, Zn",Köttprodukter kötträtter,2.3,mg
6943,Gryta m. kött kyckling typ tapsi,Vitamin E,Köttprodukter kötträtter,2.5,mg
6943,Gryta m. kött kyckling typ tapsi,Vitamin D,Köttprodukter kötträtter,1.28,µg
6943,Gryta m. kött kyckling typ tapsi,Vitamin C,Köttprodukter kötträtter,1.9,mg
6943,Gryta m. kött kyckling typ tapsi,Vitamin B6,Köttprodukter kötträtter,0.25,mg
6943,Gryta m. kött kyckling typ tapsi,Vitamin B12,Köttprodukter kötträtter,0.51,µg
6943,Gryta m. kött kyckling typ tapsi,Vitamin A,Köttprodukter kötträtter,40.5,RE/µg
6943,Gryta m. kött kyckling typ tapsi,Vatten,Köttprodukter kötträtter,61.4,g
6943,Gryta m. kött kyckling typ tapsi,Tiamin,Köttprodukter kötträtter,0.06,mg
6943,Gryta m. kött kyckling typ tapsi,Tillsatt socker,Köttprodukter kötträtter,0.0,g
6943,Gryta m. kött kyckling typ tapsi,Fritt socker,Köttprodukter kötträtter,0.0,g
6943,Gryta m. kött kyckling typ tapsi,"Selen, Se",Köttprodukter kötträtter,10.9,µg
6943,Gryta m. kött kyckling typ tapsi,Sackaros,Köttprodukter kötträtter,0.1,g
6943,Gryta m. kött kyckling typ tapsi,Riboflavin,Köttprodukter kötträtter,0.17,mg
6943,Gryta m. kött kyckling typ tapsi,Retinol,Köttprodukter kötträtter,37.7,µg
6943,Gryta m. kött kyckling typ tapsi,Protein,Köttprodukter kötträtter,21.3,g
6943,Gryta m. kött kyckling typ tapsi,Summa fleromättade fettsyror,Köttprodukter kötträtter,2.1,g
6943,Gryta m. kött kyckling typ tapsi,"Fosfor, P",Köttprodukter kötträtter,173.0,mg
6943,Gryta m. kött kyckling typ tapsi,Niacinekvivalenter,Köttprodukter kötträtter,9.82,NE/mg
6943,Gryta m. kött kyckling typ tapsi,Niacin,Köttprodukter kötträtter,5.91,mg
6943,Gryta m. kött kyckling typ tapsi,"Salt, NaCl",Köttprodukter kötträtter,0.4,g
6943,Gryta m. kött kyckling typ tapsi,"Natrium, Na",Köttprodukter kötträtter,153.0,mg
6943,Gryta m. kött kyckling typ tapsi,Monosackarider,Köttprodukter kötträtter,0.4,g
6943,Gryta m. kött kyckling typ tapsi,"Sockerarter, totalt",Köttprodukter kötträtter,0.4,g
6943,Gryta m. kött kyckling typ tapsi,Summa enkelomättade fettsyror,Köttprodukter kötträtter,7.0,g
6943,Gryta m. kött kyckling typ tapsi,"Magnesium, Mg",Köttprodukter kötträtter,25.0,mg
6943,Gryta m. kött kyckling typ tapsi,Summa mättade fettsyror,Köttprodukter kötträtter,4.7,g
6943,Gryta m. kött kyckling typ tapsi,"Kolhydrater, tillgängliga",Köttprodukter kötträtter,0.8,g
6943,Gryta m. kött kyckling typ tapsi,Kolesterol,Köttprodukter kötträtter,88.2,mg
6943,Gryta m. kött kyckling typ tapsi,"Kalium, K",Köttprodukter kötträtter,217.0,mg
6943,Gryta m. kött kyckling typ tapsi,"Jod, I",Köttprodukter kötträtter,8.9,µg
6943,Gryta m. kött kyckling typ tapsi,Fullkorn totalt,Köttprodukter kötträtter,0.0,g
6943,Gryta m. kött kyckling typ tapsi,"Folat, totalt",Köttprodukter kötträtter,20.3,µg
6943,Gryta m. kött kyckling typ tapsi,Fibrer,Köttprodukter kötträtter,0.3,g
6943,Gryta m. kött kyckling typ tapsi,"Fett, totalt",Köttprodukter kötträtter,15.0,g
6943,Gryta m. kött kyckling typ tapsi,"Järn, Fe",Köttprodukter kötträtter,1.2,mg
6943,Gryta m. kött kyckling typ tapsi,Energi (kJ),Köttprodukter kötträtter,933.0,kJ
6943,Gryta m. kött kyckling typ tapsi,Energi (kcal),Köttprodukter kötträtter,223.0,kcal
6943,Gryta m. kött kyckling typ tapsi,Disackarider,Köttprodukter kötträtter,0.1,g
6943,Gryta m. kött kyckling typ tapsi,"Kalcium, Ca",Köttprodukter kötträtter,15.0,mg
6943,Gryta m. kött kyckling typ tapsi,Fettsyra 4:0-10:0,Köttprodukter kötträtter,0.0,g
6943,Gryta m. kött kyckling typ tapsi,DHA (C22:6),Köttprodukter kötträtter,0.1,g
6943,Gryta m. kött kyckling typ tapsi,DPA (C22:5),Köttprodukter kötträtter,0.0,g
6943,Gryta m. kött kyckling typ tapsi,EPA (C20:5),Köttprodukter kötträtter,0.0,g
6943,Gryta m. kött kyckling typ tapsi,Arakidonsyra C20:4,Köttprodukter kötträtter,0.1,g
6943,Gryta m. kött kyckling typ tapsi,Arakidinsyra C20:0,Köttprodukter kötträtter,0.0,g
6943,Gryta m. kött kyckling typ tapsi,Linolensyra C18:3,Köttprodukter kötträtter,0.1,g
6943,Gryta m. kött kyckling typ tapsi,Linolsyra C18:2,Köttprodukter kötträtter,1.7,g
6943,Gryta m. kött kyckling typ tapsi,Oljesyra C18:1,Köttprodukter kötträtter,5.7,g
6943,Gryta m. kött kyckling typ tapsi,Stearinsyra C18:0,Köttprodukter kötträtter,1.0,g
6943,Gryta m. kött kyckling typ tapsi,Palmitoljesyra C16:1,Köttprodukter kötträtter,1.1,g
6943,Gryta m. kött kyckling typ tapsi,Palmitinsyra C16:0,Köttprodukter kötträtter,3.4,g
6943,Gryta m. kött kyckling typ tapsi,Myristinsyra C14:0,Köttprodukter kötträtter,0.2,g
6943,Gryta m. kött kyckling typ tapsi,Laurinsyra C12:0,Köttprodukter kötträtter,0.0,g
6943,Gryta m. kött kyckling typ tapsi,Betakaroten/β-Karoten,Köttprodukter kötträtter,31.0,µg
6943,Gryta m. kött kyckling typ tapsi,Avfall (skal etc.),Köttprodukter kötträtter,37.0,%
6943,Gryta m. kött kyckling typ tapsi,Aska,Köttprodukter kötträtter,1.3,g
6943,Gryta m. kött kyckling typ tapsi,Alkohol,Köttprodukter kötträtter,0.0,g
6945,Fatteh veg.,"Zink, Zn",Grönsaks- rotfrukts- baljväxträtter o produkter,1.3,mg
6945,Fatteh veg.,Vitamin E,Grönsaks- rotfrukts- baljväxträtter o produkter,1.2,mg
6945,Fatteh veg.,Vitamin D,Grönsaks- rotfrukts- baljväxträtter o produkter,0.3,µg
6945,Fatteh veg.,Vitamin C,Grönsaks- rotfrukts- baljväxträtter o produkter,2.3,mg
6945,Fatteh veg.,Vitamin B6,Grönsaks- rotfrukts- baljväxträtter o produkter,0.09,mg
6945,Fatteh veg.,Vitamin B12,Grönsaks- rotfrukts- baljväxträtter o produkter,0.06,µg
6945,Fatteh veg.,Vitamin A,Grönsaks- rotfrukts- baljväxträtter o produkter,14.2,RE/µg
6945,Fatteh veg.,Vatten,Grönsaks- rotfrukts- baljväxträtter o produkter,69.9,g
6945,Fatteh veg.,Tiamin,Grönsaks- rotfrukts- baljväxträtter o produkter,0.1,mg
6945,Fatteh veg.,Tillsatt socker,Grönsaks- rotfrukts- baljväxträtter o produkter,0.0,g
6945,Fatteh veg.,Fritt socker,Grönsaks- rotfrukts- baljväxträtter o produkter,0.0,g
6945,Fatteh veg.,"Selen, Se",Grönsaks- rotfrukts- baljväxträtter o produkter,3.0,µg
6945,Fatteh veg.,Sackaros,Grönsaks- rotfrukts- baljväxträtter o produkter,0.3,g
6945,Fatteh veg.,Riboflavin,Grönsaks- rotfrukts- baljväxträtter o produkter,0.07,mg
6945,Fatteh veg.,Retinol,Grönsaks- rotfrukts- baljväxträtter o produkter,11.2,µg
6945,Fatteh veg.,Protein,Grönsaks- rotfrukts- baljväxträtter o produkter,5.2,g
6945,Fatteh veg.,Summa fleromättade fettsyror,Grönsaks- rotfrukts- baljväxträtter o produkter,2.2,g
6945,Fatteh veg.,"Fosfor, P",Grönsaks- rotfrukts- baljväxträtter o produkter,103.0,mg
6945,Fatteh veg.,Niacinekvivalenter,Grönsaks- rotfrukts- baljväxträtter o produkter,1.45,NE/mg
6945,Fatteh veg.,Niacin,Grönsaks- rotfrukts- baljväxträtter o produkter,0.51,mg
6945,Fatteh veg.,"Salt, NaCl",Grönsaks- rotfrukts- baljväxträtter o produkter,0.4,g
6945,Fatteh veg.,"Natrium, Na",Grönsaks- rotfrukts- baljväxträtter o produkter,171.0,mg
6945,Fatteh veg.,Monosackarider,Grönsaks- rotfrukts- baljväxträtter o produkter,0.2,g
6945,Fatteh veg.,"Sockerarter, totalt",Grönsaks- rotfrukts- baljväxträtter o produkter,1.5,g
6945,Fatteh veg.,Summa enkelomättade fettsyror,Grönsaks- rotfrukts- baljväxträtter o produkter,2.6,g
6945,Fatteh veg.,"Magnesium, Mg",Grönsaks- rotfrukts- baljväxträtter o produkter,33.0,mg
6945,Fatteh veg.,Summa mättade fettsyror,Grönsaks- rotfrukts- baljväxträtter o produkter,1.5,g
6945,Fatteh veg.,"Kolhydrater, tillgängliga",Grönsaks- rotfrukts- baljväxträtter o produkter,12.8,g
6945,Fatteh veg.,Kolesterol,Grönsaks- rotfrukts- baljväxträtter o produkter,5.1,mg
6945,Fatteh veg.,"Kalium, K",Grönsaks- rotfrukts- baljväxträtter o produkter,145.0,mg
6945,Fatteh veg.,"Jod, I",Grönsaks- rotfrukts- baljväxträtter o produkter,13.2,µg
6945,Fatteh veg.,Fullkorn totalt,Grönsaks- rotfrukts- baljväxträtter o produkter,0.0,g
6945,Fatteh veg.,"Folat, totalt",Grönsaks- rotfrukts- baljväxträtter o produkter,37.0,µg
6945,Fatteh veg.,Fibrer,Grönsaks- rotfrukts- baljväxträtter o produkter,4.0,g
6945,Fatteh veg.,"Fett, totalt",Grönsaks- rotfrukts- baljväxträtter o produkter,7.1,g
6945,Fatteh veg.,"Järn, Fe",Grönsaks- rotfrukts- baljväxträtter o produkter,1.1,mg
6945,Fatteh veg.,Energi (kJ),Grönsaks- rotfrukts- baljväxträtter o produkter,599.0,kJ
6945,Fatteh veg.,Energi (kcal),Grönsaks- rotfrukts- baljväxträtter o produkter,143.0,kcal
6945,Fatteh veg.,Disackarider,Grönsaks- rotfrukts- baljväxträtter o produkter,1.3,g
6945,Fatteh veg.,"Kalcium, Ca",Grönsaks- rotfrukts- baljväxträtter o produkter,66.0,mg
6945,Fatteh veg.,Fettsyra 4:0-10:0,Grönsaks- rotfrukts- baljväxträtter o produkter,0.1,g
6945,Fatteh veg.,DHA (C22:6),Grönsaks- rotfrukts- baljväxträtter o produkter,0.0,g
6945,Fatteh veg.,DPA (C22:5),Grönsaks- rotfrukts- baljväxträtter o produkter,0.0,g
6945,Fatteh veg.,EPA (C20:5),Grönsaks- rotfrukts- baljväxträtter o produkter,0.0,g
6945,Fatteh veg.,Arakidonsyra C20:4,Grönsaks- rotfrukts- baljväxträtter o produkter,0.0,g
6945,Fatteh veg.,Arakidinsyra C20:0,Grönsaks- rotfrukts- baljväxträtter o produkter,0.0,g
6945,Fatteh veg.,Linolensyra C18:3,Grönsaks- rotfrukts- baljväxträtter o produkter,0.2,g
6945,Fatteh veg.,Linolsyra C18:2,Grönsaks- rotfrukts- baljväxträtter o produkter,2.0,g
6945,Fatteh veg.,Oljesyra C18:1,Grönsaks- rotfrukts- baljväxträtter o produkter,2.5,g
6945,Fatteh veg.,Stearinsyra C18:0,Grönsaks- rotfrukts- baljväxträtter o produkter,0.3,g
6945,Fatteh veg.,Palmitoljesyra C16:1,Grönsaks- rotfrukts- baljväxträtter o produkter,0.0,g
6945,Fatteh veg.,Palmitinsyra C16:0,Grönsaks- rotfrukts- baljväxträtter o produkter,0.8,g
6945,Fatteh veg.,Myristinsyra C14:0,Grönsaks- rotfrukts- baljväxträtter o produkter,0.2,g
6945,Fatteh veg.,Laurinsyra C12:0,Grönsaks- rotfrukts- baljväxträtter o produkter,0.0,g
6945,Fatteh veg.,Betakaroten/β-Karoten,Grönsaks- rotfrukts- baljväxträtter o produkter,34.0,µg
6945,Fatteh veg.,Avfall (skal etc.),Grönsaks- rotfrukts- baljväxträtter o produkter,0.0,%
6945,Fatteh veg.,Aska,Grönsaks- rotfrukts- baljväxträtter o produkter,1.0,g
6945,Fatteh veg.,Alkohol,Grönsaks- rotfrukts- baljväxträtter o produkter,0.0,g
6946,Fatteh m. kyckling,"Zink, Zn",Fågelprodukter fågelrätter,1.2,mg
6946,Fatteh m. kyckling,Vitamin E,Fågelprodukter fågelrätter,1.0,mg
6946,Fatteh m. kyckling,Vitamin D,Fågelprodukter fågelrätter,0.35,µg
6946,Fatteh m. kyckling,Vitamin C,Fågelprodukter fågelrätter,0.8,mg
6946,Fatteh m. kyckling,Vitamin B6,Fågelprodukter fågelrätter,0.1,mg
6946,Fatteh m. kyckling,Vitamin B12,Fågelprodukter fågelrätter,0.12,µg
6946,Fatteh m. kyckling,Vitamin A,Fågelprodukter fågelrätter,14.5,RE/µg
6946,Fatteh m. kyckling,Vatten,Fågelprodukter fågelrätter,73.3,g
6946,Fatteh m. kyckling,Tiamin,Fågelprodukter fågelrätter,0.06,mg
6946,Fatteh m. kyckling,Tillsatt socker,Fågelprodukter fågelrätter,0.0,g
6946,Fatteh m. kyckling,Fritt socker,Fågelprodukter fågelrätter,0.0,g
6946,Fatteh m. kyckling,"Selen, Se",Fågelprodukter fågelrätter,3.0,µg
6946,Fatteh m. kyckling,Sackaros,Fågelprodukter fågelrätter,0.2,g
6946,Fatteh m. kyckling,Riboflavin,Fågelprodukter fågelrätter,0.08,mg
6946,Fatteh m. kyckling,Retinol,Fågelprodukter fågelrätter,13.6,µg
6946,Fatteh m. kyckling,Protein,Fågelprodukter fågelrätter,7.6,g
6946,Fatteh m. kyckling,Summa fleromättade fettsyror,Fågelprodukter fågelrätter,1.1,g
6946,Fatteh m. kyckling,"Fosfor, P",Fågelprodukter fågelrätter,101.0,mg
6946,Fatteh m. kyckling,Niacinekvivalenter,Fågelprodukter fågelrätter,3.14,NE/mg
6946,Fatteh m. kyckling,Niacin,Fågelprodukter fågelrätter,1.74,mg
6946,Fatteh m. kyckling,"Salt, NaCl",Fågelprodukter fågelrätter,0.6,g
6946,Fatteh m. kyckling,"Natrium, Na",Fågelprodukter fågelrätter,236.0,mg
6946,Fatteh m. kyckling,Monosackarider,Fågelprodukter fågelrätter,0.1,g
6946,Fatteh m. kyckling,"Sockerarter, totalt",Fågelprodukter fågelrätter,1.3,g
6946,Fatteh m. kyckling,Summa enkelomättade fettsyror,Fågelprodukter fågelrätter,1.7,g
6946,Fatteh m. kyckling,"Magnesium, Mg",Fågelprodukter fågelrätter,22.0,mg
6946,Fatteh m. kyckling,Summa mättade fettsyror,Fågelprodukter fågelrätter,1.3,g
6946,Fatteh m. kyckling,"Kolhydrater, tillgängliga",Fågelprodukter fågelrätter,10.3,g
6946,Fatteh m. kyckling,Kolesterol,Fågelprodukter fågelrätter,17.0,mg
6946,Fatteh m. kyckling,"Kalium, K",Fågelprodukter fågelrätter,123.0,mg
6946,Fatteh m. kyckling,"Jod, I",Fågelprodukter fågelrätter,13.3,µg
6946,Fatteh m. kyckling,Fullkorn totalt,Fågelprodukter fågelrätter,0.0,g
6946,Fatteh m. kyckling,"Folat, totalt",Fågelprodukter fågelrätter,28.7,µg
6946,Fatteh m. kyckling,Fibrer,Fågelprodukter fågelrätter,2.9,g
6946,Fatteh m. kyckling,"Fett, totalt",Fågelprodukter fågelrätter,4.6,g
6946,Fatteh m. kyckling,"Järn, Fe",Fågelprodukter fågelrätter,0.7,mg
6946,Fatteh m. kyckling,Energi (kJ),Fågelprodukter fågelrätter,499.0,kJ
6946,Fatteh m. kyckling,Energi (kcal),Fågelprodukter fågelrätter,119.0,kcal
6946,Fatteh m. kyckling,Disackarider,Fågelprodukter fågelrätter,1.2,g
6946,Fatteh m. kyckling,"Kalcium, Ca",Fågelprodukter fågelrätter,51.0,mg
6946,Fatteh m. kyckling,Fettsyra 4:0-10:0,Fågelprodukter fågelrätter,0.1,g
6946,Fatteh m. kyckling,DHA (C22:6),Fågelprodukter fågelrätter,0.0,g
6946,Fatteh m. kyckling,DPA (C22:5),Fågelprodukter fågelrätter,0.0,g
6946,Fatteh m. kyckling,EPA (C20:5),Fågelprodukter fågelrätter,0.0,g
6946,Fatteh m. kyckling,Arakidonsyra C20:4,Fågelprodukter fågelrätter,0.0,g
6946,Fatteh m. kyckling,Arakidinsyra C20:0,Fågelprodukter fågelrätter,0.0,g
6946,Fatteh m. kyckling,Linolensyra C18:3,Fågelprodukter fågelrätter,0.1,g
6946,Fatteh m. kyckling,Linolsyra C18:2,Fågelprodukter fågelrätter,0.9,g
6946,Fatteh m. kyckling,Oljesyra C18:1,Fågelprodukter fågelrätter,1.6,g
6946,Fatteh m. kyckling,Stearinsyra C18:0,Fågelprodukter fågelrätter,0.2,g
6946,Fatteh m. kyckling,Palmitoljesyra C16:1,Fågelprodukter fågelrätter,0.1,g
6946,Fatteh m. kyckling,Palmitinsyra C16:0,Fågelprodukter fågelrätter,0.7,g
6946,Fatteh m. kyckling,Myristinsyra C14:0,Fågelprodukter fågelrätter,0.1,g
6946,Fatteh m. kyckling,Laurinsyra C12:0,Fågelprodukter fågelrätter,0.0,g
6946,Fatteh m. kyckling,Betakaroten/β-Karoten,Fågelprodukter fågelrätter,10.0,µg
6946,Fatteh m. kyckling,Avfall (skal etc.),Fågelprodukter fågelrätter,0.0,%
6946,Fatteh m. kyckling,Aska,Fågelprodukter fågelrätter,1.2,g
6946,Fatteh m. kyckling,Alkohol,Fågelprodukter fågelrätter,0.0,g
6948,Börek m. spenat fetaost veg.,"Zink, Zn",Pizza paj pirog färdig smörgås,1.1,mg
6948,Börek m. spenat fetaost veg.,Vitamin E,Pizza paj pirog färdig smörgås,2.0,mg
6948,Börek m. spenat fetaost veg.,Vitamin D,Pizza paj pirog färdig smörgås,0.13,µg
6948,Börek m. spenat fetaost veg.,Vitamin C,Pizza paj pirog färdig smörgås,2.6,mg
6948,Börek m. spenat fetaost veg.,Vitamin B6,Pizza paj pirog färdig smörgås,0.1,mg
6948,Börek m. spenat fetaost veg.,Vitamin B12,Pizza paj pirog färdig smörgås,0.25,µg
6948,Börek m. spenat fetaost veg.,Vitamin A,Pizza paj pirog färdig smörgås,190.3,RE/µg
6948,Börek m. spenat fetaost veg.,Vatten,Pizza paj pirog färdig smörgås,60.1,g
6948,Börek m. spenat fetaost veg.,Tiamin,Pizza paj pirog färdig smörgås,0.08,mg
6948,Börek m. spenat fetaost veg.,Tillsatt socker,Pizza paj pirog färdig smörgås,0.0,g
6948,Börek m. spenat fetaost veg.,Fritt socker,Pizza paj pirog färdig smörgås,0.0,g
6948,Börek m. spenat fetaost veg.,"Selen, Se",Pizza paj pirog färdig smörgås,5.0,µg
6948,Börek m. spenat fetaost veg.,Sackaros,Pizza paj pirog färdig smörgås,0.5,g
6948,Börek m. spenat fetaost veg.,Riboflavin,Pizza paj pirog färdig smörgås,0.15,mg
6948,Börek m. spenat fetaost veg.,Retinol,Pizza paj pirog färdig smörgås,83.8,µg
6948,Börek m. spenat fetaost veg.,Protein,Pizza paj pirog färdig smörgås,7.6,g
6948,Börek m. spenat fetaost veg.,Summa fleromättade fettsyror,Pizza paj pirog färdig smörgås,1.5,g
6948,Börek m. spenat fetaost veg.,"Fosfor, P",Pizza paj pirog färdig smörgås,120.0,mg
6948,Börek m. spenat fetaost veg.,Niacinekvivalenter,Pizza paj pirog färdig smörgås,2.11,NE/mg
6948,Börek m. spenat fetaost veg.,Niacin,Pizza paj pirog färdig smörgås,0.55,mg
6948,Börek m. spenat fetaost veg.,"Salt, NaCl",Pizza paj pirog färdig smörgås,1.2,g
6948,Börek m. spenat fetaost veg.,"Natrium, Na",Pizza paj pirog färdig smörgås,503.0,mg
6948,Börek m. spenat fetaost veg.,Monosackarider,Pizza paj pirog färdig smörgås,1.0,g
6948,Börek m. spenat fetaost veg.,"Sockerarter, totalt",Pizza paj pirog färdig smörgås,2.4,g
6948,Börek m. spenat fetaost veg.,Summa enkelomättade fettsyror,Pizza paj pirog färdig smörgås,4.5,g
6948,Börek m. spenat fetaost veg.,"Magnesium, Mg",Pizza paj pirog färdig smörgås,32.0,mg
6948,Börek m. spenat fetaost veg.,Summa mättade fettsyror,Pizza paj pirog färdig smörgås,5.0,g
6948,Börek m. spenat fetaost veg.,"Kolhydrater, tillgängliga",Pizza paj pirog färdig smörgås,15.8,g
6948,Börek m. spenat fetaost veg.,Kolesterol,Pizza paj pirog färdig smörgås,54.6,mg
6948,Börek m. spenat fetaost veg.,"Kalium, K",Pizza paj pirog färdig smörgås,218.0,mg
6948,Börek m. spenat fetaost veg.,"Jod, I",Pizza paj pirog färdig smörgås,48.8,µg
6948,Börek m. spenat fetaost veg.,Fullkorn totalt,Pizza paj pirog färdig smörgås,0.0,g
6948,Börek m. spenat fetaost veg.,"Folat, totalt",Pizza paj pirog färdig smörgås,37.4,µg
6948,Börek m. spenat fetaost veg.,Fibrer,Pizza paj pirog färdig smörgås,2.1,g
6948,Börek m. spenat fetaost veg.,"Fett, totalt",Pizza paj pirog färdig smörgås,12.1,g
6948,Börek m. spenat fetaost veg.,"Järn, Fe",Pizza paj pirog färdig smörgås,1.1,mg
6948,Börek m. spenat fetaost veg.,Energi (kJ),Pizza paj pirog färdig smörgås,863.0,kJ
6948,Börek m. spenat fetaost veg.,Energi (kcal),Pizza paj pirog färdig smörgås,206.0,kcal
6948,Börek m. spenat fetaost veg.,Disackarider,Pizza paj pirog färdig smörgås,1.4,g
6948,Börek m. spenat fetaost veg.,"Kalcium, Ca",Pizza paj pirog färdig smörgås,149.0,mg
6948,Börek m. spenat fetaost veg.,Fettsyra 4:0-10:0,Pizza paj pirog färdig smörgås,0.7,g
6948,Börek m. spenat fetaost veg.,DHA (C22:6),Pizza paj pirog färdig smörgås,0.0,g
6948,Börek m. spenat fetaost veg.,DPA (C22:5),Pizza paj pirog färdig smörgås,0.0,g
6948,Börek m. spenat fetaost veg.,EPA (C20:5),Pizza paj pirog färdig smörgås,0.0,g
6948,Börek m. spenat fetaost veg.,Arakidonsyra C20:4,Pizza paj pirog färdig smörgås,0.0,g
6948,Börek m. spenat fetaost veg.,Arakidinsyra C20:0,Pizza paj pirog färdig smörgås,0.0,g
6948,Börek m. spenat fetaost veg.,Linolensyra C18:3,Pizza paj pirog färdig smörgås,0.3,g
6948,Börek m. spenat fetaost veg.,Linolsyra C18:2,Pizza paj pirog färdig smörgås,1.2,g
6948,Börek m. spenat fetaost veg.,Oljesyra C18:1,Pizza paj pirog färdig smörgås,4.2,g
6948,Börek m. spenat fetaost veg.,Stearinsyra C18:0,Pizza paj pirog färdig smörgås,0.8,g
6948,Börek m. spenat fetaost veg.,Palmitoljesyra C16:1,Pizza paj pirog färdig smörgås,0.1,g
6948,Börek m. spenat fetaost veg.,Palmitinsyra C16:0,Pizza paj pirog färdig smörgås,2.3,g
6948,Börek m. spenat fetaost veg.,Myristinsyra C14:0,Pizza paj pirog färdig smörgås,0.6,g
6948,Börek m. spenat fetaost veg.,Laurinsyra C12:0,Pizza paj pirog färdig smörgås,0.2,g
6948,Börek m. spenat fetaost veg.,Betakaroten/β-Karoten,Pizza paj pirog färdig smörgås,1272.0,µg
6948,Börek m. spenat fetaost veg.,Avfall (skal etc.),Pizza paj pirog färdig smörgås,2.0,%
6948,Börek m. spenat fetaost veg.,Aska,Pizza paj pirog färdig smörgås,2.2,g
6948,Börek m. spenat fetaost veg.,Alkohol,Pizza paj pirog färdig smörgås,0.0,g
6949,Börek m. köttfärs,"Zink, Zn",Pizza paj pirog färdig smörgås,1.7,mg
6949,Börek m. köttfärs,Vitamin E,Pizza paj pirog färdig smörgås,1.2,mg
6949,Börek m. köttfärs,Vitamin D,Pizza paj pirog färdig smörgås,0.1,µg
6949,Börek m. köttfärs,Vitamin C,Pizza paj pirog färdig smörgås,1.7,mg
6949,Börek m. köttfärs,Vitamin B6,Pizza paj pirog färdig smörgås,0.15,mg
6949,Börek m. köttfärs,Vitamin B12,Pizza paj pirog färdig smörgås,0.34,µg
6949,Börek m. köttfärs,Vitamin A,Pizza paj pirog färdig smörgås,32.0,RE/µg
6949,Börek m. köttfärs,Vatten,Pizza paj pirog färdig smörgås,54.5,g
6949,Börek m. köttfärs,Tiamin,Pizza paj pirog färdig smörgås,0.21,mg
6949,Börek m. köttfärs,Tillsatt socker,Pizza paj pirog färdig smörgås,0.0,g
6949,Börek m. köttfärs,Fritt socker,Pizza paj pirog färdig smörgås,0.0,g
6949,Börek m. köttfärs,"Selen, Se",Pizza paj pirog färdig smörgås,6.6,µg
6949,Börek m. köttfärs,Sackaros,Pizza paj pirog färdig smörgås,0.4,g
6949,Börek m. köttfärs,Riboflavin,Pizza paj pirog färdig smörgås,0.1,mg
6949,Börek m. köttfärs,Retinol,Pizza paj pirog färdig smörgås,26.5,µg
6949,Börek m. köttfärs,Protein,Pizza paj pirog färdig smörgås,9.7,g
6949,Börek m. köttfärs,Summa fleromättade fettsyror,Pizza paj pirog färdig smörgås,1.5,g
6949,Börek m. köttfärs,"Fosfor, P",Pizza paj pirog färdig smörgås,122.0,mg
6949,Börek m. köttfärs,Niacinekvivalenter,Pizza paj pirog färdig smörgås,3.96,NE/mg
6949,Börek m. köttfärs,Niacin,Pizza paj pirog färdig smörgås,2.22,mg
6949,Börek m. köttfärs,"Salt, NaCl",Pizza paj pirog färdig smörgås,1.2,g
6949,Börek m. köttfärs,"Natrium, Na",Pizza paj pirog färdig smörgås,486.0,mg
6949,Börek m. köttfärs,Monosackarider,Pizza paj pirog färdig smörgås,0.9,g
6949,Börek m. köttfärs,"Sockerarter, totalt",Pizza paj pirog färdig smörgås,2.5,g
6949,Börek m. köttfärs,Summa enkelomättade fettsyror,Pizza paj pirog färdig smörgås,4.2,g
6949,Börek m. köttfärs,"Magnesium, Mg",Pizza paj pirog färdig smörgås,24.0,mg
6949,Börek m. köttfärs,Summa mättade fettsyror,Pizza paj pirog färdig smörgås,3.6,g
6949,Börek m. köttfärs,"Kolhydrater, tillgängliga",Pizza paj pirog färdig smörgås,22.2,g
6949,Börek m. köttfärs,Kolesterol,Pizza paj pirog färdig smörgås,34.0,mg
6949,Börek m. köttfärs,"Kalium, K",Pizza paj pirog färdig smörgås,205.0,mg
6949,Börek m. köttfärs,"Jod, I",Pizza paj pirog färdig smörgås,49.7,µg
6949,Börek m. köttfärs,Fullkorn totalt,Pizza paj pirog färdig smörgås,0.0,g
6949,Börek m. köttfärs,"Folat, totalt",Pizza paj pirog färdig smörgås,15.0,µg
6949,Börek m. köttfärs,Fibrer,Pizza paj pirog färdig smörgås,1.6,g
6949,Börek m. köttfärs,"Fett, totalt",Pizza paj pirog färdig smörgås,10.1,g
6949,Börek m. köttfärs,"Järn, Fe",Pizza paj pirog färdig smörgås,1.3,mg
6949,Börek m. köttfärs,Energi (kJ),Pizza paj pirog färdig smörgås,929.0,kJ
6949,Börek m. köttfärs,Energi (kcal),Pizza paj pirog färdig smörgås,222.0,kcal
6949,Börek m. köttfärs,Disackarider,Pizza paj pirog färdig smörgås,1.6,g
6949,Börek m. köttfärs,"Kalcium, Ca",Pizza paj pirog färdig smörgås,62.0,mg
6949,Börek m. köttfärs,Fettsyra 4:0-10:0,Pizza paj pirog färdig smörgås,0.2,g
6949,Börek m. köttfärs,DHA (C22:6),Pizza paj pirog färdig smörgås,0.0,g
6949,Börek m. köttfärs,DPA (C22:5),Pizza paj pirog färdig smörgås,0.0,g
6949,Börek m. köttfärs,EPA (C20:5),Pizza paj pirog färdig smörgås,0.0,g
6949,Börek m. köttfärs,Arakidonsyra C20:4,Pizza paj pirog färdig smörgås,0.0,g
6949,Börek m. köttfärs,Arakidinsyra C20:0,Pizza paj pirog färdig smörgås,0.0,g
6949,Börek m. köttfärs,Linolensyra C18:3,Pizza paj pirog färdig smörgås,0.2,g
6949,Börek m. köttfärs,Linolsyra C18:2,Pizza paj pirog färdig smörgås,1.2,g
6949,Börek m. köttfärs,Oljesyra C18:1,Pizza paj pirog färdig smörgås,3.9,g
6949,Börek m. köttfärs,Stearinsyra C18:0,Pizza paj pirog färdig smörgås,0.9,g
6949,Börek m. köttfärs,Palmitoljesyra C16:1,Pizza paj pirog färdig smörgås,0.2,g
6949,Börek m. köttfärs,Palmitinsyra C16:0,Pizza paj pirog färdig smörgås,1.9,g
6949,Börek m. köttfärs,Myristinsyra C14:0,Pizza paj pirog färdig smörgås,0.3,g
6949,Börek m. köttfärs,Laurinsyra C12:0,Pizza paj pirog färdig smörgås,0.1,g
6949,Börek m. köttfärs,Betakaroten/β-Karoten,Pizza paj pirog färdig smörgås,58.0,µg
6949,Börek m. köttfärs,Avfall (skal etc.),Pizza paj pirog färdig smörgås,1.0,%
6949,Börek m. köttfärs,Aska,Pizza paj pirog färdig smörgås,1.9,g
6949,Börek m. köttfärs,Alkohol,Pizza paj pirog färdig smörgås,0.0,g
6950,Pizza orientalisk,"Zink, Zn",Pizza paj pirog färdig smörgås,1.8,mg
6950,Pizza orientalisk,Vitamin E,Pizza paj pirog färdig smörgås,1.2,mg
6950,Pizza orientalisk,Vitamin D,Pizza paj pirog färdig smörgås,0.04,µg
6950,Pizza orientalisk,Vitamin C,Pizza paj pirog färdig smörgås,7.4,mg
6950,Pizza orientalisk,Vitamin B6,Pizza paj pirog färdig smörgås,0.13,mg
6950,Pizza orientalisk,Vitamin B12,Pizza paj pirog färdig smörgås,0.35,µg
6950,Pizza orientalisk,Vitamin A,Pizza paj pirog färdig smörgås,17.1,RE/µg
6950,Pizza orientalisk,Vatten,Pizza paj pirog färdig smörgås,54.2,g
6950,Pizza orientalisk,Tiamin,Pizza paj pirog färdig smörgås,0.08,mg
6950,Pizza orientalisk,Tillsatt socker,Pizza paj pirog färdig smörgås,0.0,g
6950,Pizza orientalisk,Fritt socker,Pizza paj pirog färdig smörgås,0.0,g
6950,Pizza orientalisk,"Selen, Se",Pizza paj pirog färdig smörgås,5.3,µg
6950,Pizza orientalisk,Sackaros,Pizza paj pirog färdig smörgås,0.5,g
6950,Pizza orientalisk,Riboflavin,Pizza paj pirog färdig smörgås,0.09,mg
6950,Pizza orientalisk,Retinol,Pizza paj pirog färdig smörgås,3.1,µg
6950,Pizza orientalisk,Protein,Pizza paj pirog färdig smörgås,9.2,g
6950,Pizza orientalisk,Summa fleromättade fettsyror,Pizza paj pirog färdig smörgås,1.2,g
6950,Pizza orientalisk,"Fosfor, P",Pizza paj pirog färdig smörgås,102.0,mg
6950,Pizza orientalisk,Niacinekvivalenter,Pizza paj pirog färdig smörgås,3.52,NE/mg
6950,Pizza orientalisk,Niacin,Pizza paj pirog färdig smörgås,1.89,mg
6950,Pizza orientalisk,"Salt, NaCl",Pizza paj pirog färdig smörgås,1.0,g
6950,Pizza orientalisk,"Natrium, Na",Pizza paj pirog färdig smörgås,388.0,mg
6950,Pizza orientalisk,Monosackarider,Pizza paj pirog färdig smörgås,0.8,g
6950,Pizza orientalisk,"Sockerarter, totalt",Pizza paj pirog färdig smörgås,1.8,g
6950,Pizza orientalisk,Summa enkelomättade fettsyror,Pizza paj pirog färdig smörgås,3.2,g
6950,Pizza orientalisk,"Magnesium, Mg",Pizza paj pirog färdig smörgås,19.0,mg
6950,Pizza orientalisk,Summa mättade fettsyror,Pizza paj pirog färdig smörgås,1.8,g
6950,Pizza orientalisk,"Kolhydrater, tillgängliga",Pizza paj pirog färdig smörgås,26.6,g
6950,Pizza orientalisk,Kolesterol,Pizza paj pirog färdig smörgås,17.0,mg
6950,Pizza orientalisk,"Kalium, K",Pizza paj pirog färdig smörgås,201.0,mg
6950,Pizza orientalisk,"Jod, I",Pizza paj pirog färdig smörgås,48.2,µg
6950,Pizza orientalisk,Fullkorn totalt,Pizza paj pirog färdig smörgås,0.0,g
6950,Pizza orientalisk,"Folat, totalt",Pizza paj pirog färdig smörgås,20.5,µg
6950,Pizza orientalisk,Fibrer,Pizza paj pirog färdig smörgås,1.8,g
6950,Pizza orientalisk,"Fett, totalt",Pizza paj pirog färdig smörgås,6.7,g
6950,Pizza orientalisk,"Järn, Fe",Pizza paj pirog färdig smörgås,1.2,mg
6950,Pizza orientalisk,Energi (kJ),Pizza paj pirog färdig smörgås,869.0,kJ
6950,Pizza orientalisk,Energi (kcal),Pizza paj pirog färdig smörgås,208.0,kcal
6950,Pizza orientalisk,Disackarider,Pizza paj pirog färdig smörgås,1.0,g
6950,Pizza orientalisk,"Kalcium, Ca",Pizza paj pirog färdig smörgås,25.0,mg
6950,Pizza orientalisk,Fettsyra 4:0-10:0,Pizza paj pirog färdig smörgås,0.0,g
6950,Pizza orientalisk,DHA (C22:6),Pizza paj pirog färdig smörgås,0.0,g
6950,Pizza orientalisk,DPA (C22:5),Pizza paj pirog färdig smörgås,0.0,g
6950,Pizza orientalisk,EPA (C20:5),Pizza paj pirog färdig smörgås,0.0,g
6950,Pizza orientalisk,Arakidonsyra C20:4,Pizza paj pirog färdig smörgås,0.0,g
6950,Pizza orientalisk,Arakidinsyra C20:0,Pizza paj pirog färdig smörgås,0.0,g
6950,Pizza orientalisk,Linolensyra C18:3,Pizza paj pirog färdig smörgås,0.3,g
6950,Pizza orientalisk,Linolsyra C18:2,Pizza paj pirog färdig smörgås,0.9,g
6950,Pizza orientalisk,Oljesyra C18:1,Pizza paj pirog färdig smörgås,2.9,g
6950,Pizza orientalisk,Stearinsyra C18:0,Pizza paj pirog färdig smörgås,0.5,g
6950,Pizza orientalisk,Palmitoljesyra C16:1,Pizza paj pirog färdig smörgås,0.1,g
6950,Pizza orientalisk,Palmitinsyra C16:0,Pizza paj pirog färdig smörgås,1.0,g
6950,Pizza orientalisk,Myristinsyra C14:0,Pizza paj pirog färdig smörgås,0.1,g
6950,Pizza orientalisk,Laurinsyra C12:0,Pizza paj pirog färdig smörgås,0.0,g
6950,Pizza orientalisk,Betakaroten/β-Karoten,Pizza paj pirog färdig smörgås,164.0,µg
6950,Pizza orientalisk,Avfall (skal etc.),Pizza paj pirog färdig smörgås,1.0,%
6950,Pizza orientalisk,Aska,Pizza paj pirog färdig smörgås,1.6,g
6950,Pizza orientalisk,Alkohol,Pizza paj pirog färdig smörgås,0.0,g
6951,Pirog m. kött ugnsstekt typ sambusa,"Zink, Zn",Pizza paj pirog färdig smörgås,1.4,mg
6951,Pirog m. kött ugnsstekt typ sambusa,Vitamin E,Pizza paj pirog färdig smörgås,2.3,mg
6951,Pirog m. kött ugnsstekt typ sambusa,Vitamin D,Pizza paj pirog färdig smörgås,0.04,µg
6951,Pirog m. kött ugnsstekt typ sambusa,Vitamin C,Pizza paj pirog färdig smörgås,5.4,mg
6951,Pirog m. kött ugnsstekt typ sambusa,Vitamin B6,Pizza paj pirog färdig smörgås,0.1,mg
6951,Pirog m. kött ugnsstekt typ sambusa,Vitamin B12,Pizza paj pirog färdig smörgås,0.26,µg
6951,Pirog m. kött ugnsstekt typ sambusa,Vitamin A,Pizza paj pirog färdig smörgås,21.6,RE/µg
6951,Pirog m. kött ugnsstekt typ sambusa,Vatten,Pizza paj pirog färdig smörgås,52.4,g
6951,Pirog m. kött ugnsstekt typ sambusa,Tiamin,Pizza paj pirog färdig smörgås,0.11,mg
6951,Pirog m. kött ugnsstekt typ sambusa,Tillsatt socker,Pizza paj pirog färdig smörgås,0.0,g
6951,Pirog m. kött ugnsstekt typ sambusa,Fritt socker,Pizza paj pirog färdig smörgås,0.0,g
6951,Pirog m. kött ugnsstekt typ sambusa,"Selen, Se",Pizza paj pirog färdig smörgås,5.6,µg
6951,Pirog m. kött ugnsstekt typ sambusa,Sackaros,Pizza paj pirog färdig smörgås,0.9,g
6951,Pirog m. kött ugnsstekt typ sambusa,Riboflavin,Pizza paj pirog färdig smörgås,0.09,mg
6951,Pirog m. kött ugnsstekt typ sambusa,Retinol,Pizza paj pirog färdig smörgås,10.5,µg
6951,Pirog m. kött ugnsstekt typ sambusa,Protein,Pizza paj pirog färdig smörgås,7.8,g
6951,Pirog m. kött ugnsstekt typ sambusa,Summa fleromättade fettsyror,Pizza paj pirog färdig smörgås,2.9,g
6951,Pirog m. kött ugnsstekt typ sambusa,"Fosfor, P",Pizza paj pirog färdig smörgås,107.0,mg
6951,Pirog m. kött ugnsstekt typ sambusa,Niacinekvivalenter,Pizza paj pirog färdig smörgås,2.87,NE/mg
6951,Pirog m. kött ugnsstekt typ sambusa,Niacin,Pizza paj pirog färdig smörgås,1.48,mg
6951,Pirog m. kött ugnsstekt typ sambusa,"Salt, NaCl",Pizza paj pirog färdig smörgås,1.4,g
6951,Pirog m. kött ugnsstekt typ sambusa,"Natrium, Na",Pizza paj pirog färdig smörgås,574.0,mg
6951,Pirog m. kött ugnsstekt typ sambusa,Monosackarider,Pizza paj pirog färdig smörgås,1.5,g
6951,Pirog m. kött ugnsstekt typ sambusa,"Sockerarter, totalt",Pizza paj pirog färdig smörgås,2.8,g
6951,Pirog m. kött ugnsstekt typ sambusa,Summa enkelomättade fettsyror,Pizza paj pirog färdig smörgås,5.0,g
6951,Pirog m. kött ugnsstekt typ sambusa,"Magnesium, Mg",Pizza paj pirog färdig smörgås,25.0,mg
6951,Pirog m. kött ugnsstekt typ sambusa,Summa mättade fettsyror,Pizza paj pirog färdig smörgås,1.7,g
6951,Pirog m. kött ugnsstekt typ sambusa,"Kolhydrater, tillgängliga",Pizza paj pirog färdig smörgås,25.1,g
6951,Pirog m. kött ugnsstekt typ sambusa,Kolesterol,Pizza paj pirog färdig smörgås,23.3,mg
6951,Pirog m. kött ugnsstekt typ sambusa,"Kalium, K",Pizza paj pirog färdig smörgås,196.0,mg
6951,Pirog m. kött ugnsstekt typ sambusa,"Jod, I",Pizza paj pirog färdig smörgås,74.1,µg
6951,Pirog m. kött ugnsstekt typ sambusa,Fullkorn totalt,Pizza paj pirog färdig smörgås,0.0,g
6951,Pirog m. kött ugnsstekt typ sambusa,"Folat, totalt",Pizza paj pirog färdig smörgås,27.2,µg
6951,Pirog m. kött ugnsstekt typ sambusa,Fibrer,Pizza paj pirog färdig smörgås,2.1,g
6951,Pirog m. kött ugnsstekt typ sambusa,"Fett, totalt",Pizza paj pirog färdig smörgås,10.5,g
6951,Pirog m. kött ugnsstekt typ sambusa,"Järn, Fe",Pizza paj pirog färdig smörgås,1.2,mg
6951,Pirog m. kött ugnsstekt typ sambusa,Energi (kJ),Pizza paj pirog färdig smörgås,964.0,kJ
6951,Pirog m. kött ugnsstekt typ sambusa,Energi (kcal),Pizza paj pirog färdig smörgås,230.0,kcal
6951,Pirog m. kött ugnsstekt typ sambusa,Disackarider,Pizza paj pirog färdig smörgås,1.3,g
6951,Pirog m. kött ugnsstekt typ sambusa,"Kalcium, Ca",Pizza paj pirog färdig smörgås,37.0,mg
6951,Pirog m. kött ugnsstekt typ sambusa,Fettsyra 4:0-10:0,Pizza paj pirog färdig smörgås,0.0,g
6951,Pirog m. kött ugnsstekt typ sambusa,DHA (C22:6),Pizza paj pirog färdig smörgås,0.0,g
6951,Pirog m. kött ugnsstekt typ sambusa,DPA (C22:5),Pizza paj pirog färdig smörgås,0.0,g
6951,Pirog m. kött ugnsstekt typ sambusa,EPA (C20:5),Pizza paj pirog färdig smörgås,0.0,g
6951,Pirog m. kött ugnsstekt typ sambusa,Arakidonsyra C20:4,Pizza paj pirog färdig smörgås,0.0,g
6951,Pirog m. kött ugnsstekt typ sambusa,Arakidinsyra C20:0,Pizza paj pirog färdig smörgås,0.0,g
6951,Pirog m. kött ugnsstekt typ sambusa,Linolensyra C18:3,Pizza paj pirog färdig smörgås,0.6,g
6951,Pirog m. kött ugnsstekt typ sambusa,Linolsyra C18:2,Pizza paj pirog färdig smörgås,2.3,g
6951,Pirog m. kött ugnsstekt typ sambusa,Oljesyra C18:1,Pizza paj pirog färdig smörgås,4.8,g
6951,Pirog m. kött ugnsstekt typ sambusa,Stearinsyra C18:0,Pizza paj pirog färdig smörgås,0.5,g
6951,Pirog m. kött ugnsstekt typ sambusa,Palmitoljesyra C16:1,Pizza paj pirog färdig smörgås,0.1,g
6951,Pirog m. kött ugnsstekt typ sambusa,Palmitinsyra C16:0,Pizza paj pirog färdig smörgås,1.0,g
6951,Pirog m. kött ugnsstekt typ sambusa,Myristinsyra C14:0,Pizza paj pirog färdig smörgås,0.1,g
6951,Pirog m. kött ugnsstekt typ sambusa,Laurinsyra C12:0,Pizza paj pirog färdig smörgås,0.0,g
6951,Pirog m. kött ugnsstekt typ sambusa,Betakaroten/β-Karoten,Pizza paj pirog färdig smörgås,129.0,µg
6951,Pirog m. kött ugnsstekt typ sambusa,Avfall (skal etc.),Pizza paj pirog färdig smörgås,3.0,%
6951,Pirog m. kött ugnsstekt typ sambusa,Aska,Pizza paj pirog färdig smörgås,2.1,g
6951,Pirog m. kött ugnsstekt typ sambusa,Alkohol,Pizza paj pirog färdig smörgås,0.0,g
6952,Pirog m. spenat ugnsstekt veg. typ sambusa,"Zink, Zn",Pizza paj pirog färdig smörgås,0.5,mg
6952,Pirog m. spenat ugnsstekt veg. typ sambusa,Vitamin E,Pizza paj pirog färdig smörgås,2.7,mg
6952,Pirog m. spenat ugnsstekt veg. typ sambusa,Vitamin D,Pizza paj pirog färdig smörgås,0.02,µg
6952,Pirog m. spenat ugnsstekt veg. typ sambusa,Vitamin C,Pizza paj pirog färdig smörgås,9.6,mg
6952,Pirog m. spenat ugnsstekt veg. typ sambusa,Vitamin B6,Pizza paj pirog färdig smörgås,0.13,mg
6952,Pirog m. spenat ugnsstekt veg. typ sambusa,Vitamin B12,Pizza paj pirog färdig smörgås,0.05,µg
6952,Pirog m. spenat ugnsstekt veg. typ sambusa,Vitamin A,Pizza paj pirog färdig smörgås,107.1,RE/µg
6952,Pirog m. spenat ugnsstekt veg. typ sambusa,Vatten,Pizza paj pirog färdig smörgås,59.3,g
6952,Pirog m. spenat ugnsstekt veg. typ sambusa,Tiamin,Pizza paj pirog färdig smörgås,0.07,mg
6952,Pirog m. spenat ugnsstekt veg. typ sambusa,Tillsatt socker,Pizza paj pirog färdig smörgås,0.0,g
6952,Pirog m. spenat ugnsstekt veg. typ sambusa,Fritt socker,Pizza paj pirog färdig smörgås,0.0,g
6952,Pirog m. spenat ugnsstekt veg. typ sambusa,"Selen, Se",Pizza paj pirog färdig smörgås,6.4,µg
6952,Pirog m. spenat ugnsstekt veg. typ sambusa,Sackaros,Pizza paj pirog färdig smörgås,0.9,g
6952,Pirog m. spenat ugnsstekt veg. typ sambusa,Riboflavin,Pizza paj pirog färdig smörgås,0.09,mg
6952,Pirog m. spenat ugnsstekt veg. typ sambusa,Retinol,Pizza paj pirog färdig smörgås,8.0,µg
6952,Pirog m. spenat ugnsstekt veg. typ sambusa,Protein,Pizza paj pirog färdig smörgås,4.1,g
6952,Pirog m. spenat ugnsstekt veg. typ sambusa,Summa fleromättade fettsyror,Pizza paj pirog färdig smörgås,1.9,g
6952,Pirog m. spenat ugnsstekt veg. typ sambusa,"Fosfor, P",Pizza paj pirog färdig smörgås,64.0,mg
6952,Pirog m. spenat ugnsstekt veg. typ sambusa,Niacinekvivalenter,Pizza paj pirog färdig smörgås,1.35,NE/mg
6952,Pirog m. spenat ugnsstekt veg. typ sambusa,Niacin,Pizza paj pirog färdig smörgås,0.61,mg
6952,Pirog m. spenat ugnsstekt veg. typ sambusa,"Salt, NaCl",Pizza paj pirog färdig smörgås,1.1,g
6952,Pirog m. spenat ugnsstekt veg. typ sambusa,"Natrium, Na",Pizza paj pirog färdig smörgås,446.0,mg
6952,Pirog m. spenat ugnsstekt veg. typ sambusa,Monosackarider,Pizza paj pirog färdig smörgås,0.8,g
6952,Pirog m. spenat ugnsstekt veg. typ sambusa,"Sockerarter, totalt",Pizza paj pirog färdig smörgås,2.1,g
6952,Pirog m. spenat ugnsstekt veg. typ sambusa,Summa enkelomättade fettsyror,Pizza paj pirog färdig smörgås,5.7,g
6952,Pirog m. spenat ugnsstekt veg. typ sambusa,"Magnesium, Mg",Pizza paj pirog färdig smörgås,35.0,mg
6952,Pirog m. spenat ugnsstekt veg. typ sambusa,Summa mättade fettsyror,Pizza paj pirog färdig smörgås,1.1,g
6952,Pirog m. spenat ugnsstekt veg. typ sambusa,"Kolhydrater, tillgängliga",Pizza paj pirog färdig smörgås,23.2,g
6952,Pirog m. spenat ugnsstekt veg. typ sambusa,Kolesterol,Pizza paj pirog färdig smörgås,11.6,mg
6952,Pirog m. spenat ugnsstekt veg. typ sambusa,"Kalium, K",Pizza paj pirog färdig smörgås,300.0,mg
6952,Pirog m. spenat ugnsstekt veg. typ sambusa,"Jod, I",Pizza paj pirog färdig smörgås,56.0,µg
6952,Pirog m. spenat ugnsstekt veg. typ sambusa,Fullkorn totalt,Pizza paj pirog färdig smörgås,0.0,g
6952,Pirog m. spenat ugnsstekt veg. typ sambusa,"Folat, totalt",Pizza paj pirog färdig smörgås,53.3,µg
6952,Pirog m. spenat ugnsstekt veg. typ sambusa,Fibrer,Pizza paj pirog färdig smörgås,2.0,g
6952,Pirog m. spenat ugnsstekt veg. typ sambusa,"Fett, totalt",Pizza paj pirog färdig smörgås,9.3,g
6952,Pirog m. spenat ugnsstekt veg. typ sambusa,"Järn, Fe",Pizza paj pirog färdig smörgås,1.0,mg
6952,Pirog m. spenat ugnsstekt veg. typ sambusa,Energi (kJ),Pizza paj pirog färdig smörgås,826.0,kJ
6952,Pirog m. spenat ugnsstekt veg. typ sambusa,Energi (kcal),Pizza paj pirog färdig smörgås,197.0,kcal
6952,Pirog m. spenat ugnsstekt veg. typ sambusa,Disackarider,Pizza paj pirog färdig smörgås,1.2,g
6952,Pirog m. spenat ugnsstekt veg. typ sambusa,"Kalcium, Ca",Pizza paj pirog färdig smörgås,39.0,mg
6952,Pirog m. spenat ugnsstekt veg. typ sambusa,Fettsyra 4:0-10:0,Pizza paj pirog färdig smörgås,0.0,g
6952,Pirog m. spenat ugnsstekt veg. typ sambusa,DHA (C22:6),Pizza paj pirog färdig smörgås,0.0,g
6952,Pirog m. spenat ugnsstekt veg. typ sambusa,DPA (C22:5),Pizza paj pirog färdig smörgås,0.0,g
6952,Pirog m. spenat ugnsstekt veg. typ sambusa,EPA (C20:5),Pizza paj pirog färdig smörgås,0.0,g
6952,Pirog m. spenat ugnsstekt veg. typ sambusa,Arakidonsyra C20:4,Pizza paj pirog färdig smörgås,0.0,g
6952,Pirog m. spenat ugnsstekt veg. typ sambusa,Arakidinsyra C20:0,Pizza paj pirog färdig smörgås,0.0,g
6952,Pirog m. spenat ugnsstekt veg. typ sambusa,Linolensyra C18:3,Pizza paj pirog färdig smörgås,0.5,g
6952,Pirog m. spenat ugnsstekt veg. typ sambusa,Linolsyra C18:2,Pizza paj pirog färdig smörgås,1.4,g
6952,Pirog m. spenat ugnsstekt veg. typ sambusa,Oljesyra C18:1,Pizza paj pirog färdig smörgås,5.5,g
6952,Pirog m. spenat ugnsstekt veg. typ sambusa,Stearinsyra C18:0,Pizza paj pirog färdig smörgås,0.2,g
6952,Pirog m. spenat ugnsstekt veg. typ sambusa,Palmitoljesyra C16:1,Pizza paj pirog färdig smörgås,0.1,g
6952,Pirog m. spenat ugnsstekt veg. typ sambusa,Palmitinsyra C16:0,Pizza paj pirog färdig smörgås,0.8,g
6952,Pirog m. spenat ugnsstekt veg. typ sambusa,Myristinsyra C14:0,Pizza paj pirog färdig smörgås,0.0,g
6952,Pirog m. spenat ugnsstekt veg. typ sambusa,Laurinsyra C12:0,Pizza paj pirog färdig smörgås,0.0,g
6952,Pirog m. spenat ugnsstekt veg. typ sambusa,Betakaroten/β-Karoten,Pizza paj pirog färdig smörgås,1175.0,µg
6952,Pirog m. spenat ugnsstekt veg. typ sambusa,Avfall (skal etc.),Pizza paj pirog färdig smörgås,2.0,%
6952,Pirog m. spenat ugnsstekt veg. typ sambusa,Aska,Pizza paj pirog färdig smörgås,2.0,g
6952,Pirog m. spenat ugnsstekt veg. typ sambusa,Alkohol,Pizza paj pirog färdig smörgås,0.0,g
6953,Pirog m. ost ugnsstekt typ sambusa,"Zink, Zn",Pizza paj pirog färdig smörgås,1.1,mg
6953,Pirog m. ost ugnsstekt typ sambusa,Vitamin E,Pizza paj pirog färdig smörgås,2.1,mg
6953,Pirog m. ost ugnsstekt typ sambusa,Vitamin D,Pizza paj pirog färdig smörgås,0.04,µg
6953,Pirog m. ost ugnsstekt typ sambusa,Vitamin C,Pizza paj pirog färdig smörgås,0.8,mg
6953,Pirog m. ost ugnsstekt typ sambusa,Vitamin B6,Pizza paj pirog färdig smörgås,0.04,mg
6953,Pirog m. ost ugnsstekt typ sambusa,Vitamin B12,Pizza paj pirog färdig smörgås,0.4,µg
6953,Pirog m. ost ugnsstekt typ sambusa,Vitamin A,Pizza paj pirog färdig smörgås,79.5,RE/µg
6953,Pirog m. ost ugnsstekt typ sambusa,Vatten,Pizza paj pirog färdig smörgås,44.7,g
6953,Pirog m. ost ugnsstekt typ sambusa,Tiamin,Pizza paj pirog färdig smörgås,0.06,mg
6953,Pirog m. ost ugnsstekt typ sambusa,Tillsatt socker,Pizza paj pirog färdig smörgås,1.0,g
6953,Pirog m. ost ugnsstekt typ sambusa,Fritt socker,Pizza paj pirog färdig smörgås,1.0,g
6953,Pirog m. ost ugnsstekt typ sambusa,"Selen, Se",Pizza paj pirog färdig smörgås,5.9,µg
6953,Pirog m. ost ugnsstekt typ sambusa,Sackaros,Pizza paj pirog färdig smörgås,0.6,g
6953,Pirog m. ost ugnsstekt typ sambusa,Riboflavin,Pizza paj pirog färdig smörgås,0.14,mg
6953,Pirog m. ost ugnsstekt typ sambusa,Retinol,Pizza paj pirog färdig smörgås,77.8,µg
6953,Pirog m. ost ugnsstekt typ sambusa,Protein,Pizza paj pirog färdig smörgås,10.2,g
6953,Pirog m. ost ugnsstekt typ sambusa,Summa fleromättade fettsyror,Pizza paj pirog färdig smörgås,2.2,g
6953,Pirog m. ost ugnsstekt typ sambusa,"Fosfor, P",Pizza paj pirog färdig smörgås,159.0,mg
6953,Pirog m. ost ugnsstekt typ sambusa,Niacinekvivalenter,Pizza paj pirog färdig smörgås,2.71,NE/mg
6953,Pirog m. ost ugnsstekt typ sambusa,Niacin,Pizza paj pirog färdig smörgås,0.54,mg
6953,Pirog m. ost ugnsstekt typ sambusa,"Salt, NaCl",Pizza paj pirog färdig smörgås,1.2,g
6953,Pirog m. ost ugnsstekt typ sambusa,"Natrium, Na",Pizza paj pirog färdig smörgås,471.0,mg
6953,Pirog m. ost ugnsstekt typ sambusa,Monosackarider,Pizza paj pirog färdig smörgås,0.1,g
6953,Pirog m. ost ugnsstekt typ sambusa,"Sockerarter, totalt",Pizza paj pirog färdig smörgås,1.2,g
6953,Pirog m. ost ugnsstekt typ sambusa,Summa enkelomättade fettsyror,Pizza paj pirog färdig smörgås,5.4,g
6953,Pirog m. ost ugnsstekt typ sambusa,"Magnesium, Mg",Pizza paj pirog färdig smörgås,16.0,mg
6953,Pirog m. ost ugnsstekt typ sambusa,Summa mättade fettsyror,Pizza paj pirog färdig smörgås,5.3,g
6953,Pirog m. ost ugnsstekt typ sambusa,"Kolhydrater, tillgängliga",Pizza paj pirog färdig smörgås,27.8,g
6953,Pirog m. ost ugnsstekt typ sambusa,Kolesterol,Pizza paj pirog färdig smörgås,35.0,mg
6953,Pirog m. ost ugnsstekt typ sambusa,"Kalium, K",Pizza paj pirog färdig smörgås,96.0,mg
6953,Pirog m. ost ugnsstekt typ sambusa,"Jod, I",Pizza paj pirog färdig smörgås,49.2,µg
6953,Pirog m. ost ugnsstekt typ sambusa,Fullkorn totalt,Pizza paj pirog färdig smörgås,0.0,g
6953,Pirog m. ost ugnsstekt typ sambusa,"Folat, totalt",Pizza paj pirog färdig smörgås,24.4,µg
6953,Pirog m. ost ugnsstekt typ sambusa,Fibrer,Pizza paj pirog färdig smörgås,1.3,g
6953,Pirog m. ost ugnsstekt typ sambusa,"Fett, totalt",Pizza paj pirog färdig smörgås,14.0,g
6953,Pirog m. ost ugnsstekt typ sambusa,"Järn, Fe",Pizza paj pirog färdig smörgås,0.5,mg
6953,Pirog m. ost ugnsstekt typ sambusa,Energi (kJ),Pizza paj pirog färdig smörgås,1176.0,kJ
6953,Pirog m. ost ugnsstekt typ sambusa,Energi (kcal),Pizza paj pirog färdig smörgås,281.0,kcal
6953,Pirog m. ost ugnsstekt typ sambusa,Disackarider,Pizza paj pirog färdig smörgås,1.2,g
6953,Pirog m. ost ugnsstekt typ sambusa,"Kalcium, Ca",Pizza paj pirog färdig smörgås,153.0,mg
6953,Pirog m. ost ugnsstekt typ sambusa,Fettsyra 4:0-10:0,Pizza paj pirog färdig smörgås,0.7,g
6953,Pirog m. ost ugnsstekt typ sambusa,DHA (C22:6),Pizza paj pirog färdig smörgås,0.0,g
6953,Pirog m. ost ugnsstekt typ sambusa,DPA (C22:5),Pizza paj pirog färdig smörgås,0.0,g
6953,Pirog m. ost ugnsstekt typ sambusa,EPA (C20:5),Pizza paj pirog färdig smörgås,0.0,g
6953,Pirog m. ost ugnsstekt typ sambusa,Arakidonsyra C20:4,Pizza paj pirog färdig smörgås,0.0,g
6953,Pirog m. ost ugnsstekt typ sambusa,Arakidinsyra C20:0,Pizza paj pirog färdig smörgås,0.0,g
6953,Pirog m. ost ugnsstekt typ sambusa,Linolensyra C18:3,Pizza paj pirog färdig smörgås,0.6,g
6953,Pirog m. ost ugnsstekt typ sambusa,Linolsyra C18:2,Pizza paj pirog färdig smörgås,1.6,g
6953,Pirog m. ost ugnsstekt typ sambusa,Oljesyra C18:1,Pizza paj pirog färdig smörgås,5.1,g
6953,Pirog m. ost ugnsstekt typ sambusa,Stearinsyra C18:0,Pizza paj pirog färdig smörgås,0.9,g
6953,Pirog m. ost ugnsstekt typ sambusa,Palmitoljesyra C16:1,Pizza paj pirog färdig smörgås,0.1,g
6953,Pirog m. ost ugnsstekt typ sambusa,Palmitinsyra C16:0,Pizza paj pirog färdig smörgås,2.4,g
6953,Pirog m. ost ugnsstekt typ sambusa,Myristinsyra C14:0,Pizza paj pirog färdig smörgås,0.7,g
6953,Pirog m. ost ugnsstekt typ sambusa,Laurinsyra C12:0,Pizza paj pirog färdig smörgås,0.2,g
6953,Pirog m. ost ugnsstekt typ sambusa,Betakaroten/β-Karoten,Pizza paj pirog färdig smörgås,20.0,µg
6953,Pirog m. ost ugnsstekt typ sambusa,Avfall (skal etc.),Pizza paj pirog färdig smörgås,1.0,%
6953,Pirog m. ost ugnsstekt typ sambusa,Aska,Pizza paj pirog färdig smörgås,2.0,g
6953,Pirog m. ost ugnsstekt typ sambusa,Alkohol,Pizza paj pirog färdig smörgås,0.0,g
6955,Pirog m. grönsaker friterad veg. typ sambusa,"Zink, Zn",Pizza paj pirog färdig smörgås,0.3,mg
6955,Pirog m. grönsaker friterad veg. typ sambusa,Vitamin E,Pizza paj pirog färdig smörgås,3.1,mg
6955,Pirog m. grönsaker friterad veg. typ sambusa,Vitamin D,Pizza paj pirog färdig smörgås,0.0,µg
6955,Pirog m. grönsaker friterad veg. typ sambusa,Vitamin C,Pizza paj pirog färdig smörgås,2.8,mg
6955,Pirog m. grönsaker friterad veg. typ sambusa,Vitamin B6,Pizza paj pirog färdig smörgås,0.1,mg
6955,Pirog m. grönsaker friterad veg. typ sambusa,Vitamin B12,Pizza paj pirog färdig smörgås,0.0,µg
6955,Pirog m. grönsaker friterad veg. typ sambusa,Vitamin A,Pizza paj pirog färdig smörgås,69.4,RE/µg
6955,Pirog m. grönsaker friterad veg. typ sambusa,Vatten,Pizza paj pirog färdig smörgås,53.9,g
6955,Pirog m. grönsaker friterad veg. typ sambusa,Tiamin,Pizza paj pirog färdig smörgås,0.06,mg
6955,Pirog m. grönsaker friterad veg. typ sambusa,Tillsatt socker,Pizza paj pirog färdig smörgås,0.0,g
6955,Pirog m. grönsaker friterad veg. typ sambusa,Fritt socker,Pizza paj pirog färdig smörgås,0.0,g
6955,Pirog m. grönsaker friterad veg. typ sambusa,"Selen, Se",Pizza paj pirog färdig smörgås,6.4,µg
6955,Pirog m. grönsaker friterad veg. typ sambusa,Sackaros,Pizza paj pirog färdig smörgås,0.6,g
6955,Pirog m. grönsaker friterad veg. typ sambusa,Riboflavin,Pizza paj pirog färdig smörgås,0.02,mg
6955,Pirog m. grönsaker friterad veg. typ sambusa,Retinol,Pizza paj pirog färdig smörgås,0.0,µg
6955,Pirog m. grönsaker friterad veg. typ sambusa,Protein,Pizza paj pirog färdig smörgås,4.3,g
6955,Pirog m. grönsaker friterad veg. typ sambusa,Summa fleromättade fettsyror,Pizza paj pirog färdig smörgås,3.2,g
6955,Pirog m. grönsaker friterad veg. typ sambusa,"Fosfor, P",Pizza paj pirog färdig smörgås,62.0,mg
6955,Pirog m. grönsaker friterad veg. typ sambusa,Niacinekvivalenter,Pizza paj pirog färdig smörgås,1.44,NE/mg
6955,Pirog m. grönsaker friterad veg. typ sambusa,Niacin,Pizza paj pirog färdig smörgås,0.73,mg
6955,Pirog m. grönsaker friterad veg. typ sambusa,"Salt, NaCl",Pizza paj pirog färdig smörgås,0.9,g
6955,Pirog m. grönsaker friterad veg. typ sambusa,"Natrium, Na",Pizza paj pirog färdig smörgås,340.0,mg
6955,Pirog m. grönsaker friterad veg. typ sambusa,Monosackarider,Pizza paj pirog färdig smörgås,0.8,g
6955,Pirog m. grönsaker friterad veg. typ sambusa,"Sockerarter, totalt",Pizza paj pirog färdig smörgås,1.8,g
6955,Pirog m. grönsaker friterad veg. typ sambusa,Summa enkelomättade fettsyror,Pizza paj pirog färdig smörgås,6.1,g
6955,Pirog m. grönsaker friterad veg. typ sambusa,"Magnesium, Mg",Pizza paj pirog färdig smörgås,17.0,mg
6955,Pirog m. grönsaker friterad veg. typ sambusa,Summa mättade fettsyror,Pizza paj pirog färdig smörgås,1.1,g
6955,Pirog m. grönsaker friterad veg. typ sambusa,"Kolhydrater, tillgängliga",Pizza paj pirog färdig smörgås,26.7,g
6955,Pirog m. grönsaker friterad veg. typ sambusa,Kolesterol,Pizza paj pirog färdig smörgås,0.0,mg
6955,Pirog m. grönsaker friterad veg. typ sambusa,"Kalium, K",Pizza paj pirog färdig smörgås,180.0,mg
6955,Pirog m. grönsaker friterad veg. typ sambusa,"Jod, I",Pizza paj pirog färdig smörgås,24.0,µg
6955,Pirog m. grönsaker friterad veg. typ sambusa,Fullkorn totalt,Pizza paj pirog färdig smörgås,0.0,g
6955,Pirog m. grönsaker friterad veg. typ sambusa,"Folat, totalt",Pizza paj pirog färdig smörgås,12.7,µg
6955,Pirog m. grönsaker friterad veg. typ sambusa,Fibrer,Pizza paj pirog färdig smörgås,2.8,g
6955,Pirog m. grönsaker friterad veg. typ sambusa,"Fett, totalt",Pizza paj pirog färdig smörgås,11.0,g
6955,Pirog m. grönsaker friterad veg. typ sambusa,"Järn, Fe",Pizza paj pirog färdig smörgås,0.7,mg
6955,Pirog m. grönsaker friterad veg. typ sambusa,Energi (kJ),Pizza paj pirog färdig smörgås,956.0,kJ
6955,Pirog m. grönsaker friterad veg. typ sambusa,Energi (kcal),Pizza paj pirog färdig smörgås,228.0,kcal
6955,Pirog m. grönsaker friterad veg. typ sambusa,Disackarider,Pizza paj pirog färdig smörgås,1.0,g
6955,Pirog m. grönsaker friterad veg. typ sambusa,"Kalcium, Ca",Pizza paj pirog färdig smörgås,25.0,mg
6955,Pirog m. grönsaker friterad veg. typ sambusa,Fettsyra 4:0-10:0,Pizza paj pirog färdig smörgås,0.0,g
6955,Pirog m. grönsaker friterad veg. typ sambusa,DHA (C22:6),Pizza paj pirog färdig smörgås,0.0,g
6955,Pirog m. grönsaker friterad veg. typ sambusa,DPA (C22:5),Pizza paj pirog färdig smörgås,0.0,g
6955,Pirog m. grönsaker friterad veg. typ sambusa,EPA (C20:5),Pizza paj pirog färdig smörgås,0.0,g
6955,Pirog m. grönsaker friterad veg. typ sambusa,Arakidonsyra C20:4,Pizza paj pirog färdig smörgås,0.0,g
6955,Pirog m. grönsaker friterad veg. typ sambusa,Arakidinsyra C20:0,Pizza paj pirog färdig smörgås,0.1,g
6955,Pirog m. grönsaker friterad veg. typ sambusa,Linolensyra C18:3,Pizza paj pirog färdig smörgås,0.7,g
6955,Pirog m. grönsaker friterad veg. typ sambusa,Linolsyra C18:2,Pizza paj pirog färdig smörgås,2.6,g
6955,Pirog m. grönsaker friterad veg. typ sambusa,Oljesyra C18:1,Pizza paj pirog färdig smörgås,5.9,g
6955,Pirog m. grönsaker friterad veg. typ sambusa,Stearinsyra C18:0,Pizza paj pirog färdig smörgås,0.2,g
6955,Pirog m. grönsaker friterad veg. typ sambusa,Palmitoljesyra C16:1,Pizza paj pirog färdig smörgås,0.0,g
6955,Pirog m. grönsaker friterad veg. typ sambusa,Palmitinsyra C16:0,Pizza paj pirog färdig smörgås,0.7,g
6955,Pirog m. grönsaker friterad veg. typ sambusa,Myristinsyra C14:0,Pizza paj pirog färdig smörgås,0.0,g
6955,Pirog m. grönsaker friterad veg. typ sambusa,Laurinsyra C12:0,Pizza paj pirog färdig smörgås,0.0,g
6955,Pirog m. grönsaker friterad veg. typ sambusa,Betakaroten/β-Karoten,Pizza paj pirog färdig smörgås,707.0,µg
6955,Pirog m. grönsaker friterad veg. typ sambusa,Avfall (skal etc.),Pizza paj pirog färdig smörgås,1.0,%
6955,Pirog m. grönsaker friterad veg. typ sambusa,Aska,Pizza paj pirog färdig smörgås,1.4,g
6955,Pirog m. grönsaker friterad veg. typ sambusa,Alkohol,Pizza paj pirog färdig smörgås,0.0,g
6956,Dolma veg.,"Zink, Zn",Grönsaks- rotfrukts- baljväxträtter o produkter,0.5,mg
6956,Dolma veg.,Vitamin E,Grönsaks- rotfrukts- baljväxträtter o produkter,1.2,mg
6956,Dolma veg.,Vitamin D,Grönsaks- rotfrukts- baljväxträtter o produkter,0.0,µg
6956,Dolma veg.,Vitamin C,Grönsaks- rotfrukts- baljväxträtter o produkter,14.2,mg
6956,Dolma veg.,Vitamin B6,Grönsaks- rotfrukts- baljväxträtter o produkter,0.13,mg
6956,Dolma veg.,Vitamin B12,Grönsaks- rotfrukts- baljväxträtter o produkter,0.0,µg
6956,Dolma veg.,Vitamin A,Grönsaks- rotfrukts- baljväxträtter o produkter,32.5,RE/µg
6956,Dolma veg.,Vatten,Grönsaks- rotfrukts- baljväxträtter o produkter,78.4,g
6956,Dolma veg.,Tiamin,Grönsaks- rotfrukts- baljväxträtter o produkter,0.05,mg
6956,Dolma veg.,Tillsatt socker,Grönsaks- rotfrukts- baljväxträtter o produkter,0.0,g
6956,Dolma veg.,Fritt socker,Grönsaks- rotfrukts- baljväxträtter o produkter,0.0,g
6956,Dolma veg.,"Selen, Se",Grönsaks- rotfrukts- baljväxträtter o produkter,1.0,µg
6956,Dolma veg.,Sackaros,Grönsaks- rotfrukts- baljväxträtter o produkter,0.5,g
6956,Dolma veg.,Riboflavin,Grönsaks- rotfrukts- baljväxträtter o produkter,0.03,mg
6956,Dolma veg.,Retinol,Grönsaks- rotfrukts- baljväxträtter o produkter,0.0,µg
6956,Dolma veg.,Protein,Grönsaks- rotfrukts- baljväxträtter o produkter,2.5,g
6956,Dolma veg.,Summa fleromättade fettsyror,Grönsaks- rotfrukts- baljväxträtter o produkter,0.8,g
6956,Dolma veg.,"Fosfor, P",Grönsaks- rotfrukts- baljväxträtter o produkter,40.0,mg
6956,Dolma veg.,Niacinekvivalenter,Grönsaks- rotfrukts- baljväxträtter o produkter,0.95,NE/mg
6956,Dolma veg.,Niacin,Grönsaks- rotfrukts- baljväxträtter o produkter,0.53,mg
6956,Dolma veg.,"Salt, NaCl",Grönsaks- rotfrukts- baljväxträtter o produkter,0.7,g
6956,Dolma veg.,"Natrium, Na",Grönsaks- rotfrukts- baljväxträtter o produkter,264.0,mg
6956,Dolma veg.,Monosackarider,Grönsaks- rotfrukts- baljväxträtter o produkter,2.0,g
6956,Dolma veg.,"Sockerarter, totalt",Grönsaks- rotfrukts- baljväxträtter o produkter,2.5,g
6956,Dolma veg.,Summa enkelomättade fettsyror,Grönsaks- rotfrukts- baljväxträtter o produkter,1.9,g
6956,Dolma veg.,"Magnesium, Mg",Grönsaks- rotfrukts- baljväxträtter o produkter,19.0,mg
6956,Dolma veg.,Summa mättade fettsyror,Grönsaks- rotfrukts- baljväxträtter o produkter,0.3,g
6956,Dolma veg.,"Kolhydrater, tillgängliga",Grönsaks- rotfrukts- baljväxträtter o produkter,12.5,g
6956,Dolma veg.,Kolesterol,Grönsaks- rotfrukts- baljväxträtter o produkter,0.0,mg
6956,Dolma veg.,"Kalium, K",Grönsaks- rotfrukts- baljväxträtter o produkter,152.0,mg
6956,Dolma veg.,"Jod, I",Grönsaks- rotfrukts- baljväxträtter o produkter,33.4,µg
6956,Dolma veg.,Fullkorn totalt,Grönsaks- rotfrukts- baljväxträtter o produkter,0.0,g
6956,Dolma veg.,"Folat, totalt",Grönsaks- rotfrukts- baljväxträtter o produkter,26.7,µg
6956,Dolma veg.,Fibrer,Grönsaks- rotfrukts- baljväxträtter o produkter,2.1,g
6956,Dolma veg.,"Fett, totalt",Grönsaks- rotfrukts- baljväxträtter o produkter,3.1,g
6956,Dolma veg.,"Järn, Fe",Grönsaks- rotfrukts- baljväxträtter o produkter,0.8,mg
6956,Dolma veg.,Energi (kJ),Grönsaks- rotfrukts- baljväxträtter o produkter,388.0,kJ
6956,Dolma veg.,Energi (kcal),Grönsaks- rotfrukts- baljväxträtter o produkter,93.0,kcal
6956,Dolma veg.,Disackarider,Grönsaks- rotfrukts- baljväxträtter o produkter,0.5,g
6956,Dolma veg.,"Kalcium, Ca",Grönsaks- rotfrukts- baljväxträtter o produkter,34.0,mg
6956,Dolma veg.,Fettsyra 4:0-10:0,Grönsaks- rotfrukts- baljväxträtter o produkter,0.0,g
6956,Dolma veg.,DHA (C22:6),Grönsaks- rotfrukts- baljväxträtter o produkter,0.0,g
6956,Dolma veg.,DPA (C22:5),Grönsaks- rotfrukts- baljväxträtter o produkter,0.0,g
6956,Dolma veg.,EPA (C20:5),Grönsaks- rotfrukts- baljväxträtter o produkter,0.0,g
6956,Dolma veg.,Arakidonsyra C20:4,Grönsaks- rotfrukts- baljväxträtter o produkter,0.0,g
6956,Dolma veg.,Arakidinsyra C20:0,Grönsaks- rotfrukts- baljväxträtter o produkter,0.0,g
6956,Dolma veg.,Linolensyra C18:3,Grönsaks- rotfrukts- baljväxträtter o produkter,0.2,g
6956,Dolma veg.,Linolsyra C18:2,Grönsaks- rotfrukts- baljväxträtter o produkter,0.5,g
6956,Dolma veg.,Oljesyra C18:1,Grönsaks- rotfrukts- baljväxträtter o produkter,1.8,g
6956,Dolma veg.,Stearinsyra C18:0,Grönsaks- rotfrukts- baljväxträtter o produkter,0.1,g
6956,Dolma veg.,Palmitoljesyra C16:1,Grönsaks- rotfrukts- baljväxträtter o produkter,0.0,g
6956,Dolma veg.,Palmitinsyra C16:0,Grönsaks- rotfrukts- baljväxträtter o produkter,0.2,g
6956,Dolma veg.,Myristinsyra C14:0,Grönsaks- rotfrukts- baljväxträtter o produkter,0.0,g
6956,Dolma veg.,Laurinsyra C12:0,Grönsaks- rotfrukts- baljväxträtter o produkter,0.0,g
6956,Dolma veg.,Betakaroten/β-Karoten,Grönsaks- rotfrukts- baljväxträtter o produkter,383.0,µg
6956,Dolma veg.,Avfall (skal etc.),Grönsaks- rotfrukts- baljväxträtter o produkter,5.0,%
6956,Dolma veg.,Aska,Grönsaks- rotfrukts- baljväxträtter o produkter,1.3,g
6956,Dolma veg.,Alkohol,Grönsaks- rotfrukts- baljväxträtter o produkter,0.0,g
6958,Grön chilisås typ basbaas cagaar,"Zink, Zn","Senap ketchup HP-sås soja ""smaksättare""",0.2,mg
6958,Grön chilisås typ basbaas cagaar,Vitamin E,"Senap ketchup HP-sås soja ""smaksättare""",0.4,mg
6958,Grön chilisås typ basbaas cagaar,Vitamin D inkl 25-OH-D3,"Senap ketchup HP-sås soja ""smaksättare""",0.0,µg
6958,Grön chilisås typ basbaas cagaar,Vitamin D,"Senap ketchup HP-sås soja ""smaksättare""",0.0,µg
6958,Grön chilisås typ basbaas cagaar,Vitamin C,"Senap ketchup HP-sås soja ""smaksättare""",35.8,mg
6958,Grön chilisås typ basbaas cagaar,Vitamin B6,"Senap ketchup HP-sås soja ""smaksättare""",0.14,mg
6958,Grön chilisås typ basbaas cagaar,Vitamin B12,"Senap ketchup HP-sås soja ""smaksättare""",0.0,µg
6958,Grön chilisås typ basbaas cagaar,Vitamin A,"Senap ketchup HP-sås soja ""smaksättare""",38.9,RE/µg
6958,Grön chilisås typ basbaas cagaar,Vatten,"Senap ketchup HP-sås soja ""smaksättare""",87.1,g
6958,Grön chilisås typ basbaas cagaar,Tiamin,"Senap ketchup HP-sås soja ""smaksättare""",0.05,mg
6958,Grön chilisås typ basbaas cagaar,Tillsatt socker,"Senap ketchup HP-sås soja ""smaksättare""",2.0,g
6958,Grön chilisås typ basbaas cagaar,Fritt socker,"Senap ketchup HP-sås soja ""smaksättare""",2.0,g
6958,Grön chilisås typ basbaas cagaar,"Selen, Se","Senap ketchup HP-sås soja ""smaksättare""",0.4,µg
6958,Grön chilisås typ basbaas cagaar,Sackaros,"Senap ketchup HP-sås soja ""smaksättare""",2.9,g
6958,Grön chilisås typ basbaas cagaar,Riboflavin,"Senap ketchup HP-sås soja ""smaksättare""",0.04,mg
6958,Grön chilisås typ basbaas cagaar,Retinol,"Senap ketchup HP-sås soja ""smaksättare""",0.0,µg
6958,Grön chilisås typ basbaas cagaar,Protein,"Senap ketchup HP-sås soja ""smaksättare""",1.4,g
6958,Grön chilisås typ basbaas cagaar,Summa fleromättade fettsyror,"Senap ketchup HP-sås soja ""smaksättare""",0.1,g
6958,Grön chilisås typ basbaas cagaar,"Fosfor, P","Senap ketchup HP-sås soja ""smaksättare""",33.0,mg
6958,Grön chilisås typ basbaas cagaar,Niacinekvivalenter,"Senap ketchup HP-sås soja ""smaksättare""",0.75,NE/mg
6958,Grön chilisås typ basbaas cagaar,Niacin,"Senap ketchup HP-sås soja ""smaksättare""",0.52,mg
6958,Grön chilisås typ basbaas cagaar,"Salt, NaCl","Senap ketchup HP-sås soja ""smaksättare""",0.4,g
6958,Grön chilisås typ basbaas cagaar,"Natrium, Na","Senap ketchup HP-sås soja ""smaksättare""",168.0,mg
6958,Grön chilisås typ basbaas cagaar,Monosackarider,"Senap ketchup HP-sås soja ""smaksättare""",2.2,g
6958,Grön chilisås typ basbaas cagaar,"Sockerarter, totalt","Senap ketchup HP-sås soja ""smaksättare""",5.1,g
6958,Grön chilisås typ basbaas cagaar,Summa enkelomättade fettsyror,"Senap ketchup HP-sås soja ""smaksättare""",0.0,g
6958,Grön chilisås typ basbaas cagaar,"Magnesium, Mg","Senap ketchup HP-sås soja ""smaksättare""",18.0,mg
6958,Grön chilisås typ basbaas cagaar,Summa mättade fettsyror,"Senap ketchup HP-sås soja ""smaksättare""",0.1,g
6958,Grön chilisås typ basbaas cagaar,"Kolhydrater, tillgängliga","Senap ketchup HP-sås soja ""smaksättare""",8.2,g
6958,Grön chilisås typ basbaas cagaar,Kolesterol,"Senap ketchup HP-sås soja ""smaksättare""",0.0,mg
6958,Grön chilisås typ basbaas cagaar,"Kalium, K","Senap ketchup HP-sås soja ""smaksättare""",228.0,mg
6958,Grön chilisås typ basbaas cagaar,"Jod, I","Senap ketchup HP-sås soja ""smaksättare""",21.8,µg
6958,Grön chilisås typ basbaas cagaar,Fullkorn totalt,"Senap ketchup HP-sås soja ""smaksättare""",0.0,g
6958,Grön chilisås typ basbaas cagaar,"Folat, totalt","Senap ketchup HP-sås soja ""smaksättare""",28.2,µg
6958,Grön chilisås typ basbaas cagaar,Fibrer,"Senap ketchup HP-sås soja ""smaksättare""",2.0,g
6958,Grön chilisås typ basbaas cagaar,"Fett, totalt","Senap ketchup HP-sås soja ""smaksättare""",0.3,g
6958,Grön chilisås typ basbaas cagaar,"Järn, Fe","Senap ketchup HP-sås soja ""smaksättare""",0.7,mg
6958,Grön chilisås typ basbaas cagaar,Energi (kJ),"Senap ketchup HP-sås soja ""smaksättare""",192.0,kJ
6958,Grön chilisås typ basbaas cagaar,Energi (kcal),"Senap ketchup HP-sås soja ""smaksättare""",46.0,kcal
6958,Grön chilisås typ basbaas cagaar,Disackarider,"Senap ketchup HP-sås soja ""smaksättare""",2.9,g
6958,Grön chilisås typ basbaas cagaar,"Kalcium, Ca","Senap ketchup HP-sås soja ""smaksättare""",32.0,mg
6958,Grön chilisås typ basbaas cagaar,Fettsyra 4:0-10:0,"Senap ketchup HP-sås soja ""smaksättare""",0.0,g
6958,Grön chilisås typ basbaas cagaar,DHA (C22:6),"Senap ketchup HP-sås soja ""smaksättare""",0.0,g
6958,Grön chilisås typ basbaas cagaar,DPA (C22:5),"Senap ketchup HP-sås soja ""smaksättare""",0.0,g
6958,Grön chilisås typ basbaas cagaar,EPA (C20:5),"Senap ketchup HP-sås soja ""smaksättare""",0.0,g
6958,Grön chilisås typ basbaas cagaar,Arakidonsyra C20:4,"Senap ketchup HP-sås soja ""smaksättare""",0.0,g
6958,Grön chilisås typ basbaas cagaar,Arakidinsyra C20:0,"Senap ketchup HP-sås soja ""smaksättare""",0.0,g
6958,Grön chilisås typ basbaas cagaar,Linolensyra C18:3,"Senap ketchup HP-sås soja ""smaksättare""",0.0,g
6958,Grön chilisås typ basbaas cagaar,Linolsyra C18:2,"Senap ketchup HP-sås soja ""smaksättare""",0.1,g
6958,Grön chilisås typ basbaas cagaar,Oljesyra C18:1,"Senap ketchup HP-sås soja ""smaksättare""",0.0,g
6958,Grön chilisås typ basbaas cagaar,Stearinsyra C18:0,"Senap ketchup HP-sås soja ""smaksättare""",0.0,g
6958,Grön chilisås typ basbaas cagaar,Palmitoljesyra C16:1,"Senap ketchup HP-sås soja ""smaksättare""",0.0,g
6958,Grön chilisås typ basbaas cagaar,Palmitinsyra C16:0,"Senap ketchup HP-sås soja ""smaksättare""",0.1,g
6958,Grön chilisås typ basbaas cagaar,Myristinsyra C14:0,"Senap ketchup HP-sås soja ""smaksättare""",0.0,g
6958,Grön chilisås typ basbaas cagaar,Laurinsyra C12:0,"Senap ketchup HP-sås soja ""smaksättare""",0.0,g
6958,Grön chilisås typ basbaas cagaar,Betakaroten/β-Karoten,"Senap ketchup HP-sås soja ""smaksättare""",464.0,µg
6958,Grön chilisås typ basbaas cagaar,Avfall (skal etc.),"Senap ketchup HP-sås soja ""smaksättare""",9.0,%
6958,Grön chilisås typ basbaas cagaar,Aska,"Senap ketchup HP-sås soja ""smaksättare""",1.0,g
6958,Grön chilisås typ basbaas cagaar,Alkohol,"Senap ketchup HP-sås soja ""smaksättare""",0.0,g
6959,Yoghurtdryck typ ayran,"Zink, Zn",Dryck,0.8,mg
6959,Yoghurtdryck typ ayran,Vitamin E,Dryck,0.0,mg
6959,Yoghurtdryck typ ayran,Vitamin D,Dryck,0.51,µg
6959,Yoghurtdryck typ ayran,Vitamin C,Dryck,0.0,mg
6959,Yoghurtdryck typ ayran,Vitamin B6,Dryck,0.02,mg
6959,Yoghurtdryck typ ayran,Vitamin B12,Dryck,0.11,µg
6959,Yoghurtdryck typ ayran,Vitamin A,Dryck,12.2,RE/µg
6959,Yoghurtdryck typ ayran,Vatten,Dryck,94.0,g
6959,Yoghurtdryck typ ayran,Tiamin,Dryck,0.02,mg
6959,Yoghurtdryck typ ayran,Tillsatt socker,Dryck,0.0,g
6959,Yoghurtdryck typ ayran,Fritt socker,Dryck,0.0,g
6959,Yoghurtdryck typ ayran,"Selen, Se",Dryck,0.0,µg
6959,Yoghurtdryck typ ayran,Sackaros,Dryck,0.0,g
6959,Yoghurtdryck typ ayran,Riboflavin,Dryck,0.07,mg
6959,Yoghurtdryck typ ayran,Retinol,Dryck,11.6,µg
6959,Yoghurtdryck typ ayran,Protein,Dryck,1.7,g
6959,Yoghurtdryck typ ayran,Summa fleromättade fettsyror,Dryck,0.1,g
6959,Yoghurtdryck typ ayran,"Fosfor, P",Dryck,46.0,mg
6959,Yoghurtdryck typ ayran,Niacinekvivalenter,Dryck,0.46,NE/mg
6959,Yoghurtdryck typ ayran,Niacin,Dryck,0.06,mg
6959,Yoghurtdryck typ ayran,"Salt, NaCl",Dryck,0.3,g
6959,Yoghurtdryck typ ayran,"Natrium, Na",Dryck,115.0,mg
6959,Yoghurtdryck typ ayran,Monosackarider,Dryck,0.0,g
6959,Yoghurtdryck typ ayran,"Sockerarter, totalt",Dryck,1.5,g
6959,Yoghurtdryck typ ayran,Summa enkelomättade fettsyror,Dryck,0.3,g
6959,Yoghurtdryck typ ayran,"Magnesium, Mg",Dryck,6.0,mg
6959,Yoghurtdryck typ ayran,Summa mättade fettsyror,Dryck,0.9,g
6959,Yoghurtdryck typ ayran,"Kolhydrater, tillgängliga",Dryck,2.3,g
6959,Yoghurtdryck typ ayran,Kolesterol,Dryck,5.4,mg
6959,Yoghurtdryck typ ayran,"Kalium, K",Dryck,82.0,mg
6959,Yoghurtdryck typ ayran,"Jod, I",Dryck,16.7,µg
6959,Yoghurtdryck typ ayran,Fullkorn totalt,Dryck,0.0,g
6959,Yoghurtdryck typ ayran,"Folat, totalt",Dryck,7.0,µg
6959,Yoghurtdryck typ ayran,Fibrer,Dryck,0.0,g
6959,Yoghurtdryck typ ayran,"Fett, totalt",Dryck,1.4,g
6959,Yoghurtdryck typ ayran,"Järn, Fe",Dryck,0.0,mg
6959,Yoghurtdryck typ ayran,Energi (kJ),Dryck,118.0,kJ
6959,Yoghurtdryck typ ayran,Energi (kcal),Dryck,28.0,kcal
6959,Yoghurtdryck typ ayran,Disackarider,Dryck,1.5,g
6959,Yoghurtdryck typ ayran,"Kalcium, Ca",Dryck,60.0,mg
6959,Yoghurtdryck typ ayran,Fettsyra 4:0-10:0,Dryck,0.1,g
6959,Yoghurtdryck typ ayran,DHA (C22:6),Dryck,0.0,g
6959,Yoghurtdryck typ ayran,DPA (C22:5),Dryck,0.0,g
6959,Yoghurtdryck typ ayran,EPA (C20:5),Dryck,0.0,g
6959,Yoghurtdryck typ ayran,Arakidonsyra C20:4,Dryck,0.0,g
6959,Yoghurtdryck typ ayran,Arakidinsyra C20:0,Dryck,0.0,g
6959,Yoghurtdryck typ ayran,Linolensyra C18:3,Dryck,0.0,g
6959,Yoghurtdryck typ ayran,Linolsyra C18:2,Dryck,0.0,g
6959,Yoghurtdryck typ ayran,Oljesyra C18:1,Dryck,0.3,g
6959,Yoghurtdryck typ ayran,Stearinsyra C18:0,Dryck,0.1,g
6959,Yoghurtdryck typ ayran,Palmitoljesyra C16:1,Dryck,0.0,g
6959,Yoghurtdryck typ ayran,Palmitinsyra C16:0,Dryck,0.4,g
6959,Yoghurtdryck typ ayran,Myristinsyra C14:0,Dryck,0.1,g
6959,Yoghurtdryck typ ayran,Laurinsyra C12:0,Dryck,0.0,g
6959,Yoghurtdryck typ ayran,Betakaroten/β-Karoten,Dryck,6.0,µg
6959,Yoghurtdryck typ ayran,Avfall (skal etc.),Dryck,0.0,%
6959,Yoghurtdryck typ ayran,Aska,Dryck,0.6,g
6959,Yoghurtdryck typ ayran,Alkohol,Dryck,0.0,g
6966,Bröd vitt mjukt typ chapati,"Zink, Zn",Mjukt bröd ,0.3,mg
6966,Bröd vitt mjukt typ chapati,Vitamin E,Mjukt bröd ,2.1,mg
6966,Bröd vitt mjukt typ chapati,Vitamin D inkl 25-OH-D3,Mjukt bröd ,0.0,µg
6966,Bröd vitt mjukt typ chapati,Vitamin D,Mjukt bröd ,0.0,µg
6966,Bröd vitt mjukt typ chapati,Vitamin C,Mjukt bröd ,1.2,mg
6966,Bröd vitt mjukt typ chapati,Vitamin B6,Mjukt bröd ,0.05,mg
6966,Bröd vitt mjukt typ chapati,Vitamin B12,Mjukt bröd ,0.0,µg
6966,Bröd vitt mjukt typ chapati,Vitamin A,Mjukt bröd ,0.4,RE/µg
6966,Bröd vitt mjukt typ chapati,Vatten,Mjukt bröd ,43.6,g
6966,Bröd vitt mjukt typ chapati,Tiamin,Mjukt bröd ,0.07,mg
6966,Bröd vitt mjukt typ chapati,Tillsatt socker,Mjukt bröd ,5.0,g
6966,Bröd vitt mjukt typ chapati,Fritt socker,Mjukt bröd ,5.0,g
6966,Bröd vitt mjukt typ chapati,"Selen, Se",Mjukt bröd ,5.2,µg
6966,Bröd vitt mjukt typ chapati,Sackaros,Mjukt bröd ,4.9,g
6966,Bröd vitt mjukt typ chapati,Riboflavin,Mjukt bröd ,0.02,mg
6966,Bröd vitt mjukt typ chapati,Retinol,Mjukt bröd ,0.0,µg
6966,Bröd vitt mjukt typ chapati,Protein,Mjukt bröd ,4.3,g
6966,Bröd vitt mjukt typ chapati,Summa fleromättade fettsyror,Mjukt bröd ,2.3,g
6966,Bröd vitt mjukt typ chapati,"Fosfor, P",Mjukt bröd ,57.0,mg
6966,Bröd vitt mjukt typ chapati,Niacinekvivalenter,Mjukt bröd ,1.18,NE/mg
6966,Bröd vitt mjukt typ chapati,Niacin,Mjukt bröd ,0.44,mg
6966,Bröd vitt mjukt typ chapati,"Salt, NaCl",Mjukt bröd ,0.6,g
6966,Bröd vitt mjukt typ chapati,"Natrium, Na",Mjukt bröd ,236.0,mg
6966,Bröd vitt mjukt typ chapati,Monosackarider,Mjukt bröd ,0.1,g
6966,Bröd vitt mjukt typ chapati,"Sockerarter, totalt",Mjukt bröd ,5.6,g
6966,Bröd vitt mjukt typ chapati,Summa enkelomättade fettsyror,Mjukt bröd ,4.0,g
6966,Bröd vitt mjukt typ chapati,"Magnesium, Mg",Mjukt bröd ,12.0,mg
6966,Bröd vitt mjukt typ chapati,Summa mättade fettsyror,Mjukt bröd ,0.8,g
6966,Bröd vitt mjukt typ chapati,"Kolhydrater, tillgängliga",Mjukt bröd ,41.8,g
6966,Bröd vitt mjukt typ chapati,Kolesterol,Mjukt bröd ,0.0,mg
6966,Bröd vitt mjukt typ chapati,"Kalium, K",Mjukt bröd ,85.0,mg
6966,Bröd vitt mjukt typ chapati,"Jod, I",Mjukt bröd ,1.8,µg
6966,Bröd vitt mjukt typ chapati,Fullkorn totalt,Mjukt bröd ,0.0,g
6966,Bröd vitt mjukt typ chapati,"Folat, totalt",Mjukt bröd ,10.5,µg
6966,Bröd vitt mjukt typ chapati,Fibrer,Mjukt bröd ,1.8,g
6966,Bröd vitt mjukt typ chapati,"Fett, totalt",Mjukt bröd ,7.6,g
6966,Bröd vitt mjukt typ chapati,"Järn, Fe",Mjukt bröd ,0.4,mg
6966,Bröd vitt mjukt typ chapati,Energi (kJ),Mjukt bröd ,1080.0,kJ
6966,Bröd vitt mjukt typ chapati,Energi (kcal),Mjukt bröd ,258.0,kcal
6966,Bröd vitt mjukt typ chapati,Disackarider,Mjukt bröd ,5.5,g
6966,Bröd vitt mjukt typ chapati,"Kalcium, Ca",Mjukt bröd ,12.0,mg
6966,Bröd vitt mjukt typ chapati,Fettsyra 4:0-10:0,Mjukt bröd ,0.0,g
6966,Bröd vitt mjukt typ chapati,DHA (C22:6),Mjukt bröd ,0.0,g
6966,Bröd vitt mjukt typ chapati,DPA (C22:5),Mjukt bröd ,0.0,g
6966,Bröd vitt mjukt typ chapati,EPA (C20:5),Mjukt bröd ,0.0,g
6966,Bröd vitt mjukt typ chapati,Arakidonsyra C20:4,Mjukt bröd ,0.0,g
6966,Bröd vitt mjukt typ chapati,Arakidinsyra C20:0,Mjukt bröd ,0.0,g
6966,Bröd vitt mjukt typ chapati,Linolensyra C18:3,Mjukt bröd ,0.4,g
6966,Bröd vitt mjukt typ chapati,Linolsyra C18:2,Mjukt bröd ,1.9,g
6966,Bröd vitt mjukt typ chapati,Oljesyra C18:1,Mjukt bröd ,3.8,g
6966,Bröd vitt mjukt typ chapati,Stearinsyra C18:0,Mjukt bröd ,0.1,g
6966,Bröd vitt mjukt typ chapati,Palmitoljesyra C16:1,Mjukt bröd ,0.0,g
6966,Bröd vitt mjukt typ chapati,Palmitinsyra C16:0,Mjukt bröd ,0.5,g
6966,Bröd vitt mjukt typ chapati,Myristinsyra C14:0,Mjukt bröd ,0.0,g
6966,Bröd vitt mjukt typ chapati,Laurinsyra C12:0,Mjukt bröd ,0.0,g
6966,Bröd vitt mjukt typ chapati,Betakaroten/β-Karoten,Mjukt bröd ,4.0,µg
6966,Bröd vitt mjukt typ chapati,Avfall (skal etc.),Mjukt bröd ,0.0,%
6966,Bröd vitt mjukt typ chapati,Aska,Mjukt bröd ,0.9,g
6966,Bröd vitt mjukt typ chapati,Alkohol,Mjukt bröd ,0.0,g
6971,Gryta köttgryta typ suqaar,"Zink, Zn",Köttprodukter kötträtter,1.9,mg
6971,Gryta köttgryta typ suqaar,Vitamin E,Köttprodukter kötträtter,1.7,mg
6971,Gryta köttgryta typ suqaar,Vitamin D,Köttprodukter kötträtter,0.01,µg
6971,Gryta köttgryta typ suqaar,Vitamin C,Köttprodukter kötträtter,16.8,mg
6971,Gryta köttgryta typ suqaar,Vitamin B6,Köttprodukter kötträtter,0.12,mg
6971,Gryta köttgryta typ suqaar,Vitamin B12,Köttprodukter kötträtter,0.31,µg
6971,Gryta köttgryta typ suqaar,Vitamin A,Köttprodukter kötträtter,69.4,RE/µg
6971,Gryta köttgryta typ suqaar,Vatten,Köttprodukter kötträtter,81.5,g
6971,Gryta köttgryta typ suqaar,Tiamin,Köttprodukter kötträtter,0.03,mg
6971,Gryta köttgryta typ suqaar,Tillsatt socker,Köttprodukter kötträtter,0.0,g
6971,Gryta köttgryta typ suqaar,Fritt socker,Köttprodukter kötträtter,0.0,g
6971,Gryta köttgryta typ suqaar,"Selen, Se",Köttprodukter kötträtter,2.3,µg
6971,Gryta köttgryta typ suqaar,Sackaros,Köttprodukter kötträtter,0.5,g
6971,Gryta köttgryta typ suqaar,Riboflavin,Köttprodukter kötträtter,0.06,mg
6971,Gryta köttgryta typ suqaar,Retinol,Köttprodukter kötträtter,2.2,µg
6971,Gryta köttgryta typ suqaar,Protein,Köttprodukter kötträtter,7.3,g
6971,Gryta köttgryta typ suqaar,Summa fleromättade fettsyror,Köttprodukter kötträtter,1.1,g
6971,Gryta köttgryta typ suqaar,"Fosfor, P",Köttprodukter kötträtter,76.0,mg
6971,Gryta köttgryta typ suqaar,Niacinekvivalenter,Köttprodukter kötträtter,3.34,NE/mg
6971,Gryta köttgryta typ suqaar,Niacin,Köttprodukter kötträtter,2.02,mg
6971,Gryta köttgryta typ suqaar,"Salt, NaCl",Köttprodukter kötträtter,1.0,g
6971,Gryta köttgryta typ suqaar,"Natrium, Na",Köttprodukter kötträtter,387.0,mg
6971,Gryta köttgryta typ suqaar,Monosackarider,Köttprodukter kötträtter,1.9,g
6971,Gryta köttgryta typ suqaar,"Sockerarter, totalt",Köttprodukter kötträtter,2.4,g
6971,Gryta köttgryta typ suqaar,Summa enkelomättade fettsyror,Köttprodukter kötträtter,2.7,g
6971,Gryta köttgryta typ suqaar,"Magnesium, Mg",Köttprodukter kötträtter,16.0,mg
6971,Gryta köttgryta typ suqaar,Summa mättade fettsyror,Köttprodukter kötträtter,1.2,g
6971,Gryta köttgryta typ suqaar,"Kolhydrater, tillgängliga",Köttprodukter kötträtter,3.0,g
6971,Gryta köttgryta typ suqaar,Kolesterol,Köttprodukter kötträtter,19.7,mg
6971,Gryta köttgryta typ suqaar,"Kalium, K",Köttprodukter kötträtter,142.0,mg
6971,Gryta köttgryta typ suqaar,"Jod, I",Köttprodukter kötträtter,23.2,µg
6971,Gryta köttgryta typ suqaar,Fullkorn totalt,Köttprodukter kötträtter,0.0,g
6971,Gryta köttgryta typ suqaar,"Folat, totalt",Köttprodukter kötträtter,14.6,µg
6971,Gryta köttgryta typ suqaar,Fibrer,Köttprodukter kötträtter,1.3,g
6971,Gryta köttgryta typ suqaar,"Fett, totalt",Köttprodukter kötträtter,5.3,g
6971,Gryta köttgryta typ suqaar,"Järn, Fe",Köttprodukter kötträtter,1.1,mg
6971,Gryta köttgryta typ suqaar,Energi (kJ),Köttprodukter kötträtter,383.0,kJ
6971,Gryta köttgryta typ suqaar,Energi (kcal),Köttprodukter kötträtter,92.0,kcal
6971,Gryta köttgryta typ suqaar,Disackarider,Köttprodukter kötträtter,0.5,g
6971,Gryta köttgryta typ suqaar,"Kalcium, Ca",Köttprodukter kötträtter,23.0,mg
6971,Gryta köttgryta typ suqaar,Fettsyra 4:0-10:0,Köttprodukter kötträtter,0.0,g
6971,Gryta köttgryta typ suqaar,DHA (C22:6),Köttprodukter kötträtter,0.0,g
6971,Gryta köttgryta typ suqaar,DPA (C22:5),Köttprodukter kötträtter,0.0,g
6971,Gryta köttgryta typ suqaar,EPA (C20:5),Köttprodukter kötträtter,0.0,g
6971,Gryta köttgryta typ suqaar,Arakidonsyra C20:4,Köttprodukter kötträtter,0.0,g
6971,Gryta köttgryta typ suqaar,Arakidinsyra C20:0,Köttprodukter kötträtter,0.0,g
6971,Gryta köttgryta typ suqaar,Linolensyra C18:3,Köttprodukter kötträtter,0.2,g
6971,Gryta köttgryta typ suqaar,Linolsyra C18:2,Köttprodukter kötträtter,0.8,g
6971,Gryta köttgryta typ suqaar,Oljesyra C18:1,Köttprodukter kötträtter,2.5,g
6971,Gryta köttgryta typ suqaar,Stearinsyra C18:0,Köttprodukter kötträtter,0.4,g
6971,Gryta köttgryta typ suqaar,Palmitoljesyra C16:1,Köttprodukter kötträtter,0.1,g
6971,Gryta köttgryta typ suqaar,Palmitinsyra C16:0,Köttprodukter kötträtter,0.6,g
6971,Gryta köttgryta typ suqaar,Myristinsyra C14:0,Köttprodukter kötträtter,0.1,g
6971,Gryta köttgryta typ suqaar,Laurinsyra C12:0,Köttprodukter kötträtter,0.0,g
6971,Gryta köttgryta typ suqaar,Betakaroten/β-Karoten,Köttprodukter kötträtter,698.0,µg
6971,Gryta köttgryta typ suqaar,Avfall (skal etc.),Köttprodukter kötträtter,4.0,%
6971,Gryta köttgryta typ suqaar,Aska,Köttprodukter kötträtter,1.6,g
6971,Gryta köttgryta typ suqaar,Alkohol,Köttprodukter kötträtter,0.0,g
6972,Kebab m. lamm hemlagad,"Zink, Zn",Köttprodukter kötträtter,3.6,mg
6972,Kebab m. lamm hemlagad,Vitamin E,Köttprodukter kötträtter,0.7,mg
6972,Kebab m. lamm hemlagad,Vitamin D,Köttprodukter kötträtter,0.0,µg
6972,Kebab m. lamm hemlagad,Vitamin C,Köttprodukter kötträtter,3.6,mg
6972,Kebab m. lamm hemlagad,Vitamin B6,Köttprodukter kötträtter,0.19,mg
6972,Kebab m. lamm hemlagad,Vitamin B12,Köttprodukter kötträtter,1.17,µg
6972,Kebab m. lamm hemlagad,Vitamin A,Köttprodukter kötträtter,32.9,RE/µg
6972,Kebab m. lamm hemlagad,Vatten,Köttprodukter kötträtter,62.6,g
6972,Kebab m. lamm hemlagad,Tiamin,Köttprodukter kötträtter,0.1,mg
6972,Kebab m. lamm hemlagad,Tillsatt socker,Köttprodukter kötträtter,0.0,g
6972,Kebab m. lamm hemlagad,Fritt socker,Köttprodukter kötträtter,0.0,g
6972,Kebab m. lamm hemlagad,"Selen, Se",Köttprodukter kötträtter,8.4,µg
6972,Kebab m. lamm hemlagad,Sackaros,Köttprodukter kötträtter,0.3,g
6972,Kebab m. lamm hemlagad,Riboflavin,Köttprodukter kötträtter,0.16,mg
6972,Kebab m. lamm hemlagad,Retinol,Köttprodukter kötträtter,23.3,µg
6972,Kebab m. lamm hemlagad,Protein,Köttprodukter kötträtter,16.8,g
6972,Kebab m. lamm hemlagad,Summa fleromättade fettsyror,Köttprodukter kötträtter,0.9,g
6972,Kebab m. lamm hemlagad,"Fosfor, P",Köttprodukter kötträtter,152.0,mg
6972,Kebab m. lamm hemlagad,Niacinekvivalenter,Köttprodukter kötträtter,7.5,NE/mg
6972,Kebab m. lamm hemlagad,Niacin,Köttprodukter kötträtter,4.48,mg
6972,Kebab m. lamm hemlagad,"Salt, NaCl",Köttprodukter kötträtter,1.9,g
6972,Kebab m. lamm hemlagad,"Natrium, Na",Köttprodukter kötträtter,774.0,mg
6972,Kebab m. lamm hemlagad,Monosackarider,Köttprodukter kötträtter,0.6,g
6972,Kebab m. lamm hemlagad,"Sockerarter, totalt",Köttprodukter kötträtter,0.8,g
6972,Kebab m. lamm hemlagad,Summa enkelomättade fettsyror,Köttprodukter kötträtter,5.6,g
6972,Kebab m. lamm hemlagad,"Magnesium, Mg",Köttprodukter kötträtter,22.0,mg
6972,Kebab m. lamm hemlagad,Summa mättade fettsyror,Köttprodukter kötträtter,6.9,g
6972,Kebab m. lamm hemlagad,"Kolhydrater, tillgängliga",Köttprodukter kötträtter,1.8,g
6972,Kebab m. lamm hemlagad,Kolesterol,Köttprodukter kötträtter,52.4,mg
6972,Kebab m. lamm hemlagad,"Kalium, K",Köttprodukter kötträtter,239.0,mg
6972,Kebab m. lamm hemlagad,"Jod, I",Köttprodukter kötträtter,93.5,µg
6972,Kebab m. lamm hemlagad,Fullkorn totalt,Köttprodukter kötträtter,0.0,g
6972,Kebab m. lamm hemlagad,"Folat, totalt",Köttprodukter kötträtter,7.3,µg
6972,Kebab m. lamm hemlagad,Fibrer,Köttprodukter kötträtter,0.7,g
6972,Kebab m. lamm hemlagad,"Fett, totalt",Köttprodukter kötträtter,14.9,g
6972,Kebab m. lamm hemlagad,"Järn, Fe",Köttprodukter kötträtter,1.9,mg
6972,Kebab m. lamm hemlagad,Energi (kJ),Köttprodukter kötträtter,874.0,kJ
6972,Kebab m. lamm hemlagad,Energi (kcal),Köttprodukter kötträtter,209.0,kcal
6972,Kebab m. lamm hemlagad,Disackarider,Köttprodukter kötträtter,0.3,g
6972,Kebab m. lamm hemlagad,"Kalcium, Ca",Köttprodukter kötträtter,30.0,mg
6972,Kebab m. lamm hemlagad,Fettsyra 4:0-10:0,Köttprodukter kötträtter,0.0,g
6972,Kebab m. lamm hemlagad,DHA (C22:6),Köttprodukter kötträtter,0.0,g
6972,Kebab m. lamm hemlagad,DPA (C22:5),Köttprodukter kötträtter,0.0,g
6972,Kebab m. lamm hemlagad,EPA (C20:5),Köttprodukter kötträtter,0.0,g
6972,Kebab m. lamm hemlagad,Arakidonsyra C20:4,Köttprodukter kötträtter,0.0,g
6972,Kebab m. lamm hemlagad,Arakidinsyra C20:0,Köttprodukter kötträtter,0.0,g
6972,Kebab m. lamm hemlagad,Linolensyra C18:3,Köttprodukter kötträtter,0.2,g
6972,Kebab m. lamm hemlagad,Linolsyra C18:2,Köttprodukter kötträtter,0.6,g
6972,Kebab m. lamm hemlagad,Oljesyra C18:1,Köttprodukter kötträtter,5.1,g
6972,Kebab m. lamm hemlagad,Stearinsyra C18:0,Köttprodukter kötträtter,2.9,g
6972,Kebab m. lamm hemlagad,Palmitoljesyra C16:1,Köttprodukter kötträtter,0.3,g
6972,Kebab m. lamm hemlagad,Palmitinsyra C16:0,Köttprodukter kötträtter,2.9,g
6972,Kebab m. lamm hemlagad,Myristinsyra C14:0,Köttprodukter kötträtter,0.4,g
6972,Kebab m. lamm hemlagad,Laurinsyra C12:0,Köttprodukter kötträtter,0.0,g
6972,Kebab m. lamm hemlagad,Betakaroten/β-Karoten,Köttprodukter kötträtter,110.0,µg
6972,Kebab m. lamm hemlagad,Avfall (skal etc.),Köttprodukter kötträtter,1.0,%
6972,Kebab m. lamm hemlagad,Aska,Köttprodukter kötträtter,2.7,g
6972,Kebab m. lamm hemlagad,Alkohol,Köttprodukter kötträtter,0.0,g
6979,Mannagrynskaka m. sirap yoghurt typ basbousa,"Zink, Zn",Bullar kakor tårtor mm,0.5,mg
6979,Mannagrynskaka m. sirap yoghurt typ basbousa,Vitamin E,Bullar kakor tårtor mm,0.9,mg
6979,Mannagrynskaka m. sirap yoghurt typ basbousa,Vitamin D inkl 25-OH-D3,Bullar kakor tårtor mm,0.2,µg
6979,Mannagrynskaka m. sirap yoghurt typ basbousa,Vitamin D,Bullar kakor tårtor mm,0.05,µg
6979,Mannagrynskaka m. sirap yoghurt typ basbousa,Vitamin C,Bullar kakor tårtor mm,0.8,mg
6979,Mannagrynskaka m. sirap yoghurt typ basbousa,Vitamin B6,Bullar kakor tårtor mm,0.02,mg
6979,Mannagrynskaka m. sirap yoghurt typ basbousa,Vitamin B12,Bullar kakor tårtor mm,0.09,µg
6979,Mannagrynskaka m. sirap yoghurt typ basbousa,Vitamin A,Bullar kakor tårtor mm,100.9,RE/µg
6979,Mannagrynskaka m. sirap yoghurt typ basbousa,Vatten,Bullar kakor tårtor mm,35.4,g
6979,Mannagrynskaka m. sirap yoghurt typ basbousa,Tiamin,Bullar kakor tårtor mm,0.03,mg
6979,Mannagrynskaka m. sirap yoghurt typ basbousa,Tillsatt socker,Bullar kakor tårtor mm,25.0,g
6979,Mannagrynskaka m. sirap yoghurt typ basbousa,Fritt socker,Bullar kakor tårtor mm,25.0,g
6979,Mannagrynskaka m. sirap yoghurt typ basbousa,"Selen, Se",Bullar kakor tårtor mm,1.6,µg
6979,Mannagrynskaka m. sirap yoghurt typ basbousa,Sackaros,Bullar kakor tårtor mm,25.1,g
6979,Mannagrynskaka m. sirap yoghurt typ basbousa,Riboflavin,Bullar kakor tårtor mm,0.06,mg
6979,Mannagrynskaka m. sirap yoghurt typ basbousa,Retinol,Bullar kakor tårtor mm,96.5,µg
6979,Mannagrynskaka m. sirap yoghurt typ basbousa,Protein,Bullar kakor tårtor mm,4.0,g
6979,Mannagrynskaka m. sirap yoghurt typ basbousa,Summa fleromättade fettsyror,Bullar kakor tårtor mm,0.8,g
6979,Mannagrynskaka m. sirap yoghurt typ basbousa,"Fosfor, P",Bullar kakor tårtor mm,133.0,mg
6979,Mannagrynskaka m. sirap yoghurt typ basbousa,Niacinekvivalenter,Bullar kakor tårtor mm,1.04,NE/mg
6979,Mannagrynskaka m. sirap yoghurt typ basbousa,Niacin,Bullar kakor tårtor mm,0.28,mg
6979,Mannagrynskaka m. sirap yoghurt typ basbousa,"Salt, NaCl",Bullar kakor tårtor mm,0.4,g
6979,Mannagrynskaka m. sirap yoghurt typ basbousa,"Natrium, Na",Bullar kakor tårtor mm,180.0,mg
6979,Mannagrynskaka m. sirap yoghurt typ basbousa,Monosackarider,Bullar kakor tårtor mm,0.1,g
6979,Mannagrynskaka m. sirap yoghurt typ basbousa,"Sockerarter, totalt",Bullar kakor tårtor mm,25.8,g
6979,Mannagrynskaka m. sirap yoghurt typ basbousa,Summa enkelomättade fettsyror,Bullar kakor tårtor mm,3.4,g
6979,Mannagrynskaka m. sirap yoghurt typ basbousa,"Magnesium, Mg",Bullar kakor tårtor mm,13.0,mg
6979,Mannagrynskaka m. sirap yoghurt typ basbousa,Summa mättade fettsyror,Bullar kakor tårtor mm,9.3,g
6979,Mannagrynskaka m. sirap yoghurt typ basbousa,"Kolhydrater, tillgängliga",Bullar kakor tårtor mm,44.1,g
6979,Mannagrynskaka m. sirap yoghurt typ basbousa,Kolesterol,Bullar kakor tårtor mm,50.1,mg
6979,Mannagrynskaka m. sirap yoghurt typ basbousa,"Kalium, K",Bullar kakor tårtor mm,90.0,mg
6979,Mannagrynskaka m. sirap yoghurt typ basbousa,"Jod, I",Bullar kakor tårtor mm,11.9,µg
6979,Mannagrynskaka m. sirap yoghurt typ basbousa,Fullkorn totalt,Bullar kakor tårtor mm,0.0,g
6979,Mannagrynskaka m. sirap yoghurt typ basbousa,"Folat, totalt",Bullar kakor tårtor mm,7.6,µg
6979,Mannagrynskaka m. sirap yoghurt typ basbousa,Fibrer,Bullar kakor tårtor mm,1.2,g
6979,Mannagrynskaka m. sirap yoghurt typ basbousa,"Fett, totalt",Bullar kakor tårtor mm,14.4,g
6979,Mannagrynskaka m. sirap yoghurt typ basbousa,"Järn, Fe",Bullar kakor tårtor mm,0.6,mg
6979,Mannagrynskaka m. sirap yoghurt typ basbousa,Energi (kJ),Bullar kakor tårtor mm,1359.0,kJ
6979,Mannagrynskaka m. sirap yoghurt typ basbousa,Energi (kcal),Bullar kakor tårtor mm,325.0,kcal
6979,Mannagrynskaka m. sirap yoghurt typ basbousa,Disackarider,Bullar kakor tårtor mm,25.7,g
6979,Mannagrynskaka m. sirap yoghurt typ basbousa,"Kalcium, Ca",Bullar kakor tårtor mm,86.0,mg
6979,Mannagrynskaka m. sirap yoghurt typ basbousa,Fettsyra 4:0-10:0,Bullar kakor tårtor mm,1.3,g
6979,Mannagrynskaka m. sirap yoghurt typ basbousa,DHA (C22:6),Bullar kakor tårtor mm,0.0,g
6979,Mannagrynskaka m. sirap yoghurt typ basbousa,DPA (C22:5),Bullar kakor tårtor mm,0.0,g
6979,Mannagrynskaka m. sirap yoghurt typ basbousa,EPA (C20:5),Bullar kakor tårtor mm,0.0,g
6979,Mannagrynskaka m. sirap yoghurt typ basbousa,Arakidonsyra C20:4,Bullar kakor tårtor mm,0.0,g
6979,Mannagrynskaka m. sirap yoghurt typ basbousa,Arakidinsyra C20:0,Bullar kakor tårtor mm,0.0,g
6979,Mannagrynskaka m. sirap yoghurt typ basbousa,Linolensyra C18:3,Bullar kakor tårtor mm,0.1,g
6979,Mannagrynskaka m. sirap yoghurt typ basbousa,Linolsyra C18:2,Bullar kakor tårtor mm,0.6,g
6979,Mannagrynskaka m. sirap yoghurt typ basbousa,Oljesyra C18:1,Bullar kakor tårtor mm,3.0,g
6979,Mannagrynskaka m. sirap yoghurt typ basbousa,Stearinsyra C18:0,Bullar kakor tårtor mm,1.2,g
6979,Mannagrynskaka m. sirap yoghurt typ basbousa,Palmitoljesyra C16:1,Bullar kakor tårtor mm,0.2,g
6979,Mannagrynskaka m. sirap yoghurt typ basbousa,Palmitinsyra C16:0,Bullar kakor tårtor mm,3.7,g
6979,Mannagrynskaka m. sirap yoghurt typ basbousa,Myristinsyra C14:0,Bullar kakor tårtor mm,1.5,g
6979,Mannagrynskaka m. sirap yoghurt typ basbousa,Laurinsyra C12:0,Bullar kakor tårtor mm,1.2,g
6979,Mannagrynskaka m. sirap yoghurt typ basbousa,Betakaroten/β-Karoten,Bullar kakor tårtor mm,52.0,µg
6979,Mannagrynskaka m. sirap yoghurt typ basbousa,Avfall (skal etc.),Bullar kakor tårtor mm,1.0,%
6979,Mannagrynskaka m. sirap yoghurt typ basbousa,Aska,Bullar kakor tårtor mm,0.9,g
6979,Mannagrynskaka m. sirap yoghurt typ basbousa,Alkohol,Bullar kakor tårtor mm,0.0,g
6984,Biryani ris m. kyckling lammkött grönsaker,"Zink, Zn",Köttprodukter kötträtter,1.1,mg
6984,Biryani ris m. kyckling lammkött grönsaker,Vitamin E,Köttprodukter kötträtter,2.1,mg
6984,Biryani ris m. kyckling lammkött grönsaker,Vitamin D,Köttprodukter kötträtter,0.02,µg
6984,Biryani ris m. kyckling lammkött grönsaker,Vitamin C,Köttprodukter kötträtter,1.4,mg
6984,Biryani ris m. kyckling lammkött grönsaker,Vitamin B6,Köttprodukter kötträtter,0.14,mg
6984,Biryani ris m. kyckling lammkött grönsaker,Vitamin B12,Köttprodukter kötträtter,0.16,µg
6984,Biryani ris m. kyckling lammkött grönsaker,Vitamin A,Köttprodukter kötträtter,46.0,RE/µg
6984,Biryani ris m. kyckling lammkött grönsaker,Vatten,Köttprodukter kötträtter,62.8,g
6984,Biryani ris m. kyckling lammkött grönsaker,Tiamin,Köttprodukter kötträtter,0.06,mg
6984,Biryani ris m. kyckling lammkött grönsaker,Tillsatt socker,Köttprodukter kötträtter,0.0,g
6984,Biryani ris m. kyckling lammkött grönsaker,Fritt socker,Köttprodukter kötträtter,0.0,g
6984,Biryani ris m. kyckling lammkött grönsaker,"Selen, Se",Köttprodukter kötträtter,4.0,µg
6984,Biryani ris m. kyckling lammkött grönsaker,Sackaros,Köttprodukter kötträtter,0.7,g
6984,Biryani ris m. kyckling lammkött grönsaker,Riboflavin,Köttprodukter kötträtter,0.08,mg
6984,Biryani ris m. kyckling lammkött grönsaker,Retinol,Köttprodukter kötträtter,1.7,µg
6984,Biryani ris m. kyckling lammkött grönsaker,Protein,Köttprodukter kötträtter,7.8,g
6984,Biryani ris m. kyckling lammkött grönsaker,Summa fleromättade fettsyror,Köttprodukter kötträtter,1.2,g
6984,Biryani ris m. kyckling lammkött grönsaker,"Fosfor, P",Köttprodukter kötträtter,107.0,mg
6984,Biryani ris m. kyckling lammkött grönsaker,Niacinekvivalenter,Köttprodukter kötträtter,3.59,NE/mg
6984,Biryani ris m. kyckling lammkött grönsaker,Niacin,Köttprodukter kötträtter,2.24,mg
6984,Biryani ris m. kyckling lammkött grönsaker,"Salt, NaCl",Köttprodukter kötträtter,0.8,g
6984,Biryani ris m. kyckling lammkött grönsaker,"Natrium, Na",Köttprodukter kötträtter,303.0,mg
6984,Biryani ris m. kyckling lammkött grönsaker,Monosackarider,Köttprodukter kötträtter,2.6,g
6984,Biryani ris m. kyckling lammkött grönsaker,"Sockerarter, totalt",Köttprodukter kötträtter,3.4,g
6984,Biryani ris m. kyckling lammkött grönsaker,Summa enkelomättade fettsyror,Köttprodukter kötträtter,3.3,g
6984,Biryani ris m. kyckling lammkött grönsaker,"Magnesium, Mg",Köttprodukter kötträtter,32.0,mg
6984,Biryani ris m. kyckling lammkött grönsaker,Summa mättade fettsyror,Köttprodukter kötträtter,0.8,g
6984,Biryani ris m. kyckling lammkött grönsaker,"Kolhydrater, tillgängliga",Köttprodukter kötträtter,20.1,g
6984,Biryani ris m. kyckling lammkött grönsaker,Kolesterol,Köttprodukter kötträtter,11.6,mg
6984,Biryani ris m. kyckling lammkött grönsaker,"Kalium, K",Köttprodukter kötträtter,179.0,mg
6984,Biryani ris m. kyckling lammkött grönsaker,"Jod, I",Köttprodukter kötträtter,26.9,µg
6984,Biryani ris m. kyckling lammkött grönsaker,Fullkorn totalt,Köttprodukter kötträtter,0.0,g
6984,Biryani ris m. kyckling lammkött grönsaker,"Folat, totalt",Köttprodukter kötträtter,9.6,µg
6984,Biryani ris m. kyckling lammkött grönsaker,Fibrer,Köttprodukter kötträtter,2.1,g
6984,Biryani ris m. kyckling lammkött grönsaker,"Fett, totalt",Köttprodukter kötträtter,5.7,g
6984,Biryani ris m. kyckling lammkött grönsaker,"Järn, Fe",Köttprodukter kötträtter,0.8,mg
6984,Biryani ris m. kyckling lammkött grönsaker,Energi (kJ),Köttprodukter kötträtter,701.0,kJ
6984,Biryani ris m. kyckling lammkött grönsaker,Energi (kcal),Köttprodukter kötträtter,167.0,kcal
6984,Biryani ris m. kyckling lammkött grönsaker,Disackarider,Köttprodukter kötträtter,0.7,g
6984,Biryani ris m. kyckling lammkött grönsaker,"Kalcium, Ca",Köttprodukter kötträtter,30.0,mg
6984,Biryani ris m. kyckling lammkött grönsaker,Fettsyra 4:0-10:0,Köttprodukter kötträtter,0.0,g
6984,Biryani ris m. kyckling lammkött grönsaker,DHA (C22:6),Köttprodukter kötträtter,0.0,g
6984,Biryani ris m. kyckling lammkött grönsaker,DPA (C22:5),Köttprodukter kötträtter,0.0,g
6984,Biryani ris m. kyckling lammkött grönsaker,EPA (C20:5),Köttprodukter kötträtter,0.0,g
6984,Biryani ris m. kyckling lammkött grönsaker,Arakidonsyra C20:4,Köttprodukter kötträtter,0.0,g
6984,Biryani ris m. kyckling lammkött grönsaker,Arakidinsyra C20:0,Köttprodukter kötträtter,0.0,g
6984,Biryani ris m. kyckling lammkött grönsaker,Linolensyra C18:3,Köttprodukter kötträtter,0.1,g
6984,Biryani ris m. kyckling lammkött grönsaker,Linolsyra C18:2,Köttprodukter kötträtter,1.1,g
6984,Biryani ris m. kyckling lammkött grönsaker,Oljesyra C18:1,Köttprodukter kötträtter,3.2,g
6984,Biryani ris m. kyckling lammkött grönsaker,Stearinsyra C18:0,Köttprodukter kötträtter,0.2,g
6984,Biryani ris m. kyckling lammkött grönsaker,Palmitoljesyra C16:1,Köttprodukter kötträtter,0.0,g
6984,Biryani ris m. kyckling lammkött grönsaker,Palmitinsyra C16:0,Köttprodukter kötträtter,0.5,g
6984,Biryani ris m. kyckling lammkött grönsaker,Myristinsyra C14:0,Köttprodukter kötträtter,0.0,g
6984,Biryani ris m. kyckling lammkött grönsaker,Laurinsyra C12:0,Köttprodukter kötträtter,0.0,g
6984,Biryani ris m. kyckling lammkött grönsaker,Betakaroten/β-Karoten,Köttprodukter kötträtter,449.0,µg
6984,Biryani ris m. kyckling lammkött grönsaker,Avfall (skal etc.),Köttprodukter kötträtter,6.0,%
6984,Biryani ris m. kyckling lammkött grönsaker,Aska,Köttprodukter kötträtter,1.5,g
6984,Biryani ris m. kyckling lammkött grönsaker,Alkohol,Köttprodukter kötträtter,0.0,g
6985,Biryani ris m. grönsaker veg.,"Zink, Zn",Risrätter,0.6,mg
6985,Biryani ris m. grönsaker veg.,Vitamin E,Risrätter,2.3,mg
6985,Biryani ris m. grönsaker veg.,Vitamin D,Risrätter,0.01,µg
6985,Biryani ris m. grönsaker veg.,Vitamin C,Risrätter,1.6,mg
6985,Biryani ris m. grönsaker veg.,Vitamin B6,Risrätter,0.1,mg
6985,Biryani ris m. grönsaker veg.,Vitamin B12,Risrätter,0.0,µg
6985,Biryani ris m. grönsaker veg.,Vitamin A,Risrätter,52.2,RE/µg
6985,Biryani ris m. grönsaker veg.,Vatten,Risrätter,62.4,g
6985,Biryani ris m. grönsaker veg.,Tiamin,Risrätter,0.05,mg
6985,Biryani ris m. grönsaker veg.,Tillsatt socker,Risrätter,0.0,g
6985,Biryani ris m. grönsaker veg.,Fritt socker,Risrätter,0.0,g
6985,Biryani ris m. grönsaker veg.,"Selen, Se",Risrätter,2.7,µg
6985,Biryani ris m. grönsaker veg.,Sackaros,Risrätter,0.8,g
6985,Biryani ris m. grönsaker veg.,Riboflavin,Risrätter,0.06,mg
6985,Biryani ris m. grönsaker veg.,Retinol,Risrätter,0.5,µg
6985,Biryani ris m. grönsaker veg.,Protein,Risrätter,4.4,g
6985,Biryani ris m. grönsaker veg.,Summa fleromättade fettsyror,Risrätter,1.4,g
6985,Biryani ris m. grönsaker veg.,"Fosfor, P",Risrätter,83.0,mg
6985,Biryani ris m. grönsaker veg.,Niacinekvivalenter,Risrätter,1.67,NE/mg
6985,Biryani ris m. grönsaker veg.,Niacin,Risrätter,0.94,mg
6985,Biryani ris m. grönsaker veg.,"Salt, NaCl",Risrätter,0.8,g
6985,Biryani ris m. grönsaker veg.,"Natrium, Na",Risrätter,337.0,mg
6985,Biryani ris m. grönsaker veg.,Monosackarider,Risrätter,3.1,g
6985,Biryani ris m. grönsaker veg.,"Sockerarter, totalt",Risrätter,4.0,g
6985,Biryani ris m. grönsaker veg.,Summa enkelomättade fettsyror,Risrätter,3.4,g
6985,Biryani ris m. grönsaker veg.,"Magnesium, Mg",Risrätter,32.0,mg
6985,Biryani ris m. grönsaker veg.,Summa mättade fettsyror,Risrätter,0.5,g
6985,Biryani ris m. grönsaker veg.,"Kolhydrater, tillgängliga",Risrätter,23.5,g
6985,Biryani ris m. grönsaker veg.,Kolesterol,Risrätter,0.0,mg
6985,Biryani ris m. grönsaker veg.,"Kalium, K",Risrätter,174.0,mg
6985,Biryani ris m. grönsaker veg.,"Jod, I",Risrätter,30.8,µg
6985,Biryani ris m. grönsaker veg.,Fullkorn totalt,Risrätter,0.0,g
6985,Biryani ris m. grönsaker veg.,"Folat, totalt",Risrätter,10.0,µg
6985,Biryani ris m. grönsaker veg.,Fibrer,Risrätter,2.5,g
6985,Biryani ris m. grönsaker veg.,"Fett, totalt",Risrätter,5.6,g
6985,Biryani ris m. grönsaker veg.,"Järn, Fe",Risrätter,0.7,mg
6985,Biryani ris m. grönsaker veg.,Energi (kJ),Risrätter,703.0,kJ
6985,Biryani ris m. grönsaker veg.,Energi (kcal),Risrätter,168.0,kcal
6985,Biryani ris m. grönsaker veg.,Disackarider,Risrätter,0.8,g
6985,Biryani ris m. grönsaker veg.,"Kalcium, Ca",Risrätter,34.0,mg
6985,Biryani ris m. grönsaker veg.,Fettsyra 4:0-10:0,Risrätter,0.0,g
6985,Biryani ris m. grönsaker veg.,DHA (C22:6),Risrätter,0.0,g
6985,Biryani ris m. grönsaker veg.,DPA (C22:5),Risrätter,0.0,g
6985,Biryani ris m. grönsaker veg.,EPA (C20:5),Risrätter,0.0,g
6985,Biryani ris m. grönsaker veg.,Arakidonsyra C20:4,Risrätter,0.0,g
6985,Biryani ris m. grönsaker veg.,Arakidinsyra C20:0,Risrätter,0.0,g
6985,Biryani ris m. grönsaker veg.,Linolensyra C18:3,Risrätter,0.1,g
6985,Biryani ris m. grönsaker veg.,Linolsyra C18:2,Risrätter,1.2,g
6985,Biryani ris m. grönsaker veg.,Oljesyra C18:1,Risrätter,3.4,g
6985,Biryani ris m. grönsaker veg.,Stearinsyra C18:0,Risrätter,0.1,g
6985,Biryani ris m. grönsaker veg.,Palmitoljesyra C16:1,Risrätter,0.0,g
6985,Biryani ris m. grönsaker veg.,Palmitinsyra C16:0,Risrätter,0.4,g
6985,Biryani ris m. grönsaker veg.,Myristinsyra C14:0,Risrätter,0.0,g
6985,Biryani ris m. grönsaker veg.,Laurinsyra C12:0,Risrätter,0.0,g
6985,Biryani ris m. grönsaker veg.,Betakaroten/β-Karoten,Risrätter,524.0,µg
6985,Biryani ris m. grönsaker veg.,Avfall (skal etc.),Risrätter,8.0,%
6985,Biryani ris m. grönsaker veg.,Aska,Risrätter,1.6,g
6985,Biryani ris m. grönsaker veg.,Alkohol,Risrätter,0.0,g
6986,Yoghurtsås m. tahini citron,"Zink, Zn",Sås dressing majonnäs ,1.6,mg
6986,Yoghurtsås m. tahini citron,Vitamin E,Sås dressing majonnäs ,0.1,mg
6986,Yoghurtsås m. tahini citron,Vitamin D,Sås dressing majonnäs ,0.4,µg
6986,Yoghurtsås m. tahini citron,Vitamin C,Sås dressing majonnäs ,4.9,mg
6986,Yoghurtsås m. tahini citron,Vitamin B6,Sås dressing majonnäs ,0.07,mg
6986,Yoghurtsås m. tahini citron,Vitamin B12,Sås dressing majonnäs ,0.17,µg
6986,Yoghurtsås m. tahini citron,Vitamin A,Sås dressing majonnäs ,47.7,RE/µg
6986,Yoghurtsås m. tahini citron,Vatten,Sås dressing majonnäs ,80.1,g
6986,Yoghurtsås m. tahini citron,Tiamin,Sås dressing majonnäs ,0.08,mg
6986,Yoghurtsås m. tahini citron,Tillsatt socker,Sås dressing majonnäs ,0.0,g
6986,Yoghurtsås m. tahini citron,Fritt socker,Sås dressing majonnäs ,0.0,g
6986,Yoghurtsås m. tahini citron,"Selen, Se",Sås dressing majonnäs ,4.1,µg
6986,Yoghurtsås m. tahini citron,Sackaros,Sås dressing majonnäs ,0.1,g
6986,Yoghurtsås m. tahini citron,Riboflavin,Sås dressing majonnäs ,0.15,mg
6986,Yoghurtsås m. tahini citron,Retinol,Sås dressing majonnäs ,46.0,µg
6986,Yoghurtsås m. tahini citron,Protein,Sås dressing majonnäs ,4.2,g
6986,Yoghurtsås m. tahini citron,Summa fleromättade fettsyror,Sås dressing majonnäs ,1.7,g
6986,Yoghurtsås m. tahini citron,"Fosfor, P",Sås dressing majonnäs ,120.0,mg
6986,Yoghurtsås m. tahini citron,Niacinekvivalenter,Sås dressing majonnäs ,1.34,NE/mg
6986,Yoghurtsås m. tahini citron,Niacin,Sås dressing majonnäs ,0.42,mg
6986,Yoghurtsås m. tahini citron,"Salt, NaCl",Sås dressing majonnäs ,0.9,g
6986,Yoghurtsås m. tahini citron,"Natrium, Na",Sås dressing majonnäs ,373.0,mg
6986,Yoghurtsås m. tahini citron,Monosackarider,Sås dressing majonnäs ,0.1,g
6986,Yoghurtsås m. tahini citron,"Sockerarter, totalt",Sås dressing majonnäs ,2.6,g
6986,Yoghurtsås m. tahini citron,Summa enkelomättade fettsyror,Sås dressing majonnäs ,2.5,g
6986,Yoghurtsås m. tahini citron,"Magnesium, Mg",Sås dressing majonnäs ,31.0,mg
6986,Yoghurtsås m. tahini citron,Summa mättade fettsyror,Sås dressing majonnäs ,3.4,g
6986,Yoghurtsås m. tahini citron,"Kolhydrater, tillgängliga",Sås dressing majonnäs ,5.0,g
6986,Yoghurtsås m. tahini citron,Kolesterol,Sås dressing majonnäs ,14.8,mg
6986,Yoghurtsås m. tahini citron,"Kalium, K",Sås dressing majonnäs ,174.0,mg
6986,Yoghurtsås m. tahini citron,"Jod, I",Sås dressing majonnäs ,47.6,µg
6986,Yoghurtsås m. tahini citron,Fullkorn totalt,Sås dressing majonnäs ,0.0,g
6986,Yoghurtsås m. tahini citron,"Folat, totalt",Sås dressing majonnäs ,21.4,µg
6986,Yoghurtsås m. tahini citron,Fibrer,Sås dressing majonnäs ,0.9,g
6986,Yoghurtsås m. tahini citron,"Fett, totalt",Sås dressing majonnäs ,8.1,g
6986,Yoghurtsås m. tahini citron,"Järn, Fe",Sås dressing majonnäs ,0.6,mg
6986,Yoghurtsås m. tahini citron,Energi (kJ),Sås dressing majonnäs ,462.0,kJ
6986,Yoghurtsås m. tahini citron,Energi (kcal),Sås dressing majonnäs ,110.0,kcal
6986,Yoghurtsås m. tahini citron,Disackarider,Sås dressing majonnäs ,2.5,g
6986,Yoghurtsås m. tahini citron,"Kalcium, Ca",Sås dressing majonnäs ,134.0,mg
6986,Yoghurtsås m. tahini citron,Fettsyra 4:0-10:0,Sås dressing majonnäs ,0.4,g
6986,Yoghurtsås m. tahini citron,DHA (C22:6),Sås dressing majonnäs ,0.0,g
6986,Yoghurtsås m. tahini citron,DPA (C22:5),Sås dressing majonnäs ,0.0,g
6986,Yoghurtsås m. tahini citron,EPA (C20:5),Sås dressing majonnäs ,0.0,g
6986,Yoghurtsås m. tahini citron,Arakidonsyra C20:4,Sås dressing majonnäs ,0.0,g
6986,Yoghurtsås m. tahini citron,Arakidinsyra C20:0,Sås dressing majonnäs ,0.0,g
6986,Yoghurtsås m. tahini citron,Linolensyra C18:3,Sås dressing majonnäs ,0.0,g
6986,Yoghurtsås m. tahini citron,Linolsyra C18:2,Sås dressing majonnäs ,1.6,g
6986,Yoghurtsås m. tahini citron,Oljesyra C18:1,Sås dressing majonnäs ,2.3,g
6986,Yoghurtsås m. tahini citron,Stearinsyra C18:0,Sås dressing majonnäs ,0.6,g
6986,Yoghurtsås m. tahini citron,Palmitoljesyra C16:1,Sås dressing majonnäs ,0.1,g
6986,Yoghurtsås m. tahini citron,Palmitinsyra C16:0,Sås dressing majonnäs ,1.6,g
6986,Yoghurtsås m. tahini citron,Myristinsyra C14:0,Sås dressing majonnäs ,0.5,g
6986,Yoghurtsås m. tahini citron,Laurinsyra C12:0,Sås dressing majonnäs ,0.1,g
6986,Yoghurtsås m. tahini citron,Betakaroten/β-Karoten,Sås dressing majonnäs ,19.0,µg
6986,Yoghurtsås m. tahini citron,Avfall (skal etc.),Sås dressing majonnäs ,0.0,%
6986,Yoghurtsås m. tahini citron,Aska,Sås dressing majonnäs ,1.7,g
6986,Yoghurtsås m. tahini citron,Alkohol,Sås dressing majonnäs ,0.0,g
6988,Potatisgratäng kylvara tillagad,"Zink, Zn",Potatisprodukter potatisrätter,0.3,mg
6988,Potatisgratäng kylvara tillagad,Vitamin E,Potatisprodukter potatisrätter,1.0,mg
6988,Potatisgratäng kylvara tillagad,Vitamin D inkl 25-OH-D3,Potatisprodukter potatisrätter,0.0,µg
6988,Potatisgratäng kylvara tillagad,Vitamin D,Potatisprodukter potatisrätter,0.0,µg
6988,Potatisgratäng kylvara tillagad,Vitamin C,Potatisprodukter potatisrätter,0.6,mg
6988,Potatisgratäng kylvara tillagad,Vitamin B6,Potatisprodukter potatisrätter,0.11,mg
6988,Potatisgratäng kylvara tillagad,Vitamin B12,Potatisprodukter potatisrätter,0.13,µg
6988,Potatisgratäng kylvara tillagad,Vitamin A,Potatisprodukter potatisrätter,41.7,RE/µg
6988,Potatisgratäng kylvara tillagad,Vatten,Potatisprodukter potatisrätter,76.2,g
6988,Potatisgratäng kylvara tillagad,Tiamin,Potatisprodukter potatisrätter,0.02,mg
6988,Potatisgratäng kylvara tillagad,Tillsatt socker,Potatisprodukter potatisrätter,2.0,g
6988,Potatisgratäng kylvara tillagad,Fritt socker,Potatisprodukter potatisrätter,2.0,g
6988,Potatisgratäng kylvara tillagad,"Selen, Se",Potatisprodukter potatisrätter,2.1,µg
6988,Potatisgratäng kylvara tillagad,Sackaros,Potatisprodukter potatisrätter,0.4,g
6988,Potatisgratäng kylvara tillagad,Riboflavin,Potatisprodukter potatisrätter,0.05,mg
6988,Potatisgratäng kylvara tillagad,Retinol,Potatisprodukter potatisrätter,40.3,µg
6988,Potatisgratäng kylvara tillagad,Protein,Potatisprodukter potatisrätter,2.1,g
6988,Potatisgratäng kylvara tillagad,Summa fleromättade fettsyror,Potatisprodukter potatisrätter,0.7,g
6988,Potatisgratäng kylvara tillagad,"Fosfor, P",Potatisprodukter potatisrätter,63.0,mg
6988,Potatisgratäng kylvara tillagad,Niacinekvivalenter,Potatisprodukter potatisrätter,1.25,NE/mg
6988,Potatisgratäng kylvara tillagad,Niacin,Potatisprodukter potatisrätter,0.75,mg
6988,Potatisgratäng kylvara tillagad,"Salt, NaCl",Potatisprodukter potatisrätter,1.1,g
6988,Potatisgratäng kylvara tillagad,"Natrium, Na",Potatisprodukter potatisrätter,458.0,mg
6988,Potatisgratäng kylvara tillagad,Monosackarider,Potatisprodukter potatisrätter,0.9,g
6988,Potatisgratäng kylvara tillagad,"Sockerarter, totalt",Potatisprodukter potatisrätter,1.8,g
6988,Potatisgratäng kylvara tillagad,Summa enkelomättade fettsyror,Potatisprodukter potatisrätter,2.5,g
6988,Potatisgratäng kylvara tillagad,"Magnesium, Mg",Potatisprodukter potatisrätter,17.0,mg
6988,Potatisgratäng kylvara tillagad,Summa mättade fettsyror,Potatisprodukter potatisrätter,3.5,g
6988,Potatisgratäng kylvara tillagad,"Kolhydrater, tillgängliga",Potatisprodukter potatisrätter,10.9,g
6988,Potatisgratäng kylvara tillagad,Kolesterol,Potatisprodukter potatisrätter,13.8,mg
6988,Potatisgratäng kylvara tillagad,"Kalium, K",Potatisprodukter potatisrätter,260.0,mg
6988,Potatisgratäng kylvara tillagad,"Jod, I",Potatisprodukter potatisrätter,3.1,µg
6988,Potatisgratäng kylvara tillagad,Fullkorn totalt,Potatisprodukter potatisrätter,0.0,g
6988,Potatisgratäng kylvara tillagad,"Folat, totalt",Potatisprodukter potatisrätter,5.8,µg
6988,Potatisgratäng kylvara tillagad,Fibrer,Potatisprodukter potatisrätter,2.0,g
6988,Potatisgratäng kylvara tillagad,"Fett, totalt",Potatisprodukter potatisrätter,7.1,g
6988,Potatisgratäng kylvara tillagad,"Järn, Fe",Potatisprodukter potatisrätter,0.3,mg
6988,Potatisgratäng kylvara tillagad,Energi (kJ),Potatisprodukter potatisrätter,500.0,kJ
6988,Potatisgratäng kylvara tillagad,Energi (kcal),Potatisprodukter potatisrätter,120.0,kcal
6988,Potatisgratäng kylvara tillagad,Disackarider,Potatisprodukter potatisrätter,0.8,g
6988,Potatisgratäng kylvara tillagad,"Kalcium, Ca",Potatisprodukter potatisrätter,30.0,mg
6988,Potatisgratäng kylvara tillagad,Fettsyra 4:0-10:0,Potatisprodukter potatisrätter,0.5,g
6988,Potatisgratäng kylvara tillagad,DHA (C22:6),Potatisprodukter potatisrätter,0.0,g
6988,Potatisgratäng kylvara tillagad,DPA (C22:5),Potatisprodukter potatisrätter,0.0,g
6988,Potatisgratäng kylvara tillagad,EPA (C20:5),Potatisprodukter potatisrätter,0.0,g
6988,Potatisgratäng kylvara tillagad,Arakidonsyra C20:4,Potatisprodukter potatisrätter,0.0,g
6988,Potatisgratäng kylvara tillagad,Arakidinsyra C20:0,Potatisprodukter potatisrätter,0.0,g
6988,Potatisgratäng kylvara tillagad,Linolensyra C18:3,Potatisprodukter potatisrätter,0.2,g
6988,Potatisgratäng kylvara tillagad,Linolsyra C18:2,Potatisprodukter potatisrätter,0.5,g
6988,Potatisgratäng kylvara tillagad,Oljesyra C18:1,Potatisprodukter potatisrätter,2.3,g
6988,Potatisgratäng kylvara tillagad,Stearinsyra C18:0,Potatisprodukter potatisrätter,0.5,g
6988,Potatisgratäng kylvara tillagad,Palmitoljesyra C16:1,Potatisprodukter potatisrätter,0.1,g
6988,Potatisgratäng kylvara tillagad,Palmitinsyra C16:0,Potatisprodukter potatisrätter,1.6,g
6988,Potatisgratäng kylvara tillagad,Myristinsyra C14:0,Potatisprodukter potatisrätter,0.6,g
6988,Potatisgratäng kylvara tillagad,Laurinsyra C12:0,Potatisprodukter potatisrätter,0.2,g
6988,Potatisgratäng kylvara tillagad,Betakaroten/β-Karoten,Potatisprodukter potatisrätter,18.0,µg
6988,Potatisgratäng kylvara tillagad,Avfall (skal etc.),Potatisprodukter potatisrätter,0.0,%
6988,Potatisgratäng kylvara tillagad,Aska,Potatisprodukter potatisrätter,1.8,g
6988,Potatisgratäng kylvara tillagad,Alkohol,Potatisprodukter potatisrätter,0.0,g
6991,Kakaobönor,"Zink, Zn",Kakaoprodukter,4.1,mg
6991,Kakaobönor,Vitamin E,Kakaoprodukter,0.6,mg
6991,Kakaobönor,Vitamin D inkl 25-OH-D3,Kakaoprodukter,1.15,µg
6991,Kakaobönor,Vitamin D,Kakaoprodukter,1.15,µg
6991,Kakaobönor,Vitamin C,Kakaoprodukter,0.0,mg
6991,Kakaobönor,Vitamin B6,Kakaoprodukter,0.08,mg
6991,Kakaobönor,Vitamin B12,Kakaoprodukter,0.0,µg
6991,Kakaobönor,Vitamin A,Kakaoprodukter,2.5,RE/µg
6991,Kakaobönor,Vatten,Kakaoprodukter,3.5,g
6991,Kakaobönor,Tiamin,Kakaoprodukter,0.26,mg
6991,Kakaobönor,Tillsatt socker,Kakaoprodukter,0.0,g
6991,Kakaobönor,Fritt socker,Kakaoprodukter,0.0,g
6991,Kakaobönor,"Selen, Se",Kakaoprodukter,18.0,µg
6991,Kakaobönor,Sackaros,Kakaoprodukter,0.3,g
6991,Kakaobönor,Riboflavin,Kakaoprodukter,0.08,mg
6991,Kakaobönor,Retinol,Kakaoprodukter,0.0,µg
6991,Kakaobönor,Protein,Kakaoprodukter,12.6,g
6991,Kakaobönor,Summa fleromättade fettsyror,Kakaoprodukter,1.4,g
6991,Kakaobönor,"Fosfor, P",Kakaoprodukter,450.0,mg
6991,Kakaobönor,Niacinekvivalenter,Kakaoprodukter,3.5,NE/mg
6991,Kakaobönor,Niacin,Kakaoprodukter,1.38,mg
6991,Kakaobönor,"Salt, NaCl",Kakaoprodukter,0.0,g
6991,Kakaobönor,"Natrium, Na",Kakaoprodukter,0.0,mg
6991,Kakaobönor,Monosackarider,Kakaoprodukter,0.2,g
6991,Kakaobönor,"Sockerarter, totalt",Kakaoprodukter,0.6,g
6991,Kakaobönor,Summa enkelomättade fettsyror,Kakaoprodukter,13.6,g
6991,Kakaobönor,"Magnesium, Mg",Kakaoprodukter,280.0,mg
6991,Kakaobönor,Summa mättade fettsyror,Kakaoprodukter,26.5,g
6991,Kakaobönor,"Kolhydrater, tillgängliga",Kakaoprodukter,0.0,g
6991,Kakaobönor,Kolesterol,Kakaoprodukter,1.2,mg
6991,Kakaobönor,"Kalium, K",Kakaoprodukter,800.0,mg
6991,Kakaobönor,"Jod, I",Kakaoprodukter,0.0,µg
6991,Kakaobönor,Fullkorn totalt,Kakaoprodukter,0.0,g
6991,Kakaobönor,"Folat, totalt",Kakaoprodukter,19.9,µg
6991,Kakaobönor,Fibrer,Kakaoprodukter,34.7,g
6991,Kakaobönor,"Fett, totalt",Kakaoprodukter,51.9,g
6991,Kakaobönor,"Järn, Fe",Kakaoprodukter,2.4,mg
6991,Kakaobönor,Energi (kJ),Kakaoprodukter,2411.0,kJ
6991,Kakaobönor,Energi (kcal),Kakaoprodukter,576.0,kcal
6991,Kakaobönor,Disackarider,Kakaoprodukter,0.3,g
6991,Kakaobönor,"Kalcium, Ca",Kakaoprodukter,79.0,mg
6991,Kakaobönor,Fettsyra 4:0-10:0,Kakaoprodukter,0.0,g
6991,Kakaobönor,DHA (C22:6),Kakaoprodukter,0.0,g
6991,Kakaobönor,DPA (C22:5),Kakaoprodukter,0.0,g
6991,Kakaobönor,EPA (C20:5),Kakaoprodukter,0.0,g
6991,Kakaobönor,Arakidonsyra C20:4,Kakaoprodukter,0.0,g
6991,Kakaobönor,Arakidinsyra C20:0,Kakaoprodukter,0.4,g
6991,Kakaobönor,Linolensyra C18:3,Kakaoprodukter,0.1,g
6991,Kakaobönor,Linolsyra C18:2,Kakaoprodukter,1.3,g
6991,Kakaobönor,Oljesyra C18:1,Kakaoprodukter,13.4,g
6991,Kakaobönor,Stearinsyra C18:0,Kakaoprodukter,13.7,g
6991,Kakaobönor,Palmitoljesyra C16:1,Kakaoprodukter,0.1,g
6991,Kakaobönor,Palmitinsyra C16:0,Kakaoprodukter,12.2,g
6991,Kakaobönor,Myristinsyra C14:0,Kakaoprodukter,0.0,g
6991,Kakaobönor,Laurinsyra C12:0,Kakaoprodukter,0.0,g
6991,Kakaobönor,Betakaroten/β-Karoten,Kakaoprodukter,22.0,µg
6991,Kakaobönor,Avfall (skal etc.),Kakaoprodukter,0.0,%
6991,Kakaobönor,Aska,Kakaoprodukter,2.8,g
6991,Kakaobönor,Alkohol,Kakaoprodukter,0.0,g
6992,Choklad ljus vegansk,"Zink, Zn",Choklad ,0.9,mg
6992,Choklad ljus vegansk,Vitamin E,Choklad ,1.0,mg
6992,Choklad ljus vegansk,Vitamin D inkl 25-OH-D3,Choklad ,0.0,µg
6992,Choklad ljus vegansk,Vitamin D,Choklad ,0.0,µg
6992,Choklad ljus vegansk,Vitamin C,Choklad ,0.0,mg
6992,Choklad ljus vegansk,Vitamin B6,Choklad ,0.04,mg
6992,Choklad ljus vegansk,Vitamin B12,Choklad ,0.0,µg
6992,Choklad ljus vegansk,Vitamin A,Choklad ,1.8,RE/µg
6992,Choklad ljus vegansk,Vatten,Choklad ,1.6,g
6992,Choklad ljus vegansk,Tiamin,Choklad ,0.05,mg
6992,Choklad ljus vegansk,Tillsatt socker,Choklad ,41.0,g
6992,Choklad ljus vegansk,Fritt socker,Choklad ,41.0,g
6992,Choklad ljus vegansk,"Selen, Se",Choklad ,0.0,µg
6992,Choklad ljus vegansk,Sackaros,Choklad ,33.7,g
6992,Choklad ljus vegansk,Riboflavin,Choklad ,0.04,mg
6992,Choklad ljus vegansk,Retinol,Choklad ,0.0,µg
6992,Choklad ljus vegansk,Protein,Choklad ,3.3,g
6992,Choklad ljus vegansk,Summa fleromättade fettsyror,Choklad ,1.3,g
6992,Choklad ljus vegansk,"Fosfor, P",Choklad ,100.0,mg
6992,Choklad ljus vegansk,Niacinekvivalenter,Choklad ,1.0,NE/mg
6992,Choklad ljus vegansk,Niacin,Choklad ,0.48,mg
6992,Choklad ljus vegansk,"Salt, NaCl",Choklad ,0.0,g
6992,Choklad ljus vegansk,"Natrium, Na",Choklad ,14.0,mg
6992,Choklad ljus vegansk,Monosackarider,Choklad ,6.4,g
6992,Choklad ljus vegansk,"Sockerarter, totalt",Choklad ,41.1,g
6992,Choklad ljus vegansk,Summa enkelomättade fettsyror,Choklad ,12.0,g
6992,Choklad ljus vegansk,"Magnesium, Mg",Choklad ,67.0,mg
6992,Choklad ljus vegansk,Summa mättade fettsyror,Choklad ,20.8,g
6992,Choklad ljus vegansk,"Kolhydrater, tillgängliga",Choklad ,53.4,g
6992,Choklad ljus vegansk,Kolesterol,Choklad ,0.0,mg
6992,Choklad ljus vegansk,"Kalium, K",Choklad ,230.0,mg
6992,Choklad ljus vegansk,"Jod, I",Choklad ,0.0,µg
6992,Choklad ljus vegansk,Fullkorn totalt,Choklad ,0.0,g
6992,Choklad ljus vegansk,"Folat, totalt",Choklad ,9.7,µg
6992,Choklad ljus vegansk,Fibrer,Choklad ,5.0,g
6992,Choklad ljus vegansk,"Fett, totalt",Choklad ,35.8,g
6992,Choklad ljus vegansk,"Järn, Fe",Choklad ,2.6,mg
6992,Choklad ljus vegansk,Energi (kJ),Choklad ,2329.0,kJ
6992,Choklad ljus vegansk,Energi (kcal),Choklad ,557.0,kcal
6992,Choklad ljus vegansk,Disackarider,Choklad ,34.7,g
6992,Choklad ljus vegansk,"Kalcium, Ca",Choklad ,22.0,mg
6992,Choklad ljus vegansk,Fettsyra 4:0-10:0,Choklad ,0.0,g
6992,Choklad ljus vegansk,DHA (C22:6),Choklad ,0.0,g
6992,Choklad ljus vegansk,DPA (C22:5),Choklad ,0.0,g
6992,Choklad ljus vegansk,EPA (C20:5),Choklad ,0.0,g
6992,Choklad ljus vegansk,Arakidonsyra C20:4,Choklad ,0.0,g
6992,Choklad ljus vegansk,Arakidinsyra C20:0,Choklad ,0.3,g
6992,Choklad ljus vegansk,Linolensyra C18:3,Choklad ,0.1,g
6992,Choklad ljus vegansk,Linolsyra C18:2,Choklad ,1.2,g
6992,Choklad ljus vegansk,Oljesyra C18:1,Choklad ,11.9,g
6992,Choklad ljus vegansk,Stearinsyra C18:0,Choklad ,11.7,g
6992,Choklad ljus vegansk,Palmitoljesyra C16:1,Choklad ,0.1,g
6992,Choklad ljus vegansk,Palmitinsyra C16:0,Choklad ,8.7,g
6992,Choklad ljus vegansk,Myristinsyra C14:0,Choklad ,0.0,g
6992,Choklad ljus vegansk,Laurinsyra C12:0,Choklad ,0.0,g
6992,Choklad ljus vegansk,Betakaroten/β-Karoten,Choklad ,17.0,µg
6992,Choklad ljus vegansk,Avfall (skal etc.),Choklad ,0.0,%
6992,Choklad ljus vegansk,Aska,Choklad ,0.8,g
6992,Choklad ljus vegansk,Alkohol,Choklad ,0.0,g
6993,Gelégodis u. gelatin,"Zink, Zn",Godis ej choklad,0.0,mg
6993,Gelégodis u. gelatin,Vitamin E,Godis ej choklad,0.0,mg
6993,Gelégodis u. gelatin,Vitamin D inkl 25-OH-D3,Godis ej choklad,0.0,µg
6993,Gelégodis u. gelatin,Vitamin D,Godis ej choklad,0.0,µg
6993,Gelégodis u. gelatin,Vitamin C,Godis ej choklad,0.0,mg
6993,Gelégodis u. gelatin,Vitamin B6,Godis ej choklad,0.0,mg
6993,Gelégodis u. gelatin,Vitamin B12,Godis ej choklad,0.0,µg
6993,Gelégodis u. gelatin,Vitamin A,Godis ej choklad,0.0,RE/µg
6993,Gelégodis u. gelatin,Vatten,Godis ej choklad,18.6,g
6993,Gelégodis u. gelatin,Tiamin,Godis ej choklad,0.0,mg
6993,Gelégodis u. gelatin,Tillsatt socker,Godis ej choklad,58.0,g
6993,Gelégodis u. gelatin,Fritt socker,Godis ej choklad,58.0,g
6993,Gelégodis u. gelatin,"Selen, Se",Godis ej choklad,0.0,µg
6993,Gelégodis u. gelatin,Sackaros,Godis ej choklad,29.0,g
6993,Gelégodis u. gelatin,Riboflavin,Godis ej choklad,0.0,mg
6993,Gelégodis u. gelatin,Retinol,Godis ej choklad,0.0,µg
6993,Gelégodis u. gelatin,Protein,Godis ej choklad,0.6,g
6993,Gelégodis u. gelatin,Summa fleromättade fettsyror,Godis ej choklad,0.0,g
6993,Gelégodis u. gelatin,"Fosfor, P",Godis ej choklad,5.0,mg
6993,Gelégodis u. gelatin,Niacinekvivalenter,Godis ej choklad,0.1,NE/mg
6993,Gelégodis u. gelatin,Niacin,Godis ej choklad,0.0,mg
6993,Gelégodis u. gelatin,"Salt, NaCl",Godis ej choklad,0.2,g
6993,Gelégodis u. gelatin,"Natrium, Na",Godis ej choklad,93.0,mg
6993,Gelégodis u. gelatin,Monosackarider,Godis ej choklad,21.4,g
6993,Gelégodis u. gelatin,"Sockerarter, totalt",Godis ej choklad,58.5,g
6993,Gelégodis u. gelatin,Summa enkelomättade fettsyror,Godis ej choklad,0.0,g
6993,Gelégodis u. gelatin,"Magnesium, Mg",Godis ej choklad,0.0,mg
6993,Gelégodis u. gelatin,Summa mättade fettsyror,Godis ej choklad,0.0,g
6993,Gelégodis u. gelatin,"Kolhydrater, tillgängliga",Godis ej choklad,79.2,g
6993,Gelégodis u. gelatin,Kolesterol,Godis ej choklad,0.0,mg
6993,Gelégodis u. gelatin,"Kalium, K",Godis ej choklad,9.0,mg
6993,Gelégodis u. gelatin,"Jod, I",Godis ej choklad,0.0,µg
6993,Gelégodis u. gelatin,Fullkorn totalt,Godis ej choklad,0.0,g
6993,Gelégodis u. gelatin,"Folat, totalt",Godis ej choklad,5.7,µg
6993,Gelégodis u. gelatin,Fibrer,Godis ej choklad,1.4,g
6993,Gelégodis u. gelatin,"Fett, totalt",Godis ej choklad,0.0,g
6993,Gelégodis u. gelatin,"Järn, Fe",Godis ej choklad,0.2,mg
6993,Gelégodis u. gelatin,Energi (kJ),Godis ej choklad,1368.0,kJ
6993,Gelégodis u. gelatin,Energi (kcal),Godis ej choklad,327.0,kcal
6993,Gelégodis u. gelatin,Disackarider,Godis ej choklad,37.1,g
6993,Gelégodis u. gelatin,"Kalcium, Ca",Godis ej choklad,4.0,mg
6993,Gelégodis u. gelatin,Fettsyra 4:0-10:0,Godis ej choklad,0.0,g
6993,Gelégodis u. gelatin,DHA (C22:6),Godis ej choklad,0.0,g
6993,Gelégodis u. gelatin,DPA (C22:5),Godis ej choklad,0.0,g
6993,Gelégodis u. gelatin,EPA (C20:5),Godis ej choklad,0.0,g
6993,Gelégodis u. gelatin,Arakidonsyra C20:4,Godis ej choklad,0.0,g
6993,Gelégodis u. gelatin,Arakidinsyra C20:0,Godis ej choklad,0.0,g
6993,Gelégodis u. gelatin,Linolensyra C18:3,Godis ej choklad,0.0,g
6993,Gelégodis u. gelatin,Linolsyra C18:2,Godis ej choklad,0.0,g
6993,Gelégodis u. gelatin,Oljesyra C18:1,Godis ej choklad,0.0,g
6993,Gelégodis u. gelatin,Stearinsyra C18:0,Godis ej choklad,0.0,g
6993,Gelégodis u. gelatin,Palmitoljesyra C16:1,Godis ej choklad,0.0,g
6993,Gelégodis u. gelatin,Palmitinsyra C16:0,Godis ej choklad,0.0,g
6993,Gelégodis u. gelatin,Myristinsyra C14:0,Godis ej choklad,0.0,g
6993,Gelégodis u. gelatin,Laurinsyra C12:0,Godis ej choklad,0.0,g
6993,Gelégodis u. gelatin,Betakaroten/β-Karoten,Godis ej choklad,0.0,µg
6993,Gelégodis u. gelatin,Avfall (skal etc.),Godis ej choklad,0.0,%
6993,Gelégodis u. gelatin,Aska,Godis ej choklad,0.2,g
6993,Gelégodis u. gelatin,Alkohol,Godis ej choklad,0.0,g
6994,Mango torkad,"Zink, Zn",Frukt o bär torkade,0.3,mg
6994,Mango torkad,Vitamin E,Frukt o bär torkade,5.0,mg
6994,Mango torkad,Vitamin D inkl 25-OH-D3,Frukt o bär torkade,0.0,µg
6994,Mango torkad,Vitamin D,Frukt o bär torkade,0.0,µg
6994,Mango torkad,Vitamin C,Frukt o bär torkade,16.9,mg
6994,Mango torkad,Vitamin B6,Frukt o bär torkade,0.1,mg
6994,Mango torkad,Vitamin B12,Frukt o bär torkade,0.0,µg
6994,Mango torkad,Vitamin A,Frukt o bär torkade,225.2,RE/µg
6994,Mango torkad,Vatten,Frukt o bär torkade,21.5,g
6994,Mango torkad,Tiamin,Frukt o bär torkade,0.09,mg
6994,Mango torkad,Tillsatt socker,Frukt o bär torkade,0.0,g
6994,Mango torkad,Fritt socker,Frukt o bär torkade,0.0,g
6994,Mango torkad,"Selen, Se",Frukt o bär torkade,0.0,µg
6994,Mango torkad,Sackaros,Frukt o bär torkade,33.6,g
6994,Mango torkad,Riboflavin,Frukt o bär torkade,0.13,mg
6994,Mango torkad,Retinol,Frukt o bär torkade,0.0,µg
6994,Mango torkad,Protein,Frukt o bär torkade,2.6,g
6994,Mango torkad,Summa fleromättade fettsyror,Frukt o bär torkade,0.1,g
6994,Mango torkad,"Fosfor, P",Frukt o bär torkade,69.0,mg
6994,Mango torkad,Niacinekvivalenter,Frukt o bär torkade,2.4,NE/mg
6994,Mango torkad,Niacin,Frukt o bär torkade,1.99,mg
6994,Mango torkad,"Salt, NaCl",Frukt o bär torkade,0.0,g
6994,Mango torkad,"Natrium, Na",Frukt o bär torkade,12.0,mg
6994,Mango torkad,Monosackarider,Frukt o bär torkade,28.3,g
6994,Mango torkad,"Sockerarter, totalt",Frukt o bär torkade,61.9,g
6994,Mango torkad,Summa enkelomättade fettsyror,Frukt o bär torkade,0.3,g
6994,Mango torkad,"Magnesium, Mg",Frukt o bär torkade,49.0,mg
6994,Mango torkad,Summa mättade fettsyror,Frukt o bär torkade,0.2,g
6994,Mango torkad,"Kolhydrater, tillgängliga",Frukt o bär torkade,64.0,g
6994,Mango torkad,Kolesterol,Frukt o bär torkade,0.0,mg
6994,Mango torkad,"Kalium, K",Frukt o bär torkade,880.0,mg
6994,Mango torkad,"Jod, I",Frukt o bär torkade,0.0,µg
6994,Mango torkad,Fullkorn totalt,Frukt o bär torkade,0.0,g
6994,Mango torkad,"Folat, totalt",Frukt o bär torkade,51.3,µg
6994,Mango torkad,Fibrer,Frukt o bär torkade,9.2,g
6994,Mango torkad,"Fett, totalt",Frukt o bär torkade,0.9,g
6994,Mango torkad,"Järn, Fe",Frukt o bär torkade,0.7,mg
6994,Mango torkad,Energi (kJ),Frukt o bär torkade,1240.0,kJ
6994,Mango torkad,Energi (kcal),Frukt o bär torkade,296.0,kcal
6994,Mango torkad,Disackarider,Frukt o bär torkade,33.6,g
6994,Mango torkad,"Kalcium, Ca",Frukt o bär torkade,38.0,mg
6994,Mango torkad,Fettsyra 4:0-10:0,Frukt o bär torkade,0.0,g
6994,Mango torkad,DHA (C22:6),Frukt o bär torkade,0.0,g
6994,Mango torkad,DPA (C22:5),Frukt o bär torkade,0.0,g
6994,Mango torkad,EPA (C20:5),Frukt o bär torkade,0.0,g
6994,Mango torkad,Arakidonsyra C20:4,Frukt o bär torkade,0.0,g
6994,Mango torkad,Arakidinsyra C20:0,Frukt o bär torkade,0.0,g
6994,Mango torkad,Linolensyra C18:3,Frukt o bär torkade,0.1,g
6994,Mango torkad,Linolsyra C18:2,Frukt o bär torkade,0.0,g
6994,Mango torkad,Oljesyra C18:1,Frukt o bär torkade,0.2,g
6994,Mango torkad,Stearinsyra C18:0,Frukt o bär torkade,0.0,g
6994,Mango torkad,Palmitoljesyra C16:1,Frukt o bär torkade,0.1,g
6994,Mango torkad,Palmitinsyra C16:0,Frukt o bär torkade,0.2,g
6994,Mango torkad,Myristinsyra C14:0,Frukt o bär torkade,0.0,g
6994,Mango torkad,Laurinsyra C12:0,Frukt o bär torkade,0.0,g
6994,Mango torkad,Betakaroten/β-Karoten,Frukt o bär torkade,2670.0,µg
6994,Mango torkad,Avfall (skal etc.),Frukt o bär torkade,0.0,%
6994,Mango torkad,Aska,Frukt o bär torkade,1.7,g
6994,Mango torkad,Alkohol,Frukt o bär torkade,0.0,g
6996,Gojibär torkade,"Zink, Zn",Frukt o bär torkade,0.8,mg
6996,Gojibär torkade,Vitamin E,Frukt o bär torkade,6.3,mg
6996,Gojibär torkade,Vitamin D inkl 25-OH-D3,Frukt o bär torkade,0.0,µg
6996,Gojibär torkade,Vitamin D,Frukt o bär torkade,0.0,µg
6996,Gojibär torkade,Vitamin C,Frukt o bär torkade,0.0,mg
6996,Gojibär torkade,Vitamin B6,Frukt o bär torkade,0.08,mg
6996,Gojibär torkade,Vitamin B12,Frukt o bär torkade,0.0,µg
6996,Gojibär torkade,Vitamin A,Frukt o bär torkade,53.8,RE/µg
6996,Gojibär torkade,Vatten,Frukt o bär torkade,24.3,g
6996,Gojibär torkade,Tiamin,Frukt o bär torkade,0.12,mg
6996,Gojibär torkade,Tillsatt socker,Frukt o bär torkade,0.0,g
6996,Gojibär torkade,Fritt socker,Frukt o bär torkade,0.0,g
6996,Gojibär torkade,"Selen, Se",Frukt o bär torkade,0.0,µg
6996,Gojibär torkade,Sackaros,Frukt o bär torkade,2.7,g
6996,Gojibär torkade,Riboflavin,Frukt o bär torkade,0.77,mg
6996,Gojibär torkade,Retinol,Frukt o bär torkade,0.0,µg
6996,Gojibär torkade,Protein,Frukt o bär torkade,11.2,g
6996,Gojibär torkade,Summa fleromättade fettsyror,Frukt o bär torkade,0.6,g
6996,Gojibär torkade,"Fosfor, P",Frukt o bär torkade,240.0,mg
6996,Gojibär torkade,Niacinekvivalenter,Frukt o bär torkade,5.7,NE/mg
6996,Gojibär torkade,Niacin,Frukt o bär torkade,3.87,mg
6996,Gojibär torkade,"Salt, NaCl",Frukt o bär torkade,0.9,g
6996,Gojibär torkade,"Natrium, Na",Frukt o bär torkade,360.0,mg
6996,Gojibär torkade,Monosackarider,Frukt o bär torkade,47.8,g
6996,Gojibär torkade,"Sockerarter, totalt",Frukt o bär torkade,50.5,g
6996,Gojibär torkade,Summa enkelomättade fettsyror,Frukt o bär torkade,0.3,g
6996,Gojibär torkade,"Magnesium, Mg",Frukt o bär torkade,100.0,mg
6996,Gojibär torkade,Summa mättade fettsyror,Frukt o bär torkade,0.9,g
6996,Gojibär torkade,"Kolhydrater, tillgängliga",Frukt o bär torkade,47.2,g
6996,Gojibär torkade,Kolesterol,Frukt o bär torkade,0.0,mg
6996,Gojibär torkade,"Kalium, K",Frukt o bär torkade,1500.0,mg
6996,Gojibär torkade,"Jod, I",Frukt o bär torkade,0.0,µg
6996,Gojibär torkade,Fullkorn totalt,Frukt o bär torkade,0.0,g
6996,Gojibär torkade,"Folat, totalt",Frukt o bär torkade,56.9,µg
6996,Gojibär torkade,Fibrer,Frukt o bär torkade,10.8,g
6996,Gojibär torkade,"Fett, totalt",Frukt o bär torkade,2.4,g
6996,Gojibär torkade,"Järn, Fe",Frukt o bär torkade,3.1,mg
6996,Gojibär torkade,Energi (kJ),Frukt o bär torkade,1167.0,kJ
6996,Gojibär torkade,Energi (kcal),Frukt o bär torkade,279.0,kcal
6996,Gojibär torkade,Disackarider,Frukt o bär torkade,2.7,g
6996,Gojibär torkade,"Kalcium, Ca",Frukt o bär torkade,58.0,mg
6996,Gojibär torkade,Fettsyra 4:0-10:0,Frukt o bär torkade,0.0,g
6996,Gojibär torkade,DHA (C22:6),Frukt o bär torkade,0.0,g
6996,Gojibär torkade,DPA (C22:5),Frukt o bär torkade,0.0,g
6996,Gojibär torkade,EPA (C20:5),Frukt o bär torkade,0.0,g
6996,Gojibär torkade,Arakidonsyra C20:4,Frukt o bär torkade,0.0,g
6996,Gojibär torkade,Arakidinsyra C20:0,Frukt o bär torkade,0.0,g
6996,Gojibär torkade,Linolensyra C18:3,Frukt o bär torkade,0.2,g
6996,Gojibär torkade,Linolsyra C18:2,Frukt o bär torkade,0.4,g
6996,Gojibär torkade,Oljesyra C18:1,Frukt o bär torkade,0.3,g
6996,Gojibär torkade,Stearinsyra C18:0,Frukt o bär torkade,0.0,g
6996,Gojibär torkade,Palmitoljesyra C16:1,Frukt o bär torkade,0.0,g
6996,Gojibär torkade,Palmitinsyra C16:0,Frukt o bär torkade,0.7,g
6996,Gojibär torkade,Myristinsyra C14:0,Frukt o bär torkade,0.0,g
6996,Gojibär torkade,Laurinsyra C12:0,Frukt o bär torkade,0.0,g
6996,Gojibär torkade,Betakaroten/β-Karoten,Frukt o bär torkade,311.0,µg
6996,Gojibär torkade,Avfall (skal etc.),Frukt o bär torkade,0.0,%
6996,Gojibär torkade,Aska,Frukt o bär torkade,4.1,g
6996,Gojibär torkade,Alkohol,Frukt o bär torkade,0.0,g
6997,Glykossirap,"Zink, Zn",Socker sirap honung,0.0,mg
6997,Glykossirap,Vitamin E,Socker sirap honung,0.0,mg
6997,Glykossirap,Vitamin D inkl 25-OH-D3,Socker sirap honung,0.0,µg
6997,Glykossirap,Vitamin D,Socker sirap honung,0.0,µg
6997,Glykossirap,Vitamin C,Socker sirap honung,0.0,mg
6997,Glykossirap,Vitamin B6,Socker sirap honung,0.0,mg
6997,Glykossirap,Vitamin B12,Socker sirap honung,0.0,µg
6997,Glykossirap,Vitamin A,Socker sirap honung,0.0,RE/µg
6997,Glykossirap,Vatten,Socker sirap honung,20.2,g
6997,Glykossirap,Tiamin,Socker sirap honung,0.0,mg
6997,Glykossirap,Tillsatt socker,Socker sirap honung,39.0,g
6997,Glykossirap,Fritt socker,Socker sirap honung,39.0,g
6997,Glykossirap,"Selen, Se",Socker sirap honung,0.0,µg
6997,Glykossirap,Sackaros,Socker sirap honung,0.0,g
6997,Glykossirap,Riboflavin,Socker sirap honung,0.0,mg
6997,Glykossirap,Retinol,Socker sirap honung,0.0,µg
6997,Glykossirap,Protein,Socker sirap honung,0.0,g
6997,Glykossirap,Summa fleromättade fettsyror,Socker sirap honung,0.0,g
6997,Glykossirap,"Fosfor, P",Socker sirap honung,11.0,mg
6997,Glykossirap,Niacinekvivalenter,Socker sirap honung,0.0,NE/mg
6997,Glykossirap,Niacin,Socker sirap honung,0.0,mg
6997,Glykossirap,"Salt, NaCl",Socker sirap honung,0.0,g
6997,Glykossirap,"Natrium, Na",Socker sirap honung,0.0,mg
6997,Glykossirap,Monosackarider,Socker sirap honung,21.8,g
6997,Glykossirap,"Sockerarter, totalt",Socker sirap honung,39.2,g
6997,Glykossirap,Summa enkelomättade fettsyror,Socker sirap honung,0.0,g
6997,Glykossirap,"Magnesium, Mg",Socker sirap honung,0.0,mg
6997,Glykossirap,Summa mättade fettsyror,Socker sirap honung,0.0,g
6997,Glykossirap,"Kolhydrater, tillgängliga",Socker sirap honung,79.8,g
6997,Glykossirap,Kolesterol,Socker sirap honung,0.0,mg
6997,Glykossirap,"Kalium, K",Socker sirap honung,0.0,mg
6997,Glykossirap,"Jod, I",Socker sirap honung,0.0,µg
6997,Glykossirap,Fullkorn totalt,Socker sirap honung,0.0,g
6997,Glykossirap,"Folat, totalt",Socker sirap honung,0.0,µg
6997,Glykossirap,Fibrer,Socker sirap honung,0.0,g
6997,Glykossirap,"Fett, totalt",Socker sirap honung,0.0,g
6997,Glykossirap,"Järn, Fe",Socker sirap honung,0.0,mg
6997,Glykossirap,Energi (kJ),Socker sirap honung,1357.0,kJ
6997,Glykossirap,Energi (kcal),Socker sirap honung,324.0,kcal
6997,Glykossirap,Disackarider,Socker sirap honung,17.4,g
6997,Glykossirap,"Kalcium, Ca",Socker sirap honung,0.0,mg
6997,Glykossirap,Fettsyra 4:0-10:0,Socker sirap honung,0.0,g
6997,Glykossirap,DHA (C22:6),Socker sirap honung,0.0,g
6997,Glykossirap,DPA (C22:5),Socker sirap honung,0.0,g
6997,Glykossirap,EPA (C20:5),Socker sirap honung,0.0,g
6997,Glykossirap,Arakidonsyra C20:4,Socker sirap honung,0.0,g
6997,Glykossirap,Arakidinsyra C20:0,Socker sirap honung,0.0,g
6997,Glykossirap,Linolensyra C18:3,Socker sirap honung,0.0,g
6997,Glykossirap,Linolsyra C18:2,Socker sirap honung,0.0,g
6997,Glykossirap,Oljesyra C18:1,Socker sirap honung,0.0,g
6997,Glykossirap,Stearinsyra C18:0,Socker sirap honung,0.0,g
6997,Glykossirap,Palmitoljesyra C16:1,Socker sirap honung,0.0,g
6997,Glykossirap,Palmitinsyra C16:0,Socker sirap honung,0.0,g
6997,Glykossirap,Myristinsyra C14:0,Socker sirap honung,0.0,g
6997,Glykossirap,Laurinsyra C12:0,Socker sirap honung,0.0,g
6997,Glykossirap,Betakaroten/β-Karoten,Socker sirap honung,0.0,µg
6997,Glykossirap,Avfall (skal etc.),Socker sirap honung,0.0,%
6997,Glykossirap,Aska,Socker sirap honung,0.0,g
6997,Glykossirap,Alkohol,Socker sirap honung,0.0,g
6998,Näringsjäst,"Zink, Zn",Kost- o näringspreparat,8.3,mg
6998,Näringsjäst,Vitamin E,Kost- o näringspreparat,0.3,mg
6998,Näringsjäst,Vitamin D inkl 25-OH-D3,Kost- o näringspreparat,0.0,µg
6998,Näringsjäst,Vitamin D,Kost- o näringspreparat,0.0,µg
6998,Näringsjäst,Vitamin C,Kost- o näringspreparat,0.0,mg
6998,Näringsjäst,Vitamin B6,Kost- o näringspreparat,19.3,mg
6998,Näringsjäst,Vitamin B12,Kost- o näringspreparat,0.0,µg
6998,Näringsjäst,Vitamin A,Kost- o näringspreparat,0.0,RE/µg
6998,Näringsjäst,Vatten,Kost- o näringspreparat,4.4,g
6998,Näringsjäst,Tiamin,Kost- o näringspreparat,30.3,mg
6998,Näringsjäst,Tillsatt socker,Kost- o näringspreparat,0.0,g
6998,Näringsjäst,Fritt socker,Kost- o näringspreparat,0.0,g
6998,Näringsjäst,"Selen, Se",Kost- o näringspreparat,12.0,µg
6998,Näringsjäst,Sackaros,Kost- o näringspreparat,0.0,g
6998,Näringsjäst,Riboflavin,Kost- o näringspreparat,11.5,mg
6998,Näringsjäst,Retinol,Kost- o näringspreparat,0.0,µg
6998,Näringsjäst,Protein,Kost- o näringspreparat,46.6,g
6998,Näringsjäst,Summa fleromättade fettsyror,Kost- o näringspreparat,0.9,g
6998,Näringsjäst,"Fosfor, P",Kost- o näringspreparat,1100.0,mg
6998,Näringsjäst,Niacinekvivalenter,Kost- o näringspreparat,163.8,NE/mg
6998,Näringsjäst,Niacin,Kost- o näringspreparat,156.0,mg
6998,Näringsjäst,"Salt, NaCl",Kost- o näringspreparat,0.1,g
6998,Näringsjäst,"Natrium, Na",Kost- o näringspreparat,55.0,mg
6998,Näringsjäst,Monosackarider,Kost- o näringspreparat,0.0,g
6998,Näringsjäst,"Sockerarter, totalt",Kost- o näringspreparat,0.0,g
6998,Näringsjäst,Summa enkelomättade fettsyror,Kost- o näringspreparat,2.2,g
6998,Näringsjäst,"Magnesium, Mg",Kost- o näringspreparat,130.0,mg
6998,Näringsjäst,Summa mättade fettsyror,Kost- o näringspreparat,1.1,g
6998,Näringsjäst,"Kolhydrater, tillgängliga",Kost- o näringspreparat,12.6,g
6998,Näringsjäst,Kolesterol,Kost- o näringspreparat,0.0,mg
6998,Näringsjäst,"Kalium, K",Kost- o näringspreparat,1900.0,mg
6998,Näringsjäst,"Jod, I",Kost- o näringspreparat,1.7,µg
6998,Näringsjäst,Fullkorn totalt,Kost- o näringspreparat,0.0,g
6998,Näringsjäst,"Folat, totalt",Kost- o näringspreparat,3070.0,µg
6998,Näringsjäst,Fibrer,Kost- o näringspreparat,23.4,g
6998,Näringsjäst,"Fett, totalt",Kost- o näringspreparat,5.2,g
6998,Näringsjäst,"Järn, Fe",Kost- o näringspreparat,3.7,mg
6998,Näringsjäst,Energi (kJ),Kost- o näringspreparat,1388.0,kJ
6998,Näringsjäst,Energi (kcal),Kost- o näringspreparat,332.0,kcal
6998,Näringsjäst,Disackarider,Kost- o näringspreparat,0.0,g
6998,Näringsjäst,"Kalcium, Ca",Kost- o näringspreparat,120.0,mg
6998,Näringsjäst,Fettsyra 4:0-10:0,Kost- o näringspreparat,0.0,g
6998,Näringsjäst,DHA (C22:6),Kost- o näringspreparat,0.0,g
6998,Näringsjäst,DPA (C22:5),Kost- o näringspreparat,0.0,g
6998,Näringsjäst,EPA (C20:5),Kost- o näringspreparat,0.0,g
6998,Näringsjäst,Arakidonsyra C20:4,Kost- o näringspreparat,0.0,g
6998,Näringsjäst,Arakidinsyra C20:0,Kost- o näringspreparat,0.0,g
6998,Näringsjäst,Linolensyra C18:3,Kost- o näringspreparat,0.0,g
6998,Näringsjäst,Linolsyra C18:2,Kost- o näringspreparat,0.9,g
6998,Näringsjäst,Oljesyra C18:1,Kost- o näringspreparat,2.2,g
6998,Näringsjäst,Stearinsyra C18:0,Kost- o näringspreparat,0.2,g
6998,Näringsjäst,Palmitoljesyra C16:1,Kost- o näringspreparat,0.0,g
6998,Näringsjäst,Palmitinsyra C16:0,Kost- o näringspreparat,0.8,g
6998,Näringsjäst,Myristinsyra C14:0,Kost- o näringspreparat,0.0,g
6998,Näringsjäst,Laurinsyra C12:0,Kost- o näringspreparat,0.0,g
6998,Näringsjäst,Betakaroten/β-Karoten,Kost- o näringspreparat,0.0,µg
6998,Näringsjäst,Avfall (skal etc.),Kost- o näringspreparat,0.0,%
6998,Näringsjäst,Aska,Kost- o näringspreparat,7.8,g
6998,Näringsjäst,Alkohol,Kost- o näringspreparat,0.0,g
6999,Havreris kokt m. salt,"Zink, Zn",Matgryn,1.2,mg
6999,Havreris kokt m. salt,Vitamin E,Matgryn,0.4,mg
6999,Havreris kokt m. salt,Vitamin D inkl 25-OH-D3,Matgryn,0.0,µg
6999,Havreris kokt m. salt,Vitamin D,Matgryn,0.0,µg
6999,Havreris kokt m. salt,Vitamin C,Matgryn,0.0,mg
6999,Havreris kokt m. salt,Vitamin B6,Matgryn,0.04,mg
6999,Havreris kokt m. salt,Vitamin B12,Matgryn,0.0,µg
6999,Havreris kokt m. salt,Vitamin A,Matgryn,0.0,RE/µg
6999,Havreris kokt m. salt,Vatten,Matgryn,58.3,g
6999,Havreris kokt m. salt,Tiamin,Matgryn,0.13,mg
6999,Havreris kokt m. salt,Tillsatt socker,Matgryn,0.0,g
6999,Havreris kokt m. salt,Fritt socker,Matgryn,0.0,g
6999,Havreris kokt m. salt,"Selen, Se",Matgryn,6.9,µg
6999,Havreris kokt m. salt,Sackaros,Matgryn,0.4,g
6999,Havreris kokt m. salt,Riboflavin,Matgryn,0.01,mg
6999,Havreris kokt m. salt,Retinol,Matgryn,0.0,µg
6999,Havreris kokt m. salt,Protein,Matgryn,5.6,g
6999,Havreris kokt m. salt,Summa fleromättade fettsyror,Matgryn,1.1,g
6999,Havreris kokt m. salt,"Fosfor, P",Matgryn,160.0,mg
6999,Havreris kokt m. salt,Niacinekvivalenter,Matgryn,1.2,NE/mg
6999,Havreris kokt m. salt,Niacin,Matgryn,0.27,mg
6999,Havreris kokt m. salt,"Salt, NaCl",Matgryn,0.2,g
6999,Havreris kokt m. salt,"Natrium, Na",Matgryn,97.0,mg
6999,Havreris kokt m. salt,Monosackarider,Matgryn,0.0,g
6999,Havreris kokt m. salt,"Sockerarter, totalt",Matgryn,0.4,g
6999,Havreris kokt m. salt,Summa enkelomättade fettsyror,Matgryn,0.9,g
6999,Havreris kokt m. salt,"Magnesium, Mg",Matgryn,44.0,mg
6999,Havreris kokt m. salt,Summa mättade fettsyror,Matgryn,0.4,g
6999,Havreris kokt m. salt,"Kolhydrater, tillgängliga",Matgryn,28.5,g
6999,Havreris kokt m. salt,Kolesterol,Matgryn,0.0,mg
6999,Havreris kokt m. salt,"Kalium, K",Matgryn,140.0,mg
6999,Havreris kokt m. salt,"Jod, I",Matgryn,1.6,µg
6999,Havreris kokt m. salt,Fullkorn totalt,Matgryn,0.0,g
6999,Havreris kokt m. salt,"Folat, totalt",Matgryn,8.9,µg
6999,Havreris kokt m. salt,Fibrer,Matgryn,4.1,g
6999,Havreris kokt m. salt,"Fett, totalt",Matgryn,2.7,g
6999,Havreris kokt m. salt,"Järn, Fe",Matgryn,1.6,mg
6999,Havreris kokt m. salt,Energi (kJ),Matgryn,711.0,kJ
6999,Havreris kokt m. salt,Energi (kcal),Matgryn,170.0,kcal
6999,Havreris kokt m. salt,Disackarider,Matgryn,0.4,g
6999,Havreris kokt m. salt,"Kalcium, Ca",Matgryn,22.0,mg
6999,Havreris kokt m. salt,Fettsyra 4:0-10:0,Matgryn,0.0,g
6999,Havreris kokt m. salt,DHA (C22:6),Matgryn,0.0,g
6999,Havreris kokt m. salt,DPA (C22:5),Matgryn,0.0,g
6999,Havreris kokt m. salt,EPA (C20:5),Matgryn,0.0,g
6999,Havreris kokt m. salt,Arakidonsyra C20:4,Matgryn,0.0,g
6999,Havreris kokt m. salt,Arakidinsyra C20:0,Matgryn,0.0,g
6999,Havreris kokt m. salt,Linolensyra C18:3,Matgryn,0.0,g
6999,Havreris kokt m. salt,Linolsyra C18:2,Matgryn,1.1,g
6999,Havreris kokt m. salt,Oljesyra C18:1,Matgryn,0.9,g
6999,Havreris kokt m. salt,Stearinsyra C18:0,Matgryn,0.0,g
6999,Havreris kokt m. salt,Palmitoljesyra C16:1,Matgryn,0.0,g
6999,Havreris kokt m. salt,Palmitinsyra C16:0,Matgryn,0.4,g
6999,Havreris kokt m. salt,Myristinsyra C14:0,Matgryn,0.0,g
6999,Havreris kokt m. salt,Laurinsyra C12:0,Matgryn,0.0,g
6999,Havreris kokt m. salt,Betakaroten/β-Karoten,Matgryn,0.0,µg
6999,Havreris kokt m. salt,Avfall (skal etc.),Matgryn,0.0,%
6999,Havreris kokt m. salt,Aska,Matgryn,0.9,g
6999,Havreris kokt m. salt,Alkohol,Matgryn,0.0,g
7000,Lakritsgodis,"Zink, Zn",Godis ej choklad,0.1,mg
7000,Lakritsgodis,Vitamin E,Godis ej choklad,0.1,mg
7000,Lakritsgodis,Vitamin D inkl 25-OH-D3,Godis ej choklad,0.0,µg
7000,Lakritsgodis,Vitamin D,Godis ej choklad,0.0,µg
7000,Lakritsgodis,Vitamin C,Godis ej choklad,0.6,mg
7000,Lakritsgodis,Vitamin B6,Godis ej choklad,0.04,mg
7000,Lakritsgodis,Vitamin B12,Godis ej choklad,0.0,µg
7000,Lakritsgodis,Vitamin A,Godis ej choklad,0.0,RE/µg
7000,Lakritsgodis,Vatten,Godis ej choklad,11.8,g
7000,Lakritsgodis,Tiamin,Godis ej choklad,0.0,mg
7000,Lakritsgodis,Tillsatt socker,Godis ej choklad,52.0,g
7000,Lakritsgodis,Fritt socker,Godis ej choklad,52.0,g
7000,Lakritsgodis,"Selen, Se",Godis ej choklad,0.0,µg
7000,Lakritsgodis,Sackaros,Godis ej choklad,36.0,g
7000,Lakritsgodis,Riboflavin,Godis ej choklad,0.02,mg
7000,Lakritsgodis,Retinol,Godis ej choklad,0.0,µg
7000,Lakritsgodis,Protein,Godis ej choklad,5.1,g
7000,Lakritsgodis,Summa fleromättade fettsyror,Godis ej choklad,0.0,g
7000,Lakritsgodis,"Fosfor, P",Godis ej choklad,15.0,mg
7000,Lakritsgodis,Niacinekvivalenter,Godis ej choklad,1.0,NE/mg
7000,Lakritsgodis,Niacin,Godis ej choklad,0.12,mg
7000,Lakritsgodis,"Salt, NaCl",Godis ej choklad,1.4,g
7000,Lakritsgodis,"Natrium, Na",Godis ej choklad,540.0,mg
7000,Lakritsgodis,Monosackarider,Godis ej choklad,7.7,g
7000,Lakritsgodis,"Sockerarter, totalt",Godis ej choklad,52.0,g
7000,Lakritsgodis,Summa enkelomättade fettsyror,Godis ej choklad,0.0,g
7000,Lakritsgodis,"Magnesium, Mg",Godis ej choklad,21.0,mg
7000,Lakritsgodis,Summa mättade fettsyror,Godis ej choklad,0.0,g
7000,Lakritsgodis,"Kolhydrater, tillgängliga",Godis ej choklad,80.1,g
7000,Lakritsgodis,Kolesterol,Godis ej choklad,0.0,mg
7000,Lakritsgodis,"Kalium, K",Godis ej choklad,63.0,mg
7000,Lakritsgodis,"Jod, I",Godis ej choklad,0.0,µg
7000,Lakritsgodis,Fullkorn totalt,Godis ej choklad,0.0,g
7000,Lakritsgodis,"Folat, totalt",Godis ej choklad,6.6,µg
7000,Lakritsgodis,Fibrer,Godis ej choklad,1.1,g
7000,Lakritsgodis,"Fett, totalt",Godis ej choklad,0.2,g
7000,Lakritsgodis,"Järn, Fe",Godis ej choklad,1.3,mg
7000,Lakritsgodis,Energi (kJ),Godis ej choklad,1464.0,kJ
7000,Lakritsgodis,Energi (kcal),Godis ej choklad,350.0,kcal
7000,Lakritsgodis,Disackarider,Godis ej choklad,44.3,g
7000,Lakritsgodis,"Kalcium, Ca",Godis ej choklad,36.0,mg
7000,Lakritsgodis,Fettsyra 4:0-10:0,Godis ej choklad,0.0,g
7000,Lakritsgodis,DHA (C22:6),Godis ej choklad,0.0,g
7000,Lakritsgodis,DPA (C22:5),Godis ej choklad,0.0,g
7000,Lakritsgodis,EPA (C20:5),Godis ej choklad,0.0,g
7000,Lakritsgodis,Arakidonsyra C20:4,Godis ej choklad,0.0,g
7000,Lakritsgodis,Arakidinsyra C20:0,Godis ej choklad,0.0,g
7000,Lakritsgodis,Linolensyra C18:3,Godis ej choklad,0.0,g
7000,Lakritsgodis,Linolsyra C18:2,Godis ej choklad,0.0,g
7000,Lakritsgodis,Oljesyra C18:1,Godis ej choklad,0.0,g
7000,Lakritsgodis,Stearinsyra C18:0,Godis ej choklad,0.0,g
7000,Lakritsgodis,Palmitoljesyra C16:1,Godis ej choklad,0.0,g
7000,Lakritsgodis,Palmitinsyra C16:0,Godis ej choklad,0.0,g
7000,Lakritsgodis,Myristinsyra C14:0,Godis ej choklad,0.0,g
7000,Lakritsgodis,Laurinsyra C12:0,Godis ej choklad,0.0,g
7000,Lakritsgodis,Betakaroten/β-Karoten,Godis ej choklad,0.0,µg
7000,Lakritsgodis,Avfall (skal etc.),Godis ej choklad,0.0,%
7000,Lakritsgodis,Aska,Godis ej choklad,1.8,g
7000,Lakritsgodis,Alkohol,Godis ej choklad,0.0,g
7006,Hirs kokt m. salt,"Zink, Zn",Matgryn,0.6,mg
7006,Hirs kokt m. salt,Vitamin E,Matgryn,0.1,mg
7006,Hirs kokt m. salt,Vitamin D inkl 25-OH-D3,Matgryn,0.0,µg
7006,Hirs kokt m. salt,Vitamin D,Matgryn,0.0,µg
7006,Hirs kokt m. salt,Vitamin C,Matgryn,0.0,mg
7006,Hirs kokt m. salt,Vitamin B6,Matgryn,0.02,mg
7006,Hirs kokt m. salt,Vitamin B12,Matgryn,0.0,µg
7006,Hirs kokt m. salt,Vitamin A,Matgryn,0.0,RE/µg
7006,Hirs kokt m. salt,Vatten,Matgryn,76.1,g
7006,Hirs kokt m. salt,Tiamin,Matgryn,0.05,mg
7006,Hirs kokt m. salt,Tillsatt socker,Matgryn,0.0,g
7006,Hirs kokt m. salt,Fritt socker,Matgryn,0.0,g
7006,Hirs kokt m. salt,"Selen, Se",Matgryn,0.0,µg
7006,Hirs kokt m. salt,Sackaros,Matgryn,0.1,g
7006,Hirs kokt m. salt,Riboflavin,Matgryn,0.03,mg
7006,Hirs kokt m. salt,Retinol,Matgryn,0.0,µg
7006,Hirs kokt m. salt,Protein,Matgryn,2.7,g
7006,Hirs kokt m. salt,Summa fleromättade fettsyror,Matgryn,0.4,g
7006,Hirs kokt m. salt,"Fosfor, P",Matgryn,38.0,mg
7006,Hirs kokt m. salt,Niacinekvivalenter,Matgryn,0.6,NE/mg
7006,Hirs kokt m. salt,Niacin,Matgryn,0.15,mg
7006,Hirs kokt m. salt,"Salt, NaCl",Matgryn,0.3,g
7006,Hirs kokt m. salt,"Natrium, Na",Matgryn,110.0,mg
7006,Hirs kokt m. salt,Monosackarider,Matgryn,0.0,g
7006,Hirs kokt m. salt,"Sockerarter, totalt",Matgryn,0.1,g
7006,Hirs kokt m. salt,Summa enkelomättade fettsyror,Matgryn,0.1,g
7006,Hirs kokt m. salt,"Magnesium, Mg",Matgryn,16.0,mg
7006,Hirs kokt m. salt,Summa mättade fettsyror,Matgryn,0.1,g
7006,Hirs kokt m. salt,"Kolhydrater, tillgängliga",Matgryn,19.0,g
7006,Hirs kokt m. salt,Kolesterol,Matgryn,0.0,mg
7006,Hirs kokt m. salt,"Kalium, K",Matgryn,36.0,mg
7006,Hirs kokt m. salt,"Jod, I",Matgryn,1.7,µg
7006,Hirs kokt m. salt,Fullkorn totalt,Matgryn,0.0,g
7006,Hirs kokt m. salt,"Folat, totalt",Matgryn,5.5,µg
7006,Hirs kokt m. salt,Fibrer,Matgryn,1.1,g
7006,Hirs kokt m. salt,"Fett, totalt",Matgryn,0.6,g
7006,Hirs kokt m. salt,"Järn, Fe",Matgryn,0.5,mg
7006,Hirs kokt m. salt,Energi (kJ),Matgryn,401.0,kJ
7006,Hirs kokt m. salt,Energi (kcal),Matgryn,96.0,kcal
7006,Hirs kokt m. salt,Disackarider,Matgryn,0.1,g
7006,Hirs kokt m. salt,"Kalcium, Ca",Matgryn,4.0,mg
7006,Hirs kokt m. salt,Fettsyra 4:0-10:0,Matgryn,0.0,g
7006,Hirs kokt m. salt,DHA (C22:6),Matgryn,0.0,g
7006,Hirs kokt m. salt,DPA (C22:5),Matgryn,0.0,g
7006,Hirs kokt m. salt,EPA (C20:5),Matgryn,0.0,g
7006,Hirs kokt m. salt,Arakidonsyra C20:4,Matgryn,0.0,g
7006,Hirs kokt m. salt,Arakidinsyra C20:0,Matgryn,0.0,g
7006,Hirs kokt m. salt,Linolensyra C18:3,Matgryn,0.0,g
7006,Hirs kokt m. salt,Linolsyra C18:2,Matgryn,0.3,g
7006,Hirs kokt m. salt,Oljesyra C18:1,Matgryn,0.1,g
7006,Hirs kokt m. salt,Stearinsyra C18:0,Matgryn,0.0,g
7006,Hirs kokt m. salt,Palmitoljesyra C16:1,Matgryn,0.0,g
7006,Hirs kokt m. salt,Palmitinsyra C16:0,Matgryn,0.0,g
7006,Hirs kokt m. salt,Myristinsyra C14:0,Matgryn,0.0,g
7006,Hirs kokt m. salt,Laurinsyra C12:0,Matgryn,0.0,g
7006,Hirs kokt m. salt,Betakaroten/β-Karoten,Matgryn,0.0,µg
7006,Hirs kokt m. salt,Avfall (skal etc.),Matgryn,0.0,%
7006,Hirs kokt m. salt,Aska,Matgryn,0.5,g
7006,Hirs kokt m. salt,Alkohol,Matgryn,0.0,g
7011,Kokosbaserad bit riven fett ca 20% som alternativ till ost,"Zink, Zn",Ost med vegetabiliskt fett,0.0,mg
7011,Kokosbaserad bit riven fett ca 20% som alternativ till ost,Vitamin E,Ost med vegetabiliskt fett,2.1,mg
7011,Kokosbaserad bit riven fett ca 20% som alternativ till ost,Vitamin D inkl 25-OH-D3,Ost med vegetabiliskt fett,0.0,µg
7011,Kokosbaserad bit riven fett ca 20% som alternativ till ost,Vitamin D,Ost med vegetabiliskt fett,0.0,µg
7011,Kokosbaserad bit riven fett ca 20% som alternativ till ost,Vitamin C,Ost med vegetabiliskt fett,0.0,mg
7011,Kokosbaserad bit riven fett ca 20% som alternativ till ost,Vitamin B6,Ost med vegetabiliskt fett,0.0,mg
7011,Kokosbaserad bit riven fett ca 20% som alternativ till ost,Vitamin B12,Ost med vegetabiliskt fett,0.0,µg
7011,Kokosbaserad bit riven fett ca 20% som alternativ till ost,Vitamin A,Ost med vegetabiliskt fett,15.2,RE/µg
7011,Kokosbaserad bit riven fett ca 20% som alternativ till ost,Vatten,Ost med vegetabiliskt fett,55.0,g
7011,Kokosbaserad bit riven fett ca 20% som alternativ till ost,Tiamin,Ost med vegetabiliskt fett,0.0,mg
7011,Kokosbaserad bit riven fett ca 20% som alternativ till ost,Tillsatt socker,Ost med vegetabiliskt fett,0.0,g
7011,Kokosbaserad bit riven fett ca 20% som alternativ till ost,Fritt socker,Ost med vegetabiliskt fett,0.0,g
7011,Kokosbaserad bit riven fett ca 20% som alternativ till ost,"Selen, Se",Ost med vegetabiliskt fett,0.0,µg
7011,Kokosbaserad bit riven fett ca 20% som alternativ till ost,Sackaros,Ost med vegetabiliskt fett,0.0,g
7011,Kokosbaserad bit riven fett ca 20% som alternativ till ost,Riboflavin,Ost med vegetabiliskt fett,0.01,mg
7011,Kokosbaserad bit riven fett ca 20% som alternativ till ost,Retinol,Ost med vegetabiliskt fett,0.0,µg
7011,Kokosbaserad bit riven fett ca 20% som alternativ till ost,Protein,Ost med vegetabiliskt fett,0.0,g
7011,Kokosbaserad bit riven fett ca 20% som alternativ till ost,Summa fleromättade fettsyror,Ost med vegetabiliskt fett,2.0,g
7011,Kokosbaserad bit riven fett ca 20% som alternativ till ost,"Fosfor, P",Ost med vegetabiliskt fett,28.0,mg
7011,Kokosbaserad bit riven fett ca 20% som alternativ till ost,Niacinekvivalenter,Ost med vegetabiliskt fett,0.0,NE/mg
7011,Kokosbaserad bit riven fett ca 20% som alternativ till ost,Niacin,Ost med vegetabiliskt fett,0.0,mg
7011,Kokosbaserad bit riven fett ca 20% som alternativ till ost,"Salt, NaCl",Ost med vegetabiliskt fett,1.4,g
7011,Kokosbaserad bit riven fett ca 20% som alternativ till ost,"Natrium, Na",Ost med vegetabiliskt fett,570.0,mg
7011,Kokosbaserad bit riven fett ca 20% som alternativ till ost,Monosackarider,Ost med vegetabiliskt fett,0.0,g
7011,Kokosbaserad bit riven fett ca 20% som alternativ till ost,"Sockerarter, totalt",Ost med vegetabiliskt fett,0.0,g
7011,Kokosbaserad bit riven fett ca 20% som alternativ till ost,Summa enkelomättade fettsyror,Ost med vegetabiliskt fett,0.1,g
7011,Kokosbaserad bit riven fett ca 20% som alternativ till ost,"Magnesium, Mg",Ost med vegetabiliskt fett,1.0,mg
7011,Kokosbaserad bit riven fett ca 20% som alternativ till ost,Summa mättade fettsyror,Ost med vegetabiliskt fett,11.2,g
7011,Kokosbaserad bit riven fett ca 20% som alternativ till ost,"Kolhydrater, tillgängliga",Ost med vegetabiliskt fett,18.0,g
7011,Kokosbaserad bit riven fett ca 20% som alternativ till ost,Kolesterol,Ost med vegetabiliskt fett,0.0,mg
7011,Kokosbaserad bit riven fett ca 20% som alternativ till ost,"Kalium, K",Ost med vegetabiliskt fett,42.0,mg
7011,Kokosbaserad bit riven fett ca 20% som alternativ till ost,"Jod, I",Ost med vegetabiliskt fett,0.0,µg
7011,Kokosbaserad bit riven fett ca 20% som alternativ till ost,Fullkorn totalt,Ost med vegetabiliskt fett,0.0,g
7011,Kokosbaserad bit riven fett ca 20% som alternativ till ost,"Folat, totalt",Ost med vegetabiliskt fett,2.2,µg
7011,Kokosbaserad bit riven fett ca 20% som alternativ till ost,Fibrer,Ost med vegetabiliskt fett,3.4,g
7011,Kokosbaserad bit riven fett ca 20% som alternativ till ost,"Fett, totalt",Ost med vegetabiliskt fett,22.0,g
7011,Kokosbaserad bit riven fett ca 20% som alternativ till ost,"Järn, Fe",Ost med vegetabiliskt fett,0.0,mg
7011,Kokosbaserad bit riven fett ca 20% som alternativ till ost,Energi (kJ),Ost med vegetabiliskt fett,1147.0,kJ
7011,Kokosbaserad bit riven fett ca 20% som alternativ till ost,Energi (kcal),Ost med vegetabiliskt fett,274.0,kcal
7011,Kokosbaserad bit riven fett ca 20% som alternativ till ost,Disackarider,Ost med vegetabiliskt fett,0.0,g
7011,Kokosbaserad bit riven fett ca 20% som alternativ till ost,"Kalcium, Ca",Ost med vegetabiliskt fett,13.0,mg
7011,Kokosbaserad bit riven fett ca 20% som alternativ till ost,Fettsyra 4:0-10:0,Ost med vegetabiliskt fett,1.3,g
7011,Kokosbaserad bit riven fett ca 20% som alternativ till ost,DHA (C22:6),Ost med vegetabiliskt fett,0.0,g
7011,Kokosbaserad bit riven fett ca 20% som alternativ till ost,DPA (C22:5),Ost med vegetabiliskt fett,0.0,g
7011,Kokosbaserad bit riven fett ca 20% som alternativ till ost,EPA (C20:5),Ost med vegetabiliskt fett,0.0,g
7011,Kokosbaserad bit riven fett ca 20% som alternativ till ost,Arakidonsyra C20:4,Ost med vegetabiliskt fett,0.0,g
7011,Kokosbaserad bit riven fett ca 20% som alternativ till ost,Arakidinsyra C20:0,Ost med vegetabiliskt fett,0.0,g
7011,Kokosbaserad bit riven fett ca 20% som alternativ till ost,Linolensyra C18:3,Ost med vegetabiliskt fett,0.5,g
7011,Kokosbaserad bit riven fett ca 20% som alternativ till ost,Linolsyra C18:2,Ost med vegetabiliskt fett,1.5,g
7011,Kokosbaserad bit riven fett ca 20% som alternativ till ost,Oljesyra C18:1,Ost med vegetabiliskt fett,0.0,g
7011,Kokosbaserad bit riven fett ca 20% som alternativ till ost,Stearinsyra C18:0,Ost med vegetabiliskt fett,0.5,g
7011,Kokosbaserad bit riven fett ca 20% som alternativ till ost,Palmitoljesyra C16:1,Ost med vegetabiliskt fett,0.0,g
7011,Kokosbaserad bit riven fett ca 20% som alternativ till ost,Palmitinsyra C16:0,Ost med vegetabiliskt fett,1.5,g
7011,Kokosbaserad bit riven fett ca 20% som alternativ till ost,Myristinsyra C14:0,Ost med vegetabiliskt fett,2.3,g
7011,Kokosbaserad bit riven fett ca 20% som alternativ till ost,Laurinsyra C12:0,Ost med vegetabiliskt fett,5.5,g
7011,Kokosbaserad bit riven fett ca 20% som alternativ till ost,Betakaroten/β-Karoten,Ost med vegetabiliskt fett,182.0,µg
7011,Kokosbaserad bit riven fett ca 20% som alternativ till ost,Avfall (skal etc.),Ost med vegetabiliskt fett,0.0,%
7011,Kokosbaserad bit riven fett ca 20% som alternativ till ost,Aska,Ost med vegetabiliskt fett,1.6,g
7011,Kokosbaserad bit riven fett ca 20% som alternativ till ost,Alkohol,Ost med vegetabiliskt fett,0.0,g
7012,Kokosbaserad bit fett ca 20% som alternativ till ost,"Zink, Zn",Ost med vegetabiliskt fett,0.0,mg
7012,Kokosbaserad bit fett ca 20% som alternativ till ost,Vitamin E,Ost med vegetabiliskt fett,0.3,mg
7012,Kokosbaserad bit fett ca 20% som alternativ till ost,Vitamin D inkl 25-OH-D3,Ost med vegetabiliskt fett,0.0,µg
7012,Kokosbaserad bit fett ca 20% som alternativ till ost,Vitamin D,Ost med vegetabiliskt fett,0.0,µg
7012,Kokosbaserad bit fett ca 20% som alternativ till ost,Vitamin C,Ost med vegetabiliskt fett,0.0,mg
7012,Kokosbaserad bit fett ca 20% som alternativ till ost,Vitamin B6,Ost med vegetabiliskt fett,0.0,mg
7012,Kokosbaserad bit fett ca 20% som alternativ till ost,Vitamin B12,Ost med vegetabiliskt fett,0.0,µg
7012,Kokosbaserad bit fett ca 20% som alternativ till ost,Vitamin A,Ost med vegetabiliskt fett,49.3,RE/µg
7012,Kokosbaserad bit fett ca 20% som alternativ till ost,Vatten,Ost med vegetabiliskt fett,53.0,g
7012,Kokosbaserad bit fett ca 20% som alternativ till ost,Tiamin,Ost med vegetabiliskt fett,0.15,mg
7012,Kokosbaserad bit fett ca 20% som alternativ till ost,Tillsatt socker,Ost med vegetabiliskt fett,0.0,g
7012,Kokosbaserad bit fett ca 20% som alternativ till ost,Fritt socker,Ost med vegetabiliskt fett,0.0,g
7012,Kokosbaserad bit fett ca 20% som alternativ till ost,"Selen, Se",Ost med vegetabiliskt fett,0.0,µg
7012,Kokosbaserad bit fett ca 20% som alternativ till ost,Sackaros,Ost med vegetabiliskt fett,0.0,g
7012,Kokosbaserad bit fett ca 20% som alternativ till ost,Riboflavin,Ost med vegetabiliskt fett,0.02,mg
7012,Kokosbaserad bit fett ca 20% som alternativ till ost,Retinol,Ost med vegetabiliskt fett,0.0,µg
7012,Kokosbaserad bit fett ca 20% som alternativ till ost,Protein,Ost med vegetabiliskt fett,0.0,g
7012,Kokosbaserad bit fett ca 20% som alternativ till ost,Summa fleromättade fettsyror,Ost med vegetabiliskt fett,0.4,g
7012,Kokosbaserad bit fett ca 20% som alternativ till ost,"Fosfor, P",Ost med vegetabiliskt fett,15.0,mg
7012,Kokosbaserad bit fett ca 20% som alternativ till ost,Niacinekvivalenter,Ost med vegetabiliskt fett,0.0,NE/mg
7012,Kokosbaserad bit fett ca 20% som alternativ till ost,Niacin,Ost med vegetabiliskt fett,0.0,mg
7012,Kokosbaserad bit fett ca 20% som alternativ till ost,"Salt, NaCl",Ost med vegetabiliskt fett,2.2,g
7012,Kokosbaserad bit fett ca 20% som alternativ till ost,"Natrium, Na",Ost med vegetabiliskt fett,880.0,mg
7012,Kokosbaserad bit fett ca 20% som alternativ till ost,Monosackarider,Ost med vegetabiliskt fett,0.0,g
7012,Kokosbaserad bit fett ca 20% som alternativ till ost,"Sockerarter, totalt",Ost med vegetabiliskt fett,0.0,g
7012,Kokosbaserad bit fett ca 20% som alternativ till ost,Summa enkelomättade fettsyror,Ost med vegetabiliskt fett,0.0,g
7012,Kokosbaserad bit fett ca 20% som alternativ till ost,"Magnesium, Mg",Ost med vegetabiliskt fett,2.0,mg
7012,Kokosbaserad bit fett ca 20% som alternativ till ost,Summa mättade fettsyror,Ost med vegetabiliskt fett,15.0,g
7012,Kokosbaserad bit fett ca 20% som alternativ till ost,"Kolhydrater, tillgängliga",Ost med vegetabiliskt fett,20.4,g
7012,Kokosbaserad bit fett ca 20% som alternativ till ost,Kolesterol,Ost med vegetabiliskt fett,0.0,mg
7012,Kokosbaserad bit fett ca 20% som alternativ till ost,"Kalium, K",Ost med vegetabiliskt fett,12.0,mg
7012,Kokosbaserad bit fett ca 20% som alternativ till ost,"Jod, I",Ost med vegetabiliskt fett,0.0,µg
7012,Kokosbaserad bit fett ca 20% som alternativ till ost,Fullkorn totalt,Ost med vegetabiliskt fett,0.0,g
7012,Kokosbaserad bit fett ca 20% som alternativ till ost,"Folat, totalt",Ost med vegetabiliskt fett,2.0,µg
7012,Kokosbaserad bit fett ca 20% som alternativ till ost,Fibrer,Ost med vegetabiliskt fett,2.3,g
7012,Kokosbaserad bit fett ca 20% som alternativ till ost,"Fett, totalt",Ost med vegetabiliskt fett,22.0,g
7012,Kokosbaserad bit fett ca 20% som alternativ till ost,"Järn, Fe",Ost med vegetabiliskt fett,0.1,mg
7012,Kokosbaserad bit fett ca 20% som alternativ till ost,Energi (kJ),Ost med vegetabiliskt fett,1179.0,kJ
7012,Kokosbaserad bit fett ca 20% som alternativ till ost,Energi (kcal),Ost med vegetabiliskt fett,282.0,kcal
7012,Kokosbaserad bit fett ca 20% som alternativ till ost,Disackarider,Ost med vegetabiliskt fett,0.0,g
7012,Kokosbaserad bit fett ca 20% som alternativ till ost,"Kalcium, Ca",Ost med vegetabiliskt fett,18.0,mg
7012,Kokosbaserad bit fett ca 20% som alternativ till ost,Fettsyra 4:0-10:0,Ost med vegetabiliskt fett,1.9,g
7012,Kokosbaserad bit fett ca 20% som alternativ till ost,DHA (C22:6),Ost med vegetabiliskt fett,0.0,g
7012,Kokosbaserad bit fett ca 20% som alternativ till ost,DPA (C22:5),Ost med vegetabiliskt fett,0.0,g
7012,Kokosbaserad bit fett ca 20% som alternativ till ost,EPA (C20:5),Ost med vegetabiliskt fett,0.0,g
7012,Kokosbaserad bit fett ca 20% som alternativ till ost,Arakidonsyra C20:4,Ost med vegetabiliskt fett,0.0,g
7012,Kokosbaserad bit fett ca 20% som alternativ till ost,Arakidinsyra C20:0,Ost med vegetabiliskt fett,0.0,g
7012,Kokosbaserad bit fett ca 20% som alternativ till ost,Linolensyra C18:3,Ost med vegetabiliskt fett,0.0,g
7012,Kokosbaserad bit fett ca 20% som alternativ till ost,Linolsyra C18:2,Ost med vegetabiliskt fett,0.4,g
7012,Kokosbaserad bit fett ca 20% som alternativ till ost,Oljesyra C18:1,Ost med vegetabiliskt fett,0.0,g
7012,Kokosbaserad bit fett ca 20% som alternativ till ost,Stearinsyra C18:0,Ost med vegetabiliskt fett,0.5,g
7012,Kokosbaserad bit fett ca 20% som alternativ till ost,Palmitoljesyra C16:1,Ost med vegetabiliskt fett,0.0,g
7012,Kokosbaserad bit fett ca 20% som alternativ till ost,Palmitinsyra C16:0,Ost med vegetabiliskt fett,1.9,g
7012,Kokosbaserad bit fett ca 20% som alternativ till ost,Myristinsyra C14:0,Ost med vegetabiliskt fett,3.2,g
7012,Kokosbaserad bit fett ca 20% som alternativ till ost,Laurinsyra C12:0,Ost med vegetabiliskt fett,7.5,g
7012,Kokosbaserad bit fett ca 20% som alternativ till ost,Betakaroten/β-Karoten,Ost med vegetabiliskt fett,592.0,µg
7012,Kokosbaserad bit fett ca 20% som alternativ till ost,Avfall (skal etc.),Ost med vegetabiliskt fett,0.0,%
7012,Kokosbaserad bit fett ca 20% som alternativ till ost,Aska,Ost med vegetabiliskt fett,2.3,g
7012,Kokosbaserad bit fett ca 20% som alternativ till ost,Alkohol,Ost med vegetabiliskt fett,0.0,g
7015,Korv kryddkorv kött ca 75%,"Zink, Zn",Korv,1.5,mg
7015,Korv kryddkorv kött ca 75%,Vitamin E,Korv,2.4,mg
7015,Korv kryddkorv kött ca 75%,Vitamin D,Korv,0.33,µg
7015,Korv kryddkorv kött ca 75%,Vitamin C,Korv,16.9,mg
7015,Korv kryddkorv kött ca 75%,Vitamin B6,Korv,0.13,mg
7015,Korv kryddkorv kött ca 75%,Vitamin B12,Korv,0.47,µg
7015,Korv kryddkorv kött ca 75%,Vitamin A,Korv,16.3,RE/µg
7015,Korv kryddkorv kött ca 75%,Vatten,Korv,61.6,g
7015,Korv kryddkorv kött ca 75%,Tiamin,Korv,0.31,mg
7015,Korv kryddkorv kött ca 75%,Tillsatt socker,Korv,1.0,g
7015,Korv kryddkorv kött ca 75%,Fritt socker,Korv,1.0,g
7015,Korv kryddkorv kött ca 75%,"Selen, Se",Korv,11.0,µg
7015,Korv kryddkorv kött ca 75%,Sackaros,Korv,0.0,g
7015,Korv kryddkorv kött ca 75%,Riboflavin,Korv,0.11,mg
7015,Korv kryddkorv kött ca 75%,Retinol,Korv,12.2,µg
7015,Korv kryddkorv kött ca 75%,Protein,Korv,11.8,g
7015,Korv kryddkorv kött ca 75%,Summa fleromättade fettsyror,Korv,2.0,g
7015,Korv kryddkorv kött ca 75%,"Fosfor, P",Korv,140.0,mg
7015,Korv kryddkorv kött ca 75%,Niacinekvivalenter,Korv,5.0,NE/mg
7015,Korv kryddkorv kött ca 75%,Niacin,Korv,2.88,mg
7015,Korv kryddkorv kött ca 75%,"Salt, NaCl",Korv,2.0,g
7015,Korv kryddkorv kött ca 75%,"Natrium, Na",Korv,810.0,mg
7015,Korv kryddkorv kött ca 75%,Monosackarider,Korv,0.9,g
7015,Korv kryddkorv kött ca 75%,"Sockerarter, totalt",Korv,1.0,g
7015,Korv kryddkorv kött ca 75%,Summa enkelomättade fettsyror,Korv,9.6,g
7015,Korv kryddkorv kött ca 75%,"Magnesium, Mg",Korv,16.0,mg
7015,Korv kryddkorv kött ca 75%,Summa mättade fettsyror,Korv,7.9,g
7015,Korv kryddkorv kött ca 75%,"Kolhydrater, tillgängliga",Korv,3.4,g
7015,Korv kryddkorv kött ca 75%,Kolesterol,Korv,57.0,mg
7015,Korv kryddkorv kött ca 75%,"Kalium, K",Korv,230.0,mg
7015,Korv kryddkorv kött ca 75%,"Jod, I",Korv,0.0,µg
7015,Korv kryddkorv kött ca 75%,Fullkorn totalt,Korv,0.0,g
7015,Korv kryddkorv kött ca 75%,"Folat, totalt",Korv,0.0,µg
7015,Korv kryddkorv kött ca 75%,Fibrer,Korv,0.0,g
7015,Korv kryddkorv kött ca 75%,"Fett, totalt",Korv,20.6,g
7015,Korv kryddkorv kött ca 75%,"Järn, Fe",Korv,0.9,mg
7015,Korv kryddkorv kött ca 75%,Energi (kJ),Korv,1020.0,kJ
7015,Korv kryddkorv kött ca 75%,Energi (kcal),Korv,244.0,kcal
7015,Korv kryddkorv kött ca 75%,Disackarider,Korv,0.1,g
7015,Korv kryddkorv kött ca 75%,"Kalcium, Ca",Korv,8.0,mg
7015,Korv kryddkorv kött ca 75%,Fettsyra 4:0-10:0,Korv,0.0,g
7015,Korv kryddkorv kött ca 75%,DHA (C22:6),Korv,0.0,g
7015,Korv kryddkorv kött ca 75%,DPA (C22:5),Korv,0.0,g
7015,Korv kryddkorv kött ca 75%,EPA (C20:5),Korv,0.0,g
7015,Korv kryddkorv kött ca 75%,Arakidonsyra C20:4,Korv,0.1,g
7015,Korv kryddkorv kött ca 75%,Arakidinsyra C20:0,Korv,0.0,g
7015,Korv kryddkorv kött ca 75%,Linolensyra C18:3,Korv,0.2,g
7015,Korv kryddkorv kött ca 75%,Linolsyra C18:2,Korv,1.6,g
7015,Korv kryddkorv kött ca 75%,Oljesyra C18:1,Korv,8.8,g
7015,Korv kryddkorv kött ca 75%,Stearinsyra C18:0,Korv,2.7,g
7015,Korv kryddkorv kött ca 75%,Palmitoljesyra C16:1,Korv,0.5,g
7015,Korv kryddkorv kött ca 75%,Palmitinsyra C16:0,Korv,4.8,g
7015,Korv kryddkorv kött ca 75%,Myristinsyra C14:0,Korv,0.3,g
7015,Korv kryddkorv kött ca 75%,Laurinsyra C12:0,Korv,0.0,g
7015,Korv kryddkorv kött ca 75%,Betakaroten/β-Karoten,Korv,36.0,µg
7015,Korv kryddkorv kött ca 75%,Avfall (skal etc.),Korv,0.0,%
7015,Korv kryddkorv kött ca 75%,Aska,Korv,2.6,g
7015,Korv kryddkorv kött ca 75%,Alkohol,Korv,0.0,g
7016,Dippsås m. gräddfil dippmix,"Zink, Zn",Sås dressing majonnäs ,0.4,mg
7016,Dippsås m. gräddfil dippmix,Vitamin E,Sås dressing majonnäs ,0.4,mg
7016,Dippsås m. gräddfil dippmix,Vitamin D,Sås dressing majonnäs ,0.01,µg
7016,Dippsås m. gräddfil dippmix,Vitamin C,Sås dressing majonnäs ,0.4,mg
7016,Dippsås m. gräddfil dippmix,Vitamin B6,Sås dressing majonnäs ,0.08,mg
7016,Dippsås m. gräddfil dippmix,Vitamin B12,Sås dressing majonnäs ,0.03,µg
7016,Dippsås m. gräddfil dippmix,Vitamin A,Sås dressing majonnäs ,108.1,RE/µg
7016,Dippsås m. gräddfil dippmix,Vatten,Sås dressing majonnäs ,75.6,g
7016,Dippsås m. gräddfil dippmix,Tiamin,Sås dressing majonnäs ,0.01,mg
7016,Dippsås m. gräddfil dippmix,Tillsatt socker,Sås dressing majonnäs ,2.0,g
7016,Dippsås m. gräddfil dippmix,Fritt socker,Sås dressing majonnäs ,2.0,g
7016,Dippsås m. gräddfil dippmix,"Selen, Se",Sås dressing majonnäs ,1.6,µg
7016,Dippsås m. gräddfil dippmix,Sackaros,Sås dressing majonnäs ,0.4,g
7016,Dippsås m. gräddfil dippmix,Riboflavin,Sås dressing majonnäs ,0.15,mg
7016,Dippsås m. gräddfil dippmix,Retinol,Sås dressing majonnäs ,101.4,µg
7016,Dippsås m. gräddfil dippmix,Protein,Sås dressing majonnäs ,3.2,g
7016,Dippsås m. gräddfil dippmix,Summa fleromättade fettsyror,Sås dressing majonnäs ,0.4,g
7016,Dippsås m. gräddfil dippmix,"Fosfor, P",Sås dressing majonnäs ,109.0,mg
7016,Dippsås m. gräddfil dippmix,Niacinekvivalenter,Sås dressing majonnäs ,0.9,NE/mg
7016,Dippsås m. gräddfil dippmix,Niacin,Sås dressing majonnäs ,0.2,mg
7016,Dippsås m. gräddfil dippmix,"Salt, NaCl",Sås dressing majonnäs ,1.3,g
7016,Dippsås m. gräddfil dippmix,"Natrium, Na",Sås dressing majonnäs ,525.0,mg
7016,Dippsås m. gräddfil dippmix,Monosackarider,Sås dressing majonnäs ,0.2,g
7016,Dippsås m. gräddfil dippmix,"Sockerarter, totalt",Sås dressing majonnäs ,5.0,g
7016,Dippsås m. gräddfil dippmix,Summa enkelomättade fettsyror,Sås dressing majonnäs ,2.5,g
7016,Dippsås m. gräddfil dippmix,"Magnesium, Mg",Sås dressing majonnäs ,13.0,mg
7016,Dippsås m. gräddfil dippmix,Summa mättade fettsyror,Sås dressing majonnäs ,7.2,g
7016,Dippsås m. gräddfil dippmix,"Kolhydrater, tillgängliga",Sås dressing majonnäs ,8.2,g
7016,Dippsås m. gräddfil dippmix,Kolesterol,Sås dressing majonnäs ,35.9,mg
7016,Dippsås m. gräddfil dippmix,"Kalium, K",Sås dressing majonnäs ,173.0,mg
7016,Dippsås m. gräddfil dippmix,"Jod, I",Sås dressing majonnäs ,20.7,µg
7016,Dippsås m. gräddfil dippmix,Fullkorn totalt,Sås dressing majonnäs ,0.0,g
7016,Dippsås m. gräddfil dippmix,"Folat, totalt",Sås dressing majonnäs ,14.2,µg
7016,Dippsås m. gräddfil dippmix,Fibrer,Sås dressing majonnäs ,0.4,g
7016,Dippsås m. gräddfil dippmix,"Fett, totalt",Sås dressing majonnäs ,10.7,g
7016,Dippsås m. gräddfil dippmix,"Järn, Fe",Sås dressing majonnäs ,0.2,mg
7016,Dippsås m. gräddfil dippmix,Energi (kJ),Sås dressing majonnäs ,593.0,kJ
7016,Dippsås m. gräddfil dippmix,Energi (kcal),Sås dressing majonnäs ,142.0,kcal
7016,Dippsås m. gräddfil dippmix,Disackarider,Sås dressing majonnäs ,4.9,g
7016,Dippsås m. gräddfil dippmix,"Kalcium, Ca",Sås dressing majonnäs ,110.0,mg
7016,Dippsås m. gräddfil dippmix,Fettsyra 4:0-10:0,Sås dressing majonnäs ,0.8,g
7016,Dippsås m. gräddfil dippmix,DHA (C22:6),Sås dressing majonnäs ,0.0,g
7016,Dippsås m. gräddfil dippmix,DPA (C22:5),Sås dressing majonnäs ,0.0,g
7016,Dippsås m. gräddfil dippmix,EPA (C20:5),Sås dressing majonnäs ,0.0,g
7016,Dippsås m. gräddfil dippmix,Arakidonsyra C20:4,Sås dressing majonnäs ,0.0,g
7016,Dippsås m. gräddfil dippmix,Arakidinsyra C20:0,Sås dressing majonnäs ,0.0,g
7016,Dippsås m. gräddfil dippmix,Linolensyra C18:3,Sås dressing majonnäs ,0.1,g
7016,Dippsås m. gräddfil dippmix,Linolsyra C18:2,Sås dressing majonnäs ,0.3,g
7016,Dippsås m. gräddfil dippmix,Oljesyra C18:1,Sås dressing majonnäs ,2.2,g
7016,Dippsås m. gräddfil dippmix,Stearinsyra C18:0,Sås dressing majonnäs ,1.0,g
7016,Dippsås m. gräddfil dippmix,Palmitoljesyra C16:1,Sås dressing majonnäs ,0.2,g
7016,Dippsås m. gräddfil dippmix,Palmitinsyra C16:0,Sås dressing majonnäs ,3.4,g
7016,Dippsås m. gräddfil dippmix,Myristinsyra C14:0,Sås dressing majonnäs ,1.3,g
7016,Dippsås m. gräddfil dippmix,Laurinsyra C12:0,Sås dressing majonnäs ,0.4,g
7016,Dippsås m. gräddfil dippmix,Betakaroten/β-Karoten,Sås dressing majonnäs ,72.0,µg
7016,Dippsås m. gräddfil dippmix,Avfall (skal etc.),Sås dressing majonnäs ,0.0,%
7016,Dippsås m. gräddfil dippmix,Aska,Sås dressing majonnäs ,2.0,g
7016,Dippsås m. gräddfil dippmix,Alkohol,Sås dressing majonnäs ,0.0,g
7018,Snabbkaffe koffeinfritt pulver,"Zink, Zn",Kaffe,0.3,mg
7018,Snabbkaffe koffeinfritt pulver,Vitamin E,Kaffe,0.1,mg
7018,Snabbkaffe koffeinfritt pulver,Vitamin D inkl 25-OH-D3,Kaffe,0.0,µg
7018,Snabbkaffe koffeinfritt pulver,Vitamin D,Kaffe,0.0,µg
7018,Snabbkaffe koffeinfritt pulver,Vitamin C,Kaffe,0.0,mg
7018,Snabbkaffe koffeinfritt pulver,Vitamin B6,Kaffe,26.0,mg
7018,Snabbkaffe koffeinfritt pulver,Vitamin B12,Kaffe,0.0,µg
7018,Snabbkaffe koffeinfritt pulver,Vitamin A,Kaffe,0.0,RE/µg
7018,Snabbkaffe koffeinfritt pulver,Vatten,Kaffe,3.3,g
7018,Snabbkaffe koffeinfritt pulver,Tiamin,Kaffe,0.0,mg
7018,Snabbkaffe koffeinfritt pulver,Tillsatt socker,Kaffe,0.0,g
7018,Snabbkaffe koffeinfritt pulver,Fritt socker,Kaffe,0.0,g
7018,Snabbkaffe koffeinfritt pulver,"Selen, Se",Kaffe,0.0,µg
7018,Snabbkaffe koffeinfritt pulver,Sackaros,Kaffe,0.0,g
7018,Snabbkaffe koffeinfritt pulver,Riboflavin,Kaffe,0.08,mg
7018,Snabbkaffe koffeinfritt pulver,Retinol,Kaffe,0.0,µg
7018,Snabbkaffe koffeinfritt pulver,Protein,Kaffe,22.5,g
7018,Snabbkaffe koffeinfritt pulver,Summa fleromättade fettsyror,Kaffe,0.4,g
7018,Snabbkaffe koffeinfritt pulver,"Fosfor, P",Kaffe,340.0,mg
7018,Snabbkaffe koffeinfritt pulver,Niacinekvivalenter,Kaffe,47.8,NE/mg
7018,Snabbkaffe koffeinfritt pulver,Niacin,Kaffe,44.0,mg
7018,Snabbkaffe koffeinfritt pulver,"Salt, NaCl",Kaffe,0.1,g
7018,Snabbkaffe koffeinfritt pulver,"Natrium, Na",Kaffe,40.0,mg
7018,Snabbkaffe koffeinfritt pulver,Monosackarider,Kaffe,0.0,g
7018,Snabbkaffe koffeinfritt pulver,"Sockerarter, totalt",Kaffe,0.0,g
7018,Snabbkaffe koffeinfritt pulver,Summa enkelomättade fettsyror,Kaffe,0.1,g
7018,Snabbkaffe koffeinfritt pulver,"Magnesium, Mg",Kaffe,400.0,mg
7018,Snabbkaffe koffeinfritt pulver,Summa mättade fettsyror,Kaffe,0.4,g
7018,Snabbkaffe koffeinfritt pulver,"Kolhydrater, tillgängliga",Kaffe,38.1,g
7018,Snabbkaffe koffeinfritt pulver,Kolesterol,Kaffe,0.0,mg
7018,Snabbkaffe koffeinfritt pulver,"Kalium, K",Kaffe,0.0,mg
7018,Snabbkaffe koffeinfritt pulver,"Jod, I",Kaffe,3.7,µg
7018,Snabbkaffe koffeinfritt pulver,Fullkorn totalt,Kaffe,0.0,g
7018,Snabbkaffe koffeinfritt pulver,"Folat, totalt",Kaffe,0.0,µg
7018,Snabbkaffe koffeinfritt pulver,Fibrer,Kaffe,25.5,g
7018,Snabbkaffe koffeinfritt pulver,"Fett, totalt",Kaffe,1.0,g
7018,Snabbkaffe koffeinfritt pulver,"Järn, Fe",Kaffe,3.5,mg
7018,Snabbkaffe koffeinfritt pulver,Energi (kJ),Kaffe,1271.0,kJ
7018,Snabbkaffe koffeinfritt pulver,Energi (kcal),Kaffe,304.0,kcal
7018,Snabbkaffe koffeinfritt pulver,Disackarider,Kaffe,0.0,g
7018,Snabbkaffe koffeinfritt pulver,"Kalcium, Ca",Kaffe,140.0,mg
7018,Snabbkaffe koffeinfritt pulver,Fettsyra 4:0-10:0,Kaffe,0.0,g
7018,Snabbkaffe koffeinfritt pulver,DPA (C22:5),Kaffe,0.0,g
7018,Snabbkaffe koffeinfritt pulver,EPA (C20:5),Kaffe,0.0,g
7018,Snabbkaffe koffeinfritt pulver,Arakidonsyra C20:4,Kaffe,0.0,g
7018,Snabbkaffe koffeinfritt pulver,Arakidinsyra C20:0,Kaffe,0.0,g
7018,Snabbkaffe koffeinfritt pulver,Linolensyra C18:3,Kaffe,0.0,g
7018,Snabbkaffe koffeinfritt pulver,Linolsyra C18:2,Kaffe,0.4,g
7018,Snabbkaffe koffeinfritt pulver,Oljesyra C18:1,Kaffe,0.1,g
7018,Snabbkaffe koffeinfritt pulver,Stearinsyra C18:0,Kaffe,0.1,g
7018,Snabbkaffe koffeinfritt pulver,Palmitoljesyra C16:1,Kaffe,0.0,g
7018,Snabbkaffe koffeinfritt pulver,Palmitinsyra C16:0,Kaffe,0.3,g
7018,Snabbkaffe koffeinfritt pulver,Myristinsyra C14:0,Kaffe,0.0,g
7018,Snabbkaffe koffeinfritt pulver,Laurinsyra C12:0,Kaffe,0.0,g
7018,Snabbkaffe koffeinfritt pulver,Betakaroten/β-Karoten,Kaffe,0.0,µg
7018,Snabbkaffe koffeinfritt pulver,Avfall (skal etc.),Kaffe,0.0,%
7018,Snabbkaffe koffeinfritt pulver,Aska,Kaffe,9.6,g
7018,Snabbkaffe koffeinfritt pulver,Alkohol,Kaffe,0.0,g
7019,Mullbär,"Zink, Zn",Bär färska frysta,0.3,mg
7019,Mullbär,Vitamin E,Bär färska frysta,0.9,mg
7019,Mullbär,Vitamin D inkl 25-OH-D3,Bär färska frysta,0.0,µg
7019,Mullbär,Vitamin D,Bär färska frysta,0.0,µg
7019,Mullbär,Vitamin C,Bär färska frysta,10.0,mg
7019,Mullbär,Vitamin B6,Bär färska frysta,0.05,mg
7019,Mullbär,Vitamin B12,Bär färska frysta,0.0,µg
7019,Mullbär,Vitamin A,Bär färska frysta,1.2,RE/µg
7019,Mullbär,Vatten,Bär färska frysta,85.0,g
7019,Mullbär,Tiamin,Bär färska frysta,0.05,mg
7019,Mullbär,Tillsatt socker,Bär färska frysta,0.0,g
7019,Mullbär,Fritt socker,Bär färska frysta,0.0,g
7019,Mullbär,"Selen, Se",Bär färska frysta,0.5,µg
7019,Mullbär,Sackaros,Bär färska frysta,0.0,g
7019,Mullbär,Riboflavin,Bär färska frysta,0.04,mg
7019,Mullbär,Retinol,Bär färska frysta,0.0,µg
7019,Mullbär,Protein,Bär färska frysta,1.2,g
7019,Mullbär,Summa fleromättade fettsyror,Bär färska frysta,0.0,g
7019,Mullbär,"Fosfor, P",Bär färska frysta,48.0,mg
7019,Mullbär,Niacinekvivalenter,Bär färska frysta,0.6,NE/mg
7019,Mullbär,Niacin,Bär färska frysta,0.4,mg
7019,Mullbär,"Salt, NaCl",Bär färska frysta,0.0,g
7019,Mullbär,"Natrium, Na",Bär färska frysta,2.0,mg
7019,Mullbär,Monosackarider,Bär färska frysta,8.1,g
7019,Mullbär,"Sockerarter, totalt",Bär färska frysta,8.1,g
7019,Mullbär,Summa enkelomättade fettsyror,Bär färska frysta,0.0,g
7019,Mullbär,"Magnesium, Mg",Bär färska frysta,15.0,mg
7019,Mullbär,Summa mättade fettsyror,Bär färska frysta,0.0,g
7019,Mullbär,"Kolhydrater, tillgängliga",Bär färska frysta,10.5,g
7019,Mullbär,Kolesterol,Bär färska frysta,0.0,mg
7019,Mullbär,"Kalium, K",Bär färska frysta,260.0,mg
7019,Mullbär,"Jod, I",Bär färska frysta,0.2,µg
7019,Mullbär,Fullkorn totalt,Bär färska frysta,0.0,g
7019,Mullbär,"Folat, totalt",Bär färska frysta,6.0,µg
7019,Mullbär,Fibrer,Bär färska frysta,2.2,g
7019,Mullbär,"Fett, totalt",Bär färska frysta,0.4,g
7019,Mullbär,"Järn, Fe",Bär färska frysta,1.6,mg
7019,Mullbär,Energi (kJ),Bär färska frysta,232.0,kJ
7019,Mullbär,Energi (kcal),Bär färska frysta,56.0,kcal
7019,Mullbär,Disackarider,Bär färska frysta,0.0,g
7019,Mullbär,"Kalcium, Ca",Bär färska frysta,36.0,mg
7019,Mullbär,Fettsyra 4:0-10:0,Bär färska frysta,0.0,g
7019,Mullbär,DHA (C22:6),Bär färska frysta,0.0,g
7019,Mullbär,DPA (C22:5),Bär färska frysta,0.0,g
7019,Mullbär,EPA (C20:5),Bär färska frysta,0.0,g
7019,Mullbär,Arakidonsyra C20:4,Bär färska frysta,0.0,g
7019,Mullbär,Arakidinsyra C20:0,Bär färska frysta,0.0,g
7019,Mullbär,Linolensyra C18:3,Bär färska frysta,0.0,g
7019,Mullbär,Linolsyra C18:2,Bär färska frysta,0.0,g
7019,Mullbär,Oljesyra C18:1,Bär färska frysta,0.0,g
7019,Mullbär,Stearinsyra C18:0,Bär färska frysta,0.0,g
7019,Mullbär,Palmitoljesyra C16:1,Bär färska frysta,0.0,g
7019,Mullbär,Palmitinsyra C16:0,Bär färska frysta,0.0,g
7019,Mullbär,Myristinsyra C14:0,Bär färska frysta,0.0,g
7019,Mullbär,Laurinsyra C12:0,Bär färska frysta,0.0,g
7019,Mullbär,Betakaroten/β-Karoten,Bär färska frysta,9.0,µg
7019,Mullbär,Avfall (skal etc.),Bär färska frysta,0.0,%
7019,Mullbär,Aska,Bär färska frysta,0.7,g
7019,Mullbär,Alkohol,Bär färska frysta,0.0,g
7020,Te fermenterat m. fruktjuice,"Zink, Zn",Te,0.0,mg
7020,Te fermenterat m. fruktjuice,Vitamin E,Te,0.0,mg
7020,Te fermenterat m. fruktjuice,Vitamin D inkl 25-OH-D3,Te,0.0,µg
7020,Te fermenterat m. fruktjuice,Vitamin D,Te,0.0,µg
7020,Te fermenterat m. fruktjuice,Vitamin C,Te,0.0,mg
7020,Te fermenterat m. fruktjuice,Vitamin B6,Te,0.02,mg
7020,Te fermenterat m. fruktjuice,Vitamin B12,Te,0.0,µg
7020,Te fermenterat m. fruktjuice,Vitamin A,Te,0.0,RE/µg
7020,Te fermenterat m. fruktjuice,Vatten,Te,97.5,g
7020,Te fermenterat m. fruktjuice,Tiamin,Te,0.0,mg
7020,Te fermenterat m. fruktjuice,Tillsatt socker,Te,3.0,g
7020,Te fermenterat m. fruktjuice,Fritt socker,Te,3.0,g
7020,Te fermenterat m. fruktjuice,"Selen, Se",Te,0.0,µg
7020,Te fermenterat m. fruktjuice,Sackaros,Te,1.6,g
7020,Te fermenterat m. fruktjuice,Riboflavin,Te,0.02,mg
7020,Te fermenterat m. fruktjuice,Retinol,Te,0.0,µg
7020,Te fermenterat m. fruktjuice,Protein,Te,0.0,g
7020,Te fermenterat m. fruktjuice,Summa fleromättade fettsyror,Te,0.0,g
7020,Te fermenterat m. fruktjuice,"Fosfor, P",Te,0.0,mg
7020,Te fermenterat m. fruktjuice,Niacinekvivalenter,Te,0.0,NE/mg
7020,Te fermenterat m. fruktjuice,Niacin,Te,0.0,mg
7020,Te fermenterat m. fruktjuice,"Salt, NaCl",Te,0.0,g
7020,Te fermenterat m. fruktjuice,"Natrium, Na",Te,1.0,mg
7020,Te fermenterat m. fruktjuice,Monosackarider,Te,1.1,g
7020,Te fermenterat m. fruktjuice,"Sockerarter, totalt",Te,2.7,g
7020,Te fermenterat m. fruktjuice,Summa enkelomättade fettsyror,Te,0.0,g
7020,Te fermenterat m. fruktjuice,"Magnesium, Mg",Te,1.0,mg
7020,Te fermenterat m. fruktjuice,Summa mättade fettsyror,Te,0.0,g
7020,Te fermenterat m. fruktjuice,"Kolhydrater, tillgängliga",Te,1.8,g
7020,Te fermenterat m. fruktjuice,Kolesterol,Te,0.0,mg
7020,Te fermenterat m. fruktjuice,"Kalium, K",Te,7.0,mg
7020,Te fermenterat m. fruktjuice,"Jod, I",Te,0.2,µg
7020,Te fermenterat m. fruktjuice,Fullkorn totalt,Te,0.0,g
7020,Te fermenterat m. fruktjuice,"Folat, totalt",Te,2.0,µg
7020,Te fermenterat m. fruktjuice,Fibrer,Te,0.0,g
7020,Te fermenterat m. fruktjuice,"Fett, totalt",Te,0.0,g
7020,Te fermenterat m. fruktjuice,"Järn, Fe",Te,0.0,mg
7020,Te fermenterat m. fruktjuice,Energi (kJ),Te,51.0,kJ
7020,Te fermenterat m. fruktjuice,Energi (kcal),Te,12.0,kcal
7020,Te fermenterat m. fruktjuice,Disackarider,Te,1.6,g
7020,Te fermenterat m. fruktjuice,"Kalcium, Ca",Te,1.0,mg
7020,Te fermenterat m. fruktjuice,Fettsyra 4:0-10:0,Te,0.0,g
7020,Te fermenterat m. fruktjuice,DHA (C22:6),Te,0.0,g
7020,Te fermenterat m. fruktjuice,DPA (C22:5),Te,0.0,g
7020,Te fermenterat m. fruktjuice,EPA (C20:5),Te,0.0,g
7020,Te fermenterat m. fruktjuice,Arakidonsyra C20:4,Te,0.0,g
7020,Te fermenterat m. fruktjuice,Arakidinsyra C20:0,Te,0.0,g
7020,Te fermenterat m. fruktjuice,Linolensyra C18:3,Te,0.0,g
7020,Te fermenterat m. fruktjuice,Linolsyra C18:2,Te,0.0,g
7020,Te fermenterat m. fruktjuice,Oljesyra C18:1,Te,0.0,g
7020,Te fermenterat m. fruktjuice,Stearinsyra C18:0,Te,0.0,g
7020,Te fermenterat m. fruktjuice,Palmitoljesyra C16:1,Te,0.0,g
7020,Te fermenterat m. fruktjuice,Palmitinsyra C16:0,Te,0.0,g
7020,Te fermenterat m. fruktjuice,Myristinsyra C14:0,Te,0.0,g
7020,Te fermenterat m. fruktjuice,Laurinsyra C12:0,Te,0.0,g
7020,Te fermenterat m. fruktjuice,Betakaroten/β-Karoten,Te,0.0,µg
7020,Te fermenterat m. fruktjuice,Avfall (skal etc.),Te,0.0,%
7020,Te fermenterat m. fruktjuice,Aska,Te,0.0,g
7020,Te fermenterat m. fruktjuice,Alkohol,Te,0.7,g
7021,Te fermenterat m. sötningsm.,"Zink, Zn",Te,0.0,mg
7021,Te fermenterat m. sötningsm.,Vitamin E,Te,0.0,mg
7021,Te fermenterat m. sötningsm.,Vitamin D inkl 25-OH-D3,Te,0.0,µg
7021,Te fermenterat m. sötningsm.,Vitamin D,Te,0.0,µg
7021,Te fermenterat m. sötningsm.,Vitamin C,Te,0.0,mg
7021,Te fermenterat m. sötningsm.,Vitamin B6,Te,0.02,mg
7021,Te fermenterat m. sötningsm.,Vitamin B12,Te,0.0,µg
7021,Te fermenterat m. sötningsm.,Vitamin A,Te,0.0,RE/µg
7021,Te fermenterat m. sötningsm.,Vatten,Te,98.0,g
7021,Te fermenterat m. sötningsm.,Tiamin,Te,0.0,mg
7021,Te fermenterat m. sötningsm.,Tillsatt socker,Te,0.0,g
7021,Te fermenterat m. sötningsm.,Fritt socker,Te,0.0,g
7021,Te fermenterat m. sötningsm.,"Selen, Se",Te,0.0,µg
7021,Te fermenterat m. sötningsm.,Sackaros,Te,0.0,g
7021,Te fermenterat m. sötningsm.,Riboflavin,Te,0.02,mg
7021,Te fermenterat m. sötningsm.,Retinol,Te,0.0,µg
7021,Te fermenterat m. sötningsm.,Protein,Te,0.0,g
7021,Te fermenterat m. sötningsm.,Summa fleromättade fettsyror,Te,0.0,g
7021,Te fermenterat m. sötningsm.,"Fosfor, P",Te,1.0,mg
7021,Te fermenterat m. sötningsm.,Niacinekvivalenter,Te,0.0,NE/mg
7021,Te fermenterat m. sötningsm.,Niacin,Te,0.0,mg
7021,Te fermenterat m. sötningsm.,"Salt, NaCl",Te,0.0,g
7021,Te fermenterat m. sötningsm.,"Natrium, Na",Te,5.0,mg
7021,Te fermenterat m. sötningsm.,Monosackarider,Te,0.5,g
7021,Te fermenterat m. sötningsm.,"Sockerarter, totalt",Te,0.5,g
7021,Te fermenterat m. sötningsm.,Summa enkelomättade fettsyror,Te,0.0,g
7021,Te fermenterat m. sötningsm.,"Magnesium, Mg",Te,1.0,mg
7021,Te fermenterat m. sötningsm.,Summa mättade fettsyror,Te,0.0,g
7021,Te fermenterat m. sötningsm.,"Kolhydrater, tillgängliga",Te,2.0,g
7021,Te fermenterat m. sötningsm.,Kolesterol,Te,0.0,mg
7021,Te fermenterat m. sötningsm.,"Kalium, K",Te,10.0,mg
7021,Te fermenterat m. sötningsm.,"Jod, I",Te,1.1,µg
7021,Te fermenterat m. sötningsm.,Fullkorn totalt,Te,0.0,g
7021,Te fermenterat m. sötningsm.,"Folat, totalt",Te,2.0,µg
7021,Te fermenterat m. sötningsm.,Fibrer,Te,0.0,g
7021,Te fermenterat m. sötningsm.,"Fett, totalt",Te,0.0,g
7021,Te fermenterat m. sötningsm.,"Järn, Fe",Te,0.0,mg
7021,Te fermenterat m. sötningsm.,Energi (kJ),Te,34.0,kJ
7021,Te fermenterat m. sötningsm.,Energi (kcal),Te,8.0,kcal
7021,Te fermenterat m. sötningsm.,Disackarider,Te,0.0,g
7021,Te fermenterat m. sötningsm.,"Kalcium, Ca",Te,1.0,mg
7021,Te fermenterat m. sötningsm.,Fettsyra 4:0-10:0,Te,0.0,g
7021,Te fermenterat m. sötningsm.,DHA (C22:6),Te,0.0,g
7021,Te fermenterat m. sötningsm.,DPA (C22:5),Te,0.0,g
7021,Te fermenterat m. sötningsm.,EPA (C20:5),Te,0.0,g
7021,Te fermenterat m. sötningsm.,Arakidonsyra C20:4,Te,0.0,g
7021,Te fermenterat m. sötningsm.,Arakidinsyra C20:0,Te,0.0,g
7021,Te fermenterat m. sötningsm.,Linolensyra C18:3,Te,0.0,g
7021,Te fermenterat m. sötningsm.,Linolsyra C18:2,Te,0.0,g
7021,Te fermenterat m. sötningsm.,Oljesyra C18:1,Te,0.0,g
7021,Te fermenterat m. sötningsm.,Stearinsyra C18:0,Te,0.0,g
7021,Te fermenterat m. sötningsm.,Palmitoljesyra C16:1,Te,0.0,g
7021,Te fermenterat m. sötningsm.,Palmitinsyra C16:0,Te,0.0,g
7021,Te fermenterat m. sötningsm.,Myristinsyra C14:0,Te,0.0,g
7021,Te fermenterat m. sötningsm.,Laurinsyra C12:0,Te,0.0,g
7021,Te fermenterat m. sötningsm.,Betakaroten/β-Karoten,Te,0.0,µg
7021,Te fermenterat m. sötningsm.,Avfall (skal etc.),Te,0.0,%
7021,Te fermenterat m. sötningsm.,Aska,Te,0.0,g
7021,Te fermenterat m. sötningsm.,Alkohol,Te,0.0,g
7022,Färskost ricotta fett ca 10%,"Zink, Zn",Färskost o kvarg,0.5,mg
7022,Färskost ricotta fett ca 10%,Vitamin E,Färskost o kvarg,0.2,mg
7022,Färskost ricotta fett ca 10%,Vitamin D,Färskost o kvarg,0.03,µg
7022,Färskost ricotta fett ca 10%,Vitamin C,Färskost o kvarg,0.0,mg
7022,Färskost ricotta fett ca 10%,Vitamin B6,Färskost o kvarg,0.03,mg
7022,Färskost ricotta fett ca 10%,Vitamin B12,Färskost o kvarg,0.3,µg
7022,Färskost ricotta fett ca 10%,Vitamin A,Färskost o kvarg,192.7,RE/µg
7022,Färskost ricotta fett ca 10%,Vatten,Färskost o kvarg,75.7,g
7022,Färskost ricotta fett ca 10%,Tiamin,Färskost o kvarg,0.02,mg
7022,Färskost ricotta fett ca 10%,Tillsatt socker,Färskost o kvarg,0.0,g
7022,Färskost ricotta fett ca 10%,Fritt socker,Färskost o kvarg,0.0,g
7022,Färskost ricotta fett ca 10%,"Selen, Se",Färskost o kvarg,3.9,µg
7022,Färskost ricotta fett ca 10%,Sackaros,Färskost o kvarg,0.0,g
7022,Färskost ricotta fett ca 10%,Riboflavin,Färskost o kvarg,0.19,mg
7022,Färskost ricotta fett ca 10%,Retinol,Färskost o kvarg,185.0,µg
7022,Färskost ricotta fett ca 10%,Protein,Färskost o kvarg,10.2,g
7022,Färskost ricotta fett ca 10%,Summa fleromättade fettsyror,Färskost o kvarg,0.4,g
7022,Färskost ricotta fett ca 10%,"Fosfor, P",Färskost o kvarg,237.0,mg
7022,Färskost ricotta fett ca 10%,Niacinekvivalenter,Färskost o kvarg,2.5,NE/mg
7022,Färskost ricotta fett ca 10%,Niacin,Färskost o kvarg,0.09,mg
7022,Färskost ricotta fett ca 10%,"Salt, NaCl",Färskost o kvarg,0.2,g
7022,Färskost ricotta fett ca 10%,"Natrium, Na",Färskost o kvarg,78.0,mg
7022,Färskost ricotta fett ca 10%,Monosackarider,Färskost o kvarg,0.0,g
7022,Färskost ricotta fett ca 10%,"Sockerarter, totalt",Färskost o kvarg,3.5,g
7022,Färskost ricotta fett ca 10%,Summa enkelomättade fettsyror,Färskost o kvarg,2.6,g
7022,Färskost ricotta fett ca 10%,"Magnesium, Mg",Färskost o kvarg,17.0,mg
7022,Färskost ricotta fett ca 10%,Summa mättade fettsyror,Färskost o kvarg,6.5,g
7022,Färskost ricotta fett ca 10%,"Kolhydrater, tillgängliga",Färskost o kvarg,2.0,g
7022,Färskost ricotta fett ca 10%,Kolesterol,Färskost o kvarg,50.0,mg
7022,Färskost ricotta fett ca 10%,"Kalium, K",Färskost o kvarg,119.0,mg
7022,Färskost ricotta fett ca 10%,"Jod, I",Färskost o kvarg,15.0,µg
7022,Färskost ricotta fett ca 10%,Fullkorn totalt,Färskost o kvarg,0.0,g
7022,Färskost ricotta fett ca 10%,"Folat, totalt",Färskost o kvarg,12.0,µg
7022,Färskost ricotta fett ca 10%,Fibrer,Färskost o kvarg,0.0,g
7022,Färskost ricotta fett ca 10%,"Fett, totalt",Färskost o kvarg,10.9,g
7022,Färskost ricotta fett ca 10%,"Järn, Fe",Färskost o kvarg,0.4,mg
7022,Färskost ricotta fett ca 10%,Energi (kJ),Färskost o kvarg,611.0,kJ
7022,Färskost ricotta fett ca 10%,Energi (kcal),Färskost o kvarg,146.0,kcal
7022,Färskost ricotta fett ca 10%,Disackarider,Färskost o kvarg,3.5,g
7022,Färskost ricotta fett ca 10%,"Kalcium, Ca",Färskost o kvarg,295.0,mg
7022,Färskost ricotta fett ca 10%,Fettsyra 4:0-10:0,Färskost o kvarg,0.2,g
7022,Färskost ricotta fett ca 10%,DHA (C22:6),Färskost o kvarg,0.0,g
7022,Färskost ricotta fett ca 10%,EPA (C20:5),Färskost o kvarg,0.0,g
7022,Färskost ricotta fett ca 10%,Arakidonsyra C20:4,Färskost o kvarg,0.0,g
7022,Färskost ricotta fett ca 10%,Arakidinsyra C20:0,Färskost o kvarg,0.0,g
7022,Färskost ricotta fett ca 10%,Linolensyra C18:3,Färskost o kvarg,0.1,g
7022,Färskost ricotta fett ca 10%,Linolsyra C18:2,Färskost o kvarg,0.2,g
7022,Färskost ricotta fett ca 10%,Oljesyra C18:1,Färskost o kvarg,2.4,g
7022,Färskost ricotta fett ca 10%,Stearinsyra C18:0,Färskost o kvarg,1.1,g
7022,Färskost ricotta fett ca 10%,Palmitoljesyra C16:1,Färskost o kvarg,0.2,g
7022,Färskost ricotta fett ca 10%,Palmitinsyra C16:0,Färskost o kvarg,3.5,g
7022,Färskost ricotta fett ca 10%,Myristinsyra C14:0,Färskost o kvarg,1.3,g
7022,Färskost ricotta fett ca 10%,Laurinsyra C12:0,Färskost o kvarg,0.4,g
7022,Färskost ricotta fett ca 10%,Betakaroten/β-Karoten,Färskost o kvarg,92.0,µg
7022,Färskost ricotta fett ca 10%,Avfall (skal etc.),Färskost o kvarg,0.0,%
7022,Färskost ricotta fett ca 10%,Aska,Färskost o kvarg,1.2,g
7022,Färskost ricotta fett ca 10%,Alkohol,Färskost o kvarg,0.0,g
7023,Wasabirot,"Zink, Zn",Rotfrukter,1.6,mg
7023,Wasabirot,Vitamin E,Rotfrukter,0.0,mg
7023,Wasabirot,Vitamin D inkl 25-OH-D3,Rotfrukter,0.0,µg
7023,Wasabirot,Vitamin D,Rotfrukter,0.0,µg
7023,Wasabirot,Vitamin C,Rotfrukter,41.9,mg
7023,Wasabirot,Vitamin B6,Rotfrukter,0.27,mg
7023,Wasabirot,Vitamin B12,Rotfrukter,0.0,µg
7023,Wasabirot,Vitamin A,Rotfrukter,1.8,RE/µg
7023,Wasabirot,Vatten,Rotfrukter,69.1,g
7023,Wasabirot,Tiamin,Rotfrukter,0.13,mg
7023,Wasabirot,Tillsatt socker,Rotfrukter,0.0,g
7023,Wasabirot,Fritt socker,Rotfrukter,0.0,g
7023,Wasabirot,"Selen, Se",Rotfrukter,0.0,µg
7023,Wasabirot,Sackaros,Rotfrukter,6.5,g
7023,Wasabirot,Riboflavin,Rotfrukter,0.11,mg
7023,Wasabirot,Retinol,Rotfrukter,0.0,µg
7023,Wasabirot,Protein,Rotfrukter,4.8,g
7023,Wasabirot,Summa fleromättade fettsyror,Rotfrukter,0.0,g
7023,Wasabirot,"Fosfor, P",Rotfrukter,80.0,mg
7023,Wasabirot,Niacinekvivalenter,Rotfrukter,1.5,NE/mg
7023,Wasabirot,Niacin,Rotfrukter,0.74,mg
7023,Wasabirot,"Salt, NaCl",Rotfrukter,0.0,g
7023,Wasabirot,"Natrium, Na",Rotfrukter,17.0,mg
7023,Wasabirot,Monosackarider,Rotfrukter,0.8,g
7023,Wasabirot,"Sockerarter, totalt",Rotfrukter,7.3,g
7023,Wasabirot,Summa enkelomättade fettsyror,Rotfrukter,0.0,g
7023,Wasabirot,"Magnesium, Mg",Rotfrukter,69.0,mg
7023,Wasabirot,Summa mättade fettsyror,Rotfrukter,0.0,g
7023,Wasabirot,"Kolhydrater, tillgängliga",Rotfrukter,15.8,g
7023,Wasabirot,Kolesterol,Rotfrukter,0.0,mg
7023,Wasabirot,"Kalium, K",Rotfrukter,568.0,mg
7023,Wasabirot,"Jod, I",Rotfrukter,0.0,µg
7023,Wasabirot,Fullkorn totalt,Rotfrukter,0.0,g
7023,Wasabirot,"Folat, totalt",Rotfrukter,18.0,µg
7023,Wasabirot,Fibrer,Rotfrukter,7.8,g
7023,Wasabirot,"Fett, totalt",Rotfrukter,0.6,g
7023,Wasabirot,"Järn, Fe",Rotfrukter,1.0,mg
7023,Wasabirot,Energi (kJ),Rotfrukter,436.0,kJ
7023,Wasabirot,Energi (kcal),Rotfrukter,104.0,kcal
7023,Wasabirot,Disackarider,Rotfrukter,6.5,g
7023,Wasabirot,"Kalcium, Ca",Rotfrukter,128.0,mg
7023,Wasabirot,Fettsyra 4:0-10:0,Rotfrukter,0.0,g
7023,Wasabirot,DHA (C22:6),Rotfrukter,0.0,g
7023,Wasabirot,DPA (C22:5),Rotfrukter,0.0,g
7023,Wasabirot,EPA (C20:5),Rotfrukter,0.0,g
7023,Wasabirot,Arakidonsyra C20:4,Rotfrukter,0.0,g
7023,Wasabirot,Arakidinsyra C20:0,Rotfrukter,0.0,g
7023,Wasabirot,Linolensyra C18:3,Rotfrukter,0.0,g
7023,Wasabirot,Linolsyra C18:2,Rotfrukter,0.0,g
7023,Wasabirot,Oljesyra C18:1,Rotfrukter,0.0,g
7023,Wasabirot,Stearinsyra C18:0,Rotfrukter,0.0,g
7023,Wasabirot,Palmitoljesyra C16:1,Rotfrukter,0.0,g
7023,Wasabirot,Palmitinsyra C16:0,Rotfrukter,0.0,g
7023,Wasabirot,Myristinsyra C14:0,Rotfrukter,0.0,g
7023,Wasabirot,Laurinsyra C12:0,Rotfrukter,0.0,g
7023,Wasabirot,Betakaroten/β-Karoten,Rotfrukter,21.0,µg
7023,Wasabirot,Avfall (skal etc.),Rotfrukter,27.0,%
7023,Wasabirot,Aska,Rotfrukter,1.9,g
7023,Wasabirot,Alkohol,Rotfrukter,0.0,g
7024,Macadamianötter,"Zink, Zn",Nötter frön,1.3,mg
7024,Macadamianötter,Vitamin E,Nötter frön,0.5,mg
7024,Macadamianötter,Vitamin D inkl 25-OH-D3,Nötter frön,0.0,µg
7024,Macadamianötter,Vitamin D,Nötter frön,0.0,µg
7024,Macadamianötter,Vitamin C,Nötter frön,1.2,mg
7024,Macadamianötter,Vitamin B6,Nötter frön,0.28,mg
7024,Macadamianötter,Vitamin B12,Nötter frön,0.0,µg
7024,Macadamianötter,Vitamin A,Nötter frön,0.0,RE/µg
7024,Macadamianötter,Vatten,Nötter frön,1.4,g
7024,Macadamianötter,Tiamin,Nötter frön,1.2,mg
7024,Macadamianötter,Tillsatt socker,Nötter frön,0.0,g
7024,Macadamianötter,Fritt socker,Nötter frön,0.0,g
7024,Macadamianötter,"Selen, Se",Nötter frön,3.6,µg
7024,Macadamianötter,Sackaros,Nötter frön,4.4,g
7024,Macadamianötter,Riboflavin,Nötter frön,0.16,mg
7024,Macadamianötter,Retinol,Nötter frön,0.0,µg
7024,Macadamianötter,Protein,Nötter frön,7.9,g
7024,Macadamianötter,Summa fleromättade fettsyror,Nötter frön,1.5,g
7024,Macadamianötter,"Fosfor, P",Nötter frön,188.0,mg
7024,Macadamianötter,Niacinekvivalenter,Nötter frön,3.8,NE/mg
7024,Macadamianötter,Niacin,Nötter frön,2.47,mg
7024,Macadamianötter,"Salt, NaCl",Nötter frön,0.0,g
7024,Macadamianötter,"Natrium, Na",Nötter frön,5.0,mg
7024,Macadamianötter,Monosackarider,Nötter frön,0.1,g
7024,Macadamianötter,"Sockerarter, totalt",Nötter frön,4.6,g
7024,Macadamianötter,Summa enkelomättade fettsyror,Nötter frön,58.9,g
7024,Macadamianötter,"Magnesium, Mg",Nötter frön,130.0,mg
7024,Macadamianötter,Summa mättade fettsyror,Nötter frön,12.1,g
7024,Macadamianötter,"Kolhydrater, tillgängliga",Nötter frön,5.2,g
7024,Macadamianötter,Kolesterol,Nötter frön,0.0,mg
7024,Macadamianötter,"Kalium, K",Nötter frön,368.0,mg
7024,Macadamianötter,"Jod, I",Nötter frön,0.0,µg
7024,Macadamianötter,Fullkorn totalt,Nötter frön,0.0,g
7024,Macadamianötter,"Folat, totalt",Nötter frön,11.0,µg
7024,Macadamianötter,Fibrer,Nötter frön,8.6,g
7024,Macadamianötter,"Fett, totalt",Nötter frön,75.8,g
7024,Macadamianötter,"Järn, Fe",Nötter frön,3.7,mg
7024,Macadamianötter,Energi (kJ),Nötter frön,3096.0,kJ
7024,Macadamianötter,Energi (kcal),Nötter frön,740.0,kcal
7024,Macadamianötter,Disackarider,Nötter frön,4.4,g
7024,Macadamianötter,"Kalcium, Ca",Nötter frön,85.0,mg
7024,Macadamianötter,Fettsyra 4:0-10:0,Nötter frön,0.0,g
7024,Macadamianötter,DHA (C22:6),Nötter frön,0.0,g
7024,Macadamianötter,DPA (C22:5),Nötter frön,0.0,g
7024,Macadamianötter,EPA (C20:5),Nötter frön,0.0,g
7024,Macadamianötter,Arakidonsyra C20:4,Nötter frön,0.0,g
7024,Macadamianötter,Arakidinsyra C20:0,Nötter frön,1.9,g
7024,Macadamianötter,Linolensyra C18:3,Nötter frön,0.2,g
7024,Macadamianötter,Linolsyra C18:2,Nötter frön,1.3,g
7024,Macadamianötter,Oljesyra C18:1,Nötter frön,43.8,g
7024,Macadamianötter,Stearinsyra C18:0,Nötter frön,2.3,g
7024,Macadamianötter,Palmitoljesyra C16:1,Nötter frön,13.0,g
7024,Macadamianötter,Palmitinsyra C16:0,Nötter frön,6.0,g
7024,Macadamianötter,Myristinsyra C14:0,Nötter frön,0.7,g
7024,Macadamianötter,Laurinsyra C12:0,Nötter frön,0.1,g
7024,Macadamianötter,Betakaroten/β-Karoten,Nötter frön,0.0,µg
7024,Macadamianötter,Avfall (skal etc.),Nötter frön,0.0,%
7024,Macadamianötter,Aska,Nötter frön,1.1,g
7024,Macadamianötter,Alkohol,Nötter frön,0.0,g
7025,Quinoa okokt,"Zink, Zn",Matgryn,3.1,mg
7025,Quinoa okokt,Vitamin E,Matgryn,2.4,mg
7025,Quinoa okokt,Vitamin D inkl 25-OH-D3,Matgryn,0.0,µg
7025,Quinoa okokt,Vitamin D,Matgryn,0.0,µg
7025,Quinoa okokt,Vitamin C,Matgryn,0.0,mg
7025,Quinoa okokt,Vitamin B6,Matgryn,0.49,mg
7025,Quinoa okokt,Vitamin B12,Matgryn,0.0,µg
7025,Quinoa okokt,Vitamin A,Matgryn,0.7,RE/µg
7025,Quinoa okokt,Vatten,Matgryn,13.3,g
7025,Quinoa okokt,Tiamin,Matgryn,0.36,mg
7025,Quinoa okokt,Tillsatt socker,Matgryn,0.0,g
7025,Quinoa okokt,Fritt socker,Matgryn,0.0,g
7025,Quinoa okokt,"Selen, Se",Matgryn,8.5,µg
7025,Quinoa okokt,Sackaros,Matgryn,0.0,g
7025,Quinoa okokt,Riboflavin,Matgryn,0.32,mg
7025,Quinoa okokt,Retinol,Matgryn,0.0,µg
7025,Quinoa okokt,Protein,Matgryn,14.4,g
7025,Quinoa okokt,Summa fleromättade fettsyror,Matgryn,3.4,g
7025,Quinoa okokt,"Fosfor, P",Matgryn,457.0,mg
7025,Quinoa okokt,Niacinekvivalenter,Matgryn,3.9,NE/mg
7025,Quinoa okokt,Niacin,Matgryn,1.5,mg
7025,Quinoa okokt,"Salt, NaCl",Matgryn,0.0,g
7025,Quinoa okokt,"Natrium, Na",Matgryn,5.0,mg
7025,Quinoa okokt,Monosackarider,Matgryn,0.0,g
7025,Quinoa okokt,"Sockerarter, totalt",Matgryn,0.0,g
7025,Quinoa okokt,Summa enkelomättade fettsyror,Matgryn,1.3,g
7025,Quinoa okokt,"Magnesium, Mg",Matgryn,197.0,mg
7025,Quinoa okokt,Summa mättade fettsyror,Matgryn,0.7,g
7025,Quinoa okokt,"Kolhydrater, tillgängliga",Matgryn,56.8,g
7025,Quinoa okokt,Kolesterol,Matgryn,0.0,mg
7025,Quinoa okokt,"Kalium, K",Matgryn,563.0,mg
7025,Quinoa okokt,"Jod, I",Matgryn,0.5,µg
7025,Quinoa okokt,Fullkorn totalt,Matgryn,0.0,g
7025,Quinoa okokt,"Folat, totalt",Matgryn,180.0,µg
7025,Quinoa okokt,Fibrer,Matgryn,7.0,g
7025,Quinoa okokt,"Fett, totalt",Matgryn,6.1,g
7025,Quinoa okokt,"Järn, Fe",Matgryn,4.6,mg
7025,Quinoa okokt,Energi (kJ),Matgryn,1492.0,kJ
7025,Quinoa okokt,Energi (kcal),Matgryn,356.0,kcal
7025,Quinoa okokt,Disackarider,Matgryn,0.0,g
7025,Quinoa okokt,"Kalcium, Ca",Matgryn,47.0,mg
7025,Quinoa okokt,Fettsyra 4:0-10:0,Matgryn,0.0,g
7025,Quinoa okokt,DHA (C22:6),Matgryn,0.0,g
7025,Quinoa okokt,DPA (C22:5),Matgryn,0.0,g
7025,Quinoa okokt,EPA (C20:5),Matgryn,0.0,g
7025,Quinoa okokt,Arakidonsyra C20:4,Matgryn,0.0,g
7025,Quinoa okokt,Arakidinsyra C20:0,Matgryn,0.0,g
7025,Quinoa okokt,Linolensyra C18:3,Matgryn,0.4,g
7025,Quinoa okokt,Linolsyra C18:2,Matgryn,3.1,g
7025,Quinoa okokt,Oljesyra C18:1,Matgryn,1.2,g
7025,Quinoa okokt,Stearinsyra C18:0,Matgryn,0.0,g
7025,Quinoa okokt,Palmitoljesyra C16:1,Matgryn,0.0,g
7025,Quinoa okokt,Palmitinsyra C16:0,Matgryn,0.6,g
7025,Quinoa okokt,Myristinsyra C14:0,Matgryn,0.0,g
7025,Quinoa okokt,Laurinsyra C12:0,Matgryn,0.0,g
7025,Quinoa okokt,Betakaroten/β-Karoten,Matgryn,8.0,µg
7025,Quinoa okokt,Avfall (skal etc.),Matgryn,0.0,%
7025,Quinoa okokt,Aska,Matgryn,2.4,g
7025,Quinoa okokt,Alkohol,Matgryn,0.0,g
7026,Quinoamjöl,"Zink, Zn",Mjöl stärkelse kli,2.9,mg
7026,Quinoamjöl,Vitamin E,Mjöl stärkelse kli,2.6,mg
7026,Quinoamjöl,Vitamin D inkl 25-OH-D3,Mjöl stärkelse kli,0.0,µg
7026,Quinoamjöl,Vitamin D,Mjöl stärkelse kli,0.0,µg
7026,Quinoamjöl,Vitamin C,Mjöl stärkelse kli,0.0,mg
7026,Quinoamjöl,Vitamin B6,Mjöl stärkelse kli,0.27,mg
7026,Quinoamjöl,Vitamin B12,Mjöl stärkelse kli,0.0,µg
7026,Quinoamjöl,Vitamin A,Mjöl stärkelse kli,1.2,RE/µg
7026,Quinoamjöl,Vatten,Mjöl stärkelse kli,13.5,g
7026,Quinoamjöl,Tiamin,Mjöl stärkelse kli,0.52,mg
7026,Quinoamjöl,Tillsatt socker,Mjöl stärkelse kli,0.0,g
7026,Quinoamjöl,Fritt socker,Mjöl stärkelse kli,0.0,g
7026,Quinoamjöl,"Selen, Se",Mjöl stärkelse kli,0.0,µg
7026,Quinoamjöl,Sackaros,Mjöl stärkelse kli,0.9,g
7026,Quinoamjöl,Riboflavin,Mjöl stärkelse kli,0.27,mg
7026,Quinoamjöl,Retinol,Mjöl stärkelse kli,0.0,µg
7026,Quinoamjöl,Protein,Mjöl stärkelse kli,14.4,g
7026,Quinoamjöl,Summa fleromättade fettsyror,Mjöl stärkelse kli,1.0,g
7026,Quinoamjöl,"Fosfor, P",Mjöl stärkelse kli,320.0,mg
7026,Quinoamjöl,Niacinekvivalenter,Mjöl stärkelse kli,4.4,NE/mg
7026,Quinoamjöl,Niacin,Mjöl stärkelse kli,2.0,mg
7026,Quinoamjöl,"Salt, NaCl",Mjöl stärkelse kli,0.0,g
7026,Quinoamjöl,"Natrium, Na",Mjöl stärkelse kli,0.0,mg
7026,Quinoamjöl,Monosackarider,Mjöl stärkelse kli,1.6,g
7026,Quinoamjöl,"Sockerarter, totalt",Mjöl stärkelse kli,2.7,g
7026,Quinoamjöl,Summa enkelomättade fettsyror,Mjöl stärkelse kli,0.6,g
7026,Quinoamjöl,"Magnesium, Mg",Mjöl stärkelse kli,182.0,mg
7026,Quinoamjöl,Summa mättade fettsyror,Mjöl stärkelse kli,0.2,g
7026,Quinoamjöl,"Kolhydrater, tillgängliga",Mjöl stärkelse kli,52.5,g
7026,Quinoamjöl,Kolesterol,Mjöl stärkelse kli,0.0,mg
7026,Quinoamjöl,"Kalium, K",Mjöl stärkelse kli,880.0,mg
7026,Quinoamjöl,"Jod, I",Mjöl stärkelse kli,1.1,µg
7026,Quinoamjöl,Fullkorn totalt,Mjöl stärkelse kli,0.0,g
7026,Quinoamjöl,"Folat, totalt",Mjöl stärkelse kli,230.0,µg
7026,Quinoamjöl,Fibrer,Mjöl stärkelse kli,11.4,g
7026,Quinoamjöl,"Fett, totalt",Mjöl stärkelse kli,5.6,g
7026,Quinoamjöl,"Järn, Fe",Mjöl stärkelse kli,5.8,mg
7026,Quinoamjöl,Energi (kJ),Mjöl stärkelse kli,1435.0,kJ
7026,Quinoamjöl,Energi (kcal),Mjöl stärkelse kli,343.0,kcal
7026,Quinoamjöl,Disackarider,Mjöl stärkelse kli,1.1,g
7026,Quinoamjöl,"Kalcium, Ca",Mjöl stärkelse kli,58.0,mg
7026,Quinoamjöl,Fettsyra 4:0-10:0,Mjöl stärkelse kli,0.0,g
7026,Quinoamjöl,DHA (C22:6),Mjöl stärkelse kli,0.0,g
7026,Quinoamjöl,DPA (C22:5),Mjöl stärkelse kli,0.0,g
7026,Quinoamjöl,EPA (C20:5),Mjöl stärkelse kli,0.0,g
7026,Quinoamjöl,Arakidonsyra C20:4,Mjöl stärkelse kli,0.0,g
7026,Quinoamjöl,Arakidinsyra C20:0,Mjöl stärkelse kli,0.0,g
7026,Quinoamjöl,Linolensyra C18:3,Mjöl stärkelse kli,0.3,g
7026,Quinoamjöl,Linolsyra C18:2,Mjöl stärkelse kli,2.8,g
7026,Quinoamjöl,Oljesyra C18:1,Mjöl stärkelse kli,1.1,g
7026,Quinoamjöl,Stearinsyra C18:0,Mjöl stärkelse kli,0.0,g
7026,Quinoamjöl,Palmitoljesyra C16:1,Mjöl stärkelse kli,0.0,g
7026,Quinoamjöl,Palmitinsyra C16:0,Mjöl stärkelse kli,0.5,g
7026,Quinoamjöl,Myristinsyra C14:0,Mjöl stärkelse kli,0.0,g
7026,Quinoamjöl,Laurinsyra C12:0,Mjöl stärkelse kli,0.0,g
7026,Quinoamjöl,Betakaroten/β-Karoten,Mjöl stärkelse kli,13.0,µg
7026,Quinoamjöl,Avfall (skal etc.),Mjöl stärkelse kli,0.0,%
7026,Quinoamjöl,Aska,Mjöl stärkelse kli,2.6,g
7026,Quinoamjöl,Alkohol,Mjöl stärkelse kli,0.0,g
7027,Tempeh,"Zink, Zn",Ost med vegetabiliskt fett,1.1,mg
7027,Tempeh,Vitamin E,Ost med vegetabiliskt fett,0.0,mg
7027,Tempeh,Vitamin D inkl 25-OH-D3,Ost med vegetabiliskt fett,0.0,µg
7027,Tempeh,Vitamin D,Ost med vegetabiliskt fett,0.0,µg
7027,Tempeh,Vitamin C,Ost med vegetabiliskt fett,0.0,mg
7027,Tempeh,Vitamin B6,Ost med vegetabiliskt fett,0.22,mg
7027,Tempeh,Vitamin B12,Ost med vegetabiliskt fett,0.08,µg
7027,Tempeh,Vitamin A,Ost med vegetabiliskt fett,0.0,RE/µg
7027,Tempeh,Vatten,Ost med vegetabiliskt fett,59.6,g
7027,Tempeh,Tiamin,Ost med vegetabiliskt fett,0.08,mg
7027,Tempeh,Tillsatt socker,Ost med vegetabiliskt fett,0.0,g
7027,Tempeh,Fritt socker,Ost med vegetabiliskt fett,0.0,g
7027,Tempeh,"Selen, Se",Ost med vegetabiliskt fett,0.0,µg
7027,Tempeh,Sackaros,Ost med vegetabiliskt fett,0.9,g
7027,Tempeh,Riboflavin,Ost med vegetabiliskt fett,0.36,mg
7027,Tempeh,Retinol,Ost med vegetabiliskt fett,0.0,µg
7027,Tempeh,Protein,Ost med vegetabiliskt fett,18.6,g
7027,Tempeh,Summa fleromättade fettsyror,Ost med vegetabiliskt fett,2.4,g
7027,Tempeh,"Fosfor, P",Ost med vegetabiliskt fett,266.0,mg
7027,Tempeh,Niacinekvivalenter,Ost med vegetabiliskt fett,5.7,NE/mg
7027,Tempeh,Niacin,Ost med vegetabiliskt fett,2.6,mg
7027,Tempeh,"Salt, NaCl",Ost med vegetabiliskt fett,0.0,g
7027,Tempeh,"Natrium, Na",Ost med vegetabiliskt fett,9.0,mg
7027,Tempeh,Monosackarider,Ost med vegetabiliskt fett,0.2,g
7027,Tempeh,"Sockerarter, totalt",Ost med vegetabiliskt fett,1.1,g
7027,Tempeh,Summa enkelomättade fettsyror,Ost med vegetabiliskt fett,3.2,g
7027,Tempeh,"Magnesium, Mg",Ost med vegetabiliskt fett,81.0,mg
7027,Tempeh,Summa mättade fettsyror,Ost med vegetabiliskt fett,2.4,g
7027,Tempeh,"Kolhydrater, tillgängliga",Ost med vegetabiliskt fett,8.2,g
7027,Tempeh,Kolesterol,Ost med vegetabiliskt fett,0.0,mg
7027,Tempeh,"Kalium, K",Ost med vegetabiliskt fett,412.0,mg
7027,Tempeh,"Jod, I",Ost med vegetabiliskt fett,0.0,µg
7027,Tempeh,Fullkorn totalt,Ost med vegetabiliskt fett,0.0,g
7027,Tempeh,"Folat, totalt",Ost med vegetabiliskt fett,24.0,µg
7027,Tempeh,Fibrer,Ost med vegetabiliskt fett,1.3,g
7027,Tempeh,"Fett, totalt",Ost med vegetabiliskt fett,10.8,g
7027,Tempeh,"Järn, Fe",Ost med vegetabiliskt fett,2.7,mg
7027,Tempeh,Energi (kJ),Ost med vegetabiliskt fett,865.0,kJ
7027,Tempeh,Energi (kcal),Ost med vegetabiliskt fett,207.0,kcal
7027,Tempeh,Disackarider,Ost med vegetabiliskt fett,0.9,g
7027,Tempeh,"Kalcium, Ca",Ost med vegetabiliskt fett,111.0,mg
7027,Tempeh,Fettsyra 4:0-10:0,Ost med vegetabiliskt fett,0.0,g
7027,Tempeh,DHA (C22:6),Ost med vegetabiliskt fett,0.0,g
7027,Tempeh,DPA (C22:5),Ost med vegetabiliskt fett,0.0,g
7027,Tempeh,EPA (C20:5),Ost med vegetabiliskt fett,0.0,g
7027,Tempeh,Arakidonsyra C20:4,Ost med vegetabiliskt fett,0.0,g
7027,Tempeh,Arakidinsyra C20:0,Ost med vegetabiliskt fett,0.0,g
7027,Tempeh,Linolensyra C18:3,Ost med vegetabiliskt fett,0.3,g
7027,Tempeh,Linolsyra C18:2,Ost med vegetabiliskt fett,2.0,g
7027,Tempeh,Oljesyra C18:1,Ost med vegetabiliskt fett,3.1,g
7027,Tempeh,Stearinsyra C18:0,Ost med vegetabiliskt fett,0.7,g
7027,Tempeh,Palmitoljesyra C16:1,Ost med vegetabiliskt fett,0.0,g
7027,Tempeh,Palmitinsyra C16:0,Ost med vegetabiliskt fett,1.7,g
7027,Tempeh,Myristinsyra C14:0,Ost med vegetabiliskt fett,0.0,g
7027,Tempeh,Laurinsyra C12:0,Ost med vegetabiliskt fett,0.0,g
7027,Tempeh,Betakaroten/β-Karoten,Ost med vegetabiliskt fett,0.0,µg
7027,Tempeh,Avfall (skal etc.),Ost med vegetabiliskt fett,0.0,%
7027,Tempeh,Aska,Ost med vegetabiliskt fett,1.6,g
7027,Tempeh,Alkohol,Ost med vegetabiliskt fett,0.0,g
7028,Arrowrotmjöl,"Zink, Zn",Mjöl stärkelse kli,0.6,mg
7028,Arrowrotmjöl,Vitamin E,Mjöl stärkelse kli,0.5,mg
7028,Arrowrotmjöl,Vitamin D inkl 25-OH-D3,Mjöl stärkelse kli,0.0,µg
7028,Arrowrotmjöl,Vitamin D,Mjöl stärkelse kli,0.0,µg
7028,Arrowrotmjöl,Vitamin C,Mjöl stärkelse kli,0.0,mg
7028,Arrowrotmjöl,Vitamin B6,Mjöl stärkelse kli,0.0,mg
7028,Arrowrotmjöl,Vitamin B12,Mjöl stärkelse kli,0.0,µg
7028,Arrowrotmjöl,Vitamin A,Mjöl stärkelse kli,0.0,RE/µg
7028,Arrowrotmjöl,Vatten,Mjöl stärkelse kli,12.2,g
7028,Arrowrotmjöl,Tiamin,Mjöl stärkelse kli,0.1,mg
7028,Arrowrotmjöl,Tillsatt socker,Mjöl stärkelse kli,0.0,g
7028,Arrowrotmjöl,Fritt socker,Mjöl stärkelse kli,0.0,g
7028,Arrowrotmjöl,"Selen, Se",Mjöl stärkelse kli,0.5,µg
7028,Arrowrotmjöl,Sackaros,Mjöl stärkelse kli,0.0,g
7028,Arrowrotmjöl,Riboflavin,Mjöl stärkelse kli,0.02,mg
7028,Arrowrotmjöl,Retinol,Mjöl stärkelse kli,0.0,µg
7028,Arrowrotmjöl,Protein,Mjöl stärkelse kli,1.0,g
7028,Arrowrotmjöl,Summa fleromättade fettsyror,Mjöl stärkelse kli,0.0,g
7028,Arrowrotmjöl,"Fosfor, P",Mjöl stärkelse kli,7.0,mg
7028,Arrowrotmjöl,Niacinekvivalenter,Mjöl stärkelse kli,0.7,NE/mg
7028,Arrowrotmjöl,Niacin,Mjöl stärkelse kli,0.5,mg
7028,Arrowrotmjöl,"Salt, NaCl",Mjöl stärkelse kli,0.0,g
7028,Arrowrotmjöl,"Natrium, Na",Mjöl stärkelse kli,2.0,mg
7028,Arrowrotmjöl,Monosackarider,Mjöl stärkelse kli,0.0,g
7028,Arrowrotmjöl,"Sockerarter, totalt",Mjöl stärkelse kli,0.0,g
7028,Arrowrotmjöl,Summa enkelomättade fettsyror,Mjöl stärkelse kli,0.0,g
7028,Arrowrotmjöl,"Magnesium, Mg",Mjöl stärkelse kli,4.0,mg
7028,Arrowrotmjöl,Summa mättade fettsyror,Mjöl stärkelse kli,0.0,g
7028,Arrowrotmjöl,"Kolhydrater, tillgängliga",Mjöl stärkelse kli,85.2,g
7028,Arrowrotmjöl,Kolesterol,Mjöl stärkelse kli,0.0,mg
7028,Arrowrotmjöl,"Kalium, K",Mjöl stärkelse kli,12.0,mg
7028,Arrowrotmjöl,"Jod, I",Mjöl stärkelse kli,3.0,µg
7028,Arrowrotmjöl,Fullkorn totalt,Mjöl stärkelse kli,0.0,g
7028,Arrowrotmjöl,"Folat, totalt",Mjöl stärkelse kli,0.0,µg
7028,Arrowrotmjöl,Fibrer,Mjöl stärkelse kli,0.9,g
7028,Arrowrotmjöl,"Fett, totalt",Mjöl stärkelse kli,0.2,g
7028,Arrowrotmjöl,"Järn, Fe",Mjöl stärkelse kli,0.5,mg
7028,Arrowrotmjöl,Energi (kJ),Mjöl stärkelse kli,1480.0,kJ
7028,Arrowrotmjöl,Energi (kcal),Mjöl stärkelse kli,354.0,kcal
7028,Arrowrotmjöl,Disackarider,Mjöl stärkelse kli,0.0,g
7028,Arrowrotmjöl,"Kalcium, Ca",Mjöl stärkelse kli,35.0,mg
7028,Arrowrotmjöl,Fettsyra 4:0-10:0,Mjöl stärkelse kli,0.0,g
7028,Arrowrotmjöl,DHA (C22:6),Mjöl stärkelse kli,0.0,g
7028,Arrowrotmjöl,DPA (C22:5),Mjöl stärkelse kli,0.0,g
7028,Arrowrotmjöl,EPA (C20:5),Mjöl stärkelse kli,0.0,g
7028,Arrowrotmjöl,Arakidonsyra C20:4,Mjöl stärkelse kli,0.0,g
7028,Arrowrotmjöl,Arakidinsyra C20:0,Mjöl stärkelse kli,0.0,g
7028,Arrowrotmjöl,Linolensyra C18:3,Mjöl stärkelse kli,0.0,g
7028,Arrowrotmjöl,Linolsyra C18:2,Mjöl stärkelse kli,0.0,g
7028,Arrowrotmjöl,Oljesyra C18:1,Mjöl stärkelse kli,0.0,g
7028,Arrowrotmjöl,Stearinsyra C18:0,Mjöl stärkelse kli,0.0,g
7028,Arrowrotmjöl,Palmitoljesyra C16:1,Mjöl stärkelse kli,0.0,g
7028,Arrowrotmjöl,Palmitinsyra C16:0,Mjöl stärkelse kli,0.0,g
7028,Arrowrotmjöl,Myristinsyra C14:0,Mjöl stärkelse kli,0.0,g
7028,Arrowrotmjöl,Laurinsyra C12:0,Mjöl stärkelse kli,0.0,g
7028,Arrowrotmjöl,Betakaroten/β-Karoten,Mjöl stärkelse kli,0.0,µg
7028,Arrowrotmjöl,Avfall (skal etc.),Mjöl stärkelse kli,0.0,%
7028,Arrowrotmjöl,Aska,Mjöl stärkelse kli,0.5,g
7028,Arrowrotmjöl,Alkohol,Mjöl stärkelse kli,0.0,g
7029,Vinblad konserv.,"Zink, Zn",Grönsaker,0.4,mg
7029,Vinblad konserv.,Vitamin E,Grönsaker,1.8,mg
7029,Vinblad konserv.,Vitamin D inkl 25-OH-D3,Grönsaker,0.0,µg
7029,Vinblad konserv.,Vitamin D,Grönsaker,0.0,µg
7029,Vinblad konserv.,Vitamin C,Grönsaker,11.3,mg
7029,Vinblad konserv.,Vitamin B6,Grönsaker,0.14,mg
7029,Vinblad konserv.,Vitamin B12,Grönsaker,0.0,µg
7029,Vinblad konserv.,Vitamin A,Grönsaker,262.9,RE/µg
7029,Vinblad konserv.,Vatten,Grönsaker,76.1,g
7029,Vinblad konserv.,Tiamin,Grönsaker,0.06,mg
7029,Vinblad konserv.,Tillsatt socker,Grönsaker,0.0,g
7029,Vinblad konserv.,Fritt socker,Grönsaker,0.0,g
7029,Vinblad konserv.,"Selen, Se",Grönsaker,0.9,µg
7029,Vinblad konserv.,Sackaros,Grönsaker,0.1,g
7029,Vinblad konserv.,Riboflavin,Grönsaker,0.36,mg
7029,Vinblad konserv.,Retinol,Grönsaker,0.0,µg
7029,Vinblad konserv.,Protein,Grönsaker,4.3,g
7029,Vinblad konserv.,Summa fleromättade fettsyror,Grönsaker,1.0,g
7029,Vinblad konserv.,"Fosfor, P",Grönsaker,34.0,mg
7029,Vinblad konserv.,Niacinekvivalenter,Grönsaker,5.2,NE/mg
7029,Vinblad konserv.,Niacin,Grönsaker,4.5,mg
7029,Vinblad konserv.,"Salt, NaCl",Grönsaker,7.1,g
7029,Vinblad konserv.,"Natrium, Na",Grönsaker,2850.0,mg
7029,Vinblad konserv.,Monosackarider,Grönsaker,1.7,g
7029,Vinblad konserv.,"Sockerarter, totalt",Grönsaker,1.8,g
7029,Vinblad konserv.,Summa enkelomättade fettsyror,Grönsaker,0.1,g
7029,Vinblad konserv.,"Magnesium, Mg",Grönsaker,14.0,mg
7029,Vinblad konserv.,Summa mättade fettsyror,Grönsaker,0.3,g
7029,Vinblad konserv.,"Kolhydrater, tillgängliga",Grönsaker,1.8,g
7029,Vinblad konserv.,Kolesterol,Grönsaker,0.0,mg
7029,Vinblad konserv.,"Kalium, K",Grönsaker,29.0,mg
7029,Vinblad konserv.,Fullkorn totalt,Grönsaker,0.0,g
7029,Vinblad konserv.,"Folat, totalt",Grönsaker,78.0,µg
7029,Vinblad konserv.,Fibrer,Grönsaker,9.9,g
7029,Vinblad konserv.,"Fett, totalt",Grönsaker,2.0,g
7029,Vinblad konserv.,"Järn, Fe",Grönsaker,3.0,mg
7029,Vinblad konserv.,Energi (kJ),Grönsaker,255.0,kJ
7029,Vinblad konserv.,Energi (kcal),Grönsaker,61.0,kcal
7029,Vinblad konserv.,Disackarider,Grönsaker,0.1,g
7029,Vinblad konserv.,"Kalcium, Ca",Grönsaker,289.0,mg
7029,Vinblad konserv.,Fettsyra 4:0-10:0,Grönsaker,0.0,g
7029,Vinblad konserv.,Arakidinsyra C20:0,Grönsaker,0.0,g
7029,Vinblad konserv.,Linolensyra C18:3,Grönsaker,0.8,g
7029,Vinblad konserv.,Linolsyra C18:2,Grönsaker,0.1,g
7029,Vinblad konserv.,Oljesyra C18:1,Grönsaker,0.0,g
7029,Vinblad konserv.,Stearinsyra C18:0,Grönsaker,0.0,g
7029,Vinblad konserv.,Palmitoljesyra C16:1,Grönsaker,0.0,g
7029,Vinblad konserv.,Palmitinsyra C16:0,Grönsaker,0.2,g
7029,Vinblad konserv.,Myristinsyra C14:0,Grönsaker,0.0,g
7029,Vinblad konserv.,Betakaroten/β-Karoten,Grönsaker,2840.0,µg
7029,Vinblad konserv.,Avfall (skal etc.),Grönsaker,0.0,%
7029,Vinblad konserv.,Aska,Grönsaker,6.0,g
7029,Vinblad konserv.,Alkohol,Grönsaker,0.0,g
7030,Hampamjöl avfettat,"Zink, Zn",Mjöl stärkelse kli,7.1,mg
7030,Hampamjöl avfettat,Vitamin E,Mjöl stärkelse kli,0.0,mg
7030,Hampamjöl avfettat,Vitamin D inkl 25-OH-D3,Mjöl stärkelse kli,0.0,µg
7030,Hampamjöl avfettat,Vitamin D,Mjöl stärkelse kli,0.0,µg
7030,Hampamjöl avfettat,Vitamin C,Mjöl stärkelse kli,0.0,mg
7030,Hampamjöl avfettat,Vitamin B6,Mjöl stärkelse kli,0.37,mg
7030,Hampamjöl avfettat,Vitamin B12,Mjöl stärkelse kli,0.0,µg
7030,Hampamjöl avfettat,Vitamin A,Mjöl stärkelse kli,2.2,RE/µg
7030,Hampamjöl avfettat,Vatten,Mjöl stärkelse kli,8.2,g
7030,Hampamjöl avfettat,Tiamin,Mjöl stärkelse kli,0.85,mg
7030,Hampamjöl avfettat,Tillsatt socker,Mjöl stärkelse kli,0.0,g
7030,Hampamjöl avfettat,Fritt socker,Mjöl stärkelse kli,0.0,g
7030,Hampamjöl avfettat,"Selen, Se",Mjöl stärkelse kli,5.0,µg
7030,Hampamjöl avfettat,Sackaros,Mjöl stärkelse kli,1.4,g
7030,Hampamjöl avfettat,Riboflavin,Mjöl stärkelse kli,0.22,mg
7030,Hampamjöl avfettat,Retinol,Mjöl stärkelse kli,0.0,µg
7030,Hampamjöl avfettat,Protein,Mjöl stärkelse kli,22.3,g
7030,Hampamjöl avfettat,Summa fleromättade fettsyror,Mjöl stärkelse kli,8.2,g
7030,Hampamjöl avfettat,"Fosfor, P",Mjöl stärkelse kli,940.0,mg
7030,Hampamjöl avfettat,Niacinekvivalenter,Mjöl stärkelse kli,6.6,NE/mg
7030,Hampamjöl avfettat,Niacin,Mjöl stärkelse kli,2.9,mg
7030,Hampamjöl avfettat,"Salt, NaCl",Mjöl stärkelse kli,0.0,g
7030,Hampamjöl avfettat,"Natrium, Na",Mjöl stärkelse kli,7.0,mg
7030,Hampamjöl avfettat,Monosackarider,Mjöl stärkelse kli,1.2,g
7030,Hampamjöl avfettat,"Sockerarter, totalt",Mjöl stärkelse kli,2.6,g
7030,Hampamjöl avfettat,Summa enkelomättade fettsyror,Mjöl stärkelse kli,1.3,g
7030,Hampamjöl avfettat,"Magnesium, Mg",Mjöl stärkelse kli,450.0,mg
7030,Hampamjöl avfettat,Summa mättade fettsyror,Mjöl stärkelse kli,1.2,g
7030,Hampamjöl avfettat,"Kolhydrater, tillgängliga",Mjöl stärkelse kli,3.8,g
7030,Hampamjöl avfettat,Kolesterol,Mjöl stärkelse kli,0.0,mg
7030,Hampamjöl avfettat,"Kalium, K",Mjöl stärkelse kli,880.0,mg
7030,Hampamjöl avfettat,"Jod, I",Mjöl stärkelse kli,1.9,µg
7030,Hampamjöl avfettat,Fullkorn totalt,Mjöl stärkelse kli,0.0,g
7030,Hampamjöl avfettat,"Folat, totalt",Mjöl stärkelse kli,120.0,µg
7030,Hampamjöl avfettat,Fibrer,Mjöl stärkelse kli,49.4,g
7030,Hampamjöl avfettat,"Fett, totalt",Mjöl stärkelse kli,11.1,g
7030,Hampamjöl avfettat,"Järn, Fe",Mjöl stärkelse kli,15.5,mg
7030,Hampamjöl avfettat,Energi (kJ),Mjöl stärkelse kli,1249.0,kJ
7030,Hampamjöl avfettat,Energi (kcal),Mjöl stärkelse kli,298.0,kcal
7030,Hampamjöl avfettat,Disackarider,Mjöl stärkelse kli,1.4,g
7030,Hampamjöl avfettat,"Kalcium, Ca",Mjöl stärkelse kli,117.0,mg
7030,Hampamjöl avfettat,Fettsyra 4:0-10:0,Mjöl stärkelse kli,0.0,g
7030,Hampamjöl avfettat,DHA (C22:6),Mjöl stärkelse kli,0.0,g
7030,Hampamjöl avfettat,DPA (C22:5),Mjöl stärkelse kli,0.0,g
7030,Hampamjöl avfettat,EPA (C20:5),Mjöl stärkelse kli,0.0,g
7030,Hampamjöl avfettat,Arakidonsyra C20:4,Mjöl stärkelse kli,0.0,g
7030,Hampamjöl avfettat,Arakidinsyra C20:0,Mjöl stärkelse kli,0.1,g
7030,Hampamjöl avfettat,Linolensyra C18:3,Mjöl stärkelse kli,2.2,g
7030,Hampamjöl avfettat,Linolsyra C18:2,Mjöl stärkelse kli,6.0,g
7030,Hampamjöl avfettat,Oljesyra C18:1,Mjöl stärkelse kli,1.2,g
7030,Hampamjöl avfettat,Stearinsyra C18:0,Mjöl stärkelse kli,0.3,g
7030,Hampamjöl avfettat,Palmitoljesyra C16:1,Mjöl stärkelse kli,0.0,g
7030,Hampamjöl avfettat,Palmitinsyra C16:0,Mjöl stärkelse kli,0.8,g
7030,Hampamjöl avfettat,Myristinsyra C14:0,Mjöl stärkelse kli,0.0,g
7030,Hampamjöl avfettat,Laurinsyra C12:0,Mjöl stärkelse kli,0.0,g
7030,Hampamjöl avfettat,Betakaroten/β-Karoten,Mjöl stärkelse kli,26.0,µg
7030,Hampamjöl avfettat,Avfall (skal etc.),Mjöl stärkelse kli,0.0,%
7030,Hampamjöl avfettat,Aska,Mjöl stärkelse kli,5.2,g
7030,Hampamjöl avfettat,Alkohol,Mjöl stärkelse kli,0.0,g
7031,Kakaosmör,"Zink, Zn","Övrigt fett (ister, talg, kokosfett)",0.0,mg
7031,Kakaosmör,Vitamin E,"Övrigt fett (ister, talg, kokosfett)",0.5,mg
7031,Kakaosmör,Vitamin D inkl 25-OH-D3,"Övrigt fett (ister, talg, kokosfett)",0.0,µg
7031,Kakaosmör,Vitamin D,"Övrigt fett (ister, talg, kokosfett)",0.0,µg
7031,Kakaosmör,Vitamin C,"Övrigt fett (ister, talg, kokosfett)",0.0,mg
7031,Kakaosmör,Vitamin B6,"Övrigt fett (ister, talg, kokosfett)",0.0,mg
7031,Kakaosmör,Vitamin B12,"Övrigt fett (ister, talg, kokosfett)",0.0,µg
7031,Kakaosmör,Vitamin A,"Övrigt fett (ister, talg, kokosfett)",0.0,RE/µg
7031,Kakaosmör,Vatten,"Övrigt fett (ister, talg, kokosfett)",0.2,g
7031,Kakaosmör,Tiamin,"Övrigt fett (ister, talg, kokosfett)",0.0,mg
7031,Kakaosmör,Tillsatt socker,"Övrigt fett (ister, talg, kokosfett)",0.0,g
7031,Kakaosmör,Fritt socker,"Övrigt fett (ister, talg, kokosfett)",0.0,g
7031,Kakaosmör,"Selen, Se","Övrigt fett (ister, talg, kokosfett)",0.0,µg
7031,Kakaosmör,Sackaros,"Övrigt fett (ister, talg, kokosfett)",0.0,g
7031,Kakaosmör,Riboflavin,"Övrigt fett (ister, talg, kokosfett)",0.0,mg
7031,Kakaosmör,Retinol,"Övrigt fett (ister, talg, kokosfett)",0.0,µg
7031,Kakaosmör,Protein,"Övrigt fett (ister, talg, kokosfett)",0.0,g
7031,Kakaosmör,Summa fleromättade fettsyror,"Övrigt fett (ister, talg, kokosfett)",2.9,g
7031,Kakaosmör,"Fosfor, P","Övrigt fett (ister, talg, kokosfett)",1.0,mg
7031,Kakaosmör,Niacinekvivalenter,"Övrigt fett (ister, talg, kokosfett)",0.0,NE/mg
7031,Kakaosmör,Niacin,"Övrigt fett (ister, talg, kokosfett)",0.0,mg
7031,Kakaosmör,"Salt, NaCl","Övrigt fett (ister, talg, kokosfett)",0.0,g
7031,Kakaosmör,"Natrium, Na","Övrigt fett (ister, talg, kokosfett)",0.0,mg
7031,Kakaosmör,Monosackarider,"Övrigt fett (ister, talg, kokosfett)",0.0,g
7031,Kakaosmör,"Sockerarter, totalt","Övrigt fett (ister, talg, kokosfett)",0.0,g
7031,Kakaosmör,Summa enkelomättade fettsyror,"Övrigt fett (ister, talg, kokosfett)",32.8,g
7031,Kakaosmör,"Magnesium, Mg","Övrigt fett (ister, talg, kokosfett)",0.0,mg
7031,Kakaosmör,Summa mättade fettsyror,"Övrigt fett (ister, talg, kokosfett)",58.7,g
7031,Kakaosmör,"Kolhydrater, tillgängliga","Övrigt fett (ister, talg, kokosfett)",0.0,g
7031,Kakaosmör,Kolesterol,"Övrigt fett (ister, talg, kokosfett)",3.0,mg
7031,Kakaosmör,"Kalium, K","Övrigt fett (ister, talg, kokosfett)",0.0,mg
7031,Kakaosmör,"Jod, I","Övrigt fett (ister, talg, kokosfett)",0.0,µg
7031,Kakaosmör,Fullkorn totalt,"Övrigt fett (ister, talg, kokosfett)",0.0,g
7031,Kakaosmör,"Folat, totalt","Övrigt fett (ister, talg, kokosfett)",0.0,µg
7031,Kakaosmör,Fibrer,"Övrigt fett (ister, talg, kokosfett)",0.0,g
7031,Kakaosmör,"Fett, totalt","Övrigt fett (ister, talg, kokosfett)",100.0,g
7031,Kakaosmör,"Järn, Fe","Övrigt fett (ister, talg, kokosfett)",0.0,mg
7031,Kakaosmör,Energi (kJ),"Övrigt fett (ister, talg, kokosfett)",3700.0,kJ
7031,Kakaosmör,Energi (kcal),"Övrigt fett (ister, talg, kokosfett)",884.0,kcal
7031,Kakaosmör,Disackarider,"Övrigt fett (ister, talg, kokosfett)",0.0,g
7031,Kakaosmör,"Kalcium, Ca","Övrigt fett (ister, talg, kokosfett)",0.0,mg
7031,Kakaosmör,Fettsyra 4:0-10:0,"Övrigt fett (ister, talg, kokosfett)",0.0,g
7031,Kakaosmör,DHA (C22:6),"Övrigt fett (ister, talg, kokosfett)",0.0,g
7031,Kakaosmör,DPA (C22:5),"Övrigt fett (ister, talg, kokosfett)",0.0,g
7031,Kakaosmör,EPA (C20:5),"Övrigt fett (ister, talg, kokosfett)",0.0,g
7031,Kakaosmör,Arakidonsyra C20:4,"Övrigt fett (ister, talg, kokosfett)",0.0,g
7031,Kakaosmör,Arakidinsyra C20:0,"Övrigt fett (ister, talg, kokosfett)",0.0,g
7031,Kakaosmör,Linolensyra C18:3,"Övrigt fett (ister, talg, kokosfett)",0.1,g
7031,Kakaosmör,Linolsyra C18:2,"Övrigt fett (ister, talg, kokosfett)",2.8,g
7031,Kakaosmör,Oljesyra C18:1,"Övrigt fett (ister, talg, kokosfett)",32.6,g
7031,Kakaosmör,Stearinsyra C18:0,"Övrigt fett (ister, talg, kokosfett)",33.2,g
7031,Kakaosmör,Palmitoljesyra C16:1,"Övrigt fett (ister, talg, kokosfett)",0.2,g
7031,Kakaosmör,Palmitinsyra C16:0,"Övrigt fett (ister, talg, kokosfett)",25.4,g
7031,Kakaosmör,Myristinsyra C14:0,"Övrigt fett (ister, talg, kokosfett)",0.1,g
7031,Kakaosmör,Laurinsyra C12:0,"Övrigt fett (ister, talg, kokosfett)",0.0,g
7031,Kakaosmör,Betakaroten/β-Karoten,"Övrigt fett (ister, talg, kokosfett)",0.0,µg
7031,Kakaosmör,Avfall (skal etc.),"Övrigt fett (ister, talg, kokosfett)",0.0,%
7031,Kakaosmör,Aska,"Övrigt fett (ister, talg, kokosfett)",0.0,g
7031,Kakaosmör,Alkohol,"Övrigt fett (ister, talg, kokosfett)",0.0,g
7032,Röd pepparsås,"Zink, Zn","Senap ketchup HP-sås soja ""smaksättare""",0.2,mg
7032,Röd pepparsås,Vitamin E,"Senap ketchup HP-sås soja ""smaksättare""",0.0,mg
7032,Röd pepparsås,Vitamin D inkl 25-OH-D3,"Senap ketchup HP-sås soja ""smaksättare""",0.0,µg
7032,Röd pepparsås,Vitamin D,"Senap ketchup HP-sås soja ""smaksättare""",0.0,µg
7032,Röd pepparsås,Vitamin C,"Senap ketchup HP-sås soja ""smaksättare""",4.5,mg
7032,Röd pepparsås,Vitamin B6,"Senap ketchup HP-sås soja ""smaksättare""",0.15,mg
7032,Röd pepparsås,Vitamin B12,"Senap ketchup HP-sås soja ""smaksättare""",0.0,µg
7032,Röd pepparsås,Vitamin A,"Senap ketchup HP-sås soja ""smaksättare""",82.0,RE/µg
7032,Röd pepparsås,Vatten,"Senap ketchup HP-sås soja ""smaksättare""",95.2,g
7032,Röd pepparsås,Tiamin,"Senap ketchup HP-sås soja ""smaksättare""",0.03,mg
7032,Röd pepparsås,Tillsatt socker,"Senap ketchup HP-sås soja ""smaksättare""",0.0,g
7032,Röd pepparsås,Fritt socker,"Senap ketchup HP-sås soja ""smaksättare""",0.0,g
7032,Röd pepparsås,"Selen, Se","Senap ketchup HP-sås soja ""smaksättare""",0.5,µg
7032,Röd pepparsås,Sackaros,"Senap ketchup HP-sås soja ""smaksättare""",0.0,g
7032,Röd pepparsås,Riboflavin,"Senap ketchup HP-sås soja ""smaksättare""",0.08,mg
7032,Röd pepparsås,Retinol,"Senap ketchup HP-sås soja ""smaksättare""",0.0,µg
7032,Röd pepparsås,Protein,"Senap ketchup HP-sås soja ""smaksättare""",12.9,g
7032,Röd pepparsås,Summa fleromättade fettsyror,"Senap ketchup HP-sås soja ""smaksättare""",0.4,g
7032,Röd pepparsås,"Fosfor, P","Senap ketchup HP-sås soja ""smaksättare""",23.0,mg
7032,Röd pepparsås,Niacinekvivalenter,"Senap ketchup HP-sås soja ""smaksättare""",2.3,NE/mg
7032,Röd pepparsås,Niacin,"Senap ketchup HP-sås soja ""smaksättare""",0.18,mg
7032,Röd pepparsås,"Salt, NaCl","Senap ketchup HP-sås soja ""smaksättare""",1.6,g
7032,Röd pepparsås,"Natrium, Na","Senap ketchup HP-sås soja ""smaksättare""",633.0,mg
7032,Röd pepparsås,Monosackarider,"Senap ketchup HP-sås soja ""smaksättare""",0.1,g
7032,Röd pepparsås,"Sockerarter, totalt","Senap ketchup HP-sås soja ""smaksättare""",0.1,g
7032,Röd pepparsås,Summa enkelomättade fettsyror,"Senap ketchup HP-sås soja ""smaksättare""",0.1,g
7032,Röd pepparsås,"Magnesium, Mg","Senap ketchup HP-sås soja ""smaksättare""",12.0,mg
7032,Röd pepparsås,Summa mättade fettsyror,"Senap ketchup HP-sås soja ""smaksättare""",0.1,g
7032,Röd pepparsås,"Kolhydrater, tillgängliga","Senap ketchup HP-sås soja ""smaksättare""",0.0,g
7032,Röd pepparsås,Kolesterol,"Senap ketchup HP-sås soja ""smaksättare""",0.0,mg
7032,Röd pepparsås,"Kalium, K","Senap ketchup HP-sås soja ""smaksättare""",123.0,mg
7032,Röd pepparsås,"Jod, I","Senap ketchup HP-sås soja ""smaksättare""",0.0,µg
7032,Röd pepparsås,Fullkorn totalt,"Senap ketchup HP-sås soja ""smaksättare""",0.0,g
7032,Röd pepparsås,"Folat, totalt","Senap ketchup HP-sås soja ""smaksättare""",1.0,µg
7032,Röd pepparsås,Fibrer,"Senap ketchup HP-sås soja ""smaksättare""",0.6,g
7032,Röd pepparsås,"Fett, totalt","Senap ketchup HP-sås soja ""smaksättare""",0.8,g
7032,Röd pepparsås,"Järn, Fe","Senap ketchup HP-sås soja ""smaksättare""",1.2,mg
7032,Röd pepparsås,Energi (kJ),"Senap ketchup HP-sås soja ""smaksättare""",252.0,kJ
7032,Röd pepparsås,Energi (kcal),"Senap ketchup HP-sås soja ""smaksättare""",60.0,kcal
7032,Röd pepparsås,Disackarider,"Senap ketchup HP-sås soja ""smaksättare""",0.0,g
7032,Röd pepparsås,"Kalcium, Ca","Senap ketchup HP-sås soja ""smaksättare""",12.0,mg
7032,Röd pepparsås,Fettsyra 4:0-10:0,"Senap ketchup HP-sås soja ""smaksättare""",0.0,g
7032,Röd pepparsås,DHA (C22:6),"Senap ketchup HP-sås soja ""smaksättare""",0.0,g
7032,Röd pepparsås,DPA (C22:5),"Senap ketchup HP-sås soja ""smaksättare""",0.0,g
7032,Röd pepparsås,EPA (C20:5),"Senap ketchup HP-sås soja ""smaksättare""",0.0,g
7032,Röd pepparsås,Arakidonsyra C20:4,"Senap ketchup HP-sås soja ""smaksättare""",0.0,g
7032,Röd pepparsås,Arakidinsyra C20:0,"Senap ketchup HP-sås soja ""smaksättare""",0.0,g
7032,Röd pepparsås,Linolensyra C18:3,"Senap ketchup HP-sås soja ""smaksättare""",0.0,g
7032,Röd pepparsås,Linolsyra C18:2,"Senap ketchup HP-sås soja ""smaksättare""",0.4,g
7032,Röd pepparsås,Oljesyra C18:1,"Senap ketchup HP-sås soja ""smaksättare""",0.1,g
7032,Röd pepparsås,Stearinsyra C18:0,"Senap ketchup HP-sås soja ""smaksättare""",0.0,g
7032,Röd pepparsås,Palmitoljesyra C16:1,"Senap ketchup HP-sås soja ""smaksättare""",0.0,g
7032,Röd pepparsås,Palmitinsyra C16:0,"Senap ketchup HP-sås soja ""smaksättare""",0.1,g
7032,Röd pepparsås,Myristinsyra C14:0,"Senap ketchup HP-sås soja ""smaksättare""",0.0,g
7032,Röd pepparsås,Laurinsyra C12:0,"Senap ketchup HP-sås soja ""smaksättare""",0.0,g
7032,Röd pepparsås,Betakaroten/β-Karoten,"Senap ketchup HP-sås soja ""smaksättare""",919.0,µg
7032,Röd pepparsås,Avfall (skal etc.),"Senap ketchup HP-sås soja ""smaksättare""",0.0,%
7032,Röd pepparsås,Aska,"Senap ketchup HP-sås soja ""smaksättare""",2.0,g
7032,Röd pepparsås,Alkohol,"Senap ketchup HP-sås soja ""smaksättare""",0.0,g
7034,Shiitakesvamp,"Zink, Zn",Svamp,0.8,mg
7034,Shiitakesvamp,Vitamin E,Svamp,0.0,mg
7034,Shiitakesvamp,Vitamin D inkl 25-OH-D3,Svamp,0.1,µg
7034,Shiitakesvamp,Vitamin D,Svamp,0.1,µg
7034,Shiitakesvamp,Vitamin C,Svamp,2.1,mg
7034,Shiitakesvamp,Vitamin B6,Svamp,0.06,mg
7034,Shiitakesvamp,Vitamin B12,Svamp,0.0,µg
7034,Shiitakesvamp,Vitamin A,Svamp,0.0,RE/µg
7034,Shiitakesvamp,Vatten,Svamp,93.6,g
7034,Shiitakesvamp,Tiamin,Svamp,0.05,mg
7034,Shiitakesvamp,Tillsatt socker,Svamp,0.0,g
7034,Shiitakesvamp,Fritt socker,Svamp,0.0,g
7034,Shiitakesvamp,"Selen, Se",Svamp,0.3,µg
7034,Shiitakesvamp,Sackaros,Svamp,0.0,g
7034,Shiitakesvamp,Riboflavin,Svamp,0.15,mg
7034,Shiitakesvamp,Retinol,Svamp,0.0,µg
7034,Shiitakesvamp,Protein,Svamp,1.8,g
7034,Shiitakesvamp,Summa fleromättade fettsyror,Svamp,0.0,g
7034,Shiitakesvamp,"Fosfor, P",Svamp,73.0,mg
7034,Shiitakesvamp,Niacinekvivalenter,Svamp,2.9,NE/mg
7034,Shiitakesvamp,Niacin,Svamp,2.6,mg
7034,Shiitakesvamp,"Salt, NaCl",Svamp,0.0,g
7034,Shiitakesvamp,"Natrium, Na",Svamp,1.0,mg
7034,Shiitakesvamp,Monosackarider,Svamp,2.5,g
7034,Shiitakesvamp,"Sockerarter, totalt",Svamp,2.5,g
7034,Shiitakesvamp,Summa enkelomättade fettsyror,Svamp,0.0,g
7034,Shiitakesvamp,"Magnesium, Mg",Svamp,13.0,mg
7034,Shiitakesvamp,Summa mättade fettsyror,Svamp,0.0,g
7034,Shiitakesvamp,"Kolhydrater, tillgängliga",Svamp,0.5,g
7034,Shiitakesvamp,Kolesterol,Svamp,0.0,mg
7034,Shiitakesvamp,"Kalium, K",Svamp,224.0,mg
7034,Shiitakesvamp,"Jod, I",Svamp,3.0,µg
7034,Shiitakesvamp,Fullkorn totalt,Svamp,0.0,g
7034,Shiitakesvamp,"Folat, totalt",Svamp,25.0,µg
7034,Shiitakesvamp,Fibrer,Svamp,3.3,g
7034,Shiitakesvamp,"Fett, totalt",Svamp,0.3,g
7034,Shiitakesvamp,"Järn, Fe",Svamp,0.3,mg
7034,Shiitakesvamp,Energi (kJ),Svamp,77.0,kJ
7034,Shiitakesvamp,Energi (kcal),Svamp,18.0,kcal
7034,Shiitakesvamp,Disackarider,Svamp,0.0,g
7034,Shiitakesvamp,"Kalcium, Ca",Svamp,0.0,mg
7034,Shiitakesvamp,Fettsyra 4:0-10:0,Svamp,0.0,g
7034,Shiitakesvamp,DHA (C22:6),Svamp,0.0,g
7034,Shiitakesvamp,DPA (C22:5),Svamp,0.0,g
7034,Shiitakesvamp,EPA (C20:5),Svamp,0.0,g
7034,Shiitakesvamp,Arakidonsyra C20:4,Svamp,0.0,g
7034,Shiitakesvamp,Arakidinsyra C20:0,Svamp,0.0,g
7034,Shiitakesvamp,Linolensyra C18:3,Svamp,0.0,g
7034,Shiitakesvamp,Linolsyra C18:2,Svamp,0.0,g
7034,Shiitakesvamp,Oljesyra C18:1,Svamp,0.0,g
7034,Shiitakesvamp,Stearinsyra C18:0,Svamp,0.0,g
7034,Shiitakesvamp,Palmitoljesyra C16:1,Svamp,0.0,g
7034,Shiitakesvamp,Palmitinsyra C16:0,Svamp,0.0,g
7034,Shiitakesvamp,Myristinsyra C14:0,Svamp,0.0,g
7034,Shiitakesvamp,Laurinsyra C12:0,Svamp,0.0,g
7034,Shiitakesvamp,Betakaroten/β-Karoten,Svamp,0.0,µg
7034,Shiitakesvamp,Avfall (skal etc.),Svamp,11.0,%
7034,Shiitakesvamp,Aska,Svamp,0.5,g
7034,Shiitakesvamp,Alkohol,Svamp,0.0,g
7035,Ostronskivling,"Zink, Zn",Svamp,0.7,mg
7035,Ostronskivling,Vitamin E,Svamp,0.0,mg
7035,Ostronskivling,Vitamin D inkl 25-OH-D3,Svamp,0.0,µg
7035,Ostronskivling,Vitamin D,Svamp,0.0,µg
7035,Ostronskivling,Vitamin C,Svamp,1.6,mg
7035,Ostronskivling,Vitamin B6,Svamp,0.06,mg
7035,Ostronskivling,Vitamin B12,Svamp,0.0,µg
7035,Ostronskivling,Vitamin A,Svamp,0.0,RE/µg
7035,Ostronskivling,Vatten,Svamp,92.0,g
7035,Ostronskivling,Tiamin,Svamp,0.07,mg
7035,Ostronskivling,Tillsatt socker,Svamp,0.0,g
7035,Ostronskivling,Fritt socker,Svamp,0.0,g
7035,Ostronskivling,"Selen, Se",Svamp,1.2,µg
7035,Ostronskivling,Sackaros,Svamp,0.0,g
7035,Ostronskivling,Riboflavin,Svamp,0.2,mg
7035,Ostronskivling,Retinol,Svamp,0.0,µg
7035,Ostronskivling,Protein,Svamp,2.0,g
7035,Ostronskivling,Summa fleromättade fettsyror,Svamp,0.0,g
7035,Ostronskivling,"Fosfor, P",Svamp,110.0,mg
7035,Ostronskivling,Niacinekvivalenter,Svamp,5.5,NE/mg
7035,Ostronskivling,Niacin,Svamp,5.2,mg
7035,Ostronskivling,"Salt, NaCl",Svamp,0.0,g
7035,Ostronskivling,"Natrium, Na",Svamp,0.0,mg
7035,Ostronskivling,Monosackarider,Svamp,2.6,g
7035,Ostronskivling,"Sockerarter, totalt",Svamp,2.6,g
7035,Ostronskivling,Summa enkelomättade fettsyror,Svamp,0.0,g
7035,Ostronskivling,"Magnesium, Mg",Svamp,16.0,mg
7035,Ostronskivling,Summa mättade fettsyror,Svamp,0.0,g
7035,Ostronskivling,"Kolhydrater, tillgängliga",Svamp,2.6,g
7035,Ostronskivling,Kolesterol,Svamp,0.0,mg
7035,Ostronskivling,"Kalium, K",Svamp,298.0,mg
7035,Ostronskivling,"Jod, I",Svamp,3.0,µg
7035,Ostronskivling,Fullkorn totalt,Svamp,0.0,g
7035,Ostronskivling,"Folat, totalt",Svamp,51.0,µg
7035,Ostronskivling,Fibrer,Svamp,2.4,g
7035,Ostronskivling,"Fett, totalt",Svamp,0.4,g
7035,Ostronskivling,"Järn, Fe",Svamp,0.4,mg
7035,Ostronskivling,Energi (kJ),Svamp,110.0,kJ
7035,Ostronskivling,Energi (kcal),Svamp,26.0,kcal
7035,Ostronskivling,Disackarider,Svamp,0.0,g
7035,Ostronskivling,"Kalcium, Ca",Svamp,0.0,mg
7035,Ostronskivling,Fettsyra 4:0-10:0,Svamp,0.0,g
7035,Ostronskivling,DHA (C22:6),Svamp,0.0,g
7035,Ostronskivling,DPA (C22:5),Svamp,0.0,g
7035,Ostronskivling,EPA (C20:5),Svamp,0.0,g
7035,Ostronskivling,Arakidonsyra C20:4,Svamp,0.0,g
7035,Ostronskivling,Arakidinsyra C20:0,Svamp,0.0,g
7035,Ostronskivling,Linolensyra C18:3,Svamp,0.0,g
7035,Ostronskivling,Linolsyra C18:2,Svamp,0.0,g
7035,Ostronskivling,Oljesyra C18:1,Svamp,0.0,g
7035,Ostronskivling,Stearinsyra C18:0,Svamp,0.0,g
7035,Ostronskivling,Palmitoljesyra C16:1,Svamp,0.0,g
7035,Ostronskivling,Palmitinsyra C16:0,Svamp,0.0,g
7035,Ostronskivling,Myristinsyra C14:0,Svamp,0.0,g
7035,Ostronskivling,Laurinsyra C12:0,Svamp,0.0,g
7035,Ostronskivling,Betakaroten/β-Karoten,Svamp,0.0,µg
7035,Ostronskivling,Avfall (skal etc.),Svamp,11.0,%
7035,Ostronskivling,Aska,Svamp,0.6,g
7035,Ostronskivling,Alkohol,Svamp,0.0,g
7042,Blåbär amerikanska,"Zink, Zn",Bär färska frysta,0.0,mg
7042,Blåbär amerikanska,Vitamin E,Bär färska frysta,1.8,mg
7042,Blåbär amerikanska,Vitamin D inkl 25-OH-D3,Bär färska frysta,0.0,µg
7042,Blåbär amerikanska,Vitamin D,Bär färska frysta,0.0,µg
7042,Blåbär amerikanska,Vitamin C,Bär färska frysta,15.6,mg
7042,Blåbär amerikanska,Vitamin B6,Bär färska frysta,0.06,mg
7042,Blåbär amerikanska,Vitamin B12,Bär färska frysta,0.0,µg
7042,Blåbär amerikanska,Vitamin A,Bär färska frysta,8.5,RE/µg
7042,Blåbär amerikanska,Vatten,Bär färska frysta,85.3,g
7042,Blåbär amerikanska,Tiamin,Bär färska frysta,0.13,mg
7042,Blåbär amerikanska,Tillsatt socker,Bär färska frysta,0.0,g
7042,Blåbär amerikanska,Fritt socker,Bär färska frysta,0.0,g
7042,Blåbär amerikanska,"Selen, Se",Bär färska frysta,10.0,µg
7042,Blåbär amerikanska,Sackaros,Bär färska frysta,0.0,g
7042,Blåbär amerikanska,Riboflavin,Bär färska frysta,0.01,mg
7042,Blåbär amerikanska,Retinol,Bär färska frysta,0.0,µg
7042,Blåbär amerikanska,Protein,Bär färska frysta,0.3,g
7042,Blåbär amerikanska,Summa fleromättade fettsyror,Bär färska frysta,0.0,g
7042,Blåbär amerikanska,"Fosfor, P",Bär färska frysta,10.0,mg
7042,Blåbär amerikanska,Niacinekvivalenter,Bär färska frysta,0.5,NE/mg
7042,Blåbär amerikanska,Niacin,Bär färska frysta,0.4,mg
7042,Blåbär amerikanska,"Salt, NaCl",Bär färska frysta,0.0,g
7042,Blåbär amerikanska,"Natrium, Na",Bär färska frysta,1.0,mg
7042,Blåbär amerikanska,Monosackarider,Bär färska frysta,12.3,g
7042,Blåbär amerikanska,"Sockerarter, totalt",Bär färska frysta,12.3,g
7042,Blåbär amerikanska,Summa enkelomättade fettsyror,Bär färska frysta,0.0,g
7042,Blåbär amerikanska,"Magnesium, Mg",Bär färska frysta,5.0,mg
7042,Blåbär amerikanska,Summa mättade fettsyror,Bär färska frysta,0.0,g
7042,Blåbär amerikanska,"Kolhydrater, tillgängliga",Bär färska frysta,10.6,g
7042,Blåbär amerikanska,Kolesterol,Bär färska frysta,0.0,mg
7042,Blåbär amerikanska,"Kalium, K",Bär färska frysta,71.0,mg
7042,Blåbär amerikanska,"Jod, I",Bär färska frysta,1.0,µg
7042,Blåbär amerikanska,Fullkorn totalt,Bär färska frysta,0.0,g
7042,Blåbär amerikanska,"Folat, totalt",Bär färska frysta,11.2,µg
7042,Blåbär amerikanska,Fibrer,Bär färska frysta,3.3,g
7042,Blåbär amerikanska,"Fett, totalt",Bär färska frysta,0.3,g
7042,Blåbär amerikanska,"Järn, Fe",Bär färska frysta,0.8,mg
7042,Blåbär amerikanska,Energi (kJ),Bär färska frysta,225.0,kJ
7042,Blåbär amerikanska,Energi (kcal),Bär färska frysta,54.0,kcal
7042,Blåbär amerikanska,Disackarider,Bär färska frysta,0.0,g
7042,Blåbär amerikanska,"Kalcium, Ca",Bär färska frysta,7.0,mg
7042,Blåbär amerikanska,Fettsyra 4:0-10:0,Bär färska frysta,0.0,g
7042,Blåbär amerikanska,DHA (C22:6),Bär färska frysta,0.0,g
7042,Blåbär amerikanska,DPA (C22:5),Bär färska frysta,0.0,g
7042,Blåbär amerikanska,EPA (C20:5),Bär färska frysta,0.0,g
7042,Blåbär amerikanska,Arakidonsyra C20:4,Bär färska frysta,0.0,g
7042,Blåbär amerikanska,Arakidinsyra C20:0,Bär färska frysta,0.0,g
7042,Blåbär amerikanska,Linolensyra C18:3,Bär färska frysta,0.0,g
7042,Blåbär amerikanska,Linolsyra C18:2,Bär färska frysta,0.0,g
7042,Blåbär amerikanska,Oljesyra C18:1,Bär färska frysta,0.0,g
7042,Blåbär amerikanska,Stearinsyra C18:0,Bär färska frysta,0.0,g
7042,Blåbär amerikanska,Palmitoljesyra C16:1,Bär färska frysta,0.0,g
7042,Blåbär amerikanska,Palmitinsyra C16:0,Bär färska frysta,0.0,g
7042,Blåbär amerikanska,Myristinsyra C14:0,Bär färska frysta,0.0,g
7042,Blåbär amerikanska,Laurinsyra C12:0,Bär färska frysta,0.0,g
7042,Blåbär amerikanska,Betakaroten/β-Karoten,Bär färska frysta,96.0,µg
7042,Blåbär amerikanska,Avfall (skal etc.),Bär färska frysta,0.0,%
7042,Blåbär amerikanska,Aska,Bär färska frysta,0.2,g
7042,Blåbär amerikanska,Alkohol,Bär färska frysta,0.0,g
7047,Odon,"Zink, Zn",Bär färska frysta,0.2,mg
7047,Odon,Vitamin E,Bär färska frysta,1.8,mg
7047,Odon,Vitamin D inkl 25-OH-D3,Bär färska frysta,0.0,µg
7047,Odon,Vitamin D,Bär färska frysta,0.0,µg
7047,Odon,Vitamin C,Bär färska frysta,26.2,mg
7047,Odon,Vitamin B6,Bär färska frysta,0.06,mg
7047,Odon,Vitamin B12,Bär färska frysta,0.0,µg
7047,Odon,Vitamin A,Bär färska frysta,8.5,RE/µg
7047,Odon,Vatten,Bär färska frysta,89.1,g
7047,Odon,Tiamin,Bär färska frysta,0.13,mg
7047,Odon,Tillsatt socker,Bär färska frysta,0.0,g
7047,Odon,Fritt socker,Bär färska frysta,0.0,g
7047,Odon,"Selen, Se",Bär färska frysta,10.0,µg
7047,Odon,Sackaros,Bär färska frysta,0.0,g
7047,Odon,Riboflavin,Bär färska frysta,0.01,mg
7047,Odon,Retinol,Bär färska frysta,0.0,µg
7047,Odon,Protein,Bär färska frysta,0.4,g
7047,Odon,Summa fleromättade fettsyror,Bär färska frysta,0.5,g
7047,Odon,"Fosfor, P",Bär färska frysta,11.0,mg
7047,Odon,Niacinekvivalenter,Bär färska frysta,0.5,NE/mg
7047,Odon,Niacin,Bär färska frysta,0.4,mg
7047,Odon,"Salt, NaCl",Bär färska frysta,0.0,g
7047,Odon,"Natrium, Na",Bär färska frysta,2.0,mg
7047,Odon,Monosackarider,Bär färska frysta,6.1,g
7047,Odon,"Sockerarter, totalt",Bär färska frysta,6.1,g
7047,Odon,Summa enkelomättade fettsyror,Bär färska frysta,0.1,g
7047,Odon,"Magnesium, Mg",Bär färska frysta,6.0,mg
7047,Odon,Summa mättade fettsyror,Bär färska frysta,0.0,g
7047,Odon,"Kolhydrater, tillgängliga",Bär färska frysta,7.2,g
7047,Odon,Kolesterol,Bär färska frysta,0.0,mg
7047,Odon,"Kalium, K",Bär färska frysta,84.0,mg
7047,Odon,"Jod, I",Bär färska frysta,1.5,µg
7047,Odon,Fullkorn totalt,Bär färska frysta,0.0,g
7047,Odon,"Folat, totalt",Bär färska frysta,11.2,µg
7047,Odon,Fibrer,Bär färska frysta,2.4,g
7047,Odon,"Fett, totalt",Bär färska frysta,0.7,g
7047,Odon,"Järn, Fe",Bär färska frysta,0.1,mg
7047,Odon,Energi (kJ),Bär färska frysta,175.0,kJ
7047,Odon,Energi (kcal),Bär färska frysta,42.0,kcal
7047,Odon,Disackarider,Bär färska frysta,0.0,g
7047,Odon,"Kalcium, Ca",Bär färska frysta,11.0,mg
7047,Odon,Fettsyra 4:0-10:0,Bär färska frysta,0.0,g
7047,Odon,DHA (C22:6),Bär färska frysta,0.0,g
7047,Odon,DPA (C22:5),Bär färska frysta,0.0,g
7047,Odon,EPA (C20:5),Bär färska frysta,0.0,g
7047,Odon,Arakidonsyra C20:4,Bär färska frysta,0.0,g
7047,Odon,Arakidinsyra C20:0,Bär färska frysta,0.0,g
7047,Odon,Linolensyra C18:3,Bär färska frysta,0.3,g
7047,Odon,Linolsyra C18:2,Bär färska frysta,0.2,g
7047,Odon,Oljesyra C18:1,Bär färska frysta,0.1,g
7047,Odon,Stearinsyra C18:0,Bär färska frysta,0.0,g
7047,Odon,Palmitoljesyra C16:1,Bär färska frysta,0.0,g
7047,Odon,Palmitinsyra C16:0,Bär färska frysta,0.0,g
7047,Odon,Myristinsyra C14:0,Bär färska frysta,0.0,g
7047,Odon,Laurinsyra C12:0,Bär färska frysta,0.0,g
7047,Odon,Betakaroten/β-Karoten,Bär färska frysta,96.0,µg
7047,Odon,Avfall (skal etc.),Bär färska frysta,0.0,%
7047,Odon,Aska,Bär färska frysta,0.2,g
7047,Odon,Alkohol,Bär färska frysta,0.0,g
7048,Rönnbär,"Zink, Zn",Bär färska frysta,0.2,mg
7048,Rönnbär,Vitamin E,Bär färska frysta,0.5,mg
7048,Rönnbär,Vitamin D inkl 25-OH-D3,Bär färska frysta,0.0,µg
7048,Rönnbär,Vitamin D,Bär färska frysta,0.0,µg
7048,Rönnbär,Vitamin C,Bär färska frysta,59.7,mg
7048,Rönnbär,Vitamin B6,Bär färska frysta,0.07,mg
7048,Rönnbär,Vitamin B12,Bär färska frysta,0.0,µg
7048,Rönnbär,Vitamin A,Bär färska frysta,217.9,RE/µg
7048,Rönnbär,Vatten,Bär färska frysta,77.6,g
7048,Rönnbär,Tiamin,Bär färska frysta,0.06,mg
7048,Rönnbär,Tillsatt socker,Bär färska frysta,0.0,g
7048,Rönnbär,Fritt socker,Bär färska frysta,0.0,g
7048,Rönnbär,"Selen, Se",Bär färska frysta,10.0,µg
7048,Rönnbär,Sackaros,Bär färska frysta,0.0,g
7048,Rönnbär,Riboflavin,Bär färska frysta,0.0,mg
7048,Rönnbär,Retinol,Bär färska frysta,0.0,µg
7048,Rönnbär,Protein,Bär färska frysta,1.1,g
7048,Rönnbär,Summa fleromättade fettsyror,Bär färska frysta,0.2,g
7048,Rönnbär,"Fosfor, P",Bär färska frysta,38.0,mg
7048,Rönnbär,Niacinekvivalenter,Bär färska frysta,0.7,NE/mg
7048,Rönnbär,Niacin,Bär färska frysta,0.5,mg
7048,Rönnbär,"Salt, NaCl",Bär färska frysta,0.0,g
7048,Rönnbär,"Natrium, Na",Bär färska frysta,1.0,mg
7048,Rönnbär,Monosackarider,Bär färska frysta,4.0,g
7048,Rönnbär,"Sockerarter, totalt",Bär färska frysta,4.0,g
7048,Rönnbär,Summa enkelomättade fettsyror,Bär färska frysta,0.0,g
7048,Rönnbär,"Magnesium, Mg",Bär färska frysta,26.0,mg
7048,Rönnbär,Summa mättade fettsyror,Bär färska frysta,0.0,g
7048,Rönnbär,"Kolhydrater, tillgängliga",Bär färska frysta,12.9,g
7048,Rönnbär,Kolesterol,Bär färska frysta,0.0,mg
7048,Rönnbär,"Kalium, K",Bär färska frysta,260.0,mg
7048,Rönnbär,"Jod, I",Bär färska frysta,1.0,µg
7048,Rönnbär,Fullkorn totalt,Bär färska frysta,0.0,g
7048,Rönnbär,"Folat, totalt",Bär färska frysta,10.0,µg
7048,Rönnbär,Fibrer,Bär färska frysta,6.5,g
7048,Rönnbär,"Fett, totalt",Bär färska frysta,1.2,g
7048,Rönnbär,"Järn, Fe",Bär färska frysta,0.5,mg
7048,Rönnbär,Energi (kJ),Bär färska frysta,334.0,kJ
7048,Rönnbär,Energi (kcal),Bär färska frysta,80.0,kcal
7048,Rönnbär,Disackarider,Bär färska frysta,0.0,g
7048,Rönnbär,"Kalcium, Ca",Bär färska frysta,53.0,mg
7048,Rönnbär,Fettsyra 4:0-10:0,Bär färska frysta,0.0,g
7048,Rönnbär,DHA (C22:6),Bär färska frysta,0.0,g
7048,Rönnbär,DPA (C22:5),Bär färska frysta,0.0,g
7048,Rönnbär,EPA (C20:5),Bär färska frysta,0.0,g
7048,Rönnbär,Arakidonsyra C20:4,Bär färska frysta,0.0,g
7048,Rönnbär,Arakidinsyra C20:0,Bär färska frysta,0.0,g
7048,Rönnbär,Linolensyra C18:3,Bär färska frysta,0.1,g
7048,Rönnbär,Linolsyra C18:2,Bär färska frysta,0.1,g
7048,Rönnbär,Oljesyra C18:1,Bär färska frysta,0.0,g
7048,Rönnbär,Stearinsyra C18:0,Bär färska frysta,0.0,g
7048,Rönnbär,Palmitoljesyra C16:1,Bär färska frysta,0.0,g
7048,Rönnbär,Palmitinsyra C16:0,Bär färska frysta,0.0,g
7048,Rönnbär,Myristinsyra C14:0,Bär färska frysta,0.0,g
7048,Rönnbär,Laurinsyra C12:0,Bär färska frysta,0.0,g
7048,Rönnbär,Betakaroten/β-Karoten,Bär färska frysta,1930.0,µg
7048,Rönnbär,Avfall (skal etc.),Bär färska frysta,0.0,%
7048,Rönnbär,Aska,Bär färska frysta,0.7,g
7048,Rönnbär,Alkohol,Bär färska frysta,0.0,g
7050,Aronia svart,"Zink, Zn",Bär färska frysta,0.1,mg
7050,Aronia svart,Vitamin E,Bär färska frysta,1.4,mg
7050,Aronia svart,Vitamin D inkl 25-OH-D3,Bär färska frysta,0.0,µg
7050,Aronia svart,Vitamin D,Bär färska frysta,0.0,µg
7050,Aronia svart,Vitamin C,Bär färska frysta,6.2,mg
7050,Aronia svart,Vitamin B6,Bär färska frysta,0.03,mg
7050,Aronia svart,Vitamin B12,Bär färska frysta,0.0,µg
7050,Aronia svart,Vitamin A,Bär färska frysta,144.8,RE/µg
7050,Aronia svart,Vatten,Bär färska frysta,84.5,g
7050,Aronia svart,Tiamin,Bär färska frysta,0.02,mg
7050,Aronia svart,Tillsatt socker,Bär färska frysta,0.0,g
7050,Aronia svart,Fritt socker,Bär färska frysta,0.0,g
7050,Aronia svart,"Selen, Se",Bär färska frysta,10.0,µg
7050,Aronia svart,Sackaros,Bär färska frysta,0.0,g
7050,Aronia svart,Riboflavin,Bär färska frysta,0.02,mg
7050,Aronia svart,Retinol,Bär färska frysta,0.0,µg
7050,Aronia svart,Protein,Bär färska frysta,0.4,g
7050,Aronia svart,Summa fleromättade fettsyror,Bär färska frysta,0.0,g
7050,Aronia svart,"Fosfor, P",Bär färska frysta,16.0,mg
7050,Aronia svart,Niacinekvivalenter,Bär färska frysta,0.4,NE/mg
7050,Aronia svart,Niacin,Bär färska frysta,0.3,mg
7050,Aronia svart,"Salt, NaCl",Bär färska frysta,0.0,g
7050,Aronia svart,"Natrium, Na",Bär färska frysta,1.0,mg
7050,Aronia svart,Monosackarider,Bär färska frysta,5.6,g
7050,Aronia svart,"Sockerarter, totalt",Bär färska frysta,5.6,g
7050,Aronia svart,Summa enkelomättade fettsyror,Bär färska frysta,0.0,g
7050,Aronia svart,"Magnesium, Mg",Bär färska frysta,14.0,mg
7050,Aronia svart,Summa mättade fettsyror,Bär färska frysta,0.0,g
7050,Aronia svart,"Kolhydrater, tillgängliga",Bär färska frysta,8.9,g
7050,Aronia svart,Kolesterol,Bär färska frysta,0.0,mg
7050,Aronia svart,"Kalium, K",Bär färska frysta,170.0,mg
7050,Aronia svart,"Jod, I",Bär färska frysta,1.5,µg
7050,Aronia svart,Fullkorn totalt,Bär färska frysta,0.0,g
7050,Aronia svart,"Folat, totalt",Bär färska frysta,6.6,µg
7050,Aronia svart,Fibrer,Bär färska frysta,5.2,g
7050,Aronia svart,"Fett, totalt",Bär färska frysta,0.6,g
7050,Aronia svart,"Järn, Fe",Bär färska frysta,0.2,mg
7050,Aronia svart,Energi (kJ),Bär färska frysta,223.0,kJ
7050,Aronia svart,Energi (kcal),Bär färska frysta,53.0,kcal
7050,Aronia svart,Disackarider,Bär färska frysta,0.0,g
7050,Aronia svart,"Kalcium, Ca",Bär färska frysta,21.0,mg
7050,Aronia svart,Fettsyra 4:0-10:0,Bär färska frysta,0.0,g
7050,Aronia svart,DHA (C22:6),Bär färska frysta,0.0,g
7050,Aronia svart,DPA (C22:5),Bär färska frysta,0.0,g
7050,Aronia svart,EPA (C20:5),Bär färska frysta,0.0,g
7050,Aronia svart,Arakidonsyra C20:4,Bär färska frysta,0.0,g
7050,Aronia svart,Arakidinsyra C20:0,Bär färska frysta,0.0,g
7050,Aronia svart,Linolensyra C18:3,Bär färska frysta,0.0,g
7050,Aronia svart,Linolsyra C18:2,Bär färska frysta,0.0,g
7050,Aronia svart,Oljesyra C18:1,Bär färska frysta,0.0,g
7050,Aronia svart,Stearinsyra C18:0,Bär färska frysta,0.0,g
7050,Aronia svart,Palmitoljesyra C16:1,Bär färska frysta,0.0,g
7050,Aronia svart,Palmitinsyra C16:0,Bär färska frysta,0.0,g
7050,Aronia svart,Myristinsyra C14:0,Bär färska frysta,0.0,g
7050,Aronia svart,Laurinsyra C12:0,Bär färska frysta,0.0,g
7050,Aronia svart,Betakaroten/β-Karoten,Bär färska frysta,1130.0,µg
7050,Aronia svart,Avfall (skal etc.),Bär färska frysta,0.0,%
7050,Aronia svart,Aska,Bär färska frysta,0.4,g
7050,Aronia svart,Alkohol,Bär färska frysta,0.0,g
7051,Aronia torkad pulver,"Zink, Zn",Frukt o bär torkade,0.7,mg
7051,Aronia torkad pulver,Vitamin E,Frukt o bär torkade,4.0,mg
7051,Aronia torkad pulver,Vitamin D inkl 25-OH-D3,Frukt o bär torkade,0.0,µg
7051,Aronia torkad pulver,Vitamin D,Frukt o bär torkade,0.0,µg
7051,Aronia torkad pulver,Vitamin C,Frukt o bär torkade,0.2,mg
7051,Aronia torkad pulver,Vitamin B6,Frukt o bär torkade,0.13,mg
7051,Aronia torkad pulver,Vitamin B12,Frukt o bär torkade,0.0,µg
7051,Aronia torkad pulver,Vitamin A,Frukt o bär torkade,2.9,RE/µg
7051,Aronia torkad pulver,Vatten,Frukt o bär torkade,6.7,g
7051,Aronia torkad pulver,Tiamin,Frukt o bär torkade,0.04,mg
7051,Aronia torkad pulver,Tillsatt socker,Frukt o bär torkade,0.0,g
7051,Aronia torkad pulver,Fritt socker,Frukt o bär torkade,0.0,g
7051,Aronia torkad pulver,"Selen, Se",Frukt o bär torkade,10.0,µg
7051,Aronia torkad pulver,Sackaros,Frukt o bär torkade,0.0,g
7051,Aronia torkad pulver,Riboflavin,Frukt o bär torkade,210.0,mg
7051,Aronia torkad pulver,Retinol,Frukt o bär torkade,0.0,µg
7051,Aronia torkad pulver,Protein,Frukt o bär torkade,5.1,g
7051,Aronia torkad pulver,Summa fleromättade fettsyror,Frukt o bär torkade,0.4,g
7051,Aronia torkad pulver,"Fosfor, P",Frukt o bär torkade,140.0,mg
7051,Aronia torkad pulver,Niacinekvivalenter,Frukt o bär torkade,6.9,NE/mg
7051,Aronia torkad pulver,Niacin,Frukt o bär torkade,6.1,mg
7051,Aronia torkad pulver,"Salt, NaCl",Frukt o bär torkade,0.0,g
7051,Aronia torkad pulver,"Natrium, Na",Frukt o bär torkade,2.0,mg
7051,Aronia torkad pulver,Monosackarider,Frukt o bär torkade,14.7,g
7051,Aronia torkad pulver,"Sockerarter, totalt",Frukt o bär torkade,14.7,g
7051,Aronia torkad pulver,Summa enkelomättade fettsyror,Frukt o bär torkade,1.7,g
7051,Aronia torkad pulver,"Magnesium, Mg",Frukt o bär torkade,62.0,mg
7051,Aronia torkad pulver,Summa mättade fettsyror,Frukt o bär torkade,0.2,g
7051,Aronia torkad pulver,"Kolhydrater, tillgängliga",Frukt o bär torkade,34.7,g
7051,Aronia torkad pulver,Kolesterol,Frukt o bär torkade,0.0,mg
7051,Aronia torkad pulver,"Kalium, K",Frukt o bär torkade,610.0,mg
7051,Aronia torkad pulver,"Jod, I",Frukt o bär torkade,0.0,µg
7051,Aronia torkad pulver,Fullkorn totalt,Frukt o bär torkade,0.0,g
7051,Aronia torkad pulver,"Folat, totalt",Frukt o bär torkade,0.0,µg
7051,Aronia torkad pulver,Fibrer,Frukt o bär torkade,49.1,g
7051,Aronia torkad pulver,"Fett, totalt",Frukt o bär torkade,2.4,g
7051,Aronia torkad pulver,"Järn, Fe",Frukt o bär torkade,6.1,mg
7051,Aronia torkad pulver,Energi (kJ),Frukt o bär torkade,1158.0,kJ
7051,Aronia torkad pulver,Energi (kcal),Frukt o bär torkade,277.0,kcal
7051,Aronia torkad pulver,Disackarider,Frukt o bär torkade,0.0,g
7051,Aronia torkad pulver,"Kalcium, Ca",Frukt o bär torkade,210.0,mg
7051,Aronia torkad pulver,Fettsyra 4:0-10:0,Frukt o bär torkade,0.0,g
7051,Aronia torkad pulver,DHA (C22:6),Frukt o bär torkade,0.0,g
7051,Aronia torkad pulver,DPA (C22:5),Frukt o bär torkade,0.0,g
7051,Aronia torkad pulver,EPA (C20:5),Frukt o bär torkade,0.0,g
7051,Aronia torkad pulver,Arakidonsyra C20:4,Frukt o bär torkade,0.0,g
7051,Aronia torkad pulver,Arakidinsyra C20:0,Frukt o bär torkade,0.0,g
7051,Aronia torkad pulver,Linolensyra C18:3,Frukt o bär torkade,0.1,g
7051,Aronia torkad pulver,Linolsyra C18:2,Frukt o bär torkade,0.3,g
7051,Aronia torkad pulver,Oljesyra C18:1,Frukt o bär torkade,1.7,g
7051,Aronia torkad pulver,Stearinsyra C18:0,Frukt o bär torkade,0.1,g
7051,Aronia torkad pulver,Palmitoljesyra C16:1,Frukt o bär torkade,0.0,g
7051,Aronia torkad pulver,Palmitinsyra C16:0,Frukt o bär torkade,0.2,g
7051,Aronia torkad pulver,Myristinsyra C14:0,Frukt o bär torkade,0.0,g
7051,Aronia torkad pulver,Laurinsyra C12:0,Frukt o bär torkade,0.0,g
7051,Aronia torkad pulver,Betakaroten/β-Karoten,Frukt o bär torkade,35.0,µg
7051,Aronia torkad pulver,Avfall (skal etc.),Frukt o bär torkade,0.0,%
7051,Aronia torkad pulver,Aska,Frukt o bär torkade,2.0,g
7051,Aronia torkad pulver,Alkohol,Frukt o bär torkade,0.0,g
7052,Rågkli,"Zink, Zn",Mjöl stärkelse kli,8.0,mg
7052,Rågkli,Vitamin E,Mjöl stärkelse kli,1.0,mg
7052,Rågkli,Vitamin D inkl 25-OH-D3,Mjöl stärkelse kli,0.0,µg
7052,Rågkli,Vitamin D,Mjöl stärkelse kli,0.0,µg
7052,Rågkli,Vitamin C,Mjöl stärkelse kli,0.0,mg
7052,Rågkli,Vitamin B6,Mjöl stärkelse kli,0.17,mg
7052,Rågkli,Vitamin B12,Mjöl stärkelse kli,0.0,µg
7052,Rågkli,Vitamin A,Mjöl stärkelse kli,0.5,RE/µg
7052,Rågkli,Vatten,Mjöl stärkelse kli,14.0,g
7052,Rågkli,Tiamin,Mjöl stärkelse kli,0.31,mg
7052,Rågkli,Tillsatt socker,Mjöl stärkelse kli,0.0,g
7052,Rågkli,Fritt socker,Mjöl stärkelse kli,0.0,g
7052,Rågkli,"Selen, Se",Mjöl stärkelse kli,5.0,µg
7052,Rågkli,Sackaros,Mjöl stärkelse kli,0.9,g
7052,Rågkli,Riboflavin,Mjöl stärkelse kli,0.16,mg
7052,Rågkli,Retinol,Mjöl stärkelse kli,0.0,µg
7052,Rågkli,Protein,Mjöl stärkelse kli,14.0,g
7052,Rågkli,Summa fleromättade fettsyror,Mjöl stärkelse kli,2.2,g
7052,Rågkli,"Fosfor, P",Mjöl stärkelse kli,750.0,mg
7052,Rågkli,Niacinekvivalenter,Mjöl stärkelse kli,2.5,NE/mg
7052,Rågkli,Niacin,Mjöl stärkelse kli,0.2,mg
7052,Rågkli,"Salt, NaCl",Mjöl stärkelse kli,0.0,g
7052,Rågkli,"Natrium, Na",Mjöl stärkelse kli,1.0,mg
7052,Rågkli,Monosackarider,Mjöl stärkelse kli,1.6,g
7052,Rågkli,"Sockerarter, totalt",Mjöl stärkelse kli,3.0,g
7052,Rågkli,Summa enkelomättade fettsyror,Mjöl stärkelse kli,0.7,g
7052,Rågkli,"Magnesium, Mg",Mjöl stärkelse kli,300.0,mg
7052,Rågkli,Summa mättade fettsyror,Mjöl stärkelse kli,0.6,g
7052,Rågkli,"Kolhydrater, tillgängliga",Mjöl stärkelse kli,26.7,g
7052,Rågkli,Kolesterol,Mjöl stärkelse kli,0.0,mg
7052,Rågkli,"Kalium, K",Mjöl stärkelse kli,900.0,mg
7052,Rågkli,"Jod, I",Mjöl stärkelse kli,5.0,µg
7052,Rågkli,Fullkorn totalt,Mjöl stärkelse kli,0.0,g
7052,Rågkli,"Folat, totalt",Mjöl stärkelse kli,58.0,µg
7052,Rågkli,Fibrer,Mjöl stärkelse kli,39.0,g
7052,Rågkli,"Fett, totalt",Mjöl stärkelse kli,4.3,g
7052,Rågkli,"Järn, Fe",Mjöl stärkelse kli,9.5,mg
7052,Rågkli,Energi (kJ),Mjöl stärkelse kli,1163.0,kJ
7052,Rågkli,Energi (kcal),Mjöl stärkelse kli,278.0,kcal
7052,Rågkli,Disackarider,Mjöl stärkelse kli,1.3,g
7052,Rågkli,"Kalcium, Ca",Mjöl stärkelse kli,45.0,mg
7052,Rågkli,Fettsyra 4:0-10:0,Mjöl stärkelse kli,0.0,g
7052,Rågkli,DHA (C22:6),Mjöl stärkelse kli,0.0,g
7052,Rågkli,DPA (C22:5),Mjöl stärkelse kli,0.0,g
7052,Rågkli,EPA (C20:5),Mjöl stärkelse kli,0.0,g
7052,Rågkli,Arakidonsyra C20:4,Mjöl stärkelse kli,0.0,g
7052,Rågkli,Arakidinsyra C20:0,Mjöl stärkelse kli,0.0,g
7052,Rågkli,Linolensyra C18:3,Mjöl stärkelse kli,0.3,g
7052,Rågkli,Linolsyra C18:2,Mjöl stärkelse kli,1.9,g
7052,Rågkli,Oljesyra C18:1,Mjöl stärkelse kli,0.4,g
7052,Rågkli,Stearinsyra C18:0,Mjöl stärkelse kli,0.0,g
7052,Rågkli,Palmitoljesyra C16:1,Mjöl stärkelse kli,0.0,g
7052,Rågkli,Palmitinsyra C16:0,Mjöl stärkelse kli,0.7,g
7052,Rågkli,Myristinsyra C14:0,Mjöl stärkelse kli,0.0,g
7052,Rågkli,Laurinsyra C12:0,Mjöl stärkelse kli,0.0,g
7052,Rågkli,Avfall (skal etc.),Mjöl stärkelse kli,0.0,%
7052,Rågkli,Aska,Mjöl stärkelse kli,2.0,g
7052,Rågkli,Alkohol,Mjöl stärkelse kli,0.0,g
7053,Ärtskott,"Zink, Zn",Grönsaker,0.7,mg
7053,Ärtskott,Vitamin E,Grönsaker,0.8,mg
7053,Ärtskott,Vitamin D inkl 25-OH-D3,Grönsaker,0.0,µg
7053,Ärtskott,Vitamin D,Grönsaker,0.0,µg
7053,Ärtskott,Vitamin C,Grönsaker,1.4,mg
7053,Ärtskott,Vitamin B6,Grönsaker,0.13,mg
7053,Ärtskott,Vitamin B12,Grönsaker,0.0,µg
7053,Ärtskott,Vitamin A,Grönsaker,1.0,RE/µg
7053,Ärtskott,Vatten,Grönsaker,93.1,g
7053,Ärtskott,Tiamin,Grönsaker,0.11,mg
7053,Ärtskott,Tillsatt socker,Grönsaker,0.0,g
7053,Ärtskott,Fritt socker,Grönsaker,0.0,g
7053,Ärtskott,"Selen, Se",Grönsaker,0.4,µg
7053,Ärtskott,Sackaros,Grönsaker,0.0,g
7053,Ärtskott,Riboflavin,Grönsaker,0.05,mg
7053,Ärtskott,Retinol,Grönsaker,0.0,µg
7053,Ärtskott,Protein,Grönsaker,3.3,g
7053,Ärtskott,Summa fleromättade fettsyror,Grönsaker,0.0,g
7053,Ärtskott,"Fosfor, P",Grönsaker,37.0,mg
7053,Ärtskott,Niacinekvivalenter,Grönsaker,1.7,NE/mg
7053,Ärtskott,Niacin,Grönsaker,1.1,mg
7053,Ärtskott,"Salt, NaCl",Grönsaker,0.0,g
7053,Ärtskott,"Natrium, Na",Grönsaker,9.0,mg
7053,Ärtskott,Monosackarider,Grönsaker,0.1,g
7053,Ärtskott,"Sockerarter, totalt",Grönsaker,0.1,g
7053,Ärtskott,Summa enkelomättade fettsyror,Grönsaker,0.0,g
7053,Ärtskott,"Magnesium, Mg",Grönsaker,11.0,mg
7053,Ärtskott,Summa mättade fettsyror,Grönsaker,0.0,g
7053,Ärtskott,"Kolhydrater, tillgängliga",Grönsaker,0.6,g
7053,Ärtskott,Kolesterol,Grönsaker,0.0,mg
7053,Ärtskott,"Kalium, K",Grönsaker,300.0,mg
7053,Ärtskott,"Jod, I",Grönsaker,2.0,µg
7053,Ärtskott,Fullkorn totalt,Grönsaker,0.0,g
7053,Ärtskott,"Folat, totalt",Grönsaker,65.0,µg
7053,Ärtskott,Fibrer,Grönsaker,1.6,g
7053,Ärtskott,"Fett, totalt",Grönsaker,0.4,g
7053,Ärtskott,"Järn, Fe",Grönsaker,5.5,mg
7053,Ärtskott,Energi (kJ),Grönsaker,96.0,kJ
7053,Ärtskott,Energi (kcal),Grönsaker,23.0,kcal
7053,Ärtskott,Disackarider,Grönsaker,0.0,g
7053,Ärtskott,"Kalcium, Ca",Grönsaker,250.0,mg
7053,Ärtskott,Fettsyra 4:0-10:0,Grönsaker,0.0,g
7053,Ärtskott,DHA (C22:6),Grönsaker,0.0,g
7053,Ärtskott,DPA (C22:5),Grönsaker,0.0,g
7053,Ärtskott,EPA (C20:5),Grönsaker,0.0,g
7053,Ärtskott,Arakidonsyra C20:4,Grönsaker,0.0,g
7053,Ärtskott,Arakidinsyra C20:0,Grönsaker,0.0,g
7053,Ärtskott,Linolensyra C18:3,Grönsaker,0.0,g
7053,Ärtskott,Linolsyra C18:2,Grönsaker,0.0,g
7053,Ärtskott,Oljesyra C18:1,Grönsaker,0.0,g
7053,Ärtskott,Stearinsyra C18:0,Grönsaker,0.0,g
7053,Ärtskott,Palmitoljesyra C16:1,Grönsaker,0.0,g
7053,Ärtskott,Palmitinsyra C16:0,Grönsaker,0.0,g
7053,Ärtskott,Myristinsyra C14:0,Grönsaker,0.0,g
7053,Ärtskott,Laurinsyra C12:0,Grönsaker,0.0,g
7053,Ärtskott,Betakaroten/β-Karoten,Grönsaker,6.0,µg
7053,Ärtskott,Avfall (skal etc.),Grönsaker,0.0,%
7053,Ärtskott,Aska,Grönsaker,1.0,g
7053,Ärtskott,Alkohol,Grönsaker,0.0,g
7054,Kakaopulver fett 10-15%,"Zink, Zn",Kakaoprodukter,8.2,mg
7054,Kakaopulver fett 10-15%,Vitamin E,Kakaoprodukter,0.4,mg
7054,Kakaopulver fett 10-15%,Vitamin D inkl 25-OH-D3,Kakaoprodukter,0.32,µg
7054,Kakaopulver fett 10-15%,Vitamin D,Kakaoprodukter,0.32,µg
7054,Kakaopulver fett 10-15%,Vitamin C,Kakaoprodukter,1.0,mg
7054,Kakaopulver fett 10-15%,Vitamin B6,Kakaoprodukter,0.02,mg
7054,Kakaopulver fett 10-15%,Vitamin B12,Kakaoprodukter,0.0,µg
7054,Kakaopulver fett 10-15%,Vitamin A,Kakaoprodukter,1.2,RE/µg
7054,Kakaopulver fett 10-15%,Vatten,Kakaoprodukter,4.1,g
7054,Kakaopulver fett 10-15%,Tiamin,Kakaoprodukter,0.11,mg
7054,Kakaopulver fett 10-15%,Tillsatt socker,Kakaoprodukter,0.0,g
7054,Kakaopulver fett 10-15%,Fritt socker,Kakaoprodukter,0.0,g
7054,Kakaopulver fett 10-15%,"Selen, Se",Kakaoprodukter,12.3,µg
7054,Kakaopulver fett 10-15%,Sackaros,Kakaoprodukter,0.3,g
7054,Kakaopulver fett 10-15%,Riboflavin,Kakaoprodukter,0.21,mg
7054,Kakaopulver fett 10-15%,Retinol,Kakaoprodukter,0.0,µg
7054,Kakaopulver fett 10-15%,Protein,Kakaoprodukter,21.2,g
7054,Kakaopulver fett 10-15%,Summa fleromättade fettsyror,Kakaoprodukter,0.4,g
7054,Kakaopulver fett 10-15%,"Fosfor, P",Kakaoprodukter,840.0,mg
7054,Kakaopulver fett 10-15%,Niacinekvivalenter,Kakaoprodukter,10.4,NE/mg
7054,Kakaopulver fett 10-15%,Niacin,Kakaoprodukter,6.9,mg
7054,Kakaopulver fett 10-15%,"Salt, NaCl",Kakaoprodukter,0.6,g
7054,Kakaopulver fett 10-15%,"Natrium, Na",Kakaoprodukter,260.0,mg
7054,Kakaopulver fett 10-15%,Monosackarider,Kakaoprodukter,0.2,g
7054,Kakaopulver fett 10-15%,"Sockerarter, totalt",Kakaoprodukter,0.6,g
7054,Kakaopulver fett 10-15%,Summa enkelomättade fettsyror,Kakaoprodukter,3.8,g
7054,Kakaopulver fett 10-15%,"Magnesium, Mg",Kakaoprodukter,510.0,mg
7054,Kakaopulver fett 10-15%,Summa mättade fettsyror,Kakaoprodukter,7.3,g
7054,Kakaopulver fett 10-15%,"Kolhydrater, tillgängliga",Kakaoprodukter,24.8,g
7054,Kakaopulver fett 10-15%,Kolesterol,Kakaoprodukter,0.0,mg
7054,Kakaopulver fett 10-15%,"Kalium, K",Kakaoprodukter,2550.0,mg
7054,Kakaopulver fett 10-15%,"Jod, I",Kakaoprodukter,4.1,µg
7054,Kakaopulver fett 10-15%,Fullkorn totalt,Kakaoprodukter,0.0,g
7054,Kakaopulver fett 10-15%,"Folat, totalt",Kakaoprodukter,8.0,µg
7054,Kakaopulver fett 10-15%,Fibrer,Kakaoprodukter,27.9,g
7054,Kakaopulver fett 10-15%,"Fett, totalt",Kakaoprodukter,14.4,g
7054,Kakaopulver fett 10-15%,"Järn, Fe",Kakaoprodukter,16.0,mg
7054,Kakaopulver fett 10-15%,Energi (kJ),Kakaoprodukter,1539.0,kJ
7054,Kakaopulver fett 10-15%,Energi (kcal),Kakaoprodukter,368.0,kcal
7054,Kakaopulver fett 10-15%,Disackarider,Kakaoprodukter,0.3,g
7054,Kakaopulver fett 10-15%,"Kalcium, Ca",Kakaoprodukter,150.0,mg
7054,Kakaopulver fett 10-15%,Fettsyra 4:0-10:0,Kakaoprodukter,0.0,g
7054,Kakaopulver fett 10-15%,DHA (C22:6),Kakaoprodukter,0.0,g
7054,Kakaopulver fett 10-15%,DPA (C22:5),Kakaoprodukter,0.0,g
7054,Kakaopulver fett 10-15%,EPA (C20:5),Kakaoprodukter,0.0,g
7054,Kakaopulver fett 10-15%,Arakidonsyra C20:4,Kakaoprodukter,0.0,g
7054,Kakaopulver fett 10-15%,Arakidinsyra C20:0,Kakaoprodukter,0.1,g
7054,Kakaopulver fett 10-15%,Linolensyra C18:3,Kakaoprodukter,0.0,g
7054,Kakaopulver fett 10-15%,Linolsyra C18:2,Kakaoprodukter,0.4,g
7054,Kakaopulver fett 10-15%,Oljesyra C18:1,Kakaoprodukter,3.7,g
7054,Kakaopulver fett 10-15%,Stearinsyra C18:0,Kakaoprodukter,3.8,g
7054,Kakaopulver fett 10-15%,Palmitoljesyra C16:1,Kakaoprodukter,0.0,g
7054,Kakaopulver fett 10-15%,Palmitinsyra C16:0,Kakaoprodukter,3.4,g
7054,Kakaopulver fett 10-15%,Myristinsyra C14:0,Kakaoprodukter,0.0,g
7054,Kakaopulver fett 10-15%,Laurinsyra C12:0,Kakaoprodukter,0.0,g
7054,Kakaopulver fett 10-15%,Betakaroten/β-Karoten,Kakaoprodukter,13.0,µg
7054,Kakaopulver fett 10-15%,Avfall (skal etc.),Kakaoprodukter,0.0,%
7054,Kakaopulver fett 10-15%,Aska,Kakaoprodukter,7.6,g
7054,Kakaopulver fett 10-15%,Alkohol,Kakaoprodukter,0.0,g
7061,Korv kryddkorv kött ca 75% stekt,"Zink, Zn",Korv,1.6,mg
7061,Korv kryddkorv kött ca 75% stekt,Vitamin E,Korv,2.5,mg
7061,Korv kryddkorv kött ca 75% stekt,Vitamin D,Korv,0.31,µg
7061,Korv kryddkorv kött ca 75% stekt,Vitamin C,Korv,10.7,mg
7061,Korv kryddkorv kött ca 75% stekt,Vitamin B6,Korv,0.12,mg
7061,Korv kryddkorv kött ca 75% stekt,Vitamin B12,Korv,0.5,µg
7061,Korv kryddkorv kött ca 75% stekt,Vitamin A,Korv,17.3,RE/µg
7061,Korv kryddkorv kött ca 75% stekt,Vatten,Korv,59.3,g
7061,Korv kryddkorv kött ca 75% stekt,Tiamin,Korv,0.3,mg
7061,Korv kryddkorv kött ca 75% stekt,Tillsatt socker,Korv,1.0,g
7061,Korv kryddkorv kött ca 75% stekt,Fritt socker,Korv,1.0,g
7061,Korv kryddkorv kött ca 75% stekt,"Selen, Se",Korv,11.6,µg
7061,Korv kryddkorv kött ca 75% stekt,Sackaros,Korv,0.0,g
7061,Korv kryddkorv kött ca 75% stekt,Riboflavin,Korv,0.11,mg
7061,Korv kryddkorv kött ca 75% stekt,Retinol,Korv,12.9,µg
7061,Korv kryddkorv kött ca 75% stekt,Protein,Korv,12.5,g
7061,Korv kryddkorv kött ca 75% stekt,Summa fleromättade fettsyror,Korv,2.1,g
7061,Korv kryddkorv kött ca 75% stekt,"Fosfor, P",Korv,148.0,mg
7061,Korv kryddkorv kött ca 75% stekt,Niacinekvivalenter,Korv,5.29,NE/mg
7061,Korv kryddkorv kött ca 75% stekt,Niacin,Korv,3.05,mg
7061,Korv kryddkorv kött ca 75% stekt,"Salt, NaCl",Korv,2.1,g
7061,Korv kryddkorv kött ca 75% stekt,"Natrium, Na",Korv,858.0,mg
7061,Korv kryddkorv kött ca 75% stekt,Monosackarider,Korv,1.0,g
7061,Korv kryddkorv kött ca 75% stekt,"Sockerarter, totalt",Korv,1.1,g
7061,Korv kryddkorv kött ca 75% stekt,Summa enkelomättade fettsyror,Korv,10.2,g
7061,Korv kryddkorv kött ca 75% stekt,"Magnesium, Mg",Korv,17.0,mg
7061,Korv kryddkorv kött ca 75% stekt,Summa mättade fettsyror,Korv,8.4,g
7061,Korv kryddkorv kött ca 75% stekt,"Kolhydrater, tillgängliga",Korv,3.6,g
7061,Korv kryddkorv kött ca 75% stekt,Kolesterol,Korv,60.3,mg
7061,Korv kryddkorv kött ca 75% stekt,"Kalium, K",Korv,243.0,mg
7061,Korv kryddkorv kött ca 75% stekt,"Jod, I",Korv,0.0,µg
7061,Korv kryddkorv kött ca 75% stekt,Fullkorn totalt,Korv,0.0,g
7061,Korv kryddkorv kött ca 75% stekt,"Folat, totalt",Korv,0.0,µg
7061,Korv kryddkorv kött ca 75% stekt,Fibrer,Korv,0.0,g
7061,Korv kryddkorv kött ca 75% stekt,"Fett, totalt",Korv,21.8,g
7061,Korv kryddkorv kött ca 75% stekt,"Järn, Fe",Korv,1.0,mg
7061,Korv kryddkorv kött ca 75% stekt,Energi (kJ),Korv,1080.0,kJ
7061,Korv kryddkorv kött ca 75% stekt,Energi (kcal),Korv,258.0,kcal
7061,Korv kryddkorv kött ca 75% stekt,Disackarider,Korv,0.1,g
7061,Korv kryddkorv kött ca 75% stekt,"Kalcium, Ca",Korv,9.0,mg
7061,Korv kryddkorv kött ca 75% stekt,Fettsyra 4:0-10:0,Korv,0.0,g
7061,Korv kryddkorv kött ca 75% stekt,DHA (C22:6),Korv,0.0,g
7061,Korv kryddkorv kött ca 75% stekt,DPA (C22:5),Korv,0.0,g
7061,Korv kryddkorv kött ca 75% stekt,EPA (C20:5),Korv,0.0,g
7061,Korv kryddkorv kött ca 75% stekt,Arakidonsyra C20:4,Korv,0.1,g
7061,Korv kryddkorv kött ca 75% stekt,Arakidinsyra C20:0,Korv,0.0,g
7061,Korv kryddkorv kött ca 75% stekt,Linolensyra C18:3,Korv,0.2,g
7061,Korv kryddkorv kött ca 75% stekt,Linolsyra C18:2,Korv,1.7,g
7061,Korv kryddkorv kött ca 75% stekt,Oljesyra C18:1,Korv,9.4,g
7061,Korv kryddkorv kött ca 75% stekt,Stearinsyra C18:0,Korv,2.9,g
7061,Korv kryddkorv kött ca 75% stekt,Palmitoljesyra C16:1,Korv,0.6,g
7061,Korv kryddkorv kött ca 75% stekt,Palmitinsyra C16:0,Korv,5.1,g
7061,Korv kryddkorv kött ca 75% stekt,Myristinsyra C14:0,Korv,0.3,g
7061,Korv kryddkorv kött ca 75% stekt,Laurinsyra C12:0,Korv,0.0,g
7061,Korv kryddkorv kött ca 75% stekt,Betakaroten/β-Karoten,Korv,38.0,µg
7061,Korv kryddkorv kött ca 75% stekt,Avfall (skal etc.),Korv,0.0,%
7061,Korv kryddkorv kött ca 75% stekt,Aska,Korv,2.8,g
7061,Korv kryddkorv kött ca 75% stekt,Alkohol,Korv,0.0,g
7062,Köttbullar stekta frysvara,"Zink, Zn",Köttprodukter kötträtter,2.2,mg
7062,Köttbullar stekta frysvara,Vitamin E,Köttprodukter kötträtter,2.0,mg
7062,Köttbullar stekta frysvara,Vitamin D,Köttprodukter kötträtter,0.0,µg
7062,Köttbullar stekta frysvara,Vitamin C,Köttprodukter kötträtter,0.9,mg
7062,Köttbullar stekta frysvara,Vitamin B6,Köttprodukter kötträtter,0.09,mg
7062,Köttbullar stekta frysvara,Vitamin B12,Köttprodukter kötträtter,0.44,µg
7062,Köttbullar stekta frysvara,Vitamin A,Köttprodukter kötträtter,0.6,RE/µg
7062,Köttbullar stekta frysvara,Vatten,Köttprodukter kötträtter,53.3,g
7062,Köttbullar stekta frysvara,Tiamin,Köttprodukter kötträtter,0.21,mg
7062,Köttbullar stekta frysvara,Tillsatt socker,Köttprodukter kötträtter,1.0,g
7062,Köttbullar stekta frysvara,Fritt socker,Köttprodukter kötträtter,1.0,g
7062,Köttbullar stekta frysvara,"Selen, Se",Köttprodukter kötträtter,11.8,µg
7062,Köttbullar stekta frysvara,Sackaros,Köttprodukter kötträtter,0.4,g
7062,Köttbullar stekta frysvara,Riboflavin,Köttprodukter kötträtter,0.95,mg
7062,Köttbullar stekta frysvara,Retinol,Köttprodukter kötträtter,0.0,µg
7062,Köttbullar stekta frysvara,Protein,Köttprodukter kötträtter,15.2,g
7062,Köttbullar stekta frysvara,Summa fleromättade fettsyror,Köttprodukter kötträtter,1.6,g
7062,Köttbullar stekta frysvara,"Fosfor, P",Köttprodukter kötträtter,160.0,mg
7062,Köttbullar stekta frysvara,Niacinekvivalenter,Köttprodukter kötträtter,6.28,NE/mg
7062,Köttbullar stekta frysvara,Niacin,Köttprodukter kötträtter,3.52,mg
7062,Köttbullar stekta frysvara,"Salt, NaCl",Köttprodukter kötträtter,2.0,g
7062,Köttbullar stekta frysvara,"Natrium, Na",Köttprodukter kötträtter,776.0,mg
7062,Köttbullar stekta frysvara,Monosackarider,Köttprodukter kötträtter,1.2,g
7062,Köttbullar stekta frysvara,"Sockerarter, totalt",Köttprodukter kötträtter,1.7,g
7062,Köttbullar stekta frysvara,Summa enkelomättade fettsyror,Köttprodukter kötträtter,9.4,g
7062,Köttbullar stekta frysvara,"Magnesium, Mg",Köttprodukter kötträtter,20.0,mg
7062,Köttbullar stekta frysvara,Summa mättade fettsyror,Köttprodukter kötträtter,6.9,g
7062,Köttbullar stekta frysvara,"Kolhydrater, tillgängliga",Köttprodukter kötträtter,8.0,g
7062,Köttbullar stekta frysvara,Kolesterol,Köttprodukter kötträtter,47.8,mg
7062,Köttbullar stekta frysvara,"Kalium, K",Köttprodukter kötträtter,250.0,mg
7062,Köttbullar stekta frysvara,"Jod, I",Köttprodukter kötträtter,2.1,µg
7062,Köttbullar stekta frysvara,Fullkorn totalt,Köttprodukter kötträtter,0.0,g
7062,Köttbullar stekta frysvara,"Folat, totalt",Köttprodukter kötträtter,6.5,µg
7062,Köttbullar stekta frysvara,Fibrer,Köttprodukter kötträtter,1.8,g
7062,Köttbullar stekta frysvara,"Fett, totalt",Köttprodukter kötträtter,18.8,g
7062,Köttbullar stekta frysvara,"Järn, Fe",Köttprodukter kötträtter,1.1,mg
7062,Köttbullar stekta frysvara,Energi (kJ),Köttprodukter kötträtter,1106.0,kJ
7062,Köttbullar stekta frysvara,Energi (kcal),Köttprodukter kötträtter,264.0,kcal
7062,Köttbullar stekta frysvara,Disackarider,Köttprodukter kötträtter,0.5,g
7062,Köttbullar stekta frysvara,"Kalcium, Ca",Köttprodukter kötträtter,17.0,mg
7062,Köttbullar stekta frysvara,Fettsyra 4:0-10:0,Köttprodukter kötträtter,0.0,g
7062,Köttbullar stekta frysvara,DHA (C22:6),Köttprodukter kötträtter,0.0,g
7062,Köttbullar stekta frysvara,DPA (C22:5),Köttprodukter kötträtter,0.0,g
7062,Köttbullar stekta frysvara,EPA (C20:5),Köttprodukter kötträtter,0.0,g
7062,Köttbullar stekta frysvara,Arakidonsyra C20:4,Köttprodukter kötträtter,0.0,g
7062,Köttbullar stekta frysvara,Arakidinsyra C20:0,Köttprodukter kötträtter,0.0,g
7062,Köttbullar stekta frysvara,Linolensyra C18:3,Köttprodukter kötträtter,0.2,g
7062,Köttbullar stekta frysvara,Linolsyra C18:2,Köttprodukter kötträtter,1.3,g
7062,Köttbullar stekta frysvara,Oljesyra C18:1,Köttprodukter kötträtter,8.6,g
7062,Köttbullar stekta frysvara,Stearinsyra C18:0,Köttprodukter kötträtter,2.2,g
7062,Köttbullar stekta frysvara,Palmitoljesyra C16:1,Köttprodukter kötträtter,0.5,g
7062,Köttbullar stekta frysvara,Palmitinsyra C16:0,Köttprodukter kötträtter,4.1,g
7062,Köttbullar stekta frysvara,Myristinsyra C14:0,Köttprodukter kötträtter,0.3,g
7062,Köttbullar stekta frysvara,Laurinsyra C12:0,Köttprodukter kötträtter,0.0,g
7062,Köttbullar stekta frysvara,Betakaroten/β-Karoten,Köttprodukter kötträtter,7.0,µg
7062,Köttbullar stekta frysvara,Avfall (skal etc.),Köttprodukter kötträtter,0.0,%
7062,Köttbullar stekta frysvara,Aska,Köttprodukter kötträtter,2.8,g
7062,Köttbullar stekta frysvara,Alkohol,Köttprodukter kötträtter,0.0,g
7063,Korv falukorv fett ca 22 % kött 58% stekt,"Zink, Zn",Korvrätter,1.2,mg
7063,Korv falukorv fett ca 22 % kött 58% stekt,Vitamin E,Korvrätter,1.2,mg
7063,Korv falukorv fett ca 22 % kött 58% stekt,Vitamin D,Korvrätter,0.0,µg
7063,Korv falukorv fett ca 22 % kött 58% stekt,Vitamin C,Korvrätter,19.0,mg
7063,Korv falukorv fett ca 22 % kött 58% stekt,Vitamin B6,Korvrätter,0.1,mg
7063,Korv falukorv fett ca 22 % kött 58% stekt,Vitamin B12,Korvrätter,0.39,µg
7063,Korv falukorv fett ca 22 % kött 58% stekt,Vitamin A,Korvrätter,0.0,RE/µg
7063,Korv falukorv fett ca 22 % kött 58% stekt,Vatten,Korvrätter,60.9,g
7063,Korv falukorv fett ca 22 % kött 58% stekt,Tiamin,Korvrätter,0.25,mg
7063,Korv falukorv fett ca 22 % kött 58% stekt,Tillsatt socker,Korvrätter,1.0,g
7063,Korv falukorv fett ca 22 % kött 58% stekt,Fritt socker,Korvrätter,1.0,g
7063,Korv falukorv fett ca 22 % kött 58% stekt,"Selen, Se",Korvrätter,8.5,µg
7063,Korv falukorv fett ca 22 % kött 58% stekt,Sackaros,Korvrätter,0.0,g
7063,Korv falukorv fett ca 22 % kött 58% stekt,Riboflavin,Korvrätter,1.29,mg
7063,Korv falukorv fett ca 22 % kött 58% stekt,Retinol,Korvrätter,0.0,µg
7063,Korv falukorv fett ca 22 % kött 58% stekt,Protein,Korvrätter,9.6,g
7063,Korv falukorv fett ca 22 % kött 58% stekt,Summa fleromättade fettsyror,Korvrätter,1.9,g
7063,Korv falukorv fett ca 22 % kött 58% stekt,"Fosfor, P",Korvrätter,106.0,mg
7063,Korv falukorv fett ca 22 % kött 58% stekt,Niacinekvivalenter,Korvrätter,4.13,NE/mg
7063,Korv falukorv fett ca 22 % kött 58% stekt,Niacin,Korvrätter,2.35,mg
7063,Korv falukorv fett ca 22 % kött 58% stekt,"Salt, NaCl",Korvrätter,1.7,g
7063,Korv falukorv fett ca 22 % kött 58% stekt,"Natrium, Na",Korvrätter,668.0,mg
7063,Korv falukorv fett ca 22 % kött 58% stekt,Monosackarider,Korvrätter,0.6,g
7063,Korv falukorv fett ca 22 % kött 58% stekt,"Sockerarter, totalt",Korvrätter,0.7,g
7063,Korv falukorv fett ca 22 % kött 58% stekt,Summa enkelomättade fettsyror,Korvrätter,10.6,g
7063,Korv falukorv fett ca 22 % kött 58% stekt,"Magnesium, Mg",Korvrätter,9.0,mg
7063,Korv falukorv fett ca 22 % kött 58% stekt,Summa mättade fettsyror,Korvrätter,8.2,g
7063,Korv falukorv fett ca 22 % kött 58% stekt,"Kolhydrater, tillgängliga",Korvrätter,5.4,g
7063,Korv falukorv fett ca 22 % kött 58% stekt,Kolesterol,Korvrätter,50.5,mg
7063,Korv falukorv fett ca 22 % kött 58% stekt,"Kalium, K",Korvrätter,148.0,mg
7063,Korv falukorv fett ca 22 % kött 58% stekt,"Jod, I",Korvrätter,0.0,µg
7063,Korv falukorv fett ca 22 % kött 58% stekt,Fullkorn totalt,Korvrätter,0.0,g
7063,Korv falukorv fett ca 22 % kött 58% stekt,"Folat, totalt",Korvrätter,0.0,µg
7063,Korv falukorv fett ca 22 % kött 58% stekt,Fibrer,Korvrätter,0.0,g
7063,Korv falukorv fett ca 22 % kött 58% stekt,"Fett, totalt",Korvrätter,21.8,g
7063,Korv falukorv fett ca 22 % kött 58% stekt,"Järn, Fe",Korvrätter,0.6,mg
7063,Korv falukorv fett ca 22 % kött 58% stekt,Energi (kJ),Korvrätter,1063.0,kJ
7063,Korv falukorv fett ca 22 % kött 58% stekt,Energi (kcal),Korvrätter,254.0,kcal
7063,Korv falukorv fett ca 22 % kött 58% stekt,Disackarider,Korvrätter,0.1,g
7063,Korv falukorv fett ca 22 % kött 58% stekt,"Kalcium, Ca",Korvrätter,8.0,mg
7063,Korv falukorv fett ca 22 % kött 58% stekt,Fettsyra 4:0-10:0,Korvrätter,0.0,g
7063,Korv falukorv fett ca 22 % kött 58% stekt,DHA (C22:6),Korvrätter,0.0,g
7063,Korv falukorv fett ca 22 % kött 58% stekt,DPA (C22:5),Korvrätter,0.0,g
7063,Korv falukorv fett ca 22 % kött 58% stekt,EPA (C20:5),Korvrätter,0.0,g
7063,Korv falukorv fett ca 22 % kött 58% stekt,Arakidonsyra C20:4,Korvrätter,0.0,g
7063,Korv falukorv fett ca 22 % kött 58% stekt,Arakidinsyra C20:0,Korvrätter,0.0,g
7063,Korv falukorv fett ca 22 % kött 58% stekt,Linolensyra C18:3,Korvrätter,0.1,g
7063,Korv falukorv fett ca 22 % kött 58% stekt,Linolsyra C18:2,Korvrätter,1.6,g
7063,Korv falukorv fett ca 22 % kött 58% stekt,Oljesyra C18:1,Korvrätter,9.8,g
7063,Korv falukorv fett ca 22 % kött 58% stekt,Stearinsyra C18:0,Korvrätter,2.7,g
7063,Korv falukorv fett ca 22 % kött 58% stekt,Palmitoljesyra C16:1,Korvrätter,0.6,g
7063,Korv falukorv fett ca 22 % kött 58% stekt,Palmitinsyra C16:0,Korvrätter,5.1,g
7063,Korv falukorv fett ca 22 % kött 58% stekt,Myristinsyra C14:0,Korvrätter,0.3,g
7063,Korv falukorv fett ca 22 % kött 58% stekt,Laurinsyra C12:0,Korvrätter,0.0,g
7063,Korv falukorv fett ca 22 % kött 58% stekt,Betakaroten/β-Karoten,Korvrätter,0.0,µg
7063,Korv falukorv fett ca 22 % kött 58% stekt,Avfall (skal etc.),Korvrätter,0.0,%
7063,Korv falukorv fett ca 22 % kött 58% stekt,Aska,Korvrätter,2.3,g
7063,Korv falukorv fett ca 22 % kött 58% stekt,Alkohol,Korvrätter,0.0,g
7066,Frityrolja,"Zink, Zn",Olja,0.0,mg
7066,Frityrolja,Vitamin E,Olja,35.9,mg
7066,Frityrolja,Vitamin D inkl 25-OH-D3,Olja,0.0,µg
7066,Frityrolja,Vitamin D,Olja,0.0,µg
7066,Frityrolja,Vitamin C,Olja,0.0,mg
7066,Frityrolja,Vitamin B6,Olja,0.0,mg
7066,Frityrolja,Vitamin B12,Olja,0.0,µg
7066,Frityrolja,Vitamin A,Olja,246.3,RE/µg
7066,Frityrolja,Vatten,Olja,0.0,g
7066,Frityrolja,Tiamin,Olja,0.0,mg
7066,Frityrolja,Tillsatt socker,Olja,0.0,g
7066,Frityrolja,Fritt socker,Olja,0.0,g
7066,Frityrolja,"Selen, Se",Olja,0.0,µg
7066,Frityrolja,Sackaros,Olja,0.0,g
7066,Frityrolja,Riboflavin,Olja,0.0,mg
7066,Frityrolja,Retinol,Olja,0.0,µg
7066,Frityrolja,Protein,Olja,0.0,g
7066,Frityrolja,Summa fleromättade fettsyror,Olja,34.0,g
7066,Frityrolja,"Fosfor, P",Olja,0.0,mg
7066,Frityrolja,Niacinekvivalenter,Olja,0.0,NE/mg
7066,Frityrolja,Niacin,Olja,0.0,mg
7066,Frityrolja,"Salt, NaCl",Olja,0.0,g
7066,Frityrolja,"Natrium, Na",Olja,0.0,mg
7066,Frityrolja,Monosackarider,Olja,0.0,g
7066,Frityrolja,"Sockerarter, totalt",Olja,0.0,g
7066,Frityrolja,Summa enkelomättade fettsyror,Olja,47.5,g
7066,Frityrolja,"Magnesium, Mg",Olja,0.0,mg
7066,Frityrolja,Summa mättade fettsyror,Olja,14.2,g
7066,Frityrolja,"Kolhydrater, tillgängliga",Olja,0.0,g
7066,Frityrolja,Kolesterol,Olja,0.0,mg
7066,Frityrolja,"Kalium, K",Olja,0.0,mg
7066,Frityrolja,"Jod, I",Olja,0.0,µg
7066,Frityrolja,Fullkorn totalt,Olja,0.0,g
7066,Frityrolja,"Folat, totalt",Olja,0.0,µg
7066,Frityrolja,Fibrer,Olja,0.0,g
7066,Frityrolja,"Fett, totalt",Olja,100.0,g
7066,Frityrolja,"Järn, Fe",Olja,0.0,mg
7066,Frityrolja,Energi (kJ),Olja,3700.0,kJ
7066,Frityrolja,Energi (kcal),Olja,884.0,kcal
7066,Frityrolja,Disackarider,Olja,0.0,g
7066,Frityrolja,"Kalcium, Ca",Olja,0.0,mg
7066,Frityrolja,Fettsyra 4:0-10:0,Olja,0.0,g
7066,Frityrolja,DHA (C22:6),Olja,0.0,g
7066,Frityrolja,DPA (C22:5),Olja,0.0,g
7066,Frityrolja,EPA (C20:5),Olja,0.0,g
7066,Frityrolja,Arakidonsyra C20:4,Olja,0.0,g
7066,Frityrolja,Arakidinsyra C20:0,Olja,0.5,g
7066,Frityrolja,Linolensyra C18:3,Olja,4.6,g
7066,Frityrolja,Linolsyra C18:2,Olja,29.4,g
7066,Frityrolja,Oljesyra C18:1,Olja,46.3,g
7066,Frityrolja,Stearinsyra C18:0,Olja,2.6,g
7066,Frityrolja,Palmitoljesyra C16:1,Olja,0.2,g
7066,Frityrolja,Palmitinsyra C16:0,Olja,10.2,g
7066,Frityrolja,Myristinsyra C14:0,Olja,0.2,g
7066,Frityrolja,Laurinsyra C12:0,Olja,0.0,g
7066,Frityrolja,Betakaroten/β-Karoten,Olja,2314.0,µg
7066,Frityrolja,Avfall (skal etc.),Olja,0.0,%
7066,Frityrolja,Aska,Olja,0.0,g
7066,Frityrolja,Alkohol,Olja,0.0,g
7087,Fruktyoghurt fett 2% berikad,"Zink, Zn",Smaksatt fil yoghurt,0.0,mg
7087,Fruktyoghurt fett 2% berikad,Vitamin E,Smaksatt fil yoghurt,0.1,mg
7087,Fruktyoghurt fett 2% berikad,Vitamin D,Smaksatt fil yoghurt,1.0,µg
7087,Fruktyoghurt fett 2% berikad,Vitamin C,Smaksatt fil yoghurt,0.2,mg
7087,Fruktyoghurt fett 2% berikad,Vitamin B6,Smaksatt fil yoghurt,0.04,mg
7087,Fruktyoghurt fett 2% berikad,Vitamin B12,Smaksatt fil yoghurt,0.0,µg
7087,Fruktyoghurt fett 2% berikad,Vitamin A,Smaksatt fil yoghurt,17.5,RE/µg
7087,Fruktyoghurt fett 2% berikad,Vatten,Smaksatt fil yoghurt,82.6,g
7087,Fruktyoghurt fett 2% berikad,Tiamin,Smaksatt fil yoghurt,0.0,mg
7087,Fruktyoghurt fett 2% berikad,Tillsatt socker,Smaksatt fil yoghurt,7.0,g
7087,Fruktyoghurt fett 2% berikad,Fritt socker,Smaksatt fil yoghurt,8.0,g
7087,Fruktyoghurt fett 2% berikad,"Selen, Se",Smaksatt fil yoghurt,2.7,µg
7087,Fruktyoghurt fett 2% berikad,Sackaros,Smaksatt fil yoghurt,6.0,g
7087,Fruktyoghurt fett 2% berikad,Riboflavin,Smaksatt fil yoghurt,0.11,mg
7087,Fruktyoghurt fett 2% berikad,Retinol,Smaksatt fil yoghurt,16.6,µg
7087,Fruktyoghurt fett 2% berikad,Protein,Smaksatt fil yoghurt,3.0,g
7087,Fruktyoghurt fett 2% berikad,Summa fleromättade fettsyror,Smaksatt fil yoghurt,0.0,g
7087,Fruktyoghurt fett 2% berikad,"Fosfor, P",Smaksatt fil yoghurt,84.0,mg
7087,Fruktyoghurt fett 2% berikad,Niacinekvivalenter,Smaksatt fil yoghurt,0.8,NE/mg
7087,Fruktyoghurt fett 2% berikad,Niacin,Smaksatt fil yoghurt,0.13,mg
7087,Fruktyoghurt fett 2% berikad,"Salt, NaCl",Smaksatt fil yoghurt,0.1,g
7087,Fruktyoghurt fett 2% berikad,"Natrium, Na",Smaksatt fil yoghurt,35.0,mg
7087,Fruktyoghurt fett 2% berikad,Monosackarider,Smaksatt fil yoghurt,1.0,g
7087,Fruktyoghurt fett 2% berikad,"Sockerarter, totalt",Smaksatt fil yoghurt,10.0,g
7087,Fruktyoghurt fett 2% berikad,Summa enkelomättade fettsyror,Smaksatt fil yoghurt,0.5,g
7087,Fruktyoghurt fett 2% berikad,"Magnesium, Mg",Smaksatt fil yoghurt,10.0,mg
7087,Fruktyoghurt fett 2% berikad,Summa mättade fettsyror,Smaksatt fil yoghurt,1.1,g
7087,Fruktyoghurt fett 2% berikad,"Kolhydrater, tillgängliga",Smaksatt fil yoghurt,11.5,g
7087,Fruktyoghurt fett 2% berikad,Kolesterol,Smaksatt fil yoghurt,6.5,mg
7087,Fruktyoghurt fett 2% berikad,"Kalium, K",Smaksatt fil yoghurt,130.0,mg
7087,Fruktyoghurt fett 2% berikad,"Jod, I",Smaksatt fil yoghurt,14.0,µg
7087,Fruktyoghurt fett 2% berikad,Fullkorn totalt,Smaksatt fil yoghurt,0.0,g
7087,Fruktyoghurt fett 2% berikad,"Folat, totalt",Smaksatt fil yoghurt,23.0,µg
7087,Fruktyoghurt fett 2% berikad,Fibrer,Smaksatt fil yoghurt,0.4,g
7087,Fruktyoghurt fett 2% berikad,"Fett, totalt",Smaksatt fil yoghurt,1.7,g
7087,Fruktyoghurt fett 2% berikad,"Järn, Fe",Smaksatt fil yoghurt,0.0,mg
7087,Fruktyoghurt fett 2% berikad,Energi (kJ),Smaksatt fil yoghurt,313.0,kJ
7087,Fruktyoghurt fett 2% berikad,Energi (kcal),Smaksatt fil yoghurt,75.0,kcal
7087,Fruktyoghurt fett 2% berikad,Disackarider,Smaksatt fil yoghurt,9.0,g
7087,Fruktyoghurt fett 2% berikad,"Kalcium, Ca",Smaksatt fil yoghurt,110.0,mg
7087,Fruktyoghurt fett 2% berikad,Fettsyra 4:0-10:0,Smaksatt fil yoghurt,0.1,g
7087,Fruktyoghurt fett 2% berikad,DHA (C22:6),Smaksatt fil yoghurt,0.0,g
7087,Fruktyoghurt fett 2% berikad,DPA (C22:5),Smaksatt fil yoghurt,0.0,g
7087,Fruktyoghurt fett 2% berikad,EPA (C20:5),Smaksatt fil yoghurt,0.0,g
7087,Fruktyoghurt fett 2% berikad,Arakidonsyra C20:4,Smaksatt fil yoghurt,0.0,g
7087,Fruktyoghurt fett 2% berikad,Arakidinsyra C20:0,Smaksatt fil yoghurt,0.0,g
7087,Fruktyoghurt fett 2% berikad,Linolensyra C18:3,Smaksatt fil yoghurt,0.0,g
7087,Fruktyoghurt fett 2% berikad,Linolsyra C18:2,Smaksatt fil yoghurt,0.0,g
7087,Fruktyoghurt fett 2% berikad,Oljesyra C18:1,Smaksatt fil yoghurt,0.3,g
7087,Fruktyoghurt fett 2% berikad,Stearinsyra C18:0,Smaksatt fil yoghurt,0.2,g
7087,Fruktyoghurt fett 2% berikad,Palmitoljesyra C16:1,Smaksatt fil yoghurt,0.0,g
7087,Fruktyoghurt fett 2% berikad,Palmitinsyra C16:0,Smaksatt fil yoghurt,0.6,g
7087,Fruktyoghurt fett 2% berikad,Myristinsyra C14:0,Smaksatt fil yoghurt,0.2,g
7087,Fruktyoghurt fett 2% berikad,Laurinsyra C12:0,Smaksatt fil yoghurt,0.1,g
7087,Fruktyoghurt fett 2% berikad,Betakaroten/β-Karoten,Smaksatt fil yoghurt,11.0,µg
7087,Fruktyoghurt fett 2% berikad,Avfall (skal etc.),Smaksatt fil yoghurt,0.0,%
7087,Fruktyoghurt fett 2% berikad,Aska,Smaksatt fil yoghurt,0.8,g
7087,Fruktyoghurt fett 2% berikad,Alkohol,Smaksatt fil yoghurt,0.0,g
7088,"Fruktyoghurt fett 2,5% berikad","Zink, Zn",Smaksatt fil yoghurt,0.4,mg
7088,"Fruktyoghurt fett 2,5% berikad",Vitamin E,Smaksatt fil yoghurt,0.1,mg
7088,"Fruktyoghurt fett 2,5% berikad",Vitamin D,Smaksatt fil yoghurt,0.9,µg
7088,"Fruktyoghurt fett 2,5% berikad",Vitamin C,Smaksatt fil yoghurt,1.0,mg
7088,"Fruktyoghurt fett 2,5% berikad",Vitamin B6,Smaksatt fil yoghurt,0.04,mg
7088,"Fruktyoghurt fett 2,5% berikad",Vitamin B12,Smaksatt fil yoghurt,0.0,µg
7088,"Fruktyoghurt fett 2,5% berikad",Vitamin A,Smaksatt fil yoghurt,21.5,RE/µg
7088,"Fruktyoghurt fett 2,5% berikad",Vatten,Smaksatt fil yoghurt,82.1,g
7088,"Fruktyoghurt fett 2,5% berikad",Tiamin,Smaksatt fil yoghurt,0.0,mg
7088,"Fruktyoghurt fett 2,5% berikad",Tillsatt socker,Smaksatt fil yoghurt,7.0,g
7088,"Fruktyoghurt fett 2,5% berikad",Fritt socker,Smaksatt fil yoghurt,8.0,g
7088,"Fruktyoghurt fett 2,5% berikad","Selen, Se",Smaksatt fil yoghurt,1.9,µg
7088,"Fruktyoghurt fett 2,5% berikad",Sackaros,Smaksatt fil yoghurt,4.8,g
7088,"Fruktyoghurt fett 2,5% berikad",Riboflavin,Smaksatt fil yoghurt,0.12,mg
7088,"Fruktyoghurt fett 2,5% berikad",Retinol,Smaksatt fil yoghurt,20.6,µg
7088,"Fruktyoghurt fett 2,5% berikad",Protein,Smaksatt fil yoghurt,2.9,g
7088,"Fruktyoghurt fett 2,5% berikad",Summa fleromättade fettsyror,Smaksatt fil yoghurt,0.1,g
7088,"Fruktyoghurt fett 2,5% berikad","Fosfor, P",Smaksatt fil yoghurt,86.0,mg
7088,"Fruktyoghurt fett 2,5% berikad",Niacinekvivalenter,Smaksatt fil yoghurt,0.8,NE/mg
7088,"Fruktyoghurt fett 2,5% berikad",Niacin,Smaksatt fil yoghurt,0.14,mg
7088,"Fruktyoghurt fett 2,5% berikad","Salt, NaCl",Smaksatt fil yoghurt,0.1,g
7088,"Fruktyoghurt fett 2,5% berikad","Natrium, Na",Smaksatt fil yoghurt,38.0,mg
7088,"Fruktyoghurt fett 2,5% berikad",Monosackarider,Smaksatt fil yoghurt,2.2,g
7088,"Fruktyoghurt fett 2,5% berikad","Sockerarter, totalt",Smaksatt fil yoghurt,10.0,g
7088,"Fruktyoghurt fett 2,5% berikad",Summa enkelomättade fettsyror,Smaksatt fil yoghurt,0.6,g
7088,"Fruktyoghurt fett 2,5% berikad","Magnesium, Mg",Smaksatt fil yoghurt,10.0,mg
7088,"Fruktyoghurt fett 2,5% berikad",Summa mättade fettsyror,Smaksatt fil yoghurt,1.3,g
7088,"Fruktyoghurt fett 2,5% berikad","Kolhydrater, tillgängliga",Smaksatt fil yoghurt,11.8,g
7088,"Fruktyoghurt fett 2,5% berikad",Kolesterol,Smaksatt fil yoghurt,8.2,mg
7088,"Fruktyoghurt fett 2,5% berikad","Kalium, K",Smaksatt fil yoghurt,130.0,mg
7088,"Fruktyoghurt fett 2,5% berikad","Jod, I",Smaksatt fil yoghurt,17.0,µg
7088,"Fruktyoghurt fett 2,5% berikad",Fullkorn totalt,Smaksatt fil yoghurt,0.0,g
7088,"Fruktyoghurt fett 2,5% berikad","Folat, totalt",Smaksatt fil yoghurt,23.0,µg
7088,"Fruktyoghurt fett 2,5% berikad",Fibrer,Smaksatt fil yoghurt,0.4,g
7088,"Fruktyoghurt fett 2,5% berikad","Fett, totalt",Smaksatt fil yoghurt,2.0,g
7088,"Fruktyoghurt fett 2,5% berikad","Järn, Fe",Smaksatt fil yoghurt,0.0,mg
7088,"Fruktyoghurt fett 2,5% berikad",Energi (kJ),Smaksatt fil yoghurt,329.0,kJ
7088,"Fruktyoghurt fett 2,5% berikad",Energi (kcal),Smaksatt fil yoghurt,79.0,kcal
7088,"Fruktyoghurt fett 2,5% berikad",Disackarider,Smaksatt fil yoghurt,7.8,g
7088,"Fruktyoghurt fett 2,5% berikad","Kalcium, Ca",Smaksatt fil yoghurt,100.0,mg
7088,"Fruktyoghurt fett 2,5% berikad",Fettsyra 4:0-10:0,Smaksatt fil yoghurt,0.1,g
7088,"Fruktyoghurt fett 2,5% berikad",DHA (C22:6),Smaksatt fil yoghurt,0.0,g
7088,"Fruktyoghurt fett 2,5% berikad",DPA (C22:5),Smaksatt fil yoghurt,0.0,g
7088,"Fruktyoghurt fett 2,5% berikad",EPA (C20:5),Smaksatt fil yoghurt,0.0,g
7088,"Fruktyoghurt fett 2,5% berikad",Arakidonsyra C20:4,Smaksatt fil yoghurt,0.0,g
7088,"Fruktyoghurt fett 2,5% berikad",Arakidinsyra C20:0,Smaksatt fil yoghurt,0.0,g
7088,"Fruktyoghurt fett 2,5% berikad",Linolensyra C18:3,Smaksatt fil yoghurt,0.0,g
7088,"Fruktyoghurt fett 2,5% berikad",Linolsyra C18:2,Smaksatt fil yoghurt,0.1,g
7088,"Fruktyoghurt fett 2,5% berikad",Oljesyra C18:1,Smaksatt fil yoghurt,0.4,g
7088,"Fruktyoghurt fett 2,5% berikad",Stearinsyra C18:0,Smaksatt fil yoghurt,0.2,g
7088,"Fruktyoghurt fett 2,5% berikad",Palmitoljesyra C16:1,Smaksatt fil yoghurt,0.0,g
7088,"Fruktyoghurt fett 2,5% berikad",Palmitinsyra C16:0,Smaksatt fil yoghurt,0.6,g
7088,"Fruktyoghurt fett 2,5% berikad",Myristinsyra C14:0,Smaksatt fil yoghurt,0.2,g
7088,"Fruktyoghurt fett 2,5% berikad",Laurinsyra C12:0,Smaksatt fil yoghurt,0.1,g
7088,"Fruktyoghurt fett 2,5% berikad",Betakaroten/β-Karoten,Smaksatt fil yoghurt,11.0,µg
7088,"Fruktyoghurt fett 2,5% berikad",Avfall (skal etc.),Smaksatt fil yoghurt,0.0,%
7088,"Fruktyoghurt fett 2,5% berikad",Aska,Smaksatt fil yoghurt,0.8,g
7088,"Fruktyoghurt fett 2,5% berikad",Alkohol,Smaksatt fil yoghurt,0.0,g
7091,Mjuk kaka tårtbotten glutenfri,"Zink, Zn",Bullar kakor tårtor mm,0.5,mg
7091,Mjuk kaka tårtbotten glutenfri,Vitamin E,Bullar kakor tårtor mm,1.8,mg
7091,Mjuk kaka tårtbotten glutenfri,Vitamin D inkl 25-OH-D3,Bullar kakor tårtor mm,0.83,µg
7091,Mjuk kaka tårtbotten glutenfri,Vitamin D,Bullar kakor tårtor mm,0.19,µg
7091,Mjuk kaka tårtbotten glutenfri,Vitamin C,Bullar kakor tårtor mm,0.0,mg
7091,Mjuk kaka tårtbotten glutenfri,Vitamin B6,Bullar kakor tårtor mm,0.03,mg
7091,Mjuk kaka tårtbotten glutenfri,Vitamin B12,Bullar kakor tårtor mm,0.46,µg
7091,Mjuk kaka tårtbotten glutenfri,Vitamin A,Bullar kakor tårtor mm,76.7,RE/µg
7091,Mjuk kaka tårtbotten glutenfri,Vatten,Bullar kakor tårtor mm,26.0,g
7091,Mjuk kaka tårtbotten glutenfri,Tiamin,Bullar kakor tårtor mm,0.02,mg
7091,Mjuk kaka tårtbotten glutenfri,Tillsatt socker,Bullar kakor tårtor mm,37.0,g
7091,Mjuk kaka tårtbotten glutenfri,Fritt socker,Bullar kakor tårtor mm,37.0,g
7091,Mjuk kaka tårtbotten glutenfri,"Selen, Se",Bullar kakor tårtor mm,7.4,µg
7091,Mjuk kaka tårtbotten glutenfri,Sackaros,Bullar kakor tårtor mm,37.0,g
7091,Mjuk kaka tårtbotten glutenfri,Riboflavin,Bullar kakor tårtor mm,0.13,mg
7091,Mjuk kaka tårtbotten glutenfri,Retinol,Bullar kakor tårtor mm,76.6,µg
7091,Mjuk kaka tårtbotten glutenfri,Protein,Bullar kakor tårtor mm,4.0,g
7091,Mjuk kaka tårtbotten glutenfri,Summa fleromättade fettsyror,Bullar kakor tårtor mm,0.5,g
7091,Mjuk kaka tårtbotten glutenfri,"Fosfor, P",Bullar kakor tårtor mm,234.0,mg
7091,Mjuk kaka tårtbotten glutenfri,Niacinekvivalenter,Bullar kakor tårtor mm,1.09,NE/mg
7091,Mjuk kaka tårtbotten glutenfri,Niacin,Bullar kakor tårtor mm,0.05,mg
7091,Mjuk kaka tårtbotten glutenfri,"Salt, NaCl",Bullar kakor tårtor mm,0.4,g
7091,Mjuk kaka tårtbotten glutenfri,"Natrium, Na",Bullar kakor tårtor mm,170.0,mg
7091,Mjuk kaka tårtbotten glutenfri,Monosackarider,Bullar kakor tårtor mm,0.1,g
7091,Mjuk kaka tårtbotten glutenfri,"Sockerarter, totalt",Bullar kakor tårtor mm,37.1,g
7091,Mjuk kaka tårtbotten glutenfri,Summa enkelomättade fettsyror,Bullar kakor tårtor mm,1.3,g
7091,Mjuk kaka tårtbotten glutenfri,"Magnesium, Mg",Bullar kakor tårtor mm,5.0,mg
7091,Mjuk kaka tårtbotten glutenfri,Summa mättade fettsyror,Bullar kakor tårtor mm,0.9,g
7091,Mjuk kaka tårtbotten glutenfri,"Kolhydrater, tillgängliga",Bullar kakor tårtor mm,65.3,g
7091,Mjuk kaka tårtbotten glutenfri,Kolesterol,Bullar kakor tårtor mm,111.8,mg
7091,Mjuk kaka tårtbotten glutenfri,"Kalium, K",Bullar kakor tårtor mm,67.0,mg
7091,Mjuk kaka tårtbotten glutenfri,"Jod, I",Bullar kakor tårtor mm,16.1,µg
7091,Mjuk kaka tårtbotten glutenfri,Fullkorn totalt,Bullar kakor tårtor mm,0.0,g
7091,Mjuk kaka tårtbotten glutenfri,"Folat, totalt",Bullar kakor tårtor mm,19.7,µg
7091,Mjuk kaka tårtbotten glutenfri,Fibrer,Bullar kakor tårtor mm,0.0,g
7091,Mjuk kaka tårtbotten glutenfri,"Fett, totalt",Bullar kakor tårtor mm,3.3,g
7091,Mjuk kaka tårtbotten glutenfri,"Järn, Fe",Bullar kakor tårtor mm,0.6,mg
7091,Mjuk kaka tårtbotten glutenfri,Energi (kJ),Bullar kakor tårtor mm,1302.0,kJ
7091,Mjuk kaka tårtbotten glutenfri,Energi (kcal),Bullar kakor tårtor mm,311.0,kcal
7091,Mjuk kaka tårtbotten glutenfri,Disackarider,Bullar kakor tårtor mm,37.0,g
7091,Mjuk kaka tårtbotten glutenfri,"Kalcium, Ca",Bullar kakor tårtor mm,135.0,mg
7091,Mjuk kaka tårtbotten glutenfri,Fettsyra 4:0-10:0,Bullar kakor tårtor mm,0.0,g
7091,Mjuk kaka tårtbotten glutenfri,DHA (C22:6),Bullar kakor tårtor mm,0.0,g
7091,Mjuk kaka tårtbotten glutenfri,DPA (C22:5),Bullar kakor tårtor mm,0.0,g
7091,Mjuk kaka tårtbotten glutenfri,EPA (C20:5),Bullar kakor tårtor mm,0.0,g
7091,Mjuk kaka tårtbotten glutenfri,Arakidonsyra C20:4,Bullar kakor tårtor mm,0.0,g
7091,Mjuk kaka tårtbotten glutenfri,Arakidinsyra C20:0,Bullar kakor tårtor mm,0.0,g
7091,Mjuk kaka tårtbotten glutenfri,Linolensyra C18:3,Bullar kakor tårtor mm,0.0,g
7091,Mjuk kaka tårtbotten glutenfri,Linolsyra C18:2,Bullar kakor tårtor mm,0.4,g
7091,Mjuk kaka tårtbotten glutenfri,Oljesyra C18:1,Bullar kakor tårtor mm,1.2,g
7091,Mjuk kaka tårtbotten glutenfri,Stearinsyra C18:0,Bullar kakor tårtor mm,0.2,g
7091,Mjuk kaka tårtbotten glutenfri,Palmitoljesyra C16:1,Bullar kakor tårtor mm,0.1,g
7091,Mjuk kaka tårtbotten glutenfri,Palmitinsyra C16:0,Bullar kakor tårtor mm,0.6,g
7091,Mjuk kaka tårtbotten glutenfri,Myristinsyra C14:0,Bullar kakor tårtor mm,0.0,g
7091,Mjuk kaka tårtbotten glutenfri,Laurinsyra C12:0,Bullar kakor tårtor mm,0.0,g
7091,Mjuk kaka tårtbotten glutenfri,Betakaroten/β-Karoten,Bullar kakor tårtor mm,0.0,µg
7091,Mjuk kaka tårtbotten glutenfri,Avfall (skal etc.),Bullar kakor tårtor mm,4.0,%
7091,Mjuk kaka tårtbotten glutenfri,Aska,Bullar kakor tårtor mm,1.1,g
7091,Mjuk kaka tårtbotten glutenfri,Alkohol,Bullar kakor tårtor mm,0.0,g
7135,Soygurt smaksatt osötad berikad,"Zink, Zn",Vegetabiliska produkter och mjölkersättning,0.3,mg
7135,Soygurt smaksatt osötad berikad,Vitamin E,Vegetabiliska produkter och mjölkersättning,0.6,mg
7135,Soygurt smaksatt osötad berikad,Vitamin D,Vegetabiliska produkter och mjölkersättning,0.75,µg
7135,Soygurt smaksatt osötad berikad,Vitamin C,Vegetabiliska produkter och mjölkersättning,0.0,mg
7135,Soygurt smaksatt osötad berikad,Vitamin B6,Vegetabiliska produkter och mjölkersättning,0.03,mg
7135,Soygurt smaksatt osötad berikad,Vitamin B12,Vegetabiliska produkter och mjölkersättning,0.38,µg
7135,Soygurt smaksatt osötad berikad,Vitamin A,Vegetabiliska produkter och mjölkersättning,9.9,RE/µg
7135,Soygurt smaksatt osötad berikad,Vatten,Vegetabiliska produkter och mjölkersättning,88.0,g
7135,Soygurt smaksatt osötad berikad,Tiamin,Vegetabiliska produkter och mjölkersättning,0.02,mg
7135,Soygurt smaksatt osötad berikad,Tillsatt socker,Vegetabiliska produkter och mjölkersättning,0.0,g
7135,Soygurt smaksatt osötad berikad,Fritt socker,Vegetabiliska produkter och mjölkersättning,4.0,g
7135,Soygurt smaksatt osötad berikad,"Selen, Se",Vegetabiliska produkter och mjölkersättning,0.6,µg
7135,Soygurt smaksatt osötad berikad,Sackaros,Vegetabiliska produkter och mjölkersättning,0.9,g
7135,Soygurt smaksatt osötad berikad,Riboflavin,Vegetabiliska produkter och mjölkersättning,0.21,mg
7135,Soygurt smaksatt osötad berikad,Retinol,Vegetabiliska produkter och mjölkersättning,0.0,µg
7135,Soygurt smaksatt osötad berikad,Protein,Vegetabiliska produkter och mjölkersättning,3.2,g
7135,Soygurt smaksatt osötad berikad,Summa fleromättade fettsyror,Vegetabiliska produkter och mjölkersättning,1.1,g
7135,Soygurt smaksatt osötad berikad,"Fosfor, P",Vegetabiliska produkter och mjölkersättning,80.0,mg
7135,Soygurt smaksatt osötad berikad,Niacinekvivalenter,Vegetabiliska produkter och mjölkersättning,0.7,NE/mg
7135,Soygurt smaksatt osötad berikad,Niacin,Vegetabiliska produkter och mjölkersättning,0.19,mg
7135,Soygurt smaksatt osötad berikad,"Salt, NaCl",Vegetabiliska produkter och mjölkersättning,0.1,g
7135,Soygurt smaksatt osötad berikad,"Natrium, Na",Vegetabiliska produkter och mjölkersättning,48.0,mg
7135,Soygurt smaksatt osötad berikad,Monosackarider,Vegetabiliska produkter och mjölkersättning,2.8,g
7135,Soygurt smaksatt osötad berikad,"Sockerarter, totalt",Vegetabiliska produkter och mjölkersättning,3.7,g
7135,Soygurt smaksatt osötad berikad,Summa enkelomättade fettsyror,Vegetabiliska produkter och mjölkersättning,0.4,g
7135,Soygurt smaksatt osötad berikad,"Magnesium, Mg",Vegetabiliska produkter och mjölkersättning,19.0,mg
7135,Soygurt smaksatt osötad berikad,Summa mättade fettsyror,Vegetabiliska produkter och mjölkersättning,0.3,g
7135,Soygurt smaksatt osötad berikad,"Kolhydrater, tillgängliga",Vegetabiliska produkter och mjölkersättning,4.5,g
7135,Soygurt smaksatt osötad berikad,Kolesterol,Vegetabiliska produkter och mjölkersättning,0.0,mg
7135,Soygurt smaksatt osötad berikad,"Kalium, K",Vegetabiliska produkter och mjölkersättning,130.0,mg
7135,Soygurt smaksatt osötad berikad,"Jod, I",Vegetabiliska produkter och mjölkersättning,0.0,µg
7135,Soygurt smaksatt osötad berikad,Fullkorn totalt,Vegetabiliska produkter och mjölkersättning,0.0,g
7135,Soygurt smaksatt osötad berikad,"Folat, totalt",Vegetabiliska produkter och mjölkersättning,15.0,µg
7135,Soygurt smaksatt osötad berikad,Fibrer,Vegetabiliska produkter och mjölkersättning,1.3,g
7135,Soygurt smaksatt osötad berikad,"Fett, totalt",Vegetabiliska produkter och mjölkersättning,2.2,g
7135,Soygurt smaksatt osötad berikad,"Järn, Fe",Vegetabiliska produkter och mjölkersättning,0.4,mg
7135,Soygurt smaksatt osötad berikad,Energi (kJ),Vegetabiliska produkter och mjölkersättning,222.0,kJ
7135,Soygurt smaksatt osötad berikad,Energi (kcal),Vegetabiliska produkter och mjölkersättning,53.0,kcal
7135,Soygurt smaksatt osötad berikad,Disackarider,Vegetabiliska produkter och mjölkersättning,0.9,g
7135,Soygurt smaksatt osötad berikad,"Kalcium, Ca",Vegetabiliska produkter och mjölkersättning,120.0,mg
7135,Soygurt smaksatt osötad berikad,Fettsyra 4:0-10:0,Vegetabiliska produkter och mjölkersättning,0.0,g
7135,Soygurt smaksatt osötad berikad,DHA (C22:6),Vegetabiliska produkter och mjölkersättning,0.0,g
7135,Soygurt smaksatt osötad berikad,DPA (C22:5),Vegetabiliska produkter och mjölkersättning,0.0,g
7135,Soygurt smaksatt osötad berikad,EPA (C20:5),Vegetabiliska produkter och mjölkersättning,0.0,g
7135,Soygurt smaksatt osötad berikad,Arakidonsyra C20:4,Vegetabiliska produkter och mjölkersättning,0.0,g
7135,Soygurt smaksatt osötad berikad,Arakidinsyra C20:0,Vegetabiliska produkter och mjölkersättning,0.0,g
7135,Soygurt smaksatt osötad berikad,Linolensyra C18:3,Vegetabiliska produkter och mjölkersättning,0.1,g
7135,Soygurt smaksatt osötad berikad,Linolsyra C18:2,Vegetabiliska produkter och mjölkersättning,1.0,g
7135,Soygurt smaksatt osötad berikad,Oljesyra C18:1,Vegetabiliska produkter och mjölkersättning,0.4,g
7135,Soygurt smaksatt osötad berikad,Stearinsyra C18:0,Vegetabiliska produkter och mjölkersättning,0.1,g
7135,Soygurt smaksatt osötad berikad,Palmitoljesyra C16:1,Vegetabiliska produkter och mjölkersättning,0.0,g
7135,Soygurt smaksatt osötad berikad,Palmitinsyra C16:0,Vegetabiliska produkter och mjölkersättning,0.2,g
7135,Soygurt smaksatt osötad berikad,Myristinsyra C14:0,Vegetabiliska produkter och mjölkersättning,0.0,g
7135,Soygurt smaksatt osötad berikad,Laurinsyra C12:0,Vegetabiliska produkter och mjölkersättning,0.0,g
7135,Soygurt smaksatt osötad berikad,Betakaroten/β-Karoten,Vegetabiliska produkter och mjölkersättning,111.0,µg
7135,Soygurt smaksatt osötad berikad,Avfall (skal etc.),Vegetabiliska produkter och mjölkersättning,0.0,%
7135,Soygurt smaksatt osötad berikad,Aska,Vegetabiliska produkter och mjölkersättning,0.8,g
7135,Soygurt smaksatt osötad berikad,Alkohol,Vegetabiliska produkter och mjölkersättning,0.0,g
7136,Soygurt naturell eko. berikad,"Zink, Zn",Vegetabiliska produkter och mjölkersättning,0.4,mg
7136,Soygurt naturell eko. berikad,Vitamin E,Vegetabiliska produkter och mjölkersättning,0.2,mg
7136,Soygurt naturell eko. berikad,Vitamin D,Vegetabiliska produkter och mjölkersättning,1.0,µg
7136,Soygurt naturell eko. berikad,Vitamin C,Vegetabiliska produkter och mjölkersättning,0.0,mg
7136,Soygurt naturell eko. berikad,Vitamin B6,Vegetabiliska produkter och mjölkersättning,0.07,mg
7136,Soygurt naturell eko. berikad,Vitamin B12,Vegetabiliska produkter och mjölkersättning,0.0,µg
7136,Soygurt naturell eko. berikad,Vitamin A,Vegetabiliska produkter och mjölkersättning,0.0,RE/µg
7136,Soygurt naturell eko. berikad,Vatten,Vegetabiliska produkter och mjölkersättning,86.8,g
7136,Soygurt naturell eko. berikad,Tiamin,Vegetabiliska produkter och mjölkersättning,0.03,mg
7136,Soygurt naturell eko. berikad,Tillsatt socker,Vegetabiliska produkter och mjölkersättning,0.0,g
7136,Soygurt naturell eko. berikad,Fritt socker,Vegetabiliska produkter och mjölkersättning,0.0,g
7136,Soygurt naturell eko. berikad,"Selen, Se",Vegetabiliska produkter och mjölkersättning,2.1,µg
7136,Soygurt naturell eko. berikad,Sackaros,Vegetabiliska produkter och mjölkersättning,0.1,g
7136,Soygurt naturell eko. berikad,Riboflavin,Vegetabiliska produkter och mjölkersättning,0.0,mg
7136,Soygurt naturell eko. berikad,Retinol,Vegetabiliska produkter och mjölkersättning,0.0,µg
7136,Soygurt naturell eko. berikad,Protein,Vegetabiliska produkter och mjölkersättning,4.0,g
7136,Soygurt naturell eko. berikad,Summa fleromättade fettsyror,Vegetabiliska produkter och mjölkersättning,1.2,g
7136,Soygurt naturell eko. berikad,"Fosfor, P",Vegetabiliska produkter och mjölkersättning,60.0,mg
7136,Soygurt naturell eko. berikad,Niacinekvivalenter,Vegetabiliska produkter och mjölkersättning,0.9,NE/mg
7136,Soygurt naturell eko. berikad,Niacin,Vegetabiliska produkter och mjölkersättning,0.22,mg
7136,Soygurt naturell eko. berikad,"Salt, NaCl",Vegetabiliska produkter och mjölkersättning,0.1,g
7136,Soygurt naturell eko. berikad,"Natrium, Na",Vegetabiliska produkter och mjölkersättning,36.0,mg
7136,Soygurt naturell eko. berikad,Monosackarider,Vegetabiliska produkter och mjölkersättning,0.1,g
7136,Soygurt naturell eko. berikad,"Sockerarter, totalt",Vegetabiliska produkter och mjölkersättning,0.4,g
7136,Soygurt naturell eko. berikad,Summa enkelomättade fettsyror,Vegetabiliska produkter och mjölkersättning,0.5,g
7136,Soygurt naturell eko. berikad,"Magnesium, Mg",Vegetabiliska produkter och mjölkersättning,32.0,mg
7136,Soygurt naturell eko. berikad,Summa mättade fettsyror,Vegetabiliska produkter och mjölkersättning,0.3,g
7136,Soygurt naturell eko. berikad,"Kolhydrater, tillgängliga",Vegetabiliska produkter och mjölkersättning,4.6,g
7136,Soygurt naturell eko. berikad,Kolesterol,Vegetabiliska produkter och mjölkersättning,0.0,mg
7136,Soygurt naturell eko. berikad,"Kalium, K",Vegetabiliska produkter och mjölkersättning,220.0,mg
7136,Soygurt naturell eko. berikad,"Jod, I",Vegetabiliska produkter och mjölkersättning,0.0,µg
7136,Soygurt naturell eko. berikad,Fullkorn totalt,Vegetabiliska produkter och mjölkersättning,0.0,g
7136,Soygurt naturell eko. berikad,"Folat, totalt",Vegetabiliska produkter och mjölkersättning,15.0,µg
7136,Soygurt naturell eko. berikad,Fibrer,Vegetabiliska produkter och mjölkersättning,1.1,g
7136,Soygurt naturell eko. berikad,"Fett, totalt",Vegetabiliska produkter och mjölkersättning,2.6,g
7136,Soygurt naturell eko. berikad,"Järn, Fe",Vegetabiliska produkter och mjölkersättning,0.6,mg
7136,Soygurt naturell eko. berikad,Energi (kJ),Vegetabiliska produkter och mjölkersättning,252.0,kJ
7136,Soygurt naturell eko. berikad,Energi (kcal),Vegetabiliska produkter och mjölkersättning,60.0,kcal
7136,Soygurt naturell eko. berikad,Disackarider,Vegetabiliska produkter och mjölkersättning,0.3,g
7136,Soygurt naturell eko. berikad,"Kalcium, Ca",Vegetabiliska produkter och mjölkersättning,82.0,mg
7136,Soygurt naturell eko. berikad,Fettsyra 4:0-10:0,Vegetabiliska produkter och mjölkersättning,0.0,g
7136,Soygurt naturell eko. berikad,DHA (C22:6),Vegetabiliska produkter och mjölkersättning,0.0,g
7136,Soygurt naturell eko. berikad,DPA (C22:5),Vegetabiliska produkter och mjölkersättning,0.0,g
7136,Soygurt naturell eko. berikad,EPA (C20:5),Vegetabiliska produkter och mjölkersättning,0.0,g
7136,Soygurt naturell eko. berikad,Arakidonsyra C20:4,Vegetabiliska produkter och mjölkersättning,0.0,g
7136,Soygurt naturell eko. berikad,Arakidinsyra C20:0,Vegetabiliska produkter och mjölkersättning,0.0,g
7136,Soygurt naturell eko. berikad,Linolensyra C18:3,Vegetabiliska produkter och mjölkersättning,0.1,g
7136,Soygurt naturell eko. berikad,Linolsyra C18:2,Vegetabiliska produkter och mjölkersättning,1.1,g
7136,Soygurt naturell eko. berikad,Oljesyra C18:1,Vegetabiliska produkter och mjölkersättning,0.5,g
7136,Soygurt naturell eko. berikad,Stearinsyra C18:0,Vegetabiliska produkter och mjölkersättning,0.1,g
7136,Soygurt naturell eko. berikad,Palmitoljesyra C16:1,Vegetabiliska produkter och mjölkersättning,0.0,g
7136,Soygurt naturell eko. berikad,Palmitinsyra C16:0,Vegetabiliska produkter och mjölkersättning,0.2,g
7136,Soygurt naturell eko. berikad,Myristinsyra C14:0,Vegetabiliska produkter och mjölkersättning,0.0,g
7136,Soygurt naturell eko. berikad,Laurinsyra C12:0,Vegetabiliska produkter och mjölkersättning,0.0,g
7136,Soygurt naturell eko. berikad,Betakaroten/β-Karoten,Vegetabiliska produkter och mjölkersättning,0.0,µg
7136,Soygurt naturell eko. berikad,Avfall (skal etc.),Vegetabiliska produkter och mjölkersättning,0.0,%
7136,Soygurt naturell eko. berikad,Aska,Vegetabiliska produkter och mjölkersättning,0.8,g
7136,Soygurt naturell eko. berikad,Alkohol,Vegetabiliska produkter och mjölkersättning,0.0,g
7137,Crème fraiche fett 32%,"Zink, Zn",Grädde creme fraiche,0.2,mg
7137,Crème fraiche fett 32%,Vitamin E,Grädde creme fraiche,0.8,mg
7137,Crème fraiche fett 32%,Vitamin D,Grädde creme fraiche,0.0,µg
7137,Crème fraiche fett 32%,Vitamin C,Grädde creme fraiche,0.0,mg
7137,Crème fraiche fett 32%,Vitamin B6,Grädde creme fraiche,0.02,mg
7137,Crème fraiche fett 32%,Vitamin B12,Grädde creme fraiche,0.0,µg
7137,Crème fraiche fett 32%,Vitamin A,Grädde creme fraiche,337.0,RE/µg
7137,Crème fraiche fett 32%,Vatten,Grädde creme fraiche,62.4,g
7137,Crème fraiche fett 32%,Tiamin,Grädde creme fraiche,0.0,mg
7137,Crème fraiche fett 32%,Tillsatt socker,Grädde creme fraiche,0.0,g
7137,Crème fraiche fett 32%,Fritt socker,Grädde creme fraiche,0.0,g
7137,Crème fraiche fett 32%,"Selen, Se",Grädde creme fraiche,1.9,µg
7137,Crème fraiche fett 32%,Sackaros,Grädde creme fraiche,0.0,g
7137,Crème fraiche fett 32%,Riboflavin,Grädde creme fraiche,0.08,mg
7137,Crème fraiche fett 32%,Retinol,Grädde creme fraiche,327.0,µg
7137,Crème fraiche fett 32%,Protein,Grädde creme fraiche,2.0,g
7137,Crème fraiche fett 32%,Summa fleromättade fettsyror,Grädde creme fraiche,0.9,g
7137,Crème fraiche fett 32%,"Fosfor, P",Grädde creme fraiche,62.0,mg
7137,Crème fraiche fett 32%,Niacinekvivalenter,Grädde creme fraiche,0.5,NE/mg
7137,Crème fraiche fett 32%,Niacin,Grädde creme fraiche,0.07,mg
7137,Crème fraiche fett 32%,"Salt, NaCl",Grädde creme fraiche,0.1,g
7137,Crème fraiche fett 32%,"Natrium, Na",Grädde creme fraiche,25.0,mg
7137,Crème fraiche fett 32%,Monosackarider,Grädde creme fraiche,0.0,g
7137,Crème fraiche fett 32%,"Sockerarter, totalt",Grädde creme fraiche,2.6,g
7137,Crème fraiche fett 32%,Summa enkelomättade fettsyror,Grädde creme fraiche,6.6,g
7137,Crème fraiche fett 32%,"Magnesium, Mg",Grädde creme fraiche,6.0,mg
7137,Crème fraiche fett 32%,Summa mättade fettsyror,Grädde creme fraiche,24.0,g
7137,Crème fraiche fett 32%,"Kolhydrater, tillgängliga",Grädde creme fraiche,1.6,g
7137,Crème fraiche fett 32%,Kolesterol,Grädde creme fraiche,52.7,mg
7137,Crème fraiche fett 32%,"Kalium, K",Grädde creme fraiche,85.0,mg
7137,Crème fraiche fett 32%,"Jod, I",Grädde creme fraiche,12.0,µg
7137,Crème fraiche fett 32%,Fullkorn totalt,Grädde creme fraiche,0.0,g
7137,Crème fraiche fett 32%,"Folat, totalt",Grädde creme fraiche,7.6,µg
7137,Crème fraiche fett 32%,Fibrer,Grädde creme fraiche,0.0,g
7137,Crème fraiche fett 32%,"Fett, totalt",Grädde creme fraiche,33.6,g
7137,Crème fraiche fett 32%,"Järn, Fe",Grädde creme fraiche,0.0,mg
7137,Crème fraiche fett 32%,Energi (kJ),Grädde creme fraiche,1304.0,kJ
7137,Crème fraiche fett 32%,Energi (kcal),Grädde creme fraiche,312.0,kcal
7137,Crème fraiche fett 32%,Disackarider,Grädde creme fraiche,2.6,g
7137,Crème fraiche fett 32%,"Kalcium, Ca",Grädde creme fraiche,59.0,mg
7137,Crème fraiche fett 32%,Fettsyra 4:0-10:0,Grädde creme fraiche,1.8,g
7137,Crème fraiche fett 32%,DHA (C22:6),Grädde creme fraiche,0.0,g
7137,Crème fraiche fett 32%,DPA (C22:5),Grädde creme fraiche,0.0,g
7137,Crème fraiche fett 32%,EPA (C20:5),Grädde creme fraiche,0.0,g
7137,Crème fraiche fett 32%,Arakidonsyra C20:4,Grädde creme fraiche,0.0,g
7137,Crème fraiche fett 32%,Arakidinsyra C20:0,Grädde creme fraiche,0.1,g
7137,Crème fraiche fett 32%,Linolensyra C18:3,Grädde creme fraiche,0.1,g
7137,Crème fraiche fett 32%,Linolsyra C18:2,Grädde creme fraiche,0.7,g
7137,Crème fraiche fett 32%,Oljesyra C18:1,Grädde creme fraiche,5.7,g
7137,Crème fraiche fett 32%,Stearinsyra C18:0,Grädde creme fraiche,3.8,g
7137,Crème fraiche fett 32%,Palmitoljesyra C16:1,Grädde creme fraiche,0.4,g
7137,Crème fraiche fett 32%,Palmitinsyra C16:0,Grädde creme fraiche,11.8,g
7137,Crème fraiche fett 32%,Myristinsyra C14:0,Grädde creme fraiche,4.2,g
7137,Crème fraiche fett 32%,Laurinsyra C12:0,Grädde creme fraiche,1.2,g
7137,Crème fraiche fett 32%,Betakaroten/β-Karoten,Grädde creme fraiche,120.0,µg
7137,Crème fraiche fett 32%,Avfall (skal etc.),Grädde creme fraiche,0.0,%
7137,Crème fraiche fett 32%,Aska,Grädde creme fraiche,0.5,g
7137,Crème fraiche fett 32%,Alkohol,Grädde creme fraiche,0.0,g
7138,Crème fraiche laktosfri fett 32-34%,"Zink, Zn",Grädde creme fraiche,0.2,mg
7138,Crème fraiche laktosfri fett 32-34%,Vitamin E,Grädde creme fraiche,0.8,mg
7138,Crème fraiche laktosfri fett 32-34%,Vitamin D,Grädde creme fraiche,0.0,µg
7138,Crème fraiche laktosfri fett 32-34%,Vitamin C,Grädde creme fraiche,0.0,mg
7138,Crème fraiche laktosfri fett 32-34%,Vitamin B6,Grädde creme fraiche,0.02,mg
7138,Crème fraiche laktosfri fett 32-34%,Vitamin B12,Grädde creme fraiche,0.0,µg
7138,Crème fraiche laktosfri fett 32-34%,Vitamin A,Grädde creme fraiche,337.0,RE/µg
7138,Crème fraiche laktosfri fett 32-34%,Vatten,Grädde creme fraiche,62.4,g
7138,Crème fraiche laktosfri fett 32-34%,Tiamin,Grädde creme fraiche,0.0,mg
7138,Crème fraiche laktosfri fett 32-34%,Tillsatt socker,Grädde creme fraiche,0.0,g
7138,Crème fraiche laktosfri fett 32-34%,Fritt socker,Grädde creme fraiche,0.0,g
7138,Crème fraiche laktosfri fett 32-34%,"Selen, Se",Grädde creme fraiche,1.9,µg
7138,Crème fraiche laktosfri fett 32-34%,Sackaros,Grädde creme fraiche,0.0,g
7138,Crème fraiche laktosfri fett 32-34%,Riboflavin,Grädde creme fraiche,0.08,mg
7138,Crème fraiche laktosfri fett 32-34%,Retinol,Grädde creme fraiche,327.0,µg
7138,Crème fraiche laktosfri fett 32-34%,Protein,Grädde creme fraiche,2.0,g
7138,Crème fraiche laktosfri fett 32-34%,Summa fleromättade fettsyror,Grädde creme fraiche,0.9,g
7138,Crème fraiche laktosfri fett 32-34%,"Fosfor, P",Grädde creme fraiche,62.0,mg
7138,Crème fraiche laktosfri fett 32-34%,Niacinekvivalenter,Grädde creme fraiche,0.5,NE/mg
7138,Crème fraiche laktosfri fett 32-34%,Niacin,Grädde creme fraiche,0.07,mg
7138,Crème fraiche laktosfri fett 32-34%,"Salt, NaCl",Grädde creme fraiche,0.1,g
7138,Crème fraiche laktosfri fett 32-34%,"Natrium, Na",Grädde creme fraiche,25.0,mg
7138,Crème fraiche laktosfri fett 32-34%,Monosackarider,Grädde creme fraiche,1.1,g
7138,Crème fraiche laktosfri fett 32-34%,"Sockerarter, totalt",Grädde creme fraiche,1.1,g
7138,Crème fraiche laktosfri fett 32-34%,Summa enkelomättade fettsyror,Grädde creme fraiche,6.6,g
7138,Crème fraiche laktosfri fett 32-34%,"Magnesium, Mg",Grädde creme fraiche,6.0,mg
7138,Crème fraiche laktosfri fett 32-34%,Summa mättade fettsyror,Grädde creme fraiche,24.0,g
7138,Crème fraiche laktosfri fett 32-34%,"Kolhydrater, tillgängliga",Grädde creme fraiche,1.6,g
7138,Crème fraiche laktosfri fett 32-34%,Kolesterol,Grädde creme fraiche,52.7,mg
7138,Crème fraiche laktosfri fett 32-34%,"Kalium, K",Grädde creme fraiche,85.0,mg
7138,Crème fraiche laktosfri fett 32-34%,"Jod, I",Grädde creme fraiche,12.0,µg
7138,Crème fraiche laktosfri fett 32-34%,Fullkorn totalt,Grädde creme fraiche,0.0,g
7138,Crème fraiche laktosfri fett 32-34%,"Folat, totalt",Grädde creme fraiche,7.6,µg
7138,Crème fraiche laktosfri fett 32-34%,Fibrer,Grädde creme fraiche,0.0,g
7138,Crème fraiche laktosfri fett 32-34%,"Fett, totalt",Grädde creme fraiche,33.6,g
7138,Crème fraiche laktosfri fett 32-34%,"Järn, Fe",Grädde creme fraiche,0.0,mg
7138,Crème fraiche laktosfri fett 32-34%,Energi (kJ),Grädde creme fraiche,1304.0,kJ
7138,Crème fraiche laktosfri fett 32-34%,Energi (kcal),Grädde creme fraiche,312.0,kcal
7138,Crème fraiche laktosfri fett 32-34%,Disackarider,Grädde creme fraiche,0.0,g
7138,Crème fraiche laktosfri fett 32-34%,"Kalcium, Ca",Grädde creme fraiche,59.0,mg
7138,Crème fraiche laktosfri fett 32-34%,Fettsyra 4:0-10:0,Grädde creme fraiche,1.8,g
7138,Crème fraiche laktosfri fett 32-34%,DHA (C22:6),Grädde creme fraiche,0.0,g
7138,Crème fraiche laktosfri fett 32-34%,DPA (C22:5),Grädde creme fraiche,0.0,g
7138,Crème fraiche laktosfri fett 32-34%,EPA (C20:5),Grädde creme fraiche,0.0,g
7138,Crème fraiche laktosfri fett 32-34%,Arakidonsyra C20:4,Grädde creme fraiche,0.0,g
7138,Crème fraiche laktosfri fett 32-34%,Arakidinsyra C20:0,Grädde creme fraiche,0.1,g
7138,Crème fraiche laktosfri fett 32-34%,Linolensyra C18:3,Grädde creme fraiche,0.1,g
7138,Crème fraiche laktosfri fett 32-34%,Linolsyra C18:2,Grädde creme fraiche,0.7,g
7138,Crème fraiche laktosfri fett 32-34%,Oljesyra C18:1,Grädde creme fraiche,5.7,g
7138,Crème fraiche laktosfri fett 32-34%,Stearinsyra C18:0,Grädde creme fraiche,3.8,g
7138,Crème fraiche laktosfri fett 32-34%,Palmitoljesyra C16:1,Grädde creme fraiche,0.4,g
7138,Crème fraiche laktosfri fett 32-34%,Palmitinsyra C16:0,Grädde creme fraiche,11.8,g
7138,Crème fraiche laktosfri fett 32-34%,Myristinsyra C14:0,Grädde creme fraiche,4.2,g
7138,Crème fraiche laktosfri fett 32-34%,Laurinsyra C12:0,Grädde creme fraiche,1.2,g
7138,Crème fraiche laktosfri fett 32-34%,Betakaroten/β-Karoten,Grädde creme fraiche,120.0,µg
7138,Crème fraiche laktosfri fett 32-34%,Avfall (skal etc.),Grädde creme fraiche,0.0,%
7138,Crème fraiche laktosfri fett 32-34%,Aska,Grädde creme fraiche,0.5,g
7138,Crème fraiche laktosfri fett 32-34%,Alkohol,Grädde creme fraiche,0.0,g
7139,Crème fraiche lätt fett 13%,"Zink, Zn",Grädde creme fraiche,0.3,mg
7139,Crème fraiche lätt fett 13%,Vitamin E,Grädde creme fraiche,0.3,mg
7139,Crème fraiche lätt fett 13%,Vitamin D,Grädde creme fraiche,0.0,µg
7139,Crème fraiche lätt fett 13%,Vitamin C,Grädde creme fraiche,0.0,mg
7139,Crème fraiche lätt fett 13%,Vitamin B6,Grädde creme fraiche,0.03,mg
7139,Crème fraiche lätt fett 13%,Vitamin B12,Grädde creme fraiche,0.0,µg
7139,Crème fraiche lätt fett 13%,Vitamin A,Grädde creme fraiche,125.2,RE/µg
7139,Crème fraiche lätt fett 13%,Vatten,Grädde creme fraiche,79.4,g
7139,Crème fraiche lätt fett 13%,Tiamin,Grädde creme fraiche,0.0,mg
7139,Crème fraiche lätt fett 13%,Tillsatt socker,Grädde creme fraiche,0.0,g
7139,Crème fraiche lätt fett 13%,Fritt socker,Grädde creme fraiche,0.0,g
7139,Crème fraiche lätt fett 13%,"Selen, Se",Grädde creme fraiche,1.2,µg
7139,Crème fraiche lätt fett 13%,Sackaros,Grädde creme fraiche,0.0,g
7139,Crème fraiche lätt fett 13%,Riboflavin,Grädde creme fraiche,0.1,mg
7139,Crème fraiche lätt fett 13%,Retinol,Grädde creme fraiche,121.0,µg
7139,Crème fraiche lätt fett 13%,Protein,Grädde creme fraiche,2.9,g
7139,Crème fraiche lätt fett 13%,Summa fleromättade fettsyror,Grädde creme fraiche,0.4,g
7139,Crème fraiche lätt fett 13%,"Fosfor, P",Grädde creme fraiche,83.0,mg
7139,Crème fraiche lätt fett 13%,Niacinekvivalenter,Grädde creme fraiche,0.8,NE/mg
7139,Crème fraiche lätt fett 13%,Niacin,Grädde creme fraiche,0.09,mg
7139,Crème fraiche lätt fett 13%,"Salt, NaCl",Grädde creme fraiche,0.1,g
7139,Crème fraiche lätt fett 13%,"Natrium, Na",Grädde creme fraiche,32.0,mg
7139,Crème fraiche lätt fett 13%,Monosackarider,Grädde creme fraiche,0.0,g
7139,Crème fraiche lätt fett 13%,"Sockerarter, totalt",Grädde creme fraiche,3.0,g
7139,Crème fraiche lätt fett 13%,Summa enkelomättade fettsyror,Grädde creme fraiche,2.9,g
7139,Crème fraiche lätt fett 13%,"Magnesium, Mg",Grädde creme fraiche,8.0,mg
7139,Crème fraiche lätt fett 13%,Summa mättade fettsyror,Grädde creme fraiche,7.9,g
7139,Crème fraiche lätt fett 13%,"Kolhydrater, tillgängliga",Grädde creme fraiche,5.2,g
7139,Crème fraiche lätt fett 13%,Kolesterol,Grädde creme fraiche,22.5,mg
7139,Crème fraiche lätt fett 13%,"Kalium, K",Grädde creme fraiche,110.0,mg
7139,Crème fraiche lätt fett 13%,"Jod, I",Grädde creme fraiche,15.0,µg
7139,Crème fraiche lätt fett 13%,Fullkorn totalt,Grädde creme fraiche,0.0,g
7139,Crème fraiche lätt fett 13%,"Folat, totalt",Grädde creme fraiche,9.6,µg
7139,Crème fraiche lätt fett 13%,Fibrer,Grädde creme fraiche,0.0,g
7139,Crème fraiche lätt fett 13%,"Fett, totalt",Grädde creme fraiche,11.9,g
7139,Crème fraiche lätt fett 13%,"Järn, Fe",Grädde creme fraiche,0.0,mg
7139,Crème fraiche lätt fett 13%,Energi (kJ),Grädde creme fraiche,579.0,kJ
7139,Crème fraiche lätt fett 13%,Energi (kcal),Grädde creme fraiche,138.0,kcal
7139,Crème fraiche lätt fett 13%,Disackarider,Grädde creme fraiche,3.0,g
7139,Crème fraiche lätt fett 13%,"Kalcium, Ca",Grädde creme fraiche,89.0,mg
7139,Crème fraiche lätt fett 13%,Fettsyra 4:0-10:0,Grädde creme fraiche,0.9,g
7139,Crème fraiche lätt fett 13%,DHA (C22:6),Grädde creme fraiche,0.0,g
7139,Crème fraiche lätt fett 13%,DPA (C22:5),Grädde creme fraiche,0.0,g
7139,Crème fraiche lätt fett 13%,EPA (C20:5),Grädde creme fraiche,0.0,g
7139,Crème fraiche lätt fett 13%,Arakidonsyra C20:4,Grädde creme fraiche,0.0,g
7139,Crème fraiche lätt fett 13%,Arakidinsyra C20:0,Grädde creme fraiche,0.0,g
7139,Crème fraiche lätt fett 13%,Linolensyra C18:3,Grädde creme fraiche,0.1,g
7139,Crème fraiche lätt fett 13%,Linolsyra C18:2,Grädde creme fraiche,0.3,g
7139,Crème fraiche lätt fett 13%,Oljesyra C18:1,Grädde creme fraiche,2.5,g
7139,Crème fraiche lätt fett 13%,Stearinsyra C18:0,Grädde creme fraiche,1.0,g
7139,Crème fraiche lätt fett 13%,Palmitoljesyra C16:1,Grädde creme fraiche,0.2,g
7139,Crème fraiche lätt fett 13%,Palmitinsyra C16:0,Grädde creme fraiche,3.8,g
7139,Crème fraiche lätt fett 13%,Myristinsyra C14:0,Grädde creme fraiche,1.4,g
7139,Crème fraiche lätt fett 13%,Laurinsyra C12:0,Grädde creme fraiche,0.4,g
7139,Crème fraiche lätt fett 13%,Betakaroten/β-Karoten,Grädde creme fraiche,50.0,µg
7139,Crème fraiche lätt fett 13%,Avfall (skal etc.),Grädde creme fraiche,0.0,%
7139,Crème fraiche lätt fett 13%,Aska,Grädde creme fraiche,0.6,g
7139,Crème fraiche lätt fett 13%,Alkohol,Grädde creme fraiche,0.0,g
7140,Crème fraiche lätt laktosfri fett 13%,"Zink, Zn",Grädde creme fraiche,0.3,mg
7140,Crème fraiche lätt laktosfri fett 13%,Vitamin E,Grädde creme fraiche,0.3,mg
7140,Crème fraiche lätt laktosfri fett 13%,Vitamin D,Grädde creme fraiche,0.0,µg
7140,Crème fraiche lätt laktosfri fett 13%,Vitamin C,Grädde creme fraiche,0.0,mg
7140,Crème fraiche lätt laktosfri fett 13%,Vitamin B6,Grädde creme fraiche,0.03,mg
7140,Crème fraiche lätt laktosfri fett 13%,Vitamin B12,Grädde creme fraiche,0.0,µg
7140,Crème fraiche lätt laktosfri fett 13%,Vitamin A,Grädde creme fraiche,125.2,RE/µg
7140,Crème fraiche lätt laktosfri fett 13%,Vatten,Grädde creme fraiche,79.4,g
7140,Crème fraiche lätt laktosfri fett 13%,Tiamin,Grädde creme fraiche,0.0,mg
7140,Crème fraiche lätt laktosfri fett 13%,Tillsatt socker,Grädde creme fraiche,0.0,g
7140,Crème fraiche lätt laktosfri fett 13%,Fritt socker,Grädde creme fraiche,0.0,g
7140,Crème fraiche lätt laktosfri fett 13%,"Selen, Se",Grädde creme fraiche,1.2,µg
7140,Crème fraiche lätt laktosfri fett 13%,Sackaros,Grädde creme fraiche,0.0,g
7140,Crème fraiche lätt laktosfri fett 13%,Riboflavin,Grädde creme fraiche,0.1,mg
7140,Crème fraiche lätt laktosfri fett 13%,Retinol,Grädde creme fraiche,121.0,µg
7140,Crème fraiche lätt laktosfri fett 13%,Protein,Grädde creme fraiche,2.9,g
7140,Crème fraiche lätt laktosfri fett 13%,Summa fleromättade fettsyror,Grädde creme fraiche,0.4,g
7140,Crème fraiche lätt laktosfri fett 13%,"Fosfor, P",Grädde creme fraiche,83.0,mg
7140,Crème fraiche lätt laktosfri fett 13%,Niacinekvivalenter,Grädde creme fraiche,0.8,NE/mg
7140,Crème fraiche lätt laktosfri fett 13%,Niacin,Grädde creme fraiche,0.09,mg
7140,Crème fraiche lätt laktosfri fett 13%,"Salt, NaCl",Grädde creme fraiche,0.1,g
7140,Crème fraiche lätt laktosfri fett 13%,"Natrium, Na",Grädde creme fraiche,32.0,mg
7140,Crème fraiche lätt laktosfri fett 13%,Monosackarider,Grädde creme fraiche,1.3,g
7140,Crème fraiche lätt laktosfri fett 13%,"Sockerarter, totalt",Grädde creme fraiche,1.3,g
7140,Crème fraiche lätt laktosfri fett 13%,Summa enkelomättade fettsyror,Grädde creme fraiche,2.9,g
7140,Crème fraiche lätt laktosfri fett 13%,"Magnesium, Mg",Grädde creme fraiche,8.0,mg
7140,Crème fraiche lätt laktosfri fett 13%,Summa mättade fettsyror,Grädde creme fraiche,7.9,g
7140,Crème fraiche lätt laktosfri fett 13%,"Kolhydrater, tillgängliga",Grädde creme fraiche,5.2,g
7140,Crème fraiche lätt laktosfri fett 13%,Kolesterol,Grädde creme fraiche,22.5,mg
7140,Crème fraiche lätt laktosfri fett 13%,"Kalium, K",Grädde creme fraiche,110.0,mg
7140,Crème fraiche lätt laktosfri fett 13%,"Jod, I",Grädde creme fraiche,15.0,µg
7140,Crème fraiche lätt laktosfri fett 13%,Fullkorn totalt,Grädde creme fraiche,0.0,g
7140,Crème fraiche lätt laktosfri fett 13%,"Folat, totalt",Grädde creme fraiche,9.6,µg
7140,Crème fraiche lätt laktosfri fett 13%,Fibrer,Grädde creme fraiche,0.0,g
7140,Crème fraiche lätt laktosfri fett 13%,"Fett, totalt",Grädde creme fraiche,11.9,g
7140,Crème fraiche lätt laktosfri fett 13%,"Järn, Fe",Grädde creme fraiche,0.0,mg
7140,Crème fraiche lätt laktosfri fett 13%,Energi (kJ),Grädde creme fraiche,579.0,kJ
7140,Crème fraiche lätt laktosfri fett 13%,Energi (kcal),Grädde creme fraiche,138.0,kcal
7140,Crème fraiche lätt laktosfri fett 13%,Disackarider,Grädde creme fraiche,0.0,g
7140,Crème fraiche lätt laktosfri fett 13%,"Kalcium, Ca",Grädde creme fraiche,89.0,mg
7140,Crème fraiche lätt laktosfri fett 13%,Fettsyra 4:0-10:0,Grädde creme fraiche,0.9,g
7140,Crème fraiche lätt laktosfri fett 13%,DHA (C22:6),Grädde creme fraiche,0.0,g
7140,Crème fraiche lätt laktosfri fett 13%,DPA (C22:5),Grädde creme fraiche,0.0,g
7140,Crème fraiche lätt laktosfri fett 13%,EPA (C20:5),Grädde creme fraiche,0.0,g
7140,Crème fraiche lätt laktosfri fett 13%,Arakidonsyra C20:4,Grädde creme fraiche,0.0,g
7140,Crème fraiche lätt laktosfri fett 13%,Arakidinsyra C20:0,Grädde creme fraiche,0.0,g
7140,Crème fraiche lätt laktosfri fett 13%,Linolensyra C18:3,Grädde creme fraiche,0.1,g
7140,Crème fraiche lätt laktosfri fett 13%,Linolsyra C18:2,Grädde creme fraiche,0.3,g
7140,Crème fraiche lätt laktosfri fett 13%,Oljesyra C18:1,Grädde creme fraiche,2.5,g
7140,Crème fraiche lätt laktosfri fett 13%,Stearinsyra C18:0,Grädde creme fraiche,1.0,g
7140,Crème fraiche lätt laktosfri fett 13%,Palmitoljesyra C16:1,Grädde creme fraiche,0.2,g
7140,Crème fraiche lätt laktosfri fett 13%,Palmitinsyra C16:0,Grädde creme fraiche,3.8,g
7140,Crème fraiche lätt laktosfri fett 13%,Myristinsyra C14:0,Grädde creme fraiche,1.4,g
7140,Crème fraiche lätt laktosfri fett 13%,Laurinsyra C12:0,Grädde creme fraiche,0.4,g
7140,Crème fraiche lätt laktosfri fett 13%,Betakaroten/β-Karoten,Grädde creme fraiche,50.0,µg
7140,Crème fraiche lätt laktosfri fett 13%,Avfall (skal etc.),Grädde creme fraiche,0.0,%
7140,Crème fraiche lätt laktosfri fett 13%,Aska,Grädde creme fraiche,0.6,g
7140,Crème fraiche lätt laktosfri fett 13%,Alkohol,Grädde creme fraiche,0.0,g
7141,Ädelost blågrön mögelost fett ca 35%,"Zink, Zn",Dessertost,2.1,mg
7141,Ädelost blågrön mögelost fett ca 35%,Vitamin E,Dessertost,1.0,mg
7141,Ädelost blågrön mögelost fett ca 35%,Vitamin D,Dessertost,0.0,µg
7141,Ädelost blågrön mögelost fett ca 35%,Vitamin C,Dessertost,0.0,mg
7141,Ädelost blågrön mögelost fett ca 35%,Vitamin B6,Dessertost,0.11,mg
7141,Ädelost blågrön mögelost fett ca 35%,Vitamin B12,Dessertost,0.88,µg
7141,Ädelost blågrön mögelost fett ca 35%,Vitamin A,Dessertost,338.0,RE/µg
7141,Ädelost blågrön mögelost fett ca 35%,Vatten,Dessertost,44.5,g
7141,Ädelost blågrön mögelost fett ca 35%,Tiamin,Dessertost,0.0,mg
7141,Ädelost blågrön mögelost fett ca 35%,Tillsatt socker,Dessertost,0.0,g
7141,Ädelost blågrön mögelost fett ca 35%,Fritt socker,Dessertost,0.0,g
7141,Ädelost blågrön mögelost fett ca 35%,"Selen, Se",Dessertost,10.0,µg
7141,Ädelost blågrön mögelost fett ca 35%,Sackaros,Dessertost,0.0,g
7141,Ädelost blågrön mögelost fett ca 35%,Riboflavin,Dessertost,0.35,mg
7141,Ädelost blågrön mögelost fett ca 35%,Retinol,Dessertost,327.0,µg
7141,Ädelost blågrön mögelost fett ca 35%,Protein,Dessertost,16.7,g
7141,Ädelost blågrön mögelost fett ca 35%,Summa fleromättade fettsyror,Dessertost,1.0,g
7141,Ädelost blågrön mögelost fett ca 35%,"Fosfor, P",Dessertost,310.0,mg
7141,Ädelost blågrön mögelost fett ca 35%,Niacinekvivalenter,Dessertost,4.9,NE/mg
7141,Ädelost blågrön mögelost fett ca 35%,Niacin,Dessertost,1.04,mg
7141,Ädelost blågrön mögelost fett ca 35%,"Salt, NaCl",Dessertost,2.2,g
7141,Ädelost blågrön mögelost fett ca 35%,"Natrium, Na",Dessertost,890.0,mg
7141,Ädelost blågrön mögelost fett ca 35%,Monosackarider,Dessertost,0.1,g
7141,Ädelost blågrön mögelost fett ca 35%,"Sockerarter, totalt",Dessertost,0.2,g
7141,Ädelost blågrön mögelost fett ca 35%,Summa enkelomättade fettsyror,Dessertost,7.6,g
7141,Ädelost blågrön mögelost fett ca 35%,"Magnesium, Mg",Dessertost,17.0,mg
7141,Ädelost blågrön mögelost fett ca 35%,Summa mättade fettsyror,Dessertost,23.2,g
7141,Ädelost blågrön mögelost fett ca 35%,"Kolhydrater, tillgängliga",Dessertost,0.9,g
7141,Ädelost blågrön mögelost fett ca 35%,Kolesterol,Dessertost,95.0,mg
7141,Ädelost blågrön mögelost fett ca 35%,"Kalium, K",Dessertost,100.0,mg
7141,Ädelost blågrön mögelost fett ca 35%,"Jod, I",Dessertost,30.0,µg
7141,Ädelost blågrön mögelost fett ca 35%,Fullkorn totalt,Dessertost,0.0,g
7141,Ädelost blågrön mögelost fett ca 35%,"Folat, totalt",Dessertost,36.0,µg
7141,Ädelost blågrön mögelost fett ca 35%,Fibrer,Dessertost,0.0,g
7141,Ädelost blågrön mögelost fett ca 35%,"Fett, totalt",Dessertost,34.0,g
7141,Ädelost blågrön mögelost fett ca 35%,"Järn, Fe",Dessertost,0.1,mg
7141,Ädelost blågrön mögelost fett ca 35%,Energi (kJ),Dessertost,1558.0,kJ
7141,Ädelost blågrön mögelost fett ca 35%,Energi (kcal),Dessertost,372.0,kcal
7141,Ädelost blågrön mögelost fett ca 35%,Disackarider,Dessertost,0.1,g
7141,Ädelost blågrön mögelost fett ca 35%,"Kalcium, Ca",Dessertost,410.0,mg
7141,Ädelost blågrön mögelost fett ca 35%,Fettsyra 4:0-10:0,Dessertost,2.2,g
7141,Ädelost blågrön mögelost fett ca 35%,DHA (C22:6),Dessertost,0.0,g
7141,Ädelost blågrön mögelost fett ca 35%,DPA (C22:5),Dessertost,0.0,g
7141,Ädelost blågrön mögelost fett ca 35%,EPA (C20:5),Dessertost,0.0,g
7141,Ädelost blågrön mögelost fett ca 35%,Arakidonsyra C20:4,Dessertost,0.0,g
7141,Ädelost blågrön mögelost fett ca 35%,Arakidinsyra C20:0,Dessertost,0.0,g
7141,Ädelost blågrön mögelost fett ca 35%,Linolensyra C18:3,Dessertost,0.1,g
7141,Ädelost blågrön mögelost fett ca 35%,Linolsyra C18:2,Dessertost,0.8,g
7141,Ädelost blågrön mögelost fett ca 35%,Oljesyra C18:1,Dessertost,6.6,g
7141,Ädelost blågrön mögelost fett ca 35%,Stearinsyra C18:0,Dessertost,3.1,g
7141,Ädelost blågrön mögelost fett ca 35%,Palmitoljesyra C16:1,Dessertost,0.6,g
7141,Ädelost blågrön mögelost fett ca 35%,Palmitinsyra C16:0,Dessertost,11.2,g
7141,Ädelost blågrön mögelost fett ca 35%,Myristinsyra C14:0,Dessertost,4.1,g
7141,Ädelost blågrön mögelost fett ca 35%,Laurinsyra C12:0,Dessertost,1.3,g
7141,Ädelost blågrön mögelost fett ca 35%,Betakaroten/β-Karoten,Dessertost,132.0,µg
7141,Ädelost blågrön mögelost fett ca 35%,Avfall (skal etc.),Dessertost,0.0,%
7141,Ädelost blågrön mögelost fett ca 35%,Aska,Dessertost,3.9,g
7141,Ädelost blågrön mögelost fett ca 35%,Alkohol,Dessertost,0.0,g
7142,Ost hårdost parmesan fett 29% typ Grana Padano,"Zink, Zn",Hård ost mm,4.9,mg
7142,Ost hårdost parmesan fett 29% typ Grana Padano,Vitamin E,Hård ost mm,0.7,mg
7142,Ost hårdost parmesan fett 29% typ Grana Padano,Vitamin D,Hård ost mm,0.0,µg
7142,Ost hårdost parmesan fett 29% typ Grana Padano,Vitamin C,Hård ost mm,0.0,mg
7142,Ost hårdost parmesan fett 29% typ Grana Padano,Vitamin B6,Hård ost mm,0.15,mg
7142,Ost hårdost parmesan fett 29% typ Grana Padano,Vitamin B12,Hård ost mm,1.05,µg
7142,Ost hårdost parmesan fett 29% typ Grana Padano,Vitamin A,Hård ost mm,210.6,RE/µg
7142,Ost hårdost parmesan fett 29% typ Grana Padano,Vatten,Hård ost mm,33.2,g
7142,Ost hårdost parmesan fett 29% typ Grana Padano,Tiamin,Hård ost mm,0.02,mg
7142,Ost hårdost parmesan fett 29% typ Grana Padano,Tillsatt socker,Hård ost mm,0.0,g
7142,Ost hårdost parmesan fett 29% typ Grana Padano,Fritt socker,Hård ost mm,0.0,g
7142,Ost hårdost parmesan fett 29% typ Grana Padano,"Selen, Se",Hård ost mm,18.0,µg
7142,Ost hårdost parmesan fett 29% typ Grana Padano,Sackaros,Hård ost mm,0.0,g
7142,Ost hårdost parmesan fett 29% typ Grana Padano,Riboflavin,Hård ost mm,0.17,mg
7142,Ost hårdost parmesan fett 29% typ Grana Padano,Retinol,Hård ost mm,208.0,µg
7142,Ost hårdost parmesan fett 29% typ Grana Padano,Protein,Hård ost mm,31.8,g
7142,Ost hårdost parmesan fett 29% typ Grana Padano,Summa fleromättade fettsyror,Hård ost mm,1.0,g
7142,Ost hårdost parmesan fett 29% typ Grana Padano,"Fosfor, P",Hård ost mm,610.0,mg
7142,Ost hårdost parmesan fett 29% typ Grana Padano,Niacinekvivalenter,Hård ost mm,7.4,NE/mg
7142,Ost hårdost parmesan fett 29% typ Grana Padano,Niacin,Hård ost mm,0.0,mg
7142,Ost hårdost parmesan fett 29% typ Grana Padano,"Salt, NaCl",Hård ost mm,1.3,g
7142,Ost hårdost parmesan fett 29% typ Grana Padano,"Natrium, Na",Hård ost mm,530.0,mg
7142,Ost hårdost parmesan fett 29% typ Grana Padano,Monosackarider,Hård ost mm,0.0,g
7142,Ost hårdost parmesan fett 29% typ Grana Padano,"Sockerarter, totalt",Hård ost mm,0.0,g
7142,Ost hårdost parmesan fett 29% typ Grana Padano,Summa enkelomättade fettsyror,Hård ost mm,6.9,g
7142,Ost hårdost parmesan fett 29% typ Grana Padano,"Magnesium, Mg",Hård ost mm,41.0,mg
7142,Ost hårdost parmesan fett 29% typ Grana Padano,Summa mättade fettsyror,Hård ost mm,17.4,g
7142,Ost hårdost parmesan fett 29% typ Grana Padano,"Kolhydrater, tillgängliga",Hård ost mm,3.8,g
7142,Ost hårdost parmesan fett 29% typ Grana Padano,Kolesterol,Hård ost mm,93.9,mg
7142,Ost hårdost parmesan fett 29% typ Grana Padano,"Kalium, K",Hård ost mm,99.0,mg
7142,Ost hårdost parmesan fett 29% typ Grana Padano,"Jod, I",Hård ost mm,81.0,µg
7142,Ost hårdost parmesan fett 29% typ Grana Padano,Fullkorn totalt,Hård ost mm,0.0,g
7142,Ost hårdost parmesan fett 29% typ Grana Padano,"Folat, totalt",Hård ost mm,0.4,µg
7142,Ost hårdost parmesan fett 29% typ Grana Padano,Fibrer,Hård ost mm,0.0,g
7142,Ost hårdost parmesan fett 29% typ Grana Padano,"Fett, totalt",Hård ost mm,26.9,g
7142,Ost hårdost parmesan fett 29% typ Grana Padano,"Järn, Fe",Hård ost mm,0.1,mg
7142,Ost hårdost parmesan fett 29% typ Grana Padano,Energi (kJ),Hård ost mm,1600.0,kJ
7142,Ost hårdost parmesan fett 29% typ Grana Padano,Energi (kcal),Hård ost mm,382.0,kcal
7142,Ost hårdost parmesan fett 29% typ Grana Padano,Disackarider,Hård ost mm,0.0,g
7142,Ost hårdost parmesan fett 29% typ Grana Padano,"Kalcium, Ca",Hård ost mm,970.0,mg
7142,Ost hårdost parmesan fett 29% typ Grana Padano,Fettsyra 4:0-10:0,Hård ost mm,1.8,g
7142,Ost hårdost parmesan fett 29% typ Grana Padano,DHA (C22:6),Hård ost mm,0.0,g
7142,Ost hårdost parmesan fett 29% typ Grana Padano,DPA (C22:5),Hård ost mm,0.0,g
7142,Ost hårdost parmesan fett 29% typ Grana Padano,EPA (C20:5),Hård ost mm,0.0,g
7142,Ost hårdost parmesan fett 29% typ Grana Padano,Arakidonsyra C20:4,Hård ost mm,0.0,g
7142,Ost hårdost parmesan fett 29% typ Grana Padano,Arakidinsyra C20:0,Hård ost mm,0.0,g
7142,Ost hårdost parmesan fett 29% typ Grana Padano,Linolensyra C18:3,Hård ost mm,0.1,g
7142,Ost hårdost parmesan fett 29% typ Grana Padano,Linolsyra C18:2,Hård ost mm,0.8,g
7142,Ost hårdost parmesan fett 29% typ Grana Padano,Oljesyra C18:1,Hård ost mm,6.0,g
7142,Ost hårdost parmesan fett 29% typ Grana Padano,Stearinsyra C18:0,Hård ost mm,2.4,g
7142,Ost hårdost parmesan fett 29% typ Grana Padano,Palmitoljesyra C16:1,Hård ost mm,0.5,g
7142,Ost hårdost parmesan fett 29% typ Grana Padano,Palmitinsyra C16:0,Hård ost mm,8.4,g
7142,Ost hårdost parmesan fett 29% typ Grana Padano,Myristinsyra C14:0,Hård ost mm,3.0,g
7142,Ost hårdost parmesan fett 29% typ Grana Padano,Laurinsyra C12:0,Hård ost mm,0.9,g
7142,Ost hårdost parmesan fett 29% typ Grana Padano,Betakaroten/β-Karoten,Hård ost mm,31.0,µg
7142,Ost hårdost parmesan fett 29% typ Grana Padano,Avfall (skal etc.),Hård ost mm,0.0,%
7142,Ost hårdost parmesan fett 29% typ Grana Padano,Aska,Hård ost mm,4.3,g
7142,Ost hårdost parmesan fett 29% typ Grana Padano,Alkohol,Hård ost mm,0.0,g
7143,Soygurt smaksatt berikad,"Zink, Zn",Vegetabiliska produkter och mjölkersättning,0.4,mg
7143,Soygurt smaksatt berikad,Vitamin E,Vegetabiliska produkter och mjölkersättning,0.3,mg
7143,Soygurt smaksatt berikad,Vitamin D,Vegetabiliska produkter och mjölkersättning,1.0,µg
7143,Soygurt smaksatt berikad,Vitamin C,Vegetabiliska produkter och mjölkersättning,0.5,mg
7143,Soygurt smaksatt berikad,Vitamin B6,Vegetabiliska produkter och mjölkersättning,0.06,mg
7143,Soygurt smaksatt berikad,Vitamin B12,Vegetabiliska produkter och mjölkersättning,0.49,µg
7143,Soygurt smaksatt berikad,Vitamin A,Vegetabiliska produkter och mjölkersättning,7.9,RE/µg
7143,Soygurt smaksatt berikad,Vatten,Vegetabiliska produkter och mjölkersättning,82.3,g
7143,Soygurt smaksatt berikad,Tiamin,Vegetabiliska produkter och mjölkersättning,0.0,mg
7143,Soygurt smaksatt berikad,Tillsatt socker,Vegetabiliska produkter och mjölkersättning,8.0,g
7143,Soygurt smaksatt berikad,Fritt socker,Vegetabiliska produkter och mjölkersättning,8.0,g
7143,Soygurt smaksatt berikad,"Selen, Se",Vegetabiliska produkter och mjölkersättning,2.0,µg
7143,Soygurt smaksatt berikad,Sackaros,Vegetabiliska produkter och mjölkersättning,5.8,g
7143,Soygurt smaksatt berikad,Riboflavin,Vegetabiliska produkter och mjölkersättning,0.21,mg
7143,Soygurt smaksatt berikad,Retinol,Vegetabiliska produkter och mjölkersättning,0.0,µg
7143,Soygurt smaksatt berikad,Protein,Vegetabiliska produkter och mjölkersättning,4.0,g
7143,Soygurt smaksatt berikad,Summa fleromättade fettsyror,Vegetabiliska produkter och mjölkersättning,1.2,g
7143,Soygurt smaksatt berikad,"Fosfor, P",Vegetabiliska produkter och mjölkersättning,57.0,mg
7143,Soygurt smaksatt berikad,Niacinekvivalenter,Vegetabiliska produkter och mjölkersättning,0.9,NE/mg
7143,Soygurt smaksatt berikad,Niacin,Vegetabiliska produkter och mjölkersättning,0.23,mg
7143,Soygurt smaksatt berikad,"Salt, NaCl",Vegetabiliska produkter och mjölkersättning,0.1,g
7143,Soygurt smaksatt berikad,"Natrium, Na",Vegetabiliska produkter och mjölkersättning,30.0,mg
7143,Soygurt smaksatt berikad,Monosackarider,Vegetabiliska produkter och mjölkersättning,1.0,g
7143,Soygurt smaksatt berikad,"Sockerarter, totalt",Vegetabiliska produkter och mjölkersättning,7.0,g
7143,Soygurt smaksatt berikad,Summa enkelomättade fettsyror,Vegetabiliska produkter och mjölkersättning,0.5,g
7143,Soygurt smaksatt berikad,"Magnesium, Mg",Vegetabiliska produkter och mjölkersättning,25.0,mg
7143,Soygurt smaksatt berikad,Summa mättade fettsyror,Vegetabiliska produkter och mjölkersättning,0.3,g
7143,Soygurt smaksatt berikad,"Kolhydrater, tillgängliga",Vegetabiliska produkter och mjölkersättning,9.6,g
7143,Soygurt smaksatt berikad,Kolesterol,Vegetabiliska produkter och mjölkersättning,0.0,mg
7143,Soygurt smaksatt berikad,"Kalium, K",Vegetabiliska produkter och mjölkersättning,180.0,mg
7143,Soygurt smaksatt berikad,"Jod, I",Vegetabiliska produkter och mjölkersättning,0.0,µg
7143,Soygurt smaksatt berikad,Fullkorn totalt,Vegetabiliska produkter och mjölkersättning,0.0,g
7143,Soygurt smaksatt berikad,"Folat, totalt",Vegetabiliska produkter och mjölkersättning,30.0,µg
7143,Soygurt smaksatt berikad,Fibrer,Vegetabiliska produkter och mjölkersättning,1.1,g
7143,Soygurt smaksatt berikad,"Fett, totalt",Vegetabiliska produkter och mjölkersättning,2.5,g
7143,Soygurt smaksatt berikad,"Järn, Fe",Vegetabiliska produkter och mjölkersättning,0.5,mg
7143,Soygurt smaksatt berikad,Energi (kJ),Vegetabiliska produkter och mjölkersättning,332.0,kJ
7143,Soygurt smaksatt berikad,Energi (kcal),Vegetabiliska produkter och mjölkersättning,80.0,kcal
7143,Soygurt smaksatt berikad,Disackarider,Vegetabiliska produkter och mjölkersättning,6.0,g
7143,Soygurt smaksatt berikad,"Kalcium, Ca",Vegetabiliska produkter och mjölkersättning,120.0,mg
7143,Soygurt smaksatt berikad,Fettsyra 4:0-10:0,Vegetabiliska produkter och mjölkersättning,0.0,g
7143,Soygurt smaksatt berikad,DHA (C22:6),Vegetabiliska produkter och mjölkersättning,0.0,g
7143,Soygurt smaksatt berikad,DPA (C22:5),Vegetabiliska produkter och mjölkersättning,0.0,g
7143,Soygurt smaksatt berikad,EPA (C20:5),Vegetabiliska produkter och mjölkersättning,0.0,g
7143,Soygurt smaksatt berikad,Arakidonsyra C20:4,Vegetabiliska produkter och mjölkersättning,0.0,g
7143,Soygurt smaksatt berikad,Arakidinsyra C20:0,Vegetabiliska produkter och mjölkersättning,0.0,g
7143,Soygurt smaksatt berikad,Linolensyra C18:3,Vegetabiliska produkter och mjölkersättning,0.1,g
7143,Soygurt smaksatt berikad,Linolsyra C18:2,Vegetabiliska produkter och mjölkersättning,1.0,g
7143,Soygurt smaksatt berikad,Oljesyra C18:1,Vegetabiliska produkter och mjölkersättning,0.5,g
7143,Soygurt smaksatt berikad,Stearinsyra C18:0,Vegetabiliska produkter och mjölkersättning,0.1,g
7143,Soygurt smaksatt berikad,Palmitoljesyra C16:1,Vegetabiliska produkter och mjölkersättning,0.0,g
7143,Soygurt smaksatt berikad,Palmitinsyra C16:0,Vegetabiliska produkter och mjölkersättning,0.2,g
7143,Soygurt smaksatt berikad,Myristinsyra C14:0,Vegetabiliska produkter och mjölkersättning,0.0,g
7143,Soygurt smaksatt berikad,Laurinsyra C12:0,Vegetabiliska produkter och mjölkersättning,0.0,g
7143,Soygurt smaksatt berikad,Betakaroten/β-Karoten,Vegetabiliska produkter och mjölkersättning,94.0,µg
7143,Soygurt smaksatt berikad,Avfall (skal etc.),Vegetabiliska produkter och mjölkersättning,0.0,%
7143,Soygurt smaksatt berikad,Aska,Vegetabiliska produkter och mjölkersättning,0.5,g
7143,Soygurt smaksatt berikad,Alkohol,Vegetabiliska produkter och mjölkersättning,0.0,g
7144,Soygurt naturell berikad Ca vitD B12 folsyra riboflavin,"Zink, Zn",Vegetabiliska produkter och mjölkersättning,0.0,mg
7144,Soygurt naturell berikad Ca vitD B12 folsyra riboflavin,Vitamin E,Vegetabiliska produkter och mjölkersättning,0.3,mg
7144,Soygurt naturell berikad Ca vitD B12 folsyra riboflavin,Vitamin D,Vegetabiliska produkter och mjölkersättning,1.5,µg
7144,Soygurt naturell berikad Ca vitD B12 folsyra riboflavin,Vitamin C,Vegetabiliska produkter och mjölkersättning,0.0,mg
7144,Soygurt naturell berikad Ca vitD B12 folsyra riboflavin,Vitamin B6,Vegetabiliska produkter och mjölkersättning,0.04,mg
7144,Soygurt naturell berikad Ca vitD B12 folsyra riboflavin,Vitamin B12,Vegetabiliska produkter och mjölkersättning,0.6,µg
7144,Soygurt naturell berikad Ca vitD B12 folsyra riboflavin,Vitamin A,Vegetabiliska produkter och mjölkersättning,0.0,RE/µg
7144,Soygurt naturell berikad Ca vitD B12 folsyra riboflavin,Vatten,Vegetabiliska produkter och mjölkersättning,86.9,g
7144,Soygurt naturell berikad Ca vitD B12 folsyra riboflavin,Tiamin,Vegetabiliska produkter och mjölkersättning,0.03,mg
7144,Soygurt naturell berikad Ca vitD B12 folsyra riboflavin,Tillsatt socker,Vegetabiliska produkter och mjölkersättning,2.0,g
7144,Soygurt naturell berikad Ca vitD B12 folsyra riboflavin,Fritt socker,Vegetabiliska produkter och mjölkersättning,2.0,g
7144,Soygurt naturell berikad Ca vitD B12 folsyra riboflavin,"Selen, Se",Vegetabiliska produkter och mjölkersättning,1.1,µg
7144,Soygurt naturell berikad Ca vitD B12 folsyra riboflavin,Sackaros,Vegetabiliska produkter och mjölkersättning,1.7,g
7144,Soygurt naturell berikad Ca vitD B12 folsyra riboflavin,Riboflavin,Vegetabiliska produkter och mjölkersättning,0.21,mg
7144,Soygurt naturell berikad Ca vitD B12 folsyra riboflavin,Retinol,Vegetabiliska produkter och mjölkersättning,0.0,µg
7144,Soygurt naturell berikad Ca vitD B12 folsyra riboflavin,Protein,Vegetabiliska produkter och mjölkersättning,3.6,g
7144,Soygurt naturell berikad Ca vitD B12 folsyra riboflavin,Summa fleromättade fettsyror,Vegetabiliska produkter och mjölkersättning,1.2,g
7144,Soygurt naturell berikad Ca vitD B12 folsyra riboflavin,"Fosfor, P",Vegetabiliska produkter och mjölkersättning,95.0,mg
7144,Soygurt naturell berikad Ca vitD B12 folsyra riboflavin,Niacinekvivalenter,Vegetabiliska produkter och mjölkersättning,0.8,NE/mg
7144,Soygurt naturell berikad Ca vitD B12 folsyra riboflavin,Niacin,Vegetabiliska produkter och mjölkersättning,0.22,mg
7144,Soygurt naturell berikad Ca vitD B12 folsyra riboflavin,"Salt, NaCl",Vegetabiliska produkter och mjölkersättning,0.2,g
7144,Soygurt naturell berikad Ca vitD B12 folsyra riboflavin,"Natrium, Na",Vegetabiliska produkter och mjölkersättning,58.0,mg
7144,Soygurt naturell berikad Ca vitD B12 folsyra riboflavin,Monosackarider,Vegetabiliska produkter och mjölkersättning,0.8,g
7144,Soygurt naturell berikad Ca vitD B12 folsyra riboflavin,"Sockerarter, totalt",Vegetabiliska produkter och mjölkersättning,2.5,g
7144,Soygurt naturell berikad Ca vitD B12 folsyra riboflavin,Summa enkelomättade fettsyror,Vegetabiliska produkter och mjölkersättning,0.4,g
7144,Soygurt naturell berikad Ca vitD B12 folsyra riboflavin,"Magnesium, Mg",Vegetabiliska produkter och mjölkersättning,23.0,mg
7144,Soygurt naturell berikad Ca vitD B12 folsyra riboflavin,Summa mättade fettsyror,Vegetabiliska produkter och mjölkersättning,0.3,g
7144,Soygurt naturell berikad Ca vitD B12 folsyra riboflavin,"Kolhydrater, tillgängliga",Vegetabiliska produkter och mjölkersättning,4.3,g
7144,Soygurt naturell berikad Ca vitD B12 folsyra riboflavin,Kolesterol,Vegetabiliska produkter och mjölkersättning,0.0,mg
7144,Soygurt naturell berikad Ca vitD B12 folsyra riboflavin,"Kalium, K",Vegetabiliska produkter och mjölkersättning,140.0,mg
7144,Soygurt naturell berikad Ca vitD B12 folsyra riboflavin,"Jod, I",Vegetabiliska produkter och mjölkersättning,0.0,µg
7144,Soygurt naturell berikad Ca vitD B12 folsyra riboflavin,Fullkorn totalt,Vegetabiliska produkter och mjölkersättning,0.0,g
7144,Soygurt naturell berikad Ca vitD B12 folsyra riboflavin,"Folat, totalt",Vegetabiliska produkter och mjölkersättning,15.0,µg
7144,Soygurt naturell berikad Ca vitD B12 folsyra riboflavin,Fibrer,Vegetabiliska produkter och mjölkersättning,2.0,g
7144,Soygurt naturell berikad Ca vitD B12 folsyra riboflavin,"Fett, totalt",Vegetabiliska produkter och mjölkersättning,2.3,g
7144,Soygurt naturell berikad Ca vitD B12 folsyra riboflavin,"Järn, Fe",Vegetabiliska produkter och mjölkersättning,0.0,mg
7144,Soygurt naturell berikad Ca vitD B12 folsyra riboflavin,Energi (kJ),Vegetabiliska produkter och mjölkersättning,235.0,kJ
7144,Soygurt naturell berikad Ca vitD B12 folsyra riboflavin,Energi (kcal),Vegetabiliska produkter och mjölkersättning,56.0,kcal
7144,Soygurt naturell berikad Ca vitD B12 folsyra riboflavin,Disackarider,Vegetabiliska produkter och mjölkersättning,1.7,g
7144,Soygurt naturell berikad Ca vitD B12 folsyra riboflavin,"Kalcium, Ca",Vegetabiliska produkter och mjölkersättning,120.0,mg
7144,Soygurt naturell berikad Ca vitD B12 folsyra riboflavin,Fettsyra 4:0-10:0,Vegetabiliska produkter och mjölkersättning,0.0,g
7144,Soygurt naturell berikad Ca vitD B12 folsyra riboflavin,DHA (C22:6),Vegetabiliska produkter och mjölkersättning,0.0,g
7144,Soygurt naturell berikad Ca vitD B12 folsyra riboflavin,DPA (C22:5),Vegetabiliska produkter och mjölkersättning,0.0,g
7144,Soygurt naturell berikad Ca vitD B12 folsyra riboflavin,EPA (C20:5),Vegetabiliska produkter och mjölkersättning,0.0,g
7144,Soygurt naturell berikad Ca vitD B12 folsyra riboflavin,Arakidonsyra C20:4,Vegetabiliska produkter och mjölkersättning,0.0,g
7144,Soygurt naturell berikad Ca vitD B12 folsyra riboflavin,Arakidinsyra C20:0,Vegetabiliska produkter och mjölkersättning,0.0,g
7144,Soygurt naturell berikad Ca vitD B12 folsyra riboflavin,Linolensyra C18:3,Vegetabiliska produkter och mjölkersättning,0.1,g
7144,Soygurt naturell berikad Ca vitD B12 folsyra riboflavin,Linolsyra C18:2,Vegetabiliska produkter och mjölkersättning,1.0,g
7144,Soygurt naturell berikad Ca vitD B12 folsyra riboflavin,Oljesyra C18:1,Vegetabiliska produkter och mjölkersättning,0.4,g
7144,Soygurt naturell berikad Ca vitD B12 folsyra riboflavin,Stearinsyra C18:0,Vegetabiliska produkter och mjölkersättning,0.1,g
7144,Soygurt naturell berikad Ca vitD B12 folsyra riboflavin,Palmitoljesyra C16:1,Vegetabiliska produkter och mjölkersättning,0.0,g
7144,Soygurt naturell berikad Ca vitD B12 folsyra riboflavin,Palmitinsyra C16:0,Vegetabiliska produkter och mjölkersättning,0.2,g
7144,Soygurt naturell berikad Ca vitD B12 folsyra riboflavin,Myristinsyra C14:0,Vegetabiliska produkter och mjölkersättning,0.0,g
7144,Soygurt naturell berikad Ca vitD B12 folsyra riboflavin,Laurinsyra C12:0,Vegetabiliska produkter och mjölkersättning,0.0,g
7144,Soygurt naturell berikad Ca vitD B12 folsyra riboflavin,Betakaroten/β-Karoten,Vegetabiliska produkter och mjölkersättning,0.0,µg
7144,Soygurt naturell berikad Ca vitD B12 folsyra riboflavin,Avfall (skal etc.),Vegetabiliska produkter och mjölkersättning,0.0,%
7144,Soygurt naturell berikad Ca vitD B12 folsyra riboflavin,Aska,Vegetabiliska produkter och mjölkersättning,1.0,g
7144,Soygurt naturell berikad Ca vitD B12 folsyra riboflavin,Alkohol,Vegetabiliska produkter och mjölkersättning,0.0,g
7145,Soygurt naturell berikad Ca vitD B12,"Zink, Zn",Vegetabiliska produkter och mjölkersättning,0.0,mg
7145,Soygurt naturell berikad Ca vitD B12,Vitamin E,Vegetabiliska produkter och mjölkersättning,0.3,mg
7145,Soygurt naturell berikad Ca vitD B12,Vitamin D,Vegetabiliska produkter och mjölkersättning,0.75,µg
7145,Soygurt naturell berikad Ca vitD B12,Vitamin C,Vegetabiliska produkter och mjölkersättning,0.0,mg
7145,Soygurt naturell berikad Ca vitD B12,Vitamin B6,Vegetabiliska produkter och mjölkersättning,0.04,mg
7145,Soygurt naturell berikad Ca vitD B12,Vitamin B12,Vegetabiliska produkter och mjölkersättning,0.38,µg
7145,Soygurt naturell berikad Ca vitD B12,Vitamin A,Vegetabiliska produkter och mjölkersättning,0.0,RE/µg
7145,Soygurt naturell berikad Ca vitD B12,Vatten,Vegetabiliska produkter och mjölkersättning,86.9,g
7145,Soygurt naturell berikad Ca vitD B12,Tiamin,Vegetabiliska produkter och mjölkersättning,0.03,mg
7145,Soygurt naturell berikad Ca vitD B12,Tillsatt socker,Vegetabiliska produkter och mjölkersättning,2.0,g
7145,Soygurt naturell berikad Ca vitD B12,Fritt socker,Vegetabiliska produkter och mjölkersättning,2.0,g
7145,Soygurt naturell berikad Ca vitD B12,"Selen, Se",Vegetabiliska produkter och mjölkersättning,1.1,µg
7145,Soygurt naturell berikad Ca vitD B12,Sackaros,Vegetabiliska produkter och mjölkersättning,1.7,g
7145,Soygurt naturell berikad Ca vitD B12,Riboflavin,Vegetabiliska produkter och mjölkersättning,0.0,mg
7145,Soygurt naturell berikad Ca vitD B12,Retinol,Vegetabiliska produkter och mjölkersättning,0.0,µg
7145,Soygurt naturell berikad Ca vitD B12,Protein,Vegetabiliska produkter och mjölkersättning,3.6,g
7145,Soygurt naturell berikad Ca vitD B12,Summa fleromättade fettsyror,Vegetabiliska produkter och mjölkersättning,1.2,g
7145,Soygurt naturell berikad Ca vitD B12,"Fosfor, P",Vegetabiliska produkter och mjölkersättning,95.0,mg
7145,Soygurt naturell berikad Ca vitD B12,Niacinekvivalenter,Vegetabiliska produkter och mjölkersättning,0.8,NE/mg
7145,Soygurt naturell berikad Ca vitD B12,Niacin,Vegetabiliska produkter och mjölkersättning,0.22,mg
7145,Soygurt naturell berikad Ca vitD B12,"Salt, NaCl",Vegetabiliska produkter och mjölkersättning,0.2,g
7145,Soygurt naturell berikad Ca vitD B12,"Natrium, Na",Vegetabiliska produkter och mjölkersättning,58.0,mg
7145,Soygurt naturell berikad Ca vitD B12,Monosackarider,Vegetabiliska produkter och mjölkersättning,0.8,g
7145,Soygurt naturell berikad Ca vitD B12,"Sockerarter, totalt",Vegetabiliska produkter och mjölkersättning,2.5,g
7145,Soygurt naturell berikad Ca vitD B12,Summa enkelomättade fettsyror,Vegetabiliska produkter och mjölkersättning,0.4,g
7145,Soygurt naturell berikad Ca vitD B12,"Magnesium, Mg",Vegetabiliska produkter och mjölkersättning,23.0,mg
7145,Soygurt naturell berikad Ca vitD B12,Summa mättade fettsyror,Vegetabiliska produkter och mjölkersättning,0.3,g
7145,Soygurt naturell berikad Ca vitD B12,"Kolhydrater, tillgängliga",Vegetabiliska produkter och mjölkersättning,4.3,g
7145,Soygurt naturell berikad Ca vitD B12,Kolesterol,Vegetabiliska produkter och mjölkersättning,0.0,mg
7145,Soygurt naturell berikad Ca vitD B12,"Kalium, K",Vegetabiliska produkter och mjölkersättning,140.0,mg
7145,Soygurt naturell berikad Ca vitD B12,"Jod, I",Vegetabiliska produkter och mjölkersättning,0.0,µg
7145,Soygurt naturell berikad Ca vitD B12,Fullkorn totalt,Vegetabiliska produkter och mjölkersättning,0.0,g
7145,Soygurt naturell berikad Ca vitD B12,"Folat, totalt",Vegetabiliska produkter och mjölkersättning,15.0,µg
7145,Soygurt naturell berikad Ca vitD B12,Fibrer,Vegetabiliska produkter och mjölkersättning,2.0,g
7145,Soygurt naturell berikad Ca vitD B12,"Fett, totalt",Vegetabiliska produkter och mjölkersättning,2.3,g
7145,Soygurt naturell berikad Ca vitD B12,"Järn, Fe",Vegetabiliska produkter och mjölkersättning,0.0,mg
7145,Soygurt naturell berikad Ca vitD B12,Energi (kJ),Vegetabiliska produkter och mjölkersättning,235.0,kJ
7145,Soygurt naturell berikad Ca vitD B12,Energi (kcal),Vegetabiliska produkter och mjölkersättning,56.0,kcal
7145,Soygurt naturell berikad Ca vitD B12,Disackarider,Vegetabiliska produkter och mjölkersättning,1.7,g
7145,Soygurt naturell berikad Ca vitD B12,"Kalcium, Ca",Vegetabiliska produkter och mjölkersättning,120.0,mg
7145,Soygurt naturell berikad Ca vitD B12,Fettsyra 4:0-10:0,Vegetabiliska produkter och mjölkersättning,0.0,g
7145,Soygurt naturell berikad Ca vitD B12,DHA (C22:6),Vegetabiliska produkter och mjölkersättning,0.0,g
7145,Soygurt naturell berikad Ca vitD B12,DPA (C22:5),Vegetabiliska produkter och mjölkersättning,0.0,g
7145,Soygurt naturell berikad Ca vitD B12,EPA (C20:5),Vegetabiliska produkter och mjölkersättning,0.0,g
7145,Soygurt naturell berikad Ca vitD B12,Arakidonsyra C20:4,Vegetabiliska produkter och mjölkersättning,0.0,g
7145,Soygurt naturell berikad Ca vitD B12,Arakidinsyra C20:0,Vegetabiliska produkter och mjölkersättning,0.0,g
7145,Soygurt naturell berikad Ca vitD B12,Linolensyra C18:3,Vegetabiliska produkter och mjölkersättning,0.1,g
7145,Soygurt naturell berikad Ca vitD B12,Linolsyra C18:2,Vegetabiliska produkter och mjölkersättning,1.0,g
7145,Soygurt naturell berikad Ca vitD B12,Oljesyra C18:1,Vegetabiliska produkter och mjölkersättning,0.4,g
7145,Soygurt naturell berikad Ca vitD B12,Stearinsyra C18:0,Vegetabiliska produkter och mjölkersättning,0.1,g
7145,Soygurt naturell berikad Ca vitD B12,Palmitoljesyra C16:1,Vegetabiliska produkter och mjölkersättning,0.0,g
7145,Soygurt naturell berikad Ca vitD B12,Palmitinsyra C16:0,Vegetabiliska produkter och mjölkersättning,0.2,g
7145,Soygurt naturell berikad Ca vitD B12,Myristinsyra C14:0,Vegetabiliska produkter och mjölkersättning,0.0,g
7145,Soygurt naturell berikad Ca vitD B12,Laurinsyra C12:0,Vegetabiliska produkter och mjölkersättning,0.0,g
7145,Soygurt naturell berikad Ca vitD B12,Betakaroten/β-Karoten,Vegetabiliska produkter och mjölkersättning,0.0,µg
7145,Soygurt naturell berikad Ca vitD B12,Avfall (skal etc.),Vegetabiliska produkter och mjölkersättning,0.0,%
7145,Soygurt naturell berikad Ca vitD B12,Aska,Vegetabiliska produkter och mjölkersättning,1.0,g
7145,Soygurt naturell berikad Ca vitD B12,Alkohol,Vegetabiliska produkter och mjölkersättning,0.0,g
7146,Yoghurt smaksatt m. sötningsm. fett 0% typ grekisk yoghurt,"Zink, Zn",Smaksatt fil yoghurt,0.6,mg
7146,Yoghurt smaksatt m. sötningsm. fett 0% typ grekisk yoghurt,Vitamin E,Smaksatt fil yoghurt,0.0,mg
7146,Yoghurt smaksatt m. sötningsm. fett 0% typ grekisk yoghurt,Vitamin D,Smaksatt fil yoghurt,0.0,µg
7146,Yoghurt smaksatt m. sötningsm. fett 0% typ grekisk yoghurt,Vitamin C,Smaksatt fil yoghurt,0.0,mg
7146,Yoghurt smaksatt m. sötningsm. fett 0% typ grekisk yoghurt,Vitamin B6,Smaksatt fil yoghurt,0.04,mg
7146,Yoghurt smaksatt m. sötningsm. fett 0% typ grekisk yoghurt,Vitamin B12,Smaksatt fil yoghurt,0.48,µg
7146,Yoghurt smaksatt m. sötningsm. fett 0% typ grekisk yoghurt,Vitamin A,Smaksatt fil yoghurt,0.5,RE/µg
7146,Yoghurt smaksatt m. sötningsm. fett 0% typ grekisk yoghurt,Vatten,Smaksatt fil yoghurt,84.9,g
7146,Yoghurt smaksatt m. sötningsm. fett 0% typ grekisk yoghurt,Tiamin,Smaksatt fil yoghurt,0.0,mg
7146,Yoghurt smaksatt m. sötningsm. fett 0% typ grekisk yoghurt,Tillsatt socker,Smaksatt fil yoghurt,0.0,g
7146,Yoghurt smaksatt m. sötningsm. fett 0% typ grekisk yoghurt,Fritt socker,Smaksatt fil yoghurt,0.0,g
7146,Yoghurt smaksatt m. sötningsm. fett 0% typ grekisk yoghurt,"Selen, Se",Smaksatt fil yoghurt,4.3,µg
7146,Yoghurt smaksatt m. sötningsm. fett 0% typ grekisk yoghurt,Sackaros,Smaksatt fil yoghurt,0.0,g
7146,Yoghurt smaksatt m. sötningsm. fett 0% typ grekisk yoghurt,Riboflavin,Smaksatt fil yoghurt,0.17,mg
7146,Yoghurt smaksatt m. sötningsm. fett 0% typ grekisk yoghurt,Retinol,Smaksatt fil yoghurt,0.0,µg
7146,Yoghurt smaksatt m. sötningsm. fett 0% typ grekisk yoghurt,Protein,Smaksatt fil yoghurt,9.1,g
7146,Yoghurt smaksatt m. sötningsm. fett 0% typ grekisk yoghurt,Summa fleromättade fettsyror,Smaksatt fil yoghurt,0.0,g
7146,Yoghurt smaksatt m. sötningsm. fett 0% typ grekisk yoghurt,"Fosfor, P",Smaksatt fil yoghurt,130.0,mg
7146,Yoghurt smaksatt m. sötningsm. fett 0% typ grekisk yoghurt,Niacinekvivalenter,Smaksatt fil yoghurt,2.3,NE/mg
7146,Yoghurt smaksatt m. sötningsm. fett 0% typ grekisk yoghurt,Niacin,Smaksatt fil yoghurt,0.17,mg
7146,Yoghurt smaksatt m. sötningsm. fett 0% typ grekisk yoghurt,"Salt, NaCl",Smaksatt fil yoghurt,0.1,g
7146,Yoghurt smaksatt m. sötningsm. fett 0% typ grekisk yoghurt,"Natrium, Na",Smaksatt fil yoghurt,39.0,mg
7146,Yoghurt smaksatt m. sötningsm. fett 0% typ grekisk yoghurt,Monosackarider,Smaksatt fil yoghurt,0.2,g
7146,Yoghurt smaksatt m. sötningsm. fett 0% typ grekisk yoghurt,"Sockerarter, totalt",Smaksatt fil yoghurt,2.5,g
7146,Yoghurt smaksatt m. sötningsm. fett 0% typ grekisk yoghurt,Summa enkelomättade fettsyror,Smaksatt fil yoghurt,0.0,g
7146,Yoghurt smaksatt m. sötningsm. fett 0% typ grekisk yoghurt,"Magnesium, Mg",Smaksatt fil yoghurt,11.0,mg
7146,Yoghurt smaksatt m. sötningsm. fett 0% typ grekisk yoghurt,Summa mättade fettsyror,Smaksatt fil yoghurt,0.0,g
7146,Yoghurt smaksatt m. sötningsm. fett 0% typ grekisk yoghurt,"Kolhydrater, tillgängliga",Smaksatt fil yoghurt,5.1,g
7146,Yoghurt smaksatt m. sötningsm. fett 0% typ grekisk yoghurt,Kolesterol,Smaksatt fil yoghurt,3.8,mg
7146,Yoghurt smaksatt m. sötningsm. fett 0% typ grekisk yoghurt,"Kalium, K",Smaksatt fil yoghurt,120.0,mg
7146,Yoghurt smaksatt m. sötningsm. fett 0% typ grekisk yoghurt,"Jod, I",Smaksatt fil yoghurt,11.0,µg
7146,Yoghurt smaksatt m. sötningsm. fett 0% typ grekisk yoghurt,Fullkorn totalt,Smaksatt fil yoghurt,0.0,g
7146,Yoghurt smaksatt m. sötningsm. fett 0% typ grekisk yoghurt,"Folat, totalt",Smaksatt fil yoghurt,12.6,µg
7146,Yoghurt smaksatt m. sötningsm. fett 0% typ grekisk yoghurt,Fibrer,Smaksatt fil yoghurt,0.0,g
7146,Yoghurt smaksatt m. sötningsm. fett 0% typ grekisk yoghurt,"Fett, totalt",Smaksatt fil yoghurt,0.1,g
7146,Yoghurt smaksatt m. sötningsm. fett 0% typ grekisk yoghurt,"Järn, Fe",Smaksatt fil yoghurt,0.0,mg
7146,Yoghurt smaksatt m. sötningsm. fett 0% typ grekisk yoghurt,Energi (kJ),Smaksatt fil yoghurt,246.0,kJ
7146,Yoghurt smaksatt m. sötningsm. fett 0% typ grekisk yoghurt,Energi (kcal),Smaksatt fil yoghurt,59.0,kcal
7146,Yoghurt smaksatt m. sötningsm. fett 0% typ grekisk yoghurt,Disackarider,Smaksatt fil yoghurt,2.3,g
7146,Yoghurt smaksatt m. sötningsm. fett 0% typ grekisk yoghurt,"Kalcium, Ca",Smaksatt fil yoghurt,120.0,mg
7146,Yoghurt smaksatt m. sötningsm. fett 0% typ grekisk yoghurt,Fettsyra 4:0-10:0,Smaksatt fil yoghurt,0.0,g
7146,Yoghurt smaksatt m. sötningsm. fett 0% typ grekisk yoghurt,DHA (C22:6),Smaksatt fil yoghurt,0.0,g
7146,Yoghurt smaksatt m. sötningsm. fett 0% typ grekisk yoghurt,DPA (C22:5),Smaksatt fil yoghurt,0.0,g
7146,Yoghurt smaksatt m. sötningsm. fett 0% typ grekisk yoghurt,EPA (C20:5),Smaksatt fil yoghurt,0.0,g
7146,Yoghurt smaksatt m. sötningsm. fett 0% typ grekisk yoghurt,Arakidonsyra C20:4,Smaksatt fil yoghurt,0.0,g
7146,Yoghurt smaksatt m. sötningsm. fett 0% typ grekisk yoghurt,Arakidinsyra C20:0,Smaksatt fil yoghurt,0.0,g
7146,Yoghurt smaksatt m. sötningsm. fett 0% typ grekisk yoghurt,Linolensyra C18:3,Smaksatt fil yoghurt,0.0,g
7146,Yoghurt smaksatt m. sötningsm. fett 0% typ grekisk yoghurt,Linolsyra C18:2,Smaksatt fil yoghurt,0.0,g
7146,Yoghurt smaksatt m. sötningsm. fett 0% typ grekisk yoghurt,Oljesyra C18:1,Smaksatt fil yoghurt,0.0,g
7146,Yoghurt smaksatt m. sötningsm. fett 0% typ grekisk yoghurt,Stearinsyra C18:0,Smaksatt fil yoghurt,0.0,g
7146,Yoghurt smaksatt m. sötningsm. fett 0% typ grekisk yoghurt,Palmitoljesyra C16:1,Smaksatt fil yoghurt,0.0,g
7146,Yoghurt smaksatt m. sötningsm. fett 0% typ grekisk yoghurt,Palmitinsyra C16:0,Smaksatt fil yoghurt,0.0,g
7146,Yoghurt smaksatt m. sötningsm. fett 0% typ grekisk yoghurt,Myristinsyra C14:0,Smaksatt fil yoghurt,0.0,g
7146,Yoghurt smaksatt m. sötningsm. fett 0% typ grekisk yoghurt,Laurinsyra C12:0,Smaksatt fil yoghurt,0.0,g
7146,Yoghurt smaksatt m. sötningsm. fett 0% typ grekisk yoghurt,Betakaroten/β-Karoten,Smaksatt fil yoghurt,6.0,µg
7146,Yoghurt smaksatt m. sötningsm. fett 0% typ grekisk yoghurt,Avfall (skal etc.),Smaksatt fil yoghurt,0.0,%
7146,Yoghurt smaksatt m. sötningsm. fett 0% typ grekisk yoghurt,Aska,Smaksatt fil yoghurt,0.8,g
7146,Yoghurt smaksatt m. sötningsm. fett 0% typ grekisk yoghurt,Alkohol,Smaksatt fil yoghurt,0.0,g
7147,Yoghurt mild honung fett 2% berikad,"Zink, Zn",Smaksatt fil yoghurt,0.4,mg
7147,Yoghurt mild honung fett 2% berikad,Vitamin E,Smaksatt fil yoghurt,0.0,mg
7147,Yoghurt mild honung fett 2% berikad,Vitamin D,Smaksatt fil yoghurt,1.0,µg
7147,Yoghurt mild honung fett 2% berikad,Vitamin C,Smaksatt fil yoghurt,0.0,mg
7147,Yoghurt mild honung fett 2% berikad,Vitamin B6,Smaksatt fil yoghurt,0.04,mg
7147,Yoghurt mild honung fett 2% berikad,Vitamin B12,Smaksatt fil yoghurt,0.0,µg
7147,Yoghurt mild honung fett 2% berikad,Vitamin A,Smaksatt fil yoghurt,16.5,RE/µg
7147,Yoghurt mild honung fett 2% berikad,Vatten,Smaksatt fil yoghurt,84.3,g
7147,Yoghurt mild honung fett 2% berikad,Tiamin,Smaksatt fil yoghurt,0.0,mg
7147,Yoghurt mild honung fett 2% berikad,Tillsatt socker,Smaksatt fil yoghurt,0.0,g
7147,Yoghurt mild honung fett 2% berikad,Fritt socker,Smaksatt fil yoghurt,6.0,g
7147,Yoghurt mild honung fett 2% berikad,"Selen, Se",Smaksatt fil yoghurt,1.4,µg
7147,Yoghurt mild honung fett 2% berikad,Sackaros,Smaksatt fil yoghurt,4.3,g
7147,Yoghurt mild honung fett 2% berikad,Riboflavin,Smaksatt fil yoghurt,0.12,mg
7147,Yoghurt mild honung fett 2% berikad,Retinol,Smaksatt fil yoghurt,15.7,µg
7147,Yoghurt mild honung fett 2% berikad,Protein,Smaksatt fil yoghurt,3.2,g
7147,Yoghurt mild honung fett 2% berikad,Summa fleromättade fettsyror,Smaksatt fil yoghurt,0.1,g
7147,Yoghurt mild honung fett 2% berikad,"Fosfor, P",Smaksatt fil yoghurt,89.0,mg
7147,Yoghurt mild honung fett 2% berikad,Niacinekvivalenter,Smaksatt fil yoghurt,0.9,NE/mg
7147,Yoghurt mild honung fett 2% berikad,Niacin,Smaksatt fil yoghurt,0.11,mg
7147,Yoghurt mild honung fett 2% berikad,"Salt, NaCl",Smaksatt fil yoghurt,0.1,g
7147,Yoghurt mild honung fett 2% berikad,"Natrium, Na",Smaksatt fil yoghurt,44.0,mg
7147,Yoghurt mild honung fett 2% berikad,Monosackarider,Smaksatt fil yoghurt,0.6,g
7147,Yoghurt mild honung fett 2% berikad,"Sockerarter, totalt",Smaksatt fil yoghurt,7.8,g
7147,Yoghurt mild honung fett 2% berikad,Summa enkelomättade fettsyror,Smaksatt fil yoghurt,0.4,g
7147,Yoghurt mild honung fett 2% berikad,"Magnesium, Mg",Smaksatt fil yoghurt,11.0,mg
7147,Yoghurt mild honung fett 2% berikad,Summa mättade fettsyror,Smaksatt fil yoghurt,1.3,g
7147,Yoghurt mild honung fett 2% berikad,"Kolhydrater, tillgängliga",Smaksatt fil yoghurt,9.9,g
7147,Yoghurt mild honung fett 2% berikad,Kolesterol,Smaksatt fil yoghurt,6.9,mg
7147,Yoghurt mild honung fett 2% berikad,"Kalium, K",Smaksatt fil yoghurt,140.0,mg
7147,Yoghurt mild honung fett 2% berikad,"Jod, I",Smaksatt fil yoghurt,20.0,µg
7147,Yoghurt mild honung fett 2% berikad,Fullkorn totalt,Smaksatt fil yoghurt,0.0,g
7147,Yoghurt mild honung fett 2% berikad,"Folat, totalt",Smaksatt fil yoghurt,11.8,µg
7147,Yoghurt mild honung fett 2% berikad,Fibrer,Smaksatt fil yoghurt,0.0,g
7147,Yoghurt mild honung fett 2% berikad,"Fett, totalt",Smaksatt fil yoghurt,1.9,g
7147,Yoghurt mild honung fett 2% berikad,"Järn, Fe",Smaksatt fil yoghurt,0.0,mg
7147,Yoghurt mild honung fett 2% berikad,Energi (kJ),Smaksatt fil yoghurt,293.0,kJ
7147,Yoghurt mild honung fett 2% berikad,Energi (kcal),Smaksatt fil yoghurt,70.0,kcal
7147,Yoghurt mild honung fett 2% berikad,Disackarider,Smaksatt fil yoghurt,7.2,g
7147,Yoghurt mild honung fett 2% berikad,"Kalcium, Ca",Smaksatt fil yoghurt,110.0,mg
7147,Yoghurt mild honung fett 2% berikad,Fettsyra 4:0-10:0,Smaksatt fil yoghurt,0.1,g
7147,Yoghurt mild honung fett 2% berikad,DHA (C22:6),Smaksatt fil yoghurt,0.0,g
7147,Yoghurt mild honung fett 2% berikad,DPA (C22:5),Smaksatt fil yoghurt,0.0,g
7147,Yoghurt mild honung fett 2% berikad,EPA (C20:5),Smaksatt fil yoghurt,0.0,g
7147,Yoghurt mild honung fett 2% berikad,Arakidonsyra C20:4,Smaksatt fil yoghurt,0.0,g
7147,Yoghurt mild honung fett 2% berikad,Arakidinsyra C20:0,Smaksatt fil yoghurt,0.0,g
7147,Yoghurt mild honung fett 2% berikad,Linolensyra C18:3,Smaksatt fil yoghurt,0.0,g
7147,Yoghurt mild honung fett 2% berikad,Linolsyra C18:2,Smaksatt fil yoghurt,0.0,g
7147,Yoghurt mild honung fett 2% berikad,Oljesyra C18:1,Smaksatt fil yoghurt,0.4,g
7147,Yoghurt mild honung fett 2% berikad,Stearinsyra C18:0,Smaksatt fil yoghurt,0.2,g
7147,Yoghurt mild honung fett 2% berikad,Palmitoljesyra C16:1,Smaksatt fil yoghurt,0.0,g
7147,Yoghurt mild honung fett 2% berikad,Palmitinsyra C16:0,Smaksatt fil yoghurt,0.6,g
7147,Yoghurt mild honung fett 2% berikad,Myristinsyra C14:0,Smaksatt fil yoghurt,0.2,g
7147,Yoghurt mild honung fett 2% berikad,Laurinsyra C12:0,Smaksatt fil yoghurt,0.1,g
7147,Yoghurt mild honung fett 2% berikad,Betakaroten/β-Karoten,Smaksatt fil yoghurt,9.0,µg
7147,Yoghurt mild honung fett 2% berikad,Avfall (skal etc.),Smaksatt fil yoghurt,0.0,%
7147,Yoghurt mild honung fett 2% berikad,Aska,Smaksatt fil yoghurt,0.7,g
7147,Yoghurt mild honung fett 2% berikad,Alkohol,Smaksatt fil yoghurt,0.0,g
7148,"Yoghurt mild vanilj fett 2,7% berikad","Zink, Zn",Smaksatt fil yoghurt,0.4,mg
7148,"Yoghurt mild vanilj fett 2,7% berikad",Vitamin E,Smaksatt fil yoghurt,0.1,mg
7148,"Yoghurt mild vanilj fett 2,7% berikad",Vitamin D,Smaksatt fil yoghurt,0.9,µg
7148,"Yoghurt mild vanilj fett 2,7% berikad",Vitamin C,Smaksatt fil yoghurt,0.0,mg
7148,"Yoghurt mild vanilj fett 2,7% berikad",Vitamin B6,Smaksatt fil yoghurt,0.04,mg
7148,"Yoghurt mild vanilj fett 2,7% berikad",Vitamin B12,Smaksatt fil yoghurt,0.0,µg
7148,"Yoghurt mild vanilj fett 2,7% berikad",Vitamin A,Smaksatt fil yoghurt,25.5,RE/µg
7148,"Yoghurt mild vanilj fett 2,7% berikad",Vatten,Smaksatt fil yoghurt,83.1,g
7148,"Yoghurt mild vanilj fett 2,7% berikad",Tiamin,Smaksatt fil yoghurt,0.0,mg
7148,"Yoghurt mild vanilj fett 2,7% berikad",Tillsatt socker,Smaksatt fil yoghurt,6.0,g
7148,"Yoghurt mild vanilj fett 2,7% berikad",Fritt socker,Smaksatt fil yoghurt,6.0,g
7148,"Yoghurt mild vanilj fett 2,7% berikad","Selen, Se",Smaksatt fil yoghurt,2.3,µg
7148,"Yoghurt mild vanilj fett 2,7% berikad",Sackaros,Smaksatt fil yoghurt,4.4,g
7148,"Yoghurt mild vanilj fett 2,7% berikad",Riboflavin,Smaksatt fil yoghurt,0.12,mg
7148,"Yoghurt mild vanilj fett 2,7% berikad",Retinol,Smaksatt fil yoghurt,24.7,µg
7148,"Yoghurt mild vanilj fett 2,7% berikad",Protein,Smaksatt fil yoghurt,2.9,g
7148,"Yoghurt mild vanilj fett 2,7% berikad",Summa fleromättade fettsyror,Smaksatt fil yoghurt,0.1,g
7148,"Yoghurt mild vanilj fett 2,7% berikad","Fosfor, P",Smaksatt fil yoghurt,88.0,mg
7148,"Yoghurt mild vanilj fett 2,7% berikad",Niacinekvivalenter,Smaksatt fil yoghurt,0.8,NE/mg
7148,"Yoghurt mild vanilj fett 2,7% berikad",Niacin,Smaksatt fil yoghurt,0.11,mg
7148,"Yoghurt mild vanilj fett 2,7% berikad","Salt, NaCl",Smaksatt fil yoghurt,0.1,g
7148,"Yoghurt mild vanilj fett 2,7% berikad","Natrium, Na",Smaksatt fil yoghurt,38.0,mg
7148,"Yoghurt mild vanilj fett 2,7% berikad",Monosackarider,Smaksatt fil yoghurt,1.0,g
7148,"Yoghurt mild vanilj fett 2,7% berikad","Sockerarter, totalt",Smaksatt fil yoghurt,8.3,g
7148,"Yoghurt mild vanilj fett 2,7% berikad",Summa enkelomättade fettsyror,Smaksatt fil yoghurt,0.6,g
7148,"Yoghurt mild vanilj fett 2,7% berikad","Magnesium, Mg",Smaksatt fil yoghurt,10.0,mg
7148,"Yoghurt mild vanilj fett 2,7% berikad",Summa mättade fettsyror,Smaksatt fil yoghurt,1.7,g
7148,"Yoghurt mild vanilj fett 2,7% berikad","Kolhydrater, tillgängliga",Smaksatt fil yoghurt,10.4,g
7148,"Yoghurt mild vanilj fett 2,7% berikad",Kolesterol,Smaksatt fil yoghurt,8.7,mg
7148,"Yoghurt mild vanilj fett 2,7% berikad","Kalium, K",Smaksatt fil yoghurt,130.0,mg
7148,"Yoghurt mild vanilj fett 2,7% berikad","Jod, I",Smaksatt fil yoghurt,21.0,µg
7148,"Yoghurt mild vanilj fett 2,7% berikad",Fullkorn totalt,Smaksatt fil yoghurt,0.0,g
7148,"Yoghurt mild vanilj fett 2,7% berikad","Folat, totalt",Smaksatt fil yoghurt,23.0,µg
7148,"Yoghurt mild vanilj fett 2,7% berikad",Fibrer,Smaksatt fil yoghurt,0.3,g
7148,"Yoghurt mild vanilj fett 2,7% berikad","Fett, totalt",Smaksatt fil yoghurt,2.6,g
7148,"Yoghurt mild vanilj fett 2,7% berikad","Järn, Fe",Smaksatt fil yoghurt,0.0,mg
7148,"Yoghurt mild vanilj fett 2,7% berikad",Energi (kJ),Smaksatt fil yoghurt,323.0,kJ
7148,"Yoghurt mild vanilj fett 2,7% berikad",Energi (kcal),Smaksatt fil yoghurt,77.0,kcal
7148,"Yoghurt mild vanilj fett 2,7% berikad",Disackarider,Smaksatt fil yoghurt,7.4,g
7148,"Yoghurt mild vanilj fett 2,7% berikad","Kalcium, Ca",Smaksatt fil yoghurt,110.0,mg
7148,"Yoghurt mild vanilj fett 2,7% berikad",Fettsyra 4:0-10:0,Smaksatt fil yoghurt,0.2,g
7148,"Yoghurt mild vanilj fett 2,7% berikad",DHA (C22:6),Smaksatt fil yoghurt,0.0,g
7148,"Yoghurt mild vanilj fett 2,7% berikad",DPA (C22:5),Smaksatt fil yoghurt,0.0,g
7148,"Yoghurt mild vanilj fett 2,7% berikad",EPA (C20:5),Smaksatt fil yoghurt,0.0,g
7148,"Yoghurt mild vanilj fett 2,7% berikad",Arakidonsyra C20:4,Smaksatt fil yoghurt,0.0,g
7148,"Yoghurt mild vanilj fett 2,7% berikad",Arakidinsyra C20:0,Smaksatt fil yoghurt,0.0,g
7148,"Yoghurt mild vanilj fett 2,7% berikad",Linolensyra C18:3,Smaksatt fil yoghurt,0.0,g
7148,"Yoghurt mild vanilj fett 2,7% berikad",Linolsyra C18:2,Smaksatt fil yoghurt,0.1,g
7148,"Yoghurt mild vanilj fett 2,7% berikad",Oljesyra C18:1,Smaksatt fil yoghurt,0.5,g
7148,"Yoghurt mild vanilj fett 2,7% berikad",Stearinsyra C18:0,Smaksatt fil yoghurt,0.2,g
7148,"Yoghurt mild vanilj fett 2,7% berikad",Palmitoljesyra C16:1,Smaksatt fil yoghurt,0.0,g
7148,"Yoghurt mild vanilj fett 2,7% berikad",Palmitinsyra C16:0,Smaksatt fil yoghurt,0.8,g
7148,"Yoghurt mild vanilj fett 2,7% berikad",Myristinsyra C14:0,Smaksatt fil yoghurt,0.3,g
7148,"Yoghurt mild vanilj fett 2,7% berikad",Laurinsyra C12:0,Smaksatt fil yoghurt,0.1,g
7148,"Yoghurt mild vanilj fett 2,7% berikad",Betakaroten/β-Karoten,Smaksatt fil yoghurt,10.0,µg
7148,"Yoghurt mild vanilj fett 2,7% berikad",Avfall (skal etc.),Smaksatt fil yoghurt,0.0,%
7148,"Yoghurt mild vanilj fett 2,7% berikad",Aska,Smaksatt fil yoghurt,0.7,g
7148,"Yoghurt mild vanilj fett 2,7% berikad",Alkohol,Smaksatt fil yoghurt,0.0,g
7149,"Yoghurt naturell lätt laktosfri fett ca 0,4% berikad","Zink, Zn",Naturell fil yoghurt,0.4,mg
7149,"Yoghurt naturell lätt laktosfri fett ca 0,4% berikad",Vitamin E,Naturell fil yoghurt,0.0,mg
7149,"Yoghurt naturell lätt laktosfri fett ca 0,4% berikad",Vitamin D,Naturell fil yoghurt,1.0,µg
7149,"Yoghurt naturell lätt laktosfri fett ca 0,4% berikad",Vitamin C,Naturell fil yoghurt,0.0,mg
7149,"Yoghurt naturell lätt laktosfri fett ca 0,4% berikad",Vitamin B6,Naturell fil yoghurt,0.04,mg
7149,"Yoghurt naturell lätt laktosfri fett ca 0,4% berikad",Vitamin B12,Naturell fil yoghurt,0.0,µg
7149,"Yoghurt naturell lätt laktosfri fett ca 0,4% berikad",Vitamin A,Naturell fil yoghurt,0.0,RE/µg
7149,"Yoghurt naturell lätt laktosfri fett ca 0,4% berikad",Vatten,Naturell fil yoghurt,90.1,g
7149,"Yoghurt naturell lätt laktosfri fett ca 0,4% berikad",Tiamin,Naturell fil yoghurt,0.0,mg
7149,"Yoghurt naturell lätt laktosfri fett ca 0,4% berikad",Tillsatt socker,Naturell fil yoghurt,0.0,g
7149,"Yoghurt naturell lätt laktosfri fett ca 0,4% berikad",Fritt socker,Naturell fil yoghurt,0.0,g
7149,"Yoghurt naturell lätt laktosfri fett ca 0,4% berikad","Selen, Se",Naturell fil yoghurt,1.5,µg
7149,"Yoghurt naturell lätt laktosfri fett ca 0,4% berikad",Sackaros,Naturell fil yoghurt,0.0,g
7149,"Yoghurt naturell lätt laktosfri fett ca 0,4% berikad",Riboflavin,Naturell fil yoghurt,0.13,mg
7149,"Yoghurt naturell lätt laktosfri fett ca 0,4% berikad",Retinol,Naturell fil yoghurt,0.0,µg
7149,"Yoghurt naturell lätt laktosfri fett ca 0,4% berikad",Protein,Naturell fil yoghurt,3.6,g
7149,"Yoghurt naturell lätt laktosfri fett ca 0,4% berikad",Summa fleromättade fettsyror,Naturell fil yoghurt,0.0,g
7149,"Yoghurt naturell lätt laktosfri fett ca 0,4% berikad","Fosfor, P",Naturell fil yoghurt,98.0,mg
7149,"Yoghurt naturell lätt laktosfri fett ca 0,4% berikad",Niacinekvivalenter,Naturell fil yoghurt,1.0,NE/mg
7149,"Yoghurt naturell lätt laktosfri fett ca 0,4% berikad",Niacin,Naturell fil yoghurt,0.11,mg
7149,"Yoghurt naturell lätt laktosfri fett ca 0,4% berikad","Salt, NaCl",Naturell fil yoghurt,0.1,g
7149,"Yoghurt naturell lätt laktosfri fett ca 0,4% berikad","Natrium, Na",Naturell fil yoghurt,44.0,mg
7149,"Yoghurt naturell lätt laktosfri fett ca 0,4% berikad",Monosackarider,Naturell fil yoghurt,2.1,g
7149,"Yoghurt naturell lätt laktosfri fett ca 0,4% berikad","Sockerarter, totalt",Naturell fil yoghurt,2.1,g
7149,"Yoghurt naturell lätt laktosfri fett ca 0,4% berikad",Summa enkelomättade fettsyror,Naturell fil yoghurt,0.1,g
7149,"Yoghurt naturell lätt laktosfri fett ca 0,4% berikad","Magnesium, Mg",Naturell fil yoghurt,13.0,mg
7149,"Yoghurt naturell lätt laktosfri fett ca 0,4% berikad",Summa mättade fettsyror,Naturell fil yoghurt,0.3,g
7149,"Yoghurt naturell lätt laktosfri fett ca 0,4% berikad","Kolhydrater, tillgängliga",Naturell fil yoghurt,5.0,g
7149,"Yoghurt naturell lätt laktosfri fett ca 0,4% berikad",Kolesterol,Naturell fil yoghurt,3.7,mg
7149,"Yoghurt naturell lätt laktosfri fett ca 0,4% berikad","Kalium, K",Naturell fil yoghurt,170.0,mg
7149,"Yoghurt naturell lätt laktosfri fett ca 0,4% berikad","Jod, I",Naturell fil yoghurt,21.0,µg
7149,"Yoghurt naturell lätt laktosfri fett ca 0,4% berikad",Fullkorn totalt,Naturell fil yoghurt,0.0,g
7149,"Yoghurt naturell lätt laktosfri fett ca 0,4% berikad","Folat, totalt",Naturell fil yoghurt,12.6,µg
7149,"Yoghurt naturell lätt laktosfri fett ca 0,4% berikad",Fibrer,Naturell fil yoghurt,0.0,g
7149,"Yoghurt naturell lätt laktosfri fett ca 0,4% berikad","Fett, totalt",Naturell fil yoghurt,0.5,g
7149,"Yoghurt naturell lätt laktosfri fett ca 0,4% berikad","Järn, Fe",Naturell fil yoghurt,0.0,mg
7149,"Yoghurt naturell lätt laktosfri fett ca 0,4% berikad",Energi (kJ),Naturell fil yoghurt,164.0,kJ
7149,"Yoghurt naturell lätt laktosfri fett ca 0,4% berikad",Energi (kcal),Naturell fil yoghurt,39.0,kcal
7149,"Yoghurt naturell lätt laktosfri fett ca 0,4% berikad",Disackarider,Naturell fil yoghurt,0.0,g
7149,"Yoghurt naturell lätt laktosfri fett ca 0,4% berikad","Kalcium, Ca",Naturell fil yoghurt,130.0,mg
7149,"Yoghurt naturell lätt laktosfri fett ca 0,4% berikad",Fettsyra 4:0-10:0,Naturell fil yoghurt,0.0,g
7149,"Yoghurt naturell lätt laktosfri fett ca 0,4% berikad",DHA (C22:6),Naturell fil yoghurt,0.0,g
7149,"Yoghurt naturell lätt laktosfri fett ca 0,4% berikad",DPA (C22:5),Naturell fil yoghurt,0.0,g
7149,"Yoghurt naturell lätt laktosfri fett ca 0,4% berikad",EPA (C20:5),Naturell fil yoghurt,0.0,g
7149,"Yoghurt naturell lätt laktosfri fett ca 0,4% berikad",Arakidonsyra C20:4,Naturell fil yoghurt,0.0,g
7149,"Yoghurt naturell lätt laktosfri fett ca 0,4% berikad",Arakidinsyra C20:0,Naturell fil yoghurt,0.0,g
7149,"Yoghurt naturell lätt laktosfri fett ca 0,4% berikad",Linolensyra C18:3,Naturell fil yoghurt,0.0,g
7149,"Yoghurt naturell lätt laktosfri fett ca 0,4% berikad",Linolsyra C18:2,Naturell fil yoghurt,0.0,g
7149,"Yoghurt naturell lätt laktosfri fett ca 0,4% berikad",Oljesyra C18:1,Naturell fil yoghurt,0.1,g
7149,"Yoghurt naturell lätt laktosfri fett ca 0,4% berikad",Stearinsyra C18:0,Naturell fil yoghurt,0.0,g
7149,"Yoghurt naturell lätt laktosfri fett ca 0,4% berikad",Palmitoljesyra C16:1,Naturell fil yoghurt,0.0,g
7149,"Yoghurt naturell lätt laktosfri fett ca 0,4% berikad",Palmitinsyra C16:0,Naturell fil yoghurt,0.2,g
7149,"Yoghurt naturell lätt laktosfri fett ca 0,4% berikad",Myristinsyra C14:0,Naturell fil yoghurt,0.0,g
7149,"Yoghurt naturell lätt laktosfri fett ca 0,4% berikad",Laurinsyra C12:0,Naturell fil yoghurt,0.0,g
7149,"Yoghurt naturell lätt laktosfri fett ca 0,4% berikad",Betakaroten/β-Karoten,Naturell fil yoghurt,0.0,µg
7149,"Yoghurt naturell lätt laktosfri fett ca 0,4% berikad",Avfall (skal etc.),Naturell fil yoghurt,0.0,%
7149,"Yoghurt naturell lätt laktosfri fett ca 0,4% berikad",Aska,Naturell fil yoghurt,0.8,g
7149,"Yoghurt naturell lätt laktosfri fett ca 0,4% berikad",Alkohol,Naturell fil yoghurt,0.0,g
7150,Gris skinka bog konserv.,"Zink, Zn",Kött processat,1.5,mg
7150,Gris skinka bog konserv.,Vitamin E,Kött processat,0.5,mg
7150,Gris skinka bog konserv.,Vitamin D,Kött processat,0.0,µg
7150,Gris skinka bog konserv.,Vitamin C,Kött processat,17.4,mg
7150,Gris skinka bog konserv.,Vitamin B6,Kött processat,0.14,mg
7150,Gris skinka bog konserv.,Vitamin B12,Kött processat,0.25,µg
7150,Gris skinka bog konserv.,Vitamin A,Kött processat,0.0,RE/µg
7150,Gris skinka bog konserv.,Vatten,Kött processat,72.4,g
7150,Gris skinka bog konserv.,Tiamin,Kött processat,0.34,mg
7150,Gris skinka bog konserv.,Tillsatt socker,Kött processat,1.0,g
7150,Gris skinka bog konserv.,Fritt socker,Kött processat,1.0,g
7150,Gris skinka bog konserv.,"Selen, Se",Kött processat,98.0,µg
7150,Gris skinka bog konserv.,Sackaros,Kött processat,0.6,g
7150,Gris skinka bog konserv.,Riboflavin,Kött processat,0.06,mg
7150,Gris skinka bog konserv.,Retinol,Kött processat,0.0,µg
7150,Gris skinka bog konserv.,Protein,Kött processat,17.0,g
7150,Gris skinka bog konserv.,Summa fleromättade fettsyror,Kött processat,0.8,g
7150,Gris skinka bog konserv.,"Fosfor, P",Kött processat,230.0,mg
7150,Gris skinka bog konserv.,Niacinekvivalenter,Kött processat,9.4,NE/mg
7150,Gris skinka bog konserv.,Niacin,Kött processat,6.24,mg
7150,Gris skinka bog konserv.,"Salt, NaCl",Kött processat,2.0,g
7150,Gris skinka bog konserv.,"Natrium, Na",Kött processat,790.0,mg
7150,Gris skinka bog konserv.,Monosackarider,Kött processat,0.1,g
7150,Gris skinka bog konserv.,"Sockerarter, totalt",Kött processat,0.8,g
7150,Gris skinka bog konserv.,Summa enkelomättade fettsyror,Kött processat,3.7,g
7150,Gris skinka bog konserv.,"Magnesium, Mg",Kött processat,19.0,mg
7150,Gris skinka bog konserv.,Summa mättade fettsyror,Kött processat,3.0,g
7150,Gris skinka bog konserv.,"Kolhydrater, tillgängliga",Kött processat,0.0,g
7150,Gris skinka bog konserv.,Kolesterol,Kött processat,57.9,mg
7150,Gris skinka bog konserv.,"Kalium, K",Kött processat,260.0,mg
7150,Gris skinka bog konserv.,"Jod, I",Kött processat,5.2,µg
7150,Gris skinka bog konserv.,Fullkorn totalt,Kött processat,0.0,g
7150,Gris skinka bog konserv.,"Folat, totalt",Kött processat,6.0,µg
7150,Gris skinka bog konserv.,Fibrer,Kött processat,0.0,g
7150,Gris skinka bog konserv.,"Fett, totalt",Kött processat,8.0,g
7150,Gris skinka bog konserv.,"Järn, Fe",Kött processat,0.5,mg
7150,Gris skinka bog konserv.,Energi (kJ),Kött processat,584.0,kJ
7150,Gris skinka bog konserv.,Energi (kcal),Kött processat,140.0,kcal
7150,Gris skinka bog konserv.,Disackarider,Kött processat,0.6,g
7150,Gris skinka bog konserv.,"Kalcium, Ca",Kött processat,7.0,mg
7150,Gris skinka bog konserv.,Fettsyra 4:0-10:0,Kött processat,0.0,g
7150,Gris skinka bog konserv.,DHA (C22:6),Kött processat,0.0,g
7150,Gris skinka bog konserv.,DPA (C22:5),Kött processat,0.0,g
7150,Gris skinka bog konserv.,EPA (C20:5),Kött processat,0.0,g
7150,Gris skinka bog konserv.,Arakidonsyra C20:4,Kött processat,0.0,g
7150,Gris skinka bog konserv.,Arakidinsyra C20:0,Kött processat,0.0,g
7150,Gris skinka bog konserv.,Linolensyra C18:3,Kött processat,0.0,g
7150,Gris skinka bog konserv.,Linolsyra C18:2,Kött processat,0.7,g
7150,Gris skinka bog konserv.,Oljesyra C18:1,Kött processat,3.4,g
7150,Gris skinka bog konserv.,Stearinsyra C18:0,Kött processat,1.0,g
7150,Gris skinka bog konserv.,Palmitoljesyra C16:1,Kött processat,0.2,g
7150,Gris skinka bog konserv.,Palmitinsyra C16:0,Kött processat,1.9,g
7150,Gris skinka bog konserv.,Myristinsyra C14:0,Kött processat,0.1,g
7150,Gris skinka bog konserv.,Laurinsyra C12:0,Kött processat,0.0,g
7150,Gris skinka bog konserv.,Betakaroten/β-Karoten,Kött processat,0.0,µg
7150,Gris skinka bog konserv.,Avfall (skal etc.),Kött processat,0.0,%
7150,Gris skinka bog konserv.,Aska,Kött processat,3.2,g
7150,Gris skinka bog konserv.,Alkohol,Kött processat,0.0,g
7152,"Fruktyoghurt lätt m. socker fett 0,1%","Zink, Zn",Smaksatt fil yoghurt,0.0,mg
7152,"Fruktyoghurt lätt m. socker fett 0,1%",Vitamin E,Smaksatt fil yoghurt,0.0,mg
7152,"Fruktyoghurt lätt m. socker fett 0,1%",Vitamin D,Smaksatt fil yoghurt,0.0,µg
7152,"Fruktyoghurt lätt m. socker fett 0,1%",Vitamin C,Smaksatt fil yoghurt,0.3,mg
7152,"Fruktyoghurt lätt m. socker fett 0,1%",Vitamin B6,Smaksatt fil yoghurt,0.03,mg
7152,"Fruktyoghurt lätt m. socker fett 0,1%",Vitamin B12,Smaksatt fil yoghurt,0.26,µg
7152,"Fruktyoghurt lätt m. socker fett 0,1%",Vitamin A,Smaksatt fil yoghurt,0.0,RE/µg
7152,"Fruktyoghurt lätt m. socker fett 0,1%",Vatten,Smaksatt fil yoghurt,86.9,g
7152,"Fruktyoghurt lätt m. socker fett 0,1%",Tiamin,Smaksatt fil yoghurt,0.0,mg
7152,"Fruktyoghurt lätt m. socker fett 0,1%",Tillsatt socker,Smaksatt fil yoghurt,4.0,g
7152,"Fruktyoghurt lätt m. socker fett 0,1%",Fritt socker,Smaksatt fil yoghurt,4.0,g
7152,"Fruktyoghurt lätt m. socker fett 0,1%","Selen, Se",Smaksatt fil yoghurt,2.0,µg
7152,"Fruktyoghurt lätt m. socker fett 0,1%",Sackaros,Smaksatt fil yoghurt,7.0,g
7152,"Fruktyoghurt lätt m. socker fett 0,1%",Riboflavin,Smaksatt fil yoghurt,0.11,mg
7152,"Fruktyoghurt lätt m. socker fett 0,1%",Retinol,Smaksatt fil yoghurt,0.0,µg
7152,"Fruktyoghurt lätt m. socker fett 0,1%",Protein,Smaksatt fil yoghurt,2.9,g
7152,"Fruktyoghurt lätt m. socker fett 0,1%",Summa fleromättade fettsyror,Smaksatt fil yoghurt,0.0,g
7152,"Fruktyoghurt lätt m. socker fett 0,1%","Fosfor, P",Smaksatt fil yoghurt,90.0,mg
7152,"Fruktyoghurt lätt m. socker fett 0,1%",Niacinekvivalenter,Smaksatt fil yoghurt,0.8,NE/mg
7152,"Fruktyoghurt lätt m. socker fett 0,1%",Niacin,Smaksatt fil yoghurt,0.13,mg
7152,"Fruktyoghurt lätt m. socker fett 0,1%","Salt, NaCl",Smaksatt fil yoghurt,0.1,g
7152,"Fruktyoghurt lätt m. socker fett 0,1%","Natrium, Na",Smaksatt fil yoghurt,39.0,mg
7152,"Fruktyoghurt lätt m. socker fett 0,1%",Monosackarider,Smaksatt fil yoghurt,0.7,g
7152,"Fruktyoghurt lätt m. socker fett 0,1%","Sockerarter, totalt",Smaksatt fil yoghurt,10.6,g
7152,"Fruktyoghurt lätt m. socker fett 0,1%",Summa enkelomättade fettsyror,Smaksatt fil yoghurt,0.0,g
7152,"Fruktyoghurt lätt m. socker fett 0,1%","Magnesium, Mg",Smaksatt fil yoghurt,12.0,mg
7152,"Fruktyoghurt lätt m. socker fett 0,1%",Summa mättade fettsyror,Smaksatt fil yoghurt,0.0,g
7152,"Fruktyoghurt lätt m. socker fett 0,1%","Kolhydrater, tillgängliga",Smaksatt fil yoghurt,8.8,g
7152,"Fruktyoghurt lätt m. socker fett 0,1%",Kolesterol,Smaksatt fil yoghurt,2.1,mg
7152,"Fruktyoghurt lätt m. socker fett 0,1%","Kalium, K",Smaksatt fil yoghurt,150.0,mg
7152,"Fruktyoghurt lätt m. socker fett 0,1%","Jod, I",Smaksatt fil yoghurt,16.0,µg
7152,"Fruktyoghurt lätt m. socker fett 0,1%",Fullkorn totalt,Smaksatt fil yoghurt,0.0,g
7152,"Fruktyoghurt lätt m. socker fett 0,1%","Folat, totalt",Smaksatt fil yoghurt,12.6,µg
7152,"Fruktyoghurt lätt m. socker fett 0,1%",Fibrer,Smaksatt fil yoghurt,0.6,g
7152,"Fruktyoghurt lätt m. socker fett 0,1%","Fett, totalt",Smaksatt fil yoghurt,0.1,g
7152,"Fruktyoghurt lätt m. socker fett 0,1%","Järn, Fe",Smaksatt fil yoghurt,0.0,mg
7152,"Fruktyoghurt lätt m. socker fett 0,1%",Energi (kJ),Smaksatt fil yoghurt,208.0,kJ
7152,"Fruktyoghurt lätt m. socker fett 0,1%",Energi (kcal),Smaksatt fil yoghurt,50.0,kcal
7152,"Fruktyoghurt lätt m. socker fett 0,1%",Disackarider,Smaksatt fil yoghurt,9.9,g
7152,"Fruktyoghurt lätt m. socker fett 0,1%","Kalcium, Ca",Smaksatt fil yoghurt,120.0,mg
7152,"Fruktyoghurt lätt m. socker fett 0,1%",Fettsyra 4:0-10:0,Smaksatt fil yoghurt,0.0,g
7152,"Fruktyoghurt lätt m. socker fett 0,1%",DHA (C22:6),Smaksatt fil yoghurt,0.0,g
7152,"Fruktyoghurt lätt m. socker fett 0,1%",DPA (C22:5),Smaksatt fil yoghurt,0.0,g
7152,"Fruktyoghurt lätt m. socker fett 0,1%",EPA (C20:5),Smaksatt fil yoghurt,0.0,g
7152,"Fruktyoghurt lätt m. socker fett 0,1%",Arakidonsyra C20:4,Smaksatt fil yoghurt,0.0,g
7152,"Fruktyoghurt lätt m. socker fett 0,1%",Arakidinsyra C20:0,Smaksatt fil yoghurt,0.0,g
7152,"Fruktyoghurt lätt m. socker fett 0,1%",Linolensyra C18:3,Smaksatt fil yoghurt,0.0,g
7152,"Fruktyoghurt lätt m. socker fett 0,1%",Linolsyra C18:2,Smaksatt fil yoghurt,0.0,g
7152,"Fruktyoghurt lätt m. socker fett 0,1%",Oljesyra C18:1,Smaksatt fil yoghurt,0.0,g
7152,"Fruktyoghurt lätt m. socker fett 0,1%",Stearinsyra C18:0,Smaksatt fil yoghurt,0.0,g
7152,"Fruktyoghurt lätt m. socker fett 0,1%",Palmitoljesyra C16:1,Smaksatt fil yoghurt,0.0,g
7152,"Fruktyoghurt lätt m. socker fett 0,1%",Palmitinsyra C16:0,Smaksatt fil yoghurt,0.0,g
7152,"Fruktyoghurt lätt m. socker fett 0,1%",Myristinsyra C14:0,Smaksatt fil yoghurt,0.0,g
7152,"Fruktyoghurt lätt m. socker fett 0,1%",Laurinsyra C12:0,Smaksatt fil yoghurt,0.0,g
7152,"Fruktyoghurt lätt m. socker fett 0,1%",Betakaroten/β-Karoten,Smaksatt fil yoghurt,0.0,µg
7152,"Fruktyoghurt lätt m. socker fett 0,1%",Avfall (skal etc.),Smaksatt fil yoghurt,0.0,%
7152,"Fruktyoghurt lätt m. socker fett 0,1%",Aska,Smaksatt fil yoghurt,0.7,g
7152,"Fruktyoghurt lätt m. socker fett 0,1%",Alkohol,Smaksatt fil yoghurt,0.0,g
7153,"Fruktyoghurt lätt m. sötningsm. fett 0,1% berikad","Zink, Zn",Smaksatt fil yoghurt,0.0,mg
7153,"Fruktyoghurt lätt m. sötningsm. fett 0,1% berikad",Vitamin E,Smaksatt fil yoghurt,0.0,mg
7153,"Fruktyoghurt lätt m. sötningsm. fett 0,1% berikad",Vitamin D,Smaksatt fil yoghurt,0.88,µg
7153,"Fruktyoghurt lätt m. sötningsm. fett 0,1% berikad",Vitamin C,Smaksatt fil yoghurt,0.3,mg
7153,"Fruktyoghurt lätt m. sötningsm. fett 0,1% berikad",Vitamin B6,Smaksatt fil yoghurt,0.03,mg
7153,"Fruktyoghurt lätt m. sötningsm. fett 0,1% berikad",Vitamin B12,Smaksatt fil yoghurt,0.26,µg
7153,"Fruktyoghurt lätt m. sötningsm. fett 0,1% berikad",Vitamin A,Smaksatt fil yoghurt,0.0,RE/µg
7153,"Fruktyoghurt lätt m. sötningsm. fett 0,1% berikad",Vatten,Smaksatt fil yoghurt,86.9,g
7153,"Fruktyoghurt lätt m. sötningsm. fett 0,1% berikad",Tiamin,Smaksatt fil yoghurt,0.0,mg
7153,"Fruktyoghurt lätt m. sötningsm. fett 0,1% berikad",Tillsatt socker,Smaksatt fil yoghurt,0.0,g
7153,"Fruktyoghurt lätt m. sötningsm. fett 0,1% berikad",Fritt socker,Smaksatt fil yoghurt,1.0,g
7153,"Fruktyoghurt lätt m. sötningsm. fett 0,1% berikad","Selen, Se",Smaksatt fil yoghurt,2.0,µg
7153,"Fruktyoghurt lätt m. sötningsm. fett 0,1% berikad",Sackaros,Smaksatt fil yoghurt,0.0,g
7153,"Fruktyoghurt lätt m. sötningsm. fett 0,1% berikad",Riboflavin,Smaksatt fil yoghurt,0.11,mg
7153,"Fruktyoghurt lätt m. sötningsm. fett 0,1% berikad",Retinol,Smaksatt fil yoghurt,0.0,µg
7153,"Fruktyoghurt lätt m. sötningsm. fett 0,1% berikad",Protein,Smaksatt fil yoghurt,2.9,g
7153,"Fruktyoghurt lätt m. sötningsm. fett 0,1% berikad",Summa fleromättade fettsyror,Smaksatt fil yoghurt,0.0,g
7153,"Fruktyoghurt lätt m. sötningsm. fett 0,1% berikad","Fosfor, P",Smaksatt fil yoghurt,90.0,mg
7153,"Fruktyoghurt lätt m. sötningsm. fett 0,1% berikad",Niacinekvivalenter,Smaksatt fil yoghurt,0.8,NE/mg
7153,"Fruktyoghurt lätt m. sötningsm. fett 0,1% berikad",Niacin,Smaksatt fil yoghurt,0.13,mg
7153,"Fruktyoghurt lätt m. sötningsm. fett 0,1% berikad","Salt, NaCl",Smaksatt fil yoghurt,0.1,g
7153,"Fruktyoghurt lätt m. sötningsm. fett 0,1% berikad","Natrium, Na",Smaksatt fil yoghurt,39.0,mg
7153,"Fruktyoghurt lätt m. sötningsm. fett 0,1% berikad",Monosackarider,Smaksatt fil yoghurt,0.4,g
7153,"Fruktyoghurt lätt m. sötningsm. fett 0,1% berikad","Sockerarter, totalt",Smaksatt fil yoghurt,3.0,g
7153,"Fruktyoghurt lätt m. sötningsm. fett 0,1% berikad",Summa enkelomättade fettsyror,Smaksatt fil yoghurt,0.0,g
7153,"Fruktyoghurt lätt m. sötningsm. fett 0,1% berikad","Magnesium, Mg",Smaksatt fil yoghurt,12.0,mg
7153,"Fruktyoghurt lätt m. sötningsm. fett 0,1% berikad",Summa mättade fettsyror,Smaksatt fil yoghurt,0.0,g
7153,"Fruktyoghurt lätt m. sötningsm. fett 0,1% berikad","Kolhydrater, tillgängliga",Smaksatt fil yoghurt,8.8,g
7153,"Fruktyoghurt lätt m. sötningsm. fett 0,1% berikad",Kolesterol,Smaksatt fil yoghurt,2.1,mg
7153,"Fruktyoghurt lätt m. sötningsm. fett 0,1% berikad","Kalium, K",Smaksatt fil yoghurt,150.0,mg
7153,"Fruktyoghurt lätt m. sötningsm. fett 0,1% berikad","Jod, I",Smaksatt fil yoghurt,16.0,µg
7153,"Fruktyoghurt lätt m. sötningsm. fett 0,1% berikad",Fullkorn totalt,Smaksatt fil yoghurt,0.0,g
7153,"Fruktyoghurt lätt m. sötningsm. fett 0,1% berikad","Folat, totalt",Smaksatt fil yoghurt,12.6,µg
7153,"Fruktyoghurt lätt m. sötningsm. fett 0,1% berikad",Fibrer,Smaksatt fil yoghurt,0.6,g
7153,"Fruktyoghurt lätt m. sötningsm. fett 0,1% berikad","Fett, totalt",Smaksatt fil yoghurt,0.1,g
7153,"Fruktyoghurt lätt m. sötningsm. fett 0,1% berikad","Järn, Fe",Smaksatt fil yoghurt,0.0,mg
7153,"Fruktyoghurt lätt m. sötningsm. fett 0,1% berikad",Energi (kJ),Smaksatt fil yoghurt,208.0,kJ
7153,"Fruktyoghurt lätt m. sötningsm. fett 0,1% berikad",Energi (kcal),Smaksatt fil yoghurt,50.0,kcal
7153,"Fruktyoghurt lätt m. sötningsm. fett 0,1% berikad",Disackarider,Smaksatt fil yoghurt,2.6,g
7153,"Fruktyoghurt lätt m. sötningsm. fett 0,1% berikad","Kalcium, Ca",Smaksatt fil yoghurt,120.0,mg
7153,"Fruktyoghurt lätt m. sötningsm. fett 0,1% berikad",Fettsyra 4:0-10:0,Smaksatt fil yoghurt,0.0,g
7153,"Fruktyoghurt lätt m. sötningsm. fett 0,1% berikad",DHA (C22:6),Smaksatt fil yoghurt,0.0,g
7153,"Fruktyoghurt lätt m. sötningsm. fett 0,1% berikad",DPA (C22:5),Smaksatt fil yoghurt,0.0,g
7153,"Fruktyoghurt lätt m. sötningsm. fett 0,1% berikad",EPA (C20:5),Smaksatt fil yoghurt,0.0,g
7153,"Fruktyoghurt lätt m. sötningsm. fett 0,1% berikad",Arakidonsyra C20:4,Smaksatt fil yoghurt,0.0,g
7153,"Fruktyoghurt lätt m. sötningsm. fett 0,1% berikad",Arakidinsyra C20:0,Smaksatt fil yoghurt,0.0,g
7153,"Fruktyoghurt lätt m. sötningsm. fett 0,1% berikad",Linolensyra C18:3,Smaksatt fil yoghurt,0.0,g
7153,"Fruktyoghurt lätt m. sötningsm. fett 0,1% berikad",Linolsyra C18:2,Smaksatt fil yoghurt,0.0,g
7153,"Fruktyoghurt lätt m. sötningsm. fett 0,1% berikad",Oljesyra C18:1,Smaksatt fil yoghurt,0.0,g
7153,"Fruktyoghurt lätt m. sötningsm. fett 0,1% berikad",Stearinsyra C18:0,Smaksatt fil yoghurt,0.0,g
7153,"Fruktyoghurt lätt m. sötningsm. fett 0,1% berikad",Palmitoljesyra C16:1,Smaksatt fil yoghurt,0.0,g
7153,"Fruktyoghurt lätt m. sötningsm. fett 0,1% berikad",Palmitinsyra C16:0,Smaksatt fil yoghurt,0.0,g
7153,"Fruktyoghurt lätt m. sötningsm. fett 0,1% berikad",Myristinsyra C14:0,Smaksatt fil yoghurt,0.0,g
7153,"Fruktyoghurt lätt m. sötningsm. fett 0,1% berikad",Laurinsyra C12:0,Smaksatt fil yoghurt,0.0,g
7153,"Fruktyoghurt lätt m. sötningsm. fett 0,1% berikad",Betakaroten/β-Karoten,Smaksatt fil yoghurt,0.0,µg
7153,"Fruktyoghurt lätt m. sötningsm. fett 0,1% berikad",Avfall (skal etc.),Smaksatt fil yoghurt,0.0,%
7153,"Fruktyoghurt lätt m. sötningsm. fett 0,1% berikad",Aska,Smaksatt fil yoghurt,0.7,g
7153,"Fruktyoghurt lätt m. sötningsm. fett 0,1% berikad",Alkohol,Smaksatt fil yoghurt,0.0,g
7154,"Fruktyoghurt lättsötad fett 1,5% berikad","Zink, Zn",Smaksatt fil yoghurt,0.4,mg
7154,"Fruktyoghurt lättsötad fett 1,5% berikad",Vitamin E,Smaksatt fil yoghurt,0.1,mg
7154,"Fruktyoghurt lättsötad fett 1,5% berikad",Vitamin D,Smaksatt fil yoghurt,0.92,µg
7154,"Fruktyoghurt lättsötad fett 1,5% berikad",Vitamin C,Smaksatt fil yoghurt,0.3,mg
7154,"Fruktyoghurt lättsötad fett 1,5% berikad",Vitamin B6,Smaksatt fil yoghurt,0.04,mg
7154,"Fruktyoghurt lättsötad fett 1,5% berikad",Vitamin B12,Smaksatt fil yoghurt,0.0,µg
7154,"Fruktyoghurt lättsötad fett 1,5% berikad",Vitamin A,Smaksatt fil yoghurt,15.5,RE/µg
7154,"Fruktyoghurt lättsötad fett 1,5% berikad",Vatten,Smaksatt fil yoghurt,85.5,g
7154,"Fruktyoghurt lättsötad fett 1,5% berikad",Tiamin,Smaksatt fil yoghurt,0.0,mg
7154,"Fruktyoghurt lättsötad fett 1,5% berikad",Tillsatt socker,Smaksatt fil yoghurt,4.0,g
7154,"Fruktyoghurt lättsötad fett 1,5% berikad",Fritt socker,Smaksatt fil yoghurt,5.0,g
7154,"Fruktyoghurt lättsötad fett 1,5% berikad","Selen, Se",Smaksatt fil yoghurt,1.6,µg
7154,"Fruktyoghurt lättsötad fett 1,5% berikad",Sackaros,Smaksatt fil yoghurt,3.2,g
7154,"Fruktyoghurt lättsötad fett 1,5% berikad",Riboflavin,Smaksatt fil yoghurt,0.12,mg
7154,"Fruktyoghurt lättsötad fett 1,5% berikad",Retinol,Smaksatt fil yoghurt,10.5,µg
7154,"Fruktyoghurt lättsötad fett 1,5% berikad",Protein,Smaksatt fil yoghurt,3.4,g
7154,"Fruktyoghurt lättsötad fett 1,5% berikad",Summa fleromättade fettsyror,Smaksatt fil yoghurt,0.0,g
7154,"Fruktyoghurt lättsötad fett 1,5% berikad","Fosfor, P",Smaksatt fil yoghurt,83.0,mg
7154,"Fruktyoghurt lättsötad fett 1,5% berikad",Niacinekvivalenter,Smaksatt fil yoghurt,0.9,NE/mg
7154,"Fruktyoghurt lättsötad fett 1,5% berikad",Niacin,Smaksatt fil yoghurt,0.13,mg
7154,"Fruktyoghurt lättsötad fett 1,5% berikad","Salt, NaCl",Smaksatt fil yoghurt,0.1,g
7154,"Fruktyoghurt lättsötad fett 1,5% berikad","Natrium, Na",Smaksatt fil yoghurt,41.0,mg
7154,"Fruktyoghurt lättsötad fett 1,5% berikad",Monosackarider,Smaksatt fil yoghurt,0.7,g
7154,"Fruktyoghurt lättsötad fett 1,5% berikad","Sockerarter, totalt",Smaksatt fil yoghurt,6.8,g
7154,"Fruktyoghurt lättsötad fett 1,5% berikad",Summa enkelomättade fettsyror,Smaksatt fil yoghurt,0.2,g
7154,"Fruktyoghurt lättsötad fett 1,5% berikad","Magnesium, Mg",Smaksatt fil yoghurt,10.0,mg
7154,"Fruktyoghurt lättsötad fett 1,5% berikad",Summa mättade fettsyror,Smaksatt fil yoghurt,0.6,g
7154,"Fruktyoghurt lättsötad fett 1,5% berikad","Kolhydrater, tillgängliga",Smaksatt fil yoghurt,9.2,g
7154,"Fruktyoghurt lättsötad fett 1,5% berikad",Kolesterol,Smaksatt fil yoghurt,5.3,mg
7154,"Fruktyoghurt lättsötad fett 1,5% berikad","Kalium, K",Smaksatt fil yoghurt,130.0,mg
7154,"Fruktyoghurt lättsötad fett 1,5% berikad","Jod, I",Smaksatt fil yoghurt,16.0,µg
7154,"Fruktyoghurt lättsötad fett 1,5% berikad",Fullkorn totalt,Smaksatt fil yoghurt,0.0,g
7154,"Fruktyoghurt lättsötad fett 1,5% berikad","Folat, totalt",Smaksatt fil yoghurt,12.6,µg
7154,"Fruktyoghurt lättsötad fett 1,5% berikad",Fibrer,Smaksatt fil yoghurt,0.3,g
7154,"Fruktyoghurt lättsötad fett 1,5% berikad","Fett, totalt",Smaksatt fil yoghurt,0.8,g
7154,"Fruktyoghurt lättsötad fett 1,5% berikad","Järn, Fe",Smaksatt fil yoghurt,0.0,mg
7154,"Fruktyoghurt lättsötad fett 1,5% berikad",Energi (kJ),Smaksatt fil yoghurt,249.0,kJ
7154,"Fruktyoghurt lättsötad fett 1,5% berikad",Energi (kcal),Smaksatt fil yoghurt,60.0,kcal
7154,"Fruktyoghurt lättsötad fett 1,5% berikad",Disackarider,Smaksatt fil yoghurt,6.1,g
7154,"Fruktyoghurt lättsötad fett 1,5% berikad","Kalcium, Ca",Smaksatt fil yoghurt,100.0,mg
7154,"Fruktyoghurt lättsötad fett 1,5% berikad",Fettsyra 4:0-10:0,Smaksatt fil yoghurt,0.1,g
7154,"Fruktyoghurt lättsötad fett 1,5% berikad",DHA (C22:6),Smaksatt fil yoghurt,0.0,g
7154,"Fruktyoghurt lättsötad fett 1,5% berikad",DPA (C22:5),Smaksatt fil yoghurt,0.0,g
7154,"Fruktyoghurt lättsötad fett 1,5% berikad",EPA (C20:5),Smaksatt fil yoghurt,0.0,g
7154,"Fruktyoghurt lättsötad fett 1,5% berikad",Arakidonsyra C20:4,Smaksatt fil yoghurt,0.0,g
7154,"Fruktyoghurt lättsötad fett 1,5% berikad",Arakidinsyra C20:0,Smaksatt fil yoghurt,0.0,g
7154,"Fruktyoghurt lättsötad fett 1,5% berikad",Linolensyra C18:3,Smaksatt fil yoghurt,0.0,g
7154,"Fruktyoghurt lättsötad fett 1,5% berikad",Linolsyra C18:2,Smaksatt fil yoghurt,0.0,g
7154,"Fruktyoghurt lättsötad fett 1,5% berikad",Oljesyra C18:1,Smaksatt fil yoghurt,0.2,g
7154,"Fruktyoghurt lättsötad fett 1,5% berikad",Stearinsyra C18:0,Smaksatt fil yoghurt,0.1,g
7154,"Fruktyoghurt lättsötad fett 1,5% berikad",Palmitoljesyra C16:1,Smaksatt fil yoghurt,0.0,g
7154,"Fruktyoghurt lättsötad fett 1,5% berikad",Palmitinsyra C16:0,Smaksatt fil yoghurt,0.3,g
7154,"Fruktyoghurt lättsötad fett 1,5% berikad",Myristinsyra C14:0,Smaksatt fil yoghurt,0.1,g
7154,"Fruktyoghurt lättsötad fett 1,5% berikad",Laurinsyra C12:0,Smaksatt fil yoghurt,0.0,g
7154,"Fruktyoghurt lättsötad fett 1,5% berikad",Betakaroten/β-Karoten,Smaksatt fil yoghurt,60.0,µg
7154,"Fruktyoghurt lättsötad fett 1,5% berikad",Avfall (skal etc.),Smaksatt fil yoghurt,0.0,%
7154,"Fruktyoghurt lättsötad fett 1,5% berikad",Aska,Smaksatt fil yoghurt,0.7,g
7154,"Fruktyoghurt lättsötad fett 1,5% berikad",Alkohol,Smaksatt fil yoghurt,0.0,g
7155,Nöt färs m. morot blomkål rå,"Zink, Zn",Köttprodukter kötträtter,2.6,mg
7155,Nöt färs m. morot blomkål rå,Vitamin E,Köttprodukter kötträtter,0.5,mg
7155,Nöt färs m. morot blomkål rå,Vitamin D inkl 25-OH-D3,Köttprodukter kötträtter,0.3,µg
7155,Nöt färs m. morot blomkål rå,Vitamin D,Köttprodukter kötträtter,0.04,µg
7155,Nöt färs m. morot blomkål rå,Vitamin C,Köttprodukter kötträtter,21.0,mg
7155,Nöt färs m. morot blomkål rå,Vitamin B6,Köttprodukter kötträtter,0.21,mg
7155,Nöt färs m. morot blomkål rå,Vitamin B12,Köttprodukter kötträtter,0.76,µg
7155,Nöt färs m. morot blomkål rå,Vitamin A,Köttprodukter kötträtter,221.8,RE/µg
7155,Nöt färs m. morot blomkål rå,Vatten,Köttprodukter kötträtter,79.3,g
7155,Nöt färs m. morot blomkål rå,Tiamin,Köttprodukter kötträtter,0.06,mg
7155,Nöt färs m. morot blomkål rå,Tillsatt socker,Köttprodukter kötträtter,0.0,g
7155,Nöt färs m. morot blomkål rå,Fritt socker,Köttprodukter kötträtter,0.0,g
7155,Nöt färs m. morot blomkål rå,"Selen, Se",Köttprodukter kötträtter,2.7,µg
7155,Nöt färs m. morot blomkål rå,Sackaros,Köttprodukter kötträtter,0.9,g
7155,Nöt färs m. morot blomkål rå,Riboflavin,Köttprodukter kötträtter,0.11,mg
7155,Nöt färs m. morot blomkål rå,Retinol,Köttprodukter kötträtter,5.1,µg
7155,Nöt färs m. morot blomkål rå,Protein,Köttprodukter kötträtter,10.7,g
7155,Nöt färs m. morot blomkål rå,Summa fleromättade fettsyror,Köttprodukter kötträtter,0.3,g
7155,Nöt färs m. morot blomkål rå,"Fosfor, P",Köttprodukter kötträtter,98.0,mg
7155,Nöt färs m. morot blomkål rå,Niacinekvivalenter,Köttprodukter kötträtter,4.42,NE/mg
7155,Nöt färs m. morot blomkål rå,Niacin,Köttprodukter kötträtter,2.51,mg
7155,Nöt färs m. morot blomkål rå,"Salt, NaCl",Köttprodukter kötträtter,0.1,g
7155,Nöt färs m. morot blomkål rå,"Natrium, Na",Köttprodukter kötträtter,52.0,mg
7155,Nöt färs m. morot blomkål rå,Monosackarider,Köttprodukter kötträtter,1.3,g
7155,Nöt färs m. morot blomkål rå,"Sockerarter, totalt",Köttprodukter kötträtter,2.2,g
7155,Nöt färs m. morot blomkål rå,Summa enkelomättade fettsyror,Köttprodukter kötträtter,2.6,g
7155,Nöt färs m. morot blomkål rå,"Magnesium, Mg",Köttprodukter kötträtter,15.0,mg
7155,Nöt färs m. morot blomkål rå,Summa mättade fettsyror,Köttprodukter kötträtter,2.5,g
7155,Nöt färs m. morot blomkål rå,"Kolhydrater, tillgängliga",Köttprodukter kötträtter,2.3,g
7155,Nöt färs m. morot blomkål rå,Kolesterol,Köttprodukter kötträtter,29.9,mg
7155,Nöt färs m. morot blomkål rå,"Kalium, K",Köttprodukter kötträtter,277.0,mg
7155,Nöt färs m. morot blomkål rå,"Jod, I",Köttprodukter kötträtter,1.7,µg
7155,Nöt färs m. morot blomkål rå,Fullkorn totalt,Köttprodukter kötträtter,0.0,g
7155,Nöt färs m. morot blomkål rå,"Folat, totalt",Köttprodukter kötträtter,29.3,µg
7155,Nöt färs m. morot blomkål rå,Fibrer,Köttprodukter kötträtter,1.2,g
7155,Nöt färs m. morot blomkål rå,"Fett, totalt",Köttprodukter kötträtter,5.8,g
7155,Nöt färs m. morot blomkål rå,"Järn, Fe",Köttprodukter kötträtter,1.1,mg
7155,Nöt färs m. morot blomkål rå,Energi (kJ),Köttprodukter kötträtter,444.0,kJ
7155,Nöt färs m. morot blomkål rå,Energi (kcal),Köttprodukter kötträtter,106.0,kcal
7155,Nöt färs m. morot blomkål rå,Disackarider,Köttprodukter kötträtter,0.9,g
7155,Nöt färs m. morot blomkål rå,"Kalcium, Ca",Köttprodukter kötträtter,16.0,mg
7155,Nöt färs m. morot blomkål rå,Fettsyra 4:0-10:0,Köttprodukter kötträtter,0.0,g
7155,Nöt färs m. morot blomkål rå,DHA (C22:6),Köttprodukter kötträtter,0.0,g
7155,Nöt färs m. morot blomkål rå,DPA (C22:5),Köttprodukter kötträtter,0.0,g
7155,Nöt färs m. morot blomkål rå,EPA (C20:5),Köttprodukter kötträtter,0.0,g
7155,Nöt färs m. morot blomkål rå,Arakidonsyra C20:4,Köttprodukter kötträtter,0.0,g
7155,Nöt färs m. morot blomkål rå,Arakidinsyra C20:0,Köttprodukter kötträtter,0.0,g
7155,Nöt färs m. morot blomkål rå,Linolensyra C18:3,Köttprodukter kötträtter,0.1,g
7155,Nöt färs m. morot blomkål rå,Linolsyra C18:2,Köttprodukter kötträtter,0.2,g
7155,Nöt färs m. morot blomkål rå,Oljesyra C18:1,Köttprodukter kötträtter,2.2,g
7155,Nöt färs m. morot blomkål rå,Stearinsyra C18:0,Köttprodukter kötträtter,0.8,g
7155,Nöt färs m. morot blomkål rå,Palmitoljesyra C16:1,Köttprodukter kötträtter,0.2,g
7155,Nöt färs m. morot blomkål rå,Palmitinsyra C16:0,Köttprodukter kötträtter,1.3,g
7155,Nöt färs m. morot blomkål rå,Myristinsyra C14:0,Köttprodukter kötträtter,0.2,g
7155,Nöt färs m. morot blomkål rå,Laurinsyra C12:0,Köttprodukter kötträtter,0.0,g
7155,Nöt färs m. morot blomkål rå,Betakaroten/β-Karoten,Köttprodukter kötträtter,2189.0,µg
7155,Nöt färs m. morot blomkål rå,Avfall (skal etc.),Köttprodukter kötträtter,10.0,%
7155,Nöt färs m. morot blomkål rå,Aska,Köttprodukter kötträtter,0.8,g
7155,Nöt färs m. morot blomkål rå,Alkohol,Köttprodukter kötträtter,0.0,g
7156,Tonfisk gulfenad rå,"Zink, Zn",Fisk färsk fryst kokt,0.3,mg
7156,Tonfisk gulfenad rå,Vitamin E,Fisk färsk fryst kokt,0.4,mg
7156,Tonfisk gulfenad rå,Vitamin D inkl 25-OH-D3,Fisk färsk fryst kokt,5.31,µg
7156,Tonfisk gulfenad rå,Vitamin D,Fisk färsk fryst kokt,5.31,µg
7156,Tonfisk gulfenad rå,Vitamin C,Fisk färsk fryst kokt,0.0,mg
7156,Tonfisk gulfenad rå,Vitamin B6,Fisk färsk fryst kokt,0.45,mg
7156,Tonfisk gulfenad rå,Vitamin B12,Fisk färsk fryst kokt,1.26,µg
7156,Tonfisk gulfenad rå,Vitamin A,Fisk färsk fryst kokt,25.7,RE/µg
7156,Tonfisk gulfenad rå,Vatten,Fisk färsk fryst kokt,75.2,g
7156,Tonfisk gulfenad rå,Tiamin,Fisk färsk fryst kokt,0.02,mg
7156,Tonfisk gulfenad rå,Tillsatt socker,Fisk färsk fryst kokt,0.0,g
7156,Tonfisk gulfenad rå,Fritt socker,Fisk färsk fryst kokt,0.0,g
7156,Tonfisk gulfenad rå,"Selen, Se",Fisk färsk fryst kokt,65.0,µg
7156,Tonfisk gulfenad rå,Sackaros,Fisk färsk fryst kokt,0.0,g
7156,Tonfisk gulfenad rå,Riboflavin,Fisk färsk fryst kokt,0.0,mg
7156,Tonfisk gulfenad rå,Retinol,Fisk färsk fryst kokt,25.7,µg
7156,Tonfisk gulfenad rå,Protein,Fisk färsk fryst kokt,21.7,g
7156,Tonfisk gulfenad rå,Summa fleromättade fettsyror,Fisk färsk fryst kokt,0.2,g
7156,Tonfisk gulfenad rå,"Fosfor, P",Fisk färsk fryst kokt,260.0,mg
7156,Tonfisk gulfenad rå,Niacinekvivalenter,Fisk färsk fryst kokt,16.2,NE/mg
7156,Tonfisk gulfenad rå,Niacin,Fisk färsk fryst kokt,12.6,mg
7156,Tonfisk gulfenad rå,"Salt, NaCl",Fisk färsk fryst kokt,1.1,g
7156,Tonfisk gulfenad rå,"Natrium, Na",Fisk färsk fryst kokt,430.0,mg
7156,Tonfisk gulfenad rå,Monosackarider,Fisk färsk fryst kokt,0.2,g
7156,Tonfisk gulfenad rå,"Sockerarter, totalt",Fisk färsk fryst kokt,0.2,g
7156,Tonfisk gulfenad rå,Summa enkelomättade fettsyror,Fisk färsk fryst kokt,0.1,g
7156,Tonfisk gulfenad rå,"Magnesium, Mg",Fisk färsk fryst kokt,33.0,mg
7156,Tonfisk gulfenad rå,Summa mättade fettsyror,Fisk färsk fryst kokt,0.1,g
7156,Tonfisk gulfenad rå,"Kolhydrater, tillgängliga",Fisk färsk fryst kokt,0.5,g
7156,Tonfisk gulfenad rå,Kolesterol,Fisk färsk fryst kokt,31.9,mg
7156,Tonfisk gulfenad rå,"Kalium, K",Fisk färsk fryst kokt,360.0,mg
7156,Tonfisk gulfenad rå,"Jod, I",Fisk färsk fryst kokt,10.0,µg
7156,Tonfisk gulfenad rå,Fullkorn totalt,Fisk färsk fryst kokt,0.0,g
7156,Tonfisk gulfenad rå,"Folat, totalt",Fisk färsk fryst kokt,4.6,µg
7156,Tonfisk gulfenad rå,Fibrer,Fisk färsk fryst kokt,0.0,g
7156,Tonfisk gulfenad rå,"Fett, totalt",Fisk färsk fryst kokt,0.6,g
7156,Tonfisk gulfenad rå,"Järn, Fe",Fisk färsk fryst kokt,0.4,mg
7156,Tonfisk gulfenad rå,Energi (kJ),Fisk färsk fryst kokt,399.0,kJ
7156,Tonfisk gulfenad rå,Energi (kcal),Fisk färsk fryst kokt,95.0,kcal
7156,Tonfisk gulfenad rå,Disackarider,Fisk färsk fryst kokt,0.0,g
7156,Tonfisk gulfenad rå,"Kalcium, Ca",Fisk färsk fryst kokt,4.0,mg
7156,Tonfisk gulfenad rå,Fettsyra 4:0-10:0,Fisk färsk fryst kokt,0.0,g
7156,Tonfisk gulfenad rå,DHA (C22:6),Fisk färsk fryst kokt,0.1,g
7156,Tonfisk gulfenad rå,DPA (C22:5),Fisk färsk fryst kokt,0.0,g
7156,Tonfisk gulfenad rå,EPA (C20:5),Fisk färsk fryst kokt,0.0,g
7156,Tonfisk gulfenad rå,Arakidonsyra C20:4,Fisk färsk fryst kokt,0.0,g
7156,Tonfisk gulfenad rå,Arakidinsyra C20:0,Fisk färsk fryst kokt,0.0,g
7156,Tonfisk gulfenad rå,Linolensyra C18:3,Fisk färsk fryst kokt,0.0,g
7156,Tonfisk gulfenad rå,Linolsyra C18:2,Fisk färsk fryst kokt,0.0,g
7156,Tonfisk gulfenad rå,Oljesyra C18:1,Fisk färsk fryst kokt,0.1,g
7156,Tonfisk gulfenad rå,Stearinsyra C18:0,Fisk färsk fryst kokt,0.0,g
7156,Tonfisk gulfenad rå,Palmitoljesyra C16:1,Fisk färsk fryst kokt,0.0,g
7156,Tonfisk gulfenad rå,Palmitinsyra C16:0,Fisk färsk fryst kokt,0.1,g
7156,Tonfisk gulfenad rå,Myristinsyra C14:0,Fisk färsk fryst kokt,0.0,g
7156,Tonfisk gulfenad rå,Laurinsyra C12:0,Fisk färsk fryst kokt,0.0,g
7156,Tonfisk gulfenad rå,Betakaroten/β-Karoten,Fisk färsk fryst kokt,0.0,µg
7156,Tonfisk gulfenad rå,Avfall (skal etc.),Fisk färsk fryst kokt,0.0,%
7156,Tonfisk gulfenad rå,Aska,Fisk färsk fryst kokt,2.0,g
7156,Tonfisk gulfenad rå,Alkohol,Fisk färsk fryst kokt,0.0,g
7157,Rödbetssallad m. creme fraiche kylvara,"Zink, Zn",Majonnässallad röror,0.2,mg
7157,Rödbetssallad m. creme fraiche kylvara,Vitamin E,Majonnässallad röror,4.0,mg
7157,Rödbetssallad m. creme fraiche kylvara,Vitamin D,Majonnässallad röror,0.02,µg
7157,Rödbetssallad m. creme fraiche kylvara,Vitamin C,Majonnässallad röror,1.5,mg
7157,Rödbetssallad m. creme fraiche kylvara,Vitamin B6,Majonnässallad röror,0.03,mg
7157,Rödbetssallad m. creme fraiche kylvara,Vitamin B12,Majonnässallad röror,0.07,µg
7157,Rödbetssallad m. creme fraiche kylvara,Vitamin A,Majonnässallad röror,32.6,RE/µg
7157,Rödbetssallad m. creme fraiche kylvara,Vatten,Majonnässallad röror,65.9,g
7157,Rödbetssallad m. creme fraiche kylvara,Tiamin,Majonnässallad röror,0.01,mg
7157,Rödbetssallad m. creme fraiche kylvara,Tillsatt socker,Majonnässallad röror,11.0,g
7157,Rödbetssallad m. creme fraiche kylvara,Fritt socker,Majonnässallad röror,11.0,g
7157,Rödbetssallad m. creme fraiche kylvara,"Selen, Se",Majonnässallad röror,0.2,µg
7157,Rödbetssallad m. creme fraiche kylvara,Sackaros,Majonnässallad röror,9.2,g
7157,Rödbetssallad m. creme fraiche kylvara,Riboflavin,Majonnässallad röror,0.03,mg
7157,Rödbetssallad m. creme fraiche kylvara,Retinol,Majonnässallad röror,29.0,µg
7157,Rödbetssallad m. creme fraiche kylvara,Protein,Majonnässallad röror,1.3,g
7157,Rödbetssallad m. creme fraiche kylvara,Summa fleromättade fettsyror,Majonnässallad röror,3.9,g
7157,Rödbetssallad m. creme fraiche kylvara,"Fosfor, P",Majonnässallad röror,26.0,mg
7157,Rödbetssallad m. creme fraiche kylvara,Niacinekvivalenter,Majonnässallad röror,0.38,NE/mg
7157,Rödbetssallad m. creme fraiche kylvara,Niacin,Majonnässallad röror,0.06,mg
7157,Rödbetssallad m. creme fraiche kylvara,"Salt, NaCl",Majonnässallad röror,1.3,g
7157,Rödbetssallad m. creme fraiche kylvara,"Natrium, Na",Majonnässallad röror,526.0,mg
7157,Rödbetssallad m. creme fraiche kylvara,Monosackarider,Majonnässallad röror,2.6,g
7157,Rödbetssallad m. creme fraiche kylvara,"Sockerarter, totalt",Majonnässallad röror,12.2,g
7157,Rödbetssallad m. creme fraiche kylvara,Summa enkelomättade fettsyror,Majonnässallad röror,9.0,g
7157,Rödbetssallad m. creme fraiche kylvara,"Magnesium, Mg",Majonnässallad röror,7.0,mg
7157,Rödbetssallad m. creme fraiche kylvara,Summa mättade fettsyror,Majonnässallad röror,2.9,g
7157,Rödbetssallad m. creme fraiche kylvara,"Kolhydrater, tillgängliga",Majonnässallad röror,13.6,g
7157,Rödbetssallad m. creme fraiche kylvara,Kolesterol,Majonnässallad röror,12.8,mg
7157,Rödbetssallad m. creme fraiche kylvara,"Kalium, K",Majonnässallad röror,132.0,mg
7157,Rödbetssallad m. creme fraiche kylvara,"Jod, I",Majonnässallad röror,1.6,µg
7157,Rödbetssallad m. creme fraiche kylvara,Fullkorn totalt,Majonnässallad röror,0.0,g
7157,Rödbetssallad m. creme fraiche kylvara,"Folat, totalt",Majonnässallad röror,14.0,µg
7157,Rödbetssallad m. creme fraiche kylvara,Fibrer,Majonnässallad röror,1.0,g
7157,Rödbetssallad m. creme fraiche kylvara,"Fett, totalt",Majonnässallad röror,16.6,g
7157,Rödbetssallad m. creme fraiche kylvara,"Järn, Fe",Majonnässallad röror,0.3,mg
7157,Rödbetssallad m. creme fraiche kylvara,Energi (kJ),Majonnässallad röror,876.0,kJ
7157,Rödbetssallad m. creme fraiche kylvara,Energi (kcal),Majonnässallad röror,209.0,kcal
7157,Rödbetssallad m. creme fraiche kylvara,Disackarider,Majonnässallad röror,9.6,g
7157,Rödbetssallad m. creme fraiche kylvara,"Kalcium, Ca",Majonnässallad röror,22.0,mg
7157,Rödbetssallad m. creme fraiche kylvara,Fettsyra 4:0-10:0,Majonnässallad röror,0.1,g
7157,Rödbetssallad m. creme fraiche kylvara,DHA (C22:6),Majonnässallad röror,0.0,g
7157,Rödbetssallad m. creme fraiche kylvara,DPA (C22:5),Majonnässallad röror,0.0,g
7157,Rödbetssallad m. creme fraiche kylvara,EPA (C20:5),Majonnässallad röror,0.0,g
7157,Rödbetssallad m. creme fraiche kylvara,Arakidonsyra C20:4,Majonnässallad röror,0.0,g
7157,Rödbetssallad m. creme fraiche kylvara,Arakidinsyra C20:0,Majonnässallad röror,0.1,g
7157,Rödbetssallad m. creme fraiche kylvara,Linolensyra C18:3,Majonnässallad röror,1.2,g
7157,Rödbetssallad m. creme fraiche kylvara,Linolsyra C18:2,Majonnässallad röror,2.7,g
7157,Rödbetssallad m. creme fraiche kylvara,Oljesyra C18:1,Majonnässallad röror,8.7,g
7157,Rödbetssallad m. creme fraiche kylvara,Stearinsyra C18:0,Majonnässallad röror,0.5,g
7157,Rödbetssallad m. creme fraiche kylvara,Palmitoljesyra C16:1,Majonnässallad röror,0.1,g
7157,Rödbetssallad m. creme fraiche kylvara,Palmitinsyra C16:0,Majonnässallad röror,1.6,g
7157,Rödbetssallad m. creme fraiche kylvara,Myristinsyra C14:0,Majonnässallad röror,0.3,g
7157,Rödbetssallad m. creme fraiche kylvara,Laurinsyra C12:0,Majonnässallad röror,0.1,g
7157,Rödbetssallad m. creme fraiche kylvara,Betakaroten/β-Karoten,Majonnässallad röror,42.0,µg
7157,Rödbetssallad m. creme fraiche kylvara,Avfall (skal etc.),Majonnässallad röror,0.0,%
7157,Rödbetssallad m. creme fraiche kylvara,Aska,Majonnässallad röror,1.6,g
7157,Rödbetssallad m. creme fraiche kylvara,Alkohol,Majonnässallad röror,0.0,g
7158,Rödbetssallad u. ägg kylvara,"Zink, Zn",Majonnässallad röror,0.2,mg
7158,Rödbetssallad u. ägg kylvara,Vitamin E,Majonnässallad röror,11.9,mg
7158,Rödbetssallad u. ägg kylvara,Vitamin D inkl 25-OH-D3,Majonnässallad röror,0.0,µg
7158,Rödbetssallad u. ägg kylvara,Vitamin D,Majonnässallad röror,0.0,µg
7158,Rödbetssallad u. ägg kylvara,Vitamin C,Majonnässallad röror,1.6,mg
7158,Rödbetssallad u. ägg kylvara,Vitamin B6,Majonnässallad röror,0.03,mg
7158,Rödbetssallad u. ägg kylvara,Vitamin B12,Majonnässallad röror,0.0,µg
7158,Rödbetssallad u. ägg kylvara,Vitamin A,Majonnässallad röror,0.0,RE/µg
7158,Rödbetssallad u. ägg kylvara,Vatten,Majonnässallad röror,66.6,g
7158,Rödbetssallad u. ägg kylvara,Tiamin,Majonnässallad röror,0.0,mg
7158,Rödbetssallad u. ägg kylvara,Tillsatt socker,Majonnässallad röror,9.0,g
7158,Rödbetssallad u. ägg kylvara,Fritt socker,Majonnässallad röror,9.0,g
7158,Rödbetssallad u. ägg kylvara,"Selen, Se",Majonnässallad röror,0.0,µg
7158,Rödbetssallad u. ägg kylvara,Sackaros,Majonnässallad röror,7.7,g
7158,Rödbetssallad u. ägg kylvara,Riboflavin,Majonnässallad röror,0.0,mg
7158,Rödbetssallad u. ägg kylvara,Retinol,Majonnässallad röror,0.0,µg
7158,Rödbetssallad u. ägg kylvara,Protein,Majonnässallad röror,0.8,g
7158,Rödbetssallad u. ägg kylvara,Summa fleromättade fettsyror,Majonnässallad röror,11.1,g
7158,Rödbetssallad u. ägg kylvara,"Fosfor, P",Majonnässallad röror,11.0,mg
7158,Rödbetssallad u. ägg kylvara,Niacinekvivalenter,Majonnässallad röror,0.25,NE/mg
7158,Rödbetssallad u. ägg kylvara,Niacin,Majonnässallad röror,0.05,mg
7158,Rödbetssallad u. ägg kylvara,"Salt, NaCl",Majonnässallad röror,1.1,g
7158,Rödbetssallad u. ägg kylvara,"Natrium, Na",Majonnässallad röror,447.0,mg
7158,Rödbetssallad u. ägg kylvara,Monosackarider,Majonnässallad röror,2.8,g
7158,Rödbetssallad u. ägg kylvara,"Sockerarter, totalt",Majonnässallad röror,10.5,g
7158,Rödbetssallad u. ägg kylvara,Summa enkelomättade fettsyror,Majonnässallad röror,5.7,g
7158,Rödbetssallad u. ägg kylvara,"Magnesium, Mg",Majonnässallad röror,6.0,mg
7158,Rödbetssallad u. ägg kylvara,Summa mättade fettsyror,Majonnässallad röror,2.1,g
7158,Rödbetssallad u. ägg kylvara,"Kolhydrater, tillgängliga",Majonnässallad röror,10.5,g
7158,Rödbetssallad u. ägg kylvara,Kolesterol,Majonnässallad röror,0.0,mg
7158,Rödbetssallad u. ägg kylvara,"Kalium, K",Majonnässallad röror,111.0,mg
7158,Rödbetssallad u. ägg kylvara,"Jod, I",Majonnässallad röror,25.6,µg
7158,Rödbetssallad u. ägg kylvara,Fullkorn totalt,Majonnässallad röror,0.0,g
7158,Rödbetssallad u. ägg kylvara,"Folat, totalt",Majonnässallad röror,14.7,µg
7158,Rödbetssallad u. ägg kylvara,Fibrer,Majonnässallad röror,1.0,g
7158,Rödbetssallad u. ägg kylvara,"Fett, totalt",Majonnässallad röror,19.7,g
7158,Rödbetssallad u. ägg kylvara,"Järn, Fe",Majonnässallad röror,0.2,mg
7158,Rödbetssallad u. ägg kylvara,Energi (kJ),Majonnässallad röror,930.0,kJ
7158,Rödbetssallad u. ägg kylvara,Energi (kcal),Majonnässallad röror,222.0,kcal
7158,Rödbetssallad u. ägg kylvara,Disackarider,Majonnässallad röror,7.7,g
7158,Rödbetssallad u. ägg kylvara,"Kalcium, Ca",Majonnässallad röror,12.0,mg
7158,Rödbetssallad u. ägg kylvara,Fettsyra 4:0-10:0,Majonnässallad röror,0.0,g
7158,Rödbetssallad u. ägg kylvara,DHA (C22:6),Majonnässallad röror,0.0,g
7158,Rödbetssallad u. ägg kylvara,DPA (C22:5),Majonnässallad röror,0.0,g
7158,Rödbetssallad u. ägg kylvara,EPA (C20:5),Majonnässallad röror,0.0,g
7158,Rödbetssallad u. ägg kylvara,Arakidonsyra C20:4,Majonnässallad röror,0.0,g
7158,Rödbetssallad u. ägg kylvara,Arakidinsyra C20:0,Majonnässallad röror,0.1,g
7158,Rödbetssallad u. ägg kylvara,Linolensyra C18:3,Majonnässallad röror,0.0,g
7158,Rödbetssallad u. ägg kylvara,Linolsyra C18:2,Majonnässallad röror,11.1,g
7158,Rödbetssallad u. ägg kylvara,Oljesyra C18:1,Majonnässallad röror,5.6,g
7158,Rödbetssallad u. ägg kylvara,Stearinsyra C18:0,Majonnässallad röror,0.6,g
7158,Rödbetssallad u. ägg kylvara,Palmitoljesyra C16:1,Majonnässallad röror,0.0,g
7158,Rödbetssallad u. ägg kylvara,Palmitinsyra C16:0,Majonnässallad röror,1.2,g
7158,Rödbetssallad u. ägg kylvara,Myristinsyra C14:0,Majonnässallad röror,0.0,g
7158,Rödbetssallad u. ägg kylvara,Laurinsyra C12:0,Majonnässallad röror,0.0,g
7158,Rödbetssallad u. ägg kylvara,Betakaroten/β-Karoten,Majonnässallad röror,0.0,µg
7158,Rödbetssallad u. ägg kylvara,Avfall (skal etc.),Majonnässallad röror,0.0,%
7158,Rödbetssallad u. ägg kylvara,Aska,Majonnässallad röror,1.4,g
7158,Rödbetssallad u. ägg kylvara,Alkohol,Majonnässallad röror,0.0,g
7159,Schnitzel kalv stekt,"Zink, Zn",Köttprodukter kötträtter,3.1,mg
7159,Schnitzel kalv stekt,Vitamin E,Köttprodukter kötträtter,2.4,mg
7159,Schnitzel kalv stekt,Vitamin D,Köttprodukter kötträtter,0.53,µg
7159,Schnitzel kalv stekt,Vitamin C,Köttprodukter kötträtter,0.1,mg
7159,Schnitzel kalv stekt,Vitamin B6,Köttprodukter kötträtter,0.19,mg
7159,Schnitzel kalv stekt,Vitamin B12,Köttprodukter kötträtter,0.93,µg
7159,Schnitzel kalv stekt,Vitamin A,Köttprodukter kötträtter,60.5,RE/µg
7159,Schnitzel kalv stekt,Vatten,Köttprodukter kötträtter,56.9,g
7159,Schnitzel kalv stekt,Tiamin,Köttprodukter kötträtter,0.08,mg
7159,Schnitzel kalv stekt,Tillsatt socker,Köttprodukter kötträtter,1.0,g
7159,Schnitzel kalv stekt,Fritt socker,Köttprodukter kötträtter,1.0,g
7159,Schnitzel kalv stekt,"Selen, Se",Köttprodukter kötträtter,7.3,µg
7159,Schnitzel kalv stekt,Sackaros,Köttprodukter kötträtter,0.0,g
7159,Schnitzel kalv stekt,Riboflavin,Köttprodukter kötträtter,0.14,mg
7159,Schnitzel kalv stekt,Retinol,Köttprodukter kötträtter,50.9,µg
7159,Schnitzel kalv stekt,Protein,Köttprodukter kötträtter,19.9,g
7159,Schnitzel kalv stekt,Summa fleromättade fettsyror,Köttprodukter kötträtter,2.3,g
7159,Schnitzel kalv stekt,"Fosfor, P",Köttprodukter kötträtter,211.0,mg
7159,Schnitzel kalv stekt,Niacinekvivalenter,Köttprodukter kötträtter,8.96,NE/mg
7159,Schnitzel kalv stekt,Niacin,Köttprodukter kötträtter,5.28,mg
7159,Schnitzel kalv stekt,"Salt, NaCl",Köttprodukter kötträtter,1.3,g
7159,Schnitzel kalv stekt,"Natrium, Na",Köttprodukter kötträtter,545.0,mg
7159,Schnitzel kalv stekt,Monosackarider,Köttprodukter kötträtter,0.3,g
7159,Schnitzel kalv stekt,"Sockerarter, totalt",Köttprodukter kötträtter,0.6,g
7159,Schnitzel kalv stekt,Summa enkelomättade fettsyror,Köttprodukter kötträtter,5.3,g
7159,Schnitzel kalv stekt,"Magnesium, Mg",Köttprodukter kötträtter,25.0,mg
7159,Schnitzel kalv stekt,Summa mättade fettsyror,Köttprodukter kötträtter,1.8,g
7159,Schnitzel kalv stekt,"Kolhydrater, tillgängliga",Köttprodukter kötträtter,9.6,g
7159,Schnitzel kalv stekt,Kolesterol,Köttprodukter kötträtter,86.1,mg
7159,Schnitzel kalv stekt,"Kalium, K",Köttprodukter kötträtter,266.0,mg
7159,Schnitzel kalv stekt,"Jod, I",Köttprodukter kötträtter,59.5,µg
7159,Schnitzel kalv stekt,Fullkorn totalt,Köttprodukter kötträtter,2.0,g
7159,Schnitzel kalv stekt,"Folat, totalt",Köttprodukter kötträtter,16.5,µg
7159,Schnitzel kalv stekt,Fibrer,Köttprodukter kötträtter,1.1,g
7159,Schnitzel kalv stekt,"Fett, totalt",Köttprodukter kötträtter,10.1,g
7159,Schnitzel kalv stekt,"Järn, Fe",Köttprodukter kötträtter,1.8,mg
7159,Schnitzel kalv stekt,Energi (kJ),Köttprodukter kötträtter,884.0,kJ
7159,Schnitzel kalv stekt,Energi (kcal),Köttprodukter kötträtter,211.0,kcal
7159,Schnitzel kalv stekt,Disackarider,Köttprodukter kötträtter,0.3,g
7159,Schnitzel kalv stekt,"Kalcium, Ca",Köttprodukter kötträtter,23.0,mg
7159,Schnitzel kalv stekt,Fettsyra 4:0-10:0,Köttprodukter kötträtter,0.0,g
7159,Schnitzel kalv stekt,DHA (C22:6),Köttprodukter kötträtter,0.0,g
7159,Schnitzel kalv stekt,DPA (C22:5),Köttprodukter kötträtter,0.0,g
7159,Schnitzel kalv stekt,EPA (C20:5),Köttprodukter kötträtter,0.0,g
7159,Schnitzel kalv stekt,Arakidonsyra C20:4,Köttprodukter kötträtter,0.0,g
7159,Schnitzel kalv stekt,Arakidinsyra C20:0,Köttprodukter kötträtter,0.0,g
7159,Schnitzel kalv stekt,Linolensyra C18:3,Köttprodukter kötträtter,0.4,g
7159,Schnitzel kalv stekt,Linolsyra C18:2,Köttprodukter kötträtter,1.7,g
7159,Schnitzel kalv stekt,Oljesyra C18:1,Köttprodukter kötträtter,5.0,g
7159,Schnitzel kalv stekt,Stearinsyra C18:0,Köttprodukter kötträtter,0.5,g
7159,Schnitzel kalv stekt,Palmitoljesyra C16:1,Köttprodukter kötträtter,0.2,g
7159,Schnitzel kalv stekt,Palmitinsyra C16:0,Köttprodukter kötträtter,1.1,g
7159,Schnitzel kalv stekt,Myristinsyra C14:0,Köttprodukter kötträtter,0.1,g
7159,Schnitzel kalv stekt,Laurinsyra C12:0,Köttprodukter kötträtter,0.0,g
7159,Schnitzel kalv stekt,Betakaroten/β-Karoten,Köttprodukter kötträtter,11.0,µg
7159,Schnitzel kalv stekt,Avfall (skal etc.),Köttprodukter kötträtter,7.0,%
7159,Schnitzel kalv stekt,Aska,Köttprodukter kötträtter,2.4,g
7159,Schnitzel kalv stekt,Alkohol,Köttprodukter kötträtter,0.0,g
7160,Kanelbulle glutenfri,"Zink, Zn",Bullar kakor tårtor mm,0.4,mg
7160,Kanelbulle glutenfri,Vitamin E,Bullar kakor tårtor mm,1.0,mg
7160,Kanelbulle glutenfri,Vitamin D,Bullar kakor tårtor mm,0.71,µg
7160,Kanelbulle glutenfri,Vitamin C,Bullar kakor tårtor mm,0.2,mg
7160,Kanelbulle glutenfri,Vitamin B6,Bullar kakor tårtor mm,0.06,mg
7160,Kanelbulle glutenfri,Vitamin B12,Bullar kakor tårtor mm,0.15,µg
7160,Kanelbulle glutenfri,Vitamin A,Bullar kakor tårtor mm,126.6,RE/µg
7160,Kanelbulle glutenfri,Vatten,Bullar kakor tårtor mm,32.7,g
7160,Kanelbulle glutenfri,Tiamin,Bullar kakor tårtor mm,0.04,mg
7160,Kanelbulle glutenfri,Tillsatt socker,Bullar kakor tårtor mm,24.0,g
7160,Kanelbulle glutenfri,Fritt socker,Bullar kakor tårtor mm,24.0,g
7160,Kanelbulle glutenfri,"Selen, Se",Bullar kakor tårtor mm,1.3,µg
7160,Kanelbulle glutenfri,Sackaros,Bullar kakor tårtor mm,23.9,g
7160,Kanelbulle glutenfri,Riboflavin,Bullar kakor tårtor mm,0.09,mg
7160,Kanelbulle glutenfri,Retinol,Bullar kakor tårtor mm,120.0,µg
7160,Kanelbulle glutenfri,Protein,Bullar kakor tårtor mm,2.6,g
7160,Kanelbulle glutenfri,Summa fleromättade fettsyror,Bullar kakor tårtor mm,1.2,g
7160,Kanelbulle glutenfri,"Fosfor, P",Bullar kakor tårtor mm,79.0,mg
7160,Kanelbulle glutenfri,Niacinekvivalenter,Bullar kakor tårtor mm,1.16,NE/mg
7160,Kanelbulle glutenfri,Niacin,Bullar kakor tårtor mm,0.63,mg
7160,Kanelbulle glutenfri,"Salt, NaCl",Bullar kakor tårtor mm,0.5,g
7160,Kanelbulle glutenfri,"Natrium, Na",Bullar kakor tårtor mm,210.0,mg
7160,Kanelbulle glutenfri,Monosackarider,Bullar kakor tårtor mm,0.1,g
7160,Kanelbulle glutenfri,"Sockerarter, totalt",Bullar kakor tårtor mm,25.4,g
7160,Kanelbulle glutenfri,Summa enkelomättade fettsyror,Bullar kakor tårtor mm,4.2,g
7160,Kanelbulle glutenfri,"Magnesium, Mg",Bullar kakor tårtor mm,12.0,mg
7160,Kanelbulle glutenfri,Summa mättade fettsyror,Bullar kakor tårtor mm,8.9,g
7160,Kanelbulle glutenfri,"Kolhydrater, tillgängliga",Bullar kakor tårtor mm,47.5,g
7160,Kanelbulle glutenfri,Kolesterol,Bullar kakor tårtor mm,45.4,mg
7160,Kanelbulle glutenfri,"Kalium, K",Bullar kakor tårtor mm,94.0,mg
7160,Kanelbulle glutenfri,"Jod, I",Bullar kakor tårtor mm,22.3,µg
7160,Kanelbulle glutenfri,Fullkorn totalt,Bullar kakor tårtor mm,0.0,g
7160,Kanelbulle glutenfri,"Folat, totalt",Bullar kakor tårtor mm,23.0,µg
7160,Kanelbulle glutenfri,Fibrer,Bullar kakor tårtor mm,1.2,g
7160,Kanelbulle glutenfri,"Fett, totalt",Bullar kakor tårtor mm,15.2,g
7160,Kanelbulle glutenfri,"Järn, Fe",Bullar kakor tårtor mm,0.3,mg
7160,Kanelbulle glutenfri,Energi (kJ),Bullar kakor tårtor mm,1422.0,kJ
7160,Kanelbulle glutenfri,Energi (kcal),Bullar kakor tårtor mm,340.0,kcal
7160,Kanelbulle glutenfri,Disackarider,Bullar kakor tårtor mm,25.2,g
7160,Kanelbulle glutenfri,"Kalcium, Ca",Bullar kakor tårtor mm,55.0,mg
7160,Kanelbulle glutenfri,Fettsyra 4:0-10:0,Bullar kakor tårtor mm,1.1,g
7160,Kanelbulle glutenfri,DHA (C22:6),Bullar kakor tårtor mm,0.0,g
7160,Kanelbulle glutenfri,DPA (C22:5),Bullar kakor tårtor mm,0.0,g
7160,Kanelbulle glutenfri,EPA (C20:5),Bullar kakor tårtor mm,0.0,g
7160,Kanelbulle glutenfri,Arakidonsyra C20:4,Bullar kakor tårtor mm,0.0,g
7160,Kanelbulle glutenfri,Arakidinsyra C20:0,Bullar kakor tårtor mm,0.0,g
7160,Kanelbulle glutenfri,Linolensyra C18:3,Bullar kakor tårtor mm,0.2,g
7160,Kanelbulle glutenfri,Linolsyra C18:2,Bullar kakor tårtor mm,0.9,g
7160,Kanelbulle glutenfri,Oljesyra C18:1,Bullar kakor tårtor mm,3.9,g
7160,Kanelbulle glutenfri,Stearinsyra C18:0,Bullar kakor tårtor mm,1.2,g
7160,Kanelbulle glutenfri,Palmitoljesyra C16:1,Bullar kakor tårtor mm,0.2,g
7160,Kanelbulle glutenfri,Palmitinsyra C16:0,Bullar kakor tårtor mm,4.4,g
7160,Kanelbulle glutenfri,Myristinsyra C14:0,Bullar kakor tårtor mm,1.2,g
7160,Kanelbulle glutenfri,Laurinsyra C12:0,Bullar kakor tårtor mm,0.5,g
7160,Kanelbulle glutenfri,Betakaroten/β-Karoten,Bullar kakor tårtor mm,75.0,µg
7160,Kanelbulle glutenfri,Avfall (skal etc.),Bullar kakor tårtor mm,0.0,%
7160,Kanelbulle glutenfri,Aska,Bullar kakor tårtor mm,0.9,g
7160,Kanelbulle glutenfri,Alkohol,Bullar kakor tårtor mm,0.0,g
7161,Muffins glutenfri,"Zink, Zn",Bullar kakor tårtor mm,0.7,mg
7161,Muffins glutenfri,Vitamin E,Bullar kakor tårtor mm,3.1,mg
7161,Muffins glutenfri,Vitamin D,Bullar kakor tårtor mm,1.14,µg
7161,Muffins glutenfri,Vitamin C,Bullar kakor tårtor mm,0.1,mg
7161,Muffins glutenfri,Vitamin B6,Bullar kakor tårtor mm,0.06,mg
7161,Muffins glutenfri,Vitamin B12,Bullar kakor tårtor mm,0.27,µg
7161,Muffins glutenfri,Vitamin A,Bullar kakor tårtor mm,124.0,RE/µg
7161,Muffins glutenfri,Vatten,Bullar kakor tårtor mm,33.5,g
7161,Muffins glutenfri,Tiamin,Bullar kakor tårtor mm,0.05,mg
7161,Muffins glutenfri,Tillsatt socker,Bullar kakor tårtor mm,28.0,g
7161,Muffins glutenfri,Fritt socker,Bullar kakor tårtor mm,28.0,g
7161,Muffins glutenfri,"Selen, Se",Bullar kakor tårtor mm,3.4,µg
7161,Muffins glutenfri,Sackaros,Bullar kakor tårtor mm,28.1,g
7161,Muffins glutenfri,Riboflavin,Bullar kakor tårtor mm,0.14,mg
7161,Muffins glutenfri,Retinol,Bullar kakor tårtor mm,118.6,µg
7161,Muffins glutenfri,Protein,Bullar kakor tårtor mm,5.5,g
7161,Muffins glutenfri,Summa fleromättade fettsyror,Bullar kakor tårtor mm,2.7,g
7161,Muffins glutenfri,"Fosfor, P",Bullar kakor tårtor mm,193.0,mg
7161,Muffins glutenfri,Niacinekvivalenter,Bullar kakor tårtor mm,1.99,NE/mg
7161,Muffins glutenfri,Niacin,Bullar kakor tårtor mm,0.93,mg
7161,Muffins glutenfri,"Salt, NaCl",Bullar kakor tårtor mm,0.5,g
7161,Muffins glutenfri,"Natrium, Na",Bullar kakor tårtor mm,211.0,mg
7161,Muffins glutenfri,Monosackarider,Bullar kakor tårtor mm,0.1,g
7161,Muffins glutenfri,"Sockerarter, totalt",Bullar kakor tårtor mm,29.4,g
7161,Muffins glutenfri,Summa enkelomättade fettsyror,Bullar kakor tårtor mm,5.9,g
7161,Muffins glutenfri,"Magnesium, Mg",Bullar kakor tårtor mm,42.0,mg
7161,Muffins glutenfri,Summa mättade fettsyror,Bullar kakor tårtor mm,5.4,g
7161,Muffins glutenfri,"Kolhydrater, tillgängliga",Bullar kakor tårtor mm,43.6,g
7161,Muffins glutenfri,Kolesterol,Bullar kakor tårtor mm,50.3,mg
7161,Muffins glutenfri,"Kalium, K",Bullar kakor tårtor mm,153.0,mg
7161,Muffins glutenfri,"Jod, I",Bullar kakor tårtor mm,19.5,µg
7161,Muffins glutenfri,Fullkorn totalt,Bullar kakor tårtor mm,0.0,g
7161,Muffins glutenfri,"Folat, totalt",Bullar kakor tårtor mm,13.6,µg
7161,Muffins glutenfri,Fibrer,Bullar kakor tårtor mm,1.5,g
7161,Muffins glutenfri,"Fett, totalt",Bullar kakor tårtor mm,14.7,g
7161,Muffins glutenfri,"Järn, Fe",Bullar kakor tårtor mm,0.8,mg
7161,Muffins glutenfri,Energi (kJ),Bullar kakor tårtor mm,1392.0,kJ
7161,Muffins glutenfri,Energi (kcal),Bullar kakor tårtor mm,333.0,kcal
7161,Muffins glutenfri,Disackarider,Bullar kakor tårtor mm,29.3,g
7161,Muffins glutenfri,"Kalcium, Ca",Bullar kakor tårtor mm,97.0,mg
7161,Muffins glutenfri,Fettsyra 4:0-10:0,Bullar kakor tårtor mm,0.3,g
7161,Muffins glutenfri,DHA (C22:6),Bullar kakor tårtor mm,0.0,g
7161,Muffins glutenfri,DPA (C22:5),Bullar kakor tårtor mm,0.0,g
7161,Muffins glutenfri,EPA (C20:5),Bullar kakor tårtor mm,0.0,g
7161,Muffins glutenfri,Arakidonsyra C20:4,Bullar kakor tårtor mm,0.0,g
7161,Muffins glutenfri,Arakidinsyra C20:0,Bullar kakor tårtor mm,0.0,g
7161,Muffins glutenfri,Linolensyra C18:3,Bullar kakor tårtor mm,0.4,g
7161,Muffins glutenfri,Linolsyra C18:2,Bullar kakor tårtor mm,2.0,g
7161,Muffins glutenfri,Oljesyra C18:1,Bullar kakor tårtor mm,6.0,g
7161,Muffins glutenfri,Stearinsyra C18:0,Bullar kakor tårtor mm,0.7,g
7161,Muffins glutenfri,Palmitoljesyra C16:1,Bullar kakor tårtor mm,0.1,g
7161,Muffins glutenfri,Palmitinsyra C16:0,Bullar kakor tårtor mm,3.4,g
7161,Muffins glutenfri,Myristinsyra C14:0,Bullar kakor tårtor mm,0.4,g
7161,Muffins glutenfri,Laurinsyra C12:0,Bullar kakor tårtor mm,0.3,g
7161,Muffins glutenfri,Betakaroten/β-Karoten,Bullar kakor tårtor mm,61.0,µg
7161,Muffins glutenfri,Avfall (skal etc.),Bullar kakor tårtor mm,1.0,%
7161,Muffins glutenfri,Aska,Bullar kakor tårtor mm,1.3,g
7161,Muffins glutenfri,Alkohol,Bullar kakor tårtor mm,0.0,g
7162,Kladdkaka glutenfri,"Zink, Zn",Bullar kakor tårtor mm,1.1,mg
7162,Kladdkaka glutenfri,Vitamin E,Bullar kakor tårtor mm,3.4,mg
7162,Kladdkaka glutenfri,Vitamin D,Bullar kakor tårtor mm,1.48,µg
7162,Kladdkaka glutenfri,Vitamin C,Bullar kakor tårtor mm,0.0,mg
7162,Kladdkaka glutenfri,Vitamin B6,Bullar kakor tårtor mm,0.04,mg
7162,Kladdkaka glutenfri,Vitamin B12,Bullar kakor tårtor mm,0.4,µg
7162,Kladdkaka glutenfri,Vitamin A,Bullar kakor tårtor mm,211.7,RE/µg
7162,Kladdkaka glutenfri,Vatten,Bullar kakor tårtor mm,23.2,g
7162,Kladdkaka glutenfri,Tiamin,Bullar kakor tårtor mm,0.03,mg
7162,Kladdkaka glutenfri,Tillsatt socker,Bullar kakor tårtor mm,35.0,g
7162,Kladdkaka glutenfri,Fritt socker,Bullar kakor tårtor mm,35.0,g
7162,Kladdkaka glutenfri,"Selen, Se",Bullar kakor tårtor mm,6.6,µg
7162,Kladdkaka glutenfri,Sackaros,Bullar kakor tårtor mm,34.8,g
7162,Kladdkaka glutenfri,Riboflavin,Bullar kakor tårtor mm,0.12,mg
7162,Kladdkaka glutenfri,Retinol,Bullar kakor tårtor mm,204.1,µg
7162,Kladdkaka glutenfri,Protein,Bullar kakor tårtor mm,6.1,g
7162,Kladdkaka glutenfri,Summa fleromättade fettsyror,Bullar kakor tårtor mm,3.0,g
7162,Kladdkaka glutenfri,"Fosfor, P",Bullar kakor tårtor mm,219.0,mg
7162,Kladdkaka glutenfri,Niacinekvivalenter,Bullar kakor tårtor mm,1.66,NE/mg
7162,Kladdkaka glutenfri,Niacin,Bullar kakor tårtor mm,0.33,mg
7162,Kladdkaka glutenfri,"Salt, NaCl",Bullar kakor tårtor mm,0.6,g
7162,Kladdkaka glutenfri,"Natrium, Na",Bullar kakor tårtor mm,230.0,mg
7162,Kladdkaka glutenfri,Monosackarider,Bullar kakor tårtor mm,0.1,g
7162,Kladdkaka glutenfri,"Sockerarter, totalt",Bullar kakor tårtor mm,35.0,g
7162,Kladdkaka glutenfri,Summa enkelomättade fettsyror,Bullar kakor tårtor mm,7.4,g
7162,Kladdkaka glutenfri,"Magnesium, Mg",Bullar kakor tårtor mm,55.0,mg
7162,Kladdkaka glutenfri,Summa mättade fettsyror,Bullar kakor tårtor mm,9.0,g
7162,Kladdkaka glutenfri,"Kolhydrater, tillgängliga",Bullar kakor tårtor mm,45.0,g
7162,Kladdkaka glutenfri,Kolesterol,Bullar kakor tårtor mm,109.3,mg
7162,Kladdkaka glutenfri,"Kalium, K",Bullar kakor tårtor mm,379.0,mg
7162,Kladdkaka glutenfri,"Jod, I",Bullar kakor tårtor mm,12.6,µg
7162,Kladdkaka glutenfri,Fullkorn totalt,Bullar kakor tårtor mm,0.0,g
7162,Kladdkaka glutenfri,"Folat, totalt",Bullar kakor tårtor mm,19.6,µg
7162,Kladdkaka glutenfri,Fibrer,Bullar kakor tårtor mm,3.4,g
7162,Kladdkaka glutenfri,"Fett, totalt",Bullar kakor tårtor mm,20.4,g
7162,Kladdkaka glutenfri,"Järn, Fe",Bullar kakor tårtor mm,1.6,mg
7162,Kladdkaka glutenfri,Energi (kJ),Bullar kakor tårtor mm,1652.0,kJ
7162,Kladdkaka glutenfri,Energi (kcal),Bullar kakor tårtor mm,395.0,kcal
7162,Kladdkaka glutenfri,Disackarider,Bullar kakor tårtor mm,34.8,g
7162,Kladdkaka glutenfri,"Kalcium, Ca",Bullar kakor tårtor mm,97.0,mg
7162,Kladdkaka glutenfri,Fettsyra 4:0-10:0,Bullar kakor tårtor mm,0.4,g
7162,Kladdkaka glutenfri,DHA (C22:6),Bullar kakor tårtor mm,0.0,g
7162,Kladdkaka glutenfri,DPA (C22:5),Bullar kakor tårtor mm,0.0,g
7162,Kladdkaka glutenfri,EPA (C20:5),Bullar kakor tårtor mm,0.0,g
7162,Kladdkaka glutenfri,Arakidonsyra C20:4,Bullar kakor tårtor mm,0.0,g
7162,Kladdkaka glutenfri,Arakidinsyra C20:0,Bullar kakor tårtor mm,0.0,g
7162,Kladdkaka glutenfri,Linolensyra C18:3,Bullar kakor tårtor mm,0.6,g
7162,Kladdkaka glutenfri,Linolsyra C18:2,Bullar kakor tårtor mm,2.0,g
7162,Kladdkaka glutenfri,Oljesyra C18:1,Bullar kakor tårtor mm,7.5,g
7162,Kladdkaka glutenfri,Stearinsyra C18:0,Bullar kakor tårtor mm,1.7,g
7162,Kladdkaka glutenfri,Palmitoljesyra C16:1,Bullar kakor tårtor mm,0.1,g
7162,Kladdkaka glutenfri,Palmitinsyra C16:0,Bullar kakor tårtor mm,5.5,g
7162,Kladdkaka glutenfri,Myristinsyra C14:0,Bullar kakor tårtor mm,0.6,g
7162,Kladdkaka glutenfri,Laurinsyra C12:0,Bullar kakor tårtor mm,0.4,g
7162,Kladdkaka glutenfri,Betakaroten/β-Karoten,Bullar kakor tårtor mm,91.0,µg
7162,Kladdkaka glutenfri,Avfall (skal etc.),Bullar kakor tårtor mm,3.0,%
7162,Kladdkaka glutenfri,Aska,Bullar kakor tårtor mm,1.7,g
7162,Kladdkaka glutenfri,Alkohol,Bullar kakor tårtor mm,0.0,g
7163,Småkakor glutenfria hembakade,"Zink, Zn",Bullar kakor tårtor mm,0.4,mg
7163,Småkakor glutenfria hembakade,Vitamin E,Bullar kakor tårtor mm,2.3,mg
7163,Småkakor glutenfria hembakade,Vitamin D,Bullar kakor tårtor mm,2.66,µg
7163,Småkakor glutenfria hembakade,Vitamin C,Bullar kakor tårtor mm,0.0,mg
7163,Småkakor glutenfria hembakade,Vitamin B6,Bullar kakor tårtor mm,0.03,mg
7163,Småkakor glutenfria hembakade,Vitamin B12,Bullar kakor tårtor mm,0.01,µg
7163,Småkakor glutenfria hembakade,Vitamin A,Bullar kakor tårtor mm,176.1,RE/µg
7163,Småkakor glutenfria hembakade,Vatten,Bullar kakor tårtor mm,16.9,g
7163,Småkakor glutenfria hembakade,Tiamin,Bullar kakor tårtor mm,0.03,mg
7163,Småkakor glutenfria hembakade,Tillsatt socker,Bullar kakor tårtor mm,27.0,g
7163,Småkakor glutenfria hembakade,Fritt socker,Bullar kakor tårtor mm,27.0,g
7163,Småkakor glutenfria hembakade,"Selen, Se",Bullar kakor tårtor mm,1.8,µg
7163,Småkakor glutenfria hembakade,Sackaros,Bullar kakor tårtor mm,27.1,g
7163,Småkakor glutenfria hembakade,Riboflavin,Bullar kakor tårtor mm,0.04,mg
7163,Småkakor glutenfria hembakade,Retinol,Bullar kakor tårtor mm,166.0,µg
7163,Småkakor glutenfria hembakade,Protein,Bullar kakor tårtor mm,2.7,g
7163,Småkakor glutenfria hembakade,Summa fleromättade fettsyror,Bullar kakor tårtor mm,3.4,g
7163,Småkakor glutenfria hembakade,"Fosfor, P",Bullar kakor tårtor mm,170.0,mg
7163,Småkakor glutenfria hembakade,Niacinekvivalenter,Bullar kakor tårtor mm,0.89,NE/mg
7163,Småkakor glutenfria hembakade,Niacin,Bullar kakor tårtor mm,0.4,mg
7163,Småkakor glutenfria hembakade,"Salt, NaCl",Bullar kakor tårtor mm,0.6,g
7163,Småkakor glutenfria hembakade,"Natrium, Na",Bullar kakor tårtor mm,241.0,mg
7163,Småkakor glutenfria hembakade,Monosackarider,Bullar kakor tårtor mm,0.1,g
7163,Småkakor glutenfria hembakade,"Sockerarter, totalt",Bullar kakor tårtor mm,27.3,g
7163,Småkakor glutenfria hembakade,Summa enkelomättade fettsyror,Bullar kakor tårtor mm,7.0,g
7163,Småkakor glutenfria hembakade,"Magnesium, Mg",Bullar kakor tårtor mm,23.0,mg
7163,Småkakor glutenfria hembakade,Summa mättade fettsyror,Bullar kakor tårtor mm,8.8,g
7163,Småkakor glutenfria hembakade,"Kolhydrater, tillgängliga",Bullar kakor tårtor mm,57.8,g
7163,Småkakor glutenfria hembakade,Kolesterol,Bullar kakor tårtor mm,13.7,mg
7163,Småkakor glutenfria hembakade,"Kalium, K",Bullar kakor tårtor mm,107.0,mg
7163,Småkakor glutenfria hembakade,"Jod, I",Bullar kakor tårtor mm,1.2,µg
7163,Småkakor glutenfria hembakade,Fullkorn totalt,Bullar kakor tårtor mm,0.0,g
7163,Småkakor glutenfria hembakade,"Folat, totalt",Bullar kakor tårtor mm,3.2,µg
7163,Småkakor glutenfria hembakade,Fibrer,Bullar kakor tårtor mm,1.5,g
7163,Småkakor glutenfria hembakade,"Fett, totalt",Bullar kakor tårtor mm,19.9,g
7163,Småkakor glutenfria hembakade,"Järn, Fe",Bullar kakor tårtor mm,0.6,mg
7163,Småkakor glutenfria hembakade,Energi (kJ),Bullar kakor tårtor mm,1776.0,kJ
7163,Småkakor glutenfria hembakade,Energi (kcal),Bullar kakor tårtor mm,425.0,kcal
7163,Småkakor glutenfria hembakade,Disackarider,Bullar kakor tårtor mm,27.2,g
7163,Småkakor glutenfria hembakade,"Kalcium, Ca",Bullar kakor tårtor mm,91.0,mg
7163,Småkakor glutenfria hembakade,Fettsyra 4:0-10:0,Bullar kakor tårtor mm,0.5,g
7163,Småkakor glutenfria hembakade,DHA (C22:6),Bullar kakor tårtor mm,0.0,g
7163,Småkakor glutenfria hembakade,DPA (C22:5),Bullar kakor tårtor mm,0.0,g
7163,Småkakor glutenfria hembakade,EPA (C20:5),Bullar kakor tårtor mm,0.0,g
7163,Småkakor glutenfria hembakade,Arakidonsyra C20:4,Bullar kakor tårtor mm,0.0,g
7163,Småkakor glutenfria hembakade,Arakidinsyra C20:0,Bullar kakor tårtor mm,0.0,g
7163,Småkakor glutenfria hembakade,Linolensyra C18:3,Bullar kakor tårtor mm,0.7,g
7163,Småkakor glutenfria hembakade,Linolsyra C18:2,Bullar kakor tårtor mm,2.3,g
7163,Småkakor glutenfria hembakade,Oljesyra C18:1,Bullar kakor tårtor mm,7.3,g
7163,Småkakor glutenfria hembakade,Stearinsyra C18:0,Bullar kakor tårtor mm,1.0,g
7163,Småkakor glutenfria hembakade,Palmitoljesyra C16:1,Bullar kakor tårtor mm,0.1,g
7163,Småkakor glutenfria hembakade,Palmitinsyra C16:0,Bullar kakor tårtor mm,5.5,g
7163,Småkakor glutenfria hembakade,Myristinsyra C14:0,Bullar kakor tårtor mm,0.7,g
7163,Småkakor glutenfria hembakade,Laurinsyra C12:0,Bullar kakor tårtor mm,0.5,g
7163,Småkakor glutenfria hembakade,Betakaroten/β-Karoten,Bullar kakor tårtor mm,113.0,µg
7163,Småkakor glutenfria hembakade,Avfall (skal etc.),Bullar kakor tårtor mm,0.0,%
7163,Småkakor glutenfria hembakade,Aska,Bullar kakor tårtor mm,1.2,g
7163,Småkakor glutenfria hembakade,Alkohol,Bullar kakor tårtor mm,0.0,g
7166,Krabba vitt kött kokt,"Zink, Zn",Skaldjur bläckfisk färsk fryst kokt,7.2,mg
7166,Krabba vitt kött kokt,Vitamin E,Skaldjur bläckfisk färsk fryst kokt,2.1,mg
7166,Krabba vitt kött kokt,Vitamin D,Skaldjur bläckfisk färsk fryst kokt,0.0,µg
7166,Krabba vitt kött kokt,Vitamin C,Skaldjur bläckfisk färsk fryst kokt,0.0,mg
7166,Krabba vitt kött kokt,Vitamin B6,Skaldjur bläckfisk färsk fryst kokt,0.1,mg
7166,Krabba vitt kött kokt,Vitamin B12,Skaldjur bläckfisk färsk fryst kokt,3.4,µg
7166,Krabba vitt kött kokt,Vitamin A,Skaldjur bläckfisk färsk fryst kokt,0.0,RE/µg
7166,Krabba vitt kött kokt,Vatten,Skaldjur bläckfisk färsk fryst kokt,77.6,g
7166,Krabba vitt kött kokt,Tiamin,Skaldjur bläckfisk färsk fryst kokt,0.03,mg
7166,Krabba vitt kött kokt,Tillsatt socker,Skaldjur bläckfisk färsk fryst kokt,0.0,g
7166,Krabba vitt kött kokt,Fritt socker,Skaldjur bläckfisk färsk fryst kokt,0.0,g
7166,Krabba vitt kött kokt,"Selen, Se",Skaldjur bläckfisk färsk fryst kokt,87.0,µg
7166,Krabba vitt kött kokt,Sackaros,Skaldjur bläckfisk färsk fryst kokt,0.0,g
7166,Krabba vitt kött kokt,Riboflavin,Skaldjur bläckfisk färsk fryst kokt,0.25,mg
7166,Krabba vitt kött kokt,Retinol,Skaldjur bläckfisk färsk fryst kokt,0.0,µg
7166,Krabba vitt kött kokt,Protein,Skaldjur bläckfisk färsk fryst kokt,20.5,g
7166,Krabba vitt kött kokt,Summa fleromättade fettsyror,Skaldjur bläckfisk färsk fryst kokt,0.1,g
7166,Krabba vitt kött kokt,"Fosfor, P",Skaldjur bläckfisk färsk fryst kokt,147.0,mg
7166,Krabba vitt kött kokt,Niacinekvivalenter,Skaldjur bläckfisk färsk fryst kokt,3.9,NE/mg
7166,Krabba vitt kött kokt,Niacin,Skaldjur bläckfisk färsk fryst kokt,0.5,mg
7166,Krabba vitt kött kokt,"Salt, NaCl",Skaldjur bläckfisk färsk fryst kokt,0.8,g
7166,Krabba vitt kött kokt,"Natrium, Na",Skaldjur bläckfisk färsk fryst kokt,322.0,mg
7166,Krabba vitt kött kokt,Monosackarider,Skaldjur bläckfisk färsk fryst kokt,0.0,g
7166,Krabba vitt kött kokt,"Sockerarter, totalt",Skaldjur bläckfisk färsk fryst kokt,0.0,g
7166,Krabba vitt kött kokt,Summa enkelomättade fettsyror,Skaldjur bläckfisk färsk fryst kokt,0.1,g
7166,Krabba vitt kött kokt,"Magnesium, Mg",Skaldjur bläckfisk färsk fryst kokt,34.0,mg
7166,Krabba vitt kött kokt,Summa mättade fettsyror,Skaldjur bläckfisk färsk fryst kokt,0.0,g
7166,Krabba vitt kött kokt,"Kolhydrater, tillgängliga",Skaldjur bläckfisk färsk fryst kokt,0.0,g
7166,Krabba vitt kött kokt,Kolesterol,Skaldjur bläckfisk färsk fryst kokt,66.0,mg
7166,Krabba vitt kött kokt,"Kalium, K",Skaldjur bläckfisk färsk fryst kokt,240.0,mg
7166,Krabba vitt kött kokt,"Jod, I",Skaldjur bläckfisk färsk fryst kokt,103.0,µg
7166,Krabba vitt kött kokt,Fullkorn totalt,Skaldjur bläckfisk färsk fryst kokt,0.0,g
7166,Krabba vitt kött kokt,"Folat, totalt",Skaldjur bläckfisk färsk fryst kokt,6.0,µg
7166,Krabba vitt kött kokt,Fibrer,Skaldjur bläckfisk färsk fryst kokt,0.0,g
7166,Krabba vitt kött kokt,"Fett, totalt",Skaldjur bläckfisk färsk fryst kokt,0.3,g
7166,Krabba vitt kött kokt,"Järn, Fe",Skaldjur bläckfisk färsk fryst kokt,0.5,mg
7166,Krabba vitt kött kokt,Energi (kJ),Skaldjur bläckfisk färsk fryst kokt,360.0,kJ
7166,Krabba vitt kött kokt,Energi (kcal),Skaldjur bläckfisk färsk fryst kokt,86.0,kcal
7166,Krabba vitt kött kokt,Disackarider,Skaldjur bläckfisk färsk fryst kokt,0.0,g
7166,Krabba vitt kött kokt,"Kalcium, Ca",Skaldjur bläckfisk färsk fryst kokt,86.0,mg
7166,Krabba vitt kött kokt,Fettsyra 4:0-10:0,Skaldjur bläckfisk färsk fryst kokt,0.0,g
7166,Krabba vitt kött kokt,DHA (C22:6),Skaldjur bläckfisk färsk fryst kokt,0.0,g
7166,Krabba vitt kött kokt,DPA (C22:5),Skaldjur bläckfisk färsk fryst kokt,0.0,g
7166,Krabba vitt kött kokt,EPA (C20:5),Skaldjur bläckfisk färsk fryst kokt,0.0,g
7166,Krabba vitt kött kokt,Arakidonsyra C20:4,Skaldjur bläckfisk färsk fryst kokt,0.0,g
7166,Krabba vitt kött kokt,Arakidinsyra C20:0,Skaldjur bläckfisk färsk fryst kokt,0.0,g
7166,Krabba vitt kött kokt,Linolensyra C18:3,Skaldjur bläckfisk färsk fryst kokt,0.0,g
7166,Krabba vitt kött kokt,Linolsyra C18:2,Skaldjur bläckfisk färsk fryst kokt,0.0,g
7166,Krabba vitt kött kokt,Oljesyra C18:1,Skaldjur bläckfisk färsk fryst kokt,0.0,g
7166,Krabba vitt kött kokt,Stearinsyra C18:0,Skaldjur bläckfisk färsk fryst kokt,0.0,g
7166,Krabba vitt kött kokt,Palmitoljesyra C16:1,Skaldjur bläckfisk färsk fryst kokt,0.0,g
7166,Krabba vitt kött kokt,Palmitinsyra C16:0,Skaldjur bläckfisk färsk fryst kokt,0.0,g
7166,Krabba vitt kött kokt,Myristinsyra C14:0,Skaldjur bläckfisk färsk fryst kokt,0.0,g
7166,Krabba vitt kött kokt,Laurinsyra C12:0,Skaldjur bläckfisk färsk fryst kokt,0.0,g
7166,Krabba vitt kött kokt,Betakaroten/β-Karoten,Skaldjur bläckfisk färsk fryst kokt,0.0,µg
7166,Krabba vitt kött kokt,Avfall (skal etc.),Skaldjur bläckfisk färsk fryst kokt,84.0,%
7166,Krabba vitt kött kokt,Aska,Skaldjur bläckfisk färsk fryst kokt,1.6,g
7166,Krabba vitt kött kokt,Alkohol,Skaldjur bläckfisk färsk fryst kokt,0.0,g
7167,Krabba brunt kött kokt,"Zink, Zn",Skaldjur bläckfisk färsk fryst kokt,5.9,mg
7167,Krabba brunt kött kokt,Vitamin E,Skaldjur bläckfisk färsk fryst kokt,7.3,mg
7167,Krabba brunt kött kokt,Vitamin D,Skaldjur bläckfisk färsk fryst kokt,0.0,µg
7167,Krabba brunt kött kokt,Vitamin C,Skaldjur bläckfisk färsk fryst kokt,0.0,mg
7167,Krabba brunt kött kokt,Vitamin B6,Skaldjur bläckfisk färsk fryst kokt,0.22,mg
7167,Krabba brunt kött kokt,Vitamin B12,Skaldjur bläckfisk färsk fryst kokt,22.4,µg
7167,Krabba brunt kött kokt,Vitamin A,Skaldjur bläckfisk färsk fryst kokt,6.0,RE/µg
7167,Krabba brunt kött kokt,Vatten,Skaldjur bläckfisk färsk fryst kokt,66.5,g
7167,Krabba brunt kött kokt,Tiamin,Skaldjur bläckfisk färsk fryst kokt,0.06,mg
7167,Krabba brunt kött kokt,Tillsatt socker,Skaldjur bläckfisk färsk fryst kokt,0.0,g
7167,Krabba brunt kött kokt,Fritt socker,Skaldjur bläckfisk färsk fryst kokt,0.0,g
7167,Krabba brunt kött kokt,"Selen, Se",Skaldjur bläckfisk färsk fryst kokt,225.0,µg
7167,Krabba brunt kött kokt,Sackaros,Skaldjur bläckfisk färsk fryst kokt,0.0,g
7167,Krabba brunt kött kokt,Riboflavin,Skaldjur bläckfisk färsk fryst kokt,1.5,mg
7167,Krabba brunt kött kokt,Retinol,Skaldjur bläckfisk färsk fryst kokt,6.0,µg
7167,Krabba brunt kött kokt,Protein,Skaldjur bläckfisk färsk fryst kokt,18.8,g
7167,Krabba brunt kött kokt,Summa fleromättade fettsyror,Skaldjur bläckfisk färsk fryst kokt,1.6,g
7167,Krabba brunt kött kokt,"Fosfor, P",Skaldjur bläckfisk färsk fryst kokt,488.0,mg
7167,Krabba brunt kött kokt,Niacinekvivalenter,Skaldjur bläckfisk färsk fryst kokt,4.1,NE/mg
7167,Krabba brunt kött kokt,Niacin,Skaldjur bläckfisk färsk fryst kokt,1.0,mg
7167,Krabba brunt kött kokt,"Salt, NaCl",Skaldjur bläckfisk färsk fryst kokt,0.9,g
7167,Krabba brunt kött kokt,"Natrium, Na",Skaldjur bläckfisk färsk fryst kokt,351.0,mg
7167,Krabba brunt kött kokt,Monosackarider,Skaldjur bläckfisk färsk fryst kokt,0.0,g
7167,Krabba brunt kött kokt,"Sockerarter, totalt",Skaldjur bläckfisk färsk fryst kokt,0.0,g
7167,Krabba brunt kött kokt,Summa enkelomättade fettsyror,Skaldjur bläckfisk färsk fryst kokt,1.8,g
7167,Krabba brunt kött kokt,"Magnesium, Mg",Skaldjur bläckfisk färsk fryst kokt,49.0,mg
7167,Krabba brunt kött kokt,Summa mättade fettsyror,Skaldjur bläckfisk färsk fryst kokt,1.3,g
7167,Krabba brunt kött kokt,"Kolhydrater, tillgängliga",Skaldjur bläckfisk färsk fryst kokt,4.4,g
7167,Krabba brunt kött kokt,Kolesterol,Skaldjur bläckfisk färsk fryst kokt,271.0,mg
7167,Krabba brunt kött kokt,"Kalium, K",Skaldjur bläckfisk färsk fryst kokt,167.0,mg
7167,Krabba brunt kött kokt,"Jod, I",Skaldjur bläckfisk färsk fryst kokt,333.0,µg
7167,Krabba brunt kött kokt,Fullkorn totalt,Skaldjur bläckfisk färsk fryst kokt,0.0,g
7167,Krabba brunt kött kokt,"Folat, totalt",Skaldjur bläckfisk färsk fryst kokt,19.0,µg
7167,Krabba brunt kött kokt,Fibrer,Skaldjur bläckfisk färsk fryst kokt,0.0,g
7167,Krabba brunt kött kokt,"Fett, totalt",Skaldjur bläckfisk färsk fryst kokt,7.8,g
7167,Krabba brunt kött kokt,"Järn, Fe",Skaldjur bläckfisk färsk fryst kokt,2.5,mg
7167,Krabba brunt kött kokt,Energi (kJ),Skaldjur bläckfisk färsk fryst kokt,683.0,kJ
7167,Krabba brunt kött kokt,Energi (kcal),Skaldjur bläckfisk färsk fryst kokt,163.0,kcal
7167,Krabba brunt kött kokt,Disackarider,Skaldjur bläckfisk färsk fryst kokt,0.0,g
7167,Krabba brunt kött kokt,"Kalcium, Ca",Skaldjur bläckfisk färsk fryst kokt,366.0,mg
7167,Krabba brunt kött kokt,Fettsyra 4:0-10:0,Skaldjur bläckfisk färsk fryst kokt,0.0,g
7167,Krabba brunt kött kokt,DHA (C22:6),Skaldjur bläckfisk färsk fryst kokt,0.5,g
7167,Krabba brunt kött kokt,DPA (C22:5),Skaldjur bläckfisk färsk fryst kokt,0.1,g
7167,Krabba brunt kött kokt,EPA (C20:5),Skaldjur bläckfisk färsk fryst kokt,0.6,g
7167,Krabba brunt kött kokt,Arakidonsyra C20:4,Skaldjur bläckfisk färsk fryst kokt,0.2,g
7167,Krabba brunt kött kokt,Arakidinsyra C20:0,Skaldjur bläckfisk färsk fryst kokt,0.0,g
7167,Krabba brunt kött kokt,Linolensyra C18:3,Skaldjur bläckfisk färsk fryst kokt,0.0,g
7167,Krabba brunt kött kokt,Linolsyra C18:2,Skaldjur bläckfisk färsk fryst kokt,0.1,g
7167,Krabba brunt kött kokt,Oljesyra C18:1,Skaldjur bläckfisk färsk fryst kokt,1.0,g
7167,Krabba brunt kött kokt,Stearinsyra C18:0,Skaldjur bläckfisk färsk fryst kokt,0.2,g
7167,Krabba brunt kött kokt,Palmitoljesyra C16:1,Skaldjur bläckfisk färsk fryst kokt,0.5,g
7167,Krabba brunt kött kokt,Palmitinsyra C16:0,Skaldjur bläckfisk färsk fryst kokt,0.7,g
7167,Krabba brunt kött kokt,Myristinsyra C14:0,Skaldjur bläckfisk färsk fryst kokt,0.1,g
7167,Krabba brunt kött kokt,Laurinsyra C12:0,Skaldjur bläckfisk färsk fryst kokt,0.0,g
7167,Krabba brunt kött kokt,Betakaroten/β-Karoten,Skaldjur bläckfisk färsk fryst kokt,0.0,µg
7167,Krabba brunt kött kokt,Avfall (skal etc.),Skaldjur bläckfisk färsk fryst kokt,84.0,%
7167,Krabba brunt kött kokt,Aska,Skaldjur bläckfisk färsk fryst kokt,2.5,g
7167,Krabba brunt kött kokt,Alkohol,Skaldjur bläckfisk färsk fryst kokt,0.0,g
7169,Kex m. kola rispuffar mjölkchokladöverdrag,"Zink, Zn",Godis som innehåller choklad,0.8,mg
7169,Kex m. kola rispuffar mjölkchokladöverdrag,Vitamin E,Godis som innehåller choklad,0.9,mg
7169,Kex m. kola rispuffar mjölkchokladöverdrag,Vitamin D,Godis som innehåller choklad,0.1,µg
7169,Kex m. kola rispuffar mjölkchokladöverdrag,Vitamin C,Godis som innehåller choklad,0.0,mg
7169,Kex m. kola rispuffar mjölkchokladöverdrag,Vitamin B6,Godis som innehåller choklad,0.06,mg
7169,Kex m. kola rispuffar mjölkchokladöverdrag,Vitamin B12,Godis som innehåller choklad,0.26,µg
7169,Kex m. kola rispuffar mjölkchokladöverdrag,Vitamin A,Godis som innehåller choklad,26.4,RE/µg
7169,Kex m. kola rispuffar mjölkchokladöverdrag,Vatten,Godis som innehåller choklad,5.0,g
7169,Kex m. kola rispuffar mjölkchokladöverdrag,Tiamin,Godis som innehåller choklad,0.05,mg
7169,Kex m. kola rispuffar mjölkchokladöverdrag,Tillsatt socker,Godis som innehåller choklad,37.0,g
7169,Kex m. kola rispuffar mjölkchokladöverdrag,Fritt socker,Godis som innehåller choklad,37.0,g
7169,Kex m. kola rispuffar mjölkchokladöverdrag,"Selen, Se",Godis som innehåller choklad,4.0,µg
7169,Kex m. kola rispuffar mjölkchokladöverdrag,Sackaros,Godis som innehåller choklad,32.9,g
7169,Kex m. kola rispuffar mjölkchokladöverdrag,Riboflavin,Godis som innehåller choklad,0.29,mg
7169,Kex m. kola rispuffar mjölkchokladöverdrag,Retinol,Godis som innehåller choklad,25.5,µg
7169,Kex m. kola rispuffar mjölkchokladöverdrag,Protein,Godis som innehåller choklad,5.2,g
7169,Kex m. kola rispuffar mjölkchokladöverdrag,Summa fleromättade fettsyror,Godis som innehåller choklad,1.1,g
7169,Kex m. kola rispuffar mjölkchokladöverdrag,"Fosfor, P",Godis som innehåller choklad,158.0,mg
7169,Kex m. kola rispuffar mjölkchokladöverdrag,Niacinekvivalenter,Godis som innehåller choklad,1.5,NE/mg
7169,Kex m. kola rispuffar mjölkchokladöverdrag,Niacin,Godis som innehåller choklad,0.34,mg
7169,Kex m. kola rispuffar mjölkchokladöverdrag,"Salt, NaCl",Godis som innehåller choklad,0.4,g
7169,Kex m. kola rispuffar mjölkchokladöverdrag,"Natrium, Na",Godis som innehåller choklad,161.0,mg
7169,Kex m. kola rispuffar mjölkchokladöverdrag,Monosackarider,Godis som innehåller choklad,2.1,g
7169,Kex m. kola rispuffar mjölkchokladöverdrag,"Sockerarter, totalt",Godis som innehåller choklad,46.4,g
7169,Kex m. kola rispuffar mjölkchokladöverdrag,Summa enkelomättade fettsyror,Godis som innehåller choklad,7.1,g
7169,Kex m. kola rispuffar mjölkchokladöverdrag,"Magnesium, Mg",Godis som innehåller choklad,40.0,mg
7169,Kex m. kola rispuffar mjölkchokladöverdrag,Summa mättade fettsyror,Godis som innehåller choklad,16.2,g
7169,Kex m. kola rispuffar mjölkchokladöverdrag,"Kolhydrater, tillgängliga",Godis som innehåller choklad,60.7,g
7169,Kex m. kola rispuffar mjölkchokladöverdrag,Kolesterol,Godis som innehåller choklad,9.0,mg
7169,Kex m. kola rispuffar mjölkchokladöverdrag,"Kalium, K",Godis som innehåller choklad,329.0,mg
7169,Kex m. kola rispuffar mjölkchokladöverdrag,"Jod, I",Godis som innehåller choklad,7.0,µg
7169,Kex m. kola rispuffar mjölkchokladöverdrag,Fullkorn totalt,Godis som innehåller choklad,0.0,g
7169,Kex m. kola rispuffar mjölkchokladöverdrag,"Folat, totalt",Godis som innehåller choklad,14.7,µg
7169,Kex m. kola rispuffar mjölkchokladöverdrag,Fibrer,Godis som innehåller choklad,1.9,g
7169,Kex m. kola rispuffar mjölkchokladöverdrag,"Fett, totalt",Godis som innehåller choklad,25.8,g
7169,Kex m. kola rispuffar mjölkchokladöverdrag,"Järn, Fe",Godis som innehåller choklad,4.6,mg
7169,Kex m. kola rispuffar mjölkchokladöverdrag,Energi (kJ),Godis som innehåller choklad,2090.0,kJ
7169,Kex m. kola rispuffar mjölkchokladöverdrag,Energi (kcal),Godis som innehåller choklad,499.0,kcal
7169,Kex m. kola rispuffar mjölkchokladöverdrag,Disackarider,Godis som innehåller choklad,44.3,g
7169,Kex m. kola rispuffar mjölkchokladöverdrag,"Kalcium, Ca",Godis som innehåller choklad,140.0,mg
7169,Kex m. kola rispuffar mjölkchokladöverdrag,Fettsyra 4:0-10:0,Godis som innehåller choklad,0.6,g
7169,Kex m. kola rispuffar mjölkchokladöverdrag,DHA (C22:6),Godis som innehåller choklad,0.0,g
7169,Kex m. kola rispuffar mjölkchokladöverdrag,DPA (C22:5),Godis som innehåller choklad,0.0,g
7169,Kex m. kola rispuffar mjölkchokladöverdrag,EPA (C20:5),Godis som innehåller choklad,0.0,g
7169,Kex m. kola rispuffar mjölkchokladöverdrag,Arakidonsyra C20:4,Godis som innehåller choklad,0.0,g
7169,Kex m. kola rispuffar mjölkchokladöverdrag,Arakidinsyra C20:0,Godis som innehåller choklad,0.2,g
7169,Kex m. kola rispuffar mjölkchokladöverdrag,Linolensyra C18:3,Godis som innehåller choklad,0.0,g
7169,Kex m. kola rispuffar mjölkchokladöverdrag,Linolsyra C18:2,Godis som innehåller choklad,1.1,g
7169,Kex m. kola rispuffar mjölkchokladöverdrag,Oljesyra C18:1,Godis som innehåller choklad,7.0,g
7169,Kex m. kola rispuffar mjölkchokladöverdrag,Stearinsyra C18:0,Godis som innehåller choklad,4.4,g
7169,Kex m. kola rispuffar mjölkchokladöverdrag,Palmitoljesyra C16:1,Godis som innehåller choklad,0.1,g
7169,Kex m. kola rispuffar mjölkchokladöverdrag,Palmitinsyra C16:0,Godis som innehåller choklad,7.9,g
7169,Kex m. kola rispuffar mjölkchokladöverdrag,Myristinsyra C14:0,Godis som innehåller choklad,1.0,g
7169,Kex m. kola rispuffar mjölkchokladöverdrag,Laurinsyra C12:0,Godis som innehåller choklad,2.0,g
7169,Kex m. kola rispuffar mjölkchokladöverdrag,Betakaroten/β-Karoten,Godis som innehåller choklad,9.0,µg
7169,Kex m. kola rispuffar mjölkchokladöverdrag,Avfall (skal etc.),Godis som innehåller choklad,0.0,%
7169,Kex m. kola rispuffar mjölkchokladöverdrag,Aska,Godis som innehåller choklad,1.4,g
7169,Kex m. kola rispuffar mjölkchokladöverdrag,Alkohol,Godis som innehåller choklad,0.0,g
7170,Maltkulor m. mjölkchokladöverdrag,"Zink, Zn",Godis som innehåller choklad,1.0,mg
7170,Maltkulor m. mjölkchokladöverdrag,Vitamin E,Godis som innehåller choklad,0.8,mg
7170,Maltkulor m. mjölkchokladöverdrag,Vitamin D,Godis som innehåller choklad,0.1,µg
7170,Maltkulor m. mjölkchokladöverdrag,Vitamin C,Godis som innehåller choklad,0.0,mg
7170,Maltkulor m. mjölkchokladöverdrag,Vitamin B6,Godis som innehåller choklad,0.02,mg
7170,Maltkulor m. mjölkchokladöverdrag,Vitamin B12,Godis som innehåller choklad,1.3,µg
7170,Maltkulor m. mjölkchokladöverdrag,Vitamin A,Godis som innehåller choklad,48.0,RE/µg
7170,Maltkulor m. mjölkchokladöverdrag,Vatten,Godis som innehåller choklad,1.8,g
7170,Maltkulor m. mjölkchokladöverdrag,Tiamin,Godis som innehåller choklad,0.04,mg
7170,Maltkulor m. mjölkchokladöverdrag,Tillsatt socker,Godis som innehåller choklad,41.0,g
7170,Maltkulor m. mjölkchokladöverdrag,Fritt socker,Godis som innehåller choklad,41.0,g
7170,Maltkulor m. mjölkchokladöverdrag,"Selen, Se",Godis som innehåller choklad,5.0,µg
7170,Maltkulor m. mjölkchokladöverdrag,Sackaros,Godis som innehåller choklad,36.9,g
7170,Maltkulor m. mjölkchokladöverdrag,Riboflavin,Godis som innehåller choklad,0.47,mg
7170,Maltkulor m. mjölkchokladöverdrag,Retinol,Godis som innehåller choklad,48.0,µg
7170,Maltkulor m. mjölkchokladöverdrag,Protein,Godis som innehåller choklad,7.6,g
7170,Maltkulor m. mjölkchokladöverdrag,Summa fleromättade fettsyror,Godis som innehåller choklad,1.0,g
7170,Maltkulor m. mjölkchokladöverdrag,"Fosfor, P",Godis som innehåller choklad,269.0,mg
7170,Maltkulor m. mjölkchokladöverdrag,Niacinekvivalenter,Godis som innehåller choklad,2.4,NE/mg
7170,Maltkulor m. mjölkchokladöverdrag,Niacin,Godis som innehåller choklad,0.6,mg
7170,Maltkulor m. mjölkchokladöverdrag,"Salt, NaCl",Godis som innehåller choklad,0.4,g
7170,Maltkulor m. mjölkchokladöverdrag,"Natrium, Na",Godis som innehåller choklad,156.0,mg
7170,Maltkulor m. mjölkchokladöverdrag,Monosackarider,Godis som innehåller choklad,2.3,g
7170,Maltkulor m. mjölkchokladöverdrag,"Sockerarter, totalt",Godis som innehåller choklad,55.5,g
7170,Maltkulor m. mjölkchokladöverdrag,Summa enkelomättade fettsyror,Godis som innehåller choklad,7.0,g
7170,Maltkulor m. mjölkchokladöverdrag,"Magnesium, Mg",Godis som innehåller choklad,50.0,mg
7170,Maltkulor m. mjölkchokladöverdrag,Summa mättade fettsyror,Godis som innehåller choklad,14.3,g
7170,Maltkulor m. mjölkchokladöverdrag,"Kolhydrater, tillgängliga",Godis som innehåller choklad,63.5,g
7170,Maltkulor m. mjölkchokladöverdrag,Kolesterol,Godis som innehåller choklad,12.0,mg
7170,Maltkulor m. mjölkchokladöverdrag,"Kalium, K",Godis som innehåller choklad,565.0,mg
7170,Maltkulor m. mjölkchokladöverdrag,"Jod, I",Godis som innehåller choklad,53.0,µg
7170,Maltkulor m. mjölkchokladöverdrag,Fullkorn totalt,Godis som innehåller choklad,0.0,g
7170,Maltkulor m. mjölkchokladöverdrag,"Folat, totalt",Godis som innehåller choklad,14.0,µg
7170,Maltkulor m. mjölkchokladöverdrag,Fibrer,Godis som innehåller choklad,1.7,g
7170,Maltkulor m. mjölkchokladöverdrag,"Fett, totalt",Godis som innehåller choklad,23.3,g
7170,Maltkulor m. mjölkchokladöverdrag,"Järn, Fe",Godis som innehåller choklad,2.0,mg
7170,Maltkulor m. mjölkchokladöverdrag,Energi (kJ),Godis som innehåller choklad,2084.0,kJ
7170,Maltkulor m. mjölkchokladöverdrag,Energi (kcal),Godis som innehåller choklad,498.0,kcal
7170,Maltkulor m. mjölkchokladöverdrag,Disackarider,Godis som innehåller choklad,53.2,g
7170,Maltkulor m. mjölkchokladöverdrag,"Kalcium, Ca",Godis som innehåller choklad,266.0,mg
7170,Maltkulor m. mjölkchokladöverdrag,Fettsyra 4:0-10:0,Godis som innehåller choklad,0.4,g
7170,Maltkulor m. mjölkchokladöverdrag,DHA (C22:6),Godis som innehåller choklad,0.0,g
7170,Maltkulor m. mjölkchokladöverdrag,DPA (C22:5),Godis som innehåller choklad,0.0,g
7170,Maltkulor m. mjölkchokladöverdrag,EPA (C20:5),Godis som innehåller choklad,0.0,g
7170,Maltkulor m. mjölkchokladöverdrag,Arakidonsyra C20:4,Godis som innehåller choklad,0.0,g
7170,Maltkulor m. mjölkchokladöverdrag,Arakidinsyra C20:0,Godis som innehåller choklad,0.2,g
7170,Maltkulor m. mjölkchokladöverdrag,Linolensyra C18:3,Godis som innehåller choklad,0.1,g
7170,Maltkulor m. mjölkchokladöverdrag,Linolsyra C18:2,Godis som innehåller choklad,0.9,g
7170,Maltkulor m. mjölkchokladöverdrag,Oljesyra C18:1,Godis som innehåller choklad,6.9,g
7170,Maltkulor m. mjölkchokladöverdrag,Stearinsyra C18:0,Godis som innehåller choklad,5.9,g
7170,Maltkulor m. mjölkchokladöverdrag,Palmitoljesyra C16:1,Godis som innehåller choklad,0.1,g
7170,Maltkulor m. mjölkchokladöverdrag,Palmitinsyra C16:0,Godis som innehåller choklad,6.6,g
7170,Maltkulor m. mjölkchokladöverdrag,Myristinsyra C14:0,Godis som innehåller choklad,0.5,g
7170,Maltkulor m. mjölkchokladöverdrag,Laurinsyra C12:0,Godis som innehåller choklad,0.5,g
7170,Maltkulor m. mjölkchokladöverdrag,Betakaroten/β-Karoten,Godis som innehåller choklad,0.0,µg
7170,Maltkulor m. mjölkchokladöverdrag,Avfall (skal etc.),Godis som innehåller choklad,0.0,%
7170,Maltkulor m. mjölkchokladöverdrag,Aska,Godis som innehåller choklad,2.1,g
7170,Maltkulor m. mjölkchokladöverdrag,Alkohol,Godis som innehåller choklad,0.0,g
7171,Nöt färs m. ärtprotein,"Zink, Zn",Köttprodukter kötträtter,4.3,mg
7171,Nöt färs m. ärtprotein,Vitamin E,Köttprodukter kötträtter,0.5,mg
7171,Nöt färs m. ärtprotein,Vitamin D inkl 25-OH-D3,Köttprodukter kötträtter,0.44,µg
7171,Nöt färs m. ärtprotein,Vitamin D,Köttprodukter kötträtter,0.08,µg
7171,Nöt färs m. ärtprotein,Vitamin C,Köttprodukter kötträtter,0.1,mg
7171,Nöt färs m. ärtprotein,Vitamin B6,Köttprodukter kötträtter,0.2,mg
7171,Nöt färs m. ärtprotein,Vitamin B12,Köttprodukter kötträtter,1.12,µg
7171,Nöt färs m. ärtprotein,Vitamin A,Köttprodukter kötträtter,14.8,RE/µg
7171,Nöt färs m. ärtprotein,Vatten,Köttprodukter kötträtter,64.3,g
7171,Nöt färs m. ärtprotein,Tiamin,Köttprodukter kötträtter,0.07,mg
7171,Nöt färs m. ärtprotein,Tillsatt socker,Köttprodukter kötträtter,0.0,g
7171,Nöt färs m. ärtprotein,Fritt socker,Köttprodukter kötträtter,0.0,g
7171,Nöt färs m. ärtprotein,"Selen, Se",Köttprodukter kötträtter,6.3,µg
7171,Nöt färs m. ärtprotein,Sackaros,Köttprodukter kötträtter,0.1,g
7171,Nöt färs m. ärtprotein,Riboflavin,Köttprodukter kötträtter,0.15,mg
7171,Nöt färs m. ärtprotein,Retinol,Köttprodukter kötträtter,12.7,µg
7171,Nöt färs m. ärtprotein,Protein,Köttprodukter kötträtter,21.9,g
7171,Nöt färs m. ärtprotein,Summa fleromättade fettsyror,Köttprodukter kötträtter,0.7,g
7171,Nöt färs m. ärtprotein,"Fosfor, P",Köttprodukter kötträtter,204.0,mg
7171,Nöt färs m. ärtprotein,Niacinekvivalenter,Köttprodukter kötträtter,7.2,NE/mg
7171,Nöt färs m. ärtprotein,Niacin,Köttprodukter kötträtter,3.34,mg
7171,Nöt färs m. ärtprotein,"Salt, NaCl",Köttprodukter kötträtter,0.5,g
7171,Nöt färs m. ärtprotein,"Natrium, Na",Köttprodukter kötträtter,201.0,mg
7171,Nöt färs m. ärtprotein,Monosackarider,Köttprodukter kötträtter,0.1,g
7171,Nöt färs m. ärtprotein,"Sockerarter, totalt",Köttprodukter kötträtter,0.4,g
7171,Nöt färs m. ärtprotein,Summa enkelomättade fettsyror,Köttprodukter kötträtter,4.2,g
7171,Nöt färs m. ärtprotein,"Magnesium, Mg",Köttprodukter kötträtter,23.0,mg
7171,Nöt färs m. ärtprotein,Summa mättade fettsyror,Köttprodukter kötträtter,5.0,g
7171,Nöt färs m. ärtprotein,"Kolhydrater, tillgängliga",Köttprodukter kötträtter,1.7,g
7171,Nöt färs m. ärtprotein,Kolesterol,Köttprodukter kötträtter,42.3,mg
7171,Nöt färs m. ärtprotein,"Kalium, K",Köttprodukter kötträtter,259.0,mg
7171,Nöt färs m. ärtprotein,"Jod, I",Köttprodukter kötträtter,2.3,µg
7171,Nöt färs m. ärtprotein,Fullkorn totalt,Köttprodukter kötträtter,2.0,g
7171,Nöt färs m. ärtprotein,"Folat, totalt",Köttprodukter kötträtter,9.3,µg
7171,Nöt färs m. ärtprotein,Fibrer,Köttprodukter kötträtter,0.7,g
7171,Nöt färs m. ärtprotein,"Fett, totalt",Köttprodukter kötträtter,10.5,g
7171,Nöt färs m. ärtprotein,"Järn, Fe",Köttprodukter kötträtter,3.4,mg
7171,Nöt färs m. ärtprotein,Energi (kJ),Köttprodukter kötträtter,797.0,kJ
7171,Nöt färs m. ärtprotein,Energi (kcal),Köttprodukter kötträtter,190.0,kcal
7171,Nöt färs m. ärtprotein,Disackarider,Köttprodukter kötträtter,0.3,g
7171,Nöt färs m. ärtprotein,"Kalcium, Ca",Köttprodukter kötträtter,55.0,mg
7171,Nöt färs m. ärtprotein,Fettsyra 4:0-10:0,Köttprodukter kötträtter,0.2,g
7171,Nöt färs m. ärtprotein,DHA (C22:6),Köttprodukter kötträtter,0.0,g
7171,Nöt färs m. ärtprotein,DPA (C22:5),Köttprodukter kötträtter,0.0,g
7171,Nöt färs m. ärtprotein,EPA (C20:5),Köttprodukter kötträtter,0.0,g
7171,Nöt färs m. ärtprotein,Arakidonsyra C20:4,Köttprodukter kötträtter,0.0,g
7171,Nöt färs m. ärtprotein,Arakidinsyra C20:0,Köttprodukter kötträtter,0.0,g
7171,Nöt färs m. ärtprotein,Linolensyra C18:3,Köttprodukter kötträtter,0.1,g
7171,Nöt färs m. ärtprotein,Linolsyra C18:2,Köttprodukter kötträtter,0.5,g
7171,Nöt färs m. ärtprotein,Oljesyra C18:1,Köttprodukter kötträtter,3.7,g
7171,Nöt färs m. ärtprotein,Stearinsyra C18:0,Köttprodukter kötträtter,1.3,g
7171,Nöt färs m. ärtprotein,Palmitoljesyra C16:1,Köttprodukter kötträtter,0.4,g
7171,Nöt färs m. ärtprotein,Palmitinsyra C16:0,Köttprodukter kötträtter,2.2,g
7171,Nöt färs m. ärtprotein,Myristinsyra C14:0,Köttprodukter kötträtter,0.4,g
7171,Nöt färs m. ärtprotein,Laurinsyra C12:0,Köttprodukter kötträtter,0.5,g
7171,Nöt färs m. ärtprotein,Betakaroten/β-Karoten,Köttprodukter kötträtter,26.0,µg
7171,Nöt färs m. ärtprotein,Avfall (skal etc.),Köttprodukter kötträtter,0.0,%
7171,Nöt färs m. ärtprotein,Aska,Köttprodukter kötträtter,1.3,g
7171,Nöt färs m. ärtprotein,Alkohol,Köttprodukter kötträtter,0.0,g
7175,Savoiardikex,"Zink, Zn",Bullar kakor tårtor mm,0.6,mg
7175,Savoiardikex,Vitamin E,Bullar kakor tårtor mm,1.6,mg
7175,Savoiardikex,Vitamin D inkl 25-OH-D3,Bullar kakor tårtor mm,0.68,µg
7175,Savoiardikex,Vitamin D,Bullar kakor tårtor mm,0.15,µg
7175,Savoiardikex,Vitamin C,Bullar kakor tårtor mm,0.9,mg
7175,Savoiardikex,Vitamin B6,Bullar kakor tårtor mm,0.05,mg
7175,Savoiardikex,Vitamin B12,Bullar kakor tårtor mm,0.38,µg
7175,Savoiardikex,Vitamin A,Bullar kakor tårtor mm,63.0,RE/µg
7175,Savoiardikex,Vatten,Bullar kakor tårtor mm,22.3,g
7175,Savoiardikex,Tiamin,Bullar kakor tårtor mm,0.06,mg
7175,Savoiardikex,Tillsatt socker,Bullar kakor tårtor mm,38.0,g
7175,Savoiardikex,Fritt socker,Bullar kakor tårtor mm,38.0,g
7175,Savoiardikex,"Selen, Se",Bullar kakor tårtor mm,9.9,µg
7175,Savoiardikex,Sackaros,Bullar kakor tårtor mm,37.4,g
7175,Savoiardikex,Riboflavin,Bullar kakor tårtor mm,0.11,mg
7175,Savoiardikex,Retinol,Bullar kakor tårtor mm,62.7,µg
7175,Savoiardikex,Protein,Bullar kakor tårtor mm,6.5,g
7175,Savoiardikex,Summa fleromättade fettsyror,Bullar kakor tårtor mm,0.7,g
7175,Savoiardikex,"Fosfor, P",Bullar kakor tårtor mm,194.0,mg
7175,Savoiardikex,Niacinekvivalenter,Bullar kakor tårtor mm,1.69,NE/mg
7175,Savoiardikex,Niacin,Bullar kakor tårtor mm,0.32,mg
7175,Savoiardikex,"Salt, NaCl",Bullar kakor tårtor mm,0.6,g
7175,Savoiardikex,"Natrium, Na",Bullar kakor tårtor mm,223.0,mg
7175,Savoiardikex,Monosackarider,Bullar kakor tårtor mm,0.3,g
7175,Savoiardikex,"Sockerarter, totalt",Bullar kakor tårtor mm,38.3,g
7175,Savoiardikex,Summa enkelomättade fettsyror,Bullar kakor tårtor mm,1.2,g
7175,Savoiardikex,"Magnesium, Mg",Bullar kakor tårtor mm,11.0,mg
7175,Savoiardikex,Summa mättade fettsyror,Bullar kakor tårtor mm,0.8,g
7175,Savoiardikex,"Kolhydrater, tillgängliga",Bullar kakor tårtor mm,65.2,g
7175,Savoiardikex,Kolesterol,Bullar kakor tårtor mm,91.5,mg
7175,Savoiardikex,"Kalium, K",Bullar kakor tårtor mm,99.0,mg
7175,Savoiardikex,"Jod, I",Bullar kakor tårtor mm,25.0,µg
7175,Savoiardikex,Fullkorn totalt,Bullar kakor tårtor mm,0.0,g
7175,Savoiardikex,"Folat, totalt",Bullar kakor tårtor mm,21.3,µg
7175,Savoiardikex,Fibrer,Bullar kakor tårtor mm,1.3,g
7175,Savoiardikex,"Fett, totalt",Bullar kakor tårtor mm,3.3,g
7175,Savoiardikex,"Järn, Fe",Bullar kakor tårtor mm,0.7,mg
7175,Savoiardikex,Energi (kJ),Bullar kakor tårtor mm,1352.0,kJ
7175,Savoiardikex,Energi (kcal),Bullar kakor tårtor mm,323.0,kcal
7175,Savoiardikex,Disackarider,Bullar kakor tårtor mm,38.0,g
7175,Savoiardikex,"Kalcium, Ca",Bullar kakor tårtor mm,99.0,mg
7175,Savoiardikex,Fettsyra 4:0-10:0,Bullar kakor tårtor mm,0.0,g
7175,Savoiardikex,DHA (C22:6),Bullar kakor tårtor mm,0.0,g
7175,Savoiardikex,DPA (C22:5),Bullar kakor tårtor mm,0.0,g
7175,Savoiardikex,EPA (C20:5),Bullar kakor tårtor mm,0.0,g
7175,Savoiardikex,Arakidonsyra C20:4,Bullar kakor tårtor mm,0.0,g
7175,Savoiardikex,Arakidinsyra C20:0,Bullar kakor tårtor mm,0.0,g
7175,Savoiardikex,Linolensyra C18:3,Bullar kakor tårtor mm,0.0,g
7175,Savoiardikex,Linolsyra C18:2,Bullar kakor tårtor mm,0.6,g
7175,Savoiardikex,Oljesyra C18:1,Bullar kakor tårtor mm,1.0,g
7175,Savoiardikex,Stearinsyra C18:0,Bullar kakor tårtor mm,0.2,g
7175,Savoiardikex,Palmitoljesyra C16:1,Bullar kakor tårtor mm,0.1,g
7175,Savoiardikex,Palmitinsyra C16:0,Bullar kakor tårtor mm,0.6,g
7175,Savoiardikex,Myristinsyra C14:0,Bullar kakor tårtor mm,0.0,g
7175,Savoiardikex,Laurinsyra C12:0,Bullar kakor tårtor mm,0.0,g
7175,Savoiardikex,Betakaroten/β-Karoten,Bullar kakor tårtor mm,3.0,µg
7175,Savoiardikex,Avfall (skal etc.),Bullar kakor tårtor mm,3.0,%
7175,Savoiardikex,Aska,Bullar kakor tårtor mm,1.2,g
7175,Savoiardikex,Alkohol,Bullar kakor tårtor mm,0.0,g
7177,Fruktdryck m. kolsyra,"Zink, Zn",Övrigt,0.1,mg
7177,Fruktdryck m. kolsyra,Vitamin E,Övrigt,0.0,mg
7177,Fruktdryck m. kolsyra,Vitamin D inkl 25-OH-D3,Övrigt,0.0,µg
7177,Fruktdryck m. kolsyra,Vitamin D,Övrigt,0.0,µg
7177,Fruktdryck m. kolsyra,Vitamin C,Övrigt,0.4,mg
7177,Fruktdryck m. kolsyra,Vitamin B6,Övrigt,0.03,mg
7177,Fruktdryck m. kolsyra,Vitamin B12,Övrigt,0.0,µg
7177,Fruktdryck m. kolsyra,Vitamin A,Övrigt,0.0,RE/µg
7177,Fruktdryck m. kolsyra,Vatten,Övrigt,94.5,g
7177,Fruktdryck m. kolsyra,Tiamin,Övrigt,0.0,mg
7177,Fruktdryck m. kolsyra,Tillsatt socker,Övrigt,0.0,g
7177,Fruktdryck m. kolsyra,Fritt socker,Övrigt,4.0,g
7177,Fruktdryck m. kolsyra,"Selen, Se",Övrigt,0.0,µg
7177,Fruktdryck m. kolsyra,Sackaros,Övrigt,1.0,g
7177,Fruktdryck m. kolsyra,Riboflavin,Övrigt,0.0,mg
7177,Fruktdryck m. kolsyra,Retinol,Övrigt,0.0,µg
7177,Fruktdryck m. kolsyra,Protein,Övrigt,0.5,g
7177,Fruktdryck m. kolsyra,Summa fleromättade fettsyror,Övrigt,0.0,g
7177,Fruktdryck m. kolsyra,"Fosfor, P",Övrigt,3.0,mg
7177,Fruktdryck m. kolsyra,Niacinekvivalenter,Övrigt,0.15,NE/mg
7177,Fruktdryck m. kolsyra,Niacin,Övrigt,0.07,mg
7177,Fruktdryck m. kolsyra,"Salt, NaCl",Övrigt,0.0,g
7177,Fruktdryck m. kolsyra,"Natrium, Na",Övrigt,15.0,mg
7177,Fruktdryck m. kolsyra,Monosackarider,Övrigt,3.5,g
7177,Fruktdryck m. kolsyra,"Sockerarter, totalt",Övrigt,4.4,g
7177,Fruktdryck m. kolsyra,Summa enkelomättade fettsyror,Övrigt,0.0,g
7177,Fruktdryck m. kolsyra,"Magnesium, Mg",Övrigt,2.0,mg
7177,Fruktdryck m. kolsyra,Summa mättade fettsyror,Övrigt,0.0,g
7177,Fruktdryck m. kolsyra,"Kolhydrater, tillgängliga",Övrigt,4.8,g
7177,Fruktdryck m. kolsyra,Kolesterol,Övrigt,0.0,mg
7177,Fruktdryck m. kolsyra,"Kalium, K",Övrigt,18.0,mg
7177,Fruktdryck m. kolsyra,"Jod, I",Övrigt,1.1,µg
7177,Fruktdryck m. kolsyra,Fullkorn totalt,Övrigt,0.0,g
7177,Fruktdryck m. kolsyra,"Folat, totalt",Övrigt,0.2,µg
7177,Fruktdryck m. kolsyra,Fibrer,Övrigt,0.0,g
7177,Fruktdryck m. kolsyra,"Fett, totalt",Övrigt,0.0,g
7177,Fruktdryck m. kolsyra,"Järn, Fe",Övrigt,0.0,mg
7177,Fruktdryck m. kolsyra,Energi (kJ),Övrigt,90.0,kJ
7177,Fruktdryck m. kolsyra,Energi (kcal),Övrigt,22.0,kcal
7177,Fruktdryck m. kolsyra,Disackarider,Övrigt,1.0,g
7177,Fruktdryck m. kolsyra,"Kalcium, Ca",Övrigt,4.0,mg
7177,Fruktdryck m. kolsyra,Fettsyra 4:0-10:0,Övrigt,0.0,g
7177,Fruktdryck m. kolsyra,DHA (C22:6),Övrigt,0.0,g
7177,Fruktdryck m. kolsyra,DPA (C22:5),Övrigt,0.0,g
7177,Fruktdryck m. kolsyra,EPA (C20:5),Övrigt,0.0,g
7177,Fruktdryck m. kolsyra,Arakidonsyra C20:4,Övrigt,0.0,g
7177,Fruktdryck m. kolsyra,Arakidinsyra C20:0,Övrigt,0.0,g
7177,Fruktdryck m. kolsyra,Linolensyra C18:3,Övrigt,0.0,g
7177,Fruktdryck m. kolsyra,Linolsyra C18:2,Övrigt,0.0,g
7177,Fruktdryck m. kolsyra,Oljesyra C18:1,Övrigt,0.0,g
7177,Fruktdryck m. kolsyra,Stearinsyra C18:0,Övrigt,0.0,g
7177,Fruktdryck m. kolsyra,Palmitoljesyra C16:1,Övrigt,0.0,g
7177,Fruktdryck m. kolsyra,Palmitinsyra C16:0,Övrigt,0.0,g
7177,Fruktdryck m. kolsyra,Myristinsyra C14:0,Övrigt,0.0,g
7177,Fruktdryck m. kolsyra,Laurinsyra C12:0,Övrigt,0.0,g
7177,Fruktdryck m. kolsyra,Betakaroten/β-Karoten,Övrigt,0.0,µg
7177,Fruktdryck m. kolsyra,Avfall (skal etc.),Övrigt,0.0,%
7177,Fruktdryck m. kolsyra,Aska,Övrigt,0.2,g
7177,Fruktdryck m. kolsyra,Alkohol,Övrigt,0.0,g
7179,Mörk choklad kakao <70% m. nötter frukt,"Zink, Zn",Choklad ,2.0,mg
7179,Mörk choklad kakao <70% m. nötter frukt,Vitamin E,Choklad ,2.2,mg
7179,Mörk choklad kakao <70% m. nötter frukt,Vitamin D inkl 25-OH-D3,Choklad ,0.0,µg
7179,Mörk choklad kakao <70% m. nötter frukt,Vitamin D,Choklad ,0.0,µg
7179,Mörk choklad kakao <70% m. nötter frukt,Vitamin C,Choklad ,0.6,mg
7179,Mörk choklad kakao <70% m. nötter frukt,Vitamin B6,Choklad ,0.09,mg
7179,Mörk choklad kakao <70% m. nötter frukt,Vitamin B12,Choklad ,0.0,µg
7179,Mörk choklad kakao <70% m. nötter frukt,Vitamin A,Choklad ,20.6,RE/µg
7179,Mörk choklad kakao <70% m. nötter frukt,Vatten,Choklad ,1.2,g
7179,Mörk choklad kakao <70% m. nötter frukt,Tiamin,Choklad ,0.03,mg
7179,Mörk choklad kakao <70% m. nötter frukt,Tillsatt socker,Choklad ,42.0,g
7179,Mörk choklad kakao <70% m. nötter frukt,Fritt socker,Choklad ,43.0,g
7179,Mörk choklad kakao <70% m. nötter frukt,"Selen, Se",Choklad ,3.2,µg
7179,Mörk choklad kakao <70% m. nötter frukt,Sackaros,Choklad ,42.2,g
7179,Mörk choklad kakao <70% m. nötter frukt,Riboflavin,Choklad ,0.08,mg
7179,Mörk choklad kakao <70% m. nötter frukt,Retinol,Choklad ,18.4,µg
7179,Mörk choklad kakao <70% m. nötter frukt,Protein,Choklad ,6.9,g
7179,Mörk choklad kakao <70% m. nötter frukt,Summa fleromättade fettsyror,Choklad ,2.0,g
7179,Mörk choklad kakao <70% m. nötter frukt,"Fosfor, P",Choklad ,189.0,mg
7179,Mörk choklad kakao <70% m. nötter frukt,Niacinekvivalenter,Choklad ,1.82,NE/mg
7179,Mörk choklad kakao <70% m. nötter frukt,Niacin,Choklad ,0.7,mg
7179,Mörk choklad kakao <70% m. nötter frukt,"Salt, NaCl",Choklad ,0.0,g
7179,Mörk choklad kakao <70% m. nötter frukt,"Natrium, Na",Choklad ,4.0,mg
7179,Mörk choklad kakao <70% m. nötter frukt,Monosackarider,Choklad ,0.6,g
7179,Mörk choklad kakao <70% m. nötter frukt,"Sockerarter, totalt",Choklad ,42.8,g
7179,Mörk choklad kakao <70% m. nötter frukt,Summa enkelomättade fettsyror,Choklad ,11.1,g
7179,Mörk choklad kakao <70% m. nötter frukt,"Magnesium, Mg",Choklad ,124.0,mg
7179,Mörk choklad kakao <70% m. nötter frukt,Summa mättade fettsyror,Choklad ,15.5,g
7179,Mörk choklad kakao <70% m. nötter frukt,"Kolhydrater, tillgängliga",Choklad ,59.0,g
7179,Mörk choklad kakao <70% m. nötter frukt,Kolesterol,Choklad ,3.5,mg
7179,Mörk choklad kakao <70% m. nötter frukt,"Kalium, K",Choklad ,465.0,mg
7179,Mörk choklad kakao <70% m. nötter frukt,Fullkorn totalt,Choklad ,0.0,g
7179,Mörk choklad kakao <70% m. nötter frukt,"Folat, totalt",Choklad ,19.4,µg
7179,Mörk choklad kakao <70% m. nötter frukt,Fibrer,Choklad ,1.1,g
7179,Mörk choklad kakao <70% m. nötter frukt,"Fett, totalt",Choklad ,30.2,g
7179,Mörk choklad kakao <70% m. nötter frukt,"Järn, Fe",Choklad ,7.5,mg
7179,Mörk choklad kakao <70% m. nötter frukt,Energi (kJ),Choklad ,2247.0,kJ
7179,Mörk choklad kakao <70% m. nötter frukt,Energi (kcal),Choklad ,536.0,kcal
7179,Mörk choklad kakao <70% m. nötter frukt,Disackarider,Choklad ,42.2,g
7179,Mörk choklad kakao <70% m. nötter frukt,"Kalcium, Ca",Choklad ,54.0,mg
7179,Mörk choklad kakao <70% m. nötter frukt,Fettsyra 4:0-10:0,Choklad ,0.0,g
7179,Mörk choklad kakao <70% m. nötter frukt,DHA (C22:6),Choklad ,0.0,g
7179,Mörk choklad kakao <70% m. nötter frukt,DPA (C22:5),Choklad ,0.0,g
7179,Mörk choklad kakao <70% m. nötter frukt,EPA (C20:5),Choklad ,0.0,g
7179,Mörk choklad kakao <70% m. nötter frukt,Arakidonsyra C20:4,Choklad ,0.0,g
7179,Mörk choklad kakao <70% m. nötter frukt,Arakidinsyra C20:0,Choklad ,0.3,g
7179,Mörk choklad kakao <70% m. nötter frukt,Linolensyra C18:3,Choklad ,0.1,g
7179,Mörk choklad kakao <70% m. nötter frukt,Linolsyra C18:2,Choklad ,2.0,g
7179,Mörk choklad kakao <70% m. nötter frukt,Oljesyra C18:1,Choklad ,10.9,g
7179,Mörk choklad kakao <70% m. nötter frukt,Stearinsyra C18:0,Choklad ,8.4,g
7179,Mörk choklad kakao <70% m. nötter frukt,Palmitoljesyra C16:1,Choklad ,0.1,g
7179,Mörk choklad kakao <70% m. nötter frukt,Palmitinsyra C16:0,Choklad ,6.5,g
7179,Mörk choklad kakao <70% m. nötter frukt,Myristinsyra C14:0,Choklad ,0.1,g
7179,Mörk choklad kakao <70% m. nötter frukt,Laurinsyra C12:0,Choklad ,0.0,g
7179,Mörk choklad kakao <70% m. nötter frukt,Betakaroten/β-Karoten,Choklad ,23.0,µg
7179,Mörk choklad kakao <70% m. nötter frukt,Avfall (skal etc.),Choklad ,4.0,%
7179,Mörk choklad kakao <70% m. nötter frukt,Aska,Choklad ,1.6,g
7179,Mörk choklad kakao <70% m. nötter frukt,Alkohol,Choklad ,0.0,g
7180,Mandelmassa,"Zink, Zn",Övrigt,1.5,mg
7180,Mandelmassa,Vitamin E,Övrigt,11.8,mg
7180,Mandelmassa,Vitamin D inkl 25-OH-D3,Övrigt,0.0,µg
7180,Mandelmassa,Vitamin D,Övrigt,0.0,µg
7180,Mandelmassa,Vitamin C,Övrigt,0.0,mg
7180,Mandelmassa,Vitamin B6,Övrigt,0.05,mg
7180,Mandelmassa,Vitamin B12,Övrigt,0.0,µg
7180,Mandelmassa,Vitamin A,Övrigt,0.2,RE/µg
7180,Mandelmassa,Vatten,Övrigt,16.1,g
7180,Mandelmassa,Tiamin,Övrigt,0.06,mg
7180,Mandelmassa,Tillsatt socker,Övrigt,36.0,g
7180,Mandelmassa,Fritt socker,Övrigt,36.0,g
7180,Mandelmassa,"Selen, Se",Övrigt,0.0,µg
7180,Mandelmassa,Sackaros,Övrigt,35.2,g
7180,Mandelmassa,Riboflavin,Övrigt,0.28,mg
7180,Mandelmassa,Retinol,Övrigt,0.0,µg
7180,Mandelmassa,Protein,Övrigt,9.7,g
7180,Mandelmassa,Summa fleromättade fettsyror,Övrigt,5.5,g
7180,Mandelmassa,"Fosfor, P",Övrigt,277.0,mg
7180,Mandelmassa,Niacinekvivalenter,Övrigt,3.57,NE/mg
7180,Mandelmassa,Niacin,Övrigt,1.96,mg
7180,Mandelmassa,"Salt, NaCl",Övrigt,0.0,g
7180,Mandelmassa,"Natrium, Na",Övrigt,1.0,mg
7180,Mandelmassa,Monosackarider,Övrigt,1.8,g
7180,Mandelmassa,"Sockerarter, totalt",Övrigt,38.0,g
7180,Mandelmassa,Summa enkelomättade fettsyror,Övrigt,16.3,g
7180,Mandelmassa,"Magnesium, Mg",Övrigt,128.0,mg
7180,Mandelmassa,Summa mättade fettsyror,Övrigt,2.1,g
7180,Mandelmassa,"Kolhydrater, tillgängliga",Övrigt,38.9,g
7180,Mandelmassa,Kolesterol,Övrigt,0.0,mg
7180,Mandelmassa,"Kalium, K",Övrigt,475.0,mg
7180,Mandelmassa,"Jod, I",Övrigt,0.2,µg
7180,Mandelmassa,Fullkorn totalt,Övrigt,0.0,g
7180,Mandelmassa,"Folat, totalt",Övrigt,22.2,µg
7180,Mandelmassa,Fibrer,Övrigt,8.8,g
7180,Mandelmassa,"Fett, totalt",Övrigt,25.0,g
7180,Mandelmassa,"Järn, Fe",Övrigt,1.5,mg
7180,Mandelmassa,Energi (kJ),Övrigt,1822.0,kJ
7180,Mandelmassa,Energi (kcal),Övrigt,435.0,kcal
7180,Mandelmassa,Disackarider,Övrigt,36.3,g
7180,Mandelmassa,"Kalcium, Ca",Övrigt,140.0,mg
7180,Mandelmassa,Fettsyra 4:0-10:0,Övrigt,0.0,g
7180,Mandelmassa,DHA (C22:6),Övrigt,0.0,g
7180,Mandelmassa,DPA (C22:5),Övrigt,0.0,g
7180,Mandelmassa,EPA (C20:5),Övrigt,0.0,g
7180,Mandelmassa,Arakidonsyra C20:4,Övrigt,0.0,g
7180,Mandelmassa,Arakidinsyra C20:0,Övrigt,0.0,g
7180,Mandelmassa,Linolensyra C18:3,Övrigt,0.0,g
7180,Mandelmassa,Linolsyra C18:2,Övrigt,5.5,g
7180,Mandelmassa,Oljesyra C18:1,Övrigt,16.2,g
7180,Mandelmassa,Stearinsyra C18:0,Övrigt,0.4,g
7180,Mandelmassa,Palmitoljesyra C16:1,Övrigt,0.1,g
7180,Mandelmassa,Palmitinsyra C16:0,Övrigt,1.6,g
7180,Mandelmassa,Myristinsyra C14:0,Övrigt,0.0,g
7180,Mandelmassa,Laurinsyra C12:0,Övrigt,0.0,g
7180,Mandelmassa,Betakaroten/β-Karoten,Övrigt,3.0,µg
7180,Mandelmassa,Avfall (skal etc.),Övrigt,28.0,%
7180,Mandelmassa,Aska,Övrigt,1.5,g
7180,Mandelmassa,Alkohol,Övrigt,0.0,g
7181,Naturgodis nötter m. vit choklad,"Zink, Zn",Godis som innehåller choklad,1.6,mg
7181,Naturgodis nötter m. vit choklad,Vitamin E,Godis som innehåller choklad,5.2,mg
7181,Naturgodis nötter m. vit choklad,Vitamin D,Godis som innehåller choklad,2.01,µg
7181,Naturgodis nötter m. vit choklad,Vitamin C,Godis som innehåller choklad,0.5,mg
7181,Naturgodis nötter m. vit choklad,Vitamin B6,Godis som innehåller choklad,0.15,mg
7181,Naturgodis nötter m. vit choklad,Vitamin B12,Godis som innehåller choklad,0.36,µg
7181,Naturgodis nötter m. vit choklad,Vitamin A,Godis som innehåller choklad,31.7,RE/µg
7181,Naturgodis nötter m. vit choklad,Vatten,Godis som innehåller choklad,1.9,g
7181,Naturgodis nötter m. vit choklad,Tiamin,Godis som innehåller choklad,0.12,mg
7181,Naturgodis nötter m. vit choklad,Tillsatt socker,Godis som innehåller choklad,33.0,g
7181,Naturgodis nötter m. vit choklad,Fritt socker,Godis som innehåller choklad,33.0,g
7181,Naturgodis nötter m. vit choklad,"Selen, Se",Godis som innehåller choklad,2.3,µg
7181,Naturgodis nötter m. vit choklad,Sackaros,Godis som innehåller choklad,33.6,g
7181,Naturgodis nötter m. vit choklad,Riboflavin,Godis som innehåller choklad,0.34,mg
7181,Naturgodis nötter m. vit choklad,Retinol,Godis som innehåller choklad,30.1,µg
7181,Naturgodis nötter m. vit choklad,Protein,Godis som innehåller choklad,9.4,g
7181,Naturgodis nötter m. vit choklad,Summa fleromättade fettsyror,Godis som innehåller choklad,4.5,g
7181,Naturgodis nötter m. vit choklad,"Fosfor, P",Godis som innehåller choklad,273.0,mg
7181,Naturgodis nötter m. vit choklad,Niacinekvivalenter,Godis som innehåller choklad,2.52,NE/mg
7181,Naturgodis nötter m. vit choklad,Niacin,Godis som innehåller choklad,0.93,mg
7181,Naturgodis nötter m. vit choklad,"Salt, NaCl",Godis som innehåller choklad,0.1,g
7181,Naturgodis nötter m. vit choklad,"Natrium, Na",Godis som innehåller choklad,53.0,mg
7181,Naturgodis nötter m. vit choklad,Monosackarider,Godis som innehåller choklad,0.6,g
7181,Naturgodis nötter m. vit choklad,"Sockerarter, totalt",Godis som innehåller choklad,41.2,g
7181,Naturgodis nötter m. vit choklad,Summa enkelomättade fettsyror,Godis som innehåller choklad,16.8,g
7181,Naturgodis nötter m. vit choklad,"Magnesium, Mg",Godis som innehåller choklad,93.0,mg
7181,Naturgodis nötter m. vit choklad,Summa mättade fettsyror,Godis som innehåller choklad,15.5,g
7181,Naturgodis nötter m. vit choklad,"Kolhydrater, tillgängliga",Godis som innehåller choklad,44.5,g
7181,Naturgodis nötter m. vit choklad,Kolesterol,Godis som innehåller choklad,11.0,mg
7181,Naturgodis nötter m. vit choklad,"Kalium, K",Godis som innehåller choklad,442.0,mg
7181,Naturgodis nötter m. vit choklad,"Jod, I",Godis som innehåller choklad,3.5,µg
7181,Naturgodis nötter m. vit choklad,Fullkorn totalt,Godis som innehåller choklad,0.0,g
7181,Naturgodis nötter m. vit choklad,"Folat, totalt",Godis som innehåller choklad,23.2,µg
7181,Naturgodis nötter m. vit choklad,Fibrer,Godis som innehåller choklad,4.0,g
7181,Naturgodis nötter m. vit choklad,"Fett, totalt",Godis som innehåller choklad,38.2,g
7181,Naturgodis nötter m. vit choklad,"Järn, Fe",Godis som innehåller choklad,1.3,mg
7181,Naturgodis nötter m. vit choklad,Energi (kJ),Godis som innehåller choklad,2364.0,kJ
7181,Naturgodis nötter m. vit choklad,Energi (kcal),Godis som innehåller choklad,565.0,kcal
7181,Naturgodis nötter m. vit choklad,Disackarider,Godis som innehåller choklad,40.7,g
7181,Naturgodis nötter m. vit choklad,"Kalcium, Ca",Godis som innehåller choklad,166.0,mg
7181,Naturgodis nötter m. vit choklad,Fettsyra 4:0-10:0,Godis som innehåller choklad,0.3,g
7181,Naturgodis nötter m. vit choklad,DHA (C22:6),Godis som innehåller choklad,0.0,g
7181,Naturgodis nötter m. vit choklad,DPA (C22:5),Godis som innehåller choklad,0.0,g
7181,Naturgodis nötter m. vit choklad,EPA (C20:5),Godis som innehåller choklad,0.0,g
7181,Naturgodis nötter m. vit choklad,Arakidonsyra C20:4,Godis som innehåller choklad,0.0,g
7181,Naturgodis nötter m. vit choklad,Arakidinsyra C20:0,Godis som innehåller choklad,0.2,g
7181,Naturgodis nötter m. vit choklad,Linolensyra C18:3,Godis som innehåller choklad,0.2,g
7181,Naturgodis nötter m. vit choklad,Linolsyra C18:2,Godis som innehåller choklad,4.4,g
7181,Naturgodis nötter m. vit choklad,Oljesyra C18:1,Godis som innehåller choklad,16.6,g
7181,Naturgodis nötter m. vit choklad,Stearinsyra C18:0,Godis som innehåller choklad,7.5,g
7181,Naturgodis nötter m. vit choklad,Palmitoljesyra C16:1,Godis som innehåller choklad,0.1,g
7181,Naturgodis nötter m. vit choklad,Palmitinsyra C16:0,Godis som innehåller choklad,6.3,g
7181,Naturgodis nötter m. vit choklad,Myristinsyra C14:0,Godis som innehåller choklad,0.5,g
7181,Naturgodis nötter m. vit choklad,Laurinsyra C12:0,Godis som innehåller choklad,0.5,g
7181,Naturgodis nötter m. vit choklad,Betakaroten/β-Karoten,Godis som innehåller choklad,17.0,µg
7181,Naturgodis nötter m. vit choklad,Avfall (skal etc.),Godis som innehåller choklad,9.0,%
7181,Naturgodis nötter m. vit choklad,Aska,Godis som innehåller choklad,1.9,g
7181,Naturgodis nötter m. vit choklad,Alkohol,Godis som innehåller choklad,0.0,g
7182,Broccoli kokt m. salt frysvara,"Zink, Zn",Grönsaker,0.2,mg
7182,Broccoli kokt m. salt frysvara,Vitamin E,Grönsaker,1.6,mg
7182,Broccoli kokt m. salt frysvara,Vitamin D inkl 25-OH-D3,Grönsaker,0.0,µg
7182,Broccoli kokt m. salt frysvara,Vitamin D,Grönsaker,0.0,µg
7182,Broccoli kokt m. salt frysvara,Vitamin C,Grönsaker,35.4,mg
7182,Broccoli kokt m. salt frysvara,Vitamin B6,Grönsaker,0.08,mg
7182,Broccoli kokt m. salt frysvara,Vitamin B12,Grönsaker,0.0,µg
7182,Broccoli kokt m. salt frysvara,Vitamin A,Grönsaker,48.5,RE/µg
7182,Broccoli kokt m. salt frysvara,Vatten,Grönsaker,92.2,g
7182,Broccoli kokt m. salt frysvara,Tiamin,Grönsaker,0.04,mg
7182,Broccoli kokt m. salt frysvara,Tillsatt socker,Grönsaker,0.0,g
7182,Broccoli kokt m. salt frysvara,Fritt socker,Grönsaker,0.0,g
7182,Broccoli kokt m. salt frysvara,"Selen, Se",Grönsaker,0.0,µg
7182,Broccoli kokt m. salt frysvara,Sackaros,Grönsaker,0.1,g
7182,Broccoli kokt m. salt frysvara,Riboflavin,Grönsaker,0.09,mg
7182,Broccoli kokt m. salt frysvara,Retinol,Grönsaker,0.0,µg
7182,Broccoli kokt m. salt frysvara,Protein,Grönsaker,2.4,g
7182,Broccoli kokt m. salt frysvara,Summa fleromättade fettsyror,Grönsaker,0.1,g
7182,Broccoli kokt m. salt frysvara,"Fosfor, P",Grönsaker,48.0,mg
7182,Broccoli kokt m. salt frysvara,Niacinekvivalenter,Grönsaker,0.6,NE/mg
7182,Broccoli kokt m. salt frysvara,Niacin,Grönsaker,0.2,mg
7182,Broccoli kokt m. salt frysvara,"Salt, NaCl",Grönsaker,0.4,g
7182,Broccoli kokt m. salt frysvara,"Natrium, Na",Grönsaker,170.0,mg
7182,Broccoli kokt m. salt frysvara,Monosackarider,Grönsaker,1.1,g
7182,Broccoli kokt m. salt frysvara,"Sockerarter, totalt",Grönsaker,1.2,g
7182,Broccoli kokt m. salt frysvara,Summa enkelomättade fettsyror,Grönsaker,0.0,g
7182,Broccoli kokt m. salt frysvara,"Magnesium, Mg",Grönsaker,16.0,mg
7182,Broccoli kokt m. salt frysvara,Summa mättade fettsyror,Grönsaker,0.0,g
7182,Broccoli kokt m. salt frysvara,"Kolhydrater, tillgängliga",Grönsaker,2.0,g
7182,Broccoli kokt m. salt frysvara,Kolesterol,Grönsaker,0.0,mg
7182,Broccoli kokt m. salt frysvara,"Kalium, K",Grönsaker,150.0,mg
7182,Broccoli kokt m. salt frysvara,"Jod, I",Grönsaker,22.0,µg
7182,Broccoli kokt m. salt frysvara,Fullkorn totalt,Grönsaker,0.0,g
7182,Broccoli kokt m. salt frysvara,"Folat, totalt",Grönsaker,98.3,µg
7182,Broccoli kokt m. salt frysvara,Fibrer,Grönsaker,2.7,g
7182,Broccoli kokt m. salt frysvara,"Fett, totalt",Grönsaker,0.3,g
7182,Broccoli kokt m. salt frysvara,"Järn, Fe",Grönsaker,0.5,mg
7182,Broccoli kokt m. salt frysvara,Energi (kJ),Grönsaker,107.0,kJ
7182,Broccoli kokt m. salt frysvara,Energi (kcal),Grönsaker,26.0,kcal
7182,Broccoli kokt m. salt frysvara,Disackarider,Grönsaker,0.1,g
7182,Broccoli kokt m. salt frysvara,"Kalcium, Ca",Grönsaker,33.0,mg
7182,Broccoli kokt m. salt frysvara,Fettsyra 4:0-10:0,Grönsaker,0.0,g
7182,Broccoli kokt m. salt frysvara,DHA (C22:6),Grönsaker,0.0,g
7182,Broccoli kokt m. salt frysvara,DPA (C22:5),Grönsaker,0.0,g
7182,Broccoli kokt m. salt frysvara,EPA (C20:5),Grönsaker,0.0,g
7182,Broccoli kokt m. salt frysvara,Arakidonsyra C20:4,Grönsaker,0.0,g
7182,Broccoli kokt m. salt frysvara,Arakidinsyra C20:0,Grönsaker,0.0,g
7182,Broccoli kokt m. salt frysvara,Linolensyra C18:3,Grönsaker,0.1,g
7182,Broccoli kokt m. salt frysvara,Linolsyra C18:2,Grönsaker,0.0,g
7182,Broccoli kokt m. salt frysvara,Oljesyra C18:1,Grönsaker,0.0,g
7182,Broccoli kokt m. salt frysvara,Stearinsyra C18:0,Grönsaker,0.0,g
7182,Broccoli kokt m. salt frysvara,Palmitoljesyra C16:1,Grönsaker,0.0,g
7182,Broccoli kokt m. salt frysvara,Palmitinsyra C16:0,Grönsaker,0.0,g
7182,Broccoli kokt m. salt frysvara,Myristinsyra C14:0,Grönsaker,0.0,g
7182,Broccoli kokt m. salt frysvara,Laurinsyra C12:0,Grönsaker,0.0,g
7182,Broccoli kokt m. salt frysvara,Betakaroten/β-Karoten,Grönsaker,576.0,µg
7182,Broccoli kokt m. salt frysvara,Avfall (skal etc.),Grönsaker,0.0,%
7182,Broccoli kokt m. salt frysvara,Aska,Grönsaker,0.4,g
7182,Broccoli kokt m. salt frysvara,Alkohol,Grönsaker,0.0,g
7183,Naturgodis frukt m. vit choklad ,"Zink, Zn",Godis som innehåller choklad,0.6,mg
7183,Naturgodis frukt m. vit choklad ,Vitamin E,Godis som innehåller choklad,0.6,mg
7183,Naturgodis frukt m. vit choklad ,Vitamin D,Godis som innehåller choklad,2.07,µg
7183,Naturgodis frukt m. vit choklad ,Vitamin C,Godis som innehåller choklad,0.6,mg
7183,Naturgodis frukt m. vit choklad ,Vitamin B6,Godis som innehåller choklad,0.11,mg
7183,Naturgodis frukt m. vit choklad ,Vitamin B12,Godis som innehåller choklad,0.51,µg
7183,Naturgodis frukt m. vit choklad ,Vitamin A,Godis som innehåller choklad,35.0,RE/µg
7183,Naturgodis frukt m. vit choklad ,Vatten,Godis som innehåller choklad,4.4,g
7183,Naturgodis frukt m. vit choklad ,Tiamin,Godis som innehåller choklad,0.09,mg
7183,Naturgodis frukt m. vit choklad ,Tillsatt socker,Godis som innehåller choklad,44.0,g
7183,Naturgodis frukt m. vit choklad ,Fritt socker,Godis som innehåller choklad,44.0,g
7183,Naturgodis frukt m. vit choklad ,"Selen, Se",Godis som innehåller choklad,0.4,µg
7183,Naturgodis frukt m. vit choklad ,Sackaros,Godis som innehåller choklad,38.9,g
7183,Naturgodis frukt m. vit choklad ,Riboflavin,Godis som innehåller choklad,0.3,mg
7183,Naturgodis frukt m. vit choklad ,Retinol,Godis som innehåller choklad,31.3,µg
7183,Naturgodis frukt m. vit choklad ,Protein,Godis som innehåller choklad,5.0,g
7183,Naturgodis frukt m. vit choklad ,Summa fleromättade fettsyror,Godis som innehåller choklad,0.7,g
7183,Naturgodis frukt m. vit choklad ,"Fosfor, P",Godis som innehåller choklad,153.0,mg
7183,Naturgodis frukt m. vit choklad ,Niacinekvivalenter,Godis som innehåller choklad,1.19,NE/mg
7183,Naturgodis frukt m. vit choklad ,Niacin,Godis som innehåller choklad,0.27,mg
7183,Naturgodis frukt m. vit choklad ,"Salt, NaCl",Godis som innehåller choklad,0.2,g
7183,Naturgodis frukt m. vit choklad ,"Natrium, Na",Godis som innehåller choklad,82.0,mg
7183,Naturgodis frukt m. vit choklad ,Monosackarider,Godis som innehåller choklad,6.6,g
7183,Naturgodis frukt m. vit choklad ,"Sockerarter, totalt",Godis som innehåller choklad,55.8,g
7183,Naturgodis frukt m. vit choklad ,Summa enkelomättade fettsyror,Godis som innehåller choklad,6.4,g
7183,Naturgodis frukt m. vit choklad ,"Magnesium, Mg",Godis som innehåller choklad,29.0,mg
7183,Naturgodis frukt m. vit choklad ,Summa mättade fettsyror,Godis som innehåller choklad,15.2,g
7183,Naturgodis frukt m. vit choklad ,"Kolhydrater, tillgängliga",Godis som innehåller choklad,65.4,g
7183,Naturgodis frukt m. vit choklad ,Kolesterol,Godis som innehåller choklad,11.9,mg
7183,Naturgodis frukt m. vit choklad ,"Kalium, K",Godis som innehåller choklad,360.0,mg
7183,Naturgodis frukt m. vit choklad ,"Jod, I",Godis som innehåller choklad,8.3,µg
7183,Naturgodis frukt m. vit choklad ,Fullkorn totalt,Godis som innehåller choklad,0.0,g
7183,Naturgodis frukt m. vit choklad ,"Folat, totalt",Godis som innehåller choklad,12.1,µg
7183,Naturgodis frukt m. vit choklad ,Fibrer,Godis som innehåller choklad,0.6,g
7183,Naturgodis frukt m. vit choklad ,"Fett, totalt",Godis som innehåller choklad,23.3,g
7183,Naturgodis frukt m. vit choklad ,"Järn, Fe",Godis som innehåller choklad,0.2,mg
7183,Naturgodis frukt m. vit choklad ,Energi (kJ),Godis som innehåller choklad,2064.0,kJ
7183,Naturgodis frukt m. vit choklad ,Energi (kcal),Godis som innehåller choklad,493.0,kcal
7183,Naturgodis frukt m. vit choklad ,Disackarider,Godis som innehåller choklad,49.2,g
7183,Naturgodis frukt m. vit choklad ,"Kalcium, Ca",Godis som innehåller choklad,166.0,mg
7183,Naturgodis frukt m. vit choklad ,Fettsyra 4:0-10:0,Godis som innehåller choklad,0.5,g
7183,Naturgodis frukt m. vit choklad ,DHA (C22:6),Godis som innehåller choklad,0.0,g
7183,Naturgodis frukt m. vit choklad ,DPA (C22:5),Godis som innehåller choklad,0.0,g
7183,Naturgodis frukt m. vit choklad ,EPA (C20:5),Godis som innehåller choklad,0.0,g
7183,Naturgodis frukt m. vit choklad ,Arakidonsyra C20:4,Godis som innehåller choklad,0.0,g
7183,Naturgodis frukt m. vit choklad ,Arakidinsyra C20:0,Godis som innehåller choklad,0.2,g
7183,Naturgodis frukt m. vit choklad ,Linolensyra C18:3,Godis som innehåller choklad,0.1,g
7183,Naturgodis frukt m. vit choklad ,Linolsyra C18:2,Godis som innehåller choklad,0.6,g
7183,Naturgodis frukt m. vit choklad ,Oljesyra C18:1,Godis som innehåller choklad,6.3,g
7183,Naturgodis frukt m. vit choklad ,Stearinsyra C18:0,Godis som innehåller choklad,7.0,g
7183,Naturgodis frukt m. vit choklad ,Palmitoljesyra C16:1,Godis som innehåller choklad,0.1,g
7183,Naturgodis frukt m. vit choklad ,Palmitinsyra C16:0,Godis som innehåller choklad,5.3,g
7183,Naturgodis frukt m. vit choklad ,Myristinsyra C14:0,Godis som innehåller choklad,0.8,g
7183,Naturgodis frukt m. vit choklad ,Laurinsyra C12:0,Godis som innehåller choklad,1.3,g
7183,Naturgodis frukt m. vit choklad ,Betakaroten/β-Karoten,Godis som innehåller choklad,41.0,µg
7183,Naturgodis frukt m. vit choklad ,Avfall (skal etc.),Godis som innehåller choklad,0.0,%
7183,Naturgodis frukt m. vit choklad ,Aska,Godis som innehåller choklad,1.4,g
7183,Naturgodis frukt m. vit choklad ,Alkohol,Godis som innehåller choklad,0.0,g
7184,Naturgodis lakrits m. vit choklad,"Zink, Zn",Godis som innehåller choklad,0.4,mg
7184,Naturgodis lakrits m. vit choklad,Vitamin E,Godis som innehåller choklad,0.5,mg
7184,Naturgodis lakrits m. vit choklad,Vitamin D,Godis som innehåller choklad,2.06,µg
7184,Naturgodis lakrits m. vit choklad,Vitamin C,Godis som innehåller choklad,0.7,mg
7184,Naturgodis lakrits m. vit choklad,Vitamin B6,Godis som innehåller choklad,0.07,mg
7184,Naturgodis lakrits m. vit choklad,Vitamin B12,Godis som innehåller choklad,0.37,µg
7184,Naturgodis lakrits m. vit choklad,Vitamin A,Godis som innehåller choklad,32.4,RE/µg
7184,Naturgodis lakrits m. vit choklad,Vatten,Godis som innehåller choklad,4.7,g
7184,Naturgodis lakrits m. vit choklad,Tiamin,Godis som innehåller choklad,0.04,mg
7184,Naturgodis lakrits m. vit choklad,Tillsatt socker,Godis som innehåller choklad,50.0,g
7184,Naturgodis lakrits m. vit choklad,Fritt socker,Godis som innehåller choklad,50.0,g
7184,Naturgodis lakrits m. vit choklad,"Selen, Se",Godis som innehåller choklad,0.1,µg
7184,Naturgodis lakrits m. vit choklad,Sackaros,Godis som innehåller choklad,44.0,g
7184,Naturgodis lakrits m. vit choklad,Riboflavin,Godis som innehåller choklad,0.24,mg
7184,Naturgodis lakrits m. vit choklad,Retinol,Godis som innehåller choklad,31.0,µg
7184,Naturgodis lakrits m. vit choklad,Protein,Godis som innehåller choklad,5.2,g
7184,Naturgodis lakrits m. vit choklad,Summa fleromättade fettsyror,Godis som innehåller choklad,0.6,g
7184,Naturgodis lakrits m. vit choklad,"Fosfor, P",Godis som innehåller choklad,120.0,mg
7184,Naturgodis lakrits m. vit choklad,Niacinekvivalenter,Godis som innehåller choklad,1.12,NE/mg
7184,Naturgodis lakrits m. vit choklad,Niacin,Godis som innehåller choklad,0.21,mg
7184,Naturgodis lakrits m. vit choklad,"Salt, NaCl",Godis som innehåller choklad,0.6,g
7184,Naturgodis lakrits m. vit choklad,"Natrium, Na",Godis som innehåller choklad,213.0,mg
7184,Naturgodis lakrits m. vit choklad,Monosackarider,Godis som innehåller choklad,3.0,g
7184,Naturgodis lakrits m. vit choklad,"Sockerarter, totalt",Godis som innehåller choklad,56.8,g
7184,Naturgodis lakrits m. vit choklad,Summa enkelomättade fettsyror,Godis som innehåller choklad,6.3,g
7184,Naturgodis lakrits m. vit choklad,"Magnesium, Mg",Godis som innehåller choklad,21.0,mg
7184,Naturgodis lakrits m. vit choklad,Summa mättade fettsyror,Godis som innehåller choklad,13.0,g
7184,Naturgodis lakrits m. vit choklad,"Kolhydrater, tillgängliga",Godis som innehåller choklad,67.3,g
7184,Naturgodis lakrits m. vit choklad,Kolesterol,Godis som innehåller choklad,11.2,mg
7184,Naturgodis lakrits m. vit choklad,"Kalium, K",Godis som innehåller choklad,227.0,mg
7184,Naturgodis lakrits m. vit choklad,"Jod, I",Godis som innehåller choklad,3.5,µg
7184,Naturgodis lakrits m. vit choklad,Fullkorn totalt,Godis som innehåller choklad,0.0,g
7184,Naturgodis lakrits m. vit choklad,"Folat, totalt",Godis som innehåller choklad,11.3,µg
7184,Naturgodis lakrits m. vit choklad,Fibrer,Godis som innehåller choklad,0.3,g
7184,Naturgodis lakrits m. vit choklad,"Fett, totalt",Godis som innehåller choklad,21.0,g
7184,Naturgodis lakrits m. vit choklad,"Järn, Fe",Godis som innehåller choklad,0.5,mg
7184,Naturgodis lakrits m. vit choklad,Energi (kJ),Godis som innehåller choklad,2012.0,kJ
7184,Naturgodis lakrits m. vit choklad,Energi (kcal),Godis som innehåller choklad,481.0,kcal
7184,Naturgodis lakrits m. vit choklad,Disackarider,Godis som innehåller choklad,53.8,g
7184,Naturgodis lakrits m. vit choklad,"Kalcium, Ca",Godis som innehåller choklad,128.0,mg
7184,Naturgodis lakrits m. vit choklad,Fettsyra 4:0-10:0,Godis som innehåller choklad,0.2,g
7184,Naturgodis lakrits m. vit choklad,DHA (C22:6),Godis som innehåller choklad,0.0,g
7184,Naturgodis lakrits m. vit choklad,DPA (C22:5),Godis som innehåller choklad,0.0,g
7184,Naturgodis lakrits m. vit choklad,EPA (C20:5),Godis som innehåller choklad,0.0,g
7184,Naturgodis lakrits m. vit choklad,Arakidonsyra C20:4,Godis som innehåller choklad,0.0,g
7184,Naturgodis lakrits m. vit choklad,Arakidinsyra C20:0,Godis som innehåller choklad,0.2,g
7184,Naturgodis lakrits m. vit choklad,Linolensyra C18:3,Godis som innehåller choklad,0.0,g
7184,Naturgodis lakrits m. vit choklad,Linolsyra C18:2,Godis som innehåller choklad,0.6,g
7184,Naturgodis lakrits m. vit choklad,Oljesyra C18:1,Godis som innehåller choklad,6.2,g
7184,Naturgodis lakrits m. vit choklad,Stearinsyra C18:0,Godis som innehåller choklad,6.9,g
7184,Naturgodis lakrits m. vit choklad,Palmitoljesyra C16:1,Godis som innehåller choklad,0.1,g
7184,Naturgodis lakrits m. vit choklad,Palmitinsyra C16:0,Godis som innehåller choklad,5.1,g
7184,Naturgodis lakrits m. vit choklad,Myristinsyra C14:0,Godis som innehåller choklad,0.3,g
7184,Naturgodis lakrits m. vit choklad,Laurinsyra C12:0,Godis som innehåller choklad,0.2,g
7184,Naturgodis lakrits m. vit choklad,Betakaroten/β-Karoten,Godis som innehåller choklad,15.0,µg
7184,Naturgodis lakrits m. vit choklad,Avfall (skal etc.),Godis som innehåller choklad,0.0,%
7184,Naturgodis lakrits m. vit choklad,Aska,Godis som innehåller choklad,1.5,g
7184,Naturgodis lakrits m. vit choklad,Alkohol,Godis som innehåller choklad,0.0,g
7185,Naturgodis frukt m. mjölkchoklad,"Zink, Zn",Godis som innehåller choklad,0.9,mg
7185,Naturgodis frukt m. mjölkchoklad,Vitamin E,Godis som innehåller choklad,0.6,mg
7185,Naturgodis frukt m. mjölkchoklad,Vitamin D,Godis som innehåller choklad,1.35,µg
7185,Naturgodis frukt m. mjölkchoklad,Vitamin C,Godis som innehåller choklad,0.6,mg
7185,Naturgodis frukt m. mjölkchoklad,Vitamin B6,Godis som innehåller choklad,0.2,mg
7185,Naturgodis frukt m. mjölkchoklad,Vitamin B12,Godis som innehåller choklad,0.37,µg
7185,Naturgodis frukt m. mjölkchoklad,Vitamin A,Godis som innehåller choklad,51.5,RE/µg
7185,Naturgodis frukt m. mjölkchoklad,Vatten,Godis som innehåller choklad,1.9,g
7185,Naturgodis frukt m. mjölkchoklad,Tiamin,Godis som innehåller choklad,0.12,mg
7185,Naturgodis frukt m. mjölkchoklad,Tillsatt socker,Godis som innehåller choklad,42.0,g
7185,Naturgodis frukt m. mjölkchoklad,Fritt socker,Godis som innehåller choklad,42.0,g
7185,Naturgodis frukt m. mjölkchoklad,"Selen, Se",Godis som innehåller choklad,0.0,µg
7185,Naturgodis frukt m. mjölkchoklad,Sackaros,Godis som innehåller choklad,41.8,g
7185,Naturgodis frukt m. mjölkchoklad,Riboflavin,Godis som innehåller choklad,0.31,mg
7185,Naturgodis frukt m. mjölkchoklad,Retinol,Godis som innehåller choklad,47.6,µg
7185,Naturgodis frukt m. mjölkchoklad,Protein,Godis som innehåller choklad,4.6,g
7185,Naturgodis frukt m. mjölkchoklad,Summa fleromättade fettsyror,Godis som innehåller choklad,0.8,g
7185,Naturgodis frukt m. mjölkchoklad,"Fosfor, P",Godis som innehåller choklad,202.0,mg
7185,Naturgodis frukt m. mjölkchoklad,Niacinekvivalenter,Godis som innehåller choklad,1.21,NE/mg
7185,Naturgodis frukt m. mjölkchoklad,Niacin,Godis som innehåller choklad,0.46,mg
7185,Naturgodis frukt m. mjölkchoklad,"Salt, NaCl",Godis som innehåller choklad,0.2,g
7185,Naturgodis frukt m. mjölkchoklad,"Natrium, Na",Godis som innehåller choklad,82.0,mg
7185,Naturgodis frukt m. mjölkchoklad,Monosackarider,Godis som innehåller choklad,2.6,g
7185,Naturgodis frukt m. mjölkchoklad,"Sockerarter, totalt",Godis som innehåller choklad,53.8,g
7185,Naturgodis frukt m. mjölkchoklad,Summa enkelomättade fettsyror,Godis som innehåller choklad,7.7,g
7185,Naturgodis frukt m. mjölkchoklad,"Magnesium, Mg",Godis som innehåller choklad,69.0,mg
7185,Naturgodis frukt m. mjölkchoklad,Summa mättade fettsyror,Godis som innehåller choklad,18.2,g
7185,Naturgodis frukt m. mjölkchoklad,"Kolhydrater, tillgängliga",Godis som innehåller choklad,61.0,g
7185,Naturgodis frukt m. mjölkchoklad,Kolesterol,Godis som innehåller choklad,15.8,mg
7185,Naturgodis frukt m. mjölkchoklad,"Kalium, K",Godis som innehåller choklad,568.0,mg
7185,Naturgodis frukt m. mjölkchoklad,"Jod, I",Godis som innehåller choklad,2.8,µg
7185,Naturgodis frukt m. mjölkchoklad,Fullkorn totalt,Godis som innehåller choklad,0.0,g
7185,Naturgodis frukt m. mjölkchoklad,"Folat, totalt",Godis som innehåller choklad,13.0,µg
7185,Naturgodis frukt m. mjölkchoklad,Fibrer,Godis som innehåller choklad,3.0,g
7185,Naturgodis frukt m. mjölkchoklad,"Fett, totalt",Godis som innehåller choklad,27.9,g
7185,Naturgodis frukt m. mjölkchoklad,"Järn, Fe",Godis som innehåller choklad,3.9,mg
7185,Naturgodis frukt m. mjölkchoklad,Energi (kJ),Godis som innehåller choklad,2173.0,kJ
7185,Naturgodis frukt m. mjölkchoklad,Energi (kcal),Godis som innehåller choklad,519.0,kcal
7185,Naturgodis frukt m. mjölkchoklad,Disackarider,Godis som innehåller choklad,51.1,g
7185,Naturgodis frukt m. mjölkchoklad,"Kalcium, Ca",Godis som innehåller choklad,169.0,mg
7185,Naturgodis frukt m. mjölkchoklad,Fettsyra 4:0-10:0,Godis som innehåller choklad,0.6,g
7185,Naturgodis frukt m. mjölkchoklad,DHA (C22:6),Godis som innehåller choklad,0.0,g
7185,Naturgodis frukt m. mjölkchoklad,DPA (C22:5),Godis som innehåller choklad,0.0,g
7185,Naturgodis frukt m. mjölkchoklad,EPA (C20:5),Godis som innehåller choklad,0.0,g
7185,Naturgodis frukt m. mjölkchoklad,Arakidonsyra C20:4,Godis som innehåller choklad,0.0,g
7185,Naturgodis frukt m. mjölkchoklad,Arakidinsyra C20:0,Godis som innehåller choklad,0.2,g
7185,Naturgodis frukt m. mjölkchoklad,Linolensyra C18:3,Godis som innehåller choklad,0.1,g
7185,Naturgodis frukt m. mjölkchoklad,Linolsyra C18:2,Godis som innehåller choklad,0.7,g
7185,Naturgodis frukt m. mjölkchoklad,Oljesyra C18:1,Godis som innehåller choklad,7.6,g
7185,Naturgodis frukt m. mjölkchoklad,Stearinsyra C18:0,Godis som innehåller choklad,8.6,g
7185,Naturgodis frukt m. mjölkchoklad,Palmitoljesyra C16:1,Godis som innehåller choklad,0.1,g
7185,Naturgodis frukt m. mjölkchoklad,Palmitinsyra C16:0,Godis som innehåller choklad,6.6,g
7185,Naturgodis frukt m. mjölkchoklad,Myristinsyra C14:0,Godis som innehåller choklad,0.8,g
7185,Naturgodis frukt m. mjölkchoklad,Laurinsyra C12:0,Godis som innehåller choklad,1.2,g
7185,Naturgodis frukt m. mjölkchoklad,Betakaroten/β-Karoten,Godis som innehåller choklad,44.0,µg
7185,Naturgodis frukt m. mjölkchoklad,Avfall (skal etc.),Godis som innehåller choklad,0.0,%
7185,Naturgodis frukt m. mjölkchoklad,Aska,Godis som innehåller choklad,1.6,g
7185,Naturgodis frukt m. mjölkchoklad,Alkohol,Godis som innehåller choklad,0.0,g
7186,Naturgodis lakrits m. mjölkchoklad,"Zink, Zn",Godis som innehåller choklad,0.7,mg
7186,Naturgodis lakrits m. mjölkchoklad,Vitamin E,Godis som innehåller choklad,0.7,mg
7186,Naturgodis lakrits m. mjölkchoklad,Vitamin D inkl 25-OH-D3,Godis som innehåller choklad,1.08,µg
7186,Naturgodis lakrits m. mjölkchoklad,Vitamin D,Godis som innehåller choklad,1.08,µg
7186,Naturgodis lakrits m. mjölkchoklad,Vitamin C,Godis som innehåller choklad,0.6,mg
7186,Naturgodis lakrits m. mjölkchoklad,Vitamin B6,Godis som innehåller choklad,0.12,mg
7186,Naturgodis lakrits m. mjölkchoklad,Vitamin B12,Godis som innehåller choklad,0.29,µg
7186,Naturgodis lakrits m. mjölkchoklad,Vitamin A,Godis som innehåller choklad,39.7,RE/µg
7186,Naturgodis lakrits m. mjölkchoklad,Vatten,Godis som innehåller choklad,4.7,g
7186,Naturgodis lakrits m. mjölkchoklad,Tiamin,Godis som innehåller choklad,0.05,mg
7186,Naturgodis lakrits m. mjölkchoklad,Tillsatt socker,Godis som innehåller choklad,46.0,g
7186,Naturgodis lakrits m. mjölkchoklad,Fritt socker,Godis som innehåller choklad,46.0,g
7186,Naturgodis lakrits m. mjölkchoklad,"Selen, Se",Godis som innehåller choklad,0.0,µg
7186,Naturgodis lakrits m. mjölkchoklad,Sackaros,Godis som innehåller choklad,40.4,g
7186,Naturgodis lakrits m. mjölkchoklad,Riboflavin,Godis som innehåller choklad,0.24,mg
7186,Naturgodis lakrits m. mjölkchoklad,Retinol,Godis som innehåller choklad,37.9,µg
7186,Naturgodis lakrits m. mjölkchoklad,Protein,Godis som innehåller choklad,5.0,g
7186,Naturgodis lakrits m. mjölkchoklad,Summa fleromättade fettsyror,Godis som innehåller choklad,0.8,g
7186,Naturgodis lakrits m. mjölkchoklad,"Fosfor, P",Godis som innehåller choklad,157.0,mg
7186,Naturgodis lakrits m. mjölkchoklad,Niacinekvivalenter,Godis som innehåller choklad,1.16,NE/mg
7186,Naturgodis lakrits m. mjölkchoklad,Niacin,Godis som innehåller choklad,0.33,mg
7186,Naturgodis lakrits m. mjölkchoklad,"Salt, NaCl",Godis som innehåller choklad,0.6,g
7186,Naturgodis lakrits m. mjölkchoklad,"Natrium, Na",Godis som innehåller choklad,227.0,mg
7186,Naturgodis lakrits m. mjölkchoklad,Monosackarider,Godis som innehåller choklad,2.7,g
7186,Naturgodis lakrits m. mjölkchoklad,"Sockerarter, totalt",Godis som innehåller choklad,53.5,g
7186,Naturgodis lakrits m. mjölkchoklad,Summa enkelomättade fettsyror,Godis som innehåller choklad,6.6,g
7186,Naturgodis lakrits m. mjölkchoklad,"Magnesium, Mg",Godis som innehåller choklad,49.0,mg
7186,Naturgodis lakrits m. mjölkchoklad,Summa mättade fettsyror,Godis som innehåller choklad,13.8,g
7186,Naturgodis lakrits m. mjölkchoklad,"Kolhydrater, tillgängliga",Godis som innehåller choklad,64.0,g
7186,Naturgodis lakrits m. mjölkchoklad,Kolesterol,Godis som innehåller choklad,12.6,mg
7186,Naturgodis lakrits m. mjölkchoklad,"Kalium, K",Godis som innehåller choklad,362.0,mg
7186,Naturgodis lakrits m. mjölkchoklad,"Jod, I",Godis som innehåller choklad,2.0,µg
7186,Naturgodis lakrits m. mjölkchoklad,Fullkorn totalt,Godis som innehåller choklad,0.0,g
7186,Naturgodis lakrits m. mjölkchoklad,"Folat, totalt",Godis som innehåller choklad,10.9,µg
7186,Naturgodis lakrits m. mjölkchoklad,Fibrer,Godis som innehåller choklad,2.3,g
7186,Naturgodis lakrits m. mjölkchoklad,"Fett, totalt",Godis som innehåller choklad,22.4,g
7186,Naturgodis lakrits m. mjölkchoklad,"Järn, Fe",Godis som innehåller choklad,3.3,mg
7186,Naturgodis lakrits m. mjölkchoklad,Energi (kJ),Godis som innehåller choklad,2019.0,kJ
7186,Naturgodis lakrits m. mjölkchoklad,Energi (kcal),Godis som innehåller choklad,482.0,kcal
7186,Naturgodis lakrits m. mjölkchoklad,Disackarider,Godis som innehåller choklad,50.7,g
7186,Naturgodis lakrits m. mjölkchoklad,"Kalcium, Ca",Godis som innehåller choklad,136.0,mg
7186,Naturgodis lakrits m. mjölkchoklad,Fettsyra 4:0-10:0,Godis som innehåller choklad,0.4,g
7186,Naturgodis lakrits m. mjölkchoklad,DHA (C22:6),Godis som innehåller choklad,0.0,g
7186,Naturgodis lakrits m. mjölkchoklad,DPA (C22:5),Godis som innehåller choklad,0.0,g
7186,Naturgodis lakrits m. mjölkchoklad,EPA (C20:5),Godis som innehåller choklad,0.0,g
7186,Naturgodis lakrits m. mjölkchoklad,Arakidonsyra C20:4,Godis som innehåller choklad,0.0,g
7186,Naturgodis lakrits m. mjölkchoklad,Arakidinsyra C20:0,Godis som innehåller choklad,0.2,g
7186,Naturgodis lakrits m. mjölkchoklad,Linolensyra C18:3,Godis som innehåller choklad,0.1,g
7186,Naturgodis lakrits m. mjölkchoklad,Linolsyra C18:2,Godis som innehåller choklad,0.7,g
7186,Naturgodis lakrits m. mjölkchoklad,Oljesyra C18:1,Godis som innehåller choklad,6.5,g
7186,Naturgodis lakrits m. mjölkchoklad,Stearinsyra C18:0,Godis som innehåller choklad,6.9,g
7186,Naturgodis lakrits m. mjölkchoklad,Palmitoljesyra C16:1,Godis som innehåller choklad,0.1,g
7186,Naturgodis lakrits m. mjölkchoklad,Palmitinsyra C16:0,Godis som innehåller choklad,5.2,g
7186,Naturgodis lakrits m. mjölkchoklad,Myristinsyra C14:0,Godis som innehåller choklad,0.5,g
7186,Naturgodis lakrits m. mjölkchoklad,Laurinsyra C12:0,Godis som innehåller choklad,0.6,g
7186,Naturgodis lakrits m. mjölkchoklad,Betakaroten/β-Karoten,Godis som innehåller choklad,21.0,µg
7186,Naturgodis lakrits m. mjölkchoklad,Avfall (skal etc.),Godis som innehåller choklad,0.0,%
7186,Naturgodis lakrits m. mjölkchoklad,Aska,Godis som innehåller choklad,1.7,g
7186,Naturgodis lakrits m. mjölkchoklad,Alkohol,Godis som innehåller choklad,0.0,g
7187,Naturgodis nötter m. mjölkchoklad,"Zink, Zn",Godis som innehåller choklad,1.8,mg
7187,Naturgodis nötter m. mjölkchoklad,Vitamin E,Godis som innehåller choklad,6.5,mg
7187,Naturgodis nötter m. mjölkchoklad,Vitamin D,Godis som innehåller choklad,1.03,µg
7187,Naturgodis nötter m. mjölkchoklad,Vitamin C,Godis som innehåller choklad,0.4,mg
7187,Naturgodis nötter m. mjölkchoklad,Vitamin B6,Godis som innehåller choklad,0.18,mg
7187,Naturgodis nötter m. mjölkchoklad,Vitamin B12,Godis som innehåller choklad,0.37,µg
7187,Naturgodis nötter m. mjölkchoklad,Vitamin A,Godis som innehåller choklad,38.3,RE/µg
7187,Naturgodis nötter m. mjölkchoklad,Vatten,Godis som innehåller choklad,1.9,g
7187,Naturgodis nötter m. mjölkchoklad,Tiamin,Godis som innehåller choklad,0.21,mg
7187,Naturgodis nötter m. mjölkchoklad,Tillsatt socker,Godis som innehåller choklad,29.0,g
7187,Naturgodis nötter m. mjölkchoklad,Fritt socker,Godis som innehåller choklad,29.0,g
7187,Naturgodis nötter m. mjölkchoklad,"Selen, Se",Godis som innehåller choklad,10.5,µg
7187,Naturgodis nötter m. mjölkchoklad,Sackaros,Godis som innehåller choklad,29.3,g
7187,Naturgodis nötter m. mjölkchoklad,Riboflavin,Godis som innehåller choklad,0.38,mg
7187,Naturgodis nötter m. mjölkchoklad,Retinol,Godis som innehåller choklad,36.3,µg
7187,Naturgodis nötter m. mjölkchoklad,Protein,Godis som innehåller choklad,10.1,g
7187,Naturgodis nötter m. mjölkchoklad,Summa fleromättade fettsyror,Godis som innehåller choklad,5.3,g
7187,Naturgodis nötter m. mjölkchoklad,"Fosfor, P",Godis som innehåller choklad,340.0,mg
7187,Naturgodis nötter m. mjölkchoklad,Niacinekvivalenter,Godis som innehåller choklad,3.47,NE/mg
7187,Naturgodis nötter m. mjölkchoklad,Niacin,Godis som innehåller choklad,1.76,mg
7187,Naturgodis nötter m. mjölkchoklad,"Salt, NaCl",Godis som innehåller choklad,0.2,g
7187,Naturgodis nötter m. mjölkchoklad,"Natrium, Na",Godis som innehåller choklad,74.0,mg
7187,Naturgodis nötter m. mjölkchoklad,Monosackarider,Godis som innehåller choklad,0.4,g
7187,Naturgodis nötter m. mjölkchoklad,"Sockerarter, totalt",Godis som innehåller choklad,38.0,g
7187,Naturgodis nötter m. mjölkchoklad,Summa enkelomättade fettsyror,Godis som innehåller choklad,16.8,g
7187,Naturgodis nötter m. mjölkchoklad,"Magnesium, Mg",Godis som innehåller choklad,127.0,mg
7187,Naturgodis nötter m. mjölkchoklad,Summa mättade fettsyror,Godis som innehåller choklad,15.4,g
7187,Naturgodis nötter m. mjölkchoklad,"Kolhydrater, tillgängliga",Godis som innehåller choklad,39.7,g
7187,Naturgodis nötter m. mjölkchoklad,Kolesterol,Godis som innehåller choklad,12.4,mg
7187,Naturgodis nötter m. mjölkchoklad,"Kalium, K",Godis som innehåller choklad,630.0,mg
7187,Naturgodis nötter m. mjölkchoklad,"Jod, I",Godis som innehåller choklad,5.0,µg
7187,Naturgodis nötter m. mjölkchoklad,Fullkorn totalt,Godis som innehåller choklad,0.0,g
7187,Naturgodis nötter m. mjölkchoklad,"Folat, totalt",Godis som innehåller choklad,25.2,µg
7187,Naturgodis nötter m. mjölkchoklad,Fibrer,Godis som innehåller choklad,6.8,g
7187,Naturgodis nötter m. mjölkchoklad,"Fett, totalt",Godis som innehåller choklad,39.2,g
7187,Naturgodis nötter m. mjölkchoklad,"Järn, Fe",Godis som innehåller choklad,3.8,mg
7187,Naturgodis nötter m. mjölkchoklad,Energi (kJ),Godis som innehåller choklad,2353.0,kJ
7187,Naturgodis nötter m. mjölkchoklad,Energi (kcal),Godis som innehåller choklad,562.0,kcal
7187,Naturgodis nötter m. mjölkchoklad,Disackarider,Godis som innehåller choklad,37.6,g
7187,Naturgodis nötter m. mjölkchoklad,"Kalcium, Ca",Godis som innehåller choklad,212.0,mg
7187,Naturgodis nötter m. mjölkchoklad,Fettsyra 4:0-10:0,Godis som innehåller choklad,0.4,g
7187,Naturgodis nötter m. mjölkchoklad,DHA (C22:6),Godis som innehåller choklad,0.0,g
7187,Naturgodis nötter m. mjölkchoklad,DPA (C22:5),Godis som innehåller choklad,0.0,g
7187,Naturgodis nötter m. mjölkchoklad,EPA (C20:5),Godis som innehåller choklad,0.0,g
7187,Naturgodis nötter m. mjölkchoklad,Arakidonsyra C20:4,Godis som innehåller choklad,0.0,g
7187,Naturgodis nötter m. mjölkchoklad,Arakidinsyra C20:0,Godis som innehåller choklad,0.2,g
7187,Naturgodis nötter m. mjölkchoklad,Linolensyra C18:3,Godis som innehåller choklad,0.1,g
7187,Naturgodis nötter m. mjölkchoklad,Linolsyra C18:2,Godis som innehåller choklad,5.2,g
7187,Naturgodis nötter m. mjölkchoklad,Oljesyra C18:1,Godis som innehåller choklad,16.6,g
7187,Naturgodis nötter m. mjölkchoklad,Stearinsyra C18:0,Godis som innehåller choklad,7.2,g
7187,Naturgodis nötter m. mjölkchoklad,Palmitoljesyra C16:1,Godis som innehåller choklad,0.1,g
7187,Naturgodis nötter m. mjölkchoklad,Palmitinsyra C16:0,Godis som innehåller choklad,6.3,g
7187,Naturgodis nötter m. mjölkchoklad,Myristinsyra C14:0,Godis som innehåller choklad,0.5,g
7187,Naturgodis nötter m. mjölkchoklad,Laurinsyra C12:0,Godis som innehåller choklad,0.6,g
7187,Naturgodis nötter m. mjölkchoklad,Betakaroten/β-Karoten,Godis som innehåller choklad,22.0,µg
7187,Naturgodis nötter m. mjölkchoklad,Avfall (skal etc.),Godis som innehåller choklad,13.0,%
7187,Naturgodis nötter m. mjölkchoklad,Aska,Godis som innehåller choklad,2.3,g
7187,Naturgodis nötter m. mjölkchoklad,Alkohol,Godis som innehåller choklad,0.0,g
7188,Pyttipanna hemlagad,"Zink, Zn",Potatisprodukter potatisrätter,1.0,mg
7188,Pyttipanna hemlagad,Vitamin E,Potatisprodukter potatisrätter,0.4,mg
7188,Pyttipanna hemlagad,Vitamin D,Potatisprodukter potatisrätter,0.04,µg
7188,Pyttipanna hemlagad,Vitamin C,Potatisprodukter potatisrätter,11.3,mg
7188,Pyttipanna hemlagad,Vitamin B6,Potatisprodukter potatisrätter,0.21,mg
7188,Pyttipanna hemlagad,Vitamin B12,Potatisprodukter potatisrätter,0.18,µg
7188,Pyttipanna hemlagad,Vitamin A,Potatisprodukter potatisrätter,24.8,RE/µg
7188,Pyttipanna hemlagad,Vatten,Potatisprodukter potatisrätter,69.7,g
7188,Pyttipanna hemlagad,Tiamin,Potatisprodukter potatisrätter,0.08,mg
7188,Pyttipanna hemlagad,Tillsatt socker,Potatisprodukter potatisrätter,0.0,g
7188,Pyttipanna hemlagad,Fritt socker,Potatisprodukter potatisrätter,0.0,g
7188,Pyttipanna hemlagad,"Selen, Se",Potatisprodukter potatisrätter,1.9,µg
7188,Pyttipanna hemlagad,Sackaros,Potatisprodukter potatisrätter,0.5,g
7188,Pyttipanna hemlagad,Riboflavin,Potatisprodukter potatisrätter,0.1,mg
7188,Pyttipanna hemlagad,Retinol,Potatisprodukter potatisrätter,23.0,µg
7188,Pyttipanna hemlagad,Protein,Potatisprodukter potatisrätter,5.9,g
7188,Pyttipanna hemlagad,Summa fleromättade fettsyror,Potatisprodukter potatisrätter,0.3,g
7188,Pyttipanna hemlagad,"Fosfor, P",Potatisprodukter potatisrätter,80.0,mg
7188,Pyttipanna hemlagad,Niacinekvivalenter,Potatisprodukter potatisrätter,3.67,NE/mg
7188,Pyttipanna hemlagad,Niacin,Potatisprodukter potatisrätter,2.61,mg
7188,Pyttipanna hemlagad,"Salt, NaCl",Potatisprodukter potatisrätter,0.8,g
7188,Pyttipanna hemlagad,"Natrium, Na",Potatisprodukter potatisrätter,336.0,mg
7188,Pyttipanna hemlagad,Monosackarider,Potatisprodukter potatisrätter,0.8,g
7188,Pyttipanna hemlagad,"Sockerarter, totalt",Potatisprodukter potatisrätter,1.3,g
7188,Pyttipanna hemlagad,Summa enkelomättade fettsyror,Potatisprodukter potatisrätter,1.9,g
7188,Pyttipanna hemlagad,"Magnesium, Mg",Potatisprodukter potatisrätter,22.0,mg
7188,Pyttipanna hemlagad,Summa mättade fettsyror,Potatisprodukter potatisrätter,2.9,g
7188,Pyttipanna hemlagad,"Kolhydrater, tillgängliga",Potatisprodukter potatisrätter,15.1,g
7188,Pyttipanna hemlagad,Kolesterol,Potatisprodukter potatisrätter,22.8,mg
7188,Pyttipanna hemlagad,"Kalium, K",Potatisprodukter potatisrätter,353.0,mg
7188,Pyttipanna hemlagad,"Jod, I",Potatisprodukter potatisrätter,29.0,µg
7188,Pyttipanna hemlagad,Fullkorn totalt,Potatisprodukter potatisrätter,0.0,g
7188,Pyttipanna hemlagad,"Folat, totalt",Potatisprodukter potatisrätter,13.5,µg
7188,Pyttipanna hemlagad,Fibrer,Potatisprodukter potatisrätter,2.0,g
7188,Pyttipanna hemlagad,"Fett, totalt",Potatisprodukter potatisrätter,5.5,g
7188,Pyttipanna hemlagad,"Järn, Fe",Potatisprodukter potatisrätter,0.8,mg
7188,Pyttipanna hemlagad,Energi (kJ),Potatisprodukter potatisrätter,576.0,kJ
7188,Pyttipanna hemlagad,Energi (kcal),Potatisprodukter potatisrätter,138.0,kcal
7188,Pyttipanna hemlagad,Disackarider,Potatisprodukter potatisrätter,0.5,g
7188,Pyttipanna hemlagad,"Kalcium, Ca",Potatisprodukter potatisrätter,11.0,mg
7188,Pyttipanna hemlagad,Fettsyra 4:0-10:0,Potatisprodukter potatisrätter,0.3,g
7188,Pyttipanna hemlagad,DHA (C22:6),Potatisprodukter potatisrätter,0.0,g
7188,Pyttipanna hemlagad,DPA (C22:5),Potatisprodukter potatisrätter,0.0,g
7188,Pyttipanna hemlagad,EPA (C20:5),Potatisprodukter potatisrätter,0.0,g
7188,Pyttipanna hemlagad,Arakidonsyra C20:4,Potatisprodukter potatisrätter,0.0,g
7188,Pyttipanna hemlagad,Arakidinsyra C20:0,Potatisprodukter potatisrätter,0.0,g
7188,Pyttipanna hemlagad,Linolensyra C18:3,Potatisprodukter potatisrätter,0.0,g
7188,Pyttipanna hemlagad,Linolsyra C18:2,Potatisprodukter potatisrätter,0.3,g
7188,Pyttipanna hemlagad,Oljesyra C18:1,Potatisprodukter potatisrätter,1.7,g
7188,Pyttipanna hemlagad,Stearinsyra C18:0,Potatisprodukter potatisrätter,0.6,g
7188,Pyttipanna hemlagad,Palmitoljesyra C16:1,Potatisprodukter potatisrätter,0.1,g
7188,Pyttipanna hemlagad,Palmitinsyra C16:0,Potatisprodukter potatisrätter,1.4,g
7188,Pyttipanna hemlagad,Myristinsyra C14:0,Potatisprodukter potatisrätter,0.3,g
7188,Pyttipanna hemlagad,Laurinsyra C12:0,Potatisprodukter potatisrätter,0.1,g
7188,Pyttipanna hemlagad,Betakaroten/β-Karoten,Potatisprodukter potatisrätter,21.0,µg
7188,Pyttipanna hemlagad,Avfall (skal etc.),Potatisprodukter potatisrätter,8.0,%
7188,Pyttipanna hemlagad,Aska,Potatisprodukter potatisrätter,1.7,g
7188,Pyttipanna hemlagad,Alkohol,Potatisprodukter potatisrätter,0.0,g
7190,Räkchips friterade,"Zink, Zn",Chips popcorn o dyl,0.0,mg
7190,Räkchips friterade,Vitamin E,Chips popcorn o dyl,5.8,mg
7190,Räkchips friterade,Vitamin D inkl 25-OH-D3,Chips popcorn o dyl,0.0,µg
7190,Räkchips friterade,Vitamin D,Chips popcorn o dyl,0.0,µg
7190,Räkchips friterade,Vitamin C,Chips popcorn o dyl,0.0,mg
7190,Räkchips friterade,Vitamin B6,Chips popcorn o dyl,0.0,mg
7190,Räkchips friterade,Vitamin B12,Chips popcorn o dyl,0.22,µg
7190,Räkchips friterade,Vitamin A,Chips popcorn o dyl,0.0,RE/µg
7190,Räkchips friterade,Vatten,Chips popcorn o dyl,3.5,g
7190,Räkchips friterade,Tiamin,Chips popcorn o dyl,0.0,mg
7190,Räkchips friterade,Tillsatt socker,Chips popcorn o dyl,7.0,g
7190,Räkchips friterade,Fritt socker,Chips popcorn o dyl,0.0,g
7190,Räkchips friterade,"Selen, Se",Chips popcorn o dyl,0.0,µg
7190,Räkchips friterade,Sackaros,Chips popcorn o dyl,6.9,g
7190,Räkchips friterade,Riboflavin,Chips popcorn o dyl,0.0,mg
7190,Räkchips friterade,Retinol,Chips popcorn o dyl,0.0,µg
7190,Räkchips friterade,Protein,Chips popcorn o dyl,3.1,g
7190,Räkchips friterade,Summa fleromättade fettsyror,Chips popcorn o dyl,5.9,g
7190,Räkchips friterade,"Fosfor, P",Chips popcorn o dyl,42.0,mg
7190,Räkchips friterade,Niacinekvivalenter,Chips popcorn o dyl,0.5,NE/mg
7190,Räkchips friterade,Niacin,Chips popcorn o dyl,0.0,mg
7190,Räkchips friterade,"Salt, NaCl",Chips popcorn o dyl,1.5,g
7190,Räkchips friterade,"Natrium, Na",Chips popcorn o dyl,610.0,mg
7190,Räkchips friterade,Monosackarider,Chips popcorn o dyl,0.2,g
7190,Räkchips friterade,"Sockerarter, totalt",Chips popcorn o dyl,7.1,g
7190,Räkchips friterade,Summa enkelomättade fettsyror,Chips popcorn o dyl,11.9,g
7190,Räkchips friterade,"Magnesium, Mg",Chips popcorn o dyl,16.0,mg
7190,Räkchips friterade,Summa mättade fettsyror,Chips popcorn o dyl,7.1,g
7190,Räkchips friterade,"Kolhydrater, tillgängliga",Chips popcorn o dyl,63.6,g
7190,Räkchips friterade,Kolesterol,Chips popcorn o dyl,13.0,mg
7190,Räkchips friterade,"Kalium, K",Chips popcorn o dyl,42.0,mg
7190,Räkchips friterade,"Jod, I",Chips popcorn o dyl,194.0,µg
7190,Räkchips friterade,Fullkorn totalt,Chips popcorn o dyl,0.0,g
7190,Räkchips friterade,"Folat, totalt",Chips popcorn o dyl,5.1,µg
7190,Räkchips friterade,Fibrer,Chips popcorn o dyl,1.0,g
7190,Räkchips friterade,"Fett, totalt",Chips popcorn o dyl,26.6,g
7190,Räkchips friterade,"Järn, Fe",Chips popcorn o dyl,1.4,mg
7190,Räkchips friterade,Energi (kJ),Chips popcorn o dyl,2126.0,kJ
7190,Räkchips friterade,Energi (kcal),Chips popcorn o dyl,508.0,kcal
7190,Räkchips friterade,Disackarider,Chips popcorn o dyl,6.9,g
7190,Räkchips friterade,"Kalcium, Ca",Chips popcorn o dyl,46.0,mg
7190,Räkchips friterade,Fettsyra 4:0-10:0,Chips popcorn o dyl,0.0,g
7190,Räkchips friterade,DHA (C22:6),Chips popcorn o dyl,0.0,g
7190,Räkchips friterade,DPA (C22:5),Chips popcorn o dyl,0.0,g
7190,Räkchips friterade,EPA (C20:5),Chips popcorn o dyl,0.0,g
7190,Räkchips friterade,Arakidonsyra C20:4,Chips popcorn o dyl,0.0,g
7190,Räkchips friterade,Arakidinsyra C20:0,Chips popcorn o dyl,0.0,g
7190,Räkchips friterade,Linolensyra C18:3,Chips popcorn o dyl,1.7,g
7190,Räkchips friterade,Linolsyra C18:2,Chips popcorn o dyl,4.2,g
7190,Räkchips friterade,Oljesyra C18:1,Chips popcorn o dyl,11.6,g
7190,Räkchips friterade,Stearinsyra C18:0,Chips popcorn o dyl,2.0,g
7190,Räkchips friterade,Palmitoljesyra C16:1,Chips popcorn o dyl,0.0,g
7190,Räkchips friterade,Palmitinsyra C16:0,Chips popcorn o dyl,5.1,g
7190,Räkchips friterade,Myristinsyra C14:0,Chips popcorn o dyl,0.0,g
7190,Räkchips friterade,Laurinsyra C12:0,Chips popcorn o dyl,0.0,g
7190,Räkchips friterade,Betakaroten/β-Karoten,Chips popcorn o dyl,0.0,µg
7190,Räkchips friterade,Avfall (skal etc.),Chips popcorn o dyl,0.0,%
7190,Räkchips friterade,Aska,Chips popcorn o dyl,2.2,g
7190,Räkchips friterade,Alkohol,Chips popcorn o dyl,0.0,g
7191,Potatissallad u. ägg kylvara,"Zink, Zn",Potatisprodukter potatisrätter,0.2,mg
7191,Potatissallad u. ägg kylvara,Vitamin E,Potatisprodukter potatisrätter,11.2,mg
7191,Potatissallad u. ägg kylvara,Vitamin D inkl 25-OH-D3,Potatisprodukter potatisrätter,0.0,µg
7191,Potatissallad u. ägg kylvara,Vitamin D,Potatisprodukter potatisrätter,0.0,µg
7191,Potatissallad u. ägg kylvara,Vitamin C,Potatisprodukter potatisrätter,10.5,mg
7191,Potatissallad u. ägg kylvara,Vitamin B6,Potatisprodukter potatisrätter,0.12,mg
7191,Potatissallad u. ägg kylvara,Vitamin B12,Potatisprodukter potatisrätter,0.0,µg
7191,Potatissallad u. ägg kylvara,Vitamin A,Potatisprodukter potatisrätter,2.7,RE/µg
7191,Potatissallad u. ägg kylvara,Vatten,Potatisprodukter potatisrätter,65.8,g
7191,Potatissallad u. ägg kylvara,Tiamin,Potatisprodukter potatisrätter,0.04,mg
7191,Potatissallad u. ägg kylvara,Tillsatt socker,Potatisprodukter potatisrätter,0.0,g
7191,Potatissallad u. ägg kylvara,Fritt socker,Potatisprodukter potatisrätter,0.0,g
7191,Potatissallad u. ägg kylvara,"Selen, Se",Potatisprodukter potatisrätter,0.0,µg
7191,Potatissallad u. ägg kylvara,Sackaros,Potatisprodukter potatisrätter,0.5,g
7191,Potatissallad u. ägg kylvara,Riboflavin,Potatisprodukter potatisrätter,0.1,mg
7191,Potatissallad u. ägg kylvara,Retinol,Potatisprodukter potatisrätter,0.0,µg
7191,Potatissallad u. ägg kylvara,Protein,Potatisprodukter potatisrätter,1.4,g
7191,Potatissallad u. ägg kylvara,Summa fleromättade fettsyror,Potatisprodukter potatisrätter,10.4,g
7191,Potatissallad u. ägg kylvara,"Fosfor, P",Potatisprodukter potatisrätter,33.0,mg
7191,Potatissallad u. ägg kylvara,Niacinekvivalenter,Potatisprodukter potatisrätter,1.34,NE/mg
7191,Potatissallad u. ägg kylvara,Niacin,Potatisprodukter potatisrätter,1.12,mg
7191,Potatissallad u. ägg kylvara,"Salt, NaCl",Potatisprodukter potatisrätter,0.6,g
7191,Potatissallad u. ägg kylvara,"Natrium, Na",Potatisprodukter potatisrätter,238.0,mg
7191,Potatissallad u. ägg kylvara,Monosackarider,Potatisprodukter potatisrätter,0.4,g
7191,Potatissallad u. ägg kylvara,"Sockerarter, totalt",Potatisprodukter potatisrätter,1.0,g
7191,Potatissallad u. ägg kylvara,Summa enkelomättade fettsyror,Potatisprodukter potatisrätter,5.5,g
7191,Potatissallad u. ägg kylvara,"Magnesium, Mg",Potatisprodukter potatisrätter,15.0,mg
7191,Potatissallad u. ägg kylvara,Summa mättade fettsyror,Potatisprodukter potatisrätter,1.9,g
7191,Potatissallad u. ägg kylvara,"Kolhydrater, tillgängliga",Potatisprodukter potatisrätter,11.6,g
7191,Potatissallad u. ägg kylvara,Kolesterol,Potatisprodukter potatisrätter,0.0,mg
7191,Potatissallad u. ägg kylvara,"Kalium, K",Potatisprodukter potatisrätter,202.0,mg
7191,Potatissallad u. ägg kylvara,"Jod, I",Potatisprodukter potatisrätter,4.8,µg
7191,Potatissallad u. ägg kylvara,Fullkorn totalt,Potatisprodukter potatisrätter,0.0,g
7191,Potatissallad u. ägg kylvara,"Folat, totalt",Potatisprodukter potatisrätter,13.7,µg
7191,Potatissallad u. ägg kylvara,Fibrer,Potatisprodukter potatisrätter,1.3,g
7191,Potatissallad u. ägg kylvara,"Fett, totalt",Potatisprodukter potatisrätter,18.8,g
7191,Potatissallad u. ägg kylvara,"Järn, Fe",Potatisprodukter potatisrätter,0.3,mg
7191,Potatissallad u. ägg kylvara,Energi (kJ),Potatisprodukter potatisrätter,925.0,kJ
7191,Potatissallad u. ägg kylvara,Energi (kcal),Potatisprodukter potatisrätter,221.0,kcal
7191,Potatissallad u. ägg kylvara,Disackarider,Potatisprodukter potatisrätter,0.5,g
7191,Potatissallad u. ägg kylvara,"Kalcium, Ca",Potatisprodukter potatisrätter,10.0,mg
7191,Potatissallad u. ägg kylvara,Fettsyra 4:0-10:0,Potatisprodukter potatisrätter,0.0,g
7191,Potatissallad u. ägg kylvara,DHA (C22:6),Potatisprodukter potatisrätter,0.0,g
7191,Potatissallad u. ägg kylvara,DPA (C22:5),Potatisprodukter potatisrätter,0.0,g
7191,Potatissallad u. ägg kylvara,EPA (C20:5),Potatisprodukter potatisrätter,0.0,g
7191,Potatissallad u. ägg kylvara,Arakidonsyra C20:4,Potatisprodukter potatisrätter,0.0,g
7191,Potatissallad u. ägg kylvara,Arakidinsyra C20:0,Potatisprodukter potatisrätter,0.1,g
7191,Potatissallad u. ägg kylvara,Linolensyra C18:3,Potatisprodukter potatisrätter,0.1,g
7191,Potatissallad u. ägg kylvara,Linolsyra C18:2,Potatisprodukter potatisrätter,10.4,g
7191,Potatissallad u. ägg kylvara,Oljesyra C18:1,Potatisprodukter potatisrätter,5.3,g
7191,Potatissallad u. ägg kylvara,Stearinsyra C18:0,Potatisprodukter potatisrätter,0.6,g
7191,Potatissallad u. ägg kylvara,Palmitoljesyra C16:1,Potatisprodukter potatisrätter,0.0,g
7191,Potatissallad u. ägg kylvara,Palmitinsyra C16:0,Potatisprodukter potatisrätter,1.1,g
7191,Potatissallad u. ägg kylvara,Myristinsyra C14:0,Potatisprodukter potatisrätter,0.0,g
7191,Potatissallad u. ägg kylvara,Laurinsyra C12:0,Potatisprodukter potatisrätter,0.0,g
7191,Potatissallad u. ägg kylvara,Betakaroten/β-Karoten,Potatisprodukter potatisrätter,33.0,µg
7191,Potatissallad u. ägg kylvara,Avfall (skal etc.),Potatisprodukter potatisrätter,0.0,%
7191,Potatissallad u. ägg kylvara,Aska,Potatisprodukter potatisrätter,1.1,g
7191,Potatissallad u. ägg kylvara,Alkohol,Potatisprodukter potatisrätter,0.0,g
7192,Sellerikål pak choi,"Zink, Zn",Grönsaker,0.2,mg
7192,Sellerikål pak choi,Vitamin E,Grönsaker,0.0,mg
7192,Sellerikål pak choi,Vitamin D inkl 25-OH-D3,Grönsaker,0.0,µg
7192,Sellerikål pak choi,Vitamin D,Grönsaker,0.0,µg
7192,Sellerikål pak choi,Vitamin C,Grönsaker,55.6,mg
7192,Sellerikål pak choi,Vitamin B6,Grönsaker,0.96,mg
7192,Sellerikål pak choi,Vitamin B12,Grönsaker,0.0,µg
7192,Sellerikål pak choi,Vitamin A,Grönsaker,204.2,RE/µg
7192,Sellerikål pak choi,Vatten,Grönsaker,93.6,g
7192,Sellerikål pak choi,Tiamin,Grönsaker,0.02,mg
7192,Sellerikål pak choi,Tillsatt socker,Grönsaker,0.0,g
7192,Sellerikål pak choi,Fritt socker,Grönsaker,0.0,g
7192,Sellerikål pak choi,"Selen, Se",Grönsaker,0.8,µg
7192,Sellerikål pak choi,Sackaros,Grönsaker,0.2,g
7192,Sellerikål pak choi,Riboflavin,Grönsaker,0.22,mg
7192,Sellerikål pak choi,Retinol,Grönsaker,0.0,µg
7192,Sellerikål pak choi,Protein,Grönsaker,1.4,g
7192,Sellerikål pak choi,Summa fleromättade fettsyror,Grönsaker,0.1,g
7192,Sellerikål pak choi,"Fosfor, P",Grönsaker,26.0,mg
7192,Sellerikål pak choi,Niacinekvivalenter,Grönsaker,0.9,NE/mg
7192,Sellerikål pak choi,Niacin,Grönsaker,0.66,mg
7192,Sellerikål pak choi,"Salt, NaCl",Grönsaker,0.1,g
7192,Sellerikål pak choi,"Natrium, Na",Grönsaker,34.0,mg
7192,Sellerikål pak choi,Monosackarider,Grönsaker,0.3,g
7192,Sellerikål pak choi,"Sockerarter, totalt",Grönsaker,0.5,g
7192,Sellerikål pak choi,Summa enkelomättade fettsyror,Grönsaker,0.0,g
7192,Sellerikål pak choi,"Magnesium, Mg",Grönsaker,45.0,mg
7192,Sellerikål pak choi,Summa mättade fettsyror,Grönsaker,0.0,g
7192,Sellerikål pak choi,"Kolhydrater, tillgängliga",Grönsaker,1.8,g
7192,Sellerikål pak choi,Kolesterol,Grönsaker,0.0,mg
7192,Sellerikål pak choi,"Kalium, K",Grönsaker,250.0,mg
7192,Sellerikål pak choi,Fullkorn totalt,Grönsaker,0.0,g
7192,Sellerikål pak choi,"Folat, totalt",Grönsaker,98.5,µg
7192,Sellerikål pak choi,Fibrer,Grönsaker,1.9,g
7192,Sellerikål pak choi,"Fett, totalt",Grönsaker,0.2,g
7192,Sellerikål pak choi,"Järn, Fe",Grönsaker,3.8,mg
7192,Sellerikål pak choi,Energi (kJ),Grönsaker,79.0,kJ
7192,Sellerikål pak choi,Energi (kcal),Grönsaker,19.0,kcal
7192,Sellerikål pak choi,Disackarider,Grönsaker,0.2,g
7192,Sellerikål pak choi,"Kalcium, Ca",Grönsaker,150.0,mg
7192,Sellerikål pak choi,Fettsyra 4:0-10:0,Grönsaker,0.0,g
7192,Sellerikål pak choi,DHA (C22:6),Grönsaker,0.0,g
7192,Sellerikål pak choi,DPA (C22:5),Grönsaker,0.0,g
7192,Sellerikål pak choi,EPA (C20:5),Grönsaker,0.0,g
7192,Sellerikål pak choi,Arakidonsyra C20:4,Grönsaker,0.0,g
7192,Sellerikål pak choi,Arakidinsyra C20:0,Grönsaker,0.0,g
7192,Sellerikål pak choi,Linolensyra C18:3,Grönsaker,0.1,g
7192,Sellerikål pak choi,Linolsyra C18:2,Grönsaker,0.1,g
7192,Sellerikål pak choi,Oljesyra C18:1,Grönsaker,0.0,g
7192,Sellerikål pak choi,Stearinsyra C18:0,Grönsaker,0.0,g
7192,Sellerikål pak choi,Palmitoljesyra C16:1,Grönsaker,0.0,g
7192,Sellerikål pak choi,Palmitinsyra C16:0,Grönsaker,0.0,g
7192,Sellerikål pak choi,Myristinsyra C14:0,Grönsaker,0.0,g
7192,Sellerikål pak choi,Laurinsyra C12:0,Grönsaker,0.0,g
7192,Sellerikål pak choi,Betakaroten/β-Karoten,Grönsaker,2450.0,µg
7192,Sellerikål pak choi,Avfall (skal etc.),Grönsaker,7.0,%
7192,Sellerikål pak choi,Aska,Grönsaker,1.1,g
7192,Sellerikål pak choi,Alkohol,Grönsaker,0.0,g
7193,Koriander blad,"Zink, Zn",Grönsaker,0.7,mg
7193,Koriander blad,Vitamin E,Grönsaker,0.4,mg
7193,Koriander blad,Vitamin D inkl 25-OH-D3,Grönsaker,0.0,µg
7193,Koriander blad,Vitamin D,Grönsaker,0.0,µg
7193,Koriander blad,Vitamin C,Grönsaker,23.9,mg
7193,Koriander blad,Vitamin B6,Grönsaker,0.19,mg
7193,Koriander blad,Vitamin B12,Grönsaker,0.0,µg
7193,Koriander blad,Vitamin A,Grönsaker,317.3,RE/µg
7193,Koriander blad,Vatten,Grönsaker,87.0,g
7193,Koriander blad,Tiamin,Grönsaker,0.09,mg
7193,Koriander blad,Tillsatt socker,Grönsaker,0.0,g
7193,Koriander blad,Fritt socker,Grönsaker,0.0,g
7193,Koriander blad,"Selen, Se",Grönsaker,0.4,µg
7193,Koriander blad,Sackaros,Grönsaker,0.0,g
7193,Koriander blad,Riboflavin,Grönsaker,0.05,mg
7193,Koriander blad,Retinol,Grönsaker,0.0,µg
7193,Koriander blad,Protein,Grönsaker,3.5,g
7193,Koriander blad,Summa fleromättade fettsyror,Grönsaker,0.3,g
7193,Koriander blad,"Fosfor, P",Grönsaker,65.0,mg
7193,Koriander blad,Niacinekvivalenter,Grönsaker,1.3,NE/mg
7193,Koriander blad,Niacin,Grönsaker,0.73,mg
7193,Koriander blad,"Salt, NaCl",Grönsaker,0.1,g
7193,Koriander blad,"Natrium, Na",Grönsaker,37.0,mg
7193,Koriander blad,Monosackarider,Grönsaker,0.1,g
7193,Koriander blad,"Sockerarter, totalt",Grönsaker,0.2,g
7193,Koriander blad,Summa enkelomättade fettsyror,Grönsaker,0.0,g
7193,Koriander blad,"Magnesium, Mg",Grönsaker,73.0,mg
7193,Koriander blad,Summa mättade fettsyror,Grönsaker,0.3,g
7193,Koriander blad,"Kolhydrater, tillgängliga",Grönsaker,1.9,g
7193,Koriander blad,Kolesterol,Grönsaker,0.0,mg
7193,Koriander blad,"Kalium, K",Grönsaker,546.0,mg
7193,Koriander blad,"Jod, I",Grönsaker,6.0,µg
7193,Koriander blad,Fullkorn totalt,Grönsaker,0.0,g
7193,Koriander blad,"Folat, totalt",Grönsaker,51.0,µg
7193,Koriander blad,Fibrer,Grönsaker,4.7,g
7193,Koriander blad,"Fett, totalt",Grönsaker,0.7,g
7193,Koriander blad,"Järn, Fe",Grönsaker,5.3,mg
7193,Koriander blad,Energi (kJ),Grönsaker,155.0,kJ
7193,Koriander blad,Energi (kcal),Grönsaker,37.0,kcal
7193,Koriander blad,Disackarider,Grönsaker,0.0,g
7193,Koriander blad,"Kalcium, Ca",Grönsaker,146.0,mg
7193,Koriander blad,Fettsyra 4:0-10:0,Grönsaker,0.0,g
7193,Koriander blad,DHA (C22:6),Grönsaker,0.0,g
7193,Koriander blad,DPA (C22:5),Grönsaker,0.0,g
7193,Koriander blad,EPA (C20:5),Grönsaker,0.0,g
7193,Koriander blad,Arakidonsyra C20:4,Grönsaker,0.0,g
7193,Koriander blad,Arakidinsyra C20:0,Grönsaker,0.0,g
7193,Koriander blad,Linolensyra C18:3,Grönsaker,0.2,g
7193,Koriander blad,Linolsyra C18:2,Grönsaker,0.2,g
7193,Koriander blad,Oljesyra C18:1,Grönsaker,0.0,g
7193,Koriander blad,Stearinsyra C18:0,Grönsaker,0.0,g
7193,Koriander blad,Palmitoljesyra C16:1,Grönsaker,0.0,g
7193,Koriander blad,Palmitinsyra C16:0,Grönsaker,0.1,g
7193,Koriander blad,Myristinsyra C14:0,Grönsaker,0.0,g
7193,Koriander blad,Laurinsyra C12:0,Grönsaker,0.0,g
7193,Koriander blad,Betakaroten/β-Karoten,Grönsaker,3808.0,µg
7193,Koriander blad,Avfall (skal etc.),Grönsaker,0.0,%
7193,Koriander blad,Aska,Grönsaker,2.2,g
7193,Koriander blad,Alkohol,Grönsaker,0.0,g
7194,Grönmynta blad,"Zink, Zn",Grönsaker,0.8,mg
7194,Grönmynta blad,Vitamin E,Grönsaker,0.4,mg
7194,Grönmynta blad,Vitamin D inkl 25-OH-D3,Grönsaker,0.0,µg
7194,Grönmynta blad,Vitamin D,Grönsaker,0.0,µg
7194,Grönmynta blad,Vitamin C,Grönsaker,17.2,mg
7194,Grönmynta blad,Vitamin B6,Grönsaker,0.17,mg
7194,Grönmynta blad,Vitamin B12,Grönsaker,0.0,µg
7194,Grönmynta blad,Vitamin A,Grönsaker,383.5,RE/µg
7194,Grönmynta blad,Vatten,Grönsaker,84.2,g
7194,Grönmynta blad,Tiamin,Grönsaker,0.02,mg
7194,Grönmynta blad,Tillsatt socker,Grönsaker,0.0,g
7194,Grönmynta blad,Fritt socker,Grönsaker,0.0,g
7194,Grönmynta blad,"Selen, Se",Grönsaker,10.8,µg
7194,Grönmynta blad,Sackaros,Grönsaker,0.0,g
7194,Grönmynta blad,Riboflavin,Grönsaker,0.19,mg
7194,Grönmynta blad,Retinol,Grönsaker,0.0,µg
7194,Grönmynta blad,Protein,Grönsaker,4.7,g
7194,Grönmynta blad,Summa fleromättade fettsyror,Grönsaker,0.4,g
7194,Grönmynta blad,"Fosfor, P",Grönsaker,65.0,mg
7194,Grönmynta blad,Niacinekvivalenter,Grönsaker,1.5,NE/mg
7194,Grönmynta blad,Niacin,Grönsaker,0.74,mg
7194,Grönmynta blad,"Salt, NaCl",Grönsaker,0.0,g
7194,Grönmynta blad,"Natrium, Na",Grönsaker,17.0,mg
7194,Grönmynta blad,Monosackarider,Grönsaker,0.1,g
7194,Grönmynta blad,"Sockerarter, totalt",Grönsaker,0.1,g
7194,Grönmynta blad,Summa enkelomättade fettsyror,Grönsaker,0.0,g
7194,Grönmynta blad,"Magnesium, Mg",Grönsaker,110.0,mg
7194,Grönmynta blad,Summa mättade fettsyror,Grönsaker,0.1,g
7194,Grönmynta blad,"Kolhydrater, tillgängliga",Grönsaker,2.4,g
7194,Grönmynta blad,Kolesterol,Grönsaker,0.0,mg
7194,Grönmynta blad,"Kalium, K",Grönsaker,539.0,mg
7194,Grönmynta blad,"Jod, I",Grönsaker,6.0,µg
7194,Grönmynta blad,Fullkorn totalt,Grönsaker,0.0,g
7194,Grönmynta blad,"Folat, totalt",Grönsaker,106.0,µg
7194,Grönmynta blad,Fibrer,Grönsaker,5.9,g
7194,Grönmynta blad,"Fett, totalt",Grönsaker,0.6,g
7194,Grönmynta blad,"Järn, Fe",Grönsaker,8.6,mg
7194,Grönmynta blad,Energi (kJ),Grönsaker,191.0,kJ
7194,Grönmynta blad,Energi (kcal),Grönsaker,46.0,kcal
7194,Grönmynta blad,Disackarider,Grönsaker,0.0,g
7194,Grönmynta blad,"Kalcium, Ca",Grönsaker,205.0,mg
7194,Grönmynta blad,Fettsyra 4:0-10:0,Grönsaker,0.0,g
7194,Grönmynta blad,DHA (C22:6),Grönsaker,0.0,g
7194,Grönmynta blad,DPA (C22:5),Grönsaker,0.0,g
7194,Grönmynta blad,EPA (C20:5),Grönsaker,0.0,g
7194,Grönmynta blad,Arakidonsyra C20:4,Grönsaker,0.0,g
7194,Grönmynta blad,Arakidinsyra C20:0,Grönsaker,0.0,g
7194,Grönmynta blad,Linolensyra C18:3,Grönsaker,0.3,g
7194,Grönmynta blad,Linolsyra C18:2,Grönsaker,0.1,g
7194,Grönmynta blad,Oljesyra C18:1,Grönsaker,0.0,g
7194,Grönmynta blad,Stearinsyra C18:0,Grönsaker,0.0,g
7194,Grönmynta blad,Palmitoljesyra C16:1,Grönsaker,0.0,g
7194,Grönmynta blad,Palmitinsyra C16:0,Grönsaker,0.1,g
7194,Grönmynta blad,Myristinsyra C14:0,Grönsaker,0.0,g
7194,Grönmynta blad,Laurinsyra C12:0,Grönsaker,0.0,g
7194,Grönmynta blad,Betakaroten/β-Karoten,Grönsaker,4602.0,µg
7194,Grönmynta blad,Avfall (skal etc.),Grönsaker,0.0,%
7194,Grönmynta blad,Aska,Grönsaker,2.2,g
7194,Grönmynta blad,Alkohol,Grönsaker,0.0,g
7195,Kardemumma torkad,"Zink, Zn",Kryddor ,4.8,mg
7195,Kardemumma torkad,Vitamin E,Kryddor ,0.4,mg
7195,Kardemumma torkad,Vitamin D inkl 25-OH-D3,Kryddor ,0.0,µg
7195,Kardemumma torkad,Vitamin D,Kryddor ,0.0,µg
7195,Kardemumma torkad,Vitamin C,Kryddor ,0.0,mg
7195,Kardemumma torkad,Vitamin B6,Kryddor ,0.2,mg
7195,Kardemumma torkad,Vitamin B12,Kryddor ,0.0,µg
7195,Kardemumma torkad,Vitamin A,Kryddor ,6.5,RE/µg
7195,Kardemumma torkad,Vatten,Kryddor ,11.2,g
7195,Kardemumma torkad,Tiamin,Kryddor ,0.05,mg
7195,Kardemumma torkad,Tillsatt socker,Kryddor ,0.0,g
7195,Kardemumma torkad,Fritt socker,Kryddor ,0.0,g
7195,Kardemumma torkad,"Selen, Se",Kryddor ,4.0,µg
7195,Kardemumma torkad,Sackaros,Kryddor ,0.2,g
7195,Kardemumma torkad,Riboflavin,Kryddor ,0.13,mg
7195,Kardemumma torkad,Retinol,Kryddor ,0.0,µg
7195,Kardemumma torkad,Protein,Kryddor ,6.7,g
7195,Kardemumma torkad,Summa fleromättade fettsyror,Kryddor ,0.5,g
7195,Kardemumma torkad,"Fosfor, P",Kryddor ,117.0,mg
7195,Kardemumma torkad,Niacinekvivalenter,Kryddor ,1.6,NE/mg
7195,Kardemumma torkad,Niacin,Kryddor ,0.52,mg
7195,Kardemumma torkad,"Salt, NaCl",Kryddor ,0.0,g
7195,Kardemumma torkad,"Natrium, Na",Kryddor ,16.0,mg
7195,Kardemumma torkad,Monosackarider,Kryddor ,2.1,g
7195,Kardemumma torkad,"Sockerarter, totalt",Kryddor ,2.3,g
7195,Kardemumma torkad,Summa enkelomättade fettsyror,Kryddor ,1.1,g
7195,Kardemumma torkad,"Magnesium, Mg",Kryddor ,286.0,mg
7195,Kardemumma torkad,Summa mättade fettsyror,Kryddor ,0.5,g
7195,Kardemumma torkad,"Kolhydrater, tillgängliga",Kryddor ,48.0,g
7195,Kardemumma torkad,Kolesterol,Kryddor ,0.0,mg
7195,Kardemumma torkad,"Kalium, K",Kryddor ,1331.0,mg
7195,Kardemumma torkad,"Jod, I",Kryddor ,3.0,µg
7195,Kardemumma torkad,Fullkorn totalt,Kryddor ,0.0,g
7195,Kardemumma torkad,"Folat, totalt",Kryddor ,5.0,µg
7195,Kardemumma torkad,Fibrer,Kryddor ,23.5,g
7195,Kardemumma torkad,"Fett, totalt",Kryddor ,2.8,g
7195,Kardemumma torkad,"Järn, Fe",Kryddor ,7.9,mg
7195,Kardemumma torkad,Energi (kJ),Kryddor ,1221.0,kJ
7195,Kardemumma torkad,Energi (kcal),Kryddor ,292.0,kcal
7195,Kardemumma torkad,Disackarider,Kryddor ,0.2,g
7195,Kardemumma torkad,"Kalcium, Ca",Kryddor ,312.0,mg
7195,Kardemumma torkad,Fettsyra 4:0-10:0,Kryddor ,0.0,g
7195,Kardemumma torkad,DHA (C22:6),Kryddor ,0.0,g
7195,Kardemumma torkad,DPA (C22:5),Kryddor ,0.0,g
7195,Kardemumma torkad,EPA (C20:5),Kryddor ,0.0,g
7195,Kardemumma torkad,Arakidonsyra C20:4,Kryddor ,0.0,g
7195,Kardemumma torkad,Arakidinsyra C20:0,Kryddor ,0.0,g
7195,Kardemumma torkad,Linolensyra C18:3,Kryddor ,0.2,g
7195,Kardemumma torkad,Linolsyra C18:2,Kryddor ,0.3,g
7195,Kardemumma torkad,Oljesyra C18:1,Kryddor ,1.0,g
7195,Kardemumma torkad,Stearinsyra C18:0,Kryddor ,0.1,g
7195,Kardemumma torkad,Palmitoljesyra C16:1,Kryddor ,0.0,g
7195,Kardemumma torkad,Palmitinsyra C16:0,Kryddor ,0.4,g
7195,Kardemumma torkad,Myristinsyra C14:0,Kryddor ,0.0,g
7195,Kardemumma torkad,Laurinsyra C12:0,Kryddor ,0.0,g
7195,Kardemumma torkad,Betakaroten/β-Karoten,Kryddor ,77.0,µg
7195,Kardemumma torkad,Avfall (skal etc.),Kryddor ,0.0,%
7195,Kardemumma torkad,Aska,Kryddor ,7.8,g
7195,Kardemumma torkad,Alkohol,Kryddor ,0.0,g
7196,Kryddnejlika torkad malen,"Zink, Zn",Kryddor ,1.1,mg
7196,Kryddnejlika torkad malen,Vitamin E,Kryddor ,0.5,mg
7196,Kryddnejlika torkad malen,Vitamin D inkl 25-OH-D3,Kryddor ,0.0,µg
7196,Kryddnejlika torkad malen,Vitamin D,Kryddor ,0.0,µg
7196,Kryddnejlika torkad malen,Vitamin C,Kryddor ,0.0,mg
7196,Kryddnejlika torkad malen,Vitamin B6,Kryddor ,0.03,mg
7196,Kryddnejlika torkad malen,Vitamin B12,Kryddor ,0.0,µg
7196,Kryddnejlika torkad malen,Vitamin A,Kryddor ,6.5,RE/µg
7196,Kryddnejlika torkad malen,Vatten,Kryddor ,26.5,g
7196,Kryddnejlika torkad malen,Tiamin,Kryddor ,0.53,mg
7196,Kryddnejlika torkad malen,Tillsatt socker,Kryddor ,0.0,g
7196,Kryddnejlika torkad malen,Fritt socker,Kryddor ,0.0,g
7196,Kryddnejlika torkad malen,"Selen, Se",Kryddor ,7.8,µg
7196,Kryddnejlika torkad malen,Sackaros,Kryddor ,0.0,g
7196,Kryddnejlika torkad malen,Riboflavin,Kryddor ,0.22,mg
7196,Kryddnejlika torkad malen,Retinol,Kryddor ,0.0,µg
7196,Kryddnejlika torkad malen,Protein,Kryddor ,5.9,g
7196,Kryddnejlika torkad malen,Summa fleromättade fettsyror,Kryddor ,3.4,g
7196,Kryddnejlika torkad malen,"Fosfor, P",Kryddor ,83.0,mg
7196,Kryddnejlika torkad malen,Niacinekvivalenter,Kryddor ,2.1,NE/mg
7196,Kryddnejlika torkad malen,Niacin,Kryddor ,1.15,mg
7196,Kryddnejlika torkad malen,"Salt, NaCl",Kryddor ,0.5,g
7196,Kryddnejlika torkad malen,"Natrium, Na",Kryddor ,183.0,mg
7196,Kryddnejlika torkad malen,Monosackarider,Kryddor ,2.1,g
7196,Kryddnejlika torkad malen,"Sockerarter, totalt",Kryddor ,2.1,g
7196,Kryddnejlika torkad malen,Summa enkelomättade fettsyror,Kryddor ,0.6,g
7196,Kryddnejlika torkad malen,"Magnesium, Mg",Kryddor ,334.0,mg
7196,Kryddnejlika torkad malen,Summa mättade fettsyror,Kryddor ,2.7,g
7196,Kryddnejlika torkad malen,"Kolhydrater, tillgängliga",Kryddor ,18.7,g
7196,Kryddnejlika torkad malen,Kolesterol,Kryddor ,0.0,mg
7196,Kryddnejlika torkad malen,"Kalium, K",Kryddor ,1434.0,mg
7196,Kryddnejlika torkad malen,"Jod, I",Kryddor ,3.0,µg
7196,Kryddnejlika torkad malen,Fullkorn totalt,Kryddor ,0.0,g
7196,Kryddnejlika torkad malen,"Folat, totalt",Kryddor ,32.8,µg
7196,Kryddnejlika torkad malen,Fibrer,Kryddor ,34.5,g
7196,Kryddnejlika torkad malen,"Fett, totalt",Kryddor ,8.4,g
7196,Kryddnejlika torkad malen,"Järn, Fe",Kryddor ,9.4,mg
7196,Kryddnejlika torkad malen,Energi (kJ),Kryddor ,1005.0,kJ
7196,Kryddnejlika torkad malen,Energi (kcal),Kryddor ,240.0,kcal
7196,Kryddnejlika torkad malen,Disackarider,Kryddor ,0.0,g
7196,Kryddnejlika torkad malen,"Kalcium, Ca",Kryddor ,567.0,mg
7196,Kryddnejlika torkad malen,Fettsyra 4:0-10:0,Kryddor ,0.0,g
7196,Kryddnejlika torkad malen,DHA (C22:6),Kryddor ,0.0,g
7196,Kryddnejlika torkad malen,DPA (C22:5),Kryddor ,0.0,g
7196,Kryddnejlika torkad malen,EPA (C20:5),Kryddor ,0.0,g
7196,Kryddnejlika torkad malen,Arakidonsyra C20:4,Kryddor ,0.0,g
7196,Kryddnejlika torkad malen,Arakidinsyra C20:0,Kryddor ,0.0,g
7196,Kryddnejlika torkad malen,Linolensyra C18:3,Kryddor ,0.7,g
7196,Kryddnejlika torkad malen,Linolsyra C18:2,Kryddor ,2.7,g
7196,Kryddnejlika torkad malen,Oljesyra C18:1,Kryddor ,0.6,g
7196,Kryddnejlika torkad malen,Stearinsyra C18:0,Kryddor ,0.7,g
7196,Kryddnejlika torkad malen,Palmitoljesyra C16:1,Kryddor ,0.0,g
7196,Kryddnejlika torkad malen,Palmitinsyra C16:0,Kryddor ,2.0,g
7196,Kryddnejlika torkad malen,Myristinsyra C14:0,Kryddor ,0.0,g
7196,Kryddnejlika torkad malen,Laurinsyra C12:0,Kryddor ,0.0,g
7196,Kryddnejlika torkad malen,Betakaroten/β-Karoten,Kryddor ,74.0,µg
7196,Kryddnejlika torkad malen,Avfall (skal etc.),Kryddor ,0.0,%
7196,Kryddnejlika torkad malen,Aska,Kryddor ,6.0,g
7196,Kryddnejlika torkad malen,Alkohol,Kryddor ,0.0,g
7197,Koriander frö torkad,"Zink, Zn",Kryddor ,3.9,mg
7197,Koriander frö torkad,Vitamin E,Kryddor ,0.9,mg
7197,Koriander frö torkad,Vitamin D inkl 25-OH-D3,Kryddor ,0.0,µg
7197,Koriander frö torkad,Vitamin D,Kryddor ,0.0,µg
7197,Koriander frö torkad,Vitamin C,Kryddor ,0.0,mg
7197,Koriander frö torkad,Vitamin B6,Kryddor ,0.04,mg
7197,Koriander frö torkad,Vitamin B12,Kryddor ,0.0,µg
7197,Koriander frö torkad,Vitamin A,Kryddor ,10.2,RE/µg
7197,Koriander frö torkad,Vatten,Kryddor ,8.7,g
7197,Koriander frö torkad,Tiamin,Kryddor ,0.19,mg
7197,Koriander frö torkad,Tillsatt socker,Kryddor ,0.0,g
7197,Koriander frö torkad,Fritt socker,Kryddor ,0.0,g
7197,Koriander frö torkad,"Selen, Se",Kryddor ,6.3,µg
7197,Koriander frö torkad,Sackaros,Kryddor ,0.0,g
7197,Koriander frö torkad,Riboflavin,Kryddor ,0.23,mg
7197,Koriander frö torkad,Retinol,Kryddor ,0.0,µg
7197,Koriander frö torkad,Protein,Kryddor ,10.7,g
7197,Koriander frö torkad,Summa fleromättade fettsyror,Kryddor ,2.2,g
7197,Koriander frö torkad,"Fosfor, P",Kryddor ,293.0,mg
7197,Koriander frö torkad,Niacinekvivalenter,Kryddor ,3.0,NE/mg
7197,Koriander frö torkad,Niacin,Kryddor ,1.2,mg
7197,Koriander frö torkad,"Salt, NaCl",Kryddor ,0.1,g
7197,Koriander frö torkad,"Natrium, Na",Kryddor ,34.0,mg
7197,Koriander frö torkad,Monosackarider,Kryddor ,2.4,g
7197,Koriander frö torkad,"Sockerarter, totalt",Kryddor ,2.4,g
7197,Koriander frö torkad,Summa enkelomättade fettsyror,Kryddor ,10.8,g
7197,Koriander frö torkad,"Magnesium, Mg",Kryddor ,343.0,mg
7197,Koriander frö torkad,Summa mättade fettsyror,Kryddor ,1.0,g
7197,Koriander frö torkad,"Kolhydrater, tillgängliga",Kryddor ,13.0,g
7197,Koriander frö torkad,Kolesterol,Kryddor ,0.0,mg
7197,Koriander frö torkad,"Kalium, K",Kryddor ,1473.0,mg
7197,Koriander frö torkad,"Jod, I",Kryddor ,3.0,µg
7197,Koriander frö torkad,Fullkorn totalt,Kryddor ,0.0,g
7197,Koriander frö torkad,"Folat, totalt",Kryddor ,22.1,µg
7197,Koriander frö torkad,Fibrer,Kryddor ,44.8,g
7197,Koriander frö torkad,"Fett, totalt",Kryddor ,17.5,g
7197,Koriander frö torkad,"Järn, Fe",Kryddor ,17.6,mg
7197,Koriander frö torkad,Energi (kJ),Kryddor ,1407.0,kJ
7197,Koriander frö torkad,Energi (kcal),Kryddor ,336.0,kcal
7197,Koriander frö torkad,Disackarider,Kryddor ,0.0,g
7197,Koriander frö torkad,"Kalcium, Ca",Kryddor ,718.0,mg
7197,Koriander frö torkad,Fettsyra 4:0-10:0,Kryddor ,0.0,g
7197,Koriander frö torkad,DHA (C22:6),Kryddor ,0.0,g
7197,Koriander frö torkad,DPA (C22:5),Kryddor ,0.0,g
7197,Koriander frö torkad,EPA (C20:5),Kryddor ,0.0,g
7197,Koriander frö torkad,Arakidonsyra C20:4,Kryddor ,0.0,g
7197,Koriander frö torkad,Arakidinsyra C20:0,Kryddor ,0.0,g
7197,Koriander frö torkad,Linolensyra C18:3,Kryddor ,0.0,g
7197,Koriander frö torkad,Linolsyra C18:2,Kryddor ,2.2,g
7197,Koriander frö torkad,Oljesyra C18:1,Kryddor ,10.7,g
7197,Koriander frö torkad,Stearinsyra C18:0,Kryddor ,0.1,g
7197,Koriander frö torkad,Palmitoljesyra C16:1,Kryddor ,0.0,g
7197,Koriander frö torkad,Palmitinsyra C16:0,Kryddor ,0.6,g
7197,Koriander frö torkad,Myristinsyra C14:0,Kryddor ,0.1,g
7197,Koriander frö torkad,Laurinsyra C12:0,Kryddor ,0.0,g
7197,Koriander frö torkad,Betakaroten/β-Karoten,Kryddor ,122.0,µg
7197,Koriander frö torkad,Avfall (skal etc.),Kryddor ,0.0,%
7197,Koriander frö torkad,Aska,Kryddor ,5.4,g
7197,Koriander frö torkad,Alkohol,Kryddor ,0.0,g
7198,Gurkmeja torkad,"Zink, Zn",Kryddor ,2.6,mg
7198,Gurkmeja torkad,Vitamin E,Kryddor ,2.6,mg
7198,Gurkmeja torkad,Vitamin D inkl 25-OH-D3,Kryddor ,0.0,µg
7198,Gurkmeja torkad,Vitamin D,Kryddor ,0.0,µg
7198,Gurkmeja torkad,Vitamin C,Kryddor ,0.0,mg
7198,Gurkmeja torkad,Vitamin B6,Kryddor ,0.13,mg
7198,Gurkmeja torkad,Vitamin B12,Kryddor ,0.0,µg
7198,Gurkmeja torkad,Vitamin A,Kryddor ,4.6,RE/µg
7198,Gurkmeja torkad,Vatten,Kryddor ,10.6,g
7198,Gurkmeja torkad,Tiamin,Kryddor ,0.06,mg
7198,Gurkmeja torkad,Tillsatt socker,Kryddor ,0.0,g
7198,Gurkmeja torkad,Fritt socker,Kryddor ,0.0,g
7198,Gurkmeja torkad,"Selen, Se",Kryddor ,6.4,µg
7198,Gurkmeja torkad,Sackaros,Kryddor ,0.8,g
7198,Gurkmeja torkad,Riboflavin,Kryddor ,0.01,mg
7198,Gurkmeja torkad,Retinol,Kryddor ,0.0,µg
7198,Gurkmeja torkad,Protein,Kryddor ,7.7,g
7198,Gurkmeja torkad,Summa fleromättade fettsyror,Kryddor ,1.9,g
7198,Gurkmeja torkad,"Fosfor, P",Kryddor ,276.0,mg
7198,Gurkmeja torkad,Niacinekvivalenter,Kryddor ,2.8,NE/mg
7198,Gurkmeja torkad,Niacin,Kryddor ,1.55,mg
7198,Gurkmeja torkad,"Salt, NaCl",Kryddor ,0.1,g
7198,Gurkmeja torkad,"Natrium, Na",Kryddor ,24.0,mg
7198,Gurkmeja torkad,Monosackarider,Kryddor ,0.5,g
7198,Gurkmeja torkad,"Sockerarter, totalt",Kryddor ,1.2,g
7198,Gurkmeja torkad,Summa enkelomättade fettsyror,Kryddor ,0.4,g
7198,Gurkmeja torkad,"Magnesium, Mg",Kryddor ,260.0,mg
7198,Gurkmeja torkad,Summa mättade fettsyror,Kryddor ,1.6,g
7198,Gurkmeja torkad,"Kolhydrater, tillgängliga",Kryddor ,49.2,g
7198,Gurkmeja torkad,Kolesterol,Kryddor ,0.0,mg
7198,Gurkmeja torkad,"Kalium, K",Kryddor ,2374.0,mg
7198,Gurkmeja torkad,"Jod, I",Kryddor ,0.0,µg
7198,Gurkmeja torkad,Fullkorn totalt,Kryddor ,0.0,g
7198,Gurkmeja torkad,"Folat, totalt",Kryddor ,13.9,µg
7198,Gurkmeja torkad,Fibrer,Kryddor ,21.4,g
7198,Gurkmeja torkad,"Fett, totalt",Kryddor ,5.0,g
7198,Gurkmeja torkad,"Järn, Fe",Kryddor ,46.1,mg
7198,Gurkmeja torkad,Energi (kJ),Kryddor ,1324.0,kJ
7198,Gurkmeja torkad,Energi (kcal),Kryddor ,316.0,kcal
7198,Gurkmeja torkad,Disackarider,Kryddor ,0.8,g
7198,Gurkmeja torkad,"Kalcium, Ca",Kryddor ,122.0,mg
7198,Gurkmeja torkad,Fettsyra 4:0-10:0,Kryddor ,0.0,g
7198,Gurkmeja torkad,DHA (C22:6),Kryddor ,0.0,g
7198,Gurkmeja torkad,DPA (C22:5),Kryddor ,0.0,g
7198,Gurkmeja torkad,EPA (C20:5),Kryddor ,0.0,g
7198,Gurkmeja torkad,Arakidonsyra C20:4,Kryddor ,0.0,g
7198,Gurkmeja torkad,Arakidinsyra C20:0,Kryddor ,0.2,g
7198,Gurkmeja torkad,Linolensyra C18:3,Kryddor ,0.4,g
7198,Gurkmeja torkad,Linolsyra C18:2,Kryddor ,1.6,g
7198,Gurkmeja torkad,Oljesyra C18:1,Kryddor ,0.4,g
7198,Gurkmeja torkad,Stearinsyra C18:0,Kryddor ,0.7,g
7198,Gurkmeja torkad,Palmitoljesyra C16:1,Kryddor ,0.0,g
7198,Gurkmeja torkad,Palmitinsyra C16:0,Kryddor ,0.8,g
7198,Gurkmeja torkad,Myristinsyra C14:0,Kryddor ,0.0,g
7198,Gurkmeja torkad,Laurinsyra C12:0,Kryddor ,0.0,g
7198,Gurkmeja torkad,Betakaroten/β-Karoten,Kryddor ,55.0,µg
7198,Gurkmeja torkad,Avfall (skal etc.),Kryddor ,0.0,%
7198,Gurkmeja torkad,Aska,Kryddor ,6.1,g
7198,Gurkmeja torkad,Alkohol,Kryddor ,0.0,g
7199,Spiskummin frö torkad,"Zink, Zn",Kryddor ,4.3,mg
7199,Spiskummin frö torkad,Vitamin E,Kryddor ,1.5,mg
7199,Spiskummin frö torkad,Vitamin D inkl 25-OH-D3,Kryddor ,0.0,µg
7199,Spiskummin frö torkad,Vitamin D,Kryddor ,0.0,µg
7199,Spiskummin frö torkad,Vitamin C,Kryddor ,0.0,mg
7199,Spiskummin frö torkad,Vitamin B6,Kryddor ,0.39,mg
7199,Spiskummin frö torkad,Vitamin B12,Kryddor ,0.0,µg
7199,Spiskummin frö torkad,Vitamin A,Kryddor ,7.4,RE/µg
7199,Spiskummin frö torkad,Vatten,Kryddor ,10.6,g
7199,Spiskummin frö torkad,Tiamin,Kryddor ,0.52,mg
7199,Spiskummin frö torkad,Tillsatt socker,Kryddor ,0.0,g
7199,Spiskummin frö torkad,Fritt socker,Kryddor ,0.0,g
7199,Spiskummin frö torkad,"Selen, Se",Kryddor ,4.0,µg
7199,Spiskummin frö torkad,Sackaros,Kryddor ,0.0,g
7199,Spiskummin frö torkad,Riboflavin,Kryddor ,0.13,mg
7199,Spiskummin frö torkad,Retinol,Kryddor ,0.0,µg
7199,Spiskummin frö torkad,Protein,Kryddor ,13.9,g
7199,Spiskummin frö torkad,Summa fleromättade fettsyror,Kryddor ,4.3,g
7199,Spiskummin frö torkad,"Fosfor, P",Kryddor ,382.0,mg
7199,Spiskummin frö torkad,Niacinekvivalenter,Kryddor ,5.2,NE/mg
7199,Spiskummin frö torkad,Niacin,Kryddor ,2.87,mg
7199,Spiskummin frö torkad,"Salt, NaCl",Kryddor ,0.3,g
7199,Spiskummin frö torkad,"Natrium, Na",Kryddor ,125.0,mg
7199,Spiskummin frö torkad,Monosackarider,Kryddor ,1.4,g
7199,Spiskummin frö torkad,"Sockerarter, totalt",Kryddor ,1.4,g
7199,Spiskummin frö torkad,Summa enkelomättade fettsyror,Kryddor ,8.4,g
7199,Spiskummin frö torkad,"Magnesium, Mg",Kryddor ,442.0,mg
7199,Spiskummin frö torkad,Summa mättade fettsyror,Kryddor ,0.6,g
7199,Spiskummin frö torkad,"Kolhydrater, tillgängliga",Kryddor ,22.6,g
7199,Spiskummin frö torkad,Kolesterol,Kryddor ,0.0,mg
7199,Spiskummin frö torkad,"Kalium, K",Kryddor ,1886.0,mg
7199,Spiskummin frö torkad,"Jod, I",Kryddor ,3.0,µg
7199,Spiskummin frö torkad,Fullkorn totalt,Kryddor ,0.0,g
7199,Spiskummin frö torkad,"Folat, totalt",Kryddor ,27.8,µg
7199,Spiskummin frö torkad,Fibrer,Kryddor ,30.4,g
7199,Spiskummin frö torkad,"Fett, totalt",Kryddor ,16.6,g
7199,Spiskummin frö torkad,"Järn, Fe",Kryddor ,20.6,mg
7199,Spiskummin frö torkad,Energi (kJ),Kryddor ,1479.0,kJ
7199,Spiskummin frö torkad,Energi (kcal),Kryddor ,354.0,kcal
7199,Spiskummin frö torkad,Disackarider,Kryddor ,0.0,g
7199,Spiskummin frö torkad,"Kalcium, Ca",Kryddor ,878.0,mg
7199,Spiskummin frö torkad,Fettsyra 4:0-10:0,Kryddor ,0.0,g
7199,Spiskummin frö torkad,DHA (C22:6),Kryddor ,0.0,g
7199,Spiskummin frö torkad,DPA (C22:5),Kryddor ,0.0,g
7199,Spiskummin frö torkad,EPA (C20:5),Kryddor ,0.0,g
7199,Spiskummin frö torkad,Arakidonsyra C20:4,Kryddor ,0.0,g
7199,Spiskummin frö torkad,Arakidinsyra C20:0,Kryddor ,0.0,g
7199,Spiskummin frö torkad,Linolensyra C18:3,Kryddor ,0.0,g
7199,Spiskummin frö torkad,Linolsyra C18:2,Kryddor ,4.3,g
7199,Spiskummin frö torkad,Oljesyra C18:1,Kryddor ,8.3,g
7199,Spiskummin frö torkad,Stearinsyra C18:0,Kryddor ,0.1,g
7199,Spiskummin frö torkad,Palmitoljesyra C16:1,Kryddor ,0.0,g
7199,Spiskummin frö torkad,Palmitinsyra C16:0,Kryddor ,0.5,g
7199,Spiskummin frö torkad,Myristinsyra C14:0,Kryddor ,0.0,g
7199,Spiskummin frö torkad,Laurinsyra C12:0,Kryddor ,0.0,g
7199,Spiskummin frö torkad,Betakaroten/β-Karoten,Kryddor ,89.0,µg
7199,Spiskummin frö torkad,Avfall (skal etc.),Kryddor ,0.0,%
7199,Spiskummin frö torkad,Aska,Kryddor ,5.9,g
7199,Spiskummin frö torkad,Alkohol,Kryddor ,0.0,g
7200,Paneer,"Zink, Zn",Färskost o kvarg,2.7,mg
7200,Paneer,Vitamin E,Färskost o kvarg,0.0,mg
7200,Paneer,Vitamin D,Färskost o kvarg,0.13,µg
7200,Paneer,Vitamin C,Färskost o kvarg,0.0,mg
7200,Paneer,Vitamin B6,Färskost o kvarg,0.04,mg
7200,Paneer,Vitamin B12,Färskost o kvarg,0.0,µg
7200,Paneer,Vitamin A,Färskost o kvarg,0.4,RE/µg
7200,Paneer,Vatten,Färskost o kvarg,52.0,g
7200,Paneer,Tiamin,Färskost o kvarg,0.02,mg
7200,Paneer,Tillsatt socker,Färskost o kvarg,0.0,g
7200,Paneer,Fritt socker,Färskost o kvarg,0.0,g
7200,Paneer,"Selen, Se",Färskost o kvarg,23.1,µg
7200,Paneer,Sackaros,Färskost o kvarg,0.8,g
7200,Paneer,Riboflavin,Färskost o kvarg,0.1,mg
7200,Paneer,Retinol,Färskost o kvarg,0.0,µg
7200,Paneer,Protein,Färskost o kvarg,18.9,g
7200,Paneer,Summa fleromättade fettsyror,Färskost o kvarg,0.4,g
7200,Paneer,"Fosfor, P",Färskost o kvarg,330.0,mg
7200,Paneer,Niacinekvivalenter,Färskost o kvarg,4.5,NE/mg
7200,Paneer,Niacin,Färskost o kvarg,0.13,mg
7200,Paneer,"Salt, NaCl",Färskost o kvarg,0.0,g
7200,Paneer,"Natrium, Na",Färskost o kvarg,18.0,mg
7200,Paneer,Monosackarider,Färskost o kvarg,1.6,g
7200,Paneer,"Sockerarter, totalt",Färskost o kvarg,11.6,g
7200,Paneer,Summa enkelomättade fettsyror,Färskost o kvarg,4.3,g
7200,Paneer,"Magnesium, Mg",Färskost o kvarg,27.0,mg
7200,Paneer,Summa mättade fettsyror,Färskost o kvarg,8.9,g
7200,Paneer,"Kolhydrater, tillgängliga",Färskost o kvarg,12.4,g
7200,Paneer,Kolesterol,Färskost o kvarg,80.0,mg
7200,Paneer,"Kalium, K",Färskost o kvarg,64.0,mg
7200,Paneer,"Jod, I",Färskost o kvarg,15.0,µg
7200,Paneer,Fullkorn totalt,Färskost o kvarg,0.0,g
7200,Paneer,"Folat, totalt",Färskost o kvarg,93.3,µg
7200,Paneer,Fibrer,Färskost o kvarg,0.0,g
7200,Paneer,"Fett, totalt",Färskost o kvarg,14.8,g
7200,Paneer,"Järn, Fe",Färskost o kvarg,0.9,mg
7200,Paneer,Energi (kJ),Färskost o kvarg,1078.0,kJ
7200,Paneer,Energi (kcal),Färskost o kvarg,258.0,kcal
7200,Paneer,Disackarider,Färskost o kvarg,10.0,g
7200,Paneer,"Kalcium, Ca",Färskost o kvarg,476.0,mg
7200,Paneer,Fettsyra 4:0-10:0,Färskost o kvarg,0.2,g
7200,Paneer,DHA (C22:6),Färskost o kvarg,0.0,g
7200,Paneer,DPA (C22:5),Färskost o kvarg,0.0,g
7200,Paneer,EPA (C20:5),Färskost o kvarg,0.0,g
7200,Paneer,Arakidonsyra C20:4,Färskost o kvarg,0.0,g
7200,Paneer,Arakidinsyra C20:0,Färskost o kvarg,0.1,g
7200,Paneer,Linolensyra C18:3,Färskost o kvarg,0.2,g
7200,Paneer,Linolsyra C18:2,Färskost o kvarg,0.2,g
7200,Paneer,Oljesyra C18:1,Färskost o kvarg,3.9,g
7200,Paneer,Stearinsyra C18:0,Färskost o kvarg,1.8,g
7200,Paneer,Palmitoljesyra C16:1,Färskost o kvarg,0.4,g
7200,Paneer,Palmitinsyra C16:0,Färskost o kvarg,4.8,g
7200,Paneer,Myristinsyra C14:0,Färskost o kvarg,1.6,g
7200,Paneer,Laurinsyra C12:0,Färskost o kvarg,0.3,g
7200,Paneer,Betakaroten/β-Karoten,Färskost o kvarg,4.0,µg
7200,Paneer,Avfall (skal etc.),Färskost o kvarg,0.0,%
7200,Paneer,Aska,Färskost o kvarg,2.0,g
7200,Paneer,Alkohol,Färskost o kvarg,0.0,g
7203,Linssoppa m. coucous veg.,"Zink, Zn",Övrigt,0.3,mg
7203,Linssoppa m. coucous veg.,Vitamin E,Övrigt,0.4,mg
7203,Linssoppa m. coucous veg.,Vitamin D,Övrigt,0.1,µg
7203,Linssoppa m. coucous veg.,Vitamin C,Övrigt,1.8,mg
7203,Linssoppa m. coucous veg.,Vitamin B6,Övrigt,0.05,mg
7203,Linssoppa m. coucous veg.,Vitamin B12,Övrigt,0.0,µg
7203,Linssoppa m. coucous veg.,Vitamin A,Övrigt,105.8,RE/µg
7203,Linssoppa m. coucous veg.,Vatten,Övrigt,87.2,g
7203,Linssoppa m. coucous veg.,Tiamin,Övrigt,0.04,mg
7203,Linssoppa m. coucous veg.,Tillsatt socker,Övrigt,0.0,g
7203,Linssoppa m. coucous veg.,Fritt socker,Övrigt,0.0,g
7203,Linssoppa m. coucous veg.,"Selen, Se",Övrigt,1.2,µg
7203,Linssoppa m. coucous veg.,Sackaros,Övrigt,0.6,g
7203,Linssoppa m. coucous veg.,Riboflavin,Övrigt,0.02,mg
7203,Linssoppa m. coucous veg.,Retinol,Övrigt,4.4,µg
7203,Linssoppa m. coucous veg.,Protein,Övrigt,2.2,g
7203,Linssoppa m. coucous veg.,Summa fleromättade fettsyror,Övrigt,0.3,g
7203,Linssoppa m. coucous veg.,"Fosfor, P",Övrigt,36.0,mg
7203,Linssoppa m. coucous veg.,Niacinekvivalenter,Övrigt,0.74,NE/mg
7203,Linssoppa m. coucous veg.,Niacin,Övrigt,0.39,mg
7203,Linssoppa m. coucous veg.,"Salt, NaCl",Övrigt,0.8,g
7203,Linssoppa m. coucous veg.,"Natrium, Na",Övrigt,329.0,mg
7203,Linssoppa m. coucous veg.,Monosackarider,Övrigt,0.8,g
7203,Linssoppa m. coucous veg.,"Sockerarter, totalt",Övrigt,1.5,g
7203,Linssoppa m. coucous veg.,Summa enkelomättade fettsyror,Övrigt,0.6,g
7203,Linssoppa m. coucous veg.,"Magnesium, Mg",Övrigt,12.0,mg
7203,Linssoppa m. coucous veg.,Summa mättade fettsyror,Övrigt,0.3,g
7203,Linssoppa m. coucous veg.,"Kolhydrater, tillgängliga",Övrigt,6.1,g
7203,Linssoppa m. coucous veg.,Kolesterol,Övrigt,0.3,mg
7203,Linssoppa m. coucous veg.,"Kalium, K",Övrigt,109.0,mg
7203,Linssoppa m. coucous veg.,"Jod, I",Övrigt,14.1,µg
7203,Linssoppa m. coucous veg.,Fullkorn totalt,Övrigt,0.0,g
7203,Linssoppa m. coucous veg.,"Folat, totalt",Övrigt,14.7,µg
7203,Linssoppa m. coucous veg.,Fibrer,Övrigt,2.0,g
7203,Linssoppa m. coucous veg.,"Fett, totalt",Övrigt,1.3,g
7203,Linssoppa m. coucous veg.,"Järn, Fe",Övrigt,0.7,mg
7203,Linssoppa m. coucous veg.,Energi (kJ),Övrigt,205.0,kJ
7203,Linssoppa m. coucous veg.,Energi (kcal),Övrigt,49.0,kcal
7203,Linssoppa m. coucous veg.,Disackarider,Övrigt,0.7,g
7203,Linssoppa m. coucous veg.,"Kalcium, Ca",Övrigt,15.0,mg
7203,Linssoppa m. coucous veg.,Fettsyra 4:0-10:0,Övrigt,0.0,g
7203,Linssoppa m. coucous veg.,DHA (C22:6),Övrigt,0.0,g
7203,Linssoppa m. coucous veg.,DPA (C22:5),Övrigt,0.0,g
7203,Linssoppa m. coucous veg.,EPA (C20:5),Övrigt,0.0,g
7203,Linssoppa m. coucous veg.,Arakidonsyra C20:4,Övrigt,0.0,g
7203,Linssoppa m. coucous veg.,Arakidinsyra C20:0,Övrigt,0.0,g
7203,Linssoppa m. coucous veg.,Linolensyra C18:3,Övrigt,0.1,g
7203,Linssoppa m. coucous veg.,Linolsyra C18:2,Övrigt,0.2,g
7203,Linssoppa m. coucous veg.,Oljesyra C18:1,Övrigt,0.6,g
7203,Linssoppa m. coucous veg.,Stearinsyra C18:0,Övrigt,0.1,g
7203,Linssoppa m. coucous veg.,Palmitoljesyra C16:1,Övrigt,0.0,g
7203,Linssoppa m. coucous veg.,Palmitinsyra C16:0,Övrigt,0.2,g
7203,Linssoppa m. coucous veg.,Myristinsyra C14:0,Övrigt,0.0,g
7203,Linssoppa m. coucous veg.,Laurinsyra C12:0,Övrigt,0.0,g
7203,Linssoppa m. coucous veg.,Betakaroten/β-Karoten,Övrigt,1025.0,µg
7203,Linssoppa m. coucous veg.,Avfall (skal etc.),Övrigt,2.0,%
7203,Linssoppa m. coucous veg.,Aska,Övrigt,1.2,g
7203,Linssoppa m. coucous veg.,Alkohol,Övrigt,0.0,g
7204,Pannkaka tunn m. vatten,"Zink, Zn",Övrigt,0.3,mg
7204,Pannkaka tunn m. vatten,Vitamin E,Övrigt,1.6,mg
7204,Pannkaka tunn m. vatten,Vitamin D,Övrigt,0.43,µg
7204,Pannkaka tunn m. vatten,Vitamin C,Övrigt,0.5,mg
7204,Pannkaka tunn m. vatten,Vitamin B6,Övrigt,0.03,mg
7204,Pannkaka tunn m. vatten,Vitamin B12,Övrigt,0.23,µg
7204,Pannkaka tunn m. vatten,Vitamin A,Övrigt,72.9,RE/µg
7204,Pannkaka tunn m. vatten,Vatten,Övrigt,75.5,g
7204,Pannkaka tunn m. vatten,Tiamin,Övrigt,0.04,mg
7204,Pannkaka tunn m. vatten,Tillsatt socker,Övrigt,0.0,g
7204,Pannkaka tunn m. vatten,Fritt socker,Övrigt,0.0,g
7204,Pannkaka tunn m. vatten,"Selen, Se",Övrigt,5.7,µg
7204,Pannkaka tunn m. vatten,Sackaros,Övrigt,0.1,g
7204,Pannkaka tunn m. vatten,Riboflavin,Övrigt,0.07,mg
7204,Pannkaka tunn m. vatten,Retinol,Övrigt,71.0,µg
7204,Pannkaka tunn m. vatten,Protein,Övrigt,3.7,g
7204,Pannkaka tunn m. vatten,Summa fleromättade fettsyror,Övrigt,1.3,g
7204,Pannkaka tunn m. vatten,"Fosfor, P",Övrigt,52.0,mg
7204,Pannkaka tunn m. vatten,Niacinekvivalenter,Övrigt,0.96,NE/mg
7204,Pannkaka tunn m. vatten,Niacin,Övrigt,0.17,mg
7204,Pannkaka tunn m. vatten,"Salt, NaCl",Övrigt,0.5,g
7204,Pannkaka tunn m. vatten,"Natrium, Na",Övrigt,192.0,mg
7204,Pannkaka tunn m. vatten,Monosackarider,Övrigt,0.1,g
7204,Pannkaka tunn m. vatten,"Sockerarter, totalt",Övrigt,0.4,g
7204,Pannkaka tunn m. vatten,Summa enkelomättade fettsyror,Övrigt,2.5,g
7204,Pannkaka tunn m. vatten,"Magnesium, Mg",Övrigt,7.0,mg
7204,Pannkaka tunn m. vatten,Summa mättade fettsyror,Övrigt,0.7,g
7204,Pannkaka tunn m. vatten,"Kolhydrater, tillgängliga",Övrigt,14.3,g
7204,Pannkaka tunn m. vatten,Kolesterol,Övrigt,55.8,mg
7204,Pannkaka tunn m. vatten,"Kalium, K",Övrigt,54.0,mg
7204,Pannkaka tunn m. vatten,"Jod, I",Övrigt,27.2,µg
7204,Pannkaka tunn m. vatten,Fullkorn totalt,Övrigt,0.0,g
7204,Pannkaka tunn m. vatten,"Folat, totalt",Övrigt,13.9,µg
7204,Pannkaka tunn m. vatten,Fibrer,Övrigt,0.7,g
7204,Pannkaka tunn m. vatten,"Fett, totalt",Övrigt,5.0,g
7204,Pannkaka tunn m. vatten,"Järn, Fe",Övrigt,0.4,mg
7204,Pannkaka tunn m. vatten,Energi (kJ),Övrigt,498.0,kJ
7204,Pannkaka tunn m. vatten,Energi (kcal),Övrigt,119.0,kcal
7204,Pannkaka tunn m. vatten,Disackarider,Övrigt,0.3,g
7204,Pannkaka tunn m. vatten,"Kalcium, Ca",Övrigt,15.0,mg
7204,Pannkaka tunn m. vatten,Fettsyra 4:0-10:0,Övrigt,0.0,g
7204,Pannkaka tunn m. vatten,DHA (C22:6),Övrigt,0.0,g
7204,Pannkaka tunn m. vatten,DPA (C22:5),Övrigt,0.0,g
7204,Pannkaka tunn m. vatten,EPA (C20:5),Övrigt,0.0,g
7204,Pannkaka tunn m. vatten,Arakidonsyra C20:4,Övrigt,0.0,g
7204,Pannkaka tunn m. vatten,Arakidinsyra C20:0,Övrigt,0.0,g
7204,Pannkaka tunn m. vatten,Linolensyra C18:3,Övrigt,0.3,g
7204,Pannkaka tunn m. vatten,Linolsyra C18:2,Övrigt,0.9,g
7204,Pannkaka tunn m. vatten,Oljesyra C18:1,Övrigt,2.4,g
7204,Pannkaka tunn m. vatten,Stearinsyra C18:0,Övrigt,0.2,g
7204,Pannkaka tunn m. vatten,Palmitoljesyra C16:1,Övrigt,0.0,g
7204,Pannkaka tunn m. vatten,Palmitinsyra C16:0,Övrigt,0.5,g
7204,Pannkaka tunn m. vatten,Myristinsyra C14:0,Övrigt,0.0,g
7204,Pannkaka tunn m. vatten,Laurinsyra C12:0,Övrigt,0.0,g
7204,Pannkaka tunn m. vatten,Betakaroten/β-Karoten,Övrigt,22.0,µg
7204,Pannkaka tunn m. vatten,Avfall (skal etc.),Övrigt,2.0,%
7204,Pannkaka tunn m. vatten,Aska,Övrigt,0.6,g
7204,Pannkaka tunn m. vatten,Alkohol,Övrigt,0.0,g
7206,Mörk choklad kakao 70% m. frukt nötter,"Zink, Zn",Choklad ,2.5,mg
7206,Mörk choklad kakao 70% m. frukt nötter,Vitamin E,Choklad ,1.0,mg
7206,Mörk choklad kakao 70% m. frukt nötter,Vitamin D,Choklad ,3.47,µg
7206,Mörk choklad kakao 70% m. frukt nötter,Vitamin C,Choklad ,0.8,mg
7206,Mörk choklad kakao 70% m. frukt nötter,Vitamin B6,Choklad ,0.07,mg
7206,Mörk choklad kakao 70% m. frukt nötter,Vitamin B12,Choklad ,0.24,µg
7206,Mörk choklad kakao 70% m. frukt nötter,Vitamin A,Choklad ,2.4,RE/µg
7206,Mörk choklad kakao 70% m. frukt nötter,Vatten,Choklad ,2.3,g
7206,Mörk choklad kakao 70% m. frukt nötter,Tiamin,Choklad ,0.12,mg
7206,Mörk choklad kakao 70% m. frukt nötter,Tillsatt socker,Choklad ,28.0,g
7206,Mörk choklad kakao 70% m. frukt nötter,Fritt socker,Choklad ,28.0,g
7206,Mörk choklad kakao 70% m. frukt nötter,"Selen, Se",Choklad ,0.0,µg
7206,Mörk choklad kakao 70% m. frukt nötter,Sackaros,Choklad ,26.9,g
7206,Mörk choklad kakao 70% m. frukt nötter,Riboflavin,Choklad ,0.09,mg
7206,Mörk choklad kakao 70% m. frukt nötter,Retinol,Choklad ,0.0,µg
7206,Mörk choklad kakao 70% m. frukt nötter,Protein,Choklad ,8.2,g
7206,Mörk choklad kakao 70% m. frukt nötter,Summa fleromättade fettsyror,Choklad ,1.2,g
7206,Mörk choklad kakao 70% m. frukt nötter,"Fosfor, P",Choklad ,226.0,mg
7206,Mörk choklad kakao 70% m. frukt nötter,Niacinekvivalenter,Choklad ,2.17,NE/mg
7206,Mörk choklad kakao 70% m. frukt nötter,Niacin,Choklad ,0.81,mg
7206,Mörk choklad kakao 70% m. frukt nötter,"Salt, NaCl",Choklad ,0.0,g
7206,Mörk choklad kakao 70% m. frukt nötter,"Natrium, Na",Choklad ,5.0,mg
7206,Mörk choklad kakao 70% m. frukt nötter,Monosackarider,Choklad ,1.8,g
7206,Mörk choklad kakao 70% m. frukt nötter,"Sockerarter, totalt",Choklad ,28.7,g
7206,Mörk choklad kakao 70% m. frukt nötter,Summa enkelomättade fettsyror,Choklad ,13.9,g
7206,Mörk choklad kakao 70% m. frukt nötter,"Magnesium, Mg",Choklad ,165.0,mg
7206,Mörk choklad kakao 70% m. frukt nötter,Summa mättade fettsyror,Choklad ,25.7,g
7206,Mörk choklad kakao 70% m. frukt nötter,"Kolhydrater, tillgängliga",Choklad ,34.3,g
7206,Mörk choklad kakao 70% m. frukt nötter,Kolesterol,Choklad ,2.9,mg
7206,Mörk choklad kakao 70% m. frukt nötter,"Kalium, K",Choklad ,549.0,mg
7206,Mörk choklad kakao 70% m. frukt nötter,"Jod, I",Choklad ,0.0,µg
7206,Mörk choklad kakao 70% m. frukt nötter,Fullkorn totalt,Choklad ,0.0,g
7206,Mörk choklad kakao 70% m. frukt nötter,"Folat, totalt",Choklad ,15.5,µg
7206,Mörk choklad kakao 70% m. frukt nötter,Fibrer,Choklad ,10.7,g
7206,Mörk choklad kakao 70% m. frukt nötter,"Fett, totalt",Choklad ,42.7,g
7206,Mörk choklad kakao 70% m. frukt nötter,"Järn, Fe",Choklad ,9.0,mg
7206,Mörk choklad kakao 70% m. frukt nötter,Energi (kJ),Choklad ,2387.0,kJ
7206,Mörk choklad kakao 70% m. frukt nötter,Energi (kcal),Choklad ,571.0,kcal
7206,Mörk choklad kakao 70% m. frukt nötter,Disackarider,Choklad ,26.9,g
7206,Mörk choklad kakao 70% m. frukt nötter,"Kalcium, Ca",Choklad ,52.0,mg
7206,Mörk choklad kakao 70% m. frukt nötter,Fettsyra 4:0-10:0,Choklad ,0.0,g
7206,Mörk choklad kakao 70% m. frukt nötter,DHA (C22:6),Choklad ,0.0,g
7206,Mörk choklad kakao 70% m. frukt nötter,DPA (C22:5),Choklad ,0.0,g
7206,Mörk choklad kakao 70% m. frukt nötter,EPA (C20:5),Choklad ,0.0,g
7206,Mörk choklad kakao 70% m. frukt nötter,Arakidonsyra C20:4,Choklad ,0.0,g
7206,Mörk choklad kakao 70% m. frukt nötter,Arakidinsyra C20:0,Choklad ,0.4,g
7206,Mörk choklad kakao 70% m. frukt nötter,Linolensyra C18:3,Choklad ,0.1,g
7206,Mörk choklad kakao 70% m. frukt nötter,Linolsyra C18:2,Choklad ,1.1,g
7206,Mörk choklad kakao 70% m. frukt nötter,Oljesyra C18:1,Choklad ,13.8,g
7206,Mörk choklad kakao 70% m. frukt nötter,Stearinsyra C18:0,Choklad ,14.6,g
7206,Mörk choklad kakao 70% m. frukt nötter,Palmitoljesyra C16:1,Choklad ,0.1,g
7206,Mörk choklad kakao 70% m. frukt nötter,Palmitinsyra C16:0,Choklad ,10.5,g
7206,Mörk choklad kakao 70% m. frukt nötter,Myristinsyra C14:0,Choklad ,0.1,g
7206,Mörk choklad kakao 70% m. frukt nötter,Laurinsyra C12:0,Choklad ,0.0,g
7206,Mörk choklad kakao 70% m. frukt nötter,Betakaroten/β-Karoten,Choklad ,24.0,µg
7206,Mörk choklad kakao 70% m. frukt nötter,Avfall (skal etc.),Choklad ,1.0,%
7206,Mörk choklad kakao 70% m. frukt nötter,Aska,Choklad ,1.9,g
7206,Mörk choklad kakao 70% m. frukt nötter,Alkohol,Choklad ,0.0,g
7207,Knäck,"Zink, Zn",Godis ej choklad,0.4,mg
7207,Knäck,Vitamin E,Godis ej choklad,2.4,mg
7207,Knäck,Vitamin D inkl 25-OH-D3,Godis ej choklad,0.11,µg
7207,Knäck,Vitamin D,Godis ej choklad,0.04,µg
7207,Knäck,Vitamin C,Godis ej choklad,0.2,mg
7207,Knäck,Vitamin B6,Godis ej choklad,0.02,mg
7207,Knäck,Vitamin B12,Godis ej choklad,0.16,µg
7207,Knäck,Vitamin A,Godis ej choklad,168.3,RE/µg
7207,Knäck,Vatten,Godis ej choklad,10.3,g
7207,Knäck,Tiamin,Godis ej choklad,0.02,mg
7207,Knäck,Tillsatt socker,Godis ej choklad,61.0,g
7207,Knäck,Fritt socker,Godis ej choklad,61.0,g
7207,Knäck,"Selen, Se",Godis ej choklad,1.0,µg
7207,Knäck,Sackaros,Godis ej choklad,42.5,g
7207,Knäck,Riboflavin,Godis ej choklad,0.09,mg
7207,Knäck,Retinol,Godis ej choklad,156.9,µg
7207,Knäck,Protein,Godis ej choklad,2.5,g
7207,Knäck,Summa fleromättade fettsyror,Godis ej choklad,1.3,g
7207,Knäck,"Fosfor, P",Godis ej choklad,74.0,mg
7207,Knäck,Niacinekvivalenter,Godis ej choklad,0.8,NE/mg
7207,Knäck,Niacin,Godis ej choklad,0.33,mg
7207,Knäck,"Salt, NaCl",Godis ej choklad,0.5,g
7207,Knäck,"Natrium, Na",Godis ej choklad,203.0,mg
7207,Knäck,Monosackarider,Godis ej choklad,19.1,g
7207,Knäck,"Sockerarter, totalt",Godis ej choklad,62.9,g
7207,Knäck,Summa enkelomättade fettsyror,Godis ej choklad,7.2,g
7207,Knäck,"Magnesium, Mg",Godis ej choklad,25.0,mg
7207,Knäck,Summa mättade fettsyror,Godis ej choklad,12.0,g
7207,Knäck,"Kolhydrater, tillgängliga",Godis ej choklad,62.5,g
7207,Knäck,Kolesterol,Godis ej choklad,52.1,mg
7207,Knäck,"Kalium, K",Godis ej choklad,139.0,mg
7207,Knäck,"Jod, I",Godis ej choklad,6.2,µg
7207,Knäck,Fullkorn totalt,Godis ej choklad,0.0,g
7207,Knäck,"Folat, totalt",Godis ej choklad,7.6,µg
7207,Knäck,Fibrer,Godis ej choklad,1.4,g
7207,Knäck,"Fett, totalt",Godis ej choklad,22.3,g
7207,Knäck,"Järn, Fe",Godis ej choklad,0.4,mg
7207,Knäck,Energi (kJ),Godis ej choklad,1940.0,kJ
7207,Knäck,Energi (kcal),Godis ej choklad,463.0,kcal
7207,Knäck,Disackarider,Godis ej choklad,43.7,g
7207,Knäck,"Kalcium, Ca",Godis ej choklad,61.0,mg
7207,Knäck,Fettsyra 4:0-10:0,Godis ej choklad,1.3,g
7207,Knäck,DHA (C22:6),Godis ej choklad,0.0,g
7207,Knäck,DPA (C22:5),Godis ej choklad,0.0,g
7207,Knäck,EPA (C20:5),Godis ej choklad,0.0,g
7207,Knäck,Arakidonsyra C20:4,Godis ej choklad,0.0,g
7207,Knäck,Arakidinsyra C20:0,Godis ej choklad,0.0,g
7207,Knäck,Linolensyra C18:3,Godis ej choklad,0.1,g
7207,Knäck,Linolsyra C18:2,Godis ej choklad,1.2,g
7207,Knäck,Oljesyra C18:1,Godis ej choklad,6.6,g
7207,Knäck,Stearinsyra C18:0,Godis ej choklad,1.9,g
7207,Knäck,Palmitoljesyra C16:1,Godis ej choklad,0.4,g
7207,Knäck,Palmitinsyra C16:0,Godis ej choklad,5.9,g
7207,Knäck,Myristinsyra C14:0,Godis ej choklad,1.9,g
7207,Knäck,Laurinsyra C12:0,Godis ej choklad,0.6,g
7207,Knäck,Betakaroten/β-Karoten,Godis ej choklad,136.0,µg
7207,Knäck,Avfall (skal etc.),Godis ej choklad,4.0,%
7207,Knäck,Aska,Godis ej choklad,1.1,g
7207,Knäck,Alkohol,Godis ej choklad,0.0,g
7219,Potatismos pulver,"Zink, Zn",Potatisprodukter potatisrätter,1.1,mg
7219,Potatismos pulver,Vitamin E,Potatisprodukter potatisrätter,0.3,mg
7219,Potatismos pulver,Vitamin D,Potatisprodukter potatisrätter,0.0,µg
7219,Potatismos pulver,Vitamin C,Potatisprodukter potatisrätter,89.6,mg
7219,Potatismos pulver,Vitamin B6,Potatisprodukter potatisrätter,0.85,mg
7219,Potatismos pulver,Vitamin B12,Potatisprodukter potatisrätter,0.28,µg
7219,Potatismos pulver,Vitamin A,Potatisprodukter potatisrätter,2.2,RE/µg
7219,Potatismos pulver,Vatten,Potatisprodukter potatisrätter,6.1,g
7219,Potatismos pulver,Tiamin,Potatisprodukter potatisrätter,0.29,mg
7219,Potatismos pulver,Tillsatt socker,Potatisprodukter potatisrätter,2.0,g
7219,Potatismos pulver,Fritt socker,Potatisprodukter potatisrätter,2.0,g
7219,Potatismos pulver,"Selen, Se",Potatisprodukter potatisrätter,0.8,µg
7219,Potatismos pulver,Sackaros,Potatisprodukter potatisrätter,1.1,g
7219,Potatismos pulver,Riboflavin,Potatisprodukter potatisrätter,0.2,mg
7219,Potatismos pulver,Retinol,Potatisprodukter potatisrätter,0.4,µg
7219,Potatismos pulver,Protein,Potatisprodukter potatisrätter,9.1,g
7219,Potatismos pulver,Summa fleromättade fettsyror,Potatisprodukter potatisrätter,0.0,g
7219,Potatismos pulver,"Fosfor, P",Potatisprodukter potatisrätter,236.0,mg
7219,Potatismos pulver,Niacinekvivalenter,Potatisprodukter potatisrätter,9.64,NE/mg
7219,Potatismos pulver,Niacin,Potatisprodukter potatisrätter,7.97,mg
7219,Potatismos pulver,"Salt, NaCl",Potatisprodukter potatisrätter,3.0,g
7219,Potatismos pulver,"Natrium, Na",Potatisprodukter potatisrätter,1228.0,mg
7219,Potatismos pulver,Monosackarider,Potatisprodukter potatisrätter,1.1,g
7219,Potatismos pulver,"Sockerarter, totalt",Potatisprodukter potatisrätter,6.9,g
7219,Potatismos pulver,Summa enkelomättade fettsyror,Potatisprodukter potatisrätter,0.0,g
7219,Potatismos pulver,"Magnesium, Mg",Potatisprodukter potatisrätter,92.0,mg
7219,Potatismos pulver,Summa mättade fettsyror,Potatisprodukter potatisrätter,1.0,g
7219,Potatismos pulver,"Kolhydrater, tillgängliga",Potatisprodukter potatisrätter,68.0,g
7219,Potatismos pulver,Kolesterol,Potatisprodukter potatisrätter,1.2,mg
7219,Potatismos pulver,"Kalium, K",Potatisprodukter potatisrätter,1581.0,mg
7219,Potatismos pulver,"Jod, I",Potatisprodukter potatisrätter,14.1,µg
7219,Potatismos pulver,Fullkorn totalt,Potatisprodukter potatisrätter,0.0,g
7219,Potatismos pulver,"Folat, totalt",Potatisprodukter potatisrätter,70.0,µg
7219,Potatismos pulver,Fibrer,Potatisprodukter potatisrätter,8.3,g
7219,Potatismos pulver,"Fett, totalt",Potatisprodukter potatisrätter,1.5,g
7219,Potatismos pulver,"Järn, Fe",Potatisprodukter potatisrätter,1.5,mg
7219,Potatismos pulver,Energi (kJ),Potatisprodukter potatisrätter,1435.0,kJ
7219,Potatismos pulver,Energi (kcal),Potatisprodukter potatisrätter,344.0,kcal
7219,Potatismos pulver,Disackarider,Potatisprodukter potatisrätter,5.8,g
7219,Potatismos pulver,"Kalcium, Ca",Potatisprodukter potatisrätter,94.0,mg
7219,Potatismos pulver,Fettsyra 4:0-10:0,Potatisprodukter potatisrätter,0.1,g
7219,Potatismos pulver,DHA (C22:6),Potatisprodukter potatisrätter,0.0,g
7219,Potatismos pulver,DPA (C22:5),Potatisprodukter potatisrätter,0.0,g
7219,Potatismos pulver,EPA (C20:5),Potatisprodukter potatisrätter,0.0,g
7219,Potatismos pulver,Arakidonsyra C20:4,Potatisprodukter potatisrätter,0.0,g
7219,Potatismos pulver,Arakidinsyra C20:0,Potatisprodukter potatisrätter,0.0,g
7219,Potatismos pulver,Linolensyra C18:3,Potatisprodukter potatisrätter,0.0,g
7219,Potatismos pulver,Linolsyra C18:2,Potatisprodukter potatisrätter,0.0,g
7219,Potatismos pulver,Oljesyra C18:1,Potatisprodukter potatisrätter,0.0,g
7219,Potatismos pulver,Stearinsyra C18:0,Potatisprodukter potatisrätter,0.2,g
7219,Potatismos pulver,Palmitoljesyra C16:1,Potatisprodukter potatisrätter,0.0,g
7219,Potatismos pulver,Palmitinsyra C16:0,Potatisprodukter potatisrätter,0.1,g
7219,Potatismos pulver,Myristinsyra C14:0,Potatisprodukter potatisrätter,0.2,g
7219,Potatismos pulver,Laurinsyra C12:0,Potatisprodukter potatisrätter,0.4,g
7219,Potatismos pulver,Betakaroten/β-Karoten,Potatisprodukter potatisrätter,22.0,µg
7219,Potatismos pulver,Avfall (skal etc.),Potatisprodukter potatisrätter,18.0,%
7219,Potatismos pulver,Aska,Potatisprodukter potatisrätter,6.9,g
7219,Potatismos pulver,Alkohol,Potatisprodukter potatisrätter,0.0,g
7221,Potatismos pulver tillagat,"Zink, Zn",Övrigt,0.2,mg
7221,Potatismos pulver tillagat,Vitamin E,Övrigt,0.0,mg
7221,Potatismos pulver tillagat,Vitamin D,Övrigt,0.0,µg
7221,Potatismos pulver tillagat,Vitamin C,Övrigt,16.7,mg
7221,Potatismos pulver tillagat,Vitamin B6,Övrigt,0.16,mg
7221,Potatismos pulver tillagat,Vitamin B12,Övrigt,0.05,µg
7221,Potatismos pulver tillagat,Vitamin A,Övrigt,0.4,RE/µg
7221,Potatismos pulver tillagat,Vatten,Övrigt,82.5,g
7221,Potatismos pulver tillagat,Tiamin,Övrigt,0.05,mg
7221,Potatismos pulver tillagat,Tillsatt socker,Övrigt,0.0,g
7221,Potatismos pulver tillagat,Fritt socker,Övrigt,0.0,g
7221,Potatismos pulver tillagat,"Selen, Se",Övrigt,0.1,µg
7221,Potatismos pulver tillagat,Sackaros,Övrigt,0.2,g
7221,Potatismos pulver tillagat,Riboflavin,Övrigt,0.04,mg
7221,Potatismos pulver tillagat,Retinol,Övrigt,0.1,µg
7221,Potatismos pulver tillagat,Protein,Övrigt,1.7,g
7221,Potatismos pulver tillagat,Summa fleromättade fettsyror,Övrigt,0.0,g
7221,Potatismos pulver tillagat,"Fosfor, P",Övrigt,44.0,mg
7221,Potatismos pulver tillagat,Niacinekvivalenter,Övrigt,1.8,NE/mg
7221,Potatismos pulver tillagat,Niacin,Övrigt,1.48,mg
7221,Potatismos pulver tillagat,"Salt, NaCl",Övrigt,0.6,g
7221,Potatismos pulver tillagat,"Natrium, Na",Övrigt,231.0,mg
7221,Potatismos pulver tillagat,Monosackarider,Övrigt,0.2,g
7221,Potatismos pulver tillagat,"Sockerarter, totalt",Övrigt,1.3,g
7221,Potatismos pulver tillagat,Summa enkelomättade fettsyror,Övrigt,0.0,g
7221,Potatismos pulver tillagat,"Magnesium, Mg",Övrigt,17.0,mg
7221,Potatismos pulver tillagat,Summa mättade fettsyror,Övrigt,0.2,g
7221,Potatismos pulver tillagat,"Kolhydrater, tillgängliga",Övrigt,12.7,g
7221,Potatismos pulver tillagat,Kolesterol,Övrigt,0.2,mg
7221,Potatismos pulver tillagat,"Kalium, K",Övrigt,295.0,mg
7221,Potatismos pulver tillagat,"Jod, I",Övrigt,3.7,µg
7221,Potatismos pulver tillagat,Fullkorn totalt,Övrigt,0.0,g
7221,Potatismos pulver tillagat,"Folat, totalt",Övrigt,13.1,µg
7221,Potatismos pulver tillagat,Fibrer,Övrigt,1.5,g
7221,Potatismos pulver tillagat,"Fett, totalt",Övrigt,0.3,g
7221,Potatismos pulver tillagat,"Järn, Fe",Övrigt,0.3,mg
7221,Potatismos pulver tillagat,Energi (kJ),Övrigt,267.0,kJ
7221,Potatismos pulver tillagat,Energi (kcal),Övrigt,64.0,kcal
7221,Potatismos pulver tillagat,Disackarider,Övrigt,1.1,g
7221,Potatismos pulver tillagat,"Kalcium, Ca",Övrigt,20.0,mg
7221,Potatismos pulver tillagat,Fettsyra 4:0-10:0,Övrigt,0.0,g
7221,Potatismos pulver tillagat,DHA (C22:6),Övrigt,0.0,g
7221,Potatismos pulver tillagat,DPA (C22:5),Övrigt,0.0,g
7221,Potatismos pulver tillagat,EPA (C20:5),Övrigt,0.0,g
7221,Potatismos pulver tillagat,Arakidonsyra C20:4,Övrigt,0.0,g
7221,Potatismos pulver tillagat,Arakidinsyra C20:0,Övrigt,0.0,g
7221,Potatismos pulver tillagat,Linolensyra C18:3,Övrigt,0.0,g
7221,Potatismos pulver tillagat,Linolsyra C18:2,Övrigt,0.0,g
7221,Potatismos pulver tillagat,Oljesyra C18:1,Övrigt,0.0,g
7221,Potatismos pulver tillagat,Stearinsyra C18:0,Övrigt,0.0,g
7221,Potatismos pulver tillagat,Palmitoljesyra C16:1,Övrigt,0.0,g
7221,Potatismos pulver tillagat,Palmitinsyra C16:0,Övrigt,0.0,g
7221,Potatismos pulver tillagat,Myristinsyra C14:0,Övrigt,0.0,g
7221,Potatismos pulver tillagat,Laurinsyra C12:0,Övrigt,0.1,g
7221,Potatismos pulver tillagat,Betakaroten/β-Karoten,Övrigt,4.0,µg
7221,Potatismos pulver tillagat,Avfall (skal etc.),Övrigt,3.0,%
7221,Potatismos pulver tillagat,Aska,Övrigt,1.3,g
7221,Potatismos pulver tillagat,Alkohol,Övrigt,0.0,g
7226,Mörk choklad m. sötningsm.,"Zink, Zn",Choklad ,2.6,mg
7226,Mörk choklad m. sötningsm.,Vitamin E,Choklad ,0.8,mg
7226,Mörk choklad m. sötningsm.,Vitamin D,Choklad ,3.65,µg
7226,Mörk choklad m. sötningsm.,Vitamin C,Choklad ,0.0,mg
7226,Mörk choklad m. sötningsm.,Vitamin B6,Choklad ,0.06,mg
7226,Mörk choklad m. sötningsm.,Vitamin B12,Choklad ,0.25,µg
7226,Mörk choklad m. sötningsm.,Vitamin A,Choklad ,1.9,RE/µg
7226,Mörk choklad m. sötningsm.,Vatten,Choklad ,1.0,g
7226,Mörk choklad m. sötningsm.,Tiamin,Choklad ,0.12,mg
7226,Mörk choklad m. sötningsm.,Tillsatt socker,Choklad ,0.0,g
7226,Mörk choklad m. sötningsm.,Fritt socker,Choklad ,0.0,g
7226,Mörk choklad m. sötningsm.,"Selen, Se",Choklad ,0.0,µg
7226,Mörk choklad m. sötningsm.,Sackaros,Choklad ,0.0,g
7226,Mörk choklad m. sötningsm.,Riboflavin,Choklad ,0.09,mg
7226,Mörk choklad m. sötningsm.,Retinol,Choklad ,0.0,µg
7226,Mörk choklad m. sötningsm.,Protein,Choklad ,8.4,g
7226,Mörk choklad m. sötningsm.,Summa fleromättade fettsyror,Choklad ,1.0,g
7226,Mörk choklad m. sötningsm.,"Fosfor, P",Choklad ,230.0,mg
7226,Mörk choklad m. sötningsm.,Niacinekvivalenter,Choklad ,2.2,NE/mg
7226,Mörk choklad m. sötningsm.,Niacin,Choklad ,0.81,mg
7226,Mörk choklad m. sötningsm.,"Salt, NaCl",Choklad ,0.0,g
7226,Mörk choklad m. sötningsm.,"Natrium, Na",Choklad ,5.0,mg
7226,Mörk choklad m. sötningsm.,Monosackarider,Choklad ,0.1,g
7226,Mörk choklad m. sötningsm.,"Sockerarter, totalt",Choklad ,0.1,g
7226,Mörk choklad m. sötningsm.,Summa enkelomättade fettsyror,Choklad ,13.9,g
7226,Mörk choklad m. sötningsm.,"Magnesium, Mg",Choklad ,170.0,mg
7226,Mörk choklad m. sötningsm.,Summa mättade fettsyror,Choklad ,27.0,g
7226,Mörk choklad m. sötningsm.,"Kolhydrater, tillgängliga",Choklad ,34.0,g
7226,Mörk choklad m. sötningsm.,Kolesterol,Choklad ,3.1,mg
7226,Mörk choklad m. sötningsm.,"Kalium, K",Choklad ,560.0,mg
7226,Mörk choklad m. sötningsm.,"Jod, I",Choklad ,0.0,µg
7226,Mörk choklad m. sötningsm.,Fullkorn totalt,Choklad ,0.0,g
7226,Mörk choklad m. sötningsm.,"Folat, totalt",Choklad ,15.2,µg
7226,Mörk choklad m. sötningsm.,Fibrer,Choklad ,10.8,g
7226,Mörk choklad m. sötningsm.,"Fett, totalt",Choklad ,43.9,g
7226,Mörk choklad m. sötningsm.,"Järn, Fe",Choklad ,9.4,mg
7226,Mörk choklad m. sötningsm.,Energi (kJ),Choklad ,2431.0,kJ
7226,Mörk choklad m. sötningsm.,Energi (kcal),Choklad ,581.0,kcal
7226,Mörk choklad m. sötningsm.,Disackarider,Choklad ,0.0,g
7226,Mörk choklad m. sötningsm.,"Kalcium, Ca",Choklad ,51.0,mg
7226,Mörk choklad m. sötningsm.,Fettsyra 4:0-10:0,Choklad ,0.0,g
7226,Mörk choklad m. sötningsm.,DHA (C22:6),Choklad ,0.0,g
7226,Mörk choklad m. sötningsm.,DPA (C22:5),Choklad ,0.0,g
7226,Mörk choklad m. sötningsm.,EPA (C20:5),Choklad ,0.0,g
7226,Mörk choklad m. sötningsm.,Arakidonsyra C20:4,Choklad ,0.0,g
7226,Mörk choklad m. sötningsm.,Arakidinsyra C20:0,Choklad ,0.4,g
7226,Mörk choklad m. sötningsm.,Linolensyra C18:3,Choklad ,0.1,g
7226,Mörk choklad m. sötningsm.,Linolsyra C18:2,Choklad ,1.0,g
7226,Mörk choklad m. sötningsm.,Oljesyra C18:1,Choklad ,13.8,g
7226,Mörk choklad m. sötningsm.,Stearinsyra C18:0,Choklad ,15.4,g
7226,Mörk choklad m. sötningsm.,Palmitoljesyra C16:1,Choklad ,0.1,g
7226,Mörk choklad m. sötningsm.,Palmitinsyra C16:0,Choklad ,11.0,g
7226,Mörk choklad m. sötningsm.,Myristinsyra C14:0,Choklad ,0.1,g
7226,Mörk choklad m. sötningsm.,Laurinsyra C12:0,Choklad ,0.0,g
7226,Mörk choklad m. sötningsm.,Betakaroten/β-Karoten,Choklad ,18.0,µg
7226,Mörk choklad m. sötningsm.,Avfall (skal etc.),Choklad ,0.0,%
7226,Mörk choklad m. sötningsm.,Aska,Choklad ,1.9,g
7226,Mörk choklad m. sötningsm.,Alkohol,Choklad ,0.0,g
7231,Kola hemlagad,"Zink, Zn",Godis ej choklad,0.2,mg
7231,Kola hemlagad,Vitamin E,Godis ej choklad,0.6,mg
7231,Kola hemlagad,Vitamin D inkl 25-OH-D3,Godis ej choklad,0.14,µg
7231,Kola hemlagad,Vitamin D,Godis ej choklad,0.06,µg
7231,Kola hemlagad,Vitamin C,Godis ej choklad,0.2,mg
7231,Kola hemlagad,Vitamin B6,Godis ej choklad,0.01,mg
7231,Kola hemlagad,Vitamin B12,Godis ej choklad,0.19,µg
7231,Kola hemlagad,Vitamin A,Godis ej choklad,206.1,RE/µg
7231,Kola hemlagad,Vatten,Godis ej choklad,10.1,g
7231,Kola hemlagad,Tiamin,Godis ej choklad,0.02,mg
7231,Kola hemlagad,Tillsatt socker,Godis ej choklad,64.0,g
7231,Kola hemlagad,Fritt socker,Godis ej choklad,64.0,g
7231,Kola hemlagad,"Selen, Se",Godis ej choklad,0.9,µg
7231,Kola hemlagad,Sackaros,Godis ej choklad,53.6,g
7231,Kola hemlagad,Riboflavin,Godis ej choklad,0.05,mg
7231,Kola hemlagad,Retinol,Godis ej choklad,192.5,µg
7231,Kola hemlagad,Protein,Godis ej choklad,1.1,g
7231,Kola hemlagad,Summa fleromättade fettsyror,Godis ej choklad,0.6,g
7231,Kola hemlagad,"Fosfor, P",Godis ej choklad,33.0,mg
7231,Kola hemlagad,Niacinekvivalenter,Godis ej choklad,0.26,NE/mg
7231,Kola hemlagad,Niacin,Godis ej choklad,0.02,mg
7231,Kola hemlagad,"Salt, NaCl",Godis ej choklad,0.5,g
7231,Kola hemlagad,"Natrium, Na",Godis ej choklad,176.0,mg
7231,Kola hemlagad,Monosackarider,Godis ej choklad,10.5,g
7231,Kola hemlagad,"Sockerarter, totalt",Godis ej choklad,65.5,g
7231,Kola hemlagad,Summa enkelomättade fettsyror,Godis ej choklad,5.6,g
7231,Kola hemlagad,"Magnesium, Mg",Godis ej choklad,4.0,mg
7231,Kola hemlagad,Summa mättade fettsyror,Godis ej choklad,14.6,g
7231,Kola hemlagad,"Kolhydrater, tillgängliga",Godis ej choklad,65.4,g
7231,Kola hemlagad,Kolesterol,Godis ej choklad,65.3,mg
7231,Kola hemlagad,"Kalium, K",Godis ej choklad,61.0,mg
7231,Kola hemlagad,"Jod, I",Godis ej choklad,13.0,µg
7231,Kola hemlagad,Fullkorn totalt,Godis ej choklad,0.0,g
7231,Kola hemlagad,"Folat, totalt",Godis ej choklad,4.6,µg
7231,Kola hemlagad,Fibrer,Godis ej choklad,0.0,g
7231,Kola hemlagad,"Fett, totalt",Godis ej choklad,22.7,g
7231,Kola hemlagad,"Järn, Fe",Godis ej choklad,0.1,mg
7231,Kola hemlagad,Energi (kJ),Godis ej choklad,1969.0,kJ
7231,Kola hemlagad,Energi (kcal),Godis ej choklad,470.0,kcal
7231,Kola hemlagad,Disackarider,Godis ej choklad,55.0,g
7231,Kola hemlagad,"Kalcium, Ca",Godis ej choklad,42.0,mg
7231,Kola hemlagad,Fettsyra 4:0-10:0,Godis ej choklad,1.7,g
7231,Kola hemlagad,DHA (C22:6),Godis ej choklad,0.0,g
7231,Kola hemlagad,DPA (C22:5),Godis ej choklad,0.0,g
7231,Kola hemlagad,EPA (C20:5),Godis ej choklad,0.0,g
7231,Kola hemlagad,Arakidonsyra C20:4,Godis ej choklad,0.0,g
7231,Kola hemlagad,Arakidinsyra C20:0,Godis ej choklad,0.0,g
7231,Kola hemlagad,Linolensyra C18:3,Godis ej choklad,0.1,g
7231,Kola hemlagad,Linolsyra C18:2,Godis ej choklad,0.4,g
7231,Kola hemlagad,Oljesyra C18:1,Godis ej choklad,4.9,g
7231,Kola hemlagad,Stearinsyra C18:0,Godis ej choklad,2.3,g
7231,Kola hemlagad,Palmitoljesyra C16:1,Godis ej choklad,0.5,g
7231,Kola hemlagad,Palmitinsyra C16:0,Godis ej choklad,7.0,g
7231,Kola hemlagad,Myristinsyra C14:0,Godis ej choklad,2.4,g
7231,Kola hemlagad,Laurinsyra C12:0,Godis ej choklad,0.7,g
7231,Kola hemlagad,Betakaroten/β-Karoten,Godis ej choklad,163.0,µg
7231,Kola hemlagad,Avfall (skal etc.),Godis ej choklad,0.0,%
7231,Kola hemlagad,Aska,Godis ej choklad,0.7,g
7231,Kola hemlagad,Alkohol,Godis ej choklad,0.0,g
7232,Tomatsås till pizza konserv.,"Zink, Zn",Grönsaker,0.2,mg
7232,Tomatsås till pizza konserv.,Vitamin E,Grönsaker,1.9,mg
7232,Tomatsås till pizza konserv.,Vitamin D inkl 25-OH-D3,Grönsaker,0.0,µg
7232,Tomatsås till pizza konserv.,Vitamin D,Grönsaker,0.0,µg
7232,Tomatsås till pizza konserv.,Vitamin C,Grönsaker,19.3,mg
7232,Tomatsås till pizza konserv.,Vitamin B6,Grönsaker,0.14,mg
7232,Tomatsås till pizza konserv.,Vitamin B12,Grönsaker,0.0,µg
7232,Tomatsås till pizza konserv.,Vitamin A,Grönsaker,66.9,RE/µg
7232,Tomatsås till pizza konserv.,Vatten,Grönsaker,86.4,g
7232,Tomatsås till pizza konserv.,Tiamin,Grönsaker,0.11,mg
7232,Tomatsås till pizza konserv.,Tillsatt socker,Grönsaker,1.0,g
7232,Tomatsås till pizza konserv.,Fritt socker,Grönsaker,1.0,g
7232,Tomatsås till pizza konserv.,"Selen, Se",Grönsaker,0.1,µg
7232,Tomatsås till pizza konserv.,Sackaros,Grönsaker,1.4,g
7232,Tomatsås till pizza konserv.,Riboflavin,Grönsaker,0.01,mg
7232,Tomatsås till pizza konserv.,Retinol,Grönsaker,0.0,µg
7232,Tomatsås till pizza konserv.,Protein,Grönsaker,1.5,g
7232,Tomatsås till pizza konserv.,Summa fleromättade fettsyror,Grönsaker,0.5,g
7232,Tomatsås till pizza konserv.,"Fosfor, P",Grönsaker,38.0,mg
7232,Tomatsås till pizza konserv.,Niacinekvivalenter,Grönsaker,1.35,NE/mg
7232,Tomatsås till pizza konserv.,Niacin,Grönsaker,1.12,mg
7232,Tomatsås till pizza konserv.,"Salt, NaCl",Grönsaker,1.4,g
7232,Tomatsås till pizza konserv.,"Natrium, Na",Grönsaker,548.0,mg
7232,Tomatsås till pizza konserv.,Monosackarider,Grönsaker,4.8,g
7232,Tomatsås till pizza konserv.,"Sockerarter, totalt",Grönsaker,6.2,g
7232,Tomatsås till pizza konserv.,Summa enkelomättade fettsyror,Grönsaker,0.8,g
7232,Tomatsås till pizza konserv.,"Magnesium, Mg",Grönsaker,18.0,mg
7232,Tomatsås till pizza konserv.,Summa mättade fettsyror,Grönsaker,0.1,g
7232,Tomatsås till pizza konserv.,"Kolhydrater, tillgängliga",Grönsaker,6.0,g
7232,Tomatsås till pizza konserv.,Kolesterol,Grönsaker,0.0,mg
7232,Tomatsås till pizza konserv.,"Kalium, K",Grönsaker,381.0,mg
7232,Tomatsås till pizza konserv.,"Jod, I",Grönsaker,73.6,µg
7232,Tomatsås till pizza konserv.,Fullkorn totalt,Grönsaker,0.0,g
7232,Tomatsås till pizza konserv.,"Folat, totalt",Grönsaker,21.3,µg
7232,Tomatsås till pizza konserv.,Fibrer,Grönsaker,2.1,g
7232,Tomatsås till pizza konserv.,"Fett, totalt",Grönsaker,1.5,g
7232,Tomatsås till pizza konserv.,"Järn, Fe",Grönsaker,0.4,mg
7232,Tomatsås till pizza konserv.,Energi (kJ),Grönsaker,200.0,kJ
7232,Tomatsås till pizza konserv.,Energi (kcal),Grönsaker,49.0,kcal
7232,Tomatsås till pizza konserv.,Disackarider,Grönsaker,1.4,g
7232,Tomatsås till pizza konserv.,"Kalcium, Ca",Grönsaker,22.0,mg
7232,Tomatsås till pizza konserv.,Fettsyra 4:0-10:0,Grönsaker,0.0,g
7232,Tomatsås till pizza konserv.,DHA (C22:6),Grönsaker,0.0,g
7232,Tomatsås till pizza konserv.,DPA (C22:5),Grönsaker,0.0,g
7232,Tomatsås till pizza konserv.,EPA (C20:5),Grönsaker,0.0,g
7232,Tomatsås till pizza konserv.,Arakidonsyra C20:4,Grönsaker,0.0,g
7232,Tomatsås till pizza konserv.,Arakidinsyra C20:0,Grönsaker,0.0,g
7232,Tomatsås till pizza konserv.,Linolensyra C18:3,Grönsaker,0.1,g
7232,Tomatsås till pizza konserv.,Linolsyra C18:2,Grönsaker,0.3,g
7232,Tomatsås till pizza konserv.,Oljesyra C18:1,Grönsaker,0.8,g
7232,Tomatsås till pizza konserv.,Stearinsyra C18:0,Grönsaker,0.0,g
7232,Tomatsås till pizza konserv.,Palmitoljesyra C16:1,Grönsaker,0.0,g
7232,Tomatsås till pizza konserv.,Palmitinsyra C16:0,Grönsaker,0.1,g
7232,Tomatsås till pizza konserv.,Myristinsyra C14:0,Grönsaker,0.0,g
7232,Tomatsås till pizza konserv.,Laurinsyra C12:0,Grönsaker,0.0,g
7232,Tomatsås till pizza konserv.,Betakaroten/β-Karoten,Grönsaker,787.0,µg
7232,Tomatsås till pizza konserv.,Avfall (skal etc.),Grönsaker,0.0,%
7232,Tomatsås till pizza konserv.,Aska,Grönsaker,2.5,g
7232,Tomatsås till pizza konserv.,Alkohol,Grönsaker,0.0,g
7234,Drottningsylt lättsockrad,"Zink, Zn",Sylt marmelad gelé äppelmos o dyl,0.1,mg
7234,Drottningsylt lättsockrad,Vitamin E,Sylt marmelad gelé äppelmos o dyl,0.4,mg
7234,Drottningsylt lättsockrad,Vitamin D inkl 25-OH-D3,Sylt marmelad gelé äppelmos o dyl,0.0,µg
7234,Drottningsylt lättsockrad,Vitamin D,Sylt marmelad gelé äppelmos o dyl,0.0,µg
7234,Drottningsylt lättsockrad,Vitamin C,Sylt marmelad gelé äppelmos o dyl,3.7,mg
7234,Drottningsylt lättsockrad,Vitamin B6,Sylt marmelad gelé äppelmos o dyl,0.03,mg
7234,Drottningsylt lättsockrad,Vitamin B12,Sylt marmelad gelé äppelmos o dyl,0.0,µg
7234,Drottningsylt lättsockrad,Vitamin A,Sylt marmelad gelé äppelmos o dyl,2.4,RE/µg
7234,Drottningsylt lättsockrad,Vatten,Sylt marmelad gelé äppelmos o dyl,68.2,g
7234,Drottningsylt lättsockrad,Tiamin,Sylt marmelad gelé äppelmos o dyl,0.01,mg
7234,Drottningsylt lättsockrad,Tillsatt socker,Sylt marmelad gelé äppelmos o dyl,26.0,g
7234,Drottningsylt lättsockrad,Fritt socker,Sylt marmelad gelé äppelmos o dyl,26.0,g
7234,Drottningsylt lättsockrad,"Selen, Se",Sylt marmelad gelé äppelmos o dyl,0.0,µg
7234,Drottningsylt lättsockrad,Sackaros,Sylt marmelad gelé äppelmos o dyl,25.8,g
7234,Drottningsylt lättsockrad,Riboflavin,Sylt marmelad gelé äppelmos o dyl,0.03,mg
7234,Drottningsylt lättsockrad,Retinol,Sylt marmelad gelé äppelmos o dyl,0.0,µg
7234,Drottningsylt lättsockrad,Protein,Sylt marmelad gelé äppelmos o dyl,0.5,g
7234,Drottningsylt lättsockrad,Summa fleromättade fettsyror,Sylt marmelad gelé äppelmos o dyl,0.2,g
7234,Drottningsylt lättsockrad,"Fosfor, P",Sylt marmelad gelé äppelmos o dyl,13.0,mg
7234,Drottningsylt lättsockrad,Niacinekvivalenter,Sylt marmelad gelé äppelmos o dyl,0.29,NE/mg
7234,Drottningsylt lättsockrad,Niacin,Sylt marmelad gelé äppelmos o dyl,0.21,mg
7234,Drottningsylt lättsockrad,"Salt, NaCl",Sylt marmelad gelé äppelmos o dyl,0.0,g
7234,Drottningsylt lättsockrad,"Natrium, Na",Sylt marmelad gelé äppelmos o dyl,2.0,mg
7234,Drottningsylt lättsockrad,Monosackarider,Sylt marmelad gelé äppelmos o dyl,2.5,g
7234,Drottningsylt lättsockrad,"Sockerarter, totalt",Sylt marmelad gelé äppelmos o dyl,28.3,g
7234,Drottningsylt lättsockrad,Summa enkelomättade fettsyror,Sylt marmelad gelé äppelmos o dyl,0.0,g
7234,Drottningsylt lättsockrad,"Magnesium, Mg",Sylt marmelad gelé äppelmos o dyl,9.0,mg
7234,Drottningsylt lättsockrad,Summa mättade fettsyror,Sylt marmelad gelé äppelmos o dyl,0.0,g
7234,Drottningsylt lättsockrad,"Kolhydrater, tillgängliga",Sylt marmelad gelé äppelmos o dyl,28.9,g
7234,Drottningsylt lättsockrad,Kolesterol,Sylt marmelad gelé äppelmos o dyl,0.0,mg
7234,Drottningsylt lättsockrad,"Kalium, K",Sylt marmelad gelé äppelmos o dyl,38.0,mg
7234,Drottningsylt lättsockrad,"Jod, I",Sylt marmelad gelé äppelmos o dyl,1.1,µg
7234,Drottningsylt lättsockrad,Fullkorn totalt,Sylt marmelad gelé äppelmos o dyl,0.0,g
7234,Drottningsylt lättsockrad,"Folat, totalt",Sylt marmelad gelé äppelmos o dyl,7.4,µg
7234,Drottningsylt lättsockrad,Fibrer,Sylt marmelad gelé äppelmos o dyl,1.8,g
7234,Drottningsylt lättsockrad,"Fett, totalt",Sylt marmelad gelé äppelmos o dyl,0.4,g
7234,Drottningsylt lättsockrad,"Järn, Fe",Sylt marmelad gelé äppelmos o dyl,0.4,mg
7234,Drottningsylt lättsockrad,Energi (kJ),Sylt marmelad gelé äppelmos o dyl,528.0,kJ
7234,Drottningsylt lättsockrad,Energi (kcal),Sylt marmelad gelé äppelmos o dyl,126.0,kcal
7234,Drottningsylt lättsockrad,Disackarider,Sylt marmelad gelé äppelmos o dyl,25.8,g
7234,Drottningsylt lättsockrad,"Kalcium, Ca",Sylt marmelad gelé äppelmos o dyl,14.0,mg
7234,Drottningsylt lättsockrad,Fettsyra 4:0-10:0,Sylt marmelad gelé äppelmos o dyl,0.0,g
7234,Drottningsylt lättsockrad,DHA (C22:6),Sylt marmelad gelé äppelmos o dyl,0.0,g
7234,Drottningsylt lättsockrad,DPA (C22:5),Sylt marmelad gelé äppelmos o dyl,0.0,g
7234,Drottningsylt lättsockrad,EPA (C20:5),Sylt marmelad gelé äppelmos o dyl,0.0,g
7234,Drottningsylt lättsockrad,Arakidonsyra C20:4,Sylt marmelad gelé äppelmos o dyl,0.0,g
7234,Drottningsylt lättsockrad,Arakidinsyra C20:0,Sylt marmelad gelé äppelmos o dyl,0.0,g
7234,Drottningsylt lättsockrad,Linolensyra C18:3,Sylt marmelad gelé äppelmos o dyl,0.1,g
7234,Drottningsylt lättsockrad,Linolsyra C18:2,Sylt marmelad gelé äppelmos o dyl,0.1,g
7234,Drottningsylt lättsockrad,Oljesyra C18:1,Sylt marmelad gelé äppelmos o dyl,0.0,g
7234,Drottningsylt lättsockrad,Stearinsyra C18:0,Sylt marmelad gelé äppelmos o dyl,0.0,g
7234,Drottningsylt lättsockrad,Palmitoljesyra C16:1,Sylt marmelad gelé äppelmos o dyl,0.0,g
7234,Drottningsylt lättsockrad,Palmitinsyra C16:0,Sylt marmelad gelé äppelmos o dyl,0.0,g
7234,Drottningsylt lättsockrad,Myristinsyra C14:0,Sylt marmelad gelé äppelmos o dyl,0.0,g
7234,Drottningsylt lättsockrad,Laurinsyra C12:0,Sylt marmelad gelé äppelmos o dyl,0.0,g
7234,Drottningsylt lättsockrad,Betakaroten/β-Karoten,Sylt marmelad gelé äppelmos o dyl,26.0,µg
7234,Drottningsylt lättsockrad,Avfall (skal etc.),Sylt marmelad gelé äppelmos o dyl,0.0,%
7234,Drottningsylt lättsockrad,Aska,Sylt marmelad gelé äppelmos o dyl,0.2,g
7234,Drottningsylt lättsockrad,Alkohol,Sylt marmelad gelé äppelmos o dyl,0.0,g
7235,Drottningsylt,"Zink, Zn",Sylt marmelad gelé äppelmos o dyl,0.1,mg
7235,Drottningsylt,Vitamin E,Sylt marmelad gelé äppelmos o dyl,0.4,mg
7235,Drottningsylt,Vitamin D inkl 25-OH-D3,Sylt marmelad gelé äppelmos o dyl,0.0,µg
7235,Drottningsylt,Vitamin D,Sylt marmelad gelé äppelmos o dyl,0.0,µg
7235,Drottningsylt,Vitamin C,Sylt marmelad gelé äppelmos o dyl,3.6,mg
7235,Drottningsylt,Vitamin B6,Sylt marmelad gelé äppelmos o dyl,0.03,mg
7235,Drottningsylt,Vitamin B12,Sylt marmelad gelé äppelmos o dyl,0.0,µg
7235,Drottningsylt,Vitamin A,Sylt marmelad gelé äppelmos o dyl,2.3,RE/µg
7235,Drottningsylt,Vatten,Sylt marmelad gelé äppelmos o dyl,54.6,g
7235,Drottningsylt,Tiamin,Sylt marmelad gelé äppelmos o dyl,0.01,mg
7235,Drottningsylt,Tillsatt socker,Sylt marmelad gelé äppelmos o dyl,39.0,g
7235,Drottningsylt,Fritt socker,Sylt marmelad gelé äppelmos o dyl,39.0,g
7235,Drottningsylt,"Selen, Se",Sylt marmelad gelé äppelmos o dyl,0.0,µg
7235,Drottningsylt,Sackaros,Sylt marmelad gelé äppelmos o dyl,39.7,g
7235,Drottningsylt,Riboflavin,Sylt marmelad gelé äppelmos o dyl,0.02,mg
7235,Drottningsylt,Retinol,Sylt marmelad gelé äppelmos o dyl,0.0,µg
7235,Drottningsylt,Protein,Sylt marmelad gelé äppelmos o dyl,0.5,g
7235,Drottningsylt,Summa fleromättade fettsyror,Sylt marmelad gelé äppelmos o dyl,0.2,g
7235,Drottningsylt,"Fosfor, P",Sylt marmelad gelé äppelmos o dyl,12.0,mg
7235,Drottningsylt,Niacinekvivalenter,Sylt marmelad gelé äppelmos o dyl,0.29,NE/mg
7235,Drottningsylt,Niacin,Sylt marmelad gelé äppelmos o dyl,0.2,mg
7235,Drottningsylt,"Salt, NaCl",Sylt marmelad gelé äppelmos o dyl,0.0,g
7235,Drottningsylt,"Natrium, Na",Sylt marmelad gelé äppelmos o dyl,2.0,mg
7235,Drottningsylt,Monosackarider,Sylt marmelad gelé äppelmos o dyl,2.4,g
7235,Drottningsylt,"Sockerarter, totalt",Sylt marmelad gelé äppelmos o dyl,42.1,g
7235,Drottningsylt,Summa enkelomättade fettsyror,Sylt marmelad gelé äppelmos o dyl,0.0,g
7235,Drottningsylt,"Magnesium, Mg",Sylt marmelad gelé äppelmos o dyl,9.0,mg
7235,Drottningsylt,Summa mättade fettsyror,Sylt marmelad gelé äppelmos o dyl,0.0,g
7235,Drottningsylt,"Kolhydrater, tillgängliga",Sylt marmelad gelé äppelmos o dyl,42.6,g
7235,Drottningsylt,Kolesterol,Sylt marmelad gelé äppelmos o dyl,0.0,mg
7235,Drottningsylt,"Kalium, K",Sylt marmelad gelé äppelmos o dyl,37.0,mg
7235,Drottningsylt,"Jod, I",Sylt marmelad gelé äppelmos o dyl,0.9,µg
7235,Drottningsylt,Fullkorn totalt,Sylt marmelad gelé äppelmos o dyl,0.0,g
7235,Drottningsylt,"Folat, totalt",Sylt marmelad gelé äppelmos o dyl,7.2,µg
7235,Drottningsylt,Fibrer,Sylt marmelad gelé äppelmos o dyl,1.7,g
7235,Drottningsylt,"Fett, totalt",Sylt marmelad gelé äppelmos o dyl,0.4,g
7235,Drottningsylt,"Järn, Fe",Sylt marmelad gelé äppelmos o dyl,0.4,mg
7235,Drottningsylt,Energi (kJ),Sylt marmelad gelé äppelmos o dyl,760.0,kJ
7235,Drottningsylt,Energi (kcal),Sylt marmelad gelé äppelmos o dyl,182.0,kcal
7235,Drottningsylt,Disackarider,Sylt marmelad gelé äppelmos o dyl,39.7,g
7235,Drottningsylt,"Kalcium, Ca",Sylt marmelad gelé äppelmos o dyl,14.0,mg
7235,Drottningsylt,Fettsyra 4:0-10:0,Sylt marmelad gelé äppelmos o dyl,0.0,g
7235,Drottningsylt,DHA (C22:6),Sylt marmelad gelé äppelmos o dyl,0.0,g
7235,Drottningsylt,DPA (C22:5),Sylt marmelad gelé äppelmos o dyl,0.0,g
7235,Drottningsylt,EPA (C20:5),Sylt marmelad gelé äppelmos o dyl,0.0,g
7235,Drottningsylt,Arakidonsyra C20:4,Sylt marmelad gelé äppelmos o dyl,0.0,g
7235,Drottningsylt,Arakidinsyra C20:0,Sylt marmelad gelé äppelmos o dyl,0.0,g
7235,Drottningsylt,Linolensyra C18:3,Sylt marmelad gelé äppelmos o dyl,0.1,g
7235,Drottningsylt,Linolsyra C18:2,Sylt marmelad gelé äppelmos o dyl,0.1,g
7235,Drottningsylt,Oljesyra C18:1,Sylt marmelad gelé äppelmos o dyl,0.0,g
7235,Drottningsylt,Stearinsyra C18:0,Sylt marmelad gelé äppelmos o dyl,0.0,g
7235,Drottningsylt,Palmitoljesyra C16:1,Sylt marmelad gelé äppelmos o dyl,0.0,g
7235,Drottningsylt,Palmitinsyra C16:0,Sylt marmelad gelé äppelmos o dyl,0.0,g
7235,Drottningsylt,Myristinsyra C14:0,Sylt marmelad gelé äppelmos o dyl,0.0,g
7235,Drottningsylt,Laurinsyra C12:0,Sylt marmelad gelé äppelmos o dyl,0.0,g
7235,Drottningsylt,Betakaroten/β-Karoten,Sylt marmelad gelé äppelmos o dyl,25.0,µg
7235,Drottningsylt,Avfall (skal etc.),Sylt marmelad gelé äppelmos o dyl,0.0,%
7235,Drottningsylt,Aska,Sylt marmelad gelé äppelmos o dyl,0.2,g
7235,Drottningsylt,Alkohol,Sylt marmelad gelé äppelmos o dyl,0.0,g
7236,Hallonsylt lättsockrad,"Zink, Zn",Sylt marmelad gelé äppelmos o dyl,0.1,mg
7236,Hallonsylt lättsockrad,Vitamin D,Sylt marmelad gelé äppelmos o dyl,0.0,µg
7236,Hallonsylt lättsockrad,Vitamin C,Sylt marmelad gelé äppelmos o dyl,0.0,mg
7236,Hallonsylt lättsockrad,Vitamin B6,Sylt marmelad gelé äppelmos o dyl,0.0,mg
7236,Hallonsylt lättsockrad,Vitamin B12,Sylt marmelad gelé äppelmos o dyl,0.0,µg
7236,Hallonsylt lättsockrad,Vatten,Sylt marmelad gelé äppelmos o dyl,69.5,g
7236,Hallonsylt lättsockrad,Tiamin,Sylt marmelad gelé äppelmos o dyl,0.0,mg
7236,Hallonsylt lättsockrad,Tillsatt socker,Sylt marmelad gelé äppelmos o dyl,25.0,g
7236,Hallonsylt lättsockrad,Fritt socker,Sylt marmelad gelé äppelmos o dyl,25.0,g
7236,Hallonsylt lättsockrad,"Selen, Se",Sylt marmelad gelé äppelmos o dyl,0.0,µg
7236,Hallonsylt lättsockrad,Sackaros,Sylt marmelad gelé äppelmos o dyl,22.0,g
7236,Hallonsylt lättsockrad,Riboflavin,Sylt marmelad gelé äppelmos o dyl,0.02,mg
7236,Hallonsylt lättsockrad,Retinol,Sylt marmelad gelé äppelmos o dyl,0.0,µg
7236,Hallonsylt lättsockrad,Protein,Sylt marmelad gelé äppelmos o dyl,0.4,g
7236,Hallonsylt lättsockrad,Summa fleromättade fettsyror,Sylt marmelad gelé äppelmos o dyl,0.1,g
7236,Hallonsylt lättsockrad,"Fosfor, P",Sylt marmelad gelé äppelmos o dyl,15.0,mg
7236,Hallonsylt lättsockrad,Niacin,Sylt marmelad gelé äppelmos o dyl,0.25,mg
7236,Hallonsylt lättsockrad,"Natrium, Na",Sylt marmelad gelé äppelmos o dyl,15.0,mg
7236,Hallonsylt lättsockrad,Monosackarider,Sylt marmelad gelé äppelmos o dyl,5.0,g
7236,Hallonsylt lättsockrad,"Sockerarter, totalt",Sylt marmelad gelé äppelmos o dyl,27.0,g
7236,Hallonsylt lättsockrad,Summa enkelomättade fettsyror,Sylt marmelad gelé äppelmos o dyl,0.0,g
7236,Hallonsylt lättsockrad,"Magnesium, Mg",Sylt marmelad gelé äppelmos o dyl,12.0,mg
7236,Hallonsylt lättsockrad,Summa mättade fettsyror,Sylt marmelad gelé äppelmos o dyl,0.0,g
7236,Hallonsylt lättsockrad,"Kolhydrater, tillgängliga",Sylt marmelad gelé äppelmos o dyl,29.0,g
7236,Hallonsylt lättsockrad,Kolesterol,Sylt marmelad gelé äppelmos o dyl,0.0,mg
7236,Hallonsylt lättsockrad,"Kalium, K",Sylt marmelad gelé äppelmos o dyl,65.0,mg
7236,Hallonsylt lättsockrad,"Jod, I",Sylt marmelad gelé äppelmos o dyl,0.0,µg
7236,Hallonsylt lättsockrad,Fullkorn totalt,Sylt marmelad gelé äppelmos o dyl,0.0,g
7236,Hallonsylt lättsockrad,"Folat, totalt",Sylt marmelad gelé äppelmos o dyl,4.4,µg
7236,Hallonsylt lättsockrad,Fibrer,Sylt marmelad gelé äppelmos o dyl,1.0,g
7236,Hallonsylt lättsockrad,"Fett, totalt",Sylt marmelad gelé äppelmos o dyl,0.0,g
7236,Hallonsylt lättsockrad,"Järn, Fe",Sylt marmelad gelé äppelmos o dyl,0.3,mg
7236,Hallonsylt lättsockrad,Energi (kJ),Sylt marmelad gelé äppelmos o dyl,508.0,kJ
7236,Hallonsylt lättsockrad,Energi (kcal),Sylt marmelad gelé äppelmos o dyl,121.0,kcal
7236,Hallonsylt lättsockrad,Disackarider,Sylt marmelad gelé äppelmos o dyl,22.0,g
7236,Hallonsylt lättsockrad,"Kalcium, Ca",Sylt marmelad gelé äppelmos o dyl,17.0,mg
7236,Hallonsylt lättsockrad,Fettsyra 4:0-10:0,Sylt marmelad gelé äppelmos o dyl,0.0,g
7236,Hallonsylt lättsockrad,DHA (C22:6),Sylt marmelad gelé äppelmos o dyl,0.0,g
7236,Hallonsylt lättsockrad,DPA (C22:5),Sylt marmelad gelé äppelmos o dyl,0.0,g
7236,Hallonsylt lättsockrad,EPA (C20:5),Sylt marmelad gelé äppelmos o dyl,0.0,g
7236,Hallonsylt lättsockrad,Arakidonsyra C20:4,Sylt marmelad gelé äppelmos o dyl,0.0,g
7236,Hallonsylt lättsockrad,Arakidinsyra C20:0,Sylt marmelad gelé äppelmos o dyl,0.0,g
7236,Hallonsylt lättsockrad,Linolensyra C18:3,Sylt marmelad gelé äppelmos o dyl,0.1,g
7236,Hallonsylt lättsockrad,Linolsyra C18:2,Sylt marmelad gelé äppelmos o dyl,0.1,g
7236,Hallonsylt lättsockrad,Oljesyra C18:1,Sylt marmelad gelé äppelmos o dyl,0.0,g
7236,Hallonsylt lättsockrad,Stearinsyra C18:0,Sylt marmelad gelé äppelmos o dyl,0.0,g
7236,Hallonsylt lättsockrad,Palmitoljesyra C16:1,Sylt marmelad gelé äppelmos o dyl,0.0,g
7236,Hallonsylt lättsockrad,Palmitinsyra C16:0,Sylt marmelad gelé äppelmos o dyl,0.0,g
7236,Hallonsylt lättsockrad,Myristinsyra C14:0,Sylt marmelad gelé äppelmos o dyl,0.0,g
7236,Hallonsylt lättsockrad,Laurinsyra C12:0,Sylt marmelad gelé äppelmos o dyl,0.0,g
7236,Hallonsylt lättsockrad,Betakaroten/β-Karoten,Sylt marmelad gelé äppelmos o dyl,12.0,µg
7236,Hallonsylt lättsockrad,Avfall (skal etc.),Sylt marmelad gelé äppelmos o dyl,0.0,%
7236,Hallonsylt lättsockrad,Aska,Sylt marmelad gelé äppelmos o dyl,0.1,g
7236,Hallonsylt lättsockrad,Alkohol,Sylt marmelad gelé äppelmos o dyl,0.0,g
7244,Ketchup lättsötad,"Zink, Zn","Senap ketchup HP-sås soja ""smaksättare""",0.4,mg
7244,Ketchup lättsötad,Vitamin E,"Senap ketchup HP-sås soja ""smaksättare""",3.0,mg
7244,Ketchup lättsötad,Vitamin D inkl 25-OH-D3,"Senap ketchup HP-sås soja ""smaksättare""",0.0,µg
7244,Ketchup lättsötad,Vitamin D,"Senap ketchup HP-sås soja ""smaksättare""",0.0,µg
7244,Ketchup lättsötad,Vitamin C,"Senap ketchup HP-sås soja ""smaksättare""",25.6,mg
7244,Ketchup lättsötad,Vitamin B6,"Senap ketchup HP-sås soja ""smaksättare""",0.17,mg
7244,Ketchup lättsötad,Vitamin B12,"Senap ketchup HP-sås soja ""smaksättare""",0.0,µg
7244,Ketchup lättsötad,Vitamin A,"Senap ketchup HP-sås soja ""smaksättare""",80.8,RE/µg
7244,Ketchup lättsötad,Vatten,"Senap ketchup HP-sås soja ""smaksättare""",77.4,g
7244,Ketchup lättsötad,Tiamin,"Senap ketchup HP-sås soja ""smaksättare""",0.5,mg
7244,Ketchup lättsötad,Tillsatt socker,"Senap ketchup HP-sås soja ""smaksättare""",3.0,g
7244,Ketchup lättsötad,Fritt socker,"Senap ketchup HP-sås soja ""smaksättare""",3.0,g
7244,Ketchup lättsötad,"Selen, Se","Senap ketchup HP-sås soja ""smaksättare""",0.5,µg
7244,Ketchup lättsötad,Sackaros,"Senap ketchup HP-sås soja ""smaksättare""",3.0,g
7244,Ketchup lättsötad,Riboflavin,"Senap ketchup HP-sås soja ""smaksättare""",0.07,mg
7244,Ketchup lättsötad,Retinol,"Senap ketchup HP-sås soja ""smaksättare""",0.0,µg
7244,Ketchup lättsötad,Protein,"Senap ketchup HP-sås soja ""smaksättare""",2.5,g
7244,Ketchup lättsötad,Summa fleromättade fettsyror,"Senap ketchup HP-sås soja ""smaksättare""",0.1,g
7244,Ketchup lättsötad,"Fosfor, P","Senap ketchup HP-sås soja ""smaksättare""",59.0,mg
7244,Ketchup lättsötad,Niacinekvivalenter,"Senap ketchup HP-sås soja ""smaksättare""",2.46,NE/mg
7244,Ketchup lättsötad,Niacin,"Senap ketchup HP-sås soja ""smaksättare""",2.05,mg
7244,Ketchup lättsötad,"Salt, NaCl","Senap ketchup HP-sås soja ""smaksättare""",1.0,g
7244,Ketchup lättsötad,"Natrium, Na","Senap ketchup HP-sås soja ""smaksättare""",425.0,mg
7244,Ketchup lättsötad,Monosackarider,"Senap ketchup HP-sås soja ""smaksättare""",7.5,g
7244,Ketchup lättsötad,"Sockerarter, totalt","Senap ketchup HP-sås soja ""smaksättare""",10.5,g
7244,Ketchup lättsötad,Summa enkelomättade fettsyror,"Senap ketchup HP-sås soja ""smaksättare""",0.0,g
7244,Ketchup lättsötad,"Magnesium, Mg","Senap ketchup HP-sås soja ""smaksättare""",36.0,mg
7244,Ketchup lättsötad,Summa mättade fettsyror,"Senap ketchup HP-sås soja ""smaksättare""",0.0,g
7244,Ketchup lättsötad,"Kolhydrater, tillgängliga","Senap ketchup HP-sås soja ""smaksättare""",13.7,g
7244,Ketchup lättsötad,Kolesterol,"Senap ketchup HP-sås soja ""smaksättare""",0.0,mg
7244,Ketchup lättsötad,"Kalium, K","Senap ketchup HP-sås soja ""smaksättare""",724.0,mg
7244,Ketchup lättsötad,"Jod, I","Senap ketchup HP-sås soja ""smaksättare""",13.3,µg
7244,Ketchup lättsötad,Fullkorn totalt,"Senap ketchup HP-sås soja ""smaksättare""",0.0,g
7244,Ketchup lättsötad,"Folat, totalt","Senap ketchup HP-sås soja ""smaksättare""",27.1,µg
7244,Ketchup lättsötad,Fibrer,"Senap ketchup HP-sås soja ""smaksättare""",2.7,g
7244,Ketchup lättsötad,"Fett, totalt","Senap ketchup HP-sås soja ""smaksättare""",0.2,g
7244,Ketchup lättsötad,"Järn, Fe","Senap ketchup HP-sås soja ""smaksättare""",1.0,mg
7244,Ketchup lättsötad,Energi (kJ),"Senap ketchup HP-sås soja ""smaksättare""",303.0,kJ
7244,Ketchup lättsötad,Energi (kcal),"Senap ketchup HP-sås soja ""smaksättare""",72.0,kcal
7244,Ketchup lättsötad,Disackarider,"Senap ketchup HP-sås soja ""smaksättare""",3.0,g
7244,Ketchup lättsötad,"Kalcium, Ca","Senap ketchup HP-sås soja ""smaksättare""",29.0,mg
7244,Ketchup lättsötad,Fettsyra 4:0-10:0,"Senap ketchup HP-sås soja ""smaksättare""",0.0,g
7244,Ketchup lättsötad,DHA (C22:6),"Senap ketchup HP-sås soja ""smaksättare""",0.0,g
7244,Ketchup lättsötad,DPA (C22:5),"Senap ketchup HP-sås soja ""smaksättare""",0.0,g
7244,Ketchup lättsötad,EPA (C20:5),"Senap ketchup HP-sås soja ""smaksättare""",0.0,g
7244,Ketchup lättsötad,Arakidonsyra C20:4,"Senap ketchup HP-sås soja ""smaksättare""",0.0,g
7244,Ketchup lättsötad,Arakidinsyra C20:0,"Senap ketchup HP-sås soja ""smaksättare""",0.0,g
7244,Ketchup lättsötad,Linolensyra C18:3,"Senap ketchup HP-sås soja ""smaksättare""",0.0,g
7244,Ketchup lättsötad,Linolsyra C18:2,"Senap ketchup HP-sås soja ""smaksättare""",0.1,g
7244,Ketchup lättsötad,Oljesyra C18:1,"Senap ketchup HP-sås soja ""smaksättare""",0.0,g
7244,Ketchup lättsötad,Stearinsyra C18:0,"Senap ketchup HP-sås soja ""smaksättare""",0.0,g
7244,Ketchup lättsötad,Palmitoljesyra C16:1,"Senap ketchup HP-sås soja ""smaksättare""",0.0,g
7244,Ketchup lättsötad,Palmitinsyra C16:0,"Senap ketchup HP-sås soja ""smaksättare""",0.0,g
7244,Ketchup lättsötad,Myristinsyra C14:0,"Senap ketchup HP-sås soja ""smaksättare""",0.0,g
7244,Ketchup lättsötad,Laurinsyra C12:0,"Senap ketchup HP-sås soja ""smaksättare""",0.0,g
7244,Ketchup lättsötad,Betakaroten/β-Karoten,"Senap ketchup HP-sås soja ""smaksättare""",909.0,µg
7244,Ketchup lättsötad,Avfall (skal etc.),"Senap ketchup HP-sås soja ""smaksättare""",0.0,%
7244,Ketchup lättsötad,Aska,"Senap ketchup HP-sås soja ""smaksättare""",3.5,g
7244,Ketchup lättsötad,Alkohol,"Senap ketchup HP-sås soja ""smaksättare""",0.0,g
7245,Ketchup m. sötningsm.,"Zink, Zn","Senap ketchup HP-sås soja ""smaksättare""",0.3,mg
7245,Ketchup m. sötningsm.,Vitamin E,"Senap ketchup HP-sås soja ""smaksättare""",2.5,mg
7245,Ketchup m. sötningsm.,Vitamin D inkl 25-OH-D3,"Senap ketchup HP-sås soja ""smaksättare""",0.0,µg
7245,Ketchup m. sötningsm.,Vitamin D,"Senap ketchup HP-sås soja ""smaksättare""",0.0,µg
7245,Ketchup m. sötningsm.,Vitamin C,"Senap ketchup HP-sås soja ""smaksättare""",22.6,mg
7245,Ketchup m. sötningsm.,Vitamin B6,"Senap ketchup HP-sås soja ""smaksättare""",0.16,mg
7245,Ketchup m. sötningsm.,Vitamin B12,"Senap ketchup HP-sås soja ""smaksättare""",0.0,µg
7245,Ketchup m. sötningsm.,Vitamin A,"Senap ketchup HP-sås soja ""smaksättare""",64.0,RE/µg
7245,Ketchup m. sötningsm.,Vatten,"Senap ketchup HP-sås soja ""smaksättare""",84.4,g
7245,Ketchup m. sötningsm.,Tiamin,"Senap ketchup HP-sås soja ""smaksättare""",0.36,mg
7245,Ketchup m. sötningsm.,Tillsatt socker,"Senap ketchup HP-sås soja ""smaksättare""",0.0,g
7245,Ketchup m. sötningsm.,Fritt socker,"Senap ketchup HP-sås soja ""smaksättare""",1.0,g
7245,Ketchup m. sötningsm.,"Selen, Se","Senap ketchup HP-sås soja ""smaksättare""",0.4,µg
7245,Ketchup m. sötningsm.,Sackaros,"Senap ketchup HP-sås soja ""smaksättare""",0.0,g
7245,Ketchup m. sötningsm.,Riboflavin,"Senap ketchup HP-sås soja ""smaksättare""",0.06,mg
7245,Ketchup m. sötningsm.,Retinol,"Senap ketchup HP-sås soja ""smaksättare""",0.0,µg
7245,Ketchup m. sötningsm.,Protein,"Senap ketchup HP-sås soja ""smaksättare""",2.0,g
7245,Ketchup m. sötningsm.,Summa fleromättade fettsyror,"Senap ketchup HP-sås soja ""smaksättare""",0.1,g
7245,Ketchup m. sötningsm.,"Fosfor, P","Senap ketchup HP-sås soja ""smaksättare""",47.0,mg
7245,Ketchup m. sötningsm.,Niacinekvivalenter,"Senap ketchup HP-sås soja ""smaksättare""",2.03,NE/mg
7245,Ketchup m. sötningsm.,Niacin,"Senap ketchup HP-sås soja ""smaksättare""",1.7,mg
7245,Ketchup m. sötningsm.,"Salt, NaCl","Senap ketchup HP-sås soja ""smaksättare""",1.0,g
7245,Ketchup m. sötningsm.,"Natrium, Na","Senap ketchup HP-sås soja ""smaksättare""",420.0,mg
7245,Ketchup m. sötningsm.,Monosackarider,"Senap ketchup HP-sås soja ""smaksättare""",6.3,g
7245,Ketchup m. sötningsm.,"Sockerarter, totalt","Senap ketchup HP-sås soja ""smaksättare""",6.3,g
7245,Ketchup m. sötningsm.,Summa enkelomättade fettsyror,"Senap ketchup HP-sås soja ""smaksättare""",0.0,g
7245,Ketchup m. sötningsm.,"Magnesium, Mg","Senap ketchup HP-sås soja ""smaksättare""",29.0,mg
7245,Ketchup m. sötningsm.,Summa mättade fettsyror,"Senap ketchup HP-sås soja ""smaksättare""",0.0,g
7245,Ketchup m. sötningsm.,"Kolhydrater, tillgängliga","Senap ketchup HP-sås soja ""smaksättare""",8.3,g
7245,Ketchup m. sötningsm.,Kolesterol,"Senap ketchup HP-sås soja ""smaksättare""",0.0,mg
7245,Ketchup m. sötningsm.,"Kalium, K","Senap ketchup HP-sås soja ""smaksättare""",589.0,mg
7245,Ketchup m. sötningsm.,"Jod, I","Senap ketchup HP-sås soja ""smaksättare""",9.8,µg
7245,Ketchup m. sötningsm.,Fullkorn totalt,"Senap ketchup HP-sås soja ""smaksättare""",0.0,g
7245,Ketchup m. sötningsm.,"Folat, totalt","Senap ketchup HP-sås soja ""smaksättare""",27.5,µg
7245,Ketchup m. sötningsm.,Fibrer,"Senap ketchup HP-sås soja ""smaksättare""",2.2,g
7245,Ketchup m. sötningsm.,"Fett, totalt","Senap ketchup HP-sås soja ""smaksättare""",0.2,g
7245,Ketchup m. sötningsm.,"Järn, Fe","Senap ketchup HP-sås soja ""smaksättare""",0.8,mg
7245,Ketchup m. sötningsm.,Energi (kJ),"Senap ketchup HP-sås soja ""smaksättare""",199.0,kJ
7245,Ketchup m. sötningsm.,Energi (kcal),"Senap ketchup HP-sås soja ""smaksättare""",47.0,kcal
7245,Ketchup m. sötningsm.,Disackarider,"Senap ketchup HP-sås soja ""smaksättare""",0.0,g
7245,Ketchup m. sötningsm.,"Kalcium, Ca","Senap ketchup HP-sås soja ""smaksättare""",24.0,mg
7245,Ketchup m. sötningsm.,Fettsyra 4:0-10:0,"Senap ketchup HP-sås soja ""smaksättare""",0.0,g
7245,Ketchup m. sötningsm.,DHA (C22:6),"Senap ketchup HP-sås soja ""smaksättare""",0.0,g
7245,Ketchup m. sötningsm.,DPA (C22:5),"Senap ketchup HP-sås soja ""smaksättare""",0.0,g
7245,Ketchup m. sötningsm.,EPA (C20:5),"Senap ketchup HP-sås soja ""smaksättare""",0.0,g
7245,Ketchup m. sötningsm.,Arakidonsyra C20:4,"Senap ketchup HP-sås soja ""smaksättare""",0.0,g
7245,Ketchup m. sötningsm.,Arakidinsyra C20:0,"Senap ketchup HP-sås soja ""smaksättare""",0.0,g
7245,Ketchup m. sötningsm.,Linolensyra C18:3,"Senap ketchup HP-sås soja ""smaksättare""",0.0,g
7245,Ketchup m. sötningsm.,Linolsyra C18:2,"Senap ketchup HP-sås soja ""smaksättare""",0.1,g
7245,Ketchup m. sötningsm.,Oljesyra C18:1,"Senap ketchup HP-sås soja ""smaksättare""",0.0,g
7245,Ketchup m. sötningsm.,Stearinsyra C18:0,"Senap ketchup HP-sås soja ""smaksättare""",0.0,g
7245,Ketchup m. sötningsm.,Palmitoljesyra C16:1,"Senap ketchup HP-sås soja ""smaksättare""",0.0,g
7245,Ketchup m. sötningsm.,Palmitinsyra C16:0,"Senap ketchup HP-sås soja ""smaksättare""",0.0,g
7245,Ketchup m. sötningsm.,Myristinsyra C14:0,"Senap ketchup HP-sås soja ""smaksättare""",0.0,g
7245,Ketchup m. sötningsm.,Laurinsyra C12:0,"Senap ketchup HP-sås soja ""smaksättare""",0.0,g
7245,Ketchup m. sötningsm.,Betakaroten/β-Karoten,"Senap ketchup HP-sås soja ""smaksättare""",726.0,µg
7245,Ketchup m. sötningsm.,Avfall (skal etc.),"Senap ketchup HP-sås soja ""smaksättare""",0.0,%
7245,Ketchup m. sötningsm.,Aska,"Senap ketchup HP-sås soja ""smaksättare""",3.0,g
7245,Ketchup m. sötningsm.,Alkohol,"Senap ketchup HP-sås soja ""smaksättare""",0.0,g
7254,Karameller gräddkarameller,"Zink, Zn",Godis ej choklad,0.2,mg
7254,Karameller gräddkarameller,Vitamin E,Godis ej choklad,0.3,mg
7254,Karameller gräddkarameller,Vitamin D inkl 25-OH-D3,Godis ej choklad,0.11,µg
7254,Karameller gräddkarameller,Vitamin D,Godis ej choklad,0.06,µg
7254,Karameller gräddkarameller,Vitamin C,Godis ej choklad,0.3,mg
7254,Karameller gräddkarameller,Vitamin B6,Godis ej choklad,0.02,mg
7254,Karameller gräddkarameller,Vitamin B12,Godis ej choklad,0.22,µg
7254,Karameller gräddkarameller,Vitamin A,Godis ej choklad,105.2,RE/µg
7254,Karameller gräddkarameller,Vatten,Godis ej choklad,8.5,g
7254,Karameller gräddkarameller,Tiamin,Godis ej choklad,0.02,mg
7254,Karameller gräddkarameller,Tillsatt socker,Godis ej choklad,75.0,g
7254,Karameller gräddkarameller,Fritt socker,Godis ej choklad,75.0,g
7254,Karameller gräddkarameller,"Selen, Se",Godis ej choklad,0.6,µg
7254,Karameller gräddkarameller,Sackaros,Godis ej choklad,75.4,g
7254,Karameller gräddkarameller,Riboflavin,Godis ej choklad,0.05,mg
7254,Karameller gräddkarameller,Retinol,Godis ej choklad,99.1,µg
7254,Karameller gräddkarameller,Protein,Godis ej choklad,1.3,g
7254,Karameller gräddkarameller,Summa fleromättade fettsyror,Godis ej choklad,0.4,g
7254,Karameller gräddkarameller,"Fosfor, P",Godis ej choklad,41.0,mg
7254,Karameller gräddkarameller,Niacinekvivalenter,Godis ej choklad,0.34,NE/mg
7254,Karameller gräddkarameller,Niacin,Godis ej choklad,0.03,mg
7254,Karameller gräddkarameller,"Salt, NaCl",Godis ej choklad,0.2,g
7254,Karameller gräddkarameller,"Natrium, Na",Godis ej choklad,61.0,mg
7254,Karameller gräddkarameller,Monosackarider,Godis ej choklad,0.0,g
7254,Karameller gräddkarameller,"Sockerarter, totalt",Godis ej choklad,77.2,g
7254,Karameller gräddkarameller,Summa enkelomättade fettsyror,Godis ej choklad,3.1,g
7254,Karameller gräddkarameller,"Magnesium, Mg",Godis ej choklad,4.0,mg
7254,Karameller gräddkarameller,Summa mättade fettsyror,Godis ej choklad,8.4,g
7254,Karameller gräddkarameller,"Kolhydrater, tillgängliga",Godis ej choklad,77.0,g
7254,Karameller gräddkarameller,Kolesterol,Godis ej choklad,39.2,mg
7254,Karameller gräddkarameller,"Kalium, K",Godis ej choklad,63.0,mg
7254,Karameller gräddkarameller,"Jod, I",Godis ej choklad,4.9,µg
7254,Karameller gräddkarameller,Fullkorn totalt,Godis ej choklad,0.0,g
7254,Karameller gräddkarameller,"Folat, totalt",Godis ej choklad,5.4,µg
7254,Karameller gräddkarameller,Fibrer,Godis ej choklad,0.0,g
7254,Karameller gräddkarameller,"Fett, totalt",Godis ej choklad,12.8,g
7254,Karameller gräddkarameller,"Järn, Fe",Godis ej choklad,0.0,mg
7254,Karameller gräddkarameller,Energi (kJ),Godis ej choklad,1805.0,kJ
7254,Karameller gräddkarameller,Energi (kcal),Godis ej choklad,432.0,kcal
7254,Karameller gräddkarameller,Disackarider,Godis ej choklad,77.2,g
7254,Karameller gräddkarameller,"Kalcium, Ca",Godis ej choklad,46.0,mg
7254,Karameller gräddkarameller,Fettsyra 4:0-10:0,Godis ej choklad,1.1,g
7254,Karameller gräddkarameller,DHA (C22:6),Godis ej choklad,0.0,g
7254,Karameller gräddkarameller,DPA (C22:5),Godis ej choklad,0.0,g
7254,Karameller gräddkarameller,EPA (C20:5),Godis ej choklad,0.0,g
7254,Karameller gräddkarameller,Arakidonsyra C20:4,Godis ej choklad,0.0,g
7254,Karameller gräddkarameller,Arakidinsyra C20:0,Godis ej choklad,0.0,g
7254,Karameller gräddkarameller,Linolensyra C18:3,Godis ej choklad,0.1,g
7254,Karameller gräddkarameller,Linolsyra C18:2,Godis ej choklad,0.3,g
7254,Karameller gräddkarameller,Oljesyra C18:1,Godis ej choklad,2.7,g
7254,Karameller gräddkarameller,Stearinsyra C18:0,Godis ej choklad,1.2,g
7254,Karameller gräddkarameller,Palmitoljesyra C16:1,Godis ej choklad,0.2,g
7254,Karameller gräddkarameller,Palmitinsyra C16:0,Godis ej choklad,3.9,g
7254,Karameller gräddkarameller,Myristinsyra C14:0,Godis ej choklad,1.4,g
7254,Karameller gräddkarameller,Laurinsyra C12:0,Godis ej choklad,0.4,g
7254,Karameller gräddkarameller,Betakaroten/β-Karoten,Godis ej choklad,73.0,µg
7254,Karameller gräddkarameller,Avfall (skal etc.),Godis ej choklad,0.0,%
7254,Karameller gräddkarameller,Aska,Godis ej choklad,0.4,g
7254,Karameller gräddkarameller,Alkohol,Godis ej choklad,0.0,g
7255,Saft lättsockrad drickf.,"Zink, Zn",Saft läsk cider u alkohol ,0.0,mg
7255,Saft lättsockrad drickf.,Vitamin E,Saft läsk cider u alkohol ,0.0,mg
7255,Saft lättsockrad drickf.,Vitamin D inkl 25-OH-D3,Saft läsk cider u alkohol ,0.0,µg
7255,Saft lättsockrad drickf.,Vitamin D,Saft läsk cider u alkohol ,0.0,µg
7255,Saft lättsockrad drickf.,Vitamin C,Saft läsk cider u alkohol ,0.0,mg
7255,Saft lättsockrad drickf.,Vitamin B6,Saft läsk cider u alkohol ,0.0,mg
7255,Saft lättsockrad drickf.,Vitamin B12,Saft läsk cider u alkohol ,0.0,µg
7255,Saft lättsockrad drickf.,Vitamin A,Saft läsk cider u alkohol ,0.0,RE/µg
7255,Saft lättsockrad drickf.,Vatten,Saft läsk cider u alkohol ,93.2,g
7255,Saft lättsockrad drickf.,Tiamin,Saft läsk cider u alkohol ,0.0,mg
7255,Saft lättsockrad drickf.,Tillsatt socker,Saft läsk cider u alkohol ,7.0,g
7255,Saft lättsockrad drickf.,Fritt socker,Saft läsk cider u alkohol ,7.0,g
7255,Saft lättsockrad drickf.,"Selen, Se",Saft läsk cider u alkohol ,0.0,µg
7255,Saft lättsockrad drickf.,Sackaros,Saft läsk cider u alkohol ,3.7,g
7255,Saft lättsockrad drickf.,Riboflavin,Saft läsk cider u alkohol ,0.0,mg
7255,Saft lättsockrad drickf.,Retinol,Saft läsk cider u alkohol ,0.0,µg
7255,Saft lättsockrad drickf.,Protein,Saft läsk cider u alkohol ,0.0,g
7255,Saft lättsockrad drickf.,Summa fleromättade fettsyror,Saft läsk cider u alkohol ,0.0,g
7255,Saft lättsockrad drickf.,"Fosfor, P",Saft läsk cider u alkohol ,1.0,mg
7255,Saft lättsockrad drickf.,Niacinekvivalenter,Saft läsk cider u alkohol ,0.03,NE/mg
7255,Saft lättsockrad drickf.,Niacin,Saft läsk cider u alkohol ,0.02,mg
7255,Saft lättsockrad drickf.,"Salt, NaCl",Saft läsk cider u alkohol ,0.0,g
7255,Saft lättsockrad drickf.,"Natrium, Na",Saft läsk cider u alkohol ,4.0,mg
7255,Saft lättsockrad drickf.,Monosackarider,Saft läsk cider u alkohol ,3.1,g
7255,Saft lättsockrad drickf.,"Sockerarter, totalt",Saft läsk cider u alkohol ,6.8,g
7255,Saft lättsockrad drickf.,Summa enkelomättade fettsyror,Saft läsk cider u alkohol ,0.0,g
7255,Saft lättsockrad drickf.,"Magnesium, Mg",Saft läsk cider u alkohol ,1.0,mg
7255,Saft lättsockrad drickf.,Summa mättade fettsyror,Saft läsk cider u alkohol ,0.0,g
7255,Saft lättsockrad drickf.,"Kolhydrater, tillgängliga",Saft läsk cider u alkohol ,6.8,g
7255,Saft lättsockrad drickf.,Kolesterol,Saft läsk cider u alkohol ,0.0,mg
7255,Saft lättsockrad drickf.,"Kalium, K",Saft läsk cider u alkohol ,12.0,mg
7255,Saft lättsockrad drickf.,"Jod, I",Saft läsk cider u alkohol ,1.2,µg
7255,Saft lättsockrad drickf.,Fullkorn totalt,Saft läsk cider u alkohol ,0.0,g
7255,Saft lättsockrad drickf.,"Folat, totalt",Saft läsk cider u alkohol ,0.1,µg
7255,Saft lättsockrad drickf.,Fibrer,Saft läsk cider u alkohol ,0.0,g
7255,Saft lättsockrad drickf.,"Fett, totalt",Saft läsk cider u alkohol ,0.0,g
7255,Saft lättsockrad drickf.,"Järn, Fe",Saft läsk cider u alkohol ,0.0,mg
7255,Saft lättsockrad drickf.,Energi (kJ),Saft läsk cider u alkohol ,115.0,kJ
7255,Saft lättsockrad drickf.,Energi (kcal),Saft läsk cider u alkohol ,28.0,kcal
7255,Saft lättsockrad drickf.,Disackarider,Saft läsk cider u alkohol ,3.7,g
7255,Saft lättsockrad drickf.,"Kalcium, Ca",Saft läsk cider u alkohol ,3.0,mg
7255,Saft lättsockrad drickf.,Fettsyra 4:0-10:0,Saft läsk cider u alkohol ,0.0,g
7255,Saft lättsockrad drickf.,DHA (C22:6),Saft läsk cider u alkohol ,0.0,g
7255,Saft lättsockrad drickf.,DPA (C22:5),Saft läsk cider u alkohol ,0.0,g
7255,Saft lättsockrad drickf.,EPA (C20:5),Saft läsk cider u alkohol ,0.0,g
7255,Saft lättsockrad drickf.,Arakidonsyra C20:4,Saft läsk cider u alkohol ,0.0,g
7255,Saft lättsockrad drickf.,Arakidinsyra C20:0,Saft läsk cider u alkohol ,0.0,g
7255,Saft lättsockrad drickf.,Linolensyra C18:3,Saft läsk cider u alkohol ,0.0,g
7255,Saft lättsockrad drickf.,Linolsyra C18:2,Saft läsk cider u alkohol ,0.0,g
7255,Saft lättsockrad drickf.,Oljesyra C18:1,Saft läsk cider u alkohol ,0.0,g
7255,Saft lättsockrad drickf.,Stearinsyra C18:0,Saft läsk cider u alkohol ,0.0,g
7255,Saft lättsockrad drickf.,Palmitoljesyra C16:1,Saft läsk cider u alkohol ,0.0,g
7255,Saft lättsockrad drickf.,Palmitinsyra C16:0,Saft läsk cider u alkohol ,0.0,g
7255,Saft lättsockrad drickf.,Myristinsyra C14:0,Saft läsk cider u alkohol ,0.0,g
7255,Saft lättsockrad drickf.,Laurinsyra C12:0,Saft läsk cider u alkohol ,0.0,g
7255,Saft lättsockrad drickf.,Betakaroten/β-Karoten,Saft läsk cider u alkohol ,0.0,µg
7255,Saft lättsockrad drickf.,Avfall (skal etc.),Saft läsk cider u alkohol ,0.0,%
7255,Saft lättsockrad drickf.,Aska,Saft läsk cider u alkohol ,0.0,g
7255,Saft lättsockrad drickf.,Alkohol,Saft läsk cider u alkohol ,0.0,g
7256,Vitmögelost smaksatt fett ca 38 % ,"Zink, Zn",Dessertost,2.2,mg
7256,Vitmögelost smaksatt fett ca 38 % ,Vitamin E,Dessertost,1.1,mg
7256,Vitmögelost smaksatt fett ca 38 % ,Vitamin D,Dessertost,0.0,µg
7256,Vitmögelost smaksatt fett ca 38 % ,Vitamin C,Dessertost,0.1,mg
7256,Vitmögelost smaksatt fett ca 38 % ,Vitamin B6,Dessertost,0.13,mg
7256,Vitmögelost smaksatt fett ca 38 % ,Vitamin B12,Dessertost,0.77,µg
7256,Vitmögelost smaksatt fett ca 38 % ,Vitamin A,Dessertost,266.5,RE/µg
7256,Vitmögelost smaksatt fett ca 38 % ,Vatten,Dessertost,44.8,g
7256,Vitmögelost smaksatt fett ca 38 % ,Tiamin,Dessertost,0.0,mg
7256,Vitmögelost smaksatt fett ca 38 % ,Tillsatt socker,Dessertost,0.0,g
7256,Vitmögelost smaksatt fett ca 38 % ,Fritt socker,Dessertost,0.0,g
7256,Vitmögelost smaksatt fett ca 38 % ,"Selen, Se",Dessertost,10.0,µg
7256,Vitmögelost smaksatt fett ca 38 % ,Sackaros,Dessertost,0.0,g
7256,Vitmögelost smaksatt fett ca 38 % ,Riboflavin,Dessertost,0.43,mg
7256,Vitmögelost smaksatt fett ca 38 % ,Retinol,Dessertost,253.8,µg
7256,Vitmögelost smaksatt fett ca 38 % ,Protein,Dessertost,15.5,g
7256,Vitmögelost smaksatt fett ca 38 % ,Summa fleromättade fettsyror,Dessertost,1.0,g
7256,Vitmögelost smaksatt fett ca 38 % ,"Fosfor, P",Dessertost,297.0,mg
7256,Vitmögelost smaksatt fett ca 38 % ,Niacinekvivalenter,Dessertost,4.22,NE/mg
7256,Vitmögelost smaksatt fett ca 38 % ,Niacin,Dessertost,0.59,mg
7256,Vitmögelost smaksatt fett ca 38 % ,"Salt, NaCl",Dessertost,1.5,g
7256,Vitmögelost smaksatt fett ca 38 % ,"Natrium, Na",Dessertost,621.0,mg
7256,Vitmögelost smaksatt fett ca 38 % ,Monosackarider,Dessertost,0.1,g
7256,Vitmögelost smaksatt fett ca 38 % ,"Sockerarter, totalt",Dessertost,0.2,g
7256,Vitmögelost smaksatt fett ca 38 % ,Summa enkelomättade fettsyror,Dessertost,7.9,g
7256,Vitmögelost smaksatt fett ca 38 % ,"Magnesium, Mg",Dessertost,21.0,mg
7256,Vitmögelost smaksatt fett ca 38 % ,Summa mättade fettsyror,Dessertost,22.7,g
7256,Vitmögelost smaksatt fett ca 38 % ,"Kolhydrater, tillgängliga",Dessertost,2.4,g
7256,Vitmögelost smaksatt fett ca 38 % ,Kolesterol,Dessertost,108.8,mg
7256,Vitmögelost smaksatt fett ca 38 % ,"Kalium, K",Dessertost,99.0,mg
7256,Vitmögelost smaksatt fett ca 38 % ,"Jod, I",Dessertost,15.0,µg
7256,Vitmögelost smaksatt fett ca 38 % ,Fullkorn totalt,Dessertost,0.0,g
7256,Vitmögelost smaksatt fett ca 38 % ,"Folat, totalt",Dessertost,40.4,µg
7256,Vitmögelost smaksatt fett ca 38 % ,Fibrer,Dessertost,0.4,g
7256,Vitmögelost smaksatt fett ca 38 % ,"Fett, totalt",Dessertost,33.6,g
7256,Vitmögelost smaksatt fett ca 38 % ,"Järn, Fe",Dessertost,0.5,mg
7256,Vitmögelost smaksatt fett ca 38 % ,Energi (kJ),Dessertost,1551.0,kJ
7256,Vitmögelost smaksatt fett ca 38 % ,Energi (kcal),Dessertost,371.0,kcal
7256,Vitmögelost smaksatt fett ca 38 % ,Disackarider,Dessertost,0.0,g
7256,Vitmögelost smaksatt fett ca 38 % ,"Kalcium, Ca",Dessertost,419.0,mg
7256,Vitmögelost smaksatt fett ca 38 % ,Fettsyra 4:0-10:0,Dessertost,1.8,g
7256,Vitmögelost smaksatt fett ca 38 % ,DHA (C22:6),Dessertost,0.0,g
7256,Vitmögelost smaksatt fett ca 38 % ,DPA (C22:5),Dessertost,0.0,g
7256,Vitmögelost smaksatt fett ca 38 % ,EPA (C20:5),Dessertost,0.0,g
7256,Vitmögelost smaksatt fett ca 38 % ,Arakidonsyra C20:4,Dessertost,0.0,g
7256,Vitmögelost smaksatt fett ca 38 % ,Arakidinsyra C20:0,Dessertost,0.0,g
7256,Vitmögelost smaksatt fett ca 38 % ,Linolensyra C18:3,Dessertost,0.1,g
7256,Vitmögelost smaksatt fett ca 38 % ,Linolsyra C18:2,Dessertost,0.8,g
7256,Vitmögelost smaksatt fett ca 38 % ,Oljesyra C18:1,Dessertost,6.7,g
7256,Vitmögelost smaksatt fett ca 38 % ,Stearinsyra C18:0,Dessertost,2.8,g
7256,Vitmögelost smaksatt fett ca 38 % ,Palmitoljesyra C16:1,Dessertost,0.6,g
7256,Vitmögelost smaksatt fett ca 38 % ,Palmitinsyra C16:0,Dessertost,11.5,g
7256,Vitmögelost smaksatt fett ca 38 % ,Myristinsyra C14:0,Dessertost,4.0,g
7256,Vitmögelost smaksatt fett ca 38 % ,Laurinsyra C12:0,Dessertost,1.2,g
7256,Vitmögelost smaksatt fett ca 38 % ,Betakaroten/β-Karoten,Dessertost,143.0,µg
7256,Vitmögelost smaksatt fett ca 38 % ,Avfall (skal etc.),Dessertost,0.0,%
7256,Vitmögelost smaksatt fett ca 38 % ,Aska,Dessertost,3.3,g
7256,Vitmögelost smaksatt fett ca 38 % ,Alkohol,Dessertost,0.0,g
7257,"Fruktyoghurt fett 3,6% berikad","Zink, Zn",Smaksatt fil yoghurt,0.4,mg
7257,"Fruktyoghurt fett 3,6% berikad",Vitamin E,Smaksatt fil yoghurt,0.2,mg
7257,"Fruktyoghurt fett 3,6% berikad",Vitamin D,Smaksatt fil yoghurt,0.89,µg
7257,"Fruktyoghurt fett 3,6% berikad",Vitamin C,Smaksatt fil yoghurt,1.8,mg
7257,"Fruktyoghurt fett 3,6% berikad",Vitamin B6,Smaksatt fil yoghurt,0.06,mg
7257,"Fruktyoghurt fett 3,6% berikad",Vitamin B12,Smaksatt fil yoghurt,0.26,µg
7257,"Fruktyoghurt fett 3,6% berikad",Vitamin A,Smaksatt fil yoghurt,37.9,RE/µg
7257,"Fruktyoghurt fett 3,6% berikad",Vatten,Smaksatt fil yoghurt,81.2,g
7257,"Fruktyoghurt fett 3,6% berikad",Tiamin,Smaksatt fil yoghurt,0.03,mg
7257,"Fruktyoghurt fett 3,6% berikad",Tillsatt socker,Smaksatt fil yoghurt,7.0,g
7257,"Fruktyoghurt fett 3,6% berikad",Fritt socker,Smaksatt fil yoghurt,7.0,g
7257,"Fruktyoghurt fett 3,6% berikad","Selen, Se",Smaksatt fil yoghurt,1.2,µg
7257,"Fruktyoghurt fett 3,6% berikad",Sackaros,Smaksatt fil yoghurt,2.4,g
7257,"Fruktyoghurt fett 3,6% berikad",Riboflavin,Smaksatt fil yoghurt,0.14,mg
7257,"Fruktyoghurt fett 3,6% berikad",Retinol,Smaksatt fil yoghurt,36.1,µg
7257,"Fruktyoghurt fett 3,6% berikad",Protein,Smaksatt fil yoghurt,3.0,g
7257,"Fruktyoghurt fett 3,6% berikad",Summa fleromättade fettsyror,Smaksatt fil yoghurt,0.1,g
7257,"Fruktyoghurt fett 3,6% berikad","Fosfor, P",Smaksatt fil yoghurt,78.0,mg
7257,"Fruktyoghurt fett 3,6% berikad",Niacinekvivalenter,Smaksatt fil yoghurt,0.8,NE/mg
7257,"Fruktyoghurt fett 3,6% berikad",Niacin,Smaksatt fil yoghurt,0.12,mg
7257,"Fruktyoghurt fett 3,6% berikad","Salt, NaCl",Smaksatt fil yoghurt,0.1,g
7257,"Fruktyoghurt fett 3,6% berikad","Natrium, Na",Smaksatt fil yoghurt,31.0,mg
7257,"Fruktyoghurt fett 3,6% berikad",Monosackarider,Smaksatt fil yoghurt,5.2,g
7257,"Fruktyoghurt fett 3,6% berikad","Sockerarter, totalt",Smaksatt fil yoghurt,10.1,g
7257,"Fruktyoghurt fett 3,6% berikad",Summa enkelomättade fettsyror,Smaksatt fil yoghurt,0.9,g
7257,"Fruktyoghurt fett 3,6% berikad","Magnesium, Mg",Smaksatt fil yoghurt,10.0,mg
7257,"Fruktyoghurt fett 3,6% berikad",Summa mättade fettsyror,Smaksatt fil yoghurt,2.4,g
7257,"Fruktyoghurt fett 3,6% berikad","Kolhydrater, tillgängliga",Smaksatt fil yoghurt,11.5,g
7257,"Fruktyoghurt fett 3,6% berikad",Kolesterol,Smaksatt fil yoghurt,12.6,mg
7257,"Fruktyoghurt fett 3,6% berikad","Kalium, K",Smaksatt fil yoghurt,141.0,mg
7257,"Fruktyoghurt fett 3,6% berikad","Jod, I",Smaksatt fil yoghurt,3.0,µg
7257,"Fruktyoghurt fett 3,6% berikad",Fullkorn totalt,Smaksatt fil yoghurt,0.0,g
7257,"Fruktyoghurt fett 3,6% berikad","Folat, totalt",Smaksatt fil yoghurt,15.6,µg
7257,"Fruktyoghurt fett 3,6% berikad",Fibrer,Smaksatt fil yoghurt,0.0,g
7257,"Fruktyoghurt fett 3,6% berikad","Fett, totalt",Smaksatt fil yoghurt,3.7,g
7257,"Fruktyoghurt fett 3,6% berikad","Järn, Fe",Smaksatt fil yoghurt,0.1,mg
7257,"Fruktyoghurt fett 3,6% berikad",Energi (kJ),Smaksatt fil yoghurt,382.0,kJ
7257,"Fruktyoghurt fett 3,6% berikad",Energi (kcal),Smaksatt fil yoghurt,91.0,kcal
7257,"Fruktyoghurt fett 3,6% berikad",Disackarider,Smaksatt fil yoghurt,4.9,g
7257,"Fruktyoghurt fett 3,6% berikad","Kalcium, Ca",Smaksatt fil yoghurt,96.0,mg
7257,"Fruktyoghurt fett 3,6% berikad",Fettsyra 4:0-10:0,Smaksatt fil yoghurt,0.4,g
7257,"Fruktyoghurt fett 3,6% berikad",DHA (C22:6),Smaksatt fil yoghurt,0.0,g
7257,"Fruktyoghurt fett 3,6% berikad",DPA (C22:5),Smaksatt fil yoghurt,0.0,g
7257,"Fruktyoghurt fett 3,6% berikad",EPA (C20:5),Smaksatt fil yoghurt,0.0,g
7257,"Fruktyoghurt fett 3,6% berikad",Arakidonsyra C20:4,Smaksatt fil yoghurt,0.0,g
7257,"Fruktyoghurt fett 3,6% berikad",Arakidinsyra C20:0,Smaksatt fil yoghurt,0.0,g
7257,"Fruktyoghurt fett 3,6% berikad",Linolensyra C18:3,Smaksatt fil yoghurt,0.0,g
7257,"Fruktyoghurt fett 3,6% berikad",Linolsyra C18:2,Smaksatt fil yoghurt,0.1,g
7257,"Fruktyoghurt fett 3,6% berikad",Oljesyra C18:1,Smaksatt fil yoghurt,0.8,g
7257,"Fruktyoghurt fett 3,6% berikad",Stearinsyra C18:0,Smaksatt fil yoghurt,0.4,g
7257,"Fruktyoghurt fett 3,6% berikad",Palmitoljesyra C16:1,Smaksatt fil yoghurt,0.0,g
7257,"Fruktyoghurt fett 3,6% berikad",Palmitinsyra C16:0,Smaksatt fil yoghurt,1.1,g
7257,"Fruktyoghurt fett 3,6% berikad",Myristinsyra C14:0,Smaksatt fil yoghurt,0.4,g
7257,"Fruktyoghurt fett 3,6% berikad",Laurinsyra C12:0,Smaksatt fil yoghurt,0.1,g
7257,"Fruktyoghurt fett 3,6% berikad",Betakaroten/β-Karoten,Smaksatt fil yoghurt,19.0,µg
7257,"Fruktyoghurt fett 3,6% berikad",Avfall (skal etc.),Smaksatt fil yoghurt,0.0,%
7257,"Fruktyoghurt fett 3,6% berikad",Aska,Smaksatt fil yoghurt,0.6,g
7257,"Fruktyoghurt fett 3,6% berikad",Alkohol,Smaksatt fil yoghurt,0.0,g
7259,Chips vete m. baconsmak,"Zink, Zn",Chips popcorn o dyl,0.4,mg
7259,Chips vete m. baconsmak,Vitamin E,Chips popcorn o dyl,13.8,mg
7259,Chips vete m. baconsmak,Vitamin D inkl 25-OH-D3,Chips popcorn o dyl,0.0,µg
7259,Chips vete m. baconsmak,Vitamin D,Chips popcorn o dyl,0.0,µg
7259,Chips vete m. baconsmak,Vitamin C,Chips popcorn o dyl,1.7,mg
7259,Chips vete m. baconsmak,Vitamin B6,Chips popcorn o dyl,0.05,mg
7259,Chips vete m. baconsmak,Vitamin B12,Chips popcorn o dyl,0.0,µg
7259,Chips vete m. baconsmak,Vitamin A,Chips popcorn o dyl,0.6,RE/µg
7259,Chips vete m. baconsmak,Vatten,Chips popcorn o dyl,9.6,g
7259,Chips vete m. baconsmak,Tiamin,Chips popcorn o dyl,0.09,mg
7259,Chips vete m. baconsmak,Tillsatt socker,Chips popcorn o dyl,2.0,g
7259,Chips vete m. baconsmak,Fritt socker,Chips popcorn o dyl,2.0,g
7259,Chips vete m. baconsmak,"Selen, Se",Chips popcorn o dyl,7.4,µg
7259,Chips vete m. baconsmak,Sackaros,Chips popcorn o dyl,1.7,g
7259,Chips vete m. baconsmak,Riboflavin,Chips popcorn o dyl,0.03,mg
7259,Chips vete m. baconsmak,Retinol,Chips popcorn o dyl,0.0,µg
7259,Chips vete m. baconsmak,Protein,Chips popcorn o dyl,6.2,g
7259,Chips vete m. baconsmak,Summa fleromättade fettsyror,Chips popcorn o dyl,13.2,g
7259,Chips vete m. baconsmak,"Fosfor, P",Chips popcorn o dyl,81.0,mg
7259,Chips vete m. baconsmak,Niacinekvivalenter,Chips popcorn o dyl,1.68,NE/mg
7259,Chips vete m. baconsmak,Niacin,Chips popcorn o dyl,0.63,mg
7259,Chips vete m. baconsmak,"Salt, NaCl",Chips popcorn o dyl,3.0,g
7259,Chips vete m. baconsmak,"Natrium, Na",Chips popcorn o dyl,1198.0,mg
7259,Chips vete m. baconsmak,Monosackarider,Chips popcorn o dyl,0.1,g
7259,Chips vete m. baconsmak,"Sockerarter, totalt",Chips popcorn o dyl,2.7,g
7259,Chips vete m. baconsmak,Summa enkelomättade fettsyror,Chips popcorn o dyl,6.6,g
7259,Chips vete m. baconsmak,"Magnesium, Mg",Chips popcorn o dyl,18.0,mg
7259,Chips vete m. baconsmak,Summa mättade fettsyror,Chips popcorn o dyl,2.5,g
7259,Chips vete m. baconsmak,"Kolhydrater, tillgängliga",Chips popcorn o dyl,54.4,g
7259,Chips vete m. baconsmak,Kolesterol,Chips popcorn o dyl,0.0,mg
7259,Chips vete m. baconsmak,"Kalium, K",Chips popcorn o dyl,81.0,mg
7259,Chips vete m. baconsmak,"Jod, I",Chips popcorn o dyl,2.8,µg
7259,Chips vete m. baconsmak,Fullkorn totalt,Chips popcorn o dyl,0.0,g
7259,Chips vete m. baconsmak,"Folat, totalt",Chips popcorn o dyl,10.0,µg
7259,Chips vete m. baconsmak,Fibrer,Chips popcorn o dyl,2.6,g
7259,Chips vete m. baconsmak,"Fett, totalt",Chips popcorn o dyl,23.7,g
7259,Chips vete m. baconsmak,"Järn, Fe",Chips popcorn o dyl,0.5,mg
7259,Chips vete m. baconsmak,Energi (kJ),Chips popcorn o dyl,1929.0,kJ
7259,Chips vete m. baconsmak,Energi (kcal),Chips popcorn o dyl,461.0,kcal
7259,Chips vete m. baconsmak,Disackarider,Chips popcorn o dyl,2.6,g
7259,Chips vete m. baconsmak,"Kalcium, Ca",Chips popcorn o dyl,17.0,mg
7259,Chips vete m. baconsmak,Fettsyra 4:0-10:0,Chips popcorn o dyl,0.0,g
7259,Chips vete m. baconsmak,DHA (C22:6),Chips popcorn o dyl,0.0,g
7259,Chips vete m. baconsmak,DPA (C22:5),Chips popcorn o dyl,0.0,g
7259,Chips vete m. baconsmak,EPA (C20:5),Chips popcorn o dyl,0.0,g
7259,Chips vete m. baconsmak,Arakidonsyra C20:4,Chips popcorn o dyl,0.0,g
7259,Chips vete m. baconsmak,Arakidinsyra C20:0,Chips popcorn o dyl,0.1,g
7259,Chips vete m. baconsmak,Linolensyra C18:3,Chips popcorn o dyl,0.1,g
7259,Chips vete m. baconsmak,Linolsyra C18:2,Chips popcorn o dyl,13.1,g
7259,Chips vete m. baconsmak,Oljesyra C18:1,Chips popcorn o dyl,6.5,g
7259,Chips vete m. baconsmak,Stearinsyra C18:0,Chips popcorn o dyl,0.7,g
7259,Chips vete m. baconsmak,Palmitoljesyra C16:1,Chips popcorn o dyl,0.0,g
7259,Chips vete m. baconsmak,Palmitinsyra C16:0,Chips popcorn o dyl,1.5,g
7259,Chips vete m. baconsmak,Myristinsyra C14:0,Chips popcorn o dyl,0.0,g
7259,Chips vete m. baconsmak,Laurinsyra C12:0,Chips popcorn o dyl,0.0,g
7259,Chips vete m. baconsmak,Betakaroten/β-Karoten,Chips popcorn o dyl,6.0,µg
7259,Chips vete m. baconsmak,Avfall (skal etc.),Chips popcorn o dyl,0.0,%
7259,Chips vete m. baconsmak,Aska,Chips popcorn o dyl,3.4,g
7259,Chips vete m. baconsmak,Alkohol,Chips popcorn o dyl,0.0,g
